id,nom,secteur,ville,telephone,email,site,taille,type,source,note_google,statut,date_collecte,qualite
BJ-038B5080,MTN Bénin,BTP & Immobilier,Cotonou,+229 68 20 61 26,contact@mtn.bj,,PME (10-50),B2C,Google Maps,3.6,Actif,2026-06-28T23:54:33.086419,haute
BJ-CD66B785,Ets SARL,BTP & Immobilier,Cotonou,+229 37 77 14 67,agro.benin@gmail.com,,PME (50-200),B2B,Google Maps,4.8,Actif,2026-06-28T23:54:33.086500,moyenne
BJ-1EB77635,BOAD,BTP & Immobilier,Cotonou,+229 80 93 20 51,,,PME (10-50),B2B/B2C,Google Maps,3.5,Actif,2026-06-28T23:54:33.086541,haute
BJ-138FBC87,West Africa Ecobank Cotonou,BTP & Immobilier,Cotonou,+229 31 28 39 20,ecobank.benin@ecobank.com,,TPE (<10),B2B,Google Maps,3.5,Actif,2026-06-28T23:54:33.086578,haute
BJ-AE5D520D,Ecobank Ets,BTP & Immobilier,Cotonou,+229 88 57 14 87,ecobank.benin@ecobank.com,ecobank.com,PME (50-200),B2B,Google Maps,4.4,Actif,2026-06-28T23:54:33.086621,haute
BJ-433E138F,Ecobank Centre,BTP & Immobilier,Cotonou,+229 74 82 33 92,,ecobank.com,PME (50-200),B2B,Google Maps,4.4,Actif,2026-06-28T23:54:33.086662,haute
BJ-B28799F2,DHL Cotonou,BTP & Immobilier,Cotonou,+229 58 85 15 35,cotonou@dhl.com,,TPE (<10),B2B,Google Maps,4.9,Actif,2026-06-28T23:54:33.086715,haute
BJ-5208CDC4,SONAPRA SA Cotonou,BTP & Immobilier,Cotonou,+229 89 79 87 12,sonapra@sonapra.bj,,PME (10-50),B2B,Google Maps,4.5,Actif,2026-06-28T23:54:33.086769,moyenne
BJ-A6B3F8A2,Ets Centre Cotonou,BTP & Immobilier,Cotonou,+229 57 90 98 81,,,PME (10-50),B2C,Google Maps,3.2,Actif,2026-06-28T23:54:33.086808,moyenne
BJ-80A2DC9D,Cabinet Bureau,BTP & Immobilier,Cotonou,+229 90 58 52 75,arch.design@gmail.com,,TPE (<10),B2C,Google Maps,4.2,Actif,2026-06-28T23:54:33.086846,moyenne
BJ-389CE25E,Clinique Saint Luc Cotonou Cotonou,BTP & Immobilier,Cotonou,+229 95 92 45 73,stluc@cliniquestluc.bj,,Grande (>200),B2B,Google Maps,4.8,Actif,2026-06-28T23:54:33.086884,haute
BJ-98E3929F,Université SA,BTP & Immobilier,Cotonou,+229 41 85 33 36,rectorat@uac.bj,uac.bj,Grande (>200),B2B/B2C,Google Maps,4.0,Actif,2026-06-28T23:54:33.086934,haute
BJ-25B653AC,Cabinet Cotonou,BTP & Immobilier,Cotonou,+229 86 98 42 21,,,TPE (<10),B2B,Google Maps,4.8,Actif,2026-06-28T23:54:33.086954,moyenne
BJ-2CECEFD0,BCEAO Ets,BTP & Immobilier,Cotonou,+229 27 50 23 79,agro.benin@gmail.com,,TPE (<10),B2B,Google Maps,4.4,Actif,2026-06-28T23:54:33.086983,moyenne
BJ-67AB5597,Africa Université,BTP & Immobilier,Cotonou,+229 63 51 89 54,,,PME (50-200),B2B/B2C,Google Maps,4.1,Actif,2026-06-28T23:54:33.087002,haute
BJ-1827391F,Moov Africa Bénin,BTP & Immobilier,Abomey-Calavi,+229 73 91 82 70,moov@moov.bj,,TPE (<10),B2B,Google Maps,4.6,Actif,2026-06-28T23:54:33.087069,haute
BJ-49B3520E,Clinique,BTP & Immobilier,Abomey-Calavi,+229 32 56 11 46,,cliniquestluc.bj,PME (10-50),B2C,Google Maps,4.7,Actif,2026-06-28T23:54:33.087105,haute
BJ-92A36FEA,SERHAU-SEM,BTP & Immobilier,Abomey-Calavi,+229 73 82 37 51,info@serhau.bj,,PME (50-200),B2B/B2C,Google Maps,4.8,Actif,2026-06-28T23:54:33.087157,haute
BJ-7EE8F031,Restaurant Le Jardin de l'Amazone Abomey-Calavi,BTP & Immobilier,Abomey-Calavi,+229 98 37 11 76,amazone.cotonou@gmail.com,,TPE (<10),B2C,Google Maps,3.6,Actif,2026-06-28T23:54:33.087198,moyenne
BJ-7BE8B073,NSIA,BTP & Immobilier,Abomey-Calavi,+229 71 79 84 96,,,PME (10-50),B2B,Google Maps,4.5,Actif,2026-06-28T23:54:33.087236,haute
BJ-B374875C,Restaurant Abomey-Calavi,BTP & Immobilier,Abomey-Calavi,+229 39 22 88 31,,,PME (10-50),B2B/B2C,Google Maps,3.1,Actif,2026-06-28T23:54:33.087274,moyenne
BJ-2DA0FEA8,Bénin NSIA,BTP & Immobilier,Abomey-Calavi,+229 74 75 94 56,nsia.benin@nsiaassurances.com,,PME (50-200),B2C,Google Maps,4.8,Actif,2026-06-28T23:54:33.087302,haute
BJ-4B6D0C1D,SONAPRA Bureau,BTP & Immobilier,Abomey-Calavi,+229 43 83 20 88,sonapra@sonapra.bj,,PME (50-200),B2B/B2C,Google Maps,4.2,Actif,2026-06-28T23:54:33.087334,moyenne
BJ-F039BA69,DHL Express Bénin,BTP & Immobilier,Abomey-Calavi,+229 98 11 76 41,,,TPE (<10),B2B,Google Maps,4.4,Actif,2026-06-28T23:54:33.087381,haute
BJ-5BF7CD31,Bénin SOBEBRA Abomey-Calavi,BTP & Immobilier,Abomey-Calavi,+229 69 97 54 33,,,TPE (<10),B2C,Google Maps,3.9,Actif,2026-06-28T23:54:33.087421,moyenne
BJ-BA386D1F,Ets Agro-Bénin Abomey-Calavi,BTP & Immobilier,Abomey-Calavi,+229 21 33 89 27,agro.benin@gmail.com,,PME (10-50),B2B/B2C,Google Maps,3.9,Actif,2026-06-28T23:54:33.087442,moyenne
BJ-9C231E49,Hôtel SA Abomey-Calavi,BTP & Immobilier,Abomey-Calavi,+229 94 11 93 78,hotel.lac@yahoo.fr,,PME (50-200),B2C,Google Maps,5.0,Actif,2026-06-28T23:54:33.087461,moyenne
BJ-E2404863,West Africa Restaurant,BTP & Immobilier,Abomey-Calavi,+229 31 75 35 70,amazone.cotonou@gmail.com,,PME (10-50),B2B/B2C,Google Maps,3.7,Actif,2026-06-28T23:54:33.087479,moyenne
BJ-E37C1B35,BOAD Agence Cotonou Abomey-Calavi,BTP & Immobilier,Abomey-Calavi,+229 56 28 58 26,boad@boad.org,,PME (10-50),B2B,Google Maps,4.1,Actif,2026-06-28T23:54:33.087495,haute
BJ-22622B7C,Restaurant Le Jardin de l'Amazone,BTP & Immobilier,Abomey-Calavi,+229 48 77 96 86,amazone.cotonou@gmail.com,,TPE (<10),B2B,Google Maps,5.0,Actif,2026-06-28T23:54:33.087511,moyenne
BJ-8E8BE401,NSIA,BTP & Immobilier,Porto-Novo,+229 85 56 35 49,,,Grande (>200),B2C,Google Maps,3.7,Actif,2026-06-28T23:54:33.087547,haute
BJ-2F3CDCCB,Groupe Centre,BTP & Immobilier,Porto-Novo,+229 87 90 87 40,,,PME (50-200),B2C,Google Maps,3.6,Actif,2026-06-28T23:54:33.087565,moyenne
BJ-2416A974,Bénin Jumia Porto-Novo,BTP & Immobilier,Porto-Novo,+229 47 39 86 65,benin@jumia.com,,PME (10-50),B2C,Google Maps,3.4,Actif,2026-06-28T23:54:33.087582,haute
BJ-6FCD52AE,Cabinet Arch-Design Bénin,BTP & Immobilier,Porto-Novo,+229 33 21 42 39,arch.design@gmail.com,,Grande (>200),B2B/B2C,Google Maps,5.0,Actif,2026-06-28T23:54:33.087605,moyenne
BJ-F0B3705B,Jumia Cabinet Porto-Novo,BTP & Immobilier,Porto-Novo,+229 54 10 97 82,benin@jumia.com,jumia.com.bj,PME (10-50),B2B/B2C,Google Maps,4.1,Actif,2026-06-28T23:54:33.087622,haute
BJ-A890E01F,Africa Pharmaquick,BTP & Immobilier,Porto-Novo,+229 48 50 74 49,pharmaquick@gmail.com,,Grande (>200),B2B/B2C,Google Maps,4.9,Actif,2026-06-28T23:54:33.087638,moyenne
BJ-07176C63,Score Supermarché,BTP & Immobilier,Porto-Novo,+229 66 45 23 43,,,Grande (>200),B2B/B2C,Google Maps,4.3,Actif,2026-06-28T23:54:33.087654,haute
BJ-BDCDB3F6,Novotel SARL Porto-Novo,BTP & Immobilier,Porto-Novo,+229 38 92 92 66,h5436@accor.com,,PME (50-200),B2B/B2C,Google Maps,4.3,Actif,2026-06-28T23:54:33.087671,haute
BJ-DDD666F6,Jumia Bénin Porto-Novo,BTP & Immobilier,Porto-Novo,+229 55 21 22 63,benin@jumia.com,,PME (50-200),B2B/B2C,Google Maps,4.3,Actif,2026-06-28T23:54:33.087693,haute
BJ-53C338EB,SERHAU-SEM,BTP & Immobilier,Porto-Novo,+229 83 11 29 93,info@serhau.bj,serhau.bj,Grande (>200),B2B/B2C,Google Maps,3.6,Actif,2026-06-28T23:54:33.087714,haute
BJ-52428D8A,Bénin Digital,BTP & Immobilier,Porto-Novo,+229 86 24 61 54,digital.benin@gmail.com,,Grande (>200),B2C,Google Maps,4.2,Actif,2026-06-28T23:54:33.087733,moyenne
BJ-848A9A63,Novotel Cotonou Porto-Novo,BTP & Immobilier,Porto-Novo,+229 62 44 42 39,,novotel.com,Grande (>200),B2C,Google Maps,4.5,Actif,2026-06-28T23:54:33.087749,haute
BJ-12CB9AD9,Restaurant Le Jardin de l'Amazone,BTP & Immobilier,Porto-Novo,+229 96 26 29 30,amazone.cotonou@gmail.com,,Grande (>200),B2B/B2C,Google Maps,3.4,Actif,2026-06-28T23:54:33.087765,moyenne
BJ-504A9960,Pharmaquick SA,BTP & Immobilier,Porto-Novo,+229 52 30 82 38,pharmaquick@gmail.com,,TPE (<10),B2B,Google Maps,3.3,Actif,2026-06-28T23:54:33.087786,moyenne
BJ-F3524F9E,Ecobank SARL,BTP & Immobilier,Porto-Novo,+229 77 19 93 57,ecobank.benin@ecobank.com,ecobank.com,TPE (<10),B2B,Google Maps,4.5,Actif,2026-06-28T23:54:33.087824,haute
BJ-75123B8D,BCEAO EPAC,BTP & Immobilier,Parakou,+229 82 54 14 47,epac@epac.uac.bj,,Grande (>200),B2C,Google Maps,3.9,Actif,2026-06-28T23:54:33.087953,haute
BJ-D6B52CBB,SERHAU-SEM,BTP & Immobilier,Parakou,+229 73 64 75 27,info@serhau.bj,serhau.bj,PME (10-50),B2C,Google Maps,3.2,Actif,2026-06-28T23:54:33.087983,haute
BJ-3F9FA374,Digital Benin,BTP & Immobilier,Parakou,+229 79 46 15 29,,,PME (10-50),B2B/B2C,Google Maps,4.2,Actif,2026-06-28T23:54:33.088011,moyenne
BJ-0B0C0234,BCEAO Ets Parakou,BTP & Immobilier,Parakou,+229 26 40 54 42,,,PME (10-50),B2B/B2C,Google Maps,4.0,Actif,2026-06-28T23:54:33.088040,moyenne
BJ-01AE97C0,Score Supermarché,BTP & Immobilier,Parakou,+229 75 96 98 12,score@score-benin.com,,PME (50-200),B2B,Google Maps,3.9,Actif,2026-06-28T23:54:33.088070,haute
BJ-2042C6FC,SONAPRA Ets Parakou,BTP & Immobilier,Parakou,+229 29 17 21 95,sonapra@sonapra.bj,,PME (10-50),B2B,Google Maps,4.0,Actif,2026-06-28T23:54:33.088100,moyenne
BJ-152C7F1D,NSIA Assurances Bénin,BTP & Immobilier,Parakou,+229 54 66 65 78,,,PME (50-200),B2C,Google Maps,4.8,Actif,2026-06-28T23:54:33.088132,haute
BJ-62DE9732,DHL Centre,BTP & Immobilier,Parakou,+229 42 58 64 40,cotonou@dhl.com,dhl.com,Grande (>200),B2B/B2C,Google Maps,4.4,Actif,2026-06-28T23:54:33.088161,haute
BJ-1FAE8363,NSIA Ets,BTP & Immobilier,Parakou,+229 72 20 50 80,nsia.benin@nsiaassurances.com,,PME (50-200),B2B,Google Maps,3.0,Actif,2026-06-28T23:54:33.088200,haute
BJ-40627293,BOAD Cabinet,BTP & Immobilier,Parakou,+229 47 87 66 83,boad@boad.org,boad.org,TPE (<10),B2B,Google Maps,3.2,Actif,2026-06-28T23:54:33.088228,haute
BJ-6C361210,Bénin HAMMER,BTP & Immobilier,Parakou,+229 29 29 87 97,,hammer.bj,Grande (>200),B2B,Google Maps,3.8,Actif,2026-06-28T23:54:33.088257,haute
BJ-59886261,West Africa CNHU-HKM,BTP & Immobilier,Parakou,+229 52 17 25 21,contact@cnhu.bj,cnhu.bj,TPE (<10),B2B/B2C,Google Maps,3.5,Actif,2026-06-28T23:54:33.088291,haute
BJ-2A3EE99D,MTN Mobile Money Bénin Parakou,BTP & Immobilier,Parakou,+229 81 90 56 19,momo@mtn.bj,,PME (10-50),B2C,Google Maps,4.2,Actif,2026-06-28T23:54:33.088324,haute
BJ-2DDA9041,Africa Score,BTP & Immobilier,Parakou,+229 85 87 13 71,,,PME (50-200),B2B/B2C,Google Maps,3.3,Actif,2026-06-28T23:54:33.088352,haute
BJ-00F54C53,HAMMER,BTP & Immobilier,Parakou,+229 81 90 15 93,,hammer.bj,PME (50-200),B2C,Google Maps,3.9,Actif,2026-06-28T23:54:33.088381,haute
BJ-4592D47D,HAMMER,Commerce & Distribution,Cotonou,+229 61 40 98 12,info@hammer.bj,,PME (50-200),B2B/B2C,Google Maps,4.4,Actif,2026-06-28T23:54:33.088435,haute
BJ-B8FF0B39,Bénin Groupe Cotonou,Commerce & Distribution,Cotonou,+229 94 37 37 72,,,PME (50-200),B2C,Google Maps,4.2,Actif,2026-06-28T23:54:33.088478,moyenne
BJ-B5F746A8,SOBEBRA Transport,Commerce & Distribution,Cotonou,+229 21 97 21 98,transport@sobebra.bj,,PME (10-50),B2B,Google Maps,3.3,Actif,2026-06-28T23:54:33.088517,moyenne
BJ-0AF31F59,CFAO Motors Bénin Cotonou,Commerce & Distribution,Cotonou,+229 80 32 49 27,cfao.benin@cfao.com,cfao.com,Grande (>200),B2B,Google Maps,4.3,Actif,2026-06-28T23:54:33.088557,haute
BJ-ECDCD7C6,SOBETRAP SA,Commerce & Distribution,Cotonou,+229 25 37 89 94,contact@sobetrap.bj,sobetrap.bj,PME (10-50),B2B,Google Maps,3.1,Actif,2026-06-28T23:54:33.088596,haute
BJ-799FCB1D,Ecobank SA,Commerce & Distribution,Cotonou,+229 82 43 26 79,ecobank.benin@ecobank.com,ecobank.com,PME (10-50),B2C,Google Maps,3.9,Actif,2026-06-28T23:54:33.088650,haute
BJ-71E7DB1B,Hôtel Bureau,Commerce & Distribution,Cotonou,+229 85 64 55 14,,,Grande (>200),B2B,Google Maps,3.2,Actif,2026-06-28T23:54:33.088693,moyenne
BJ-3B4051D8,SOBEBRA Cotonou,Commerce & Distribution,Cotonou,+229 98 50 46 49,transport@sobebra.bj,,Grande (>200),B2B,Google Maps,4.8,Actif,2026-06-28T23:54:33.088731,moyenne
BJ-6E746A85,Africa Groupe Cotonou,Commerce & Distribution,Cotonou,+229 28 52 62 54,,,PME (50-200),B2B/B2C,Google Maps,4.3,Actif,2026-06-28T23:54:33.088774,moyenne
BJ-E2798AAF,SERHAU-SEM SARL Cotonou,Commerce & Distribution,Cotonou,+229 82 45 71 63,info@serhau.bj,,PME (10-50),B2C,Google Maps,4.0,Actif,2026-06-28T23:54:33.088818,haute
BJ-591F3968,Africa Ets,Commerce & Distribution,Cotonou,+229 83 87 75 77,agro.benin@gmail.com,,PME (50-200),B2B,Google Maps,3.5,Actif,2026-06-28T23:54:33.088857,moyenne
BJ-314A5022,Africa BOAD,Commerce & Distribution,Cotonou,+229 56 12 76 85,,,PME (10-50),B2C,Google Maps,3.3,Actif,2026-06-28T23:54:33.088985,haute
BJ-9EF7BF5F,Groupe Collines Immobilier,Commerce & Distribution,Cotonou,+229 47 59 63 95,collines.immo@yahoo.fr,,PME (50-200),B2B,Google Maps,4.8,Actif,2026-06-28T23:54:33.089041,moyenne
BJ-0F72932D,Ecobank Bénin,Commerce & Distribution,Cotonou,+229 77 49 27 56,,,Grande (>200),B2C,Google Maps,4.0,Actif,2026-06-28T23:54:33.089092,haute
BJ-40E36D36,Ets Groupe,Commerce & Distribution,Cotonou,+229 39 74 85 65,,,TPE (<10),B2C,Google Maps,3.4,Actif,2026-06-28T23:54:33.089132,moyenne
BJ-660DC9A4,West Africa SERHAU-SEM,Commerce & Distribution,Abomey-Calavi,+229 27 33 95 81,info@serhau.bj,,PME (10-50),B2C,Google Maps,3.4,Actif,2026-06-28T23:54:33.089217,haute
BJ-7E7A8EE8,MTN Mobile Money Bénin Abomey-Calavi,Commerce & Distribution,Abomey-Calavi,+229 88 68 33 95,,mtn.bj,TPE (<10),B2B,Google Maps,3.9,Actif,2026-06-28T23:54:33.089260,haute
BJ-D1BF46ED,Novotel Cotonou Abomey-Calavi,Commerce & Distribution,Abomey-Calavi,+229 40 99 94 74,h5436@accor.com,novotel.com,TPE (<10),B2C,Google Maps,3.1,Actif,2026-06-28T23:54:33.089302,haute
BJ-85E566E4,SOBEBRA Groupe Abomey-Calavi,Commerce & Distribution,Abomey-Calavi,+229 93 78 76 16,,,PME (50-200),B2B,Google Maps,4.0,Actif,2026-06-28T23:54:33.089351,moyenne
BJ-30ED72DF,Cabinet Arch-Design Bénin,Commerce & Distribution,Abomey-Calavi,+229 42 69 92 71,,,Grande (>200),B2B,Google Maps,3.0,Actif,2026-06-28T23:54:33.089395,moyenne
BJ-94CE98CE,Bénin Score Abomey-Calavi,Commerce & Distribution,Abomey-Calavi,+229 47 63 37 19,,score-benin.com,PME (50-200),B2B,Google Maps,4.0,Actif,2026-06-28T23:54:33.089440,haute
BJ-CA7D56B8,DHL Express Bénin Abomey-Calavi,Commerce & Distribution,Abomey-Calavi,+229 85 93 69 78,cotonou@dhl.com,,PME (50-200),B2C,Google Maps,4.4,Actif,2026-06-28T23:54:33.089485,haute
BJ-32808CF6,SOBEBRA Centre,Commerce & Distribution,Abomey-Calavi,+229 37 41 93 64,,,PME (50-200),B2B,Google Maps,4.7,Actif,2026-06-28T23:54:33.089526,moyenne
BJ-94AFBB85,HAMMER BENIN,Commerce & Distribution,Abomey-Calavi,+229 51 91 39 66,info@hammer.bj,,PME (50-200),B2C,Google Maps,4.5,Actif,2026-06-28T23:54:33.089574,haute
BJ-9417D168,Novotel Centre Abomey-Calavi,Commerce & Distribution,Abomey-Calavi,+229 62 75 69 34,h5436@accor.com,novotel.com,Grande (>200),B2B,Google Maps,4.2,Actif,2026-06-28T23:54:33.089653,haute
BJ-CA858A5E,Bénin Novotel Abomey-Calavi,Commerce & Distribution,Abomey-Calavi,+229 65 70 83 77,h5436@accor.com,,PME (50-200),B2B,Google Maps,5.0,Actif,2026-06-28T23:54:33.089697,haute
BJ-23C2761E,Clinique Saint Luc Cotonou,Commerce & Distribution,Abomey-Calavi,+229 74 72 21 10,stluc@cliniquestluc.bj,cliniquestluc.bj,PME (50-200),B2B/B2C,Google Maps,3.1,Actif,2026-06-28T23:54:33.089737,haute
BJ-669009FA,West Africa Digital,Commerce & Distribution,Abomey-Calavi,+229 61 71 91 19,,,Grande (>200),B2B,Google Maps,4.7,Actif,2026-06-28T23:54:33.089777,moyenne
BJ-6B356A65,BCEAO CNHU-HKM Abomey-Calavi,Commerce & Distribution,Abomey-Calavi,+229 44 94 71 43,contact@cnhu.bj,,PME (10-50),B2C,Google Maps,4.2,Actif,2026-06-28T23:54:33.089818,haute
BJ-B92C6326,BCEAO Digital,Commerce & Distribution,Porto-Novo,+229 65 48 91 72,digital.benin@gmail.com,,PME (50-200),B2B,Google Maps,3.6,Actif,2026-06-28T23:54:33.089885,moyenne
BJ-A0DABB43,SERHAU-SEM SARL Porto-Novo,Commerce & Distribution,Porto-Novo,+229 90 97 21 68,info@serhau.bj,serhau.bj,Grande (>200),B2B,Google Maps,3.7,Actif,2026-06-28T23:54:33.089948,haute
BJ-5EA2F5EE,Score Porto-Novo,Commerce & Distribution,Porto-Novo,+229 38 82 49 21,,score-benin.com,PME (10-50),B2B/B2C,Google Maps,3.7,Actif,2026-06-28T23:54:33.089988,haute
BJ-E5018951,Restaurant,Commerce & Distribution,Porto-Novo,+229 84 11 40 61,,,TPE (<10),B2B,Google Maps,3.2,Actif,2026-06-28T23:54:33.090043,moyenne
BJ-4B5ABBE5,SOBEBRA SA Porto-Novo,Commerce & Distribution,Porto-Novo,+229 80 83 86 54,transport@sobebra.bj,,TPE (<10),B2C,Google Maps,3.8,Actif,2026-06-28T23:54:33.090084,moyenne
BJ-91036F97,Restaurant SARL,Commerce & Distribution,Porto-Novo,+229 39 47 67 70,,,PME (10-50),B2B,Google Maps,3.7,Actif,2026-06-28T23:54:33.090121,moyenne
BJ-55DA66D1,Université d'Abomey-Calavi Porto-Novo,Commerce & Distribution,Porto-Novo,+229 63 34 62 83,rectorat@uac.bj,,Grande (>200),B2B/B2C,Google Maps,4.4,Actif,2026-06-28T23:54:33.090174,haute
BJ-86AB221B,AGS Cabinet,Commerce & Distribution,Porto-Novo,+229 86 84 19 34,ags.benin@agsfidal.com,,Grande (>200),B2B,Google Maps,3.6,Actif,2026-06-28T23:54:33.090216,moyenne
BJ-093FADB6,MTN,Commerce & Distribution,Porto-Novo,+229 60 65 47 60,momo@mtn.bj,,TPE (<10),B2B,Google Maps,3.1,Actif,2026-06-28T23:54:33.090258,haute
BJ-9AF6CCCE,Africa MTN Porto-Novo,Commerce & Distribution,Porto-Novo,+229 43 11 72 79,momo@mtn.bj,mtn.bj,TPE (<10),B2B,Google Maps,4.3,Actif,2026-06-28T23:54:33.090300,haute
BJ-9F664A1A,CNHU-HKM,Commerce & Distribution,Porto-Novo,+229 97 37 58 93,,cnhu.bj,Grande (>200),B2B,Google Maps,4.3,Actif,2026-06-28T23:54:33.090340,haute
BJ-3FD3F53D,BCEAO Novotel Porto-Novo,Commerce & Distribution,Porto-Novo,+229 41 30 25 30,,,PME (10-50),B2B/B2C,Google Maps,3.5,Actif,2026-06-28T23:54:33.090379,haute
BJ-F876CE3D,EPAC,Commerce & Distribution,Porto-Novo,+229 46 67 97 80,epac@epac.uac.bj,,PME (10-50),B2C,Google Maps,4.2,Actif,2026-06-28T23:54:33.090433,haute
BJ-FD41B032,Groupe SARL,Commerce & Distribution,Porto-Novo,+229 55 46 62 89,,,PME (10-50),B2B,Google Maps,3.5,Actif,2026-06-28T23:54:33.090495,moyenne
BJ-CE70DD09,SOBETRAP Bureau,Commerce & Distribution,Porto-Novo,+229 39 19 96 55,contact@sobetrap.bj,,PME (10-50),B2C,Google Maps,4.1,Actif,2026-06-28T23:54:33.090543,haute
BJ-59A7197A,MTN Bénin,Commerce & Distribution,Parakou,+229 56 74 93 17,contact@mtn.bj,mtn.bj,PME (10-50),B2C,Google Maps,3.8,Actif,2026-06-28T23:54:33.090625,haute
BJ-964797E7,Digital Groupe Parakou,Commerce & Distribution,Parakou,+229 93 97 21 64,,,PME (50-200),B2B,Google Maps,3.1,Actif,2026-06-28T23:54:33.090672,moyenne
BJ-27BC2510,Université Bureau,Commerce & Distribution,Parakou,+229 77 14 22 81,rectorat@uac.bj,uac.bj,PME (10-50),B2C,Google Maps,3.5,Actif,2026-06-28T23:54:33.090746,haute
BJ-55702C4F,NSIA SARL,Commerce & Distribution,Parakou,+229 49 28 33 91,nsia.benin@nsiaassurances.com,,PME (50-200),B2C,Google Maps,3.4,Actif,2026-06-28T23:54:33.090805,haute
BJ-2B2C7DFF,Cabinet Arch-Design Bénin,Commerce & Distribution,Parakou,+229 60 71 42 54,,,Grande (>200),B2B,Google Maps,3.4,Actif,2026-06-28T23:54:33.090853,moyenne
BJ-6EDEA074,West Africa Groupe,Commerce & Distribution,Parakou,+229 68 98 85 98,,,Grande (>200),B2C,Google Maps,4.0,Actif,2026-06-28T23:54:33.090915,moyenne
BJ-BC4F8588,MTN Groupe,Commerce & Distribution,Parakou,+229 86 60 55 45,,mtn.bj,Grande (>200),B2B/B2C,Google Maps,4.3,Actif,2026-06-28T23:54:33.090973,haute
BJ-B06BC48D,Novotel Parakou,Commerce & Distribution,Parakou,+229 58 64 89 78,,,PME (10-50),B2C,Google Maps,3.3,Actif,2026-06-28T23:54:33.091039,haute
BJ-1E0B485B,DHL Bureau,Commerce & Distribution,Parakou,+229 57 96 34 47,cotonou@dhl.com,,Grande (>200),B2C,Google Maps,4.5,Actif,2026-06-28T23:54:33.091156,haute
BJ-319C56AF,Ets Cabinet,Commerce & Distribution,Parakou,+229 41 92 33 31,,,PME (10-50),B2B,Google Maps,3.9,Actif,2026-06-28T23:54:33.091196,moyenne
BJ-96AE51DC,Bénin BOAD Parakou,Commerce & Distribution,Parakou,+229 55 27 63 81,boad@boad.org,boad.org,PME (10-50),B2C,Google Maps,3.1,Actif,2026-06-28T23:54:33.091238,haute
BJ-B21FFC84,CNHU-HKM,Commerce & Distribution,Parakou,+229 52 46 30 86,contact@cnhu.bj,cnhu.bj,PME (10-50),B2B,Google Maps,3.6,Actif,2026-06-28T23:54:33.091281,haute
BJ-79A3CB60,BOAD SA Parakou,Commerce & Distribution,Parakou,+229 58 51 16 45,boad@boad.org,,Grande (>200),B2B/B2C,Google Maps,4.3,Actif,2026-06-28T23:54:33.091322,haute
BJ-23C2EC61,Restaurant Le Jardin de l'Amazone,Commerce & Distribution,Parakou,+229 52 76 19 53,,,PME (50-200),B2B,Google Maps,4.8,Actif,2026-06-28T23:54:33.091365,moyenne
BJ-F256D138,Moov Africa Bénin,Santé & Pharmacie,Cotonou,+229 42 98 88 75,moov@moov.bj,moov.bj,Grande (>200),B2B/B2C,Google Maps,4.6,Actif,2026-06-28T23:54:33.091459,haute
BJ-5E8628C9,West Africa Hôtel,Santé & Pharmacie,Cotonou,+229 75 32 56 31,hotel.lac@yahoo.fr,,PME (10-50),B2B/B2C,Google Maps,3.3,Actif,2026-06-28T23:54:33.091768,moyenne
BJ-F062F6B6,SOBETRAP Bureau,Santé & Pharmacie,Cotonou,+229 90 13 15 63,contact@sobetrap.bj,sobetrap.bj,Grande (>200),B2C,Google Maps,3.4,Actif,2026-06-28T23:54:33.091823,haute
BJ-B4C20388,CFAO Motors Bénin,Santé & Pharmacie,Cotonou,+229 74 50 56 87,cfao.benin@cfao.com,cfao.com,TPE (<10),B2C,Google Maps,3.2,Actif,2026-06-28T23:54:33.091886,haute
BJ-CA55AC4D,Bénin EPAC,Santé & Pharmacie,Cotonou,+229 32 37 47 84,,,Grande (>200),B2B,Google Maps,4.4,Actif,2026-06-28T23:54:33.091995,haute
BJ-66F89E51,Novotel Cotonou,Santé & Pharmacie,Cotonou,+229 95 25 73 69,h5436@accor.com,novotel.com,PME (50-200),B2C,Google Maps,4.3,Actif,2026-06-28T23:54:33.092032,haute
BJ-1C70D4A5,Ecobank Cotonou,Santé & Pharmacie,Cotonou,+229 74 21 59 94,,,TPE (<10),B2C,Google Maps,4.7,Actif,2026-06-28T23:54:33.092070,haute
BJ-52CEC609,AfriTech SA,Santé & Pharmacie,Cotonou,+229 24 48 51 82,,afritech.bj,PME (50-200),B2B,Google Maps,4.6,Actif,2026-06-28T23:54:33.092104,haute
BJ-84E62010,Digital Centre,Santé & Pharmacie,Cotonou,+229 67 84 86 78,,,Grande (>200),B2B,Google Maps,4.8,Actif,2026-06-28T23:54:33.092133,moyenne
BJ-20B6B4E2,Clinique Groupe,Santé & Pharmacie,Cotonou,+229 24 41 44 51,stluc@cliniquestluc.bj,cliniquestluc.bj,TPE (<10),B2B/B2C,Google Maps,3.3,Actif,2026-06-28T23:54:33.092272,haute
BJ-927EF0BE,BCEAO MTN,Santé & Pharmacie,Cotonou,+229 39 75 95 43,contact@mtn.bj,,Grande (>200),B2B,Google Maps,3.7,Actif,2026-06-28T23:54:33.092311,haute
BJ-8E3B7ABE,CNHU-HKM,Santé & Pharmacie,Cotonou,+229 28 26 30 50,contact@cnhu.bj,,PME (50-200),B2B,Google Maps,4.2,Actif,2026-06-28T23:54:33.092353,haute
BJ-1E7F5BEC,Jumia Bénin,Santé & Pharmacie,Cotonou,+229 71 14 40 71,,,PME (10-50),B2B/B2C,Google Maps,3.7,Actif,2026-06-28T23:54:33.092399,haute
BJ-3050C4B5,SOBEBRA Centre,Santé & Pharmacie,Cotonou,+229 53 59 90 57,,,PME (50-200),B2B,Google Maps,3.1,Actif,2026-06-28T23:54:33.092440,moyenne
BJ-978F1C20,Pharmaquick Bénin Abomey-Calavi,Santé & Pharmacie,Abomey-Calavi,+229 71 44 94 41,pharmaquick@gmail.com,,PME (50-200),B2B,Google Maps,4.7,Actif,2026-06-28T23:54:33.092506,moyenne
BJ-42DA13E9,SERHAU-SEM Abomey-Calavi,Santé & Pharmacie,Abomey-Calavi,+229 38 37 44 81,,,PME (10-50),B2B,Google Maps,4.2,Actif,2026-06-28T23:54:33.092543,haute
BJ-719BD834,CNHU-HKM,Santé & Pharmacie,Abomey-Calavi,+229 65 89 16 38,,,PME (10-50),B2C,Google Maps,3.4,Actif,2026-06-28T23:54:33.092571,haute
BJ-F8E56228,Ecobank Bénin,Santé & Pharmacie,Abomey-Calavi,+229 57 27 82 61,ecobank.benin@ecobank.com,ecobank.com,Grande (>200),B2C,Google Maps,3.8,Actif,2026-06-28T23:54:33.092598,haute
BJ-43DDD2A6,AGS Groupe,Santé & Pharmacie,Abomey-Calavi,+229 98 91 17 34,ags.benin@agsfidal.com,,PME (50-200),B2B,Google Maps,4.8,Actif,2026-06-28T23:54:33.092656,moyenne
BJ-18B1E433,West Africa HAMMER,Santé & Pharmacie,Abomey-Calavi,+229 60 59 46 90,info@hammer.bj,,TPE (<10),B2B,Google Maps,4.3,Actif,2026-06-28T23:54:33.092683,haute
BJ-123E1EEF,SERHAU-SEM Bureau Abomey-Calavi,Santé & Pharmacie,Abomey-Calavi,+229 63 68 37 68,info@serhau.bj,,PME (10-50),B2B/B2C,Google Maps,3.5,Actif,2026-06-28T23:54:33.092715,haute
BJ-7289F011,EPAC SARL,Santé & Pharmacie,Abomey-Calavi,+229 48 31 33 23,epac@epac.uac.bj,,TPE (<10),B2C,Google Maps,4.0,Actif,2026-06-28T23:54:33.092756,haute
BJ-680D5AAD,Jumia Cabinet,Santé & Pharmacie,Abomey-Calavi,+229 80 22 23 10,benin@jumia.com,jumia.com.bj,PME (50-200),B2C,Google Maps,3.8,Actif,2026-06-28T23:54:33.092787,haute
BJ-52D971FA,EPAC Bureau Abomey-Calavi,Santé & Pharmacie,Abomey-Calavi,+229 92 38 63 68,epac@epac.uac.bj,,PME (50-200),B2C,Google Maps,4.5,Actif,2026-06-28T23:54:33.092820,haute
BJ-7CD5E305,HAMMER Bureau,Santé & Pharmacie,Abomey-Calavi,+229 58 77 24 42,,hammer.bj,Grande (>200),B2B,Google Maps,3.5,Actif,2026-06-28T23:54:33.092877,haute
BJ-4829039B,AGS Abomey-Calavi,Santé & Pharmacie,Abomey-Calavi,+229 51 90 11 87,ags.benin@agsfidal.com,,TPE (<10),B2C,Google Maps,3.1,Actif,2026-06-28T23:54:33.092933,moyenne
BJ-C404C100,West Africa Cabinet,Santé & Pharmacie,Abomey-Calavi,+229 56 92 74 19,,,PME (10-50),B2B/B2C,Google Maps,4.5,Actif,2026-06-28T23:54:33.092963,moyenne
BJ-8C3AA6A7,Pharmaquick Bénin Porto-Novo,Santé & Pharmacie,Porto-Novo,+229 52 44 26 68,,,PME (10-50),B2B/B2C,Google Maps,3.6,Actif,2026-06-28T23:54:33.093017,moyenne
BJ-D9CFE81A,NSIA Assurances Bénin,Santé & Pharmacie,Porto-Novo,+229 85 42 19 95,nsia.benin@nsiaassurances.com,nsiaassurances.com,TPE (<10),B2B/B2C,Google Maps,4.2,Actif,2026-06-28T23:54:33.093050,haute
BJ-5A1C34D7,AGS Groupe,Santé & Pharmacie,Porto-Novo,+229 87 66 81 92,ags.benin@agsfidal.com,,PME (10-50),B2C,Google Maps,4.2,Actif,2026-06-28T23:54:33.093079,moyenne
BJ-257285EC,Ecobank Groupe Porto-Novo,Santé & Pharmacie,Porto-Novo,+229 66 13 66 56,,,TPE (<10),B2C,Google Maps,4.5,Actif,2026-06-28T23:54:33.093120,haute
BJ-613D266E,Africa SONAPRA Porto-Novo,Santé & Pharmacie,Porto-Novo,+229 54 94 77 72,sonapra@sonapra.bj,,Grande (>200),B2B/B2C,Google Maps,4.3,Actif,2026-06-28T23:54:33.093159,moyenne
BJ-8B2DDF84,NSIA Porto-Novo,Santé & Pharmacie,Porto-Novo,+229 40 81 10 12,nsia.benin@nsiaassurances.com,,TPE (<10),B2C,Google Maps,4.9,Actif,2026-06-28T23:54:33.093199,haute
BJ-B1591BC0,DHL Express Bénin,Santé & Pharmacie,Porto-Novo,+229 90 47 59 92,,,PME (50-200),B2B,Google Maps,4.5,Actif,2026-06-28T23:54:33.093228,haute
BJ-3E468CB6,SOBEBRA SA,Santé & Pharmacie,Porto-Novo,+229 68 99 16 69,transport@sobebra.bj,,Grande (>200),B2C,Google Maps,3.1,Actif,2026-06-28T23:54:33.093270,moyenne
BJ-3F0C023D,Groupe Collines Immobilier,Santé & Pharmacie,Porto-Novo,+229 20 62 69 51,collines.immo@yahoo.fr,,Grande (>200),B2B,Google Maps,4.6,Actif,2026-06-28T23:54:33.093350,moyenne
BJ-9028D80E,Jumia SA,Santé & Pharmacie,Porto-Novo,+229 72 53 45 25,benin@jumia.com,jumia.com.bj,PME (10-50),B2B,Google Maps,4.9,Actif,2026-06-28T23:54:33.093403,haute
BJ-7CAD2490,DHL Ets Porto-Novo,Santé & Pharmacie,Porto-Novo,+229 61 57 41 87,cotonou@dhl.com,dhl.com,Grande (>200),B2B,Google Maps,4.4,Actif,2026-06-28T23:54:33.093441,haute
BJ-A63D67FD,Bénin SOBETRAP,Santé & Pharmacie,Porto-Novo,+229 37 65 13 62,,,PME (10-50),B2C,Google Maps,3.1,Actif,2026-06-28T23:54:33.093475,haute
BJ-3C7DD399,SOBETRAP SA,Santé & Pharmacie,Parakou,+229 39 92 16 71,contact@sobetrap.bj,sobetrap.bj,PME (10-50),B2B,Google Maps,4.2,Actif,2026-06-28T23:54:33.093531,haute
BJ-A816DF99,Africa Moov,Santé & Pharmacie,Parakou,+229 93 87 35 41,moov@moov.bj,moov.bj,PME (50-200),B2C,Google Maps,4.1,Actif,2026-06-28T23:54:33.093570,haute
BJ-3566E6FC,Moov Africa Bénin,Santé & Pharmacie,Parakou,+229 50 15 56 82,moov@moov.bj,moov.bj,TPE (<10),B2B/B2C,Google Maps,4.2,Actif,2026-06-28T23:54:33.093600,haute
BJ-8214A3EE,West Africa Moov,Santé & Pharmacie,Parakou,+229 42 20 51 90,moov@moov.bj,,Grande (>200),B2C,Google Maps,4.8,Actif,2026-06-28T23:54:33.093626,haute
BJ-FEFC15E3,SONAPRA Parakou,Santé & Pharmacie,Parakou,+229 91 14 44 70,sonapra@sonapra.bj,,TPE (<10),B2B,Google Maps,3.1,Actif,2026-06-28T23:54:33.093656,moyenne
BJ-BBCF17D0,West Africa SONAPRA Parakou,Santé & Pharmacie,Parakou,+229 80 21 91 51,sonapra@sonapra.bj,,Grande (>200),B2B,Google Maps,4.1,Actif,2026-06-28T23:54:33.093690,moyenne
BJ-74C9CCE8,MTN SARL,Santé & Pharmacie,Parakou,+229 45 60 91 79,,,PME (10-50),B2B/B2C,Google Maps,4.7,Actif,2026-06-28T23:54:33.093741,haute
BJ-5E5AC6CC,Université d'Abomey-Calavi,Santé & Pharmacie,Parakou,+229 97 85 97 60,,uac.bj,PME (50-200),B2B/B2C,Google Maps,4.8,Actif,2026-06-28T23:54:33.093789,haute
BJ-616E6407,Bénin CFAO Parakou,Santé & Pharmacie,Parakou,+229 73 19 51 19,cfao.benin@cfao.com,cfao.com,PME (50-200),B2C,Google Maps,4.0,Actif,2026-06-28T23:54:33.093835,haute
BJ-F23C77D0,Africa CFAO,Santé & Pharmacie,Parakou,+229 63 64 10 32,,cfao.com,PME (50-200),B2C,Google Maps,3.5,Actif,2026-06-28T23:54:33.093872,haute
BJ-24E97D52,Université Centre Parakou,Santé & Pharmacie,Parakou,+229 44 58 96 96,rectorat@uac.bj,,PME (10-50),B2C,Google Maps,3.5,Actif,2026-06-28T23:54:33.093922,haute
BJ-06DA122A,Novotel SA Parakou,Santé & Pharmacie,Parakou,+229 46 36 10 29,h5436@accor.com,novotel.com,TPE (<10),B2B,Google Maps,4.6,Actif,2026-06-28T23:54:33.093960,haute
BJ-B1B456AB,Bénin Ecobank Parakou,Santé & Pharmacie,Parakou,+229 87 12 79 19,,ecobank.com,PME (50-200),B2C,Google Maps,4.7,Actif,2026-06-28T23:54:33.093991,haute
BJ-4C524463,Ets Ets,Santé & Pharmacie,Parakou,+229 84 32 61 41,,,PME (50-200),B2B/B2C,Google Maps,4.5,Actif,2026-06-28T23:54:33.094018,moyenne
BJ-764C5691,BOAD Agence Cotonou,Santé & Pharmacie,Parakou,+229 67 11 59 77,boad@boad.org,,PME (10-50),B2B,Google Maps,3.4,Actif,2026-06-28T23:54:33.094057,haute
BJ-FC14891A,Score SA,Finance & Assurance,Cotonou,+229 33 48 99 28,score@score-benin.com,,Grande (>200),B2B,Google Maps,3.0,Actif,2026-06-28T23:54:33.094117,haute
BJ-F9C915A5,CNHU-HKM Cotonou,Finance & Assurance,Cotonou,+229 36 52 98 66,contact@cnhu.bj,,Grande (>200),B2B,Google Maps,4.1,Actif,2026-06-28T23:54:33.094137,haute
BJ-16C6385F,West Africa Université,Finance & Assurance,Cotonou,+229 84 66 94 59,rectorat@uac.bj,uac.bj,Grande (>200),B2B,Google Maps,3.3,Actif,2026-06-28T23:54:33.094164,haute
BJ-0ECA7331,MTN Mobile Money Bénin,Finance & Assurance,Cotonou,+229 91 16 22 90,momo@mtn.bj,,PME (10-50),B2B/B2C,Google Maps,4.9,Actif,2026-06-28T23:54:33.094188,haute
BJ-0B599858,Restaurant,Finance & Assurance,Cotonou,+229 25 97 22 54,amazone.cotonou@gmail.com,,TPE (<10),B2B,Google Maps,3.6,Actif,2026-06-28T23:54:33.094213,moyenne
BJ-016CF7C3,Ets Biokou & Frères,Finance & Assurance,Cotonou,+229 39 60 64 93,,,PME (10-50),B2B,Google Maps,4.2,Actif,2026-06-28T23:54:33.094231,moyenne
BJ-D60642C0,CFAO Bureau,Finance & Assurance,Cotonou,+229 56 18 71 10,cfao.benin@cfao.com,,TPE (<10),B2B/B2C,Google Maps,4.2,Actif,2026-06-28T23:54:33.094249,haute
BJ-3746D8EB,West Africa Ets,Finance & Assurance,Cotonou,+229 20 13 15 35,agro.benin@gmail.com,,PME (50-200),B2B/B2C,Google Maps,3.2,Actif,2026-06-28T23:54:33.094282,moyenne
BJ-F151A455,AGS Cotonou,Finance & Assurance,Cotonou,+229 20 95 37 12,ags.benin@agsfidal.com,,PME (50-200),B2B,Google Maps,4.6,Actif,2026-06-28T23:54:33.094299,moyenne
BJ-49CF4DE7,West Africa AGS,Finance & Assurance,Cotonou,+229 90 13 59 98,,,TPE (<10),B2B,Google Maps,3.1,Actif,2026-06-28T23:54:33.094315,moyenne
BJ-43886C23,MTN Cotonou,Finance & Assurance,Cotonou,+229 76 14 49 22,,,Grande (>200),B2B/B2C,Google Maps,3.9,Actif,2026-06-28T23:54:33.094332,haute
BJ-48E26D41,AGS,Finance & Assurance,Cotonou,+229 50 43 49 20,ags.benin@agsfidal.com,,TPE (<10),B2B,Google Maps,4.9,Actif,2026-06-28T23:54:33.094348,moyenne
BJ-8A6147AB,MTN Centre,Finance & Assurance,Abomey-Calavi,+229 41 22 24 87,momo@mtn.bj,,Grande (>200),B2B/B2C,Google Maps,3.7,Actif,2026-06-28T23:54:33.094485,haute
BJ-E47EDACB,NSIA Assurances Bénin Abomey-Calavi,Finance & Assurance,Abomey-Calavi,+229 57 75 24 15,,,PME (10-50),B2C,Google Maps,4.7,Actif,2026-06-28T23:54:33.094506,haute
BJ-E0E40C3A,Novotel Cabinet,Finance & Assurance,Abomey-Calavi,+229 83 72 27 57,h5436@accor.com,,PME (10-50),B2C,Google Maps,3.1,Actif,2026-06-28T23:54:33.094522,haute
BJ-E465D3DA,Moov Cabinet,Finance & Assurance,Abomey-Calavi,+229 91 72 85 49,moov@moov.bj,,Grande (>200),B2B,Google Maps,4.7,Actif,2026-06-28T23:54:33.094556,haute
BJ-69307018,West Africa Novotel Abomey-Calavi,Finance & Assurance,Abomey-Calavi,+229 92 64 59 20,,novotel.com,TPE (<10),B2B,Google Maps,4.6,Actif,2026-06-28T23:54:33.094572,haute
BJ-3DB2FC27,Jumia Bénin Abomey-Calavi,Finance & Assurance,Abomey-Calavi,+229 71 77 99 52,benin@jumia.com,jumia.com.bj,Grande (>200),B2B,Google Maps,4.7,Actif,2026-06-28T23:54:33.094596,haute
BJ-F6FED4D7,SOBETRAP SA,Finance & Assurance,Abomey-Calavi,+229 39 46 37 17,contact@sobetrap.bj,,PME (10-50),B2B,Google Maps,3.9,Actif,2026-06-28T23:54:33.094618,haute
BJ-186BDBDA,Score Cabinet,Finance & Assurance,Abomey-Calavi,+229 68 85 85 99,score@score-benin.com,,Grande (>200),B2C,Google Maps,4.9,Actif,2026-06-28T23:54:33.094637,haute
BJ-B3DF3CC5,HAMMER BENIN Abomey-Calavi,Finance & Assurance,Abomey-Calavi,+229 70 10 55 25,info@hammer.bj,,TPE (<10),B2B,Google Maps,3.4,Actif,2026-06-28T23:54:33.094654,haute
BJ-30E063BC,EPAC - École Polytechnique Abomey-Calavi,Finance & Assurance,Abomey-Calavi,+229 46 40 63 12,epac@epac.uac.bj,,Grande (>200),B2C,Google Maps,3.6,Actif,2026-06-28T23:54:33.094673,haute
BJ-8C0B16B5,West Africa AfriTech,Finance & Assurance,Abomey-Calavi,+229 83 75 21 81,contact@afritech.bj,afritech.bj,PME (10-50),B2C,Google Maps,4.9,Actif,2026-06-28T23:54:33.094689,haute
BJ-C2C7D1F4,Bénin SOBEBRA,Finance & Assurance,Abomey-Calavi,+229 38 26 91 85,transport@sobebra.bj,,TPE (<10),B2B,Google Maps,3.5,Actif,2026-06-28T23:54:33.094706,moyenne
BJ-D18BC4C5,Digital Abomey-Calavi,Finance & Assurance,Abomey-Calavi,+229 82 16 41 12,digital.benin@gmail.com,,Grande (>200),B2B,Google Maps,3.9,Actif,2026-06-28T23:54:33.094722,moyenne
BJ-04BB349D,BCEAO Restaurant,Finance & Assurance,Abomey-Calavi,+229 36 56 84 62,amazone.cotonou@gmail.com,,Grande (>200),B2B/B2C,Google Maps,3.0,Actif,2026-06-28T23:54:33.094739,moyenne
BJ-14E8A3B2,Groupe Porto-Novo,Finance & Assurance,Porto-Novo,+229 94 12 76 49,,,PME (10-50),B2B/B2C,Google Maps,3.2,Actif,2026-06-28T23:54:33.094767,moyenne
BJ-04AF9FEB,BCEAO HAMMER,Finance & Assurance,Porto-Novo,+229 22 41 61 10,info@hammer.bj,,Grande (>200),B2B,Google Maps,3.6,Actif,2026-06-28T23:54:33.094783,haute
BJ-4A59CB6A,West Africa Hôtel Porto-Novo,Finance & Assurance,Porto-Novo,+229 72 90 42 55,,,TPE (<10),B2C,Google Maps,3.1,Actif,2026-06-28T23:54:33.094840,moyenne
BJ-6913A555,Africa Cabinet,Finance & Assurance,Porto-Novo,+229 51 79 14 37,,,TPE (<10),B2C,Google Maps,4.0,Actif,2026-06-28T23:54:33.094856,moyenne
BJ-A8658017,Clinique Groupe Porto-Novo,Finance & Assurance,Porto-Novo,+229 63 32 78 60,stluc@cliniquestluc.bj,cliniquestluc.bj,PME (10-50),B2B,Google Maps,3.2,Actif,2026-06-28T23:54:33.094872,haute
BJ-C55BB40C,Bénin EPAC Porto-Novo,Finance & Assurance,Porto-Novo,+229 32 45 37 61,epac@epac.uac.bj,epac.uac.bj,PME (50-200),B2B,Google Maps,4.5,Actif,2026-06-28T23:54:33.094912,haute
BJ-37C5E046,West Africa MTN,Finance & Assurance,Porto-Novo,+229 42 28 88 74,,,PME (10-50),B2B/B2C,Google Maps,3.2,Actif,2026-06-28T23:54:33.094956,haute
BJ-75570DC7,Africa AGS,Finance & Assurance,Porto-Novo,+229 71 50 14 71,ags.benin@agsfidal.com,,PME (50-200),B2B/B2C,Google Maps,4.2,Actif,2026-06-28T23:54:33.094992,moyenne
BJ-ECD78C35,Clinique Saint Luc Cotonou Porto-Novo,Finance & Assurance,Porto-Novo,+229 60 17 47 22,,cliniquestluc.bj,Grande (>200),B2C,Google Maps,4.9,Actif,2026-06-28T23:54:33.095034,haute
BJ-91A86C90,Ecobank Bénin,Finance & Assurance,Porto-Novo,+229 35 75 68 10,ecobank.benin@ecobank.com,ecobank.com,PME (10-50),B2C,Google Maps,3.4,Actif,2026-06-28T23:54:33.095070,haute
BJ-B5A94C17,West Africa AfriTech,Finance & Assurance,Porto-Novo,+229 78 16 24 24,contact@afritech.bj,,TPE (<10),B2B,Google Maps,5.0,Actif,2026-06-28T23:54:33.095108,haute
BJ-8E8AFE63,SOBEBRA Cabinet,Finance & Assurance,Porto-Novo,+229 79 24 65 47,transport@sobebra.bj,,PME (10-50),B2C,Google Maps,3.0,Actif,2026-06-28T23:54:33.095153,moyenne
BJ-0C51FEB5,Cabinet Bureau,Finance & Assurance,Parakou,+229 59 29 73 90,arch.design@gmail.com,,TPE (<10),B2B,Google Maps,4.0,Actif,2026-06-28T23:54:33.095265,moyenne
BJ-E7AAEAB8,West Africa Ecobank,Finance & Assurance,Parakou,+229 44 26 82 54,ecobank.benin@ecobank.com,,PME (50-200),B2B/B2C,Google Maps,3.9,Actif,2026-06-28T23:54:33.095292,haute
BJ-8349EDC4,SONAPRA SA Parakou,Finance & Assurance,Parakou,+229 89 19 50 91,sonapra@sonapra.bj,,PME (50-200),B2B,Google Maps,4.9,Actif,2026-06-28T23:54:33.095330,moyenne
BJ-C60D69D8,MTN Cabinet,Finance & Assurance,Parakou,+229 32 57 95 26,contact@mtn.bj,,TPE (<10),B2C,Google Maps,4.9,Actif,2026-06-28T23:54:33.095347,haute
BJ-BD3CF461,Ets Biokou & Frères,Finance & Assurance,Parakou,+229 61 44 40 95,,,PME (10-50),B2B/B2C,Google Maps,3.2,Actif,2026-06-28T23:54:33.095365,moyenne
BJ-EA6AE61A,BCEAO SONAPRA,Finance & Assurance,Parakou,+229 88 80 65 47,,,PME (50-200),B2B,Google Maps,4.6,Actif,2026-06-28T23:54:33.095382,moyenne
BJ-925ED07C,Bénin Hôtel Parakou,Finance & Assurance,Parakou,+229 81 72 84 89,,,PME (50-200),B2B/B2C,Google Maps,4.9,Actif,2026-06-28T23:54:33.095425,moyenne
BJ-175FF094,Ecobank Centre,Finance & Assurance,Parakou,+229 53 52 92 19,,,PME (10-50),B2C,Google Maps,3.2,Actif,2026-06-28T23:54:33.095442,haute
BJ-77BBAEA2,EPAC Cabinet,Finance & Assurance,Parakou,+229 74 35 17 95,epac@epac.uac.bj,,Grande (>200),B2B,Google Maps,4.0,Actif,2026-06-28T23:54:33.095459,haute
BJ-7B7BDF04,Bénin Moov,Finance & Assurance,Parakou,+229 29 57 50 41,,,PME (10-50),B2B,Google Maps,3.0,Actif,2026-06-28T23:54:33.095476,haute
BJ-EDE9FEB4,Clinique Saint Luc Cotonou Parakou,Finance & Assurance,Parakou,+229 39 26 15 37,stluc@cliniquestluc.bj,cliniquestluc.bj,PME (50-200),B2B/B2C,Google Maps,3.6,Actif,2026-06-28T23:54:33.095498,haute
BJ-8A4DF373,Clinique Bureau Parakou,Finance & Assurance,Parakou,+229 78 58 71 68,,cliniquestluc.bj,PME (50-200),B2B/B2C,Google Maps,4.0,Actif,2026-06-28T23:54:33.095530,haute
BJ-6E683978,CFAO,Technologie & IT,Cotonou,+229 83 40 25 15,,,TPE (<10),B2B,Google Maps,4.6,Actif,2026-06-28T23:54:33.095564,haute
BJ-4F6DE742,Moov Bureau Cotonou,Technologie & IT,Cotonou,+229 54 83 97 65,moov@moov.bj,moov.bj,Grande (>200),B2B/B2C,Google Maps,3.4,Actif,2026-06-28T23:54:33.095599,haute
BJ-B4462DC4,BOAD Cotonou,Technologie & IT,Cotonou,+229 34 89 66 14,,,TPE (<10),B2B,Google Maps,3.2,Actif,2026-06-28T23:54:33.095621,haute
BJ-3ECF9487,BOAD Agence Cotonou,Technologie & IT,Cotonou,+229 52 40 25 20,boad@boad.org,,PME (50-200),B2B,Google Maps,4.9,Actif,2026-06-28T23:54:33.095637,haute
BJ-C66A7275,Hôtel du Lac Cotonou,Technologie & IT,Cotonou,+229 23 98 23 90,,,Grande (>200),B2B,Google Maps,3.5,Actif,2026-06-28T23:54:33.095656,moyenne
BJ-93D16B4A,BOAD SARL,Technologie & IT,Cotonou,+229 86 29 76 82,boad@boad.org,,Grande (>200),B2B/B2C,Google Maps,5.0,Actif,2026-06-28T23:54:33.095672,haute
BJ-91C5FAE2,SOBETRAP SA Cotonou,Technologie & IT,Cotonou,+229 65 40 43 96,,sobetrap.bj,PME (10-50),B2C,Google Maps,4.3,Actif,2026-06-28T23:54:33.095707,haute
BJ-EF20658E,Moov Groupe Cotonou,Technologie & IT,Cotonou,+229 92 90 22 41,moov@moov.bj,,PME (50-200),B2C,Google Maps,4.9,Actif,2026-06-28T23:54:33.095723,haute
BJ-7475F73A,Africa Clinique,Technologie & IT,Cotonou,+229 61 88 51 18,,cliniquestluc.bj,PME (50-200),B2B,Google Maps,3.6,Actif,2026-06-28T23:54:33.095740,haute
BJ-3BDA6877,NSIA Bureau,Technologie & IT,Cotonou,+229 22 58 55 54,nsia.benin@nsiaassurances.com,nsiaassurances.com,Grande (>200),B2B,Google Maps,3.5,Actif,2026-06-28T23:54:33.095756,haute
BJ-291F4554,HAMMER SA Cotonou,Technologie & IT,Cotonou,+229 41 38 63 66,info@hammer.bj,hammer.bj,Grande (>200),B2C,Google Maps,4.4,Actif,2026-06-28T23:54:33.095773,haute
BJ-5DE22F5C,BCEAO EPAC Cotonou,Technologie & IT,Cotonou,+229 94 28 91 17,epac@epac.uac.bj,epac.uac.bj,PME (50-200),B2B/B2C,Google Maps,4.5,Actif,2026-06-28T23:54:33.095799,haute
BJ-828278C0,AGS Déménagements Bénin Abomey-Calavi,Technologie & IT,Abomey-Calavi,+229 65 54 84 49,ags.benin@agsfidal.com,,PME (50-200),B2B/B2C,Google Maps,3.6,Actif,2026-06-28T23:54:33.095975,moyenne
BJ-16182CEA,BOAD Cabinet Abomey-Calavi,Technologie & IT,Abomey-Calavi,+229 32 52 46 31,,boad.org,PME (10-50),B2B/B2C,Google Maps,3.2,Actif,2026-06-28T23:54:33.096029,haute
BJ-2AF3329D,Moov SARL,Technologie & IT,Abomey-Calavi,+229 46 41 93 39,,,Grande (>200),B2B/B2C,Google Maps,3.3,Actif,2026-06-28T23:54:33.096077,haute
BJ-6A11BD49,Jumia SA,Technologie & IT,Abomey-Calavi,+229 27 92 15 99,,jumia.com.bj,PME (50-200),B2B,Google Maps,3.3,Actif,2026-06-28T23:54:33.096123,haute
BJ-EE090DEC,EPAC Bureau,Technologie & IT,Abomey-Calavi,+229 42 95 60 97,,,Grande (>200),B2B/B2C,Google Maps,3.0,Actif,2026-06-28T23:54:33.096199,haute
BJ-300A777C,Africa SOBEBRA,Technologie & IT,Abomey-Calavi,+229 37 17 85 78,,,PME (50-200),B2B,Google Maps,3.8,Actif,2026-06-28T23:54:33.096240,moyenne
BJ-CB3BB51C,DHL,Technologie & IT,Abomey-Calavi,+229 73 39 98 65,cotonou@dhl.com,dhl.com,PME (50-200),B2C,Google Maps,4.3,Actif,2026-06-28T23:54:33.096300,haute
BJ-4B78D97E,BOAD Ets Abomey-Calavi,Technologie & IT,Abomey-Calavi,+229 39 39 16 52,boad@boad.org,boad.org,PME (50-200),B2B,Google Maps,3.7,Actif,2026-06-28T23:54:33.096360,haute
BJ-E9CB924C,Hôtel Bureau,Technologie & IT,Abomey-Calavi,+229 96 30 61 53,,,PME (50-200),B2B/B2C,Google Maps,3.5,Actif,2026-06-28T23:54:33.096448,moyenne
BJ-B429CBAE,Cabinet Abomey-Calavi,Technologie & IT,Abomey-Calavi,+229 45 22 83 87,arch.design@gmail.com,,PME (50-200),B2B,Google Maps,3.6,Actif,2026-06-28T23:54:33.096496,moyenne
BJ-6FD414B4,HAMMER Groupe,Technologie & IT,Abomey-Calavi,+229 23 77 42 67,,hammer.bj,TPE (<10),B2B,Google Maps,3.3,Actif,2026-06-28T23:54:33.096538,haute
BJ-8509EAD6,Novotel Cotonou,Technologie & IT,Abomey-Calavi,+229 29 36 60 59,h5436@accor.com,,PME (50-200),B2B,Google Maps,3.9,Actif,2026-06-28T23:54:33.096581,haute
BJ-548DC3E1,Moov SA Abomey-Calavi,Technologie & IT,Abomey-Calavi,+229 61 87 86 29,moov@moov.bj,,TPE (<10),B2C,Google Maps,3.9,Actif,2026-06-28T23:54:33.096621,haute
BJ-8A3C5351,SONAPRA Abomey-Calavi,Technologie & IT,Abomey-Calavi,+229 39 89 90 54,sonapra@sonapra.bj,,PME (10-50),B2C,Google Maps,4.9,Actif,2026-06-28T23:54:33.096718,moyenne
BJ-428C4E59,Ecobank Ets,Technologie & IT,Porto-Novo,+229 71 19 25 50,,ecobank.com,Grande (>200),B2B,Google Maps,4.1,Actif,2026-06-28T23:54:33.096806,haute
BJ-F3EEACFE,Université Bureau,Technologie & IT,Porto-Novo,+229 68 27 61 26,rectorat@uac.bj,,Grande (>200),B2C,Google Maps,3.7,Actif,2026-06-28T23:54:33.096854,haute
BJ-9C8D807B,Digital Bureau Porto-Novo,Technologie & IT,Porto-Novo,+229 27 61 69 68,digital.benin@gmail.com,,PME (50-200),B2B/B2C,Google Maps,3.4,Actif,2026-06-28T23:54:33.097118,moyenne
BJ-3731B349,Pharmaquick SARL Porto-Novo,Technologie & IT,Porto-Novo,+229 72 88 45 24,pharmaquick@gmail.com,,Grande (>200),B2B/B2C,Google Maps,4.9,Actif,2026-06-28T23:54:33.097174,moyenne
BJ-557237D8,Bénin EPAC,Technologie & IT,Porto-Novo,+229 56 28 28 57,epac@epac.uac.bj,,Grande (>200),B2C,Google Maps,4.5,Actif,2026-06-28T23:54:33.097208,haute
BJ-73AE8D17,Africa Hôtel,Technologie & IT,Porto-Novo,+229 47 84 86 80,,,PME (50-200),B2C,Google Maps,4.9,Actif,2026-06-28T23:54:33.097247,moyenne
BJ-8DA17D46,BCEAO Jumia,Technologie & IT,Porto-Novo,+229 38 90 74 62,benin@jumia.com,,PME (50-200),B2B/B2C,Google Maps,3.8,Actif,2026-06-28T23:54:33.097285,haute
BJ-E1B84E9D,AGS SA,Technologie & IT,Porto-Novo,+229 63 29 26 69,ags.benin@agsfidal.com,,Grande (>200),B2B/B2C,Google Maps,3.8,Actif,2026-06-28T23:54:33.097326,moyenne
BJ-3676D078,SOBEBRA Transport,Technologie & IT,Porto-Novo,+229 43 57 65 78,transport@sobebra.bj,,TPE (<10),B2B,Google Maps,3.9,Actif,2026-06-28T23:54:33.097379,moyenne
BJ-3489F1BA,Novotel Cotonou,Technologie & IT,Porto-Novo,+229 51 22 94 33,h5436@accor.com,,PME (50-200),B2B/B2C,Google Maps,4.8,Actif,2026-06-28T23:54:33.097421,haute
BJ-E21263D8,Africa SOBEBRA Porto-Novo,Technologie & IT,Porto-Novo,+229 56 90 96 27,transport@sobebra.bj,,TPE (<10),B2B/B2C,Google Maps,3.0,Actif,2026-06-28T23:54:33.097558,moyenne
BJ-C84185D8,Bénin NSIA Parakou,Technologie & IT,Parakou,+229 35 10 17 43,nsia.benin@nsiaassurances.com,,Grande (>200),B2C,Google Maps,3.2,Actif,2026-06-28T23:54:33.097641,haute
BJ-45214E1B,West Africa Score,Technologie & IT,Parakou,+229 20 48 38 23,score@score-benin.com,,PME (50-200),B2C,Google Maps,4.7,Actif,2026-06-28T23:54:33.097696,haute
BJ-C521BA4E,Digital Ets Parakou,Technologie & IT,Parakou,+229 91 96 68 29,digital.benin@gmail.com,,TPE (<10),B2B/B2C,Google Maps,4.7,Actif,2026-06-28T23:54:33.097749,moyenne
BJ-7DF69207,Clinique Saint Luc Cotonou,Technologie & IT,Parakou,+229 20 97 44 96,,cliniquestluc.bj,Grande (>200),B2B/B2C,Google Maps,3.9,Actif,2026-06-28T23:54:33.097778,haute
BJ-92395B83,SERHAU-SEM SARL,Technologie & IT,Parakou,+229 53 66 90 33,info@serhau.bj,,PME (10-50),B2B/B2C,Google Maps,3.2,Actif,2026-06-28T23:54:33.097806,haute
BJ-2FF5C0AA,Restaurant Bureau,Technologie & IT,Parakou,+229 95 72 15 28,amazone.cotonou@gmail.com,,Grande (>200),B2C,Google Maps,4.7,Actif,2026-06-28T23:54:33.097888,moyenne
BJ-4767E2CE,CFAO Motors Bénin,Technologie & IT,Parakou,+229 33 93 79 31,,,PME (50-200),B2C,Google Maps,3.6,Actif,2026-06-28T23:54:33.097996,haute
BJ-0174CC4A,Score SARL Parakou,Technologie & IT,Parakou,+229 92 39 27 43,,,PME (50-200),B2B,Google Maps,4.3,Actif,2026-06-28T23:54:33.098052,haute
BJ-D4BEC5E2,BCEAO SOBETRAP,Technologie & IT,Parakou,+229 51 56 67 86,contact@sobetrap.bj,,TPE (<10),B2C,Google Maps,3.1,Actif,2026-06-28T23:54:33.098126,haute
BJ-87CD59B8,BOAD Agence Cotonou Cotonou,BTP & Immobilier,Cotonou,+229 76 39 77 71,boad@boad.org,boad.org,Grande (>200),B2B/B2C,Facebook Pages,,Actif,2026-06-28T23:54:33.098204,haute
BJ-B8E9BCE2,SONAPRA,BTP & Immobilier,Cotonou,+229 63 77 72 79,sonapra@sonapra.bj,,TPE (<10),B2B/B2C,Facebook Pages,,Actif,2026-06-28T23:54:33.098437,moyenne
BJ-3D2979D7,BOAD Centre,BTP & Immobilier,Cotonou,+229 91 84 83 68,,boad.org,PME (10-50),B2C,Facebook Pages,,Actif,2026-06-28T23:54:33.098534,haute
BJ-7564250C,EPAC SA Cotonou,BTP & Immobilier,Cotonou,+229 51 17 28 24,,epac.uac.bj,PME (10-50),B2B,Facebook Pages,,Actif,2026-06-28T23:54:33.098628,haute
BJ-1AAEF886,Africa Ecobank,BTP & Immobilier,Cotonou,+229 79 37 27 71,,ecobank.com,PME (50-200),B2B/B2C,Facebook Pages,,Actif,2026-06-28T23:54:33.098679,haute
BJ-565EB79A,AfriTech Solutions,BTP & Immobilier,Cotonou,+229 36 72 64 13,,afritech.bj,PME (50-200),B2C,Facebook Pages,,Actif,2026-06-28T23:54:33.098723,haute
BJ-43C00843,Moov Centre,BTP & Immobilier,Cotonou,+229 74 44 29 27,moov@moov.bj,moov.bj,PME (10-50),B2C,Facebook Pages,,Actif,2026-06-28T23:54:33.098766,haute
BJ-AECCEA7D,Bénin BOAD,BTP & Immobilier,Cotonou,+229 25 43 12 77,boad@boad.org,boad.org,PME (10-50),B2B,Facebook Pages,,Actif,2026-06-28T23:54:33.098817,haute
BJ-524F14FD,MTN SA,BTP & Immobilier,Abomey-Calavi,+229 31 41 47 32,contact@mtn.bj,mtn.bj,PME (10-50),B2B,Facebook Pages,,Actif,2026-06-28T23:54:33.098951,haute
BJ-2760F6F1,NSIA Bureau,BTP & Immobilier,Abomey-Calavi,+229 58 88 17 73,nsia.benin@nsiaassurances.com,,TPE (<10),B2B/B2C,Facebook Pages,,Actif,2026-06-28T23:54:33.098999,haute
BJ-EAE08184,AfriTech Solutions,BTP & Immobilier,Abomey-Calavi,+229 38 72 27 35,contact@afritech.bj,afritech.bj,PME (10-50),B2B/B2C,Facebook Pages,,Actif,2026-06-28T23:54:33.099043,haute
BJ-A82BAC55,SONAPRA Ets,BTP & Immobilier,Abomey-Calavi,+229 51 22 37 72,sonapra@sonapra.bj,,PME (50-200),B2B/B2C,Facebook Pages,,Actif,2026-06-28T23:54:33.099085,moyenne
BJ-CA9ADED1,Bénin Université,BTP & Immobilier,Abomey-Calavi,+229 69 31 95 61,,uac.bj,TPE (<10),B2B/B2C,Facebook Pages,,Actif,2026-06-28T23:54:33.099221,haute
BJ-E6E2FCC5,Hôtel,BTP & Immobilier,Abomey-Calavi,+229 24 57 92 74,hotel.lac@yahoo.fr,,PME (10-50),B2B,Facebook Pages,,Actif,2026-06-28T23:54:33.099264,moyenne
BJ-8084E308,Bénin SOBETRAP Abomey-Calavi,BTP & Immobilier,Abomey-Calavi,+229 85 80 94 28,contact@sobetrap.bj,,Grande (>200),B2C,Facebook Pages,,Actif,2026-06-28T23:54:33.099316,haute
BJ-A1E83E94,West Africa Université,BTP & Immobilier,Abomey-Calavi,+229 45 54 66 66,,,TPE (<10),B2B,Facebook Pages,,Actif,2026-06-28T23:54:33.099365,haute
BJ-CA9F19D8,Groupe SA,BTP & Immobilier,Abomey-Calavi,+229 88 55 18 21,,,TPE (<10),B2B,Facebook Pages,,Actif,2026-06-28T23:54:33.099401,moyenne
BJ-16CDE1F5,Pharmaquick,BTP & Immobilier,Abomey-Calavi,+229 47 72 43 77,pharmaquick@gmail.com,,PME (50-200),B2C,Facebook Pages,,Actif,2026-06-28T23:54:33.099434,moyenne
BJ-9C8DB23D,HAMMER Ets,BTP & Immobilier,Abomey-Calavi,+229 41 43 93 41,info@hammer.bj,,PME (10-50),B2B,Facebook Pages,,Actif,2026-06-28T23:54:33.099477,haute
BJ-DC2101BF,Groupe Collines Immobilier,BTP & Immobilier,Abomey-Calavi,+229 50 62 37 59,collines.immo@yahoo.fr,,TPE (<10),B2B/B2C,Facebook Pages,,Actif,2026-06-28T23:54:33.099512,moyenne
BJ-379AF080,Africa MTN,BTP & Immobilier,Abomey-Calavi,+229 26 10 47 38,contact@mtn.bj,mtn.bj,TPE (<10),B2B,Facebook Pages,,Actif,2026-06-28T23:54:33.099552,haute
BJ-FD47B45F,AfriTech Ets Porto-Novo,BTP & Immobilier,Porto-Novo,+229 65 60 68 63,contact@afritech.bj,afritech.bj,PME (50-200),B2B/B2C,Facebook Pages,,Actif,2026-06-28T23:54:33.099606,haute
BJ-C39022C7,Novotel,BTP & Immobilier,Porto-Novo,+229 68 22 49 72,h5436@accor.com,novotel.com,PME (10-50),B2B,Facebook Pages,,Actif,2026-06-28T23:54:33.099642,haute
BJ-0A41DFAA,SONAPRA Porto-Novo,BTP & Immobilier,Porto-Novo,+229 21 98 40 24,sonapra@sonapra.bj,,PME (10-50),B2C,Facebook Pages,,Actif,2026-06-28T23:54:33.099688,moyenne
BJ-2BD4427B,BCEAO Restaurant,BTP & Immobilier,Porto-Novo,+229 33 12 88 65,amazone.cotonou@gmail.com,,TPE (<10),B2C,Facebook Pages,,Actif,2026-06-28T23:54:33.099726,moyenne
BJ-826BDAD1,Pharmaquick Bureau,BTP & Immobilier,Porto-Novo,+229 32 46 55 73,,,TPE (<10),B2C,Facebook Pages,,Actif,2026-06-28T23:54:33.099760,moyenne
BJ-2D7F40D1,HAMMER BENIN,BTP & Immobilier,Porto-Novo,+229 86 51 88 35,,,PME (50-200),B2B,Facebook Pages,,Actif,2026-06-28T23:54:33.099793,haute
BJ-9FC8DA93,Bénin Pharmaquick Porto-Novo,BTP & Immobilier,Porto-Novo,+229 96 92 73 52,pharmaquick@gmail.com,,PME (50-200),B2C,Facebook Pages,,Actif,2026-06-28T23:54:33.099859,moyenne
BJ-47E06ABC,Université SARL,BTP & Immobilier,Porto-Novo,+229 55 80 72 67,,uac.bj,PME (50-200),B2B,Facebook Pages,,Actif,2026-06-28T23:54:33.099943,haute
BJ-EA07266D,BCEAO Ecobank,BTP & Immobilier,Porto-Novo,+229 73 30 98 10,,,TPE (<10),B2B,Facebook Pages,,Actif,2026-06-28T23:54:33.099984,haute
BJ-4F7A8377,SOBEBRA Groupe,BTP & Immobilier,Porto-Novo,+229 74 65 99 55,,,Grande (>200),B2C,Facebook Pages,,Actif,2026-06-28T23:54:33.100016,moyenne
BJ-44178E1D,Groupe Collines Immobilier Porto-Novo,BTP & Immobilier,Porto-Novo,+229 82 90 33 97,collines.immo@yahoo.fr,,TPE (<10),B2B/B2C,Facebook Pages,,Actif,2026-06-28T23:54:33.100049,moyenne
BJ-E08FB28F,BCEAO AfriTech,BTP & Immobilier,Porto-Novo,+229 79 44 69 39,contact@afritech.bj,afritech.bj,Grande (>200),B2B,Facebook Pages,,Actif,2026-06-28T23:54:33.100080,haute
BJ-04FA3EB6,DHL,BTP & Immobilier,Porto-Novo,+229 74 48 68 78,,dhl.com,PME (50-200),B2C,Facebook Pages,,Actif,2026-06-28T23:54:33.100118,haute
BJ-A9E7AECA,Ecobank Bénin,BTP & Immobilier,Parakou,+229 27 27 56 36,ecobank.benin@ecobank.com,ecobank.com,TPE (<10),B2B/B2C,Facebook Pages,,Actif,2026-06-28T23:54:33.100244,haute
BJ-F8045D32,Hôtel Bureau Parakou,BTP & Immobilier,Parakou,+229 75 73 48 32,,,Grande (>200),B2B/B2C,Facebook Pages,,Actif,2026-06-28T23:54:33.100284,moyenne
BJ-E1286B7E,BCEAO Novotel,BTP & Immobilier,Parakou,+229 85 48 41 96,h5436@accor.com,,PME (10-50),B2B/B2C,Facebook Pages,,Actif,2026-06-28T23:54:33.100300,haute
BJ-3E7ACB45,BCEAO BOAD,BTP & Immobilier,Parakou,+229 91 20 43 64,,,Grande (>200),B2B/B2C,Facebook Pages,,Actif,2026-06-28T23:54:33.100391,haute
BJ-9D346C42,CNHU-HKM SA Parakou,BTP & Immobilier,Parakou,+229 24 22 66 39,,cnhu.bj,TPE (<10),B2B/B2C,Facebook Pages,,Actif,2026-06-28T23:54:33.100430,haute
BJ-A4CC154A,EPAC - École Polytechnique Parakou,BTP & Immobilier,Parakou,+229 82 97 18 71,epac@epac.uac.bj,epac.uac.bj,Grande (>200),B2C,Facebook Pages,,Actif,2026-06-28T23:54:33.100464,haute
BJ-AE98C1A3,MTN Bénin Parakou,BTP & Immobilier,Parakou,+229 83 50 76 40,contact@mtn.bj,,PME (50-200),B2B,Facebook Pages,,Actif,2026-06-28T23:54:33.100506,haute
BJ-20C5F96E,AGS Déménagements Bénin,BTP & Immobilier,Parakou,+229 57 70 23 11,ags.benin@agsfidal.com,,Grande (>200),B2B/B2C,Facebook Pages,,Actif,2026-06-28T23:54:33.100542,moyenne
BJ-0811B080,BCEAO Restaurant,BTP & Immobilier,Parakou,+229 85 17 67 56,,,PME (50-200),B2B,Facebook Pages,,Actif,2026-06-28T23:54:33.100574,moyenne
BJ-972CF337,Novotel Cotonou,BTP & Immobilier,Parakou,+229 30 99 24 87,,,TPE (<10),B2B,Facebook Pages,,Actif,2026-06-28T23:54:33.100606,haute
BJ-0E686F96,AfriTech,BTP & Immobilier,Parakou,+229 37 65 29 82,contact@afritech.bj,afritech.bj,Grande (>200),B2B/B2C,Facebook Pages,,Actif,2026-06-28T23:54:33.100640,haute
BJ-9FCB9824,SERHAU-SEM Parakou,BTP & Immobilier,Parakou,+229 64 78 10 23,info@serhau.bj,,PME (10-50),B2C,Facebook Pages,,Actif,2026-06-28T23:54:33.100672,haute
BJ-0F7F3BD2,BCEAO SOBEBRA,BTP & Immobilier,Parakou,+229 72 14 66 76,,,Grande (>200),B2B/B2C,Facebook Pages,,Actif,2026-06-28T23:54:33.100704,moyenne
BJ-BC19DCC8,CNHU-HKM Ets,Commerce & Distribution,Cotonou,+229 23 57 71 86,,,PME (50-200),B2B/B2C,Facebook Pages,,Actif,2026-06-28T23:54:33.100758,haute
BJ-E8C1FE6F,Université,Commerce & Distribution,Cotonou,+229 84 36 31 83,rectorat@uac.bj,,Grande (>200),B2C,Facebook Pages,,Actif,2026-06-28T23:54:33.100809,haute
BJ-07EF6799,CFAO Groupe,Commerce & Distribution,Cotonou,+229 28 75 20 99,cfao.benin@cfao.com,cfao.com,Grande (>200),B2C,Facebook Pages,,Actif,2026-06-28T23:54:33.100884,haute
BJ-BCFB99FB,Africa Novotel,Commerce & Distribution,Cotonou,+229 28 49 41 48,,,PME (10-50),B2C,Facebook Pages,,Actif,2026-06-28T23:54:33.100926,haute
BJ-D52D13BF,Restaurant Le Jardin de l'Amazone,Commerce & Distribution,Cotonou,+229 81 28 26 74,,,TPE (<10),B2B,Facebook Pages,,Actif,2026-06-28T23:54:33.100944,moyenne
BJ-71B6D86C,SONAPRA Cotonou,Commerce & Distribution,Cotonou,+229 39 99 85 19,sonapra@sonapra.bj,,PME (10-50),B2B/B2C,Facebook Pages,,Actif,2026-06-28T23:54:33.100959,moyenne
BJ-1BF1FAFD,SONAPRA Cabinet Cotonou,Commerce & Distribution,Cotonou,+229 79 38 63 27,,,TPE (<10),B2B/B2C,Facebook Pages,,Actif,2026-06-28T23:54:33.100979,moyenne
BJ-9999AE1F,Digital SA,Commerce & Distribution,Cotonou,+229 51 48 76 67,,,PME (10-50),B2B/B2C,Facebook Pages,,Actif,2026-06-28T23:54:33.101006,moyenne
BJ-162739AF,Clinique Groupe Cotonou,Commerce & Distribution,Cotonou,+229 57 46 74 69,stluc@cliniquestluc.bj,,PME (50-200),B2B/B2C,Facebook Pages,,Actif,2026-06-28T23:54:33.101040,haute
BJ-40965AE4,BOAD Groupe,Commerce & Distribution,Cotonou,+229 48 82 58 71,boad@boad.org,,TPE (<10),B2C,Facebook Pages,,Actif,2026-06-28T23:54:33.101107,haute
BJ-BC1E3106,Moov SA,Commerce & Distribution,Cotonou,+229 70 96 53 48,moov@moov.bj,moov.bj,PME (10-50),B2B/B2C,Facebook Pages,,Actif,2026-06-28T23:54:33.101139,haute
BJ-FDD1751C,Bénin MTN,Commerce & Distribution,Abomey-Calavi,+229 36 53 34 44,contact@mtn.bj,mtn.bj,Grande (>200),B2C,Facebook Pages,,Actif,2026-06-28T23:54:33.101274,haute
BJ-3C3C4163,BCEAO NSIA,Commerce & Distribution,Abomey-Calavi,+229 21 27 58 45,,,TPE (<10),B2B,Facebook Pages,,Actif,2026-06-28T23:54:33.101310,haute
BJ-947DF39F,Groupe,Commerce & Distribution,Abomey-Calavi,+229 28 28 53 76,,,Grande (>200),B2B,Facebook Pages,,Actif,2026-06-28T23:54:33.101343,moyenne
BJ-21E892B2,Bénin Groupe,Commerce & Distribution,Abomey-Calavi,+229 36 84 65 11,collines.immo@yahoo.fr,,PME (10-50),B2B,Facebook Pages,,Actif,2026-06-28T23:54:33.101377,moyenne
BJ-5E17C647,BCEAO SERHAU-SEM Abomey-Calavi,Commerce & Distribution,Abomey-Calavi,+229 88 63 79 87,info@serhau.bj,serhau.bj,PME (10-50),B2B/B2C,Facebook Pages,,Actif,2026-06-28T23:54:33.101411,haute
BJ-7BAA8D35,Score Abomey-Calavi,Commerce & Distribution,Abomey-Calavi,+229 60 95 70 11,,,TPE (<10),B2B,Facebook Pages,,Actif,2026-06-28T23:54:33.101479,haute
BJ-A1ED17BC,DHL Abomey-Calavi,Commerce & Distribution,Abomey-Calavi,+229 39 86 84 83,,,PME (10-50),B2B/B2C,Facebook Pages,,Actif,2026-06-28T23:54:33.101512,haute
BJ-42D467CA,BCEAO Groupe,Commerce & Distribution,Abomey-Calavi,+229 28 83 16 99,,,Grande (>200),B2C,Facebook Pages,,Actif,2026-06-28T23:54:33.101568,moyenne
BJ-E4BDCBF2,Clinique Saint Luc Cotonou Abomey-Calavi,Commerce & Distribution,Abomey-Calavi,+229 66 63 10 48,stluc@cliniquestluc.bj,cliniquestluc.bj,PME (10-50),B2B,Facebook Pages,,Actif,2026-06-28T23:54:33.101684,haute
BJ-586F20ED,West Africa EPAC Abomey-Calavi,Commerce & Distribution,Abomey-Calavi,+229 59 84 37 54,,,PME (10-50),B2B,Facebook Pages,,Actif,2026-06-28T23:54:33.101710,haute
BJ-DA6924EA,Ets,Commerce & Distribution,Abomey-Calavi,+229 74 91 29 83,agro.benin@gmail.com,,PME (10-50),B2B,Facebook Pages,,Actif,2026-06-28T23:54:33.101734,moyenne
BJ-FDEA28A6,Score Supermarché Abomey-Calavi,Commerce & Distribution,Abomey-Calavi,+229 68 99 72 45,score@score-benin.com,score-benin.com,TPE (<10),B2C,Facebook Pages,,Actif,2026-06-28T23:54:33.101779,haute
BJ-A077FFE5,MTN Mobile Money Bénin Porto-Novo,Commerce & Distribution,Porto-Novo,+229 94 79 83 60,momo@mtn.bj,mtn.bj,TPE (<10),B2C,Facebook Pages,,Actif,2026-06-28T23:54:33.101853,haute
BJ-D104FC2B,Bénin SONAPRA,Commerce & Distribution,Porto-Novo,+229 61 37 96 23,sonapra@sonapra.bj,,PME (10-50),B2B/B2C,Facebook Pages,,Actif,2026-06-28T23:54:33.101887,moyenne
BJ-C19785A5,Ets Agro-Bénin,Commerce & Distribution,Porto-Novo,+229 78 64 11 95,agro.benin@gmail.com,,TPE (<10),B2B/B2C,Facebook Pages,,Actif,2026-06-28T23:54:33.101956,moyenne
BJ-FD3A61A1,NSIA Groupe,Commerce & Distribution,Porto-Novo,+229 23 36 53 74,,nsiaassurances.com,PME (50-200),B2B/B2C,Facebook Pages,,Actif,2026-06-28T23:54:33.102030,haute
BJ-5C8E2A17,SOBEBRA Bureau,Commerce & Distribution,Porto-Novo,+229 24 36 42 19,,,PME (10-50),B2C,Facebook Pages,,Actif,2026-06-28T23:54:33.102062,moyenne
BJ-AFFBAE3E,CFAO Groupe,Commerce & Distribution,Porto-Novo,+229 51 44 17 18,cfao.benin@cfao.com,cfao.com,Grande (>200),B2B,Facebook Pages,,Actif,2026-06-28T23:54:33.102097,haute
BJ-51AD1522,CNHU-HKM SARL Porto-Novo,Commerce & Distribution,Porto-Novo,+229 55 89 93 32,contact@cnhu.bj,,PME (10-50),B2B,Facebook Pages,,Actif,2026-06-28T23:54:33.102129,haute
BJ-73D3A8F7,Bénin DHL Porto-Novo,Commerce & Distribution,Porto-Novo,+229 24 99 73 63,cotonou@dhl.com,,PME (50-200),B2C,Facebook Pages,,Actif,2026-06-28T23:54:33.102195,haute
BJ-C6C1451E,SOBETRAP,Commerce & Distribution,Porto-Novo,+229 27 77 91 25,contact@sobetrap.bj,sobetrap.bj,Grande (>200),B2C,Facebook Pages,,Actif,2026-06-28T23:54:33.102358,haute
BJ-1B0A82D0,MTN Bénin,Commerce & Distribution,Porto-Novo,+229 79 93 15 78,,mtn.bj,PME (10-50),B2B/B2C,Facebook Pages,,Actif,2026-06-28T23:54:33.102392,haute
BJ-ADEF1553,SONAPRA Ets,Commerce & Distribution,Porto-Novo,+229 72 65 35 38,,,Grande (>200),B2B/B2C,Facebook Pages,,Actif,2026-06-28T23:54:33.102416,moyenne
BJ-4C5B86F7,Pharmaquick Bénin,Commerce & Distribution,Porto-Novo,+229 32 66 80 99,,,PME (10-50),B2C,Facebook Pages,,Actif,2026-06-28T23:54:33.102452,moyenne
BJ-07C9CB19,SOBEBRA Transport Parakou,Commerce & Distribution,Parakou,+229 35 99 96 36,,,PME (10-50),B2B/B2C,Facebook Pages,,Actif,2026-06-28T23:54:33.102489,moyenne
BJ-5B77389F,AGS Cabinet Parakou,Commerce & Distribution,Parakou,+229 36 96 37 30,ags.benin@agsfidal.com,,PME (10-50),B2B,Facebook Pages,,Actif,2026-06-28T23:54:33.102534,moyenne
BJ-80CE9427,BCEAO Université,Commerce & Distribution,Parakou,+229 40 69 72 79,rectorat@uac.bj,,PME (10-50),B2C,Facebook Pages,,Actif,2026-06-28T23:54:33.102549,haute
BJ-F9DBDAB2,Bénin Pharmaquick,Commerce & Distribution,Parakou,+229 87 92 48 84,pharmaquick@gmail.com,,TPE (<10),B2B,Facebook Pages,,Actif,2026-06-28T23:54:33.102564,moyenne
BJ-3E3A8FB6,Africa CNHU-HKM,Commerce & Distribution,Parakou,+229 37 47 77 76,contact@cnhu.bj,,Grande (>200),B2C,Facebook Pages,,Actif,2026-06-28T23:54:33.102577,haute
BJ-5B0F7CD6,Jumia Bénin,Commerce & Distribution,Parakou,+229 92 37 89 91,benin@jumia.com,jumia.com.bj,TPE (<10),B2B/B2C,Facebook Pages,,Actif,2026-06-28T23:54:33.102592,haute
BJ-EE1487FB,Africa SERHAU-SEM Parakou,Commerce & Distribution,Parakou,+229 46 29 88 26,,serhau.bj,Grande (>200),B2B,Facebook Pages,,Actif,2026-06-28T23:54:33.102609,haute
BJ-9797FA2A,NSIA Cabinet,Commerce & Distribution,Parakou,+229 63 60 67 37,nsia.benin@nsiaassurances.com,nsiaassurances.com,PME (10-50),B2B/B2C,Facebook Pages,,Actif,2026-06-28T23:54:33.102625,haute
BJ-19CC3A6E,Groupe,Commerce & Distribution,Parakou,+229 28 55 66 23,,,TPE (<10),B2C,Facebook Pages,,Actif,2026-06-28T23:54:33.102639,moyenne
BJ-B13C5CD6,SOBETRAP Centre Parakou,Commerce & Distribution,Parakou,+229 37 12 52 68,contact@sobetrap.bj,,TPE (<10),B2C,Facebook Pages,,Actif,2026-06-28T23:54:33.102653,haute
BJ-B487D6C6,Ets Agro-Bénin Parakou,Commerce & Distribution,Parakou,+229 88 25 53 65,,,PME (50-200),B2C,Facebook Pages,,Actif,2026-06-28T23:54:33.102680,moyenne
BJ-48AB7F40,BCEAO SERHAU-SEM,Commerce & Distribution,Parakou,+229 32 84 31 15,info@serhau.bj,,Grande (>200),B2B,Facebook Pages,,Actif,2026-06-28T23:54:33.102694,haute
BJ-6ECEA683,Clinique Saint Luc Cotonou,Santé & Pharmacie,Cotonou,+229 63 75 70 19,stluc@cliniquestluc.bj,,Grande (>200),B2B/B2C,Facebook Pages,,Actif,2026-06-28T23:54:33.102723,haute
BJ-B2C81CD3,SOBETRAP,Santé & Pharmacie,Cotonou,+229 94 81 13 64,contact@sobetrap.bj,,PME (50-200),B2C,Facebook Pages,,Actif,2026-06-28T23:54:33.102753,haute
BJ-69A92E4A,SERHAU-SEM Cotonou,Santé & Pharmacie,Cotonou,+229 57 25 66 22,,serhau.bj,Grande (>200),B2C,Facebook Pages,,Actif,2026-06-28T23:54:33.102771,haute
BJ-8B3DFE60,Ets Agro-Bénin,Santé & Pharmacie,Cotonou,+229 67 81 50 15,,,PME (50-200),B2B/B2C,Facebook Pages,,Actif,2026-06-28T23:54:33.102785,moyenne
BJ-A92541DA,SERHAU-SEM SA,Santé & Pharmacie,Cotonou,+229 66 26 48 62,info@serhau.bj,serhau.bj,PME (50-200),B2B/B2C,Facebook Pages,,Actif,2026-06-28T23:54:33.102815,haute
BJ-2873E157,MTN SARL,Santé & Pharmacie,Cotonou,+229 76 38 15 32,momo@mtn.bj,,TPE (<10),B2B,Facebook Pages,,Actif,2026-06-28T23:54:33.102844,haute
BJ-4A95C4AD,Digital Groupe,Santé & Pharmacie,Cotonou,+229 39 75 64 55,digital.benin@gmail.com,,PME (50-200),B2C,Facebook Pages,,Actif,2026-06-28T23:54:33.102857,moyenne
BJ-09035227,Africa SONAPRA,Santé & Pharmacie,Cotonou,+229 57 25 85 19,sonapra@sonapra.bj,,PME (10-50),B2C,Facebook Pages,,Actif,2026-06-28T23:54:33.102934,moyenne
BJ-F99A6BD5,Africa SERHAU-SEM,Santé & Pharmacie,Abomey-Calavi,+229 81 58 96 75,info@serhau.bj,,PME (10-50),B2C,Facebook Pages,,Actif,2026-06-28T23:54:33.103019,haute
BJ-013EC224,Digital,Santé & Pharmacie,Abomey-Calavi,+229 67 23 30 66,digital.benin@gmail.com,,PME (10-50),B2B,Facebook Pages,,Actif,2026-06-28T23:54:33.103034,moyenne
BJ-FA98D334,Pharmaquick Bénin,Santé & Pharmacie,Abomey-Calavi,+229 45 44 43 78,pharmaquick@gmail.com,,PME (10-50),B2B,Facebook Pages,,Actif,2026-06-28T23:54:33.103054,moyenne
BJ-0EA94BDD,Bénin SERHAU-SEM Abomey-Calavi,Santé & Pharmacie,Abomey-Calavi,+229 57 22 21 81,,serhau.bj,Grande (>200),B2B/B2C,Facebook Pages,,Actif,2026-06-28T23:54:33.103092,haute
BJ-C2349F65,Ecobank,Santé & Pharmacie,Abomey-Calavi,+229 73 94 68 20,ecobank.benin@ecobank.com,ecobank.com,Grande (>200),B2B,Facebook Pages,,Actif,2026-06-28T23:54:33.103144,haute
BJ-67A4021F,EPAC SA Abomey-Calavi,Santé & Pharmacie,Abomey-Calavi,+229 34 56 20 76,epac@epac.uac.bj,epac.uac.bj,PME (50-200),B2B/B2C,Facebook Pages,,Actif,2026-06-28T23:54:33.103164,haute
BJ-22F51847,Score Supermarché,Santé & Pharmacie,Abomey-Calavi,+229 60 25 62 67,score@score-benin.com,,TPE (<10),B2B/B2C,Facebook Pages,,Actif,2026-06-28T23:54:33.103208,haute
BJ-1A16F3B2,Africa Restaurant Abomey-Calavi,Santé & Pharmacie,Abomey-Calavi,+229 46 47 23 46,amazone.cotonou@gmail.com,,TPE (<10),B2C,Facebook Pages,,Actif,2026-06-28T23:54:33.103228,moyenne
BJ-9305B1F6,SERHAU-SEM Cabinet Abomey-Calavi,Santé & Pharmacie,Abomey-Calavi,+229 60 73 14 16,info@serhau.bj,serhau.bj,PME (10-50),B2C,Facebook Pages,,Actif,2026-06-28T23:54:33.103242,haute
BJ-EEE463C5,Ets Biokou & Frères,Santé & Pharmacie,Porto-Novo,+229 73 58 87 24,,,PME (50-200),B2C,Facebook Pages,,Actif,2026-06-28T23:54:33.103282,moyenne
BJ-7CC5F990,CFAO Groupe Porto-Novo,Santé & Pharmacie,Porto-Novo,+229 25 81 78 43,cfao.benin@cfao.com,,TPE (<10),B2C,Facebook Pages,,Actif,2026-06-28T23:54:33.103297,haute
BJ-B65F8293,NSIA Bureau,Santé & Pharmacie,Porto-Novo,+229 36 76 76 15,nsia.benin@nsiaassurances.com,,PME (10-50),B2B/B2C,Facebook Pages,,Actif,2026-06-28T23:54:33.103311,haute
BJ-43A0A416,MTN Ets,Santé & Pharmacie,Porto-Novo,+229 59 20 37 23,,,Grande (>200),B2B/B2C,Facebook Pages,,Actif,2026-06-28T23:54:33.103329,haute
BJ-B7F40146,SOBEBRA Ets,Santé & Pharmacie,Porto-Novo,+229 72 27 81 92,transport@sobebra.bj,,TPE (<10),B2C,Facebook Pages,,Actif,2026-06-28T23:54:33.103344,moyenne
BJ-E923B5BA,Ets,Santé & Pharmacie,Porto-Novo,+229 64 93 60 38,,,PME (50-200),B2B,Facebook Pages,,Actif,2026-06-28T23:54:33.103372,moyenne
BJ-2B56A9B4,Hôtel,Santé & Pharmacie,Porto-Novo,+229 39 52 66 91,hotel.lac@yahoo.fr,,PME (10-50),B2B/B2C,Facebook Pages,,Actif,2026-06-28T23:54:33.103409,moyenne
BJ-2276BF54,NSIA SA Porto-Novo,Santé & Pharmacie,Porto-Novo,+229 40 71 66 85,nsia.benin@nsiaassurances.com,,Grande (>200),B2B,Facebook Pages,,Actif,2026-06-28T23:54:33.103423,haute
BJ-F9A4336A,Africa CNHU-HKM,Santé & Pharmacie,Porto-Novo,+229 94 34 37 96,contact@cnhu.bj,cnhu.bj,PME (10-50),B2B,Facebook Pages,,Actif,2026-06-28T23:54:33.103452,haute
BJ-D4912057,Score Supermarché Porto-Novo,Santé & Pharmacie,Porto-Novo,+229 91 32 35 97,score@score-benin.com,,PME (50-200),B2C,Facebook Pages,,Actif,2026-06-28T23:54:33.103467,haute
BJ-C0BFBFC5,Africa MTN,Santé & Pharmacie,Porto-Novo,+229 49 67 36 32,,,PME (50-200),B2B/B2C,Facebook Pages,,Actif,2026-06-28T23:54:33.103486,haute
BJ-C1881C7A,Africa Hôtel,Santé & Pharmacie,Parakou,+229 62 93 52 39,,,Grande (>200),B2C,Facebook Pages,,Actif,2026-06-28T23:54:33.103526,moyenne
BJ-F35A4EF2,SOBETRAP SA Parakou,Santé & Pharmacie,Parakou,+229 39 84 14 51,contact@sobetrap.bj,,PME (10-50),B2C,Facebook Pages,,Actif,2026-06-28T23:54:33.103542,haute
BJ-A11E1176,Novotel Cotonou Parakou,Santé & Pharmacie,Parakou,+229 23 49 30 31,h5436@accor.com,novotel.com,PME (50-200),B2B,Facebook Pages,,Actif,2026-06-28T23:54:33.103570,haute
BJ-50081847,Ecobank,Santé & Pharmacie,Parakou,+229 82 80 38 47,,,PME (50-200),B2B,Facebook Pages,,Actif,2026-06-28T23:54:33.103585,haute
BJ-6828ADB9,Bénin NSIA,Santé & Pharmacie,Parakou,+229 94 15 10 87,,,PME (50-200),B2B,Facebook Pages,,Actif,2026-06-28T23:54:33.103600,haute
BJ-50181E5D,HAMMER Ets Parakou,Santé & Pharmacie,Parakou,+229 54 30 80 85,,,PME (10-50),B2B/B2C,Facebook Pages,,Actif,2026-06-28T23:54:33.103613,haute
BJ-4FFE69C1,Pharmaquick Cabinet,Santé & Pharmacie,Parakou,+229 73 18 68 49,,,Grande (>200),B2B,Facebook Pages,,Actif,2026-06-28T23:54:33.103627,moyenne
BJ-9CB5C9F4,Hôtel Ets Parakou,Santé & Pharmacie,Parakou,+229 26 35 68 75,hotel.lac@yahoo.fr,,PME (10-50),B2B/B2C,Facebook Pages,,Actif,2026-06-28T23:54:33.103646,moyenne
BJ-DB4C751C,BOAD Bureau,Santé & Pharmacie,Parakou,+229 36 18 11 91,boad@boad.org,boad.org,PME (10-50),B2C,Facebook Pages,,Actif,2026-06-28T23:54:33.103675,haute
BJ-919C7813,MTN Groupe Parakou,Santé & Pharmacie,Parakou,+229 32 56 40 26,momo@mtn.bj,mtn.bj,Grande (>200),B2B,Facebook Pages,,Actif,2026-06-28T23:54:33.103694,haute
BJ-69581FCB,BCEAO Clinique,Santé & Pharmacie,Parakou,+229 49 93 34 35,,,PME (10-50),B2C,Facebook Pages,,Actif,2026-06-28T23:54:33.103708,haute
BJ-E1CEAF8C,MTN Ets,Santé & Pharmacie,Parakou,+229 68 45 66 61,momo@mtn.bj,mtn.bj,PME (10-50),B2B,Facebook Pages,,Actif,2026-06-28T23:54:33.103723,haute
BJ-69B9C937,BCEAO MTN,Santé & Pharmacie,Parakou,+229 71 44 65 99,contact@mtn.bj,mtn.bj,PME (10-50),B2B,Facebook Pages,,Actif,2026-06-28T23:54:33.103737,haute
BJ-59B3BB69,Restaurant Le Jardin de l'Amazone Cotonou,Finance & Assurance,Cotonou,+229 89 85 14 83,amazone.cotonou@gmail.com,,PME (10-50),B2C,Facebook Pages,,Actif,2026-06-28T23:54:33.103765,moyenne
BJ-1638E34D,BCEAO EPAC,Finance & Assurance,Cotonou,+229 63 90 54 21,,,PME (50-200),B2B/B2C,Facebook Pages,,Actif,2026-06-28T23:54:33.103779,haute
BJ-2EE36F27,West Africa Pharmaquick,Finance & Assurance,Cotonou,+229 57 26 39 47,,,PME (10-50),B2C,Facebook Pages,,Actif,2026-06-28T23:54:33.103793,moyenne
BJ-DB061ADE,West Africa AGS Cotonou,Finance & Assurance,Cotonou,+229 40 90 40 94,,,PME (50-200),B2B/B2C,Facebook Pages,,Actif,2026-06-28T23:54:33.103813,moyenne
BJ-1D9F62C2,HAMMER BENIN Cotonou,Finance & Assurance,Cotonou,+229 48 85 98 38,,,PME (10-50),B2C,Facebook Pages,,Actif,2026-06-28T23:54:33.103828,haute
BJ-D0EC70AC,Africa DHL Cotonou,Finance & Assurance,Cotonou,+229 29 31 28 15,cotonou@dhl.com,dhl.com,PME (10-50),B2B/B2C,Facebook Pages,,Actif,2026-06-28T23:54:33.103844,haute
BJ-B3EE73E2,West Africa SOBETRAP,Finance & Assurance,Cotonou,+229 67 80 19 40,,sobetrap.bj,Grande (>200),B2B/B2C,Facebook Pages,,Actif,2026-06-28T23:54:33.103873,haute
BJ-EE61827E,Moov SARL,Finance & Assurance,Cotonou,+229 57 50 10 33,moov@moov.bj,moov.bj,TPE (<10),B2C,Facebook Pages,,Actif,2026-06-28T23:54:33.103961,haute
BJ-15ED7D14,Moov Bureau,Finance & Assurance,Cotonou,+229 83 41 98 35,,,TPE (<10),B2C,Facebook Pages,,Actif,2026-06-28T23:54:33.104016,haute
BJ-49BE7F09,Bénin Ets Cotonou,Finance & Assurance,Cotonou,+229 59 66 60 19,,,PME (50-200),B2B/B2C,Facebook Pages,,Actif,2026-06-28T23:54:33.104056,moyenne
BJ-570BEEAB,MTN SA,Finance & Assurance,Cotonou,+229 35 89 81 22,,,Grande (>200),B2C,Facebook Pages,,Actif,2026-06-28T23:54:33.104139,haute
BJ-9D83A0EB,SONAPRA Groupe,Finance & Assurance,Abomey-Calavi,+229 83 14 18 67,,,TPE (<10),B2B,Facebook Pages,,Actif,2026-06-28T23:54:33.104268,moyenne
BJ-4B9028FD,Bénin Ecobank,Finance & Assurance,Abomey-Calavi,+229 85 16 43 43,ecobank.benin@ecobank.com,,PME (50-200),B2B/B2C,Facebook Pages,,Actif,2026-06-28T23:54:33.104302,haute
BJ-63EEB13D,DHL Bureau,Finance & Assurance,Abomey-Calavi,+229 81 26 81 18,cotonou@dhl.com,dhl.com,Grande (>200),B2B,Facebook Pages,,Actif,2026-06-28T23:54:33.104339,haute
BJ-A957B7A7,Jumia SARL,Finance & Assurance,Abomey-Calavi,+229 90 97 99 52,,,Grande (>200),B2B,Facebook Pages,,Actif,2026-06-28T23:54:33.104372,haute
BJ-C5D676AB,Groupe Ets,Finance & Assurance,Abomey-Calavi,+229 75 41 40 53,collines.immo@yahoo.fr,,PME (10-50),B2C,Facebook Pages,,Actif,2026-06-28T23:54:33.104443,moyenne
BJ-452B6662,Bénin Clinique,Finance & Assurance,Abomey-Calavi,+229 97 74 75 68,stluc@cliniquestluc.bj,cliniquestluc.bj,TPE (<10),B2B,Facebook Pages,,Actif,2026-06-28T23:54:33.104685,haute
BJ-2F456297,MTN Bénin Abomey-Calavi,Finance & Assurance,Abomey-Calavi,+229 39 59 56 82,,mtn.bj,TPE (<10),B2B/B2C,Facebook Pages,,Actif,2026-06-28T23:54:33.104728,haute
BJ-B1238494,SERHAU-SEM SARL,Finance & Assurance,Abomey-Calavi,+229 77 72 84 60,,,PME (10-50),B2C,Facebook Pages,,Actif,2026-06-28T23:54:33.104865,haute
BJ-3C842AEA,CNHU-HKM Ets,Finance & Assurance,Porto-Novo,+229 34 43 25 58,contact@cnhu.bj,,TPE (<10),B2B,Facebook Pages,,Actif,2026-06-28T23:54:33.105003,haute
BJ-E66A9303,Africa Ets,Finance & Assurance,Porto-Novo,+229 30 30 85 31,,,TPE (<10),B2C,Facebook Pages,,Actif,2026-06-28T23:54:33.105051,moyenne
BJ-6C25B629,Bénin Ets,Finance & Assurance,Porto-Novo,+229 21 25 91 10,,,Grande (>200),B2B/B2C,Facebook Pages,,Actif,2026-06-28T23:54:33.105113,moyenne
BJ-0E3EB9A3,West Africa Université Porto-Novo,Finance & Assurance,Porto-Novo,+229 49 33 94 75,,uac.bj,PME (50-200),B2C,Facebook Pages,,Actif,2026-06-28T23:54:33.105144,haute
BJ-4FB81A07,Jumia Cabinet,Finance & Assurance,Porto-Novo,+229 66 21 39 86,,jumia.com.bj,TPE (<10),B2C,Facebook Pages,,Actif,2026-06-28T23:54:33.105191,haute
BJ-2558CC94,Africa Score,Finance & Assurance,Porto-Novo,+229 58 75 57 72,score@score-benin.com,,PME (50-200),B2B/B2C,Facebook Pages,,Actif,2026-06-28T23:54:33.105298,haute
BJ-8935DD6C,West Africa Ets,Finance & Assurance,Porto-Novo,+229 69 32 65 97,,,PME (50-200),B2B,Facebook Pages,,Actif,2026-06-28T23:54:33.105362,moyenne
BJ-1EEB5436,Bénin Pharmaquick,Finance & Assurance,Porto-Novo,+229 30 66 16 45,,,PME (50-200),B2B,Facebook Pages,,Actif,2026-06-28T23:54:33.105409,moyenne
BJ-2A925C14,Score,Finance & Assurance,Porto-Novo,+229 44 48 49 22,,,PME (10-50),B2B,Facebook Pages,,Actif,2026-06-28T23:54:33.105429,haute
BJ-A70C2F56,BOAD,Finance & Assurance,Parakou,+229 47 81 15 80,boad@boad.org,,PME (10-50),B2C,Facebook Pages,,Actif,2026-06-28T23:54:33.105479,haute
BJ-305AABD7,Score Parakou,Finance & Assurance,Parakou,+229 95 90 36 45,score@score-benin.com,,TPE (<10),B2B/B2C,Facebook Pages,,Actif,2026-06-28T23:54:33.105494,haute
BJ-09884B19,Novotel,Finance & Assurance,Parakou,+229 67 93 24 90,h5436@accor.com,,Grande (>200),B2B/B2C,Facebook Pages,,Actif,2026-06-28T23:54:33.105507,haute
BJ-107F4D61,Africa MTN,Finance & Assurance,Parakou,+229 95 33 50 61,,mtn.bj,TPE (<10),B2B,Facebook Pages,,Actif,2026-06-28T23:54:33.105622,haute
BJ-49C90993,SOBEBRA Cabinet,Finance & Assurance,Parakou,+229 49 93 90 22,,,PME (10-50),B2B/B2C,Facebook Pages,,Actif,2026-06-28T23:54:33.105652,moyenne
BJ-FFBEF404,EPAC,Finance & Assurance,Parakou,+229 66 43 93 59,,epac.uac.bj,PME (10-50),B2B,Facebook Pages,,Actif,2026-06-28T23:54:33.105713,haute
BJ-73A6144E,Cabinet Centre,Finance & Assurance,Parakou,+229 38 69 61 59,arch.design@gmail.com,,PME (10-50),B2C,Facebook Pages,,Actif,2026-06-28T23:54:33.105739,moyenne
BJ-263B1689,DHL,Finance & Assurance,Parakou,+229 54 69 39 74,cotonou@dhl.com,,TPE (<10),B2B,Facebook Pages,,Actif,2026-06-28T23:54:33.105767,haute
BJ-D6DA3749,DHL Express Bénin,Finance & Assurance,Parakou,+229 83 68 53 76,cotonou@dhl.com,,PME (50-200),B2B/B2C,Facebook Pages,,Actif,2026-06-28T23:54:33.105792,haute
BJ-14544D40,Novotel Bureau,Technologie & IT,Cotonou,+229 87 61 66 38,h5436@accor.com,novotel.com,Grande (>200),B2B,Facebook Pages,,Actif,2026-06-28T23:54:33.105849,haute
BJ-641D5397,AGS SA,Technologie & IT,Cotonou,+229 78 12 73 54,ags.benin@agsfidal.com,,Grande (>200),B2B,Facebook Pages,,Actif,2026-06-28T23:54:33.105958,moyenne
BJ-28E81B4A,SERHAU-SEM,Technologie & IT,Cotonou,+229 63 81 30 23,info@serhau.bj,serhau.bj,Grande (>200),B2B,Facebook Pages,,Actif,2026-06-28T23:54:33.105991,haute
BJ-0FD12128,Pharmaquick Bénin Cotonou,Technologie & IT,Cotonou,+229 99 53 89 43,pharmaquick@gmail.com,,PME (50-200),B2C,Facebook Pages,,Actif,2026-06-28T23:54:33.106041,moyenne
BJ-A4FB23B1,Africa SOBETRAP,Technologie & IT,Cotonou,+229 78 67 14 59,,,PME (10-50),B2C,Facebook Pages,,Actif,2026-06-28T23:54:33.106106,haute
BJ-F795BC4F,EPAC Cabinet,Technologie & IT,Cotonou,+229 55 49 37 48,epac@epac.uac.bj,,PME (50-200),B2B,Facebook Pages,,Actif,2026-06-28T23:54:33.106150,haute
BJ-28C4CD8E,Ecobank Bureau,Technologie & IT,Cotonou,+229 89 10 88 33,,,PME (50-200),B2B/B2C,Facebook Pages,,Actif,2026-06-28T23:54:33.106178,haute
BJ-94BD8BAA,Cabinet Arch-Design Bénin,Technologie & IT,Cotonou,+229 95 37 74 25,arch.design@gmail.com,,PME (10-50),B2B/B2C,Facebook Pages,,Actif,2026-06-28T23:54:33.106203,moyenne
BJ-6A11BDF7,Africa SOBETRAP Cotonou,Technologie & IT,Cotonou,+229 22 42 92 29,,,PME (10-50),B2C,Facebook Pages,,Actif,2026-06-28T23:54:33.106232,haute
BJ-B3679016,Africa MTN Cotonou,Technologie & IT,Cotonou,+229 75 28 79 54,,mtn.bj,TPE (<10),B2B/B2C,Facebook Pages,,Actif,2026-06-28T23:54:33.106334,haute
BJ-94A1E3A7,MTN,Technologie & IT,Cotonou,+229 80 88 69 30,contact@mtn.bj,mtn.bj,PME (50-200),B2B,Facebook Pages,,Actif,2026-06-28T23:54:33.106407,haute
BJ-B65A7680,Ets Agro-Bénin,Technologie & IT,Abomey-Calavi,+229 95 65 25 90,,,Grande (>200),B2B,Facebook Pages,,Actif,2026-06-28T23:54:33.106464,moyenne
BJ-37B8852E,SERHAU-SEM Ets,Technologie & IT,Abomey-Calavi,+229 81 72 59 45,,serhau.bj,Grande (>200),B2B/B2C,Facebook Pages,,Actif,2026-06-28T23:54:33.106480,haute
BJ-5E28596F,SOBEBRA Transport,Technologie & IT,Abomey-Calavi,+229 95 48 28 97,transport@sobebra.bj,,Grande (>200),B2B/B2C,Facebook Pages,,Actif,2026-06-28T23:54:33.106505,moyenne
BJ-2FF88FC5,EPAC Abomey-Calavi,Technologie & IT,Abomey-Calavi,+229 75 74 28 53,epac@epac.uac.bj,epac.uac.bj,PME (50-200),B2B,Facebook Pages,,Actif,2026-06-28T23:54:33.106533,haute
BJ-4A5C8E85,Bénin Groupe Abomey-Calavi,Technologie & IT,Abomey-Calavi,+229 49 91 52 61,collines.immo@yahoo.fr,,PME (50-200),B2C,Facebook Pages,,Actif,2026-06-28T23:54:33.106566,moyenne
BJ-81851341,Africa HAMMER,Technologie & IT,Abomey-Calavi,+229 70 22 89 55,info@hammer.bj,,Grande (>200),B2C,Facebook Pages,,Actif,2026-06-28T23:54:33.106681,haute
BJ-03F1CC47,CFAO Motors Bénin,Technologie & IT,Abomey-Calavi,+229 37 63 47 29,,cfao.com,PME (50-200),B2C,Facebook Pages,,Actif,2026-06-28T23:54:33.106766,haute
BJ-8C4BDDD2,AGS Déménagements Bénin,Technologie & IT,Abomey-Calavi,+229 29 40 93 63,ags.benin@agsfidal.com,,TPE (<10),B2C,Facebook Pages,,Actif,2026-06-28T23:54:33.106815,moyenne
BJ-0EA73ED3,Novotel Bureau Abomey-Calavi,Technologie & IT,Abomey-Calavi,+229 83 85 41 95,h5436@accor.com,,PME (10-50),B2B/B2C,Facebook Pages,,Actif,2026-06-28T23:54:33.106850,haute
BJ-F606E9C0,CFAO Motors Bénin Abomey-Calavi,Technologie & IT,Abomey-Calavi,+229 37 82 40 12,cfao.benin@cfao.com,,Grande (>200),B2B/B2C,Facebook Pages,,Actif,2026-06-28T23:54:33.106885,haute
BJ-FE6934D7,SONAPRA,Technologie & IT,Abomey-Calavi,+229 73 92 46 86,,,TPE (<10),B2C,Facebook Pages,,Actif,2026-06-28T23:54:33.106973,moyenne
BJ-2CD61F8A,West Africa DHL Porto-Novo,Technologie & IT,Porto-Novo,+229 45 93 68 30,,dhl.com,PME (10-50),B2B,Facebook Pages,,Actif,2026-06-28T23:54:33.107048,haute
BJ-75F78A4B,Université Bureau Porto-Novo,Technologie & IT,Porto-Novo,+229 58 15 78 98,,uac.bj,Grande (>200),B2C,Facebook Pages,,Actif,2026-06-28T23:54:33.107085,haute
BJ-E3BEA37A,Africa Restaurant,Technologie & IT,Porto-Novo,+229 90 36 51 19,,,PME (50-200),B2C,Facebook Pages,,Actif,2026-06-28T23:54:33.107120,moyenne
BJ-3188A097,BCEAO AfriTech Porto-Novo,Technologie & IT,Porto-Novo,+229 29 51 20 21,,,PME (50-200),B2B,Facebook Pages,,Actif,2026-06-28T23:54:33.107165,haute
BJ-83CECDFB,Université Ets,Technologie & IT,Porto-Novo,+229 64 90 35 30,rectorat@uac.bj,,PME (50-200),B2C,Facebook Pages,,Actif,2026-06-28T23:54:33.107251,haute
BJ-5CD38CD9,Bénin Hôtel,Technologie & IT,Porto-Novo,+229 57 57 33 81,hotel.lac@yahoo.fr,,TPE (<10),B2B/B2C,Facebook Pages,,Actif,2026-06-28T23:54:33.107289,moyenne
BJ-A5A678B3,Pharmaquick,Technologie & IT,Porto-Novo,+229 46 60 84 83,,,TPE (<10),B2B/B2C,Facebook Pages,,Actif,2026-06-28T23:54:33.107322,moyenne
BJ-6E0A5A05,Score Bureau,Technologie & IT,Porto-Novo,+229 70 55 83 19,,,PME (10-50),B2C,Facebook Pages,,Actif,2026-06-28T23:54:33.107392,haute
BJ-4DE0BF83,Africa Jumia,Technologie & IT,Porto-Novo,+229 78 41 92 41,benin@jumia.com,,PME (50-200),B2C,Facebook Pages,,Actif,2026-06-28T23:54:33.107432,haute
BJ-8BA16552,SONAPRA Centre,Technologie & IT,Porto-Novo,+229 59 37 63 61,sonapra@sonapra.bj,,TPE (<10),B2B,Facebook Pages,,Actif,2026-06-28T23:54:33.107470,moyenne
BJ-9EB296AA,MTN Groupe,Technologie & IT,Porto-Novo,+229 66 87 32 14,,mtn.bj,PME (50-200),B2C,Facebook Pages,,Actif,2026-06-28T23:54:33.107505,haute
BJ-C07B8DA6,West Africa BOAD,Technologie & IT,Porto-Novo,+229 81 52 16 22,boad@boad.org,,PME (50-200),B2C,Facebook Pages,,Actif,2026-06-28T23:54:33.107556,haute
BJ-5071A256,AGS,Technologie & IT,Porto-Novo,+229 59 46 83 77,ags.benin@agsfidal.com,,PME (10-50),B2C,Facebook Pages,,Actif,2026-06-28T23:54:33.107595,moyenne
BJ-A6007DDB,MTN SA,Technologie & IT,Parakou,+229 77 48 41 65,momo@mtn.bj,,PME (10-50),B2B,Facebook Pages,,Actif,2026-06-28T23:54:33.107661,haute
BJ-BB3BD196,Digital,Technologie & IT,Parakou,+229 46 94 57 82,digital.benin@gmail.com,,PME (50-200),B2B,Facebook Pages,,Actif,2026-06-28T23:54:33.107694,moyenne
BJ-8AB310A6,SOBEBRA,Technologie & IT,Parakou,+229 43 35 40 46,transport@sobebra.bj,,PME (10-50),B2C,Facebook Pages,,Actif,2026-06-28T23:54:33.107729,moyenne
BJ-70BEF6BD,West Africa Université,Technologie & IT,Parakou,+229 36 56 79 94,rectorat@uac.bj,uac.bj,PME (10-50),B2B/B2C,Facebook Pages,,Actif,2026-06-28T23:54:33.107797,haute
BJ-CB0054E1,Jumia SA,Technologie & IT,Parakou,+229 76 74 57 53,,,Grande (>200),B2C,Facebook Pages,,Actif,2026-06-28T23:54:33.107939,haute
BJ-727898F2,Novotel SARL,Technologie & IT,Parakou,+229 42 97 20 44,h5436@accor.com,novotel.com,Grande (>200),B2C,Facebook Pages,,Actif,2026-06-28T23:54:33.108214,haute
BJ-5F465FD6,Africa DHL,Technologie & IT,Parakou,+229 61 89 15 65,,,Grande (>200),B2C,Facebook Pages,,Actif,2026-06-28T23:54:33.108257,haute
BJ-175AF849,West Africa MTN,Technologie & IT,Parakou,+229 50 95 39 33,,,PME (10-50),B2B,Facebook Pages,,Actif,2026-06-28T23:54:33.108289,haute
BJ-0F908E28,Jumia Centre,Technologie & IT,Parakou,+229 51 59 45 65,,jumia.com.bj,PME (10-50),B2B,Facebook Pages,,Actif,2026-06-28T23:54:33.108374,haute
BJ-FF1A5651,Ets Biokou & Frères Parakou,Technologie & IT,Parakou,+229 41 80 65 70,,,PME (50-200),B2B,Facebook Pages,,Actif,2026-06-28T23:54:33.108417,moyenne
BJ-D9FD19FA,AGS Parakou,Technologie & IT,Parakou,+229 76 23 42 70,ags.benin@agsfidal.com,,PME (50-200),B2B,Facebook Pages,,Actif,2026-06-28T23:54:33.108487,moyenne
BJ-63EE813D,West Africa CFAO,BTP & Immobilier,Cotonou,+229 91 74 63 85,,,TPE (<10),B2B/B2C,CCIB Annuaire,,Actif,2026-06-28T23:54:33.108572,haute
BJ-DA794B3E,BCEAO AGS,BTP & Immobilier,Cotonou,+229 75 84 26 31,,,Grande (>200),B2C,CCIB Annuaire,,Actif,2026-06-28T23:54:33.108699,moyenne
BJ-032C5C03,Ets SA,BTP & Immobilier,Cotonou,+229 48 32 21 18,,,TPE (<10),B2B/B2C,CCIB Annuaire,,Actif,2026-06-28T23:54:33.108841,moyenne
BJ-036C1F3F,Jumia SA,BTP & Immobilier,Cotonou,+229 81 65 21 96,,jumia.com.bj,Grande (>200),B2B,CCIB Annuaire,,Actif,2026-06-28T23:54:33.108976,haute
BJ-A9B796F9,NSIA SA Cotonou,BTP & Immobilier,Cotonou,+229 58 58 12 47,nsia.benin@nsiaassurances.com,nsiaassurances.com,Grande (>200),B2C,CCIB Annuaire,,Actif,2026-06-28T23:54:33.109010,haute
BJ-5126E2CD,BCEAO SOBETRAP Cotonou,BTP & Immobilier,Cotonou,+229 31 92 70 46,contact@sobetrap.bj,sobetrap.bj,PME (50-200),B2B,CCIB Annuaire,,Actif,2026-06-28T23:54:33.109050,haute
BJ-C6EC35F4,EPAC - École Polytechnique,BTP & Immobilier,Cotonou,+229 98 88 65 72,epac@epac.uac.bj,epac.uac.bj,Grande (>200),B2B,CCIB Annuaire,,Actif,2026-06-28T23:54:33.109125,haute
BJ-6E1D43FE,Africa CNHU-HKM Abomey-Calavi,BTP & Immobilier,Abomey-Calavi,+229 75 22 44 31,contact@cnhu.bj,cnhu.bj,PME (50-200),B2C,CCIB Annuaire,,Actif,2026-06-28T23:54:33.109183,haute
BJ-86E591BC,BCEAO Moov,BTP & Immobilier,Abomey-Calavi,+229 99 10 39 56,moov@moov.bj,,TPE (<10),B2B/B2C,CCIB Annuaire,,Actif,2026-06-28T23:54:33.109215,haute
BJ-2CB771B0,Bénin Cabinet Abomey-Calavi,BTP & Immobilier,Abomey-Calavi,+229 24 27 68 24,,,PME (10-50),B2C,CCIB Annuaire,,Actif,2026-06-28T23:54:33.109254,moyenne
BJ-8167DF82,CNHU-HKM SA,BTP & Immobilier,Abomey-Calavi,+229 70 22 57 77,contact@cnhu.bj,cnhu.bj,Grande (>200),B2B/B2C,CCIB Annuaire,,Actif,2026-06-28T23:54:33.109361,haute
BJ-F8CFCAAA,AfriTech SARL Abomey-Calavi,BTP & Immobilier,Abomey-Calavi,+229 40 10 46 60,,afritech.bj,PME (50-200),B2B,CCIB Annuaire,,Actif,2026-06-28T23:54:33.109403,haute
BJ-3F17A247,MTN,BTP & Immobilier,Abomey-Calavi,+229 89 36 13 42,momo@mtn.bj,,Grande (>200),B2B,CCIB Annuaire,,Actif,2026-06-28T23:54:33.109468,haute
BJ-5250A2CF,West Africa DHL,BTP & Immobilier,Abomey-Calavi,+229 99 12 93 75,,dhl.com,Grande (>200),B2B/B2C,CCIB Annuaire,,Actif,2026-06-28T23:54:33.109505,haute
BJ-F8E36B3D,Ecobank Bureau Abomey-Calavi,BTP & Immobilier,Abomey-Calavi,+229 68 96 73 58,,ecobank.com,TPE (<10),B2C,CCIB Annuaire,,Actif,2026-06-28T23:54:33.109535,haute
BJ-3073B2F9,CNHU-HKM Abomey-Calavi,BTP & Immobilier,Abomey-Calavi,+229 22 31 12 77,contact@cnhu.bj,cnhu.bj,Grande (>200),B2B/B2C,CCIB Annuaire,,Actif,2026-06-28T23:54:33.109549,haute
BJ-7D975CB9,Africa Ets Abomey-Calavi,BTP & Immobilier,Abomey-Calavi,+229 85 52 45 95,,,Grande (>200),B2C,CCIB Annuaire,,Actif,2026-06-28T23:54:33.109563,moyenne
BJ-9CA6B487,Clinique Porto-Novo,BTP & Immobilier,Porto-Novo,+229 23 90 75 14,stluc@cliniquestluc.bj,,PME (10-50),B2C,CCIB Annuaire,,Actif,2026-06-28T23:54:33.109609,haute
BJ-0E57ABF0,Score SARL,BTP & Immobilier,Porto-Novo,+229 24 32 66 34,score@score-benin.com,,TPE (<10),B2B/B2C,CCIB Annuaire,,Actif,2026-06-28T23:54:33.109624,haute
BJ-7F52EF72,Université,BTP & Immobilier,Porto-Novo,+229 83 92 57 31,,,PME (10-50),B2B,CCIB Annuaire,,Actif,2026-06-28T23:54:33.109659,haute
BJ-56C17EB9,BCEAO Moov,BTP & Immobilier,Porto-Novo,+229 94 32 44 52,moov@moov.bj,,TPE (<10),B2C,CCIB Annuaire,,Actif,2026-06-28T23:54:33.109675,haute
BJ-9588934D,HAMMER,BTP & Immobilier,Porto-Novo,+229 46 80 13 71,,hammer.bj,PME (10-50),B2B/B2C,CCIB Annuaire,,Actif,2026-06-28T23:54:33.109690,haute
BJ-4C743C80,BCEAO EPAC,BTP & Immobilier,Porto-Novo,+229 41 71 22 18,epac@epac.uac.bj,,TPE (<10),B2B,CCIB Annuaire,,Actif,2026-06-28T23:54:33.109723,haute
BJ-C43452D4,MTN SA Porto-Novo,BTP & Immobilier,Porto-Novo,+229 22 61 21 12,,mtn.bj,PME (50-200),B2B,CCIB Annuaire,,Actif,2026-06-28T23:54:33.109737,haute
BJ-48F8CFC4,Ets Biokou & Frères Porto-Novo,BTP & Immobilier,Porto-Novo,+229 44 24 75 55,,,PME (50-200),B2B,CCIB Annuaire,,Actif,2026-06-28T23:54:33.109751,moyenne
BJ-54338CEC,Moov Africa Bénin Porto-Novo,BTP & Immobilier,Porto-Novo,+229 84 29 86 67,,,TPE (<10),B2B,CCIB Annuaire,,Actif,2026-06-28T23:54:33.109766,haute
BJ-BE2C8D23,AfriTech Ets,BTP & Immobilier,Porto-Novo,+229 78 64 56 83,contact@afritech.bj,afritech.bj,Grande (>200),B2B/B2C,CCIB Annuaire,,Actif,2026-06-28T23:54:33.109812,haute
BJ-8C8D22DC,Groupe Collines Immobilier,BTP & Immobilier,Parakou,+229 47 55 82 98,,,TPE (<10),B2C,CCIB Annuaire,,Actif,2026-06-28T23:54:33.109852,moyenne
BJ-4361E7E1,AfriTech Solutions Parakou,BTP & Immobilier,Parakou,+229 24 72 38 20,,,Grande (>200),B2C,CCIB Annuaire,,Actif,2026-06-28T23:54:33.109866,haute
BJ-DEB9D38C,Clinique Centre,BTP & Immobilier,Parakou,+229 95 79 84 67,,,TPE (<10),B2B/B2C,CCIB Annuaire,,Actif,2026-06-28T23:54:33.109880,haute
BJ-30D2F772,Novotel Groupe Parakou,BTP & Immobilier,Parakou,+229 86 24 81 44,h5436@accor.com,,PME (10-50),B2C,CCIB Annuaire,,Actif,2026-06-28T23:54:33.109932,haute
BJ-445522CE,Pharmaquick Bénin Parakou,BTP & Immobilier,Parakou,+229 30 17 67 43,,,PME (50-200),B2B/B2C,CCIB Annuaire,,Actif,2026-06-28T23:54:33.109994,moyenne
BJ-B58D8B1D,BCEAO Ets,BTP & Immobilier,Parakou,+229 79 98 56 54,agro.benin@gmail.com,,PME (10-50),B2B/B2C,CCIB Annuaire,,Actif,2026-06-28T23:54:33.110009,moyenne
BJ-871CC1D4,MTN Centre Parakou,BTP & Immobilier,Parakou,+229 70 85 98 74,contact@mtn.bj,mtn.bj,PME (10-50),B2B,CCIB Annuaire,,Actif,2026-06-28T23:54:33.110059,haute
BJ-00096FE3,HAMMER SARL Parakou,BTP & Immobilier,Parakou,+229 60 20 15 81,info@hammer.bj,,Grande (>200),B2B,CCIB Annuaire,,Actif,2026-06-28T23:54:33.110078,haute
BJ-C6AAF5D9,Ets Parakou,BTP & Immobilier,Parakou,+229 52 95 41 22,agro.benin@gmail.com,,PME (50-200),B2B/B2C,CCIB Annuaire,,Actif,2026-06-28T23:54:33.110106,moyenne
BJ-AEF362C7,CFAO Ets,BTP & Immobilier,Parakou,+229 74 88 75 92,cfao.benin@cfao.com,cfao.com,PME (10-50),B2B,CCIB Annuaire,,Actif,2026-06-28T23:54:33.110134,haute
BJ-3DEE795D,Africa SOBEBRA Cotonou,Commerce & Distribution,Cotonou,+229 75 21 50 22,transport@sobebra.bj,,PME (10-50),B2C,CCIB Annuaire,,Actif,2026-06-28T23:54:33.110234,moyenne
BJ-E69CA7B4,Bénin MTN,Commerce & Distribution,Cotonou,+229 60 19 45 82,momo@mtn.bj,mtn.bj,PME (10-50),B2B,CCIB Annuaire,,Actif,2026-06-28T23:54:33.110249,haute
BJ-B54C858D,BCEAO HAMMER,Commerce & Distribution,Cotonou,+229 91 97 35 82,info@hammer.bj,hammer.bj,Grande (>200),B2B/B2C,CCIB Annuaire,,Actif,2026-06-28T23:54:33.110263,haute
BJ-834E9F36,Clinique Ets,Commerce & Distribution,Cotonou,+229 47 46 35 52,stluc@cliniquestluc.bj,,TPE (<10),B2B,CCIB Annuaire,,Actif,2026-06-28T23:54:33.110291,haute
BJ-A71DEBB0,Pharmaquick Bénin,Commerce & Distribution,Cotonou,+229 85 87 76 34,pharmaquick@gmail.com,,Grande (>200),B2C,CCIB Annuaire,,Actif,2026-06-28T23:54:33.110306,moyenne
BJ-4A1E6DEF,Africa Cabinet,Commerce & Distribution,Cotonou,+229 79 33 12 78,arch.design@gmail.com,,PME (50-200),B2B,CCIB Annuaire,,Actif,2026-06-28T23:54:33.110320,moyenne
BJ-D93B88E8,Hôtel SA,Commerce & Distribution,Cotonou,+229 22 33 46 63,hotel.lac@yahoo.fr,,TPE (<10),B2B/B2C,CCIB Annuaire,,Actif,2026-06-28T23:54:33.110335,moyenne
BJ-9B9046A8,AfriTech Cotonou,Commerce & Distribution,Cotonou,+229 47 85 25 25,,,PME (50-200),B2B/B2C,CCIB Annuaire,,Actif,2026-06-28T23:54:33.110350,haute
BJ-6E09B93F,Jumia SARL,Commerce & Distribution,Cotonou,+229 80 99 37 49,benin@jumia.com,jumia.com.bj,TPE (<10),B2B,CCIB Annuaire,,Actif,2026-06-28T23:54:33.110372,haute
BJ-078345F3,BCEAO Score,Commerce & Distribution,Cotonou,+229 55 32 17 72,,score-benin.com,Grande (>200),B2B,CCIB Annuaire,,Actif,2026-06-28T23:54:33.110387,haute
BJ-EF8EF3DD,BCEAO NSIA Abomey-Calavi,Commerce & Distribution,Abomey-Calavi,+229 39 64 96 49,nsia.benin@nsiaassurances.com,nsiaassurances.com,TPE (<10),B2B/B2C,CCIB Annuaire,,Actif,2026-06-28T23:54:33.110464,haute
BJ-757FF353,BCEAO Ecobank,Commerce & Distribution,Abomey-Calavi,+229 91 82 36 13,,ecobank.com,PME (50-200),B2C,CCIB Annuaire,,Actif,2026-06-28T23:54:33.110508,haute
BJ-69D1DD52,West Africa AGS,Commerce & Distribution,Abomey-Calavi,+229 48 17 27 44,ags.benin@agsfidal.com,,PME (10-50),B2B,CCIB Annuaire,,Actif,2026-06-28T23:54:33.110522,moyenne
BJ-20BC6D83,Jumia Abomey-Calavi,Commerce & Distribution,Abomey-Calavi,+229 75 66 13 96,benin@jumia.com,jumia.com.bj,TPE (<10),B2B,CCIB Annuaire,,Actif,2026-06-28T23:54:33.110587,haute
BJ-1E7BF2C4,Ets Ets,Commerce & Distribution,Abomey-Calavi,+229 72 39 19 80,,,PME (50-200),B2B,CCIB Annuaire,,Actif,2026-06-28T23:54:33.110602,moyenne
BJ-3F67A892,BCEAO CFAO,Commerce & Distribution,Abomey-Calavi,+229 74 74 60 85,cfao.benin@cfao.com,cfao.com,PME (10-50),B2C,CCIB Annuaire,,Actif,2026-06-28T23:54:33.110616,haute
BJ-0C371FD4,Ecobank,Commerce & Distribution,Porto-Novo,+229 66 18 11 97,ecobank.benin@ecobank.com,,TPE (<10),B2B,CCIB Annuaire,,Actif,2026-06-28T23:54:33.110695,haute
BJ-A389F809,Clinique,Commerce & Distribution,Porto-Novo,+229 77 39 58 16,stluc@cliniquestluc.bj,cliniquestluc.bj,TPE (<10),B2C,CCIB Annuaire,,Actif,2026-06-28T23:54:33.110711,haute
BJ-B4E50880,Bénin Clinique Porto-Novo,Commerce & Distribution,Porto-Novo,+229 61 53 27 14,stluc@cliniquestluc.bj,cliniquestluc.bj,PME (50-200),B2B,CCIB Annuaire,,Actif,2026-06-28T23:54:33.110732,haute
BJ-8DEB6F5B,Africa Université,Commerce & Distribution,Porto-Novo,+229 95 58 39 79,,uac.bj,Grande (>200),B2B,CCIB Annuaire,,Actif,2026-06-28T23:54:33.110765,haute
BJ-46CD3CE0,Hôtel Ets Porto-Novo,Commerce & Distribution,Porto-Novo,+229 45 69 83 48,hotel.lac@yahoo.fr,,TPE (<10),B2C,CCIB Annuaire,,Actif,2026-06-28T23:54:33.110792,moyenne
BJ-399446BE,Jumia Porto-Novo,Commerce & Distribution,Porto-Novo,+229 87 30 49 92,benin@jumia.com,jumia.com.bj,PME (50-200),B2B/B2C,CCIB Annuaire,,Actif,2026-06-28T23:54:33.110845,haute
BJ-2DBD8AE3,SONAPRA SARL Porto-Novo,Commerce & Distribution,Porto-Novo,+229 39 57 51 99,,,TPE (<10),B2C,CCIB Annuaire,,Actif,2026-06-28T23:54:33.110934,moyenne
BJ-80A0C8EE,MTN Cabinet,Commerce & Distribution,Porto-Novo,+229 27 37 52 58,,mtn.bj,PME (50-200),B2C,CCIB Annuaire,,Actif,2026-06-28T23:54:33.110962,haute
BJ-44607F4B,Bénin Hôtel,Commerce & Distribution,Parakou,+229 52 32 20 18,hotel.lac@yahoo.fr,,PME (10-50),B2C,CCIB Annuaire,,Actif,2026-06-28T23:54:33.111192,moyenne
BJ-F047505F,Restaurant Le Jardin de l'Amazone Parakou,Commerce & Distribution,Parakou,+229 32 41 36 51,amazone.cotonou@gmail.com,,PME (50-200),B2C,CCIB Annuaire,,Actif,2026-06-28T23:54:33.111261,moyenne
BJ-6D2D8BA4,Moov Parakou,Commerce & Distribution,Parakou,+229 47 42 95 72,moov@moov.bj,moov.bj,PME (10-50),B2B,CCIB Annuaire,,Actif,2026-06-28T23:54:33.111290,haute
BJ-73B6D76C,Université SA Parakou,Commerce & Distribution,Parakou,+229 47 29 24 63,,,PME (50-200),B2C,CCIB Annuaire,,Actif,2026-06-28T23:54:33.111404,haute
BJ-2EF059FD,West Africa SONAPRA,Commerce & Distribution,Parakou,+229 65 55 87 38,,,PME (50-200),B2B,CCIB Annuaire,,Actif,2026-06-28T23:54:33.111436,moyenne
BJ-7DD4F5DC,BOAD Agence Cotonou Parakou,Commerce & Distribution,Parakou,+229 30 75 46 97,boad@boad.org,boad.org,Grande (>200),B2C,CCIB Annuaire,,Actif,2026-06-28T23:54:33.111460,haute
BJ-7A655740,Novotel SA Cotonou,Santé & Pharmacie,Cotonou,+229 70 29 10 93,h5436@accor.com,,TPE (<10),B2C,CCIB Annuaire,,Actif,2026-06-28T23:54:33.111585,haute
BJ-D5F009B7,Novotel Groupe,Santé & Pharmacie,Cotonou,+229 40 22 42 22,h5436@accor.com,,PME (50-200),B2C,CCIB Annuaire,,Actif,2026-06-28T23:54:33.111622,haute
BJ-9D65CFB7,Hôtel Cabinet Cotonou,Santé & Pharmacie,Cotonou,+229 96 80 26 40,hotel.lac@yahoo.fr,,PME (10-50),B2C,CCIB Annuaire,,Actif,2026-06-28T23:54:33.111647,moyenne
BJ-B9EBACF2,Bénin Digital Cotonou,Santé & Pharmacie,Cotonou,+229 63 95 19 56,,,PME (50-200),B2B/B2C,CCIB Annuaire,,Actif,2026-06-28T23:54:33.111684,moyenne
BJ-4CFDE33A,BCEAO MTN Cotonou,Santé & Pharmacie,Cotonou,+229 49 25 68 41,,,PME (10-50),B2B,CCIB Annuaire,,Actif,2026-06-28T23:54:33.111713,haute
BJ-A4A84E32,Bénin CNHU-HKM,Santé & Pharmacie,Cotonou,+229 37 82 12 31,,cnhu.bj,Grande (>200),B2C,CCIB Annuaire,,Actif,2026-06-28T23:54:33.111739,haute
BJ-9BAA1316,Pharmaquick Ets Cotonou,Santé & Pharmacie,Cotonou,+229 73 48 11 86,,,PME (10-50),B2B,CCIB Annuaire,,Actif,2026-06-28T23:54:33.111770,moyenne
BJ-5D3C5BE8,Africa SONAPRA Cotonou,Santé & Pharmacie,Cotonou,+229 47 38 93 78,sonapra@sonapra.bj,,PME (50-200),B2B/B2C,CCIB Annuaire,,Actif,2026-06-28T23:54:33.111882,moyenne
BJ-2D70D0E6,BCEAO Pharmaquick,Santé & Pharmacie,Cotonou,+229 47 99 97 25,,,Grande (>200),B2B/B2C,CCIB Annuaire,,Actif,2026-06-28T23:54:33.111928,moyenne
BJ-408CEABB,Université Ets,Santé & Pharmacie,Cotonou,+229 27 58 58 78,rectorat@uac.bj,uac.bj,PME (50-200),B2B/B2C,CCIB Annuaire,,Actif,2026-06-28T23:54:33.111952,haute
BJ-8C450C4C,SOBETRAP Cotonou,Santé & Pharmacie,Cotonou,+229 92 85 31 79,contact@sobetrap.bj,,Grande (>200),B2C,CCIB Annuaire,,Actif,2026-06-28T23:54:33.111973,haute
BJ-33099A9B,Score Bureau,Santé & Pharmacie,Cotonou,+229 57 84 46 25,score@score-benin.com,,Grande (>200),B2B/B2C,CCIB Annuaire,,Actif,2026-06-28T23:54:33.111996,haute
BJ-1C81F0DD,Digital Ets,Santé & Pharmacie,Cotonou,+229 23 75 97 78,digital.benin@gmail.com,,Grande (>200),B2B/B2C,CCIB Annuaire,,Actif,2026-06-28T23:54:33.112054,moyenne
BJ-D99EF784,Université d'Abomey-Calavi,Santé & Pharmacie,Abomey-Calavi,+229 54 58 66 15,,,PME (50-200),B2C,CCIB Annuaire,,Actif,2026-06-28T23:54:33.112107,haute
BJ-20CA826A,Bénin Score,Santé & Pharmacie,Abomey-Calavi,+229 81 75 45 89,,score-benin.com,Grande (>200),B2C,CCIB Annuaire,,Actif,2026-06-28T23:54:33.112133,haute
BJ-994DA413,Jumia Centre,Santé & Pharmacie,Abomey-Calavi,+229 77 37 57 53,,,Grande (>200),B2C,CCIB Annuaire,,Actif,2026-06-28T23:54:33.112184,haute
BJ-F693B252,Score Bureau Abomey-Calavi,Santé & Pharmacie,Abomey-Calavi,+229 45 37 27 33,score@score-benin.com,,Grande (>200),B2B,CCIB Annuaire,,Actif,2026-06-28T23:54:33.112216,haute
BJ-7AC753EC,Score Groupe,Santé & Pharmacie,Abomey-Calavi,+229 30 28 11 83,score@score-benin.com,score-benin.com,Grande (>200),B2B,CCIB Annuaire,,Actif,2026-06-28T23:54:33.112239,haute
BJ-F210004B,Ets Abomey-Calavi,Santé & Pharmacie,Abomey-Calavi,+229 25 17 49 72,,,Grande (>200),B2C,CCIB Annuaire,,Actif,2026-06-28T23:54:33.112268,moyenne
BJ-14A5A5C2,DHL Ets Abomey-Calavi,Santé & Pharmacie,Abomey-Calavi,+229 49 47 97 63,cotonou@dhl.com,,Grande (>200),B2C,CCIB Annuaire,,Actif,2026-06-28T23:54:33.112306,haute
BJ-00BE2EBA,West Africa SOBEBRA,Santé & Pharmacie,Abomey-Calavi,+229 50 10 54 57,transport@sobebra.bj,,Grande (>200),B2B,CCIB Annuaire,,Actif,2026-06-28T23:54:33.112404,moyenne
BJ-F3EB9EE3,SOBETRAP SARL,Santé & Pharmacie,Abomey-Calavi,+229 85 43 70 16,,sobetrap.bj,TPE (<10),B2C,CCIB Annuaire,,Actif,2026-06-28T23:54:33.112429,haute
BJ-8633DB23,West Africa Jumia,Santé & Pharmacie,Abomey-Calavi,+229 88 84 32 93,benin@jumia.com,,TPE (<10),B2B,CCIB Annuaire,,Actif,2026-06-28T23:54:33.112452,haute
BJ-89158C3D,MTN Centre Abomey-Calavi,Santé & Pharmacie,Abomey-Calavi,+229 40 99 80 44,,,Grande (>200),B2C,CCIB Annuaire,,Actif,2026-06-28T23:54:33.112474,haute
BJ-7EAE93AD,Bénin AGS Porto-Novo,Santé & Pharmacie,Porto-Novo,+229 71 68 48 88,ags.benin@agsfidal.com,,PME (50-200),B2C,CCIB Annuaire,,Actif,2026-06-28T23:54:33.112547,moyenne
BJ-256C22B1,CNHU-HKM SARL,Santé & Pharmacie,Porto-Novo,+229 94 17 23 35,,,PME (50-200),B2B,CCIB Annuaire,,Actif,2026-06-28T23:54:33.112575,haute
BJ-E4D288EB,Bénin BOAD,Santé & Pharmacie,Porto-Novo,+229 59 39 66 57,,boad.org,TPE (<10),B2C,CCIB Annuaire,,Actif,2026-06-28T23:54:33.112603,haute
BJ-2953AC0C,MTN Bénin Porto-Novo,Santé & Pharmacie,Porto-Novo,+229 38 80 70 44,,mtn.bj,PME (50-200),B2B/B2C,CCIB Annuaire,,Actif,2026-06-28T23:54:33.112662,haute
BJ-35CC7852,Ecobank Groupe,Santé & Pharmacie,Porto-Novo,+229 29 38 25 28,,ecobank.com,PME (50-200),B2B,CCIB Annuaire,,Actif,2026-06-28T23:54:33.112713,haute
BJ-17DC4165,HAMMER Centre,Santé & Pharmacie,Porto-Novo,+229 45 96 70 97,,,TPE (<10),B2C,CCIB Annuaire,,Actif,2026-06-28T23:54:33.112756,haute
BJ-539E5097,Jumia Bénin,Santé & Pharmacie,Porto-Novo,+229 22 93 41 23,benin@jumia.com,,Grande (>200),B2C,CCIB Annuaire,,Actif,2026-06-28T23:54:33.112797,haute
BJ-3ACC134C,West Africa MTN Porto-Novo,Santé & Pharmacie,Porto-Novo,+229 67 88 11 97,momo@mtn.bj,,PME (50-200),B2C,CCIB Annuaire,,Actif,2026-06-28T23:54:33.112836,haute
BJ-B63CF150,Novotel Porto-Novo,Santé & Pharmacie,Porto-Novo,+229 66 58 96 97,,novotel.com,Grande (>200),B2B/B2C,CCIB Annuaire,,Actif,2026-06-28T23:54:33.112867,haute
BJ-619CB1B6,Clinique SA Porto-Novo,Santé & Pharmacie,Porto-Novo,+229 56 47 23 28,stluc@cliniquestluc.bj,,PME (10-50),B2C,CCIB Annuaire,,Actif,2026-06-28T23:54:33.113001,haute
BJ-F8D30F35,AfriTech Solutions Porto-Novo,Santé & Pharmacie,Porto-Novo,+229 20 56 31 65,contact@afritech.bj,afritech.bj,Grande (>200),B2C,CCIB Annuaire,,Actif,2026-06-28T23:54:33.113027,haute
BJ-B4D2F912,Digital Ets,Santé & Pharmacie,Parakou,+229 61 12 11 23,,,PME (50-200),B2B/B2C,CCIB Annuaire,,Actif,2026-06-28T23:54:33.113091,moyenne
BJ-B57A292A,BCEAO AfriTech Parakou,Santé & Pharmacie,Parakou,+229 33 90 63 71,contact@afritech.bj,,PME (10-50),B2B,CCIB Annuaire,,Actif,2026-06-28T23:54:33.113116,haute
BJ-F0EECA24,Digital Bureau Parakou,Santé & Pharmacie,Parakou,+229 91 83 87 97,,,Grande (>200),B2B,CCIB Annuaire,,Actif,2026-06-28T23:54:33.113142,moyenne
BJ-06B38521,Université Groupe,Santé & Pharmacie,Parakou,+229 64 91 65 96,rectorat@uac.bj,,PME (50-200),B2B,CCIB Annuaire,,Actif,2026-06-28T23:54:33.113180,haute
BJ-FB865FEC,Bénin HAMMER Parakou,Santé & Pharmacie,Parakou,+229 46 81 99 46,info@hammer.bj,hammer.bj,TPE (<10),B2B,CCIB Annuaire,,Actif,2026-06-28T23:54:33.113208,haute
BJ-3EEDBC6B,Ets Centre,Santé & Pharmacie,Parakou,+229 35 96 18 43,,,PME (10-50),B2B,CCIB Annuaire,,Actif,2026-06-28T23:54:33.113239,moyenne
BJ-D077C05F,West Africa AfriTech Parakou,Santé & Pharmacie,Parakou,+229 51 76 77 61,,,PME (50-200),B2C,CCIB Annuaire,,Actif,2026-06-28T23:54:33.113299,haute
BJ-8EBE6E54,Groupe Groupe,Santé & Pharmacie,Parakou,+229 86 18 29 65,collines.immo@yahoo.fr,,TPE (<10),B2B,CCIB Annuaire,,Actif,2026-06-28T23:54:33.113449,moyenne
BJ-ACA45CF7,Ecobank Centre Parakou,Santé & Pharmacie,Parakou,+229 46 32 65 72,ecobank.benin@ecobank.com,ecobank.com,PME (10-50),B2B/B2C,CCIB Annuaire,,Actif,2026-06-28T23:54:33.113479,haute
BJ-11AA3DFF,NSIA Centre,Santé & Pharmacie,Parakou,+229 30 41 23 85,,,PME (10-50),B2C,CCIB Annuaire,,Actif,2026-06-28T23:54:33.113510,haute
BJ-390FAE13,CFAO Motors Bénin Parakou,Santé & Pharmacie,Parakou,+229 74 65 16 13,cfao.benin@cfao.com,,PME (10-50),B2C,CCIB Annuaire,,Actif,2026-06-28T23:54:33.113553,haute
BJ-21555B81,DHL Express Bénin,Finance & Assurance,Cotonou,+229 52 35 40 78,,,PME (10-50),B2C,CCIB Annuaire,,Actif,2026-06-28T23:54:33.113698,haute
BJ-2863689C,Moov Cabinet,Finance & Assurance,Cotonou,+229 23 95 82 33,,moov.bj,PME (10-50),B2C,CCIB Annuaire,,Actif,2026-06-28T23:54:33.113808,haute
BJ-7C2A5CA0,Pharmaquick Cabinet,Finance & Assurance,Cotonou,+229 95 30 31 98,pharmaquick@gmail.com,,PME (50-200),B2C,CCIB Annuaire,,Actif,2026-06-28T23:54:33.113835,moyenne
BJ-0613A482,AGS Déménagements Bénin,Finance & Assurance,Cotonou,+229 37 37 83 61,,,PME (10-50),B2C,CCIB Annuaire,,Actif,2026-06-28T23:54:33.114450,moyenne
BJ-85FAB54B,BCEAO SOBETRAP,Finance & Assurance,Cotonou,+229 65 27 26 13,contact@sobetrap.bj,,PME (50-200),B2C,CCIB Annuaire,,Actif,2026-06-28T23:54:33.114523,haute
BJ-87B5DB54,Groupe Collines Immobilier Cotonou,Finance & Assurance,Cotonou,+229 45 43 59 15,collines.immo@yahoo.fr,,Grande (>200),B2B/B2C,CCIB Annuaire,,Actif,2026-06-28T23:54:33.114574,moyenne
BJ-C5328F04,Restaurant Centre,Finance & Assurance,Cotonou,+229 40 59 39 54,amazone.cotonou@gmail.com,,PME (10-50),B2C,CCIB Annuaire,,Actif,2026-06-28T23:54:33.115136,moyenne
BJ-AF84876E,Cabinet Arch-Design Bénin Cotonou,Finance & Assurance,Cotonou,+229 44 83 50 94,arch.design@gmail.com,,Grande (>200),B2B/B2C,CCIB Annuaire,,Actif,2026-06-28T23:54:33.115252,moyenne
BJ-40E45A4B,CFAO,Finance & Assurance,Abomey-Calavi,+229 83 65 36 47,cfao.benin@cfao.com,,Grande (>200),B2B/B2C,CCIB Annuaire,,Actif,2026-06-28T23:54:33.115518,haute
BJ-9FE121ED,Africa Clinique,Finance & Assurance,Abomey-Calavi,+229 87 47 55 19,stluc@cliniquestluc.bj,cliniquestluc.bj,PME (50-200),B2B,CCIB Annuaire,,Actif,2026-06-28T23:54:33.115539,haute
BJ-13E80372,Score SARL,Finance & Assurance,Abomey-Calavi,+229 99 35 27 35,,score-benin.com,TPE (<10),B2C,CCIB Annuaire,,Actif,2026-06-28T23:54:33.115555,haute
BJ-94B2B5BA,Université,Finance & Assurance,Abomey-Calavi,+229 23 89 44 78,rectorat@uac.bj,,PME (10-50),B2B/B2C,CCIB Annuaire,,Actif,2026-06-28T23:54:33.115572,haute
BJ-245D1207,Jumia Groupe,Finance & Assurance,Abomey-Calavi,+229 59 17 42 14,benin@jumia.com,jumia.com.bj,PME (50-200),B2B,CCIB Annuaire,,Actif,2026-06-28T23:54:33.115589,haute
BJ-1FC774EF,EPAC Cabinet,Finance & Assurance,Abomey-Calavi,+229 89 73 38 73,epac@epac.uac.bj,epac.uac.bj,TPE (<10),B2B,CCIB Annuaire,,Actif,2026-06-28T23:54:33.115604,haute
BJ-3488585F,BOAD Agence Cotonou,Finance & Assurance,Abomey-Calavi,+229 95 12 85 97,boad@boad.org,boad.org,TPE (<10),B2B,CCIB Annuaire,,Actif,2026-06-28T23:54:33.115644,haute
BJ-B74B9B84,AfriTech SA,Finance & Assurance,Abomey-Calavi,+229 86 53 12 32,contact@afritech.bj,,PME (10-50),B2C,CCIB Annuaire,,Actif,2026-06-28T23:54:33.115695,haute
BJ-42446B85,Jumia Bureau,Finance & Assurance,Abomey-Calavi,+229 51 12 99 19,,jumia.com.bj,PME (10-50),B2C,CCIB Annuaire,,Actif,2026-06-28T23:54:33.115709,haute
BJ-EF06E2EA,Digital Ets,Finance & Assurance,Porto-Novo,+229 43 35 96 22,digital.benin@gmail.com,,PME (50-200),B2C,CCIB Annuaire,,Actif,2026-06-28T23:54:33.115790,moyenne
BJ-0949C7BD,Africa Cabinet Porto-Novo,Finance & Assurance,Porto-Novo,+229 92 11 63 18,,,Grande (>200),B2B/B2C,CCIB Annuaire,,Actif,2026-06-28T23:54:33.115808,moyenne
BJ-DDC2D7C8,EPAC - École Polytechnique,Finance & Assurance,Porto-Novo,+229 37 15 67 60,epac@epac.uac.bj,,PME (50-200),B2C,CCIB Annuaire,,Actif,2026-06-28T23:54:33.115832,haute
BJ-FF3B5C39,Score Groupe,Finance & Assurance,Porto-Novo,+229 53 29 77 95,score@score-benin.com,score-benin.com,TPE (<10),B2B,CCIB Annuaire,,Actif,2026-06-28T23:54:33.115864,haute
BJ-86BEE713,Groupe SA,Finance & Assurance,Porto-Novo,+229 88 81 13 80,collines.immo@yahoo.fr,,TPE (<10),B2C,CCIB Annuaire,,Actif,2026-06-28T23:54:33.115879,moyenne
BJ-19BB2393,SOBETRAP SA,Finance & Assurance,Porto-Novo,+229 33 60 81 49,contact@sobetrap.bj,,PME (10-50),B2B,CCIB Annuaire,,Actif,2026-06-28T23:54:33.115927,haute
BJ-AF16E1D2,Clinique Ets,Finance & Assurance,Porto-Novo,+229 92 82 58 52,,cliniquestluc.bj,PME (10-50),B2B/B2C,CCIB Annuaire,,Actif,2026-06-28T23:54:33.115983,haute
BJ-42FEF665,SERHAU-SEM Bureau,Finance & Assurance,Porto-Novo,+229 81 39 17 65,info@serhau.bj,,PME (10-50),B2B/B2C,CCIB Annuaire,,Actif,2026-06-28T23:54:33.116029,haute
BJ-739E1668,Novotel Ets,Finance & Assurance,Porto-Novo,+229 50 30 41 54,,novotel.com,Grande (>200),B2C,CCIB Annuaire,,Actif,2026-06-28T23:54:33.116070,haute
BJ-4DEF79ED,AfriTech Solutions,Finance & Assurance,Porto-Novo,+229 71 72 16 33,contact@afritech.bj,afritech.bj,TPE (<10),B2B,CCIB Annuaire,,Actif,2026-06-28T23:54:33.116112,haute
BJ-F4D25AB9,Moov Africa Bénin,Finance & Assurance,Porto-Novo,+229 53 38 73 91,,moov.bj,Grande (>200),B2C,CCIB Annuaire,,Actif,2026-06-28T23:54:33.116151,haute
BJ-5C1ADF83,BOAD Agence Cotonou,Finance & Assurance,Porto-Novo,+229 71 75 65 96,boad@boad.org,boad.org,Grande (>200),B2C,CCIB Annuaire,,Actif,2026-06-28T23:54:33.116195,haute
BJ-A4050EB2,Bénin MTN,Finance & Assurance,Porto-Novo,+229 98 39 73 29,,mtn.bj,TPE (<10),B2B/B2C,CCIB Annuaire,,Actif,2026-06-28T23:54:33.116243,haute
BJ-9A508251,Groupe Bureau,Finance & Assurance,Parakou,+229 86 32 78 76,,,PME (50-200),B2B/B2C,CCIB Annuaire,,Actif,2026-06-28T23:54:33.116318,moyenne
BJ-E2C7BECD,SONAPRA,Finance & Assurance,Parakou,+229 24 30 52 80,,,Grande (>200),B2B,CCIB Annuaire,,Actif,2026-06-28T23:54:33.116409,moyenne
BJ-8BE4E880,SOBETRAP,Finance & Assurance,Parakou,+229 84 92 72 16,contact@sobetrap.bj,,PME (50-200),B2B,CCIB Annuaire,,Actif,2026-06-28T23:54:33.116449,haute
BJ-AF26E10A,Jumia Bénin Parakou,Finance & Assurance,Parakou,+229 98 51 75 69,,,Grande (>200),B2B/B2C,CCIB Annuaire,,Actif,2026-06-28T23:54:33.116535,haute
BJ-445170BF,Africa SOBETRAP Parakou,Finance & Assurance,Parakou,+229 32 61 36 60,contact@sobetrap.bj,sobetrap.bj,PME (10-50),B2B/B2C,CCIB Annuaire,,Actif,2026-06-28T23:54:33.116576,haute
BJ-907FAE8E,Jumia,Finance & Assurance,Parakou,+229 28 54 79 29,,jumia.com.bj,TPE (<10),B2C,CCIB Annuaire,,Actif,2026-06-28T23:54:33.116711,haute
BJ-9D477BC2,Score Supermarché Parakou,Finance & Assurance,Parakou,+229 43 68 86 94,,score-benin.com,TPE (<10),B2B/B2C,CCIB Annuaire,,Actif,2026-06-28T23:54:33.116754,haute
BJ-781FBDDE,West Africa NSIA Parakou,Finance & Assurance,Parakou,+229 21 45 35 70,,nsiaassurances.com,PME (50-200),B2B,CCIB Annuaire,,Actif,2026-06-28T23:54:33.116882,haute
BJ-CEA293BB,Groupe SARL,Technologie & IT,Cotonou,+229 89 36 56 48,collines.immo@yahoo.fr,,TPE (<10),B2B,CCIB Annuaire,,Actif,2026-06-28T23:54:33.117166,moyenne
BJ-CEB25E35,Bénin Moov,Technologie & IT,Cotonou,+229 28 57 21 51,,,PME (50-200),B2B,CCIB Annuaire,,Actif,2026-06-28T23:54:33.117218,haute
BJ-4D18519F,BCEAO CNHU-HKM Cotonou,Technologie & IT,Cotonou,+229 24 80 88 98,,,PME (10-50),B2B,CCIB Annuaire,,Actif,2026-06-28T23:54:33.117258,haute
BJ-6BC34FAC,CFAO Bureau Cotonou,Technologie & IT,Cotonou,+229 31 68 23 61,cfao.benin@cfao.com,cfao.com,PME (50-200),B2B/B2C,CCIB Annuaire,,Actif,2026-06-28T23:54:33.117505,haute
BJ-E13DC33C,MTN Groupe,Technologie & IT,Cotonou,+229 85 85 90 12,contact@mtn.bj,,TPE (<10),B2B,CCIB Annuaire,,Actif,2026-06-28T23:54:33.117547,haute
BJ-9EE5C8F3,West Africa MTN,Technologie & IT,Cotonou,+229 80 50 37 43,momo@mtn.bj,mtn.bj,Grande (>200),B2B,CCIB Annuaire,,Actif,2026-06-28T23:54:33.117627,haute
BJ-67A49091,Université SA Cotonou,Technologie & IT,Cotonou,+229 99 71 98 84,rectorat@uac.bj,,TPE (<10),B2C,CCIB Annuaire,,Actif,2026-06-28T23:54:33.117721,haute
BJ-2CB470B0,Bénin AfriTech,Technologie & IT,Abomey-Calavi,+229 72 24 65 78,contact@afritech.bj,,Grande (>200),B2B,CCIB Annuaire,,Actif,2026-06-28T23:54:33.117788,haute
BJ-ECB36148,Ets Bureau,Technologie & IT,Abomey-Calavi,+229 65 35 31 11,,,TPE (<10),B2B,CCIB Annuaire,,Actif,2026-06-28T23:54:33.117829,moyenne
BJ-493401FF,Université SA,Technologie & IT,Abomey-Calavi,+229 59 33 22 37,,uac.bj,PME (50-200),B2C,CCIB Annuaire,,Actif,2026-06-28T23:54:33.117870,haute
BJ-4D385049,Université Cabinet Abomey-Calavi,Technologie & IT,Abomey-Calavi,+229 35 47 46 37,,uac.bj,PME (10-50),B2B,CCIB Annuaire,,Actif,2026-06-28T23:54:33.117976,haute
BJ-36BA3794,Moov Ets Abomey-Calavi,Technologie & IT,Abomey-Calavi,+229 76 53 49 31,moov@moov.bj,moov.bj,PME (50-200),B2B/B2C,CCIB Annuaire,,Actif,2026-06-28T23:54:33.118075,haute
BJ-8BD9ED87,Restaurant Ets,Technologie & IT,Abomey-Calavi,+229 31 17 44 81,amazone.cotonou@gmail.com,,Grande (>200),B2C,CCIB Annuaire,,Actif,2026-06-28T23:54:33.118746,moyenne
BJ-50CE9DFE,Bénin Digital,Technologie & IT,Abomey-Calavi,+229 96 29 66 47,digital.benin@gmail.com,,Grande (>200),B2C,CCIB Annuaire,,Actif,2026-06-28T23:54:33.118786,moyenne
BJ-749E6B9C,Bénin AGS,Technologie & IT,Abomey-Calavi,+229 80 51 99 48,ags.benin@agsfidal.com,,PME (10-50),B2B/B2C,CCIB Annuaire,,Actif,2026-06-28T23:54:33.118824,moyenne
BJ-9243F61D,CFAO Centre,Technologie & IT,Abomey-Calavi,+229 91 57 58 93,cfao.benin@cfao.com,cfao.com,PME (50-200),B2B,CCIB Annuaire,,Actif,2026-06-28T23:54:33.118868,haute
BJ-BE1312FF,Ecobank Ets,Technologie & IT,Abomey-Calavi,+229 72 54 91 49,,ecobank.com,PME (50-200),B2B,CCIB Annuaire,,Actif,2026-06-28T23:54:33.119005,haute
BJ-F7F4A7F2,BCEAO Cabinet,Technologie & IT,Porto-Novo,+229 84 11 57 24,arch.design@gmail.com,,TPE (<10),B2B/B2C,CCIB Annuaire,,Actif,2026-06-28T23:54:33.119083,moyenne
BJ-1C126736,CFAO,Technologie & IT,Porto-Novo,+229 43 93 47 29,cfao.benin@cfao.com,cfao.com,PME (50-200),B2B/B2C,CCIB Annuaire,,Actif,2026-06-28T23:54:33.119175,haute
BJ-B84206F9,Restaurant Centre,Technologie & IT,Porto-Novo,+229 69 44 97 96,amazone.cotonou@gmail.com,,Grande (>200),B2B/B2C,CCIB Annuaire,,Actif,2026-06-28T23:54:33.119220,moyenne
BJ-8E025B38,Africa Clinique,Technologie & IT,Porto-Novo,+229 61 19 95 86,stluc@cliniquestluc.bj,,PME (50-200),B2B,CCIB Annuaire,,Actif,2026-06-28T23:54:33.119256,haute
BJ-A2FC7847,BCEAO NSIA,Technologie & IT,Porto-Novo,+229 20 67 69 39,nsia.benin@nsiaassurances.com,nsiaassurances.com,PME (50-200),B2C,CCIB Annuaire,,Actif,2026-06-28T23:54:33.119330,haute
BJ-B3219083,Ets Groupe,Technologie & IT,Porto-Novo,+229 80 84 53 68,agro.benin@gmail.com,,PME (10-50),B2C,CCIB Annuaire,,Actif,2026-06-28T23:54:33.119415,moyenne
BJ-6D2A3FEB,Jumia,Technologie & IT,Porto-Novo,+229 86 81 75 12,benin@jumia.com,jumia.com.bj,PME (50-200),B2C,CCIB Annuaire,,Actif,2026-06-28T23:54:33.119561,haute
BJ-6F523BEF,AfriTech SA Porto-Novo,Technologie & IT,Porto-Novo,+229 98 59 19 64,contact@afritech.bj,,PME (10-50),B2B,CCIB Annuaire,,Actif,2026-06-28T23:54:33.119610,haute
BJ-7EEBCFFA,AGS,Technologie & IT,Parakou,+229 82 88 41 43,ags.benin@agsfidal.com,,TPE (<10),B2B,CCIB Annuaire,,Actif,2026-06-28T23:54:33.119719,moyenne
BJ-782B87CC,DHL Cabinet Parakou,Technologie & IT,Parakou,+229 83 51 84 84,cotonou@dhl.com,,TPE (<10),B2B/B2C,CCIB Annuaire,,Actif,2026-06-28T23:54:33.119790,haute
BJ-8589112D,BCEAO Digital,Technologie & IT,Parakou,+229 74 88 74 11,,,TPE (<10),B2C,CCIB Annuaire,,Actif,2026-06-28T23:54:33.119828,moyenne
BJ-AF094FBA,CFAO Parakou,Technologie & IT,Parakou,+229 60 17 39 83,,,Grande (>200),B2C,CCIB Annuaire,,Actif,2026-06-28T23:54:33.119935,haute
BJ-8484E072,SERHAU-SEM Cabinet,Technologie & IT,Parakou,+229 60 62 33 49,info@serhau.bj,,PME (50-200),B2B/B2C,CCIB Annuaire,,Actif,2026-06-28T23:54:33.120139,haute
BJ-C4F32862,West Africa Novotel,Technologie & IT,Parakou,+229 70 13 24 36,,,PME (10-50),B2B/B2C,CCIB Annuaire,,Actif,2026-06-28T23:54:33.120174,haute
BJ-CB9C2A4B,Digital Bureau,Technologie & IT,Parakou,+229 90 30 43 98,,,Grande (>200),B2B/B2C,CCIB Annuaire,,Actif,2026-06-28T23:54:33.120221,moyenne
BJ-AB49F2D3,EPAC - École Polytechnique,Technologie & IT,Parakou,+229 73 78 43 53,,epac.uac.bj,PME (10-50),B2B,CCIB Annuaire,,Actif,2026-06-28T23:54:33.120301,haute
BJ-78E65520,MTN Ets Cotonou,BTP & Immobilier,Cotonou,+229 43 16 61 92,momo@mtn.bj,mtn.bj,Grande (>200),B2B,Google Maps,3.9,Actif,2026-06-29T00:05:29.613606,haute
BJ-5906E672,Ecobank,BTP & Immobilier,Cotonou,+229 91 43 46 54,,ecobank.com,TPE (<10),B2C,Google Maps,4.9,Actif,2026-06-29T00:05:29.613843,haute
BJ-1AA896A4,Jumia Bénin,BTP & Immobilier,Abomey-Calavi,+229 47 36 22 47,benin@jumia.com,jumia.com.bj,Grande (>200),B2B/B2C,Google Maps,4.6,Actif,2026-06-29T00:05:29.614670,haute
BJ-48B9C16D,West Africa Score,BTP & Immobilier,Abomey-Calavi,+229 60 71 29 49,,score-benin.com,PME (10-50),B2B,Google Maps,3.9,Actif,2026-06-29T00:05:29.614838,haute
BJ-6A9A27BB,Cabinet SARL,BTP & Immobilier,Abomey-Calavi,+229 92 41 38 12,,,PME (50-200),B2C,Google Maps,3.6,Actif,2026-06-29T00:05:29.614962,moyenne
BJ-FD8E79D4,AfriTech,BTP & Immobilier,Abomey-Calavi,+229 41 24 44 90,,,TPE (<10),B2B/B2C,Google Maps,4.2,Actif,2026-06-29T00:05:29.615025,haute
BJ-71CD7355,NSIA Bureau,BTP & Immobilier,Parakou,+229 48 78 30 37,nsia.benin@nsiaassurances.com,,TPE (<10),B2C,Google Maps,3.9,Actif,2026-06-29T00:05:29.615516,haute
BJ-A50E4A1E,Africa Ets Parakou,BTP & Immobilier,Parakou,+229 75 17 54 51,,,PME (10-50),B2B,Google Maps,4.0,Actif,2026-06-29T00:05:29.615550,moyenne
BJ-4D661173,West Africa Clinique,BTP & Immobilier,Parakou,+229 67 81 97 47,stluc@cliniquestluc.bj,cliniquestluc.bj,PME (10-50),B2B,Google Maps,3.4,Actif,2026-06-29T00:05:29.615579,haute
BJ-4811D835,Jumia Ets,BTP & Immobilier,Parakou,+229 23 43 90 31,benin@jumia.com,jumia.com.bj,TPE (<10),B2B,Google Maps,3.5,Actif,2026-06-29T00:05:29.615606,haute
BJ-0ADEDDCC,EPAC Groupe Parakou,BTP & Immobilier,Parakou,+229 90 16 97 90,epac@epac.uac.bj,,PME (10-50),B2B/B2C,Google Maps,3.1,Actif,2026-06-29T00:05:29.615632,haute
BJ-3DA74F09,BCEAO AGS,BTP & Immobilier,Bohicon,+229 20 93 65 63,ags.benin@agsfidal.com,,PME (10-50),B2B/B2C,Google Maps,3.1,Actif,2026-06-29T00:05:29.615674,moyenne
BJ-A6C0DC71,West Africa AGS,BTP & Immobilier,Bohicon,+229 80 85 76 28,ags.benin@agsfidal.com,,PME (10-50),B2B/B2C,Google Maps,4.7,Actif,2026-06-29T00:05:29.615712,moyenne
BJ-DB33F7D6,West Africa SONAPRA,BTP & Immobilier,Bohicon,+229 84 83 58 98,sonapra@sonapra.bj,,TPE (<10),B2B,Google Maps,3.4,Actif,2026-06-29T00:05:29.615746,moyenne
BJ-33C613C4,West Africa Ets Bohicon,BTP & Immobilier,Bohicon,+229 91 79 39 56,,,PME (50-200),B2B,Google Maps,3.1,Actif,2026-06-29T00:05:29.615779,moyenne
BJ-05389813,Africa Clinique Bohicon,BTP & Immobilier,Bohicon,+229 83 39 13 57,stluc@cliniquestluc.bj,cliniquestluc.bj,PME (50-200),B2B/B2C,Google Maps,3.3,Actif,2026-06-29T00:05:29.615808,haute
BJ-8DB9592D,West Africa MTN,BTP & Immobilier,Natitingou,+229 70 42 37 86,,,PME (10-50),B2B,Google Maps,3.8,Actif,2026-06-29T00:05:29.615851,haute
BJ-7A98595C,Africa Moov,BTP & Immobilier,Natitingou,+229 35 72 99 39,moov@moov.bj,moov.bj,Grande (>200),B2B/B2C,Google Maps,4.7,Actif,2026-06-29T00:05:29.615881,haute
BJ-8A543FC0,Clinique Saint Luc Cotonou,BTP & Immobilier,Natitingou,+229 62 71 16 90,,cliniquestluc.bj,Grande (>200),B2B/B2C,Google Maps,3.6,Actif,2026-06-29T00:05:29.615968,haute
BJ-480ED55D,SOBETRAP Groupe Natitingou,BTP & Immobilier,Natitingou,+229 62 19 44 97,contact@sobetrap.bj,sobetrap.bj,Grande (>200),B2B,Google Maps,3.2,Actif,2026-06-29T00:05:29.616017,haute
BJ-F79F8B6A,AfriTech Solutions,BTP & Immobilier,Natitingou,+229 53 55 21 68,contact@afritech.bj,,PME (10-50),B2B,Google Maps,3.4,Actif,2026-06-29T00:05:29.616065,haute
BJ-3B5EC561,Hôtel Ets,BTP & Immobilier,Lokossa,+229 22 56 42 40,hotel.lac@yahoo.fr,,TPE (<10),B2B/B2C,Google Maps,3.3,Actif,2026-06-29T00:05:29.616164,moyenne
BJ-192AD5BA,Bénin HAMMER,BTP & Immobilier,Lokossa,+229 47 35 34 43,info@hammer.bj,,PME (10-50),B2B/B2C,Google Maps,3.6,Actif,2026-06-29T00:05:29.616216,haute
BJ-399B646B,West Africa Pharmaquick Lokossa,BTP & Immobilier,Lokossa,+229 86 79 34 97,pharmaquick@gmail.com,,Grande (>200),B2C,Google Maps,3.1,Actif,2026-06-29T00:05:29.616252,moyenne
BJ-E08181DF,Score Supermarché,BTP & Immobilier,Lokossa,+229 68 67 25 79,,score-benin.com,Grande (>200),B2B/B2C,Google Maps,4.8,Actif,2026-06-29T00:05:29.616284,haute
BJ-1E4E566C,DHL Bureau,BTP & Immobilier,Lokossa,+229 94 46 22 56,cotonou@dhl.com,dhl.com,PME (50-200),B2B/B2C,Google Maps,4.6,Actif,2026-06-29T00:05:29.616310,haute
BJ-D393A7D5,BCEAO Moov,BTP & Immobilier,Ouidah,+229 94 71 57 73,,,Grande (>200),B2C,Google Maps,4.5,Actif,2026-06-29T00:05:29.616352,haute
BJ-FB5786A1,Ets SARL,BTP & Immobilier,Ouidah,+229 45 82 32 53,,,PME (10-50),B2B,Google Maps,4.0,Actif,2026-06-29T00:05:29.616379,moyenne
BJ-92816851,SONAPRA Groupe,BTP & Immobilier,Ouidah,+229 50 83 50 94,sonapra@sonapra.bj,,TPE (<10),B2B/B2C,Google Maps,3.9,Actif,2026-06-29T00:05:29.616411,moyenne
BJ-B21F5835,Bénin NSIA,BTP & Immobilier,Ouidah,+229 45 62 95 88,,,PME (10-50),B2B,Google Maps,4.1,Actif,2026-06-29T00:05:29.616437,haute
BJ-594DB6AE,SONAPRA,BTP & Immobilier,Ouidah,+229 96 33 69 19,,,PME (50-200),B2B,Google Maps,4.0,Actif,2026-06-29T00:05:29.616474,moyenne
BJ-1FFB813F,SERHAU-SEM Centre,Commerce & Distribution,Cotonou,+229 99 44 99 79,,serhau.bj,PME (50-200),B2B/B2C,Google Maps,4.6,Actif,2026-06-29T00:05:29.616650,haute
BJ-A8054D50,Africa Restaurant Cotonou,Commerce & Distribution,Cotonou,+229 54 85 18 41,amazone.cotonou@gmail.com,,TPE (<10),B2B/B2C,Google Maps,4.0,Actif,2026-06-29T00:05:29.616711,moyenne
BJ-ACFA9608,SOBETRAP Abomey-Calavi,Commerce & Distribution,Abomey-Calavi,+229 86 96 60 17,,,Grande (>200),B2B/B2C,Google Maps,3.2,Actif,2026-06-29T00:05:29.616778,haute
BJ-66069815,Africa AGS Abomey-Calavi,Commerce & Distribution,Abomey-Calavi,+229 46 99 67 38,,,Grande (>200),B2C,Google Maps,4.5,Actif,2026-06-29T00:05:29.616803,moyenne
BJ-C31E4EA8,Score,Commerce & Distribution,Abomey-Calavi,+229 57 73 45 67,score@score-benin.com,score-benin.com,Grande (>200),B2B/B2C,Google Maps,4.3,Actif,2026-06-29T00:05:29.616852,haute
BJ-6D70C9CE,MTN Cabinet Porto-Novo,Commerce & Distribution,Porto-Novo,+229 73 78 63 23,momo@mtn.bj,mtn.bj,PME (10-50),B2B,Google Maps,4.9,Actif,2026-06-29T00:05:29.616972,haute
BJ-82B62DFA,Africa AfriTech,Commerce & Distribution,Porto-Novo,+229 93 68 26 51,contact@afritech.bj,afritech.bj,Grande (>200),B2C,Google Maps,3.4,Actif,2026-06-29T00:05:29.617005,haute
BJ-5DE6DC64,Digital Porto-Novo,Commerce & Distribution,Porto-Novo,+229 40 86 97 46,digital.benin@gmail.com,,Grande (>200),B2B,Google Maps,3.1,Actif,2026-06-29T00:05:29.617031,moyenne
BJ-55BEA52C,Ecobank Bénin Parakou,Commerce & Distribution,Parakou,+229 95 28 37 37,ecobank.benin@ecobank.com,ecobank.com,TPE (<10),B2B,Google Maps,3.2,Actif,2026-06-29T00:05:29.617079,haute
BJ-6C37C402,Digital Centre Parakou,Commerce & Distribution,Parakou,+229 20 52 27 54,,,TPE (<10),B2C,Google Maps,3.4,Actif,2026-06-29T00:05:29.617133,moyenne
BJ-7E103FD0,SOBETRAP SA,Commerce & Distribution,Bohicon,+229 29 97 15 86,contact@sobetrap.bj,sobetrap.bj,PME (50-200),B2B,Google Maps,4.0,Actif,2026-06-29T00:05:29.617218,haute
BJ-F99BC17B,Bénin Groupe,Commerce & Distribution,Bohicon,+229 38 88 25 50,collines.immo@yahoo.fr,,TPE (<10),B2B/B2C,Google Maps,4.8,Actif,2026-06-29T00:05:29.617242,moyenne
BJ-CE451E74,AfriTech Solutions,Commerce & Distribution,Bohicon,+229 71 41 93 42,contact@afritech.bj,afritech.bj,Grande (>200),B2B,Google Maps,3.8,Actif,2026-06-29T00:05:29.617267,haute
BJ-61544B80,Ecobank Bénin Bohicon,Commerce & Distribution,Bohicon,+229 87 13 67 55,ecobank.benin@ecobank.com,ecobank.com,PME (50-200),B2B/B2C,Google Maps,4.8,Actif,2026-06-29T00:05:29.617298,haute
BJ-E462742F,Score Centre,Commerce & Distribution,Bohicon,+229 58 73 53 97,score@score-benin.com,,PME (50-200),B2B/B2C,Google Maps,3.8,Actif,2026-06-29T00:05:29.617322,haute
BJ-4B6DB041,Ets Bureau,Commerce & Distribution,Natitingou,+229 53 72 70 44,,,Grande (>200),B2B/B2C,Google Maps,3.1,Actif,2026-06-29T00:05:29.617367,moyenne
BJ-DD54F0CF,Africa Cabinet,Commerce & Distribution,Natitingou,+229 73 63 51 42,arch.design@gmail.com,,TPE (<10),B2C,Google Maps,3.7,Actif,2026-06-29T00:05:29.617392,moyenne
BJ-6188D2F3,Pharmaquick Bénin,Commerce & Distribution,Natitingou,+229 24 91 27 87,pharmaquick@gmail.com,,PME (50-200),B2B,Google Maps,3.4,Actif,2026-06-29T00:05:29.617415,moyenne
BJ-59F3B560,NSIA Natitingou,Commerce & Distribution,Natitingou,+229 99 60 73 93,,,TPE (<10),B2C,Google Maps,4.7,Actif,2026-06-29T00:05:29.617439,haute
BJ-36758549,SOBEBRA Centre,Commerce & Distribution,Natitingou,+229 95 87 40 90,transport@sobebra.bj,,Grande (>200),B2B,Google Maps,3.2,Actif,2026-06-29T00:05:29.617462,moyenne
BJ-D68801BB,SOBETRAP Cabinet Lokossa,Commerce & Distribution,Lokossa,+229 89 99 38 10,,,TPE (<10),B2B,Google Maps,4.3,Actif,2026-06-29T00:05:29.617504,haute
BJ-895A8DF9,Africa AfriTech,Commerce & Distribution,Lokossa,+229 65 73 25 98,,,TPE (<10),B2B,Google Maps,3.6,Actif,2026-06-29T00:05:29.617535,haute
BJ-EA42FB1B,DHL Express Bénin,Commerce & Distribution,Lokossa,+229 51 43 11 57,cotonou@dhl.com,,TPE (<10),B2B/B2C,Google Maps,3.6,Actif,2026-06-29T00:05:29.617561,haute
BJ-FFC83CB6,CNHU-HKM,Commerce & Distribution,Lokossa,+229 21 64 19 13,,cnhu.bj,TPE (<10),B2B,Google Maps,3.7,Actif,2026-06-29T00:05:29.617590,haute
BJ-DD2BCFA3,Bénin SOBEBRA,Commerce & Distribution,Lokossa,+229 95 32 83 53,transport@sobebra.bj,,Grande (>200),B2B/B2C,Google Maps,3.6,Actif,2026-06-29T00:05:29.617615,moyenne
BJ-9BD31DFE,Clinique Saint Luc Cotonou Ouidah,Commerce & Distribution,Ouidah,+229 73 66 78 83,,cliniquestluc.bj,PME (10-50),B2B,Google Maps,3.9,Actif,2026-06-29T00:05:29.617652,haute
BJ-E8887D1E,BCEAO SOBETRAP Ouidah,Commerce & Distribution,Ouidah,+229 65 25 71 61,,,PME (10-50),B2B/B2C,Google Maps,3.8,Actif,2026-06-29T00:05:29.617679,haute
BJ-1AFF31A0,SERHAU-SEM Cabinet,Commerce & Distribution,Ouidah,+229 45 56 41 58,,serhau.bj,PME (10-50),B2B,Google Maps,4.7,Actif,2026-06-29T00:05:29.617702,haute
BJ-76350F9A,Africa HAMMER Ouidah,Commerce & Distribution,Ouidah,+229 89 63 94 27,info@hammer.bj,hammer.bj,TPE (<10),B2B/B2C,Google Maps,3.0,Actif,2026-06-29T00:05:29.617725,haute
BJ-F6AF01A0,Africa Ecobank Ouidah,Commerce & Distribution,Ouidah,+229 87 89 80 81,ecobank.benin@ecobank.com,,Grande (>200),B2B,Google Maps,4.2,Actif,2026-06-29T00:05:29.617748,haute
BJ-DE3AE482,Novotel Cabinet Cotonou,Restauration & Hôtellerie,Cotonou,+229 95 12 82 15,h5436@accor.com,,PME (10-50),B2B,Google Maps,3.2,Actif,2026-06-29T00:05:29.617785,haute
BJ-A04D9A74,Bénin Pharmaquick,Restauration & Hôtellerie,Cotonou,+229 76 77 75 66,pharmaquick@gmail.com,,TPE (<10),B2B,Google Maps,4.4,Actif,2026-06-29T00:05:29.617834,moyenne
BJ-4D0A6A21,Africa Pharmaquick Cotonou,Restauration & Hôtellerie,Cotonou,+229 97 12 14 86,pharmaquick@gmail.com,,TPE (<10),B2C,Google Maps,4.2,Actif,2026-06-29T00:05:29.617973,moyenne
BJ-1214EE32,Restaurant,Restauration & Hôtellerie,Abomey-Calavi,+229 97 65 84 11,amazone.cotonou@gmail.com,,Grande (>200),B2C,Google Maps,4.5,Actif,2026-06-29T00:05:29.618050,moyenne
BJ-0CBB1350,Ecobank Bénin Abomey-Calavi,Restauration & Hôtellerie,Abomey-Calavi,+229 46 20 76 10,ecobank.benin@ecobank.com,ecobank.com,PME (50-200),B2C,Google Maps,4.1,Actif,2026-06-29T00:05:29.618104,haute
BJ-22485A94,MTN Bénin,Restauration & Hôtellerie,Abomey-Calavi,+229 64 81 29 39,contact@mtn.bj,,TPE (<10),B2B,Google Maps,4.7,Actif,2026-06-29T00:05:29.618265,haute
BJ-C8E3A283,SERHAU-SEM SA,Restauration & Hôtellerie,Porto-Novo,+229 94 63 21 43,info@serhau.bj,serhau.bj,Grande (>200),B2B/B2C,Google Maps,3.7,Actif,2026-06-29T00:05:29.618349,haute
BJ-C41D4AF1,SOBETRAP Porto-Novo,Restauration & Hôtellerie,Porto-Novo,+229 84 57 56 77,contact@sobetrap.bj,,TPE (<10),B2C,Google Maps,4.3,Actif,2026-06-29T00:05:29.618403,haute
BJ-2AF2DF23,Digital Benin,Restauration & Hôtellerie,Porto-Novo,+229 84 33 70 24,,,TPE (<10),B2C,Google Maps,3.2,Actif,2026-06-29T00:05:29.618608,moyenne
BJ-60B7293E,HAMMER Groupe,Restauration & Hôtellerie,Parakou,+229 78 98 30 53,info@hammer.bj,hammer.bj,PME (10-50),B2B,Google Maps,3.6,Actif,2026-06-29T00:05:29.618966,haute
BJ-951C111D,NSIA SA Bohicon,Restauration & Hôtellerie,Bohicon,+229 62 79 18 92,nsia.benin@nsiaassurances.com,nsiaassurances.com,Grande (>200),B2B/B2C,Google Maps,4.8,Actif,2026-06-29T00:05:29.619037,haute
BJ-27ACFA12,Université d'Abomey-Calavi,Restauration & Hôtellerie,Bohicon,+229 20 91 58 50,rectorat@uac.bj,uac.bj,Grande (>200),B2C,Google Maps,4.1,Actif,2026-06-29T00:05:29.619066,haute
BJ-7FCA91C9,SOBEBRA Centre,Restauration & Hôtellerie,Bohicon,+229 53 76 26 63,,,PME (10-50),B2B,Google Maps,4.4,Actif,2026-06-29T00:05:29.619090,moyenne
BJ-4AA9A3E5,Bénin Moov,Restauration & Hôtellerie,Bohicon,+229 86 94 34 44,moov@moov.bj,,PME (10-50),B2B,Google Maps,3.6,Actif,2026-06-29T00:05:29.619126,haute
BJ-6BC83F63,NSIA Assurances Bénin,Restauration & Hôtellerie,Bohicon,+229 22 58 35 62,,nsiaassurances.com,PME (10-50),B2B/B2C,Google Maps,3.1,Actif,2026-06-29T00:05:29.619152,haute
BJ-E99DE1AB,Restaurant SARL,Restauration & Hôtellerie,Natitingou,+229 36 77 21 36,amazone.cotonou@gmail.com,,PME (50-200),B2B,Google Maps,4.7,Actif,2026-06-29T00:05:29.619216,moyenne
BJ-17207CA8,CNHU-HKM Natitingou,Restauration & Hôtellerie,Natitingou,+229 51 40 83 44,contact@cnhu.bj,,Grande (>200),B2B,Google Maps,3.2,Actif,2026-06-29T00:05:29.619248,haute
BJ-77A0EBFF,West Africa Pharmaquick,Restauration & Hôtellerie,Natitingou,+229 60 80 67 73,,,PME (10-50),B2B/B2C,Google Maps,4.4,Actif,2026-06-29T00:05:29.619272,moyenne
BJ-EACA76FE,Bénin Clinique,Restauration & Hôtellerie,Natitingou,+229 84 62 31 24,stluc@cliniquestluc.bj,,Grande (>200),B2B,Google Maps,3.3,Actif,2026-06-29T00:05:29.619296,haute
BJ-F2CD6C11,Hôtel SARL Natitingou,Restauration & Hôtellerie,Natitingou,+229 82 93 42 52,hotel.lac@yahoo.fr,,Grande (>200),B2B,Google Maps,3.6,Actif,2026-06-29T00:05:29.619323,moyenne
BJ-9B96C774,Hôtel Lokossa,Restauration & Hôtellerie,Lokossa,+229 37 43 51 34,,,TPE (<10),B2B,Google Maps,3.4,Actif,2026-06-29T00:05:29.619372,moyenne
BJ-A5BC71A7,West Africa Pharmaquick,Restauration & Hôtellerie,Lokossa,+229 37 10 18 85,,,PME (50-200),B2B,Google Maps,4.1,Actif,2026-06-29T00:05:29.619442,moyenne
BJ-7D2A2FCD,Groupe SARL,Restauration & Hôtellerie,Lokossa,+229 39 76 95 21,collines.immo@yahoo.fr,,Grande (>200),B2B/B2C,Google Maps,4.9,Actif,2026-06-29T00:05:29.619508,moyenne
BJ-CC16CA17,NSIA,Restauration & Hôtellerie,Lokossa,+229 61 73 99 62,,,TPE (<10),B2B,Google Maps,3.3,Actif,2026-06-29T00:05:29.620071,haute
BJ-191116C6,CNHU-HKM Lokossa,Restauration & Hôtellerie,Lokossa,+229 30 46 68 71,,,TPE (<10),B2C,Google Maps,4.1,Actif,2026-06-29T00:05:29.620127,haute
BJ-EADEE1F0,AfriTech Solutions,Restauration & Hôtellerie,Ouidah,+229 64 63 38 52,,,Grande (>200),B2C,Google Maps,4.5,Actif,2026-06-29T00:05:29.620234,haute
BJ-C589AC22,Pharmaquick Ouidah,Restauration & Hôtellerie,Ouidah,+229 27 71 68 59,pharmaquick@gmail.com,,PME (10-50),B2C,Google Maps,4.2,Actif,2026-06-29T00:05:29.620294,moyenne
BJ-632B9DA4,EPAC - École Polytechnique,Restauration & Hôtellerie,Ouidah,+229 36 14 64 28,,epac.uac.bj,TPE (<10),B2B/B2C,Google Maps,4.8,Actif,2026-06-29T00:05:29.620362,haute
BJ-BC75EE28,CNHU-HKM SARL,Restauration & Hôtellerie,Ouidah,+229 74 81 93 55,,cnhu.bj,PME (10-50),B2C,Google Maps,4.6,Actif,2026-06-29T00:05:29.620406,haute
BJ-22944E06,Africa Groupe,Restauration & Hôtellerie,Ouidah,+229 27 42 37 22,collines.immo@yahoo.fr,,PME (50-200),B2B,Google Maps,3.2,Actif,2026-06-29T00:05:29.620447,moyenne
BJ-752CFEA6,Hôtel,Santé & Pharmacie,Cotonou,+229 74 60 74 69,hotel.lac@yahoo.fr,,PME (10-50),B2B,Google Maps,3.4,Actif,2026-06-29T00:05:29.620569,moyenne
BJ-6AC476BA,Bénin MTN Abomey-Calavi,Santé & Pharmacie,Abomey-Calavi,+229 46 26 16 30,,,Grande (>200),B2B/B2C,Google Maps,4.0,Actif,2026-06-29T00:05:29.620848,haute
BJ-47A15FF6,Score SARL Abomey-Calavi,Santé & Pharmacie,Abomey-Calavi,+229 38 47 67 99,,,Grande (>200),B2B/B2C,Google Maps,3.6,Actif,2026-06-29T00:05:29.620962,haute
BJ-51A31692,Ecobank SARL,Santé & Pharmacie,Abomey-Calavi,+229 71 32 43 41,ecobank.benin@ecobank.com,ecobank.com,TPE (<10),B2B/B2C,Google Maps,3.5,Actif,2026-06-29T00:05:29.621016,haute
BJ-EDE0A9C8,Université Centre,Santé & Pharmacie,Abomey-Calavi,+229 49 76 83 15,rectorat@uac.bj,uac.bj,PME (10-50),B2B/B2C,Google Maps,3.6,Actif,2026-06-29T00:05:29.621108,haute
BJ-145D9AFD,SOBEBRA Ets Porto-Novo,Santé & Pharmacie,Porto-Novo,+229 85 68 45 48,transport@sobebra.bj,,Grande (>200),B2B,Google Maps,4.5,Actif,2026-06-29T00:05:29.621182,moyenne
BJ-DEC1B2D5,Hôtel Porto-Novo,Santé & Pharmacie,Porto-Novo,+229 47 33 36 85,,,PME (50-200),B2B,Google Maps,3.2,Actif,2026-06-29T00:05:29.621369,moyenne
BJ-95D19D88,BCEAO SOBETRAP,Santé & Pharmacie,Porto-Novo,+229 87 28 29 67,contact@sobetrap.bj,,PME (50-200),B2B,Google Maps,3.1,Actif,2026-06-29T00:05:29.621465,haute
BJ-6E501846,Bénin Jumia,Santé & Pharmacie,Porto-Novo,+229 79 65 30 52,,,TPE (<10),B2C,Google Maps,4.9,Actif,2026-06-29T00:05:29.621514,haute
BJ-6D8A9885,Clinique Bureau,Santé & Pharmacie,Parakou,+229 86 42 27 33,,,TPE (<10),B2B,Google Maps,3.7,Actif,2026-06-29T00:05:29.621606,haute
BJ-38F0BE83,HAMMER BENIN,Santé & Pharmacie,Parakou,+229 40 42 12 45,info@hammer.bj,hammer.bj,Grande (>200),B2B/B2C,Google Maps,4.5,Actif,2026-06-29T00:05:29.621678,haute
BJ-3073D137,MTN Ets Parakou,Santé & Pharmacie,Parakou,+229 57 70 64 38,momo@mtn.bj,,Grande (>200),B2B/B2C,Google Maps,3.0,Actif,2026-06-29T00:05:29.624097,haute
BJ-CBB9FF24,CFAO SA Bohicon,Santé & Pharmacie,Bohicon,+229 47 86 70 93,cfao.benin@cfao.com,,Grande (>200),B2B,Google Maps,3.9,Actif,2026-06-29T00:05:29.624339,haute
BJ-8C56D683,CNHU-HKM Bohicon,Santé & Pharmacie,Bohicon,+229 88 50 60 88,,,PME (50-200),B2B,Google Maps,3.8,Actif,2026-06-29T00:05:29.624454,haute
BJ-1BE88856,SOBEBRA Bohicon,Santé & Pharmacie,Bohicon,+229 80 62 85 60,transport@sobebra.bj,,TPE (<10),B2C,Google Maps,3.9,Actif,2026-06-29T00:05:29.624737,moyenne
BJ-8BF3950A,EPAC - École Polytechnique,Santé & Pharmacie,Natitingou,+229 55 28 75 26,epac@epac.uac.bj,,Grande (>200),B2B,Google Maps,3.2,Actif,2026-06-29T00:05:29.624986,haute
BJ-D282F584,West Africa Novotel Natitingou,Santé & Pharmacie,Natitingou,+229 44 67 89 98,h5436@accor.com,,PME (50-200),B2C,Google Maps,4.3,Actif,2026-06-29T00:05:29.625070,haute
BJ-04AA3FA8,BOAD Centre,Santé & Pharmacie,Natitingou,+229 97 90 31 44,,boad.org,Grande (>200),B2C,Google Maps,4.6,Actif,2026-06-29T00:05:29.625148,haute
BJ-08D08FB7,HAMMER Ets,Santé & Pharmacie,Natitingou,+229 54 98 97 31,info@hammer.bj,hammer.bj,TPE (<10),B2B,Google Maps,3.5,Actif,2026-06-29T00:05:29.625218,haute
BJ-402CDA09,AfriTech Solutions Lokossa,Santé & Pharmacie,Lokossa,+229 75 95 79 83,contact@afritech.bj,afritech.bj,TPE (<10),B2C,Google Maps,4.2,Actif,2026-06-29T00:05:29.625299,haute
BJ-0C5F9E82,Africa Université,Santé & Pharmacie,Lokossa,+229 96 47 70 46,,uac.bj,PME (10-50),B2B,Google Maps,3.4,Actif,2026-06-29T00:05:29.625400,haute
BJ-13ED83C7,BCEAO AGS Lokossa,Santé & Pharmacie,Lokossa,+229 99 86 53 20,ags.benin@agsfidal.com,,PME (10-50),B2B/B2C,Google Maps,3.5,Actif,2026-06-29T00:05:29.625489,moyenne
BJ-02A9BBDD,Groupe,Santé & Pharmacie,Lokossa,+229 63 29 39 69,,,PME (50-200),B2B,Google Maps,4.7,Actif,2026-06-29T00:05:29.625544,moyenne
BJ-D5ECC58F,DHL,Santé & Pharmacie,Ouidah,+229 33 18 87 37,,,PME (10-50),B2C,Google Maps,4.0,Actif,2026-06-29T00:05:29.625624,haute
BJ-B2839261,BOAD Agence Cotonou,Santé & Pharmacie,Ouidah,+229 38 33 23 16,boad@boad.org,boad.org,TPE (<10),B2C,Google Maps,4.8,Actif,2026-06-29T00:05:29.625665,haute
BJ-F37620BF,Cabinet,Santé & Pharmacie,Ouidah,+229 21 31 92 85,arch.design@gmail.com,,TPE (<10),B2B/B2C,Google Maps,4.1,Actif,2026-06-29T00:05:29.625721,moyenne
BJ-663FD30A,SOBEBRA Cabinet,Santé & Pharmacie,Ouidah,+229 80 26 61 58,,,TPE (<10),B2B/B2C,Google Maps,4.2,Actif,2026-06-29T00:05:29.625784,moyenne
BJ-310216F1,Jumia Groupe,Finance & Assurance,Cotonou,+229 41 41 67 51,benin@jumia.com,jumia.com.bj,Grande (>200),B2B/B2C,Google Maps,3.0,Actif,2026-06-29T00:05:29.626187,haute
BJ-F3965491,Ets Biokou & Frères Abomey-Calavi,Finance & Assurance,Abomey-Calavi,+229 54 45 70 26,,,Grande (>200),B2C,Google Maps,3.0,Actif,2026-06-29T00:05:29.626423,moyenne
BJ-90AFA48F,AfriTech SARL,Finance & Assurance,Abomey-Calavi,+229 37 23 65 27,contact@afritech.bj,,Grande (>200),B2B,Google Maps,3.5,Actif,2026-06-29T00:05:29.626869,haute
BJ-272F4A54,BOAD SARL,Finance & Assurance,Porto-Novo,+229 61 93 41 88,boad@boad.org,,Grande (>200),B2B/B2C,Google Maps,4.6,Actif,2026-06-29T00:05:29.627207,haute
BJ-A077A174,Clinique SARL,Finance & Assurance,Porto-Novo,+229 78 97 97 39,,,Grande (>200),B2C,Google Maps,4.6,Actif,2026-06-29T00:05:29.627252,haute
BJ-CAE6C7BF,SONAPRA,Finance & Assurance,Porto-Novo,+229 75 73 58 89,sonapra@sonapra.bj,,TPE (<10),B2B,Google Maps,3.3,Actif,2026-06-29T00:05:29.627372,moyenne
BJ-C5469FDC,BCEAO Score Porto-Novo,Finance & Assurance,Porto-Novo,+229 32 95 25 58,score@score-benin.com,,TPE (<10),B2B/B2C,Google Maps,3.4,Actif,2026-06-29T00:05:29.627432,haute
BJ-1FDA0CCA,Africa Groupe Parakou,Finance & Assurance,Parakou,+229 23 36 86 18,collines.immo@yahoo.fr,,PME (10-50),B2B,Google Maps,4.1,Actif,2026-06-29T00:05:29.627520,moyenne
BJ-AB5DA38E,West Africa AfriTech,Finance & Assurance,Parakou,+229 27 20 17 76,,afritech.bj,Grande (>200),B2B,Google Maps,3.6,Actif,2026-06-29T00:05:29.627608,haute
BJ-FDAA4ABC,MTN Centre,Finance & Assurance,Parakou,+229 55 36 32 37,contact@mtn.bj,,PME (10-50),B2B/B2C,Google Maps,3.9,Actif,2026-06-29T00:05:29.627736,haute
BJ-6E4B0626,CNHU-HKM SA,Finance & Assurance,Parakou,+229 20 70 75 61,contact@cnhu.bj,cnhu.bj,Grande (>200),B2B,Google Maps,3.9,Actif,2026-06-29T00:05:29.627779,haute
BJ-0052C26D,West Africa Groupe,Finance & Assurance,Bohicon,+229 44 62 85 99,,,Grande (>200),B2B/B2C,Google Maps,3.9,Actif,2026-06-29T00:05:29.627939,moyenne
BJ-8618E3B6,BOAD Agence Cotonou,Finance & Assurance,Bohicon,+229 76 98 15 47,boad@boad.org,boad.org,TPE (<10),B2C,Google Maps,4.2,Actif,2026-06-29T00:05:29.628001,haute
BJ-0F0ABA36,Ecobank Bénin,Finance & Assurance,Bohicon,+229 40 17 22 46,ecobank.benin@ecobank.com,ecobank.com,Grande (>200),B2C,Google Maps,3.3,Actif,2026-06-29T00:05:29.628104,haute
BJ-C0849E2C,Bénin Cabinet,Finance & Assurance,Natitingou,+229 25 35 81 96,arch.design@gmail.com,,Grande (>200),B2B,Google Maps,3.7,Actif,2026-06-29T00:05:29.628175,moyenne
BJ-9198E362,Score SA Natitingou,Finance & Assurance,Natitingou,+229 63 30 41 43,score@score-benin.com,,TPE (<10),B2B/B2C,Google Maps,4.2,Actif,2026-06-29T00:05:29.628244,haute
BJ-810CD194,Groupe SARL,Finance & Assurance,Natitingou,+229 56 24 19 67,,,Grande (>200),B2B,Google Maps,3.3,Actif,2026-06-29T00:05:29.628290,moyenne
BJ-56BF6885,Cabinet Centre,Finance & Assurance,Natitingou,+229 92 34 79 24,,,Grande (>200),B2B,Google Maps,3.2,Actif,2026-06-29T00:05:29.628337,moyenne
BJ-11EE7BFA,Africa Groupe,Finance & Assurance,Lokossa,+229 52 89 79 91,collines.immo@yahoo.fr,,TPE (<10),B2C,Google Maps,4.4,Actif,2026-06-29T00:05:29.628490,moyenne
BJ-06F05803,Cabinet Cabinet Lokossa,Finance & Assurance,Lokossa,+229 87 47 26 36,arch.design@gmail.com,,Grande (>200),B2B,Google Maps,3.4,Actif,2026-06-29T00:05:29.628541,moyenne
BJ-B35E8BFD,Jumia Lokossa,Finance & Assurance,Lokossa,+229 66 32 44 21,benin@jumia.com,,TPE (<10),B2B/B2C,Google Maps,4.6,Actif,2026-06-29T00:05:29.628655,haute
BJ-F04365CC,MTN Mobile Money Bénin,Finance & Assurance,Lokossa,+229 65 59 55 90,momo@mtn.bj,mtn.bj,PME (50-200),B2B,Google Maps,3.4,Actif,2026-06-29T00:05:29.628731,haute
BJ-52052042,Digital Cabinet,Finance & Assurance,Ouidah,+229 67 39 71 67,,,PME (10-50),B2B/B2C,Google Maps,3.2,Actif,2026-06-29T00:05:29.628815,moyenne
BJ-9F4717EF,SOBEBRA Transport,Finance & Assurance,Ouidah,+229 49 39 74 28,transport@sobebra.bj,,PME (10-50),B2B,Google Maps,3.7,Actif,2026-06-29T00:05:29.628887,moyenne
BJ-48ECFC8D,DHL Cabinet,Finance & Assurance,Ouidah,+229 84 89 77 65,,dhl.com,PME (10-50),B2B,Google Maps,4.6,Actif,2026-06-29T00:05:29.629267,haute
BJ-FCC56518,Ets Ouidah,Finance & Assurance,Ouidah,+229 25 42 47 57,,,PME (50-200),B2C,Google Maps,3.9,Actif,2026-06-29T00:05:29.629346,moyenne
BJ-98A566A7,Groupe Groupe Ouidah,Finance & Assurance,Ouidah,+229 36 61 46 45,collines.immo@yahoo.fr,,PME (10-50),B2B/B2C,Google Maps,3.2,Actif,2026-06-29T00:05:29.629401,moyenne
BJ-A0085247,SERHAU-SEM SARL,Transport & Logistique,Cotonou,+229 76 23 85 85,,serhau.bj,PME (10-50),B2B/B2C,Google Maps,4.8,Actif,2026-06-29T00:05:29.629482,haute
BJ-37FF71AE,Africa Pharmaquick,Transport & Logistique,Cotonou,+229 73 35 15 34,pharmaquick@gmail.com,,Grande (>200),B2B/B2C,Google Maps,3.8,Actif,2026-06-29T00:05:29.629569,moyenne
BJ-B0CB57A1,Africa Restaurant,Transport & Logistique,Cotonou,+229 52 35 92 68,,,PME (50-200),B2C,Google Maps,4.0,Actif,2026-06-29T00:05:29.629808,moyenne
BJ-925F26AB,SOBEBRA Cabinet,Transport & Logistique,Cotonou,+229 28 24 52 89,transport@sobebra.bj,,PME (50-200),B2C,Google Maps,4.7,Actif,2026-06-29T00:05:29.629910,moyenne
BJ-3C0078B3,Digital Cabinet,Transport & Logistique,Abomey-Calavi,+229 53 28 86 24,digital.benin@gmail.com,,Grande (>200),B2B/B2C,Google Maps,4.3,Actif,2026-06-29T00:05:29.630061,moyenne
BJ-6E9B1FA8,HAMMER SA Abomey-Calavi,Transport & Logistique,Abomey-Calavi,+229 52 51 81 49,info@hammer.bj,,PME (10-50),B2B,Google Maps,3.4,Actif,2026-06-29T00:05:29.630118,haute
BJ-AB8C41DE,Clinique Groupe,Transport & Logistique,Abomey-Calavi,+229 85 92 42 95,stluc@cliniquestluc.bj,,Grande (>200),B2B,Google Maps,4.9,Actif,2026-06-29T00:05:29.630220,haute
BJ-544F0B51,AfriTech Bureau,Transport & Logistique,Porto-Novo,+229 77 21 34 92,contact@afritech.bj,afritech.bj,Grande (>200),B2B,Google Maps,4.7,Actif,2026-06-29T00:05:29.630350,haute
BJ-6AA7520D,Africa SERHAU-SEM,Transport & Logistique,Porto-Novo,+229 97 98 65 66,,serhau.bj,PME (10-50),B2B/B2C,Google Maps,4.6,Actif,2026-06-29T00:05:29.630460,haute
BJ-35891ED2,Hôtel Centre,Transport & Logistique,Porto-Novo,+229 95 43 18 25,,,TPE (<10),B2B/B2C,Google Maps,4.7,Actif,2026-06-29T00:05:29.630515,moyenne
BJ-791DCEB9,West Africa Groupe Parakou,Transport & Logistique,Parakou,+229 21 87 85 16,,,PME (50-200),B2B/B2C,Google Maps,3.3,Actif,2026-06-29T00:05:29.630660,moyenne
BJ-6AB693B9,Bénin SOBEBRA Parakou,Transport & Logistique,Parakou,+229 66 83 50 94,transport@sobebra.bj,,Grande (>200),B2C,Google Maps,3.8,Actif,2026-06-29T00:05:29.630832,moyenne
BJ-437ABCAB,Bénin Restaurant Bohicon,Transport & Logistique,Bohicon,+229 69 96 61 70,,,Grande (>200),B2B/B2C,Google Maps,4.7,Actif,2026-06-29T00:05:29.630975,moyenne
BJ-4A387AA4,Jumia,Transport & Logistique,Bohicon,+229 77 95 36 96,benin@jumia.com,,PME (50-200),B2B,Google Maps,4.3,Actif,2026-06-29T00:05:29.631049,haute
BJ-21CF4F7D,SOBEBRA Transport,Transport & Logistique,Bohicon,+229 37 64 62 16,,,PME (50-200),B2C,Google Maps,3.5,Actif,2026-06-29T00:05:29.631091,moyenne
BJ-C9EA2E0F,CFAO Motors Bénin,Transport & Logistique,Bohicon,+229 39 28 70 58,cfao.benin@cfao.com,cfao.com,TPE (<10),B2B/B2C,Google Maps,3.8,Actif,2026-06-29T00:05:29.631147,haute
BJ-3A9C03D5,AfriTech Solutions Bohicon,Transport & Logistique,Bohicon,+229 94 34 61 70,,afritech.bj,TPE (<10),B2C,Google Maps,5.0,Actif,2026-06-29T00:05:29.631210,haute
BJ-0D819EF3,West Africa CNHU-HKM,Transport & Logistique,Natitingou,+229 78 61 84 95,,cnhu.bj,TPE (<10),B2C,Google Maps,3.4,Actif,2026-06-29T00:05:29.631315,haute
BJ-C5948FEF,West Africa Université,Transport & Logistique,Natitingou,+229 44 91 77 58,rectorat@uac.bj,,PME (50-200),B2C,Google Maps,5.0,Actif,2026-06-29T00:05:29.631383,haute
BJ-30B59C26,CNHU-HKM Bureau,Transport & Logistique,Natitingou,+229 58 42 82 64,contact@cnhu.bj,cnhu.bj,TPE (<10),B2B/B2C,Google Maps,4.1,Actif,2026-06-29T00:05:29.631484,haute
BJ-CE004AC2,Digital Centre Natitingou,Transport & Logistique,Natitingou,+229 51 84 43 73,,,TPE (<10),B2C,Google Maps,3.9,Actif,2026-06-29T00:05:29.631527,moyenne
BJ-3314A04B,SOBEBRA Centre,Transport & Logistique,Lokossa,+229 72 20 68 30,transport@sobebra.bj,,TPE (<10),B2B/B2C,Google Maps,4.4,Actif,2026-06-29T00:05:29.631618,moyenne
BJ-2C3E9477,Bénin Ets,Transport & Logistique,Lokossa,+229 97 81 47 92,,,PME (50-200),B2B/B2C,Google Maps,4.7,Actif,2026-06-29T00:05:29.631678,moyenne
BJ-0E168DAD,NSIA Assurances Bénin Lokossa,Transport & Logistique,Lokossa,+229 76 50 61 93,nsia.benin@nsiaassurances.com,,PME (50-200),B2B/B2C,Google Maps,3.4,Actif,2026-06-29T00:05:29.631734,haute
BJ-ACB1236E,DHL Centre Lokossa,Transport & Logistique,Lokossa,+229 78 14 45 98,cotonou@dhl.com,,TPE (<10),B2B/B2C,Google Maps,3.7,Actif,2026-06-29T00:05:29.631856,haute
BJ-9A8BBA55,MTN Centre,Transport & Logistique,Ouidah,+229 82 70 56 64,,,PME (10-50),B2C,Google Maps,3.1,Actif,2026-06-29T00:05:29.632178,haute
BJ-36390BBC,Moov Africa Bénin,Transport & Logistique,Ouidah,+229 58 70 72 13,,,PME (10-50),B2B/B2C,Google Maps,3.0,Actif,2026-06-29T00:05:29.632277,haute
BJ-04055D5C,BCEAO Jumia Ouidah,Transport & Logistique,Ouidah,+229 23 83 69 70,benin@jumia.com,,PME (50-200),B2C,Google Maps,3.1,Actif,2026-06-29T00:05:29.632359,haute
BJ-BF659B56,West Africa CNHU-HKM,Transport & Logistique,Ouidah,+229 65 13 30 21,contact@cnhu.bj,cnhu.bj,Grande (>200),B2B,Google Maps,4.7,Actif,2026-06-29T00:05:29.632416,haute
BJ-E19DBE73,SONAPRA Cabinet,Transport & Logistique,Ouidah,+229 46 93 36 21,,,PME (50-200),B2B/B2C,Google Maps,4.8,Actif,2026-06-29T00:05:29.632485,moyenne
BJ-364210E0,MTN Mobile Money Bénin Cotonou,Télécommunications,Cotonou,+229 85 10 83 55,,mtn.bj,TPE (<10),B2C,Google Maps,3.7,Actif,2026-06-29T00:05:29.632663,haute
BJ-A9FAEE5E,DHL Bureau,Télécommunications,Cotonou,+229 64 85 66 55,cotonou@dhl.com,,PME (50-200),B2B/B2C,Google Maps,4.5,Actif,2026-06-29T00:05:29.632722,haute
BJ-C9463E83,Pharmaquick Centre,Télécommunications,Cotonou,+229 76 71 27 60,pharmaquick@gmail.com,,TPE (<10),B2B/B2C,Google Maps,3.3,Actif,2026-06-29T00:05:29.632797,moyenne
BJ-862A0DEB,Novotel Centre Cotonou,Télécommunications,Cotonou,+229 23 54 23 24,h5436@accor.com,novotel.com,PME (10-50),B2C,Google Maps,4.7,Actif,2026-06-29T00:05:29.632860,haute
BJ-68F4593F,Ets Biokou & Frères,Télécommunications,Abomey-Calavi,+229 92 70 31 31,,,TPE (<10),B2B,Google Maps,3.2,Actif,2026-06-29T00:05:29.633331,moyenne
BJ-0C591B6B,Ecobank SA,Télécommunications,Porto-Novo,+229 60 22 61 15,ecobank.benin@ecobank.com,,PME (50-200),B2B,Google Maps,4.4,Actif,2026-06-29T00:05:29.633437,haute
BJ-D2CF070F,Africa AfriTech Porto-Novo,Télécommunications,Porto-Novo,+229 58 45 79 77,,,PME (50-200),B2B/B2C,Google Maps,3.4,Actif,2026-06-29T00:05:29.633551,haute
BJ-8EF49516,BCEAO AGS Porto-Novo,Télécommunications,Porto-Novo,+229 99 24 29 83,,,PME (10-50),B2C,Google Maps,4.3,Actif,2026-06-29T00:05:29.633633,moyenne
BJ-AD747350,Digital Cabinet Porto-Novo,Télécommunications,Porto-Novo,+229 84 45 68 72,digital.benin@gmail.com,,TPE (<10),B2B/B2C,Google Maps,4.0,Actif,2026-06-29T00:05:29.633729,moyenne
BJ-0538D8D6,Bénin Digital,Télécommunications,Parakou,+229 65 35 72 93,digital.benin@gmail.com,,Grande (>200),B2C,Google Maps,4.8,Actif,2026-06-29T00:05:29.633834,moyenne
BJ-73EBA3A3,Moov Ets,Télécommunications,Parakou,+229 89 56 35 89,moov@moov.bj,moov.bj,Grande (>200),B2B,Google Maps,4.5,Actif,2026-06-29T00:05:29.633936,haute
BJ-C3DB2085,SOBETRAP Centre,Télécommunications,Bohicon,+229 32 86 42 75,contact@sobetrap.bj,,PME (50-200),B2B,Google Maps,3.9,Actif,2026-06-29T00:05:29.634301,haute
BJ-CA18BC00,Score Supermarché,Télécommunications,Bohicon,+229 35 22 23 80,,score-benin.com,PME (50-200),B2B/B2C,Google Maps,4.9,Actif,2026-06-29T00:05:29.634362,haute
BJ-F313773F,Bénin Ecobank Bohicon,Télécommunications,Bohicon,+229 77 24 69 94,ecobank.benin@ecobank.com,,Grande (>200),B2B/B2C,Google Maps,3.6,Actif,2026-06-29T00:05:29.634438,haute
BJ-30B6B257,Africa Restaurant Bohicon,Télécommunications,Bohicon,+229 96 58 50 56,amazone.cotonou@gmail.com,,PME (10-50),B2C,Google Maps,3.4,Actif,2026-06-29T00:05:29.634529,moyenne
BJ-7F7D78C4,NSIA Assurances Bénin Bohicon,Télécommunications,Bohicon,+229 84 55 73 43,nsia.benin@nsiaassurances.com,,Grande (>200),B2B,Google Maps,3.9,Actif,2026-06-29T00:05:29.634589,haute
BJ-9968B655,Restaurant Le Jardin de l'Amazone,Télécommunications,Natitingou,+229 73 61 19 26,amazone.cotonou@gmail.com,,Grande (>200),B2B/B2C,Google Maps,4.3,Actif,2026-06-29T00:05:29.634669,moyenne
BJ-2D7501A1,Score Ets,Télécommunications,Natitingou,+229 39 93 25 95,,score-benin.com,PME (50-200),B2C,Google Maps,3.9,Actif,2026-06-29T00:05:29.634779,haute
BJ-233CE584,West Africa CNHU-HKM Natitingou,Télécommunications,Natitingou,+229 76 18 66 47,,,PME (10-50),B2B/B2C,Google Maps,4.0,Actif,2026-06-29T00:05:29.634846,haute
BJ-5C73AC3B,Africa Ets,Télécommunications,Natitingou,+229 89 23 64 15,,,PME (10-50),B2B/B2C,Google Maps,3.1,Actif,2026-06-29T00:05:29.634939,moyenne
BJ-9C262E23,Africa SONAPRA,Télécommunications,Lokossa,+229 72 33 42 30,,,TPE (<10),B2B,Google Maps,4.4,Actif,2026-06-29T00:05:29.635052,moyenne
BJ-370E8C23,Jumia Bénin,Télécommunications,Lokossa,+229 81 98 17 29,,,PME (10-50),B2B/B2C,Google Maps,3.4,Actif,2026-06-29T00:05:29.635180,haute
BJ-93ABE0EE,AGS Lokossa,Télécommunications,Lokossa,+229 96 76 63 20,,,PME (50-200),B2C,Google Maps,3.4,Actif,2026-06-29T00:05:29.635229,moyenne
BJ-B342BD3C,Africa Moov Lokossa,Télécommunications,Lokossa,+229 85 79 94 30,,moov.bj,TPE (<10),B2C,Google Maps,4.3,Actif,2026-06-29T00:05:29.635257,haute
BJ-B1D8B9A8,CFAO Motors Bénin,Télécommunications,Ouidah,+229 74 78 89 13,,cfao.com,PME (10-50),B2B/B2C,Google Maps,5.0,Actif,2026-06-29T00:05:29.635303,haute
BJ-5D7BE9F7,DHL Ouidah,Télécommunications,Ouidah,+229 95 22 20 97,,dhl.com,Grande (>200),B2B/B2C,Google Maps,4.7,Actif,2026-06-29T00:05:29.635328,haute
BJ-4B259966,Score Supermarché,Télécommunications,Ouidah,+229 93 71 54 39,,score-benin.com,TPE (<10),B2B/B2C,Google Maps,4.3,Actif,2026-06-29T00:05:29.635352,haute
BJ-8696B8D5,Pharmaquick Bureau,Télécommunications,Ouidah,+229 81 89 49 46,,,TPE (<10),B2B,Google Maps,3.2,Actif,2026-06-29T00:05:29.635377,moyenne
BJ-B0EF496F,Digital Centre Ouidah,Télécommunications,Ouidah,+229 96 82 80 51,,,Grande (>200),B2C,Google Maps,4.2,Actif,2026-06-29T00:05:29.635486,moyenne
BJ-5950A1BF,Moov,Agriculture & Agroalimentaire,Cotonou,+229 54 86 71 30,,moov.bj,Grande (>200),B2C,Google Maps,5.0,Actif,2026-06-29T00:05:29.635600,haute
BJ-4D304607,West Africa Moov Abomey-Calavi,Agriculture & Agroalimentaire,Abomey-Calavi,+229 53 82 95 73,moov@moov.bj,moov.bj,Grande (>200),B2B/B2C,Google Maps,4.2,Actif,2026-06-29T00:05:29.635996,haute
BJ-020A3F1B,Novotel Ets,Agriculture & Agroalimentaire,Abomey-Calavi,+229 57 12 50 77,,novotel.com,TPE (<10),B2B,Google Maps,4.9,Actif,2026-06-29T00:05:29.636053,haute
BJ-827F8827,West Africa SOBETRAP,Agriculture & Agroalimentaire,Porto-Novo,+229 49 12 46 95,contact@sobetrap.bj,,Grande (>200),B2C,Google Maps,3.6,Actif,2026-06-29T00:05:29.636247,haute
BJ-E336740F,West Africa Jumia,Agriculture & Agroalimentaire,Parakou,+229 31 54 45 23,,jumia.com.bj,TPE (<10),B2C,Google Maps,4.8,Actif,2026-06-29T00:05:29.636295,haute
BJ-9FBF464B,Jumia Bureau,Agriculture & Agroalimentaire,Parakou,+229 42 50 47 11,benin@jumia.com,,PME (10-50),B2B/B2C,Google Maps,4.6,Actif,2026-06-29T00:05:29.636372,haute
BJ-E2E5D427,AfriTech Centre,Agriculture & Agroalimentaire,Parakou,+229 54 99 34 32,,afritech.bj,PME (50-200),B2C,Google Maps,3.5,Actif,2026-06-29T00:05:29.636431,haute
BJ-69B117BA,West Africa Digital Parakou,Agriculture & Agroalimentaire,Parakou,+229 30 76 26 97,,,Grande (>200),B2B,Google Maps,3.6,Actif,2026-06-29T00:05:29.636595,moyenne
BJ-4562F943,Université SARL Parakou,Agriculture & Agroalimentaire,Parakou,+229 42 27 25 94,rectorat@uac.bj,uac.bj,TPE (<10),B2B,Google Maps,3.4,Actif,2026-06-29T00:05:29.636661,haute
BJ-80CF3511,AGS Bureau,Agriculture & Agroalimentaire,Bohicon,+229 67 95 70 32,ags.benin@agsfidal.com,,TPE (<10),B2C,Google Maps,4.7,Actif,2026-06-29T00:05:29.636740,moyenne
BJ-7A764582,Clinique Saint Luc Cotonou,Agriculture & Agroalimentaire,Bohicon,+229 89 60 45 53,,,Grande (>200),B2B,Google Maps,4.4,Actif,2026-06-29T00:05:29.636796,haute
BJ-B1D8B6CF,Ets Agro-Bénin,Agriculture & Agroalimentaire,Bohicon,+229 40 97 84 36,,,PME (50-200),B2C,Google Maps,3.2,Actif,2026-06-29T00:05:29.636852,moyenne
BJ-32462722,CNHU-HKM,Agriculture & Agroalimentaire,Bohicon,+229 71 97 91 66,contact@cnhu.bj,cnhu.bj,PME (10-50),B2B/B2C,Google Maps,4.7,Actif,2026-06-29T00:05:29.636949,haute
BJ-A202C470,Digital Groupe,Agriculture & Agroalimentaire,Bohicon,+229 27 57 10 72,digital.benin@gmail.com,,TPE (<10),B2B/B2C,Google Maps,3.4,Actif,2026-06-29T00:05:29.637006,moyenne
BJ-329B7C1B,Cabinet Arch-Design Bénin,Agriculture & Agroalimentaire,Natitingou,+229 76 77 90 28,arch.design@gmail.com,,PME (10-50),B2C,Google Maps,4.6,Actif,2026-06-29T00:05:29.637086,moyenne
BJ-31FAA5EE,Clinique SARL Natitingou,Agriculture & Agroalimentaire,Natitingou,+229 29 60 47 55,stluc@cliniquestluc.bj,cliniquestluc.bj,Grande (>200),B2B,Google Maps,3.5,Actif,2026-06-29T00:05:29.637150,haute
BJ-13345852,Score SA,Agriculture & Agroalimentaire,Natitingou,+229 36 37 48 61,,,Grande (>200),B2C,Google Maps,4.2,Actif,2026-06-29T00:05:29.637204,haute
BJ-D17CD4BE,Africa SOBETRAP,Agriculture & Agroalimentaire,Natitingou,+229 79 63 67 75,contact@sobetrap.bj,sobetrap.bj,PME (10-50),B2C,Google Maps,3.4,Actif,2026-06-29T00:05:29.637420,haute
BJ-50974B68,West Africa Cabinet Natitingou,Agriculture & Agroalimentaire,Natitingou,+229 56 14 77 29,arch.design@gmail.com,,Grande (>200),B2C,Google Maps,4.4,Actif,2026-06-29T00:05:29.637492,moyenne
BJ-02C086ED,SOBEBRA Transport Lokossa,Agriculture & Agroalimentaire,Lokossa,+229 91 27 92 30,transport@sobebra.bj,,TPE (<10),B2C,Google Maps,3.5,Actif,2026-06-29T00:05:29.637544,moyenne
BJ-6814D499,BOAD Agence Cotonou,Agriculture & Agroalimentaire,Lokossa,+229 43 33 54 12,,boad.org,PME (50-200),B2C,Google Maps,3.5,Actif,2026-06-29T00:05:29.637573,haute
BJ-19CBAC40,EPAC Centre,Agriculture & Agroalimentaire,Lokossa,+229 74 54 16 85,epac@epac.uac.bj,,TPE (<10),B2B/B2C,Google Maps,4.2,Actif,2026-06-29T00:05:29.637598,haute
BJ-26C57A06,Bénin SOBETRAP,Agriculture & Agroalimentaire,Lokossa,+229 72 45 26 90,,sobetrap.bj,PME (10-50),B2C,Google Maps,4.6,Actif,2026-06-29T00:05:29.637638,haute
BJ-DCE5392B,Groupe Collines Immobilier,Agriculture & Agroalimentaire,Lokossa,+229 67 11 38 16,,,Grande (>200),B2C,Google Maps,3.2,Actif,2026-06-29T00:05:29.637664,moyenne
BJ-C96E8D08,BCEAO Novotel,Agriculture & Agroalimentaire,Ouidah,+229 81 69 80 85,,novotel.com,PME (50-200),B2B/B2C,Google Maps,3.8,Actif,2026-06-29T00:05:29.637701,haute
BJ-6A1A4651,Ecobank SARL Ouidah,Agriculture & Agroalimentaire,Ouidah,+229 43 39 76 84,ecobank.benin@ecobank.com,ecobank.com,PME (50-200),B2C,Google Maps,3.5,Actif,2026-06-29T00:05:29.637726,haute
BJ-D76A1CA7,SONAPRA Ouidah,Agriculture & Agroalimentaire,Ouidah,+229 78 76 95 30,sonapra@sonapra.bj,,TPE (<10),B2C,Google Maps,4.4,Actif,2026-06-29T00:05:29.637752,moyenne
BJ-02223EE3,West Africa CFAO Ouidah,Agriculture & Agroalimentaire,Ouidah,+229 36 94 79 29,,,Grande (>200),B2B/B2C,Google Maps,4.8,Actif,2026-06-29T00:05:29.637777,haute
BJ-8EDBE176,BCEAO SONAPRA Ouidah,Agriculture & Agroalimentaire,Ouidah,+229 99 63 74 39,sonapra@sonapra.bj,,PME (50-200),B2B/B2C,Google Maps,3.5,Actif,2026-06-29T00:05:29.637800,moyenne
BJ-BE4DE320,Score Supermarché,Éducation & Formation,Cotonou,+229 99 97 60 20,score@score-benin.com,score-benin.com,TPE (<10),B2B/B2C,Google Maps,3.2,Actif,2026-06-29T00:05:29.637863,haute
BJ-E1439A7E,AfriTech Bureau Cotonou,Éducation & Formation,Cotonou,+229 51 60 92 42,,afritech.bj,TPE (<10),B2B,Google Maps,4.2,Actif,2026-06-29T00:05:29.637952,haute
BJ-F18347B3,Africa Ecobank,Éducation & Formation,Abomey-Calavi,+229 39 53 80 79,,ecobank.com,Grande (>200),B2B,Google Maps,3.3,Actif,2026-06-29T00:05:29.638152,haute
BJ-4F558371,Ecobank Bénin Porto-Novo,Éducation & Formation,Porto-Novo,+229 91 20 50 90,ecobank.benin@ecobank.com,ecobank.com,TPE (<10),B2C,Google Maps,3.5,Actif,2026-06-29T00:05:29.638258,haute
BJ-BBD6D3FC,AfriTech Porto-Novo,Éducation & Formation,Porto-Novo,+229 53 37 72 81,contact@afritech.bj,,Grande (>200),B2B/B2C,Google Maps,3.9,Actif,2026-06-29T00:05:29.638285,haute
BJ-350EE882,Moov Cabinet Porto-Novo,Éducation & Formation,Porto-Novo,+229 59 83 88 70,moov@moov.bj,moov.bj,PME (10-50),B2C,Google Maps,3.5,Actif,2026-06-29T00:05:29.638350,haute
BJ-447237B5,SOBEBRA Porto-Novo,Éducation & Formation,Porto-Novo,+229 85 39 65 27,transport@sobebra.bj,,PME (50-200),B2B/B2C,Google Maps,4.2,Actif,2026-06-29T00:05:29.638375,moyenne
BJ-0AFAD915,Hôtel Parakou,Éducation & Formation,Parakou,+229 53 77 77 34,hotel.lac@yahoo.fr,,PME (10-50),B2B,Google Maps,3.8,Actif,2026-06-29T00:05:29.638414,moyenne
BJ-1AEDF1DC,MTN Mobile Money Bénin,Éducation & Formation,Parakou,+229 34 84 78 91,,,Grande (>200),B2B/B2C,Google Maps,3.0,Actif,2026-06-29T00:05:29.638512,haute
BJ-4ED2DCB4,EPAC Bureau,Éducation & Formation,Bohicon,+229 21 89 48 69,epac@epac.uac.bj,,Grande (>200),B2C,Google Maps,4.9,Actif,2026-06-29T00:05:29.638547,haute
BJ-4B3D5679,West Africa Clinique Bohicon,Éducation & Formation,Bohicon,+229 30 31 46 12,stluc@cliniquestluc.bj,,PME (10-50),B2B,Google Maps,3.3,Actif,2026-06-29T00:05:29.638597,haute
BJ-E5CF1193,BCEAO Ecobank Bohicon,Éducation & Formation,Bohicon,+229 63 64 92 17,ecobank.benin@ecobank.com,,TPE (<10),B2C,Google Maps,4.5,Actif,2026-06-29T00:05:29.638635,haute
BJ-D34C3BDE,SOBEBRA SA,Éducation & Formation,Bohicon,+229 39 27 80 99,transport@sobebra.bj,,Grande (>200),B2B/B2C,Google Maps,4.1,Actif,2026-06-29T00:05:29.638687,moyenne
BJ-8F4B9DBA,Moov Centre,Éducation & Formation,Natitingou,+229 99 82 81 61,moov@moov.bj,moov.bj,Grande (>200),B2B/B2C,Google Maps,3.5,Actif,2026-06-29T00:05:29.638752,haute
BJ-A30A48F2,Digital Benin Natitingou,Éducation & Formation,Natitingou,+229 74 90 10 92,,,Grande (>200),B2B,Google Maps,4.1,Actif,2026-06-29T00:05:29.638823,moyenne
BJ-8575517E,CFAO Bureau Natitingou,Éducation & Formation,Natitingou,+229 44 11 85 65,,cfao.com,PME (50-200),B2B,Google Maps,3.1,Actif,2026-06-29T00:05:29.638885,haute
BJ-8D646A37,Jumia Bénin,Éducation & Formation,Natitingou,+229 83 68 45 91,benin@jumia.com,,PME (50-200),B2C,Google Maps,3.3,Actif,2026-06-29T00:05:29.638971,haute
BJ-B037C270,BCEAO Pharmaquick,Éducation & Formation,Natitingou,+229 42 68 87 52,pharmaquick@gmail.com,,Grande (>200),B2B,Google Maps,3.2,Actif,2026-06-29T00:05:29.639020,moyenne
BJ-0856C96D,Ecobank Bénin,Éducation & Formation,Lokossa,+229 51 52 50 18,,ecobank.com,PME (50-200),B2B/B2C,Google Maps,4.6,Actif,2026-06-29T00:05:29.639137,haute
BJ-DDF88AA2,CNHU-HKM Centre Lokossa,Éducation & Formation,Lokossa,+229 30 81 97 58,contact@cnhu.bj,cnhu.bj,PME (50-200),B2C,Google Maps,4.6,Actif,2026-06-29T00:05:29.639200,haute
BJ-87CA2999,SOBEBRA,Éducation & Formation,Lokossa,+229 67 36 59 42,transport@sobebra.bj,,PME (50-200),B2C,Google Maps,4.8,Actif,2026-06-29T00:05:29.639372,moyenne
BJ-539BCBF6,Université Cabinet Ouidah,Éducation & Formation,Ouidah,+229 41 27 51 79,rectorat@uac.bj,uac.bj,TPE (<10),B2C,Google Maps,3.2,Actif,2026-06-29T00:05:29.639418,haute
BJ-07EF58BB,Ets Ets Ouidah,Éducation & Formation,Ouidah,+229 98 94 82 46,agro.benin@gmail.com,,TPE (<10),B2B,Google Maps,3.5,Actif,2026-06-29T00:05:29.639444,moyenne
BJ-72C21EF5,BCEAO DHL,Éducation & Formation,Ouidah,+229 49 44 66 40,cotonou@dhl.com,dhl.com,Grande (>200),B2B/B2C,Google Maps,4.7,Actif,2026-06-29T00:05:29.639492,haute
BJ-05229DC0,West Africa Pharmaquick,Éducation & Formation,Ouidah,+229 57 54 98 26,,,Grande (>200),B2C,Google Maps,3.9,Actif,2026-06-29T00:05:29.639521,moyenne
BJ-CDF5AFDB,HAMMER Centre,Technologie & IT,Cotonou,+229 26 29 44 69,info@hammer.bj,,TPE (<10),B2C,Google Maps,3.8,Actif,2026-06-29T00:05:29.639557,haute
BJ-F727656D,Bénin DHL Cotonou,Technologie & IT,Cotonou,+229 90 52 57 81,,dhl.com,PME (10-50),B2B,Google Maps,4.4,Actif,2026-06-29T00:05:29.639583,haute
BJ-B1E93403,West Africa Ets Cotonou,Technologie & IT,Cotonou,+229 31 21 78 79,,,TPE (<10),B2B/B2C,Google Maps,4.2,Actif,2026-06-29T00:05:29.639607,moyenne
BJ-3D10D4E9,West Africa SERHAU-SEM Cotonou,Technologie & IT,Cotonou,+229 22 95 75 70,info@serhau.bj,serhau.bj,Grande (>200),B2B,Google Maps,3.7,Actif,2026-06-29T00:05:29.639645,haute
BJ-1AA3042D,MTN Cabinet Cotonou,Technologie & IT,Cotonou,+229 96 47 72 76,momo@mtn.bj,,PME (50-200),B2C,Google Maps,4.3,Actif,2026-06-29T00:05:29.639671,haute
BJ-B3864F30,Bénin EPAC,Technologie & IT,Abomey-Calavi,+229 23 63 72 23,epac@epac.uac.bj,,PME (10-50),B2B,Google Maps,4.3,Actif,2026-06-29T00:05:29.639708,haute
BJ-2D3CB403,Africa BOAD,Technologie & IT,Abomey-Calavi,+229 87 90 56 83,boad@boad.org,boad.org,TPE (<10),B2B/B2C,Google Maps,4.3,Actif,2026-06-29T00:05:29.639758,haute
BJ-F938EEF0,Ecobank SA,Technologie & IT,Abomey-Calavi,+229 50 55 66 22,ecobank.benin@ecobank.com,,TPE (<10),B2C,Google Maps,3.1,Actif,2026-06-29T00:05:29.639788,haute
BJ-5D9A7741,BCEAO DHL,Technologie & IT,Abomey-Calavi,+229 80 53 81 76,,dhl.com,TPE (<10),B2B/B2C,Google Maps,3.5,Actif,2026-06-29T00:05:29.639811,haute
BJ-CA8E91CF,DHL Bureau Porto-Novo,Technologie & IT,Porto-Novo,+229 79 56 36 49,cotonou@dhl.com,dhl.com,PME (50-200),B2B/B2C,Google Maps,3.2,Actif,2026-06-29T00:05:29.639846,haute
BJ-0433027C,Novotel Centre,Technologie & IT,Porto-Novo,+229 85 25 27 67,h5436@accor.com,,Grande (>200),B2B/B2C,Google Maps,4.2,Actif,2026-06-29T00:05:29.639870,haute
BJ-3EB13A8C,MTN Mobile Money Bénin,Technologie & IT,Porto-Novo,+229 40 12 48 41,momo@mtn.bj,,TPE (<10),B2B,Google Maps,3.6,Actif,2026-06-29T00:05:29.640022,haute
BJ-5456B085,Cabinet SA,Technologie & IT,Porto-Novo,+229 40 44 37 96,arch.design@gmail.com,,PME (50-200),B2C,Google Maps,3.7,Actif,2026-06-29T00:05:29.640053,moyenne
BJ-A0C68CFA,AGS Ets,Technologie & IT,Parakou,+229 94 36 52 84,,,PME (10-50),B2C,Google Maps,3.4,Actif,2026-06-29T00:05:29.640274,moyenne
BJ-463DF0B3,Ets Ets Bohicon,Technologie & IT,Bohicon,+229 33 32 79 45,,,TPE (<10),B2B,Google Maps,4.6,Actif,2026-06-29T00:05:29.640391,moyenne
BJ-3B43A6B8,BOAD,Technologie & IT,Bohicon,+229 34 42 55 57,,boad.org,PME (50-200),B2B/B2C,Google Maps,4.4,Actif,2026-06-29T00:05:29.640439,haute
BJ-C93EECBA,Ets Biokou & Frères,Technologie & IT,Bohicon,+229 80 25 85 21,,,TPE (<10),B2B,Google Maps,3.5,Actif,2026-06-29T00:05:29.640499,moyenne
BJ-C827A9FA,Ets Centre Bohicon,Technologie & IT,Bohicon,+229 51 55 52 75,,,PME (50-200),B2C,Google Maps,3.7,Actif,2026-06-29T00:05:29.640577,moyenne
BJ-94C77A62,Bénin DHL,Technologie & IT,Bohicon,+229 95 49 98 91,,,TPE (<10),B2B,Google Maps,3.3,Actif,2026-06-29T00:05:29.640646,haute
BJ-EA5715AA,West Africa Hôtel,Technologie & IT,Natitingou,+229 27 55 32 83,hotel.lac@yahoo.fr,,PME (10-50),B2C,Google Maps,3.6,Actif,2026-06-29T00:05:29.640776,moyenne
BJ-F994E88B,AGS Déménagements Bénin,Technologie & IT,Natitingou,+229 36 95 53 62,ags.benin@agsfidal.com,,PME (10-50),B2B,Google Maps,4.5,Actif,2026-06-29T00:05:29.640853,moyenne
BJ-FE852B5E,Cabinet Groupe,Technologie & IT,Natitingou,+229 59 24 83 91,,,PME (50-200),B2C,Google Maps,3.9,Actif,2026-06-29T00:05:29.640943,moyenne
BJ-31A0C539,SOBETRAP Natitingou,Technologie & IT,Natitingou,+229 46 21 28 73,contact@sobetrap.bj,,PME (10-50),B2B,Google Maps,4.2,Actif,2026-06-29T00:05:29.641006,haute
BJ-6CBE5FFC,BCEAO Score,Technologie & IT,Natitingou,+229 93 80 20 30,score@score-benin.com,score-benin.com,Grande (>200),B2B/B2C,Google Maps,3.8,Actif,2026-06-29T00:05:29.641067,haute
BJ-5F7308BD,Ets Agro-Bénin Lokossa,Technologie & IT,Lokossa,+229 95 79 93 89,agro.benin@gmail.com,,PME (50-200),B2C,Google Maps,3.9,Actif,2026-06-29T00:05:29.641163,moyenne
BJ-72AC4E3C,Clinique Groupe Lokossa,Technologie & IT,Lokossa,+229 74 86 71 71,stluc@cliniquestluc.bj,cliniquestluc.bj,PME (50-200),B2C,Google Maps,4.9,Actif,2026-06-29T00:05:29.641228,haute
BJ-E44F9F0A,Hôtel du Lac Cotonou,Technologie & IT,Lokossa,+229 39 17 73 25,,,PME (50-200),B2B,Google Maps,3.8,Actif,2026-06-29T00:05:29.641287,moyenne
BJ-C833D1E3,BCEAO Ecobank Lokossa,Technologie & IT,Lokossa,+229 75 94 36 87,,,TPE (<10),B2B,Google Maps,5.0,Actif,2026-06-29T00:05:29.641379,haute
BJ-98C18E72,Novotel Cabinet,Technologie & IT,Lokossa,+229 43 39 26 22,h5436@accor.com,,Grande (>200),B2B/B2C,Google Maps,4.0,Actif,2026-06-29T00:05:29.641457,haute
BJ-DB975FE5,Digital Benin,Technologie & IT,Ouidah,+229 43 43 37 72,,,PME (10-50),B2C,Google Maps,3.0,Actif,2026-06-29T00:05:29.641545,moyenne
BJ-0178D37B,CFAO Groupe,Technologie & IT,Ouidah,+229 92 55 66 78,cfao.benin@cfao.com,,PME (50-200),B2B,Google Maps,3.5,Actif,2026-06-29T00:05:29.641601,haute
BJ-63565FA3,MTN Groupe,Technologie & IT,Ouidah,+229 33 58 36 73,momo@mtn.bj,mtn.bj,TPE (<10),B2B,Google Maps,4.1,Actif,2026-06-29T00:05:29.641651,haute
BJ-5D7FC5ED,West Africa Groupe,Technologie & IT,Ouidah,+229 96 59 20 28,collines.immo@yahoo.fr,,PME (50-200),B2B/B2C,Google Maps,3.2,Actif,2026-06-29T00:05:29.641768,moyenne
BJ-6D2EDC3D,Bénin Novotel,Industrie & Manufacture,Cotonou,+229 63 89 23 91,h5436@accor.com,novotel.com,TPE (<10),B2B,Google Maps,3.4,Actif,2026-06-29T00:05:29.641853,haute
BJ-D431CE5F,BOAD Cabinet,Industrie & Manufacture,Cotonou,+229 21 61 76 45,boad@boad.org,,Grande (>200),B2B/B2C,Google Maps,3.1,Actif,2026-06-29T00:05:29.641946,haute
BJ-CFAE4FE6,SOBEBRA Transport Cotonou,Industrie & Manufacture,Cotonou,+229 89 10 58 66,transport@sobebra.bj,,Grande (>200),B2B,Google Maps,3.6,Actif,2026-06-29T00:05:29.642015,moyenne
BJ-EA677E12,Africa Novotel Cotonou,Industrie & Manufacture,Cotonou,+229 29 72 95 58,h5436@accor.com,,PME (50-200),B2B/B2C,Google Maps,4.6,Actif,2026-06-29T00:05:29.642189,haute
BJ-233C2510,BCEAO Hôtel,Industrie & Manufacture,Abomey-Calavi,+229 42 59 18 61,,,TPE (<10),B2B/B2C,Google Maps,4.7,Actif,2026-06-29T00:05:29.642353,moyenne
BJ-922D2698,Africa AfriTech Abomey-Calavi,Industrie & Manufacture,Abomey-Calavi,+229 54 86 96 41,contact@afritech.bj,afritech.bj,PME (10-50),B2B,Google Maps,4.0,Actif,2026-06-29T00:05:29.642427,haute
BJ-1E349DD9,Bénin SERHAU-SEM,Industrie & Manufacture,Abomey-Calavi,+229 58 78 24 68,info@serhau.bj,serhau.bj,PME (50-200),B2B,Google Maps,4.6,Actif,2026-06-29T00:05:29.642486,haute
BJ-3FA1E587,West Africa Restaurant,Industrie & Manufacture,Porto-Novo,+229 69 83 78 37,amazone.cotonou@gmail.com,,Grande (>200),B2C,Google Maps,4.3,Actif,2026-06-29T00:05:29.642694,moyenne
BJ-4248B5FC,Bénin SOBEBRA,Industrie & Manufacture,Porto-Novo,+229 21 88 85 99,,,TPE (<10),B2C,Google Maps,4.7,Actif,2026-06-29T00:05:29.642805,moyenne
BJ-29E32641,Université d'Abomey-Calavi Parakou,Industrie & Manufacture,Parakou,+229 78 61 99 81,,uac.bj,Grande (>200),B2C,Google Maps,4.0,Actif,2026-06-29T00:05:29.643074,haute
BJ-B1317C25,AfriTech Bureau,Industrie & Manufacture,Parakou,+229 86 86 63 19,,afritech.bj,PME (10-50),B2C,Google Maps,4.6,Actif,2026-06-29T00:05:29.643142,haute
BJ-CA7D6274,BOAD Agence Cotonou Bohicon,Industrie & Manufacture,Bohicon,+229 24 10 57 91,boad@boad.org,,Grande (>200),B2B,Google Maps,4.8,Actif,2026-06-29T00:05:29.643432,haute
BJ-C46EEC5E,Africa BOAD Bohicon,Industrie & Manufacture,Bohicon,+229 36 36 47 60,boad@boad.org,boad.org,Grande (>200),B2B,Google Maps,3.2,Actif,2026-06-29T00:05:29.643506,haute
BJ-4E4F81C6,Moov,Industrie & Manufacture,Bohicon,+229 77 89 70 80,moov@moov.bj,,PME (10-50),B2C,Google Maps,4.5,Actif,2026-06-29T00:05:29.643575,haute
BJ-697F59D4,HAMMER BENIN Bohicon,Industrie & Manufacture,Bohicon,+229 44 81 57 13,,hammer.bj,PME (10-50),B2B/B2C,Google Maps,4.4,Actif,2026-06-29T00:05:29.643641,haute
BJ-0FEB236F,West Africa CFAO Bohicon,Industrie & Manufacture,Bohicon,+229 76 72 66 33,cfao.benin@cfao.com,cfao.com,Grande (>200),B2B/B2C,Google Maps,3.6,Actif,2026-06-29T00:05:29.643694,haute
BJ-0DB000A1,NSIA,Industrie & Manufacture,Natitingou,+229 68 96 95 17,nsia.benin@nsiaassurances.com,,PME (10-50),B2C,Google Maps,3.2,Actif,2026-06-29T00:05:29.643821,haute
BJ-6CD2110D,Ets,Industrie & Manufacture,Natitingou,+229 38 11 10 28,,,PME (50-200),B2B,Google Maps,4.9,Actif,2026-06-29T00:05:29.643887,moyenne
BJ-9D95E4F7,SOBEBRA Transport,Industrie & Manufacture,Natitingou,+229 58 83 27 41,transport@sobebra.bj,,PME (50-200),B2C,Google Maps,4.2,Actif,2026-06-29T00:05:29.643984,moyenne
BJ-3860D5FE,MTN Bénin Natitingou,Industrie & Manufacture,Natitingou,+229 37 92 16 61,contact@mtn.bj,,TPE (<10),B2B,Google Maps,3.8,Actif,2026-06-29T00:05:29.644044,haute
BJ-95D1B11D,SOBETRAP,Industrie & Manufacture,Natitingou,+229 72 74 41 64,,sobetrap.bj,PME (10-50),B2B/B2C,Google Maps,3.7,Actif,2026-06-29T00:05:29.644089,haute
BJ-956324CB,Africa Clinique Lokossa,Industrie & Manufacture,Lokossa,+229 77 28 54 85,stluc@cliniquestluc.bj,,PME (50-200),B2B,Google Maps,4.6,Actif,2026-06-29T00:05:29.644166,haute
BJ-96FCE25E,Ets SA,Industrie & Manufacture,Lokossa,+229 50 18 97 68,,,Grande (>200),B2B/B2C,Google Maps,4.1,Actif,2026-06-29T00:05:29.644228,moyenne
BJ-10CB9A53,Restaurant Cabinet,Industrie & Manufacture,Lokossa,+229 97 84 42 34,,,PME (50-200),B2B,Google Maps,4.4,Actif,2026-06-29T00:05:29.644345,moyenne
BJ-59042EE2,West Africa Score Lokossa,Industrie & Manufacture,Lokossa,+229 53 93 18 37,score@score-benin.com,,TPE (<10),B2C,Google Maps,3.9,Actif,2026-06-29T00:05:29.644390,haute
BJ-18B9BE38,Novotel Cabinet,Industrie & Manufacture,Ouidah,+229 35 18 35 80,,,Grande (>200),B2C,Google Maps,3.6,Actif,2026-06-29T00:05:29.644494,haute
BJ-79FCCD33,SOBETRAP SA,Industrie & Manufacture,Ouidah,+229 96 69 22 74,contact@sobetrap.bj,sobetrap.bj,TPE (<10),B2B,Google Maps,3.5,Actif,2026-06-29T00:05:29.644532,haute
BJ-41F2A5BE,Score,Industrie & Manufacture,Ouidah,+229 32 98 16 81,,score-benin.com,TPE (<10),B2B/B2C,Google Maps,4.9,Actif,2026-06-29T00:05:29.644595,haute
BJ-46654EC0,Bénin Ets Ouidah,Industrie & Manufacture,Ouidah,+229 43 88 47 63,,,TPE (<10),B2C,Google Maps,3.9,Actif,2026-06-29T00:05:29.644670,moyenne
BJ-82330050,SOBEBRA Bureau,Services aux entreprises,Cotonou,+229 83 40 98 71,transport@sobebra.bj,,PME (10-50),B2B/B2C,Google Maps,3.2,Actif,2026-06-29T00:05:29.644746,moyenne
BJ-B923B490,Hôtel Groupe Cotonou,Services aux entreprises,Cotonou,+229 72 89 19 34,,,PME (10-50),B2B/B2C,Google Maps,3.2,Actif,2026-06-29T00:05:29.644801,moyenne
BJ-6BEAA947,Bénin Clinique,Services aux entreprises,Cotonou,+229 25 73 66 98,stluc@cliniquestluc.bj,cliniquestluc.bj,PME (50-200),B2B,Google Maps,4.9,Actif,2026-06-29T00:05:29.644992,haute
BJ-20998B61,BCEAO SOBETRAP,Services aux entreprises,Abomey-Calavi,+229 34 14 38 21,contact@sobetrap.bj,,PME (50-200),B2C,Google Maps,4.8,Actif,2026-06-29T00:05:29.645178,haute
BJ-B01ED1F4,BCEAO Université Abomey-Calavi,Services aux entreprises,Abomey-Calavi,+229 72 61 30 13,rectorat@uac.bj,uac.bj,TPE (<10),B2C,Google Maps,4.9,Actif,2026-06-29T00:05:29.645288,haute
BJ-9AC50D1A,Université Groupe Porto-Novo,Services aux entreprises,Porto-Novo,+229 32 51 24 80,rectorat@uac.bj,uac.bj,PME (50-200),B2C,Google Maps,3.2,Actif,2026-06-29T00:05:29.645550,haute
BJ-6D828CB8,Hôtel du Lac Cotonou Porto-Novo,Services aux entreprises,Porto-Novo,+229 39 30 93 77,,,Grande (>200),B2C,Google Maps,4.7,Actif,2026-06-29T00:05:29.645669,moyenne
BJ-6298B0B6,Bénin SOBETRAP,Services aux entreprises,Parakou,+229 46 54 43 67,,,TPE (<10),B2B/B2C,Google Maps,4.0,Actif,2026-06-29T00:05:29.645748,haute
BJ-7036DA23,Ecobank Bureau,Services aux entreprises,Parakou,+229 30 10 61 24,,ecobank.com,PME (10-50),B2C,Google Maps,4.5,Actif,2026-06-29T00:05:29.645813,haute
BJ-52BB2FB2,HAMMER SA,Services aux entreprises,Parakou,+229 78 82 71 57,,,PME (50-200),B2B/B2C,Google Maps,4.8,Actif,2026-06-29T00:05:29.645851,haute
BJ-785E5B1F,BCEAO NSIA,Services aux entreprises,Parakou,+229 90 59 92 32,nsia.benin@nsiaassurances.com,nsiaassurances.com,PME (10-50),B2C,Google Maps,4.0,Actif,2026-06-29T00:05:29.645965,haute
BJ-8E76084D,BCEAO NSIA,Services aux entreprises,Bohicon,+229 63 33 10 13,,,PME (50-200),B2C,Google Maps,4.6,Actif,2026-06-29T00:05:29.646066,haute
BJ-BCD802F9,DHL Bureau,Services aux entreprises,Bohicon,+229 58 86 61 93,,,PME (10-50),B2B/B2C,Google Maps,3.8,Actif,2026-06-29T00:05:29.646090,haute
BJ-65277DE4,West Africa DHL Bohicon,Services aux entreprises,Bohicon,+229 89 39 56 31,,,PME (50-200),B2C,Google Maps,3.8,Actif,2026-06-29T00:05:29.646123,haute
BJ-004A2002,Novotel Bohicon,Services aux entreprises,Bohicon,+229 66 21 32 29,h5436@accor.com,,PME (10-50),B2B,Google Maps,4.6,Actif,2026-06-29T00:05:29.646149,haute
BJ-5A3315F8,Novotel,Services aux entreprises,Natitingou,+229 71 54 56 37,h5436@accor.com,novotel.com,PME (10-50),B2B/B2C,Google Maps,4.0,Actif,2026-06-29T00:05:29.646185,haute
BJ-6B2D382A,SOBEBRA,Services aux entreprises,Natitingou,+229 35 39 47 37,,,Grande (>200),B2C,Google Maps,3.2,Actif,2026-06-29T00:05:29.646210,moyenne
BJ-9038AD8C,Africa Novotel Natitingou,Services aux entreprises,Natitingou,+229 99 94 22 51,,,PME (10-50),B2B/B2C,Google Maps,3.9,Actif,2026-06-29T00:05:29.646234,haute
BJ-A3ABDEB1,SERHAU-SEM Natitingou,Services aux entreprises,Natitingou,+229 41 84 82 97,,,TPE (<10),B2B/B2C,Google Maps,4.5,Actif,2026-06-29T00:05:29.646289,haute
BJ-FCD0726C,CFAO Motors Bénin Lokossa,Services aux entreprises,Lokossa,+229 88 88 54 23,cfao.benin@cfao.com,cfao.com,PME (50-200),B2C,Google Maps,3.5,Actif,2026-06-29T00:05:29.646327,haute
BJ-3A9BDC3D,Score Supermarché Lokossa,Services aux entreprises,Lokossa,+229 25 97 93 30,,,Grande (>200),B2B,Google Maps,3.4,Actif,2026-06-29T00:05:29.646353,haute
BJ-5168D2EE,SERHAU-SEM,Services aux entreprises,Lokossa,+229 48 22 95 88,,serhau.bj,TPE (<10),B2B,Google Maps,4.8,Actif,2026-06-29T00:05:29.646407,haute
BJ-57FB1BE0,EPAC,Services aux entreprises,Lokossa,+229 61 48 59 57,epac@epac.uac.bj,,PME (50-200),B2B/B2C,Google Maps,4.8,Actif,2026-06-29T00:05:29.646434,haute
BJ-48C17608,Bénin Ets,Services aux entreprises,Ouidah,+229 42 22 34 91,,,PME (50-200),B2C,Google Maps,4.7,Actif,2026-06-29T00:05:29.646479,moyenne
BJ-AF8748AF,Bénin EPAC,Services aux entreprises,Ouidah,+229 33 27 75 44,epac@epac.uac.bj,,PME (50-200),B2C,Google Maps,4.3,Actif,2026-06-29T00:05:29.646504,haute
BJ-21B19A22,MTN Bénin Ouidah,Services aux entreprises,Ouidah,+229 34 80 78 82,contact@mtn.bj,,Grande (>200),B2B,Google Maps,3.4,Actif,2026-06-29T00:05:29.646529,haute
BJ-09508830,Université,Services aux entreprises,Ouidah,+229 68 73 70 63,,,TPE (<10),B2B,Google Maps,3.7,Actif,2026-06-29T00:05:29.646554,haute
BJ-2D1E7BDC,Restaurant Le Jardin de l'Amazone,Services aux entreprises,Ouidah,+229 81 37 93 70,amazone.cotonou@gmail.com,,Grande (>200),B2B/B2C,Google Maps,4.8,Actif,2026-06-29T00:05:29.646580,moyenne
BJ-325B4983,SOBEBRA Ets,Énergie & Environnement,Cotonou,+229 32 92 23 92,transport@sobebra.bj,,PME (10-50),B2C,Google Maps,3.9,Actif,2026-06-29T00:05:29.646642,moyenne
BJ-C23482F7,Restaurant SA Cotonou,Énergie & Environnement,Cotonou,+229 28 41 65 13,amazone.cotonou@gmail.com,,Grande (>200),B2C,Google Maps,4.6,Actif,2026-06-29T00:05:29.646668,moyenne
BJ-834FA67D,BCEAO Jumia,Énergie & Environnement,Cotonou,+229 86 10 11 26,,,PME (10-50),B2B/B2C,Google Maps,3.2,Actif,2026-06-29T00:05:29.646724,haute
BJ-D3FAEE2E,BCEAO BOAD,Énergie & Environnement,Abomey-Calavi,+229 60 97 69 76,,,PME (50-200),B2C,Google Maps,4.7,Actif,2026-06-29T00:05:29.646759,haute
BJ-BA5D0CFD,NSIA Bureau Abomey-Calavi,Énergie & Environnement,Abomey-Calavi,+229 42 74 40 12,nsia.benin@nsiaassurances.com,nsiaassurances.com,PME (50-200),B2C,Google Maps,4.1,Actif,2026-06-29T00:05:29.646815,haute
BJ-D6DC8A39,Moov,Énergie & Environnement,Porto-Novo,+229 53 35 14 66,moov@moov.bj,,Grande (>200),B2B,Google Maps,4.2,Actif,2026-06-29T00:05:29.646944,haute
BJ-E5C4D250,CNHU-HKM Groupe,Énergie & Environnement,Porto-Novo,+229 66 20 22 63,,cnhu.bj,Grande (>200),B2B/B2C,Google Maps,3.7,Actif,2026-06-29T00:05:29.646973,haute
BJ-BDA82AF0,Score SA Porto-Novo,Énergie & Environnement,Porto-Novo,+229 34 77 66 28,,,Grande (>200),B2C,Google Maps,3.0,Actif,2026-06-29T00:05:29.646998,haute
BJ-D982D272,Bénin CFAO,Énergie & Environnement,Porto-Novo,+229 61 43 27 64,,,PME (10-50),B2C,Google Maps,3.6,Actif,2026-06-29T00:05:29.647031,haute
BJ-C2A4BBE8,Africa Jumia Porto-Novo,Énergie & Environnement,Porto-Novo,+229 46 43 68 50,benin@jumia.com,jumia.com.bj,PME (10-50),B2B/B2C,Google Maps,4.9,Actif,2026-06-29T00:05:29.647057,haute
BJ-E802B6F7,Africa Digital,Énergie & Environnement,Parakou,+229 27 55 64 70,digital.benin@gmail.com,,TPE (<10),B2B,Google Maps,3.8,Actif,2026-06-29T00:05:29.647096,moyenne
BJ-3A199728,CNHU-HKM Bureau Parakou,Énergie & Environnement,Parakou,+229 35 93 37 74,contact@cnhu.bj,cnhu.bj,PME (50-200),B2B/B2C,Google Maps,3.3,Actif,2026-06-29T00:05:29.647190,haute
BJ-CD1B2454,AGS Déménagements Bénin,Énergie & Environnement,Bohicon,+229 85 92 97 67,ags.benin@agsfidal.com,,PME (50-200),B2B/B2C,Google Maps,3.9,Actif,2026-06-29T00:05:29.647276,moyenne
BJ-184CC008,Bénin Ets,Énergie & Environnement,Bohicon,+229 47 50 92 85,,,Grande (>200),B2C,Google Maps,3.4,Actif,2026-06-29T00:05:29.647302,moyenne
BJ-4F7342A0,SOBETRAP Groupe Bohicon,Énergie & Environnement,Bohicon,+229 99 49 25 43,,sobetrap.bj,Grande (>200),B2B,Google Maps,4.8,Actif,2026-06-29T00:05:29.647334,haute
BJ-CF9399D9,Africa AfriTech Natitingou,Énergie & Environnement,Natitingou,+229 68 34 93 64,contact@afritech.bj,,Grande (>200),B2C,Google Maps,4.9,Actif,2026-06-29T00:05:29.647400,haute
BJ-736A2C2E,MTN Mobile Money Bénin Natitingou,Énergie & Environnement,Natitingou,+229 48 31 66 99,,,TPE (<10),B2B,Google Maps,3.0,Actif,2026-06-29T00:05:29.647426,haute
BJ-27E05B41,BCEAO AGS,Énergie & Environnement,Natitingou,+229 85 42 56 93,ags.benin@agsfidal.com,,PME (50-200),B2B/B2C,Google Maps,4.3,Actif,2026-06-29T00:05:29.647451,moyenne
BJ-8D2B7449,Africa MTN,Énergie & Environnement,Natitingou,+229 21 33 58 73,contact@mtn.bj,,TPE (<10),B2C,Google Maps,3.4,Actif,2026-06-29T00:05:29.647505,haute
BJ-68C7708A,West Africa Score,Énergie & Environnement,Lokossa,+229 67 90 44 25,,,PME (10-50),B2C,Google Maps,4.7,Actif,2026-06-29T00:05:29.647540,haute
BJ-B1488FE5,BCEAO Pharmaquick,Énergie & Environnement,Lokossa,+229 73 89 42 62,pharmaquick@gmail.com,,PME (10-50),B2B,Google Maps,4.3,Actif,2026-06-29T00:05:29.647589,moyenne
BJ-1B4764BF,Clinique Saint Luc Cotonou,Énergie & Environnement,Lokossa,+229 29 38 44 96,stluc@cliniquestluc.bj,cliniquestluc.bj,PME (10-50),B2B,Google Maps,4.3,Actif,2026-06-29T00:05:29.647619,haute
BJ-3B5F8A9C,Hôtel Ets Lokossa,Énergie & Environnement,Lokossa,+229 47 11 60 89,,,PME (10-50),B2C,Google Maps,4.4,Actif,2026-06-29T00:05:29.647663,moyenne
BJ-498E0737,Africa SONAPRA,Énergie & Environnement,Ouidah,+229 21 56 38 54,,,Grande (>200),B2C,Google Maps,3.3,Actif,2026-06-29T00:05:29.647942,moyenne
BJ-678E74F7,Score SA,Énergie & Environnement,Ouidah,+229 60 68 39 85,,score-benin.com,PME (50-200),B2C,Google Maps,4.1,Actif,2026-06-29T00:05:29.647978,haute
BJ-77261A6B,Score Supermarché Ouidah,Énergie & Environnement,Ouidah,+229 54 33 60 34,,,Grande (>200),B2B,Google Maps,3.3,Actif,2026-06-29T00:05:29.648028,haute
BJ-CC0B7F11,Hôtel du Lac Cotonou Ouidah,Énergie & Environnement,Ouidah,+229 45 42 82 85,hotel.lac@yahoo.fr,,Grande (>200),B2B/B2C,Google Maps,4.7,Actif,2026-06-29T00:05:29.648088,moyenne
BJ-0705661E,Africa Jumia Cotonou,Médias & Communication,Cotonou,+229 63 76 67 84,benin@jumia.com,jumia.com.bj,Grande (>200),B2B,Google Maps,3.7,Actif,2026-06-29T00:05:29.648153,haute
BJ-BA401C87,Groupe,Médias & Communication,Cotonou,+229 58 53 71 26,collines.immo@yahoo.fr,,PME (50-200),B2B,Google Maps,3.5,Actif,2026-06-29T00:05:29.648206,moyenne
BJ-AB69D7D3,Novotel SA,Médias & Communication,Cotonou,+229 72 64 16 12,,,PME (10-50),B2B,Google Maps,4.6,Actif,2026-06-29T00:05:29.648248,haute
BJ-39F56590,West Africa Score,Médias & Communication,Cotonou,+229 90 89 78 86,,,PME (10-50),B2B/B2C,Google Maps,4.7,Actif,2026-06-29T00:05:29.648272,haute
BJ-EEF84900,BCEAO AfriTech,Médias & Communication,Abomey-Calavi,+229 48 43 59 76,contact@afritech.bj,afritech.bj,PME (10-50),B2C,Google Maps,4.3,Actif,2026-06-29T00:05:29.648386,haute
BJ-1B7702CA,NSIA Ets Abomey-Calavi,Médias & Communication,Abomey-Calavi,+229 70 88 24 38,nsia.benin@nsiaassurances.com,,TPE (<10),B2C,Google Maps,4.2,Actif,2026-06-29T00:05:29.648433,haute
BJ-0ED28E94,West Africa DHL,Médias & Communication,Porto-Novo,+229 67 65 22 91,cotonou@dhl.com,dhl.com,Grande (>200),B2B,Google Maps,4.7,Actif,2026-06-29T00:05:29.648469,haute
BJ-7E9310BE,SOBETRAP Cabinet,Médias & Communication,Porto-Novo,+229 71 37 47 87,,,PME (50-200),B2C,Google Maps,4.7,Actif,2026-06-29T00:05:29.648493,haute
BJ-B3443097,Africa CFAO,Médias & Communication,Porto-Novo,+229 43 93 58 44,,,PME (50-200),B2B,Google Maps,4.3,Actif,2026-06-29T00:05:29.648515,haute
BJ-564ACD4C,Hôtel Centre Parakou,Médias & Communication,Parakou,+229 42 43 12 66,,,Grande (>200),B2B,Google Maps,3.0,Actif,2026-06-29T00:05:29.648632,moyenne
BJ-AA81E239,Ecobank Parakou,Médias & Communication,Parakou,+229 67 82 58 85,,,Grande (>200),B2C,Google Maps,3.3,Actif,2026-06-29T00:05:29.648656,haute
BJ-663DA9F9,Université Cabinet,Médias & Communication,Bohicon,+229 49 35 31 59,,,PME (10-50),B2C,Google Maps,4.4,Actif,2026-06-29T00:05:29.648758,haute
BJ-A413A715,Africa CFAO Bohicon,Médias & Communication,Bohicon,+229 27 45 12 78,,cfao.com,PME (10-50),B2B,Google Maps,4.2,Actif,2026-06-29T00:05:29.648786,haute
BJ-4388914A,Africa Moov,Médias & Communication,Bohicon,+229 49 69 23 78,,moov.bj,TPE (<10),B2C,Google Maps,3.8,Actif,2026-06-29T00:05:29.648811,haute
BJ-CF5BB60D,BCEAO SOBEBRA,Médias & Communication,Bohicon,+229 77 62 25 45,,,PME (10-50),B2B/B2C,Google Maps,3.9,Actif,2026-06-29T00:05:29.648841,moyenne
BJ-C258290E,SERHAU-SEM Bohicon,Médias & Communication,Bohicon,+229 26 81 71 18,info@serhau.bj,,PME (10-50),B2B/B2C,Google Maps,4.2,Actif,2026-06-29T00:05:29.648865,haute
BJ-675292A3,Ecobank Bénin,Médias & Communication,Natitingou,+229 66 60 51 93,,,PME (50-200),B2B/B2C,Google Maps,3.8,Actif,2026-06-29T00:05:29.648961,haute
BJ-C0D6D198,HAMMER BENIN,Médias & Communication,Natitingou,+229 43 41 36 16,,hammer.bj,Grande (>200),B2C,Google Maps,4.6,Actif,2026-06-29T00:05:29.649018,haute
BJ-6F7126EB,Hôtel du Lac Cotonou,Médias & Communication,Natitingou,+229 77 40 17 92,,,TPE (<10),B2C,Google Maps,3.3,Actif,2026-06-29T00:05:29.649092,moyenne
BJ-A169FE58,West Africa HAMMER,Médias & Communication,Natitingou,+229 36 24 89 87,info@hammer.bj,hammer.bj,TPE (<10),B2B,Google Maps,4.1,Actif,2026-06-29T00:05:29.649150,haute
BJ-AA0E8126,Digital Benin,Médias & Communication,Natitingou,+229 46 18 38 33,digital.benin@gmail.com,,TPE (<10),B2B,Google Maps,3.7,Actif,2026-06-29T00:05:29.649207,moyenne
BJ-B4D4115F,SOBETRAP Bureau,Médias & Communication,Lokossa,+229 66 55 29 16,contact@sobetrap.bj,sobetrap.bj,PME (10-50),B2C,Google Maps,3.2,Actif,2026-06-29T00:05:29.649289,haute
BJ-1B12E51A,Bénin Ecobank,Médias & Communication,Lokossa,+229 86 52 66 21,ecobank.benin@ecobank.com,,Grande (>200),B2C,Google Maps,4.9,Actif,2026-06-29T00:05:29.649321,haute
BJ-4BB9AC81,BCEAO BOAD Lokossa,Médias & Communication,Lokossa,+229 64 46 59 59,boad@boad.org,boad.org,Grande (>200),B2B,Google Maps,4.4,Actif,2026-06-29T00:05:29.649347,haute
BJ-A9071364,Bénin Moov,Médias & Communication,Lokossa,+229 24 70 87 78,,,PME (50-200),B2C,Google Maps,3.6,Actif,2026-06-29T00:05:29.649381,haute
BJ-7E7F0A91,BCEAO DHL,Médias & Communication,Lokossa,+229 92 79 65 71,cotonou@dhl.com,dhl.com,TPE (<10),B2C,Google Maps,3.5,Actif,2026-06-29T00:05:29.649409,haute
BJ-4939D17B,Hôtel Bureau,Médias & Communication,Ouidah,+229 40 53 58 92,,,TPE (<10),B2B/B2C,Google Maps,3.6,Actif,2026-06-29T00:05:29.649448,moyenne
BJ-06617429,Novotel Cotonou,Médias & Communication,Ouidah,+229 77 46 36 72,h5436@accor.com,,PME (50-200),B2B,Google Maps,3.0,Actif,2026-06-29T00:05:29.649498,haute
BJ-B085729A,Cabinet SARL,Médias & Communication,Ouidah,+229 61 46 84 38,,,PME (50-200),B2C,Google Maps,3.1,Actif,2026-06-29T00:05:29.649524,moyenne
BJ-905D16EA,Restaurant Bureau Ouidah,Médias & Communication,Ouidah,+229 33 58 87 65,amazone.cotonou@gmail.com,,TPE (<10),B2C,Google Maps,4.1,Actif,2026-06-29T00:05:29.649558,moyenne
BJ-44178C2B,DHL Bureau,Médias & Communication,Ouidah,+229 36 34 59 41,cotonou@dhl.com,,PME (50-200),B2B,Google Maps,4.6,Actif,2026-06-29T00:05:29.649583,haute
BJ-3EA9A50A,Ecobank Bénin Cotonou,ONG & Associations,Cotonou,+229 46 56 50 30,,ecobank.com,TPE (<10),B2B,Google Maps,3.3,Actif,2026-06-29T00:05:29.649707,haute
BJ-12AC0268,AGS,ONG & Associations,Abomey-Calavi,+229 52 67 14 20,ags.benin@agsfidal.com,,Grande (>200),B2B/B2C,Google Maps,3.5,Actif,2026-06-29T00:05:29.649802,moyenne
BJ-2D7980C2,West Africa CNHU-HKM,ONG & Associations,Abomey-Calavi,+229 64 38 53 29,,cnhu.bj,PME (50-200),B2B,Google Maps,3.2,Actif,2026-06-29T00:05:29.649879,haute
BJ-BB294891,Université Ets Porto-Novo,ONG & Associations,Porto-Novo,+229 46 63 45 72,rectorat@uac.bj,,PME (50-200),B2B/B2C,Google Maps,4.3,Actif,2026-06-29T00:05:29.650038,haute
BJ-E0823B5E,Ets Centre,ONG & Associations,Porto-Novo,+229 96 48 89 15,,,PME (10-50),B2B/B2C,Google Maps,3.1,Actif,2026-06-29T00:05:29.650156,moyenne
BJ-35F6ACC2,Cabinet Arch-Design Bénin Parakou,ONG & Associations,Parakou,+229 40 25 51 76,arch.design@gmail.com,,Grande (>200),B2C,Google Maps,4.5,Actif,2026-06-29T00:05:29.650232,moyenne
BJ-903584C9,Groupe Ets,ONG & Associations,Parakou,+229 26 61 89 28,,,TPE (<10),B2B,Google Maps,4.2,Actif,2026-06-29T00:05:29.650358,moyenne
BJ-FED869E5,BCEAO Pharmaquick,ONG & Associations,Parakou,+229 59 47 73 46,pharmaquick@gmail.com,,Grande (>200),B2C,Google Maps,3.4,Actif,2026-06-29T00:05:29.650421,moyenne
BJ-6423893D,Université,ONG & Associations,Bohicon,+229 51 71 25 59,,uac.bj,Grande (>200),B2B/B2C,Google Maps,3.0,Actif,2026-06-29T00:05:29.650502,haute
BJ-08745ACC,West Africa Novotel,ONG & Associations,Bohicon,+229 43 55 90 40,h5436@accor.com,novotel.com,Grande (>200),B2B,Google Maps,4.0,Actif,2026-06-29T00:05:29.650561,haute
BJ-77275A17,Novotel Cotonou,ONG & Associations,Bohicon,+229 29 53 95 30,h5436@accor.com,novotel.com,PME (50-200),B2B/B2C,Google Maps,3.9,Actif,2026-06-29T00:05:29.650604,haute
BJ-9AE17AE5,MTN SA Natitingou,ONG & Associations,Natitingou,+229 49 72 35 66,,,Grande (>200),B2C,Google Maps,3.6,Actif,2026-06-29T00:05:29.650790,haute
BJ-113FACA2,SOBETRAP SA,ONG & Associations,Natitingou,+229 53 18 64 88,contact@sobetrap.bj,sobetrap.bj,PME (10-50),B2B/B2C,Google Maps,3.3,Actif,2026-06-29T00:05:29.650831,haute
BJ-B5881F61,Moov Africa Bénin,ONG & Associations,Natitingou,+229 82 76 78 65,moov@moov.bj,,PME (10-50),B2C,Google Maps,3.9,Actif,2026-06-29T00:05:29.650876,haute
BJ-3E3BF1D0,AGS Déménagements Bénin Natitingou,ONG & Associations,Natitingou,+229 92 42 22 74,ags.benin@agsfidal.com,,TPE (<10),B2B,Google Maps,3.2,Actif,2026-06-29T00:05:29.650985,moyenne
BJ-769163EB,CNHU-HKM,ONG & Associations,Natitingou,+229 43 13 58 31,contact@cnhu.bj,cnhu.bj,Grande (>200),B2B/B2C,Google Maps,3.1,Actif,2026-06-29T00:05:29.651033,haute
BJ-5C9BD3AC,EPAC - École Polytechnique,ONG & Associations,Lokossa,+229 48 75 48 16,epac@epac.uac.bj,epac.uac.bj,PME (10-50),B2B,Google Maps,4.5,Actif,2026-06-29T00:05:29.651102,haute
BJ-AEB636AB,Clinique Ets Lokossa,ONG & Associations,Lokossa,+229 46 80 33 12,,cliniquestluc.bj,PME (50-200),B2B/B2C,Google Maps,4.5,Actif,2026-06-29T00:05:29.651149,haute
BJ-30A638E3,Université d'Abomey-Calavi,ONG & Associations,Lokossa,+229 52 98 36 49,,,PME (10-50),B2C,Google Maps,4.4,Actif,2026-06-29T00:05:29.651196,haute
BJ-844AAFB4,SOBETRAP SA,ONG & Associations,Lokossa,+229 31 23 22 21,contact@sobetrap.bj,,TPE (<10),B2B/B2C,Google Maps,3.7,Actif,2026-06-29T00:05:29.651266,haute
BJ-B77876FC,Africa MTN,ONG & Associations,Ouidah,+229 23 74 12 11,momo@mtn.bj,mtn.bj,PME (10-50),B2B,Google Maps,3.4,Actif,2026-06-29T00:05:29.651386,haute
BJ-BEAF0084,NSIA Assurances Bénin,ONG & Associations,Ouidah,+229 94 25 68 73,nsia.benin@nsiaassurances.com,nsiaassurances.com,Grande (>200),B2C,Google Maps,4.0,Actif,2026-06-29T00:05:29.651433,haute
BJ-C1A53E3F,DHL Express Bénin,ONG & Associations,Ouidah,+229 30 88 55 19,,,PME (10-50),B2B/B2C,Google Maps,4.3,Actif,2026-06-29T00:05:29.651478,haute
BJ-35B427AA,Bénin Groupe,ONG & Associations,Ouidah,+229 59 43 52 25,,,PME (10-50),B2C,Google Maps,4.8,Actif,2026-06-29T00:05:29.651520,moyenne
BJ-61F11178,Restaurant,ONG & Associations,Ouidah,+229 44 60 58 54,,,PME (50-200),B2C,Google Maps,4.4,Actif,2026-06-29T00:05:29.651561,moyenne
BJ-D9BE4352,West Africa SERHAU-SEM,BTP & Immobilier,Cotonou,+229 43 80 73 51,info@serhau.bj,serhau.bj,TPE (<10),B2C,Facebook Pages,,Actif,2026-06-29T00:05:29.651686,haute
BJ-F34233D6,AfriTech Ets,BTP & Immobilier,Abomey-Calavi,+229 69 60 83 68,,,PME (50-200),B2B,Facebook Pages,,Actif,2026-06-29T00:05:29.651990,haute
BJ-538FFCE9,CFAO SA,BTP & Immobilier,Abomey-Calavi,+229 41 67 66 70,cfao.benin@cfao.com,cfao.com,Grande (>200),B2C,Facebook Pages,,Actif,2026-06-29T00:05:29.652071,haute
BJ-F0842E0A,CFAO SA,BTP & Immobilier,Porto-Novo,+229 33 43 99 17,cfao.benin@cfao.com,,Grande (>200),B2C,Facebook Pages,,Actif,2026-06-29T00:05:29.652138,haute
BJ-CE133CCA,AfriTech Centre Porto-Novo,BTP & Immobilier,Porto-Novo,+229 54 80 34 36,contact@afritech.bj,,TPE (<10),B2C,Facebook Pages,,Actif,2026-06-29T00:05:29.652196,haute
BJ-43B29FB8,Université d'Abomey-Calavi,BTP & Immobilier,Porto-Novo,+229 81 75 46 29,,,PME (10-50),B2B,Facebook Pages,,Actif,2026-06-29T00:05:29.652242,haute
BJ-B53175DD,Ets SARL,BTP & Immobilier,Porto-Novo,+229 40 77 33 44,agro.benin@gmail.com,,PME (10-50),B2C,Facebook Pages,,Actif,2026-06-29T00:05:29.652340,moyenne
BJ-8EBB5A4F,Ets Bureau,BTP & Immobilier,Parakou,+229 98 63 86 40,,,PME (50-200),B2C,Facebook Pages,,Actif,2026-06-29T00:05:29.652447,moyenne
BJ-0D1F1E7E,BCEAO SERHAU-SEM Parakou,BTP & Immobilier,Parakou,+229 27 42 37 80,info@serhau.bj,serhau.bj,Grande (>200),B2B,Facebook Pages,,Actif,2026-06-29T00:05:29.652560,haute
BJ-A8112507,Restaurant Le Jardin de l'Amazone,BTP & Immobilier,Bohicon,+229 54 92 24 71,amazone.cotonou@gmail.com,,PME (50-200),B2B/B2C,Facebook Pages,,Actif,2026-06-29T00:05:29.652615,moyenne
BJ-FE76CE66,Clinique Cabinet,BTP & Immobilier,Bohicon,+229 24 72 26 73,stluc@cliniquestluc.bj,,PME (50-200),B2B,Facebook Pages,,Actif,2026-06-29T00:05:29.652674,haute
BJ-8F115898,Bénin DHL Bohicon,BTP & Immobilier,Bohicon,+229 33 38 88 56,cotonou@dhl.com,,PME (50-200),B2B/B2C,Facebook Pages,,Actif,2026-06-29T00:05:29.652752,haute
BJ-586165BE,Hôtel,BTP & Immobilier,Bohicon,+229 60 94 26 49,hotel.lac@yahoo.fr,,PME (10-50),B2C,Facebook Pages,,Actif,2026-06-29T00:05:29.652815,moyenne
BJ-E11AB1B5,EPAC - École Polytechnique,BTP & Immobilier,Bohicon,+229 28 43 90 46,epac@epac.uac.bj,epac.uac.bj,Grande (>200),B2B,Facebook Pages,,Actif,2026-06-29T00:05:29.652873,haute
BJ-55DAF590,DHL Bureau,BTP & Immobilier,Natitingou,+229 21 42 99 36,cotonou@dhl.com,,PME (10-50),B2B/B2C,Facebook Pages,,Actif,2026-06-29T00:05:29.653021,haute
BJ-44AFFCA2,DHL Express Bénin,BTP & Immobilier,Natitingou,+229 66 13 79 82,,,PME (10-50),B2B,Facebook Pages,,Actif,2026-06-29T00:05:29.653102,haute
BJ-D37B9D34,DHL SA,BTP & Immobilier,Natitingou,+229 32 83 50 14,,,TPE (<10),B2B,Facebook Pages,,Actif,2026-06-29T00:05:29.653170,haute
BJ-1EBF7AE6,Pharmaquick SARL,BTP & Immobilier,Natitingou,+229 38 50 62 14,pharmaquick@gmail.com,,PME (50-200),B2B,Facebook Pages,,Actif,2026-06-29T00:05:29.653229,moyenne
BJ-830F34FB,CFAO,BTP & Immobilier,Natitingou,+229 73 43 39 29,cfao.benin@cfao.com,,Grande (>200),B2C,Facebook Pages,,Actif,2026-06-29T00:05:29.653291,haute
BJ-E7BB00F2,Bénin Jumia,BTP & Immobilier,Lokossa,+229 60 75 71 74,,,Grande (>200),B2C,Facebook Pages,,Actif,2026-06-29T00:05:29.653337,haute
BJ-7C3852B8,Clinique Saint Luc Cotonou Lokossa,BTP & Immobilier,Lokossa,+229 27 62 25 10,stluc@cliniquestluc.bj,,PME (10-50),B2B/B2C,Facebook Pages,,Actif,2026-06-29T00:05:29.653383,haute
BJ-7285B3CA,Groupe SA,BTP & Immobilier,Lokossa,+229 52 68 39 76,,,PME (50-200),B2C,Facebook Pages,,Actif,2026-06-29T00:05:29.653413,moyenne
BJ-D70D19BA,NSIA Ets,BTP & Immobilier,Lokossa,+229 72 36 44 14,,,Grande (>200),B2B,Facebook Pages,,Actif,2026-06-29T00:05:29.653435,haute
BJ-429213E6,Clinique Ets,BTP & Immobilier,Ouidah,+229 58 56 31 69,,,PME (50-200),B2B/B2C,Facebook Pages,,Actif,2026-06-29T00:05:29.653492,haute
BJ-CC303F21,Score Groupe Ouidah,BTP & Immobilier,Ouidah,+229 23 49 40 58,,,Grande (>200),B2C,Facebook Pages,,Actif,2026-06-29T00:05:29.653514,haute
BJ-68EF4FB4,Clinique Saint Luc Cotonou,BTP & Immobilier,Ouidah,+229 90 88 60 73,,cliniquestluc.bj,PME (10-50),B2B/B2C,Facebook Pages,,Actif,2026-06-29T00:05:29.653557,haute
BJ-A5197F35,Moov Groupe,Commerce & Distribution,Cotonou,+229 35 74 63 76,moov@moov.bj,moov.bj,Grande (>200),B2B,Facebook Pages,,Actif,2026-06-29T00:05:29.653591,haute
BJ-82A5B700,Score,Commerce & Distribution,Cotonou,+229 36 32 44 29,score@score-benin.com,score-benin.com,PME (50-200),B2B/B2C,Facebook Pages,,Actif,2026-06-29T00:05:29.653612,haute
BJ-0C443B60,Bénin Cabinet,Commerce & Distribution,Cotonou,+229 31 65 61 57,,,TPE (<10),B2B,Facebook Pages,,Actif,2026-06-29T00:05:29.653634,moyenne
BJ-A71F1B8E,HAMMER BENIN,Commerce & Distribution,Cotonou,+229 36 99 25 72,info@hammer.bj,hammer.bj,PME (10-50),B2B,Facebook Pages,,Actif,2026-06-29T00:05:29.653663,haute
BJ-FBFE4E35,BCEAO SONAPRA,Commerce & Distribution,Abomey-Calavi,+229 47 44 83 42,,,TPE (<10),B2B,Facebook Pages,,Actif,2026-06-29T00:05:29.653718,moyenne
BJ-B2E6526F,Restaurant Le Jardin de l'Amazone Porto-Novo,Commerce & Distribution,Porto-Novo,+229 78 63 90 15,amazone.cotonou@gmail.com,,TPE (<10),B2B,Facebook Pages,,Actif,2026-06-29T00:05:29.653847,moyenne
BJ-B5B4F0EF,Africa SONAPRA,Commerce & Distribution,Porto-Novo,+229 55 53 98 62,sonapra@sonapra.bj,,PME (10-50),B2C,Facebook Pages,,Actif,2026-06-29T00:05:29.653973,moyenne
BJ-FADEBA67,BOAD SA,Commerce & Distribution,Parakou,+229 78 14 45 58,boad@boad.org,,Grande (>200),B2B,Facebook Pages,,Actif,2026-06-29T00:05:29.654163,haute
BJ-12CC1382,SERHAU-SEM SA,Commerce & Distribution,Parakou,+229 95 97 59 22,info@serhau.bj,,Grande (>200),B2B,Facebook Pages,,Actif,2026-06-29T00:05:29.654184,haute
BJ-4EAD8A03,AfriTech Cabinet Parakou,Commerce & Distribution,Parakou,+229 52 30 52 53,contact@afritech.bj,afritech.bj,TPE (<10),B2C,Facebook Pages,,Actif,2026-06-29T00:05:29.654204,haute
BJ-5CD7F4D1,Clinique Bohicon,Commerce & Distribution,Bohicon,+229 73 16 45 32,stluc@cliniquestluc.bj,,Grande (>200),B2C,Facebook Pages,,Actif,2026-06-29T00:05:29.654272,haute
BJ-1C9BB286,Pharmaquick Bénin,Commerce & Distribution,Bohicon,+229 48 24 67 18,pharmaquick@gmail.com,,TPE (<10),B2B/B2C,Facebook Pages,,Actif,2026-06-29T00:05:29.654294,moyenne
BJ-3DC3E8AC,BCEAO Ecobank,Commerce & Distribution,Bohicon,+229 31 16 68 27,ecobank.benin@ecobank.com,ecobank.com,PME (10-50),B2C,Facebook Pages,,Actif,2026-06-29T00:05:29.654321,haute
BJ-06E464A0,BCEAO SOBETRAP Bohicon,Commerce & Distribution,Bohicon,+229 66 69 96 97,contact@sobetrap.bj,sobetrap.bj,PME (10-50),B2B/B2C,Facebook Pages,,Actif,2026-06-29T00:05:29.654348,haute
BJ-B6F9DEA5,Ets Agro-Bénin Natitingou,Commerce & Distribution,Natitingou,+229 65 51 57 60,agro.benin@gmail.com,,Grande (>200),B2C,Facebook Pages,,Actif,2026-06-29T00:05:29.654381,moyenne
BJ-38D40ABF,SOBEBRA Transport Natitingou,Commerce & Distribution,Natitingou,+229 78 94 87 64,transport@sobebra.bj,,Grande (>200),B2C,Facebook Pages,,Actif,2026-06-29T00:05:29.654402,moyenne
BJ-CEE9463D,CFAO Motors Bénin,Commerce & Distribution,Natitingou,+229 72 75 39 31,cfao.benin@cfao.com,,PME (50-200),B2C,Facebook Pages,,Actif,2026-06-29T00:05:29.654424,haute
BJ-8FBA705F,Groupe Ets,Commerce & Distribution,Natitingou,+229 41 20 32 89,collines.immo@yahoo.fr,,PME (50-200),B2B/B2C,Facebook Pages,,Actif,2026-06-29T00:05:29.654446,moyenne
BJ-CF653008,BCEAO SOBETRAP,Commerce & Distribution,Natitingou,+229 20 54 56 70,,sobetrap.bj,TPE (<10),B2C,Facebook Pages,,Actif,2026-06-29T00:05:29.654467,haute
BJ-0D72B5E6,MTN,Commerce & Distribution,Lokossa,+229 94 54 44 11,momo@mtn.bj,mtn.bj,PME (10-50),B2C,Facebook Pages,,Actif,2026-06-29T00:05:29.654502,haute
BJ-0FAAB9BE,Hôtel du Lac Cotonou Lokossa,Commerce & Distribution,Lokossa,+229 78 22 84 34,hotel.lac@yahoo.fr,,PME (10-50),B2C,Facebook Pages,,Actif,2026-06-29T00:05:29.654525,moyenne
BJ-6CADD60B,West Africa Hôtel,Commerce & Distribution,Lokossa,+229 81 25 79 59,,,PME (50-200),B2B/B2C,Facebook Pages,,Actif,2026-06-29T00:05:29.654546,moyenne
BJ-46587268,West Africa SOBEBRA Lokossa,Commerce & Distribution,Lokossa,+229 83 36 89 43,transport@sobebra.bj,,PME (10-50),B2C,Facebook Pages,,Actif,2026-06-29T00:05:29.654595,moyenne
BJ-57A0756E,SERHAU-SEM,Commerce & Distribution,Ouidah,+229 90 87 86 46,info@serhau.bj,serhau.bj,Grande (>200),B2C,Facebook Pages,,Actif,2026-06-29T00:05:29.654626,haute
BJ-126FE110,Ets Biokou & Frères Ouidah,Commerce & Distribution,Ouidah,+229 50 18 81 84,,,Grande (>200),B2B/B2C,Facebook Pages,,Actif,2026-06-29T00:05:29.654648,moyenne
BJ-F8446D5F,MTN Bureau,Commerce & Distribution,Ouidah,+229 28 28 74 12,contact@mtn.bj,,TPE (<10),B2B/B2C,Facebook Pages,,Actif,2026-06-29T00:05:29.654689,haute
BJ-5CF3DD44,BOAD SARL,Commerce & Distribution,Ouidah,+229 63 43 60 35,boad@boad.org,,PME (10-50),B2B,Facebook Pages,,Actif,2026-06-29T00:05:29.654709,haute
BJ-ADAE6C1B,Hôtel SARL,Restauration & Hôtellerie,Cotonou,+229 41 39 94 80,,,TPE (<10),B2C,Facebook Pages,,Actif,2026-06-29T00:05:29.654761,moyenne
BJ-099946D1,West Africa Ecobank,Restauration & Hôtellerie,Cotonou,+229 44 98 92 34,ecobank.benin@ecobank.com,,PME (10-50),B2B/B2C,Facebook Pages,,Actif,2026-06-29T00:05:29.655004,haute
BJ-BF2DB4FB,Bénin SOBETRAP Cotonou,Restauration & Hôtellerie,Cotonou,+229 61 91 75 73,contact@sobetrap.bj,sobetrap.bj,PME (50-200),B2B,Facebook Pages,,Actif,2026-06-29T00:05:29.655034,haute
BJ-8C514940,West Africa MTN,Restauration & Hôtellerie,Abomey-Calavi,+229 42 24 61 52,momo@mtn.bj,mtn.bj,PME (50-200),B2B/B2C,Facebook Pages,,Actif,2026-06-29T00:05:29.655139,haute
BJ-A67A65BC,HAMMER BENIN Porto-Novo,Restauration & Hôtellerie,Porto-Novo,+229 26 70 28 65,,,TPE (<10),B2C,Facebook Pages,,Actif,2026-06-29T00:05:29.655214,haute
BJ-90107E99,Africa Score Porto-Novo,Restauration & Hôtellerie,Porto-Novo,+229 76 81 62 62,,score-benin.com,TPE (<10),B2B/B2C,Facebook Pages,,Actif,2026-06-29T00:05:29.655262,haute
BJ-E29C7670,DHL Groupe,Restauration & Hôtellerie,Porto-Novo,+229 60 60 33 20,cotonou@dhl.com,dhl.com,Grande (>200),B2B,Facebook Pages,,Actif,2026-06-29T00:05:29.655283,haute
BJ-934BE368,Cabinet Ets,Restauration & Hôtellerie,Parakou,+229 46 76 93 30,arch.design@gmail.com,,TPE (<10),B2B/B2C,Facebook Pages,,Actif,2026-06-29T00:05:29.655372,moyenne
BJ-3B9E755F,BCEAO EPAC Parakou,Restauration & Hôtellerie,Parakou,+229 84 15 22 74,epac@epac.uac.bj,epac.uac.bj,PME (10-50),B2B,Facebook Pages,,Actif,2026-06-29T00:05:29.655394,haute
BJ-C67F36DB,Bénin AfriTech,Restauration & Hôtellerie,Bohicon,+229 40 26 66 12,contact@afritech.bj,afritech.bj,PME (10-50),B2B/B2C,Facebook Pages,,Actif,2026-06-29T00:05:29.655485,haute
BJ-CB8D5DFB,MTN Groupe,Restauration & Hôtellerie,Bohicon,+229 79 50 71 40,,,PME (10-50),B2B/B2C,Facebook Pages,,Actif,2026-06-29T00:05:29.655531,haute
BJ-80245DBB,MTN,Restauration & Hôtellerie,Bohicon,+229 98 72 71 49,,mtn.bj,TPE (<10),B2C,Facebook Pages,,Actif,2026-06-29T00:05:29.655567,haute
BJ-7B1423A3,BCEAO Clinique,Restauration & Hôtellerie,Natitingou,+229 50 15 85 51,stluc@cliniquestluc.bj,cliniquestluc.bj,TPE (<10),B2B/B2C,Facebook Pages,,Actif,2026-06-29T00:05:29.655621,haute
BJ-5AF311D3,Ecobank Bureau,Restauration & Hôtellerie,Natitingou,+229 65 36 15 70,ecobank.benin@ecobank.com,ecobank.com,PME (50-200),B2B/B2C,Facebook Pages,,Actif,2026-06-29T00:05:29.655642,haute
BJ-0A51BB15,Ecobank Centre Natitingou,Restauration & Hôtellerie,Natitingou,+229 21 44 77 70,ecobank.benin@ecobank.com,,Grande (>200),B2B/B2C,Facebook Pages,,Actif,2026-06-29T00:05:29.655662,haute
BJ-6253A900,Score Supermarché,Restauration & Hôtellerie,Natitingou,+229 30 19 45 46,score@score-benin.com,,TPE (<10),B2B/B2C,Facebook Pages,,Actif,2026-06-29T00:05:29.655724,haute
BJ-CA0E3558,MTN Centre,Restauration & Hôtellerie,Lokossa,+229 92 48 97 86,momo@mtn.bj,,Grande (>200),B2C,Facebook Pages,,Actif,2026-06-29T00:05:29.655849,haute
BJ-249DBBB7,BCEAO Cabinet Lokossa,Restauration & Hôtellerie,Lokossa,+229 56 77 66 21,arch.design@gmail.com,,PME (50-200),B2B/B2C,Facebook Pages,,Actif,2026-06-29T00:05:29.655910,moyenne
BJ-FEF2E84F,DHL Ets,Restauration & Hôtellerie,Lokossa,+229 73 54 51 16,cotonou@dhl.com,,Grande (>200),B2B/B2C,Facebook Pages,,Actif,2026-06-29T00:05:29.656005,haute
BJ-1591AC85,Hôtel du Lac Cotonou,Restauration & Hôtellerie,Ouidah,+229 58 55 77 91,,,PME (10-50),B2C,Facebook Pages,,Actif,2026-06-29T00:05:29.656083,moyenne
BJ-1145C5CA,MTN Mobile Money Bénin,Restauration & Hôtellerie,Ouidah,+229 32 25 12 59,,mtn.bj,TPE (<10),B2B/B2C,Facebook Pages,,Actif,2026-06-29T00:05:29.656121,haute
BJ-1F95D52E,BOAD Agence Cotonou Ouidah,Restauration & Hôtellerie,Ouidah,+229 99 59 27 48,,boad.org,Grande (>200),B2C,Facebook Pages,,Actif,2026-06-29T00:05:29.656175,haute
BJ-DDEE8DAA,Jumia Bénin,Restauration & Hôtellerie,Ouidah,+229 71 22 92 66,benin@jumia.com,jumia.com.bj,PME (50-200),B2C,Facebook Pages,,Actif,2026-06-29T00:05:29.656242,haute
BJ-8CF0EE7E,BOAD SA,Restauration & Hôtellerie,Ouidah,+229 58 30 72 16,boad@boad.org,,Grande (>200),B2B,Facebook Pages,,Actif,2026-06-29T00:05:29.656279,haute
BJ-A7CCB483,Restaurant Bureau,Santé & Pharmacie,Cotonou,+229 86 62 66 86,amazone.cotonou@gmail.com,,Grande (>200),B2B/B2C,Facebook Pages,,Actif,2026-06-29T00:05:29.656400,moyenne
BJ-D5711A25,Digital Cabinet Cotonou,Santé & Pharmacie,Cotonou,+229 34 38 47 67,digital.benin@gmail.com,,PME (10-50),B2B,Facebook Pages,,Actif,2026-06-29T00:05:29.656435,moyenne
BJ-E06DCD48,CNHU-HKM SARL,Santé & Pharmacie,Cotonou,+229 53 43 54 68,contact@cnhu.bj,,TPE (<10),B2B,Facebook Pages,,Actif,2026-06-29T00:05:29.656483,haute
BJ-39C7EF70,BCEAO SOBEBRA Cotonou,Santé & Pharmacie,Cotonou,+229 54 96 78 57,transport@sobebra.bj,,PME (10-50),B2B,Facebook Pages,,Actif,2026-06-29T00:05:29.656522,moyenne
BJ-50FC30D7,Cabinet Groupe,Santé & Pharmacie,Abomey-Calavi,+229 26 90 37 66,,,PME (10-50),B2C,Facebook Pages,,Actif,2026-06-29T00:05:29.656619,moyenne
BJ-FF06383D,CNHU-HKM Groupe Abomey-Calavi,Santé & Pharmacie,Abomey-Calavi,+229 80 64 55 68,,cnhu.bj,PME (50-200),B2B,Facebook Pages,,Actif,2026-06-29T00:05:29.656722,haute
BJ-6308871E,Ets Agro-Bénin Porto-Novo,Santé & Pharmacie,Porto-Novo,+229 66 79 79 27,,,PME (50-200),B2C,Facebook Pages,,Actif,2026-06-29T00:05:29.657015,moyenne
BJ-2F0AC543,Pharmaquick Ets,Santé & Pharmacie,Porto-Novo,+229 50 71 28 62,pharmaquick@gmail.com,,PME (10-50),B2B,Facebook Pages,,Actif,2026-06-29T00:05:29.657069,moyenne
BJ-AE408F70,Pharmaquick SARL,Santé & Pharmacie,Parakou,+229 87 95 13 76,pharmaquick@gmail.com,,TPE (<10),B2B/B2C,Facebook Pages,,Actif,2026-06-29T00:05:29.657162,moyenne
BJ-351985C3,SOBETRAP Groupe,Santé & Pharmacie,Parakou,+229 68 73 30 78,,sobetrap.bj,TPE (<10),B2B/B2C,Facebook Pages,,Actif,2026-06-29T00:05:29.657232,haute
BJ-E50472DD,West Africa Digital,Santé & Pharmacie,Parakou,+229 21 37 16 50,,,TPE (<10),B2C,Facebook Pages,,Actif,2026-06-29T00:05:29.657339,moyenne
BJ-B86AEC36,Score Bohicon,Santé & Pharmacie,Bohicon,+229 98 31 60 91,score@score-benin.com,score-benin.com,PME (50-200),B2B/B2C,Facebook Pages,,Actif,2026-06-29T00:05:29.657493,haute
BJ-6B530A2A,Digital Bohicon,Santé & Pharmacie,Bohicon,+229 65 24 78 68,digital.benin@gmail.com,,Grande (>200),B2B,Facebook Pages,,Actif,2026-06-29T00:05:29.657546,moyenne
BJ-3932EE0E,BCEAO BOAD,Santé & Pharmacie,Bohicon,+229 60 36 85 95,boad@boad.org,,TPE (<10),B2B,Facebook Pages,,Actif,2026-06-29T00:05:29.657614,haute
BJ-FE463B91,MTN Mobile Money Bénin,Santé & Pharmacie,Bohicon,+229 70 59 51 10,momo@mtn.bj,mtn.bj,PME (50-200),B2C,Facebook Pages,,Actif,2026-06-29T00:05:29.657690,haute
BJ-69688F9C,Groupe Groupe Bohicon,Santé & Pharmacie,Bohicon,+229 36 82 73 86,,,PME (10-50),B2C,Facebook Pages,,Actif,2026-06-29T00:05:29.657736,moyenne
BJ-830A402A,NSIA Assurances Bénin,Santé & Pharmacie,Natitingou,+229 77 46 44 49,nsia.benin@nsiaassurances.com,nsiaassurances.com,PME (10-50),B2B,Facebook Pages,,Actif,2026-06-29T00:05:29.657843,haute
BJ-10A4CCC8,HAMMER,Santé & Pharmacie,Lokossa,+229 88 40 26 34,info@hammer.bj,,Grande (>200),B2B,Facebook Pages,,Actif,2026-06-29T00:05:29.658149,haute
BJ-A22A8659,Africa EPAC Lokossa,Santé & Pharmacie,Lokossa,+229 77 55 29 86,epac@epac.uac.bj,epac.uac.bj,TPE (<10),B2C,Facebook Pages,,Actif,2026-06-29T00:05:29.658202,haute
BJ-82EEBECF,Africa Clinique,Santé & Pharmacie,Lokossa,+229 94 14 58 11,,cliniquestluc.bj,TPE (<10),B2C,Facebook Pages,,Actif,2026-06-29T00:05:29.658245,haute
BJ-D37FEED4,Jumia Bureau,Santé & Pharmacie,Ouidah,+229 70 30 82 58,,jumia.com.bj,Grande (>200),B2B,Facebook Pages,,Actif,2026-06-29T00:05:29.658376,haute
BJ-9B5F6D4C,AGS,Santé & Pharmacie,Ouidah,+229 84 55 40 80,ags.benin@agsfidal.com,,Grande (>200),B2B,Facebook Pages,,Actif,2026-06-29T00:05:29.658443,moyenne
BJ-D45BCDDE,BOAD Groupe Ouidah,Santé & Pharmacie,Ouidah,+229 21 21 74 26,boad@boad.org,boad.org,PME (50-200),B2B/B2C,Facebook Pages,,Actif,2026-06-29T00:05:29.658492,haute
BJ-6FEA1DB3,SONAPRA Bureau,Santé & Pharmacie,Ouidah,+229 59 72 27 57,sonapra@sonapra.bj,,TPE (<10),B2C,Facebook Pages,,Actif,2026-06-29T00:05:29.658551,moyenne
BJ-006D8B93,BCEAO NSIA,Santé & Pharmacie,Ouidah,+229 57 15 17 61,,nsiaassurances.com,PME (10-50),B2B,Facebook Pages,,Actif,2026-06-29T00:05:29.658602,haute
BJ-8D5F2DE8,Africa MTN,Finance & Assurance,Cotonou,+229 99 73 78 27,contact@mtn.bj,,PME (10-50),B2B/B2C,Facebook Pages,,Actif,2026-06-29T00:05:29.658667,haute
BJ-00626E33,BCEAO Hôtel,Finance & Assurance,Cotonou,+229 26 49 97 35,,,PME (50-200),B2C,Facebook Pages,,Actif,2026-06-29T00:05:29.658826,moyenne
BJ-879FC985,Digital Centre,Finance & Assurance,Abomey-Calavi,+229 33 71 71 46,,,Grande (>200),B2B/B2C,Facebook Pages,,Actif,2026-06-29T00:05:29.659026,moyenne
BJ-7EAD65EC,Jumia Centre Abomey-Calavi,Finance & Assurance,Abomey-Calavi,+229 47 66 43 82,,jumia.com.bj,PME (50-200),B2B,Facebook Pages,,Actif,2026-06-29T00:05:29.659064,haute
BJ-20203D07,MTN Mobile Money Bénin,Finance & Assurance,Abomey-Calavi,+229 64 24 58 94,momo@mtn.bj,mtn.bj,PME (50-200),B2B,Facebook Pages,,Actif,2026-06-29T00:05:29.659208,haute
BJ-381EE6DC,CFAO Porto-Novo,Finance & Assurance,Porto-Novo,+229 86 11 31 35,,,TPE (<10),B2B/B2C,Facebook Pages,,Actif,2026-06-29T00:05:29.659325,haute
BJ-7426D6CA,AfriTech,Finance & Assurance,Porto-Novo,+229 57 64 57 46,,,TPE (<10),B2C,Facebook Pages,,Actif,2026-06-29T00:05:29.659375,haute
BJ-04F73D01,Ets Cabinet Porto-Novo,Finance & Assurance,Porto-Novo,+229 22 16 78 13,agro.benin@gmail.com,,TPE (<10),B2B,Facebook Pages,,Actif,2026-06-29T00:05:29.659441,moyenne
BJ-BE2FF932,Africa Restaurant,Finance & Assurance,Parakou,+229 91 17 78 49,amazone.cotonou@gmail.com,,PME (50-200),B2B/B2C,Facebook Pages,,Actif,2026-06-29T00:05:29.659641,moyenne
BJ-AF7379D3,BCEAO Jumia,Finance & Assurance,Parakou,+229 69 31 99 57,benin@jumia.com,,TPE (<10),B2C,Facebook Pages,,Actif,2026-06-29T00:05:29.659719,haute
BJ-2ADE424E,BCEAO Hôtel Parakou,Finance & Assurance,Parakou,+229 32 46 87 34,,,PME (50-200),B2B/B2C,Facebook Pages,,Actif,2026-06-29T00:05:29.659825,moyenne
BJ-84554C3C,Bénin NSIA Bohicon,Finance & Assurance,Bohicon,+229 48 62 49 16,,,TPE (<10),B2B,Facebook Pages,,Actif,2026-06-29T00:05:29.659915,haute
BJ-6DF449BC,Bénin Cabinet Bohicon,Finance & Assurance,Bohicon,+229 33 18 49 37,,,Grande (>200),B2C,Facebook Pages,,Actif,2026-06-29T00:05:29.659957,moyenne
BJ-C28CDF14,Hôtel Bohicon,Finance & Assurance,Bohicon,+229 78 64 92 18,hotel.lac@yahoo.fr,,PME (50-200),B2B/B2C,Facebook Pages,,Actif,2026-06-29T00:05:29.660170,moyenne
BJ-EB7C3164,Digital Cabinet Natitingou,Finance & Assurance,Natitingou,+229 74 59 47 18,,,TPE (<10),B2B,Facebook Pages,,Actif,2026-06-29T00:05:29.660260,moyenne
BJ-208ACCAE,MTN Bureau Natitingou,Finance & Assurance,Natitingou,+229 48 80 77 98,contact@mtn.bj,,TPE (<10),B2B,Facebook Pages,,Actif,2026-06-29T00:05:29.660312,haute
BJ-80EA8CCB,Bénin MTN,Finance & Assurance,Natitingou,+229 47 18 55 24,momo@mtn.bj,mtn.bj,Grande (>200),B2C,Facebook Pages,,Actif,2026-06-29T00:05:29.660353,haute
BJ-D52C7FE0,Africa SOBETRAP Lokossa,Finance & Assurance,Lokossa,+229 43 29 15 15,contact@sobetrap.bj,,TPE (<10),B2C,Facebook Pages,,Actif,2026-06-29T00:05:29.660492,haute
BJ-CD925322,Digital Benin,Finance & Assurance,Lokossa,+229 78 33 22 13,digital.benin@gmail.com,,PME (50-200),B2B,Facebook Pages,,Actif,2026-06-29T00:05:29.660572,moyenne
BJ-7103E44F,SONAPRA,Finance & Assurance,Lokossa,+229 63 33 87 70,sonapra@sonapra.bj,,PME (10-50),B2B,Facebook Pages,,Actif,2026-06-29T00:05:29.660627,moyenne
BJ-56996A2F,Score Groupe,Finance & Assurance,Lokossa,+229 85 74 22 56,score@score-benin.com,,PME (50-200),B2B,Facebook Pages,,Actif,2026-06-29T00:05:29.660686,haute
BJ-E1138B36,AfriTech Cabinet Ouidah,Finance & Assurance,Ouidah,+229 29 34 66 77,contact@afritech.bj,,PME (50-200),B2B,Facebook Pages,,Actif,2026-06-29T00:05:29.660776,haute
BJ-821F3E7F,EPAC Ouidah,Finance & Assurance,Ouidah,+229 77 15 52 50,epac@epac.uac.bj,epac.uac.bj,PME (10-50),B2B,Facebook Pages,,Actif,2026-06-29T00:05:29.660836,haute
BJ-F9DEED89,Novotel Cotonou Ouidah,Finance & Assurance,Ouidah,+229 34 89 35 19,h5436@accor.com,novotel.com,PME (50-200),B2B,Facebook Pages,,Actif,2026-06-29T00:05:29.660923,haute
BJ-A492AD98,Université SARL,Finance & Assurance,Ouidah,+229 45 67 30 17,rectorat@uac.bj,,PME (10-50),B2B/B2C,Facebook Pages,,Actif,2026-06-29T00:05:29.660990,haute
BJ-C639C315,Cabinet Arch-Design Bénin,Finance & Assurance,Ouidah,+229 30 29 35 22,arch.design@gmail.com,,TPE (<10),B2B/B2C,Facebook Pages,,Actif,2026-06-29T00:05:29.661046,moyenne
BJ-14B0442F,AfriTech Cabinet,Transport & Logistique,Cotonou,+229 23 17 81 15,contact@afritech.bj,afritech.bj,PME (10-50),B2B,Facebook Pages,,Actif,2026-06-29T00:05:29.661236,haute
BJ-34CFB59B,Africa AfriTech,Transport & Logistique,Abomey-Calavi,+229 32 68 28 30,contact@afritech.bj,afritech.bj,PME (50-200),B2B,Facebook Pages,,Actif,2026-06-29T00:05:29.661559,haute
BJ-3F6279EA,Africa Novotel,Transport & Logistique,Abomey-Calavi,+229 38 11 90 90,h5436@accor.com,,PME (10-50),B2C,Facebook Pages,,Actif,2026-06-29T00:05:29.661601,haute
BJ-3E54E573,Bénin Novotel,Transport & Logistique,Abomey-Calavi,+229 49 13 38 90,,novotel.com,TPE (<10),B2B,Facebook Pages,,Actif,2026-06-29T00:05:29.661696,haute
BJ-49264FDB,Université d'Abomey-Calavi Abomey-Calavi,Transport & Logistique,Abomey-Calavi,+229 79 81 59 69,,uac.bj,Grande (>200),B2B/B2C,Facebook Pages,,Actif,2026-06-29T00:05:29.661756,haute
BJ-03430E7A,EPAC SA,Transport & Logistique,Porto-Novo,+229 88 80 86 41,,epac.uac.bj,Grande (>200),B2C,Facebook Pages,,Actif,2026-06-29T00:05:29.661837,haute
BJ-7A7B6448,HAMMER Ets,Transport & Logistique,Porto-Novo,+229 98 75 93 22,info@hammer.bj,hammer.bj,PME (50-200),B2C,Facebook Pages,,Actif,2026-06-29T00:05:29.661915,haute
BJ-3C940533,West Africa AGS Porto-Novo,Transport & Logistique,Porto-Novo,+229 52 21 30 94,ags.benin@agsfidal.com,,PME (50-200),B2C,Facebook Pages,,Actif,2026-06-29T00:05:29.661944,moyenne
BJ-61C84691,BCEAO MTN Porto-Novo,Transport & Logistique,Porto-Novo,+229 96 44 10 24,,mtn.bj,Grande (>200),B2C,Facebook Pages,,Actif,2026-06-29T00:05:29.661975,haute
BJ-DF72AE6E,BCEAO Hôtel,Transport & Logistique,Porto-Novo,+229 59 85 35 37,hotel.lac@yahoo.fr,,PME (50-200),B2C,Facebook Pages,,Actif,2026-06-29T00:05:29.661999,moyenne
BJ-75F97962,West Africa MTN Parakou,Transport & Logistique,Parakou,+229 97 98 24 38,contact@mtn.bj,,TPE (<10),B2C,Facebook Pages,,Actif,2026-06-29T00:05:29.662087,haute
BJ-714E5579,Pharmaquick SA,Transport & Logistique,Parakou,+229 85 21 92 83,pharmaquick@gmail.com,,PME (10-50),B2C,Facebook Pages,,Actif,2026-06-29T00:05:29.662124,moyenne
BJ-F517830A,Restaurant Cabinet,Transport & Logistique,Parakou,+229 69 74 66 16,,,Grande (>200),B2B,Facebook Pages,,Actif,2026-06-29T00:05:29.662222,moyenne
BJ-F0E4D2CE,BCEAO Groupe,Transport & Logistique,Bohicon,+229 47 32 94 61,,,Grande (>200),B2C,Facebook Pages,,Actif,2026-06-29T00:05:29.662299,moyenne
BJ-A84EC61D,NSIA Groupe Bohicon,Transport & Logistique,Bohicon,+229 30 45 46 48,nsia.benin@nsiaassurances.com,,Grande (>200),B2B,Facebook Pages,,Actif,2026-06-29T00:05:29.662425,haute
BJ-5E83AC8A,BCEAO Novotel,Transport & Logistique,Bohicon,+229 89 23 91 35,h5436@accor.com,,TPE (<10),B2C,Facebook Pages,,Actif,2026-06-29T00:05:29.662447,haute
BJ-7867C3F5,Africa Groupe,Transport & Logistique,Natitingou,+229 76 80 48 77,,,Grande (>200),B2B,Facebook Pages,,Actif,2026-06-29T00:05:29.662484,moyenne
BJ-B86FB52E,Clinique Natitingou,Transport & Logistique,Natitingou,+229 90 61 72 97,stluc@cliniquestluc.bj,,PME (50-200),B2B/B2C,Facebook Pages,,Actif,2026-06-29T00:05:29.662548,haute
BJ-A4332557,BCEAO MTN Natitingou,Transport & Logistique,Natitingou,+229 98 18 69 53,,,PME (10-50),B2B,Facebook Pages,,Actif,2026-06-29T00:05:29.662568,haute
BJ-D3D573F6,HAMMER BENIN,Transport & Logistique,Lokossa,+229 51 36 95 34,info@hammer.bj,,TPE (<10),B2B,Facebook Pages,,Actif,2026-06-29T00:05:29.662621,haute
BJ-3B1AA456,Bénin EPAC,Transport & Logistique,Lokossa,+229 77 39 45 65,epac@epac.uac.bj,,Grande (>200),B2B,Facebook Pages,,Actif,2026-06-29T00:05:29.662643,haute
BJ-1910E7EA,SERHAU-SEM SARL,Transport & Logistique,Lokossa,+229 75 87 57 40,info@serhau.bj,,PME (10-50),B2C,Facebook Pages,,Actif,2026-06-29T00:05:29.662670,haute
BJ-29CE56EC,Cabinet Arch-Design Bénin Ouidah,Transport & Logistique,Ouidah,+229 39 33 95 80,arch.design@gmail.com,,PME (10-50),B2B/B2C,Facebook Pages,,Actif,2026-06-29T00:05:29.662726,moyenne
BJ-DD568E7B,AGS Cabinet Ouidah,Transport & Logistique,Ouidah,+229 29 14 73 36,ags.benin@agsfidal.com,,PME (50-200),B2C,Facebook Pages,,Actif,2026-06-29T00:05:29.662749,moyenne
BJ-FE125566,Bénin Jumia,Transport & Logistique,Ouidah,+229 87 98 17 51,benin@jumia.com,,PME (50-200),B2C,Facebook Pages,,Actif,2026-06-29T00:05:29.662769,haute
BJ-C1BC0636,West Africa SONAPRA Ouidah,Transport & Logistique,Ouidah,+229 63 32 32 38,sonapra@sonapra.bj,,PME (50-200),B2C,Facebook Pages,,Actif,2026-06-29T00:05:29.662798,moyenne
BJ-67292ED1,SOBETRAP Groupe,Télécommunications,Cotonou,+229 70 76 11 73,contact@sobetrap.bj,sobetrap.bj,TPE (<10),B2C,Facebook Pages,,Actif,2026-06-29T00:05:29.662856,haute
BJ-0D998395,Ecobank Cabinet Abomey-Calavi,Télécommunications,Abomey-Calavi,+229 59 85 54 25,ecobank.benin@ecobank.com,,PME (50-200),B2C,Facebook Pages,,Actif,2026-06-29T00:05:29.663016,haute
BJ-48CE8D68,Pharmaquick Ets Abomey-Calavi,Télécommunications,Abomey-Calavi,+229 62 76 33 85,pharmaquick@gmail.com,,TPE (<10),B2C,Facebook Pages,,Actif,2026-06-29T00:05:29.663112,moyenne
BJ-11936B4B,Digital Cabinet,Télécommunications,Porto-Novo,+229 50 50 59 12,digital.benin@gmail.com,,TPE (<10),B2B/B2C,Facebook Pages,,Actif,2026-06-29T00:05:29.663166,moyenne
BJ-9FBF51A3,West Africa Moov Parakou,Télécommunications,Parakou,+229 28 28 38 93,moov@moov.bj,moov.bj,TPE (<10),B2C,Facebook Pages,,Actif,2026-06-29T00:05:29.663314,haute
BJ-3B0F8008,Université Bureau Parakou,Télécommunications,Parakou,+229 46 75 80 54,rectorat@uac.bj,uac.bj,TPE (<10),B2B,Facebook Pages,,Actif,2026-06-29T00:05:29.663340,haute
BJ-F19CF8CA,SERHAU-SEM,Télécommunications,Bohicon,+229 92 46 45 77,info@serhau.bj,serhau.bj,TPE (<10),B2C,Facebook Pages,,Actif,2026-06-29T00:05:29.663427,haute
BJ-FD9F29EC,Hôtel du Lac Cotonou Bohicon,Télécommunications,Bohicon,+229 94 74 99 75,hotel.lac@yahoo.fr,,PME (50-200),B2C,Facebook Pages,,Actif,2026-06-29T00:05:29.663451,moyenne
BJ-EB5D0F26,AGS SA Bohicon,Télécommunications,Bohicon,+229 49 29 29 79,ags.benin@agsfidal.com,,PME (10-50),B2B,Facebook Pages,,Actif,2026-06-29T00:05:29.663472,moyenne
BJ-5C8170A4,DHL Express Bénin Bohicon,Télécommunications,Bohicon,+229 83 49 59 60,,,Grande (>200),B2B/B2C,Facebook Pages,,Actif,2026-06-29T00:05:29.663501,haute
BJ-D2013626,Bénin Novotel,Télécommunications,Natitingou,+229 48 89 63 13,h5436@accor.com,,Grande (>200),B2B,Facebook Pages,,Actif,2026-06-29T00:05:29.663585,haute
BJ-37FF5EDD,Hôtel,Télécommunications,Natitingou,+229 93 24 21 86,hotel.lac@yahoo.fr,,Grande (>200),B2B,Facebook Pages,,Actif,2026-06-29T00:05:29.663622,moyenne
BJ-5808EC47,BOAD Agence Cotonou,Télécommunications,Natitingou,+229 89 86 24 57,boad@boad.org,,Grande (>200),B2B/B2C,Facebook Pages,,Actif,2026-06-29T00:05:29.663644,haute
BJ-AF0EBA4E,MTN Bénin,Télécommunications,Natitingou,+229 20 80 44 82,contact@mtn.bj,,Grande (>200),B2C,Facebook Pages,,Actif,2026-06-29T00:05:29.663686,haute
BJ-93AAFD01,SOBETRAP SARL Lokossa,Télécommunications,Lokossa,+229 63 16 45 93,contact@sobetrap.bj,sobetrap.bj,PME (10-50),B2B/B2C,Facebook Pages,,Actif,2026-06-29T00:05:29.663722,haute
BJ-451C6B9D,EPAC Groupe,Télécommunications,Lokossa,+229 57 28 96 79,,,PME (50-200),B2B,Facebook Pages,,Actif,2026-06-29T00:05:29.663743,haute
BJ-79128113,Bénin Restaurant Lokossa,Télécommunications,Lokossa,+229 22 81 82 59,amazone.cotonou@gmail.com,,TPE (<10),B2B/B2C,Facebook Pages,,Actif,2026-06-29T00:05:29.663767,moyenne
BJ-CD2F3CFA,Groupe Ets Lokossa,Télécommunications,Lokossa,+229 85 23 30 65,,,PME (50-200),B2B/B2C,Facebook Pages,,Actif,2026-06-29T00:05:29.663826,moyenne
BJ-B81ECE0F,West Africa Moov Ouidah,Télécommunications,Ouidah,+229 76 72 46 26,,moov.bj,Grande (>200),B2C,Facebook Pages,,Actif,2026-06-29T00:05:29.663881,haute
BJ-B0BA785F,West Africa Ets,Télécommunications,Ouidah,+229 70 22 41 78,agro.benin@gmail.com,,PME (10-50),B2C,Facebook Pages,,Actif,2026-06-29T00:05:29.663926,moyenne
BJ-91140195,Africa Moov,Agriculture & Agroalimentaire,Cotonou,+229 33 91 31 72,moov@moov.bj,,TPE (<10),B2B,Facebook Pages,,Actif,2026-06-29T00:05:29.664054,haute
BJ-020DE713,CFAO Cabinet Cotonou,Agriculture & Agroalimentaire,Cotonou,+229 41 19 17 11,,cfao.com,PME (10-50),B2B/B2C,Facebook Pages,,Actif,2026-06-29T00:05:29.664103,haute
BJ-36BE6E57,Cabinet Arch-Design Bénin Abomey-Calavi,Agriculture & Agroalimentaire,Abomey-Calavi,+229 58 30 27 18,arch.design@gmail.com,,Grande (>200),B2B,Facebook Pages,,Actif,2026-06-29T00:05:29.664192,moyenne
BJ-5A87F82C,EPAC SA,Agriculture & Agroalimentaire,Abomey-Calavi,+229 28 10 32 89,epac@epac.uac.bj,,TPE (<10),B2B,Facebook Pages,,Actif,2026-06-29T00:05:29.664213,haute
BJ-53585241,CNHU-HKM Centre,Agriculture & Agroalimentaire,Porto-Novo,+229 92 61 95 89,contact@cnhu.bj,cnhu.bj,TPE (<10),B2B/B2C,Facebook Pages,,Actif,2026-06-29T00:05:29.664298,haute
BJ-9DA82D3D,HAMMER SA Porto-Novo,Agriculture & Agroalimentaire,Porto-Novo,+229 79 87 55 71,info@hammer.bj,hammer.bj,PME (10-50),B2B/B2C,Facebook Pages,,Actif,2026-06-29T00:05:29.664319,haute
BJ-B49723DD,Hôtel Centre,Agriculture & Agroalimentaire,Parakou,+229 92 37 69 64,,,TPE (<10),B2C,Facebook Pages,,Actif,2026-06-29T00:05:29.664446,moyenne
BJ-5DB31BED,AGS Centre,Agriculture & Agroalimentaire,Parakou,+229 72 30 40 43,ags.benin@agsfidal.com,,PME (10-50),B2C,Facebook Pages,,Actif,2026-06-29T00:05:29.664467,moyenne
BJ-05492794,Novotel SA,Agriculture & Agroalimentaire,Bohicon,+229 70 27 63 87,h5436@accor.com,,Grande (>200),B2B,Facebook Pages,,Actif,2026-06-29T00:05:29.664521,haute
BJ-1ECB918E,Pharmaquick Bénin Bohicon,Agriculture & Agroalimentaire,Bohicon,+229 21 29 99 47,,,TPE (<10),B2B/B2C,Facebook Pages,,Actif,2026-06-29T00:05:29.664543,moyenne
BJ-02124D7A,Africa Cabinet,Agriculture & Agroalimentaire,Bohicon,+229 85 81 69 40,,,PME (10-50),B2B,Facebook Pages,,Actif,2026-06-29T00:05:29.664565,moyenne
BJ-2A58CF05,Groupe Bohicon,Agriculture & Agroalimentaire,Bohicon,+229 56 44 38 10,collines.immo@yahoo.fr,,PME (50-200),B2B,Facebook Pages,,Actif,2026-06-29T00:05:29.664595,moyenne
BJ-56E8274A,Ets Cabinet,Agriculture & Agroalimentaire,Bohicon,+229 50 51 87 73,,,Grande (>200),B2C,Facebook Pages,,Actif,2026-06-29T00:05:29.664618,moyenne
BJ-010DA01A,AGS Ets,Agriculture & Agroalimentaire,Natitingou,+229 84 13 46 85,ags.benin@agsfidal.com,,TPE (<10),B2C,Facebook Pages,,Actif,2026-06-29T00:05:29.664651,moyenne
BJ-6C1C1C02,EPAC Natitingou,Agriculture & Agroalimentaire,Natitingou,+229 65 78 30 98,epac@epac.uac.bj,epac.uac.bj,PME (50-200),B2B,Facebook Pages,,Actif,2026-06-29T00:05:29.664675,haute
BJ-97F159D8,EPAC,Agriculture & Agroalimentaire,Natitingou,+229 79 34 54 69,epac@epac.uac.bj,,PME (50-200),B2C,Facebook Pages,,Actif,2026-06-29T00:05:29.664696,haute
BJ-A7D14806,AfriTech Groupe,Agriculture & Agroalimentaire,Natitingou,+229 40 12 23 75,contact@afritech.bj,afritech.bj,TPE (<10),B2B,Facebook Pages,,Actif,2026-06-29T00:05:29.664749,haute
BJ-81356707,SOBEBRA SA Lokossa,Agriculture & Agroalimentaire,Lokossa,+229 37 55 88 86,transport@sobebra.bj,,PME (50-200),B2C,Facebook Pages,,Actif,2026-06-29T00:05:29.664782,moyenne
BJ-4A68E497,SONAPRA Bureau,Agriculture & Agroalimentaire,Lokossa,+229 22 90 63 28,sonapra@sonapra.bj,,Grande (>200),B2C,Facebook Pages,,Actif,2026-06-29T00:05:29.664818,moyenne
BJ-36290349,Bénin DHL,Agriculture & Agroalimentaire,Ouidah,+229 20 23 28 70,,,TPE (<10),B2B/B2C,Facebook Pages,,Actif,2026-06-29T00:05:29.665037,haute
BJ-67FFE280,BOAD Centre Ouidah,Agriculture & Agroalimentaire,Ouidah,+229 60 99 95 66,boad@boad.org,,PME (10-50),B2B/B2C,Facebook Pages,,Actif,2026-06-29T00:05:29.665271,haute
BJ-809D1D58,AGS Déménagements Bénin Cotonou,Éducation & Formation,Cotonou,+229 74 88 14 75,ags.benin@agsfidal.com,,PME (10-50),B2C,Facebook Pages,,Actif,2026-06-29T00:05:29.665358,moyenne
BJ-7BBFA8B7,Jumia Centre,Éducation & Formation,Cotonou,+229 20 61 26 46,benin@jumia.com,,TPE (<10),B2C,Facebook Pages,,Actif,2026-06-29T00:05:29.665601,haute
BJ-9F502B93,Africa Score Abomey-Calavi,Éducation & Formation,Abomey-Calavi,+229 63 43 89 13,,,TPE (<10),B2B,Facebook Pages,,Actif,2026-06-29T00:05:29.665710,haute
BJ-A6583EB9,BCEAO DHL Abomey-Calavi,Éducation & Formation,Abomey-Calavi,+229 35 59 54 27,cotonou@dhl.com,,Grande (>200),B2B/B2C,Facebook Pages,,Actif,2026-06-29T00:05:29.665777,haute
BJ-4A359204,MTN Abomey-Calavi,Éducation & Formation,Abomey-Calavi,+229 60 88 84 74,contact@mtn.bj,,PME (50-200),B2C,Facebook Pages,,Actif,2026-06-29T00:05:29.665882,haute
BJ-30AF4517,Africa EPAC,Éducation & Formation,Abomey-Calavi,+229 97 84 54 93,epac@epac.uac.bj,,TPE (<10),B2B/B2C,Facebook Pages,,Actif,2026-06-29T00:05:29.665937,haute
BJ-B5932272,Bénin Moov Porto-Novo,Éducation & Formation,Porto-Novo,+229 36 39 23 48,moov@moov.bj,,TPE (<10),B2B,Facebook Pages,,Actif,2026-06-29T00:05:29.666001,haute
BJ-7E3F6FD8,Hôtel SARL Porto-Novo,Éducation & Formation,Porto-Novo,+229 50 37 92 81,,,PME (50-200),B2B/B2C,Facebook Pages,,Actif,2026-06-29T00:05:29.666053,moyenne
BJ-C8C2CA0D,DHL SA Parakou,Éducation & Formation,Parakou,+229 64 56 60 69,cotonou@dhl.com,,PME (50-200),B2B/B2C,Facebook Pages,,Actif,2026-06-29T00:05:29.666300,haute
BJ-019961B5,Africa Jumia Bohicon,Éducation & Formation,Bohicon,+229 76 41 52 20,benin@jumia.com,,TPE (<10),B2B,Facebook Pages,,Actif,2026-06-29T00:05:29.666590,haute
BJ-E0F21798,Cabinet Cabinet Bohicon,Éducation & Formation,Bohicon,+229 53 46 89 99,arch.design@gmail.com,,Grande (>200),B2C,Facebook Pages,,Actif,2026-06-29T00:05:29.666676,moyenne
BJ-64222162,MTN Centre,Éducation & Formation,Bohicon,+229 85 75 49 59,momo@mtn.bj,,PME (10-50),B2B/B2C,Facebook Pages,,Actif,2026-06-29T00:05:29.666742,haute
BJ-259F1D5A,CFAO Centre,Éducation & Formation,Natitingou,+229 60 88 13 65,cfao.benin@cfao.com,,PME (10-50),B2B,Facebook Pages,,Actif,2026-06-29T00:05:29.666780,haute
BJ-3CFFAC3B,West Africa Digital Natitingou,Éducation & Formation,Natitingou,+229 83 92 37 30,digital.benin@gmail.com,,Grande (>200),B2B/B2C,Facebook Pages,,Actif,2026-06-29T00:05:29.666803,moyenne
BJ-3E311675,AGS Groupe,Éducation & Formation,Natitingou,+229 87 88 94 85,ags.benin@agsfidal.com,,PME (50-200),B2B,Facebook Pages,,Actif,2026-06-29T00:05:29.666846,moyenne
BJ-961DBE20,Bénin Moov,Éducation & Formation,Natitingou,+229 62 20 28 22,,,Grande (>200),B2B/B2C,Facebook Pages,,Actif,2026-06-29T00:05:29.666866,haute
BJ-67EF1FDC,Bénin AfriTech Lokossa,Éducation & Formation,Lokossa,+229 83 34 57 11,,afritech.bj,PME (50-200),B2B/B2C,Facebook Pages,,Actif,2026-06-29T00:05:29.666926,haute
BJ-CF32E9AF,Africa Digital,Éducation & Formation,Lokossa,+229 33 58 39 65,digital.benin@gmail.com,,PME (10-50),B2B/B2C,Facebook Pages,,Actif,2026-06-29T00:05:29.666973,moyenne
BJ-08E955DE,Ecobank Bénin Lokossa,Éducation & Formation,Lokossa,+229 53 63 70 74,ecobank.benin@ecobank.com,,TPE (<10),B2B/B2C,Facebook Pages,,Actif,2026-06-29T00:05:29.667001,haute
BJ-5CB996B5,West Africa Jumia Lokossa,Éducation & Formation,Lokossa,+229 67 29 58 73,benin@jumia.com,,PME (50-200),B2C,Facebook Pages,,Actif,2026-06-29T00:05:29.667024,haute
BJ-5F610B2D,SOBETRAP SARL,Éducation & Formation,Ouidah,+229 77 10 31 25,,,TPE (<10),B2B/B2C,Facebook Pages,,Actif,2026-06-29T00:05:29.667059,haute
BJ-B27859ED,Score SARL Ouidah,Éducation & Formation,Ouidah,+229 71 15 74 20,score@score-benin.com,score-benin.com,TPE (<10),B2C,Facebook Pages,,Actif,2026-06-29T00:05:29.667082,haute
BJ-F873F4ED,BCEAO Ecobank Ouidah,Éducation & Formation,Ouidah,+229 97 99 72 74,,,PME (50-200),B2C,Facebook Pages,,Actif,2026-06-29T00:05:29.667161,haute
BJ-5621162A,DHL Express Bénin Cotonou,Technologie & IT,Cotonou,+229 41 13 41 36,cotonou@dhl.com,,PME (50-200),B2B/B2C,Facebook Pages,,Actif,2026-06-29T00:05:29.667224,haute
BJ-B2F4B72B,Clinique SARL,Technologie & IT,Cotonou,+229 35 77 16 72,stluc@cliniquestluc.bj,cliniquestluc.bj,Grande (>200),B2B,Facebook Pages,,Actif,2026-06-29T00:05:29.667298,haute
BJ-C97A4FBE,EPAC - École Polytechnique,Technologie & IT,Abomey-Calavi,+229 62 61 27 63,epac@epac.uac.bj,epac.uac.bj,Grande (>200),B2B,Facebook Pages,,Actif,2026-06-29T00:05:29.667356,haute
BJ-7B149099,SERHAU-SEM Centre,Technologie & IT,Abomey-Calavi,+229 57 26 34 11,info@serhau.bj,,PME (50-200),B2B/B2C,Facebook Pages,,Actif,2026-06-29T00:05:29.667377,haute
BJ-AA0C875E,CNHU-HKM Centre,Technologie & IT,Abomey-Calavi,+229 78 18 65 53,contact@cnhu.bj,cnhu.bj,PME (10-50),B2B,Facebook Pages,,Actif,2026-06-29T00:05:29.667397,haute
BJ-5CD8EEFD,Novotel Ets Porto-Novo,Technologie & IT,Porto-Novo,+229 72 46 37 14,h5436@accor.com,novotel.com,Grande (>200),B2B/B2C,Facebook Pages,,Actif,2026-06-29T00:05:29.667452,haute
BJ-4CA33D75,NSIA Ets Porto-Novo,Technologie & IT,Porto-Novo,+229 59 85 28 53,nsia.benin@nsiaassurances.com,,TPE (<10),B2B/B2C,Facebook Pages,,Actif,2026-06-29T00:05:29.667475,haute
BJ-66EE1C22,Africa Clinique Porto-Novo,Technologie & IT,Porto-Novo,+229 30 15 54 31,stluc@cliniquestluc.bj,cliniquestluc.bj,Grande (>200),B2B,Facebook Pages,,Actif,2026-06-29T00:05:29.667523,haute
BJ-71324EA2,Ets Ets Porto-Novo,Technologie & IT,Porto-Novo,+229 21 11 33 78,agro.benin@gmail.com,,Grande (>200),B2B,Facebook Pages,,Actif,2026-06-29T00:05:29.667545,moyenne
BJ-53DB5788,Ets Agro-Bénin,Technologie & IT,Parakou,+229 86 33 25 51,,,PME (50-200),B2B,Facebook Pages,,Actif,2026-06-29T00:05:29.667606,moyenne
BJ-BA0D2279,BCEAO AfriTech,Technologie & IT,Parakou,+229 54 46 72 25,,afritech.bj,PME (50-200),B2B/B2C,Facebook Pages,,Actif,2026-06-29T00:05:29.667631,haute
BJ-992B4A5B,Bénin Cabinet Parakou,Technologie & IT,Parakou,+229 79 41 47 69,,,TPE (<10),B2B/B2C,Facebook Pages,,Actif,2026-06-29T00:05:29.667653,moyenne
BJ-D16F52DE,Cabinet Cabinet,Technologie & IT,Parakou,+229 74 52 12 18,arch.design@gmail.com,,Grande (>200),B2B,Facebook Pages,,Actif,2026-06-29T00:05:29.667674,moyenne
BJ-3771D508,West Africa Digital,Technologie & IT,Bohicon,+229 93 22 23 28,,,PME (10-50),B2B,Facebook Pages,,Actif,2026-06-29T00:05:29.667728,moyenne
BJ-C1D367F8,SONAPRA,Technologie & IT,Bohicon,+229 36 30 57 62,sonapra@sonapra.bj,,PME (50-200),B2B/B2C,Facebook Pages,,Actif,2026-06-29T00:05:29.667752,moyenne
BJ-BB05A069,Université Cabinet Bohicon,Technologie & IT,Bohicon,+229 62 22 30 13,,uac.bj,Grande (>200),B2C,Facebook Pages,,Actif,2026-06-29T00:05:29.667780,haute
BJ-8A6E1012,Ets Agro-Bénin,Technologie & IT,Natitingou,+229 58 94 31 33,,,Grande (>200),B2C,Facebook Pages,,Actif,2026-06-29T00:05:29.667858,moyenne
BJ-A855726C,HAMMER BENIN Natitingou,Technologie & IT,Natitingou,+229 79 43 42 13,info@hammer.bj,hammer.bj,TPE (<10),B2C,Facebook Pages,,Actif,2026-06-29T00:05:29.667879,haute
BJ-31A83EAF,West Africa SERHAU-SEM,Technologie & IT,Natitingou,+229 77 12 39 52,info@serhau.bj,,Grande (>200),B2B/B2C,Facebook Pages,,Actif,2026-06-29T00:05:29.668007,haute
BJ-699461B8,MTN Mobile Money Bénin Lokossa,Technologie & IT,Lokossa,+229 51 27 39 13,momo@mtn.bj,mtn.bj,Grande (>200),B2B,Facebook Pages,,Actif,2026-06-29T00:05:29.668091,haute
BJ-51080B27,SOBEBRA Groupe,Technologie & IT,Lokossa,+229 56 20 73 89,transport@sobebra.bj,,PME (50-200),B2C,Facebook Pages,,Actif,2026-06-29T00:05:29.668347,moyenne
BJ-F502F6A1,Jumia Groupe Lokossa,Technologie & IT,Lokossa,+229 39 58 33 45,benin@jumia.com,jumia.com.bj,PME (10-50),B2B,Facebook Pages,,Actif,2026-06-29T00:05:29.668426,haute
BJ-62A31F92,Africa Hôtel,Technologie & IT,Ouidah,+229 53 24 13 50,,,Grande (>200),B2B/B2C,Facebook Pages,,Actif,2026-06-29T00:05:29.668604,moyenne
BJ-24E4CDC9,MTN Cabinet Ouidah,Technologie & IT,Ouidah,+229 35 12 81 61,momo@mtn.bj,,PME (50-200),B2B,Facebook Pages,,Actif,2026-06-29T00:05:29.668747,haute
BJ-7273AF3D,Africa Pharmaquick Ouidah,Technologie & IT,Ouidah,+229 68 80 59 67,pharmaquick@gmail.com,,TPE (<10),B2C,Facebook Pages,,Actif,2026-06-29T00:05:29.668811,moyenne
BJ-8DAE4911,Africa SOBEBRA,Industrie & Manufacture,Cotonou,+229 65 19 86 74,transport@sobebra.bj,,PME (10-50),B2B/B2C,Facebook Pages,,Actif,2026-06-29T00:05:29.668917,moyenne
BJ-D28FA7A1,Digital Benin Cotonou,Industrie & Manufacture,Cotonou,+229 56 36 58 18,digital.benin@gmail.com,,PME (10-50),B2B/B2C,Facebook Pages,,Actif,2026-06-29T00:05:29.669137,moyenne
BJ-0F856E6E,BCEAO Ets,Industrie & Manufacture,Abomey-Calavi,+229 34 74 65 61,,,PME (50-200),B2B/B2C,Facebook Pages,,Actif,2026-06-29T00:05:29.669272,moyenne
BJ-8C5B1247,MTN Groupe Abomey-Calavi,Industrie & Manufacture,Abomey-Calavi,+229 71 13 12 41,,mtn.bj,Grande (>200),B2B,Facebook Pages,,Actif,2026-06-29T00:05:29.669332,haute
BJ-CAC0D925,Pharmaquick Ets,Industrie & Manufacture,Abomey-Calavi,+229 74 50 89 93,pharmaquick@gmail.com,,PME (10-50),B2B/B2C,Facebook Pages,,Actif,2026-06-29T00:05:29.669382,moyenne
BJ-2979520A,Bénin AGS,Industrie & Manufacture,Porto-Novo,+229 91 61 16 59,ags.benin@agsfidal.com,,PME (50-200),B2B/B2C,Facebook Pages,,Actif,2026-06-29T00:05:29.669595,moyenne
BJ-AB93CFA3,MTN Bureau,Industrie & Manufacture,Porto-Novo,+229 27 65 79 18,contact@mtn.bj,,TPE (<10),B2B/B2C,Facebook Pages,,Actif,2026-06-29T00:05:29.669660,haute
BJ-94CD7424,Ets Porto-Novo,Industrie & Manufacture,Porto-Novo,+229 85 57 42 92,agro.benin@gmail.com,,Grande (>200),B2B/B2C,Facebook Pages,,Actif,2026-06-29T00:05:29.669818,moyenne
BJ-8AC2E8C6,Groupe Cabinet,Industrie & Manufacture,Parakou,+229 23 54 74 25,collines.immo@yahoo.fr,,Grande (>200),B2B,Facebook Pages,,Actif,2026-06-29T00:05:29.669974,moyenne
BJ-491F0112,West Africa EPAC,Industrie & Manufacture,Parakou,+229 21 75 30 93,epac@epac.uac.bj,epac.uac.bj,PME (10-50),B2C,Facebook Pages,,Actif,2026-06-29T00:05:29.670020,haute
BJ-72255E80,DHL Express Bénin,Industrie & Manufacture,Bohicon,+229 20 60 90 49,cotonou@dhl.com,,TPE (<10),B2B,Facebook Pages,,Actif,2026-06-29T00:05:29.670110,haute
BJ-F359A02C,Pharmaquick SA,Industrie & Manufacture,Bohicon,+229 25 35 94 77,pharmaquick@gmail.com,,TPE (<10),B2B,Facebook Pages,,Actif,2026-06-29T00:05:29.670182,moyenne
BJ-7A0DADA1,Pharmaquick Cabinet,Industrie & Manufacture,Bohicon,+229 92 58 93 65,pharmaquick@gmail.com,,PME (50-200),B2B/B2C,Facebook Pages,,Actif,2026-06-29T00:05:29.670212,moyenne
BJ-6114705A,SERHAU-SEM SARL,Industrie & Manufacture,Natitingou,+229 56 69 74 20,info@serhau.bj,serhau.bj,TPE (<10),B2B,Facebook Pages,,Actif,2026-06-29T00:05:29.670269,haute
BJ-0E2CA151,Hôtel Bureau,Industrie & Manufacture,Natitingou,+229 51 80 18 82,hotel.lac@yahoo.fr,,TPE (<10),B2B,Facebook Pages,,Actif,2026-06-29T00:05:29.670291,moyenne
BJ-5B8A31F4,Université,Industrie & Manufacture,Natitingou,+229 28 42 67 46,rectorat@uac.bj,,PME (50-200),B2B/B2C,Facebook Pages,,Actif,2026-06-29T00:05:29.670314,haute
BJ-D196B488,CFAO Motors Bénin,Industrie & Manufacture,Lokossa,+229 85 93 11 46,cfao.benin@cfao.com,cfao.com,TPE (<10),B2C,Facebook Pages,,Actif,2026-06-29T00:05:29.670397,haute
BJ-2912449E,Digital,Industrie & Manufacture,Lokossa,+229 68 37 24 55,,,TPE (<10),B2C,Facebook Pages,,Actif,2026-06-29T00:05:29.670419,moyenne
BJ-E3BCA4B5,Ets Biokou & Frères,Industrie & Manufacture,Lokossa,+229 92 93 80 59,,,PME (50-200),B2B,Facebook Pages,,Actif,2026-06-29T00:05:29.670468,moyenne
BJ-790B720C,Africa CNHU-HKM,Industrie & Manufacture,Lokossa,+229 21 49 35 39,contact@cnhu.bj,cnhu.bj,PME (50-200),B2B/B2C,Facebook Pages,,Actif,2026-06-29T00:05:29.670489,haute
BJ-BA0D6879,Hôtel Cabinet,Industrie & Manufacture,Ouidah,+229 66 90 39 72,hotel.lac@yahoo.fr,,PME (10-50),B2C,Facebook Pages,,Actif,2026-06-29T00:05:29.670529,moyenne
BJ-2DE72218,Hôtel SARL,Industrie & Manufacture,Ouidah,+229 46 51 17 44,,,Grande (>200),B2B/B2C,Facebook Pages,,Actif,2026-06-29T00:05:29.670551,moyenne
BJ-F00DFF12,Africa MTN Ouidah,Industrie & Manufacture,Ouidah,+229 29 36 90 74,,mtn.bj,TPE (<10),B2B/B2C,Facebook Pages,,Actif,2026-06-29T00:05:29.670572,haute
BJ-DCF5C28A,Africa EPAC Ouidah,Industrie & Manufacture,Ouidah,+229 40 85 45 20,,epac.uac.bj,TPE (<10),B2C,Facebook Pages,,Actif,2026-06-29T00:05:29.670592,haute
BJ-9B175281,SOBETRAP Groupe Cotonou,Services aux entreprises,Cotonou,+229 89 65 91 42,contact@sobetrap.bj,,Grande (>200),B2C,Facebook Pages,,Actif,2026-06-29T00:05:29.670668,haute
BJ-A9696075,NSIA Cotonou,Services aux entreprises,Cotonou,+229 48 40 73 88,nsia.benin@nsiaassurances.com,,PME (10-50),B2C,Facebook Pages,,Actif,2026-06-29T00:05:29.670690,haute
BJ-97DB23B2,Ecobank Centre Cotonou,Services aux entreprises,Cotonou,+229 90 11 98 16,ecobank.benin@ecobank.com,,PME (50-200),B2B,Facebook Pages,,Actif,2026-06-29T00:05:29.670767,haute
BJ-4498A7AF,Bénin MTN Cotonou,Services aux entreprises,Cotonou,+229 55 69 96 31,,,PME (50-200),B2B,Facebook Pages,,Actif,2026-06-29T00:05:29.670848,haute
BJ-8471B6BE,West Africa Ets Abomey-Calavi,Services aux entreprises,Abomey-Calavi,+229 37 99 37 12,,,PME (10-50),B2C,Facebook Pages,,Actif,2026-06-29T00:05:29.670990,moyenne
BJ-B4749371,Ecobank SA Abomey-Calavi,Services aux entreprises,Abomey-Calavi,+229 94 58 34 85,,ecobank.com,Grande (>200),B2C,Facebook Pages,,Actif,2026-06-29T00:05:29.671038,haute
BJ-C32007F6,NSIA Groupe,Services aux entreprises,Abomey-Calavi,+229 56 69 92 32,nsia.benin@nsiaassurances.com,nsiaassurances.com,TPE (<10),B2B/B2C,Facebook Pages,,Actif,2026-06-29T00:05:29.671060,haute
BJ-32124B9D,BCEAO SONAPRA Porto-Novo,Services aux entreprises,Porto-Novo,+229 60 56 62 77,,,TPE (<10),B2C,Facebook Pages,,Actif,2026-06-29T00:05:29.671096,moyenne
BJ-996B0604,SERHAU-SEM Centre Porto-Novo,Services aux entreprises,Porto-Novo,+229 98 18 31 85,,serhau.bj,Grande (>200),B2B/B2C,Facebook Pages,,Actif,2026-06-29T00:05:29.671118,haute
BJ-0BCC650B,NSIA Cabinet,Services aux entreprises,Porto-Novo,+229 29 55 74 54,nsia.benin@nsiaassurances.com,nsiaassurances.com,PME (50-200),B2B/B2C,Facebook Pages,,Actif,2026-06-29T00:05:29.671139,haute
BJ-EE33D5B7,Clinique Saint Luc Cotonou,Services aux entreprises,Porto-Novo,+229 55 72 91 48,stluc@cliniquestluc.bj,cliniquestluc.bj,TPE (<10),B2B,Facebook Pages,,Actif,2026-06-29T00:05:29.671167,haute
BJ-3580580B,West Africa CFAO,Services aux entreprises,Parakou,+229 74 55 84 14,,,PME (50-200),B2B/B2C,Facebook Pages,,Actif,2026-06-29T00:05:29.671218,haute
BJ-A3F45DB4,AfriTech Solutions,Services aux entreprises,Parakou,+229 87 82 97 18,,,TPE (<10),B2B/B2C,Facebook Pages,,Actif,2026-06-29T00:05:29.671239,haute
BJ-D222D512,MTN Bureau,Services aux entreprises,Parakou,+229 95 91 48 54,momo@mtn.bj,mtn.bj,TPE (<10),B2B,Facebook Pages,,Actif,2026-06-29T00:05:29.671260,haute
BJ-45ABC9DB,Bénin Ets,Services aux entreprises,Parakou,+229 57 17 56 12,,,TPE (<10),B2B/B2C,Facebook Pages,,Actif,2026-06-29T00:05:29.671280,moyenne
BJ-68E780F2,Bénin CFAO,Services aux entreprises,Parakou,+229 86 14 77 85,cfao.benin@cfao.com,,TPE (<10),B2B/B2C,Facebook Pages,,Actif,2026-06-29T00:05:29.671300,haute
BJ-DABAB229,Bénin Clinique,Services aux entreprises,Bohicon,+229 66 77 42 32,stluc@cliniquestluc.bj,cliniquestluc.bj,PME (10-50),B2B/B2C,Facebook Pages,,Actif,2026-06-29T00:05:29.671331,haute
BJ-AE759089,Africa Ecobank,Services aux entreprises,Bohicon,+229 77 52 79 89,ecobank.benin@ecobank.com,,TPE (<10),B2B/B2C,Facebook Pages,,Actif,2026-06-29T00:05:29.671351,haute
BJ-BD80A905,SOBEBRA Bureau,Services aux entreprises,Bohicon,+229 37 62 26 31,transport@sobebra.bj,,TPE (<10),B2B/B2C,Facebook Pages,,Actif,2026-06-29T00:05:29.671401,moyenne
BJ-1CF2B4A2,AGS Natitingou,Services aux entreprises,Natitingou,+229 79 10 96 97,ags.benin@agsfidal.com,,TPE (<10),B2B/B2C,Facebook Pages,,Actif,2026-06-29T00:05:29.671544,moyenne
BJ-92A2C018,Africa Restaurant Natitingou,Services aux entreprises,Natitingou,+229 32 61 97 89,,,PME (10-50),B2B,Facebook Pages,,Actif,2026-06-29T00:05:29.671600,moyenne
BJ-5CEE2193,BCEAO Groupe,Services aux entreprises,Natitingou,+229 89 70 88 70,collines.immo@yahoo.fr,,PME (50-200),B2C,Facebook Pages,,Actif,2026-06-29T00:05:29.671621,moyenne
BJ-A543EA08,Jumia,Services aux entreprises,Natitingou,+229 46 47 76 96,,,PME (10-50),B2B/B2C,Facebook Pages,,Actif,2026-06-29T00:05:29.671642,haute
BJ-DB2DE9CB,West Africa MTN,Services aux entreprises,Lokossa,+229 96 70 23 73,,mtn.bj,PME (10-50),B2B/B2C,Facebook Pages,,Actif,2026-06-29T00:05:29.671697,haute
BJ-E580EEEA,Africa Novotel Lokossa,Services aux entreprises,Lokossa,+229 86 84 51 45,h5436@accor.com,novotel.com,Grande (>200),B2B,Facebook Pages,,Actif,2026-06-29T00:05:29.671758,haute
BJ-885116D6,Moov SA Ouidah,Services aux entreprises,Ouidah,+229 71 85 87 21,,,PME (10-50),B2B/B2C,Facebook Pages,,Actif,2026-06-29T00:05:29.671883,haute
BJ-FE1B45A4,SOBEBRA Bureau,Services aux entreprises,Ouidah,+229 93 96 24 16,,,Grande (>200),B2B,Facebook Pages,,Actif,2026-06-29T00:05:29.672014,moyenne
BJ-30F1A063,SOBEBRA Groupe,Services aux entreprises,Ouidah,+229 77 11 77 85,,,TPE (<10),B2B,Facebook Pages,,Actif,2026-06-29T00:05:29.672095,moyenne
BJ-35B624CA,CNHU-HKM Bureau,Énergie & Environnement,Cotonou,+229 42 31 41 38,contact@cnhu.bj,cnhu.bj,PME (50-200),B2C,Facebook Pages,,Actif,2026-06-29T00:05:29.672176,haute
BJ-6C7003DA,BCEAO CNHU-HKM,Énergie & Environnement,Porto-Novo,+229 71 36 46 65,,,PME (10-50),B2B/B2C,Facebook Pages,,Actif,2026-06-29T00:05:29.672842,haute
BJ-AA7924AC,AGS SARL Porto-Novo,Énergie & Environnement,Porto-Novo,+229 42 40 94 49,,,TPE (<10),B2C,Facebook Pages,,Actif,2026-06-29T00:05:29.673004,moyenne
BJ-D6BCBD1A,Ecobank Groupe Parakou,Énergie & Environnement,Parakou,+229 26 27 86 64,ecobank.benin@ecobank.com,,PME (50-200),B2B/B2C,Facebook Pages,,Actif,2026-06-29T00:05:29.673192,haute
BJ-518A0A6A,Ecobank Cabinet Parakou,Énergie & Environnement,Parakou,+229 45 20 63 17,,ecobank.com,PME (50-200),B2C,Facebook Pages,,Actif,2026-06-29T00:05:29.673377,haute
BJ-FC831E45,DHL Express Bénin Parakou,Énergie & Environnement,Parakou,+229 32 36 71 20,cotonou@dhl.com,dhl.com,PME (10-50),B2B/B2C,Facebook Pages,,Actif,2026-06-29T00:05:29.673419,haute
BJ-073FE976,West Africa Ecobank,Énergie & Environnement,Bohicon,+229 58 69 33 40,ecobank.benin@ecobank.com,ecobank.com,PME (50-200),B2B,Facebook Pages,,Actif,2026-06-29T00:05:29.673485,haute
BJ-0C56BAE0,Groupe SA,Énergie & Environnement,Bohicon,+229 33 70 30 25,,,TPE (<10),B2B/B2C,Facebook Pages,,Actif,2026-06-29T00:05:29.673521,moyenne
BJ-D02457F6,SERHAU-SEM Centre,Énergie & Environnement,Bohicon,+229 74 24 66 30,info@serhau.bj,serhau.bj,Grande (>200),B2B,Facebook Pages,,Actif,2026-06-29T00:05:29.673555,haute
BJ-A685B488,Jumia Bénin,Énergie & Environnement,Bohicon,+229 73 41 77 33,,jumia.com.bj,Grande (>200),B2B,Facebook Pages,,Actif,2026-06-29T00:05:29.673658,haute
BJ-94445435,Novotel Bureau Natitingou,Énergie & Environnement,Natitingou,+229 95 68 21 57,h5436@accor.com,novotel.com,PME (50-200),B2B/B2C,Facebook Pages,,Actif,2026-06-29T00:05:29.673723,haute
BJ-CB7F13FC,SOBETRAP Groupe,Énergie & Environnement,Natitingou,+229 62 77 56 37,contact@sobetrap.bj,sobetrap.bj,PME (10-50),B2C,Facebook Pages,,Actif,2026-06-29T00:05:29.673775,haute
BJ-E99BD22B,Clinique Ets Natitingou,Énergie & Environnement,Natitingou,+229 76 37 33 40,stluc@cliniquestluc.bj,,PME (10-50),B2B,Facebook Pages,,Actif,2026-06-29T00:05:29.673815,haute
BJ-28B3AE76,BCEAO EPAC,Énergie & Environnement,Natitingou,+229 76 74 60 17,epac@epac.uac.bj,epac.uac.bj,Grande (>200),B2B/B2C,Facebook Pages,,Actif,2026-06-29T00:05:29.673861,haute
BJ-4EBA815E,DHL Ets,Énergie & Environnement,Natitingou,+229 24 87 75 30,cotonou@dhl.com,,PME (10-50),B2B/B2C,Facebook Pages,,Actif,2026-06-29T00:05:29.674060,haute
BJ-001A5A8C,Université SARL,Énergie & Environnement,Lokossa,+229 63 92 39 34,,uac.bj,PME (50-200),B2B,Facebook Pages,,Actif,2026-06-29T00:05:29.674235,haute
BJ-809EB4BC,Cabinet Arch-Design Bénin,Énergie & Environnement,Lokossa,+229 27 50 83 40,arch.design@gmail.com,,Grande (>200),B2B,Facebook Pages,,Actif,2026-06-29T00:05:29.674284,moyenne
BJ-2DA03A69,HAMMER BENIN Lokossa,Énergie & Environnement,Lokossa,+229 72 14 67 59,info@hammer.bj,,PME (50-200),B2C,Facebook Pages,,Actif,2026-06-29T00:05:29.674330,haute
BJ-BD27A391,AGS Groupe,Énergie & Environnement,Lokossa,+229 94 66 55 68,,,PME (10-50),B2B,Facebook Pages,,Actif,2026-06-29T00:05:29.674391,moyenne
BJ-4D283048,Ets Ets,Énergie & Environnement,Ouidah,+229 69 61 38 58,,,PME (10-50),B2C,Facebook Pages,,Actif,2026-06-29T00:05:29.674505,moyenne
BJ-82367B36,West Africa Cabinet,Énergie & Environnement,Ouidah,+229 26 53 84 64,,,PME (10-50),B2C,Facebook Pages,,Actif,2026-06-29T00:05:29.674539,moyenne
BJ-E90AA94D,Bénin Ecobank Ouidah,Énergie & Environnement,Ouidah,+229 26 89 80 82,ecobank.benin@ecobank.com,,Grande (>200),B2C,Facebook Pages,,Actif,2026-06-29T00:05:29.674590,haute
BJ-E80D6F22,BCEAO SONAPRA,Médias & Communication,Cotonou,+229 64 36 93 43,,,PME (10-50),B2B,Facebook Pages,,Actif,2026-06-29T00:05:29.674697,moyenne
BJ-85D4955E,Cabinet Cabinet Cotonou,Médias & Communication,Cotonou,+229 57 82 83 92,arch.design@gmail.com,,Grande (>200),B2C,Facebook Pages,,Actif,2026-06-29T00:05:29.674846,moyenne
BJ-C852A60E,AfriTech SA Cotonou,Médias & Communication,Cotonou,+229 50 94 98 50,contact@afritech.bj,,Grande (>200),B2B/B2C,Facebook Pages,,Actif,2026-06-29T00:05:29.674930,haute
BJ-55067E32,Africa HAMMER,Médias & Communication,Porto-Novo,+229 56 80 17 51,info@hammer.bj,hammer.bj,Grande (>200),B2C,Facebook Pages,,Actif,2026-06-29T00:05:29.675146,haute
BJ-83C64281,BCEAO AGS,Médias & Communication,Parakou,+229 25 52 38 14,,,PME (10-50),B2B/B2C,Facebook Pages,,Actif,2026-06-29T00:05:29.675295,moyenne
BJ-D4EB2780,BCEAO Moov,Médias & Communication,Parakou,+229 91 24 76 90,,moov.bj,TPE (<10),B2C,Facebook Pages,,Actif,2026-06-29T00:05:29.675314,haute
BJ-9FF04F05,Bénin SONAPRA,Médias & Communication,Bohicon,+229 44 34 82 16,sonapra@sonapra.bj,,PME (50-200),B2C,Facebook Pages,,Actif,2026-06-29T00:05:29.675397,moyenne
BJ-22C96E3B,NSIA Ets Natitingou,Médias & Communication,Natitingou,+229 82 40 58 90,,nsiaassurances.com,Grande (>200),B2B/B2C,Facebook Pages,,Actif,2026-06-29T00:05:29.675530,haute
BJ-99D1CB2F,West Africa NSIA,Médias & Communication,Natitingou,+229 81 24 91 74,nsia.benin@nsiaassurances.com,nsiaassurances.com,PME (50-200),B2C,Facebook Pages,,Actif,2026-06-29T00:05:29.675683,haute
BJ-4B67ADAE,CNHU-HKM Ets,Médias & Communication,Lokossa,+229 97 22 69 65,contact@cnhu.bj,cnhu.bj,PME (50-200),B2B,Facebook Pages,,Actif,2026-06-29T00:05:29.675805,haute
BJ-61E0865F,AfriTech Solutions,Médias & Communication,Lokossa,+229 75 93 66 99,contact@afritech.bj,afritech.bj,PME (50-200),B2C,Facebook Pages,,Actif,2026-06-29T00:05:29.675852,haute
BJ-B31FD0B7,Université Bureau,Médias & Communication,Lokossa,+229 89 96 90 23,rectorat@uac.bj,uac.bj,PME (50-200),B2B/B2C,Facebook Pages,,Actif,2026-06-29T00:05:29.675929,haute
BJ-DD304BEE,West Africa SOBETRAP,Médias & Communication,Lokossa,+229 75 42 47 58,,,PME (10-50),B2B,Facebook Pages,,Actif,2026-06-29T00:05:29.676051,haute
BJ-69E476C6,AfriTech Groupe,Médias & Communication,Ouidah,+229 72 70 98 92,contact@afritech.bj,afritech.bj,PME (50-200),B2B,Facebook Pages,,Actif,2026-06-29T00:05:29.676143,haute
BJ-D894BCE2,CNHU-HKM,Médias & Communication,Ouidah,+229 39 33 32 11,contact@cnhu.bj,cnhu.bj,Grande (>200),B2B,Facebook Pages,,Actif,2026-06-29T00:05:29.676186,haute
BJ-F776B43F,HAMMER BENIN,Médias & Communication,Ouidah,+229 84 15 25 89,,,PME (10-50),B2B/B2C,Facebook Pages,,Actif,2026-06-29T00:05:29.676291,haute
BJ-5730631C,BCEAO Pharmaquick,Médias & Communication,Ouidah,+229 50 46 65 24,pharmaquick@gmail.com,,PME (50-200),B2B,Facebook Pages,,Actif,2026-06-29T00:05:29.676328,moyenne
BJ-809B25E8,Digital Benin,ONG & Associations,Cotonou,+229 66 23 58 46,,,Grande (>200),B2B,Facebook Pages,,Actif,2026-06-29T00:05:29.676400,moyenne
BJ-B322C6AC,BCEAO Ecobank,ONG & Associations,Cotonou,+229 44 49 89 65,,ecobank.com,PME (10-50),B2C,Facebook Pages,,Actif,2026-06-29T00:05:29.676479,haute
BJ-1D2E0238,HAMMER Centre,ONG & Associations,Abomey-Calavi,+229 77 13 35 56,info@hammer.bj,hammer.bj,Grande (>200),B2B/B2C,Facebook Pages,,Actif,2026-06-29T00:05:29.676627,haute
BJ-46955F07,Pharmaquick SA,ONG & Associations,Abomey-Calavi,+229 95 24 13 32,pharmaquick@gmail.com,,Grande (>200),B2B,Facebook Pages,,Actif,2026-06-29T00:05:29.676675,moyenne
BJ-A4A69707,West Africa AGS,ONG & Associations,Porto-Novo,+229 69 58 38 90,,,PME (10-50),B2C,Facebook Pages,,Actif,2026-06-29T00:05:29.676728,moyenne
BJ-EA53D3B5,Pharmaquick Centre,ONG & Associations,Porto-Novo,+229 27 87 56 78,,,PME (50-200),B2B/B2C,Facebook Pages,,Actif,2026-06-29T00:05:29.676785,moyenne
BJ-F6C2DE7D,West Africa Pharmaquick,ONG & Associations,Parakou,+229 76 62 61 71,pharmaquick@gmail.com,,Grande (>200),B2B,Facebook Pages,,Actif,2026-06-29T00:05:29.676860,moyenne
BJ-873FB8B5,BCEAO Groupe Parakou,ONG & Associations,Parakou,+229 81 81 47 36,,,PME (50-200),B2B/B2C,Facebook Pages,,Actif,2026-06-29T00:05:29.676879,moyenne
BJ-330E9CC5,Africa Pharmaquick,ONG & Associations,Parakou,+229 66 34 78 73,,,TPE (<10),B2C,Facebook Pages,,Actif,2026-06-29T00:05:29.676947,moyenne
BJ-E00410CC,Novotel SA Bohicon,ONG & Associations,Bohicon,+229 92 43 51 71,h5436@accor.com,novotel.com,PME (50-200),B2B,Facebook Pages,,Actif,2026-06-29T00:05:29.677082,haute
BJ-69C34CDF,Groupe Ets Bohicon,ONG & Associations,Bohicon,+229 50 68 13 52,collines.immo@yahoo.fr,,Grande (>200),B2C,Facebook Pages,,Actif,2026-06-29T00:05:29.677176,moyenne
BJ-A77E5D2A,Africa Ets,ONG & Associations,Bohicon,+229 81 74 70 95,agro.benin@gmail.com,,PME (50-200),B2B,Facebook Pages,,Actif,2026-06-29T00:05:29.677234,moyenne
BJ-AD5EC786,Ets Agro-Bénin Bohicon,ONG & Associations,Bohicon,+229 39 28 42 96,agro.benin@gmail.com,,PME (50-200),B2B,Facebook Pages,,Actif,2026-06-29T00:05:29.677268,moyenne
BJ-EAC5AE73,Africa CNHU-HKM,ONG & Associations,Natitingou,+229 22 53 82 78,,,TPE (<10),B2C,Facebook Pages,,Actif,2026-06-29T00:05:29.677393,haute
BJ-FDFD331E,Hôtel du Lac Cotonou Natitingou,ONG & Associations,Natitingou,+229 69 98 37 99,hotel.lac@yahoo.fr,,PME (10-50),B2B/B2C,Facebook Pages,,Actif,2026-06-29T00:05:29.677428,moyenne
BJ-6C4FE393,Africa DHL,ONG & Associations,Natitingou,+229 82 66 46 53,,dhl.com,PME (50-200),B2B/B2C,Facebook Pages,,Actif,2026-06-29T00:05:29.677456,haute
BJ-E5FCC5F1,Restaurant Cabinet,ONG & Associations,Natitingou,+229 93 41 53 59,amazone.cotonou@gmail.com,,PME (50-200),B2B,Facebook Pages,,Actif,2026-06-29T00:05:29.677480,moyenne
BJ-18C78480,CNHU-HKM SARL,ONG & Associations,Lokossa,+229 41 76 86 22,,cnhu.bj,PME (10-50),B2C,Facebook Pages,,Actif,2026-06-29T00:05:29.677538,haute
BJ-31556F87,NSIA SARL,ONG & Associations,Lokossa,+229 97 41 79 92,nsia.benin@nsiaassurances.com,nsiaassurances.com,PME (50-200),B2B,Facebook Pages,,Actif,2026-06-29T00:05:29.677561,haute
BJ-7AE8E79D,Pharmaquick Bénin Lokossa,ONG & Associations,Lokossa,+229 38 80 60 70,,,Grande (>200),B2B,Facebook Pages,,Actif,2026-06-29T00:05:29.677583,moyenne
BJ-382DA4F2,AGS Déménagements Bénin,ONG & Associations,Lokossa,+229 88 85 55 70,ags.benin@agsfidal.com,,PME (10-50),B2C,Facebook Pages,,Actif,2026-06-29T00:05:29.677635,moyenne
BJ-48B5E682,West Africa Pharmaquick Ouidah,ONG & Associations,Ouidah,+229 53 57 96 96,pharmaquick@gmail.com,,Grande (>200),B2C,Facebook Pages,,Actif,2026-06-29T00:05:29.677667,moyenne
BJ-5370EDC4,Bénin SONAPRA,ONG & Associations,Ouidah,+229 40 47 21 99,sonapra@sonapra.bj,,Grande (>200),B2B,Facebook Pages,,Actif,2026-06-29T00:05:29.677732,moyenne
BJ-F231EEDF,Cabinet Cabinet,BTP & Immobilier,Cotonou,+229 61 23 43 50,,,PME (50-200),B2B,CCIB Annuaire,,Actif,2026-06-29T00:05:29.677807,moyenne
BJ-761BC63D,AfriTech Bureau,BTP & Immobilier,Cotonou,+229 25 86 26 79,contact@afritech.bj,,PME (50-200),B2B,CCIB Annuaire,,Actif,2026-06-29T00:05:29.677863,haute
BJ-DDEB4A06,BCEAO HAMMER Cotonou,BTP & Immobilier,Cotonou,+229 42 84 96 94,,,PME (10-50),B2B,CCIB Annuaire,,Actif,2026-06-29T00:05:29.677884,haute
BJ-3EF691CE,Digital Bureau Abomey-Calavi,BTP & Immobilier,Abomey-Calavi,+229 27 52 53 61,,,Grande (>200),B2B/B2C,CCIB Annuaire,,Actif,2026-06-29T00:05:29.678170,moyenne
BJ-9C7AC772,AGS SARL,BTP & Immobilier,Abomey-Calavi,+229 30 80 66 64,ags.benin@agsfidal.com,,Grande (>200),B2C,CCIB Annuaire,,Actif,2026-06-29T00:05:29.678208,moyenne
BJ-7E0898EE,BOAD Groupe,BTP & Immobilier,Parakou,+229 92 99 64 59,boad@boad.org,,Grande (>200),B2B,CCIB Annuaire,,Actif,2026-06-29T00:05:29.678554,haute
BJ-D29614CE,MTN Bénin,BTP & Immobilier,Bohicon,+229 26 97 28 42,,,Grande (>200),B2B/B2C,CCIB Annuaire,,Actif,2026-06-29T00:05:29.678777,haute
BJ-BD320152,BOAD Cabinet Bohicon,BTP & Immobilier,Bohicon,+229 35 14 62 11,,boad.org,PME (10-50),B2B,CCIB Annuaire,,Actif,2026-06-29T00:05:29.678813,haute
BJ-F4247EE9,BCEAO Groupe Bohicon,BTP & Immobilier,Bohicon,+229 87 69 42 96,,,PME (10-50),B2B,CCIB Annuaire,,Actif,2026-06-29T00:05:29.678940,moyenne
BJ-78B65605,Ets Natitingou,BTP & Immobilier,Natitingou,+229 70 92 64 37,,,TPE (<10),B2B/B2C,CCIB Annuaire,,Actif,2026-06-29T00:05:29.679009,moyenne
BJ-79B6B00C,West Africa Hôtel Natitingou,BTP & Immobilier,Natitingou,+229 56 62 94 89,,,Grande (>200),B2B/B2C,CCIB Annuaire,,Actif,2026-06-29T00:05:29.679088,moyenne
BJ-4935E456,SOBEBRA Groupe,BTP & Immobilier,Natitingou,+229 48 61 61 37,,,PME (10-50),B2B,CCIB Annuaire,,Actif,2026-06-29T00:05:29.679134,moyenne
BJ-4EF843E3,SOBETRAP SARL Natitingou,BTP & Immobilier,Natitingou,+229 31 75 78 87,contact@sobetrap.bj,,Grande (>200),B2B,CCIB Annuaire,,Actif,2026-06-29T00:05:29.679201,haute
BJ-6525FE1D,Bénin Novotel,BTP & Immobilier,Lokossa,+229 89 30 54 44,h5436@accor.com,,Grande (>200),B2C,CCIB Annuaire,,Actif,2026-06-29T00:05:29.679290,haute
BJ-320FEE74,Ets Biokou & Frères Lokossa,BTP & Immobilier,Lokossa,+229 92 56 42 57,,,Grande (>200),B2C,CCIB Annuaire,,Actif,2026-06-29T00:05:29.679477,moyenne
BJ-2DC7A2C8,AfriTech SARL,BTP & Immobilier,Ouidah,+229 61 46 10 55,,,TPE (<10),B2C,CCIB Annuaire,,Actif,2026-06-29T00:05:29.679604,haute
BJ-60A42269,MTN Mobile Money Bénin Ouidah,BTP & Immobilier,Ouidah,+229 65 11 72 63,,,TPE (<10),B2B,CCIB Annuaire,,Actif,2026-06-29T00:05:29.679795,haute
BJ-69F549F6,SERHAU-SEM Cabinet Cotonou,Commerce & Distribution,Cotonou,+229 57 35 79 92,info@serhau.bj,,PME (10-50),B2C,CCIB Annuaire,,Actif,2026-06-29T00:05:29.679884,haute
BJ-EE85B0DA,NSIA,Commerce & Distribution,Cotonou,+229 64 16 80 60,,nsiaassurances.com,PME (50-200),B2B,CCIB Annuaire,,Actif,2026-06-29T00:05:29.679951,haute
BJ-7CCBBD7F,Bénin BOAD Cotonou,Commerce & Distribution,Cotonou,+229 26 65 96 89,boad@boad.org,,PME (50-200),B2B/B2C,CCIB Annuaire,,Actif,2026-06-29T00:05:29.679988,haute
BJ-E635ABBC,Africa Pharmaquick,Commerce & Distribution,Abomey-Calavi,+229 59 86 97 48,pharmaquick@gmail.com,,TPE (<10),B2B/B2C,CCIB Annuaire,,Actif,2026-06-29T00:05:29.680152,moyenne
BJ-00EE5CC2,Bénin CFAO,Commerce & Distribution,Abomey-Calavi,+229 28 80 52 83,cfao.benin@cfao.com,,TPE (<10),B2C,CCIB Annuaire,,Actif,2026-06-29T00:05:29.680177,haute
BJ-F228B30A,BOAD Abomey-Calavi,Commerce & Distribution,Abomey-Calavi,+229 76 82 17 79,,boad.org,PME (50-200),B2C,CCIB Annuaire,,Actif,2026-06-29T00:05:29.680200,haute
BJ-54AC411C,AfriTech Cabinet Abomey-Calavi,Commerce & Distribution,Abomey-Calavi,+229 66 79 14 28,contact@afritech.bj,,Grande (>200),B2B,CCIB Annuaire,,Actif,2026-06-29T00:05:29.680221,haute
BJ-5F2DF52C,Hôtel du Lac Cotonou,Commerce & Distribution,Abomey-Calavi,+229 67 55 75 32,hotel.lac@yahoo.fr,,TPE (<10),B2B,CCIB Annuaire,,Actif,2026-06-29T00:05:29.680244,moyenne
BJ-844C48B6,Digital SA,Commerce & Distribution,Porto-Novo,+229 27 12 13 98,,,PME (10-50),B2C,CCIB Annuaire,,Actif,2026-06-29T00:05:29.680276,moyenne
BJ-69BD9FA4,Moov SARL Porto-Novo,Commerce & Distribution,Porto-Novo,+229 74 77 64 77,moov@moov.bj,moov.bj,TPE (<10),B2B,CCIB Annuaire,,Actif,2026-06-29T00:05:29.680299,haute
BJ-5415EAEC,Cabinet Bureau Porto-Novo,Commerce & Distribution,Porto-Novo,+229 54 60 86 61,arch.design@gmail.com,,TPE (<10),B2C,CCIB Annuaire,,Actif,2026-06-29T00:05:29.680321,moyenne
BJ-D602DC0C,Restaurant Porto-Novo,Commerce & Distribution,Porto-Novo,+229 98 82 49 83,amazone.cotonou@gmail.com,,PME (50-200),B2B/B2C,CCIB Annuaire,,Actif,2026-06-29T00:05:29.680352,moyenne
BJ-3DE5E303,CFAO Motors Bénin,Commerce & Distribution,Porto-Novo,+229 77 92 23 60,,,PME (50-200),B2B,CCIB Annuaire,,Actif,2026-06-29T00:05:29.680373,haute
BJ-1DB7C7B3,Africa NSIA,Commerce & Distribution,Parakou,+229 44 49 40 66,,nsiaassurances.com,PME (10-50),B2B,CCIB Annuaire,,Actif,2026-06-29T00:05:29.680441,haute
BJ-75370CCA,West Africa Ets,Commerce & Distribution,Bohicon,+229 68 14 65 89,agro.benin@gmail.com,,Grande (>200),B2B,CCIB Annuaire,,Actif,2026-06-29T00:05:29.680562,moyenne
BJ-6FDE5D7C,Moov Africa Bénin,Commerce & Distribution,Bohicon,+229 63 72 22 18,moov@moov.bj,,PME (50-200),B2B/B2C,CCIB Annuaire,,Actif,2026-06-29T00:05:29.680585,haute
BJ-4D143A40,HAMMER BENIN,Commerce & Distribution,Bohicon,+229 39 11 67 73,info@hammer.bj,hammer.bj,TPE (<10),B2C,CCIB Annuaire,,Actif,2026-06-29T00:05:29.680663,haute
BJ-BA0FCDF9,BCEAO Jumia,Commerce & Distribution,Natitingou,+229 65 76 89 78,benin@jumia.com,jumia.com.bj,TPE (<10),B2B,CCIB Annuaire,,Actif,2026-06-29T00:05:29.680698,haute
BJ-40FCC33A,West Africa Ets Natitingou,Commerce & Distribution,Natitingou,+229 48 97 60 44,agro.benin@gmail.com,,TPE (<10),B2C,CCIB Annuaire,,Actif,2026-06-29T00:05:29.680719,moyenne
BJ-47E2CF47,Bénin Pharmaquick Natitingou,Commerce & Distribution,Natitingou,+229 42 27 31 84,,,Grande (>200),B2B,CCIB Annuaire,,Actif,2026-06-29T00:05:29.680743,moyenne
BJ-F4AD9294,Ets Biokou & Frères Natitingou,Commerce & Distribution,Natitingou,+229 25 90 94 38,,,Grande (>200),B2B,CCIB Annuaire,,Actif,2026-06-29T00:05:29.680767,moyenne
BJ-9E9F2DE5,Bénin SOBETRAP Lokossa,Commerce & Distribution,Lokossa,+229 40 24 87 25,contact@sobetrap.bj,,TPE (<10),B2B,CCIB Annuaire,,Actif,2026-06-29T00:05:29.680856,haute
BJ-6DBC4DBB,BCEAO Score,Commerce & Distribution,Lokossa,+229 85 69 75 52,score@score-benin.com,,PME (10-50),B2B,CCIB Annuaire,,Actif,2026-06-29T00:05:29.680943,haute
BJ-20CA2DF2,Bénin AfriTech,Commerce & Distribution,Lokossa,+229 52 48 55 30,,afritech.bj,TPE (<10),B2B/B2C,CCIB Annuaire,,Actif,2026-06-29T00:05:29.680978,haute
BJ-4F2E9175,SONAPRA Lokossa,Commerce & Distribution,Lokossa,+229 71 46 45 93,,,PME (50-200),B2C,CCIB Annuaire,,Actif,2026-06-29T00:05:29.681019,moyenne
BJ-CCFF385C,SOBEBRA,Commerce & Distribution,Ouidah,+229 35 19 28 40,transport@sobebra.bj,,PME (10-50),B2B,CCIB Annuaire,,Actif,2026-06-29T00:05:29.681206,moyenne
BJ-55F17CA2,Ets Biokou & Frères,Commerce & Distribution,Ouidah,+229 41 54 53 87,,,PME (10-50),B2B,CCIB Annuaire,,Actif,2026-06-29T00:05:29.681266,moyenne
BJ-E59BB54B,Jumia Bénin Ouidah,Commerce & Distribution,Ouidah,+229 90 86 15 86,,,PME (10-50),B2B,CCIB Annuaire,,Actif,2026-06-29T00:05:29.681317,haute
BJ-AC8624BC,Bénin Digital Ouidah,Commerce & Distribution,Ouidah,+229 48 88 32 42,digital.benin@gmail.com,,PME (50-200),B2C,CCIB Annuaire,,Actif,2026-06-29T00:05:29.681362,moyenne
BJ-17E50EC5,DHL Groupe,Restauration & Hôtellerie,Cotonou,+229 97 77 32 35,cotonou@dhl.com,dhl.com,Grande (>200),B2C,CCIB Annuaire,,Actif,2026-06-29T00:05:29.681502,haute
BJ-62A728F3,Bénin SOBETRAP,Restauration & Hôtellerie,Cotonou,+229 97 47 60 87,,sobetrap.bj,PME (10-50),B2B/B2C,CCIB Annuaire,,Actif,2026-06-29T00:05:29.681575,haute
BJ-D904F003,West Africa Clinique Abomey-Calavi,Restauration & Hôtellerie,Abomey-Calavi,+229 22 26 43 96,,cliniquestluc.bj,PME (10-50),B2B,CCIB Annuaire,,Actif,2026-06-29T00:05:29.681823,haute
BJ-0862EFF6,BOAD Cabinet,Restauration & Hôtellerie,Abomey-Calavi,+229 92 14 31 98,boad@boad.org,,Grande (>200),B2C,CCIB Annuaire,,Actif,2026-06-29T00:05:29.681931,haute
BJ-9E248AC0,Restaurant Groupe Porto-Novo,Restauration & Hôtellerie,Porto-Novo,+229 37 88 53 18,,,Grande (>200),B2C,CCIB Annuaire,,Actif,2026-06-29T00:05:29.682057,moyenne
BJ-8A061FB3,BCEAO Groupe,Restauration & Hôtellerie,Porto-Novo,+229 77 67 78 47,collines.immo@yahoo.fr,,TPE (<10),B2B/B2C,CCIB Annuaire,,Actif,2026-06-29T00:05:29.682152,moyenne
BJ-0504A83E,West Africa NSIA,Restauration & Hôtellerie,Parakou,+229 72 38 34 18,,,PME (10-50),B2C,CCIB Annuaire,,Actif,2026-06-29T00:05:29.682339,haute
BJ-9C590601,CFAO SARL,Restauration & Hôtellerie,Parakou,+229 98 47 63 14,cfao.benin@cfao.com,,TPE (<10),B2B/B2C,CCIB Annuaire,,Actif,2026-06-29T00:05:29.682377,haute
BJ-01F6C8EE,SONAPRA Groupe,Restauration & Hôtellerie,Parakou,+229 38 84 99 25,,,PME (50-200),B2B/B2C,CCIB Annuaire,,Actif,2026-06-29T00:05:29.682454,moyenne
BJ-B90A42B5,Africa SONAPRA,Restauration & Hôtellerie,Bohicon,+229 30 82 21 17,sonapra@sonapra.bj,,PME (10-50),B2B,CCIB Annuaire,,Actif,2026-06-29T00:05:29.682540,moyenne
BJ-98C62CF8,Ecobank Bureau,Restauration & Hôtellerie,Bohicon,+229 75 95 17 15,,ecobank.com,PME (50-200),B2B,CCIB Annuaire,,Actif,2026-06-29T00:05:29.682578,haute
BJ-5E1A6EC9,Groupe Collines Immobilier Bohicon,Restauration & Hôtellerie,Bohicon,+229 22 94 90 25,collines.immo@yahoo.fr,,PME (50-200),B2C,CCIB Annuaire,,Actif,2026-06-29T00:05:29.682722,moyenne
BJ-67F12C64,Jumia SARL,Restauration & Hôtellerie,Natitingou,+229 42 49 45 47,,,TPE (<10),B2B,CCIB Annuaire,,Actif,2026-06-29T00:05:29.682911,haute
BJ-15FC150B,Ets Biokou & Frères,Restauration & Hôtellerie,Natitingou,+229 26 35 12 90,,,Grande (>200),B2B,CCIB Annuaire,,Actif,2026-06-29T00:05:29.683061,moyenne
BJ-07E24654,Score SARL Natitingou,Restauration & Hôtellerie,Natitingou,+229 61 11 63 53,score@score-benin.com,,TPE (<10),B2B,CCIB Annuaire,,Actif,2026-06-29T00:05:29.683116,haute
BJ-98742F0D,Groupe Collines Immobilier,Restauration & Hôtellerie,Natitingou,+229 69 24 85 82,collines.immo@yahoo.fr,,Grande (>200),B2B,CCIB Annuaire,,Actif,2026-06-29T00:05:29.683150,moyenne
BJ-F6E4E727,Bénin CFAO,Restauration & Hôtellerie,Lokossa,+229 46 68 27 67,cfao.benin@cfao.com,,TPE (<10),B2B,CCIB Annuaire,,Actif,2026-06-29T00:05:29.683214,haute
BJ-BA008396,Restaurant Ets,Restauration & Hôtellerie,Lokossa,+229 57 35 55 43,amazone.cotonou@gmail.com,,PME (10-50),B2B,CCIB Annuaire,,Actif,2026-06-29T00:05:29.683293,moyenne
BJ-DAF24E2B,West Africa Moov,Restauration & Hôtellerie,Lokossa,+229 84 32 86 64,,,PME (50-200),B2B,CCIB Annuaire,,Actif,2026-06-29T00:05:29.683339,haute
BJ-8AD3D9D0,Ecobank Groupe,Restauration & Hôtellerie,Ouidah,+229 78 34 18 21,ecobank.benin@ecobank.com,,PME (50-200),B2B/B2C,CCIB Annuaire,,Actif,2026-06-29T00:05:29.683448,haute
BJ-BE955BD8,Jumia Groupe,Restauration & Hôtellerie,Ouidah,+229 37 99 80 58,benin@jumia.com,jumia.com.bj,TPE (<10),B2B,CCIB Annuaire,,Actif,2026-06-29T00:05:29.683529,haute
BJ-5909ADAF,Bénin AGS,Restauration & Hôtellerie,Ouidah,+229 83 39 44 96,ags.benin@agsfidal.com,,PME (50-200),B2B/B2C,CCIB Annuaire,,Actif,2026-06-29T00:05:29.683609,moyenne
BJ-36A576CB,Bénin AfriTech,Santé & Pharmacie,Cotonou,+229 20 49 59 51,contact@afritech.bj,afritech.bj,TPE (<10),B2C,CCIB Annuaire,,Actif,2026-06-29T00:05:29.683750,haute
BJ-75A96498,HAMMER Groupe,Santé & Pharmacie,Cotonou,+229 23 89 49 68,info@hammer.bj,,PME (10-50),B2B,CCIB Annuaire,,Actif,2026-06-29T00:05:29.683887,haute
BJ-A17477FF,Digital Benin,Santé & Pharmacie,Abomey-Calavi,+229 65 54 11 42,digital.benin@gmail.com,,TPE (<10),B2B/B2C,CCIB Annuaire,,Actif,2026-06-29T00:05:29.684054,moyenne
BJ-7A398DE5,Groupe Centre,Santé & Pharmacie,Parakou,+229 59 53 48 49,collines.immo@yahoo.fr,,Grande (>200),B2B,CCIB Annuaire,,Actif,2026-06-29T00:05:29.684379,moyenne
BJ-A6A7F28B,AGS SA,Santé & Pharmacie,Parakou,+229 79 99 82 34,ags.benin@agsfidal.com,,TPE (<10),B2C,CCIB Annuaire,,Actif,2026-06-29T00:05:29.684400,moyenne
BJ-6CFF4672,Clinique SA,Santé & Pharmacie,Bohicon,+229 32 99 53 63,,,Grande (>200),B2C,CCIB Annuaire,,Actif,2026-06-29T00:05:29.684451,haute
BJ-D2938B33,HAMMER Cabinet,Santé & Pharmacie,Bohicon,+229 52 51 30 43,,,Grande (>200),B2C,CCIB Annuaire,,Actif,2026-06-29T00:05:29.684470,haute
BJ-406A67F0,Ets Groupe Bohicon,Santé & Pharmacie,Bohicon,+229 36 96 30 72,,,PME (10-50),B2C,CCIB Annuaire,,Actif,2026-06-29T00:05:29.684491,moyenne
BJ-029BCCBE,Université Centre,Santé & Pharmacie,Bohicon,+229 25 51 69 60,,uac.bj,TPE (<10),B2B/B2C,CCIB Annuaire,,Actif,2026-06-29T00:05:29.684523,haute
BJ-DF09A15F,Bénin CNHU-HKM,Santé & Pharmacie,Natitingou,+229 44 23 10 56,,,Grande (>200),B2B/B2C,CCIB Annuaire,,Actif,2026-06-29T00:05:29.684621,haute
BJ-B2296C25,SERHAU-SEM Ets,Santé & Pharmacie,Natitingou,+229 47 13 72 17,info@serhau.bj,,TPE (<10),B2B/B2C,CCIB Annuaire,,Actif,2026-06-29T00:05:29.684640,haute
BJ-03055650,BCEAO Moov,Santé & Pharmacie,Natitingou,+229 93 16 38 67,moov@moov.bj,moov.bj,Grande (>200),B2B,CCIB Annuaire,,Actif,2026-06-29T00:05:29.684660,haute
BJ-33D896EF,Bénin Université Lokossa,Santé & Pharmacie,Lokossa,+229 89 22 29 35,,,PME (10-50),B2C,CCIB Annuaire,,Actif,2026-06-29T00:05:29.684735,haute
BJ-0C698233,Score Bureau,Santé & Pharmacie,Lokossa,+229 82 88 81 88,score@score-benin.com,score-benin.com,Grande (>200),B2C,CCIB Annuaire,,Actif,2026-06-29T00:05:29.684809,haute
BJ-BB080971,Bénin SOBEBRA,Santé & Pharmacie,Ouidah,+229 91 45 69 74,transport@sobebra.bj,,PME (50-200),B2C,CCIB Annuaire,,Actif,2026-06-29T00:05:29.684842,moyenne
BJ-1D7FF03A,SOBETRAP Cabinet Ouidah,Santé & Pharmacie,Ouidah,+229 20 22 37 91,contact@sobetrap.bj,,PME (10-50),B2B,CCIB Annuaire,,Actif,2026-06-29T00:05:29.684882,haute
BJ-8084727A,Restaurant Cabinet Ouidah,Santé & Pharmacie,Ouidah,+229 28 35 10 27,,,Grande (>200),B2C,CCIB Annuaire,,Actif,2026-06-29T00:05:29.684953,moyenne
BJ-85FF56E3,Africa Score,Finance & Assurance,Cotonou,+229 54 15 99 15,score@score-benin.com,score-benin.com,PME (10-50),B2B,CCIB Annuaire,,Actif,2026-06-29T00:05:29.685045,haute
BJ-7BC15E6F,BCEAO Novotel,Finance & Assurance,Cotonou,+229 62 77 23 86,,,PME (10-50),B2B/B2C,CCIB Annuaire,,Actif,2026-06-29T00:05:29.685065,haute
BJ-D0F9BCC2,Clinique Bureau,Finance & Assurance,Abomey-Calavi,+229 60 59 13 52,stluc@cliniquestluc.bj,,TPE (<10),B2B,CCIB Annuaire,,Actif,2026-06-29T00:05:29.685172,haute
BJ-07CFEDED,MTN Cabinet,Finance & Assurance,Abomey-Calavi,+229 20 79 34 73,contact@mtn.bj,,PME (10-50),B2C,CCIB Annuaire,,Actif,2026-06-29T00:05:29.685212,haute
BJ-EAE5816E,BCEAO Cabinet,Finance & Assurance,Abomey-Calavi,+229 87 86 48 98,arch.design@gmail.com,,TPE (<10),B2B,CCIB Annuaire,,Actif,2026-06-29T00:05:29.685244,moyenne
BJ-9E4C528B,Clinique Centre,Finance & Assurance,Porto-Novo,+229 42 11 23 94,,cliniquestluc.bj,Grande (>200),B2C,CCIB Annuaire,,Actif,2026-06-29T00:05:29.685329,haute
BJ-56EAF388,Ets SA,Finance & Assurance,Porto-Novo,+229 33 49 70 60,,,PME (50-200),B2B,CCIB Annuaire,,Actif,2026-06-29T00:05:29.685345,moyenne
BJ-3BB58F61,Groupe Collines Immobilier Parakou,Finance & Assurance,Parakou,+229 37 74 61 18,,,PME (10-50),B2B,CCIB Annuaire,,Actif,2026-06-29T00:05:29.685386,moyenne
BJ-95ACC2CF,Ets,Finance & Assurance,Parakou,+229 51 64 81 15,,,PME (50-200),B2B,CCIB Annuaire,,Actif,2026-06-29T00:05:29.685402,moyenne
BJ-46AF5687,EPAC Cabinet,Finance & Assurance,Bohicon,+229 41 32 87 65,,,TPE (<10),B2B/B2C,CCIB Annuaire,,Actif,2026-06-29T00:05:29.685463,haute
BJ-C4ADF057,West Africa SOBEBRA,Finance & Assurance,Bohicon,+229 71 77 86 72,,,PME (50-200),B2C,CCIB Annuaire,,Actif,2026-06-29T00:05:29.685479,moyenne
BJ-665E082F,Cabinet Arch-Design Bénin,Finance & Assurance,Bohicon,+229 76 69 96 76,,,TPE (<10),B2B/B2C,CCIB Annuaire,,Actif,2026-06-29T00:05:29.685495,moyenne
BJ-6C70C197,AfriTech Bureau,Finance & Assurance,Natitingou,+229 45 66 40 85,contact@afritech.bj,,Grande (>200),B2C,CCIB Annuaire,,Actif,2026-06-29T00:05:29.685555,haute
BJ-896C3A44,HAMMER Bureau,Finance & Assurance,Natitingou,+229 97 74 63 54,,,PME (50-200),B2B,CCIB Annuaire,,Actif,2026-06-29T00:05:29.685586,haute
BJ-F593A915,MTN Mobile Money Bénin,Finance & Assurance,Natitingou,+229 31 56 52 51,momo@mtn.bj,,TPE (<10),B2B,CCIB Annuaire,,Actif,2026-06-29T00:05:29.685601,haute
BJ-011DFAAA,DHL Natitingou,Finance & Assurance,Natitingou,+229 40 44 81 29,,dhl.com,PME (50-200),B2B,CCIB Annuaire,,Actif,2026-06-29T00:05:29.685616,haute
BJ-34A5D22A,Bénin CFAO Lokossa,Finance & Assurance,Lokossa,+229 62 87 33 22,,,TPE (<10),B2B/B2C,CCIB Annuaire,,Actif,2026-06-29T00:05:29.685658,haute
BJ-41FDE665,SOBETRAP Lokossa,Finance & Assurance,Lokossa,+229 40 14 78 79,contact@sobetrap.bj,sobetrap.bj,Grande (>200),B2B/B2C,CCIB Annuaire,,Actif,2026-06-29T00:05:29.685673,haute
BJ-667B9BB2,BCEAO CNHU-HKM,Finance & Assurance,Lokossa,+229 56 37 31 72,,,PME (50-200),B2B/B2C,CCIB Annuaire,,Actif,2026-06-29T00:05:29.685692,haute
BJ-EF7044EB,EPAC Centre,Finance & Assurance,Ouidah,+229 48 56 33 73,epac@epac.uac.bj,,TPE (<10),B2B/B2C,CCIB Annuaire,,Actif,2026-06-29T00:05:29.685731,haute
BJ-BD6A61AA,DHL SARL Ouidah,Finance & Assurance,Ouidah,+229 91 29 54 62,cotonou@dhl.com,,TPE (<10),B2B/B2C,CCIB Annuaire,,Actif,2026-06-29T00:05:29.685769,haute
BJ-4E46D53E,Ets Agro-Bénin Ouidah,Finance & Assurance,Ouidah,+229 88 26 54 27,,,TPE (<10),B2B,CCIB Annuaire,,Actif,2026-06-29T00:05:29.685784,moyenne
BJ-D779CB9E,HAMMER Bureau,Transport & Logistique,Cotonou,+229 86 35 67 14,info@hammer.bj,hammer.bj,PME (50-200),B2B,CCIB Annuaire,,Actif,2026-06-29T00:05:29.685824,haute
BJ-45BCF99A,CNHU-HKM Centre,Transport & Logistique,Cotonou,+229 26 65 41 15,contact@cnhu.bj,cnhu.bj,PME (50-200),B2B/B2C,CCIB Annuaire,,Actif,2026-06-29T00:05:29.685839,haute
BJ-80623644,MTN Bureau,Transport & Logistique,Cotonou,+229 81 21 53 82,contact@mtn.bj,,TPE (<10),B2C,CCIB Annuaire,,Actif,2026-06-29T00:05:29.685873,haute
BJ-6ADF6CC4,Restaurant Ets,Transport & Logistique,Cotonou,+229 82 24 67 74,amazone.cotonou@gmail.com,,TPE (<10),B2B/B2C,CCIB Annuaire,,Actif,2026-06-29T00:05:29.685926,moyenne
BJ-E79590FB,CNHU-HKM Ets,Transport & Logistique,Abomey-Calavi,+229 22 20 87 82,contact@cnhu.bj,cnhu.bj,PME (10-50),B2B/B2C,CCIB Annuaire,,Actif,2026-06-29T00:05:29.686055,haute
BJ-AF5A8FF8,Africa Pharmaquick Abomey-Calavi,Transport & Logistique,Abomey-Calavi,+229 27 23 32 45,,,PME (50-200),B2B/B2C,CCIB Annuaire,,Actif,2026-06-29T00:05:29.686098,moyenne
BJ-9B06083C,SERHAU-SEM Centre,Transport & Logistique,Porto-Novo,+229 24 74 46 79,info@serhau.bj,serhau.bj,Grande (>200),B2C,CCIB Annuaire,,Actif,2026-06-29T00:05:29.686204,haute
BJ-B851A737,Bénin Université Porto-Novo,Transport & Logistique,Porto-Novo,+229 39 39 24 90,,,PME (10-50),B2B/B2C,CCIB Annuaire,,Actif,2026-06-29T00:05:29.686354,haute
BJ-5A13C737,BCEAO SONAPRA,Transport & Logistique,Porto-Novo,+229 42 99 53 13,sonapra@sonapra.bj,,PME (50-200),B2B,CCIB Annuaire,,Actif,2026-06-29T00:05:29.686397,moyenne
BJ-3142A69D,SONAPRA SARL,Transport & Logistique,Parakou,+229 86 19 14 60,sonapra@sonapra.bj,,PME (10-50),B2B/B2C,CCIB Annuaire,,Actif,2026-06-29T00:05:29.686444,moyenne
BJ-3B404792,BCEAO MTN Parakou,Transport & Logistique,Parakou,+229 93 72 81 15,momo@mtn.bj,,PME (10-50),B2C,CCIB Annuaire,,Actif,2026-06-29T00:05:29.686463,haute
BJ-44DE72BB,Moov SA Parakou,Transport & Logistique,Parakou,+229 36 91 10 45,moov@moov.bj,,PME (10-50),B2B,CCIB Annuaire,,Actif,2026-06-29T00:05:29.686497,haute
BJ-4717020A,Bénin AGS,Transport & Logistique,Bohicon,+229 82 18 13 72,ags.benin@agsfidal.com,,PME (50-200),B2C,CCIB Annuaire,,Actif,2026-06-29T00:05:29.686571,moyenne
BJ-9FB7389E,Ets Ets,Transport & Logistique,Bohicon,+229 22 48 17 76,,,PME (10-50),B2B,CCIB Annuaire,,Actif,2026-06-29T00:05:29.686593,moyenne
BJ-3F0899DB,Moov Africa Bénin Bohicon,Transport & Logistique,Bohicon,+229 48 23 87 70,,moov.bj,TPE (<10),B2B/B2C,CCIB Annuaire,,Actif,2026-06-29T00:05:29.686609,haute
BJ-77B8F56D,West Africa Digital,Transport & Logistique,Natitingou,+229 29 44 93 41,digital.benin@gmail.com,,PME (10-50),B2B,CCIB Annuaire,,Actif,2026-06-29T00:05:29.686632,moyenne
BJ-FB1A0FDB,Bénin Restaurant,Transport & Logistique,Natitingou,+229 54 43 46 50,,,TPE (<10),B2B/B2C,CCIB Annuaire,,Actif,2026-06-29T00:05:29.686663,moyenne
BJ-658EF661,Ets Ets,Transport & Logistique,Lokossa,+229 68 64 37 40,,,PME (50-200),B2C,CCIB Annuaire,,Actif,2026-06-29T00:05:29.686720,moyenne
BJ-71024AED,Ets,Transport & Logistique,Lokossa,+229 66 97 32 99,,,PME (10-50),B2B,CCIB Annuaire,,Actif,2026-06-29T00:05:29.686737,moyenne
BJ-83A08268,Pharmaquick Ets,Transport & Logistique,Lokossa,+229 99 81 59 82,pharmaquick@gmail.com,,Grande (>200),B2B/B2C,CCIB Annuaire,,Actif,2026-06-29T00:05:29.686751,moyenne
BJ-8ADC3EE6,Ets SARL,Transport & Logistique,Lokossa,+229 96 83 64 46,agro.benin@gmail.com,,PME (10-50),B2C,CCIB Annuaire,,Actif,2026-06-29T00:05:29.686787,moyenne
BJ-E8B01EA3,Africa AGS,Transport & Logistique,Ouidah,+229 83 40 91 11,ags.benin@agsfidal.com,,Grande (>200),B2B,CCIB Annuaire,,Actif,2026-06-29T00:05:29.686826,moyenne
BJ-BC6A3F23,SOBETRAP Ets,Transport & Logistique,Ouidah,+229 33 32 85 97,,,PME (50-200),B2C,CCIB Annuaire,,Actif,2026-06-29T00:05:29.686841,haute
BJ-18D36E08,West Africa SONAPRA,Télécommunications,Cotonou,+229 60 52 12 24,sonapra@sonapra.bj,,TPE (<10),B2B/B2C,CCIB Annuaire,,Actif,2026-06-29T00:05:29.686999,moyenne
BJ-8C0AB6C7,BCEAO CNHU-HKM,Télécommunications,Abomey-Calavi,+229 98 51 48 80,contact@cnhu.bj,cnhu.bj,PME (50-200),B2C,CCIB Annuaire,,Actif,2026-06-29T00:05:29.687063,haute
BJ-1069AEDF,BCEAO Ets Abomey-Calavi,Télécommunications,Abomey-Calavi,+229 93 95 50 66,,,PME (10-50),B2C,CCIB Annuaire,,Actif,2026-06-29T00:05:29.687080,moyenne
BJ-E0DE3B07,CNHU-HKM SA Abomey-Calavi,Télécommunications,Abomey-Calavi,+229 25 66 77 76,,cnhu.bj,PME (10-50),B2C,CCIB Annuaire,,Actif,2026-06-29T00:05:29.687137,haute
BJ-B5819B4A,SONAPRA Centre Porto-Novo,Télécommunications,Porto-Novo,+229 76 52 30 50,sonapra@sonapra.bj,,TPE (<10),B2C,CCIB Annuaire,,Actif,2026-06-29T00:05:29.687214,moyenne
BJ-2CC83F00,AGS Déménagements Bénin Porto-Novo,Télécommunications,Porto-Novo,+229 28 15 84 98,ags.benin@agsfidal.com,,PME (10-50),B2C,CCIB Annuaire,,Actif,2026-06-29T00:05:29.687231,moyenne
BJ-4F959818,SOBETRAP Bureau,Télécommunications,Parakou,+229 25 58 71 55,contact@sobetrap.bj,sobetrap.bj,Grande (>200),B2B,CCIB Annuaire,,Actif,2026-06-29T00:05:29.687305,haute
BJ-0A3EF963,Novotel Cabinet,Télécommunications,Bohicon,+229 31 42 32 13,h5436@accor.com,,PME (50-200),B2B,CCIB Annuaire,,Actif,2026-06-29T00:05:29.687424,haute
BJ-B965D596,Restaurant Bohicon,Télécommunications,Bohicon,+229 26 23 85 29,,,TPE (<10),B2B/B2C,CCIB Annuaire,,Actif,2026-06-29T00:05:29.687441,moyenne
BJ-1749D98E,MTN SA,Télécommunications,Bohicon,+229 30 56 72 72,contact@mtn.bj,,Grande (>200),B2C,CCIB Annuaire,,Actif,2026-06-29T00:05:29.687456,haute
BJ-2489E525,Cabinet,Télécommunications,Bohicon,+229 21 74 71 61,arch.design@gmail.com,,PME (10-50),B2B,CCIB Annuaire,,Actif,2026-06-29T00:05:29.687477,moyenne
BJ-23028C9C,NSIA Cabinet,Télécommunications,Bohicon,+229 46 13 48 59,nsia.benin@nsiaassurances.com,,TPE (<10),B2B/B2C,CCIB Annuaire,,Actif,2026-06-29T00:05:29.687493,haute
BJ-C8CCE164,MTN Cabinet,Télécommunications,Natitingou,+229 78 10 84 38,,mtn.bj,Grande (>200),B2C,CCIB Annuaire,,Actif,2026-06-29T00:05:29.687523,haute
BJ-9FAE64B0,BOAD Agence Cotonou Natitingou,Télécommunications,Natitingou,+229 50 43 48 93,,boad.org,Grande (>200),B2C,CCIB Annuaire,,Actif,2026-06-29T00:05:29.687541,haute
BJ-5A370134,Cabinet Bureau Natitingou,Télécommunications,Natitingou,+229 91 72 94 80,,,PME (10-50),B2B,CCIB Annuaire,,Actif,2026-06-29T00:05:29.687557,moyenne
BJ-137D03F9,Bénin Hôtel,Télécommunications,Natitingou,+229 54 77 42 36,hotel.lac@yahoo.fr,,TPE (<10),B2C,CCIB Annuaire,,Actif,2026-06-29T00:05:29.687573,moyenne
BJ-B31B699E,Africa SERHAU-SEM,Télécommunications,Natitingou,+229 55 72 69 88,,serhau.bj,PME (50-200),B2C,CCIB Annuaire,,Actif,2026-06-29T00:05:29.687589,haute
BJ-08BEAD57,BCEAO AfriTech,Télécommunications,Lokossa,+229 87 52 63 53,contact@afritech.bj,,PME (50-200),B2B,CCIB Annuaire,,Actif,2026-06-29T00:05:29.687612,haute
BJ-51813141,HAMMER Ets,Télécommunications,Lokossa,+229 49 23 40 61,info@hammer.bj,hammer.bj,PME (50-200),B2C,CCIB Annuaire,,Actif,2026-06-29T00:05:29.687628,haute
BJ-9E8CEA2C,MTN Bénin,Télécommunications,Lokossa,+229 72 99 15 49,,,PME (50-200),B2B,CCIB Annuaire,,Actif,2026-06-29T00:05:29.687643,haute
BJ-EF150625,BCEAO SOBETRAP,Télécommunications,Ouidah,+229 93 44 25 39,contact@sobetrap.bj,,PME (10-50),B2C,CCIB Annuaire,,Actif,2026-06-29T00:05:29.687733,haute
BJ-F0C3DAF6,Clinique SARL,Télécommunications,Ouidah,+229 92 61 52 58,stluc@cliniquestluc.bj,,Grande (>200),B2B/B2C,CCIB Annuaire,,Actif,2026-06-29T00:05:29.687748,haute
BJ-31CF018E,CNHU-HKM Ouidah,Télécommunications,Ouidah,+229 53 65 26 49,contact@cnhu.bj,cnhu.bj,Grande (>200),B2B,CCIB Annuaire,,Actif,2026-06-29T00:05:29.687762,haute
BJ-11BE53F1,SOBEBRA Cabinet Abomey-Calavi,Agriculture & Agroalimentaire,Abomey-Calavi,+229 41 92 65 58,transport@sobebra.bj,,PME (10-50),B2B,CCIB Annuaire,,Actif,2026-06-29T00:05:29.687944,moyenne
BJ-8F85A306,Jumia SARL Porto-Novo,Agriculture & Agroalimentaire,Porto-Novo,+229 74 30 47 70,benin@jumia.com,jumia.com.bj,TPE (<10),B2B/B2C,CCIB Annuaire,,Actif,2026-06-29T00:05:29.687999,haute
BJ-D611F6FB,Bénin Ecobank,Agriculture & Agroalimentaire,Porto-Novo,+229 50 52 76 79,,ecobank.com,PME (50-200),B2B/B2C,CCIB Annuaire,,Actif,2026-06-29T00:05:29.688053,haute
BJ-862D2940,CNHU-HKM Parakou,Agriculture & Agroalimentaire,Parakou,+229 27 14 78 83,contact@cnhu.bj,,TPE (<10),B2C,CCIB Annuaire,,Actif,2026-06-29T00:05:29.688159,haute
BJ-34B23B61,Restaurant,Agriculture & Agroalimentaire,Parakou,+229 76 12 25 93,,,Grande (>200),B2B,CCIB Annuaire,,Actif,2026-06-29T00:05:29.688197,moyenne
BJ-516F00D3,West Africa SERHAU-SEM,Agriculture & Agroalimentaire,Bohicon,+229 57 59 53 76,info@serhau.bj,serhau.bj,Grande (>200),B2B/B2C,CCIB Annuaire,,Actif,2026-06-29T00:05:29.688261,haute
BJ-18C4B65A,Clinique SA Bohicon,Agriculture & Agroalimentaire,Bohicon,+229 23 56 70 44,stluc@cliniquestluc.bj,,PME (10-50),B2B/B2C,CCIB Annuaire,,Actif,2026-06-29T00:05:29.688364,haute
BJ-FEA4D39C,CNHU-HKM SA,Agriculture & Agroalimentaire,Natitingou,+229 93 61 44 92,contact@cnhu.bj,,PME (50-200),B2B,CCIB Annuaire,,Actif,2026-06-29T00:05:29.688452,haute
BJ-1828308A,Africa EPAC,Agriculture & Agroalimentaire,Natitingou,+229 33 75 41 93,epac@epac.uac.bj,epac.uac.bj,PME (50-200),B2B/B2C,CCIB Annuaire,,Actif,2026-06-29T00:05:29.688478,haute
BJ-63D9EBB5,Université Centre,Agriculture & Agroalimentaire,Lokossa,+229 69 61 73 90,rectorat@uac.bj,uac.bj,PME (10-50),B2C,CCIB Annuaire,,Actif,2026-06-29T00:05:29.688634,haute
BJ-4F8E018F,AGS Centre,Agriculture & Agroalimentaire,Lokossa,+229 27 24 44 97,ags.benin@agsfidal.com,,TPE (<10),B2C,CCIB Annuaire,,Actif,2026-06-29T00:05:29.688674,moyenne
BJ-FE04E3A9,DHL Lokossa,Agriculture & Agroalimentaire,Lokossa,+229 69 96 51 33,cotonou@dhl.com,,TPE (<10),B2C,CCIB Annuaire,,Actif,2026-06-29T00:05:29.688722,haute
BJ-45FD2243,Université d'Abomey-Calavi Lokossa,Agriculture & Agroalimentaire,Lokossa,+229 41 64 91 19,rectorat@uac.bj,uac.bj,PME (10-50),B2B/B2C,CCIB Annuaire,,Actif,2026-06-29T00:05:29.688750,haute
BJ-DD1FDD36,Université d'Abomey-Calavi,Agriculture & Agroalimentaire,Ouidah,+229 45 17 25 77,rectorat@uac.bj,,Grande (>200),B2B/B2C,CCIB Annuaire,,Actif,2026-06-29T00:05:29.688830,haute
BJ-99FD6ECC,Jumia SARL,Agriculture & Agroalimentaire,Ouidah,+229 73 29 37 22,benin@jumia.com,,TPE (<10),B2C,CCIB Annuaire,,Actif,2026-06-29T00:05:29.688858,haute
BJ-4D79F94D,Restaurant Ets,Agriculture & Agroalimentaire,Ouidah,+229 67 89 15 21,,,Grande (>200),B2B/B2C,CCIB Annuaire,,Actif,2026-06-29T00:05:29.688885,moyenne
BJ-A55FDEA4,West Africa Cabinet Ouidah,Agriculture & Agroalimentaire,Ouidah,+229 95 95 89 22,arch.design@gmail.com,,PME (10-50),B2C,CCIB Annuaire,,Actif,2026-06-29T00:05:29.688955,moyenne
BJ-3C43283E,Groupe Centre,Éducation & Formation,Cotonou,+229 39 30 66 84,,,Grande (>200),B2B/B2C,CCIB Annuaire,,Actif,2026-06-29T00:05:29.689055,moyenne
BJ-5AEC42A4,SOBEBRA Ets Abomey-Calavi,Éducation & Formation,Abomey-Calavi,+229 89 12 63 57,,,PME (50-200),B2B/B2C,CCIB Annuaire,,Actif,2026-06-29T00:05:29.689161,moyenne
BJ-BEA6D601,CFAO SA Porto-Novo,Éducation & Formation,Porto-Novo,+229 51 95 41 47,cfao.benin@cfao.com,,PME (50-200),B2B/B2C,CCIB Annuaire,,Actif,2026-06-29T00:05:29.689379,haute
BJ-9FD9822A,SOBEBRA SARL,Éducation & Formation,Porto-Novo,+229 77 66 62 86,transport@sobebra.bj,,TPE (<10),B2B,CCIB Annuaire,,Actif,2026-06-29T00:05:29.689456,moyenne
BJ-A064575E,Cabinet Groupe,Éducation & Formation,Parakou,+229 83 97 30 19,arch.design@gmail.com,,TPE (<10),B2B,CCIB Annuaire,,Actif,2026-06-29T00:05:29.689742,moyenne
BJ-3D2EEAC8,BCEAO DHL,Éducation & Formation,Bohicon,+229 31 55 90 56,cotonou@dhl.com,dhl.com,PME (50-200),B2B/B2C,CCIB Annuaire,,Actif,2026-06-29T00:05:29.689858,haute
BJ-1D3C539E,Bénin Novotel,Éducation & Formation,Bohicon,+229 41 25 76 74,,,PME (50-200),B2B,CCIB Annuaire,,Actif,2026-06-29T00:05:29.689915,haute
BJ-D66A6F00,HAMMER SA Natitingou,Éducation & Formation,Natitingou,+229 63 77 94 15,,,PME (10-50),B2B,CCIB Annuaire,,Actif,2026-06-29T00:05:29.690101,haute
BJ-97555F12,Cabinet SARL,Éducation & Formation,Natitingou,+229 21 49 67 13,arch.design@gmail.com,,PME (50-200),B2B,CCIB Annuaire,,Actif,2026-06-29T00:05:29.690140,moyenne
BJ-B72D933B,CFAO SARL,Éducation & Formation,Natitingou,+229 65 67 87 15,cfao.benin@cfao.com,cfao.com,Grande (>200),B2C,CCIB Annuaire,,Actif,2026-06-29T00:05:29.690246,haute
BJ-549F4C81,BCEAO SONAPRA Natitingou,Éducation & Formation,Natitingou,+229 96 29 82 85,sonapra@sonapra.bj,,TPE (<10),B2C,CCIB Annuaire,,Actif,2026-06-29T00:05:29.690289,moyenne
BJ-6D7ABF44,BOAD SA Lokossa,Éducation & Formation,Lokossa,+229 92 50 57 31,boad@boad.org,,PME (10-50),B2B,CCIB Annuaire,,Actif,2026-06-29T00:05:29.690408,haute
BJ-2C7222AD,Bénin CNHU-HKM,Éducation & Formation,Lokossa,+229 27 35 88 23,,,Grande (>200),B2B/B2C,CCIB Annuaire,,Actif,2026-06-29T00:05:29.690444,haute
BJ-3077E13B,Pharmaquick Bureau Ouidah,Éducation & Formation,Ouidah,+229 88 39 29 36,pharmaquick@gmail.com,,TPE (<10),B2B/B2C,CCIB Annuaire,,Actif,2026-06-29T00:05:29.690502,moyenne
BJ-4786065F,CFAO Motors Bénin Ouidah,Éducation & Formation,Ouidah,+229 48 77 88 46,cfao.benin@cfao.com,,PME (10-50),B2B/B2C,CCIB Annuaire,,Actif,2026-06-29T00:05:29.690519,haute
BJ-31DAEE46,Bénin Pharmaquick,Éducation & Formation,Ouidah,+229 48 95 76 56,pharmaquick@gmail.com,,PME (50-200),B2B,CCIB Annuaire,,Actif,2026-06-29T00:05:29.690535,moyenne
BJ-41124A9C,Moov Africa Bénin Ouidah,Éducation & Formation,Ouidah,+229 89 20 83 79,moov@moov.bj,,TPE (<10),B2C,CCIB Annuaire,,Actif,2026-06-29T00:05:29.690551,haute
BJ-6A13185C,BCEAO Ets,Éducation & Formation,Ouidah,+229 89 66 55 42,,,PME (50-200),B2B,CCIB Annuaire,,Actif,2026-06-29T00:05:29.690567,moyenne
BJ-38B05914,NSIA Assurances Bénin,Technologie & IT,Cotonou,+229 74 13 80 92,,nsiaassurances.com,TPE (<10),B2B,CCIB Annuaire,,Actif,2026-06-29T00:05:29.690627,haute
BJ-789A4564,Bénin AGS,Technologie & IT,Cotonou,+229 78 47 60 59,ags.benin@agsfidal.com,,TPE (<10),B2C,CCIB Annuaire,,Actif,2026-06-29T00:05:29.690649,moyenne
BJ-10CB6CB4,Digital Benin Porto-Novo,Technologie & IT,Porto-Novo,+229 80 46 24 54,,,PME (50-200),B2B/B2C,CCIB Annuaire,,Actif,2026-06-29T00:05:29.690923,moyenne
BJ-65F9E86C,West Africa CNHU-HKM Porto-Novo,Technologie & IT,Porto-Novo,+229 79 27 13 72,,,PME (50-200),B2B,CCIB Annuaire,,Actif,2026-06-29T00:05:29.691013,haute
BJ-9B2C1A3A,Restaurant Parakou,Technologie & IT,Parakou,+229 59 99 42 63,amazone.cotonou@gmail.com,,TPE (<10),B2C,CCIB Annuaire,,Actif,2026-06-29T00:05:29.691063,moyenne
BJ-EFB09B43,Africa Cabinet Parakou,Technologie & IT,Parakou,+229 28 32 55 88,arch.design@gmail.com,,PME (50-200),B2B/B2C,CCIB Annuaire,,Actif,2026-06-29T00:05:29.691137,moyenne
BJ-2AAA964B,BOAD Centre,Technologie & IT,Parakou,+229 57 39 79 20,,,PME (50-200),B2C,CCIB Annuaire,,Actif,2026-06-29T00:05:29.691173,haute
BJ-D0C8C0E4,CNHU-HKM SARL Parakou,Technologie & IT,Parakou,+229 43 62 98 85,contact@cnhu.bj,cnhu.bj,Grande (>200),B2B/B2C,CCIB Annuaire,,Actif,2026-06-29T00:05:29.691214,haute
BJ-D7F8211B,SONAPRA Ets,Technologie & IT,Bohicon,+229 96 92 91 27,sonapra@sonapra.bj,,PME (10-50),B2C,CCIB Annuaire,,Actif,2026-06-29T00:05:29.691305,moyenne
BJ-019588D8,Groupe Collines Immobilier,Technologie & IT,Bohicon,+229 92 65 17 58,collines.immo@yahoo.fr,,PME (50-200),B2B/B2C,CCIB Annuaire,,Actif,2026-06-29T00:05:29.691337,moyenne
BJ-6BA4FB56,Africa Clinique,Technologie & IT,Bohicon,+229 20 56 31 90,stluc@cliniquestluc.bj,,Grande (>200),B2B/B2C,CCIB Annuaire,,Actif,2026-06-29T00:05:29.691376,haute
BJ-58FFDDBF,Africa CFAO,Technologie & IT,Natitingou,+229 52 51 13 49,,,PME (50-200),B2C,CCIB Annuaire,,Actif,2026-06-29T00:05:29.691513,haute
BJ-F4976E60,SERHAU-SEM,Technologie & IT,Natitingou,+229 90 91 20 13,info@serhau.bj,serhau.bj,TPE (<10),B2C,CCIB Annuaire,,Actif,2026-06-29T00:05:29.691547,haute
BJ-002C31E8,Pharmaquick Bureau,Technologie & IT,Natitingou,+229 75 85 11 86,pharmaquick@gmail.com,,PME (10-50),B2C,CCIB Annuaire,,Actif,2026-06-29T00:05:29.691585,moyenne
BJ-76A7EC7E,Groupe,Technologie & IT,Natitingou,+229 51 98 10 51,,,Grande (>200),B2B/B2C,CCIB Annuaire,,Actif,2026-06-29T00:05:29.691633,moyenne
BJ-3EE229E8,Pharmaquick Bureau Lokossa,Technologie & IT,Lokossa,+229 87 29 55 72,,,PME (10-50),B2B,CCIB Annuaire,,Actif,2026-06-29T00:05:29.691708,moyenne
BJ-546B72DE,SERHAU-SEM Groupe,Technologie & IT,Lokossa,+229 60 66 18 91,,serhau.bj,PME (10-50),B2B,CCIB Annuaire,,Actif,2026-06-29T00:05:29.691737,haute
BJ-EED2D7AC,Moov Africa Bénin,Technologie & IT,Lokossa,+229 47 83 67 18,moov@moov.bj,moov.bj,PME (10-50),B2B/B2C,CCIB Annuaire,,Actif,2026-06-29T00:05:29.691775,haute
BJ-36783E84,West Africa Groupe,Technologie & IT,Lokossa,+229 90 62 56 48,,,Grande (>200),B2C,CCIB Annuaire,,Actif,2026-06-29T00:05:29.691855,moyenne
BJ-5C0BA6FB,SERHAU-SEM Ouidah,Technologie & IT,Ouidah,+229 41 68 13 59,,,PME (10-50),B2B,CCIB Annuaire,,Actif,2026-06-29T00:05:29.691938,haute
BJ-3A77F6C7,West Africa NSIA,Technologie & IT,Ouidah,+229 97 30 56 62,,nsiaassurances.com,PME (10-50),B2C,CCIB Annuaire,,Actif,2026-06-29T00:05:29.692028,haute
BJ-4A7F8139,Africa CFAO Ouidah,Technologie & IT,Ouidah,+229 42 71 16 30,,cfao.com,TPE (<10),B2B,CCIB Annuaire,,Actif,2026-06-29T00:05:29.692069,haute
BJ-4911AA54,BCEAO Jumia,Technologie & IT,Ouidah,+229 34 97 12 37,,jumia.com.bj,PME (50-200),B2C,CCIB Annuaire,,Actif,2026-06-29T00:05:29.692163,haute
BJ-B7D43753,BCEAO DHL,Industrie & Manufacture,Cotonou,+229 79 80 96 11,,,TPE (<10),B2B,CCIB Annuaire,,Actif,2026-06-29T00:05:29.692231,haute
BJ-BE56BA4E,Jumia Bénin Cotonou,Industrie & Manufacture,Cotonou,+229 62 30 50 67,,,TPE (<10),B2C,CCIB Annuaire,,Actif,2026-06-29T00:05:29.692276,haute
BJ-7B6759D8,DHL SA,Industrie & Manufacture,Abomey-Calavi,+229 82 71 79 43,cotonou@dhl.com,dhl.com,PME (10-50),B2B/B2C,CCIB Annuaire,,Actif,2026-06-29T00:05:29.692428,haute
BJ-B3079BF1,Restaurant Groupe,Industrie & Manufacture,Abomey-Calavi,+229 23 21 47 16,amazone.cotonou@gmail.com,,PME (10-50),B2C,CCIB Annuaire,,Actif,2026-06-29T00:05:29.692468,moyenne
BJ-AF79E3B8,AfriTech Abomey-Calavi,Industrie & Manufacture,Abomey-Calavi,+229 53 95 27 45,,afritech.bj,PME (50-200),B2C,CCIB Annuaire,,Actif,2026-06-29T00:05:29.692552,haute
BJ-5A74C21F,Université Centre,Industrie & Manufacture,Porto-Novo,+229 47 42 10 67,rectorat@uac.bj,uac.bj,PME (10-50),B2C,CCIB Annuaire,,Actif,2026-06-29T00:05:29.692628,haute
BJ-958768CE,Jumia Ets Parakou,Industrie & Manufacture,Parakou,+229 88 97 18 86,benin@jumia.com,jumia.com.bj,PME (50-200),B2B,CCIB Annuaire,,Actif,2026-06-29T00:05:29.692781,haute
BJ-936F8611,Pharmaquick,Industrie & Manufacture,Parakou,+229 80 33 62 56,pharmaquick@gmail.com,,TPE (<10),B2B,CCIB Annuaire,,Actif,2026-06-29T00:05:29.692837,moyenne
BJ-45F8741F,Pharmaquick Bénin,Industrie & Manufacture,Parakou,+229 51 76 89 16,,,PME (50-200),B2C,CCIB Annuaire,,Actif,2026-06-29T00:05:29.692868,moyenne
BJ-298D4D5F,Novotel SA,Industrie & Manufacture,Parakou,+229 40 23 46 88,h5436@accor.com,,TPE (<10),B2B/B2C,CCIB Annuaire,,Actif,2026-06-29T00:05:29.692947,haute
BJ-577A0104,BCEAO Université,Industrie & Manufacture,Bohicon,+229 57 15 81 52,,,Grande (>200),B2B/B2C,CCIB Annuaire,,Actif,2026-06-29T00:05:29.693032,haute
BJ-2FD06F76,SOBEBRA SA Bohicon,Industrie & Manufacture,Bohicon,+229 57 62 60 35,,,PME (10-50),B2C,CCIB Annuaire,,Actif,2026-06-29T00:05:29.693211,moyenne
BJ-15058537,Digital Ets Natitingou,Industrie & Manufacture,Natitingou,+229 70 35 11 15,digital.benin@gmail.com,,PME (10-50),B2B/B2C,CCIB Annuaire,,Actif,2026-06-29T00:05:29.693263,moyenne
BJ-64CEE0DC,SOBETRAP Cabinet Natitingou,Industrie & Manufacture,Natitingou,+229 22 38 59 33,contact@sobetrap.bj,,PME (10-50),B2B,CCIB Annuaire,,Actif,2026-06-29T00:05:29.693316,haute
BJ-A901EEE2,NSIA Assurances Bénin Natitingou,Industrie & Manufacture,Natitingou,+229 28 45 20 58,nsia.benin@nsiaassurances.com,,Grande (>200),B2B,CCIB Annuaire,,Actif,2026-06-29T00:05:29.693346,haute
BJ-8AA80621,Africa Digital Lokossa,Industrie & Manufacture,Lokossa,+229 45 54 78 15,,,TPE (<10),B2B,CCIB Annuaire,,Actif,2026-06-29T00:05:29.693440,moyenne
BJ-B62B4D1A,Ets Bureau,Industrie & Manufacture,Lokossa,+229 40 31 96 54,,,PME (50-200),B2B,CCIB Annuaire,,Actif,2026-06-29T00:05:29.693472,moyenne
BJ-2649B22C,CFAO Lokossa,Industrie & Manufacture,Lokossa,+229 76 84 90 97,cfao.benin@cfao.com,cfao.com,PME (10-50),B2C,CCIB Annuaire,,Actif,2026-06-29T00:05:29.693539,haute
BJ-EA1C1BAE,HAMMER Centre Lokossa,Industrie & Manufacture,Lokossa,+229 78 23 75 69,,hammer.bj,TPE (<10),B2C,CCIB Annuaire,,Actif,2026-06-29T00:05:29.693564,haute
BJ-02A65A45,Africa DHL Ouidah,Industrie & Manufacture,Ouidah,+229 87 76 87 62,,,TPE (<10),B2B,CCIB Annuaire,,Actif,2026-06-29T00:05:29.693609,haute
BJ-47A35702,AGS Déménagements Bénin Ouidah,Industrie & Manufacture,Ouidah,+229 24 60 71 39,ags.benin@agsfidal.com,,Grande (>200),B2B/B2C,CCIB Annuaire,,Actif,2026-06-29T00:05:29.693667,moyenne
BJ-1CFDC4F2,Clinique,Industrie & Manufacture,Ouidah,+229 27 14 33 19,,,TPE (<10),B2B,CCIB Annuaire,,Actif,2026-06-29T00:05:29.693697,haute
BJ-6B959878,DHL Cabinet Cotonou,Services aux entreprises,Cotonou,+229 29 34 50 99,cotonou@dhl.com,dhl.com,Grande (>200),B2B,CCIB Annuaire,,Actif,2026-06-29T00:05:29.693879,haute
BJ-3447547B,Université d'Abomey-Calavi,Services aux entreprises,Cotonou,+229 48 89 52 94,rectorat@uac.bj,,PME (50-200),B2C,CCIB Annuaire,,Actif,2026-06-29T00:05:29.693985,haute
BJ-D61B1592,EPAC Groupe,Services aux entreprises,Abomey-Calavi,+229 53 34 73 22,,epac.uac.bj,TPE (<10),B2B,CCIB Annuaire,,Actif,2026-06-29T00:05:29.694131,haute
BJ-E5944F7A,Africa SOBEBRA Abomey-Calavi,Services aux entreprises,Abomey-Calavi,+229 78 46 90 55,transport@sobebra.bj,,Grande (>200),B2C,CCIB Annuaire,,Actif,2026-06-29T00:05:29.694169,moyenne
BJ-36F4C235,BCEAO Digital Abomey-Calavi,Services aux entreprises,Abomey-Calavi,+229 69 83 56 81,digital.benin@gmail.com,,PME (10-50),B2B/B2C,CCIB Annuaire,,Actif,2026-06-29T00:05:29.694195,moyenne
BJ-A47F3F6A,Hôtel Groupe Porto-Novo,Services aux entreprises,Porto-Novo,+229 61 90 46 32,,,TPE (<10),B2B,CCIB Annuaire,,Actif,2026-06-29T00:05:29.694328,moyenne
BJ-CEF40D8C,NSIA Groupe Porto-Novo,Services aux entreprises,Porto-Novo,+229 76 61 39 32,nsia.benin@nsiaassurances.com,nsiaassurances.com,Grande (>200),B2B,CCIB Annuaire,,Actif,2026-06-29T00:05:29.694410,haute
BJ-8D368598,DHL SA,Services aux entreprises,Parakou,+229 54 39 38 79,cotonou@dhl.com,dhl.com,Grande (>200),B2C,CCIB Annuaire,,Actif,2026-06-29T00:05:29.694479,haute
BJ-E9AEE917,Africa BOAD Parakou,Services aux entreprises,Parakou,+229 33 76 23 21,boad@boad.org,,PME (50-200),B2B/B2C,CCIB Annuaire,,Actif,2026-06-29T00:05:29.694503,haute
BJ-7A5D0E24,Clinique,Services aux entreprises,Parakou,+229 40 72 40 62,stluc@cliniquestluc.bj,cliniquestluc.bj,TPE (<10),B2C,CCIB Annuaire,,Actif,2026-06-29T00:05:29.694558,haute
BJ-B815723D,EPAC SARL Bohicon,Services aux entreprises,Bohicon,+229 76 63 17 63,epac@epac.uac.bj,,PME (50-200),B2B,CCIB Annuaire,,Actif,2026-06-29T00:05:29.694642,haute
BJ-1025740D,Digital Benin,Services aux entreprises,Bohicon,+229 61 66 73 41,digital.benin@gmail.com,,Grande (>200),B2B,CCIB Annuaire,,Actif,2026-06-29T00:05:29.694700,moyenne
BJ-10B41760,Cabinet Arch-Design Bénin Natitingou,Services aux entreprises,Natitingou,+229 62 34 76 12,arch.design@gmail.com,,TPE (<10),B2B,CCIB Annuaire,,Actif,2026-06-29T00:05:29.694769,moyenne
BJ-10CD6F40,West Africa AGS,Services aux entreprises,Natitingou,+229 72 23 78 69,,,PME (10-50),B2B/B2C,CCIB Annuaire,,Actif,2026-06-29T00:05:29.694796,moyenne
BJ-47296AD4,Pharmaquick Cabinet,Services aux entreprises,Natitingou,+229 90 93 62 27,,,PME (50-200),B2B/B2C,CCIB Annuaire,,Actif,2026-06-29T00:05:29.694851,moyenne
BJ-EA4722BD,Groupe Collines Immobilier Natitingou,Services aux entreprises,Natitingou,+229 52 64 12 37,collines.immo@yahoo.fr,,Grande (>200),B2B/B2C,CCIB Annuaire,,Actif,2026-06-29T00:05:29.694888,moyenne
BJ-4AE5A525,Hôtel Cabinet,Services aux entreprises,Lokossa,+229 63 34 61 18,hotel.lac@yahoo.fr,,PME (50-200),B2B,CCIB Annuaire,,Actif,2026-06-29T00:05:29.694957,moyenne
BJ-35D9BA0A,SERHAU-SEM Ets,Services aux entreprises,Lokossa,+229 89 98 49 65,info@serhau.bj,serhau.bj,TPE (<10),B2B/B2C,CCIB Annuaire,,Actif,2026-06-29T00:05:29.694984,haute
BJ-16A68551,CFAO Cabinet Lokossa,Services aux entreprises,Lokossa,+229 21 33 32 84,,cfao.com,TPE (<10),B2C,CCIB Annuaire,,Actif,2026-06-29T00:05:29.695009,haute
BJ-D646430A,Africa Hôtel,Services aux entreprises,Lokossa,+229 66 21 66 52,hotel.lac@yahoo.fr,,TPE (<10),B2C,CCIB Annuaire,,Actif,2026-06-29T00:05:29.695044,moyenne
BJ-6885F3A9,BOAD Groupe,Services aux entreprises,Ouidah,+229 98 52 95 72,boad@boad.org,,PME (10-50),B2B/B2C,CCIB Annuaire,,Actif,2026-06-29T00:05:29.695112,haute
BJ-B51CF998,Digital SARL Ouidah,Services aux entreprises,Ouidah,+229 33 63 99 69,,,Grande (>200),B2B/B2C,CCIB Annuaire,,Actif,2026-06-29T00:05:29.695178,moyenne
BJ-661345B6,SONAPRA Centre Ouidah,Services aux entreprises,Ouidah,+229 73 92 74 93,sonapra@sonapra.bj,,Grande (>200),B2C,CCIB Annuaire,,Actif,2026-06-29T00:05:29.695202,moyenne
BJ-11134FAB,Africa Moov Cotonou,Énergie & Environnement,Cotonou,+229 52 32 41 66,moov@moov.bj,moov.bj,Grande (>200),B2C,CCIB Annuaire,,Actif,2026-06-29T00:05:29.695321,haute
BJ-46C24FCF,Digital Ets Abomey-Calavi,Énergie & Environnement,Abomey-Calavi,+229 34 76 47 37,digital.benin@gmail.com,,PME (10-50),B2C,CCIB Annuaire,,Actif,2026-06-29T00:05:29.695501,moyenne
BJ-85B49647,HAMMER,Énergie & Environnement,Abomey-Calavi,+229 89 50 87 15,,,PME (50-200),B2B,CCIB Annuaire,,Actif,2026-06-29T00:05:29.695524,haute
BJ-937446B7,SOBEBRA Bureau,Énergie & Environnement,Abomey-Calavi,+229 67 54 80 29,transport@sobebra.bj,,TPE (<10),B2C,CCIB Annuaire,,Actif,2026-06-29T00:05:29.695550,moyenne
BJ-D39E29B8,SOBETRAP SA Porto-Novo,Énergie & Environnement,Porto-Novo,+229 82 33 41 87,contact@sobetrap.bj,,PME (10-50),B2B/B2C,CCIB Annuaire,,Actif,2026-06-29T00:05:29.695724,haute
BJ-E0CB67F0,Digital Benin Parakou,Énergie & Environnement,Parakou,+229 29 47 70 16,digital.benin@gmail.com,,Grande (>200),B2B/B2C,CCIB Annuaire,,Actif,2026-06-29T00:05:29.695853,moyenne
BJ-7D65114D,BCEAO CNHU-HKM,Énergie & Environnement,Parakou,+229 63 82 38 44,contact@cnhu.bj,cnhu.bj,TPE (<10),B2B,CCIB Annuaire,,Actif,2026-06-29T00:05:29.695875,haute
BJ-925FB03D,SOBEBRA Transport Bohicon,Énergie & Environnement,Bohicon,+229 78 18 17 72,transport@sobebra.bj,,TPE (<10),B2C,CCIB Annuaire,,Actif,2026-06-29T00:05:29.695975,moyenne
BJ-AA5825D4,MTN Centre Bohicon,Énergie & Environnement,Bohicon,+229 85 41 96 11,,mtn.bj,TPE (<10),B2C,CCIB Annuaire,,Actif,2026-06-29T00:05:29.696005,haute
BJ-E614E3CE,West Africa Pharmaquick Bohicon,Énergie & Environnement,Bohicon,+229 62 41 44 45,,,Grande (>200),B2B/B2C,CCIB Annuaire,,Actif,2026-06-29T00:05:29.696063,moyenne
BJ-41343FC1,West Africa BOAD,Énergie & Environnement,Bohicon,+229 88 80 11 47,boad@boad.org,,TPE (<10),B2B,CCIB Annuaire,,Actif,2026-06-29T00:05:29.696113,haute
BJ-05A41A39,AfriTech Bureau Natitingou,Énergie & Environnement,Natitingou,+229 75 48 91 14,contact@afritech.bj,,PME (10-50),B2B,CCIB Annuaire,,Actif,2026-06-29T00:05:29.696165,haute
BJ-06CC9D56,DHL,Énergie & Environnement,Natitingou,+229 67 32 25 48,cotonou@dhl.com,,PME (10-50),B2B/B2C,CCIB Annuaire,,Actif,2026-06-29T00:05:29.696192,haute
BJ-9E72BB06,Ets SA,Énergie & Environnement,Natitingou,+229 65 32 63 44,agro.benin@gmail.com,,PME (50-200),B2B,CCIB Annuaire,,Actif,2026-06-29T00:05:29.696267,moyenne
BJ-02DA1A64,West Africa SOBETRAP,Énergie & Environnement,Natitingou,+229 70 22 27 46,contact@sobetrap.bj,,TPE (<10),B2B/B2C,CCIB Annuaire,,Actif,2026-06-29T00:05:29.696290,haute
BJ-D5F44B1D,Africa NSIA Lokossa,Énergie & Environnement,Lokossa,+229 73 26 18 28,nsia.benin@nsiaassurances.com,nsiaassurances.com,Grande (>200),B2B/B2C,CCIB Annuaire,,Actif,2026-06-29T00:05:29.696348,haute
BJ-EFA11BB8,West Africa Moov Lokossa,Énergie & Environnement,Lokossa,+229 45 71 15 77,,,PME (10-50),B2B,CCIB Annuaire,,Actif,2026-06-29T00:05:29.696362,haute
BJ-FBCAEC91,Restaurant Le Jardin de l'Amazone,Énergie & Environnement,Lokossa,+229 69 78 47 66,,,PME (10-50),B2B,CCIB Annuaire,,Actif,2026-06-29T00:05:29.696381,moyenne
BJ-29D4F37B,West Africa Restaurant,Énergie & Environnement,Lokossa,+229 54 96 36 63,amazone.cotonou@gmail.com,,PME (50-200),B2B/B2C,CCIB Annuaire,,Actif,2026-06-29T00:05:29.696396,moyenne
BJ-B916EF1E,BCEAO DHL Ouidah,Énergie & Environnement,Ouidah,+229 75 93 89 51,,dhl.com,Grande (>200),B2B,CCIB Annuaire,,Actif,2026-06-29T00:05:29.696462,haute
BJ-A66FC370,Africa Digital,Énergie & Environnement,Ouidah,+229 74 37 72 22,,,Grande (>200),B2B,CCIB Annuaire,,Actif,2026-06-29T00:05:29.696496,moyenne
BJ-D7946C2E,Bénin CFAO Cotonou,Médias & Communication,Cotonou,+229 49 70 52 43,,cfao.com,PME (10-50),B2B,CCIB Annuaire,,Actif,2026-06-29T00:05:29.696534,haute
BJ-A476BA92,Africa NSIA Cotonou,Médias & Communication,Cotonou,+229 62 32 90 93,nsia.benin@nsiaassurances.com,nsiaassurances.com,PME (50-200),B2B,CCIB Annuaire,,Actif,2026-06-29T00:05:29.696548,haute
BJ-27DA2861,Université Cotonou,Médias & Communication,Cotonou,+229 91 23 61 47,,uac.bj,PME (10-50),B2B,CCIB Annuaire,,Actif,2026-06-29T00:05:29.696568,haute
BJ-9DB1930A,Bénin Ets,Médias & Communication,Cotonou,+229 74 27 17 86,,,PME (10-50),B2B,CCIB Annuaire,,Actif,2026-06-29T00:05:29.696584,moyenne
BJ-47E48EB9,Ecobank Groupe Abomey-Calavi,Médias & Communication,Abomey-Calavi,+229 45 65 80 66,ecobank.benin@ecobank.com,ecobank.com,PME (10-50),B2B/B2C,CCIB Annuaire,,Actif,2026-06-29T00:05:29.696606,haute
BJ-F2AA2BC7,BCEAO CFAO Porto-Novo,Médias & Communication,Porto-Novo,+229 59 62 54 18,cfao.benin@cfao.com,cfao.com,Grande (>200),B2B,CCIB Annuaire,,Actif,2026-06-29T00:05:29.696708,haute
BJ-02A60D30,Africa Moov,Médias & Communication,Porto-Novo,+229 81 61 68 18,moov@moov.bj,moov.bj,PME (50-200),B2B,CCIB Annuaire,,Actif,2026-06-29T00:05:29.696742,haute
BJ-A9873C40,MTN Centre,Médias & Communication,Porto-Novo,+229 59 62 62 63,,mtn.bj,TPE (<10),B2B,CCIB Annuaire,,Actif,2026-06-29T00:05:29.696757,haute
BJ-AF51B038,West Africa AGS Parakou,Médias & Communication,Parakou,+229 83 78 77 96,ags.benin@agsfidal.com,,PME (50-200),B2C,CCIB Annuaire,,Actif,2026-06-29T00:05:29.696781,moyenne
BJ-25B81E57,West Africa SOBEBRA Parakou,Médias & Communication,Parakou,+229 80 96 19 73,transport@sobebra.bj,,PME (50-200),B2B,CCIB Annuaire,,Actif,2026-06-29T00:05:29.696811,moyenne
BJ-74965BBD,CNHU-HKM Centre Parakou,Médias & Communication,Parakou,+229 28 22 63 58,,cnhu.bj,Grande (>200),B2B,CCIB Annuaire,,Actif,2026-06-29T00:05:29.696825,haute
BJ-D4BFA07F,Africa Jumia,Médias & Communication,Parakou,+229 85 43 91 42,benin@jumia.com,jumia.com.bj,PME (10-50),B2B,CCIB Annuaire,,Actif,2026-06-29T00:05:29.696845,haute
BJ-EE2AEFFD,BOAD Cabinet,Médias & Communication,Bohicon,+229 39 83 46 39,boad@boad.org,boad.org,TPE (<10),B2B/B2C,CCIB Annuaire,,Actif,2026-06-29T00:05:29.696867,haute
BJ-ACBDBE21,Bénin Ecobank,Médias & Communication,Bohicon,+229 93 36 87 90,,,TPE (<10),B2B,CCIB Annuaire,,Actif,2026-06-29T00:05:29.696883,haute
BJ-21CB1467,BCEAO HAMMER Bohicon,Médias & Communication,Bohicon,+229 65 30 73 97,info@hammer.bj,hammer.bj,PME (50-200),B2C,CCIB Annuaire,,Actif,2026-06-29T00:05:29.696925,haute
BJ-B53ABD42,West Africa SOBETRAP Natitingou,Médias & Communication,Natitingou,+229 73 45 55 26,contact@sobetrap.bj,,PME (10-50),B2C,CCIB Annuaire,,Actif,2026-06-29T00:05:29.697008,haute
BJ-E9207060,Restaurant SA,Médias & Communication,Natitingou,+229 36 83 36 70,amazone.cotonou@gmail.com,,PME (50-200),B2B,CCIB Annuaire,,Actif,2026-06-29T00:05:29.697036,moyenne
BJ-4CD0C763,Bénin AfriTech,Médias & Communication,Natitingou,+229 94 15 92 59,contact@afritech.bj,afritech.bj,PME (10-50),B2B/B2C,CCIB Annuaire,,Actif,2026-06-29T00:05:29.697049,haute
BJ-90F5CA6E,Moov SA,Médias & Communication,Lokossa,+229 28 97 22 42,,moov.bj,PME (50-200),B2B,CCIB Annuaire,,Actif,2026-06-29T00:05:29.697100,haute
BJ-E4C12A81,EPAC SARL Lokossa,Médias & Communication,Lokossa,+229 84 32 95 16,epac@epac.uac.bj,epac.uac.bj,Grande (>200),B2B/B2C,CCIB Annuaire,,Actif,2026-06-29T00:05:29.697132,haute
BJ-D06CBE8F,Digital,Médias & Communication,Ouidah,+229 99 41 15 75,digital.benin@gmail.com,,TPE (<10),B2B,CCIB Annuaire,,Actif,2026-06-29T00:05:29.697153,moyenne
BJ-29421B7F,NSIA Ouidah,Médias & Communication,Ouidah,+229 98 68 68 71,nsia.benin@nsiaassurances.com,,PME (50-200),B2C,CCIB Annuaire,,Actif,2026-06-29T00:05:29.697184,haute
BJ-278F31DF,West Africa DHL,Médias & Communication,Ouidah,+229 97 18 24 58,cotonou@dhl.com,,Grande (>200),B2B,CCIB Annuaire,,Actif,2026-06-29T00:05:29.697197,haute
BJ-F79C43B1,CFAO,Médias & Communication,Ouidah,+229 67 43 80 81,,cfao.com,PME (10-50),B2C,CCIB Annuaire,,Actif,2026-06-29T00:05:29.697210,haute
BJ-0EBDC381,SONAPRA Cabinet,ONG & Associations,Cotonou,+229 81 70 83 85,sonapra@sonapra.bj,,TPE (<10),B2B,CCIB Annuaire,,Actif,2026-06-29T00:05:29.697245,moyenne
BJ-BC95AAA8,SOBEBRA,ONG & Associations,Cotonou,+229 57 37 90 96,,,Grande (>200),B2C,CCIB Annuaire,,Actif,2026-06-29T00:05:29.697281,moyenne
BJ-738FC49E,Africa Université Cotonou,ONG & Associations,Cotonou,+229 89 51 16 45,rectorat@uac.bj,,PME (50-200),B2B/B2C,CCIB Annuaire,,Actif,2026-06-29T00:05:29.697297,haute
BJ-737B2920,West Africa Ecobank,ONG & Associations,Abomey-Calavi,+229 79 89 58 90,,ecobank.com,PME (10-50),B2B/B2C,CCIB Annuaire,,Actif,2026-06-29T00:05:29.697363,haute
BJ-A183C9AD,MTN Porto-Novo,ONG & Associations,Porto-Novo,+229 82 98 16 90,momo@mtn.bj,,Grande (>200),B2C,CCIB Annuaire,,Actif,2026-06-29T00:05:29.697398,haute
BJ-C1E07050,Bénin SERHAU-SEM Porto-Novo,ONG & Associations,Porto-Novo,+229 47 39 76 80,,,PME (10-50),B2B/B2C,CCIB Annuaire,,Actif,2026-06-29T00:05:29.697433,haute
BJ-781B4CD8,Cabinet Centre,ONG & Associations,Porto-Novo,+229 44 63 69 89,,,Grande (>200),B2B/B2C,CCIB Annuaire,,Actif,2026-06-29T00:05:29.697506,moyenne
BJ-B7D7FA00,Africa AfriTech Parakou,ONG & Associations,Parakou,+229 37 64 81 13,contact@afritech.bj,afritech.bj,Grande (>200),B2B/B2C,CCIB Annuaire,,Actif,2026-06-29T00:05:29.697573,haute
BJ-798FC44D,Africa Novotel Bohicon,ONG & Associations,Bohicon,+229 99 84 50 53,h5436@accor.com,,TPE (<10),B2C,CCIB Annuaire,,Actif,2026-06-29T00:05:29.697653,haute
BJ-01C03299,BOAD Bureau,ONG & Associations,Bohicon,+229 51 75 88 85,boad@boad.org,boad.org,PME (50-200),B2C,CCIB Annuaire,,Actif,2026-06-29T00:05:29.697667,haute
BJ-62C1EFEF,EPAC Bohicon,ONG & Associations,Bohicon,+229 81 46 23 92,epac@epac.uac.bj,,Grande (>200),B2C,CCIB Annuaire,,Actif,2026-06-29T00:05:29.697685,haute
BJ-2D39657E,BOAD Bureau Bohicon,ONG & Associations,Bohicon,+229 34 52 71 93,,boad.org,Grande (>200),B2B/B2C,CCIB Annuaire,,Actif,2026-06-29T00:05:29.697699,haute
BJ-42F4B204,Novotel Cotonou,ONG & Associations,Natitingou,+229 67 22 81 72,,,Grande (>200),B2B,CCIB Annuaire,,Actif,2026-06-29T00:05:29.697721,haute
BJ-930CF7DC,EPAC Cabinet,ONG & Associations,Natitingou,+229 49 39 57 48,epac@epac.uac.bj,epac.uac.bj,PME (50-200),B2B/B2C,CCIB Annuaire,,Actif,2026-06-29T00:05:29.697735,haute
BJ-14659401,Moov,ONG & Associations,Natitingou,+229 72 99 82 44,moov@moov.bj,moov.bj,PME (10-50),B2B/B2C,CCIB Annuaire,,Actif,2026-06-29T00:05:29.697748,haute
BJ-219DD6C7,Hôtel Centre Lokossa,ONG & Associations,Lokossa,+229 90 23 97 81,hotel.lac@yahoo.fr,,PME (10-50),B2B,CCIB Annuaire,,Actif,2026-06-29T00:05:29.697797,moyenne
BJ-ABE53E9D,West Africa AGS,ONG & Associations,Lokossa,+229 57 26 51 37,ags.benin@agsfidal.com,,TPE (<10),B2C,CCIB Annuaire,,Actif,2026-06-29T00:05:29.697811,moyenne
BJ-2BD2DE40,Ecobank Groupe,ONG & Associations,Lokossa,+229 55 73 43 55,,,Grande (>200),B2B,CCIB Annuaire,,Actif,2026-06-29T00:05:29.697824,haute
BJ-ADD06B78,Novotel,ONG & Associations,Lokossa,+229 57 38 92 83,h5436@accor.com,novotel.com,Grande (>200),B2C,CCIB Annuaire,,Actif,2026-06-29T00:05:29.697883,haute
BJ-D6969F0D,Ets,ONG & Associations,Ouidah,+229 76 56 10 25,agro.benin@gmail.com,,PME (50-200),B2B,CCIB Annuaire,,Actif,2026-06-29T00:05:29.697991,moyenne
BJ-3A9C6004,SOBETRAP Bureau,ONG & Associations,Ouidah,+229 79 84 90 11,contact@sobetrap.bj,sobetrap.bj,Grande (>200),B2B,CCIB Annuaire,,Actif,2026-06-29T00:05:29.698026,haute
BJ-57647B27,BCEAO Université,ONG & Associations,Ouidah,+229 80 95 97 62,,uac.bj,PME (50-200),B2B/B2C,CCIB Annuaire,,Actif,2026-06-29T00:05:29.698041,haute
BJ-CF3BD1E5,West Africa Jumia,ONG & Associations,Ouidah,+229 58 50 92 94,benin@jumia.com,,PME (10-50),B2B/B2C,CCIB Annuaire,,Actif,2026-06-29T00:05:29.698055,haute
BJ-3F6FC58A,EPAC,BTP & Immobilier,Cotonou,+229 54 57 52 94,epac@epac.uac.bj,,PME (50-200),B2B/B2C,APIEx,,Actif,2026-06-29T00:05:29.698079,haute
BJ-A9CD41A4,EPAC,BTP & Immobilier,Abomey-Calavi,+229 43 99 77 49,epac@epac.uac.bj,,TPE (<10),B2B,APIEx,,Actif,2026-06-29T00:05:29.698177,haute
BJ-5C8F292E,West Africa SERHAU-SEM Abomey-Calavi,BTP & Immobilier,Abomey-Calavi,+229 53 44 90 51,,serhau.bj,Grande (>200),B2B/B2C,APIEx,,Actif,2026-06-29T00:05:29.698219,haute
BJ-07C5E476,Novotel Bureau Porto-Novo,BTP & Immobilier,Porto-Novo,+229 28 16 44 76,,,PME (50-200),B2C,APIEx,,Actif,2026-06-29T00:05:29.698253,haute
BJ-C52C00FB,Pharmaquick SARL,BTP & Immobilier,Porto-Novo,+229 88 27 18 19,,,TPE (<10),B2B/B2C,APIEx,,Actif,2026-06-29T00:05:29.698266,moyenne
BJ-B923D2B9,Africa Digital,BTP & Immobilier,Porto-Novo,+229 65 73 85 71,digital.benin@gmail.com,,TPE (<10),B2B/B2C,APIEx,,Actif,2026-06-29T00:05:29.698295,moyenne
BJ-59BEECED,BCEAO EPAC Porto-Novo,BTP & Immobilier,Porto-Novo,+229 80 97 56 18,,epac.uac.bj,PME (50-200),B2C,APIEx,,Actif,2026-06-29T00:05:29.698312,haute
BJ-D74A7656,West Africa DHL Parakou,BTP & Immobilier,Parakou,+229 26 11 72 26,,dhl.com,PME (10-50),B2B/B2C,APIEx,,Actif,2026-06-29T00:05:29.698350,haute
BJ-38AFCEDC,BOAD SARL,BTP & Immobilier,Parakou,+229 62 54 13 36,boad@boad.org,boad.org,TPE (<10),B2C,APIEx,,Actif,2026-06-29T00:05:29.698363,haute
BJ-179ADA99,Moov Centre Parakou,BTP & Immobilier,Parakou,+229 40 47 80 60,moov@moov.bj,,Grande (>200),B2B,APIEx,,Actif,2026-06-29T00:05:29.698376,haute
BJ-CBD0090D,Bénin CFAO,BTP & Immobilier,Bohicon,+229 27 44 20 62,cfao.benin@cfao.com,cfao.com,PME (50-200),B2B/B2C,APIEx,,Actif,2026-06-29T00:05:29.698422,haute
BJ-1F783958,HAMMER Groupe,BTP & Immobilier,Bohicon,+229 53 59 75 59,info@hammer.bj,,Grande (>200),B2B,APIEx,,Actif,2026-06-29T00:05:29.698435,haute
BJ-EE2BCD39,Africa Jumia,BTP & Immobilier,Bohicon,+229 68 15 49 83,benin@jumia.com,jumia.com.bj,TPE (<10),B2C,APIEx,,Actif,2026-06-29T00:05:29.698451,haute
BJ-506855A2,EPAC,BTP & Immobilier,Bohicon,+229 37 34 99 14,,,PME (10-50),B2B/B2C,APIEx,,Actif,2026-06-29T00:05:29.698464,haute
BJ-58D3DE48,Université d'Abomey-Calavi Natitingou,BTP & Immobilier,Natitingou,+229 21 60 69 50,rectorat@uac.bj,,TPE (<10),B2B,APIEx,,Actif,2026-06-29T00:05:29.698498,haute
BJ-BD43BB81,HAMMER SA,BTP & Immobilier,Natitingou,+229 93 46 73 30,info@hammer.bj,,TPE (<10),B2C,APIEx,,Actif,2026-06-29T00:05:29.698511,haute
BJ-759063F0,BCEAO Université,BTP & Immobilier,Natitingou,+229 72 21 10 74,rectorat@uac.bj,uac.bj,PME (10-50),B2B/B2C,APIEx,,Actif,2026-06-29T00:05:29.698537,haute
BJ-049AF0B4,Novotel Cotonou,BTP & Immobilier,Lokossa,+229 60 76 22 74,h5436@accor.com,,PME (50-200),B2B/B2C,APIEx,,Actif,2026-06-29T00:05:29.698557,haute
BJ-645839EE,Bénin Novotel Lokossa,BTP & Immobilier,Lokossa,+229 20 20 82 45,,novotel.com,PME (50-200),B2C,APIEx,,Actif,2026-06-29T00:05:29.698570,haute
BJ-55B4C6C9,AGS Bureau,BTP & Immobilier,Lokossa,+229 56 89 91 24,ags.benin@agsfidal.com,,PME (50-200),B2B,APIEx,,Actif,2026-06-29T00:05:29.698588,moyenne
BJ-9A4043B9,HAMMER Cabinet,BTP & Immobilier,Lokossa,+229 65 50 70 63,info@hammer.bj,hammer.bj,TPE (<10),B2C,APIEx,,Actif,2026-06-29T00:05:29.698604,haute
BJ-D79C2893,Restaurant,BTP & Immobilier,Lokossa,+229 30 33 64 79,,,Grande (>200),B2B/B2C,APIEx,,Actif,2026-06-29T00:05:29.698617,moyenne
BJ-F0E79D80,Ecobank Ets,BTP & Immobilier,Ouidah,+229 50 11 26 67,,,PME (50-200),B2B/B2C,APIEx,,Actif,2026-06-29T00:05:29.698636,haute
BJ-CCBB86AB,Ets Cabinet,Commerce & Distribution,Cotonou,+229 68 40 56 26,,,PME (10-50),B2C,APIEx,,Actif,2026-06-29T00:05:29.698723,moyenne
BJ-66C98AD2,Restaurant Cabinet,Commerce & Distribution,Cotonou,+229 38 18 47 80,amazone.cotonou@gmail.com,,Grande (>200),B2C,APIEx,,Actif,2026-06-29T00:05:29.698784,moyenne
BJ-6448E7A4,Novotel Centre,Commerce & Distribution,Abomey-Calavi,+229 89 40 61 83,,,TPE (<10),B2B,APIEx,,Actif,2026-06-29T00:05:29.698846,haute
BJ-14F29A76,Africa CFAO,Commerce & Distribution,Abomey-Calavi,+229 72 61 24 52,cfao.benin@cfao.com,cfao.com,TPE (<10),B2B,APIEx,,Actif,2026-06-29T00:05:29.698859,haute
BJ-CAB33E6E,Africa SOBEBRA,Commerce & Distribution,Porto-Novo,+229 22 16 11 25,transport@sobebra.bj,,PME (50-200),B2B/B2C,APIEx,,Actif,2026-06-29T00:05:29.698878,moyenne
BJ-DEA93113,Moov Centre,Commerce & Distribution,Parakou,+229 43 97 78 43,,,PME (50-200),B2B/B2C,APIEx,,Actif,2026-06-29T00:05:29.698987,haute
BJ-4D6701C2,HAMMER Parakou,Commerce & Distribution,Parakou,+229 89 77 91 87,info@hammer.bj,,TPE (<10),B2C,APIEx,,Actif,2026-06-29T00:05:29.699013,haute
BJ-50066C0A,HAMMER BENIN Parakou,Commerce & Distribution,Parakou,+229 49 16 98 87,,hammer.bj,Grande (>200),B2B,APIEx,,Actif,2026-06-29T00:05:29.699026,haute
BJ-CF5698DA,Cabinet SA,Commerce & Distribution,Bohicon,+229 49 21 42 21,,,PME (10-50),B2C,APIEx,,Actif,2026-06-29T00:05:29.699044,moyenne
BJ-86E5AA18,BCEAO CFAO Bohicon,Commerce & Distribution,Bohicon,+229 94 21 89 77,cfao.benin@cfao.com,cfao.com,PME (10-50),B2B,APIEx,,Actif,2026-06-29T00:05:29.699058,haute
BJ-5EB16304,Moov Bohicon,Commerce & Distribution,Bohicon,+229 45 72 55 11,moov@moov.bj,moov.bj,Grande (>200),B2C,APIEx,,Actif,2026-06-29T00:05:29.699071,haute
BJ-FAD28FBB,Africa SERHAU-SEM Natitingou,Commerce & Distribution,Natitingou,+229 24 82 37 78,info@serhau.bj,serhau.bj,PME (50-200),B2B/B2C,APIEx,,Actif,2026-06-29T00:05:29.699124,haute
BJ-CAB9441E,Université d'Abomey-Calavi,Commerce & Distribution,Natitingou,+229 85 20 94 21,rectorat@uac.bj,,PME (10-50),B2C,APIEx,,Actif,2026-06-29T00:05:29.699151,haute
BJ-4D33F223,AfriTech SARL,Commerce & Distribution,Natitingou,+229 71 96 13 65,contact@afritech.bj,afritech.bj,Grande (>200),B2B,APIEx,,Actif,2026-06-29T00:05:29.699176,haute
BJ-A1E6F50D,Africa SOBETRAP,Commerce & Distribution,Lokossa,+229 28 63 82 60,contact@sobetrap.bj,sobetrap.bj,Grande (>200),B2B/B2C,APIEx,,Actif,2026-06-29T00:05:29.699195,haute
BJ-8E0F2BA3,Ets Agro-Bénin,Commerce & Distribution,Lokossa,+229 89 50 64 99,,,PME (10-50),B2C,APIEx,,Actif,2026-06-29T00:05:29.699208,moyenne
BJ-52872A7F,Ets Cabinet,Commerce & Distribution,Lokossa,+229 84 61 81 40,,,PME (50-200),B2B,APIEx,,Actif,2026-06-29T00:05:29.699251,moyenne
BJ-E0958EED,Bénin Restaurant,Commerce & Distribution,Ouidah,+229 98 65 76 14,,,TPE (<10),B2C,APIEx,,Actif,2026-06-29T00:05:29.699284,moyenne
BJ-A4AFC5DD,Bénin SOBETRAP Ouidah,Commerce & Distribution,Ouidah,+229 51 93 95 87,,sobetrap.bj,PME (10-50),B2C,APIEx,,Actif,2026-06-29T00:05:29.699297,haute
BJ-A8D15C53,MTN Cabinet,Restauration & Hôtellerie,Cotonou,+229 35 26 10 49,,mtn.bj,PME (10-50),B2B/B2C,APIEx,,Actif,2026-06-29T00:05:29.699343,haute
BJ-E2EAB15D,Groupe Cabinet,Restauration & Hôtellerie,Cotonou,+229 43 15 66 22,collines.immo@yahoo.fr,,PME (50-200),B2C,APIEx,,Actif,2026-06-29T00:05:29.699356,moyenne
BJ-0C6091C4,EPAC Centre,Restauration & Hôtellerie,Cotonou,+229 72 57 28 21,,,TPE (<10),B2C,APIEx,,Actif,2026-06-29T00:05:29.699373,haute
BJ-5546DD70,Jumia Cotonou,Restauration & Hôtellerie,Cotonou,+229 62 40 32 73,benin@jumia.com,jumia.com.bj,Grande (>200),B2B/B2C,APIEx,,Actif,2026-06-29T00:05:29.699404,haute
BJ-BD5816B6,Africa Ecobank,Restauration & Hôtellerie,Porto-Novo,+229 95 96 21 79,ecobank.benin@ecobank.com,,Grande (>200),B2B,APIEx,,Actif,2026-06-29T00:05:29.699499,haute
BJ-F6EDFA96,Africa Novotel,Restauration & Hôtellerie,Porto-Novo,+229 50 28 62 71,,novotel.com,TPE (<10),B2B/B2C,APIEx,,Actif,2026-06-29T00:05:29.699531,haute
BJ-70BC58A1,Digital Groupe,Restauration & Hôtellerie,Parakou,+229 61 44 26 30,digital.benin@gmail.com,,TPE (<10),B2C,APIEx,,Actif,2026-06-29T00:05:29.699593,moyenne
BJ-907E4789,Restaurant Centre,Restauration & Hôtellerie,Bohicon,+229 58 57 74 29,,,Grande (>200),B2B,APIEx,,Actif,2026-06-29T00:05:29.699670,moyenne
BJ-6F3151F6,Africa CNHU-HKM Bohicon,Restauration & Hôtellerie,Bohicon,+229 54 26 58 99,contact@cnhu.bj,cnhu.bj,PME (50-200),B2C,APIEx,,Actif,2026-06-29T00:05:29.699683,haute
BJ-79A0FB83,Africa Groupe,Restauration & Hôtellerie,Bohicon,+229 96 66 80 62,,,Grande (>200),B2B/B2C,APIEx,,Actif,2026-06-29T00:05:29.699703,moyenne
BJ-263A4AB6,Cabinet Arch-Design Bénin Bohicon,Restauration & Hôtellerie,Bohicon,+229 55 16 63 31,arch.design@gmail.com,,PME (50-200),B2B,APIEx,,Actif,2026-06-29T00:05:29.699718,moyenne
BJ-91998DDC,Cabinet Cabinet,Restauration & Hôtellerie,Natitingou,+229 33 26 27 40,arch.design@gmail.com,,PME (50-200),B2B/B2C,APIEx,,Actif,2026-06-29T00:05:29.699766,moyenne
BJ-D61FFCE3,MTN Centre,Restauration & Hôtellerie,Natitingou,+229 61 26 12 29,contact@mtn.bj,,Grande (>200),B2B,APIEx,,Actif,2026-06-29T00:05:29.699779,haute
BJ-13786AE3,Africa Jumia Lokossa,Restauration & Hôtellerie,Lokossa,+229 84 44 66 98,benin@jumia.com,jumia.com.bj,TPE (<10),B2B,APIEx,,Actif,2026-06-29T00:05:29.699811,haute
BJ-DF3F13B7,Ecobank,Restauration & Hôtellerie,Lokossa,+229 72 51 40 99,,ecobank.com,PME (50-200),B2B,APIEx,,Actif,2026-06-29T00:05:29.699825,haute
BJ-46A40B71,Score Centre,Restauration & Hôtellerie,Lokossa,+229 79 88 81 49,score@score-benin.com,score-benin.com,PME (50-200),B2B/B2C,APIEx,,Actif,2026-06-29T00:05:29.699838,haute
BJ-974F8622,Jumia SA Lokossa,Restauration & Hôtellerie,Lokossa,+229 97 89 76 79,,,TPE (<10),B2B,APIEx,,Actif,2026-06-29T00:05:29.699856,haute
BJ-CE4E9731,NSIA Assurances Bénin Ouidah,Restauration & Hôtellerie,Ouidah,+229 86 19 17 46,,nsiaassurances.com,PME (50-200),B2B/B2C,APIEx,,Actif,2026-06-29T00:05:29.700004,haute
BJ-4D66BA7A,Groupe,Restauration & Hôtellerie,Ouidah,+229 88 81 17 83,collines.immo@yahoo.fr,,PME (50-200),B2C,APIEx,,Actif,2026-06-29T00:05:29.700035,moyenne
BJ-5ED9FED1,EPAC,Restauration & Hôtellerie,Ouidah,+229 34 40 87 68,epac@epac.uac.bj,epac.uac.bj,Grande (>200),B2B,APIEx,,Actif,2026-06-29T00:05:29.700065,haute
BJ-A038DDDB,West Africa CFAO,Restauration & Hôtellerie,Ouidah,+229 72 35 46 77,cfao.benin@cfao.com,cfao.com,TPE (<10),B2B/B2C,APIEx,,Actif,2026-06-29T00:05:29.700097,haute
BJ-2A1FA7C5,Africa Cabinet Cotonou,Santé & Pharmacie,Cotonou,+229 81 79 64 56,,,PME (50-200),B2C,APIEx,,Actif,2026-06-29T00:05:29.700156,moyenne
BJ-3BB0EEA6,SERHAU-SEM Bureau,Santé & Pharmacie,Cotonou,+229 62 90 12 23,info@serhau.bj,serhau.bj,TPE (<10),B2C,APIEx,,Actif,2026-06-29T00:05:29.700179,haute
BJ-04EA7193,Groupe Cotonou,Santé & Pharmacie,Cotonou,+229 64 90 90 14,,,PME (50-200),B2C,APIEx,,Actif,2026-06-29T00:05:29.700194,moyenne
BJ-F3AF1077,Ets SA,Santé & Pharmacie,Abomey-Calavi,+229 23 88 45 77,agro.benin@gmail.com,,PME (50-200),B2B/B2C,APIEx,,Actif,2026-06-29T00:05:29.700253,moyenne
BJ-1A426B85,BCEAO Jumia,Santé & Pharmacie,Abomey-Calavi,+229 28 35 49 44,benin@jumia.com,,PME (50-200),B2C,APIEx,,Actif,2026-06-29T00:05:29.700281,haute
BJ-F2E09D90,CFAO Bureau,Santé & Pharmacie,Porto-Novo,+229 54 46 55 96,cfao.benin@cfao.com,,TPE (<10),B2C,APIEx,,Actif,2026-06-29T00:05:29.700329,haute
BJ-5A34A6B7,SOBEBRA,Santé & Pharmacie,Porto-Novo,+229 54 80 20 64,transport@sobebra.bj,,TPE (<10),B2B/B2C,APIEx,,Actif,2026-06-29T00:05:29.700445,moyenne
BJ-89374E1C,NSIA,Santé & Pharmacie,Parakou,+229 51 41 34 39,nsia.benin@nsiaassurances.com,nsiaassurances.com,PME (10-50),B2C,APIEx,,Actif,2026-06-29T00:05:29.700483,haute
BJ-6D779991,AfriTech Bureau Parakou,Santé & Pharmacie,Parakou,+229 44 60 93 84,contact@afritech.bj,afritech.bj,Grande (>200),B2B/B2C,APIEx,,Actif,2026-06-29T00:05:29.700511,haute
BJ-24BF72B5,AGS,Santé & Pharmacie,Bohicon,+229 51 75 98 92,ags.benin@agsfidal.com,,PME (50-200),B2C,APIEx,,Actif,2026-06-29T00:05:29.700558,moyenne
BJ-6D65E7FE,Africa Ecobank Bohicon,Santé & Pharmacie,Bohicon,+229 45 44 69 12,ecobank.benin@ecobank.com,,TPE (<10),B2B,APIEx,,Actif,2026-06-29T00:05:29.700572,haute
BJ-FAAB3CE4,BOAD SARL Natitingou,Santé & Pharmacie,Natitingou,+229 52 75 74 43,,boad.org,PME (50-200),B2C,APIEx,,Actif,2026-06-29T00:05:29.700632,haute
BJ-AFCA6C32,Africa CNHU-HKM Lokossa,Santé & Pharmacie,Lokossa,+229 25 63 51 15,contact@cnhu.bj,,Grande (>200),B2B,APIEx,,Actif,2026-06-29T00:05:29.700712,haute
BJ-C1FCCCFC,BCEAO Ets,Santé & Pharmacie,Lokossa,+229 42 13 97 12,,,Grande (>200),B2C,APIEx,,Actif,2026-06-29T00:05:29.700727,moyenne
BJ-69B201E9,Jumia,Santé & Pharmacie,Lokossa,+229 47 79 83 63,,jumia.com.bj,PME (10-50),B2B/B2C,APIEx,,Actif,2026-06-29T00:05:29.700742,haute
BJ-FF057878,CFAO,Santé & Pharmacie,Lokossa,+229 38 59 60 52,cfao.benin@cfao.com,cfao.com,PME (50-200),B2B,APIEx,,Actif,2026-06-29T00:05:29.700760,haute
BJ-5F073E80,SOBEBRA Transport,Santé & Pharmacie,Lokossa,+229 54 23 13 46,,,Grande (>200),B2B,APIEx,,Actif,2026-06-29T00:05:29.700774,moyenne
BJ-A0DEB7F4,West Africa SOBETRAP Ouidah,Santé & Pharmacie,Ouidah,+229 82 41 31 90,contact@sobetrap.bj,sobetrap.bj,Grande (>200),B2B,APIEx,,Actif,2026-06-29T00:05:29.700796,haute
BJ-3E5379A2,Bénin Hôtel,Santé & Pharmacie,Ouidah,+229 94 55 60 33,hotel.lac@yahoo.fr,,PME (50-200),B2C,APIEx,,Actif,2026-06-29T00:05:29.700811,moyenne
BJ-98887B7C,BOAD Bureau,Santé & Pharmacie,Ouidah,+229 44 13 35 23,boad@boad.org,boad.org,TPE (<10),B2B/B2C,APIEx,,Actif,2026-06-29T00:05:29.700839,haute
BJ-67E2FB6A,SOBETRAP SA Ouidah,Santé & Pharmacie,Ouidah,+229 74 15 32 74,contact@sobetrap.bj,,PME (10-50),B2C,APIEx,,Actif,2026-06-29T00:05:29.700852,haute
BJ-38081416,West Africa Jumia,Finance & Assurance,Cotonou,+229 54 54 35 56,,jumia.com.bj,PME (50-200),B2C,APIEx,,Actif,2026-06-29T00:05:29.700873,haute
BJ-9197B18D,Ets Cotonou,Finance & Assurance,Cotonou,+229 58 87 32 44,,,PME (10-50),B2C,APIEx,,Actif,2026-06-29T00:05:29.700939,moyenne
BJ-B596DDA4,AfriTech Bureau,Finance & Assurance,Abomey-Calavi,+229 40 94 36 69,contact@afritech.bj,,PME (10-50),B2B/B2C,APIEx,,Actif,2026-06-29T00:05:29.701086,haute
BJ-AC993997,AfriTech Ets,Finance & Assurance,Parakou,+229 82 18 84 82,,afritech.bj,TPE (<10),B2B/B2C,APIEx,,Actif,2026-06-29T00:05:29.701327,haute
BJ-140507C5,Groupe Groupe,Finance & Assurance,Bohicon,+229 72 85 46 29,,,TPE (<10),B2B/B2C,APIEx,,Actif,2026-06-29T00:05:29.701427,moyenne
BJ-0CDD1A87,BCEAO Score,Finance & Assurance,Bohicon,+229 74 47 43 74,,,PME (50-200),B2B/B2C,APIEx,,Actif,2026-06-29T00:05:29.701506,haute
BJ-D35830C4,MTN Ets,Finance & Assurance,Bohicon,+229 89 78 77 89,contact@mtn.bj,mtn.bj,TPE (<10),B2B/B2C,APIEx,,Actif,2026-06-29T00:05:29.701542,haute
BJ-F59F0F58,Clinique Groupe,Finance & Assurance,Natitingou,+229 48 40 58 27,stluc@cliniquestluc.bj,cliniquestluc.bj,PME (10-50),B2B/B2C,APIEx,,Actif,2026-06-29T00:05:29.701607,haute
BJ-021A848A,Digital Groupe Natitingou,Finance & Assurance,Natitingou,+229 31 16 22 77,,,TPE (<10),B2C,APIEx,,Actif,2026-06-29T00:05:29.701679,moyenne
BJ-49C25918,Restaurant Le Jardin de l'Amazone Natitingou,Finance & Assurance,Natitingou,+229 98 13 55 89,,,TPE (<10),B2C,APIEx,,Actif,2026-06-29T00:05:29.701714,moyenne
BJ-12864109,Clinique,Finance & Assurance,Lokossa,+229 54 95 37 27,,,PME (10-50),B2C,APIEx,,Actif,2026-06-29T00:05:29.701814,haute
BJ-105049CE,BOAD SA,Finance & Assurance,Lokossa,+229 76 92 59 54,,,PME (10-50),B2C,APIEx,,Actif,2026-06-29T00:05:29.701883,haute
BJ-BD41D9CC,Groupe Collines Immobilier,Finance & Assurance,Ouidah,+229 39 93 20 23,collines.immo@yahoo.fr,,PME (50-200),B2B,APIEx,,Actif,2026-06-29T00:05:29.701970,moyenne
BJ-4131992A,Novotel Centre,Finance & Assurance,Ouidah,+229 25 42 43 29,h5436@accor.com,novotel.com,PME (10-50),B2B/B2C,APIEx,,Actif,2026-06-29T00:05:29.701989,haute
BJ-540D01D7,West Africa HAMMER,Finance & Assurance,Ouidah,+229 27 92 95 45,,hammer.bj,PME (50-200),B2B/B2C,APIEx,,Actif,2026-06-29T00:05:29.702037,haute
BJ-2BC538E7,SONAPRA SARL,Finance & Assurance,Ouidah,+229 32 37 10 61,sonapra@sonapra.bj,,PME (10-50),B2B/B2C,APIEx,,Actif,2026-06-29T00:05:29.702060,moyenne
BJ-E7F41C76,West Africa SONAPRA,Transport & Logistique,Abomey-Calavi,+229 84 34 35 99,sonapra@sonapra.bj,,PME (50-200),B2B/B2C,APIEx,,Actif,2026-06-29T00:05:29.702209,moyenne
BJ-00BAE892,BCEAO Jumia Abomey-Calavi,Transport & Logistique,Abomey-Calavi,+229 52 26 11 84,benin@jumia.com,,PME (50-200),B2B,APIEx,,Actif,2026-06-29T00:05:29.702229,haute
BJ-550516CA,Pharmaquick SA Abomey-Calavi,Transport & Logistique,Abomey-Calavi,+229 77 16 14 45,,,Grande (>200),B2B/B2C,APIEx,,Actif,2026-06-29T00:05:29.702271,moyenne
BJ-EDBB6E1D,DHL Bureau Abomey-Calavi,Transport & Logistique,Abomey-Calavi,+229 90 43 12 27,cotonou@dhl.com,,PME (10-50),B2B/B2C,APIEx,,Actif,2026-06-29T00:05:29.702297,haute
BJ-301B1545,SONAPRA Bureau,Transport & Logistique,Porto-Novo,+229 23 20 39 28,,,PME (10-50),B2B/B2C,APIEx,,Actif,2026-06-29T00:05:29.702319,moyenne
BJ-130E0547,SOBETRAP Cabinet,Transport & Logistique,Parakou,+229 81 37 88 98,contact@sobetrap.bj,sobetrap.bj,Grande (>200),B2B/B2C,APIEx,,Actif,2026-06-29T00:05:29.702464,haute
BJ-83580ED3,Bénin Score,Transport & Logistique,Parakou,+229 86 97 59 71,score@score-benin.com,,Grande (>200),B2C,APIEx,,Actif,2026-06-29T00:05:29.702505,haute
BJ-67C8D5CF,EPAC Cabinet Parakou,Transport & Logistique,Parakou,+229 21 35 56 55,epac@epac.uac.bj,epac.uac.bj,TPE (<10),B2B/B2C,APIEx,,Actif,2026-06-29T00:05:29.702543,haute
BJ-4EFA6463,Restaurant Bureau,Transport & Logistique,Bohicon,+229 83 40 84 93,amazone.cotonou@gmail.com,,PME (10-50),B2C,APIEx,,Actif,2026-06-29T00:05:29.702673,moyenne
BJ-7A7BB9BC,SOBEBRA,Transport & Logistique,Bohicon,+229 30 50 88 28,,,TPE (<10),B2B,APIEx,,Actif,2026-06-29T00:05:29.702741,moyenne
BJ-0D1BF346,West Africa CNHU-HKM Bohicon,Transport & Logistique,Bohicon,+229 50 44 18 58,,cnhu.bj,Grande (>200),B2C,APIEx,,Actif,2026-06-29T00:05:29.702773,haute
BJ-8F0BF719,NSIA Assurances Bénin,Transport & Logistique,Lokossa,+229 62 63 31 16,,,PME (10-50),B2B,APIEx,,Actif,2026-06-29T00:05:29.703039,haute
BJ-D00D5BA0,EPAC Lokossa,Transport & Logistique,Lokossa,+229 26 90 49 17,,,PME (50-200),B2B/B2C,APIEx,,Actif,2026-06-29T00:05:29.703103,haute
BJ-3D717566,Africa HAMMER,Transport & Logistique,Lokossa,+229 92 97 59 84,,hammer.bj,Grande (>200),B2B/B2C,APIEx,,Actif,2026-06-29T00:05:29.703151,haute
BJ-D3B1AEA4,SOBETRAP Centre,Transport & Logistique,Ouidah,+229 28 32 51 45,contact@sobetrap.bj,,TPE (<10),B2C,APIEx,,Actif,2026-06-29T00:05:29.703326,haute
BJ-8E35136E,West Africa MTN Ouidah,Transport & Logistique,Ouidah,+229 63 78 95 20,momo@mtn.bj,mtn.bj,TPE (<10),B2B/B2C,APIEx,,Actif,2026-06-29T00:05:29.703357,haute
BJ-82E0BF38,West Africa Restaurant,Télécommunications,Cotonou,+229 20 83 11 49,,,TPE (<10),B2C,APIEx,,Actif,2026-06-29T00:05:29.703431,moyenne
BJ-A62A3064,CFAO Cabinet,Télécommunications,Cotonou,+229 99 39 81 25,,cfao.com,TPE (<10),B2C,APIEx,,Actif,2026-06-29T00:05:29.703498,haute
BJ-9B2EA245,Moov Africa Bénin Cotonou,Télécommunications,Cotonou,+229 66 79 12 63,moov@moov.bj,moov.bj,TPE (<10),B2C,APIEx,,Actif,2026-06-29T00:05:29.703529,haute
BJ-8E794CD6,SOBEBRA,Télécommunications,Abomey-Calavi,+229 60 83 68 45,,,Grande (>200),B2B/B2C,APIEx,,Actif,2026-06-29T00:05:29.703602,moyenne
BJ-5D42413F,West Africa Hôtel,Télécommunications,Abomey-Calavi,+229 22 95 25 72,,,PME (50-200),B2B/B2C,APIEx,,Actif,2026-06-29T00:05:29.703670,moyenne
BJ-C7F2DEE4,Université SA,Télécommunications,Porto-Novo,+229 67 66 44 33,rectorat@uac.bj,,PME (50-200),B2B/B2C,APIEx,,Actif,2026-06-29T00:05:29.703751,haute
BJ-2A8DCE19,AfriTech SA,Télécommunications,Porto-Novo,+229 47 66 67 34,,afritech.bj,Grande (>200),B2B/B2C,APIEx,,Actif,2026-06-29T00:05:29.703814,haute
BJ-45381DF8,BOAD Parakou,Télécommunications,Parakou,+229 86 24 14 72,boad@boad.org,,Grande (>200),B2B,APIEx,,Actif,2026-06-29T00:05:29.703925,haute
BJ-DA7659C9,West Africa Cabinet,Télécommunications,Parakou,+229 30 14 54 98,arch.design@gmail.com,,Grande (>200),B2C,APIEx,,Actif,2026-06-29T00:05:29.703955,moyenne
BJ-0DEBA485,Africa SONAPRA,Télécommunications,Parakou,+229 40 89 34 66,,,PME (50-200),B2B/B2C,APIEx,,Actif,2026-06-29T00:05:29.703983,moyenne
BJ-D6D86192,Bénin CNHU-HKM,Télécommunications,Bohicon,+229 94 46 32 96,contact@cnhu.bj,cnhu.bj,TPE (<10),B2B/B2C,APIEx,,Actif,2026-06-29T00:05:29.704006,haute
BJ-67704188,West Africa MTN Bohicon,Télécommunications,Bohicon,+229 29 93 85 76,contact@mtn.bj,,PME (10-50),B2B/B2C,APIEx,,Actif,2026-06-29T00:05:29.704019,haute
BJ-1565864D,West Africa Clinique,Télécommunications,Bohicon,+229 99 11 74 25,stluc@cliniquestluc.bj,,Grande (>200),B2B,APIEx,,Actif,2026-06-29T00:05:29.704031,haute
BJ-EBDD9A62,Score Ets,Télécommunications,Bohicon,+229 46 79 82 97,,score-benin.com,PME (50-200),B2B/B2C,APIEx,,Actif,2026-06-29T00:05:29.704048,haute
BJ-DAAB4084,CFAO Natitingou,Télécommunications,Natitingou,+229 26 41 97 81,,,TPE (<10),B2B/B2C,APIEx,,Actif,2026-06-29T00:05:29.704083,haute
BJ-6C18A223,SOBEBRA SA,Télécommunications,Natitingou,+229 37 56 87 67,,,Grande (>200),B2C,APIEx,,Actif,2026-06-29T00:05:29.704097,moyenne
BJ-C1D55EEA,BCEAO Cabinet,Télécommunications,Natitingou,+229 34 97 53 55,,,Grande (>200),B2B/B2C,APIEx,,Actif,2026-06-29T00:05:29.704111,moyenne
BJ-63472D88,MTN SARL,Télécommunications,Natitingou,+229 48 59 20 85,,,TPE (<10),B2C,APIEx,,Actif,2026-06-29T00:05:29.704137,haute
BJ-E92D5FB2,DHL Express Bénin Lokossa,Télécommunications,Lokossa,+229 90 61 61 79,cotonou@dhl.com,,TPE (<10),B2B/B2C,APIEx,,Actif,2026-06-29T00:05:29.704169,haute
BJ-AADAFBE1,Moov Centre Lokossa,Télécommunications,Lokossa,+229 97 18 35 31,moov@moov.bj,,Grande (>200),B2B,APIEx,,Actif,2026-06-29T00:05:29.704187,haute
BJ-67F17611,SERHAU-SEM SA,Télécommunications,Lokossa,+229 75 17 23 89,info@serhau.bj,serhau.bj,Grande (>200),B2B/B2C,APIEx,,Actif,2026-06-29T00:05:29.704217,haute
BJ-3AC09FE2,NSIA Bureau Ouidah,Télécommunications,Ouidah,+229 23 17 74 82,nsia.benin@nsiaassurances.com,,Grande (>200),B2B/B2C,APIEx,,Actif,2026-06-29T00:05:29.704237,haute
BJ-6691C5AF,Jumia Ets Ouidah,Télécommunications,Ouidah,+229 54 81 69 66,benin@jumia.com,jumia.com.bj,PME (10-50),B2C,APIEx,,Actif,2026-06-29T00:05:29.704275,haute
BJ-2FFEAD72,Ets SARL,Agriculture & Agroalimentaire,Abomey-Calavi,+229 86 49 60 67,,,Grande (>200),B2B/B2C,APIEx,,Actif,2026-06-29T00:05:29.704423,moyenne
BJ-3494FCE4,Digital Benin Abomey-Calavi,Agriculture & Agroalimentaire,Abomey-Calavi,+229 47 11 46 34,digital.benin@gmail.com,,PME (50-200),B2B,APIEx,,Actif,2026-06-29T00:05:29.704461,moyenne
BJ-DF926F39,West Africa Hôtel,Agriculture & Agroalimentaire,Parakou,+229 94 88 15 75,hotel.lac@yahoo.fr,,PME (50-200),B2C,APIEx,,Actif,2026-06-29T00:05:29.704588,moyenne
BJ-EB5C5F65,Hôtel SARL Bohicon,Agriculture & Agroalimentaire,Bohicon,+229 54 18 28 62,,,PME (10-50),B2B/B2C,APIEx,,Actif,2026-06-29T00:05:29.704636,moyenne
BJ-0CFA794A,BCEAO AfriTech Bohicon,Agriculture & Agroalimentaire,Bohicon,+229 21 69 18 47,contact@afritech.bj,afritech.bj,TPE (<10),B2B/B2C,APIEx,,Actif,2026-06-29T00:05:29.704650,haute
BJ-04AE74C7,EPAC SA,Agriculture & Agroalimentaire,Bohicon,+229 24 95 95 57,epac@epac.uac.bj,,PME (10-50),B2C,APIEx,,Actif,2026-06-29T00:05:29.704663,haute
BJ-E9957C69,MTN Bureau,Agriculture & Agroalimentaire,Bohicon,+229 64 93 38 20,contact@mtn.bj,,PME (10-50),B2B,APIEx,,Actif,2026-06-29T00:05:29.704680,haute
BJ-0D7EEDC8,CFAO Bureau,Agriculture & Agroalimentaire,Bohicon,+229 31 85 63 22,cfao.benin@cfao.com,cfao.com,Grande (>200),B2C,APIEx,,Actif,2026-06-29T00:05:29.704693,haute
BJ-0B8753D2,Pharmaquick Bénin,Agriculture & Agroalimentaire,Lokossa,+229 28 36 42 12,pharmaquick@gmail.com,,PME (10-50),B2C,APIEx,,Actif,2026-06-29T00:05:29.704946,moyenne
BJ-3E280713,BCEAO SOBEBRA,Agriculture & Agroalimentaire,Lokossa,+229 42 35 24 33,,,PME (50-200),B2C,APIEx,,Actif,2026-06-29T00:05:29.704983,moyenne
BJ-1D7EFB22,Pharmaquick SA Lokossa,Agriculture & Agroalimentaire,Lokossa,+229 81 74 44 29,pharmaquick@gmail.com,,Grande (>200),B2C,APIEx,,Actif,2026-06-29T00:05:29.705071,moyenne
BJ-EC9F0E3C,CFAO SA Ouidah,Agriculture & Agroalimentaire,Ouidah,+229 58 95 25 50,,,TPE (<10),B2C,APIEx,,Actif,2026-06-29T00:05:29.705108,haute
BJ-894EF760,BCEAO Groupe,Agriculture & Agroalimentaire,Ouidah,+229 95 18 47 39,collines.immo@yahoo.fr,,TPE (<10),B2C,APIEx,,Actif,2026-06-29T00:05:29.705122,moyenne
BJ-487F8D02,Pharmaquick SARL,Agriculture & Agroalimentaire,Ouidah,+229 65 31 19 57,pharmaquick@gmail.com,,PME (50-200),B2C,APIEx,,Actif,2026-06-29T00:05:29.705136,moyenne
BJ-81A94D91,Hôtel Centre Ouidah,Agriculture & Agroalimentaire,Ouidah,+229 53 28 71 18,hotel.lac@yahoo.fr,,Grande (>200),B2C,APIEx,,Actif,2026-06-29T00:05:29.705151,moyenne
BJ-6B798CE1,West Africa SONAPRA,Agriculture & Agroalimentaire,Ouidah,+229 84 76 92 71,sonapra@sonapra.bj,,PME (50-200),B2B/B2C,APIEx,,Actif,2026-06-29T00:05:29.705165,moyenne
BJ-605B43FE,AGS Centre,Éducation & Formation,Abomey-Calavi,+229 46 13 21 49,ags.benin@agsfidal.com,,TPE (<10),B2C,APIEx,,Actif,2026-06-29T00:05:29.705304,moyenne
BJ-125F14EA,BCEAO SERHAU-SEM,Éducation & Formation,Abomey-Calavi,+229 42 76 13 75,,,TPE (<10),B2C,APIEx,,Actif,2026-06-29T00:05:29.705317,haute
BJ-17782D29,BCEAO Clinique,Éducation & Formation,Abomey-Calavi,+229 94 64 67 64,stluc@cliniquestluc.bj,,PME (10-50),B2C,APIEx,,Actif,2026-06-29T00:05:29.705332,haute
BJ-2DCD3DF1,West Africa SONAPRA,Éducation & Formation,Porto-Novo,+229 86 53 14 19,sonapra@sonapra.bj,,PME (10-50),B2C,APIEx,,Actif,2026-06-29T00:05:29.705465,moyenne
BJ-B56BBA1B,West Africa HAMMER Parakou,Éducation & Formation,Parakou,+229 57 63 88 37,info@hammer.bj,,Grande (>200),B2C,APIEx,,Actif,2026-06-29T00:05:29.705666,haute
BJ-F381F767,DHL Groupe,Éducation & Formation,Bohicon,+229 73 58 91 79,cotonou@dhl.com,,PME (50-200),B2B/B2C,APIEx,,Actif,2026-06-29T00:05:29.705773,haute
BJ-D3AF13B3,Africa Pharmaquick,Éducation & Formation,Bohicon,+229 74 32 79 22,,,PME (10-50),B2B,APIEx,,Actif,2026-06-29T00:05:29.705847,moyenne
BJ-76C3638C,Africa AfriTech,Éducation & Formation,Natitingou,+229 65 27 40 74,,,PME (50-200),B2C,APIEx,,Actif,2026-06-29T00:05:29.705947,haute
BJ-18CE9DD6,DHL Cabinet,Éducation & Formation,Natitingou,+229 78 97 85 52,,dhl.com,Grande (>200),B2B,APIEx,,Actif,2026-06-29T00:05:29.705976,haute
BJ-7DE35FB9,Africa Groupe Natitingou,Éducation & Formation,Natitingou,+229 50 38 94 87,,,TPE (<10),B2C,APIEx,,Actif,2026-06-29T00:05:29.706056,moyenne
BJ-E7B3B9A3,Bénin BOAD Natitingou,Éducation & Formation,Natitingou,+229 62 80 68 77,,,PME (10-50),B2B,APIEx,,Actif,2026-06-29T00:05:29.706103,haute
BJ-4725F11F,HAMMER SA,Éducation & Formation,Lokossa,+229 38 31 26 88,,,Grande (>200),B2B/B2C,APIEx,,Actif,2026-06-29T00:05:29.706195,haute
BJ-98823BB2,HAMMER Bureau Lokossa,Éducation & Formation,Lokossa,+229 48 29 83 64,info@hammer.bj,hammer.bj,Grande (>200),B2C,APIEx,,Actif,2026-06-29T00:05:29.706229,haute
BJ-13268F49,AGS SARL Ouidah,Éducation & Formation,Ouidah,+229 86 57 63 47,ags.benin@agsfidal.com,,PME (10-50),B2B,APIEx,,Actif,2026-06-29T00:05:29.706426,moyenne
BJ-1B227051,Africa Jumia,Éducation & Formation,Ouidah,+229 52 83 52 80,benin@jumia.com,,Grande (>200),B2B/B2C,APIEx,,Actif,2026-06-29T00:05:29.706448,haute
BJ-067D3D31,Ecobank Groupe,Technologie & IT,Cotonou,+229 58 78 66 92,ecobank.benin@ecobank.com,ecobank.com,Grande (>200),B2B,APIEx,,Actif,2026-06-29T00:05:29.706540,haute
BJ-DD8F0192,Bénin Restaurant,Technologie & IT,Cotonou,+229 49 67 15 91,,,TPE (<10),B2C,APIEx,,Actif,2026-06-29T00:05:29.706573,moyenne
BJ-18A0FBC6,CFAO Centre,Technologie & IT,Cotonou,+229 62 92 95 49,cfao.benin@cfao.com,,TPE (<10),B2B,APIEx,,Actif,2026-06-29T00:05:29.706599,haute
BJ-6EC11F95,Bénin DHL,Technologie & IT,Cotonou,+229 71 20 32 39,cotonou@dhl.com,,PME (10-50),B2B/B2C,APIEx,,Actif,2026-06-29T00:05:29.706653,haute
BJ-4C525EFD,West Africa SONAPRA Abomey-Calavi,Technologie & IT,Abomey-Calavi,+229 56 68 96 83,sonapra@sonapra.bj,,PME (50-200),B2B/B2C,APIEx,,Actif,2026-06-29T00:05:29.706777,moyenne
BJ-30CEE192,Pharmaquick Groupe Porto-Novo,Technologie & IT,Porto-Novo,+229 81 26 97 35,,,Grande (>200),B2C,APIEx,,Actif,2026-06-29T00:05:29.706840,moyenne
BJ-324BBAF6,AGS Cabinet Porto-Novo,Technologie & IT,Porto-Novo,+229 60 25 90 22,ags.benin@agsfidal.com,,TPE (<10),B2B/B2C,APIEx,,Actif,2026-06-29T00:05:29.706864,moyenne
BJ-4D1E3235,Université Porto-Novo,Technologie & IT,Porto-Novo,+229 67 67 19 14,rectorat@uac.bj,uac.bj,TPE (<10),B2C,APIEx,,Actif,2026-06-29T00:05:29.706908,haute
BJ-1B647D5B,Africa BOAD Porto-Novo,Technologie & IT,Porto-Novo,+229 55 65 42 57,,,PME (50-200),B2B/B2C,APIEx,,Actif,2026-06-29T00:05:29.706943,haute
BJ-EBA90816,West Africa Université,Technologie & IT,Porto-Novo,+229 66 53 11 39,rectorat@uac.bj,,Grande (>200),B2B/B2C,APIEx,,Actif,2026-06-29T00:05:29.706969,haute
BJ-3CA44EDB,Pharmaquick Groupe,Technologie & IT,Parakou,+229 24 53 12 66,,,PME (10-50),B2B/B2C,APIEx,,Actif,2026-06-29T00:05:29.707010,moyenne
BJ-0CABA0D2,Moov,Technologie & IT,Parakou,+229 69 88 56 70,moov@moov.bj,moov.bj,PME (50-200),B2B/B2C,APIEx,,Actif,2026-06-29T00:05:29.707046,haute
BJ-2FDF94CC,SOBEBRA Transport,Technologie & IT,Parakou,+229 52 76 84 16,transport@sobebra.bj,,PME (10-50),B2C,APIEx,,Actif,2026-06-29T00:05:29.707096,moyenne
BJ-9B155FF8,Africa EPAC Parakou,Technologie & IT,Parakou,+229 87 78 16 17,epac@epac.uac.bj,epac.uac.bj,PME (10-50),B2B/B2C,APIEx,,Actif,2026-06-29T00:05:29.707120,haute
BJ-5FF88F5D,AfriTech,Technologie & IT,Bohicon,+229 71 12 30 91,contact@afritech.bj,afritech.bj,Grande (>200),B2B/B2C,APIEx,,Actif,2026-06-29T00:05:29.707230,haute
BJ-3780020A,Africa DHL,Technologie & IT,Bohicon,+229 87 38 55 25,,,PME (10-50),B2C,APIEx,,Actif,2026-06-29T00:05:29.707263,haute
BJ-E7BC5948,DHL Centre Bohicon,Technologie & IT,Bohicon,+229 33 68 70 65,cotonou@dhl.com,dhl.com,PME (10-50),B2B,APIEx,,Actif,2026-06-29T00:05:29.707342,haute
BJ-E62F8014,CFAO Ets,Technologie & IT,Bohicon,+229 65 55 28 96,cfao.benin@cfao.com,,PME (10-50),B2B,APIEx,,Actif,2026-06-29T00:05:29.707377,haute
BJ-0771C67C,SONAPRA SARL,Technologie & IT,Natitingou,+229 53 58 74 22,sonapra@sonapra.bj,,Grande (>200),B2B/B2C,APIEx,,Actif,2026-06-29T00:05:29.707436,moyenne
BJ-BFF28A2C,Novotel SARL,Technologie & IT,Natitingou,+229 58 10 22 17,h5436@accor.com,novotel.com,PME (50-200),B2B,APIEx,,Actif,2026-06-29T00:05:29.707503,haute
BJ-1BD33826,MTN Natitingou,Technologie & IT,Natitingou,+229 92 33 75 27,momo@mtn.bj,,Grande (>200),B2B,APIEx,,Actif,2026-06-29T00:05:29.707536,haute
BJ-36CD2F06,AfriTech Cabinet,Technologie & IT,Natitingou,+229 24 37 87 71,,,PME (50-200),B2C,APIEx,,Actif,2026-06-29T00:05:29.707567,haute
BJ-002E52C9,West Africa Jumia,Technologie & IT,Lokossa,+229 48 37 91 62,benin@jumia.com,,PME (50-200),B2B/B2C,APIEx,,Actif,2026-06-29T00:05:29.707659,haute
BJ-09D79E29,AGS,Technologie & IT,Lokossa,+229 37 91 74 53,ags.benin@agsfidal.com,,PME (50-200),B2B/B2C,APIEx,,Actif,2026-06-29T00:05:29.707715,moyenne
BJ-8F758B53,AfriTech Centre,Technologie & IT,Lokossa,+229 20 15 74 67,contact@afritech.bj,afritech.bj,TPE (<10),B2C,APIEx,,Actif,2026-06-29T00:05:29.707771,haute
BJ-32A4183C,Cabinet Cabinet,Technologie & IT,Ouidah,+229 89 86 71 83,,,TPE (<10),B2B/B2C,APIEx,,Actif,2026-06-29T00:05:29.707952,moyenne
BJ-2C824B8A,Ecobank Bénin,Technologie & IT,Ouidah,+229 83 44 25 51,,,Grande (>200),B2C,APIEx,,Actif,2026-06-29T00:05:29.707996,haute
BJ-32DBF50C,Ets Bureau,Technologie & IT,Ouidah,+229 98 90 15 75,,,PME (10-50),B2B/B2C,APIEx,,Actif,2026-06-29T00:05:29.708063,moyenne
BJ-E72B275E,Ets Groupe Cotonou,Industrie & Manufacture,Cotonou,+229 63 68 12 10,agro.benin@gmail.com,,TPE (<10),B2C,APIEx,,Actif,2026-06-29T00:05:29.708157,moyenne
BJ-FC1651CC,West Africa Score Cotonou,Industrie & Manufacture,Cotonou,+229 89 16 63 31,score@score-benin.com,score-benin.com,PME (50-200),B2B/B2C,APIEx,,Actif,2026-06-29T00:05:29.708218,haute
BJ-042D6EFE,Score Groupe,Industrie & Manufacture,Cotonou,+229 57 10 83 76,,,PME (10-50),B2B,APIEx,,Actif,2026-06-29T00:05:29.708262,haute
BJ-DE37488A,HAMMER SARL Abomey-Calavi,Industrie & Manufacture,Abomey-Calavi,+229 53 51 69 45,,hammer.bj,Grande (>200),B2C,APIEx,,Actif,2026-06-29T00:05:29.708435,haute
BJ-71C38FEB,HAMMER SARL,Industrie & Manufacture,Abomey-Calavi,+229 92 41 44 53,,,PME (10-50),B2B,APIEx,,Actif,2026-06-29T00:05:29.708497,haute
BJ-293D74A0,Ets Centre Porto-Novo,Industrie & Manufacture,Porto-Novo,+229 31 11 73 22,,,PME (10-50),B2B/B2C,APIEx,,Actif,2026-06-29T00:05:29.708552,moyenne
BJ-5A2B92DB,Hôtel SARL Parakou,Industrie & Manufacture,Parakou,+229 70 70 23 55,hotel.lac@yahoo.fr,,PME (10-50),B2B,APIEx,,Actif,2026-06-29T00:05:29.708815,moyenne
BJ-8AFF0931,Africa Score Parakou,Industrie & Manufacture,Parakou,+229 33 49 86 31,score@score-benin.com,,Grande (>200),B2B,APIEx,,Actif,2026-06-29T00:05:29.708847,haute
BJ-0E40A247,Africa SOBEBRA,Industrie & Manufacture,Bohicon,+229 75 23 41 41,,,PME (10-50),B2B,APIEx,,Actif,2026-06-29T00:05:29.708995,moyenne
BJ-0FA699EA,SERHAU-SEM SARL Bohicon,Industrie & Manufacture,Bohicon,+229 93 29 47 52,info@serhau.bj,serhau.bj,TPE (<10),B2B/B2C,APIEx,,Actif,2026-06-29T00:05:29.709141,haute
BJ-B2973B6F,Africa Digital,Industrie & Manufacture,Natitingou,+229 31 63 93 79,digital.benin@gmail.com,,PME (10-50),B2B,APIEx,,Actif,2026-06-29T00:05:29.709226,moyenne
BJ-CDF3AE1C,SOBETRAP SA Natitingou,Industrie & Manufacture,Natitingou,+229 88 52 33 33,,,PME (50-200),B2B,APIEx,,Actif,2026-06-29T00:05:29.709287,haute
BJ-7B46B9E0,SERHAU-SEM Cabinet,Industrie & Manufacture,Natitingou,+229 54 26 39 70,info@serhau.bj,serhau.bj,Grande (>200),B2C,APIEx,,Actif,2026-06-29T00:05:29.709304,haute
BJ-B2DF5DEB,West Africa Ecobank,Industrie & Manufacture,Natitingou,+229 81 92 40 30,ecobank.benin@ecobank.com,ecobank.com,PME (50-200),B2B/B2C,APIEx,,Actif,2026-06-29T00:05:29.709319,haute
BJ-EA204040,CNHU-HKM Ets,Industrie & Manufacture,Natitingou,+229 93 74 16 48,,cnhu.bj,PME (50-200),B2C,APIEx,,Actif,2026-06-29T00:05:29.709368,haute
BJ-BFD66C12,Ecobank Centre Lokossa,Industrie & Manufacture,Lokossa,+229 54 73 86 61,ecobank.benin@ecobank.com,,Grande (>200),B2C,APIEx,,Actif,2026-06-29T00:05:29.709409,haute
BJ-BD01E79F,West Africa Digital,Industrie & Manufacture,Lokossa,+229 74 43 58 46,digital.benin@gmail.com,,Grande (>200),B2B/B2C,APIEx,,Actif,2026-06-29T00:05:29.709509,moyenne
BJ-C9C338D7,Africa MTN,Industrie & Manufacture,Lokossa,+229 50 75 56 55,momo@mtn.bj,,TPE (<10),B2B,APIEx,,Actif,2026-06-29T00:05:29.709548,haute
BJ-58967200,Pharmaquick Bénin,Industrie & Manufacture,Ouidah,+229 41 52 37 90,pharmaquick@gmail.com,,PME (50-200),B2C,APIEx,,Actif,2026-06-29T00:05:29.709593,moyenne
BJ-C5E93EDF,BCEAO MTN,Industrie & Manufacture,Ouidah,+229 33 23 13 80,contact@mtn.bj,mtn.bj,Grande (>200),B2B/B2C,APIEx,,Actif,2026-06-29T00:05:29.709628,haute
BJ-5A6DE856,West Africa Université,Industrie & Manufacture,Ouidah,+229 23 15 65 63,rectorat@uac.bj,,PME (50-200),B2B/B2C,APIEx,,Actif,2026-06-29T00:05:29.709682,haute
BJ-7DBDD812,West Africa EPAC Cotonou,Services aux entreprises,Cotonou,+229 33 41 84 57,epac@epac.uac.bj,epac.uac.bj,PME (10-50),B2C,APIEx,,Actif,2026-06-29T00:05:29.709932,haute
BJ-A4CD6D11,NSIA Assurances Bénin,Services aux entreprises,Abomey-Calavi,+229 57 33 51 77,,,Grande (>200),B2B/B2C,APIEx,,Actif,2026-06-29T00:05:29.709978,haute
BJ-F7011914,Novotel SA Abomey-Calavi,Services aux entreprises,Abomey-Calavi,+229 48 45 65 55,,,PME (10-50),B2B,APIEx,,Actif,2026-06-29T00:05:29.710042,haute
BJ-08EF5635,Bénin CFAO Porto-Novo,Services aux entreprises,Porto-Novo,+229 64 30 22 64,cfao.benin@cfao.com,,PME (50-200),B2B,APIEx,,Actif,2026-06-29T00:05:29.710206,haute
BJ-E071F08B,Bénin Groupe,Services aux entreprises,Porto-Novo,+229 86 36 99 95,collines.immo@yahoo.fr,,PME (50-200),B2C,APIEx,,Actif,2026-06-29T00:05:29.710251,moyenne
BJ-923C8E53,Africa Digital Parakou,Services aux entreprises,Parakou,+229 22 61 88 82,,,TPE (<10),B2B/B2C,APIEx,,Actif,2026-06-29T00:05:29.710334,moyenne
BJ-3818FCF6,CNHU-HKM SARL,Services aux entreprises,Parakou,+229 23 78 28 77,contact@cnhu.bj,,Grande (>200),B2C,APIEx,,Actif,2026-06-29T00:05:29.710349,haute
BJ-8BCFBEE8,Bénin Clinique,Services aux entreprises,Parakou,+229 58 10 37 30,,,Grande (>200),B2B/B2C,APIEx,,Actif,2026-06-29T00:05:29.710363,haute
BJ-8A26CEB9,Digital Cabinet,Services aux entreprises,Parakou,+229 83 93 46 13,,,Grande (>200),B2C,APIEx,,Actif,2026-06-29T00:05:29.710377,moyenne
BJ-4F4CE0CD,Africa AGS,Services aux entreprises,Parakou,+229 64 56 86 19,ags.benin@agsfidal.com,,PME (10-50),B2C,APIEx,,Actif,2026-06-29T00:05:29.710392,moyenne
BJ-C59833B3,Hôtel Groupe,Services aux entreprises,Bohicon,+229 96 92 65 24,,,TPE (<10),B2C,APIEx,,Actif,2026-06-29T00:05:29.710447,moyenne
BJ-C3A751B1,Moov Cabinet,Services aux entreprises,Bohicon,+229 40 83 53 80,moov@moov.bj,moov.bj,PME (50-200),B2B/B2C,APIEx,,Actif,2026-06-29T00:05:29.710470,haute
BJ-E38C2596,CNHU-HKM Cabinet,Services aux entreprises,Natitingou,+229 79 53 84 91,contact@cnhu.bj,,TPE (<10),B2C,APIEx,,Actif,2026-06-29T00:05:29.710539,haute
BJ-CC2CF3A8,West Africa Ets,Services aux entreprises,Natitingou,+229 94 18 44 40,agro.benin@gmail.com,,PME (50-200),B2B/B2C,APIEx,,Actif,2026-06-29T00:05:29.710580,moyenne
BJ-4F8376D4,Digital,Services aux entreprises,Natitingou,+229 94 45 93 29,digital.benin@gmail.com,,PME (50-200),B2B/B2C,APIEx,,Actif,2026-06-29T00:05:29.710594,moyenne
BJ-4FDF2F0C,NSIA Bureau,Services aux entreprises,Lokossa,+229 99 91 60 73,nsia.benin@nsiaassurances.com,nsiaassurances.com,TPE (<10),B2C,APIEx,,Actif,2026-06-29T00:05:29.710637,haute
BJ-DF5183A9,West Africa Clinique Lokossa,Services aux entreprises,Lokossa,+229 39 47 76 31,,cliniquestluc.bj,PME (10-50),B2C,APIEx,,Actif,2026-06-29T00:05:29.710653,haute
BJ-B53D9B43,West Africa BOAD,Services aux entreprises,Lokossa,+229 57 44 26 43,,,TPE (<10),B2C,APIEx,,Actif,2026-06-29T00:05:29.710671,haute
BJ-5319A540,SOBETRAP SA Lokossa,Services aux entreprises,Lokossa,+229 79 56 56 19,contact@sobetrap.bj,,PME (10-50),B2B,APIEx,,Actif,2026-06-29T00:05:29.710686,haute
BJ-71D409A5,Hôtel Groupe,Services aux entreprises,Ouidah,+229 68 64 18 39,hotel.lac@yahoo.fr,,PME (10-50),B2B/B2C,APIEx,,Actif,2026-06-29T00:05:29.710769,moyenne
BJ-5CFDA9D9,Africa CFAO,Énergie & Environnement,Cotonou,+229 29 55 35 32,cfao.benin@cfao.com,,PME (50-200),B2B/B2C,APIEx,,Actif,2026-06-29T00:05:29.710795,haute
BJ-00E0416F,Pharmaquick SARL Cotonou,Énergie & Environnement,Cotonou,+229 77 27 41 87,pharmaquick@gmail.com,,Grande (>200),B2B,APIEx,,Actif,2026-06-29T00:05:29.710826,moyenne
BJ-A85DC781,Africa AfriTech Cotonou,Énergie & Environnement,Cotonou,+229 34 83 95 24,contact@afritech.bj,afritech.bj,PME (10-50),B2B,APIEx,,Actif,2026-06-29T00:05:29.710860,haute
BJ-4136256A,Ecobank Centre,Énergie & Environnement,Abomey-Calavi,+229 23 61 40 81,ecobank.benin@ecobank.com,ecobank.com,TPE (<10),B2C,APIEx,,Actif,2026-06-29T00:05:29.710943,haute
BJ-A6898D3D,MTN Ets Abomey-Calavi,Énergie & Environnement,Abomey-Calavi,+229 59 85 23 65,contact@mtn.bj,mtn.bj,TPE (<10),B2B,APIEx,,Actif,2026-06-29T00:05:29.710980,haute
BJ-0A3789CD,BOAD,Énergie & Environnement,Abomey-Calavi,+229 33 39 98 27,,,PME (50-200),B2C,APIEx,,Actif,2026-06-29T00:05:29.711012,haute
BJ-725D5961,HAMMER SA,Énergie & Environnement,Porto-Novo,+229 39 57 71 80,info@hammer.bj,hammer.bj,PME (50-200),B2B/B2C,APIEx,,Actif,2026-06-29T00:05:29.711127,haute
BJ-095198C0,West Africa SOBEBRA Porto-Novo,Énergie & Environnement,Porto-Novo,+229 78 37 71 80,,,PME (50-200),B2B/B2C,APIEx,,Actif,2026-06-29T00:05:29.711143,moyenne
BJ-8EB2497E,Africa DHL Porto-Novo,Énergie & Environnement,Porto-Novo,+229 58 77 35 89,cotonou@dhl.com,dhl.com,PME (10-50),B2B,APIEx,,Actif,2026-06-29T00:05:29.711179,haute
BJ-CE3E8D6C,CFAO Bureau Parakou,Énergie & Environnement,Parakou,+229 69 45 77 63,,cfao.com,TPE (<10),B2B,APIEx,,Actif,2026-06-29T00:05:29.711229,haute
BJ-8FF082A2,CFAO Cabinet Parakou,Énergie & Environnement,Parakou,+229 40 47 14 45,cfao.benin@cfao.com,,TPE (<10),B2C,APIEx,,Actif,2026-06-29T00:05:29.711275,haute
BJ-456B6FD8,Bénin DHL,Énergie & Environnement,Parakou,+229 61 56 88 50,cotonou@dhl.com,dhl.com,TPE (<10),B2B,APIEx,,Actif,2026-06-29T00:05:29.711289,haute
BJ-EA32FE42,SERHAU-SEM SARL,Énergie & Environnement,Bohicon,+229 70 51 97 23,,,TPE (<10),B2C,APIEx,,Actif,2026-06-29T00:05:29.711344,haute
BJ-554393EF,West Africa HAMMER,Énergie & Environnement,Bohicon,+229 52 44 33 91,info@hammer.bj,,PME (10-50),B2B/B2C,APIEx,,Actif,2026-06-29T00:05:29.711377,haute
BJ-1ABA6F49,Africa Ecobank Natitingou,Énergie & Environnement,Natitingou,+229 87 61 73 43,,ecobank.com,PME (10-50),B2B/B2C,APIEx,,Actif,2026-06-29T00:05:29.711405,haute
BJ-B89A12C7,Africa Université Natitingou,Énergie & Environnement,Natitingou,+229 97 97 81 47,rectorat@uac.bj,,Grande (>200),B2C,APIEx,,Actif,2026-06-29T00:05:29.711422,haute
BJ-B4D47DED,BCEAO Ecobank Natitingou,Énergie & Environnement,Natitingou,+229 88 92 99 86,ecobank.benin@ecobank.com,,TPE (<10),B2C,APIEx,,Actif,2026-06-29T00:05:29.711436,haute
BJ-A04B24A3,BCEAO CNHU-HKM,Énergie & Environnement,Natitingou,+229 47 84 58 35,,cnhu.bj,Grande (>200),B2C,APIEx,,Actif,2026-06-29T00:05:29.711450,haute
BJ-ED90C0FA,Ecobank Bénin Natitingou,Énergie & Environnement,Natitingou,+229 66 96 36 77,,,PME (10-50),B2B,APIEx,,Actif,2026-06-29T00:05:29.711464,haute
BJ-7D11B0ED,SOBETRAP Centre Lokossa,Énergie & Environnement,Lokossa,+229 28 97 72 74,contact@sobetrap.bj,sobetrap.bj,PME (50-200),B2B/B2C,APIEx,,Actif,2026-06-29T00:05:29.711503,haute
BJ-3630A579,HAMMER Centre,Énergie & Environnement,Lokossa,+229 99 55 94 53,,,PME (50-200),B2C,APIEx,,Actif,2026-06-29T00:05:29.711517,haute
BJ-DA21421E,Bénin NSIA Ouidah,Énergie & Environnement,Ouidah,+229 90 70 20 25,nsia.benin@nsiaassurances.com,nsiaassurances.com,TPE (<10),B2B,APIEx,,Actif,2026-06-29T00:05:29.711594,haute
BJ-DFC5A79A,Groupe Bureau,Énergie & Environnement,Ouidah,+229 65 46 93 51,collines.immo@yahoo.fr,,TPE (<10),B2B/B2C,APIEx,,Actif,2026-06-29T00:05:29.711629,moyenne
BJ-5DEF799B,Africa Score,Énergie & Environnement,Ouidah,+229 44 14 36 64,,score-benin.com,PME (50-200),B2B,APIEx,,Actif,2026-06-29T00:05:29.711643,haute
BJ-D7A32EB4,Ets SARL Cotonou,Médias & Communication,Cotonou,+229 95 14 48 32,,,TPE (<10),B2B,APIEx,,Actif,2026-06-29T00:05:29.711693,moyenne
BJ-47A4789D,Hôtel du Lac Cotonou Abomey-Calavi,Médias & Communication,Abomey-Calavi,+229 72 56 28 42,,,PME (10-50),B2B,APIEx,,Actif,2026-06-29T00:05:29.711925,moyenne
BJ-45D90E3F,Université SARL Abomey-Calavi,Médias & Communication,Abomey-Calavi,+229 76 39 17 11,,,PME (50-200),B2B,APIEx,,Actif,2026-06-29T00:05:29.711955,haute
BJ-460DCA78,SOBETRAP Bureau Porto-Novo,Médias & Communication,Porto-Novo,+229 78 34 87 10,,sobetrap.bj,Grande (>200),B2B,APIEx,,Actif,2026-06-29T00:05:29.711985,haute
BJ-9BDEF95A,DHL Cabinet,Médias & Communication,Porto-Novo,+229 59 84 10 10,,,Grande (>200),B2B,APIEx,,Actif,2026-06-29T00:05:29.712013,haute
BJ-25012959,Bénin Restaurant Porto-Novo,Médias & Communication,Porto-Novo,+229 82 26 51 78,amazone.cotonou@gmail.com,,PME (50-200),B2B/B2C,APIEx,,Actif,2026-06-29T00:05:29.712031,moyenne
BJ-DBAC8FCE,Moov Bureau Bohicon,Médias & Communication,Bohicon,+229 92 18 25 74,moov@moov.bj,moov.bj,TPE (<10),B2B/B2C,APIEx,,Actif,2026-06-29T00:05:29.712143,haute
BJ-EB5EC518,West Africa SOBEBRA Bohicon,Médias & Communication,Bohicon,+229 79 76 22 80,transport@sobebra.bj,,PME (10-50),B2B/B2C,APIEx,,Actif,2026-06-29T00:05:29.712157,moyenne
BJ-1F61C6B9,BOAD SA Bohicon,Médias & Communication,Bohicon,+229 55 51 93 78,,,PME (50-200),B2B,APIEx,,Actif,2026-06-29T00:05:29.712175,haute
BJ-E93C62F1,West Africa Moov,Médias & Communication,Bohicon,+229 68 71 29 87,,,PME (10-50),B2C,APIEx,,Actif,2026-06-29T00:05:29.712207,haute
BJ-CF72FED4,BOAD Cabinet Natitingou,Médias & Communication,Natitingou,+229 22 32 76 38,,,PME (10-50),B2C,APIEx,,Actif,2026-06-29T00:05:29.712285,haute
BJ-6D68DD20,DHL,Médias & Communication,Lokossa,+229 55 20 33 96,cotonou@dhl.com,dhl.com,PME (50-200),B2C,APIEx,,Actif,2026-06-29T00:05:29.712318,haute
BJ-66335679,Cabinet Arch-Design Bénin Lokossa,Médias & Communication,Lokossa,+229 89 50 47 57,arch.design@gmail.com,,PME (10-50),B2B/B2C,APIEx,,Actif,2026-06-29T00:05:29.712363,moyenne
BJ-29124C09,Ets Groupe,Médias & Communication,Ouidah,+229 90 21 95 95,agro.benin@gmail.com,,PME (10-50),B2C,APIEx,,Actif,2026-06-29T00:05:29.712383,moyenne
BJ-33D9F993,Clinique Bureau,Médias & Communication,Ouidah,+229 26 43 36 98,,,TPE (<10),B2C,APIEx,,Actif,2026-06-29T00:05:29.712397,haute
BJ-C2F028F2,BCEAO SONAPRA Cotonou,ONG & Associations,Cotonou,+229 50 80 51 92,sonapra@sonapra.bj,,Grande (>200),B2B,APIEx,,Actif,2026-06-29T00:05:29.712458,moyenne
BJ-BEC3778C,Cabinet SA Cotonou,ONG & Associations,Cotonou,+229 25 76 87 16,arch.design@gmail.com,,PME (10-50),B2B/B2C,APIEx,,Actif,2026-06-29T00:05:29.712504,moyenne
BJ-91E2AEED,AfriTech Ets Cotonou,ONG & Associations,Cotonou,+229 50 66 48 11,contact@afritech.bj,,Grande (>200),B2B/B2C,APIEx,,Actif,2026-06-29T00:05:29.712521,haute
BJ-77541C74,BCEAO AGS,ONG & Associations,Abomey-Calavi,+229 71 99 68 46,,,PME (50-200),B2B,APIEx,,Actif,2026-06-29T00:05:29.712542,moyenne
BJ-CDBCCB31,BCEAO Jumia Bohicon,ONG & Associations,Bohicon,+229 32 71 50 51,benin@jumia.com,,TPE (<10),B2C,APIEx,,Actif,2026-06-29T00:05:29.713022,haute
BJ-358E9B01,DHL Ets Bohicon,ONG & Associations,Bohicon,+229 63 49 25 57,,,PME (10-50),B2B,APIEx,,Actif,2026-06-29T00:05:29.713036,haute
BJ-F0C94EEB,AfriTech Solutions Natitingou,ONG & Associations,Natitingou,+229 22 63 91 81,contact@afritech.bj,,PME (10-50),B2C,APIEx,,Actif,2026-06-29T00:05:29.713109,haute
BJ-69DBA93D,West Africa Ecobank Natitingou,ONG & Associations,Natitingou,+229 21 92 96 10,,ecobank.com,TPE (<10),B2B,APIEx,,Actif,2026-06-29T00:05:29.713165,haute
BJ-CDEBEC3E,SERHAU-SEM Cabinet Lokossa,ONG & Associations,Lokossa,+229 98 32 32 46,info@serhau.bj,serhau.bj,PME (50-200),B2C,APIEx,,Actif,2026-06-29T00:05:29.713185,haute
BJ-EFB445BF,West Africa EPAC,ONG & Associations,Lokossa,+229 58 89 55 96,epac@epac.uac.bj,epac.uac.bj,PME (10-50),B2C,APIEx,,Actif,2026-06-29T00:05:29.713242,haute
BJ-9CA3A73B,West Africa Hôtel Ouidah,ONG & Associations,Ouidah,+229 95 54 46 83,,,PME (10-50),B2C,APIEx,,Actif,2026-06-29T00:05:29.713262,moyenne
BJ-0915A648,MTN Cabinet,ONG & Associations,Ouidah,+229 55 19 30 85,,mtn.bj,PME (50-200),B2C,APIEx,,Actif,2026-06-29T00:05:29.713276,haute
BJ-EB4F33BB,West Africa Score,ONG & Associations,Ouidah,+229 90 94 47 32,,,TPE (<10),B2B,APIEx,,Actif,2026-06-29T00:05:29.713289,haute
BJ-EE6EE038,HAMMER Groupe Cotonou,BTP & Immobilier,Cotonou,+229 87 89 24 89,info@hammer.bj,hammer.bj,PME (50-200),B2C,LinkedIn,,Actif,2026-06-29T00:05:29.713354,haute
BJ-DE01933E,Pharmaquick Centre Cotonou,BTP & Immobilier,Cotonou,+229 32 63 17 76,,,PME (10-50),B2B/B2C,LinkedIn,,Actif,2026-06-29T00:05:29.713368,moyenne
BJ-5CDA74EE,West Africa CFAO Abomey-Calavi,BTP & Immobilier,Abomey-Calavi,+229 45 87 72 41,cfao.benin@cfao.com,cfao.com,Grande (>200),B2B,LinkedIn,,Actif,2026-06-29T00:05:29.713419,haute
BJ-1D18A6DF,SONAPRA SARL,BTP & Immobilier,Abomey-Calavi,+229 67 93 37 22,sonapra@sonapra.bj,,PME (10-50),B2B,LinkedIn,,Actif,2026-06-29T00:05:29.713459,moyenne
BJ-C7DA1707,Cabinet SARL,BTP & Immobilier,Parakou,+229 83 77 88 35,,,TPE (<10),B2B/B2C,LinkedIn,,Actif,2026-06-29T00:05:29.713568,moyenne
BJ-2CC105D6,HAMMER SARL,BTP & Immobilier,Parakou,+229 92 99 63 75,,hammer.bj,PME (50-200),B2B,LinkedIn,,Actif,2026-06-29T00:05:29.713585,haute
BJ-AFA8DF86,Groupe Cabinet Parakou,BTP & Immobilier,Parakou,+229 80 70 45 19,collines.immo@yahoo.fr,,PME (50-200),B2B,LinkedIn,,Actif,2026-06-29T00:05:29.713599,moyenne
BJ-6C41557F,Jumia Cabinet Parakou,BTP & Immobilier,Parakou,+229 36 11 73 80,,jumia.com.bj,TPE (<10),B2C,LinkedIn,,Actif,2026-06-29T00:05:29.713613,haute
BJ-5DFB7005,BCEAO Score,BTP & Immobilier,Parakou,+229 85 35 63 51,score@score-benin.com,score-benin.com,PME (50-200),B2B/B2C,LinkedIn,,Actif,2026-06-29T00:05:29.713625,haute
BJ-24041A50,AfriTech Ets,BTP & Immobilier,Bohicon,+229 95 82 18 41,,,PME (50-200),B2C,LinkedIn,,Actif,2026-06-29T00:05:29.713662,haute
BJ-05F25ACC,West Africa SOBETRAP,BTP & Immobilier,Bohicon,+229 28 65 33 80,contact@sobetrap.bj,sobetrap.bj,PME (50-200),B2C,LinkedIn,,Actif,2026-06-29T00:05:29.713692,haute
BJ-72C38F27,BCEAO Digital Natitingou,BTP & Immobilier,Natitingou,+229 28 26 98 15,,,Grande (>200),B2B,LinkedIn,,Actif,2026-06-29T00:05:29.713763,moyenne
BJ-CE6F8B9D,Score Bureau Lokossa,BTP & Immobilier,Lokossa,+229 59 99 71 91,,,Grande (>200),B2C,LinkedIn,,Actif,2026-06-29T00:05:29.713839,haute
BJ-964EA1AB,BCEAO SOBEBRA,BTP & Immobilier,Ouidah,+229 99 47 29 64,transport@sobebra.bj,,PME (10-50),B2B,LinkedIn,,Actif,2026-06-29T00:05:29.713877,moyenne
BJ-B8D8A786,Pharmaquick Bénin Ouidah,BTP & Immobilier,Ouidah,+229 68 73 10 99,pharmaquick@gmail.com,,PME (50-200),B2B/B2C,LinkedIn,,Actif,2026-06-29T00:05:29.713904,moyenne
BJ-8C141B4A,West Africa AGS,BTP & Immobilier,Ouidah,+229 75 81 90 11,ags.benin@agsfidal.com,,TPE (<10),B2C,LinkedIn,,Actif,2026-06-29T00:05:29.713932,moyenne
BJ-873DEFED,Hôtel du Lac Cotonou Cotonou,Commerce & Distribution,Cotonou,+229 98 90 68 86,hotel.lac@yahoo.fr,,PME (50-200),B2B/B2C,LinkedIn,,Actif,2026-06-29T00:05:29.713980,moyenne
BJ-D205BDFC,SOBETRAP Ets,Commerce & Distribution,Cotonou,+229 65 86 29 19,,sobetrap.bj,Grande (>200),B2B/B2C,LinkedIn,,Actif,2026-06-29T00:05:29.713992,haute
BJ-801AC81F,West Africa EPAC,Commerce & Distribution,Abomey-Calavi,+229 44 42 89 44,epac@epac.uac.bj,,PME (10-50),B2C,LinkedIn,,Actif,2026-06-29T00:05:29.714057,haute
BJ-57B38930,AfriTech Cabinet,Commerce & Distribution,Abomey-Calavi,+229 58 94 53 80,,afritech.bj,PME (10-50),B2C,LinkedIn,,Actif,2026-06-29T00:05:29.714082,haute
BJ-6D39AEC3,MTN SA,Commerce & Distribution,Porto-Novo,+229 81 29 27 81,contact@mtn.bj,,PME (10-50),B2B,LinkedIn,,Actif,2026-06-29T00:05:29.714160,haute
BJ-37DF1347,Hôtel du Lac Cotonou,Commerce & Distribution,Porto-Novo,+229 82 66 13 31,,,PME (50-200),B2C,LinkedIn,,Actif,2026-06-29T00:05:29.714173,moyenne
BJ-B495E4BB,Ets Centre Parakou,Commerce & Distribution,Parakou,+229 25 37 55 22,,,PME (50-200),B2B,LinkedIn,,Actif,2026-06-29T00:05:29.714219,moyenne
BJ-24258CB0,Bénin AfriTech Parakou,Commerce & Distribution,Parakou,+229 54 73 29 55,contact@afritech.bj,afritech.bj,Grande (>200),B2B/B2C,LinkedIn,,Actif,2026-06-29T00:05:29.714233,haute
BJ-8B5556BA,Digital Benin Bohicon,Commerce & Distribution,Bohicon,+229 92 85 73 87,digital.benin@gmail.com,,PME (10-50),B2B,LinkedIn,,Actif,2026-06-29T00:05:29.714295,moyenne
BJ-951C43A9,BCEAO SONAPRA,Commerce & Distribution,Bohicon,+229 83 14 53 74,sonapra@sonapra.bj,,PME (10-50),B2C,LinkedIn,,Actif,2026-06-29T00:05:29.714324,moyenne
BJ-AC66DC9D,EPAC Bureau,Commerce & Distribution,Natitingou,+229 30 68 87 14,epac@epac.uac.bj,epac.uac.bj,PME (50-200),B2C,LinkedIn,,Actif,2026-06-29T00:05:29.714357,haute
BJ-02853289,BOAD Agence Cotonou Lokossa,Commerce & Distribution,Lokossa,+229 50 27 73 25,boad@boad.org,boad.org,PME (50-200),B2C,LinkedIn,,Actif,2026-06-29T00:05:29.714436,haute
BJ-D141FDCC,Bénin Cabinet,Commerce & Distribution,Lokossa,+229 82 31 14 87,,,PME (50-200),B2B/B2C,LinkedIn,,Actif,2026-06-29T00:05:29.714449,moyenne
BJ-5EEBB812,West Africa Clinique,Commerce & Distribution,Lokossa,+229 57 56 43 93,,,TPE (<10),B2C,LinkedIn,,Actif,2026-06-29T00:05:29.714466,haute
BJ-B4257AC7,SOBEBRA Transport Ouidah,Commerce & Distribution,Ouidah,+229 79 70 65 68,transport@sobebra.bj,,PME (10-50),B2B,LinkedIn,,Actif,2026-06-29T00:05:29.714503,moyenne
BJ-7E8210FF,MTN,Commerce & Distribution,Ouidah,+229 46 74 46 49,,mtn.bj,Grande (>200),B2B,LinkedIn,,Actif,2026-06-29T00:05:29.714545,haute
BJ-81D51270,West Africa SOBETRAP Cotonou,Restauration & Hôtellerie,Cotonou,+229 91 23 39 18,contact@sobetrap.bj,,TPE (<10),B2B,LinkedIn,,Actif,2026-06-29T00:05:29.714605,haute
BJ-44A51DE9,Score Groupe Cotonou,Restauration & Hôtellerie,Cotonou,+229 20 89 22 18,score@score-benin.com,,PME (50-200),B2B/B2C,LinkedIn,,Actif,2026-06-29T00:05:29.714622,haute
BJ-C220BFAC,Novotel Cotonou Cotonou,Restauration & Hôtellerie,Cotonou,+229 87 52 88 98,h5436@accor.com,novotel.com,PME (10-50),B2B/B2C,LinkedIn,,Actif,2026-06-29T00:05:29.714636,haute
BJ-8BF9B4AC,Jumia Ets,Restauration & Hôtellerie,Abomey-Calavi,+229 65 61 13 36,,jumia.com.bj,PME (50-200),B2B/B2C,LinkedIn,,Actif,2026-06-29T00:05:29.714673,haute
BJ-0AC7EA2D,SOBEBRA Transport Porto-Novo,Restauration & Hôtellerie,Porto-Novo,+229 91 41 70 81,transport@sobebra.bj,,Grande (>200),B2B/B2C,LinkedIn,,Actif,2026-06-29T00:05:29.714731,moyenne
BJ-0057C169,DHL Bureau Parakou,Restauration & Hôtellerie,Parakou,+229 49 64 58 84,,,PME (50-200),B2C,LinkedIn,,Actif,2026-06-29T00:05:29.714840,haute
BJ-414B8D4D,West Africa Pharmaquick Parakou,Restauration & Hôtellerie,Parakou,+229 41 42 18 60,pharmaquick@gmail.com,,PME (10-50),B2B,LinkedIn,,Actif,2026-06-29T00:05:29.714854,moyenne
BJ-9B384F81,AGS Déménagements Bénin Bohicon,Restauration & Hôtellerie,Bohicon,+229 90 35 77 79,,,PME (10-50),B2C,LinkedIn,,Actif,2026-06-29T00:05:29.714942,moyenne
BJ-3C860D06,EPAC Centre Bohicon,Restauration & Hôtellerie,Bohicon,+229 62 62 70 21,,,TPE (<10),B2B/B2C,LinkedIn,,Actif,2026-06-29T00:05:29.714959,haute
BJ-788C52F5,BCEAO AGS Bohicon,Restauration & Hôtellerie,Bohicon,+229 53 93 78 93,ags.benin@agsfidal.com,,TPE (<10),B2C,LinkedIn,,Actif,2026-06-29T00:05:29.714983,moyenne
BJ-397E40F3,MTN SA Bohicon,Restauration & Hôtellerie,Bohicon,+229 38 75 59 36,,mtn.bj,Grande (>200),B2B/B2C,LinkedIn,,Actif,2026-06-29T00:05:29.714997,haute
BJ-B5AB2BF3,SERHAU-SEM Groupe,Restauration & Hôtellerie,Natitingou,+229 70 86 35 93,info@serhau.bj,,PME (10-50),B2B,LinkedIn,,Actif,2026-06-29T00:05:29.715020,haute
BJ-0C4AA87C,Africa NSIA,Restauration & Hôtellerie,Natitingou,+229 21 97 43 94,,,Grande (>200),B2C,LinkedIn,,Actif,2026-06-29T00:05:29.715074,haute
BJ-3000A489,BOAD Bureau,Restauration & Hôtellerie,Lokossa,+229 73 23 77 60,,boad.org,PME (10-50),B2B,LinkedIn,,Actif,2026-06-29T00:05:29.715108,haute
BJ-5EB869AD,BOAD,Restauration & Hôtellerie,Lokossa,+229 47 84 93 35,boad@boad.org,boad.org,Grande (>200),B2C,LinkedIn,,Actif,2026-06-29T00:05:29.715120,haute
BJ-920F367E,Bénin Groupe,Restauration & Hôtellerie,Lokossa,+229 33 93 90 69,,,Grande (>200),B2B/B2C,LinkedIn,,Actif,2026-06-29T00:05:29.715155,moyenne
BJ-FC403537,HAMMER SA Ouidah,Restauration & Hôtellerie,Ouidah,+229 26 70 95 20,,hammer.bj,PME (10-50),B2C,LinkedIn,,Actif,2026-06-29T00:05:29.715177,haute
BJ-0CD570E2,Digital Bureau Ouidah,Restauration & Hôtellerie,Ouidah,+229 65 22 21 88,digital.benin@gmail.com,,TPE (<10),B2C,LinkedIn,,Actif,2026-06-29T00:05:29.715204,moyenne
BJ-EFC56D3E,Clinique Cabinet Abomey-Calavi,Santé & Pharmacie,Abomey-Calavi,+229 45 22 19 50,stluc@cliniquestluc.bj,cliniquestluc.bj,PME (10-50),B2B/B2C,LinkedIn,,Actif,2026-06-29T00:05:29.715364,haute
BJ-46117A9D,SONAPRA Cabinet,Santé & Pharmacie,Abomey-Calavi,+229 85 20 23 29,sonapra@sonapra.bj,,PME (50-200),B2B,LinkedIn,,Actif,2026-06-29T00:05:29.715377,moyenne
BJ-416A7453,Africa Cabinet,Santé & Pharmacie,Abomey-Calavi,+229 33 38 72 79,,,PME (10-50),B2B,LinkedIn,,Actif,2026-06-29T00:05:29.715398,moyenne
BJ-5F1E2F93,Clinique Bureau,Santé & Pharmacie,Porto-Novo,+229 77 20 23 36,stluc@cliniquestluc.bj,cliniquestluc.bj,TPE (<10),B2C,LinkedIn,,Actif,2026-06-29T00:05:29.715450,haute
BJ-FC823DE7,Score Groupe,Santé & Pharmacie,Parakou,+229 91 49 43 95,score@score-benin.com,score-benin.com,TPE (<10),B2B,LinkedIn,,Actif,2026-06-29T00:05:29.715737,haute
BJ-BA745949,SOBEBRA Bureau Natitingou,Santé & Pharmacie,Natitingou,+229 55 50 27 36,,,Grande (>200),B2B/B2C,LinkedIn,,Actif,2026-06-29T00:05:29.716057,moyenne
BJ-F0D9621C,Pharmaquick,Santé & Pharmacie,Lokossa,+229 81 12 60 26,,,Grande (>200),B2B,LinkedIn,,Actif,2026-06-29T00:05:29.716118,moyenne
BJ-28259FB9,West Africa Ets Lokossa,Santé & Pharmacie,Lokossa,+229 80 59 98 97,,,PME (50-200),B2B/B2C,LinkedIn,,Actif,2026-06-29T00:05:29.716134,moyenne
BJ-55DC6BE3,AfriTech Ets,Santé & Pharmacie,Ouidah,+229 71 45 75 58,,afritech.bj,Grande (>200),B2B,LinkedIn,,Actif,2026-06-29T00:05:29.716306,haute
BJ-7C03BAB5,Ets Agro-Bénin,Santé & Pharmacie,Ouidah,+229 20 55 56 66,agro.benin@gmail.com,,PME (10-50),B2B,LinkedIn,,Actif,2026-06-29T00:05:29.716339,moyenne
BJ-FC2826B6,Jumia Bureau Ouidah,Santé & Pharmacie,Ouidah,+229 43 16 37 78,benin@jumia.com,jumia.com.bj,TPE (<10),B2B,LinkedIn,,Actif,2026-06-29T00:05:29.716365,haute
BJ-B5D27570,NSIA,Santé & Pharmacie,Ouidah,+229 83 49 93 79,nsia.benin@nsiaassurances.com,nsiaassurances.com,Grande (>200),B2B,LinkedIn,,Actif,2026-06-29T00:05:29.716379,haute
BJ-397B57E1,BOAD SA,Finance & Assurance,Cotonou,+229 51 39 12 99,,,Grande (>200),B2C,LinkedIn,,Actif,2026-06-29T00:05:29.716430,haute
BJ-1309C184,NSIA Assurances Bénin Cotonou,Finance & Assurance,Cotonou,+229 87 76 98 67,nsia.benin@nsiaassurances.com,nsiaassurances.com,TPE (<10),B2C,LinkedIn,,Actif,2026-06-29T00:05:29.716449,haute
BJ-980CCB29,Ets,Finance & Assurance,Cotonou,+229 66 10 30 31,,,PME (10-50),B2B/B2C,LinkedIn,,Actif,2026-06-29T00:05:29.716464,moyenne
BJ-FCDD68DA,Moov Africa Bénin Abomey-Calavi,Finance & Assurance,Abomey-Calavi,+229 47 93 21 32,moov@moov.bj,,PME (50-200),B2B,LinkedIn,,Actif,2026-06-29T00:05:29.716486,haute
BJ-E16D44B2,Africa DHL Abomey-Calavi,Finance & Assurance,Abomey-Calavi,+229 44 31 79 29,,dhl.com,Grande (>200),B2B,LinkedIn,,Actif,2026-06-29T00:05:29.716514,haute
BJ-65F78B97,Clinique SA Abomey-Calavi,Finance & Assurance,Abomey-Calavi,+229 39 60 91 50,stluc@cliniquestluc.bj,cliniquestluc.bj,TPE (<10),B2C,LinkedIn,,Actif,2026-06-29T00:05:29.716527,haute
BJ-68793737,Bénin CNHU-HKM,Finance & Assurance,Abomey-Calavi,+229 60 24 50 44,contact@cnhu.bj,,Grande (>200),B2B/B2C,LinkedIn,,Actif,2026-06-29T00:05:29.716540,haute
BJ-66BADF24,Bénin Score,Finance & Assurance,Porto-Novo,+229 57 79 43 22,score@score-benin.com,score-benin.com,PME (10-50),B2C,LinkedIn,,Actif,2026-06-29T00:05:29.716566,haute
BJ-D7C04C9F,Africa EPAC,Finance & Assurance,Porto-Novo,+229 43 71 78 50,epac@epac.uac.bj,epac.uac.bj,TPE (<10),B2B/B2C,LinkedIn,,Actif,2026-06-29T00:05:29.716628,haute
BJ-473F036A,BCEAO Cabinet,Finance & Assurance,Parakou,+229 20 77 97 32,arch.design@gmail.com,,TPE (<10),B2B,LinkedIn,,Actif,2026-06-29T00:05:29.716680,moyenne
BJ-B410A4DA,Moov SA,Finance & Assurance,Parakou,+229 97 17 86 60,moov@moov.bj,moov.bj,PME (50-200),B2B/B2C,LinkedIn,,Actif,2026-06-29T00:05:29.716706,haute
BJ-11F59BA3,Africa HAMMER,Finance & Assurance,Bohicon,+229 35 50 65 11,info@hammer.bj,hammer.bj,PME (50-200),B2B/B2C,LinkedIn,,Actif,2026-06-29T00:05:29.716725,haute
BJ-341FE975,Restaurant Groupe Bohicon,Finance & Assurance,Bohicon,+229 25 79 53 82,amazone.cotonou@gmail.com,,PME (50-200),B2B,LinkedIn,,Actif,2026-06-29T00:05:29.716753,moyenne
BJ-CEDC1021,BCEAO Ets,Finance & Assurance,Bohicon,+229 49 16 46 34,,,PME (10-50),B2B/B2C,LinkedIn,,Actif,2026-06-29T00:05:29.716770,moyenne
BJ-FD8EC5B5,BCEAO SOBETRAP,Finance & Assurance,Bohicon,+229 24 78 41 82,contact@sobetrap.bj,,PME (50-200),B2B/B2C,LinkedIn,,Actif,2026-06-29T00:05:29.716783,haute
BJ-583F16B8,BCEAO EPAC Lokossa,Finance & Assurance,Lokossa,+229 60 21 14 55,epac@epac.uac.bj,,PME (10-50),B2B/B2C,LinkedIn,,Actif,2026-06-29T00:05:29.716929,haute
BJ-72F62CA9,EPAC Groupe Lokossa,Finance & Assurance,Lokossa,+229 42 11 69 10,,epac.uac.bj,PME (10-50),B2C,LinkedIn,,Actif,2026-06-29T00:05:29.716947,haute
BJ-6A2C5BCF,Restaurant Bureau,Finance & Assurance,Lokossa,+229 90 65 63 95,amazone.cotonou@gmail.com,,PME (50-200),B2B,LinkedIn,,Actif,2026-06-29T00:05:29.716960,moyenne
BJ-67DE0ABC,Bénin Université,Finance & Assurance,Ouidah,+229 86 55 47 38,rectorat@uac.bj,,Grande (>200),B2B,LinkedIn,,Actif,2026-06-29T00:05:29.716983,haute
BJ-FBA51BFB,Digital Centre,Finance & Assurance,Ouidah,+229 77 97 16 84,digital.benin@gmail.com,,PME (10-50),B2B,LinkedIn,,Actif,2026-06-29T00:05:29.716996,moyenne
BJ-CA20EC64,BCEAO Restaurant,Finance & Assurance,Ouidah,+229 48 61 87 43,amazone.cotonou@gmail.com,,Grande (>200),B2C,LinkedIn,,Actif,2026-06-29T00:05:29.717009,moyenne
BJ-3D63E0E1,Ets Cabinet,Finance & Assurance,Ouidah,+229 39 61 57 56,agro.benin@gmail.com,,PME (10-50),B2B,LinkedIn,,Actif,2026-06-29T00:05:29.717035,moyenne
BJ-7A6D62D1,AGS Centre,Transport & Logistique,Cotonou,+229 33 12 64 48,ags.benin@agsfidal.com,,PME (10-50),B2C,LinkedIn,,Actif,2026-06-29T00:05:29.717055,moyenne
BJ-6C289FDE,BCEAO Groupe,Transport & Logistique,Cotonou,+229 90 34 38 88,,,PME (50-200),B2C,LinkedIn,,Actif,2026-06-29T00:05:29.717068,moyenne
BJ-64A6D1B8,BCEAO Cabinet Cotonou,Transport & Logistique,Cotonou,+229 42 10 77 93,arch.design@gmail.com,,PME (10-50),B2B/B2C,LinkedIn,,Actif,2026-06-29T00:05:29.717099,moyenne
BJ-CDABB8C3,AGS Bureau,Transport & Logistique,Abomey-Calavi,+229 76 28 64 77,ags.benin@agsfidal.com,,PME (10-50),B2C,LinkedIn,,Actif,2026-06-29T00:05:29.717147,moyenne
BJ-1E1F0EF0,Clinique SA,Transport & Logistique,Porto-Novo,+229 54 97 76 74,stluc@cliniquestluc.bj,cliniquestluc.bj,TPE (<10),B2B/B2C,LinkedIn,,Actif,2026-06-29T00:05:29.717214,haute
BJ-00DA57A0,Ets SA Porto-Novo,Transport & Logistique,Porto-Novo,+229 30 97 69 77,agro.benin@gmail.com,,PME (50-200),B2B/B2C,LinkedIn,,Actif,2026-06-29T00:05:29.717258,moyenne
BJ-FBD4090C,BCEAO Hôtel,Transport & Logistique,Parakou,+229 37 60 81 34,,,PME (50-200),B2B/B2C,LinkedIn,,Actif,2026-06-29T00:05:29.717291,moyenne
BJ-2E34A2A3,Africa Ecobank,Transport & Logistique,Parakou,+229 21 54 42 62,ecobank.benin@ecobank.com,,PME (50-200),B2C,LinkedIn,,Actif,2026-06-29T00:05:29.717330,haute
BJ-A5842421,MTN Ets,Transport & Logistique,Natitingou,+229 46 27 99 85,,,TPE (<10),B2C,LinkedIn,,Actif,2026-06-29T00:05:29.717437,haute
BJ-11ECA606,West Africa SONAPRA Natitingou,Transport & Logistique,Natitingou,+229 55 40 23 63,sonapra@sonapra.bj,,PME (10-50),B2B/B2C,LinkedIn,,Actif,2026-06-29T00:05:29.717480,moyenne
BJ-A776EAB7,BCEAO Ets Natitingou,Transport & Logistique,Natitingou,+229 45 22 99 42,,,PME (10-50),B2C,LinkedIn,,Actif,2026-06-29T00:05:29.717493,moyenne
BJ-C37DBEDC,Bénin DHL Lokossa,Transport & Logistique,Lokossa,+229 60 80 83 35,,,PME (50-200),B2B,LinkedIn,,Actif,2026-06-29T00:05:29.717513,haute
BJ-BBACECA6,NSIA Lokossa,Transport & Logistique,Lokossa,+229 56 67 44 31,,nsiaassurances.com,Grande (>200),B2B,LinkedIn,,Actif,2026-06-29T00:05:29.717539,haute
BJ-622C07BE,Africa NSIA Ouidah,Transport & Logistique,Ouidah,+229 85 25 73 45,,nsiaassurances.com,PME (50-200),B2C,LinkedIn,,Actif,2026-06-29T00:05:29.717601,haute
BJ-9E75A2B6,BCEAO Université,Télécommunications,Cotonou,+229 69 18 36 17,,,Grande (>200),B2B/B2C,LinkedIn,,Actif,2026-06-29T00:05:29.717659,haute
BJ-ABC70BEB,Clinique,Télécommunications,Cotonou,+229 45 45 48 66,stluc@cliniquestluc.bj,cliniquestluc.bj,TPE (<10),B2B,LinkedIn,,Actif,2026-06-29T00:05:29.717719,haute
BJ-F6318E38,Novotel SA,Télécommunications,Abomey-Calavi,+229 86 53 65 74,,,TPE (<10),B2C,LinkedIn,,Actif,2026-06-29T00:05:29.717756,haute
BJ-68BF0766,BOAD Ets Porto-Novo,Télécommunications,Porto-Novo,+229 59 27 47 69,boad@boad.org,boad.org,PME (10-50),B2B/B2C,LinkedIn,,Actif,2026-06-29T00:05:29.717845,haute
BJ-01012B29,Africa Cabinet,Télécommunications,Parakou,+229 38 61 95 68,arch.design@gmail.com,,TPE (<10),B2B,LinkedIn,,Actif,2026-06-29T00:05:29.717946,moyenne
BJ-B68F8218,SERHAU-SEM SARL Parakou,Télécommunications,Parakou,+229 22 86 53 13,info@serhau.bj,,PME (50-200),B2C,LinkedIn,,Actif,2026-06-29T00:05:29.717963,haute
BJ-FC27C80B,BOAD SA,Télécommunications,Bohicon,+229 23 13 87 80,boad@boad.org,,TPE (<10),B2B,LinkedIn,,Actif,2026-06-29T00:05:29.717985,haute
BJ-C0004734,SOBETRAP SA Bohicon,Télécommunications,Bohicon,+229 70 21 87 86,contact@sobetrap.bj,,PME (50-200),B2B,LinkedIn,,Actif,2026-06-29T00:05:29.717998,haute
BJ-AB9CC757,West Africa SOBETRAP Bohicon,Télécommunications,Bohicon,+229 78 31 10 89,contact@sobetrap.bj,sobetrap.bj,Grande (>200),B2B/B2C,LinkedIn,,Actif,2026-06-29T00:05:29.718010,haute
BJ-ECD83F68,Score,Télécommunications,Natitingou,+229 84 31 34 89,,score-benin.com,Grande (>200),B2B/B2C,LinkedIn,,Actif,2026-06-29T00:05:29.718072,haute
BJ-D7AAB7C5,MTN Centre Natitingou,Télécommunications,Natitingou,+229 63 53 17 17,,,PME (10-50),B2B,LinkedIn,,Actif,2026-06-29T00:05:29.718084,haute
BJ-9FE8B1C4,Clinique Saint Luc Cotonou Natitingou,Télécommunications,Natitingou,+229 98 45 50 85,,cliniquestluc.bj,PME (10-50),B2C,LinkedIn,,Actif,2026-06-29T00:05:29.718110,haute
BJ-48B6ECCA,Bénin MTN,Télécommunications,Lokossa,+229 28 34 61 43,,mtn.bj,TPE (<10),B2B/B2C,LinkedIn,,Actif,2026-06-29T00:05:29.718133,haute
BJ-C9469830,BCEAO BOAD,Télécommunications,Lokossa,+229 91 82 80 39,boad@boad.org,boad.org,TPE (<10),B2B/B2C,LinkedIn,,Actif,2026-06-29T00:05:29.718146,haute
BJ-850AC2AD,Clinique Cabinet,Télécommunications,Lokossa,+229 41 16 75 46,stluc@cliniquestluc.bj,cliniquestluc.bj,PME (50-200),B2B/B2C,LinkedIn,,Actif,2026-06-29T00:05:29.718189,haute
BJ-EEED56AF,Ecobank,Télécommunications,Ouidah,+229 92 26 30 12,,ecobank.com,TPE (<10),B2C,LinkedIn,,Actif,2026-06-29T00:05:29.718262,haute
BJ-022E48DC,West Africa Cabinet,Agriculture & Agroalimentaire,Cotonou,+229 97 21 63 83,arch.design@gmail.com,,Grande (>200),B2B/B2C,LinkedIn,,Actif,2026-06-29T00:05:29.718287,moyenne
BJ-8D896E90,Bénin Clinique,Agriculture & Agroalimentaire,Porto-Novo,+229 28 25 86 33,stluc@cliniquestluc.bj,cliniquestluc.bj,PME (10-50),B2B/B2C,LinkedIn,,Actif,2026-06-29T00:05:29.718443,haute
BJ-763C3A72,Hôtel Cabinet,Agriculture & Agroalimentaire,Porto-Novo,+229 60 98 29 22,,,Grande (>200),B2B/B2C,LinkedIn,,Actif,2026-06-29T00:05:29.718470,moyenne
BJ-949A1701,Africa BOAD,Agriculture & Agroalimentaire,Parakou,+229 77 35 24 79,boad@boad.org,,PME (50-200),B2B,LinkedIn,,Actif,2026-06-29T00:05:29.718524,haute
BJ-306FB607,Score SA,Agriculture & Agroalimentaire,Parakou,+229 56 54 96 57,,score-benin.com,Grande (>200),B2B/B2C,LinkedIn,,Actif,2026-06-29T00:05:29.718578,haute
BJ-A1BB18B7,Bénin DHL Parakou,Agriculture & Agroalimentaire,Parakou,+229 99 49 59 34,,dhl.com,PME (50-200),B2B,LinkedIn,,Actif,2026-06-29T00:05:29.718613,haute
BJ-37EA7C6D,West Africa Université Parakou,Agriculture & Agroalimentaire,Parakou,+229 46 70 82 29,,,PME (50-200),B2B/B2C,LinkedIn,,Actif,2026-06-29T00:05:29.718650,haute
BJ-84F7EE58,Novotel Cotonou Bohicon,Agriculture & Agroalimentaire,Bohicon,+229 75 54 64 30,,,PME (10-50),B2B/B2C,LinkedIn,,Actif,2026-06-29T00:05:29.718696,haute
BJ-F012CB33,BCEAO Clinique Bohicon,Agriculture & Agroalimentaire,Bohicon,+229 73 53 98 89,,,PME (50-200),B2B/B2C,LinkedIn,,Actif,2026-06-29T00:05:29.718775,haute
BJ-10BCB32E,Bénin Groupe Bohicon,Agriculture & Agroalimentaire,Bohicon,+229 93 63 93 71,collines.immo@yahoo.fr,,PME (50-200),B2B,LinkedIn,,Actif,2026-06-29T00:05:29.718814,moyenne
BJ-DE2F3725,Moov Ets,Agriculture & Agroalimentaire,Natitingou,+229 92 74 64 97,moov@moov.bj,moov.bj,PME (50-200),B2B/B2C,LinkedIn,,Actif,2026-06-29T00:05:29.718903,haute
BJ-89D6068E,West Africa Jumia Natitingou,Agriculture & Agroalimentaire,Natitingou,+229 58 46 53 78,benin@jumia.com,jumia.com.bj,TPE (<10),B2B/B2C,LinkedIn,,Actif,2026-06-29T00:05:29.718923,haute
BJ-B1566CE9,AGS Centre,Agriculture & Agroalimentaire,Natitingou,+229 53 96 22 70,ags.benin@agsfidal.com,,Grande (>200),B2B/B2C,LinkedIn,,Actif,2026-06-29T00:05:29.718937,moyenne
BJ-012BCAB9,Bénin Novotel Natitingou,Agriculture & Agroalimentaire,Natitingou,+229 29 28 45 32,,novotel.com,TPE (<10),B2B,LinkedIn,,Actif,2026-06-29T00:05:29.718951,haute
BJ-85F9A615,MTN,Agriculture & Agroalimentaire,Natitingou,+229 67 93 74 19,contact@mtn.bj,,PME (50-200),B2C,LinkedIn,,Actif,2026-06-29T00:05:29.718963,haute
BJ-57D19B8C,Hôtel,Agriculture & Agroalimentaire,Lokossa,+229 30 49 42 42,,,PME (10-50),B2B/B2C,LinkedIn,,Actif,2026-06-29T00:05:29.718986,moyenne
BJ-15C38800,Novotel SARL,Agriculture & Agroalimentaire,Lokossa,+229 82 29 91 22,,novotel.com,PME (10-50),B2B/B2C,LinkedIn,,Actif,2026-06-29T00:05:29.719018,haute
BJ-A1A72253,BCEAO SERHAU-SEM,Agriculture & Agroalimentaire,Ouidah,+229 33 90 12 37,info@serhau.bj,serhau.bj,PME (10-50),B2B/B2C,LinkedIn,,Actif,2026-06-29T00:05:29.719070,haute
BJ-82B2AA0B,AGS Cabinet,Agriculture & Agroalimentaire,Ouidah,+229 77 99 41 18,ags.benin@agsfidal.com,,Grande (>200),B2B,LinkedIn,,Actif,2026-06-29T00:05:29.719109,moyenne
BJ-C66F6EC6,CFAO SARL,Éducation & Formation,Cotonou,+229 30 56 70 72,,,PME (50-200),B2B/B2C,LinkedIn,,Actif,2026-06-29T00:05:29.719142,haute
BJ-03BF57DA,Moov Cabinet Cotonou,Éducation & Formation,Cotonou,+229 72 35 48 63,moov@moov.bj,,Grande (>200),B2C,LinkedIn,,Actif,2026-06-29T00:05:29.719160,haute
BJ-7794F7FE,AfriTech Ets,Éducation & Formation,Cotonou,+229 42 50 83 24,contact@afritech.bj,afritech.bj,PME (50-200),B2C,LinkedIn,,Actif,2026-06-29T00:05:29.719190,haute
BJ-F70DFC16,BCEAO Novotel Abomey-Calavi,Éducation & Formation,Abomey-Calavi,+229 44 25 10 55,h5436@accor.com,,PME (10-50),B2C,LinkedIn,,Actif,2026-06-29T00:05:29.719223,haute
BJ-0681B105,AfriTech Solutions Abomey-Calavi,Éducation & Formation,Abomey-Calavi,+229 68 97 29 29,contact@afritech.bj,afritech.bj,PME (10-50),B2B,LinkedIn,,Actif,2026-06-29T00:05:29.719267,haute
BJ-2F934EE3,BOAD Bureau,Éducation & Formation,Porto-Novo,+229 26 21 85 33,boad@boad.org,,Grande (>200),B2B,LinkedIn,,Actif,2026-06-29T00:05:29.719299,haute
BJ-3327FEAB,Digital Bureau,Éducation & Formation,Porto-Novo,+229 42 53 52 59,,,Grande (>200),B2C,LinkedIn,,Actif,2026-06-29T00:05:29.719311,moyenne
BJ-232AD123,Bénin HAMMER Porto-Novo,Éducation & Formation,Porto-Novo,+229 86 97 65 42,info@hammer.bj,,PME (10-50),B2C,LinkedIn,,Actif,2026-06-29T00:05:29.719325,haute
BJ-4BF0E0D2,AGS Groupe Porto-Novo,Éducation & Formation,Porto-Novo,+229 36 93 22 90,ags.benin@agsfidal.com,,TPE (<10),B2B/B2C,LinkedIn,,Actif,2026-06-29T00:05:29.719355,moyenne
BJ-F8798EDA,Université Ets Parakou,Éducation & Formation,Parakou,+229 21 73 61 89,rectorat@uac.bj,uac.bj,Grande (>200),B2B/B2C,LinkedIn,,Actif,2026-06-29T00:05:29.719400,haute
BJ-FC79C57C,AfriTech Groupe Parakou,Éducation & Formation,Parakou,+229 68 65 43 74,contact@afritech.bj,,PME (50-200),B2B,LinkedIn,,Actif,2026-06-29T00:05:29.719426,haute
BJ-F1D02D7E,Ets Groupe,Éducation & Formation,Bohicon,+229 61 43 62 61,,,Grande (>200),B2B,LinkedIn,,Actif,2026-06-29T00:05:29.719445,moyenne
BJ-5DF67419,HAMMER SA,Éducation & Formation,Bohicon,+229 97 55 74 82,info@hammer.bj,hammer.bj,Grande (>200),B2B,LinkedIn,,Actif,2026-06-29T00:05:29.719542,haute
BJ-C86E9395,Pharmaquick Ets,Éducation & Formation,Bohicon,+229 73 73 65 71,,,TPE (<10),B2B/B2C,LinkedIn,,Actif,2026-06-29T00:05:29.719583,moyenne
BJ-253152CF,Clinique,Éducation & Formation,Natitingou,+229 74 93 65 13,stluc@cliniquestluc.bj,cliniquestluc.bj,Grande (>200),B2B,LinkedIn,,Actif,2026-06-29T00:05:29.719705,haute
BJ-788C7BDA,Clinique Bureau,Éducation & Formation,Lokossa,+229 81 69 16 27,,cliniquestluc.bj,TPE (<10),B2B/B2C,LinkedIn,,Actif,2026-06-29T00:05:29.719800,haute
BJ-DBBD39EC,BOAD Cabinet,Éducation & Formation,Ouidah,+229 53 64 40 92,,,PME (50-200),B2B,LinkedIn,,Actif,2026-06-29T00:05:29.719835,haute
BJ-9257DE16,Bénin MTN,Éducation & Formation,Ouidah,+229 62 26 77 75,,mtn.bj,Grande (>200),B2B,LinkedIn,,Actif,2026-06-29T00:05:29.719853,haute
BJ-9A1C6934,Novotel Cabinet,Technologie & IT,Cotonou,+229 43 28 17 47,,,PME (10-50),B2B/B2C,LinkedIn,,Actif,2026-06-29T00:05:29.719928,haute
BJ-C9BDC8E9,Bénin Pharmaquick Cotonou,Technologie & IT,Cotonou,+229 30 10 40 76,pharmaquick@gmail.com,,PME (50-200),B2C,LinkedIn,,Actif,2026-06-29T00:05:29.720017,moyenne
BJ-3DD7CAD0,Jumia,Technologie & IT,Cotonou,+229 49 89 85 84,,,TPE (<10),B2B/B2C,LinkedIn,,Actif,2026-06-29T00:05:29.720052,haute
BJ-194EC9B2,Cabinet Arch-Design Bénin Porto-Novo,Technologie & IT,Porto-Novo,+229 29 51 87 73,,,PME (10-50),B2B,LinkedIn,,Actif,2026-06-29T00:05:29.720354,moyenne
BJ-4AC9E994,Restaurant SARL Porto-Novo,Technologie & IT,Porto-Novo,+229 28 84 42 35,,,PME (50-200),B2B/B2C,LinkedIn,,Actif,2026-06-29T00:05:29.720373,moyenne
BJ-296BFA16,West Africa SOBEBRA,Technologie & IT,Parakou,+229 62 77 98 62,transport@sobebra.bj,,Grande (>200),B2B/B2C,LinkedIn,,Actif,2026-06-29T00:05:29.720409,moyenne
BJ-3225AE59,Bénin Score Parakou,Technologie & IT,Parakou,+229 51 59 89 18,,score-benin.com,Grande (>200),B2C,LinkedIn,,Actif,2026-06-29T00:05:29.720424,haute
BJ-E9B7CD27,Africa Groupe,Technologie & IT,Parakou,+229 90 18 53 73,collines.immo@yahoo.fr,,PME (50-200),B2B/B2C,LinkedIn,,Actif,2026-06-29T00:05:29.720464,moyenne
BJ-2B8FF9F2,SONAPRA Cabinet,Technologie & IT,Bohicon,+229 76 67 20 88,sonapra@sonapra.bj,,TPE (<10),B2B,LinkedIn,,Actif,2026-06-29T00:05:29.720484,moyenne
BJ-56D12BF7,Bénin CFAO Bohicon,Technologie & IT,Bohicon,+229 26 13 11 49,cfao.benin@cfao.com,cfao.com,PME (10-50),B2B/B2C,LinkedIn,,Actif,2026-06-29T00:05:29.720516,haute
BJ-FB84A246,West Africa Clinique,Technologie & IT,Natitingou,+229 37 69 46 78,stluc@cliniquestluc.bj,,PME (50-200),B2B,LinkedIn,,Actif,2026-06-29T00:05:29.720580,haute
BJ-5A36552E,BCEAO HAMMER Natitingou,Technologie & IT,Natitingou,+229 76 61 37 22,info@hammer.bj,hammer.bj,Grande (>200),B2B/B2C,LinkedIn,,Actif,2026-06-29T00:05:29.720593,haute
BJ-7F5F2C67,West Africa SONAPRA,Technologie & IT,Natitingou,+229 80 39 55 32,sonapra@sonapra.bj,,Grande (>200),B2B/B2C,LinkedIn,,Actif,2026-06-29T00:05:29.720619,moyenne
BJ-135668B4,West Africa Digital Lokossa,Technologie & IT,Lokossa,+229 84 51 73 44,digital.benin@gmail.com,,PME (50-200),B2B/B2C,LinkedIn,,Actif,2026-06-29T00:05:29.720639,moyenne
BJ-9802D527,CFAO Centre Lokossa,Technologie & IT,Lokossa,+229 66 26 15 29,,,PME (10-50),B2B/B2C,LinkedIn,,Actif,2026-06-29T00:05:29.720653,haute
BJ-D46A2CDE,SERHAU-SEM Ets Lokossa,Technologie & IT,Lokossa,+229 79 21 79 80,info@serhau.bj,serhau.bj,Grande (>200),B2B/B2C,LinkedIn,,Actif,2026-06-29T00:05:29.720669,haute
BJ-660C46DA,Pharmaquick Groupe,Technologie & IT,Lokossa,+229 93 79 31 47,pharmaquick@gmail.com,,PME (50-200),B2C,LinkedIn,,Actif,2026-06-29T00:05:29.720686,moyenne
BJ-9C8F25E1,BOAD Ets Lokossa,Technologie & IT,Lokossa,+229 47 65 26 67,boad@boad.org,,Grande (>200),B2C,LinkedIn,,Actif,2026-06-29T00:05:29.720700,haute
BJ-39F96568,MTN Bénin,Technologie & IT,Ouidah,+229 80 57 88 88,contact@mtn.bj,mtn.bj,TPE (<10),B2B,LinkedIn,,Actif,2026-06-29T00:05:29.720720,haute
BJ-0A43037B,Africa NSIA,Technologie & IT,Ouidah,+229 88 12 34 23,nsia.benin@nsiaassurances.com,nsiaassurances.com,Grande (>200),B2C,LinkedIn,,Actif,2026-06-29T00:05:29.720733,haute
BJ-FB0B6AD6,Bénin HAMMER Ouidah,Technologie & IT,Ouidah,+229 99 53 18 82,,hammer.bj,PME (50-200),B2C,LinkedIn,,Actif,2026-06-29T00:05:29.720746,haute
BJ-54AC3FD1,EPAC Bureau,Technologie & IT,Ouidah,+229 33 62 53 71,epac@epac.uac.bj,epac.uac.bj,PME (50-200),B2B,LinkedIn,,Actif,2026-06-29T00:05:29.720763,haute
BJ-50022BED,DHL SA Ouidah,Technologie & IT,Ouidah,+229 75 29 57 22,cotonou@dhl.com,dhl.com,PME (10-50),B2C,LinkedIn,,Actif,2026-06-29T00:05:29.720777,haute
BJ-1D4305EC,Moov SARL Abomey-Calavi,Industrie & Manufacture,Abomey-Calavi,+229 85 98 56 75,,,PME (10-50),B2C,LinkedIn,,Actif,2026-06-29T00:05:29.720964,haute
BJ-CC9EBB35,Africa MTN Parakou,Industrie & Manufacture,Parakou,+229 70 72 92 36,momo@mtn.bj,,TPE (<10),B2B,LinkedIn,,Actif,2026-06-29T00:05:29.721250,haute
BJ-2B95D3AE,Pharmaquick SARL,Industrie & Manufacture,Bohicon,+229 59 58 72 57,,,PME (50-200),B2B/B2C,LinkedIn,,Actif,2026-06-29T00:05:29.721323,moyenne
BJ-7029FEA3,Bénin Hôtel Bohicon,Industrie & Manufacture,Bohicon,+229 75 84 69 71,hotel.lac@yahoo.fr,,TPE (<10),B2B/B2C,LinkedIn,,Actif,2026-06-29T00:05:29.721354,moyenne
BJ-EDA10F8E,DHL SARL Natitingou,Industrie & Manufacture,Natitingou,+229 24 35 93 98,cotonou@dhl.com,,Grande (>200),B2B/B2C,LinkedIn,,Actif,2026-06-29T00:05:29.721422,haute
BJ-0A840475,Bénin HAMMER,Industrie & Manufacture,Natitingou,+229 82 91 20 46,info@hammer.bj,hammer.bj,TPE (<10),B2C,LinkedIn,,Actif,2026-06-29T00:05:29.721473,haute
BJ-883B2542,Africa Score,Industrie & Manufacture,Lokossa,+229 92 17 32 58,score@score-benin.com,score-benin.com,Grande (>200),B2C,LinkedIn,,Actif,2026-06-29T00:05:29.721566,haute
BJ-6B6B0CBF,West Africa CNHU-HKM Ouidah,Industrie & Manufacture,Ouidah,+229 57 31 68 36,contact@cnhu.bj,cnhu.bj,TPE (<10),B2B/B2C,LinkedIn,,Actif,2026-06-29T00:05:29.721723,haute
BJ-947272D1,Digital SARL,Services aux entreprises,Cotonou,+229 25 71 56 93,digital.benin@gmail.com,,Grande (>200),B2B,LinkedIn,,Actif,2026-06-29T00:05:29.721804,moyenne
BJ-E5946C18,Moov Ets,Services aux entreprises,Cotonou,+229 80 99 17 71,,,PME (50-200),B2B/B2C,LinkedIn,,Actif,2026-06-29T00:05:29.721950,haute
BJ-EB92C0E1,MTN SARL,Services aux entreprises,Abomey-Calavi,+229 90 56 75 82,momo@mtn.bj,,Grande (>200),B2B,LinkedIn,,Actif,2026-06-29T00:05:29.722030,haute
BJ-E611492E,MTN SARL Abomey-Calavi,Services aux entreprises,Abomey-Calavi,+229 58 71 63 76,contact@mtn.bj,mtn.bj,PME (50-200),B2B,LinkedIn,,Actif,2026-06-29T00:05:29.722079,haute
BJ-533497B6,AfriTech Bureau Porto-Novo,Services aux entreprises,Porto-Novo,+229 82 96 41 43,contact@afritech.bj,,PME (10-50),B2B,LinkedIn,,Actif,2026-06-29T00:05:29.722239,haute
BJ-F14345D8,SERHAU-SEM Bureau,Services aux entreprises,Parakou,+229 32 74 54 43,,,Grande (>200),B2B/B2C,LinkedIn,,Actif,2026-06-29T00:05:29.722445,haute
BJ-0473A4BC,HAMMER Bureau Parakou,Services aux entreprises,Parakou,+229 35 56 76 65,info@hammer.bj,,Grande (>200),B2B/B2C,LinkedIn,,Actif,2026-06-29T00:05:29.722506,haute
BJ-33E91209,BOAD Bohicon,Services aux entreprises,Bohicon,+229 69 54 23 79,,,TPE (<10),B2B,LinkedIn,,Actif,2026-06-29T00:05:29.722604,haute
BJ-3D5EDE19,Ets,Services aux entreprises,Bohicon,+229 70 60 71 53,,,TPE (<10),B2B,LinkedIn,,Actif,2026-06-29T00:05:29.722719,moyenne
BJ-718F669A,Novotel SA,Services aux entreprises,Natitingou,+229 70 56 56 95,h5436@accor.com,,Grande (>200),B2B/B2C,LinkedIn,,Actif,2026-06-29T00:05:29.722779,haute
BJ-53FA8950,Jumia SA,Services aux entreprises,Natitingou,+229 63 18 67 14,,jumia.com.bj,PME (50-200),B2B,LinkedIn,,Actif,2026-06-29T00:05:29.722806,haute
BJ-579A5CAF,Score Bureau,Services aux entreprises,Natitingou,+229 81 11 55 62,score@score-benin.com,score-benin.com,Grande (>200),B2B,LinkedIn,,Actif,2026-06-29T00:05:29.722883,haute
BJ-3BAB7F08,Africa SERHAU-SEM,Services aux entreprises,Lokossa,+229 42 90 96 10,info@serhau.bj,,PME (50-200),B2B/B2C,LinkedIn,,Actif,2026-06-29T00:05:29.723004,haute
BJ-2D7EFEAB,Bénin EPAC Lokossa,Services aux entreprises,Lokossa,+229 41 61 84 10,epac@epac.uac.bj,epac.uac.bj,PME (50-200),B2C,LinkedIn,,Actif,2026-06-29T00:05:29.723069,haute
BJ-7E01600A,BCEAO MTN,Services aux entreprises,Lokossa,+229 84 68 91 10,,,PME (10-50),B2C,LinkedIn,,Actif,2026-06-29T00:05:29.723134,haute
BJ-0342A81A,BCEAO Groupe Ouidah,Services aux entreprises,Ouidah,+229 82 48 40 48,,,PME (50-200),B2C,LinkedIn,,Actif,2026-06-29T00:05:29.723186,moyenne
BJ-EAE0F194,HAMMER Bureau,Services aux entreprises,Ouidah,+229 49 87 38 74,info@hammer.bj,hammer.bj,Grande (>200),B2B,LinkedIn,,Actif,2026-06-29T00:05:29.723260,haute
BJ-B4E129BF,West Africa EPAC Ouidah,Services aux entreprises,Ouidah,+229 89 99 44 72,epac@epac.uac.bj,,PME (10-50),B2B,LinkedIn,,Actif,2026-06-29T00:05:29.723359,haute
BJ-CA4D8954,Africa Score Cotonou,Énergie & Environnement,Cotonou,+229 48 19 92 46,score@score-benin.com,,Grande (>200),B2C,LinkedIn,,Actif,2026-06-29T00:05:29.723557,haute
BJ-B6270BA3,AGS Cabinet Abomey-Calavi,Énergie & Environnement,Abomey-Calavi,+229 62 67 25 15,,,PME (10-50),B2C,LinkedIn,,Actif,2026-06-29T00:05:29.723612,moyenne
BJ-CAFDD68C,Bénin EPAC Abomey-Calavi,Énergie & Environnement,Abomey-Calavi,+229 61 52 91 18,epac@epac.uac.bj,,PME (10-50),B2B/B2C,LinkedIn,,Actif,2026-06-29T00:05:29.723655,haute
BJ-98FB822F,Africa Score,Énergie & Environnement,Abomey-Calavi,+229 56 54 14 89,score@score-benin.com,,Grande (>200),B2B,LinkedIn,,Actif,2026-06-29T00:05:29.723690,haute
BJ-CE1225F7,SOBEBRA SA,Énergie & Environnement,Abomey-Calavi,+229 46 82 31 92,,,PME (50-200),B2C,LinkedIn,,Actif,2026-06-29T00:05:29.723735,moyenne
BJ-86F7241F,West Africa Ets Parakou,Énergie & Environnement,Parakou,+229 53 99 47 99,agro.benin@gmail.com,,PME (10-50),B2B,LinkedIn,,Actif,2026-06-29T00:05:29.724047,moyenne
BJ-F3F0E060,EPAC Bureau,Énergie & Environnement,Parakou,+229 34 46 11 47,epac@epac.uac.bj,,PME (10-50),B2B/B2C,LinkedIn,,Actif,2026-06-29T00:05:29.724095,haute
BJ-C06009FA,Groupe Cabinet Bohicon,Énergie & Environnement,Bohicon,+229 75 13 19 12,collines.immo@yahoo.fr,,TPE (<10),B2B/B2C,LinkedIn,,Actif,2026-06-29T00:05:29.724137,moyenne
BJ-23AAE9AD,Africa AGS Bohicon,Énergie & Environnement,Bohicon,+229 37 89 93 75,ags.benin@agsfidal.com,,PME (50-200),B2C,LinkedIn,,Actif,2026-06-29T00:05:29.724164,moyenne
BJ-0F9001B3,Jumia Centre,Énergie & Environnement,Bohicon,+229 63 19 72 18,,,PME (50-200),B2B/B2C,LinkedIn,,Actif,2026-06-29T00:05:29.724200,haute
BJ-273CB1E8,BCEAO Hôtel,Énergie & Environnement,Natitingou,+229 60 20 23 88,hotel.lac@yahoo.fr,,Grande (>200),B2B/B2C,LinkedIn,,Actif,2026-06-29T00:05:29.724350,moyenne
BJ-B633D81C,BCEAO SERHAU-SEM,Énergie & Environnement,Lokossa,+229 23 65 18 35,,serhau.bj,TPE (<10),B2B,LinkedIn,,Actif,2026-06-29T00:05:29.724465,haute
BJ-37EB467D,Digital SA,Énergie & Environnement,Lokossa,+229 75 18 80 28,,,PME (10-50),B2B/B2C,LinkedIn,,Actif,2026-06-29T00:05:29.724491,moyenne
BJ-FD091D80,BOAD Lokossa,Énergie & Environnement,Lokossa,+229 48 73 15 86,,,PME (50-200),B2B/B2C,LinkedIn,,Actif,2026-06-29T00:05:29.724568,haute
BJ-D49F83CA,Africa SOBEBRA Ouidah,Énergie & Environnement,Ouidah,+229 64 64 30 90,transport@sobebra.bj,,PME (50-200),B2B,LinkedIn,,Actif,2026-06-29T00:05:29.724685,moyenne
BJ-645267FE,Digital Ets,Énergie & Environnement,Ouidah,+229 86 79 31 74,digital.benin@gmail.com,,PME (10-50),B2B/B2C,LinkedIn,,Actif,2026-06-29T00:05:29.724721,moyenne
BJ-9D44827E,Groupe SA,Énergie & Environnement,Ouidah,+229 76 57 13 17,collines.immo@yahoo.fr,,PME (10-50),B2C,LinkedIn,,Actif,2026-06-29T00:05:29.724751,moyenne
BJ-4A6A43A8,EPAC Groupe,Médias & Communication,Cotonou,+229 75 19 34 54,,,TPE (<10),B2C,LinkedIn,,Actif,2026-06-29T00:05:29.724808,haute
BJ-433D39A2,Ets Ets,Médias & Communication,Cotonou,+229 26 98 29 22,,,TPE (<10),B2C,LinkedIn,,Actif,2026-06-29T00:05:29.724922,moyenne
BJ-EFFE3570,Jumia Cabinet Abomey-Calavi,Médias & Communication,Abomey-Calavi,+229 94 25 93 87,,,TPE (<10),B2C,LinkedIn,,Actif,2026-06-29T00:05:29.724988,haute
BJ-6B4DA741,SOBEBRA Abomey-Calavi,Médias & Communication,Abomey-Calavi,+229 34 93 60 49,transport@sobebra.bj,,TPE (<10),B2B/B2C,LinkedIn,,Actif,2026-06-29T00:05:29.725084,moyenne
BJ-984F72E9,Africa AGS Porto-Novo,Médias & Communication,Porto-Novo,+229 64 97 47 44,ags.benin@agsfidal.com,,PME (50-200),B2C,LinkedIn,,Actif,2026-06-29T00:05:29.725124,moyenne
BJ-F2E7C507,Bénin Score,Médias & Communication,Bohicon,+229 58 85 80 18,score@score-benin.com,score-benin.com,TPE (<10),B2C,LinkedIn,,Actif,2026-06-29T00:05:29.725494,haute
BJ-1EF6165A,Pharmaquick,Médias & Communication,Natitingou,+229 42 70 58 33,pharmaquick@gmail.com,,TPE (<10),B2B/B2C,LinkedIn,,Actif,2026-06-29T00:05:29.725626,moyenne
BJ-947DC21C,Jumia Bénin Lokossa,Médias & Communication,Lokossa,+229 77 99 12 44,benin@jumia.com,,Grande (>200),B2C,LinkedIn,,Actif,2026-06-29T00:05:29.725777,haute
BJ-3E686720,DHL Cabinet Lokossa,Médias & Communication,Lokossa,+229 86 78 71 48,cotonou@dhl.com,dhl.com,PME (50-200),B2C,LinkedIn,,Actif,2026-06-29T00:05:29.725855,haute
BJ-2C35F082,Novotel Ets Ouidah,Médias & Communication,Ouidah,+229 65 80 60 54,h5436@accor.com,novotel.com,Grande (>200),B2B,LinkedIn,,Actif,2026-06-29T00:05:29.726016,haute
BJ-3CA6F69F,Pharmaquick Bureau,ONG & Associations,Cotonou,+229 47 23 48 78,pharmaquick@gmail.com,,PME (10-50),B2C,LinkedIn,,Actif,2026-06-29T00:05:29.726169,moyenne
BJ-EC778D78,BCEAO SOBEBRA,ONG & Associations,Abomey-Calavi,+229 67 82 50 81,,,Grande (>200),B2B,LinkedIn,,Actif,2026-06-29T00:05:29.726550,moyenne
BJ-D5CFF418,DHL Porto-Novo,ONG & Associations,Porto-Novo,+229 44 37 73 89,,dhl.com,TPE (<10),B2B/B2C,LinkedIn,,Actif,2026-06-29T00:05:29.726642,haute
BJ-94435542,West Africa Clinique Parakou,ONG & Associations,Parakou,+229 90 42 81 48,stluc@cliniquestluc.bj,,PME (10-50),B2B/B2C,LinkedIn,,Actif,2026-06-29T00:05:29.726848,haute
BJ-BEE90531,West Africa Université Bohicon,ONG & Associations,Bohicon,+229 88 56 47 51,,uac.bj,PME (50-200),B2B/B2C,LinkedIn,,Actif,2026-06-29T00:05:29.726964,haute
BJ-05E110FD,MTN SARL Bohicon,ONG & Associations,Bohicon,+229 96 95 37 49,,mtn.bj,PME (50-200),B2B,LinkedIn,,Actif,2026-06-29T00:05:29.727019,haute
BJ-4FFA0731,Africa SOBETRAP,ONG & Associations,Bohicon,+229 94 17 93 92,contact@sobetrap.bj,,PME (50-200),B2C,LinkedIn,,Actif,2026-06-29T00:05:29.727045,haute
BJ-D32ADEB3,Hôtel Cabinet,ONG & Associations,Natitingou,+229 46 51 77 58,hotel.lac@yahoo.fr,,PME (50-200),B2C,LinkedIn,,Actif,2026-06-29T00:05:29.727097,moyenne
BJ-9138AD7B,CNHU-HKM Groupe Lokossa,ONG & Associations,Lokossa,+229 63 76 10 96,,,PME (10-50),B2C,LinkedIn,,Actif,2026-06-29T00:05:29.727295,haute
BJ-6D7C21F9,BCEAO Hôtel,ONG & Associations,Lokossa,+229 33 86 50 34,hotel.lac@yahoo.fr,,PME (50-200),B2B,LinkedIn,,Actif,2026-06-29T00:05:29.727354,moyenne
BJ-197E5F93,Score Cabinet,ONG & Associations,Lokossa,+229 20 31 40 74,score@score-benin.com,,TPE (<10),B2B,LinkedIn,,Actif,2026-06-29T00:05:29.727378,haute
BJ-8D871D84,BCEAO Cabinet,ONG & Associations,Ouidah,+229 87 94 38 98,,,PME (10-50),B2B/B2C,LinkedIn,,Actif,2026-06-29T00:05:29.727415,moyenne
BJ-633A751E,BCEAO AfriTech,ONG & Associations,Ouidah,+229 26 53 15 64,contact@afritech.bj,,PME (10-50),B2B,LinkedIn,,Actif,2026-06-29T00:05:29.727436,haute
BJ-76ACDD93,BCEAO Université Cotonou,BTP & Immobilier,Cotonou,+229 52 29 92 31,,,PME (10-50),B2B/B2C,Google Maps,4.7,Actif,2026-06-29T00:05:43.166614,haute
BJ-E434EF6A,West Africa Moov Cotonou,BTP & Immobilier,Cotonou,+229 23 72 36 26,moov@moov.bj,moov.bj,PME (50-200),B2B,Google Maps,3.0,Actif,2026-06-29T00:05:43.166707,haute
BJ-3A36AF66,NSIA Ets,BTP & Immobilier,Cotonou,+229 68 57 77 81,nsia.benin@nsiaassurances.com,nsiaassurances.com,PME (50-200),B2B,Google Maps,3.6,Actif,2026-06-29T00:05:43.166795,haute
BJ-7AF91AE9,Groupe Cabinet Abomey-Calavi,BTP & Immobilier,Abomey-Calavi,+229 67 16 68 30,collines.immo@yahoo.fr,,PME (10-50),B2C,Google Maps,4.8,Actif,2026-06-29T00:05:43.167378,moyenne
BJ-BC8562E1,Africa Ets Porto-Novo,BTP & Immobilier,Porto-Novo,+229 76 48 17 13,,,PME (50-200),B2B,Google Maps,4.6,Actif,2026-06-29T00:05:43.167738,moyenne
BJ-45D7B0F8,AGS Ets,BTP & Immobilier,Porto-Novo,+229 59 97 12 68,,,PME (50-200),B2C,Google Maps,3.7,Actif,2026-06-29T00:05:43.167821,moyenne
BJ-47B02C9E,AfriTech Cabinet,BTP & Immobilier,Parakou,+229 69 84 56 12,,afritech.bj,TPE (<10),B2C,Google Maps,3.6,Actif,2026-06-29T00:05:43.168151,haute
BJ-EA50EC76,West Africa Hôtel Parakou,BTP & Immobilier,Parakou,+229 68 44 91 89,hotel.lac@yahoo.fr,,PME (10-50),B2C,Google Maps,4.2,Actif,2026-06-29T00:05:43.168238,moyenne
BJ-EEB1B1FB,West Africa Novotel Parakou,BTP & Immobilier,Parakou,+229 61 68 41 82,h5436@accor.com,,PME (50-200),B2C,Google Maps,3.9,Actif,2026-06-29T00:05:43.168320,haute
BJ-1A054EF2,Africa NSIA,BTP & Immobilier,Bohicon,+229 46 27 32 40,nsia.benin@nsiaassurances.com,,TPE (<10),B2C,Google Maps,4.0,Actif,2026-06-29T00:05:43.168644,haute
BJ-85A089FF,BCEAO HAMMER,BTP & Immobilier,Natitingou,+229 62 52 80 81,,,TPE (<10),B2B/B2C,Google Maps,4.7,Actif,2026-06-29T00:05:43.169648,haute
BJ-3B01B67D,AfriTech Centre,BTP & Immobilier,Natitingou,+229 53 95 94 39,,afritech.bj,PME (10-50),B2C,Google Maps,3.8,Actif,2026-06-29T00:05:43.169730,haute
BJ-1C9AF9DD,CFAO Cabinet,BTP & Immobilier,Natitingou,+229 25 20 31 79,,,PME (50-200),B2C,Google Maps,5.0,Actif,2026-06-29T00:05:43.169813,haute
BJ-A7AE75AA,Africa SOBEBRA,BTP & Immobilier,Lokossa,+229 50 43 50 10,,,TPE (<10),B2B,Google Maps,4.6,Actif,2026-06-29T00:05:43.170401,moyenne
BJ-8378DF45,AfriTech Cabinet,BTP & Immobilier,Ouidah,+229 90 71 26 38,contact@afritech.bj,afritech.bj,PME (10-50),B2B/B2C,Google Maps,4.2,Actif,2026-06-29T00:05:43.170818,haute
BJ-15296A2D,AGS SA,BTP & Immobilier,Ouidah,+229 65 67 73 55,,,PME (10-50),B2B,Google Maps,3.2,Actif,2026-06-29T00:05:43.170933,moyenne
BJ-A3B348A1,Ets SA,BTP & Immobilier,Ouidah,+229 21 26 11 91,,,Grande (>200),B2B/B2C,Google Maps,3.8,Actif,2026-06-29T00:05:43.171027,moyenne
BJ-C5A229C3,Digital Bureau,Commerce & Distribution,Cotonou,+229 73 74 23 34,,,TPE (<10),B2B/B2C,Google Maps,3.2,Actif,2026-06-29T00:05:43.171333,moyenne
BJ-2259A2EF,DHL SA Abomey-Calavi,Commerce & Distribution,Abomey-Calavi,+229 94 78 15 88,cotonou@dhl.com,,PME (10-50),B2B,Google Maps,3.7,Actif,2026-06-29T00:05:43.171804,haute
BJ-047F9B66,Bénin Université,Commerce & Distribution,Porto-Novo,+229 25 25 56 71,,,TPE (<10),B2C,Google Maps,4.9,Actif,2026-06-29T00:05:43.172227,haute
BJ-24360318,BCEAO Novotel,Commerce & Distribution,Porto-Novo,+229 94 38 84 33,h5436@accor.com,,TPE (<10),B2C,Google Maps,3.2,Actif,2026-06-29T00:05:43.172397,haute
BJ-37D65F55,Cabinet SA,Commerce & Distribution,Parakou,+229 49 66 40 32,,,PME (50-200),B2C,Google Maps,4.9,Actif,2026-06-29T00:05:43.172875,moyenne
BJ-B1183317,Digital Centre,Commerce & Distribution,Bohicon,+229 58 58 72 98,,,PME (50-200),B2B,Google Maps,3.3,Actif,2026-06-29T00:05:43.173210,moyenne
BJ-087CEA9B,Africa NSIA Bohicon,Commerce & Distribution,Bohicon,+229 42 13 49 86,,nsiaassurances.com,PME (50-200),B2B/B2C,Google Maps,3.6,Actif,2026-06-29T00:05:43.173563,haute
BJ-2F89E8D4,BCEAO Jumia Natitingou,Commerce & Distribution,Natitingou,+229 34 38 61 97,benin@jumia.com,jumia.com.bj,TPE (<10),B2C,Google Maps,4.5,Actif,2026-06-29T00:05:43.173994,haute
BJ-0944882E,Bénin SOBEBRA,Commerce & Distribution,Natitingou,+229 20 83 90 68,transport@sobebra.bj,,TPE (<10),B2C,Google Maps,4.4,Actif,2026-06-29T00:05:43.174086,moyenne
BJ-BE158056,SONAPRA SARL,Commerce & Distribution,Lokossa,+229 85 74 42 30,,,PME (10-50),B2B,Google Maps,4.2,Actif,2026-06-29T00:05:43.174548,moyenne
BJ-39F1C993,Ets Groupe,Commerce & Distribution,Lokossa,+229 54 51 29 40,,,PME (50-200),B2B/B2C,Google Maps,4.0,Actif,2026-06-29T00:05:43.174638,moyenne
BJ-7DEF63F1,MTN Bénin Cotonou,Restauration & Hôtellerie,Cotonou,+229 70 17 46 83,contact@mtn.bj,,Grande (>200),B2B,Google Maps,3.9,Actif,2026-06-29T00:05:43.175296,haute
BJ-6435601E,Cabinet Ets Cotonou,Restauration & Hôtellerie,Cotonou,+229 86 41 85 23,,,PME (10-50),B2B,Google Maps,4.8,Actif,2026-06-29T00:05:43.175553,moyenne
BJ-63FE5922,AfriTech Solutions Cotonou,Restauration & Hôtellerie,Cotonou,+229 41 84 17 96,,,PME (50-200),B2C,Google Maps,3.8,Actif,2026-06-29T00:05:43.175637,haute
BJ-1EC773F0,Moov,Restauration & Hôtellerie,Abomey-Calavi,+229 36 93 74 10,moov@moov.bj,,PME (50-200),B2B/B2C,Google Maps,4.3,Actif,2026-06-29T00:05:43.176055,haute
BJ-AF531E7E,BCEAO Digital,Restauration & Hôtellerie,Abomey-Calavi,+229 74 60 14 38,digital.benin@gmail.com,,TPE (<10),B2B,Google Maps,3.3,Actif,2026-06-29T00:05:43.176139,moyenne
BJ-E7BAD0CB,Jumia Groupe,Restauration & Hôtellerie,Porto-Novo,+229 51 42 12 55,,,TPE (<10),B2B,Google Maps,4.7,Actif,2026-06-29T00:05:43.176594,haute
BJ-8437E76A,West Africa Ets,Restauration & Hôtellerie,Parakou,+229 78 56 90 53,,,TPE (<10),B2C,Google Maps,4.9,Actif,2026-06-29T00:05:43.177002,moyenne
BJ-BA5675E8,Moov SA Bohicon,Restauration & Hôtellerie,Bohicon,+229 79 17 89 51,moov@moov.bj,moov.bj,Grande (>200),B2C,Google Maps,3.2,Actif,2026-06-29T00:05:43.177222,haute
BJ-82BA442B,Ets Bohicon,Restauration & Hôtellerie,Bohicon,+229 80 71 36 80,,,PME (10-50),B2B,Google Maps,4.7,Actif,2026-06-29T00:05:43.177483,moyenne
BJ-1B6280C7,West Africa Cabinet,Restauration & Hôtellerie,Natitingou,+229 30 76 88 15,arch.design@gmail.com,,PME (10-50),B2B,Google Maps,4.4,Actif,2026-06-29T00:05:43.177767,moyenne
BJ-A452249C,Africa Université,Restauration & Hôtellerie,Natitingou,+229 32 38 59 90,rectorat@uac.bj,uac.bj,PME (50-200),B2B,Google Maps,4.5,Actif,2026-06-29T00:05:43.177972,haute
BJ-2B32D23B,BCEAO CFAO Lokossa,Restauration & Hôtellerie,Lokossa,+229 88 17 34 95,cfao.benin@cfao.com,cfao.com,PME (10-50),B2B/B2C,Google Maps,4.4,Actif,2026-06-29T00:05:43.178346,haute
BJ-F20EB928,CNHU-HKM Ets,Restauration & Hôtellerie,Ouidah,+229 88 36 88 96,,cnhu.bj,PME (10-50),B2B,Google Maps,4.3,Actif,2026-06-29T00:05:43.178630,haute
BJ-2B9B4094,SOBETRAP Cabinet,Restauration & Hôtellerie,Ouidah,+229 32 10 80 49,,sobetrap.bj,PME (50-200),B2B,Google Maps,3.3,Actif,2026-06-29T00:05:43.178716,haute
BJ-D03DFC8D,Digital Ouidah,Restauration & Hôtellerie,Ouidah,+229 56 13 48 99,digital.benin@gmail.com,,Grande (>200),B2B,Google Maps,3.8,Actif,2026-06-29T00:05:43.178817,moyenne
BJ-0558880F,Score SA Ouidah,Restauration & Hôtellerie,Ouidah,+229 56 81 97 91,score@score-benin.com,score-benin.com,PME (50-200),B2B/B2C,Google Maps,3.1,Actif,2026-06-29T00:05:43.179452,haute
BJ-0F3E865F,Groupe Cabinet,Restauration & Hôtellerie,Ouidah,+229 47 64 37 43,,,PME (10-50),B2C,Google Maps,4.3,Actif,2026-06-29T00:05:43.179574,moyenne
BJ-6E0B85FD,BCEAO CFAO Abomey-Calavi,Santé & Pharmacie,Abomey-Calavi,+229 29 79 46 46,,,TPE (<10),B2B/B2C,Google Maps,3.8,Actif,2026-06-29T00:05:43.180328,haute
BJ-6BEEA5E9,SOBEBRA Transport Abomey-Calavi,Santé & Pharmacie,Abomey-Calavi,+229 38 45 33 49,,,Grande (>200),B2C,Google Maps,4.1,Actif,2026-06-29T00:05:43.180414,moyenne
BJ-32197655,MTN Groupe Porto-Novo,Santé & Pharmacie,Porto-Novo,+229 34 35 79 30,,mtn.bj,Grande (>200),B2B,Google Maps,4.4,Actif,2026-06-29T00:05:43.180818,haute
BJ-F6EB5C35,CFAO Motors Bénin Porto-Novo,Santé & Pharmacie,Porto-Novo,+229 48 21 27 45,cfao.benin@cfao.com,cfao.com,PME (10-50),B2C,Google Maps,4.0,Actif,2026-06-29T00:05:43.181132,haute
BJ-5BC7D9D6,Pharmaquick Cabinet Parakou,Santé & Pharmacie,Parakou,+229 32 17 82 18,pharmaquick@gmail.com,,Grande (>200),B2B,Google Maps,3.4,Actif,2026-06-29T00:05:43.181359,moyenne
BJ-2FDAE866,BCEAO Restaurant Bohicon,Santé & Pharmacie,Bohicon,+229 64 52 46 33,,,Grande (>200),B2B,Google Maps,4.2,Actif,2026-06-29T00:05:43.181702,moyenne
BJ-CBC86F95,Novotel SARL,Santé & Pharmacie,Bohicon,+229 65 88 31 93,h5436@accor.com,novotel.com,PME (10-50),B2B,Google Maps,4.3,Actif,2026-06-29T00:05:43.181839,haute
BJ-6ACF9C16,Bénin EPAC Natitingou,Santé & Pharmacie,Natitingou,+229 76 45 42 65,,,PME (50-200),B2B/B2C,Google Maps,4.9,Actif,2026-06-29T00:05:43.182341,haute
BJ-2DD83CE8,Clinique Bureau,Santé & Pharmacie,Natitingou,+229 30 88 80 47,stluc@cliniquestluc.bj,cliniquestluc.bj,TPE (<10),B2C,Google Maps,3.7,Actif,2026-06-29T00:05:43.182497,haute
BJ-8678120E,Africa CFAO,Santé & Pharmacie,Ouidah,+229 22 63 26 26,,cfao.com,TPE (<10),B2C,Google Maps,4.3,Actif,2026-06-29T00:05:43.183212,haute
BJ-BE279C3B,AGS Déménagements Bénin,Santé & Pharmacie,Ouidah,+229 57 83 16 80,,,TPE (<10),B2C,Google Maps,3.1,Actif,2026-06-29T00:05:43.183287,moyenne
BJ-61695703,BCEAO HAMMER Ouidah,Santé & Pharmacie,Ouidah,+229 70 51 47 23,info@hammer.bj,hammer.bj,Grande (>200),B2C,Google Maps,4.3,Actif,2026-06-29T00:05:43.183360,haute
BJ-DE65467B,Bénin NSIA Cotonou,Finance & Assurance,Cotonou,+229 30 63 94 43,nsia.benin@nsiaassurances.com,nsiaassurances.com,TPE (<10),B2B,Google Maps,3.4,Actif,2026-06-29T00:05:43.183464,haute
BJ-E7EAC803,BCEAO Digital Cotonou,Finance & Assurance,Cotonou,+229 40 26 42 99,digital.benin@gmail.com,,PME (10-50),B2C,Google Maps,4.8,Actif,2026-06-29T00:05:43.183535,moyenne
BJ-EF8BEC38,Novotel,Finance & Assurance,Abomey-Calavi,+229 50 34 60 83,,,PME (10-50),B2B/B2C,Google Maps,4.4,Actif,2026-06-29T00:05:43.183856,haute
BJ-8D87FBDE,Ets Cabinet,Finance & Assurance,Porto-Novo,+229 87 53 16 35,agro.benin@gmail.com,,Grande (>200),B2B/B2C,Google Maps,3.5,Actif,2026-06-29T00:05:43.184546,moyenne
BJ-CAD2C134,MTN,Finance & Assurance,Parakou,+229 70 60 89 15,contact@mtn.bj,mtn.bj,PME (10-50),B2C,Google Maps,5.0,Actif,2026-06-29T00:05:43.184857,haute
BJ-A54A8289,AfriTech Centre,Finance & Assurance,Bohicon,+229 86 10 84 43,contact@afritech.bj,afritech.bj,Grande (>200),B2C,Google Maps,4.2,Actif,2026-06-29T00:05:43.185376,haute
BJ-D68468B6,Jumia Bénin Bohicon,Finance & Assurance,Bohicon,+229 32 57 10 89,benin@jumia.com,,Grande (>200),B2B,Google Maps,4.8,Actif,2026-06-29T00:05:43.185554,haute
BJ-0326BDDA,Score SA,Finance & Assurance,Bohicon,+229 30 19 72 96,score@score-benin.com,,TPE (<10),B2C,Google Maps,4.5,Actif,2026-06-29T00:05:43.185642,haute
BJ-8CF9EEF5,CNHU-HKM Groupe Natitingou,Finance & Assurance,Natitingou,+229 61 79 66 68,contact@cnhu.bj,,Grande (>200),B2C,Google Maps,4.2,Actif,2026-06-29T00:05:43.185972,haute
BJ-39E6E299,BOAD SA,Finance & Assurance,Natitingou,+229 23 74 31 60,boad@boad.org,boad.org,PME (50-200),B2B/B2C,Google Maps,3.7,Actif,2026-06-29T00:05:43.186060,haute
BJ-733B3DDC,BOAD SARL,Finance & Assurance,Natitingou,+229 66 94 20 65,boad@boad.org,,TPE (<10),B2B,Google Maps,3.4,Actif,2026-06-29T00:05:43.186140,haute
BJ-D469E9C9,West Africa DHL Lokossa,Finance & Assurance,Lokossa,+229 66 10 14 35,cotonou@dhl.com,dhl.com,Grande (>200),B2B,Google Maps,3.7,Actif,2026-06-29T00:05:43.186356,haute
BJ-78FB55BC,BCEAO Digital,Finance & Assurance,Lokossa,+229 46 96 30 59,digital.benin@gmail.com,,PME (10-50),B2C,Google Maps,3.5,Actif,2026-06-29T00:05:43.186443,moyenne
BJ-1A40D4F8,Moov Ets Lokossa,Finance & Assurance,Lokossa,+229 42 97 69 45,moov@moov.bj,moov.bj,TPE (<10),B2B,Google Maps,3.9,Actif,2026-06-29T00:05:43.186708,haute
BJ-26367D4D,Cabinet Centre,Finance & Assurance,Ouidah,+229 70 15 65 25,,,PME (10-50),B2B/B2C,Google Maps,3.2,Actif,2026-06-29T00:05:43.186840,moyenne
BJ-DE3456E9,EPAC - École Polytechnique Ouidah,Finance & Assurance,Ouidah,+229 92 50 96 81,,epac.uac.bj,PME (50-200),B2B/B2C,Google Maps,4.5,Actif,2026-06-29T00:05:43.187082,haute
BJ-CCEF950E,Bénin Digital,Finance & Assurance,Ouidah,+229 59 57 35 64,digital.benin@gmail.com,,Grande (>200),B2C,Google Maps,4.7,Actif,2026-06-29T00:05:43.187160,moyenne
BJ-0EB3A79B,Africa BOAD,Finance & Assurance,Ouidah,+229 37 65 17 77,,,PME (10-50),B2B,Google Maps,3.4,Actif,2026-06-29T00:05:43.187233,haute
BJ-968922C0,BOAD SA Cotonou,Transport & Logistique,Cotonou,+229 84 66 37 60,boad@boad.org,,PME (50-200),B2B,Google Maps,3.9,Actif,2026-06-29T00:05:43.187350,haute
BJ-C4DB0A7A,DHL SA,Transport & Logistique,Cotonou,+229 50 43 11 18,cotonou@dhl.com,dhl.com,PME (50-200),B2C,Google Maps,3.4,Actif,2026-06-29T00:05:43.187490,haute
BJ-49CF420F,BCEAO SERHAU-SEM,Transport & Logistique,Cotonou,+229 69 80 91 12,info@serhau.bj,,PME (10-50),B2C,Google Maps,4.9,Actif,2026-06-29T00:05:43.187629,haute
BJ-69A03DE8,Ets SARL Abomey-Calavi,Transport & Logistique,Abomey-Calavi,+229 56 56 79 98,agro.benin@gmail.com,,PME (50-200),B2C,Google Maps,3.3,Actif,2026-06-29T00:05:43.187736,moyenne
BJ-D87CB5EA,Moov Groupe,Transport & Logistique,Parakou,+229 23 99 76 73,,moov.bj,TPE (<10),B2B,Google Maps,3.6,Actif,2026-06-29T00:05:43.188561,haute
BJ-78C4427A,Restaurant Ets,Transport & Logistique,Parakou,+229 75 93 86 39,,,PME (10-50),B2B,Google Maps,4.4,Actif,2026-06-29T00:05:43.188620,moyenne
BJ-17F898A1,BCEAO SOBETRAP Parakou,Transport & Logistique,Parakou,+229 60 91 95 85,contact@sobetrap.bj,,TPE (<10),B2B/B2C,Google Maps,4.4,Actif,2026-06-29T00:05:43.188685,haute
BJ-E17E7F3E,West Africa Ecobank Bohicon,Transport & Logistique,Bohicon,+229 31 21 75 79,,,Grande (>200),B2B,Google Maps,4.6,Actif,2026-06-29T00:05:43.188939,haute
BJ-4EC7E958,HAMMER Centre Bohicon,Transport & Logistique,Bohicon,+229 34 65 40 68,info@hammer.bj,,PME (10-50),B2B/B2C,Google Maps,4.2,Actif,2026-06-29T00:05:43.189068,haute
BJ-8DA80743,Ecobank Cabinet,Transport & Logistique,Natitingou,+229 27 41 29 18,ecobank.benin@ecobank.com,,TPE (<10),B2B,Google Maps,3.8,Actif,2026-06-29T00:05:43.189231,haute
BJ-0B7845EA,Ets Groupe,Transport & Logistique,Natitingou,+229 59 24 32 53,,,Grande (>200),B2C,Google Maps,4.7,Actif,2026-06-29T00:05:43.189296,moyenne
BJ-32262190,BOAD,Transport & Logistique,Natitingou,+229 92 45 50 10,,,Grande (>200),B2B,Google Maps,3.3,Actif,2026-06-29T00:05:43.189363,haute
BJ-8ACA041B,Restaurant,Transport & Logistique,Natitingou,+229 70 20 26 43,,,PME (10-50),B2B,Google Maps,3.5,Actif,2026-06-29T00:05:43.189490,moyenne
BJ-D3C64235,HAMMER Lokossa,Transport & Logistique,Lokossa,+229 33 41 22 52,info@hammer.bj,,PME (50-200),B2B,Google Maps,4.7,Actif,2026-06-29T00:05:43.189593,haute
BJ-2630AE74,Moov Ets Ouidah,Transport & Logistique,Ouidah,+229 98 95 18 75,,moov.bj,TPE (<10),B2B/B2C,Google Maps,4.7,Actif,2026-06-29T00:05:43.190047,haute
BJ-CCFBDD81,AfriTech Groupe Ouidah,Transport & Logistique,Ouidah,+229 42 33 61 90,,,TPE (<10),B2B,Google Maps,4.0,Actif,2026-06-29T00:05:43.190138,haute
BJ-B5A7C686,EPAC Centre Ouidah,Transport & Logistique,Ouidah,+229 87 67 29 30,,epac.uac.bj,TPE (<10),B2B/B2C,Google Maps,4.7,Actif,2026-06-29T00:05:43.190224,haute
BJ-A4F9B98D,MTN Ets,Télécommunications,Cotonou,+229 66 43 79 55,contact@mtn.bj,mtn.bj,PME (10-50),B2B/B2C,Google Maps,4.4,Actif,2026-06-29T00:05:43.190534,haute
BJ-06497F53,Restaurant Centre Abomey-Calavi,Télécommunications,Abomey-Calavi,+229 83 42 46 69,,,Grande (>200),B2C,Google Maps,3.1,Actif,2026-06-29T00:05:43.191241,moyenne
BJ-9E53C203,West Africa SOBEBRA Abomey-Calavi,Télécommunications,Abomey-Calavi,+229 30 69 32 56,,,TPE (<10),B2C,Google Maps,4.7,Actif,2026-06-29T00:05:43.191421,moyenne
BJ-80AEC699,Bénin Groupe Porto-Novo,Télécommunications,Porto-Novo,+229 73 55 77 18,,,TPE (<10),B2B,Google Maps,4.0,Actif,2026-06-29T00:05:43.191828,moyenne
BJ-D3D9906B,Digital,Télécommunications,Porto-Novo,+229 52 82 20 99,digital.benin@gmail.com,,PME (10-50),B2B,Google Maps,3.2,Actif,2026-06-29T00:05:43.191958,moyenne
BJ-D86E5E9D,BCEAO Groupe,Télécommunications,Parakou,+229 52 61 14 28,collines.immo@yahoo.fr,,PME (10-50),B2B,Google Maps,3.7,Actif,2026-06-29T00:05:43.192489,moyenne
BJ-E04B295E,DHL,Télécommunications,Bohicon,+229 93 45 68 24,,dhl.com,PME (50-200),B2C,Google Maps,5.0,Actif,2026-06-29T00:05:43.192711,haute
BJ-E72D941F,Université Ets Bohicon,Télécommunications,Bohicon,+229 98 65 95 70,rectorat@uac.bj,uac.bj,TPE (<10),B2B/B2C,Google Maps,4.7,Actif,2026-06-29T00:05:43.192932,haute
BJ-7463AD31,Pharmaquick,Télécommunications,Bohicon,+229 27 80 69 89,pharmaquick@gmail.com,,Grande (>200),B2B/B2C,Google Maps,3.7,Actif,2026-06-29T00:05:43.193039,moyenne
BJ-8B221D4F,Score Cabinet,Télécommunications,Natitingou,+229 60 29 59 81,,score-benin.com,TPE (<10),B2C,Google Maps,3.4,Actif,2026-06-29T00:05:43.193201,haute
BJ-E9AB9BD0,Novotel Groupe,Télécommunications,Lokossa,+229 60 26 55 17,,,PME (50-200),B2B/B2C,Google Maps,3.8,Actif,2026-06-29T00:05:43.193794,haute
BJ-F7D5C19C,Groupe SA Lokossa,Télécommunications,Lokossa,+229 73 22 39 34,,,Grande (>200),B2C,Google Maps,3.8,Actif,2026-06-29T00:05:43.193870,moyenne
BJ-F669D737,Cabinet Ets Ouidah,Télécommunications,Ouidah,+229 46 76 44 51,arch.design@gmail.com,,TPE (<10),B2C,Google Maps,3.2,Actif,2026-06-29T00:05:43.194337,moyenne
BJ-C36795B0,Digital Benin Ouidah,Télécommunications,Ouidah,+229 28 55 99 98,,,TPE (<10),B2B,Google Maps,4.9,Actif,2026-06-29T00:05:43.194416,moyenne
BJ-7F8239B6,BCEAO AfriTech Cotonou,Agriculture & Agroalimentaire,Cotonou,+229 67 92 58 95,contact@afritech.bj,afritech.bj,Grande (>200),B2C,Google Maps,4.7,Actif,2026-06-29T00:05:43.194701,haute
BJ-95D32CD3,BCEAO Groupe Cotonou,Agriculture & Agroalimentaire,Cotonou,+229 56 67 14 81,,,PME (10-50),B2B,Google Maps,4.2,Actif,2026-06-29T00:05:43.194786,moyenne
BJ-2693AC72,BCEAO Clinique,Agriculture & Agroalimentaire,Cotonou,+229 44 74 37 40,,,PME (50-200),B2B/B2C,Google Maps,3.6,Actif,2026-06-29T00:05:43.194870,haute
BJ-059FEA90,Bénin Moov Abomey-Calavi,Agriculture & Agroalimentaire,Abomey-Calavi,+229 88 30 39 25,moov@moov.bj,moov.bj,TPE (<10),B2B,Google Maps,3.7,Actif,2026-06-29T00:05:43.195374,haute
BJ-F64C4FDF,Cabinet Parakou,Agriculture & Agroalimentaire,Parakou,+229 25 68 26 66,arch.design@gmail.com,,PME (10-50),B2B,Google Maps,4.5,Actif,2026-06-29T00:05:43.196057,moyenne
BJ-25F8D221,West Africa Restaurant,Agriculture & Agroalimentaire,Parakou,+229 76 27 16 32,amazone.cotonou@gmail.com,,TPE (<10),B2B,Google Maps,3.1,Actif,2026-06-29T00:05:43.196226,moyenne
BJ-9B5FFB77,Bénin Jumia Bohicon,Agriculture & Agroalimentaire,Bohicon,+229 86 95 66 20,benin@jumia.com,jumia.com.bj,TPE (<10),B2B/B2C,Google Maps,3.0,Actif,2026-06-29T00:05:43.196516,haute
BJ-1D1A2464,Moov SARL,Agriculture & Agroalimentaire,Bohicon,+229 90 59 72 70,moov@moov.bj,,Grande (>200),B2C,Google Maps,3.3,Actif,2026-06-29T00:05:43.196599,haute
BJ-670E0935,DHL Centre,Agriculture & Agroalimentaire,Bohicon,+229 77 98 63 61,cotonou@dhl.com,dhl.com,TPE (<10),B2B,Google Maps,3.5,Actif,2026-06-29T00:05:43.196684,haute
BJ-6F3A8B5A,Bénin Ets Bohicon,Agriculture & Agroalimentaire,Bohicon,+229 41 89 45 57,agro.benin@gmail.com,,PME (50-200),B2B,Google Maps,5.0,Actif,2026-06-29T00:05:43.196773,moyenne
BJ-E01FEC11,NSIA Cabinet,Agriculture & Agroalimentaire,Natitingou,+229 62 47 50 99,nsia.benin@nsiaassurances.com,,PME (10-50),B2B/B2C,Google Maps,4.6,Actif,2026-06-29T00:05:43.196911,haute
BJ-1426F5BE,Restaurant Centre,Agriculture & Agroalimentaire,Natitingou,+229 55 36 23 83,,,Grande (>200),B2B/B2C,Google Maps,4.7,Actif,2026-06-29T00:05:43.197093,moyenne
BJ-7A2B2AE4,Africa BOAD,Agriculture & Agroalimentaire,Natitingou,+229 39 25 75 39,,boad.org,PME (50-200),B2B/B2C,Google Maps,4.6,Actif,2026-06-29T00:05:43.197255,haute
BJ-0F43F177,SONAPRA SA,Agriculture & Agroalimentaire,Lokossa,+229 30 73 80 85,,,TPE (<10),B2B/B2C,Google Maps,3.4,Actif,2026-06-29T00:05:43.197455,moyenne
BJ-94091A24,MTN Ets,Agriculture & Agroalimentaire,Lokossa,+229 29 36 67 19,,mtn.bj,Grande (>200),B2B,Google Maps,4.2,Actif,2026-06-29T00:05:43.197620,haute
BJ-0860468C,West Africa CNHU-HKM,Agriculture & Agroalimentaire,Lokossa,+229 25 46 88 42,contact@cnhu.bj,cnhu.bj,PME (10-50),B2C,Google Maps,3.6,Actif,2026-06-29T00:05:43.197703,haute
BJ-C1EF904A,Africa Université,Agriculture & Agroalimentaire,Ouidah,+229 37 59 11 40,,,TPE (<10),B2B/B2C,Google Maps,4.4,Actif,2026-06-29T00:05:43.198052,haute
BJ-660874C5,DHL SA Cotonou,Éducation & Formation,Cotonou,+229 67 75 69 48,cotonou@dhl.com,dhl.com,PME (50-200),B2B/B2C,Google Maps,3.5,Actif,2026-06-29T00:05:43.198362,haute
BJ-8CAC043F,Bénin Université Cotonou,Éducation & Formation,Cotonou,+229 68 96 73 46,rectorat@uac.bj,uac.bj,PME (10-50),B2C,Google Maps,3.1,Actif,2026-06-29T00:05:43.198545,haute
BJ-A85EB1D9,Novotel Centre,Éducation & Formation,Cotonou,+229 46 92 76 34,,novotel.com,PME (50-200),B2B,Google Maps,3.4,Actif,2026-06-29T00:05:43.198714,haute
BJ-7AC2E57B,Bénin SERHAU-SEM,Éducation & Formation,Porto-Novo,+229 35 23 16 98,info@serhau.bj,serhau.bj,Grande (>200),B2B,Google Maps,4.9,Actif,2026-06-29T00:05:43.199412,haute
BJ-B82FB6DD,CNHU-HKM Porto-Novo,Éducation & Formation,Porto-Novo,+229 25 66 72 27,,,PME (50-200),B2B/B2C,Google Maps,3.7,Actif,2026-06-29T00:05:43.199585,haute
BJ-15B7ABD2,Digital Groupe Porto-Novo,Éducation & Formation,Porto-Novo,+229 44 55 86 41,,,PME (10-50),B2B/B2C,Google Maps,4.9,Actif,2026-06-29T00:05:43.199758,moyenne
BJ-1EED94E1,Groupe SARL Parakou,Éducation & Formation,Parakou,+229 63 88 61 42,collines.immo@yahoo.fr,,PME (50-200),B2C,Google Maps,4.4,Actif,2026-06-29T00:05:43.200096,moyenne
BJ-268C9736,Ecobank SARL,Éducation & Formation,Parakou,+229 70 64 21 14,,,PME (50-200),B2B,Google Maps,3.3,Actif,2026-06-29T00:05:43.200184,haute
BJ-42CDF96A,Africa CFAO,Éducation & Formation,Bohicon,+229 71 65 31 23,cfao.benin@cfao.com,,PME (50-200),B2B/B2C,Google Maps,3.3,Actif,2026-06-29T00:05:43.200399,haute
BJ-D337CDAB,CFAO Bohicon,Éducation & Formation,Bohicon,+229 34 40 11 71,,cfao.com,TPE (<10),B2C,Google Maps,4.3,Actif,2026-06-29T00:05:43.200752,haute
BJ-0601E22F,Africa Ets Natitingou,Éducation & Formation,Natitingou,+229 98 31 78 59,,,TPE (<10),B2B,Google Maps,4.8,Actif,2026-06-29T00:05:43.200872,moyenne
BJ-3D2C7392,Africa Clinique Natitingou,Éducation & Formation,Natitingou,+229 32 82 72 68,stluc@cliniquestluc.bj,cliniquestluc.bj,TPE (<10),B2B,Google Maps,4.8,Actif,2026-06-29T00:05:43.200990,haute
BJ-F66D02FD,West Africa MTN Natitingou,Éducation & Formation,Natitingou,+229 60 48 97 67,momo@mtn.bj,,PME (50-200),B2C,Google Maps,4.2,Actif,2026-06-29T00:05:43.201172,haute
BJ-54BBD28C,Moov Centre Natitingou,Éducation & Formation,Natitingou,+229 64 81 69 63,moov@moov.bj,,Grande (>200),B2B/B2C,Google Maps,4.3,Actif,2026-06-29T00:05:43.201264,haute
BJ-D4278484,SOBETRAP Cabinet,Éducation & Formation,Lokossa,+229 68 32 94 70,,,PME (10-50),B2B/B2C,Google Maps,3.4,Actif,2026-06-29T00:05:43.201392,haute
BJ-39E97F0D,Ets SARL Lokossa,Éducation & Formation,Lokossa,+229 77 58 16 50,,,Grande (>200),B2C,Google Maps,4.8,Actif,2026-06-29T00:05:43.201663,moyenne
BJ-7DAA1585,Groupe Ets,Éducation & Formation,Ouidah,+229 91 35 65 22,,,TPE (<10),B2B/B2C,Google Maps,4.0,Actif,2026-06-29T00:05:43.201881,moyenne
BJ-516823DF,Pharmaquick,Éducation & Formation,Ouidah,+229 75 32 94 18,pharmaquick@gmail.com,,TPE (<10),B2B,Google Maps,4.5,Actif,2026-06-29T00:05:43.202103,moyenne
BJ-104ACFAC,Africa HAMMER,Éducation & Formation,Ouidah,+229 29 40 87 23,info@hammer.bj,hammer.bj,PME (10-50),B2B,Google Maps,4.8,Actif,2026-06-29T00:05:43.202282,haute
BJ-F8E5D4BF,DHL SARL,Technologie & IT,Cotonou,+229 25 54 63 62,,dhl.com,PME (50-200),B2B/B2C,Google Maps,3.5,Actif,2026-06-29T00:05:43.202767,haute
BJ-4411D2A2,Score Bureau,Technologie & IT,Abomey-Calavi,+229 33 80 37 27,score@score-benin.com,score-benin.com,Grande (>200),B2C,Google Maps,4.8,Actif,2026-06-29T00:05:43.202918,haute
BJ-0FFB68E7,Groupe Bureau,Technologie & IT,Porto-Novo,+229 94 20 20 98,collines.immo@yahoo.fr,,PME (10-50),B2C,Google Maps,3.2,Actif,2026-06-29T00:05:43.203573,moyenne
BJ-2E3FF290,HAMMER Centre,Technologie & IT,Parakou,+229 29 54 49 60,info@hammer.bj,,TPE (<10),B2B,Google Maps,3.0,Actif,2026-06-29T00:05:43.204045,haute
BJ-06E3B8DA,Bénin SERHAU-SEM Parakou,Technologie & IT,Parakou,+229 53 41 72 82,info@serhau.bj,,Grande (>200),B2B/B2C,Google Maps,4.5,Actif,2026-06-29T00:05:43.204136,haute
BJ-7192CF2F,CFAO Groupe Bohicon,Technologie & IT,Bohicon,+229 26 29 86 57,cfao.benin@cfao.com,cfao.com,PME (10-50),B2B/B2C,Google Maps,4.0,Actif,2026-06-29T00:05:43.204443,haute
BJ-6D552F6C,AGS SA,Technologie & IT,Bohicon,+229 50 26 62 91,ags.benin@agsfidal.com,,Grande (>200),B2B/B2C,Google Maps,4.3,Actif,2026-06-29T00:05:43.204699,moyenne
BJ-ABA06698,AfriTech Cabinet,Technologie & IT,Bohicon,+229 24 52 48 38,contact@afritech.bj,afritech.bj,PME (50-200),B2C,Google Maps,3.8,Actif,2026-06-29T00:05:43.204785,haute
BJ-1131212E,Africa Jumia,Technologie & IT,Natitingou,+229 72 20 73 43,benin@jumia.com,,PME (10-50),B2C,Google Maps,3.9,Actif,2026-06-29T00:05:43.204951,haute
BJ-11936CFD,MTN SA,Technologie & IT,Natitingou,+229 70 60 31 30,,mtn.bj,Grande (>200),B2C,Google Maps,3.1,Actif,2026-06-29T00:05:43.205119,haute
BJ-164B9E49,HAMMER,Technologie & IT,Natitingou,+229 28 16 74 88,,hammer.bj,PME (10-50),B2C,Google Maps,3.6,Actif,2026-06-29T00:05:43.205206,haute
BJ-F40301A5,Ecobank Groupe,Technologie & IT,Natitingou,+229 29 80 97 39,ecobank.benin@ecobank.com,,PME (50-200),B2B,Google Maps,4.4,Actif,2026-06-29T00:05:43.205295,haute
BJ-EA22FFD7,Groupe Ets,Technologie & IT,Lokossa,+229 56 58 42 59,collines.immo@yahoo.fr,,Grande (>200),B2B,Google Maps,3.2,Actif,2026-06-29T00:05:43.205599,moyenne
BJ-771EC544,Bénin EPAC Ouidah,Technologie & IT,Ouidah,+229 53 40 81 12,epac@epac.uac.bj,,PME (50-200),B2B/B2C,Google Maps,3.9,Actif,2026-06-29T00:05:43.206029,haute
BJ-6B92F5B9,Hôtel Ouidah,Technologie & IT,Ouidah,+229 42 21 93 73,,,PME (50-200),B2B,Google Maps,3.9,Actif,2026-06-29T00:05:43.206209,moyenne
BJ-E63B4281,AGS SARL Cotonou,Industrie & Manufacture,Cotonou,+229 94 57 97 42,,,Grande (>200),B2C,Google Maps,4.7,Actif,2026-06-29T00:05:43.206709,moyenne
BJ-D6B75FE2,BCEAO HAMMER,Industrie & Manufacture,Abomey-Calavi,+229 93 53 97 52,,,TPE (<10),B2B/B2C,Google Maps,3.4,Actif,2026-06-29T00:05:43.207224,haute
BJ-A8F4C17F,NSIA SARL,Industrie & Manufacture,Abomey-Calavi,+229 25 28 26 80,,,Grande (>200),B2B/B2C,Google Maps,3.8,Actif,2026-06-29T00:05:43.207315,haute
BJ-6378F56C,Jumia Cabinet,Industrie & Manufacture,Parakou,+229 71 26 70 89,,,PME (50-200),B2B,Google Maps,3.9,Actif,2026-06-29T00:05:43.207960,haute
BJ-A7AEE5FF,Novotel Centre Parakou,Industrie & Manufacture,Parakou,+229 89 27 20 32,,,Grande (>200),B2B/B2C,Google Maps,4.9,Actif,2026-06-29T00:05:43.208335,haute
BJ-DE5F1784,NSIA Ets,Industrie & Manufacture,Bohicon,+229 91 18 58 39,,nsiaassurances.com,TPE (<10),B2B,Google Maps,3.9,Actif,2026-06-29T00:05:43.208652,haute
BJ-4DA4E286,Ets Biokou & Frères Bohicon,Industrie & Manufacture,Bohicon,+229 67 71 16 36,,,PME (50-200),B2C,Google Maps,3.8,Actif,2026-06-29T00:05:43.208752,moyenne
BJ-5FEE70FF,Hôtel Centre,Industrie & Manufacture,Natitingou,+229 60 54 24 27,hotel.lac@yahoo.fr,,Grande (>200),B2C,Google Maps,4.1,Actif,2026-06-29T00:05:43.209101,moyenne
BJ-60CD7B0B,Hôtel Ets,Industrie & Manufacture,Natitingou,+229 22 16 29 55,hotel.lac@yahoo.fr,,Grande (>200),B2B/B2C,Google Maps,3.6,Actif,2026-06-29T00:05:43.209284,moyenne
BJ-A5E456ED,EPAC Bureau,Industrie & Manufacture,Lokossa,+229 85 30 75 55,epac@epac.uac.bj,epac.uac.bj,TPE (<10),B2B,Google Maps,3.6,Actif,2026-06-29T00:05:43.209592,haute
BJ-02733A0E,Score SARL,Industrie & Manufacture,Lokossa,+229 72 97 97 30,,,PME (50-200),B2B,Google Maps,4.3,Actif,2026-06-29T00:05:43.209857,haute
BJ-5EEBBEA7,SONAPRA SARL Ouidah,Industrie & Manufacture,Ouidah,+229 74 78 81 79,sonapra@sonapra.bj,,PME (10-50),B2C,Google Maps,4.3,Actif,2026-06-29T00:05:43.210037,moyenne
BJ-02FEAC4C,NSIA Cabinet,Industrie & Manufacture,Ouidah,+229 58 56 36 70,nsia.benin@nsiaassurances.com,,Grande (>200),B2B/B2C,Google Maps,4.7,Actif,2026-06-29T00:05:43.210124,haute
BJ-5CE5E7D1,BCEAO Université Ouidah,Industrie & Manufacture,Ouidah,+229 72 48 83 47,,uac.bj,PME (50-200),B2B,Google Maps,3.9,Actif,2026-06-29T00:05:43.210218,haute
BJ-E869F546,BOAD Ets,Industrie & Manufacture,Ouidah,+229 33 24 33 12,boad@boad.org,,TPE (<10),B2B/B2C,Google Maps,3.4,Actif,2026-06-29T00:05:43.210394,haute
BJ-309A168D,West Africa CNHU-HKM,Services aux entreprises,Cotonou,+229 61 94 23 34,,cnhu.bj,PME (10-50),B2B/B2C,Google Maps,4.1,Actif,2026-06-29T00:05:43.210526,haute
BJ-B4DE4D47,West Africa Novotel,Services aux entreprises,Cotonou,+229 59 82 14 77,,novotel.com,PME (10-50),B2B/B2C,Google Maps,3.4,Actif,2026-06-29T00:05:43.210916,haute
BJ-67B1A09F,MTN Bureau,Services aux entreprises,Abomey-Calavi,+229 78 42 16 32,contact@mtn.bj,,TPE (<10),B2C,Google Maps,5.0,Actif,2026-06-29T00:05:43.211156,haute
BJ-14B6AAC9,Groupe Cabinet,Services aux entreprises,Porto-Novo,+229 55 75 57 26,collines.immo@yahoo.fr,,PME (50-200),B2B/B2C,Google Maps,4.5,Actif,2026-06-29T00:05:43.211593,moyenne
BJ-24643606,BOAD Centre,Services aux entreprises,Porto-Novo,+229 84 56 94 87,boad@boad.org,,PME (50-200),B2B,Google Maps,3.5,Actif,2026-06-29T00:05:43.211985,haute
BJ-AB1BB708,Clinique Saint Luc Cotonou Bohicon,Services aux entreprises,Bohicon,+229 53 26 23 14,stluc@cliniquestluc.bj,cliniquestluc.bj,PME (50-200),B2B/B2C,Google Maps,4.1,Actif,2026-06-29T00:05:43.212886,haute
BJ-93EB0358,Africa Pharmaquick Bohicon,Services aux entreprises,Bohicon,+229 28 11 57 27,pharmaquick@gmail.com,,PME (10-50),B2B,Google Maps,4.9,Actif,2026-06-29T00:05:43.213014,moyenne
BJ-18EBEF34,SOBEBRA Ets,Services aux entreprises,Natitingou,+229 61 93 79 72,,,Grande (>200),B2B/B2C,Google Maps,3.6,Actif,2026-06-29T00:05:43.213243,moyenne
BJ-169EB6E7,Cabinet Groupe Natitingou,Services aux entreprises,Natitingou,+229 76 48 60 46,arch.design@gmail.com,,TPE (<10),B2B,Google Maps,3.2,Actif,2026-06-29T00:05:43.213331,moyenne
BJ-EBD49C09,Pharmaquick Bénin Natitingou,Services aux entreprises,Natitingou,+229 39 30 36 69,,,PME (50-200),B2B/B2C,Google Maps,4.7,Actif,2026-06-29T00:05:43.213511,moyenne
BJ-BAA11EC2,CFAO Bureau,Services aux entreprises,Lokossa,+229 76 85 24 75,,cfao.com,Grande (>200),B2B,Google Maps,4.2,Actif,2026-06-29T00:05:43.213639,haute
BJ-7CD5BBD6,West Africa BOAD Lokossa,Services aux entreprises,Lokossa,+229 86 71 26 84,boad@boad.org,,PME (10-50),B2B/B2C,Google Maps,3.5,Actif,2026-06-29T00:05:43.213924,haute
BJ-EE755FC1,Africa Ets,Services aux entreprises,Lokossa,+229 43 10 72 93,,,PME (10-50),B2C,Google Maps,3.8,Actif,2026-06-29T00:05:43.214017,moyenne
BJ-EF6A63CF,Jumia SA,Services aux entreprises,Ouidah,+229 52 32 95 36,benin@jumia.com,,Grande (>200),B2B,Google Maps,3.5,Actif,2026-06-29T00:05:43.214142,haute
BJ-A3534598,Africa Groupe Ouidah,Services aux entreprises,Ouidah,+229 65 28 30 62,,,PME (10-50),B2C,Google Maps,4.6,Actif,2026-06-29T00:05:43.214316,moyenne
BJ-427215C9,West Africa Université Ouidah,Services aux entreprises,Ouidah,+229 31 77 16 46,,,Grande (>200),B2C,Google Maps,4.8,Actif,2026-06-29T00:05:43.214404,haute
BJ-D52BE0C6,NSIA Groupe Cotonou,Énergie & Environnement,Cotonou,+229 79 86 66 82,,nsiaassurances.com,PME (50-200),B2B,Google Maps,3.2,Actif,2026-06-29T00:05:43.214994,haute
BJ-0F1C11AA,Bénin SONAPRA,Énergie & Environnement,Abomey-Calavi,+229 42 41 54 33,sonapra@sonapra.bj,,PME (10-50),B2C,Google Maps,3.8,Actif,2026-06-29T00:05:43.215117,moyenne
BJ-7F5754FF,DHL Parakou,Énergie & Environnement,Parakou,+229 37 64 33 73,cotonou@dhl.com,dhl.com,PME (10-50),B2B,Google Maps,4.0,Actif,2026-06-29T00:05:43.216198,haute
BJ-A0116DC2,SERHAU-SEM Groupe Parakou,Énergie & Environnement,Parakou,+229 52 71 85 87,info@serhau.bj,serhau.bj,Grande (>200),B2C,Google Maps,3.0,Actif,2026-06-29T00:05:43.216404,haute
BJ-D6379076,West Africa BOAD Parakou,Énergie & Environnement,Parakou,+229 97 74 11 94,boad@boad.org,,PME (10-50),B2C,Google Maps,3.2,Actif,2026-06-29T00:05:43.216493,haute
BJ-F580B663,Pharmaquick Centre,Énergie & Environnement,Parakou,+229 38 95 73 86,pharmaquick@gmail.com,,Grande (>200),B2B/B2C,Google Maps,4.0,Actif,2026-06-29T00:05:43.216585,moyenne
BJ-B27E05DA,SOBETRAP Cabinet Bohicon,Énergie & Environnement,Bohicon,+229 21 43 63 21,,,TPE (<10),B2B,Google Maps,4.2,Actif,2026-06-29T00:05:43.216813,haute
BJ-656F2743,SOBETRAP,Énergie & Environnement,Bohicon,+229 87 35 57 14,,sobetrap.bj,Grande (>200),B2B,Google Maps,4.6,Actif,2026-06-29T00:05:43.217069,haute
BJ-AD80373E,Novotel,Énergie & Environnement,Bohicon,+229 27 67 83 15,,novotel.com,TPE (<10),B2C,Google Maps,3.6,Actif,2026-06-29T00:05:43.217161,haute
BJ-4B2C8665,SONAPRA SA Natitingou,Énergie & Environnement,Natitingou,+229 85 26 14 83,sonapra@sonapra.bj,,PME (10-50),B2B,Google Maps,3.1,Actif,2026-06-29T00:05:43.217294,moyenne
BJ-3EAF6D55,CNHU-HKM Centre,Énergie & Environnement,Natitingou,+229 92 16 60 58,contact@cnhu.bj,,PME (10-50),B2B,Google Maps,4.3,Actif,2026-06-29T00:05:43.217561,haute
BJ-FE786C48,Africa Jumia,Énergie & Environnement,Lokossa,+229 63 55 97 11,,jumia.com.bj,PME (50-200),B2B,Google Maps,4.9,Actif,2026-06-29T00:05:43.219788,haute
BJ-83337244,Restaurant Groupe,Énergie & Environnement,Lokossa,+229 91 44 96 77,amazone.cotonou@gmail.com,,Grande (>200),B2C,Google Maps,3.9,Actif,2026-06-29T00:05:43.219886,moyenne
BJ-6CFDA8D8,Groupe Collines Immobilier Ouidah,Énergie & Environnement,Ouidah,+229 22 65 24 23,,,PME (10-50),B2C,Google Maps,3.1,Actif,2026-06-29T00:05:43.220429,moyenne
BJ-BA34E944,West Africa HAMMER Ouidah,Énergie & Environnement,Ouidah,+229 41 83 58 82,,,Grande (>200),B2B,Google Maps,3.8,Actif,2026-06-29T00:05:43.220633,haute
BJ-367BA923,BCEAO Score,Énergie & Environnement,Ouidah,+229 52 36 69 10,score@score-benin.com,,TPE (<10),B2B/B2C,Google Maps,3.0,Actif,2026-06-29T00:05:43.220821,haute
BJ-77AE91F9,West Africa DHL,Médias & Communication,Cotonou,+229 74 80 48 86,cotonou@dhl.com,dhl.com,PME (50-200),B2C,Google Maps,3.2,Actif,2026-06-29T00:05:43.221275,haute
BJ-1C8BFD23,Université SA Abomey-Calavi,Médias & Communication,Abomey-Calavi,+229 88 10 26 10,,uac.bj,Grande (>200),B2B/B2C,Google Maps,3.3,Actif,2026-06-29T00:05:43.221862,haute
BJ-17C2B07A,DHL Ets Parakou,Médias & Communication,Parakou,+229 80 37 17 25,cotonou@dhl.com,dhl.com,TPE (<10),B2B/B2C,Google Maps,4.2,Actif,2026-06-29T00:05:43.222606,haute
BJ-54BA0517,CFAO SA Parakou,Médias & Communication,Parakou,+229 49 40 29 81,cfao.benin@cfao.com,,PME (50-200),B2B,Google Maps,3.2,Actif,2026-06-29T00:05:43.222781,haute
BJ-FA932D0E,SOBETRAP Bureau,Médias & Communication,Bohicon,+229 97 99 38 20,contact@sobetrap.bj,sobetrap.bj,TPE (<10),B2C,Google Maps,3.3,Actif,2026-06-29T00:05:43.223134,haute
BJ-5068FACB,BCEAO Pharmaquick Natitingou,Médias & Communication,Natitingou,+229 30 22 99 38,,,PME (10-50),B2C,Google Maps,5.0,Actif,2026-06-29T00:05:43.223718,moyenne
BJ-782AD58C,Africa AGS,Médias & Communication,Natitingou,+229 55 14 95 87,ags.benin@agsfidal.com,,PME (10-50),B2B,Google Maps,4.9,Actif,2026-06-29T00:05:43.223924,moyenne
BJ-D6FB5578,Cabinet Lokossa,Médias & Communication,Lokossa,+229 83 68 37 59,arch.design@gmail.com,,PME (10-50),B2C,Google Maps,4.0,Actif,2026-06-29T00:05:43.224503,moyenne
BJ-35726774,CNHU-HKM Cabinet,Médias & Communication,Ouidah,+229 35 89 74 52,contact@cnhu.bj,,PME (10-50),B2B,Google Maps,3.8,Actif,2026-06-29T00:05:43.224632,haute
BJ-47760E50,Cabinet SA,Médias & Communication,Ouidah,+229 83 11 17 51,,,Grande (>200),B2C,Google Maps,3.6,Actif,2026-06-29T00:05:43.224719,moyenne
BJ-CAD671C9,Bénin CNHU-HKM,Médias & Communication,Ouidah,+229 35 87 80 93,contact@cnhu.bj,cnhu.bj,PME (10-50),B2B,Google Maps,3.5,Actif,2026-06-29T00:05:43.225039,haute
BJ-309E7039,Pharmaquick Ets,ONG & Associations,Cotonou,+229 93 94 45 64,pharmaquick@gmail.com,,Grande (>200),B2B/B2C,Google Maps,4.7,Actif,2026-06-29T00:05:43.225254,moyenne
BJ-69167A0A,Bénin Hôtel,ONG & Associations,Cotonou,+229 66 26 60 57,hotel.lac@yahoo.fr,,Grande (>200),B2B,Google Maps,3.5,Actif,2026-06-29T00:05:43.225527,moyenne
BJ-B4B45439,West Africa Pharmaquick Abomey-Calavi,ONG & Associations,Abomey-Calavi,+229 80 82 59 89,,,Grande (>200),B2B/B2C,Google Maps,3.0,Actif,2026-06-29T00:05:43.225982,moyenne
BJ-7E7C5176,West Africa Pharmaquick,ONG & Associations,Porto-Novo,+229 40 90 25 70,pharmaquick@gmail.com,,PME (50-200),B2B,Google Maps,3.2,Actif,2026-06-29T00:05:43.226501,moyenne
BJ-482987F1,Clinique Ets,ONG & Associations,Parakou,+229 64 78 59 52,stluc@cliniquestluc.bj,cliniquestluc.bj,TPE (<10),B2C,Google Maps,3.2,Actif,2026-06-29T00:05:43.227099,haute
BJ-923ABE32,Université Groupe Bohicon,ONG & Associations,Bohicon,+229 25 98 94 52,rectorat@uac.bj,uac.bj,TPE (<10),B2B/B2C,Google Maps,3.5,Actif,2026-06-29T00:05:43.227409,haute
BJ-30DA2983,HAMMER Bureau,ONG & Associations,Bohicon,+229 89 25 67 64,,hammer.bj,PME (10-50),B2B/B2C,Google Maps,3.9,Actif,2026-06-29T00:05:43.227497,haute
BJ-1D464CA5,West Africa Groupe Bohicon,ONG & Associations,Bohicon,+229 45 18 21 12,,,Grande (>200),B2B/B2C,Google Maps,3.2,Actif,2026-06-29T00:05:43.227585,moyenne
BJ-089CAE78,MTN SARL Natitingou,ONG & Associations,Natitingou,+229 78 77 55 13,momo@mtn.bj,mtn.bj,TPE (<10),B2B,Google Maps,3.6,Actif,2026-06-29T00:05:43.228125,haute
BJ-C66480FD,Ecobank SA,ONG & Associations,Ouidah,+229 73 43 85 97,ecobank.benin@ecobank.com,ecobank.com,TPE (<10),B2B,Google Maps,3.4,Actif,2026-06-29T00:05:43.228726,haute
BJ-093F4C76,NSIA Centre,ONG & Associations,Ouidah,+229 38 34 35 78,,nsiaassurances.com,TPE (<10),B2C,Google Maps,4.6,Actif,2026-06-29T00:05:43.228815,haute
BJ-D25F1C37,West Africa Cabinet Cotonou,BTP & Immobilier,Cotonou,+229 23 14 13 39,arch.design@gmail.com,,TPE (<10),B2C,Facebook Pages,,Actif,2026-06-29T00:05:43.229408,moyenne
BJ-D50E33F4,AGS Ets,BTP & Immobilier,Abomey-Calavi,+229 89 84 19 37,ags.benin@agsfidal.com,,TPE (<10),B2C,Facebook Pages,,Actif,2026-06-29T00:05:43.229690,moyenne
BJ-F35D84E6,Pharmaquick SARL Abomey-Calavi,BTP & Immobilier,Abomey-Calavi,+229 31 63 87 73,pharmaquick@gmail.com,,PME (10-50),B2B,Facebook Pages,,Actif,2026-06-29T00:05:43.229974,moyenne
BJ-795736E5,DHL Ets,BTP & Immobilier,Porto-Novo,+229 74 12 55 66,,dhl.com,PME (10-50),B2B,Facebook Pages,,Actif,2026-06-29T00:05:43.230387,haute
BJ-29F564A3,CFAO,BTP & Immobilier,Parakou,+229 67 48 82 89,cfao.benin@cfao.com,,TPE (<10),B2B,Facebook Pages,,Actif,2026-06-29T00:05:43.230650,haute
BJ-E12BA0ED,BCEAO Score Bohicon,BTP & Immobilier,Bohicon,+229 44 56 44 34,score@score-benin.com,,PME (50-200),B2B/B2C,Facebook Pages,,Actif,2026-06-29T00:05:43.230847,haute
BJ-33EE93B6,West Africa CNHU-HKM,BTP & Immobilier,Bohicon,+229 59 22 42 39,contact@cnhu.bj,cnhu.bj,TPE (<10),B2B,Facebook Pages,,Actif,2026-06-29T00:05:43.230960,haute
BJ-DCFB087E,Bénin MTN Bohicon,BTP & Immobilier,Bohicon,+229 91 37 85 25,,,Grande (>200),B2C,Facebook Pages,,Actif,2026-06-29T00:05:43.231133,haute
BJ-5FC0BB4D,BOAD Groupe,BTP & Immobilier,Natitingou,+229 89 91 94 18,boad@boad.org,boad.org,PME (10-50),B2B,Facebook Pages,,Actif,2026-06-29T00:05:43.231336,haute
BJ-2F203D69,BCEAO SONAPRA Lokossa,BTP & Immobilier,Lokossa,+229 86 51 27 35,sonapra@sonapra.bj,,PME (50-200),B2B,Facebook Pages,,Actif,2026-06-29T00:05:43.231698,moyenne
BJ-0CE01218,SONAPRA Centre,BTP & Immobilier,Ouidah,+229 86 56 72 89,sonapra@sonapra.bj,,Grande (>200),B2B/B2C,Facebook Pages,,Actif,2026-06-29T00:05:43.232245,moyenne
BJ-01EA86BA,Clinique Cabinet,Commerce & Distribution,Cotonou,+229 67 68 91 83,stluc@cliniquestluc.bj,cliniquestluc.bj,Grande (>200),B2C,Facebook Pages,,Actif,2026-06-29T00:05:43.232603,haute
BJ-716AAC44,EPAC - École Polytechnique Cotonou,Commerce & Distribution,Cotonou,+229 40 82 67 59,epac@epac.uac.bj,epac.uac.bj,Grande (>200),B2B,Facebook Pages,,Actif,2026-06-29T00:05:43.232684,haute
BJ-46F17830,West Africa NSIA Abomey-Calavi,Commerce & Distribution,Abomey-Calavi,+229 36 45 83 82,nsia.benin@nsiaassurances.com,,PME (10-50),B2B/B2C,Facebook Pages,,Actif,2026-06-29T00:05:43.233084,haute
BJ-21466877,SOBETRAP Bureau Abomey-Calavi,Commerce & Distribution,Abomey-Calavi,+229 59 53 54 80,,,PME (10-50),B2C,Facebook Pages,,Actif,2026-06-29T00:05:43.233160,haute
BJ-5B144B84,Cabinet SA,Commerce & Distribution,Abomey-Calavi,+229 89 96 94 86,,,PME (10-50),B2B,Facebook Pages,,Actif,2026-06-29T00:05:43.233237,moyenne
BJ-1B12AE43,West Africa CFAO,Commerce & Distribution,Abomey-Calavi,+229 41 56 80 93,cfao.benin@cfao.com,cfao.com,Grande (>200),B2B,Facebook Pages,,Actif,2026-06-29T00:05:43.233314,haute
BJ-1813183C,Ets Groupe,Commerce & Distribution,Abomey-Calavi,+229 30 99 95 31,,,Grande (>200),B2B,Facebook Pages,,Actif,2026-06-29T00:05:43.233390,moyenne
BJ-A5810E08,DHL Express Bénin Porto-Novo,Commerce & Distribution,Porto-Novo,+229 21 92 99 85,,dhl.com,TPE (<10),B2B/B2C,Facebook Pages,,Actif,2026-06-29T00:05:43.233517,haute
BJ-ACF86C6D,Groupe Groupe Porto-Novo,Commerce & Distribution,Porto-Novo,+229 94 59 28 73,collines.immo@yahoo.fr,,PME (50-200),B2C,Facebook Pages,,Actif,2026-06-29T00:05:43.233593,moyenne
BJ-61485844,Université SA Porto-Novo,Commerce & Distribution,Porto-Novo,+229 23 75 88 49,rectorat@uac.bj,,TPE (<10),B2C,Facebook Pages,,Actif,2026-06-29T00:05:43.233672,haute
BJ-6DF78A62,West Africa Ecobank Porto-Novo,Commerce & Distribution,Porto-Novo,+229 23 82 71 52,ecobank.benin@ecobank.com,,Grande (>200),B2C,Facebook Pages,,Actif,2026-06-29T00:05:43.233834,haute
BJ-55C29DDE,Cabinet Centre Parakou,Commerce & Distribution,Parakou,+229 80 67 31 55,arch.design@gmail.com,,PME (50-200),B2B/B2C,Facebook Pages,,Actif,2026-06-29T00:05:43.233988,moyenne
BJ-B710E21D,Score Centre Parakou,Commerce & Distribution,Parakou,+229 40 17 20 30,score@score-benin.com,score-benin.com,Grande (>200),B2B,Facebook Pages,,Actif,2026-06-29T00:05:43.234070,haute
BJ-48952DA1,Ets SARL Parakou,Commerce & Distribution,Parakou,+229 20 37 31 58,,,Grande (>200),B2B,Facebook Pages,,Actif,2026-06-29T00:05:43.234144,moyenne
BJ-63DC62A0,Bénin SONAPRA Bohicon,Commerce & Distribution,Bohicon,+229 59 35 47 44,,,Grande (>200),B2C,Facebook Pages,,Actif,2026-06-29T00:05:43.234427,moyenne
BJ-2A6851C6,Novotel Cabinet Bohicon,Commerce & Distribution,Bohicon,+229 76 24 61 33,h5436@accor.com,novotel.com,TPE (<10),B2B,Facebook Pages,,Actif,2026-06-29T00:05:43.234655,haute
BJ-2DE3FAC9,SERHAU-SEM Groupe,Commerce & Distribution,Bohicon,+229 50 26 56 19,info@serhau.bj,,Grande (>200),B2B/B2C,Facebook Pages,,Actif,2026-06-29T00:05:43.234727,haute
BJ-3A413DD6,Bénin AGS,Commerce & Distribution,Natitingou,+229 54 52 99 14,ags.benin@agsfidal.com,,PME (10-50),B2B,Facebook Pages,,Actif,2026-06-29T00:05:43.234854,moyenne
BJ-3438F4A5,BCEAO Ets,Commerce & Distribution,Natitingou,+229 45 27 19 90,agro.benin@gmail.com,,PME (50-200),B2B/B2C,Facebook Pages,,Actif,2026-06-29T00:05:43.234970,moyenne
BJ-6B9AEE21,Jumia Bureau,Commerce & Distribution,Natitingou,+229 50 55 63 13,benin@jumia.com,,Grande (>200),B2B/B2C,Facebook Pages,,Actif,2026-06-29T00:05:43.235047,haute
BJ-1BE42195,Africa DHL,Commerce & Distribution,Lokossa,+229 33 57 20 40,cotonou@dhl.com,,Grande (>200),B2B,Facebook Pages,,Actif,2026-06-29T00:05:43.235322,haute
BJ-4BE1040E,Ets Bureau Lokossa,Commerce & Distribution,Lokossa,+229 51 29 81 19,,,TPE (<10),B2B,Facebook Pages,,Actif,2026-06-29T00:05:43.235480,moyenne
BJ-5216116B,Jumia Cabinet,Commerce & Distribution,Lokossa,+229 30 13 33 18,benin@jumia.com,,TPE (<10),B2B/B2C,Facebook Pages,,Actif,2026-06-29T00:05:43.235557,haute
BJ-9692E4AA,Cabinet Bureau,Commerce & Distribution,Ouidah,+229 50 65 99 30,arch.design@gmail.com,,TPE (<10),B2B/B2C,Facebook Pages,,Actif,2026-06-29T00:05:43.235819,moyenne
BJ-F04E3101,Africa SERHAU-SEM,Commerce & Distribution,Ouidah,+229 22 65 92 36,,serhau.bj,Grande (>200),B2C,Facebook Pages,,Actif,2026-06-29T00:05:43.236006,haute
BJ-E5AFA193,MTN Centre,Restauration & Hôtellerie,Cotonou,+229 49 86 60 91,contact@mtn.bj,,TPE (<10),B2B/B2C,Facebook Pages,,Actif,2026-06-29T00:05:43.236355,haute
BJ-86D5A57D,Groupe Centre Parakou,Restauration & Hôtellerie,Parakou,+229 96 85 41 77,collines.immo@yahoo.fr,,TPE (<10),B2B,Facebook Pages,,Actif,2026-06-29T00:05:43.237619,moyenne
BJ-DBC91D4D,Groupe Bureau Bohicon,Restauration & Hôtellerie,Bohicon,+229 78 63 62 28,collines.immo@yahoo.fr,,PME (10-50),B2B/B2C,Facebook Pages,,Actif,2026-06-29T00:05:43.238243,moyenne
BJ-C65B469F,Digital SARL,Restauration & Hôtellerie,Natitingou,+229 25 45 85 68,digital.benin@gmail.com,,Grande (>200),B2B,Facebook Pages,,Actif,2026-06-29T00:05:43.238676,moyenne
BJ-7CC96B7F,EPAC Cabinet Natitingou,Restauration & Hôtellerie,Natitingou,+229 54 33 53 33,,epac.uac.bj,PME (10-50),B2B/B2C,Facebook Pages,,Actif,2026-06-29T00:05:43.238825,haute
BJ-A881939A,Digital Ets Lokossa,Restauration & Hôtellerie,Lokossa,+229 53 68 36 30,digital.benin@gmail.com,,PME (50-200),B2B/B2C,Facebook Pages,,Actif,2026-06-29T00:05:43.238978,moyenne
BJ-91ACD17A,SONAPRA Ets,Restauration & Hôtellerie,Lokossa,+229 26 84 38 66,sonapra@sonapra.bj,,Grande (>200),B2B,Facebook Pages,,Actif,2026-06-29T00:05:43.239133,moyenne
BJ-3DE9EDB2,CFAO SA Lokossa,Restauration & Hôtellerie,Lokossa,+229 37 17 57 26,cfao.benin@cfao.com,cfao.com,PME (10-50),B2C,Facebook Pages,,Actif,2026-06-29T00:05:43.239209,haute
BJ-91A1125C,SOBETRAP Groupe,Restauration & Hôtellerie,Ouidah,+229 22 26 77 44,contact@sobetrap.bj,sobetrap.bj,PME (50-200),B2B,Facebook Pages,,Actif,2026-06-29T00:05:43.239575,haute
BJ-F02815C8,BCEAO Clinique,Restauration & Hôtellerie,Ouidah,+229 44 53 45 69,stluc@cliniquestluc.bj,,Grande (>200),B2C,Facebook Pages,,Actif,2026-06-29T00:05:43.239729,haute
BJ-339AF5AE,EPAC Cabinet Abomey-Calavi,Santé & Pharmacie,Abomey-Calavi,+229 52 12 71 52,epac@epac.uac.bj,,TPE (<10),B2C,Facebook Pages,,Actif,2026-06-29T00:05:43.240528,haute
BJ-0C8ACE91,Hôtel Groupe,Santé & Pharmacie,Abomey-Calavi,+229 43 98 63 32,hotel.lac@yahoo.fr,,PME (10-50),B2B/B2C,Facebook Pages,,Actif,2026-06-29T00:05:43.240612,moyenne
BJ-661C82DC,EPAC Groupe Abomey-Calavi,Santé & Pharmacie,Abomey-Calavi,+229 77 87 17 66,epac@epac.uac.bj,epac.uac.bj,Grande (>200),B2B,Facebook Pages,,Actif,2026-06-29T00:05:43.240691,haute
BJ-C4E6C662,Score Ets,Santé & Pharmacie,Porto-Novo,+229 84 33 20 50,score@score-benin.com,score-benin.com,TPE (<10),B2B/B2C,Facebook Pages,,Actif,2026-06-29T00:05:43.240980,haute
BJ-4F59B005,Moov Cabinet,Santé & Pharmacie,Parakou,+229 76 67 13 55,moov@moov.bj,moov.bj,Grande (>200),B2C,Facebook Pages,,Actif,2026-06-29T00:05:43.241314,haute
BJ-BFE6179F,Bénin CNHU-HKM,Santé & Pharmacie,Parakou,+229 27 51 50 68,,cnhu.bj,PME (10-50),B2B/B2C,Facebook Pages,,Actif,2026-06-29T00:05:43.241386,haute
BJ-2085BAA9,Cabinet Bohicon,Santé & Pharmacie,Bohicon,+229 67 17 79 46,,,TPE (<10),B2C,Facebook Pages,,Actif,2026-06-29T00:05:43.241965,moyenne
BJ-6D77C802,SONAPRA,Santé & Pharmacie,Natitingou,+229 39 68 48 40,sonapra@sonapra.bj,,TPE (<10),B2C,Facebook Pages,,Actif,2026-06-29T00:05:43.242079,moyenne
BJ-4BD76D70,CFAO Motors Bénin Natitingou,Santé & Pharmacie,Natitingou,+229 80 18 46 97,cfao.benin@cfao.com,cfao.com,PME (10-50),B2B/B2C,Facebook Pages,,Actif,2026-06-29T00:05:43.242158,haute
BJ-1BEA04DD,BOAD Ets,Santé & Pharmacie,Natitingou,+229 92 83 64 27,boad@boad.org,boad.org,Grande (>200),B2C,Facebook Pages,,Actif,2026-06-29T00:05:43.242303,haute
BJ-E3E7A8CF,Moov SA,Santé & Pharmacie,Natitingou,+229 29 19 63 36,moov@moov.bj,moov.bj,PME (50-200),B2C,Facebook Pages,,Actif,2026-06-29T00:05:43.242377,haute
BJ-1CAFB0B6,Bénin Pharmaquick,Santé & Pharmacie,Lokossa,+229 56 52 24 10,,,TPE (<10),B2B,Facebook Pages,,Actif,2026-06-29T00:05:43.242484,moyenne
BJ-63FB5D4A,West Africa SONAPRA Lokossa,Santé & Pharmacie,Lokossa,+229 24 10 87 31,,,Grande (>200),B2C,Facebook Pages,,Actif,2026-06-29T00:05:43.242780,moyenne
BJ-6690D2DB,BOAD Cabinet Ouidah,Santé & Pharmacie,Ouidah,+229 39 49 48 36,boad@boad.org,boad.org,TPE (<10),B2B/B2C,Facebook Pages,,Actif,2026-06-29T00:05:43.243217,haute
BJ-0148E5A6,Africa CNHU-HKM,Finance & Assurance,Cotonou,+229 51 56 19 36,contact@cnhu.bj,cnhu.bj,PME (50-200),B2C,Facebook Pages,,Actif,2026-06-29T00:05:43.243327,haute
BJ-B595CD48,Africa BOAD Abomey-Calavi,Finance & Assurance,Abomey-Calavi,+229 57 45 47 80,,boad.org,PME (10-50),B2C,Facebook Pages,,Actif,2026-06-29T00:05:43.243807,haute
BJ-0BDD7B86,Bénin Ets,Finance & Assurance,Abomey-Calavi,+229 53 53 57 40,agro.benin@gmail.com,,Grande (>200),B2B/B2C,Facebook Pages,,Actif,2026-06-29T00:05:43.243991,moyenne
BJ-8755E4D4,Africa MTN Bohicon,Finance & Assurance,Bohicon,+229 54 57 68 38,momo@mtn.bj,,PME (10-50),B2B,Facebook Pages,,Actif,2026-06-29T00:05:43.245171,haute
BJ-1C73FEA9,NSIA Bureau,Finance & Assurance,Bohicon,+229 91 86 14 11,nsia.benin@nsiaassurances.com,,Grande (>200),B2C,Facebook Pages,,Actif,2026-06-29T00:05:43.245330,haute
BJ-C46C87DF,West Africa Restaurant Natitingou,Finance & Assurance,Natitingou,+229 68 21 28 91,amazone.cotonou@gmail.com,,PME (50-200),B2B,Facebook Pages,,Actif,2026-06-29T00:05:43.245607,moyenne
BJ-30F63508,MTN Cabinet Lokossa,Finance & Assurance,Lokossa,+229 77 86 83 93,contact@mtn.bj,mtn.bj,PME (10-50),B2B,Facebook Pages,,Actif,2026-06-29T00:05:43.245987,haute
BJ-F6816B0C,DHL Groupe Lokossa,Finance & Assurance,Lokossa,+229 39 50 18 40,cotonou@dhl.com,dhl.com,PME (10-50),B2B/B2C,Facebook Pages,,Actif,2026-06-29T00:05:43.246130,haute
BJ-29DD47D8,Bénin Moov Ouidah,Finance & Assurance,Ouidah,+229 86 62 29 60,moov@moov.bj,,TPE (<10),B2B,Facebook Pages,,Actif,2026-06-29T00:05:43.246382,haute
BJ-41931679,Cabinet Ouidah,Finance & Assurance,Ouidah,+229 55 43 20 75,arch.design@gmail.com,,PME (50-200),B2B,Facebook Pages,,Actif,2026-06-29T00:05:43.246599,moyenne
BJ-E701C33E,Africa HAMMER,Transport & Logistique,Cotonou,+229 78 65 50 76,info@hammer.bj,,TPE (<10),B2B,Facebook Pages,,Actif,2026-06-29T00:05:43.246714,haute
BJ-6F7E4211,BCEAO CFAO,Transport & Logistique,Cotonou,+229 76 65 25 67,,,Grande (>200),B2B/B2C,Facebook Pages,,Actif,2026-06-29T00:05:43.247035,haute
BJ-9D692B74,BCEAO MTN,Transport & Logistique,Abomey-Calavi,+229 25 33 58 62,contact@mtn.bj,,PME (50-200),B2C,Facebook Pages,,Actif,2026-06-29T00:05:43.247149,haute
BJ-5F7C6324,Africa Clinique Abomey-Calavi,Transport & Logistique,Abomey-Calavi,+229 30 61 67 84,stluc@cliniquestluc.bj,,Grande (>200),B2C,Facebook Pages,,Actif,2026-06-29T00:05:43.247220,haute
BJ-1CE05B66,BCEAO Cabinet Abomey-Calavi,Transport & Logistique,Abomey-Calavi,+229 64 60 23 46,arch.design@gmail.com,,PME (50-200),B2B/B2C,Facebook Pages,,Actif,2026-06-29T00:05:43.247293,moyenne
BJ-2C413106,Africa Ets,Transport & Logistique,Abomey-Calavi,+229 42 56 45 73,agro.benin@gmail.com,,Grande (>200),B2C,Facebook Pages,,Actif,2026-06-29T00:05:43.247365,moyenne
BJ-B610B1E1,Score Cabinet,Transport & Logistique,Porto-Novo,+229 44 48 65 63,,score-benin.com,PME (10-50),B2B,Facebook Pages,,Actif,2026-06-29T00:05:43.247555,haute
BJ-644D5583,DHL Bureau,Transport & Logistique,Porto-Novo,+229 67 76 61 84,,dhl.com,TPE (<10),B2B/B2C,Facebook Pages,,Actif,2026-06-29T00:05:43.247628,haute
BJ-60CF606A,HAMMER Porto-Novo,Transport & Logistique,Porto-Novo,+229 54 42 53 61,info@hammer.bj,,PME (50-200),B2B/B2C,Facebook Pages,,Actif,2026-06-29T00:05:43.247847,haute
BJ-671EFAFF,Groupe Bureau Parakou,Transport & Logistique,Parakou,+229 57 44 30 22,collines.immo@yahoo.fr,,PME (10-50),B2B/B2C,Facebook Pages,,Actif,2026-06-29T00:05:43.247996,moyenne
BJ-37C9F40D,BCEAO Ecobank,Transport & Logistique,Parakou,+229 34 75 35 24,ecobank.benin@ecobank.com,ecobank.com,PME (50-200),B2B,Facebook Pages,,Actif,2026-06-29T00:05:43.248228,haute
BJ-C620888C,MTN Bénin Bohicon,Transport & Logistique,Bohicon,+229 91 74 94 28,contact@mtn.bj,,Grande (>200),B2B/B2C,Facebook Pages,,Actif,2026-06-29T00:05:43.248429,haute
BJ-7692BA26,NSIA Groupe,Transport & Logistique,Natitingou,+229 47 78 66 39,,nsiaassurances.com,PME (50-200),B2C,Facebook Pages,,Actif,2026-06-29T00:05:43.248981,haute
BJ-3C91AFD2,Université Cabinet Natitingou,Transport & Logistique,Natitingou,+229 25 58 63 94,rectorat@uac.bj,uac.bj,PME (50-200),B2B,Facebook Pages,,Actif,2026-06-29T00:05:43.249206,haute
BJ-A173AD2C,BCEAO AGS,Transport & Logistique,Lokossa,+229 98 39 84 39,,,TPE (<10),B2B,Facebook Pages,,Actif,2026-06-29T00:05:43.249474,moyenne
BJ-6CE8A692,Ecobank Ets,Transport & Logistique,Lokossa,+229 82 20 10 89,,ecobank.com,TPE (<10),B2C,Facebook Pages,,Actif,2026-06-29T00:05:43.249624,haute
BJ-936CDF6B,Pharmaquick,Télécommunications,Cotonou,+229 44 54 66 15,,,Grande (>200),B2B,Facebook Pages,,Actif,2026-06-29T00:05:43.250257,moyenne
BJ-70102D97,CFAO Groupe,Télécommunications,Abomey-Calavi,+229 68 35 65 73,cfao.benin@cfao.com,,TPE (<10),B2B/B2C,Facebook Pages,,Actif,2026-06-29T00:05:43.250615,haute
BJ-C9721E08,Ecobank Groupe,Télécommunications,Parakou,+229 87 29 98 35,ecobank.benin@ecobank.com,ecobank.com,PME (10-50),B2C,Facebook Pages,,Actif,2026-06-29T00:05:43.251696,haute
BJ-270B63CE,West Africa Ecobank Parakou,Télécommunications,Parakou,+229 20 17 35 34,ecobank.benin@ecobank.com,ecobank.com,TPE (<10),B2B,Facebook Pages,,Actif,2026-06-29T00:05:43.251945,haute
BJ-5CA94935,Jumia Centre Bohicon,Télécommunications,Bohicon,+229 49 76 94 36,,,PME (10-50),B2B/B2C,Facebook Pages,,Actif,2026-06-29T00:05:43.252054,haute
BJ-9EDC2F76,SOBETRAP Ets,Télécommunications,Bohicon,+229 59 43 29 99,contact@sobetrap.bj,sobetrap.bj,PME (10-50),B2B,Facebook Pages,,Actif,2026-06-29T00:05:43.252274,haute
BJ-32D893B1,Novotel Cabinet,Télécommunications,Natitingou,+229 56 90 93 11,,,Grande (>200),B2C,Facebook Pages,,Actif,2026-06-29T00:05:43.252468,haute
BJ-85F659AB,CFAO SA,Télécommunications,Natitingou,+229 42 32 50 81,cfao.benin@cfao.com,cfao.com,TPE (<10),B2C,Facebook Pages,,Actif,2026-06-29T00:05:43.252625,haute
BJ-01C55173,West Africa BOAD Natitingou,Télécommunications,Natitingou,+229 29 50 51 72,,,PME (10-50),B2C,Facebook Pages,,Actif,2026-06-29T00:05:43.252709,haute
BJ-42133A26,Moov Africa Bénin Natitingou,Télécommunications,Natitingou,+229 80 67 59 30,moov@moov.bj,,Grande (>200),B2B/B2C,Facebook Pages,,Actif,2026-06-29T00:05:43.252787,haute
BJ-7C7CF212,Hôtel Cabinet Lokossa,Télécommunications,Lokossa,+229 53 72 91 31,hotel.lac@yahoo.fr,,TPE (<10),B2B/B2C,Facebook Pages,,Actif,2026-06-29T00:05:43.252939,moyenne
BJ-06544763,NSIA SARL Lokossa,Télécommunications,Lokossa,+229 42 69 21 96,,nsiaassurances.com,Grande (>200),B2B/B2C,Facebook Pages,,Actif,2026-06-29T00:05:43.253094,haute
BJ-9D1CAEAB,CFAO SARL Ouidah,Télécommunications,Ouidah,+229 95 99 47 75,cfao.benin@cfao.com,,TPE (<10),B2C,Facebook Pages,,Actif,2026-06-29T00:05:43.253369,haute
BJ-E8B18F45,NSIA Centre Ouidah,Télécommunications,Ouidah,+229 98 79 87 65,,nsiaassurances.com,PME (50-200),B2B/B2C,Facebook Pages,,Actif,2026-06-29T00:05:43.253449,haute
BJ-3C4B8FDD,Novotel,Télécommunications,Ouidah,+229 80 18 32 20,h5436@accor.com,,Grande (>200),B2B/B2C,Facebook Pages,,Actif,2026-06-29T00:05:43.253693,haute
BJ-CBE9EE7C,West Africa Groupe,Agriculture & Agroalimentaire,Cotonou,+229 51 14 11 67,,,Grande (>200),B2B/B2C,Facebook Pages,,Actif,2026-06-29T00:05:43.253919,moyenne
BJ-A033EC12,Bénin CNHU-HKM Cotonou,Agriculture & Agroalimentaire,Cotonou,+229 30 61 21 89,,,Grande (>200),B2B,Facebook Pages,,Actif,2026-06-29T00:05:43.254008,haute
BJ-AD4F4634,SOBETRAP Centre Abomey-Calavi,Agriculture & Agroalimentaire,Abomey-Calavi,+229 30 57 37 78,contact@sobetrap.bj,sobetrap.bj,PME (10-50),B2B,Facebook Pages,,Actif,2026-06-29T00:05:43.254501,haute
BJ-FD96927D,Bénin Moov,Agriculture & Agroalimentaire,Porto-Novo,+229 69 30 67 36,moov@moov.bj,,TPE (<10),B2C,Facebook Pages,,Actif,2026-06-29T00:05:43.254682,haute
BJ-D36A0E29,Africa AfriTech,Agriculture & Agroalimentaire,Parakou,+229 67 13 44 52,contact@afritech.bj,,PME (50-200),B2B,Facebook Pages,,Actif,2026-06-29T00:05:43.255258,haute
BJ-E30514DB,Africa Clinique,Agriculture & Agroalimentaire,Parakou,+229 73 19 37 97,,cliniquestluc.bj,PME (50-200),B2C,Facebook Pages,,Actif,2026-06-29T00:05:43.255328,haute
BJ-FB57C1D7,MTN Bohicon,Agriculture & Agroalimentaire,Bohicon,+229 75 28 53 22,contact@mtn.bj,,TPE (<10),B2C,Facebook Pages,,Actif,2026-06-29T00:05:43.255652,haute
BJ-71F3FD9B,SOBETRAP Centre,Agriculture & Agroalimentaire,Natitingou,+229 34 20 46 31,,,PME (10-50),B2C,Facebook Pages,,Actif,2026-06-29T00:05:43.256307,haute
BJ-66575671,SONAPRA Natitingou,Agriculture & Agroalimentaire,Natitingou,+229 45 85 31 36,sonapra@sonapra.bj,,Grande (>200),B2B/B2C,Facebook Pages,,Actif,2026-06-29T00:05:43.256397,moyenne
BJ-9E4F9C56,Restaurant Centre,Agriculture & Agroalimentaire,Lokossa,+229 62 77 87 43,amazone.cotonou@gmail.com,,PME (50-200),B2B,Facebook Pages,,Actif,2026-06-29T00:05:43.256594,moyenne
BJ-EE34E32B,Africa Pharmaquick,Agriculture & Agroalimentaire,Ouidah,+229 83 58 21 72,pharmaquick@gmail.com,,TPE (<10),B2B,Facebook Pages,,Actif,2026-06-29T00:05:43.257056,moyenne
BJ-3450BC86,West Africa Clinique,Éducation & Formation,Cotonou,+229 86 70 10 57,stluc@cliniquestluc.bj,cliniquestluc.bj,TPE (<10),B2B,Facebook Pages,,Actif,2026-06-29T00:05:43.257655,haute
BJ-516E1427,Jumia Ets,Éducation & Formation,Cotonou,+229 34 49 83 24,benin@jumia.com,,PME (50-200),B2B/B2C,Facebook Pages,,Actif,2026-06-29T00:05:43.257814,haute
BJ-7C25365F,Cabinet Centre,Éducation & Formation,Abomey-Calavi,+229 43 32 79 95,,,PME (10-50),B2C,Facebook Pages,,Actif,2026-06-29T00:05:43.258457,moyenne
BJ-76759A68,HAMMER Cabinet,Éducation & Formation,Abomey-Calavi,+229 66 75 83 93,info@hammer.bj,,PME (10-50),B2C,Facebook Pages,,Actif,2026-06-29T00:05:43.258603,haute
BJ-73E9AB7E,West Africa Ecobank,Éducation & Formation,Porto-Novo,+229 40 29 46 21,,,PME (10-50),B2B/B2C,Facebook Pages,,Actif,2026-06-29T00:05:43.258885,haute
BJ-0A5DD6B7,West Africa Score,Éducation & Formation,Porto-Novo,+229 99 33 47 21,score@score-benin.com,,Grande (>200),B2B,Facebook Pages,,Actif,2026-06-29T00:05:43.259014,haute
BJ-747E6BC2,Restaurant SA,Éducation & Formation,Parakou,+229 75 85 52 56,amazone.cotonou@gmail.com,,PME (10-50),B2B,Facebook Pages,,Actif,2026-06-29T00:05:43.259445,moyenne
BJ-52395EEB,SONAPRA SARL,Éducation & Formation,Bohicon,+229 55 14 62 29,sonapra@sonapra.bj,,PME (10-50),B2B,Facebook Pages,,Actif,2026-06-29T00:05:43.259729,moyenne
BJ-22133165,Score,Éducation & Formation,Bohicon,+229 38 55 52 31,score@score-benin.com,score-benin.com,TPE (<10),B2C,Facebook Pages,,Actif,2026-06-29T00:05:43.259789,haute
BJ-7612AE10,Hôtel Bureau Bohicon,Éducation & Formation,Bohicon,+229 37 92 15 82,,,TPE (<10),B2B,Facebook Pages,,Actif,2026-06-29T00:05:43.259967,moyenne
BJ-2F1A7C78,Digital Bureau,Éducation & Formation,Natitingou,+229 31 76 71 77,digital.benin@gmail.com,,Grande (>200),B2C,Facebook Pages,,Actif,2026-06-29T00:05:43.260203,moyenne
BJ-147B3377,MTN Bureau,Éducation & Formation,Lokossa,+229 38 80 82 14,contact@mtn.bj,,TPE (<10),B2B/B2C,Facebook Pages,,Actif,2026-06-29T00:05:43.260433,haute
BJ-71CF40D2,West Africa AfriTech,Éducation & Formation,Lokossa,+229 62 67 33 27,contact@afritech.bj,afritech.bj,Grande (>200),B2B,Facebook Pages,,Actif,2026-06-29T00:05:43.260486,haute
BJ-1A721853,EPAC SA,Éducation & Formation,Lokossa,+229 44 35 36 14,epac@epac.uac.bj,epac.uac.bj,PME (10-50),B2B,Facebook Pages,,Actif,2026-06-29T00:05:43.260542,haute
BJ-C7D69D53,Restaurant Le Jardin de l'Amazone Ouidah,Éducation & Formation,Ouidah,+229 68 65 60 71,amazone.cotonou@gmail.com,,TPE (<10),B2B/B2C,Facebook Pages,,Actif,2026-06-29T00:05:43.260881,moyenne
BJ-B33294A4,Restaurant Cotonou,Technologie & IT,Cotonou,+229 76 65 83 28,,,PME (50-200),B2B/B2C,Facebook Pages,,Actif,2026-06-29T00:05:43.261042,moyenne
BJ-B7F30D54,Bénin Jumia Cotonou,Technologie & IT,Cotonou,+229 26 47 43 45,benin@jumia.com,,TPE (<10),B2C,Facebook Pages,,Actif,2026-06-29T00:05:43.261143,haute
BJ-53FBCE23,Score SA,Technologie & IT,Abomey-Calavi,+229 33 88 80 79,,score-benin.com,PME (10-50),B2C,Facebook Pages,,Actif,2026-06-29T00:05:43.261428,haute
BJ-3E77C2F7,BCEAO Université,Technologie & IT,Abomey-Calavi,+229 32 83 31 51,rectorat@uac.bj,uac.bj,Grande (>200),B2B,Facebook Pages,,Actif,2026-06-29T00:05:43.261482,haute
BJ-2CF8A675,Bénin SOBEBRA,Technologie & IT,Parakou,+229 45 36 16 14,transport@sobebra.bj,,PME (50-200),B2C,Facebook Pages,,Actif,2026-06-29T00:05:43.261965,moyenne
BJ-2FE99AC4,Africa CNHU-HKM,Technologie & IT,Bohicon,+229 79 98 59 25,,,PME (10-50),B2B,Facebook Pages,,Actif,2026-06-29T00:05:43.262234,haute
BJ-935201DA,Hôtel du Lac Cotonou,Technologie & IT,Bohicon,+229 78 30 79 90,,,Grande (>200),B2B,Facebook Pages,,Actif,2026-06-29T00:05:43.262286,moyenne
BJ-58D5FA39,Clinique Groupe Bohicon,Technologie & IT,Bohicon,+229 76 26 81 63,stluc@cliniquestluc.bj,,PME (50-200),B2B/B2C,Facebook Pages,,Actif,2026-06-29T00:05:43.262338,haute
BJ-C506D0A0,HAMMER,Technologie & IT,Bohicon,+229 81 92 63 65,info@hammer.bj,,TPE (<10),B2B,Facebook Pages,,Actif,2026-06-29T00:05:43.262388,haute
BJ-CBE2973C,BCEAO Ecobank,Technologie & IT,Lokossa,+229 26 79 98 42,ecobank.benin@ecobank.com,,PME (10-50),B2B,Facebook Pages,,Actif,2026-06-29T00:05:43.262744,haute
BJ-9ECEE7CC,West Africa Ets,Technologie & IT,Lokossa,+229 53 72 21 31,agro.benin@gmail.com,,TPE (<10),B2B,Facebook Pages,,Actif,2026-06-29T00:05:43.262848,moyenne
BJ-54426D5A,DHL Ets,Technologie & IT,Ouidah,+229 40 69 32 98,cotonou@dhl.com,,TPE (<10),B2C,Facebook Pages,,Actif,2026-06-29T00:05:43.263052,haute
BJ-088E3810,West Africa AfriTech,Technologie & IT,Ouidah,+229 46 81 50 68,,,Grande (>200),B2C,Facebook Pages,,Actif,2026-06-29T00:05:43.263102,haute
BJ-D53F748C,Restaurant SA,Industrie & Manufacture,Cotonou,+229 68 74 79 22,amazone.cotonou@gmail.com,,PME (10-50),B2C,Facebook Pages,,Actif,2026-06-29T00:05:43.263339,moyenne
BJ-D335C746,DHL SARL Cotonou,Industrie & Manufacture,Cotonou,+229 31 73 85 88,cotonou@dhl.com,dhl.com,TPE (<10),B2C,Facebook Pages,,Actif,2026-06-29T00:05:43.263390,haute
BJ-5A509973,EPAC Cotonou,Industrie & Manufacture,Cotonou,+229 24 23 10 96,,epac.uac.bj,Grande (>200),B2C,Facebook Pages,,Actif,2026-06-29T00:05:43.263544,haute
BJ-B96F6B47,BCEAO Score Abomey-Calavi,Industrie & Manufacture,Abomey-Calavi,+229 35 74 54 69,score@score-benin.com,score-benin.com,PME (50-200),B2C,Facebook Pages,,Actif,2026-06-29T00:05:43.263725,haute
BJ-E7055275,West Africa Pharmaquick,Industrie & Manufacture,Abomey-Calavi,+229 76 32 51 96,,,PME (10-50),B2B/B2C,Facebook Pages,,Actif,2026-06-29T00:05:43.263785,moyenne
BJ-FADD82D8,DHL SA,Industrie & Manufacture,Porto-Novo,+229 60 94 13 61,,,PME (10-50),B2B/B2C,Facebook Pages,,Actif,2026-06-29T00:05:43.263977,haute
BJ-EA1C0CEA,Bénin Jumia,Industrie & Manufacture,Parakou,+229 96 37 89 44,benin@jumia.com,,Grande (>200),B2B/B2C,Facebook Pages,,Actif,2026-06-29T00:05:43.264337,haute
BJ-C9940AEE,Jumia Groupe,Industrie & Manufacture,Parakou,+229 42 57 72 44,benin@jumia.com,jumia.com.bj,PME (50-200),B2C,Facebook Pages,,Actif,2026-06-29T00:05:43.264399,haute
BJ-74FDF619,DHL Bureau Bohicon,Industrie & Manufacture,Bohicon,+229 40 95 16 53,cotonou@dhl.com,dhl.com,PME (10-50),B2B/B2C,Facebook Pages,,Actif,2026-06-29T00:05:43.264727,haute
BJ-F4D00DF3,Pharmaquick Groupe,Industrie & Manufacture,Natitingou,+229 86 38 38 31,pharmaquick@gmail.com,,PME (10-50),B2C,Facebook Pages,,Actif,2026-06-29T00:05:43.264856,moyenne
BJ-B159268E,Restaurant Groupe Natitingou,Industrie & Manufacture,Natitingou,+229 60 15 73 71,amazone.cotonou@gmail.com,,PME (10-50),B2B,Facebook Pages,,Actif,2026-06-29T00:05:43.264989,moyenne
BJ-65B6FA30,West Africa DHL,Industrie & Manufacture,Natitingou,+229 31 40 72 73,cotonou@dhl.com,,TPE (<10),B2C,Facebook Pages,,Actif,2026-06-29T00:05:43.265049,haute
BJ-B562B633,SOBEBRA Lokossa,Industrie & Manufacture,Lokossa,+229 83 99 24 53,,,PME (10-50),B2B,Facebook Pages,,Actif,2026-06-29T00:05:43.265126,moyenne
BJ-76E106D5,West Africa Université,Industrie & Manufacture,Lokossa,+229 94 48 75 42,,uac.bj,Grande (>200),B2C,Facebook Pages,,Actif,2026-06-29T00:05:43.265179,haute
BJ-1D001A29,Africa Clinique Ouidah,Industrie & Manufacture,Ouidah,+229 78 31 18 30,,,TPE (<10),B2C,Facebook Pages,,Actif,2026-06-29T00:05:43.265458,haute
BJ-02092030,Ecobank SARL,Industrie & Manufacture,Ouidah,+229 39 32 63 80,ecobank.benin@ecobank.com,ecobank.com,PME (50-200),B2B,Facebook Pages,,Actif,2026-06-29T00:05:43.265511,haute
BJ-993D81E3,Africa DHL,Industrie & Manufacture,Ouidah,+229 22 84 66 30,cotonou@dhl.com,,PME (50-200),B2B,Facebook Pages,,Actif,2026-06-29T00:05:43.265580,haute
BJ-8A29CCA6,Africa AGS Ouidah,Industrie & Manufacture,Ouidah,+229 31 44 46 46,,,TPE (<10),B2B,Facebook Pages,,Actif,2026-06-29T00:05:43.265635,moyenne
BJ-DBBD5978,Hôtel Cabinet,Services aux entreprises,Abomey-Calavi,+229 68 82 67 10,hotel.lac@yahoo.fr,,TPE (<10),B2B/B2C,Facebook Pages,,Actif,2026-06-29T00:05:43.266132,moyenne
BJ-54AFF1E7,Digital Groupe,Services aux entreprises,Porto-Novo,+229 21 67 73 22,digital.benin@gmail.com,,Grande (>200),B2B,Facebook Pages,,Actif,2026-06-29T00:05:43.266388,moyenne
BJ-CB542C06,Africa DHL,Services aux entreprises,Porto-Novo,+229 84 63 45 41,cotonou@dhl.com,dhl.com,PME (10-50),B2B,Facebook Pages,,Actif,2026-06-29T00:05:43.266440,haute
BJ-FED609F5,SERHAU-SEM Centre,Services aux entreprises,Parakou,+229 98 37 32 27,info@serhau.bj,serhau.bj,PME (10-50),B2B,Facebook Pages,,Actif,2026-06-29T00:05:43.266641,haute
BJ-05D29860,Bénin MTN,Services aux entreprises,Parakou,+229 30 65 30 64,,,TPE (<10),B2B,Facebook Pages,,Actif,2026-06-29T00:05:43.266862,haute
BJ-2F32B68C,Bénin Pharmaquick,Services aux entreprises,Bohicon,+229 28 89 65 71,,,PME (50-200),B2C,Facebook Pages,,Actif,2026-06-29T00:05:43.267048,moyenne
BJ-B72320F7,BCEAO MTN,Services aux entreprises,Bohicon,+229 28 51 92 29,contact@mtn.bj,,PME (10-50),B2B,Facebook Pages,,Actif,2026-06-29T00:05:43.267230,haute
BJ-0B20AF33,SOBEBRA Bureau,Services aux entreprises,Natitingou,+229 65 98 73 28,,,Grande (>200),B2C,Facebook Pages,,Actif,2026-06-29T00:05:43.267315,moyenne
BJ-D97FC6A9,Africa SONAPRA,Services aux entreprises,Natitingou,+229 79 77 18 85,,,PME (10-50),B2C,Facebook Pages,,Actif,2026-06-29T00:05:43.267415,moyenne
BJ-E51DBC9F,Groupe Bureau,Services aux entreprises,Lokossa,+229 78 56 71 32,collines.immo@yahoo.fr,,PME (50-200),B2B/B2C,Facebook Pages,,Actif,2026-06-29T00:05:43.267669,moyenne
BJ-7100DB5C,West Africa SERHAU-SEM Lokossa,Services aux entreprises,Lokossa,+229 70 73 58 19,info@serhau.bj,,PME (10-50),B2B,Facebook Pages,,Actif,2026-06-29T00:05:43.267724,haute
BJ-8640EEB7,Bénin Clinique Lokossa,Services aux entreprises,Lokossa,+229 79 35 11 31,stluc@cliniquestluc.bj,,PME (50-200),B2B/B2C,Facebook Pages,,Actif,2026-06-29T00:05:43.267774,haute
BJ-8A89DA84,Jumia Ets Lokossa,Services aux entreprises,Lokossa,+229 88 26 98 16,benin@jumia.com,,TPE (<10),B2B/B2C,Facebook Pages,,Actif,2026-06-29T00:05:43.267827,haute
BJ-152B7C42,Bénin Université,Énergie & Environnement,Cotonou,+229 85 18 98 83,,,PME (50-200),B2B/B2C,Facebook Pages,,Actif,2026-06-29T00:05:43.268246,haute
BJ-1E29EB0E,Digital Cabinet,Énergie & Environnement,Cotonou,+229 38 60 92 91,,,Grande (>200),B2B/B2C,Facebook Pages,,Actif,2026-06-29T00:05:43.268425,moyenne
BJ-B68E3732,EPAC SA,Énergie & Environnement,Cotonou,+229 74 78 99 20,epac@epac.uac.bj,epac.uac.bj,PME (50-200),B2C,Facebook Pages,,Actif,2026-06-29T00:05:43.268466,haute
BJ-CC39D2FC,SERHAU-SEM Bureau,Énergie & Environnement,Abomey-Calavi,+229 39 15 31 61,info@serhau.bj,serhau.bj,PME (50-200),B2C,Facebook Pages,,Actif,2026-06-29T00:05:43.268641,haute
BJ-F36AD14E,Novotel Bureau,Énergie & Environnement,Abomey-Calavi,+229 81 95 44 85,h5436@accor.com,novotel.com,Grande (>200),B2B/B2C,Facebook Pages,,Actif,2026-06-29T00:05:43.268731,haute
BJ-231074C0,SERHAU-SEM Cabinet,Énergie & Environnement,Porto-Novo,+229 21 87 51 56,info@serhau.bj,,PME (10-50),B2B,Facebook Pages,,Actif,2026-06-29T00:05:43.268878,haute
BJ-9E736E0C,AGS Déménagements Bénin Parakou,Énergie & Environnement,Parakou,+229 95 52 48 56,ags.benin@agsfidal.com,,PME (50-200),B2C,Facebook Pages,,Actif,2026-06-29T00:05:43.269102,moyenne
BJ-71831333,SERHAU-SEM Ets,Énergie & Environnement,Parakou,+229 40 73 34 52,,,PME (50-200),B2B,Facebook Pages,,Actif,2026-06-29T00:05:43.269233,haute
BJ-2907B887,West Africa MTN,Énergie & Environnement,Bohicon,+229 99 75 54 85,,,PME (10-50),B2B/B2C,Facebook Pages,,Actif,2026-06-29T00:05:43.269342,haute
BJ-4511CB67,AfriTech Ets Bohicon,Énergie & Environnement,Bohicon,+229 73 69 38 43,contact@afritech.bj,afritech.bj,TPE (<10),B2B,Facebook Pages,,Actif,2026-06-29T00:05:43.269381,haute
BJ-8787ABB0,Bénin MTN Natitingou,Énergie & Environnement,Natitingou,+229 57 70 38 88,momo@mtn.bj,,PME (10-50),B2B/B2C,Facebook Pages,,Actif,2026-06-29T00:05:43.269757,haute
BJ-50645C85,Africa Restaurant,Énergie & Environnement,Lokossa,+229 59 28 87 65,amazone.cotonou@gmail.com,,PME (10-50),B2C,Facebook Pages,,Actif,2026-06-29T00:05:43.269831,moyenne
BJ-86E240D0,Bénin SONAPRA,Énergie & Environnement,Lokossa,+229 85 18 20 74,sonapra@sonapra.bj,,PME (10-50),B2B,Facebook Pages,,Actif,2026-06-29T00:05:43.269877,moyenne
BJ-6FADAAD2,Ecobank SARL Lokossa,Énergie & Environnement,Lokossa,+229 84 68 56 74,ecobank.benin@ecobank.com,,Grande (>200),B2C,Facebook Pages,,Actif,2026-06-29T00:05:43.269933,haute
BJ-3CA9A7FC,SONAPRA Centre Lokossa,Énergie & Environnement,Lokossa,+229 26 37 21 78,sonapra@sonapra.bj,,Grande (>200),B2B/B2C,Facebook Pages,,Actif,2026-06-29T00:05:43.270009,moyenne
BJ-3F48F438,Pharmaquick Groupe,Énergie & Environnement,Ouidah,+229 80 52 83 19,pharmaquick@gmail.com,,TPE (<10),B2B/B2C,Facebook Pages,,Actif,2026-06-29T00:05:43.270104,moyenne
BJ-72310AFA,Clinique SA Ouidah,Énergie & Environnement,Ouidah,+229 69 68 79 85,stluc@cliniquestluc.bj,cliniquestluc.bj,PME (10-50),B2B,Facebook Pages,,Actif,2026-06-29T00:05:43.270152,haute
BJ-4FAD8552,EPAC Ets Ouidah,Énergie & Environnement,Ouidah,+229 93 88 62 32,,epac.uac.bj,TPE (<10),B2B/B2C,Facebook Pages,,Actif,2026-06-29T00:05:43.270203,haute
BJ-73EE2130,Bénin AGS Ouidah,Énergie & Environnement,Ouidah,+229 64 32 35 36,ags.benin@agsfidal.com,,TPE (<10),B2C,Facebook Pages,,Actif,2026-06-29T00:05:43.270261,moyenne
BJ-4CB6CC1E,MTN SARL,Énergie & Environnement,Ouidah,+229 25 63 37 69,,mtn.bj,PME (10-50),B2B/B2C,Facebook Pages,,Actif,2026-06-29T00:05:43.270309,haute
BJ-3A20AC95,CNHU-HKM Groupe,Médias & Communication,Cotonou,+229 33 53 77 41,contact@cnhu.bj,cnhu.bj,TPE (<10),B2C,Facebook Pages,,Actif,2026-06-29T00:05:43.270346,haute
BJ-EAFF744E,Bénin Pharmaquick,Médias & Communication,Abomey-Calavi,+229 39 88 46 10,pharmaquick@gmail.com,,Grande (>200),B2B,Facebook Pages,,Actif,2026-06-29T00:05:43.271142,moyenne
BJ-7FCB896E,West Africa Moov Porto-Novo,Médias & Communication,Porto-Novo,+229 53 95 19 73,moov@moov.bj,moov.bj,TPE (<10),B2B,Facebook Pages,,Actif,2026-06-29T00:05:43.271228,haute
BJ-7B62F7F4,AGS SARL,Médias & Communication,Porto-Novo,+229 68 96 45 19,ags.benin@agsfidal.com,,TPE (<10),B2B,Facebook Pages,,Actif,2026-06-29T00:05:43.271256,moyenne
BJ-9CEC44BC,Clinique Cabinet Natitingou,Médias & Communication,Natitingou,+229 67 34 23 16,stluc@cliniquestluc.bj,,PME (50-200),B2B,Facebook Pages,,Actif,2026-06-29T00:05:43.271574,haute
BJ-4895C8F2,Bénin Score Natitingou,Médias & Communication,Natitingou,+229 56 80 99 87,score@score-benin.com,score-benin.com,TPE (<10),B2B,Facebook Pages,,Actif,2026-06-29T00:05:43.271608,haute
BJ-1C94EF37,Ets Groupe Lokossa,Médias & Communication,Lokossa,+229 54 68 62 63,,,PME (50-200),B2B/B2C,Facebook Pages,,Actif,2026-06-29T00:05:43.271793,moyenne
BJ-AF5BB48E,Bénin AGS Lokossa,Médias & Communication,Lokossa,+229 26 82 10 97,,,PME (50-200),B2B,Facebook Pages,,Actif,2026-06-29T00:05:43.271821,moyenne
BJ-01B6AC8F,Cabinet Groupe,Médias & Communication,Lokossa,+229 90 15 95 14,,,Grande (>200),B2B/B2C,Facebook Pages,,Actif,2026-06-29T00:05:43.271874,moyenne
BJ-1AC7EFFA,Bénin Clinique,Médias & Communication,Ouidah,+229 36 88 24 76,stluc@cliniquestluc.bj,,PME (10-50),B2B/B2C,Facebook Pages,,Actif,2026-06-29T00:05:43.271962,haute
BJ-957FD5CB,Score Centre Abomey-Calavi,ONG & Associations,Abomey-Calavi,+229 32 36 66 74,score@score-benin.com,score-benin.com,PME (50-200),B2B/B2C,Facebook Pages,,Actif,2026-06-29T00:05:43.272331,haute
BJ-AB24CDCC,Africa Hôtel Abomey-Calavi,ONG & Associations,Abomey-Calavi,+229 33 52 15 60,,,Grande (>200),B2B,Facebook Pages,,Actif,2026-06-29T00:05:43.272360,moyenne
BJ-44F665F4,SOBETRAP SA Abomey-Calavi,ONG & Associations,Abomey-Calavi,+229 46 33 48 15,,,TPE (<10),B2B,Facebook Pages,,Actif,2026-06-29T00:05:43.272388,haute
BJ-921ECF50,Université Ets,ONG & Associations,Abomey-Calavi,+229 43 64 72 20,rectorat@uac.bj,uac.bj,TPE (<10),B2B/B2C,Facebook Pages,,Actif,2026-06-29T00:05:43.272437,haute
BJ-14D4A030,Bénin BOAD Porto-Novo,ONG & Associations,Porto-Novo,+229 68 86 46 12,boad@boad.org,boad.org,PME (10-50),B2C,Facebook Pages,,Actif,2026-06-29T00:05:43.272554,haute
BJ-17F401F8,Digital SA Parakou,ONG & Associations,Parakou,+229 86 77 92 35,,,PME (10-50),B2C,Facebook Pages,,Actif,2026-06-29T00:05:43.272684,moyenne
BJ-2F765993,CFAO Groupe Parakou,ONG & Associations,Parakou,+229 79 46 12 70,,,Grande (>200),B2B,Facebook Pages,,Actif,2026-06-29T00:05:43.272717,haute
BJ-F93973DE,West Africa CFAO,ONG & Associations,Bohicon,+229 37 12 45 59,,,TPE (<10),B2B,Facebook Pages,,Actif,2026-06-29T00:05:43.273070,haute
BJ-38420971,AfriTech Cabinet Natitingou,ONG & Associations,Natitingou,+229 38 91 62 82,contact@afritech.bj,afritech.bj,PME (50-200),B2C,Facebook Pages,,Actif,2026-06-29T00:05:43.273207,haute
BJ-75585ABE,Score Supermarché Natitingou,ONG & Associations,Natitingou,+229 85 92 52 60,,,PME (10-50),B2B,Facebook Pages,,Actif,2026-06-29T00:05:43.273303,haute
BJ-3B66F337,Ets SA Lokossa,ONG & Associations,Lokossa,+229 33 46 35 54,agro.benin@gmail.com,,PME (50-200),B2B,Facebook Pages,,Actif,2026-06-29T00:05:43.273461,moyenne
BJ-B1E526BC,Jumia Groupe,ONG & Associations,Lokossa,+229 43 62 83 53,benin@jumia.com,jumia.com.bj,TPE (<10),B2B,Facebook Pages,,Actif,2026-06-29T00:05:43.273612,haute
BJ-38E4E745,SOBETRAP,ONG & Associations,Ouidah,+229 27 58 89 22,,,PME (50-200),B2C,Facebook Pages,,Actif,2026-06-29T00:05:43.273741,haute
BJ-CD976CB0,SOBETRAP Groupe Ouidah,ONG & Associations,Ouidah,+229 40 85 28 14,contact@sobetrap.bj,,Grande (>200),B2B/B2C,Facebook Pages,,Actif,2026-06-29T00:05:43.273798,haute
BJ-119D819F,Score Supermarché Cotonou,BTP & Immobilier,Cotonou,+229 89 73 20 54,score@score-benin.com,score-benin.com,PME (50-200),B2C,CCIB Annuaire,,Actif,2026-06-29T00:05:43.273881,haute
BJ-7DB35765,SOBEBRA Cabinet,BTP & Immobilier,Abomey-Calavi,+229 35 95 36 98,,,Grande (>200),B2B/B2C,CCIB Annuaire,,Actif,2026-06-29T00:05:43.273988,moyenne
BJ-EBDBA49D,West Africa Score Abomey-Calavi,BTP & Immobilier,Abomey-Calavi,+229 25 52 55 45,score@score-benin.com,,PME (50-200),B2C,CCIB Annuaire,,Actif,2026-06-29T00:05:43.274008,haute
BJ-D59E6457,West Africa Clinique,BTP & Immobilier,Abomey-Calavi,+229 95 13 85 55,,cliniquestluc.bj,PME (50-200),B2B/B2C,CCIB Annuaire,,Actif,2026-06-29T00:05:43.274025,haute
BJ-4B21983F,AGS Déménagements Bénin,BTP & Immobilier,Porto-Novo,+229 86 70 55 12,ags.benin@agsfidal.com,,TPE (<10),B2B/B2C,CCIB Annuaire,,Actif,2026-06-29T00:05:43.274067,moyenne
BJ-81BC629C,SONAPRA Groupe Porto-Novo,BTP & Immobilier,Porto-Novo,+229 78 35 26 73,,,TPE (<10),B2B/B2C,CCIB Annuaire,,Actif,2026-06-29T00:05:43.274099,moyenne
BJ-52E7DA21,Moov Africa Bénin Parakou,BTP & Immobilier,Parakou,+229 62 46 38 42,moov@moov.bj,moov.bj,TPE (<10),B2C,CCIB Annuaire,,Actif,2026-06-29T00:05:43.274154,haute
BJ-EBA7050B,Ets Ets Parakou,BTP & Immobilier,Parakou,+229 89 40 18 61,,,TPE (<10),B2B/B2C,CCIB Annuaire,,Actif,2026-06-29T00:05:43.274189,moyenne
BJ-174107F5,Université SARL,BTP & Immobilier,Bohicon,+229 45 50 10 62,rectorat@uac.bj,uac.bj,PME (10-50),B2B/B2C,CCIB Annuaire,,Actif,2026-06-29T00:05:43.274252,haute
BJ-46107D9D,Africa Pharmaquick Natitingou,BTP & Immobilier,Natitingou,+229 94 18 72 33,pharmaquick@gmail.com,,Grande (>200),B2B/B2C,CCIB Annuaire,,Actif,2026-06-29T00:05:43.274354,moyenne
BJ-DC7592F1,Université Ets,BTP & Immobilier,Lokossa,+229 30 53 82 10,rectorat@uac.bj,,PME (10-50),B2C,CCIB Annuaire,,Actif,2026-06-29T00:05:43.274420,haute
BJ-D8AB585A,Moov Cabinet,BTP & Immobilier,Lokossa,+229 65 31 54 26,,,Grande (>200),B2C,CCIB Annuaire,,Actif,2026-06-29T00:05:43.274483,haute
BJ-504679EE,Pharmaquick Cabinet,BTP & Immobilier,Ouidah,+229 70 25 98 89,pharmaquick@gmail.com,,PME (10-50),B2B,CCIB Annuaire,,Actif,2026-06-29T00:05:43.274522,moyenne
BJ-887436F2,Jumia Ouidah,BTP & Immobilier,Ouidah,+229 52 12 76 83,,,TPE (<10),B2B/B2C,CCIB Annuaire,,Actif,2026-06-29T00:05:43.274588,haute
BJ-E1C2FFED,West Africa BOAD,Commerce & Distribution,Cotonou,+229 73 59 53 16,,,PME (50-200),B2B/B2C,CCIB Annuaire,,Actif,2026-06-29T00:05:43.274629,haute
BJ-F9E8EF5A,SERHAU-SEM Groupe,Commerce & Distribution,Abomey-Calavi,+229 39 18 86 41,info@serhau.bj,,Grande (>200),B2B,CCIB Annuaire,,Actif,2026-06-29T00:05:43.274719,haute
BJ-935427BF,AGS SA Abomey-Calavi,Commerce & Distribution,Abomey-Calavi,+229 54 41 10 53,,,PME (50-200),B2B/B2C,CCIB Annuaire,,Actif,2026-06-29T00:05:43.274755,moyenne
BJ-CA7F5D2F,AGS Centre Porto-Novo,Commerce & Distribution,Porto-Novo,+229 64 90 14 47,ags.benin@agsfidal.com,,Grande (>200),B2B/B2C,CCIB Annuaire,,Actif,2026-06-29T00:05:43.274840,moyenne
BJ-930E61DF,NSIA Groupe,Commerce & Distribution,Parakou,+229 38 49 89 97,,nsiaassurances.com,Grande (>200),B2B/B2C,CCIB Annuaire,,Actif,2026-06-29T00:05:43.274927,haute
BJ-41BD3B50,Score SARL,Commerce & Distribution,Bohicon,+229 71 18 16 84,,score-benin.com,PME (50-200),B2C,CCIB Annuaire,,Actif,2026-06-29T00:05:43.275007,haute
BJ-58BD14AC,Pharmaquick SA Bohicon,Commerce & Distribution,Bohicon,+229 79 16 44 52,,,Grande (>200),B2B,CCIB Annuaire,,Actif,2026-06-29T00:05:43.275067,moyenne
BJ-C76CD422,Novotel Cotonou Natitingou,Commerce & Distribution,Natitingou,+229 74 97 45 33,h5436@accor.com,,Grande (>200),B2C,CCIB Annuaire,,Actif,2026-06-29T00:05:43.275095,haute
BJ-BB3313C4,Score Centre,Commerce & Distribution,Natitingou,+229 83 95 77 26,score@score-benin.com,,TPE (<10),B2B/B2C,CCIB Annuaire,,Actif,2026-06-29T00:05:43.275111,haute
BJ-81C1123B,AGS Déménagements Bénin Lokossa,Commerce & Distribution,Lokossa,+229 42 42 47 51,ags.benin@agsfidal.com,,PME (50-200),B2B,CCIB Annuaire,,Actif,2026-06-29T00:05:43.275256,moyenne
BJ-E3DDABA7,SERHAU-SEM SA Ouidah,Commerce & Distribution,Ouidah,+229 56 23 79 40,,,Grande (>200),B2C,CCIB Annuaire,,Actif,2026-06-29T00:05:43.275295,haute
BJ-20B2E5D8,SOBEBRA SA Cotonou,Restauration & Hôtellerie,Cotonou,+229 39 24 79 10,,,Grande (>200),B2B,CCIB Annuaire,,Actif,2026-06-29T00:05:43.275419,moyenne
BJ-81C3445D,Clinique Bureau Abomey-Calavi,Restauration & Hôtellerie,Abomey-Calavi,+229 46 53 58 30,stluc@cliniquestluc.bj,cliniquestluc.bj,TPE (<10),B2B/B2C,CCIB Annuaire,,Actif,2026-06-29T00:05:43.275529,haute
BJ-7DD7D04E,SONAPRA SA,Restauration & Hôtellerie,Bohicon,+229 68 49 68 82,,,PME (10-50),B2B,CCIB Annuaire,,Actif,2026-06-29T00:05:43.275731,moyenne
BJ-629EC0A3,AGS SARL,Restauration & Hôtellerie,Natitingou,+229 30 84 10 83,,,PME (50-200),B2C,CCIB Annuaire,,Actif,2026-06-29T00:05:43.275848,moyenne
BJ-CD92C598,DHL SA,Restauration & Hôtellerie,Lokossa,+229 57 42 25 77,cotonou@dhl.com,dhl.com,PME (50-200),B2C,CCIB Annuaire,,Actif,2026-06-29T00:05:43.275963,haute
BJ-A5E483B4,Africa SONAPRA Lokossa,Restauration & Hôtellerie,Lokossa,+229 90 20 59 63,,,PME (10-50),B2B,CCIB Annuaire,,Actif,2026-06-29T00:05:43.275994,moyenne
BJ-DB69D216,Université Ets,Restauration & Hôtellerie,Ouidah,+229 90 71 85 39,rectorat@uac.bj,uac.bj,PME (50-200),B2B,CCIB Annuaire,,Actif,2026-06-29T00:05:43.276087,haute
BJ-AF20C859,Africa EPAC Cotonou,Santé & Pharmacie,Cotonou,+229 34 42 73 10,,epac.uac.bj,PME (10-50),B2C,CCIB Annuaire,,Actif,2026-06-29T00:05:43.276128,haute
BJ-0F585836,Africa Hôtel,Santé & Pharmacie,Cotonou,+229 35 51 99 11,,,Grande (>200),B2B/B2C,CCIB Annuaire,,Actif,2026-06-29T00:05:43.276176,moyenne
BJ-236528EB,BCEAO AfriTech,Santé & Pharmacie,Cotonou,+229 61 34 12 19,contact@afritech.bj,afritech.bj,TPE (<10),B2C,CCIB Annuaire,,Actif,2026-06-29T00:05:43.276196,haute
BJ-17D2B54C,Cabinet Bureau,Santé & Pharmacie,Porto-Novo,+229 42 87 48 62,arch.design@gmail.com,,PME (50-200),B2B/B2C,CCIB Annuaire,,Actif,2026-06-29T00:05:43.276311,moyenne
BJ-FFFDF622,Ecobank Groupe Natitingou,Santé & Pharmacie,Natitingou,+229 24 45 65 65,,ecobank.com,PME (10-50),B2B,CCIB Annuaire,,Actif,2026-06-29T00:05:43.276611,haute
BJ-2FA5E1A8,SOBEBRA SA,Santé & Pharmacie,Lokossa,+229 47 71 21 88,,,PME (50-200),B2C,CCIB Annuaire,,Actif,2026-06-29T00:05:43.276734,moyenne
BJ-1CB19B89,Bénin Université,Santé & Pharmacie,Lokossa,+229 35 49 18 75,,uac.bj,PME (50-200),B2B,CCIB Annuaire,,Actif,2026-06-29T00:05:43.276809,haute
BJ-2FEBA963,SONAPRA SARL Lokossa,Santé & Pharmacie,Lokossa,+229 29 74 38 63,,,Grande (>200),B2B/B2C,CCIB Annuaire,,Actif,2026-06-29T00:05:43.276845,moyenne
BJ-D83529CA,Moov SARL,Santé & Pharmacie,Ouidah,+229 89 80 68 63,moov@moov.bj,,PME (50-200),B2C,CCIB Annuaire,,Actif,2026-06-29T00:05:43.276906,haute
BJ-AF713916,Africa BOAD Ouidah,Santé & Pharmacie,Ouidah,+229 40 71 15 17,boad@boad.org,,TPE (<10),B2B,CCIB Annuaire,,Actif,2026-06-29T00:05:43.276943,haute
BJ-E43829E0,BCEAO Ecobank,Santé & Pharmacie,Ouidah,+229 73 29 85 19,ecobank.benin@ecobank.com,ecobank.com,Grande (>200),B2B,CCIB Annuaire,,Actif,2026-06-29T00:05:43.276982,haute
BJ-464C7BE5,Pharmaquick SARL,Finance & Assurance,Cotonou,+229 48 87 44 87,,,PME (10-50),B2B,CCIB Annuaire,,Actif,2026-06-29T00:05:43.277246,moyenne
BJ-264E5E8B,Ecobank Ets Abomey-Calavi,Finance & Assurance,Abomey-Calavi,+229 96 47 94 82,,,PME (50-200),B2B,CCIB Annuaire,,Actif,2026-06-29T00:05:43.277350,haute
BJ-90E79999,Bénin SOBETRAP Porto-Novo,Finance & Assurance,Porto-Novo,+229 90 56 72 53,,,PME (10-50),B2B/B2C,CCIB Annuaire,,Actif,2026-06-29T00:05:43.277684,haute
BJ-DD8A81CA,West Africa EPAC,Finance & Assurance,Porto-Novo,+229 92 82 33 26,epac@epac.uac.bj,,TPE (<10),B2B/B2C,CCIB Annuaire,,Actif,2026-06-29T00:05:43.277736,haute
BJ-6156FB6B,Université Parakou,Finance & Assurance,Parakou,+229 87 79 77 99,,,PME (10-50),B2B,CCIB Annuaire,,Actif,2026-06-29T00:05:43.277827,haute
BJ-2836DBA3,Pharmaquick Parakou,Finance & Assurance,Parakou,+229 86 84 26 17,,,TPE (<10),B2B,CCIB Annuaire,,Actif,2026-06-29T00:05:43.277860,moyenne
BJ-B1939106,Hôtel SA Parakou,Finance & Assurance,Parakou,+229 90 33 43 27,hotel.lac@yahoo.fr,,PME (50-200),B2C,CCIB Annuaire,,Actif,2026-06-29T00:05:43.279175,moyenne
BJ-36E22A07,Bénin HAMMER,Finance & Assurance,Bohicon,+229 94 99 98 51,,hammer.bj,TPE (<10),B2B/B2C,CCIB Annuaire,,Actif,2026-06-29T00:05:43.279240,haute
BJ-3C600AA2,Africa Digital,Finance & Assurance,Bohicon,+229 68 13 80 54,digital.benin@gmail.com,,Grande (>200),B2B,CCIB Annuaire,,Actif,2026-06-29T00:05:43.279275,moyenne
BJ-557EBE84,West Africa SONAPRA Bohicon,Finance & Assurance,Bohicon,+229 58 90 56 15,,,PME (50-200),B2B/B2C,CCIB Annuaire,,Actif,2026-06-29T00:05:43.279305,moyenne
BJ-0F502A71,Bénin Digital,Finance & Assurance,Bohicon,+229 64 57 43 16,digital.benin@gmail.com,,PME (50-200),B2C,CCIB Annuaire,,Actif,2026-06-29T00:05:43.279335,moyenne
BJ-822A56F2,Université SA,Finance & Assurance,Natitingou,+229 90 80 56 45,rectorat@uac.bj,uac.bj,Grande (>200),B2C,CCIB Annuaire,,Actif,2026-06-29T00:05:43.279449,haute
BJ-F9F27645,Bénin BOAD,Finance & Assurance,Natitingou,+229 21 12 54 93,,boad.org,PME (10-50),B2C,CCIB Annuaire,,Actif,2026-06-29T00:05:43.279525,haute
BJ-B3FDBD97,West Africa EPAC,Finance & Assurance,Natitingou,+229 26 92 44 44,epac@epac.uac.bj,epac.uac.bj,PME (50-200),B2B,CCIB Annuaire,,Actif,2026-06-29T00:05:43.279556,haute
BJ-67C38F31,Score Lokossa,Finance & Assurance,Lokossa,+229 55 91 36 49,score@score-benin.com,,TPE (<10),B2B,CCIB Annuaire,,Actif,2026-06-29T00:05:43.279607,haute
BJ-C1CD3186,Africa Pharmaquick Lokossa,Finance & Assurance,Lokossa,+229 50 56 70 52,,,TPE (<10),B2C,CCIB Annuaire,,Actif,2026-06-29T00:05:43.279664,moyenne
BJ-4B230A39,Ecobank Ets Lokossa,Finance & Assurance,Lokossa,+229 90 36 49 40,,,PME (10-50),B2B/B2C,CCIB Annuaire,,Actif,2026-06-29T00:05:43.279691,haute
BJ-72D57723,Bénin CNHU-HKM Lokossa,Finance & Assurance,Lokossa,+229 67 43 98 90,,,Grande (>200),B2C,CCIB Annuaire,,Actif,2026-06-29T00:05:43.279715,haute
BJ-BEE3CF2C,West Africa Novotel Ouidah,Finance & Assurance,Ouidah,+229 27 70 96 35,h5436@accor.com,novotel.com,PME (10-50),B2B/B2C,CCIB Annuaire,,Actif,2026-06-29T00:05:43.279764,haute
BJ-1D9CC8E4,Africa Ets,Finance & Assurance,Ouidah,+229 41 69 11 64,,,TPE (<10),B2C,CCIB Annuaire,,Actif,2026-06-29T00:05:43.279874,moyenne
BJ-C44142C1,West Africa BOAD Cotonou,Transport & Logistique,Cotonou,+229 77 15 68 92,,,PME (10-50),B2B,CCIB Annuaire,,Actif,2026-06-29T00:05:43.279986,haute
BJ-04CF7110,Pharmaquick Groupe Cotonou,Transport & Logistique,Cotonou,+229 76 74 67 92,,,PME (10-50),B2B,CCIB Annuaire,,Actif,2026-06-29T00:05:43.280019,moyenne
BJ-7DE41072,Ets Biokou & Frères Cotonou,Transport & Logistique,Cotonou,+229 22 42 58 31,,,PME (10-50),B2C,CCIB Annuaire,,Actif,2026-06-29T00:05:43.280071,moyenne
BJ-1695EF7E,West Africa Jumia,Transport & Logistique,Porto-Novo,+229 25 22 45 35,benin@jumia.com,jumia.com.bj,TPE (<10),B2B,CCIB Annuaire,,Actif,2026-06-29T00:05:43.280387,haute
BJ-F8D7C155,Cabinet,Transport & Logistique,Parakou,+229 85 92 93 47,arch.design@gmail.com,,Grande (>200),B2B/B2C,CCIB Annuaire,,Actif,2026-06-29T00:05:43.280430,moyenne
BJ-F8ED306F,Bénin SOBETRAP,Transport & Logistique,Bohicon,+229 39 41 61 24,,,PME (10-50),B2B/B2C,CCIB Annuaire,,Actif,2026-06-29T00:05:43.280635,haute
BJ-FC96F423,HAMMER Bureau,Transport & Logistique,Lokossa,+229 43 78 15 94,,hammer.bj,Grande (>200),B2B/B2C,CCIB Annuaire,,Actif,2026-06-29T00:05:43.280941,haute
BJ-F1844AC5,Moov Ets,Transport & Logistique,Lokossa,+229 33 73 40 59,moov@moov.bj,moov.bj,Grande (>200),B2B/B2C,CCIB Annuaire,,Actif,2026-06-29T00:05:43.280993,haute
BJ-110440AE,DHL Centre,Transport & Logistique,Ouidah,+229 29 40 65 49,cotonou@dhl.com,dhl.com,TPE (<10),B2B,CCIB Annuaire,,Actif,2026-06-29T00:05:43.281089,haute
BJ-D46F8B1C,NSIA SA,Transport & Logistique,Ouidah,+229 41 61 96 56,nsia.benin@nsiaassurances.com,nsiaassurances.com,PME (50-200),B2B/B2C,CCIB Annuaire,,Actif,2026-06-29T00:05:43.281177,haute
BJ-CA952E6D,Cabinet SA,Télécommunications,Cotonou,+229 32 41 62 88,,,Grande (>200),B2C,CCIB Annuaire,,Actif,2026-06-29T00:05:43.281239,moyenne
BJ-3FE0CEAF,SERHAU-SEM Ets Cotonou,Télécommunications,Cotonou,+229 98 21 67 60,info@serhau.bj,serhau.bj,Grande (>200),B2B/B2C,CCIB Annuaire,,Actif,2026-06-29T00:05:43.281310,haute
BJ-A6866959,BCEAO CFAO,Télécommunications,Porto-Novo,+229 66 23 18 32,,cfao.com,Grande (>200),B2B/B2C,CCIB Annuaire,,Actif,2026-06-29T00:05:43.281560,haute
BJ-E0AE3B9E,West Africa Clinique,Télécommunications,Porto-Novo,+229 71 88 33 58,stluc@cliniquestluc.bj,,PME (50-200),B2B,CCIB Annuaire,,Actif,2026-06-29T00:05:43.281581,haute
BJ-940FE7DA,Bénin MTN Porto-Novo,Télécommunications,Porto-Novo,+229 68 19 11 87,momo@mtn.bj,,PME (50-200),B2B,CCIB Annuaire,,Actif,2026-06-29T00:05:43.281606,haute
BJ-964E7DA1,Africa Clinique Parakou,Télécommunications,Parakou,+229 31 46 86 39,,cliniquestluc.bj,Grande (>200),B2B,CCIB Annuaire,,Actif,2026-06-29T00:05:43.281669,haute
BJ-27EA0962,Ets SA,Télécommunications,Bohicon,+229 72 29 72 77,agro.benin@gmail.com,,PME (50-200),B2B,CCIB Annuaire,,Actif,2026-06-29T00:05:43.281818,moyenne
BJ-2CD9BC7F,Clinique Ets,Télécommunications,Bohicon,+229 53 76 27 28,,,Grande (>200),B2B/B2C,CCIB Annuaire,,Actif,2026-06-29T00:05:43.281871,haute
BJ-4DCA41CC,Ecobank,Télécommunications,Bohicon,+229 47 88 58 73,ecobank.benin@ecobank.com,,PME (10-50),B2C,CCIB Annuaire,,Actif,2026-06-29T00:05:43.281922,haute
BJ-5AE23F46,Bénin Université,Télécommunications,Natitingou,+229 49 11 30 71,rectorat@uac.bj,uac.bj,PME (50-200),B2C,CCIB Annuaire,,Actif,2026-06-29T00:05:43.282006,haute
BJ-34C7A587,MTN Groupe,Télécommunications,Natitingou,+229 50 48 84 47,contact@mtn.bj,,TPE (<10),B2C,CCIB Annuaire,,Actif,2026-06-29T00:05:43.282076,haute
BJ-D05C69A2,EPAC - École Polytechnique Natitingou,Télécommunications,Natitingou,+229 38 98 71 26,epac@epac.uac.bj,epac.uac.bj,TPE (<10),B2C,CCIB Annuaire,,Actif,2026-06-29T00:05:43.282123,haute
BJ-04417B3D,Pharmaquick Cabinet Natitingou,Télécommunications,Natitingou,+229 41 34 70 49,pharmaquick@gmail.com,,PME (50-200),B2C,CCIB Annuaire,,Actif,2026-06-29T00:05:43.282156,moyenne
BJ-01F254D1,Groupe Collines Immobilier Lokossa,Télécommunications,Lokossa,+229 34 32 65 11,,,PME (50-200),B2B/B2C,CCIB Annuaire,,Actif,2026-06-29T00:05:43.282228,moyenne
BJ-FEB7CD95,Clinique SA,Télécommunications,Lokossa,+229 83 55 49 17,stluc@cliniquestluc.bj,,PME (50-200),B2B/B2C,CCIB Annuaire,,Actif,2026-06-29T00:05:43.282298,haute
BJ-E472342F,Jumia,Télécommunications,Ouidah,+229 58 82 30 24,benin@jumia.com,,PME (10-50),B2B,CCIB Annuaire,,Actif,2026-06-29T00:05:43.282575,haute
BJ-F6979B51,NSIA Cabinet,Agriculture & Agroalimentaire,Abomey-Calavi,+229 82 68 60 76,,nsiaassurances.com,TPE (<10),B2B,CCIB Annuaire,,Actif,2026-06-29T00:05:43.282805,haute
BJ-255DC9D7,Hôtel Ets,Agriculture & Agroalimentaire,Abomey-Calavi,+229 87 33 90 24,hotel.lac@yahoo.fr,,Grande (>200),B2B/B2C,CCIB Annuaire,,Actif,2026-06-29T00:05:43.282951,moyenne
BJ-A83F0C04,West Africa Groupe,Agriculture & Agroalimentaire,Porto-Novo,+229 53 35 42 64,,,TPE (<10),B2C,CCIB Annuaire,,Actif,2026-06-29T00:05:43.283043,moyenne
BJ-947B33E8,CFAO Ets,Agriculture & Agroalimentaire,Porto-Novo,+229 90 73 12 25,,,Grande (>200),B2B,CCIB Annuaire,,Actif,2026-06-29T00:05:43.283088,haute
BJ-2697BD65,BCEAO DHL,Agriculture & Agroalimentaire,Porto-Novo,+229 26 62 93 93,cotonou@dhl.com,,PME (10-50),B2B/B2C,CCIB Annuaire,,Actif,2026-06-29T00:05:43.283129,haute
BJ-76D1B81F,Groupe Ets,Agriculture & Agroalimentaire,Bohicon,+229 48 38 31 93,,,Grande (>200),B2B/B2C,CCIB Annuaire,,Actif,2026-06-29T00:05:43.283434,moyenne
BJ-896A3961,Africa MTN,Agriculture & Agroalimentaire,Bohicon,+229 65 17 11 54,,,TPE (<10),B2B/B2C,CCIB Annuaire,,Actif,2026-06-29T00:05:43.283539,haute
BJ-51859E0C,Novotel Bureau,Agriculture & Agroalimentaire,Lokossa,+229 28 71 45 96,,novotel.com,PME (10-50),B2C,CCIB Annuaire,,Actif,2026-06-29T00:05:43.285612,haute
BJ-36D364E7,BCEAO AfriTech Ouidah,Agriculture & Agroalimentaire,Ouidah,+229 33 57 49 77,contact@afritech.bj,,PME (50-200),B2B/B2C,CCIB Annuaire,,Actif,2026-06-29T00:05:43.285676,haute
BJ-EF2F8D44,AGS SARL,Agriculture & Agroalimentaire,Ouidah,+229 54 88 63 25,,,TPE (<10),B2C,CCIB Annuaire,,Actif,2026-06-29T00:05:43.285730,moyenne
BJ-CFB6942A,Bénin Groupe,Éducation & Formation,Cotonou,+229 42 57 77 93,collines.immo@yahoo.fr,,PME (50-200),B2C,CCIB Annuaire,,Actif,2026-06-29T00:05:43.285871,moyenne
BJ-54E091C9,BOAD Bureau,Éducation & Formation,Abomey-Calavi,+229 61 84 27 51,,boad.org,PME (10-50),B2B/B2C,CCIB Annuaire,,Actif,2026-06-29T00:05:43.286052,haute
BJ-C8BB37C2,CNHU-HKM SARL,Éducation & Formation,Abomey-Calavi,+229 68 35 54 51,contact@cnhu.bj,cnhu.bj,TPE (<10),B2B,CCIB Annuaire,,Actif,2026-06-29T00:05:43.286080,haute
BJ-99B09966,Africa BOAD,Éducation & Formation,Porto-Novo,+229 71 65 60 19,,boad.org,Grande (>200),B2B/B2C,CCIB Annuaire,,Actif,2026-06-29T00:05:43.286267,haute
BJ-5E5C6D4F,AfriTech Centre,Éducation & Formation,Porto-Novo,+229 92 97 85 52,,,PME (10-50),B2B/B2C,CCIB Annuaire,,Actif,2026-06-29T00:05:43.286314,haute
BJ-A2F3573C,SONAPRA Centre,Éducation & Formation,Parakou,+229 63 53 51 47,sonapra@sonapra.bj,,Grande (>200),B2B,CCIB Annuaire,,Actif,2026-06-29T00:05:43.286516,moyenne
BJ-7029FB2F,SOBETRAP Groupe,Éducation & Formation,Bohicon,+229 63 41 25 57,,sobetrap.bj,TPE (<10),B2B,CCIB Annuaire,,Actif,2026-06-29T00:05:43.286759,haute
BJ-6BBD21B2,Pharmaquick Centre,Éducation & Formation,Bohicon,+229 45 78 14 73,pharmaquick@gmail.com,,PME (50-200),B2B,CCIB Annuaire,,Actif,2026-06-29T00:05:43.286806,moyenne
BJ-4E3E85A5,Jumia Cabinet,Éducation & Formation,Bohicon,+229 20 30 11 27,benin@jumia.com,,PME (10-50),B2C,CCIB Annuaire,,Actif,2026-06-29T00:05:43.286845,haute
BJ-563C870B,Ets Bureau,Éducation & Formation,Bohicon,+229 96 92 10 19,agro.benin@gmail.com,,Grande (>200),B2C,CCIB Annuaire,,Actif,2026-06-29T00:05:43.286877,moyenne
BJ-3BA4EE0A,Moov Natitingou,Éducation & Formation,Natitingou,+229 58 22 68 51,moov@moov.bj,moov.bj,PME (50-200),B2B,CCIB Annuaire,,Actif,2026-06-29T00:05:43.287053,haute
BJ-5E37EFC5,West Africa Hôtel Lokossa,Éducation & Formation,Lokossa,+229 92 69 83 18,hotel.lac@yahoo.fr,,PME (10-50),B2B,CCIB Annuaire,,Actif,2026-06-29T00:05:43.287282,moyenne
BJ-35821DC6,Bénin Hôtel Ouidah,Éducation & Formation,Ouidah,+229 91 20 27 57,hotel.lac@yahoo.fr,,TPE (<10),B2C,CCIB Annuaire,,Actif,2026-06-29T00:05:43.287346,moyenne
BJ-03180DE1,Bénin Novotel,Éducation & Formation,Ouidah,+229 70 39 35 95,,,Grande (>200),B2B/B2C,CCIB Annuaire,,Actif,2026-06-29T00:05:43.287370,haute
BJ-3A924166,Bénin Restaurant Cotonou,Technologie & IT,Cotonou,+229 25 55 80 36,amazone.cotonou@gmail.com,,Grande (>200),B2C,CCIB Annuaire,,Actif,2026-06-29T00:05:43.287510,moyenne
BJ-91C8A4A7,Université SARL,Technologie & IT,Cotonou,+229 28 46 34 33,rectorat@uac.bj,uac.bj,Grande (>200),B2B,CCIB Annuaire,,Actif,2026-06-29T00:05:43.287601,haute
BJ-E246A334,Score Ets,Technologie & IT,Abomey-Calavi,+229 68 19 48 83,,score-benin.com,Grande (>200),B2B/B2C,CCIB Annuaire,,Actif,2026-06-29T00:05:43.287698,haute
BJ-828BFCBA,EPAC Porto-Novo,Technologie & IT,Porto-Novo,+229 49 87 48 45,epac@epac.uac.bj,,Grande (>200),B2B,CCIB Annuaire,,Actif,2026-06-29T00:05:43.287879,haute
BJ-92ED7F24,West Africa Moov,Technologie & IT,Porto-Novo,+229 49 94 49 14,moov@moov.bj,,Grande (>200),B2C,CCIB Annuaire,,Actif,2026-06-29T00:05:43.287955,haute
BJ-DE982E85,Clinique Parakou,Technologie & IT,Parakou,+229 93 59 25 33,,,Grande (>200),B2B,CCIB Annuaire,,Actif,2026-06-29T00:05:43.288174,haute
BJ-9001CF7E,Université Bohicon,Technologie & IT,Bohicon,+229 83 23 70 53,,uac.bj,PME (10-50),B2C,CCIB Annuaire,,Actif,2026-06-29T00:05:43.288247,haute
BJ-B0EA2D63,CNHU-HKM Bureau,Technologie & IT,Bohicon,+229 86 77 28 34,,cnhu.bj,PME (50-200),B2C,CCIB Annuaire,,Actif,2026-06-29T00:05:43.288338,haute
BJ-575C6AF4,BOAD Bureau Natitingou,Technologie & IT,Natitingou,+229 63 44 52 96,,,PME (50-200),B2B/B2C,CCIB Annuaire,,Actif,2026-06-29T00:05:43.288381,haute
BJ-113E4250,Bénin Pharmaquick,Technologie & IT,Natitingou,+229 49 65 18 30,,,PME (10-50),B2B/B2C,CCIB Annuaire,,Actif,2026-06-29T00:05:43.288430,moyenne
BJ-78EDEDB5,AfriTech Natitingou,Technologie & IT,Natitingou,+229 86 61 48 62,contact@afritech.bj,,Grande (>200),B2C,CCIB Annuaire,,Actif,2026-06-29T00:05:43.288462,haute
BJ-8623C417,AGS Cabinet,Technologie & IT,Lokossa,+229 31 54 20 23,ags.benin@agsfidal.com,,PME (50-200),B2B,CCIB Annuaire,,Actif,2026-06-29T00:05:43.288551,moyenne
BJ-3B6B7271,Africa MTN Lokossa,Technologie & IT,Lokossa,+229 97 51 30 31,momo@mtn.bj,,PME (10-50),B2C,CCIB Annuaire,,Actif,2026-06-29T00:05:43.288573,haute
BJ-02D72671,SOBETRAP Ets,Technologie & IT,Lokossa,+229 76 92 98 29,contact@sobetrap.bj,,Grande (>200),B2B,CCIB Annuaire,,Actif,2026-06-29T00:05:43.288603,haute
BJ-CFA1B104,West Africa Jumia Ouidah,Technologie & IT,Ouidah,+229 48 14 89 60,,jumia.com.bj,PME (50-200),B2C,CCIB Annuaire,,Actif,2026-06-29T00:05:43.288772,haute
BJ-14E5E3A0,Pharmaquick Cabinet,Industrie & Manufacture,Abomey-Calavi,+229 23 62 79 77,pharmaquick@gmail.com,,TPE (<10),B2B/B2C,CCIB Annuaire,,Actif,2026-06-29T00:05:43.289094,moyenne
BJ-5D73FA5D,HAMMER SA,Industrie & Manufacture,Abomey-Calavi,+229 95 28 84 44,info@hammer.bj,hammer.bj,PME (50-200),B2B,CCIB Annuaire,,Actif,2026-06-29T00:05:43.289159,haute
BJ-FE0A7D5E,SERHAU-SEM Porto-Novo,Industrie & Manufacture,Porto-Novo,+229 27 16 80 82,,,PME (50-200),B2B/B2C,CCIB Annuaire,,Actif,2026-06-29T00:05:43.289203,haute
BJ-74915E35,Cabinet Ets,Industrie & Manufacture,Porto-Novo,+229 98 71 31 25,arch.design@gmail.com,,PME (50-200),B2C,CCIB Annuaire,,Actif,2026-06-29T00:05:43.289225,moyenne
BJ-60100B86,BOAD Agence Cotonou Porto-Novo,Industrie & Manufacture,Porto-Novo,+229 76 77 31 66,,boad.org,PME (50-200),B2B/B2C,CCIB Annuaire,,Actif,2026-06-29T00:05:43.289297,haute
BJ-545B448E,Africa Digital Bohicon,Industrie & Manufacture,Bohicon,+229 21 83 12 87,digital.benin@gmail.com,,PME (50-200),B2B,CCIB Annuaire,,Actif,2026-06-29T00:05:43.289519,moyenne
BJ-CE3E2E05,CNHU-HKM Cabinet,Industrie & Manufacture,Bohicon,+229 72 62 33 70,contact@cnhu.bj,cnhu.bj,Grande (>200),B2B/B2C,CCIB Annuaire,,Actif,2026-06-29T00:05:43.289546,haute
BJ-C8F2B4C9,Jumia Bohicon,Industrie & Manufacture,Bohicon,+229 90 90 97 86,,jumia.com.bj,PME (10-50),B2C,CCIB Annuaire,,Actif,2026-06-29T00:05:43.289630,haute
BJ-9CEE7795,Hôtel Groupe,Industrie & Manufacture,Natitingou,+229 57 35 79 37,hotel.lac@yahoo.fr,,PME (10-50),B2C,CCIB Annuaire,,Actif,2026-06-29T00:05:43.289676,moyenne
BJ-D94014FA,West Africa MTN Lokossa,Industrie & Manufacture,Lokossa,+229 90 34 19 70,contact@mtn.bj,mtn.bj,TPE (<10),B2B,CCIB Annuaire,,Actif,2026-06-29T00:05:43.289956,haute
BJ-70CEE178,West Africa Ecobank Ouidah,Industrie & Manufacture,Ouidah,+229 65 45 97 22,,,PME (50-200),B2B/B2C,CCIB Annuaire,,Actif,2026-06-29T00:05:43.290011,haute
BJ-19A29C90,BOAD,Industrie & Manufacture,Ouidah,+229 82 12 51 16,,boad.org,PME (50-200),B2B/B2C,CCIB Annuaire,,Actif,2026-06-29T00:05:43.290026,haute
BJ-39EFA785,Africa NSIA,Services aux entreprises,Abomey-Calavi,+229 46 80 49 66,,,PME (50-200),B2C,CCIB Annuaire,,Actif,2026-06-29T00:05:43.290195,haute
BJ-8466C244,West Africa HAMMER Abomey-Calavi,Services aux entreprises,Abomey-Calavi,+229 24 71 11 88,,hammer.bj,Grande (>200),B2B/B2C,CCIB Annuaire,,Actif,2026-06-29T00:05:43.290214,haute
BJ-6C79CCD9,Ets Cabinet,Services aux entreprises,Abomey-Calavi,+229 96 28 81 56,,,TPE (<10),B2B,CCIB Annuaire,,Actif,2026-06-29T00:05:43.290229,moyenne
BJ-4FE2412A,Africa HAMMER Porto-Novo,Services aux entreprises,Porto-Novo,+229 59 32 92 24,info@hammer.bj,hammer.bj,Grande (>200),B2C,CCIB Annuaire,,Actif,2026-06-29T00:05:43.290294,haute
BJ-D0BC5D38,CFAO Ets Parakou,Services aux entreprises,Parakou,+229 85 19 25 25,,cfao.com,PME (10-50),B2C,CCIB Annuaire,,Actif,2026-06-29T00:05:43.290364,haute
BJ-EEFE82CF,AGS Cabinet,Services aux entreprises,Bohicon,+229 72 72 89 84,,,Grande (>200),B2B,CCIB Annuaire,,Actif,2026-06-29T00:05:43.290484,moyenne
BJ-68FC6D0C,Bénin SOBETRAP,Services aux entreprises,Natitingou,+229 25 18 95 89,,sobetrap.bj,PME (10-50),B2B/B2C,CCIB Annuaire,,Actif,2026-06-29T00:05:43.290537,haute
BJ-4214B2A6,Ecobank Natitingou,Services aux entreprises,Natitingou,+229 78 64 38 95,,,PME (50-200),B2C,CCIB Annuaire,,Actif,2026-06-29T00:05:43.290552,haute
BJ-0CA339FC,Africa NSIA Natitingou,Services aux entreprises,Natitingou,+229 86 68 59 85,,nsiaassurances.com,PME (10-50),B2B,CCIB Annuaire,,Actif,2026-06-29T00:05:43.290567,haute
BJ-17E4D2AE,BCEAO CFAO,Services aux entreprises,Natitingou,+229 42 37 84 19,,cfao.com,Grande (>200),B2C,CCIB Annuaire,,Actif,2026-06-29T00:05:43.290587,haute
BJ-D0874D7E,DHL Bureau Lokossa,Services aux entreprises,Lokossa,+229 48 80 58 38,cotonou@dhl.com,,Grande (>200),B2B,CCIB Annuaire,,Actif,2026-06-29T00:05:43.290663,haute
BJ-F098297B,Ecobank SA,Services aux entreprises,Lokossa,+229 52 74 96 68,ecobank.benin@ecobank.com,ecobank.com,PME (50-200),B2B,CCIB Annuaire,,Actif,2026-06-29T00:05:43.290696,haute
BJ-14A0E4D4,MTN Ets,Services aux entreprises,Ouidah,+229 50 96 70 30,contact@mtn.bj,,Grande (>200),B2B,CCIB Annuaire,,Actif,2026-06-29T00:05:43.290753,haute
BJ-4B87EE93,Hôtel,Services aux entreprises,Ouidah,+229 52 66 34 77,hotel.lac@yahoo.fr,,PME (50-200),B2B,CCIB Annuaire,,Actif,2026-06-29T00:05:43.290789,moyenne
BJ-0DC51835,West Africa Clinique Cotonou,Énergie & Environnement,Cotonou,+229 40 89 98 29,stluc@cliniquestluc.bj,cliniquestluc.bj,PME (10-50),B2C,CCIB Annuaire,,Actif,2026-06-29T00:05:43.290834,haute
BJ-CE775BCF,BOAD Porto-Novo,Énergie & Environnement,Porto-Novo,+229 63 45 39 66,boad@boad.org,boad.org,PME (10-50),B2C,CCIB Annuaire,,Actif,2026-06-29T00:05:43.291045,haute
BJ-EF64327D,Africa Pharmaquick Parakou,Énergie & Environnement,Parakou,+229 54 97 87 33,pharmaquick@gmail.com,,TPE (<10),B2B,CCIB Annuaire,,Actif,2026-06-29T00:05:43.291170,moyenne
BJ-CEB7FD3E,BCEAO Jumia,Énergie & Environnement,Bohicon,+229 22 52 35 71,,jumia.com.bj,TPE (<10),B2C,CCIB Annuaire,,Actif,2026-06-29T00:05:43.291223,haute
BJ-FEF152E4,Novotel Centre,Énergie & Environnement,Bohicon,+229 80 77 73 87,,,Grande (>200),B2C,CCIB Annuaire,,Actif,2026-06-29T00:05:43.291253,haute
BJ-58506CB1,Bénin SONAPRA,Énergie & Environnement,Natitingou,+229 87 87 75 75,,,TPE (<10),B2B,CCIB Annuaire,,Actif,2026-06-29T00:05:43.291296,moyenne
BJ-E550261B,Pharmaquick SA,Énergie & Environnement,Natitingou,+229 43 71 77 48,pharmaquick@gmail.com,,TPE (<10),B2B/B2C,CCIB Annuaire,,Actif,2026-06-29T00:05:43.291325,moyenne
BJ-DC6239B4,Bénin Clinique,Énergie & Environnement,Lokossa,+229 34 13 20 22,stluc@cliniquestluc.bj,cliniquestluc.bj,Grande (>200),B2B,CCIB Annuaire,,Actif,2026-06-29T00:05:43.291382,haute
BJ-A448695A,NSIA Groupe,Énergie & Environnement,Lokossa,+229 49 20 58 73,,nsiaassurances.com,PME (10-50),B2C,CCIB Annuaire,,Actif,2026-06-29T00:05:43.291396,haute
BJ-D8D57247,Score Cabinet Lokossa,Énergie & Environnement,Lokossa,+229 44 16 39 72,score@score-benin.com,score-benin.com,PME (50-200),B2B,CCIB Annuaire,,Actif,2026-06-29T00:05:43.291431,haute
BJ-3FFF3E70,Université Groupe,Énergie & Environnement,Ouidah,+229 36 68 49 22,rectorat@uac.bj,,Grande (>200),B2B/B2C,CCIB Annuaire,,Actif,2026-06-29T00:05:43.291487,haute
BJ-21D3F334,Africa Cabinet,Énergie & Environnement,Ouidah,+229 69 64 60 55,arch.design@gmail.com,,Grande (>200),B2B/B2C,CCIB Annuaire,,Actif,2026-06-29T00:05:43.291502,moyenne
BJ-6C5C812E,Hôtel Cotonou,Médias & Communication,Cotonou,+229 38 36 95 43,hotel.lac@yahoo.fr,,Grande (>200),B2B,CCIB Annuaire,,Actif,2026-06-29T00:05:43.291558,moyenne
BJ-F3F7B539,AGS Cabinet Cotonou,Médias & Communication,Cotonou,+229 21 39 57 99,ags.benin@agsfidal.com,,PME (50-200),B2B,CCIB Annuaire,,Actif,2026-06-29T00:05:43.291607,moyenne
BJ-D0453CB3,Restaurant Groupe,Médias & Communication,Cotonou,+229 91 11 43 28,amazone.cotonou@gmail.com,,TPE (<10),B2B,CCIB Annuaire,,Actif,2026-06-29T00:05:43.291622,moyenne
BJ-46F66AAB,SOBEBRA Ets,Médias & Communication,Abomey-Calavi,+229 50 88 38 51,transport@sobebra.bj,,PME (50-200),B2B/B2C,CCIB Annuaire,,Actif,2026-06-29T00:05:43.291659,moyenne
BJ-1A6B64D7,Bénin Jumia,Médias & Communication,Abomey-Calavi,+229 54 11 88 65,benin@jumia.com,jumia.com.bj,TPE (<10),B2B,CCIB Annuaire,,Actif,2026-06-29T00:05:43.291709,haute
BJ-27A95871,Ets Bureau Porto-Novo,Médias & Communication,Porto-Novo,+229 81 64 59 56,,,TPE (<10),B2B,CCIB Annuaire,,Actif,2026-06-29T00:05:43.291746,moyenne
BJ-33C6582E,Cabinet Porto-Novo,Médias & Communication,Porto-Novo,+229 57 38 86 32,,,PME (50-200),B2B/B2C,CCIB Annuaire,,Actif,2026-06-29T00:05:43.291760,moyenne
BJ-7B5CE522,SERHAU-SEM Bureau Parakou,Médias & Communication,Parakou,+229 38 31 74 39,,serhau.bj,TPE (<10),B2B/B2C,CCIB Annuaire,,Actif,2026-06-29T00:05:43.291810,haute
BJ-8E348241,Africa DHL Bohicon,Médias & Communication,Bohicon,+229 80 67 22 83,cotonou@dhl.com,dhl.com,Grande (>200),B2B/B2C,CCIB Annuaire,,Actif,2026-06-29T00:05:43.291918,haute
BJ-3DFDDD77,Université Bureau,Médias & Communication,Bohicon,+229 44 80 43 97,rectorat@uac.bj,,PME (50-200),B2B/B2C,CCIB Annuaire,,Actif,2026-06-29T00:05:43.291935,haute
BJ-7CE409E6,Bénin Jumia,Médias & Communication,Bohicon,+229 75 28 10 15,benin@jumia.com,,Grande (>200),B2B/B2C,CCIB Annuaire,,Actif,2026-06-29T00:05:43.291963,haute
BJ-F97A8350,Hôtel Bureau Lokossa,Médias & Communication,Lokossa,+229 86 41 86 33,,,Grande (>200),B2C,CCIB Annuaire,,Actif,2026-06-29T00:05:43.292134,moyenne
BJ-63CC7B5D,MTN Centre Ouidah,Médias & Communication,Ouidah,+229 85 13 54 59,momo@mtn.bj,mtn.bj,TPE (<10),B2C,CCIB Annuaire,,Actif,2026-06-29T00:05:43.292243,haute
BJ-A8CED41A,DHL Cabinet Abomey-Calavi,ONG & Associations,Abomey-Calavi,+229 88 54 62 36,,,PME (50-200),B2B/B2C,CCIB Annuaire,,Actif,2026-06-29T00:05:43.292349,haute
BJ-0ACF9678,Africa Restaurant,ONG & Associations,Abomey-Calavi,+229 69 18 96 61,amazone.cotonou@gmail.com,,PME (50-200),B2B,CCIB Annuaire,,Actif,2026-06-29T00:05:43.292412,moyenne
BJ-4C0DAD63,Jumia Bureau,ONG & Associations,Porto-Novo,+229 32 85 12 58,,jumia.com.bj,PME (10-50),B2B,CCIB Annuaire,,Actif,2026-06-29T00:05:43.292450,haute
BJ-087896C8,Bénin Restaurant,ONG & Associations,Porto-Novo,+229 49 50 35 29,,,TPE (<10),B2B,CCIB Annuaire,,Actif,2026-06-29T00:05:43.292479,moyenne
BJ-EC5EC330,BCEAO Université,ONG & Associations,Porto-Novo,+229 95 25 37 87,rectorat@uac.bj,,Grande (>200),B2C,CCIB Annuaire,,Actif,2026-06-29T00:05:43.292494,haute
BJ-85A572D1,AGS Groupe,ONG & Associations,Parakou,+229 64 90 84 26,ags.benin@agsfidal.com,,TPE (<10),B2B,CCIB Annuaire,,Actif,2026-06-29T00:05:43.292520,moyenne
BJ-0B7EFE95,West Africa Moov,ONG & Associations,Natitingou,+229 98 93 41 57,,moov.bj,Grande (>200),B2B/B2C,CCIB Annuaire,,Actif,2026-06-29T00:05:43.292700,haute
BJ-721C43A2,NSIA SA Natitingou,ONG & Associations,Natitingou,+229 65 93 22 82,nsia.benin@nsiaassurances.com,,PME (50-200),B2B,CCIB Annuaire,,Actif,2026-06-29T00:05:43.292732,haute
BJ-D328E9E5,Jumia SA Natitingou,ONG & Associations,Natitingou,+229 77 87 66 38,benin@jumia.com,jumia.com.bj,Grande (>200),B2B/B2C,CCIB Annuaire,,Actif,2026-06-29T00:05:43.292746,haute
BJ-53CD852B,Ecobank Cabinet,ONG & Associations,Lokossa,+229 51 32 40 88,ecobank.benin@ecobank.com,ecobank.com,TPE (<10),B2C,CCIB Annuaire,,Actif,2026-06-29T00:05:43.292805,haute
BJ-4D949ADC,BCEAO Clinique Lokossa,ONG & Associations,Lokossa,+229 40 89 70 21,stluc@cliniquestluc.bj,,PME (10-50),B2B,CCIB Annuaire,,Actif,2026-06-29T00:05:43.292819,haute
BJ-5F76D605,Restaurant SA,ONG & Associations,Ouidah,+229 93 64 98 58,amazone.cotonou@gmail.com,,PME (50-200),B2B,CCIB Annuaire,,Actif,2026-06-29T00:05:43.292855,moyenne
BJ-8F90DA07,Ets SARL Ouidah,ONG & Associations,Ouidah,+229 76 40 21 86,,,PME (10-50),B2B,CCIB Annuaire,,Actif,2026-06-29T00:05:43.292884,moyenne
BJ-CC17FCDA,Africa Novotel,ONG & Associations,Ouidah,+229 27 23 71 92,,novotel.com,TPE (<10),B2C,CCIB Annuaire,,Actif,2026-06-29T00:05:43.292935,haute
BJ-617B4CF5,Africa NSIA,BTP & Immobilier,Cotonou,+229 38 99 79 90,,,TPE (<10),B2C,APIEx,,Actif,2026-06-29T00:05:43.292992,haute
BJ-EB7CAE1C,Africa SERHAU-SEM,BTP & Immobilier,Cotonou,+229 39 27 77 45,info@serhau.bj,,PME (50-200),B2B,APIEx,,Actif,2026-06-29T00:05:43.293047,haute
BJ-FDBD8D91,West Africa AfriTech Abomey-Calavi,BTP & Immobilier,Abomey-Calavi,+229 53 61 39 54,,afritech.bj,PME (10-50),B2B,APIEx,,Actif,2026-06-29T00:05:43.293137,haute
BJ-48E8D825,SONAPRA SARL,BTP & Immobilier,Porto-Novo,+229 77 48 40 51,sonapra@sonapra.bj,,TPE (<10),B2B/B2C,APIEx,,Actif,2026-06-29T00:05:43.293186,moyenne
BJ-26976F40,Score SA,BTP & Immobilier,Porto-Novo,+229 70 82 81 40,score@score-benin.com,score-benin.com,PME (50-200),B2B/B2C,APIEx,,Actif,2026-06-29T00:05:43.293200,haute
BJ-09E19CA1,Score,BTP & Immobilier,Parakou,+229 22 54 40 13,,score-benin.com,TPE (<10),B2C,APIEx,,Actif,2026-06-29T00:05:43.293300,haute
BJ-87F81838,Hôtel Ets,BTP & Immobilier,Bohicon,+229 41 26 57 23,hotel.lac@yahoo.fr,,TPE (<10),B2C,APIEx,,Actif,2026-06-29T00:05:43.293364,moyenne
BJ-1071B587,Ets SA Natitingou,BTP & Immobilier,Natitingou,+229 74 45 53 88,,,Grande (>200),B2B,APIEx,,Actif,2026-06-29T00:05:43.293417,moyenne
BJ-4BD98198,Bénin SERHAU-SEM Lokossa,BTP & Immobilier,Lokossa,+229 39 12 41 55,info@serhau.bj,,PME (10-50),B2B,APIEx,,Actif,2026-06-29T00:05:43.293516,haute
BJ-4C4F570F,Université,BTP & Immobilier,Lokossa,+229 39 11 84 22,,,TPE (<10),B2B/B2C,APIEx,,Actif,2026-06-29T00:05:43.293530,haute
BJ-96C1EEC8,SONAPRA Ets Ouidah,BTP & Immobilier,Ouidah,+229 89 36 51 96,sonapra@sonapra.bj,,TPE (<10),B2C,APIEx,,Actif,2026-06-29T00:05:43.293642,moyenne
BJ-87A8467A,CFAO SA,BTP & Immobilier,Ouidah,+229 92 21 97 99,,,Grande (>200),B2B/B2C,APIEx,,Actif,2026-06-29T00:05:43.293681,haute
BJ-349B4129,Novotel Groupe Cotonou,Commerce & Distribution,Cotonou,+229 89 44 96 35,h5436@accor.com,novotel.com,PME (10-50),B2B/B2C,APIEx,,Actif,2026-06-29T00:05:43.293834,haute
BJ-F9A9748C,Score Cabinet,Commerce & Distribution,Cotonou,+229 69 90 40 54,,score-benin.com,Grande (>200),B2B/B2C,APIEx,,Actif,2026-06-29T00:05:43.293866,haute
BJ-2477F372,West Africa Ets,Commerce & Distribution,Abomey-Calavi,+229 83 32 54 59,,,PME (10-50),B2B/B2C,APIEx,,Actif,2026-06-29T00:05:43.293929,moyenne
BJ-8E363649,Hôtel Bureau Porto-Novo,Commerce & Distribution,Porto-Novo,+229 82 32 29 23,hotel.lac@yahoo.fr,,Grande (>200),B2B,APIEx,,Actif,2026-06-29T00:05:43.294117,moyenne
BJ-51187442,BOAD Ets,Commerce & Distribution,Porto-Novo,+229 25 76 95 79,,,TPE (<10),B2B/B2C,APIEx,,Actif,2026-06-29T00:05:43.294133,haute
BJ-54F1F62E,CNHU-HKM Centre,Commerce & Distribution,Parakou,+229 95 66 65 79,,,TPE (<10),B2B,APIEx,,Actif,2026-06-29T00:05:43.294197,haute
BJ-3F96CCC3,SONAPRA Ets,Commerce & Distribution,Parakou,+229 96 11 81 98,sonapra@sonapra.bj,,PME (10-50),B2B/B2C,APIEx,,Actif,2026-06-29T00:05:43.294225,moyenne
BJ-C93A378C,Novotel Natitingou,Commerce & Distribution,Natitingou,+229 65 46 26 72,h5436@accor.com,novotel.com,TPE (<10),B2B/B2C,APIEx,,Actif,2026-06-29T00:05:43.294403,haute
BJ-574710AB,BCEAO MTN Lokossa,Commerce & Distribution,Lokossa,+229 92 51 52 36,,mtn.bj,PME (10-50),B2B,APIEx,,Actif,2026-06-29T00:05:43.294484,haute
BJ-72B557DC,SOBETRAP SARL,Commerce & Distribution,Lokossa,+229 68 52 23 54,contact@sobetrap.bj,sobetrap.bj,PME (10-50),B2C,APIEx,,Actif,2026-06-29T00:05:43.294510,haute
BJ-F1560D4C,Africa Ets Lokossa,Commerce & Distribution,Lokossa,+229 33 38 19 44,agro.benin@gmail.com,,PME (50-200),B2B,APIEx,,Actif,2026-06-29T00:05:43.294523,moyenne
BJ-D0D56295,Bénin SOBETRAP,Commerce & Distribution,Ouidah,+229 66 99 77 62,contact@sobetrap.bj,,Grande (>200),B2B,APIEx,,Actif,2026-06-29T00:05:43.294595,haute
BJ-64E308E4,Bénin SONAPRA Cotonou,Restauration & Hôtellerie,Cotonou,+229 93 63 78 64,,,TPE (<10),B2B,APIEx,,Actif,2026-06-29T00:05:43.294631,moyenne
BJ-554B177F,Africa Ecobank Abomey-Calavi,Restauration & Hôtellerie,Abomey-Calavi,+229 32 60 22 83,ecobank.benin@ecobank.com,,Grande (>200),B2B,APIEx,,Actif,2026-06-29T00:05:43.294737,haute
BJ-12F39417,Moov Bureau Abomey-Calavi,Restauration & Hôtellerie,Abomey-Calavi,+229 70 15 14 70,,moov.bj,Grande (>200),B2B,APIEx,,Actif,2026-06-29T00:05:43.294769,haute
BJ-8231D2F0,Pharmaquick Ets,Restauration & Hôtellerie,Natitingou,+229 36 70 59 15,pharmaquick@gmail.com,,Grande (>200),B2B/B2C,APIEx,,Actif,2026-06-29T00:05:43.295254,moyenne
BJ-AA39E6E8,Score Centre Lokossa,Restauration & Hôtellerie,Lokossa,+229 44 36 33 93,score@score-benin.com,,PME (10-50),B2C,APIEx,,Actif,2026-06-29T00:05:43.295309,haute
BJ-2F21A488,Cabinet Groupe,Restauration & Hôtellerie,Ouidah,+229 43 43 55 42,arch.design@gmail.com,,TPE (<10),B2B/B2C,APIEx,,Actif,2026-06-29T00:05:43.295383,moyenne
BJ-4042B63B,Novotel Centre Ouidah,Restauration & Hôtellerie,Ouidah,+229 24 59 37 79,,,TPE (<10),B2B/B2C,APIEx,,Actif,2026-06-29T00:05:43.295397,haute
BJ-73F3D158,West Africa SERHAU-SEM,Restauration & Hôtellerie,Ouidah,+229 60 71 99 75,info@serhau.bj,serhau.bj,PME (50-200),B2B,APIEx,,Actif,2026-06-29T00:05:43.295422,haute
BJ-F6BE6B68,Ecobank Bureau Ouidah,Restauration & Hôtellerie,Ouidah,+229 81 61 95 60,ecobank.benin@ecobank.com,,PME (50-200),B2B/B2C,APIEx,,Actif,2026-06-29T00:05:43.295437,haute
BJ-1E6D0D96,HAMMER Ets,Santé & Pharmacie,Cotonou,+229 76 43 60 40,,,Grande (>200),B2C,APIEx,,Actif,2026-06-29T00:05:43.295473,haute
BJ-058D9AAC,Université d'Abomey-Calavi Cotonou,Santé & Pharmacie,Cotonou,+229 54 61 29 48,rectorat@uac.bj,,PME (10-50),B2B,APIEx,,Actif,2026-06-29T00:05:43.295488,haute
BJ-E42CC5B7,Jumia SA,Santé & Pharmacie,Bohicon,+229 43 83 47 22,benin@jumia.com,jumia.com.bj,TPE (<10),B2B,APIEx,,Actif,2026-06-29T00:05:43.295781,haute
BJ-27DDABDA,Novotel Bureau,Santé & Pharmacie,Bohicon,+229 26 83 52 40,h5436@accor.com,,PME (10-50),B2C,APIEx,,Actif,2026-06-29T00:05:43.295794,haute
BJ-E9C47B95,CFAO Motors Bénin Bohicon,Santé & Pharmacie,Bohicon,+229 80 13 64 87,cfao.benin@cfao.com,cfao.com,Grande (>200),B2B/B2C,APIEx,,Actif,2026-06-29T00:05:43.295821,haute
BJ-E194992E,West Africa SOBEBRA Natitingou,Santé & Pharmacie,Natitingou,+229 68 88 92 92,transport@sobebra.bj,,PME (10-50),B2C,APIEx,,Actif,2026-06-29T00:05:43.295968,moyenne
BJ-FB27A077,Bénin NSIA,Santé & Pharmacie,Lokossa,+229 62 95 61 14,,nsiaassurances.com,Grande (>200),B2B/B2C,APIEx,,Actif,2026-06-29T00:05:43.296075,haute
BJ-E5493DCE,Bénin BOAD,Santé & Pharmacie,Ouidah,+229 29 29 27 23,boad@boad.org,boad.org,Grande (>200),B2B/B2C,APIEx,,Actif,2026-06-29T00:05:43.296222,haute
BJ-6F287695,HAMMER Ouidah,Santé & Pharmacie,Ouidah,+229 23 82 17 50,info@hammer.bj,hammer.bj,Grande (>200),B2C,APIEx,,Actif,2026-06-29T00:05:43.296310,haute
BJ-4C80C0C6,BCEAO BOAD Porto-Novo,Finance & Assurance,Porto-Novo,+229 41 19 35 72,boad@boad.org,,TPE (<10),B2B,APIEx,,Actif,2026-06-29T00:05:43.296607,haute
BJ-F68C762A,SERHAU-SEM SARL,Finance & Assurance,Porto-Novo,+229 63 32 41 80,info@serhau.bj,,Grande (>200),B2B,APIEx,,Actif,2026-06-29T00:05:43.296647,haute
BJ-DFEC8EBD,Africa SONAPRA Parakou,Finance & Assurance,Parakou,+229 79 15 75 91,,,PME (50-200),B2B,APIEx,,Actif,2026-06-29T00:05:43.296695,moyenne
BJ-2D45B2CC,Hôtel,Finance & Assurance,Parakou,+229 24 45 81 15,hotel.lac@yahoo.fr,,Grande (>200),B2C,APIEx,,Actif,2026-06-29T00:05:43.296731,moyenne
BJ-34E8B78B,BOAD SARL,Finance & Assurance,Bohicon,+229 83 65 31 22,boad@boad.org,boad.org,PME (50-200),B2C,APIEx,,Actif,2026-06-29T00:05:43.296752,haute
BJ-E3441835,BCEAO BOAD Natitingou,Finance & Assurance,Natitingou,+229 34 11 93 80,boad@boad.org,boad.org,PME (10-50),B2B,APIEx,,Actif,2026-06-29T00:05:43.296842,haute
BJ-B9E08E61,HAMMER Natitingou,Finance & Assurance,Natitingou,+229 88 37 75 12,info@hammer.bj,,PME (50-200),B2B/B2C,APIEx,,Actif,2026-06-29T00:05:43.296886,haute
BJ-92617B27,EPAC SARL,Finance & Assurance,Lokossa,+229 20 64 71 56,epac@epac.uac.bj,epac.uac.bj,Grande (>200),B2B,APIEx,,Actif,2026-06-29T00:05:43.296923,haute
BJ-3D967FE3,Africa CFAO,Finance & Assurance,Lokossa,+229 67 81 52 56,,cfao.com,PME (10-50),B2B,APIEx,,Actif,2026-06-29T00:05:43.296950,haute
BJ-3A5178D1,Ets Ets Lokossa,Finance & Assurance,Lokossa,+229 55 17 34 66,,,PME (10-50),B2C,APIEx,,Actif,2026-06-29T00:05:43.296976,moyenne
BJ-D09B60C1,Cabinet Bureau Ouidah,Finance & Assurance,Ouidah,+229 82 68 23 51,arch.design@gmail.com,,TPE (<10),B2B/B2C,APIEx,,Actif,2026-06-29T00:05:43.297057,moyenne
BJ-A69E6CA9,Clinique Ets Cotonou,Transport & Logistique,Cotonou,+229 52 38 99 15,stluc@cliniquestluc.bj,,TPE (<10),B2B,APIEx,,Actif,2026-06-29T00:05:43.297131,haute
BJ-0DB7B84B,West Africa AGS Abomey-Calavi,Transport & Logistique,Abomey-Calavi,+229 41 68 95 12,ags.benin@agsfidal.com,,PME (50-200),B2C,APIEx,,Actif,2026-06-29T00:05:43.297166,moyenne
BJ-6181779D,EPAC Bureau Porto-Novo,Transport & Logistique,Porto-Novo,+229 69 59 58 89,,epac.uac.bj,Grande (>200),B2B,APIEx,,Actif,2026-06-29T00:05:43.297235,haute
BJ-0B28A6C1,NSIA Assurances Bénin Parakou,Transport & Logistique,Parakou,+229 25 53 86 65,nsia.benin@nsiaassurances.com,,PME (50-200),B2B/B2C,APIEx,,Actif,2026-06-29T00:05:43.297327,haute
BJ-4D762FC9,Jumia Parakou,Transport & Logistique,Parakou,+229 82 18 42 11,benin@jumia.com,jumia.com.bj,Grande (>200),B2C,APIEx,,Actif,2026-06-29T00:05:43.297341,haute
BJ-7ABAAC98,Restaurant Le Jardin de l'Amazone Bohicon,Transport & Logistique,Bohicon,+229 62 93 39 91,amazone.cotonou@gmail.com,,PME (50-200),B2B,APIEx,,Actif,2026-06-29T00:05:43.297393,moyenne
BJ-BDAB6F06,Africa CNHU-HKM Natitingou,Transport & Logistique,Natitingou,+229 69 55 38 83,contact@cnhu.bj,,TPE (<10),B2B,APIEx,,Actif,2026-06-29T00:05:43.297466,haute
BJ-16202A79,Bénin Ets Natitingou,Transport & Logistique,Natitingou,+229 58 99 44 73,,,Grande (>200),B2C,APIEx,,Actif,2026-06-29T00:05:43.297480,moyenne
BJ-C9C1BFF7,Novotel Groupe Natitingou,Transport & Logistique,Natitingou,+229 44 93 32 30,,novotel.com,Grande (>200),B2C,APIEx,,Actif,2026-06-29T00:05:43.297510,haute
BJ-DA83BE20,Ecobank Cabinet Lokossa,Transport & Logistique,Lokossa,+229 71 17 84 36,,,PME (10-50),B2C,APIEx,,Actif,2026-06-29T00:05:43.297545,haute
BJ-4543E9B1,Université SA,Transport & Logistique,Lokossa,+229 40 10 70 82,rectorat@uac.bj,uac.bj,PME (10-50),B2B,APIEx,,Actif,2026-06-29T00:05:43.297590,haute
BJ-EE8800C6,AGS SA Ouidah,Transport & Logistique,Ouidah,+229 27 23 94 31,ags.benin@agsfidal.com,,PME (10-50),B2B,APIEx,,Actif,2026-06-29T00:05:43.297623,moyenne
BJ-729A75A7,Cabinet Centre Ouidah,Transport & Logistique,Ouidah,+229 20 42 54 20,,,TPE (<10),B2B,APIEx,,Actif,2026-06-29T00:05:43.297668,moyenne
BJ-0451E469,Score Cabinet Porto-Novo,Télécommunications,Porto-Novo,+229 84 55 32 51,,,PME (10-50),B2C,APIEx,,Actif,2026-06-29T00:05:43.297867,haute
BJ-4C62F342,BCEAO Restaurant Parakou,Télécommunications,Parakou,+229 37 27 19 92,amazone.cotonou@gmail.com,,PME (10-50),B2C,APIEx,,Actif,2026-06-29T00:05:43.297981,moyenne
BJ-DFA7A0B8,Ets Groupe Parakou,Télécommunications,Parakou,+229 60 26 79 32,agro.benin@gmail.com,,TPE (<10),B2C,APIEx,,Actif,2026-06-29T00:05:43.297996,moyenne
BJ-796AF6D1,CFAO Centre,Télécommunications,Parakou,+229 72 50 31 72,cfao.benin@cfao.com,,Grande (>200),B2B/B2C,APIEx,,Actif,2026-06-29T00:05:43.298028,haute
BJ-6DB3635D,Moov Groupe,Télécommunications,Bohicon,+229 66 94 28 63,moov@moov.bj,moov.bj,PME (10-50),B2B/B2C,APIEx,,Actif,2026-06-29T00:05:43.298181,haute
BJ-5C933A5A,West Africa CFAO Natitingou,Télécommunications,Natitingou,+229 95 40 66 42,cfao.benin@cfao.com,cfao.com,Grande (>200),B2B/B2C,APIEx,,Actif,2026-06-29T00:05:43.298240,haute
BJ-B3BEC493,Jumia Ets,Télécommunications,Natitingou,+229 88 49 23 86,,jumia.com.bj,Grande (>200),B2B,APIEx,,Actif,2026-06-29T00:05:43.298284,haute
BJ-D15BCCB5,BCEAO NSIA,Télécommunications,Lokossa,+229 31 86 60 86,nsia.benin@nsiaassurances.com,nsiaassurances.com,PME (10-50),B2B/B2C,APIEx,,Actif,2026-06-29T00:05:43.298461,haute
BJ-97C79F60,MTN Centre Lokossa,Télécommunications,Lokossa,+229 66 24 43 62,contact@mtn.bj,,Grande (>200),B2C,APIEx,,Actif,2026-06-29T00:05:43.298533,haute
BJ-0660E65C,CNHU-HKM Ets Cotonou,Agriculture & Agroalimentaire,Cotonou,+229 31 83 18 64,,,TPE (<10),B2B,APIEx,,Actif,2026-06-29T00:05:43.298937,haute
BJ-AFD8C25D,Ets Ets,Agriculture & Agroalimentaire,Porto-Novo,+229 94 45 78 88,agro.benin@gmail.com,,PME (50-200),B2B/B2C,APIEx,,Actif,2026-06-29T00:05:43.299090,moyenne
BJ-D8647D1B,Clinique SARL,Agriculture & Agroalimentaire,Parakou,+229 77 69 43 33,,,PME (10-50),B2C,APIEx,,Actif,2026-06-29T00:05:43.299156,haute
BJ-1047144B,SOBEBRA Ets Parakou,Agriculture & Agroalimentaire,Parakou,+229 82 55 55 50,transport@sobebra.bj,,Grande (>200),B2C,APIEx,,Actif,2026-06-29T00:05:43.299182,moyenne
BJ-38EC85E2,CNHU-HKM Centre,Agriculture & Agroalimentaire,Bohicon,+229 71 59 66 49,,cnhu.bj,TPE (<10),B2B/B2C,APIEx,,Actif,2026-06-29T00:05:43.299274,haute
BJ-9D4ED8A7,Clinique,Agriculture & Agroalimentaire,Bohicon,+229 94 54 63 46,,cliniquestluc.bj,Grande (>200),B2C,APIEx,,Actif,2026-06-29T00:05:43.299288,haute
BJ-B63B8372,BCEAO Digital,Agriculture & Agroalimentaire,Natitingou,+229 50 12 38 74,digital.benin@gmail.com,,PME (10-50),B2B,APIEx,,Actif,2026-06-29T00:05:43.299376,moyenne
BJ-86767CED,Bénin Restaurant Natitingou,Agriculture & Agroalimentaire,Natitingou,+229 57 89 78 79,amazone.cotonou@gmail.com,,Grande (>200),B2B,APIEx,,Actif,2026-06-29T00:05:43.299391,moyenne
BJ-9B372763,Moov Groupe,Agriculture & Agroalimentaire,Lokossa,+229 43 36 10 95,moov@moov.bj,,Grande (>200),B2B/B2C,APIEx,,Actif,2026-06-29T00:05:43.299456,haute
BJ-2C6BCB66,SERHAU-SEM SARL,Agriculture & Agroalimentaire,Ouidah,+229 22 44 42 52,info@serhau.bj,,TPE (<10),B2B,APIEx,,Actif,2026-06-29T00:05:43.299505,haute
BJ-2CE6E495,AfriTech Bureau,Agriculture & Agroalimentaire,Ouidah,+229 35 20 23 35,contact@afritech.bj,afritech.bj,PME (50-200),B2B/B2C,APIEx,,Actif,2026-06-29T00:05:43.299563,haute
BJ-399095FF,Ecobank SARL,Éducation & Formation,Cotonou,+229 62 84 43 52,,,Grande (>200),B2C,APIEx,,Actif,2026-06-29T00:05:43.299628,haute
BJ-21399F13,Ecobank Porto-Novo,Éducation & Formation,Porto-Novo,+229 88 26 22 26,,ecobank.com,TPE (<10),B2C,APIEx,,Actif,2026-06-29T00:05:43.299753,haute
BJ-3E8415B4,Université Ets,Éducation & Formation,Bohicon,+229 26 48 76 40,rectorat@uac.bj,,Grande (>200),B2B,APIEx,,Actif,2026-06-29T00:05:43.300078,haute
BJ-F811B8CE,Africa SERHAU-SEM,Éducation & Formation,Bohicon,+229 88 95 35 36,info@serhau.bj,serhau.bj,PME (10-50),B2C,APIEx,,Actif,2026-06-29T00:05:43.300094,haute
BJ-DAE65868,DHL Ets,Éducation & Formation,Bohicon,+229 42 74 67 54,cotonou@dhl.com,dhl.com,PME (10-50),B2C,APIEx,,Actif,2026-06-29T00:05:43.300108,haute
BJ-C3034B1E,SONAPRA SA,Éducation & Formation,Natitingou,+229 90 48 88 92,,,TPE (<10),B2B,APIEx,,Actif,2026-06-29T00:05:43.300163,moyenne
BJ-5082E729,HAMMER SARL Cotonou,Technologie & IT,Cotonou,+229 38 79 24 65,info@hammer.bj,,PME (10-50),B2C,APIEx,,Actif,2026-06-29T00:05:43.300415,haute
BJ-FF07A2BC,BCEAO Ets Cotonou,Technologie & IT,Cotonou,+229 59 56 85 73,agro.benin@gmail.com,,PME (10-50),B2B/B2C,APIEx,,Actif,2026-06-29T00:05:43.300441,moyenne
BJ-0EABBBC1,SONAPRA Centre Abomey-Calavi,Technologie & IT,Abomey-Calavi,+229 79 50 28 70,sonapra@sonapra.bj,,PME (10-50),B2C,APIEx,,Actif,2026-06-29T00:05:43.300523,moyenne
BJ-92DB3440,Novotel Groupe,Technologie & IT,Abomey-Calavi,+229 78 35 18 80,,,Grande (>200),B2C,APIEx,,Actif,2026-06-29T00:05:43.300543,haute
BJ-AB1935F2,SOBEBRA SARL Porto-Novo,Technologie & IT,Porto-Novo,+229 94 46 85 29,,,TPE (<10),B2B,APIEx,,Actif,2026-06-29T00:05:43.300595,moyenne
BJ-71ADA5B6,Ets SA Parakou,Technologie & IT,Parakou,+229 32 14 13 50,,,PME (10-50),B2B/B2C,APIEx,,Actif,2026-06-29T00:05:43.300644,moyenne
BJ-FBEFFF65,Score Bureau,Technologie & IT,Parakou,+229 95 21 77 28,,,PME (10-50),B2C,APIEx,,Actif,2026-06-29T00:05:43.300691,haute
BJ-2A4A6421,West Africa Restaurant,Technologie & IT,Bohicon,+229 54 61 31 47,,,TPE (<10),B2C,APIEx,,Actif,2026-06-29T00:05:43.300733,moyenne
BJ-F0C0712E,AGS Ets,Technologie & IT,Bohicon,+229 43 88 14 46,ags.benin@agsfidal.com,,PME (50-200),B2C,APIEx,,Actif,2026-06-29T00:05:43.300761,moyenne
BJ-AE3404DC,Bénin AfriTech Bohicon,Technologie & IT,Bohicon,+229 54 38 39 77,contact@afritech.bj,,TPE (<10),B2C,APIEx,,Actif,2026-06-29T00:05:43.300776,haute
BJ-9DDCF9D7,BCEAO Clinique Natitingou,Technologie & IT,Natitingou,+229 92 48 21 92,stluc@cliniquestluc.bj,,Grande (>200),B2B/B2C,APIEx,,Actif,2026-06-29T00:05:43.300873,haute
BJ-ED863524,SOBETRAP,Technologie & IT,Lokossa,+229 84 69 50 88,contact@sobetrap.bj,sobetrap.bj,TPE (<10),B2C,APIEx,,Actif,2026-06-29T00:05:43.300948,haute
BJ-F3149281,Restaurant Le Jardin de l'Amazone Lokossa,Technologie & IT,Lokossa,+229 54 18 83 44,amazone.cotonou@gmail.com,,PME (10-50),B2B/B2C,APIEx,,Actif,2026-06-29T00:05:43.300962,moyenne
BJ-A94AF76C,BCEAO HAMMER,Technologie & IT,Ouidah,+229 73 46 53 13,info@hammer.bj,hammer.bj,Grande (>200),B2B,APIEx,,Actif,2026-06-29T00:05:43.301023,haute
BJ-102EC284,HAMMER Centre,Technologie & IT,Ouidah,+229 98 57 25 84,info@hammer.bj,,Grande (>200),B2B,APIEx,,Actif,2026-06-29T00:05:43.301114,haute
BJ-5BB381C6,Université Groupe,Industrie & Manufacture,Cotonou,+229 25 59 69 99,rectorat@uac.bj,,Grande (>200),B2C,APIEx,,Actif,2026-06-29T00:05:43.301250,haute
BJ-67D74716,Cabinet Centre,Industrie & Manufacture,Cotonou,+229 96 86 90 70,arch.design@gmail.com,,TPE (<10),B2B,APIEx,,Actif,2026-06-29T00:05:43.301286,moyenne
BJ-EDF10693,DHL Centre,Industrie & Manufacture,Abomey-Calavi,+229 92 25 35 34,cotonou@dhl.com,,PME (50-200),B2B,APIEx,,Actif,2026-06-29T00:05:43.301338,haute
BJ-64E98137,Restaurant Centre,Industrie & Manufacture,Abomey-Calavi,+229 21 70 19 58,amazone.cotonou@gmail.com,,PME (50-200),B2B,APIEx,,Actif,2026-06-29T00:05:43.301356,moyenne
BJ-E54F7E3D,Bénin Cabinet,Industrie & Manufacture,Parakou,+229 42 57 57 60,arch.design@gmail.com,,PME (50-200),B2C,APIEx,,Actif,2026-06-29T00:05:43.301478,moyenne
BJ-63C44475,West Africa AGS,Industrie & Manufacture,Parakou,+229 49 18 70 42,ags.benin@agsfidal.com,,PME (50-200),B2C,APIEx,,Actif,2026-06-29T00:05:43.301510,moyenne
BJ-F329612D,Africa EPAC,Industrie & Manufacture,Bohicon,+229 76 82 73 81,epac@epac.uac.bj,,TPE (<10),B2C,APIEx,,Actif,2026-06-29T00:05:43.301579,haute
BJ-823527B4,Pharmaquick Bureau,Industrie & Manufacture,Bohicon,+229 92 76 55 94,,,TPE (<10),B2B/B2C,APIEx,,Actif,2026-06-29T00:05:43.301593,moyenne
BJ-373A9AFA,BCEAO Ets Ouidah,Industrie & Manufacture,Ouidah,+229 66 95 22 13,,,Grande (>200),B2B,APIEx,,Actif,2026-06-29T00:05:43.301822,moyenne
BJ-CA02CA6A,Groupe Groupe,Industrie & Manufacture,Ouidah,+229 65 45 20 58,,,PME (50-200),B2C,APIEx,,Actif,2026-06-29T00:05:43.301840,moyenne
BJ-CD213735,NSIA Groupe Ouidah,Industrie & Manufacture,Ouidah,+229 70 72 66 30,nsia.benin@nsiaassurances.com,,PME (50-200),B2B/B2C,APIEx,,Actif,2026-06-29T00:05:43.301951,haute
BJ-730079DE,NSIA Centre Cotonou,Services aux entreprises,Cotonou,+229 66 19 43 70,nsia.benin@nsiaassurances.com,,Grande (>200),B2B/B2C,APIEx,,Actif,2026-06-29T00:05:43.302001,haute
BJ-916CA745,Restaurant Centre Cotonou,Services aux entreprises,Cotonou,+229 71 38 47 11,amazone.cotonou@gmail.com,,PME (50-200),B2B,APIEx,,Actif,2026-06-29T00:05:43.302115,moyenne
BJ-2C8B7688,BCEAO CNHU-HKM Porto-Novo,Services aux entreprises,Porto-Novo,+229 83 58 17 72,contact@cnhu.bj,,TPE (<10),B2C,APIEx,,Actif,2026-06-29T00:05:43.302389,haute
BJ-B8F93251,Hôtel SARL,Services aux entreprises,Parakou,+229 73 12 55 46,hotel.lac@yahoo.fr,,Grande (>200),B2C,APIEx,,Actif,2026-06-29T00:05:43.302461,moyenne
BJ-DC886CE6,Africa EPAC,Services aux entreprises,Lokossa,+229 90 31 17 40,,,PME (10-50),B2B,APIEx,,Actif,2026-06-29T00:05:43.302993,haute
BJ-D29D1486,CNHU-HKM Ets Ouidah,Services aux entreprises,Ouidah,+229 36 12 33 14,,,TPE (<10),B2B,APIEx,,Actif,2026-06-29T00:05:43.303127,haute
BJ-4DE9A516,AGS Groupe,Énergie & Environnement,Cotonou,+229 58 87 24 70,ags.benin@agsfidal.com,,PME (10-50),B2C,APIEx,,Actif,2026-06-29T00:05:43.303291,moyenne
BJ-C9B34586,NSIA Centre,Énergie & Environnement,Cotonou,+229 79 27 58 44,nsia.benin@nsiaassurances.com,,PME (10-50),B2B/B2C,APIEx,,Actif,2026-06-29T00:05:43.303362,haute
BJ-EE1BCA18,Africa Novotel Abomey-Calavi,Énergie & Environnement,Abomey-Calavi,+229 76 44 82 82,,,Grande (>200),B2C,APIEx,,Actif,2026-06-29T00:05:43.303406,haute
BJ-819978E5,Bénin Moov,Énergie & Environnement,Abomey-Calavi,+229 74 55 61 11,,,PME (10-50),B2C,APIEx,,Actif,2026-06-29T00:05:43.303430,haute
BJ-DB1429C0,Clinique Ets,Énergie & Environnement,Abomey-Calavi,+229 70 45 65 11,stluc@cliniquestluc.bj,,Grande (>200),B2C,APIEx,,Actif,2026-06-29T00:05:43.303480,haute
BJ-10835068,SONAPRA Groupe,Énergie & Environnement,Porto-Novo,+229 82 97 81 99,,,PME (10-50),B2B,APIEx,,Actif,2026-06-29T00:05:43.303571,moyenne
BJ-7E1C2782,Ets Bureau,Énergie & Environnement,Porto-Novo,+229 97 50 29 21,,,PME (50-200),B2C,APIEx,,Actif,2026-06-29T00:05:43.303614,moyenne
BJ-28017ED1,Ecobank Cabinet,Énergie & Environnement,Porto-Novo,+229 69 31 50 78,,ecobank.com,Grande (>200),B2C,APIEx,,Actif,2026-06-29T00:05:43.303643,haute
BJ-16A7D0D2,BCEAO SERHAU-SEM,Énergie & Environnement,Natitingou,+229 82 52 52 13,info@serhau.bj,,PME (10-50),B2C,APIEx,,Actif,2026-06-29T00:05:43.304084,haute
BJ-78CB1763,SOBEBRA Cabinet Natitingou,Énergie & Environnement,Natitingou,+229 46 24 95 95,,,PME (50-200),B2B,APIEx,,Actif,2026-06-29T00:05:43.304205,moyenne
BJ-154A1293,AfriTech Centre Lokossa,Énergie & Environnement,Lokossa,+229 64 94 19 13,contact@afritech.bj,afritech.bj,PME (10-50),B2B,APIEx,,Actif,2026-06-29T00:05:43.304250,haute
BJ-8E0AF342,Africa BOAD Lokossa,Énergie & Environnement,Lokossa,+229 29 18 49 93,boad@boad.org,boad.org,PME (50-200),B2C,APIEx,,Actif,2026-06-29T00:05:43.304264,haute
BJ-6D4BEC8C,Cabinet SARL,Énergie & Environnement,Lokossa,+229 57 52 63 69,,,PME (10-50),B2B/B2C,APIEx,,Actif,2026-06-29T00:05:43.304278,moyenne
BJ-2BFB64EC,Ets Ets Abomey-Calavi,Médias & Communication,Abomey-Calavi,+229 31 68 74 77,agro.benin@gmail.com,,TPE (<10),B2B,APIEx,,Actif,2026-06-29T00:05:43.304657,moyenne
BJ-897A5751,Moov Centre,Médias & Communication,Porto-Novo,+229 38 62 43 25,,,PME (10-50),B2B/B2C,APIEx,,Actif,2026-06-29T00:05:43.304925,haute
BJ-1F53C9D2,CFAO Cabinet,Médias & Communication,Bohicon,+229 34 48 99 45,,,PME (50-200),B2C,APIEx,,Actif,2026-06-29T00:05:43.305134,haute
BJ-9B7CAA39,CNHU-HKM SARL,Médias & Communication,Natitingou,+229 21 43 70 69,contact@cnhu.bj,,TPE (<10),B2C,APIEx,,Actif,2026-06-29T00:05:43.305219,haute
BJ-39420F87,BOAD Ets Natitingou,Médias & Communication,Natitingou,+229 72 93 15 67,,boad.org,TPE (<10),B2C,APIEx,,Actif,2026-06-29T00:05:43.305238,haute
BJ-8FFCB06F,BCEAO Université,Médias & Communication,Lokossa,+229 33 60 90 50,rectorat@uac.bj,,PME (50-200),B2C,APIEx,,Actif,2026-06-29T00:05:43.305296,haute
BJ-78C0F29E,SOBEBRA Ets Lokossa,Médias & Communication,Lokossa,+229 84 71 94 67,transport@sobebra.bj,,PME (10-50),B2B/B2C,APIEx,,Actif,2026-06-29T00:05:43.305314,moyenne
BJ-F8E275D7,CFAO Cabinet,Médias & Communication,Ouidah,+229 82 12 43 38,,cfao.com,TPE (<10),B2C,APIEx,,Actif,2026-06-29T00:05:43.305432,haute
BJ-70E464A9,Africa Novotel Ouidah,Médias & Communication,Ouidah,+229 39 81 49 55,,,TPE (<10),B2B,APIEx,,Actif,2026-06-29T00:05:43.305481,haute
BJ-9AD7308B,Bénin Cabinet,Médias & Communication,Ouidah,+229 41 68 61 27,,,TPE (<10),B2B/B2C,APIEx,,Actif,2026-06-29T00:05:43.305517,moyenne
BJ-B0F87438,Novotel Ets Cotonou,ONG & Associations,Cotonou,+229 65 28 12 97,h5436@accor.com,novotel.com,TPE (<10),B2B/B2C,APIEx,,Actif,2026-06-29T00:05:43.305584,haute
BJ-107C5CE9,West Africa SOBEBRA Cotonou,ONG & Associations,Cotonou,+229 53 85 94 49,transport@sobebra.bj,,PME (10-50),B2B,APIEx,,Actif,2026-06-29T00:05:43.305691,moyenne
BJ-BB85985D,DHL,ONG & Associations,Cotonou,+229 55 21 10 37,cotonou@dhl.com,dhl.com,Grande (>200),B2B/B2C,APIEx,,Actif,2026-06-29T00:05:43.305732,haute
BJ-B54993DB,Jumia,ONG & Associations,Abomey-Calavi,+229 89 31 64 35,benin@jumia.com,,PME (10-50),B2B,APIEx,,Actif,2026-06-29T00:05:43.305823,haute
BJ-BBBA660B,HAMMER Groupe Porto-Novo,ONG & Associations,Porto-Novo,+229 47 87 70 23,,hammer.bj,TPE (<10),B2C,APIEx,,Actif,2026-06-29T00:05:43.305975,haute
BJ-062AFD39,BOAD Centre Porto-Novo,ONG & Associations,Porto-Novo,+229 52 63 90 36,,boad.org,PME (10-50),B2C,APIEx,,Actif,2026-06-29T00:05:43.306003,haute
BJ-A3034842,Cabinet,ONG & Associations,Porto-Novo,+229 28 43 59 13,,,Grande (>200),B2B,APIEx,,Actif,2026-06-29T00:05:43.306016,moyenne
BJ-50B375D8,BCEAO Digital Parakou,ONG & Associations,Parakou,+229 37 52 95 71,digital.benin@gmail.com,,Grande (>200),B2B/B2C,APIEx,,Actif,2026-06-29T00:05:43.306066,moyenne
BJ-72158EB4,Bénin AGS,ONG & Associations,Parakou,+229 94 45 80 31,,,Grande (>200),B2B,APIEx,,Actif,2026-06-29T00:05:43.306099,moyenne
BJ-EF9F3858,BCEAO CNHU-HKM,ONG & Associations,Bohicon,+229 38 53 52 35,contact@cnhu.bj,cnhu.bj,TPE (<10),B2B/B2C,APIEx,,Actif,2026-06-29T00:05:43.306202,haute
BJ-92E5F25B,Bénin NSIA,ONG & Associations,Natitingou,+229 57 30 13 72,nsia.benin@nsiaassurances.com,nsiaassurances.com,TPE (<10),B2B,APIEx,,Actif,2026-06-29T00:05:43.306249,haute
BJ-0B155531,BCEAO NSIA,ONG & Associations,Natitingou,+229 38 10 50 25,nsia.benin@nsiaassurances.com,,TPE (<10),B2C,APIEx,,Actif,2026-06-29T00:05:43.306288,haute
BJ-4CEF9BBD,Africa HAMMER Lokossa,ONG & Associations,Lokossa,+229 91 68 18 27,info@hammer.bj,hammer.bj,Grande (>200),B2B/B2C,APIEx,,Actif,2026-06-29T00:05:43.306308,haute
BJ-A1115B1B,EPAC SA,ONG & Associations,Ouidah,+229 72 12 82 55,epac@epac.uac.bj,epac.uac.bj,Grande (>200),B2B/B2C,APIEx,,Actif,2026-06-29T00:05:43.306384,haute
BJ-06353627,MTN Groupe Ouidah,ONG & Associations,Ouidah,+229 31 94 12 49,contact@mtn.bj,,PME (50-200),B2C,APIEx,,Actif,2026-06-29T00:05:43.306450,haute
BJ-585336D5,West Africa BOAD Abomey-Calavi,BTP & Immobilier,Abomey-Calavi,+229 61 19 28 78,,,PME (10-50),B2C,LinkedIn,,Actif,2026-06-29T00:05:43.306578,haute
BJ-F752AB8B,Ecobank Bureau,BTP & Immobilier,Porto-Novo,+229 85 49 58 63,,ecobank.com,Grande (>200),B2B/B2C,LinkedIn,,Actif,2026-06-29T00:05:43.306632,haute
BJ-A93E341E,West Africa AfriTech Porto-Novo,BTP & Immobilier,Porto-Novo,+229 91 89 90 45,,,PME (50-200),B2B,LinkedIn,,Actif,2026-06-29T00:05:43.306696,haute
BJ-8E69BBBF,Bénin Restaurant Parakou,BTP & Immobilier,Parakou,+229 88 54 37 97,,,PME (10-50),B2B/B2C,LinkedIn,,Actif,2026-06-29T00:05:43.306717,moyenne
BJ-534147E9,Score Bureau Parakou,BTP & Immobilier,Parakou,+229 46 29 99 55,,,PME (10-50),B2B/B2C,LinkedIn,,Actif,2026-06-29T00:05:43.306764,haute
BJ-F5BB9A6D,DHL Cabinet,BTP & Immobilier,Bohicon,+229 29 37 58 29,cotonou@dhl.com,,Grande (>200),B2C,LinkedIn,,Actif,2026-06-29T00:05:43.306800,haute
BJ-5016439C,SERHAU-SEM Cabinet,BTP & Immobilier,Bohicon,+229 97 84 36 50,,serhau.bj,Grande (>200),B2B,LinkedIn,,Actif,2026-06-29T00:05:43.306841,haute
BJ-F9E0B999,CFAO Groupe,BTP & Immobilier,Natitingou,+229 56 14 84 95,,,TPE (<10),B2B,LinkedIn,,Actif,2026-06-29T00:05:43.306876,haute
BJ-38DA1305,Cabinet Centre Natitingou,BTP & Immobilier,Natitingou,+229 39 34 28 36,,,TPE (<10),B2C,LinkedIn,,Actif,2026-06-29T00:05:43.306911,moyenne
BJ-410B2CA8,SONAPRA SA,BTP & Immobilier,Ouidah,+229 91 77 29 21,,,PME (10-50),B2B/B2C,LinkedIn,,Actif,2026-06-29T00:05:43.307125,moyenne
BJ-C00F3BE4,BCEAO Moov Cotonou,Commerce & Distribution,Cotonou,+229 92 47 68 21,,moov.bj,PME (50-200),B2C,LinkedIn,,Actif,2026-06-29T00:05:43.307220,haute
BJ-0734036E,Groupe Cabinet,Commerce & Distribution,Abomey-Calavi,+229 68 60 40 28,,,PME (50-200),B2B/B2C,LinkedIn,,Actif,2026-06-29T00:05:43.307288,moyenne
BJ-AE5FEE62,BCEAO MTN,Commerce & Distribution,Porto-Novo,+229 29 88 79 46,,mtn.bj,TPE (<10),B2B/B2C,LinkedIn,,Actif,2026-06-29T00:05:43.307383,haute
BJ-10D8CC9E,EPAC SARL Parakou,Commerce & Distribution,Parakou,+229 81 68 42 98,epac@epac.uac.bj,,TPE (<10),B2B/B2C,LinkedIn,,Actif,2026-06-29T00:05:43.307404,haute
BJ-A48DE359,AfriTech Groupe,Commerce & Distribution,Parakou,+229 37 84 26 29,contact@afritech.bj,afritech.bj,Grande (>200),B2B,LinkedIn,,Actif,2026-06-29T00:05:43.307484,haute
BJ-57E065F6,SERHAU-SEM SA,Commerce & Distribution,Bohicon,+229 67 39 27 91,info@serhau.bj,,TPE (<10),B2B/B2C,LinkedIn,,Actif,2026-06-29T00:05:43.307520,haute
BJ-5A5385B6,BCEAO Novotel Natitingou,Commerce & Distribution,Natitingou,+229 91 53 33 34,h5436@accor.com,novotel.com,PME (50-200),B2B/B2C,LinkedIn,,Actif,2026-06-29T00:05:43.307618,haute
BJ-3F9C39BC,Africa BOAD,Commerce & Distribution,Lokossa,+229 55 65 39 57,boad@boad.org,,PME (50-200),B2B/B2C,LinkedIn,,Actif,2026-06-29T00:05:43.307736,haute
BJ-62688B8A,West Africa NSIA,Restauration & Hôtellerie,Cotonou,+229 36 18 86 82,nsia.benin@nsiaassurances.com,nsiaassurances.com,TPE (<10),B2B,LinkedIn,,Actif,2026-06-29T00:05:43.307916,haute
BJ-CA4C9F5D,Bénin MTN Parakou,Restauration & Hôtellerie,Parakou,+229 65 31 97 31,,mtn.bj,Grande (>200),B2B/B2C,LinkedIn,,Actif,2026-06-29T00:05:43.308140,haute
BJ-C3048340,HAMMER SA Parakou,Restauration & Hôtellerie,Parakou,+229 60 37 98 88,,hammer.bj,PME (50-200),B2B/B2C,LinkedIn,,Actif,2026-06-29T00:05:43.308186,haute
BJ-FF536378,Bénin SOBEBRA,Restauration & Hôtellerie,Bohicon,+229 95 68 69 17,,,PME (50-200),B2B/B2C,LinkedIn,,Actif,2026-06-29T00:05:43.308230,moyenne
BJ-C0134D55,BCEAO HAMMER,Restauration & Hôtellerie,Bohicon,+229 84 26 19 86,info@hammer.bj,,Grande (>200),B2B,LinkedIn,,Actif,2026-06-29T00:05:43.308259,haute
BJ-BA157CB6,West Africa Restaurant,Restauration & Hôtellerie,Natitingou,+229 39 24 83 95,,,TPE (<10),B2C,LinkedIn,,Actif,2026-06-29T00:05:43.308297,moyenne
BJ-41BA066F,BCEAO Hôtel Natitingou,Restauration & Hôtellerie,Natitingou,+229 82 19 33 69,,,PME (10-50),B2B/B2C,LinkedIn,,Actif,2026-06-29T00:05:43.308336,moyenne
BJ-2760962A,Bénin Ecobank,Restauration & Hôtellerie,Natitingou,+229 78 68 53 27,ecobank.benin@ecobank.com,ecobank.com,PME (50-200),B2B,LinkedIn,,Actif,2026-06-29T00:05:43.308355,haute
BJ-60DA309D,HAMMER Cabinet,Restauration & Hôtellerie,Natitingou,+229 36 36 90 85,info@hammer.bj,hammer.bj,TPE (<10),B2B/B2C,LinkedIn,,Actif,2026-06-29T00:05:43.308370,haute
BJ-4C3ABD4B,Groupe Cabinet,Restauration & Hôtellerie,Lokossa,+229 45 76 22 81,collines.immo@yahoo.fr,,PME (10-50),B2C,LinkedIn,,Actif,2026-06-29T00:05:43.308472,moyenne
BJ-CFA1EE4A,Bénin CFAO,Santé & Pharmacie,Cotonou,+229 74 71 60 86,cfao.benin@cfao.com,cfao.com,PME (10-50),B2B/B2C,LinkedIn,,Actif,2026-06-29T00:05:43.308603,haute
BJ-66C1112C,Restaurant SARL,Santé & Pharmacie,Cotonou,+229 20 30 97 48,,,Grande (>200),B2C,LinkedIn,,Actif,2026-06-29T00:05:43.308645,moyenne
BJ-82FF8614,BOAD SA,Santé & Pharmacie,Abomey-Calavi,+229 27 83 76 26,boad@boad.org,boad.org,PME (10-50),B2B,LinkedIn,,Actif,2026-06-29T00:05:43.308673,haute
BJ-F1B8D9C1,Groupe Collines Immobilier Abomey-Calavi,Santé & Pharmacie,Abomey-Calavi,+229 38 44 20 43,collines.immo@yahoo.fr,,TPE (<10),B2B,LinkedIn,,Actif,2026-06-29T00:05:43.308688,moyenne
BJ-1B049C8B,HAMMER Groupe,Santé & Pharmacie,Porto-Novo,+229 82 77 25 96,info@hammer.bj,,Grande (>200),B2B,LinkedIn,,Actif,2026-06-29T00:05:43.308756,haute
BJ-A1A72DE4,Score Ets,Santé & Pharmacie,Parakou,+229 26 68 25 60,score@score-benin.com,score-benin.com,PME (50-200),B2C,LinkedIn,,Actif,2026-06-29T00:05:43.308835,haute
BJ-4DBBA9C7,Hôtel du Lac Cotonou,Santé & Pharmacie,Parakou,+229 79 30 41 63,hotel.lac@yahoo.fr,,PME (10-50),B2B/B2C,LinkedIn,,Actif,2026-06-29T00:05:43.308850,moyenne
BJ-10A0E094,West Africa Jumia Parakou,Santé & Pharmacie,Parakou,+229 73 30 75 34,,jumia.com.bj,PME (10-50),B2B,LinkedIn,,Actif,2026-06-29T00:05:43.308881,haute
BJ-7682EE52,West Africa HAMMER Bohicon,Santé & Pharmacie,Bohicon,+229 84 23 59 41,info@hammer.bj,,PME (10-50),B2B/B2C,LinkedIn,,Actif,2026-06-29T00:05:43.308991,haute
BJ-3D07FBB8,DHL Bureau Ouidah,Santé & Pharmacie,Ouidah,+229 52 79 18 41,,dhl.com,PME (50-200),B2B,LinkedIn,,Actif,2026-06-29T00:05:43.309193,haute
BJ-97618571,CNHU-HKM SA Cotonou,Finance & Assurance,Cotonou,+229 62 15 92 28,contact@cnhu.bj,,PME (10-50),B2B,LinkedIn,,Actif,2026-06-29T00:05:43.309305,haute
BJ-409FABCE,CNHU-HKM SARL Cotonou,Finance & Assurance,Cotonou,+229 93 58 89 98,,,PME (10-50),B2B,LinkedIn,,Actif,2026-06-29T00:05:43.309318,haute
BJ-91A77EE1,AGS Centre,Finance & Assurance,Porto-Novo,+229 64 19 83 60,ags.benin@agsfidal.com,,TPE (<10),B2B,LinkedIn,,Actif,2026-06-29T00:05:43.309439,moyenne
BJ-9A9DCF61,SOBETRAP Centre Porto-Novo,Finance & Assurance,Porto-Novo,+229 51 60 12 64,contact@sobetrap.bj,sobetrap.bj,PME (10-50),B2B,LinkedIn,,Actif,2026-06-29T00:05:43.309458,haute
BJ-5A7E6733,Africa CNHU-HKM Porto-Novo,Finance & Assurance,Porto-Novo,+229 78 92 65 20,,,TPE (<10),B2B,LinkedIn,,Actif,2026-06-29T00:05:43.309471,haute
BJ-C004F670,AfriTech SA Natitingou,Finance & Assurance,Natitingou,+229 44 83 31 95,contact@afritech.bj,afritech.bj,PME (50-200),B2B,LinkedIn,,Actif,2026-06-29T00:05:43.309672,haute
BJ-3A3F1269,Université Groupe,Finance & Assurance,Lokossa,+229 78 38 84 66,rectorat@uac.bj,uac.bj,Grande (>200),B2B/B2C,LinkedIn,,Actif,2026-06-29T00:05:43.309755,haute
BJ-95C72943,Ecobank Lokossa,Finance & Assurance,Lokossa,+229 45 46 77 94,ecobank.benin@ecobank.com,,Grande (>200),B2C,LinkedIn,,Actif,2026-06-29T00:05:43.309770,haute
BJ-6DD1B884,BCEAO Novotel Lokossa,Finance & Assurance,Lokossa,+229 26 63 50 80,h5436@accor.com,,PME (10-50),B2B/B2C,LinkedIn,,Actif,2026-06-29T00:05:43.309784,haute
BJ-639DA4FC,West Africa SOBEBRA,Finance & Assurance,Ouidah,+229 81 18 36 61,,,TPE (<10),B2B,LinkedIn,,Actif,2026-06-29T00:05:43.309852,moyenne
BJ-7035F78C,Moov SA,Transport & Logistique,Abomey-Calavi,+229 61 64 29 48,,moov.bj,Grande (>200),B2B/B2C,LinkedIn,,Actif,2026-06-29T00:05:43.310069,haute
BJ-50BD9422,Score SARL Porto-Novo,Transport & Logistique,Porto-Novo,+229 89 54 60 19,,,PME (10-50),B2B,LinkedIn,,Actif,2026-06-29T00:05:43.310116,haute
BJ-55F38E82,EPAC SA,Transport & Logistique,Natitingou,+229 76 37 55 29,epac@epac.uac.bj,,PME (50-200),B2B/B2C,LinkedIn,,Actif,2026-06-29T00:05:43.310356,haute
BJ-C2705C71,MTN Lokossa,Transport & Logistique,Lokossa,+229 87 10 76 82,,mtn.bj,Grande (>200),B2C,LinkedIn,,Actif,2026-06-29T00:05:43.310419,haute
BJ-9EC5295B,Jumia Centre,Transport & Logistique,Ouidah,+229 45 81 66 13,,,TPE (<10),B2B,LinkedIn,,Actif,2026-06-29T00:05:43.310481,haute
BJ-B0ACE85D,Africa EPAC,Télécommunications,Cotonou,+229 21 75 40 26,epac@epac.uac.bj,,TPE (<10),B2C,LinkedIn,,Actif,2026-06-29T00:05:43.310564,haute
BJ-0EA49C64,NSIA Centre Abomey-Calavi,Télécommunications,Abomey-Calavi,+229 43 93 86 44,nsia.benin@nsiaassurances.com,,Grande (>200),B2C,LinkedIn,,Actif,2026-06-29T00:05:43.310668,haute
BJ-0AC4B670,Novotel SARL Abomey-Calavi,Télécommunications,Abomey-Calavi,+229 47 69 46 70,h5436@accor.com,novotel.com,Grande (>200),B2B/B2C,LinkedIn,,Actif,2026-06-29T00:05:43.310685,haute
BJ-443A8C10,DHL Groupe,Télécommunications,Abomey-Calavi,+229 63 79 37 88,cotonou@dhl.com,,PME (50-200),B2B,LinkedIn,,Actif,2026-06-29T00:05:43.310698,haute
BJ-9C53E4CB,HAMMER Bureau Porto-Novo,Télécommunications,Porto-Novo,+229 24 13 55 18,info@hammer.bj,hammer.bj,PME (10-50),B2B,LinkedIn,,Actif,2026-06-29T00:05:43.310744,haute
BJ-BA6033BA,Bénin Groupe Parakou,Télécommunications,Parakou,+229 28 20 21 84,collines.immo@yahoo.fr,,PME (50-200),B2B,LinkedIn,,Actif,2026-06-29T00:05:43.310833,moyenne
BJ-AE49B03F,SERHAU-SEM Groupe,Télécommunications,Parakou,+229 61 19 14 38,info@serhau.bj,serhau.bj,Grande (>200),B2B,LinkedIn,,Actif,2026-06-29T00:05:43.310851,haute
BJ-DAFBD5C5,Bénin Score Bohicon,Télécommunications,Bohicon,+229 32 72 24 75,score@score-benin.com,score-benin.com,PME (50-200),B2B,LinkedIn,,Actif,2026-06-29T00:05:43.310886,haute
BJ-0E52A635,SOBEBRA Centre Bohicon,Télécommunications,Bohicon,+229 52 56 45 19,transport@sobebra.bj,,PME (50-200),B2B/B2C,LinkedIn,,Actif,2026-06-29T00:05:43.310943,moyenne
BJ-5151781D,Moov Bureau,Télécommunications,Natitingou,+229 44 33 27 22,moov@moov.bj,,TPE (<10),B2C,LinkedIn,,Actif,2026-06-29T00:05:43.310983,haute
BJ-A1E54223,Digital SA Cotonou,Agriculture & Agroalimentaire,Cotonou,+229 33 87 54 23,digital.benin@gmail.com,,PME (10-50),B2C,LinkedIn,,Actif,2026-06-29T00:05:43.311215,moyenne
BJ-E981F8D0,West Africa HAMMER,Agriculture & Agroalimentaire,Cotonou,+229 67 54 65 50,,,PME (50-200),B2B,LinkedIn,,Actif,2026-06-29T00:05:43.311228,haute
BJ-3075E7F9,BCEAO Jumia Cotonou,Agriculture & Agroalimentaire,Cotonou,+229 68 37 31 96,benin@jumia.com,jumia.com.bj,TPE (<10),B2C,LinkedIn,,Actif,2026-06-29T00:05:43.311241,haute
BJ-470FC57C,Bénin Ets Abomey-Calavi,Agriculture & Agroalimentaire,Abomey-Calavi,+229 35 85 91 11,,,PME (10-50),B2C,LinkedIn,,Actif,2026-06-29T00:05:43.311357,moyenne
BJ-C9241906,MTN SARL,Agriculture & Agroalimentaire,Porto-Novo,+229 89 24 89 36,,mtn.bj,PME (10-50),B2C,LinkedIn,,Actif,2026-06-29T00:05:43.311377,haute
BJ-69C6DC8D,Novotel SA,Agriculture & Agroalimentaire,Porto-Novo,+229 79 92 29 51,h5436@accor.com,,TPE (<10),B2B/B2C,LinkedIn,,Actif,2026-06-29T00:05:43.311419,haute
BJ-FFD5CC93,NSIA Ets Parakou,Agriculture & Agroalimentaire,Parakou,+229 33 81 75 79,nsia.benin@nsiaassurances.com,nsiaassurances.com,TPE (<10),B2B/B2C,LinkedIn,,Actif,2026-06-29T00:05:43.311466,haute
BJ-F925BE31,Groupe SA Parakou,Agriculture & Agroalimentaire,Parakou,+229 92 95 94 35,collines.immo@yahoo.fr,,PME (50-200),B2B/B2C,LinkedIn,,Actif,2026-06-29T00:05:43.311479,moyenne
BJ-41DD22FB,Moov,Agriculture & Agroalimentaire,Lokossa,+229 92 48 89 74,moov@moov.bj,,TPE (<10),B2B/B2C,LinkedIn,,Actif,2026-06-29T00:05:43.311720,haute
BJ-0B79BADB,Bénin MTN Ouidah,Agriculture & Agroalimentaire,Ouidah,+229 46 67 40 99,,mtn.bj,PME (50-200),B2C,LinkedIn,,Actif,2026-06-29T00:05:43.311794,haute
BJ-C752E877,Restaurant Cabinet Cotonou,Éducation & Formation,Cotonou,+229 22 32 51 83,amazone.cotonou@gmail.com,,PME (10-50),B2B/B2C,LinkedIn,,Actif,2026-06-29T00:05:43.311873,moyenne
BJ-A2DF358F,Clinique Centre,Éducation & Formation,Abomey-Calavi,+229 59 13 96 48,,cliniquestluc.bj,Grande (>200),B2B,LinkedIn,,Actif,2026-06-29T00:05:43.311964,haute
BJ-5326789B,Cabinet,Éducation & Formation,Abomey-Calavi,+229 84 16 10 85,,,PME (10-50),B2C,LinkedIn,,Actif,2026-06-29T00:05:43.311996,moyenne
BJ-46D1A7A3,SOBETRAP Cabinet Porto-Novo,Éducation & Formation,Porto-Novo,+229 37 27 90 74,,sobetrap.bj,Grande (>200),B2B,LinkedIn,,Actif,2026-06-29T00:05:43.312060,haute
BJ-4C81BEAC,Hôtel Cabinet,Éducation & Formation,Parakou,+229 65 24 17 88,hotel.lac@yahoo.fr,,TPE (<10),B2B/B2C,LinkedIn,,Actif,2026-06-29T00:05:43.312095,moyenne
BJ-C6DFBDE4,Ecobank Ets,Éducation & Formation,Parakou,+229 97 83 73 11,ecobank.benin@ecobank.com,ecobank.com,PME (50-200),B2B/B2C,LinkedIn,,Actif,2026-06-29T00:05:43.312139,haute
BJ-3980BBA8,NSIA SARL Natitingou,Éducation & Formation,Natitingou,+229 77 19 74 78,nsia.benin@nsiaassurances.com,,PME (50-200),B2B/B2C,LinkedIn,,Actif,2026-06-29T00:05:43.312250,haute
BJ-17002703,Bénin Groupe,Éducation & Formation,Natitingou,+229 33 82 61 82,collines.immo@yahoo.fr,,Grande (>200),B2B/B2C,LinkedIn,,Actif,2026-06-29T00:05:43.312264,moyenne
BJ-897DF257,NSIA Centre Natitingou,Éducation & Formation,Natitingou,+229 77 71 64 12,nsia.benin@nsiaassurances.com,nsiaassurances.com,PME (50-200),B2C,LinkedIn,,Actif,2026-06-29T00:05:43.312286,haute
BJ-E69BCD5D,Bénin Moov Lokossa,Éducation & Formation,Lokossa,+229 33 55 49 78,moov@moov.bj,,PME (50-200),B2C,LinkedIn,,Actif,2026-06-29T00:05:43.312363,haute
BJ-B710FCA3,MTN Bureau Lokossa,Éducation & Formation,Lokossa,+229 65 79 96 84,,mtn.bj,PME (10-50),B2C,LinkedIn,,Actif,2026-06-29T00:05:43.312376,haute
BJ-8F907189,BOAD SARL Ouidah,Éducation & Formation,Ouidah,+229 89 86 33 71,boad@boad.org,boad.org,Grande (>200),B2B/B2C,LinkedIn,,Actif,2026-06-29T00:05:43.312409,haute
BJ-00F556A2,Bénin DHL Ouidah,Éducation & Formation,Ouidah,+229 50 24 67 94,cotonou@dhl.com,dhl.com,PME (50-200),B2B/B2C,LinkedIn,,Actif,2026-06-29T00:05:43.312458,haute
BJ-43E8634E,Université Ets Ouidah,Éducation & Formation,Ouidah,+229 84 45 94 50,,,TPE (<10),B2C,LinkedIn,,Actif,2026-06-29T00:05:43.312545,haute
BJ-0C8209BB,Cabinet SARL Cotonou,Technologie & IT,Cotonou,+229 41 19 46 44,arch.design@gmail.com,,TPE (<10),B2B,LinkedIn,,Actif,2026-06-29T00:05:43.312616,moyenne
BJ-12D71C59,SONAPRA Centre,Technologie & IT,Cotonou,+229 91 59 15 99,sonapra@sonapra.bj,,TPE (<10),B2C,LinkedIn,,Actif,2026-06-29T00:05:43.312661,moyenne
BJ-9112CA94,Groupe Ets Cotonou,Technologie & IT,Cotonou,+229 56 26 24 74,,,PME (50-200),B2B/B2C,LinkedIn,,Actif,2026-06-29T00:05:43.312698,moyenne
BJ-EA27AD9D,MTN Groupe,Technologie & IT,Abomey-Calavi,+229 84 49 99 62,,,TPE (<10),B2C,LinkedIn,,Actif,2026-06-29T00:05:43.312730,haute
BJ-F200E53F,Africa DHL,Technologie & IT,Abomey-Calavi,+229 89 44 47 65,,dhl.com,PME (50-200),B2B/B2C,LinkedIn,,Actif,2026-06-29T00:05:43.312776,haute
BJ-FA49431B,Jumia SA Porto-Novo,Technologie & IT,Porto-Novo,+229 20 81 86 34,,,TPE (<10),B2C,LinkedIn,,Actif,2026-06-29T00:05:43.312863,haute
BJ-F3849D7E,Africa Université,Technologie & IT,Parakou,+229 62 86 36 88,rectorat@uac.bj,,Grande (>200),B2B/B2C,LinkedIn,,Actif,2026-06-29T00:05:43.312944,haute
BJ-191006B1,Université SA,Technologie & IT,Bohicon,+229 32 96 15 56,rectorat@uac.bj,,PME (10-50),B2B,LinkedIn,,Actif,2026-06-29T00:05:43.313043,haute
BJ-95D77792,Bénin SONAPRA Natitingou,Technologie & IT,Natitingou,+229 31 83 80 35,,,PME (10-50),B2B/B2C,LinkedIn,,Actif,2026-06-29T00:05:43.313079,moyenne
BJ-FFD73237,HAMMER Ets Natitingou,Technologie & IT,Natitingou,+229 38 30 65 47,,hammer.bj,PME (10-50),B2B/B2C,LinkedIn,,Actif,2026-06-29T00:05:43.313092,haute
BJ-B16DE917,CFAO Groupe Natitingou,Technologie & IT,Natitingou,+229 87 93 54 56,,,PME (50-200),B2C,LinkedIn,,Actif,2026-06-29T00:05:43.313123,haute
BJ-14FF5145,Novotel Lokossa,Technologie & IT,Lokossa,+229 40 37 66 97,h5436@accor.com,novotel.com,TPE (<10),B2B/B2C,LinkedIn,,Actif,2026-06-29T00:05:43.313143,haute
BJ-D545E692,CNHU-HKM Cabinet Ouidah,Technologie & IT,Ouidah,+229 36 13 48 44,,,Grande (>200),B2B/B2C,LinkedIn,,Actif,2026-06-29T00:05:43.313241,haute
BJ-F186D8E5,Hôtel Centre Cotonou,Industrie & Manufacture,Cotonou,+229 76 35 76 32,hotel.lac@yahoo.fr,,Grande (>200),B2C,LinkedIn,,Actif,2026-06-29T00:05:43.313296,moyenne
BJ-BDBA36B6,Pharmaquick Groupe,Industrie & Manufacture,Cotonou,+229 77 19 86 20,pharmaquick@gmail.com,,PME (10-50),B2B,LinkedIn,,Actif,2026-06-29T00:05:43.313322,moyenne
BJ-645E274C,Ets Cabinet Abomey-Calavi,Industrie & Manufacture,Abomey-Calavi,+229 83 29 67 39,,,PME (10-50),B2B/B2C,LinkedIn,,Actif,2026-06-29T00:05:43.313393,moyenne
BJ-BEBDE1A0,Novotel SARL,Industrie & Manufacture,Porto-Novo,+229 48 60 42 29,h5436@accor.com,,PME (50-200),B2B,LinkedIn,,Actif,2026-06-29T00:05:43.313456,haute
BJ-9029B47A,West Africa CNHU-HKM,Industrie & Manufacture,Porto-Novo,+229 41 63 71 78,,cnhu.bj,Grande (>200),B2B,LinkedIn,,Actif,2026-06-29T00:05:43.313469,haute
BJ-B5FDDCAD,BCEAO AGS,Industrie & Manufacture,Porto-Novo,+229 68 12 51 48,ags.benin@agsfidal.com,,Grande (>200),B2B,LinkedIn,,Actif,2026-06-29T00:05:43.313496,moyenne
BJ-DF33B2B6,SOBEBRA Ets Bohicon,Industrie & Manufacture,Bohicon,+229 74 40 85 92,transport@sobebra.bj,,PME (10-50),B2C,LinkedIn,,Actif,2026-06-29T00:05:43.313594,moyenne
BJ-3A4934FF,Restaurant,Industrie & Manufacture,Bohicon,+229 64 73 21 86,amazone.cotonou@gmail.com,,TPE (<10),B2C,LinkedIn,,Actif,2026-06-29T00:05:43.313620,moyenne
BJ-BFC9FE23,BCEAO Score Natitingou,Industrie & Manufacture,Natitingou,+229 70 64 78 95,,,PME (50-200),B2B,LinkedIn,,Actif,2026-06-29T00:05:43.313727,haute
BJ-8531B073,Digital Groupe Lokossa,Industrie & Manufacture,Lokossa,+229 96 83 37 19,,,TPE (<10),B2B/B2C,LinkedIn,,Actif,2026-06-29T00:05:43.313839,moyenne
BJ-A3BCC909,West Africa MTN,Industrie & Manufacture,Ouidah,+229 42 17 98 16,contact@mtn.bj,,Grande (>200),B2B,LinkedIn,,Actif,2026-06-29T00:05:43.313942,haute
BJ-D65F7499,SOBEBRA SARL,Services aux entreprises,Cotonou,+229 76 18 22 43,transport@sobebra.bj,,TPE (<10),B2B,LinkedIn,,Actif,2026-06-29T00:05:43.314046,moyenne
BJ-40CB1956,SERHAU-SEM Cabinet,Services aux entreprises,Abomey-Calavi,+229 87 31 95 76,info@serhau.bj,,Grande (>200),B2B/B2C,LinkedIn,,Actif,2026-06-29T00:05:43.314120,haute
BJ-528C8F02,MTN Cabinet Parakou,Services aux entreprises,Parakou,+229 78 92 69 30,,,Grande (>200),B2B,LinkedIn,,Actif,2026-06-29T00:05:43.314248,haute
BJ-7E7BBAE1,Novotel Ets Parakou,Services aux entreprises,Parakou,+229 64 65 63 21,,novotel.com,PME (10-50),B2B,LinkedIn,,Actif,2026-06-29T00:05:43.314290,haute
BJ-1A2BB085,Africa Ecobank Lokossa,Services aux entreprises,Lokossa,+229 82 44 53 66,,,Grande (>200),B2B,LinkedIn,,Actif,2026-06-29T00:05:43.314505,haute
BJ-867E66E9,Université d'Abomey-Calavi Ouidah,Services aux entreprises,Ouidah,+229 60 24 63 10,rectorat@uac.bj,,TPE (<10),B2C,LinkedIn,,Actif,2026-06-29T00:05:43.314620,haute
BJ-1151C3C1,AfriTech Cabinet Cotonou,Énergie & Environnement,Cotonou,+229 66 93 57 37,contact@afritech.bj,afritech.bj,PME (10-50),B2B,LinkedIn,,Actif,2026-06-29T00:05:43.314640,haute
BJ-8F4FDF15,MTN Groupe Cotonou,Énergie & Environnement,Cotonou,+229 78 39 95 87,,mtn.bj,PME (50-200),B2B/B2C,LinkedIn,,Actif,2026-06-29T00:05:43.314679,haute
BJ-CD182FF3,Clinique SARL,Énergie & Environnement,Abomey-Calavi,+229 25 76 88 33,stluc@cliniquestluc.bj,cliniquestluc.bj,PME (50-200),B2B/B2C,LinkedIn,,Actif,2026-06-29T00:05:43.314776,haute
BJ-EB3BD3FB,West Africa SERHAU-SEM Porto-Novo,Énergie & Environnement,Porto-Novo,+229 89 84 37 21,info@serhau.bj,,PME (50-200),B2B,LinkedIn,,Actif,2026-06-29T00:05:43.314810,haute
BJ-6BB13108,Africa Groupe Porto-Novo,Énergie & Environnement,Porto-Novo,+229 49 59 92 73,,,PME (10-50),B2B/B2C,LinkedIn,,Actif,2026-06-29T00:05:43.314837,moyenne
BJ-F07DDEE9,BCEAO DHL,Énergie & Environnement,Parakou,+229 81 47 35 15,cotonou@dhl.com,dhl.com,PME (10-50),B2B,LinkedIn,,Actif,2026-06-29T00:05:43.314869,haute
BJ-8F1B365D,EPAC SA,Énergie & Environnement,Parakou,+229 85 84 49 66,epac@epac.uac.bj,,Grande (>200),B2B/B2C,LinkedIn,,Actif,2026-06-29T00:05:43.314956,haute
BJ-362FBF70,SERHAU-SEM Bureau,Énergie & Environnement,Natitingou,+229 44 26 32 61,info@serhau.bj,serhau.bj,Grande (>200),B2B/B2C,LinkedIn,,Actif,2026-06-29T00:05:43.315332,haute
BJ-CDD7AD3B,Africa Novotel,Énergie & Environnement,Natitingou,+229 21 51 29 83,,,PME (50-200),B2B/B2C,LinkedIn,,Actif,2026-06-29T00:05:43.315365,haute
BJ-C40EDBD6,Score Cabinet,Énergie & Environnement,Ouidah,+229 74 66 15 78,score@score-benin.com,score-benin.com,TPE (<10),B2B/B2C,LinkedIn,,Actif,2026-06-29T00:05:43.315499,haute
BJ-C3540CF2,Moov Cotonou,Médias & Communication,Cotonou,+229 38 69 64 52,,,TPE (<10),B2B/B2C,LinkedIn,,Actif,2026-06-29T00:05:43.315587,haute
BJ-8F75AC05,BCEAO CNHU-HKM,Médias & Communication,Cotonou,+229 32 61 37 80,contact@cnhu.bj,cnhu.bj,Grande (>200),B2B/B2C,LinkedIn,,Actif,2026-06-29T00:05:43.315602,haute
BJ-2CFBC134,Bénin Restaurant Abomey-Calavi,Médias & Communication,Abomey-Calavi,+229 39 13 97 31,,,Grande (>200),B2C,LinkedIn,,Actif,2026-06-29T00:05:43.315723,moyenne
BJ-1167697C,Bénin Novotel,Médias & Communication,Porto-Novo,+229 39 49 89 75,h5436@accor.com,,TPE (<10),B2B/B2C,LinkedIn,,Actif,2026-06-29T00:05:43.315743,haute
BJ-0441FCC2,BCEAO Université Porto-Novo,Médias & Communication,Porto-Novo,+229 48 74 40 37,,uac.bj,PME (50-200),B2B/B2C,LinkedIn,,Actif,2026-06-29T00:05:43.315758,haute
BJ-0FD1B92B,NSIA Assurances Bénin Porto-Novo,Médias & Communication,Porto-Novo,+229 39 81 24 62,,,Grande (>200),B2B/B2C,LinkedIn,,Actif,2026-06-29T00:05:43.315798,haute
BJ-FEC3D757,CFAO Bureau,Médias & Communication,Parakou,+229 90 48 51 85,cfao.benin@cfao.com,cfao.com,PME (50-200),B2B,LinkedIn,,Actif,2026-06-29T00:05:43.315820,haute
BJ-0520C571,BCEAO Ets Bohicon,Médias & Communication,Bohicon,+229 36 70 59 22,agro.benin@gmail.com,,PME (50-200),B2B/B2C,LinkedIn,,Actif,2026-06-29T00:05:43.315973,moyenne
BJ-726E0F3C,Bénin Clinique Bohicon,Médias & Communication,Bohicon,+229 26 18 54 38,stluc@cliniquestluc.bj,,PME (50-200),B2B/B2C,LinkedIn,,Actif,2026-06-29T00:05:43.315986,haute
BJ-9CF020A5,Pharmaquick Lokossa,Médias & Communication,Lokossa,+229 36 88 47 51,pharmaquick@gmail.com,,PME (50-200),B2B,LinkedIn,,Actif,2026-06-29T00:05:43.316104,moyenne
BJ-0ECAACD4,Novotel Cotonou Lokossa,Médias & Communication,Lokossa,+229 27 15 55 32,h5436@accor.com,novotel.com,Grande (>200),B2C,LinkedIn,,Actif,2026-06-29T00:05:43.316163,haute
BJ-C006986E,EPAC Groupe Cotonou,ONG & Associations,Cotonou,+229 54 41 25 31,epac@epac.uac.bj,,PME (10-50),B2B/B2C,LinkedIn,,Actif,2026-06-29T00:05:43.316539,haute
BJ-2C44A0B7,West Africa SERHAU-SEM,ONG & Associations,Parakou,+229 51 27 82 65,,serhau.bj,PME (50-200),B2B,LinkedIn,,Actif,2026-06-29T00:05:43.317287,haute
BJ-4CBEC000,Moov Ets,ONG & Associations,Bohicon,+229 21 50 12 95,moov@moov.bj,moov.bj,TPE (<10),B2C,LinkedIn,,Actif,2026-06-29T00:05:43.317443,haute
BJ-A3748DD4,West Africa SONAPRA,ONG & Associations,Lokossa,+229 81 87 16 77,sonapra@sonapra.bj,,PME (10-50),B2C,LinkedIn,,Actif,2026-06-29T00:05:43.317822,moyenne
BJ-5DE97049,Africa AGS Lokossa,ONG & Associations,Lokossa,+229 75 69 76 43,ags.benin@agsfidal.com,,PME (10-50),B2C,LinkedIn,,Actif,2026-06-29T00:05:43.317854,moyenne
BJ-E51105EA,Clinique Groupe,ONG & Associations,Ouidah,+229 80 47 84 79,stluc@cliniquestluc.bj,cliniquestluc.bj,PME (10-50),B2C,LinkedIn,,Actif,2026-06-29T00:05:43.318137,haute
BJ-B6069EB6,DHL Express Bénin Ouidah,ONG & Associations,Ouidah,+229 53 86 94 16,cotonou@dhl.com,dhl.com,Grande (>200),B2B/B2C,LinkedIn,,Actif,2026-06-29T00:05:43.318165,haute
BJ-00949E5E,Ets Architecte Ets,BTP & Immobilier,Cotonou,+229 47 32 47 14,ets.architecte.ets@ets.architecte.ets.bj,,TPE (<10),B2B,Google Maps,3.7,Actif,2026-06-29T00:14:35.651560,moyenne
BJ-6689455C,Construction Cotonou,BTP & Immobilier,Cotonou,+229 26 28 51 24,,,TPE (<10),B2C,Google Maps,3.3,Actif,2026-06-29T00:14:35.651635,basse
BJ-ED0942B9,Urbanisme Groupe,BTP & Immobilier,Cotonou,+229 81 99 44 39,,,PME (50-200),B2B,Google Maps,3.4,Actif,2026-06-29T00:14:35.651673,basse
BJ-4827B2A3,SA Architecte SA Cotonou,BTP & Immobilier,Cotonou,+229 42 79 85 36,,,PME (10-50),B2B,Google Maps,4.5,Actif,2026-06-29T00:14:35.651704,basse
BJ-15583A5B,Construction,BTP & Immobilier,Cotonou,+229 59 44 11 24,construction@construction.bj,construction.bj,PME (50-200),B2B,Google Maps,4.2,Actif,2026-06-29T00:14:35.651742,haute
BJ-91A85013,Bâtiment,BTP & Immobilier,Abomey-Calavi,+229 81 92 13 12,bâtiment@bâtiment.bj,bâtiment.bj,PME (50-200),B2C,Google Maps,4.1,Actif,2026-06-29T00:14:35.651805,haute
BJ-1079C5CB,SARL Béton Bénin,BTP & Immobilier,Abomey-Calavi,+229 54 66 99 21,,sarlbétonbénin.bj,PME (50-200),B2C,Google Maps,3.9,Actif,2026-06-29T00:14:35.651841,moyenne
BJ-FA9FF9C7,Maison International Abomey-Calavi,BTP & Immobilier,Abomey-Calavi,+229 90 29 35 83,maison.international.abomeycalavi@maison.international.abomeycalavi.bj,,TPE (<10),B2C,Google Maps,3.4,Actif,2026-06-29T00:14:35.651875,moyenne
BJ-4A89F0CF,Béton Bénin,BTP & Immobilier,Abomey-Calavi,+229 98 16 78 37,béton.bénin@béton.bénin.bj,bétonbénin.bj,TPE (<10),B2B,Google Maps,4.9,Actif,2026-06-29T00:14:35.651938,haute
BJ-3219B96A,SA Béton Solutions,BTP & Immobilier,Abomey-Calavi,+229 98 89 71 89,,sabétonsolutions.bj,Grande (>200),B2B,Google Maps,4.1,Actif,2026-06-29T00:14:35.651971,moyenne
BJ-8C781F6B,Toiture Ets,BTP & Immobilier,Porto-Novo,+229 65 13 45 18,,,TPE (<10),B2C,Google Maps,4.7,Actif,2026-06-29T00:14:35.652016,basse
BJ-08E6DBE8,Immobilier Bénin Porto-Novo,BTP & Immobilier,Porto-Novo,+229 49 90 62 39,immobilier.bénin.portonovo@immobilier.bénin.portonovo.benin,,TPE (<10),B2B,Google Maps,4.7,Actif,2026-06-29T00:14:35.652051,moyenne
BJ-8C879175,SA Béton SA,BTP & Immobilier,Porto-Novo,+229 54 36 76 82,sa.béton.sa@sa.béton.sa.com,,TPE (<10),B2C,Google Maps,3.8,Actif,2026-06-29T00:14:35.652083,moyenne
BJ-447939A3,Architecte Bénin,BTP & Immobilier,Porto-Novo,+229 85 35 52 95,,architectebénin.bj,TPE (<10),B2B,Google Maps,4.2,Actif,2026-06-29T00:14:35.652116,moyenne
BJ-B6B295FC,Groupe Maison Porto-Novo,BTP & Immobilier,Porto-Novo,+229 42 58 99 91,groupe.maison.portonovo@groupe.maison.portonovo.net,groupemaisonportonovo.bj,PME (10-50),B2C,Google Maps,3.0,Actif,2026-06-29T00:14:35.652151,haute
BJ-7B2B4E98,BTP Habitat Ets,BTP & Immobilier,Parakou,+229 34 81 95 29,,btphabitatets.bj,PME (50-200),B2B,Google Maps,3.3,Actif,2026-06-29T00:14:35.652194,moyenne
BJ-75FC6A33,Habitat,BTP & Immobilier,Parakou,+229 77 54 89 28,habitat@habitat.bj,habitat.bj,TPE (<10),B2C,Google Maps,4.5,Actif,2026-06-29T00:14:35.652227,haute
BJ-49C62D40,BTP Ingénierie International Parakou,BTP & Immobilier,Parakou,+229 70 13 25 90,btp.ingénierie.international.parakou@btp.ingénierie.international.parakou.benin,,PME (10-50),B2C,Google Maps,4.1,Actif,2026-06-29T00:14:35.652261,moyenne
BJ-0E68EBD6,Maison,BTP & Immobilier,Parakou,+229 56 58 91 15,,maison.bj,PME (10-50),B2B,Google Maps,3.6,Actif,2026-06-29T00:14:35.652291,moyenne
BJ-323BB9EB,Fondation Africa,BTP & Immobilier,Parakou,+229 96 85 81 27,,,Grande (>200),B2B,Google Maps,3.8,Actif,2026-06-29T00:14:35.652321,basse
BJ-00C5AE61,Construction Groupe,BTP & Immobilier,Bohicon,+229 84 99 94 37,,,PME (10-50),B2C,Google Maps,4.5,Actif,2026-06-29T00:14:35.652363,basse
BJ-69538989,Bâtiment,BTP & Immobilier,Bohicon,+229 49 44 59 86,bâtiment@bâtiment.net,bâtiment.bj,TPE (<10),B2C,Google Maps,3.7,Actif,2026-06-29T00:14:35.652399,haute
BJ-13122EE9,Maison,BTP & Immobilier,Bohicon,+229 62 94 35 46,maison@maison.com,maison.bj,TPE (<10),B2C,Google Maps,3.2,Actif,2026-06-29T00:14:35.652432,haute
BJ-1B52BF17,Travaux Groupe,BTP & Immobilier,Bohicon,+229 40 11 50 64,travaux.groupe@travaux.groupe.benin,,PME (10-50),B2C,Google Maps,4.6,Actif,2026-06-29T00:14:35.652465,moyenne
BJ-80A11380,BTP Travaux International,BTP & Immobilier,Bohicon,+229 77 60 32 54,btp.travaux.international@btp.travaux.international.org,btptravauxinternational.bj,Grande (>200),B2C,Google Maps,3.0,Actif,2026-06-29T00:14:35.652498,haute
BJ-E51653CD,Maison Groupe,BTP & Immobilier,Natitingou,+229 39 98 45 26,maison.groupe@maison.groupe.bj,,TPE (<10),B2B,Google Maps,3.5,Actif,2026-06-29T00:14:35.652542,moyenne
BJ-CF9C2C84,Urbanisme Natitingou,BTP & Immobilier,Natitingou,+229 79 53 19 38,urbanisme.natitingou@urbanisme.natitingou.com,,TPE (<10),B2B,Google Maps,4.5,Actif,2026-06-29T00:14:35.652575,moyenne
BJ-6CD94A1F,Ets Habitat SA,BTP & Immobilier,Natitingou,+229 59 53 11 50,ets.habitat.sa@ets.habitat.sa.bj,etshabitatsa.bj,TPE (<10),B2C,Google Maps,3.2,Actif,2026-06-29T00:14:35.652608,haute
BJ-5937DE77,Construction Africa,BTP & Immobilier,Natitingou,+229 60 10 93 91,,constructionafrica.bj,TPE (<10),B2B,Google Maps,4.2,Actif,2026-06-29T00:14:35.652639,moyenne
BJ-DC854E4B,Cabinet Bâtiment,BTP & Immobilier,Natitingou,+229 75 18 67 18,cabinet.bâtiment@cabinet.bâtiment.bj,cabinetbâtiment.bj,TPE (<10),B2B,Google Maps,3.3,Actif,2026-06-29T00:14:35.652673,haute
BJ-FC061F56,Urbanisme Services,BTP & Immobilier,Lokossa,+229 33 97 22 62,,,TPE (<10),B2B,Google Maps,4.1,Actif,2026-06-29T00:14:35.652713,basse
BJ-968A4F58,Toiture,BTP & Immobilier,Lokossa,+229 27 99 16 80,,,PME (50-200),B2B,Google Maps,4.5,Actif,2026-06-29T00:14:35.652743,basse
BJ-A8FBDD56,SA Urbanisme,BTP & Immobilier,Lokossa,+229 20 31 80 34,,,TPE (<10),B2B,Google Maps,4.3,Actif,2026-06-29T00:14:35.652770,basse
BJ-BED26E6D,SA Urbanisme International,BTP & Immobilier,Lokossa,+229 90 23 84 51,sa.urbanisme.international@sa.urbanisme.international.com,,PME (50-200),B2B,Google Maps,4.9,Actif,2026-06-29T00:14:35.652802,moyenne
BJ-24595FCE,Béton International,BTP & Immobilier,Lokossa,+229 97 21 59 26,béton.international@béton.international.org,bétoninternational.bj,PME (10-50),B2B,Google Maps,3.9,Actif,2026-06-29T00:14:35.652837,haute
BJ-6EF1D9E6,SA Travaux Ets,BTP & Immobilier,Ouidah,+229 81 21 22 42,sa.travaux.ets@sa.travaux.ets.com,satravauxets.bj,TPE (<10),B2B,Google Maps,3.3,Actif,2026-06-29T00:14:35.652881,haute
BJ-68749561,BTP Fondation SARL Ouidah,BTP & Immobilier,Ouidah,+229 79 10 60 83,btp.fondation.sarl.ouidah@btp.fondation.sarl.ouidah.bj,,PME (10-50),B2B,Google Maps,3.4,Actif,2026-06-29T00:14:35.652927,moyenne
BJ-BD0C873C,SO Construction Bénin,BTP & Immobilier,Ouidah,+229 68 98 60 58,so.construction.bénin@so.construction.bénin.net,soconstructionbénin.bj,TPE (<10),B2C,Google Maps,3.1,Actif,2026-06-29T00:14:35.652963,haute
BJ-9950446A,SA Travaux,BTP & Immobilier,Ouidah,+229 56 90 29 72,sa.travaux@sa.travaux.benin,,PME (50-200),B2C,Google Maps,3.4,Actif,2026-06-29T00:14:35.652995,moyenne
BJ-56E3FCA0,Cabinet Urbanisme Cabinet,BTP & Immobilier,Ouidah,+229 99 77 39 40,cabinet.urbanisme.cabinet@cabinet.urbanisme.cabinet.benin,,TPE (<10),B2B,Google Maps,4.8,Actif,2026-06-29T00:14:35.653028,moyenne
BJ-07BC648B,SO Urbanisme,BTP & Immobilier,Savalou,+229 38 54 59 70,so.urbanisme@so.urbanisme.org,sourbanisme.bj,Grande (>200),B2C,Google Maps,4.7,Actif,2026-06-29T00:14:35.653074,haute
BJ-142D0355,Structure SA,BTP & Immobilier,Savalou,+229 42 85 87 66,structure.sa@structure.sa.com,,PME (50-200),B2C,Google Maps,3.7,Actif,2026-06-29T00:14:35.653106,moyenne
BJ-882FE510,Cabinet Bâtiment Solutions,BTP & Immobilier,Savalou,+229 31 41 10 23,cabinet.bâtiment.solutions@cabinet.bâtiment.solutions.bj,cabinetbâtimentsolutions.bj,TPE (<10),B2C,Google Maps,3.9,Actif,2026-06-29T00:14:35.653142,haute
BJ-7F9B2954,Urbanisme Savalou,BTP & Immobilier,Savalou,+229 54 11 39 70,,urbanismesavalou.bj,PME (10-50),B2B,Google Maps,3.7,Actif,2026-06-29T00:14:35.653174,moyenne
BJ-70D837AF,Groupe Travaux Africa,BTP & Immobilier,Savalou,+229 66 89 40 24,,,PME (10-50),B2B,Google Maps,4.9,Actif,2026-06-29T00:14:35.653203,basse
BJ-7485659C,Groupe Bâtiment,BTP & Immobilier,Dassa-Zoumè,+229 43 89 10 44,,groupebâtiment.bj,TPE (<10),B2B,Google Maps,4.2,Actif,2026-06-29T00:14:35.653247,moyenne
BJ-7BF3E739,SO Béton Groupe,BTP & Immobilier,Dassa-Zoumè,+229 29 60 72 93,so.béton.groupe@so.béton.groupe.org,sobétongroupe.bj,TPE (<10),B2B,Google Maps,4.8,Actif,2026-06-29T00:14:35.653282,haute
BJ-C4605C17,Ets Toiture Dassa-Zoumè,BTP & Immobilier,Dassa-Zoumè,+229 73 49 79 60,,etstoituredassazoumè.bj,PME (10-50),B2C,Google Maps,3.9,Actif,2026-06-29T00:14:35.653316,moyenne
BJ-4E40547F,SCI Toiture,BTP & Immobilier,Dassa-Zoumè,+229 73 73 41 71,,scitoiture.bj,PME (50-200),B2B,Google Maps,4.5,Actif,2026-06-29T00:14:35.653347,moyenne
BJ-FD307C83,SO Fondation,BTP & Immobilier,Dassa-Zoumè,+229 84 11 38 22,so.fondation@so.fondation.net,sofondation.bj,TPE (<10),B2C,Google Maps,4.7,Actif,2026-06-29T00:14:35.653380,haute
BJ-EA1B4F37,Plomberie Africa,BTP & Immobilier,Kétou,+229 50 81 80 66,plomberie.africa@plomberie.africa.org,plomberieafrica.bj,TPE (<10),B2C,Google Maps,4.6,Actif,2026-06-29T00:14:35.653424,haute
BJ-F729864B,Cabinet Maison,BTP & Immobilier,Kétou,+229 79 85 66 56,cabinet.maison@cabinet.maison.bj,cabinetmaison.bj,TPE (<10),B2C,Google Maps,4.6,Actif,2026-06-29T00:14:35.653457,haute
BJ-D41B1858,Groupe Urbanisme Kétou,BTP & Immobilier,Kétou,+229 40 67 76 17,,,PME (10-50),B2B,Google Maps,3.3,Actif,2026-06-29T00:14:35.653487,basse
BJ-72132E71,Plomberie Groupe,BTP & Immobilier,Kétou,+229 29 56 99 37,,,TPE (<10),B2B,Google Maps,4.4,Actif,2026-06-29T00:14:35.653517,basse
BJ-8EBC9104,Groupe Électricité Africa,BTP & Immobilier,Kétou,+229 30 76 13 14,,,PME (10-50),B2C,Google Maps,3.0,Actif,2026-06-29T00:14:35.653547,basse
BJ-3A41E537,Ets Maison International,BTP & Immobilier,Covè,+229 90 57 16 99,,,PME (50-200),B2B,Google Maps,4.9,Actif,2026-06-29T00:14:35.653587,basse
BJ-401EB665,Ets Toiture Solutions,BTP & Immobilier,Covè,+229 28 14 12 75,,etstoituresolutions.bj,PME (10-50),B2C,Google Maps,3.7,Actif,2026-06-29T00:14:35.653618,moyenne
BJ-ACAB3B16,Construction International,BTP & Immobilier,Covè,+229 63 30 62 78,construction.international@construction.international.org,constructioninternational.bj,TPE (<10),B2C,Google Maps,4.9,Actif,2026-06-29T00:14:35.653653,haute
BJ-8E3D247E,Architecte International,BTP & Immobilier,Covè,+229 97 77 74 34,architecte.international@architecte.international.net,architecteinternational.bj,PME (50-200),B2C,Google Maps,4.2,Actif,2026-06-29T00:14:35.653685,haute
BJ-6C9483B2,Ingénierie Cabinet Covè,BTP & Immobilier,Covè,+229 87 58 60 63,ingénierie.cabinet.covè@ingénierie.cabinet.covè.bj,,PME (10-50),B2C,Google Maps,4.1,Actif,2026-06-29T00:14:35.653719,moyenne
BJ-E5A12189,Construction,BTP & Immobilier,Pobè,+229 89 50 65 32,,construction.bj,PME (10-50),B2C,Google Maps,3.3,Actif,2026-06-29T00:14:35.653762,moyenne
BJ-C23B4FF2,Plomberie,BTP & Immobilier,Pobè,+229 94 44 81 96,plomberie@plomberie.org,plomberie.bj,TPE (<10),B2B,Google Maps,4.1,Actif,2026-06-29T00:14:35.653795,haute
BJ-A837202A,Structure Services Pobè,BTP & Immobilier,Pobè,+229 97 35 21 39,,,TPE (<10),B2C,Google Maps,5.0,Actif,2026-06-29T00:14:35.653825,basse
BJ-7B9CC1EA,SCI Fondation International,BTP & Immobilier,Pobè,+229 53 25 11 37,sci.fondation.international@sci.fondation.international.net,,TPE (<10),B2C,Google Maps,4.6,Actif,2026-06-29T00:14:35.653856,moyenne
BJ-220EADEB,SARL Fondation Ets,BTP & Immobilier,Pobè,+229 36 55 94 86,sarl.fondation.ets@sarl.fondation.ets.org,,PME (10-50),B2B,Google Maps,4.5,Actif,2026-06-29T00:14:35.653899,moyenne
BJ-1927FDFD,SA Urbanisme SA,BTP & Immobilier,Sakété,+229 51 10 37 32,sa.urbanisme.sa@sa.urbanisme.sa.bj,,PME (10-50),B2B,Google Maps,3.3,Actif,2026-06-29T00:14:35.653959,moyenne
BJ-C7418B38,Ets Fondation SA,BTP & Immobilier,Sakété,+229 39 66 67 54,ets.fondation.sa@ets.fondation.sa.net,etsfondationsa.bj,TPE (<10),B2B,Google Maps,3.1,Actif,2026-06-29T00:14:35.653993,haute
BJ-C9392909,Urbanisme,BTP & Immobilier,Sakété,+229 31 57 27 15,,urbanisme.bj,PME (50-200),B2B,Google Maps,4.2,Actif,2026-06-29T00:14:35.654023,moyenne
BJ-CD36F772,Ets Travaux Sakété,BTP & Immobilier,Sakété,+229 91 82 42 32,,etstravauxsakété.bj,Grande (>200),B2C,Google Maps,4.8,Actif,2026-06-29T00:14:35.654056,moyenne
BJ-77115DF3,BTP Ingénierie Ets,BTP & Immobilier,Sakété,+229 28 79 50 96,btp.ingénierie.ets@btp.ingénierie.ets.org,btpingénierieets.bj,TPE (<10),B2C,Google Maps,3.4,Actif,2026-06-29T00:14:35.654128,haute
BJ-A2D13E95,Ets Électricité Groupe,BTP & Immobilier,Adjara,+229 25 17 61 40,,,PME (50-200),B2C,Google Maps,3.3,Actif,2026-06-29T00:14:35.654188,basse
BJ-47D4C900,SCI Travaux Ets,BTP & Immobilier,Adjara,+229 82 52 35 27,sci.travaux.ets@sci.travaux.ets.net,,PME (10-50),B2C,Google Maps,3.4,Actif,2026-06-29T00:14:35.654220,moyenne
BJ-2DF9CA14,Électricité,BTP & Immobilier,Adjara,+229 72 43 51 89,électricité@électricité.com,électricité.bj,PME (10-50),B2C,Google Maps,4.5,Actif,2026-06-29T00:14:35.654261,haute
BJ-AD03E489,Plomberie,BTP & Immobilier,Adjara,+229 90 33 52 88,,,PME (10-50),B2B,Google Maps,4.9,Actif,2026-06-29T00:14:35.654294,basse
BJ-E2931DF1,Ets Électricité Cabinet Adjara,BTP & Immobilier,Adjara,+229 79 72 85 34,ets.électricité.cabinet.adjara@ets.électricité.cabinet.adjara.bj,etsélectricitécabinetadjara.bj,PME (10-50),B2C,Google Maps,4.4,Actif,2026-06-29T00:14:35.654338,haute
BJ-87143A95,Architecte,BTP & Immobilier,Allada,+229 90 89 49 79,,,PME (10-50),B2B,Google Maps,4.3,Actif,2026-06-29T00:14:35.654379,basse
BJ-DDCE8C3B,Toiture Allada,BTP & Immobilier,Allada,+229 95 55 42 63,,,PME (10-50),B2C,Google Maps,4.9,Actif,2026-06-29T00:14:35.654410,basse
BJ-3BACD03B,Habitat Ets,BTP & Immobilier,Allada,+229 44 49 79 20,,,PME (50-200),B2B,Google Maps,3.7,Actif,2026-06-29T00:14:35.654438,basse
BJ-8CAAEC74,Bâtiment,BTP & Immobilier,Allada,+229 26 56 85 69,bâtiment@bâtiment.net,bâtiment.bj,TPE (<10),B2C,Google Maps,4.3,Actif,2026-06-29T00:14:35.654470,haute
BJ-14609312,Cabinet Travaux,BTP & Immobilier,Allada,+229 59 26 23 84,cabinet.travaux@cabinet.travaux.bj,cabinettravaux.bj,PME (50-200),B2C,Google Maps,3.2,Actif,2026-06-29T00:14:35.654503,haute
BJ-016FF5CB,Structure Africa,BTP & Immobilier,Aplahoué,+229 47 84 54 87,,,TPE (<10),B2C,Google Maps,3.7,Actif,2026-06-29T00:14:35.654544,basse
BJ-5231EFEF,Groupe Maison,BTP & Immobilier,Aplahoué,+229 79 47 52 12,,groupemaison.bj,PME (10-50),B2B,Google Maps,4.0,Actif,2026-06-29T00:14:35.654575,moyenne
BJ-5E3DBBEB,Construction Aplahoué,BTP & Immobilier,Aplahoué,+229 25 44 68 33,construction.aplahoué@construction.aplahoué.org,constructionaplahoué.bj,TPE (<10),B2B,Google Maps,3.3,Actif,2026-06-29T00:14:35.654610,haute
BJ-1C8027DE,Urbanisme,BTP & Immobilier,Aplahoué,+229 70 17 43 43,,,PME (10-50),B2C,Google Maps,4.8,Actif,2026-06-29T00:14:35.654640,basse
BJ-03A5F61A,Urbanisme Aplahoué,BTP & Immobilier,Aplahoué,+229 95 87 82 83,urbanisme.aplahoué@urbanisme.aplahoué.com,,TPE (<10),B2B,Google Maps,4.5,Actif,2026-06-29T00:14:35.654673,moyenne
BJ-8F10E490,Groupe Immobilier,BTP & Immobilier,Dogbo-Tota,+229 74 50 19 69,,,PME (10-50),B2C,Google Maps,4.4,Actif,2026-06-29T00:14:35.654713,basse
BJ-B154C851,SARL Habitat SARL Dogbo-Tota,BTP & Immobilier,Dogbo-Tota,+229 47 39 37 99,sarl.habitat.sarl.dogbotota@sarl.habitat.sarl.dogbotota.org,,TPE (<10),B2C,Google Maps,3.6,Actif,2026-06-29T00:14:35.654744,moyenne
BJ-DF43DE3F,SO Bâtiment Africa,BTP & Immobilier,Dogbo-Tota,+229 22 55 37 53,,,TPE (<10),B2B,Google Maps,4.4,Actif,2026-06-29T00:14:35.654773,basse
BJ-67DEB43D,Groupe Plomberie Dogbo-Tota,BTP & Immobilier,Dogbo-Tota,+229 24 74 78 18,groupe.plomberie.dogbotota@groupe.plomberie.dogbotota.net,groupeplomberiedogbotota.bj,PME (50-200),B2B,Google Maps,4.6,Actif,2026-06-29T00:14:35.654806,haute
BJ-2A2B74E8,Cabinet Construction,BTP & Immobilier,Dogbo-Tota,+229 82 60 94 62,,,PME (10-50),B2B,Google Maps,4.2,Actif,2026-06-29T00:14:35.654833,basse
BJ-B0A2DED1,SARL Ingénierie,BTP & Immobilier,Kpomassè,+229 72 97 28 49,sarl.ingénierie@sarl.ingénierie.org,,PME (10-50),B2C,Google Maps,3.8,Actif,2026-06-29T00:14:35.654875,moyenne
BJ-F0F220C3,Cabinet Maison,BTP & Immobilier,Kpomassè,+229 83 65 83 25,,cabinetmaison.bj,PME (10-50),B2B,Google Maps,4.0,Actif,2026-06-29T00:14:35.654916,moyenne
BJ-F8B7FDE1,Plomberie,BTP & Immobilier,Kpomassè,+229 97 23 98 36,plomberie@plomberie.bj,plomberie.bj,PME (10-50),B2B,Google Maps,4.0,Actif,2026-06-29T00:14:35.654949,haute
BJ-52FD7329,SCI Toiture,BTP & Immobilier,Kpomassè,+229 60 61 40 50,sci.toiture@sci.toiture.com,scitoiture.bj,TPE (<10),B2B,Google Maps,3.2,Actif,2026-06-29T00:14:35.654981,haute
BJ-6489C18F,Construction,BTP & Immobilier,Kpomassè,+229 93 50 54 36,,construction.bj,TPE (<10),B2B,Google Maps,4.7,Actif,2026-06-29T00:14:35.655010,moyenne
BJ-49856B5D,Ingénierie Services Tori-Bossito,BTP & Immobilier,Tori-Bossito,+229 36 50 49 10,,ingénierieservicestoribossito.bj,PME (50-200),B2C,Google Maps,4.2,Actif,2026-06-29T00:14:35.655052,moyenne
BJ-23DF162A,Électricité SARL Tori-Bossito,BTP & Immobilier,Tori-Bossito,+229 53 53 43 50,électricité.sarl.toribossito@électricité.sarl.toribossito.bj,électricitésarltoribossito.bj,TPE (<10),B2C,Google Maps,4.3,Actif,2026-06-29T00:14:35.655087,haute
BJ-67DE5543,Cabinet Construction,BTP & Immobilier,Tori-Bossito,+229 39 90 40 58,cabinet.construction@cabinet.construction.net,,TPE (<10),B2C,Google Maps,4.4,Actif,2026-06-29T00:14:35.655116,moyenne
BJ-2ADCC9F7,Ingénierie Cabinet,BTP & Immobilier,Tori-Bossito,+229 89 70 13 88,,,TPE (<10),B2B,Google Maps,3.0,Actif,2026-06-29T00:14:35.655147,basse
BJ-B6DA497B,Ets Travaux Bénin Tori-Bossito,BTP & Immobilier,Tori-Bossito,+229 66 63 28 76,,etstravauxbénintoribossito.bj,Grande (>200),B2B,Google Maps,4.2,Actif,2026-06-29T00:14:35.655180,moyenne
BJ-B9F2D4BA,SO Structure,BTP & Immobilier,Grand-Popo,+229 78 31 85 40,,sostructure.bj,PME (10-50),B2B,Google Maps,3.6,Actif,2026-06-29T00:14:35.655222,moyenne
BJ-D52AB983,Architecte Services,BTP & Immobilier,Grand-Popo,+229 30 44 19 22,architecte.services@architecte.services.bj,architecteservices.bj,TPE (<10),B2B,Google Maps,3.9,Actif,2026-06-29T00:14:35.655255,haute
BJ-28A8F032,Électricité Africa,BTP & Immobilier,Grand-Popo,+229 24 46 23 54,,,TPE (<10),B2B,Google Maps,4.8,Actif,2026-06-29T00:14:35.655284,basse
BJ-04CC7160,SA Béton,BTP & Immobilier,Grand-Popo,+229 21 81 55 72,sa.béton@sa.béton.bj,sabéton.bj,PME (10-50),B2C,Google Maps,4.4,Actif,2026-06-29T00:14:35.655320,haute
BJ-C620ECE1,BTP Architecte,BTP & Immobilier,Grand-Popo,+229 58 29 37 70,,btparchitecte.bj,PME (50-200),B2B,Google Maps,3.4,Actif,2026-06-29T00:14:35.655350,moyenne
BJ-30ACE9E6,SA Travaux Ets,BTP & Immobilier,Athiémé,+229 30 55 80 33,sa.travaux.ets@sa.travaux.ets.com,satravauxets.bj,TPE (<10),B2C,Google Maps,4.5,Actif,2026-06-29T00:14:35.655397,haute
BJ-933C958D,Ingénierie International,BTP & Immobilier,Athiémé,+229 23 20 78 98,ingénierie.international@ingénierie.international.bj,ingénierieinternational.bj,TPE (<10),B2C,Google Maps,4.2,Actif,2026-06-29T00:14:35.655433,haute
BJ-756D94F1,Cabinet Béton Solutions,BTP & Immobilier,Athiémé,+229 68 81 72 15,cabinet.béton.solutions@cabinet.béton.solutions.org,,PME (50-200),B2C,Google Maps,4.5,Actif,2026-06-29T00:14:35.655466,moyenne
BJ-83E728A7,Bâtiment SA,BTP & Immobilier,Athiémé,+229 95 20 51 93,bâtiment.sa@bâtiment.sa.org,bâtimentsa.bj,TPE (<10),B2B,Google Maps,4.5,Actif,2026-06-29T00:14:35.655501,haute
BJ-ECA082E2,BTP Plomberie SARL,BTP & Immobilier,Athiémé,+229 45 33 71 66,btp.plomberie.sarl@btp.plomberie.sarl.net,,TPE (<10),B2C,Google Maps,4.1,Actif,2026-06-29T00:14:35.655534,moyenne
BJ-0E4EC62B,Fondation Services Bopa,BTP & Immobilier,Bopa,+229 61 52 65 93,fondation.services.bopa@fondation.services.bopa.org,,PME (10-50),B2C,Google Maps,3.6,Actif,2026-06-29T00:14:35.655577,moyenne
BJ-C06B5C22,BTP Bâtiment SARL Bopa,BTP & Immobilier,Bopa,+229 63 29 40 22,btp.bâtiment.sarl.bopa@btp.bâtiment.sarl.bopa.benin,btpbâtimentsarlbopa.bj,PME (50-200),B2B,Google Maps,4.2,Actif,2026-06-29T00:14:35.655613,haute
BJ-F1CD95C3,SA Immobilier Bopa,BTP & Immobilier,Bopa,+229 97 50 63 67,sa.immobilier.bopa@sa.immobilier.bopa.com,,TPE (<10),B2B,Google Maps,4.0,Actif,2026-06-29T00:14:35.655646,moyenne
BJ-8E134D09,Plomberie,BTP & Immobilier,Bopa,+229 71 15 11 33,plomberie@plomberie.benin,plomberie.bj,PME (10-50),B2B,Google Maps,3.0,Actif,2026-06-29T00:14:35.655678,haute
BJ-D8758B8C,Béton Bénin,BTP & Immobilier,Bopa,+229 74 58 53 24,béton.bénin@béton.bénin.benin,,PME (10-50),B2B,Google Maps,4.0,Actif,2026-06-29T00:14:35.655711,moyenne
BJ-73F7CE4C,Groupe Immobilier SA,BTP & Immobilier,Houéyogbé,+229 96 62 93 71,,groupeimmobiliersa.bj,PME (50-200),B2C,Google Maps,4.5,Actif,2026-06-29T00:14:35.655756,moyenne
BJ-4368AFA6,BTP Structure Services,BTP & Immobilier,Houéyogbé,+229 23 12 31 36,btp.structure.services@btp.structure.services.net,,TPE (<10),B2C,Google Maps,3.2,Actif,2026-06-29T00:14:35.655790,moyenne
BJ-72D452D3,SARL Toiture,BTP & Immobilier,Houéyogbé,+229 54 19 47 20,sarl.toiture@sarl.toiture.bj,,TPE (<10),B2B,Google Maps,4.6,Actif,2026-06-29T00:14:35.655827,moyenne
BJ-462F99FF,SARL Habitat SA,BTP & Immobilier,Houéyogbé,+229 36 94 31 30,sarl.habitat.sa@sarl.habitat.sa.net,sarlhabitatsa.bj,PME (10-50),B2C,Google Maps,4.5,Actif,2026-06-29T00:14:35.655863,haute
BJ-EB05B389,Fondation International,BTP & Immobilier,Houéyogbé,+229 79 98 73 16,,fondationinternational.bj,PME (50-200),B2C,Google Maps,3.4,Actif,2026-06-29T00:14:35.655902,moyenne
BJ-EA649908,BTP Architecte Africa Malanville,BTP & Immobilier,Malanville,+229 60 44 43 20,,btparchitecteafricamalanville.bj,PME (50-200),B2C,Google Maps,3.1,Actif,2026-06-29T00:14:35.655949,moyenne
BJ-57E2EF9A,Architecte Cabinet,BTP & Immobilier,Malanville,+229 81 75 25 65,architecte.cabinet@architecte.cabinet.net,architectecabinet.bj,TPE (<10),B2B,Google Maps,3.0,Actif,2026-06-29T00:14:35.655982,haute
BJ-C51277CE,SO Béton Africa,BTP & Immobilier,Malanville,+229 77 70 88 63,,,PME (50-200),B2B,Google Maps,4.8,Actif,2026-06-29T00:14:35.656009,basse
BJ-4B31A7B6,Construction Cabinet,BTP & Immobilier,Malanville,+229 38 39 49 19,construction.cabinet@construction.cabinet.net,constructioncabinet.bj,TPE (<10),B2B,Google Maps,4.6,Actif,2026-06-29T00:14:35.656042,haute
BJ-2912ADD6,Ingénierie Groupe,BTP & Immobilier,Malanville,+229 72 26 31 41,ingénierie.groupe@ingénierie.groupe.net,,Grande (>200),B2C,Google Maps,4.9,Actif,2026-06-29T00:14:35.656074,moyenne
BJ-C5625F43,SCI Fondation,BTP & Immobilier,Kandi,+229 38 83 40 58,sci.fondation@sci.fondation.org,,Grande (>200),B2C,Google Maps,3.0,Actif,2026-06-29T00:14:35.656117,moyenne
BJ-61C25C94,Habitat Kandi,BTP & Immobilier,Kandi,+229 42 14 97 12,habitat.kandi@habitat.kandi.bj,habitatkandi.bj,PME (50-200),B2B,Google Maps,3.5,Actif,2026-06-29T00:14:35.656150,haute
BJ-46816461,SA Électricité,BTP & Immobilier,Kandi,+229 26 48 57 67,,,TPE (<10),B2C,Google Maps,3.1,Actif,2026-06-29T00:14:35.656183,basse
BJ-5D3665AB,Architecte,BTP & Immobilier,Kandi,+229 60 60 29 94,,,TPE (<10),B2B,Google Maps,3.2,Actif,2026-06-29T00:14:35.656217,basse
BJ-089A9DA5,Plomberie Solutions,BTP & Immobilier,Kandi,+229 51 29 44 87,,plomberiesolutions.bj,PME (50-200),B2C,Google Maps,4.8,Actif,2026-06-29T00:14:35.656247,moyenne
BJ-0602CF77,Toiture Banikoara,BTP & Immobilier,Banikoara,+229 68 82 69 63,,toiturebanikoara.bj,PME (50-200),B2B,Google Maps,4.2,Actif,2026-06-29T00:14:35.656287,moyenne
BJ-80983222,Travaux,BTP & Immobilier,Banikoara,+229 98 56 47 33,,travaux.bj,TPE (<10),B2B,Google Maps,4.0,Actif,2026-06-29T00:14:35.656316,moyenne
BJ-024AD6A2,Cabinet Maison International,BTP & Immobilier,Banikoara,+229 96 48 74 46,,,PME (50-200),B2C,Google Maps,4.4,Actif,2026-06-29T00:14:35.656344,basse
BJ-C67DFDEA,Architecte International,BTP & Immobilier,Banikoara,+229 87 99 14 93,architecte.international@architecte.international.net,architecteinternational.bj,TPE (<10),B2C,Google Maps,3.0,Actif,2026-06-29T00:14:35.656376,haute
BJ-331697DB,Ets Habitat SARL,BTP & Immobilier,Banikoara,+229 93 46 29 96,ets.habitat.sarl@ets.habitat.sarl.org,,PME (10-50),B2C,Google Maps,3.8,Actif,2026-06-29T00:14:35.656405,moyenne
BJ-1148AA95,SCI Toiture SA,BTP & Immobilier,Ségbana,+229 75 47 84 51,,,PME (10-50),B2B,Google Maps,3.5,Actif,2026-06-29T00:14:35.656442,basse
BJ-F3C33F43,Urbanisme Ets,BTP & Immobilier,Ségbana,+229 28 61 32 76,urbanisme.ets@urbanisme.ets.org,,Grande (>200),B2B,Google Maps,3.8,Actif,2026-06-29T00:14:35.656472,moyenne
BJ-73FF4D2C,SARL Architecte Cabinet Ségbana,BTP & Immobilier,Ségbana,+229 45 21 33 57,sarl.architecte.cabinet.ségbana@sarl.architecte.cabinet.ségbana.org,sarlarchitectecabinetségbana.bj,PME (50-200),B2B,Google Maps,4.1,Actif,2026-06-29T00:14:35.656505,haute
BJ-5E75BECD,Groupe Travaux Ségbana,BTP & Immobilier,Ségbana,+229 27 69 70 49,groupe.travaux.ségbana@groupe.travaux.ségbana.net,,PME (10-50),B2C,Google Maps,3.1,Actif,2026-06-29T00:14:35.656600,moyenne
BJ-86414A2E,SO Urbanisme International,BTP & Immobilier,Ségbana,+229 72 61 56 97,so.urbanisme.international@so.urbanisme.international.bj,sourbanismeinternational.bj,TPE (<10),B2B,Google Maps,3.3,Actif,2026-06-29T00:14:35.656641,haute
BJ-0EE80FE2,Ets Urbanisme,BTP & Immobilier,Karimama,+229 85 28 33 75,ets.urbanisme@ets.urbanisme.benin,etsurbanisme.bj,PME (50-200),B2B,Google Maps,4.2,Actif,2026-06-29T00:14:35.656683,haute
BJ-D92EB429,Urbanisme SA,BTP & Immobilier,Karimama,+229 27 37 24 53,urbanisme.sa@urbanisme.sa.org,,Grande (>200),B2B,Google Maps,4.8,Actif,2026-06-29T00:14:35.656713,moyenne
BJ-1CF2A0B3,Architecte International,BTP & Immobilier,Karimama,+229 26 23 31 70,,architecteinternational.bj,PME (10-50),B2C,Google Maps,3.5,Actif,2026-06-29T00:14:35.656742,moyenne
BJ-5414EF1C,SARL Construction Africa,BTP & Immobilier,Karimama,+229 94 52 80 80,,,Grande (>200),B2C,Google Maps,3.7,Actif,2026-06-29T00:14:35.656769,basse
BJ-2F67BBD4,Habitat International,BTP & Immobilier,Karimama,+229 77 70 39 83,,habitatinternational.bj,PME (10-50),B2B,Google Maps,3.5,Actif,2026-06-29T00:14:35.656799,moyenne
BJ-C5C93BE4,Électricité,BTP & Immobilier,Gogounou,+229 47 10 27 79,électricité@électricité.com,,TPE (<10),B2B,Google Maps,3.4,Actif,2026-06-29T00:14:35.656841,moyenne
BJ-32AEC8BC,SCI Béton SARL,BTP & Immobilier,Gogounou,+229 22 96 97 48,sci.béton.sarl@sci.béton.sarl.bj,scibétonsarl.bj,TPE (<10),B2B,Google Maps,4.6,Actif,2026-06-29T00:14:35.656873,haute
BJ-24D8A245,Plomberie,BTP & Immobilier,Gogounou,+229 82 32 33 28,plomberie@plomberie.net,,TPE (<10),B2B,Google Maps,4.5,Actif,2026-06-29T00:14:35.656918,moyenne
BJ-4866B50F,SO Béton,BTP & Immobilier,Gogounou,+229 98 58 73 88,,,PME (10-50),B2C,Google Maps,4.6,Actif,2026-06-29T00:14:35.656949,basse
BJ-F179CA7C,SCI Urbanisme,BTP & Immobilier,Gogounou,+229 32 59 49 36,,,PME (10-50),B2B,Google Maps,3.1,Actif,2026-06-29T00:14:35.656977,basse
BJ-EEE3B198,Groupe Construction,BTP & Immobilier,Cobly,+229 91 89 88 82,groupe.construction@groupe.construction.net,,Grande (>200),B2C,Google Maps,4.8,Actif,2026-06-29T00:14:35.657018,moyenne
BJ-54429D74,Travaux,BTP & Immobilier,Cobly,+229 55 42 42 20,travaux@travaux.com,,TPE (<10),B2B,Google Maps,4.0,Actif,2026-06-29T00:14:35.657047,moyenne
BJ-40089023,Urbanisme,BTP & Immobilier,Cobly,+229 83 64 39 77,urbanisme@urbanisme.bj,,PME (10-50),B2C,Google Maps,3.9,Actif,2026-06-29T00:14:35.657076,moyenne
BJ-95981D7E,Bâtiment,BTP & Immobilier,Cobly,+229 92 33 22 31,bâtiment@bâtiment.bj,bâtiment.bj,TPE (<10),B2B,Google Maps,3.8,Actif,2026-06-29T00:14:35.657107,haute
BJ-2F2672BA,Béton,BTP & Immobilier,Cobly,+229 86 32 11 32,,,TPE (<10),B2B,Google Maps,3.3,Actif,2026-06-29T00:14:35.657135,basse
BJ-4788E12D,SARL Béton,BTP & Immobilier,Tanguiéta,+229 47 43 24 48,sarl.béton@sarl.béton.com,sarlbéton.bj,TPE (<10),B2B,Google Maps,3.7,Actif,2026-06-29T00:14:35.657175,haute
BJ-8D6A24A7,Maison,BTP & Immobilier,Tanguiéta,+229 22 58 86 76,maison@maison.benin,maison.bj,TPE (<10),B2C,Google Maps,3.9,Actif,2026-06-29T00:14:35.657205,haute
BJ-2B33B3AB,Architecte Tanguiéta,BTP & Immobilier,Tanguiéta,+229 69 59 71 36,architecte.tanguiéta@architecte.tanguiéta.bj,architectetanguiéta.bj,TPE (<10),B2C,Google Maps,4.8,Actif,2026-06-29T00:14:35.657237,haute
BJ-A43A1C25,Urbanisme,BTP & Immobilier,Tanguiéta,+229 57 52 75 17,urbanisme@urbanisme.net,,PME (50-200),B2C,Google Maps,3.9,Actif,2026-06-29T00:14:35.657268,moyenne
BJ-B7AE60AC,Construction SA,BTP & Immobilier,Tanguiéta,+229 99 41 80 52,,constructionsa.bj,TPE (<10),B2B,Google Maps,3.5,Actif,2026-06-29T00:14:35.657296,moyenne
BJ-C1789D8F,Ingénierie,BTP & Immobilier,Matéri,+229 86 50 22 43,ingénierie@ingénierie.com,,TPE (<10),B2B,Google Maps,3.4,Actif,2026-06-29T00:14:35.657335,moyenne
BJ-38049D9D,Électricité,BTP & Immobilier,Matéri,+229 39 74 17 31,électricité@électricité.benin,électricité.bj,TPE (<10),B2C,Google Maps,4.4,Actif,2026-06-29T00:14:35.657366,haute
BJ-9B05849D,Ets Ingénierie Matéri,BTP & Immobilier,Matéri,+229 57 22 58 21,,etsingénieriematéri.bj,TPE (<10),B2C,Google Maps,4.9,Actif,2026-06-29T00:14:35.657396,moyenne
BJ-E6F032EC,Béton,BTP & Immobilier,Matéri,+229 77 85 69 65,béton@béton.org,béton.bj,PME (10-50),B2B,Google Maps,4.7,Actif,2026-06-29T00:14:35.657447,haute
BJ-F2A7CE5C,Cabinet Électricité International,BTP & Immobilier,Matéri,+229 36 42 53 31,cabinet.électricité.international@cabinet.électricité.international.net,,TPE (<10),B2C,Google Maps,4.9,Actif,2026-06-29T00:14:35.657478,moyenne
BJ-5EAB5911,Toiture Solutions,BTP & Immobilier,Natitingou,+229 62 95 23 85,,,PME (10-50),B2B,Google Maps,3.2,Actif,2026-06-29T00:14:35.657575,basse
BJ-B6EF9495,Structure International,BTP & Immobilier,Natitingou,+229 85 58 72 52,,,PME (10-50),B2B,Google Maps,3.8,Actif,2026-06-29T00:14:35.657603,basse
BJ-BB263771,Fondation Services,BTP & Immobilier,Natitingou,+229 50 53 98 12,fondation.services@fondation.services.net,,PME (50-200),B2C,Google Maps,4.7,Actif,2026-06-29T00:14:35.657633,moyenne
BJ-C790593D,SA Toiture,BTP & Immobilier,Toucountouna,+229 61 52 88 48,sa.toiture@sa.toiture.org,,TPE (<10),B2B,Google Maps,4.8,Actif,2026-06-29T00:14:35.657671,moyenne
BJ-9447BA7C,BTP Habitat Services,BTP & Immobilier,Toucountouna,+229 40 50 73 81,btp.habitat.services@btp.habitat.services.org,btphabitatservices.bj,PME (10-50),B2C,Google Maps,3.0,Actif,2026-06-29T00:14:35.657703,haute
BJ-498E5EB4,Urbanisme,BTP & Immobilier,Toucountouna,+229 76 40 27 38,urbanisme@urbanisme.benin,,TPE (<10),B2B,Google Maps,4.0,Actif,2026-06-29T00:14:35.657734,moyenne
BJ-C0C52713,Groupe Plomberie,BTP & Immobilier,Toucountouna,+229 75 16 19 54,,,TPE (<10),B2C,Google Maps,4.2,Actif,2026-06-29T00:14:35.657761,basse
BJ-2C2B548B,SARL Ingénierie Cabinet,BTP & Immobilier,Toucountouna,+229 82 62 51 74,sarl.ingénierie.cabinet@sarl.ingénierie.cabinet.org,,TPE (<10),B2B,Google Maps,4.6,Actif,2026-06-29T00:14:35.657791,moyenne
BJ-0D20C51D,Ingénierie Ets,BTP & Immobilier,Boukoumbé,+229 38 42 68 95,,,PME (10-50),B2B,Google Maps,4.9,Actif,2026-06-29T00:14:35.657828,basse
BJ-8BEBD513,Électricité,BTP & Immobilier,Boukoumbé,+229 47 95 50 79,,électricité.bj,TPE (<10),B2B,Google Maps,4.6,Actif,2026-06-29T00:14:35.657858,moyenne
BJ-E2008F1A,Bâtiment,BTP & Immobilier,Boukoumbé,+229 90 37 89 52,,bâtiment.bj,PME (10-50),B2C,Google Maps,4.2,Actif,2026-06-29T00:14:35.657887,moyenne
BJ-6282C169,Groupe Habitat Africa,BTP & Immobilier,Boukoumbé,+229 75 65 88 80,,,Grande (>200),B2C,Google Maps,3.7,Actif,2026-06-29T00:14:35.657913,basse
BJ-FB408B0C,Béton,BTP & Immobilier,Boukoumbé,+229 31 72 71 68,,béton.bj,TPE (<10),B2B,Google Maps,4.9,Actif,2026-06-29T00:14:35.657929,moyenne
BJ-4F3928CF,Électricité Bénin Kouandé,BTP & Immobilier,Kouandé,+229 21 88 64 75,,,PME (50-200),B2B,Google Maps,4.5,Actif,2026-06-29T00:14:35.657949,basse
BJ-B77D1A91,BTP Travaux,BTP & Immobilier,Kouandé,+229 38 86 32 24,,btptravaux.bj,TPE (<10),B2B,Google Maps,3.1,Actif,2026-06-29T00:14:35.657964,moyenne
BJ-A3498CBB,Plomberie Kouandé,BTP & Immobilier,Kouandé,+229 49 90 11 59,plomberie.kouandé@plomberie.kouandé.com,plomberiekouandé.bj,TPE (<10),B2B,Google Maps,4.8,Actif,2026-06-29T00:14:35.657981,haute
BJ-4AC8CA3C,Immobilier,BTP & Immobilier,Kouandé,+229 46 41 52 98,immobilier@immobilier.bj,immobilier.bj,PME (10-50),B2B,Google Maps,3.9,Actif,2026-06-29T00:14:35.657995,haute
BJ-40DA2459,SARL Habitat Cabinet,BTP & Immobilier,Kouandé,+229 44 84 86 51,,,PME (10-50),B2C,Google Maps,3.2,Actif,2026-06-29T00:14:35.658008,basse
BJ-5C95E9F3,Travaux Africa,BTP & Immobilier,Péhunco,+229 83 87 27 83,travaux.africa@travaux.africa.org,travauxafrica.bj,TPE (<10),B2B,Google Maps,4.6,Actif,2026-06-29T00:14:35.658030,haute
BJ-FFAD8CF6,Structure Péhunco,BTP & Immobilier,Péhunco,+229 29 46 15 74,structure.péhunco@structure.péhunco.com,,TPE (<10),B2B,Google Maps,4.5,Actif,2026-06-29T00:14:35.658046,moyenne
BJ-E051D456,Plomberie International,BTP & Immobilier,Péhunco,+229 80 66 34 36,plomberie.international@plomberie.international.net,,PME (10-50),B2C,Google Maps,3.6,Actif,2026-06-29T00:14:35.658060,moyenne
BJ-5993C4B2,SARL Habitat Péhunco,BTP & Immobilier,Péhunco,+229 86 90 39 12,sarl.habitat.péhunco@sarl.habitat.péhunco.bj,,TPE (<10),B2B,Google Maps,3.6,Actif,2026-06-29T00:14:35.658075,moyenne
BJ-B5BE2AFD,Ets Immobilier,BTP & Immobilier,Péhunco,+229 39 66 25 14,ets.immobilier@ets.immobilier.com,,PME (10-50),B2C,Google Maps,3.6,Actif,2026-06-29T00:14:35.658089,moyenne
BJ-C8E45B9A,Structure,BTP & Immobilier,Tchaourou,+229 38 99 53 67,structure@structure.org,structure.bj,PME (10-50),B2C,Google Maps,3.3,Actif,2026-06-29T00:14:35.658110,haute
BJ-A1F43E03,Plomberie,BTP & Immobilier,Tchaourou,+229 76 52 11 15,plomberie@plomberie.bj,plomberie.bj,Grande (>200),B2B,Google Maps,4.0,Actif,2026-06-29T00:14:35.658125,haute
BJ-DC9D2D91,Plomberie SA,BTP & Immobilier,Tchaourou,+229 26 83 16 95,,,TPE (<10),B2B,Google Maps,3.5,Actif,2026-06-29T00:14:35.658138,basse
BJ-076A6EC5,Immobilier,BTP & Immobilier,Tchaourou,+229 96 36 27 50,immobilier@immobilier.benin,,Grande (>200),B2C,Google Maps,4.1,Actif,2026-06-29T00:14:35.658151,moyenne
BJ-1E16AE40,Immobilier Cabinet Tchaourou,BTP & Immobilier,Tchaourou,+229 78 25 33 25,,immobiliercabinettchaourou.bj,PME (10-50),B2C,Google Maps,4.2,Actif,2026-06-29T00:14:35.658165,moyenne
BJ-7F015F9B,Électricité Solutions,BTP & Immobilier,Nikki,+229 82 47 50 29,électricité.solutions@électricité.solutions.com,,TPE (<10),B2B,Google Maps,3.0,Actif,2026-06-29T00:14:35.658186,moyenne
BJ-3F503C9B,BTP Travaux,BTP & Immobilier,Nikki,+229 34 80 39 42,,btptravaux.bj,TPE (<10),B2C,Google Maps,3.9,Actif,2026-06-29T00:14:35.658200,moyenne
BJ-02C6FFB4,Structure,BTP & Immobilier,Nikki,+229 99 92 66 23,,structure.bj,PME (10-50),B2C,Google Maps,5.0,Actif,2026-06-29T00:14:35.658214,moyenne
BJ-2BC8A091,Béton SARL,BTP & Immobilier,Nikki,+229 44 58 58 90,béton.sarl@béton.sarl.com,bétonsarl.bj,TPE (<10),B2B,Google Maps,4.0,Actif,2026-06-29T00:14:35.658230,haute
BJ-BB1C8979,Ets Immobilier,BTP & Immobilier,Nikki,+229 50 76 38 68,ets.immobilier@ets.immobilier.bj,,Grande (>200),B2C,Google Maps,4.2,Actif,2026-06-29T00:14:35.658244,moyenne
BJ-7109D4FF,Urbanisme Africa,BTP & Immobilier,Bembéréké,+229 88 50 22 52,urbanisme.africa@urbanisme.africa.benin,,TPE (<10),B2C,Google Maps,3.6,Actif,2026-06-29T00:14:35.658264,moyenne
BJ-2D3F29BA,Plomberie Solutions Bembéréké,BTP & Immobilier,Bembéréké,+229 97 67 83 52,,plomberiesolutionsbembéréké.bj,PME (50-200),B2C,Google Maps,4.1,Actif,2026-06-29T00:14:35.658279,moyenne
BJ-D523BB12,Construction Services Bembéréké,BTP & Immobilier,Bembéréké,+229 96 11 92 87,,constructionservicesbembéréké.bj,TPE (<10),B2B,Google Maps,4.2,Actif,2026-06-29T00:14:35.658293,moyenne
BJ-B9616BB7,Structure Africa,BTP & Immobilier,Bembéréké,+229 79 71 56 91,structure.africa@structure.africa.benin,structureafrica.bj,PME (10-50),B2C,Google Maps,4.4,Actif,2026-06-29T00:14:35.658307,haute
BJ-4F95BCE6,Béton Groupe,BTP & Immobilier,Bembéréké,+229 91 40 11 62,béton.groupe@béton.groupe.org,,PME (10-50),B2B,Google Maps,4.1,Actif,2026-06-29T00:14:35.658321,moyenne
BJ-8F26C24F,BTP Immobilier,BTP & Immobilier,Kalalé,+229 56 67 52 30,btp.immobilier@btp.immobilier.net,btpimmobilier.bj,PME (10-50),B2B,Google Maps,4.5,Actif,2026-06-29T00:14:35.658341,haute
BJ-1FA4E88A,Groupe Construction,BTP & Immobilier,Kalalé,+229 91 17 56 29,groupe.construction@groupe.construction.com,,PME (50-200),B2C,Google Maps,3.2,Actif,2026-06-29T00:14:35.658355,moyenne
BJ-644DC13C,Béton Cabinet Kalalé,BTP & Immobilier,Kalalé,+229 63 55 26 15,,bétoncabinetkalalé.bj,Grande (>200),B2B,Google Maps,4.1,Actif,2026-06-29T00:14:35.658369,moyenne
BJ-2E855640,Structure,BTP & Immobilier,Kalalé,+229 94 19 54 90,,structure.bj,TPE (<10),B2C,Google Maps,3.1,Actif,2026-06-29T00:14:35.658383,moyenne
BJ-87C4191F,Maison,BTP & Immobilier,Kalalé,+229 82 34 46 71,maison@maison.com,,TPE (<10),B2C,Google Maps,3.3,Actif,2026-06-29T00:14:35.658397,moyenne
BJ-69BBA3B9,SARL Électricité Cabinet,BTP & Immobilier,Ndali,+229 39 20 89 31,sarl.électricité.cabinet@sarl.électricité.cabinet.bj,,PME (50-200),B2B,Google Maps,4.3,Actif,2026-06-29T00:14:35.658417,moyenne
BJ-0FE0EDCC,Fondation SA,BTP & Immobilier,Ndali,+229 91 14 24 98,,fondationsa.bj,Grande (>200),B2C,Google Maps,3.7,Actif,2026-06-29T00:14:35.658431,moyenne
BJ-CE7C55DF,Fondation,BTP & Immobilier,Ndali,+229 46 98 33 42,,fondation.bj,TPE (<10),B2C,Google Maps,5.0,Actif,2026-06-29T00:14:35.658443,moyenne
BJ-02D122ED,BTP Électricité Cabinet,BTP & Immobilier,Ndali,+229 60 33 13 61,,btpélectricitécabinet.bj,TPE (<10),B2B,Google Maps,3.0,Actif,2026-06-29T00:14:35.658457,moyenne
BJ-01B4AED0,Béton Bénin Ndali,BTP & Immobilier,Ndali,+229 72 88 10 40,,bétonbéninndali.bj,TPE (<10),B2B,Google Maps,4.4,Actif,2026-06-29T00:14:35.658471,moyenne
BJ-855C9707,Plomberie Africa,BTP & Immobilier,Ségbana,+229 36 86 62 99,plomberie.africa@plomberie.africa.com,,PME (10-50),B2C,Google Maps,3.5,Actif,2026-06-29T00:14:35.658490,moyenne
BJ-6DB7A2B3,Ets Fondation Cabinet Ségbana,BTP & Immobilier,Ségbana,+229 26 37 34 37,ets.fondation.cabinet.ségbana@ets.fondation.cabinet.ségbana.com,etsfondationcabinetségbana.bj,PME (10-50),B2C,Google Maps,4.1,Actif,2026-06-29T00:14:35.658506,haute
BJ-32B846F9,SA Habitat,BTP & Immobilier,Ségbana,+229 84 90 20 72,sa.habitat@sa.habitat.com,,PME (10-50),B2B,Google Maps,3.9,Actif,2026-06-29T00:14:35.658520,moyenne
BJ-597E4A08,Ets Toiture Bénin,BTP & Immobilier,Ségbana,+229 88 29 45 23,ets.toiture.bénin@ets.toiture.bénin.bj,,PME (50-200),B2C,Google Maps,4.5,Actif,2026-06-29T00:14:35.658534,moyenne
BJ-97B43685,SA Habitat Bénin Ségbana,BTP & Immobilier,Ségbana,+229 31 29 13 71,sa.habitat.bénin.ségbana@sa.habitat.bénin.ségbana.benin,,PME (10-50),B2B,Google Maps,3.8,Actif,2026-06-29T00:14:35.658548,moyenne
BJ-C61C08BB,Maison SA Tchaourou,BTP & Immobilier,Tchaourou,+229 87 58 31 28,maison.sa.tchaourou@maison.sa.tchaourou.bj,maisonsatchaourou.bj,PME (10-50),B2C,Google Maps,3.5,Actif,2026-06-29T00:14:35.658569,haute
BJ-26199437,Urbanisme Tchaourou,BTP & Immobilier,Tchaourou,+229 62 56 42 49,urbanisme.tchaourou@urbanisme.tchaourou.com,urbanismetchaourou.bj,PME (50-200),B2B,Google Maps,3.6,Actif,2026-06-29T00:14:35.658583,haute
BJ-DBEBAF2D,Plomberie SARL,BTP & Immobilier,Tchaourou,+229 85 71 95 38,plomberie.sarl@plomberie.sarl.net,,PME (50-200),B2B,Google Maps,3.1,Actif,2026-06-29T00:14:35.658597,moyenne
BJ-5C085F21,Groupe Toiture,BTP & Immobilier,Tchaourou,+229 89 40 12 24,groupe.toiture@groupe.toiture.benin,,TPE (<10),B2C,Google Maps,4.3,Actif,2026-06-29T00:14:35.658640,moyenne
BJ-8E04F39D,Électricité,BTP & Immobilier,Bétérou,+229 76 15 20 42,,,TPE (<10),B2C,Google Maps,4.4,Actif,2026-06-29T00:14:35.658659,basse
BJ-1166C190,Toiture Groupe Bétérou,BTP & Immobilier,Bétérou,+229 97 98 28 75,toiture.groupe.bétérou@toiture.groupe.bétérou.bj,,PME (50-200),B2C,Google Maps,3.8,Actif,2026-06-29T00:14:35.658674,moyenne
BJ-EC211A9B,Groupe Fondation Bénin,BTP & Immobilier,Bétérou,+229 64 23 18 29,groupe.fondation.bénin@groupe.fondation.bénin.bj,,TPE (<10),B2C,Google Maps,4.8,Actif,2026-06-29T00:14:35.658688,moyenne
BJ-97083F3C,SO Fondation Ets Bétérou,BTP & Immobilier,Bétérou,+229 82 98 18 27,so.fondation.ets.bétérou@so.fondation.ets.bétérou.benin,,TPE (<10),B2C,Google Maps,3.4,Actif,2026-06-29T00:14:35.658702,moyenne
BJ-E232842D,Urbanisme Solutions Bétérou,BTP & Immobilier,Bétérou,+229 25 17 97 73,urbanisme.solutions.bétérou@urbanisme.solutions.bétérou.bj,,TPE (<10),B2B,Google Maps,4.6,Actif,2026-06-29T00:14:35.658717,moyenne
BJ-2AA5357D,Travaux,BTP & Immobilier,Ouessè,+229 90 89 66 49,travaux@travaux.benin,travaux.bj,TPE (<10),B2B,Google Maps,3.6,Actif,2026-06-29T00:14:35.658737,haute
BJ-63CB069F,Béton Ouessè,BTP & Immobilier,Ouessè,+229 65 92 63 92,béton.ouessè@béton.ouessè.org,,Grande (>200),B2C,Google Maps,3.2,Actif,2026-06-29T00:14:35.658752,moyenne
BJ-09F57B6F,Structure,BTP & Immobilier,Ouessè,+229 70 47 40 99,,structure.bj,PME (10-50),B2B,Google Maps,3.5,Actif,2026-06-29T00:14:35.658766,moyenne
BJ-C7DB951C,SO Architecte,BTP & Immobilier,Ouessè,+229 53 70 76 50,so.architecte@so.architecte.bj,soarchitecte.bj,PME (10-50),B2C,Google Maps,4.6,Actif,2026-06-29T00:14:35.658780,haute
BJ-E2E3F0CD,Groupe Construction,BTP & Immobilier,Glazoué,+229 77 77 49 84,groupe.construction@groupe.construction.com,groupeconstruction.bj,Grande (>200),B2B,Google Maps,4.1,Actif,2026-06-29T00:14:35.658814,haute
BJ-E06335BF,Bâtiment,BTP & Immobilier,Glazoué,+229 87 34 87 96,bâtiment@bâtiment.bj,bâtiment.bj,PME (10-50),B2C,Google Maps,3.1,Actif,2026-06-29T00:14:35.658828,haute
BJ-BB4CADC5,Urbanisme,BTP & Immobilier,Glazoué,+229 72 20 91 71,,urbanisme.bj,PME (10-50),B2C,Google Maps,3.4,Actif,2026-06-29T00:14:35.658841,moyenne
BJ-4F53D2BD,Travaux Solutions Glazoué,BTP & Immobilier,Glazoué,+229 81 67 13 53,travaux.solutions.glazoué@travaux.solutions.glazoué.bj,,Grande (>200),B2B,Google Maps,3.5,Actif,2026-06-29T00:14:35.658855,moyenne
BJ-A0409F3C,SCI Maison Bénin,BTP & Immobilier,Glazoué,+229 28 76 95 30,sci.maison.bénin@sci.maison.bénin.org,,PME (10-50),B2C,Google Maps,4.2,Actif,2026-06-29T00:14:35.658870,moyenne
BJ-2E1B72FE,SARL Fondation,BTP & Immobilier,Dassa-Zoumè,+229 29 85 26 46,sarl.fondation@sarl.fondation.bj,,TPE (<10),B2C,Google Maps,5.0,Actif,2026-06-29T00:14:35.658898,moyenne
BJ-4ADEC718,Ets Ingénierie Ets,BTP & Immobilier,Dassa-Zoumè,+229 39 58 33 69,,,PME (10-50),B2C,Google Maps,4.7,Actif,2026-06-29T00:14:35.658913,basse
BJ-598DD97C,Cabinet Béton,BTP & Immobilier,Dassa-Zoumè,+229 45 92 55 50,cabinet.béton@cabinet.béton.benin,,TPE (<10),B2C,Google Maps,3.5,Actif,2026-06-29T00:14:35.658927,moyenne
BJ-C401DF20,SARL Plomberie,BTP & Immobilier,Dassa-Zoumè,+229 79 81 21 23,,sarlplomberie.bj,PME (10-50),B2C,Google Maps,3.1,Actif,2026-06-29T00:14:35.658940,moyenne
BJ-935BA44C,SO Bâtiment Dassa-Zoumè,BTP & Immobilier,Dassa-Zoumè,+229 80 78 73 86,so.bâtiment.dassazoumè@so.bâtiment.dassazoumè.net,,TPE (<10),B2B,Google Maps,3.4,Actif,2026-06-29T00:14:35.658955,moyenne
BJ-73BFCE74,SO Toiture,BTP & Immobilier,Savalou,+229 32 36 28 14,so.toiture@so.toiture.net,sotoiture.bj,PME (50-200),B2B,Google Maps,3.4,Actif,2026-06-29T00:14:35.658975,haute
BJ-4CB7E101,Immobilier,BTP & Immobilier,Savalou,+229 88 34 60 16,,,PME (50-200),B2B,Google Maps,3.9,Actif,2026-06-29T00:14:35.658987,basse
BJ-F4BBC068,Maison,BTP & Immobilier,Savalou,+229 93 82 65 95,,maison.bj,TPE (<10),B2C,Google Maps,4.1,Actif,2026-06-29T00:14:35.659001,moyenne
BJ-46A023B9,Architecte Cabinet,BTP & Immobilier,Savalou,+229 38 20 29 87,architecte.cabinet@architecte.cabinet.benin,,TPE (<10),B2B,Google Maps,3.4,Actif,2026-06-29T00:14:35.659015,moyenne
BJ-F6F9B722,Toiture SA,BTP & Immobilier,Savalou,+229 83 92 16 77,,,TPE (<10),B2B,Google Maps,3.2,Actif,2026-06-29T00:14:35.659027,basse
BJ-1DED9197,Plomberie Bantè,BTP & Immobilier,Bantè,+229 43 97 11 65,plomberie.bantè@plomberie.bantè.org,,PME (10-50),B2C,Google Maps,4.4,Actif,2026-06-29T00:14:35.659047,moyenne
BJ-EF3F9590,Travaux,BTP & Immobilier,Bantè,+229 49 22 55 75,,,TPE (<10),B2B,Google Maps,4.7,Actif,2026-06-29T00:14:35.659060,basse
BJ-A539D95B,Urbanisme Services,BTP & Immobilier,Bantè,+229 74 95 30 81,urbanisme.services@urbanisme.services.benin,,PME (10-50),B2C,Google Maps,4.2,Actif,2026-06-29T00:14:35.659074,moyenne
BJ-7CAD097F,Cabinet Électricité Services,BTP & Immobilier,Bantè,+229 38 23 50 43,cabinet.électricité.services@cabinet.électricité.services.benin,,Grande (>200),B2B,Google Maps,3.1,Actif,2026-06-29T00:14:35.659088,moyenne
BJ-93850F5A,Béton,BTP & Immobilier,Djougou,+229 93 76 81 95,,,TPE (<10),B2C,Google Maps,4.8,Actif,2026-06-29T00:14:35.659119,basse
BJ-71EE3498,Ets Construction Djougou,BTP & Immobilier,Djougou,+229 91 91 40 16,ets.construction.djougou@ets.construction.djougou.com,,PME (10-50),B2B,Google Maps,4.5,Actif,2026-06-29T00:14:35.659133,moyenne
BJ-9677D883,SA Construction Services,BTP & Immobilier,Djougou,+229 27 99 58 42,sa.construction.services@sa.construction.services.benin,,PME (50-200),B2B,Google Maps,4.1,Actif,2026-06-29T00:14:35.659146,moyenne
BJ-A7F485D9,SCI Fondation,BTP & Immobilier,Djougou,+229 76 84 87 86,,scifondation.bj,TPE (<10),B2B,Google Maps,3.7,Actif,2026-06-29T00:14:35.659159,moyenne
BJ-C111989D,Urbanisme,BTP & Immobilier,Djougou,+229 93 77 58 50,,urbanisme.bj,TPE (<10),B2C,Google Maps,4.5,Actif,2026-06-29T00:14:35.659172,moyenne
BJ-81C3CA16,BTP Fondation,BTP & Immobilier,Ouèssè,+229 23 28 77 61,btp.fondation@btp.fondation.net,btpfondation.bj,TPE (<10),B2C,Google Maps,4.1,Actif,2026-06-29T00:14:35.659192,haute
BJ-8BCA5E10,Ets Électricité,BTP & Immobilier,Ouèssè,+229 95 77 59 82,ets.électricité@ets.électricité.com,,TPE (<10),B2C,Google Maps,3.7,Actif,2026-06-29T00:14:35.659206,moyenne
BJ-703000DE,Maison,BTP & Immobilier,Ouèssè,+229 88 27 17 80,maison@maison.bj,,Grande (>200),B2B,Google Maps,4.2,Actif,2026-06-29T00:14:35.659220,moyenne
BJ-DF7DCF2F,SA Électricité Ets Ouèssè,BTP & Immobilier,Ouèssè,+229 23 13 15 55,sa.électricité.ets.ouèssè@sa.électricité.ets.ouèssè.benin,saélectricitéetsouèssè.bj,PME (10-50),B2B,Google Maps,3.8,Actif,2026-06-29T00:14:35.659236,haute
BJ-11803AAB,Urbanisme,BTP & Immobilier,Ouèssè,+229 46 46 46 89,urbanisme@urbanisme.net,,TPE (<10),B2B,Google Maps,3.9,Actif,2026-06-29T00:14:35.659249,moyenne
BJ-E6FA38E0,Béton Africa,BTP & Immobilier,Bassila,+229 37 60 48 29,,bétonafrica.bj,PME (50-200),B2B,Google Maps,3.4,Actif,2026-06-29T00:14:35.659269,moyenne
BJ-47C83D37,Groupe Maison SA,BTP & Immobilier,Bassila,+229 51 47 71 70,groupe.maison.sa@groupe.maison.sa.com,,PME (50-200),B2C,Google Maps,4.4,Actif,2026-06-29T00:14:35.659283,moyenne
BJ-12EB2677,BTP Habitat Solutions Bassila,BTP & Immobilier,Bassila,+229 26 11 43 31,btp.habitat.solutions.bassila@btp.habitat.solutions.bassila.benin,btphabitatsolutionsbassila.bj,PME (50-200),B2B,Google Maps,5.0,Actif,2026-06-29T00:14:35.659297,haute
BJ-AACF67FB,Électricité Groupe,BTP & Immobilier,Bassila,+229 54 28 11 68,électricité.groupe@électricité.groupe.com,électricitégroupe.bj,PME (10-50),B2B,Google Maps,3.2,Actif,2026-06-29T00:14:35.659312,haute
BJ-411FBE94,Groupe Bâtiment Bénin,BTP & Immobilier,Bassila,+229 29 46 43 18,groupe.bâtiment.bénin@groupe.bâtiment.bénin.net,groupebâtimentbénin.bj,PME (10-50),B2B,Google Maps,3.9,Actif,2026-06-29T00:14:35.659327,haute
BJ-A7EF207C,Immobilier,BTP & Immobilier,Pehunco,+229 75 11 48 18,,,TPE (<10),B2C,Google Maps,4.8,Actif,2026-06-29T00:14:35.659346,basse
BJ-4F9B9CAC,Habitat Africa,BTP & Immobilier,Pehunco,+229 35 10 91 86,habitat.africa@habitat.africa.net,habitatafrica.bj,PME (50-200),B2C,Google Maps,3.5,Actif,2026-06-29T00:14:35.659360,haute
BJ-6223304B,Électricité SARL Pehunco,BTP & Immobilier,Pehunco,+229 50 70 77 60,électricité.sarl.pehunco@électricité.sarl.pehunco.bj,,TPE (<10),B2B,Google Maps,3.9,Actif,2026-06-29T00:14:35.659374,moyenne
BJ-AF959052,Ets Structure Solutions Pehunco,BTP & Immobilier,Pehunco,+229 64 28 81 97,ets.structure.solutions.pehunco@ets.structure.solutions.pehunco.benin,etsstructuresolutionspehunco.bj,TPE (<10),B2B,Google Maps,3.3,Actif,2026-06-29T00:14:35.659389,haute
BJ-4A8DFD67,Ingénierie Services,BTP & Immobilier,Pehunco,+229 26 71 68 73,,,TPE (<10),B2B,Google Maps,4.1,Actif,2026-06-29T00:14:35.659402,basse
BJ-7D2AF9ED,SCI Travaux Africa Copargo,BTP & Immobilier,Copargo,+229 44 64 94 11,,,TPE (<10),B2C,Google Maps,4.0,Actif,2026-06-29T00:14:35.659421,basse
BJ-EC597927,Groupe Architecte,BTP & Immobilier,Copargo,+229 30 76 97 66,,groupearchitecte.bj,PME (10-50),B2C,Google Maps,3.3,Actif,2026-06-29T00:14:35.659434,moyenne
BJ-DB00535C,Béton Copargo,BTP & Immobilier,Copargo,+229 27 60 80 86,,bétoncopargo.bj,PME (10-50),B2B,Google Maps,4.6,Actif,2026-06-29T00:14:35.659448,moyenne
BJ-32758E89,Béton,BTP & Immobilier,Copargo,+229 78 59 98 61,,béton.bj,Grande (>200),B2B,Google Maps,4.9,Actif,2026-06-29T00:14:35.659478,moyenne
BJ-91D1EEC8,Groupe Béton SARL,BTP & Immobilier,Copargo,+229 80 51 86 98,groupe.béton.sarl@groupe.béton.sarl.net,,PME (50-200),B2C,Google Maps,4.0,Actif,2026-06-29T00:14:35.659515,moyenne
BJ-DEC130DE,Détaillant,Commerce & Distribution,Cotonou,+229 41 65 53 48,détaillant@détaillant.net,détaillant.bj,PME (50-200),B2B/B2C,Google Maps,4.6,Actif,2026-06-29T00:14:35.659561,haute
BJ-0FD80C37,Ets Épicerie Store,Commerce & Distribution,Cotonou,+229 90 74 14 16,ets.épicerie.store@ets.épicerie.store.benin,,TPE (<10),B2B/B2C,Google Maps,4.7,Actif,2026-06-29T00:14:35.659579,moyenne
BJ-AA2C88DC,Ets Provision Bénin,Commerce & Distribution,Cotonou,+229 63 27 61 82,,etsprovisionbénin.bj,PME (10-50),B2B/B2C,Google Maps,4.0,Actif,2026-06-29T00:14:35.659596,moyenne
BJ-DE1AF79F,Commerce,Commerce & Distribution,Cotonou,+229 57 52 56 48,,,PME (10-50),B2B/B2C,Google Maps,4.7,Actif,2026-06-29T00:14:35.659610,basse
BJ-93A75A63,Grossiste Store,Commerce & Distribution,Cotonou,+229 30 68 59 48,,,PME (10-50),B2C,Google Maps,4.0,Actif,2026-06-29T00:14:35.659622,basse
BJ-E69F4262,Distribution International,Commerce & Distribution,Abomey-Calavi,+229 26 80 15 86,,,PME (50-200),B2C,Google Maps,4.1,Actif,2026-06-29T00:14:35.659642,basse
BJ-37ED72EB,Détaillant Abomey-Calavi,Commerce & Distribution,Abomey-Calavi,+229 64 24 22 62,détaillant.abomeycalavi@détaillant.abomeycalavi.benin,,TPE (<10),B2B/B2C,Google Maps,4.1,Actif,2026-06-29T00:14:35.659658,moyenne
BJ-5D2216DB,Distribution Magasin Store Abomey-Calavi,Commerce & Distribution,Abomey-Calavi,+229 63 65 74 63,distribution.magasin.store.abomeycalavi@distribution.magasin.store.abomeycalavi.bj,distributionmagasinstoreabomeycalavi.bj,PME (50-200),B2C,Google Maps,3.2,Actif,2026-06-29T00:14:35.659674,haute
BJ-46E867AB,Groupe Distribution Abomey-Calavi,Commerce & Distribution,Abomey-Calavi,+229 28 56 80 44,,,Grande (>200),B2C,Google Maps,4.6,Actif,2026-06-29T00:14:35.659687,basse
BJ-673A3B55,Stock Store,Commerce & Distribution,Abomey-Calavi,+229 46 88 54 81,,stockstore.bj,TPE (<10),B2C,Google Maps,5.0,Actif,2026-06-29T00:14:35.659701,moyenne
BJ-E0C546C0,Super Stock Groupe,Commerce & Distribution,Porto-Novo,+229 93 97 54 68,super.stock.groupe@super.stock.groupe.net,,TPE (<10),B2C,Google Maps,4.2,Actif,2026-06-29T00:14:35.659722,moyenne
BJ-5F12ABA5,Grossiste,Commerce & Distribution,Porto-Novo,+229 46 87 62 84,grossiste@grossiste.com,,TPE (<10),B2B/B2C,Google Maps,3.2,Actif,2026-06-29T00:14:35.659736,moyenne
BJ-612E95BA,Ets Supermarché Shop,Commerce & Distribution,Porto-Novo,+229 54 28 50 83,,,TPE (<10),B2B/B2C,Google Maps,4.1,Actif,2026-06-29T00:14:35.659748,basse
BJ-CDD303B8,Super Distribution,Commerce & Distribution,Porto-Novo,+229 55 53 27 89,super.distribution@super.distribution.com,,TPE (<10),B2B/B2C,Google Maps,4.3,Actif,2026-06-29T00:14:35.659762,moyenne
BJ-ED449A41,Distribution Grossiste,Commerce & Distribution,Porto-Novo,+229 69 20 92 30,,,TPE (<10),B2B/B2C,Google Maps,3.0,Actif,2026-06-29T00:14:35.659775,basse
BJ-E5B56AEC,Distribution Boutique,Commerce & Distribution,Parakou,+229 54 57 22 74,,,PME (10-50),B2C,Google Maps,4.2,Actif,2026-06-29T00:14:35.659793,basse
BJ-9A0E838B,Distribution Ets,Commerce & Distribution,Parakou,+229 99 32 89 25,distribution.ets@distribution.ets.bj,,PME (10-50),B2B/B2C,Google Maps,3.7,Actif,2026-06-29T00:14:35.659838,moyenne
BJ-58A55EB3,SARL Grossiste Shop,Commerce & Distribution,Parakou,+229 60 36 53 19,,,PME (10-50),B2B/B2C,Google Maps,4.2,Actif,2026-06-29T00:14:35.659851,basse
BJ-D959A60D,Stock,Commerce & Distribution,Parakou,+229 91 49 32 90,,,PME (10-50),B2C,Google Maps,4.5,Actif,2026-06-29T00:14:35.659864,basse
BJ-DBFA60EA,Supermarché,Commerce & Distribution,Bohicon,+229 79 15 44 30,,,TPE (<10),B2B/B2C,Google Maps,4.4,Actif,2026-06-29T00:14:35.659882,basse
BJ-48EBCD83,Super Boutique SARL Bohicon,Commerce & Distribution,Bohicon,+229 42 13 15 96,,,TPE (<10),B2B/B2C,Google Maps,4.0,Actif,2026-06-29T00:14:35.659906,basse
BJ-7CCC3983,Détaillant Bénin,Commerce & Distribution,Bohicon,+229 92 70 98 17,,,PME (50-200),B2B/B2C,Google Maps,4.2,Actif,2026-06-29T00:14:35.659920,basse
BJ-7F0FEAE3,Groupe Magasin,Commerce & Distribution,Bohicon,+229 65 28 97 76,groupe.magasin@groupe.magasin.benin,,PME (10-50),B2C,Google Maps,5.0,Actif,2026-06-29T00:14:35.659933,moyenne
BJ-2DD0553E,Distribution Boutique Groupe Bohicon,Commerce & Distribution,Bohicon,+229 32 19 42 42,distribution.boutique.groupe.bohicon@distribution.boutique.groupe.bohicon.net,,TPE (<10),B2B/B2C,Google Maps,3.8,Actif,2026-06-29T00:14:35.659947,moyenne
BJ-A173E201,Ets Stock Bénin,Commerce & Distribution,Natitingou,+229 90 61 84 99,,etsstockbénin.bj,PME (10-50),B2C,Google Maps,5.0,Actif,2026-06-29T00:14:35.659968,moyenne
BJ-CFC8894A,Stock SARL,Commerce & Distribution,Natitingou,+229 20 89 23 60,stock.sarl@stock.sarl.org,,PME (50-200),B2C,Google Maps,4.4,Actif,2026-06-29T00:14:35.659983,moyenne
BJ-1DA85642,Groupe Commerce Groupe,Commerce & Distribution,Natitingou,+229 44 30 47 99,,,TPE (<10),B2B/B2C,Google Maps,3.3,Actif,2026-06-29T00:14:35.659996,basse
BJ-4C1B403C,Provision Natitingou,Commerce & Distribution,Natitingou,+229 83 20 65 40,provision.natitingou@provision.natitingou.org,,Grande (>200),B2B/B2C,Google Maps,4.7,Actif,2026-06-29T00:14:35.660009,moyenne
BJ-781D2433,Centre Marché,Commerce & Distribution,Natitingou,+229 31 45 72 72,centre.marché@centre.marché.com,,TPE (<10),B2C,Google Maps,3.8,Actif,2026-06-29T00:14:35.660024,moyenne
BJ-0BA2ADB1,Commerce Distribution Market,Commerce & Distribution,Lokossa,+229 60 84 51 19,commerce.distribution.market@commerce.distribution.market.org,,TPE (<10),B2B/B2C,Google Maps,4.1,Actif,2026-06-29T00:14:35.660043,moyenne
BJ-CB709528,Commerce International,Commerce & Distribution,Lokossa,+229 50 21 41 44,,,TPE (<10),B2C,Google Maps,4.1,Actif,2026-06-29T00:14:35.660056,basse
BJ-286E9C74,Provision,Commerce & Distribution,Lokossa,+229 57 11 51 17,,,PME (10-50),B2C,Google Maps,4.5,Actif,2026-06-29T00:14:35.660067,basse
BJ-B378CF38,Centre Détaillant Groupe,Commerce & Distribution,Lokossa,+229 91 82 67 25,centre.détaillant.groupe@centre.détaillant.groupe.com,,TPE (<10),B2C,Google Maps,4.7,Actif,2026-06-29T00:14:35.660082,moyenne
BJ-57BAC5E0,Épicerie Market,Commerce & Distribution,Lokossa,+229 39 58 49 99,épicerie.market@épicerie.market.bj,,TPE (<10),B2B/B2C,Google Maps,3.3,Actif,2026-06-29T00:14:35.660096,moyenne
BJ-8E596301,Super Provision,Commerce & Distribution,Ouidah,+229 51 87 56 65,,superprovision.bj,TPE (<10),B2B/B2C,Google Maps,4.4,Actif,2026-06-29T00:14:35.660114,moyenne
BJ-C5BC6B58,Stock SARL,Commerce & Distribution,Ouidah,+229 87 16 14 35,stock.sarl@stock.sarl.bj,,TPE (<10),B2B/B2C,Google Maps,4.4,Actif,2026-06-29T00:14:35.660128,moyenne
BJ-2CB078BE,Centre Boutique Ouidah,Commerce & Distribution,Ouidah,+229 58 62 11 77,,centreboutiqueouidah.bj,Grande (>200),B2C,Google Maps,4.4,Actif,2026-06-29T00:14:35.660141,moyenne
BJ-331D2F15,Commerce Marché,Commerce & Distribution,Ouidah,+229 96 62 39 97,,,TPE (<10),B2C,Google Maps,3.1,Actif,2026-06-29T00:14:35.660153,basse
BJ-8B61D648,Épicerie,Commerce & Distribution,Ouidah,+229 41 47 47 25,,,TPE (<10),B2B/B2C,Google Maps,3.7,Actif,2026-06-29T00:14:35.660165,basse
BJ-AA353A62,Grossiste Market,Commerce & Distribution,Savalou,+229 25 45 87 66,,,TPE (<10),B2B/B2C,Google Maps,4.1,Actif,2026-06-29T00:14:35.660184,basse
BJ-028527C0,Super Distribution Savalou,Commerce & Distribution,Savalou,+229 41 27 18 75,super.distribution.savalou@super.distribution.savalou.bj,superdistributionsavalou.bj,TPE (<10),B2B/B2C,Google Maps,3.9,Actif,2026-06-29T00:14:35.660199,haute
BJ-E3551CD1,Groupe Grossiste,Commerce & Distribution,Savalou,+229 87 39 34 75,groupe.grossiste@groupe.grossiste.benin,groupegrossiste.bj,TPE (<10),B2C,Google Maps,3.0,Actif,2026-06-29T00:14:35.660214,haute
BJ-E888474B,Supply,Commerce & Distribution,Savalou,+229 71 72 92 68,,,PME (10-50),B2B/B2C,Google Maps,4.5,Actif,2026-06-29T00:14:35.660226,basse
BJ-846274BE,Grossiste International,Commerce & Distribution,Savalou,+229 32 59 84 55,,,PME (50-200),B2C,Google Maps,3.9,Actif,2026-06-29T00:14:35.660238,basse
BJ-9B28CAA2,Distribution Grossiste Shop Dassa-Zoumè,Commerce & Distribution,Dassa-Zoumè,+229 71 70 30 79,,,Grande (>200),B2B/B2C,Google Maps,4.2,Actif,2026-06-29T00:14:35.660258,basse
BJ-666C0351,SARL Marché Groupe,Commerce & Distribution,Dassa-Zoumè,+229 66 36 32 96,,,PME (10-50),B2C,Google Maps,3.2,Actif,2026-06-29T00:14:35.660271,basse
BJ-FEACE660,Super Magasin Market,Commerce & Distribution,Dassa-Zoumè,+229 78 76 22 76,,supermagasinmarket.bj,PME (10-50),B2B/B2C,Google Maps,3.9,Actif,2026-06-29T00:14:35.660284,moyenne
BJ-73338A16,Alimentaire International,Commerce & Distribution,Dassa-Zoumè,+229 25 47 43 47,alimentaire.international@alimentaire.international.bj,,PME (10-50),B2B/B2C,Google Maps,4.4,Actif,2026-06-29T00:14:35.660299,moyenne
BJ-62DC46FE,Détaillant Bénin Dassa-Zoumè,Commerce & Distribution,Dassa-Zoumè,+229 29 34 85 92,détaillant.bénin.dassazoumè@détaillant.bénin.dassazoumè.benin,,TPE (<10),B2B/B2C,Google Maps,3.7,Actif,2026-06-29T00:14:35.660314,moyenne
BJ-ACEA8A57,Magasin Ets,Commerce & Distribution,Kétou,+229 43 10 67 73,magasin.ets@magasin.ets.benin,,PME (50-200),B2C,Google Maps,3.1,Actif,2026-06-29T00:14:35.660334,moyenne
BJ-6707CBF7,Commerce International,Commerce & Distribution,Kétou,+229 73 30 89 44,commerce.international@commerce.international.org,,Grande (>200),B2C,Google Maps,3.5,Actif,2026-06-29T00:14:35.660348,moyenne
BJ-CD726367,Stock,Commerce & Distribution,Kétou,+229 67 31 45 77,,,TPE (<10),B2B/B2C,Google Maps,4.4,Actif,2026-06-29T00:14:35.660361,basse
BJ-A0FF26E5,Détaillant Shop,Commerce & Distribution,Kétou,+229 94 80 93 81,,,PME (10-50),B2B/B2C,Google Maps,4.6,Actif,2026-06-29T00:14:35.660374,basse
BJ-5A45E9F4,SARL Commerce Kétou,Commerce & Distribution,Kétou,+229 57 89 97 16,sarl.commerce.kétou@sarl.commerce.kétou.net,,PME (10-50),B2B/B2C,Google Maps,3.9,Actif,2026-06-29T00:14:35.660388,moyenne
BJ-8A3B5C96,Marché Grossiste Market,Commerce & Distribution,Covè,+229 53 51 55 57,,,PME (10-50),B2B/B2C,Google Maps,4.4,Actif,2026-06-29T00:14:35.660407,basse
BJ-E64572A0,Alimentaire SARL,Commerce & Distribution,Covè,+229 66 62 72 18,alimentaire.sarl@alimentaire.sarl.com,,PME (50-200),B2B/B2C,Google Maps,4.6,Actif,2026-06-29T00:14:35.660420,moyenne
BJ-7D286CCD,Super Épicerie International,Commerce & Distribution,Covè,+229 35 18 56 13,,superépicerieinternational.bj,Grande (>200),B2B/B2C,Google Maps,3.6,Actif,2026-06-29T00:14:35.660435,moyenne
BJ-BB7AA64C,Supply Covè,Commerce & Distribution,Covè,+229 35 72 63 52,supply.covè@supply.covè.bj,,TPE (<10),B2B/B2C,Google Maps,3.4,Actif,2026-06-29T00:14:35.660449,moyenne
BJ-2E8035FD,Super Supply International,Commerce & Distribution,Covè,+229 96 85 88 11,,,TPE (<10),B2B/B2C,Google Maps,3.1,Actif,2026-06-29T00:14:35.660462,basse
BJ-B71BF34A,Commerce Épicerie Pobè,Commerce & Distribution,Pobè,+229 24 60 18 38,,,TPE (<10),B2B/B2C,Google Maps,3.1,Actif,2026-06-29T00:14:35.660480,basse
BJ-9A20B15A,Distribution Marché Store,Commerce & Distribution,Pobè,+229 28 83 86 39,,,PME (10-50),B2C,Google Maps,3.6,Actif,2026-06-29T00:14:35.660493,basse
BJ-D7052F0B,Magasin Shop Pobè,Commerce & Distribution,Pobè,+229 70 28 66 98,,,TPE (<10),B2B/B2C,Google Maps,3.9,Actif,2026-06-29T00:14:35.660505,basse
BJ-99131D88,Supply Pobè,Commerce & Distribution,Pobè,+229 97 40 42 51,,supplypobè.bj,PME (10-50),B2C,Google Maps,3.7,Actif,2026-06-29T00:14:35.660519,moyenne
BJ-B7F4B045,Alimentaire Bénin Pobè,Commerce & Distribution,Pobè,+229 27 58 52 44,alimentaire.bénin.pobè@alimentaire.bénin.pobè.net,,PME (50-200),B2C,Google Maps,4.0,Actif,2026-06-29T00:14:35.660533,moyenne
BJ-3E73AAFC,Distribution Épicerie Sakété,Commerce & Distribution,Sakété,+229 94 69 63 28,distribution.épicerie.sakété@distribution.épicerie.sakété.net,,PME (10-50),B2C,Google Maps,4.6,Actif,2026-06-29T00:14:35.660553,moyenne
BJ-784F0D1F,Détaillant,Commerce & Distribution,Sakété,+229 74 23 48 24,,détaillant.bj,TPE (<10),B2B/B2C,Google Maps,3.2,Actif,2026-06-29T00:14:35.660567,moyenne
BJ-9813A917,Stock SARL,Commerce & Distribution,Sakété,+229 27 73 19 45,stock.sarl@stock.sarl.org,,Grande (>200),B2C,Google Maps,4.6,Actif,2026-06-29T00:14:35.660580,moyenne
BJ-796C7950,Commerce Commerce Ets Sakété,Commerce & Distribution,Sakété,+229 29 16 12 31,,commercecommerceetssakété.bj,TPE (<10),B2C,Google Maps,3.6,Actif,2026-06-29T00:14:35.660594,moyenne
BJ-1FEB1775,Épicerie,Commerce & Distribution,Sakété,+229 38 93 11 34,épicerie@épicerie.bj,,PME (10-50),B2B/B2C,Google Maps,4.9,Actif,2026-06-29T00:14:35.660608,moyenne
BJ-FE7BF23C,Supply Store,Commerce & Distribution,Adjara,+229 50 32 77 42,,supplystore.bj,PME (50-200),B2C,Google Maps,4.4,Actif,2026-06-29T00:14:35.660637,moyenne
BJ-1C2EF2AF,Distribution Commerce Market,Commerce & Distribution,Adjara,+229 83 44 93 62,distribution.commerce.market@distribution.commerce.market.net,distributioncommercemarket.bj,TPE (<10),B2B/B2C,Google Maps,4.9,Actif,2026-06-29T00:14:35.660652,haute
BJ-4D87C833,Boutique,Commerce & Distribution,Adjara,+229 34 87 20 51,,boutique.bj,TPE (<10),B2C,Google Maps,3.2,Actif,2026-06-29T00:14:35.660666,moyenne
BJ-56820C11,Provision,Commerce & Distribution,Adjara,+229 69 64 81 16,,,TPE (<10),B2B/B2C,Google Maps,4.9,Actif,2026-06-29T00:14:35.660678,basse
BJ-BCFDB320,Ets Boutique Adjara,Commerce & Distribution,Adjara,+229 76 70 10 10,ets.boutique.adjara@ets.boutique.adjara.bj,,PME (50-200),B2B/B2C,Google Maps,4.4,Actif,2026-06-29T00:14:35.660691,moyenne
BJ-1D4A93A5,Détaillant Market,Commerce & Distribution,Allada,+229 54 17 99 20,,détaillantmarket.bj,PME (10-50),B2C,Google Maps,4.6,Actif,2026-06-29T00:14:35.660711,moyenne
BJ-23ECEA20,Grossiste Market,Commerce & Distribution,Allada,+229 78 25 78 94,,,TPE (<10),B2C,Google Maps,4.2,Actif,2026-06-29T00:14:35.660724,basse
BJ-016514AE,Ets Détaillant Shop,Commerce & Distribution,Allada,+229 51 71 87 96,,,TPE (<10),B2B/B2C,Google Maps,3.0,Actif,2026-06-29T00:14:35.660736,basse
BJ-95A8855D,Distribution Stock Allada,Commerce & Distribution,Allada,+229 95 42 70 76,distribution.stock.allada@distribution.stock.allada.bj,,PME (10-50),B2B/B2C,Google Maps,3.2,Actif,2026-06-29T00:14:35.660750,moyenne
BJ-495F1475,Ets Provision,Commerce & Distribution,Allada,+229 94 52 38 68,,,PME (50-200),B2B/B2C,Google Maps,3.9,Actif,2026-06-29T00:14:35.660762,basse
BJ-B7D3E010,Supermarché,Commerce & Distribution,Aplahoué,+229 96 30 26 62,supermarché@supermarché.benin,,PME (50-200),B2C,Google Maps,4.5,Actif,2026-06-29T00:14:35.660782,moyenne
BJ-787F36EC,SARL Supermarché,Commerce & Distribution,Aplahoué,+229 48 62 95 12,,,PME (10-50),B2B/B2C,Google Maps,3.8,Actif,2026-06-29T00:14:35.660794,basse
BJ-10948479,Centre Stock,Commerce & Distribution,Aplahoué,+229 52 12 66 43,,centrestock.bj,TPE (<10),B2B/B2C,Google Maps,4.8,Actif,2026-06-29T00:14:35.660807,moyenne
BJ-0A177CB6,Marché Supply,Commerce & Distribution,Aplahoué,+229 46 62 58 63,,,PME (50-200),B2C,Google Maps,4.6,Actif,2026-06-29T00:14:35.660820,basse
BJ-C6AE130F,Stock Aplahoué,Commerce & Distribution,Aplahoué,+229 40 86 80 77,stock.aplahoué@stock.aplahoué.com,,PME (10-50),B2C,Google Maps,3.8,Actif,2026-06-29T00:14:35.660834,moyenne
BJ-E8144DF5,Magasin Bénin,Commerce & Distribution,Dogbo-Tota,+229 86 64 63 11,,,TPE (<10),B2B/B2C,Google Maps,4.1,Actif,2026-06-29T00:14:35.660853,basse
BJ-860AB787,Grossiste Dogbo-Tota,Commerce & Distribution,Dogbo-Tota,+229 76 52 43 41,grossiste.dogbotota@grossiste.dogbotota.org,,TPE (<10),B2C,Google Maps,3.2,Actif,2026-06-29T00:14:35.660867,moyenne
BJ-8FDA818E,Stock Bénin,Commerce & Distribution,Dogbo-Tota,+229 82 92 44 49,stock.bénin@stock.bénin.net,,TPE (<10),B2C,Google Maps,4.1,Actif,2026-06-29T00:14:35.660881,moyenne
BJ-D8DA6F18,Alimentaire,Commerce & Distribution,Dogbo-Tota,+229 80 40 62 12,alimentaire@alimentaire.benin,,PME (10-50),B2B/B2C,Google Maps,3.9,Actif,2026-06-29T00:14:35.660907,moyenne
BJ-AF1E9035,Provision Dogbo-Tota,Commerce & Distribution,Dogbo-Tota,+229 69 24 40 28,provision.dogbotota@provision.dogbotota.com,provisiondogbotota.bj,Grande (>200),B2B/B2C,Google Maps,3.3,Actif,2026-06-29T00:14:35.660923,haute
BJ-47E56DA2,Super Stock,Commerce & Distribution,Kpomassè,+229 49 55 78 80,,,TPE (<10),B2B/B2C,Google Maps,4.4,Actif,2026-06-29T00:14:35.660941,basse
BJ-D310E460,Ets Supply,Commerce & Distribution,Kpomassè,+229 32 18 93 96,ets.supply@ets.supply.benin,,TPE (<10),B2C,Google Maps,4.8,Actif,2026-06-29T00:14:35.660955,moyenne
BJ-8807CDF7,SARL Provision SARL,Commerce & Distribution,Kpomassè,+229 93 57 22 31,sarl.provision.sarl@sarl.provision.sarl.bj,sarlprovisionsarl.bj,Grande (>200),B2C,Google Maps,3.5,Actif,2026-06-29T00:14:35.660969,haute
BJ-3EEFD041,Épicerie,Commerce & Distribution,Kpomassè,+229 77 77 12 34,,épicerie.bj,PME (50-200),B2C,Google Maps,4.3,Actif,2026-06-29T00:14:35.660983,moyenne
BJ-AA62F242,Marché Marché Store,Commerce & Distribution,Kpomassè,+229 30 43 27 81,,,PME (10-50),B2C,Google Maps,3.2,Actif,2026-06-29T00:14:35.660995,basse
BJ-F0406113,Distribution Épicerie,Commerce & Distribution,Tori-Bossito,+229 98 83 81 31,,,PME (50-200),B2C,Google Maps,3.5,Actif,2026-06-29T00:14:35.661030,basse
BJ-BB4F915E,Distribution Supermarché,Commerce & Distribution,Tori-Bossito,+229 31 41 85 31,distribution.supermarché@distribution.supermarché.benin,,TPE (<10),B2C,Google Maps,4.5,Actif,2026-06-29T00:14:35.661045,moyenne
BJ-01B5B092,Épicerie,Commerce & Distribution,Tori-Bossito,+229 91 89 75 52,,,PME (10-50),B2C,Google Maps,4.5,Actif,2026-06-29T00:14:35.661057,basse
BJ-B120725D,Stock Shop Tori-Bossito,Commerce & Distribution,Tori-Bossito,+229 57 77 96 16,,,TPE (<10),B2B/B2C,Google Maps,3.0,Actif,2026-06-29T00:14:35.661070,basse
BJ-F5DB5B51,Ets Boutique,Commerce & Distribution,Tori-Bossito,+229 92 40 45 88,,etsboutique.bj,PME (10-50),B2C,Google Maps,4.1,Actif,2026-06-29T00:14:35.661082,moyenne
BJ-297BDD75,Distribution Marché,Commerce & Distribution,Grand-Popo,+229 97 63 54 54,,distributionmarché.bj,Grande (>200),B2C,Google Maps,3.1,Actif,2026-06-29T00:14:35.661103,moyenne
BJ-55566627,Commerce Distribution Store Grand-Popo,Commerce & Distribution,Grand-Popo,+229 41 72 67 61,,,TPE (<10),B2C,Google Maps,4.9,Actif,2026-06-29T00:14:35.661115,basse
BJ-689E4DBC,Marché SARL,Commerce & Distribution,Grand-Popo,+229 55 21 99 92,,,Grande (>200),B2C,Google Maps,4.3,Actif,2026-06-29T00:14:35.661136,basse
BJ-5563CD92,Épicerie Market,Commerce & Distribution,Grand-Popo,+229 67 90 66 47,épicerie.market@épicerie.market.benin,épiceriemarket.bj,TPE (<10),B2C,Google Maps,4.5,Actif,2026-06-29T00:14:35.661153,haute
BJ-E1B26792,Grossiste International,Commerce & Distribution,Grand-Popo,+229 77 59 86 26,,,PME (10-50),B2C,Google Maps,3.5,Actif,2026-06-29T00:14:35.661165,basse
BJ-870B9E46,Stock International,Commerce & Distribution,Athiémé,+229 95 68 26 54,stock.international@stock.international.bj,,PME (10-50),B2B/B2C,Google Maps,3.7,Actif,2026-06-29T00:14:35.661186,moyenne
BJ-6295DC4D,Marché Marché Store,Commerce & Distribution,Athiémé,+229 87 46 57 47,,,TPE (<10),B2C,Google Maps,4.6,Actif,2026-06-29T00:14:35.661214,basse
BJ-A53B95F4,Alimentaire,Commerce & Distribution,Athiémé,+229 62 40 25 31,,,TPE (<10),B2C,Google Maps,4.4,Actif,2026-06-29T00:14:35.661234,basse
BJ-72FBCD58,Grossiste,Commerce & Distribution,Athiémé,+229 27 81 90 19,grossiste@grossiste.benin,,TPE (<10),B2C,Google Maps,4.2,Actif,2026-06-29T00:14:35.661258,moyenne
BJ-0D570C05,Détaillant,Commerce & Distribution,Athiémé,+229 58 95 90 37,,détaillant.bj,PME (10-50),B2C,Google Maps,4.2,Actif,2026-06-29T00:14:35.661282,moyenne
BJ-306C05B3,Groupe Alimentaire Bopa,Commerce & Distribution,Bopa,+229 32 99 18 90,,,PME (10-50),B2C,Google Maps,3.7,Actif,2026-06-29T00:14:35.661325,basse
BJ-44D61910,Super Magasin,Commerce & Distribution,Bopa,+229 23 17 74 93,super.magasin@super.magasin.com,,PME (10-50),B2C,Google Maps,4.0,Actif,2026-06-29T00:14:35.661357,moyenne
BJ-72D5A436,Commerce Distribution Market Bopa,Commerce & Distribution,Bopa,+229 94 40 25 89,commerce.distribution.market.bopa@commerce.distribution.market.bopa.com,commercedistributionmarketbopa.bj,TPE (<10),B2C,Google Maps,4.2,Actif,2026-06-29T00:14:35.661391,haute
BJ-0A770928,Commerce Provision Bopa,Commerce & Distribution,Bopa,+229 31 36 93 93,commerce.provision.bopa@commerce.provision.bopa.org,,PME (10-50),B2C,Google Maps,4.7,Actif,2026-06-29T00:14:35.661414,moyenne
BJ-C355A903,Marché Provision Market,Commerce & Distribution,Bopa,+229 20 87 64 74,marché.provision.market@marché.provision.market.bj,marchéprovisionmarket.bj,TPE (<10),B2C,Google Maps,3.0,Actif,2026-06-29T00:14:35.661438,haute
BJ-7ACB0E03,Commerce,Commerce & Distribution,Houéyogbé,+229 51 71 88 37,,commerce.bj,PME (10-50),B2B/B2C,Google Maps,3.4,Actif,2026-06-29T00:14:35.661474,moyenne
BJ-528850E4,Commerce Stock Shop,Commerce & Distribution,Houéyogbé,+229 27 60 14 71,,,PME (50-200),B2B/B2C,Google Maps,3.1,Actif,2026-06-29T00:14:35.661497,basse
BJ-A3EA4374,Commerce Grossiste Store,Commerce & Distribution,Houéyogbé,+229 26 39 77 16,,,PME (10-50),B2B/B2C,Google Maps,4.1,Actif,2026-06-29T00:14:35.661519,basse
BJ-12C4A85B,Détaillant Houéyogbé,Commerce & Distribution,Houéyogbé,+229 40 11 48 86,,,PME (10-50),B2C,Google Maps,4.0,Actif,2026-06-29T00:14:35.661541,basse
BJ-9FA1C9CB,Super Détaillant Groupe,Commerce & Distribution,Houéyogbé,+229 37 12 74 70,super.détaillant.groupe@super.détaillant.groupe.bj,superdétaillantgroupe.bj,PME (10-50),B2C,Google Maps,3.2,Actif,2026-06-29T00:14:35.661569,haute
BJ-D5BDCA66,Magasin,Commerce & Distribution,Malanville,+229 52 28 49 74,magasin@magasin.benin,magasin.bj,TPE (<10),B2B/B2C,Google Maps,4.0,Actif,2026-06-29T00:14:35.661605,haute
BJ-7A41FA64,Commerce Détaillant,Commerce & Distribution,Malanville,+229 85 80 73 40,,commercedétaillant.bj,PME (50-200),B2B/B2C,Google Maps,3.6,Actif,2026-06-29T00:14:35.661630,moyenne
BJ-87C2790B,Distribution Commerce,Commerce & Distribution,Malanville,+229 42 63 17 43,distribution.commerce@distribution.commerce.org,distributioncommerce.bj,Grande (>200),B2C,Google Maps,4.9,Actif,2026-06-29T00:14:35.661655,haute
BJ-0054038C,Ets Boutique Store,Commerce & Distribution,Malanville,+229 20 90 46 87,,,PME (50-200),B2C,Google Maps,4.3,Actif,2026-06-29T00:14:35.661675,basse
BJ-9F0A950D,Distribution,Commerce & Distribution,Malanville,+229 63 73 88 17,,,PME (50-200),B2C,Google Maps,3.2,Actif,2026-06-29T00:14:35.661702,basse
BJ-C819AE51,Provision,Commerce & Distribution,Kandi,+229 48 44 49 94,,provision.bj,TPE (<10),B2B/B2C,Google Maps,4.6,Actif,2026-06-29T00:14:35.661921,moyenne
BJ-0C5747ED,Groupe Grossiste,Commerce & Distribution,Kandi,+229 54 68 87 19,,groupegrossiste.bj,PME (10-50),B2B/B2C,Google Maps,3.9,Actif,2026-06-29T00:14:35.661958,moyenne
BJ-6314CA1A,Boutique,Commerce & Distribution,Kandi,+229 28 30 90 30,boutique@boutique.bj,,PME (50-200),B2C,Google Maps,4.2,Actif,2026-06-29T00:14:35.661984,moyenne
BJ-69615AAE,Distribution Distribution,Commerce & Distribution,Kandi,+229 92 64 20 40,distribution.distribution@distribution.distribution.org,,PME (10-50),B2B/B2C,Google Maps,4.1,Actif,2026-06-29T00:14:35.662010,moyenne
BJ-2792D2F9,Supermarché Kandi,Commerce & Distribution,Kandi,+229 53 71 58 69,,supermarchékandi.bj,TPE (<10),B2C,Google Maps,4.4,Actif,2026-06-29T00:14:35.662046,moyenne
BJ-DB6B4D00,Groupe Épicerie SARL,Commerce & Distribution,Banikoara,+229 71 47 66 45,,groupeépiceriesarl.bj,Grande (>200),B2C,Google Maps,3.1,Actif,2026-06-29T00:14:35.662099,moyenne
BJ-F16C718F,Épicerie Banikoara,Commerce & Distribution,Banikoara,+229 56 99 46 86,épicerie.banikoara@épicerie.banikoara.com,,TPE (<10),B2B/B2C,Google Maps,4.9,Actif,2026-06-29T00:14:35.662130,moyenne
BJ-A0CC8BAA,Ets Boutique SARL,Commerce & Distribution,Banikoara,+229 91 71 67 45,ets.boutique.sarl@ets.boutique.sarl.com,,TPE (<10),B2B/B2C,Google Maps,4.6,Actif,2026-06-29T00:14:35.662160,moyenne
BJ-35D79C92,Supermarché International,Commerce & Distribution,Banikoara,+229 50 69 66 65,,,PME (10-50),B2B/B2C,Google Maps,3.9,Actif,2026-06-29T00:14:35.662191,basse
BJ-8F6BD9E6,Commerce Alimentaire Shop,Commerce & Distribution,Banikoara,+229 56 85 28 79,,commercealimentaireshop.bj,PME (10-50),B2B/B2C,Google Maps,4.3,Actif,2026-06-29T00:14:35.662249,moyenne
BJ-9F6B1F23,Marché Provision Ségbana,Commerce & Distribution,Ségbana,+229 34 93 85 73,marché.provision.ségbana@marché.provision.ségbana.benin,,PME (10-50),B2C,Google Maps,3.5,Actif,2026-06-29T00:14:35.662291,moyenne
BJ-52B74600,Marché Stock Market Ségbana,Commerce & Distribution,Ségbana,+229 44 62 22 33,marché.stock.market.ségbana@marché.stock.market.ségbana.net,marchéstockmarketségbana.bj,TPE (<10),B2C,Google Maps,3.1,Actif,2026-06-29T00:14:35.662329,haute
BJ-B08A0202,Supply Shop,Commerce & Distribution,Ségbana,+229 85 55 79 54,supply.shop@supply.shop.bj,,TPE (<10),B2C,Google Maps,3.6,Actif,2026-06-29T00:14:35.662360,moyenne
BJ-5744CD36,Commerce Distribution,Commerce & Distribution,Ségbana,+229 54 93 53 64,commerce.distribution@commerce.distribution.org,commercedistribution.bj,TPE (<10),B2C,Google Maps,3.6,Actif,2026-06-29T00:14:35.662388,haute
BJ-19694667,Super Distribution,Commerce & Distribution,Ségbana,+229 87 85 79 33,,,PME (10-50),B2C,Google Maps,3.2,Actif,2026-06-29T00:14:35.662414,basse
BJ-D17896B0,Commerce Provision Bénin,Commerce & Distribution,Karimama,+229 56 38 42 68,commerce.provision.bénin@commerce.provision.bénin.com,commerceprovisionbénin.bj,TPE (<10),B2C,Google Maps,3.1,Actif,2026-06-29T00:14:35.662464,haute
BJ-0FC030BA,Stock Karimama,Commerce & Distribution,Karimama,+229 87 53 20 57,stock.karimama@stock.karimama.net,,PME (50-200),B2B/B2C,Google Maps,4.1,Actif,2026-06-29T00:14:35.662497,moyenne
BJ-D6C843DF,SARL Marché,Commerce & Distribution,Karimama,+229 98 85 20 28,sarl.marché@sarl.marché.net,,PME (10-50),B2C,Google Maps,4.4,Actif,2026-06-29T00:14:35.662534,moyenne
BJ-FA1589FF,Distribution Provision Store,Commerce & Distribution,Karimama,+229 28 84 24 48,,,PME (50-200),B2C,Google Maps,4.0,Actif,2026-06-29T00:14:35.662558,basse
BJ-D0B72381,Grossiste Shop Karimama,Commerce & Distribution,Karimama,+229 56 52 61 36,,grossisteshopkarimama.bj,TPE (<10),B2B/B2C,Google Maps,4.6,Actif,2026-06-29T00:14:35.662586,moyenne
BJ-AD0C388F,Stock Bénin Gogounou,Commerce & Distribution,Gogounou,+229 63 74 37 51,,stockbéningogounou.bj,Grande (>200),B2B/B2C,Google Maps,4.3,Actif,2026-06-29T00:14:35.662629,moyenne
BJ-5065CF06,Marché Grossiste,Commerce & Distribution,Gogounou,+229 20 40 71 12,,,PME (10-50),B2B/B2C,Google Maps,4.0,Actif,2026-06-29T00:14:35.662657,basse
BJ-0F0AB5DE,Provision Bénin,Commerce & Distribution,Gogounou,+229 55 64 19 33,,provisionbénin.bj,TPE (<10),B2C,Google Maps,4.1,Actif,2026-06-29T00:14:35.662685,moyenne
BJ-9A38E8B4,Centre Détaillant International Gogounou,Commerce & Distribution,Gogounou,+229 58 97 44 73,,,PME (50-200),B2B/B2C,Google Maps,4.6,Actif,2026-06-29T00:14:35.662722,basse
BJ-BE6DBA7B,Distribution Supermarché Market Gogounou,Commerce & Distribution,Gogounou,+229 78 58 30 34,distribution.supermarché.market.gogounou@distribution.supermarché.market.gogounou.bj,,PME (50-200),B2B/B2C,Google Maps,3.3,Actif,2026-06-29T00:14:35.662756,moyenne
BJ-1F384368,Boutique Market Cobly,Commerce & Distribution,Cobly,+229 98 33 58 71,,,TPE (<10),B2C,Google Maps,3.2,Actif,2026-06-29T00:14:35.662798,basse
BJ-71ADF2ED,Distribution Distribution,Commerce & Distribution,Cobly,+229 39 35 21 89,distribution.distribution@distribution.distribution.bj,,TPE (<10),B2B/B2C,Google Maps,4.4,Actif,2026-06-29T00:14:35.662826,moyenne
BJ-A8BB2A3F,Commerce Grossiste SARL,Commerce & Distribution,Cobly,+229 55 20 42 45,commerce.grossiste.sarl@commerce.grossiste.sarl.bj,commercegrossistesarl.bj,PME (10-50),B2B/B2C,Google Maps,3.4,Actif,2026-06-29T00:14:35.662855,haute
BJ-F7DAB5F7,Commerce,Commerce & Distribution,Cobly,+229 50 97 66 76,commerce@commerce.net,,TPE (<10),B2C,Google Maps,3.9,Actif,2026-06-29T00:14:35.662880,moyenne
BJ-E2025113,Magasin Shop,Commerce & Distribution,Cobly,+229 84 74 81 84,,magasinshop.bj,TPE (<10),B2C,Google Maps,5.0,Actif,2026-06-29T00:14:35.662927,moyenne
BJ-50ED66B5,Super Provision Store,Commerce & Distribution,Tanguiéta,+229 39 70 61 14,,superprovisionstore.bj,PME (10-50),B2B/B2C,Google Maps,4.6,Actif,2026-06-29T00:14:35.662973,moyenne
BJ-D90A15DA,Magasin,Commerce & Distribution,Tanguiéta,+229 83 30 83 10,,magasin.bj,PME (50-200),B2B/B2C,Google Maps,4.3,Actif,2026-06-29T00:14:35.662998,moyenne
BJ-15BA4085,Ets Magasin SARL,Commerce & Distribution,Tanguiéta,+229 27 61 24 76,ets.magasin.sarl@ets.magasin.sarl.com,,TPE (<10),B2C,Google Maps,3.4,Actif,2026-06-29T00:14:35.663022,moyenne
BJ-EB5E0329,SARL Provision,Commerce & Distribution,Tanguiéta,+229 63 66 94 31,sarl.provision@sarl.provision.bj,sarlprovision.bj,Grande (>200),B2B/B2C,Google Maps,4.8,Actif,2026-06-29T00:14:35.663047,haute
BJ-0300CC37,Épicerie International,Commerce & Distribution,Matéri,+229 43 72 96 86,épicerie.international@épicerie.international.benin,épicerieinternational.bj,PME (10-50),B2B/B2C,Google Maps,3.1,Actif,2026-06-29T00:14:35.663111,haute
BJ-8765B0C3,Supermarché Market,Commerce & Distribution,Matéri,+229 92 52 26 18,supermarché.market@supermarché.market.net,supermarchémarket.bj,PME (10-50),B2C,Google Maps,5.0,Actif,2026-06-29T00:14:35.663140,haute
BJ-919B2AA3,Distribution International,Commerce & Distribution,Matéri,+229 80 89 33 95,distribution.international@distribution.international.bj,,TPE (<10),B2B/B2C,Google Maps,3.1,Actif,2026-06-29T00:14:35.663166,moyenne
BJ-DF5109C4,Marché Détaillant Shop,Commerce & Distribution,Matéri,+229 48 54 41 73,,marchédétaillantshop.bj,PME (50-200),B2C,Google Maps,3.2,Actif,2026-06-29T00:14:35.663191,moyenne
BJ-E7A156F9,Marché Grossiste,Commerce & Distribution,Matéri,+229 46 86 33 55,marché.grossiste@marché.grossiste.bj,,TPE (<10),B2C,Google Maps,4.3,Actif,2026-06-29T00:14:35.663225,moyenne
BJ-E92CFDF7,Distribution Distribution,Commerce & Distribution,Natitingou,+229 57 88 80 17,,,PME (10-50),B2C,Google Maps,4.3,Actif,2026-06-29T00:14:35.663279,basse
BJ-C24ACC03,Détaillant Bénin Natitingou,Commerce & Distribution,Natitingou,+229 75 41 42 93,,,PME (10-50),B2B/B2C,Google Maps,4.3,Actif,2026-06-29T00:14:35.663313,basse
BJ-5C034653,SARL Distribution Bénin,Commerce & Distribution,Natitingou,+229 47 72 69 81,sarl.distribution.bénin@sarl.distribution.bénin.bj,,TPE (<10),B2C,Google Maps,4.4,Actif,2026-06-29T00:14:35.663349,moyenne
BJ-52E609C4,Boutique,Commerce & Distribution,Natitingou,+229 80 90 83 88,boutique@boutique.net,boutique.bj,PME (10-50),B2B/B2C,Google Maps,3.5,Actif,2026-06-29T00:14:35.663409,haute
BJ-5328FBF1,Super Supermarché Shop,Commerce & Distribution,Natitingou,+229 48 47 64 27,,,TPE (<10),B2B/B2C,Google Maps,3.5,Actif,2026-06-29T00:14:35.663442,basse
BJ-A6E0E101,Alimentaire Shop,Commerce & Distribution,Toucountouna,+229 81 43 84 79,alimentaire.shop@alimentaire.shop.org,alimentaireshop.bj,PME (10-50),B2B/B2C,Google Maps,4.4,Actif,2026-06-29T00:14:35.663487,haute
BJ-680B1C60,Stock,Commerce & Distribution,Toucountouna,+229 63 42 70 83,,stock.bj,TPE (<10),B2B/B2C,Google Maps,4.7,Actif,2026-06-29T00:14:35.663520,moyenne
BJ-FD39D02A,Marché Provision Store Toucountouna,Commerce & Distribution,Toucountouna,+229 46 37 30 74,,,PME (50-200),B2C,Google Maps,4.5,Actif,2026-06-29T00:14:35.663551,basse
BJ-5E38184A,Supply Groupe,Commerce & Distribution,Toucountouna,+229 40 21 85 92,,supplygroupe.bj,PME (50-200),B2B/B2C,Google Maps,3.6,Actif,2026-06-29T00:14:35.663584,moyenne
BJ-7794CD0F,Marché Shop,Commerce & Distribution,Toucountouna,+229 20 44 92 25,,,Grande (>200),B2C,Google Maps,3.9,Actif,2026-06-29T00:14:35.663617,basse
BJ-445F0B4D,Supermarché Groupe,Commerce & Distribution,Boukoumbé,+229 70 35 28 17,supermarché.groupe@supermarché.groupe.org,supermarchégroupe.bj,Grande (>200),B2C,Google Maps,3.6,Actif,2026-06-29T00:14:35.663665,haute
BJ-FBD49552,Centre Stock Store,Commerce & Distribution,Boukoumbé,+229 60 70 36 69,,centrestockstore.bj,TPE (<10),B2B/B2C,Google Maps,4.7,Actif,2026-06-29T00:14:35.663698,moyenne
BJ-B6034A8D,Supermarché,Commerce & Distribution,Boukoumbé,+229 81 93 23 64,,supermarché.bj,TPE (<10),B2C,Google Maps,4.6,Actif,2026-06-29T00:14:35.663736,moyenne
BJ-F249426D,Épicerie Bénin,Commerce & Distribution,Boukoumbé,+229 78 53 28 59,épicerie.bénin@épicerie.bénin.com,,TPE (<10),B2C,Google Maps,3.0,Actif,2026-06-29T00:14:35.663773,moyenne
BJ-766B9651,Grossiste,Commerce & Distribution,Boukoumbé,+229 92 47 80 97,grossiste@grossiste.bj,grossiste.bj,TPE (<10),B2C,Google Maps,3.8,Actif,2026-06-29T00:14:35.663808,haute
BJ-C117C749,Commerce Détaillant SARL,Commerce & Distribution,Kouandé,+229 45 57 70 32,commerce.détaillant.sarl@commerce.détaillant.sarl.com,,PME (50-200),B2C,Google Maps,4.5,Actif,2026-06-29T00:14:35.663862,moyenne
BJ-185E1C09,Détaillant Kouandé,Commerce & Distribution,Kouandé,+229 39 86 29 34,détaillant.kouandé@détaillant.kouandé.com,,PME (50-200),B2B/B2C,Google Maps,4.8,Actif,2026-06-29T00:14:35.663913,moyenne
BJ-C1CDEAD6,SARL Alimentaire Kouandé,Commerce & Distribution,Kouandé,+229 82 95 63 51,,sarlalimentairekouandé.bj,PME (10-50),B2B/B2C,Google Maps,4.1,Actif,2026-06-29T00:14:35.663947,moyenne
BJ-37C81F38,Ets Distribution Groupe,Commerce & Distribution,Kouandé,+229 93 44 77 99,ets.distribution.groupe@ets.distribution.groupe.com,etsdistributiongroupe.bj,TPE (<10),B2C,Google Maps,4.5,Actif,2026-06-29T00:14:35.663982,haute
BJ-FD43DEE0,Marché Provision Market,Commerce & Distribution,Kouandé,+229 60 93 19 31,,,TPE (<10),B2B/B2C,Google Maps,3.8,Actif,2026-06-29T00:14:35.664013,basse
BJ-518BF07D,Distribution SARL Péhunco,Commerce & Distribution,Péhunco,+229 91 63 22 62,distribution.sarl.péhunco@distribution.sarl.péhunco.bj,distributionsarlpéhunco.bj,Grande (>200),B2C,Google Maps,5.0,Actif,2026-06-29T00:14:35.664066,haute
BJ-DB9EAF4B,Ets Magasin,Commerce & Distribution,Péhunco,+229 59 89 48 15,,,Grande (>200),B2B/B2C,Google Maps,3.4,Actif,2026-06-29T00:14:35.664096,basse
BJ-5833111E,Marché Ets,Commerce & Distribution,Péhunco,+229 20 86 13 44,,,PME (10-50),B2B/B2C,Google Maps,4.6,Actif,2026-06-29T00:14:35.664125,basse
BJ-11409881,Marché Marché Bénin Péhunco,Commerce & Distribution,Péhunco,+229 76 22 60 97,marché.marché.bénin.péhunco@marché.marché.bénin.péhunco.com,marchémarchébéninpéhunco.bj,PME (10-50),B2B/B2C,Google Maps,3.1,Actif,2026-06-29T00:14:35.664162,haute
BJ-03E697D5,Distribution Supply,Commerce & Distribution,Péhunco,+229 79 88 15 91,,distributionsupply.bj,TPE (<10),B2B/B2C,Google Maps,4.9,Actif,2026-06-29T00:14:35.664197,moyenne
BJ-B6A2AEEC,Commerce Supply,Commerce & Distribution,Tchaourou,+229 24 70 10 68,commerce.supply@commerce.supply.benin,,PME (50-200),B2C,Google Maps,5.0,Actif,2026-06-29T00:14:35.664260,moyenne
BJ-E483F060,Super Magasin Tchaourou,Commerce & Distribution,Tchaourou,+229 25 90 11 45,super.magasin.tchaourou@super.magasin.tchaourou.bj,,TPE (<10),B2C,Google Maps,3.7,Actif,2026-06-29T00:14:35.664295,moyenne
BJ-68B4A09B,Centre Épicerie Tchaourou,Commerce & Distribution,Tchaourou,+229 56 66 57 84,centre.épicerie.tchaourou@centre.épicerie.tchaourou.benin,,PME (10-50),B2C,Google Maps,4.6,Actif,2026-06-29T00:14:35.664325,moyenne
BJ-7DFD803F,Alimentaire Groupe Tchaourou,Commerce & Distribution,Tchaourou,+229 26 13 34 54,,,TPE (<10),B2C,Google Maps,4.0,Actif,2026-06-29T00:14:35.664349,basse
BJ-4D426BB3,Alimentaire,Commerce & Distribution,Tchaourou,+229 73 71 84 84,,alimentaire.bj,PME (10-50),B2C,Google Maps,4.6,Actif,2026-06-29T00:14:35.664384,moyenne
BJ-6B41F25C,Boutique International,Commerce & Distribution,Nikki,+229 22 11 61 86,boutique.international@boutique.international.bj,,TPE (<10),B2C,Google Maps,4.3,Actif,2026-06-29T00:14:35.664437,moyenne
BJ-C8AE88E3,Marché Supermarché Market,Commerce & Distribution,Nikki,+229 88 74 95 29,,,PME (10-50),B2B/B2C,Google Maps,3.4,Actif,2026-06-29T00:14:35.664468,basse
BJ-9ABC3AE2,Boutique Shop,Commerce & Distribution,Nikki,+229 44 14 40 19,,,TPE (<10),B2B/B2C,Google Maps,3.7,Actif,2026-06-29T00:14:35.664499,basse
BJ-1CD6DE1C,Stock International,Commerce & Distribution,Nikki,+229 81 76 24 66,,,PME (10-50),B2C,Google Maps,4.0,Actif,2026-06-29T00:14:35.664529,basse
BJ-23380684,Boutique Groupe,Commerce & Distribution,Nikki,+229 52 27 50 98,boutique.groupe@boutique.groupe.com,boutiquegroupe.bj,TPE (<10),B2B/B2C,Google Maps,3.3,Actif,2026-06-29T00:14:35.664566,haute
BJ-766A3F49,Stock Bembéréké,Commerce & Distribution,Bembéréké,+229 98 84 99 99,stock.bembéréké@stock.bembéréké.benin,stockbembéréké.bj,PME (50-200),B2C,Google Maps,3.3,Actif,2026-06-29T00:14:35.664642,haute
BJ-27AC304E,Super Supermarché,Commerce & Distribution,Bembéréké,+229 72 31 76 12,super.supermarché@super.supermarché.net,supersupermarché.bj,Grande (>200),B2C,Google Maps,4.5,Actif,2026-06-29T00:14:35.664688,haute
BJ-0C891979,Marché Grossiste Bénin,Commerce & Distribution,Bembéréké,+229 88 29 73 82,marché.grossiste.bénin@marché.grossiste.bénin.com,,PME (50-200),B2B/B2C,Google Maps,4.2,Actif,2026-06-29T00:14:35.664731,moyenne
BJ-162D056C,Magasin,Commerce & Distribution,Bembéréké,+229 61 66 68 70,magasin@magasin.bj,magasin.bj,PME (50-200),B2B/B2C,Google Maps,3.5,Actif,2026-06-29T00:14:35.664778,haute
BJ-F8282CF6,Grossiste Ets,Commerce & Distribution,Bembéréké,+229 89 32 87 84,,,PME (10-50),B2C,Google Maps,3.7,Actif,2026-06-29T00:14:35.664822,basse
BJ-5DEC6BDA,Boutique,Commerce & Distribution,Kalalé,+229 73 91 40 17,,,Grande (>200),B2B/B2C,Google Maps,4.2,Actif,2026-06-29T00:14:35.664887,basse
BJ-1C196277,Stock Bénin Kalalé,Commerce & Distribution,Kalalé,+229 38 12 32 87,,,Grande (>200),B2C,Google Maps,3.1,Actif,2026-06-29T00:14:35.664954,basse
BJ-131848C0,Magasin Bénin Kalalé,Commerce & Distribution,Kalalé,+229 66 26 44 20,magasin.bénin.kalalé@magasin.bénin.kalalé.com,magasinbéninkalalé.bj,PME (50-200),B2B/B2C,Google Maps,3.4,Actif,2026-06-29T00:14:35.664992,haute
BJ-F661B0BB,Groupe Supply,Commerce & Distribution,Kalalé,+229 54 37 73 69,,,Grande (>200),B2B/B2C,Google Maps,3.9,Actif,2026-06-29T00:14:35.665022,basse
BJ-872ABBA5,Ets Stock,Commerce & Distribution,Kalalé,+229 95 52 64 62,ets.stock@ets.stock.com,,PME (10-50),B2C,Google Maps,4.0,Actif,2026-06-29T00:14:35.665055,moyenne
BJ-A4FE63F0,Stock,Commerce & Distribution,Ndali,+229 47 20 48 21,stock@stock.bj,stock.bj,TPE (<10),B2B/B2C,Google Maps,4.0,Actif,2026-06-29T00:14:35.665099,haute
BJ-4289A4DD,SARL Épicerie,Commerce & Distribution,Ndali,+229 90 87 12 57,,sarlépicerie.bj,PME (50-200),B2B/B2C,Google Maps,3.4,Actif,2026-06-29T00:14:35.665132,moyenne
BJ-EFCA3958,Super Boutique Market,Commerce & Distribution,Ndali,+229 88 38 72 33,super.boutique.market@super.boutique.market.org,superboutiquemarket.bj,Grande (>200),B2C,Google Maps,4.8,Actif,2026-06-29T00:14:35.665166,haute
BJ-795B3E8A,Grossiste Store,Commerce & Distribution,Ndali,+229 36 57 92 74,,,PME (10-50),B2C,Google Maps,4.6,Actif,2026-06-29T00:14:35.665194,basse
BJ-FB77C7FB,Marché International,Commerce & Distribution,Ndali,+229 77 63 14 67,,,TPE (<10),B2C,Google Maps,4.3,Actif,2026-06-29T00:14:35.665226,basse
BJ-53AD99B6,Grossiste,Commerce & Distribution,Ségbana,+229 76 34 28 70,,grossiste.bj,TPE (<10),B2C,Google Maps,4.1,Actif,2026-06-29T00:14:35.665273,moyenne
BJ-120F78BC,Super Alimentaire SARL,Commerce & Distribution,Ségbana,+229 93 84 91 90,super.alimentaire.sarl@super.alimentaire.sarl.com,,TPE (<10),B2B/B2C,Google Maps,4.7,Actif,2026-06-29T00:14:35.665308,moyenne
BJ-66161CB2,Marché Distribution,Commerce & Distribution,Ségbana,+229 90 31 73 24,marché.distribution@marché.distribution.benin,,Grande (>200),B2C,Google Maps,3.9,Actif,2026-06-29T00:14:35.665342,moyenne
BJ-9DD263EB,Distribution Supermarché Ségbana,Commerce & Distribution,Ségbana,+229 41 34 48 27,,,TPE (<10),B2C,Google Maps,3.6,Actif,2026-06-29T00:14:35.665376,basse
BJ-A6CA585A,Super Commerce,Commerce & Distribution,Ségbana,+229 73 30 45 32,,,PME (50-200),B2B/B2C,Google Maps,4.3,Actif,2026-06-29T00:14:35.665409,basse
BJ-9B4B8AFB,Stock,Commerce & Distribution,Tchaourou,+229 26 86 90 94,stock@stock.benin,,PME (50-200),B2B/B2C,Google Maps,4.2,Actif,2026-06-29T00:14:35.665459,moyenne
BJ-9ED135B2,Provision SARL,Commerce & Distribution,Tchaourou,+229 55 28 35 48,,,PME (10-50),B2B/B2C,Google Maps,3.7,Actif,2026-06-29T00:14:35.665493,basse
BJ-493AF46A,Ets Commerce Store Tchaourou,Commerce & Distribution,Tchaourou,+229 24 29 94 27,,etscommercestoretchaourou.bj,PME (10-50),B2B/B2C,Google Maps,3.3,Actif,2026-06-29T00:14:35.665530,moyenne
BJ-1EDEDFC0,Centre Supermarché,Commerce & Distribution,Tchaourou,+229 41 80 75 45,centre.supermarché@centre.supermarché.com,,TPE (<10),B2B/B2C,Google Maps,3.2,Actif,2026-06-29T00:14:35.665566,moyenne
BJ-7E6EC91D,Boutique Shop,Commerce & Distribution,Tchaourou,+229 91 53 53 26,,boutiqueshop.bj,PME (50-200),B2B/B2C,Google Maps,3.9,Actif,2026-06-29T00:14:35.665598,moyenne
BJ-57F632E7,Supermarché,Commerce & Distribution,Bétérou,+229 54 35 70 60,,,PME (10-50),B2C,Google Maps,4.8,Actif,2026-06-29T00:14:35.665639,basse
BJ-2813DFDA,Groupe Supply Groupe Bétérou,Commerce & Distribution,Bétérou,+229 35 78 82 77,groupe.supply.groupe.bétérou@groupe.supply.groupe.bétérou.bj,,PME (50-200),B2B/B2C,Google Maps,4.0,Actif,2026-06-29T00:14:35.665671,moyenne
BJ-C3992720,Marché Stock Shop,Commerce & Distribution,Bétérou,+229 68 50 99 35,,,Grande (>200),B2B/B2C,Google Maps,3.5,Actif,2026-06-29T00:14:35.665700,basse
BJ-D89CF10B,Boutique Ets,Commerce & Distribution,Bétérou,+229 65 93 24 14,,,PME (50-200),B2B/B2C,Google Maps,4.8,Actif,2026-06-29T00:14:35.665729,basse
BJ-FA8FA392,Magasin Market Bétérou,Commerce & Distribution,Bétérou,+229 44 56 21 41,magasin.market.bétérou@magasin.market.bétérou.benin,magasinmarketbétérou.bj,TPE (<10),B2C,Google Maps,3.5,Actif,2026-06-29T00:14:35.665763,haute
BJ-E3575D07,Ets Provision Ouessè,Commerce & Distribution,Ouessè,+229 71 75 13 56,,,TPE (<10),B2C,Google Maps,4.7,Actif,2026-06-29T00:14:35.665802,basse
BJ-6D4AD809,Provision SARL,Commerce & Distribution,Ouessè,+229 20 15 24 53,,,TPE (<10),B2B/B2C,Google Maps,4.5,Actif,2026-06-29T00:14:35.665831,basse
BJ-D561FA92,Distribution Ouessè,Commerce & Distribution,Ouessè,+229 26 34 45 91,,,PME (50-200),B2B/B2C,Google Maps,4.1,Actif,2026-06-29T00:14:35.665859,basse
BJ-8FDA2C9E,Distribution Supply Store,Commerce & Distribution,Ouessè,+229 35 51 78 58,,distributionsupplystore.bj,PME (50-200),B2B/B2C,Google Maps,4.6,Actif,2026-06-29T00:14:35.665906,moyenne
BJ-16C73929,Ets Boutique,Commerce & Distribution,Ouessè,+229 51 43 26 12,ets.boutique@ets.boutique.net,etsboutique.bj,TPE (<10),B2B/B2C,Google Maps,4.1,Actif,2026-06-29T00:14:35.665940,haute
BJ-6CAE9DC4,Stock,Commerce & Distribution,Glazoué,+229 83 65 68 70,,,PME (10-50),B2C,Google Maps,3.5,Actif,2026-06-29T00:14:35.665979,basse
BJ-B4F20D94,Supply Store Glazoué,Commerce & Distribution,Glazoué,+229 66 29 20 44,supply.store.glazoué@supply.store.glazoué.benin,,TPE (<10),B2C,Google Maps,4.5,Actif,2026-06-29T00:14:35.666012,moyenne
BJ-3085EE1B,Commerce Magasin,Commerce & Distribution,Glazoué,+229 96 20 24 19,,,PME (10-50),B2B/B2C,Google Maps,4.5,Actif,2026-06-29T00:14:35.666045,basse
BJ-0A4CCDE6,Centre Alimentaire Groupe,Commerce & Distribution,Glazoué,+229 93 28 34 54,,,PME (10-50),B2B/B2C,Google Maps,3.3,Actif,2026-06-29T00:14:35.666072,basse
BJ-894E122E,Distribution Détaillant Store Glazoué,Commerce & Distribution,Glazoué,+229 80 29 99 62,,distributiondétaillantstoreglazoué.bj,TPE (<10),B2C,Google Maps,3.6,Actif,2026-06-29T00:14:35.666105,moyenne
BJ-8F84E4C5,Marché Supermarché SARL Dassa-Zoumè,Commerce & Distribution,Dassa-Zoumè,+229 85 94 35 50,,,PME (10-50),B2C,Google Maps,4.1,Actif,2026-06-29T00:14:35.666144,basse
BJ-4239E788,Commerce Grossiste,Commerce & Distribution,Dassa-Zoumè,+229 22 77 42 56,,commercegrossiste.bj,TPE (<10),B2B/B2C,Google Maps,4.3,Actif,2026-06-29T00:14:35.666172,moyenne
BJ-CF460313,Supply Market,Commerce & Distribution,Dassa-Zoumè,+229 22 58 93 37,supply.market@supply.market.net,,PME (10-50),B2C,Google Maps,4.1,Actif,2026-06-29T00:14:35.666202,moyenne
BJ-4F238CF9,Marché Détaillant Shop,Commerce & Distribution,Dassa-Zoumè,+229 59 89 89 17,marché.détaillant.shop@marché.détaillant.shop.benin,,PME (10-50),B2C,Google Maps,3.7,Actif,2026-06-29T00:14:35.666234,moyenne
BJ-8165FB7B,Commerce Provision Bénin,Commerce & Distribution,Dassa-Zoumè,+229 85 48 33 24,,commerceprovisionbénin.bj,PME (10-50),B2B/B2C,Google Maps,3.8,Actif,2026-06-29T00:14:35.666266,moyenne
BJ-6CA89F96,Grossiste Bénin,Commerce & Distribution,Savalou,+229 42 29 72 62,grossiste.bénin@grossiste.bénin.org,,TPE (<10),B2B/B2C,Google Maps,3.6,Actif,2026-06-29T00:14:35.666314,moyenne
BJ-76B7258F,Alimentaire Store,Commerce & Distribution,Savalou,+229 83 35 87 79,,,PME (10-50),B2B/B2C,Google Maps,3.6,Actif,2026-06-29T00:14:35.666346,basse
BJ-B8B430D9,Marché Ets,Commerce & Distribution,Savalou,+229 89 58 89 40,,,TPE (<10),B2B/B2C,Google Maps,4.5,Actif,2026-06-29T00:14:35.666376,basse
BJ-ED4D80C0,Commerce Stock Ets,Commerce & Distribution,Savalou,+229 90 77 41 54,,,TPE (<10),B2B/B2C,Google Maps,3.3,Actif,2026-06-29T00:14:35.666406,basse
BJ-B1DD6D93,Boutique Ets,Commerce & Distribution,Savalou,+229 72 60 12 14,boutique.ets@boutique.ets.org,,TPE (<10),B2C,Google Maps,4.5,Actif,2026-06-29T00:14:35.666441,moyenne
BJ-A04B3527,Magasin Groupe,Commerce & Distribution,Bantè,+229 44 80 39 74,,,PME (10-50),B2B/B2C,Google Maps,4.2,Actif,2026-06-29T00:14:35.666483,basse
BJ-03A0EC64,Centre Commerce Groupe Bantè,Commerce & Distribution,Bantè,+229 78 62 78 31,centre.commerce.groupe.bantè@centre.commerce.groupe.bantè.org,,PME (10-50),B2B/B2C,Google Maps,3.5,Actif,2026-06-29T00:14:35.666514,moyenne
BJ-2956DC10,Épicerie Market,Commerce & Distribution,Bantè,+229 23 35 28 19,,,PME (50-200),B2C,Google Maps,3.8,Actif,2026-06-29T00:14:35.666543,basse
BJ-35D8A2EB,Magasin,Commerce & Distribution,Bantè,+229 26 94 94 96,magasin@magasin.benin,magasin.bj,TPE (<10),B2B/B2C,Google Maps,4.6,Actif,2026-06-29T00:14:35.666574,haute
BJ-CDA25E0C,Supermarché,Commerce & Distribution,Bantè,+229 53 22 69 35,supermarché@supermarché.org,,PME (50-200),B2B/B2C,Google Maps,3.8,Actif,2026-06-29T00:14:35.666608,moyenne
BJ-4F6C38B2,Provision,Commerce & Distribution,Djougou,+229 93 58 33 26,,,PME (50-200),B2C,Google Maps,4.9,Actif,2026-06-29T00:14:35.666651,basse
BJ-0973E13B,Boutique,Commerce & Distribution,Djougou,+229 52 98 43 50,,,TPE (<10),B2B/B2C,Google Maps,4.4,Actif,2026-06-29T00:14:35.666679,basse
BJ-3BE35908,Magasin Groupe,Commerce & Distribution,Djougou,+229 45 26 56 43,,,PME (50-200),B2B/B2C,Google Maps,3.1,Actif,2026-06-29T00:14:35.666709,basse
BJ-37DD90E2,Centre Alimentaire Bénin Djougou,Commerce & Distribution,Djougou,+229 37 26 63 20,centre.alimentaire.bénin.djougou@centre.alimentaire.bénin.djougou.org,,TPE (<10),B2C,Google Maps,4.4,Actif,2026-06-29T00:14:35.666748,moyenne
BJ-BC35B0A8,SARL Magasin Market,Commerce & Distribution,Djougou,+229 21 17 21 39,,,PME (10-50),B2B/B2C,Google Maps,3.1,Actif,2026-06-29T00:14:35.666777,basse
BJ-81C32236,Groupe Alimentaire,Commerce & Distribution,Ouèssè,+229 34 26 10 14,groupe.alimentaire@groupe.alimentaire.benin,,PME (50-200),B2C,Google Maps,3.2,Actif,2026-06-29T00:14:35.666824,moyenne
BJ-A6E5EB0D,Ets Épicerie Ouèssè,Commerce & Distribution,Ouèssè,+229 25 47 66 62,,,PME (50-200),B2C,Google Maps,4.5,Actif,2026-06-29T00:14:35.666856,basse
BJ-F931E24A,Commerce Ouèssè,Commerce & Distribution,Ouèssè,+229 69 38 86 99,,,PME (10-50),B2B/B2C,Google Maps,4.9,Actif,2026-06-29T00:14:35.666921,basse
BJ-CFFD9C3B,Magasin,Commerce & Distribution,Ouèssè,+229 85 96 53 40,,magasin.bj,PME (10-50),B2B/B2C,Google Maps,4.1,Actif,2026-06-29T00:14:35.666958,moyenne
BJ-612FB1C4,Distribution Ets Ouèssè,Commerce & Distribution,Ouèssè,+229 98 31 14 75,,,TPE (<10),B2C,Google Maps,3.1,Actif,2026-06-29T00:14:35.666990,basse
BJ-3355A3B6,Provision,Commerce & Distribution,Bassila,+229 81 77 99 94,provision@provision.benin,provision.bj,PME (10-50),B2C,Google Maps,4.6,Actif,2026-06-29T00:14:35.667038,haute
BJ-4CCFD11A,Marché,Commerce & Distribution,Bassila,+229 22 87 13 76,marché@marché.bj,marché.bj,PME (10-50),B2C,Google Maps,3.3,Actif,2026-06-29T00:14:35.667069,haute
BJ-822F4014,Centre Détaillant,Commerce & Distribution,Bassila,+229 96 31 84 77,,centredétaillant.bj,TPE (<10),B2B/B2C,Google Maps,4.1,Actif,2026-06-29T00:14:35.667099,moyenne
BJ-8F94AF54,Distribution Supply,Commerce & Distribution,Bassila,+229 46 63 66 59,distribution.supply@distribution.supply.bj,,Grande (>200),B2B/B2C,Google Maps,3.5,Actif,2026-06-29T00:14:35.667130,moyenne
BJ-6D31E562,Commerce,Commerce & Distribution,Bassila,+229 49 22 25 76,,,PME (10-50),B2B/B2C,Google Maps,3.6,Actif,2026-06-29T00:14:35.667158,basse
BJ-EE7FE165,Grossiste Pehunco,Commerce & Distribution,Pehunco,+229 33 38 19 52,,,PME (10-50),B2C,Google Maps,4.5,Actif,2026-06-29T00:14:35.667197,basse
BJ-3AC98882,Marché Distribution,Commerce & Distribution,Pehunco,+229 69 90 21 88,,,TPE (<10),B2C,Google Maps,3.6,Actif,2026-06-29T00:14:35.667228,basse
BJ-8D58D050,Marché,Commerce & Distribution,Pehunco,+229 48 93 53 73,,marché.bj,TPE (<10),B2B/B2C,Google Maps,3.8,Actif,2026-06-29T00:14:35.667259,moyenne
BJ-008C33AE,Provision International Pehunco,Commerce & Distribution,Pehunco,+229 52 87 63 61,provision.international.pehunco@provision.international.pehunco.org,provisioninternationalpehunco.bj,TPE (<10),B2C,Google Maps,3.8,Actif,2026-06-29T00:14:35.667296,haute
BJ-9BEEFD06,Provision,Commerce & Distribution,Pehunco,+229 25 55 86 80,,,PME (10-50),B2B/B2C,Google Maps,3.7,Actif,2026-06-29T00:14:35.667326,basse
BJ-7B75624C,Supermarché Copargo,Commerce & Distribution,Copargo,+229 72 58 77 78,,supermarchécopargo.bj,PME (10-50),B2B/B2C,Google Maps,4.6,Actif,2026-06-29T00:14:35.667369,moyenne
BJ-21794E7A,Ets Distribution Groupe Copargo,Commerce & Distribution,Copargo,+229 49 13 11 37,,,Grande (>200),B2C,Google Maps,3.8,Actif,2026-06-29T00:14:35.667402,basse
BJ-667585CA,Super Supply,Commerce & Distribution,Copargo,+229 83 28 16 19,,,PME (50-200),B2C,Google Maps,4.9,Actif,2026-06-29T00:14:35.667432,basse
BJ-F25DE8FC,Commerce,Commerce & Distribution,Copargo,+229 36 87 94 31,commerce@commerce.benin,,TPE (<10),B2B/B2C,Google Maps,3.8,Actif,2026-06-29T00:14:35.667464,moyenne
BJ-E1AEB66F,Ets Boutique International,Commerce & Distribution,Copargo,+229 46 95 38 82,ets.boutique.international@ets.boutique.international.bj,etsboutiqueinternational.bj,PME (10-50),B2C,Google Maps,4.7,Actif,2026-06-29T00:14:35.667496,haute
BJ-F29E7D4F,Grand Hotel,Restauration & Hôtellerie,Cotonou,+229 22 86 13 35,grand.hotel@grand.hotel.bj,grandhotel.bj,TPE (<10),B2C,Google Maps,3.8,Actif,2026-06-29T00:14:35.667548,haute
BJ-78FB2598,Plage Bénin,Restauration & Hôtellerie,Cotonou,+229 69 91 71 54,plage.bénin@plage.bénin.org,plagebénin.bj,PME (10-50),B2C,Google Maps,4.7,Actif,2026-06-29T00:14:35.667586,haute
BJ-E4C0D88C,Bar Jardin Bénin Cotonou,Restauration & Hôtellerie,Cotonou,+229 27 20 65 19,bar.jardin.bénin.cotonou@bar.jardin.bénin.cotonou.net,barjardinbénincotonou.bj,Grande (>200),B2C,Google Maps,4.4,Actif,2026-06-29T00:14:35.667621,haute
BJ-9FF9AAB7,Gourmet Cotonou,Restauration & Hôtellerie,Cotonou,+229 38 42 10 20,,gourmetcotonou.bj,PME (10-50),B2C,Google Maps,4.5,Actif,2026-06-29T00:14:35.667652,moyenne
BJ-58830930,Grand Palace Cotonou,Restauration & Hôtellerie,Cotonou,+229 53 64 85 97,,grandpalacecotonou.bj,PME (10-50),B2C,Google Maps,4.6,Actif,2026-06-29T00:14:35.667682,moyenne
BJ-AB25922B,Auberge Goût International,Restauration & Hôtellerie,Abomey-Calavi,+229 66 11 31 63,,aubergegoûtinternational.bj,PME (10-50),B2C,Google Maps,4.9,Actif,2026-06-29T00:14:35.667725,moyenne
BJ-7F88D241,Restaurant Saveur,Restauration & Hôtellerie,Abomey-Calavi,+229 36 72 86 40,,restaurantsaveur.bj,PME (10-50),B2C,Google Maps,4.6,Actif,2026-06-29T00:14:35.667754,moyenne
BJ-B56C79E5,Détente Inn Abomey-Calavi,Restauration & Hôtellerie,Abomey-Calavi,+229 60 10 46 93,,détenteinnabomeycalavi.bj,TPE (<10),B2C,Google Maps,4.2,Actif,2026-06-29T00:14:35.667784,moyenne
BJ-F37EC9F5,Brasserie Jardin,Restauration & Hôtellerie,Abomey-Calavi,+229 85 53 16 36,,,PME (50-200),B2C,Google Maps,3.5,Actif,2026-06-29T00:14:35.667811,basse
BJ-47A566EF,Café Lac,Restauration & Hôtellerie,Abomey-Calavi,+229 57 49 41 19,café.lac@café.lac.org,cafélac.bj,TPE (<10),B2C,Google Maps,3.2,Actif,2026-06-29T00:14:35.667843,haute
BJ-644C4981,Détente,Restauration & Hôtellerie,Porto-Novo,+229 79 43 18 22,,détente.bj,PME (10-50),B2C,Google Maps,3.0,Actif,2026-06-29T00:14:35.667882,moyenne
BJ-B34954DF,Grand Bénin Porto-Novo,Restauration & Hôtellerie,Porto-Novo,+229 62 96 64 54,grand.bénin.portonovo@grand.bénin.portonovo.bj,grandbéninportonovo.bj,Grande (>200),B2C,Google Maps,4.4,Actif,2026-06-29T00:14:35.667932,haute
BJ-330408F5,Village Porto-Novo,Restauration & Hôtellerie,Porto-Novo,+229 48 82 16 82,village.portonovo@village.portonovo.bj,villageportonovo.bj,PME (10-50),B2C,Google Maps,4.6,Actif,2026-06-29T00:14:35.667964,haute
BJ-FD4CDA94,Auberge Mer,Restauration & Hôtellerie,Porto-Novo,+229 98 51 90 57,,aubergemer.bj,TPE (<10),B2C,Google Maps,3.4,Actif,2026-06-29T00:14:35.667993,moyenne
BJ-D98729EA,Auberge Nouveau Café,Restauration & Hôtellerie,Porto-Novo,+229 87 93 67 28,auberge.nouveau.café@auberge.nouveau.café.benin,aubergenouveaucafé.bj,PME (50-200),B2C,Google Maps,5.0,Actif,2026-06-29T00:14:35.668026,haute
BJ-B46A0948,Plage Brasserie Parakou,Restauration & Hôtellerie,Parakou,+229 64 95 55 69,plage.brasserie.parakou@plage.brasserie.parakou.net,plagebrasserieparakou.bj,PME (50-200),B2C,Google Maps,4.4,Actif,2026-06-29T00:14:35.668067,haute
BJ-1DDDDACF,Hôtel Goût,Restauration & Hôtellerie,Parakou,+229 71 47 29 76,,,PME (50-200),B2C,Google Maps,4.2,Actif,2026-06-29T00:14:35.668094,basse
BJ-82D6772E,Pension Gourmet Palace,Restauration & Hôtellerie,Parakou,+229 77 71 84 45,pension.gourmet.palace@pension.gourmet.palace.benin,pensiongourmetpalace.bj,TPE (<10),B2C,Google Maps,4.2,Actif,2026-06-29T00:14:35.668124,haute
BJ-EDC70BA4,Brasserie Saveur,Restauration & Hôtellerie,Parakou,+229 92 13 77 99,brasserie.saveur@brasserie.saveur.com,brasseriesaveur.bj,TPE (<10),B2C,Google Maps,3.4,Actif,2026-06-29T00:14:35.668154,haute
BJ-6293CF15,Pension Palace Inn,Restauration & Hôtellerie,Parakou,+229 84 55 44 71,,,TPE (<10),B2C,Google Maps,4.0,Actif,2026-06-29T00:14:35.668181,basse
BJ-B104FEF2,Bar Détente Hotel,Restauration & Hôtellerie,Bohicon,+229 59 59 12 58,bar.détente.hotel@bar.détente.hotel.net,,TPE (<10),B2C,Google Maps,3.3,Actif,2026-06-29T00:14:35.668221,moyenne
BJ-ACFDBD73,Brasserie Ambiance,Restauration & Hôtellerie,Bohicon,+229 82 76 49 41,brasserie.ambiance@brasserie.ambiance.org,,PME (10-50),B2C,Google Maps,3.3,Actif,2026-06-29T00:14:35.668251,moyenne
BJ-066CF2B7,Palace Bohicon,Restauration & Hôtellerie,Bohicon,+229 45 14 26 58,palace.bohicon@palace.bohicon.net,,PME (10-50),B2C,Google Maps,5.0,Actif,2026-06-29T00:14:35.668279,moyenne
BJ-E251544E,Restaurant Table Inn Bohicon,Restauration & Hôtellerie,Bohicon,+229 31 33 88 61,restaurant.table.inn.bohicon@restaurant.table.inn.bohicon.net,restauranttableinnbohicon.bj,PME (50-200),B2C,Google Maps,4.2,Actif,2026-06-29T00:14:35.668309,haute
BJ-5E68E90F,Auberge Nouveau International,Restauration & Hôtellerie,Bohicon,+229 35 77 74 47,auberge.nouveau.international@auberge.nouveau.international.bj,,PME (50-200),B2C,Google Maps,4.4,Actif,2026-06-29T00:14:35.668340,moyenne
BJ-BD1C361D,Restaurant Royal International,Restauration & Hôtellerie,Natitingou,+229 88 22 76 21,restaurant.royal.international@restaurant.royal.international.org,restaurantroyalinternational.bj,PME (50-200),B2C,Google Maps,3.5,Actif,2026-06-29T00:14:35.668384,haute
BJ-C88880CD,Plage Inn,Restauration & Hôtellerie,Natitingou,+229 40 18 56 97,plage.inn@plage.inn.bj,plageinn.bj,TPE (<10),B2C,Google Maps,3.3,Actif,2026-06-29T00:14:35.668417,haute
BJ-F2DAF321,Table Hotel,Restauration & Hôtellerie,Natitingou,+229 31 99 87 55,,,TPE (<10),B2C,Google Maps,4.9,Actif,2026-06-29T00:14:35.668446,basse
BJ-F5500938,Plage Natitingou,Restauration & Hôtellerie,Natitingou,+229 59 72 15 13,plage.natitingou@plage.natitingou.org,,PME (10-50),B2C,Google Maps,3.9,Actif,2026-06-29T00:14:35.668478,moyenne
BJ-89FBE983,Détente,Restauration & Hôtellerie,Natitingou,+229 28 93 73 68,,détente.bj,TPE (<10),B2C,Google Maps,3.2,Actif,2026-06-29T00:14:35.668511,moyenne
BJ-594BBC8A,Bar Plage Lokossa,Restauration & Hôtellerie,Lokossa,+229 52 31 12 33,,barplagelokossa.bj,Grande (>200),B2C,Google Maps,3.3,Actif,2026-06-29T00:14:35.668554,moyenne
BJ-B42824F8,Bar Table Hotel Lokossa,Restauration & Hôtellerie,Lokossa,+229 24 13 18 87,bar.table.hotel.lokossa@bar.table.hotel.lokossa.benin,bartablehotellokossa.bj,TPE (<10),B2C,Google Maps,4.3,Actif,2026-06-29T00:14:35.668588,haute
BJ-9CBDD8EA,Hôtel Goût Lokossa,Restauration & Hôtellerie,Lokossa,+229 95 24 27 81,hôtel.goût.lokossa@hôtel.goût.lokossa.org,,PME (10-50),B2C,Google Maps,4.8,Actif,2026-06-29T00:14:35.668622,moyenne
BJ-008B3976,Restaurant Lac,Restauration & Hôtellerie,Lokossa,+229 74 72 59 48,restaurant.lac@restaurant.lac.net,restaurantlac.bj,PME (50-200),B2C,Google Maps,3.5,Actif,2026-06-29T00:14:35.668659,haute
BJ-A4ABA807,Palace Lokossa,Restauration & Hôtellerie,Lokossa,+229 37 88 26 36,,,TPE (<10),B2C,Google Maps,4.2,Actif,2026-06-29T00:14:35.668689,basse
BJ-4CCE35E3,Détente Brasserie Ouidah,Restauration & Hôtellerie,Ouidah,+229 46 66 98 66,,,PME (10-50),B2C,Google Maps,4.0,Actif,2026-06-29T00:14:35.668729,basse
BJ-3B003A97,Café Ambiance Palace,Restauration & Hôtellerie,Ouidah,+229 36 78 84 62,,caféambiancepalace.bj,PME (50-200),B2C,Google Maps,4.6,Actif,2026-06-29T00:14:35.668761,moyenne
BJ-577A07F2,Table,Restauration & Hôtellerie,Ouidah,+229 74 65 70 82,,table.bj,Grande (>200),B2C,Google Maps,4.8,Actif,2026-06-29T00:14:35.668792,moyenne
BJ-16F0F996,Pension Grand,Restauration & Hôtellerie,Ouidah,+229 29 45 77 13,pension.grand@pension.grand.org,pensiongrand.bj,PME (10-50),B2C,Google Maps,3.3,Actif,2026-06-29T00:14:35.668826,haute
BJ-6B78E3C2,Village,Restauration & Hôtellerie,Ouidah,+229 78 75 76 36,village@village.net,,PME (10-50),B2C,Google Maps,3.6,Actif,2026-06-29T00:14:35.668859,moyenne
BJ-2935DFE3,Hôtel Goût Restaurant,Restauration & Hôtellerie,Savalou,+229 36 52 62 51,,hôtelgoûtrestaurant.bj,TPE (<10),B2C,Google Maps,4.6,Actif,2026-06-29T00:14:35.668932,moyenne
BJ-D6E4B8AF,Hôtel Mer Inn,Restauration & Hôtellerie,Savalou,+229 58 69 87 69,hôtel.mer.inn@hôtel.mer.inn.org,hôtelmerinn.bj,PME (50-200),B2C,Google Maps,3.1,Actif,2026-06-29T00:14:35.668969,haute
BJ-F41420F6,Nouveau Café,Restauration & Hôtellerie,Savalou,+229 70 10 67 35,nouveau.café@nouveau.café.org,,TPE (<10),B2C,Google Maps,4.2,Actif,2026-06-29T00:14:35.669002,moyenne
BJ-2C665853,Table Palace Savalou,Restauration & Hôtellerie,Savalou,+229 41 29 29 59,table.palace.savalou@table.palace.savalou.net,tablepalacesavalou.bj,TPE (<10),B2C,Google Maps,4.5,Actif,2026-06-29T00:14:35.669037,haute
BJ-04B196B2,Table International,Restauration & Hôtellerie,Savalou,+229 89 16 46 91,,tableinternational.bj,PME (50-200),B2C,Google Maps,3.0,Actif,2026-06-29T00:14:35.669068,moyenne
BJ-D61D9A07,Gourmet Brasserie,Restauration & Hôtellerie,Dassa-Zoumè,+229 39 24 28 55,,gourmetbrasserie.bj,Grande (>200),B2C,Google Maps,3.6,Actif,2026-06-29T00:14:35.669112,moyenne
BJ-2ACDF8D5,Lac Hotel Dassa-Zoumè,Restauration & Hôtellerie,Dassa-Zoumè,+229 39 14 99 66,,,PME (10-50),B2C,Google Maps,3.8,Actif,2026-06-29T00:14:35.669142,basse
BJ-46F2355B,Goût,Restauration & Hôtellerie,Dassa-Zoumè,+229 46 21 51 52,,goût.bj,TPE (<10),B2C,Google Maps,4.9,Actif,2026-06-29T00:14:35.669173,moyenne
BJ-94F1B742,Plage,Restauration & Hôtellerie,Dassa-Zoumè,+229 47 18 64 79,,plage.bj,PME (10-50),B2C,Google Maps,4.4,Actif,2026-06-29T00:14:35.669204,moyenne
BJ-78DDCBB3,Bar Jardin Brasserie Dassa-Zoumè,Restauration & Hôtellerie,Dassa-Zoumè,+229 70 26 20 91,bar.jardin.brasserie.dassazoumè@bar.jardin.brasserie.dassazoumè.benin,barjardinbrasseriedassazoumè.bj,PME (50-200),B2C,Google Maps,4.8,Actif,2026-06-29T00:14:35.669239,haute
BJ-7ABF5458,Royal Kétou,Restauration & Hôtellerie,Kétou,+229 29 40 14 70,royal.kétou@royal.kétou.org,royalkétou.bj,PME (50-200),B2C,Google Maps,3.0,Actif,2026-06-29T00:14:35.669285,haute
BJ-2E2C66C9,Hôtel Royal Brasserie,Restauration & Hôtellerie,Kétou,+229 31 79 43 73,hôtel.royal.brasserie@hôtel.royal.brasserie.org,hôtelroyalbrasserie.bj,PME (10-50),B2C,Google Maps,5.0,Actif,2026-06-29T00:14:35.669320,haute
BJ-8708C8B4,Détente Café,Restauration & Hôtellerie,Kétou,+229 77 88 53 45,,,TPE (<10),B2C,Google Maps,3.1,Actif,2026-06-29T00:14:35.669350,basse
BJ-084941DD,Palace Brasserie,Restauration & Hôtellerie,Kétou,+229 28 92 86 67,palace.brasserie@palace.brasserie.benin,palacebrasserie.bj,TPE (<10),B2C,Google Maps,3.9,Actif,2026-06-29T00:14:35.669383,haute
BJ-BDDF2794,Café Ambiance Café,Restauration & Hôtellerie,Kétou,+229 98 19 94 50,,,PME (50-200),B2C,Google Maps,4.9,Actif,2026-06-29T00:14:35.669413,basse
BJ-AC9C19D2,Lac Café,Restauration & Hôtellerie,Covè,+229 37 20 83 37,lac.café@lac.café.net,laccafé.bj,PME (10-50),B2C,Google Maps,3.5,Actif,2026-06-29T00:14:35.669458,haute
BJ-8D0FFDE3,Café Lac,Restauration & Hôtellerie,Covè,+229 33 83 28 47,café.lac@café.lac.net,,PME (50-200),B2C,Google Maps,3.0,Actif,2026-06-29T00:14:35.669493,moyenne
BJ-7903CAFF,Hôtel Palace Café,Restauration & Hôtellerie,Covè,+229 82 14 24 22,,hôtelpalacecafé.bj,TPE (<10),B2C,Google Maps,3.1,Actif,2026-06-29T00:14:35.669525,moyenne
BJ-34D0D5F2,Gourmet Inn Covè,Restauration & Hôtellerie,Covè,+229 39 93 60 31,gourmet.inn.covè@gourmet.inn.covè.bj,gourmetinncovè.bj,PME (10-50),B2C,Google Maps,4.4,Actif,2026-06-29T00:14:35.669560,haute
BJ-6B69AB91,Ambiance,Restauration & Hôtellerie,Covè,+229 56 60 19 12,ambiance@ambiance.net,ambiance.bj,TPE (<10),B2C,Google Maps,3.2,Actif,2026-06-29T00:14:35.669594,haute
BJ-CBD98A29,Jardin,Restauration & Hôtellerie,Pobè,+229 86 88 17 14,jardin@jardin.benin,,PME (10-50),B2C,Google Maps,3.5,Actif,2026-06-29T00:14:35.669658,moyenne
BJ-6D8568DE,Table Bénin,Restauration & Hôtellerie,Pobè,+229 41 66 42 26,,tablebénin.bj,TPE (<10),B2C,Google Maps,4.2,Actif,2026-06-29T00:14:35.669691,moyenne
BJ-18C0E073,Hôtel Mer,Restauration & Hôtellerie,Pobè,+229 94 13 92 43,,,Grande (>200),B2C,Google Maps,4.5,Actif,2026-06-29T00:14:35.669721,basse
BJ-E4AA58FF,Goût Hotel,Restauration & Hôtellerie,Pobè,+229 74 15 93 33,goût.hotel@goût.hotel.benin,,PME (10-50),B2C,Google Maps,3.1,Actif,2026-06-29T00:14:35.669753,moyenne
BJ-3406D531,Auberge Palace Hotel Pobè,Restauration & Hôtellerie,Pobè,+229 53 97 56 60,auberge.palace.hotel.pobè@auberge.palace.hotel.pobè.com,aubergepalacehotelpobè.bj,PME (50-200),B2C,Google Maps,4.0,Actif,2026-06-29T00:14:35.669788,haute
BJ-6CDF29B9,Ambiance Inn Sakété,Restauration & Hôtellerie,Sakété,+229 24 34 26 80,ambiance.inn.sakété@ambiance.inn.sakété.com,,PME (10-50),B2C,Google Maps,4.9,Actif,2026-06-29T00:14:35.669832,moyenne
BJ-3F1A3F72,Grand Palace,Restauration & Hôtellerie,Sakété,+229 23 64 40 87,,,Grande (>200),B2C,Google Maps,4.3,Actif,2026-06-29T00:14:35.669863,basse
BJ-C25823A1,Jardin,Restauration & Hôtellerie,Sakété,+229 43 60 84 93,,,TPE (<10),B2C,Google Maps,4.0,Actif,2026-06-29T00:14:35.669908,basse
BJ-FD299CA3,Pension Grand Inn Sakété,Restauration & Hôtellerie,Sakété,+229 93 96 68 59,,,TPE (<10),B2C,Google Maps,3.7,Actif,2026-06-29T00:14:35.670551,basse
BJ-091D0E4A,Pension Grand International Sakété,Restauration & Hôtellerie,Sakété,+229 87 38 62 56,,pensiongrandinternationalsakété.bj,TPE (<10),B2C,Google Maps,3.1,Actif,2026-06-29T00:14:35.670628,moyenne
BJ-DFBBDBC3,Saveur Brasserie,Restauration & Hôtellerie,Adjara,+229 87 29 91 48,saveur.brasserie@saveur.brasserie.org,saveurbrasserie.bj,TPE (<10),B2C,Google Maps,3.5,Actif,2026-06-29T00:14:35.670690,haute
BJ-6C6BA2C2,Bar Ambiance Hotel Adjara,Restauration & Hôtellerie,Adjara,+229 53 58 21 79,bar.ambiance.hotel.adjara@bar.ambiance.hotel.adjara.bj,barambiancehoteladjara.bj,PME (50-200),B2C,Google Maps,3.9,Actif,2026-06-29T00:14:35.670729,haute
BJ-04F5AA30,Nouveau Brasserie Adjara,Restauration & Hôtellerie,Adjara,+229 63 56 46 60,,nouveaubrasserieadjara.bj,TPE (<10),B2C,Google Maps,3.4,Actif,2026-06-29T00:14:35.670763,moyenne
BJ-7EF28846,Auberge Village,Restauration & Hôtellerie,Adjara,+229 21 70 66 84,auberge.village@auberge.village.org,aubergevillage.bj,TPE (<10),B2C,Google Maps,3.9,Actif,2026-06-29T00:14:35.670799,haute
BJ-37F0D948,Plage Adjara,Restauration & Hôtellerie,Adjara,+229 30 19 26 80,,,PME (10-50),B2C,Google Maps,4.3,Actif,2026-06-29T00:14:35.670851,basse
BJ-AF0A9102,Nouveau Allada,Restauration & Hôtellerie,Allada,+229 94 97 64 64,nouveau.allada@nouveau.allada.net,nouveauallada.bj,TPE (<10),B2C,Google Maps,3.6,Actif,2026-06-29T00:14:35.670920,haute
BJ-402EDE07,Lac Allada,Restauration & Hôtellerie,Allada,+229 90 66 18 29,lac.allada@lac.allada.benin,,PME (10-50),B2C,Google Maps,3.4,Actif,2026-06-29T00:14:35.670958,moyenne
BJ-047F5A85,Nouveau,Restauration & Hôtellerie,Allada,+229 28 56 98 58,,,PME (50-200),B2C,Google Maps,3.7,Actif,2026-06-29T00:14:35.670989,basse
BJ-4805E724,Lac,Restauration & Hôtellerie,Allada,+229 33 96 73 63,,lac.bj,PME (50-200),B2C,Google Maps,4.4,Actif,2026-06-29T00:14:35.671021,moyenne
BJ-C963F0D6,Café Gourmet,Restauration & Hôtellerie,Allada,+229 54 30 85 53,,,PME (50-200),B2C,Google Maps,3.7,Actif,2026-06-29T00:14:35.671053,basse
BJ-6DDD1EAD,Auberge Royal Palace,Restauration & Hôtellerie,Aplahoué,+229 65 66 85 36,auberge.royal.palace@auberge.royal.palace.benin,aubergeroyalpalace.bj,TPE (<10),B2C,Google Maps,3.3,Actif,2026-06-29T00:14:35.671102,haute
BJ-A5C826CD,Café Détente,Restauration & Hôtellerie,Aplahoué,+229 24 28 52 41,,cafédétente.bj,PME (10-50),B2C,Google Maps,4.1,Actif,2026-06-29T00:14:35.671137,moyenne
BJ-B715DC7B,Détente International Aplahoué,Restauration & Hôtellerie,Aplahoué,+229 65 70 13 62,détente.international.aplahoué@détente.international.aplahoué.com,détenteinternationalaplahoué.bj,TPE (<10),B2C,Google Maps,3.2,Actif,2026-06-29T00:14:35.671173,haute
BJ-0BB0D7DC,Hôtel Grand Aplahoué,Restauration & Hôtellerie,Aplahoué,+229 39 78 84 23,hôtel.grand.aplahoué@hôtel.grand.aplahoué.net,hôtelgrandaplahoué.bj,PME (10-50),B2C,Google Maps,4.5,Actif,2026-06-29T00:14:35.671210,haute
BJ-F7234F0B,Hôtel Table,Restauration & Hôtellerie,Aplahoué,+229 34 82 58 80,,hôteltable.bj,PME (10-50),B2C,Google Maps,3.1,Actif,2026-06-29T00:14:35.671240,moyenne
BJ-2284844E,Bar Saveur,Restauration & Hôtellerie,Dogbo-Tota,+229 75 30 78 70,,barsaveur.bj,Grande (>200),B2C,Google Maps,3.4,Actif,2026-06-29T00:14:35.671285,moyenne
BJ-910D3157,Pension Table,Restauration & Hôtellerie,Dogbo-Tota,+229 23 56 84 12,,pensiontable.bj,Grande (>200),B2C,Google Maps,3.3,Actif,2026-06-29T00:14:35.671316,moyenne
BJ-A1C498D4,Bar Village,Restauration & Hôtellerie,Dogbo-Tota,+229 70 76 49 32,bar.village@bar.village.com,barvillage.bj,TPE (<10),B2C,Google Maps,3.2,Actif,2026-06-29T00:14:35.671348,haute
BJ-5A7731D5,Hôtel Table Brasserie Dogbo-Tota,Restauration & Hôtellerie,Dogbo-Tota,+229 47 17 66 39,,,PME (10-50),B2C,Google Maps,4.0,Actif,2026-06-29T00:14:35.671411,basse
BJ-8CFC3597,Royal,Restauration & Hôtellerie,Kpomassè,+229 84 14 83 25,royal@royal.net,,PME (10-50),B2C,Google Maps,3.7,Actif,2026-06-29T00:14:35.671456,moyenne
BJ-545E3972,Bar Jardin,Restauration & Hôtellerie,Kpomassè,+229 77 65 56 77,bar.jardin@bar.jardin.benin,,PME (10-50),B2C,Google Maps,3.6,Actif,2026-06-29T00:14:35.671490,moyenne
BJ-C3410006,Goût,Restauration & Hôtellerie,Kpomassè,+229 74 36 73 73,goût@goût.bj,goût.bj,TPE (<10),B2C,Google Maps,4.6,Actif,2026-06-29T00:14:35.671524,haute
BJ-3F8D28E6,Café Royal,Restauration & Hôtellerie,Kpomassè,+229 58 39 40 11,café.royal@café.royal.com,caféroyal.bj,TPE (<10),B2C,Google Maps,3.0,Actif,2026-06-29T00:14:35.671559,haute
BJ-C70764FF,Brasserie Nouveau Kpomassè,Restauration & Hôtellerie,Kpomassè,+229 46 90 28 38,,,TPE (<10),B2C,Google Maps,3.5,Actif,2026-06-29T00:14:35.671589,basse
BJ-7526019A,Brasserie Village Inn,Restauration & Hôtellerie,Tori-Bossito,+229 71 74 75 21,,,PME (50-200),B2C,Google Maps,3.5,Actif,2026-06-29T00:14:35.671630,basse
BJ-A4FAC57A,Table,Restauration & Hôtellerie,Tori-Bossito,+229 90 12 61 53,,table.bj,PME (50-200),B2C,Google Maps,4.8,Actif,2026-06-29T00:14:35.671660,moyenne
BJ-6ADDCA49,Gourmet,Restauration & Hôtellerie,Tori-Bossito,+229 33 80 74 62,,gourmet.bj,PME (10-50),B2C,Google Maps,4.3,Actif,2026-06-29T00:14:35.671691,moyenne
BJ-7B0337CE,Table Tori-Bossito,Restauration & Hôtellerie,Tori-Bossito,+229 21 38 69 39,table.toribossito@table.toribossito.bj,tabletoribossito.bj,PME (10-50),B2C,Google Maps,4.5,Actif,2026-06-29T00:14:35.671724,haute
BJ-36FB331D,Mer Bénin,Restauration & Hôtellerie,Tori-Bossito,+229 84 26 67 81,mer.bénin@mer.bénin.com,merbénin.bj,PME (10-50),B2C,Google Maps,3.9,Actif,2026-06-29T00:14:35.671758,haute
BJ-7EF247EB,Hôtel Mer Hotel,Restauration & Hôtellerie,Grand-Popo,+229 38 27 72 25,hôtel.mer.hotel@hôtel.mer.hotel.com,hôtelmerhotel.bj,TPE (<10),B2C,Google Maps,4.3,Actif,2026-06-29T00:14:35.671805,haute
BJ-A0D6588E,Hôtel Jardin Café Grand-Popo,Restauration & Hôtellerie,Grand-Popo,+229 48 14 32 37,hôtel.jardin.café.grandpopo@hôtel.jardin.café.grandpopo.com,hôteljardincafégrandpopo.bj,PME (10-50),B2C,Google Maps,4.1,Actif,2026-06-29T00:14:35.671841,haute
BJ-828A7452,Table Palace,Restauration & Hôtellerie,Grand-Popo,+229 71 47 93 44,,tablepalace.bj,PME (50-200),B2C,Google Maps,4.2,Actif,2026-06-29T00:14:35.671872,moyenne
BJ-688CAEB7,Jardin,Restauration & Hôtellerie,Grand-Popo,+229 52 24 84 41,jardin@jardin.com,,TPE (<10),B2C,Google Maps,3.9,Actif,2026-06-29T00:14:35.671959,moyenne
BJ-0B06BFDC,Lac,Restauration & Hôtellerie,Grand-Popo,+229 96 72 90 96,,lac.bj,TPE (<10),B2C,Google Maps,4.4,Actif,2026-06-29T00:14:35.671992,moyenne
BJ-9DBF907A,Jardin Bénin,Restauration & Hôtellerie,Athiémé,+229 43 21 26 60,jardin.bénin@jardin.bénin.benin,jardinbénin.bj,TPE (<10),B2C,Google Maps,3.2,Actif,2026-06-29T00:14:35.672064,haute
BJ-7401C42E,Brasserie Gourmet,Restauration & Hôtellerie,Athiémé,+229 81 19 76 50,,brasseriegourmet.bj,PME (10-50),B2C,Google Maps,3.6,Actif,2026-06-29T00:14:35.672096,moyenne
BJ-1B3A2C8D,Restaurant Mer,Restauration & Hôtellerie,Athiémé,+229 72 66 88 77,,,PME (10-50),B2C,Google Maps,3.3,Actif,2026-06-29T00:14:35.672125,basse
BJ-F39E72B3,Hôtel Royal,Restauration & Hôtellerie,Athiémé,+229 76 56 59 22,hôtel.royal@hôtel.royal.com,,PME (10-50),B2C,Google Maps,4.8,Actif,2026-06-29T00:14:35.672158,moyenne
BJ-DF05FE7A,Bar Détente Café,Restauration & Hôtellerie,Athiémé,+229 37 38 99 36,bar.détente.café@bar.détente.café.net,,PME (10-50),B2C,Google Maps,3.2,Actif,2026-06-29T00:14:35.672197,moyenne
BJ-0F0CD58D,Auberge Nouveau Hotel,Restauration & Hôtellerie,Bopa,+229 91 61 93 68,,aubergenouveauhotel.bj,PME (50-200),B2C,Google Maps,3.1,Actif,2026-06-29T00:14:35.672239,moyenne
BJ-F3656889,Pension Mer Hotel Bopa,Restauration & Hôtellerie,Bopa,+229 25 99 73 44,,pensionmerhotelbopa.bj,TPE (<10),B2C,Google Maps,4.4,Actif,2026-06-29T00:14:35.672272,moyenne
BJ-ED5BD559,Gourmet Inn,Restauration & Hôtellerie,Bopa,+229 34 84 11 16,,,PME (10-50),B2C,Google Maps,3.4,Actif,2026-06-29T00:14:35.672308,basse
BJ-C84003B2,Hôtel Plage International Bopa,Restauration & Hôtellerie,Bopa,+229 44 88 45 48,,hôtelplageinternationalbopa.bj,TPE (<10),B2C,Google Maps,3.2,Actif,2026-06-29T00:14:35.672344,moyenne
BJ-BCE9C121,Restaurant Saveur Café,Restauration & Hôtellerie,Bopa,+229 49 23 49 97,restaurant.saveur.café@restaurant.saveur.café.com,,PME (50-200),B2C,Google Maps,3.5,Actif,2026-06-29T00:14:35.672377,moyenne
BJ-FAC472AA,Auberge Gourmet,Restauration & Hôtellerie,Houéyogbé,+229 38 69 96 30,auberge.gourmet@auberge.gourmet.net,,TPE (<10),B2C,Google Maps,3.9,Actif,2026-06-29T00:14:35.672424,moyenne
BJ-226F8CEF,Auberge Goût,Restauration & Hôtellerie,Houéyogbé,+229 30 87 26 17,auberge.goût@auberge.goût.com,aubergegoût.bj,Grande (>200),B2C,Google Maps,3.1,Actif,2026-06-29T00:14:35.672464,haute
BJ-4B67C41D,Plage,Restauration & Hôtellerie,Houéyogbé,+229 67 75 16 83,plage@plage.bj,,PME (10-50),B2C,Google Maps,5.0,Actif,2026-06-29T00:14:35.672503,moyenne
BJ-C767C457,Brasserie Nouveau,Restauration & Hôtellerie,Houéyogbé,+229 47 43 10 32,,brasserienouveau.bj,TPE (<10),B2C,Google Maps,3.2,Actif,2026-06-29T00:14:35.672541,moyenne
BJ-09190A0E,Brasserie Ambiance Palace,Restauration & Hôtellerie,Houéyogbé,+229 24 78 69 20,brasserie.ambiance.palace@brasserie.ambiance.palace.org,brasserieambiancepalace.bj,TPE (<10),B2C,Google Maps,3.7,Actif,2026-06-29T00:14:35.672580,haute
BJ-E14A67B6,Gourmet International,Restauration & Hôtellerie,Malanville,+229 73 15 60 19,,gourmetinternational.bj,PME (50-200),B2C,Google Maps,4.7,Actif,2026-06-29T00:14:35.672621,moyenne
BJ-303F343B,Grand Malanville,Restauration & Hôtellerie,Malanville,+229 82 70 89 49,,grandmalanville.bj,TPE (<10),B2C,Google Maps,3.3,Actif,2026-06-29T00:14:35.672652,moyenne
BJ-54C24887,Gourmet Bénin,Restauration & Hôtellerie,Malanville,+229 38 61 14 79,gourmet.bénin@gourmet.bénin.bj,,PME (50-200),B2C,Google Maps,4.6,Actif,2026-06-29T00:14:35.672684,moyenne
BJ-F50E8FD2,Pension Plage Palace,Restauration & Hôtellerie,Malanville,+229 46 49 35 41,,,PME (50-200),B2C,Google Maps,4.6,Actif,2026-06-29T00:14:35.672717,basse
BJ-7A16C0CD,Restaurant Royal,Restauration & Hôtellerie,Malanville,+229 99 44 73 87,,restaurantroyal.bj,TPE (<10),B2C,Google Maps,3.2,Actif,2026-06-29T00:14:35.672751,moyenne
BJ-18E13ED4,Goût Bénin,Restauration & Hôtellerie,Kandi,+229 62 64 13 49,,,TPE (<10),B2C,Google Maps,4.1,Actif,2026-06-29T00:14:35.672802,basse
BJ-5C5F1F92,Restaurant Goût Café,Restauration & Hôtellerie,Kandi,+229 27 55 75 38,,restaurantgoûtcafé.bj,PME (10-50),B2C,Google Maps,3.3,Actif,2026-06-29T00:14:35.672839,moyenne
BJ-58C6F458,Ambiance Palace Kandi,Restauration & Hôtellerie,Kandi,+229 27 37 72 97,,ambiancepalacekandi.bj,PME (10-50),B2C,Google Maps,3.5,Actif,2026-06-29T00:14:35.672871,moyenne
BJ-D56B5671,Café Grand Restaurant,Restauration & Hôtellerie,Kandi,+229 39 17 16 48,,,PME (50-200),B2C,Google Maps,4.0,Actif,2026-06-29T00:14:35.672913,basse
BJ-6E91B5D0,Pension Nouveau Café,Restauration & Hôtellerie,Kandi,+229 52 15 96 25,pension.nouveau.café@pension.nouveau.café.bj,pensionnouveaucafé.bj,TPE (<10),B2C,Google Maps,4.6,Actif,2026-06-29T00:14:35.672946,haute
BJ-64B6A446,Café Nouveau International Banikoara,Restauration & Hôtellerie,Banikoara,+229 48 41 35 81,,cafénouveauinternationalbanikoara.bj,TPE (<10),B2C,Google Maps,4.1,Actif,2026-06-29T00:14:35.672990,moyenne
BJ-022BCA5F,Goût,Restauration & Hôtellerie,Banikoara,+229 64 34 18 74,goût@goût.benin,goût.bj,TPE (<10),B2C,Google Maps,3.1,Actif,2026-06-29T00:14:35.673023,haute
BJ-1E18CBF7,Royal Inn,Restauration & Hôtellerie,Banikoara,+229 89 20 66 37,,royalinn.bj,PME (50-200),B2C,Google Maps,3.0,Actif,2026-06-29T00:14:35.673056,moyenne
BJ-899D8CA2,Ambiance,Restauration & Hôtellerie,Banikoara,+229 76 45 40 84,ambiance@ambiance.org,ambiance.bj,TPE (<10),B2C,Google Maps,3.3,Actif,2026-06-29T00:14:35.673089,haute
BJ-138DF336,Gourmet,Restauration & Hôtellerie,Banikoara,+229 35 34 44 60,gourmet@gourmet.benin,,TPE (<10),B2C,Google Maps,3.5,Actif,2026-06-29T00:14:35.673121,moyenne
BJ-0D0001D1,Saveur International,Restauration & Hôtellerie,Ségbana,+229 99 85 65 51,saveur.international@saveur.international.bj,saveurinternational.bj,PME (10-50),B2C,Google Maps,3.2,Actif,2026-06-29T00:14:35.673166,haute
BJ-66DEA362,Royal Inn,Restauration & Hôtellerie,Ségbana,+229 97 34 41 52,royal.inn@royal.inn.net,,TPE (<10),B2C,Google Maps,4.1,Actif,2026-06-29T00:14:35.673219,moyenne
BJ-9FAE68C9,Royal,Restauration & Hôtellerie,Ségbana,+229 65 65 88 28,,,PME (10-50),B2C,Google Maps,3.3,Actif,2026-06-29T00:14:35.673250,basse
BJ-B3DD1357,Bar Gourmet Inn,Restauration & Hôtellerie,Ségbana,+229 84 39 70 26,,,TPE (<10),B2C,Google Maps,4.7,Actif,2026-06-29T00:14:35.673281,basse
BJ-F104AA0F,Mer Ségbana,Restauration & Hôtellerie,Ségbana,+229 44 54 41 44,,,PME (10-50),B2C,Google Maps,3.8,Actif,2026-06-29T00:14:35.673311,basse
BJ-A56259C8,Café Table Karimama,Restauration & Hôtellerie,Karimama,+229 29 95 32 16,café.table.karimama@café.table.karimama.org,,PME (50-200),B2C,Google Maps,4.2,Actif,2026-06-29T00:14:35.673362,moyenne
BJ-7479BB7F,Royal,Restauration & Hôtellerie,Karimama,+229 96 14 13 76,,royal.bj,PME (10-50),B2C,Google Maps,5.0,Actif,2026-06-29T00:14:35.673399,moyenne
BJ-E60F694D,Brasserie Goût Palace,Restauration & Hôtellerie,Karimama,+229 53 39 38 46,brasserie.goût.palace@brasserie.goût.palace.org,,TPE (<10),B2C,Google Maps,3.4,Actif,2026-06-29T00:14:35.673430,moyenne
BJ-307E83F6,Auberge Royal International Karimama,Restauration & Hôtellerie,Karimama,+229 23 68 69 65,,aubergeroyalinternationalkarimama.bj,PME (10-50),B2C,Google Maps,5.0,Actif,2026-06-29T00:14:35.673457,moyenne
BJ-A468EAAC,Bar Plage Bénin Karimama,Restauration & Hôtellerie,Karimama,+229 72 45 97 62,bar.plage.bénin.karimama@bar.plage.bénin.karimama.com,,TPE (<10),B2C,Google Maps,3.2,Actif,2026-06-29T00:14:35.673489,moyenne
BJ-32A19535,Village Bénin,Restauration & Hôtellerie,Gogounou,+229 41 56 92 54,village.bénin@village.bénin.org,villagebénin.bj,TPE (<10),B2C,Google Maps,4.2,Actif,2026-06-29T00:14:35.673534,haute
BJ-1A006164,Auberge Mer,Restauration & Hôtellerie,Gogounou,+229 37 80 65 75,auberge.mer@auberge.mer.net,aubergemer.bj,PME (50-200),B2C,Google Maps,3.4,Actif,2026-06-29T00:14:35.673567,haute
BJ-59D85F17,Auberge Ambiance International,Restauration & Hôtellerie,Gogounou,+229 25 12 19 51,auberge.ambiance.international@auberge.ambiance.international.bj,,PME (50-200),B2C,Google Maps,3.5,Actif,2026-06-29T00:14:35.673598,moyenne
BJ-29ABA23F,Village Gogounou,Restauration & Hôtellerie,Gogounou,+229 46 94 81 74,village.gogounou@village.gogounou.net,,PME (10-50),B2C,Google Maps,3.5,Actif,2026-06-29T00:14:35.673629,moyenne
BJ-83BFFB73,Café Palace International,Restauration & Hôtellerie,Gogounou,+229 38 74 95 14,,,PME (50-200),B2C,Google Maps,4.8,Actif,2026-06-29T00:14:35.673657,basse
BJ-55A03448,Pension Royal International,Restauration & Hôtellerie,Cobly,+229 60 51 44 68,,pensionroyalinternational.bj,TPE (<10),B2C,Google Maps,3.4,Actif,2026-06-29T00:14:35.673699,moyenne
BJ-F160A6F7,Pension Palace Café,Restauration & Hôtellerie,Cobly,+229 48 46 96 88,,pensionpalacecafé.bj,Grande (>200),B2C,Google Maps,4.9,Actif,2026-06-29T00:14:35.673736,moyenne
BJ-3F9DC688,Détente,Restauration & Hôtellerie,Cobly,+229 46 76 95 96,,détente.bj,PME (10-50),B2C,Google Maps,4.2,Actif,2026-06-29T00:14:35.673772,moyenne
BJ-CE7C2F46,Nouveau Brasserie,Restauration & Hôtellerie,Cobly,+229 56 37 92 87,,,PME (10-50),B2C,Google Maps,4.9,Actif,2026-06-29T00:14:35.673801,basse
BJ-AB34749B,Café Saveur,Restauration & Hôtellerie,Cobly,+229 44 65 35 85,café.saveur@café.saveur.com,,TPE (<10),B2C,Google Maps,4.7,Actif,2026-06-29T00:14:35.673831,moyenne
BJ-7B1884BE,Bar Grand,Restauration & Hôtellerie,Tanguiéta,+229 69 14 23 52,,,PME (10-50),B2C,Google Maps,3.3,Actif,2026-06-29T00:14:35.673868,basse
BJ-1D2A20EE,Saveur Restaurant,Restauration & Hôtellerie,Tanguiéta,+229 92 84 15 58,saveur.restaurant@saveur.restaurant.com,saveurrestaurant.bj,PME (10-50),B2C,Google Maps,4.4,Actif,2026-06-29T00:14:35.673911,haute
BJ-0C0CE47D,Palace,Restauration & Hôtellerie,Tanguiéta,+229 44 48 16 72,,palace.bj,TPE (<10),B2C,Google Maps,4.5,Actif,2026-06-29T00:14:35.673930,moyenne
BJ-ECA83E6B,Hôtel Royal,Restauration & Hôtellerie,Tanguiéta,+229 75 61 60 72,,,TPE (<10),B2C,Google Maps,4.9,Actif,2026-06-29T00:14:35.673943,basse
BJ-EC2086AD,Nouveau Palace,Restauration & Hôtellerie,Tanguiéta,+229 48 80 86 35,,nouveaupalace.bj,PME (50-200),B2C,Google Maps,4.0,Actif,2026-06-29T00:14:35.673958,moyenne
BJ-249000F3,Brasserie Saveur International,Restauration & Hôtellerie,Matéri,+229 31 54 55 92,,brasseriesaveurinternational.bj,TPE (<10),B2C,Google Maps,4.8,Actif,2026-06-29T00:14:35.673979,moyenne
BJ-043BD1F5,Palace Brasserie,Restauration & Hôtellerie,Matéri,+229 81 45 80 80,,,Grande (>200),B2C,Google Maps,4.5,Actif,2026-06-29T00:14:35.673992,basse
BJ-41FBC87F,Pension Goût International,Restauration & Hôtellerie,Matéri,+229 50 84 57 92,pension.goût.international@pension.goût.international.com,pensiongoûtinternational.bj,TPE (<10),B2C,Google Maps,4.9,Actif,2026-06-29T00:14:35.674010,haute
BJ-A92E4291,Palace International,Restauration & Hôtellerie,Matéri,+229 58 24 96 21,,palaceinternational.bj,PME (10-50),B2C,Google Maps,3.1,Actif,2026-06-29T00:14:35.674023,moyenne
BJ-7756B7FA,Brasserie Nouveau Palace,Restauration & Hôtellerie,Matéri,+229 42 57 32 20,,brasserienouveaupalace.bj,TPE (<10),B2C,Google Maps,3.5,Actif,2026-06-29T00:14:35.674038,moyenne
BJ-31990D2E,Hôtel Goût Hotel,Restauration & Hôtellerie,Natitingou,+229 70 45 12 50,hôtel.goût.hotel@hôtel.goût.hotel.org,hôtelgoûthotel.bj,TPE (<10),B2C,Google Maps,3.9,Actif,2026-06-29T00:14:35.674061,haute
BJ-CD18E63D,Palace,Restauration & Hôtellerie,Natitingou,+229 46 59 71 58,,palace.bj,TPE (<10),B2C,Google Maps,3.4,Actif,2026-06-29T00:14:35.674075,moyenne
BJ-030DDB6D,Lac,Restauration & Hôtellerie,Natitingou,+229 91 67 43 43,lac@lac.org,lac.bj,PME (50-200),B2C,Google Maps,3.3,Actif,2026-06-29T00:14:35.674090,haute
BJ-41D7992E,Bar Lac,Restauration & Hôtellerie,Natitingou,+229 50 72 30 29,bar.lac@bar.lac.org,,TPE (<10),B2C,Google Maps,4.7,Actif,2026-06-29T00:14:35.674104,moyenne
BJ-23FEE93C,Café Goût,Restauration & Hôtellerie,Natitingou,+229 28 82 99 85,,,TPE (<10),B2C,Google Maps,3.7,Actif,2026-06-29T00:14:35.674117,basse
BJ-C7F274A5,Royal International,Restauration & Hôtellerie,Toucountouna,+229 55 29 51 23,,royalinternational.bj,Grande (>200),B2C,Google Maps,3.3,Actif,2026-06-29T00:14:35.674136,moyenne
BJ-2BB451D2,Pension Mer Bénin,Restauration & Hôtellerie,Toucountouna,+229 38 22 92 98,,,PME (10-50),B2C,Google Maps,3.8,Actif,2026-06-29T00:14:35.674149,basse
BJ-2C9F8D8A,Pension Saveur Hotel Toucountouna,Restauration & Hôtellerie,Toucountouna,+229 30 75 36 75,pension.saveur.hotel.toucountouna@pension.saveur.hotel.toucountouna.benin,,PME (50-200),B2C,Google Maps,3.9,Actif,2026-06-29T00:14:35.674164,moyenne
BJ-AEB195A3,Bar Grand Palace Toucountouna,Restauration & Hôtellerie,Toucountouna,+229 39 77 40 88,,bargrandpalacetoucountouna.bj,TPE (<10),B2C,Google Maps,4.3,Actif,2026-06-29T00:14:35.674177,moyenne
BJ-51942B41,Palace,Restauration & Hôtellerie,Toucountouna,+229 88 49 38 30,,palace.bj,PME (50-200),B2C,Google Maps,4.2,Actif,2026-06-29T00:14:35.674189,moyenne
BJ-A5BD5600,Lac,Restauration & Hôtellerie,Boukoumbé,+229 85 15 42 35,,lac.bj,PME (10-50),B2C,Google Maps,3.1,Actif,2026-06-29T00:14:35.674209,moyenne
BJ-9B001A02,Café Gourmet,Restauration & Hôtellerie,Boukoumbé,+229 81 40 27 71,café.gourmet@café.gourmet.com,cafégourmet.bj,TPE (<10),B2C,Google Maps,4.5,Actif,2026-06-29T00:14:35.674224,haute
BJ-2A828894,Bar Royal Restaurant Boukoumbé,Restauration & Hôtellerie,Boukoumbé,+229 56 54 71 82,bar.royal.restaurant.boukoumbé@bar.royal.restaurant.boukoumbé.bj,,TPE (<10),B2C,Google Maps,4.4,Actif,2026-06-29T00:14:35.674240,moyenne
BJ-A9C8A2AA,Café Détente,Restauration & Hôtellerie,Boukoumbé,+229 95 49 35 77,café.détente@café.détente.bj,cafédétente.bj,TPE (<10),B2C,Google Maps,3.3,Actif,2026-06-29T00:14:35.674254,haute
BJ-E363A1C9,Village Restaurant,Restauration & Hôtellerie,Boukoumbé,+229 63 18 78 18,,villagerestaurant.bj,Grande (>200),B2C,Google Maps,3.7,Actif,2026-06-29T00:14:35.674267,moyenne
BJ-76E740D7,Grand Bénin,Restauration & Hôtellerie,Kouandé,+229 39 63 26 63,grand.bénin@grand.bénin.benin,grandbénin.bj,TPE (<10),B2C,Google Maps,4.8,Actif,2026-06-29T00:14:35.674287,haute
BJ-814D1890,Royal Restaurant,Restauration & Hôtellerie,Kouandé,+229 76 84 64 57,royal.restaurant@royal.restaurant.com,royalrestaurant.bj,TPE (<10),B2C,Google Maps,4.0,Actif,2026-06-29T00:14:35.674302,haute
BJ-A90DB1BE,Nouveau International Kouandé,Restauration & Hôtellerie,Kouandé,+229 85 51 45 85,,nouveauinternationalkouandé.bj,PME (50-200),B2C,Google Maps,4.9,Actif,2026-06-29T00:14:35.674316,moyenne
BJ-D390DAC3,Détente Palace,Restauration & Hôtellerie,Kouandé,+229 69 81 28 79,,,PME (10-50),B2C,Google Maps,4.2,Actif,2026-06-29T00:14:35.674329,basse
BJ-2EEC9E3A,Gourmet Inn,Restauration & Hôtellerie,Kouandé,+229 71 55 32 11,,gourmetinn.bj,PME (10-50),B2C,Google Maps,4.2,Actif,2026-06-29T00:14:35.674342,moyenne
BJ-C0A46AC2,Pension Grand,Restauration & Hôtellerie,Péhunco,+229 83 30 32 55,,pensiongrand.bj,TPE (<10),B2C,Google Maps,4.8,Actif,2026-06-29T00:14:35.674382,moyenne
BJ-44FC1D79,Détente,Restauration & Hôtellerie,Péhunco,+229 56 80 12 58,détente@détente.net,détente.bj,Grande (>200),B2C,Google Maps,3.8,Actif,2026-06-29T00:14:35.674396,haute
BJ-82C065F8,Restaurant Palace Bénin,Restauration & Hôtellerie,Péhunco,+229 45 66 40 32,restaurant.palace.bénin@restaurant.palace.bénin.benin,,TPE (<10),B2C,Google Maps,3.9,Actif,2026-06-29T00:14:35.674411,moyenne
BJ-37D9DBA9,Ambiance,Restauration & Hôtellerie,Péhunco,+229 92 18 43 44,ambiance@ambiance.net,,TPE (<10),B2C,Google Maps,4.1,Actif,2026-06-29T00:14:35.674424,moyenne
BJ-EB7313E9,Plage Bénin,Restauration & Hôtellerie,Péhunco,+229 94 64 76 95,,,PME (50-200),B2C,Google Maps,4.9,Actif,2026-06-29T00:14:35.674436,basse
BJ-5C99BB31,Royal Café,Restauration & Hôtellerie,Tchaourou,+229 91 60 32 93,royal.café@royal.café.com,royalcafé.bj,TPE (<10),B2C,Google Maps,4.5,Actif,2026-06-29T00:14:35.674456,haute
BJ-C175857A,Hôtel Palace,Restauration & Hôtellerie,Tchaourou,+229 31 67 65 65,,,PME (10-50),B2C,Google Maps,4.0,Actif,2026-06-29T00:14:35.674468,basse
BJ-D3FEAB95,Hôtel Royal,Restauration & Hôtellerie,Tchaourou,+229 83 66 87 62,hôtel.royal@hôtel.royal.org,hôtelroyal.bj,Grande (>200),B2C,Google Maps,3.9,Actif,2026-06-29T00:14:35.674482,haute
BJ-AE07A4E4,Auberge Palace,Restauration & Hôtellerie,Tchaourou,+229 61 35 39 10,auberge.palace@auberge.palace.bj,,TPE (<10),B2C,Google Maps,4.5,Actif,2026-06-29T00:14:35.674496,moyenne
BJ-CBE28789,Saveur Palace,Restauration & Hôtellerie,Tchaourou,+229 51 41 30 17,,,PME (10-50),B2C,Google Maps,3.1,Actif,2026-06-29T00:14:35.674508,basse
BJ-2782E953,Mer Brasserie,Restauration & Hôtellerie,Nikki,+229 72 83 39 14,mer.brasserie@mer.brasserie.net,,Grande (>200),B2C,Google Maps,3.1,Actif,2026-06-29T00:14:35.674526,moyenne
BJ-575A3143,Brasserie Mer Inn,Restauration & Hôtellerie,Nikki,+229 42 62 94 18,brasserie.mer.inn@brasserie.mer.inn.net,brasseriemerinn.bj,TPE (<10),B2C,Google Maps,4.2,Actif,2026-06-29T00:14:35.674541,haute
BJ-AFC2EE76,Brasserie Ambiance Inn,Restauration & Hôtellerie,Nikki,+229 53 10 41 43,brasserie.ambiance.inn@brasserie.ambiance.inn.bj,brasserieambianceinn.bj,TPE (<10),B2C,Google Maps,4.9,Actif,2026-06-29T00:14:35.674579,haute
BJ-504E89CF,Auberge Grand,Restauration & Hôtellerie,Nikki,+229 83 71 98 34,,aubergegrand.bj,Grande (>200),B2C,Google Maps,4.5,Actif,2026-06-29T00:14:35.674594,moyenne
BJ-C979127E,Bar Lac Restaurant,Restauration & Hôtellerie,Nikki,+229 63 44 29 50,,barlacrestaurant.bj,PME (10-50),B2C,Google Maps,4.1,Actif,2026-06-29T00:14:35.674607,moyenne
BJ-2ECAF199,Bar Palace Palace,Restauration & Hôtellerie,Bembéréké,+229 87 92 78 96,,,TPE (<10),B2C,Google Maps,5.0,Actif,2026-06-29T00:14:35.674626,basse
BJ-3024942F,Gourmet Bembéréké,Restauration & Hôtellerie,Bembéréké,+229 33 72 31 94,,,TPE (<10),B2C,Google Maps,3.6,Actif,2026-06-29T00:14:35.674639,basse
BJ-D9A065FF,Nouveau,Restauration & Hôtellerie,Bembéréké,+229 84 73 86 73,,nouveau.bj,TPE (<10),B2C,Google Maps,3.4,Actif,2026-06-29T00:14:35.674652,moyenne
BJ-6BF1535A,Mer International,Restauration & Hôtellerie,Bembéréké,+229 64 84 54 18,,merinternational.bj,TPE (<10),B2C,Google Maps,4.6,Actif,2026-06-29T00:14:35.674666,moyenne
BJ-30E7AE3A,Plage Brasserie,Restauration & Hôtellerie,Bembéréké,+229 67 77 74 61,plage.brasserie@plage.brasserie.org,plagebrasserie.bj,PME (10-50),B2C,Google Maps,4.6,Actif,2026-06-29T00:14:35.674680,haute
BJ-CBB9674C,Bar Palace,Restauration & Hôtellerie,Kalalé,+229 55 97 25 88,,barpalace.bj,TPE (<10),B2C,Google Maps,3.4,Actif,2026-06-29T00:14:35.674699,moyenne
BJ-72FAC9AA,Saveur International,Restauration & Hôtellerie,Kalalé,+229 23 90 98 55,saveur.international@saveur.international.com,saveurinternational.bj,PME (10-50),B2C,Google Maps,4.0,Actif,2026-06-29T00:14:35.674713,haute
BJ-3D7BF9C1,Pension Jardin Palace,Restauration & Hôtellerie,Kalalé,+229 81 75 25 92,pension.jardin.palace@pension.jardin.palace.net,,PME (50-200),B2C,Google Maps,4.6,Actif,2026-06-29T00:14:35.674727,moyenne
BJ-CBBAA0BC,Palace Kalalé,Restauration & Hôtellerie,Kalalé,+229 77 99 35 67,,palacekalalé.bj,PME (50-200),B2C,Google Maps,3.5,Actif,2026-06-29T00:14:35.674740,moyenne
BJ-78D75080,Auberge Jardin Restaurant Kalalé,Restauration & Hôtellerie,Kalalé,+229 31 74 20 71,,aubergejardinrestaurantkalalé.bj,PME (50-200),B2C,Google Maps,4.1,Actif,2026-06-29T00:14:35.674754,moyenne
BJ-C5462C71,Restaurant Gourmet Bénin,Restauration & Hôtellerie,Ndali,+229 27 31 66 70,restaurant.gourmet.bénin@restaurant.gourmet.bénin.com,restaurantgourmetbénin.bj,PME (10-50),B2C,Google Maps,4.8,Actif,2026-06-29T00:14:35.674775,haute
BJ-50B68CFC,Hôtel Goût International,Restauration & Hôtellerie,Ndali,+229 73 22 34 49,,hôtelgoûtinternational.bj,PME (10-50),B2C,Google Maps,4.7,Actif,2026-06-29T00:14:35.674790,moyenne
BJ-B59F60A3,Table,Restauration & Hôtellerie,Ndali,+229 39 25 50 27,table@table.com,table.bj,PME (50-200),B2C,Google Maps,4.5,Actif,2026-06-29T00:14:35.674808,haute
BJ-6BEEAE23,Café Grand Ndali,Restauration & Hôtellerie,Ndali,+229 80 63 33 46,café.grand.ndali@café.grand.ndali.org,cafégrandndali.bj,TPE (<10),B2C,Google Maps,4.3,Actif,2026-06-29T00:14:35.674824,haute
BJ-2935B485,Royal Ndali,Restauration & Hôtellerie,Ndali,+229 38 95 37 48,royal.ndali@royal.ndali.org,,PME (50-200),B2C,Google Maps,4.7,Actif,2026-06-29T00:14:35.674838,moyenne
BJ-52D4B8B0,Restaurant Détente,Restauration & Hôtellerie,Ségbana,+229 72 12 39 70,,restaurantdétente.bj,TPE (<10),B2C,Google Maps,3.5,Actif,2026-06-29T00:14:35.674858,moyenne
BJ-FC5AF52B,Café Jardin Restaurant,Restauration & Hôtellerie,Ségbana,+229 41 75 58 79,,,PME (10-50),B2C,Google Maps,4.3,Actif,2026-06-29T00:14:35.674871,basse
BJ-E3D6FE8F,Mer Restaurant,Restauration & Hôtellerie,Ségbana,+229 43 24 80 19,,,Grande (>200),B2C,Google Maps,4.6,Actif,2026-06-29T00:14:35.674883,basse
BJ-8542210D,Lac Brasserie,Restauration & Hôtellerie,Ségbana,+229 50 30 55 60,lac.brasserie@lac.brasserie.org,lacbrasserie.bj,PME (10-50),B2C,Google Maps,4.8,Actif,2026-06-29T00:14:35.674913,haute
BJ-ACF82BDB,Bar Table Inn Ségbana,Restauration & Hôtellerie,Ségbana,+229 53 37 76 19,,bartableinnségbana.bj,PME (50-200),B2C,Google Maps,3.3,Actif,2026-06-29T00:14:35.674928,moyenne
BJ-FAEBEE8B,Jardin Brasserie,Restauration & Hôtellerie,Tchaourou,+229 55 85 25 42,jardin.brasserie@jardin.brasserie.org,,PME (50-200),B2C,Google Maps,4.4,Actif,2026-06-29T00:14:35.674948,moyenne
BJ-9E78E0D0,Village International,Restauration & Hôtellerie,Tchaourou,+229 23 84 26 80,village.international@village.international.org,villageinternational.bj,PME (50-200),B2C,Google Maps,3.0,Actif,2026-06-29T00:14:35.674963,haute
BJ-309BB426,Hôtel Saveur,Restauration & Hôtellerie,Tchaourou,+229 60 95 33 51,,hôtelsaveur.bj,TPE (<10),B2C,Google Maps,3.7,Actif,2026-06-29T00:14:35.674978,moyenne
BJ-E42A1365,Pension Village Hotel,Restauration & Hôtellerie,Tchaourou,+229 44 98 47 44,,pensionvillagehotel.bj,TPE (<10),B2C,Google Maps,4.9,Actif,2026-06-29T00:14:35.674991,moyenne
BJ-01F37E37,Grand Inn,Restauration & Hôtellerie,Tchaourou,+229 73 18 43 16,grand.inn@grand.inn.com,grandinn.bj,PME (10-50),B2C,Google Maps,4.3,Actif,2026-06-29T00:14:35.675004,haute
BJ-46FB0FA6,Hôtel Plage,Restauration & Hôtellerie,Bétérou,+229 52 20 12 91,,,PME (10-50),B2C,Google Maps,4.7,Actif,2026-06-29T00:14:35.675022,basse
BJ-464FA971,Brasserie Plage,Restauration & Hôtellerie,Bétérou,+229 63 82 98 15,brasserie.plage@brasserie.plage.com,,Grande (>200),B2C,Google Maps,4.6,Actif,2026-06-29T00:14:35.675036,moyenne
BJ-F2A29EF5,Village,Restauration & Hôtellerie,Bétérou,+229 62 70 45 73,,village.bj,TPE (<10),B2C,Google Maps,4.9,Actif,2026-06-29T00:14:35.675052,moyenne
BJ-EEBDCE8E,Hôtel Village,Restauration & Hôtellerie,Bétérou,+229 28 78 43 14,hôtel.village@hôtel.village.bj,hôtelvillage.bj,PME (50-200),B2C,Google Maps,3.9,Actif,2026-06-29T00:14:35.675070,haute
BJ-5B875EBE,Hôtel Plage Hotel,Restauration & Hôtellerie,Bétérou,+229 85 60 40 49,,,PME (10-50),B2C,Google Maps,4.3,Actif,2026-06-29T00:14:35.675083,basse
BJ-6FD6FF1F,Restaurant Grand,Restauration & Hôtellerie,Ouessè,+229 28 93 74 98,restaurant.grand@restaurant.grand.org,,PME (50-200),B2C,Google Maps,4.7,Actif,2026-06-29T00:14:35.675103,moyenne
BJ-AA23345B,Ambiance Ouessè,Restauration & Hôtellerie,Ouessè,+229 22 48 27 67,ambiance.ouessè@ambiance.ouessè.net,,Grande (>200),B2C,Google Maps,4.5,Actif,2026-06-29T00:14:35.675117,moyenne
BJ-8D3BE222,Pension Saveur,Restauration & Hôtellerie,Ouessè,+229 82 41 33 47,pension.saveur@pension.saveur.org,,Grande (>200),B2C,Google Maps,4.9,Actif,2026-06-29T00:14:35.675130,moyenne
BJ-08E592B5,Auberge Saveur,Restauration & Hôtellerie,Ouessè,+229 76 19 95 69,auberge.saveur@auberge.saveur.com,aubergesaveur.bj,PME (10-50),B2C,Google Maps,3.2,Actif,2026-06-29T00:14:35.675144,haute
BJ-48798211,Table Hotel,Restauration & Hôtellerie,Ouessè,+229 58 26 89 68,,tablehotel.bj,TPE (<10),B2C,Google Maps,4.2,Actif,2026-06-29T00:14:35.675157,moyenne
BJ-0CEFC24E,Détente Bénin,Restauration & Hôtellerie,Glazoué,+229 79 43 78 13,détente.bénin@détente.bénin.benin,,TPE (<10),B2C,Google Maps,3.6,Actif,2026-06-29T00:14:35.675176,moyenne
BJ-C232566C,Restaurant Grand Glazoué,Restauration & Hôtellerie,Glazoué,+229 94 54 19 44,,,TPE (<10),B2C,Google Maps,4.5,Actif,2026-06-29T00:14:35.675189,basse
BJ-AC9AA97A,Palace,Restauration & Hôtellerie,Glazoué,+229 38 72 94 71,,palace.bj,PME (10-50),B2C,Google Maps,3.6,Actif,2026-06-29T00:14:35.675201,moyenne
BJ-BF86EED6,Hôtel Nouveau Brasserie,Restauration & Hôtellerie,Glazoué,+229 61 35 59 96,,hôtelnouveaubrasserie.bj,Grande (>200),B2C,Google Maps,4.3,Actif,2026-06-29T00:14:35.675218,moyenne
BJ-F6EC3DBD,Auberge Royal Bénin,Restauration & Hôtellerie,Glazoué,+229 20 12 35 62,auberge.royal.bénin@auberge.royal.bénin.bj,,PME (10-50),B2C,Google Maps,4.9,Actif,2026-06-29T00:14:35.675232,moyenne
BJ-A2471AA1,Grand,Restauration & Hôtellerie,Dassa-Zoumè,+229 44 58 44 73,,,Grande (>200),B2C,Google Maps,4.3,Actif,2026-06-29T00:14:35.675250,basse
BJ-A3FD0713,Lac Inn,Restauration & Hôtellerie,Dassa-Zoumè,+229 26 96 27 81,,,PME (10-50),B2C,Google Maps,4.1,Actif,2026-06-29T00:14:35.675262,basse
BJ-E25FB859,Brasserie Goût Hotel,Restauration & Hôtellerie,Dassa-Zoumè,+229 89 34 10 93,,brasseriegoûthotel.bj,PME (10-50),B2C,Google Maps,3.1,Actif,2026-06-29T00:14:35.675276,moyenne
BJ-06DFC963,Jardin,Restauration & Hôtellerie,Dassa-Zoumè,+229 66 24 61 72,jardin@jardin.benin,jardin.bj,PME (10-50),B2C,Google Maps,3.6,Actif,2026-06-29T00:14:35.675306,haute
BJ-1B38386A,Mer Café,Restauration & Hôtellerie,Savalou,+229 48 20 99 93,mer.café@mer.café.benin,,PME (10-50),B2C,Google Maps,3.5,Actif,2026-06-29T00:14:35.675325,moyenne
BJ-7D15FB5A,Gourmet,Restauration & Hôtellerie,Savalou,+229 72 43 99 74,gourmet@gourmet.benin,,Grande (>200),B2C,Google Maps,3.1,Actif,2026-06-29T00:14:35.675340,moyenne
BJ-F17E6E98,Auberge Goût,Restauration & Hôtellerie,Savalou,+229 69 85 70 26,auberge.goût@auberge.goût.org,,TPE (<10),B2C,Google Maps,3.9,Actif,2026-06-29T00:14:35.675353,moyenne
BJ-FDEBF92C,Détente Savalou,Restauration & Hôtellerie,Savalou,+229 42 80 96 87,détente.savalou@détente.savalou.bj,détentesavalou.bj,PME (10-50),B2C,Google Maps,3.1,Actif,2026-06-29T00:14:35.675371,haute
BJ-FAEB8496,Lac Restaurant,Restauration & Hôtellerie,Savalou,+229 79 35 20 50,,,TPE (<10),B2C,Google Maps,3.6,Actif,2026-06-29T00:14:35.675384,basse
BJ-C2A26550,Restaurant Détente,Restauration & Hôtellerie,Bantè,+229 70 25 88 63,restaurant.détente@restaurant.détente.bj,,PME (50-200),B2C,Google Maps,3.1,Actif,2026-06-29T00:14:35.675404,moyenne
BJ-D90B2172,Auberge Table Bantè,Restauration & Hôtellerie,Bantè,+229 29 27 96 98,,aubergetablebantè.bj,PME (50-200),B2C,Google Maps,4.5,Actif,2026-06-29T00:14:35.675417,moyenne
BJ-A7E21BF5,Café Table Brasserie,Restauration & Hôtellerie,Bantè,+229 65 32 48 10,café.table.brasserie@café.table.brasserie.com,cafétablebrasserie.bj,PME (50-200),B2C,Google Maps,4.2,Actif,2026-06-29T00:14:35.675432,haute
BJ-F9B3662C,Café Mer Hotel,Restauration & Hôtellerie,Bantè,+229 59 55 56 44,,cafémerhotel.bj,PME (10-50),B2C,Google Maps,3.6,Actif,2026-06-29T00:14:35.675445,moyenne
BJ-AA5E727E,Ambiance Bénin,Restauration & Hôtellerie,Bantè,+229 44 84 34 42,ambiance.bénin@ambiance.bénin.bj,,TPE (<10),B2C,Google Maps,3.1,Actif,2026-06-29T00:14:35.675459,moyenne
BJ-D8D2B391,Grand Bénin,Restauration & Hôtellerie,Djougou,+229 85 17 44 26,,grandbénin.bj,TPE (<10),B2C,Google Maps,3.1,Actif,2026-06-29T00:14:35.675478,moyenne
BJ-87BA041F,Ambiance,Restauration & Hôtellerie,Djougou,+229 92 70 60 33,ambiance@ambiance.bj,,PME (10-50),B2C,Google Maps,4.2,Actif,2026-06-29T00:14:35.675492,moyenne
BJ-B9C35593,Gourmet,Restauration & Hôtellerie,Djougou,+229 35 15 71 49,,,TPE (<10),B2C,Google Maps,3.6,Actif,2026-06-29T00:14:35.675504,basse
BJ-C67C78EA,Table Brasserie,Restauration & Hôtellerie,Djougou,+229 38 55 98 35,table.brasserie@table.brasserie.com,tablebrasserie.bj,PME (50-200),B2C,Google Maps,3.2,Actif,2026-06-29T00:14:35.675521,haute
BJ-DB8F871B,Mer Palace,Restauration & Hôtellerie,Djougou,+229 32 28 34 69,mer.palace@mer.palace.org,,PME (10-50),B2C,Google Maps,3.6,Actif,2026-06-29T00:14:35.675554,moyenne
BJ-E2BDA014,Bar Grand,Restauration & Hôtellerie,Ouèssè,+229 44 76 10 46,bar.grand@bar.grand.com,bargrand.bj,PME (10-50),B2C,Google Maps,4.3,Actif,2026-06-29T00:14:35.675574,haute
BJ-410476BE,Plage,Restauration & Hôtellerie,Ouèssè,+229 27 88 12 28,plage@plage.bj,,TPE (<10),B2C,Google Maps,4.0,Actif,2026-06-29T00:14:35.675592,moyenne
BJ-2F729ABB,Brasserie Mer,Restauration & Hôtellerie,Ouèssè,+229 28 66 12 45,brasserie.mer@brasserie.mer.net,brasseriemer.bj,PME (10-50),B2C,Google Maps,3.6,Actif,2026-06-29T00:14:35.675606,haute
BJ-FB7416DB,Détente,Restauration & Hôtellerie,Ouèssè,+229 27 44 66 54,détente@détente.bj,détente.bj,TPE (<10),B2C,Google Maps,4.9,Actif,2026-06-29T00:14:35.675621,haute
BJ-1DABC764,Auberge Royal Restaurant,Restauration & Hôtellerie,Ouèssè,+229 74 70 36 70,auberge.royal.restaurant@auberge.royal.restaurant.net,,PME (50-200),B2C,Google Maps,4.2,Actif,2026-06-29T00:14:35.675635,moyenne
BJ-0D3D3FD3,Plage Palace,Restauration & Hôtellerie,Bassila,+229 80 51 89 56,plage.palace@plage.palace.net,,PME (50-200),B2C,Google Maps,4.4,Actif,2026-06-29T00:14:35.675653,moyenne
BJ-18F1A366,Royal,Restauration & Hôtellerie,Bassila,+229 78 10 73 85,,royal.bj,TPE (<10),B2C,Google Maps,4.5,Actif,2026-06-29T00:14:35.675666,moyenne
BJ-C2CD350E,Auberge Plage Bassila,Restauration & Hôtellerie,Bassila,+229 29 19 92 34,auberge.plage.bassila@auberge.plage.bassila.net,aubergeplagebassila.bj,TPE (<10),B2C,Google Maps,4.4,Actif,2026-06-29T00:14:35.675681,haute
BJ-ED90B2CA,Restaurant Mer,Restauration & Hôtellerie,Bassila,+229 41 79 44 88,,restaurantmer.bj,PME (50-200),B2C,Google Maps,4.4,Actif,2026-06-29T00:14:35.675700,moyenne
BJ-55CCBD01,Pension Lac International,Restauration & Hôtellerie,Bassila,+229 22 22 22 36,,pensionlacinternational.bj,PME (10-50),B2C,Google Maps,3.5,Actif,2026-06-29T00:14:35.675715,moyenne
BJ-6533DEF8,Grand,Restauration & Hôtellerie,Pehunco,+229 27 45 53 56,,grand.bj,PME (50-200),B2C,Google Maps,3.7,Actif,2026-06-29T00:14:35.675734,moyenne
BJ-7FEF757C,Lac,Restauration & Hôtellerie,Pehunco,+229 70 82 32 37,,,TPE (<10),B2C,Google Maps,4.0,Actif,2026-06-29T00:14:35.675747,basse
BJ-2FE26928,Brasserie Nouveau Inn,Restauration & Hôtellerie,Pehunco,+229 27 35 36 60,brasserie.nouveau.inn@brasserie.nouveau.inn.benin,brasserienouveauinn.bj,Grande (>200),B2C,Google Maps,3.3,Actif,2026-06-29T00:14:35.675761,haute
BJ-7A80B2F4,Détente,Restauration & Hôtellerie,Pehunco,+229 65 31 96 38,,,PME (10-50),B2C,Google Maps,3.8,Actif,2026-06-29T00:14:35.675774,basse
BJ-1DC81901,Jardin Café,Restauration & Hôtellerie,Pehunco,+229 46 74 21 57,,jardincafé.bj,PME (50-200),B2C,Google Maps,4.3,Actif,2026-06-29T00:14:35.675787,moyenne
BJ-9E9743F6,Goût Bénin Copargo,Restauration & Hôtellerie,Copargo,+229 74 52 62 62,,,PME (10-50),B2C,Google Maps,4.2,Actif,2026-06-29T00:14:35.675805,basse
BJ-33E56E32,Détente,Restauration & Hôtellerie,Copargo,+229 61 52 55 77,,,TPE (<10),B2C,Google Maps,3.2,Actif,2026-06-29T00:14:35.675818,basse
BJ-BB471D1D,Détente Bénin,Restauration & Hôtellerie,Copargo,+229 76 16 18 56,détente.bénin@détente.bénin.bj,,PME (50-200),B2C,Google Maps,3.2,Actif,2026-06-29T00:14:35.675832,moyenne
BJ-00FD4BB7,Détente Palace,Restauration & Hôtellerie,Copargo,+229 39 92 79 14,détente.palace@détente.palace.net,,PME (50-200),B2C,Google Maps,3.1,Actif,2026-06-29T00:14:35.675852,moyenne
BJ-8B699ABA,Bar Nouveau International,Restauration & Hôtellerie,Copargo,+229 72 14 49 68,bar.nouveau.international@bar.nouveau.international.org,,TPE (<10),B2C,Google Maps,4.7,Actif,2026-06-29T00:14:35.675867,moyenne
BJ-5C7AB57E,Pharmacie Santé,Santé & Pharmacie,Cotonou,+229 75 28 95 71,pharmacie.santé@pharmacie.santé.benin,,PME (50-200),B2C,Google Maps,3.3,Actif,2026-06-29T00:14:35.675897,moyenne
BJ-A39E402D,Bien-être,Santé & Pharmacie,Cotonou,+229 71 82 22 34,bienêtre@bienêtre.net,bienêtre.bj,PME (50-200),B2C,Google Maps,3.1,Actif,2026-06-29T00:14:35.675915,haute
BJ-B8FE20A9,Pharmacie Urgence International,Santé & Pharmacie,Cotonou,+229 74 67 96 22,pharmacie.urgence.international@pharmacie.urgence.international.org,,PME (10-50),B2C,Google Maps,3.5,Actif,2026-06-29T00:14:35.675929,moyenne
BJ-A962A8F7,Bien-être Cabinet,Santé & Pharmacie,Cotonou,+229 84 98 49 66,bienêtre.cabinet@bienêtre.cabinet.net,bienêtrecabinet.bj,Grande (>200),B2C,Google Maps,3.0,Actif,2026-06-29T00:14:35.675945,haute
BJ-693EB4D4,Centre Vie Centre,Santé & Pharmacie,Cotonou,+229 39 60 79 31,centre.vie.centre@centre.vie.centre.net,centreviecentre.bj,PME (10-50),B2C,Google Maps,4.6,Actif,2026-06-29T00:14:35.675959,haute
BJ-E3A92FF7,Central Bénin,Santé & Pharmacie,Abomey-Calavi,+229 71 14 31 20,central.bénin@central.bénin.benin,,TPE (<10),B2B,Google Maps,4.1,Actif,2026-06-29T00:14:35.675979,moyenne
BJ-BCB5DD13,Nouveau Abomey-Calavi,Santé & Pharmacie,Abomey-Calavi,+229 85 57 15 71,nouveau.abomeycalavi@nouveau.abomeycalavi.bj,,Grande (>200),B2C,Google Maps,4.8,Actif,2026-06-29T00:14:35.675993,moyenne
BJ-A71179C5,Vie Medical Abomey-Calavi,Santé & Pharmacie,Abomey-Calavi,+229 92 35 58 75,vie.medical.abomeycalavi@vie.medical.abomeycalavi.com,viemedicalabomeycalavi.bj,TPE (<10),B2B,Google Maps,3.3,Actif,2026-06-29T00:14:35.676007,haute
BJ-D0EAE63B,Hôpital Bien-être Hôpital,Santé & Pharmacie,Abomey-Calavi,+229 65 56 70 58,hôpital.bienêtre.hôpital@hôpital.bienêtre.hôpital.com,hôpitalbienêtrehôpital.bj,PME (50-200),B2C,Google Maps,3.6,Actif,2026-06-29T00:14:35.676027,haute
BJ-A21D015B,Saint Clinique,Santé & Pharmacie,Abomey-Calavi,+229 38 38 60 67,saint.clinique@saint.clinique.bj,saintclinique.bj,PME (10-50),B2B,Google Maps,3.5,Actif,2026-06-29T00:14:35.676042,haute
BJ-C9EB74F1,Saint Porto-Novo,Santé & Pharmacie,Porto-Novo,+229 85 19 22 46,saint.portonovo@saint.portonovo.com,,PME (10-50),B2B,Google Maps,3.5,Actif,2026-06-29T00:14:35.676061,moyenne
BJ-F1CC6E88,Vie Clinique Porto-Novo,Santé & Pharmacie,Porto-Novo,+229 95 51 84 92,vie.clinique.portonovo@vie.clinique.portonovo.net,viecliniqueportonovo.bj,TPE (<10),B2C,Google Maps,4.0,Actif,2026-06-29T00:14:35.676076,haute
BJ-4CB46113,Médical Porto-Novo,Santé & Pharmacie,Porto-Novo,+229 86 34 65 67,médical.portonovo@médical.portonovo.org,médicalportonovo.bj,TPE (<10),B2C,Google Maps,3.9,Actif,2026-06-29T00:14:35.676120,haute
BJ-A2740768,Hôpital Guérison Porto-Novo,Santé & Pharmacie,Porto-Novo,+229 34 10 84 39,hôpital.guérison.portonovo@hôpital.guérison.portonovo.com,hôpitalguérisonportonovo.bj,Grande (>200),B2B,Google Maps,4.6,Actif,2026-06-29T00:14:35.676157,haute
BJ-832C9858,Vie Medical Porto-Novo,Santé & Pharmacie,Porto-Novo,+229 30 44 10 96,vie.medical.portonovo@vie.medical.portonovo.org,viemedicalportonovo.bj,TPE (<10),B2B,Google Maps,3.4,Actif,2026-06-29T00:14:35.676193,haute
BJ-F3EA1E0B,Laboratoire Médicament,Santé & Pharmacie,Parakou,+229 31 80 17 87,,laboratoiremédicament.bj,PME (50-200),B2C,Google Maps,4.0,Actif,2026-06-29T00:14:35.676224,moyenne
BJ-77AEEDEF,Clinique Nouveau,Santé & Pharmacie,Parakou,+229 56 87 95 25,,,Grande (>200),B2B,Google Maps,4.1,Actif,2026-06-29T00:14:35.676239,basse
BJ-32D2C51F,Laboratoire Urgence Bénin,Santé & Pharmacie,Parakou,+229 57 21 79 81,laboratoire.urgence.bénin@laboratoire.urgence.bénin.org,,TPE (<10),B2C,Google Maps,4.5,Actif,2026-06-29T00:14:35.676253,moyenne
BJ-CB40094B,Centre Bien-être Hôpital,Santé & Pharmacie,Parakou,+229 45 36 38 38,,centrebienêtrehôpital.bj,Grande (>200),B2B,Google Maps,4.8,Actif,2026-06-29T00:14:35.676271,moyenne
BJ-FAFAB3FA,Clinique Guérison Medical,Santé & Pharmacie,Parakou,+229 64 85 89 31,clinique.guérison.medical@clinique.guérison.medical.bj,,Grande (>200),B2B,Google Maps,3.8,Actif,2026-06-29T00:14:35.676286,moyenne
BJ-60810A65,Médical Hôpital,Santé & Pharmacie,Bohicon,+229 39 66 28 91,médical.hôpital@médical.hôpital.com,médicalhôpital.bj,TPE (<10),B2B,Google Maps,3.0,Actif,2026-06-29T00:14:35.676308,haute
BJ-554385AF,Centre Central,Santé & Pharmacie,Bohicon,+229 47 12 73 71,centre.central@centre.central.org,,TPE (<10),B2B,Google Maps,3.1,Actif,2026-06-29T00:14:35.676322,moyenne
BJ-31F0BF69,Laboratoire Royal Hôpital,Santé & Pharmacie,Bohicon,+229 31 77 63 78,laboratoire.royal.hôpital@laboratoire.royal.hôpital.org,laboratoireroyalhôpital.bj,PME (10-50),B2C,Google Maps,4.0,Actif,2026-06-29T00:14:35.676337,haute
BJ-C5391EFE,Pharmacie Vie,Santé & Pharmacie,Bohicon,+229 85 35 14 47,,,PME (50-200),B2C,Google Maps,4.0,Actif,2026-06-29T00:14:35.676349,basse
BJ-76F0213D,Pharmacie Médicament,Santé & Pharmacie,Bohicon,+229 89 56 92 40,,,Grande (>200),B2B,Google Maps,4.8,Actif,2026-06-29T00:14:35.676361,basse
BJ-B965283B,Santé,Santé & Pharmacie,Natitingou,+229 43 40 75 73,,santé.bj,TPE (<10),B2B,Google Maps,4.1,Actif,2026-06-29T00:14:35.676381,moyenne
BJ-BFA80B5D,Laboratoire Médicament,Santé & Pharmacie,Natitingou,+229 82 49 24 37,laboratoire.médicament@laboratoire.médicament.bj,,PME (50-200),B2C,Google Maps,4.4,Actif,2026-06-29T00:14:35.676396,moyenne
BJ-30550E94,Hôpital Urgence Hôpital,Santé & Pharmacie,Natitingou,+229 52 76 73 24,hôpital.urgence.hôpital@hôpital.urgence.hôpital.net,hôpitalurgencehôpital.bj,TPE (<10),B2C,Google Maps,3.4,Actif,2026-06-29T00:14:35.676411,haute
BJ-1886458C,Emergency,Santé & Pharmacie,Natitingou,+229 68 81 34 18,,,PME (10-50),B2B,Google Maps,3.4,Actif,2026-06-29T00:14:35.676427,basse
BJ-5B836E5E,Guérison,Santé & Pharmacie,Natitingou,+229 32 61 89 31,guérison@guérison.org,,PME (50-200),B2C,Google Maps,4.0,Actif,2026-06-29T00:14:35.676441,moyenne
BJ-A74FEBA3,Bien-être,Santé & Pharmacie,Lokossa,+229 99 91 21 95,bienêtre@bienêtre.org,,PME (10-50),B2C,Google Maps,4.4,Actif,2026-06-29T00:14:35.676461,moyenne
BJ-21D9E9ED,Pharmacie Soins Medical,Santé & Pharmacie,Lokossa,+229 30 78 55 46,pharmacie.soins.medical@pharmacie.soins.medical.net,pharmaciesoinsmedical.bj,PME (10-50),B2C,Google Maps,4.8,Actif,2026-06-29T00:14:35.676476,haute
BJ-C88C4BCE,Pharmacie Royal Bénin,Santé & Pharmacie,Lokossa,+229 87 29 24 94,pharmacie.royal.bénin@pharmacie.royal.bénin.bj,pharmacieroyalbénin.bj,TPE (<10),B2C,Google Maps,4.5,Actif,2026-06-29T00:14:35.676491,haute
BJ-BC06FF04,Hôpital Urgence Pharmacie,Santé & Pharmacie,Lokossa,+229 85 30 96 89,,hôpitalurgencepharmacie.bj,PME (50-200),B2B,Google Maps,3.6,Actif,2026-06-29T00:14:35.676508,moyenne
BJ-27ED09CD,Urgence Centre,Santé & Pharmacie,Lokossa,+229 80 52 56 26,urgence.centre@urgence.centre.benin,,PME (50-200),B2C,Google Maps,3.3,Actif,2026-06-29T00:14:35.676522,moyenne
BJ-4F53CA26,Royal,Santé & Pharmacie,Ouidah,+229 84 94 96 28,royal@royal.com,royal.bj,TPE (<10),B2B,Google Maps,4.5,Actif,2026-06-29T00:14:35.676542,haute
BJ-0DCA89FA,Urgence Clinique,Santé & Pharmacie,Ouidah,+229 95 34 40 50,urgence.clinique@urgence.clinique.benin,urgenceclinique.bj,TPE (<10),B2C,Google Maps,3.7,Actif,2026-06-29T00:14:35.676556,haute
BJ-71009AC8,Centre Santé Medical Ouidah,Santé & Pharmacie,Ouidah,+229 64 59 40 96,,,PME (10-50),B2C,Google Maps,4.1,Actif,2026-06-29T00:14:35.676569,basse
BJ-D56EA30D,Vie International Ouidah,Santé & Pharmacie,Ouidah,+229 52 13 54 95,vie.international.ouidah@vie.international.ouidah.com,vieinternationalouidah.bj,TPE (<10),B2C,Google Maps,4.4,Actif,2026-06-29T00:14:35.676587,haute
BJ-6A1CEA1E,Pharmacie Nouveau Cabinet,Santé & Pharmacie,Ouidah,+229 78 73 86 30,,,PME (10-50),B2B,Google Maps,4.1,Actif,2026-06-29T00:14:35.676602,basse
BJ-29EFFE9C,Centre Saint Centre,Santé & Pharmacie,Savalou,+229 29 60 98 74,centre.saint.centre@centre.saint.centre.net,,TPE (<10),B2B,Google Maps,4.2,Actif,2026-06-29T00:14:35.676621,moyenne
BJ-6126FEF4,Sainte Hôpital,Santé & Pharmacie,Savalou,+229 21 63 40 59,sainte.hôpital@sainte.hôpital.net,saintehôpital.bj,PME (10-50),B2C,Google Maps,3.6,Actif,2026-06-29T00:14:35.676637,haute
BJ-4FD77496,Cabinet Soins Hôpital,Santé & Pharmacie,Savalou,+229 88 36 24 45,cabinet.soins.hôpital@cabinet.soins.hôpital.bj,cabinetsoinshôpital.bj,PME (10-50),B2B,Google Maps,3.4,Actif,2026-06-29T00:14:35.676651,haute
BJ-85ABEAC8,Soins Centre,Santé & Pharmacie,Savalou,+229 29 63 85 44,soins.centre@soins.centre.com,,Grande (>200),B2C,Google Maps,4.1,Actif,2026-06-29T00:14:35.676665,moyenne
BJ-E4348C26,Vie International,Santé & Pharmacie,Savalou,+229 76 67 95 22,vie.international@vie.international.com,vieinternational.bj,PME (10-50),B2C,Google Maps,4.6,Actif,2026-06-29T00:14:35.676679,haute
BJ-9AD25733,Bien-être Dassa-Zoumè,Santé & Pharmacie,Dassa-Zoumè,+229 65 58 23 85,,bienêtredassazoumè.bj,TPE (<10),B2C,Google Maps,3.7,Actif,2026-06-29T00:14:35.676704,moyenne
BJ-54662353,Cabinet Soins,Santé & Pharmacie,Dassa-Zoumè,+229 28 74 78 42,cabinet.soins@cabinet.soins.benin,cabinetsoins.bj,PME (10-50),B2C,Google Maps,3.6,Actif,2026-06-29T00:14:35.676719,haute
BJ-1C6FB252,Centre Pharma,Santé & Pharmacie,Dassa-Zoumè,+229 39 83 74 79,centre.pharma@centre.pharma.bj,centrepharma.bj,TPE (<10),B2C,Google Maps,3.7,Actif,2026-06-29T00:14:35.676733,haute
BJ-450C6E0A,Royal,Santé & Pharmacie,Dassa-Zoumè,+229 55 10 38 59,royal@royal.benin,royal.bj,TPE (<10),B2C,Google Maps,4.9,Actif,2026-06-29T00:14:35.676752,haute
BJ-D62391B3,Vie,Santé & Pharmacie,Dassa-Zoumè,+229 35 64 71 29,vie@vie.org,,Grande (>200),B2B,Google Maps,3.5,Actif,2026-06-29T00:14:35.676766,moyenne
BJ-C6FF2360,Royal International,Santé & Pharmacie,Kétou,+229 62 66 80 90,royal.international@royal.international.benin,,PME (50-200),B2C,Google Maps,4.8,Actif,2026-06-29T00:14:35.676786,moyenne
BJ-60933552,Hôpital Sainte,Santé & Pharmacie,Kétou,+229 57 29 91 52,hôpital.sainte@hôpital.sainte.net,,PME (10-50),B2B,Google Maps,4.6,Actif,2026-06-29T00:14:35.676800,moyenne
BJ-97ED98CE,Pharmacie Bien-être Cabinet,Santé & Pharmacie,Kétou,+229 49 23 19 11,pharmacie.bienêtre.cabinet@pharmacie.bienêtre.cabinet.benin,pharmaciebienêtrecabinet.bj,PME (50-200),B2B,Google Maps,4.2,Actif,2026-06-29T00:14:35.676816,haute
BJ-48F23816,Vie Kétou,Santé & Pharmacie,Kétou,+229 23 91 71 67,vie.kétou@vie.kétou.com,viekétou.bj,PME (10-50),B2C,Google Maps,4.6,Actif,2026-06-29T00:14:35.676831,haute
BJ-DA9FCEF7,Hôpital Nouveau Centre,Santé & Pharmacie,Kétou,+229 62 66 43 69,hôpital.nouveau.centre@hôpital.nouveau.centre.net,,PME (50-200),B2C,Google Maps,3.3,Actif,2026-06-29T00:14:35.676844,moyenne
BJ-0FBA0E4C,Clinique Guérison Medical Covè,Santé & Pharmacie,Covè,+229 36 59 78 66,clinique.guérison.medical.covè@clinique.guérison.medical.covè.bj,,PME (50-200),B2B,Google Maps,4.2,Actif,2026-06-29T00:14:35.676864,moyenne
BJ-19CC00BF,Laboratoire Nouveau,Santé & Pharmacie,Covè,+229 45 22 94 41,laboratoire.nouveau@laboratoire.nouveau.com,,PME (50-200),B2C,Google Maps,4.5,Actif,2026-06-29T00:14:35.676877,moyenne
BJ-CC068502,Sainte,Santé & Pharmacie,Covè,+229 43 46 92 59,sainte@sainte.bj,sainte.bj,PME (50-200),B2C,Google Maps,4.8,Actif,2026-06-29T00:14:35.676902,haute
BJ-43FF8EB8,Laboratoire Urgence,Santé & Pharmacie,Covè,+229 95 80 43 11,,laboratoireurgence.bj,PME (50-200),B2C,Google Maps,4.0,Actif,2026-06-29T00:14:35.676921,moyenne
BJ-4BDA3892,Saint International,Santé & Pharmacie,Covè,+229 43 16 41 99,saint.international@saint.international.org,saintinternational.bj,Grande (>200),B2C,Google Maps,3.5,Actif,2026-06-29T00:14:35.676936,haute
BJ-9C71D395,Vie,Santé & Pharmacie,Pobè,+229 85 41 15 12,vie@vie.org,vie.bj,TPE (<10),B2B,Google Maps,3.2,Actif,2026-06-29T00:14:35.676957,haute
BJ-CEEDB2C5,Pharmacie Soins,Santé & Pharmacie,Pobè,+229 71 23 87 90,,pharmaciesoins.bj,TPE (<10),B2C,Google Maps,3.6,Actif,2026-06-29T00:14:35.676970,moyenne
BJ-332D4090,Laboratoire Emergency,Santé & Pharmacie,Pobè,+229 52 67 94 41,laboratoire.emergency@laboratoire.emergency.net,laboratoireemergency.bj,TPE (<10),B2C,Google Maps,4.5,Actif,2026-06-29T00:14:35.676985,haute
BJ-58606BF9,Clinique Médicament Hôpital,Santé & Pharmacie,Pobè,+229 73 66 36 76,clinique.médicament.hôpital@clinique.médicament.hôpital.bj,,PME (10-50),B2B,Google Maps,4.6,Actif,2026-06-29T00:14:35.677002,moyenne
BJ-4C857C77,Centre Royal,Santé & Pharmacie,Pobè,+229 41 89 38 80,centre.royal@centre.royal.benin,centreroyal.bj,PME (50-200),B2B,Google Maps,3.6,Actif,2026-06-29T00:14:35.677017,haute
BJ-0B3E6C16,Vie,Santé & Pharmacie,Sakété,+229 62 32 92 81,vie@vie.com,vie.bj,TPE (<10),B2B,Google Maps,4.9,Actif,2026-06-29T00:14:35.677037,haute
BJ-90C092CC,Central,Santé & Pharmacie,Sakété,+229 96 20 41 20,central@central.org,central.bj,PME (10-50),B2C,Google Maps,3.3,Actif,2026-06-29T00:14:35.677051,haute
BJ-7B8D29AC,Royal International,Santé & Pharmacie,Sakété,+229 78 59 61 63,royal.international@royal.international.benin,royalinternational.bj,TPE (<10),B2C,Google Maps,4.5,Actif,2026-06-29T00:14:35.677064,haute
BJ-809E1D8B,Cabinet Saint,Santé & Pharmacie,Sakété,+229 25 69 89 22,,,TPE (<10),B2C,Google Maps,4.6,Actif,2026-06-29T00:14:35.677080,basse
BJ-E62E54FE,Pharmacie Royal,Santé & Pharmacie,Adjara,+229 44 60 21 17,pharmacie.royal@pharmacie.royal.benin,pharmacieroyal.bj,TPE (<10),B2C,Google Maps,3.9,Actif,2026-06-29T00:14:35.677122,haute
BJ-2575FA21,Emergency,Santé & Pharmacie,Adjara,+229 92 24 87 29,emergency@emergency.org,emergency.bj,TPE (<10),B2B,Google Maps,4.7,Actif,2026-06-29T00:14:35.677136,haute
BJ-B387AAD7,Cabinet Santé,Santé & Pharmacie,Adjara,+229 27 79 53 52,cabinet.santé@cabinet.santé.org,cabinetsanté.bj,TPE (<10),B2B,Google Maps,3.8,Actif,2026-06-29T00:14:35.677151,haute
BJ-4513674F,Vie Medical,Santé & Pharmacie,Adjara,+229 49 37 72 59,,,PME (10-50),B2C,Google Maps,4.7,Actif,2026-06-29T00:14:35.677163,basse
BJ-E9192685,Clinique Pharma,Santé & Pharmacie,Adjara,+229 45 47 88 90,clinique.pharma@clinique.pharma.org,,TPE (<10),B2C,Google Maps,3.6,Actif,2026-06-29T00:14:35.677176,moyenne
BJ-040FCED0,Vie Bénin,Santé & Pharmacie,Allada,+229 87 29 50 23,vie.bénin@vie.bénin.org,,PME (50-200),B2B,Google Maps,3.2,Actif,2026-06-29T00:14:35.677195,moyenne
BJ-460C8820,Pharmacie Médicament Bénin,Santé & Pharmacie,Allada,+229 70 59 40 33,,pharmaciemédicamentbénin.bj,TPE (<10),B2B,Google Maps,3.4,Actif,2026-06-29T00:14:35.677210,moyenne
BJ-8D649E45,Laboratoire Médicament,Santé & Pharmacie,Allada,+229 43 63 76 13,laboratoire.médicament@laboratoire.médicament.org,,PME (50-200),B2C,Google Maps,4.2,Actif,2026-06-29T00:14:35.677223,moyenne
BJ-3827CEA3,Pharmacie Médicament Allada,Santé & Pharmacie,Allada,+229 90 27 68 33,pharmacie.médicament.allada@pharmacie.médicament.allada.bj,pharmaciemédicamentallada.bj,TPE (<10),B2C,Google Maps,4.8,Actif,2026-06-29T00:14:35.677242,haute
BJ-4572E130,Saint,Santé & Pharmacie,Allada,+229 64 49 50 75,,,TPE (<10),B2B,Google Maps,3.2,Actif,2026-06-29T00:14:35.677257,basse
BJ-B2C1F7E2,Santé Pharmacie,Santé & Pharmacie,Aplahoué,+229 97 64 33 33,,santépharmacie.bj,Grande (>200),B2B,Google Maps,4.2,Actif,2026-06-29T00:14:35.677276,moyenne
BJ-FB993AC3,Saint Cabinet Aplahoué,Santé & Pharmacie,Aplahoué,+229 45 10 98 92,,saintcabinetaplahoué.bj,Grande (>200),B2C,Google Maps,4.5,Actif,2026-06-29T00:14:35.677290,moyenne
BJ-83E2A339,Pharmacie Urgence,Santé & Pharmacie,Aplahoué,+229 51 82 84 76,pharmacie.urgence@pharmacie.urgence.bj,pharmacieurgence.bj,Grande (>200),B2B,Google Maps,4.0,Actif,2026-06-29T00:14:35.677304,haute
BJ-C690694A,Pharmacie Santé Clinique Aplahoué,Santé & Pharmacie,Aplahoué,+229 85 79 90 56,pharmacie.santé.clinique.aplahoué@pharmacie.santé.clinique.aplahoué.com,,TPE (<10),B2B,Google Maps,4.3,Actif,2026-06-29T00:14:35.677318,moyenne
BJ-93A02529,Cabinet Pharma Cabinet,Santé & Pharmacie,Aplahoué,+229 28 52 12 59,,,TPE (<10),B2C,Google Maps,3.3,Actif,2026-06-29T00:14:35.677330,basse
BJ-0EDF2049,Hôpital Royal Clinique,Santé & Pharmacie,Dogbo-Tota,+229 42 66 95 24,,,Grande (>200),B2C,Google Maps,4.4,Actif,2026-06-29T00:14:35.677348,basse
BJ-FD742392,Centre Soins Pharmacie Dogbo-Tota,Santé & Pharmacie,Dogbo-Tota,+229 56 86 85 38,centre.soins.pharmacie.dogbotota@centre.soins.pharmacie.dogbotota.org,,PME (10-50),B2C,Google Maps,4.8,Actif,2026-06-29T00:14:35.677362,moyenne
BJ-26778E2E,Saint Dogbo-Tota,Santé & Pharmacie,Dogbo-Tota,+229 84 81 17 84,saint.dogbotota@saint.dogbotota.com,saintdogbotota.bj,TPE (<10),B2B,Google Maps,4.2,Actif,2026-06-29T00:14:35.677376,haute
BJ-604E0D74,Médical,Santé & Pharmacie,Dogbo-Tota,+229 86 30 46 80,,médical.bj,PME (10-50),B2B,Google Maps,4.2,Actif,2026-06-29T00:14:35.677395,moyenne
BJ-8A7512C8,Hôpital Soins Bénin Dogbo-Tota,Santé & Pharmacie,Dogbo-Tota,+229 29 15 44 91,hôpital.soins.bénin.dogbotota@hôpital.soins.bénin.dogbotota.bj,,Grande (>200),B2B,Google Maps,3.4,Actif,2026-06-29T00:14:35.677410,moyenne
BJ-EDF8DDF8,Santé Hôpital,Santé & Pharmacie,Kpomassè,+229 63 97 20 17,,santéhôpital.bj,PME (10-50),B2C,Google Maps,3.9,Actif,2026-06-29T00:14:35.677429,moyenne
BJ-5FD0706B,Santé Bénin,Santé & Pharmacie,Kpomassè,+229 56 50 85 76,,santébénin.bj,TPE (<10),B2B,Google Maps,3.8,Actif,2026-06-29T00:14:35.677443,moyenne
BJ-9BC93436,Pharmacie Saint,Santé & Pharmacie,Kpomassè,+229 76 98 71 12,pharmacie.saint@pharmacie.saint.com,,TPE (<10),B2B,Google Maps,4.5,Actif,2026-06-29T00:14:35.677456,moyenne
BJ-C1C4A0F6,Clinique Royal Medical,Santé & Pharmacie,Kpomassè,+229 67 20 13 52,clinique.royal.medical@clinique.royal.medical.net,cliniqueroyalmedical.bj,PME (50-200),B2B,Google Maps,3.1,Actif,2026-06-29T00:14:35.677475,haute
BJ-5BEAE5AB,Soins Pharmacie,Santé & Pharmacie,Kpomassè,+229 28 32 31 27,soins.pharmacie@soins.pharmacie.com,soinspharmacie.bj,TPE (<10),B2C,Google Maps,4.1,Actif,2026-06-29T00:14:35.677493,haute
BJ-EE3A62C0,Hôpital Urgence,Santé & Pharmacie,Tori-Bossito,+229 66 14 23 70,hôpital.urgence@hôpital.urgence.benin,,Grande (>200),B2B,Google Maps,3.5,Actif,2026-06-29T00:14:35.677513,moyenne
BJ-FB596401,Pharmacie Pharma Pharmacie,Santé & Pharmacie,Tori-Bossito,+229 88 39 47 30,pharmacie.pharma.pharmacie@pharmacie.pharma.pharmacie.benin,,PME (10-50),B2B,Google Maps,4.9,Actif,2026-06-29T00:14:35.677531,moyenne
BJ-7DEB6CAE,Clinique Nouveau Centre Tori-Bossito,Santé & Pharmacie,Tori-Bossito,+229 88 81 81 37,,,Grande (>200),B2B,Google Maps,4.0,Actif,2026-06-29T00:14:35.677545,basse
BJ-8B2F2C8B,Clinique Guérison,Santé & Pharmacie,Tori-Bossito,+229 63 95 14 80,,cliniqueguérison.bj,PME (10-50),B2C,Google Maps,3.3,Actif,2026-06-29T00:14:35.677562,moyenne
BJ-CFCB36D1,Clinique Soins,Santé & Pharmacie,Tori-Bossito,+229 58 60 94 70,clinique.soins@clinique.soins.bj,cliniquesoins.bj,TPE (<10),B2C,Google Maps,4.5,Actif,2026-06-29T00:14:35.677577,haute
BJ-A62B0EEE,Pharmacie Vie Pharmacie,Santé & Pharmacie,Grand-Popo,+229 65 93 25 22,pharmacie.vie.pharmacie@pharmacie.vie.pharmacie.org,,TPE (<10),B2B,Google Maps,3.3,Actif,2026-06-29T00:14:35.677596,moyenne
BJ-96246E57,Santé,Santé & Pharmacie,Grand-Popo,+229 21 32 99 40,santé@santé.net,santé.bj,PME (50-200),B2B,Google Maps,3.2,Actif,2026-06-29T00:14:35.677611,haute
BJ-7A6F93A8,Clinique Santé,Santé & Pharmacie,Grand-Popo,+229 38 67 50 58,clinique.santé@clinique.santé.bj,cliniquesanté.bj,PME (10-50),B2C,Google Maps,4.5,Actif,2026-06-29T00:14:35.677625,haute
BJ-0B6C86F7,Sainte,Santé & Pharmacie,Grand-Popo,+229 28 76 43 61,sainte@sainte.org,,TPE (<10),B2C,Google Maps,4.6,Actif,2026-06-29T00:14:35.677638,moyenne
BJ-67022ECF,Centre Pharma Grand-Popo,Santé & Pharmacie,Grand-Popo,+229 73 87 30 69,centre.pharma.grandpopo@centre.pharma.grandpopo.com,centrepharmagrandpopo.bj,TPE (<10),B2B,Google Maps,5.0,Actif,2026-06-29T00:14:35.677652,haute
BJ-2EBBA2CB,Laboratoire Bien-être Hôpital,Santé & Pharmacie,Athiémé,+229 85 62 54 69,,laboratoirebienêtrehôpital.bj,PME (10-50),B2C,Google Maps,3.7,Actif,2026-06-29T00:14:35.677672,moyenne
BJ-530ECA26,Sainte Athiémé,Santé & Pharmacie,Athiémé,+229 23 13 22 44,,,TPE (<10),B2C,Google Maps,4.1,Actif,2026-06-29T00:14:35.677685,basse
BJ-4EE4BF00,Pharmacie Nouveau Athiémé,Santé & Pharmacie,Athiémé,+229 51 33 10 12,pharmacie.nouveau.athiémé@pharmacie.nouveau.athiémé.benin,,PME (10-50),B2C,Google Maps,3.4,Actif,2026-06-29T00:14:35.677698,moyenne
BJ-766D96BC,Clinique Bien-être International,Santé & Pharmacie,Athiémé,+229 72 74 92 60,clinique.bienêtre.international@clinique.bienêtre.international.bj,cliniquebienêtreinternational.bj,PME (50-200),B2B,Google Maps,3.5,Actif,2026-06-29T00:14:35.677716,haute
BJ-4D1D7792,Emergency Clinique,Santé & Pharmacie,Athiémé,+229 53 29 96 80,,emergencyclinique.bj,PME (50-200),B2C,Google Maps,3.9,Actif,2026-06-29T00:14:35.677731,moyenne
BJ-B2A9BC90,Urgence,Santé & Pharmacie,Bopa,+229 67 17 15 68,urgence@urgence.net,,TPE (<10),B2C,Google Maps,4.5,Actif,2026-06-29T00:14:35.677751,moyenne
BJ-F93409BA,Médicament,Santé & Pharmacie,Bopa,+229 80 49 87 28,,,PME (10-50),B2B,Google Maps,4.7,Actif,2026-06-29T00:14:35.677763,basse
BJ-DC8BD77B,Hôpital Vie Bopa,Santé & Pharmacie,Bopa,+229 38 94 16 59,hôpital.vie.bopa@hôpital.vie.bopa.bj,hôpitalviebopa.bj,TPE (<10),B2C,Google Maps,4.4,Actif,2026-06-29T00:14:35.677780,haute
BJ-052F1014,Vie,Santé & Pharmacie,Bopa,+229 49 46 52 87,,,PME (10-50),B2C,Google Maps,4.4,Actif,2026-06-29T00:14:35.677818,basse
BJ-5FA5C881,Centre Urgence Bopa,Santé & Pharmacie,Bopa,+229 67 28 63 14,centre.urgence.bopa@centre.urgence.bopa.net,centreurgencebopa.bj,TPE (<10),B2B,Google Maps,3.6,Actif,2026-06-29T00:14:35.677852,haute
BJ-4D5A61CE,Médicament,Santé & Pharmacie,Houéyogbé,+229 30 34 22 18,médicament@médicament.net,,PME (50-200),B2B,Google Maps,4.9,Actif,2026-06-29T00:14:35.677887,moyenne
BJ-3B51AC5D,Pharmacie Bien-être Pharmacie,Santé & Pharmacie,Houéyogbé,+229 61 46 16 77,pharmacie.bienêtre.pharmacie@pharmacie.bienêtre.pharmacie.net,pharmaciebienêtrepharmacie.bj,Grande (>200),B2C,Google Maps,3.5,Actif,2026-06-29T00:14:35.677927,haute
BJ-43643772,Emergency Centre,Santé & Pharmacie,Houéyogbé,+229 46 48 91 21,emergency.centre@emergency.centre.benin,,PME (10-50),B2C,Google Maps,3.2,Actif,2026-06-29T00:14:35.677958,moyenne
BJ-1434F371,Nouveau,Santé & Pharmacie,Houéyogbé,+229 45 75 66 11,nouveau@nouveau.bj,nouveau.bj,TPE (<10),B2B,Google Maps,3.9,Actif,2026-06-29T00:14:35.677993,haute
BJ-EB64ED5C,Central Centre,Santé & Pharmacie,Houéyogbé,+229 69 47 16 90,,centralcentre.bj,PME (10-50),B2B,Google Maps,4.7,Actif,2026-06-29T00:14:35.678029,moyenne
BJ-EE43DE41,Royal,Santé & Pharmacie,Malanville,+229 90 63 65 67,royal@royal.net,royal.bj,PME (10-50),B2C,Google Maps,4.1,Actif,2026-06-29T00:14:35.678065,haute
BJ-6ADF3F48,Central,Santé & Pharmacie,Malanville,+229 85 75 93 82,central@central.org,central.bj,PME (50-200),B2B,Google Maps,3.6,Actif,2026-06-29T00:14:35.678094,haute
BJ-F368C67F,Soins International,Santé & Pharmacie,Malanville,+229 98 58 69 84,soins.international@soins.international.net,soinsinternational.bj,TPE (<10),B2B,Google Maps,3.3,Actif,2026-06-29T00:14:35.678119,haute
BJ-024BC6B7,Clinique Saint Medical,Santé & Pharmacie,Malanville,+229 29 13 15 60,,cliniquesaintmedical.bj,PME (10-50),B2C,Google Maps,3.7,Actif,2026-06-29T00:14:35.678142,moyenne
BJ-4406359A,Bien-être,Santé & Pharmacie,Malanville,+229 83 42 87 36,bienêtre@bienêtre.net,bienêtre.bj,TPE (<10),B2B,Google Maps,4.3,Actif,2026-06-29T00:14:35.678167,haute
BJ-D2B8E104,Cabinet Nouveau,Santé & Pharmacie,Kandi,+229 36 49 51 40,,cabinetnouveau.bj,TPE (<10),B2B,Google Maps,3.5,Actif,2026-06-29T00:14:35.678200,moyenne
BJ-003CF1B7,Urgence,Santé & Pharmacie,Kandi,+229 62 16 21 39,urgence@urgence.net,,PME (50-200),B2B,Google Maps,4.1,Actif,2026-06-29T00:14:35.678225,moyenne
BJ-95D086BD,Médical Centre,Santé & Pharmacie,Kandi,+229 78 34 15 75,médical.centre@médical.centre.bj,,TPE (<10),B2C,Google Maps,3.7,Actif,2026-06-29T00:14:35.678249,moyenne
BJ-C7408098,Pharma Kandi,Santé & Pharmacie,Kandi,+229 83 90 95 72,pharma.kandi@pharma.kandi.net,pharmakandi.bj,PME (50-200),B2C,Google Maps,4.1,Actif,2026-06-29T00:14:35.678283,haute
BJ-AB6FDF4C,Bien-être Centre Kandi,Santé & Pharmacie,Kandi,+229 26 61 75 39,bienêtre.centre.kandi@bienêtre.centre.kandi.org,,TPE (<10),B2B,Google Maps,4.5,Actif,2026-06-29T00:14:35.678309,moyenne
BJ-B82E3BCE,Emergency,Santé & Pharmacie,Banikoara,+229 85 78 55 80,emergency@emergency.benin,emergency.bj,PME (10-50),B2B,Google Maps,4.8,Actif,2026-06-29T00:14:35.678348,haute
BJ-732F47C5,Royal Banikoara,Santé & Pharmacie,Banikoara,+229 97 12 24 66,royal.banikoara@royal.banikoara.org,,TPE (<10),B2C,Google Maps,4.6,Actif,2026-06-29T00:14:35.678386,moyenne
BJ-78D5DDCE,Vie Bénin,Santé & Pharmacie,Banikoara,+229 32 94 36 18,vie.bénin@vie.bénin.net,,TPE (<10),B2C,Google Maps,4.0,Actif,2026-06-29T00:14:35.678420,moyenne
BJ-42EB7576,Nouveau,Santé & Pharmacie,Banikoara,+229 39 53 20 49,nouveau@nouveau.bj,,TPE (<10),B2C,Google Maps,4.8,Actif,2026-06-29T00:14:35.678451,moyenne
BJ-C22515AC,Cabinet Pharma Banikoara,Santé & Pharmacie,Banikoara,+229 60 94 36 57,cabinet.pharma.banikoara@cabinet.pharma.banikoara.com,cabinetpharmabanikoara.bj,PME (50-200),B2B,Google Maps,3.2,Actif,2026-06-29T00:14:35.678476,haute
BJ-8687B4C1,Guérison,Santé & Pharmacie,Ségbana,+229 43 26 46 39,guérison@guérison.benin,guérison.bj,TPE (<10),B2C,Google Maps,3.8,Actif,2026-06-29T00:14:35.678523,haute
BJ-8A987E4A,Laboratoire Pharma,Santé & Pharmacie,Ségbana,+229 77 59 89 10,laboratoire.pharma@laboratoire.pharma.bj,laboratoirepharma.bj,TPE (<10),B2C,Google Maps,3.4,Actif,2026-06-29T00:14:35.678559,haute
BJ-F1ACD77F,Hôpital Royal Bénin,Santé & Pharmacie,Ségbana,+229 77 83 24 31,hôpital.royal.bénin@hôpital.royal.bénin.org,hôpitalroyalbénin.bj,PME (10-50),B2C,Google Maps,3.9,Actif,2026-06-29T00:14:35.678588,haute
BJ-64E8DD7E,Laboratoire Médicament Clinique,Santé & Pharmacie,Ségbana,+229 22 33 71 91,laboratoire.médicament.clinique@laboratoire.médicament.clinique.com,laboratoiremédicamentclinique.bj,TPE (<10),B2C,Google Maps,3.6,Actif,2026-06-29T00:14:35.678638,haute
BJ-E90E153F,Soins Cabinet,Santé & Pharmacie,Ségbana,+229 79 57 83 91,,soinscabinet.bj,TPE (<10),B2B,Google Maps,3.8,Actif,2026-06-29T00:14:35.678670,moyenne
BJ-E528CE00,Hôpital Médical,Santé & Pharmacie,Karimama,+229 54 27 77 27,hôpital.médical@hôpital.médical.com,,PME (50-200),B2B,Google Maps,4.8,Actif,2026-06-29T00:14:35.678728,moyenne
BJ-B949EF2B,Sainte,Santé & Pharmacie,Karimama,+229 51 53 44 53,sainte@sainte.org,,TPE (<10),B2B,Google Maps,3.3,Actif,2026-06-29T00:14:35.678762,moyenne
BJ-2ED5AAE1,Pharmacie Santé Medical,Santé & Pharmacie,Karimama,+229 53 77 83 71,pharmacie.santé.medical@pharmacie.santé.medical.org,pharmaciesantémedical.bj,TPE (<10),B2C,Google Maps,4.1,Actif,2026-06-29T00:14:35.678790,haute
BJ-AFC4738C,Urgence Karimama,Santé & Pharmacie,Karimama,+229 93 40 85 45,,urgencekarimama.bj,Grande (>200),B2C,Google Maps,4.6,Actif,2026-06-29T00:14:35.678829,moyenne
BJ-21EEFE5C,Clinique Bien-être Clinique Karimama,Santé & Pharmacie,Karimama,+229 64 88 37 59,clinique.bienêtre.clinique.karimama@clinique.bienêtre.clinique.karimama.net,cliniquebienêtrecliniquekarimama.bj,TPE (<10),B2B,Google Maps,3.7,Actif,2026-06-29T00:14:35.678868,haute
BJ-0C2A3E81,Médicament Bénin,Santé & Pharmacie,Gogounou,+229 47 10 90 70,,,PME (10-50),B2C,Google Maps,3.7,Actif,2026-06-29T00:14:35.678923,basse
BJ-1264F312,Laboratoire Nouveau,Santé & Pharmacie,Gogounou,+229 62 40 65 75,,laboratoirenouveau.bj,PME (50-200),B2B,Google Maps,4.3,Actif,2026-06-29T00:14:35.678955,moyenne
BJ-53C0211F,Centre Urgence,Santé & Pharmacie,Gogounou,+229 62 24 10 17,,centreurgence.bj,PME (50-200),B2B,Google Maps,3.5,Actif,2026-06-29T00:14:35.678988,moyenne
BJ-67727041,Cabinet Central,Santé & Pharmacie,Gogounou,+229 83 64 83 75,,,TPE (<10),B2B,Google Maps,4.4,Actif,2026-06-29T00:14:35.679022,basse
BJ-603EB1B7,Cabinet Royal,Santé & Pharmacie,Gogounou,+229 88 61 59 14,cabinet.royal@cabinet.royal.com,cabinetroyal.bj,TPE (<10),B2C,Google Maps,4.7,Actif,2026-06-29T00:14:35.679052,haute
BJ-BD776CC0,Cabinet Santé International,Santé & Pharmacie,Cobly,+229 22 14 69 33,cabinet.santé.international@cabinet.santé.international.bj,cabinetsantéinternational.bj,Grande (>200),B2C,Google Maps,4.6,Actif,2026-06-29T00:14:35.679101,haute
BJ-EFBEB7C0,Médicament Clinique,Santé & Pharmacie,Cobly,+229 72 87 35 62,médicament.clinique@médicament.clinique.org,,Grande (>200),B2C,Google Maps,4.7,Actif,2026-06-29T00:14:35.679133,moyenne
BJ-3C97A8BE,Cabinet Saint Cobly,Santé & Pharmacie,Cobly,+229 20 89 39 68,cabinet.saint.cobly@cabinet.saint.cobly.bj,cabinetsaintcobly.bj,PME (10-50),B2C,Google Maps,3.9,Actif,2026-06-29T00:14:35.679168,haute
BJ-A836762A,Médical,Santé & Pharmacie,Cobly,+229 82 12 81 70,médical@médical.benin,,PME (10-50),B2B,Google Maps,3.8,Actif,2026-06-29T00:14:35.679200,moyenne
BJ-BC00D6BA,Nouveau,Santé & Pharmacie,Cobly,+229 39 88 14 63,nouveau@nouveau.org,nouveau.bj,PME (10-50),B2B,Google Maps,3.2,Actif,2026-06-29T00:14:35.679226,haute
BJ-961FC405,Saint Bénin Tanguiéta,Santé & Pharmacie,Tanguiéta,+229 27 99 79 20,saint.bénin.tanguiéta@saint.bénin.tanguiéta.com,saintbénintanguiéta.bj,TPE (<10),B2B,Google Maps,4.6,Actif,2026-06-29T00:14:35.679274,haute
BJ-34503005,Clinique Sainte,Santé & Pharmacie,Tanguiéta,+229 32 12 95 37,clinique.sainte@clinique.sainte.org,cliniquesainte.bj,PME (50-200),B2B,Google Maps,4.7,Actif,2026-06-29T00:14:35.679308,haute
BJ-8A74A830,Clinique Médicament Clinique Tanguiéta,Santé & Pharmacie,Tanguiéta,+229 25 88 27 73,,,PME (10-50),B2C,Google Maps,5.0,Actif,2026-06-29T00:14:35.679334,basse
BJ-377CEDE5,Clinique Vie,Santé & Pharmacie,Tanguiéta,+229 56 87 48 20,clinique.vie@clinique.vie.com,cliniquevie.bj,Grande (>200),B2C,Google Maps,4.6,Actif,2026-06-29T00:14:35.679379,haute
BJ-F012A465,Centre Nouveau Pharmacie,Santé & Pharmacie,Tanguiéta,+229 99 48 54 63,,centrenouveaupharmacie.bj,TPE (<10),B2C,Google Maps,3.9,Actif,2026-06-29T00:14:35.679412,moyenne
BJ-5FF2D171,Laboratoire Guérison Medical,Santé & Pharmacie,Matéri,+229 35 84 44 87,,,Grande (>200),B2B,Google Maps,3.3,Actif,2026-06-29T00:14:35.679453,basse
BJ-3FB66362,Médical,Santé & Pharmacie,Matéri,+229 48 48 68 76,médical@médical.bj,médical.bj,PME (10-50),B2C,Google Maps,4.1,Actif,2026-06-29T00:14:35.679481,haute
BJ-E75D2D65,Bien-être Medical Matéri,Santé & Pharmacie,Matéri,+229 22 60 10 85,,,TPE (<10),B2B,Google Maps,3.4,Actif,2026-06-29T00:14:35.679504,basse
BJ-9557A7B9,Pharmacie Guérison Matéri,Santé & Pharmacie,Matéri,+229 45 20 25 79,pharmacie.guérison.matéri@pharmacie.guérison.matéri.com,pharmacieguérisonmatéri.bj,PME (50-200),B2C,Google Maps,3.7,Actif,2026-06-29T00:14:35.679530,haute
BJ-CDF0C5F5,Hôpital Saint International,Santé & Pharmacie,Matéri,+229 95 63 28 12,,hôpitalsaintinternational.bj,PME (10-50),B2B,Google Maps,3.9,Actif,2026-06-29T00:14:35.679555,moyenne
BJ-7CCC446F,Bien-être,Santé & Pharmacie,Natitingou,+229 75 97 31 72,,bienêtre.bj,TPE (<10),B2B,Google Maps,4.2,Actif,2026-06-29T00:14:35.679623,moyenne
BJ-E20007F9,Saint,Santé & Pharmacie,Natitingou,+229 32 57 61 23,,saint.bj,PME (10-50),B2B,Google Maps,3.9,Actif,2026-06-29T00:14:35.679646,moyenne
BJ-B04E0A33,Clinique Urgence Hôpital,Santé & Pharmacie,Natitingou,+229 47 79 52 65,clinique.urgence.hôpital@clinique.urgence.hôpital.benin,,TPE (<10),B2B,Google Maps,4.5,Actif,2026-06-29T00:14:35.679686,moyenne
BJ-B23604FA,Clinique Guérison Medical Natitingou,Santé & Pharmacie,Natitingou,+229 79 71 46 71,clinique.guérison.medical.natitingou@clinique.guérison.medical.natitingou.org,,PME (50-200),B2B,Google Maps,4.9,Actif,2026-06-29T00:14:35.679716,moyenne
BJ-AACF6665,Pharmacie Santé,Santé & Pharmacie,Toucountouna,+229 75 25 94 67,pharmacie.santé@pharmacie.santé.org,,PME (10-50),B2C,Google Maps,4.3,Actif,2026-06-29T00:14:35.679756,moyenne
BJ-BCEC171B,Centre Sainte,Santé & Pharmacie,Toucountouna,+229 33 22 81 59,centre.sainte@centre.sainte.net,centresainte.bj,PME (10-50),B2C,Google Maps,4.0,Actif,2026-06-29T00:14:35.679785,haute
BJ-6C51DB41,Nouveau International,Santé & Pharmacie,Toucountouna,+229 94 34 14 32,nouveau.international@nouveau.international.benin,nouveauinternational.bj,PME (50-200),B2B,Google Maps,4.0,Actif,2026-06-29T00:14:35.679812,haute
BJ-81DA95D1,Emergency Pharmacie,Santé & Pharmacie,Toucountouna,+229 50 51 47 89,emergency.pharmacie@emergency.pharmacie.benin,emergencypharmacie.bj,TPE (<10),B2B,Google Maps,3.7,Actif,2026-06-29T00:14:35.679843,haute
BJ-DE5F2C68,Cabinet Guérison Cabinet,Santé & Pharmacie,Toucountouna,+229 98 88 91 78,cabinet.guérison.cabinet@cabinet.guérison.cabinet.benin,cabinetguérisoncabinet.bj,PME (10-50),B2B,Google Maps,4.3,Actif,2026-06-29T00:14:35.679902,haute
BJ-3D2A9DE5,Pharmacie Médicament Boukoumbé,Santé & Pharmacie,Boukoumbé,+229 61 13 89 62,pharmacie.médicament.boukoumbé@pharmacie.médicament.boukoumbé.benin,,PME (10-50),B2B,Google Maps,3.6,Actif,2026-06-29T00:14:35.679959,moyenne
BJ-07B3CEB2,Vie Bénin,Santé & Pharmacie,Boukoumbé,+229 73 26 77 33,vie.bénin@vie.bénin.com,,Grande (>200),B2B,Google Maps,4.6,Actif,2026-06-29T00:14:35.680001,moyenne
BJ-E481AC5B,Pharma Bénin,Santé & Pharmacie,Boukoumbé,+229 97 21 76 43,pharma.bénin@pharma.bénin.com,,PME (10-50),B2C,Google Maps,3.7,Actif,2026-06-29T00:14:35.680039,moyenne
BJ-A367CB8F,Hôpital Sainte Medical Boukoumbé,Santé & Pharmacie,Boukoumbé,+229 24 28 32 95,hôpital.sainte.medical.boukoumbé@hôpital.sainte.medical.boukoumbé.org,hôpitalsaintemedicalboukoumbé.bj,PME (10-50),B2B,Google Maps,3.7,Actif,2026-06-29T00:14:35.680088,haute
BJ-7D652325,Emergency Centre,Santé & Pharmacie,Boukoumbé,+229 33 73 28 67,,emergencycentre.bj,TPE (<10),B2C,Google Maps,4.2,Actif,2026-06-29T00:14:35.680119,moyenne
BJ-4DA4E9EB,Santé,Santé & Pharmacie,Kouandé,+229 36 96 70 43,santé@santé.bj,santé.bj,PME (10-50),B2C,Google Maps,3.9,Actif,2026-06-29T00:14:35.680165,haute
BJ-7C8A1C14,Nouveau Cabinet,Santé & Pharmacie,Kouandé,+229 86 15 62 49,nouveau.cabinet@nouveau.cabinet.bj,nouveaucabinet.bj,PME (10-50),B2B,Google Maps,4.4,Actif,2026-06-29T00:14:35.680200,haute
BJ-2F27B396,Cabinet Soins Medical,Santé & Pharmacie,Kouandé,+229 90 79 84 57,cabinet.soins.medical@cabinet.soins.medical.com,cabinetsoinsmedical.bj,TPE (<10),B2B,Google Maps,4.7,Actif,2026-06-29T00:14:35.680235,haute
BJ-A5255386,Clinique Saint International,Santé & Pharmacie,Kouandé,+229 88 72 60 10,,cliniquesaintinternational.bj,PME (50-200),B2C,Google Maps,5.0,Actif,2026-06-29T00:14:35.680267,moyenne
BJ-235A702C,Laboratoire Pharma Bénin,Santé & Pharmacie,Kouandé,+229 40 14 22 25,laboratoire.pharma.bénin@laboratoire.pharma.bénin.bj,laboratoirepharmabénin.bj,TPE (<10),B2C,Google Maps,4.0,Actif,2026-06-29T00:14:35.680303,haute
BJ-8120993C,Pharmacie Royal Péhunco,Santé & Pharmacie,Péhunco,+229 77 81 38 66,pharmacie.royal.péhunco@pharmacie.royal.péhunco.org,pharmacieroyalpéhunco.bj,PME (10-50),B2C,Google Maps,4.3,Actif,2026-06-29T00:14:35.680351,haute
BJ-22FA0DB6,Pharmacie Saint Bénin,Santé & Pharmacie,Péhunco,+229 73 71 81 79,pharmacie.saint.bénin@pharmacie.saint.bénin.org,,TPE (<10),B2C,Google Maps,3.8,Actif,2026-06-29T00:14:35.680386,moyenne
BJ-74C322D1,Cabinet Sainte Péhunco,Santé & Pharmacie,Péhunco,+229 41 54 72 65,cabinet.sainte.péhunco@cabinet.sainte.péhunco.com,cabinetsaintepéhunco.bj,PME (10-50),B2C,Google Maps,3.8,Actif,2026-06-29T00:14:35.680420,haute
BJ-BC499032,Central Cabinet Péhunco,Santé & Pharmacie,Péhunco,+229 61 75 72 76,central.cabinet.péhunco@central.cabinet.péhunco.com,centralcabinetpéhunco.bj,TPE (<10),B2C,Google Maps,3.3,Actif,2026-06-29T00:14:35.680467,haute
BJ-00B5D7AF,Cabinet Sainte,Santé & Pharmacie,Péhunco,+229 25 10 81 33,cabinet.sainte@cabinet.sainte.bj,cabinetsainte.bj,PME (50-200),B2C,Google Maps,4.5,Actif,2026-06-29T00:14:35.680506,haute
BJ-AEAFEF33,Central,Santé & Pharmacie,Tchaourou,+229 25 27 74 66,central@central.net,central.bj,PME (50-200),B2B,Google Maps,3.0,Actif,2026-06-29T00:14:35.680553,haute
BJ-8FC2270B,Cabinet Vie Tchaourou,Santé & Pharmacie,Tchaourou,+229 73 56 48 87,cabinet.vie.tchaourou@cabinet.vie.tchaourou.bj,cabinetvietchaourou.bj,Grande (>200),B2B,Google Maps,4.8,Actif,2026-06-29T00:14:35.680587,haute
BJ-77C35A58,Pharmacie Bien-être Cabinet,Santé & Pharmacie,Tchaourou,+229 68 13 44 19,pharmacie.bienêtre.cabinet@pharmacie.bienêtre.cabinet.benin,,TPE (<10),B2C,Google Maps,3.3,Actif,2026-06-29T00:14:35.680621,moyenne
BJ-24118E94,Pharmacie Sainte Cabinet,Santé & Pharmacie,Tchaourou,+229 58 69 45 39,pharmacie.sainte.cabinet@pharmacie.sainte.cabinet.org,pharmaciesaintecabinet.bj,Grande (>200),B2B,Google Maps,4.9,Actif,2026-06-29T00:14:35.680665,haute
BJ-E160E1E0,Bien-être Clinique,Santé & Pharmacie,Tchaourou,+229 93 60 29 18,bienêtre.clinique@bienêtre.clinique.bj,bienêtreclinique.bj,PME (10-50),B2C,Google Maps,4.4,Actif,2026-06-29T00:14:35.680704,haute
BJ-F54619EE,Pharma Nikki,Santé & Pharmacie,Nikki,+229 52 34 59 27,,,TPE (<10),B2B,Google Maps,3.9,Actif,2026-06-29T00:14:35.680751,basse
BJ-0B781C4E,Cabinet Royal,Santé & Pharmacie,Nikki,+229 31 63 62 38,,,PME (10-50),B2C,Google Maps,3.5,Actif,2026-06-29T00:14:35.680781,basse
BJ-BE6BB0DF,Royal Bénin,Santé & Pharmacie,Nikki,+229 85 85 70 11,royal.bénin@royal.bénin.benin,royalbénin.bj,TPE (<10),B2C,Google Maps,3.7,Actif,2026-06-29T00:14:35.680817,haute
BJ-7D2953EF,Hôpital Central,Santé & Pharmacie,Nikki,+229 36 32 48 42,hôpital.central@hôpital.central.net,hôpitalcentral.bj,TPE (<10),B2C,Google Maps,3.4,Actif,2026-06-29T00:14:35.680862,haute
BJ-AF739D08,Sainte,Santé & Pharmacie,Nikki,+229 78 72 77 65,sainte@sainte.org,sainte.bj,TPE (<10),B2B,Google Maps,4.4,Actif,2026-06-29T00:14:35.680919,haute
BJ-7AA3791E,Vie,Santé & Pharmacie,Bembéréké,+229 97 73 46 98,,,PME (10-50),B2C,Google Maps,4.4,Actif,2026-06-29T00:14:35.680979,basse
BJ-94DB0D69,Laboratoire Urgence Bembéréké,Santé & Pharmacie,Bembéréké,+229 72 27 73 28,laboratoire.urgence.bembéréké@laboratoire.urgence.bembéréké.benin,laboratoireurgencebembéréké.bj,PME (10-50),B2C,Google Maps,4.7,Actif,2026-06-29T00:14:35.681018,haute
BJ-197D6175,Emergency Bembéréké,Santé & Pharmacie,Bembéréké,+229 33 38 75 71,,emergencybembéréké.bj,Grande (>200),B2B,Google Maps,4.3,Actif,2026-06-29T00:14:35.681065,moyenne
BJ-D7B09C39,Cabinet Sainte Pharmacie,Santé & Pharmacie,Bembéréké,+229 80 12 87 10,cabinet.sainte.pharmacie@cabinet.sainte.pharmacie.net,,TPE (<10),B2B,Google Maps,4.8,Actif,2026-06-29T00:14:35.681100,moyenne
BJ-C1037EC2,Guérison,Santé & Pharmacie,Bembéréké,+229 75 24 75 95,guérison@guérison.benin,,PME (10-50),B2B,Google Maps,3.0,Actif,2026-06-29T00:14:35.681173,moyenne
BJ-3B11AFDF,Clinique Urgence Kalalé,Santé & Pharmacie,Kalalé,+229 29 43 71 77,,cliniqueurgencekalalé.bj,TPE (<10),B2C,Google Maps,3.1,Actif,2026-06-29T00:14:35.681244,moyenne
BJ-9843A34A,Laboratoire Saint Pharmacie,Santé & Pharmacie,Kalalé,+229 92 34 30 14,laboratoire.saint.pharmacie@laboratoire.saint.pharmacie.benin,laboratoiresaintpharmacie.bj,PME (50-200),B2B,Google Maps,3.8,Actif,2026-06-29T00:14:35.681276,haute
BJ-8B415DEC,Laboratoire Médicament Hôpital,Santé & Pharmacie,Kalalé,+229 67 70 63 90,,laboratoiremédicamenthôpital.bj,PME (10-50),B2B,Google Maps,3.4,Actif,2026-06-29T00:14:35.681313,moyenne
BJ-82CD0CD7,Laboratoire Guérison,Santé & Pharmacie,Kalalé,+229 60 35 29 68,,laboratoireguérison.bj,TPE (<10),B2C,Google Maps,4.3,Actif,2026-06-29T00:14:35.681350,moyenne
BJ-6BDEBC6B,Clinique Sainte,Santé & Pharmacie,Kalalé,+229 44 12 96 62,clinique.sainte@clinique.sainte.bj,cliniquesainte.bj,PME (10-50),B2C,Google Maps,4.8,Actif,2026-06-29T00:14:35.681384,haute
BJ-E35C7D65,Pharmacie Guérison,Santé & Pharmacie,Ndali,+229 71 47 63 19,pharmacie.guérison@pharmacie.guérison.bj,pharmacieguérison.bj,Grande (>200),B2B,Google Maps,3.8,Actif,2026-06-29T00:14:35.681427,haute
BJ-610459D2,Pharmacie Guérison International,Santé & Pharmacie,Ndali,+229 77 82 47 45,pharmacie.guérison.international@pharmacie.guérison.international.com,pharmacieguérisoninternational.bj,TPE (<10),B2B,Google Maps,4.7,Actif,2026-06-29T00:14:35.681464,haute
BJ-82681107,Sainte Medical,Santé & Pharmacie,Ndali,+229 48 98 42 44,,saintemedical.bj,PME (10-50),B2C,Google Maps,4.2,Actif,2026-06-29T00:14:35.681506,moyenne
BJ-C988CE41,Centre Saint,Santé & Pharmacie,Ndali,+229 61 28 93 96,centre.saint@centre.saint.benin,centresaint.bj,PME (50-200),B2B,Google Maps,4.3,Actif,2026-06-29T00:14:35.681540,haute
BJ-88C1BDBD,Emergency Clinique,Santé & Pharmacie,Ndali,+229 89 88 13 69,emergency.clinique@emergency.clinique.org,,Grande (>200),B2C,Google Maps,4.6,Actif,2026-06-29T00:14:35.681570,moyenne
BJ-26404BAD,Laboratoire Guérison,Santé & Pharmacie,Ségbana,+229 75 23 86 76,laboratoire.guérison@laboratoire.guérison.org,laboratoireguérison.bj,Grande (>200),B2B,Google Maps,3.6,Actif,2026-06-29T00:14:35.681620,haute
BJ-725008FE,Cabinet Santé Hôpital,Santé & Pharmacie,Ségbana,+229 73 44 96 53,,cabinetsantéhôpital.bj,TPE (<10),B2B,Google Maps,4.7,Actif,2026-06-29T00:14:35.681652,moyenne
BJ-CE083737,Centre Emergency Pharmacie,Santé & Pharmacie,Ségbana,+229 63 51 92 36,centre.emergency.pharmacie@centre.emergency.pharmacie.bj,centreemergencypharmacie.bj,TPE (<10),B2C,Google Maps,4.6,Actif,2026-06-29T00:14:35.681684,haute
BJ-B30F7BA7,Vie Pharmacie,Santé & Pharmacie,Ségbana,+229 98 21 23 12,,viepharmacie.bj,TPE (<10),B2C,Google Maps,3.1,Actif,2026-06-29T00:14:35.681722,moyenne
BJ-2161D06D,Nouveau Ségbana,Santé & Pharmacie,Ségbana,+229 67 56 52 59,nouveau.ségbana@nouveau.ségbana.bj,,PME (10-50),B2C,Google Maps,4.5,Actif,2026-06-29T00:14:35.681755,moyenne
BJ-42C1E7BD,Cabinet Royal Tchaourou,Santé & Pharmacie,Tchaourou,+229 57 66 54 87,,cabinetroyaltchaourou.bj,PME (10-50),B2B,Google Maps,3.3,Actif,2026-06-29T00:14:35.681819,moyenne
BJ-F3D3DEE0,Centre Royal Centre Tchaourou,Santé & Pharmacie,Tchaourou,+229 34 59 94 29,centre.royal.centre.tchaourou@centre.royal.centre.tchaourou.net,,TPE (<10),B2C,Google Maps,3.1,Actif,2026-06-29T00:14:35.681845,moyenne
BJ-422F4AC7,Clinique Royal Medical Tchaourou,Santé & Pharmacie,Tchaourou,+229 79 71 69 20,clinique.royal.medical.tchaourou@clinique.royal.medical.tchaourou.bj,,Grande (>200),B2B,Google Maps,3.2,Actif,2026-06-29T00:14:35.681878,moyenne
BJ-5D14D4C1,Saint,Santé & Pharmacie,Tchaourou,+229 85 55 77 48,saint@saint.com,saint.bj,PME (10-50),B2C,Google Maps,5.0,Actif,2026-06-29T00:14:35.681933,haute
BJ-9B4E8E37,Médicament,Santé & Pharmacie,Tchaourou,+229 86 46 54 13,médicament@médicament.org,médicament.bj,PME (50-200),B2B,Google Maps,4.7,Actif,2026-06-29T00:14:35.681982,haute
BJ-86937323,Urgence Pharmacie,Santé & Pharmacie,Bétérou,+229 65 63 49 46,urgence.pharmacie@urgence.pharmacie.benin,urgencepharmacie.bj,TPE (<10),B2B,Google Maps,3.5,Actif,2026-06-29T00:14:35.682029,haute
BJ-AD5A3420,Médicament Medical,Santé & Pharmacie,Bétérou,+229 36 36 76 70,médicament.medical@médicament.medical.benin,médicamentmedical.bj,PME (10-50),B2C,Google Maps,3.2,Actif,2026-06-29T00:14:35.682057,haute
BJ-EEEE9F82,Central Pharmacie,Santé & Pharmacie,Bétérou,+229 34 89 29 97,,centralpharmacie.bj,TPE (<10),B2B,Google Maps,3.7,Actif,2026-06-29T00:14:35.682091,moyenne
BJ-DBC60741,Saint,Santé & Pharmacie,Bétérou,+229 75 97 26 84,,saint.bj,TPE (<10),B2B,Google Maps,3.7,Actif,2026-06-29T00:14:35.682125,moyenne
BJ-1EFECD2A,Central Medical,Santé & Pharmacie,Bétérou,+229 93 86 20 62,central.medical@central.medical.bj,,PME (50-200),B2B,Google Maps,3.2,Actif,2026-06-29T00:14:35.682167,moyenne
BJ-8F0ABC2C,Pharmacie Médicament International,Santé & Pharmacie,Ouessè,+229 35 20 33 63,pharmacie.médicament.international@pharmacie.médicament.international.benin,pharmaciemédicamentinternational.bj,PME (10-50),B2B,Google Maps,4.4,Actif,2026-06-29T00:14:35.682215,haute
BJ-EAD9631A,Pharmacie Nouveau Hôpital,Santé & Pharmacie,Ouessè,+229 71 15 33 75,pharmacie.nouveau.hôpital@pharmacie.nouveau.hôpital.bj,,Grande (>200),B2C,Google Maps,4.8,Actif,2026-06-29T00:14:35.682249,moyenne
BJ-7569A942,Pharmacie Médical,Santé & Pharmacie,Ouessè,+229 90 72 77 30,pharmacie.médical@pharmacie.médical.org,,PME (10-50),B2C,Google Maps,4.7,Actif,2026-06-29T00:14:35.682286,moyenne
BJ-93F9FC0C,Cabinet Royal Centre,Santé & Pharmacie,Ouessè,+229 66 84 47 44,,cabinetroyalcentre.bj,PME (10-50),B2C,Google Maps,3.4,Actif,2026-06-29T00:14:35.682317,moyenne
BJ-780A436D,Centre Central Ouessè,Santé & Pharmacie,Ouessè,+229 98 41 53 17,centre.central.ouessè@centre.central.ouessè.net,centrecentralouessè.bj,TPE (<10),B2C,Google Maps,3.6,Actif,2026-06-29T00:14:35.682352,haute
BJ-03239763,Guérison Glazoué,Santé & Pharmacie,Glazoué,+229 42 63 27 22,,,TPE (<10),B2B,Google Maps,3.1,Actif,2026-06-29T00:14:35.682396,basse
BJ-BD068A06,Clinique Soins,Santé & Pharmacie,Glazoué,+229 82 35 94 34,clinique.soins@clinique.soins.org,cliniquesoins.bj,PME (10-50),B2B,Google Maps,4.8,Actif,2026-06-29T00:14:35.682432,haute
BJ-9455E6D6,Pharmacie Santé,Santé & Pharmacie,Glazoué,+229 85 93 41 31,pharmacie.santé@pharmacie.santé.benin,pharmaciesanté.bj,Grande (>200),B2B,Google Maps,4.2,Actif,2026-06-29T00:14:35.682467,haute
BJ-E807C63A,Nouveau,Santé & Pharmacie,Glazoué,+229 45 59 58 68,nouveau@nouveau.org,,PME (10-50),B2C,Google Maps,4.7,Actif,2026-06-29T00:14:35.682510,moyenne
BJ-49B4C24D,Clinique Guérison Cabinet,Santé & Pharmacie,Glazoué,+229 86 18 88 77,,,PME (10-50),B2B,Google Maps,3.3,Actif,2026-06-29T00:14:35.682539,basse
BJ-512580A8,Sainte,Santé & Pharmacie,Dassa-Zoumè,+229 33 62 80 10,,,PME (10-50),B2B,Google Maps,4.1,Actif,2026-06-29T00:14:35.682586,basse
BJ-2D60568B,Médical Clinique,Santé & Pharmacie,Dassa-Zoumè,+229 36 76 53 76,médical.clinique@médical.clinique.benin,médicalclinique.bj,PME (10-50),B2C,Google Maps,3.3,Actif,2026-06-29T00:14:35.682629,haute
BJ-DF8960EB,Centre Médicament,Santé & Pharmacie,Dassa-Zoumè,+229 78 55 60 52,,centremédicament.bj,PME (10-50),B2C,Google Maps,3.4,Actif,2026-06-29T00:14:35.682663,moyenne
BJ-E176CCD4,Clinique Médical Dassa-Zoumè,Santé & Pharmacie,Dassa-Zoumè,+229 49 60 67 19,clinique.médical.dassazoumè@clinique.médical.dassazoumè.bj,cliniquemédicaldassazoumè.bj,PME (50-200),B2C,Google Maps,4.3,Actif,2026-06-29T00:14:35.682696,haute
BJ-9FC8920E,Emergency Medical,Santé & Pharmacie,Dassa-Zoumè,+229 26 53 71 27,emergency.medical@emergency.medical.bj,,TPE (<10),B2B,Google Maps,4.0,Actif,2026-06-29T00:14:35.682737,moyenne
BJ-EB1BC8D5,Guérison Clinique Savalou,Santé & Pharmacie,Savalou,+229 93 80 47 88,,guérisoncliniquesavalou.bj,TPE (<10),B2B,Google Maps,4.4,Actif,2026-06-29T00:14:35.682802,moyenne
BJ-37306BA5,Pharmacie Soins,Santé & Pharmacie,Savalou,+229 50 32 25 86,pharmacie.soins@pharmacie.soins.bj,,PME (10-50),B2C,Google Maps,4.7,Actif,2026-06-29T00:14:35.682834,moyenne
BJ-2631F197,Santé Cabinet,Santé & Pharmacie,Savalou,+229 72 18 24 10,,,TPE (<10),B2C,Google Maps,4.1,Actif,2026-06-29T00:14:35.682862,basse
BJ-377DCB62,Pharma International,Santé & Pharmacie,Savalou,+229 24 53 33 16,pharma.international@pharma.international.org,pharmainternational.bj,PME (50-200),B2C,Google Maps,4.3,Actif,2026-06-29T00:14:35.682916,haute
BJ-545FEFA3,Pharmacie Pharma,Santé & Pharmacie,Savalou,+229 22 68 53 41,pharmacie.pharma@pharmacie.pharma.com,pharmaciepharma.bj,TPE (<10),B2C,Google Maps,4.2,Actif,2026-06-29T00:14:35.682951,haute
BJ-EB6ADD5A,Centre Sainte,Santé & Pharmacie,Bantè,+229 58 53 98 64,,centresainte.bj,TPE (<10),B2B,Google Maps,4.4,Actif,2026-06-29T00:14:35.682994,moyenne
BJ-D1481D6B,Centre Guérison Pharmacie,Santé & Pharmacie,Bantè,+229 76 35 14 30,,,PME (50-200),B2C,Google Maps,4.7,Actif,2026-06-29T00:14:35.683020,basse
BJ-8A1ACCC7,Hôpital Bien-être Clinique,Santé & Pharmacie,Bantè,+229 61 61 95 76,hôpital.bienêtre.clinique@hôpital.bienêtre.clinique.org,hôpitalbienêtreclinique.bj,PME (50-200),B2B,Google Maps,3.4,Actif,2026-06-29T00:14:35.683059,haute
BJ-41B0F059,Santé Medical,Santé & Pharmacie,Bantè,+229 28 22 11 19,,santémedical.bj,PME (10-50),B2C,Google Maps,4.0,Actif,2026-06-29T00:14:35.683089,moyenne
BJ-457B7FB3,Hôpital Vie Medical,Santé & Pharmacie,Bantè,+229 92 31 20 14,,hôpitalviemedical.bj,PME (10-50),B2B,Google Maps,3.2,Actif,2026-06-29T00:14:35.683120,moyenne
BJ-E04F06F0,Saint Cabinet,Santé & Pharmacie,Djougou,+229 27 31 66 92,saint.cabinet@saint.cabinet.org,,TPE (<10),B2C,Google Maps,3.7,Actif,2026-06-29T00:14:35.683165,moyenne
BJ-7EB21C72,Royal Medical,Santé & Pharmacie,Djougou,+229 27 38 73 95,,royalmedical.bj,Grande (>200),B2B,Google Maps,4.8,Actif,2026-06-29T00:14:35.683197,moyenne
BJ-7683E7C2,Pharmacie Nouveau,Santé & Pharmacie,Djougou,+229 59 21 83 29,pharmacie.nouveau@pharmacie.nouveau.net,pharmacienouveau.bj,TPE (<10),B2B,Google Maps,3.2,Actif,2026-06-29T00:14:35.683231,haute
BJ-2252749D,Soins Djougou,Santé & Pharmacie,Djougou,+229 91 63 68 85,,,TPE (<10),B2B,Google Maps,4.7,Actif,2026-06-29T00:14:35.683268,basse
BJ-365BF6E3,Vie Bénin,Santé & Pharmacie,Djougou,+229 22 18 10 48,vie.bénin@vie.bénin.com,viebénin.bj,TPE (<10),B2C,Google Maps,3.1,Actif,2026-06-29T00:14:35.683305,haute
BJ-FDA1D745,Sainte,Santé & Pharmacie,Ouèssè,+229 20 56 20 50,sainte@sainte.org,sainte.bj,PME (10-50),B2B,Google Maps,4.3,Actif,2026-06-29T00:14:35.683353,haute
BJ-F0540B99,Pharmacie Royal Centre,Santé & Pharmacie,Ouèssè,+229 85 42 43 82,pharmacie.royal.centre@pharmacie.royal.centre.bj,pharmacieroyalcentre.bj,PME (50-200),B2C,Google Maps,3.8,Actif,2026-06-29T00:14:35.683385,haute
BJ-A4F36273,Laboratoire Central Pharmacie Ouèssè,Santé & Pharmacie,Ouèssè,+229 37 66 60 61,,laboratoirecentralpharmacieouèssè.bj,PME (10-50),B2B,Google Maps,5.0,Actif,2026-06-29T00:14:35.683417,moyenne
BJ-36DAE7C9,Médical Hôpital,Santé & Pharmacie,Ouèssè,+229 37 82 29 34,médical.hôpital@médical.hôpital.benin,,TPE (<10),B2C,Google Maps,3.7,Actif,2026-06-29T00:14:35.683449,moyenne
BJ-0349898A,Cabinet Bien-être,Santé & Pharmacie,Ouèssè,+229 88 40 22 12,cabinet.bienêtre@cabinet.bienêtre.org,,PME (10-50),B2C,Google Maps,3.1,Actif,2026-06-29T00:14:35.683486,moyenne
BJ-B938B230,Clinique Médicament,Santé & Pharmacie,Bassila,+229 44 96 88 73,clinique.médicament@clinique.médicament.benin,,Grande (>200),B2C,Google Maps,3.1,Actif,2026-06-29T00:14:35.683532,moyenne
BJ-F56BA04A,Saint,Santé & Pharmacie,Bassila,+229 74 94 28 40,saint@saint.benin,saint.bj,PME (50-200),B2B,Google Maps,3.0,Actif,2026-06-29T00:14:35.683564,haute
BJ-DBE5B002,Clinique Nouveau Pharmacie,Santé & Pharmacie,Bassila,+229 54 31 68 43,clinique.nouveau.pharmacie@clinique.nouveau.pharmacie.com,cliniquenouveaupharmacie.bj,PME (10-50),B2C,Google Maps,4.9,Actif,2026-06-29T00:14:35.683599,haute
BJ-F3F66871,Laboratoire Vie,Santé & Pharmacie,Bassila,+229 55 89 48 89,laboratoire.vie@laboratoire.vie.bj,laboratoirevie.bj,PME (10-50),B2C,Google Maps,4.2,Actif,2026-06-29T00:14:35.683639,haute
BJ-C3B05BEF,Bien-être Cabinet,Santé & Pharmacie,Bassila,+229 20 69 83 61,bienêtre.cabinet@bienêtre.cabinet.bj,bienêtrecabinet.bj,TPE (<10),B2C,Google Maps,3.1,Actif,2026-06-29T00:14:35.683676,haute
BJ-F92D14DB,Laboratoire Pharma,Santé & Pharmacie,Pehunco,+229 83 41 20 28,laboratoire.pharma@laboratoire.pharma.com,,PME (10-50),B2B,Google Maps,3.2,Actif,2026-06-29T00:14:35.683722,moyenne
BJ-8ECA651F,Soins Pehunco,Santé & Pharmacie,Pehunco,+229 34 57 35 33,,,TPE (<10),B2C,Google Maps,3.6,Actif,2026-06-29T00:14:35.683754,basse
BJ-F2E0994B,Centre Royal,Santé & Pharmacie,Pehunco,+229 63 33 77 66,centre.royal@centre.royal.net,,TPE (<10),B2B,Google Maps,4.9,Actif,2026-06-29T00:14:35.683820,moyenne
BJ-F81218C8,Clinique Santé Bénin,Santé & Pharmacie,Pehunco,+229 26 30 69 82,clinique.santé.bénin@clinique.santé.bénin.benin,,TPE (<10),B2B,Google Maps,3.8,Actif,2026-06-29T00:14:35.683852,moyenne
BJ-87F4760E,Médical,Santé & Pharmacie,Copargo,+229 71 92 52 91,,médical.bj,TPE (<10),B2B,Google Maps,4.6,Actif,2026-06-29T00:14:35.683911,moyenne
BJ-1C849AC3,Guérison International,Santé & Pharmacie,Copargo,+229 59 65 85 30,,guérisoninternational.bj,PME (10-50),B2B,Google Maps,3.2,Actif,2026-06-29T00:14:35.683960,moyenne
BJ-9FC84B4E,Vie Bénin Copargo,Santé & Pharmacie,Copargo,+229 74 15 27 75,,,PME (50-200),B2B,Google Maps,5.0,Actif,2026-06-29T00:14:35.684011,basse
BJ-C6BE77B3,Guérison Hôpital,Santé & Pharmacie,Copargo,+229 40 77 29 81,,guérisonhôpital.bj,Grande (>200),B2B,Google Maps,3.0,Actif,2026-06-29T00:14:35.684048,moyenne
BJ-3C29812A,Royal Centre,Santé & Pharmacie,Copargo,+229 89 90 26 62,royal.centre@royal.centre.bj,royalcentre.bj,PME (10-50),B2B,Google Maps,4.1,Actif,2026-06-29T00:14:35.684085,haute
BJ-E3E3CCB0,Société Sécurité Invest Cotonou,Finance & Assurance,Cotonou,+229 48 14 13 50,société.sécurité.invest.cotonou@société.sécurité.invest.cotonou.benin,sociétésécuritéinvestcotonou.bj,PME (50-200),B2B,Google Maps,4.9,Actif,2026-06-29T00:14:35.684137,haute
BJ-53F74119,Groupe Auto Assurances,Finance & Assurance,Cotonou,+229 27 41 99 77,groupe.auto.assurances@groupe.auto.assurances.bj,groupeautoassurances.bj,PME (50-200),B2B,Google Maps,3.7,Actif,2026-06-29T00:14:35.684173,haute
BJ-C4670573,National,Finance & Assurance,Cotonou,+229 74 49 27 85,national@national.bj,national.bj,TPE (<10),B2C,Google Maps,3.1,Actif,2026-06-29T00:14:35.684206,haute
BJ-13733119,Protection SARL,Finance & Assurance,Cotonou,+229 68 26 37 52,protection.sarl@protection.sarl.org,,PME (50-200),B2C,Google Maps,4.3,Actif,2026-06-29T00:14:35.684241,moyenne
BJ-95244E81,Finance Auto Assurances,Finance & Assurance,Cotonou,+229 47 26 32 72,,financeautoassurances.bj,TPE (<10),B2C,Google Maps,4.5,Actif,2026-06-29T00:14:35.684275,moyenne
BJ-879B8959,Assurance International Assurances,Finance & Assurance,Abomey-Calavi,+229 30 17 63 69,assurance.international.assurances@assurance.international.assurances.org,assuranceinternationalassurances.bj,PME (50-200),B2C,Google Maps,3.3,Actif,2026-06-29T00:14:35.684329,haute
BJ-10E813B4,Épargne,Finance & Assurance,Abomey-Calavi,+229 73 88 95 94,,épargne.bj,TPE (<10),B2C,Google Maps,4.7,Actif,2026-06-29T00:14:35.684384,moyenne
BJ-2F6C414B,Cabinet Protection Finance,Finance & Assurance,Abomey-Calavi,+229 29 74 36 85,cabinet.protection.finance@cabinet.protection.finance.net,cabinetprotectionfinance.bj,PME (10-50),B2B,Google Maps,5.0,Actif,2026-06-29T00:14:35.684417,haute
BJ-E3D82D05,Groupe Assurance Invest,Finance & Assurance,Abomey-Calavi,+229 98 15 42 67,groupe.assurance.invest@groupe.assurance.invest.benin,groupeassuranceinvest.bj,TPE (<10),B2C,Google Maps,4.7,Actif,2026-06-29T00:14:35.684454,haute
BJ-3624FF86,Société West SARL,Finance & Assurance,Abomey-Calavi,+229 36 83 41 68,société.west.sarl@société.west.sarl.benin,sociétéwestsarl.bj,PME (10-50),B2C,Google Maps,4.5,Actif,2026-06-29T00:14:35.684489,haute
BJ-72DEFFCD,Épargne SARL,Finance & Assurance,Porto-Novo,+229 71 27 22 17,épargne.sarl@épargne.sarl.benin,,TPE (<10),B2C,Google Maps,4.7,Actif,2026-06-29T00:14:35.684533,moyenne
BJ-D3D73723,Société Santé,Finance & Assurance,Porto-Novo,+229 76 22 65 65,société.santé@société.santé.benin,,TPE (<10),B2B,Google Maps,4.2,Actif,2026-06-29T00:14:35.684565,moyenne
BJ-BA09B8C4,Santé,Finance & Assurance,Porto-Novo,+229 63 19 43 37,santé@santé.com,santé.bj,TPE (<10),B2C,Google Maps,4.1,Actif,2026-06-29T00:14:35.684596,haute
BJ-013FD170,Investissement Assurances Porto-Novo,Finance & Assurance,Porto-Novo,+229 64 87 48 65,investissement.assurances.portonovo@investissement.assurances.portonovo.net,investissementassurancesportonovo.bj,PME (10-50),B2C,Google Maps,4.9,Actif,2026-06-29T00:14:35.684637,haute
BJ-BAEFB932,Épargne International,Finance & Assurance,Porto-Novo,+229 33 27 46 43,épargne.international@épargne.international.benin,épargneinternational.bj,Grande (>200),B2B,Google Maps,3.7,Actif,2026-06-29T00:14:35.684668,haute
BJ-75885128,Banque Santé International,Finance & Assurance,Parakou,+229 30 71 47 80,banque.santé.international@banque.santé.international.net,banquesantéinternational.bj,PME (50-200),B2B,Google Maps,4.2,Actif,2026-06-29T00:14:35.684715,haute
BJ-945208D0,Banque Africa Finance,Finance & Assurance,Parakou,+229 84 19 54 14,banque.africa.finance@banque.africa.finance.bj,banqueafricafinance.bj,Grande (>200),B2B,Google Maps,3.5,Actif,2026-06-29T00:14:35.684753,haute
BJ-54221EB5,Cabinet Santé SARL,Finance & Assurance,Parakou,+229 88 45 45 19,cabinet.santé.sarl@cabinet.santé.sarl.org,,PME (10-50),B2C,Google Maps,3.7,Actif,2026-06-29T00:14:35.684784,moyenne
BJ-32BA2E26,Assurance Africa,Finance & Assurance,Parakou,+229 48 42 75 58,,assuranceafrica.bj,PME (10-50),B2C,Google Maps,3.9,Actif,2026-06-29T00:14:35.684819,moyenne
BJ-4B7985B4,Sécurité Groupe,Finance & Assurance,Parakou,+229 55 90 29 75,,sécuritégroupe.bj,PME (50-200),B2C,Google Maps,4.0,Actif,2026-06-29T00:14:35.684855,moyenne
BJ-B2DD739E,Cabinet Vie Invest,Finance & Assurance,Bohicon,+229 38 52 23 57,cabinet.vie.invest@cabinet.vie.invest.net,cabinetvieinvest.bj,PME (10-50),B2B,Google Maps,3.7,Actif,2026-06-29T00:14:35.684923,haute
BJ-D024043D,Africa SA,Finance & Assurance,Bohicon,+229 74 50 99 78,africa.sa@africa.sa.net,africasa.bj,Grande (>200),B2B,Google Maps,4.5,Actif,2026-06-29T00:14:35.684955,haute
BJ-57D61108,Sécurité Invest,Finance & Assurance,Bohicon,+229 87 62 33 45,sécurité.invest@sécurité.invest.com,sécuritéinvest.bj,TPE (<10),B2B,Google Maps,4.4,Actif,2026-06-29T00:14:35.684986,haute
BJ-2A2B356E,National SA,Finance & Assurance,Bohicon,+229 32 99 16 76,national.sa@national.sa.net,nationalsa.bj,TPE (<10),B2B,Google Maps,4.8,Actif,2026-06-29T00:14:35.685017,haute
BJ-C91730FA,Assurance National Bohicon,Finance & Assurance,Bohicon,+229 68 76 60 32,assurance.national.bohicon@assurance.national.bohicon.benin,assurancenationalbohicon.bj,PME (10-50),B2C,Google Maps,3.0,Actif,2026-06-29T00:14:35.685048,haute
BJ-1D37A6AB,Groupe Vie Finance Natitingou,Finance & Assurance,Natitingou,+229 22 49 81 88,,groupeviefinancenatitingou.bj,TPE (<10),B2B,Google Maps,4.4,Actif,2026-06-29T00:14:35.685089,moyenne
BJ-403F1391,International,Finance & Assurance,Natitingou,+229 78 41 56 48,,,PME (10-50),B2C,Google Maps,4.4,Actif,2026-06-29T00:14:35.685116,basse
BJ-5BD1AE32,Cabinet Capital,Finance & Assurance,Natitingou,+229 53 53 27 92,cabinet.capital@cabinet.capital.bj,cabinetcapital.bj,PME (10-50),B2B,Google Maps,3.8,Actif,2026-06-29T00:14:35.685152,haute
BJ-5217119E,Cabinet Santé,Finance & Assurance,Natitingou,+229 26 55 68 44,cabinet.santé@cabinet.santé.bj,cabinetsanté.bj,TPE (<10),B2C,Google Maps,4.1,Actif,2026-06-29T00:14:35.685196,haute
BJ-184614B6,Crédit International Natitingou,Finance & Assurance,Natitingou,+229 41 51 50 87,crédit.international.natitingou@crédit.international.natitingou.net,,Grande (>200),B2B,Google Maps,4.9,Actif,2026-06-29T00:14:35.685232,moyenne
BJ-FE82286E,Groupe Crédit International,Finance & Assurance,Lokossa,+229 98 46 72 96,groupe.crédit.international@groupe.crédit.international.org,groupecréditinternational.bj,Grande (>200),B2B,Google Maps,3.2,Actif,2026-06-29T00:14:35.685296,haute
BJ-31FEDEC9,Santé Lokossa,Finance & Assurance,Lokossa,+229 98 36 66 28,,santélokossa.bj,PME (10-50),B2B,Google Maps,4.5,Actif,2026-06-29T00:14:35.685328,moyenne
BJ-1C8D7596,Sécurité Lokossa,Finance & Assurance,Lokossa,+229 25 96 99 95,sécurité.lokossa@sécurité.lokossa.net,sécuritélokossa.bj,TPE (<10),B2C,Google Maps,5.0,Actif,2026-06-29T00:14:35.685362,haute
BJ-A233FBC9,Société Sécurité,Finance & Assurance,Lokossa,+229 89 39 38 99,société.sécurité@société.sécurité.net,sociétésécurité.bj,TPE (<10),B2C,Google Maps,5.0,Actif,2026-06-29T00:14:35.685394,haute
BJ-55F322DA,Bénin Invest,Finance & Assurance,Lokossa,+229 93 53 15 26,,bénininvest.bj,PME (50-200),B2C,Google Maps,3.8,Actif,2026-06-29T00:14:35.685427,moyenne
BJ-271B4CEE,Auto,Finance & Assurance,Ouidah,+229 85 23 49 41,auto@auto.com,auto.bj,PME (10-50),B2C,Google Maps,4.9,Actif,2026-06-29T00:14:35.685476,haute
BJ-A6B54B57,Banque Assurance Ouidah,Finance & Assurance,Ouidah,+229 88 85 82 30,,banqueassuranceouidah.bj,PME (10-50),B2C,Google Maps,4.4,Actif,2026-06-29T00:14:35.685508,moyenne
BJ-E352C08A,Protection,Finance & Assurance,Ouidah,+229 79 49 77 82,,protection.bj,PME (10-50),B2B,Google Maps,4.8,Actif,2026-06-29T00:14:35.685539,moyenne
BJ-21CC5341,Cabinet Crédit SA Ouidah,Finance & Assurance,Ouidah,+229 62 88 92 92,cabinet.crédit.sa.ouidah@cabinet.crédit.sa.ouidah.net,,PME (10-50),B2B,Google Maps,3.3,Actif,2026-06-29T00:14:35.685577,moyenne
BJ-E7FE0BA5,Cabinet Protection Ouidah,Finance & Assurance,Ouidah,+229 26 46 87 11,cabinet.protection.ouidah@cabinet.protection.ouidah.org,,PME (10-50),B2B,Google Maps,4.0,Actif,2026-06-29T00:14:35.685611,moyenne
BJ-389D9F95,Banque Africa,Finance & Assurance,Savalou,+229 26 21 27 64,banque.africa@banque.africa.org,,PME (10-50),B2B,Google Maps,4.9,Actif,2026-06-29T00:14:35.685653,moyenne
BJ-7A0499DD,Épargne International Savalou,Finance & Assurance,Savalou,+229 61 34 48 46,épargne.international.savalou@épargne.international.savalou.org,épargneinternationalsavalou.bj,PME (10-50),B2B,Google Maps,4.6,Actif,2026-06-29T00:14:35.685688,haute
BJ-D72FA7CA,Société Investissement,Finance & Assurance,Savalou,+229 26 76 81 43,société.investissement@société.investissement.org,sociétéinvestissement.bj,TPE (<10),B2C,Google Maps,4.7,Actif,2026-06-29T00:14:35.685722,haute
BJ-458FCB3E,Assurance Épargne,Finance & Assurance,Savalou,+229 75 16 12 52,assurance.épargne@assurance.épargne.bj,assuranceépargne.bj,TPE (<10),B2C,Google Maps,4.9,Actif,2026-06-29T00:14:35.685761,haute
BJ-2BE07999,Auto Groupe,Finance & Assurance,Savalou,+229 45 37 86 76,auto.groupe@auto.groupe.com,autogroupe.bj,Grande (>200),B2C,Google Maps,4.9,Actif,2026-06-29T00:14:35.685795,haute
BJ-F42CC934,Groupe Africa Dassa-Zoumè,Finance & Assurance,Dassa-Zoumè,+229 85 63 75 26,groupe.africa.dassazoumè@groupe.africa.dassazoumè.net,groupeafricadassazoumè.bj,Grande (>200),B2C,Google Maps,3.4,Actif,2026-06-29T00:14:35.685843,haute
BJ-D8FA96D5,Assurance,Finance & Assurance,Dassa-Zoumè,+229 86 32 96 81,,assurance.bj,TPE (<10),B2C,Google Maps,4.7,Actif,2026-06-29T00:14:35.685884,moyenne
BJ-1F9A68C6,Groupe Protection,Finance & Assurance,Dassa-Zoumè,+229 87 67 35 65,,groupeprotection.bj,TPE (<10),B2B,Google Maps,4.2,Actif,2026-06-29T00:14:35.685936,moyenne
BJ-F46C249F,Cabinet International SARL,Finance & Assurance,Dassa-Zoumè,+229 44 27 49 56,cabinet.international.sarl@cabinet.international.sarl.org,cabinetinternationalsarl.bj,TPE (<10),B2B,Google Maps,3.5,Actif,2026-06-29T00:14:35.685984,haute
BJ-7EDBA2C3,Banque Africa,Finance & Assurance,Dassa-Zoumè,+229 39 99 98 16,banque.africa@banque.africa.net,banqueafrica.bj,TPE (<10),B2B,Google Maps,3.1,Actif,2026-06-29T00:14:35.686018,haute
BJ-BFA3126E,Crédit,Finance & Assurance,Kétou,+229 59 41 47 83,,,TPE (<10),B2B,Google Maps,3.3,Actif,2026-06-29T00:14:35.686060,basse
BJ-81279A5D,International SARL,Finance & Assurance,Kétou,+229 22 40 43 48,international.sarl@international.sarl.org,,TPE (<10),B2B,Google Maps,4.3,Actif,2026-06-29T00:14:35.686092,moyenne
BJ-B7C2A7AA,Assurance,Finance & Assurance,Kétou,+229 68 53 22 29,,assurance.bj,TPE (<10),B2B,Google Maps,4.3,Actif,2026-06-29T00:14:35.686123,moyenne
BJ-AB92E451,Investissement International,Finance & Assurance,Kétou,+229 94 75 17 19,investissement.international@investissement.international.benin,,TPE (<10),B2B,Google Maps,4.1,Actif,2026-06-29T00:14:35.686155,moyenne
BJ-3E54ABE9,Assurance Invest,Finance & Assurance,Kétou,+229 48 58 73 69,,,PME (10-50),B2C,Google Maps,4.7,Actif,2026-06-29T00:14:35.686185,basse
BJ-7C5E3832,Société National Finance Covè,Finance & Assurance,Covè,+229 95 69 60 82,société.national.finance.covè@société.national.finance.covè.net,,TPE (<10),B2C,Google Maps,3.7,Actif,2026-06-29T00:14:35.686237,moyenne
BJ-E7438D8C,Crédit,Finance & Assurance,Covè,+229 91 67 47 60,crédit@crédit.org,crédit.bj,PME (10-50),B2B,Google Maps,4.9,Actif,2026-06-29T00:14:35.686272,haute
BJ-84E07624,Cabinet Assurance,Finance & Assurance,Covè,+229 69 42 40 29,,,PME (10-50),B2B,Google Maps,4.2,Actif,2026-06-29T00:14:35.686302,basse
BJ-B8203595,Assurance Assurance,Finance & Assurance,Covè,+229 22 40 96 91,assurance.assurance@assurance.assurance.com,assuranceassurance.bj,TPE (<10),B2C,Google Maps,4.7,Actif,2026-06-29T00:14:35.686338,haute
BJ-D303FA8D,Banque Auto Capital,Finance & Assurance,Covè,+229 38 96 79 21,banque.auto.capital@banque.auto.capital.com,banqueautocapital.bj,TPE (<10),B2B,Google Maps,3.3,Actif,2026-06-29T00:14:35.686372,haute
BJ-D375D1E6,Africa,Finance & Assurance,Pobè,+229 65 93 29 33,africa@africa.net,,Grande (>200),B2C,Google Maps,4.8,Actif,2026-06-29T00:14:35.686431,moyenne
BJ-CBA83A63,Finance Épargne SARL,Finance & Assurance,Pobè,+229 97 78 60 45,finance.épargne.sarl@finance.épargne.sarl.com,,TPE (<10),B2B,Google Maps,3.8,Actif,2026-06-29T00:14:35.686466,moyenne
BJ-A8F86004,Finance Assurance,Finance & Assurance,Pobè,+229 39 21 40 93,,financeassurance.bj,PME (10-50),B2B,Google Maps,3.6,Actif,2026-06-29T00:14:35.686501,moyenne
BJ-56F3E7D7,Assurance,Finance & Assurance,Pobè,+229 49 40 31 77,assurance@assurance.net,,TPE (<10),B2C,Google Maps,4.2,Actif,2026-06-29T00:14:35.686533,moyenne
BJ-FD3299F5,Finance Santé,Finance & Assurance,Pobè,+229 97 68 14 95,finance.santé@finance.santé.com,,PME (10-50),B2C,Google Maps,3.2,Actif,2026-06-29T00:14:35.686565,moyenne
BJ-864B1A8B,Société Épargne,Finance & Assurance,Sakété,+229 56 44 37 82,,sociétéépargne.bj,TPE (<10),B2C,Google Maps,4.6,Actif,2026-06-29T00:14:35.686608,moyenne
BJ-E66C13F9,Sécurité,Finance & Assurance,Sakété,+229 86 22 99 42,sécurité@sécurité.org,sécurité.bj,TPE (<10),B2C,Google Maps,3.8,Actif,2026-06-29T00:14:35.686641,haute
BJ-AEE6B6C9,Assurance,Finance & Assurance,Sakété,+229 55 44 67 59,,assurance.bj,Grande (>200),B2B,Google Maps,4.7,Actif,2026-06-29T00:14:35.686674,moyenne
BJ-3E6763BA,International,Finance & Assurance,Sakété,+229 43 46 26 90,international@international.net,,PME (10-50),B2B,Google Maps,4.6,Actif,2026-06-29T00:14:35.686711,moyenne
BJ-D91B5D71,Groupe Capital,Finance & Assurance,Sakété,+229 78 88 38 48,groupe.capital@groupe.capital.com,groupecapital.bj,PME (10-50),B2C,Google Maps,3.9,Actif,2026-06-29T00:14:35.686745,haute
BJ-C6B992C9,Société National Assurances Adjara,Finance & Assurance,Adjara,+229 48 42 95 43,société.national.assurances.adjara@société.national.assurances.adjara.benin,,TPE (<10),B2B,Google Maps,4.3,Actif,2026-06-29T00:14:35.686789,moyenne
BJ-B01E65DE,Assurance,Finance & Assurance,Adjara,+229 79 20 52 18,,assurance.bj,TPE (<10),B2C,Google Maps,3.5,Actif,2026-06-29T00:14:35.686822,moyenne
BJ-FDECB313,Africa Groupe,Finance & Assurance,Adjara,+229 53 75 10 33,africa.groupe@africa.groupe.bj,africagroupe.bj,TPE (<10),B2B,Google Maps,4.0,Actif,2026-06-29T00:14:35.686860,haute
BJ-B70BFA58,Banque Investissement Adjara,Finance & Assurance,Adjara,+229 32 95 28 80,banque.investissement.adjara@banque.investissement.adjara.com,,TPE (<10),B2C,Google Maps,3.1,Actif,2026-06-29T00:14:35.686904,moyenne
BJ-E40A264F,Banque Vie SA,Finance & Assurance,Adjara,+229 86 85 81 19,banque.vie.sa@banque.vie.sa.org,banqueviesa.bj,PME (10-50),B2C,Google Maps,3.1,Actif,2026-06-29T00:14:35.686944,haute
BJ-1EDDBB54,International SA,Finance & Assurance,Allada,+229 75 90 90 43,international.sa@international.sa.net,internationalsa.bj,PME (50-200),B2C,Google Maps,4.9,Actif,2026-06-29T00:14:35.686995,haute
BJ-E33EB4EF,Groupe Investissement,Finance & Assurance,Allada,+229 63 82 58 30,groupe.investissement@groupe.investissement.com,,Grande (>200),B2B,Google Maps,3.5,Actif,2026-06-29T00:14:35.687027,moyenne
BJ-C7D6D45B,Capital,Finance & Assurance,Allada,+229 37 47 32 46,capital@capital.bj,capital.bj,TPE (<10),B2C,Google Maps,4.0,Actif,2026-06-29T00:14:35.687065,haute
BJ-9E6EE75C,Crédit Assurances,Finance & Assurance,Allada,+229 67 75 76 70,crédit.assurances@crédit.assurances.net,créditassurances.bj,PME (10-50),B2B,Google Maps,3.9,Actif,2026-06-29T00:14:35.687141,haute
BJ-79942D5B,Groupe Investissement Allada,Finance & Assurance,Allada,+229 31 81 22 47,groupe.investissement.allada@groupe.investissement.allada.net,groupeinvestissementallada.bj,PME (10-50),B2C,Google Maps,3.1,Actif,2026-06-29T00:14:35.687194,haute
BJ-5D0563B5,Groupe Santé Capital,Finance & Assurance,Aplahoué,+229 92 27 62 52,groupe.santé.capital@groupe.santé.capital.net,groupesantécapital.bj,PME (10-50),B2C,Google Maps,3.9,Actif,2026-06-29T00:14:35.687241,haute
BJ-F2F1BAA9,Cabinet Protection,Finance & Assurance,Aplahoué,+229 80 11 10 33,cabinet.protection@cabinet.protection.org,,PME (50-200),B2C,Google Maps,5.0,Actif,2026-06-29T00:14:35.687273,moyenne
BJ-A5238248,Africa Aplahoué,Finance & Assurance,Aplahoué,+229 53 33 74 51,africa.aplahoué@africa.aplahoué.org,africaaplahoué.bj,TPE (<10),B2B,Google Maps,3.8,Actif,2026-06-29T00:14:35.687311,haute
BJ-5DEA801E,Société Bénin Assurances,Finance & Assurance,Aplahoué,+229 24 80 25 63,société.bénin.assurances@société.bénin.assurances.com,,Grande (>200),B2C,Google Maps,3.9,Actif,2026-06-29T00:14:35.687349,moyenne
BJ-5904A881,Société National,Finance & Assurance,Aplahoué,+229 29 49 27 69,société.national@société.national.org,,TPE (<10),B2C,Google Maps,4.0,Actif,2026-06-29T00:14:35.687382,moyenne
BJ-B6B06B3B,Banque Protection,Finance & Assurance,Dogbo-Tota,+229 79 49 65 56,banque.protection@banque.protection.com,banqueprotection.bj,PME (50-200),B2B,Google Maps,4.4,Actif,2026-06-29T00:14:35.687427,haute
BJ-9A17C4A9,Finance Bénin,Finance & Assurance,Dogbo-Tota,+229 66 75 70 96,finance.bénin@finance.bénin.benin,financebénin.bj,TPE (<10),B2C,Google Maps,4.3,Actif,2026-06-29T00:14:35.687462,haute
BJ-785F7782,Africa Finance,Finance & Assurance,Dogbo-Tota,+229 47 12 11 32,africa.finance@africa.finance.bj,africafinance.bj,Grande (>200),B2C,Google Maps,3.6,Actif,2026-06-29T00:14:35.687495,haute
BJ-EC0ECFA7,Finance Africa Finance,Finance & Assurance,Dogbo-Tota,+229 70 84 15 38,finance.africa.finance@finance.africa.finance.org,,PME (10-50),B2C,Google Maps,4.2,Actif,2026-06-29T00:14:35.687532,moyenne
BJ-8BD3DFF5,Investissement SA Dogbo-Tota,Finance & Assurance,Dogbo-Tota,+229 72 80 35 89,,,TPE (<10),B2C,Google Maps,4.7,Actif,2026-06-29T00:14:35.687563,basse
BJ-9D1B9037,Assurance Assurances Kpomassè,Finance & Assurance,Kpomassè,+229 95 79 73 57,assurance.assurances.kpomassè@assurance.assurances.kpomassè.bj,assuranceassuranceskpomassè.bj,TPE (<10),B2B,Google Maps,4.0,Actif,2026-06-29T00:14:35.687627,haute
BJ-78A78711,Crédit Finance,Finance & Assurance,Kpomassè,+229 48 13 55 58,crédit.finance@crédit.finance.com,créditfinance.bj,TPE (<10),B2B,Google Maps,4.3,Actif,2026-06-29T00:14:35.687664,haute
BJ-AF243B53,Protection Capital,Finance & Assurance,Kpomassè,+229 29 51 43 67,,protectioncapital.bj,Grande (>200),B2B,Google Maps,3.7,Actif,2026-06-29T00:14:35.687695,moyenne
BJ-F56DC1AA,National Invest,Finance & Assurance,Kpomassè,+229 60 47 40 94,,nationalinvest.bj,PME (10-50),B2B,Google Maps,4.1,Actif,2026-06-29T00:14:35.687726,moyenne
BJ-82E5C679,Assurance Africa,Finance & Assurance,Kpomassè,+229 46 57 26 87,assurance.africa@assurance.africa.org,assuranceafrica.bj,TPE (<10),B2B,Google Maps,4.8,Actif,2026-06-29T00:14:35.687765,haute
BJ-A9598B95,Banque Bénin,Finance & Assurance,Tori-Bossito,+229 51 20 88 76,banque.bénin@banque.bénin.com,banquebénin.bj,TPE (<10),B2C,Google Maps,3.7,Actif,2026-06-29T00:14:35.687815,haute
BJ-1F045029,Cabinet Auto,Finance & Assurance,Tori-Bossito,+229 27 47 12 20,cabinet.auto@cabinet.auto.com,cabinetauto.bj,Grande (>200),B2B,Google Maps,3.3,Actif,2026-06-29T00:14:35.687848,haute
BJ-C0ACBA12,Finance Investissement,Finance & Assurance,Tori-Bossito,+229 20 27 48 95,,,TPE (<10),B2B,Google Maps,4.7,Actif,2026-06-29T00:14:35.687878,basse
BJ-C99C3FA4,Société Africa Tori-Bossito,Finance & Assurance,Tori-Bossito,+229 58 28 47 25,société.africa.toribossito@société.africa.toribossito.com,sociétéafricatoribossito.bj,TPE (<10),B2B,Google Maps,4.4,Actif,2026-06-29T00:14:35.687930,haute
BJ-DA20E08B,Assurance National Tori-Bossito,Finance & Assurance,Tori-Bossito,+229 74 89 50 53,assurance.national.toribossito@assurance.national.toribossito.com,assurancenationaltoribossito.bj,PME (50-200),B2C,Google Maps,3.1,Actif,2026-06-29T00:14:35.687965,haute
BJ-F2D50711,Sécurité SA,Finance & Assurance,Grand-Popo,+229 89 45 46 56,sécurité.sa@sécurité.sa.benin,,Grande (>200),B2B,Google Maps,4.7,Actif,2026-06-29T00:14:35.688011,moyenne
BJ-A83810ED,Auto SA,Finance & Assurance,Grand-Popo,+229 46 48 12 86,auto.sa@auto.sa.com,autosa.bj,TPE (<10),B2B,Google Maps,3.7,Actif,2026-06-29T00:14:35.688045,haute
BJ-6BE8681B,Auto Grand-Popo,Finance & Assurance,Grand-Popo,+229 83 16 70 97,,autograndpopo.bj,Grande (>200),B2C,Google Maps,3.9,Actif,2026-06-29T00:14:35.688076,moyenne
BJ-C014DF75,Assurance Crédit Grand-Popo,Finance & Assurance,Grand-Popo,+229 99 68 31 95,assurance.crédit.grandpopo@assurance.crédit.grandpopo.benin,,TPE (<10),B2C,Google Maps,4.0,Actif,2026-06-29T00:14:35.688110,moyenne
BJ-6CC62AD4,Assurance Auto,Finance & Assurance,Athiémé,+229 94 33 88 48,assurance.auto@assurance.auto.net,,TPE (<10),B2B,Google Maps,3.6,Actif,2026-06-29T00:14:35.688187,moyenne
BJ-E7E1AAE1,Africa Capital,Finance & Assurance,Athiémé,+229 93 45 52 25,africa.capital@africa.capital.com,africacapital.bj,PME (50-200),B2B,Google Maps,3.3,Actif,2026-06-29T00:14:35.688221,haute
BJ-5BD3A81E,Assurance Crédit SA,Finance & Assurance,Athiémé,+229 61 48 32 87,assurance.crédit.sa@assurance.crédit.sa.org,,PME (10-50),B2B,Google Maps,3.7,Actif,2026-06-29T00:14:35.688254,moyenne
BJ-2AB4F784,Cabinet Vie Invest,Finance & Assurance,Athiémé,+229 80 60 82 53,cabinet.vie.invest@cabinet.vie.invest.org,,PME (10-50),B2C,Google Maps,4.9,Actif,2026-06-29T00:14:35.688291,moyenne
BJ-F648445A,Épargne Groupe,Finance & Assurance,Athiémé,+229 26 56 70 83,,épargnegroupe.bj,TPE (<10),B2B,Google Maps,4.3,Actif,2026-06-29T00:14:35.688324,moyenne
BJ-8DA5AE7F,Société Épargne SARL,Finance & Assurance,Bopa,+229 34 57 92 20,,sociétéépargnesarl.bj,TPE (<10),B2C,Google Maps,4.1,Actif,2026-06-29T00:14:35.688373,moyenne
BJ-EAE52BE4,National Bopa,Finance & Assurance,Bopa,+229 96 91 90 30,national.bopa@national.bopa.bj,,TPE (<10),B2B,Google Maps,4.0,Actif,2026-06-29T00:14:35.688411,moyenne
BJ-4BAAEF9F,Banque International,Finance & Assurance,Bopa,+229 60 35 65 44,,banqueinternational.bj,PME (10-50),B2C,Google Maps,3.5,Actif,2026-06-29T00:14:35.688442,moyenne
BJ-84C5D433,International Invest Bopa,Finance & Assurance,Bopa,+229 49 12 51 38,international.invest.bopa@international.invest.bopa.net,,Grande (>200),B2B,Google Maps,4.4,Actif,2026-06-29T00:14:35.688474,moyenne
BJ-9E32B123,National SA,Finance & Assurance,Bopa,+229 49 79 29 52,national.sa@national.sa.net,nationalsa.bj,PME (10-50),B2B,Google Maps,3.2,Actif,2026-06-29T00:14:35.688508,haute
BJ-6A16CBDA,Protection,Finance & Assurance,Houéyogbé,+229 78 55 82 46,protection@protection.benin,protection.bj,TPE (<10),B2B,Google Maps,3.9,Actif,2026-06-29T00:14:35.688552,haute
BJ-CFED857B,Groupe Vie,Finance & Assurance,Houéyogbé,+229 31 71 81 25,groupe.vie@groupe.vie.bj,groupevie.bj,TPE (<10),B2C,Google Maps,3.2,Actif,2026-06-29T00:14:35.688585,haute
BJ-CD690C6B,Groupe Épargne Houéyogbé,Finance & Assurance,Houéyogbé,+229 44 11 57 34,groupe.épargne.houéyogbé@groupe.épargne.houéyogbé.org,,PME (10-50),B2B,Google Maps,4.2,Actif,2026-06-29T00:14:35.688617,moyenne
BJ-E1FC1F6D,Banque Investissement,Finance & Assurance,Houéyogbé,+229 65 10 26 70,banque.investissement@banque.investissement.org,banqueinvestissement.bj,PME (10-50),B2C,Google Maps,4.6,Actif,2026-06-29T00:14:35.688655,haute
BJ-417B2258,Assurance International,Finance & Assurance,Houéyogbé,+229 36 32 74 97,assurance.international@assurance.international.bj,assuranceinternational.bj,TPE (<10),B2B,Google Maps,3.4,Actif,2026-06-29T00:14:35.688688,haute
BJ-4862832D,Groupe Bénin,Finance & Assurance,Malanville,+229 95 18 92 74,groupe.bénin@groupe.bénin.net,,PME (10-50),B2B,Google Maps,4.5,Actif,2026-06-29T00:14:35.688738,moyenne
BJ-74605C08,Cabinet Santé Malanville,Finance & Assurance,Malanville,+229 52 86 72 40,,,PME (50-200),B2C,Google Maps,3.9,Actif,2026-06-29T00:14:35.688769,basse
BJ-6F98AFC4,Sécurité Invest,Finance & Assurance,Malanville,+229 93 33 44 30,sécurité.invest@sécurité.invest.net,sécuritéinvest.bj,TPE (<10),B2B,Google Maps,3.2,Actif,2026-06-29T00:14:35.688821,haute
BJ-B9980DF8,Épargne,Finance & Assurance,Malanville,+229 96 32 70 40,épargne@épargne.net,,TPE (<10),B2C,Google Maps,3.9,Actif,2026-06-29T00:14:35.688853,moyenne
BJ-A5FE8CEC,Santé,Finance & Assurance,Malanville,+229 49 63 51 12,santé@santé.benin,santé.bj,PME (10-50),B2C,Google Maps,3.3,Actif,2026-06-29T00:14:35.688885,haute
BJ-C0B69B91,Finance Bénin,Finance & Assurance,Kandi,+229 36 77 54 64,finance.bénin@finance.bénin.bj,financebénin.bj,TPE (<10),B2C,Google Maps,4.1,Actif,2026-06-29T00:14:35.688940,haute
BJ-9E5FC7FD,Bénin Capital,Finance & Assurance,Kandi,+229 54 61 91 27,bénin.capital@bénin.capital.bj,bénincapital.bj,TPE (<10),B2C,Google Maps,3.9,Actif,2026-06-29T00:14:35.688973,haute
BJ-B9653534,Assurance International,Finance & Assurance,Kandi,+229 79 31 85 99,,assuranceinternational.bj,PME (50-200),B2B,Google Maps,3.2,Actif,2026-06-29T00:14:35.689008,moyenne
BJ-AB3950BF,Vie,Finance & Assurance,Kandi,+229 57 51 26 64,vie@vie.bj,,PME (50-200),B2B,Google Maps,4.8,Actif,2026-06-29T00:14:35.689044,moyenne
BJ-6D83079C,Investissement Capital,Finance & Assurance,Kandi,+229 21 87 82 51,investissement.capital@investissement.capital.bj,investissementcapital.bj,TPE (<10),B2B,Google Maps,3.1,Actif,2026-06-29T00:14:35.689077,haute
BJ-96280A54,Cabinet Vie Bank,Finance & Assurance,Banikoara,+229 55 25 50 41,cabinet.vie.bank@cabinet.vie.bank.org,cabinetviebank.bj,PME (10-50),B2B,Google Maps,4.4,Actif,2026-06-29T00:14:35.689119,haute
BJ-DE6236E2,Finance Crédit,Finance & Assurance,Banikoara,+229 85 19 13 54,finance.crédit@finance.crédit.com,financecrédit.bj,TPE (<10),B2B,Google Maps,3.8,Actif,2026-06-29T00:14:35.689152,haute
BJ-70B0DA20,West Finance,Finance & Assurance,Banikoara,+229 21 59 97 37,west.finance@west.finance.bj,,TPE (<10),B2B,Google Maps,3.6,Actif,2026-06-29T00:14:35.689182,moyenne
BJ-74C09D59,Africa,Finance & Assurance,Banikoara,+229 39 67 32 70,africa@africa.benin,africa.bj,PME (50-200),B2C,Google Maps,4.5,Actif,2026-06-29T00:14:35.689216,haute
BJ-D9F7B97E,Bénin,Finance & Assurance,Banikoara,+229 84 70 22 11,bénin@bénin.benin,bénin.bj,TPE (<10),B2B,Google Maps,4.4,Actif,2026-06-29T00:14:35.689250,haute
BJ-DE6BC521,Société Protection,Finance & Assurance,Ségbana,+229 38 56 77 75,société.protection@société.protection.com,sociétéprotection.bj,TPE (<10),B2B,Google Maps,4.0,Actif,2026-06-29T00:14:35.689295,haute
BJ-76A4C53D,Cabinet Protection,Finance & Assurance,Ségbana,+229 28 76 54 30,cabinet.protection@cabinet.protection.net,,TPE (<10),B2C,Google Maps,3.7,Actif,2026-06-29T00:14:35.689326,moyenne
BJ-A978DCC6,Assurance,Finance & Assurance,Ségbana,+229 22 49 35 62,assurance@assurance.benin,assurance.bj,PME (10-50),B2C,Google Maps,4.7,Actif,2026-06-29T00:14:35.689360,haute
BJ-F5A5251D,Société Assurance,Finance & Assurance,Ségbana,+229 30 87 30 73,société.assurance@société.assurance.net,sociétéassurance.bj,TPE (<10),B2B,Google Maps,4.3,Actif,2026-06-29T00:14:35.689405,haute
BJ-9C0E5244,Société Capital Ségbana,Finance & Assurance,Ségbana,+229 54 55 77 28,,sociétécapitalségbana.bj,TPE (<10),B2B,Google Maps,3.6,Actif,2026-06-29T00:14:35.689440,moyenne
BJ-E0F97C7C,Banque Sécurité,Finance & Assurance,Karimama,+229 35 44 41 15,banque.sécurité@banque.sécurité.benin,banquesécurité.bj,PME (10-50),B2B,Google Maps,3.2,Actif,2026-06-29T00:14:35.689484,haute
BJ-B0BBF295,Capital SARL,Finance & Assurance,Karimama,+229 71 60 79 52,,,PME (50-200),B2C,Google Maps,4.7,Actif,2026-06-29T00:14:35.689519,basse
BJ-317847EB,Groupe International Assurances,Finance & Assurance,Karimama,+229 92 97 47 85,groupe.international.assurances@groupe.international.assurances.net,groupeinternationalassurances.bj,PME (50-200),B2C,Google Maps,3.1,Actif,2026-06-29T00:14:35.689553,haute
BJ-8334405C,Groupe National,Finance & Assurance,Karimama,+229 78 29 92 58,groupe.national@groupe.national.benin,,PME (10-50),B2B,Google Maps,3.6,Actif,2026-06-29T00:14:35.689590,moyenne
BJ-B7A5A5B0,Société Épargne Bank,Finance & Assurance,Karimama,+229 74 24 65 67,société.épargne.bank@société.épargne.bank.bj,sociétéépargnebank.bj,Grande (>200),B2B,Google Maps,3.8,Actif,2026-06-29T00:14:35.689624,haute
BJ-3688085F,Africa,Finance & Assurance,Gogounou,+229 80 52 51 50,africa@africa.net,africa.bj,PME (10-50),B2B,Google Maps,4.3,Actif,2026-06-29T00:14:35.689668,haute
BJ-F167A415,Société Investissement Invest,Finance & Assurance,Gogounou,+229 32 36 69 71,société.investissement.invest@société.investissement.invest.net,sociétéinvestissementinvest.bj,PME (10-50),B2B,Google Maps,3.5,Actif,2026-06-29T00:14:35.689705,haute
BJ-1F8AD40E,Capital,Finance & Assurance,Gogounou,+229 94 37 51 58,capital@capital.bj,capital.bj,PME (10-50),B2C,Google Maps,3.1,Actif,2026-06-29T00:14:35.689737,haute
BJ-C95E1150,Crédit,Finance & Assurance,Gogounou,+229 41 17 51 69,,crédit.bj,PME (50-200),B2C,Google Maps,3.1,Actif,2026-06-29T00:14:35.689774,moyenne
BJ-F0D27473,Assurance Vie Capital Gogounou,Finance & Assurance,Gogounou,+229 98 99 97 68,assurance.vie.capital.gogounou@assurance.vie.capital.gogounou.bj,assuranceviecapitalgogounou.bj,PME (10-50),B2B,Google Maps,3.0,Actif,2026-06-29T00:14:35.689810,haute
BJ-2CD1B98F,Banque West,Finance & Assurance,Cobly,+229 42 26 54 52,,banquewest.bj,TPE (<10),B2C,Google Maps,4.3,Actif,2026-06-29T00:14:35.689854,moyenne
BJ-9AFF18E8,Africa,Finance & Assurance,Cobly,+229 54 72 32 55,africa@africa.benin,africa.bj,PME (10-50),B2C,Google Maps,4.5,Actif,2026-06-29T00:14:35.689902,haute
BJ-D57F5473,Africa Finance,Finance & Assurance,Cobly,+229 84 45 20 39,,africafinance.bj,TPE (<10),B2B,Google Maps,4.2,Actif,2026-06-29T00:14:35.689939,moyenne
BJ-E5E8C055,Groupe Épargne Finance,Finance & Assurance,Cobly,+229 50 65 60 47,,groupeépargnefinance.bj,PME (10-50),B2B,Google Maps,4.6,Actif,2026-06-29T00:14:35.689967,moyenne
BJ-AB5602A7,Crédit Capital Cobly,Finance & Assurance,Cobly,+229 80 87 89 43,crédit.capital.cobly@crédit.capital.cobly.net,créditcapitalcobly.bj,TPE (<10),B2C,Google Maps,3.4,Actif,2026-06-29T00:14:35.689999,haute
BJ-097291F9,Société Assurance Capital Tanguiéta,Finance & Assurance,Tanguiéta,+229 39 76 35 22,société.assurance.capital.tanguiéta@société.assurance.capital.tanguiéta.bj,,TPE (<10),B2C,Google Maps,4.6,Actif,2026-06-29T00:14:35.690049,moyenne
BJ-563FF4A2,Assurance West Assurances,Finance & Assurance,Tanguiéta,+229 85 76 23 64,assurance.west.assurances@assurance.west.assurances.bj,assurancewestassurances.bj,Grande (>200),B2B,Google Maps,4.7,Actif,2026-06-29T00:14:35.690081,haute
BJ-335EEA4B,Cabinet Vie,Finance & Assurance,Tanguiéta,+229 52 28 38 42,cabinet.vie@cabinet.vie.org,,PME (10-50),B2C,Google Maps,4.7,Actif,2026-06-29T00:14:35.690112,moyenne
BJ-7AB0794B,Finance International Groupe,Finance & Assurance,Tanguiéta,+229 48 24 55 21,finance.international.groupe@finance.international.groupe.benin,financeinternationalgroupe.bj,TPE (<10),B2B,Google Maps,4.2,Actif,2026-06-29T00:14:35.690149,haute
BJ-5B1756A5,Banque Vie Tanguiéta,Finance & Assurance,Tanguiéta,+229 94 85 91 71,,banquevietanguiéta.bj,PME (10-50),B2B,Google Maps,4.4,Actif,2026-06-29T00:14:35.690186,moyenne
BJ-7C7AFC32,Protection Bank,Finance & Assurance,Matéri,+229 46 34 75 36,protection.bank@protection.bank.benin,protectionbank.bj,TPE (<10),B2C,Google Maps,3.7,Actif,2026-06-29T00:14:35.690232,haute
BJ-B20562F9,Santé Bank,Finance & Assurance,Matéri,+229 76 61 62 63,,santébank.bj,PME (10-50),B2B,Google Maps,4.9,Actif,2026-06-29T00:14:35.690261,moyenne
BJ-8A6D007D,Cabinet International Invest,Finance & Assurance,Matéri,+229 39 31 18 56,cabinet.international.invest@cabinet.international.invest.bj,cabinetinternationalinvest.bj,TPE (<10),B2C,Google Maps,4.5,Actif,2026-06-29T00:14:35.690294,haute
BJ-D488F2BD,Vie,Finance & Assurance,Matéri,+229 28 66 61 92,,vie.bj,PME (50-200),B2C,Google Maps,3.4,Actif,2026-06-29T00:14:35.690324,moyenne
BJ-DBF75032,Sécurité Bank,Finance & Assurance,Matéri,+229 62 64 11 88,,sécuritébank.bj,PME (50-200),B2C,Google Maps,3.9,Actif,2026-06-29T00:14:35.690361,moyenne
BJ-D3697C21,Assurance Natitingou,Finance & Assurance,Natitingou,+229 61 11 91 85,assurance.natitingou@assurance.natitingou.com,assurancenatitingou.bj,PME (10-50),B2B,Google Maps,3.5,Actif,2026-06-29T00:14:35.690405,haute
BJ-53F2151A,Groupe West Assurances,Finance & Assurance,Natitingou,+229 71 10 59 19,,groupewestassurances.bj,TPE (<10),B2C,Google Maps,5.0,Actif,2026-06-29T00:14:35.690441,moyenne
BJ-F0BEE2C7,Groupe Bénin Assurances,Finance & Assurance,Natitingou,+229 21 30 60 59,groupe.bénin.assurances@groupe.bénin.assurances.com,groupebéninassurances.bj,TPE (<10),B2C,Google Maps,3.3,Actif,2026-06-29T00:14:35.690484,haute
BJ-98EEB9BA,Investissement Natitingou,Finance & Assurance,Natitingou,+229 80 54 72 37,investissement.natitingou@investissement.natitingou.net,investissementnatitingou.bj,PME (50-200),B2B,Google Maps,3.8,Actif,2026-06-29T00:14:35.690528,haute
BJ-66156FD1,Banque Santé,Finance & Assurance,Natitingou,+229 95 79 47 50,banque.santé@banque.santé.org,banquesanté.bj,TPE (<10),B2B,Google Maps,5.0,Actif,2026-06-29T00:14:35.690552,haute
BJ-3DA477D3,Sécurité Toucountouna,Finance & Assurance,Toucountouna,+229 55 12 51 29,,,TPE (<10),B2B,Google Maps,4.2,Actif,2026-06-29T00:14:35.690577,basse
BJ-5C9661B2,Assurance Assurance Capital,Finance & Assurance,Toucountouna,+229 43 87 56 65,,assuranceassurancecapital.bj,TPE (<10),B2C,Google Maps,4.7,Actif,2026-06-29T00:14:35.690592,moyenne
BJ-DDC40D7E,Assurance Épargne SARL,Finance & Assurance,Toucountouna,+229 70 37 97 15,assurance.épargne.sarl@assurance.épargne.sarl.benin,assuranceépargnesarl.bj,PME (50-200),B2C,Google Maps,4.6,Actif,2026-06-29T00:14:35.690608,haute
BJ-25C3CD9E,Auto,Finance & Assurance,Toucountouna,+229 82 93 30 85,auto@auto.benin,auto.bj,PME (50-200),B2C,Google Maps,3.1,Actif,2026-06-29T00:14:35.690624,haute
BJ-F621CD00,Cabinet Auto,Finance & Assurance,Toucountouna,+229 75 88 45 68,,,PME (50-200),B2C,Google Maps,3.8,Actif,2026-06-29T00:14:35.690636,basse
BJ-5983CA56,Sécurité International,Finance & Assurance,Boukoumbé,+229 27 76 89 96,sécurité.international@sécurité.international.benin,sécuritéinternational.bj,TPE (<10),B2C,Google Maps,4.5,Actif,2026-06-29T00:14:35.690659,haute
BJ-9870AD43,Africa,Finance & Assurance,Boukoumbé,+229 90 81 79 85,africa@africa.benin,africa.bj,Grande (>200),B2B,Google Maps,4.5,Actif,2026-06-29T00:14:35.690685,haute
BJ-6282BB64,Finance Sécurité Invest,Finance & Assurance,Boukoumbé,+229 71 29 70 13,finance.sécurité.invest@finance.sécurité.invest.org,financesécuritéinvest.bj,PME (10-50),B2B,Google Maps,4.7,Actif,2026-06-29T00:14:35.690702,haute
BJ-C251E848,Capital,Finance & Assurance,Boukoumbé,+229 49 46 93 82,capital@capital.benin,capital.bj,PME (10-50),B2C,Google Maps,3.9,Actif,2026-06-29T00:14:35.690721,haute
BJ-ABEAD649,Assurance Assurance,Finance & Assurance,Boukoumbé,+229 87 61 63 87,assurance.assurance@assurance.assurance.benin,assuranceassurance.bj,PME (10-50),B2B,Google Maps,3.8,Actif,2026-06-29T00:14:35.690754,haute
BJ-7694C0E5,Banque International International Kouandé,Finance & Assurance,Kouandé,+229 67 63 45 66,banque.international.international.kouandé@banque.international.international.kouandé.org,banqueinternationalinternationalkouandé.bj,TPE (<10),B2B,Google Maps,4.4,Actif,2026-06-29T00:14:35.690806,haute
BJ-2204ABE2,Assurance Africa International,Finance & Assurance,Kouandé,+229 50 81 12 21,,assuranceafricainternational.bj,Grande (>200),B2C,Google Maps,4.4,Actif,2026-06-29T00:14:35.690847,moyenne
BJ-AB02B30C,Groupe Crédit Groupe,Finance & Assurance,Kouandé,+229 25 59 47 52,groupe.crédit.groupe@groupe.crédit.groupe.benin,groupecréditgroupe.bj,PME (50-200),B2B,Google Maps,5.0,Actif,2026-06-29T00:14:35.690884,haute
BJ-AE9F0B33,Assurance Auto Groupe,Finance & Assurance,Kouandé,+229 57 79 95 97,,assuranceautogroupe.bj,PME (10-50),B2C,Google Maps,3.0,Actif,2026-06-29T00:14:35.690938,moyenne
BJ-61E4E408,Groupe Auto,Finance & Assurance,Kouandé,+229 70 58 62 51,groupe.auto@groupe.auto.org,,Grande (>200),B2C,Google Maps,4.6,Actif,2026-06-29T00:14:35.690976,moyenne
BJ-5316D32D,Africa,Finance & Assurance,Péhunco,+229 91 27 25 77,africa@africa.org,africa.bj,TPE (<10),B2B,Google Maps,4.5,Actif,2026-06-29T00:14:35.691016,haute
BJ-5B1CD454,Investissement,Finance & Assurance,Péhunco,+229 27 54 21 34,investissement@investissement.bj,,PME (50-200),B2C,Google Maps,4.8,Actif,2026-06-29T00:14:35.691034,moyenne
BJ-DE5283B7,Société National Groupe,Finance & Assurance,Péhunco,+229 35 58 35 50,société.national.groupe@société.national.groupe.net,sociéténationalgroupe.bj,TPE (<10),B2C,Google Maps,3.9,Actif,2026-06-29T00:14:35.691051,haute
BJ-156DF8CE,Finance Sécurité,Finance & Assurance,Péhunco,+229 86 88 25 82,finance.sécurité@finance.sécurité.net,financesécurité.bj,PME (10-50),B2B,Google Maps,4.1,Actif,2026-06-29T00:14:35.691076,haute
BJ-C0B19636,Banque Investissement Capital,Finance & Assurance,Péhunco,+229 84 91 43 69,banque.investissement.capital@banque.investissement.capital.com,banqueinvestissementcapital.bj,PME (50-200),B2B,Google Maps,5.0,Actif,2026-06-29T00:14:35.691093,haute
BJ-EAB1A979,National Groupe Tchaourou,Finance & Assurance,Tchaourou,+229 56 58 18 32,,,TPE (<10),B2B,Google Maps,4.4,Actif,2026-06-29T00:14:35.691114,basse
BJ-CBF79281,Capital International,Finance & Assurance,Tchaourou,+229 34 98 20 97,capital.international@capital.international.net,capitalinternational.bj,PME (50-200),B2C,Google Maps,4.1,Actif,2026-06-29T00:14:35.691130,haute
BJ-3BDAA6D5,Banque Capital Bank,Finance & Assurance,Tchaourou,+229 82 54 77 27,banque.capital.bank@banque.capital.bank.net,banquecapitalbank.bj,TPE (<10),B2B,Google Maps,3.7,Actif,2026-06-29T00:14:35.691148,haute
BJ-4615DEDA,Investissement,Finance & Assurance,Tchaourou,+229 63 15 71 66,investissement@investissement.bj,investissement.bj,PME (50-200),B2C,Google Maps,4.1,Actif,2026-06-29T00:14:35.691163,haute
BJ-A4E88D87,Crédit Assurances,Finance & Assurance,Tchaourou,+229 27 15 15 92,,,TPE (<10),B2B,Google Maps,3.6,Actif,2026-06-29T00:14:35.691177,basse
BJ-1832E97A,Africa,Finance & Assurance,Nikki,+229 40 16 53 47,africa@africa.net,africa.bj,PME (10-50),B2C,Google Maps,3.5,Actif,2026-06-29T00:14:35.691199,haute
BJ-766A6D23,Crédit Nikki,Finance & Assurance,Nikki,+229 70 72 58 40,crédit.nikki@crédit.nikki.com,,TPE (<10),B2C,Google Maps,4.8,Actif,2026-06-29T00:14:35.691242,moyenne
BJ-AD368421,Groupe Assurance International,Finance & Assurance,Nikki,+229 31 11 27 53,groupe.assurance.international@groupe.assurance.international.org,,TPE (<10),B2B,Google Maps,4.7,Actif,2026-06-29T00:14:35.691264,moyenne
BJ-B858A5A5,Épargne International,Finance & Assurance,Nikki,+229 70 89 90 48,épargne.international@épargne.international.net,épargneinternational.bj,PME (10-50),B2B,Google Maps,4.5,Actif,2026-06-29T00:14:35.691287,haute
BJ-ABEEA0FF,Santé Nikki,Finance & Assurance,Nikki,+229 39 60 11 13,santé.nikki@santé.nikki.benin,santénikki.bj,Grande (>200),B2C,Google Maps,3.1,Actif,2026-06-29T00:14:35.691305,haute
BJ-1DB32974,Auto,Finance & Assurance,Bembéréké,+229 74 57 73 21,auto@auto.net,auto.bj,PME (10-50),B2C,Google Maps,4.7,Actif,2026-06-29T00:14:35.691329,haute
BJ-131D8ABD,Finance Sécurité,Finance & Assurance,Bembéréké,+229 80 88 28 82,finance.sécurité@finance.sécurité.net,,PME (50-200),B2C,Google Maps,3.3,Actif,2026-06-29T00:14:35.691345,moyenne
BJ-0C02DA9C,West,Finance & Assurance,Bembéréké,+229 41 56 50 50,west@west.org,west.bj,PME (50-200),B2B,Google Maps,4.1,Actif,2026-06-29T00:14:35.691360,haute
BJ-F0C2370B,Finance Épargne,Finance & Assurance,Bembéréké,+229 48 20 51 97,finance.épargne@finance.épargne.net,,PME (50-200),B2B,Google Maps,4.9,Actif,2026-06-29T00:14:35.691375,moyenne
BJ-FBF748C0,Finance International Groupe,Finance & Assurance,Kalalé,+229 82 86 76 76,finance.international.groupe@finance.international.groupe.com,,PME (50-200),B2C,Google Maps,3.6,Actif,2026-06-29T00:14:35.691409,moyenne
BJ-2258B2C9,National,Finance & Assurance,Kalalé,+229 77 88 89 96,,national.bj,Grande (>200),B2B,Google Maps,4.2,Actif,2026-06-29T00:14:35.691423,moyenne
BJ-A9FC5519,Assurance,Finance & Assurance,Kalalé,+229 21 17 62 99,,assurance.bj,PME (10-50),B2B,Google Maps,3.9,Actif,2026-06-29T00:14:35.691436,moyenne
BJ-6E0AA2DD,Finance International Finance,Finance & Assurance,Kalalé,+229 46 37 20 35,finance.international.finance@finance.international.finance.net,financeinternationalfinance.bj,PME (10-50),B2C,Google Maps,3.6,Actif,2026-06-29T00:14:35.691454,haute
BJ-99C500FF,Cabinet International Assurances,Finance & Assurance,Kalalé,+229 97 49 41 46,cabinet.international.assurances@cabinet.international.assurances.bj,cabinetinternationalassurances.bj,TPE (<10),B2C,Google Maps,4.3,Actif,2026-06-29T00:14:35.691472,haute
BJ-AD55508F,Banque Bénin,Finance & Assurance,Ndali,+229 38 50 92 49,banque.bénin@banque.bénin.org,banquebénin.bj,PME (50-200),B2C,Google Maps,4.8,Actif,2026-06-29T00:14:35.691494,haute
BJ-92CAF28D,West International,Finance & Assurance,Ndali,+229 34 72 59 63,,,Grande (>200),B2B,Google Maps,4.7,Actif,2026-06-29T00:14:35.691507,basse
BJ-B1BA4ED1,Finance Assurance,Finance & Assurance,Ndali,+229 98 82 69 72,finance.assurance@finance.assurance.org,,PME (10-50),B2C,Google Maps,4.5,Actif,2026-06-29T00:14:35.691521,moyenne
BJ-7702EC70,Vie,Finance & Assurance,Ndali,+229 69 77 91 22,vie@vie.bj,vie.bj,TPE (<10),B2C,Google Maps,3.3,Actif,2026-06-29T00:14:35.691535,haute
BJ-00E3E1CE,Cabinet Bénin,Finance & Assurance,Ndali,+229 46 73 75 38,cabinet.bénin@cabinet.bénin.benin,cabinetbénin.bj,TPE (<10),B2B,Google Maps,4.5,Actif,2026-06-29T00:14:35.691553,haute
BJ-782D20CF,Sécurité,Finance & Assurance,Ségbana,+229 42 67 28 22,sécurité@sécurité.net,sécurité.bj,TPE (<10),B2C,Google Maps,4.8,Actif,2026-06-29T00:14:35.691575,haute
BJ-F33CF07C,International International Ségbana,Finance & Assurance,Ségbana,+229 32 85 14 66,international.international.ségbana@international.international.ségbana.net,,TPE (<10),B2C,Google Maps,3.1,Actif,2026-06-29T00:14:35.691590,moyenne
BJ-B69FD8A6,Auto SARL,Finance & Assurance,Ségbana,+229 41 23 89 79,auto.sarl@auto.sarl.bj,autosarl.bj,PME (50-200),B2B,Google Maps,3.1,Actif,2026-06-29T00:14:35.691604,haute
BJ-431398D8,Assurance Investissement,Finance & Assurance,Ségbana,+229 99 85 25 87,assurance.investissement@assurance.investissement.benin,,PME (10-50),B2C,Google Maps,4.4,Actif,2026-06-29T00:14:35.691621,moyenne
BJ-12F9F4C4,Vie Assurances,Finance & Assurance,Ségbana,+229 52 81 82 84,vie.assurances@vie.assurances.benin,vieassurances.bj,TPE (<10),B2B,Google Maps,3.6,Actif,2026-06-29T00:14:35.691635,haute
BJ-A58FC6E6,Assurance Investissement Assurances,Finance & Assurance,Tchaourou,+229 83 93 98 26,assurance.investissement.assurances@assurance.investissement.assurances.com,assuranceinvestissementassurances.bj,TPE (<10),B2C,Google Maps,4.5,Actif,2026-06-29T00:14:35.691656,haute
BJ-F71E8474,Investissement Groupe,Finance & Assurance,Tchaourou,+229 31 59 29 55,investissement.groupe@investissement.groupe.bj,investissementgroupe.bj,PME (50-200),B2C,Google Maps,3.8,Actif,2026-06-29T00:14:35.691670,haute
BJ-4B0C346A,International,Finance & Assurance,Tchaourou,+229 22 67 23 73,international@international.bj,international.bj,TPE (<10),B2B,Google Maps,4.4,Actif,2026-06-29T00:14:35.691684,haute
BJ-D720C5EB,Assurance West,Finance & Assurance,Tchaourou,+229 40 68 15 92,assurance.west@assurance.west.com,assurancewest.bj,TPE (<10),B2B,Google Maps,5.0,Actif,2026-06-29T00:14:35.691697,haute
BJ-2739B0C7,Crédit,Finance & Assurance,Tchaourou,+229 38 15 92 79,crédit@crédit.org,crédit.bj,TPE (<10),B2C,Google Maps,4.1,Actif,2026-06-29T00:14:35.691712,haute
BJ-4E1B4880,Finance Investissement Groupe,Finance & Assurance,Bétérou,+229 66 47 33 45,finance.investissement.groupe@finance.investissement.groupe.org,financeinvestissementgroupe.bj,PME (50-200),B2B,Google Maps,3.1,Actif,2026-06-29T00:14:35.691737,haute
BJ-7E6D0975,Protection,Finance & Assurance,Bétérou,+229 55 96 56 46,protection@protection.org,,TPE (<10),B2B,Google Maps,3.8,Actif,2026-06-29T00:14:35.691751,moyenne
BJ-475D00DA,International SARL,Finance & Assurance,Bétérou,+229 62 85 96 47,international.sarl@international.sarl.benin,internationalsarl.bj,PME (10-50),B2B,Google Maps,3.5,Actif,2026-06-29T00:14:35.691765,haute
BJ-946B709A,Banque Bénin International,Finance & Assurance,Bétérou,+229 98 23 12 24,banque.bénin.international@banque.bénin.international.com,,PME (50-200),B2C,Google Maps,3.5,Actif,2026-06-29T00:14:35.691782,moyenne
BJ-B117A196,International Finance,Finance & Assurance,Bétérou,+229 22 52 67 90,,internationalfinance.bj,PME (10-50),B2B,Google Maps,4.9,Actif,2026-06-29T00:14:35.691796,moyenne
BJ-03EF935C,Assurance Ouessè,Finance & Assurance,Ouessè,+229 60 86 37 84,assurance.ouessè@assurance.ouessè.net,assuranceouessè.bj,PME (10-50),B2B,Google Maps,4.2,Actif,2026-06-29T00:14:35.691818,haute
BJ-E9D59C2D,Protection,Finance & Assurance,Ouessè,+229 84 31 72 72,,protection.bj,TPE (<10),B2C,Google Maps,4.2,Actif,2026-06-29T00:14:35.691831,moyenne
BJ-865DF6E1,Épargne,Finance & Assurance,Ouessè,+229 40 36 16 33,épargne@épargne.net,,PME (50-200),B2B,Google Maps,3.4,Actif,2026-06-29T00:14:35.691845,moyenne
BJ-E68038F7,Santé SARL,Finance & Assurance,Ouessè,+229 71 14 53 33,santé.sarl@santé.sarl.bj,santésarl.bj,PME (10-50),B2C,Google Maps,4.6,Actif,2026-06-29T00:14:35.691859,haute
BJ-478DD8E9,Auto Capital,Finance & Assurance,Ouessè,+229 83 94 11 47,auto.capital@auto.capital.benin,,TPE (<10),B2C,Google Maps,4.8,Actif,2026-06-29T00:14:35.691873,moyenne
BJ-53C7FB36,Assurance Crédit Invest Glazoué,Finance & Assurance,Glazoué,+229 96 41 48 55,assurance.crédit.invest.glazoué@assurance.crédit.invest.glazoué.org,,TPE (<10),B2B,Google Maps,3.7,Actif,2026-06-29T00:14:35.691910,moyenne
BJ-B23C9E97,Auto,Finance & Assurance,Glazoué,+229 52 31 17 87,auto@auto.org,auto.bj,Grande (>200),B2C,Google Maps,4.5,Actif,2026-06-29T00:14:35.691928,haute
BJ-B9DF409D,Banque Protection International,Finance & Assurance,Glazoué,+229 79 18 73 16,banque.protection.international@banque.protection.international.net,banqueprotectioninternational.bj,TPE (<10),B2C,Google Maps,4.6,Actif,2026-06-29T00:14:35.691947,haute
BJ-0BAF39C8,Bénin,Finance & Assurance,Glazoué,+229 43 89 91 94,bénin@bénin.bj,bénin.bj,PME (50-200),B2C,Google Maps,4.6,Actif,2026-06-29T00:14:35.691965,haute
BJ-4A996CD2,Banque Crédit Invest,Finance & Assurance,Glazoué,+229 25 92 90 37,banque.crédit.invest@banque.crédit.invest.net,,PME (50-200),B2C,Google Maps,3.3,Actif,2026-06-29T00:14:35.691979,moyenne
BJ-B010FA2C,Finance National,Finance & Assurance,Dassa-Zoumè,+229 71 11 86 76,,financenational.bj,Grande (>200),B2C,Google Maps,3.6,Actif,2026-06-29T00:14:35.691999,moyenne
BJ-30102DBF,Finance Investissement Bank,Finance & Assurance,Dassa-Zoumè,+229 66 27 16 72,finance.investissement.bank@finance.investissement.bank.org,financeinvestissementbank.bj,TPE (<10),B2B,Google Maps,3.5,Actif,2026-06-29T00:14:35.692013,haute
BJ-BA5FCE97,Finance Capital,Finance & Assurance,Dassa-Zoumè,+229 68 31 53 39,finance.capital@finance.capital.benin,financecapital.bj,PME (10-50),B2C,Google Maps,3.0,Actif,2026-06-29T00:14:35.692031,haute
BJ-727F2C30,Investissement Bank,Finance & Assurance,Dassa-Zoumè,+229 99 46 73 63,investissement.bank@investissement.bank.com,investissementbank.bj,PME (10-50),B2B,Google Maps,3.0,Actif,2026-06-29T00:14:35.692045,haute
BJ-1B91F6A9,Protection Dassa-Zoumè,Finance & Assurance,Dassa-Zoumè,+229 40 95 55 91,protection.dassazoumè@protection.dassazoumè.benin,protectiondassazoumè.bj,PME (10-50),B2B,Google Maps,4.3,Actif,2026-06-29T00:14:35.692061,haute
BJ-B2950678,Auto Assurances,Finance & Assurance,Savalou,+229 73 71 75 13,auto.assurances@auto.assurances.com,autoassurances.bj,PME (50-200),B2B,Google Maps,3.8,Actif,2026-06-29T00:14:35.692081,haute
BJ-9BF2937B,Africa Capital,Finance & Assurance,Savalou,+229 54 39 40 28,africa.capital@africa.capital.benin,africacapital.bj,PME (10-50),B2C,Google Maps,4.4,Actif,2026-06-29T00:14:35.692095,haute
BJ-DE4F1071,Cabinet Épargne,Finance & Assurance,Savalou,+229 66 49 14 59,cabinet.épargne@cabinet.épargne.net,cabinetépargne.bj,PME (10-50),B2C,Google Maps,3.5,Actif,2026-06-29T00:14:35.692109,haute
BJ-0CAA0582,Assurance Savalou,Finance & Assurance,Savalou,+229 42 30 10 11,assurance.savalou@assurance.savalou.bj,assurancesavalou.bj,TPE (<10),B2C,Google Maps,3.2,Actif,2026-06-29T00:14:35.692126,haute
BJ-AF0FFAB3,Assurance West,Finance & Assurance,Savalou,+229 55 53 24 37,assurance.west@assurance.west.org,,TPE (<10),B2B,Google Maps,3.0,Actif,2026-06-29T00:14:35.692140,moyenne
BJ-8CB8F0C2,Épargne Finance,Finance & Assurance,Bantè,+229 38 60 76 33,épargne.finance@épargne.finance.bj,épargnefinance.bj,PME (10-50),B2B,Google Maps,4.3,Actif,2026-06-29T00:14:35.692164,haute
BJ-C2DBB1F7,Banque Crédit SA,Finance & Assurance,Bantè,+229 94 12 52 27,banque.crédit.sa@banque.crédit.sa.benin,banquecréditsa.bj,PME (50-200),B2B,Google Maps,3.1,Actif,2026-06-29T00:14:35.692179,haute
BJ-50A27C8E,National,Finance & Assurance,Bantè,+229 67 63 69 40,national@national.benin,national.bj,PME (10-50),B2B,Google Maps,4.7,Actif,2026-06-29T00:14:35.692193,haute
BJ-50E53250,Cabinet Santé Groupe Bantè,Finance & Assurance,Bantè,+229 95 96 19 36,cabinet.santé.groupe.bantè@cabinet.santé.groupe.bantè.net,,TPE (<10),B2B,Google Maps,3.4,Actif,2026-06-29T00:14:35.692208,moyenne
BJ-76585B8B,Assurance Assurances,Finance & Assurance,Bantè,+229 84 67 69 72,assurance.assurances@assurance.assurances.com,,TPE (<10),B2C,Google Maps,4.5,Actif,2026-06-29T00:14:35.692221,moyenne
BJ-29423758,Africa SA,Finance & Assurance,Djougou,+229 96 24 55 45,africa.sa@africa.sa.bj,,TPE (<10),B2C,Google Maps,3.1,Actif,2026-06-29T00:14:35.692243,moyenne
BJ-FEF3FB5B,Capital,Finance & Assurance,Djougou,+229 33 88 95 16,capital@capital.benin,,TPE (<10),B2C,Google Maps,4.0,Actif,2026-06-29T00:14:35.692261,moyenne
BJ-00C1E37E,Auto Invest Djougou,Finance & Assurance,Djougou,+229 95 81 74 35,auto.invest.djougou@auto.invest.djougou.benin,autoinvestdjougou.bj,PME (10-50),B2C,Google Maps,4.2,Actif,2026-06-29T00:14:35.692276,haute
BJ-DFF0DE28,Banque Sécurité Invest,Finance & Assurance,Djougou,+229 93 21 30 32,banque.sécurité.invest@banque.sécurité.invest.bj,,TPE (<10),B2B,Google Maps,3.1,Actif,2026-06-29T00:14:35.692293,moyenne
BJ-D330B244,Finance Capital,Finance & Assurance,Djougou,+229 86 66 23 30,,,PME (10-50),B2C,Google Maps,3.1,Actif,2026-06-29T00:14:35.692306,basse
BJ-FDB420A0,Santé Ouèssè,Finance & Assurance,Ouèssè,+229 52 20 18 24,,santéouèssè.bj,PME (10-50),B2B,Google Maps,4.1,Actif,2026-06-29T00:14:35.692328,moyenne
BJ-8222CC42,Assurance,Finance & Assurance,Ouèssè,+229 75 29 55 81,,,TPE (<10),B2C,Google Maps,3.8,Actif,2026-06-29T00:14:35.692341,basse
BJ-7C9F6E9D,Groupe West,Finance & Assurance,Ouèssè,+229 87 85 68 80,groupe.west@groupe.west.com,groupewest.bj,PME (10-50),B2C,Google Maps,4.1,Actif,2026-06-29T00:14:35.692354,haute
BJ-6028C84B,National Bank Ouèssè,Finance & Assurance,Ouèssè,+229 60 25 73 48,,,TPE (<10),B2B,Google Maps,4.0,Actif,2026-06-29T00:14:35.692366,basse
BJ-55E22D94,Finance National SA,Finance & Assurance,Ouèssè,+229 27 81 54 92,finance.national.sa@finance.national.sa.org,financenationalsa.bj,TPE (<10),B2B,Google Maps,3.2,Actif,2026-06-29T00:14:35.692380,haute
BJ-810895DF,Assurance Santé Invest,Finance & Assurance,Bassila,+229 85 59 45 18,assurance.santé.invest@assurance.santé.invest.org,assurancesantéinvest.bj,PME (50-200),B2B,Google Maps,3.5,Actif,2026-06-29T00:14:35.692400,haute
BJ-C03CAC5A,Bénin Capital Bassila,Finance & Assurance,Bassila,+229 74 30 96 41,,bénincapitalbassila.bj,PME (50-200),B2C,Google Maps,4.3,Actif,2026-06-29T00:14:35.692414,moyenne
BJ-FF47CFD9,Santé Capital,Finance & Assurance,Bassila,+229 48 60 14 98,santé.capital@santé.capital.net,santécapital.bj,TPE (<10),B2C,Google Maps,3.1,Actif,2026-06-29T00:14:35.692428,haute
BJ-E79326B8,Sécurité,Finance & Assurance,Bassila,+229 97 61 30 24,sécurité@sécurité.bj,sécurité.bj,PME (10-50),B2B,Google Maps,3.5,Actif,2026-06-29T00:14:35.692445,haute
BJ-EB862E01,Bénin Bank,Finance & Assurance,Bassila,+229 56 76 37 67,bénin.bank@bénin.bank.net,béninbank.bj,PME (10-50),B2B,Google Maps,3.4,Actif,2026-06-29T00:14:35.692460,haute
BJ-1AD3B069,Crédit Capital,Finance & Assurance,Pehunco,+229 77 17 59 20,crédit.capital@crédit.capital.org,créditcapital.bj,PME (50-200),B2C,Google Maps,4.5,Actif,2026-06-29T00:14:35.692480,haute
BJ-9BA5635F,Finance Africa,Finance & Assurance,Pehunco,+229 43 31 34 90,finance.africa@finance.africa.org,financeafrica.bj,TPE (<10),B2B,Google Maps,4.3,Actif,2026-06-29T00:14:35.692494,haute
BJ-5194DF47,Finance International Assurances,Finance & Assurance,Pehunco,+229 36 78 52 40,finance.international.assurances@finance.international.assurances.com,,PME (10-50),B2C,Google Maps,3.7,Actif,2026-06-29T00:14:35.692508,moyenne
BJ-17ADFCD6,Cabinet Africa,Finance & Assurance,Pehunco,+229 26 55 93 19,cabinet.africa@cabinet.africa.org,cabinetafrica.bj,PME (50-200),B2B,Google Maps,3.9,Actif,2026-06-29T00:14:35.692525,haute
BJ-0444CBD3,Crédit Pehunco,Finance & Assurance,Pehunco,+229 59 26 51 93,crédit.pehunco@crédit.pehunco.org,créditpehunco.bj,PME (10-50),B2B,Google Maps,3.3,Actif,2026-06-29T00:14:35.692540,haute
BJ-EF23BDC2,Crédit Copargo,Finance & Assurance,Copargo,+229 84 32 39 98,,créditcopargo.bj,TPE (<10),B2B,Google Maps,5.0,Actif,2026-06-29T00:14:35.692559,moyenne
BJ-A3604A08,International,Finance & Assurance,Copargo,+229 43 92 80 42,international@international.net,,TPE (<10),B2C,Google Maps,3.9,Actif,2026-06-29T00:14:35.692572,moyenne
BJ-CAD0D10C,Assurance Crédit,Finance & Assurance,Copargo,+229 98 57 54 18,assurance.crédit@assurance.crédit.bj,assurancecrédit.bj,TPE (<10),B2B,Google Maps,3.1,Actif,2026-06-29T00:14:35.692586,haute
BJ-AD706BD1,West Copargo,Finance & Assurance,Copargo,+229 89 93 42 41,west.copargo@west.copargo.org,westcopargo.bj,PME (10-50),B2B,Google Maps,3.4,Actif,2026-06-29T00:14:35.692602,haute
BJ-E7978FEC,Épargne Copargo,Finance & Assurance,Copargo,+229 39 42 37 43,épargne.copargo@épargne.copargo.bj,épargnecopargo.bj,PME (10-50),B2B,Google Maps,3.4,Actif,2026-06-29T00:14:35.692620,haute
BJ-BF38B753,SARL Cargo,Transport & Logistique,Cotonou,+229 28 87 13 35,sarl.cargo@sarl.cargo.benin,,PME (10-50),B2B,Google Maps,4.4,Actif,2026-06-29T00:14:35.692641,moyenne
BJ-F036F6C0,Rapide Distribution,Transport & Logistique,Cotonou,+229 21 56 78 63,rapide.distribution@rapide.distribution.bj,rapidedistribution.bj,PME (50-200),B2B,Google Maps,3.9,Actif,2026-06-29T00:14:35.692655,haute
BJ-69B53377,Distribution Express,Transport & Logistique,Cotonou,+229 52 16 63 39,,distributionexpress.bj,TPE (<10),B2B,Google Maps,4.4,Actif,2026-06-29T00:14:35.692668,moyenne
BJ-D07E0B58,Courrier,Transport & Logistique,Cotonou,+229 64 23 84 65,courrier@courrier.com,courrier.bj,PME (50-200),B2C,Google Maps,4.2,Actif,2026-06-29T00:14:35.692682,haute
BJ-64ECD820,Aérien,Transport & Logistique,Cotonou,+229 22 85 11 33,aérien@aérien.benin,,TPE (<10),B2C,Google Maps,4.8,Actif,2026-06-29T00:14:35.692696,moyenne
BJ-B0DED0EA,Express,Transport & Logistique,Abomey-Calavi,+229 73 63 54 42,express@express.com,,PME (50-200),B2B,Google Maps,3.1,Actif,2026-06-29T00:14:35.692715,moyenne
BJ-FD7E31FE,SARL Distribution Transport,Transport & Logistique,Abomey-Calavi,+229 26 36 59 13,,sarldistributiontransport.bj,TPE (<10),B2B,Google Maps,3.6,Actif,2026-06-29T00:14:35.692729,moyenne
BJ-D081A143,Logistique Déménagement,Transport & Logistique,Abomey-Calavi,+229 88 79 51 68,,logistiquedéménagement.bj,PME (10-50),B2B,Google Maps,3.9,Actif,2026-06-29T00:14:35.692744,moyenne
BJ-AA9B478B,Maritime Abomey-Calavi,Transport & Logistique,Abomey-Calavi,+229 65 48 44 75,maritime.abomeycalavi@maritime.abomeycalavi.benin,,TPE (<10),B2B,Google Maps,3.1,Actif,2026-06-29T00:14:35.692761,moyenne
BJ-134CDC88,Route,Transport & Logistique,Abomey-Calavi,+229 25 90 11 67,,,TPE (<10),B2C,Google Maps,4.7,Actif,2026-06-29T00:14:35.692782,basse
BJ-9CDDB7CC,Express Courrier Africa,Transport & Logistique,Porto-Novo,+229 87 79 66 82,express.courrier.africa@express.courrier.africa.benin,,TPE (<10),B2B,Google Maps,4.7,Actif,2026-06-29T00:14:35.692823,moyenne
BJ-24DDB7AD,Express,Transport & Logistique,Porto-Novo,+229 35 19 21 58,express@express.org,,PME (50-200),B2C,Google Maps,5.0,Actif,2026-06-29T00:14:35.692847,moyenne
BJ-985F658F,Déménagement International,Transport & Logistique,Porto-Novo,+229 60 41 61 78,déménagement.international@déménagement.international.org,déménagementinternational.bj,TPE (<10),B2B,Google Maps,4.9,Actif,2026-06-29T00:14:35.692903,haute
BJ-06E697E1,Livraison,Transport & Logistique,Porto-Novo,+229 38 79 44 75,,livraison.bj,PME (10-50),B2B,Google Maps,4.5,Actif,2026-06-29T00:14:35.692920,moyenne
BJ-0EF21AAE,Groupe Express,Transport & Logistique,Porto-Novo,+229 46 90 93 90,groupe.express@groupe.express.org,groupeexpress.bj,PME (10-50),B2B,Google Maps,3.5,Actif,2026-06-29T00:14:35.692935,haute
BJ-275F780B,Rapide,Transport & Logistique,Parakou,+229 27 11 58 16,,,TPE (<10),B2B,Google Maps,4.3,Actif,2026-06-29T00:14:35.692955,basse
BJ-6D3D39D2,Express Distribution Delivery Parakou,Transport & Logistique,Parakou,+229 72 10 81 41,,expressdistributiondeliveryparakou.bj,TPE (<10),B2C,Google Maps,3.8,Actif,2026-06-29T00:14:35.692969,moyenne
BJ-A40725A4,Fret,Transport & Logistique,Parakou,+229 27 97 10 33,fret@fret.org,fret.bj,TPE (<10),B2B,Google Maps,3.6,Actif,2026-06-29T00:14:35.692984,haute
BJ-CE0922BB,Express Transit Logistique Parakou,Transport & Logistique,Parakou,+229 89 28 92 48,express.transit.logistique.parakou@express.transit.logistique.parakou.org,expresstransitlogistiqueparakou.bj,PME (10-50),B2B,Google Maps,3.4,Actif,2026-06-29T00:14:35.693002,haute
BJ-43075834,Rapide Messagerie Bénin Parakou,Transport & Logistique,Parakou,+229 60 34 59 74,rapide.messagerie.bénin.parakou@rapide.messagerie.bénin.parakou.com,,PME (50-200),B2B,Google Maps,4.2,Actif,2026-06-29T00:14:35.693018,moyenne
BJ-EF237C96,Transport Distribution Africa Bohicon,Transport & Logistique,Bohicon,+229 67 89 97 10,,transportdistributionafricabohicon.bj,TPE (<10),B2C,Google Maps,4.8,Actif,2026-06-29T00:14:35.693038,moyenne
BJ-18DD1388,Rapide Distribution,Transport & Logistique,Bohicon,+229 32 50 92 66,,,TPE (<10),B2C,Google Maps,4.2,Actif,2026-06-29T00:14:35.693050,basse
BJ-2DDFC980,Route,Transport & Logistique,Bohicon,+229 63 36 35 25,route@route.org,,Grande (>200),B2B,Google Maps,3.5,Actif,2026-06-29T00:14:35.693064,moyenne
BJ-FE2A3384,Delivery Distribution Africa,Transport & Logistique,Bohicon,+229 50 47 35 23,,deliverydistributionafrica.bj,TPE (<10),B2C,Google Maps,3.7,Actif,2026-06-29T00:14:35.693078,moyenne
BJ-E147A60C,Fret Delivery Bohicon,Transport & Logistique,Bohicon,+229 83 36 76 52,,fretdeliverybohicon.bj,PME (10-50),B2C,Google Maps,3.5,Actif,2026-06-29T00:14:35.693091,moyenne
BJ-F006AC54,Aérien,Transport & Logistique,Natitingou,+229 45 80 20 92,aérien@aérien.net,aérien.bj,TPE (<10),B2B,Google Maps,4.0,Actif,2026-06-29T00:14:35.693111,haute
BJ-65FE06A0,Livraison International Natitingou,Transport & Logistique,Natitingou,+229 89 48 13 17,livraison.international.natitingou@livraison.international.natitingou.benin,,TPE (<10),B2B,Google Maps,4.3,Actif,2026-06-29T00:14:35.693129,moyenne
BJ-D607781F,Route,Transport & Logistique,Natitingou,+229 42 24 63 79,route@route.org,,TPE (<10),B2C,Google Maps,3.1,Actif,2026-06-29T00:14:35.693143,moyenne
BJ-A69E5C08,Courrier Bénin,Transport & Logistique,Natitingou,+229 32 29 21 35,,,PME (10-50),B2C,Google Maps,3.0,Actif,2026-06-29T00:14:35.693164,basse
BJ-26816B36,Logistique Rapide Delivery,Transport & Logistique,Natitingou,+229 50 30 42 78,logistique.rapide.delivery@logistique.rapide.delivery.org,logistiquerapidedelivery.bj,TPE (<10),B2C,Google Maps,4.7,Actif,2026-06-29T00:14:35.693181,haute
BJ-7A0A7EC9,Logistique Messagerie,Transport & Logistique,Lokossa,+229 44 22 43 15,logistique.messagerie@logistique.messagerie.org,logistiquemessagerie.bj,PME (50-200),B2B,Google Maps,3.6,Actif,2026-06-29T00:14:35.693205,haute
BJ-F7020671,Groupe Express,Transport & Logistique,Lokossa,+229 53 98 49 96,,,Grande (>200),B2B,Google Maps,3.1,Actif,2026-06-29T00:14:35.693217,basse
BJ-DAECDFCA,Logistique Livraison,Transport & Logistique,Lokossa,+229 25 44 32 12,,,PME (10-50),B2B,Google Maps,4.5,Actif,2026-06-29T00:14:35.693229,basse
BJ-E36B6366,Rapide Distribution,Transport & Logistique,Lokossa,+229 95 88 95 88,,,PME (10-50),B2C,Google Maps,4.3,Actif,2026-06-29T00:14:35.693241,basse
BJ-5E9D0CC9,Maritime Delivery,Transport & Logistique,Lokossa,+229 81 32 36 25,,maritimedelivery.bj,PME (10-50),B2C,Google Maps,3.2,Actif,2026-06-29T00:14:35.693253,moyenne
BJ-97DEF5D1,Rapide Courrier SARL,Transport & Logistique,Ouidah,+229 21 80 59 54,rapide.courrier.sarl@rapide.courrier.sarl.benin,,TPE (<10),B2B,Google Maps,3.8,Actif,2026-06-29T00:14:35.693272,moyenne
BJ-CBD1D035,Livraison International,Transport & Logistique,Ouidah,+229 79 41 22 48,livraison.international@livraison.international.bj,livraisoninternational.bj,PME (50-200),B2B,Google Maps,4.0,Actif,2026-06-29T00:14:35.693286,haute
BJ-E07CE142,Fret,Transport & Logistique,Ouidah,+229 90 10 82 24,,fret.bj,TPE (<10),B2B,Google Maps,4.6,Actif,2026-06-29T00:14:35.693299,moyenne
BJ-E6A03CDF,SARL Urgent,Transport & Logistique,Ouidah,+229 83 99 91 95,sarl.urgent@sarl.urgent.org,sarlurgent.bj,TPE (<10),B2C,Google Maps,3.9,Actif,2026-06-29T00:14:35.693316,haute
BJ-491F7A30,Transport Transit Ouidah,Transport & Logistique,Ouidah,+229 91 56 40 59,,transporttransitouidah.bj,TPE (<10),B2C,Google Maps,3.4,Actif,2026-06-29T00:14:35.693329,moyenne
BJ-BB6FCCC3,Courrier,Transport & Logistique,Savalou,+229 75 55 80 83,,courrier.bj,TPE (<10),B2B,Google Maps,4.2,Actif,2026-06-29T00:14:35.693348,moyenne
BJ-CC890A70,Cargo,Transport & Logistique,Savalou,+229 95 10 87 20,,cargo.bj,Grande (>200),B2B,Google Maps,4.5,Actif,2026-06-29T00:14:35.693361,moyenne
BJ-AFBF494E,SARL Courrier,Transport & Logistique,Savalou,+229 27 21 18 94,sarl.courrier@sarl.courrier.bj,,TPE (<10),B2C,Google Maps,4.5,Actif,2026-06-29T00:14:35.693378,moyenne
BJ-F5A66CA6,Rapide Delivery,Transport & Logistique,Savalou,+229 61 16 62 20,,,PME (50-200),B2C,Google Maps,3.5,Actif,2026-06-29T00:14:35.693390,basse
BJ-E4B69DDD,Aérien Transport,Transport & Logistique,Savalou,+229 41 49 90 96,,,TPE (<10),B2B,Google Maps,5.0,Actif,2026-06-29T00:14:35.693402,basse
BJ-18E652E4,Déménagement,Transport & Logistique,Dassa-Zoumè,+229 78 33 77 95,,déménagement.bj,PME (10-50),B2C,Google Maps,4.7,Actif,2026-06-29T00:14:35.693422,moyenne
BJ-2CB39AF8,Maritime Bénin Dassa-Zoumè,Transport & Logistique,Dassa-Zoumè,+229 28 70 56 92,maritime.bénin.dassazoumè@maritime.bénin.dassazoumè.com,,TPE (<10),B2C,Google Maps,3.1,Actif,2026-06-29T00:14:35.693436,moyenne
BJ-6E52B7F2,Transit Delivery,Transport & Logistique,Dassa-Zoumè,+229 27 64 72 60,,,PME (50-200),B2C,Google Maps,3.4,Actif,2026-06-29T00:14:35.693449,basse
BJ-9246AFA4,Transport Rapide International,Transport & Logistique,Dassa-Zoumè,+229 29 23 20 77,,transportrapideinternational.bj,PME (10-50),B2C,Google Maps,4.3,Actif,2026-06-29T00:14:35.693465,moyenne
BJ-BC9E7EF5,Groupe Distribution,Transport & Logistique,Dassa-Zoumè,+229 68 60 68 48,groupe.distribution@groupe.distribution.com,groupedistribution.bj,PME (10-50),B2C,Google Maps,3.3,Actif,2026-06-29T00:14:35.693479,haute
BJ-B0CDF136,Delivery Déménagement,Transport & Logistique,Kétou,+229 30 27 27 13,,deliverydéménagement.bj,TPE (<10),B2B,Google Maps,3.5,Actif,2026-06-29T00:14:35.693499,moyenne
BJ-84151E40,Livraison Kétou,Transport & Logistique,Kétou,+229 66 45 26 99,livraison.kétou@livraison.kétou.org,,TPE (<10),B2C,Google Maps,3.9,Actif,2026-06-29T00:14:35.693517,moyenne
BJ-3032C372,SARL Route,Transport & Logistique,Kétou,+229 72 91 88 18,,sarlroute.bj,PME (10-50),B2C,Google Maps,3.3,Actif,2026-06-29T00:14:35.693530,moyenne
BJ-16718B45,Aérien,Transport & Logistique,Kétou,+229 78 34 74 30,,,PME (10-50),B2C,Google Maps,3.3,Actif,2026-06-29T00:14:35.693541,basse
BJ-91050338,Delivery Messagerie,Transport & Logistique,Kétou,+229 62 78 33 32,delivery.messagerie@delivery.messagerie.bj,deliverymessagerie.bj,TPE (<10),B2C,Google Maps,4.0,Actif,2026-06-29T00:14:35.693555,haute
BJ-D77F9638,Transport Fret,Transport & Logistique,Covè,+229 66 78 31 85,transport.fret@transport.fret.bj,,PME (10-50),B2B,Google Maps,3.8,Actif,2026-06-29T00:14:35.693574,moyenne
BJ-944BB0FC,Maritime SARL,Transport & Logistique,Covè,+229 85 74 15 46,maritime.sarl@maritime.sarl.org,maritimesarl.bj,PME (50-200),B2C,Google Maps,3.2,Actif,2026-06-29T00:14:35.693588,haute
BJ-4D37DF8D,Delivery Fret Express,Transport & Logistique,Covè,+229 25 37 19 89,,deliveryfretexpress.bj,TPE (<10),B2B,Google Maps,3.2,Actif,2026-06-29T00:14:35.693606,moyenne
BJ-E168C2C7,Rapide Courrier Covè,Transport & Logistique,Covè,+229 32 37 18 80,,rapidecourriercovè.bj,PME (10-50),B2B,Google Maps,4.1,Actif,2026-06-29T00:14:35.693626,moyenne
BJ-AED3E679,Delivery Livraison,Transport & Logistique,Covè,+229 33 61 15 75,delivery.livraison@delivery.livraison.benin,,TPE (<10),B2C,Google Maps,3.9,Actif,2026-06-29T00:14:35.693640,moyenne
BJ-2A69356D,Rapide Fret,Transport & Logistique,Pobè,+229 29 86 23 17,,,TPE (<10),B2C,Google Maps,3.8,Actif,2026-06-29T00:14:35.693658,basse
BJ-56F06070,Maritime,Transport & Logistique,Pobè,+229 95 33 32 19,maritime@maritime.benin,maritime.bj,PME (10-50),B2B,Google Maps,4.4,Actif,2026-06-29T00:14:35.693672,haute
BJ-FCE73C11,Logistique Express,Transport & Logistique,Pobè,+229 42 54 83 52,,,PME (10-50),B2C,Google Maps,4.1,Actif,2026-06-29T00:14:35.693684,basse
BJ-8C3BFABA,Delivery Livraison Africa Pobè,Transport & Logistique,Pobè,+229 68 14 35 68,,deliverylivraisonafricapobè.bj,PME (10-50),B2B,Google Maps,3.7,Actif,2026-06-29T00:14:35.693698,moyenne
BJ-2606D4FD,Route Pobè,Transport & Logistique,Pobè,+229 38 39 64 73,,,PME (50-200),B2C,Google Maps,3.3,Actif,2026-06-29T00:14:35.693709,basse
BJ-36CC6483,SARL Rapide,Transport & Logistique,Sakété,+229 68 27 36 19,sarl.rapide@sarl.rapide.net,sarlrapide.bj,TPE (<10),B2C,Google Maps,3.2,Actif,2026-06-29T00:14:35.693728,haute
BJ-81E1A632,Express Courrier,Transport & Logistique,Sakété,+229 29 82 28 11,express.courrier@express.courrier.bj,expresscourrier.bj,PME (10-50),B2B,Google Maps,3.5,Actif,2026-06-29T00:14:35.693744,haute
BJ-C963940D,Messagerie SARL,Transport & Logistique,Sakété,+229 84 63 34 14,messagerie.sarl@messagerie.sarl.com,messageriesarl.bj,PME (10-50),B2B,Google Maps,3.5,Actif,2026-06-29T00:14:35.693757,haute
BJ-BD7E865F,Cargo Transport,Transport & Logistique,Sakété,+229 90 25 21 19,cargo.transport@cargo.transport.benin,cargotransport.bj,TPE (<10),B2B,Google Maps,4.9,Actif,2026-06-29T00:14:35.693774,haute
BJ-3D601B63,Groupe Cargo SARL Sakété,Transport & Logistique,Sakété,+229 89 59 14 40,groupe.cargo.sarl.sakété@groupe.cargo.sarl.sakété.bj,,TPE (<10),B2B,Google Maps,3.4,Actif,2026-06-29T00:14:35.693790,moyenne
BJ-14575D76,Logistique Courrier International Adjara,Transport & Logistique,Adjara,+229 74 76 50 66,logistique.courrier.international.adjara@logistique.courrier.international.adjara.com,,PME (10-50),B2C,Google Maps,4.5,Actif,2026-06-29T00:14:35.693812,moyenne
BJ-9AB99F55,Logistique Courrier Transport,Transport & Logistique,Adjara,+229 69 97 92 23,logistique.courrier.transport@logistique.courrier.transport.com,,PME (50-200),B2B,Google Maps,3.6,Actif,2026-06-29T00:14:35.693826,moyenne
BJ-9FD9D23F,Logistique Urgent Transport Adjara,Transport & Logistique,Adjara,+229 85 78 85 68,,logistiqueurgenttransportadjara.bj,TPE (<10),B2C,Google Maps,4.2,Actif,2026-06-29T00:14:35.693839,moyenne
BJ-2CA7CE31,Livraison,Transport & Logistique,Adjara,+229 69 51 39 99,livraison@livraison.net,livraison.bj,Grande (>200),B2B,Google Maps,3.3,Actif,2026-06-29T00:14:35.693856,haute
BJ-E7A86760,Groupe Livraison,Transport & Logistique,Adjara,+229 27 66 14 46,groupe.livraison@groupe.livraison.benin,groupelivraison.bj,PME (50-200),B2B,Google Maps,4.0,Actif,2026-06-29T00:14:35.693871,haute
BJ-661BB2F4,Transit Africa,Transport & Logistique,Allada,+229 57 99 11 75,,transitafrica.bj,TPE (<10),B2B,Google Maps,4.0,Actif,2026-06-29T00:14:35.693898,moyenne
BJ-3E374AF8,Delivery Aérien International,Transport & Logistique,Allada,+229 76 15 20 34,,deliveryaérieninternational.bj,TPE (<10),B2C,Google Maps,3.8,Actif,2026-06-29T00:14:35.693915,moyenne
BJ-A8FBE3E9,Express Messagerie Allada,Transport & Logistique,Allada,+229 86 19 80 71,express.messagerie.allada@express.messagerie.allada.net,,PME (50-200),B2B,Google Maps,4.1,Actif,2026-06-29T00:14:35.693929,moyenne
BJ-3BB19418,Delivery Déménagement SARL,Transport & Logistique,Allada,+229 44 61 35 21,delivery.déménagement.sarl@delivery.déménagement.sarl.benin,,PME (50-200),B2B,Google Maps,3.6,Actif,2026-06-29T00:14:35.693946,moyenne
BJ-3D53B2DE,Rapide Transit Logistique,Transport & Logistique,Allada,+229 83 18 92 94,,rapidetransitlogistique.bj,TPE (<10),B2C,Google Maps,4.0,Actif,2026-06-29T00:14:35.693960,moyenne
BJ-884AD46C,Delivery Courrier Express,Transport & Logistique,Aplahoué,+229 65 59 75 44,delivery.courrier.express@delivery.courrier.express.com,deliverycourrierexpress.bj,PME (10-50),B2B,Google Maps,4.8,Actif,2026-06-29T00:14:35.693980,haute
BJ-FB3AEE92,Cargo,Transport & Logistique,Aplahoué,+229 78 43 17 57,,cargo.bj,TPE (<10),B2B,Google Maps,3.2,Actif,2026-06-29T00:14:35.693994,moyenne
BJ-29466532,Maritime,Transport & Logistique,Aplahoué,+229 97 43 83 20,maritime@maritime.benin,,Grande (>200),B2B,Google Maps,3.8,Actif,2026-06-29T00:14:35.694007,moyenne
BJ-C688B88B,Livraison,Transport & Logistique,Aplahoué,+229 69 26 18 35,livraison@livraison.org,,TPE (<10),B2C,Google Maps,3.9,Actif,2026-06-29T00:14:35.694019,moyenne
BJ-B2BFCDAB,Logistique Route,Transport & Logistique,Aplahoué,+229 95 14 27 23,logistique.route@logistique.route.bj,logistiqueroute.bj,PME (50-200),B2C,Google Maps,3.9,Actif,2026-06-29T00:14:35.694033,haute
BJ-8132B309,Route,Transport & Logistique,Dogbo-Tota,+229 87 43 28 56,route@route.bj,,PME (10-50),B2C,Google Maps,4.2,Actif,2026-06-29T00:14:35.694051,moyenne
BJ-5D320DAE,Transport Route Transport,Transport & Logistique,Dogbo-Tota,+229 92 55 41 40,transport.route.transport@transport.route.transport.net,,PME (10-50),B2C,Google Maps,3.7,Actif,2026-06-29T00:14:35.694069,moyenne
BJ-B1E7F5F4,Route International,Transport & Logistique,Dogbo-Tota,+229 63 82 96 89,,routeinternational.bj,Grande (>200),B2B,Google Maps,4.0,Actif,2026-06-29T00:14:35.694081,moyenne
BJ-4389B7BA,Transport Fret Express,Transport & Logistique,Dogbo-Tota,+229 75 47 76 16,transport.fret.express@transport.fret.express.com,,PME (50-200),B2C,Google Maps,5.0,Actif,2026-06-29T00:14:35.694100,moyenne
BJ-7CD0AEBB,Delivery Distribution SARL,Transport & Logistique,Dogbo-Tota,+229 29 75 56 16,delivery.distribution.sarl@delivery.distribution.sarl.bj,deliverydistributionsarl.bj,TPE (<10),B2C,Google Maps,3.3,Actif,2026-06-29T00:14:35.694114,haute
BJ-A9E14F72,Rapide Delivery,Transport & Logistique,Kpomassè,+229 59 97 43 39,rapide.delivery@rapide.delivery.org,rapidedelivery.bj,PME (10-50),B2B,Google Maps,3.3,Actif,2026-06-29T00:14:35.694134,haute
BJ-832728B2,SARL Courrier Kpomassè,Transport & Logistique,Kpomassè,+229 76 19 69 78,,,PME (10-50),B2B,Google Maps,3.9,Actif,2026-06-29T00:14:35.694146,basse
BJ-872BE2F7,Transport Cargo,Transport & Logistique,Kpomassè,+229 70 10 48 12,transport.cargo@transport.cargo.com,,TPE (<10),B2C,Google Maps,4.7,Actif,2026-06-29T00:14:35.694159,moyenne
BJ-1E5B6D09,Logistique Courrier,Transport & Logistique,Kpomassè,+229 71 15 97 97,logistique.courrier@logistique.courrier.com,,TPE (<10),B2C,Google Maps,3.9,Actif,2026-06-29T00:14:35.694172,moyenne
BJ-B52DC47C,Express Transport,Transport & Logistique,Kpomassè,+229 90 31 48 56,express.transport@express.transport.org,expresstransport.bj,PME (10-50),B2C,Google Maps,3.7,Actif,2026-06-29T00:14:35.694185,haute
BJ-12D4B702,Delivery Fret Logistique Tori-Bossito,Transport & Logistique,Tori-Bossito,+229 35 79 71 56,delivery.fret.logistique.toribossito@delivery.fret.logistique.toribossito.net,deliveryfretlogistiquetoribossito.bj,PME (50-200),B2C,Google Maps,3.7,Actif,2026-06-29T00:14:35.694205,haute
BJ-5C790C20,Déménagement,Transport & Logistique,Tori-Bossito,+229 67 92 34 55,déménagement@déménagement.bj,déménagement.bj,TPE (<10),B2C,Google Maps,3.1,Actif,2026-06-29T00:14:35.694220,haute
BJ-FBF9B6DB,Aérien,Transport & Logistique,Tori-Bossito,+229 66 91 91 68,aérien@aérien.benin,,PME (50-200),B2C,Google Maps,4.1,Actif,2026-06-29T00:14:35.694234,moyenne
BJ-0605738A,Maritime Bénin,Transport & Logistique,Tori-Bossito,+229 65 28 23 16,,maritimebénin.bj,PME (10-50),B2B,Google Maps,4.5,Actif,2026-06-29T00:14:35.694250,moyenne
BJ-9C47E23D,Courrier,Transport & Logistique,Tori-Bossito,+229 88 86 13 16,courrier@courrier.net,,PME (50-200),B2C,Google Maps,3.2,Actif,2026-06-29T00:14:35.694263,moyenne
BJ-5D0076A4,Express,Transport & Logistique,Grand-Popo,+229 98 41 32 89,express@express.com,express.bj,TPE (<10),B2B,Google Maps,3.8,Actif,2026-06-29T00:14:35.694283,haute
BJ-C11D929E,Rapide,Transport & Logistique,Grand-Popo,+229 74 13 87 29,rapide@rapide.com,,PME (50-200),B2C,Google Maps,3.3,Actif,2026-06-29T00:14:35.694296,moyenne
BJ-3458C9F9,Delivery Route Grand-Popo,Transport & Logistique,Grand-Popo,+229 83 76 80 57,delivery.route.grandpopo@delivery.route.grandpopo.benin,,PME (10-50),B2B,Google Maps,4.2,Actif,2026-06-29T00:14:35.694309,moyenne
BJ-71144C74,Déménagement Transport,Transport & Logistique,Grand-Popo,+229 76 79 96 13,,,PME (50-200),B2C,Google Maps,4.7,Actif,2026-06-29T00:14:35.694321,basse
BJ-1AA6B8FB,Distribution Express,Transport & Logistique,Grand-Popo,+229 63 65 45 75,distribution.express@distribution.express.bj,distributionexpress.bj,PME (10-50),B2B,Google Maps,4.2,Actif,2026-06-29T00:14:35.694337,haute
BJ-C680DC73,Livraison,Transport & Logistique,Athiémé,+229 25 91 13 94,livraison@livraison.com,,TPE (<10),B2B,Google Maps,3.3,Actif,2026-06-29T00:14:35.694356,moyenne
BJ-F097815C,Rapide Express,Transport & Logistique,Athiémé,+229 52 49 94 93,,rapideexpress.bj,PME (10-50),B2C,Google Maps,3.1,Actif,2026-06-29T00:14:35.694369,moyenne
BJ-AAAEE094,Express Logistique,Transport & Logistique,Athiémé,+229 89 86 91 82,express.logistique@express.logistique.benin,expresslogistique.bj,PME (10-50),B2B,Google Maps,4.3,Actif,2026-06-29T00:14:35.694382,haute
BJ-B2DD2081,Groupe Route,Transport & Logistique,Athiémé,+229 63 72 88 44,groupe.route@groupe.route.net,,TPE (<10),B2B,Google Maps,3.4,Actif,2026-06-29T00:14:35.694398,moyenne
BJ-21DC807A,Transit,Transport & Logistique,Athiémé,+229 28 18 86 15,,transit.bj,TPE (<10),B2B,Google Maps,3.4,Actif,2026-06-29T00:14:35.694411,moyenne
BJ-50801DA9,Fret,Transport & Logistique,Bopa,+229 34 36 83 86,fret@fret.bj,,TPE (<10),B2B,Google Maps,3.4,Actif,2026-06-29T00:14:35.694430,moyenne
BJ-BAB6740E,Distribution Express,Transport & Logistique,Bopa,+229 43 94 52 14,,,TPE (<10),B2B,Google Maps,3.6,Actif,2026-06-29T00:14:35.694456,basse
BJ-47F0AE8B,Urgent,Transport & Logistique,Bopa,+229 88 28 23 67,urgent@urgent.net,,PME (10-50),B2B,Google Maps,4.9,Actif,2026-06-29T00:14:35.694487,moyenne
BJ-A1B2D90D,Express Maritime,Transport & Logistique,Bopa,+229 93 32 25 47,,expressmaritime.bj,Grande (>200),B2B,Google Maps,3.1,Actif,2026-06-29T00:14:35.694515,moyenne
BJ-0C42BDE8,Transport Messagerie Delivery,Transport & Logistique,Bopa,+229 65 86 55 50,transport.messagerie.delivery@transport.messagerie.delivery.bj,transportmessageriedelivery.bj,TPE (<10),B2C,Google Maps,4.5,Actif,2026-06-29T00:14:35.694546,haute
BJ-49945C16,Maritime Express,Transport & Logistique,Houéyogbé,+229 66 86 27 20,maritime.express@maritime.express.com,,PME (10-50),B2B,Google Maps,4.3,Actif,2026-06-29T00:14:35.694584,moyenne
BJ-C71950D3,Déménagement,Transport & Logistique,Houéyogbé,+229 30 67 35 85,déménagement@déménagement.com,déménagement.bj,PME (50-200),B2C,Google Maps,4.9,Actif,2026-06-29T00:14:35.694618,haute
BJ-1A46A4F8,Transport Aérien Transport,Transport & Logistique,Houéyogbé,+229 25 47 94 85,transport.aérien.transport@transport.aérien.transport.benin,,TPE (<10),B2C,Google Maps,3.5,Actif,2026-06-29T00:14:35.694650,moyenne
BJ-6C9A7EF0,Delivery Livraison,Transport & Logistique,Houéyogbé,+229 70 57 25 89,delivery.livraison@delivery.livraison.org,deliverylivraison.bj,PME (10-50),B2C,Google Maps,4.0,Actif,2026-06-29T00:14:35.694689,haute
BJ-2D82F8CE,SARL Urgent Express Houéyogbé,Transport & Logistique,Houéyogbé,+229 67 59 85 49,,,PME (50-200),B2C,Google Maps,3.4,Actif,2026-06-29T00:14:35.694717,basse
BJ-180C9E9E,Aérien Africa,Transport & Logistique,Malanville,+229 69 63 41 38,,,TPE (<10),B2B,Google Maps,4.4,Actif,2026-06-29T00:14:35.694751,basse
BJ-BB994472,Déménagement Bénin,Transport & Logistique,Malanville,+229 44 91 88 10,déménagement.bénin@déménagement.bénin.net,,PME (10-50),B2B,Google Maps,4.4,Actif,2026-06-29T00:14:35.694777,moyenne
BJ-B1AAD831,Delivery Rapide,Transport & Logistique,Malanville,+229 99 14 37 16,,,TPE (<10),B2B,Google Maps,4.2,Actif,2026-06-29T00:14:35.694798,basse
BJ-ACBF76AC,SARL Maritime International,Transport & Logistique,Malanville,+229 30 20 71 60,,,PME (50-200),B2B,Google Maps,3.8,Actif,2026-06-29T00:14:35.694818,basse
BJ-BCF193C4,Cargo,Transport & Logistique,Malanville,+229 79 29 47 84,,cargo.bj,PME (10-50),B2C,Google Maps,4.0,Actif,2026-06-29T00:14:35.694841,moyenne
BJ-74E922C6,Rapide Aérien Kandi,Transport & Logistique,Kandi,+229 72 78 21 60,,rapideaérienkandi.bj,TPE (<10),B2B,Google Maps,3.5,Actif,2026-06-29T00:14:35.694878,moyenne
BJ-B48A54E8,Déménagement Bénin,Transport & Logistique,Kandi,+229 84 81 46 58,,,PME (10-50),B2B,Google Maps,4.5,Actif,2026-06-29T00:14:35.694914,basse
BJ-70D61C95,Transport Urgent,Transport & Logistique,Kandi,+229 60 19 58 22,transport.urgent@transport.urgent.org,,PME (10-50),B2C,Google Maps,3.7,Actif,2026-06-29T00:14:35.694940,moyenne
BJ-1A82770D,Rapide,Transport & Logistique,Kandi,+229 79 65 70 78,rapide@rapide.com,rapide.bj,PME (10-50),B2B,Google Maps,4.9,Actif,2026-06-29T00:14:35.694972,haute
BJ-68CFAEF2,Livraison SARL Kandi,Transport & Logistique,Kandi,+229 80 81 81 47,livraison.sarl.kandi@livraison.sarl.kandi.bj,livraisonsarlkandi.bj,TPE (<10),B2C,Google Maps,4.7,Actif,2026-06-29T00:14:35.694998,haute
BJ-5501669F,Déménagement,Transport & Logistique,Banikoara,+229 76 23 19 54,déménagement@déménagement.bj,,PME (10-50),B2B,Google Maps,4.4,Actif,2026-06-29T00:14:35.695062,moyenne
BJ-27CC8488,Fret,Transport & Logistique,Banikoara,+229 67 16 73 96,fret@fret.org,,PME (50-200),B2C,Google Maps,4.2,Actif,2026-06-29T00:14:35.695088,moyenne
BJ-12EB4CCC,Distribution,Transport & Logistique,Banikoara,+229 50 69 97 71,,,PME (50-200),B2B,Google Maps,3.9,Actif,2026-06-29T00:14:35.695113,basse
BJ-9CFBA322,Aérien,Transport & Logistique,Banikoara,+229 65 15 30 76,aérien@aérien.bj,aérien.bj,PME (10-50),B2C,Google Maps,4.7,Actif,2026-06-29T00:14:35.695141,haute
BJ-5584FBB8,Logistique Déménagement Delivery Banikoara,Transport & Logistique,Banikoara,+229 37 64 18 42,logistique.déménagement.delivery.banikoara@logistique.déménagement.delivery.banikoara.net,,Grande (>200),B2C,Google Maps,3.6,Actif,2026-06-29T00:14:35.695171,moyenne
BJ-4DC6F4A8,Groupe Livraison Express,Transport & Logistique,Ségbana,+229 66 37 10 52,,,PME (50-200),B2C,Google Maps,4.9,Actif,2026-06-29T00:14:35.695203,basse
BJ-4963C8C4,Distribution Africa Ségbana,Transport & Logistique,Ségbana,+229 81 70 91 68,,distributionafricaségbana.bj,TPE (<10),B2B,Google Maps,4.0,Actif,2026-06-29T00:14:35.695229,moyenne
BJ-70387B7D,Courrier,Transport & Logistique,Ségbana,+229 30 20 32 50,,courrier.bj,TPE (<10),B2B,Google Maps,3.5,Actif,2026-06-29T00:14:35.695271,moyenne
BJ-6D1E99F1,Livraison Ségbana,Transport & Logistique,Ségbana,+229 28 84 85 95,livraison.ségbana@livraison.ségbana.org,livraisonségbana.bj,TPE (<10),B2C,Google Maps,4.2,Actif,2026-06-29T00:14:35.695320,haute
BJ-D5F91B77,Logistique Fret Bénin,Transport & Logistique,Ségbana,+229 40 63 87 48,logistique.fret.bénin@logistique.fret.bénin.benin,,Grande (>200),B2C,Google Maps,4.8,Actif,2026-06-29T00:14:35.695354,moyenne
BJ-985A106A,SARL Courrier Logistique Karimama,Transport & Logistique,Karimama,+229 46 67 28 58,,sarlcourrierlogistiquekarimama.bj,PME (10-50),B2C,Google Maps,4.3,Actif,2026-06-29T00:14:35.695394,moyenne
BJ-376F9CC4,Groupe Express Africa Karimama,Transport & Logistique,Karimama,+229 96 62 55 28,,groupeexpressafricakarimama.bj,PME (50-200),B2B,Google Maps,4.7,Actif,2026-06-29T00:14:35.695425,moyenne
BJ-70790687,Transport Transit,Transport & Logistique,Karimama,+229 46 48 27 99,transport.transit@transport.transit.net,,PME (50-200),B2B,Google Maps,4.2,Actif,2026-06-29T00:14:35.695454,moyenne
BJ-DFB24568,Logistique Cargo Delivery,Transport & Logistique,Karimama,+229 31 94 92 78,,logistiquecargodelivery.bj,TPE (<10),B2B,Google Maps,4.6,Actif,2026-06-29T00:14:35.695486,moyenne
BJ-72467D37,Rapide Express Transport,Transport & Logistique,Karimama,+229 50 41 29 11,,,PME (10-50),B2B,Google Maps,3.6,Actif,2026-06-29T00:14:35.695516,basse
BJ-17707C86,Cargo,Transport & Logistique,Gogounou,+229 83 39 24 41,,,PME (50-200),B2C,Google Maps,4.0,Actif,2026-06-29T00:14:35.695562,basse
BJ-95D13A57,Distribution,Transport & Logistique,Gogounou,+229 33 75 65 98,distribution@distribution.benin,distribution.bj,PME (10-50),B2C,Google Maps,3.2,Actif,2026-06-29T00:14:35.695596,haute
BJ-55EC1D44,Maritime Express,Transport & Logistique,Gogounou,+229 70 24 20 89,maritime.express@maritime.express.bj,maritimeexpress.bj,PME (10-50),B2B,Google Maps,3.5,Actif,2026-06-29T00:14:35.695628,haute
BJ-D94E598C,Logistique Urgent International,Transport & Logistique,Gogounou,+229 22 62 15 90,,logistiqueurgentinternational.bj,PME (50-200),B2C,Google Maps,3.6,Actif,2026-06-29T00:14:35.695660,moyenne
BJ-AED291DF,SARL Urgent,Transport & Logistique,Gogounou,+229 43 74 88 15,sarl.urgent@sarl.urgent.org,,TPE (<10),B2C,Google Maps,3.2,Actif,2026-06-29T00:14:35.695694,moyenne
BJ-F7739277,Logistique Maritime,Transport & Logistique,Cobly,+229 44 33 31 40,logistique.maritime@logistique.maritime.com,,TPE (<10),B2B,Google Maps,4.6,Actif,2026-06-29T00:14:35.695740,moyenne
BJ-6AED5745,Transit,Transport & Logistique,Cobly,+229 29 90 70 88,,transit.bj,TPE (<10),B2C,Google Maps,4.7,Actif,2026-06-29T00:14:35.695774,moyenne
BJ-86AB32C5,Fret,Transport & Logistique,Cobly,+229 95 20 48 98,fret@fret.org,fret.bj,PME (10-50),B2C,Google Maps,3.9,Actif,2026-06-29T00:14:35.695809,haute
BJ-10D5A022,Distribution SARL,Transport & Logistique,Cobly,+229 60 70 28 52,,,PME (50-200),B2C,Google Maps,4.1,Actif,2026-06-29T00:14:35.695846,basse
BJ-7BEB6C44,Express Transit International,Transport & Logistique,Cobly,+229 85 91 71 58,express.transit.international@express.transit.international.net,,PME (50-200),B2B,Google Maps,4.9,Actif,2026-06-29T00:14:35.695934,moyenne
BJ-BBBD6838,SARL Distribution Express,Transport & Logistique,Tanguiéta,+229 77 30 68 37,sarl.distribution.express@sarl.distribution.express.benin,sarldistributionexpress.bj,Grande (>200),B2C,Google Maps,3.3,Actif,2026-06-29T00:14:35.695993,haute
BJ-2B384D53,Maritime Express,Transport & Logistique,Tanguiéta,+229 98 16 82 67,maritime.express@maritime.express.net,,PME (10-50),B2B,Google Maps,4.7,Actif,2026-06-29T00:14:35.696038,moyenne
BJ-DA95DF00,Transport Déménagement,Transport & Logistique,Tanguiéta,+229 96 89 60 45,transport.déménagement@transport.déménagement.org,,TPE (<10),B2C,Google Maps,3.1,Actif,2026-06-29T00:14:35.696060,moyenne
BJ-79AA1BFC,Groupe Fret Bénin,Transport & Logistique,Tanguiéta,+229 38 97 43 92,,groupefretbénin.bj,PME (50-200),B2B,Google Maps,4.8,Actif,2026-06-29T00:14:35.696085,moyenne
BJ-28BE8D34,Rapide Déménagement International,Transport & Logistique,Tanguiéta,+229 49 81 18 76,rapide.déménagement.international@rapide.déménagement.international.com,,PME (10-50),B2B,Google Maps,4.4,Actif,2026-06-29T00:14:35.696119,moyenne
BJ-55B40F09,Déménagement Delivery,Transport & Logistique,Matéri,+229 73 96 28 34,,,PME (10-50),B2B,Google Maps,4.6,Actif,2026-06-29T00:14:35.696163,basse
BJ-4F27D812,Express Déménagement,Transport & Logistique,Matéri,+229 24 55 29 54,express.déménagement@express.déménagement.benin,expressdéménagement.bj,PME (50-200),B2C,Google Maps,4.6,Actif,2026-06-29T00:14:35.696195,haute
BJ-0A8B9FF9,Transport Déménagement International,Transport & Logistique,Matéri,+229 83 18 88 46,,,TPE (<10),B2B,Google Maps,4.2,Actif,2026-06-29T00:14:35.696229,basse
BJ-83AD196D,Messagerie Express,Transport & Logistique,Matéri,+229 82 36 82 89,,,PME (10-50),B2B,Google Maps,3.9,Actif,2026-06-29T00:14:35.696252,basse
BJ-BA8AE9EA,Logistique Messagerie Logistique,Transport & Logistique,Matéri,+229 27 55 14 35,logistique.messagerie.logistique@logistique.messagerie.logistique.bj,logistiquemessagerielogistique.bj,PME (10-50),B2B,Google Maps,4.5,Actif,2026-06-29T00:14:35.696283,haute
BJ-1274DF03,Livraison,Transport & Logistique,Natitingou,+229 33 21 91 13,livraison@livraison.net,,PME (10-50),B2C,Google Maps,5.0,Actif,2026-06-29T00:14:35.696329,moyenne
BJ-B204CC38,Rapide Urgent,Transport & Logistique,Natitingou,+229 36 76 59 39,,,PME (50-200),B2B,Google Maps,5.0,Actif,2026-06-29T00:14:35.696393,basse
BJ-FBA32044,Transport Maritime,Transport & Logistique,Natitingou,+229 89 71 22 98,,transportmaritime.bj,Grande (>200),B2B,Google Maps,4.9,Actif,2026-06-29T00:14:35.696428,moyenne
BJ-57DD4C46,Distribution,Transport & Logistique,Natitingou,+229 64 80 57 94,distribution@distribution.net,distribution.bj,PME (10-50),B2C,Google Maps,3.0,Actif,2026-06-29T00:14:35.696471,haute
BJ-99B95414,Express SARL,Transport & Logistique,Natitingou,+229 79 68 96 55,,,TPE (<10),B2B,Google Maps,4.1,Actif,2026-06-29T00:14:35.696512,basse
BJ-A23E116B,Urgent,Transport & Logistique,Toucountouna,+229 28 31 64 38,,,PME (50-200),B2C,Google Maps,3.6,Actif,2026-06-29T00:14:35.696572,basse
BJ-D1CA2D33,Distribution,Transport & Logistique,Toucountouna,+229 30 42 99 18,,,TPE (<10),B2B,Google Maps,3.7,Actif,2026-06-29T00:14:35.696615,basse
BJ-264D10B5,Rapide,Transport & Logistique,Toucountouna,+229 57 96 87 77,,rapide.bj,PME (50-200),B2B,Google Maps,3.7,Actif,2026-06-29T00:14:35.696654,moyenne
BJ-345625DF,Delivery Transit Africa Toucountouna,Transport & Logistique,Toucountouna,+229 33 65 71 79,delivery.transit.africa.toucountouna@delivery.transit.africa.toucountouna.benin,deliverytransitafricatoucountouna.bj,TPE (<10),B2B,Google Maps,3.6,Actif,2026-06-29T00:14:35.696692,haute
BJ-5EE7064A,Rapide Maritime International,Transport & Logistique,Toucountouna,+229 45 54 85 22,,rapidemaritimeinternational.bj,TPE (<10),B2C,Google Maps,4.5,Actif,2026-06-29T00:14:35.696725,moyenne
BJ-2E31C7E9,Groupe Distribution SARL,Transport & Logistique,Boukoumbé,+229 95 44 77 75,groupe.distribution.sarl@groupe.distribution.sarl.benin,,TPE (<10),B2C,Google Maps,4.9,Actif,2026-06-29T00:14:35.696784,moyenne
BJ-2B5D35F6,Groupe Route,Transport & Logistique,Boukoumbé,+229 25 27 80 38,groupe.route@groupe.route.benin,grouperoute.bj,PME (10-50),B2B,Google Maps,4.3,Actif,2026-06-29T00:14:35.696816,haute
BJ-AEB3BA63,Cargo,Transport & Logistique,Boukoumbé,+229 57 30 34 31,,cargo.bj,TPE (<10),B2B,Google Maps,3.7,Actif,2026-06-29T00:14:35.696847,moyenne
BJ-D6A7D378,SARL Rapide Boukoumbé,Transport & Logistique,Boukoumbé,+229 20 62 57 64,,sarlrapideboukoumbé.bj,PME (50-200),B2C,Google Maps,4.1,Actif,2026-06-29T00:14:35.696905,moyenne
BJ-DAE48462,Rapide Maritime Express Boukoumbé,Transport & Logistique,Boukoumbé,+229 66 21 29 73,rapide.maritime.express.boukoumbé@rapide.maritime.express.boukoumbé.com,,PME (50-200),B2C,Google Maps,3.2,Actif,2026-06-29T00:14:35.696949,moyenne
BJ-8DC07031,Cargo Kouandé,Transport & Logistique,Kouandé,+229 92 43 90 47,cargo.kouandé@cargo.kouandé.bj,cargokouandé.bj,TPE (<10),B2C,Google Maps,4.7,Actif,2026-06-29T00:14:35.696997,haute
BJ-8477609F,Livraison,Transport & Logistique,Kouandé,+229 25 20 50 12,,,PME (10-50),B2C,Google Maps,4.8,Actif,2026-06-29T00:14:35.697026,basse
BJ-0AB9B8AB,Transport Fret,Transport & Logistique,Kouandé,+229 64 90 70 53,transport.fret@transport.fret.benin,,PME (10-50),B2B,Google Maps,4.9,Actif,2026-06-29T00:14:35.697057,moyenne
BJ-12EE3594,Rapide Route,Transport & Logistique,Kouandé,+229 62 26 15 68,rapide.route@rapide.route.bj,,TPE (<10),B2B,Google Maps,3.4,Actif,2026-06-29T00:14:35.697086,moyenne
BJ-41F6F62C,Rapide Courrier Delivery,Transport & Logistique,Kouandé,+229 96 57 38 14,rapide.courrier.delivery@rapide.courrier.delivery.net,rapidecourrierdelivery.bj,Grande (>200),B2B,Google Maps,4.7,Actif,2026-06-29T00:14:35.697119,haute
BJ-D13D3CB8,SARL Maritime,Transport & Logistique,Péhunco,+229 82 36 35 21,,sarlmaritime.bj,PME (10-50),B2B,Google Maps,4.3,Actif,2026-06-29T00:14:35.697164,moyenne
BJ-222432F0,Cargo Péhunco,Transport & Logistique,Péhunco,+229 20 52 63 93,cargo.péhunco@cargo.péhunco.org,cargopéhunco.bj,TPE (<10),B2B,Google Maps,3.8,Actif,2026-06-29T00:14:35.697197,haute
BJ-6B8F7872,Delivery Livraison,Transport & Logistique,Péhunco,+229 60 32 69 50,,,PME (50-200),B2C,Google Maps,3.8,Actif,2026-06-29T00:14:35.697238,basse
BJ-F8E3BC79,Messagerie,Transport & Logistique,Péhunco,+229 87 58 34 83,,,TPE (<10),B2B,Google Maps,4.3,Actif,2026-06-29T00:14:35.697278,basse
BJ-5CDCFD69,Livraison Delivery,Transport & Logistique,Péhunco,+229 79 57 51 17,,,PME (10-50),B2B,Google Maps,3.1,Actif,2026-06-29T00:14:35.697310,basse
BJ-F3000B3B,Cargo Logistique,Transport & Logistique,Tchaourou,+229 45 25 33 56,cargo.logistique@cargo.logistique.bj,,PME (10-50),B2C,Google Maps,4.8,Actif,2026-06-29T00:14:35.697357,moyenne
BJ-81E002E7,Express Fret,Transport & Logistique,Tchaourou,+229 36 67 78 26,express.fret@express.fret.bj,expressfret.bj,PME (50-200),B2B,Google Maps,3.5,Actif,2026-06-29T00:14:35.697391,haute
BJ-1A7D1CAC,Déménagement International Tchaourou,Transport & Logistique,Tchaourou,+229 58 86 72 94,déménagement.international.tchaourou@déménagement.international.tchaourou.com,,PME (50-200),B2B,Google Maps,3.0,Actif,2026-06-29T00:14:35.697426,moyenne
BJ-70A7B20D,Fret Express,Transport & Logistique,Tchaourou,+229 39 51 55 60,fret.express@fret.express.net,fretexpress.bj,TPE (<10),B2C,Google Maps,3.7,Actif,2026-06-29T00:14:35.697468,haute
BJ-E855C64C,Groupe Fret International,Transport & Logistique,Tchaourou,+229 68 98 23 46,,,TPE (<10),B2B,Google Maps,4.5,Actif,2026-06-29T00:14:35.697501,basse
BJ-BA441BA6,Aérien Transport,Transport & Logistique,Nikki,+229 94 27 76 40,aérien.transport@aérien.transport.net,,PME (50-200),B2B,Google Maps,4.2,Actif,2026-06-29T00:14:35.697548,moyenne
BJ-13E47FE3,Fret Africa,Transport & Logistique,Nikki,+229 44 90 81 86,fret.africa@fret.africa.bj,,TPE (<10),B2C,Google Maps,3.7,Actif,2026-06-29T00:14:35.697607,moyenne
BJ-BF1C8E24,Express International,Transport & Logistique,Nikki,+229 69 10 53 37,express.international@express.international.com,,PME (10-50),B2C,Google Maps,4.5,Actif,2026-06-29T00:14:35.697638,moyenne
BJ-6AFDD842,Transport Messagerie,Transport & Logistique,Nikki,+229 88 44 41 59,transport.messagerie@transport.messagerie.bj,,TPE (<10),B2C,Google Maps,4.8,Actif,2026-06-29T00:14:35.697678,moyenne
BJ-78E512E8,Fret Nikki,Transport & Logistique,Nikki,+229 49 54 32 90,,fretnikki.bj,PME (10-50),B2C,Google Maps,4.6,Actif,2026-06-29T00:14:35.697711,moyenne
BJ-CF9E0EB6,Logistique Transit Africa,Transport & Logistique,Bembéréké,+229 56 82 69 94,,logistiquetransitafrica.bj,PME (10-50),B2C,Google Maps,4.0,Actif,2026-06-29T00:14:35.697760,moyenne
BJ-2C3C1461,Logistique Route Bembéréké,Transport & Logistique,Bembéréké,+229 53 59 65 40,logistique.route.bembéréké@logistique.route.bembéréké.benin,logistiqueroutebembéréké.bj,TPE (<10),B2B,Google Maps,4.6,Actif,2026-06-29T00:14:35.697799,haute
BJ-A3C4623D,Express Maritime,Transport & Logistique,Bembéréké,+229 96 26 47 93,express.maritime@express.maritime.benin,expressmaritime.bj,Grande (>200),B2C,Google Maps,4.6,Actif,2026-06-29T00:14:35.697833,haute
BJ-31B21F95,Transport Déménagement SARL,Transport & Logistique,Bembéréké,+229 74 83 58 67,transport.déménagement.sarl@transport.déménagement.sarl.com,,TPE (<10),B2B,Google Maps,4.5,Actif,2026-06-29T00:14:35.697872,moyenne
BJ-62394C2E,Logistique Cargo International,Transport & Logistique,Bembéréké,+229 54 64 25 54,logistique.cargo.international@logistique.cargo.international.com,,PME (10-50),B2B,Google Maps,4.4,Actif,2026-06-29T00:14:35.697927,moyenne
BJ-415BFC75,Déménagement,Transport & Logistique,Kalalé,+229 50 88 95 31,,,PME (10-50),B2B,Google Maps,5.0,Actif,2026-06-29T00:14:35.697976,basse
BJ-AAB9BA60,Aérien Delivery,Transport & Logistique,Kalalé,+229 76 40 29 69,aérien.delivery@aérien.delivery.benin,aériendelivery.bj,Grande (>200),B2C,Google Maps,3.9,Actif,2026-06-29T00:14:35.698011,haute
BJ-8D22D3CA,Groupe Cargo Delivery Kalalé,Transport & Logistique,Kalalé,+229 59 29 48 79,,,TPE (<10),B2B,Google Maps,3.5,Actif,2026-06-29T00:14:35.698040,basse
BJ-E68A6B8F,Urgent,Transport & Logistique,Kalalé,+229 49 75 19 99,,,PME (50-200),B2B,Google Maps,3.6,Actif,2026-06-29T00:14:35.698072,basse
BJ-8F8373D0,Logistique Fret Express,Transport & Logistique,Kalalé,+229 46 61 96 67,logistique.fret.express@logistique.fret.express.com,,PME (50-200),B2C,Google Maps,3.4,Actif,2026-06-29T00:14:35.698107,moyenne
BJ-42341061,Express Transport,Transport & Logistique,Ndali,+229 49 62 61 23,express.transport@express.transport.org,expresstransport.bj,TPE (<10),B2C,Google Maps,3.4,Actif,2026-06-29T00:14:35.698153,haute
BJ-8F92BE23,Transport Courrier,Transport & Logistique,Ndali,+229 62 37 99 89,transport.courrier@transport.courrier.net,,TPE (<10),B2C,Google Maps,4.3,Actif,2026-06-29T00:14:35.698188,moyenne
BJ-C6DA7A82,Delivery Aérien Africa,Transport & Logistique,Ndali,+229 67 44 60 32,delivery.aérien.africa@delivery.aérien.africa.org,deliveryaérienafrica.bj,PME (10-50),B2C,Google Maps,3.4,Actif,2026-06-29T00:14:35.698230,haute
BJ-8FF26FE5,Groupe Aérien International,Transport & Logistique,Ndali,+229 73 99 57 74,groupe.aérien.international@groupe.aérien.international.org,,PME (10-50),B2B,Google Maps,4.9,Actif,2026-06-29T00:14:35.698290,moyenne
BJ-145462F2,Déménagement Bénin,Transport & Logistique,Ségbana,+229 51 95 50 89,,déménagementbénin.bj,TPE (<10),B2C,Google Maps,4.7,Actif,2026-06-29T00:14:35.698334,moyenne
BJ-4BF02B4E,Livraison Logistique Ségbana,Transport & Logistique,Ségbana,+229 74 54 69 33,livraison.logistique.ségbana@livraison.logistique.ségbana.bj,livraisonlogistiqueségbana.bj,Grande (>200),B2C,Google Maps,4.7,Actif,2026-06-29T00:14:35.698362,haute
BJ-FD535C58,Express Déménagement Ségbana,Transport & Logistique,Ségbana,+229 70 10 75 81,,,TPE (<10),B2B,Google Maps,4.0,Actif,2026-06-29T00:14:35.698383,basse
BJ-E4928836,Groupe Fret Logistique Ségbana,Transport & Logistique,Ségbana,+229 27 15 43 71,,,TPE (<10),B2B,Google Maps,3.6,Actif,2026-06-29T00:14:35.698412,basse
BJ-908C0A18,Groupe Déménagement Transport,Transport & Logistique,Ségbana,+229 43 95 68 16,,groupedéménagementtransport.bj,TPE (<10),B2B,Google Maps,3.1,Actif,2026-06-29T00:14:35.698437,moyenne
BJ-C00E4943,Aérien International,Transport & Logistique,Tchaourou,+229 65 51 40 44,aérien.international@aérien.international.bj,,PME (10-50),B2B,Google Maps,4.9,Actif,2026-06-29T00:14:35.698478,moyenne
BJ-EE6E5923,Groupe Distribution Bénin,Transport & Logistique,Tchaourou,+229 67 78 32 22,groupe.distribution.bénin@groupe.distribution.bénin.net,groupedistributionbénin.bj,PME (50-200),B2C,Google Maps,3.2,Actif,2026-06-29T00:14:35.698511,haute
BJ-92A4EE36,Messagerie Express,Transport & Logistique,Tchaourou,+229 75 50 33 31,messagerie.express@messagerie.express.org,messagerieexpress.bj,PME (10-50),B2B,Google Maps,3.5,Actif,2026-06-29T00:14:35.698546,haute
BJ-EDD9CAE6,Distribution SARL,Transport & Logistique,Tchaourou,+229 32 17 77 47,distribution.sarl@distribution.sarl.net,distributionsarl.bj,PME (10-50),B2B,Google Maps,3.2,Actif,2026-06-29T00:14:35.698570,haute
BJ-C72F889A,Logistique Cargo,Transport & Logistique,Bétérou,+229 40 68 15 63,logistique.cargo@logistique.cargo.com,logistiquecargo.bj,TPE (<10),B2C,Google Maps,4.7,Actif,2026-06-29T00:14:35.698647,haute
BJ-A9090A66,Maritime,Transport & Logistique,Bétérou,+229 83 92 69 38,,maritime.bj,Grande (>200),B2B,Google Maps,4.5,Actif,2026-06-29T00:14:35.698678,moyenne
BJ-95A6314B,Livraison,Transport & Logistique,Bétérou,+229 76 43 36 97,,livraison.bj,PME (10-50),B2C,Google Maps,3.5,Actif,2026-06-29T00:14:35.698710,moyenne
BJ-3D287A81,Transport Urgent,Transport & Logistique,Bétérou,+229 53 56 83 75,transport.urgent@transport.urgent.bj,,TPE (<10),B2C,Google Maps,3.1,Actif,2026-06-29T00:14:35.698765,moyenne
BJ-20203C74,Cargo,Transport & Logistique,Bétérou,+229 39 69 62 28,,,PME (10-50),B2B,Google Maps,3.1,Actif,2026-06-29T00:14:35.698791,basse
BJ-320734F1,Livraison Delivery,Transport & Logistique,Ouessè,+229 48 50 69 87,livraison.delivery@livraison.delivery.bj,livraisondelivery.bj,PME (10-50),B2C,Google Maps,3.3,Actif,2026-06-29T00:14:35.698845,haute
BJ-2FE05DFC,Transport Route,Transport & Logistique,Ouessè,+229 53 30 79 26,,transportroute.bj,PME (10-50),B2C,Google Maps,3.4,Actif,2026-06-29T00:14:35.698876,moyenne
BJ-5EB2EABE,Express Transport Ouessè,Transport & Logistique,Ouessè,+229 39 44 58 53,express.transport.ouessè@express.transport.ouessè.com,,TPE (<10),B2C,Google Maps,4.2,Actif,2026-06-29T00:14:35.698931,moyenne
BJ-54D8D36E,Transit SARL,Transport & Logistique,Ouessè,+229 45 21 36 65,,transitsarl.bj,PME (10-50),B2B,Google Maps,3.4,Actif,2026-06-29T00:14:35.698962,moyenne
BJ-CB727D2F,Transport Déménagement,Transport & Logistique,Ouessè,+229 59 75 82 82,,transportdéménagement.bj,TPE (<10),B2C,Google Maps,3.4,Actif,2026-06-29T00:14:35.698995,moyenne
BJ-79FD80FB,Express Messagerie,Transport & Logistique,Glazoué,+229 75 39 59 68,,expressmessagerie.bj,TPE (<10),B2C,Google Maps,3.3,Actif,2026-06-29T00:14:35.699044,moyenne
BJ-B9323153,Rapide Express,Transport & Logistique,Glazoué,+229 52 64 39 55,,,PME (10-50),B2B,Google Maps,3.6,Actif,2026-06-29T00:14:35.699072,basse
BJ-A0245D1A,Maritime,Transport & Logistique,Glazoué,+229 57 58 57 30,maritime@maritime.org,,PME (10-50),B2B,Google Maps,3.7,Actif,2026-06-29T00:14:35.699113,moyenne
BJ-F72C008F,Delivery Déménagement Africa,Transport & Logistique,Glazoué,+229 93 59 19 97,,deliverydéménagementafrica.bj,Grande (>200),B2B,Google Maps,4.3,Actif,2026-06-29T00:14:35.699153,moyenne
BJ-C0C8CABF,SARL Transit Express,Transport & Logistique,Glazoué,+229 52 34 13 68,sarl.transit.express@sarl.transit.express.net,sarltransitexpress.bj,Grande (>200),B2B,Google Maps,3.3,Actif,2026-06-29T00:14:35.699188,haute
BJ-2714F8AF,Transit Bénin Dassa-Zoumè,Transport & Logistique,Dassa-Zoumè,+229 96 21 34 57,,,PME (10-50),B2C,Google Maps,3.0,Actif,2026-06-29T00:14:35.699230,basse
BJ-6B8022CA,Rapide SARL,Transport & Logistique,Dassa-Zoumè,+229 69 92 66 28,rapide.sarl@rapide.sarl.org,,PME (10-50),B2B,Google Maps,4.4,Actif,2026-06-29T00:14:35.699264,moyenne
BJ-E913FAF3,Transport Fret,Transport & Logistique,Dassa-Zoumè,+229 91 46 39 99,transport.fret@transport.fret.benin,,TPE (<10),B2B,Google Maps,3.1,Actif,2026-06-29T00:14:35.699295,moyenne
BJ-A8E5F7C6,Messagerie,Transport & Logistique,Dassa-Zoumè,+229 56 49 51 20,messagerie@messagerie.benin,,TPE (<10),B2C,Google Maps,3.7,Actif,2026-06-29T00:14:35.699324,moyenne
BJ-21090D91,Courrier Bénin,Transport & Logistique,Dassa-Zoumè,+229 26 43 97 30,,,PME (50-200),B2C,Google Maps,4.4,Actif,2026-06-29T00:14:35.699351,basse
BJ-235FB722,Delivery Courrier Bénin,Transport & Logistique,Savalou,+229 26 28 47 85,delivery.courrier.bénin@delivery.courrier.bénin.bj,,TPE (<10),B2C,Google Maps,4.0,Actif,2026-06-29T00:14:35.699393,moyenne
BJ-B494728F,Maritime Bénin,Transport & Logistique,Savalou,+229 44 62 49 44,maritime.bénin@maritime.bénin.benin,maritimebénin.bj,TPE (<10),B2C,Google Maps,4.2,Actif,2026-06-29T00:14:35.699427,haute
BJ-49E17565,Cargo Express,Transport & Logistique,Savalou,+229 35 96 87 60,,,PME (10-50),B2C,Google Maps,4.0,Actif,2026-06-29T00:14:35.699455,basse
BJ-95032382,Express Urgent Logistique,Transport & Logistique,Savalou,+229 93 47 87 70,express.urgent.logistique@express.urgent.logistique.benin,,PME (50-200),B2B,Google Maps,4.3,Actif,2026-06-29T00:14:35.699492,moyenne
BJ-F273C8DF,Rapide Bénin,Transport & Logistique,Savalou,+229 89 13 57 34,,rapidebénin.bj,PME (10-50),B2B,Google Maps,4.4,Actif,2026-06-29T00:14:35.699523,moyenne
BJ-0C8F63BB,Transit SARL Bantè,Transport & Logistique,Bantè,+229 46 25 14 88,,,PME (50-200),B2C,Google Maps,4.3,Actif,2026-06-29T00:14:35.699571,basse
BJ-26A06A73,Rapide Maritime Africa,Transport & Logistique,Bantè,+229 43 24 79 26,rapide.maritime.africa@rapide.maritime.africa.com,,TPE (<10),B2C,Google Maps,4.9,Actif,2026-06-29T00:14:35.699601,moyenne
BJ-D3EDF271,Rapide Bantè,Transport & Logistique,Bantè,+229 28 75 34 61,,,TPE (<10),B2C,Google Maps,4.1,Actif,2026-06-29T00:14:35.699635,basse
BJ-4291519C,Logistique Rapide Africa,Transport & Logistique,Bantè,+229 99 77 16 94,logistique.rapide.africa@logistique.rapide.africa.benin,,TPE (<10),B2C,Google Maps,4.0,Actif,2026-06-29T00:14:35.699666,moyenne
BJ-C1889EA1,Rapide Fret,Transport & Logistique,Bantè,+229 49 12 15 68,rapide.fret@rapide.fret.net,rapidefret.bj,PME (10-50),B2B,Google Maps,5.0,Actif,2026-06-29T00:14:35.699702,haute
BJ-506EFD7F,Maritime,Transport & Logistique,Djougou,+229 49 97 48 68,,,TPE (<10),B2B,Google Maps,4.1,Actif,2026-06-29T00:14:35.699741,basse
BJ-C538C07B,Rapide Livraison Africa Djougou,Transport & Logistique,Djougou,+229 55 50 86 77,rapide.livraison.africa.djougou@rapide.livraison.africa.djougou.bj,,PME (10-50),B2C,Google Maps,3.3,Actif,2026-06-29T00:14:35.699770,moyenne
BJ-7718DB07,Aérien,Transport & Logistique,Djougou,+229 94 36 16 31,aérien@aérien.net,,PME (50-200),B2C,Google Maps,3.5,Actif,2026-06-29T00:14:35.699801,moyenne
BJ-76EB1EAE,Groupe Livraison,Transport & Logistique,Djougou,+229 70 20 72 77,groupe.livraison@groupe.livraison.net,groupelivraison.bj,PME (10-50),B2B,Google Maps,4.4,Actif,2026-06-29T00:14:35.699837,haute
BJ-7FE3DADB,Delivery Route Djougou,Transport & Logistique,Djougou,+229 29 13 49 34,delivery.route.djougou@delivery.route.djougou.com,deliveryroutedjougou.bj,PME (10-50),B2C,Google Maps,3.2,Actif,2026-06-29T00:14:35.699873,haute
BJ-A8F41371,Logistique Livraison Africa,Transport & Logistique,Ouèssè,+229 61 39 45 92,logistique.livraison.africa@logistique.livraison.africa.bj,logistiquelivraisonafrica.bj,TPE (<10),B2C,Google Maps,3.1,Actif,2026-06-29T00:14:35.699956,haute
BJ-3E4F72A8,Rapide Courrier,Transport & Logistique,Ouèssè,+229 52 12 87 99,rapide.courrier@rapide.courrier.com,,TPE (<10),B2C,Google Maps,5.0,Actif,2026-06-29T00:14:35.699992,moyenne
BJ-80030891,Delivery Maritime Transport,Transport & Logistique,Ouèssè,+229 50 50 16 50,delivery.maritime.transport@delivery.maritime.transport.net,deliverymaritimetransport.bj,TPE (<10),B2C,Google Maps,3.0,Actif,2026-06-29T00:14:35.700028,haute
BJ-40275002,Courrier Africa,Transport & Logistique,Ouèssè,+229 84 57 15 37,,,PME (10-50),B2B,Google Maps,4.1,Actif,2026-06-29T00:14:35.700060,basse
BJ-3ECCFC35,Fret,Transport & Logistique,Ouèssè,+229 54 42 13 75,fret@fret.net,fret.bj,TPE (<10),B2B,Google Maps,3.2,Actif,2026-06-29T00:14:35.700090,haute
BJ-C8776358,Logistique Fret International,Transport & Logistique,Bassila,+229 97 27 14 90,,,PME (10-50),B2C,Google Maps,3.5,Actif,2026-06-29T00:14:35.700136,basse
BJ-DEEE17BE,SARL Rapide,Transport & Logistique,Bassila,+229 42 19 78 13,sarl.rapide@sarl.rapide.com,,PME (10-50),B2C,Google Maps,3.6,Actif,2026-06-29T00:14:35.700167,moyenne
BJ-4E292A79,Transit,Transport & Logistique,Bassila,+229 30 32 62 89,transit@transit.benin,,PME (10-50),B2C,Google Maps,4.7,Actif,2026-06-29T00:14:35.700201,moyenne
BJ-44234932,Logistique Transit,Transport & Logistique,Bassila,+229 51 83 37 14,,,PME (10-50),B2C,Google Maps,3.8,Actif,2026-06-29T00:14:35.700235,basse
BJ-6087C9BF,Delivery Messagerie,Transport & Logistique,Bassila,+229 63 34 92 85,delivery.messagerie@delivery.messagerie.com,,TPE (<10),B2B,Google Maps,3.4,Actif,2026-06-29T00:14:35.700268,moyenne
BJ-00AD104B,Aérien Bénin,Transport & Logistique,Pehunco,+229 41 22 19 96,,aérienbénin.bj,PME (10-50),B2C,Google Maps,4.1,Actif,2026-06-29T00:14:35.700314,moyenne
BJ-BAFCBD2F,Groupe Route International,Transport & Logistique,Pehunco,+229 93 75 33 42,,grouperouteinternational.bj,PME (10-50),B2C,Google Maps,4.8,Actif,2026-06-29T00:14:35.700354,moyenne
BJ-D008896F,Delivery Déménagement Express,Transport & Logistique,Pehunco,+229 29 26 92 66,,,PME (10-50),B2B,Google Maps,4.2,Actif,2026-06-29T00:14:35.700386,basse
BJ-6AE9CE63,Courrier,Transport & Logistique,Pehunco,+229 31 27 92 50,courrier@courrier.com,courrier.bj,TPE (<10),B2B,Google Maps,4.0,Actif,2026-06-29T00:14:35.700423,haute
BJ-CF3ADABB,Courrier Pehunco,Transport & Logistique,Pehunco,+229 49 67 83 58,,,TPE (<10),B2B,Google Maps,4.4,Actif,2026-06-29T00:14:35.700453,basse
BJ-8E352272,Groupe Déménagement Transport Copargo,Transport & Logistique,Copargo,+229 76 64 26 65,groupe.déménagement.transport.copargo@groupe.déménagement.transport.copargo.benin,,PME (10-50),B2B,Google Maps,4.8,Actif,2026-06-29T00:14:35.700500,moyenne
BJ-B9E4540B,Express Transit,Transport & Logistique,Copargo,+229 25 70 10 72,express.transit@express.transit.net,,TPE (<10),B2B,Google Maps,4.4,Actif,2026-06-29T00:14:35.700531,moyenne
BJ-9E75D9D5,Urgent Logistique,Transport & Logistique,Copargo,+229 36 58 72 72,,,TPE (<10),B2B,Google Maps,4.0,Actif,2026-06-29T00:14:35.700557,basse
BJ-7F72B7D6,Courrier,Transport & Logistique,Copargo,+229 34 53 36 23,,,PME (10-50),B2B,Google Maps,4.4,Actif,2026-06-29T00:14:35.700594,basse
BJ-9CD01322,Logistique Cargo Delivery,Transport & Logistique,Copargo,+229 30 99 57 87,logistique.cargo.delivery@logistique.cargo.delivery.com,logistiquecargodelivery.bj,PME (10-50),B2C,Google Maps,4.1,Actif,2026-06-29T00:14:35.700630,haute
BJ-03AD9538,Télécom Fiber Cotonou,Télécommunications,Cotonou,+229 85 79 71 43,télécom.fiber.cotonou@télécom.fiber.cotonou.net,télécomfibercotonou.bj,TPE (<10),B2B,Google Maps,3.1,Actif,2026-06-29T00:14:35.700680,haute
BJ-44BD0695,Télécom Data Africa,Télécommunications,Cotonou,+229 94 15 17 98,télécom.data.africa@télécom.data.africa.net,télécomdataafrica.bj,TPE (<10),B2B,Google Maps,3.6,Actif,2026-06-29T00:14:35.700716,haute
BJ-5B39E26A,Connect,Télécommunications,Cotonou,+229 24 38 46 18,,connect.bj,PME (50-200),B2B,Google Maps,4.6,Actif,2026-06-29T00:14:35.700749,moyenne
BJ-574F93E1,Réseau Groupe,Télécommunications,Cotonou,+229 78 58 50 52,réseau.groupe@réseau.groupe.org,réseaugroupe.bj,TPE (<10),B2C,Google Maps,4.0,Actif,2026-06-29T00:14:35.700819,haute
BJ-A28918EF,Fiber Abomey-Calavi,Télécommunications,Abomey-Calavi,+229 44 18 58 46,fiber.abomeycalavi@fiber.abomeycalavi.bj,,TPE (<10),B2C,Google Maps,3.4,Actif,2026-06-29T00:14:35.700865,moyenne
BJ-6AC5D4A5,Connect Télécom,Télécommunications,Abomey-Calavi,+229 65 83 84 60,connect.télécom@connect.télécom.bj,,PME (50-200),B2C,Google Maps,3.9,Actif,2026-06-29T00:14:35.700917,moyenne
BJ-D2F10C4C,Internet Réseau Bénin,Télécommunications,Abomey-Calavi,+229 73 52 36 85,internet.réseau.bénin@internet.réseau.bénin.org,internetréseaubénin.bj,Grande (>200),B2C,Google Maps,4.5,Actif,2026-06-29T00:14:35.700953,haute
BJ-5A71BC7E,Internet Internet Abomey-Calavi,Télécommunications,Abomey-Calavi,+229 24 47 47 41,internet.internet.abomeycalavi@internet.internet.abomeycalavi.net,internetinternetabomeycalavi.bj,Grande (>200),B2B,Google Maps,3.1,Actif,2026-06-29T00:14:35.701004,haute
BJ-854CF043,Connect Africa,Télécommunications,Abomey-Calavi,+229 91 20 79 95,,,TPE (<10),B2C,Google Maps,3.4,Actif,2026-06-29T00:14:35.701033,basse
BJ-B11853FD,Mobile Porto-Novo,Télécommunications,Porto-Novo,+229 53 37 30 24,,mobileportonovo.bj,PME (10-50),B2B,Google Maps,3.9,Actif,2026-06-29T00:14:35.701074,moyenne
BJ-195055FC,Fiber Africa,Télécommunications,Porto-Novo,+229 56 49 77 19,fiber.africa@fiber.africa.org,fiberafrica.bj,TPE (<10),B2B,Google Maps,4.2,Actif,2026-06-29T00:14:35.701127,haute
BJ-94470D9D,Digital Voice Porto-Novo,Télécommunications,Porto-Novo,+229 29 70 92 14,digital.voice.portonovo@digital.voice.portonovo.bj,,TPE (<10),B2B,Google Maps,3.6,Actif,2026-06-29T00:14:35.701158,moyenne
BJ-368C66B2,Digital International,Télécommunications,Porto-Novo,+229 50 24 28 84,digital.international@digital.international.net,digitalinternational.bj,PME (10-50),B2C,Google Maps,4.9,Actif,2026-06-29T00:14:35.701188,haute
BJ-CC7C84FB,Réseau Internet Bénin Porto-Novo,Télécommunications,Porto-Novo,+229 84 77 28 51,réseau.internet.bénin.portonovo@réseau.internet.bénin.portonovo.net,réseauinternetbéninportonovo.bj,PME (10-50),B2C,Google Maps,3.3,Actif,2026-06-29T00:14:35.701228,haute
BJ-1D116B30,Digital Satellite International,Télécommunications,Parakou,+229 60 65 23 92,digital.satellite.international@digital.satellite.international.benin,digitalsatelliteinternational.bj,PME (50-200),B2B,Google Maps,3.2,Actif,2026-06-29T00:14:35.701270,haute
BJ-FED4268F,Internet Communication International,Télécommunications,Parakou,+229 74 11 59 80,,internetcommunicationinternational.bj,PME (50-200),B2B,Google Maps,4.0,Actif,2026-06-29T00:14:35.701299,moyenne
BJ-A03B8D74,Mobile Fiber,Télécommunications,Parakou,+229 85 22 30 59,mobile.fiber@mobile.fiber.benin,mobilefiber.bj,PME (10-50),B2C,Google Maps,3.3,Actif,2026-06-29T00:14:35.701329,haute
BJ-54C506D3,Voice Groupe,Télécommunications,Parakou,+229 39 22 60 42,voice.groupe@voice.groupe.net,voicegroupe.bj,TPE (<10),B2C,Google Maps,3.8,Actif,2026-06-29T00:14:35.701364,haute
BJ-D4DCF660,Internet Internet,Télécommunications,Parakou,+229 55 34 84 50,internet.internet@internet.internet.net,internetinternet.bj,PME (50-200),B2C,Google Maps,4.2,Actif,2026-06-29T00:14:35.701394,haute
BJ-8606D937,Réseau Fiber SARL,Télécommunications,Bohicon,+229 20 34 52 20,réseau.fiber.sarl@réseau.fiber.sarl.com,réseaufibersarl.bj,PME (10-50),B2B,Google Maps,3.6,Actif,2026-06-29T00:14:35.701441,haute
BJ-A895DC58,Télécom Wireless SARL,Télécommunications,Bohicon,+229 94 66 97 18,télécom.wireless.sarl@télécom.wireless.sarl.com,télécomwirelesssarl.bj,PME (50-200),B2C,Google Maps,4.4,Actif,2026-06-29T00:14:35.701472,haute
BJ-58B2D0B6,Data Bénin,Télécommunications,Bohicon,+229 81 56 85 24,data.bénin@data.bénin.net,,PME (50-200),B2B,Google Maps,3.4,Actif,2026-06-29T00:14:35.701501,moyenne
BJ-E516341E,Internet Communication Bénin,Télécommunications,Bohicon,+229 45 20 39 87,internet.communication.bénin@internet.communication.bénin.net,internetcommunicationbénin.bj,TPE (<10),B2B,Google Maps,4.3,Actif,2026-06-29T00:14:35.701538,haute
BJ-C2C2B77F,Wireless,Télécommunications,Bohicon,+229 61 86 31 66,wireless@wireless.com,wireless.bj,Grande (>200),B2C,Google Maps,3.9,Actif,2026-06-29T00:14:35.701569,haute
BJ-2F3FF29E,Réseau Fiber Natitingou,Télécommunications,Natitingou,+229 91 83 39 50,réseau.fiber.natitingou@réseau.fiber.natitingou.net,réseaufibernatitingou.bj,Grande (>200),B2C,Google Maps,3.0,Actif,2026-06-29T00:14:35.701610,haute
BJ-EE7F0AD2,Digital Internet Natitingou,Télécommunications,Natitingou,+229 84 50 10 18,,,PME (10-50),B2B,Google Maps,4.1,Actif,2026-06-29T00:14:35.701637,basse
BJ-9FBD8DF2,Internet Réseau,Télécommunications,Natitingou,+229 71 87 81 66,internet.réseau@internet.réseau.benin,internetréseau.bj,TPE (<10),B2B,Google Maps,4.3,Actif,2026-06-29T00:14:35.701670,haute
BJ-FC7D1A04,Tech International,Télécommunications,Natitingou,+229 98 80 11 82,tech.international@tech.international.benin,techinternational.bj,PME (10-50),B2C,Google Maps,4.0,Actif,2026-06-29T00:14:35.701707,haute
BJ-B3E599CA,Internet Digital,Télécommunications,Natitingou,+229 74 39 80 95,internet.digital@internet.digital.com,internetdigital.bj,PME (50-200),B2B,Google Maps,3.4,Actif,2026-06-29T00:14:35.701740,haute
BJ-B2A99B72,Connect Connect,Télécommunications,Lokossa,+229 32 82 48 15,connect.connect@connect.connect.bj,connectconnect.bj,TPE (<10),B2C,Google Maps,3.8,Actif,2026-06-29T00:14:35.701785,haute
BJ-59D67C3A,Communication,Télécommunications,Lokossa,+229 89 47 58 37,communication@communication.net,communication.bj,TPE (<10),B2B,Google Maps,3.9,Actif,2026-06-29T00:14:35.701818,haute
BJ-D627473A,Mobile International,Télécommunications,Lokossa,+229 88 95 55 49,mobile.international@mobile.international.net,mobileinternational.bj,TPE (<10),B2B,Google Maps,4.5,Actif,2026-06-29T00:14:35.701851,haute
BJ-023821C6,Connect Télécom,Télécommunications,Lokossa,+229 76 20 81 99,connect.télécom@connect.télécom.benin,connecttélécom.bj,TPE (<10),B2C,Google Maps,4.2,Actif,2026-06-29T00:14:35.701886,haute
BJ-69479C92,Digital Wireless,Télécommunications,Lokossa,+229 38 77 95 69,digital.wireless@digital.wireless.bj,,TPE (<10),B2C,Google Maps,4.7,Actif,2026-06-29T00:14:35.701936,moyenne
BJ-9A0B2007,Télécom Voice SA,Télécommunications,Ouidah,+229 50 64 33 63,télécom.voice.sa@télécom.voice.sa.benin,télécomvoicesa.bj,PME (10-50),B2B,Google Maps,3.3,Actif,2026-06-29T00:14:35.701985,haute
BJ-494EBCC1,Mobile Fiber Ouidah,Télécommunications,Ouidah,+229 60 83 22 29,mobile.fiber.ouidah@mobile.fiber.ouidah.benin,mobilefiberouidah.bj,PME (50-200),B2B,Google Maps,3.8,Actif,2026-06-29T00:14:35.702019,haute
BJ-6B3D8012,Réseau SA,Télécommunications,Ouidah,+229 83 22 11 28,,réseausa.bj,PME (10-50),B2C,Google Maps,3.2,Actif,2026-06-29T00:14:35.702051,moyenne
BJ-F7CEF47E,Réseau,Télécommunications,Ouidah,+229 69 26 48 39,,réseau.bj,TPE (<10),B2B,Google Maps,3.2,Actif,2026-06-29T00:14:35.702134,moyenne
BJ-F27461C2,Connect Télécom Telecom,Télécommunications,Ouidah,+229 44 59 82 33,connect.télécom.telecom@connect.télécom.telecom.org,connecttélécomtelecom.bj,PME (10-50),B2C,Google Maps,4.8,Actif,2026-06-29T00:14:35.702188,haute
BJ-3B9C8DC0,Data,Télécommunications,Savalou,+229 60 33 96 48,data@data.benin,data.bj,PME (10-50),B2C,Google Maps,3.4,Actif,2026-06-29T00:14:35.702234,haute
BJ-36AB1EED,Voice,Télécommunications,Savalou,+229 61 38 35 92,voice@voice.org,voice.bj,Grande (>200),B2B,Google Maps,4.9,Actif,2026-06-29T00:14:35.702271,haute
BJ-F7DA340F,Satellite Bénin,Télécommunications,Savalou,+229 20 47 79 17,,satellitebénin.bj,TPE (<10),B2C,Google Maps,3.7,Actif,2026-06-29T00:14:35.702303,moyenne
BJ-4E9FF86D,Télécom,Télécommunications,Savalou,+229 68 56 76 18,télécom@télécom.net,télécom.bj,PME (50-200),B2C,Google Maps,4.0,Actif,2026-06-29T00:14:35.702343,haute
BJ-2124B8F6,Voice Savalou,Télécommunications,Savalou,+229 32 44 76 60,,,PME (50-200),B2B,Google Maps,4.7,Actif,2026-06-29T00:14:35.702372,basse
BJ-2CEBF674,Connect,Télécommunications,Dassa-Zoumè,+229 56 99 39 90,,connect.bj,PME (50-200),B2B,Google Maps,4.1,Actif,2026-06-29T00:14:35.702415,moyenne
BJ-8FA65C38,Digital Tech Africa,Télécommunications,Dassa-Zoumè,+229 94 84 21 16,,digitaltechafrica.bj,PME (10-50),B2B,Google Maps,3.7,Actif,2026-06-29T00:14:35.702448,moyenne
BJ-65A22241,Télécom Mobile,Télécommunications,Dassa-Zoumè,+229 77 66 36 59,télécom.mobile@télécom.mobile.benin,,PME (10-50),B2B,Google Maps,4.2,Actif,2026-06-29T00:14:35.702481,moyenne
BJ-541A925D,Internet International,Télécommunications,Dassa-Zoumè,+229 83 12 11 66,internet.international@internet.international.net,internetinternational.bj,TPE (<10),B2C,Google Maps,3.7,Actif,2026-06-29T00:14:35.702519,haute
BJ-E4A09F17,Tech International Dassa-Zoumè,Télécommunications,Dassa-Zoumè,+229 57 94 12 56,tech.international.dassazoumè@tech.international.dassazoumè.com,techinternationaldassazoumè.bj,PME (10-50),B2C,Google Maps,5.0,Actif,2026-06-29T00:14:35.702555,haute
BJ-1FD4285E,Mobile Wireless,Télécommunications,Kétou,+229 40 35 26 54,,,TPE (<10),B2C,Google Maps,4.5,Actif,2026-06-29T00:14:35.702596,basse
BJ-BD04ACD2,Réseau Mobile,Télécommunications,Kétou,+229 88 31 35 43,réseau.mobile@réseau.mobile.com,réseaumobile.bj,PME (50-200),B2C,Google Maps,4.3,Actif,2026-06-29T00:14:35.702631,haute
BJ-BDA88540,Voice Kétou,Télécommunications,Kétou,+229 42 20 22 89,voice.kétou@voice.kétou.org,voicekétou.bj,TPE (<10),B2B,Google Maps,4.4,Actif,2026-06-29T00:14:35.702665,haute
BJ-3E9D29AE,Internet Wireless,Télécommunications,Kétou,+229 44 98 87 50,internet.wireless@internet.wireless.benin,,PME (10-50),B2C,Google Maps,4.4,Actif,2026-06-29T00:14:35.702698,moyenne
BJ-8E6EC2C6,Télécom Tech,Télécommunications,Kétou,+229 65 55 52 67,télécom.tech@télécom.tech.benin,télécomtech.bj,TPE (<10),B2B,Google Maps,3.3,Actif,2026-06-29T00:14:35.702733,haute
BJ-177450F1,Réseau Data,Télécommunications,Covè,+229 74 96 39 94,réseau.data@réseau.data.net,réseaudata.bj,TPE (<10),B2C,Google Maps,4.7,Actif,2026-06-29T00:14:35.702778,haute
BJ-DA3E71AD,Mobile Wireless Telecom,Télécommunications,Covè,+229 59 27 19 35,mobile.wireless.telecom@mobile.wireless.telecom.net,mobilewirelesstelecom.bj,Grande (>200),B2B,Google Maps,4.1,Actif,2026-06-29T00:14:35.702817,haute
BJ-6A232AAF,Réseau,Télécommunications,Covè,+229 68 17 33 41,réseau@réseau.org,réseau.bj,PME (50-200),B2B,Google Maps,3.1,Actif,2026-06-29T00:14:35.702852,haute
BJ-272374EB,Digital Digital SARL,Télécommunications,Covè,+229 73 49 15 37,digital.digital.sarl@digital.digital.sarl.bj,digitaldigitalsarl.bj,TPE (<10),B2C,Google Maps,3.8,Actif,2026-06-29T00:14:35.702899,haute
BJ-B2226D94,Internet Fiber Covè,Télécommunications,Covè,+229 52 41 23 91,internet.fiber.covè@internet.fiber.covè.com,internetfibercovè.bj,PME (50-200),B2B,Google Maps,3.3,Actif,2026-06-29T00:14:35.702939,haute
BJ-416EEB6B,Mobile Data SA,Télécommunications,Pobè,+229 82 95 13 46,mobile.data.sa@mobile.data.sa.net,,Grande (>200),B2B,Google Maps,3.9,Actif,2026-06-29T00:14:35.702982,moyenne
BJ-C4F282AD,Réseau Communication Telecom Pobè,Télécommunications,Pobè,+229 23 18 33 36,réseau.communication.telecom.pobè@réseau.communication.telecom.pobè.net,réseaucommunicationtelecompobè.bj,TPE (<10),B2C,Google Maps,4.9,Actif,2026-06-29T00:14:35.703018,haute
BJ-F7AB8A98,Internet Réseau SA,Télécommunications,Pobè,+229 89 89 99 32,internet.réseau.sa@internet.réseau.sa.net,internetréseausa.bj,PME (10-50),B2C,Google Maps,3.7,Actif,2026-06-29T00:14:35.703052,haute
BJ-7C76A64C,Réseau Réseau,Télécommunications,Pobè,+229 26 36 25 83,,,TPE (<10),B2C,Google Maps,4.0,Actif,2026-06-29T00:14:35.703082,basse
BJ-02E5CFEC,Télécom Pobè,Télécommunications,Pobè,+229 25 24 71 90,télécom.pobè@télécom.pobè.org,télécompobè.bj,PME (10-50),B2B,Google Maps,3.1,Actif,2026-06-29T00:14:35.703122,haute
BJ-39B92C1C,Réseau Sakété,Télécommunications,Sakété,+229 40 87 88 52,réseau.sakété@réseau.sakété.com,réseausakété.bj,PME (50-200),B2C,Google Maps,4.1,Actif,2026-06-29T00:14:35.703174,haute
BJ-8219031A,Digital,Télécommunications,Sakété,+229 31 89 37 85,digital@digital.bj,digital.bj,PME (50-200),B2C,Google Maps,4.9,Actif,2026-06-29T00:14:35.703207,haute
BJ-FADE5BB0,Fiber,Télécommunications,Sakété,+229 68 41 99 64,fiber@fiber.org,fiber.bj,TPE (<10),B2B,Google Maps,3.6,Actif,2026-06-29T00:14:35.703239,haute
BJ-62139DB9,Mobile Tech Groupe Sakété,Télécommunications,Sakété,+229 33 73 22 28,mobile.tech.groupe.sakété@mobile.tech.groupe.sakété.bj,,PME (50-200),B2C,Google Maps,4.6,Actif,2026-06-29T00:14:35.703277,moyenne
BJ-5C0B8011,Satellite,Télécommunications,Sakété,+229 33 79 12 60,satellite@satellite.benin,satellite.bj,PME (50-200),B2C,Google Maps,3.8,Actif,2026-06-29T00:14:35.703311,haute
BJ-37510B7A,Télécom Télécom,Télécommunications,Adjara,+229 71 60 11 43,télécom.télécom@télécom.télécom.benin,,TPE (<10),B2B,Google Maps,3.5,Actif,2026-06-29T00:14:35.703355,moyenne
BJ-099ED47C,Mobile Digital,Télécommunications,Adjara,+229 56 11 87 99,mobile.digital@mobile.digital.benin,mobiledigital.bj,PME (50-200),B2B,Google Maps,3.7,Actif,2026-06-29T00:14:35.703388,haute
BJ-90B7856C,Satellite,Télécommunications,Adjara,+229 97 70 21 15,satellite@satellite.org,satellite.bj,PME (50-200),B2C,Google Maps,3.9,Actif,2026-06-29T00:14:35.703426,haute
BJ-07BC24B1,Digital SA,Télécommunications,Adjara,+229 39 21 97 98,digital.sa@digital.sa.com,digitalsa.bj,Grande (>200),B2C,Google Maps,4.3,Actif,2026-06-29T00:14:35.703460,haute
BJ-09F471C6,Télécom Satellite International,Télécommunications,Adjara,+229 77 97 86 98,,télécomsatelliteinternational.bj,PME (50-200),B2B,Google Maps,3.6,Actif,2026-06-29T00:14:35.703492,moyenne
BJ-82031049,Voice,Télécommunications,Allada,+229 46 39 43 70,voice@voice.com,voice.bj,TPE (<10),B2B,Google Maps,4.9,Actif,2026-06-29T00:14:35.703543,haute
BJ-8A153C0D,Mobile,Télécommunications,Allada,+229 31 15 17 74,mobile@mobile.com,mobile.bj,PME (10-50),B2B,Google Maps,3.4,Actif,2026-06-29T00:14:35.703575,haute
BJ-B9889370,Connect Satellite Africa,Télécommunications,Allada,+229 93 19 61 87,connect.satellite.africa@connect.satellite.africa.org,connectsatelliteafrica.bj,PME (10-50),B2B,Google Maps,3.8,Actif,2026-06-29T00:14:35.703608,haute
BJ-209F5120,Digital Data,Télécommunications,Allada,+229 24 69 96 66,digital.data@digital.data.net,digitaldata.bj,TPE (<10),B2C,Google Maps,4.0,Actif,2026-06-29T00:14:35.703645,haute
BJ-9EF57399,Digital Connect International,Télécommunications,Allada,+229 75 63 70 89,,digitalconnectinternational.bj,TPE (<10),B2C,Google Maps,3.4,Actif,2026-06-29T00:14:35.703677,moyenne
BJ-9FB2A830,Digital Mobile SARL,Télécommunications,Aplahoué,+229 92 58 18 16,digital.mobile.sarl@digital.mobile.sarl.net,,PME (50-200),B2B,Google Maps,4.9,Actif,2026-06-29T00:14:35.703725,moyenne
BJ-928A8A50,Connect Telecom Aplahoué,Télécommunications,Aplahoué,+229 94 89 18 24,connect.telecom.aplahoué@connect.telecom.aplahoué.benin,connecttelecomaplahoué.bj,TPE (<10),B2C,Google Maps,4.1,Actif,2026-06-29T00:14:35.703761,haute
BJ-983ECAA1,Réseau Voice,Télécommunications,Aplahoué,+229 98 64 16 62,réseau.voice@réseau.voice.bj,,PME (10-50),B2C,Google Maps,3.0,Actif,2026-06-29T00:14:35.703794,moyenne
BJ-8D9784D2,Voice SARL,Télécommunications,Aplahoué,+229 38 12 26 28,,voicesarl.bj,TPE (<10),B2B,Google Maps,3.6,Actif,2026-06-29T00:14:35.703825,moyenne
BJ-FB3385B5,Wireless,Télécommunications,Aplahoué,+229 46 31 11 84,wireless@wireless.benin,wireless.bj,TPE (<10),B2B,Google Maps,4.3,Actif,2026-06-29T00:14:35.703857,haute
BJ-EBEB1064,Voice Africa Dogbo-Tota,Télécommunications,Dogbo-Tota,+229 58 92 30 28,voice.africa.dogbotota@voice.africa.dogbotota.benin,voiceafricadogbotota.bj,PME (10-50),B2C,Google Maps,3.7,Actif,2026-06-29T00:14:35.703914,haute
BJ-6066B788,Digital,Télécommunications,Dogbo-Tota,+229 64 34 54 62,digital@digital.org,,PME (50-200),B2B,Google Maps,3.8,Actif,2026-06-29T00:14:35.703951,moyenne
BJ-23AF7EBC,Digital Africa,Télécommunications,Dogbo-Tota,+229 50 45 42 74,digital.africa@digital.africa.org,digitalafrica.bj,TPE (<10),B2B,Google Maps,4.8,Actif,2026-06-29T00:14:35.703985,haute
BJ-B67C369F,Réseau Internet SA,Télécommunications,Dogbo-Tota,+229 62 45 54 45,réseau.internet.sa@réseau.internet.sa.com,réseauinternetsa.bj,PME (10-50),B2B,Google Maps,4.9,Actif,2026-06-29T00:14:35.704023,haute
BJ-A7BCEEF0,Télécom Data Groupe Dogbo-Tota,Télécommunications,Dogbo-Tota,+229 65 54 13 55,télécom.data.groupe.dogbotota@télécom.data.groupe.dogbotota.org,télécomdatagroupedogbotota.bj,TPE (<10),B2C,Google Maps,5.0,Actif,2026-06-29T00:14:35.704060,haute
BJ-588F2C25,Connect Bénin,Télécommunications,Kpomassè,+229 28 46 15 13,connect.bénin@connect.bénin.bj,connectbénin.bj,PME (10-50),B2C,Google Maps,3.0,Actif,2026-06-29T00:14:35.704105,haute
BJ-A7C95C58,Télécom Internet,Télécommunications,Kpomassè,+229 60 88 97 23,télécom.internet@télécom.internet.benin,télécominternet.bj,TPE (<10),B2C,Google Maps,3.5,Actif,2026-06-29T00:14:35.704145,haute
BJ-81DE623D,Digital Digital Kpomassè,Télécommunications,Kpomassè,+229 92 62 62 88,digital.digital.kpomassè@digital.digital.kpomassè.bj,,TPE (<10),B2C,Google Maps,3.2,Actif,2026-06-29T00:14:35.704179,moyenne
BJ-F5D5FCCF,Fiber Africa,Télécommunications,Kpomassè,+229 46 89 24 55,fiber.africa@fiber.africa.net,fiberafrica.bj,PME (50-200),B2B,Google Maps,3.6,Actif,2026-06-29T00:14:35.704212,haute
BJ-BC4DC764,Digital Kpomassè,Télécommunications,Kpomassè,+229 68 59 60 18,digital.kpomassè@digital.kpomassè.com,,PME (50-200),B2B,Google Maps,3.8,Actif,2026-06-29T00:14:35.704250,moyenne
BJ-8B13A7EF,Mobile Communication SARL,Télécommunications,Tori-Bossito,+229 92 37 19 20,mobile.communication.sarl@mobile.communication.sarl.net,mobilecommunicationsarl.bj,TPE (<10),B2C,Google Maps,3.0,Actif,2026-06-29T00:14:35.704300,haute
BJ-53653F79,Mobile Réseau SARL,Télécommunications,Tori-Bossito,+229 66 18 67 25,,mobileréseausarl.bj,TPE (<10),B2B,Google Maps,3.2,Actif,2026-06-29T00:14:35.704332,moyenne
BJ-2486E14B,Wireless Tori-Bossito,Télécommunications,Tori-Bossito,+229 66 44 12 72,wireless.toribossito@wireless.toribossito.benin,wirelesstoribossito.bj,PME (50-200),B2C,Google Maps,3.6,Actif,2026-06-29T00:14:35.704366,haute
BJ-446BD044,Réseau Digital,Télécommunications,Tori-Bossito,+229 41 51 60 97,réseau.digital@réseau.digital.org,,PME (10-50),B2B,Google Maps,4.6,Actif,2026-06-29T00:14:35.704403,moyenne
BJ-D8F96A7C,Connect Fiber International Tori-Bossito,Télécommunications,Tori-Bossito,+229 59 78 10 79,,connectfiberinternationaltoribossito.bj,PME (50-200),B2B,Google Maps,3.7,Actif,2026-06-29T00:14:35.704435,moyenne
BJ-1DB290E5,Internet Réseau SARL,Télécommunications,Grand-Popo,+229 45 10 11 69,internet.réseau.sarl@internet.réseau.sarl.net,,PME (10-50),B2C,Google Maps,4.6,Actif,2026-06-29T00:14:35.704479,moyenne
BJ-5F4C648F,Réseau Grand-Popo,Télécommunications,Grand-Popo,+229 52 92 27 91,réseau.grandpopo@réseau.grandpopo.net,réseaugrandpopo.bj,TPE (<10),B2C,Google Maps,4.7,Actif,2026-06-29T00:14:35.704514,haute
BJ-9C3B88CF,Satellite Groupe Grand-Popo,Télécommunications,Grand-Popo,+229 66 70 75 31,satellite.groupe.grandpopo@satellite.groupe.grandpopo.benin,satellitegroupegrandpopo.bj,PME (50-200),B2C,Google Maps,3.0,Actif,2026-06-29T00:14:35.704547,haute
BJ-6BBD5AE0,Réseau Communication,Télécommunications,Grand-Popo,+229 54 25 49 40,réseau.communication@réseau.communication.bj,réseaucommunication.bj,PME (50-200),B2B,Google Maps,4.9,Actif,2026-06-29T00:14:35.704582,haute
BJ-41EBD749,Satellite,Télécommunications,Grand-Popo,+229 36 53 82 84,satellite@satellite.benin,satellite.bj,PME (10-50),B2C,Google Maps,3.8,Actif,2026-06-29T00:14:35.704620,haute
BJ-CE5AFD2D,Digital Tech Telecom,Télécommunications,Athiémé,+229 97 15 27 96,digital.tech.telecom@digital.tech.telecom.org,digitaltechtelecom.bj,TPE (<10),B2B,Google Maps,4.2,Actif,2026-06-29T00:14:35.704664,haute
BJ-572B1144,Digital Data,Télécommunications,Athiémé,+229 67 80 26 14,digital.data@digital.data.benin,digitaldata.bj,Grande (>200),B2B,Google Maps,5.0,Actif,2026-06-29T00:14:35.704699,haute
BJ-682C0D23,Réseau Data,Télécommunications,Athiémé,+229 49 98 45 83,réseau.data@réseau.data.com,réseaudata.bj,TPE (<10),B2C,Google Maps,4.6,Actif,2026-06-29T00:14:35.704733,haute
BJ-427A9D81,Connect Fiber SA,Télécommunications,Athiémé,+229 57 63 66 18,connect.fiber.sa@connect.fiber.sa.bj,connectfibersa.bj,PME (10-50),B2B,Google Maps,4.8,Actif,2026-06-29T00:14:35.704771,haute
BJ-73CAF3E3,Connect Internet,Télécommunications,Athiémé,+229 98 96 11 76,connect.internet@connect.internet.net,connectinternet.bj,TPE (<10),B2C,Google Maps,4.6,Actif,2026-06-29T00:14:35.704804,haute
BJ-C0AB6181,Réseau Data Bénin,Télécommunications,Bopa,+229 48 84 92 86,,réseaudatabénin.bj,TPE (<10),B2B,Google Maps,4.9,Actif,2026-06-29T00:14:35.704846,moyenne
BJ-4C329D74,Internet Télécom Bénin,Télécommunications,Bopa,+229 40 55 95 64,internet.télécom.bénin@internet.télécom.bénin.org,internettélécombénin.bj,TPE (<10),B2C,Google Maps,3.3,Actif,2026-06-29T00:14:35.704881,haute
BJ-A6452A70,Communication,Télécommunications,Bopa,+229 62 59 66 63,communication@communication.benin,communication.bj,Grande (>200),B2C,Google Maps,3.0,Actif,2026-06-29T00:14:35.704928,haute
BJ-9DFD2CBB,Réseau SA,Télécommunications,Bopa,+229 78 15 28 34,réseau.sa@réseau.sa.com,réseausa.bj,PME (10-50),B2C,Google Maps,4.6,Actif,2026-06-29T00:14:35.704968,haute
BJ-EB754533,Internet Tech SA,Télécommunications,Bopa,+229 28 73 44 15,internet.tech.sa@internet.tech.sa.bj,internettechsa.bj,PME (50-200),B2B,Google Maps,5.0,Actif,2026-06-29T00:14:35.705003,haute
BJ-1664C1B9,Digital Télécom,Télécommunications,Houéyogbé,+229 42 21 27 21,digital.télécom@digital.télécom.org,digitaltélécom.bj,TPE (<10),B2C,Google Maps,4.4,Actif,2026-06-29T00:14:35.705049,haute
BJ-B036B233,Mobile Mobile,Télécommunications,Houéyogbé,+229 52 86 64 98,mobile.mobile@mobile.mobile.net,mobilemobile.bj,PME (10-50),B2B,Google Maps,4.7,Actif,2026-06-29T00:14:35.705125,haute
BJ-D4DD8AAF,Digital Réseau,Télécommunications,Houéyogbé,+229 82 63 39 31,digital.réseau@digital.réseau.org,digitalréseau.bj,TPE (<10),B2B,Google Maps,3.3,Actif,2026-06-29T00:14:35.705172,haute
BJ-3A69916D,Connect Tech,Télécommunications,Houéyogbé,+229 69 82 70 18,connect.tech@connect.tech.com,connecttech.bj,PME (10-50),B2C,Google Maps,4.3,Actif,2026-06-29T00:14:35.705213,haute
BJ-80A64846,Internet Satellite,Télécommunications,Houéyogbé,+229 81 52 30 84,,internetsatellite.bj,TPE (<10),B2B,Google Maps,3.9,Actif,2026-06-29T00:14:35.705248,moyenne
BJ-B3875F44,Voice Groupe,Télécommunications,Malanville,+229 97 96 23 90,voice.groupe@voice.groupe.net,,PME (50-200),B2B,Google Maps,3.8,Actif,2026-06-29T00:14:35.705292,moyenne
BJ-2231F53B,Digital SA Malanville,Télécommunications,Malanville,+229 91 25 39 98,digital.sa.malanville@digital.sa.malanville.net,digitalsamalanville.bj,TPE (<10),B2C,Google Maps,4.2,Actif,2026-06-29T00:14:35.705324,haute
BJ-8597E1DE,Connect Digital,Télécommunications,Malanville,+229 67 72 70 46,connect.digital@connect.digital.org,connectdigital.bj,PME (50-200),B2C,Google Maps,3.0,Actif,2026-06-29T00:14:35.705356,haute
BJ-16AC5DA2,Réseau SA,Télécommunications,Malanville,+229 37 32 31 12,réseau.sa@réseau.sa.org,réseausa.bj,TPE (<10),B2C,Google Maps,4.3,Actif,2026-06-29T00:14:35.705389,haute
BJ-83C9F363,Mobile Voice Malanville,Télécommunications,Malanville,+229 73 88 88 86,mobile.voice.malanville@mobile.voice.malanville.org,mobilevoicemalanville.bj,TPE (<10),B2B,Google Maps,4.9,Actif,2026-06-29T00:14:35.705421,haute
BJ-B2ABCABE,Digital Africa Kandi,Télécommunications,Kandi,+229 83 35 97 26,digital.africa.kandi@digital.africa.kandi.org,digitalafricakandi.bj,PME (10-50),B2C,Google Maps,3.6,Actif,2026-06-29T00:14:35.705463,haute
BJ-09B0FF3A,Réseau Mobile Africa,Télécommunications,Kandi,+229 49 63 94 23,réseau.mobile.africa@réseau.mobile.africa.net,réseaumobileafrica.bj,Grande (>200),B2C,Google Maps,4.0,Actif,2026-06-29T00:14:35.705498,haute
BJ-1DB06BA9,Réseau,Télécommunications,Kandi,+229 59 77 34 27,réseau@réseau.benin,,PME (50-200),B2C,Google Maps,4.6,Actif,2026-06-29T00:14:35.705529,moyenne
BJ-E3780628,Internet,Télécommunications,Kandi,+229 36 69 69 57,,internet.bj,TPE (<10),B2B,Google Maps,4.0,Actif,2026-06-29T00:14:35.705563,moyenne
BJ-2E2E0870,Data SA,Télécommunications,Kandi,+229 66 31 11 20,data.sa@data.sa.com,,TPE (<10),B2B,Google Maps,4.1,Actif,2026-06-29T00:14:35.705595,moyenne
BJ-D7B3E942,Voice SA,Télécommunications,Banikoara,+229 37 46 36 35,voice.sa@voice.sa.benin,voicesa.bj,TPE (<10),B2B,Google Maps,4.5,Actif,2026-06-29T00:14:35.705637,haute
BJ-5EAD26C2,Internet Télécom,Télécommunications,Banikoara,+229 61 35 47 25,internet.télécom@internet.télécom.net,internettélécom.bj,Grande (>200),B2B,Google Maps,3.2,Actif,2026-06-29T00:14:35.705670,haute
BJ-68FF770D,Connect Digital Telecom,Télécommunications,Banikoara,+229 58 31 81 60,connect.digital.telecom@connect.digital.telecom.net,connectdigitaltelecom.bj,TPE (<10),B2B,Google Maps,4.3,Actif,2026-06-29T00:14:35.705702,haute
BJ-3BF77590,Réseau Tech SARL,Télécommunications,Banikoara,+229 27 42 75 67,réseau.tech.sarl@réseau.tech.sarl.com,réseautechsarl.bj,TPE (<10),B2B,Google Maps,4.6,Actif,2026-06-29T00:14:35.705733,haute
BJ-6964D0A5,Communication SA,Télécommunications,Banikoara,+229 42 73 39 31,communication.sa@communication.sa.org,communicationsa.bj,PME (50-200),B2C,Google Maps,3.6,Actif,2026-06-29T00:14:35.705778,haute
BJ-FA4B2E2B,Réseau Voice,Télécommunications,Ségbana,+229 65 35 73 13,réseau.voice@réseau.voice.net,,PME (10-50),B2C,Google Maps,3.3,Actif,2026-06-29T00:14:35.705823,moyenne
BJ-0EFA3C28,Mobile Digital International,Télécommunications,Ségbana,+229 61 42 67 72,,,TPE (<10),B2B,Google Maps,4.7,Actif,2026-06-29T00:14:35.705853,basse
BJ-83956393,Internet,Télécommunications,Ségbana,+229 73 21 19 13,internet@internet.org,internet.bj,PME (50-200),B2C,Google Maps,3.9,Actif,2026-06-29T00:14:35.705900,haute
BJ-5F89D659,Connect Fiber,Télécommunications,Ségbana,+229 65 30 90 40,connect.fiber@connect.fiber.org,connectfiber.bj,Grande (>200),B2C,Google Maps,4.9,Actif,2026-06-29T00:14:35.705959,haute
BJ-59D0B06A,Télécom SARL,Télécommunications,Ségbana,+229 46 40 92 22,télécom.sarl@télécom.sarl.net,télécomsarl.bj,PME (50-200),B2B,Google Maps,3.7,Actif,2026-06-29T00:14:35.705997,haute
BJ-626163E8,Réseau Karimama,Télécommunications,Karimama,+229 98 41 80 76,réseau.karimama@réseau.karimama.com,réseaukarimama.bj,Grande (>200),B2B,Google Maps,4.4,Actif,2026-06-29T00:14:35.706043,haute
BJ-D31A41E5,Voice SARL,Télécommunications,Karimama,+229 88 15 60 10,,,PME (10-50),B2B,Google Maps,4.1,Actif,2026-06-29T00:14:35.706074,basse
BJ-B0E77C24,Digital Tech SA,Télécommunications,Karimama,+229 70 87 39 43,digital.tech.sa@digital.tech.sa.bj,digitaltechsa.bj,PME (10-50),B2B,Google Maps,3.6,Actif,2026-06-29T00:14:35.706107,haute
BJ-4C13FB2F,Internet Wireless SA,Télécommunications,Karimama,+229 21 79 31 97,internet.wireless.sa@internet.wireless.sa.net,,PME (50-200),B2B,Google Maps,3.2,Actif,2026-06-29T00:14:35.706138,moyenne
BJ-638BEA63,Internet Connect,Télécommunications,Karimama,+229 90 83 96 21,internet.connect@internet.connect.com,internetconnect.bj,TPE (<10),B2C,Google Maps,4.2,Actif,2026-06-29T00:14:35.706170,haute
BJ-7A347C54,Communication,Télécommunications,Gogounou,+229 63 24 55 69,,communication.bj,TPE (<10),B2C,Google Maps,4.4,Actif,2026-06-29T00:14:35.706211,moyenne
BJ-B0866023,Tech Telecom,Télécommunications,Gogounou,+229 98 69 51 28,tech.telecom@tech.telecom.com,,TPE (<10),B2B,Google Maps,4.7,Actif,2026-06-29T00:14:35.706243,moyenne
BJ-2FD4BBDE,Digital,Télécommunications,Gogounou,+229 90 99 68 96,digital@digital.com,,PME (10-50),B2C,Google Maps,5.0,Actif,2026-06-29T00:14:35.706275,moyenne
BJ-D1947380,Digital Voice,Télécommunications,Gogounou,+229 49 74 68 47,digital.voice@digital.voice.net,,PME (10-50),B2C,Google Maps,4.9,Actif,2026-06-29T00:14:35.706315,moyenne
BJ-34D900AB,Internet,Télécommunications,Gogounou,+229 93 42 91 42,internet@internet.bj,internet.bj,TPE (<10),B2C,Google Maps,4.2,Actif,2026-06-29T00:14:35.706349,haute
BJ-AF5149D7,Digital Fiber Cobly,Télécommunications,Cobly,+229 25 32 48 83,,,TPE (<10),B2B,Google Maps,4.9,Actif,2026-06-29T00:14:35.706392,basse
BJ-F6313331,Télécom SA Cobly,Télécommunications,Cobly,+229 99 77 68 84,,,TPE (<10),B2C,Google Maps,4.7,Actif,2026-06-29T00:14:35.706424,basse
BJ-4C3BEFD9,Mobile,Télécommunications,Cobly,+229 71 20 45 52,mobile@mobile.bj,mobile.bj,TPE (<10),B2C,Google Maps,3.6,Actif,2026-06-29T00:14:35.706464,haute
BJ-7EAEBA9A,Communication Bénin Cobly,Télécommunications,Cobly,+229 72 25 47 20,communication.bénin.cobly@communication.bénin.cobly.bj,,PME (50-200),B2B,Google Maps,4.7,Actif,2026-06-29T00:14:35.706497,moyenne
BJ-A82B59CE,Réseau Internet SA,Télécommunications,Cobly,+229 37 84 67 14,réseau.internet.sa@réseau.internet.sa.net,réseauinternetsa.bj,TPE (<10),B2C,Google Maps,3.5,Actif,2026-06-29T00:14:35.706528,haute
BJ-1B66777C,Télécom Digital,Télécommunications,Tanguiéta,+229 81 56 71 54,,télécomdigital.bj,TPE (<10),B2B,Google Maps,5.0,Actif,2026-06-29T00:14:35.706569,moyenne
BJ-A84866BD,Connect Satellite Groupe,Télécommunications,Tanguiéta,+229 46 91 35 21,,connectsatellitegroupe.bj,TPE (<10),B2B,Google Maps,4.3,Actif,2026-06-29T00:14:35.706600,moyenne
BJ-A63FBEFB,Connect Telecom,Télécommunications,Tanguiéta,+229 39 33 40 14,connect.telecom@connect.telecom.benin,connecttelecom.bj,Grande (>200),B2B,Google Maps,3.5,Actif,2026-06-29T00:14:35.706631,haute
BJ-D9C5EAA5,Télécom Data International,Télécommunications,Tanguiéta,+229 99 63 47 44,,télécomdatainternational.bj,TPE (<10),B2C,Google Maps,3.2,Actif,2026-06-29T00:14:35.706674,moyenne
BJ-C74A42B0,Internet,Télécommunications,Tanguiéta,+229 75 32 69 16,internet@internet.net,internet.bj,PME (10-50),B2C,Google Maps,4.1,Actif,2026-06-29T00:14:35.706708,haute
BJ-7C9F93C6,Internet Telecom,Télécommunications,Matéri,+229 36 40 64 11,internet.telecom@internet.telecom.bj,internettelecom.bj,TPE (<10),B2B,Google Maps,3.4,Actif,2026-06-29T00:14:35.706752,haute
BJ-AD8E0620,Connect Télécom Africa,Télécommunications,Matéri,+229 48 32 76 64,connect.télécom.africa@connect.télécom.africa.org,,TPE (<10),B2B,Google Maps,4.2,Actif,2026-06-29T00:14:35.706784,moyenne
BJ-1975F0B2,Tech Bénin,Télécommunications,Matéri,+229 91 26 81 18,,techbénin.bj,PME (10-50),B2B,Google Maps,3.7,Actif,2026-06-29T00:14:35.706830,moyenne
BJ-E9A05223,Mobile Bénin,Télécommunications,Matéri,+229 23 88 50 22,mobile.bénin@mobile.bénin.net,,PME (10-50),B2C,Google Maps,3.3,Actif,2026-06-29T00:14:35.706864,moyenne
BJ-3048107A,Mobile Telecom,Télécommunications,Matéri,+229 22 10 25 80,mobile.telecom@mobile.telecom.net,mobiletelecom.bj,TPE (<10),B2B,Google Maps,4.4,Actif,2026-06-29T00:14:35.706909,haute
BJ-0EDCD1EA,Digital Internet,Télécommunications,Natitingou,+229 83 41 71 57,,digitalinternet.bj,PME (50-200),B2C,Google Maps,4.0,Actif,2026-06-29T00:14:35.706956,moyenne
BJ-5713A953,Réseau Groupe,Télécommunications,Natitingou,+229 50 43 27 28,réseau.groupe@réseau.groupe.benin,réseaugroupe.bj,Grande (>200),B2C,Google Maps,4.1,Actif,2026-06-29T00:14:35.706988,haute
BJ-9C68C859,Internet Natitingou,Télécommunications,Natitingou,+229 80 28 83 86,,,TPE (<10),B2B,Google Maps,4.1,Actif,2026-06-29T00:14:35.707017,basse
BJ-E2D80853,Digital Connect SARL,Télécommunications,Natitingou,+229 86 43 32 96,digital.connect.sarl@digital.connect.sarl.com,digitalconnectsarl.bj,PME (50-200),B2B,Google Maps,4.7,Actif,2026-06-29T00:14:35.707051,haute
BJ-7735F35F,Satellite,Télécommunications,Natitingou,+229 34 65 69 42,,satellite.bj,TPE (<10),B2C,Google Maps,3.3,Actif,2026-06-29T00:14:35.707080,moyenne
BJ-A83520B6,Connect Data Bénin Toucountouna,Télécommunications,Toucountouna,+229 94 46 79 66,connect.data.bénin.toucountouna@connect.data.bénin.toucountouna.com,,Grande (>200),B2B,Google Maps,4.6,Actif,2026-06-29T00:14:35.707120,moyenne
BJ-FFE4EA2B,Digital,Télécommunications,Toucountouna,+229 43 73 35 31,digital@digital.com,,PME (50-200),B2B,Google Maps,4.9,Actif,2026-06-29T00:14:35.707150,moyenne
BJ-37CD596E,Mobile Voice Bénin,Télécommunications,Toucountouna,+229 47 13 60 83,mobile.voice.bénin@mobile.voice.bénin.com,mobilevoicebénin.bj,PME (10-50),B2B,Google Maps,3.2,Actif,2026-06-29T00:14:35.707182,haute
BJ-2494053C,Voice Africa Toucountouna,Télécommunications,Toucountouna,+229 48 54 70 99,voice.africa.toucountouna@voice.africa.toucountouna.benin,voiceafricatoucountouna.bj,TPE (<10),B2C,Google Maps,3.9,Actif,2026-06-29T00:14:35.707214,haute
BJ-8FF9A17C,Connect Communication,Télécommunications,Toucountouna,+229 58 94 64 92,connect.communication@connect.communication.benin,connectcommunication.bj,TPE (<10),B2B,Google Maps,4.4,Actif,2026-06-29T00:14:35.707244,haute
BJ-74982130,Digital Voice Africa,Télécommunications,Boukoumbé,+229 74 81 81 90,digital.voice.africa@digital.voice.africa.com,digitalvoiceafrica.bj,PME (10-50),B2B,Google Maps,3.9,Actif,2026-06-29T00:14:35.707283,haute
BJ-4D833B13,Fiber,Télécommunications,Boukoumbé,+229 88 31 77 67,fiber@fiber.net,fiber.bj,PME (10-50),B2B,Google Maps,4.8,Actif,2026-06-29T00:14:35.707314,haute
BJ-5C3F9DCE,Internet,Télécommunications,Boukoumbé,+229 26 23 76 83,internet@internet.benin,internet.bj,PME (10-50),B2C,Google Maps,3.2,Actif,2026-06-29T00:14:35.707345,haute
BJ-6F7A2D65,Data Telecom Boukoumbé,Télécommunications,Boukoumbé,+229 99 69 62 85,data.telecom.boukoumbé@data.telecom.boukoumbé.bj,datatelecomboukoumbé.bj,PME (10-50),B2B,Google Maps,4.1,Actif,2026-06-29T00:14:35.707380,haute
BJ-9091327C,Tech,Télécommunications,Boukoumbé,+229 62 43 66 61,,tech.bj,TPE (<10),B2B,Google Maps,4.3,Actif,2026-06-29T00:14:35.707408,moyenne
BJ-8A39944A,Connect Internet,Télécommunications,Kouandé,+229 80 65 76 67,connect.internet@connect.internet.org,connectinternet.bj,Grande (>200),B2C,Google Maps,4.6,Actif,2026-06-29T00:14:35.707455,haute
BJ-214F245C,Mobile Mobile,Télécommunications,Kouandé,+229 21 19 60 90,mobile.mobile@mobile.mobile.org,mobilemobile.bj,TPE (<10),B2C,Google Maps,3.5,Actif,2026-06-29T00:14:35.707486,haute
BJ-E04C5F0D,Connect Télécom Groupe,Télécommunications,Kouandé,+229 48 48 95 44,connect.télécom.groupe@connect.télécom.groupe.com,,PME (10-50),B2B,Google Maps,4.8,Actif,2026-06-29T00:14:35.707516,moyenne
BJ-623D89F9,Internet Communication,Télécommunications,Kouandé,+229 53 50 93 94,internet.communication@internet.communication.benin,internetcommunication.bj,Grande (>200),B2C,Google Maps,3.4,Actif,2026-06-29T00:14:35.707548,haute
BJ-E787BE09,Mobile Communication,Télécommunications,Kouandé,+229 48 83 76 80,mobile.communication@mobile.communication.com,mobilecommunication.bj,PME (10-50),B2B,Google Maps,4.6,Actif,2026-06-29T00:14:35.707579,haute
BJ-0E697022,Data,Télécommunications,Péhunco,+229 93 42 95 51,data@data.com,,PME (50-200),B2B,Google Maps,3.6,Actif,2026-06-29T00:14:35.707618,moyenne
BJ-E76B6DFE,Voice SA,Télécommunications,Péhunco,+229 72 71 96 48,,voicesa.bj,Grande (>200),B2B,Google Maps,3.5,Actif,2026-06-29T00:14:35.707648,moyenne
BJ-D17EF026,Digital Voice SARL,Télécommunications,Péhunco,+229 31 95 55 55,,digitalvoicesarl.bj,TPE (<10),B2C,Google Maps,4.0,Actif,2026-06-29T00:14:35.707676,moyenne
BJ-14CDCEDB,Réseau Communication,Télécommunications,Péhunco,+229 98 19 27 30,réseau.communication@réseau.communication.com,réseaucommunication.bj,PME (50-200),B2C,Google Maps,4.3,Actif,2026-06-29T00:14:35.707711,haute
BJ-1EDAAB75,Tech,Télécommunications,Péhunco,+229 98 32 78 99,tech@tech.net,,TPE (<10),B2B,Google Maps,4.1,Actif,2026-06-29T00:14:35.707741,moyenne
BJ-F00FA8EB,Digital Fiber Groupe,Télécommunications,Tchaourou,+229 94 19 11 12,digital.fiber.groupe@digital.fiber.groupe.org,digitalfibergroupe.bj,PME (50-200),B2C,Google Maps,4.2,Actif,2026-06-29T00:14:35.707780,haute
BJ-375871B1,Wireless SA,Télécommunications,Tchaourou,+229 69 33 54 10,wireless.sa@wireless.sa.org,wirelesssa.bj,TPE (<10),B2B,Google Maps,3.7,Actif,2026-06-29T00:14:35.707814,haute
BJ-40D68929,Télécom Data SARL,Télécommunications,Tchaourou,+229 31 95 58 25,télécom.data.sarl@télécom.data.sarl.bj,,PME (50-200),B2C,Google Maps,4.6,Actif,2026-06-29T00:14:35.707845,moyenne
BJ-9D062679,Digital Réseau,Télécommunications,Tchaourou,+229 77 13 26 48,,digitalréseau.bj,Grande (>200),B2B,Google Maps,4.1,Actif,2026-06-29T00:14:35.707874,moyenne
BJ-56E0DC44,Digital Télécom,Télécommunications,Tchaourou,+229 43 49 20 72,,digitaltélécom.bj,TPE (<10),B2B,Google Maps,3.6,Actif,2026-06-29T00:14:35.707912,moyenne
BJ-0F9873F5,Connect Satellite,Télécommunications,Nikki,+229 41 22 12 48,connect.satellite@connect.satellite.bj,connectsatellite.bj,TPE (<10),B2B,Google Maps,3.2,Actif,2026-06-29T00:14:35.707956,haute
BJ-ED1E28F1,Mobile,Télécommunications,Nikki,+229 50 16 74 67,mobile@mobile.benin,mobile.bj,PME (50-200),B2C,Google Maps,3.7,Actif,2026-06-29T00:14:35.707985,haute
BJ-B55AE871,Télécom,Télécommunications,Nikki,+229 36 73 42 55,télécom@télécom.com,télécom.bj,TPE (<10),B2C,Google Maps,4.5,Actif,2026-06-29T00:14:35.708016,haute
BJ-91B438B4,Internet Bénin,Télécommunications,Nikki,+229 87 42 48 11,internet.bénin@internet.bénin.bj,,TPE (<10),B2B,Google Maps,3.9,Actif,2026-06-29T00:14:35.708049,moyenne
BJ-0416F2BD,Réseau Communication,Télécommunications,Nikki,+229 52 53 44 35,réseau.communication@réseau.communication.org,,TPE (<10),B2B,Google Maps,4.9,Actif,2026-06-29T00:14:35.708080,moyenne
BJ-B76FC45B,Fiber,Télécommunications,Bembéréké,+229 64 46 15 54,,,PME (10-50),B2C,Google Maps,4.4,Actif,2026-06-29T00:14:35.708116,basse
BJ-43AC6B44,Internet Groupe,Télécommunications,Bembéréké,+229 28 14 56 79,internet.groupe@internet.groupe.benin,internetgroupe.bj,PME (50-200),B2C,Google Maps,3.2,Actif,2026-06-29T00:14:35.708147,haute
BJ-CECE972B,Digital Satellite Bembéréké,Télécommunications,Bembéréké,+229 79 22 34 81,,digitalsatellitebembéréké.bj,Grande (>200),B2C,Google Maps,4.6,Actif,2026-06-29T00:14:35.708177,moyenne
BJ-3647C84F,Tech Africa,Télécommunications,Bembéréké,+229 23 95 72 83,tech.africa@tech.africa.bj,techafrica.bj,PME (50-200),B2B,Google Maps,3.5,Actif,2026-06-29T00:14:35.708208,haute
BJ-5E003521,Réseau Fiber International,Télécommunications,Bembéréké,+229 99 79 19 17,réseau.fiber.international@réseau.fiber.international.bj,réseaufiberinternational.bj,PME (50-200),B2B,Google Maps,4.0,Actif,2026-06-29T00:14:35.708239,haute
BJ-B6C3B65F,Mobile SA,Télécommunications,Kalalé,+229 43 48 60 92,mobile.sa@mobile.sa.bj,mobilesa.bj,Grande (>200),B2B,Google Maps,3.4,Actif,2026-06-29T00:14:35.708278,haute
BJ-AEC0A27A,Internet Connect SA,Télécommunications,Kalalé,+229 74 64 91 96,internet.connect.sa@internet.connect.sa.org,internetconnectsa.bj,PME (10-50),B2B,Google Maps,4.5,Actif,2026-06-29T00:14:35.708310,haute
BJ-AE4D89A0,Digital Wireless International,Télécommunications,Kalalé,+229 57 53 35 99,digital.wireless.international@digital.wireless.international.org,,TPE (<10),B2C,Google Maps,3.8,Actif,2026-06-29T00:14:35.708340,moyenne
BJ-718B45E0,Réseau,Télécommunications,Kalalé,+229 88 93 34 70,réseau@réseau.org,réseau.bj,PME (50-200),B2B,Google Maps,4.6,Actif,2026-06-29T00:14:35.708394,haute
BJ-ACB04E28,Réseau Connect Africa,Télécommunications,Kalalé,+229 34 48 54 18,réseau.connect.africa@réseau.connect.africa.bj,réseauconnectafrica.bj,PME (50-200),B2B,Google Maps,3.0,Actif,2026-06-29T00:14:35.708426,haute
BJ-7B2BC0A7,Digital Satellite International,Télécommunications,Ndali,+229 67 21 94 15,digital.satellite.international@digital.satellite.international.net,digitalsatelliteinternational.bj,PME (10-50),B2C,Google Maps,3.3,Actif,2026-06-29T00:14:35.708465,haute
BJ-ED77A462,Digital,Télécommunications,Ndali,+229 26 21 23 56,digital@digital.benin,,PME (10-50),B2C,Google Maps,4.3,Actif,2026-06-29T00:14:35.708498,moyenne
BJ-08E256E3,Réseau Wireless Ndali,Télécommunications,Ndali,+229 60 56 44 39,,,Grande (>200),B2C,Google Maps,4.7,Actif,2026-06-29T00:14:35.708526,basse
BJ-F1993BA6,Voice Bénin,Télécommunications,Ndali,+229 70 16 76 14,voice.bénin@voice.bénin.com,,PME (50-200),B2B,Google Maps,3.9,Actif,2026-06-29T00:14:35.708556,moyenne
BJ-85F1C2BF,Fiber,Télécommunications,Ndali,+229 64 48 57 92,,,PME (50-200),B2C,Google Maps,3.8,Actif,2026-06-29T00:14:35.708586,basse
BJ-47700160,Réseau,Télécommunications,Ségbana,+229 72 90 74 42,réseau@réseau.net,réseau.bj,TPE (<10),B2B,Google Maps,3.6,Actif,2026-06-29T00:14:35.708627,haute
BJ-96430AA4,Voice SARL,Télécommunications,Ségbana,+229 85 81 90 37,voice.sarl@voice.sarl.org,voicesarl.bj,PME (10-50),B2C,Google Maps,4.7,Actif,2026-06-29T00:14:35.708658,haute
BJ-EC5AD499,Mobile SA,Télécommunications,Ségbana,+229 33 38 55 92,,,TPE (<10),B2B,Google Maps,4.7,Actif,2026-06-29T00:14:35.708685,basse
BJ-9C10465C,Digital,Télécommunications,Ségbana,+229 48 68 21 64,digital@digital.bj,digital.bj,PME (10-50),B2C,Google Maps,3.1,Actif,2026-06-29T00:14:35.708718,haute
BJ-92219F0A,Internet Groupe,Télécommunications,Ségbana,+229 68 43 36 47,,,PME (10-50),B2C,Google Maps,3.9,Actif,2026-06-29T00:14:35.708746,basse
BJ-FD79F403,Internet Connect Tchaourou,Télécommunications,Tchaourou,+229 82 68 15 70,internet.connect.tchaourou@internet.connect.tchaourou.com,,TPE (<10),B2B,Google Maps,4.4,Actif,2026-06-29T00:14:35.708786,moyenne
BJ-1641F013,Réseau Bénin,Télécommunications,Tchaourou,+229 23 52 95 17,réseau.bénin@réseau.bénin.net,réseaubénin.bj,TPE (<10),B2C,Google Maps,3.5,Actif,2026-06-29T00:14:35.708818,haute
BJ-C2EFDF24,Mobile Data,Télécommunications,Tchaourou,+229 87 31 86 77,mobile.data@mobile.data.benin,mobiledata.bj,TPE (<10),B2B,Google Maps,4.1,Actif,2026-06-29T00:14:35.708848,haute
BJ-6CA33F50,Voice,Télécommunications,Tchaourou,+229 61 96 91 57,,,PME (50-200),B2C,Google Maps,3.2,Actif,2026-06-29T00:14:35.708876,basse
BJ-2FC87135,Digital Wireless SARL Tchaourou,Télécommunications,Tchaourou,+229 55 85 25 14,digital.wireless.sarl.tchaourou@digital.wireless.sarl.tchaourou.benin,,PME (10-50),B2C,Google Maps,4.7,Actif,2026-06-29T00:14:35.708916,moyenne
BJ-BCC73829,Internet Bétérou,Télécommunications,Bétérou,+229 84 71 65 53,internet.bétérou@internet.bétérou.bj,internetbétérou.bj,TPE (<10),B2C,Google Maps,3.5,Actif,2026-06-29T00:14:35.708958,haute
BJ-55737698,Connect Communication,Télécommunications,Bétérou,+229 63 63 88 16,connect.communication@connect.communication.com,connectcommunication.bj,PME (50-200),B2C,Google Maps,3.9,Actif,2026-06-29T00:14:35.708993,haute
BJ-F36591EE,Télécom Africa,Télécommunications,Bétérou,+229 69 21 58 98,,télécomafrica.bj,PME (10-50),B2B,Google Maps,3.5,Actif,2026-06-29T00:14:35.709028,moyenne
BJ-AE7EB903,Mobile Voice,Télécommunications,Bétérou,+229 48 25 98 17,mobile.voice@mobile.voice.bj,mobilevoice.bj,PME (50-200),B2B,Google Maps,4.1,Actif,2026-06-29T00:14:35.709062,haute
BJ-76F1732B,Internet Wireless SA,Télécommunications,Bétérou,+229 69 30 15 37,,internetwirelesssa.bj,TPE (<10),B2B,Google Maps,4.8,Actif,2026-06-29T00:14:35.709092,moyenne
BJ-0EEB9EFB,Wireless SARL,Télécommunications,Ouessè,+229 64 69 58 40,wireless.sarl@wireless.sarl.benin,,TPE (<10),B2B,Google Maps,4.1,Actif,2026-06-29T00:14:35.709130,moyenne
BJ-EEC2597C,Digital Voice Africa,Télécommunications,Ouessè,+229 56 67 61 74,digital.voice.africa@digital.voice.africa.benin,digitalvoiceafrica.bj,TPE (<10),B2C,Google Maps,3.7,Actif,2026-06-29T00:14:35.709160,haute
BJ-29746061,Data,Télécommunications,Ouessè,+229 85 55 56 62,,data.bj,PME (50-200),B2C,Google Maps,4.7,Actif,2026-06-29T00:14:35.709189,moyenne
BJ-2B5649EA,Connect Communication,Télécommunications,Ouessè,+229 72 20 45 20,connect.communication@connect.communication.org,connectcommunication.bj,PME (10-50),B2B,Google Maps,3.5,Actif,2026-06-29T00:14:35.709219,haute
BJ-27466954,Réseau Groupe,Télécommunications,Ouessè,+229 71 20 58 27,réseau.groupe@réseau.groupe.net,,PME (10-50),B2C,Google Maps,4.4,Actif,2026-06-29T00:14:35.709251,moyenne
BJ-9CCA2BBA,Mobile Wireless International,Télécommunications,Glazoué,+229 21 89 54 63,,mobilewirelessinternational.bj,TPE (<10),B2C,Google Maps,4.1,Actif,2026-06-29T00:14:35.709288,moyenne
BJ-F249F9E3,Mobile Mobile Telecom,Télécommunications,Glazoué,+229 99 51 38 76,mobile.mobile.telecom@mobile.mobile.telecom.org,mobilemobiletelecom.bj,PME (10-50),B2C,Google Maps,4.2,Actif,2026-06-29T00:14:35.709322,haute
BJ-BBA5C633,Tech,Télécommunications,Glazoué,+229 28 24 75 56,tech@tech.com,,TPE (<10),B2C,Google Maps,4.8,Actif,2026-06-29T00:14:35.709352,moyenne
BJ-8DFE8A69,Télécom Communication,Télécommunications,Glazoué,+229 90 61 71 25,télécom.communication@télécom.communication.net,,PME (10-50),B2C,Google Maps,4.6,Actif,2026-06-29T00:14:35.709386,moyenne
BJ-02F66693,Satellite,Télécommunications,Glazoué,+229 39 82 83 25,,satellite.bj,PME (10-50),B2B,Google Maps,4.9,Actif,2026-06-29T00:14:35.709415,moyenne
BJ-002ED4E5,Réseau Télécom,Télécommunications,Dassa-Zoumè,+229 49 12 68 81,réseau.télécom@réseau.télécom.bj,,TPE (<10),B2B,Google Maps,3.3,Actif,2026-06-29T00:14:35.709470,moyenne
BJ-8321262A,Digital Data,Télécommunications,Dassa-Zoumè,+229 52 40 60 89,digital.data@digital.data.org,digitaldata.bj,PME (50-200),B2B,Google Maps,3.8,Actif,2026-06-29T00:14:35.709503,haute
BJ-4535ECB6,Internet Réseau,Télécommunications,Dassa-Zoumè,+229 24 15 91 95,internet.réseau@internet.réseau.com,internetréseau.bj,TPE (<10),B2C,Google Maps,3.9,Actif,2026-06-29T00:14:35.709534,haute
BJ-CF7F356E,Internet,Télécommunications,Dassa-Zoumè,+229 59 62 84 26,internet@internet.com,internet.bj,PME (10-50),B2B,Google Maps,3.8,Actif,2026-06-29T00:14:35.709575,haute
BJ-AD2FC7B3,Digital Digital SA,Télécommunications,Dassa-Zoumè,+229 46 41 81 95,,digitaldigitalsa.bj,TPE (<10),B2B,Google Maps,5.0,Actif,2026-06-29T00:14:35.709591,moyenne
BJ-B22B9BC3,Digital Africa,Télécommunications,Savalou,+229 86 54 51 78,digital.africa@digital.africa.net,digitalafrica.bj,PME (10-50),B2C,Google Maps,3.7,Actif,2026-06-29T00:14:35.709614,haute
BJ-7621EB78,Digital Connect Africa Savalou,Télécommunications,Savalou,+229 83 26 69 71,digital.connect.africa.savalou@digital.connect.africa.savalou.org,digitalconnectafricasavalou.bj,PME (50-200),B2C,Google Maps,4.9,Actif,2026-06-29T00:14:35.709630,haute
BJ-2E6F1D14,Internet Internet International,Télécommunications,Savalou,+229 33 25 54 83,internet.internet.international@internet.internet.international.net,internetinternetinternational.bj,PME (10-50),B2C,Google Maps,3.1,Actif,2026-06-29T00:14:35.709645,haute
BJ-47F145EA,Mobile Communication,Télécommunications,Savalou,+229 88 77 29 52,mobile.communication@mobile.communication.bj,mobilecommunication.bj,PME (10-50),B2C,Google Maps,3.9,Actif,2026-06-29T00:14:35.709662,haute
BJ-BD55DC41,Internet Télécom,Télécommunications,Savalou,+229 60 71 31 75,internet.télécom@internet.télécom.org,internettélécom.bj,PME (10-50),B2B,Google Maps,4.7,Actif,2026-06-29T00:14:35.709678,haute
BJ-DF923AE6,Wireless,Télécommunications,Bantè,+229 82 40 12 36,wireless@wireless.com,wireless.bj,PME (50-200),B2C,Google Maps,3.2,Actif,2026-06-29T00:14:35.709699,haute
BJ-A74A7CE3,Voice Bénin,Télécommunications,Bantè,+229 93 52 84 54,voice.bénin@voice.bénin.org,voicebénin.bj,TPE (<10),B2B,Google Maps,4.5,Actif,2026-06-29T00:14:35.709714,haute
BJ-A6092FC3,Télécom Réseau Bantè,Télécommunications,Bantè,+229 51 83 66 80,,télécomréseaubantè.bj,Grande (>200),B2B,Google Maps,3.3,Actif,2026-06-29T00:14:35.709728,moyenne
BJ-F4D012EE,Satellite Bantè,Télécommunications,Bantè,+229 97 63 32 83,satellite.bantè@satellite.bantè.bj,,PME (10-50),B2B,Google Maps,4.5,Actif,2026-06-29T00:14:35.709742,moyenne
BJ-D5025116,Wireless Groupe,Télécommunications,Bantè,+229 80 17 24 35,wireless.groupe@wireless.groupe.bj,wirelessgroupe.bj,PME (10-50),B2C,Google Maps,4.4,Actif,2026-06-29T00:14:35.709756,haute
BJ-01DEA561,Connect Internet,Télécommunications,Djougou,+229 44 94 24 10,connect.internet@connect.internet.org,connectinternet.bj,PME (50-200),B2C,Google Maps,4.2,Actif,2026-06-29T00:14:35.709776,haute
BJ-C3CBA439,Digital Connect Djougou,Télécommunications,Djougou,+229 22 32 64 38,digital.connect.djougou@digital.connect.djougou.com,digitalconnectdjougou.bj,TPE (<10),B2B,Google Maps,3.7,Actif,2026-06-29T00:14:35.709790,haute
BJ-686D23D7,Wireless Africa,Télécommunications,Djougou,+229 98 78 70 12,wireless.africa@wireless.africa.org,wirelessafrica.bj,TPE (<10),B2C,Google Maps,4.8,Actif,2026-06-29T00:14:35.709808,haute
BJ-2065545B,Digital Réseau Bénin,Télécommunications,Djougou,+229 71 15 11 72,digital.réseau.bénin@digital.réseau.bénin.net,digitalréseaubénin.bj,TPE (<10),B2C,Google Maps,3.7,Actif,2026-06-29T00:14:35.709827,haute
BJ-B013CB21,Communication,Télécommunications,Djougou,+229 80 32 65 75,communication@communication.com,communication.bj,PME (10-50),B2B,Google Maps,3.4,Actif,2026-06-29T00:14:35.709841,haute
BJ-7D41C157,Mobile Tech,Télécommunications,Ouèssè,+229 26 39 29 96,mobile.tech@mobile.tech.benin,mobiletech.bj,TPE (<10),B2B,Google Maps,4.9,Actif,2026-06-29T00:14:35.709861,haute
BJ-5E4B1E4E,Internet Wireless,Télécommunications,Ouèssè,+229 36 90 31 65,internet.wireless@internet.wireless.com,internetwireless.bj,TPE (<10),B2B,Google Maps,3.6,Actif,2026-06-29T00:14:35.709875,haute
BJ-6BE74D15,Télécom Fiber,Télécommunications,Ouèssè,+229 54 66 49 68,télécom.fiber@télécom.fiber.bj,télécomfiber.bj,TPE (<10),B2C,Google Maps,4.7,Actif,2026-06-29T00:14:35.709910,haute
BJ-6A1F0EB1,Mobile Satellite Telecom,Télécommunications,Ouèssè,+229 35 34 18 36,,mobilesatellitetelecom.bj,TPE (<10),B2C,Google Maps,3.1,Actif,2026-06-29T00:14:35.709926,moyenne
BJ-AC2F0817,Mobile,Télécommunications,Ouèssè,+229 73 29 60 72,mobile@mobile.bj,mobile.bj,PME (10-50),B2C,Google Maps,3.5,Actif,2026-06-29T00:14:35.709940,haute
BJ-C421FF8A,Réseau,Télécommunications,Bassila,+229 30 98 30 85,réseau@réseau.benin,réseau.bj,PME (10-50),B2C,Google Maps,4.9,Actif,2026-06-29T00:14:35.709962,haute
BJ-4F92FDF1,Connect Satellite Telecom,Télécommunications,Bassila,+229 96 17 73 17,connect.satellite.telecom@connect.satellite.telecom.benin,connectsatellitetelecom.bj,TPE (<10),B2C,Google Maps,3.2,Actif,2026-06-29T00:14:35.709976,haute
BJ-40582EFD,Tech Groupe,Télécommunications,Bassila,+229 82 57 92 12,tech.groupe@tech.groupe.benin,,TPE (<10),B2B,Google Maps,4.6,Actif,2026-06-29T00:14:35.709990,moyenne
BJ-9FACE7F8,Communication,Télécommunications,Bassila,+229 74 37 46 92,,communication.bj,PME (10-50),B2B,Google Maps,3.0,Actif,2026-06-29T00:14:35.710006,moyenne
BJ-973410D9,Satellite,Télécommunications,Bassila,+229 94 49 10 42,,,TPE (<10),B2B,Google Maps,3.5,Actif,2026-06-29T00:14:35.710019,basse
BJ-4C3DD1D4,Réseau International,Télécommunications,Pehunco,+229 32 82 25 27,,réseauinternational.bj,TPE (<10),B2B,Google Maps,4.4,Actif,2026-06-29T00:14:35.710039,moyenne
BJ-B5288335,Télécom SARL,Télécommunications,Pehunco,+229 44 61 36 48,télécom.sarl@télécom.sarl.com,télécomsarl.bj,TPE (<10),B2B,Google Maps,4.1,Actif,2026-06-29T00:14:35.710054,haute
BJ-09DF5411,Data,Télécommunications,Pehunco,+229 35 52 77 85,,data.bj,TPE (<10),B2B,Google Maps,3.9,Actif,2026-06-29T00:14:35.710068,moyenne
BJ-67D22E0D,Connect,Télécommunications,Pehunco,+229 58 83 61 21,,connect.bj,Grande (>200),B2C,Google Maps,4.7,Actif,2026-06-29T00:14:35.710081,moyenne
BJ-1F8F3B5E,Tech,Télécommunications,Pehunco,+229 80 44 60 54,tech@tech.org,tech.bj,TPE (<10),B2B,Google Maps,4.6,Actif,2026-06-29T00:14:35.710099,haute
BJ-1D2E2C4F,Réseau Telecom,Télécommunications,Copargo,+229 54 30 41 15,réseau.telecom@réseau.telecom.benin,réseautelecom.bj,PME (50-200),B2B,Google Maps,4.8,Actif,2026-06-29T00:14:35.710123,haute
BJ-69273EC0,Satellite Africa,Télécommunications,Copargo,+229 21 91 28 90,satellite.africa@satellite.africa.bj,satelliteafrica.bj,TPE (<10),B2C,Google Maps,3.8,Actif,2026-06-29T00:14:35.710138,haute
BJ-10AA2428,Mobile Africa,Télécommunications,Copargo,+229 30 17 76 20,mobile.africa@mobile.africa.com,mobileafrica.bj,PME (10-50),B2B,Google Maps,3.5,Actif,2026-06-29T00:14:35.710151,haute
BJ-1233F2B2,Télécom Internet SARL,Télécommunications,Copargo,+229 87 26 78 29,,télécominternetsarl.bj,PME (10-50),B2C,Google Maps,4.5,Actif,2026-06-29T00:14:35.710168,moyenne
BJ-C3939C67,Télécom,Télécommunications,Copargo,+229 34 22 66 26,télécom@télécom.com,télécom.bj,PME (10-50),B2B,Google Maps,4.9,Actif,2026-06-29T00:14:35.710182,haute
BJ-BFDFE5D2,Groupe Agriculture,Agriculture & Agroalimentaire,Cotonou,+229 25 91 65 44,groupe.agriculture@groupe.agriculture.net,,TPE (<10),B2C,Google Maps,3.6,Actif,2026-06-29T00:14:35.710203,moyenne
BJ-5BF3508C,Groupe Alimentaire Agro,Agriculture & Agroalimentaire,Cotonou,+229 88 66 51 39,,,PME (50-200),B2B,Google Maps,3.7,Actif,2026-06-29T00:14:35.710215,basse
BJ-2778247C,Ferme Bétail,Agriculture & Agroalimentaire,Cotonou,+229 51 17 56 55,,,PME (50-200),B2C,Google Maps,3.5,Actif,2026-06-29T00:14:35.710227,basse
BJ-167CBA9C,Ferme Bénin,Agriculture & Agroalimentaire,Cotonou,+229 39 86 17 71,ferme.bénin@ferme.bénin.net,,PME (50-200),B2C,Google Maps,3.1,Actif,2026-06-29T00:14:35.710241,moyenne
BJ-BAAC368C,Production Transformation SARL,Agriculture & Agroalimentaire,Cotonou,+229 63 24 19 18,,,PME (50-200),B2C,Google Maps,4.6,Actif,2026-06-29T00:14:35.710253,basse
BJ-B155D7CA,Plantation Agriculture Bénin,Agriculture & Agroalimentaire,Abomey-Calavi,+229 82 65 75 28,,,PME (10-50),B2B,Google Maps,4.3,Actif,2026-06-29T00:14:35.710271,basse
BJ-75C967CF,Groupe Plantation Agro Abomey-Calavi,Agriculture & Agroalimentaire,Abomey-Calavi,+229 80 58 48 58,groupe.plantation.agro.abomeycalavi@groupe.plantation.agro.abomeycalavi.org,,TPE (<10),B2C,Google Maps,4.4,Actif,2026-06-29T00:14:35.710288,moyenne
BJ-97DA803C,Plantation Agro,Agriculture & Agroalimentaire,Abomey-Calavi,+229 36 19 68 50,plantation.agro@plantation.agro.net,plantationagro.bj,TPE (<10),B2C,Google Maps,3.3,Actif,2026-06-29T00:14:35.710303,haute
BJ-DC33F6A6,SARL Plantation,Agriculture & Agroalimentaire,Abomey-Calavi,+229 37 25 27 51,,,TPE (<10),B2B,Google Maps,3.3,Actif,2026-06-29T00:14:35.710318,basse
BJ-319061EB,Alimentaire Bénin,Agriculture & Agroalimentaire,Abomey-Calavi,+229 24 37 62 52,,,PME (50-200),B2B,Google Maps,4.5,Actif,2026-06-29T00:14:35.710331,basse
BJ-A7D5F7AB,Ferme Fruit,Agriculture & Agroalimentaire,Porto-Novo,+229 49 32 74 69,,,TPE (<10),B2C,Google Maps,4.1,Actif,2026-06-29T00:14:35.710349,basse
BJ-2A977665,Plantation Agriculture Ets,Agriculture & Agroalimentaire,Porto-Novo,+229 77 94 90 28,,,PME (50-200),B2C,Google Maps,3.4,Actif,2026-06-29T00:14:35.710364,basse
BJ-C0D38C3C,Ferme,Agriculture & Agroalimentaire,Porto-Novo,+229 53 60 82 21,,ferme.bj,PME (10-50),B2C,Google Maps,3.2,Actif,2026-06-29T00:14:35.710377,moyenne
BJ-8A86DA77,Ferme Ferme Ets,Agriculture & Agroalimentaire,Porto-Novo,+229 89 48 53 64,ferme.ferme.ets@ferme.ferme.ets.benin,,PME (10-50),B2C,Google Maps,4.3,Actif,2026-06-29T00:14:35.710390,moyenne
BJ-3879A11F,Agro Agriculture Ets,Agriculture & Agroalimentaire,Porto-Novo,+229 28 13 72 65,,,TPE (<10),B2C,Google Maps,3.8,Actif,2026-06-29T00:14:35.710402,basse
BJ-5E4406A3,Ferme Ferme,Agriculture & Agroalimentaire,Parakou,+229 94 73 38 68,,,PME (50-200),B2C,Google Maps,4.2,Actif,2026-06-29T00:14:35.710420,basse
BJ-EBE66C8C,Plantation Fruit,Agriculture & Agroalimentaire,Parakou,+229 36 31 98 18,plantation.fruit@plantation.fruit.org,,TPE (<10),B2C,Google Maps,4.1,Actif,2026-06-29T00:14:35.710434,moyenne
BJ-3D7E437F,Fruit Parakou,Agriculture & Agroalimentaire,Parakou,+229 36 71 84 70,fruit.parakou@fruit.parakou.bj,,TPE (<10),B2C,Google Maps,5.0,Actif,2026-06-29T00:14:35.710448,moyenne
BJ-E19C2F1B,Aquaculture,Agriculture & Agroalimentaire,Parakou,+229 37 91 94 64,,,TPE (<10),B2C,Google Maps,4.9,Actif,2026-06-29T00:14:35.710463,basse
BJ-F51F4820,Bétail Africa,Agriculture & Agroalimentaire,Parakou,+229 87 60 35 14,bétail.africa@bétail.africa.com,,TPE (<10),B2C,Google Maps,3.2,Actif,2026-06-29T00:14:35.710477,moyenne
BJ-BB4B0685,Bétail Groupe,Agriculture & Agroalimentaire,Bohicon,+229 62 35 24 87,,bétailgroupe.bj,PME (10-50),B2C,Google Maps,4.5,Actif,2026-06-29T00:14:35.710496,moyenne
BJ-C37B3C52,Aquaculture,Agriculture & Agroalimentaire,Bohicon,+229 35 48 45 19,aquaculture@aquaculture.com,aquaculture.bj,PME (10-50),B2B,Google Maps,3.9,Actif,2026-06-29T00:14:35.710510,haute
BJ-0637E3D7,Agro Agro Bohicon,Agriculture & Agroalimentaire,Bohicon,+229 23 82 55 31,,,TPE (<10),B2C,Google Maps,4.7,Actif,2026-06-29T00:14:35.710522,basse
BJ-CA2BD865,Agro Aquaculture Bohicon,Agriculture & Agroalimentaire,Bohicon,+229 84 23 77 93,,agroaquaculturebohicon.bj,PME (10-50),B2B,Google Maps,4.1,Actif,2026-06-29T00:14:35.710536,moyenne
BJ-07182EB5,Ets Élevage,Agriculture & Agroalimentaire,Bohicon,+229 77 98 25 58,ets.élevage@ets.élevage.com,,TPE (<10),B2C,Google Maps,3.1,Actif,2026-06-29T00:14:35.710549,moyenne
BJ-FB8CA83E,Plantation Plantation Groupe,Agriculture & Agroalimentaire,Natitingou,+229 44 94 85 96,,,TPE (<10),B2B,Google Maps,4.3,Actif,2026-06-29T00:14:35.710567,basse
BJ-D1067144,SARL Transformation Agro,Agriculture & Agroalimentaire,Natitingou,+229 30 21 68 29,sarl.transformation.agro@sarl.transformation.agro.com,,PME (50-200),B2C,Google Maps,3.3,Actif,2026-06-29T00:14:35.710580,moyenne
BJ-5A10C983,Groupe Céréale Agro,Agriculture & Agroalimentaire,Natitingou,+229 45 78 15 79,groupe.céréale.agro@groupe.céréale.agro.net,groupecéréaleagro.bj,TPE (<10),B2B,Google Maps,4.6,Actif,2026-06-29T00:14:35.710595,haute
BJ-23933668,Agriculture,Agriculture & Agroalimentaire,Natitingou,+229 61 91 56 80,agriculture@agriculture.com,,PME (50-200),B2B,Google Maps,3.2,Actif,2026-06-29T00:14:35.710615,moyenne
BJ-B1C8B30D,Production Céréale,Agriculture & Agroalimentaire,Natitingou,+229 94 14 68 44,production.céréale@production.céréale.bj,,PME (10-50),B2C,Google Maps,3.2,Actif,2026-06-29T00:14:35.710630,moyenne
BJ-EEAD9FF0,Légume Africa,Agriculture & Agroalimentaire,Lokossa,+229 68 18 12 82,légume.africa@légume.africa.net,,TPE (<10),B2B,Google Maps,3.3,Actif,2026-06-29T00:14:35.710654,moyenne
BJ-0A9E050A,Céréale,Agriculture & Agroalimentaire,Lokossa,+229 41 35 96 23,,,Grande (>200),B2C,Google Maps,3.6,Actif,2026-06-29T00:14:35.710667,basse
BJ-AE2AA389,Plantation Pêche,Agriculture & Agroalimentaire,Lokossa,+229 52 10 16 98,plantation.pêche@plantation.pêche.org,,TPE (<10),B2B,Google Maps,4.1,Actif,2026-06-29T00:14:35.710680,moyenne
BJ-C603B3DB,Bétail SARL,Agriculture & Agroalimentaire,Lokossa,+229 60 30 13 29,bétail.sarl@bétail.sarl.com,bétailsarl.bj,PME (50-200),B2B,Google Maps,4.1,Actif,2026-06-29T00:14:35.710698,haute
BJ-98DBD5A9,Alimentaire,Agriculture & Agroalimentaire,Lokossa,+229 55 57 80 85,alimentaire@alimentaire.com,alimentaire.bj,TPE (<10),B2C,Google Maps,3.9,Actif,2026-06-29T00:14:35.710712,haute
BJ-BB0ED4B3,Alimentaire,Agriculture & Agroalimentaire,Ouidah,+229 72 76 87 23,alimentaire@alimentaire.org,,TPE (<10),B2B,Google Maps,4.4,Actif,2026-06-29T00:14:35.710730,moyenne
BJ-9E38F7BF,Agro,Agriculture & Agroalimentaire,Ouidah,+229 21 56 14 95,agro@agro.benin,,TPE (<10),B2C,Google Maps,3.4,Actif,2026-06-29T00:14:35.710761,moyenne
BJ-7F92C4F6,Ferme Transformation,Agriculture & Agroalimentaire,Ouidah,+229 98 82 93 31,ferme.transformation@ferme.transformation.org,,PME (10-50),B2B,Google Maps,4.2,Actif,2026-06-29T00:14:35.710773,moyenne
BJ-0CA87287,Ets Plantation Agro Ouidah,Agriculture & Agroalimentaire,Ouidah,+229 31 23 33 10,,etsplantationagroouidah.bj,TPE (<10),B2B,Google Maps,4.0,Actif,2026-06-29T00:14:35.710790,moyenne
BJ-8CA485A8,Groupe Élevage Farm,Agriculture & Agroalimentaire,Ouidah,+229 79 63 37 77,groupe.élevage.farm@groupe.élevage.farm.net,groupeélevagefarm.bj,PME (10-50),B2C,Google Maps,4.0,Actif,2026-06-29T00:14:35.710806,haute
BJ-04A938B2,Bétail Ets Savalou,Agriculture & Agroalimentaire,Savalou,+229 57 54 96 23,,,PME (50-200),B2B,Google Maps,4.9,Actif,2026-06-29T00:14:35.710825,basse
BJ-96D027E7,Élevage,Agriculture & Agroalimentaire,Savalou,+229 84 57 20 87,élevage@élevage.benin,élevage.bj,TPE (<10),B2C,Google Maps,3.8,Actif,2026-06-29T00:14:35.710840,haute
BJ-5070090E,Groupe Agro Ets,Agriculture & Agroalimentaire,Savalou,+229 45 52 58 25,,groupeagroets.bj,TPE (<10),B2C,Google Maps,5.0,Actif,2026-06-29T00:14:35.710853,moyenne
BJ-C21873F0,Légume Groupe,Agriculture & Agroalimentaire,Savalou,+229 98 69 83 84,légume.groupe@légume.groupe.bj,,TPE (<10),B2C,Google Maps,4.5,Actif,2026-06-29T00:14:35.710866,moyenne
BJ-6D8F041A,Ets Agro Bénin,Agriculture & Agroalimentaire,Savalou,+229 76 64 45 73,ets.agro.bénin@ets.agro.bénin.org,,PME (50-200),B2C,Google Maps,3.6,Actif,2026-06-29T00:14:35.710880,moyenne
BJ-60BA2CCB,Groupe Agriculture Farm,Agriculture & Agroalimentaire,Dassa-Zoumè,+229 24 83 92 41,groupe.agriculture.farm@groupe.agriculture.farm.org,groupeagriculturefarm.bj,TPE (<10),B2C,Google Maps,3.5,Actif,2026-06-29T00:14:35.710921,haute
BJ-414C4A5C,Plantation Dassa-Zoumè,Agriculture & Agroalimentaire,Dassa-Zoumè,+229 48 13 88 11,plantation.dassazoumè@plantation.dassazoumè.net,,Grande (>200),B2B,Google Maps,4.6,Actif,2026-06-29T00:14:35.710938,moyenne
BJ-8FD0B7A8,Production Ferme,Agriculture & Agroalimentaire,Dassa-Zoumè,+229 57 13 66 19,,,TPE (<10),B2B,Google Maps,3.9,Actif,2026-06-29T00:14:35.710951,basse
BJ-8EDCF3F6,SARL Fruit,Agriculture & Agroalimentaire,Dassa-Zoumè,+229 63 67 40 63,sarl.fruit@sarl.fruit.net,,PME (10-50),B2B,Google Maps,3.8,Actif,2026-06-29T00:14:35.710967,moyenne
BJ-99BC9393,Ets Agro,Agriculture & Agroalimentaire,Dassa-Zoumè,+229 56 48 13 23,,,TPE (<10),B2B,Google Maps,3.3,Actif,2026-06-29T00:14:35.710979,basse
BJ-518E6ACB,SARL Pêche Africa,Agriculture & Agroalimentaire,Kétou,+229 86 76 32 34,sarl.pêche.africa@sarl.pêche.africa.com,,TPE (<10),B2B,Google Maps,4.1,Actif,2026-06-29T00:14:35.710999,moyenne
BJ-726C80B0,Ferme Agro Groupe,Agriculture & Agroalimentaire,Kétou,+229 42 57 97 93,,,TPE (<10),B2B,Google Maps,3.7,Actif,2026-06-29T00:14:35.711011,basse
BJ-F7445559,Production Céréale,Agriculture & Agroalimentaire,Kétou,+229 30 54 10 59,production.céréale@production.céréale.benin,,TPE (<10),B2C,Google Maps,3.3,Actif,2026-06-29T00:14:35.711025,moyenne
BJ-0A945185,Agro,Agriculture & Agroalimentaire,Kétou,+229 89 99 67 16,agro@agro.benin,,PME (50-200),B2C,Google Maps,4.3,Actif,2026-06-29T00:14:35.711038,moyenne
BJ-C87A5BF0,SARL Bétail Farm,Agriculture & Agroalimentaire,Kétou,+229 65 33 55 79,,,PME (10-50),B2B,Google Maps,3.3,Actif,2026-06-29T00:14:35.711050,basse
BJ-AE8BC618,Agro,Agriculture & Agroalimentaire,Covè,+229 59 44 48 26,,agro.bj,TPE (<10),B2B,Google Maps,3.6,Actif,2026-06-29T00:14:35.711068,moyenne
BJ-E3D39E86,Plantation Plantation Agro,Agriculture & Agroalimentaire,Covè,+229 45 61 66 48,,,TPE (<10),B2C,Google Maps,3.5,Actif,2026-06-29T00:14:35.711081,basse
BJ-1DB6DAAA,Céréale Farm,Agriculture & Agroalimentaire,Covè,+229 50 87 14 26,céréale.farm@céréale.farm.bj,céréalefarm.bj,PME (50-200),B2B,Google Maps,4.1,Actif,2026-06-29T00:14:35.711108,haute
BJ-B68F2B31,Plantation Transformation,Agriculture & Agroalimentaire,Covè,+229 77 82 53 18,plantation.transformation@plantation.transformation.org,plantationtransformation.bj,PME (10-50),B2C,Google Maps,4.4,Actif,2026-06-29T00:14:35.711130,haute
BJ-8423120A,Agro Plantation,Agriculture & Agroalimentaire,Covè,+229 93 57 25 82,,,TPE (<10),B2C,Google Maps,3.6,Actif,2026-06-29T00:14:35.711143,basse
BJ-24278EC3,Industrie,Agriculture & Agroalimentaire,Pobè,+229 37 39 11 37,,,TPE (<10),B2C,Google Maps,4.4,Actif,2026-06-29T00:14:35.711164,basse
BJ-EA50E679,Production Agro,Agriculture & Agroalimentaire,Pobè,+229 89 52 23 70,production.agro@production.agro.benin,,PME (50-200),B2B,Google Maps,3.4,Actif,2026-06-29T00:14:35.711192,moyenne
BJ-EB9B25F2,Ets Fruit Plantation,Agriculture & Agroalimentaire,Pobè,+229 63 18 14 10,ets.fruit.plantation@ets.fruit.plantation.benin,,PME (50-200),B2B,Google Maps,3.0,Actif,2026-06-29T00:14:35.711215,moyenne
BJ-9B247851,Élevage Bénin,Agriculture & Agroalimentaire,Pobè,+229 31 82 52 85,,,TPE (<10),B2C,Google Maps,3.9,Actif,2026-06-29T00:14:35.711243,basse
BJ-5CACB955,Production Bétail Plantation,Agriculture & Agroalimentaire,Pobè,+229 22 21 13 90,,productionbétailplantation.bj,PME (10-50),B2B,Google Maps,3.5,Actif,2026-06-29T00:14:35.711274,moyenne
BJ-5F0A21C1,Agriculture Groupe,Agriculture & Agroalimentaire,Sakété,+229 60 81 37 43,,agriculturegroupe.bj,TPE (<10),B2C,Google Maps,3.1,Actif,2026-06-29T00:14:35.711316,moyenne
BJ-F864F963,Agro Élevage,Agriculture & Agroalimentaire,Sakété,+229 96 67 53 20,agro.élevage@agro.élevage.benin,agroélevage.bj,TPE (<10),B2C,Google Maps,4.7,Actif,2026-06-29T00:14:35.711356,haute
BJ-5653D6C1,Pêche,Agriculture & Agroalimentaire,Sakété,+229 28 52 43 95,pêche@pêche.com,pêche.bj,PME (50-200),B2B,Google Maps,3.9,Actif,2026-06-29T00:14:35.711381,haute
BJ-9B5A49B4,Production Ferme Africa Sakété,Agriculture & Agroalimentaire,Sakété,+229 38 50 83 68,,,PME (50-200),B2B,Google Maps,3.8,Actif,2026-06-29T00:14:35.711407,basse
BJ-F7B2C68E,Ferme Céréale,Agriculture & Agroalimentaire,Sakété,+229 94 65 49 82,,,TPE (<10),B2C,Google Maps,3.2,Actif,2026-06-29T00:14:35.711430,basse
BJ-6E85FF7D,Élevage Adjara,Agriculture & Agroalimentaire,Adjara,+229 72 46 32 33,élevage.adjara@élevage.adjara.benin,élevageadjara.bj,PME (50-200),B2B,Google Maps,4.6,Actif,2026-06-29T00:14:35.711468,haute
BJ-0EB25EAA,Céréale Adjara,Agriculture & Agroalimentaire,Adjara,+229 50 61 37 18,,céréaleadjara.bj,PME (10-50),B2C,Google Maps,3.8,Actif,2026-06-29T00:14:35.711491,moyenne
BJ-7FC6FFE6,Ets Ferme Plantation Adjara,Agriculture & Agroalimentaire,Adjara,+229 41 11 61 24,ets.ferme.plantation.adjara@ets.ferme.plantation.adjara.com,,TPE (<10),B2C,Google Maps,3.9,Actif,2026-06-29T00:14:35.711516,moyenne
BJ-B7CD9861,Agro Ets,Agriculture & Agroalimentaire,Adjara,+229 23 91 14 10,agro.ets@agro.ets.net,agroets.bj,TPE (<10),B2B,Google Maps,4.6,Actif,2026-06-29T00:14:35.711540,haute
BJ-E4AAE6CC,Agro Transformation,Agriculture & Agroalimentaire,Adjara,+229 35 22 85 57,agro.transformation@agro.transformation.benin,agrotransformation.bj,TPE (<10),B2B,Google Maps,4.3,Actif,2026-06-29T00:14:35.711566,haute
BJ-BFB3DCD4,Élevage Agro,Agriculture & Agroalimentaire,Allada,+229 55 28 30 35,élevage.agro@élevage.agro.org,,PME (50-200),B2B,Google Maps,3.5,Actif,2026-06-29T00:14:35.711604,moyenne
BJ-EC6C57FB,SARL Élevage,Agriculture & Agroalimentaire,Allada,+229 65 64 30 69,sarl.élevage@sarl.élevage.net,sarlélevage.bj,PME (50-200),B2B,Google Maps,4.3,Actif,2026-06-29T00:14:35.711634,haute
BJ-FC177FFA,Transformation Allada,Agriculture & Agroalimentaire,Allada,+229 57 96 86 75,,transformationallada.bj,TPE (<10),B2B,Google Maps,4.9,Actif,2026-06-29T00:14:35.711658,moyenne
BJ-86502F51,Élevage,Agriculture & Agroalimentaire,Allada,+229 57 36 31 99,élevage@élevage.com,,TPE (<10),B2B,Google Maps,3.6,Actif,2026-06-29T00:14:35.711688,moyenne
BJ-35F1DC00,Transformation,Agriculture & Agroalimentaire,Allada,+229 75 22 23 59,,transformation.bj,PME (10-50),B2B,Google Maps,3.9,Actif,2026-06-29T00:14:35.711711,moyenne
BJ-6F8BE79D,Céréale Farm,Agriculture & Agroalimentaire,Aplahoué,+229 29 42 89 72,céréale.farm@céréale.farm.bj,,PME (50-200),B2C,Google Maps,4.8,Actif,2026-06-29T00:14:35.711748,moyenne
BJ-00BAC2FB,Transformation Aplahoué,Agriculture & Agroalimentaire,Aplahoué,+229 77 16 46 18,transformation.aplahoué@transformation.aplahoué.org,transformationaplahoué.bj,PME (10-50),B2C,Google Maps,3.5,Actif,2026-06-29T00:14:35.711789,haute
BJ-E903FDCC,Ets Plantation Ets,Agriculture & Agroalimentaire,Aplahoué,+229 50 34 65 87,,etsplantationets.bj,PME (10-50),B2B,Google Maps,4.4,Actif,2026-06-29T00:14:35.711815,moyenne
BJ-85442644,SARL Fruit Aplahoué,Agriculture & Agroalimentaire,Aplahoué,+229 28 19 74 22,,,PME (50-200),B2C,Google Maps,3.6,Actif,2026-06-29T00:14:35.711836,basse
BJ-E858B159,Industrie Africa,Agriculture & Agroalimentaire,Aplahoué,+229 77 43 73 66,industrie.africa@industrie.africa.org,,TPE (<10),B2C,Google Maps,4.2,Actif,2026-06-29T00:14:35.711859,moyenne
BJ-E224A101,Plantation Pêche Agro,Agriculture & Agroalimentaire,Dogbo-Tota,+229 24 22 51 77,plantation.pêche.agro@plantation.pêche.agro.org,plantationpêcheagro.bj,PME (10-50),B2B,Google Maps,3.8,Actif,2026-06-29T00:14:35.711948,haute
BJ-1802B995,Légume Ets,Agriculture & Agroalimentaire,Dogbo-Tota,+229 22 88 99 21,,,TPE (<10),B2B,Google Maps,4.7,Actif,2026-06-29T00:14:35.711983,basse
BJ-A70E561B,Groupe Ferme SARL,Agriculture & Agroalimentaire,Dogbo-Tota,+229 41 91 78 55,,,Grande (>200),B2B,Google Maps,4.1,Actif,2026-06-29T00:14:35.712012,basse
BJ-A13C1F1B,Agriculture Dogbo-Tota,Agriculture & Agroalimentaire,Dogbo-Tota,+229 88 98 18 95,,,PME (50-200),B2C,Google Maps,3.5,Actif,2026-06-29T00:14:35.712043,basse
BJ-73588866,Légume,Agriculture & Agroalimentaire,Dogbo-Tota,+229 94 28 32 77,,,Grande (>200),B2B,Google Maps,3.5,Actif,2026-06-29T00:14:35.712067,basse
BJ-77BBB356,Industrie Agro,Agriculture & Agroalimentaire,Kpomassè,+229 30 53 86 82,,,TPE (<10),B2C,Google Maps,3.5,Actif,2026-06-29T00:14:35.712109,basse
BJ-5334BB4D,Production Bétail Africa,Agriculture & Agroalimentaire,Kpomassè,+229 37 32 95 83,production.bétail.africa@production.bétail.africa.benin,productionbétailafrica.bj,Grande (>200),B2B,Google Maps,4.6,Actif,2026-06-29T00:14:35.712153,haute
BJ-D7173BBB,Céréale Kpomassè,Agriculture & Agroalimentaire,Kpomassè,+229 89 36 17 23,,,TPE (<10),B2C,Google Maps,3.3,Actif,2026-06-29T00:14:35.712180,basse
BJ-C0641B7B,Aquaculture,Agriculture & Agroalimentaire,Kpomassè,+229 43 26 26 38,aquaculture@aquaculture.com,aquaculture.bj,PME (50-200),B2B,Google Maps,4.4,Actif,2026-06-29T00:14:35.712206,haute
BJ-72350845,Plantation Aquaculture,Agriculture & Agroalimentaire,Kpomassè,+229 30 93 50 17,plantation.aquaculture@plantation.aquaculture.bj,,PME (10-50),B2C,Google Maps,4.0,Actif,2026-06-29T00:14:35.712236,moyenne
BJ-B43672BC,Plantation Tori-Bossito,Agriculture & Agroalimentaire,Tori-Bossito,+229 62 92 21 53,,,TPE (<10),B2B,Google Maps,3.8,Actif,2026-06-29T00:14:35.712284,basse
BJ-87B51F89,Production Ferme Ets,Agriculture & Agroalimentaire,Tori-Bossito,+229 46 84 56 72,,productionfermeets.bj,PME (10-50),B2C,Google Maps,4.2,Actif,2026-06-29T00:14:35.712326,moyenne
BJ-8A46AB9A,Ferme Aquaculture Plantation,Agriculture & Agroalimentaire,Tori-Bossito,+229 89 30 95 19,,,PME (10-50),B2B,Google Maps,3.5,Actif,2026-06-29T00:14:35.712355,basse
BJ-F2B60942,Ets Élevage Plantation,Agriculture & Agroalimentaire,Tori-Bossito,+229 33 12 98 56,ets.élevage.plantation@ets.élevage.plantation.benin,,PME (50-200),B2C,Google Maps,3.8,Actif,2026-06-29T00:14:35.712389,moyenne
BJ-CF080979,Ferme Tori-Bossito,Agriculture & Agroalimentaire,Tori-Bossito,+229 51 47 34 79,,fermetoribossito.bj,PME (10-50),B2B,Google Maps,3.8,Actif,2026-06-29T00:14:35.712422,moyenne
BJ-ED6E933A,Élevage,Agriculture & Agroalimentaire,Grand-Popo,+229 71 58 37 87,,,TPE (<10),B2C,Google Maps,3.1,Actif,2026-06-29T00:14:35.712467,basse
BJ-DEBAB342,Industrie Farm,Agriculture & Agroalimentaire,Grand-Popo,+229 89 98 22 92,industrie.farm@industrie.farm.com,,TPE (<10),B2B,Google Maps,4.0,Actif,2026-06-29T00:14:35.712503,moyenne
BJ-871C6976,Ferme Bénin,Agriculture & Agroalimentaire,Grand-Popo,+229 75 47 36 27,ferme.bénin@ferme.bénin.net,fermebénin.bj,PME (10-50),B2B,Google Maps,3.0,Actif,2026-06-29T00:14:35.712577,haute
BJ-F345E99B,Agro Industrie,Agriculture & Agroalimentaire,Grand-Popo,+229 42 30 95 30,agro.industrie@agro.industrie.bj,agroindustrie.bj,PME (10-50),B2B,Google Maps,4.2,Actif,2026-06-29T00:14:35.712607,haute
BJ-30B74BFE,Ets Agriculture Agro,Agriculture & Agroalimentaire,Grand-Popo,+229 38 94 76 58,,,TPE (<10),B2C,Google Maps,3.9,Actif,2026-06-29T00:14:35.712633,basse
BJ-6559943E,Agriculture SARL,Agriculture & Agroalimentaire,Athiémé,+229 21 74 91 35,agriculture.sarl@agriculture.sarl.net,,Grande (>200),B2B,Google Maps,3.7,Actif,2026-06-29T00:14:35.712681,moyenne
BJ-183C5462,Production Agro,Agriculture & Agroalimentaire,Athiémé,+229 55 55 98 48,,productionagro.bj,TPE (<10),B2C,Google Maps,4.8,Actif,2026-06-29T00:14:35.712706,moyenne
BJ-6045AAE1,Production Alimentaire Agro,Agriculture & Agroalimentaire,Athiémé,+229 34 22 97 90,,,TPE (<10),B2C,Google Maps,4.3,Actif,2026-06-29T00:14:35.712739,basse
BJ-B988DA37,Industrie Bénin,Agriculture & Agroalimentaire,Athiémé,+229 28 88 35 54,,,PME (50-200),B2C,Google Maps,3.4,Actif,2026-06-29T00:14:35.712778,basse
BJ-FC354086,Production Alimentaire Africa,Agriculture & Agroalimentaire,Athiémé,+229 72 78 38 58,,,PME (10-50),B2B,Google Maps,4.7,Actif,2026-06-29T00:14:35.712812,basse
BJ-D2875833,Production Industrie,Agriculture & Agroalimentaire,Bopa,+229 29 64 70 17,production.industrie@production.industrie.bj,,TPE (<10),B2B,Google Maps,4.7,Actif,2026-06-29T00:14:35.712874,moyenne
BJ-85B04001,Ferme Pêche Bénin Bopa,Agriculture & Agroalimentaire,Bopa,+229 55 82 90 72,,,PME (50-200),B2C,Google Maps,4.4,Actif,2026-06-29T00:14:35.712922,basse
BJ-800916C2,Transformation SARL,Agriculture & Agroalimentaire,Bopa,+229 72 21 37 38,,,PME (10-50),B2B,Google Maps,3.3,Actif,2026-06-29T00:14:35.712951,basse
BJ-E34681DA,Transformation,Agriculture & Agroalimentaire,Bopa,+229 28 92 12 20,transformation@transformation.net,transformation.bj,PME (10-50),B2C,Google Maps,4.4,Actif,2026-06-29T00:14:35.712996,haute
BJ-23DF5B0D,Alimentaire Bénin,Agriculture & Agroalimentaire,Bopa,+229 46 38 63 17,,,PME (10-50),B2B,Google Maps,3.3,Actif,2026-06-29T00:14:35.713034,basse
BJ-8655613F,Plantation,Agriculture & Agroalimentaire,Houéyogbé,+229 63 11 11 22,,plantation.bj,TPE (<10),B2B,Google Maps,3.4,Actif,2026-06-29T00:14:35.713080,moyenne
BJ-B0093DB0,Plantation Céréale,Agriculture & Agroalimentaire,Houéyogbé,+229 92 58 63 41,,,PME (10-50),B2C,Google Maps,5.0,Actif,2026-06-29T00:14:35.713106,basse
BJ-0B250525,Ferme,Agriculture & Agroalimentaire,Houéyogbé,+229 76 41 10 83,,,PME (10-50),B2B,Google Maps,4.8,Actif,2026-06-29T00:14:35.713162,basse
BJ-9EAC4366,SARL Aquaculture Bénin,Agriculture & Agroalimentaire,Houéyogbé,+229 82 47 67 93,sarl.aquaculture.bénin@sarl.aquaculture.bénin.net,sarlaquaculturebénin.bj,PME (10-50),B2C,Google Maps,3.2,Actif,2026-06-29T00:14:35.713203,haute
BJ-03FAB28F,Groupe Pêche Plantation,Agriculture & Agroalimentaire,Houéyogbé,+229 79 85 18 92,groupe.pêche.plantation@groupe.pêche.plantation.benin,,PME (10-50),B2B,Google Maps,4.2,Actif,2026-06-29T00:14:35.713231,moyenne
BJ-A4E8A135,Pêche,Agriculture & Agroalimentaire,Malanville,+229 25 72 42 83,,,PME (10-50),B2C,Google Maps,4.8,Actif,2026-06-29T00:14:35.713278,basse
BJ-5861DD95,Légume Agro,Agriculture & Agroalimentaire,Malanville,+229 98 88 54 28,,,TPE (<10),B2B,Google Maps,3.1,Actif,2026-06-29T00:14:35.713304,basse
BJ-0DC48AFA,Céréale Malanville,Agriculture & Agroalimentaire,Malanville,+229 57 15 23 59,céréale.malanville@céréale.malanville.bj,,PME (10-50),B2B,Google Maps,4.1,Actif,2026-06-29T00:14:35.713332,moyenne
BJ-A769DD44,SARL Agriculture,Agriculture & Agroalimentaire,Malanville,+229 45 53 37 13,sarl.agriculture@sarl.agriculture.com,,TPE (<10),B2C,Google Maps,3.6,Actif,2026-06-29T00:14:35.713360,moyenne
BJ-F2BD3C9F,Groupe Fruit Malanville,Agriculture & Agroalimentaire,Malanville,+229 76 99 76 21,,,TPE (<10),B2C,Google Maps,4.0,Actif,2026-06-29T00:14:35.713384,basse
BJ-CF010C5C,Plantation Élevage,Agriculture & Agroalimentaire,Kandi,+229 78 36 32 65,,,PME (10-50),B2B,Google Maps,4.5,Actif,2026-06-29T00:14:35.713458,basse
BJ-0773902E,Pêche Kandi,Agriculture & Agroalimentaire,Kandi,+229 74 29 66 15,pêche.kandi@pêche.kandi.org,,PME (10-50),B2C,Google Maps,4.5,Actif,2026-06-29T00:14:35.713492,moyenne
BJ-B08FCB10,Agro Bétail Groupe Kandi,Agriculture & Agroalimentaire,Kandi,+229 26 34 88 41,agro.bétail.groupe.kandi@agro.bétail.groupe.kandi.org,,PME (50-200),B2C,Google Maps,3.6,Actif,2026-06-29T00:14:35.713519,moyenne
BJ-ADE147B0,Groupe Élevage Bénin,Agriculture & Agroalimentaire,Kandi,+229 20 28 56 77,,groupeélevagebénin.bj,PME (10-50),B2C,Google Maps,4.8,Actif,2026-06-29T00:14:35.713556,moyenne
BJ-ECBC1D43,Fruit SARL,Agriculture & Agroalimentaire,Kandi,+229 85 29 38 29,fruit.sarl@fruit.sarl.benin,fruitsarl.bj,PME (10-50),B2B,Google Maps,4.9,Actif,2026-06-29T00:14:35.713589,haute
BJ-99887C11,Plantation Alimentaire,Agriculture & Agroalimentaire,Banikoara,+229 40 37 79 71,,,TPE (<10),B2B,Google Maps,3.5,Actif,2026-06-29T00:14:35.713638,basse
BJ-A4575CF5,Plantation Transformation,Agriculture & Agroalimentaire,Banikoara,+229 51 32 97 77,plantation.transformation@plantation.transformation.benin,,TPE (<10),B2B,Google Maps,3.0,Actif,2026-06-29T00:14:35.713686,moyenne
BJ-ABDDC03D,Agro Industrie Plantation,Agriculture & Agroalimentaire,Banikoara,+229 38 84 91 90,agro.industrie.plantation@agro.industrie.plantation.bj,,PME (10-50),B2B,Google Maps,4.3,Actif,2026-06-29T00:14:35.713726,moyenne
BJ-37E6912B,Groupe Agro,Agriculture & Agroalimentaire,Banikoara,+229 44 83 31 20,,groupeagro.bj,PME (10-50),B2B,Google Maps,3.1,Actif,2026-06-29T00:14:35.713758,moyenne
BJ-63C79F31,Groupe Céréale Groupe,Agriculture & Agroalimentaire,Banikoara,+229 84 87 65 72,,groupecéréalegroupe.bj,TPE (<10),B2B,Google Maps,4.1,Actif,2026-06-29T00:14:35.713800,moyenne
BJ-D2B1BBFA,Transformation Ségbana,Agriculture & Agroalimentaire,Ségbana,+229 98 20 27 28,,,PME (10-50),B2C,Google Maps,3.5,Actif,2026-06-29T00:14:35.713852,basse
BJ-22CE1B17,Production Plantation SARL,Agriculture & Agroalimentaire,Ségbana,+229 40 76 15 57,production.plantation.sarl@production.plantation.sarl.org,,PME (10-50),B2B,Google Maps,5.0,Actif,2026-06-29T00:14:35.713884,moyenne
BJ-48D52CE1,Plantation Ségbana,Agriculture & Agroalimentaire,Ségbana,+229 60 11 72 80,,,PME (50-200),B2C,Google Maps,3.1,Actif,2026-06-29T00:14:35.713926,basse
BJ-57DB1A99,Production Plantation,Agriculture & Agroalimentaire,Ségbana,+229 62 65 87 40,,,PME (50-200),B2B,Google Maps,3.9,Actif,2026-06-29T00:14:35.713962,basse
BJ-F6C1077D,Plantation Ferme,Agriculture & Agroalimentaire,Ségbana,+229 24 10 81 40,,plantationferme.bj,PME (10-50),B2C,Google Maps,4.5,Actif,2026-06-29T00:14:35.713995,moyenne
BJ-997A3C4F,Ets Légume Groupe,Agriculture & Agroalimentaire,Karimama,+229 94 37 88 14,,etslégumegroupe.bj,PME (10-50),B2C,Google Maps,3.7,Actif,2026-06-29T00:14:35.714050,moyenne
BJ-0D0DB816,Ets Ferme Karimama,Agriculture & Agroalimentaire,Karimama,+229 58 97 97 12,ets.ferme.karimama@ets.ferme.karimama.benin,,PME (10-50),B2C,Google Maps,3.4,Actif,2026-06-29T00:14:35.714081,moyenne
BJ-B717CD17,Aquaculture Africa,Agriculture & Agroalimentaire,Karimama,+229 70 53 85 88,aquaculture.africa@aquaculture.africa.benin,aquacultureafrica.bj,TPE (<10),B2C,Google Maps,4.2,Actif,2026-06-29T00:14:35.714112,haute
BJ-7FC7B3BD,Ferme Industrie,Agriculture & Agroalimentaire,Karimama,+229 99 81 18 74,ferme.industrie@ferme.industrie.com,,PME (10-50),B2B,Google Maps,4.4,Actif,2026-06-29T00:14:35.714142,moyenne
BJ-2206442A,Bétail,Agriculture & Agroalimentaire,Karimama,+229 72 70 42 32,,,PME (10-50),B2B,Google Maps,4.1,Actif,2026-06-29T00:14:35.714170,basse
BJ-D0333A1F,Agro Légume,Agriculture & Agroalimentaire,Gogounou,+229 42 71 68 38,,,Grande (>200),B2C,Google Maps,4.4,Actif,2026-06-29T00:14:35.714230,basse
BJ-20BBCC13,Agro Bétail,Agriculture & Agroalimentaire,Gogounou,+229 31 85 93 75,agro.bétail@agro.bétail.bj,agrobétail.bj,TPE (<10),B2C,Google Maps,3.8,Actif,2026-06-29T00:14:35.714263,haute
BJ-8167EDE5,Transformation Africa,Agriculture & Agroalimentaire,Gogounou,+229 42 77 89 63,,,TPE (<10),B2B,Google Maps,3.9,Actif,2026-06-29T00:14:35.714294,basse
BJ-B3D70A71,SARL Élevage,Agriculture & Agroalimentaire,Gogounou,+229 22 84 74 30,,sarlélevage.bj,TPE (<10),B2C,Google Maps,4.4,Actif,2026-06-29T00:14:35.714353,moyenne
BJ-32CE26B6,Plantation SARL,Agriculture & Agroalimentaire,Gogounou,+229 76 34 61 72,,plantationsarl.bj,TPE (<10),B2C,Google Maps,4.8,Actif,2026-06-29T00:14:35.714384,moyenne
BJ-8D5CD754,SARL Élevage Cobly,Agriculture & Agroalimentaire,Cobly,+229 44 99 65 72,,sarlélevagecobly.bj,PME (50-200),B2B,Google Maps,4.6,Actif,2026-06-29T00:14:35.714426,moyenne
BJ-C8DE70C1,Céréale Agro,Agriculture & Agroalimentaire,Cobly,+229 96 80 96 54,céréale.agro@céréale.agro.org,,TPE (<10),B2C,Google Maps,3.3,Actif,2026-06-29T00:14:35.714457,moyenne
BJ-61E7B697,Agro Bénin,Agriculture & Agroalimentaire,Cobly,+229 70 38 40 77,,agrobénin.bj,PME (10-50),B2C,Google Maps,3.5,Actif,2026-06-29T00:14:35.714492,moyenne
BJ-15122F9C,Fruit Ets,Agriculture & Agroalimentaire,Cobly,+229 68 11 50 57,fruit.ets@fruit.ets.bj,fruitets.bj,PME (10-50),B2B,Google Maps,3.4,Actif,2026-06-29T00:14:35.714526,haute
BJ-844DD64D,Ets Alimentaire Agro,Agriculture & Agroalimentaire,Cobly,+229 88 10 89 49,,,Grande (>200),B2B,Google Maps,4.3,Actif,2026-06-29T00:14:35.714555,basse
BJ-08D218FD,Groupe Ferme Bénin,Agriculture & Agroalimentaire,Tanguiéta,+229 32 63 74 41,,,PME (10-50),B2C,Google Maps,3.8,Actif,2026-06-29T00:14:35.714598,basse
BJ-4A8E1D1C,Céréale Bénin,Agriculture & Agroalimentaire,Tanguiéta,+229 96 94 98 29,céréale.bénin@céréale.bénin.benin,,TPE (<10),B2B,Google Maps,3.3,Actif,2026-06-29T00:14:35.714631,moyenne
BJ-C944F378,Fruit,Agriculture & Agroalimentaire,Tanguiéta,+229 60 73 77 68,fruit@fruit.com,,Grande (>200),B2C,Google Maps,4.7,Actif,2026-06-29T00:14:35.714662,moyenne
BJ-C3319B09,Agro Fruit Groupe,Agriculture & Agroalimentaire,Tanguiéta,+229 58 70 54 80,,,PME (10-50),B2B,Google Maps,4.9,Actif,2026-06-29T00:14:35.714700,basse
BJ-9F1832B2,Bétail,Agriculture & Agroalimentaire,Tanguiéta,+229 85 93 10 49,bétail@bétail.benin,bétail.bj,Grande (>200),B2B,Google Maps,3.3,Actif,2026-06-29T00:14:35.714734,haute
BJ-B878563B,Production Aquaculture Groupe,Agriculture & Agroalimentaire,Matéri,+229 56 85 11 81,production.aquaculture.groupe@production.aquaculture.groupe.org,,PME (10-50),B2B,Google Maps,4.6,Actif,2026-06-29T00:14:35.714787,moyenne
BJ-60B64060,Agro Aquaculture,Agriculture & Agroalimentaire,Matéri,+229 69 33 94 33,,,TPE (<10),B2C,Google Maps,3.0,Actif,2026-06-29T00:14:35.714826,basse
BJ-843C1285,Bétail SARL Matéri,Agriculture & Agroalimentaire,Matéri,+229 73 84 75 59,,,PME (10-50),B2B,Google Maps,3.6,Actif,2026-06-29T00:14:35.714858,basse
BJ-8AA8EB30,Céréale,Agriculture & Agroalimentaire,Matéri,+229 78 81 91 20,,céréale.bj,TPE (<10),B2B,Google Maps,4.9,Actif,2026-06-29T00:14:35.714906,moyenne
BJ-932F938F,Ferme Plantation,Agriculture & Agroalimentaire,Matéri,+229 94 61 68 58,,fermeplantation.bj,PME (50-200),B2B,Google Maps,3.5,Actif,2026-06-29T00:14:35.714946,moyenne
BJ-3A474555,Bétail,Agriculture & Agroalimentaire,Natitingou,+229 71 17 50 11,,,TPE (<10),B2B,Google Maps,4.4,Actif,2026-06-29T00:14:35.714990,basse
BJ-75E3F96A,Fruit Natitingou,Agriculture & Agroalimentaire,Natitingou,+229 54 13 15 26,fruit.natitingou@fruit.natitingou.org,,TPE (<10),B2C,Google Maps,4.2,Actif,2026-06-29T00:14:35.715022,moyenne
BJ-E89AEA04,Ets Fruit SARL Natitingou,Agriculture & Agroalimentaire,Natitingou,+229 58 10 88 97,ets.fruit.sarl.natitingou@ets.fruit.sarl.natitingou.benin,,PME (50-200),B2B,Google Maps,4.2,Actif,2026-06-29T00:14:35.715053,moyenne
BJ-DEB223E5,Élevage Bénin,Agriculture & Agroalimentaire,Natitingou,+229 24 29 78 11,,élevagebénin.bj,TPE (<10),B2C,Google Maps,3.3,Actif,2026-06-29T00:14:35.715094,moyenne
BJ-00B002A4,Fruit Groupe,Agriculture & Agroalimentaire,Natitingou,+229 52 70 65 32,,fruitgroupe.bj,PME (50-200),B2B,Google Maps,3.2,Actif,2026-06-29T00:14:35.715129,moyenne
BJ-6DA2B487,Aquaculture SARL,Agriculture & Agroalimentaire,Toucountouna,+229 53 59 88 38,aquaculture.sarl@aquaculture.sarl.net,,PME (10-50),B2C,Google Maps,4.9,Actif,2026-06-29T00:14:35.715175,moyenne
BJ-D1297A5A,Légume Toucountouna,Agriculture & Agroalimentaire,Toucountouna,+229 47 57 84 30,légume.toucountouna@légume.toucountouna.org,légumetoucountouna.bj,TPE (<10),B2B,Google Maps,3.2,Actif,2026-06-29T00:14:35.715210,haute
BJ-15F3C03F,Pêche,Agriculture & Agroalimentaire,Toucountouna,+229 20 41 85 61,pêche@pêche.net,,PME (50-200),B2B,Google Maps,4.8,Actif,2026-06-29T00:14:35.715242,moyenne
BJ-0C12A8B0,Alimentaire,Agriculture & Agroalimentaire,Toucountouna,+229 98 90 78 83,,alimentaire.bj,TPE (<10),B2C,Google Maps,3.3,Actif,2026-06-29T00:14:35.715273,moyenne
BJ-60F90969,Production Céréale Bénin,Agriculture & Agroalimentaire,Toucountouna,+229 43 34 34 59,,,Grande (>200),B2C,Google Maps,3.3,Actif,2026-06-29T00:14:35.715306,basse
BJ-EE701B65,Plantation Industrie SARL,Agriculture & Agroalimentaire,Boukoumbé,+229 31 97 47 99,,,PME (50-200),B2B,Google Maps,3.7,Actif,2026-06-29T00:14:35.715350,basse
BJ-3B4FB5BD,Transformation,Agriculture & Agroalimentaire,Boukoumbé,+229 46 24 13 79,transformation@transformation.benin,transformation.bj,PME (10-50),B2B,Google Maps,5.0,Actif,2026-06-29T00:14:35.715385,haute
BJ-89796D40,Aquaculture Plantation,Agriculture & Agroalimentaire,Boukoumbé,+229 89 80 65 20,aquaculture.plantation@aquaculture.plantation.benin,,TPE (<10),B2C,Google Maps,3.4,Actif,2026-06-29T00:14:35.715421,moyenne
BJ-8699A0C6,Fruit SARL,Agriculture & Agroalimentaire,Boukoumbé,+229 69 52 42 24,fruit.sarl@fruit.sarl.com,,TPE (<10),B2C,Google Maps,3.8,Actif,2026-06-29T00:14:35.715462,moyenne
BJ-83A2232A,Production Pêche Farm,Agriculture & Agroalimentaire,Boukoumbé,+229 89 92 26 79,,productionpêchefarm.bj,TPE (<10),B2C,Google Maps,4.1,Actif,2026-06-29T00:14:35.715499,moyenne
BJ-E30FCA0F,Ets Élevage Farm Kouandé,Agriculture & Agroalimentaire,Kouandé,+229 20 93 68 31,ets.élevage.farm.kouandé@ets.élevage.farm.kouandé.net,,PME (10-50),B2C,Google Maps,3.5,Actif,2026-06-29T00:14:35.715550,moyenne
BJ-D595771C,Ets Agro Groupe,Agriculture & Agroalimentaire,Kouandé,+229 39 14 60 63,ets.agro.groupe@ets.agro.groupe.org,etsagrogroupe.bj,PME (10-50),B2B,Google Maps,3.6,Actif,2026-06-29T00:14:35.715593,haute
BJ-2D4FF2C0,Transformation Kouandé,Agriculture & Agroalimentaire,Kouandé,+229 96 52 91 52,transformation.kouandé@transformation.kouandé.bj,transformationkouandé.bj,TPE (<10),B2B,Google Maps,4.0,Actif,2026-06-29T00:14:35.715630,haute
BJ-9F4D0D88,Céréale,Agriculture & Agroalimentaire,Kouandé,+229 41 46 44 49,céréale@céréale.com,céréale.bj,TPE (<10),B2C,Google Maps,4.3,Actif,2026-06-29T00:14:35.715663,haute
BJ-579258B0,Fruit,Agriculture & Agroalimentaire,Kouandé,+229 41 27 51 63,fruit@fruit.benin,fruit.bj,TPE (<10),B2C,Google Maps,4.4,Actif,2026-06-29T00:14:35.715694,haute
BJ-516BD56D,Aquaculture Africa,Agriculture & Agroalimentaire,Péhunco,+229 54 23 31 11,,,PME (10-50),B2C,Google Maps,4.8,Actif,2026-06-29T00:14:35.715736,basse
BJ-0A6E4F01,Plantation Fruit Ets,Agriculture & Agroalimentaire,Péhunco,+229 81 17 86 42,,,TPE (<10),B2C,Google Maps,3.4,Actif,2026-06-29T00:14:35.715764,basse
BJ-B6C9E7F7,Fruit Farm,Agriculture & Agroalimentaire,Péhunco,+229 67 35 11 91,fruit.farm@fruit.farm.org,fruitfarm.bj,PME (50-200),B2B,Google Maps,4.4,Actif,2026-06-29T00:14:35.715796,haute
BJ-498BAE35,Céréale,Agriculture & Agroalimentaire,Péhunco,+229 40 71 43 32,céréale@céréale.benin,,TPE (<10),B2C,Google Maps,4.3,Actif,2026-06-29T00:14:35.715840,moyenne
BJ-59F289AE,Transformation Farm,Agriculture & Agroalimentaire,Péhunco,+229 31 76 92 90,transformation.farm@transformation.farm.net,transformationfarm.bj,PME (10-50),B2C,Google Maps,4.6,Actif,2026-06-29T00:14:35.715874,haute
BJ-D239893B,Agro Agro Tchaourou,Agriculture & Agroalimentaire,Tchaourou,+229 23 12 91 57,agro.agro.tchaourou@agro.agro.tchaourou.bj,,PME (50-200),B2C,Google Maps,4.3,Actif,2026-06-29T00:14:35.715939,moyenne
BJ-416A406E,Production Alimentaire,Agriculture & Agroalimentaire,Tchaourou,+229 90 94 18 23,production.alimentaire@production.alimentaire.net,,TPE (<10),B2B,Google Maps,4.0,Actif,2026-06-29T00:14:35.715976,moyenne
BJ-A12EB089,Industrie Ets Tchaourou,Agriculture & Agroalimentaire,Tchaourou,+229 41 95 96 43,,,Grande (>200),B2C,Google Maps,3.7,Actif,2026-06-29T00:14:35.716007,basse
BJ-5A344864,SARL Ferme,Agriculture & Agroalimentaire,Tchaourou,+229 58 11 33 29,sarl.ferme@sarl.ferme.benin,,TPE (<10),B2C,Google Maps,3.4,Actif,2026-06-29T00:14:35.716040,moyenne
BJ-56DFF2E1,Aquaculture,Agriculture & Agroalimentaire,Tchaourou,+229 93 31 99 63,aquaculture@aquaculture.benin,,PME (10-50),B2C,Google Maps,3.2,Actif,2026-06-29T00:14:35.716073,moyenne
BJ-57FD4EF8,Fruit SARL,Agriculture & Agroalimentaire,Nikki,+229 47 22 10 82,,fruitsarl.bj,PME (10-50),B2C,Google Maps,4.4,Actif,2026-06-29T00:14:35.716172,moyenne
BJ-21DA1C7D,SARL Bétail,Agriculture & Agroalimentaire,Nikki,+229 58 19 72 50,,sarlbétail.bj,TPE (<10),B2C,Google Maps,4.2,Actif,2026-06-29T00:14:35.716204,moyenne
BJ-5FD5A950,Transformation Ets,Agriculture & Agroalimentaire,Nikki,+229 24 49 77 26,transformation.ets@transformation.ets.org,,TPE (<10),B2B,Google Maps,3.0,Actif,2026-06-29T00:14:35.716241,moyenne
BJ-F0D65815,Agro Farm Nikki,Agriculture & Agroalimentaire,Nikki,+229 99 60 83 95,agro.farm.nikki@agro.farm.nikki.bj,agrofarmnikki.bj,TPE (<10),B2C,Google Maps,4.7,Actif,2026-06-29T00:14:35.716287,haute
BJ-D80EFF60,Céréale Groupe,Agriculture & Agroalimentaire,Nikki,+229 93 67 15 43,,céréalegroupe.bj,PME (50-200),B2B,Google Maps,3.8,Actif,2026-06-29T00:14:35.716321,moyenne
BJ-1097E2D1,Fruit Farm,Agriculture & Agroalimentaire,Bembéréké,+229 44 19 61 17,fruit.farm@fruit.farm.com,,PME (50-200),B2C,Google Maps,3.4,Actif,2026-06-29T00:14:35.716362,moyenne
BJ-406D6090,Ets Agro,Agriculture & Agroalimentaire,Bembéréké,+229 68 15 83 93,ets.agro@ets.agro.org,,TPE (<10),B2C,Google Maps,3.7,Actif,2026-06-29T00:14:35.716392,moyenne
BJ-CF620307,Production Légume SARL Bembéréké,Agriculture & Agroalimentaire,Bembéréké,+229 41 39 82 93,production.légume.sarl.bembéréké@production.légume.sarl.bembéréké.bj,,PME (10-50),B2C,Google Maps,3.1,Actif,2026-06-29T00:14:35.716424,moyenne
BJ-43E9C152,Fruit,Agriculture & Agroalimentaire,Bembéréké,+229 50 99 27 41,,fruit.bj,PME (10-50),B2B,Google Maps,4.2,Actif,2026-06-29T00:14:35.716452,moyenne
BJ-E8D04D99,Plantation,Agriculture & Agroalimentaire,Bembéréké,+229 99 45 38 16,plantation@plantation.benin,,TPE (<10),B2C,Google Maps,4.9,Actif,2026-06-29T00:14:35.716481,moyenne
BJ-0085CFFB,Plantation Aquaculture Ets,Agriculture & Agroalimentaire,Kalalé,+229 36 73 61 29,,plantationaquacultureets.bj,PME (10-50),B2B,Google Maps,3.8,Actif,2026-06-29T00:14:35.716521,moyenne
BJ-68977DDE,Fruit Farm,Agriculture & Agroalimentaire,Kalalé,+229 97 27 80 95,fruit.farm@fruit.farm.org,,TPE (<10),B2C,Google Maps,3.0,Actif,2026-06-29T00:14:35.716555,moyenne
BJ-40653F7B,Agro Agro,Agriculture & Agroalimentaire,Kalalé,+229 70 77 99 93,,agroagro.bj,PME (50-200),B2B,Google Maps,4.4,Actif,2026-06-29T00:14:35.716589,moyenne
BJ-B4D0CD6E,Élevage,Agriculture & Agroalimentaire,Kalalé,+229 92 66 48 60,élevage@élevage.net,,TPE (<10),B2C,Google Maps,4.5,Actif,2026-06-29T00:14:35.716630,moyenne
BJ-23D156B8,Transformation Farm Kalalé,Agriculture & Agroalimentaire,Kalalé,+229 79 63 13 39,,,PME (10-50),B2C,Google Maps,4.7,Actif,2026-06-29T00:14:35.716661,basse
BJ-CF2BEBA4,Production Ferme Bénin,Agriculture & Agroalimentaire,Ndali,+229 26 98 67 27,production.ferme.bénin@production.ferme.bénin.benin,,PME (50-200),B2C,Google Maps,3.2,Actif,2026-06-29T00:14:35.716707,moyenne
BJ-0AF58DFA,Agro Alimentaire,Agriculture & Agroalimentaire,Ndali,+229 24 62 26 65,agro.alimentaire@agro.alimentaire.bj,agroalimentaire.bj,PME (10-50),B2C,Google Maps,4.6,Actif,2026-06-29T00:14:35.716740,haute
BJ-D46E901C,Agro Élevage,Agriculture & Agroalimentaire,Ndali,+229 58 97 24 33,agro.élevage@agro.élevage.com,,TPE (<10),B2C,Google Maps,4.2,Actif,2026-06-29T00:14:35.716771,moyenne
BJ-5F743F42,SARL Fruit Groupe,Agriculture & Agroalimentaire,Ndali,+229 48 18 70 79,sarl.fruit.groupe@sarl.fruit.groupe.org,sarlfruitgroupe.bj,PME (50-200),B2B,Google Maps,3.5,Actif,2026-06-29T00:14:35.716810,haute
BJ-5EE6344A,Céréale,Agriculture & Agroalimentaire,Ndali,+229 79 18 39 52,,céréale.bj,PME (10-50),B2B,Google Maps,3.0,Actif,2026-06-29T00:14:35.716850,moyenne
BJ-59F90E3F,Céréale Bénin,Agriculture & Agroalimentaire,Ségbana,+229 92 82 49 51,céréale.bénin@céréale.bénin.com,céréalebénin.bj,Grande (>200),B2C,Google Maps,3.4,Actif,2026-06-29T00:14:35.716909,haute
BJ-114A2158,Ferme Élevage Agro Ségbana,Agriculture & Agroalimentaire,Ségbana,+229 61 16 35 53,,fermeélevageagroségbana.bj,PME (10-50),B2B,Google Maps,4.2,Actif,2026-06-29T00:14:35.716944,moyenne
BJ-EB6BEC5E,Industrie Ségbana,Agriculture & Agroalimentaire,Ségbana,+229 41 55 94 93,,industrieségbana.bj,TPE (<10),B2B,Google Maps,3.6,Actif,2026-06-29T00:14:35.716978,moyenne
BJ-D3204E2B,Agriculture,Agriculture & Agroalimentaire,Ségbana,+229 78 71 14 25,,,PME (10-50),B2C,Google Maps,3.7,Actif,2026-06-29T00:14:35.717012,basse
BJ-CFA07EB8,Ferme Plantation,Agriculture & Agroalimentaire,Ségbana,+229 68 41 62 15,,,PME (10-50),B2B,Google Maps,5.0,Actif,2026-06-29T00:14:35.717045,basse
BJ-C8545D53,Groupe Pêche Bénin,Agriculture & Agroalimentaire,Tchaourou,+229 47 86 61 76,groupe.pêche.bénin@groupe.pêche.bénin.net,,PME (50-200),B2C,Google Maps,3.4,Actif,2026-06-29T00:14:35.717094,moyenne
BJ-D0C00FC6,SARL Plantation Ets Tchaourou,Agriculture & Agroalimentaire,Tchaourou,+229 61 56 20 18,sarl.plantation.ets.tchaourou@sarl.plantation.ets.tchaourou.org,,Grande (>200),B2C,Google Maps,3.7,Actif,2026-06-29T00:14:35.717127,moyenne
BJ-BFF9BEE2,Céréale,Agriculture & Agroalimentaire,Tchaourou,+229 54 81 16 30,céréale@céréale.bj,,Grande (>200),B2B,Google Maps,3.8,Actif,2026-06-29T00:14:35.717162,moyenne
BJ-E689D30C,Bétail,Agriculture & Agroalimentaire,Tchaourou,+229 93 12 96 67,,,PME (10-50),B2B,Google Maps,4.1,Actif,2026-06-29T00:14:35.717190,basse
BJ-7E788FBB,Aquaculture Bénin,Agriculture & Agroalimentaire,Tchaourou,+229 82 28 72 17,aquaculture.bénin@aquaculture.bénin.benin,,PME (50-200),B2C,Google Maps,4.8,Actif,2026-06-29T00:14:35.717220,moyenne
BJ-A7E0FD6A,Groupe Aquaculture Plantation,Agriculture & Agroalimentaire,Bétérou,+229 54 10 12 79,groupe.aquaculture.plantation@groupe.aquaculture.plantation.bj,,TPE (<10),B2C,Google Maps,4.5,Actif,2026-06-29T00:14:35.717260,moyenne
BJ-983F45A3,Élevage,Agriculture & Agroalimentaire,Bétérou,+229 30 53 21 94,élevage@élevage.benin,élevage.bj,PME (50-200),B2B,Google Maps,3.6,Actif,2026-06-29T00:14:35.717291,haute
BJ-4DE2CF48,Bétail,Agriculture & Agroalimentaire,Bétérou,+229 51 29 49 39,,bétail.bj,PME (50-200),B2B,Google Maps,3.5,Actif,2026-06-29T00:14:35.717322,moyenne
BJ-F9864DC6,Agro,Agriculture & Agroalimentaire,Bétérou,+229 92 79 32 21,agro@agro.net,agro.bj,TPE (<10),B2C,Google Maps,3.2,Actif,2026-06-29T00:14:35.717367,haute
BJ-E9FC8B53,Légume Farm,Agriculture & Agroalimentaire,Bétérou,+229 83 30 26 83,,,PME (50-200),B2C,Google Maps,5.0,Actif,2026-06-29T00:14:35.717400,basse
BJ-7B471707,Plantation,Agriculture & Agroalimentaire,Ouessè,+229 27 44 77 23,,,TPE (<10),B2B,Google Maps,4.8,Actif,2026-06-29T00:14:35.717443,basse
BJ-15229FC1,Plantation Pêche Ets,Agriculture & Agroalimentaire,Ouessè,+229 83 58 30 25,,plantationpêcheets.bj,TPE (<10),B2B,Google Maps,4.9,Actif,2026-06-29T00:14:35.717477,moyenne
BJ-459A41D3,Industrie Groupe,Agriculture & Agroalimentaire,Ouessè,+229 41 73 24 87,,,TPE (<10),B2B,Google Maps,4.5,Actif,2026-06-29T00:14:35.717547,basse
BJ-ED4296B6,Élevage Ouessè,Agriculture & Agroalimentaire,Ouessè,+229 38 85 48 79,élevage.ouessè@élevage.ouessè.org,élevageouessè.bj,Grande (>200),B2C,Google Maps,5.0,Actif,2026-06-29T00:14:35.717581,haute
BJ-8C99C397,Plantation Agro,Agriculture & Agroalimentaire,Glazoué,+229 39 98 26 18,,,TPE (<10),B2C,Google Maps,4.7,Actif,2026-06-29T00:14:35.717622,basse
BJ-1E7A9774,SARL Bétail,Agriculture & Agroalimentaire,Glazoué,+229 43 24 98 33,sarl.bétail@sarl.bétail.benin,,TPE (<10),B2C,Google Maps,4.3,Actif,2026-06-29T00:14:35.717654,moyenne
BJ-6C70B89B,SARL Transformation Africa Glazoué,Agriculture & Agroalimentaire,Glazoué,+229 88 83 45 75,sarl.transformation.africa.glazoué@sarl.transformation.africa.glazoué.bj,sarltransformationafricaglazoué.bj,PME (50-200),B2C,Google Maps,3.1,Actif,2026-06-29T00:14:35.717689,haute
BJ-A7B48495,Céréale Glazoué,Agriculture & Agroalimentaire,Glazoué,+229 55 76 91 63,céréale.glazoué@céréale.glazoué.com,,TPE (<10),B2C,Google Maps,3.1,Actif,2026-06-29T00:14:35.717731,moyenne
BJ-43A7BCDC,Agro Farm,Agriculture & Agroalimentaire,Glazoué,+229 87 97 24 59,agro.farm@agro.farm.com,,TPE (<10),B2B,Google Maps,4.8,Actif,2026-06-29T00:14:35.717763,moyenne
BJ-8E7ABAD2,Agriculture,Agriculture & Agroalimentaire,Dassa-Zoumè,+229 41 54 11 68,agriculture@agriculture.benin,agriculture.bj,PME (50-200),B2C,Google Maps,4.2,Actif,2026-06-29T00:14:35.717803,haute
BJ-FFF633EB,Groupe Transformation Groupe Dassa-Zoumè,Agriculture & Agroalimentaire,Dassa-Zoumè,+229 82 13 67 63,,,PME (10-50),B2C,Google Maps,4.5,Actif,2026-06-29T00:14:35.717831,basse
BJ-7E5C6F89,Groupe Pêche,Agriculture & Agroalimentaire,Dassa-Zoumè,+229 84 87 52 85,,,TPE (<10),B2B,Google Maps,4.8,Actif,2026-06-29T00:14:35.717858,basse
BJ-15B6E62E,Ferme Bétail Farm Dassa-Zoumè,Agriculture & Agroalimentaire,Dassa-Zoumè,+229 61 81 62 88,,,TPE (<10),B2C,Google Maps,3.4,Actif,2026-06-29T00:14:35.717885,basse
BJ-DF1D66F4,Plantation Élevage,Agriculture & Agroalimentaire,Dassa-Zoumè,+229 48 29 22 80,,,TPE (<10),B2C,Google Maps,3.3,Actif,2026-06-29T00:14:35.717926,basse
BJ-FAB4F2B8,Agriculture,Agriculture & Agroalimentaire,Savalou,+229 99 86 33 41,,agriculture.bj,Grande (>200),B2B,Google Maps,3.9,Actif,2026-06-29T00:14:35.717965,moyenne
BJ-4B2B577C,Ferme Ets,Agriculture & Agroalimentaire,Savalou,+229 49 44 37 73,,,PME (10-50),B2B,Google Maps,3.6,Actif,2026-06-29T00:14:35.717992,basse
BJ-8E6B0597,Groupe Élevage SARL,Agriculture & Agroalimentaire,Savalou,+229 87 21 10 20,groupe.élevage.sarl@groupe.élevage.sarl.com,groupeélevagesarl.bj,TPE (<10),B2C,Google Maps,4.3,Actif,2026-06-29T00:14:35.718025,haute
BJ-DC8720D9,Ets Industrie,Agriculture & Agroalimentaire,Savalou,+229 34 62 75 43,ets.industrie@ets.industrie.com,,TPE (<10),B2B,Google Maps,4.3,Actif,2026-06-29T00:14:35.718063,moyenne
BJ-402BE1D6,Bétail Groupe,Agriculture & Agroalimentaire,Bantè,+229 95 79 88 41,bétail.groupe@bétail.groupe.bj,,PME (50-200),B2C,Google Maps,4.7,Actif,2026-06-29T00:14:35.718132,moyenne
BJ-9B20DFF3,Production Alimentaire Agro,Agriculture & Agroalimentaire,Bantè,+229 81 83 39 93,production.alimentaire.agro@production.alimentaire.agro.net,productionalimentaireagro.bj,PME (50-200),B2C,Google Maps,4.0,Actif,2026-06-29T00:14:35.718164,haute
BJ-67A4FA61,Production Agro,Agriculture & Agroalimentaire,Bantè,+229 50 99 41 29,,,PME (10-50),B2B,Google Maps,4.8,Actif,2026-06-29T00:14:35.718191,basse
BJ-93B97E63,Agriculture,Agriculture & Agroalimentaire,Bantè,+229 79 21 99 70,,agriculture.bj,TPE (<10),B2C,Google Maps,3.1,Actif,2026-06-29T00:14:35.718218,moyenne
BJ-48CB5122,Bétail Bénin,Agriculture & Agroalimentaire,Bantè,+229 28 60 38 39,,bétailbénin.bj,TPE (<10),B2B,Google Maps,5.0,Actif,2026-06-29T00:14:35.718247,moyenne
BJ-85D1BFAA,Alimentaire Ets,Agriculture & Agroalimentaire,Djougou,+229 41 25 13 10,,,PME (50-200),B2C,Google Maps,4.7,Actif,2026-06-29T00:14:35.718285,basse
BJ-98A7EDD7,Agro Bétail Djougou,Agriculture & Agroalimentaire,Djougou,+229 47 68 29 46,,,TPE (<10),B2B,Google Maps,4.9,Actif,2026-06-29T00:14:35.718313,basse
BJ-F34FA164,Élevage,Agriculture & Agroalimentaire,Djougou,+229 53 43 14 23,,,TPE (<10),B2C,Google Maps,3.4,Actif,2026-06-29T00:14:35.718342,basse
BJ-8DB01FD2,Légume Groupe,Agriculture & Agroalimentaire,Djougou,+229 67 63 91 56,,,TPE (<10),B2C,Google Maps,3.2,Actif,2026-06-29T00:14:35.718376,basse
BJ-6A9BF26D,Groupe Légume Agro,Agriculture & Agroalimentaire,Djougou,+229 40 46 33 73,groupe.légume.agro@groupe.légume.agro.benin,,PME (50-200),B2C,Google Maps,4.8,Actif,2026-06-29T00:14:35.718409,moyenne
BJ-9F6D3D16,Production Bétail,Agriculture & Agroalimentaire,Ouèssè,+229 76 20 75 92,production.bétail@production.bétail.com,,PME (10-50),B2B,Google Maps,3.7,Actif,2026-06-29T00:14:35.718453,moyenne
BJ-3BB22E11,SARL Pêche Ets,Agriculture & Agroalimentaire,Ouèssè,+229 54 54 59 89,sarl.pêche.ets@sarl.pêche.ets.com,,PME (10-50),B2C,Google Maps,4.3,Actif,2026-06-29T00:14:35.718487,moyenne
BJ-4C180938,Agro Pêche Ets,Agriculture & Agroalimentaire,Ouèssè,+229 33 60 87 81,,agropêcheets.bj,TPE (<10),B2B,Google Maps,4.0,Actif,2026-06-29T00:14:35.718519,moyenne
BJ-45413067,Ferme Alimentaire,Agriculture & Agroalimentaire,Ouèssè,+229 21 78 17 70,ferme.alimentaire@ferme.alimentaire.bj,,TPE (<10),B2B,Google Maps,3.4,Actif,2026-06-29T00:14:35.718556,moyenne
BJ-B71FC288,Ferme,Agriculture & Agroalimentaire,Ouèssè,+229 25 62 23 43,,,PME (10-50),B2C,Google Maps,4.5,Actif,2026-06-29T00:14:35.718586,basse
BJ-44DA6806,Élevage,Agriculture & Agroalimentaire,Bassila,+229 65 40 54 55,élevage@élevage.net,,TPE (<10),B2C,Google Maps,3.8,Actif,2026-06-29T00:14:35.718633,moyenne
BJ-C839ADFE,Agro Fruit Plantation,Agriculture & Agroalimentaire,Bassila,+229 97 15 34 54,agro.fruit.plantation@agro.fruit.plantation.net,agrofruitplantation.bj,TPE (<10),B2C,Google Maps,4.3,Actif,2026-06-29T00:14:35.718671,haute
BJ-D5B1DCDD,Ets Légume Africa,Agriculture & Agroalimentaire,Bassila,+229 93 47 29 70,,,Grande (>200),B2C,Google Maps,3.8,Actif,2026-06-29T00:14:35.718699,basse
BJ-531041E1,Ferme Bénin,Agriculture & Agroalimentaire,Bassila,+229 36 84 57 50,,,Grande (>200),B2B,Google Maps,3.7,Actif,2026-06-29T00:14:35.718731,basse
BJ-9F681FBA,Aquaculture Plantation,Agriculture & Agroalimentaire,Bassila,+229 23 34 38 15,aquaculture.plantation@aquaculture.plantation.net,aquacultureplantation.bj,TPE (<10),B2B,Google Maps,3.2,Actif,2026-06-29T00:14:35.718765,haute
BJ-D3FB472A,Aquaculture Africa,Agriculture & Agroalimentaire,Pehunco,+229 75 55 65 22,aquaculture.africa@aquaculture.africa.net,,Grande (>200),B2C,Google Maps,3.6,Actif,2026-06-29T00:14:35.718807,moyenne
BJ-9E4B4C5D,Céréale,Agriculture & Agroalimentaire,Pehunco,+229 87 47 23 45,céréale@céréale.org,,TPE (<10),B2C,Google Maps,4.7,Actif,2026-06-29T00:14:35.718839,moyenne
BJ-0955774F,Industrie,Agriculture & Agroalimentaire,Pehunco,+229 72 60 85 47,,industrie.bj,TPE (<10),B2B,Google Maps,3.8,Actif,2026-06-29T00:14:35.718870,moyenne
BJ-786D8022,Agro Industrie Agro,Agriculture & Agroalimentaire,Pehunco,+229 57 62 31 18,,agroindustrieagro.bj,TPE (<10),B2B,Google Maps,4.5,Actif,2026-06-29T00:14:35.718911,moyenne
BJ-544B9A15,Ets Transformation,Agriculture & Agroalimentaire,Pehunco,+229 64 36 18 59,,etstransformation.bj,TPE (<10),B2B,Google Maps,3.2,Actif,2026-06-29T00:14:35.718944,moyenne
BJ-E30394FB,Ferme Copargo,Agriculture & Agroalimentaire,Copargo,+229 65 16 72 83,ferme.copargo@ferme.copargo.net,,TPE (<10),B2C,Google Maps,3.2,Actif,2026-06-29T00:14:35.718987,moyenne
BJ-6516E25F,Plantation Alimentaire,Agriculture & Agroalimentaire,Copargo,+229 37 27 39 13,plantation.alimentaire@plantation.alimentaire.net,,TPE (<10),B2C,Google Maps,3.6,Actif,2026-06-29T00:14:35.719020,moyenne
BJ-4FC2A5F9,Plantation Agro Copargo,Agriculture & Agroalimentaire,Copargo,+229 85 32 28 41,,,PME (10-50),B2B,Google Maps,4.6,Actif,2026-06-29T00:14:35.719049,basse
BJ-6820C3BA,Alimentaire Plantation,Agriculture & Agroalimentaire,Copargo,+229 57 91 94 51,,alimentaireplantation.bj,PME (50-200),B2B,Google Maps,3.3,Actif,2026-06-29T00:14:35.719085,moyenne
BJ-536B7C75,Plantation Plantation Bénin,Agriculture & Agroalimentaire,Copargo,+229 23 44 86 70,,,PME (10-50),B2B,Google Maps,3.7,Actif,2026-06-29T00:14:35.719116,basse
BJ-D208637D,Lycée Éducation Academy,Éducation & Formation,Cotonou,+229 29 20 32 97,lycée.éducation.academy@lycée.éducation.academy.bj,lycéeéducationacademy.bj,Grande (>200),B2B,Google Maps,4.1,Actif,2026-06-29T00:14:35.719164,haute
BJ-C2F316E4,Institut Savoir,Éducation & Formation,Cotonou,+229 39 26 50 29,institut.savoir@institut.savoir.net,institutsavoir.bj,PME (50-200),B2B,Google Maps,4.0,Actif,2026-06-29T00:14:35.719198,haute
BJ-C3626445,International School,Éducation & Formation,Cotonou,+229 79 78 26 69,international.school@international.school.com,internationalschool.bj,TPE (<10),B2C,Google Maps,3.1,Actif,2026-06-29T00:14:35.719237,haute
BJ-6900FDA5,Privé,Éducation & Formation,Cotonou,+229 88 85 45 31,privé@privé.org,privé.bj,PME (50-200),B2B,Google Maps,4.8,Actif,2026-06-29T00:14:35.719272,haute
BJ-CC6D7E45,Développement Lycée,Éducation & Formation,Cotonou,+229 87 87 10 92,,,TPE (<10),B2C,Google Maps,3.7,Actif,2026-06-29T00:14:35.719305,basse
BJ-008D6D1E,Privé College,Éducation & Formation,Abomey-Calavi,+229 34 84 86 71,,privécollege.bj,TPE (<10),B2B,Google Maps,4.7,Actif,2026-06-29T00:14:35.719348,moyenne
BJ-201202F6,Université Excellence Lycée Abomey-Calavi,Éducation & Formation,Abomey-Calavi,+229 67 58 13 27,,universitéexcellencelycéeabomeycalavi.bj,PME (10-50),B2C,Google Maps,3.1,Actif,2026-06-29T00:14:35.719382,moyenne
BJ-D102DA6F,Collège National College,Éducation & Formation,Abomey-Calavi,+229 52 89 76 47,collège.national.college@collège.national.college.bj,collègenationalcollege.bj,PME (10-50),B2B,Google Maps,3.6,Actif,2026-06-29T00:14:35.719418,haute
BJ-E68C3714,Catholique,Éducation & Formation,Abomey-Calavi,+229 66 78 51 81,catholique@catholique.bj,catholique.bj,TPE (<10),B2B,Google Maps,4.0,Actif,2026-06-29T00:14:35.719455,haute
BJ-76AB8DDE,Connaissance College,Éducation & Formation,Abomey-Calavi,+229 34 71 47 89,connaissance.college@connaissance.college.bj,connaissancecollege.bj,PME (50-200),B2B,Google Maps,3.1,Actif,2026-06-29T00:14:35.719489,haute
BJ-7CF514BB,Apprentissage Porto-Novo,Éducation & Formation,Porto-Novo,+229 70 20 66 33,apprentissage.portonovo@apprentissage.portonovo.com,apprentissageportonovo.bj,PME (10-50),B2C,Google Maps,3.4,Actif,2026-06-29T00:14:35.719537,haute
BJ-400AF973,Centre National Institute,Éducation & Formation,Porto-Novo,+229 99 41 80 45,,centrenationalinstitute.bj,TPE (<10),B2C,Google Maps,4.1,Actif,2026-06-29T00:14:35.719569,moyenne
BJ-6B974327,Université Connaissance University,Éducation & Formation,Porto-Novo,+229 99 45 10 40,université.connaissance.university@université.connaissance.university.bj,universitéconnaissanceuniversity.bj,TPE (<10),B2C,Google Maps,5.0,Actif,2026-06-29T00:14:35.719604,haute
BJ-3E5FD549,National École,Éducation & Formation,Porto-Novo,+229 79 16 15 51,,nationalécole.bj,TPE (<10),B2C,Google Maps,3.9,Actif,2026-06-29T00:14:35.719641,moyenne
BJ-E6A0B42C,École Catholique,Éducation & Formation,Porto-Novo,+229 43 47 27 66,école.catholique@école.catholique.org,écolecatholique.bj,PME (10-50),B2C,Google Maps,4.6,Actif,2026-06-29T00:14:35.719675,haute
BJ-0CD99D34,International École,Éducation & Formation,Parakou,+229 28 75 88 49,international.école@international.école.net,internationalécole.bj,TPE (<10),B2C,Google Maps,4.7,Actif,2026-06-29T00:14:35.719719,haute
BJ-37D6611D,Formation,Éducation & Formation,Parakou,+229 85 21 42 24,formation@formation.net,,Grande (>200),B2B,Google Maps,3.2,Actif,2026-06-29T00:14:35.719751,moyenne
BJ-D179B53A,Lycée National Parakou,Éducation & Formation,Parakou,+229 80 39 22 74,lycée.national.parakou@lycée.national.parakou.bj,lycéenationalparakou.bj,TPE (<10),B2B,Google Maps,3.4,Actif,2026-06-29T00:14:35.719786,haute
BJ-D82EBB3E,Académie Formation Institute,Éducation & Formation,Parakou,+229 67 28 44 49,académie.formation.institute@académie.formation.institute.com,académieformationinstitute.bj,TPE (<10),B2B,Google Maps,4.6,Actif,2026-06-29T00:14:35.719826,haute
BJ-0D72A06B,Privé Institute,Éducation & Formation,Parakou,+229 55 60 24 71,privé.institute@privé.institute.benin,privéinstitute.bj,PME (10-50),B2B,Google Maps,4.8,Actif,2026-06-29T00:14:35.719862,haute
BJ-4247369F,Formation School,Éducation & Formation,Bohicon,+229 98 66 35 23,formation.school@formation.school.org,,PME (10-50),B2C,Google Maps,3.3,Actif,2026-06-29T00:14:35.719915,moyenne
BJ-9B17B7F2,Savoir,Éducation & Formation,Bohicon,+229 35 98 30 28,savoir@savoir.net,savoir.bj,PME (50-200),B2C,Google Maps,4.0,Actif,2026-06-29T00:14:35.719954,haute
BJ-B13A493B,Académie Liberté École,Éducation & Formation,Bohicon,+229 66 79 57 70,académie.liberté.école@académie.liberté.école.com,académielibertéécole.bj,TPE (<10),B2B,Google Maps,4.9,Actif,2026-06-29T00:14:35.719990,haute
BJ-6FA8AA09,Excellence College,Éducation & Formation,Bohicon,+229 88 58 37 24,excellence.college@excellence.college.org,excellencecollege.bj,Grande (>200),B2C,Google Maps,4.8,Actif,2026-06-29T00:14:35.720024,haute
BJ-92132808,Lycée Catholique Academy,Éducation & Formation,Bohicon,+229 84 93 51 32,lycée.catholique.academy@lycée.catholique.academy.org,,PME (10-50),B2C,Google Maps,4.8,Actif,2026-06-29T00:14:35.720058,moyenne
BJ-9CA46390,Centre Formation College,Éducation & Formation,Natitingou,+229 56 32 49 30,centre.formation.college@centre.formation.college.org,,TPE (<10),B2B,Google Maps,4.1,Actif,2026-06-29T00:14:35.720103,moyenne
BJ-923D261E,Université Éducation,Éducation & Formation,Natitingou,+229 39 46 72 23,,universitééducation.bj,PME (50-200),B2C,Google Maps,4.2,Actif,2026-06-29T00:14:35.720135,moyenne
BJ-BFA7EA60,Catholique École,Éducation & Formation,Natitingou,+229 77 26 49 53,catholique.école@catholique.école.org,catholiqueécole.bj,TPE (<10),B2B,Google Maps,4.4,Actif,2026-06-29T00:14:35.720170,haute
BJ-93171407,Savoir University,Éducation & Formation,Natitingou,+229 91 58 27 46,savoir.university@savoir.university.org,savoiruniversity.bj,PME (50-200),B2B,Google Maps,4.8,Actif,2026-06-29T00:14:35.720207,haute
BJ-53D9F869,Académie International University,Éducation & Formation,Natitingou,+229 26 92 64 86,académie.international.university@académie.international.university.com,académieinternationaluniversity.bj,PME (10-50),B2C,Google Maps,4.0,Actif,2026-06-29T00:14:35.720244,haute
BJ-4111EEFC,Université Apprentissage,Éducation & Formation,Lokossa,+229 96 84 28 83,université.apprentissage@université.apprentissage.org,universitéapprentissage.bj,PME (10-50),B2C,Google Maps,3.5,Actif,2026-06-29T00:14:35.720290,haute
BJ-7C07B79B,Institut Développement Lycée,Éducation & Formation,Lokossa,+229 75 65 20 77,institut.développement.lycée@institut.développement.lycée.org,institutdéveloppementlycée.bj,Grande (>200),B2C,Google Maps,4.4,Actif,2026-06-29T00:14:35.720324,haute
BJ-B7550103,Académie Public Academy Lokossa,Éducation & Formation,Lokossa,+229 46 53 88 24,,académiepublicacademylokossa.bj,TPE (<10),B2C,Google Maps,3.2,Actif,2026-06-29T00:14:35.720357,moyenne
BJ-46413C47,Développement Lokossa,Éducation & Formation,Lokossa,+229 54 86 46 58,développement.lokossa@développement.lokossa.benin,développementlokossa.bj,PME (50-200),B2B,Google Maps,3.7,Actif,2026-06-29T00:14:35.720392,haute
BJ-5597B038,Catholique College,Éducation & Formation,Lokossa,+229 65 17 29 75,catholique.college@catholique.college.benin,,PME (50-200),B2B,Google Maps,3.8,Actif,2026-06-29T00:14:35.720424,moyenne
BJ-3CB3832D,Développement,Éducation & Formation,Ouidah,+229 32 63 95 84,développement@développement.net,développement.bj,TPE (<10),B2C,Google Maps,4.4,Actif,2026-06-29T00:14:35.720475,haute
BJ-93F20B53,École Éducation Academy,Éducation & Formation,Ouidah,+229 54 55 35 69,école.éducation.academy@école.éducation.academy.bj,,PME (50-200),B2C,Google Maps,3.7,Actif,2026-06-29T00:14:35.720509,moyenne
BJ-4A8E143C,École Protestant Lycée,Éducation & Formation,Ouidah,+229 72 47 25 13,école.protestant.lycée@école.protestant.lycée.net,écoleprotestantlycée.bj,TPE (<10),B2B,Google Maps,3.6,Actif,2026-06-29T00:14:35.720544,haute
BJ-A526E211,École Liberté University Ouidah,Éducation & Formation,Ouidah,+229 36 66 95 19,école.liberté.university.ouidah@école.liberté.university.ouidah.bj,,PME (10-50),B2B,Google Maps,3.3,Actif,2026-06-29T00:14:35.720607,moyenne
BJ-89E864C6,Formation Bénin,Éducation & Formation,Ouidah,+229 67 46 33 95,formation.bénin@formation.bénin.benin,formationbénin.bj,TPE (<10),B2C,Google Maps,4.8,Actif,2026-06-29T00:14:35.720643,haute
BJ-9EA814B4,Savoir,Éducation & Formation,Savalou,+229 77 47 43 64,savoir@savoir.org,,TPE (<10),B2C,Google Maps,3.6,Actif,2026-06-29T00:14:35.720686,moyenne
BJ-5CA6C1CA,Excellence College,Éducation & Formation,Savalou,+229 45 31 32 66,excellence.college@excellence.college.net,excellencecollege.bj,TPE (<10),B2B,Google Maps,4.6,Actif,2026-06-29T00:14:35.720719,haute
BJ-0B951BD3,International,Éducation & Formation,Savalou,+229 64 55 11 25,international@international.benin,international.bj,PME (50-200),B2B,Google Maps,4.3,Actif,2026-06-29T00:14:35.720752,haute
BJ-48D24A62,Formation College,Éducation & Formation,Savalou,+229 55 42 59 40,formation.college@formation.college.org,formationcollege.bj,TPE (<10),B2C,Google Maps,3.5,Actif,2026-06-29T00:14:35.720785,haute
BJ-D2CA5C68,International Lycée,Éducation & Formation,Savalou,+229 56 47 51 94,international.lycée@international.lycée.bj,internationallycée.bj,TPE (<10),B2B,Google Maps,4.6,Actif,2026-06-29T00:14:35.720819,haute
BJ-0C21CEF9,Catholique,Éducation & Formation,Dassa-Zoumè,+229 39 46 52 83,catholique@catholique.com,,TPE (<10),B2C,Google Maps,4.7,Actif,2026-06-29T00:14:35.720864,moyenne
BJ-31A56996,Collège Privé École,Éducation & Formation,Dassa-Zoumè,+229 71 14 80 46,collège.privé.école@collège.privé.école.net,collègeprivéécole.bj,PME (50-200),B2C,Google Maps,3.8,Actif,2026-06-29T00:14:35.720911,haute
BJ-4C0BD37E,Centre Liberté École Dassa-Zoumè,Éducation & Formation,Dassa-Zoumè,+229 53 87 99 84,centre.liberté.école.dassazoumè@centre.liberté.école.dassazoumè.net,centrelibertéécoledassazoumè.bj,PME (10-50),B2C,Google Maps,4.0,Actif,2026-06-29T00:14:35.720949,haute
BJ-37529FAC,Institut International University,Éducation & Formation,Dassa-Zoumè,+229 71 10 78 92,institut.international.university@institut.international.university.net,institutinternationaluniversity.bj,TPE (<10),B2B,Google Maps,3.5,Actif,2026-06-29T00:14:35.720988,haute
BJ-37043A64,Excellence École,Éducation & Formation,Dassa-Zoumè,+229 97 94 81 98,excellence.école@excellence.école.net,,TPE (<10),B2C,Google Maps,3.4,Actif,2026-06-29T00:14:35.721022,moyenne
BJ-E30CA13C,Institut Formation École,Éducation & Formation,Kétou,+229 30 58 63 63,institut.formation.école@institut.formation.école.net,institutformationécole.bj,Grande (>200),B2C,Google Maps,4.5,Actif,2026-06-29T00:14:35.721070,haute
BJ-074B0648,Institut Catholique Bénin,Éducation & Formation,Kétou,+229 59 66 67 28,institut.catholique.bénin@institut.catholique.bénin.net,institutcatholiquebénin.bj,TPE (<10),B2B,Google Maps,4.0,Actif,2026-06-29T00:14:35.721105,haute
BJ-23BD5079,Collège Connaissance Institute,Éducation & Formation,Kétou,+229 41 38 33 74,collège.connaissance.institute@collège.connaissance.institute.net,,PME (50-200),B2B,Google Maps,4.5,Actif,2026-06-29T00:14:35.721139,moyenne
BJ-015FB935,Connaissance College,Éducation & Formation,Kétou,+229 37 48 13 96,,,PME (50-200),B2B,Google Maps,3.1,Actif,2026-06-29T00:14:35.721166,basse
BJ-B4AF0CF7,Privé,Éducation & Formation,Kétou,+229 89 20 62 64,privé@privé.org,,TPE (<10),B2B,Google Maps,4.8,Actif,2026-06-29T00:14:35.721197,moyenne
BJ-2C28C22B,Privé Bénin Covè,Éducation & Formation,Covè,+229 89 22 10 50,privé.bénin.covè@privé.bénin.covè.benin,privébénincovè.bj,PME (10-50),B2C,Google Maps,3.7,Actif,2026-06-29T00:14:35.721243,haute
BJ-65971988,Privé Covè,Éducation & Formation,Covè,+229 72 15 36 50,privé.covè@privé.covè.org,privécovè.bj,TPE (<10),B2C,Google Maps,4.9,Actif,2026-06-29T00:14:35.721284,haute
BJ-EEDB7334,Connaissance Institute Covè,Éducation & Formation,Covè,+229 88 66 27 66,connaissance.institute.covè@connaissance.institute.covè.benin,connaissanceinstitutecovè.bj,TPE (<10),B2C,Google Maps,4.8,Actif,2026-06-29T00:14:35.721323,haute
BJ-F89CF457,Public School,Éducation & Formation,Covè,+229 77 84 16 28,public.school@public.school.bj,publicschool.bj,PME (50-200),B2B,Google Maps,3.3,Actif,2026-06-29T00:14:35.721361,haute
BJ-18226DF8,Formation College,Éducation & Formation,Covè,+229 96 93 80 87,formation.college@formation.college.com,formationcollege.bj,PME (10-50),B2B,Google Maps,4.3,Actif,2026-06-29T00:14:35.721394,haute
BJ-0386892D,École Privé Institute,Éducation & Formation,Pobè,+229 89 53 67 62,,écoleprivéinstitute.bj,PME (10-50),B2B,Google Maps,3.7,Actif,2026-06-29T00:14:35.721441,moyenne
BJ-0F390508,Public,Éducation & Formation,Pobè,+229 55 79 15 20,public@public.net,public.bj,PME (10-50),B2C,Google Maps,4.1,Actif,2026-06-29T00:14:35.721474,haute
BJ-CD2F1ED2,Lycée Protestant Lycée Pobè,Éducation & Formation,Pobè,+229 30 69 99 65,,lycéeprotestantlycéepobè.bj,PME (50-200),B2B,Google Maps,5.0,Actif,2026-06-29T00:14:35.721504,moyenne
BJ-9B95C067,Centre International,Éducation & Formation,Pobè,+229 60 53 52 70,,centreinternational.bj,TPE (<10),B2B,Google Maps,3.5,Actif,2026-06-29T00:14:35.721534,moyenne
BJ-1C75C122,Privé Sakété,Éducation & Formation,Sakété,+229 29 89 55 65,,privésakété.bj,PME (10-50),B2B,Google Maps,3.6,Actif,2026-06-29T00:14:35.721606,moyenne
BJ-7A736D72,Éducation,Éducation & Formation,Sakété,+229 84 62 61 68,éducation@éducation.com,éducation.bj,PME (50-200),B2B,Google Maps,3.4,Actif,2026-06-29T00:14:35.721639,haute
BJ-146B5329,Développement Lycée,Éducation & Formation,Sakété,+229 85 44 43 96,développement.lycée@développement.lycée.net,développementlycée.bj,TPE (<10),B2B,Google Maps,5.0,Actif,2026-06-29T00:14:35.721676,haute
BJ-A955AA57,Institut Développement College,Éducation & Formation,Sakété,+229 73 67 48 91,institut.développement.college@institut.développement.college.benin,,Grande (>200),B2C,Google Maps,3.7,Actif,2026-06-29T00:14:35.721712,moyenne
BJ-4D3E88A9,Connaissance,Éducation & Formation,Sakété,+229 45 89 83 14,,,TPE (<10),B2B,Google Maps,4.3,Actif,2026-06-29T00:14:35.721759,basse
BJ-147DDF50,Institut International University,Éducation & Formation,Adjara,+229 86 69 32 58,institut.international.university@institut.international.university.com,institutinternationaluniversity.bj,PME (10-50),B2B,Google Maps,5.0,Actif,2026-06-29T00:14:35.721808,haute
BJ-22112341,Collège Public Institute,Éducation & Formation,Adjara,+229 67 41 13 97,,collègepublicinstitute.bj,PME (50-200),B2C,Google Maps,3.4,Actif,2026-06-29T00:14:35.721840,moyenne
BJ-26C0883E,National University,Éducation & Formation,Adjara,+229 45 63 19 41,,,PME (50-200),B2B,Google Maps,5.0,Actif,2026-06-29T00:14:35.721870,basse
BJ-8FB940EE,Institut Public Academy Adjara,Éducation & Formation,Adjara,+229 81 64 93 85,institut.public.academy.adjara@institut.public.academy.adjara.net,,Grande (>200),B2C,Google Maps,5.0,Actif,2026-06-29T00:14:35.721924,moyenne
BJ-2B34C521,Apprentissage School,Éducation & Formation,Adjara,+229 60 37 50 83,apprentissage.school@apprentissage.school.net,apprentissageschool.bj,TPE (<10),B2B,Google Maps,4.3,Actif,2026-06-29T00:14:35.721957,haute
BJ-8BCE63A8,Lycée Connaissance,Éducation & Formation,Allada,+229 92 83 93 96,lycée.connaissance@lycée.connaissance.org,lycéeconnaissance.bj,TPE (<10),B2B,Google Maps,3.5,Actif,2026-06-29T00:14:35.722003,haute
BJ-3365F834,Excellence University,Éducation & Formation,Allada,+229 20 93 62 51,excellence.university@excellence.university.net,excellenceuniversity.bj,TPE (<10),B2C,Google Maps,4.6,Actif,2026-06-29T00:14:35.722036,haute
BJ-46D3BC21,Centre Privé,Éducation & Formation,Allada,+229 93 81 10 89,centre.privé@centre.privé.com,centreprivé.bj,PME (10-50),B2C,Google Maps,4.9,Actif,2026-06-29T00:14:35.722070,haute
BJ-D4C859A6,École Liberté,Éducation & Formation,Allada,+229 28 45 91 55,école.liberté@école.liberté.com,,PME (10-50),B2B,Google Maps,4.8,Actif,2026-06-29T00:14:35.722107,moyenne
BJ-1D04ED50,Académie Public,Éducation & Formation,Allada,+229 78 24 41 80,académie.public@académie.public.com,académiepublic.bj,TPE (<10),B2C,Google Maps,4.7,Actif,2026-06-29T00:14:35.722141,haute
BJ-5D4FF25B,Collège Formation University Aplahoué,Éducation & Formation,Aplahoué,+229 36 84 29 82,collège.formation.university.aplahoué@collège.formation.university.aplahoué.com,collègeformationuniversityaplahoué.bj,PME (10-50),B2C,Google Maps,4.5,Actif,2026-06-29T00:14:35.722189,haute
BJ-B07394E2,Université Formation,Éducation & Formation,Aplahoué,+229 41 91 82 69,université.formation@université.formation.bj,universitéformation.bj,PME (50-200),B2C,Google Maps,4.1,Actif,2026-06-29T00:14:35.722223,haute
BJ-91836826,Université Privé Bénin,Éducation & Formation,Aplahoué,+229 29 67 86 62,université.privé.bénin@université.privé.bénin.com,universitéprivébénin.bj,TPE (<10),B2C,Google Maps,3.2,Actif,2026-06-29T00:14:35.722257,haute
BJ-E97A3A60,Institut Protestant Academy,Éducation & Formation,Aplahoué,+229 87 70 81 59,institut.protestant.academy@institut.protestant.academy.bj,,TPE (<10),B2C,Google Maps,3.1,Actif,2026-06-29T00:14:35.722296,moyenne
BJ-61FC60A0,Lycée Apprentissage,Éducation & Formation,Aplahoué,+229 37 19 21 94,lycée.apprentissage@lycée.apprentissage.org,lycéeapprentissage.bj,Grande (>200),B2C,Google Maps,4.6,Actif,2026-06-29T00:14:35.722331,haute
BJ-5BC93DC2,Centre National,Éducation & Formation,Dogbo-Tota,+229 29 46 27 98,,centrenational.bj,PME (10-50),B2C,Google Maps,4.1,Actif,2026-06-29T00:14:35.722375,moyenne
BJ-F32E19F4,Centre Développement Lycée,Éducation & Formation,Dogbo-Tota,+229 33 46 31 33,centre.développement.lycée@centre.développement.lycée.bj,centredéveloppementlycée.bj,PME (10-50),B2C,Google Maps,3.5,Actif,2026-06-29T00:14:35.722411,haute
BJ-6A56D751,Université Privé Bénin,Éducation & Formation,Dogbo-Tota,+229 66 44 80 20,université.privé.bénin@université.privé.bénin.net,universitéprivébénin.bj,PME (50-200),B2C,Google Maps,3.1,Actif,2026-06-29T00:14:35.722446,haute
BJ-989101EA,École International,Éducation & Formation,Dogbo-Tota,+229 99 83 68 81,école.international@école.international.org,écoleinternational.bj,TPE (<10),B2B,Google Maps,3.9,Actif,2026-06-29T00:14:35.722489,haute
BJ-48AAD09A,Université International School,Éducation & Formation,Dogbo-Tota,+229 75 95 70 37,,universitéinternationalschool.bj,TPE (<10),B2B,Google Maps,4.2,Actif,2026-06-29T00:14:35.722527,moyenne
BJ-2EEB9354,Excellence University Kpomassè,Éducation & Formation,Kpomassè,+229 89 25 35 57,excellence.university.kpomassè@excellence.university.kpomassè.com,excellenceuniversitykpomassè.bj,TPE (<10),B2C,Google Maps,4.5,Actif,2026-06-29T00:14:35.722570,haute
BJ-ACFDD0AF,Catholique Academy,Éducation & Formation,Kpomassè,+229 40 88 72 23,catholique.academy@catholique.academy.bj,catholiqueacademy.bj,TPE (<10),B2C,Google Maps,4.0,Actif,2026-06-29T00:14:35.722607,haute
BJ-76B9879E,Institut Privé,Éducation & Formation,Kpomassè,+229 89 39 59 78,institut.privé@institut.privé.net,institutprivé.bj,TPE (<10),B2B,Google Maps,3.5,Actif,2026-06-29T00:14:35.722641,haute
BJ-4CBD53C1,Lycée Apprentissage Kpomassè,Éducation & Formation,Kpomassè,+229 22 53 90 17,,lycéeapprentissagekpomassè.bj,PME (10-50),B2B,Google Maps,3.4,Actif,2026-06-29T00:14:35.722671,moyenne
BJ-B7C09DA1,International Kpomassè,Éducation & Formation,Kpomassè,+229 89 69 85 12,,,PME (10-50),B2C,Google Maps,4.6,Actif,2026-06-29T00:14:35.722700,basse
BJ-7C0EAE95,National School,Éducation & Formation,Tori-Bossito,+229 95 72 74 43,,nationalschool.bj,PME (50-200),B2C,Google Maps,3.1,Actif,2026-06-29T00:14:35.722741,moyenne
BJ-2A06F4B8,Collège Apprentissage School,Éducation & Formation,Tori-Bossito,+229 65 11 99 95,collège.apprentissage.school@collège.apprentissage.school.org,collègeapprentissageschool.bj,TPE (<10),B2B,Google Maps,4.5,Actif,2026-06-29T00:14:35.722775,haute
BJ-C6D71AE9,National University,Éducation & Formation,Tori-Bossito,+229 31 80 22 57,,,TPE (<10),B2C,Google Maps,3.6,Actif,2026-06-29T00:14:35.722804,basse
BJ-22D43A95,National University Tori-Bossito,Éducation & Formation,Tori-Bossito,+229 33 16 88 33,national.university.toribossito@national.university.toribossito.bj,nationaluniversitytoribossito.bj,TPE (<10),B2B,Google Maps,4.3,Actif,2026-06-29T00:14:35.722844,haute
BJ-663B4C21,Privé,Éducation & Formation,Tori-Bossito,+229 99 75 72 54,privé@privé.benin,privé.bj,TPE (<10),B2C,Google Maps,4.7,Actif,2026-06-29T00:14:35.722881,haute
BJ-F9618CBF,Lycée Formation University,Éducation & Formation,Grand-Popo,+229 61 86 96 42,lycée.formation.university@lycée.formation.university.net,lycéeformationuniversity.bj,PME (10-50),B2C,Google Maps,3.5,Actif,2026-06-29T00:14:35.722962,haute
BJ-9D8F4A12,Centre Public,Éducation & Formation,Grand-Popo,+229 47 85 74 87,centre.public@centre.public.bj,,TPE (<10),B2B,Google Maps,4.1,Actif,2026-06-29T00:14:35.722980,moyenne
BJ-F5C5E1A9,Collège Apprentissage École Grand-Popo,Éducation & Formation,Grand-Popo,+229 47 98 69 16,collège.apprentissage.école.grandpopo@collège.apprentissage.école.grandpopo.com,,TPE (<10),B2B,Google Maps,4.0,Actif,2026-06-29T00:14:35.723003,moyenne
BJ-C055170E,École Formation Institute,Éducation & Formation,Grand-Popo,+229 21 73 32 94,école.formation.institute@école.formation.institute.org,écoleformationinstitute.bj,TPE (<10),B2B,Google Maps,4.3,Actif,2026-06-29T00:14:35.723019,haute
BJ-06A816D3,International,Éducation & Formation,Grand-Popo,+229 74 80 97 64,,international.bj,TPE (<10),B2B,Google Maps,3.5,Actif,2026-06-29T00:14:35.723033,moyenne
BJ-09FD0791,Catholique,Éducation & Formation,Athiémé,+229 39 77 91 57,catholique@catholique.benin,catholique.bj,TPE (<10),B2C,Google Maps,4.0,Actif,2026-06-29T00:14:35.723059,haute
BJ-03C5FD58,Institut Développement,Éducation & Formation,Athiémé,+229 65 59 96 23,institut.développement@institut.développement.org,,Grande (>200),B2B,Google Maps,4.9,Actif,2026-06-29T00:14:35.723075,moyenne
BJ-74272A85,Développement,Éducation & Formation,Athiémé,+229 41 88 96 34,,,TPE (<10),B2B,Google Maps,4.3,Actif,2026-06-29T00:14:35.723088,basse
BJ-1D7E7FD5,Académie Formation Institute Athiémé,Éducation & Formation,Athiémé,+229 61 14 60 82,académie.formation.institute.athiémé@académie.formation.institute.athiémé.com,,TPE (<10),B2C,Google Maps,4.8,Actif,2026-06-29T00:14:35.723109,moyenne
BJ-071628C4,Centre National,Éducation & Formation,Athiémé,+229 97 32 28 30,,centrenational.bj,Grande (>200),B2C,Google Maps,4.1,Actif,2026-06-29T00:14:35.723123,moyenne
BJ-144F3D16,Public Lycée,Éducation & Formation,Bopa,+229 22 31 17 16,public.lycée@public.lycée.org,,TPE (<10),B2B,Google Maps,3.4,Actif,2026-06-29T00:14:35.723144,moyenne
BJ-0ECE1966,Protestant École Bopa,Éducation & Formation,Bopa,+229 56 57 73 53,,protestantécolebopa.bj,PME (50-200),B2C,Google Maps,4.4,Actif,2026-06-29T00:14:35.723163,moyenne
BJ-766B2288,Développement,Éducation & Formation,Bopa,+229 57 64 68 57,,développement.bj,PME (50-200),B2C,Google Maps,3.8,Actif,2026-06-29T00:14:35.723176,moyenne
BJ-694A4E79,Apprentissage,Éducation & Formation,Bopa,+229 76 90 55 92,,apprentissage.bj,PME (50-200),B2B,Google Maps,4.8,Actif,2026-06-29T00:14:35.723189,moyenne
BJ-3FB035C8,Développement College,Éducation & Formation,Bopa,+229 32 72 29 11,développement.college@développement.college.benin,développementcollege.bj,TPE (<10),B2C,Google Maps,5.0,Actif,2026-06-29T00:14:35.723205,haute
BJ-DF02076B,Public,Éducation & Formation,Houéyogbé,+229 31 86 93 76,public@public.com,public.bj,TPE (<10),B2B,Google Maps,4.3,Actif,2026-06-29T00:14:35.723226,haute
BJ-CF8FA2C9,Centre Développement School Houéyogbé,Éducation & Formation,Houéyogbé,+229 88 68 34 38,centre.développement.school.houéyogbé@centre.développement.school.houéyogbé.org,centredéveloppementschoolhouéyogbé.bj,TPE (<10),B2B,Google Maps,3.4,Actif,2026-06-29T00:14:35.723243,haute
BJ-FE82F57E,Privé École Houéyogbé,Éducation & Formation,Houéyogbé,+229 89 91 37 53,,privéécolehouéyogbé.bj,PME (10-50),B2C,Google Maps,4.9,Actif,2026-06-29T00:14:35.723257,moyenne
BJ-8265DBAE,Institut Catholique University,Éducation & Formation,Houéyogbé,+229 30 32 97 94,,institutcatholiqueuniversity.bj,PME (10-50),B2C,Google Maps,4.0,Actif,2026-06-29T00:14:35.723273,moyenne
BJ-2ECBF1A7,École Excellence,Éducation & Formation,Houéyogbé,+229 56 36 17 83,école.excellence@école.excellence.bj,écoleexcellence.bj,TPE (<10),B2C,Google Maps,3.8,Actif,2026-06-29T00:14:35.723288,haute
BJ-E860DE0F,Centre Éducation School,Éducation & Formation,Malanville,+229 20 10 12 92,centre.éducation.school@centre.éducation.school.com,,PME (10-50),B2B,Google Maps,4.7,Actif,2026-06-29T00:14:35.723308,moyenne
BJ-E31B741C,Développement,Éducation & Formation,Malanville,+229 47 86 26 31,développement@développement.com,développement.bj,PME (50-200),B2B,Google Maps,3.6,Actif,2026-06-29T00:14:35.723323,haute
BJ-77E92288,Développement Malanville,Éducation & Formation,Malanville,+229 63 60 62 51,développement.malanville@développement.malanville.org,,PME (10-50),B2B,Google Maps,3.8,Actif,2026-06-29T00:14:35.723337,moyenne
BJ-490BDD70,Lycée Privé,Éducation & Formation,Malanville,+229 90 44 27 20,,lycéeprivé.bj,TPE (<10),B2C,Google Maps,4.4,Actif,2026-06-29T00:14:35.723350,moyenne
BJ-5B9EAF83,Centre Développement,Éducation & Formation,Malanville,+229 59 65 85 21,,,Grande (>200),B2B,Google Maps,4.1,Actif,2026-06-29T00:14:35.723362,basse
BJ-1AB42E72,International Lycée,Éducation & Formation,Kandi,+229 80 52 49 52,,internationallycée.bj,Grande (>200),B2B,Google Maps,4.6,Actif,2026-06-29T00:14:35.723382,moyenne
BJ-3777AD77,Lycée Public École,Éducation & Formation,Kandi,+229 87 81 69 49,,lycéepublicécole.bj,PME (50-200),B2B,Google Maps,4.5,Actif,2026-06-29T00:14:35.723396,moyenne
BJ-50D82DC3,Développement School Kandi,Éducation & Formation,Kandi,+229 24 47 16 87,développement.school.kandi@développement.school.kandi.org,,PME (10-50),B2B,Google Maps,3.4,Actif,2026-06-29T00:14:35.723413,moyenne
BJ-3AA180B2,Université Formation Bénin,Éducation & Formation,Kandi,+229 60 13 90 83,,,PME (10-50),B2B,Google Maps,3.3,Actif,2026-06-29T00:14:35.723429,basse
BJ-A2FFD00A,Public,Éducation & Formation,Kandi,+229 61 24 88 86,,public.bj,PME (10-50),B2B,Google Maps,3.2,Actif,2026-06-29T00:14:35.723442,moyenne
BJ-B889AC96,Collège Public,Éducation & Formation,Banikoara,+229 61 48 81 69,collège.public@collège.public.org,collègepublic.bj,TPE (<10),B2B,Google Maps,3.4,Actif,2026-06-29T00:14:35.723462,haute
BJ-C85E11EE,Lycée Liberté,Éducation & Formation,Banikoara,+229 25 21 18 43,,lycéeliberté.bj,PME (10-50),B2B,Google Maps,4.9,Actif,2026-06-29T00:14:35.723476,moyenne
BJ-3093A310,Éducation Bénin,Éducation & Formation,Banikoara,+229 57 69 56 12,,éducationbénin.bj,PME (10-50),B2C,Google Maps,3.7,Actif,2026-06-29T00:14:35.723493,moyenne
BJ-0F32829D,National Banikoara,Éducation & Formation,Banikoara,+229 64 10 52 81,national.banikoara@national.banikoara.net,nationalbanikoara.bj,Grande (>200),B2B,Google Maps,3.3,Actif,2026-06-29T00:14:35.723508,haute
BJ-4D9D3A9D,Privé,Éducation & Formation,Banikoara,+229 27 49 74 74,privé@privé.com,privé.bj,PME (10-50),B2C,Google Maps,4.7,Actif,2026-06-29T00:14:35.723522,haute
BJ-77E1CE09,Apprentissage,Éducation & Formation,Ségbana,+229 80 16 56 22,apprentissage@apprentissage.benin,apprentissage.bj,TPE (<10),B2C,Google Maps,3.7,Actif,2026-06-29T00:14:35.723544,haute
BJ-C234F112,Connaissance Ségbana,Éducation & Formation,Ségbana,+229 55 57 87 42,connaissance.ségbana@connaissance.ségbana.com,connaissanceségbana.bj,PME (10-50),B2B,Google Maps,3.3,Actif,2026-06-29T00:14:35.723562,haute
BJ-D7536A0B,Liberté,Éducation & Formation,Ségbana,+229 52 12 86 51,liberté@liberté.benin,liberté.bj,PME (10-50),B2C,Google Maps,4.0,Actif,2026-06-29T00:14:35.723577,haute
BJ-9BD0B469,Lycée National Ségbana,Éducation & Formation,Ségbana,+229 56 31 93 59,,lycéenationalségbana.bj,Grande (>200),B2B,Google Maps,3.7,Actif,2026-06-29T00:14:35.723594,moyenne
BJ-9CA718D3,Éducation,Éducation & Formation,Ségbana,+229 62 47 69 14,éducation@éducation.com,éducation.bj,PME (10-50),B2B,Google Maps,4.4,Actif,2026-06-29T00:14:35.723608,haute
BJ-B5B592F0,École Apprentissage School,Éducation & Formation,Karimama,+229 79 79 61 13,,,TPE (<10),B2C,Google Maps,4.0,Actif,2026-06-29T00:14:35.723628,basse
BJ-793FF116,Éducation Karimama,Éducation & Formation,Karimama,+229 55 86 24 25,éducation.karimama@éducation.karimama.net,éducationkarimama.bj,TPE (<10),B2B,Google Maps,4.4,Actif,2026-06-29T00:14:35.723644,haute
BJ-E04DE5E7,Centre Savoir Karimama,Éducation & Formation,Karimama,+229 89 64 97 70,centre.savoir.karimama@centre.savoir.karimama.benin,,PME (50-200),B2B,Google Maps,3.6,Actif,2026-06-29T00:14:35.723658,moyenne
BJ-538D2375,Académie Formation University,Éducation & Formation,Karimama,+229 27 23 74 24,académie.formation.university@académie.formation.university.net,,PME (10-50),B2C,Google Maps,4.4,Actif,2026-06-29T00:14:35.723672,moyenne
BJ-1FE5D5C3,Savoir Bénin,Éducation & Formation,Karimama,+229 81 96 70 50,,,TPE (<10),B2B,Google Maps,3.4,Actif,2026-06-29T00:14:35.723684,basse
BJ-4DBF931F,Collège Développement University,Éducation & Formation,Gogounou,+229 24 92 36 59,collège.développement.university@collège.développement.university.benin,collègedéveloppementuniversity.bj,TPE (<10),B2B,Google Maps,4.3,Actif,2026-06-29T00:14:35.723712,haute
BJ-E521D1F4,Centre Catholique University Gogounou,Éducation & Formation,Gogounou,+229 66 48 78 99,centre.catholique.university.gogounou@centre.catholique.university.gogounou.org,centrecatholiqueuniversitygogounou.bj,TPE (<10),B2B,Google Maps,4.6,Actif,2026-06-29T00:14:35.723730,haute
BJ-92E21F31,Éducation University,Éducation & Formation,Gogounou,+229 85 39 71 30,éducation.university@éducation.university.org,éducationuniversity.bj,TPE (<10),B2C,Google Maps,3.0,Actif,2026-06-29T00:14:35.723745,haute
BJ-7618E885,Académie Privé Academy,Éducation & Formation,Gogounou,+229 81 24 12 14,académie.privé.academy@académie.privé.academy.net,académieprivéacademy.bj,TPE (<10),B2C,Google Maps,3.8,Actif,2026-06-29T00:14:35.723763,haute
BJ-FF41B380,Centre International Gogounou,Éducation & Formation,Gogounou,+229 54 69 64 55,centre.international.gogounou@centre.international.gogounou.com,centreinternationalgogounou.bj,PME (50-200),B2C,Google Maps,5.0,Actif,2026-06-29T00:14:35.723778,haute
BJ-7EDC11C1,Public,Éducation & Formation,Cobly,+229 33 78 39 41,public@public.com,,PME (10-50),B2B,Google Maps,4.5,Actif,2026-06-29T00:14:35.723797,moyenne
BJ-A9B81CE2,Connaissance University,Éducation & Formation,Cobly,+229 70 10 96 47,,connaissanceuniversity.bj,PME (10-50),B2C,Google Maps,3.8,Actif,2026-06-29T00:14:35.723810,moyenne
BJ-9F20D503,Collège National Lycée,Éducation & Formation,Cobly,+229 88 47 79 88,collège.national.lycée@collège.national.lycée.com,collègenationallycée.bj,TPE (<10),B2C,Google Maps,3.0,Actif,2026-06-29T00:14:35.723824,haute
BJ-0DC24BA7,Lycée National Institute,Éducation & Formation,Cobly,+229 22 85 40 40,lycée.national.institute@lycée.national.institute.bj,lycéenationalinstitute.bj,PME (50-200),B2C,Google Maps,3.1,Actif,2026-06-29T00:14:35.723842,haute
BJ-334D98C6,Privé Lycée Cobly,Éducation & Formation,Cobly,+229 38 28 94 13,privé.lycée.cobly@privé.lycée.cobly.org,,PME (50-200),B2B,Google Maps,3.0,Actif,2026-06-29T00:14:35.723856,moyenne
BJ-F06D415E,École International College,Éducation & Formation,Tanguiéta,+229 46 68 83 77,,écoleinternationalcollege.bj,TPE (<10),B2C,Google Maps,3.1,Actif,2026-06-29T00:14:35.723875,moyenne
BJ-24B11231,Université Apprentissage,Éducation & Formation,Tanguiéta,+229 65 70 59 55,,universitéapprentissage.bj,Grande (>200),B2C,Google Maps,3.9,Actif,2026-06-29T00:14:35.723900,moyenne
BJ-CD6D0B5C,Lycée Connaissance College,Éducation & Formation,Tanguiéta,+229 60 52 55 69,,lycéeconnaissancecollege.bj,PME (10-50),B2C,Google Maps,3.3,Actif,2026-06-29T00:14:35.723916,moyenne
BJ-C921BEF3,Centre Privé College,Éducation & Formation,Tanguiéta,+229 49 85 45 32,centre.privé.college@centre.privé.college.org,centreprivécollege.bj,TPE (<10),B2B,Google Maps,4.1,Actif,2026-06-29T00:14:35.723935,haute
BJ-5C45CB6F,Centre Excellence Tanguiéta,Éducation & Formation,Tanguiéta,+229 68 94 72 82,,centreexcellencetanguiéta.bj,TPE (<10),B2C,Google Maps,4.7,Actif,2026-06-29T00:14:35.723949,moyenne
BJ-1345C59C,École Éducation Academy Matéri,Éducation & Formation,Matéri,+229 35 71 65 89,école.éducation.academy.matéri@école.éducation.academy.matéri.com,écoleéducationacademymatéri.bj,TPE (<10),B2C,Google Maps,4.8,Actif,2026-06-29T00:14:35.723971,haute
BJ-25829528,Académie Catholique Institute,Éducation & Formation,Matéri,+229 28 33 60 83,,académiecatholiqueinstitute.bj,TPE (<10),B2C,Google Maps,4.4,Actif,2026-06-29T00:14:35.723984,moyenne
BJ-885D8824,Privé Matéri,Éducation & Formation,Matéri,+229 60 37 36 56,privé.matéri@privé.matéri.benin,,TPE (<10),B2B,Google Maps,4.2,Actif,2026-06-29T00:14:35.723998,moyenne
BJ-ECEC1DA3,Connaissance Matéri,Éducation & Formation,Matéri,+229 91 71 36 89,,connaissancematéri.bj,PME (10-50),B2B,Google Maps,4.4,Actif,2026-06-29T00:14:35.724012,moyenne
BJ-99DC8D21,Centre National,Éducation & Formation,Matéri,+229 38 25 38 64,centre.national@centre.national.com,centrenational.bj,PME (10-50),B2C,Google Maps,3.6,Actif,2026-06-29T00:14:35.724030,haute
BJ-FFC1E564,Apprentissage Bénin Natitingou,Éducation & Formation,Natitingou,+229 70 31 69 64,apprentissage.bénin.natitingou@apprentissage.bénin.natitingou.benin,apprentissagebéninnatitingou.bj,PME (10-50),B2C,Google Maps,4.3,Actif,2026-06-29T00:14:35.724052,haute
BJ-C717DB11,Catholique,Éducation & Formation,Natitingou,+229 80 56 20 17,catholique@catholique.net,catholique.bj,PME (10-50),B2B,Google Maps,4.0,Actif,2026-06-29T00:14:35.724066,haute
BJ-3B6DD81B,Collège Excellence College Natitingou,Éducation & Formation,Natitingou,+229 39 23 13 36,collège.excellence.college.natitingou@collège.excellence.college.natitingou.com,collègeexcellencecollegenatitingou.bj,TPE (<10),B2B,Google Maps,4.3,Actif,2026-06-29T00:14:35.724082,haute
BJ-075A8C42,École Catholique Lycée,Éducation & Formation,Natitingou,+229 61 30 97 63,,écolecatholiquelycée.bj,TPE (<10),B2B,Google Maps,3.3,Actif,2026-06-29T00:14:35.724099,moyenne
BJ-530940BA,Savoir Institute,Éducation & Formation,Natitingou,+229 22 97 33 61,,savoirinstitute.bj,PME (50-200),B2C,Google Maps,3.2,Actif,2026-06-29T00:14:35.724112,moyenne
BJ-453CF2B6,Apprentissage,Éducation & Formation,Toucountouna,+229 28 25 76 49,,,PME (10-50),B2B,Google Maps,4.0,Actif,2026-06-29T00:14:35.724146,basse
BJ-47FB5D0D,Académie Public,Éducation & Formation,Toucountouna,+229 30 57 74 50,,académiepublic.bj,TPE (<10),B2B,Google Maps,4.0,Actif,2026-06-29T00:14:35.724161,moyenne
BJ-1D72AF7F,Collège Public Institute,Éducation & Formation,Toucountouna,+229 31 36 67 68,collège.public.institute@collège.public.institute.net,collègepublicinstitute.bj,PME (10-50),B2B,Google Maps,3.1,Actif,2026-06-29T00:14:35.724188,haute
BJ-D642A6A2,Lycée Développement Toucountouna,Éducation & Formation,Toucountouna,+229 58 81 86 95,,lycéedéveloppementtoucountouna.bj,Grande (>200),B2B,Google Maps,3.3,Actif,2026-06-29T00:14:35.724202,moyenne
BJ-E9108681,Collège Formation College,Éducation & Formation,Boukoumbé,+229 57 22 30 65,collège.formation.college@collège.formation.college.org,collègeformationcollege.bj,PME (10-50),B2B,Google Maps,3.6,Actif,2026-06-29T00:14:35.724222,haute
BJ-63FB759E,Éducation,Éducation & Formation,Boukoumbé,+229 31 19 40 37,éducation@éducation.net,,PME (10-50),B2C,Google Maps,4.6,Actif,2026-06-29T00:14:35.724236,moyenne
BJ-BCC2C0AB,International Bénin,Éducation & Formation,Boukoumbé,+229 57 29 28 18,international.bénin@international.bénin.com,,PME (50-200),B2B,Google Maps,3.2,Actif,2026-06-29T00:14:35.724250,moyenne
BJ-84A404AD,Université Connaissance,Éducation & Formation,Boukoumbé,+229 55 37 96 71,université.connaissance@université.connaissance.benin,universitéconnaissance.bj,PME (50-200),B2C,Google Maps,3.0,Actif,2026-06-29T00:14:35.724267,haute
BJ-A42420DE,Université Savoir College,Éducation & Formation,Boukoumbé,+229 44 53 32 82,,universitésavoircollege.bj,Grande (>200),B2B,Google Maps,4.7,Actif,2026-06-29T00:14:35.724281,moyenne
BJ-A6C890DB,École Protestant,Éducation & Formation,Kouandé,+229 89 89 72 36,école.protestant@école.protestant.bj,écoleprotestant.bj,TPE (<10),B2B,Google Maps,4.8,Actif,2026-06-29T00:14:35.724301,haute
BJ-30095489,National,Éducation & Formation,Kouandé,+229 51 82 31 54,national@national.benin,national.bj,PME (50-200),B2B,Google Maps,5.0,Actif,2026-06-29T00:14:35.724319,haute
BJ-77DE4B89,Liberté,Éducation & Formation,Kouandé,+229 96 96 23 85,,liberté.bj,PME (10-50),B2B,Google Maps,4.8,Actif,2026-06-29T00:14:35.724335,moyenne
BJ-731131DD,Académie Formation École,Éducation & Formation,Kouandé,+229 40 16 85 95,académie.formation.école@académie.formation.école.org,,PME (10-50),B2B,Google Maps,3.0,Actif,2026-06-29T00:14:35.724350,moyenne
BJ-8E298BCC,Centre Privé École,Éducation & Formation,Kouandé,+229 70 88 40 30,,centreprivéécole.bj,PME (50-200),B2B,Google Maps,3.9,Actif,2026-06-29T00:14:35.724363,moyenne
BJ-A2EA0003,Académie Connaissance College,Éducation & Formation,Péhunco,+229 56 85 31 56,académie.connaissance.college@académie.connaissance.college.net,,TPE (<10),B2B,Google Maps,4.2,Actif,2026-06-29T00:14:35.724383,moyenne
BJ-40DB7AB1,Connaissance École,Éducation & Formation,Péhunco,+229 67 98 10 69,connaissance.école@connaissance.école.org,,TPE (<10),B2B,Google Maps,4.7,Actif,2026-06-29T00:14:35.724396,moyenne
BJ-EAF6CAFD,Excellence Lycée,Éducation & Formation,Péhunco,+229 61 30 28 61,excellence.lycée@excellence.lycée.bj,excellencelycée.bj,TPE (<10),B2B,Google Maps,4.4,Actif,2026-06-29T00:14:35.724410,haute
BJ-2700CD30,École Savoir Péhunco,Éducation & Formation,Péhunco,+229 89 92 69 89,école.savoir.péhunco@école.savoir.péhunco.net,écolesavoirpéhunco.bj,PME (10-50),B2B,Google Maps,4.8,Actif,2026-06-29T00:14:35.724428,haute
BJ-5795C7B5,Université Liberté School,Éducation & Formation,Péhunco,+229 93 61 78 99,université.liberté.school@université.liberté.school.benin,universitélibertéschool.bj,TPE (<10),B2C,Google Maps,3.3,Actif,2026-06-29T00:14:35.724444,haute
BJ-BDD0EC28,Liberté,Éducation & Formation,Tchaourou,+229 31 47 44 11,liberté@liberté.bj,,PME (10-50),B2B,Google Maps,4.9,Actif,2026-06-29T00:14:35.724464,moyenne
BJ-E8A18DDA,Éducation,Éducation & Formation,Tchaourou,+229 32 28 26 97,éducation@éducation.com,éducation.bj,PME (50-200),B2C,Google Maps,3.4,Actif,2026-06-29T00:14:35.724478,haute
BJ-CD080ACC,Centre Formation,Éducation & Formation,Tchaourou,+229 95 66 20 70,centre.formation@centre.formation.net,centreformation.bj,PME (10-50),B2C,Google Maps,3.8,Actif,2026-06-29T00:14:35.724492,haute
BJ-D1E56F8E,Catholique École Tchaourou,Éducation & Formation,Tchaourou,+229 75 99 97 41,,catholiqueécoletchaourou.bj,PME (50-200),B2B,Google Maps,4.7,Actif,2026-06-29T00:14:35.724506,moyenne
BJ-2BB878FB,Développement Bénin Tchaourou,Éducation & Formation,Tchaourou,+229 34 36 84 64,développement.bénin.tchaourou@développement.bénin.tchaourou.net,développementbénintchaourou.bj,TPE (<10),B2C,Google Maps,4.0,Actif,2026-06-29T00:14:35.724522,haute
BJ-5DB440A8,École Protestant Lycée,Éducation & Formation,Nikki,+229 58 68 31 49,,écoleprotestantlycée.bj,PME (50-200),B2B,Google Maps,4.2,Actif,2026-06-29T00:14:35.724541,moyenne
BJ-9B755696,International,Éducation & Formation,Nikki,+229 69 76 20 36,,,TPE (<10),B2C,Google Maps,3.6,Actif,2026-06-29T00:14:35.724554,basse
BJ-8B80565B,Protestant,Éducation & Formation,Nikki,+229 85 34 29 14,protestant@protestant.org,protestant.bj,PME (10-50),B2C,Google Maps,4.1,Actif,2026-06-29T00:14:35.724567,haute
BJ-3F1530DF,Protestant École Nikki,Éducation & Formation,Nikki,+229 95 39 57 52,protestant.école.nikki@protestant.école.nikki.benin,,PME (10-50),B2B,Google Maps,4.3,Actif,2026-06-29T00:14:35.724584,moyenne
BJ-6B179622,Académie Connaissance Bénin,Éducation & Formation,Nikki,+229 42 71 46 43,académie.connaissance.bénin@académie.connaissance.bénin.net,académieconnaissancebénin.bj,PME (50-200),B2B,Google Maps,4.1,Actif,2026-06-29T00:14:35.724598,haute
BJ-6B37A4B5,Lycée Connaissance,Éducation & Formation,Bembéréké,+229 69 59 78 96,lycée.connaissance@lycée.connaissance.benin,lycéeconnaissance.bj,TPE (<10),B2C,Google Maps,4.6,Actif,2026-06-29T00:14:35.724619,haute
BJ-F7EED27B,Formation University,Éducation & Formation,Bembéréké,+229 82 22 67 65,formation.university@formation.university.benin,,Grande (>200),B2C,Google Maps,4.9,Actif,2026-06-29T00:14:35.724636,moyenne
BJ-FE069258,Liberté,Éducation & Formation,Bembéréké,+229 67 69 46 27,,liberté.bj,PME (10-50),B2C,Google Maps,3.4,Actif,2026-06-29T00:14:35.724650,moyenne
BJ-0A951A75,Collège Formation,Éducation & Formation,Bembéréké,+229 37 82 25 75,,collègeformation.bj,PME (10-50),B2B,Google Maps,4.3,Actif,2026-06-29T00:14:35.724664,moyenne
BJ-BD7D8804,Institut Éducation School,Éducation & Formation,Bembéréké,+229 65 91 24 12,institut.éducation.school@institut.éducation.school.com,institutéducationschool.bj,TPE (<10),B2C,Google Maps,3.0,Actif,2026-06-29T00:14:35.724688,haute
BJ-6F66A499,Institut National,Éducation & Formation,Kalalé,+229 87 46 24 25,institut.national@institut.national.bj,institutnational.bj,TPE (<10),B2C,Google Maps,4.8,Actif,2026-06-29T00:14:35.724709,haute
BJ-9BF8736A,Excellence University,Éducation & Formation,Kalalé,+229 70 35 83 18,,,Grande (>200),B2C,Google Maps,3.1,Actif,2026-06-29T00:14:35.724721,basse
BJ-C1EA1CD3,Institut Public Kalalé,Éducation & Formation,Kalalé,+229 60 54 65 81,institut.public.kalalé@institut.public.kalalé.bj,,Grande (>200),B2C,Google Maps,4.0,Actif,2026-06-29T00:14:35.724739,moyenne
BJ-DDE5B736,Académie Protestant Lycée Kalalé,Éducation & Formation,Kalalé,+229 88 48 55 39,académie.protestant.lycée.kalalé@académie.protestant.lycée.kalalé.net,,TPE (<10),B2C,Google Maps,3.4,Actif,2026-06-29T00:14:35.724759,moyenne
BJ-ED239C81,Lycée Apprentissage Kalalé,Éducation & Formation,Kalalé,+229 24 15 89 50,lycée.apprentissage.kalalé@lycée.apprentissage.kalalé.benin,,PME (10-50),B2C,Google Maps,4.6,Actif,2026-06-29T00:14:35.724774,moyenne
BJ-22951AD8,Éducation Bénin,Éducation & Formation,Ndali,+229 51 50 36 40,éducation.bénin@éducation.bénin.org,éducationbénin.bj,TPE (<10),B2C,Google Maps,4.9,Actif,2026-06-29T00:14:35.724800,haute
BJ-05915A59,Apprentissage École,Éducation & Formation,Ndali,+229 81 61 58 62,,apprentissageécole.bj,Grande (>200),B2C,Google Maps,3.9,Actif,2026-06-29T00:14:35.724814,moyenne
BJ-23A8E03A,Lycée Privé Academy,Éducation & Formation,Ndali,+229 77 58 95 36,lycée.privé.academy@lycée.privé.academy.bj,lycéeprivéacademy.bj,TPE (<10),B2B,Google Maps,3.7,Actif,2026-06-29T00:14:35.724830,haute
BJ-BABEF1AA,Protestant,Éducation & Formation,Ndali,+229 72 27 90 96,protestant@protestant.net,protestant.bj,PME (10-50),B2B,Google Maps,4.7,Actif,2026-06-29T00:14:35.724845,haute
BJ-2A0589AA,École Apprentissage,Éducation & Formation,Ndali,+229 66 50 32 42,,écoleapprentissage.bj,PME (10-50),B2B,Google Maps,4.5,Actif,2026-06-29T00:14:35.724859,moyenne
BJ-6807C207,Académie Excellence School,Éducation & Formation,Ségbana,+229 35 91 43 95,académie.excellence.school@académie.excellence.school.com,académieexcellenceschool.bj,TPE (<10),B2B,Google Maps,4.5,Actif,2026-06-29T00:14:35.724880,haute
BJ-9D63BFAA,Institut Catholique Institute,Éducation & Formation,Ségbana,+229 78 13 18 35,institut.catholique.institute@institut.catholique.institute.bj,institutcatholiqueinstitute.bj,TPE (<10),B2B,Google Maps,3.6,Actif,2026-06-29T00:14:35.724909,haute
BJ-B55E5300,Excellence College,Éducation & Formation,Ségbana,+229 63 71 81 48,excellence.college@excellence.college.com,,PME (10-50),B2C,Google Maps,3.9,Actif,2026-06-29T00:14:35.724924,moyenne
BJ-F41F84CE,Public,Éducation & Formation,Ségbana,+229 87 13 30 14,public@public.benin,public.bj,PME (50-200),B2C,Google Maps,4.7,Actif,2026-06-29T00:14:35.724945,haute
BJ-1121A579,Institut National Lycée,Éducation & Formation,Ségbana,+229 97 29 43 39,institut.national.lycée@institut.national.lycée.net,institutnationallycée.bj,PME (10-50),B2B,Google Maps,3.7,Actif,2026-06-29T00:14:35.724965,haute
BJ-56262B58,Institut Savoir,Éducation & Formation,Tchaourou,+229 75 76 39 30,,institutsavoir.bj,TPE (<10),B2B,Google Maps,4.0,Actif,2026-06-29T00:14:35.724984,moyenne
BJ-4184A67D,Protestant,Éducation & Formation,Tchaourou,+229 70 39 87 23,protestant@protestant.org,,TPE (<10),B2C,Google Maps,4.0,Actif,2026-06-29T00:14:35.724998,moyenne
BJ-58E74F75,Centre International Lycée,Éducation & Formation,Tchaourou,+229 28 68 67 46,centre.international.lycée@centre.international.lycée.benin,centreinternationallycée.bj,TPE (<10),B2C,Google Maps,3.0,Actif,2026-06-29T00:14:35.725014,haute
BJ-DD1C82D8,Institut Développement,Éducation & Formation,Tchaourou,+229 67 69 10 20,institut.développement@institut.développement.net,institutdéveloppement.bj,PME (10-50),B2C,Google Maps,3.1,Actif,2026-06-29T00:14:35.725029,haute
BJ-19BCEE2E,Formation Tchaourou,Éducation & Formation,Tchaourou,+229 21 47 98 41,formation.tchaourou@formation.tchaourou.com,formationtchaourou.bj,PME (10-50),B2B,Google Maps,4.1,Actif,2026-06-29T00:14:35.725042,haute
BJ-01F9B1F2,École Connaissance,Éducation & Formation,Bétérou,+229 81 73 75 12,école.connaissance@école.connaissance.com,écoleconnaissance.bj,Grande (>200),B2C,Google Maps,4.2,Actif,2026-06-29T00:14:35.725063,haute
BJ-264FBE57,Lycée International,Éducation & Formation,Bétérou,+229 83 91 46 12,,,TPE (<10),B2C,Google Maps,4.5,Actif,2026-06-29T00:14:35.725088,basse
BJ-B53EA203,Connaissance College,Éducation & Formation,Bétérou,+229 70 52 25 47,,connaissancecollege.bj,TPE (<10),B2C,Google Maps,3.8,Actif,2026-06-29T00:14:35.725104,moyenne
BJ-893A8D16,Protestant School Bétérou,Éducation & Formation,Bétérou,+229 78 65 85 79,protestant.school.bétérou@protestant.school.bétérou.net,protestantschoolbétérou.bj,PME (10-50),B2C,Google Maps,4.7,Actif,2026-06-29T00:14:35.725120,haute
BJ-EEA1654E,Protestant,Éducation & Formation,Ouessè,+229 81 83 32 71,protestant@protestant.net,protestant.bj,TPE (<10),B2C,Google Maps,4.0,Actif,2026-06-29T00:14:35.725139,haute
BJ-F7F25AC6,Académie Protestant,Éducation & Formation,Ouessè,+229 31 14 15 94,académie.protestant@académie.protestant.org,,TPE (<10),B2B,Google Maps,3.8,Actif,2026-06-29T00:14:35.725153,moyenne
BJ-39E9B607,École Connaissance,Éducation & Formation,Ouessè,+229 20 94 87 83,école.connaissance@école.connaissance.bj,écoleconnaissance.bj,PME (50-200),B2C,Google Maps,4.4,Actif,2026-06-29T00:14:35.725171,haute
BJ-0467481F,Université Public,Éducation & Formation,Ouessè,+229 85 13 42 90,université.public@université.public.org,universitépublic.bj,Grande (>200),B2B,Google Maps,3.8,Actif,2026-06-29T00:14:35.725186,haute
BJ-86714C66,Institut Liberté Ouessè,Éducation & Formation,Ouessè,+229 80 35 19 51,institut.liberté.ouessè@institut.liberté.ouessè.com,institutlibertéouessè.bj,TPE (<10),B2C,Google Maps,4.6,Actif,2026-06-29T00:14:35.725201,haute
BJ-A8BAA60F,Collège Formation Lycée Glazoué,Éducation & Formation,Glazoué,+229 57 81 34 73,collège.formation.lycée.glazoué@collège.formation.lycée.glazoué.bj,,TPE (<10),B2B,Google Maps,3.7,Actif,2026-06-29T00:14:35.725221,moyenne
BJ-A0856287,Lycée Liberté Glazoué,Éducation & Formation,Glazoué,+229 62 86 71 56,lycée.liberté.glazoué@lycée.liberté.glazoué.org,,PME (50-200),B2B,Google Maps,3.2,Actif,2026-06-29T00:14:35.725239,moyenne
BJ-55D0C620,Éducation,Éducation & Formation,Glazoué,+229 49 87 69 71,éducation@éducation.benin,éducation.bj,PME (50-200),B2B,Google Maps,3.5,Actif,2026-06-29T00:14:35.725254,haute
BJ-2D6E8648,National College Glazoué,Éducation & Formation,Glazoué,+229 36 93 94 33,,,PME (50-200),B2B,Google Maps,3.5,Actif,2026-06-29T00:14:35.725270,basse
BJ-D3EE9401,Excellence Academy,Éducation & Formation,Glazoué,+229 91 94 47 68,excellence.academy@excellence.academy.bj,excellenceacademy.bj,TPE (<10),B2B,Google Maps,4.7,Actif,2026-06-29T00:14:35.725284,haute
BJ-2E3A2DD9,Collège Connaissance,Éducation & Formation,Dassa-Zoumè,+229 22 25 13 79,collège.connaissance@collège.connaissance.benin,collègeconnaissance.bj,PME (10-50),B2C,Google Maps,3.6,Actif,2026-06-29T00:14:35.725305,haute
BJ-CED8D7B6,Excellence,Éducation & Formation,Dassa-Zoumè,+229 76 31 64 47,excellence@excellence.net,excellence.bj,PME (10-50),B2B,Google Maps,3.4,Actif,2026-06-29T00:14:35.725319,haute
BJ-CD32C947,Catholique Institute,Éducation & Formation,Dassa-Zoumè,+229 71 51 26 21,catholique.institute@catholique.institute.benin,,PME (10-50),B2C,Google Maps,3.1,Actif,2026-06-29T00:14:35.725332,moyenne
BJ-4BD872D9,Université Public,Éducation & Formation,Dassa-Zoumè,+229 95 36 30 24,université.public@université.public.org,,PME (10-50),B2C,Google Maps,3.2,Actif,2026-06-29T00:14:35.725362,moyenne
BJ-CAC2B7D8,Université National School Dassa-Zoumè,Éducation & Formation,Dassa-Zoumè,+229 25 11 35 52,,universiténationalschooldassazoumè.bj,TPE (<10),B2B,Google Maps,4.6,Actif,2026-06-29T00:14:35.725376,moyenne
BJ-E58490EB,Formation Savalou,Éducation & Formation,Savalou,+229 78 40 85 56,,formationsavalou.bj,Grande (>200),B2B,Google Maps,3.2,Actif,2026-06-29T00:14:35.725395,moyenne
BJ-145B7974,Éducation Academy Savalou,Éducation & Formation,Savalou,+229 27 35 65 35,éducation.academy.savalou@éducation.academy.savalou.org,,Grande (>200),B2C,Google Maps,3.6,Actif,2026-06-29T00:14:35.725409,moyenne
BJ-0FF76989,Lycée National Savalou,Éducation & Formation,Savalou,+229 31 80 52 42,lycée.national.savalou@lycée.national.savalou.benin,lycéenationalsavalou.bj,PME (10-50),B2B,Google Maps,3.3,Actif,2026-06-29T00:14:35.725423,haute
BJ-9A66D69B,École Privé Academy Savalou,Éducation & Formation,Savalou,+229 43 85 92 85,,écoleprivéacademysavalou.bj,PME (10-50),B2C,Google Maps,4.3,Actif,2026-06-29T00:14:35.725440,moyenne
BJ-8B4B6EC1,Académie International,Éducation & Formation,Savalou,+229 72 52 30 98,académie.international@académie.international.net,académieinternational.bj,PME (50-200),B2C,Google Maps,5.0,Actif,2026-06-29T00:14:35.725455,haute
BJ-60EBF2DE,Centre Excellence,Éducation & Formation,Bantè,+229 62 95 98 41,,centreexcellence.bj,Grande (>200),B2C,Google Maps,4.7,Actif,2026-06-29T00:14:35.725474,moyenne
BJ-56017717,International University,Éducation & Formation,Bantè,+229 70 56 26 41,international.university@international.university.bj,internationaluniversity.bj,PME (10-50),B2C,Google Maps,3.5,Actif,2026-06-29T00:14:35.725489,haute
BJ-6412B185,Privé University,Éducation & Formation,Bantè,+229 23 49 64 57,,privéuniversity.bj,TPE (<10),B2C,Google Maps,3.4,Actif,2026-06-29T00:14:35.725502,moyenne
BJ-C22F505D,Université Liberté École,Éducation & Formation,Bantè,+229 98 24 51 51,université.liberté.école@université.liberté.école.benin,universitélibertéécole.bj,PME (50-200),B2B,Google Maps,4.3,Actif,2026-06-29T00:14:35.725520,haute
BJ-81488B29,Université Connaissance,Éducation & Formation,Bantè,+229 55 98 89 60,,,TPE (<10),B2C,Google Maps,3.5,Actif,2026-06-29T00:14:35.725532,basse
BJ-B909CE8C,Collège Connaissance Djougou,Éducation & Formation,Djougou,+229 99 15 72 61,,,PME (10-50),B2B,Google Maps,4.7,Actif,2026-06-29T00:14:35.725551,basse
BJ-A5F49607,Formation Academy,Éducation & Formation,Djougou,+229 59 52 25 91,formation.academy@formation.academy.bj,formationacademy.bj,TPE (<10),B2C,Google Maps,4.7,Actif,2026-06-29T00:14:35.725565,haute
BJ-D09D0E3F,Liberté Djougou,Éducation & Formation,Djougou,+229 74 26 86 59,,libertédjougou.bj,PME (10-50),B2B,Google Maps,3.9,Actif,2026-06-29T00:14:35.725584,moyenne
BJ-D674B3F5,Liberté Lycée,Éducation & Formation,Djougou,+229 61 43 87 68,,libertélycée.bj,PME (10-50),B2B,Google Maps,4.9,Actif,2026-06-29T00:14:35.725601,moyenne
BJ-51D1A278,Privé,Éducation & Formation,Djougou,+229 37 63 22 75,privé@privé.org,privé.bj,PME (50-200),B2B,Google Maps,5.0,Actif,2026-06-29T00:14:35.725615,haute
BJ-FB7BEFB0,École National,Éducation & Formation,Ouèssè,+229 22 73 83 22,école.national@école.national.benin,écolenational.bj,PME (10-50),B2C,Google Maps,4.8,Actif,2026-06-29T00:14:35.725637,haute
BJ-03A7338B,Académie International,Éducation & Formation,Ouèssè,+229 91 79 52 41,académie.international@académie.international.net,,TPE (<10),B2B,Google Maps,3.2,Actif,2026-06-29T00:14:35.725650,moyenne
BJ-4CB90C3E,Excellence,Éducation & Formation,Ouèssè,+229 45 32 92 35,,,Grande (>200),B2C,Google Maps,4.2,Actif,2026-06-29T00:14:35.725662,basse
BJ-F454660E,Liberté,Éducation & Formation,Ouèssè,+229 25 85 93 63,liberté@liberté.com,liberté.bj,PME (50-200),B2B,Google Maps,4.6,Actif,2026-06-29T00:14:35.725675,haute
BJ-8FB1AA19,Université Protestant College,Éducation & Formation,Ouèssè,+229 48 98 65 77,université.protestant.college@université.protestant.college.com,,TPE (<10),B2B,Google Maps,3.7,Actif,2026-06-29T00:14:35.725689,moyenne
BJ-DB9705B0,Excellence School Bassila,Éducation & Formation,Bassila,+229 72 62 28 49,excellence.school.bassila@excellence.school.bassila.benin,,PME (50-200),B2B,Google Maps,4.1,Actif,2026-06-29T00:14:35.725708,moyenne
BJ-284AC0B3,Privé,Éducation & Formation,Bassila,+229 78 68 78 77,privé@privé.benin,privé.bj,PME (50-200),B2C,Google Maps,4.5,Actif,2026-06-29T00:14:35.725723,haute
BJ-9ECBACB1,Institut Protestant,Éducation & Formation,Bassila,+229 20 88 89 60,,institutprotestant.bj,TPE (<10),B2B,Google Maps,4.7,Actif,2026-06-29T00:14:35.725735,moyenne
BJ-99AB4EE8,Académie Formation,Éducation & Formation,Bassila,+229 35 49 80 43,académie.formation@académie.formation.org,,Grande (>200),B2C,Google Maps,4.1,Actif,2026-06-29T00:14:35.725752,moyenne
BJ-11FD317F,Institut Privé,Éducation & Formation,Bassila,+229 65 80 80 28,institut.privé@institut.privé.org,institutprivé.bj,PME (10-50),B2B,Google Maps,4.3,Actif,2026-06-29T00:14:35.725767,haute
BJ-F2544932,Centre International Pehunco,Éducation & Formation,Pehunco,+229 35 64 14 28,centre.international.pehunco@centre.international.pehunco.net,centreinternationalpehunco.bj,PME (10-50),B2B,Google Maps,3.7,Actif,2026-06-29T00:14:35.725787,haute
BJ-41699A36,Collège International Institute,Éducation & Formation,Pehunco,+229 63 63 72 97,collège.international.institute@collège.international.institute.bj,collègeinternationalinstitute.bj,PME (50-200),B2B,Google Maps,4.2,Actif,2026-06-29T00:14:35.725802,haute
BJ-AF408114,Lycée Excellence,Éducation & Formation,Pehunco,+229 82 21 20 32,lycée.excellence@lycée.excellence.com,,TPE (<10),B2C,Google Maps,5.0,Actif,2026-06-29T00:14:35.725819,moyenne
BJ-96170662,Institut Public Bénin,Éducation & Formation,Pehunco,+229 37 47 29 34,,,Grande (>200),B2B,Google Maps,4.5,Actif,2026-06-29T00:14:35.725831,basse
BJ-1215701B,Protestant,Éducation & Formation,Pehunco,+229 29 19 71 94,protestant@protestant.benin,protestant.bj,PME (50-200),B2C,Google Maps,4.3,Actif,2026-06-29T00:14:35.725845,haute
BJ-B1AC995C,Université Protestant Copargo,Éducation & Formation,Copargo,+229 96 87 78 53,université.protestant.copargo@université.protestant.copargo.org,,PME (10-50),B2B,Google Maps,4.5,Actif,2026-06-29T00:14:35.725866,moyenne
BJ-E550C1EE,Collège Excellence,Éducation & Formation,Copargo,+229 32 64 18 97,collège.excellence@collège.excellence.bj,collègeexcellence.bj,TPE (<10),B2C,Google Maps,4.7,Actif,2026-06-29T00:14:35.725880,haute
BJ-D49B5E0B,Centre National,Éducation & Formation,Copargo,+229 42 90 46 16,centre.national@centre.national.org,centrenational.bj,TPE (<10),B2B,Google Maps,4.7,Actif,2026-06-29T00:14:35.725910,haute
BJ-E343A23A,École Catholique Academy Copargo,Éducation & Formation,Copargo,+229 58 23 91 77,,écolecatholiqueacademycopargo.bj,TPE (<10),B2C,Google Maps,3.5,Actif,2026-06-29T00:14:35.725944,moyenne
BJ-A8F2B297,Protestant Copargo,Éducation & Formation,Copargo,+229 23 24 93 82,protestant.copargo@protestant.copargo.bj,protestantcopargo.bj,TPE (<10),B2B,Google Maps,3.9,Actif,2026-06-29T00:14:35.725979,haute
BJ-D9BB29AB,Logiciel Cotonou,Technologie & IT,Cotonou,+229 26 17 73 28,logiciel.cotonou@logiciel.cotonou.bj,logicielcotonou.bj,TPE (<10),B2C,Google Maps,4.2,Actif,2026-06-29T00:14:35.726020,haute
BJ-D6224EC4,Digital SARL Cotonou,Technologie & IT,Cotonou,+229 40 75 43 56,digital.sarl.cotonou@digital.sarl.cotonou.net,digitalsarlcotonou.bj,PME (50-200),B2C,Google Maps,4.8,Actif,2026-06-29T00:14:35.726052,haute
BJ-E518C7F7,Network Solutions,Technologie & IT,Cotonou,+229 22 64 70 31,network.solutions@network.solutions.benin,networksolutions.bj,TPE (<10),B2B,Google Maps,3.2,Actif,2026-06-29T00:14:35.726097,haute
BJ-036F59E9,Soft Data,Technologie & IT,Cotonou,+229 43 69 71 84,soft.data@soft.data.bj,softdata.bj,PME (50-200),B2C,Google Maps,3.5,Actif,2026-06-29T00:14:35.726130,haute
BJ-99BCB5E5,AI,Technologie & IT,Cotonou,+229 40 48 85 66,ai@ai.net,ai.bj,PME (10-50),B2B,Google Maps,4.9,Actif,2026-06-29T00:14:35.726166,haute
BJ-E721117A,Web Solutions,Technologie & IT,Abomey-Calavi,+229 69 20 67 78,web.solutions@web.solutions.bj,,Grande (>200),B2B,Google Maps,3.7,Actif,2026-06-29T00:14:35.726212,moyenne
BJ-D5EA62A1,Soft AI Tech,Technologie & IT,Abomey-Calavi,+229 41 37 44 52,soft.ai.tech@soft.ai.tech.com,softaitech.bj,PME (50-200),B2B,Google Maps,5.0,Actif,2026-06-29T00:14:35.726253,haute
BJ-5A352442,Smart Application Abomey-Calavi,Technologie & IT,Abomey-Calavi,+229 61 45 66 22,smart.application.abomeycalavi@smart.application.abomeycalavi.org,smartapplicationabomeycalavi.bj,PME (50-200),B2B,Google Maps,3.2,Actif,2026-06-29T00:14:35.726291,haute
BJ-7B80B6D6,Cyber Security SARL,Technologie & IT,Abomey-Calavi,+229 76 81 43 66,cyber.security.sarl@cyber.security.sarl.com,cybersecuritysarl.bj,Grande (>200),B2C,Google Maps,3.2,Actif,2026-06-29T00:14:35.726330,haute
BJ-6FE03935,Net Technologie,Technologie & IT,Abomey-Calavi,+229 55 63 53 14,net.technologie@net.technologie.org,nettechnologie.bj,TPE (<10),B2B,Google Maps,4.5,Actif,2026-06-29T00:14:35.726362,haute
BJ-898A7039,Tech Network Soft,Technologie & IT,Porto-Novo,+229 78 44 27 75,tech.network.soft@tech.network.soft.com,,PME (50-200),B2C,Google Maps,3.4,Actif,2026-06-29T00:14:35.726404,moyenne
BJ-0BADB6DE,Data Data Solutions,Technologie & IT,Porto-Novo,+229 42 14 19 70,data.data.solutions@data.data.solutions.benin,datadatasolutions.bj,TPE (<10),B2B,Google Maps,4.6,Actif,2026-06-29T00:14:35.726437,haute
BJ-3F7D7278,Digital Logiciel Africa Porto-Novo,Technologie & IT,Porto-Novo,+229 45 54 56 35,digital.logiciel.africa.portonovo@digital.logiciel.africa.portonovo.net,digitallogicielafricaportonovo.bj,TPE (<10),B2B,Google Maps,4.7,Actif,2026-06-29T00:14:35.726469,haute
BJ-716D9662,Solution,Technologie & IT,Porto-Novo,+229 24 54 34 56,solution@solution.com,solution.bj,PME (10-50),B2C,Google Maps,3.4,Actif,2026-06-29T00:14:35.726504,haute
BJ-2950E160,Web,Technologie & IT,Porto-Novo,+229 94 26 81 37,web@web.bj,web.bj,PME (10-50),B2C,Google Maps,4.0,Actif,2026-06-29T00:14:35.726556,haute
BJ-65F981E5,Digital Systems,Technologie & IT,Parakou,+229 49 62 91 39,digital.systems@digital.systems.bj,digitalsystems.bj,PME (10-50),B2C,Google Maps,3.4,Actif,2026-06-29T00:14:35.726598,haute
BJ-5926AFB9,Technologie Soft Parakou,Technologie & IT,Parakou,+229 34 10 97 70,technologie.soft.parakou@technologie.soft.parakou.bj,technologiesoftparakou.bj,PME (10-50),B2C,Google Maps,3.1,Actif,2026-06-29T00:14:35.726633,haute
BJ-0D5F8E73,Cloud Développement International,Technologie & IT,Parakou,+229 97 74 44 31,,clouddéveloppementinternational.bj,PME (10-50),B2B,Google Maps,3.8,Actif,2026-06-29T00:14:35.726666,moyenne
BJ-ABE1725A,Cloud Développement,Technologie & IT,Parakou,+229 56 54 59 28,cloud.développement@cloud.développement.bj,clouddéveloppement.bj,PME (10-50),B2C,Google Maps,4.4,Actif,2026-06-29T00:14:35.726702,haute
BJ-4486FDD1,Network Solutions,Technologie & IT,Parakou,+229 85 27 19 21,network.solutions@network.solutions.benin,networksolutions.bj,TPE (<10),B2B,Google Maps,3.7,Actif,2026-06-29T00:14:35.726737,haute
BJ-4A81C746,Application Bohicon,Technologie & IT,Bohicon,+229 80 56 63 31,application.bohicon@application.bohicon.com,applicationbohicon.bj,PME (10-50),B2B,Google Maps,4.6,Actif,2026-06-29T00:14:35.726798,haute
BJ-799638F3,Technologie Digital,Technologie & IT,Bohicon,+229 41 35 26 29,technologie.digital@technologie.digital.net,technologiedigital.bj,PME (10-50),B2C,Google Maps,3.5,Actif,2026-06-29T00:14:35.726834,haute
BJ-E69E51E2,Digital Technologie Systems,Technologie & IT,Bohicon,+229 42 52 62 83,digital.technologie.systems@digital.technologie.systems.benin,digitaltechnologiesystems.bj,PME (10-50),B2C,Google Maps,4.8,Actif,2026-06-29T00:14:35.726865,haute
BJ-C8048A69,AI,Technologie & IT,Bohicon,+229 96 80 27 40,ai@ai.bj,ai.bj,TPE (<10),B2C,Google Maps,3.5,Actif,2026-06-29T00:14:35.726909,haute
BJ-ED07DD04,Cyber Network,Technologie & IT,Bohicon,+229 83 11 93 44,cyber.network@cyber.network.bj,,PME (10-50),B2B,Google Maps,3.8,Actif,2026-06-29T00:14:35.726940,moyenne
BJ-8017AD26,Cloud Informatique,Technologie & IT,Natitingou,+229 74 81 88 38,cloud.informatique@cloud.informatique.net,cloudinformatique.bj,PME (50-200),B2B,Google Maps,3.7,Actif,2026-06-29T00:14:35.726983,haute
BJ-87B974F5,Data Solution,Technologie & IT,Natitingou,+229 48 16 92 17,data.solution@data.solution.net,datasolution.bj,PME (50-200),B2B,Google Maps,3.9,Actif,2026-06-29T00:14:35.727014,haute
BJ-AFC85A2B,Cyber Africa,Technologie & IT,Natitingou,+229 50 25 99 62,cyber.africa@cyber.africa.benin,cyberafrica.bj,TPE (<10),B2C,Google Maps,4.7,Actif,2026-06-29T00:14:35.727048,haute
BJ-FFA92DEA,Data Système,Technologie & IT,Natitingou,+229 72 62 28 11,data.système@data.système.net,datasystème.bj,PME (10-50),B2C,Google Maps,4.3,Actif,2026-06-29T00:14:35.727092,haute
BJ-DB4CAE1D,Network SARL Natitingou,Technologie & IT,Natitingou,+229 50 63 65 50,network.sarl.natitingou@network.sarl.natitingou.benin,,TPE (<10),B2B,Google Maps,3.1,Actif,2026-06-29T00:14:35.727124,moyenne
BJ-AA2EA18E,Cyber Digital,Technologie & IT,Lokossa,+229 59 97 45 82,cyber.digital@cyber.digital.com,cyberdigital.bj,Grande (>200),B2B,Google Maps,4.6,Actif,2026-06-29T00:14:35.727166,haute
BJ-654FFB87,Smart Mobile Lokossa,Technologie & IT,Lokossa,+229 48 89 38 74,smart.mobile.lokossa@smart.mobile.lokossa.net,smartmobilelokossa.bj,PME (50-200),B2B,Google Maps,3.3,Actif,2026-06-29T00:14:35.727198,haute
BJ-61C7CA8C,Soft Mobile International,Technologie & IT,Lokossa,+229 52 69 95 33,soft.mobile.international@soft.mobile.international.net,softmobileinternational.bj,PME (10-50),B2C,Google Maps,4.2,Actif,2026-06-29T00:14:35.727232,haute
BJ-A6D13335,Tech Network,Technologie & IT,Lokossa,+229 49 47 98 95,tech.network@tech.network.net,,TPE (<10),B2C,Google Maps,3.7,Actif,2026-06-29T00:14:35.727261,moyenne
BJ-09E14ED9,Informatique Soft,Technologie & IT,Lokossa,+229 70 90 60 30,informatique.soft@informatique.soft.bj,informatiquesoft.bj,PME (10-50),B2B,Google Maps,4.4,Actif,2026-06-29T00:14:35.727299,haute
BJ-54CB2EA7,Solution International,Technologie & IT,Ouidah,+229 71 17 91 79,solution.international@solution.international.net,solutioninternational.bj,TPE (<10),B2B,Google Maps,3.9,Actif,2026-06-29T00:14:35.727339,haute
BJ-3B6F2E52,Smart Technologie,Technologie & IT,Ouidah,+229 29 12 20 42,,smarttechnologie.bj,Grande (>200),B2C,Google Maps,3.6,Actif,2026-06-29T00:14:35.727370,moyenne
BJ-6B39EFFA,Soft Cloud Systems,Technologie & IT,Ouidah,+229 88 16 14 96,soft.cloud.systems@soft.cloud.systems.benin,softcloudsystems.bj,PME (10-50),B2B,Google Maps,3.8,Actif,2026-06-29T00:14:35.727402,haute
BJ-384E103F,Cloud,Technologie & IT,Ouidah,+229 97 90 24 26,cloud@cloud.benin,cloud.bj,PME (50-200),B2C,Google Maps,3.1,Actif,2026-06-29T00:14:35.727437,haute
BJ-8D3B7FC7,Net Digital,Technologie & IT,Ouidah,+229 52 36 14 11,net.digital@net.digital.bj,netdigital.bj,TPE (<10),B2B,Google Maps,3.4,Actif,2026-06-29T00:14:35.727477,haute
BJ-2AC16D4C,Soft Informatique Soft,Technologie & IT,Savalou,+229 71 47 23 61,soft.informatique.soft@soft.informatique.soft.bj,softinformatiquesoft.bj,TPE (<10),B2B,Google Maps,4.4,Actif,2026-06-29T00:14:35.727532,haute
BJ-F8715E72,Cyber Web,Technologie & IT,Savalou,+229 38 13 87 12,cyber.web@cyber.web.com,cyberweb.bj,Grande (>200),B2B,Google Maps,4.6,Actif,2026-06-29T00:14:35.727569,haute
BJ-D5F71A1B,Logiciel,Technologie & IT,Savalou,+229 48 71 31 49,logiciel@logiciel.benin,logiciel.bj,PME (10-50),B2C,Google Maps,4.3,Actif,2026-06-29T00:14:35.727608,haute
BJ-F32C679B,Smart Informatique Bénin Savalou,Technologie & IT,Savalou,+229 24 63 64 44,,smartinformatiquebéninsavalou.bj,PME (10-50),B2C,Google Maps,3.6,Actif,2026-06-29T00:14:35.727644,moyenne
BJ-E77CCF07,Logiciel International,Technologie & IT,Savalou,+229 69 53 60 70,,logicielinternational.bj,TPE (<10),B2C,Google Maps,3.7,Actif,2026-06-29T00:14:35.727675,moyenne
BJ-9CF75E27,Smart Solution Tech,Technologie & IT,Dassa-Zoumè,+229 75 24 87 25,smart.solution.tech@smart.solution.tech.com,smartsolutiontech.bj,PME (10-50),B2B,Google Maps,3.7,Actif,2026-06-29T00:14:35.727737,haute
BJ-A11E8293,Data Développement Bénin,Technologie & IT,Dassa-Zoumè,+229 28 52 58 97,data.développement.bénin@data.développement.bénin.org,,TPE (<10),B2C,Google Maps,3.4,Actif,2026-06-29T00:14:35.727767,moyenne
BJ-E4FB1437,Net Network,Technologie & IT,Dassa-Zoumè,+229 30 14 13 42,net.network@net.network.org,netnetwork.bj,TPE (<10),B2C,Google Maps,3.5,Actif,2026-06-29T00:14:35.727827,haute
BJ-5E937B3F,Tech AI Dassa-Zoumè,Technologie & IT,Dassa-Zoumè,+229 76 34 39 71,tech.ai.dassazoumè@tech.ai.dassazoumè.com,techaidassazoumè.bj,TPE (<10),B2C,Google Maps,3.7,Actif,2026-06-29T00:14:35.727856,haute
BJ-86222F5B,Cyber Digital,Technologie & IT,Kétou,+229 64 30 46 16,cyber.digital@cyber.digital.net,cyberdigital.bj,PME (10-50),B2B,Google Maps,4.7,Actif,2026-06-29T00:14:35.727909,haute
BJ-FC86757D,Data Solutions,Technologie & IT,Kétou,+229 61 81 91 59,data.solutions@data.solutions.benin,datasolutions.bj,TPE (<10),B2B,Google Maps,3.9,Actif,2026-06-29T00:14:35.727938,haute
BJ-9138213C,Technologie International,Technologie & IT,Kétou,+229 39 74 40 96,technologie.international@technologie.international.bj,technologieinternational.bj,TPE (<10),B2B,Google Maps,4.5,Actif,2026-06-29T00:14:35.727960,haute
BJ-5C9BFACF,Cyber,Technologie & IT,Kétou,+229 30 29 33 79,,,Grande (>200),B2C,Google Maps,3.8,Actif,2026-06-29T00:14:35.727982,basse
BJ-9BE88A08,Network,Technologie & IT,Kétou,+229 63 50 93 77,network@network.benin,,PME (10-50),B2B,Google Maps,3.8,Actif,2026-06-29T00:14:35.728007,moyenne
BJ-CA4E1295,Soft Cloud Bénin,Technologie & IT,Covè,+229 24 97 82 26,soft.cloud.bénin@soft.cloud.bénin.net,softcloudbénin.bj,TPE (<10),B2C,Google Maps,3.6,Actif,2026-06-29T00:14:35.728056,haute
BJ-E548E6D4,Mobile,Technologie & IT,Covè,+229 77 20 92 75,mobile@mobile.bj,mobile.bj,PME (50-200),B2B,Google Maps,4.0,Actif,2026-06-29T00:14:35.728086,haute
BJ-DE15D8F5,Cyber Covè,Technologie & IT,Covè,+229 60 95 39 29,cyber.covè@cyber.covè.net,cybercovè.bj,PME (10-50),B2C,Google Maps,3.2,Actif,2026-06-29T00:14:35.728117,haute
BJ-1C033E44,Solution Solutions,Technologie & IT,Covè,+229 74 99 70 87,solution.solutions@solution.solutions.net,solutionsolutions.bj,PME (10-50),B2B,Google Maps,3.4,Actif,2026-06-29T00:14:35.728151,haute
BJ-B09AD9A7,Security SARL,Technologie & IT,Covè,+229 84 60 68 69,security.sarl@security.sarl.net,,PME (50-200),B2B,Google Maps,4.6,Actif,2026-06-29T00:14:35.728180,moyenne
BJ-3D8DD652,Soft Data,Technologie & IT,Pobè,+229 79 12 43 85,soft.data@soft.data.com,softdata.bj,TPE (<10),B2C,Google Maps,4.8,Actif,2026-06-29T00:14:35.728220,haute
BJ-101FC0C0,Net Intelligence Pobè,Technologie & IT,Pobè,+229 52 38 12 75,net.intelligence.pobè@net.intelligence.pobè.net,netintelligencepobè.bj,TPE (<10),B2C,Google Maps,4.6,Actif,2026-06-29T00:14:35.728250,haute
BJ-81B1C554,Tech Mobile,Technologie & IT,Pobè,+229 20 77 95 23,tech.mobile@tech.mobile.org,techmobile.bj,PME (50-200),B2B,Google Maps,4.2,Actif,2026-06-29T00:14:35.728283,haute
BJ-F6EFC3F7,Digital Intelligence International,Technologie & IT,Pobè,+229 57 75 48 54,digital.intelligence.international@digital.intelligence.international.com,digitalintelligenceinternational.bj,TPE (<10),B2C,Google Maps,4.4,Actif,2026-06-29T00:14:35.728312,haute
BJ-6C088DE3,Security,Technologie & IT,Pobè,+229 94 75 77 39,security@security.net,security.bj,PME (50-200),B2B,Google Maps,4.6,Actif,2026-06-29T00:14:35.728338,haute
BJ-A76EC58E,Cyber Cyber,Technologie & IT,Sakété,+229 29 72 38 65,cyber.cyber@cyber.cyber.net,cybercyber.bj,PME (10-50),B2C,Google Maps,3.3,Actif,2026-06-29T00:14:35.728377,haute
BJ-E89E452E,Security Solutions,Technologie & IT,Sakété,+229 68 73 59 40,security.solutions@security.solutions.net,securitysolutions.bj,TPE (<10),B2C,Google Maps,3.7,Actif,2026-06-29T00:14:35.728405,haute
BJ-ACE93905,Tech Web Solutions Sakété,Technologie & IT,Sakété,+229 63 45 45 51,tech.web.solutions.sakété@tech.web.solutions.sakété.org,techwebsolutionssakété.bj,TPE (<10),B2C,Google Maps,3.9,Actif,2026-06-29T00:14:35.728434,haute
BJ-FED24ABF,Cyber Mobile,Technologie & IT,Sakété,+229 53 93 27 61,cyber.mobile@cyber.mobile.bj,cybermobile.bj,PME (10-50),B2C,Google Maps,3.4,Actif,2026-06-29T00:14:35.728469,haute
BJ-67ECF381,Smart Digital SARL,Technologie & IT,Sakété,+229 50 74 51 60,,smartdigitalsarl.bj,Grande (>200),B2B,Google Maps,4.6,Actif,2026-06-29T00:14:35.728497,moyenne
BJ-62D9F592,Cyber,Technologie & IT,Adjara,+229 56 79 16 94,cyber@cyber.bj,cyber.bj,TPE (<10),B2C,Google Maps,3.1,Actif,2026-06-29T00:14:35.728538,haute
BJ-EABE621E,Digital Application Systems,Technologie & IT,Adjara,+229 57 95 14 48,digital.application.systems@digital.application.systems.bj,digitalapplicationsystems.bj,PME (10-50),B2C,Google Maps,3.2,Actif,2026-06-29T00:14:35.728570,haute
BJ-2BA7DF0E,Security,Technologie & IT,Adjara,+229 20 27 71 85,security@security.bj,security.bj,PME (50-200),B2B,Google Maps,3.5,Actif,2026-06-29T00:14:35.728597,haute
BJ-BA6E7ECB,Mobile,Technologie & IT,Adjara,+229 63 30 60 60,mobile@mobile.org,mobile.bj,TPE (<10),B2B,Google Maps,5.0,Actif,2026-06-29T00:14:35.728624,haute
BJ-C57ECD45,Data Cloud Solutions,Technologie & IT,Adjara,+229 59 52 91 92,data.cloud.solutions@data.cloud.solutions.net,datacloudsolutions.bj,PME (10-50),B2C,Google Maps,3.9,Actif,2026-06-29T00:14:35.728655,haute
BJ-05431876,Soft Cyber Soft,Technologie & IT,Allada,+229 55 42 53 93,soft.cyber.soft@soft.cyber.soft.com,,TPE (<10),B2C,Google Maps,4.9,Actif,2026-06-29T00:14:35.728695,moyenne
BJ-26CC516D,Digital Système,Technologie & IT,Allada,+229 85 95 90 83,digital.système@digital.système.org,digitalsystème.bj,TPE (<10),B2C,Google Maps,4.2,Actif,2026-06-29T00:14:35.728726,haute
BJ-B6BA47DE,Intelligence,Technologie & IT,Allada,+229 95 76 20 50,intelligence@intelligence.net,intelligence.bj,TPE (<10),B2C,Google Maps,3.4,Actif,2026-06-29T00:14:35.728773,haute
BJ-718D2493,Net Mobile Bénin,Technologie & IT,Allada,+229 92 40 34 98,net.mobile.bénin@net.mobile.bénin.com,netmobilebénin.bj,PME (10-50),B2C,Google Maps,3.7,Actif,2026-06-29T00:14:35.728808,haute
BJ-9D1C6725,Soft Digital Digital,Technologie & IT,Allada,+229 50 88 44 32,soft.digital.digital@soft.digital.digital.com,softdigitaldigital.bj,PME (50-200),B2C,Google Maps,4.5,Actif,2026-06-29T00:14:35.728840,haute
BJ-2F6EEB1F,Net Data Tech Aplahoué,Technologie & IT,Aplahoué,+229 64 37 42 50,net.data.tech.aplahoué@net.data.tech.aplahoué.benin,netdatatechaplahoué.bj,Grande (>200),B2B,Google Maps,3.7,Actif,2026-06-29T00:14:35.728884,haute
BJ-20969911,Smart Mobile Tech,Technologie & IT,Aplahoué,+229 25 63 58 40,smart.mobile.tech@smart.mobile.tech.org,smartmobiletech.bj,TPE (<10),B2B,Google Maps,4.7,Actif,2026-06-29T00:14:35.728925,haute
BJ-943F91AF,Solution,Technologie & IT,Aplahoué,+229 87 96 82 21,solution@solution.com,solution.bj,PME (10-50),B2B,Google Maps,4.5,Actif,2026-06-29T00:14:35.728949,haute
BJ-9529C80E,Soft Network Soft Aplahoué,Technologie & IT,Aplahoué,+229 30 93 49 42,soft.network.soft.aplahoué@soft.network.soft.aplahoué.com,softnetworksoftaplahoué.bj,Grande (>200),B2B,Google Maps,4.3,Actif,2026-06-29T00:14:35.728976,haute
BJ-408FD2FE,Network,Technologie & IT,Aplahoué,+229 36 51 86 77,network@network.org,network.bj,TPE (<10),B2B,Google Maps,3.3,Actif,2026-06-29T00:14:35.729001,haute
BJ-5DE6B629,Informatique Digital,Technologie & IT,Dogbo-Tota,+229 32 53 65 57,informatique.digital@informatique.digital.com,informatiquedigital.bj,TPE (<10),B2C,Google Maps,4.4,Actif,2026-06-29T00:14:35.729042,haute
BJ-20C8A94C,AI,Technologie & IT,Dogbo-Tota,+229 56 53 70 91,ai@ai.org,ai.bj,TPE (<10),B2B,Google Maps,4.3,Actif,2026-06-29T00:14:35.729069,haute
BJ-AA1C7C6B,Tech Technologie,Technologie & IT,Dogbo-Tota,+229 77 48 30 59,tech.technologie@tech.technologie.benin,techtechnologie.bj,TPE (<10),B2C,Google Maps,3.6,Actif,2026-06-29T00:14:35.729127,haute
BJ-9A10EE6D,Cyber Système,Technologie & IT,Dogbo-Tota,+229 83 90 66 71,cyber.système@cyber.système.org,cybersystème.bj,PME (10-50),B2B,Google Maps,4.7,Actif,2026-06-29T00:14:35.729158,haute
BJ-983B2EF4,Tech Solution Kpomassè,Technologie & IT,Kpomassè,+229 74 29 70 30,tech.solution.kpomassè@tech.solution.kpomassè.bj,techsolutionkpomassè.bj,Grande (>200),B2B,Google Maps,3.8,Actif,2026-06-29T00:14:35.729204,haute
BJ-B1EB5A78,Cloud,Technologie & IT,Kpomassè,+229 35 45 10 72,cloud@cloud.net,cloud.bj,PME (50-200),B2C,Google Maps,3.1,Actif,2026-06-29T00:14:35.729236,haute
BJ-0603AC8A,Digital Développement Bénin Kpomassè,Technologie & IT,Kpomassè,+229 62 72 87 81,digital.développement.bénin.kpomassè@digital.développement.bénin.kpomassè.net,digitaldéveloppementbéninkpomassè.bj,TPE (<10),B2C,Google Maps,3.9,Actif,2026-06-29T00:14:35.729266,haute
BJ-37E06236,Smart Cyber Kpomassè,Technologie & IT,Kpomassè,+229 81 26 35 69,smart.cyber.kpomassè@smart.cyber.kpomassè.com,smartcyberkpomassè.bj,TPE (<10),B2C,Google Maps,3.9,Actif,2026-06-29T00:14:35.729295,haute
BJ-E69F008E,Soft Application Kpomassè,Technologie & IT,Kpomassè,+229 25 50 75 40,soft.application.kpomassè@soft.application.kpomassè.benin,softapplicationkpomassè.bj,Grande (>200),B2B,Google Maps,3.0,Actif,2026-06-29T00:14:35.729326,haute
BJ-F4A854A4,Mobile,Technologie & IT,Tori-Bossito,+229 49 25 26 91,mobile@mobile.bj,mobile.bj,PME (50-200),B2B,Google Maps,3.6,Actif,2026-06-29T00:14:35.729365,haute
BJ-D5552D8C,Cyber Security Soft,Technologie & IT,Tori-Bossito,+229 93 83 45 77,,cybersecuritysoft.bj,PME (10-50),B2B,Google Maps,4.1,Actif,2026-06-29T00:14:35.729389,moyenne
BJ-2E709E4E,Cyber Network Soft Tori-Bossito,Technologie & IT,Tori-Bossito,+229 85 40 26 33,,,TPE (<10),B2C,Google Maps,4.8,Actif,2026-06-29T00:14:35.729412,basse
BJ-9B9710CC,Security Systems Tori-Bossito,Technologie & IT,Tori-Bossito,+229 59 73 61 67,security.systems.toribossito@security.systems.toribossito.com,securitysystemstoribossito.bj,PME (10-50),B2C,Google Maps,4.0,Actif,2026-06-29T00:14:35.729446,haute
BJ-8F15371C,Digital,Technologie & IT,Tori-Bossito,+229 59 64 17 50,digital@digital.benin,digital.bj,PME (50-200),B2B,Google Maps,3.0,Actif,2026-06-29T00:14:35.729472,haute
BJ-133D16C4,Data,Technologie & IT,Grand-Popo,+229 38 79 95 24,data@data.net,data.bj,Grande (>200),B2B,Google Maps,3.2,Actif,2026-06-29T00:14:35.729513,haute
BJ-1694E480,Informatique Tech,Technologie & IT,Grand-Popo,+229 94 75 79 83,informatique.tech@informatique.tech.bj,informatiquetech.bj,TPE (<10),B2C,Google Maps,4.0,Actif,2026-06-29T00:14:35.729540,haute
BJ-62F457B1,Tech Application SARL,Technologie & IT,Grand-Popo,+229 59 17 82 84,tech.application.sarl@tech.application.sarl.com,techapplicationsarl.bj,TPE (<10),B2C,Google Maps,3.6,Actif,2026-06-29T00:14:35.729566,haute
BJ-62A91390,Data Intelligence,Technologie & IT,Grand-Popo,+229 38 85 73 33,data.intelligence@data.intelligence.org,dataintelligence.bj,PME (50-200),B2B,Google Maps,3.5,Actif,2026-06-29T00:14:35.729592,haute
BJ-75FB527E,Cyber,Technologie & IT,Grand-Popo,+229 78 73 45 85,cyber@cyber.benin,cyber.bj,PME (10-50),B2C,Google Maps,4.0,Actif,2026-06-29T00:14:35.729628,haute
BJ-B8A49D33,AI,Technologie & IT,Athiémé,+229 43 44 65 29,ai@ai.org,ai.bj,PME (10-50),B2B,Google Maps,3.6,Actif,2026-06-29T00:14:35.729683,haute
BJ-64FC7BE5,Net Web Solutions Athiémé,Technologie & IT,Athiémé,+229 49 17 96 24,net.web.solutions.athiémé@net.web.solutions.athiémé.com,netwebsolutionsathiémé.bj,PME (50-200),B2B,Google Maps,4.3,Actif,2026-06-29T00:14:35.729743,haute
BJ-7E83A177,Application Solutions,Technologie & IT,Athiémé,+229 41 42 15 19,application.solutions@application.solutions.benin,applicationsolutions.bj,PME (50-200),B2B,Google Maps,3.3,Actif,2026-06-29T00:14:35.729778,haute
BJ-BC6C84D2,Data Web International Athiémé,Technologie & IT,Athiémé,+229 56 92 52 68,data.web.international.athiémé@data.web.international.athiémé.bj,datawebinternationalathiémé.bj,PME (50-200),B2C,Google Maps,3.7,Actif,2026-06-29T00:14:35.729820,haute
BJ-D98CC3DB,Informatique Bénin,Technologie & IT,Athiémé,+229 97 84 59 34,informatique.bénin@informatique.bénin.bj,informatiquebénin.bj,PME (50-200),B2B,Google Maps,4.4,Actif,2026-06-29T00:14:35.729858,haute
BJ-3E7E6E88,Informatique,Technologie & IT,Bopa,+229 24 50 11 97,informatique@informatique.com,informatique.bj,Grande (>200),B2B,Google Maps,4.5,Actif,2026-06-29T00:14:35.729934,haute
BJ-255C2C01,Smart Technologie,Technologie & IT,Bopa,+229 38 56 82 17,smart.technologie@smart.technologie.net,smarttechnologie.bj,TPE (<10),B2B,Google Maps,4.8,Actif,2026-06-29T00:14:35.729972,haute
BJ-6D7A6315,Informatique Tech,Technologie & IT,Bopa,+229 68 42 10 53,informatique.tech@informatique.tech.bj,informatiquetech.bj,PME (50-200),B2C,Google Maps,4.7,Actif,2026-06-29T00:14:35.730002,haute
BJ-FF05C54B,Smart Network,Technologie & IT,Bopa,+229 60 25 21 41,smart.network@smart.network.bj,smartnetwork.bj,PME (10-50),B2B,Google Maps,4.9,Actif,2026-06-29T00:14:35.730054,haute
BJ-DE2ABEF8,Digital International,Technologie & IT,Bopa,+229 92 21 80 51,digital.international@digital.international.benin,digitalinternational.bj,TPE (<10),B2C,Google Maps,4.5,Actif,2026-06-29T00:14:35.730079,haute
BJ-5075BAE8,Data Tech,Technologie & IT,Houéyogbé,+229 75 76 56 44,,datatech.bj,TPE (<10),B2B,Google Maps,4.7,Actif,2026-06-29T00:14:35.730128,moyenne
BJ-8A3D2CC2,Cyber Network,Technologie & IT,Houéyogbé,+229 61 68 72 61,cyber.network@cyber.network.com,cybernetwork.bj,PME (50-200),B2C,Google Maps,3.9,Actif,2026-06-29T00:14:35.730166,haute
BJ-D7CA1F75,Cyber Solution Tech Houéyogbé,Technologie & IT,Houéyogbé,+229 62 35 35 53,cyber.solution.tech.houéyogbé@cyber.solution.tech.houéyogbé.benin,cybersolutiontechhouéyogbé.bj,TPE (<10),B2C,Google Maps,3.2,Actif,2026-06-29T00:14:35.730204,haute
BJ-055D2BF7,Développement,Technologie & IT,Houéyogbé,+229 29 65 22 16,développement@développement.net,développement.bj,Grande (>200),B2B,Google Maps,3.4,Actif,2026-06-29T00:14:35.730243,haute
BJ-DEFB0F37,Data Systems,Technologie & IT,Houéyogbé,+229 72 95 42 35,data.systems@data.systems.bj,datasystems.bj,PME (10-50),B2B,Google Maps,3.8,Actif,2026-06-29T00:14:35.730277,haute
BJ-56420C18,AI International,Technologie & IT,Malanville,+229 77 99 94 74,ai.international@ai.international.benin,,PME (10-50),B2B,Google Maps,3.3,Actif,2026-06-29T00:14:35.730339,moyenne
BJ-3C2ECA09,Digital Technologie,Technologie & IT,Malanville,+229 39 45 98 13,digital.technologie@digital.technologie.benin,digitaltechnologie.bj,PME (50-200),B2C,Google Maps,3.5,Actif,2026-06-29T00:14:35.730379,haute
BJ-A492998E,AI,Technologie & IT,Malanville,+229 27 78 78 86,ai@ai.net,ai.bj,TPE (<10),B2C,Google Maps,3.7,Actif,2026-06-29T00:14:35.730409,haute
BJ-0BB9FFD3,Soft Application International,Technologie & IT,Malanville,+229 72 37 24 94,soft.application.international@soft.application.international.bj,softapplicationinternational.bj,PME (50-200),B2C,Google Maps,4.9,Actif,2026-06-29T00:14:35.730437,haute
BJ-1805DB2B,Tech Cloud Systems,Technologie & IT,Malanville,+229 84 59 75 15,tech.cloud.systems@tech.cloud.systems.benin,techcloudsystems.bj,TPE (<10),B2C,Google Maps,3.3,Actif,2026-06-29T00:14:35.730464,haute
BJ-3C052C9C,Mobile,Technologie & IT,Kandi,+229 35 13 36 12,mobile@mobile.net,mobile.bj,PME (50-200),B2C,Google Maps,3.1,Actif,2026-06-29T00:14:35.730510,haute
BJ-C7A1F8DD,Digital Système,Technologie & IT,Kandi,+229 94 97 15 37,digital.système@digital.système.bj,digitalsystème.bj,PME (10-50),B2B,Google Maps,4.8,Actif,2026-06-29T00:14:35.730548,haute
BJ-7342D8AF,Soft Cyber Digital,Technologie & IT,Kandi,+229 40 97 63 17,soft.cyber.digital@soft.cyber.digital.benin,softcyberdigital.bj,PME (10-50),B2C,Google Maps,3.5,Actif,2026-06-29T00:14:35.730574,haute
BJ-6A3F297F,Tech Logiciel,Technologie & IT,Kandi,+229 89 58 55 34,tech.logiciel@tech.logiciel.com,,TPE (<10),B2C,Google Maps,3.7,Actif,2026-06-29T00:14:35.730612,moyenne
BJ-51BEECCC,Solution Digital,Technologie & IT,Kandi,+229 37 50 39 59,solution.digital@solution.digital.com,solutiondigital.bj,PME (10-50),B2B,Google Maps,3.5,Actif,2026-06-29T00:14:35.730646,haute
BJ-0249AAA7,Tech Cloud Banikoara,Technologie & IT,Banikoara,+229 43 63 49 19,tech.cloud.banikoara@tech.cloud.banikoara.org,techcloudbanikoara.bj,TPE (<10),B2C,Google Maps,4.3,Actif,2026-06-29T00:14:35.730694,haute
BJ-52B38F23,Data Banikoara,Technologie & IT,Banikoara,+229 43 28 42 16,data.banikoara@data.banikoara.net,databanikoara.bj,Grande (>200),B2C,Google Maps,3.9,Actif,2026-06-29T00:14:35.730721,haute
BJ-3B0B2B5C,Cloud International,Technologie & IT,Banikoara,+229 92 30 42 91,cloud.international@cloud.international.com,,PME (10-50),B2B,Google Maps,3.3,Actif,2026-06-29T00:14:35.730750,moyenne
BJ-2B2899F1,Tech Logiciel Banikoara,Technologie & IT,Banikoara,+229 48 67 99 88,tech.logiciel.banikoara@tech.logiciel.banikoara.com,techlogicielbanikoara.bj,TPE (<10),B2B,Google Maps,3.3,Actif,2026-06-29T00:14:35.730794,haute
BJ-9B99B020,Cyber Intelligence Africa,Technologie & IT,Banikoara,+229 73 89 34 85,cyber.intelligence.africa@cyber.intelligence.africa.bj,cyberintelligenceafrica.bj,PME (10-50),B2C,Google Maps,5.0,Actif,2026-06-29T00:14:35.730828,haute
BJ-1F3AEB4B,Soft Security Africa,Technologie & IT,Ségbana,+229 84 54 43 38,soft.security.africa@soft.security.africa.benin,softsecurityafrica.bj,PME (50-200),B2C,Google Maps,3.8,Actif,2026-06-29T00:14:35.730870,haute
BJ-2833B632,Logiciel,Technologie & IT,Ségbana,+229 63 96 58 71,logiciel@logiciel.org,logiciel.bj,TPE (<10),B2B,Google Maps,4.5,Actif,2026-06-29T00:14:35.730940,haute
BJ-3499015E,Cloud,Technologie & IT,Ségbana,+229 76 13 74 65,cloud@cloud.org,cloud.bj,TPE (<10),B2C,Google Maps,3.8,Actif,2026-06-29T00:14:35.730979,haute
BJ-AB16483B,Data Logiciel International,Technologie & IT,Ségbana,+229 79 27 66 66,data.logiciel.international@data.logiciel.international.benin,datalogicielinternational.bj,Grande (>200),B2B,Google Maps,4.1,Actif,2026-06-29T00:14:35.731028,haute
BJ-4375F783,Technologie Ségbana,Technologie & IT,Ségbana,+229 87 33 49 66,technologie.ségbana@technologie.ségbana.com,technologieségbana.bj,PME (10-50),B2C,Google Maps,3.7,Actif,2026-06-29T00:14:35.731060,haute
BJ-18801848,Technologie Bénin,Technologie & IT,Karimama,+229 60 33 79 33,technologie.bénin@technologie.bénin.bj,technologiebénin.bj,TPE (<10),B2B,Google Maps,3.5,Actif,2026-06-29T00:14:35.731102,haute
BJ-94DFE9ED,Tech Digital,Technologie & IT,Karimama,+229 62 95 43 90,tech.digital@tech.digital.bj,techdigital.bj,PME (10-50),B2B,Google Maps,3.0,Actif,2026-06-29T00:14:35.731127,haute
BJ-EEC7C80E,Technologie,Technologie & IT,Karimama,+229 98 74 36 41,technologie@technologie.org,technologie.bj,PME (10-50),B2B,Google Maps,4.3,Actif,2026-06-29T00:14:35.731155,haute
BJ-3B9FA186,Web,Technologie & IT,Karimama,+229 71 13 67 82,web@web.net,web.bj,PME (50-200),B2B,Google Maps,4.2,Actif,2026-06-29T00:14:35.731191,haute
BJ-1BA047F4,Smart Digital Systems,Technologie & IT,Karimama,+229 52 13 33 29,smart.digital.systems@smart.digital.systems.com,smartdigitalsystems.bj,PME (50-200),B2B,Google Maps,4.4,Actif,2026-06-29T00:14:35.731218,haute
BJ-BB77844B,Mobile Solutions,Technologie & IT,Gogounou,+229 29 49 31 61,mobile.solutions@mobile.solutions.org,,TPE (<10),B2B,Google Maps,4.4,Actif,2026-06-29T00:14:35.731259,moyenne
BJ-C040558F,Net Network,Technologie & IT,Gogounou,+229 35 93 42 11,net.network@net.network.net,netnetwork.bj,PME (10-50),B2C,Google Maps,3.8,Actif,2026-06-29T00:14:35.731285,haute
BJ-5C20D7CF,Cloud Cyber Tech,Technologie & IT,Gogounou,+229 45 20 78 44,cloud.cyber.tech@cloud.cyber.tech.com,cloudcybertech.bj,PME (10-50),B2C,Google Maps,4.8,Actif,2026-06-29T00:14:35.731368,haute
BJ-F164CBF0,Cyber Développement Tech,Technologie & IT,Gogounou,+229 20 42 67 83,cyber.développement.tech@cyber.développement.tech.com,cyberdéveloppementtech.bj,TPE (<10),B2B,Google Maps,4.5,Actif,2026-06-29T00:14:35.731406,haute
BJ-CA5EFE29,Solution,Technologie & IT,Cobly,+229 23 54 19 36,solution@solution.benin,solution.bj,PME (10-50),B2B,Google Maps,3.2,Actif,2026-06-29T00:14:35.731458,haute
BJ-E00772B0,Smart Mobile Cobly,Technologie & IT,Cobly,+229 71 22 69 91,smart.mobile.cobly@smart.mobile.cobly.benin,smartmobilecobly.bj,PME (50-200),B2C,Google Maps,3.8,Actif,2026-06-29T00:14:35.731491,haute
BJ-20A8A05F,Smart Application,Technologie & IT,Cobly,+229 72 56 96 18,smart.application@smart.application.org,smartapplication.bj,TPE (<10),B2C,Google Maps,4.0,Actif,2026-06-29T00:14:35.731534,haute
BJ-70548A82,Tech Network Tech,Technologie & IT,Cobly,+229 53 45 39 44,tech.network.tech@tech.network.tech.benin,,PME (50-200),B2C,Google Maps,3.8,Actif,2026-06-29T00:14:35.731561,moyenne
BJ-954D1CBB,AI,Technologie & IT,Cobly,+229 39 92 98 51,ai@ai.benin,ai.bj,PME (50-200),B2C,Google Maps,3.7,Actif,2026-06-29T00:14:35.731595,haute
BJ-BA0436EA,Soft Network Tech,Technologie & IT,Tanguiéta,+229 92 59 91 26,soft.network.tech@soft.network.tech.benin,softnetworktech.bj,PME (10-50),B2C,Google Maps,3.2,Actif,2026-06-29T00:14:35.731644,haute
BJ-05992566,Digital Mobile Solutions,Technologie & IT,Tanguiéta,+229 62 94 57 44,digital.mobile.solutions@digital.mobile.solutions.bj,digitalmobilesolutions.bj,TPE (<10),B2C,Google Maps,4.1,Actif,2026-06-29T00:14:35.731670,haute
BJ-2C8CC232,Cloud Data Tanguiéta,Technologie & IT,Tanguiéta,+229 72 45 23 82,cloud.data.tanguiéta@cloud.data.tanguiéta.net,clouddatatanguiéta.bj,PME (10-50),B2C,Google Maps,3.2,Actif,2026-06-29T00:14:35.731697,haute
BJ-734AD5E4,Cloud Network,Technologie & IT,Tanguiéta,+229 31 95 26 87,cloud.network@cloud.network.org,,PME (10-50),B2B,Google Maps,4.5,Actif,2026-06-29T00:14:35.731730,moyenne
BJ-9BD2A2D8,Intelligence Tanguiéta,Technologie & IT,Tanguiéta,+229 89 11 61 61,intelligence.tanguiéta@intelligence.tanguiéta.bj,intelligencetanguiéta.bj,TPE (<10),B2C,Google Maps,4.7,Actif,2026-06-29T00:14:35.731770,haute
BJ-A9F3F8F8,Soft Informatique International,Technologie & IT,Matéri,+229 67 39 57 78,soft.informatique.international@soft.informatique.international.org,softinformatiqueinternational.bj,PME (10-50),B2B,Google Maps,4.3,Actif,2026-06-29T00:14:35.731822,haute
BJ-6E50DC9D,Mobile Solutions,Technologie & IT,Matéri,+229 48 95 42 48,mobile.solutions@mobile.solutions.benin,mobilesolutions.bj,PME (50-200),B2B,Google Maps,4.2,Actif,2026-06-29T00:14:35.731847,haute
BJ-C99BF9B9,AI Solutions,Technologie & IT,Matéri,+229 34 69 85 49,ai.solutions@ai.solutions.bj,aisolutions.bj,PME (50-200),B2B,Google Maps,4.5,Actif,2026-06-29T00:14:35.731872,haute
BJ-ED63B123,Cloud Cyber International,Technologie & IT,Matéri,+229 66 47 22 18,cloud.cyber.international@cloud.cyber.international.benin,cloudcyberinternational.bj,TPE (<10),B2C,Google Maps,4.9,Actif,2026-06-29T00:14:35.731924,haute
BJ-504FB34F,Tech Informatique Tech,Technologie & IT,Matéri,+229 68 26 39 97,tech.informatique.tech@tech.informatique.tech.bj,techinformatiquetech.bj,PME (50-200),B2C,Google Maps,4.3,Actif,2026-06-29T00:14:35.731954,haute
BJ-48F94791,Intelligence Natitingou,Technologie & IT,Natitingou,+229 21 78 58 11,intelligence.natitingou@intelligence.natitingou.benin,intelligencenatitingou.bj,PME (50-200),B2C,Google Maps,3.2,Actif,2026-06-29T00:14:35.731993,haute
BJ-D2E33D49,Cloud Solution,Technologie & IT,Natitingou,+229 69 76 56 99,cloud.solution@cloud.solution.org,cloudsolution.bj,TPE (<10),B2B,Google Maps,4.9,Actif,2026-06-29T00:14:35.732019,haute
BJ-A7F70F31,AI,Technologie & IT,Natitingou,+229 47 38 81 81,ai@ai.benin,ai.bj,Grande (>200),B2B,Google Maps,4.6,Actif,2026-06-29T00:14:35.732062,haute
BJ-AC4424E2,Application Bénin Natitingou,Technologie & IT,Natitingou,+229 53 25 90 21,application.bénin.natitingou@application.bénin.natitingou.com,applicationbéninnatitingou.bj,PME (50-200),B2B,Google Maps,3.2,Actif,2026-06-29T00:14:35.732109,haute
BJ-5DA5D3F0,Smart Technologie,Technologie & IT,Natitingou,+229 99 42 73 22,smart.technologie@smart.technologie.org,smarttechnologie.bj,PME (10-50),B2B,Google Maps,3.1,Actif,2026-06-29T00:14:35.732144,haute
BJ-77E0A2E7,Data Solution Bénin,Technologie & IT,Toucountouna,+229 77 25 79 55,data.solution.bénin@data.solution.bénin.benin,datasolutionbénin.bj,TPE (<10),B2B,Google Maps,3.1,Actif,2026-06-29T00:14:35.732192,haute
BJ-89FA54F2,Cloud,Technologie & IT,Toucountouna,+229 64 70 47 66,cloud@cloud.benin,cloud.bj,PME (10-50),B2B,Google Maps,3.2,Actif,2026-06-29T00:14:35.732225,haute
BJ-EBB09695,Cyber Soft,Technologie & IT,Toucountouna,+229 62 90 89 30,,cybersoft.bj,PME (50-200),B2C,Google Maps,4.9,Actif,2026-06-29T00:14:35.732256,moyenne
BJ-BC048EC1,Soft Cloud International,Technologie & IT,Toucountouna,+229 56 85 50 50,soft.cloud.international@soft.cloud.international.benin,softcloudinternational.bj,TPE (<10),B2B,Google Maps,3.1,Actif,2026-06-29T00:14:35.732290,haute
BJ-B66F9CFA,Web SARL,Technologie & IT,Toucountouna,+229 36 83 39 23,web.sarl@web.sarl.bj,websarl.bj,TPE (<10),B2B,Google Maps,4.4,Actif,2026-06-29T00:14:35.732325,haute
BJ-504CA3E4,Net Informatique,Technologie & IT,Boukoumbé,+229 34 39 52 78,net.informatique@net.informatique.com,netinformatique.bj,PME (10-50),B2B,Google Maps,4.4,Actif,2026-06-29T00:14:35.732372,haute
BJ-009F358F,Développement,Technologie & IT,Boukoumbé,+229 36 84 76 78,développement@développement.com,,TPE (<10),B2C,Google Maps,3.4,Actif,2026-06-29T00:14:35.732406,moyenne
BJ-2B473021,Soft Système Boukoumbé,Technologie & IT,Boukoumbé,+229 36 95 14 43,soft.système.boukoumbé@soft.système.boukoumbé.org,softsystèmeboukoumbé.bj,TPE (<10),B2C,Google Maps,3.5,Actif,2026-06-29T00:14:35.732442,haute
BJ-FC4B0C97,Mobile Boukoumbé,Technologie & IT,Boukoumbé,+229 76 91 25 65,mobile.boukoumbé@mobile.boukoumbé.org,mobileboukoumbé.bj,PME (10-50),B2B,Google Maps,4.0,Actif,2026-06-29T00:14:35.732493,haute
BJ-C1633051,Soft Mobile SARL,Technologie & IT,Boukoumbé,+229 88 44 40 15,soft.mobile.sarl@soft.mobile.sarl.net,softmobilesarl.bj,PME (10-50),B2B,Google Maps,4.3,Actif,2026-06-29T00:14:35.732529,haute
BJ-7A58199E,Data Mobile,Technologie & IT,Kouandé,+229 29 44 12 90,data.mobile@data.mobile.com,datamobile.bj,PME (10-50),B2B,Google Maps,4.8,Actif,2026-06-29T00:14:35.732585,haute
BJ-54BDDE9D,Smart Informatique,Technologie & IT,Kouandé,+229 37 56 86 52,,smartinformatique.bj,PME (10-50),B2C,Google Maps,3.7,Actif,2026-06-29T00:14:35.732619,moyenne
BJ-437C9976,Cloud Digital Kouandé,Technologie & IT,Kouandé,+229 36 49 89 39,cloud.digital.kouandé@cloud.digital.kouandé.org,clouddigitalkouandé.bj,Grande (>200),B2B,Google Maps,4.8,Actif,2026-06-29T00:14:35.732648,haute
BJ-E0553D63,Cyber AI Tech,Technologie & IT,Kouandé,+229 58 33 60 54,cyber.ai.tech@cyber.ai.tech.com,cyberaitech.bj,TPE (<10),B2B,Google Maps,3.3,Actif,2026-06-29T00:14:35.732677,haute
BJ-BFA75DFF,Cloud SARL,Technologie & IT,Kouandé,+229 25 18 96 69,cloud.sarl@cloud.sarl.benin,,PME (10-50),B2C,Google Maps,3.4,Actif,2026-06-29T00:14:35.732710,moyenne
BJ-83D07185,Mobile,Technologie & IT,Péhunco,+229 99 10 33 93,,mobile.bj,PME (10-50),B2C,Google Maps,3.3,Actif,2026-06-29T00:14:35.732761,moyenne
BJ-A6714E6D,Data SARL,Technologie & IT,Péhunco,+229 63 88 97 26,data.sarl@data.sarl.org,,PME (10-50),B2C,Google Maps,3.8,Actif,2026-06-29T00:14:35.732787,moyenne
BJ-5A2335F3,Net AI Africa Péhunco,Technologie & IT,Péhunco,+229 31 65 43 72,net.ai.africa.péhunco@net.ai.africa.péhunco.benin,netaiafricapéhunco.bj,PME (10-50),B2C,Google Maps,4.8,Actif,2026-06-29T00:14:35.732812,haute
BJ-AD671DD2,Smart Intelligence Soft,Technologie & IT,Péhunco,+229 51 63 63 53,smart.intelligence.soft@smart.intelligence.soft.benin,smartintelligencesoft.bj,Grande (>200),B2C,Google Maps,4.6,Actif,2026-06-29T00:14:35.732843,haute
BJ-DB0ECA85,Digital Cloud,Technologie & IT,Péhunco,+229 28 32 44 51,digital.cloud@digital.cloud.org,digitalcloud.bj,PME (10-50),B2B,Google Maps,3.1,Actif,2026-06-29T00:14:35.732868,haute
BJ-679FBFBF,Logiciel Digital,Technologie & IT,Tchaourou,+229 42 31 53 72,logiciel.digital@logiciel.digital.benin,logicieldigital.bj,Grande (>200),B2C,Google Maps,4.5,Actif,2026-06-29T00:14:35.732936,haute
BJ-492ECE0A,Digital Systems Tchaourou,Technologie & IT,Tchaourou,+229 82 82 46 60,digital.systems.tchaourou@digital.systems.tchaourou.bj,digitalsystemstchaourou.bj,Grande (>200),B2B,Google Maps,4.0,Actif,2026-06-29T00:14:35.732985,haute
BJ-A3B58475,Logiciel Bénin,Technologie & IT,Tchaourou,+229 74 68 86 94,,logicielbénin.bj,Grande (>200),B2B,Google Maps,4.2,Actif,2026-06-29T00:14:35.733021,moyenne
BJ-7BE2A984,Net Cyber,Technologie & IT,Tchaourou,+229 58 27 56 65,net.cyber@net.cyber.org,netcyber.bj,Grande (>200),B2B,Google Maps,3.1,Actif,2026-06-29T00:14:35.733058,haute
BJ-484CAA9D,Soft Cyber,Technologie & IT,Tchaourou,+229 91 60 62 10,soft.cyber@soft.cyber.com,softcyber.bj,Grande (>200),B2B,Google Maps,4.4,Actif,2026-06-29T00:14:35.733082,haute
BJ-465D9FEC,Logiciel Solutions,Technologie & IT,Nikki,+229 30 69 22 38,logiciel.solutions@logiciel.solutions.org,logicielsolutions.bj,PME (10-50),B2C,Google Maps,4.5,Actif,2026-06-29T00:14:35.733122,haute
BJ-EBC4D99B,Intelligence Nikki,Technologie & IT,Nikki,+229 52 12 97 26,intelligence.nikki@intelligence.nikki.benin,intelligencenikki.bj,TPE (<10),B2C,Google Maps,4.9,Actif,2026-06-29T00:14:35.733149,haute
BJ-D88D2448,Développement Nikki,Technologie & IT,Nikki,+229 87 71 89 26,développement.nikki@développement.nikki.org,développementnikki.bj,TPE (<10),B2C,Google Maps,4.0,Actif,2026-06-29T00:14:35.733183,haute
BJ-83CD2D35,Digital,Technologie & IT,Nikki,+229 21 81 61 20,digital@digital.com,digital.bj,PME (10-50),B2B,Google Maps,4.8,Actif,2026-06-29T00:14:35.733230,haute
BJ-CE037E11,Cyber Technologie,Technologie & IT,Nikki,+229 44 39 36 48,cyber.technologie@cyber.technologie.bj,,PME (50-200),B2C,Google Maps,3.1,Actif,2026-06-29T00:14:35.733260,moyenne
BJ-CCC1A208,Security Digital Bembéréké,Technologie & IT,Bembéréké,+229 58 93 48 12,security.digital.bembéréké@security.digital.bembéréké.bj,securitydigitalbembéréké.bj,TPE (<10),B2C,Google Maps,3.2,Actif,2026-06-29T00:14:35.733308,haute
BJ-BEC1F192,Soft Web Solutions,Technologie & IT,Bembéréké,+229 43 67 91 57,soft.web.solutions@soft.web.solutions.benin,softwebsolutions.bj,PME (10-50),B2B,Google Maps,3.2,Actif,2026-06-29T00:14:35.733336,haute
BJ-F8AAD23D,Digital Cyber Solutions,Technologie & IT,Bembéréké,+229 29 69 58 10,digital.cyber.solutions@digital.cyber.solutions.com,digitalcybersolutions.bj,PME (50-200),B2B,Google Maps,4.2,Actif,2026-06-29T00:14:35.733371,haute
BJ-387E1126,Tech Développement Systems,Technologie & IT,Bembéréké,+229 92 47 78 21,tech.développement.systems@tech.développement.systems.org,techdéveloppementsystems.bj,PME (50-200),B2B,Google Maps,4.7,Actif,2026-06-29T00:14:35.733409,haute
BJ-7E92DA19,Data International,Technologie & IT,Bembéréké,+229 89 75 30 10,data.international@data.international.bj,datainternational.bj,PME (50-200),B2C,Google Maps,4.2,Actif,2026-06-29T00:14:35.733446,haute
BJ-07DCE78C,Tech Logiciel,Technologie & IT,Kalalé,+229 48 96 70 62,tech.logiciel@tech.logiciel.net,techlogiciel.bj,TPE (<10),B2C,Google Maps,4.9,Actif,2026-06-29T00:14:35.733501,haute
BJ-8793716E,Web Digital,Technologie & IT,Kalalé,+229 25 24 12 40,web.digital@web.digital.net,webdigital.bj,PME (10-50),B2C,Google Maps,3.6,Actif,2026-06-29T00:14:35.733538,haute
BJ-FF8051DB,Cloud Logiciel International Kalalé,Technologie & IT,Kalalé,+229 35 75 74 42,cloud.logiciel.international.kalalé@cloud.logiciel.international.kalalé.net,cloudlogicielinternationalkalalé.bj,PME (50-200),B2C,Google Maps,3.4,Actif,2026-06-29T00:14:35.733572,haute
BJ-667CB53B,Digital Intelligence Soft Kalalé,Technologie & IT,Kalalé,+229 61 60 22 36,digital.intelligence.soft.kalalé@digital.intelligence.soft.kalalé.benin,digitalintelligencesoftkalalé.bj,TPE (<10),B2B,Google Maps,3.6,Actif,2026-06-29T00:14:35.733608,haute
BJ-D7E86165,Technologie,Technologie & IT,Kalalé,+229 74 91 83 92,technologie@technologie.org,technologie.bj,TPE (<10),B2B,Google Maps,4.7,Actif,2026-06-29T00:14:35.733638,haute
BJ-F8DA2642,Security,Technologie & IT,Ndali,+229 85 28 25 69,security@security.benin,security.bj,PME (50-200),B2C,Google Maps,3.4,Actif,2026-06-29T00:14:35.733678,haute
BJ-E3973C64,Network Tech,Technologie & IT,Ndali,+229 61 79 41 96,network.tech@network.tech.org,networktech.bj,TPE (<10),B2B,Google Maps,3.4,Actif,2026-06-29T00:14:35.733715,haute
BJ-4D66EB8A,Smart Solution Soft,Technologie & IT,Ndali,+229 99 78 73 17,smart.solution.soft@smart.solution.soft.com,smartsolutionsoft.bj,PME (50-200),B2B,Google Maps,4.1,Actif,2026-06-29T00:14:35.733748,haute
BJ-0937ED1F,Cyber Ndali,Technologie & IT,Ndali,+229 65 26 95 38,cyber.ndali@cyber.ndali.org,cyberndali.bj,TPE (<10),B2B,Google Maps,3.2,Actif,2026-06-29T00:14:35.733797,haute
BJ-49E09FC0,Smart AI Solutions,Technologie & IT,Ndali,+229 59 41 82 12,smart.ai.solutions@smart.ai.solutions.bj,smartaisolutions.bj,TPE (<10),B2B,Google Maps,4.2,Actif,2026-06-29T00:14:35.733842,haute
BJ-29AFA235,Smart Web Digital,Technologie & IT,Ségbana,+229 76 79 88 40,smart.web.digital@smart.web.digital.com,,PME (10-50),B2B,Google Maps,3.5,Actif,2026-06-29T00:14:35.733910,moyenne
BJ-6E98615F,Web Digital,Technologie & IT,Ségbana,+229 26 91 92 19,web.digital@web.digital.net,webdigital.bj,TPE (<10),B2B,Google Maps,3.9,Actif,2026-06-29T00:14:35.733956,haute
BJ-66170B51,Cyber Système Soft,Technologie & IT,Ségbana,+229 97 15 94 61,,cybersystèmesoft.bj,TPE (<10),B2C,Google Maps,3.3,Actif,2026-06-29T00:14:35.733992,moyenne
BJ-B5023484,Cloud Logiciel,Technologie & IT,Ségbana,+229 64 52 97 35,cloud.logiciel@cloud.logiciel.com,cloudlogiciel.bj,PME (50-200),B2B,Google Maps,4.0,Actif,2026-06-29T00:14:35.734016,haute
BJ-B4D0D697,Cloud Mobile Bénin Ségbana,Technologie & IT,Ségbana,+229 29 66 72 47,cloud.mobile.bénin.ségbana@cloud.mobile.bénin.ségbana.com,cloudmobilebéninségbana.bj,TPE (<10),B2C,Google Maps,4.8,Actif,2026-06-29T00:14:35.734035,haute
BJ-FCD12086,Data Logiciel International,Technologie & IT,Tchaourou,+229 47 31 79 48,data.logiciel.international@data.logiciel.international.benin,datalogicielinternational.bj,TPE (<10),B2C,Google Maps,3.6,Actif,2026-06-29T00:14:35.734060,haute
BJ-CC8C3F40,Informatique,Technologie & IT,Tchaourou,+229 48 90 56 90,informatique@informatique.com,informatique.bj,PME (10-50),B2C,Google Maps,4.6,Actif,2026-06-29T00:14:35.734079,haute
BJ-95E876F6,Data,Technologie & IT,Tchaourou,+229 79 35 77 28,data@data.net,data.bj,TPE (<10),B2C,Google Maps,3.3,Actif,2026-06-29T00:14:35.734094,haute
BJ-8A281717,Digital Digital,Technologie & IT,Tchaourou,+229 47 92 77 54,digital.digital@digital.digital.bj,digitaldigital.bj,PME (50-200),B2C,Google Maps,4.5,Actif,2026-06-29T00:14:35.734108,haute
BJ-36A427C4,Tech Data,Technologie & IT,Tchaourou,+229 52 56 58 99,tech.data@tech.data.bj,techdata.bj,TPE (<10),B2C,Google Maps,3.9,Actif,2026-06-29T00:14:35.734122,haute
BJ-A70F07E7,Smart Système,Technologie & IT,Bétérou,+229 84 16 32 58,smart.système@smart.système.bj,smartsystème.bj,TPE (<10),B2B,Google Maps,3.1,Actif,2026-06-29T00:14:35.734144,haute
BJ-5DE1DE3C,Cyber Logiciel Systems,Technologie & IT,Bétérou,+229 64 92 70 89,,cyberlogicielsystems.bj,PME (10-50),B2B,Google Maps,4.7,Actif,2026-06-29T00:14:35.734163,moyenne
BJ-6ED2A8B7,Cyber,Technologie & IT,Bétérou,+229 86 79 25 17,cyber@cyber.org,cyber.bj,PME (50-200),B2C,Google Maps,3.6,Actif,2026-06-29T00:14:35.734179,haute
BJ-92EF967B,Cloud Security,Technologie & IT,Bétérou,+229 32 60 73 36,,cloudsecurity.bj,PME (10-50),B2C,Google Maps,3.8,Actif,2026-06-29T00:14:35.734198,moyenne
BJ-A27AE89E,Soft Mobile,Technologie & IT,Bétérou,+229 38 65 51 51,soft.mobile@soft.mobile.org,softmobile.bj,TPE (<10),B2B,Google Maps,5.0,Actif,2026-06-29T00:14:35.734214,haute
BJ-C1B701DA,Smart Mobile International,Technologie & IT,Ouessè,+229 30 21 37 68,smart.mobile.international@smart.mobile.international.benin,smartmobileinternational.bj,TPE (<10),B2B,Google Maps,3.4,Actif,2026-06-29T00:14:35.734235,haute
BJ-D1BE12B7,Data Intelligence,Technologie & IT,Ouessè,+229 55 38 49 62,data.intelligence@data.intelligence.benin,dataintelligence.bj,TPE (<10),B2C,Google Maps,4.2,Actif,2026-06-29T00:14:35.734250,haute
BJ-0430F220,Tech Digital,Technologie & IT,Ouessè,+229 68 10 10 33,tech.digital@tech.digital.net,techdigital.bj,PME (10-50),B2B,Google Maps,3.9,Actif,2026-06-29T00:14:35.734265,haute
BJ-41E314B5,Solution Digital,Technologie & IT,Ouessè,+229 92 45 54 13,solution.digital@solution.digital.bj,solutiondigital.bj,PME (10-50),B2B,Google Maps,3.5,Actif,2026-06-29T00:14:35.734279,haute
BJ-AC70F6AF,Logiciel Systems,Technologie & IT,Ouessè,+229 66 68 53 93,logiciel.systems@logiciel.systems.com,,TPE (<10),B2C,Google Maps,4.8,Actif,2026-06-29T00:14:35.734296,moyenne
BJ-4FD59D85,Net Digital Digital,Technologie & IT,Glazoué,+229 37 11 50 13,net.digital.digital@net.digital.digital.org,netdigitaldigital.bj,TPE (<10),B2B,Google Maps,3.2,Actif,2026-06-29T00:14:35.734323,haute
BJ-44AD3E87,Smart Intelligence Soft,Technologie & IT,Glazoué,+229 24 36 59 46,smart.intelligence.soft@smart.intelligence.soft.benin,smartintelligencesoft.bj,TPE (<10),B2B,Google Maps,3.5,Actif,2026-06-29T00:14:35.734338,haute
BJ-7146A07F,Web Systems,Technologie & IT,Glazoué,+229 67 49 88 34,web.systems@web.systems.com,websystems.bj,PME (50-200),B2C,Google Maps,4.4,Actif,2026-06-29T00:14:35.734353,haute
BJ-F6A3A2E9,Tech Cloud,Technologie & IT,Glazoué,+229 33 53 30 41,tech.cloud@tech.cloud.org,,TPE (<10),B2C,Google Maps,3.1,Actif,2026-06-29T00:14:35.734386,moyenne
BJ-E434F65A,Développement Africa,Technologie & IT,Glazoué,+229 49 68 22 86,développement.africa@développement.africa.com,développementafrica.bj,TPE (<10),B2C,Google Maps,3.4,Actif,2026-06-29T00:14:35.734435,haute
BJ-7BD78201,Système,Technologie & IT,Dassa-Zoumè,+229 60 66 95 84,système@système.net,,TPE (<10),B2B,Google Maps,3.0,Actif,2026-06-29T00:14:35.734465,moyenne
BJ-67BA05C6,Security SARL,Technologie & IT,Dassa-Zoumè,+229 35 43 59 21,security.sarl@security.sarl.org,securitysarl.bj,PME (50-200),B2C,Google Maps,4.2,Actif,2026-06-29T00:14:35.734483,haute
BJ-1D720A5B,Intelligence SARL,Technologie & IT,Dassa-Zoumè,+229 46 53 21 57,intelligence.sarl@intelligence.sarl.bj,intelligencesarl.bj,TPE (<10),B2B,Google Maps,4.8,Actif,2026-06-29T00:14:35.734497,haute
BJ-C6F5E101,Cyber Développement Systems Dassa-Zoumè,Technologie & IT,Dassa-Zoumè,+229 22 76 39 68,cyber.développement.systems.dassazoumè@cyber.développement.systems.dassazoumè.com,cyberdéveloppementsystemsdassazoumè.bj,PME (50-200),B2B,Google Maps,4.0,Actif,2026-06-29T00:14:35.734515,haute
BJ-0C27848B,Cloud Application,Technologie & IT,Dassa-Zoumè,+229 43 13 79 22,cloud.application@cloud.application.bj,cloudapplication.bj,PME (10-50),B2B,Google Maps,3.8,Actif,2026-06-29T00:14:35.734530,haute
BJ-21443DC6,Data Digital,Technologie & IT,Savalou,+229 85 11 48 23,data.digital@data.digital.com,,TPE (<10),B2C,Google Maps,3.2,Actif,2026-06-29T00:14:35.734552,moyenne
BJ-4DC89D79,Développement Soft,Technologie & IT,Savalou,+229 75 18 55 84,,développementsoft.bj,PME (10-50),B2B,Google Maps,3.9,Actif,2026-06-29T00:14:35.734566,moyenne
BJ-C0FDC668,Soft Solution,Technologie & IT,Savalou,+229 72 40 85 52,,softsolution.bj,TPE (<10),B2B,Google Maps,3.0,Actif,2026-06-29T00:14:35.734602,moyenne
BJ-36B1F81B,Net Mobile Systems Savalou,Technologie & IT,Savalou,+229 34 45 94 10,net.mobile.systems.savalou@net.mobile.systems.savalou.net,netmobilesystemssavalou.bj,PME (10-50),B2B,Google Maps,3.9,Actif,2026-06-29T00:14:35.734622,haute
BJ-9A422D28,Web,Technologie & IT,Bantè,+229 93 94 78 59,,web.bj,Grande (>200),B2B,Google Maps,3.5,Actif,2026-06-29T00:14:35.734644,moyenne
BJ-A7F127B6,Cyber Cloud Bantè,Technologie & IT,Bantè,+229 94 34 72 33,cyber.cloud.bantè@cyber.cloud.bantè.com,cybercloudbantè.bj,PME (50-200),B2C,Google Maps,3.6,Actif,2026-06-29T00:14:35.734660,haute
BJ-F5902839,Cyber Mobile Soft,Technologie & IT,Bantè,+229 42 43 60 35,cyber.mobile.soft@cyber.mobile.soft.benin,,PME (10-50),B2C,Google Maps,4.7,Actif,2026-06-29T00:14:35.734674,moyenne
BJ-B9F35148,Cloud Solution Solutions,Technologie & IT,Bantè,+229 61 15 10 11,cloud.solution.solutions@cloud.solution.solutions.benin,cloudsolutionsolutions.bj,TPE (<10),B2B,Google Maps,4.3,Actif,2026-06-29T00:14:35.734689,haute
BJ-8AC33C3D,Data,Technologie & IT,Bantè,+229 38 19 24 13,data@data.bj,data.bj,TPE (<10),B2B,Google Maps,4.3,Actif,2026-06-29T00:14:35.734703,haute
BJ-FC680BDD,Web,Technologie & IT,Djougou,+229 61 18 96 74,web@web.bj,,Grande (>200),B2B,Google Maps,3.0,Actif,2026-06-29T00:14:35.734725,moyenne
BJ-611794C8,Tech Network Systems,Technologie & IT,Djougou,+229 92 76 11 30,tech.network.systems@tech.network.systems.bj,technetworksystems.bj,PME (10-50),B2C,Google Maps,4.7,Actif,2026-06-29T00:14:35.734740,haute
BJ-50BD820A,Security Africa,Technologie & IT,Djougou,+229 38 53 47 61,security.africa@security.africa.org,securityafrica.bj,TPE (<10),B2B,Google Maps,4.6,Actif,2026-06-29T00:14:35.734755,haute
BJ-99099852,Data Cloud International,Technologie & IT,Djougou,+229 54 94 30 64,data.cloud.international@data.cloud.international.org,,PME (50-200),B2B,Google Maps,4.9,Actif,2026-06-29T00:14:35.734773,moyenne
BJ-7361ED18,Net Informatique Tech,Technologie & IT,Djougou,+229 88 53 71 50,net.informatique.tech@net.informatique.tech.com,netinformatiquetech.bj,TPE (<10),B2B,Google Maps,4.0,Actif,2026-06-29T00:14:35.734789,haute
BJ-9DC849FD,Digital Ouèssè,Technologie & IT,Ouèssè,+229 97 73 77 10,digital.ouèssè@digital.ouèssè.com,digitalouèssè.bj,PME (10-50),B2B,Google Maps,4.0,Actif,2026-06-29T00:14:35.734811,haute
BJ-7B20222D,Net Web SARL,Technologie & IT,Ouèssè,+229 60 46 50 28,net.web.sarl@net.web.sarl.org,netwebsarl.bj,PME (10-50),B2B,Google Maps,4.4,Actif,2026-06-29T00:14:35.734827,haute
BJ-8C6C6458,Net AI Soft Ouèssè,Technologie & IT,Ouèssè,+229 95 17 34 51,net.ai.soft.ouèssè@net.ai.soft.ouèssè.net,netaisoftouèssè.bj,PME (50-200),B2C,Google Maps,3.0,Actif,2026-06-29T00:14:35.734847,haute
BJ-3C890FBB,Informatique,Technologie & IT,Ouèssè,+229 68 28 37 51,,informatique.bj,PME (10-50),B2B,Google Maps,4.3,Actif,2026-06-29T00:14:35.734861,moyenne
BJ-BE9F5BCB,Cyber Ouèssè,Technologie & IT,Ouèssè,+229 42 58 60 73,cyber.ouèssè@cyber.ouèssè.net,cyberouèssè.bj,PME (50-200),B2B,Google Maps,4.4,Actif,2026-06-29T00:14:35.734876,haute
BJ-26ED0B1C,Système,Technologie & IT,Bassila,+229 73 90 90 49,,système.bj,PME (50-200),B2B,Google Maps,4.6,Actif,2026-06-29T00:14:35.734912,moyenne
BJ-780C8D21,Cloud Cyber,Technologie & IT,Bassila,+229 27 23 94 93,cloud.cyber@cloud.cyber.benin,cloudcyber.bj,PME (50-200),B2C,Google Maps,4.3,Actif,2026-06-29T00:14:35.734967,haute
BJ-35B739A3,Informatique SARL,Technologie & IT,Bassila,+229 98 20 86 25,informatique.sarl@informatique.sarl.org,informatiquesarl.bj,PME (50-200),B2B,Google Maps,4.2,Actif,2026-06-29T00:14:35.734986,haute
BJ-07A27268,Data Logiciel SARL,Technologie & IT,Bassila,+229 29 45 72 17,,datalogicielsarl.bj,TPE (<10),B2B,Google Maps,3.7,Actif,2026-06-29T00:14:35.734999,moyenne
BJ-F1588EE9,AI International,Technologie & IT,Pehunco,+229 89 88 37 89,ai.international@ai.international.bj,aiinternational.bj,PME (10-50),B2B,Google Maps,4.2,Actif,2026-06-29T00:14:35.735021,haute
BJ-A646D6F1,Logiciel Pehunco,Technologie & IT,Pehunco,+229 82 77 52 71,logiciel.pehunco@logiciel.pehunco.net,logicielpehunco.bj,Grande (>200),B2C,Google Maps,3.7,Actif,2026-06-29T00:14:35.735036,haute
BJ-AD582CC1,Système,Technologie & IT,Pehunco,+229 91 38 74 83,système@système.benin,système.bj,PME (50-200),B2C,Google Maps,3.4,Actif,2026-06-29T00:14:35.735051,haute
BJ-3DD1A2D0,Soft Informatique Systems Pehunco,Technologie & IT,Pehunco,+229 94 19 49 83,soft.informatique.systems.pehunco@soft.informatique.systems.pehunco.com,softinformatiquesystemspehunco.bj,TPE (<10),B2B,Google Maps,3.1,Actif,2026-06-29T00:14:35.735066,haute
BJ-829A5B56,Net Application Systems Pehunco,Technologie & IT,Pehunco,+229 98 72 50 82,net.application.systems.pehunco@net.application.systems.pehunco.benin,,PME (10-50),B2B,Google Maps,4.6,Actif,2026-06-29T00:14:35.735080,moyenne
BJ-47BFC881,Digital Informatique Copargo,Technologie & IT,Copargo,+229 26 28 26 35,digital.informatique.copargo@digital.informatique.copargo.net,digitalinformatiquecopargo.bj,PME (50-200),B2B,Google Maps,3.4,Actif,2026-06-29T00:14:35.735100,haute
BJ-43ECEC2E,Soft Application Digital,Technologie & IT,Copargo,+229 98 61 97 70,soft.application.digital@soft.application.digital.com,softapplicationdigital.bj,PME (10-50),B2C,Google Maps,4.2,Actif,2026-06-29T00:14:35.735115,haute
BJ-AACA0F05,Security Copargo,Technologie & IT,Copargo,+229 23 73 99 73,security.copargo@security.copargo.org,securitycopargo.bj,PME (50-200),B2B,Google Maps,3.2,Actif,2026-06-29T00:14:35.735128,haute
BJ-846AD916,Cyber Technologie,Technologie & IT,Copargo,+229 78 79 55 66,cyber.technologie@cyber.technologie.org,cybertechnologie.bj,PME (50-200),B2B,Google Maps,3.2,Actif,2026-06-29T00:14:35.735145,haute
BJ-70F158C4,Cloud Technologie,Technologie & IT,Copargo,+229 67 26 59 80,,cloudtechnologie.bj,PME (50-200),B2C,Google Maps,4.8,Actif,2026-06-29T00:14:35.735158,moyenne
BJ-52041AE9,Industrie Mécanique Industry Cotonou,Industrie & Manufacture,Cotonou,+229 45 82 97 57,industrie.mécanique.industry.cotonou@industrie.mécanique.industry.cotonou.bj,,PME (10-50),B2B,Google Maps,3.3,Actif,2026-06-29T00:14:35.735186,moyenne
BJ-443AB465,Automobile Groupe,Industrie & Manufacture,Cotonou,+229 94 96 17 78,automobile.groupe@automobile.groupe.com,automobilegroupe.bj,TPE (<10),B2B,Google Maps,3.4,Actif,2026-06-29T00:14:35.735204,haute
BJ-48C73307,Manufacture Fabrication Bénin,Industrie & Manufacture,Cotonou,+229 60 42 35 72,,manufacturefabricationbénin.bj,PME (10-50),B2B,Google Maps,4.1,Actif,2026-06-29T00:14:35.735220,moyenne
BJ-1C6A2DCD,Fabrique Chimie Africa,Industrie & Manufacture,Cotonou,+229 88 39 72 65,fabrique.chimie.africa@fabrique.chimie.africa.net,,TPE (<10),B2B,Google Maps,4.7,Actif,2026-06-29T00:14:35.735233,moyenne
BJ-D3A14754,Électronique,Industrie & Manufacture,Cotonou,+229 52 41 25 25,électronique@électronique.benin,électronique.bj,TPE (<10),B2B,Google Maps,4.0,Actif,2026-06-29T00:14:35.735247,haute
BJ-B789A34B,Automobile Industry,Industrie & Manufacture,Abomey-Calavi,+229 70 96 81 74,,,PME (50-200),B2B,Google Maps,3.3,Actif,2026-06-29T00:14:35.735266,basse
BJ-11766676,Usine Automobile,Industrie & Manufacture,Abomey-Calavi,+229 73 23 21 64,,usineautomobile.bj,TPE (<10),B2B,Google Maps,3.5,Actif,2026-06-29T00:14:35.735281,moyenne
BJ-8ABFED9B,Usine Textile,Industrie & Manufacture,Abomey-Calavi,+229 52 53 48 74,,,PME (10-50),B2B,Google Maps,4.4,Actif,2026-06-29T00:14:35.735296,basse
BJ-7523B97F,Production Électronique Abomey-Calavi,Industrie & Manufacture,Abomey-Calavi,+229 99 32 59 95,,,PME (10-50),B2B,Google Maps,3.3,Actif,2026-06-29T00:14:35.735313,basse
BJ-7960097A,Production Mécanique Africa,Industrie & Manufacture,Abomey-Calavi,+229 86 97 37 10,production.mécanique.africa@production.mécanique.africa.org,,TPE (<10),B2B,Google Maps,4.3,Actif,2026-06-29T00:14:35.735329,moyenne
BJ-C504024C,Textile SARL,Industrie & Manufacture,Porto-Novo,+229 22 79 79 55,textile.sarl@textile.sarl.net,textilesarl.bj,PME (50-200),B2B,Google Maps,4.7,Actif,2026-06-29T00:14:35.735349,haute
BJ-AE5F8CFC,Alimentaire Bénin,Industrie & Manufacture,Porto-Novo,+229 64 44 80 53,,,PME (10-50),B2B,Google Maps,3.2,Actif,2026-06-29T00:14:35.735362,basse
BJ-479FD1F7,Textile,Industrie & Manufacture,Porto-Novo,+229 85 48 64 38,textile@textile.benin,textile.bj,TPE (<10),B2B,Google Maps,4.4,Actif,2026-06-29T00:14:35.735376,haute
BJ-716FD7CA,Usine Fabrication,Industrie & Manufacture,Porto-Novo,+229 96 34 47 71,,usinefabrication.bj,TPE (<10),B2B,Google Maps,3.5,Actif,2026-06-29T00:14:35.735388,moyenne
BJ-834841C1,Transformation Manufacture,Industrie & Manufacture,Porto-Novo,+229 51 49 31 23,transformation.manufacture@transformation.manufacture.benin,,TPE (<10),B2B,Google Maps,5.0,Actif,2026-06-29T00:14:35.735402,moyenne
BJ-01D19939,Manufacture Électronique,Industrie & Manufacture,Parakou,+229 88 55 27 55,manufacture.électronique@manufacture.électronique.bj,manufactureélectronique.bj,PME (10-50),B2B,Google Maps,5.0,Actif,2026-06-29T00:14:35.735423,haute
BJ-AF677F29,Atelier Production,Industrie & Manufacture,Parakou,+229 23 15 64 78,,,PME (10-50),B2B,Google Maps,5.0,Actif,2026-06-29T00:14:35.735440,basse
BJ-C28DC858,Électronique Africa,Industrie & Manufacture,Parakou,+229 43 57 67 52,électronique.africa@électronique.africa.org,électroniqueafrica.bj,PME (50-200),B2B,Google Maps,4.2,Actif,2026-06-29T00:14:35.735455,haute
BJ-480EA58E,Plastique SARL,Industrie & Manufacture,Parakou,+229 92 14 22 97,,plastiquesarl.bj,TPE (<10),B2B,Google Maps,4.5,Actif,2026-06-29T00:14:35.735477,moyenne
BJ-293F5C5C,Usine Automobile,Industrie & Manufacture,Parakou,+229 92 86 58 13,usine.automobile@usine.automobile.net,,PME (10-50),B2B,Google Maps,4.9,Actif,2026-06-29T00:14:35.735492,moyenne
BJ-FF6D76E3,Bois,Industrie & Manufacture,Bohicon,+229 84 31 39 48,bois@bois.benin,,PME (10-50),B2B,Google Maps,3.9,Actif,2026-06-29T00:14:35.735513,moyenne
BJ-E03C665E,Métal Manufacture Bohicon,Industrie & Manufacture,Bohicon,+229 34 19 70 41,,métalmanufacturebohicon.bj,Grande (>200),B2B,Google Maps,4.9,Actif,2026-06-29T00:14:35.735528,moyenne
BJ-7838AE3A,Usine Plastique Africa,Industrie & Manufacture,Bohicon,+229 85 64 70 81,usine.plastique.africa@usine.plastique.africa.org,,PME (10-50),B2B,Google Maps,3.7,Actif,2026-06-29T00:14:35.735542,moyenne
BJ-F55082D0,Alimentaire Africa Bohicon,Industrie & Manufacture,Bohicon,+229 79 87 95 52,alimentaire.africa.bohicon@alimentaire.africa.bohicon.com,,PME (50-200),B2B,Google Maps,4.2,Actif,2026-06-29T00:14:35.735559,moyenne
BJ-C7D98B15,Production Bohicon,Industrie & Manufacture,Bohicon,+229 91 75 81 62,production.bohicon@production.bohicon.com,,PME (10-50),B2B,Google Maps,4.3,Actif,2026-06-29T00:14:35.735573,moyenne
BJ-2BC2EBAD,Automobile,Industrie & Manufacture,Natitingou,+229 81 59 20 83,,automobile.bj,TPE (<10),B2B,Google Maps,4.6,Actif,2026-06-29T00:14:35.735591,moyenne
BJ-D3049E55,Manufacture Transformation Natitingou,Industrie & Manufacture,Natitingou,+229 85 36 64 45,,manufacturetransformationnatitingou.bj,TPE (<10),B2B,Google Maps,4.9,Actif,2026-06-29T00:14:35.735606,moyenne
BJ-F6002567,Usine Alimentaire Factory Natitingou,Industrie & Manufacture,Natitingou,+229 58 98 95 72,,,PME (10-50),B2B,Google Maps,4.3,Actif,2026-06-29T00:14:35.735618,basse
BJ-8780C03A,Usine Automobile SA,Industrie & Manufacture,Natitingou,+229 91 66 40 74,usine.automobile.sa@usine.automobile.sa.bj,,TPE (<10),B2B,Google Maps,3.8,Actif,2026-06-29T00:14:35.735636,moyenne
BJ-AE6291E6,Mécanique,Industrie & Manufacture,Natitingou,+229 93 15 70 85,,mécanique.bj,PME (10-50),B2B,Google Maps,4.7,Actif,2026-06-29T00:14:35.735651,moyenne
BJ-1BBB27B1,Atelier Plastique SARL,Industrie & Manufacture,Lokossa,+229 45 82 91 47,atelier.plastique.sarl@atelier.plastique.sarl.bj,atelierplastiquesarl.bj,Grande (>200),B2B,Google Maps,3.9,Actif,2026-06-29T00:14:35.735673,haute
BJ-F52AE79B,Chimie Africa,Industrie & Manufacture,Lokossa,+229 79 13 24 17,chimie.africa@chimie.africa.benin,,TPE (<10),B2B,Google Maps,4.3,Actif,2026-06-29T00:14:35.735686,moyenne
BJ-CB3B16D3,Bois Africa Lokossa,Industrie & Manufacture,Lokossa,+229 24 19 56 83,,,PME (10-50),B2B,Google Maps,4.5,Actif,2026-06-29T00:14:35.735703,basse
BJ-4194AA16,Production Plastique Factory,Industrie & Manufacture,Lokossa,+229 64 24 94 16,production.plastique.factory@production.plastique.factory.com,productionplastiquefactory.bj,PME (10-50),B2B,Google Maps,4.2,Actif,2026-06-29T00:14:35.735718,haute
BJ-95FDDE36,Production Mécanique,Industrie & Manufacture,Lokossa,+229 81 51 73 89,,productionmécanique.bj,TPE (<10),B2B,Google Maps,3.5,Actif,2026-06-29T00:14:35.735732,moyenne
BJ-4B030AC7,Textile SARL,Industrie & Manufacture,Ouidah,+229 35 43 35 12,textile.sarl@textile.sarl.net,textilesarl.bj,TPE (<10),B2B,Google Maps,4.3,Actif,2026-06-29T00:14:35.735756,haute
BJ-07F52FCD,Métal,Industrie & Manufacture,Ouidah,+229 78 48 87 23,métal@métal.bj,métal.bj,TPE (<10),B2B,Google Maps,3.8,Actif,2026-06-29T00:14:35.735775,haute
BJ-71F30974,Industrie Bois Groupe,Industrie & Manufacture,Ouidah,+229 23 55 38 60,,industrieboisgroupe.bj,PME (50-200),B2B,Google Maps,4.3,Actif,2026-06-29T00:14:35.735788,moyenne
BJ-42C86EA9,Production Bénin,Industrie & Manufacture,Ouidah,+229 52 29 21 50,production.bénin@production.bénin.org,productionbénin.bj,PME (50-200),B2B,Google Maps,3.9,Actif,2026-06-29T00:14:35.735807,haute
BJ-22BFB600,Production Pharmaceutique Industry,Industrie & Manufacture,Ouidah,+229 43 62 46 21,production.pharmaceutique.industry@production.pharmaceutique.industry.benin,productionpharmaceutiqueindustry.bj,TPE (<10),B2B,Google Maps,4.4,Actif,2026-06-29T00:14:35.735822,haute
BJ-59283357,Production Automobile,Industrie & Manufacture,Savalou,+229 36 17 46 63,,,PME (50-200),B2B,Google Maps,4.9,Actif,2026-06-29T00:14:35.735841,basse
BJ-DF19645A,Fabrique Bois,Industrie & Manufacture,Savalou,+229 65 71 19 99,fabrique.bois@fabrique.bois.org,fabriquebois.bj,TPE (<10),B2B,Google Maps,3.0,Actif,2026-06-29T00:14:35.735856,haute
BJ-60B20156,Chimie Groupe,Industrie & Manufacture,Savalou,+229 53 62 95 96,chimie.groupe@chimie.groupe.benin,chimiegroupe.bj,TPE (<10),B2B,Google Maps,4.6,Actif,2026-06-29T00:14:35.735869,haute
BJ-A07F543D,Bois,Industrie & Manufacture,Savalou,+229 95 53 10 88,bois@bois.benin,,PME (10-50),B2B,Google Maps,3.0,Actif,2026-06-29T00:14:35.735883,moyenne
BJ-C5D759D4,Atelier Électronique Industry,Industrie & Manufacture,Savalou,+229 50 67 44 68,atelier.électronique.industry@atelier.électronique.industry.net,,TPE (<10),B2B,Google Maps,4.7,Actif,2026-06-29T00:14:35.735914,moyenne
BJ-DE1E00AB,Industrie Plastique,Industrie & Manufacture,Dassa-Zoumè,+229 62 63 98 55,,,PME (10-50),B2B,Google Maps,4.8,Actif,2026-06-29T00:14:35.735934,basse
BJ-B1E90E4F,Plastique Africa,Industrie & Manufacture,Dassa-Zoumè,+229 97 36 70 35,,plastiqueafrica.bj,PME (50-200),B2B,Google Maps,3.9,Actif,2026-06-29T00:14:35.735948,moyenne
BJ-83BBBC03,Métal,Industrie & Manufacture,Dassa-Zoumè,+229 21 31 58 79,métal@métal.benin,métal.bj,TPE (<10),B2B,Google Maps,4.9,Actif,2026-06-29T00:14:35.735962,haute
BJ-582DB773,Textile SA,Industrie & Manufacture,Dassa-Zoumè,+229 62 89 70 89,,,TPE (<10),B2B,Google Maps,3.6,Actif,2026-06-29T00:14:35.735982,basse
BJ-23052275,Industrie Électronique,Industrie & Manufacture,Dassa-Zoumè,+229 22 22 21 29,,,TPE (<10),B2B,Google Maps,3.0,Actif,2026-06-29T00:14:35.735996,basse
BJ-328D4DA5,Usine Alimentaire,Industrie & Manufacture,Kétou,+229 88 57 41 11,,,PME (10-50),B2B,Google Maps,3.8,Actif,2026-06-29T00:14:35.736014,basse
BJ-46970FBC,Pharmaceutique Industry,Industrie & Manufacture,Kétou,+229 87 99 90 85,pharmaceutique.industry@pharmaceutique.industry.net,pharmaceutiqueindustry.bj,TPE (<10),B2B,Google Maps,4.2,Actif,2026-06-29T00:14:35.736029,haute
BJ-6114D69D,Pharmaceutique,Industrie & Manufacture,Kétou,+229 86 36 15 82,,,Grande (>200),B2B,Google Maps,3.4,Actif,2026-06-29T00:14:35.736041,basse
BJ-1C730D94,Fabrique Fabrication Industry,Industrie & Manufacture,Kétou,+229 63 26 44 53,,,PME (10-50),B2B,Google Maps,3.2,Actif,2026-06-29T00:14:35.736054,basse
BJ-A661AA9F,Usine Fabrication SARL,Industrie & Manufacture,Kétou,+229 65 58 38 46,usine.fabrication.sarl@usine.fabrication.sarl.benin,usinefabricationsarl.bj,PME (10-50),B2B,Google Maps,3.7,Actif,2026-06-29T00:14:35.736068,haute
BJ-282DC773,Métal,Industrie & Manufacture,Covè,+229 80 55 81 10,métal@métal.bj,métal.bj,PME (10-50),B2B,Google Maps,4.4,Actif,2026-06-29T00:14:35.736088,haute
BJ-BE169389,Usine Textile SARL,Industrie & Manufacture,Covè,+229 45 62 21 69,usine.textile.sarl@usine.textile.sarl.net,usinetextilesarl.bj,PME (10-50),B2B,Google Maps,3.5,Actif,2026-06-29T00:14:35.736103,haute
BJ-1847A065,Électronique Manufacture,Industrie & Manufacture,Covè,+229 98 92 72 40,électronique.manufacture@électronique.manufacture.com,,PME (50-200),B2B,Google Maps,3.5,Actif,2026-06-29T00:14:35.736121,moyenne
BJ-197496C4,Automobile Manufacture,Industrie & Manufacture,Covè,+229 77 56 19 10,automobile.manufacture@automobile.manufacture.com,,PME (10-50),B2B,Google Maps,4.3,Actif,2026-06-29T00:14:35.736172,moyenne
BJ-56B448E9,Manufacture Automobile SARL Covè,Industrie & Manufacture,Covè,+229 61 91 51 59,manufacture.automobile.sarl.covè@manufacture.automobile.sarl.covè.net,,PME (50-200),B2B,Google Maps,4.2,Actif,2026-06-29T00:14:35.736189,moyenne
BJ-ADB12749,Manufacture Production Bénin,Industrie & Manufacture,Pobè,+229 92 68 24 38,manufacture.production.bénin@manufacture.production.bénin.bj,manufactureproductionbénin.bj,PME (50-200),B2B,Google Maps,4.4,Actif,2026-06-29T00:14:35.736210,haute
BJ-8BD90896,Atelier Plastique Manufacture,Industrie & Manufacture,Pobè,+229 28 20 94 64,,atelierplastiquemanufacture.bj,TPE (<10),B2B,Google Maps,4.7,Actif,2026-06-29T00:14:35.736224,moyenne
BJ-A0E126DD,Manufacture Textile,Industrie & Manufacture,Pobè,+229 88 47 57 38,manufacture.textile@manufacture.textile.com,,Grande (>200),B2B,Google Maps,3.0,Actif,2026-06-29T00:14:35.736238,moyenne
BJ-66D5A474,Textile Industry,Industrie & Manufacture,Pobè,+229 76 14 70 83,,textileindustry.bj,TPE (<10),B2B,Google Maps,3.2,Actif,2026-06-29T00:14:35.736252,moyenne
BJ-32E52945,Usine Électronique Factory,Industrie & Manufacture,Pobè,+229 68 19 66 46,,,TPE (<10),B2B,Google Maps,4.0,Actif,2026-06-29T00:14:35.736271,basse
BJ-0C7FB14A,Fabrication Africa Sakété,Industrie & Manufacture,Sakété,+229 21 59 10 76,,,PME (10-50),B2B,Google Maps,4.7,Actif,2026-06-29T00:14:35.736291,basse
BJ-1D0953D3,Chimie Industry,Industrie & Manufacture,Sakété,+229 86 39 71 18,chimie.industry@chimie.industry.org,chimieindustry.bj,TPE (<10),B2B,Google Maps,4.4,Actif,2026-06-29T00:14:35.736305,haute
BJ-F452F324,Production,Industrie & Manufacture,Sakété,+229 28 24 63 30,production@production.net,,PME (10-50),B2B,Google Maps,3.4,Actif,2026-06-29T00:14:35.736318,moyenne
BJ-18938BF5,Fabrique Chimie,Industrie & Manufacture,Sakété,+229 44 52 65 54,,,TPE (<10),B2B,Google Maps,4.0,Actif,2026-06-29T00:14:35.736333,basse
BJ-58D41D1B,Plastique SARL Sakété,Industrie & Manufacture,Sakété,+229 52 29 86 22,plastique.sarl.sakété@plastique.sarl.sakété.bj,,Grande (>200),B2B,Google Maps,4.7,Actif,2026-06-29T00:14:35.736349,moyenne
BJ-C0096371,Électronique Industry,Industrie & Manufacture,Adjara,+229 63 93 81 77,électronique.industry@électronique.industry.benin,électroniqueindustry.bj,TPE (<10),B2B,Google Maps,3.4,Actif,2026-06-29T00:14:35.736370,haute
BJ-612A2A56,Fabrique Chimie,Industrie & Manufacture,Adjara,+229 34 73 94 24,,fabriquechimie.bj,TPE (<10),B2B,Google Maps,3.2,Actif,2026-06-29T00:14:35.736384,moyenne
BJ-1E10F0A3,Mécanique Industry,Industrie & Manufacture,Adjara,+229 51 66 86 65,,mécaniqueindustry.bj,TPE (<10),B2B,Google Maps,3.2,Actif,2026-06-29T00:14:35.736397,moyenne
BJ-7634C8AE,Production Électronique,Industrie & Manufacture,Adjara,+229 23 79 78 21,,,TPE (<10),B2B,Google Maps,3.8,Actif,2026-06-29T00:14:35.736409,basse
BJ-B451CF2F,Chimie,Industrie & Manufacture,Adjara,+229 43 33 32 83,chimie@chimie.net,,TPE (<10),B2B,Google Maps,4.8,Actif,2026-06-29T00:14:35.736423,moyenne
BJ-6B5FD421,Pharmaceutique Bénin,Industrie & Manufacture,Allada,+229 55 48 76 10,pharmaceutique.bénin@pharmaceutique.bénin.bj,,PME (10-50),B2B,Google Maps,3.7,Actif,2026-06-29T00:14:35.736443,moyenne
BJ-5AA974DA,Atelier Textile Manufacture,Industrie & Manufacture,Allada,+229 27 15 88 97,,ateliertextilemanufacture.bj,PME (50-200),B2B,Google Maps,3.7,Actif,2026-06-29T00:14:35.736457,moyenne
BJ-DCA7339B,Transformation Industry,Industrie & Manufacture,Allada,+229 77 49 14 44,transformation.industry@transformation.industry.benin,transformationindustry.bj,PME (10-50),B2B,Google Maps,3.8,Actif,2026-06-29T00:14:35.736471,haute
BJ-317AC83E,Fabrique Électronique,Industrie & Manufacture,Allada,+229 64 10 77 45,,,TPE (<10),B2B,Google Maps,4.1,Actif,2026-06-29T00:14:35.736487,basse
BJ-350BFE3C,Bois,Industrie & Manufacture,Allada,+229 81 66 71 14,bois@bois.org,bois.bj,TPE (<10),B2B,Google Maps,3.5,Actif,2026-06-29T00:14:35.736502,haute
BJ-EAE69465,Usine Alimentaire SARL,Industrie & Manufacture,Aplahoué,+229 99 42 39 52,usine.alimentaire.sarl@usine.alimentaire.sarl.net,,PME (10-50),B2B,Google Maps,4.4,Actif,2026-06-29T00:14:35.736524,moyenne
BJ-AAF53304,Mécanique Bénin Aplahoué,Industrie & Manufacture,Aplahoué,+229 86 50 63 17,,,TPE (<10),B2B,Google Maps,4.9,Actif,2026-06-29T00:14:35.736538,basse
BJ-C2AED5F6,Automobile Groupe,Industrie & Manufacture,Aplahoué,+229 21 26 27 47,,automobilegroupe.bj,TPE (<10),B2B,Google Maps,3.9,Actif,2026-06-29T00:14:35.736555,moyenne
BJ-B609E0E9,Automobile Africa,Industrie & Manufacture,Aplahoué,+229 24 78 20 86,,,TPE (<10),B2B,Google Maps,4.8,Actif,2026-06-29T00:14:35.736567,basse
BJ-F296C3E5,Industrie Alimentaire Factory Aplahoué,Industrie & Manufacture,Aplahoué,+229 59 10 79 56,,industriealimentairefactoryaplahoué.bj,TPE (<10),B2B,Google Maps,3.5,Actif,2026-06-29T00:14:35.736581,moyenne
BJ-F2254B62,Fabrique Chimie,Industrie & Manufacture,Dogbo-Tota,+229 61 76 74 95,fabrique.chimie@fabrique.chimie.net,,PME (10-50),B2B,Google Maps,3.3,Actif,2026-06-29T00:14:35.736600,moyenne
BJ-82170D0D,Manufacture Bois SARL,Industrie & Manufacture,Dogbo-Tota,+229 79 73 74 72,manufacture.bois.sarl@manufacture.bois.sarl.org,,Grande (>200),B2B,Google Maps,3.2,Actif,2026-06-29T00:14:35.736614,moyenne
BJ-B6BB28EE,Manufacture Électronique Factory Dogbo-Tota,Industrie & Manufacture,Dogbo-Tota,+229 99 92 78 62,,,TPE (<10),B2B,Google Maps,4.7,Actif,2026-06-29T00:14:35.736627,basse
BJ-42B0C60E,Automobile Bénin Dogbo-Tota,Industrie & Manufacture,Dogbo-Tota,+229 77 61 73 48,automobile.bénin.dogbotota@automobile.bénin.dogbotota.benin,automobilebénindogbotota.bj,TPE (<10),B2B,Google Maps,4.9,Actif,2026-06-29T00:14:35.736648,haute
BJ-FD35A51F,Pharmaceutique,Industrie & Manufacture,Dogbo-Tota,+229 43 93 64 30,pharmaceutique@pharmaceutique.net,,PME (10-50),B2B,Google Maps,3.1,Actif,2026-06-29T00:14:35.736663,moyenne
BJ-83BBAEB6,Textile,Industrie & Manufacture,Kpomassè,+229 89 21 64 66,textile@textile.bj,textile.bj,PME (50-200),B2B,Google Maps,4.6,Actif,2026-06-29T00:14:35.736683,haute
BJ-3A3F7DEA,Plastique SARL Kpomassè,Industrie & Manufacture,Kpomassè,+229 44 96 75 64,,,PME (10-50),B2B,Google Maps,3.3,Actif,2026-06-29T00:14:35.736697,basse
BJ-DE31A201,Bois,Industrie & Manufacture,Kpomassè,+229 74 47 41 77,,,PME (10-50),B2B,Google Maps,3.3,Actif,2026-06-29T00:14:35.736709,basse
BJ-F911853B,Transformation,Industrie & Manufacture,Kpomassè,+229 25 12 20 94,transformation@transformation.org,transformation.bj,PME (10-50),B2B,Google Maps,4.9,Actif,2026-06-29T00:14:35.736727,haute
BJ-85F97FBB,Plastique Kpomassè,Industrie & Manufacture,Kpomassè,+229 51 39 33 21,,plastiquekpomassè.bj,TPE (<10),B2B,Google Maps,4.7,Actif,2026-06-29T00:14:35.736741,moyenne
BJ-369FBE17,Atelier Automobile,Industrie & Manufacture,Tori-Bossito,+229 20 85 63 84,atelier.automobile@atelier.automobile.com,atelierautomobile.bj,PME (50-200),B2B,Google Maps,3.9,Actif,2026-06-29T00:14:35.736761,haute
BJ-F2C1EB6F,Production Alimentaire Factory,Industrie & Manufacture,Tori-Bossito,+229 93 68 74 68,production.alimentaire.factory@production.alimentaire.factory.com,productionalimentairefactory.bj,Grande (>200),B2B,Google Maps,3.5,Actif,2026-06-29T00:14:35.736779,haute
BJ-1EE2B64B,Manufacture Fabrication,Industrie & Manufacture,Tori-Bossito,+229 48 70 64 74,,manufacturefabrication.bj,Grande (>200),B2B,Google Maps,4.6,Actif,2026-06-29T00:14:35.736793,moyenne
BJ-F1F23F8A,Mécanique,Industrie & Manufacture,Tori-Bossito,+229 20 38 39 20,mécanique@mécanique.benin,,TPE (<10),B2B,Google Maps,4.1,Actif,2026-06-29T00:14:35.736813,moyenne
BJ-190C2F89,Automobile,Industrie & Manufacture,Grand-Popo,+229 34 32 83 88,,,TPE (<10),B2B,Google Maps,4.2,Actif,2026-06-29T00:14:35.736845,basse
BJ-0B1EF212,Production Transformation,Industrie & Manufacture,Grand-Popo,+229 50 92 48 40,production.transformation@production.transformation.com,productiontransformation.bj,TPE (<10),B2B,Google Maps,4.1,Actif,2026-06-29T00:14:35.736860,haute
BJ-6CF93453,Manufacture Métal SARL,Industrie & Manufacture,Grand-Popo,+229 71 62 32 66,manufacture.métal.sarl@manufacture.métal.sarl.net,,PME (10-50),B2B,Google Maps,3.7,Actif,2026-06-29T00:14:35.736877,moyenne
BJ-64E52407,Fabrique Fabrication SA,Industrie & Manufacture,Grand-Popo,+229 47 65 67 84,,,TPE (<10),B2B,Google Maps,3.9,Actif,2026-06-29T00:14:35.736903,basse
BJ-70E25F94,Chimie Grand-Popo,Industrie & Manufacture,Grand-Popo,+229 23 13 10 28,chimie.grandpopo@chimie.grandpopo.benin,chimiegrandpopo.bj,Grande (>200),B2B,Google Maps,3.6,Actif,2026-06-29T00:14:35.736921,haute
BJ-46C7669F,Plastique Industry,Industrie & Manufacture,Athiémé,+229 22 37 74 85,plastique.industry@plastique.industry.org,plastiqueindustry.bj,Grande (>200),B2B,Google Maps,3.5,Actif,2026-06-29T00:14:35.736942,haute
BJ-453BE066,Textile,Industrie & Manufacture,Athiémé,+229 35 65 83 23,,textile.bj,TPE (<10),B2B,Google Maps,4.6,Actif,2026-06-29T00:14:35.736956,moyenne
BJ-0216A6F1,Pharmaceutique Groupe,Industrie & Manufacture,Athiémé,+229 41 90 16 37,pharmaceutique.groupe@pharmaceutique.groupe.bj,pharmaceutiquegroupe.bj,PME (50-200),B2B,Google Maps,3.8,Actif,2026-06-29T00:14:35.736971,haute
BJ-3FA6CFF9,Électronique,Industrie & Manufacture,Athiémé,+229 32 86 93 90,électronique@électronique.benin,,TPE (<10),B2B,Google Maps,4.1,Actif,2026-06-29T00:14:35.736990,moyenne
BJ-BE82F585,Industrie Alimentaire Factory,Industrie & Manufacture,Athiémé,+229 83 35 62 33,industrie.alimentaire.factory@industrie.alimentaire.factory.org,industriealimentairefactory.bj,PME (10-50),B2B,Google Maps,3.6,Actif,2026-06-29T00:14:35.737004,haute
BJ-445EB6E5,Fabrication,Industrie & Manufacture,Bopa,+229 93 64 23 49,,,TPE (<10),B2B,Google Maps,4.5,Actif,2026-06-29T00:14:35.737024,basse
BJ-00AE8DF6,Transformation Manufacture,Industrie & Manufacture,Bopa,+229 33 79 36 50,,,TPE (<10),B2B,Google Maps,4.5,Actif,2026-06-29T00:14:35.737037,basse
BJ-3E6543C7,Transformation Industry Bopa,Industrie & Manufacture,Bopa,+229 84 76 28 93,transformation.industry.bopa@transformation.industry.bopa.net,transformationindustrybopa.bj,Grande (>200),B2B,Google Maps,4.2,Actif,2026-06-29T00:14:35.737051,haute
BJ-AEE4C684,Alimentaire,Industrie & Manufacture,Bopa,+229 34 44 53 71,alimentaire@alimentaire.bj,alimentaire.bj,PME (10-50),B2B,Google Maps,4.4,Actif,2026-06-29T00:14:35.737066,haute
BJ-4E91DC44,Automobile,Industrie & Manufacture,Bopa,+229 47 79 44 13,,automobile.bj,TPE (<10),B2B,Google Maps,3.7,Actif,2026-06-29T00:14:35.737082,moyenne
BJ-314A4C48,Bois Bénin,Industrie & Manufacture,Houéyogbé,+229 78 64 20 46,bois.bénin@bois.bénin.bj,boisbénin.bj,TPE (<10),B2B,Google Maps,4.3,Actif,2026-06-29T00:14:35.737104,haute
BJ-FDE997D6,Alimentaire Groupe,Industrie & Manufacture,Houéyogbé,+229 59 33 10 34,alimentaire.groupe@alimentaire.groupe.net,alimentairegroupe.bj,PME (10-50),B2B,Google Maps,4.5,Actif,2026-06-29T00:14:35.737119,haute
BJ-5FD7A57D,Industrie Textile,Industrie & Manufacture,Houéyogbé,+229 67 59 74 99,industrie.textile@industrie.textile.org,,Grande (>200),B2B,Google Maps,3.3,Actif,2026-06-29T00:14:35.737132,moyenne
BJ-10CE405D,Manufacture Métal,Industrie & Manufacture,Houéyogbé,+229 96 79 86 85,,,PME (10-50),B2B,Google Maps,3.8,Actif,2026-06-29T00:14:35.737151,basse
BJ-F55625B0,Transformation Bénin,Industrie & Manufacture,Houéyogbé,+229 25 44 61 25,,,PME (10-50),B2B,Google Maps,3.9,Actif,2026-06-29T00:14:35.737164,basse
BJ-C770EB76,Fabrication SARL,Industrie & Manufacture,Malanville,+229 46 17 56 20,fabrication.sarl@fabrication.sarl.benin,fabricationsarl.bj,PME (50-200),B2B,Google Maps,3.3,Actif,2026-06-29T00:14:35.737184,haute
BJ-6B436F8A,Atelier Fabrication,Industrie & Manufacture,Malanville,+229 68 26 36 94,atelier.fabrication@atelier.fabrication.bj,,PME (10-50),B2B,Google Maps,4.6,Actif,2026-06-29T00:14:35.737198,moyenne
BJ-9526A73C,Usine Fabrication,Industrie & Manufacture,Malanville,+229 24 96 37 17,usine.fabrication@usine.fabrication.bj,,TPE (<10),B2B,Google Maps,3.0,Actif,2026-06-29T00:14:35.737211,moyenne
BJ-6498489A,Industrie Alimentaire SA,Industrie & Manufacture,Malanville,+229 99 16 53 36,,industriealimentairesa.bj,TPE (<10),B2B,Google Maps,4.4,Actif,2026-06-29T00:14:35.737224,moyenne
BJ-15A3AB82,Chimie Factory Malanville,Industrie & Manufacture,Malanville,+229 88 43 90 11,chimie.factory.malanville@chimie.factory.malanville.benin,,TPE (<10),B2B,Google Maps,4.8,Actif,2026-06-29T00:14:35.737237,moyenne
BJ-312E342D,Pharmaceutique Groupe,Industrie & Manufacture,Kandi,+229 71 53 79 21,pharmaceutique.groupe@pharmaceutique.groupe.net,,Grande (>200),B2B,Google Maps,3.5,Actif,2026-06-29T00:14:35.737256,moyenne
BJ-2118B434,Industrie Chimie,Industrie & Manufacture,Kandi,+229 90 52 91 55,industrie.chimie@industrie.chimie.bj,industriechimie.bj,PME (50-200),B2B,Google Maps,3.7,Actif,2026-06-29T00:14:35.737270,haute
BJ-DEA42D36,Pharmaceutique,Industrie & Manufacture,Kandi,+229 53 20 37 93,,,PME (10-50),B2B,Google Maps,3.3,Actif,2026-06-29T00:14:35.737282,basse
BJ-FF6E2C6B,Chimie,Industrie & Manufacture,Kandi,+229 57 18 18 59,chimie@chimie.bj,chimie.bj,PME (50-200),B2B,Google Maps,3.3,Actif,2026-06-29T00:14:35.737299,haute
BJ-DC8F3F11,Production,Industrie & Manufacture,Kandi,+229 96 41 86 78,,production.bj,PME (10-50),B2B,Google Maps,4.6,Actif,2026-06-29T00:14:35.737312,moyenne
BJ-89E7CE16,Industrie Textile SA,Industrie & Manufacture,Banikoara,+229 76 85 61 95,,,PME (10-50),B2B,Google Maps,3.0,Actif,2026-06-29T00:14:35.737350,basse
BJ-4DC4D755,Mécanique Bénin,Industrie & Manufacture,Banikoara,+229 52 90 16 30,mécanique.bénin@mécanique.bénin.com,mécaniquebénin.bj,TPE (<10),B2B,Google Maps,4.6,Actif,2026-06-29T00:14:35.737370,haute
BJ-7229320F,Usine Bois,Industrie & Manufacture,Banikoara,+229 36 92 36 18,usine.bois@usine.bois.bj,usinebois.bj,TPE (<10),B2B,Google Maps,4.9,Actif,2026-06-29T00:14:35.737384,haute
BJ-BF08CAA9,Usine Plastique Banikoara,Industrie & Manufacture,Banikoara,+229 49 49 25 43,usine.plastique.banikoara@usine.plastique.banikoara.net,,Grande (>200),B2B,Google Maps,4.0,Actif,2026-06-29T00:14:35.737397,moyenne
BJ-C8B69EAD,Bois Bénin,Industrie & Manufacture,Banikoara,+229 74 19 95 66,bois.bénin@bois.bénin.com,boisbénin.bj,TPE (<10),B2B,Google Maps,3.2,Actif,2026-06-29T00:14:35.737413,haute
BJ-066AB944,Transformation,Industrie & Manufacture,Ségbana,+229 31 30 39 73,,transformation.bj,PME (10-50),B2B,Google Maps,3.5,Actif,2026-06-29T00:14:35.737433,moyenne
BJ-041838BD,Production,Industrie & Manufacture,Ségbana,+229 51 22 76 93,,,PME (10-50),B2B,Google Maps,3.5,Actif,2026-06-29T00:14:35.737446,basse
BJ-9958CCED,Production Alimentaire,Industrie & Manufacture,Ségbana,+229 56 34 56 28,production.alimentaire@production.alimentaire.bj,productionalimentaire.bj,PME (10-50),B2B,Google Maps,4.8,Actif,2026-06-29T00:14:35.737460,haute
BJ-3146263D,Manufacture Bois Bénin,Industrie & Manufacture,Ségbana,+229 59 14 50 24,,,PME (50-200),B2B,Google Maps,4.7,Actif,2026-06-29T00:14:35.737476,basse
BJ-5ADBF74F,Bois Bénin,Industrie & Manufacture,Ségbana,+229 58 32 89 84,bois.bénin@bois.bénin.net,,PME (10-50),B2B,Google Maps,3.7,Actif,2026-06-29T00:14:35.737491,moyenne
BJ-C695C16A,Mécanique,Industrie & Manufacture,Karimama,+229 24 45 49 91,mécanique@mécanique.com,mécanique.bj,PME (10-50),B2B,Google Maps,3.6,Actif,2026-06-29T00:14:35.737511,haute
BJ-B9A25694,Atelier Transformation Factory,Industrie & Manufacture,Karimama,+229 60 45 65 17,atelier.transformation.factory@atelier.transformation.factory.com,ateliertransformationfactory.bj,PME (10-50),B2B,Google Maps,3.2,Actif,2026-06-29T00:14:35.737526,haute
BJ-A14B990A,Fabrique Bois,Industrie & Manufacture,Karimama,+229 64 35 40 63,fabrique.bois@fabrique.bois.benin,,PME (50-200),B2B,Google Maps,3.9,Actif,2026-06-29T00:14:35.737539,moyenne
BJ-6F1AD3FA,Textile Industry,Industrie & Manufacture,Karimama,+229 26 42 20 88,,,PME (50-200),B2B,Google Maps,3.3,Actif,2026-06-29T00:14:35.737555,basse
BJ-EEFC6656,Production,Industrie & Manufacture,Karimama,+229 90 99 71 59,production@production.benin,,TPE (<10),B2B,Google Maps,3.4,Actif,2026-06-29T00:14:35.737568,moyenne
BJ-A39E39F6,Production Fabrication Factory,Industrie & Manufacture,Gogounou,+229 62 22 54 69,,,PME (10-50),B2B,Google Maps,4.9,Actif,2026-06-29T00:14:35.737586,basse
BJ-D2833F6F,Manufacture Transformation,Industrie & Manufacture,Gogounou,+229 63 32 91 15,,manufacturetransformation.bj,PME (10-50),B2B,Google Maps,4.8,Actif,2026-06-29T00:14:35.737599,moyenne
BJ-18C08994,Production SARL,Industrie & Manufacture,Gogounou,+229 30 19 60 40,production.sarl@production.sarl.net,,PME (50-200),B2B,Google Maps,3.5,Actif,2026-06-29T00:14:35.737612,moyenne
BJ-829CD411,Production Alimentaire Africa,Industrie & Manufacture,Gogounou,+229 29 51 33 51,,productionalimentaireafrica.bj,Grande (>200),B2B,Google Maps,4.4,Actif,2026-06-29T00:14:35.737639,moyenne
BJ-FB21271C,Production Pharmaceutique,Industrie & Manufacture,Gogounou,+229 95 40 97 26,production.pharmaceutique@production.pharmaceutique.bj,productionpharmaceutique.bj,Grande (>200),B2B,Google Maps,3.1,Actif,2026-06-29T00:14:35.737654,haute
BJ-AA7524B0,Fabrication Bénin,Industrie & Manufacture,Cobly,+229 92 96 79 13,,,PME (10-50),B2B,Google Maps,4.2,Actif,2026-06-29T00:14:35.737672,basse
BJ-7D8488FB,Atelier Production SA,Industrie & Manufacture,Cobly,+229 94 66 32 31,atelier.production.sa@atelier.production.sa.org,,PME (10-50),B2B,Google Maps,3.9,Actif,2026-06-29T00:14:35.737685,moyenne
BJ-457AB615,Pharmaceutique,Industrie & Manufacture,Cobly,+229 51 69 30 43,pharmaceutique@pharmaceutique.org,pharmaceutique.bj,PME (50-200),B2B,Google Maps,4.1,Actif,2026-06-29T00:14:35.737699,haute
BJ-72763070,Plastique Groupe,Industrie & Manufacture,Cobly,+229 98 71 35 34,,,Grande (>200),B2B,Google Maps,3.2,Actif,2026-06-29T00:14:35.737711,basse
BJ-FDC4C680,Usine Production Cobly,Industrie & Manufacture,Cobly,+229 68 93 53 15,usine.production.cobly@usine.production.cobly.org,,PME (10-50),B2B,Google Maps,4.6,Actif,2026-06-29T00:14:35.737725,moyenne
BJ-00AC63A2,Manufacture Électronique Factory,Industrie & Manufacture,Tanguiéta,+229 54 44 53 47,manufacture.électronique.factory@manufacture.électronique.factory.benin,manufactureélectroniquefactory.bj,Grande (>200),B2B,Google Maps,4.7,Actif,2026-06-29T00:14:35.737747,haute
BJ-14649489,Atelier Fabrication Manufacture,Industrie & Manufacture,Tanguiéta,+229 45 56 42 92,atelier.fabrication.manufacture@atelier.fabrication.manufacture.benin,atelierfabricationmanufacture.bj,TPE (<10),B2B,Google Maps,3.5,Actif,2026-06-29T00:14:35.737762,haute
BJ-9D9B61C7,Mécanique Bénin Tanguiéta,Industrie & Manufacture,Tanguiéta,+229 59 77 33 86,mécanique.bénin.tanguiéta@mécanique.bénin.tanguiéta.org,,TPE (<10),B2B,Google Maps,4.1,Actif,2026-06-29T00:14:35.737777,moyenne
BJ-2BE4D4FD,Industrie Chimie Africa,Industrie & Manufacture,Tanguiéta,+229 34 54 84 41,industrie.chimie.africa@industrie.chimie.africa.com,,PME (10-50),B2B,Google Maps,3.3,Actif,2026-06-29T00:14:35.737795,moyenne
BJ-B634AB78,Fabrique Textile,Industrie & Manufacture,Tanguiéta,+229 95 73 44 25,,,PME (50-200),B2B,Google Maps,4.4,Actif,2026-06-29T00:14:35.737808,basse
BJ-814C48C0,Bois Groupe Matéri,Industrie & Manufacture,Matéri,+229 34 56 30 60,bois.groupe.matéri@bois.groupe.matéri.net,boisgroupematéri.bj,TPE (<10),B2B,Google Maps,3.2,Actif,2026-06-29T00:14:35.737829,haute
BJ-CBCB6454,Métal Bénin,Industrie & Manufacture,Matéri,+229 88 67 99 27,,métalbénin.bj,PME (10-50),B2B,Google Maps,3.7,Actif,2026-06-29T00:14:35.737842,moyenne
BJ-9580E1D1,Fabrique Métal,Industrie & Manufacture,Matéri,+229 23 13 75 78,fabrique.métal@fabrique.métal.com,fabriquemétal.bj,TPE (<10),B2B,Google Maps,4.4,Actif,2026-06-29T00:14:35.737857,haute
BJ-1AEF7666,Chimie,Industrie & Manufacture,Matéri,+229 82 68 31 42,chimie@chimie.org,,TPE (<10),B2B,Google Maps,4.4,Actif,2026-06-29T00:14:35.737870,moyenne
BJ-28AD83EB,Mécanique Africa,Industrie & Manufacture,Matéri,+229 33 49 98 53,mécanique.africa@mécanique.africa.com,,PME (10-50),B2B,Google Maps,4.2,Actif,2026-06-29T00:14:35.737884,moyenne
BJ-35DC2DC3,Fabrique Transformation Manufacture,Industrie & Manufacture,Natitingou,+229 49 38 47 21,fabrique.transformation.manufacture@fabrique.transformation.manufacture.benin,fabriquetransformationmanufacture.bj,TPE (<10),B2B,Google Maps,3.2,Actif,2026-06-29T00:14:35.737935,haute
BJ-43FF6408,Usine Textile,Industrie & Manufacture,Natitingou,+229 95 82 68 60,,usinetextile.bj,PME (10-50),B2B,Google Maps,4.6,Actif,2026-06-29T00:14:35.737950,moyenne
BJ-E656B358,Métal,Industrie & Manufacture,Natitingou,+229 96 24 25 42,métal@métal.benin,,PME (10-50),B2B,Google Maps,4.7,Actif,2026-06-29T00:14:35.737968,moyenne
BJ-72041C22,Transformation Natitingou,Industrie & Manufacture,Natitingou,+229 79 90 66 52,transformation.natitingou@transformation.natitingou.bj,,TPE (<10),B2B,Google Maps,3.1,Actif,2026-06-29T00:14:35.737985,moyenne
BJ-CD8AE2E0,Mécanique SA,Industrie & Manufacture,Natitingou,+229 91 58 17 36,,mécaniquesa.bj,TPE (<10),B2B,Google Maps,4.2,Actif,2026-06-29T00:14:35.737999,moyenne
BJ-A54D6BFF,Production Bénin,Industrie & Manufacture,Toucountouna,+229 83 65 41 89,,,PME (50-200),B2B,Google Maps,3.3,Actif,2026-06-29T00:14:35.738026,basse
BJ-3007FB7C,Fabrique Plastique Groupe,Industrie & Manufacture,Toucountouna,+229 46 61 33 72,fabrique.plastique.groupe@fabrique.plastique.groupe.net,fabriqueplastiquegroupe.bj,TPE (<10),B2B,Google Maps,4.9,Actif,2026-06-29T00:14:35.738040,haute
BJ-F76AE734,Fabrication SARL,Industrie & Manufacture,Toucountouna,+229 66 32 76 42,,,TPE (<10),B2B,Google Maps,4.5,Actif,2026-06-29T00:14:35.738053,basse
BJ-A09A5406,Automobile,Industrie & Manufacture,Toucountouna,+229 34 95 56 90,,,Grande (>200),B2B,Google Maps,3.4,Actif,2026-06-29T00:14:35.738065,basse
BJ-1E0FF056,Électronique Africa,Industrie & Manufacture,Toucountouna,+229 68 54 61 84,,électroniqueafrica.bj,PME (10-50),B2B,Google Maps,4.7,Actif,2026-06-29T00:14:35.738081,moyenne
BJ-7163D46A,Plastique SARL,Industrie & Manufacture,Boukoumbé,+229 92 19 66 87,,,PME (50-200),B2B,Google Maps,3.1,Actif,2026-06-29T00:14:35.738100,basse
BJ-6E5FE326,Fabrique Mécanique,Industrie & Manufacture,Boukoumbé,+229 57 78 91 66,,,TPE (<10),B2B,Google Maps,4.0,Actif,2026-06-29T00:14:35.738113,basse
BJ-69F3EDE2,Manufacture Électronique Factory,Industrie & Manufacture,Boukoumbé,+229 87 35 70 20,manufacture.électronique.factory@manufacture.électronique.factory.bj,,PME (10-50),B2B,Google Maps,4.1,Actif,2026-06-29T00:14:35.738127,moyenne
BJ-AC9455BB,Pharmaceutique,Industrie & Manufacture,Boukoumbé,+229 59 97 71 20,pharmaceutique@pharmaceutique.benin,pharmaceutique.bj,PME (10-50),B2B,Google Maps,3.6,Actif,2026-06-29T00:14:35.738141,haute
BJ-DC3499CC,Atelier Plastique Factory,Industrie & Manufacture,Boukoumbé,+229 25 86 81 99,,atelierplastiquefactory.bj,PME (10-50),B2B,Google Maps,4.5,Actif,2026-06-29T00:14:35.738155,moyenne
BJ-3D6F6720,Production Fabrication Kouandé,Industrie & Manufacture,Kouandé,+229 91 47 51 49,,productionfabricationkouandé.bj,TPE (<10),B2B,Google Maps,3.3,Actif,2026-06-29T00:14:35.738179,moyenne
BJ-DB0520B0,Manufacture Mécanique,Industrie & Manufacture,Kouandé,+229 90 86 38 77,manufacture.mécanique@manufacture.mécanique.benin,,PME (10-50),B2B,Google Maps,4.5,Actif,2026-06-29T00:14:35.738194,moyenne
BJ-652AE2AE,Industrie Fabrication,Industrie & Manufacture,Kouandé,+229 90 31 60 78,,industriefabrication.bj,PME (10-50),B2B,Google Maps,4.8,Actif,2026-06-29T00:14:35.738208,moyenne
BJ-6CD63F35,Bois Kouandé,Industrie & Manufacture,Kouandé,+229 46 41 76 56,bois.kouandé@bois.kouandé.bj,boiskouandé.bj,PME (10-50),B2B,Google Maps,3.1,Actif,2026-06-29T00:14:35.738226,haute
BJ-0CDCA272,Bois Manufacture,Industrie & Manufacture,Kouandé,+229 85 23 79 29,bois.manufacture@bois.manufacture.benin,,TPE (<10),B2B,Google Maps,4.6,Actif,2026-06-29T00:14:35.738240,moyenne
BJ-37299D21,Fabrication,Industrie & Manufacture,Péhunco,+229 65 25 61 40,,fabrication.bj,PME (10-50),B2B,Google Maps,4.9,Actif,2026-06-29T00:14:35.738258,moyenne
BJ-09A53790,Mécanique Africa,Industrie & Manufacture,Péhunco,+229 24 89 37 94,mécanique.africa@mécanique.africa.net,,PME (10-50),B2B,Google Maps,3.1,Actif,2026-06-29T00:14:35.738272,moyenne
BJ-BA480F38,Manufacture Alimentaire Bénin,Industrie & Manufacture,Péhunco,+229 91 16 94 50,,,PME (10-50),B2B,Google Maps,3.9,Actif,2026-06-29T00:14:35.738284,basse
BJ-FB1CE82B,Industrie Production Industry,Industrie & Manufacture,Péhunco,+229 32 62 78 31,industrie.production.industry@industrie.production.industry.bj,,PME (10-50),B2B,Google Maps,4.1,Actif,2026-06-29T00:14:35.738301,moyenne
BJ-F8DA8B26,Transformation SA,Industrie & Manufacture,Péhunco,+229 58 77 87 75,,,TPE (<10),B2B,Google Maps,4.5,Actif,2026-06-29T00:14:35.738314,basse
BJ-3FBAB796,Métal Groupe,Industrie & Manufacture,Tchaourou,+229 71 37 81 64,,,TPE (<10),B2B,Google Maps,4.2,Actif,2026-06-29T00:14:35.738332,basse
BJ-D02EF5D0,Bois Groupe,Industrie & Manufacture,Tchaourou,+229 40 83 12 97,,boisgroupe.bj,PME (50-200),B2B,Google Maps,3.2,Actif,2026-06-29T00:14:35.738345,moyenne
BJ-AE4FA530,Automobile Bénin,Industrie & Manufacture,Tchaourou,+229 85 48 88 85,,automobilebénin.bj,PME (10-50),B2B,Google Maps,3.8,Actif,2026-06-29T00:14:35.738362,moyenne
BJ-0829A156,Industrie Électronique,Industrie & Manufacture,Tchaourou,+229 72 41 65 25,industrie.électronique@industrie.électronique.bj,,PME (50-200),B2B,Google Maps,3.3,Actif,2026-06-29T00:14:35.738376,moyenne
BJ-BBEB7C06,Pharmaceutique Bénin,Industrie & Manufacture,Tchaourou,+229 42 29 78 46,,pharmaceutiquebénin.bj,TPE (<10),B2B,Google Maps,3.7,Actif,2026-06-29T00:14:35.738389,moyenne
BJ-295F52F7,Fabrique Automobile Factory,Industrie & Manufacture,Nikki,+229 80 34 40 10,fabrique.automobile.factory@fabrique.automobile.factory.org,,PME (10-50),B2B,Google Maps,3.9,Actif,2026-06-29T00:14:35.738409,moyenne
BJ-6B57008E,Électronique,Industrie & Manufacture,Nikki,+229 97 89 13 10,,électronique.bj,TPE (<10),B2B,Google Maps,4.6,Actif,2026-06-29T00:14:35.738423,moyenne
BJ-1587A1DC,Industrie Chimie,Industrie & Manufacture,Nikki,+229 52 69 34 59,,industriechimie.bj,TPE (<10),B2B,Google Maps,3.1,Actif,2026-06-29T00:14:35.738435,moyenne
BJ-B42AE78B,Métal SA Nikki,Industrie & Manufacture,Nikki,+229 81 11 20 62,,,PME (10-50),B2B,Google Maps,3.1,Actif,2026-06-29T00:14:35.738451,basse
BJ-67964F55,Textile Groupe,Industrie & Manufacture,Nikki,+229 59 79 14 26,textile.groupe@textile.groupe.org,,PME (10-50),B2B,Google Maps,3.0,Actif,2026-06-29T00:14:35.738465,moyenne
BJ-9BB0674D,Textile Groupe,Industrie & Manufacture,Bembéréké,+229 65 77 68 44,textile.groupe@textile.groupe.benin,,TPE (<10),B2B,Google Maps,4.9,Actif,2026-06-29T00:14:35.738484,moyenne
BJ-4EE0B5EB,Fabrique Pharmaceutique SARL,Industrie & Manufacture,Bembéréké,+229 73 58 86 64,fabrique.pharmaceutique.sarl@fabrique.pharmaceutique.sarl.bj,,PME (50-200),B2B,Google Maps,4.4,Actif,2026-06-29T00:14:35.738501,moyenne
BJ-27F65793,Textile,Industrie & Manufacture,Bembéréké,+229 61 31 37 94,textile@textile.net,,PME (10-50),B2B,Google Maps,4.5,Actif,2026-06-29T00:14:35.738531,moyenne
BJ-39118B05,Transformation Bénin,Industrie & Manufacture,Bembéréké,+229 28 59 89 11,transformation.bénin@transformation.bénin.bj,transformationbénin.bj,PME (50-200),B2B,Google Maps,4.1,Actif,2026-06-29T00:14:35.738547,haute
BJ-F0F6A557,Électronique Factory Bembéréké,Industrie & Manufacture,Bembéréké,+229 46 72 35 70,électronique.factory.bembéréké@électronique.factory.bembéréké.net,,PME (50-200),B2B,Google Maps,3.6,Actif,2026-06-29T00:14:35.738561,moyenne
BJ-78E136A5,Plastique,Industrie & Manufacture,Kalalé,+229 49 41 22 18,,,PME (50-200),B2B,Google Maps,3.9,Actif,2026-06-29T00:14:35.738584,basse
BJ-09D60D93,Fabrique Métal SARL,Industrie & Manufacture,Kalalé,+229 44 93 92 73,,,PME (10-50),B2B,Google Maps,5.0,Actif,2026-06-29T00:14:35.738598,basse
BJ-30CB26F4,Mécanique Industry,Industrie & Manufacture,Kalalé,+229 37 84 91 41,mécanique.industry@mécanique.industry.benin,mécaniqueindustry.bj,PME (10-50),B2B,Google Maps,4.5,Actif,2026-06-29T00:14:35.738612,haute
BJ-3BF28713,Plastique Bénin,Industrie & Manufacture,Kalalé,+229 96 49 17 59,plastique.bénin@plastique.bénin.net,,PME (50-200),B2B,Google Maps,4.8,Actif,2026-06-29T00:14:35.738629,moyenne
BJ-0B4BFA1B,Textile Groupe,Industrie & Manufacture,Kalalé,+229 32 43 59 16,,textilegroupe.bj,PME (10-50),B2B,Google Maps,3.3,Actif,2026-06-29T00:14:35.738643,moyenne
BJ-7A79461E,Manufacture Électronique SA,Industrie & Manufacture,Ndali,+229 24 15 89 73,manufacture.électronique.sa@manufacture.électronique.sa.benin,,TPE (<10),B2B,Google Maps,4.2,Actif,2026-06-29T00:14:35.738663,moyenne
BJ-7E92040E,Usine Fabrication Industry,Industrie & Manufacture,Ndali,+229 52 68 98 62,usine.fabrication.industry@usine.fabrication.industry.bj,usinefabricationindustry.bj,TPE (<10),B2B,Google Maps,3.1,Actif,2026-06-29T00:14:35.738678,haute
BJ-4926E6EE,Transformation Africa,Industrie & Manufacture,Ndali,+229 62 79 53 48,,transformationafrica.bj,PME (10-50),B2B,Google Maps,3.5,Actif,2026-06-29T00:14:35.738690,moyenne
BJ-6D3C63DD,Fabrique Alimentaire,Industrie & Manufacture,Ndali,+229 80 40 35 80,fabrique.alimentaire@fabrique.alimentaire.com,,TPE (<10),B2B,Google Maps,4.3,Actif,2026-06-29T00:14:35.738703,moyenne
BJ-399A21F5,Atelier Pharmaceutique,Industrie & Manufacture,Ndali,+229 53 31 37 82,,,PME (50-200),B2B,Google Maps,3.0,Actif,2026-06-29T00:14:35.738715,basse
BJ-38C20764,Fabrique Chimie Manufacture,Industrie & Manufacture,Ségbana,+229 67 38 57 67,fabrique.chimie.manufacture@fabrique.chimie.manufacture.org,fabriquechimiemanufacture.bj,PME (50-200),B2B,Google Maps,4.7,Actif,2026-06-29T00:14:35.738734,haute
BJ-8663756C,Fabrique Automobile Manufacture,Industrie & Manufacture,Ségbana,+229 37 83 78 40,fabrique.automobile.manufacture@fabrique.automobile.manufacture.org,fabriqueautomobilemanufacture.bj,PME (10-50),B2B,Google Maps,4.9,Actif,2026-06-29T00:14:35.738753,haute
BJ-4109C471,Électronique,Industrie & Manufacture,Ségbana,+229 90 23 53 30,,électronique.bj,PME (10-50),B2B,Google Maps,3.5,Actif,2026-06-29T00:14:35.738789,moyenne
BJ-F054AB81,Chimie,Industrie & Manufacture,Ségbana,+229 94 98 62 72,chimie@chimie.benin,,Grande (>200),B2B,Google Maps,4.8,Actif,2026-06-29T00:14:35.738803,moyenne
BJ-933784F0,Électronique Tchaourou,Industrie & Manufacture,Tchaourou,+229 41 28 61 65,électronique.tchaourou@électronique.tchaourou.org,électroniquetchaourou.bj,PME (10-50),B2B,Google Maps,3.0,Actif,2026-06-29T00:14:35.738824,haute
BJ-D5F44D89,Automobile,Industrie & Manufacture,Tchaourou,+229 52 14 39 20,automobile@automobile.bj,,TPE (<10),B2B,Google Maps,4.9,Actif,2026-06-29T00:14:35.738837,moyenne
BJ-77B59E59,Transformation,Industrie & Manufacture,Tchaourou,+229 54 51 57 46,transformation@transformation.bj,transformation.bj,PME (50-200),B2B,Google Maps,4.6,Actif,2026-06-29T00:14:35.738851,haute
BJ-C08A0C58,Industrie Automobile Africa,Industrie & Manufacture,Tchaourou,+229 73 69 93 83,,industrieautomobileafrica.bj,Grande (>200),B2B,Google Maps,3.4,Actif,2026-06-29T00:14:35.738864,moyenne
BJ-40473CE6,Pharmaceutique Groupe,Industrie & Manufacture,Tchaourou,+229 75 60 46 71,,,TPE (<10),B2B,Google Maps,3.1,Actif,2026-06-29T00:14:35.738876,basse
BJ-6AB1F785,Plastique Groupe,Industrie & Manufacture,Bétérou,+229 27 15 81 76,plastique.groupe@plastique.groupe.net,,PME (50-200),B2B,Google Maps,4.8,Actif,2026-06-29T00:14:35.738916,moyenne
BJ-280CE1CE,Mécanique Bétérou,Industrie & Manufacture,Bétérou,+229 28 81 99 89,,,Grande (>200),B2B,Google Maps,4.1,Actif,2026-06-29T00:14:35.738930,basse
BJ-43372C8B,Industrie Plastique,Industrie & Manufacture,Bétérou,+229 86 20 79 44,,industrieplastique.bj,TPE (<10),B2B,Google Maps,4.9,Actif,2026-06-29T00:14:35.738943,moyenne
BJ-EC461065,Pharmaceutique Factory,Industrie & Manufacture,Bétérou,+229 70 49 70 19,pharmaceutique.factory@pharmaceutique.factory.benin,pharmaceutiquefactory.bj,TPE (<10),B2B,Google Maps,4.9,Actif,2026-06-29T00:14:35.738961,haute
BJ-E239D41F,Fabrique Pharmaceutique,Industrie & Manufacture,Bétérou,+229 82 58 92 60,,,TPE (<10),B2B,Google Maps,4.3,Actif,2026-06-29T00:14:35.738974,basse
BJ-2A2C7D92,Fabrique Pharmaceutique Manufacture,Industrie & Manufacture,Ouessè,+229 86 26 99 92,,fabriquepharmaceutiquemanufacture.bj,PME (10-50),B2B,Google Maps,3.4,Actif,2026-06-29T00:14:35.738997,moyenne
BJ-CCD40239,Usine Alimentaire,Industrie & Manufacture,Ouessè,+229 80 62 46 57,usine.alimentaire@usine.alimentaire.bj,usinealimentaire.bj,TPE (<10),B2B,Google Maps,4.8,Actif,2026-06-29T00:14:35.739012,haute
BJ-7A492372,Métal Factory Ouessè,Industrie & Manufacture,Ouessè,+229 67 26 35 56,,,PME (10-50),B2B,Google Maps,4.3,Actif,2026-06-29T00:14:35.739024,basse
BJ-E3294445,Industrie Automobile,Industrie & Manufacture,Ouessè,+229 43 16 41 56,industrie.automobile@industrie.automobile.net,,PME (10-50),B2B,Google Maps,4.3,Actif,2026-06-29T00:14:35.739037,moyenne
BJ-49AAF9C3,Production Pharmaceutique,Industrie & Manufacture,Ouessè,+229 67 62 41 55,production.pharmaceutique@production.pharmaceutique.com,,PME (10-50),B2B,Google Maps,5.0,Actif,2026-06-29T00:14:35.739050,moyenne
BJ-F7562646,Fabrique Pharmaceutique Glazoué,Industrie & Manufacture,Glazoué,+229 51 87 48 31,fabrique.pharmaceutique.glazoué@fabrique.pharmaceutique.glazoué.benin,,PME (10-50),B2B,Google Maps,3.8,Actif,2026-06-29T00:14:35.739074,moyenne
BJ-154DF50D,Métal,Industrie & Manufacture,Glazoué,+229 20 62 19 19,métal@métal.net,,TPE (<10),B2B,Google Maps,4.3,Actif,2026-06-29T00:14:35.739089,moyenne
BJ-BAC48FB4,Fabrication,Industrie & Manufacture,Glazoué,+229 35 71 28 32,,fabrication.bj,PME (50-200),B2B,Google Maps,4.5,Actif,2026-06-29T00:14:35.739102,moyenne
BJ-FAB5ADB9,Usine Production SARL,Industrie & Manufacture,Glazoué,+229 49 40 49 78,usine.production.sarl@usine.production.sarl.benin,,Grande (>200),B2B,Google Maps,3.1,Actif,2026-06-29T00:14:35.739118,moyenne
BJ-0CCF4827,Fabrique Automobile SA Glazoué,Industrie & Manufacture,Glazoué,+229 46 67 92 68,fabrique.automobile.sa.glazoué@fabrique.automobile.sa.glazoué.net,fabriqueautomobilesaglazoué.bj,TPE (<10),B2B,Google Maps,4.7,Actif,2026-06-29T00:14:35.739135,haute
BJ-1A1375F7,Mécanique SA,Industrie & Manufacture,Dassa-Zoumè,+229 61 71 89 29,mécanique.sa@mécanique.sa.bj,,PME (10-50),B2B,Google Maps,3.9,Actif,2026-06-29T00:14:35.739155,moyenne
BJ-A227BD84,Bois Africa,Industrie & Manufacture,Dassa-Zoumè,+229 39 13 27 62,,,Grande (>200),B2B,Google Maps,3.9,Actif,2026-06-29T00:14:35.739168,basse
BJ-FFFBB522,Atelier Chimie,Industrie & Manufacture,Dassa-Zoumè,+229 92 65 69 61,,,PME (10-50),B2B,Google Maps,4.0,Actif,2026-06-29T00:14:35.739180,basse
BJ-BCD19475,Manufacture Métal Dassa-Zoumè,Industrie & Manufacture,Dassa-Zoumè,+229 65 41 46 78,,,TPE (<10),B2B,Google Maps,4.7,Actif,2026-06-29T00:14:35.739196,basse
BJ-A6C812C4,Fabrique Chimie Industry,Industrie & Manufacture,Dassa-Zoumè,+229 27 32 12 99,fabrique.chimie.industry@fabrique.chimie.industry.bj,,TPE (<10),B2B,Google Maps,3.5,Actif,2026-06-29T00:14:35.739210,moyenne
BJ-B5B0CC3E,Usine Automobile Groupe,Industrie & Manufacture,Savalou,+229 55 52 86 38,,,TPE (<10),B2B,Google Maps,3.2,Actif,2026-06-29T00:14:35.739232,basse
BJ-6228404A,Manufacture Transformation Bénin Savalou,Industrie & Manufacture,Savalou,+229 74 69 21 77,manufacture.transformation.bénin.savalou@manufacture.transformation.bénin.savalou.com,manufacturetransformationbéninsavalou.bj,TPE (<10),B2B,Google Maps,4.6,Actif,2026-06-29T00:14:35.739250,haute
BJ-F115D6B3,Usine Textile Factory,Industrie & Manufacture,Savalou,+229 44 15 47 29,usine.textile.factory@usine.textile.factory.org,usinetextilefactory.bj,PME (50-200),B2B,Google Maps,3.3,Actif,2026-06-29T00:14:35.739264,haute
BJ-F2C8198A,Fabrication,Industrie & Manufacture,Savalou,+229 95 79 87 56,,fabrication.bj,PME (10-50),B2B,Google Maps,4.4,Actif,2026-06-29T00:14:35.739281,moyenne
BJ-11BEB1C1,Usine Plastique Manufacture,Industrie & Manufacture,Savalou,+229 30 84 44 44,usine.plastique.manufacture@usine.plastique.manufacture.benin,usineplastiquemanufacture.bj,PME (50-200),B2B,Google Maps,4.8,Actif,2026-06-29T00:14:35.739296,haute
BJ-0326E6BF,Fabrique Transformation,Industrie & Manufacture,Bantè,+229 67 53 93 98,,,TPE (<10),B2B,Google Maps,4.3,Actif,2026-06-29T00:14:35.739316,basse
BJ-CD5DFE4F,Manufacture Chimie SARL,Industrie & Manufacture,Bantè,+229 49 45 76 82,,manufacturechimiesarl.bj,TPE (<10),B2B,Google Maps,4.8,Actif,2026-06-29T00:14:35.739334,moyenne
BJ-54E8E3D0,Usine Transformation Factory,Industrie & Manufacture,Bantè,+229 30 69 85 78,usine.transformation.factory@usine.transformation.factory.net,,TPE (<10),B2B,Google Maps,4.1,Actif,2026-06-29T00:14:35.739349,moyenne
BJ-100C6F56,Automobile Africa,Industrie & Manufacture,Bantè,+229 66 12 18 36,,automobileafrica.bj,PME (50-200),B2B,Google Maps,4.4,Actif,2026-06-29T00:14:35.739362,moyenne
BJ-677968F2,Plastique Groupe,Industrie & Manufacture,Bantè,+229 83 15 98 98,plastique.groupe@plastique.groupe.bj,,Grande (>200),B2B,Google Maps,3.6,Actif,2026-06-29T00:14:35.739375,moyenne
BJ-03EC0A33,Alimentaire,Industrie & Manufacture,Djougou,+229 57 65 97 88,,,TPE (<10),B2B,Google Maps,4.6,Actif,2026-06-29T00:14:35.739395,basse
BJ-D8F998EB,Atelier Automobile Factory,Industrie & Manufacture,Djougou,+229 82 61 26 16,,atelierautomobilefactory.bj,PME (10-50),B2B,Google Maps,4.6,Actif,2026-06-29T00:14:35.739409,moyenne
BJ-C1F35D8D,Fabrique Plastique SARL,Industrie & Manufacture,Djougou,+229 78 74 74 79,fabrique.plastique.sarl@fabrique.plastique.sarl.bj,fabriqueplastiquesarl.bj,TPE (<10),B2B,Google Maps,3.4,Actif,2026-06-29T00:14:35.739425,haute
BJ-53AEC7DE,Manufacture Mécanique Bénin,Industrie & Manufacture,Djougou,+229 70 17 64 88,,,PME (50-200),B2B,Google Maps,4.4,Actif,2026-06-29T00:14:35.739441,basse
BJ-6D6B5DA6,Plastique Africa Djougou,Industrie & Manufacture,Djougou,+229 99 57 83 68,plastique.africa.djougou@plastique.africa.djougou.com,,PME (10-50),B2B,Google Maps,3.3,Actif,2026-06-29T00:14:35.739455,moyenne
BJ-8493FC00,Industrie Automobile Manufacture,Industrie & Manufacture,Ouèssè,+229 41 64 96 80,,industrieautomobilemanufacture.bj,TPE (<10),B2B,Google Maps,3.6,Actif,2026-06-29T00:14:35.739475,moyenne
BJ-88A2CF29,Textile Ouèssè,Industrie & Manufacture,Ouèssè,+229 72 74 10 17,textile.ouèssè@textile.ouèssè.org,textileouèssè.bj,PME (50-200),B2B,Google Maps,3.3,Actif,2026-06-29T00:14:35.739491,haute
BJ-F0E477C7,Manufacture Électronique Bénin Ouèssè,Industrie & Manufacture,Ouèssè,+229 81 56 65 52,,,TPE (<10),B2B,Google Maps,4.1,Actif,2026-06-29T00:14:35.739504,basse
BJ-5C668213,Mécanique Groupe Ouèssè,Industrie & Manufacture,Ouèssè,+229 82 24 17 83,,mécaniquegroupeouèssè.bj,TPE (<10),B2B,Google Maps,3.1,Actif,2026-06-29T00:14:35.739519,moyenne
BJ-A3F33D22,Production Production SARL,Industrie & Manufacture,Ouèssè,+229 97 35 84 56,,productionproductionsarl.bj,PME (10-50),B2B,Google Maps,3.5,Actif,2026-06-29T00:14:35.739533,moyenne
BJ-3264B1B8,Atelier Production Bassila,Industrie & Manufacture,Bassila,+229 35 28 69 75,,atelierproductionbassila.bj,Grande (>200),B2B,Google Maps,4.7,Actif,2026-06-29T00:14:35.739552,moyenne
BJ-A323DFEB,Industrie Alimentaire Bassila,Industrie & Manufacture,Bassila,+229 32 19 72 23,,industriealimentairebassila.bj,TPE (<10),B2B,Google Maps,3.7,Actif,2026-06-29T00:14:35.739566,moyenne
BJ-79C6CF93,Industrie Plastique,Industrie & Manufacture,Bassila,+229 74 70 78 11,,industrieplastique.bj,PME (50-200),B2B,Google Maps,4.3,Actif,2026-06-29T00:14:35.739579,moyenne
BJ-504D5AE6,Fabrique Production SARL,Industrie & Manufacture,Bassila,+229 65 25 65 34,fabrique.production.sarl@fabrique.production.sarl.org,fabriqueproductionsarl.bj,TPE (<10),B2B,Google Maps,4.3,Actif,2026-06-29T00:14:35.739597,haute
BJ-3BBEB535,Usine Électronique,Industrie & Manufacture,Bassila,+229 32 11 14 12,,usineélectronique.bj,PME (10-50),B2B,Google Maps,4.2,Actif,2026-06-29T00:14:35.739614,moyenne
BJ-012C4327,Production Production Manufacture,Industrie & Manufacture,Pehunco,+229 42 50 12 78,,productionproductionmanufacture.bj,PME (50-200),B2B,Google Maps,5.0,Actif,2026-06-29T00:14:35.739644,moyenne
BJ-DB22B838,Manufacture Automobile,Industrie & Manufacture,Pehunco,+229 64 91 63 18,manufacture.automobile@manufacture.automobile.com,,PME (50-200),B2B,Google Maps,3.4,Actif,2026-06-29T00:14:35.739658,moyenne
BJ-1EA537E6,Industrie Mécanique Manufacture Pehunco,Industrie & Manufacture,Pehunco,+229 90 18 44 89,industrie.mécanique.manufacture.pehunco@industrie.mécanique.manufacture.pehunco.com,industriemécaniquemanufacturepehunco.bj,PME (10-50),B2B,Google Maps,3.6,Actif,2026-06-29T00:14:35.739674,haute
BJ-805B5392,Plastique,Industrie & Manufacture,Pehunco,+229 81 67 78 67,,plastique.bj,TPE (<10),B2B,Google Maps,4.4,Actif,2026-06-29T00:14:35.739686,moyenne
BJ-95141CAC,Transformation,Industrie & Manufacture,Pehunco,+229 30 10 39 48,,transformation.bj,PME (10-50),B2B,Google Maps,3.2,Actif,2026-06-29T00:14:35.739699,moyenne
BJ-A0067E3C,Production Groupe,Industrie & Manufacture,Copargo,+229 99 72 65 96,production.groupe@production.groupe.bj,,PME (50-200),B2B,Google Maps,3.9,Actif,2026-06-29T00:14:35.739738,moyenne
BJ-BDDF11DC,Industrie Bois,Industrie & Manufacture,Copargo,+229 41 21 80 47,,,Grande (>200),B2B,Google Maps,3.9,Actif,2026-06-29T00:14:35.739751,basse
BJ-8A4A82B1,Production Textile,Industrie & Manufacture,Copargo,+229 70 51 78 11,production.textile@production.textile.org,,Grande (>200),B2B,Google Maps,3.3,Actif,2026-06-29T00:14:35.739764,moyenne
BJ-59C87F82,Bois,Industrie & Manufacture,Copargo,+229 25 84 64 32,bois@bois.com,,TPE (<10),B2B,Google Maps,3.1,Actif,2026-06-29T00:14:35.739782,moyenne
BJ-7B24BA30,Fabrique Mécanique Groupe,Industrie & Manufacture,Copargo,+229 72 61 88 87,,,PME (10-50),B2B,Google Maps,3.7,Actif,2026-06-29T00:14:35.739795,basse
BJ-0138C161,Audit,Services aux entreprises,Cotonou,+229 44 46 53 61,audit@audit.net,audit.bj,PME (10-50),B2B,Google Maps,4.6,Actif,2026-06-29T00:14:35.739817,haute
BJ-CE953444,Fiscal Africa Cotonou,Services aux entreprises,Cotonou,+229 66 66 17 15,fiscal.africa.cotonou@fiscal.africa.cotonou.com,fiscalafricacotonou.bj,PME (10-50),B2B,Google Maps,3.2,Actif,2026-06-29T00:14:35.739831,haute
BJ-223FE145,Marketing Bénin,Services aux entreprises,Cotonou,+229 66 75 16 59,marketing.bénin@marketing.bénin.benin,marketingbénin.bj,TPE (<10),B2B,Google Maps,3.1,Actif,2026-06-29T00:14:35.739847,haute
BJ-17D2DFF3,Consulting Conseil,Services aux entreprises,Cotonou,+229 50 33 23 68,consulting.conseil@consulting.conseil.com,,Grande (>200),B2B,Google Maps,4.7,Actif,2026-06-29T00:14:35.739861,moyenne
BJ-62DA6FA1,Conseil Consulting Consulting,Services aux entreprises,Cotonou,+229 69 21 67 89,conseil.consulting.consulting@conseil.consulting.consulting.com,conseilconsultingconsulting.bj,PME (10-50),B2B,Google Maps,3.7,Actif,2026-06-29T00:14:35.739875,haute
BJ-737F6769,Bureau Formation,Services aux entreprises,Abomey-Calavi,+229 74 53 89 46,bureau.formation@bureau.formation.benin,,PME (10-50),B2B,Google Maps,4.5,Actif,2026-06-29T00:14:35.739909,moyenne
BJ-5E0190DA,Bureau Business,Services aux entreprises,Abomey-Calavi,+229 59 76 59 91,bureau.business@bureau.business.org,bureaubusiness.bj,PME (10-50),B2B,Google Maps,4.1,Actif,2026-06-29T00:14:35.739930,haute
BJ-5EFE033D,RH Bureau,Services aux entreprises,Abomey-Calavi,+229 86 27 93 61,,rhbureau.bj,PME (10-50),B2B,Google Maps,4.6,Actif,2026-06-29T00:14:35.739943,moyenne
BJ-9381FB97,Audit Fiscal Consulting,Services aux entreprises,Abomey-Calavi,+229 48 30 84 31,audit.fiscal.consulting@audit.fiscal.consulting.bj,,Grande (>200),B2B,Google Maps,4.8,Actif,2026-06-29T00:14:35.739959,moyenne
BJ-6246DD85,Consulting Advisory Abomey-Calavi,Services aux entreprises,Abomey-Calavi,+229 75 44 10 94,consulting.advisory.abomeycalavi@consulting.advisory.abomeycalavi.bj,consultingadvisoryabomeycalavi.bj,PME (10-50),B2B,Google Maps,4.3,Actif,2026-06-29T00:14:35.739974,haute
BJ-F1F0439F,Bureau Stratégie Bénin,Services aux entreprises,Porto-Novo,+229 63 21 17 29,bureau.stratégie.bénin@bureau.stratégie.bénin.benin,bureaustratégiebénin.bj,PME (50-200),B2B,Google Maps,3.1,Actif,2026-06-29T00:14:35.739996,haute
BJ-B16AA1D2,Formation,Services aux entreprises,Porto-Novo,+229 25 37 85 37,formation@formation.net,,TPE (<10),B2B,Google Maps,4.6,Actif,2026-06-29T00:14:35.740010,moyenne
BJ-19897AE8,Expert Fiscal Consulting,Services aux entreprises,Porto-Novo,+229 27 32 43 39,expert.fiscal.consulting@expert.fiscal.consulting.com,expertfiscalconsulting.bj,PME (10-50),B2B,Google Maps,4.4,Actif,2026-06-29T00:14:35.740024,haute
BJ-E212288F,Business Advisory,Services aux entreprises,Porto-Novo,+229 90 22 27 16,business.advisory@business.advisory.org,,Grande (>200),B2B,Google Maps,5.0,Actif,2026-06-29T00:14:35.740036,moyenne
BJ-AC81FE5F,Juridique Bureau,Services aux entreprises,Porto-Novo,+229 99 23 56 50,,juridiquebureau.bj,TPE (<10),B2B,Google Maps,3.2,Actif,2026-06-29T00:14:35.740049,moyenne
BJ-FE3DF288,Formation Partners Parakou,Services aux entreprises,Parakou,+229 40 81 19 84,,formationpartnersparakou.bj,TPE (<10),B2B,Google Maps,4.2,Actif,2026-06-29T00:14:35.740072,moyenne
BJ-AC0A7DB1,Comptable Consulting,Services aux entreprises,Parakou,+229 91 75 38 68,,comptableconsulting.bj,TPE (<10),B2B,Google Maps,3.3,Actif,2026-06-29T00:14:35.740086,moyenne
BJ-B28DB61C,Expert Partners,Services aux entreprises,Parakou,+229 34 39 39 71,expert.partners@expert.partners.bj,expertpartners.bj,PME (50-200),B2B,Google Maps,3.0,Actif,2026-06-29T00:14:35.740100,haute
BJ-DE865E83,Agence Marketing,Services aux entreprises,Parakou,+229 22 32 84 80,agence.marketing@agence.marketing.org,agencemarketing.bj,TPE (<10),B2B,Google Maps,3.8,Actif,2026-06-29T00:14:35.740116,haute
BJ-7EFC1B40,Business,Services aux entreprises,Parakou,+229 28 42 85 27,business@business.org,business.bj,TPE (<10),B2B,Google Maps,3.3,Actif,2026-06-29T00:14:35.740131,haute
BJ-455566F7,Consulting Conseil Advisory,Services aux entreprises,Bohicon,+229 71 83 59 16,consulting.conseil.advisory@consulting.conseil.advisory.benin,consultingconseiladvisory.bj,PME (50-200),B2B,Google Maps,3.8,Actif,2026-06-29T00:14:35.740152,haute
BJ-7BEC5E91,Audit Advisory Bohicon,Services aux entreprises,Bohicon,+229 55 13 25 87,audit.advisory.bohicon@audit.advisory.bohicon.bj,,PME (50-200),B2B,Google Maps,4.6,Actif,2026-06-29T00:14:35.740169,moyenne
BJ-6500BCE2,Expert Audit Bohicon,Services aux entreprises,Bohicon,+229 71 69 30 66,expert.audit.bohicon@expert.audit.bohicon.com,expertauditbohicon.bj,PME (10-50),B2B,Google Maps,3.4,Actif,2026-06-29T00:14:35.740184,haute
BJ-D7DF01E8,Expert Fiscal Cabinet,Services aux entreprises,Bohicon,+229 54 90 19 67,expert.fiscal.cabinet@expert.fiscal.cabinet.bj,,PME (10-50),B2B,Google Maps,3.3,Actif,2026-06-29T00:14:35.740197,moyenne
BJ-C2B75F63,Conseil Formation Advisory,Services aux entreprises,Bohicon,+229 50 63 95 71,,conseilformationadvisory.bj,PME (10-50),B2B,Google Maps,3.8,Actif,2026-06-29T00:14:35.740210,moyenne
BJ-C3524DAE,Fiscal Consulting,Services aux entreprises,Natitingou,+229 77 95 83 47,fiscal.consulting@fiscal.consulting.org,fiscalconsulting.bj,PME (10-50),B2B,Google Maps,4.6,Actif,2026-06-29T00:14:35.740229,haute
BJ-900F0EFD,Agence Marketing Natitingou,Services aux entreprises,Natitingou,+229 53 97 89 68,agence.marketing.natitingou@agence.marketing.natitingou.com,agencemarketingnatitingou.bj,Grande (>200),B2B,Google Maps,3.2,Actif,2026-06-29T00:14:35.740244,haute
BJ-C53BB60D,Agence Marketing,Services aux entreprises,Natitingou,+229 74 50 87 50,agence.marketing@agence.marketing.bj,,Grande (>200),B2B,Google Maps,4.2,Actif,2026-06-29T00:14:35.740257,moyenne
BJ-B9DCC6D6,Formation International,Services aux entreprises,Natitingou,+229 37 56 57 20,,formationinternational.bj,TPE (<10),B2B,Google Maps,4.2,Actif,2026-06-29T00:14:35.740279,moyenne
BJ-C1EB1AC4,Audit Communication Consulting,Services aux entreprises,Natitingou,+229 85 59 46 77,audit.communication.consulting@audit.communication.consulting.bj,auditcommunicationconsulting.bj,PME (10-50),B2B,Google Maps,3.6,Actif,2026-06-29T00:14:35.740299,haute
BJ-F412A70C,RH Bureau,Services aux entreprises,Lokossa,+229 55 72 11 23,rh.bureau@rh.bureau.com,rhbureau.bj,Grande (>200),B2B,Google Maps,3.3,Actif,2026-06-29T00:14:35.740319,haute
BJ-E3694765,Expert Formation Lokossa,Services aux entreprises,Lokossa,+229 72 16 94 70,expert.formation.lokossa@expert.formation.lokossa.net,,TPE (<10),B2B,Google Maps,3.6,Actif,2026-06-29T00:14:35.740333,moyenne
BJ-5DB81304,Juridique Advisory,Services aux entreprises,Lokossa,+229 69 17 71 53,juridique.advisory@juridique.advisory.com,juridiqueadvisory.bj,Grande (>200),B2B,Google Maps,3.6,Actif,2026-06-29T00:14:35.740346,haute
BJ-BBE44662,Expert Consulting,Services aux entreprises,Lokossa,+229 49 40 34 66,expert.consulting@expert.consulting.net,expertconsulting.bj,TPE (<10),B2B,Google Maps,3.7,Actif,2026-06-29T00:14:35.740359,haute
BJ-E59FAC9F,Juridique,Services aux entreprises,Lokossa,+229 21 76 27 13,juridique@juridique.benin,,TPE (<10),B2B,Google Maps,3.5,Actif,2026-06-29T00:14:35.740375,moyenne
BJ-B2BA4887,Communication Cabinet,Services aux entreprises,Ouidah,+229 77 12 96 58,communication.cabinet@communication.cabinet.benin,communicationcabinet.bj,TPE (<10),B2B,Google Maps,3.5,Actif,2026-06-29T00:14:35.740395,haute
BJ-75BFC025,Stratégie International,Services aux entreprises,Ouidah,+229 23 60 64 53,stratégie.international@stratégie.international.com,,TPE (<10),B2B,Google Maps,3.1,Actif,2026-06-29T00:14:35.740410,moyenne
BJ-16F64A90,Marketing International,Services aux entreprises,Ouidah,+229 57 12 82 89,marketing.international@marketing.international.org,,TPE (<10),B2B,Google Maps,4.1,Actif,2026-06-29T00:14:35.740423,moyenne
BJ-4171D3ED,RH,Services aux entreprises,Ouidah,+229 25 79 19 85,,,PME (10-50),B2B,Google Maps,4.3,Actif,2026-06-29T00:14:35.740438,basse
BJ-E5BB2AC7,Consulting Conseil Bénin,Services aux entreprises,Ouidah,+229 93 18 18 96,,consultingconseilbénin.bj,PME (10-50),B2B,Google Maps,3.4,Actif,2026-06-29T00:14:35.740453,moyenne
BJ-AAA5EA85,Business Partners,Services aux entreprises,Savalou,+229 53 94 80 95,,businesspartners.bj,TPE (<10),B2B,Google Maps,3.0,Actif,2026-06-29T00:14:35.740473,moyenne
BJ-B376DD65,Expert Formation Consulting,Services aux entreprises,Savalou,+229 45 93 58 65,expert.formation.consulting@expert.formation.consulting.benin,expertformationconsulting.bj,PME (10-50),B2B,Google Maps,4.0,Actif,2026-06-29T00:14:35.740496,haute
BJ-26CCE4E1,Cabinet RH Bénin,Services aux entreprises,Savalou,+229 40 91 84 58,,,TPE (<10),B2B,Google Maps,4.6,Actif,2026-06-29T00:14:35.740508,basse
BJ-299957D2,Bureau Juridique,Services aux entreprises,Savalou,+229 38 21 41 46,,bureaujuridique.bj,TPE (<10),B2B,Google Maps,3.7,Actif,2026-06-29T00:14:35.740521,moyenne
BJ-88508048,Cabinet Formation,Services aux entreprises,Savalou,+229 50 33 19 91,cabinet.formation@cabinet.formation.benin,cabinetformation.bj,PME (50-200),B2B,Google Maps,4.4,Actif,2026-06-29T00:14:35.740535,haute
BJ-3721AA62,Bureau Comptable,Services aux entreprises,Dassa-Zoumè,+229 49 42 75 86,bureau.comptable@bureau.comptable.org,bureaucomptable.bj,TPE (<10),B2B,Google Maps,3.2,Actif,2026-06-29T00:14:35.740560,haute
BJ-F434D31F,Agence Business Advisory,Services aux entreprises,Dassa-Zoumè,+229 86 45 68 25,agence.business.advisory@agence.business.advisory.benin,,Grande (>200),B2B,Google Maps,4.5,Actif,2026-06-29T00:14:35.740574,moyenne
BJ-2D3DE814,Audit Audit,Services aux entreprises,Dassa-Zoumè,+229 30 82 94 18,,auditaudit.bj,TPE (<10),B2B,Google Maps,4.5,Actif,2026-06-29T00:14:35.740588,moyenne
BJ-EAFA2D5B,Expert Consulting Cabinet,Services aux entreprises,Dassa-Zoumè,+229 41 96 23 79,expert.consulting.cabinet@expert.consulting.cabinet.com,expertconsultingcabinet.bj,PME (50-200),B2B,Google Maps,3.4,Actif,2026-06-29T00:14:35.740605,haute
BJ-79C0C096,Conseil Business,Services aux entreprises,Dassa-Zoumè,+229 23 44 44 62,conseil.business@conseil.business.com,conseilbusiness.bj,PME (10-50),B2B,Google Maps,4.1,Actif,2026-06-29T00:14:35.740620,haute
BJ-0AE9821A,Conseil Stratégie Bénin,Services aux entreprises,Kétou,+229 53 28 32 24,conseil.stratégie.bénin@conseil.stratégie.bénin.bj,conseilstratégiebénin.bj,PME (10-50),B2B,Google Maps,4.2,Actif,2026-06-29T00:14:35.740641,haute
BJ-A209D0B0,Stratégie,Services aux entreprises,Kétou,+229 60 93 46 24,stratégie@stratégie.bj,stratégie.bj,PME (10-50),B2B,Google Maps,3.9,Actif,2026-06-29T00:14:35.740659,haute
BJ-B44780D0,Bureau Management Advisory,Services aux entreprises,Kétou,+229 91 51 99 97,bureau.management.advisory@bureau.management.advisory.bj,bureaumanagementadvisory.bj,TPE (<10),B2B,Google Maps,4.4,Actif,2026-06-29T00:14:35.740675,haute
BJ-E4095CCB,Cabinet RH,Services aux entreprises,Kétou,+229 24 58 20 23,cabinet.rh@cabinet.rh.bj,cabinetrh.bj,PME (10-50),B2B,Google Maps,3.4,Actif,2026-06-29T00:14:35.740688,haute
BJ-7780C55B,Expert Cabinet,Services aux entreprises,Kétou,+229 71 10 95 35,expert.cabinet@expert.cabinet.com,,PME (50-200),B2B,Google Maps,3.5,Actif,2026-06-29T00:14:35.740702,moyenne
BJ-CE056F22,Fiscal,Services aux entreprises,Covè,+229 91 34 63 39,fiscal@fiscal.net,fiscal.bj,TPE (<10),B2B,Google Maps,3.6,Actif,2026-06-29T00:14:35.740722,haute
BJ-26C5840F,Agence Audit,Services aux entreprises,Covè,+229 32 73 26 22,agence.audit@agence.audit.org,agenceaudit.bj,TPE (<10),B2B,Google Maps,4.3,Actif,2026-06-29T00:14:35.740736,haute
BJ-2595D908,Communication Consulting,Services aux entreprises,Covè,+229 80 18 10 83,communication.consulting@communication.consulting.org,,PME (50-200),B2B,Google Maps,4.0,Actif,2026-06-29T00:14:35.740750,moyenne
BJ-5679E175,Bureau Stratégie,Services aux entreprises,Covè,+229 31 27 57 34,,bureaustratégie.bj,PME (50-200),B2B,Google Maps,4.5,Actif,2026-06-29T00:14:35.740766,moyenne
BJ-2C09520C,Expert Juridique Advisory,Services aux entreprises,Covè,+229 75 61 55 57,expert.juridique.advisory@expert.juridique.advisory.bj,expertjuridiqueadvisory.bj,Grande (>200),B2B,Google Maps,3.3,Actif,2026-06-29T00:14:35.740781,haute
BJ-C18ED64C,Consulting RH,Services aux entreprises,Pobè,+229 38 35 92 43,consulting.rh@consulting.rh.com,consultingrh.bj,PME (50-200),B2B,Google Maps,3.1,Actif,2026-06-29T00:14:35.740801,haute
BJ-A8BCE72A,Conseil Audit Pobè,Services aux entreprises,Pobè,+229 66 51 56 31,conseil.audit.pobè@conseil.audit.pobè.com,conseilauditpobè.bj,Grande (>200),B2B,Google Maps,3.5,Actif,2026-06-29T00:14:35.740817,haute
BJ-A49EE143,Marketing,Services aux entreprises,Pobè,+229 45 61 61 20,marketing@marketing.bj,,PME (10-50),B2B,Google Maps,4.4,Actif,2026-06-29T00:14:35.740834,moyenne
BJ-E3CD1EB8,Audit Audit,Services aux entreprises,Pobè,+229 73 61 60 55,audit.audit@audit.audit.bj,,TPE (<10),B2B,Google Maps,3.9,Actif,2026-06-29T00:14:35.740848,moyenne
BJ-18849915,Expert Conseil,Services aux entreprises,Pobè,+229 87 23 17 79,expert.conseil@expert.conseil.com,expertconseil.bj,PME (50-200),B2B,Google Maps,4.8,Actif,2026-06-29T00:14:35.740861,haute
BJ-04E19E04,Audit Marketing Advisory,Services aux entreprises,Sakété,+229 86 67 94 65,audit.marketing.advisory@audit.marketing.advisory.bj,auditmarketingadvisory.bj,PME (10-50),B2B,Google Maps,3.5,Actif,2026-06-29T00:14:35.740881,haute
BJ-C992A3DB,Conseil Marketing,Services aux entreprises,Sakété,+229 87 67 51 98,conseil.marketing@conseil.marketing.net,conseilmarketing.bj,TPE (<10),B2B,Google Maps,3.3,Actif,2026-06-29T00:14:35.740916,haute
BJ-7F5FAF45,Expert Partners,Services aux entreprises,Sakété,+229 88 51 27 34,expert.partners@expert.partners.net,,PME (10-50),B2B,Google Maps,3.7,Actif,2026-06-29T00:14:35.740932,moyenne
BJ-324EA837,Audit Cabinet,Services aux entreprises,Sakété,+229 82 10 23 56,audit.cabinet@audit.cabinet.org,auditcabinet.bj,PME (50-200),B2B,Google Maps,4.6,Actif,2026-06-29T00:14:35.740949,haute
BJ-839977DF,Conseil,Services aux entreprises,Sakété,+229 23 32 36 38,conseil@conseil.net,conseil.bj,PME (10-50),B2B,Google Maps,3.4,Actif,2026-06-29T00:14:35.740964,haute
BJ-EA771EF5,Juridique,Services aux entreprises,Adjara,+229 87 28 36 63,juridique@juridique.benin,juridique.bj,PME (50-200),B2B,Google Maps,4.8,Actif,2026-06-29T00:14:35.740985,haute
BJ-1BFADA0A,Cabinet Conseil Africa,Services aux entreprises,Adjara,+229 27 64 35 57,cabinet.conseil.africa@cabinet.conseil.africa.benin,cabinetconseilafrica.bj,PME (50-200),B2B,Google Maps,3.5,Actif,2026-06-29T00:14:35.740999,haute
BJ-6537135C,Consulting Juridique,Services aux entreprises,Adjara,+229 68 83 30 78,,,TPE (<10),B2B,Google Maps,3.1,Actif,2026-06-29T00:14:35.741010,basse
BJ-3998AB9C,Bureau RH Bénin,Services aux entreprises,Adjara,+229 37 15 14 40,bureau.rh.bénin@bureau.rh.bénin.bj,bureaurhbénin.bj,Grande (>200),B2B,Google Maps,3.2,Actif,2026-06-29T00:14:35.741025,haute
BJ-CB6B37CF,Bureau Stratégie,Services aux entreprises,Adjara,+229 92 52 94 89,bureau.stratégie@bureau.stratégie.bj,bureaustratégie.bj,PME (10-50),B2B,Google Maps,3.8,Actif,2026-06-29T00:14:35.741040,haute
BJ-C20A87FB,Consulting Fiscal Africa,Services aux entreprises,Allada,+229 26 27 88 57,consulting.fiscal.africa@consulting.fiscal.africa.benin,consultingfiscalafrica.bj,TPE (<10),B2B,Google Maps,4.0,Actif,2026-06-29T00:14:35.741059,haute
BJ-DB915ADC,Business Bénin,Services aux entreprises,Allada,+229 60 91 34 99,business.bénin@business.bénin.benin,businessbénin.bj,TPE (<10),B2B,Google Maps,3.0,Actif,2026-06-29T00:14:35.741074,haute
BJ-1FF14346,Conseil Stratégie Consulting,Services aux entreprises,Allada,+229 35 62 66 80,conseil.stratégie.consulting@conseil.stratégie.consulting.org,,TPE (<10),B2B,Google Maps,4.9,Actif,2026-06-29T00:14:35.741088,moyenne
BJ-06405D70,Audit Communication,Services aux entreprises,Allada,+229 76 96 65 52,,auditcommunication.bj,Grande (>200),B2B,Google Maps,3.8,Actif,2026-06-29T00:14:35.741105,moyenne
BJ-A715D6AE,Consulting,Services aux entreprises,Allada,+229 35 18 43 99,,,PME (50-200),B2B,Google Maps,3.4,Actif,2026-06-29T00:14:35.741118,basse
BJ-AEC0D3AA,Conseil Management,Services aux entreprises,Aplahoué,+229 72 83 87 65,conseil.management@conseil.management.net,conseilmanagement.bj,PME (10-50),B2B,Google Maps,3.7,Actif,2026-06-29T00:14:35.741140,haute
BJ-FE23F7C6,Agence Business,Services aux entreprises,Aplahoué,+229 34 42 63 74,agence.business@agence.business.benin,agencebusiness.bj,TPE (<10),B2B,Google Maps,3.6,Actif,2026-06-29T00:14:35.741159,haute
BJ-7C3C2437,Agence Formation,Services aux entreprises,Aplahoué,+229 93 25 51 88,agence.formation@agence.formation.benin,agenceformation.bj,TPE (<10),B2B,Google Maps,4.1,Actif,2026-06-29T00:14:35.741173,haute
BJ-55ADC1C3,Agence Management Bureau,Services aux entreprises,Aplahoué,+229 88 26 58 28,agence.management.bureau@agence.management.bureau.net,agencemanagementbureau.bj,PME (50-200),B2B,Google Maps,3.6,Actif,2026-06-29T00:14:35.741186,haute
BJ-56EF384F,Audit International,Services aux entreprises,Aplahoué,+229 39 15 10 55,,auditinternational.bj,PME (50-200),B2B,Google Maps,3.2,Actif,2026-06-29T00:14:35.741199,moyenne
BJ-2A0F5908,Stratégie Partners,Services aux entreprises,Dogbo-Tota,+229 22 76 91 65,,,PME (50-200),B2B,Google Maps,3.6,Actif,2026-06-29T00:14:35.741218,basse
BJ-3D9752F7,Audit International,Services aux entreprises,Dogbo-Tota,+229 60 47 58 62,audit.international@audit.international.benin,,PME (10-50),B2B,Google Maps,4.1,Actif,2026-06-29T00:14:35.741232,moyenne
BJ-81BDEDA9,Conseil Partners,Services aux entreprises,Dogbo-Tota,+229 70 94 30 77,conseil.partners@conseil.partners.com,conseilpartners.bj,PME (10-50),B2B,Google Maps,4.0,Actif,2026-06-29T00:14:35.741246,haute
BJ-5F410D98,Conseil Consulting,Services aux entreprises,Dogbo-Tota,+229 80 35 87 85,conseil.consulting@conseil.consulting.net,,TPE (<10),B2B,Google Maps,4.6,Actif,2026-06-29T00:14:35.741261,moyenne
BJ-1E727408,Fiscal Partners,Services aux entreprises,Dogbo-Tota,+229 59 77 16 34,fiscal.partners@fiscal.partners.net,fiscalpartners.bj,PME (10-50),B2B,Google Maps,3.4,Actif,2026-06-29T00:14:35.741276,haute
BJ-F5E66335,Comptable,Services aux entreprises,Kpomassè,+229 65 61 23 70,comptable@comptable.org,comptable.bj,TPE (<10),B2B,Google Maps,3.0,Actif,2026-06-29T00:14:35.741301,haute
BJ-F63E8B2D,Consulting Conseil Advisory,Services aux entreprises,Kpomassè,+229 53 11 69 95,consulting.conseil.advisory@consulting.conseil.advisory.com,consultingconseiladvisory.bj,TPE (<10),B2B,Google Maps,4.4,Actif,2026-06-29T00:14:35.741317,haute
BJ-2E4913C1,Stratégie Consulting,Services aux entreprises,Kpomassè,+229 97 63 41 21,stratégie.consulting@stratégie.consulting.bj,stratégieconsulting.bj,TPE (<10),B2B,Google Maps,3.3,Actif,2026-06-29T00:14:35.741333,haute
BJ-BDBC7939,Juridique Advisory,Services aux entreprises,Kpomassè,+229 31 19 53 30,juridique.advisory@juridique.advisory.com,juridiqueadvisory.bj,PME (10-50),B2B,Google Maps,4.8,Actif,2026-06-29T00:14:35.741348,haute
BJ-AC033552,Audit Fiscal Kpomassè,Services aux entreprises,Kpomassè,+229 90 82 27 67,audit.fiscal.kpomassè@audit.fiscal.kpomassè.bj,auditfiscalkpomassè.bj,PME (10-50),B2B,Google Maps,4.5,Actif,2026-06-29T00:14:35.741363,haute
BJ-D25E0A32,Consulting Communication,Services aux entreprises,Tori-Bossito,+229 68 75 23 61,consulting.communication@consulting.communication.net,consultingcommunication.bj,PME (10-50),B2B,Google Maps,3.8,Actif,2026-06-29T00:14:35.741383,haute
BJ-D3596423,Consulting RH Partners Tori-Bossito,Services aux entreprises,Tori-Bossito,+229 59 78 95 25,consulting.rh.partners.toribossito@consulting.rh.partners.toribossito.benin,consultingrhpartnerstoribossito.bj,PME (10-50),B2B,Google Maps,4.4,Actif,2026-06-29T00:14:35.741402,haute
BJ-4BA48884,Expert Audit Tori-Bossito,Services aux entreprises,Tori-Bossito,+229 95 54 45 24,expert.audit.toribossito@expert.audit.toribossito.benin,expertaudittoribossito.bj,PME (50-200),B2B,Google Maps,3.1,Actif,2026-06-29T00:14:35.741417,haute
BJ-EB4B762F,Expert Consulting Tori-Bossito,Services aux entreprises,Tori-Bossito,+229 92 17 38 90,expert.consulting.toribossito@expert.consulting.toribossito.com,,PME (10-50),B2B,Google Maps,4.5,Actif,2026-06-29T00:14:35.741434,moyenne
BJ-9230CF74,Agence Juridique Tori-Bossito,Services aux entreprises,Tori-Bossito,+229 80 60 43 18,agence.juridique.toribossito@agence.juridique.toribossito.org,agencejuridiquetoribossito.bj,PME (50-200),B2B,Google Maps,3.9,Actif,2026-06-29T00:14:35.741450,haute
BJ-E00E0BC4,Bureau Consulting Advisory,Services aux entreprises,Grand-Popo,+229 73 76 31 44,,bureauconsultingadvisory.bj,TPE (<10),B2B,Google Maps,3.7,Actif,2026-06-29T00:14:35.741470,moyenne
BJ-15F4AE0A,Expert,Services aux entreprises,Grand-Popo,+229 31 70 44 20,expert@expert.bj,expert.bj,TPE (<10),B2B,Google Maps,4.7,Actif,2026-06-29T00:14:35.741484,haute
BJ-8913D71B,Cabinet Consulting,Services aux entreprises,Grand-Popo,+229 49 90 81 74,,,Grande (>200),B2B,Google Maps,3.6,Actif,2026-06-29T00:14:35.741497,basse
BJ-A9C84715,Audit,Services aux entreprises,Grand-Popo,+229 49 21 46 86,,,PME (10-50),B2B,Google Maps,4.5,Actif,2026-06-29T00:14:35.741510,basse
BJ-04719837,Management,Services aux entreprises,Grand-Popo,+229 28 76 48 75,management@management.net,management.bj,TPE (<10),B2B,Google Maps,3.9,Actif,2026-06-29T00:14:35.741525,haute
BJ-884B384A,Expert Management Bureau,Services aux entreprises,Athiémé,+229 66 57 49 10,expert.management.bureau@expert.management.bureau.org,,PME (10-50),B2B,Google Maps,4.0,Actif,2026-06-29T00:14:35.741545,moyenne
BJ-60FD362C,Bureau Consulting Africa,Services aux entreprises,Athiémé,+229 48 61 30 19,bureau.consulting.africa@bureau.consulting.africa.bj,bureauconsultingafrica.bj,PME (50-200),B2B,Google Maps,3.9,Actif,2026-06-29T00:14:35.741559,haute
BJ-07187EE0,Bureau Business,Services aux entreprises,Athiémé,+229 32 80 16 20,,bureaubusiness.bj,TPE (<10),B2B,Google Maps,4.6,Actif,2026-06-29T00:14:35.741572,moyenne
BJ-02F5AE38,Consulting Communication Bénin,Services aux entreprises,Athiémé,+229 59 66 17 39,consulting.communication.bénin@consulting.communication.bénin.com,consultingcommunicationbénin.bj,TPE (<10),B2B,Google Maps,3.6,Actif,2026-06-29T00:14:35.741591,haute
BJ-FF037469,Audit,Services aux entreprises,Athiémé,+229 44 75 36 87,,audit.bj,Grande (>200),B2B,Google Maps,3.5,Actif,2026-06-29T00:14:35.741605,moyenne
BJ-C52F8C98,Business Bopa,Services aux entreprises,Bopa,+229 65 54 89 57,business.bopa@business.bopa.benin,,PME (10-50),B2B,Google Maps,5.0,Actif,2026-06-29T00:14:35.741624,moyenne
BJ-E9EB4DD6,Expert Partners,Services aux entreprises,Bopa,+229 21 40 58 40,expert.partners@expert.partners.bj,,TPE (<10),B2B,Google Maps,3.2,Actif,2026-06-29T00:14:35.741638,moyenne
BJ-7D243CF7,Consulting,Services aux entreprises,Bopa,+229 87 91 66 57,consulting@consulting.com,consulting.bj,TPE (<10),B2B,Google Maps,3.5,Actif,2026-06-29T00:14:35.741654,haute
BJ-E9781E01,Expert Management Bopa,Services aux entreprises,Bopa,+229 42 54 50 28,expert.management.bopa@expert.management.bopa.benin,expertmanagementbopa.bj,PME (50-200),B2B,Google Maps,4.5,Actif,2026-06-29T00:14:35.741673,haute
BJ-49E7CD03,Expert Cabinet,Services aux entreprises,Bopa,+229 41 75 80 96,expert.cabinet@expert.cabinet.bj,expertcabinet.bj,PME (10-50),B2B,Google Maps,3.7,Actif,2026-06-29T00:14:35.741687,haute
BJ-2FE97A9B,Agence Juridique,Services aux entreprises,Houéyogbé,+229 68 34 47 41,agence.juridique@agence.juridique.bj,agencejuridique.bj,Grande (>200),B2B,Google Maps,4.6,Actif,2026-06-29T00:14:35.741707,haute
BJ-8A586B3F,Conseil,Services aux entreprises,Houéyogbé,+229 25 88 95 53,conseil@conseil.bj,conseil.bj,Grande (>200),B2B,Google Maps,3.7,Actif,2026-06-29T00:14:35.741724,haute
BJ-C5773CA7,Consulting Africa,Services aux entreprises,Houéyogbé,+229 27 14 90 79,consulting.africa@consulting.africa.benin,,Grande (>200),B2B,Google Maps,3.9,Actif,2026-06-29T00:14:35.741739,moyenne
BJ-D71B85B2,Stratégie Partners,Services aux entreprises,Houéyogbé,+229 26 51 68 75,stratégie.partners@stratégie.partners.org,stratégiepartners.bj,TPE (<10),B2B,Google Maps,4.5,Actif,2026-06-29T00:14:35.741757,haute
BJ-07CDC5E1,Communication Africa,Services aux entreprises,Houéyogbé,+229 40 43 60 51,communication.africa@communication.africa.com,communicationafrica.bj,PME (50-200),B2B,Google Maps,3.2,Actif,2026-06-29T00:14:35.741772,haute
BJ-89D49003,Consulting Partners,Services aux entreprises,Malanville,+229 48 84 72 76,consulting.partners@consulting.partners.benin,consultingpartners.bj,PME (50-200),B2B,Google Maps,4.8,Actif,2026-06-29T00:14:35.741791,haute
BJ-3AA8D7DF,Marketing International,Services aux entreprises,Malanville,+229 61 84 13 95,marketing.international@marketing.international.com,marketinginternational.bj,PME (10-50),B2B,Google Maps,3.9,Actif,2026-06-29T00:14:35.741806,haute
BJ-6FCAA835,RH Bénin Malanville,Services aux entreprises,Malanville,+229 98 64 53 45,rh.bénin.malanville@rh.bénin.malanville.bj,rhbéninmalanville.bj,PME (10-50),B2B,Google Maps,3.6,Actif,2026-06-29T00:14:35.741821,haute
BJ-601B2E82,RH Partners Malanville,Services aux entreprises,Malanville,+229 66 36 14 79,rh.partners.malanville@rh.partners.malanville.bj,rhpartnersmalanville.bj,PME (10-50),B2B,Google Maps,4.3,Actif,2026-06-29T00:14:35.741835,haute
BJ-42F1AEEA,Comptable,Services aux entreprises,Malanville,+229 28 73 44 37,comptable@comptable.com,,PME (10-50),B2B,Google Maps,3.2,Actif,2026-06-29T00:14:35.741848,moyenne
BJ-E41D215F,Consulting Conseil,Services aux entreprises,Kandi,+229 73 20 84 48,consulting.conseil@consulting.conseil.net,consultingconseil.bj,PME (50-200),B2B,Google Maps,4.8,Actif,2026-06-29T00:14:35.741868,haute
BJ-44F57595,Audit Business Consulting,Services aux entreprises,Kandi,+229 87 40 62 78,audit.business.consulting@audit.business.consulting.org,auditbusinessconsulting.bj,PME (10-50),B2B,Google Maps,4.9,Actif,2026-06-29T00:14:35.741882,haute
BJ-6A3CF2A1,Business Bureau,Services aux entreprises,Kandi,+229 57 12 11 75,business.bureau@business.bureau.benin,businessbureau.bj,TPE (<10),B2B,Google Maps,3.8,Actif,2026-06-29T00:14:35.741925,haute
BJ-43AB8262,Audit Bénin,Services aux entreprises,Kandi,+229 45 36 32 72,audit.bénin@audit.bénin.benin,,Grande (>200),B2B,Google Maps,3.8,Actif,2026-06-29T00:14:35.741946,moyenne
BJ-C7D38574,Fiscal Consulting,Services aux entreprises,Kandi,+229 60 31 92 31,,fiscalconsulting.bj,TPE (<10),B2B,Google Maps,4.1,Actif,2026-06-29T00:14:35.741959,moyenne
BJ-14398573,Conseil Consulting Advisory,Services aux entreprises,Banikoara,+229 37 56 66 97,conseil.consulting.advisory@conseil.consulting.advisory.net,conseilconsultingadvisory.bj,TPE (<10),B2B,Google Maps,3.2,Actif,2026-06-29T00:14:35.741980,haute
BJ-4231EAF9,Formation Cabinet,Services aux entreprises,Banikoara,+229 85 66 26 58,formation.cabinet@formation.cabinet.org,,TPE (<10),B2B,Google Maps,3.2,Actif,2026-06-29T00:14:35.741995,moyenne
BJ-D3724C98,Conseil Advisory Banikoara,Services aux entreprises,Banikoara,+229 39 55 20 13,conseil.advisory.banikoara@conseil.advisory.banikoara.net,conseiladvisorybanikoara.bj,Grande (>200),B2B,Google Maps,3.2,Actif,2026-06-29T00:14:35.742008,haute
BJ-E5521247,Agence Juridique Cabinet Banikoara,Services aux entreprises,Banikoara,+229 59 32 54 34,agence.juridique.cabinet.banikoara@agence.juridique.cabinet.banikoara.com,agencejuridiquecabinetbanikoara.bj,Grande (>200),B2B,Google Maps,3.9,Actif,2026-06-29T00:14:35.742023,haute
BJ-9A698D75,Cabinet Stratégie,Services aux entreprises,Banikoara,+229 48 24 14 14,,,TPE (<10),B2B,Google Maps,3.5,Actif,2026-06-29T00:14:35.742035,basse
BJ-97621035,Agence Business Ségbana,Services aux entreprises,Ségbana,+229 49 35 32 21,agence.business.ségbana@agence.business.ségbana.org,agencebusinessségbana.bj,PME (50-200),B2B,Google Maps,3.9,Actif,2026-06-29T00:14:35.742060,haute
BJ-5CD5C543,Agence Communication Africa Ségbana,Services aux entreprises,Ségbana,+229 96 50 52 94,agence.communication.africa.ségbana@agence.communication.africa.ségbana.org,agencecommunicationafricaségbana.bj,TPE (<10),B2B,Google Maps,3.8,Actif,2026-06-29T00:14:35.742082,haute
BJ-96577074,Expert,Services aux entreprises,Ségbana,+229 44 23 81 15,,expert.bj,PME (10-50),B2B,Google Maps,4.7,Actif,2026-06-29T00:14:35.742095,moyenne
BJ-0BDC83A7,Expert Communication Bénin,Services aux entreprises,Ségbana,+229 42 81 90 64,expert.communication.bénin@expert.communication.bénin.org,expertcommunicationbénin.bj,PME (10-50),B2B,Google Maps,4.9,Actif,2026-06-29T00:14:35.742113,haute
BJ-B340F3CF,Formation,Services aux entreprises,Ségbana,+229 60 54 98 83,formation@formation.net,formation.bj,TPE (<10),B2B,Google Maps,3.6,Actif,2026-06-29T00:14:35.742128,haute
BJ-F389D888,Expert Formation Bénin,Services aux entreprises,Karimama,+229 35 38 57 25,expert.formation.bénin@expert.formation.bénin.org,expertformationbénin.bj,PME (10-50),B2B,Google Maps,3.6,Actif,2026-06-29T00:14:35.742149,haute
BJ-61E008F0,Conseil Business International,Services aux entreprises,Karimama,+229 23 26 96 86,conseil.business.international@conseil.business.international.bj,conseilbusinessinternational.bj,TPE (<10),B2B,Google Maps,3.4,Actif,2026-06-29T00:14:35.742164,haute
BJ-EB95919D,Audit Formation Bureau,Services aux entreprises,Karimama,+229 74 10 24 58,,auditformationbureau.bj,TPE (<10),B2B,Google Maps,5.0,Actif,2026-06-29T00:14:35.742177,moyenne
BJ-A346D6DC,Consulting Management Karimama,Services aux entreprises,Karimama,+229 46 86 68 94,,,PME (50-200),B2B,Google Maps,3.8,Actif,2026-06-29T00:14:35.742189,basse
BJ-047104C9,Agence Fiscal,Services aux entreprises,Karimama,+229 33 13 65 88,agence.fiscal@agence.fiscal.org,agencefiscal.bj,PME (10-50),B2B,Google Maps,3.9,Actif,2026-06-29T00:14:35.742207,haute
BJ-630B3F62,Comptable Partners,Services aux entreprises,Gogounou,+229 54 27 29 15,,comptablepartners.bj,TPE (<10),B2B,Google Maps,3.4,Actif,2026-06-29T00:14:35.742230,moyenne
BJ-8B12ECE8,Agence Expert Bénin,Services aux entreprises,Gogounou,+229 35 29 46 34,agence.expert.bénin@agence.expert.bénin.org,agenceexpertbénin.bj,PME (50-200),B2B,Google Maps,3.8,Actif,2026-06-29T00:14:35.742247,haute
BJ-4BF094C0,Formation,Services aux entreprises,Gogounou,+229 73 86 56 60,formation@formation.bj,formation.bj,PME (10-50),B2B,Google Maps,3.5,Actif,2026-06-29T00:14:35.742261,haute
BJ-E816C21F,Conseil Juridique Cabinet,Services aux entreprises,Gogounou,+229 64 36 24 16,conseil.juridique.cabinet@conseil.juridique.cabinet.bj,conseiljuridiquecabinet.bj,Grande (>200),B2B,Google Maps,4.5,Actif,2026-06-29T00:14:35.742277,haute
BJ-4C32F765,Audit Cabinet Gogounou,Services aux entreprises,Gogounou,+229 80 23 34 90,audit.cabinet.gogounou@audit.cabinet.gogounou.net,auditcabinetgogounou.bj,TPE (<10),B2B,Google Maps,4.5,Actif,2026-06-29T00:14:35.742293,haute
BJ-2312EDDB,Agence Business,Services aux entreprises,Cobly,+229 52 36 97 63,agence.business@agence.business.com,,PME (10-50),B2B,Google Maps,3.2,Actif,2026-06-29T00:14:35.742312,moyenne
BJ-A7F4FA49,Bureau Management,Services aux entreprises,Cobly,+229 70 19 93 41,,bureaumanagement.bj,TPE (<10),B2B,Google Maps,4.9,Actif,2026-06-29T00:14:35.742326,moyenne
BJ-53BA5129,Formation Bureau,Services aux entreprises,Cobly,+229 84 13 33 30,formation.bureau@formation.bureau.org,formationbureau.bj,PME (10-50),B2B,Google Maps,3.5,Actif,2026-06-29T00:14:35.742339,haute
BJ-E5DEA320,Agence RH Bénin,Services aux entreprises,Cobly,+229 77 59 89 29,agence.rh.bénin@agence.rh.bénin.benin,,Grande (>200),B2B,Google Maps,4.1,Actif,2026-06-29T00:14:35.742354,moyenne
BJ-E24C3CB2,Expert Fiscal Partners,Services aux entreprises,Cobly,+229 69 39 54 77,expert.fiscal.partners@expert.fiscal.partners.bj,,TPE (<10),B2B,Google Maps,3.8,Actif,2026-06-29T00:14:35.742367,moyenne
BJ-F8244308,Cabinet Stratégie,Services aux entreprises,Tanguiéta,+229 72 33 15 35,,,TPE (<10),B2B,Google Maps,3.0,Actif,2026-06-29T00:14:35.742386,basse
BJ-5B9A7611,Consulting Stratégie Cabinet Tanguiéta,Services aux entreprises,Tanguiéta,+229 51 48 60 88,consulting.stratégie.cabinet.tanguiéta@consulting.stratégie.cabinet.tanguiéta.com,consultingstratégiecabinettanguiéta.bj,TPE (<10),B2B,Google Maps,4.1,Actif,2026-06-29T00:14:35.742402,haute
BJ-D9E5C4E3,Expert Communication Africa,Services aux entreprises,Tanguiéta,+229 32 17 25 25,,,PME (10-50),B2B,Google Maps,4.2,Actif,2026-06-29T00:14:35.742414,basse
BJ-9C70D3DE,Agence Marketing,Services aux entreprises,Tanguiéta,+229 31 91 45 74,agence.marketing@agence.marketing.com,agencemarketing.bj,TPE (<10),B2B,Google Maps,3.7,Actif,2026-06-29T00:14:35.742435,haute
BJ-CF0B3525,Cabinet Conseil,Services aux entreprises,Tanguiéta,+229 96 54 84 71,cabinet.conseil@cabinet.conseil.com,cabinetconseil.bj,TPE (<10),B2B,Google Maps,3.2,Actif,2026-06-29T00:14:35.742450,haute
BJ-5D9E5FB6,Conseil Audit Partners Matéri,Services aux entreprises,Matéri,+229 55 51 19 55,conseil.audit.partners.matéri@conseil.audit.partners.matéri.benin,conseilauditpartnersmatéri.bj,PME (50-200),B2B,Google Maps,4.1,Actif,2026-06-29T00:14:35.742472,haute
BJ-173C6908,Juridique,Services aux entreprises,Matéri,+229 60 44 89 90,,,PME (50-200),B2B,Google Maps,3.7,Actif,2026-06-29T00:14:35.742484,basse
BJ-2630B1F2,Audit Communication,Services aux entreprises,Matéri,+229 21 62 51 90,,,PME (50-200),B2B,Google Maps,3.3,Actif,2026-06-29T00:14:35.742496,basse
BJ-347F263F,Audit Formation Cabinet,Services aux entreprises,Matéri,+229 85 42 59 35,,auditformationcabinet.bj,PME (50-200),B2B,Google Maps,3.3,Actif,2026-06-29T00:14:35.742509,moyenne
BJ-E5B60458,Juridique Bureau,Services aux entreprises,Matéri,+229 60 32 89 23,juridique.bureau@juridique.bureau.bj,juridiquebureau.bj,TPE (<10),B2B,Google Maps,3.9,Actif,2026-06-29T00:14:35.742527,haute
BJ-B667F1B1,RH International,Services aux entreprises,Natitingou,+229 91 74 60 62,,rhinternational.bj,PME (50-200),B2B,Google Maps,3.3,Actif,2026-06-29T00:14:35.742547,moyenne
BJ-A0534090,Audit Juridique Cabinet,Services aux entreprises,Natitingou,+229 71 17 99 47,audit.juridique.cabinet@audit.juridique.cabinet.bj,auditjuridiquecabinet.bj,PME (50-200),B2B,Google Maps,3.1,Actif,2026-06-29T00:14:35.742561,haute
BJ-423FA5D7,Marketing Partners,Services aux entreprises,Natitingou,+229 72 76 35 19,marketing.partners@marketing.partners.bj,,PME (10-50),B2B,Google Maps,4.0,Actif,2026-06-29T00:14:35.742574,moyenne
BJ-94B75B70,Agence Formation Partners,Services aux entreprises,Natitingou,+229 64 44 14 88,,,Grande (>200),B2B,Google Maps,4.8,Actif,2026-06-29T00:14:35.742590,basse
BJ-D0893120,Expert Advisory,Services aux entreprises,Natitingou,+229 95 55 31 91,expert.advisory@expert.advisory.com,expertadvisory.bj,PME (50-200),B2B,Google Maps,4.2,Actif,2026-06-29T00:14:35.742604,haute
BJ-98691CF7,Expert Stratégie,Services aux entreprises,Toucountouna,+229 96 73 77 18,expert.stratégie@expert.stratégie.org,expertstratégie.bj,PME (10-50),B2B,Google Maps,3.5,Actif,2026-06-29T00:14:35.742625,haute
BJ-3A6B9933,Conseil Partners,Services aux entreprises,Toucountouna,+229 80 18 69 73,conseil.partners@conseil.partners.benin,,Grande (>200),B2B,Google Maps,3.9,Actif,2026-06-29T00:14:35.742640,moyenne
BJ-6F1ABA14,Expert Consulting,Services aux entreprises,Toucountouna,+229 76 37 69 23,,expertconsulting.bj,TPE (<10),B2B,Google Maps,4.4,Actif,2026-06-29T00:14:35.742654,moyenne
BJ-8DEE6944,Consulting Partners,Services aux entreprises,Toucountouna,+229 37 50 84 99,consulting.partners@consulting.partners.org,,PME (50-200),B2B,Google Maps,3.8,Actif,2026-06-29T00:14:35.742671,moyenne
BJ-6E5F81D9,Consulting Stratégie,Services aux entreprises,Toucountouna,+229 99 13 90 10,,consultingstratégie.bj,Grande (>200),B2B,Google Maps,4.4,Actif,2026-06-29T00:14:35.742686,moyenne
BJ-4A8164DD,Bureau Fiscal Cabinet,Services aux entreprises,Boukoumbé,+229 65 99 91 27,,bureaufiscalcabinet.bj,Grande (>200),B2B,Google Maps,5.0,Actif,2026-06-29T00:14:35.742707,moyenne
BJ-13B9E923,Conseil Expert International,Services aux entreprises,Boukoumbé,+229 33 64 21 40,,conseilexpertinternational.bj,TPE (<10),B2B,Google Maps,4.6,Actif,2026-06-29T00:14:35.742722,moyenne
BJ-2EB9DD5F,Cabinet Conseil Bénin,Services aux entreprises,Boukoumbé,+229 64 34 96 94,cabinet.conseil.bénin@cabinet.conseil.bénin.bj,cabinetconseilbénin.bj,TPE (<10),B2B,Google Maps,4.0,Actif,2026-06-29T00:14:35.742738,haute
BJ-8DE287E9,Consulting Audit Africa,Services aux entreprises,Boukoumbé,+229 47 19 94 83,consulting.audit.africa@consulting.audit.africa.bj,consultingauditafrica.bj,PME (10-50),B2B,Google Maps,4.2,Actif,2026-06-29T00:14:35.742756,haute
BJ-4A1D1D18,Bureau Expert,Services aux entreprises,Boukoumbé,+229 28 72 43 52,,bureauexpert.bj,TPE (<10),B2B,Google Maps,4.9,Actif,2026-06-29T00:14:35.742772,moyenne
BJ-0FFBE11B,Audit Consulting,Services aux entreprises,Kouandé,+229 49 69 42 72,,,Grande (>200),B2B,Google Maps,3.7,Actif,2026-06-29T00:14:35.742791,basse
BJ-901802BD,Comptable,Services aux entreprises,Kouandé,+229 88 68 56 66,comptable@comptable.bj,comptable.bj,TPE (<10),B2B,Google Maps,4.6,Actif,2026-06-29T00:14:35.742805,haute
BJ-20657762,Stratégie Kouandé,Services aux entreprises,Kouandé,+229 76 31 57 33,stratégie.kouandé@stratégie.kouandé.net,stratégiekouandé.bj,PME (10-50),B2B,Google Maps,4.6,Actif,2026-06-29T00:14:35.742821,haute
BJ-8BAA8D41,Audit International Kouandé,Services aux entreprises,Kouandé,+229 23 29 91 12,audit.international.kouandé@audit.international.kouandé.benin,auditinternationalkouandé.bj,TPE (<10),B2B,Google Maps,3.7,Actif,2026-06-29T00:14:35.742842,haute
BJ-1B0CBCC3,Consulting Juridique Partners Kouandé,Services aux entreprises,Kouandé,+229 54 16 33 74,consulting.juridique.partners.kouandé@consulting.juridique.partners.kouandé.bj,consultingjuridiquepartnerskouandé.bj,TPE (<10),B2B,Google Maps,3.9,Actif,2026-06-29T00:14:35.742860,haute
BJ-CBD8D8BF,Business Péhunco,Services aux entreprises,Péhunco,+229 32 42 56 93,business.péhunco@business.péhunco.bj,businesspéhunco.bj,TPE (<10),B2B,Google Maps,3.8,Actif,2026-06-29T00:14:35.742883,haute
BJ-7C2AF733,Management Cabinet,Services aux entreprises,Péhunco,+229 44 65 41 14,management.cabinet@management.cabinet.net,managementcabinet.bj,Grande (>200),B2B,Google Maps,3.7,Actif,2026-06-29T00:14:35.742923,haute
BJ-DD73CBF6,Cabinet Expert Consulting,Services aux entreprises,Péhunco,+229 36 36 93 73,cabinet.expert.consulting@cabinet.expert.consulting.bj,,PME (50-200),B2B,Google Maps,3.7,Actif,2026-06-29T00:14:35.742954,moyenne
BJ-6464DE82,Agence Stratégie,Services aux entreprises,Péhunco,+229 92 64 69 22,agence.stratégie@agence.stratégie.benin,agencestratégie.bj,PME (50-200),B2B,Google Maps,3.4,Actif,2026-06-29T00:14:35.742997,haute
BJ-92B6A74C,Conseil Marketing Cabinet,Services aux entreprises,Péhunco,+229 40 63 18 60,conseil.marketing.cabinet@conseil.marketing.cabinet.bj,,TPE (<10),B2B,Google Maps,3.8,Actif,2026-06-29T00:14:35.743029,moyenne
BJ-EC67F1B5,Juridique,Services aux entreprises,Tchaourou,+229 89 23 35 75,juridique@juridique.benin,juridique.bj,TPE (<10),B2B,Google Maps,5.0,Actif,2026-06-29T00:14:35.743073,haute
BJ-7F3D1E0D,Consulting RH Cabinet,Services aux entreprises,Tchaourou,+229 84 43 14 60,consulting.rh.cabinet@consulting.rh.cabinet.net,,PME (10-50),B2B,Google Maps,5.0,Actif,2026-06-29T00:14:35.743104,moyenne
BJ-5F86F280,Expert Fiscal Partners,Services aux entreprises,Tchaourou,+229 67 56 30 45,expert.fiscal.partners@expert.fiscal.partners.org,expertfiscalpartners.bj,TPE (<10),B2B,Google Maps,3.0,Actif,2026-06-29T00:14:35.743135,haute
BJ-9DA768F6,Consulting,Services aux entreprises,Tchaourou,+229 86 30 95 81,consulting@consulting.benin,,TPE (<10),B2B,Google Maps,4.7,Actif,2026-06-29T00:14:35.743165,moyenne
BJ-073EA831,Conseil Comptable Tchaourou,Services aux entreprises,Tchaourou,+229 88 25 94 90,,conseilcomptabletchaourou.bj,PME (10-50),B2B,Google Maps,4.7,Actif,2026-06-29T00:14:35.743195,moyenne
BJ-533BCCD1,Audit Juridique,Services aux entreprises,Nikki,+229 73 21 50 49,,auditjuridique.bj,PME (50-200),B2B,Google Maps,3.7,Actif,2026-06-29T00:14:35.743234,moyenne
BJ-C6F2A3E3,Consulting Nikki,Services aux entreprises,Nikki,+229 68 56 16 96,consulting.nikki@consulting.nikki.net,consultingnikki.bj,TPE (<10),B2B,Google Maps,4.4,Actif,2026-06-29T00:14:35.743265,haute
BJ-3F654376,Bureau Management Nikki,Services aux entreprises,Nikki,+229 84 24 85 77,bureau.management.nikki@bureau.management.nikki.net,bureaumanagementnikki.bj,TPE (<10),B2B,Google Maps,3.2,Actif,2026-06-29T00:14:35.743297,haute
BJ-1A465D34,RH,Services aux entreprises,Nikki,+229 51 16 78 32,rh@rh.com,rh.bj,TPE (<10),B2B,Google Maps,4.2,Actif,2026-06-29T00:14:35.743332,haute
BJ-755E534E,RH Nikki,Services aux entreprises,Nikki,+229 91 16 56 14,rh.nikki@rh.nikki.net,rhnikki.bj,TPE (<10),B2B,Google Maps,3.9,Actif,2026-06-29T00:14:35.743364,haute
BJ-3990B133,Juridique Consulting,Services aux entreprises,Bembéréké,+229 65 92 99 80,juridique.consulting@juridique.consulting.benin,,PME (10-50),B2B,Google Maps,4.6,Actif,2026-06-29T00:14:35.743422,moyenne
BJ-6F0A01BE,Agence Management,Services aux entreprises,Bembéréké,+229 46 14 67 83,agence.management@agence.management.bj,agencemanagement.bj,TPE (<10),B2B,Google Maps,3.1,Actif,2026-06-29T00:14:35.743446,haute
BJ-7E6612E5,Consulting,Services aux entreprises,Bembéréké,+229 52 84 59 46,consulting@consulting.com,consulting.bj,PME (50-200),B2B,Google Maps,4.1,Actif,2026-06-29T00:14:35.743463,haute
BJ-F7F8E18E,Fiscal,Services aux entreprises,Bembéréké,+229 50 48 96 68,fiscal@fiscal.bj,fiscal.bj,Grande (>200),B2B,Google Maps,3.2,Actif,2026-06-29T00:14:35.743478,haute
BJ-4259D2B3,Communication,Services aux entreprises,Bembéréké,+229 22 12 93 46,,communication.bj,TPE (<10),B2B,Google Maps,3.4,Actif,2026-06-29T00:14:35.743500,moyenne
BJ-7C288568,Marketing Consulting,Services aux entreprises,Kalalé,+229 78 13 80 73,marketing.consulting@marketing.consulting.com,marketingconsulting.bj,TPE (<10),B2B,Google Maps,4.0,Actif,2026-06-29T00:14:35.743524,haute
BJ-CDDE66B1,Communication Kalalé,Services aux entreprises,Kalalé,+229 69 21 40 54,communication.kalalé@communication.kalalé.benin,communicationkalalé.bj,Grande (>200),B2B,Google Maps,3.9,Actif,2026-06-29T00:14:35.743541,haute
BJ-C284DDE0,Bureau Stratégie Africa,Services aux entreprises,Kalalé,+229 99 81 23 77,bureau.stratégie.africa@bureau.stratégie.africa.org,bureaustratégieafrica.bj,PME (10-50),B2B,Google Maps,4.9,Actif,2026-06-29T00:14:35.743557,haute
BJ-AC222B88,Audit Management Cabinet Kalalé,Services aux entreprises,Kalalé,+229 39 74 76 23,,auditmanagementcabinetkalalé.bj,PME (10-50),B2B,Google Maps,3.5,Actif,2026-06-29T00:14:35.743574,moyenne
BJ-9C128A63,Cabinet Juridique Cabinet,Services aux entreprises,Kalalé,+229 29 83 63 70,cabinet.juridique.cabinet@cabinet.juridique.cabinet.org,cabinetjuridiquecabinet.bj,TPE (<10),B2B,Google Maps,3.5,Actif,2026-06-29T00:14:35.743590,haute
BJ-A5FA1179,Consulting Advisory,Services aux entreprises,Ndali,+229 47 45 43 85,consulting.advisory@consulting.advisory.net,consultingadvisory.bj,PME (10-50),B2B,Google Maps,4.5,Actif,2026-06-29T00:14:35.743611,haute
BJ-81F96AA6,Audit Communication,Services aux entreprises,Ndali,+229 73 78 87 84,audit.communication@audit.communication.com,auditcommunication.bj,TPE (<10),B2B,Google Maps,4.4,Actif,2026-06-29T00:14:35.743625,haute
BJ-CDD2F6DD,Communication Consulting,Services aux entreprises,Ndali,+229 32 38 42 97,communication.consulting@communication.consulting.net,communicationconsulting.bj,PME (10-50),B2B,Google Maps,3.6,Actif,2026-06-29T00:14:35.743639,haute
BJ-142C2FAF,Agence Fiscal Bureau,Services aux entreprises,Ndali,+229 70 71 86 88,,agencefiscalbureau.bj,TPE (<10),B2B,Google Maps,4.1,Actif,2026-06-29T00:14:35.743653,moyenne
BJ-AC409317,Audit Bureau,Services aux entreprises,Ndali,+229 57 42 67 74,audit.bureau@audit.bureau.bj,auditbureau.bj,TPE (<10),B2B,Google Maps,3.5,Actif,2026-06-29T00:14:35.743666,haute
BJ-7DC84FE1,Conseil,Services aux entreprises,Ségbana,+229 84 97 64 71,,,Grande (>200),B2B,Google Maps,3.0,Actif,2026-06-29T00:14:35.743686,basse
BJ-650B3A33,RH Bénin,Services aux entreprises,Ségbana,+229 24 43 73 68,rh.bénin@rh.bénin.com,rhbénin.bj,PME (50-200),B2B,Google Maps,3.2,Actif,2026-06-29T00:14:35.743710,haute
BJ-5B1B5908,Audit Consulting Ségbana,Services aux entreprises,Ségbana,+229 64 50 22 12,audit.consulting.ségbana@audit.consulting.ségbana.net,auditconsultingségbana.bj,PME (50-200),B2B,Google Maps,4.7,Actif,2026-06-29T00:14:35.743725,haute
BJ-FB5F76FD,Conseil Advisory Ségbana,Services aux entreprises,Ségbana,+229 91 20 76 38,conseil.advisory.ségbana@conseil.advisory.ségbana.org,conseiladvisorységbana.bj,TPE (<10),B2B,Google Maps,3.9,Actif,2026-06-29T00:14:35.743744,haute
BJ-0CBA8902,Audit,Services aux entreprises,Ségbana,+229 37 21 10 84,audit@audit.bj,audit.bj,Grande (>200),B2B,Google Maps,3.8,Actif,2026-06-29T00:14:35.743758,haute
BJ-E8EDE740,Fiscal Advisory Tchaourou,Services aux entreprises,Tchaourou,+229 40 58 42 56,fiscal.advisory.tchaourou@fiscal.advisory.tchaourou.benin,fiscaladvisorytchaourou.bj,PME (10-50),B2B,Google Maps,3.5,Actif,2026-06-29T00:14:35.743785,haute
BJ-98642DCA,Expert Business Consulting,Services aux entreprises,Tchaourou,+229 38 66 66 66,expert.business.consulting@expert.business.consulting.bj,expertbusinessconsulting.bj,TPE (<10),B2B,Google Maps,4.9,Actif,2026-06-29T00:14:35.743800,haute
BJ-8D1E9A0F,Conseil Consulting Tchaourou,Services aux entreprises,Tchaourou,+229 59 62 16 46,conseil.consulting.tchaourou@conseil.consulting.tchaourou.net,conseilconsultingtchaourou.bj,PME (10-50),B2B,Google Maps,4.1,Actif,2026-06-29T00:14:35.743814,haute
BJ-3B253398,Expert,Services aux entreprises,Tchaourou,+229 79 55 86 65,expert@expert.org,,PME (50-200),B2B,Google Maps,4.5,Actif,2026-06-29T00:14:35.743829,moyenne
BJ-542ABFCB,Expert Marketing Advisory Tchaourou,Services aux entreprises,Tchaourou,+229 45 15 71 10,expert.marketing.advisory.tchaourou@expert.marketing.advisory.tchaourou.org,,PME (50-200),B2B,Google Maps,4.9,Actif,2026-06-29T00:14:35.743844,moyenne
BJ-2850D6DB,Business,Services aux entreprises,Bétérou,+229 44 97 78 89,business@business.com,business.bj,TPE (<10),B2B,Google Maps,4.9,Actif,2026-06-29T00:14:35.743866,haute
BJ-92651645,Consulting Fiscal Bénin,Services aux entreprises,Bétérou,+229 38 24 52 18,consulting.fiscal.bénin@consulting.fiscal.bénin.bj,,TPE (<10),B2B,Google Maps,3.4,Actif,2026-06-29T00:14:35.743880,moyenne
BJ-2EBA3FE3,Conseil Advisory,Services aux entreprises,Bétérou,+229 45 53 63 80,conseil.advisory@conseil.advisory.net,conseiladvisory.bj,TPE (<10),B2B,Google Maps,4.7,Actif,2026-06-29T00:14:35.743911,haute
BJ-50E23967,Agence Expert Bénin,Services aux entreprises,Bétérou,+229 36 71 11 98,agence.expert.bénin@agence.expert.bénin.com,,PME (50-200),B2B,Google Maps,3.1,Actif,2026-06-29T00:14:35.743930,moyenne
BJ-B0E83612,Agence Communication,Services aux entreprises,Bétérou,+229 83 29 16 75,agence.communication@agence.communication.benin,agencecommunication.bj,TPE (<10),B2B,Google Maps,3.8,Actif,2026-06-29T00:14:35.743945,haute
BJ-8B1B8690,Juridique,Services aux entreprises,Ouessè,+229 78 97 42 43,juridique@juridique.bj,juridique.bj,TPE (<10),B2B,Google Maps,3.5,Actif,2026-06-29T00:14:35.743966,haute
BJ-5D44943E,Expert Consulting International,Services aux entreprises,Ouessè,+229 87 44 22 46,expert.consulting.international@expert.consulting.international.com,expertconsultinginternational.bj,TPE (<10),B2B,Google Maps,3.7,Actif,2026-06-29T00:14:35.743981,haute
BJ-9DE5DB66,Consulting Communication Africa Ouessè,Services aux entreprises,Ouessè,+229 98 53 96 17,consulting.communication.africa.ouessè@consulting.communication.africa.ouessè.net,consultingcommunicationafricaouessè.bj,PME (50-200),B2B,Google Maps,3.4,Actif,2026-06-29T00:14:35.744002,haute
BJ-98F8ED99,Audit Business Bureau,Services aux entreprises,Ouessè,+229 45 97 17 60,audit.business.bureau@audit.business.bureau.org,auditbusinessbureau.bj,TPE (<10),B2B,Google Maps,3.2,Actif,2026-06-29T00:14:35.744016,haute
BJ-E91BD823,Comptable,Services aux entreprises,Ouessè,+229 51 13 91 23,comptable@comptable.net,comptable.bj,PME (10-50),B2B,Google Maps,4.4,Actif,2026-06-29T00:14:35.744031,haute
BJ-C17A269C,Marketing Partners,Services aux entreprises,Glazoué,+229 56 77 54 77,marketing.partners@marketing.partners.org,,TPE (<10),B2B,Google Maps,4.6,Actif,2026-06-29T00:14:35.744052,moyenne
BJ-B76AA7D7,Fiscal Consulting,Services aux entreprises,Glazoué,+229 28 29 71 72,fiscal.consulting@fiscal.consulting.com,fiscalconsulting.bj,PME (10-50),B2B,Google Maps,3.1,Actif,2026-06-29T00:14:35.744070,haute
BJ-AD3EBCFD,Comptable,Services aux entreprises,Glazoué,+229 47 64 99 74,comptable@comptable.benin,comptable.bj,TPE (<10),B2B,Google Maps,4.6,Actif,2026-06-29T00:14:35.744084,haute
BJ-A1349D20,Bureau Fiscal,Services aux entreprises,Glazoué,+229 48 89 91 81,bureau.fiscal@bureau.fiscal.com,bureaufiscal.bj,TPE (<10),B2B,Google Maps,4.3,Actif,2026-06-29T00:14:35.744101,haute
BJ-BFC16016,Fiscal Glazoué,Services aux entreprises,Glazoué,+229 48 20 35 58,fiscal.glazoué@fiscal.glazoué.bj,fiscalglazoué.bj,PME (10-50),B2B,Google Maps,4.4,Actif,2026-06-29T00:14:35.744118,haute
BJ-AFAEB758,Conseil Communication,Services aux entreprises,Dassa-Zoumè,+229 52 96 40 73,conseil.communication@conseil.communication.org,,PME (10-50),B2B,Google Maps,4.3,Actif,2026-06-29T00:14:35.744143,moyenne
BJ-7DADCAA6,Cabinet Comptable International,Services aux entreprises,Dassa-Zoumè,+229 44 43 92 52,,,PME (10-50),B2B,Google Maps,4.4,Actif,2026-06-29T00:14:35.744157,basse
BJ-F936AF8F,Audit Business Dassa-Zoumè,Services aux entreprises,Dassa-Zoumè,+229 83 29 72 51,audit.business.dassazoumè@audit.business.dassazoumè.net,,Grande (>200),B2B,Google Maps,3.7,Actif,2026-06-29T00:14:35.744172,moyenne
BJ-961FC6EC,Formation,Services aux entreprises,Dassa-Zoumè,+229 31 70 58 54,,formation.bj,PME (10-50),B2B,Google Maps,4.7,Actif,2026-06-29T00:14:35.744190,moyenne
BJ-A7935EA5,Audit Expert Partners,Services aux entreprises,Dassa-Zoumè,+229 20 77 12 13,audit.expert.partners@audit.expert.partners.com,auditexpertpartners.bj,PME (10-50),B2B,Google Maps,4.2,Actif,2026-06-29T00:14:35.744204,haute
BJ-9BC9D58A,Cabinet Conseil,Services aux entreprises,Savalou,+229 29 75 98 43,cabinet.conseil@cabinet.conseil.benin,cabinetconseil.bj,PME (10-50),B2B,Google Maps,4.1,Actif,2026-06-29T00:14:35.744225,haute
BJ-BEFDA2F1,Juridique,Services aux entreprises,Savalou,+229 43 78 25 42,juridique@juridique.benin,juridique.bj,TPE (<10),B2B,Google Maps,3.3,Actif,2026-06-29T00:14:35.744238,haute
BJ-98251E03,Conseil Juridique,Services aux entreprises,Savalou,+229 26 72 32 84,conseil.juridique@conseil.juridique.net,conseiljuridique.bj,TPE (<10),B2B,Google Maps,3.4,Actif,2026-06-29T00:14:35.744252,haute
BJ-00B6B1D9,Bureau RH,Services aux entreprises,Savalou,+229 21 63 13 92,bureau.rh@bureau.rh.net,bureaurh.bj,TPE (<10),B2B,Google Maps,5.0,Actif,2026-06-29T00:14:35.744275,haute
BJ-945DA9DA,Audit Conseil Savalou,Services aux entreprises,Savalou,+229 44 91 63 43,audit.conseil.savalou@audit.conseil.savalou.benin,,TPE (<10),B2B,Google Maps,4.1,Actif,2026-06-29T00:14:35.744290,moyenne
BJ-998FE3C9,Audit Africa,Services aux entreprises,Bantè,+229 89 78 22 51,audit.africa@audit.africa.com,auditafrica.bj,Grande (>200),B2B,Google Maps,3.2,Actif,2026-06-29T00:14:35.744314,haute
BJ-E390E4BB,Conseil International,Services aux entreprises,Bantè,+229 79 57 85 75,conseil.international@conseil.international.benin,,PME (10-50),B2B,Google Maps,4.4,Actif,2026-06-29T00:14:35.744327,moyenne
BJ-3E8E377C,Consulting Marketing Consulting,Services aux entreprises,Bantè,+229 20 46 99 49,consulting.marketing.consulting@consulting.marketing.consulting.net,consultingmarketingconsulting.bj,TPE (<10),B2B,Google Maps,4.2,Actif,2026-06-29T00:14:35.744341,haute
BJ-EE06EEC7,Juridique International,Services aux entreprises,Bantè,+229 56 55 76 10,juridique.international@juridique.international.org,juridiqueinternational.bj,PME (10-50),B2B,Google Maps,5.0,Actif,2026-06-29T00:14:35.744355,haute
BJ-92272E9C,Consulting Juridique Partners Bantè,Services aux entreprises,Bantè,+229 69 28 41 28,consulting.juridique.partners.bantè@consulting.juridique.partners.bantè.org,,PME (10-50),B2B,Google Maps,3.5,Actif,2026-06-29T00:14:35.744369,moyenne
BJ-F8CDC2FD,Bureau Conseil,Services aux entreprises,Djougou,+229 48 19 72 39,,,PME (50-200),B2B,Google Maps,4.7,Actif,2026-06-29T00:14:35.744387,basse
BJ-F85F2C41,Comptable,Services aux entreprises,Djougou,+229 33 86 72 26,comptable@comptable.org,comptable.bj,PME (10-50),B2B,Google Maps,4.2,Actif,2026-06-29T00:14:35.744400,haute
BJ-9E2EFFC8,Conseil Expert Bénin Djougou,Services aux entreprises,Djougou,+229 45 26 84 14,,conseilexpertbénindjougou.bj,PME (10-50),B2B,Google Maps,4.0,Actif,2026-06-29T00:14:35.744423,moyenne
BJ-35C0E740,Cabinet Juridique,Services aux entreprises,Djougou,+229 57 29 77 74,cabinet.juridique@cabinet.juridique.net,cabinetjuridique.bj,PME (10-50),B2B,Google Maps,4.9,Actif,2026-06-29T00:14:35.744472,haute
BJ-4788559A,Consulting,Services aux entreprises,Djougou,+229 96 56 78 84,consulting@consulting.bj,consulting.bj,PME (10-50),B2B,Google Maps,4.3,Actif,2026-06-29T00:14:35.744506,haute
BJ-717367D6,Cabinet Fiscal,Services aux entreprises,Ouèssè,+229 68 95 82 37,cabinet.fiscal@cabinet.fiscal.benin,cabinetfiscal.bj,PME (10-50),B2B,Google Maps,4.5,Actif,2026-06-29T00:14:35.744556,haute
BJ-E0769F4A,Comptable,Services aux entreprises,Ouèssè,+229 92 35 11 86,comptable@comptable.org,comptable.bj,PME (10-50),B2B,Google Maps,3.7,Actif,2026-06-29T00:14:35.744593,haute
BJ-FA1CC021,Juridique Partners,Services aux entreprises,Ouèssè,+229 54 64 60 81,juridique.partners@juridique.partners.benin,,PME (10-50),B2B,Google Maps,3.9,Actif,2026-06-29T00:14:35.744619,moyenne
BJ-139DED1A,Consulting Fiscal Africa,Services aux entreprises,Ouèssè,+229 32 81 62 49,consulting.fiscal.africa@consulting.fiscal.africa.net,,PME (10-50),B2B,Google Maps,4.3,Actif,2026-06-29T00:14:35.744635,moyenne
BJ-4C283F39,RH Consulting,Services aux entreprises,Ouèssè,+229 43 67 14 91,rh.consulting@rh.consulting.org,rhconsulting.bj,TPE (<10),B2B,Google Maps,3.5,Actif,2026-06-29T00:14:35.744650,haute
BJ-3A04791F,Cabinet Audit Advisory,Services aux entreprises,Bassila,+229 80 95 67 12,cabinet.audit.advisory@cabinet.audit.advisory.benin,,PME (50-200),B2B,Google Maps,3.3,Actif,2026-06-29T00:14:35.744695,moyenne
BJ-0406A7BF,Expert,Services aux entreprises,Bassila,+229 58 39 20 69,expert@expert.net,expert.bj,TPE (<10),B2B,Google Maps,3.0,Actif,2026-06-29T00:14:35.744731,haute
BJ-6F89DD3D,Management Africa,Services aux entreprises,Bassila,+229 54 77 62 96,management.africa@management.africa.benin,managementafrica.bj,PME (10-50),B2B,Google Maps,3.6,Actif,2026-06-29T00:14:35.744762,haute
BJ-FCB03637,Agence RH,Services aux entreprises,Bassila,+229 81 48 13 35,,,TPE (<10),B2B,Google Maps,3.5,Actif,2026-06-29T00:14:35.744794,basse
BJ-E5178A11,Bureau Stratégie Bénin,Services aux entreprises,Bassila,+229 54 98 47 77,bureau.stratégie.bénin@bureau.stratégie.bénin.net,,TPE (<10),B2B,Google Maps,4.2,Actif,2026-06-29T00:14:35.744826,moyenne
BJ-5E87DDF7,Agence Management Bénin Pehunco,Services aux entreprises,Pehunco,+229 45 92 34 79,agence.management.bénin.pehunco@agence.management.bénin.pehunco.com,agencemanagementbéninpehunco.bj,PME (50-200),B2B,Google Maps,3.1,Actif,2026-06-29T00:14:35.744869,haute
BJ-264C603C,Conseil Audit Cabinet Pehunco,Services aux entreprises,Pehunco,+229 46 48 74 23,,,Grande (>200),B2B,Google Maps,3.8,Actif,2026-06-29T00:14:35.744910,basse
BJ-BD152373,Conseil Comptable,Services aux entreprises,Pehunco,+229 80 81 62 13,,,Grande (>200),B2B,Google Maps,4.0,Actif,2026-06-29T00:14:35.744940,basse
BJ-29B6D885,Cabinet Communication Bénin,Services aux entreprises,Pehunco,+229 62 84 73 75,cabinet.communication.bénin@cabinet.communication.bénin.com,,Grande (>200),B2B,Google Maps,4.1,Actif,2026-06-29T00:14:35.744977,moyenne
BJ-3EADCCC9,Stratégie Africa,Services aux entreprises,Pehunco,+229 75 70 65 61,stratégie.africa@stratégie.africa.bj,stratégieafrica.bj,TPE (<10),B2B,Google Maps,4.2,Actif,2026-06-29T00:14:35.745010,haute
BJ-2A3C7FF9,Expert RH,Services aux entreprises,Copargo,+229 88 90 48 28,expert.rh@expert.rh.com,,PME (10-50),B2B,Google Maps,3.3,Actif,2026-06-29T00:14:35.745050,moyenne
BJ-401C89FC,Expert,Services aux entreprises,Copargo,+229 48 26 83 80,expert@expert.benin,expert.bj,PME (10-50),B2B,Google Maps,3.8,Actif,2026-06-29T00:14:35.745079,haute
BJ-B61A5047,Bureau Expert Bénin,Services aux entreprises,Copargo,+229 43 28 47 73,bureau.expert.bénin@bureau.expert.bénin.org,,PME (50-200),B2B,Google Maps,3.9,Actif,2026-06-29T00:14:35.745104,moyenne
BJ-F861CD44,Consulting Fiscal,Services aux entreprises,Copargo,+229 77 92 64 41,,,Grande (>200),B2B,Google Maps,3.5,Actif,2026-06-29T00:14:35.745131,basse
BJ-6D317C73,Communication Copargo,Services aux entreprises,Copargo,+229 31 25 76 72,,communicationcopargo.bj,Grande (>200),B2B,Google Maps,3.6,Actif,2026-06-29T00:14:35.745164,moyenne
BJ-D796ADB3,Vert Eau Cotonou,Énergie & Environnement,Cotonou,+229 70 93 47 31,vert.eau.cotonou@vert.eau.cotonou.bj,verteaucotonou.bj,PME (50-200),B2C,Google Maps,4.9,Actif,2026-06-29T00:14:35.745231,haute
BJ-7EDDDE91,Environnement Clean Bénin Cotonou,Énergie & Environnement,Cotonou,+229 41 20 20 53,environnement.clean.bénin.cotonou@environnement.clean.bénin.cotonou.net,environnementcleanbénincotonou.bj,TPE (<10),B2C,Google Maps,4.7,Actif,2026-06-29T00:14:35.745270,haute
BJ-60EA0E7E,Assainissement,Énergie & Environnement,Cotonou,+229 50 44 39 13,assainissement@assainissement.org,assainissement.bj,TPE (<10),B2C,Google Maps,4.8,Actif,2026-06-29T00:14:35.745310,haute
BJ-4A164FC9,Vert,Énergie & Environnement,Cotonou,+229 64 24 70 80,vert@vert.org,vert.bj,PME (10-50),B2B,Google Maps,4.3,Actif,2026-06-29T00:14:35.745345,haute
BJ-982959F8,Eau Environment Cotonou,Énergie & Environnement,Cotonou,+229 90 79 79 25,eau.environment.cotonou@eau.environment.cotonou.bj,,TPE (<10),B2B,Google Maps,3.9,Actif,2026-06-29T00:14:35.745390,moyenne
BJ-35B03A8C,Énergie Eau,Énergie & Environnement,Abomey-Calavi,+229 98 44 65 63,énergie.eau@énergie.eau.com,énergieeau.bj,PME (50-200),B2C,Google Maps,4.8,Actif,2026-06-29T00:14:35.745442,haute
BJ-6AAF456E,Énergie Solaire,Énergie & Environnement,Abomey-Calavi,+229 36 20 53 76,,énergiesolaire.bj,PME (50-200),B2C,Google Maps,3.2,Actif,2026-06-29T00:14:35.745482,moyenne
BJ-AEF42D5D,Énergie Écologie,Énergie & Environnement,Abomey-Calavi,+229 97 95 40 98,énergie.écologie@énergie.écologie.com,énergieécologie.bj,TPE (<10),B2B,Google Maps,4.0,Actif,2026-06-29T00:14:35.745523,haute
BJ-4F4A9F0B,Renouvelable Africa Abomey-Calavi,Énergie & Environnement,Abomey-Calavi,+229 60 96 36 85,renouvelable.africa.abomeycalavi@renouvelable.africa.abomeycalavi.com,renouvelableafricaabomeycalavi.bj,PME (50-200),B2B,Google Maps,3.7,Actif,2026-06-29T00:14:35.745564,haute
BJ-ACC95811,Eau Énergie Solar,Énergie & Environnement,Abomey-Calavi,+229 58 37 81 48,eau.énergie.solar@eau.énergie.solar.com,,TPE (<10),B2B,Google Maps,3.4,Actif,2026-06-29T00:14:35.745595,moyenne
BJ-69704B5E,Solar Énergie Water,Énergie & Environnement,Porto-Novo,+229 69 77 56 97,solar.énergie.water@solar.énergie.water.net,solarénergiewater.bj,TPE (<10),B2C,Google Maps,4.8,Actif,2026-06-29T00:14:35.745643,haute
BJ-E7AB534C,Environnement Éolien Water,Énergie & Environnement,Porto-Novo,+229 29 56 22 27,,environnementéolienwater.bj,PME (10-50),B2C,Google Maps,4.4,Actif,2026-06-29T00:14:35.745677,moyenne
BJ-7A291760,Eau Africa,Énergie & Environnement,Porto-Novo,+229 20 27 56 94,eau.africa@eau.africa.org,eauafrica.bj,TPE (<10),B2B,Google Maps,3.5,Actif,2026-06-29T00:14:35.745696,haute
BJ-F7ACEC05,Écologie,Énergie & Environnement,Porto-Novo,+229 88 19 90 50,,,TPE (<10),B2B,Google Maps,3.1,Actif,2026-06-29T00:14:35.745711,basse
BJ-34F3A23F,Environnement,Énergie & Environnement,Porto-Novo,+229 84 37 44 51,environnement@environnement.com,,TPE (<10),B2B,Google Maps,4.9,Actif,2026-06-29T00:14:35.745726,moyenne
BJ-9E4A599C,Solaire Water,Énergie & Environnement,Parakou,+229 66 19 17 94,solaire.water@solaire.water.org,solairewater.bj,TPE (<10),B2C,Google Maps,4.5,Actif,2026-06-29T00:14:35.745748,haute
BJ-D386F42A,Solar Énergie,Énergie & Environnement,Parakou,+229 63 86 52 93,,solarénergie.bj,Grande (>200),B2C,Google Maps,3.5,Actif,2026-06-29T00:14:35.745764,moyenne
BJ-3FC6F087,Environnement,Énergie & Environnement,Parakou,+229 48 68 62 66,environnement@environnement.com,environnement.bj,PME (10-50),B2B,Google Maps,4.7,Actif,2026-06-29T00:14:35.745785,haute
BJ-1F820518,Éolien Durable,Énergie & Environnement,Parakou,+229 31 22 39 44,éolien.durable@éolien.durable.com,,PME (10-50),B2B,Google Maps,4.3,Actif,2026-06-29T00:14:35.745807,moyenne
BJ-F0FBAA9D,Vert Bénin Parakou,Énergie & Environnement,Parakou,+229 42 34 13 28,vert.bénin.parakou@vert.bénin.parakou.net,,TPE (<10),B2C,Google Maps,4.8,Actif,2026-06-29T00:14:35.745823,moyenne
BJ-E9783438,Eau Solaire Energy,Énergie & Environnement,Bohicon,+229 63 93 92 37,eau.solaire.energy@eau.solaire.energy.benin,,TPE (<10),B2B,Google Maps,3.6,Actif,2026-06-29T00:14:35.745851,moyenne
BJ-CC01D05B,Environnement Écologie,Énergie & Environnement,Bohicon,+229 53 90 81 52,environnement.écologie@environnement.écologie.bj,,TPE (<10),B2B,Google Maps,3.0,Actif,2026-06-29T00:14:35.745869,moyenne
BJ-0CBDC6EE,Renouvelable,Énergie & Environnement,Bohicon,+229 91 25 87 44,,,PME (10-50),B2B,Google Maps,3.4,Actif,2026-06-29T00:14:35.745882,basse
BJ-12716BAA,Power Assainissement Africa,Énergie & Environnement,Bohicon,+229 32 47 79 59,power.assainissement.africa@power.assainissement.africa.com,,PME (50-200),B2B,Google Maps,3.3,Actif,2026-06-29T00:14:35.745915,moyenne
BJ-7E65B078,Durable Bénin,Énergie & Environnement,Bohicon,+229 45 62 54 10,,durablebénin.bj,PME (10-50),B2C,Google Maps,3.6,Actif,2026-06-29T00:14:35.745931,moyenne
BJ-1BC5FCFA,Énergie Bénin,Énergie & Environnement,Natitingou,+229 88 96 63 44,énergie.bénin@énergie.bénin.net,,PME (10-50),B2B,Google Maps,4.9,Actif,2026-06-29T00:14:35.745954,moyenne
BJ-81ACC451,Éolien Vert Natitingou,Énergie & Environnement,Natitingou,+229 84 93 25 40,éolien.vert.natitingou@éolien.vert.natitingou.net,éolienvertnatitingou.bj,TPE (<10),B2B,Google Maps,3.1,Actif,2026-06-29T00:14:35.745992,haute
BJ-71230756,Éolien Durable,Énergie & Environnement,Natitingou,+229 27 66 57 55,éolien.durable@éolien.durable.benin,éoliendurable.bj,PME (10-50),B2C,Google Maps,4.7,Actif,2026-06-29T00:14:35.746026,haute
BJ-70569D52,Solar Solaire,Énergie & Environnement,Natitingou,+229 94 75 36 55,solar.solaire@solar.solaire.benin,solarsolaire.bj,PME (10-50),B2B,Google Maps,4.3,Actif,2026-06-29T00:14:35.746040,haute
BJ-E5867DEB,Environnement Vert,Énergie & Environnement,Lokossa,+229 80 17 64 26,environnement.vert@environnement.vert.org,,TPE (<10),B2B,Google Maps,3.0,Actif,2026-06-29T00:14:35.746061,moyenne
BJ-8CB66489,Environnement,Énergie & Environnement,Lokossa,+229 61 58 52 58,environnement@environnement.com,,TPE (<10),B2C,Google Maps,3.6,Actif,2026-06-29T00:14:35.746076,moyenne
BJ-E7AD96A0,Environnement Eau Water,Énergie & Environnement,Lokossa,+229 69 18 21 58,environnement.eau.water@environnement.eau.water.bj,environnementeauwater.bj,PME (10-50),B2C,Google Maps,3.0,Actif,2026-06-29T00:14:35.746090,haute
BJ-49817F7E,Énergie Water,Énergie & Environnement,Lokossa,+229 66 38 23 53,,,TPE (<10),B2B,Google Maps,3.3,Actif,2026-06-29T00:14:35.746102,basse
BJ-0B80ED50,Power Durable,Énergie & Environnement,Lokossa,+229 76 66 52 69,power.durable@power.durable.benin,,TPE (<10),B2C,Google Maps,3.1,Actif,2026-06-29T00:14:35.746116,moyenne
BJ-F5EF6401,Eau Eau Water,Énergie & Environnement,Ouidah,+229 92 58 87 47,eau.eau.water@eau.eau.water.benin,,PME (50-200),B2C,Google Maps,4.7,Actif,2026-06-29T00:14:35.746143,moyenne
BJ-B7DB61BD,Solaire,Énergie & Environnement,Ouidah,+229 53 73 63 27,solaire@solaire.com,solaire.bj,TPE (<10),B2C,Google Maps,3.1,Actif,2026-06-29T00:14:35.746167,haute
BJ-E7546C5C,Solaire Water,Énergie & Environnement,Ouidah,+229 45 25 76 63,,,PME (10-50),B2C,Google Maps,4.1,Actif,2026-06-29T00:14:35.746180,basse
BJ-97ABB497,Assainissement Environment,Énergie & Environnement,Ouidah,+229 51 46 12 56,assainissement.environment@assainissement.environment.org,assainissementenvironment.bj,PME (10-50),B2C,Google Maps,3.2,Actif,2026-06-29T00:14:35.746199,haute
BJ-2B236E84,Power Clean Ouidah,Énergie & Environnement,Ouidah,+229 83 49 15 50,,powercleanouidah.bj,Grande (>200),B2B,Google Maps,3.7,Actif,2026-06-29T00:14:35.746214,moyenne
BJ-C928446C,Solaire Power,Énergie & Environnement,Savalou,+229 99 67 71 90,solaire.power@solaire.power.net,solairepower.bj,TPE (<10),B2C,Google Maps,3.1,Actif,2026-06-29T00:14:35.746235,haute
BJ-8F4613CB,Vert Power Water,Énergie & Environnement,Savalou,+229 83 26 59 46,vert.power.water@vert.power.water.com,,TPE (<10),B2B,Google Maps,3.1,Actif,2026-06-29T00:14:35.746255,moyenne
BJ-35A78860,Éolien,Énergie & Environnement,Savalou,+229 39 20 35 26,éolien@éolien.bj,éolien.bj,TPE (<10),B2C,Google Maps,3.7,Actif,2026-06-29T00:14:35.746283,haute
BJ-631ACA46,Environnement Écologie,Énergie & Environnement,Savalou,+229 98 96 33 42,,environnementécologie.bj,TPE (<10),B2B,Google Maps,4.3,Actif,2026-06-29T00:14:35.746314,moyenne
BJ-7BFAECC2,Hydraulique Bénin,Énergie & Environnement,Savalou,+229 85 49 83 16,,hydrauliquebénin.bj,TPE (<10),B2B,Google Maps,3.3,Actif,2026-06-29T00:14:35.746331,moyenne
BJ-7090C2A0,Assainissement Water Dassa-Zoumè,Énergie & Environnement,Dassa-Zoumè,+229 63 37 27 73,assainissement.water.dassazoumè@assainissement.water.dassazoumè.benin,,Grande (>200),B2B,Google Maps,3.4,Actif,2026-06-29T00:14:35.746357,moyenne
BJ-11894805,Éolien Environnement SARL Dassa-Zoumè,Énergie & Environnement,Dassa-Zoumè,+229 25 35 64 45,éolien.environnement.sarl.dassazoumè@éolien.environnement.sarl.dassazoumè.com,,Grande (>200),B2B,Google Maps,4.1,Actif,2026-06-29T00:14:35.746375,moyenne
BJ-B1ABBD98,Vert Bénin Dassa-Zoumè,Énergie & Environnement,Dassa-Zoumè,+229 70 50 26 58,vert.bénin.dassazoumè@vert.bénin.dassazoumè.benin,,PME (10-50),B2B,Google Maps,3.1,Actif,2026-06-29T00:14:35.746391,moyenne
BJ-1078ED65,Environnement Vert,Énergie & Environnement,Dassa-Zoumè,+229 86 35 26 46,environnement.vert@environnement.vert.bj,environnementvert.bj,PME (10-50),B2B,Google Maps,4.1,Actif,2026-06-29T00:14:35.746412,haute
BJ-6C337FFC,Hydraulique Dassa-Zoumè,Énergie & Environnement,Dassa-Zoumè,+229 90 31 76 77,,,PME (10-50),B2B,Google Maps,3.6,Actif,2026-06-29T00:14:35.746427,basse
BJ-565F6C47,Environnement Énergie Water,Énergie & Environnement,Kétou,+229 87 62 52 36,environnement.énergie.water@environnement.énergie.water.org,environnementénergiewater.bj,PME (50-200),B2C,Google Maps,3.6,Actif,2026-06-29T00:14:35.746460,haute
BJ-6293FAE2,Power Éolien,Énergie & Environnement,Kétou,+229 26 51 22 14,,poweréolien.bj,PME (50-200),B2B,Google Maps,3.2,Actif,2026-06-29T00:14:35.746477,moyenne
BJ-A2759436,Vert Durable,Énergie & Environnement,Kétou,+229 36 11 52 38,vert.durable@vert.durable.bj,,PME (50-200),B2C,Google Maps,4.9,Actif,2026-06-29T00:14:35.746496,moyenne
BJ-AA0B6D70,Éolien,Énergie & Environnement,Kétou,+229 54 96 49 71,éolien@éolien.org,éolien.bj,TPE (<10),B2B,Google Maps,3.8,Actif,2026-06-29T00:14:35.746513,haute
BJ-E6AF7ACC,Environnement Power,Énergie & Environnement,Kétou,+229 77 54 57 92,environnement.power@environnement.power.bj,,TPE (<10),B2B,Google Maps,4.7,Actif,2026-06-29T00:14:35.746528,moyenne
BJ-72F8E787,Clean,Énergie & Environnement,Covè,+229 30 46 44 86,clean@clean.bj,clean.bj,TPE (<10),B2B,Google Maps,3.3,Actif,2026-06-29T00:14:35.746551,haute
BJ-A23A3B7A,Énergie Water,Énergie & Environnement,Covè,+229 92 98 88 32,énergie.water@énergie.water.com,,PME (10-50),B2C,Google Maps,3.7,Actif,2026-06-29T00:14:35.746566,moyenne
BJ-49F1981C,Écologie,Énergie & Environnement,Covè,+229 77 75 39 95,écologie@écologie.net,écologie.bj,PME (50-200),B2C,Google Maps,3.5,Actif,2026-06-29T00:14:35.746586,haute
BJ-F3BA3135,Eau Power,Énergie & Environnement,Covè,+229 31 55 83 23,eau.power@eau.power.bj,eaupower.bj,PME (10-50),B2B,Google Maps,4.5,Actif,2026-06-29T00:14:35.746606,haute
BJ-C4A45096,Eau Solar,Énergie & Environnement,Pobè,+229 38 90 91 84,eau.solar@eau.solar.org,eausolar.bj,PME (50-200),B2C,Google Maps,4.2,Actif,2026-06-29T00:14:35.746648,haute
BJ-EF886118,Power Vert SARL,Énergie & Environnement,Pobè,+229 75 92 38 98,,,PME (50-200),B2B,Google Maps,4.8,Actif,2026-06-29T00:14:35.746664,basse
BJ-C79D2590,Eau Énergie,Énergie & Environnement,Pobè,+229 69 99 28 74,eau.énergie@eau.énergie.com,eauénergie.bj,TPE (<10),B2B,Google Maps,4.8,Actif,2026-06-29T00:14:35.746680,haute
BJ-3EFA08EF,Solar Éolien,Énergie & Environnement,Pobè,+229 40 88 12 58,solar.éolien@solar.éolien.bj,solaréolien.bj,TPE (<10),B2C,Google Maps,4.7,Actif,2026-06-29T00:14:35.746703,haute
BJ-0F23F42B,Assainissement SARL,Énergie & Environnement,Pobè,+229 23 39 38 88,assainissement.sarl@assainissement.sarl.benin,assainissementsarl.bj,Grande (>200),B2C,Google Maps,4.3,Actif,2026-06-29T00:14:35.746731,haute
BJ-E1006F78,Power Durable,Énergie & Environnement,Sakété,+229 92 79 25 56,power.durable@power.durable.net,,PME (10-50),B2C,Google Maps,4.7,Actif,2026-06-29T00:14:35.746756,moyenne
BJ-4AFB5C56,Hydraulique Solar,Énergie & Environnement,Sakété,+229 79 41 42 50,hydraulique.solar@hydraulique.solar.net,,TPE (<10),B2C,Google Maps,3.7,Actif,2026-06-29T00:14:35.746779,moyenne
BJ-B91DD44D,Énergie Vert Energy,Énergie & Environnement,Sakété,+229 24 46 30 89,énergie.vert.energy@énergie.vert.energy.benin,,PME (10-50),B2B,Google Maps,4.7,Actif,2026-06-29T00:14:35.746798,moyenne
BJ-D3650779,Énergie Africa,Énergie & Environnement,Sakété,+229 78 61 13 11,énergie.africa@énergie.africa.net,énergieafrica.bj,PME (10-50),B2B,Google Maps,3.5,Actif,2026-06-29T00:14:35.746818,haute
BJ-F53C6402,Assainissement,Énergie & Environnement,Sakété,+229 56 76 61 35,,assainissement.bj,PME (50-200),B2B,Google Maps,4.3,Actif,2026-06-29T00:14:35.746839,moyenne
BJ-13D6B643,Solaire Water,Énergie & Environnement,Adjara,+229 68 46 99 56,solaire.water@solaire.water.benin,solairewater.bj,PME (10-50),B2B,Google Maps,3.3,Actif,2026-06-29T00:14:35.746882,haute
BJ-62A0A068,Environnement Durable,Énergie & Environnement,Adjara,+229 62 53 43 17,,environnementdurable.bj,TPE (<10),B2C,Google Maps,3.5,Actif,2026-06-29T00:14:35.746933,moyenne
BJ-3049815A,Power Éolien,Énergie & Environnement,Adjara,+229 54 10 90 10,power.éolien@power.éolien.org,,TPE (<10),B2B,Google Maps,4.0,Actif,2026-06-29T00:14:35.746968,moyenne
BJ-0A3190BE,Vert Écologie Power,Énergie & Environnement,Adjara,+229 80 75 55 21,,,TPE (<10),B2C,Google Maps,4.2,Actif,2026-06-29T00:14:35.746996,basse
BJ-E44D12B4,Durable SARL,Énergie & Environnement,Adjara,+229 59 80 78 45,,,PME (10-50),B2B,Google Maps,3.8,Actif,2026-06-29T00:14:35.747020,basse
BJ-8E2F08C9,Environnement,Énergie & Environnement,Allada,+229 29 14 85 70,environnement@environnement.benin,environnement.bj,TPE (<10),B2C,Google Maps,4.9,Actif,2026-06-29T00:14:35.747059,haute
BJ-E34B7085,Vert Bénin,Énergie & Environnement,Allada,+229 60 91 43 33,,,Grande (>200),B2B,Google Maps,4.8,Actif,2026-06-29T00:14:35.747083,basse
BJ-3E270E46,Vert Écologie,Énergie & Environnement,Allada,+229 94 40 74 31,vert.écologie@vert.écologie.bj,vertécologie.bj,PME (10-50),B2C,Google Maps,3.2,Actif,2026-06-29T00:14:35.747109,haute
BJ-45F54068,Clean Environment Allada,Énergie & Environnement,Allada,+229 68 16 64 27,clean.environment.allada@clean.environment.allada.org,cleanenvironmentallada.bj,TPE (<10),B2C,Google Maps,4.0,Actif,2026-06-29T00:14:35.747150,haute
BJ-EF72E824,Environnement Bénin,Énergie & Environnement,Allada,+229 92 97 89 47,environnement.bénin@environnement.bénin.com,environnementbénin.bj,PME (50-200),B2B,Google Maps,4.7,Actif,2026-06-29T00:14:35.747232,haute
BJ-19FC1537,Éolien Durable SARL,Énergie & Environnement,Aplahoué,+229 47 30 63 81,éolien.durable.sarl@éolien.durable.sarl.benin,éoliendurablesarl.bj,PME (50-200),B2C,Google Maps,4.2,Actif,2026-06-29T00:14:35.747285,haute
BJ-84B80E60,Power Durable Energy,Énergie & Environnement,Aplahoué,+229 27 62 65 50,power.durable.energy@power.durable.energy.com,powerdurableenergy.bj,PME (10-50),B2C,Google Maps,3.5,Actif,2026-06-29T00:14:35.747323,haute
BJ-83999B88,Écologie,Énergie & Environnement,Aplahoué,+229 38 93 23 13,écologie@écologie.net,écologie.bj,PME (10-50),B2C,Google Maps,3.4,Actif,2026-06-29T00:14:35.747359,haute
BJ-37BD0B26,Vert Environment,Énergie & Environnement,Aplahoué,+229 21 95 81 10,vert.environment@vert.environment.benin,vertenvironment.bj,TPE (<10),B2C,Google Maps,5.0,Actif,2026-06-29T00:14:35.747402,haute
BJ-8CA7BBD8,Environnement,Énergie & Environnement,Aplahoué,+229 28 59 24 99,environnement@environnement.com,environnement.bj,PME (50-200),B2C,Google Maps,4.4,Actif,2026-06-29T00:14:35.747437,haute
BJ-AB3842A7,Solar Vert,Énergie & Environnement,Dogbo-Tota,+229 61 24 13 80,solar.vert@solar.vert.net,,TPE (<10),B2B,Google Maps,4.6,Actif,2026-06-29T00:14:35.747489,moyenne
BJ-DA1F9932,Énergie Dogbo-Tota,Énergie & Environnement,Dogbo-Tota,+229 54 75 48 23,énergie.dogbotota@énergie.dogbotota.net,énergiedogbotota.bj,TPE (<10),B2B,Google Maps,3.2,Actif,2026-06-29T00:14:35.747533,haute
BJ-6F805DF5,Vert Hydraulique,Énergie & Environnement,Dogbo-Tota,+229 20 29 80 17,vert.hydraulique@vert.hydraulique.bj,,PME (10-50),B2B,Google Maps,3.0,Actif,2026-06-29T00:14:35.747581,moyenne
BJ-0E7D366A,Solar Power Energy,Énergie & Environnement,Dogbo-Tota,+229 84 98 36 82,solar.power.energy@solar.power.energy.org,solarpowerenergy.bj,PME (10-50),B2B,Google Maps,4.6,Actif,2026-06-29T00:14:35.747625,haute
BJ-BF0CCCF0,Vert Bénin Dogbo-Tota,Énergie & Environnement,Dogbo-Tota,+229 72 80 19 53,,vertbénindogbotota.bj,PME (50-200),B2C,Google Maps,3.3,Actif,2026-06-29T00:14:35.747655,moyenne
BJ-79D80E93,Solaire Power Kpomassè,Énergie & Environnement,Kpomassè,+229 48 10 93 11,solaire.power.kpomassè@solaire.power.kpomassè.net,solairepowerkpomassè.bj,PME (10-50),B2C,Google Maps,4.6,Actif,2026-06-29T00:14:35.747697,haute
BJ-6FAB79AA,Renouvelable Kpomassè,Énergie & Environnement,Kpomassè,+229 93 85 98 91,renouvelable.kpomassè@renouvelable.kpomassè.com,,PME (50-200),B2B,Google Maps,3.6,Actif,2026-06-29T00:14:35.747726,moyenne
BJ-CA300A92,Eau Environment,Énergie & Environnement,Kpomassè,+229 95 11 51 93,,,TPE (<10),B2B,Google Maps,4.3,Actif,2026-06-29T00:14:35.747750,basse
BJ-4B711CC6,Power Éolien Water,Énergie & Environnement,Kpomassè,+229 51 99 76 58,power.éolien.water@power.éolien.water.com,,PME (50-200),B2B,Google Maps,4.7,Actif,2026-06-29T00:14:35.747776,moyenne
BJ-33A23B3D,Clean Kpomassè,Énergie & Environnement,Kpomassè,+229 24 31 70 71,clean.kpomassè@clean.kpomassè.bj,cleankpomassè.bj,TPE (<10),B2C,Google Maps,4.3,Actif,2026-06-29T00:14:35.747802,haute
BJ-36515441,Éolien Énergie Tori-Bossito,Énergie & Environnement,Tori-Bossito,+229 99 89 67 59,éolien.énergie.toribossito@éolien.énergie.toribossito.com,,TPE (<10),B2C,Google Maps,4.6,Actif,2026-06-29T00:14:35.747842,moyenne
BJ-F13995FF,Eau Power,Énergie & Environnement,Tori-Bossito,+229 71 39 31 33,,eaupower.bj,Grande (>200),B2B,Google Maps,3.8,Actif,2026-06-29T00:14:35.747867,moyenne
BJ-ED92BDB4,Hydraulique Environment,Énergie & Environnement,Tori-Bossito,+229 29 75 52 49,hydraulique.environment@hydraulique.environment.benin,hydrauliqueenvironment.bj,Grande (>200),B2C,Google Maps,5.0,Actif,2026-06-29T00:14:35.747908,haute
BJ-6370190A,Éolien Power Environment Tori-Bossito,Énergie & Environnement,Tori-Bossito,+229 51 57 32 46,éolien.power.environment.toribossito@éolien.power.environment.toribossito.net,,PME (10-50),B2C,Google Maps,3.2,Actif,2026-06-29T00:14:35.747957,moyenne
BJ-9608802D,Éolien Clean,Énergie & Environnement,Tori-Bossito,+229 39 96 95 12,,éolienclean.bj,PME (10-50),B2B,Google Maps,3.3,Actif,2026-06-29T00:14:35.747988,moyenne
BJ-81028DB1,Power Eau Africa Grand-Popo,Énergie & Environnement,Grand-Popo,+229 90 46 65 93,power.eau.africa.grandpopo@power.eau.africa.grandpopo.com,powereauafricagrandpopo.bj,PME (50-200),B2B,Google Maps,3.7,Actif,2026-06-29T00:14:35.748041,haute
BJ-CFF5A9E4,Éolien Assainissement Bénin,Énergie & Environnement,Grand-Popo,+229 81 85 21 30,,,TPE (<10),B2C,Google Maps,3.3,Actif,2026-06-29T00:14:35.748065,basse
BJ-6D800871,Énergie Clean,Énergie & Environnement,Grand-Popo,+229 76 90 48 98,,énergieclean.bj,TPE (<10),B2C,Google Maps,4.8,Actif,2026-06-29T00:14:35.748089,moyenne
BJ-FAD35324,Écologie Grand-Popo,Énergie & Environnement,Grand-Popo,+229 74 89 49 53,,écologiegrandpopo.bj,PME (10-50),B2C,Google Maps,3.5,Actif,2026-06-29T00:14:35.748114,moyenne
BJ-A3B3B207,Eau Eau,Énergie & Environnement,Grand-Popo,+229 44 43 54 73,,,TPE (<10),B2C,Google Maps,4.4,Actif,2026-06-29T00:14:35.748134,basse
BJ-2594916B,Solar Solaire,Énergie & Environnement,Athiémé,+229 20 50 27 18,solar.solaire@solar.solaire.net,solarsolaire.bj,PME (10-50),B2C,Google Maps,3.2,Actif,2026-06-29T00:14:35.748170,haute
BJ-CF1E0F86,Solar Écologie Water,Énergie & Environnement,Athiémé,+229 98 32 62 40,solar.écologie.water@solar.écologie.water.org,solarécologiewater.bj,TPE (<10),B2B,Google Maps,3.1,Actif,2026-06-29T00:14:35.748200,haute
BJ-0E16B4BC,Solaire Water,Énergie & Environnement,Athiémé,+229 65 81 22 26,solaire.water@solaire.water.bj,solairewater.bj,PME (10-50),B2C,Google Maps,5.0,Actif,2026-06-29T00:14:35.748227,haute
BJ-1057AE1F,Eau Energy,Énergie & Environnement,Athiémé,+229 30 75 41 11,eau.energy@eau.energy.com,eauenergy.bj,PME (10-50),B2B,Google Maps,3.6,Actif,2026-06-29T00:14:35.748263,haute
BJ-1CBAE059,Énergie Power,Énergie & Environnement,Athiémé,+229 70 22 40 41,énergie.power@énergie.power.org,,PME (50-200),B2C,Google Maps,3.2,Actif,2026-06-29T00:14:35.748289,moyenne
BJ-A9A0C753,Environnement Solaire Water,Énergie & Environnement,Bopa,+229 26 87 89 97,environnement.solaire.water@environnement.solaire.water.benin,environnementsolairewater.bj,TPE (<10),B2C,Google Maps,4.2,Actif,2026-06-29T00:14:35.748335,haute
BJ-8553509A,Solaire Power,Énergie & Environnement,Bopa,+229 71 47 19 81,solaire.power@solaire.power.benin,,PME (10-50),B2C,Google Maps,3.9,Actif,2026-06-29T00:14:35.748390,moyenne
BJ-D08C2ED6,Power Eau,Énergie & Environnement,Bopa,+229 55 81 91 58,power.eau@power.eau.com,powereau.bj,PME (10-50),B2C,Google Maps,4.0,Actif,2026-06-29T00:14:35.748434,haute
BJ-341C5BFB,Écologie Bénin Bopa,Énergie & Environnement,Bopa,+229 88 77 45 28,écologie.bénin.bopa@écologie.bénin.bopa.com,écologiebéninbopa.bj,TPE (<10),B2C,Google Maps,3.1,Actif,2026-06-29T00:14:35.748472,haute
BJ-400EE8B7,Énergie Solaire Power,Énergie & Environnement,Bopa,+229 95 35 79 64,énergie.solaire.power@énergie.solaire.power.benin,énergiesolairepower.bj,TPE (<10),B2C,Google Maps,4.0,Actif,2026-06-29T00:14:35.748514,haute
BJ-48C1EE43,Clean Water Houéyogbé,Énergie & Environnement,Houéyogbé,+229 84 80 85 92,clean.water.houéyogbé@clean.water.houéyogbé.com,,TPE (<10),B2B,Google Maps,4.3,Actif,2026-06-29T00:14:35.748556,moyenne
BJ-503B3B03,Hydraulique,Énergie & Environnement,Houéyogbé,+229 30 67 57 85,,hydraulique.bj,TPE (<10),B2C,Google Maps,4.5,Actif,2026-06-29T00:14:35.748585,moyenne
BJ-72C20346,Hydraulique Power,Énergie & Environnement,Houéyogbé,+229 49 12 83 58,hydraulique.power@hydraulique.power.net,,PME (50-200),B2C,Google Maps,4.1,Actif,2026-06-29T00:14:35.748625,moyenne
BJ-A3F5DC92,Éolien Assainissement Power,Énergie & Environnement,Houéyogbé,+229 59 55 22 53,éolien.assainissement.power@éolien.assainissement.power.org,éolienassainissementpower.bj,TPE (<10),B2C,Google Maps,3.3,Actif,2026-06-29T00:14:35.748659,haute
BJ-CCFD2579,Éolien Énergie Solar,Énergie & Environnement,Houéyogbé,+229 99 80 38 10,éolien.énergie.solar@éolien.énergie.solar.benin,éolienénergiesolar.bj,PME (50-200),B2C,Google Maps,4.6,Actif,2026-06-29T00:14:35.748689,haute
BJ-5524DF9E,Écologie,Énergie & Environnement,Malanville,+229 25 44 91 78,écologie@écologie.org,,TPE (<10),B2C,Google Maps,4.4,Actif,2026-06-29T00:14:35.748725,moyenne
BJ-DFBBE438,Éolien Vert Energy Malanville,Énergie & Environnement,Malanville,+229 53 39 69 95,éolien.vert.energy.malanville@éolien.vert.energy.malanville.benin,éolienvertenergymalanville.bj,PME (10-50),B2B,Google Maps,3.4,Actif,2026-06-29T00:14:35.748754,haute
BJ-3F0AFE1C,Power Water,Énergie & Environnement,Malanville,+229 92 38 93 36,power.water@power.water.net,powerwater.bj,TPE (<10),B2C,Google Maps,4.0,Actif,2026-06-29T00:14:35.748810,haute
BJ-4B80D8F8,Environnement Vert,Énergie & Environnement,Malanville,+229 53 36 89 13,environnement.vert@environnement.vert.com,,PME (50-200),B2C,Google Maps,4.7,Actif,2026-06-29T00:14:35.748835,moyenne
BJ-B9A83FE3,Power Water,Énergie & Environnement,Kandi,+229 31 36 49 12,,powerwater.bj,PME (50-200),B2B,Google Maps,3.8,Actif,2026-06-29T00:14:35.748882,moyenne
BJ-3C4928EE,Éolien Renouvelable,Énergie & Environnement,Kandi,+229 75 52 62 48,éolien.renouvelable@éolien.renouvelable.benin,,Grande (>200),B2B,Google Maps,3.7,Actif,2026-06-29T00:14:35.748930,moyenne
BJ-ACB6210D,Environnement Clean,Énergie & Environnement,Kandi,+229 28 27 41 93,,,TPE (<10),B2B,Google Maps,3.1,Actif,2026-06-29T00:14:35.748954,basse
BJ-E1F7F6B6,Eau Power,Énergie & Environnement,Kandi,+229 67 53 64 91,,eaupower.bj,PME (10-50),B2B,Google Maps,3.8,Actif,2026-06-29T00:14:35.748986,moyenne
BJ-3D0862D5,Éolien Renouvelable Water,Énergie & Environnement,Kandi,+229 37 11 71 47,éolien.renouvelable.water@éolien.renouvelable.water.net,éolienrenouvelablewater.bj,PME (10-50),B2C,Google Maps,3.4,Actif,2026-06-29T00:14:35.749016,haute
BJ-7CC9CFEA,Énergie Hydraulique Bénin,Énergie & Environnement,Banikoara,+229 63 99 44 90,,énergiehydrauliquebénin.bj,PME (50-200),B2B,Google Maps,3.6,Actif,2026-06-29T00:14:35.749057,moyenne
BJ-232F1413,Vert,Énergie & Environnement,Banikoara,+229 63 16 72 62,vert@vert.net,,PME (10-50),B2C,Google Maps,4.1,Actif,2026-06-29T00:14:35.749081,moyenne
BJ-6E33F87C,Éolien,Énergie & Environnement,Banikoara,+229 41 78 28 35,,,Grande (>200),B2C,Google Maps,4.5,Actif,2026-06-29T00:14:35.749110,basse
BJ-1F4A71C5,Eau,Énergie & Environnement,Banikoara,+229 47 48 95 74,eau@eau.org,,PME (50-200),B2B,Google Maps,3.9,Actif,2026-06-29T00:14:35.749137,moyenne
BJ-D42202F3,Environnement Clean Water,Énergie & Environnement,Banikoara,+229 54 69 51 31,,environnementcleanwater.bj,Grande (>200),B2C,Google Maps,4.9,Actif,2026-06-29T00:14:35.749160,moyenne
BJ-1B54FEDE,Eau Durable Power,Énergie & Environnement,Ségbana,+229 41 72 11 92,eau.durable.power@eau.durable.power.org,eaudurablepower.bj,TPE (<10),B2B,Google Maps,3.3,Actif,2026-06-29T00:14:35.749201,haute
BJ-62FED560,Énergie,Énergie & Environnement,Ségbana,+229 60 54 39 50,,énergie.bj,TPE (<10),B2C,Google Maps,4.3,Actif,2026-06-29T00:14:35.749241,moyenne
BJ-38328FB7,Assainissement,Énergie & Environnement,Ségbana,+229 48 37 78 88,assainissement@assainissement.org,assainissement.bj,TPE (<10),B2C,Google Maps,3.2,Actif,2026-06-29T00:14:35.749273,haute
BJ-424FC0F5,Vert Solar,Énergie & Environnement,Ségbana,+229 86 74 70 33,vert.solar@vert.solar.bj,vertsolar.bj,PME (10-50),B2C,Google Maps,3.7,Actif,2026-06-29T00:14:35.749296,haute
BJ-76D24247,Vert Durable Power,Énergie & Environnement,Ségbana,+229 94 20 46 53,,vertdurablepower.bj,TPE (<10),B2C,Google Maps,4.2,Actif,2026-06-29T00:14:35.749311,moyenne
BJ-7DED38B4,Power Durable Solar,Énergie & Environnement,Karimama,+229 31 22 56 66,power.durable.solar@power.durable.solar.net,,PME (50-200),B2B,Google Maps,4.6,Actif,2026-06-29T00:14:35.749334,moyenne
BJ-1AD1BA89,Power Environnement Bénin,Énergie & Environnement,Karimama,+229 88 18 64 39,power.environnement.bénin@power.environnement.bénin.bj,,Grande (>200),B2C,Google Maps,4.1,Actif,2026-06-29T00:14:35.749352,moyenne
BJ-3BC00AB7,Solar Eau,Énergie & Environnement,Karimama,+229 26 92 52 76,solar.eau@solar.eau.net,solareau.bj,TPE (<10),B2C,Google Maps,3.9,Actif,2026-06-29T00:14:35.749368,haute
BJ-9934FF39,Éolien Éolien Africa,Énergie & Environnement,Karimama,+229 56 34 16 82,éolien.éolien.africa@éolien.éolien.africa.bj,éolienéolienafrica.bj,TPE (<10),B2B,Google Maps,3.3,Actif,2026-06-29T00:14:35.749384,haute
BJ-3E9CD4C2,Vert,Énergie & Environnement,Karimama,+229 40 74 17 46,vert@vert.benin,vert.bj,TPE (<10),B2C,Google Maps,3.1,Actif,2026-06-29T00:14:35.749399,haute
BJ-AA4D82DF,Power,Énergie & Environnement,Gogounou,+229 90 15 76 85,power@power.bj,,PME (50-200),B2C,Google Maps,4.8,Actif,2026-06-29T00:14:35.749419,moyenne
BJ-3B72910F,Solar Vert Power Gogounou,Énergie & Environnement,Gogounou,+229 29 74 30 32,solar.vert.power.gogounou@solar.vert.power.gogounou.org,,TPE (<10),B2C,Google Maps,4.7,Actif,2026-06-29T00:14:35.749435,moyenne
BJ-BB2B802D,Vert Clean,Énergie & Environnement,Gogounou,+229 58 90 21 88,vert.clean@vert.clean.com,vertclean.bj,TPE (<10),B2C,Google Maps,4.8,Actif,2026-06-29T00:14:35.749450,haute
BJ-B2B43204,Hydraulique,Énergie & Environnement,Gogounou,+229 28 52 94 80,hydraulique@hydraulique.bj,,PME (10-50),B2C,Google Maps,3.1,Actif,2026-06-29T00:14:35.749471,moyenne
BJ-9257ADDD,Assainissement Water Gogounou,Énergie & Environnement,Gogounou,+229 92 13 92 69,assainissement.water.gogounou@assainissement.water.gogounou.bj,,TPE (<10),B2C,Google Maps,3.8,Actif,2026-06-29T00:14:35.749487,moyenne
BJ-65F87BE4,Vert Renouvelable,Énergie & Environnement,Cobly,+229 50 70 13 17,,vertrenouvelable.bj,TPE (<10),B2C,Google Maps,3.1,Actif,2026-06-29T00:14:35.749509,moyenne
BJ-16B70E71,Écologie Africa,Énergie & Environnement,Cobly,+229 76 12 92 54,écologie.africa@écologie.africa.bj,écologieafrica.bj,PME (50-200),B2C,Google Maps,3.9,Actif,2026-06-29T00:14:35.749526,haute
BJ-DD06061A,Écologie Power Cobly,Énergie & Environnement,Cobly,+229 79 15 73 23,,,Grande (>200),B2C,Google Maps,4.5,Actif,2026-06-29T00:14:35.749561,basse
BJ-61D1C1AC,Écologie Power,Énergie & Environnement,Cobly,+229 83 97 49 42,écologie.power@écologie.power.org,,PME (50-200),B2C,Google Maps,4.3,Actif,2026-06-29T00:14:35.749576,moyenne
BJ-69FC002E,Énergie Environnement Solar,Énergie & Environnement,Cobly,+229 24 85 83 43,énergie.environnement.solar@énergie.environnement.solar.com,énergieenvironnementsolar.bj,TPE (<10),B2C,Google Maps,3.5,Actif,2026-06-29T00:14:35.749593,haute
BJ-CA087F1B,Vert Eau Bénin Tanguiéta,Énergie & Environnement,Tanguiéta,+229 99 87 32 97,vert.eau.bénin.tanguiéta@vert.eau.bénin.tanguiéta.bj,,TPE (<10),B2C,Google Maps,3.7,Actif,2026-06-29T00:14:35.749621,moyenne
BJ-991E6C9A,Écologie Tanguiéta,Énergie & Environnement,Tanguiéta,+229 45 87 20 27,,écologietanguiéta.bj,Grande (>200),B2B,Google Maps,3.0,Actif,2026-06-29T00:14:35.749638,moyenne
BJ-F601CD70,Éolien Clean,Énergie & Environnement,Tanguiéta,+229 51 94 44 59,éolien.clean@éolien.clean.bj,éolienclean.bj,TPE (<10),B2C,Google Maps,3.9,Actif,2026-06-29T00:14:35.749655,haute
BJ-1773CF8D,Énergie Africa,Énergie & Environnement,Tanguiéta,+229 97 16 98 93,énergie.africa@énergie.africa.benin,,PME (10-50),B2B,Google Maps,4.5,Actif,2026-06-29T00:14:35.749673,moyenne
BJ-A1445DEB,Hydraulique Water,Énergie & Environnement,Tanguiéta,+229 92 61 17 64,hydraulique.water@hydraulique.water.bj,hydrauliquewater.bj,TPE (<10),B2B,Google Maps,4.5,Actif,2026-06-29T00:14:35.749704,haute
BJ-2D69BD0C,Hydraulique Bénin,Énergie & Environnement,Matéri,+229 43 61 59 14,hydraulique.bénin@hydraulique.bénin.org,,Grande (>200),B2B,Google Maps,4.1,Actif,2026-06-29T00:14:35.749747,moyenne
BJ-1801EF24,Vert Vert,Énergie & Environnement,Matéri,+229 21 50 45 17,vert.vert@vert.vert.net,vertvert.bj,PME (50-200),B2B,Google Maps,3.3,Actif,2026-06-29T00:14:35.749788,haute
BJ-6D0028CD,Hydraulique,Énergie & Environnement,Matéri,+229 74 22 12 41,,,TPE (<10),B2B,Google Maps,4.9,Actif,2026-06-29T00:14:35.749819,basse
BJ-B4F916C7,Durable Matéri,Énergie & Environnement,Matéri,+229 24 93 64 44,,,PME (10-50),B2C,Google Maps,4.8,Actif,2026-06-29T00:14:35.749851,basse
BJ-11E5AAB4,Eau Éolien Matéri,Énergie & Environnement,Matéri,+229 46 60 28 27,eau.éolien.matéri@eau.éolien.matéri.benin,eauéolienmatéri.bj,PME (10-50),B2C,Google Maps,3.6,Actif,2026-06-29T00:14:35.749884,haute
BJ-26892470,Énergie Power,Énergie & Environnement,Natitingou,+229 83 10 80 91,énergie.power@énergie.power.benin,énergiepower.bj,TPE (<10),B2B,Google Maps,4.7,Actif,2026-06-29T00:14:35.749954,haute
BJ-29B07803,Éolien Energy,Énergie & Environnement,Natitingou,+229 36 55 20 75,,éolienenergy.bj,PME (50-200),B2C,Google Maps,3.7,Actif,2026-06-29T00:14:35.749993,moyenne
BJ-073E2828,Renouvelable,Énergie & Environnement,Natitingou,+229 50 71 83 60,renouvelable@renouvelable.bj,,Grande (>200),B2B,Google Maps,4.3,Actif,2026-06-29T00:14:35.750018,moyenne
BJ-DBAACFCE,Environnement Assainissement Bénin,Énergie & Environnement,Natitingou,+229 68 20 59 95,environnement.assainissement.bénin@environnement.assainissement.bénin.bj,environnementassainissementbénin.bj,PME (10-50),B2B,Google Maps,4.2,Actif,2026-06-29T00:14:35.750039,haute
BJ-51505C5D,Eau Renouvelable Water,Énergie & Environnement,Toucountouna,+229 29 49 38 60,eau.renouvelable.water@eau.renouvelable.water.bj,eaurenouvelablewater.bj,PME (50-200),B2B,Google Maps,3.4,Actif,2026-06-29T00:14:35.750077,haute
BJ-520F952D,Environnement Africa,Énergie & Environnement,Toucountouna,+229 23 11 84 12,environnement.africa@environnement.africa.com,environnementafrica.bj,TPE (<10),B2C,Google Maps,4.2,Actif,2026-06-29T00:14:35.750093,haute
BJ-110317BD,Assainissement Africa,Énergie & Environnement,Toucountouna,+229 32 29 18 59,assainissement.africa@assainissement.africa.net,,TPE (<10),B2B,Google Maps,4.8,Actif,2026-06-29T00:14:35.750110,moyenne
BJ-30E234B6,Vert Énergie Water,Énergie & Environnement,Toucountouna,+229 49 99 51 35,vert.énergie.water@vert.énergie.water.com,verténergiewater.bj,TPE (<10),B2B,Google Maps,3.7,Actif,2026-06-29T00:14:35.750127,haute
BJ-D7FE2B8C,Vert Clean Toucountouna,Énergie & Environnement,Toucountouna,+229 83 46 61 70,vert.clean.toucountouna@vert.clean.toucountouna.benin,vertcleantoucountouna.bj,PME (10-50),B2C,Google Maps,4.8,Actif,2026-06-29T00:14:35.750142,haute
BJ-23CDBF4C,Solar Écologie Power,Énergie & Environnement,Boukoumbé,+229 45 97 78 55,solar.écologie.power@solar.écologie.power.com,,PME (10-50),B2B,Google Maps,3.3,Actif,2026-06-29T00:14:35.750163,moyenne
BJ-5A28E0BB,Clean Power,Énergie & Environnement,Boukoumbé,+229 99 97 65 96,,cleanpower.bj,PME (10-50),B2B,Google Maps,4.3,Actif,2026-06-29T00:14:35.750177,moyenne
BJ-9137C3D9,Renouvelable Energy,Énergie & Environnement,Boukoumbé,+229 59 89 80 50,,renouvelableenergy.bj,PME (50-200),B2C,Google Maps,4.0,Actif,2026-06-29T00:14:35.750191,moyenne
BJ-3473A07D,Éolien Solaire Solar,Énergie & Environnement,Boukoumbé,+229 24 55 10 63,éolien.solaire.solar@éolien.solaire.solar.net,éoliensolairesolar.bj,PME (10-50),B2B,Google Maps,3.0,Actif,2026-06-29T00:14:35.750210,haute
BJ-F8912D9B,Power Boukoumbé,Énergie & Environnement,Boukoumbé,+229 54 23 82 28,power.boukoumbé@power.boukoumbé.net,,TPE (<10),B2C,Google Maps,4.1,Actif,2026-06-29T00:14:35.750226,moyenne
BJ-BBCDE018,Durable,Énergie & Environnement,Kouandé,+229 22 10 81 50,durable@durable.net,durable.bj,TPE (<10),B2B,Google Maps,3.4,Actif,2026-06-29T00:14:35.750248,haute
BJ-D0E93B5F,Hydraulique,Énergie & Environnement,Kouandé,+229 22 57 18 21,hydraulique@hydraulique.com,hydraulique.bj,PME (10-50),B2C,Google Maps,3.4,Actif,2026-06-29T00:14:35.750263,haute
BJ-495986CD,Power Assainissement,Énergie & Environnement,Kouandé,+229 97 10 23 31,power.assainissement@power.assainissement.benin,powerassainissement.bj,PME (50-200),B2B,Google Maps,3.9,Actif,2026-06-29T00:14:35.750282,haute
BJ-52C510B8,Écologie Africa Kouandé,Énergie & Environnement,Kouandé,+229 59 35 28 20,,,TPE (<10),B2C,Google Maps,3.1,Actif,2026-06-29T00:14:35.750296,basse
BJ-0F44B1C8,Environnement Eau Power,Énergie & Environnement,Kouandé,+229 81 68 77 18,environnement.eau.power@environnement.eau.power.benin,,PME (50-200),B2B,Google Maps,3.2,Actif,2026-06-29T00:14:35.750310,moyenne
BJ-726AC130,Solaire SARL,Énergie & Environnement,Péhunco,+229 57 10 56 25,solaire.sarl@solaire.sarl.net,solairesarl.bj,PME (10-50),B2C,Google Maps,3.4,Actif,2026-06-29T00:14:35.750331,haute
BJ-91188049,Vert Éolien,Énergie & Environnement,Péhunco,+229 76 83 98 12,vert.éolien@vert.éolien.org,vertéolien.bj,Grande (>200),B2B,Google Maps,3.9,Actif,2026-06-29T00:14:35.750356,haute
BJ-749D13FE,Éolien Hydraulique Péhunco,Énergie & Environnement,Péhunco,+229 45 33 83 88,,,TPE (<10),B2C,Google Maps,3.1,Actif,2026-06-29T00:14:35.750370,basse
BJ-58BBBFF0,Eau Vert Africa,Énergie & Environnement,Péhunco,+229 65 32 21 87,eau.vert.africa@eau.vert.africa.org,,PME (50-200),B2C,Google Maps,4.5,Actif,2026-06-29T00:14:35.750387,moyenne
BJ-8C9F4DFB,Environnement Énergie Péhunco,Énergie & Environnement,Péhunco,+229 30 77 11 28,environnement.énergie.péhunco@environnement.énergie.péhunco.bj,environnementénergiepéhunco.bj,TPE (<10),B2C,Google Maps,4.1,Actif,2026-06-29T00:14:35.750404,haute
BJ-92C48199,Power Tchaourou,Énergie & Environnement,Tchaourou,+229 80 69 15 27,power.tchaourou@power.tchaourou.com,powertchaourou.bj,TPE (<10),B2C,Google Maps,3.9,Actif,2026-06-29T00:14:35.750424,haute
BJ-E8454259,Environnement Solaire Energy,Énergie & Environnement,Tchaourou,+229 50 70 65 60,environnement.solaire.energy@environnement.solaire.energy.bj,,TPE (<10),B2B,Google Maps,3.9,Actif,2026-06-29T00:14:35.750439,moyenne
BJ-2B19BA3C,Power Écologie Water,Énergie & Environnement,Tchaourou,+229 75 90 81 36,power.écologie.water@power.écologie.water.com,powerécologiewater.bj,Grande (>200),B2C,Google Maps,3.0,Actif,2026-06-29T00:14:35.750454,haute
BJ-84E8C415,Éolien Energy,Énergie & Environnement,Tchaourou,+229 86 68 77 19,éolien.energy@éolien.energy.net,,TPE (<10),B2C,Google Maps,4.1,Actif,2026-06-29T00:14:35.750469,moyenne
BJ-CC4BA29A,Environnement,Énergie & Environnement,Tchaourou,+229 59 47 16 32,environnement@environnement.com,environnement.bj,TPE (<10),B2C,Google Maps,4.1,Actif,2026-06-29T00:14:35.750483,haute
BJ-09E20B62,Clean Energy,Énergie & Environnement,Nikki,+229 47 67 20 90,clean.energy@clean.energy.bj,cleanenergy.bj,PME (10-50),B2B,Google Maps,3.1,Actif,2026-06-29T00:14:35.750503,haute
BJ-41B985EA,Eau Assainissement,Énergie & Environnement,Nikki,+229 38 54 29 57,eau.assainissement@eau.assainissement.org,eauassainissement.bj,PME (50-200),B2C,Google Maps,3.9,Actif,2026-06-29T00:14:35.750519,haute
BJ-120653FF,Éolien Eau Africa Nikki,Énergie & Environnement,Nikki,+229 58 80 42 24,éolien.eau.africa.nikki@éolien.eau.africa.nikki.com,éolieneauafricanikki.bj,PME (50-200),B2C,Google Maps,4.0,Actif,2026-06-29T00:14:35.750535,haute
BJ-71B1851D,Écologie Environment,Énergie & Environnement,Nikki,+229 58 85 53 41,écologie.environment@écologie.environment.net,écologieenvironment.bj,TPE (<10),B2C,Google Maps,3.6,Actif,2026-06-29T00:14:35.750557,haute
BJ-47F88EBD,Éolien,Énergie & Environnement,Nikki,+229 46 55 63 96,éolien@éolien.benin,éolien.bj,PME (50-200),B2C,Google Maps,4.8,Actif,2026-06-29T00:14:35.750572,haute
BJ-E8C93094,Power,Énergie & Environnement,Bembéréké,+229 63 31 10 50,power@power.benin,,TPE (<10),B2C,Google Maps,4.1,Actif,2026-06-29T00:14:35.750593,moyenne
BJ-9D523A07,Eau Écologie Energy,Énergie & Environnement,Bembéréké,+229 55 91 29 43,,eauécologieenergy.bj,PME (50-200),B2B,Google Maps,4.5,Actif,2026-06-29T00:14:35.750607,moyenne
BJ-D59C7BCA,Eau Power,Énergie & Environnement,Bembéréké,+229 71 54 34 57,eau.power@eau.power.com,,TPE (<10),B2C,Google Maps,3.5,Actif,2026-06-29T00:14:35.750622,moyenne
BJ-59A9C7F5,Éolien Power Water,Énergie & Environnement,Bembéréké,+229 40 53 73 83,éolien.power.water@éolien.power.water.benin,éolienpowerwater.bj,PME (10-50),B2C,Google Maps,4.0,Actif,2026-06-29T00:14:35.750636,haute
BJ-06640BFC,Renouvelable,Énergie & Environnement,Bembéréké,+229 82 96 91 60,renouvelable@renouvelable.com,renouvelable.bj,PME (10-50),B2B,Google Maps,4.4,Actif,2026-06-29T00:14:35.750651,haute
BJ-974EEC23,Solar Clean,Énergie & Environnement,Kalalé,+229 41 72 16 92,,solarclean.bj,PME (50-200),B2C,Google Maps,4.8,Actif,2026-06-29T00:14:35.750671,moyenne
BJ-5E7C6FFD,Renouvelable,Énergie & Environnement,Kalalé,+229 31 55 18 37,renouvelable@renouvelable.bj,renouvelable.bj,TPE (<10),B2B,Google Maps,3.3,Actif,2026-06-29T00:14:35.750689,haute
BJ-87A34B81,Solaire Africa,Énergie & Environnement,Kalalé,+229 30 34 30 71,solaire.africa@solaire.africa.org,solaireafrica.bj,TPE (<10),B2B,Google Maps,4.9,Actif,2026-06-29T00:14:35.750704,haute
BJ-5D0708C6,Éolien Solaire,Énergie & Environnement,Kalalé,+229 40 79 92 93,,,Grande (>200),B2B,Google Maps,4.3,Actif,2026-06-29T00:14:35.750720,basse
BJ-70005852,Éolien Assainissement Solar,Énergie & Environnement,Kalalé,+229 67 93 98 80,éolien.assainissement.solar@éolien.assainissement.solar.benin,,PME (10-50),B2B,Google Maps,4.6,Actif,2026-06-29T00:14:35.750736,moyenne
BJ-12DFBC00,Environnement,Énergie & Environnement,Ndali,+229 33 76 38 36,environnement@environnement.com,environnement.bj,PME (10-50),B2C,Google Maps,4.9,Actif,2026-06-29T00:14:35.750777,haute
BJ-96885468,Vert Power SARL,Énergie & Environnement,Ndali,+229 46 45 63 52,vert.power.sarl@vert.power.sarl.benin,vertpowersarl.bj,PME (50-200),B2C,Google Maps,3.9,Actif,2026-06-29T00:14:35.750793,haute
BJ-5A02BB62,Vert Éolien Africa,Énergie & Environnement,Ndali,+229 80 73 36 74,,,PME (10-50),B2C,Google Maps,3.9,Actif,2026-06-29T00:14:35.750818,basse
BJ-DADDFEF5,Éolien Power Environment,Énergie & Environnement,Ndali,+229 90 30 98 25,éolien.power.environment@éolien.power.environment.com,éolienpowerenvironment.bj,Grande (>200),B2B,Google Maps,4.9,Actif,2026-06-29T00:14:35.750836,haute
BJ-F4D28333,Eau Renouvelable Energy,Énergie & Environnement,Ségbana,+229 91 42 44 46,,eaurenouvelableenergy.bj,PME (10-50),B2B,Google Maps,4.1,Actif,2026-06-29T00:14:35.750857,moyenne
BJ-CB38B7DC,Énergie Renouvelable Power,Énergie & Environnement,Ségbana,+229 80 89 97 62,énergie.renouvelable.power@énergie.renouvelable.power.benin,,PME (10-50),B2C,Google Maps,4.1,Actif,2026-06-29T00:14:35.750872,moyenne
BJ-5F59735D,Clean Ségbana,Énergie & Environnement,Ségbana,+229 95 23 61 37,,cleanségbana.bj,TPE (<10),B2C,Google Maps,3.8,Actif,2026-06-29T00:14:35.750887,moyenne
BJ-10D7F0F3,Eau Solaire Water,Énergie & Environnement,Ségbana,+229 24 79 13 50,eau.solaire.water@eau.solaire.water.bj,eausolairewater.bj,TPE (<10),B2B,Google Maps,4.2,Actif,2026-06-29T00:14:35.750921,haute
BJ-4955751A,Eau Hydraulique Ségbana,Énergie & Environnement,Ségbana,+229 84 62 89 94,,eauhydrauliqueségbana.bj,PME (10-50),B2C,Google Maps,4.8,Actif,2026-06-29T00:14:35.750936,moyenne
BJ-65CFCBF4,Power Hydraulique Energy,Énergie & Environnement,Tchaourou,+229 28 21 39 99,,powerhydrauliqueenergy.bj,TPE (<10),B2C,Google Maps,3.7,Actif,2026-06-29T00:14:35.750957,moyenne
BJ-8AFFC509,Eau Eau,Énergie & Environnement,Tchaourou,+229 83 26 89 26,eau.eau@eau.eau.bj,eaueau.bj,TPE (<10),B2B,Google Maps,4.4,Actif,2026-06-29T00:14:35.750972,haute
BJ-37598194,Renouvelable Bénin,Énergie & Environnement,Tchaourou,+229 20 11 72 23,,,PME (10-50),B2B,Google Maps,4.9,Actif,2026-06-29T00:14:35.750986,basse
BJ-20541625,Eau Éolien,Énergie & Environnement,Tchaourou,+229 38 47 33 90,eau.éolien@eau.éolien.benin,,PME (10-50),B2C,Google Maps,4.4,Actif,2026-06-29T00:14:35.751001,moyenne
BJ-7BB26191,Assainissement Bénin,Énergie & Environnement,Tchaourou,+229 71 82 57 40,assainissement.bénin@assainissement.bénin.com,assainissementbénin.bj,TPE (<10),B2B,Google Maps,5.0,Actif,2026-06-29T00:14:35.751016,haute
BJ-1475F121,Éolien,Énergie & Environnement,Bétérou,+229 60 39 64 20,éolien@éolien.benin,,PME (10-50),B2C,Google Maps,3.1,Actif,2026-06-29T00:14:35.751037,moyenne
BJ-7A531445,Environnement Solar,Énergie & Environnement,Bétérou,+229 75 27 50 99,environnement.solar@environnement.solar.com,,TPE (<10),B2B,Google Maps,4.9,Actif,2026-06-29T00:14:35.751051,moyenne
BJ-10510F8C,Eau Éolien,Énergie & Environnement,Bétérou,+229 37 79 16 36,,,TPE (<10),B2B,Google Maps,3.6,Actif,2026-06-29T00:14:35.751063,basse
BJ-15DE7D85,Eau Clean,Énergie & Environnement,Bétérou,+229 63 52 83 70,,eauclean.bj,PME (10-50),B2B,Google Maps,4.9,Actif,2026-06-29T00:14:35.751086,moyenne
BJ-C3420D9A,Éolien Clean Bétérou,Énergie & Environnement,Bétérou,+229 40 43 25 57,éolien.clean.bétérou@éolien.clean.bétérou.org,éoliencleanbétérou.bj,Grande (>200),B2B,Google Maps,4.8,Actif,2026-06-29T00:14:35.751103,haute
BJ-3A4CF5A4,Power,Énergie & Environnement,Ouessè,+229 55 53 52 29,power@power.com,power.bj,TPE (<10),B2C,Google Maps,3.2,Actif,2026-06-29T00:14:35.751124,haute
BJ-B5FD9AFA,Solar Hydraulique Ouessè,Énergie & Environnement,Ouessè,+229 55 18 80 89,solar.hydraulique.ouessè@solar.hydraulique.ouessè.net,solarhydrauliqueouessè.bj,PME (10-50),B2C,Google Maps,4.7,Actif,2026-06-29T00:14:35.751144,haute
BJ-D1D46DB1,Eau,Énergie & Environnement,Ouessè,+229 36 45 13 16,,eau.bj,PME (10-50),B2C,Google Maps,4.2,Actif,2026-06-29T00:14:35.751157,moyenne
BJ-1F4FC9D2,Solaire Water,Énergie & Environnement,Ouessè,+229 68 46 47 89,solaire.water@solaire.water.org,solairewater.bj,PME (10-50),B2C,Google Maps,4.6,Actif,2026-06-29T00:14:35.751171,haute
BJ-DA24DD43,Éolien Assainissement SARL,Énergie & Environnement,Ouessè,+229 98 68 51 99,éolien.assainissement.sarl@éolien.assainissement.sarl.benin,,PME (50-200),B2B,Google Maps,4.1,Actif,2026-06-29T00:14:35.751185,moyenne
BJ-BEA3F90A,Éolien Solar,Énergie & Environnement,Glazoué,+229 41 54 45 32,éolien.solar@éolien.solar.com,éoliensolar.bj,TPE (<10),B2B,Google Maps,3.6,Actif,2026-06-29T00:14:35.751214,haute
BJ-E2B5ACEE,Durable Bénin,Énergie & Environnement,Glazoué,+229 67 21 42 27,durable.bénin@durable.bénin.org,,PME (10-50),B2C,Google Maps,3.9,Actif,2026-06-29T00:14:35.751229,moyenne
BJ-15302A21,Vert Durable Bénin Glazoué,Énergie & Environnement,Glazoué,+229 37 27 25 92,vert.durable.bénin.glazoué@vert.durable.bénin.glazoué.benin,vertdurablebéninglazoué.bj,TPE (<10),B2B,Google Maps,3.9,Actif,2026-06-29T00:14:35.751245,haute
BJ-B095FE7B,Environnement Power Solar,Énergie & Environnement,Glazoué,+229 54 92 34 35,,environnementpowersolar.bj,PME (50-200),B2B,Google Maps,4.4,Actif,2026-06-29T00:14:35.751262,moyenne
BJ-1F5B6DD8,Solar Vert,Énergie & Environnement,Glazoué,+229 96 74 82 72,,solarvert.bj,TPE (<10),B2C,Google Maps,4.3,Actif,2026-06-29T00:14:35.751276,moyenne
BJ-E01E4305,Vert Environment,Énergie & Environnement,Dassa-Zoumè,+229 92 53 97 30,vert.environment@vert.environment.net,,Grande (>200),B2C,Google Maps,4.2,Actif,2026-06-29T00:14:35.751296,moyenne
BJ-17E61C12,Éolien Eau Energy,Énergie & Environnement,Dassa-Zoumè,+229 41 28 78 74,éolien.eau.energy@éolien.eau.energy.bj,éolieneauenergy.bj,TPE (<10),B2C,Google Maps,3.5,Actif,2026-06-29T00:14:35.751311,haute
BJ-D295F8CD,Vert Africa,Énergie & Environnement,Dassa-Zoumè,+229 53 13 14 27,,,TPE (<10),B2B,Google Maps,4.5,Actif,2026-06-29T00:14:35.751323,basse
BJ-EFBEFD10,Solar Clean,Énergie & Environnement,Dassa-Zoumè,+229 71 30 73 91,solar.clean@solar.clean.org,solarclean.bj,TPE (<10),B2B,Google Maps,4.3,Actif,2026-06-29T00:14:35.751337,haute
BJ-AC3AD442,Éolien Africa Dassa-Zoumè,Énergie & Environnement,Dassa-Zoumè,+229 73 49 31 37,éolien.africa.dassazoumè@éolien.africa.dassazoumè.com,éolienafricadassazoumè.bj,TPE (<10),B2B,Google Maps,4.8,Actif,2026-06-29T00:14:35.751353,haute
BJ-AEE08250,Eau SARL,Énergie & Environnement,Savalou,+229 26 62 92 10,eau.sarl@eau.sarl.com,eausarl.bj,PME (10-50),B2B,Google Maps,3.3,Actif,2026-06-29T00:14:35.751373,haute
BJ-501B367C,Solaire Energy,Énergie & Environnement,Savalou,+229 56 65 31 81,solaire.energy@solaire.energy.com,,PME (10-50),B2B,Google Maps,5.0,Actif,2026-06-29T00:14:35.751386,moyenne
BJ-304CF420,Éolien SARL,Énergie & Environnement,Savalou,+229 90 66 57 23,éolien.sarl@éolien.sarl.net,éoliensarl.bj,TPE (<10),B2B,Google Maps,3.2,Actif,2026-06-29T00:14:35.751401,haute
BJ-F1820D1B,Solar Clean Savalou,Énergie & Environnement,Savalou,+229 44 38 61 38,,,TPE (<10),B2C,Google Maps,3.9,Actif,2026-06-29T00:14:35.751417,basse
BJ-0D3C2D6B,Environnement Renouvelable,Énergie & Environnement,Savalou,+229 22 30 62 44,environnement.renouvelable@environnement.renouvelable.com,,TPE (<10),B2C,Google Maps,3.3,Actif,2026-06-29T00:14:35.751430,moyenne
BJ-17DDCF97,Eau Énergie Africa,Énergie & Environnement,Bantè,+229 35 73 60 99,,,PME (10-50),B2B,Google Maps,4.5,Actif,2026-06-29T00:14:35.751449,basse
BJ-408D4432,Vert Energy,Énergie & Environnement,Bantè,+229 48 96 17 25,vert.energy@vert.energy.org,vertenergy.bj,TPE (<10),B2C,Google Maps,3.6,Actif,2026-06-29T00:14:35.751463,haute
BJ-9C549671,Eau Hydraulique,Énergie & Environnement,Bantè,+229 46 40 43 53,,,Grande (>200),B2B,Google Maps,4.4,Actif,2026-06-29T00:14:35.751475,basse
BJ-578AC9F4,Power,Énergie & Environnement,Bantè,+229 98 70 68 39,,,PME (10-50),B2B,Google Maps,4.1,Actif,2026-06-29T00:14:35.751487,basse
BJ-67F07F0A,Clean,Énergie & Environnement,Bantè,+229 76 36 29 83,clean@clean.benin,,PME (50-200),B2B,Google Maps,4.3,Actif,2026-06-29T00:14:35.751500,moyenne
BJ-0705A34F,Vert Power,Énergie & Environnement,Djougou,+229 78 90 86 68,vert.power@vert.power.bj,vertpower.bj,TPE (<10),B2B,Google Maps,4.1,Actif,2026-06-29T00:14:35.751522,haute
BJ-5B4521DE,Environnement Djougou,Énergie & Environnement,Djougou,+229 25 15 68 49,environnement.djougou@environnement.djougou.benin,environnementdjougou.bj,TPE (<10),B2B,Google Maps,3.2,Actif,2026-06-29T00:14:35.751537,haute
BJ-5C4E3A0F,Énergie Africa,Énergie & Environnement,Djougou,+229 41 17 28 21,énergie.africa@énergie.africa.bj,énergieafrica.bj,TPE (<10),B2C,Google Maps,4.9,Actif,2026-06-29T00:14:35.751552,haute
BJ-CFADD816,Vert Energy,Énergie & Environnement,Djougou,+229 90 30 84 74,,vertenergy.bj,TPE (<10),B2C,Google Maps,3.6,Actif,2026-06-29T00:14:35.751583,moyenne
BJ-FCBDA68B,Assainissement Energy,Énergie & Environnement,Ouèssè,+229 97 85 63 14,,assainissementenergy.bj,PME (10-50),B2C,Google Maps,4.7,Actif,2026-06-29T00:14:35.751603,moyenne
BJ-BD60F828,Vert Renouvelable Solar Ouèssè,Énergie & Environnement,Ouèssè,+229 32 21 74 78,vert.renouvelable.solar.ouèssè@vert.renouvelable.solar.ouèssè.bj,,PME (10-50),B2B,Google Maps,4.5,Actif,2026-06-29T00:14:35.751617,moyenne
BJ-A85BD93D,Power Solar,Énergie & Environnement,Ouèssè,+229 23 32 39 94,power.solar@power.solar.bj,powersolar.bj,TPE (<10),B2C,Google Maps,3.9,Actif,2026-06-29T00:14:35.751635,haute
BJ-099F3D9B,Énergie Water,Énergie & Environnement,Ouèssè,+229 47 98 37 11,énergie.water@énergie.water.net,énergiewater.bj,TPE (<10),B2C,Google Maps,3.9,Actif,2026-06-29T00:14:35.751653,haute
BJ-9110F722,Énergie Solar Ouèssè,Énergie & Environnement,Ouèssè,+229 54 53 92 40,,énergiesolarouèssè.bj,TPE (<10),B2C,Google Maps,3.4,Actif,2026-06-29T00:14:35.751666,moyenne
BJ-E9A9044A,Éolien Renouvelable Africa,Énergie & Environnement,Bassila,+229 89 53 82 83,,éolienrenouvelableafrica.bj,PME (10-50),B2C,Google Maps,4.8,Actif,2026-06-29T00:14:35.751686,moyenne
BJ-F11212CD,Solaire Bassila,Énergie & Environnement,Bassila,+229 60 97 76 44,,solairebassila.bj,TPE (<10),B2B,Google Maps,4.9,Actif,2026-06-29T00:14:35.751700,moyenne
BJ-760F3296,Assainissement Africa,Énergie & Environnement,Bassila,+229 28 90 19 53,assainissement.africa@assainissement.africa.net,assainissementafrica.bj,TPE (<10),B2B,Google Maps,4.7,Actif,2026-06-29T00:14:35.751713,haute
BJ-7ABACB31,Solaire Environment Bassila,Énergie & Environnement,Bassila,+229 33 20 45 24,solaire.environment.bassila@solaire.environment.bassila.bj,solaireenvironmentbassila.bj,PME (50-200),B2C,Google Maps,3.9,Actif,2026-06-29T00:14:35.751731,haute
BJ-1D3AB4AD,Énergie Eau,Énergie & Environnement,Bassila,+229 48 39 64 95,énergie.eau@énergie.eau.com,énergieeau.bj,PME (50-200),B2C,Google Maps,3.8,Actif,2026-06-29T00:14:35.751749,haute
BJ-40AC4419,Clean,Énergie & Environnement,Pehunco,+229 28 45 67 99,clean@clean.bj,clean.bj,PME (50-200),B2C,Google Maps,3.6,Actif,2026-06-29T00:14:35.751769,haute
BJ-53BE953E,Éolien Solaire Water Pehunco,Énergie & Environnement,Pehunco,+229 21 15 68 90,éolien.solaire.water.pehunco@éolien.solaire.water.pehunco.org,,Grande (>200),B2B,Google Maps,4.4,Actif,2026-06-29T00:14:35.751783,moyenne
BJ-F931BFB9,Vert Hydraulique,Énergie & Environnement,Pehunco,+229 41 38 81 96,vert.hydraulique@vert.hydraulique.org,verthydraulique.bj,PME (10-50),B2C,Google Maps,4.6,Actif,2026-06-29T00:14:35.751797,haute
BJ-8A037D98,Eau Bénin,Énergie & Environnement,Pehunco,+229 61 93 52 10,eau.bénin@eau.bénin.bj,,PME (10-50),B2B,Google Maps,3.3,Actif,2026-06-29T00:14:35.751811,moyenne
BJ-F1FF974C,Énergie Solar Pehunco,Énergie & Environnement,Pehunco,+229 72 32 82 21,énergie.solar.pehunco@énergie.solar.pehunco.benin,énergiesolarpehunco.bj,PME (10-50),B2C,Google Maps,3.4,Actif,2026-06-29T00:14:35.751825,haute
BJ-5B5B71E0,Vert Vert,Énergie & Environnement,Copargo,+229 79 98 92 34,vert.vert@vert.vert.com,vertvert.bj,PME (10-50),B2B,Google Maps,3.2,Actif,2026-06-29T00:14:35.751845,haute
BJ-C7F3CB1D,Solar Assainissement Copargo,Énergie & Environnement,Copargo,+229 37 71 57 61,solar.assainissement.copargo@solar.assainissement.copargo.org,,Grande (>200),B2B,Google Maps,4.4,Actif,2026-06-29T00:14:35.751858,moyenne
BJ-7C8C775B,Assainissement Copargo,Énergie & Environnement,Copargo,+229 35 38 14 81,assainissement.copargo@assainissement.copargo.benin,assainissementcopargo.bj,PME (50-200),B2C,Google Maps,3.2,Actif,2026-06-29T00:14:35.751872,haute
BJ-3B81A05B,Éolien Vert Environment Copargo,Énergie & Environnement,Copargo,+229 59 27 20 62,éolien.vert.environment.copargo@éolien.vert.environment.copargo.org,,TPE (<10),B2C,Google Maps,3.5,Actif,2026-06-29T00:14:35.751902,moyenne
BJ-66EB9CCB,Éolien Éolien Copargo,Énergie & Environnement,Copargo,+229 85 20 46 85,éolien.éolien.copargo@éolien.éolien.copargo.org,éolienéoliencopargo.bj,PME (10-50),B2C,Google Maps,3.3,Actif,2026-06-29T00:14:35.751922,haute
BJ-80CD7FE9,Démocratie Cotonou,Médias & Communication,Cotonou,+229 72 78 55 79,démocratie.cotonou@démocratie.cotonou.com,,TPE (<10),B2C,Google Maps,3.8,Actif,2026-06-29T00:14:35.751963,moyenne
BJ-FBF11124,Radio Cotonou,Médias & Communication,Cotonou,+229 26 13 26 16,radio.cotonou@radio.cotonou.bj,,TPE (<10),B2C,Google Maps,4.7,Actif,2026-06-29T00:14:35.751978,moyenne
BJ-FFDA54FF,Communication,Médias & Communication,Cotonou,+229 95 63 88 26,,communication.bj,TPE (<10),B2C,Google Maps,3.5,Actif,2026-06-29T00:14:35.751990,moyenne
BJ-266A7279,Publicité Radio,Médias & Communication,Cotonou,+229 84 16 76 46,,publicitéradio.bj,PME (50-200),B2B,Google Maps,4.7,Actif,2026-06-29T00:14:35.752005,moyenne
BJ-731EB92F,Information Press,Médias & Communication,Cotonou,+229 43 12 13 42,information.press@information.press.benin,informationpress.bj,TPE (<10),B2C,Google Maps,4.3,Actif,2026-06-29T00:14:35.752019,haute
BJ-A1D18E8A,Journal International Bénin,Médias & Communication,Abomey-Calavi,+229 54 51 11 37,,journalinternationalbénin.bj,TPE (<10),B2B,Google Maps,3.5,Actif,2026-06-29T00:14:35.752043,moyenne
BJ-4F424B4B,Communication Média,Médias & Communication,Abomey-Calavi,+229 81 78 37 98,communication.média@communication.média.benin,,PME (10-50),B2B,Google Maps,4.9,Actif,2026-06-29T00:14:35.752057,moyenne
BJ-33E3FA8D,Communication Information,Médias & Communication,Abomey-Calavi,+229 81 90 63 28,,,PME (50-200),B2B,Google Maps,3.1,Actif,2026-06-29T00:14:35.752072,basse
BJ-B6A0497E,Journal Bénin,Médias & Communication,Abomey-Calavi,+229 75 50 40 12,,,PME (10-50),B2B,Google Maps,3.4,Actif,2026-06-29T00:14:35.752087,basse
BJ-86A68E80,Communication Press,Médias & Communication,Abomey-Calavi,+229 83 69 29 22,communication.press@communication.press.com,communicationpress.bj,PME (10-50),B2B,Google Maps,4.6,Actif,2026-06-29T00:14:35.752102,haute
BJ-25712905,Communication Radio Porto-Novo,Médias & Communication,Porto-Novo,+229 39 14 66 73,communication.radio.portonovo@communication.radio.portonovo.bj,communicationradioportonovo.bj,TPE (<10),B2C,Google Maps,3.6,Actif,2026-06-29T00:14:35.752123,haute
BJ-AA9BC4C4,TV Publicité Africa,Médias & Communication,Porto-Novo,+229 88 81 40 19,tv.publicité.africa@tv.publicité.africa.com,tvpublicitéafrica.bj,TPE (<10),B2C,Google Maps,3.7,Actif,2026-06-29T00:14:35.752139,haute
BJ-CB20BDCF,Presse Porto-Novo,Médias & Communication,Porto-Novo,+229 96 43 50 65,presse.portonovo@presse.portonovo.benin,presseportonovo.bj,TPE (<10),B2C,Google Maps,4.1,Actif,2026-06-29T00:14:35.752153,haute
BJ-D00DC84D,Journal Bénin,Médias & Communication,Porto-Novo,+229 64 96 54 84,,journalbénin.bj,PME (10-50),B2B,Google Maps,3.9,Actif,2026-06-29T00:14:35.752166,moyenne
BJ-C36AE681,Presse,Médias & Communication,Porto-Novo,+229 23 32 67 44,presse@presse.com,presse.bj,PME (50-200),B2B,Google Maps,4.2,Actif,2026-06-29T00:14:35.752179,haute
BJ-EDE663AA,Presse Liberté Press,Médias & Communication,Parakou,+229 46 49 91 95,presse.liberté.press@presse.liberté.press.bj,,Grande (>200),B2C,Google Maps,3.6,Actif,2026-06-29T00:14:35.752199,moyenne
BJ-CD1ECB09,Liberté Press Parakou,Médias & Communication,Parakou,+229 98 61 80 93,liberté.press.parakou@liberté.press.parakou.org,libertépressparakou.bj,PME (10-50),B2C,Google Maps,4.7,Actif,2026-06-29T00:14:35.752217,haute
BJ-4640B064,Média Information,Médias & Communication,Parakou,+229 86 47 68 55,média.information@média.information.net,médiainformation.bj,PME (50-200),B2C,Google Maps,4.4,Actif,2026-06-29T00:14:35.752232,haute
BJ-0E45EA5C,Agence Actualité Radio,Médias & Communication,Parakou,+229 78 59 38 26,,,PME (10-50),B2C,Google Maps,3.6,Actif,2026-06-29T00:14:35.752247,basse
BJ-C4F1CDF0,TV Nouvelles Bénin,Médias & Communication,Parakou,+229 86 96 22 95,,tvnouvellesbénin.bj,Grande (>200),B2C,Google Maps,3.5,Actif,2026-06-29T00:14:35.752261,moyenne
BJ-1813B8A4,TV Journal,Médias & Communication,Bohicon,+229 97 34 20 42,,tvjournal.bj,PME (10-50),B2C,Google Maps,3.4,Actif,2026-06-29T00:14:35.752279,moyenne
BJ-D07E317B,Communication News,Médias & Communication,Bohicon,+229 45 53 88 66,communication.news@communication.news.bj,communicationnews.bj,TPE (<10),B2B,Google Maps,3.5,Actif,2026-06-29T00:14:35.752293,haute
BJ-F8D73B68,Nouvelles,Médias & Communication,Bohicon,+229 28 97 38 81,nouvelles@nouvelles.bj,,PME (50-200),B2C,Google Maps,3.7,Actif,2026-06-29T00:14:35.752306,moyenne
BJ-1EA1DD73,Presse,Médias & Communication,Bohicon,+229 40 10 75 91,presse@presse.com,,TPE (<10),B2C,Google Maps,4.7,Actif,2026-06-29T00:14:35.752319,moyenne
BJ-F6586820,Presse Information Bénin,Médias & Communication,Bohicon,+229 47 14 27 22,presse.information.bénin@presse.information.bénin.net,presseinformationbénin.bj,PME (10-50),B2B,Google Maps,4.4,Actif,2026-06-29T00:14:35.752333,haute
BJ-B65836D5,Nouvelles Natitingou,Médias & Communication,Natitingou,+229 32 10 18 53,,nouvellesnatitingou.bj,PME (50-200),B2B,Google Maps,3.7,Actif,2026-06-29T00:14:35.752352,moyenne
BJ-A770C397,Information Press,Médias & Communication,Natitingou,+229 58 79 65 65,information.press@information.press.bj,informationpress.bj,TPE (<10),B2C,Google Maps,4.9,Actif,2026-06-29T00:14:35.752366,haute
BJ-C4DAF1F1,Média Actualité Radio,Médias & Communication,Natitingou,+229 30 93 78 70,média.actualité.radio@média.actualité.radio.bj,,PME (50-200),B2B,Google Maps,3.9,Actif,2026-06-29T00:14:35.752379,moyenne
BJ-3B543B7F,National Communication,Médias & Communication,Natitingou,+229 83 55 11 50,,,TPE (<10),B2B,Google Maps,4.5,Actif,2026-06-29T00:14:35.752396,basse
BJ-95F76974,Média TV Natitingou,Médias & Communication,Natitingou,+229 68 92 49 30,,médiatvnatitingou.bj,PME (10-50),B2B,Google Maps,3.1,Actif,2026-06-29T00:14:35.752410,moyenne
BJ-212C6209,Journal Radio,Médias & Communication,Lokossa,+229 73 45 19 21,,journalradio.bj,TPE (<10),B2C,Google Maps,4.0,Actif,2026-06-29T00:14:35.752428,moyenne
BJ-89636D6A,TV Communication Media Lokossa,Médias & Communication,Lokossa,+229 33 68 52 37,tv.communication.media.lokossa@tv.communication.media.lokossa.net,tvcommunicationmedialokossa.bj,Grande (>200),B2C,Google Maps,3.0,Actif,2026-06-29T00:14:35.752448,haute
BJ-5AAFE0AB,Agence National,Médias & Communication,Lokossa,+229 93 19 92 40,agence.national@agence.national.benin,agencenational.bj,PME (10-50),B2B,Google Maps,4.2,Actif,2026-06-29T00:14:35.752466,haute
BJ-70AEC3E3,Communication Information TV Lokossa,Médias & Communication,Lokossa,+229 47 29 92 82,,communicationinformationtvlokossa.bj,PME (50-200),B2B,Google Maps,4.2,Actif,2026-06-29T00:14:35.752480,moyenne
BJ-0D6FE5DA,Journal,Médias & Communication,Lokossa,+229 46 34 96 95,journal@journal.net,,TPE (<10),B2C,Google Maps,4.3,Actif,2026-06-29T00:14:35.752494,moyenne
BJ-DE36DD93,Démocratie News Ouidah,Médias & Communication,Ouidah,+229 36 81 46 17,démocratie.news.ouidah@démocratie.news.ouidah.com,démocratienewsouidah.bj,PME (50-200),B2B,Google Maps,3.3,Actif,2026-06-29T00:14:35.752518,haute
BJ-8E77BFAA,Actualité,Médias & Communication,Ouidah,+229 59 90 25 55,actualité@actualité.net,,PME (10-50),B2C,Google Maps,3.7,Actif,2026-06-29T00:14:35.752532,moyenne
BJ-E257F640,Actualité Bénin,Médias & Communication,Ouidah,+229 45 30 99 62,actualité.bénin@actualité.bénin.org,,TPE (<10),B2C,Google Maps,3.4,Actif,2026-06-29T00:14:35.752546,moyenne
BJ-E0237181,Communication Publicité Ouidah,Médias & Communication,Ouidah,+229 91 59 19 88,communication.publicité.ouidah@communication.publicité.ouidah.net,communicationpublicitéouidah.bj,PME (10-50),B2C,Google Maps,4.0,Actif,2026-06-29T00:14:35.752564,haute
BJ-4EA43CB7,Liberté,Médias & Communication,Ouidah,+229 91 99 29 16,liberté@liberté.bj,,PME (50-200),B2B,Google Maps,4.4,Actif,2026-06-29T00:14:35.752578,moyenne
BJ-4DA1DE9E,Liberté Savalou,Médias & Communication,Savalou,+229 64 49 13 45,liberté.savalou@liberté.savalou.org,,TPE (<10),B2C,Google Maps,4.7,Actif,2026-06-29T00:14:35.752598,moyenne
BJ-BD889537,Communication Communication,Médias & Communication,Savalou,+229 46 26 25 29,communication.communication@communication.communication.benin,,TPE (<10),B2B,Google Maps,4.7,Actif,2026-06-29T00:14:35.752612,moyenne
BJ-05243AF4,Journal,Médias & Communication,Savalou,+229 60 50 28 32,journal@journal.org,journal.bj,Grande (>200),B2C,Google Maps,4.8,Actif,2026-06-29T00:14:35.752626,haute
BJ-96F3FBF2,Presse Nouvelles Media Savalou,Médias & Communication,Savalou,+229 23 69 21 99,presse.nouvelles.media.savalou@presse.nouvelles.media.savalou.org,pressenouvellesmediasavalou.bj,Grande (>200),B2C,Google Maps,4.7,Actif,2026-06-29T00:14:35.752640,haute
BJ-B0B340CC,Publicité Bénin,Médias & Communication,Savalou,+229 34 84 61 21,,publicitébénin.bj,PME (10-50),B2B,Google Maps,3.1,Actif,2026-06-29T00:14:35.752654,moyenne
BJ-53382B65,Télévision,Médias & Communication,Dassa-Zoumè,+229 58 74 58 45,télévision@télévision.bj,télévision.bj,PME (10-50),B2B,Google Maps,3.9,Actif,2026-06-29T00:14:35.752677,haute
BJ-A5E357B8,Publicité,Médias & Communication,Dassa-Zoumè,+229 56 35 15 59,,publicité.bj,Grande (>200),B2B,Google Maps,4.8,Actif,2026-06-29T00:14:35.752692,moyenne
BJ-2A3F9A30,TV Nouvelles Dassa-Zoumè,Médias & Communication,Dassa-Zoumè,+229 87 33 76 31,,tvnouvellesdassazoumè.bj,Grande (>200),B2B,Google Maps,4.0,Actif,2026-06-29T00:14:35.752706,moyenne
BJ-1B1D4B83,Communication Nouvelles,Médias & Communication,Dassa-Zoumè,+229 45 11 46 55,,communicationnouvelles.bj,Grande (>200),B2C,Google Maps,3.2,Actif,2026-06-29T00:14:35.752722,moyenne
BJ-2D56D794,TV Presse,Médias & Communication,Dassa-Zoumè,+229 40 73 62 85,,tvpresse.bj,TPE (<10),B2C,Google Maps,3.2,Actif,2026-06-29T00:14:35.752738,moyenne
BJ-630995E1,Communication Publicité,Médias & Communication,Kétou,+229 57 16 71 12,communication.publicité@communication.publicité.net,,Grande (>200),B2C,Google Maps,3.8,Actif,2026-06-29T00:14:35.752759,moyenne
BJ-700D9E2C,Radio Démocratie Kétou,Médias & Communication,Kétou,+229 75 74 96 86,radio.démocratie.kétou@radio.démocratie.kétou.benin,radiodémocratiekétou.bj,PME (10-50),B2B,Google Maps,3.9,Actif,2026-06-29T00:14:35.752774,haute
BJ-B2438E1C,Presse Journal Africa,Médias & Communication,Kétou,+229 25 41 17 83,presse.journal.africa@presse.journal.africa.com,pressejournalafrica.bj,Grande (>200),B2C,Google Maps,3.1,Actif,2026-06-29T00:14:35.752788,haute
BJ-376474DC,National Press,Médias & Communication,Kétou,+229 43 44 28 26,national.press@national.press.net,nationalpress.bj,PME (10-50),B2B,Google Maps,3.3,Actif,2026-06-29T00:14:35.752802,haute
BJ-EF661DE3,Radio Communication Media,Médias & Communication,Kétou,+229 99 60 79 80,,,PME (50-200),B2C,Google Maps,4.9,Actif,2026-06-29T00:14:35.752814,basse
BJ-D5638329,Publicité TV Covè,Médias & Communication,Covè,+229 31 72 80 63,,publicitétvcovè.bj,PME (50-200),B2B,Google Maps,4.1,Actif,2026-06-29T00:14:35.752838,moyenne
BJ-240485CA,Agence Actualité Covè,Médias & Communication,Covè,+229 38 97 73 31,,,PME (50-200),B2B,Google Maps,3.9,Actif,2026-06-29T00:14:35.752852,basse
BJ-AEDB22F3,Agence Liberté,Médias & Communication,Covè,+229 69 88 15 14,,agenceliberté.bj,TPE (<10),B2C,Google Maps,3.5,Actif,2026-06-29T00:14:35.752865,moyenne
BJ-F9B71794,Presse Bénin,Médias & Communication,Covè,+229 51 23 86 43,presse.bénin@presse.bénin.bj,pressebénin.bj,PME (10-50),B2B,Google Maps,3.1,Actif,2026-06-29T00:14:35.752883,haute
BJ-8E923E23,Liberté TV,Médias & Communication,Covè,+229 33 39 98 82,liberté.tv@liberté.tv.org,libertétv.bj,TPE (<10),B2C,Google Maps,4.6,Actif,2026-06-29T00:14:35.752914,haute
BJ-6FD14ADF,Liberté TV,Médias & Communication,Pobè,+229 29 84 28 73,,libertétv.bj,Grande (>200),B2C,Google Maps,4.1,Actif,2026-06-29T00:14:35.752934,moyenne
BJ-079FBC1B,Média Actualité Bénin,Médias & Communication,Pobè,+229 28 29 93 91,,médiaactualitébénin.bj,PME (10-50),B2B,Google Maps,4.6,Actif,2026-06-29T00:14:35.752947,moyenne
BJ-E0E76385,Télévision News,Médias & Communication,Pobè,+229 82 54 67 27,,,PME (50-200),B2B,Google Maps,3.7,Actif,2026-06-29T00:14:35.752960,basse
BJ-73388631,Communication,Médias & Communication,Pobè,+229 44 57 64 68,,communication.bj,TPE (<10),B2B,Google Maps,5.0,Actif,2026-06-29T00:14:35.752972,moyenne
BJ-1514CE33,Radio Communication Africa,Médias & Communication,Pobè,+229 97 33 47 86,,,TPE (<10),B2B,Google Maps,4.8,Actif,2026-06-29T00:14:35.752984,basse
BJ-668F104F,Nouvelles,Médias & Communication,Sakété,+229 97 90 10 73,nouvelles@nouvelles.bj,nouvelles.bj,PME (50-200),B2C,Google Maps,4.3,Actif,2026-06-29T00:14:35.753003,haute
BJ-E7E50C8B,Radio Presse,Médias & Communication,Sakété,+229 42 33 49 90,radio.presse@radio.presse.benin,radiopresse.bj,TPE (<10),B2B,Google Maps,4.6,Actif,2026-06-29T00:14:35.753021,haute
BJ-E24557D3,TV Télévision Press Sakété,Médias & Communication,Sakété,+229 81 88 40 25,tv.télévision.press.sakété@tv.télévision.press.sakété.com,tvtélévisionpresssakété.bj,PME (10-50),B2B,Google Maps,3.2,Actif,2026-06-29T00:14:35.753037,haute
BJ-618E4969,National Communication Sakété,Médias & Communication,Sakété,+229 80 16 26 82,,,PME (50-200),B2C,Google Maps,3.6,Actif,2026-06-29T00:14:35.753059,basse
BJ-62A9D1B0,National,Médias & Communication,Sakété,+229 69 58 47 17,national@national.org,national.bj,PME (10-50),B2B,Google Maps,3.2,Actif,2026-06-29T00:14:35.753073,haute
BJ-7FC9E0EB,Agence Liberté Media Adjara,Médias & Communication,Adjara,+229 40 80 37 78,,agencelibertémediaadjara.bj,PME (50-200),B2B,Google Maps,4.4,Actif,2026-06-29T00:14:35.753096,moyenne
BJ-7AB75123,Média Bénin,Médias & Communication,Adjara,+229 58 16 63 40,,médiabénin.bj,PME (10-50),B2B,Google Maps,3.8,Actif,2026-06-29T00:14:35.753113,moyenne
BJ-2CA3B44F,Nouvelles Communication Adjara,Médias & Communication,Adjara,+229 63 46 27 49,nouvelles.communication.adjara@nouvelles.communication.adjara.bj,nouvellescommunicationadjara.bj,TPE (<10),B2B,Google Maps,4.5,Actif,2026-06-29T00:14:35.753128,haute
BJ-77D127D4,Journal,Médias & Communication,Adjara,+229 62 94 95 95,journal@journal.bj,,PME (10-50),B2B,Google Maps,4.2,Actif,2026-06-29T00:14:35.753141,moyenne
BJ-E0445E80,Presse Actualité,Médias & Communication,Adjara,+229 98 18 26 56,presse.actualité@presse.actualité.com,presseactualité.bj,TPE (<10),B2C,Google Maps,3.4,Actif,2026-06-29T00:14:35.753156,haute
BJ-76275F1A,Radio,Médias & Communication,Allada,+229 96 88 89 67,radio@radio.net,radio.bj,PME (10-50),B2C,Google Maps,4.3,Actif,2026-06-29T00:14:35.753175,haute
BJ-86D0E293,Radio International,Médias & Communication,Allada,+229 98 22 88 72,radio.international@radio.international.com,radiointernational.bj,TPE (<10),B2C,Google Maps,4.4,Actif,2026-06-29T00:14:35.753189,haute
BJ-D1BA6B28,National Communication,Médias & Communication,Allada,+229 29 32 44 73,national.communication@national.communication.benin,nationalcommunication.bj,PME (50-200),B2B,Google Maps,4.8,Actif,2026-06-29T00:14:35.753203,haute
BJ-4D524BFD,Communication National,Médias & Communication,Allada,+229 28 85 89 15,communication.national@communication.national.com,,PME (50-200),B2B,Google Maps,4.9,Actif,2026-06-29T00:14:35.753219,moyenne
BJ-D9B9854E,Média Presse Allada,Médias & Communication,Allada,+229 60 93 97 23,média.presse.allada@média.presse.allada.benin,médiapresseallada.bj,PME (10-50),B2B,Google Maps,4.2,Actif,2026-06-29T00:14:35.753238,haute
BJ-47DFD6C7,Presse Démocratie,Médias & Communication,Aplahoué,+229 47 84 64 74,,pressedémocratie.bj,Grande (>200),B2C,Google Maps,3.5,Actif,2026-06-29T00:14:35.753257,moyenne
BJ-2EC21DF8,Radio International Aplahoué,Médias & Communication,Aplahoué,+229 62 76 76 48,radio.international.aplahoué@radio.international.aplahoué.net,,PME (10-50),B2B,Google Maps,3.3,Actif,2026-06-29T00:14:35.753272,moyenne
BJ-C0547051,Agence Nouvelles Communication,Médias & Communication,Aplahoué,+229 32 19 47 71,agence.nouvelles.communication@agence.nouvelles.communication.bj,,TPE (<10),B2B,Google Maps,3.9,Actif,2026-06-29T00:14:35.753285,moyenne
BJ-A1A63989,Journal,Médias & Communication,Aplahoué,+229 43 59 56 30,,journal.bj,PME (10-50),B2C,Google Maps,3.6,Actif,2026-06-29T00:14:35.753301,moyenne
BJ-BE3E1708,Média Télévision News Aplahoué,Médias & Communication,Aplahoué,+229 87 52 43 51,média.télévision.news.aplahoué@média.télévision.news.aplahoué.com,médiatélévisionnewsaplahoué.bj,PME (10-50),B2C,Google Maps,4.7,Actif,2026-06-29T00:14:35.753316,haute
BJ-C1C6663C,Journal Journal Media,Médias & Communication,Dogbo-Tota,+229 89 47 15 47,journal.journal.media@journal.journal.media.bj,,TPE (<10),B2B,Google Maps,3.5,Actif,2026-06-29T00:14:35.753335,moyenne
BJ-480CA0F2,Publicité News,Médias & Communication,Dogbo-Tota,+229 83 23 66 13,,publiciténews.bj,PME (50-200),B2C,Google Maps,3.0,Actif,2026-06-29T00:14:35.753349,moyenne
BJ-6523C53E,Liberté Media,Médias & Communication,Dogbo-Tota,+229 56 97 79 84,liberté.media@liberté.media.net,libertémedia.bj,TPE (<10),B2C,Google Maps,3.8,Actif,2026-06-29T00:14:35.753363,haute
BJ-634B6E4E,Information TV,Médias & Communication,Dogbo-Tota,+229 29 63 60 49,,informationtv.bj,PME (10-50),B2B,Google Maps,4.5,Actif,2026-06-29T00:14:35.753379,moyenne
BJ-D1BB1C67,Nouvelles,Médias & Communication,Dogbo-Tota,+229 93 10 36 85,nouvelles@nouvelles.org,,TPE (<10),B2C,Google Maps,4.2,Actif,2026-06-29T00:14:35.753392,moyenne
BJ-DCA53764,Radio Télévision Radio,Médias & Communication,Kpomassè,+229 78 76 19 72,,radiotélévisionradio.bj,PME (10-50),B2B,Google Maps,3.8,Actif,2026-06-29T00:14:35.753412,moyenne
BJ-B651677F,Journal Démocratie,Médias & Communication,Kpomassè,+229 85 25 64 70,,,Grande (>200),B2B,Google Maps,3.8,Actif,2026-06-29T00:14:35.753425,basse
BJ-CDD4B0BB,TV Nouvelles,Médias & Communication,Kpomassè,+229 37 11 90 17,tv.nouvelles@tv.nouvelles.benin,,PME (50-200),B2C,Google Maps,4.2,Actif,2026-06-29T00:14:35.753438,moyenne
BJ-DC414E5D,Presse Média,Médias & Communication,Kpomassè,+229 64 67 20 13,,,TPE (<10),B2B,Google Maps,4.5,Actif,2026-06-29T00:14:35.753451,basse
BJ-2CFD4024,Nouvelles,Médias & Communication,Kpomassè,+229 78 88 38 79,,nouvelles.bj,PME (10-50),B2B,Google Maps,3.8,Actif,2026-06-29T00:14:35.753464,moyenne
BJ-F5154E67,Nouvelles Media Tori-Bossito,Médias & Communication,Tori-Bossito,+229 59 11 74 75,nouvelles.media.toribossito@nouvelles.media.toribossito.net,nouvellesmediatoribossito.bj,TPE (<10),B2B,Google Maps,4.4,Actif,2026-06-29T00:14:35.753484,haute
BJ-672B7288,National Radio Tori-Bossito,Médias & Communication,Tori-Bossito,+229 74 89 89 95,national.radio.toribossito@national.radio.toribossito.org,,TPE (<10),B2C,Google Maps,3.4,Actif,2026-06-29T00:14:35.753498,moyenne
BJ-78ADB8D1,Démocratie Media Tori-Bossito,Médias & Communication,Tori-Bossito,+229 49 64 77 94,,démocratiemediatoribossito.bj,PME (50-200),B2C,Google Maps,3.4,Actif,2026-06-29T00:14:35.753512,moyenne
BJ-5B6AB9B8,Agence Journal News,Médias & Communication,Tori-Bossito,+229 75 25 84 33,,agencejournalnews.bj,PME (10-50),B2B,Google Maps,3.3,Actif,2026-06-29T00:14:35.753526,moyenne
BJ-2803093C,Publicité Tori-Bossito,Médias & Communication,Tori-Bossito,+229 72 23 37 55,,publicitétoribossito.bj,PME (10-50),B2C,Google Maps,4.0,Actif,2026-06-29T00:14:35.753539,moyenne
BJ-84C689A0,TV Nouvelles,Médias & Communication,Grand-Popo,+229 37 12 87 52,tv.nouvelles@tv.nouvelles.org,tvnouvelles.bj,PME (50-200),B2B,Google Maps,3.5,Actif,2026-06-29T00:14:35.753566,haute
BJ-E44CA7A7,Télévision,Médias & Communication,Grand-Popo,+229 59 80 81 22,télévision@télévision.net,télévision.bj,Grande (>200),B2B,Google Maps,4.5,Actif,2026-06-29T00:14:35.753584,haute
BJ-6426C5EB,Média,Médias & Communication,Grand-Popo,+229 72 75 11 63,média@média.benin,,TPE (<10),B2C,Google Maps,5.0,Actif,2026-06-29T00:14:35.753598,moyenne
BJ-D080D1E7,Journal,Médias & Communication,Grand-Popo,+229 71 73 91 27,,,PME (10-50),B2C,Google Maps,4.6,Actif,2026-06-29T00:14:35.753610,basse
BJ-FB44E296,Média Journal,Médias & Communication,Grand-Popo,+229 52 91 40 76,,médiajournal.bj,PME (10-50),B2B,Google Maps,3.6,Actif,2026-06-29T00:14:35.753623,moyenne
BJ-ED5B6105,Démocratie Athiémé,Médias & Communication,Athiémé,+229 73 60 35 63,,démocratieathiémé.bj,TPE (<10),B2B,Google Maps,4.0,Actif,2026-06-29T00:14:35.753642,moyenne
BJ-13AE3B18,National Communication,Médias & Communication,Athiémé,+229 87 51 10 78,national.communication@national.communication.bj,,PME (10-50),B2B,Google Maps,3.8,Actif,2026-06-29T00:14:35.753656,moyenne
BJ-EB2BBCBC,Liberté Media Athiémé,Médias & Communication,Athiémé,+229 36 27 59 56,,,TPE (<10),B2B,Google Maps,4.0,Actif,2026-06-29T00:14:35.753669,basse
BJ-119E5FB3,Presse Bénin,Médias & Communication,Athiémé,+229 92 33 32 46,presse.bénin@presse.bénin.org,pressebénin.bj,Grande (>200),B2B,Google Maps,4.3,Actif,2026-06-29T00:14:35.753690,haute
BJ-D7657499,Agence Publicité Bénin,Médias & Communication,Athiémé,+229 89 40 17 47,agence.publicité.bénin@agence.publicité.bénin.benin,agencepublicitébénin.bj,TPE (<10),B2B,Google Maps,3.9,Actif,2026-06-29T00:14:35.753705,haute
BJ-4468A0CE,Communication Nouvelles,Médias & Communication,Bopa,+229 96 82 41 86,,,Grande (>200),B2B,Google Maps,3.1,Actif,2026-06-29T00:14:35.753723,basse
BJ-1BD19AE3,Publicité News,Médias & Communication,Bopa,+229 73 13 84 72,publicité.news@publicité.news.org,publiciténews.bj,Grande (>200),B2C,Google Maps,3.7,Actif,2026-06-29T00:14:35.753738,haute
BJ-B066B617,Agence Publicité Bopa,Médias & Communication,Bopa,+229 86 38 70 46,,agencepublicitébopa.bj,TPE (<10),B2C,Google Maps,4.2,Actif,2026-06-29T00:14:35.753752,moyenne
BJ-2377B8AA,Publicité Bopa,Médias & Communication,Bopa,+229 92 40 73 67,publicité.bopa@publicité.bopa.benin,publicitébopa.bj,Grande (>200),B2C,Google Maps,4.4,Actif,2026-06-29T00:14:35.753766,haute
BJ-EAC47587,Agence Presse,Médias & Communication,Bopa,+229 76 18 87 27,agence.presse@agence.presse.com,agencepresse.bj,TPE (<10),B2C,Google Maps,4.4,Actif,2026-06-29T00:14:35.753779,haute
BJ-01CFEF28,Presse Radio,Médias & Communication,Houéyogbé,+229 56 54 56 54,,,Grande (>200),B2C,Google Maps,4.3,Actif,2026-06-29T00:14:35.753797,basse
BJ-5153DD2C,Presse Information,Médias & Communication,Houéyogbé,+229 94 65 75 36,presse.information@presse.information.com,presseinformation.bj,PME (10-50),B2C,Google Maps,4.1,Actif,2026-06-29T00:14:35.753811,haute
BJ-A0557A10,Communication Actualité Bénin,Médias & Communication,Houéyogbé,+229 88 83 24 70,communication.actualité.bénin@communication.actualité.bénin.benin,communicationactualitébénin.bj,Grande (>200),B2C,Google Maps,3.7,Actif,2026-06-29T00:14:35.753830,haute
BJ-F958AD7A,Agence National Media,Médias & Communication,Houéyogbé,+229 74 80 61 57,agence.national.media@agence.national.media.com,agencenationalmedia.bj,PME (10-50),B2C,Google Maps,4.1,Actif,2026-06-29T00:14:35.753847,haute
BJ-7CC06C41,TV Nouvelles Communication,Médias & Communication,Houéyogbé,+229 70 86 81 43,tv.nouvelles.communication@tv.nouvelles.communication.com,tvnouvellescommunication.bj,PME (10-50),B2C,Google Maps,3.4,Actif,2026-06-29T00:14:35.753861,haute
BJ-DEE8C893,Journal International,Médias & Communication,Malanville,+229 35 61 13 21,journal.international@journal.international.net,,PME (10-50),B2B,Google Maps,3.8,Actif,2026-06-29T00:14:35.753881,moyenne
BJ-0F3FE2AC,Démocratie,Médias & Communication,Malanville,+229 56 54 62 69,,,TPE (<10),B2B,Google Maps,3.8,Actif,2026-06-29T00:14:35.753909,basse
BJ-12D431D9,Média Press,Médias & Communication,Malanville,+229 38 58 25 41,,médiapress.bj,PME (10-50),B2C,Google Maps,3.9,Actif,2026-06-29T00:14:35.753925,moyenne
BJ-9F7482FC,Presse Publicité,Médias & Communication,Malanville,+229 62 69 80 79,,pressepublicité.bj,TPE (<10),B2B,Google Maps,3.2,Actif,2026-06-29T00:14:35.753939,moyenne
BJ-B1071003,TV International Africa,Médias & Communication,Malanville,+229 49 39 97 55,,tvinternationalafrica.bj,TPE (<10),B2C,Google Maps,3.7,Actif,2026-06-29T00:14:35.753952,moyenne
BJ-3CD27996,Communication Publicité Radio,Médias & Communication,Kandi,+229 49 99 31 72,communication.publicité.radio@communication.publicité.radio.org,communicationpublicitéradio.bj,TPE (<10),B2B,Google Maps,4.5,Actif,2026-06-29T00:14:35.753974,haute
BJ-4EE0977A,Communication Nouvelles Radio Kandi,Médias & Communication,Kandi,+229 34 76 89 18,communication.nouvelles.radio.kandi@communication.nouvelles.radio.kandi.net,communicationnouvellesradiokandi.bj,Grande (>200),B2B,Google Maps,3.5,Actif,2026-06-29T00:14:35.753994,haute
BJ-E13E990E,Presse Liberté News,Médias & Communication,Kandi,+229 71 37 69 38,presse.liberté.news@presse.liberté.news.org,presseliberténews.bj,TPE (<10),B2B,Google Maps,3.2,Actif,2026-06-29T00:14:35.754009,haute
BJ-94458E1A,National,Médias & Communication,Kandi,+229 89 45 21 27,,national.bj,TPE (<10),B2C,Google Maps,4.2,Actif,2026-06-29T00:14:35.754025,moyenne
BJ-72703C13,Média,Médias & Communication,Kandi,+229 57 62 64 52,,,PME (10-50),B2B,Google Maps,3.7,Actif,2026-06-29T00:14:35.754039,basse
BJ-197767D7,Communication Démocratie Bénin,Médias & Communication,Banikoara,+229 63 47 38 24,communication.démocratie.bénin@communication.démocratie.bénin.benin,communicationdémocratiebénin.bj,TPE (<10),B2C,Google Maps,4.6,Actif,2026-06-29T00:14:35.754060,haute
BJ-6EDA074F,Nouvelles Banikoara,Médias & Communication,Banikoara,+229 71 75 52 15,nouvelles.banikoara@nouvelles.banikoara.benin,nouvellesbanikoara.bj,TPE (<10),B2C,Google Maps,3.1,Actif,2026-06-29T00:14:35.754075,haute
BJ-41B78CE2,Radio Radio,Médias & Communication,Banikoara,+229 39 96 84 80,radio.radio@radio.radio.bj,,Grande (>200),B2B,Google Maps,4.6,Actif,2026-06-29T00:14:35.754088,moyenne
BJ-31510C63,TV Radio TV,Médias & Communication,Banikoara,+229 29 64 49 78,,tvradiotv.bj,TPE (<10),B2B,Google Maps,3.5,Actif,2026-06-29T00:14:35.754105,moyenne
BJ-BC733182,Média National,Médias & Communication,Banikoara,+229 35 50 73 89,média.national@média.national.benin,,TPE (<10),B2B,Google Maps,3.6,Actif,2026-06-29T00:14:35.754119,moyenne
BJ-39082A93,TV Actualité Bénin,Médias & Communication,Ségbana,+229 97 19 45 15,,tvactualitébénin.bj,PME (50-200),B2C,Google Maps,4.3,Actif,2026-06-29T00:14:35.754139,moyenne
BJ-2857F762,International,Médias & Communication,Ségbana,+229 87 98 87 62,international@international.benin,international.bj,PME (50-200),B2C,Google Maps,4.8,Actif,2026-06-29T00:14:35.754152,haute
BJ-9EE6DA16,Presse Média Media,Médias & Communication,Ségbana,+229 52 17 32 19,,,TPE (<10),B2B,Google Maps,4.7,Actif,2026-06-29T00:14:35.754165,basse
BJ-51247658,Journal Nouvelles,Médias & Communication,Ségbana,+229 68 95 49 63,,,PME (50-200),B2B,Google Maps,4.3,Actif,2026-06-29T00:14:35.754180,basse
BJ-0CEE716B,Journal Bénin,Médias & Communication,Ségbana,+229 79 90 76 60,,journalbénin.bj,PME (50-200),B2C,Google Maps,3.8,Actif,2026-06-29T00:14:35.754194,moyenne
BJ-377F2BCA,Presse,Médias & Communication,Karimama,+229 93 99 47 35,presse@presse.net,presse.bj,TPE (<10),B2B,Google Maps,4.2,Actif,2026-06-29T00:14:35.754214,haute
BJ-DDDCE178,Télévision Media Karimama,Médias & Communication,Karimama,+229 67 64 19 50,télévision.media.karimama@télévision.media.karimama.net,télévisionmediakarimama.bj,PME (50-200),B2C,Google Maps,3.0,Actif,2026-06-29T00:14:35.754230,haute
BJ-01C5D344,Télévision Radio,Médias & Communication,Karimama,+229 62 51 36 92,,télévisionradio.bj,PME (50-200),B2B,Google Maps,4.4,Actif,2026-06-29T00:14:35.754244,moyenne
BJ-9C74735F,Télévision,Médias & Communication,Karimama,+229 80 83 36 17,,télévision.bj,TPE (<10),B2B,Google Maps,4.4,Actif,2026-06-29T00:14:35.754258,moyenne
BJ-C43A651D,National,Médias & Communication,Karimama,+229 76 36 89 80,national@national.net,national.bj,TPE (<10),B2C,Google Maps,4.3,Actif,2026-06-29T00:14:35.754271,haute
BJ-178A14CE,Média Gogounou,Médias & Communication,Gogounou,+229 34 16 71 16,média.gogounou@média.gogounou.org,médiagogounou.bj,TPE (<10),B2B,Google Maps,3.3,Actif,2026-06-29T00:14:35.754299,haute
BJ-6C530B66,Télévision Press Gogounou,Médias & Communication,Gogounou,+229 72 77 31 53,télévision.press.gogounou@télévision.press.gogounou.com,télévisionpressgogounou.bj,TPE (<10),B2B,Google Maps,4.0,Actif,2026-06-29T00:14:35.754315,haute
BJ-6670E950,Presse News,Médias & Communication,Gogounou,+229 63 40 98 64,,pressenews.bj,PME (10-50),B2C,Google Maps,3.1,Actif,2026-06-29T00:14:35.754328,moyenne
BJ-426AF30B,Agence Radio Press,Médias & Communication,Gogounou,+229 81 28 93 74,agence.radio.press@agence.radio.press.net,,PME (10-50),B2B,Google Maps,3.9,Actif,2026-06-29T00:14:35.754346,moyenne
BJ-E9C872DF,Communication Actualité,Médias & Communication,Gogounou,+229 77 84 80 41,communication.actualité@communication.actualité.com,communicationactualité.bj,PME (50-200),B2B,Google Maps,3.5,Actif,2026-06-29T00:14:35.754362,haute
BJ-1A10B548,Nouvelles,Médias & Communication,Cobly,+229 88 15 14 31,nouvelles@nouvelles.com,nouvelles.bj,TPE (<10),B2C,Google Maps,4.2,Actif,2026-06-29T00:14:35.754386,haute
BJ-2DC253A4,Nouvelles Press,Médias & Communication,Cobly,+229 23 20 65 43,,nouvellespress.bj,TPE (<10),B2C,Google Maps,4.7,Actif,2026-06-29T00:14:35.754401,moyenne
BJ-A84E9DCA,Journal Média,Médias & Communication,Cobly,+229 51 67 32 38,,,TPE (<10),B2B,Google Maps,4.4,Actif,2026-06-29T00:14:35.754418,basse
BJ-24A002F5,Actualité Africa,Médias & Communication,Cobly,+229 66 26 83 79,actualité.africa@actualité.africa.org,actualitéafrica.bj,TPE (<10),B2C,Google Maps,4.7,Actif,2026-06-29T00:14:35.754434,haute
BJ-2FEB0482,Média Africa,Médias & Communication,Cobly,+229 77 91 38 12,média.africa@média.africa.benin,,TPE (<10),B2C,Google Maps,3.1,Actif,2026-06-29T00:14:35.754452,moyenne
BJ-A3C3F533,Radio Presse,Médias & Communication,Tanguiéta,+229 27 93 78 63,radio.presse@radio.presse.com,radiopresse.bj,TPE (<10),B2B,Google Maps,5.0,Actif,2026-06-29T00:14:35.754473,haute
BJ-6B250569,Journal Nouvelles,Médias & Communication,Tanguiéta,+229 63 30 27 29,journal.nouvelles@journal.nouvelles.org,journalnouvelles.bj,PME (10-50),B2C,Google Maps,4.3,Actif,2026-06-29T00:14:35.754489,haute
BJ-F4C5C776,Liberté Bénin,Médias & Communication,Tanguiéta,+229 69 55 60 30,liberté.bénin@liberté.bénin.org,libertébénin.bj,TPE (<10),B2C,Google Maps,3.2,Actif,2026-06-29T00:14:35.754505,haute
BJ-0E3BE754,Journal Liberté Press,Médias & Communication,Tanguiéta,+229 89 20 50 33,journal.liberté.press@journal.liberté.press.com,journallibertépress.bj,TPE (<10),B2B,Google Maps,3.2,Actif,2026-06-29T00:14:35.754525,haute
BJ-9D6FD724,Presse Journal Bénin,Médias & Communication,Tanguiéta,+229 23 13 74 85,presse.journal.bénin@presse.journal.bénin.benin,pressejournalbénin.bj,PME (10-50),B2B,Google Maps,3.8,Actif,2026-06-29T00:14:35.754541,haute
BJ-7459D008,Publicité Media,Médias & Communication,Matéri,+229 69 47 50 52,publicité.media@publicité.media.bj,publicitémedia.bj,TPE (<10),B2C,Google Maps,4.9,Actif,2026-06-29T00:14:35.754562,haute
BJ-2E567C70,Presse Nouvelles Press,Médias & Communication,Matéri,+229 79 78 41 75,presse.nouvelles.press@presse.nouvelles.press.com,pressenouvellespress.bj,TPE (<10),B2C,Google Maps,4.0,Actif,2026-06-29T00:14:35.754578,haute
BJ-009C17B1,Presse Publicité,Médias & Communication,Matéri,+229 87 45 69 76,presse.publicité@presse.publicité.benin,pressepublicité.bj,TPE (<10),B2C,Google Maps,4.1,Actif,2026-06-29T00:14:35.754593,haute
BJ-DEEAF1AC,Journal Media,Médias & Communication,Matéri,+229 85 68 58 48,,,PME (10-50),B2C,Google Maps,3.6,Actif,2026-06-29T00:14:35.754606,basse
BJ-EF468D44,Média International Press Matéri,Médias & Communication,Matéri,+229 43 55 19 58,média.international.press.matéri@média.international.press.matéri.benin,médiainternationalpressmatéri.bj,PME (10-50),B2B,Google Maps,4.3,Actif,2026-06-29T00:14:35.754622,haute
BJ-B297D797,Liberté,Médias & Communication,Natitingou,+229 63 92 57 99,,,TPE (<10),B2B,Google Maps,4.0,Actif,2026-06-29T00:14:35.754642,basse
BJ-7E5C71A8,TV Publicité,Médias & Communication,Natitingou,+229 58 91 83 34,tv.publicité@tv.publicité.com,,PME (10-50),B2B,Google Maps,4.4,Actif,2026-06-29T00:14:35.754657,moyenne
BJ-55FDFA07,Liberté TV,Médias & Communication,Natitingou,+229 67 38 75 21,liberté.tv@liberté.tv.benin,libertétv.bj,TPE (<10),B2C,Google Maps,4.7,Actif,2026-06-29T00:14:35.754671,haute
BJ-41717238,Média Actualité,Médias & Communication,Natitingou,+229 70 98 98 54,média.actualité@média.actualité.com,médiaactualité.bj,PME (10-50),B2C,Google Maps,3.2,Actif,2026-06-29T00:14:35.754690,haute
BJ-4B8E9436,Radio Nouvelles Natitingou,Médias & Communication,Natitingou,+229 63 69 88 70,radio.nouvelles.natitingou@radio.nouvelles.natitingou.org,radionouvellesnatitingou.bj,Grande (>200),B2C,Google Maps,4.2,Actif,2026-06-29T00:14:35.754706,haute
BJ-1DA9B7A3,Publicité,Médias & Communication,Toucountouna,+229 32 82 34 80,,publicité.bj,PME (50-200),B2C,Google Maps,4.6,Actif,2026-06-29T00:14:35.754731,moyenne
BJ-385153D1,International Africa Toucountouna,Médias & Communication,Toucountouna,+229 52 24 13 26,international.africa.toucountouna@international.africa.toucountouna.bj,,TPE (<10),B2B,Google Maps,3.3,Actif,2026-06-29T00:14:35.754747,moyenne
BJ-1CFC3C4F,National Toucountouna,Médias & Communication,Toucountouna,+229 47 18 15 70,national.toucountouna@national.toucountouna.net,,Grande (>200),B2C,Google Maps,4.1,Actif,2026-06-29T00:14:35.754763,moyenne
BJ-E7BB179E,Communication Information Media,Médias & Communication,Toucountouna,+229 72 98 20 27,communication.information.media@communication.information.media.org,communicationinformationmedia.bj,Grande (>200),B2C,Google Maps,4.2,Actif,2026-06-29T00:14:35.754781,haute
BJ-8ABC861A,Journal Actualité Toucountouna,Médias & Communication,Toucountouna,+229 25 81 96 32,journal.actualité.toucountouna@journal.actualité.toucountouna.benin,journalactualitétoucountouna.bj,PME (50-200),B2B,Google Maps,4.4,Actif,2026-06-29T00:14:35.754798,haute
BJ-D349FB7A,Communication Publicité,Médias & Communication,Boukoumbé,+229 69 59 60 88,,communicationpublicité.bj,PME (10-50),B2B,Google Maps,3.4,Actif,2026-06-29T00:14:35.754818,moyenne
BJ-C5409680,Liberté,Médias & Communication,Boukoumbé,+229 66 84 76 30,,liberté.bj,TPE (<10),B2B,Google Maps,3.5,Actif,2026-06-29T00:14:35.754833,moyenne
BJ-EFB710DC,Presse International,Médias & Communication,Boukoumbé,+229 96 75 78 58,,,PME (50-200),B2B,Google Maps,3.6,Actif,2026-06-29T00:14:35.754845,basse
BJ-313D091C,Média International News Boukoumbé,Médias & Communication,Boukoumbé,+229 94 37 17 29,,médiainternationalnewsboukoumbé.bj,TPE (<10),B2B,Google Maps,4.1,Actif,2026-06-29T00:14:35.754864,moyenne
BJ-9F0F32DD,Information Press,Médias & Communication,Boukoumbé,+229 97 59 92 61,information.press@information.press.bj,informationpress.bj,PME (50-200),B2B,Google Maps,4.9,Actif,2026-06-29T00:14:35.754880,haute
BJ-D54D7448,Télévision,Médias & Communication,Kouandé,+229 49 55 23 19,,,PME (10-50),B2B,Google Maps,3.4,Actif,2026-06-29T00:14:35.754935,basse
BJ-F1A2A247,Publicité,Médias & Communication,Kouandé,+229 21 21 62 93,publicité@publicité.com,publicité.bj,PME (10-50),B2B,Google Maps,4.8,Actif,2026-06-29T00:14:35.754951,haute
BJ-9AE71C63,Communication Radio,Médias & Communication,Kouandé,+229 29 50 49 35,communication.radio@communication.radio.benin,,TPE (<10),B2B,Google Maps,4.7,Actif,2026-06-29T00:14:35.754965,moyenne
BJ-B23CA377,Média Radio,Médias & Communication,Kouandé,+229 63 15 94 88,,médiaradio.bj,PME (10-50),B2C,Google Maps,4.2,Actif,2026-06-29T00:14:35.754984,moyenne
BJ-1A31DC3F,Média,Médias & Communication,Péhunco,+229 21 99 52 42,,média.bj,PME (50-200),B2B,Google Maps,4.9,Actif,2026-06-29T00:14:35.755006,moyenne
BJ-67449C19,Communication National Communication Péhunco,Médias & Communication,Péhunco,+229 81 16 42 94,communication.national.communication.péhunco@communication.national.communication.péhunco.bj,communicationnationalcommunicationpéhunco.bj,TPE (<10),B2B,Google Maps,3.7,Actif,2026-06-29T00:14:35.755028,haute
BJ-20680DA3,Radio Liberté TV,Médias & Communication,Péhunco,+229 44 73 35 45,radio.liberté.tv@radio.liberté.tv.org,,PME (50-200),B2B,Google Maps,3.6,Actif,2026-06-29T00:14:35.755043,moyenne
BJ-9EE4CBFB,Liberté,Médias & Communication,Péhunco,+229 46 19 26 89,,liberté.bj,TPE (<10),B2C,Google Maps,3.2,Actif,2026-06-29T00:14:35.755060,moyenne
BJ-C7DE32EF,Publicité,Médias & Communication,Péhunco,+229 38 11 67 84,publicité@publicité.org,,TPE (<10),B2B,Google Maps,4.4,Actif,2026-06-29T00:14:35.755075,moyenne
BJ-F3D48D25,TV Information News Tchaourou,Médias & Communication,Tchaourou,+229 47 84 30 70,tv.information.news.tchaourou@tv.information.news.tchaourou.benin,,TPE (<10),B2C,Google Maps,3.8,Actif,2026-06-29T00:14:35.755097,moyenne
BJ-63CBC5E5,Radio Média Tchaourou,Médias & Communication,Tchaourou,+229 41 90 24 83,,,PME (10-50),B2B,Google Maps,4.5,Actif,2026-06-29T00:14:35.755110,basse
BJ-26E7D9C5,TV National,Médias & Communication,Tchaourou,+229 55 29 83 75,,tvnational.bj,PME (50-200),B2B,Google Maps,4.6,Actif,2026-06-29T00:14:35.755124,moyenne
BJ-723CD092,Journal Journal Communication,Médias & Communication,Tchaourou,+229 30 29 92 84,,journaljournalcommunication.bj,TPE (<10),B2B,Google Maps,3.2,Actif,2026-06-29T00:14:35.755139,moyenne
BJ-32599D19,Actualité News,Médias & Communication,Tchaourou,+229 45 97 84 13,actualité.news@actualité.news.org,,Grande (>200),B2B,Google Maps,4.5,Actif,2026-06-29T00:14:35.755154,moyenne
BJ-63E26962,Télévision Nikki,Médias & Communication,Nikki,+229 97 59 19 15,télévision.nikki@télévision.nikki.org,,PME (10-50),B2B,Google Maps,3.8,Actif,2026-06-29T00:14:35.755177,moyenne
BJ-00218F8E,Média Télévision,Médias & Communication,Nikki,+229 55 85 35 15,média.télévision@média.télévision.benin,médiatélévision.bj,TPE (<10),B2B,Google Maps,4.1,Actif,2026-06-29T00:14:35.755194,haute
BJ-890DB96E,Presse Radio,Médias & Communication,Nikki,+229 93 90 15 60,presse.radio@presse.radio.net,presseradio.bj,PME (50-200),B2B,Google Maps,3.6,Actif,2026-06-29T00:14:35.755209,haute
BJ-CF40FF74,Actualité,Médias & Communication,Nikki,+229 62 50 79 96,,actualité.bj,TPE (<10),B2B,Google Maps,3.0,Actif,2026-06-29T00:14:35.755270,moyenne
BJ-BBD3D846,International Press,Médias & Communication,Nikki,+229 65 78 20 78,,internationalpress.bj,TPE (<10),B2B,Google Maps,3.3,Actif,2026-06-29T00:14:35.755300,moyenne
BJ-698823AC,Journal,Médias & Communication,Bembéréké,+229 46 19 90 83,,,TPE (<10),B2C,Google Maps,4.0,Actif,2026-06-29T00:14:35.755334,basse
BJ-566438A1,Journal Publicité TV,Médias & Communication,Bembéréké,+229 67 96 81 34,journal.publicité.tv@journal.publicité.tv.bj,journalpublicitétv.bj,PME (10-50),B2C,Google Maps,5.0,Actif,2026-06-29T00:14:35.755368,haute
BJ-15218511,Publicité Bembéréké,Médias & Communication,Bembéréké,+229 69 32 31 17,,publicitébembéréké.bj,PME (50-200),B2B,Google Maps,4.9,Actif,2026-06-29T00:14:35.755388,moyenne
BJ-F4160D4B,International Africa,Médias & Communication,Bembéréké,+229 50 71 18 29,international.africa@international.africa.net,internationalafrica.bj,TPE (<10),B2B,Google Maps,4.4,Actif,2026-06-29T00:14:35.755409,haute
BJ-FEE710B6,TV International Bembéréké,Médias & Communication,Bembéréké,+229 59 12 44 75,,tvinternationalbembéréké.bj,TPE (<10),B2B,Google Maps,4.2,Actif,2026-06-29T00:14:35.755425,moyenne
BJ-59090472,Actualité Press,Médias & Communication,Kalalé,+229 36 73 84 61,,actualitépress.bj,TPE (<10),B2B,Google Maps,3.2,Actif,2026-06-29T00:14:35.755453,moyenne
BJ-9C8789C2,Démocratie TV Kalalé,Médias & Communication,Kalalé,+229 58 28 89 30,démocratie.tv.kalalé@démocratie.tv.kalalé.net,démocratietvkalalé.bj,TPE (<10),B2B,Google Maps,4.8,Actif,2026-06-29T00:14:35.755468,haute
BJ-1F16CFAA,TV Information Radio Kalalé,Médias & Communication,Kalalé,+229 34 77 26 36,,,TPE (<10),B2B,Google Maps,4.1,Actif,2026-06-29T00:14:35.755481,basse
BJ-DC42811C,TV International Kalalé,Médias & Communication,Kalalé,+229 86 75 21 40,,tvinternationalkalalé.bj,PME (10-50),B2C,Google Maps,5.0,Actif,2026-06-29T00:14:35.755498,moyenne
BJ-97B7C554,Média Liberté,Médias & Communication,Kalalé,+229 25 47 30 69,média.liberté@média.liberté.bj,médialiberté.bj,PME (50-200),B2B,Google Maps,4.1,Actif,2026-06-29T00:14:35.755513,haute
BJ-DAF090F6,Radio Publicité,Médias & Communication,Ndali,+229 48 51 27 25,radio.publicité@radio.publicité.org,radiopublicité.bj,TPE (<10),B2B,Google Maps,3.9,Actif,2026-06-29T00:14:35.755534,haute
BJ-40A51CDC,Démocratie News,Médias & Communication,Ndali,+229 85 48 71 23,démocratie.news@démocratie.news.net,démocratienews.bj,TPE (<10),B2C,Google Maps,3.5,Actif,2026-06-29T00:14:35.755549,haute
BJ-76D114D2,National Bénin,Médias & Communication,Ndali,+229 58 89 89 48,national.bénin@national.bénin.net,nationalbénin.bj,TPE (<10),B2C,Google Maps,4.5,Actif,2026-06-29T00:14:35.755563,haute
BJ-F89273BB,Presse Information,Médias & Communication,Ndali,+229 96 67 56 97,,presseinformation.bj,TPE (<10),B2C,Google Maps,4.3,Actif,2026-06-29T00:14:35.755576,moyenne
BJ-51B9E726,Nouvelles News,Médias & Communication,Ndali,+229 48 18 83 19,nouvelles.news@nouvelles.news.benin,,PME (50-200),B2B,Google Maps,4.2,Actif,2026-06-29T00:14:35.755590,moyenne
BJ-032027F2,Démocratie Africa,Médias & Communication,Ségbana,+229 71 75 53 69,démocratie.africa@démocratie.africa.net,démocratieafrica.bj,PME (50-200),B2C,Google Maps,4.9,Actif,2026-06-29T00:14:35.755614,haute
BJ-CA2CAA35,Agence Publicité Media,Médias & Communication,Ségbana,+229 40 43 19 97,agence.publicité.media@agence.publicité.media.net,agencepublicitémedia.bj,PME (50-200),B2B,Google Maps,4.3,Actif,2026-06-29T00:14:35.755629,haute
BJ-506C4DB7,Communication,Médias & Communication,Ségbana,+229 68 57 74 74,,,PME (50-200),B2C,Google Maps,4.1,Actif,2026-06-29T00:14:35.755641,basse
BJ-B719CA8D,Radio Liberté,Médias & Communication,Ségbana,+229 23 96 38 81,radio.liberté@radio.liberté.org,radioliberté.bj,TPE (<10),B2B,Google Maps,3.7,Actif,2026-06-29T00:14:35.755656,haute
BJ-B2D2B2CA,Média Actualité Ségbana,Médias & Communication,Ségbana,+229 89 33 73 78,,médiaactualitéségbana.bj,PME (10-50),B2B,Google Maps,3.6,Actif,2026-06-29T00:14:35.755678,moyenne
BJ-341D5524,Information,Médias & Communication,Tchaourou,+229 26 28 32 99,information@information.bj,,TPE (<10),B2B,Google Maps,3.3,Actif,2026-06-29T00:14:35.755698,moyenne
BJ-C0CC8C7D,Journal,Médias & Communication,Tchaourou,+229 35 60 94 27,,journal.bj,TPE (<10),B2C,Google Maps,4.8,Actif,2026-06-29T00:14:35.755715,moyenne
BJ-50F7D062,Liberté Bénin,Médias & Communication,Tchaourou,+229 31 84 12 19,liberté.bénin@liberté.bénin.org,libertébénin.bj,PME (10-50),B2B,Google Maps,4.6,Actif,2026-06-29T00:14:35.755730,haute
BJ-5357163E,Journal Publicité Communication Tchaourou,Médias & Communication,Tchaourou,+229 85 43 33 63,journal.publicité.communication.tchaourou@journal.publicité.communication.tchaourou.net,journalpublicitécommunicationtchaourou.bj,TPE (<10),B2C,Google Maps,3.6,Actif,2026-06-29T00:14:35.755751,haute
BJ-E23D1B00,Radio,Médias & Communication,Tchaourou,+229 91 36 51 20,radio@radio.benin,radio.bj,TPE (<10),B2C,Google Maps,4.2,Actif,2026-06-29T00:14:35.755766,haute
BJ-77D922D6,Agence Presse,Médias & Communication,Bétérou,+229 24 46 52 49,,,PME (50-200),B2C,Google Maps,4.5,Actif,2026-06-29T00:14:35.755784,basse
BJ-F37426C2,Radio Nouvelles Communication,Médias & Communication,Bétérou,+229 83 22 21 29,radio.nouvelles.communication@radio.nouvelles.communication.bj,radionouvellescommunication.bj,TPE (<10),B2B,Google Maps,4.2,Actif,2026-06-29T00:14:35.755798,haute
BJ-DB629DE1,Télévision Bénin,Médias & Communication,Bétérou,+229 81 11 26 59,télévision.bénin@télévision.bénin.com,télévisionbénin.bj,PME (50-200),B2B,Google Maps,3.7,Actif,2026-06-29T00:14:35.755813,haute
BJ-BEC26B4E,Communication,Médias & Communication,Bétérou,+229 42 44 10 96,,,TPE (<10),B2B,Google Maps,4.0,Actif,2026-06-29T00:14:35.755829,basse
BJ-32671F08,Nouvelles Bétérou,Médias & Communication,Bétérou,+229 24 78 11 37,,nouvellesbétérou.bj,PME (10-50),B2B,Google Maps,3.8,Actif,2026-06-29T00:14:35.755844,moyenne
BJ-4CE97C85,Journal Démocratie Ouessè,Médias & Communication,Ouessè,+229 96 82 81 40,,,PME (10-50),B2C,Google Maps,5.0,Actif,2026-06-29T00:14:35.755863,basse
BJ-193DFD62,Communication Actualité Bénin Ouessè,Médias & Communication,Ouessè,+229 74 85 81 85,communication.actualité.bénin.ouessè@communication.actualité.bénin.ouessè.com,communicationactualitébéninouessè.bj,PME (50-200),B2C,Google Maps,3.4,Actif,2026-06-29T00:14:35.755878,haute
BJ-17E6F364,Presse National,Médias & Communication,Ouessè,+229 84 74 32 62,,pressenational.bj,Grande (>200),B2C,Google Maps,4.7,Actif,2026-06-29T00:14:35.755908,moyenne
BJ-880C1592,Actualité,Médias & Communication,Ouessè,+229 60 72 46 28,,actualité.bj,PME (10-50),B2B,Google Maps,4.8,Actif,2026-06-29T00:14:35.755923,moyenne
BJ-17994A99,Communication Liberté Media,Médias & Communication,Ouessè,+229 89 49 22 52,communication.liberté.media@communication.liberté.media.org,communicationlibertémedia.bj,TPE (<10),B2C,Google Maps,3.9,Actif,2026-06-29T00:14:35.755938,haute
BJ-F4833EBB,National,Médias & Communication,Glazoué,+229 98 53 63 77,,,TPE (<10),B2B,Google Maps,4.2,Actif,2026-06-29T00:14:35.755956,basse
BJ-8A8B8B0A,Radio Glazoué,Médias & Communication,Glazoué,+229 35 98 24 47,,radioglazoué.bj,TPE (<10),B2C,Google Maps,3.8,Actif,2026-06-29T00:14:35.755971,moyenne
BJ-F4AF379D,Liberté,Médias & Communication,Glazoué,+229 43 54 18 20,,liberté.bj,PME (50-200),B2B,Google Maps,4.7,Actif,2026-06-29T00:14:35.755984,moyenne
BJ-99132F87,Radio Journal Bénin Glazoué,Médias & Communication,Glazoué,+229 26 40 20 26,radio.journal.bénin.glazoué@radio.journal.bénin.glazoué.benin,,TPE (<10),B2B,Google Maps,4.5,Actif,2026-06-29T00:14:35.756003,moyenne
BJ-5F75A499,Démocratie Bénin,Médias & Communication,Glazoué,+229 20 26 12 68,démocratie.bénin@démocratie.bénin.benin,démocratiebénin.bj,PME (10-50),B2B,Google Maps,3.2,Actif,2026-06-29T00:14:35.756019,haute
BJ-40A44876,Télévision Press,Médias & Communication,Dassa-Zoumè,+229 95 82 85 89,télévision.press@télévision.press.benin,télévisionpress.bj,TPE (<10),B2B,Google Maps,3.9,Actif,2026-06-29T00:14:35.756040,haute
BJ-1157D7F6,Agence Actualité Press,Médias & Communication,Dassa-Zoumè,+229 73 14 80 58,,agenceactualitépress.bj,PME (10-50),B2B,Google Maps,3.7,Actif,2026-06-29T00:14:35.756058,moyenne
BJ-14564D29,Nouvelles,Médias & Communication,Dassa-Zoumè,+229 67 45 38 24,,nouvelles.bj,PME (50-200),B2C,Google Maps,4.5,Actif,2026-06-29T00:14:35.756072,moyenne
BJ-355787DF,Agence Télévision Bénin,Médias & Communication,Dassa-Zoumè,+229 20 70 41 21,agence.télévision.bénin@agence.télévision.bénin.bj,,Grande (>200),B2C,Google Maps,3.7,Actif,2026-06-29T00:14:35.756085,moyenne
BJ-1BCC24EE,Presse News,Médias & Communication,Dassa-Zoumè,+229 31 93 82 16,,pressenews.bj,PME (50-200),B2B,Google Maps,4.3,Actif,2026-06-29T00:14:35.756102,moyenne
BJ-3A413046,Nouvelles Radio Savalou,Médias & Communication,Savalou,+229 28 63 15 80,nouvelles.radio.savalou@nouvelles.radio.savalou.net,,PME (50-200),B2C,Google Maps,5.0,Actif,2026-06-29T00:14:35.756122,moyenne
BJ-AF3A2355,National News Savalou,Médias & Communication,Savalou,+229 32 84 49 52,national.news.savalou@national.news.savalou.benin,nationalnewssavalou.bj,PME (50-200),B2C,Google Maps,4.0,Actif,2026-06-29T00:14:35.756137,haute
BJ-96327514,Nouvelles News,Médias & Communication,Savalou,+229 81 57 44 63,,,Grande (>200),B2C,Google Maps,3.0,Actif,2026-06-29T00:14:35.756165,basse
BJ-69F42E57,Radio Savalou,Médias & Communication,Savalou,+229 94 20 79 61,,radiosavalou.bj,Grande (>200),B2C,Google Maps,4.5,Actif,2026-06-29T00:14:35.756179,moyenne
BJ-2839DB83,Communication Journal,Médias & Communication,Bantè,+229 70 49 16 64,communication.journal@communication.journal.bj,communicationjournal.bj,PME (10-50),B2C,Google Maps,3.6,Actif,2026-06-29T00:14:35.756199,haute
BJ-164CAFA1,Nouvelles,Médias & Communication,Bantè,+229 57 92 15 86,nouvelles@nouvelles.net,nouvelles.bj,PME (50-200),B2B,Google Maps,3.2,Actif,2026-06-29T00:14:35.756213,haute
BJ-A6A97CC9,Communication,Médias & Communication,Bantè,+229 60 79 54 26,communication@communication.bj,,TPE (<10),B2B,Google Maps,4.1,Actif,2026-06-29T00:14:35.756226,moyenne
BJ-9669350E,Communication Radio News,Médias & Communication,Bantè,+229 36 50 92 45,,communicationradionews.bj,PME (10-50),B2C,Google Maps,4.1,Actif,2026-06-29T00:14:35.756239,moyenne
BJ-00D4234D,Agence National,Médias & Communication,Bantè,+229 47 73 32 84,agence.national@agence.national.org,,TPE (<10),B2C,Google Maps,3.7,Actif,2026-06-29T00:14:35.756256,moyenne
BJ-9885B0BC,National Djougou,Médias & Communication,Djougou,+229 80 98 74 59,,nationaldjougou.bj,PME (10-50),B2C,Google Maps,4.3,Actif,2026-06-29T00:14:35.756275,moyenne
BJ-30893EF0,National News Djougou,Médias & Communication,Djougou,+229 22 13 98 77,,nationalnewsdjougou.bj,Grande (>200),B2C,Google Maps,4.1,Actif,2026-06-29T00:14:35.756288,moyenne
BJ-D49C2AAB,International,Médias & Communication,Djougou,+229 99 97 50 15,international@international.com,,PME (10-50),B2B,Google Maps,3.8,Actif,2026-06-29T00:14:35.756301,moyenne
BJ-7BCC824B,Journal Actualité,Médias & Communication,Djougou,+229 32 12 77 52,journal.actualité@journal.actualité.bj,journalactualité.bj,TPE (<10),B2B,Google Maps,3.3,Actif,2026-06-29T00:14:35.756318,haute
BJ-66439688,Publicité Radio,Médias & Communication,Djougou,+229 97 47 80 84,publicité.radio@publicité.radio.benin,publicitéradio.bj,TPE (<10),B2B,Google Maps,3.4,Actif,2026-06-29T00:14:35.756333,haute
BJ-1E93999F,Publicité Africa Ouèssè,Médias & Communication,Ouèssè,+229 70 37 94 17,,publicitéafricaouèssè.bj,PME (50-200),B2B,Google Maps,3.9,Actif,2026-06-29T00:14:35.756353,moyenne
BJ-8D8E5D06,Communication Média,Médias & Communication,Ouèssè,+229 50 21 12 56,,communicationmédia.bj,TPE (<10),B2C,Google Maps,4.7,Actif,2026-06-29T00:14:35.756367,moyenne
BJ-65E20DAC,Nouvelles,Médias & Communication,Ouèssè,+229 43 23 65 43,nouvelles@nouvelles.net,nouvelles.bj,TPE (<10),B2C,Google Maps,3.8,Actif,2026-06-29T00:14:35.756380,haute
BJ-7826908C,International,Médias & Communication,Ouèssè,+229 46 94 97 44,international@international.bj,,PME (10-50),B2C,Google Maps,4.2,Actif,2026-06-29T00:14:35.756394,moyenne
BJ-B3258CB7,Télévision News,Médias & Communication,Ouèssè,+229 38 85 22 90,télévision.news@télévision.news.benin,,TPE (<10),B2C,Google Maps,4.4,Actif,2026-06-29T00:14:35.756407,moyenne
BJ-736529F0,Média Press Bassila,Médias & Communication,Bassila,+229 67 82 87 55,média.press.bassila@média.press.bassila.com,,PME (50-200),B2B,Google Maps,3.9,Actif,2026-06-29T00:14:35.756429,moyenne
BJ-4DE211BE,Presse Publicité Media,Médias & Communication,Bassila,+229 86 11 68 54,,,PME (10-50),B2C,Google Maps,4.2,Actif,2026-06-29T00:14:35.756442,basse
BJ-8CD22AFA,Nouvelles,Médias & Communication,Bassila,+229 44 86 18 66,nouvelles@nouvelles.org,,PME (50-200),B2B,Google Maps,3.0,Actif,2026-06-29T00:14:35.756455,moyenne
BJ-1740F8C6,Télévision Radio,Médias & Communication,Bassila,+229 88 50 17 93,,télévisionradio.bj,Grande (>200),B2B,Google Maps,4.4,Actif,2026-06-29T00:14:35.756471,moyenne
BJ-A0F9F379,Télévision,Médias & Communication,Bassila,+229 76 24 19 87,télévision@télévision.com,,PME (10-50),B2B,Google Maps,4.6,Actif,2026-06-29T00:14:35.756484,moyenne
BJ-CF67F9D9,Presse Publicité,Médias & Communication,Pehunco,+229 22 84 23 71,,,PME (10-50),B2C,Google Maps,3.3,Actif,2026-06-29T00:14:35.756502,basse
BJ-ECC87C2B,Média National Pehunco,Médias & Communication,Pehunco,+229 98 13 82 21,média.national.pehunco@média.national.pehunco.benin,médianationalpehunco.bj,TPE (<10),B2C,Google Maps,4.1,Actif,2026-06-29T00:14:35.756521,haute
BJ-FC0A59A3,National Africa,Médias & Communication,Pehunco,+229 71 13 71 14,national.africa@national.africa.com,nationalafrica.bj,PME (10-50),B2C,Google Maps,3.2,Actif,2026-06-29T00:14:35.756539,haute
BJ-8444B5EA,Démocratie Pehunco,Médias & Communication,Pehunco,+229 72 71 39 32,,,PME (50-200),B2C,Google Maps,3.6,Actif,2026-06-29T00:14:35.756552,basse
BJ-A0437F1F,International TV,Médias & Communication,Pehunco,+229 25 79 87 42,international.tv@international.tv.bj,internationaltv.bj,PME (10-50),B2B,Google Maps,3.3,Actif,2026-06-29T00:14:35.756566,haute
BJ-FF954F2E,Radio Press Copargo,Médias & Communication,Copargo,+229 91 50 67 23,radio.press.copargo@radio.press.copargo.bj,radiopresscopargo.bj,PME (10-50),B2B,Google Maps,3.3,Actif,2026-06-29T00:14:35.756585,haute
BJ-03C70376,Presse Information Media,Médias & Communication,Copargo,+229 36 77 81 81,,presseinformationmedia.bj,PME (10-50),B2C,Google Maps,3.3,Actif,2026-06-29T00:14:35.756598,moyenne
BJ-1F1A8011,Journal Média,Médias & Communication,Copargo,+229 92 45 26 89,journal.média@journal.média.org,,Grande (>200),B2C,Google Maps,3.7,Actif,2026-06-29T00:14:35.756611,moyenne
BJ-01203C7A,Agence Télévision,Médias & Communication,Copargo,+229 58 15 23 52,,agencetélévision.bj,Grande (>200),B2C,Google Maps,4.1,Actif,2026-06-29T00:14:35.756627,moyenne
BJ-370A3516,Nouvelles Press Copargo,Médias & Communication,Copargo,+229 58 52 33 60,nouvelles.press.copargo@nouvelles.press.copargo.net,,TPE (<10),B2B,Google Maps,4.9,Actif,2026-06-29T00:14:35.756641,moyenne
BJ-2F1E5B1A,Environnement,ONG & Associations,Cotonou,+229 27 28 83 48,environnement@environnement.bj,environnement.bj,PME (50-200),B2B,Google Maps,4.2,Actif,2026-06-29T00:14:35.756661,haute
BJ-D887DC47,ONG Enfant Bénin,ONG & Associations,Cotonou,+229 28 60 45 64,,ongenfantbénin.bj,PME (10-50),B2B,Google Maps,3.3,Actif,2026-06-29T00:14:35.756675,moyenne
BJ-7F1C0A38,Droits Bénin,ONG & Associations,Cotonou,+229 46 45 65 75,,droitsbénin.bj,PME (50-200),B2C,Google Maps,4.4,Actif,2026-06-29T00:14:35.756687,moyenne
BJ-B3810C16,Développement Africa Cotonou,ONG & Associations,Cotonou,+229 59 82 17 53,développement.africa.cotonou@développement.africa.cotonou.com,développementafricacotonou.bj,TPE (<10),B2B,Google Maps,3.4,Actif,2026-06-29T00:14:35.756702,haute
BJ-B75F79EB,Enfant,ONG & Associations,Cotonou,+229 70 97 34 41,,,TPE (<10),B2B,Google Maps,3.8,Actif,2026-06-29T00:14:35.756714,basse
BJ-1B5C371B,Association Éducation Bénin Abomey-Calavi,ONG & Associations,Abomey-Calavi,+229 49 90 41 55,association.éducation.bénin.abomeycalavi@association.éducation.bénin.abomeycalavi.net,associationéducationbéninabomeycalavi.bj,Grande (>200),B2C,Google Maps,4.2,Actif,2026-06-29T00:14:35.756758,haute
BJ-3AA93C53,Droits International,ONG & Associations,Abomey-Calavi,+229 26 26 12 35,,droitsinternational.bj,PME (10-50),B2B,Google Maps,4.7,Actif,2026-06-29T00:14:35.756772,moyenne
BJ-1BEF9B5C,Éducation International,ONG & Associations,Abomey-Calavi,+229 22 68 70 44,éducation.international@éducation.international.com,,PME (10-50),B2B,Google Maps,4.5,Actif,2026-06-29T00:14:35.756786,moyenne
BJ-E8331F14,Jeunesse ONG,ONG & Associations,Abomey-Calavi,+229 72 75 69 81,,,TPE (<10),B2B,Google Maps,4.9,Actif,2026-06-29T00:14:35.756805,basse
BJ-26834799,Enfant Bénin,ONG & Associations,Abomey-Calavi,+229 80 76 42 38,,enfantbénin.bj,PME (10-50),B2B,Google Maps,3.3,Actif,2026-06-29T00:14:35.756818,moyenne
BJ-C5C74419,ONG Aide Association,ONG & Associations,Porto-Novo,+229 80 81 53 42,ong.aide.association@ong.aide.association.bj,ongaideassociation.bj,TPE (<10),B2C,Google Maps,3.3,Actif,2026-06-29T00:14:35.756838,haute
BJ-AD8B8C06,Sport,ONG & Associations,Porto-Novo,+229 27 68 36 44,sport@sport.net,,PME (10-50),B2B,Google Maps,4.5,Actif,2026-06-29T00:14:35.756852,moyenne
BJ-BE7D2F94,Société Enfant,ONG & Associations,Porto-Novo,+229 25 92 48 73,,,PME (10-50),B2C,Google Maps,3.1,Actif,2026-06-29T00:14:35.756864,basse
BJ-1491C035,Fondation Social,ONG & Associations,Porto-Novo,+229 57 62 76 49,fondation.social@fondation.social.org,fondationsocial.bj,PME (10-50),B2C,Google Maps,5.0,Actif,2026-06-29T00:14:35.756877,haute
BJ-A5B14A45,ONG Droits ONG,ONG & Associations,Porto-Novo,+229 63 21 47 63,,,PME (10-50),B2B,Google Maps,4.5,Actif,2026-06-29T00:14:35.756901,basse
BJ-6FCEECE5,Club Sport Organisation,ONG & Associations,Parakou,+229 55 96 23 25,,,TPE (<10),B2C,Google Maps,3.6,Actif,2026-06-29T00:14:35.756926,basse
BJ-E563824B,Humanitaire,ONG & Associations,Parakou,+229 61 76 20 55,humanitaire@humanitaire.bj,,Grande (>200),B2B,Google Maps,3.4,Actif,2026-06-29T00:14:35.756939,moyenne
BJ-4C7E44F8,Solidarité Parakou,ONG & Associations,Parakou,+229 51 59 27 27,solidarité.parakou@solidarité.parakou.bj,,TPE (<10),B2B,Google Maps,4.9,Actif,2026-06-29T00:14:35.756958,moyenne
BJ-51E4E21B,Jeunesse Africa,ONG & Associations,Parakou,+229 77 38 11 98,jeunesse.africa@jeunesse.africa.com,jeunesseafrica.bj,PME (50-200),B2B,Google Maps,4.2,Actif,2026-06-29T00:14:35.756976,haute
BJ-F211E10D,Enfant ONG,ONG & Associations,Parakou,+229 30 17 54 78,enfant.ong@enfant.ong.com,,TPE (<10),B2B,Google Maps,4.5,Actif,2026-06-29T00:14:35.756989,moyenne
BJ-97CC113A,Environnement,ONG & Associations,Bohicon,+229 80 20 38 98,,environnement.bj,PME (50-200),B2B,Google Maps,3.1,Actif,2026-06-29T00:14:35.757008,moyenne
BJ-3F64721D,Club Santé,ONG & Associations,Bohicon,+229 37 50 85 86,club.santé@club.santé.bj,,PME (10-50),B2C,Google Maps,4.1,Actif,2026-06-29T00:14:35.757023,moyenne
BJ-33655A40,ONG Aide,ONG & Associations,Bohicon,+229 78 87 33 51,ong.aide@ong.aide.bj,ongaide.bj,PME (10-50),B2C,Google Maps,4.1,Actif,2026-06-29T00:14:35.757036,haute
BJ-EB9CAA29,Fondation Social Organisation,ONG & Associations,Bohicon,+229 71 19 66 58,,fondationsocialorganisation.bj,PME (10-50),B2B,Google Maps,4.8,Actif,2026-06-29T00:14:35.757049,moyenne
BJ-57514E09,Société Santé,ONG & Associations,Bohicon,+229 61 40 20 15,société.santé@société.santé.org,sociétésanté.bj,PME (50-200),B2C,Google Maps,3.4,Actif,2026-06-29T00:14:35.757064,haute
BJ-601056EE,Fondation Éducation,ONG & Associations,Natitingou,+229 79 38 93 21,,,PME (50-200),B2C,Google Maps,4.0,Actif,2026-06-29T00:14:35.757082,basse
BJ-5592098E,Femme ONG,ONG & Associations,Natitingou,+229 76 47 65 36,femme.ong@femme.ong.org,femmeong.bj,PME (50-200),B2B,Google Maps,3.0,Actif,2026-06-29T00:14:35.757100,haute
BJ-5FA8D4CF,ONG Sport Organisation,ONG & Associations,Natitingou,+229 35 93 60 44,,,TPE (<10),B2C,Google Maps,3.3,Actif,2026-06-29T00:14:35.757112,basse
BJ-E0740886,Sport Organisation,ONG & Associations,Natitingou,+229 57 47 19 71,sport.organisation@sport.organisation.net,sportorganisation.bj,PME (10-50),B2C,Google Maps,3.6,Actif,2026-06-29T00:14:35.757129,haute
BJ-7575C8AD,Société Culture,ONG & Associations,Natitingou,+229 93 88 12 26,,,TPE (<10),B2C,Google Maps,3.4,Actif,2026-06-29T00:14:35.757141,basse
BJ-15D7980F,Humanitaire,ONG & Associations,Lokossa,+229 37 80 11 46,humanitaire@humanitaire.net,,Grande (>200),B2C,Google Maps,4.3,Actif,2026-06-29T00:14:35.757160,moyenne
BJ-2A28555D,Santé,ONG & Associations,Lokossa,+229 46 60 96 19,,,TPE (<10),B2C,Google Maps,3.2,Actif,2026-06-29T00:14:35.757173,basse
BJ-0701D9C8,ONG Social,ONG & Associations,Lokossa,+229 62 80 20 35,ong.social@ong.social.org,ongsocial.bj,PME (10-50),B2C,Google Maps,4.0,Actif,2026-06-29T00:14:35.757186,haute
BJ-1D713368,Culture ONG,ONG & Associations,Lokossa,+229 44 35 16 54,culture.ong@culture.ong.benin,cultureong.bj,TPE (<10),B2C,Google Maps,3.6,Actif,2026-06-29T00:14:35.757201,haute
BJ-C7C706B5,ONG Éducation Bénin,ONG & Associations,Lokossa,+229 25 37 15 92,ong.éducation.bénin@ong.éducation.bénin.org,ongéducationbénin.bj,PME (50-200),B2B,Google Maps,4.3,Actif,2026-06-29T00:14:35.757215,haute
BJ-EC1C1399,Social Organisation Ouidah,ONG & Associations,Ouidah,+229 51 63 11 10,social.organisation.ouidah@social.organisation.ouidah.benin,,PME (10-50),B2C,Google Maps,3.3,Actif,2026-06-29T00:14:35.757235,moyenne
BJ-9FD9F625,Société Sport,ONG & Associations,Ouidah,+229 47 62 14 30,,,PME (50-200),B2C,Google Maps,4.3,Actif,2026-06-29T00:14:35.757247,basse
BJ-1A8CC6C5,ONG Développement,ONG & Associations,Ouidah,+229 97 62 31 59,,,PME (50-200),B2B,Google Maps,3.1,Actif,2026-06-29T00:14:35.757260,basse
BJ-F9A2AA94,Organisation Santé Association,ONG & Associations,Ouidah,+229 90 44 99 71,organisation.santé.association@organisation.santé.association.bj,,PME (10-50),B2C,Google Maps,3.2,Actif,2026-06-29T00:14:35.757277,moyenne
BJ-C091CD1D,Fondation Environnement Organisation,ONG & Associations,Ouidah,+229 76 62 73 98,,,TPE (<10),B2C,Google Maps,3.9,Actif,2026-06-29T00:14:35.757290,basse
BJ-63D1188F,Club Culture,ONG & Associations,Savalou,+229 54 54 43 75,club.culture@club.culture.bj,,TPE (<10),B2B,Google Maps,4.3,Actif,2026-06-29T00:14:35.757308,moyenne
BJ-88DFF147,Enfant Association,ONG & Associations,Savalou,+229 40 62 47 34,,enfantassociation.bj,PME (50-200),B2C,Google Maps,3.4,Actif,2026-06-29T00:14:35.757325,moyenne
BJ-1CA4BFD9,Société Environnement Association,ONG & Associations,Savalou,+229 58 73 66 24,société.environnement.association@société.environnement.association.benin,sociétéenvironnementassociation.bj,PME (10-50),B2C,Google Maps,5.0,Actif,2026-06-29T00:14:35.757340,haute
BJ-D361DF97,Santé Savalou,ONG & Associations,Savalou,+229 52 19 77 99,,,PME (50-200),B2C,Google Maps,3.6,Actif,2026-06-29T00:14:35.757361,basse
BJ-3216CCB5,Aide Fondation,ONG & Associations,Savalou,+229 48 32 50 37,aide.fondation@aide.fondation.org,,PME (50-200),B2B,Google Maps,4.5,Actif,2026-06-29T00:14:35.757375,moyenne
BJ-E506F972,Club Santé Association,ONG & Associations,Dassa-Zoumè,+229 95 13 37 29,,clubsantéassociation.bj,PME (50-200),B2C,Google Maps,4.7,Actif,2026-06-29T00:14:35.757395,moyenne
BJ-AA50D5C0,Jeunesse,ONG & Associations,Dassa-Zoumè,+229 40 32 63 91,jeunesse@jeunesse.com,,PME (50-200),B2B,Google Maps,4.8,Actif,2026-06-29T00:14:35.757408,moyenne
BJ-7A9BEE50,Enfant Africa,ONG & Associations,Dassa-Zoumè,+229 48 45 52 73,enfant.africa@enfant.africa.bj,enfantafrica.bj,PME (10-50),B2B,Google Maps,3.3,Actif,2026-06-29T00:14:35.757422,haute
BJ-1E960471,Société Sport Bénin Dassa-Zoumè,ONG & Associations,Dassa-Zoumè,+229 36 19 23 96,,,TPE (<10),B2C,Google Maps,3.8,Actif,2026-06-29T00:14:35.757438,basse
BJ-6191E705,ONG Culture,ONG & Associations,Dassa-Zoumè,+229 67 38 24 40,,ongculture.bj,Grande (>200),B2C,Google Maps,3.7,Actif,2026-06-29T00:14:35.757451,moyenne
BJ-873E6672,Développement,ONG & Associations,Kétou,+229 23 69 47 53,développement@développement.org,,TPE (<10),B2C,Google Maps,5.0,Actif,2026-06-29T00:14:35.757470,moyenne
BJ-BA4CF070,Association Femme Organisation,ONG & Associations,Kétou,+229 67 73 88 46,,associationfemmeorganisation.bj,Grande (>200),B2B,Google Maps,3.9,Actif,2026-06-29T00:14:35.757483,moyenne
BJ-0A76BA9D,Sport ONG Kétou,ONG & Associations,Kétou,+229 94 29 80 72,sport.ong.kétou@sport.ong.kétou.benin,,PME (50-200),B2C,Google Maps,3.5,Actif,2026-06-29T00:14:35.757496,moyenne
BJ-60B7CDE5,Environnement,ONG & Associations,Kétou,+229 91 13 78 54,,,PME (10-50),B2B,Google Maps,3.1,Actif,2026-06-29T00:14:35.757508,basse
BJ-CBA0AADD,Enfant Bénin,ONG & Associations,Kétou,+229 81 75 71 63,enfant.bénin@enfant.bénin.net,,PME (50-200),B2C,Google Maps,4.6,Actif,2026-06-29T00:14:35.757521,moyenne
BJ-BA15372F,Fondation Humanitaire Africa,ONG & Associations,Covè,+229 56 63 37 59,fondation.humanitaire.africa@fondation.humanitaire.africa.org,,TPE (<10),B2C,Google Maps,4.3,Actif,2026-06-29T00:14:35.757540,moyenne
BJ-6B7AE5EF,Club Social Covè,ONG & Associations,Covè,+229 62 18 37 51,,clubsocialcovè.bj,TPE (<10),B2B,Google Maps,3.4,Actif,2026-06-29T00:14:35.757553,moyenne
BJ-952B02E6,Club Enfant,ONG & Associations,Covè,+229 52 90 18 69,club.enfant@club.enfant.benin,clubenfant.bj,PME (10-50),B2C,Google Maps,3.8,Actif,2026-06-29T00:14:35.757570,haute
BJ-C772FB70,Social Covè,ONG & Associations,Covè,+229 97 64 28 44,,socialcovè.bj,TPE (<10),B2C,Google Maps,3.2,Actif,2026-06-29T00:14:35.757587,moyenne
BJ-699EA49D,Culture,ONG & Associations,Covè,+229 84 26 93 88,culture@culture.com,,TPE (<10),B2C,Google Maps,4.8,Actif,2026-06-29T00:14:35.757600,moyenne
BJ-BAD79546,Droits,ONG & Associations,Pobè,+229 84 34 17 44,droits@droits.benin,,PME (10-50),B2C,Google Maps,5.0,Actif,2026-06-29T00:14:35.757619,moyenne
BJ-D1A28726,Éducation,ONG & Associations,Pobè,+229 60 27 28 86,,,TPE (<10),B2C,Google Maps,3.8,Actif,2026-06-29T00:14:35.757632,basse
BJ-5F2C27C4,Société Développement Africa,ONG & Associations,Pobè,+229 93 22 48 93,société.développement.africa@société.développement.africa.org,,PME (10-50),B2C,Google Maps,3.6,Actif,2026-06-29T00:14:35.757646,moyenne
BJ-1B1F04D2,Société Santé,ONG & Associations,Pobè,+229 97 11 22 93,,sociétésanté.bj,PME (10-50),B2B,Google Maps,3.6,Actif,2026-06-29T00:14:35.757658,moyenne
BJ-37BECF46,Société Humanitaire,ONG & Associations,Pobè,+229 69 66 59 37,société.humanitaire@société.humanitaire.org,,TPE (<10),B2B,Google Maps,3.4,Actif,2026-06-29T00:14:35.757671,moyenne
BJ-E605DF2F,ONG Humanitaire ONG,ONG & Associations,Sakété,+229 92 36 83 75,,,TPE (<10),B2C,Google Maps,4.8,Actif,2026-06-29T00:14:35.757688,basse
BJ-7CE0EA05,Organisation Santé Sakété,ONG & Associations,Sakété,+229 61 37 50 91,organisation.santé.sakété@organisation.santé.sakété.com,,TPE (<10),B2C,Google Maps,3.9,Actif,2026-06-29T00:14:35.757702,moyenne
BJ-C2E762DB,Social Bénin,ONG & Associations,Sakété,+229 55 43 51 51,,socialbénin.bj,Grande (>200),B2C,Google Maps,4.8,Actif,2026-06-29T00:14:35.757715,moyenne
BJ-99B68939,Fondation Femme Africa,ONG & Associations,Sakété,+229 78 76 14 30,fondation.femme.africa@fondation.femme.africa.net,,PME (10-50),B2C,Google Maps,4.5,Actif,2026-06-29T00:14:35.757731,moyenne
BJ-87282CC3,Culture Organisation,ONG & Associations,Sakété,+229 62 59 65 88,,cultureorganisation.bj,TPE (<10),B2B,Google Maps,4.5,Actif,2026-06-29T00:14:35.757744,moyenne
BJ-EA4F9084,Club Culture,ONG & Associations,Adjara,+229 49 85 49 76,club.culture@club.culture.net,clubculture.bj,TPE (<10),B2B,Google Maps,3.1,Actif,2026-06-29T00:14:35.757767,haute
BJ-E2780D9A,Fondation Solidarité Organisation,ONG & Associations,Adjara,+229 99 21 43 52,,fondationsolidaritéorganisation.bj,PME (10-50),B2B,Google Maps,3.4,Actif,2026-06-29T00:14:35.757785,moyenne
BJ-1A3DAF6B,ONG Humanitaire,ONG & Associations,Adjara,+229 83 91 24 86,ong.humanitaire@ong.humanitaire.com,onghumanitaire.bj,TPE (<10),B2B,Google Maps,4.3,Actif,2026-06-29T00:14:35.757799,haute
BJ-89983C1F,Association Sport Organisation,ONG & Associations,Adjara,+229 39 73 55 41,,associationsportorganisation.bj,TPE (<10),B2C,Google Maps,3.5,Actif,2026-06-29T00:14:35.757811,moyenne
BJ-7ECEBFBB,Fondation Jeunesse Organisation Adjara,ONG & Associations,Adjara,+229 95 69 18 37,,fondationjeunesseorganisationadjara.bj,TPE (<10),B2C,Google Maps,4.2,Actif,2026-06-29T00:14:35.757827,moyenne
BJ-5D66CA30,Jeunesse,ONG & Associations,Allada,+229 32 68 34 26,,,PME (10-50),B2C,Google Maps,3.2,Actif,2026-06-29T00:14:35.757846,basse
BJ-5E4CE144,Organisation Femme,ONG & Associations,Allada,+229 91 60 86 33,organisation.femme@organisation.femme.bj,organisationfemme.bj,TPE (<10),B2C,Google Maps,4.1,Actif,2026-06-29T00:14:35.757860,haute
BJ-33EEBFD0,Association Femme,ONG & Associations,Allada,+229 92 27 81 30,,associationfemme.bj,TPE (<10),B2C,Google Maps,4.8,Actif,2026-06-29T00:14:35.757895,moyenne
BJ-141FAEA4,Enfant,ONG & Associations,Allada,+229 63 99 58 27,,,TPE (<10),B2C,Google Maps,3.5,Actif,2026-06-29T00:14:35.757918,basse
BJ-D71F01D0,Développement Aplahoué,ONG & Associations,Aplahoué,+229 78 54 81 80,développement.aplahoué@développement.aplahoué.com,,TPE (<10),B2C,Google Maps,3.7,Actif,2026-06-29T00:14:35.757940,moyenne
BJ-900F8AF1,Humanitaire Aplahoué,ONG & Associations,Aplahoué,+229 93 84 76 17,humanitaire.aplahoué@humanitaire.aplahoué.com,,PME (10-50),B2B,Google Maps,4.4,Actif,2026-06-29T00:14:35.757954,moyenne
BJ-BDC6B179,Association Développement Bénin,ONG & Associations,Aplahoué,+229 86 78 18 95,,,TPE (<10),B2C,Google Maps,4.7,Actif,2026-06-29T00:14:35.757966,basse
BJ-A1A2D11D,Organisation Culture,ONG & Associations,Aplahoué,+229 75 23 11 80,,organisationculture.bj,PME (10-50),B2C,Google Maps,3.8,Actif,2026-06-29T00:14:35.757979,moyenne
BJ-E137490C,Société Culture,ONG & Associations,Aplahoué,+229 65 39 23 38,société.culture@société.culture.com,,Grande (>200),B2C,Google Maps,3.4,Actif,2026-06-29T00:14:35.757993,moyenne
BJ-D8F414C9,Solidarité Organisation,ONG & Associations,Dogbo-Tota,+229 86 81 58 53,solidarité.organisation@solidarité.organisation.benin,,PME (10-50),B2B,Google Maps,5.0,Actif,2026-06-29T00:14:35.758017,moyenne
BJ-BB05D268,Social Fondation,ONG & Associations,Dogbo-Tota,+229 63 66 54 28,,socialfondation.bj,PME (50-200),B2B,Google Maps,3.3,Actif,2026-06-29T00:14:35.758030,moyenne
BJ-1C908FBD,Femme,ONG & Associations,Dogbo-Tota,+229 71 64 96 25,,femme.bj,PME (10-50),B2C,Google Maps,3.4,Actif,2026-06-29T00:14:35.758043,moyenne
BJ-44B07C5D,Enfant International,ONG & Associations,Dogbo-Tota,+229 28 48 45 28,,,PME (10-50),B2B,Google Maps,3.4,Actif,2026-06-29T00:14:35.758061,basse
BJ-92DB6C81,Association Droits Organisation,ONG & Associations,Dogbo-Tota,+229 24 99 75 28,association.droits.organisation@association.droits.organisation.net,,TPE (<10),B2B,Google Maps,3.2,Actif,2026-06-29T00:14:35.758075,moyenne
BJ-EC8AF7E3,Santé Kpomassè,ONG & Associations,Kpomassè,+229 98 33 57 85,,,PME (50-200),B2C,Google Maps,3.4,Actif,2026-06-29T00:14:35.758094,basse
BJ-073FD91B,Sport International,ONG & Associations,Kpomassè,+229 24 78 32 69,sport.international@sport.international.com,sportinternational.bj,PME (10-50),B2B,Google Maps,4.9,Actif,2026-06-29T00:14:35.758111,haute
BJ-1A93F214,Droits,ONG & Associations,Kpomassè,+229 51 94 40 55,,,TPE (<10),B2C,Google Maps,4.4,Actif,2026-06-29T00:14:35.758124,basse
BJ-7A7E3877,Société Enfant ONG,ONG & Associations,Kpomassè,+229 58 52 23 88,,sociétéenfantong.bj,PME (10-50),B2C,Google Maps,4.3,Actif,2026-06-29T00:14:35.758137,moyenne
BJ-F5ED0E0A,Culture,ONG & Associations,Kpomassè,+229 82 63 11 40,culture@culture.benin,culture.bj,TPE (<10),B2B,Google Maps,4.1,Actif,2026-06-29T00:14:35.758150,haute
BJ-A01CA3E9,Organisation Culture,ONG & Associations,Tori-Bossito,+229 48 86 17 34,organisation.culture@organisation.culture.benin,organisationculture.bj,TPE (<10),B2C,Google Maps,5.0,Actif,2026-06-29T00:14:35.758171,haute
BJ-677400AA,Santé,ONG & Associations,Tori-Bossito,+229 64 71 94 80,,santé.bj,PME (10-50),B2C,Google Maps,4.2,Actif,2026-06-29T00:14:35.758184,moyenne
BJ-E0D37E6F,Association Humanitaire Bénin Tori-Bossito,ONG & Associations,Tori-Bossito,+229 76 80 61 88,association.humanitaire.bénin.toribossito@association.humanitaire.bénin.toribossito.benin,,TPE (<10),B2C,Google Maps,4.3,Actif,2026-06-29T00:14:35.758198,moyenne
BJ-1549A0F3,Association Droits Fondation,ONG & Associations,Tori-Bossito,+229 98 83 14 96,,associationdroitsfondation.bj,PME (50-200),B2B,Google Maps,4.0,Actif,2026-06-29T00:14:35.758218,moyenne
BJ-D224C208,Association Femme,ONG & Associations,Tori-Bossito,+229 59 76 22 95,association.femme@association.femme.org,,PME (10-50),B2B,Google Maps,4.5,Actif,2026-06-29T00:14:35.758231,moyenne
BJ-431C96C4,Association Éducation,ONG & Associations,Grand-Popo,+229 57 28 55 93,,,PME (10-50),B2C,Google Maps,4.4,Actif,2026-06-29T00:14:35.758249,basse
BJ-12B689FD,Enfant Grand-Popo,ONG & Associations,Grand-Popo,+229 86 38 65 73,,,PME (10-50),B2C,Google Maps,4.3,Actif,2026-06-29T00:14:35.758261,basse
BJ-C86E255D,Sport Bénin Grand-Popo,ONG & Associations,Grand-Popo,+229 77 90 51 71,,sportbéningrandpopo.bj,TPE (<10),B2B,Google Maps,3.2,Actif,2026-06-29T00:14:35.758274,moyenne
BJ-681E9256,Club Femme Grand-Popo,ONG & Associations,Grand-Popo,+229 32 93 47 56,club.femme.grandpopo@club.femme.grandpopo.com,clubfemmegrandpopo.bj,PME (50-200),B2C,Google Maps,3.1,Actif,2026-06-29T00:14:35.758288,haute
BJ-38AEBF10,Éducation,ONG & Associations,Grand-Popo,+229 95 54 21 70,éducation@éducation.net,,TPE (<10),B2C,Google Maps,4.9,Actif,2026-06-29T00:14:35.758302,moyenne
BJ-777C00F3,Femme Organisation,ONG & Associations,Athiémé,+229 37 72 31 53,,femmeorganisation.bj,PME (50-200),B2B,Google Maps,3.8,Actif,2026-06-29T00:14:35.758320,moyenne
BJ-84860DEA,Social International,ONG & Associations,Athiémé,+229 47 22 10 42,,socialinternational.bj,TPE (<10),B2C,Google Maps,4.3,Actif,2026-06-29T00:14:35.758332,moyenne
BJ-FD89457F,Fondation Développement,ONG & Associations,Athiémé,+229 43 10 59 46,fondation.développement@fondation.développement.com,,TPE (<10),B2C,Google Maps,3.8,Actif,2026-06-29T00:14:35.758349,moyenne
BJ-EEBCC3C3,Club Environnement,ONG & Associations,Athiémé,+229 84 97 37 48,club.environnement@club.environnement.bj,,PME (50-200),B2C,Google Maps,4.8,Actif,2026-06-29T00:14:35.758366,moyenne
BJ-74E8D7E4,Organisation Solidarité,ONG & Associations,Athiémé,+229 95 31 34 85,,organisationsolidarité.bj,Grande (>200),B2B,Google Maps,3.2,Actif,2026-06-29T00:14:35.758380,moyenne
BJ-3767A351,Club Santé Organisation Bopa,ONG & Associations,Bopa,+229 88 76 71 77,,clubsantéorganisationbopa.bj,PME (50-200),B2B,Google Maps,4.4,Actif,2026-06-29T00:14:35.758400,moyenne
BJ-90826D00,Société Solidarité Association,ONG & Associations,Bopa,+229 29 93 72 16,,,PME (10-50),B2B,Google Maps,3.2,Actif,2026-06-29T00:14:35.758413,basse
BJ-59222DD7,Société Éducation Association,ONG & Associations,Bopa,+229 85 30 42 33,société.éducation.association@société.éducation.association.net,sociétééducationassociation.bj,TPE (<10),B2C,Google Maps,3.4,Actif,2026-06-29T00:14:35.758427,haute
BJ-A03F23BD,Fondation Social,ONG & Associations,Bopa,+229 94 19 81 96,fondation.social@fondation.social.bj,fondationsocial.bj,TPE (<10),B2C,Google Maps,3.6,Actif,2026-06-29T00:14:35.758441,haute
BJ-B638B56C,Aide,ONG & Associations,Bopa,+229 82 57 74 43,,,PME (10-50),B2B,Google Maps,3.8,Actif,2026-06-29T00:14:35.758452,basse
BJ-6F33E5EB,ONG Humanitaire,ONG & Associations,Houéyogbé,+229 26 77 35 84,,onghumanitaire.bj,TPE (<10),B2B,Google Maps,4.6,Actif,2026-06-29T00:14:35.758472,moyenne
BJ-CCA941CB,Association Aide Organisation,ONG & Associations,Houéyogbé,+229 41 23 56 69,association.aide.organisation@association.aide.organisation.bj,associationaideorganisation.bj,TPE (<10),B2C,Google Maps,3.2,Actif,2026-06-29T00:14:35.758486,haute
BJ-AE800635,Société Sport Africa,ONG & Associations,Houéyogbé,+229 35 28 69 75,,sociétésportafrica.bj,PME (50-200),B2B,Google Maps,4.2,Actif,2026-06-29T00:14:35.758499,moyenne
BJ-34ACBB6A,Club Environnement Organisation,ONG & Associations,Houéyogbé,+229 35 82 70 85,club.environnement.organisation@club.environnement.organisation.com,,PME (10-50),B2C,Google Maps,4.5,Actif,2026-06-29T00:14:35.758515,moyenne
BJ-2683D3A4,Organisation Culture,ONG & Associations,Houéyogbé,+229 69 46 35 44,organisation.culture@organisation.culture.com,,TPE (<10),B2C,Google Maps,4.5,Actif,2026-06-29T00:14:35.758529,moyenne
BJ-65A43D3E,ONG Aide Bénin Malanville,ONG & Associations,Malanville,+229 49 94 69 85,ong.aide.bénin.malanville@ong.aide.bénin.malanville.bj,,TPE (<10),B2C,Google Maps,3.3,Actif,2026-06-29T00:14:35.758549,moyenne
BJ-2E7E71AD,Jeunesse Fondation,ONG & Associations,Malanville,+229 81 91 55 80,,,PME (10-50),B2B,Google Maps,3.8,Actif,2026-06-29T00:14:35.758561,basse
BJ-F3B2CA80,Droits,ONG & Associations,Malanville,+229 52 25 41 58,droits@droits.org,droits.bj,PME (10-50),B2C,Google Maps,4.8,Actif,2026-06-29T00:14:35.758574,haute
BJ-551F4465,Société Solidarité Malanville,ONG & Associations,Malanville,+229 23 23 76 44,,sociétésolidaritémalanville.bj,TPE (<10),B2B,Google Maps,4.3,Actif,2026-06-29T00:14:35.758589,moyenne
BJ-E74C6251,Organisation Culture Africa Malanville,ONG & Associations,Malanville,+229 46 62 50 39,organisation.culture.africa.malanville@organisation.culture.africa.malanville.benin,organisationcultureafricamalanville.bj,TPE (<10),B2B,Google Maps,3.2,Actif,2026-06-29T00:14:35.758606,haute
BJ-D4D06FA1,Fondation Santé,ONG & Associations,Kandi,+229 79 62 43 61,,fondationsanté.bj,TPE (<10),B2B,Google Maps,4.0,Actif,2026-06-29T00:14:35.758630,moyenne
BJ-FBF66D12,Enfant Organisation,ONG & Associations,Kandi,+229 38 48 94 81,,enfantorganisation.bj,TPE (<10),B2C,Google Maps,4.3,Actif,2026-06-29T00:14:35.758643,moyenne
BJ-F132FDD2,Développement Bénin,ONG & Associations,Kandi,+229 93 30 85 69,développement.bénin@développement.bénin.org,,PME (10-50),B2B,Google Maps,3.9,Actif,2026-06-29T00:14:35.758657,moyenne
BJ-12E5E3E4,Club Aide International,ONG & Associations,Kandi,+229 99 27 91 25,,clubaideinternational.bj,PME (10-50),B2B,Google Maps,3.4,Actif,2026-06-29T00:14:35.758674,moyenne
BJ-236B4575,Culture Africa,ONG & Associations,Kandi,+229 95 30 84 42,,,PME (10-50),B2B,Google Maps,4.7,Actif,2026-06-29T00:14:35.758687,basse
BJ-28B0CC93,Jeunesse ONG,ONG & Associations,Banikoara,+229 56 42 47 77,jeunesse.ong@jeunesse.ong.org,,PME (50-200),B2C,Google Maps,4.0,Actif,2026-06-29T00:14:35.758705,moyenne
BJ-16743EC3,Fondation Enfant,ONG & Associations,Banikoara,+229 35 28 10 50,fondation.enfant@fondation.enfant.org,,PME (50-200),B2C,Google Maps,3.6,Actif,2026-06-29T00:14:35.758719,moyenne
BJ-9F4A9010,Organisation Santé,ONG & Associations,Banikoara,+229 20 52 59 79,organisation.santé@organisation.santé.benin,,PME (10-50),B2C,Google Maps,3.5,Actif,2026-06-29T00:14:35.758732,moyenne
BJ-88BC8B21,Développement International,ONG & Associations,Banikoara,+229 86 36 49 13,développement.international@développement.international.benin,,TPE (<10),B2B,Google Maps,4.2,Actif,2026-06-29T00:14:35.758745,moyenne
BJ-F00C76BD,Club Environnement Association,ONG & Associations,Banikoara,+229 27 93 79 11,club.environnement.association@club.environnement.association.benin,,TPE (<10),B2B,Google Maps,4.0,Actif,2026-06-29T00:14:35.758760,moyenne
BJ-0BA90951,Jeunesse,ONG & Associations,Ségbana,+229 76 33 14 39,jeunesse@jeunesse.com,,PME (10-50),B2C,Google Maps,4.9,Actif,2026-06-29T00:14:35.758779,moyenne
BJ-0FFA9ED8,Fondation Développement Ségbana,ONG & Associations,Ségbana,+229 38 27 59 48,,,PME (10-50),B2B,Google Maps,3.5,Actif,2026-06-29T00:14:35.758791,basse
BJ-C0DD4925,Fondation Éducation ONG,ONG & Associations,Ségbana,+229 37 91 46 23,,,PME (50-200),B2C,Google Maps,5.0,Actif,2026-06-29T00:14:35.758803,basse
BJ-20432D7E,Organisation Environnement Bénin,ONG & Associations,Ségbana,+229 24 42 65 22,organisation.environnement.bénin@organisation.environnement.bénin.benin,,Grande (>200),B2B,Google Maps,3.6,Actif,2026-06-29T00:14:35.758820,moyenne
BJ-64F6B6C7,Sport Organisation,ONG & Associations,Ségbana,+229 74 19 31 61,sport.organisation@sport.organisation.bj,,PME (10-50),B2C,Google Maps,3.7,Actif,2026-06-29T00:14:35.758833,moyenne
BJ-F83B3E3B,Fondation Éducation,ONG & Associations,Karimama,+229 74 22 42 45,fondation.éducation@fondation.éducation.com,fondationéducation.bj,Grande (>200),B2C,Google Maps,4.3,Actif,2026-06-29T00:14:35.758854,haute
BJ-AF752BA4,Club Culture International,ONG & Associations,Karimama,+229 35 14 59 99,,,TPE (<10),B2C,Google Maps,4.4,Actif,2026-06-29T00:14:35.758866,basse
BJ-926B0271,Organisation Jeunesse Karimama,ONG & Associations,Karimama,+229 58 27 30 63,organisation.jeunesse.karimama@organisation.jeunesse.karimama.bj,organisationjeunessekarimama.bj,PME (50-200),B2C,Google Maps,4.3,Actif,2026-06-29T00:14:35.758883,haute
BJ-C1B1CBF8,Environnement,ONG & Associations,Karimama,+229 49 35 83 57,environnement@environnement.net,environnement.bj,TPE (<10),B2B,Google Maps,3.5,Actif,2026-06-29T00:14:35.758920,haute
BJ-442807FB,Jeunesse,ONG & Associations,Karimama,+229 39 64 50 77,jeunesse@jeunesse.benin,,PME (10-50),B2B,Google Maps,3.9,Actif,2026-06-29T00:14:35.758951,moyenne
BJ-E02252E2,Social International,ONG & Associations,Gogounou,+229 59 84 69 41,,socialinternational.bj,PME (10-50),B2B,Google Maps,3.0,Actif,2026-06-29T00:14:35.758989,moyenne
BJ-7E7A62C1,Enfant,ONG & Associations,Gogounou,+229 55 96 50 94,,enfant.bj,PME (10-50),B2B,Google Maps,4.2,Actif,2026-06-29T00:14:35.759018,moyenne
BJ-CD064C11,Femme Africa,ONG & Associations,Gogounou,+229 22 58 91 18,,femmeafrica.bj,TPE (<10),B2B,Google Maps,3.3,Actif,2026-06-29T00:14:35.759046,moyenne
BJ-38CA7B1B,Association Social,ONG & Associations,Gogounou,+229 42 82 71 61,,,Grande (>200),B2C,Google Maps,3.4,Actif,2026-06-29T00:14:35.759077,basse
BJ-6174488A,Fondation Femme,ONG & Associations,Gogounou,+229 35 65 24 54,fondation.femme@fondation.femme.org,,TPE (<10),B2C,Google Maps,3.5,Actif,2026-06-29T00:14:35.759107,moyenne
BJ-C4064119,Association Culture Organisation,ONG & Associations,Cobly,+229 57 68 70 38,association.culture.organisation@association.culture.organisation.bj,,TPE (<10),B2C,Google Maps,3.0,Actif,2026-06-29T00:14:35.759147,moyenne
BJ-FCB977CE,Santé,ONG & Associations,Cobly,+229 43 98 84 46,santé@santé.org,,PME (10-50),B2C,Google Maps,4.8,Actif,2026-06-29T00:14:35.759179,moyenne
BJ-A06F2ACF,Enfant Bénin Cobly,ONG & Associations,Cobly,+229 68 60 81 26,,,PME (50-200),B2B,Google Maps,4.7,Actif,2026-06-29T00:14:35.759229,basse
BJ-D89E1975,Organisation Solidarité Fondation,ONG & Associations,Cobly,+229 20 30 75 36,organisation.solidarité.fondation@organisation.solidarité.fondation.com,,PME (10-50),B2C,Google Maps,4.3,Actif,2026-06-29T00:14:35.759266,moyenne
BJ-09946067,Club Culture Africa Cobly,ONG & Associations,Cobly,+229 24 11 19 30,club.culture.africa.cobly@club.culture.africa.cobly.com,,Grande (>200),B2C,Google Maps,4.6,Actif,2026-06-29T00:14:35.759300,moyenne
BJ-1C5AFF63,Aide Tanguiéta,ONG & Associations,Tanguiéta,+229 79 61 39 68,aide.tanguiéta@aide.tanguiéta.net,aidetanguiéta.bj,TPE (<10),B2C,Google Maps,4.6,Actif,2026-06-29T00:14:35.759357,haute
BJ-E1A4C631,Organisation Jeunesse Bénin,ONG & Associations,Tanguiéta,+229 26 38 62 51,organisation.jeunesse.bénin@organisation.jeunesse.bénin.bj,organisationjeunessebénin.bj,TPE (<10),B2B,Google Maps,3.9,Actif,2026-06-29T00:14:35.759402,haute
BJ-F164A6A8,Culture Tanguiéta,ONG & Associations,Tanguiéta,+229 84 48 45 59,culture.tanguiéta@culture.tanguiéta.com,culturetanguiéta.bj,PME (50-200),B2C,Google Maps,4.7,Actif,2026-06-29T00:14:35.759440,haute
BJ-55279EE1,Sport Association,ONG & Associations,Tanguiéta,+229 87 90 46 48,,,PME (50-200),B2C,Google Maps,4.4,Actif,2026-06-29T00:14:35.759489,basse
BJ-55225789,Association Santé Association,ONG & Associations,Tanguiéta,+229 20 40 82 28,,associationsantéassociation.bj,TPE (<10),B2B,Google Maps,3.7,Actif,2026-06-29T00:14:35.759511,moyenne
BJ-B58C973E,Association Santé ONG Matéri,ONG & Associations,Matéri,+229 48 93 63 49,,associationsantéongmatéri.bj,PME (50-200),B2B,Google Maps,4.1,Actif,2026-06-29T00:14:35.759547,moyenne
BJ-3040AA3B,Solidarité Fondation Matéri,ONG & Associations,Matéri,+229 87 65 66 32,solidarité.fondation.matéri@solidarité.fondation.matéri.net,,PME (50-200),B2B,Google Maps,3.3,Actif,2026-06-29T00:14:35.759567,moyenne
BJ-FC138652,Sport,ONG & Associations,Matéri,+229 37 39 59 61,,sport.bj,PME (50-200),B2C,Google Maps,3.8,Actif,2026-06-29T00:14:35.759582,moyenne
BJ-E5652FFB,Éducation Fondation,ONG & Associations,Matéri,+229 43 25 42 23,,éducationfondation.bj,TPE (<10),B2B,Google Maps,4.0,Actif,2026-06-29T00:14:35.759598,moyenne
BJ-263DA6E2,Femme International Matéri,ONG & Associations,Matéri,+229 58 73 59 55,femme.international.matéri@femme.international.matéri.net,,PME (50-200),B2C,Google Maps,4.0,Actif,2026-06-29T00:14:35.759614,moyenne
BJ-2BF41375,Droits,ONG & Associations,Natitingou,+229 77 79 32 49,droits@droits.benin,,PME (10-50),B2B,Google Maps,4.9,Actif,2026-06-29T00:14:35.759634,moyenne
BJ-DF99AB2D,Environnement Association,ONG & Associations,Natitingou,+229 44 17 20 44,environnement.association@environnement.association.net,,PME (50-200),B2B,Google Maps,4.0,Actif,2026-06-29T00:14:35.759648,moyenne
BJ-F777F971,Jeunesse,ONG & Associations,Natitingou,+229 96 10 59 14,jeunesse@jeunesse.net,jeunesse.bj,PME (50-200),B2C,Google Maps,4.9,Actif,2026-06-29T00:14:35.759662,haute
BJ-00170F4A,Société Jeunesse,ONG & Associations,Natitingou,+229 26 53 26 94,société.jeunesse@société.jeunesse.com,sociétéjeunesse.bj,TPE (<10),B2C,Google Maps,3.4,Actif,2026-06-29T00:14:35.759680,haute
BJ-E0152ABD,Fondation Social ONG,ONG & Associations,Natitingou,+229 40 12 58 40,fondation.social.ong@fondation.social.ong.org,,PME (10-50),B2C,Google Maps,3.8,Actif,2026-06-29T00:14:35.759694,moyenne
BJ-3EBF8705,Jeunesse,ONG & Associations,Toucountouna,+229 79 33 84 75,jeunesse@jeunesse.org,,PME (10-50),B2C,Google Maps,3.1,Actif,2026-06-29T00:14:35.759713,moyenne
BJ-DB97F5AC,Jeunesse Toucountouna,ONG & Associations,Toucountouna,+229 96 52 22 38,jeunesse.toucountouna@jeunesse.toucountouna.org,,TPE (<10),B2C,Google Maps,4.6,Actif,2026-06-29T00:14:35.759727,moyenne
BJ-C56A025C,Club Femme Fondation,ONG & Associations,Toucountouna,+229 94 51 83 26,,clubfemmefondation.bj,PME (10-50),B2B,Google Maps,4.6,Actif,2026-06-29T00:14:35.759740,moyenne
BJ-3F4B316B,Aide Fondation,ONG & Associations,Toucountouna,+229 38 76 37 67,,,PME (10-50),B2C,Google Maps,4.6,Actif,2026-06-29T00:14:35.759752,basse
BJ-B2498F8F,Environnement Association,ONG & Associations,Toucountouna,+229 71 58 64 37,environnement.association@environnement.association.net,,TPE (<10),B2C,Google Maps,3.8,Actif,2026-06-29T00:14:35.759765,moyenne
BJ-E338BE61,Enfant Boukoumbé,ONG & Associations,Boukoumbé,+229 64 89 47 99,,enfantboukoumbé.bj,TPE (<10),B2B,Google Maps,4.2,Actif,2026-06-29T00:14:35.759788,moyenne
BJ-6136D911,Culture Bénin,ONG & Associations,Boukoumbé,+229 57 20 15 94,,culturebénin.bj,TPE (<10),B2C,Google Maps,4.1,Actif,2026-06-29T00:14:35.759803,moyenne
BJ-16B8BB0F,Culture,ONG & Associations,Boukoumbé,+229 70 50 65 72,culture@culture.bj,,PME (10-50),B2B,Google Maps,3.7,Actif,2026-06-29T00:14:35.759816,moyenne
BJ-24948EC1,Social ONG,ONG & Associations,Boukoumbé,+229 93 94 14 28,social.ong@social.ong.com,socialong.bj,TPE (<10),B2B,Google Maps,4.8,Actif,2026-06-29T00:14:35.759833,haute
BJ-0D3F4B69,ONG Solidarité ONG,ONG & Associations,Boukoumbé,+229 56 98 21 84,ong.solidarité.ong@ong.solidarité.ong.bj,,TPE (<10),B2B,Google Maps,4.0,Actif,2026-06-29T00:14:35.759847,moyenne
BJ-ADBA8298,Aide,ONG & Associations,Kouandé,+229 45 74 86 93,,,PME (10-50),B2B,Google Maps,4.5,Actif,2026-06-29T00:14:35.759875,basse
BJ-22224720,Environnement,ONG & Associations,Kouandé,+229 61 60 68 86,,,PME (10-50),B2C,Google Maps,4.8,Actif,2026-06-29T00:14:35.759904,basse
BJ-F357B4B5,Culture,ONG & Associations,Kouandé,+229 26 41 69 20,,,PME (10-50),B2C,Google Maps,4.9,Actif,2026-06-29T00:14:35.759919,basse
BJ-50FBA246,Aide Fondation,ONG & Associations,Kouandé,+229 71 58 32 62,,,PME (10-50),B2C,Google Maps,4.5,Actif,2026-06-29T00:14:35.759931,basse
BJ-B10731E6,Société Environnement,ONG & Associations,Kouandé,+229 96 94 28 75,société.environnement@société.environnement.benin,,PME (10-50),B2C,Google Maps,4.4,Actif,2026-06-29T00:14:35.759944,moyenne
BJ-39892D63,Jeunesse,ONG & Associations,Péhunco,+229 50 53 48 52,jeunesse@jeunesse.com,,PME (50-200),B2B,Google Maps,4.5,Actif,2026-06-29T00:14:35.759963,moyenne
BJ-30BC626C,Fondation Environnement ONG Péhunco,ONG & Associations,Péhunco,+229 30 48 90 28,,fondationenvironnementongpéhunco.bj,Grande (>200),B2C,Google Maps,3.8,Actif,2026-06-29T00:14:35.759978,moyenne
BJ-A4321716,Association Jeunesse,ONG & Associations,Péhunco,+229 85 81 55 99,,,PME (10-50),B2C,Google Maps,3.5,Actif,2026-06-29T00:14:35.759990,basse
BJ-5EB6A576,ONG Social,ONG & Associations,Péhunco,+229 59 66 39 63,,,TPE (<10),B2B,Google Maps,4.2,Actif,2026-06-29T00:14:35.760020,basse
BJ-B032F7B2,Santé,ONG & Associations,Tchaourou,+229 43 21 67 35,santé@santé.bj,,TPE (<10),B2B,Google Maps,4.4,Actif,2026-06-29T00:14:35.760040,moyenne
BJ-E6E3B5CF,Social,ONG & Associations,Tchaourou,+229 86 49 52 32,social@social.benin,social.bj,TPE (<10),B2B,Google Maps,3.7,Actif,2026-06-29T00:14:35.760057,haute
BJ-EBD9B451,Enfant Association,ONG & Associations,Tchaourou,+229 60 37 38 31,enfant.association@enfant.association.org,,PME (10-50),B2C,Google Maps,3.2,Actif,2026-06-29T00:14:35.760071,moyenne
BJ-5CF43851,ONG Aide Tchaourou,ONG & Associations,Tchaourou,+229 70 68 74 70,ong.aide.tchaourou@ong.aide.tchaourou.bj,,PME (10-50),B2B,Google Maps,3.8,Actif,2026-06-29T00:14:35.760083,moyenne
BJ-D5EA9DD3,Droits Fondation,ONG & Associations,Tchaourou,+229 78 57 73 68,droits.fondation@droits.fondation.com,,PME (50-200),B2B,Google Maps,4.1,Actif,2026-06-29T00:14:35.760096,moyenne
BJ-4A85BB4D,Éducation Association,ONG & Associations,Nikki,+229 46 53 31 11,éducation.association@éducation.association.bj,éducationassociation.bj,PME (10-50),B2C,Google Maps,4.3,Actif,2026-06-29T00:14:35.760120,haute
BJ-7068F1DB,Social,ONG & Associations,Nikki,+229 22 15 21 80,social@social.net,,PME (10-50),B2B,Google Maps,3.5,Actif,2026-06-29T00:14:35.760135,moyenne
BJ-0087A3A7,Développement Association,ONG & Associations,Nikki,+229 23 94 14 82,,développementassociation.bj,TPE (<10),B2C,Google Maps,3.5,Actif,2026-06-29T00:14:35.760148,moyenne
BJ-EC861323,Éducation,ONG & Associations,Nikki,+229 88 86 20 68,,,PME (50-200),B2B,Google Maps,3.3,Actif,2026-06-29T00:14:35.760163,basse
BJ-BD86E36C,Association Femme Nikki,ONG & Associations,Nikki,+229 25 63 50 68,association.femme.nikki@association.femme.nikki.bj,,TPE (<10),B2C,Google Maps,4.5,Actif,2026-06-29T00:14:35.760177,moyenne
BJ-892D5CF2,Association Sport Association,ONG & Associations,Bembéréké,+229 55 20 28 66,association.sport.association@association.sport.association.bj,,PME (10-50),B2B,Google Maps,3.0,Actif,2026-06-29T00:14:35.760196,moyenne
BJ-0BBFE645,Organisation Solidarité Africa,ONG & Associations,Bembéréké,+229 85 52 70 85,,organisationsolidaritéafrica.bj,PME (50-200),B2C,Google Maps,4.1,Actif,2026-06-29T00:14:35.760210,moyenne
BJ-7275618B,Développement Africa,ONG & Associations,Bembéréké,+229 23 10 44 70,développement.africa@développement.africa.bj,,TPE (<10),B2C,Google Maps,3.7,Actif,2026-06-29T00:14:35.760224,moyenne
BJ-FFB45B8C,Fondation Sport,ONG & Associations,Bembéréké,+229 23 65 23 39,,fondationsport.bj,TPE (<10),B2C,Google Maps,3.3,Actif,2026-06-29T00:14:35.760237,moyenne
BJ-F39D5CB9,Santé Bénin,ONG & Associations,Bembéréké,+229 90 70 32 80,,santébénin.bj,TPE (<10),B2B,Google Maps,5.0,Actif,2026-06-29T00:14:35.760250,moyenne
BJ-27ADA3B0,Association Solidarité International,ONG & Associations,Kalalé,+229 83 38 23 44,,,PME (10-50),B2C,Google Maps,3.9,Actif,2026-06-29T00:14:35.760267,basse
BJ-AFA58B43,Aide ONG,ONG & Associations,Kalalé,+229 91 99 44 65,,,Grande (>200),B2C,Google Maps,3.1,Actif,2026-06-29T00:14:35.760279,basse
BJ-49A21AAA,Société Humanitaire Bénin,ONG & Associations,Kalalé,+229 73 70 61 56,,,PME (50-200),B2B,Google Maps,4.2,Actif,2026-06-29T00:14:35.760292,basse
BJ-B1FFB3DF,Société Jeunesse International Kalalé,ONG & Associations,Kalalé,+229 55 79 49 67,société.jeunesse.international.kalalé@société.jeunesse.international.kalalé.benin,sociétéjeunesseinternationalkalalé.bj,TPE (<10),B2B,Google Maps,4.5,Actif,2026-06-29T00:14:35.760310,haute
BJ-565FFED4,Sport Fondation,ONG & Associations,Kalalé,+229 31 92 87 67,,,PME (10-50),B2B,Google Maps,4.4,Actif,2026-06-29T00:14:35.760326,basse
BJ-D8DBD4C8,Éducation Association Ndali,ONG & Associations,Ndali,+229 62 39 39 59,,,PME (50-200),B2C,Google Maps,4.9,Actif,2026-06-29T00:14:35.760343,basse
BJ-E170E01B,Fondation Solidarité International,ONG & Associations,Ndali,+229 92 81 35 95,fondation.solidarité.international@fondation.solidarité.international.org,,PME (10-50),B2C,Google Maps,4.7,Actif,2026-06-29T00:14:35.760357,moyenne
BJ-2AAED365,ONG Éducation,ONG & Associations,Ndali,+229 98 80 22 43,,ongéducation.bj,PME (10-50),B2C,Google Maps,4.2,Actif,2026-06-29T00:14:35.760371,moyenne
BJ-925CF657,Femme Organisation,ONG & Associations,Ndali,+229 82 97 63 73,femme.organisation@femme.organisation.com,,PME (10-50),B2C,Google Maps,3.3,Actif,2026-06-29T00:14:35.760383,moyenne
BJ-D69B9007,ONG Sport Africa,ONG & Associations,Ndali,+229 61 28 39 35,ong.sport.africa@ong.sport.africa.benin,,TPE (<10),B2B,Google Maps,3.3,Actif,2026-06-29T00:14:35.760395,moyenne
BJ-47082A3F,Organisation Aide,ONG & Associations,Ségbana,+229 34 98 73 58,,,TPE (<10),B2C,Google Maps,3.5,Actif,2026-06-29T00:14:35.760417,basse
BJ-209B5056,Club Humanitaire Organisation,ONG & Associations,Ségbana,+229 76 20 62 48,club.humanitaire.organisation@club.humanitaire.organisation.com,clubhumanitaireorganisation.bj,PME (10-50),B2B,Google Maps,3.3,Actif,2026-06-29T00:14:35.760449,haute
BJ-E6511970,Organisation Droits Fondation,ONG & Associations,Ségbana,+229 25 15 56 66,,organisationdroitsfondation.bj,PME (50-200),B2C,Google Maps,4.8,Actif,2026-06-29T00:14:35.760462,moyenne
BJ-0FB7823B,Fondation Social,ONG & Associations,Ségbana,+229 67 92 88 48,,,PME (10-50),B2C,Google Maps,4.2,Actif,2026-06-29T00:14:35.760477,basse
BJ-3B3CB01B,Environnement Fondation,ONG & Associations,Ségbana,+229 82 81 38 39,environnement.fondation@environnement.fondation.com,environnementfondation.bj,PME (10-50),B2B,Google Maps,4.0,Actif,2026-06-29T00:14:35.760491,haute
BJ-C4733DCE,Association Développement,ONG & Associations,Tchaourou,+229 70 40 19 29,association.développement@association.développement.com,associationdéveloppement.bj,TPE (<10),B2C,Google Maps,4.6,Actif,2026-06-29T00:14:35.760524,haute
BJ-CF28D5B5,Santé Africa Tchaourou,ONG & Associations,Tchaourou,+229 39 19 31 25,santé.africa.tchaourou@santé.africa.tchaourou.bj,santéafricatchaourou.bj,TPE (<10),B2C,Google Maps,3.5,Actif,2026-06-29T00:14:35.760539,haute
BJ-B1B35785,Aide ONG,ONG & Associations,Tchaourou,+229 35 81 32 18,,,Grande (>200),B2B,Google Maps,4.0,Actif,2026-06-29T00:14:35.760550,basse
BJ-28DB483C,Social Tchaourou,ONG & Associations,Tchaourou,+229 52 85 60 62,social.tchaourou@social.tchaourou.bj,socialtchaourou.bj,Grande (>200),B2C,Google Maps,4.1,Actif,2026-06-29T00:14:35.760564,haute
BJ-6DB44C30,Jeunesse ONG,ONG & Associations,Bétérou,+229 62 21 75 84,jeunesse.ong@jeunesse.ong.com,jeunesseong.bj,TPE (<10),B2C,Google Maps,3.1,Actif,2026-06-29T00:14:35.760605,haute
BJ-8D9E88DE,Culture,ONG & Associations,Bétérou,+229 65 37 90 16,culture@culture.bj,,PME (10-50),B2B,Google Maps,3.8,Actif,2026-06-29T00:14:35.760629,moyenne
BJ-9F1A5719,Sport Organisation,ONG & Associations,Bétérou,+229 40 41 40 95,sport.organisation@sport.organisation.net,,PME (10-50),B2C,Google Maps,4.3,Actif,2026-06-29T00:14:35.760652,moyenne
BJ-5E602079,Club Sport,ONG & Associations,Bétérou,+229 75 95 10 28,,,PME (10-50),B2C,Google Maps,3.9,Actif,2026-06-29T00:14:35.760679,basse
BJ-70C8DE57,Organisation Social,ONG & Associations,Bétérou,+229 88 13 45 71,organisation.social@organisation.social.net,organisationsocial.bj,TPE (<10),B2C,Google Maps,5.0,Actif,2026-06-29T00:14:35.760703,haute
BJ-BFADC23A,Femme International,ONG & Associations,Ouessè,+229 94 66 80 58,femme.international@femme.international.org,,TPE (<10),B2C,Google Maps,5.0,Actif,2026-06-29T00:14:35.760741,moyenne
BJ-0FE1581C,Femme Association,ONG & Associations,Ouessè,+229 46 91 46 69,femme.association@femme.association.com,femmeassociation.bj,TPE (<10),B2B,Google Maps,4.7,Actif,2026-06-29T00:14:35.760768,haute
BJ-D853CC09,Organisation Solidarité,ONG & Associations,Ouessè,+229 71 34 64 67,organisation.solidarité@organisation.solidarité.bj,,TPE (<10),B2C,Google Maps,4.7,Actif,2026-06-29T00:14:35.760798,moyenne
BJ-66BF3596,Club Environnement Africa,ONG & Associations,Ouessè,+229 36 62 65 51,,clubenvironnementafrica.bj,PME (50-200),B2C,Google Maps,4.0,Actif,2026-06-29T00:14:35.760822,moyenne
BJ-A3D0063B,Club Santé International,ONG & Associations,Ouessè,+229 56 97 37 63,,clubsantéinternational.bj,PME (10-50),B2C,Google Maps,4.8,Actif,2026-06-29T00:14:35.760846,moyenne
BJ-9524AD03,Fondation Solidarité Glazoué,ONG & Associations,Glazoué,+229 45 58 49 26,fondation.solidarité.glazoué@fondation.solidarité.glazoué.benin,,Grande (>200),B2C,Google Maps,3.7,Actif,2026-06-29T00:14:35.760884,moyenne
BJ-04E81F6E,Club Social,ONG & Associations,Glazoué,+229 84 88 50 89,,,TPE (<10),B2C,Google Maps,3.3,Actif,2026-06-29T00:14:35.760919,basse
BJ-4A8B1365,Droits Association,ONG & Associations,Glazoué,+229 51 46 94 45,,,Grande (>200),B2B,Google Maps,4.5,Actif,2026-06-29T00:14:35.760941,basse
BJ-1C812E2A,Fondation Enfant International,ONG & Associations,Glazoué,+229 30 79 66 21,,,TPE (<10),B2C,Google Maps,3.9,Actif,2026-06-29T00:14:35.760965,basse
BJ-BDED3E67,Association Droits Glazoué,ONG & Associations,Glazoué,+229 66 67 62 78,,associationdroitsglazoué.bj,PME (50-200),B2C,Google Maps,3.1,Actif,2026-06-29T00:14:35.760991,moyenne
BJ-A619AF6B,Association Éducation,ONG & Associations,Dassa-Zoumè,+229 30 42 24 76,association.éducation@association.éducation.org,,PME (10-50),B2B,Google Maps,3.5,Actif,2026-06-29T00:14:35.761029,moyenne
BJ-BDEFA6CC,Santé,ONG & Associations,Dassa-Zoumè,+229 88 41 72 23,santé@santé.com,santé.bj,TPE (<10),B2C,Google Maps,4.2,Actif,2026-06-29T00:14:35.761057,haute
BJ-A3CD82B3,Société Humanitaire International Dassa-Zoumè,ONG & Associations,Dassa-Zoumè,+229 27 40 23 59,,,PME (50-200),B2C,Google Maps,4.4,Actif,2026-06-29T00:14:35.761098,basse
BJ-66CCA1F2,Solidarité Fondation,ONG & Associations,Dassa-Zoumè,+229 98 29 33 24,,solidaritéfondation.bj,TPE (<10),B2C,Google Maps,4.6,Actif,2026-06-29T00:14:35.761125,moyenne
BJ-CAD2A396,Éducation,ONG & Associations,Dassa-Zoumè,+229 72 29 90 92,,,TPE (<10),B2B,Google Maps,4.8,Actif,2026-06-29T00:14:35.761148,basse
BJ-9CA904E9,ONG Solidarité,ONG & Associations,Savalou,+229 98 54 40 41,ong.solidarité@ong.solidarité.org,ongsolidarité.bj,TPE (<10),B2B,Google Maps,4.4,Actif,2026-06-29T00:14:35.761186,haute
BJ-C6B8FC1C,Femme,ONG & Associations,Savalou,+229 68 67 64 62,femme@femme.benin,,PME (50-200),B2B,Google Maps,4.2,Actif,2026-06-29T00:14:35.761212,moyenne
BJ-0524F85E,Développement,ONG & Associations,Savalou,+229 68 51 92 30,,développement.bj,TPE (<10),B2C,Google Maps,4.8,Actif,2026-06-29T00:14:35.761235,moyenne
BJ-88D54B38,Organisation Éducation Bénin,ONG & Associations,Savalou,+229 92 26 30 28,,organisationéducationbénin.bj,TPE (<10),B2C,Google Maps,4.9,Actif,2026-06-29T00:14:35.761290,moyenne
BJ-B2FA31F8,Organisation Développement Fondation,ONG & Associations,Bantè,+229 28 93 30 91,,organisationdéveloppementfondation.bj,TPE (<10),B2B,Google Maps,3.6,Actif,2026-06-29T00:14:35.761328,moyenne
BJ-80C7F29E,ONG Droits Association Bantè,ONG & Associations,Bantè,+229 24 20 76 13,,ongdroitsassociationbantè.bj,PME (10-50),B2C,Google Maps,4.6,Actif,2026-06-29T00:14:35.761353,moyenne
BJ-3BEC6939,Humanitaire Bénin,ONG & Associations,Bantè,+229 46 88 41 18,humanitaire.bénin@humanitaire.bénin.net,,PME (10-50),B2C,Google Maps,4.3,Actif,2026-06-29T00:14:35.761382,moyenne
BJ-34181205,Aide Organisation,ONG & Associations,Bantè,+229 99 37 54 26,aide.organisation@aide.organisation.org,,PME (50-200),B2C,Google Maps,3.4,Actif,2026-06-29T00:14:35.761411,moyenne
BJ-BE2FAFA9,ONG Enfant Bantè,ONG & Associations,Bantè,+229 42 59 48 88,,ongenfantbantè.bj,PME (10-50),B2C,Google Maps,5.0,Actif,2026-06-29T00:14:35.761442,moyenne
BJ-BC1C8CA8,ONG Développement Association,ONG & Associations,Djougou,+229 65 24 44 53,,ongdéveloppementassociation.bj,TPE (<10),B2C,Google Maps,3.5,Actif,2026-06-29T00:14:35.761491,moyenne
BJ-C0B2E5FB,Développement,ONG & Associations,Djougou,+229 32 67 82 94,,,PME (10-50),B2B,Google Maps,3.3,Actif,2026-06-29T00:14:35.761521,basse
BJ-2304A661,Société Jeunesse Bénin,ONG & Associations,Djougou,+229 54 43 89 80,société.jeunesse.bénin@société.jeunesse.bénin.bj,sociétéjeunessebénin.bj,PME (10-50),B2B,Google Maps,3.9,Actif,2026-06-29T00:14:35.761553,haute
BJ-20F339BA,Éducation Bénin Djougou,ONG & Associations,Djougou,+229 91 67 64 44,,éducationbénindjougou.bj,TPE (<10),B2B,Google Maps,4.5,Actif,2026-06-29T00:14:35.761590,moyenne
BJ-E843FAED,Fondation Santé ONG,ONG & Associations,Djougou,+229 88 79 16 69,fondation.santé.ong@fondation.santé.ong.net,,PME (10-50),B2C,Google Maps,4.9,Actif,2026-06-29T00:14:35.761642,moyenne
BJ-254C32EC,Droits Africa,ONG & Associations,Ouèssè,+229 91 15 85 77,,,Grande (>200),B2B,Google Maps,4.5,Actif,2026-06-29T00:14:35.761684,basse
BJ-5F1BDA37,Société Environnement Ouèssè,ONG & Associations,Ouèssè,+229 97 18 71 57,,sociétéenvironnementouèssè.bj,PME (10-50),B2C,Google Maps,3.5,Actif,2026-06-29T00:14:35.761716,moyenne
BJ-9FA3A749,Femme International,ONG & Associations,Ouèssè,+229 90 74 68 91,femme.international@femme.international.org,femmeinternational.bj,TPE (<10),B2B,Google Maps,4.1,Actif,2026-06-29T00:14:35.761750,haute
BJ-E141C4E2,Santé,ONG & Associations,Ouèssè,+229 29 37 30 11,santé@santé.bj,,TPE (<10),B2C,Google Maps,4.1,Actif,2026-06-29T00:14:35.761784,moyenne
BJ-68A73940,Organisation Jeunesse,ONG & Associations,Ouèssè,+229 30 62 27 48,,,Grande (>200),B2B,Google Maps,4.4,Actif,2026-06-29T00:14:35.761826,basse
BJ-A5DA212B,Développement,ONG & Associations,Bassila,+229 45 47 51 85,développement@développement.com,,PME (50-200),B2C,Google Maps,4.1,Actif,2026-06-29T00:14:35.761875,moyenne
BJ-6BAA2110,Environnement,ONG & Associations,Bassila,+229 26 54 52 64,environnement@environnement.org,,Grande (>200),B2C,Google Maps,3.3,Actif,2026-06-29T00:14:35.761921,moyenne
BJ-D15F2EF9,ONG Femme International,ONG & Associations,Bassila,+229 61 70 62 30,,,PME (50-200),B2C,Google Maps,4.6,Actif,2026-06-29T00:14:35.761937,basse
BJ-54382568,Aide Fondation,ONG & Associations,Bassila,+229 85 53 16 66,aide.fondation@aide.fondation.benin,,PME (50-200),B2C,Google Maps,3.8,Actif,2026-06-29T00:14:35.761958,moyenne
BJ-CFB7D830,Organisation Santé Bassila,ONG & Associations,Bassila,+229 67 29 65 82,organisation.santé.bassila@organisation.santé.bassila.org,,TPE (<10),B2B,Google Maps,3.3,Actif,2026-06-29T00:14:35.761975,moyenne
BJ-318B33F8,Sport,ONG & Associations,Pehunco,+229 49 98 35 56,sport@sport.bj,sport.bj,TPE (<10),B2B,Google Maps,3.9,Actif,2026-06-29T00:14:35.761997,haute
BJ-68C74DF8,Association Aide,ONG & Associations,Pehunco,+229 49 63 18 30,association.aide@association.aide.bj,,PME (50-200),B2B,Google Maps,4.7,Actif,2026-06-29T00:14:35.762015,moyenne
BJ-9E6E1BC6,ONG Solidarité Fondation Pehunco,ONG & Associations,Pehunco,+229 53 82 45 93,ong.solidarité.fondation.pehunco@ong.solidarité.fondation.pehunco.bj,ongsolidaritéfondationpehunco.bj,PME (50-200),B2C,Google Maps,3.4,Actif,2026-06-29T00:14:35.762036,haute
BJ-D591B9BD,Femme,ONG & Associations,Pehunco,+229 65 19 29 30,,,PME (10-50),B2C,Google Maps,3.8,Actif,2026-06-29T00:14:35.762049,basse
BJ-41E4268E,Sport Bénin,ONG & Associations,Copargo,+229 47 65 63 96,,,PME (10-50),B2C,Google Maps,3.7,Actif,2026-06-29T00:14:35.762084,basse
BJ-302A5B21,Association Solidarité Bénin,ONG & Associations,Copargo,+229 39 26 31 11,association.solidarité.bénin@association.solidarité.bénin.net,associationsolidaritébénin.bj,PME (50-200),B2C,Google Maps,5.0,Actif,2026-06-29T00:14:35.762101,haute
BJ-375D0EA6,Sport Fondation,ONG & Associations,Copargo,+229 24 91 97 39,sport.fondation@sport.fondation.bj,,PME (50-200),B2C,Google Maps,4.6,Actif,2026-06-29T00:14:35.762118,moyenne
BJ-01DE801B,Culture Fondation,ONG & Associations,Copargo,+229 91 16 94 53,culture.fondation@culture.fondation.bj,culturefondation.bj,TPE (<10),B2C,Google Maps,4.4,Actif,2026-06-29T00:14:35.762136,haute
BJ-F51A2D19,Société Solidarité Bénin,ONG & Associations,Copargo,+229 63 59 21 10,,sociétésolidaritébénin.bj,PME (50-200),B2B,Google Maps,4.7,Actif,2026-06-29T00:14:35.762159,moyenne
BJ-E72214A4,Immobilier,BTP & Immobilier,Cotonou,+229 36 14 67 30,immobilier@immobilier.com,immobilier.bj,PME (50-200),B2B,Facebook Pages,,Actif,2026-06-29T00:14:35.762186,haute
BJ-C3C7A29C,Ets Ingénierie Services,BTP & Immobilier,Cotonou,+229 88 76 20 78,ets.ingénierie.services@ets.ingénierie.services.benin,,Grande (>200),B2B,Facebook Pages,,Actif,2026-06-29T00:14:35.762216,moyenne
BJ-5B166E14,SO Fondation Africa Cotonou,BTP & Immobilier,Cotonou,+229 60 93 58 21,so.fondation.africa.cotonou@so.fondation.africa.cotonou.benin,,TPE (<10),B2C,Facebook Pages,,Actif,2026-06-29T00:14:35.762240,moyenne
BJ-13BAAED2,SCI Construction,BTP & Immobilier,Cotonou,+229 62 26 39 65,sci.construction@sci.construction.org,,TPE (<10),B2C,Facebook Pages,,Actif,2026-06-29T00:14:35.762254,moyenne
BJ-5AA11E19,Cabinet Plomberie SARL,BTP & Immobilier,Cotonou,+229 24 58 86 57,cabinet.plomberie.sarl@cabinet.plomberie.sarl.bj,,TPE (<10),B2B,Facebook Pages,,Actif,2026-06-29T00:14:35.762266,moyenne
BJ-A32F1C7D,Béton,BTP & Immobilier,Abomey-Calavi,+229 22 69 88 40,béton@béton.benin,béton.bj,Grande (>200),B2C,Facebook Pages,,Actif,2026-06-29T00:14:35.762312,haute
BJ-682A706D,Électricité SA,BTP & Immobilier,Abomey-Calavi,+229 21 15 75 73,,électricitésa.bj,Grande (>200),B2B,Facebook Pages,,Actif,2026-06-29T00:14:35.762346,moyenne
BJ-70F0B201,Cabinet Architecte,BTP & Immobilier,Abomey-Calavi,+229 25 11 37 11,,cabinetarchitecte.bj,PME (10-50),B2B,Facebook Pages,,Actif,2026-06-29T00:14:35.762374,moyenne
BJ-4A6414DB,Groupe Habitat SA,BTP & Immobilier,Abomey-Calavi,+229 71 83 47 72,,groupehabitatsa.bj,PME (10-50),B2C,Facebook Pages,,Actif,2026-06-29T00:14:35.762406,moyenne
BJ-1053BF35,SA Immobilier,BTP & Immobilier,Abomey-Calavi,+229 64 81 70 16,sa.immobilier@sa.immobilier.benin,,PME (50-200),B2B,Facebook Pages,,Actif,2026-06-29T00:14:35.762430,moyenne
BJ-65482F8B,Immobilier Ets,BTP & Immobilier,Porto-Novo,+229 60 68 58 48,,immobilierets.bj,PME (10-50),B2C,Facebook Pages,,Actif,2026-06-29T00:14:35.762464,moyenne
BJ-7ADA4791,Toiture,BTP & Immobilier,Porto-Novo,+229 73 66 97 70,toiture@toiture.org,toiture.bj,TPE (<10),B2C,Facebook Pages,,Actif,2026-06-29T00:14:35.762485,haute
BJ-A547E495,Ets Toiture Bénin Porto-Novo,BTP & Immobilier,Porto-Novo,+229 40 25 46 38,ets.toiture.bénin.portonovo@ets.toiture.bénin.portonovo.bj,etstoiturebéninportonovo.bj,Grande (>200),B2C,Facebook Pages,,Actif,2026-06-29T00:14:35.762516,haute
BJ-2AD4C8EF,Ingénierie Ets,BTP & Immobilier,Porto-Novo,+229 42 75 34 75,,ingénierieets.bj,PME (50-200),B2C,Facebook Pages,,Actif,2026-06-29T00:14:35.762544,moyenne
BJ-1D769C27,SA Urbanisme International,BTP & Immobilier,Porto-Novo,+229 61 48 25 29,sa.urbanisme.international@sa.urbanisme.international.benin,saurbanismeinternational.bj,TPE (<10),B2C,Facebook Pages,,Actif,2026-06-29T00:14:35.762568,haute
BJ-6CB76E20,Béton SARL Parakou,BTP & Immobilier,Parakou,+229 24 75 29 44,béton.sarl.parakou@béton.sarl.parakou.com,,PME (50-200),B2B,Facebook Pages,,Actif,2026-06-29T00:14:35.762603,moyenne
BJ-312E3D46,Bâtiment,BTP & Immobilier,Parakou,+229 53 62 15 24,,bâtiment.bj,PME (10-50),B2B,Facebook Pages,,Actif,2026-06-29T00:14:35.762630,moyenne
BJ-DD0AE110,SO Plomberie Solutions,BTP & Immobilier,Parakou,+229 32 44 51 59,so.plomberie.solutions@so.plomberie.solutions.org,,PME (10-50),B2B,Facebook Pages,,Actif,2026-06-29T00:14:35.762652,moyenne
BJ-ED5D5B46,SA Habitat Solutions,BTP & Immobilier,Parakou,+229 41 64 63 17,,,TPE (<10),B2B,Facebook Pages,,Actif,2026-06-29T00:14:35.762677,basse
BJ-8DEE9E5E,Maison Solutions,BTP & Immobilier,Parakou,+229 31 35 29 36,maison.solutions@maison.solutions.benin,,TPE (<10),B2C,Facebook Pages,,Actif,2026-06-29T00:14:35.762700,moyenne
BJ-0F947998,Toiture SARL,BTP & Immobilier,Bohicon,+229 55 19 18 49,,toituresarl.bj,PME (50-200),B2C,Facebook Pages,,Actif,2026-06-29T00:14:35.762735,moyenne
BJ-FB353B43,SO Bâtiment Bénin,BTP & Immobilier,Bohicon,+229 47 23 88 49,so.bâtiment.bénin@so.bâtiment.bénin.com,sobâtimentbénin.bj,PME (50-200),B2C,Facebook Pages,,Actif,2026-06-29T00:14:35.762762,haute
BJ-6F09F2D1,Cabinet Immobilier,BTP & Immobilier,Bohicon,+229 38 83 91 24,cabinet.immobilier@cabinet.immobilier.net,cabinetimmobilier.bj,PME (10-50),B2C,Facebook Pages,,Actif,2026-06-29T00:14:35.762790,haute
BJ-0A27C097,Ingénierie Bohicon,BTP & Immobilier,Bohicon,+229 91 10 22 78,ingénierie.bohicon@ingénierie.bohicon.net,ingénieriebohicon.bj,TPE (<10),B2B,Facebook Pages,,Actif,2026-06-29T00:14:35.762836,haute
BJ-FA7AC9CA,SO Plomberie Bohicon,BTP & Immobilier,Bohicon,+229 49 38 55 56,so.plomberie.bohicon@so.plomberie.bohicon.benin,,TPE (<10),B2C,Facebook Pages,,Actif,2026-06-29T00:14:35.762859,moyenne
BJ-760FECE1,SARL Habitat,BTP & Immobilier,Natitingou,+229 72 94 20 53,,,TPE (<10),B2C,Facebook Pages,,Actif,2026-06-29T00:14:35.762903,basse
BJ-A2DE3C75,Électricité International,BTP & Immobilier,Natitingou,+229 21 74 37 48,électricité.international@électricité.international.com,électricitéinternational.bj,Grande (>200),B2B,Facebook Pages,,Actif,2026-06-29T00:14:35.762935,haute
BJ-8BE78E7D,Toiture SA,BTP & Immobilier,Natitingou,+229 57 29 47 90,,toituresa.bj,PME (50-200),B2B,Facebook Pages,,Actif,2026-06-29T00:14:35.762957,moyenne
BJ-64E41686,BTP Architecte,BTP & Immobilier,Natitingou,+229 84 70 60 48,,btparchitecte.bj,Grande (>200),B2B,Facebook Pages,,Actif,2026-06-29T00:14:35.762983,moyenne
BJ-CC4FB15E,Maison Bénin,BTP & Immobilier,Natitingou,+229 29 12 99 74,,maisonbénin.bj,TPE (<10),B2C,Facebook Pages,,Actif,2026-06-29T00:14:35.763018,moyenne
BJ-4EA3CEA6,Fondation International,BTP & Immobilier,Lokossa,+229 50 32 51 11,fondation.international@fondation.international.com,fondationinternational.bj,Grande (>200),B2B,Facebook Pages,,Actif,2026-06-29T00:14:35.763055,haute
BJ-318E4472,Structure Cabinet Lokossa,BTP & Immobilier,Lokossa,+229 94 99 12 73,,structurecabinetlokossa.bj,TPE (<10),B2C,Facebook Pages,,Actif,2026-06-29T00:14:35.763098,moyenne
BJ-57C556B7,BTP Construction,BTP & Immobilier,Lokossa,+229 81 26 63 87,,,PME (10-50),B2C,Facebook Pages,,Actif,2026-06-29T00:14:35.763117,basse
BJ-B4554FDD,BTP Habitat Africa Lokossa,BTP & Immobilier,Lokossa,+229 20 61 92 86,btp.habitat.africa.lokossa@btp.habitat.africa.lokossa.bj,btphabitatafricalokossa.bj,TPE (<10),B2C,Facebook Pages,,Actif,2026-06-29T00:14:35.763143,haute
BJ-2963A0E6,Immobilier SA,BTP & Immobilier,Ouidah,+229 52 81 61 40,immobilier.sa@immobilier.sa.net,,PME (10-50),B2B,Facebook Pages,,Actif,2026-06-29T00:14:35.763188,moyenne
BJ-1FA921E4,Cabinet Travaux Ouidah,BTP & Immobilier,Ouidah,+229 33 31 62 30,cabinet.travaux.ouidah@cabinet.travaux.ouidah.net,cabinettravauxouidah.bj,TPE (<10),B2B,Facebook Pages,,Actif,2026-06-29T00:14:35.763225,haute
BJ-E15B7E45,Immobilier Groupe,BTP & Immobilier,Ouidah,+229 20 38 32 69,,immobiliergroupe.bj,TPE (<10),B2C,Facebook Pages,,Actif,2026-06-29T00:14:35.763252,moyenne
BJ-E83739E4,SARL Maison SA Ouidah,BTP & Immobilier,Ouidah,+229 20 45 38 43,sarl.maison.sa.ouidah@sarl.maison.sa.ouidah.org,,PME (10-50),B2C,Facebook Pages,,Actif,2026-06-29T00:14:35.763292,moyenne
BJ-4D352513,SA Structure,BTP & Immobilier,Ouidah,+229 81 12 93 41,,,TPE (<10),B2B,Facebook Pages,,Actif,2026-06-29T00:14:35.763319,basse
BJ-723D0C9A,Groupe Électricité,BTP & Immobilier,Savalou,+229 55 36 11 23,,,Grande (>200),B2C,Facebook Pages,,Actif,2026-06-29T00:14:35.763362,basse
BJ-2CCC0CA3,SCI Construction,BTP & Immobilier,Savalou,+229 23 23 15 17,,sciconstruction.bj,TPE (<10),B2B,Facebook Pages,,Actif,2026-06-29T00:14:35.763392,moyenne
BJ-952D9822,SCI Urbanisme Ets,BTP & Immobilier,Savalou,+229 59 12 39 54,,,TPE (<10),B2B,Facebook Pages,,Actif,2026-06-29T00:14:35.763419,basse
BJ-340A15F0,BTP Ingénierie International,BTP & Immobilier,Savalou,+229 74 76 46 26,btp.ingénierie.international@btp.ingénierie.international.net,,PME (10-50),B2B,Facebook Pages,,Actif,2026-06-29T00:14:35.763458,moyenne
BJ-B3592AED,SCI Fondation Solutions,BTP & Immobilier,Savalou,+229 94 74 33 79,sci.fondation.solutions@sci.fondation.solutions.benin,,Grande (>200),B2B,Facebook Pages,,Actif,2026-06-29T00:14:35.763496,moyenne
BJ-0204442D,SARL Urbanisme Solutions,BTP & Immobilier,Dassa-Zoumè,+229 26 67 44 44,,,PME (50-200),B2B,Facebook Pages,,Actif,2026-06-29T00:14:35.763544,basse
BJ-4FD35AF4,SO Fondation Bénin,BTP & Immobilier,Dassa-Zoumè,+229 70 43 52 24,,sofondationbénin.bj,PME (10-50),B2B,Facebook Pages,,Actif,2026-06-29T00:14:35.763585,moyenne
BJ-28A6676C,Bâtiment,BTP & Immobilier,Dassa-Zoumè,+229 61 93 51 85,bâtiment@bâtiment.net,,TPE (<10),B2C,Facebook Pages,,Actif,2026-06-29T00:14:35.763609,moyenne
BJ-5D3AFD9F,BTP Plomberie Ets,BTP & Immobilier,Dassa-Zoumè,+229 27 62 22 96,,,PME (50-200),B2B,Facebook Pages,,Actif,2026-06-29T00:14:35.763635,basse
BJ-DB8A86FF,SCI Fondation Groupe,BTP & Immobilier,Dassa-Zoumè,+229 21 44 80 47,sci.fondation.groupe@sci.fondation.groupe.benin,,PME (10-50),B2C,Facebook Pages,,Actif,2026-06-29T00:14:35.763659,moyenne
BJ-FEB22CFA,Habitat Solutions,BTP & Immobilier,Kétou,+229 57 83 37 95,,,Grande (>200),B2C,Facebook Pages,,Actif,2026-06-29T00:14:35.763698,basse
BJ-D6AD5272,SARL Construction,BTP & Immobilier,Kétou,+229 59 57 49 55,sarl.construction@sarl.construction.benin,sarlconstruction.bj,TPE (<10),B2B,Facebook Pages,,Actif,2026-06-29T00:14:35.763720,haute
BJ-4CC1CEFC,SA Immobilier,BTP & Immobilier,Kétou,+229 43 66 45 84,sa.immobilier@sa.immobilier.net,,PME (50-200),B2C,Facebook Pages,,Actif,2026-06-29T00:14:35.763740,moyenne
BJ-A3056C0C,SO Maison Africa Kétou,BTP & Immobilier,Kétou,+229 68 87 17 54,so.maison.africa.kétou@so.maison.africa.kétou.org,somaisonafricakétou.bj,Grande (>200),B2B,Facebook Pages,,Actif,2026-06-29T00:14:35.763762,haute
BJ-B89FC266,Groupe Travaux Cabinet,BTP & Immobilier,Kétou,+229 65 45 47 14,,groupetravauxcabinet.bj,PME (50-200),B2B,Facebook Pages,,Actif,2026-06-29T00:14:35.763781,moyenne
BJ-6937FBBA,Travaux Ets,BTP & Immobilier,Covè,+229 67 40 32 18,,,PME (10-50),B2C,Facebook Pages,,Actif,2026-06-29T00:14:35.763813,basse
BJ-22C7B9EE,Ets Béton,BTP & Immobilier,Covè,+229 61 15 37 78,ets.béton@ets.béton.net,etsbéton.bj,TPE (<10),B2B,Facebook Pages,,Actif,2026-06-29T00:14:35.763836,haute
BJ-7B00C207,Béton International,BTP & Immobilier,Covè,+229 56 58 28 96,béton.international@béton.international.com,,Grande (>200),B2C,Facebook Pages,,Actif,2026-06-29T00:14:35.763858,moyenne
BJ-A79AF2DE,Maison Ets,BTP & Immobilier,Covè,+229 31 21 56 13,,,PME (10-50),B2B,Facebook Pages,,Actif,2026-06-29T00:14:35.763903,basse
BJ-AAB9FA3D,Travaux SARL Covè,BTP & Immobilier,Covè,+229 34 68 45 84,,travauxsarlcovè.bj,Grande (>200),B2B,Facebook Pages,,Actif,2026-06-29T00:14:35.763931,moyenne
BJ-59BBC47F,Ets Immobilier,BTP & Immobilier,Pobè,+229 62 64 14 28,,,TPE (<10),B2B,Facebook Pages,,Actif,2026-06-29T00:14:35.763964,basse
BJ-120DBE02,SA Bâtiment Pobè,BTP & Immobilier,Pobè,+229 89 41 56 41,sa.bâtiment.pobè@sa.bâtiment.pobè.net,sabâtimentpobè.bj,TPE (<10),B2B,Facebook Pages,,Actif,2026-06-29T00:14:35.763993,haute
BJ-25DE58D2,Cabinet Béton,BTP & Immobilier,Pobè,+229 52 37 50 82,,cabinetbéton.bj,TPE (<10),B2B,Facebook Pages,,Actif,2026-06-29T00:14:35.764035,moyenne
BJ-06665641,Urbanisme Cabinet,BTP & Immobilier,Pobè,+229 59 77 53 12,urbanisme.cabinet@urbanisme.cabinet.benin,,TPE (<10),B2B,Facebook Pages,,Actif,2026-06-29T00:14:35.764061,moyenne
BJ-DBAB31BC,Urbanisme Pobè,BTP & Immobilier,Pobè,+229 51 93 96 74,urbanisme.pobè@urbanisme.pobè.com,,TPE (<10),B2B,Facebook Pages,,Actif,2026-06-29T00:14:35.764097,moyenne
BJ-9516955A,Électricité Sakété,BTP & Immobilier,Sakété,+229 80 63 56 62,,électricitésakété.bj,PME (50-200),B2B,Facebook Pages,,Actif,2026-06-29T00:14:35.764143,moyenne
BJ-F82F17B9,Architecte,BTP & Immobilier,Sakété,+229 23 43 55 99,architecte@architecte.com,architecte.bj,TPE (<10),B2B,Facebook Pages,,Actif,2026-06-29T00:14:35.764176,haute
BJ-E5240282,Travaux SARL,BTP & Immobilier,Sakété,+229 58 26 87 52,,travauxsarl.bj,PME (50-200),B2C,Facebook Pages,,Actif,2026-06-29T00:14:35.764199,moyenne
BJ-F863FFD4,SARL Ingénierie,BTP & Immobilier,Sakété,+229 95 68 85 98,,sarlingénierie.bj,TPE (<10),B2B,Facebook Pages,,Actif,2026-06-29T00:14:35.764247,moyenne
BJ-17B98E81,Ingénierie Solutions,BTP & Immobilier,Sakété,+229 67 48 96 83,ingénierie.solutions@ingénierie.solutions.net,,TPE (<10),B2C,Facebook Pages,,Actif,2026-06-29T00:14:35.764281,moyenne
BJ-6A0CAD67,Construction Adjara,BTP & Immobilier,Adjara,+229 65 95 51 71,construction.adjara@construction.adjara.org,constructionadjara.bj,TPE (<10),B2C,Facebook Pages,,Actif,2026-06-29T00:14:35.764319,haute
BJ-1232AAF7,Électricité Adjara,BTP & Immobilier,Adjara,+229 98 84 26 23,électricité.adjara@électricité.adjara.bj,,Grande (>200),B2B,Facebook Pages,,Actif,2026-06-29T00:14:35.764358,moyenne
BJ-7F662A79,Habitat Solutions,BTP & Immobilier,Adjara,+229 48 62 88 41,habitat.solutions@habitat.solutions.benin,habitatsolutions.bj,PME (10-50),B2C,Facebook Pages,,Actif,2026-06-29T00:14:35.764390,haute
BJ-C5A3D6B8,Travaux SARL,BTP & Immobilier,Adjara,+229 76 50 34 88,travaux.sarl@travaux.sarl.net,,PME (50-200),B2B,Facebook Pages,,Actif,2026-06-29T00:14:35.764410,moyenne
BJ-A8BF2066,SARL Plomberie SARL,BTP & Immobilier,Allada,+229 51 39 94 58,sarl.plomberie.sarl@sarl.plomberie.sarl.benin,sarlplomberiesarl.bj,PME (10-50),B2C,Facebook Pages,,Actif,2026-06-29T00:14:35.764463,haute
BJ-7B0DAB24,Construction Ets,BTP & Immobilier,Allada,+229 35 60 40 95,,constructionets.bj,TPE (<10),B2C,Facebook Pages,,Actif,2026-06-29T00:14:35.764498,moyenne
BJ-B48EF361,Plomberie,BTP & Immobilier,Allada,+229 80 43 56 97,,,TPE (<10),B2C,Facebook Pages,,Actif,2026-06-29T00:14:35.764526,basse
BJ-34C9E0FC,Groupe Habitat Ets,BTP & Immobilier,Allada,+229 63 98 23 49,,groupehabitatets.bj,PME (10-50),B2B,Facebook Pages,,Actif,2026-06-29T00:14:35.764556,moyenne
BJ-34986AA3,SARL Habitat Bénin,BTP & Immobilier,Allada,+229 97 72 78 31,,sarlhabitatbénin.bj,TPE (<10),B2B,Facebook Pages,,Actif,2026-06-29T00:14:35.764586,moyenne
BJ-1D16C264,BTP Architecte Solutions Aplahoué,BTP & Immobilier,Aplahoué,+229 30 55 52 98,,btparchitectesolutionsaplahoué.bj,TPE (<10),B2B,Facebook Pages,,Actif,2026-06-29T00:14:35.764642,moyenne
BJ-9045EF93,Architecte Africa,BTP & Immobilier,Aplahoué,+229 50 97 93 97,architecte.africa@architecte.africa.bj,architecteafrica.bj,PME (50-200),B2C,Facebook Pages,,Actif,2026-06-29T00:14:35.764672,haute
BJ-3C001331,Structure Bénin,BTP & Immobilier,Aplahoué,+229 22 27 27 55,structure.bénin@structure.bénin.benin,,PME (10-50),B2B,Facebook Pages,,Actif,2026-06-29T00:14:35.764701,moyenne
BJ-F5AD858B,Construction International Aplahoué,BTP & Immobilier,Aplahoué,+229 46 24 73 13,construction.international.aplahoué@construction.international.aplahoué.bj,constructioninternationalaplahoué.bj,TPE (<10),B2B,Facebook Pages,,Actif,2026-06-29T00:14:35.764731,haute
BJ-40B5F13F,Construction Ets,BTP & Immobilier,Aplahoué,+229 33 38 26 43,construction.ets@construction.ets.bj,,Grande (>200),B2B,Facebook Pages,,Actif,2026-06-29T00:14:35.764758,moyenne
BJ-905F0E0B,Habitat Dogbo-Tota,BTP & Immobilier,Dogbo-Tota,+229 65 12 66 53,habitat.dogbotota@habitat.dogbotota.benin,habitatdogbotota.bj,TPE (<10),B2C,Facebook Pages,,Actif,2026-06-29T00:14:35.764798,haute
BJ-073157B4,SA Travaux,BTP & Immobilier,Dogbo-Tota,+229 44 89 33 77,,,TPE (<10),B2B,Facebook Pages,,Actif,2026-06-29T00:14:35.764823,basse
BJ-A38813F7,Ets Immobilier,BTP & Immobilier,Dogbo-Tota,+229 95 48 46 40,ets.immobilier@ets.immobilier.benin,etsimmobilier.bj,Grande (>200),B2B,Facebook Pages,,Actif,2026-06-29T00:14:35.764852,haute
BJ-E00994FB,Cabinet Bâtiment SARL,BTP & Immobilier,Dogbo-Tota,+229 21 10 23 39,,cabinetbâtimentsarl.bj,PME (10-50),B2B,Facebook Pages,,Actif,2026-06-29T00:14:35.764883,moyenne
BJ-F9CB6EC9,SCI Bâtiment,BTP & Immobilier,Dogbo-Tota,+229 22 42 53 60,,scibâtiment.bj,PME (50-200),B2C,Facebook Pages,,Actif,2026-06-29T00:14:35.764931,moyenne
BJ-81B7C532,Maison Kpomassè,BTP & Immobilier,Kpomassè,+229 78 80 35 68,,,Grande (>200),B2B,Facebook Pages,,Actif,2026-06-29T00:14:35.764973,basse
BJ-2959F4C8,SARL Ingénierie Bénin,BTP & Immobilier,Kpomassè,+229 58 79 34 57,sarl.ingénierie.bénin@sarl.ingénierie.bénin.net,,Grande (>200),B2C,Facebook Pages,,Actif,2026-06-29T00:14:35.765005,moyenne
BJ-3CA143B9,Ingénierie SA,BTP & Immobilier,Kpomassè,+229 81 59 40 76,,ingénieriesa.bj,PME (10-50),B2B,Facebook Pages,,Actif,2026-06-29T00:14:35.765073,moyenne
BJ-ADAC0B53,SARL Toiture,BTP & Immobilier,Kpomassè,+229 55 44 14 67,,,TPE (<10),B2C,Facebook Pages,,Actif,2026-06-29T00:14:35.765125,basse
BJ-E592227D,BTP Ingénierie Kpomassè,BTP & Immobilier,Kpomassè,+229 23 65 99 27,btp.ingénierie.kpomassè@btp.ingénierie.kpomassè.com,,PME (10-50),B2C,Facebook Pages,,Actif,2026-06-29T00:14:35.765143,moyenne
BJ-8A9FB166,Béton SARL,BTP & Immobilier,Tori-Bossito,+229 96 92 86 58,béton.sarl@béton.sarl.org,bétonsarl.bj,Grande (>200),B2C,Facebook Pages,,Actif,2026-06-29T00:14:35.765169,haute
BJ-925F109B,Bâtiment Africa Tori-Bossito,BTP & Immobilier,Tori-Bossito,+229 42 91 87 52,,bâtimentafricatoribossito.bj,PME (10-50),B2B,Facebook Pages,,Actif,2026-06-29T00:14:35.765187,moyenne
BJ-461CD935,Travaux Services,BTP & Immobilier,Tori-Bossito,+229 55 62 30 36,travaux.services@travaux.services.com,travauxservices.bj,TPE (<10),B2B,Facebook Pages,,Actif,2026-06-29T00:14:35.765214,haute
BJ-74BB9C35,Structure,BTP & Immobilier,Tori-Bossito,+229 22 43 41 53,,,TPE (<10),B2B,Facebook Pages,,Actif,2026-06-29T00:14:35.765269,basse
BJ-AB655E97,Ets Plomberie,BTP & Immobilier,Tori-Bossito,+229 39 52 55 43,,etsplomberie.bj,PME (10-50),B2B,Facebook Pages,,Actif,2026-06-29T00:14:35.765287,moyenne
BJ-BF9A6A74,Cabinet Structure Groupe,BTP & Immobilier,Grand-Popo,+229 62 99 35 13,cabinet.structure.groupe@cabinet.structure.groupe.bj,cabinetstructuregroupe.bj,TPE (<10),B2C,Facebook Pages,,Actif,2026-06-29T00:14:35.765314,haute
BJ-D40AC365,Cabinet Structure,BTP & Immobilier,Grand-Popo,+229 43 37 60 44,cabinet.structure@cabinet.structure.com,,PME (10-50),B2B,Facebook Pages,,Actif,2026-06-29T00:14:35.765326,moyenne
BJ-15EB9F95,SARL Maison,BTP & Immobilier,Grand-Popo,+229 41 54 61 93,sarl.maison@sarl.maison.com,sarlmaison.bj,PME (10-50),B2B,Facebook Pages,,Actif,2026-06-29T00:14:35.765339,haute
BJ-2B0B0786,Urbanisme Africa,BTP & Immobilier,Grand-Popo,+229 82 49 94 54,urbanisme.africa@urbanisme.africa.benin,urbanismeafrica.bj,TPE (<10),B2C,Facebook Pages,,Actif,2026-06-29T00:14:35.765364,haute
BJ-A6DFD28E,SA Construction SA,BTP & Immobilier,Athiémé,+229 77 71 47 90,sa.construction.sa@sa.construction.sa.net,saconstructionsa.bj,Grande (>200),B2B,Facebook Pages,,Actif,2026-06-29T00:14:35.765388,haute
BJ-4581DF2D,SARL Bâtiment,BTP & Immobilier,Athiémé,+229 65 73 53 26,,,PME (10-50),B2C,Facebook Pages,,Actif,2026-06-29T00:14:35.765400,basse
BJ-B7CF386F,BTP Électricité,BTP & Immobilier,Athiémé,+229 53 59 86 86,btp.électricité@btp.électricité.bj,,Grande (>200),B2C,Facebook Pages,,Actif,2026-06-29T00:14:35.765413,moyenne
BJ-5A22A060,Cabinet Architecte Athiémé,BTP & Immobilier,Athiémé,+229 55 85 11 69,,,PME (10-50),B2C,Facebook Pages,,Actif,2026-06-29T00:14:35.765430,basse
BJ-F0DF86EF,Cabinet Bâtiment,BTP & Immobilier,Athiémé,+229 33 45 60 66,,,PME (10-50),B2B,Facebook Pages,,Actif,2026-06-29T00:14:35.765441,basse
BJ-F6FD49E2,Groupe Bâtiment,BTP & Immobilier,Bopa,+229 74 94 27 20,groupe.bâtiment@groupe.bâtiment.benin,,TPE (<10),B2C,Facebook Pages,,Actif,2026-06-29T00:14:35.765460,moyenne
BJ-62943254,Construction Groupe,BTP & Immobilier,Bopa,+229 82 62 46 23,construction.groupe@construction.groupe.org,constructiongroupe.bj,TPE (<10),B2C,Facebook Pages,,Actif,2026-06-29T00:14:35.765474,haute
BJ-378ED6D7,Bâtiment Groupe Bopa,BTP & Immobilier,Bopa,+229 95 30 78 31,,,TPE (<10),B2B,Facebook Pages,,Actif,2026-06-29T00:14:35.765485,basse
BJ-82A63321,Urbanisme Cabinet,BTP & Immobilier,Bopa,+229 65 30 20 90,urbanisme.cabinet@urbanisme.cabinet.net,urbanismecabinet.bj,PME (10-50),B2B,Facebook Pages,,Actif,2026-06-29T00:14:35.765497,haute
BJ-47ECB9E1,SARL Ingénierie,BTP & Immobilier,Bopa,+229 83 77 57 88,sarl.ingénierie@sarl.ingénierie.com,sarlingénierie.bj,PME (10-50),B2C,Facebook Pages,,Actif,2026-06-29T00:14:35.765511,haute
BJ-A4560960,Béton,BTP & Immobilier,Houéyogbé,+229 64 75 94 29,béton@béton.net,,PME (10-50),B2C,Facebook Pages,,Actif,2026-06-29T00:14:35.765529,moyenne
BJ-39F7420F,Habitat Houéyogbé,BTP & Immobilier,Houéyogbé,+229 43 74 77 74,,habitathouéyogbé.bj,TPE (<10),B2B,Facebook Pages,,Actif,2026-06-29T00:14:35.765542,moyenne
BJ-DB4E6B0C,SA Travaux Solutions Houéyogbé,BTP & Immobilier,Houéyogbé,+229 35 46 85 27,sa.travaux.solutions.houéyogbé@sa.travaux.solutions.houéyogbé.benin,,PME (50-200),B2C,Facebook Pages,,Actif,2026-06-29T00:14:35.765559,moyenne
BJ-44295ACA,Cabinet Architecte,BTP & Immobilier,Houéyogbé,+229 85 44 13 46,,,Grande (>200),B2C,Facebook Pages,,Actif,2026-06-29T00:14:35.765574,basse
BJ-0B95914F,Construction Services,BTP & Immobilier,Houéyogbé,+229 31 22 66 39,construction.services@construction.services.org,,TPE (<10),B2C,Facebook Pages,,Actif,2026-06-29T00:14:35.765586,moyenne
BJ-6D8F913B,Toiture,BTP & Immobilier,Malanville,+229 21 33 66 13,,,PME (10-50),B2B,Facebook Pages,,Actif,2026-06-29T00:14:35.765603,basse
BJ-E73B43DB,SA Ingénierie Malanville,BTP & Immobilier,Malanville,+229 40 89 29 81,sa.ingénierie.malanville@sa.ingénierie.malanville.com,saingénieriemalanville.bj,TPE (<10),B2C,Facebook Pages,,Actif,2026-06-29T00:14:35.765616,haute
BJ-62E2C0A3,Ingénierie,BTP & Immobilier,Malanville,+229 39 12 45 92,ingénierie@ingénierie.com,ingénierie.bj,TPE (<10),B2B,Facebook Pages,,Actif,2026-06-29T00:14:35.765634,haute
BJ-1326B69D,Toiture Solutions,BTP & Immobilier,Malanville,+229 73 98 25 14,toiture.solutions@toiture.solutions.org,toituresolutions.bj,PME (10-50),B2C,Facebook Pages,,Actif,2026-06-29T00:14:35.765646,haute
BJ-25198226,Béton,BTP & Immobilier,Malanville,+229 84 44 69 90,,béton.bj,PME (50-200),B2C,Facebook Pages,,Actif,2026-06-29T00:14:35.765657,moyenne
BJ-1D9A4AEC,Bâtiment SA Kandi,BTP & Immobilier,Kandi,+229 50 95 41 95,,,Grande (>200),B2C,Facebook Pages,,Actif,2026-06-29T00:14:35.765674,basse
BJ-B94175DC,SA Béton International,BTP & Immobilier,Kandi,+229 37 27 69 86,sa.béton.international@sa.béton.international.benin,sabétoninternational.bj,TPE (<10),B2C,Facebook Pages,,Actif,2026-06-29T00:14:35.765688,haute
BJ-4043EB9A,Bâtiment Kandi,BTP & Immobilier,Kandi,+229 60 95 12 68,bâtiment.kandi@bâtiment.kandi.org,,PME (50-200),B2B,Facebook Pages,,Actif,2026-06-29T00:14:35.765703,moyenne
BJ-D1D63F07,SA Toiture,BTP & Immobilier,Kandi,+229 61 69 76 48,sa.toiture@sa.toiture.net,satoiture.bj,TPE (<10),B2B,Facebook Pages,,Actif,2026-06-29T00:14:35.765720,haute
BJ-799D0F43,Fondation International Kandi,BTP & Immobilier,Kandi,+229 69 58 86 53,fondation.international.kandi@fondation.international.kandi.bj,,TPE (<10),B2C,Facebook Pages,,Actif,2026-06-29T00:14:35.765732,moyenne
BJ-779A6059,SCI Urbanisme,BTP & Immobilier,Banikoara,+229 92 36 58 56,sci.urbanisme@sci.urbanisme.benin,,TPE (<10),B2B,Facebook Pages,,Actif,2026-06-29T00:14:35.765755,moyenne
BJ-25713653,SO Structure,BTP & Immobilier,Banikoara,+229 97 94 43 57,,,PME (10-50),B2B,Facebook Pages,,Actif,2026-06-29T00:14:35.765768,basse
BJ-55326DD6,Travaux SARL,BTP & Immobilier,Banikoara,+229 74 65 98 59,,,PME (10-50),B2B,Facebook Pages,,Actif,2026-06-29T00:14:35.765778,basse
BJ-C9AFEEEA,Toiture Africa,BTP & Immobilier,Banikoara,+229 85 64 76 42,,toitureafrica.bj,PME (10-50),B2B,Facebook Pages,,Actif,2026-06-29T00:14:35.765791,moyenne
BJ-DD9F2B17,SO Fondation Groupe,BTP & Immobilier,Banikoara,+229 83 27 34 11,so.fondation.groupe@so.fondation.groupe.bj,sofondationgroupe.bj,TPE (<10),B2C,Facebook Pages,,Actif,2026-06-29T00:14:35.765804,haute
BJ-563C9C27,SO Habitat,BTP & Immobilier,Ségbana,+229 77 96 38 36,so.habitat@so.habitat.benin,,PME (50-200),B2C,Facebook Pages,,Actif,2026-06-29T00:14:35.765822,moyenne
BJ-40D8B1FB,SCI Toiture Solutions,BTP & Immobilier,Ségbana,+229 28 40 42 71,,scitoituresolutions.bj,PME (10-50),B2B,Facebook Pages,,Actif,2026-06-29T00:14:35.765835,moyenne
BJ-6520F57F,SARL Immobilier Africa Ségbana,BTP & Immobilier,Ségbana,+229 82 33 81 92,sarl.immobilier.africa.ségbana@sarl.immobilier.africa.ségbana.benin,sarlimmobilierafricaségbana.bj,PME (50-200),B2B,Facebook Pages,,Actif,2026-06-29T00:14:35.765849,haute
BJ-FF611BB6,SA Structure,BTP & Immobilier,Ségbana,+229 97 49 12 97,,,PME (10-50),B2C,Facebook Pages,,Actif,2026-06-29T00:14:35.765864,basse
BJ-D0528699,Immobilier,BTP & Immobilier,Ségbana,+229 65 39 95 92,,,TPE (<10),B2C,Facebook Pages,,Actif,2026-06-29T00:14:35.765875,basse
BJ-BBF5A835,Ets Urbanisme Africa,BTP & Immobilier,Karimama,+229 25 13 17 74,ets.urbanisme.africa@ets.urbanisme.africa.org,etsurbanismeafrica.bj,TPE (<10),B2C,Facebook Pages,,Actif,2026-06-29T00:14:35.765911,haute
BJ-09F1646F,Maison Africa,BTP & Immobilier,Karimama,+229 31 65 19 54,,maisonafrica.bj,Grande (>200),B2C,Facebook Pages,,Actif,2026-06-29T00:14:35.765931,moyenne
BJ-C4EEFA14,SO Fondation,BTP & Immobilier,Karimama,+229 91 84 33 58,so.fondation@so.fondation.org,,PME (10-50),B2B,Facebook Pages,,Actif,2026-06-29T00:14:35.765943,moyenne
BJ-6EF40448,Plomberie Cabinet,BTP & Immobilier,Karimama,+229 73 75 30 92,plomberie.cabinet@plomberie.cabinet.com,,PME (10-50),B2B,Facebook Pages,,Actif,2026-06-29T00:14:35.765955,moyenne
BJ-C318C808,Cabinet Architecte Karimama,BTP & Immobilier,Karimama,+229 78 72 90 97,cabinet.architecte.karimama@cabinet.architecte.karimama.org,,PME (50-200),B2C,Facebook Pages,,Actif,2026-06-29T00:14:35.765967,moyenne
BJ-E9CD502E,SARL Fondation Gogounou,BTP & Immobilier,Gogounou,+229 49 93 99 47,,sarlfondationgogounou.bj,PME (10-50),B2B,Facebook Pages,,Actif,2026-06-29T00:14:35.765989,moyenne
BJ-40BBF1EA,Ets Maison SARL,BTP & Immobilier,Gogounou,+229 81 74 81 72,ets.maison.sarl@ets.maison.sarl.com,etsmaisonsarl.bj,PME (10-50),B2B,Facebook Pages,,Actif,2026-06-29T00:14:35.766003,haute
BJ-15625853,Construction,BTP & Immobilier,Gogounou,+229 73 59 95 77,,construction.bj,PME (50-200),B2B,Facebook Pages,,Actif,2026-06-29T00:14:35.766014,moyenne
BJ-A76C7E81,SARL Béton Gogounou,BTP & Immobilier,Gogounou,+229 25 73 80 98,,sarlbétongogounou.bj,TPE (<10),B2B,Facebook Pages,,Actif,2026-06-29T00:14:35.766043,moyenne
BJ-0ACB7267,Électricité,BTP & Immobilier,Cobly,+229 82 95 54 22,électricité@électricité.net,,TPE (<10),B2B,Facebook Pages,,Actif,2026-06-29T00:14:35.766068,moyenne
BJ-52C5B807,SO Fondation,BTP & Immobilier,Cobly,+229 85 54 36 79,so.fondation@so.fondation.org,sofondation.bj,PME (50-200),B2C,Facebook Pages,,Actif,2026-06-29T00:14:35.766081,haute
BJ-3179D945,SO Plomberie Cobly,BTP & Immobilier,Cobly,+229 21 37 64 39,so.plomberie.cobly@so.plomberie.cobly.net,,TPE (<10),B2C,Facebook Pages,,Actif,2026-06-29T00:14:35.766092,moyenne
BJ-6B2E54A7,Ets Construction,BTP & Immobilier,Cobly,+229 63 67 48 84,ets.construction@ets.construction.org,,PME (10-50),B2B,Facebook Pages,,Actif,2026-06-29T00:14:35.766104,moyenne
BJ-EF0D2701,Habitat,BTP & Immobilier,Cobly,+229 96 66 64 84,habitat@habitat.benin,habitat.bj,PME (50-200),B2B,Facebook Pages,,Actif,2026-06-29T00:14:35.766117,haute
BJ-29C370BA,Ingénierie,BTP & Immobilier,Tanguiéta,+229 32 14 47 54,,,TPE (<10),B2B,Facebook Pages,,Actif,2026-06-29T00:14:35.766135,basse
BJ-B39EE097,Cabinet Structure,BTP & Immobilier,Tanguiéta,+229 97 64 86 67,cabinet.structure@cabinet.structure.com,,Grande (>200),B2B,Facebook Pages,,Actif,2026-06-29T00:14:35.766150,moyenne
BJ-8E3B449D,SA Immobilier,BTP & Immobilier,Tanguiéta,+229 46 91 95 31,sa.immobilier@sa.immobilier.org,saimmobilier.bj,PME (10-50),B2B,Facebook Pages,,Actif,2026-06-29T00:14:35.766164,haute
BJ-12C4C27D,SA Travaux Bénin Tanguiéta,BTP & Immobilier,Tanguiéta,+229 89 79 11 16,sa.travaux.bénin.tanguiéta@sa.travaux.bénin.tanguiéta.benin,,PME (50-200),B2B,Facebook Pages,,Actif,2026-06-29T00:14:35.766180,moyenne
BJ-2F91D0AA,SA Béton Tanguiéta,BTP & Immobilier,Tanguiéta,+229 85 17 54 89,sa.béton.tanguiéta@sa.béton.tanguiéta.com,sabétontanguiéta.bj,TPE (<10),B2B,Facebook Pages,,Actif,2026-06-29T00:14:35.766194,haute
BJ-140C7A91,Travaux Ets Matéri,BTP & Immobilier,Matéri,+229 87 64 70 85,travaux.ets.matéri@travaux.ets.matéri.net,travauxetsmatéri.bj,PME (10-50),B2B,Facebook Pages,,Actif,2026-06-29T00:14:35.766213,haute
BJ-1A6B8E20,Construction SARL,BTP & Immobilier,Matéri,+229 20 82 92 77,,,PME (10-50),B2B,Facebook Pages,,Actif,2026-06-29T00:14:35.766224,basse
BJ-8D05FC4D,SARL Ingénierie,BTP & Immobilier,Matéri,+229 67 84 89 14,sarl.ingénierie@sarl.ingénierie.benin,sarlingénierie.bj,PME (10-50),B2C,Facebook Pages,,Actif,2026-06-29T00:14:35.766236,haute
BJ-EE8D3F14,SCI Travaux,BTP & Immobilier,Matéri,+229 21 45 57 11,sci.travaux@sci.travaux.com,scitravaux.bj,PME (50-200),B2B,Facebook Pages,,Actif,2026-06-29T00:14:35.766249,haute
BJ-9B81CEF0,SARL Architecte,BTP & Immobilier,Matéri,+229 52 41 66 55,,sarlarchitecte.bj,TPE (<10),B2C,Facebook Pages,,Actif,2026-06-29T00:14:35.766260,moyenne
BJ-1ACDB78A,SCI Fondation Natitingou,BTP & Immobilier,Natitingou,+229 30 42 48 66,,scifondationnatitingou.bj,PME (10-50),B2C,Facebook Pages,,Actif,2026-06-29T00:14:35.766277,moyenne
BJ-A38CBD98,BTP Béton,BTP & Immobilier,Natitingou,+229 79 42 40 82,,btpbéton.bj,PME (10-50),B2C,Facebook Pages,,Actif,2026-06-29T00:14:35.766289,moyenne
BJ-E24B1B0F,Groupe Plomberie Solutions,BTP & Immobilier,Natitingou,+229 54 32 77 95,groupe.plomberie.solutions@groupe.plomberie.solutions.com,groupeplomberiesolutions.bj,TPE (<10),B2B,Facebook Pages,,Actif,2026-06-29T00:14:35.766301,haute
BJ-57F9A46E,SO Travaux Cabinet Natitingou,BTP & Immobilier,Natitingou,+229 64 98 98 95,so.travaux.cabinet.natitingou@so.travaux.cabinet.natitingou.com,sotravauxcabinetnatitingou.bj,PME (10-50),B2C,Facebook Pages,,Actif,2026-06-29T00:14:35.766316,haute
BJ-A51AF2BE,Fondation Cabinet Natitingou,BTP & Immobilier,Natitingou,+229 89 30 38 10,fondation.cabinet.natitingou@fondation.cabinet.natitingou.net,,PME (10-50),B2C,Facebook Pages,,Actif,2026-06-29T00:14:35.766329,moyenne
BJ-82E472EC,Construction,BTP & Immobilier,Toucountouna,+229 49 93 96 42,construction@construction.org,,PME (50-200),B2B,Facebook Pages,,Actif,2026-06-29T00:14:35.766347,moyenne
BJ-814EF498,SA Fondation,BTP & Immobilier,Toucountouna,+229 30 67 96 98,,,PME (50-200),B2B,Facebook Pages,,Actif,2026-06-29T00:14:35.766357,basse
BJ-7159975C,Bâtiment,BTP & Immobilier,Toucountouna,+229 50 11 25 80,,,PME (10-50),B2B,Facebook Pages,,Actif,2026-06-29T00:14:35.766368,basse
BJ-46D9F3C8,Groupe Béton,BTP & Immobilier,Toucountouna,+229 76 43 44 98,,groupebéton.bj,PME (10-50),B2C,Facebook Pages,,Actif,2026-06-29T00:14:35.766380,moyenne
BJ-EDC977D9,Bâtiment Africa Toucountouna,BTP & Immobilier,Toucountouna,+229 96 82 54 73,,,TPE (<10),B2C,Facebook Pages,,Actif,2026-06-29T00:14:35.766403,basse
BJ-A9A4E68C,Structure SARL,BTP & Immobilier,Boukoumbé,+229 58 64 91 23,structure.sarl@structure.sarl.net,,PME (50-200),B2B,Facebook Pages,,Actif,2026-06-29T00:14:35.766421,moyenne
BJ-211A930A,Toiture,BTP & Immobilier,Boukoumbé,+229 90 90 11 43,toiture@toiture.bj,toiture.bj,TPE (<10),B2C,Facebook Pages,,Actif,2026-06-29T00:14:35.766434,haute
BJ-67171C49,Plomberie,BTP & Immobilier,Boukoumbé,+229 89 16 16 76,,plomberie.bj,PME (10-50),B2C,Facebook Pages,,Actif,2026-06-29T00:14:35.766445,moyenne
BJ-593C72FF,Groupe Structure SA Boukoumbé,BTP & Immobilier,Boukoumbé,+229 47 54 21 37,,,PME (50-200),B2C,Facebook Pages,,Actif,2026-06-29T00:14:35.766459,basse
BJ-CC07AA53,Travaux,BTP & Immobilier,Boukoumbé,+229 59 82 74 63,travaux@travaux.com,travaux.bj,PME (10-50),B2C,Facebook Pages,,Actif,2026-06-29T00:14:35.766471,haute
BJ-CFC64267,Plomberie,BTP & Immobilier,Kouandé,+229 94 74 48 83,,,Grande (>200),B2C,Facebook Pages,,Actif,2026-06-29T00:14:35.766487,basse
BJ-4AC72642,Immobilier Cabinet Kouandé,BTP & Immobilier,Kouandé,+229 54 67 74 37,,,PME (10-50),B2C,Facebook Pages,,Actif,2026-06-29T00:14:35.766499,basse
BJ-333FD3F9,Ets Ingénierie Kouandé,BTP & Immobilier,Kouandé,+229 98 67 25 77,ets.ingénierie.kouandé@ets.ingénierie.kouandé.bj,,PME (10-50),B2C,Facebook Pages,,Actif,2026-06-29T00:14:35.766512,moyenne
BJ-B35F3D93,BTP Architecte SA,BTP & Immobilier,Kouandé,+229 80 45 93 39,,,PME (50-200),B2C,Facebook Pages,,Actif,2026-06-29T00:14:35.766523,basse
BJ-7982185E,SO Immobilier Kouandé,BTP & Immobilier,Kouandé,+229 50 36 63 81,so.immobilier.kouandé@so.immobilier.kouandé.benin,soimmobilierkouandé.bj,PME (10-50),B2B,Facebook Pages,,Actif,2026-06-29T00:14:35.766535,haute
BJ-06AB908F,Toiture Bénin,BTP & Immobilier,Péhunco,+229 48 32 74 25,,,PME (10-50),B2C,Facebook Pages,,Actif,2026-06-29T00:14:35.766552,basse
BJ-57A21550,Ets Construction,BTP & Immobilier,Péhunco,+229 77 28 91 65,,etsconstruction.bj,PME (10-50),B2C,Facebook Pages,,Actif,2026-06-29T00:14:35.766564,moyenne
BJ-C97904A0,Cabinet Travaux International,BTP & Immobilier,Péhunco,+229 80 29 20 54,cabinet.travaux.international@cabinet.travaux.international.org,,PME (10-50),B2C,Facebook Pages,,Actif,2026-06-29T00:14:35.766575,moyenne
BJ-4A8DAE61,SA Béton,BTP & Immobilier,Péhunco,+229 89 39 69 38,sa.béton@sa.béton.benin,,TPE (<10),B2B,Facebook Pages,,Actif,2026-06-29T00:14:35.766590,moyenne
BJ-CD624C43,Habitat Africa,BTP & Immobilier,Péhunco,+229 70 11 94 60,,habitatafrica.bj,TPE (<10),B2C,Facebook Pages,,Actif,2026-06-29T00:14:35.766602,moyenne
BJ-D1843B6C,Travaux Services Tchaourou,BTP & Immobilier,Tchaourou,+229 36 45 75 64,,travauxservicestchaourou.bj,TPE (<10),B2B,Facebook Pages,,Actif,2026-06-29T00:14:35.766623,moyenne
BJ-5FA91004,Bâtiment,BTP & Immobilier,Tchaourou,+229 21 94 66 18,bâtiment@bâtiment.benin,bâtiment.bj,PME (50-200),B2C,Facebook Pages,,Actif,2026-06-29T00:14:35.766637,haute
BJ-898C128D,Bâtiment Tchaourou,BTP & Immobilier,Tchaourou,+229 62 52 85 94,,bâtimenttchaourou.bj,Grande (>200),B2B,Facebook Pages,,Actif,2026-06-29T00:14:35.766650,moyenne
BJ-B5DE9149,Maison Tchaourou,BTP & Immobilier,Tchaourou,+229 25 36 18 84,maison.tchaourou@maison.tchaourou.org,,PME (10-50),B2B,Facebook Pages,,Actif,2026-06-29T00:14:35.766673,moyenne
BJ-EB72A364,Fondation International Nikki,BTP & Immobilier,Nikki,+229 50 28 28 56,fondation.international.nikki@fondation.international.nikki.com,fondationinternationalnikki.bj,PME (50-200),B2B,Facebook Pages,,Actif,2026-06-29T00:14:35.766695,haute
BJ-374C33B2,Ets Électricité Bénin Nikki,BTP & Immobilier,Nikki,+229 54 84 46 24,,etsélectricitébéninnikki.bj,TPE (<10),B2C,Facebook Pages,,Actif,2026-06-29T00:14:35.766709,moyenne
BJ-FE6122CE,SO Bâtiment Cabinet Nikki,BTP & Immobilier,Nikki,+229 41 93 47 77,,,PME (50-200),B2B,Facebook Pages,,Actif,2026-06-29T00:14:35.766720,basse
BJ-E0EDF2F6,Fondation Solutions,BTP & Immobilier,Nikki,+229 61 61 11 66,,fondationsolutions.bj,PME (50-200),B2C,Facebook Pages,,Actif,2026-06-29T00:14:35.766734,moyenne
BJ-4CD57699,SA Immobilier Cabinet,BTP & Immobilier,Nikki,+229 81 33 98 11,,,PME (50-200),B2B,Facebook Pages,,Actif,2026-06-29T00:14:35.766745,basse
BJ-2F8EE72A,Cabinet Maison,BTP & Immobilier,Bembéréké,+229 20 82 24 71,,cabinetmaison.bj,PME (50-200),B2C,Facebook Pages,,Actif,2026-06-29T00:14:35.766762,moyenne
BJ-4AFF3343,SA Immobilier,BTP & Immobilier,Bembéréké,+229 76 90 71 55,sa.immobilier@sa.immobilier.benin,saimmobilier.bj,PME (10-50),B2C,Facebook Pages,,Actif,2026-06-29T00:14:35.766774,haute
BJ-C95A099A,Plomberie Cabinet,BTP & Immobilier,Bembéréké,+229 48 41 89 39,,plomberiecabinet.bj,TPE (<10),B2C,Facebook Pages,,Actif,2026-06-29T00:14:35.766785,moyenne
BJ-19F32A3C,Électricité SARL,BTP & Immobilier,Bembéréké,+229 33 69 38 84,électricité.sarl@électricité.sarl.org,,TPE (<10),B2C,Facebook Pages,,Actif,2026-06-29T00:14:35.766801,moyenne
BJ-132A453C,Cabinet Construction SA,BTP & Immobilier,Kalalé,+229 47 40 78 93,cabinet.construction.sa@cabinet.construction.sa.bj,,TPE (<10),B2B,Facebook Pages,,Actif,2026-06-29T00:14:35.766829,moyenne
BJ-C13598C3,SARL Bâtiment SARL,BTP & Immobilier,Kalalé,+229 69 63 43 39,sarl.bâtiment.sarl@sarl.bâtiment.sarl.benin,sarlbâtimentsarl.bj,TPE (<10),B2C,Facebook Pages,,Actif,2026-06-29T00:14:35.766843,haute
BJ-57F71BE7,Construction,BTP & Immobilier,Kalalé,+229 88 37 79 18,construction@construction.bj,construction.bj,TPE (<10),B2B,Facebook Pages,,Actif,2026-06-29T00:14:35.766859,haute
BJ-16C8D6D0,Immobilier International,BTP & Immobilier,Kalalé,+229 43 65 48 55,immobilier.international@immobilier.international.org,,TPE (<10),B2C,Facebook Pages,,Actif,2026-06-29T00:14:35.766873,moyenne
BJ-D7D1AF6C,Immobilier,BTP & Immobilier,Kalalé,+229 48 78 80 81,immobilier@immobilier.benin,,PME (10-50),B2C,Facebook Pages,,Actif,2026-06-29T00:14:35.766886,moyenne
BJ-1790CD93,Construction SA,BTP & Immobilier,Ndali,+229 87 25 73 89,construction.sa@construction.sa.org,constructionsa.bj,PME (50-200),B2C,Facebook Pages,,Actif,2026-06-29T00:14:35.766918,haute
BJ-A303547F,Ets Maison SA Ndali,BTP & Immobilier,Ndali,+229 50 33 41 91,ets.maison.sa.ndali@ets.maison.sa.ndali.com,etsmaisonsandali.bj,TPE (<10),B2C,Facebook Pages,,Actif,2026-06-29T00:14:35.766931,haute
BJ-876F465F,Groupe Travaux Services,BTP & Immobilier,Ndali,+229 92 75 37 26,,groupetravauxservices.bj,PME (10-50),B2C,Facebook Pages,,Actif,2026-06-29T00:14:35.766943,moyenne
BJ-AB7CEC98,Construction Services,BTP & Immobilier,Ndali,+229 78 72 58 86,,constructionservices.bj,TPE (<10),B2B,Facebook Pages,,Actif,2026-06-29T00:14:35.766953,moyenne
BJ-0DDB0F20,Bâtiment Ndali,BTP & Immobilier,Ndali,+229 46 12 58 38,bâtiment.ndali@bâtiment.ndali.benin,bâtimentndali.bj,PME (50-200),B2C,Facebook Pages,,Actif,2026-06-29T00:14:35.766967,haute
BJ-B041F0E4,Béton Ségbana,BTP & Immobilier,Ségbana,+229 91 56 79 38,béton.ségbana@béton.ségbana.org,,PME (50-200),B2C,Facebook Pages,,Actif,2026-06-29T00:14:35.766985,moyenne
BJ-789D7C30,Ets Bâtiment Ségbana,BTP & Immobilier,Ségbana,+229 41 36 20 52,,,PME (10-50),B2B,Facebook Pages,,Actif,2026-06-29T00:14:35.766997,basse
BJ-12E819A6,Habitat Ségbana,BTP & Immobilier,Ségbana,+229 50 94 65 68,habitat.ségbana@habitat.ségbana.bj,habitatségbana.bj,TPE (<10),B2C,Facebook Pages,,Actif,2026-06-29T00:14:35.767010,haute
BJ-3CBCC96A,Cabinet Électricité,BTP & Immobilier,Ségbana,+229 72 52 55 48,cabinet.électricité@cabinet.électricité.net,cabinetélectricité.bj,PME (50-200),B2C,Facebook Pages,,Actif,2026-06-29T00:14:35.767027,haute
BJ-32A212E9,SARL Fondation Solutions,BTP & Immobilier,Ségbana,+229 68 14 16 16,,,PME (10-50),B2B,Facebook Pages,,Actif,2026-06-29T00:14:35.767038,basse
BJ-20AA7B8E,Ets Toiture,BTP & Immobilier,Tchaourou,+229 27 41 57 47,ets.toiture@ets.toiture.org,etstoiture.bj,TPE (<10),B2C,Facebook Pages,,Actif,2026-06-29T00:14:35.767057,haute
BJ-EFCE9B61,Groupe Construction,BTP & Immobilier,Tchaourou,+229 51 89 76 86,groupe.construction@groupe.construction.benin,groupeconstruction.bj,TPE (<10),B2B,Facebook Pages,,Actif,2026-06-29T00:14:35.767070,haute
BJ-FD9D875A,Toiture Africa Tchaourou,BTP & Immobilier,Tchaourou,+229 51 83 12 89,,,TPE (<10),B2B,Facebook Pages,,Actif,2026-06-29T00:14:35.767084,basse
BJ-7E4328B9,BTP Ingénierie Tchaourou,BTP & Immobilier,Tchaourou,+229 62 26 47 76,,,TPE (<10),B2B,Facebook Pages,,Actif,2026-06-29T00:14:35.767095,basse
BJ-35C6308F,Électricité SARL,BTP & Immobilier,Tchaourou,+229 87 16 13 83,électricité.sarl@électricité.sarl.org,,PME (50-200),B2C,Facebook Pages,,Actif,2026-06-29T00:14:35.767108,moyenne
BJ-F99F69E4,SA Urbanisme,BTP & Immobilier,Bétérou,+229 68 73 67 76,sa.urbanisme@sa.urbanisme.bj,saurbanisme.bj,PME (50-200),B2C,Facebook Pages,,Actif,2026-06-29T00:14:35.767127,haute
BJ-09612783,Ets Urbanisme,BTP & Immobilier,Bétérou,+229 87 28 41 72,ets.urbanisme@ets.urbanisme.benin,,TPE (<10),B2B,Facebook Pages,,Actif,2026-06-29T00:14:35.767143,moyenne
BJ-6A29BAE1,Urbanisme Solutions,BTP & Immobilier,Bétérou,+229 44 62 90 95,,,PME (50-200),B2C,Facebook Pages,,Actif,2026-06-29T00:14:35.767158,basse
BJ-AD4C660B,Construction Cabinet,BTP & Immobilier,Bétérou,+229 99 84 62 72,construction.cabinet@construction.cabinet.org,constructioncabinet.bj,PME (10-50),B2B,Facebook Pages,,Actif,2026-06-29T00:14:35.767174,haute
BJ-1F566FEF,Cabinet Travaux,BTP & Immobilier,Bétérou,+229 22 95 69 77,cabinet.travaux@cabinet.travaux.benin,,TPE (<10),B2B,Facebook Pages,,Actif,2026-06-29T00:14:35.767186,moyenne
BJ-161A03BB,Groupe Ingénierie Services,BTP & Immobilier,Ouessè,+229 20 20 87 77,,groupeingénierieservices.bj,TPE (<10),B2B,Facebook Pages,,Actif,2026-06-29T00:14:35.767205,moyenne
BJ-3A47EC28,Immobilier Bénin,BTP & Immobilier,Ouessè,+229 87 77 91 12,immobilier.bénin@immobilier.bénin.com,immobilierbénin.bj,PME (50-200),B2B,Facebook Pages,,Actif,2026-06-29T00:14:35.767218,haute
BJ-EBD37FE3,Groupe Toiture,BTP & Immobilier,Ouessè,+229 61 87 39 30,groupe.toiture@groupe.toiture.com,groupetoiture.bj,PME (10-50),B2C,Facebook Pages,,Actif,2026-06-29T00:14:35.767230,haute
BJ-69CA4C3C,SCI Architecte SARL,BTP & Immobilier,Ouessè,+229 82 59 72 39,,sciarchitectesarl.bj,PME (10-50),B2B,Facebook Pages,,Actif,2026-06-29T00:14:35.767242,moyenne
BJ-E15494FA,SA Habitat SARL,BTP & Immobilier,Ouessè,+229 87 21 37 45,sa.habitat.sarl@sa.habitat.sarl.benin,,TPE (<10),B2B,Facebook Pages,,Actif,2026-06-29T00:14:35.767254,moyenne
BJ-AEE2745C,Maison,BTP & Immobilier,Glazoué,+229 55 37 97 39,maison@maison.benin,,TPE (<10),B2C,Facebook Pages,,Actif,2026-06-29T00:14:35.767272,moyenne
BJ-DABB87F9,SO Toiture,BTP & Immobilier,Glazoué,+229 68 73 22 56,so.toiture@so.toiture.org,sotoiture.bj,PME (50-200),B2B,Facebook Pages,,Actif,2026-06-29T00:14:35.767285,haute
BJ-0B039466,SO Construction,BTP & Immobilier,Glazoué,+229 45 19 69 17,,soconstruction.bj,PME (50-200),B2B,Facebook Pages,,Actif,2026-06-29T00:14:35.767300,moyenne
BJ-3F488D93,Structure SA,BTP & Immobilier,Glazoué,+229 81 77 19 70,,structuresa.bj,TPE (<10),B2C,Facebook Pages,,Actif,2026-06-29T00:14:35.767315,moyenne
BJ-08D5A1E7,SCI Travaux Groupe Glazoué,BTP & Immobilier,Glazoué,+229 80 97 41 81,sci.travaux.groupe.glazoué@sci.travaux.groupe.glazoué.net,scitravauxgroupeglazoué.bj,PME (10-50),B2C,Facebook Pages,,Actif,2026-06-29T00:14:35.767329,haute
BJ-93481CEC,Immobilier,BTP & Immobilier,Dassa-Zoumè,+229 88 66 42 58,immobilier@immobilier.benin,immobilier.bj,PME (10-50),B2B,Facebook Pages,,Actif,2026-06-29T00:14:35.767347,haute
BJ-395C6619,SCI Béton,BTP & Immobilier,Dassa-Zoumè,+229 38 50 61 64,,scibéton.bj,TPE (<10),B2B,Facebook Pages,,Actif,2026-06-29T00:14:35.767360,moyenne
BJ-414807BB,SA Béton,BTP & Immobilier,Dassa-Zoumè,+229 77 92 51 56,,,PME (10-50),B2B,Facebook Pages,,Actif,2026-06-29T00:14:35.767371,basse
BJ-1E8EEC51,SO Fondation Ets Dassa-Zoumè,BTP & Immobilier,Dassa-Zoumè,+229 61 68 17 93,so.fondation.ets.dassazoumè@so.fondation.ets.dassazoumè.bj,sofondationetsdassazoumè.bj,TPE (<10),B2C,Facebook Pages,,Actif,2026-06-29T00:14:35.767389,haute
BJ-D2A9F3F0,Ets Bâtiment Services,BTP & Immobilier,Dassa-Zoumè,+229 50 34 23 33,,,PME (10-50),B2C,Facebook Pages,,Actif,2026-06-29T00:14:35.767400,basse
BJ-EA57A848,SARL Béton,BTP & Immobilier,Savalou,+229 94 35 37 51,,,PME (10-50),B2B,Facebook Pages,,Actif,2026-06-29T00:14:35.767417,basse
BJ-DBEFBACD,Fondation Solutions,BTP & Immobilier,Savalou,+229 94 29 51 99,fondation.solutions@fondation.solutions.net,fondationsolutions.bj,PME (10-50),B2C,Facebook Pages,,Actif,2026-06-29T00:14:35.767429,haute
BJ-DF0FD993,SO Immobilier,BTP & Immobilier,Savalou,+229 51 93 48 65,,,PME (50-200),B2C,Facebook Pages,,Actif,2026-06-29T00:14:35.767440,basse
BJ-76FF3E99,Ingénierie,BTP & Immobilier,Savalou,+229 32 31 74 40,ingénierie@ingénierie.com,ingénierie.bj,TPE (<10),B2C,Facebook Pages,,Actif,2026-06-29T00:14:35.767455,haute
BJ-7263D96F,SA Habitat,BTP & Immobilier,Savalou,+229 49 71 75 11,,sahabitat.bj,PME (10-50),B2B,Facebook Pages,,Actif,2026-06-29T00:14:35.767467,moyenne
BJ-66AE88FE,Plomberie Services,BTP & Immobilier,Bantè,+229 82 71 30 20,plomberie.services@plomberie.services.com,plomberieservices.bj,PME (10-50),B2B,Facebook Pages,,Actif,2026-06-29T00:14:35.767485,haute
BJ-1C950051,BTP Habitat Bantè,BTP & Immobilier,Bantè,+229 29 41 59 86,btp.habitat.bantè@btp.habitat.bantè.org,,TPE (<10),B2B,Facebook Pages,,Actif,2026-06-29T00:14:35.767498,moyenne
BJ-91C6C3AC,Bâtiment,BTP & Immobilier,Bantè,+229 25 80 46 69,bâtiment@bâtiment.net,bâtiment.bj,TPE (<10),B2B,Facebook Pages,,Actif,2026-06-29T00:14:35.767511,haute
BJ-D26DE471,Ets Électricité,BTP & Immobilier,Bantè,+229 93 95 66 53,,,PME (10-50),B2B,Facebook Pages,,Actif,2026-06-29T00:14:35.767525,basse
BJ-3D6D0AD4,BTP Ingénierie Ets,BTP & Immobilier,Bantè,+229 46 27 84 56,,,TPE (<10),B2C,Facebook Pages,,Actif,2026-06-29T00:14:35.767538,basse
BJ-D37965E7,SARL Travaux,BTP & Immobilier,Djougou,+229 22 97 41 27,sarl.travaux@sarl.travaux.com,sarltravaux.bj,PME (50-200),B2C,Facebook Pages,,Actif,2026-06-29T00:14:35.767557,haute
BJ-77B5AA4D,Construction SA,BTP & Immobilier,Djougou,+229 79 61 40 87,,,PME (50-200),B2C,Facebook Pages,,Actif,2026-06-29T00:14:35.767567,basse
BJ-9FBC7CD3,Toiture,BTP & Immobilier,Djougou,+229 67 86 24 81,toiture@toiture.org,,PME (50-200),B2B,Facebook Pages,,Actif,2026-06-29T00:14:35.767579,moyenne
BJ-105981C4,Groupe Urbanisme,BTP & Immobilier,Djougou,+229 89 33 71 25,groupe.urbanisme@groupe.urbanisme.com,groupeurbanisme.bj,Grande (>200),B2C,Facebook Pages,,Actif,2026-06-29T00:14:35.767594,haute
BJ-B2717061,BTP Maison SARL,BTP & Immobilier,Djougou,+229 77 20 37 66,btp.maison.sarl@btp.maison.sarl.org,btpmaisonsarl.bj,TPE (<10),B2B,Facebook Pages,,Actif,2026-06-29T00:14:35.767607,haute
BJ-6D60F28D,Structure,BTP & Immobilier,Ouèssè,+229 35 87 87 94,structure@structure.com,,PME (50-200),B2C,Facebook Pages,,Actif,2026-06-29T00:14:35.767626,moyenne
BJ-7970E983,BTP Travaux,BTP & Immobilier,Ouèssè,+229 63 73 26 71,,,TPE (<10),B2C,Facebook Pages,,Actif,2026-06-29T00:14:35.767637,basse
BJ-07483B6B,SA Structure,BTP & Immobilier,Ouèssè,+229 44 91 13 29,,sastructure.bj,TPE (<10),B2B,Facebook Pages,,Actif,2026-06-29T00:14:35.767648,moyenne
BJ-A459B343,Immobilier Solutions,BTP & Immobilier,Ouèssè,+229 42 14 76 79,immobilier.solutions@immobilier.solutions.com,,PME (10-50),B2C,Facebook Pages,,Actif,2026-06-29T00:14:35.767659,moyenne
BJ-2A643254,Béton,BTP & Immobilier,Ouèssè,+229 63 38 98 39,béton@béton.bj,,PME (10-50),B2B,Facebook Pages,,Actif,2026-06-29T00:14:35.767671,moyenne
BJ-30653951,Groupe Habitat Groupe,BTP & Immobilier,Bassila,+229 49 23 40 82,,groupehabitatgroupe.bj,Grande (>200),B2C,Facebook Pages,,Actif,2026-06-29T00:14:35.767688,moyenne
BJ-6E710BEB,SA Immobilier,BTP & Immobilier,Bassila,+229 69 51 43 77,sa.immobilier@sa.immobilier.benin,,PME (50-200),B2C,Facebook Pages,,Actif,2026-06-29T00:14:35.767701,moyenne
BJ-3B35542B,Bâtiment SARL,BTP & Immobilier,Bassila,+229 37 33 20 59,bâtiment.sarl@bâtiment.sarl.com,bâtimentsarl.bj,PME (10-50),B2C,Facebook Pages,,Actif,2026-06-29T00:14:35.767713,haute
BJ-7F2B6074,Cabinet Construction Africa,BTP & Immobilier,Bassila,+229 34 41 46 12,cabinet.construction.africa@cabinet.construction.africa.org,cabinetconstructionafrica.bj,TPE (<10),B2B,Facebook Pages,,Actif,2026-06-29T00:14:35.767731,haute
BJ-AA53DE58,BTP Électricité SA Bassila,BTP & Immobilier,Bassila,+229 29 53 13 31,btp.électricité.sa.bassila@btp.électricité.sa.bassila.bj,btpélectricitésabassila.bj,TPE (<10),B2C,Facebook Pages,,Actif,2026-06-29T00:14:35.767750,haute
BJ-8FD8F7F1,SA Bâtiment,BTP & Immobilier,Pehunco,+229 64 34 93 76,,,TPE (<10),B2B,Facebook Pages,,Actif,2026-06-29T00:14:35.767767,basse
BJ-98F0887A,SO Architecte Ets,BTP & Immobilier,Pehunco,+229 78 73 44 20,so.architecte.ets@so.architecte.ets.net,,TPE (<10),B2B,Facebook Pages,,Actif,2026-06-29T00:14:35.767779,moyenne
BJ-9EF0383E,Électricité,BTP & Immobilier,Pehunco,+229 65 58 69 15,,électricité.bj,PME (10-50),B2C,Facebook Pages,,Actif,2026-06-29T00:14:35.767791,moyenne
BJ-78F739C7,Habitat Pehunco,BTP & Immobilier,Pehunco,+229 49 90 63 82,habitat.pehunco@habitat.pehunco.org,habitatpehunco.bj,PME (10-50),B2C,Facebook Pages,,Actif,2026-06-29T00:14:35.767804,haute
BJ-C6E16F00,Urbanisme International Pehunco,BTP & Immobilier,Pehunco,+229 71 80 65 52,,,TPE (<10),B2B,Facebook Pages,,Actif,2026-06-29T00:14:35.767814,basse
BJ-5E796374,Ets Plomberie,BTP & Immobilier,Copargo,+229 95 26 85 51,ets.plomberie@ets.plomberie.bj,etsplomberie.bj,PME (10-50),B2C,Facebook Pages,,Actif,2026-06-29T00:14:35.767832,haute
BJ-CD473B27,Cabinet Électricité SARL,BTP & Immobilier,Copargo,+229 32 24 69 47,,,TPE (<10),B2B,Facebook Pages,,Actif,2026-06-29T00:14:35.767843,basse
BJ-84175839,SARL Architecte,BTP & Immobilier,Copargo,+229 21 77 78 90,sarl.architecte@sarl.architecte.com,,Grande (>200),B2B,Facebook Pages,,Actif,2026-06-29T00:14:35.767855,moyenne
BJ-03741E1E,SARL Urbanisme SA,BTP & Immobilier,Copargo,+229 20 40 74 97,,,PME (10-50),B2B,Facebook Pages,,Actif,2026-06-29T00:14:35.767869,basse
BJ-47EBED52,SCI Fondation,BTP & Immobilier,Copargo,+229 74 37 45 11,,,PME (50-200),B2C,Facebook Pages,,Actif,2026-06-29T00:14:35.767880,basse
BJ-A03E409C,Centre Boutique,Commerce & Distribution,Cotonou,+229 95 61 64 43,,,PME (50-200),B2B/B2C,Facebook Pages,,Actif,2026-06-29T00:14:35.767907,basse
BJ-FA04327A,Ets Boutique International,Commerce & Distribution,Cotonou,+229 75 49 72 47,,etsboutiqueinternational.bj,Grande (>200),B2B/B2C,Facebook Pages,,Actif,2026-06-29T00:14:35.767920,moyenne
BJ-3CC5CD09,Grossiste,Commerce & Distribution,Cotonou,+229 71 17 90 71,,,PME (50-200),B2C,Facebook Pages,,Actif,2026-06-29T00:14:35.767931,basse
BJ-FE558CB2,Distribution Cotonou,Commerce & Distribution,Cotonou,+229 55 65 34 68,distribution.cotonou@distribution.cotonou.org,,TPE (<10),B2C,Facebook Pages,,Actif,2026-06-29T00:14:35.767947,moyenne
BJ-5375A0C8,Alimentaire Cotonou,Commerce & Distribution,Cotonou,+229 95 75 37 96,,,TPE (<10),B2B/B2C,Facebook Pages,,Actif,2026-06-29T00:14:35.767961,basse
BJ-5D531681,Groupe Provision,Commerce & Distribution,Abomey-Calavi,+229 69 76 74 84,,,TPE (<10),B2B/B2C,Facebook Pages,,Actif,2026-06-29T00:14:35.767978,basse
BJ-69D1E19D,Marché Provision Shop,Commerce & Distribution,Abomey-Calavi,+229 31 76 82 89,,marchéprovisionshop.bj,TPE (<10),B2C,Facebook Pages,,Actif,2026-06-29T00:14:35.767991,moyenne
BJ-31002283,Épicerie Shop,Commerce & Distribution,Abomey-Calavi,+229 99 54 94 72,,,TPE (<10),B2C,Facebook Pages,,Actif,2026-06-29T00:14:35.768002,basse
BJ-07F8CE66,Ets Grossiste,Commerce & Distribution,Abomey-Calavi,+229 37 27 49 65,,,TPE (<10),B2C,Facebook Pages,,Actif,2026-06-29T00:14:35.768016,basse
BJ-86A24200,Centre Provision Market,Commerce & Distribution,Abomey-Calavi,+229 52 37 47 73,centre.provision.market@centre.provision.market.bj,,TPE (<10),B2B/B2C,Facebook Pages,,Actif,2026-06-29T00:14:35.768028,moyenne
BJ-C9D8C04A,Centre Stock Ets,Commerce & Distribution,Porto-Novo,+229 21 28 45 94,,,TPE (<10),B2B/B2C,Facebook Pages,,Actif,2026-06-29T00:14:35.768048,basse
BJ-C586799C,Commerce,Commerce & Distribution,Porto-Novo,+229 25 21 47 79,commerce@commerce.org,commerce.bj,TPE (<10),B2B/B2C,Facebook Pages,,Actif,2026-06-29T00:14:35.768061,haute
BJ-FB719AD3,Marché,Commerce & Distribution,Porto-Novo,+229 40 33 44 57,,,PME (50-200),B2C,Facebook Pages,,Actif,2026-06-29T00:14:35.768072,basse
BJ-935D75A1,Boutique,Commerce & Distribution,Porto-Novo,+229 33 11 34 43,,,PME (10-50),B2C,Facebook Pages,,Actif,2026-06-29T00:14:35.768083,basse
BJ-D9BBE0CC,Distribution Provision,Commerce & Distribution,Porto-Novo,+229 69 69 36 47,,,Grande (>200),B2B/B2C,Facebook Pages,,Actif,2026-06-29T00:14:35.768093,basse
BJ-D4C070DD,Super Alimentaire Groupe Parakou,Commerce & Distribution,Parakou,+229 74 37 50 40,super.alimentaire.groupe.parakou@super.alimentaire.groupe.parakou.benin,superalimentairegroupeparakou.bj,TPE (<10),B2C,Facebook Pages,,Actif,2026-06-29T00:14:35.768111,haute
BJ-788293EA,Ets Supermarché,Commerce & Distribution,Parakou,+229 30 11 27 38,,etssupermarché.bj,PME (50-200),B2B/B2C,Facebook Pages,,Actif,2026-06-29T00:14:35.768123,moyenne
BJ-96B9B384,Stock Shop,Commerce & Distribution,Parakou,+229 59 17 10 11,stock.shop@stock.shop.bj,,PME (50-200),B2B/B2C,Facebook Pages,,Actif,2026-06-29T00:14:35.768135,moyenne
BJ-6354632D,Boutique International,Commerce & Distribution,Parakou,+229 23 54 56 38,,,PME (50-200),B2C,Facebook Pages,,Actif,2026-06-29T00:14:35.768149,basse
BJ-CF09E480,Supply Bénin,Commerce & Distribution,Parakou,+229 50 92 89 21,supply.bénin@supply.bénin.bj,,Grande (>200),B2C,Facebook Pages,,Actif,2026-06-29T00:14:35.768161,moyenne
BJ-1B607634,Groupe Distribution Ets,Commerce & Distribution,Bohicon,+229 52 55 76 42,groupe.distribution.ets@groupe.distribution.ets.bj,groupedistributionets.bj,PME (10-50),B2B/B2C,Facebook Pages,,Actif,2026-06-29T00:14:35.768179,haute
BJ-59C98693,Épicerie,Commerce & Distribution,Bohicon,+229 47 39 13 70,épicerie@épicerie.com,,PME (50-200),B2C,Facebook Pages,,Actif,2026-06-29T00:14:35.768192,moyenne
BJ-C4314B6A,Super Commerce,Commerce & Distribution,Bohicon,+229 70 13 39 10,,,TPE (<10),B2B/B2C,Facebook Pages,,Actif,2026-06-29T00:14:35.768209,basse
BJ-85D99420,Boutique,Commerce & Distribution,Bohicon,+229 51 60 92 89,,,Grande (>200),B2B/B2C,Facebook Pages,,Actif,2026-06-29T00:14:35.768220,basse
BJ-ABB1993F,Épicerie Bénin Bohicon,Commerce & Distribution,Bohicon,+229 20 50 93 85,,,PME (50-200),B2B/B2C,Facebook Pages,,Actif,2026-06-29T00:14:35.768231,basse
BJ-BFDEC760,Distribution Shop,Commerce & Distribution,Natitingou,+229 98 21 95 31,distribution.shop@distribution.shop.net,,TPE (<10),B2B/B2C,Facebook Pages,,Actif,2026-06-29T00:14:35.768248,moyenne
BJ-0ECE4058,Distribution Supply Ets,Commerce & Distribution,Natitingou,+229 93 59 32 29,,,PME (10-50),B2B/B2C,Facebook Pages,,Actif,2026-06-29T00:14:35.768259,basse
BJ-867F6EDB,Alimentaire International,Commerce & Distribution,Natitingou,+229 81 90 61 31,,alimentaireinternational.bj,TPE (<10),B2C,Facebook Pages,,Actif,2026-06-29T00:14:35.768271,moyenne
BJ-B7AD541D,Magasin Store,Commerce & Distribution,Natitingou,+229 70 45 34 37,magasin.store@magasin.store.com,magasinstore.bj,TPE (<10),B2B/B2C,Facebook Pages,,Actif,2026-06-29T00:14:35.768287,haute
BJ-EC3B6AB0,Distribution Provision Bénin,Commerce & Distribution,Natitingou,+229 31 79 61 92,distribution.provision.bénin@distribution.provision.bénin.net,,TPE (<10),B2C,Facebook Pages,,Actif,2026-06-29T00:14:35.768300,moyenne
BJ-DD87D355,Groupe Épicerie Shop,Commerce & Distribution,Lokossa,+229 57 93 30 58,,,TPE (<10),B2B/B2C,Facebook Pages,,Actif,2026-06-29T00:14:35.768317,basse
BJ-20BACA92,Groupe Stock,Commerce & Distribution,Lokossa,+229 25 94 97 84,,,PME (10-50),B2C,Facebook Pages,,Actif,2026-06-29T00:14:35.768328,basse
BJ-83C8833F,Boutique,Commerce & Distribution,Lokossa,+229 69 99 61 94,boutique@boutique.org,,PME (50-200),B2C,Facebook Pages,,Actif,2026-06-29T00:14:35.768344,moyenne
BJ-34C125CE,Détaillant Store,Commerce & Distribution,Lokossa,+229 83 89 67 43,,détaillantstore.bj,PME (50-200),B2C,Facebook Pages,,Actif,2026-06-29T00:14:35.768358,moyenne
BJ-70EBD66A,Distribution Magasin Bénin,Commerce & Distribution,Lokossa,+229 24 14 80 54,distribution.magasin.bénin@distribution.magasin.bénin.org,distributionmagasinbénin.bj,TPE (<10),B2C,Facebook Pages,,Actif,2026-06-29T00:14:35.768371,haute
BJ-77857B6A,Super Alimentaire Market,Commerce & Distribution,Ouidah,+229 51 13 60 52,super.alimentaire.market@super.alimentaire.market.bj,,PME (10-50),B2C,Facebook Pages,,Actif,2026-06-29T00:14:35.768389,moyenne
BJ-75069710,SARL Alimentaire,Commerce & Distribution,Ouidah,+229 36 87 93 28,sarl.alimentaire@sarl.alimentaire.com,,PME (10-50),B2B/B2C,Facebook Pages,,Actif,2026-06-29T00:14:35.768401,moyenne
BJ-0843C041,Distribution Magasin International,Commerce & Distribution,Ouidah,+229 58 49 21 12,,,PME (50-200),B2B/B2C,Facebook Pages,,Actif,2026-06-29T00:14:35.768412,basse
BJ-425B8B5B,Distribution Market,Commerce & Distribution,Ouidah,+229 34 84 80 35,,,PME (10-50),B2C,Facebook Pages,,Actif,2026-06-29T00:14:35.768428,basse
BJ-15C5653B,Épicerie SARL,Commerce & Distribution,Ouidah,+229 53 79 68 45,,,PME (50-200),B2B/B2C,Facebook Pages,,Actif,2026-06-29T00:14:35.768439,basse
BJ-BE89EFFF,Centre Boutique SARL,Commerce & Distribution,Savalou,+229 48 25 26 97,,centreboutiquesarl.bj,PME (10-50),B2C,Facebook Pages,,Actif,2026-06-29T00:14:35.768456,moyenne
BJ-28F56AF9,Stock,Commerce & Distribution,Savalou,+229 56 74 29 83,,,Grande (>200),B2C,Facebook Pages,,Actif,2026-06-29T00:14:35.768468,basse
BJ-15B717DD,Super Grossiste Store,Commerce & Distribution,Savalou,+229 47 99 82 12,super.grossiste.store@super.grossiste.store.bj,,PME (50-200),B2C,Facebook Pages,,Actif,2026-06-29T00:14:35.768479,moyenne
BJ-6E1600F5,Ets Supply Savalou,Commerce & Distribution,Savalou,+229 66 81 37 86,,,PME (10-50),B2C,Facebook Pages,,Actif,2026-06-29T00:14:35.768490,basse
BJ-746B3676,Supply Bénin,Commerce & Distribution,Savalou,+229 29 24 81 86,,supplybénin.bj,PME (10-50),B2C,Facebook Pages,,Actif,2026-06-29T00:14:35.768503,moyenne
BJ-DA31F98E,Commerce Stock Dassa-Zoumè,Commerce & Distribution,Dassa-Zoumè,+229 56 30 72 70,commerce.stock.dassazoumè@commerce.stock.dassazoumè.org,,TPE (<10),B2B/B2C,Facebook Pages,,Actif,2026-06-29T00:14:35.768522,moyenne
BJ-C342B387,Super Stock Dassa-Zoumè,Commerce & Distribution,Dassa-Zoumè,+229 20 28 74 68,super.stock.dassazoumè@super.stock.dassazoumè.org,superstockdassazoumè.bj,PME (50-200),B2C,Facebook Pages,,Actif,2026-06-29T00:14:35.768536,haute
BJ-F5C3B291,SARL Supply Shop,Commerce & Distribution,Dassa-Zoumè,+229 56 94 26 78,,,TPE (<10),B2B/B2C,Facebook Pages,,Actif,2026-06-29T00:14:35.768547,basse
BJ-CA63F60C,Supply,Commerce & Distribution,Dassa-Zoumè,+229 58 20 47 27,supply@supply.benin,,PME (10-50),B2B/B2C,Facebook Pages,,Actif,2026-06-29T00:14:35.768563,moyenne
BJ-F98D26EF,Alimentaire Ets,Commerce & Distribution,Kétou,+229 48 50 46 60,alimentaire.ets@alimentaire.ets.bj,alimentaireets.bj,PME (50-200),B2C,Facebook Pages,,Actif,2026-06-29T00:14:35.768593,haute
BJ-2F73C487,Distribution Magasin SARL,Commerce & Distribution,Kétou,+229 47 73 68 11,distribution.magasin.sarl@distribution.magasin.sarl.bj,,PME (10-50),B2C,Facebook Pages,,Actif,2026-06-29T00:14:35.768605,moyenne
BJ-76F6C677,Distribution Supply International,Commerce & Distribution,Kétou,+229 88 18 38 38,,,PME (10-50),B2C,Facebook Pages,,Actif,2026-06-29T00:14:35.768616,basse
BJ-2B7E4CD1,Stock Store,Commerce & Distribution,Kétou,+229 50 67 60 56,stock.store@stock.store.com,,PME (10-50),B2B/B2C,Facebook Pages,,Actif,2026-06-29T00:14:35.768629,moyenne
BJ-53D685BA,Commerce Alimentaire,Commerce & Distribution,Kétou,+229 60 33 70 42,,,PME (10-50),B2B/B2C,Facebook Pages,,Actif,2026-06-29T00:14:35.768639,basse
BJ-55A7EB32,Commerce Supply,Commerce & Distribution,Covè,+229 58 29 33 38,commerce.supply@commerce.supply.benin,commercesupply.bj,PME (50-200),B2B/B2C,Facebook Pages,,Actif,2026-06-29T00:14:35.768661,haute
BJ-CF6741CE,Centre Stock Groupe Covè,Commerce & Distribution,Covè,+229 88 34 39 52,,centrestockgroupecovè.bj,TPE (<10),B2B/B2C,Facebook Pages,,Actif,2026-06-29T00:14:35.768675,moyenne
BJ-F698E318,Provision Covè,Commerce & Distribution,Covè,+229 86 71 78 48,provision.covè@provision.covè.net,provisioncovè.bj,PME (10-50),B2B/B2C,Facebook Pages,,Actif,2026-06-29T00:14:35.768688,haute
BJ-987C2A3C,Groupe Distribution Store,Commerce & Distribution,Covè,+229 32 85 13 22,,groupedistributionstore.bj,PME (10-50),B2C,Facebook Pages,,Actif,2026-06-29T00:14:35.768708,moyenne
BJ-553CCFA7,Centre Commerce,Commerce & Distribution,Covè,+229 74 50 85 69,,,PME (50-200),B2B/B2C,Facebook Pages,,Actif,2026-06-29T00:14:35.768719,basse
BJ-CE5BA384,Groupe Stock International Pobè,Commerce & Distribution,Pobè,+229 32 23 53 46,,,TPE (<10),B2B/B2C,Facebook Pages,,Actif,2026-06-29T00:14:35.768736,basse
BJ-A2AD841B,Épicerie,Commerce & Distribution,Pobè,+229 24 19 42 43,,,TPE (<10),B2C,Facebook Pages,,Actif,2026-06-29T00:14:35.768748,basse
BJ-41A66163,Ets Stock Bénin Pobè,Commerce & Distribution,Pobè,+229 38 23 69 65,,,PME (10-50),B2C,Facebook Pages,,Actif,2026-06-29T00:14:35.768759,basse
BJ-6CF26C03,Commerce,Commerce & Distribution,Pobè,+229 50 77 53 83,,commerce.bj,PME (50-200),B2C,Facebook Pages,,Actif,2026-06-29T00:14:35.768771,moyenne
BJ-B50B7D22,Marché Bénin Pobè,Commerce & Distribution,Pobè,+229 80 72 72 73,,,PME (10-50),B2C,Facebook Pages,,Actif,2026-06-29T00:14:35.768781,basse
BJ-CD5E75D3,Commerce Supply Market,Commerce & Distribution,Sakété,+229 83 66 70 86,commerce.supply.market@commerce.supply.market.net,commercesupplymarket.bj,PME (10-50),B2C,Facebook Pages,,Actif,2026-06-29T00:14:35.768800,haute
BJ-5AED56CA,Supply Groupe,Commerce & Distribution,Sakété,+229 33 47 82 10,,supplygroupe.bj,PME (50-200),B2B/B2C,Facebook Pages,,Actif,2026-06-29T00:14:35.768812,moyenne
BJ-969615FB,Stock Shop,Commerce & Distribution,Sakété,+229 92 55 90 24,,,PME (10-50),B2B/B2C,Facebook Pages,,Actif,2026-06-29T00:14:35.768823,basse
BJ-DA179823,Super Commerce,Commerce & Distribution,Sakété,+229 67 56 63 83,,supercommerce.bj,PME (10-50),B2B/B2C,Facebook Pages,,Actif,2026-06-29T00:14:35.768836,moyenne
BJ-9E29392F,Grossiste Bénin,Commerce & Distribution,Sakété,+229 36 30 52 58,,,PME (50-200),B2B/B2C,Facebook Pages,,Actif,2026-06-29T00:14:35.768848,basse
BJ-97BDFB77,Provision Store,Commerce & Distribution,Adjara,+229 75 19 97 65,provision.store@provision.store.bj,provisionstore.bj,Grande (>200),B2C,Facebook Pages,,Actif,2026-06-29T00:14:35.768867,haute
BJ-9F8A5930,Supermarché Market Adjara,Commerce & Distribution,Adjara,+229 43 36 23 79,,,PME (10-50),B2B/B2C,Facebook Pages,,Actif,2026-06-29T00:14:35.768879,basse
BJ-3C3D232A,Commerce Bénin,Commerce & Distribution,Adjara,+229 33 67 24 89,commerce.bénin@commerce.bénin.net,,PME (10-50),B2B/B2C,Facebook Pages,,Actif,2026-06-29T00:14:35.768909,moyenne
BJ-F05C7EE1,Marché Store,Commerce & Distribution,Adjara,+229 80 47 66 89,marché.store@marché.store.benin,,Grande (>200),B2B/B2C,Facebook Pages,,Actif,2026-06-29T00:14:35.768925,moyenne
BJ-DA614DEF,Détaillant Ets,Commerce & Distribution,Adjara,+229 68 99 43 68,,,TPE (<10),B2C,Facebook Pages,,Actif,2026-06-29T00:14:35.768937,basse
BJ-72753F3A,Commerce Magasin Groupe,Commerce & Distribution,Allada,+229 83 33 17 51,commerce.magasin.groupe@commerce.magasin.groupe.com,commercemagasingroupe.bj,PME (50-200),B2C,Facebook Pages,,Actif,2026-06-29T00:14:35.768956,haute
BJ-18508980,Distribution Provision Shop,Commerce & Distribution,Allada,+229 98 73 20 53,distribution.provision.shop@distribution.provision.shop.com,,TPE (<10),B2B/B2C,Facebook Pages,,Actif,2026-06-29T00:14:35.768968,moyenne
BJ-503C40B4,Marché,Commerce & Distribution,Allada,+229 87 81 40 59,,,PME (50-200),B2B/B2C,Facebook Pages,,Actif,2026-06-29T00:14:35.768979,basse
BJ-C9CF4218,Détaillant Ets,Commerce & Distribution,Allada,+229 24 69 67 26,détaillant.ets@détaillant.ets.bj,,PME (50-200),B2B/B2C,Facebook Pages,,Actif,2026-06-29T00:14:35.768995,moyenne
BJ-E5D6339E,Commerce International,Commerce & Distribution,Allada,+229 75 75 27 18,commerce.international@commerce.international.net,,PME (10-50),B2B/B2C,Facebook Pages,,Actif,2026-06-29T00:14:35.769008,moyenne
BJ-13638074,Groupe Commerce Groupe,Commerce & Distribution,Aplahoué,+229 56 95 34 85,,,TPE (<10),B2B/B2C,Facebook Pages,,Actif,2026-06-29T00:14:35.769026,basse
BJ-140636FF,SARL Détaillant Aplahoué,Commerce & Distribution,Aplahoué,+229 44 12 15 31,,,TPE (<10),B2B/B2C,Facebook Pages,,Actif,2026-06-29T00:14:35.769037,basse
BJ-EFB06F90,Commerce Boutique,Commerce & Distribution,Aplahoué,+229 70 19 29 81,commerce.boutique@commerce.boutique.org,,PME (10-50),B2B/B2C,Facebook Pages,,Actif,2026-06-29T00:14:35.769049,moyenne
BJ-965E23C1,Détaillant,Commerce & Distribution,Aplahoué,+229 63 19 88 51,,,PME (10-50),B2C,Facebook Pages,,Actif,2026-06-29T00:14:35.769060,basse
BJ-C83394C5,Boutique Market,Commerce & Distribution,Aplahoué,+229 26 34 69 94,boutique.market@boutique.market.benin,,TPE (<10),B2B/B2C,Facebook Pages,,Actif,2026-06-29T00:14:35.769071,moyenne
BJ-7E089F43,Ets Distribution,Commerce & Distribution,Dogbo-Tota,+229 49 10 13 14,,,PME (10-50),B2B/B2C,Facebook Pages,,Actif,2026-06-29T00:14:35.769089,basse
BJ-4DE3D838,Provision,Commerce & Distribution,Dogbo-Tota,+229 66 76 83 77,provision@provision.bj,,Grande (>200),B2B/B2C,Facebook Pages,,Actif,2026-06-29T00:14:35.769101,moyenne
BJ-450E1CCF,Détaillant,Commerce & Distribution,Dogbo-Tota,+229 56 65 99 46,,détaillant.bj,PME (10-50),B2C,Facebook Pages,,Actif,2026-06-29T00:14:35.769117,moyenne
BJ-F163DD80,Commerce Grossiste Groupe,Commerce & Distribution,Dogbo-Tota,+229 64 35 82 21,commerce.grossiste.groupe@commerce.grossiste.groupe.bj,,TPE (<10),B2B/B2C,Facebook Pages,,Actif,2026-06-29T00:14:35.769131,moyenne
BJ-C3343510,Commerce Dogbo-Tota,Commerce & Distribution,Dogbo-Tota,+229 41 93 23 81,commerce.dogbotota@commerce.dogbotota.com,,PME (10-50),B2B/B2C,Facebook Pages,,Actif,2026-06-29T00:14:35.769147,moyenne
BJ-B977F2E9,Ets Boutique,Commerce & Distribution,Kpomassè,+229 52 75 55 82,ets.boutique@ets.boutique.benin,,PME (10-50),B2C,Facebook Pages,,Actif,2026-06-29T00:14:35.769166,moyenne
BJ-EC165927,Alimentaire Kpomassè,Commerce & Distribution,Kpomassè,+229 51 73 72 97,,,TPE (<10),B2B/B2C,Facebook Pages,,Actif,2026-06-29T00:14:35.769177,basse
BJ-CD284B5E,Magasin Bénin,Commerce & Distribution,Kpomassè,+229 40 26 67 39,magasin.bénin@magasin.bénin.benin,magasinbénin.bj,PME (50-200),B2B/B2C,Facebook Pages,,Actif,2026-06-29T00:14:35.769191,haute
BJ-BF391721,Grossiste SARL,Commerce & Distribution,Kpomassè,+229 93 66 62 99,,,TPE (<10),B2B/B2C,Facebook Pages,,Actif,2026-06-29T00:14:35.769202,basse
BJ-E0074F6E,Commerce Market,Commerce & Distribution,Kpomassè,+229 78 63 98 46,commerce.market@commerce.market.bj,,TPE (<10),B2C,Facebook Pages,,Actif,2026-06-29T00:14:35.769214,moyenne
BJ-109EF54D,Marché Épicerie,Commerce & Distribution,Tori-Bossito,+229 85 66 95 30,marché.épicerie@marché.épicerie.org,,TPE (<10),B2B/B2C,Facebook Pages,,Actif,2026-06-29T00:14:35.769235,moyenne
BJ-0A843376,Commerce SARL,Commerce & Distribution,Tori-Bossito,+229 89 44 79 10,,,PME (10-50),B2C,Facebook Pages,,Actif,2026-06-29T00:14:35.769258,basse
BJ-56EB301E,Marché Commerce Bénin,Commerce & Distribution,Tori-Bossito,+229 55 77 63 40,,marchécommercebénin.bj,PME (50-200),B2B/B2C,Facebook Pages,,Actif,2026-06-29T00:14:35.769274,moyenne
BJ-25FA1228,Supply,Commerce & Distribution,Tori-Bossito,+229 34 31 91 32,supply@supply.com,,PME (50-200),B2B/B2C,Facebook Pages,,Actif,2026-06-29T00:14:35.769287,moyenne
BJ-CB5059FB,Groupe Épicerie,Commerce & Distribution,Grand-Popo,+229 32 92 39 97,groupe.épicerie@groupe.épicerie.bj,groupeépicerie.bj,PME (10-50),B2B/B2C,Facebook Pages,,Actif,2026-06-29T00:14:35.769307,haute
BJ-F55F4408,Marché Commerce,Commerce & Distribution,Grand-Popo,+229 24 48 31 13,marché.commerce@marché.commerce.net,marchécommerce.bj,PME (10-50),B2B/B2C,Facebook Pages,,Actif,2026-06-29T00:14:35.769321,haute
BJ-1121896C,Super Distribution,Commerce & Distribution,Grand-Popo,+229 99 48 75 75,,,PME (10-50),B2B/B2C,Facebook Pages,,Actif,2026-06-29T00:14:35.769332,basse
BJ-D850259D,Épicerie,Commerce & Distribution,Grand-Popo,+229 73 98 47 89,,,TPE (<10),B2B/B2C,Facebook Pages,,Actif,2026-06-29T00:14:35.769343,basse
BJ-67CF0A3F,Super Commerce SARL,Commerce & Distribution,Grand-Popo,+229 57 51 86 44,,supercommercesarl.bj,PME (50-200),B2B/B2C,Facebook Pages,,Actif,2026-06-29T00:14:35.769354,moyenne
BJ-F39375CC,Distribution Grossiste,Commerce & Distribution,Athiémé,+229 35 65 92 52,distribution.grossiste@distribution.grossiste.org,,TPE (<10),B2B/B2C,Facebook Pages,,Actif,2026-06-29T00:14:35.769371,moyenne
BJ-CF6A6798,Stock SARL,Commerce & Distribution,Athiémé,+229 75 29 25 51,,stocksarl.bj,PME (10-50),B2B/B2C,Facebook Pages,,Actif,2026-06-29T00:14:35.769386,moyenne
BJ-9C267794,Distribution Supply Bénin,Commerce & Distribution,Athiémé,+229 34 70 53 65,,,TPE (<10),B2B/B2C,Facebook Pages,,Actif,2026-06-29T00:14:35.769398,basse
BJ-B774FB3D,Détaillant Store,Commerce & Distribution,Athiémé,+229 57 57 69 89,détaillant.store@détaillant.store.com,détaillantstore.bj,PME (10-50),B2B/B2C,Facebook Pages,,Actif,2026-06-29T00:14:35.769416,haute
BJ-DA395454,Ets Marché,Commerce & Distribution,Athiémé,+229 44 73 44 41,ets.marché@ets.marché.com,etsmarché.bj,TPE (<10),B2B/B2C,Facebook Pages,,Actif,2026-06-29T00:14:35.769430,haute
BJ-A8F31492,Groupe Détaillant,Commerce & Distribution,Bopa,+229 74 71 66 70,,,PME (10-50),B2B/B2C,Facebook Pages,,Actif,2026-06-29T00:14:35.769449,basse
BJ-2B691166,Commerce Distribution Market,Commerce & Distribution,Bopa,+229 97 93 52 58,,,PME (10-50),B2C,Facebook Pages,,Actif,2026-06-29T00:14:35.769461,basse
BJ-0A9B7DBD,Alimentaire Market,Commerce & Distribution,Bopa,+229 51 57 55 88,,alimentairemarket.bj,PME (50-200),B2B/B2C,Facebook Pages,,Actif,2026-06-29T00:14:35.769473,moyenne
BJ-3AA52F2D,Supermarché Bénin,Commerce & Distribution,Bopa,+229 45 20 75 21,supermarché.bénin@supermarché.bénin.org,,PME (10-50),B2B/B2C,Facebook Pages,,Actif,2026-06-29T00:14:35.769486,moyenne
BJ-66008CD4,Ets Magasin Groupe,Commerce & Distribution,Bopa,+229 47 65 92 79,,,TPE (<10),B2B/B2C,Facebook Pages,,Actif,2026-06-29T00:14:35.769497,basse
BJ-AED2913D,Ets Marché SARL Houéyogbé,Commerce & Distribution,Houéyogbé,+229 70 99 84 12,ets.marché.sarl.houéyogbé@ets.marché.sarl.houéyogbé.net,,TPE (<10),B2B/B2C,Facebook Pages,,Actif,2026-06-29T00:14:35.769521,moyenne
BJ-E7B431BD,Commerce Supermarché,Commerce & Distribution,Houéyogbé,+229 58 73 30 70,commerce.supermarché@commerce.supermarché.bj,commercesupermarché.bj,PME (10-50),B2C,Facebook Pages,,Actif,2026-06-29T00:14:35.769535,haute
BJ-BC807F75,Super Boutique,Commerce & Distribution,Houéyogbé,+229 69 74 58 24,super.boutique@super.boutique.com,,TPE (<10),B2B/B2C,Facebook Pages,,Actif,2026-06-29T00:14:35.769548,moyenne
BJ-9EAED4F3,Distribution,Commerce & Distribution,Houéyogbé,+229 54 66 61 51,,,PME (50-200),B2C,Facebook Pages,,Actif,2026-06-29T00:14:35.769563,basse
BJ-E1ACC62F,Magasin,Commerce & Distribution,Houéyogbé,+229 44 66 73 53,magasin@magasin.benin,magasin.bj,PME (50-200),B2C,Facebook Pages,,Actif,2026-06-29T00:14:35.769577,haute
BJ-57EAADC5,Distribution Provision,Commerce & Distribution,Malanville,+229 77 62 14 12,,,PME (50-200),B2C,Facebook Pages,,Actif,2026-06-29T00:14:35.769594,basse
BJ-8C940F37,Supply SARL,Commerce & Distribution,Malanville,+229 93 55 18 85,,,Grande (>200),B2B/B2C,Facebook Pages,,Actif,2026-06-29T00:14:35.769605,basse
BJ-5EDB4A22,Distribution Bénin,Commerce & Distribution,Malanville,+229 67 98 95 23,,,PME (50-200),B2C,Facebook Pages,,Actif,2026-06-29T00:14:35.769616,basse
BJ-D621B0D9,SARL Marché Bénin Malanville,Commerce & Distribution,Malanville,+229 66 46 40 50,sarl.marché.bénin.malanville@sarl.marché.bénin.malanville.com,,TPE (<10),B2C,Facebook Pages,,Actif,2026-06-29T00:14:35.769632,moyenne
BJ-7BEBECE7,SARL Stock,Commerce & Distribution,Malanville,+229 83 20 54 40,,,TPE (<10),B2B/B2C,Facebook Pages,,Actif,2026-06-29T00:14:35.769644,basse
BJ-F643ABED,Groupe Épicerie,Commerce & Distribution,Kandi,+229 99 77 75 92,groupe.épicerie@groupe.épicerie.org,,Grande (>200),B2B/B2C,Facebook Pages,,Actif,2026-06-29T00:14:35.769663,moyenne
BJ-2766B738,SARL Commerce Shop Kandi,Commerce & Distribution,Kandi,+229 35 69 69 72,,,TPE (<10),B2C,Facebook Pages,,Actif,2026-06-29T00:14:35.769674,basse
BJ-04406498,Marché Stock Store Kandi,Commerce & Distribution,Kandi,+229 22 88 11 26,,,PME (10-50),B2B/B2C,Facebook Pages,,Actif,2026-06-29T00:14:35.769686,basse
BJ-61F36991,Magasin Shop Kandi,Commerce & Distribution,Kandi,+229 95 19 36 25,,,PME (10-50),B2B/B2C,Facebook Pages,,Actif,2026-06-29T00:14:35.769701,basse
BJ-55FE5E26,Centre Alimentaire SARL,Commerce & Distribution,Kandi,+229 87 60 33 89,centre.alimentaire.sarl@centre.alimentaire.sarl.benin,,PME (50-200),B2C,Facebook Pages,,Actif,2026-06-29T00:14:35.769714,moyenne
BJ-B132F93D,Stock,Commerce & Distribution,Banikoara,+229 73 11 53 70,,,PME (10-50),B2B/B2C,Facebook Pages,,Actif,2026-06-29T00:14:35.769734,basse
BJ-AA378172,Marché Banikoara,Commerce & Distribution,Banikoara,+229 86 87 62 53,,marchébanikoara.bj,Grande (>200),B2B/B2C,Facebook Pages,,Actif,2026-06-29T00:14:35.769747,moyenne
BJ-081D977E,Marché Provision,Commerce & Distribution,Banikoara,+229 48 88 95 28,,marchéprovision.bj,PME (10-50),B2C,Facebook Pages,,Actif,2026-06-29T00:14:35.769765,moyenne
BJ-4FBE25BC,Provision Banikoara,Commerce & Distribution,Banikoara,+229 25 29 69 29,provision.banikoara@provision.banikoara.net,provisionbanikoara.bj,PME (50-200),B2C,Facebook Pages,,Actif,2026-06-29T00:14:35.769780,haute
BJ-A3A9C46C,Supermarché International Banikoara,Commerce & Distribution,Banikoara,+229 55 33 12 54,supermarché.international.banikoara@supermarché.international.banikoara.benin,,PME (10-50),B2C,Facebook Pages,,Actif,2026-06-29T00:14:35.769794,moyenne
BJ-7ECD2C68,Commerce Détaillant,Commerce & Distribution,Ségbana,+229 66 17 66 82,,,TPE (<10),B2B/B2C,Facebook Pages,,Actif,2026-06-29T00:14:35.769812,basse
BJ-A6890EA6,Marché Ségbana,Commerce & Distribution,Ségbana,+229 62 32 21 19,,marchéségbana.bj,PME (10-50),B2B/B2C,Facebook Pages,,Actif,2026-06-29T00:14:35.769825,moyenne
BJ-A0B1BDA1,Super Stock,Commerce & Distribution,Ségbana,+229 97 44 19 68,,,PME (50-200),B2B/B2C,Facebook Pages,,Actif,2026-06-29T00:14:35.769837,basse
BJ-61C1E1C4,Alimentaire Ségbana,Commerce & Distribution,Ségbana,+229 84 30 49 84,alimentaire.ségbana@alimentaire.ségbana.org,,TPE (<10),B2C,Facebook Pages,,Actif,2026-06-29T00:14:35.769853,moyenne
BJ-7A0C2CBA,Groupe Boutique Ségbana,Commerce & Distribution,Ségbana,+229 40 14 76 88,groupe.boutique.ségbana@groupe.boutique.ségbana.bj,,PME (50-200),B2B/B2C,Facebook Pages,,Actif,2026-06-29T00:14:35.769866,moyenne
BJ-28801FED,Supply Ets,Commerce & Distribution,Karimama,+229 42 68 38 64,supply.ets@supply.ets.net,supplyets.bj,Grande (>200),B2C,Facebook Pages,,Actif,2026-06-29T00:14:35.769900,haute
BJ-07686335,Provision Groupe Karimama,Commerce & Distribution,Karimama,+229 47 52 21 21,provision.groupe.karimama@provision.groupe.karimama.org,,TPE (<10),B2B/B2C,Facebook Pages,,Actif,2026-06-29T00:14:35.769927,moyenne
BJ-95E79FF3,Marché Provision,Commerce & Distribution,Karimama,+229 97 59 53 19,,marchéprovision.bj,TPE (<10),B2C,Facebook Pages,,Actif,2026-06-29T00:14:35.769945,moyenne
BJ-6CDC88BB,Commerce Commerce Bénin,Commerce & Distribution,Karimama,+229 53 25 85 98,,,PME (10-50),B2C,Facebook Pages,,Actif,2026-06-29T00:14:35.769957,basse
BJ-77A0B95D,Distribution Boutique Groupe,Commerce & Distribution,Karimama,+229 32 75 70 60,,,PME (50-200),B2C,Facebook Pages,,Actif,2026-06-29T00:14:35.769967,basse
BJ-2B415842,Marché,Commerce & Distribution,Gogounou,+229 77 64 71 16,,,PME (10-50),B2C,Facebook Pages,,Actif,2026-06-29T00:14:35.769985,basse
BJ-A604C039,Groupe Grossiste Store,Commerce & Distribution,Gogounou,+229 29 45 32 36,,,PME (50-200),B2C,Facebook Pages,,Actif,2026-06-29T00:14:35.769996,basse
BJ-E0CC08B0,Distribution SARL,Commerce & Distribution,Gogounou,+229 76 28 75 47,,,PME (50-200),B2C,Facebook Pages,,Actif,2026-06-29T00:14:35.770006,basse
BJ-058819F3,Détaillant Bénin,Commerce & Distribution,Gogounou,+229 37 41 34 72,détaillant.bénin@détaillant.bénin.com,,PME (10-50),B2C,Facebook Pages,,Actif,2026-06-29T00:14:35.770022,moyenne
BJ-8D4397B6,Centre Commerce,Commerce & Distribution,Gogounou,+229 71 12 99 22,centre.commerce@centre.commerce.com,,TPE (<10),B2C,Facebook Pages,,Actif,2026-06-29T00:14:35.770034,moyenne
BJ-32526A96,Alimentaire,Commerce & Distribution,Cobly,+229 42 99 31 69,,,TPE (<10),B2C,Facebook Pages,,Actif,2026-06-29T00:14:35.770051,basse
BJ-BA55CA57,Centre Épicerie Bénin,Commerce & Distribution,Cobly,+229 74 80 12 39,,,PME (10-50),B2B/B2C,Facebook Pages,,Actif,2026-06-29T00:14:35.770062,basse
BJ-A6DB61A1,Centre Magasin,Commerce & Distribution,Cobly,+229 22 39 31 55,centre.magasin@centre.magasin.org,,Grande (>200),B2B/B2C,Facebook Pages,,Actif,2026-06-29T00:14:35.770074,moyenne
BJ-94CE70B8,Épicerie,Commerce & Distribution,Cobly,+229 32 48 42 49,,,TPE (<10),B2C,Facebook Pages,,Actif,2026-06-29T00:14:35.770085,basse
BJ-0B5FD789,Supply Ets,Commerce & Distribution,Cobly,+229 73 64 53 77,,,TPE (<10),B2B/B2C,Facebook Pages,,Actif,2026-06-29T00:14:35.770095,basse
BJ-37730847,Marché Supply,Commerce & Distribution,Tanguiéta,+229 90 96 17 21,marché.supply@marché.supply.benin,marchésupply.bj,PME (10-50),B2C,Facebook Pages,,Actif,2026-06-29T00:14:35.770115,haute
BJ-8B384D3E,Ets Épicerie Store,Commerce & Distribution,Tanguiéta,+229 32 86 59 77,,,PME (50-200),B2C,Facebook Pages,,Actif,2026-06-29T00:14:35.770126,basse
BJ-48F149E7,Boutique,Commerce & Distribution,Tanguiéta,+229 33 82 82 94,,boutique.bj,PME (50-200),B2B/B2C,Facebook Pages,,Actif,2026-06-29T00:14:35.770137,moyenne
BJ-4903FA8F,Détaillant,Commerce & Distribution,Tanguiéta,+229 56 92 34 17,,,PME (10-50),B2C,Facebook Pages,,Actif,2026-06-29T00:14:35.770155,basse
BJ-25DE32BA,Distribution Épicerie,Commerce & Distribution,Tanguiéta,+229 83 59 25 34,distribution.épicerie@distribution.épicerie.benin,,TPE (<10),B2C,Facebook Pages,,Actif,2026-06-29T00:14:35.770167,moyenne
BJ-5CC6F71A,Alimentaire Ets Matéri,Commerce & Distribution,Matéri,+229 79 30 17 53,alimentaire.ets.matéri@alimentaire.ets.matéri.com,,PME (10-50),B2C,Facebook Pages,,Actif,2026-06-29T00:14:35.770190,moyenne
BJ-DDEC6507,SARL Provision,Commerce & Distribution,Matéri,+229 70 13 57 39,,,PME (10-50),B2B/B2C,Facebook Pages,,Actif,2026-06-29T00:14:35.770201,basse
BJ-033DF389,Épicerie,Commerce & Distribution,Matéri,+229 22 89 81 77,,,PME (50-200),B2B/B2C,Facebook Pages,,Actif,2026-06-29T00:14:35.770211,basse
BJ-2CBC802C,Ets Marché,Commerce & Distribution,Matéri,+229 92 93 71 97,,,PME (10-50),B2C,Facebook Pages,,Actif,2026-06-29T00:14:35.770222,basse
BJ-B6FAFA76,Supermarché,Commerce & Distribution,Matéri,+229 72 47 81 36,supermarché@supermarché.bj,,Grande (>200),B2C,Facebook Pages,,Actif,2026-06-29T00:14:35.770234,moyenne
BJ-D9E99845,Distribution Ets,Commerce & Distribution,Natitingou,+229 80 17 93 50,,,PME (10-50),B2C,Facebook Pages,,Actif,2026-06-29T00:14:35.770251,basse
BJ-60EDBC53,Supply,Commerce & Distribution,Natitingou,+229 81 59 71 33,,,PME (10-50),B2B/B2C,Facebook Pages,,Actif,2026-06-29T00:14:35.770262,basse
BJ-AB7A38CE,Groupe Supermarché,Commerce & Distribution,Natitingou,+229 50 74 90 21,,,Grande (>200),B2C,Facebook Pages,,Actif,2026-06-29T00:14:35.770273,basse
BJ-E4652406,Distribution Magasin Ets,Commerce & Distribution,Natitingou,+229 47 16 56 72,distribution.magasin.ets@distribution.magasin.ets.org,distributionmagasinets.bj,PME (50-200),B2B/B2C,Facebook Pages,,Actif,2026-06-29T00:14:35.770306,haute
BJ-C0C2AB1F,Commerce SARL,Commerce & Distribution,Toucountouna,+229 99 67 56 81,commerce.sarl@commerce.sarl.benin,,PME (50-200),B2B/B2C,Facebook Pages,,Actif,2026-06-29T00:14:35.770324,moyenne
BJ-F3129824,Groupe Supermarché Store Toucountouna,Commerce & Distribution,Toucountouna,+229 69 61 84 90,groupe.supermarché.store.toucountouna@groupe.supermarché.store.toucountouna.org,groupesupermarchéstoretoucountouna.bj,PME (50-200),B2C,Facebook Pages,,Actif,2026-06-29T00:14:35.770342,haute
BJ-FB19B5BB,Grossiste,Commerce & Distribution,Toucountouna,+229 94 75 98 43,,grossiste.bj,PME (10-50),B2C,Facebook Pages,,Actif,2026-06-29T00:14:35.770353,moyenne
BJ-265C1DB9,Provision Groupe,Commerce & Distribution,Toucountouna,+229 43 72 88 30,provision.groupe@provision.groupe.bj,,PME (10-50),B2B/B2C,Facebook Pages,,Actif,2026-06-29T00:14:35.770365,moyenne
BJ-E590D8D4,Détaillant SARL,Commerce & Distribution,Toucountouna,+229 45 22 35 39,,détaillantsarl.bj,PME (50-200),B2B/B2C,Facebook Pages,,Actif,2026-06-29T00:14:35.770377,moyenne
BJ-C05990B9,Groupe Supply International,Commerce & Distribution,Boukoumbé,+229 88 46 36 92,,,TPE (<10),B2B/B2C,Facebook Pages,,Actif,2026-06-29T00:14:35.770394,basse
BJ-A34EE768,Groupe Supermarché Groupe,Commerce & Distribution,Boukoumbé,+229 45 58 20 93,,,Grande (>200),B2B/B2C,Facebook Pages,,Actif,2026-06-29T00:14:35.770405,basse
BJ-A0757CB5,Commerce Commerce Store,Commerce & Distribution,Boukoumbé,+229 28 32 48 11,,,TPE (<10),B2C,Facebook Pages,,Actif,2026-06-29T00:14:35.770419,basse
BJ-779566D5,Super Provision,Commerce & Distribution,Boukoumbé,+229 86 59 29 88,,,Grande (>200),B2C,Facebook Pages,,Actif,2026-06-29T00:14:35.770433,basse
BJ-3072652A,Magasin,Commerce & Distribution,Boukoumbé,+229 83 46 20 65,,,Grande (>200),B2C,Facebook Pages,,Actif,2026-06-29T00:14:35.770444,basse
BJ-CD13A420,Commerce SARL,Commerce & Distribution,Kouandé,+229 67 17 83 93,commerce.sarl@commerce.sarl.net,,TPE (<10),B2B/B2C,Facebook Pages,,Actif,2026-06-29T00:14:35.770461,moyenne
BJ-E275F273,Super Provision,Commerce & Distribution,Kouandé,+229 95 83 29 11,super.provision@super.provision.bj,superprovision.bj,TPE (<10),B2B/B2C,Facebook Pages,,Actif,2026-06-29T00:14:35.770474,haute
BJ-86381468,SARL Supply Market Kouandé,Commerce & Distribution,Kouandé,+229 22 71 12 10,,,PME (10-50),B2C,Facebook Pages,,Actif,2026-06-29T00:14:35.770484,basse
BJ-15161EBE,Super Stock,Commerce & Distribution,Kouandé,+229 39 39 57 70,,,PME (10-50),B2C,Facebook Pages,,Actif,2026-06-29T00:14:35.770495,basse
BJ-87F358FE,Distribution SARL,Commerce & Distribution,Kouandé,+229 34 81 77 81,,,PME (10-50),B2B/B2C,Facebook Pages,,Actif,2026-06-29T00:14:35.770505,basse
BJ-D42C409C,Centre Magasin Shop,Commerce & Distribution,Péhunco,+229 31 62 33 38,centre.magasin.shop@centre.magasin.shop.bj,,TPE (<10),B2C,Facebook Pages,,Actif,2026-06-29T00:14:35.770523,moyenne
BJ-F406FF01,Groupe Provision Péhunco,Commerce & Distribution,Péhunco,+229 35 80 63 88,,groupeprovisionpéhunco.bj,PME (10-50),B2B/B2C,Facebook Pages,,Actif,2026-06-29T00:14:35.770535,moyenne
BJ-22CB2E8C,Grossiste Ets Péhunco,Commerce & Distribution,Péhunco,+229 34 87 53 57,grossiste.ets.péhunco@grossiste.ets.péhunco.bj,,PME (10-50),B2B/B2C,Facebook Pages,,Actif,2026-06-29T00:14:35.770547,moyenne
BJ-F37E1664,Centre Alimentaire Shop Péhunco,Commerce & Distribution,Péhunco,+229 65 34 99 36,centre.alimentaire.shop.péhunco@centre.alimentaire.shop.péhunco.com,,PME (50-200),B2B/B2C,Facebook Pages,,Actif,2026-06-29T00:14:35.770563,moyenne
BJ-9D49E47D,Provision,Commerce & Distribution,Péhunco,+229 62 53 56 96,,,PME (10-50),B2C,Facebook Pages,,Actif,2026-06-29T00:14:35.770574,basse
BJ-53300D1F,Super Supply Ets,Commerce & Distribution,Tchaourou,+229 39 65 46 47,,,PME (10-50),B2B/B2C,Facebook Pages,,Actif,2026-06-29T00:14:35.770592,basse
BJ-B5C4706F,Commerce Épicerie Market,Commerce & Distribution,Tchaourou,+229 72 28 36 66,commerce.épicerie.market@commerce.épicerie.market.benin,,PME (50-200),B2B/B2C,Facebook Pages,,Actif,2026-06-29T00:14:35.770604,moyenne
BJ-511BD766,Magasin,Commerce & Distribution,Tchaourou,+229 72 16 26 20,magasin@magasin.com,,PME (10-50),B2B/B2C,Facebook Pages,,Actif,2026-06-29T00:14:35.770616,moyenne
BJ-67521B7B,Épicerie,Commerce & Distribution,Tchaourou,+229 90 83 43 31,épicerie@épicerie.org,,PME (10-50),B2B/B2C,Facebook Pages,,Actif,2026-06-29T00:14:35.770628,moyenne
BJ-23F286C8,Commerce,Commerce & Distribution,Tchaourou,+229 50 14 42 21,commerce@commerce.bj,commerce.bj,TPE (<10),B2C,Facebook Pages,,Actif,2026-06-29T00:14:35.770643,haute
BJ-79723F2D,Marché Détaillant Bénin Nikki,Commerce & Distribution,Nikki,+229 73 65 48 81,,,PME (10-50),B2B/B2C,Facebook Pages,,Actif,2026-06-29T00:14:35.770661,basse
BJ-89466293,SARL Distribution,Commerce & Distribution,Nikki,+229 34 90 87 61,,,PME (10-50),B2B/B2C,Facebook Pages,,Actif,2026-06-29T00:14:35.770672,basse
BJ-F90958C2,Centre Magasin,Commerce & Distribution,Nikki,+229 34 71 53 60,,,PME (10-50),B2B/B2C,Facebook Pages,,Actif,2026-06-29T00:14:35.770682,basse
BJ-FF98DAE6,Épicerie,Commerce & Distribution,Nikki,+229 99 21 92 53,,épicerie.bj,TPE (<10),B2C,Facebook Pages,,Actif,2026-06-29T00:14:35.770697,moyenne
BJ-7A492DDA,Groupe Provision Ets,Commerce & Distribution,Nikki,+229 28 58 37 54,,groupeprovisionets.bj,Grande (>200),B2C,Facebook Pages,,Actif,2026-06-29T00:14:35.770708,moyenne
BJ-BCFC1CA8,Distribution Épicerie SARL,Commerce & Distribution,Bembéréké,+229 95 42 50 43,,,TPE (<10),B2C,Facebook Pages,,Actif,2026-06-29T00:14:35.770726,basse
BJ-D46322E5,Commerce Détaillant International,Commerce & Distribution,Bembéréké,+229 58 58 26 73,,,TPE (<10),B2B/B2C,Facebook Pages,,Actif,2026-06-29T00:14:35.770737,basse
BJ-CEC443BA,Supermarché Bembéréké,Commerce & Distribution,Bembéréké,+229 38 71 75 22,,supermarchébembéréké.bj,TPE (<10),B2B/B2C,Facebook Pages,,Actif,2026-06-29T00:14:35.770749,moyenne
BJ-692482EB,Supermarché,Commerce & Distribution,Bembéréké,+229 79 21 92 78,,supermarché.bj,TPE (<10),B2B/B2C,Facebook Pages,,Actif,2026-06-29T00:14:35.770764,moyenne
BJ-3556BDBB,SARL Épicerie,Commerce & Distribution,Bembéréké,+229 35 15 74 12,,,PME (50-200),B2C,Facebook Pages,,Actif,2026-06-29T00:14:35.770774,basse
BJ-73C68499,Centre Épicerie Kalalé,Commerce & Distribution,Kalalé,+229 60 46 21 99,centre.épicerie.kalalé@centre.épicerie.kalalé.org,,TPE (<10),B2B/B2C,Facebook Pages,,Actif,2026-06-29T00:14:35.770796,moyenne
BJ-D8608844,Épicerie,Commerce & Distribution,Kalalé,+229 48 87 40 72,épicerie@épicerie.org,épicerie.bj,Grande (>200),B2C,Facebook Pages,,Actif,2026-06-29T00:14:35.770809,haute
BJ-2E783CC4,Centre Provision,Commerce & Distribution,Kalalé,+229 72 17 18 28,,,TPE (<10),B2C,Facebook Pages,,Actif,2026-06-29T00:14:35.770820,basse
BJ-3A8DE8DF,Commerce Ets,Commerce & Distribution,Kalalé,+229 71 67 47 67,,,PME (10-50),B2B/B2C,Facebook Pages,,Actif,2026-06-29T00:14:35.770834,basse
BJ-CEB3D743,Commerce Commerce Market,Commerce & Distribution,Kalalé,+229 84 62 75 70,commerce.commerce.market@commerce.commerce.market.benin,,PME (50-200),B2C,Facebook Pages,,Actif,2026-06-29T00:14:35.770846,moyenne
BJ-BB249C8D,Centre Détaillant,Commerce & Distribution,Ndali,+229 64 89 80 68,,,PME (50-200),B2C,Facebook Pages,,Actif,2026-06-29T00:14:35.770864,basse
BJ-7291A413,Épicerie Bénin,Commerce & Distribution,Ndali,+229 60 14 24 46,,,TPE (<10),B2C,Facebook Pages,,Actif,2026-06-29T00:14:35.770877,basse
BJ-662783D6,Grossiste,Commerce & Distribution,Ndali,+229 25 97 31 69,,,PME (10-50),B2C,Facebook Pages,,Actif,2026-06-29T00:14:35.770896,basse
BJ-A3B7A9EF,Ets Marché Bénin Ndali,Commerce & Distribution,Ndali,+229 34 79 53 89,ets.marché.bénin.ndali@ets.marché.bénin.ndali.benin,,TPE (<10),B2B/B2C,Facebook Pages,,Actif,2026-06-29T00:14:35.770911,moyenne
BJ-A1670924,Centre Marché,Commerce & Distribution,Ndali,+229 55 37 78 49,centre.marché@centre.marché.org,,PME (50-200),B2C,Facebook Pages,,Actif,2026-06-29T00:14:35.770923,moyenne
BJ-D7519465,Épicerie,Commerce & Distribution,Ségbana,+229 61 90 79 12,,,TPE (<10),B2B/B2C,Facebook Pages,,Actif,2026-06-29T00:14:35.770939,basse
BJ-BEC84DB2,Alimentaire Market,Commerce & Distribution,Ségbana,+229 94 31 48 46,alimentaire.market@alimentaire.market.org,alimentairemarket.bj,TPE (<10),B2C,Facebook Pages,,Actif,2026-06-29T00:14:35.770952,haute
BJ-47CCF421,Marché Détaillant Store,Commerce & Distribution,Ségbana,+229 96 91 54 15,,,PME (10-50),B2C,Facebook Pages,,Actif,2026-06-29T00:14:35.770963,basse
BJ-581797CD,Boutique Shop,Commerce & Distribution,Ségbana,+229 69 36 39 28,,boutiqueshop.bj,PME (10-50),B2C,Facebook Pages,,Actif,2026-06-29T00:14:35.770978,moyenne
BJ-C1A1BC9B,Groupe Distribution Bénin,Commerce & Distribution,Ségbana,+229 33 46 63 98,,,Grande (>200),B2B/B2C,Facebook Pages,,Actif,2026-06-29T00:14:35.770990,basse
BJ-22C0659E,Commerce Alimentaire,Commerce & Distribution,Tchaourou,+229 90 88 41 41,,commercealimentaire.bj,TPE (<10),B2B/B2C,Facebook Pages,,Actif,2026-06-29T00:14:35.771017,moyenne
BJ-8ECEA5FD,SARL Distribution,Commerce & Distribution,Tchaourou,+229 65 38 96 96,,,TPE (<10),B2B/B2C,Facebook Pages,,Actif,2026-06-29T00:14:35.771028,basse
BJ-C541815C,Commerce Grossiste,Commerce & Distribution,Tchaourou,+229 48 51 77 99,,,TPE (<10),B2C,Facebook Pages,,Actif,2026-06-29T00:14:35.771039,basse
BJ-7470BE3A,Grossiste Shop,Commerce & Distribution,Tchaourou,+229 79 24 96 61,,grossisteshop.bj,PME (50-200),B2B/B2C,Facebook Pages,,Actif,2026-06-29T00:14:35.771049,moyenne
BJ-18F176E7,Centre Provision Groupe,Commerce & Distribution,Bétérou,+229 26 63 12 43,centre.provision.groupe@centre.provision.groupe.org,,PME (10-50),B2C,Facebook Pages,,Actif,2026-06-29T00:14:35.771067,moyenne
BJ-CC110D8B,Super Magasin Bétérou,Commerce & Distribution,Bétérou,+229 35 92 66 15,,,PME (10-50),B2B/B2C,Facebook Pages,,Actif,2026-06-29T00:14:35.771078,basse
BJ-0FBD06FC,Provision Groupe Bétérou,Commerce & Distribution,Bétérou,+229 92 17 90 48,,,TPE (<10),B2B/B2C,Facebook Pages,,Actif,2026-06-29T00:14:35.771092,basse
BJ-85616892,Ets Supermarché Bénin,Commerce & Distribution,Bétérou,+229 86 60 27 54,,,PME (50-200),B2B/B2C,Facebook Pages,,Actif,2026-06-29T00:14:35.771107,basse
BJ-085CB7FF,Grossiste Bétérou,Commerce & Distribution,Bétérou,+229 55 92 48 79,grossiste.bétérou@grossiste.bétérou.net,,TPE (<10),B2B/B2C,Facebook Pages,,Actif,2026-06-29T00:14:35.771120,moyenne
BJ-25B6EDA2,Marché,Commerce & Distribution,Ouessè,+229 41 50 78 51,marché@marché.org,,TPE (<10),B2B/B2C,Facebook Pages,,Actif,2026-06-29T00:14:35.771138,moyenne
BJ-F0810897,Détaillant Market,Commerce & Distribution,Ouessè,+229 99 81 20 95,détaillant.market@détaillant.market.bj,,PME (50-200),B2C,Facebook Pages,,Actif,2026-06-29T00:14:35.771151,moyenne
BJ-67B51EDF,Supply Ets Ouessè,Commerce & Distribution,Ouessè,+229 69 31 29 88,,,TPE (<10),B2B/B2C,Facebook Pages,,Actif,2026-06-29T00:14:35.771166,basse
BJ-4F736A9D,Ets Commerce Ouessè,Commerce & Distribution,Ouessè,+229 89 30 14 62,,,TPE (<10),B2C,Facebook Pages,,Actif,2026-06-29T00:14:35.771177,basse
BJ-05A51E93,Stock Ouessè,Commerce & Distribution,Ouessè,+229 89 54 51 48,stock.ouessè@stock.ouessè.benin,,Grande (>200),B2B/B2C,Facebook Pages,,Actif,2026-06-29T00:14:35.771190,moyenne
BJ-A6DDE4C2,Distribution Magasin,Commerce & Distribution,Glazoué,+229 81 50 27 69,,,PME (10-50),B2C,Facebook Pages,,Actif,2026-06-29T00:14:35.771206,basse
BJ-7B24F1A1,Détaillant Glazoué,Commerce & Distribution,Glazoué,+229 71 26 95 95,,,PME (10-50),B2B/B2C,Facebook Pages,,Actif,2026-06-29T00:14:35.771216,basse
BJ-7BD6F82F,Super Épicerie Bénin,Commerce & Distribution,Glazoué,+229 96 87 46 99,super.épicerie.bénin@super.épicerie.bénin.benin,,TPE (<10),B2B/B2C,Facebook Pages,,Actif,2026-06-29T00:14:35.771228,moyenne
BJ-E05CB2FE,Magasin Bénin,Commerce & Distribution,Glazoué,+229 27 37 71 97,magasin.bénin@magasin.bénin.benin,,TPE (<10),B2B/B2C,Facebook Pages,,Actif,2026-06-29T00:14:35.771243,moyenne
BJ-D324E5AD,Distribution,Commerce & Distribution,Glazoué,+229 73 66 77 58,distribution@distribution.net,,TPE (<10),B2C,Facebook Pages,,Actif,2026-06-29T00:14:35.771256,moyenne
BJ-68F5626F,Commerce Provision Groupe,Commerce & Distribution,Dassa-Zoumè,+229 38 76 99 98,commerce.provision.groupe@commerce.provision.groupe.org,,PME (10-50),B2C,Facebook Pages,,Actif,2026-06-29T00:14:35.771274,moyenne
BJ-0F5D4BFA,Magasin Groupe,Commerce & Distribution,Dassa-Zoumè,+229 46 18 71 17,magasin.groupe@magasin.groupe.bj,,TPE (<10),B2C,Facebook Pages,,Actif,2026-06-29T00:14:35.771286,moyenne
BJ-4085C0FA,Commerce Épicerie,Commerce & Distribution,Dassa-Zoumè,+229 52 65 27 56,,,PME (50-200),B2B/B2C,Facebook Pages,,Actif,2026-06-29T00:14:35.771297,basse
BJ-8F4F0271,Stock,Commerce & Distribution,Dassa-Zoumè,+229 52 34 48 74,,,PME (10-50),B2C,Facebook Pages,,Actif,2026-06-29T00:14:35.771308,basse
BJ-7A1F0D83,Super Alimentaire Shop,Commerce & Distribution,Dassa-Zoumè,+229 77 28 88 53,,,PME (10-50),B2B/B2C,Facebook Pages,,Actif,2026-06-29T00:14:35.771318,basse
BJ-EDC11478,Grossiste Groupe,Commerce & Distribution,Savalou,+229 48 80 53 21,grossiste.groupe@grossiste.groupe.org,grossistegroupe.bj,TPE (<10),B2C,Facebook Pages,,Actif,2026-06-29T00:14:35.771338,haute
BJ-2C7FBD69,Marché International Savalou,Commerce & Distribution,Savalou,+229 28 99 14 84,,,PME (50-200),B2C,Facebook Pages,,Actif,2026-06-29T00:14:35.771351,basse
BJ-A1372DD3,Distribution Shop Savalou,Commerce & Distribution,Savalou,+229 65 77 88 54,,distributionshopsavalou.bj,PME (10-50),B2B/B2C,Facebook Pages,,Actif,2026-06-29T00:14:35.771362,moyenne
BJ-CF4204D2,SARL Grossiste Bénin,Commerce & Distribution,Savalou,+229 78 80 96 11,sarl.grossiste.bénin@sarl.grossiste.bénin.net,,TPE (<10),B2B/B2C,Facebook Pages,,Actif,2026-06-29T00:14:35.771377,moyenne
BJ-659C7E33,Super Distribution Groupe,Commerce & Distribution,Savalou,+229 93 19 85 89,,superdistributiongroupe.bj,PME (50-200),B2B/B2C,Facebook Pages,,Actif,2026-06-29T00:14:35.771389,moyenne
BJ-4C93BEF0,Ets Grossiste,Commerce & Distribution,Bantè,+229 87 41 70 75,,,PME (50-200),B2C,Facebook Pages,,Actif,2026-06-29T00:14:35.771405,basse
BJ-1E039B65,Groupe Boutique Store,Commerce & Distribution,Bantè,+229 61 68 57 93,,groupeboutiquestore.bj,TPE (<10),B2B/B2C,Facebook Pages,,Actif,2026-06-29T00:14:35.771417,moyenne
BJ-625C4860,Supply,Commerce & Distribution,Bantè,+229 54 99 62 37,,supply.bj,PME (10-50),B2C,Facebook Pages,,Actif,2026-06-29T00:14:35.771428,moyenne
BJ-14F6D1FF,Commerce SARL,Commerce & Distribution,Bantè,+229 76 75 65 99,,,PME (10-50),B2B/B2C,Facebook Pages,,Actif,2026-06-29T00:14:35.771438,basse
BJ-BDE201D3,Épicerie SARL,Commerce & Distribution,Bantè,+229 40 57 85 23,,,TPE (<10),B2C,Facebook Pages,,Actif,2026-06-29T00:14:35.771449,basse
BJ-C4BAA515,SARL Supermarché Djougou,Commerce & Distribution,Djougou,+229 51 71 58 62,sarl.supermarché.djougou@sarl.supermarché.djougou.net,sarlsupermarchédjougou.bj,Grande (>200),B2C,Facebook Pages,,Actif,2026-06-29T00:14:35.771467,haute
BJ-48467463,Super Supply,Commerce & Distribution,Djougou,+229 88 74 79 99,,supersupply.bj,PME (10-50),B2B/B2C,Facebook Pages,,Actif,2026-06-29T00:14:35.771479,moyenne
BJ-5CE87B06,Épicerie,Commerce & Distribution,Djougou,+229 94 64 32 56,épicerie@épicerie.net,épicerie.bj,TPE (<10),B2B/B2C,Facebook Pages,,Actif,2026-06-29T00:14:35.771496,haute
BJ-7A0B5E95,Distribution Épicerie Bénin Djougou,Commerce & Distribution,Djougou,+229 81 31 80 66,,,TPE (<10),B2C,Facebook Pages,,Actif,2026-06-29T00:14:35.771510,basse
BJ-6B801635,Supply Bénin,Commerce & Distribution,Djougou,+229 57 76 71 39,supply.bénin@supply.bénin.benin,supplybénin.bj,PME (50-200),B2C,Facebook Pages,,Actif,2026-06-29T00:14:35.771525,haute
BJ-0F04870A,Distribution Alimentaire Market,Commerce & Distribution,Ouèssè,+229 28 41 90 15,,distributionalimentairemarket.bj,PME (50-200),B2B/B2C,Facebook Pages,,Actif,2026-06-29T00:14:35.771543,moyenne
BJ-B65BFA27,Super Supermarché Groupe,Commerce & Distribution,Ouèssè,+229 73 90 78 58,super.supermarché.groupe@super.supermarché.groupe.org,,TPE (<10),B2B/B2C,Facebook Pages,,Actif,2026-06-29T00:14:35.771556,moyenne
BJ-D5596906,SARL Épicerie Ouèssè,Commerce & Distribution,Ouèssè,+229 79 55 92 32,sarl.épicerie.ouèssè@sarl.épicerie.ouèssè.net,,PME (10-50),B2B/B2C,Facebook Pages,,Actif,2026-06-29T00:14:35.771568,moyenne
BJ-7AB45A62,Ets Marché,Commerce & Distribution,Ouèssè,+229 27 34 28 71,ets.marché@ets.marché.bj,,PME (50-200),B2C,Facebook Pages,,Actif,2026-06-29T00:14:35.771580,moyenne
BJ-CA564A32,Marché Supply,Commerce & Distribution,Ouèssè,+229 27 58 87 56,,,TPE (<10),B2B/B2C,Facebook Pages,,Actif,2026-06-29T00:14:35.771595,basse
BJ-503A1A63,Grossiste International,Commerce & Distribution,Bassila,+229 64 29 90 88,,grossisteinternational.bj,TPE (<10),B2B/B2C,Facebook Pages,,Actif,2026-06-29T00:14:35.771613,moyenne
BJ-83EEF13E,Grossiste Market,Commerce & Distribution,Bassila,+229 92 70 82 62,grossiste.market@grossiste.market.bj,grossistemarket.bj,PME (50-200),B2C,Facebook Pages,,Actif,2026-06-29T00:14:35.771647,haute
BJ-FC0BE84C,Supermarché,Commerce & Distribution,Bassila,+229 54 32 79 69,,,PME (10-50),B2C,Facebook Pages,,Actif,2026-06-29T00:14:35.771658,basse
BJ-82E98F58,Centre Marché Bassila,Commerce & Distribution,Bassila,+229 32 30 67 43,centre.marché.bassila@centre.marché.bassila.bj,,PME (50-200),B2C,Facebook Pages,,Actif,2026-06-29T00:14:35.771673,moyenne
BJ-90099A57,Ets Boutique,Commerce & Distribution,Bassila,+229 76 32 90 46,ets.boutique@ets.boutique.bj,,TPE (<10),B2C,Facebook Pages,,Actif,2026-06-29T00:14:35.771686,moyenne
BJ-BA26E96B,Détaillant Shop,Commerce & Distribution,Pehunco,+229 59 30 11 72,,,PME (10-50),B2B/B2C,Facebook Pages,,Actif,2026-06-29T00:14:35.771703,basse
BJ-218024F1,SARL Supermarché,Commerce & Distribution,Pehunco,+229 88 36 42 83,,,TPE (<10),B2B/B2C,Facebook Pages,,Actif,2026-06-29T00:14:35.771714,basse
BJ-3F41FDD7,Centre Marché Pehunco,Commerce & Distribution,Pehunco,+229 64 39 95 90,centre.marché.pehunco@centre.marché.pehunco.org,,TPE (<10),B2B/B2C,Facebook Pages,,Actif,2026-06-29T00:14:35.771726,moyenne
BJ-CD50C2CC,Commerce,Commerce & Distribution,Pehunco,+229 48 19 42 86,,,TPE (<10),B2C,Facebook Pages,,Actif,2026-06-29T00:14:35.771737,basse
BJ-AE93A973,Commerce Supply,Commerce & Distribution,Pehunco,+229 47 49 59 98,commerce.supply@commerce.supply.bj,,PME (50-200),B2B/B2C,Facebook Pages,,Actif,2026-06-29T00:14:35.771749,moyenne
BJ-89B40938,Alimentaire Copargo,Commerce & Distribution,Copargo,+229 78 49 56 51,,,PME (10-50),B2C,Facebook Pages,,Actif,2026-06-29T00:14:35.771765,basse
BJ-3CF28707,Grossiste Copargo,Commerce & Distribution,Copargo,+229 55 32 87 85,,grossistecopargo.bj,Grande (>200),B2C,Facebook Pages,,Actif,2026-06-29T00:14:35.771776,moyenne
BJ-A1EE723D,Centre Provision Market,Commerce & Distribution,Copargo,+229 61 73 92 25,,,PME (50-200),B2C,Facebook Pages,,Actif,2026-06-29T00:14:35.771786,basse
BJ-AA3059FC,Commerce Copargo,Commerce & Distribution,Copargo,+229 34 82 34 76,commerce.copargo@commerce.copargo.org,,TPE (<10),B2C,Facebook Pages,,Actif,2026-06-29T00:14:35.771801,moyenne
BJ-268F72FD,Distribution Groupe,Commerce & Distribution,Copargo,+229 51 23 33 64,,,Grande (>200),B2C,Facebook Pages,,Actif,2026-06-29T00:14:35.771815,basse
BJ-5F9CD897,Grand Inn,Restauration & Hôtellerie,Cotonou,+229 76 91 55 56,,grandinn.bj,PME (10-50),B2C,Facebook Pages,,Actif,2026-06-29T00:14:35.771834,moyenne
BJ-1CCCE018,Brasserie Jardin,Restauration & Hôtellerie,Cotonou,+229 54 37 20 37,brasserie.jardin@brasserie.jardin.org,brasseriejardin.bj,TPE (<10),B2C,Facebook Pages,,Actif,2026-06-29T00:14:35.771845,haute
BJ-729E5395,Restaurant Nouveau Inn,Restauration & Hôtellerie,Cotonou,+229 91 35 87 36,,,PME (50-200),B2C,Facebook Pages,,Actif,2026-06-29T00:14:35.771856,basse
BJ-64EED93E,Détente Inn,Restauration & Hôtellerie,Cotonou,+229 38 30 16 11,,détenteinn.bj,TPE (<10),B2C,Facebook Pages,,Actif,2026-06-29T00:14:35.771868,moyenne
BJ-C388C2E9,Hôtel Royal Bénin,Restauration & Hôtellerie,Cotonou,+229 50 24 32 34,,,Grande (>200),B2C,Facebook Pages,,Actif,2026-06-29T00:14:35.771882,basse
BJ-9AA19CAC,Bar Lac Hotel,Restauration & Hôtellerie,Abomey-Calavi,+229 85 72 97 32,,,TPE (<10),B2C,Facebook Pages,,Actif,2026-06-29T00:14:35.771905,basse
BJ-F556216C,Pension Palace,Restauration & Hôtellerie,Abomey-Calavi,+229 54 42 38 41,pension.palace@pension.palace.benin,,TPE (<10),B2C,Facebook Pages,,Actif,2026-06-29T00:14:35.771917,moyenne
BJ-32E0C4FC,Ambiance,Restauration & Hôtellerie,Abomey-Calavi,+229 82 62 10 65,ambiance@ambiance.benin,ambiance.bj,TPE (<10),B2C,Facebook Pages,,Actif,2026-06-29T00:14:35.771928,haute
BJ-9521FE24,Auberge Village,Restauration & Hôtellerie,Abomey-Calavi,+229 49 70 22 48,auberge.village@auberge.village.bj,,TPE (<10),B2C,Facebook Pages,,Actif,2026-06-29T00:14:35.771943,moyenne
BJ-697ACAFA,Restaurant Ambiance Inn,Restauration & Hôtellerie,Abomey-Calavi,+229 87 51 56 77,,,TPE (<10),B2C,Facebook Pages,,Actif,2026-06-29T00:14:35.771954,basse
BJ-37291CEF,Café Saveur Porto-Novo,Restauration & Hôtellerie,Porto-Novo,+229 25 36 28 55,,cafésaveurportonovo.bj,TPE (<10),B2C,Facebook Pages,,Actif,2026-06-29T00:14:35.771973,moyenne
BJ-3BF9C188,Village Palace,Restauration & Hôtellerie,Porto-Novo,+229 56 57 26 29,village.palace@village.palace.net,,TPE (<10),B2C,Facebook Pages,,Actif,2026-06-29T00:14:35.771984,moyenne
BJ-CC7B0E6B,Grand Porto-Novo,Restauration & Hôtellerie,Porto-Novo,+229 84 66 11 14,grand.portonovo@grand.portonovo.com,grandportonovo.bj,PME (50-200),B2C,Facebook Pages,,Actif,2026-06-29T00:14:35.771996,haute
BJ-816DF446,Village International,Restauration & Hôtellerie,Porto-Novo,+229 23 95 63 55,village.international@village.international.net,villageinternational.bj,PME (10-50),B2C,Facebook Pages,,Actif,2026-06-29T00:14:35.772008,haute
BJ-48FD4DEE,Café Ambiance Inn,Restauration & Hôtellerie,Porto-Novo,+229 35 69 77 15,café.ambiance.inn@café.ambiance.inn.benin,caféambianceinn.bj,TPE (<10),B2C,Facebook Pages,,Actif,2026-06-29T00:14:35.772021,haute
BJ-8CB8D1E1,Plage Inn Parakou,Restauration & Hôtellerie,Parakou,+229 55 39 14 74,plage.inn.parakou@plage.inn.parakou.bj,plageinnparakou.bj,PME (10-50),B2C,Facebook Pages,,Actif,2026-06-29T00:14:35.772043,haute
BJ-ED04BA66,Auberge Détente Hotel,Restauration & Hôtellerie,Parakou,+229 90 82 52 10,auberge.détente.hotel@auberge.détente.hotel.net,,PME (10-50),B2C,Facebook Pages,,Actif,2026-06-29T00:14:35.772056,moyenne
BJ-E3FFACAD,Bar Jardin,Restauration & Hôtellerie,Parakou,+229 94 71 65 95,,barjardin.bj,PME (50-200),B2C,Facebook Pages,,Actif,2026-06-29T00:14:35.772066,moyenne
BJ-A9838878,Ambiance Hotel,Restauration & Hôtellerie,Parakou,+229 65 19 78 63,ambiance.hotel@ambiance.hotel.com,,TPE (<10),B2C,Facebook Pages,,Actif,2026-06-29T00:14:35.772081,moyenne
BJ-ADDFB670,Pension Jardin,Restauration & Hôtellerie,Parakou,+229 60 39 65 33,pension.jardin@pension.jardin.benin,,Grande (>200),B2C,Facebook Pages,,Actif,2026-06-29T00:14:35.772093,moyenne
BJ-08D81545,Ambiance Hotel,Restauration & Hôtellerie,Bohicon,+229 54 63 78 71,,ambiancehotel.bj,PME (50-200),B2C,Facebook Pages,,Actif,2026-06-29T00:14:35.772110,moyenne
BJ-4EDB9501,Brasserie Goût,Restauration & Hôtellerie,Bohicon,+229 47 26 56 76,,brasseriegoût.bj,PME (10-50),B2C,Facebook Pages,,Actif,2026-06-29T00:14:35.772121,moyenne
BJ-D7A016EF,Restaurant Palace,Restauration & Hôtellerie,Bohicon,+229 46 82 34 26,restaurant.palace@restaurant.palace.bj,restaurantpalace.bj,PME (10-50),B2C,Facebook Pages,,Actif,2026-06-29T00:14:35.772133,haute
BJ-43B3B8D7,Café Royal,Restauration & Hôtellerie,Bohicon,+229 45 67 58 68,,caféroyal.bj,PME (10-50),B2C,Facebook Pages,,Actif,2026-06-29T00:14:35.772145,moyenne
BJ-0C188186,Table Hotel,Restauration & Hôtellerie,Bohicon,+229 84 44 56 67,table.hotel@table.hotel.com,tablehotel.bj,PME (50-200),B2C,Facebook Pages,,Actif,2026-06-29T00:14:35.772157,haute
BJ-577FF706,Grand,Restauration & Hôtellerie,Natitingou,+229 58 48 59 36,grand@grand.org,grand.bj,TPE (<10),B2C,Facebook Pages,,Actif,2026-06-29T00:14:35.772178,haute
BJ-D374FD3C,Bar Royal,Restauration & Hôtellerie,Natitingou,+229 65 72 40 56,bar.royal@bar.royal.benin,barroyal.bj,TPE (<10),B2C,Facebook Pages,,Actif,2026-06-29T00:14:35.772191,haute
BJ-66B5C300,Pension Goût,Restauration & Hôtellerie,Natitingou,+229 98 61 23 38,pension.goût@pension.goût.net,pensiongoût.bj,TPE (<10),B2C,Facebook Pages,,Actif,2026-06-29T00:14:35.772204,haute
BJ-4BD41FAB,Plage,Restauration & Hôtellerie,Natitingou,+229 23 48 40 86,,plage.bj,TPE (<10),B2C,Facebook Pages,,Actif,2026-06-29T00:14:35.772221,moyenne
BJ-FAF66342,Grand Palace,Restauration & Hôtellerie,Natitingou,+229 87 83 35 17,grand.palace@grand.palace.net,,PME (50-200),B2C,Facebook Pages,,Actif,2026-06-29T00:14:35.772240,moyenne
BJ-AB363154,Pension Table Inn,Restauration & Hôtellerie,Lokossa,+229 70 74 61 39,pension.table.inn@pension.table.inn.com,pensiontableinn.bj,PME (50-200),B2C,Facebook Pages,,Actif,2026-06-29T00:14:35.772258,haute
BJ-C2883D29,Mer Inn,Restauration & Hôtellerie,Lokossa,+229 69 11 94 21,mer.inn@mer.inn.bj,merinn.bj,PME (50-200),B2C,Facebook Pages,,Actif,2026-06-29T00:14:35.772270,haute
BJ-AADAAB8A,Bar Détente,Restauration & Hôtellerie,Lokossa,+229 43 70 24 16,bar.détente@bar.détente.benin,bardétente.bj,TPE (<10),B2C,Facebook Pages,,Actif,2026-06-29T00:14:35.772283,haute
BJ-65B2A894,Ambiance Palace,Restauration & Hôtellerie,Lokossa,+229 59 91 45 91,,ambiancepalace.bj,PME (10-50),B2C,Facebook Pages,,Actif,2026-06-29T00:14:35.772295,moyenne
BJ-FF16182C,Hôtel Ambiance,Restauration & Hôtellerie,Lokossa,+229 96 82 71 37,hôtel.ambiance@hôtel.ambiance.bj,hôtelambiance.bj,Grande (>200),B2C,Facebook Pages,,Actif,2026-06-29T00:14:35.772308,haute
BJ-FA04366F,Grand Restaurant,Restauration & Hôtellerie,Ouidah,+229 91 89 15 62,grand.restaurant@grand.restaurant.net,grandrestaurant.bj,Grande (>200),B2C,Facebook Pages,,Actif,2026-06-29T00:14:35.772325,haute
BJ-FA3A2747,Hôtel Jardin,Restauration & Hôtellerie,Ouidah,+229 52 62 57 15,,hôteljardin.bj,TPE (<10),B2C,Facebook Pages,,Actif,2026-06-29T00:14:35.772337,moyenne
BJ-BADCD590,Pension Table,Restauration & Hôtellerie,Ouidah,+229 45 31 86 45,pension.table@pension.table.net,pensiontable.bj,PME (10-50),B2C,Facebook Pages,,Actif,2026-06-29T00:14:35.772349,haute
BJ-938D0A7D,Grand,Restauration & Hôtellerie,Ouidah,+229 99 79 17 25,grand@grand.com,grand.bj,PME (50-200),B2C,Facebook Pages,,Actif,2026-06-29T00:14:35.772364,haute
BJ-7DF02157,Saveur,Restauration & Hôtellerie,Ouidah,+229 70 26 86 27,saveur@saveur.com,,PME (10-50),B2C,Facebook Pages,,Actif,2026-06-29T00:14:35.772376,moyenne
BJ-B30369ED,Grand Savalou,Restauration & Hôtellerie,Savalou,+229 63 82 40 83,,,PME (10-50),B2C,Facebook Pages,,Actif,2026-06-29T00:14:35.772392,basse
BJ-1DF37576,Brasserie Jardin Inn Savalou,Restauration & Hôtellerie,Savalou,+229 48 78 46 47,brasserie.jardin.inn.savalou@brasserie.jardin.inn.savalou.org,brasseriejardininnsavalou.bj,TPE (<10),B2C,Facebook Pages,,Actif,2026-06-29T00:14:35.772406,haute
BJ-F862452E,Bar Gourmet,Restauration & Hôtellerie,Savalou,+229 44 34 44 13,bar.gourmet@bar.gourmet.com,,TPE (<10),B2C,Facebook Pages,,Actif,2026-06-29T00:14:35.772417,moyenne
BJ-5131C42A,Lac Savalou,Restauration & Hôtellerie,Savalou,+229 71 38 73 68,,lacsavalou.bj,PME (10-50),B2C,Facebook Pages,,Actif,2026-06-29T00:14:35.772433,moyenne
BJ-1FDE5506,Pension Saveur Savalou,Restauration & Hôtellerie,Savalou,+229 74 27 48 75,,pensionsaveursavalou.bj,PME (50-200),B2C,Facebook Pages,,Actif,2026-06-29T00:14:35.772445,moyenne
BJ-93E2CB3E,Café Royal Brasserie,Restauration & Hôtellerie,Dassa-Zoumè,+229 35 21 99 75,café.royal.brasserie@café.royal.brasserie.net,caféroyalbrasserie.bj,TPE (<10),B2C,Facebook Pages,,Actif,2026-06-29T00:14:35.772464,haute
BJ-28C5E302,Royal Palace,Restauration & Hôtellerie,Dassa-Zoumè,+229 34 98 34 78,royal.palace@royal.palace.bj,royalpalace.bj,TPE (<10),B2C,Facebook Pages,,Actif,2026-06-29T00:14:35.772476,haute
BJ-78F5A12E,Pension Table Dassa-Zoumè,Restauration & Hôtellerie,Dassa-Zoumè,+229 97 53 12 98,,pensiontabledassazoumè.bj,PME (10-50),B2C,Facebook Pages,,Actif,2026-06-29T00:14:35.772492,moyenne
BJ-C669D42C,Table Restaurant,Restauration & Hôtellerie,Dassa-Zoumè,+229 79 98 90 13,,tablerestaurant.bj,PME (50-200),B2C,Facebook Pages,,Actif,2026-06-29T00:14:35.772507,moyenne
BJ-4D1902E2,Café Mer Palace,Restauration & Hôtellerie,Kétou,+229 23 87 11 80,café.mer.palace@café.mer.palace.com,cafémerpalace.bj,Grande (>200),B2C,Facebook Pages,,Actif,2026-06-29T00:14:35.772538,haute
BJ-E31A1929,Bar Grand,Restauration & Hôtellerie,Kétou,+229 60 44 19 11,bar.grand@bar.grand.org,,PME (10-50),B2C,Facebook Pages,,Actif,2026-06-29T00:14:35.772550,moyenne
BJ-C61A4F6D,Pension Mer Kétou,Restauration & Hôtellerie,Kétou,+229 52 88 55 98,,,Grande (>200),B2C,Facebook Pages,,Actif,2026-06-29T00:14:35.772561,basse
BJ-301A3C82,Hôtel Gourmet,Restauration & Hôtellerie,Kétou,+229 68 63 52 21,hôtel.gourmet@hôtel.gourmet.net,hôtelgourmet.bj,TPE (<10),B2C,Facebook Pages,,Actif,2026-06-29T00:14:35.772577,haute
BJ-4409D2B3,Hôtel Table,Restauration & Hôtellerie,Kétou,+229 50 95 46 78,,hôteltable.bj,Grande (>200),B2C,Facebook Pages,,Actif,2026-06-29T00:14:35.772588,moyenne
BJ-89EB7E64,Grand Brasserie,Restauration & Hôtellerie,Covè,+229 45 48 58 50,grand.brasserie@grand.brasserie.net,,TPE (<10),B2C,Facebook Pages,,Actif,2026-06-29T00:14:35.772606,moyenne
BJ-D0235A9E,Café Détente,Restauration & Hôtellerie,Covè,+229 39 41 26 20,café.détente@café.détente.benin,,Grande (>200),B2C,Facebook Pages,,Actif,2026-06-29T00:14:35.772619,moyenne
BJ-29639C31,Restaurant Lac Restaurant Covè,Restauration & Hôtellerie,Covè,+229 61 18 17 60,restaurant.lac.restaurant.covè@restaurant.lac.restaurant.covè.org,,TPE (<10),B2C,Facebook Pages,,Actif,2026-06-29T00:14:35.772632,moyenne
BJ-6F5A4E58,Palace,Restauration & Hôtellerie,Covè,+229 94 27 16 68,,,PME (50-200),B2C,Facebook Pages,,Actif,2026-06-29T00:14:35.772645,basse
BJ-465DFB8F,Brasserie Plage,Restauration & Hôtellerie,Covè,+229 49 82 96 51,brasserie.plage@brasserie.plage.org,,PME (50-200),B2C,Facebook Pages,,Actif,2026-06-29T00:14:35.772657,moyenne
BJ-80DDBC0F,Café Jardin Brasserie,Restauration & Hôtellerie,Pobè,+229 29 43 83 10,café.jardin.brasserie@café.jardin.brasserie.com,caféjardinbrasserie.bj,TPE (<10),B2C,Facebook Pages,,Actif,2026-06-29T00:14:35.772675,haute
BJ-8D1DD81B,Hôtel Palace Palace,Restauration & Hôtellerie,Pobè,+229 76 82 63 89,hôtel.palace.palace@hôtel.palace.palace.com,,TPE (<10),B2C,Facebook Pages,,Actif,2026-06-29T00:14:35.772691,moyenne
BJ-71053C48,Plage,Restauration & Hôtellerie,Pobè,+229 95 72 99 21,plage@plage.org,,PME (10-50),B2C,Facebook Pages,,Actif,2026-06-29T00:14:35.772703,moyenne
BJ-1A71A35C,Pension Détente Pobè,Restauration & Hôtellerie,Pobè,+229 77 58 93 85,pension.détente.pobè@pension.détente.pobè.net,pensiondétentepobè.bj,Grande (>200),B2C,Facebook Pages,,Actif,2026-06-29T00:14:35.772716,haute
BJ-254E3FB8,Détente Bénin,Restauration & Hôtellerie,Pobè,+229 32 94 89 79,,,PME (10-50),B2C,Facebook Pages,,Actif,2026-06-29T00:14:35.772726,basse
BJ-A9C79576,Détente,Restauration & Hôtellerie,Sakété,+229 67 98 67 47,,détente.bj,Grande (>200),B2C,Facebook Pages,,Actif,2026-06-29T00:14:35.772744,moyenne
BJ-AC3FBDAF,Mer,Restauration & Hôtellerie,Sakété,+229 62 90 28 59,,mer.bj,TPE (<10),B2C,Facebook Pages,,Actif,2026-06-29T00:14:35.772755,moyenne
BJ-A00D6D5A,Café Grand,Restauration & Hôtellerie,Sakété,+229 52 21 79 38,,cafégrand.bj,PME (50-200),B2C,Facebook Pages,,Actif,2026-06-29T00:14:35.772766,moyenne
BJ-0F3D2A02,Saveur,Restauration & Hôtellerie,Sakété,+229 88 17 66 20,,saveur.bj,PME (10-50),B2C,Facebook Pages,,Actif,2026-06-29T00:14:35.772780,moyenne
BJ-431744F9,Restaurant Ambiance,Restauration & Hôtellerie,Sakété,+229 39 11 24 64,,,PME (10-50),B2C,Facebook Pages,,Actif,2026-06-29T00:14:35.772792,basse
BJ-B0739972,Pension Goût Adjara,Restauration & Hôtellerie,Adjara,+229 41 77 63 97,pension.goût.adjara@pension.goût.adjara.net,pensiongoûtadjara.bj,PME (10-50),B2C,Facebook Pages,,Actif,2026-06-29T00:14:35.772811,haute
BJ-EEC088EE,Auberge Table Inn Adjara,Restauration & Hôtellerie,Adjara,+229 27 65 86 31,,aubergetableinnadjara.bj,Grande (>200),B2C,Facebook Pages,,Actif,2026-06-29T00:14:35.772849,moyenne
BJ-EAFAFF4B,Goût Brasserie,Restauration & Hôtellerie,Adjara,+229 82 33 56 17,goût.brasserie@goût.brasserie.bj,goûtbrasserie.bj,TPE (<10),B2C,Facebook Pages,,Actif,2026-06-29T00:14:35.772863,haute
BJ-4C21CCE2,Nouveau International,Restauration & Hôtellerie,Adjara,+229 47 21 44 44,nouveau.international@nouveau.international.org,nouveauinternational.bj,PME (10-50),B2C,Facebook Pages,,Actif,2026-06-29T00:14:35.772875,haute
BJ-64EA2AC8,Restaurant Palace Allada,Restauration & Hôtellerie,Allada,+229 78 27 94 24,,restaurantpalaceallada.bj,TPE (<10),B2C,Facebook Pages,,Actif,2026-06-29T00:14:35.772898,moyenne
BJ-C16B1206,Table Café,Restauration & Hôtellerie,Allada,+229 52 16 64 55,table.café@table.café.benin,tablecafé.bj,TPE (<10),B2C,Facebook Pages,,Actif,2026-06-29T00:14:35.772912,haute
BJ-EAC88A7C,Village Bénin Allada,Restauration & Hôtellerie,Allada,+229 24 12 48 29,,,PME (10-50),B2C,Facebook Pages,,Actif,2026-06-29T00:14:35.772928,basse
BJ-64544F95,Bar Lac,Restauration & Hôtellerie,Allada,+229 34 70 22 53,,,TPE (<10),B2C,Facebook Pages,,Actif,2026-06-29T00:14:35.772945,basse
BJ-44F173C3,Mer Restaurant,Restauration & Hôtellerie,Allada,+229 46 84 85 67,mer.restaurant@mer.restaurant.benin,merrestaurant.bj,PME (10-50),B2C,Facebook Pages,,Actif,2026-06-29T00:14:35.772959,haute
BJ-219E0E0D,Auberge Grand,Restauration & Hôtellerie,Aplahoué,+229 45 92 54 92,auberge.grand@auberge.grand.com,,TPE (<10),B2C,Facebook Pages,,Actif,2026-06-29T00:14:35.772977,moyenne
BJ-1AA89C13,Saveur,Restauration & Hôtellerie,Aplahoué,+229 65 33 66 60,,,TPE (<10),B2C,Facebook Pages,,Actif,2026-06-29T00:14:35.772987,basse
BJ-D036935E,Pension Table Restaurant Aplahoué,Restauration & Hôtellerie,Aplahoué,+229 72 51 49 96,pension.table.restaurant.aplahoué@pension.table.restaurant.aplahoué.net,,PME (10-50),B2C,Facebook Pages,,Actif,2026-06-29T00:14:35.773000,moyenne
BJ-23C61554,Mer,Restauration & Hôtellerie,Aplahoué,+229 51 59 85 47,mer@mer.bj,,PME (10-50),B2C,Facebook Pages,,Actif,2026-06-29T00:14:35.773012,moyenne
BJ-04AE6F23,Lac Restaurant,Restauration & Hôtellerie,Aplahoué,+229 24 85 92 18,lac.restaurant@lac.restaurant.net,lacrestaurant.bj,PME (50-200),B2C,Facebook Pages,,Actif,2026-06-29T00:14:35.773024,haute
BJ-6D1140AF,Hôtel Plage Palace,Restauration & Hôtellerie,Dogbo-Tota,+229 87 54 16 10,,,TPE (<10),B2C,Facebook Pages,,Actif,2026-06-29T00:14:35.773040,basse
BJ-D8C71F73,Table,Restauration & Hôtellerie,Dogbo-Tota,+229 93 23 18 31,,,PME (10-50),B2C,Facebook Pages,,Actif,2026-06-29T00:14:35.773051,basse
BJ-E3381FC1,Brasserie Goût,Restauration & Hôtellerie,Dogbo-Tota,+229 46 50 70 51,,brasseriegoût.bj,PME (50-200),B2C,Facebook Pages,,Actif,2026-06-29T00:14:35.773062,moyenne
BJ-3E72C5EF,Café Saveur Bénin,Restauration & Hôtellerie,Dogbo-Tota,+229 40 68 70 75,,,TPE (<10),B2C,Facebook Pages,,Actif,2026-06-29T00:14:35.773076,basse
BJ-608D551E,Mer Brasserie,Restauration & Hôtellerie,Dogbo-Tota,+229 36 47 43 25,mer.brasserie@mer.brasserie.com,,PME (50-200),B2C,Facebook Pages,,Actif,2026-06-29T00:14:35.773088,moyenne
BJ-0A22A2F8,Lac,Restauration & Hôtellerie,Kpomassè,+229 72 48 93 52,lac@lac.net,,TPE (<10),B2C,Facebook Pages,,Actif,2026-06-29T00:14:35.773106,moyenne
BJ-F89041B8,Bar Goût,Restauration & Hôtellerie,Kpomassè,+229 84 44 50 30,bar.goût@bar.goût.org,bargoût.bj,PME (50-200),B2C,Facebook Pages,,Actif,2026-06-29T00:14:35.773118,haute
BJ-FF2BEDC0,Palace,Restauration & Hôtellerie,Kpomassè,+229 79 18 84 10,,palace.bj,TPE (<10),B2C,Facebook Pages,,Actif,2026-06-29T00:14:35.773130,moyenne
BJ-A2FF045A,Nouveau Hotel,Restauration & Hôtellerie,Kpomassè,+229 80 85 32 93,,,TPE (<10),B2C,Facebook Pages,,Actif,2026-06-29T00:14:35.773140,basse
BJ-483AF2DB,Grand Kpomassè,Restauration & Hôtellerie,Kpomassè,+229 44 49 43 70,,grandkpomassè.bj,TPE (<10),B2C,Facebook Pages,,Actif,2026-06-29T00:14:35.773155,moyenne
BJ-53BE6286,Bar Saveur Palace,Restauration & Hôtellerie,Tori-Bossito,+229 31 46 42 52,,,TPE (<10),B2C,Facebook Pages,,Actif,2026-06-29T00:14:35.773172,basse
BJ-C5ABA196,Jardin,Restauration & Hôtellerie,Tori-Bossito,+229 62 18 93 42,jardin@jardin.net,,PME (50-200),B2C,Facebook Pages,,Actif,2026-06-29T00:14:35.773183,moyenne
BJ-29E7F727,Café Table Inn,Restauration & Hôtellerie,Tori-Bossito,+229 90 40 31 37,,cafétableinn.bj,TPE (<10),B2C,Facebook Pages,,Actif,2026-06-29T00:14:35.773195,moyenne
BJ-868F3D3E,Bar Détente,Restauration & Hôtellerie,Tori-Bossito,+229 68 42 83 13,bar.détente@bar.détente.org,bardétente.bj,Grande (>200),B2C,Facebook Pages,,Actif,2026-06-29T00:14:35.773211,haute
BJ-6861EE03,Restaurant Jardin Restaurant,Restauration & Hôtellerie,Tori-Bossito,+229 32 33 55 36,,restaurantjardinrestaurant.bj,TPE (<10),B2C,Facebook Pages,,Actif,2026-06-29T00:14:35.773223,moyenne
BJ-1B3AF480,Hôtel Palace International,Restauration & Hôtellerie,Grand-Popo,+229 73 59 58 54,,hôtelpalaceinternational.bj,Grande (>200),B2C,Facebook Pages,,Actif,2026-06-29T00:14:35.773241,moyenne
BJ-C6E57C2D,Café Table,Restauration & Hôtellerie,Grand-Popo,+229 89 46 26 59,,cafétable.bj,PME (10-50),B2C,Facebook Pages,,Actif,2026-06-29T00:14:35.773255,moyenne
BJ-FB5C5166,Café Palace Grand-Popo,Restauration & Hôtellerie,Grand-Popo,+229 21 71 65 83,café.palace.grandpopo@café.palace.grandpopo.bj,cafépalacegrandpopo.bj,TPE (<10),B2C,Facebook Pages,,Actif,2026-06-29T00:14:35.773269,haute
BJ-24D92A45,Table International,Restauration & Hôtellerie,Grand-Popo,+229 73 43 12 19,,tableinternational.bj,TPE (<10),B2C,Facebook Pages,,Actif,2026-06-29T00:14:35.773280,moyenne
BJ-6D91678D,Grand Restaurant,Restauration & Hôtellerie,Grand-Popo,+229 24 13 73 59,grand.restaurant@grand.restaurant.bj,grandrestaurant.bj,PME (10-50),B2C,Facebook Pages,,Actif,2026-06-29T00:14:35.773292,haute
BJ-5F85477F,Jardin Palace Athiémé,Restauration & Hôtellerie,Athiémé,+229 58 65 33 68,jardin.palace.athiémé@jardin.palace.athiémé.com,jardinpalaceathiémé.bj,TPE (<10),B2C,Facebook Pages,,Actif,2026-06-29T00:14:35.773312,haute
BJ-34583071,Hôtel Détente Café Athiémé,Restauration & Hôtellerie,Athiémé,+229 39 19 93 39,hôtel.détente.café.athiémé@hôtel.détente.café.athiémé.net,hôteldétentecaféathiémé.bj,TPE (<10),B2C,Facebook Pages,,Actif,2026-06-29T00:14:35.773325,haute
BJ-A05086ED,Palace Athiémé,Restauration & Hôtellerie,Athiémé,+229 56 83 48 47,palace.athiémé@palace.athiémé.net,palaceathiémé.bj,TPE (<10),B2C,Facebook Pages,,Actif,2026-06-29T00:14:35.773338,haute
BJ-030DE26C,Plage Restaurant,Restauration & Hôtellerie,Athiémé,+229 28 56 82 21,,,PME (10-50),B2C,Facebook Pages,,Actif,2026-06-29T00:14:35.773352,basse
BJ-36CA6F90,Pension Mer Athiémé,Restauration & Hôtellerie,Athiémé,+229 73 48 62 35,pension.mer.athiémé@pension.mer.athiémé.net,pensionmerathiémé.bj,TPE (<10),B2C,Facebook Pages,,Actif,2026-06-29T00:14:35.773365,haute
BJ-C87BB09F,Hôtel Gourmet Brasserie Bopa,Restauration & Hôtellerie,Bopa,+229 68 21 56 47,,hôtelgourmetbrasseriebopa.bj,PME (10-50),B2C,Facebook Pages,,Actif,2026-06-29T00:14:35.773383,moyenne
BJ-B478C067,Village,Restauration & Hôtellerie,Bopa,+229 69 47 49 75,village@village.net,village.bj,TPE (<10),B2C,Facebook Pages,,Actif,2026-06-29T00:14:35.773395,haute
BJ-DE4EAB7B,Auberge Mer International,Restauration & Hôtellerie,Bopa,+229 36 27 76 34,auberge.mer.international@auberge.mer.international.benin,,TPE (<10),B2C,Facebook Pages,,Actif,2026-06-29T00:14:35.773410,moyenne
BJ-7430F83C,Café Palace International,Restauration & Hôtellerie,Bopa,+229 28 62 60 31,café.palace.international@café.palace.international.org,,TPE (<10),B2C,Facebook Pages,,Actif,2026-06-29T00:14:35.773423,moyenne
BJ-B8DE8DAE,Auberge Grand,Restauration & Hôtellerie,Bopa,+229 65 43 42 51,,aubergegrand.bj,TPE (<10),B2C,Facebook Pages,,Actif,2026-06-29T00:14:35.773434,moyenne
BJ-B5A535CF,Goût Houéyogbé,Restauration & Hôtellerie,Houéyogbé,+229 63 28 38 83,,,TPE (<10),B2C,Facebook Pages,,Actif,2026-06-29T00:14:35.773451,basse
BJ-3CB367D3,Détente Brasserie,Restauration & Hôtellerie,Houéyogbé,+229 52 20 21 52,,,TPE (<10),B2C,Facebook Pages,,Actif,2026-06-29T00:14:35.773462,basse
BJ-53382E20,Ambiance Brasserie,Restauration & Hôtellerie,Houéyogbé,+229 78 21 14 16,,ambiancebrasserie.bj,PME (10-50),B2C,Facebook Pages,,Actif,2026-06-29T00:14:35.773473,moyenne
BJ-7E511AB9,Goût Inn,Restauration & Hôtellerie,Houéyogbé,+229 27 77 57 73,goût.inn@goût.inn.benin,,PME (50-200),B2C,Facebook Pages,,Actif,2026-06-29T00:14:35.773488,moyenne
BJ-FC3090FD,Mer Restaurant,Restauration & Hôtellerie,Houéyogbé,+229 50 69 37 16,,,TPE (<10),B2C,Facebook Pages,,Actif,2026-06-29T00:14:35.773499,basse
BJ-85DF4A3B,Hôtel Nouveau,Restauration & Hôtellerie,Malanville,+229 65 67 52 30,,,TPE (<10),B2C,Facebook Pages,,Actif,2026-06-29T00:14:35.773522,basse
BJ-3C3536DF,Goût Palace,Restauration & Hôtellerie,Malanville,+229 74 89 54 48,goût.palace@goût.palace.com,,PME (10-50),B2C,Facebook Pages,,Actif,2026-06-29T00:14:35.773535,moyenne
BJ-52371A5E,Bar Mer,Restauration & Hôtellerie,Malanville,+229 24 17 55 61,,barmer.bj,PME (50-200),B2C,Facebook Pages,,Actif,2026-06-29T00:14:35.773547,moyenne
BJ-5D71F249,Auberge Royal Café,Restauration & Hôtellerie,Malanville,+229 99 45 23 95,,aubergeroyalcafé.bj,TPE (<10),B2C,Facebook Pages,,Actif,2026-06-29T00:14:35.773559,moyenne
BJ-889D7AB2,Hôtel Grand Bénin,Restauration & Hôtellerie,Malanville,+229 46 20 43 90,hôtel.grand.bénin@hôtel.grand.bénin.org,hôtelgrandbénin.bj,TPE (<10),B2C,Facebook Pages,,Actif,2026-06-29T00:14:35.773572,haute
BJ-294F7076,Restaurant Goût Kandi,Restauration & Hôtellerie,Kandi,+229 71 36 57 21,restaurant.goût.kandi@restaurant.goût.kandi.org,,PME (10-50),B2C,Facebook Pages,,Actif,2026-06-29T00:14:35.773594,moyenne
BJ-CCD98B0B,Pension Goût,Restauration & Hôtellerie,Kandi,+229 64 95 57 20,pension.goût@pension.goût.benin,pensiongoût.bj,PME (10-50),B2C,Facebook Pages,,Actif,2026-06-29T00:14:35.773607,haute
BJ-56B1A549,Gourmet,Restauration & Hôtellerie,Kandi,+229 48 52 88 62,,,TPE (<10),B2C,Facebook Pages,,Actif,2026-06-29T00:14:35.773618,basse
BJ-C92D0231,Café Royal,Restauration & Hôtellerie,Kandi,+229 55 83 65 36,café.royal@café.royal.com,caféroyal.bj,TPE (<10),B2C,Facebook Pages,,Actif,2026-06-29T00:14:35.773634,haute
BJ-D1BADA73,Village,Restauration & Hôtellerie,Kandi,+229 95 18 56 58,village@village.bj,village.bj,TPE (<10),B2C,Facebook Pages,,Actif,2026-06-29T00:14:35.773649,haute
BJ-4E2E9C05,Table Palace Banikoara,Restauration & Hôtellerie,Banikoara,+229 89 42 29 94,,tablepalacebanikoara.bj,TPE (<10),B2C,Facebook Pages,,Actif,2026-06-29T00:14:35.773667,moyenne
BJ-D1844F54,Table,Restauration & Hôtellerie,Banikoara,+229 74 21 99 92,table@table.com,,PME (10-50),B2C,Facebook Pages,,Actif,2026-06-29T00:14:35.773679,moyenne
BJ-0388491E,Brasserie Gourmet,Restauration & Hôtellerie,Banikoara,+229 63 13 54 61,brasserie.gourmet@brasserie.gourmet.net,brasseriegourmet.bj,PME (10-50),B2C,Facebook Pages,,Actif,2026-06-29T00:14:35.773691,haute
BJ-1F9FF065,Pension Royal,Restauration & Hôtellerie,Banikoara,+229 93 30 83 31,,,PME (50-200),B2C,Facebook Pages,,Actif,2026-06-29T00:14:35.773702,basse
BJ-DE6314CE,Détente Restaurant,Restauration & Hôtellerie,Banikoara,+229 73 21 67 21,détente.restaurant@détente.restaurant.net,,TPE (<10),B2C,Facebook Pages,,Actif,2026-06-29T00:14:35.773713,moyenne
BJ-8DDEF625,Hôtel Royal,Restauration & Hôtellerie,Ségbana,+229 57 95 75 17,,hôtelroyal.bj,PME (50-200),B2C,Facebook Pages,,Actif,2026-06-29T00:14:35.773730,moyenne
BJ-90F9F5E4,Restaurant Nouveau,Restauration & Hôtellerie,Ségbana,+229 74 68 29 25,restaurant.nouveau@restaurant.nouveau.com,restaurantnouveau.bj,PME (10-50),B2C,Facebook Pages,,Actif,2026-06-29T00:14:35.773742,haute
BJ-1C601FFF,Brasserie Saveur Bénin,Restauration & Hôtellerie,Ségbana,+229 49 15 52 86,,brasseriesaveurbénin.bj,TPE (<10),B2C,Facebook Pages,,Actif,2026-06-29T00:14:35.773754,moyenne
BJ-94FEC78A,Jardin Ségbana,Restauration & Hôtellerie,Ségbana,+229 83 98 82 99,,,TPE (<10),B2C,Facebook Pages,,Actif,2026-06-29T00:14:35.773768,basse
BJ-75238391,Goût,Restauration & Hôtellerie,Ségbana,+229 30 59 21 34,,goût.bj,PME (50-200),B2C,Facebook Pages,,Actif,2026-06-29T00:14:35.773781,moyenne
BJ-CBF5B7F7,Café Plage Café,Restauration & Hôtellerie,Karimama,+229 35 50 80 75,café.plage.café@café.plage.café.benin,,PME (50-200),B2C,Facebook Pages,,Actif,2026-06-29T00:14:35.773799,moyenne
BJ-FF0100C2,Hôtel Gourmet,Restauration & Hôtellerie,Karimama,+229 20 93 88 27,hôtel.gourmet@hôtel.gourmet.org,,TPE (<10),B2C,Facebook Pages,,Actif,2026-06-29T00:14:35.773811,moyenne
BJ-0E36369C,Auberge Village Palace,Restauration & Hôtellerie,Karimama,+229 60 81 91 69,auberge.village.palace@auberge.village.palace.org,,PME (10-50),B2C,Facebook Pages,,Actif,2026-06-29T00:14:35.773823,moyenne
BJ-1A327651,Brasserie Ambiance International,Restauration & Hôtellerie,Karimama,+229 32 99 74 57,brasserie.ambiance.international@brasserie.ambiance.international.net,brasserieambianceinternational.bj,PME (50-200),B2C,Facebook Pages,,Actif,2026-06-29T00:14:35.773836,haute
BJ-25F04452,Table Hotel,Restauration & Hôtellerie,Karimama,+229 90 20 17 29,table.hotel@table.hotel.com,,PME (50-200),B2C,Facebook Pages,,Actif,2026-06-29T00:14:35.773847,moyenne
BJ-1D746B59,Pension Nouveau Palace Gogounou,Restauration & Hôtellerie,Gogounou,+229 32 93 66 90,pension.nouveau.palace.gogounou@pension.nouveau.palace.gogounou.org,,PME (10-50),B2C,Facebook Pages,,Actif,2026-06-29T00:14:35.773864,moyenne
BJ-1269AC94,Pension Table Inn,Restauration & Hôtellerie,Gogounou,+229 92 71 41 79,pension.table.inn@pension.table.inn.net,pensiontableinn.bj,TPE (<10),B2C,Facebook Pages,,Actif,2026-06-29T00:14:35.773880,haute
BJ-43E5B2BA,Auberge Table Inn,Restauration & Hôtellerie,Gogounou,+229 32 64 84 62,,,TPE (<10),B2C,Facebook Pages,,Actif,2026-06-29T00:14:35.773903,basse
BJ-937A9B30,Pension Grand International,Restauration & Hôtellerie,Gogounou,+229 63 80 75 54,,,Grande (>200),B2C,Facebook Pages,,Actif,2026-06-29T00:14:35.773924,basse
BJ-160136FD,Café Grand Inn,Restauration & Hôtellerie,Gogounou,+229 44 63 32 76,,,TPE (<10),B2C,Facebook Pages,,Actif,2026-06-29T00:14:35.773937,basse
BJ-6CF7E856,Brasserie Grand,Restauration & Hôtellerie,Cobly,+229 82 31 89 70,brasserie.grand@brasserie.grand.bj,,Grande (>200),B2C,Facebook Pages,,Actif,2026-06-29T00:14:35.773955,moyenne
BJ-5EA2577A,Ambiance,Restauration & Hôtellerie,Cobly,+229 39 90 76 59,,ambiance.bj,PME (10-50),B2C,Facebook Pages,,Actif,2026-06-29T00:14:35.773970,moyenne
BJ-BC0D85E1,Hôtel Plage Brasserie,Restauration & Hôtellerie,Cobly,+229 79 61 33 46,hôtel.plage.brasserie@hôtel.plage.brasserie.net,hôtelplagebrasserie.bj,TPE (<10),B2C,Facebook Pages,,Actif,2026-06-29T00:14:35.773984,haute
BJ-F445DA23,Restaurant Royal Brasserie,Restauration & Hôtellerie,Cobly,+229 88 61 12 50,,restaurantroyalbrasserie.bj,PME (10-50),B2C,Facebook Pages,,Actif,2026-06-29T00:14:35.773996,moyenne
BJ-75DD99CE,Hôtel Grand,Restauration & Hôtellerie,Cobly,+229 61 78 42 41,,hôtelgrand.bj,PME (10-50),B2C,Facebook Pages,,Actif,2026-06-29T00:14:35.774007,moyenne
BJ-01F26F47,Bar Grand Café,Restauration & Hôtellerie,Tanguiéta,+229 45 10 67 40,bar.grand.café@bar.grand.café.benin,bargrandcafé.bj,TPE (<10),B2C,Facebook Pages,,Actif,2026-06-29T00:14:35.774026,haute
BJ-012CB2DA,Plage,Restauration & Hôtellerie,Tanguiéta,+229 34 51 68 37,plage@plage.org,,PME (50-200),B2C,Facebook Pages,,Actif,2026-06-29T00:14:35.774054,moyenne
BJ-67CEC586,Auberge Lac Inn,Restauration & Hôtellerie,Tanguiéta,+229 70 90 55 63,,,PME (50-200),B2C,Facebook Pages,,Actif,2026-06-29T00:14:35.774065,basse
BJ-B6717C6D,Nouveau Brasserie,Restauration & Hôtellerie,Tanguiéta,+229 24 15 97 46,nouveau.brasserie@nouveau.brasserie.bj,nouveaubrasserie.bj,TPE (<10),B2C,Facebook Pages,,Actif,2026-06-29T00:14:35.774081,haute
BJ-711BEF03,Gourmet,Restauration & Hôtellerie,Tanguiéta,+229 68 60 66 90,gourmet@gourmet.org,gourmet.bj,Grande (>200),B2C,Facebook Pages,,Actif,2026-06-29T00:14:35.774093,haute
BJ-DD96A87A,Hôtel Table Bénin Matéri,Restauration & Hôtellerie,Matéri,+229 25 67 71 56,,hôteltablebéninmatéri.bj,PME (10-50),B2C,Facebook Pages,,Actif,2026-06-29T00:14:35.774112,moyenne
BJ-26F7A332,Jardin Restaurant,Restauration & Hôtellerie,Matéri,+229 49 42 13 67,jardin.restaurant@jardin.restaurant.com,jardinrestaurant.bj,PME (10-50),B2C,Facebook Pages,,Actif,2026-06-29T00:14:35.774124,haute
BJ-6E1766CB,Brasserie Jardin Matéri,Restauration & Hôtellerie,Matéri,+229 53 62 48 76,brasserie.jardin.matéri@brasserie.jardin.matéri.net,brasseriejardinmatéri.bj,Grande (>200),B2C,Facebook Pages,,Actif,2026-06-29T00:14:35.774140,haute
BJ-074D1F2A,Restaurant Ambiance Brasserie,Restauration & Hôtellerie,Matéri,+229 20 58 80 32,restaurant.ambiance.brasserie@restaurant.ambiance.brasserie.com,restaurantambiancebrasserie.bj,PME (50-200),B2C,Facebook Pages,,Actif,2026-06-29T00:14:35.774154,haute
BJ-4FF8866A,Café Lac,Restauration & Hôtellerie,Matéri,+229 24 46 24 61,,cafélac.bj,TPE (<10),B2C,Facebook Pages,,Actif,2026-06-29T00:14:35.774165,moyenne
BJ-EEE81A2C,Nouveau,Restauration & Hôtellerie,Natitingou,+229 47 57 35 41,,,TPE (<10),B2C,Facebook Pages,,Actif,2026-06-29T00:14:35.774181,basse
BJ-72CA52A4,Table,Restauration & Hôtellerie,Natitingou,+229 39 25 15 45,table@table.bj,,TPE (<10),B2C,Facebook Pages,,Actif,2026-06-29T00:14:35.774193,moyenne
BJ-6D9D27C8,Restaurant Mer,Restauration & Hôtellerie,Natitingou,+229 92 52 61 22,restaurant.mer@restaurant.mer.net,,PME (10-50),B2C,Facebook Pages,,Actif,2026-06-29T00:14:35.774204,moyenne
BJ-57EB21B8,Brasserie Goût,Restauration & Hôtellerie,Natitingou,+229 98 13 92 90,brasserie.goût@brasserie.goût.com,brasseriegoût.bj,PME (10-50),B2C,Facebook Pages,,Actif,2026-06-29T00:14:35.774221,haute
BJ-6BEAD099,Café Royal Natitingou,Restauration & Hôtellerie,Natitingou,+229 28 43 18 34,,,PME (50-200),B2C,Facebook Pages,,Actif,2026-06-29T00:14:35.774232,basse
BJ-9F3640C3,Saveur,Restauration & Hôtellerie,Toucountouna,+229 46 94 92 95,saveur@saveur.net,saveur.bj,TPE (<10),B2C,Facebook Pages,,Actif,2026-06-29T00:14:35.774260,haute
BJ-9F62BB92,Café Détente,Restauration & Hôtellerie,Toucountouna,+229 43 25 78 16,,cafédétente.bj,Grande (>200),B2C,Facebook Pages,,Actif,2026-06-29T00:14:35.774272,moyenne
BJ-44896487,Hôtel Jardin Restaurant,Restauration & Hôtellerie,Toucountouna,+229 32 67 16 83,,hôteljardinrestaurant.bj,PME (50-200),B2C,Facebook Pages,,Actif,2026-06-29T00:14:35.774284,moyenne
BJ-1A38091F,Pension Plage,Restauration & Hôtellerie,Toucountouna,+229 23 32 50 85,,pensionplage.bj,PME (50-200),B2C,Facebook Pages,,Actif,2026-06-29T00:14:35.774295,moyenne
BJ-772399F3,Bar Saveur Inn,Restauration & Hôtellerie,Boukoumbé,+229 33 57 19 98,,,Grande (>200),B2C,Facebook Pages,,Actif,2026-06-29T00:14:35.774312,basse
BJ-EE7E7829,Pension Village Palace,Restauration & Hôtellerie,Boukoumbé,+229 91 34 32 11,,pensionvillagepalace.bj,TPE (<10),B2C,Facebook Pages,,Actif,2026-06-29T00:14:35.774323,moyenne
BJ-1883608B,Restaurant Gourmet Boukoumbé,Restauration & Hôtellerie,Boukoumbé,+229 37 17 13 54,,,TPE (<10),B2C,Facebook Pages,,Actif,2026-06-29T00:14:35.774343,basse
BJ-EA2EBD76,Pension Saveur Café,Restauration & Hôtellerie,Boukoumbé,+229 88 40 39 39,,pensionsaveurcafé.bj,PME (50-200),B2C,Facebook Pages,,Actif,2026-06-29T00:14:35.774359,moyenne
BJ-728BF3B2,Café Goût,Restauration & Hôtellerie,Boukoumbé,+229 94 64 49 82,café.goût@café.goût.benin,cafégoût.bj,PME (10-50),B2C,Facebook Pages,,Actif,2026-06-29T00:14:35.774376,haute
BJ-C70D3901,Restaurant Jardin Brasserie,Restauration & Hôtellerie,Kouandé,+229 27 33 74 77,,restaurantjardinbrasserie.bj,TPE (<10),B2C,Facebook Pages,,Actif,2026-06-29T00:14:35.774394,moyenne
BJ-C6D4F8DC,Jardin Inn,Restauration & Hôtellerie,Kouandé,+229 40 91 79 91,jardin.inn@jardin.inn.benin,jardininn.bj,PME (10-50),B2C,Facebook Pages,,Actif,2026-06-29T00:14:35.774407,haute
BJ-A3F1891C,Brasserie Mer Palace Kouandé,Restauration & Hôtellerie,Kouandé,+229 97 24 53 68,brasserie.mer.palace.kouandé@brasserie.mer.palace.kouandé.benin,,Grande (>200),B2C,Facebook Pages,,Actif,2026-06-29T00:14:35.774419,moyenne
BJ-E15A614B,Bar Lac,Restauration & Hôtellerie,Kouandé,+229 62 54 99 35,,barlac.bj,TPE (<10),B2C,Facebook Pages,,Actif,2026-06-29T00:14:35.774431,moyenne
BJ-AE06E84A,Nouveau,Restauration & Hôtellerie,Péhunco,+229 38 30 80 56,nouveau@nouveau.net,nouveau.bj,PME (50-200),B2C,Facebook Pages,,Actif,2026-06-29T00:14:35.774459,haute
BJ-5468A0A7,Saveur Café,Restauration & Hôtellerie,Péhunco,+229 64 24 39 57,,saveurcafé.bj,TPE (<10),B2C,Facebook Pages,,Actif,2026-06-29T00:14:35.774472,moyenne
BJ-62EBCA84,Pension Grand Palace,Restauration & Hôtellerie,Péhunco,+229 80 40 64 95,,pensiongrandpalace.bj,TPE (<10),B2C,Facebook Pages,,Actif,2026-06-29T00:14:35.774483,moyenne
BJ-EF4ED728,Royal International,Restauration & Hôtellerie,Péhunco,+229 85 89 13 39,royal.international@royal.international.net,royalinternational.bj,PME (10-50),B2C,Facebook Pages,,Actif,2026-06-29T00:14:35.774498,haute
BJ-DAED8283,Palace,Restauration & Hôtellerie,Péhunco,+229 39 52 42 41,palace@palace.com,,TPE (<10),B2C,Facebook Pages,,Actif,2026-06-29T00:14:35.774510,moyenne
BJ-C1CAAEEA,Détente,Restauration & Hôtellerie,Tchaourou,+229 77 70 35 52,,détente.bj,TPE (<10),B2C,Facebook Pages,,Actif,2026-06-29T00:14:35.774528,moyenne
BJ-6B230C72,Royal Hotel,Restauration & Hôtellerie,Tchaourou,+229 36 60 67 32,royal.hotel@royal.hotel.benin,,TPE (<10),B2C,Facebook Pages,,Actif,2026-06-29T00:14:35.774540,moyenne
BJ-4C164482,Palace Hotel,Restauration & Hôtellerie,Tchaourou,+229 90 46 88 95,palace.hotel@palace.hotel.bj,palacehotel.bj,PME (50-200),B2C,Facebook Pages,,Actif,2026-06-29T00:14:35.774551,haute
BJ-8176C801,Bar Village,Restauration & Hôtellerie,Tchaourou,+229 21 85 48 62,bar.village@bar.village.benin,barvillage.bj,PME (10-50),B2C,Facebook Pages,,Actif,2026-06-29T00:14:35.774568,haute
BJ-9E82252C,Brasserie Goût Café,Restauration & Hôtellerie,Tchaourou,+229 55 35 28 31,brasserie.goût.café@brasserie.goût.café.com,brasseriegoûtcafé.bj,PME (10-50),B2C,Facebook Pages,,Actif,2026-06-29T00:14:35.774581,haute
BJ-423003B8,Pension Nouveau Café,Restauration & Hôtellerie,Nikki,+229 94 53 86 78,,pensionnouveaucafé.bj,TPE (<10),B2C,Facebook Pages,,Actif,2026-06-29T00:14:35.774599,moyenne
BJ-C313236A,Lac Brasserie,Restauration & Hôtellerie,Nikki,+229 47 87 78 55,,,PME (10-50),B2C,Facebook Pages,,Actif,2026-06-29T00:14:35.774609,basse
BJ-7CD9CD16,Bar Lac,Restauration & Hôtellerie,Nikki,+229 49 91 47 91,,,TPE (<10),B2C,Facebook Pages,,Actif,2026-06-29T00:14:35.774620,basse
BJ-1D4E7BDC,Café Plage,Restauration & Hôtellerie,Nikki,+229 84 86 52 19,,caféplage.bj,PME (50-200),B2C,Facebook Pages,,Actif,2026-06-29T00:14:35.774635,moyenne
BJ-C207668F,Ambiance,Restauration & Hôtellerie,Nikki,+229 24 74 19 98,ambiance@ambiance.benin,ambiance.bj,TPE (<10),B2C,Facebook Pages,,Actif,2026-06-29T00:14:35.774647,haute
BJ-4ADE8C55,Ambiance,Restauration & Hôtellerie,Bembéréké,+229 74 82 91 96,ambiance@ambiance.benin,ambiance.bj,TPE (<10),B2C,Facebook Pages,,Actif,2026-06-29T00:14:35.774664,haute
BJ-3F9D2AF1,Pension Saveur,Restauration & Hôtellerie,Bembéréké,+229 94 21 11 32,,pensionsaveur.bj,PME (50-200),B2C,Facebook Pages,,Actif,2026-06-29T00:14:35.774675,moyenne
BJ-1064042E,Palace Inn,Restauration & Hôtellerie,Bembéréké,+229 24 38 58 40,palace.inn@palace.inn.net,palaceinn.bj,TPE (<10),B2C,Facebook Pages,,Actif,2026-06-29T00:14:35.774688,haute
BJ-0AEA9622,Royal,Restauration & Hôtellerie,Bembéréké,+229 72 48 51 22,,,PME (10-50),B2C,Facebook Pages,,Actif,2026-06-29T00:14:35.774702,basse
BJ-5D1F3BD9,Pension Jardin,Restauration & Hôtellerie,Bembéréké,+229 55 21 45 44,pension.jardin@pension.jardin.bj,pensionjardin.bj,TPE (<10),B2C,Facebook Pages,,Actif,2026-06-29T00:14:35.774715,haute
BJ-2F61D498,Pension Village Kalalé,Restauration & Hôtellerie,Kalalé,+229 32 32 26 68,pension.village.kalalé@pension.village.kalalé.org,pensionvillagekalalé.bj,PME (10-50),B2C,Facebook Pages,,Actif,2026-06-29T00:14:35.774733,haute
BJ-A598E685,Bar Goût,Restauration & Hôtellerie,Kalalé,+229 99 51 82 23,bar.goût@bar.goût.benin,,TPE (<10),B2C,Facebook Pages,,Actif,2026-06-29T00:14:35.774746,moyenne
BJ-54A3968B,Pension Mer Palace,Restauration & Hôtellerie,Kalalé,+229 79 16 63 86,pension.mer.palace@pension.mer.palace.net,pensionmerpalace.bj,TPE (<10),B2C,Facebook Pages,,Actif,2026-06-29T00:14:35.774758,haute
BJ-80471FD1,Ambiance,Restauration & Hôtellerie,Kalalé,+229 89 65 78 41,,,PME (10-50),B2C,Facebook Pages,,Actif,2026-06-29T00:14:35.774774,basse
BJ-776C73D7,Café Nouveau,Restauration & Hôtellerie,Kalalé,+229 59 17 87 86,,,TPE (<10),B2C,Facebook Pages,,Actif,2026-06-29T00:14:35.774785,basse
BJ-752B198E,Pension Jardin,Restauration & Hôtellerie,Ndali,+229 32 47 42 13,,,PME (50-200),B2C,Facebook Pages,,Actif,2026-06-29T00:14:35.774801,basse
BJ-5537A76D,Détente,Restauration & Hôtellerie,Ndali,+229 32 87 47 99,,détente.bj,PME (10-50),B2C,Facebook Pages,,Actif,2026-06-29T00:14:35.774813,moyenne
BJ-298CEF48,Goût Café,Restauration & Hôtellerie,Ndali,+229 52 32 39 11,goût.café@goût.café.benin,goûtcafé.bj,Grande (>200),B2C,Facebook Pages,,Actif,2026-06-29T00:14:35.774825,haute
BJ-0C98888B,Brasserie Grand,Restauration & Hôtellerie,Ndali,+229 25 80 79 41,,,PME (10-50),B2C,Facebook Pages,,Actif,2026-06-29T00:14:35.774835,basse
BJ-56359972,Auberge Détente Palace,Restauration & Hôtellerie,Ndali,+229 37 29 76 41,,aubergedétentepalace.bj,PME (10-50),B2C,Facebook Pages,,Actif,2026-06-29T00:14:35.774847,moyenne
BJ-84490ACB,Grand Palace,Restauration & Hôtellerie,Ségbana,+229 77 27 20 50,,,PME (10-50),B2C,Facebook Pages,,Actif,2026-06-29T00:14:35.774863,basse
BJ-9F5AE545,Brasserie Village Restaurant,Restauration & Hôtellerie,Ségbana,+229 94 87 65 98,brasserie.village.restaurant@brasserie.village.restaurant.org,brasserievillagerestaurant.bj,TPE (<10),B2C,Facebook Pages,,Actif,2026-06-29T00:14:35.774876,haute
BJ-7DE843F6,Bar Grand Palace,Restauration & Hôtellerie,Ségbana,+229 75 73 77 95,bar.grand.palace@bar.grand.palace.benin,bargrandpalace.bj,PME (10-50),B2C,Facebook Pages,,Actif,2026-06-29T00:14:35.774896,haute
BJ-2B92B2F8,Brasserie Gourmet Brasserie,Restauration & Hôtellerie,Ségbana,+229 36 58 36 33,,brasseriegourmetbrasserie.bj,PME (50-200),B2C,Facebook Pages,,Actif,2026-06-29T00:14:35.774914,moyenne
BJ-317D0D47,Hôtel Nouveau,Restauration & Hôtellerie,Ségbana,+229 96 21 78 11,hôtel.nouveau@hôtel.nouveau.org,hôtelnouveau.bj,Grande (>200),B2C,Facebook Pages,,Actif,2026-06-29T00:14:35.774928,haute
BJ-0667AD2D,Mer Tchaourou,Restauration & Hôtellerie,Tchaourou,+229 37 15 57 19,,,PME (10-50),B2C,Facebook Pages,,Actif,2026-06-29T00:14:35.774948,basse
BJ-F60E225E,Hôtel Plage,Restauration & Hôtellerie,Tchaourou,+229 89 76 14 18,hôtel.plage@hôtel.plage.com,hôtelplage.bj,TPE (<10),B2C,Facebook Pages,,Actif,2026-06-29T00:14:35.774961,haute
BJ-EFA42E45,Pension Mer Restaurant Tchaourou,Restauration & Hôtellerie,Tchaourou,+229 91 83 22 28,,pensionmerrestauranttchaourou.bj,TPE (<10),B2C,Facebook Pages,,Actif,2026-06-29T00:14:35.774972,moyenne
BJ-6F212443,Goût Brasserie,Restauration & Hôtellerie,Tchaourou,+229 78 54 86 98,goût.brasserie@goût.brasserie.bj,goûtbrasserie.bj,PME (50-200),B2C,Facebook Pages,,Actif,2026-06-29T00:14:35.774989,haute
BJ-50DC478F,Jardin,Restauration & Hôtellerie,Tchaourou,+229 27 94 34 49,,jardin.bj,PME (50-200),B2C,Facebook Pages,,Actif,2026-06-29T00:14:35.775000,moyenne
BJ-0CA28F8E,Lac Bénin Bétérou,Restauration & Hôtellerie,Bétérou,+229 59 55 18 84,lac.bénin.bétérou@lac.bénin.bétérou.net,,PME (10-50),B2C,Facebook Pages,,Actif,2026-06-29T00:14:35.775018,moyenne
BJ-0DAC73D0,Détente,Restauration & Hôtellerie,Bétérou,+229 43 89 98 15,,détente.bj,PME (50-200),B2C,Facebook Pages,,Actif,2026-06-29T00:14:35.775030,moyenne
BJ-4DF1072B,Bar Table,Restauration & Hôtellerie,Bétérou,+229 69 85 22 96,,,Grande (>200),B2C,Facebook Pages,,Actif,2026-06-29T00:14:35.775059,basse
BJ-E759EEE4,Auberge Goût Bétérou,Restauration & Hôtellerie,Bétérou,+229 44 95 43 37,auberge.goût.bétérou@auberge.goût.bétérou.org,aubergegoûtbétérou.bj,PME (10-50),B2C,Facebook Pages,,Actif,2026-06-29T00:14:35.775073,haute
BJ-217FAA0D,Saveur,Restauration & Hôtellerie,Ouessè,+229 32 79 56 61,saveur@saveur.net,saveur.bj,PME (50-200),B2C,Facebook Pages,,Actif,2026-06-29T00:14:35.775090,haute
BJ-C32B3E93,Saveur Bénin,Restauration & Hôtellerie,Ouessè,+229 94 56 23 86,saveur.bénin@saveur.bénin.org,saveurbénin.bj,PME (50-200),B2C,Facebook Pages,,Actif,2026-06-29T00:14:35.775103,haute
BJ-7633286E,Palace,Restauration & Hôtellerie,Ouessè,+229 96 83 48 23,,palace.bj,PME (10-50),B2C,Facebook Pages,,Actif,2026-06-29T00:14:35.775115,moyenne
BJ-50FB2CDE,Grand Restaurant Ouessè,Restauration & Hôtellerie,Ouessè,+229 35 85 50 32,grand.restaurant.ouessè@grand.restaurant.ouessè.benin,,PME (50-200),B2C,Facebook Pages,,Actif,2026-06-29T00:14:35.775131,moyenne
BJ-0C99AFD3,Brasserie Goût Ouessè,Restauration & Hôtellerie,Ouessè,+229 46 36 64 36,,,PME (50-200),B2C,Facebook Pages,,Actif,2026-06-29T00:14:35.775142,basse
BJ-90854EFF,Bar Goût Brasserie Glazoué,Restauration & Hôtellerie,Glazoué,+229 98 34 23 34,bar.goût.brasserie.glazoué@bar.goût.brasserie.glazoué.org,bargoûtbrasserieglazoué.bj,TPE (<10),B2C,Facebook Pages,,Actif,2026-06-29T00:14:35.775165,haute
BJ-39BE5D3B,Café Nouveau Inn,Restauration & Hôtellerie,Glazoué,+229 92 45 31 83,café.nouveau.inn@café.nouveau.inn.benin,,TPE (<10),B2C,Facebook Pages,,Actif,2026-06-29T00:14:35.775177,moyenne
BJ-A406B5A0,Pension Gourmet Bénin,Restauration & Hôtellerie,Glazoué,+229 46 49 82 74,,pensiongourmetbénin.bj,PME (10-50),B2C,Facebook Pages,,Actif,2026-06-29T00:14:35.775189,moyenne
BJ-32F3CCA9,Pension Ambiance Café,Restauration & Hôtellerie,Glazoué,+229 36 38 46 49,,pensionambiancecafé.bj,TPE (<10),B2C,Facebook Pages,,Actif,2026-06-29T00:14:35.775204,moyenne
BJ-300C4242,Lac Inn,Restauration & Hôtellerie,Glazoué,+229 96 69 32 21,lac.inn@lac.inn.benin,,TPE (<10),B2C,Facebook Pages,,Actif,2026-06-29T00:14:35.775216,moyenne
BJ-DDE9BEB1,Détente Brasserie,Restauration & Hôtellerie,Dassa-Zoumè,+229 26 75 69 11,,détentebrasserie.bj,TPE (<10),B2C,Facebook Pages,,Actif,2026-06-29T00:14:35.775233,moyenne
BJ-039E793B,Mer Dassa-Zoumè,Restauration & Hôtellerie,Dassa-Zoumè,+229 92 43 18 52,mer.dassazoumè@mer.dassazoumè.bj,,PME (10-50),B2C,Facebook Pages,,Actif,2026-06-29T00:14:35.775246,moyenne
BJ-E0FBD8D2,Auberge Goût Brasserie,Restauration & Hôtellerie,Dassa-Zoumè,+229 99 28 11 90,auberge.goût.brasserie@auberge.goût.brasserie.benin,aubergegoûtbrasserie.bj,PME (50-200),B2C,Facebook Pages,,Actif,2026-06-29T00:14:35.775258,haute
BJ-89F44305,Village Inn,Restauration & Hôtellerie,Dassa-Zoumè,+229 87 98 62 13,,,TPE (<10),B2C,Facebook Pages,,Actif,2026-06-29T00:14:35.775285,basse
BJ-11DA4989,Pension Village,Restauration & Hôtellerie,Dassa-Zoumè,+229 66 70 42 83,,,TPE (<10),B2C,Facebook Pages,,Actif,2026-06-29T00:14:35.775295,basse
BJ-F3634F7C,Restaurant Palace,Restauration & Hôtellerie,Savalou,+229 63 20 82 13,,,PME (10-50),B2C,Facebook Pages,,Actif,2026-06-29T00:14:35.775314,basse
BJ-6F7497FD,Grand International Savalou,Restauration & Hôtellerie,Savalou,+229 65 42 14 32,,grandinternationalsavalou.bj,TPE (<10),B2C,Facebook Pages,,Actif,2026-06-29T00:14:35.775327,moyenne
BJ-10C81900,Nouveau Bénin,Restauration & Hôtellerie,Savalou,+229 44 87 33 94,,,TPE (<10),B2C,Facebook Pages,,Actif,2026-06-29T00:14:35.775341,basse
BJ-224B61DD,Saveur,Restauration & Hôtellerie,Savalou,+229 52 70 58 77,saveur@saveur.bj,,TPE (<10),B2C,Facebook Pages,,Actif,2026-06-29T00:14:35.775356,moyenne
BJ-7C727B1C,Mer,Restauration & Hôtellerie,Savalou,+229 66 31 56 73,mer@mer.org,,TPE (<10),B2C,Facebook Pages,,Actif,2026-06-29T00:14:35.775368,moyenne
BJ-B271C4DA,Détente Bantè,Restauration & Hôtellerie,Bantè,+229 36 79 33 84,,,Grande (>200),B2C,Facebook Pages,,Actif,2026-06-29T00:14:35.775385,basse
BJ-F6ADA436,Palace Inn Bantè,Restauration & Hôtellerie,Bantè,+229 79 78 48 92,palace.inn.bantè@palace.inn.bantè.bj,,TPE (<10),B2C,Facebook Pages,,Actif,2026-06-29T00:14:35.775397,moyenne
BJ-6BC5F856,Lac,Restauration & Hôtellerie,Bantè,+229 45 32 88 18,,lac.bj,TPE (<10),B2C,Facebook Pages,,Actif,2026-06-29T00:14:35.775409,moyenne
BJ-EE963ACF,Café Table,Restauration & Hôtellerie,Bantè,+229 60 14 59 72,café.table@café.table.org,cafétable.bj,PME (10-50),B2C,Facebook Pages,,Actif,2026-06-29T00:14:35.775421,haute
BJ-6477FAC1,Royal Restaurant,Restauration & Hôtellerie,Bantè,+229 51 68 51 78,royal.restaurant@royal.restaurant.net,royalrestaurant.bj,PME (50-200),B2C,Facebook Pages,,Actif,2026-06-29T00:14:35.775433,haute
BJ-BF9683D6,Goût Djougou,Restauration & Hôtellerie,Djougou,+229 95 34 93 47,,,Grande (>200),B2C,Facebook Pages,,Actif,2026-06-29T00:14:35.775450,basse
BJ-33D942ED,Saveur,Restauration & Hôtellerie,Djougou,+229 30 51 69 67,saveur@saveur.com,saveur.bj,PME (10-50),B2C,Facebook Pages,,Actif,2026-06-29T00:14:35.775462,haute
BJ-37A3E453,Hôtel Nouveau Inn,Restauration & Hôtellerie,Djougou,+229 86 38 63 32,,hôtelnouveauinn.bj,TPE (<10),B2C,Facebook Pages,,Actif,2026-06-29T00:14:35.775475,moyenne
BJ-1343276A,Auberge Lac Café Djougou,Restauration & Hôtellerie,Djougou,+229 76 90 62 66,,aubergelaccafédjougou.bj,PME (10-50),B2C,Facebook Pages,,Actif,2026-06-29T00:14:35.775503,moyenne
BJ-F464D25E,Détente Restaurant,Restauration & Hôtellerie,Ouèssè,+229 47 70 72 48,,détenterestaurant.bj,TPE (<10),B2C,Facebook Pages,,Actif,2026-06-29T00:14:35.775534,moyenne
BJ-5AA76823,Table Ouèssè,Restauration & Hôtellerie,Ouèssè,+229 85 78 30 92,,tableouèssè.bj,PME (50-200),B2C,Facebook Pages,,Actif,2026-06-29T00:14:35.775546,moyenne
BJ-550D8161,Restaurant Table Ouèssè,Restauration & Hôtellerie,Ouèssè,+229 22 44 42 92,,restauranttableouèssè.bj,TPE (<10),B2C,Facebook Pages,,Actif,2026-06-29T00:14:35.775561,moyenne
BJ-87CE22E5,Café Gourmet Ouèssè,Restauration & Hôtellerie,Ouèssè,+229 72 50 36 73,café.gourmet.ouèssè@café.gourmet.ouèssè.benin,cafégourmetouèssè.bj,PME (10-50),B2C,Facebook Pages,,Actif,2026-06-29T00:14:35.775574,haute
BJ-DE289B8C,Hôtel Jardin Inn,Restauration & Hôtellerie,Ouèssè,+229 90 19 77 13,,hôteljardininn.bj,PME (50-200),B2C,Facebook Pages,,Actif,2026-06-29T00:14:35.775585,moyenne
BJ-56E30B37,Café Table,Restauration & Hôtellerie,Bassila,+229 22 55 15 59,café.table@café.table.bj,,PME (10-50),B2C,Facebook Pages,,Actif,2026-06-29T00:14:35.775602,moyenne
BJ-CAF41B16,Lac,Restauration & Hôtellerie,Bassila,+229 92 10 19 76,,lac.bj,TPE (<10),B2C,Facebook Pages,,Actif,2026-06-29T00:14:35.775614,moyenne
BJ-146271C8,Plage Inn Bassila,Restauration & Hôtellerie,Bassila,+229 40 43 65 82,plage.inn.bassila@plage.inn.bassila.bj,,TPE (<10),B2C,Facebook Pages,,Actif,2026-06-29T00:14:35.775626,moyenne
BJ-467A81F0,Détente Inn,Restauration & Hôtellerie,Bassila,+229 37 76 54 58,,,TPE (<10),B2C,Facebook Pages,,Actif,2026-06-29T00:14:35.775639,basse
BJ-0AF14633,Bar Palace Bénin Bassila,Restauration & Hôtellerie,Bassila,+229 59 71 45 38,bar.palace.bénin.bassila@bar.palace.bénin.bassila.com,barpalacebéninbassila.bj,PME (50-200),B2C,Facebook Pages,,Actif,2026-06-29T00:14:35.775653,haute
BJ-FF1F4CBE,Palace Brasserie Pehunco,Restauration & Hôtellerie,Pehunco,+229 29 57 57 74,,,TPE (<10),B2C,Facebook Pages,,Actif,2026-06-29T00:14:35.775669,basse
BJ-D11B7C97,Restaurant Détente,Restauration & Hôtellerie,Pehunco,+229 67 42 30 40,restaurant.détente@restaurant.détente.org,restaurantdétente.bj,TPE (<10),B2C,Facebook Pages,,Actif,2026-06-29T00:14:35.775686,haute
BJ-69C454ED,Détente Palace,Restauration & Hôtellerie,Pehunco,+229 53 42 82 66,,détentepalace.bj,TPE (<10),B2C,Facebook Pages,,Actif,2026-06-29T00:14:35.775710,moyenne
BJ-116BA66F,Auberge Village,Restauration & Hôtellerie,Pehunco,+229 57 33 26 86,auberge.village@auberge.village.net,aubergevillage.bj,TPE (<10),B2C,Facebook Pages,,Actif,2026-06-29T00:14:35.775722,haute
BJ-8D7527A6,Nouveau Inn,Restauration & Hôtellerie,Copargo,+229 98 56 11 85,nouveau.inn@nouveau.inn.bj,,TPE (<10),B2C,Facebook Pages,,Actif,2026-06-29T00:14:35.775739,moyenne
BJ-15E1A383,Mer Restaurant,Restauration & Hôtellerie,Copargo,+229 46 42 98 48,mer.restaurant@mer.restaurant.org,merrestaurant.bj,PME (10-50),B2C,Facebook Pages,,Actif,2026-06-29T00:14:35.775751,haute
BJ-E7C1312E,Restaurant Grand Copargo,Restauration & Hôtellerie,Copargo,+229 90 63 47 76,,restaurantgrandcopargo.bj,Grande (>200),B2C,Facebook Pages,,Actif,2026-06-29T00:14:35.775763,moyenne
BJ-84C5CB21,Nouveau,Restauration & Hôtellerie,Copargo,+229 56 39 64 19,nouveau@nouveau.com,,PME (10-50),B2C,Facebook Pages,,Actif,2026-06-29T00:14:35.775777,moyenne
BJ-EC6543B8,Goût,Restauration & Hôtellerie,Copargo,+229 84 85 80 32,,,TPE (<10),B2C,Facebook Pages,,Actif,2026-06-29T00:14:35.775788,basse
BJ-7D88AA5E,Laboratoire Nouveau Medical,Santé & Pharmacie,Cotonou,+229 68 68 86 43,,,PME (10-50),B2C,Facebook Pages,,Actif,2026-06-29T00:14:35.775809,basse
BJ-29B24774,Médical Cabinet,Santé & Pharmacie,Cotonou,+229 44 43 94 87,,médicalcabinet.bj,TPE (<10),B2C,Facebook Pages,,Actif,2026-06-29T00:14:35.775821,moyenne
BJ-E0F652DC,Soins Cotonou,Santé & Pharmacie,Cotonou,+229 58 34 38 56,soins.cotonou@soins.cotonou.org,,TPE (<10),B2C,Facebook Pages,,Actif,2026-06-29T00:14:35.775833,moyenne
BJ-335F4102,Bien-être Medical,Santé & Pharmacie,Cotonou,+229 47 13 47 25,,bienêtremedical.bj,PME (10-50),B2C,Facebook Pages,,Actif,2026-06-29T00:14:35.775844,moyenne
BJ-4369D39F,Hôpital Central,Santé & Pharmacie,Cotonou,+229 46 17 34 90,hôpital.central@hôpital.central.benin,,TPE (<10),B2C,Facebook Pages,,Actif,2026-06-29T00:14:35.775858,moyenne
BJ-89752FE1,Soins Hôpital,Santé & Pharmacie,Abomey-Calavi,+229 22 11 66 92,soins.hôpital@soins.hôpital.net,soinshôpital.bj,PME (10-50),B2C,Facebook Pages,,Actif,2026-06-29T00:14:35.775877,haute
BJ-2AB8C0C2,Sainte Centre,Santé & Pharmacie,Abomey-Calavi,+229 32 31 72 96,sainte.centre@sainte.centre.net,saintecentre.bj,PME (10-50),B2B,Facebook Pages,,Actif,2026-06-29T00:14:35.775898,haute
BJ-DF96B668,Hôpital Nouveau,Santé & Pharmacie,Abomey-Calavi,+229 82 66 84 89,hôpital.nouveau@hôpital.nouveau.benin,hôpitalnouveau.bj,PME (10-50),B2B,Facebook Pages,,Actif,2026-06-29T00:14:35.775913,haute
BJ-65F0313C,Clinique Nouveau,Santé & Pharmacie,Abomey-Calavi,+229 40 84 22 64,clinique.nouveau@clinique.nouveau.bj,,PME (10-50),B2C,Facebook Pages,,Actif,2026-06-29T00:14:35.775929,moyenne
BJ-A5709501,Guérison,Santé & Pharmacie,Abomey-Calavi,+229 78 48 90 81,guérison@guérison.bj,guérison.bj,PME (10-50),B2C,Facebook Pages,,Actif,2026-06-29T00:14:35.775941,haute
BJ-FA4C3501,Pharmacie Nouveau Pharmacie,Santé & Pharmacie,Porto-Novo,+229 66 47 73 49,pharmacie.nouveau.pharmacie@pharmacie.nouveau.pharmacie.org,,PME (50-200),B2C,Facebook Pages,,Actif,2026-06-29T00:14:35.775960,moyenne
BJ-C3772967,Nouveau Pharmacie Porto-Novo,Santé & Pharmacie,Porto-Novo,+229 23 52 78 65,nouveau.pharmacie.portonovo@nouveau.pharmacie.portonovo.net,nouveaupharmacieportonovo.bj,TPE (<10),B2C,Facebook Pages,,Actif,2026-06-29T00:14:35.775976,haute
BJ-40D8DBCC,Sainte International,Santé & Pharmacie,Porto-Novo,+229 45 49 85 71,sainte.international@sainte.international.bj,,TPE (<10),B2B,Facebook Pages,,Actif,2026-06-29T00:14:35.775987,moyenne
BJ-78164600,Guérison Cabinet,Santé & Pharmacie,Porto-Novo,+229 61 99 75 20,,guérisoncabinet.bj,TPE (<10),B2B,Facebook Pages,,Actif,2026-06-29T00:14:35.775999,moyenne
BJ-CBC04A5C,Cabinet Saint Porto-Novo,Santé & Pharmacie,Porto-Novo,+229 23 87 50 95,cabinet.saint.portonovo@cabinet.saint.portonovo.bj,cabinetsaintportonovo.bj,PME (10-50),B2C,Facebook Pages,,Actif,2026-06-29T00:14:35.776012,haute
BJ-F2D9E0C4,Cabinet Médical Centre,Santé & Pharmacie,Parakou,+229 70 87 32 46,,,PME (50-200),B2C,Facebook Pages,,Actif,2026-06-29T00:14:35.776028,basse
BJ-9DDAE153,Cabinet Nouveau,Santé & Pharmacie,Parakou,+229 24 29 56 22,cabinet.nouveau@cabinet.nouveau.com,,PME (50-200),B2B,Facebook Pages,,Actif,2026-06-29T00:14:35.776043,moyenne
BJ-FB0750C6,Santé Hôpital Parakou,Santé & Pharmacie,Parakou,+229 63 68 76 13,santé.hôpital.parakou@santé.hôpital.parakou.bj,santéhôpitalparakou.bj,PME (50-200),B2C,Facebook Pages,,Actif,2026-06-29T00:14:35.776057,haute
BJ-94455C2F,Hôpital Médical,Santé & Pharmacie,Parakou,+229 67 33 97 74,hôpital.médical@hôpital.médical.com,hôpitalmédical.bj,TPE (<10),B2B,Facebook Pages,,Actif,2026-06-29T00:14:35.776076,haute
BJ-3DC831B5,Pharmacie Soins Bénin,Santé & Pharmacie,Parakou,+229 53 44 60 94,pharmacie.soins.bénin@pharmacie.soins.bénin.bj,,PME (10-50),B2C,Facebook Pages,,Actif,2026-06-29T00:14:35.776088,moyenne
BJ-ABE89684,Royal,Santé & Pharmacie,Bohicon,+229 22 96 90 12,royal@royal.benin,royal.bj,TPE (<10),B2C,Facebook Pages,,Actif,2026-06-29T00:14:35.776106,haute
BJ-AFA7FDDC,Pharmacie Urgence Medical,Santé & Pharmacie,Bohicon,+229 87 34 20 81,pharmacie.urgence.medical@pharmacie.urgence.medical.net,pharmacieurgencemedical.bj,Grande (>200),B2B,Facebook Pages,,Actif,2026-06-29T00:14:35.776119,haute
BJ-BD6DA757,Médical Pharmacie,Santé & Pharmacie,Bohicon,+229 45 47 31 95,médical.pharmacie@médical.pharmacie.benin,médicalpharmacie.bj,PME (10-50),B2B,Facebook Pages,,Actif,2026-06-29T00:14:35.776132,haute
BJ-A374DDAA,Médicament Cabinet,Santé & Pharmacie,Bohicon,+229 84 30 11 86,médicament.cabinet@médicament.cabinet.com,médicamentcabinet.bj,TPE (<10),B2B,Facebook Pages,,Actif,2026-06-29T00:14:35.776144,haute
BJ-55D6BE8B,Médicament,Santé & Pharmacie,Bohicon,+229 38 11 55 81,,médicament.bj,PME (10-50),B2B,Facebook Pages,,Actif,2026-06-29T00:14:35.776155,moyenne
BJ-CEA5FD0C,Pharma Cabinet Natitingou,Santé & Pharmacie,Natitingou,+229 81 58 50 80,pharma.cabinet.natitingou@pharma.cabinet.natitingou.com,pharmacabinetnatitingou.bj,TPE (<10),B2C,Facebook Pages,,Actif,2026-06-29T00:14:35.776174,haute
BJ-484885C3,Centre Médicament Clinique,Santé & Pharmacie,Natitingou,+229 23 97 88 84,centre.médicament.clinique@centre.médicament.clinique.bj,centremédicamentclinique.bj,TPE (<10),B2C,Facebook Pages,,Actif,2026-06-29T00:14:35.776187,haute
BJ-3583AEC0,Cabinet Sainte,Santé & Pharmacie,Natitingou,+229 29 94 12 26,cabinet.sainte@cabinet.sainte.net,cabinetsainte.bj,PME (50-200),B2B,Facebook Pages,,Actif,2026-06-29T00:14:35.776199,haute
BJ-CA77D8CA,Central Pharmacie,Santé & Pharmacie,Natitingou,+229 21 46 54 58,central.pharmacie@central.pharmacie.org,centralpharmacie.bj,TPE (<10),B2C,Facebook Pages,,Actif,2026-06-29T00:14:35.776218,haute
BJ-57B07D7A,Soins,Santé & Pharmacie,Natitingou,+229 58 43 74 43,,,PME (10-50),B2C,Facebook Pages,,Actif,2026-06-29T00:14:35.776229,basse
BJ-C72AB85F,Laboratoire Bien-être Cabinet,Santé & Pharmacie,Lokossa,+229 97 37 10 82,,,PME (50-200),B2B,Facebook Pages,,Actif,2026-06-29T00:14:35.776247,basse
BJ-38E07AEB,Cabinet Royal,Santé & Pharmacie,Lokossa,+229 42 55 71 67,cabinet.royal@cabinet.royal.bj,,Grande (>200),B2B,Facebook Pages,,Actif,2026-06-29T00:14:35.776259,moyenne
BJ-C41582A4,Pharmacie Central Centre,Santé & Pharmacie,Lokossa,+229 38 80 82 19,pharmacie.central.centre@pharmacie.central.centre.com,pharmaciecentralcentre.bj,TPE (<10),B2B,Facebook Pages,,Actif,2026-06-29T00:14:35.776271,haute
BJ-DEADAD62,Clinique Saint Medical Lokossa,Santé & Pharmacie,Lokossa,+229 88 27 75 91,clinique.saint.medical.lokossa@clinique.saint.medical.lokossa.org,cliniquesaintmedicallokossa.bj,PME (10-50),B2B,Facebook Pages,,Actif,2026-06-29T00:14:35.776287,haute
BJ-FB892E55,Cabinet Royal Centre,Santé & Pharmacie,Lokossa,+229 55 77 48 21,cabinet.royal.centre@cabinet.royal.centre.benin,cabinetroyalcentre.bj,TPE (<10),B2C,Facebook Pages,,Actif,2026-06-29T00:14:35.776302,haute
BJ-C1C8205D,Urgence Ouidah,Santé & Pharmacie,Ouidah,+229 24 13 93 16,urgence.ouidah@urgence.ouidah.org,,PME (10-50),B2B,Facebook Pages,,Actif,2026-06-29T00:14:35.776323,moyenne
BJ-60886E61,Sainte Clinique,Santé & Pharmacie,Ouidah,+229 99 51 66 11,sainte.clinique@sainte.clinique.benin,sainteclinique.bj,PME (10-50),B2B,Facebook Pages,,Actif,2026-06-29T00:14:35.776388,haute
BJ-98DF71AE,Pharmacie Urgence,Santé & Pharmacie,Ouidah,+229 91 22 58 91,pharmacie.urgence@pharmacie.urgence.bj,,TPE (<10),B2C,Facebook Pages,,Actif,2026-06-29T00:14:35.776429,moyenne
BJ-4DB15765,Laboratoire Central Ouidah,Santé & Pharmacie,Ouidah,+229 52 76 68 71,laboratoire.central.ouidah@laboratoire.central.ouidah.benin,,PME (50-200),B2B,Facebook Pages,,Actif,2026-06-29T00:14:35.776454,moyenne
BJ-E0C03116,Clinique Sainte Clinique,Santé & Pharmacie,Savalou,+229 24 38 34 86,,,PME (10-50),B2C,Facebook Pages,,Actif,2026-06-29T00:14:35.776498,basse
BJ-4F9B9A11,Cabinet Sainte Centre,Santé & Pharmacie,Savalou,+229 68 49 18 83,,,PME (50-200),B2C,Facebook Pages,,Actif,2026-06-29T00:14:35.776525,basse
BJ-FBAF63EE,Emergency Pharmacie,Santé & Pharmacie,Savalou,+229 22 74 55 85,,emergencypharmacie.bj,PME (10-50),B2C,Facebook Pages,,Actif,2026-06-29T00:14:35.776551,moyenne
BJ-EB8CC95B,Laboratoire Nouveau Cabinet Savalou,Santé & Pharmacie,Savalou,+229 33 57 26 66,laboratoire.nouveau.cabinet.savalou@laboratoire.nouveau.cabinet.savalou.net,laboratoirenouveaucabinetsavalou.bj,PME (50-200),B2B,Facebook Pages,,Actif,2026-06-29T00:14:35.776601,haute
BJ-DF970C5C,Soins,Santé & Pharmacie,Savalou,+229 91 25 66 38,soins@soins.benin,soins.bj,PME (10-50),B2C,Facebook Pages,,Actif,2026-06-29T00:14:35.776630,haute
BJ-F69FE607,Sainte Bénin,Santé & Pharmacie,Dassa-Zoumè,+229 28 52 16 68,sainte.bénin@sainte.bénin.org,saintebénin.bj,PME (10-50),B2C,Facebook Pages,,Actif,2026-06-29T00:14:35.776675,haute
BJ-4791CAE3,Hôpital Urgence,Santé & Pharmacie,Dassa-Zoumè,+229 55 34 20 12,hôpital.urgence@hôpital.urgence.benin,hôpitalurgence.bj,PME (50-200),B2C,Facebook Pages,,Actif,2026-06-29T00:14:35.776706,haute
BJ-2CE6616A,Santé Pharmacie,Santé & Pharmacie,Dassa-Zoumè,+229 99 83 82 81,santé.pharmacie@santé.pharmacie.benin,santépharmacie.bj,TPE (<10),B2B,Facebook Pages,,Actif,2026-06-29T00:14:35.776746,haute
BJ-CBFE55F8,Médicament Hôpital,Santé & Pharmacie,Dassa-Zoumè,+229 71 95 73 76,médicament.hôpital@médicament.hôpital.bj,,PME (50-200),B2C,Facebook Pages,,Actif,2026-06-29T00:14:35.776788,moyenne
BJ-477487E1,Clinique Bien-être Medical Dassa-Zoumè,Santé & Pharmacie,Dassa-Zoumè,+229 42 57 52 33,clinique.bienêtre.medical.dassazoumè@clinique.bienêtre.medical.dassazoumè.bj,cliniquebienêtremedicaldassazoumè.bj,PME (10-50),B2C,Facebook Pages,,Actif,2026-06-29T00:14:35.776827,haute
BJ-B2EE7198,Cabinet Guérison Bénin,Santé & Pharmacie,Kétou,+229 53 93 26 41,,cabinetguérisonbénin.bj,PME (50-200),B2B,Facebook Pages,,Actif,2026-06-29T00:14:35.776870,moyenne
BJ-CBA38EEA,Centre Bien-être International,Santé & Pharmacie,Kétou,+229 62 26 54 92,centre.bienêtre.international@centre.bienêtre.international.bj,,PME (10-50),B2B,Facebook Pages,,Actif,2026-06-29T00:14:35.776913,moyenne
BJ-D31E1DA4,Nouveau,Santé & Pharmacie,Kétou,+229 73 58 15 49,,nouveau.bj,PME (50-200),B2B,Facebook Pages,,Actif,2026-06-29T00:14:35.776944,moyenne
BJ-0759A035,Saint Hôpital Kétou,Santé & Pharmacie,Kétou,+229 45 85 40 58,,sainthôpitalkétou.bj,PME (10-50),B2B,Facebook Pages,,Actif,2026-06-29T00:14:35.776973,moyenne
BJ-142DA268,Pharma,Santé & Pharmacie,Kétou,+229 74 72 71 96,pharma@pharma.net,pharma.bj,TPE (<10),B2B,Facebook Pages,,Actif,2026-06-29T00:14:35.777005,haute
BJ-77C40C0B,Royal Covè,Santé & Pharmacie,Covè,+229 81 31 79 90,royal.covè@royal.covè.org,royalcovè.bj,PME (50-200),B2C,Facebook Pages,,Actif,2026-06-29T00:14:35.777044,haute
BJ-DEC1ED34,Clinique Pharma Covè,Santé & Pharmacie,Covè,+229 25 67 84 77,clinique.pharma.covè@clinique.pharma.covè.bj,cliniquepharmacovè.bj,TPE (<10),B2C,Facebook Pages,,Actif,2026-06-29T00:14:35.777084,haute
BJ-02D4A4AF,Cabinet Médical Bénin,Santé & Pharmacie,Covè,+229 78 94 74 36,,,PME (50-200),B2C,Facebook Pages,,Actif,2026-06-29T00:14:35.777114,basse
BJ-AAA81DFB,Laboratoire Médicament Hôpital Covè,Santé & Pharmacie,Covè,+229 38 51 16 60,,laboratoiremédicamenthôpitalcovè.bj,TPE (<10),B2C,Facebook Pages,,Actif,2026-06-29T00:14:35.777150,moyenne
BJ-92575652,Royal Centre Covè,Santé & Pharmacie,Covè,+229 89 41 28 40,royal.centre.covè@royal.centre.covè.benin,,TPE (<10),B2C,Facebook Pages,,Actif,2026-06-29T00:14:35.777181,moyenne
BJ-85791071,Soins Pharmacie Pobè,Santé & Pharmacie,Pobè,+229 64 82 79 35,soins.pharmacie.pobè@soins.pharmacie.pobè.org,soinspharmaciepobè.bj,PME (10-50),B2B,Facebook Pages,,Actif,2026-06-29T00:14:35.777219,haute
BJ-B2A4B291,Médicament Clinique,Santé & Pharmacie,Pobè,+229 99 19 58 45,médicament.clinique@médicament.clinique.org,médicamentclinique.bj,TPE (<10),B2B,Facebook Pages,,Actif,2026-06-29T00:14:35.777302,haute
BJ-BD6C00C5,Laboratoire Urgence,Santé & Pharmacie,Pobè,+229 97 56 26 95,,laboratoireurgence.bj,PME (10-50),B2C,Facebook Pages,,Actif,2026-06-29T00:14:35.777329,moyenne
BJ-3773EC98,Cabinet Urgence Bénin,Santé & Pharmacie,Sakété,+229 47 52 76 90,cabinet.urgence.bénin@cabinet.urgence.bénin.benin,cabineturgencebénin.bj,TPE (<10),B2C,Facebook Pages,,Actif,2026-06-29T00:14:35.777367,haute
BJ-DD5DDBF5,Médical,Santé & Pharmacie,Sakété,+229 93 54 16 40,médical@médical.org,,TPE (<10),B2B,Facebook Pages,,Actif,2026-06-29T00:14:35.777394,moyenne
BJ-737FA03E,Clinique Soins Centre,Santé & Pharmacie,Sakété,+229 88 20 92 94,clinique.soins.centre@clinique.soins.centre.bj,cliniquesoinscentre.bj,TPE (<10),B2C,Facebook Pages,,Actif,2026-06-29T00:14:35.777453,haute
BJ-4D0CF2CD,Royal,Santé & Pharmacie,Sakété,+229 84 21 82 57,royal@royal.com,royal.bj,PME (50-200),B2C,Facebook Pages,,Actif,2026-06-29T00:14:35.777481,haute
BJ-B404B957,Nouveau,Santé & Pharmacie,Adjara,+229 30 10 46 20,nouveau@nouveau.org,,PME (10-50),B2B,Facebook Pages,,Actif,2026-06-29T00:14:35.777518,moyenne
BJ-F6564DF8,Pharmacie Guérison,Santé & Pharmacie,Adjara,+229 30 88 27 53,,,TPE (<10),B2C,Facebook Pages,,Actif,2026-06-29T00:14:35.777543,basse
BJ-A44A9A92,Laboratoire Urgence Pharmacie,Santé & Pharmacie,Adjara,+229 59 72 52 36,laboratoire.urgence.pharmacie@laboratoire.urgence.pharmacie.org,laboratoireurgencepharmacie.bj,PME (10-50),B2B,Facebook Pages,,Actif,2026-06-29T00:14:35.777597,haute
BJ-8D99B20A,Sainte Cabinet,Santé & Pharmacie,Adjara,+229 99 52 32 84,,saintecabinet.bj,TPE (<10),B2B,Facebook Pages,,Actif,2026-06-29T00:14:35.777622,moyenne
BJ-74CC5D02,Vie Pharmacie,Santé & Pharmacie,Allada,+229 70 25 20 36,vie.pharmacie@vie.pharmacie.bj,,TPE (<10),B2C,Facebook Pages,,Actif,2026-06-29T00:14:35.777658,moyenne
BJ-FCDF81A0,Emergency,Santé & Pharmacie,Allada,+229 54 26 58 62,emergency@emergency.bj,emergency.bj,TPE (<10),B2B,Facebook Pages,,Actif,2026-06-29T00:14:35.777684,haute
BJ-AD816625,Pharmacie Royal Bénin,Santé & Pharmacie,Allada,+229 78 81 99 73,,,TPE (<10),B2B,Facebook Pages,,Actif,2026-06-29T00:14:35.777710,basse
BJ-3E8E2DD1,Sainte Bénin Allada,Santé & Pharmacie,Allada,+229 54 14 35 86,,saintebéninallada.bj,TPE (<10),B2C,Facebook Pages,,Actif,2026-06-29T00:14:35.777742,moyenne
BJ-D6BE51FC,Cabinet Sainte Allada,Santé & Pharmacie,Allada,+229 40 53 62 87,,cabinetsainteallada.bj,TPE (<10),B2C,Facebook Pages,,Actif,2026-06-29T00:14:35.777771,moyenne
BJ-42D135F9,Cabinet Vie International,Santé & Pharmacie,Aplahoué,+229 94 11 84 93,cabinet.vie.international@cabinet.vie.international.org,cabinetvieinternational.bj,TPE (<10),B2C,Facebook Pages,,Actif,2026-06-29T00:14:35.777845,haute
BJ-645D666F,Pharmacie Saint,Santé & Pharmacie,Aplahoué,+229 79 38 49 64,pharmacie.saint@pharmacie.saint.com,,Grande (>200),B2C,Facebook Pages,,Actif,2026-06-29T00:14:35.777866,moyenne
BJ-0F79EB07,Centre Soins International,Santé & Pharmacie,Aplahoué,+229 38 43 84 17,centre.soins.international@centre.soins.international.benin,centresoinsinternational.bj,PME (10-50),B2C,Facebook Pages,,Actif,2026-06-29T00:14:35.777905,haute
BJ-24FC86AA,Hôpital Emergency Centre Aplahoué,Santé & Pharmacie,Aplahoué,+229 92 99 73 36,,hôpitalemergencycentreaplahoué.bj,PME (10-50),B2B,Facebook Pages,,Actif,2026-06-29T00:14:35.777933,moyenne
BJ-973494AA,Clinique Médicament Hôpital,Santé & Pharmacie,Aplahoué,+229 80 95 22 10,clinique.médicament.hôpital@clinique.médicament.hôpital.com,,TPE (<10),B2B,Facebook Pages,,Actif,2026-06-29T00:14:35.777963,moyenne
BJ-C53878A6,Saint,Santé & Pharmacie,Dogbo-Tota,+229 46 88 49 66,saint@saint.com,,PME (10-50),B2B,Facebook Pages,,Actif,2026-06-29T00:14:35.778003,moyenne
BJ-7E54E526,Urgence,Santé & Pharmacie,Dogbo-Tota,+229 71 50 96 98,urgence@urgence.benin,,PME (50-200),B2C,Facebook Pages,,Actif,2026-06-29T00:14:35.778036,moyenne
BJ-92ED969A,Médicament Centre Dogbo-Tota,Santé & Pharmacie,Dogbo-Tota,+229 91 20 80 36,,,PME (10-50),B2B,Facebook Pages,,Actif,2026-06-29T00:14:35.778057,basse
BJ-622368B9,Centre Soins,Santé & Pharmacie,Dogbo-Tota,+229 59 23 89 69,centre.soins@centre.soins.bj,,PME (10-50),B2B,Facebook Pages,,Actif,2026-06-29T00:14:35.778079,moyenne
BJ-D95CC172,Centre Pharma,Santé & Pharmacie,Dogbo-Tota,+229 24 34 95 96,,centrepharma.bj,PME (10-50),B2B,Facebook Pages,,Actif,2026-06-29T00:14:35.778098,moyenne
BJ-877D5118,Guérison Kpomassè,Santé & Pharmacie,Kpomassè,+229 51 47 55 45,,guérisonkpomassè.bj,Grande (>200),B2C,Facebook Pages,,Actif,2026-06-29T00:14:35.778130,moyenne
BJ-258987F5,Guérison Medical,Santé & Pharmacie,Kpomassè,+229 50 12 14 19,guérison.medical@guérison.medical.bj,guérisonmedical.bj,PME (50-200),B2C,Facebook Pages,,Actif,2026-06-29T00:14:35.778156,haute
BJ-2A7091FE,Clinique Emergency,Santé & Pharmacie,Kpomassè,+229 74 76 67 38,,,PME (10-50),B2C,Facebook Pages,,Actif,2026-06-29T00:14:35.778176,basse
BJ-C1DE0972,Hôpital Saint Hôpital,Santé & Pharmacie,Kpomassè,+229 32 88 68 99,,hôpitalsainthôpital.bj,TPE (<10),B2B,Facebook Pages,,Actif,2026-06-29T00:14:35.778196,moyenne
BJ-09B37A90,Hôpital Nouveau,Santé & Pharmacie,Kpomassè,+229 97 98 19 35,,,PME (50-200),B2B,Facebook Pages,,Actif,2026-06-29T00:14:35.778216,basse
BJ-48CB35EC,Cabinet Saint Pharmacie,Santé & Pharmacie,Tori-Bossito,+229 26 72 78 42,cabinet.saint.pharmacie@cabinet.saint.pharmacie.org,,PME (50-200),B2B,Facebook Pages,,Actif,2026-06-29T00:14:35.778246,moyenne
BJ-F7CCC32D,Centre Central Cabinet,Santé & Pharmacie,Tori-Bossito,+229 29 58 69 23,centre.central.cabinet@centre.central.cabinet.com,centrecentralcabinet.bj,TPE (<10),B2B,Facebook Pages,,Actif,2026-06-29T00:14:35.778267,haute
BJ-65D5CCD6,Central,Santé & Pharmacie,Tori-Bossito,+229 90 55 80 60,central@central.com,,TPE (<10),B2C,Facebook Pages,,Actif,2026-06-29T00:14:35.778285,moyenne
BJ-BA4FD502,Soins Bénin,Santé & Pharmacie,Tori-Bossito,+229 79 53 60 11,soins.bénin@soins.bénin.com,soinsbénin.bj,TPE (<10),B2B,Facebook Pages,,Actif,2026-06-29T00:14:35.778312,haute
BJ-1CE17123,Royal Medical,Santé & Pharmacie,Tori-Bossito,+229 85 14 25 70,royal.medical@royal.medical.bj,royalmedical.bj,PME (50-200),B2B,Facebook Pages,,Actif,2026-06-29T00:14:35.778334,haute
BJ-095A28FE,Cabinet Royal Centre,Santé & Pharmacie,Grand-Popo,+229 23 44 54 76,cabinet.royal.centre@cabinet.royal.centre.org,cabinetroyalcentre.bj,PME (10-50),B2B,Facebook Pages,,Actif,2026-06-29T00:14:35.778383,haute
BJ-7ACD3654,Pharmacie Santé,Santé & Pharmacie,Grand-Popo,+229 64 10 13 20,pharmacie.santé@pharmacie.santé.org,pharmaciesanté.bj,TPE (<10),B2B,Facebook Pages,,Actif,2026-06-29T00:14:35.778415,haute
BJ-76090AF4,Hôpital Médical Grand-Popo,Santé & Pharmacie,Grand-Popo,+229 50 50 76 81,hôpital.médical.grandpopo@hôpital.médical.grandpopo.org,,PME (50-200),B2B,Facebook Pages,,Actif,2026-06-29T00:14:35.778450,moyenne
BJ-98E1E145,Sainte Medical,Santé & Pharmacie,Grand-Popo,+229 97 65 93 65,sainte.medical@sainte.medical.bj,saintemedical.bj,PME (50-200),B2B,Facebook Pages,,Actif,2026-06-29T00:14:35.778473,haute
BJ-EE84B1B6,Emergency,Santé & Pharmacie,Grand-Popo,+229 99 62 22 47,emergency@emergency.bj,,PME (10-50),B2B,Facebook Pages,,Actif,2026-06-29T00:14:35.778494,moyenne
BJ-70D02C6E,Cabinet Urgence Bénin,Santé & Pharmacie,Athiémé,+229 65 62 11 19,cabinet.urgence.bénin@cabinet.urgence.bénin.org,cabineturgencebénin.bj,Grande (>200),B2C,Facebook Pages,,Actif,2026-06-29T00:14:35.778543,haute
BJ-4EB26D17,Pharma Bénin,Santé & Pharmacie,Athiémé,+229 61 44 28 24,pharma.bénin@pharma.bénin.benin,pharmabénin.bj,TPE (<10),B2B,Facebook Pages,,Actif,2026-06-29T00:14:35.778570,haute
BJ-1F1E1E78,Centre Guérison,Santé & Pharmacie,Athiémé,+229 43 57 64 99,centre.guérison@centre.guérison.com,,PME (10-50),B2B,Facebook Pages,,Actif,2026-06-29T00:14:35.778601,moyenne
BJ-7303ABFE,Soins International,Santé & Pharmacie,Athiémé,+229 60 73 60 70,,,TPE (<10),B2B,Facebook Pages,,Actif,2026-06-29T00:14:35.778632,basse
BJ-5DDD6DD5,Soins,Santé & Pharmacie,Athiémé,+229 70 78 68 28,soins@soins.org,soins.bj,PME (50-200),B2C,Facebook Pages,,Actif,2026-06-29T00:14:35.778658,haute
BJ-371E1B7F,Sainte,Santé & Pharmacie,Bopa,+229 56 47 27 59,,,PME (50-200),B2C,Facebook Pages,,Actif,2026-06-29T00:14:35.778699,basse
BJ-56A69BB1,Central Medical,Santé & Pharmacie,Bopa,+229 75 25 84 96,central.medical@central.medical.net,,TPE (<10),B2C,Facebook Pages,,Actif,2026-06-29T00:14:35.778727,moyenne
BJ-ECDED65B,Centre Central Clinique,Santé & Pharmacie,Bopa,+229 34 24 63 56,,centrecentralclinique.bj,Grande (>200),B2B,Facebook Pages,,Actif,2026-06-29T00:14:35.778750,moyenne
BJ-86E555EB,Hôpital Médicament Pharmacie,Santé & Pharmacie,Bopa,+229 93 80 65 65,,hôpitalmédicamentpharmacie.bj,PME (10-50),B2C,Facebook Pages,,Actif,2026-06-29T00:14:35.778771,moyenne
BJ-3B38C82B,Pharmacie Saint,Santé & Pharmacie,Bopa,+229 64 56 65 98,pharmacie.saint@pharmacie.saint.bj,pharmaciesaint.bj,Grande (>200),B2C,Facebook Pages,,Actif,2026-06-29T00:14:35.778799,haute
BJ-F7FDC5D5,Laboratoire Sainte Houéyogbé,Santé & Pharmacie,Houéyogbé,+229 96 72 10 26,laboratoire.sainte.houéyogbé@laboratoire.sainte.houéyogbé.net,laboratoiresaintehouéyogbé.bj,PME (10-50),B2C,Facebook Pages,,Actif,2026-06-29T00:14:35.778843,haute
BJ-836A2FCB,Vie Cabinet Houéyogbé,Santé & Pharmacie,Houéyogbé,+229 75 61 96 64,vie.cabinet.houéyogbé@vie.cabinet.houéyogbé.org,viecabinethouéyogbé.bj,TPE (<10),B2C,Facebook Pages,,Actif,2026-06-29T00:14:35.778869,haute
BJ-EB034179,Pharma Clinique,Santé & Pharmacie,Houéyogbé,+229 27 43 43 40,pharma.clinique@pharma.clinique.net,,PME (50-200),B2C,Facebook Pages,,Actif,2026-06-29T00:14:35.778917,moyenne
BJ-5F714346,Guérison,Santé & Pharmacie,Houéyogbé,+229 57 24 82 86,guérison@guérison.benin,,PME (50-200),B2C,Facebook Pages,,Actif,2026-06-29T00:14:35.778957,moyenne
BJ-F32830E1,Urgence,Santé & Pharmacie,Houéyogbé,+229 84 73 47 49,urgence@urgence.com,,PME (50-200),B2C,Facebook Pages,,Actif,2026-06-29T00:14:35.778987,moyenne
BJ-2AE4093B,Royal International,Santé & Pharmacie,Malanville,+229 25 91 30 20,royal.international@royal.international.org,,PME (50-200),B2C,Facebook Pages,,Actif,2026-06-29T00:14:35.779029,moyenne
BJ-03D69FAA,Pharmacie Pharma Bénin,Santé & Pharmacie,Malanville,+229 36 31 41 27,pharmacie.pharma.bénin@pharmacie.pharma.bénin.bj,pharmaciepharmabénin.bj,TPE (<10),B2B,Facebook Pages,,Actif,2026-06-29T00:14:35.779062,haute
BJ-CEF7358E,Médical Clinique Malanville,Santé & Pharmacie,Malanville,+229 62 60 87 40,médical.clinique.malanville@médical.clinique.malanville.com,médicalcliniquemalanville.bj,TPE (<10),B2C,Facebook Pages,,Actif,2026-06-29T00:14:35.779100,haute
BJ-64B40FA0,Clinique Royal,Santé & Pharmacie,Malanville,+229 58 13 65 61,clinique.royal@clinique.royal.net,cliniqueroyal.bj,TPE (<10),B2B,Facebook Pages,,Actif,2026-06-29T00:14:35.779124,haute
BJ-3AA9956D,Pharma,Santé & Pharmacie,Malanville,+229 77 25 48 16,pharma@pharma.com,,TPE (<10),B2B,Facebook Pages,,Actif,2026-06-29T00:14:35.779145,moyenne
BJ-B39F8688,Hôpital Sainte Medical,Santé & Pharmacie,Kandi,+229 29 79 14 34,hôpital.sainte.medical@hôpital.sainte.medical.bj,hôpitalsaintemedical.bj,Grande (>200),B2B,Facebook Pages,,Actif,2026-06-29T00:14:35.779189,haute
BJ-FB64A703,Sainte Clinique Kandi,Santé & Pharmacie,Kandi,+229 24 43 53 85,sainte.clinique.kandi@sainte.clinique.kandi.bj,saintecliniquekandi.bj,TPE (<10),B2B,Facebook Pages,,Actif,2026-06-29T00:14:35.779211,haute
BJ-5BB00528,Clinique Nouveau Clinique,Santé & Pharmacie,Kandi,+229 85 45 30 99,clinique.nouveau.clinique@clinique.nouveau.clinique.net,cliniquenouveauclinique.bj,PME (50-200),B2B,Facebook Pages,,Actif,2026-06-29T00:14:35.779235,haute
BJ-D2E544E9,Clinique Guérison,Santé & Pharmacie,Kandi,+229 48 73 81 22,clinique.guérison@clinique.guérison.net,cliniqueguérison.bj,TPE (<10),B2B,Facebook Pages,,Actif,2026-06-29T00:14:35.779270,haute
BJ-D688E9F8,Emergency,Santé & Pharmacie,Kandi,+229 55 93 39 95,emergency@emergency.org,emergency.bj,TPE (<10),B2B,Facebook Pages,,Actif,2026-06-29T00:14:35.779294,haute
BJ-234B7C34,Hôpital Vie Medical,Santé & Pharmacie,Banikoara,+229 73 56 74 73,,,TPE (<10),B2B,Facebook Pages,,Actif,2026-06-29T00:14:35.779326,basse
BJ-2F3B12CC,Saint,Santé & Pharmacie,Banikoara,+229 37 67 28 51,saint@saint.com,saint.bj,Grande (>200),B2C,Facebook Pages,,Actif,2026-06-29T00:14:35.779348,haute
BJ-07DDEB40,Médical,Santé & Pharmacie,Banikoara,+229 61 99 13 44,médical@médical.com,médical.bj,PME (10-50),B2B,Facebook Pages,,Actif,2026-06-29T00:14:35.779372,haute
BJ-45F3ED5E,Hôpital Nouveau,Santé & Pharmacie,Banikoara,+229 42 93 22 74,,hôpitalnouveau.bj,TPE (<10),B2C,Facebook Pages,,Actif,2026-06-29T00:14:35.779406,moyenne
BJ-ECE0E8B1,Guérison Bénin Banikoara,Santé & Pharmacie,Banikoara,+229 52 83 85 35,guérison.bénin.banikoara@guérison.bénin.banikoara.bj,,Grande (>200),B2B,Facebook Pages,,Actif,2026-06-29T00:14:35.779432,moyenne
BJ-FEDC975F,Saint,Santé & Pharmacie,Ségbana,+229 53 40 54 22,saint@saint.org,saint.bj,PME (10-50),B2C,Facebook Pages,,Actif,2026-06-29T00:14:35.779473,haute
BJ-33EF7163,Laboratoire Médical,Santé & Pharmacie,Ségbana,+229 83 71 77 69,,laboratoiremédical.bj,PME (10-50),B2B,Facebook Pages,,Actif,2026-06-29T00:14:35.779510,moyenne
BJ-212C7D7D,Centre Nouveau Medical,Santé & Pharmacie,Ségbana,+229 57 48 34 96,centre.nouveau.medical@centre.nouveau.medical.net,centrenouveaumedical.bj,TPE (<10),B2C,Facebook Pages,,Actif,2026-06-29T00:14:35.779545,haute
BJ-E3E6D0AE,Saint Bénin,Santé & Pharmacie,Ségbana,+229 63 13 97 28,,saintbénin.bj,PME (50-200),B2C,Facebook Pages,,Actif,2026-06-29T00:14:35.779581,moyenne
BJ-A9E96DCC,Cabinet Pharma Centre,Santé & Pharmacie,Ségbana,+229 56 73 65 34,cabinet.pharma.centre@cabinet.pharma.centre.com,cabinetpharmacentre.bj,PME (10-50),B2C,Facebook Pages,,Actif,2026-06-29T00:14:35.779613,haute
BJ-EFA7FCC8,Médicament,Santé & Pharmacie,Karimama,+229 43 88 59 60,,,TPE (<10),B2B,Facebook Pages,,Actif,2026-06-29T00:14:35.779688,basse
BJ-692E333E,Centre Saint Medical,Santé & Pharmacie,Karimama,+229 61 99 45 69,centre.saint.medical@centre.saint.medical.bj,centresaintmedical.bj,TPE (<10),B2C,Facebook Pages,,Actif,2026-06-29T00:14:35.779719,haute
BJ-86D3D7A1,Pharmacie Pharma Clinique,Santé & Pharmacie,Karimama,+229 27 65 47 83,,,PME (50-200),B2B,Facebook Pages,,Actif,2026-06-29T00:14:35.779756,basse
BJ-3C5B3919,Cabinet Royal Karimama,Santé & Pharmacie,Karimama,+229 27 49 34 20,cabinet.royal.karimama@cabinet.royal.karimama.benin,,TPE (<10),B2B,Facebook Pages,,Actif,2026-06-29T00:14:35.779788,moyenne
BJ-CD8FD97E,Hôpital Vie Medical,Santé & Pharmacie,Gogounou,+229 72 11 52 38,hôpital.vie.medical@hôpital.vie.medical.net,,PME (10-50),B2C,Facebook Pages,,Actif,2026-06-29T00:14:35.779837,moyenne
BJ-C44C902F,Pharmacie Urgence,Santé & Pharmacie,Gogounou,+229 48 41 27 79,pharmacie.urgence@pharmacie.urgence.benin,pharmacieurgence.bj,PME (10-50),B2C,Facebook Pages,,Actif,2026-06-29T00:14:35.779869,haute
BJ-BF9F41EB,Sainte Clinique,Santé & Pharmacie,Gogounou,+229 63 71 20 73,sainte.clinique@sainte.clinique.org,sainteclinique.bj,PME (10-50),B2C,Facebook Pages,,Actif,2026-06-29T00:14:35.779916,haute
BJ-6687EF10,Médical Bénin,Santé & Pharmacie,Gogounou,+229 41 51 77 73,médical.bénin@médical.bénin.bj,,PME (50-200),B2C,Facebook Pages,,Actif,2026-06-29T00:14:35.779955,moyenne
BJ-056CB509,Royal Centre,Santé & Pharmacie,Gogounou,+229 34 15 40 91,royal.centre@royal.centre.org,royalcentre.bj,TPE (<10),B2C,Facebook Pages,,Actif,2026-06-29T00:14:35.779994,haute
BJ-BC429F12,Hôpital Royal,Santé & Pharmacie,Cobly,+229 44 23 24 73,hôpital.royal@hôpital.royal.net,,TPE (<10),B2B,Facebook Pages,,Actif,2026-06-29T00:14:35.780054,moyenne
BJ-FCBD8333,Guérison,Santé & Pharmacie,Cobly,+229 55 92 88 82,guérison@guérison.benin,,TPE (<10),B2B,Facebook Pages,,Actif,2026-06-29T00:14:35.780085,moyenne
BJ-C9F44A07,Pharmacie Royal Pharmacie,Santé & Pharmacie,Cobly,+229 48 36 18 51,pharmacie.royal.pharmacie@pharmacie.royal.pharmacie.org,,Grande (>200),B2B,Facebook Pages,,Actif,2026-06-29T00:14:35.780119,moyenne
BJ-9F4CDEF4,Pharmacie Guérison Centre,Santé & Pharmacie,Cobly,+229 60 11 98 30,pharmacie.guérison.centre@pharmacie.guérison.centre.benin,pharmacieguérisoncentre.bj,TPE (<10),B2C,Facebook Pages,,Actif,2026-06-29T00:14:35.780164,haute
BJ-B2125C46,Centre Guérison,Santé & Pharmacie,Tanguiéta,+229 85 71 25 55,centre.guérison@centre.guérison.com,centreguérison.bj,PME (10-50),B2C,Facebook Pages,,Actif,2026-06-29T00:14:35.780250,haute
BJ-551D955F,Cabinet Nouveau,Santé & Pharmacie,Tanguiéta,+229 84 43 92 99,cabinet.nouveau@cabinet.nouveau.org,cabinetnouveau.bj,PME (10-50),B2C,Facebook Pages,,Actif,2026-06-29T00:14:35.780276,haute
BJ-72FC7AD2,Hôpital Médical Medical Tanguiéta,Santé & Pharmacie,Tanguiéta,+229 37 81 26 30,hôpital.médical.medical.tanguiéta@hôpital.médical.medical.tanguiéta.org,hôpitalmédicalmedicaltanguiéta.bj,TPE (<10),B2B,Facebook Pages,,Actif,2026-06-29T00:14:35.780305,haute
BJ-00C0CCCC,Emergency Medical,Santé & Pharmacie,Tanguiéta,+229 24 32 23 38,emergency.medical@emergency.medical.benin,emergencymedical.bj,TPE (<10),B2C,Facebook Pages,,Actif,2026-06-29T00:14:35.780344,haute
BJ-2DA8C2A1,Pharma Medical Tanguiéta,Santé & Pharmacie,Tanguiéta,+229 44 51 90 47,pharma.medical.tanguiéta@pharma.medical.tanguiéta.net,,TPE (<10),B2B,Facebook Pages,,Actif,2026-06-29T00:14:35.780361,moyenne
BJ-1D12D55F,Santé,Santé & Pharmacie,Matéri,+229 82 91 47 30,santé@santé.bj,,PME (10-50),B2B,Facebook Pages,,Actif,2026-06-29T00:14:35.780390,moyenne
BJ-1E8E1350,Saint Hôpital,Santé & Pharmacie,Matéri,+229 85 84 63 55,,,TPE (<10),B2B,Facebook Pages,,Actif,2026-06-29T00:14:35.780403,basse
BJ-A4DD47DA,Pharmacie Nouveau Medical,Santé & Pharmacie,Matéri,+229 95 58 44 34,,pharmacienouveaumedical.bj,PME (10-50),B2C,Facebook Pages,,Actif,2026-06-29T00:14:35.780416,moyenne
BJ-EC84B4C2,Emergency Cabinet Matéri,Santé & Pharmacie,Matéri,+229 76 75 44 44,emergency.cabinet.matéri@emergency.cabinet.matéri.com,emergencycabinetmatéri.bj,PME (10-50),B2B,Facebook Pages,,Actif,2026-06-29T00:14:35.780444,haute
BJ-2E7FA7C6,Santé Natitingou,Santé & Pharmacie,Natitingou,+229 62 32 94 35,,santénatitingou.bj,PME (10-50),B2B,Facebook Pages,,Actif,2026-06-29T00:14:35.780464,moyenne
BJ-75B90793,Clinique Nouveau Bénin,Santé & Pharmacie,Natitingou,+229 85 91 77 60,,cliniquenouveaubénin.bj,PME (10-50),B2C,Facebook Pages,,Actif,2026-06-29T00:14:35.780519,moyenne
BJ-F4FD782F,Pharma Pharmacie,Santé & Pharmacie,Toucountouna,+229 22 20 78 92,pharma.pharmacie@pharma.pharmacie.bj,,PME (10-50),B2C,Facebook Pages,,Actif,2026-06-29T00:14:35.780554,moyenne
BJ-E3371D4E,Urgence,Santé & Pharmacie,Toucountouna,+229 62 63 27 62,,urgence.bj,PME (50-200),B2B,Facebook Pages,,Actif,2026-06-29T00:14:35.780567,moyenne
BJ-17CF724E,Laboratoire Pharma Medical,Santé & Pharmacie,Toucountouna,+229 43 94 30 40,,,TPE (<10),B2B,Facebook Pages,,Actif,2026-06-29T00:14:35.780578,basse
BJ-AB32CA40,Centre Médical,Santé & Pharmacie,Toucountouna,+229 82 16 48 44,centre.médical@centre.médical.bj,centremédical.bj,PME (50-200),B2C,Facebook Pages,,Actif,2026-06-29T00:14:35.780592,haute
BJ-9C6DA89B,Santé Hôpital,Santé & Pharmacie,Toucountouna,+229 79 54 20 93,,,Grande (>200),B2B,Facebook Pages,,Actif,2026-06-29T00:14:35.780603,basse
BJ-31BEF30A,Cabinet Saint,Santé & Pharmacie,Boukoumbé,+229 72 74 54 17,,cabinetsaint.bj,PME (10-50),B2B,Facebook Pages,,Actif,2026-06-29T00:14:35.780621,moyenne
BJ-37294116,Centre Vie Bénin,Santé & Pharmacie,Boukoumbé,+229 40 39 30 92,centre.vie.bénin@centre.vie.bénin.com,centreviebénin.bj,TPE (<10),B2C,Facebook Pages,,Actif,2026-06-29T00:14:35.780636,haute
BJ-F4E1E192,Sainte Centre,Santé & Pharmacie,Boukoumbé,+229 96 96 50 74,sainte.centre@sainte.centre.net,,PME (10-50),B2C,Facebook Pages,,Actif,2026-06-29T00:14:35.780649,moyenne
BJ-9D3CB453,Médicament,Santé & Pharmacie,Boukoumbé,+229 20 86 84 75,médicament@médicament.bj,,PME (50-200),B2B,Facebook Pages,,Actif,2026-06-29T00:14:35.780667,moyenne
BJ-D8594224,Cabinet Sainte Clinique,Santé & Pharmacie,Boukoumbé,+229 53 51 73 62,cabinet.sainte.clinique@cabinet.sainte.clinique.com,,TPE (<10),B2B,Facebook Pages,,Actif,2026-06-29T00:14:35.780681,moyenne
BJ-CE493EFA,Clinique Urgence Clinique,Santé & Pharmacie,Kouandé,+229 37 40 84 93,clinique.urgence.clinique@clinique.urgence.clinique.org,cliniqueurgenceclinique.bj,TPE (<10),B2C,Facebook Pages,,Actif,2026-06-29T00:14:35.780716,haute
BJ-9A902365,Central Medical,Santé & Pharmacie,Kouandé,+229 56 44 80 41,,,TPE (<10),B2B,Facebook Pages,,Actif,2026-06-29T00:14:35.780729,basse
BJ-EF6E8D52,Centre Royal Hôpital,Santé & Pharmacie,Kouandé,+229 54 76 51 65,centre.royal.hôpital@centre.royal.hôpital.com,centreroyalhôpital.bj,TPE (<10),B2B,Facebook Pages,,Actif,2026-06-29T00:14:35.780760,haute
BJ-F9B53CF1,Cabinet Emergency Centre Kouandé,Santé & Pharmacie,Kouandé,+229 40 53 57 20,cabinet.emergency.centre.kouandé@cabinet.emergency.centre.kouandé.bj,cabinetemergencycentrekouandé.bj,PME (50-200),B2C,Facebook Pages,,Actif,2026-06-29T00:14:35.780785,haute
BJ-95E40649,Emergency,Santé & Pharmacie,Péhunco,+229 25 46 77 78,emergency@emergency.net,emergency.bj,TPE (<10),B2B,Facebook Pages,,Actif,2026-06-29T00:14:35.780833,haute
BJ-D09EA5AD,Centre Bien-être,Santé & Pharmacie,Péhunco,+229 97 69 75 70,centre.bienêtre@centre.bienêtre.benin,centrebienêtre.bj,TPE (<10),B2B,Facebook Pages,,Actif,2026-06-29T00:14:35.780869,haute
BJ-460244E0,Vie,Santé & Pharmacie,Péhunco,+229 68 92 77 22,vie@vie.net,,TPE (<10),B2B,Facebook Pages,,Actif,2026-06-29T00:14:35.780917,moyenne
BJ-DB0EE83F,Soins Péhunco,Santé & Pharmacie,Péhunco,+229 35 67 44 65,soins.péhunco@soins.péhunco.org,,TPE (<10),B2B,Facebook Pages,,Actif,2026-06-29T00:14:35.780965,moyenne
BJ-7EA84CCE,Bien-être Péhunco,Santé & Pharmacie,Péhunco,+229 55 91 88 99,bienêtre.péhunco@bienêtre.péhunco.com,bienêtrepéhunco.bj,PME (10-50),B2C,Facebook Pages,,Actif,2026-06-29T00:14:35.780999,haute
BJ-C3757946,Pharmacie Santé Tchaourou,Santé & Pharmacie,Tchaourou,+229 85 15 96 96,,pharmaciesantétchaourou.bj,PME (10-50),B2B,Facebook Pages,,Actif,2026-06-29T00:14:35.781042,moyenne
BJ-4B3CB691,Centre Bien-être Clinique Tchaourou,Santé & Pharmacie,Tchaourou,+229 64 96 27 28,,,TPE (<10),B2C,Facebook Pages,,Actif,2026-06-29T00:14:35.781072,basse
BJ-293881F7,Clinique Vie Bénin,Santé & Pharmacie,Tchaourou,+229 88 29 42 71,,cliniqueviebénin.bj,Grande (>200),B2B,Facebook Pages,,Actif,2026-06-29T00:14:35.781100,moyenne
BJ-C297B830,Centre Central Clinique,Santé & Pharmacie,Tchaourou,+229 78 76 22 49,centre.central.clinique@centre.central.clinique.bj,centrecentralclinique.bj,PME (10-50),B2B,Facebook Pages,,Actif,2026-06-29T00:14:35.781132,haute
BJ-3B4AB352,Vie Pharmacie,Santé & Pharmacie,Tchaourou,+229 82 62 66 37,vie.pharmacie@vie.pharmacie.bj,viepharmacie.bj,PME (10-50),B2B,Facebook Pages,,Actif,2026-06-29T00:14:35.781169,haute
BJ-D9699D94,Clinique Central,Santé & Pharmacie,Nikki,+229 35 54 67 73,clinique.central@clinique.central.bj,,PME (10-50),B2B,Facebook Pages,,Actif,2026-06-29T00:14:35.781225,moyenne
BJ-2A6C58E7,Guérison Bénin,Santé & Pharmacie,Nikki,+229 22 28 20 68,guérison.bénin@guérison.bénin.com,guérisonbénin.bj,TPE (<10),B2B,Facebook Pages,,Actif,2026-06-29T00:14:35.781268,haute
BJ-7DBC677F,Clinique Saint Cabinet,Santé & Pharmacie,Nikki,+229 24 91 93 75,clinique.saint.cabinet@clinique.saint.cabinet.net,,TPE (<10),B2B,Facebook Pages,,Actif,2026-06-29T00:14:35.781301,moyenne
BJ-BEF0C562,Hôpital Nouveau,Santé & Pharmacie,Nikki,+229 49 27 37 50,hôpital.nouveau@hôpital.nouveau.com,,PME (10-50),B2B,Facebook Pages,,Actif,2026-06-29T00:14:35.781340,moyenne
BJ-8992BCC0,Saint,Santé & Pharmacie,Nikki,+229 71 66 57 53,,,TPE (<10),B2B,Facebook Pages,,Actif,2026-06-29T00:14:35.781376,basse
BJ-073AD000,Central Cabinet Bembéréké,Santé & Pharmacie,Bembéréké,+229 95 47 91 42,,centralcabinetbembéréké.bj,TPE (<10),B2B,Facebook Pages,,Actif,2026-06-29T00:14:35.781419,moyenne
BJ-CB018517,Médical Hôpital,Santé & Pharmacie,Bembéréké,+229 40 74 25 44,médical.hôpital@médical.hôpital.benin,médicalhôpital.bj,PME (50-200),B2B,Facebook Pages,,Actif,2026-06-29T00:14:35.781445,haute
BJ-1839BFB4,Cabinet Sainte International,Santé & Pharmacie,Bembéréké,+229 70 59 12 94,cabinet.sainte.international@cabinet.sainte.international.bj,cabinetsainteinternational.bj,PME (50-200),B2B,Facebook Pages,,Actif,2026-06-29T00:14:35.781485,haute
BJ-EF901CCB,Hôpital Vie,Santé & Pharmacie,Bembéréké,+229 59 71 77 78,hôpital.vie@hôpital.vie.benin,hôpitalvie.bj,PME (50-200),B2C,Facebook Pages,,Actif,2026-06-29T00:14:35.781516,haute
BJ-1C720278,Laboratoire Pharma Hôpital Bembéréké,Santé & Pharmacie,Bembéréké,+229 32 82 77 30,laboratoire.pharma.hôpital.bembéréké@laboratoire.pharma.hôpital.bembéréké.benin,,Grande (>200),B2B,Facebook Pages,,Actif,2026-06-29T00:14:35.781545,moyenne
BJ-15CAFCE5,Emergency Hôpital,Santé & Pharmacie,Kalalé,+229 51 63 90 76,emergency.hôpital@emergency.hôpital.benin,,TPE (<10),B2C,Facebook Pages,,Actif,2026-06-29T00:14:35.781584,moyenne
BJ-2A1EB9F6,Pharma Medical,Santé & Pharmacie,Kalalé,+229 33 69 75 14,,pharmamedical.bj,PME (50-200),B2B,Facebook Pages,,Actif,2026-06-29T00:14:35.781611,moyenne
BJ-117A0C3D,Clinique Santé International,Santé & Pharmacie,Kalalé,+229 57 50 17 64,clinique.santé.international@clinique.santé.international.benin,cliniquesantéinternational.bj,TPE (<10),B2C,Facebook Pages,,Actif,2026-06-29T00:14:35.781645,haute
BJ-3D1C0CCE,Bien-être,Santé & Pharmacie,Kalalé,+229 38 90 10 74,bienêtre@bienêtre.bj,bienêtre.bj,PME (50-200),B2C,Facebook Pages,,Actif,2026-06-29T00:14:35.781678,haute
BJ-C2364707,Vie Clinique,Santé & Pharmacie,Kalalé,+229 38 96 68 44,,vieclinique.bj,PME (10-50),B2B,Facebook Pages,,Actif,2026-06-29T00:14:35.781706,moyenne
BJ-3D98FA20,Bien-être,Santé & Pharmacie,Ndali,+229 95 31 35 94,bienêtre@bienêtre.net,,TPE (<10),B2C,Facebook Pages,,Actif,2026-06-29T00:14:35.781777,moyenne
BJ-AEC955AC,Guérison,Santé & Pharmacie,Ndali,+229 24 24 93 31,guérison@guérison.net,guérison.bj,TPE (<10),B2B,Facebook Pages,,Actif,2026-06-29T00:14:35.781806,haute
BJ-0629AE20,Pharma Clinique,Santé & Pharmacie,Ndali,+229 33 97 37 65,pharma.clinique@pharma.clinique.com,,PME (10-50),B2B,Facebook Pages,,Actif,2026-06-29T00:14:35.781834,moyenne
BJ-30AE8E7C,Royal Bénin,Santé & Pharmacie,Ndali,+229 45 70 28 37,royal.bénin@royal.bénin.org,,PME (50-200),B2C,Facebook Pages,,Actif,2026-06-29T00:14:35.781862,moyenne
BJ-82ADBC92,Cabinet Urgence,Santé & Pharmacie,Ségbana,+229 60 32 67 12,cabinet.urgence@cabinet.urgence.org,cabineturgence.bj,TPE (<10),B2B,Facebook Pages,,Actif,2026-06-29T00:14:35.781919,haute
BJ-DF145CE3,Cabinet Saint,Santé & Pharmacie,Ségbana,+229 87 18 61 24,cabinet.saint@cabinet.saint.com,,PME (50-200),B2B,Facebook Pages,,Actif,2026-06-29T00:14:35.781954,moyenne
BJ-FE9E2826,Laboratoire Vie Clinique,Santé & Pharmacie,Ségbana,+229 44 38 41 78,laboratoire.vie.clinique@laboratoire.vie.clinique.com,,TPE (<10),B2C,Facebook Pages,,Actif,2026-06-29T00:14:35.781987,moyenne
BJ-BFF4B51E,Hôpital Royal,Santé & Pharmacie,Ségbana,+229 58 70 32 72,hôpital.royal@hôpital.royal.org,hôpitalroyal.bj,Grande (>200),B2B,Facebook Pages,,Actif,2026-06-29T00:14:35.782026,haute
BJ-B40ECB49,Centre Bien-être,Santé & Pharmacie,Ségbana,+229 91 70 45 84,centre.bienêtre@centre.bienêtre.org,centrebienêtre.bj,PME (10-50),B2C,Facebook Pages,,Actif,2026-06-29T00:14:35.782097,haute
BJ-552B6514,Pharmacie Emergency,Santé & Pharmacie,Tchaourou,+229 29 37 66 42,pharmacie.emergency@pharmacie.emergency.com,pharmacieemergency.bj,TPE (<10),B2B,Facebook Pages,,Actif,2026-06-29T00:14:35.782156,haute
BJ-63D9ECB9,Vie Cabinet,Santé & Pharmacie,Tchaourou,+229 84 77 22 89,,viecabinet.bj,TPE (<10),B2C,Facebook Pages,,Actif,2026-06-29T00:14:35.782171,moyenne
BJ-89000A9F,Pharma Clinique,Santé & Pharmacie,Tchaourou,+229 59 10 23 66,pharma.clinique@pharma.clinique.org,pharmaclinique.bj,PME (50-200),B2B,Facebook Pages,,Actif,2026-06-29T00:14:35.782184,haute
BJ-5ADA7B2E,Cabinet Emergency Medical,Santé & Pharmacie,Tchaourou,+229 81 53 63 85,cabinet.emergency.medical@cabinet.emergency.medical.net,cabinetemergencymedical.bj,PME (10-50),B2C,Facebook Pages,,Actif,2026-06-29T00:14:35.782197,haute
BJ-4EC9F4C4,Centre Urgence,Santé & Pharmacie,Tchaourou,+229 36 31 98 41,centre.urgence@centre.urgence.net,centreurgence.bj,PME (10-50),B2B,Facebook Pages,,Actif,2026-06-29T00:14:35.782211,haute
BJ-8642B121,Sainte,Santé & Pharmacie,Bétérou,+229 66 88 85 43,sainte@sainte.net,sainte.bj,TPE (<10),B2B,Facebook Pages,,Actif,2026-06-29T00:14:35.782256,haute
BJ-54E9BF67,Pharma,Santé & Pharmacie,Bétérou,+229 65 53 90 28,pharma@pharma.org,,TPE (<10),B2B,Facebook Pages,,Actif,2026-06-29T00:14:35.782284,moyenne
BJ-7F2B2B03,Central Clinique,Santé & Pharmacie,Bétérou,+229 43 15 25 53,central.clinique@central.clinique.org,centralclinique.bj,Grande (>200),B2C,Facebook Pages,,Actif,2026-06-29T00:14:35.782299,haute
BJ-72EE2C7B,Clinique Sainte,Santé & Pharmacie,Bétérou,+229 26 22 37 63,clinique.sainte@clinique.sainte.com,cliniquesainte.bj,Grande (>200),B2B,Facebook Pages,,Actif,2026-06-29T00:14:35.782316,haute
BJ-5651BEE4,Nouveau Cabinet,Santé & Pharmacie,Bétérou,+229 35 41 70 70,nouveau.cabinet@nouveau.cabinet.com,nouveaucabinet.bj,PME (10-50),B2B,Facebook Pages,,Actif,2026-06-29T00:14:35.782330,haute
BJ-E2F34AD0,Urgence International,Santé & Pharmacie,Ouessè,+229 88 57 95 13,,,PME (10-50),B2B,Facebook Pages,,Actif,2026-06-29T00:14:35.782353,basse
BJ-619D84B0,Clinique Bien-être Centre,Santé & Pharmacie,Ouessè,+229 94 72 22 83,clinique.bienêtre.centre@clinique.bienêtre.centre.bj,,TPE (<10),B2B,Facebook Pages,,Actif,2026-06-29T00:14:35.782370,moyenne
BJ-AC864142,Santé Hôpital Ouessè,Santé & Pharmacie,Ouessè,+229 86 12 72 12,santé.hôpital.ouessè@santé.hôpital.ouessè.org,santéhôpitalouessè.bj,PME (10-50),B2B,Facebook Pages,,Actif,2026-06-29T00:14:35.782385,haute
BJ-BA28A37E,Clinique Pharma Ouessè,Santé & Pharmacie,Ouessè,+229 89 85 14 65,clinique.pharma.ouessè@clinique.pharma.ouessè.com,cliniquepharmaouessè.bj,PME (10-50),B2B,Facebook Pages,,Actif,2026-06-29T00:14:35.782399,haute
BJ-EFE85BA4,Guérison Ouessè,Santé & Pharmacie,Ouessè,+229 56 16 22 70,,guérisonouessè.bj,PME (10-50),B2C,Facebook Pages,,Actif,2026-06-29T00:14:35.782416,moyenne
BJ-DBCE2924,Pharmacie Guérison Glazoué,Santé & Pharmacie,Glazoué,+229 91 10 65 32,pharmacie.guérison.glazoué@pharmacie.guérison.glazoué.com,pharmacieguérisonglazoué.bj,TPE (<10),B2C,Facebook Pages,,Actif,2026-06-29T00:14:35.782440,haute
BJ-B0557C7A,Hôpital Guérison Medical Glazoué,Santé & Pharmacie,Glazoué,+229 30 40 83 64,hôpital.guérison.medical.glazoué@hôpital.guérison.medical.glazoué.org,hôpitalguérisonmedicalglazoué.bj,TPE (<10),B2B,Facebook Pages,,Actif,2026-06-29T00:14:35.782456,haute
BJ-68C623A2,Urgence Hôpital,Santé & Pharmacie,Glazoué,+229 71 94 15 21,urgence.hôpital@urgence.hôpital.bj,urgencehôpital.bj,TPE (<10),B2B,Facebook Pages,,Actif,2026-06-29T00:14:35.782469,haute
BJ-17F973A3,Pharmacie Bien-être International,Santé & Pharmacie,Glazoué,+229 92 26 43 65,pharmacie.bienêtre.international@pharmacie.bienêtre.international.org,,PME (50-200),B2C,Facebook Pages,,Actif,2026-06-29T00:14:35.782486,moyenne
BJ-22B731F4,Vie,Santé & Pharmacie,Glazoué,+229 82 86 32 12,vie@vie.net,vie.bj,PME (10-50),B2B,Facebook Pages,,Actif,2026-06-29T00:14:35.782500,haute
BJ-1AC1F7B4,Clinique Urgence,Santé & Pharmacie,Dassa-Zoumè,+229 57 84 76 21,,cliniqueurgence.bj,PME (50-200),B2B,Facebook Pages,,Actif,2026-06-29T00:14:35.782519,moyenne
BJ-AC41B0FE,Nouveau Dassa-Zoumè,Santé & Pharmacie,Dassa-Zoumè,+229 74 26 26 76,nouveau.dassazoumè@nouveau.dassazoumè.benin,nouveaudassazoumè.bj,PME (10-50),B2C,Facebook Pages,,Actif,2026-06-29T00:14:35.782533,haute
BJ-4D002819,Laboratoire Bien-être Pharmacie,Santé & Pharmacie,Dassa-Zoumè,+229 52 45 76 41,,,TPE (<10),B2B,Facebook Pages,,Actif,2026-06-29T00:14:35.782544,basse
BJ-59CD64A4,Laboratoire Pharma Pharmacie Dassa-Zoumè,Santé & Pharmacie,Dassa-Zoumè,+229 77 37 13 59,laboratoire.pharma.pharmacie.dassazoumè@laboratoire.pharma.pharmacie.dassazoumè.com,laboratoirepharmapharmaciedassazoumè.bj,Grande (>200),B2B,Facebook Pages,,Actif,2026-06-29T00:14:35.782561,haute
BJ-07E370CB,Laboratoire Vie,Santé & Pharmacie,Dassa-Zoumè,+229 70 48 93 15,laboratoire.vie@laboratoire.vie.net,laboratoirevie.bj,PME (50-200),B2C,Facebook Pages,,Actif,2026-06-29T00:14:35.782574,haute
BJ-345EA04F,Santé,Santé & Pharmacie,Savalou,+229 21 28 17 82,,,TPE (<10),B2C,Facebook Pages,,Actif,2026-06-29T00:14:35.782592,basse
BJ-2D3CDD4D,Laboratoire Bien-être,Santé & Pharmacie,Savalou,+229 38 70 16 44,laboratoire.bienêtre@laboratoire.bienêtre.net,laboratoirebienêtre.bj,TPE (<10),B2C,Facebook Pages,,Actif,2026-06-29T00:14:35.782606,haute
BJ-A559F321,Laboratoire Central,Santé & Pharmacie,Savalou,+229 62 82 63 59,,,TPE (<10),B2C,Facebook Pages,,Actif,2026-06-29T00:14:35.782617,basse
BJ-69C67D95,Hôpital Bien-être,Santé & Pharmacie,Savalou,+229 71 83 80 95,hôpital.bienêtre@hôpital.bienêtre.net,hôpitalbienêtre.bj,TPE (<10),B2C,Facebook Pages,,Actif,2026-06-29T00:14:35.782634,haute
BJ-3D5071B6,Central,Santé & Pharmacie,Savalou,+229 92 54 43 19,central@central.bj,central.bj,TPE (<10),B2C,Facebook Pages,,Actif,2026-06-29T00:14:35.782647,haute
BJ-1962829E,Nouveau Bantè,Santé & Pharmacie,Bantè,+229 63 99 55 66,nouveau.bantè@nouveau.bantè.org,nouveaubantè.bj,PME (10-50),B2B,Facebook Pages,,Actif,2026-06-29T00:14:35.782667,haute
BJ-1BEBF646,Bien-être Cabinet,Santé & Pharmacie,Bantè,+229 26 10 41 50,bienêtre.cabinet@bienêtre.cabinet.org,,TPE (<10),B2C,Facebook Pages,,Actif,2026-06-29T00:14:35.782680,moyenne
BJ-090F23BE,Nouveau Cabinet,Santé & Pharmacie,Bantè,+229 84 81 77 67,nouveau.cabinet@nouveau.cabinet.benin,nouveaucabinet.bj,PME (50-200),B2C,Facebook Pages,,Actif,2026-06-29T00:14:35.782696,haute
BJ-D7361C4E,Pharma,Santé & Pharmacie,Bantè,+229 27 90 75 35,pharma@pharma.benin,,TPE (<10),B2B,Facebook Pages,,Actif,2026-06-29T00:14:35.782708,moyenne
BJ-157398C0,Saint Medical,Santé & Pharmacie,Bantè,+229 90 15 60 94,saint.medical@saint.medical.net,saintmedical.bj,Grande (>200),B2C,Facebook Pages,,Actif,2026-06-29T00:14:35.782721,haute
BJ-EBEA857D,Centre Santé International Djougou,Santé & Pharmacie,Djougou,+229 42 10 55 38,,centresantéinternationaldjougou.bj,PME (50-200),B2C,Facebook Pages,,Actif,2026-06-29T00:14:35.782740,moyenne
BJ-3A6C3AF1,Hôpital Urgence Medical,Santé & Pharmacie,Djougou,+229 81 83 52 47,hôpital.urgence.medical@hôpital.urgence.medical.bj,,TPE (<10),B2B,Facebook Pages,,Actif,2026-06-29T00:14:35.782757,moyenne
BJ-279B12F3,Hôpital Vie Centre,Santé & Pharmacie,Djougou,+229 66 25 58 31,,hôpitalviecentre.bj,PME (10-50),B2B,Facebook Pages,,Actif,2026-06-29T00:14:35.782770,moyenne
BJ-85E8B772,Laboratoire Central Cabinet,Santé & Pharmacie,Djougou,+229 98 46 97 46,,,TPE (<10),B2C,Facebook Pages,,Actif,2026-06-29T00:14:35.782784,basse
BJ-766B74DE,Laboratoire Vie,Santé & Pharmacie,Djougou,+229 57 53 19 80,laboratoire.vie@laboratoire.vie.org,,PME (50-200),B2C,Facebook Pages,,Actif,2026-06-29T00:14:35.782797,moyenne
BJ-2965B99E,Clinique Urgence,Santé & Pharmacie,Ouèssè,+229 90 91 80 71,clinique.urgence@clinique.urgence.org,cliniqueurgence.bj,TPE (<10),B2C,Facebook Pages,,Actif,2026-06-29T00:14:35.782817,haute
BJ-6183B43C,Centre Saint Medical,Santé & Pharmacie,Ouèssè,+229 99 39 88 91,centre.saint.medical@centre.saint.medical.benin,centresaintmedical.bj,TPE (<10),B2B,Facebook Pages,,Actif,2026-06-29T00:14:35.782829,haute
BJ-63DDA233,Laboratoire Médical Pharmacie,Santé & Pharmacie,Ouèssè,+229 55 98 83 82,,laboratoiremédicalpharmacie.bj,TPE (<10),B2C,Facebook Pages,,Actif,2026-06-29T00:14:35.782842,moyenne
BJ-43A39844,Pharmacie Santé International,Santé & Pharmacie,Ouèssè,+229 58 48 12 38,pharmacie.santé.international@pharmacie.santé.international.bj,,PME (10-50),B2C,Facebook Pages,,Actif,2026-06-29T00:14:35.782859,moyenne
BJ-85E38EF8,Pharmacie Royal,Santé & Pharmacie,Ouèssè,+229 95 76 49 63,pharmacie.royal@pharmacie.royal.org,pharmacieroyal.bj,PME (10-50),B2C,Facebook Pages,,Actif,2026-06-29T00:14:35.782872,haute
BJ-F329D82F,Hôpital Nouveau Centre,Santé & Pharmacie,Bassila,+229 76 34 11 64,,,TPE (<10),B2C,Facebook Pages,,Actif,2026-06-29T00:14:35.782904,basse
BJ-CC4EDA53,Médicament International,Santé & Pharmacie,Bassila,+229 22 96 43 87,médicament.international@médicament.international.net,,TPE (<10),B2C,Facebook Pages,,Actif,2026-06-29T00:14:35.782923,moyenne
BJ-31DD9F27,Laboratoire Emergency,Santé & Pharmacie,Bassila,+229 24 70 30 62,laboratoire.emergency@laboratoire.emergency.net,laboratoireemergency.bj,TPE (<10),B2C,Facebook Pages,,Actif,2026-06-29T00:14:35.782940,haute
BJ-A749706B,Sainte,Santé & Pharmacie,Bassila,+229 39 62 43 80,,sainte.bj,PME (50-200),B2B,Facebook Pages,,Actif,2026-06-29T00:14:35.782955,moyenne
BJ-4A730E67,Emergency,Santé & Pharmacie,Bassila,+229 91 78 76 41,,emergency.bj,PME (10-50),B2C,Facebook Pages,,Actif,2026-06-29T00:14:35.782967,moyenne
BJ-0C94DC03,Médicament,Santé & Pharmacie,Pehunco,+229 80 95 58 75,,,TPE (<10),B2B,Facebook Pages,,Actif,2026-06-29T00:14:35.782985,basse
BJ-5C30FC93,Nouveau,Santé & Pharmacie,Pehunco,+229 88 86 65 26,nouveau@nouveau.net,nouveau.bj,TPE (<10),B2B,Facebook Pages,,Actif,2026-06-29T00:14:35.782999,haute
BJ-865E11D1,Sainte Cabinet Pehunco,Santé & Pharmacie,Pehunco,+229 50 73 22 80,sainte.cabinet.pehunco@sainte.cabinet.pehunco.benin,,PME (10-50),B2C,Facebook Pages,,Actif,2026-06-29T00:14:35.783010,moyenne
BJ-90A8C3C6,Guérison Medical Pehunco,Santé & Pharmacie,Pehunco,+229 32 84 94 57,guérison.medical.pehunco@guérison.medical.pehunco.org,,Grande (>200),B2C,Facebook Pages,,Actif,2026-06-29T00:14:35.783023,moyenne
BJ-1B647A64,Santé Medical,Santé & Pharmacie,Pehunco,+229 56 48 39 30,santé.medical@santé.medical.org,,PME (10-50),B2B,Facebook Pages,,Actif,2026-06-29T00:14:35.783036,moyenne
BJ-041A4CD7,Urgence Copargo,Santé & Pharmacie,Copargo,+229 89 60 83 90,urgence.copargo@urgence.copargo.bj,urgencecopargo.bj,PME (50-200),B2C,Facebook Pages,,Actif,2026-06-29T00:14:35.783055,haute
BJ-EB862C17,Soins,Santé & Pharmacie,Copargo,+229 56 30 86 82,,,TPE (<10),B2B,Facebook Pages,,Actif,2026-06-29T00:14:35.783065,basse
BJ-B85A2128,Médicament Clinique,Santé & Pharmacie,Copargo,+229 49 34 86 11,médicament.clinique@médicament.clinique.com,médicamentclinique.bj,TPE (<10),B2C,Facebook Pages,,Actif,2026-06-29T00:14:35.783079,haute
BJ-7E703EDB,Emergency Pharmacie,Santé & Pharmacie,Copargo,+229 27 35 94 53,,,TPE (<10),B2B,Facebook Pages,,Actif,2026-06-29T00:14:35.783093,basse
BJ-8DC9A9D8,Médicament Medical,Santé & Pharmacie,Copargo,+229 29 63 78 29,,médicamentmedical.bj,PME (50-200),B2B,Facebook Pages,,Actif,2026-06-29T00:14:35.783104,moyenne
BJ-4738FF28,Investissement SA Cotonou,Finance & Assurance,Cotonou,+229 68 10 81 23,,investissementsacotonou.bj,TPE (<10),B2C,Facebook Pages,,Actif,2026-06-29T00:14:35.783124,moyenne
BJ-C5D2A2C1,Banque Africa Cotonou,Finance & Assurance,Cotonou,+229 41 52 78 45,,,TPE (<10),B2C,Facebook Pages,,Actif,2026-06-29T00:14:35.783135,basse
BJ-81690114,Vie,Finance & Assurance,Cotonou,+229 70 72 38 71,,,PME (10-50),B2C,Facebook Pages,,Actif,2026-06-29T00:14:35.783145,basse
BJ-55E8A776,West Cotonou,Finance & Assurance,Cotonou,+229 60 95 34 43,west.cotonou@west.cotonou.net,,PME (50-200),B2C,Facebook Pages,,Actif,2026-06-29T00:14:35.783161,moyenne
BJ-1683FB05,Groupe Bénin,Finance & Assurance,Cotonou,+229 97 63 65 57,groupe.bénin@groupe.bénin.com,groupebénin.bj,PME (10-50),B2B,Facebook Pages,,Actif,2026-06-29T00:14:35.783178,haute
BJ-490E598C,Société Santé Assurances,Finance & Assurance,Abomey-Calavi,+229 33 97 83 76,société.santé.assurances@société.santé.assurances.com,sociétésantéassurances.bj,PME (10-50),B2B,Facebook Pages,,Actif,2026-06-29T00:14:35.783198,haute
BJ-9EF2B873,Société Crédit Abomey-Calavi,Finance & Assurance,Abomey-Calavi,+229 24 86 94 85,société.crédit.abomeycalavi@société.crédit.abomeycalavi.benin,,TPE (<10),B2C,Facebook Pages,,Actif,2026-06-29T00:14:35.783211,moyenne
BJ-06741BC7,Banque Protection,Finance & Assurance,Abomey-Calavi,+229 29 27 76 49,banque.protection@banque.protection.org,banqueprotection.bj,TPE (<10),B2C,Facebook Pages,,Actif,2026-06-29T00:14:35.783224,haute
BJ-F3CF1E58,Capital,Finance & Assurance,Abomey-Calavi,+229 42 70 70 49,capital@capital.com,,PME (50-200),B2C,Facebook Pages,,Actif,2026-06-29T00:14:35.783239,moyenne
BJ-00E94B08,Assurance Africa Assurances Abomey-Calavi,Finance & Assurance,Abomey-Calavi,+229 28 35 17 17,assurance.africa.assurances.abomeycalavi@assurance.africa.assurances.abomeycalavi.com,,PME (10-50),B2C,Facebook Pages,,Actif,2026-06-29T00:14:35.783253,moyenne
BJ-E8BC717F,West Invest,Finance & Assurance,Porto-Novo,+229 68 12 47 43,west.invest@west.invest.org,westinvest.bj,Grande (>200),B2C,Facebook Pages,,Actif,2026-06-29T00:14:35.783271,haute
BJ-0347460A,Banque Assurance Capital Porto-Novo,Finance & Assurance,Porto-Novo,+229 39 85 57 26,banque.assurance.capital.portonovo@banque.assurance.capital.portonovo.bj,banqueassurancecapitalportonovo.bj,TPE (<10),B2B,Facebook Pages,,Actif,2026-06-29T00:14:35.783285,haute
BJ-3686DB72,Sécurité Finance,Finance & Assurance,Porto-Novo,+229 60 23 28 76,,,TPE (<10),B2B,Facebook Pages,,Actif,2026-06-29T00:14:35.783296,basse
BJ-5B4E31F6,Assurance Groupe Porto-Novo,Finance & Assurance,Porto-Novo,+229 98 38 84 94,assurance.groupe.portonovo@assurance.groupe.portonovo.com,assurancegroupeportonovo.bj,TPE (<10),B2B,Facebook Pages,,Actif,2026-06-29T00:14:35.783308,haute
BJ-E95AF9BB,Investissement Porto-Novo,Finance & Assurance,Porto-Novo,+229 82 45 13 20,investissement.portonovo@investissement.portonovo.bj,investissementportonovo.bj,PME (10-50),B2C,Facebook Pages,,Actif,2026-06-29T00:14:35.783321,haute
BJ-7A58165F,Société Investissement,Finance & Assurance,Parakou,+229 75 37 69 73,société.investissement@société.investissement.net,sociétéinvestissement.bj,PME (50-200),B2B,Facebook Pages,,Actif,2026-06-29T00:14:35.783339,haute
BJ-FBF6E509,Finance Protection Assurances Parakou,Finance & Assurance,Parakou,+229 86 65 80 52,finance.protection.assurances.parakou@finance.protection.assurances.parakou.com,financeprotectionassurancesparakou.bj,TPE (<10),B2C,Facebook Pages,,Actif,2026-06-29T00:14:35.783352,haute
BJ-974F8E99,Banque Épargne Groupe,Finance & Assurance,Parakou,+229 62 51 47 81,banque.épargne.groupe@banque.épargne.groupe.org,banqueépargnegroupe.bj,PME (50-200),B2C,Facebook Pages,,Actif,2026-06-29T00:14:35.783365,haute
BJ-B19D606A,Bénin Parakou,Finance & Assurance,Parakou,+229 48 76 73 28,bénin.parakou@bénin.parakou.org,béninparakou.bj,TPE (<10),B2C,Facebook Pages,,Actif,2026-06-29T00:14:35.783382,haute
BJ-A8CA439B,Crédit Parakou,Finance & Assurance,Parakou,+229 79 87 63 87,crédit.parakou@crédit.parakou.net,créditparakou.bj,TPE (<10),B2C,Facebook Pages,,Actif,2026-06-29T00:14:35.783396,haute
BJ-4E2B29C6,Vie Bohicon,Finance & Assurance,Bohicon,+229 79 48 38 34,vie.bohicon@vie.bohicon.com,viebohicon.bj,PME (10-50),B2C,Facebook Pages,,Actif,2026-06-29T00:14:35.783415,haute
BJ-054C6CA9,Assurance Sécurité,Finance & Assurance,Bohicon,+229 95 16 99 35,,,TPE (<10),B2C,Facebook Pages,,Actif,2026-06-29T00:14:35.783444,basse
BJ-A1B468CA,Cabinet Vie SARL,Finance & Assurance,Bohicon,+229 82 29 30 77,,,TPE (<10),B2B,Facebook Pages,,Actif,2026-06-29T00:14:35.783455,basse
BJ-77619C09,Sécurité,Finance & Assurance,Bohicon,+229 94 29 19 80,sécurité@sécurité.benin,,TPE (<10),B2C,Facebook Pages,,Actif,2026-06-29T00:14:35.783468,moyenne
BJ-B701AD1C,Assurance,Finance & Assurance,Bohicon,+229 91 42 66 14,assurance@assurance.net,assurance.bj,PME (10-50),B2C,Facebook Pages,,Actif,2026-06-29T00:14:35.783480,haute
BJ-521F8CE3,Cabinet Africa SARL,Finance & Assurance,Natitingou,+229 58 87 34 26,cabinet.africa.sarl@cabinet.africa.sarl.com,cabinetafricasarl.bj,PME (10-50),B2C,Facebook Pages,,Actif,2026-06-29T00:14:35.783510,haute
BJ-B59839C8,National SA,Finance & Assurance,Natitingou,+229 77 72 15 34,national.sa@national.sa.org,nationalsa.bj,PME (50-200),B2C,Facebook Pages,,Actif,2026-06-29T00:14:35.783523,haute
BJ-EEE72FCB,Assurance Assurance,Finance & Assurance,Natitingou,+229 75 84 60 49,assurance.assurance@assurance.assurance.org,,TPE (<10),B2B,Facebook Pages,,Actif,2026-06-29T00:14:35.783537,moyenne
BJ-39D1D188,Capital Capital,Finance & Assurance,Natitingou,+229 82 62 24 41,capital.capital@capital.capital.net,capitalcapital.bj,PME (10-50),B2C,Facebook Pages,,Actif,2026-06-29T00:14:35.783553,haute
BJ-C327831D,Assurance Lokossa,Finance & Assurance,Lokossa,+229 59 40 65 49,assurance.lokossa@assurance.lokossa.net,,PME (10-50),B2B,Facebook Pages,,Actif,2026-06-29T00:14:35.783571,moyenne
BJ-5CD85917,Épargne,Finance & Assurance,Lokossa,+229 62 51 34 39,,épargne.bj,PME (50-200),B2C,Facebook Pages,,Actif,2026-06-29T00:14:35.783583,moyenne
BJ-27D500D8,Société International Bank,Finance & Assurance,Lokossa,+229 64 21 20 58,société.international.bank@société.international.bank.com,sociétéinternationalbank.bj,PME (10-50),B2B,Facebook Pages,,Actif,2026-06-29T00:14:35.783597,haute
BJ-63D90113,Crédit,Finance & Assurance,Lokossa,+229 70 93 55 56,crédit@crédit.com,,PME (10-50),B2C,Facebook Pages,,Actif,2026-06-29T00:14:35.783609,moyenne
BJ-3A1F39CB,Groupe Capital SA,Finance & Assurance,Lokossa,+229 94 10 45 88,groupe.capital.sa@groupe.capital.sa.bj,,TPE (<10),B2B,Facebook Pages,,Actif,2026-06-29T00:14:35.783620,moyenne
BJ-71334C3A,Société International Finance Ouidah,Finance & Assurance,Ouidah,+229 64 55 16 23,,sociétéinternationalfinanceouidah.bj,PME (50-200),B2B,Facebook Pages,,Actif,2026-06-29T00:14:35.783638,moyenne
BJ-DEC7A0E9,Protection Capital,Finance & Assurance,Ouidah,+229 57 45 27 10,protection.capital@protection.capital.org,protectioncapital.bj,Grande (>200),B2C,Facebook Pages,,Actif,2026-06-29T00:14:35.783654,haute
BJ-3578D49D,National Bank,Finance & Assurance,Ouidah,+229 80 72 41 15,national.bank@national.bank.org,,PME (50-200),B2B,Facebook Pages,,Actif,2026-06-29T00:14:35.783666,moyenne
BJ-44D6629F,Finance International SA,Finance & Assurance,Ouidah,+229 39 12 77 17,finance.international.sa@finance.international.sa.com,financeinternationalsa.bj,TPE (<10),B2B,Facebook Pages,,Actif,2026-06-29T00:14:35.783681,haute
BJ-8090023F,West Assurances,Finance & Assurance,Ouidah,+229 93 17 52 60,west.assurances@west.assurances.org,,PME (50-200),B2B,Facebook Pages,,Actif,2026-06-29T00:14:35.783693,moyenne
BJ-3A9AAFF3,Assurance Capital Savalou,Finance & Assurance,Savalou,+229 71 95 85 95,assurance.capital.savalou@assurance.capital.savalou.benin,,PME (10-50),B2C,Facebook Pages,,Actif,2026-06-29T00:14:35.783711,moyenne
BJ-1F9D5DB4,Assurance Crédit Bank Savalou,Finance & Assurance,Savalou,+229 49 33 62 55,assurance.crédit.bank.savalou@assurance.crédit.bank.savalou.com,assurancecréditbanksavalou.bj,Grande (>200),B2C,Facebook Pages,,Actif,2026-06-29T00:14:35.783725,haute
BJ-0E0856FC,Assurance West Finance Savalou,Finance & Assurance,Savalou,+229 58 19 19 82,assurance.west.finance.savalou@assurance.west.finance.savalou.net,assurancewestfinancesavalou.bj,TPE (<10),B2B,Facebook Pages,,Actif,2026-06-29T00:14:35.783738,haute
BJ-411C661F,Finance Épargne,Finance & Assurance,Savalou,+229 74 48 98 57,finance.épargne@finance.épargne.org,financeépargne.bj,PME (50-200),B2B,Facebook Pages,,Actif,2026-06-29T00:14:35.783751,haute
BJ-5F7C1C9F,Investissement Capital,Finance & Assurance,Savalou,+229 55 99 64 24,investissement.capital@investissement.capital.org,investissementcapital.bj,TPE (<10),B2C,Facebook Pages,,Actif,2026-06-29T00:14:35.783764,haute
BJ-ECB562AC,International,Finance & Assurance,Dassa-Zoumè,+229 40 53 89 84,,,PME (50-200),B2B,Facebook Pages,,Actif,2026-06-29T00:14:35.783781,basse
BJ-6925E145,National,Finance & Assurance,Dassa-Zoumè,+229 70 82 89 85,national@national.net,,Grande (>200),B2B,Facebook Pages,,Actif,2026-06-29T00:14:35.783793,moyenne
BJ-D250413F,West Capital,Finance & Assurance,Dassa-Zoumè,+229 26 61 49 50,west.capital@west.capital.net,westcapital.bj,PME (50-200),B2B,Facebook Pages,,Actif,2026-06-29T00:14:35.783805,haute
BJ-EA0F6ADC,West Groupe Dassa-Zoumè,Finance & Assurance,Dassa-Zoumè,+229 37 29 19 15,west.groupe.dassazoumè@west.groupe.dassazoumè.org,westgroupedassazoumè.bj,PME (50-200),B2B,Facebook Pages,,Actif,2026-06-29T00:14:35.783822,haute
BJ-8CC4594F,Africa SARL,Finance & Assurance,Dassa-Zoumè,+229 50 14 14 72,,africasarl.bj,PME (50-200),B2C,Facebook Pages,,Actif,2026-06-29T00:14:35.783833,moyenne
BJ-52A65DD1,Cabinet Crédit Kétou,Finance & Assurance,Kétou,+229 88 11 42 33,cabinet.crédit.kétou@cabinet.crédit.kétou.benin,cabinetcréditkétou.bj,PME (50-200),B2C,Facebook Pages,,Actif,2026-06-29T00:14:35.783856,haute
BJ-F4CEB8AA,Société Bénin,Finance & Assurance,Kétou,+229 34 36 71 89,société.bénin@société.bénin.com,sociétébénin.bj,PME (50-200),B2B,Facebook Pages,,Actif,2026-06-29T00:14:35.783872,haute
BJ-2584BF2F,Cabinet Capital,Finance & Assurance,Kétou,+229 95 38 38 63,cabinet.capital@cabinet.capital.com,,Grande (>200),B2B,Facebook Pages,,Actif,2026-06-29T00:14:35.783913,moyenne
BJ-FBDA4643,Santé Capital,Finance & Assurance,Kétou,+229 29 41 89 51,santé.capital@santé.capital.benin,,PME (10-50),B2C,Facebook Pages,,Actif,2026-06-29T00:14:35.783926,moyenne
BJ-816E8CAC,Auto Covè,Finance & Assurance,Covè,+229 26 39 94 30,auto.covè@auto.covè.benin,,TPE (<10),B2C,Facebook Pages,,Actif,2026-06-29T00:14:35.783946,moyenne
BJ-76775ECB,Banque West International Covè,Finance & Assurance,Covè,+229 51 69 16 21,banque.west.international.covè@banque.west.international.covè.benin,banquewestinternationalcovè.bj,TPE (<10),B2B,Facebook Pages,,Actif,2026-06-29T00:14:35.783963,haute
BJ-1754E102,Sécurité Assurances,Finance & Assurance,Covè,+229 45 58 17 75,,sécuritéassurances.bj,TPE (<10),B2B,Facebook Pages,,Actif,2026-06-29T00:14:35.783976,moyenne
BJ-DFCD605F,Capital Invest,Finance & Assurance,Covè,+229 79 46 42 81,,capitalinvest.bj,PME (10-50),B2C,Facebook Pages,,Actif,2026-06-29T00:14:35.783990,moyenne
BJ-18C26AF2,Capital SA,Finance & Assurance,Covè,+229 25 98 48 11,capital.sa@capital.sa.org,capitalsa.bj,PME (10-50),B2B,Facebook Pages,,Actif,2026-06-29T00:14:35.784003,haute
BJ-D769961D,Vie Groupe,Finance & Assurance,Pobè,+229 75 14 23 39,vie.groupe@vie.groupe.com,viegroupe.bj,PME (10-50),B2C,Facebook Pages,,Actif,2026-06-29T00:14:35.784022,haute
BJ-9400464D,Société Africa,Finance & Assurance,Pobè,+229 68 38 34 22,,sociétéafrica.bj,PME (10-50),B2C,Facebook Pages,,Actif,2026-06-29T00:14:35.784034,moyenne
BJ-91543FA7,Investissement,Finance & Assurance,Pobè,+229 59 13 79 41,investissement@investissement.com,,TPE (<10),B2C,Facebook Pages,,Actif,2026-06-29T00:14:35.784045,moyenne
BJ-560AB94E,Épargne,Finance & Assurance,Pobè,+229 74 23 92 29,épargne@épargne.benin,épargne.bj,TPE (<10),B2B,Facebook Pages,,Actif,2026-06-29T00:14:35.784058,haute
BJ-13B0E30C,Investissement Finance,Finance & Assurance,Pobè,+229 58 66 80 97,investissement.finance@investissement.finance.bj,investissementfinance.bj,TPE (<10),B2C,Facebook Pages,,Actif,2026-06-29T00:14:35.784070,haute
BJ-F4BE7839,Sécurité SARL,Finance & Assurance,Sakété,+229 23 20 59 28,sécurité.sarl@sécurité.sarl.bj,sécuritésarl.bj,TPE (<10),B2B,Facebook Pages,,Actif,2026-06-29T00:14:35.784101,haute
BJ-3B79AA96,Santé Sakété,Finance & Assurance,Sakété,+229 65 49 22 85,santé.sakété@santé.sakété.bj,santésakété.bj,PME (50-200),B2C,Facebook Pages,,Actif,2026-06-29T00:14:35.784114,haute
BJ-7944554F,Finance Santé,Finance & Assurance,Sakété,+229 64 25 72 82,finance.santé@finance.santé.org,financesanté.bj,TPE (<10),B2B,Facebook Pages,,Actif,2026-06-29T00:14:35.784129,haute
BJ-6DB3A497,Épargne,Finance & Assurance,Adjara,+229 65 21 28 30,épargne@épargne.benin,,PME (50-200),B2B,Facebook Pages,,Actif,2026-06-29T00:14:35.784160,moyenne
BJ-8D2A74E0,Groupe Vie Groupe,Finance & Assurance,Adjara,+229 81 32 39 53,groupe.vie.groupe@groupe.vie.groupe.net,groupeviegroupe.bj,TPE (<10),B2B,Facebook Pages,,Actif,2026-06-29T00:14:35.784177,haute
BJ-5B033B88,Épargne Groupe,Finance & Assurance,Adjara,+229 94 56 81 47,épargne.groupe@épargne.groupe.org,épargnegroupe.bj,TPE (<10),B2C,Facebook Pages,,Actif,2026-06-29T00:14:35.784193,haute
BJ-E065C6E9,Société Capital Adjara,Finance & Assurance,Adjara,+229 85 23 69 62,société.capital.adjara@société.capital.adjara.bj,sociétécapitaladjara.bj,PME (50-200),B2C,Facebook Pages,,Actif,2026-06-29T00:14:35.784207,haute
BJ-00815DC9,International Capital,Finance & Assurance,Adjara,+229 78 82 59 93,international.capital@international.capital.net,internationalcapital.bj,Grande (>200),B2C,Facebook Pages,,Actif,2026-06-29T00:14:35.784219,haute
BJ-B9A950F0,Assurance Africa,Finance & Assurance,Allada,+229 26 77 32 20,assurance.africa@assurance.africa.net,assuranceafrica.bj,TPE (<10),B2B,Facebook Pages,,Actif,2026-06-29T00:14:35.784237,haute
BJ-8569869A,Finance Investissement Finance Allada,Finance & Assurance,Allada,+229 51 87 54 62,finance.investissement.finance.allada@finance.investissement.finance.allada.org,financeinvestissementfinanceallada.bj,TPE (<10),B2C,Facebook Pages,,Actif,2026-06-29T00:14:35.784262,haute
BJ-66BDCE56,National International,Finance & Assurance,Allada,+229 98 78 11 95,national.international@national.international.com,nationalinternational.bj,PME (50-200),B2B,Facebook Pages,,Actif,2026-06-29T00:14:35.784277,haute
BJ-D5B98B9A,Sécurité Groupe,Finance & Assurance,Allada,+229 94 20 86 15,sécurité.groupe@sécurité.groupe.com,sécuritégroupe.bj,PME (10-50),B2C,Facebook Pages,,Actif,2026-06-29T00:14:35.784292,haute
BJ-65FCE7E5,Crédit SA,Finance & Assurance,Aplahoué,+229 95 78 99 44,crédit.sa@crédit.sa.net,,TPE (<10),B2C,Facebook Pages,,Actif,2026-06-29T00:14:35.784310,moyenne
BJ-96C70500,Investissement,Finance & Assurance,Aplahoué,+229 79 83 34 23,investissement@investissement.com,investissement.bj,PME (50-200),B2B,Facebook Pages,,Actif,2026-06-29T00:14:35.784322,haute
BJ-8FF42F29,Assurance Santé SA,Finance & Assurance,Aplahoué,+229 62 28 64 44,assurance.santé.sa@assurance.santé.sa.org,assurancesantésa.bj,TPE (<10),B2B,Facebook Pages,,Actif,2026-06-29T00:14:35.784335,haute
BJ-D37C8ACD,Capital International,Finance & Assurance,Aplahoué,+229 21 52 90 17,capital.international@capital.international.net,capitalinternational.bj,PME (10-50),B2C,Facebook Pages,,Actif,2026-06-29T00:14:35.784348,haute
BJ-5231126F,Finance Capital Invest,Finance & Assurance,Aplahoué,+229 67 87 67 50,finance.capital.invest@finance.capital.invest.net,financecapitalinvest.bj,TPE (<10),B2C,Facebook Pages,,Actif,2026-06-29T00:14:35.784359,haute
BJ-9BA6AD09,Protection,Finance & Assurance,Dogbo-Tota,+229 85 29 37 18,protection@protection.bj,protection.bj,PME (10-50),B2C,Facebook Pages,,Actif,2026-06-29T00:14:35.784377,haute
BJ-60C48B9A,West,Finance & Assurance,Dogbo-Tota,+229 72 47 66 50,west@west.com,west.bj,TPE (<10),B2B,Facebook Pages,,Actif,2026-06-29T00:14:35.784392,haute
BJ-5076C2E3,Protection SARL Dogbo-Tota,Finance & Assurance,Dogbo-Tota,+229 71 99 46 79,protection.sarl.dogbotota@protection.sarl.dogbotota.benin,protectionsarldogbotota.bj,TPE (<10),B2B,Facebook Pages,,Actif,2026-06-29T00:14:35.784406,haute
BJ-7CC4BFF1,Société Investissement,Finance & Assurance,Dogbo-Tota,+229 42 41 82 73,société.investissement@société.investissement.org,sociétéinvestissement.bj,Grande (>200),B2C,Facebook Pages,,Actif,2026-06-29T00:14:35.784425,haute
BJ-EA9D62EC,Groupe Investissement,Finance & Assurance,Dogbo-Tota,+229 34 38 76 63,groupe.investissement@groupe.investissement.com,groupeinvestissement.bj,PME (50-200),B2B,Facebook Pages,,Actif,2026-06-29T00:14:35.784438,haute
BJ-49EA35E8,Protection Invest,Finance & Assurance,Kpomassè,+229 53 95 70 72,protection.invest@protection.invest.benin,,Grande (>200),B2C,Facebook Pages,,Actif,2026-06-29T00:14:35.784456,moyenne
BJ-041CEB2F,Sécurité International,Finance & Assurance,Kpomassè,+229 61 76 89 33,,sécuritéinternational.bj,TPE (<10),B2C,Facebook Pages,,Actif,2026-06-29T00:14:35.784468,moyenne
BJ-96C46540,Banque Crédit,Finance & Assurance,Kpomassè,+229 85 82 43 67,,banquecrédit.bj,PME (50-200),B2C,Facebook Pages,,Actif,2026-06-29T00:14:35.784480,moyenne
BJ-FEB06FF7,Société Épargne,Finance & Assurance,Kpomassè,+229 88 47 37 61,société.épargne@société.épargne.benin,sociétéépargne.bj,PME (50-200),B2B,Facebook Pages,,Actif,2026-06-29T00:14:35.784493,haute
BJ-0A879423,Investissement Kpomassè,Finance & Assurance,Kpomassè,+229 60 19 56 39,investissement.kpomassè@investissement.kpomassè.org,investissementkpomassè.bj,PME (10-50),B2C,Facebook Pages,,Actif,2026-06-29T00:14:35.784506,haute
BJ-508B2F05,Finance Bénin,Finance & Assurance,Tori-Bossito,+229 51 70 90 64,finance.bénin@finance.bénin.bj,financebénin.bj,TPE (<10),B2C,Facebook Pages,,Actif,2026-06-29T00:14:35.784529,haute
BJ-0EA15A92,Société Crédit,Finance & Assurance,Tori-Bossito,+229 83 62 92 11,société.crédit@société.crédit.bj,sociétécrédit.bj,TPE (<10),B2B,Facebook Pages,,Actif,2026-06-29T00:14:35.784543,haute
BJ-BFA87F6E,West Capital,Finance & Assurance,Tori-Bossito,+229 82 86 63 94,west.capital@west.capital.bj,,TPE (<10),B2B,Facebook Pages,,Actif,2026-06-29T00:14:35.784555,moyenne
BJ-94E8BF3E,National,Finance & Assurance,Tori-Bossito,+229 28 42 66 70,national@national.com,,PME (10-50),B2B,Facebook Pages,,Actif,2026-06-29T00:14:35.784570,moyenne
BJ-95CBAC8C,International,Finance & Assurance,Tori-Bossito,+229 26 69 71 94,international@international.org,,PME (10-50),B2C,Facebook Pages,,Actif,2026-06-29T00:14:35.784582,moyenne
BJ-8A8E7B13,Société Santé,Finance & Assurance,Grand-Popo,+229 34 86 93 43,société.santé@société.santé.com,sociétésanté.bj,TPE (<10),B2B,Facebook Pages,,Actif,2026-06-29T00:14:35.784601,haute
BJ-E2F9AE0F,West Grand-Popo,Finance & Assurance,Grand-Popo,+229 71 66 62 52,west.grandpopo@west.grandpopo.net,westgrandpopo.bj,PME (10-50),B2B,Facebook Pages,,Actif,2026-06-29T00:14:35.784614,haute
BJ-56675F61,Investissement,Finance & Assurance,Grand-Popo,+229 59 42 32 27,investissement@investissement.com,investissement.bj,TPE (<10),B2C,Facebook Pages,,Actif,2026-06-29T00:14:35.784628,haute
BJ-1EC04702,Protection SARL,Finance & Assurance,Grand-Popo,+229 38 44 69 34,protection.sarl@protection.sarl.com,protectionsarl.bj,PME (50-200),B2B,Facebook Pages,,Actif,2026-06-29T00:14:35.784641,haute
BJ-8464433E,Banque Protection,Finance & Assurance,Grand-Popo,+229 27 75 12 40,banque.protection@banque.protection.net,banqueprotection.bj,TPE (<10),B2B,Facebook Pages,,Actif,2026-06-29T00:14:35.784653,haute
BJ-7E74941C,International Bank,Finance & Assurance,Athiémé,+229 94 52 66 49,international.bank@international.bank.org,internationalbank.bj,PME (10-50),B2B,Facebook Pages,,Actif,2026-06-29T00:14:35.784671,haute
BJ-61B14187,Groupe Capital Athiémé,Finance & Assurance,Athiémé,+229 69 87 46 89,groupe.capital.athiémé@groupe.capital.athiémé.net,groupecapitalathiémé.bj,PME (10-50),B2C,Facebook Pages,,Actif,2026-06-29T00:14:35.784685,haute
BJ-1140B163,Société Capital Bank,Finance & Assurance,Athiémé,+229 51 70 50 68,société.capital.bank@société.capital.bank.com,sociétécapitalbank.bj,TPE (<10),B2C,Facebook Pages,,Actif,2026-06-29T00:14:35.784698,haute
BJ-948F6FFA,Vie,Finance & Assurance,Athiémé,+229 38 60 48 46,vie@vie.bj,vie.bj,PME (50-200),B2B,Facebook Pages,,Actif,2026-06-29T00:14:35.784713,haute
BJ-66CF0047,National SA,Finance & Assurance,Athiémé,+229 81 26 11 55,national.sa@national.sa.net,nationalsa.bj,Grande (>200),B2C,Facebook Pages,,Actif,2026-06-29T00:14:35.784726,haute
BJ-32E7AB6F,Cabinet Assurance Finance,Finance & Assurance,Bopa,+229 28 29 67 52,cabinet.assurance.finance@cabinet.assurance.finance.com,cabinetassurancefinance.bj,Grande (>200),B2B,Facebook Pages,,Actif,2026-06-29T00:14:35.784744,haute
BJ-E3B0FC8B,Finance Africa,Finance & Assurance,Bopa,+229 88 65 18 26,,financeafrica.bj,TPE (<10),B2C,Facebook Pages,,Actif,2026-06-29T00:14:35.784755,moyenne
BJ-E5D5AEFD,Société Santé,Finance & Assurance,Bopa,+229 76 99 61 79,société.santé@société.santé.org,,TPE (<10),B2B,Facebook Pages,,Actif,2026-06-29T00:14:35.784768,moyenne
BJ-B8F3C770,Auto,Finance & Assurance,Bopa,+229 83 81 59 80,auto@auto.com,auto.bj,PME (10-50),B2B,Facebook Pages,,Actif,2026-06-29T00:14:35.784780,haute
BJ-CCA0F025,Finance Vie,Finance & Assurance,Bopa,+229 54 52 37 83,finance.vie@finance.vie.org,financevie.bj,PME (50-200),B2C,Facebook Pages,,Actif,2026-06-29T00:14:35.784793,haute
BJ-6BFB4BAF,Cabinet West,Finance & Assurance,Houéyogbé,+229 89 64 46 85,cabinet.west@cabinet.west.net,cabinetwest.bj,TPE (<10),B2C,Facebook Pages,,Actif,2026-06-29T00:14:35.784811,haute
BJ-59A28A70,Société Sécurité International,Finance & Assurance,Houéyogbé,+229 28 19 75 20,société.sécurité.international@société.sécurité.international.bj,sociétésécuritéinternational.bj,TPE (<10),B2B,Facebook Pages,,Actif,2026-06-29T00:14:35.784824,haute
BJ-D0513D24,Société International,Finance & Assurance,Houéyogbé,+229 90 89 22 85,société.international@société.international.bj,,TPE (<10),B2B,Facebook Pages,,Actif,2026-06-29T00:14:35.784836,moyenne
BJ-AF496163,Société Africa Groupe Houéyogbé,Finance & Assurance,Houéyogbé,+229 28 14 62 30,société.africa.groupe.houéyogbé@société.africa.groupe.houéyogbé.net,sociétéafricagroupehouéyogbé.bj,TPE (<10),B2C,Facebook Pages,,Actif,2026-06-29T00:14:35.784855,haute
BJ-F6DCA45B,Cabinet Auto,Finance & Assurance,Houéyogbé,+229 99 14 55 96,cabinet.auto@cabinet.auto.com,,PME (10-50),B2C,Facebook Pages,,Actif,2026-06-29T00:14:35.784869,moyenne
BJ-B3546A3D,Société Africa,Finance & Assurance,Malanville,+229 38 18 27 62,société.africa@société.africa.com,sociétéafrica.bj,TPE (<10),B2B,Facebook Pages,,Actif,2026-06-29T00:14:35.784905,haute
BJ-2F779A10,West,Finance & Assurance,Malanville,+229 26 74 29 22,west@west.net,west.bj,PME (10-50),B2C,Facebook Pages,,Actif,2026-06-29T00:14:35.784921,haute
BJ-1B1A0BF4,Assurance,Finance & Assurance,Malanville,+229 21 89 32 99,,assurance.bj,TPE (<10),B2B,Facebook Pages,,Actif,2026-06-29T00:14:35.784933,moyenne
BJ-C37B8FAA,Cabinet International Capital,Finance & Assurance,Malanville,+229 65 11 71 25,cabinet.international.capital@cabinet.international.capital.benin,cabinetinternationalcapital.bj,PME (50-200),B2B,Facebook Pages,,Actif,2026-06-29T00:14:35.784946,haute
BJ-157F3A1D,Finance Bénin Assurances,Finance & Assurance,Malanville,+229 89 49 34 83,finance.bénin.assurances@finance.bénin.assurances.benin,,PME (10-50),B2C,Facebook Pages,,Actif,2026-06-29T00:14:35.784958,moyenne
BJ-30DEAC6A,Protection Kandi,Finance & Assurance,Kandi,+229 85 52 42 59,protection.kandi@protection.kandi.org,protectionkandi.bj,PME (50-200),B2B,Facebook Pages,,Actif,2026-06-29T00:14:35.784978,haute
BJ-CD8BC15E,West,Finance & Assurance,Kandi,+229 96 26 48 35,,west.bj,PME (10-50),B2C,Facebook Pages,,Actif,2026-06-29T00:14:35.784989,moyenne
BJ-EDA143D2,Épargne Assurances,Finance & Assurance,Kandi,+229 49 98 30 55,épargne.assurances@épargne.assurances.bj,épargneassurances.bj,PME (10-50),B2C,Facebook Pages,,Actif,2026-06-29T00:14:35.785002,haute
BJ-A6ECEE90,Banque Protection,Finance & Assurance,Kandi,+229 33 14 50 57,banque.protection@banque.protection.bj,banqueprotection.bj,PME (10-50),B2B,Facebook Pages,,Actif,2026-06-29T00:14:35.785018,haute
BJ-3231EDBA,Assurance SA Kandi,Finance & Assurance,Kandi,+229 58 19 51 97,assurance.sa.kandi@assurance.sa.kandi.benin,assurancesakandi.bj,PME (50-200),B2C,Facebook Pages,,Actif,2026-06-29T00:14:35.785031,haute
BJ-98A010D6,Groupe Protection,Finance & Assurance,Banikoara,+229 34 80 13 98,groupe.protection@groupe.protection.benin,groupeprotection.bj,PME (10-50),B2B,Facebook Pages,,Actif,2026-06-29T00:14:35.785048,haute
BJ-E31B2A4F,Cabinet Protection Assurances,Finance & Assurance,Banikoara,+229 90 19 75 12,,cabinetprotectionassurances.bj,PME (10-50),B2C,Facebook Pages,,Actif,2026-06-29T00:14:35.785060,moyenne
BJ-7D80C63C,International Groupe,Finance & Assurance,Banikoara,+229 32 20 91 24,international.groupe@international.groupe.org,internationalgroupe.bj,TPE (<10),B2C,Facebook Pages,,Actif,2026-06-29T00:14:35.785092,haute
BJ-8B1E2C33,Capital Capital Banikoara,Finance & Assurance,Banikoara,+229 60 73 92 24,capital.capital.banikoara@capital.capital.banikoara.net,capitalcapitalbanikoara.bj,PME (10-50),B2B,Facebook Pages,,Actif,2026-06-29T00:14:35.785109,haute
BJ-B2D47C77,Groupe Santé,Finance & Assurance,Banikoara,+229 57 46 13 16,groupe.santé@groupe.santé.org,groupesanté.bj,TPE (<10),B2C,Facebook Pages,,Actif,2026-06-29T00:14:35.785123,haute
BJ-496E96FD,Finance International Finance,Finance & Assurance,Ségbana,+229 96 60 34 77,finance.international.finance@finance.international.finance.org,financeinternationalfinance.bj,PME (50-200),B2C,Facebook Pages,,Actif,2026-06-29T00:14:35.785140,haute
BJ-FE0BB44F,Cabinet International SARL,Finance & Assurance,Ségbana,+229 34 75 46 32,,cabinetinternationalsarl.bj,TPE (<10),B2B,Facebook Pages,,Actif,2026-06-29T00:14:35.785152,moyenne
BJ-0CB724B1,Banque Santé International,Finance & Assurance,Ségbana,+229 76 70 85 21,banque.santé.international@banque.santé.international.com,,PME (10-50),B2B,Facebook Pages,,Actif,2026-06-29T00:14:35.785164,moyenne
BJ-142E95AD,Cabinet National Ségbana,Finance & Assurance,Ségbana,+229 27 99 88 43,,,Grande (>200),B2B,Facebook Pages,,Actif,2026-06-29T00:14:35.785179,basse
BJ-0C86FF47,Cabinet Santé SARL,Finance & Assurance,Ségbana,+229 24 88 56 50,,cabinetsantésarl.bj,PME (50-200),B2B,Facebook Pages,,Actif,2026-06-29T00:14:35.785191,moyenne
BJ-90E70ED2,Banque International Finance,Finance & Assurance,Karimama,+229 75 36 67 71,banque.international.finance@banque.international.finance.benin,banqueinternationalfinance.bj,PME (10-50),B2B,Facebook Pages,,Actif,2026-06-29T00:14:35.785210,haute
BJ-5578EB16,Protection Finance,Finance & Assurance,Karimama,+229 23 70 57 17,protection.finance@protection.finance.net,,PME (50-200),B2C,Facebook Pages,,Actif,2026-06-29T00:14:35.785222,moyenne
BJ-A8734CF3,Sécurité SA,Finance & Assurance,Karimama,+229 84 62 79 25,,,PME (50-200),B2C,Facebook Pages,,Actif,2026-06-29T00:14:35.785237,basse
BJ-0A268413,Société National Finance Karimama,Finance & Assurance,Karimama,+229 89 34 64 53,société.national.finance.karimama@société.national.finance.karimama.benin,sociéténationalfinancekarimama.bj,Grande (>200),B2C,Facebook Pages,,Actif,2026-06-29T00:14:35.785251,haute
BJ-09AF21C3,Banque Épargne Karimama,Finance & Assurance,Karimama,+229 59 52 52 42,banque.épargne.karimama@banque.épargne.karimama.org,banqueépargnekarimama.bj,PME (10-50),B2C,Facebook Pages,,Actif,2026-06-29T00:14:35.785264,haute
BJ-29AF6F50,Assurance Auto Gogounou,Finance & Assurance,Gogounou,+229 87 40 63 73,assurance.auto.gogounou@assurance.auto.gogounou.bj,,PME (50-200),B2B,Facebook Pages,,Actif,2026-06-29T00:14:35.785285,moyenne
BJ-3E049494,International Groupe,Finance & Assurance,Gogounou,+229 59 20 30 35,international.groupe@international.groupe.org,internationalgroupe.bj,PME (10-50),B2C,Facebook Pages,,Actif,2026-06-29T00:14:35.785297,haute
BJ-00BE16F6,Assurance National SARL,Finance & Assurance,Gogounou,+229 46 33 66 11,assurance.national.sarl@assurance.national.sarl.benin,assurancenationalsarl.bj,PME (10-50),B2C,Facebook Pages,,Actif,2026-06-29T00:14:35.785310,haute
BJ-6CA5CCA1,West,Finance & Assurance,Gogounou,+229 84 34 75 87,west@west.org,west.bj,PME (10-50),B2B,Facebook Pages,,Actif,2026-06-29T00:14:35.785324,haute
BJ-3A0A81BC,Assurance Finance,Finance & Assurance,Gogounou,+229 44 55 75 26,assurance.finance@assurance.finance.org,,TPE (<10),B2C,Facebook Pages,,Actif,2026-06-29T00:14:35.785337,moyenne
BJ-C8C9A3EA,Banque West Bank,Finance & Assurance,Cobly,+229 88 84 31 87,banque.west.bank@banque.west.bank.org,,TPE (<10),B2C,Facebook Pages,,Actif,2026-06-29T00:14:35.785354,moyenne
BJ-C8F8BE4D,Cabinet Sécurité,Finance & Assurance,Cobly,+229 30 33 41 11,cabinet.sécurité@cabinet.sécurité.net,cabinetsécurité.bj,PME (10-50),B2B,Facebook Pages,,Actif,2026-06-29T00:14:35.785367,haute
BJ-2CAE8E72,Banque Auto Invest,Finance & Assurance,Cobly,+229 32 82 15 87,banque.auto.invest@banque.auto.invest.benin,banqueautoinvest.bj,PME (10-50),B2C,Facebook Pages,,Actif,2026-06-29T00:14:35.785389,haute
BJ-FAF80230,Africa Capital,Finance & Assurance,Cobly,+229 61 15 29 39,africa.capital@africa.capital.benin,,TPE (<10),B2C,Facebook Pages,,Actif,2026-06-29T00:14:35.785401,moyenne
BJ-DF310859,Cabinet Bénin Invest Cobly,Finance & Assurance,Cobly,+229 30 70 46 74,cabinet.bénin.invest.cobly@cabinet.bénin.invest.cobly.bj,cabinetbénininvestcobly.bj,PME (50-200),B2B,Facebook Pages,,Actif,2026-06-29T00:14:35.785415,haute
BJ-4D67958E,Assurance Sécurité,Finance & Assurance,Tanguiéta,+229 81 77 98 61,,assurancesécurité.bj,Grande (>200),B2B,Facebook Pages,,Actif,2026-06-29T00:14:35.785432,moyenne
BJ-8C81F019,Santé,Finance & Assurance,Tanguiéta,+229 97 37 20 37,,santé.bj,TPE (<10),B2C,Facebook Pages,,Actif,2026-06-29T00:14:35.785444,moyenne
BJ-38FBF570,Épargne,Finance & Assurance,Tanguiéta,+229 26 24 56 49,,épargne.bj,PME (10-50),B2C,Facebook Pages,,Actif,2026-06-29T00:14:35.785456,moyenne
BJ-594B0883,Assurance Crédit,Finance & Assurance,Tanguiéta,+229 85 81 13 97,assurance.crédit@assurance.crédit.bj,,TPE (<10),B2B,Facebook Pages,,Actif,2026-06-29T00:14:35.785472,moyenne
BJ-95F8627B,Vie,Finance & Assurance,Tanguiéta,+229 77 20 35 27,vie@vie.net,,PME (50-200),B2C,Facebook Pages,,Actif,2026-06-29T00:14:35.785484,moyenne
BJ-4FA2B565,Capital Bank,Finance & Assurance,Matéri,+229 21 94 89 50,,,TPE (<10),B2B,Facebook Pages,,Actif,2026-06-29T00:14:35.785501,basse
BJ-68A50FB8,Bénin,Finance & Assurance,Matéri,+229 49 76 82 84,,bénin.bj,PME (50-200),B2B,Facebook Pages,,Actif,2026-06-29T00:14:35.785513,moyenne
BJ-CC408649,Capital International,Finance & Assurance,Matéri,+229 55 70 22 20,capital.international@capital.international.org,capitalinternational.bj,PME (10-50),B2B,Facebook Pages,,Actif,2026-06-29T00:14:35.785526,haute
BJ-6C0EC709,Assurance Finance,Finance & Assurance,Matéri,+229 33 32 38 96,assurance.finance@assurance.finance.benin,,PME (50-200),B2C,Facebook Pages,,Actif,2026-06-29T00:14:35.785538,moyenne
BJ-70D90063,West Bank Matéri,Finance & Assurance,Matéri,+229 53 37 34 45,west.bank.matéri@west.bank.matéri.org,westbankmatéri.bj,TPE (<10),B2C,Facebook Pages,,Actif,2026-06-29T00:14:35.785551,haute
BJ-0EFAF734,Épargne Natitingou,Finance & Assurance,Natitingou,+229 66 27 47 93,épargne.natitingou@épargne.natitingou.benin,,Grande (>200),B2C,Facebook Pages,,Actif,2026-06-29T00:14:35.785571,moyenne
BJ-D9B78F60,Banque Bénin,Finance & Assurance,Natitingou,+229 71 58 45 24,,banquebénin.bj,Grande (>200),B2C,Facebook Pages,,Actif,2026-06-29T00:14:35.785583,moyenne
BJ-7188D62C,Banque International,Finance & Assurance,Natitingou,+229 64 94 48 23,banque.international@banque.international.org,banqueinternational.bj,TPE (<10),B2B,Facebook Pages,,Actif,2026-06-29T00:14:35.785595,haute
BJ-92C4BC8B,National,Finance & Assurance,Natitingou,+229 86 41 27 60,national@national.com,national.bj,PME (10-50),B2C,Facebook Pages,,Actif,2026-06-29T00:14:35.785615,haute
BJ-8B721F7E,Capital,Finance & Assurance,Natitingou,+229 51 22 96 48,capital@capital.com,capital.bj,TPE (<10),B2C,Facebook Pages,,Actif,2026-06-29T00:14:35.785627,haute
BJ-CB7F264C,Bénin Invest Toucountouna,Finance & Assurance,Toucountouna,+229 93 91 82 24,bénin.invest.toucountouna@bénin.invest.toucountouna.bj,bénininvesttoucountouna.bj,TPE (<10),B2C,Facebook Pages,,Actif,2026-06-29T00:14:35.785655,haute
BJ-5177E963,Société International Groupe,Finance & Assurance,Toucountouna,+229 27 69 45 81,société.international.groupe@société.international.groupe.benin,sociétéinternationalgroupe.bj,PME (50-200),B2C,Facebook Pages,,Actif,2026-06-29T00:14:35.785671,haute
BJ-4FA93C50,Groupe Investissement,Finance & Assurance,Toucountouna,+229 43 88 11 55,,groupeinvestissement.bj,PME (10-50),B2C,Facebook Pages,,Actif,2026-06-29T00:14:35.785683,moyenne
BJ-E121BBD6,Capital Capital,Finance & Assurance,Toucountouna,+229 41 68 97 39,capital.capital@capital.capital.com,capitalcapital.bj,TPE (<10),B2B,Facebook Pages,,Actif,2026-06-29T00:14:35.785695,haute
BJ-8EEF89CF,Auto SA,Finance & Assurance,Toucountouna,+229 57 41 50 41,auto.sa@auto.sa.bj,autosa.bj,TPE (<10),B2B,Facebook Pages,,Actif,2026-06-29T00:14:35.785708,haute
BJ-7B417E76,Cabinet Capital,Finance & Assurance,Boukoumbé,+229 99 91 53 18,cabinet.capital@cabinet.capital.com,,PME (50-200),B2B,Facebook Pages,,Actif,2026-06-29T00:14:35.785727,moyenne
BJ-961C8950,Vie,Finance & Assurance,Boukoumbé,+229 43 38 45 94,vie@vie.org,vie.bj,PME (10-50),B2C,Facebook Pages,,Actif,2026-06-29T00:14:35.785740,haute
BJ-F3EE3B0E,Banque Crédit International,Finance & Assurance,Boukoumbé,+229 67 27 69 83,banque.crédit.international@banque.crédit.international.com,banquecréditinternational.bj,PME (10-50),B2B,Facebook Pages,,Actif,2026-06-29T00:14:35.785754,haute
BJ-33C1D458,Assurance Santé Finance,Finance & Assurance,Boukoumbé,+229 37 47 36 61,assurance.santé.finance@assurance.santé.finance.org,,PME (10-50),B2B,Facebook Pages,,Actif,2026-06-29T00:14:35.785795,moyenne
BJ-E16DD5F4,Crédit,Finance & Assurance,Boukoumbé,+229 36 56 33 18,crédit@crédit.org,,TPE (<10),B2C,Facebook Pages,,Actif,2026-06-29T00:14:35.785833,moyenne
BJ-3C3ED110,Banque Épargne,Finance & Assurance,Kouandé,+229 41 92 86 51,banque.épargne@banque.épargne.net,banqueépargne.bj,TPE (<10),B2B,Facebook Pages,,Actif,2026-06-29T00:14:35.785902,haute
BJ-41C968A3,Vie Invest,Finance & Assurance,Kouandé,+229 34 70 78 62,vie.invest@vie.invest.org,vieinvest.bj,TPE (<10),B2B,Facebook Pages,,Actif,2026-06-29T00:14:35.785936,haute
BJ-BE0CF0A9,International Kouandé,Finance & Assurance,Kouandé,+229 20 19 11 51,international.kouandé@international.kouandé.net,internationalkouandé.bj,PME (50-200),B2C,Facebook Pages,,Actif,2026-06-29T00:14:35.785999,haute
BJ-9DD30A99,International,Finance & Assurance,Kouandé,+229 71 25 21 27,,,TPE (<10),B2B,Facebook Pages,,Actif,2026-06-29T00:14:35.786023,basse
BJ-B4A83110,Groupe West SARL,Finance & Assurance,Péhunco,+229 56 15 47 73,groupe.west.sarl@groupe.west.sarl.bj,groupewestsarl.bj,TPE (<10),B2B,Facebook Pages,,Actif,2026-06-29T00:14:35.786065,haute
BJ-7B8278A1,Cabinet Crédit SARL Péhunco,Finance & Assurance,Péhunco,+229 34 11 83 99,,,TPE (<10),B2B,Facebook Pages,,Actif,2026-06-29T00:14:35.786095,basse
BJ-22CA2758,International,Finance & Assurance,Péhunco,+229 57 84 10 39,international@international.net,international.bj,TPE (<10),B2C,Facebook Pages,,Actif,2026-06-29T00:14:35.786123,haute
BJ-FB16ABD4,National International,Finance & Assurance,Péhunco,+229 81 20 70 18,national.international@national.international.net,nationalinternational.bj,TPE (<10),B2B,Facebook Pages,,Actif,2026-06-29T00:14:35.786155,haute
BJ-BE23DA20,Investissement Groupe Péhunco,Finance & Assurance,Péhunco,+229 45 93 11 76,investissement.groupe.péhunco@investissement.groupe.péhunco.benin,investissementgroupepéhunco.bj,TPE (<10),B2B,Facebook Pages,,Actif,2026-06-29T00:14:35.786189,haute
BJ-AC87434D,Épargne Groupe,Finance & Assurance,Tchaourou,+229 82 39 72 20,épargne.groupe@épargne.groupe.bj,épargnegroupe.bj,PME (10-50),B2C,Facebook Pages,,Actif,2026-06-29T00:14:35.786235,haute
BJ-D1F4013C,Assurance Crédit,Finance & Assurance,Tchaourou,+229 79 96 98 90,assurance.crédit@assurance.crédit.org,,Grande (>200),B2B,Facebook Pages,,Actif,2026-06-29T00:14:35.786268,moyenne
BJ-68A65E0E,Capital Capital,Finance & Assurance,Tchaourou,+229 51 44 65 44,capital.capital@capital.capital.bj,capitalcapital.bj,PME (50-200),B2B,Facebook Pages,,Actif,2026-06-29T00:14:35.786306,haute
BJ-AD414E98,West,Finance & Assurance,Tchaourou,+229 84 21 65 83,,west.bj,PME (10-50),B2B,Facebook Pages,,Actif,2026-06-29T00:14:35.786320,moyenne
BJ-722F5FA6,National Assurances,Finance & Assurance,Tchaourou,+229 96 77 15 48,national.assurances@national.assurances.bj,,PME (10-50),B2C,Facebook Pages,,Actif,2026-06-29T00:14:35.786332,moyenne
BJ-EEAE5094,Groupe Épargne SARL,Finance & Assurance,Nikki,+229 34 46 28 20,groupe.épargne.sarl@groupe.épargne.sarl.com,groupeépargnesarl.bj,TPE (<10),B2C,Facebook Pages,,Actif,2026-06-29T00:14:35.786355,haute
BJ-BF7206DF,Assurance Africa Finance,Finance & Assurance,Nikki,+229 61 69 97 95,assurance.africa.finance@assurance.africa.finance.benin,,TPE (<10),B2B,Facebook Pages,,Actif,2026-06-29T00:14:35.786368,moyenne
BJ-3F35FB39,Assurance Épargne Groupe Nikki,Finance & Assurance,Nikki,+229 37 49 29 18,assurance.épargne.groupe.nikki@assurance.épargne.groupe.nikki.benin,assuranceépargnegroupenikki.bj,PME (50-200),B2B,Facebook Pages,,Actif,2026-06-29T00:14:35.786387,haute
BJ-BDB37502,Groupe Assurance Bank,Finance & Assurance,Nikki,+229 60 55 15 91,groupe.assurance.bank@groupe.assurance.bank.org,groupeassurancebank.bj,PME (10-50),B2C,Facebook Pages,,Actif,2026-06-29T00:14:35.786404,haute
BJ-328DA6CE,Assurance,Finance & Assurance,Nikki,+229 73 91 41 47,,assurance.bj,TPE (<10),B2C,Facebook Pages,,Actif,2026-06-29T00:14:35.786420,moyenne
BJ-15622E08,Assurance,Finance & Assurance,Bembéréké,+229 42 22 30 65,,assurance.bj,PME (50-200),B2B,Facebook Pages,,Actif,2026-06-29T00:14:35.786439,moyenne
BJ-524E90AA,Sécurité Bank,Finance & Assurance,Bembéréké,+229 81 46 28 84,sécurité.bank@sécurité.bank.com,sécuritébank.bj,PME (50-200),B2C,Facebook Pages,,Actif,2026-06-29T00:14:35.786465,haute
BJ-B7B7D600,Groupe International,Finance & Assurance,Bembéréké,+229 64 76 79 38,groupe.international@groupe.international.org,,Grande (>200),B2C,Facebook Pages,,Actif,2026-06-29T00:14:35.786477,moyenne
BJ-0A0E47CD,Banque Épargne International,Finance & Assurance,Kalalé,+229 81 99 88 21,banque.épargne.international@banque.épargne.international.bj,,PME (50-200),B2B,Facebook Pages,,Actif,2026-06-29T00:14:35.786508,moyenne
BJ-2ED37CD0,Groupe International Capital Kalalé,Finance & Assurance,Kalalé,+229 29 43 14 57,groupe.international.capital.kalalé@groupe.international.capital.kalalé.net,groupeinternationalcapitalkalalé.bj,PME (50-200),B2B,Facebook Pages,,Actif,2026-06-29T00:14:35.786523,haute
BJ-A3D598AA,Protection,Finance & Assurance,Kalalé,+229 97 41 94 88,protection@protection.org,protection.bj,TPE (<10),B2B,Facebook Pages,,Actif,2026-06-29T00:14:35.786536,haute
BJ-CC485FD4,Finance National SARL,Finance & Assurance,Kalalé,+229 86 97 66 12,finance.national.sarl@finance.national.sarl.bj,financenationalsarl.bj,TPE (<10),B2C,Facebook Pages,,Actif,2026-06-29T00:14:35.786552,haute
BJ-97EE38E2,Auto SARL,Finance & Assurance,Kalalé,+229 94 37 59 53,auto.sarl@auto.sarl.bj,autosarl.bj,PME (50-200),B2B,Facebook Pages,,Actif,2026-06-29T00:14:35.786565,haute
BJ-14C157D8,Vie Bank,Finance & Assurance,Ndali,+229 60 63 76 23,vie.bank@vie.bank.com,viebank.bj,TPE (<10),B2B,Facebook Pages,,Actif,2026-06-29T00:14:35.786584,haute
BJ-8DFD0134,Vie Assurances,Finance & Assurance,Ndali,+229 97 67 73 46,vie.assurances@vie.assurances.net,vieassurances.bj,PME (10-50),B2B,Facebook Pages,,Actif,2026-06-29T00:14:35.786596,haute
BJ-A62D42C5,Capital,Finance & Assurance,Ndali,+229 81 96 16 82,capital@capital.bj,capital.bj,Grande (>200),B2C,Facebook Pages,,Actif,2026-06-29T00:14:35.786608,haute
BJ-135EC598,Bénin International,Finance & Assurance,Ndali,+229 66 10 83 54,bénin.international@bénin.international.net,,PME (10-50),B2B,Facebook Pages,,Actif,2026-06-29T00:14:35.786621,moyenne
BJ-48BF3DB9,Finance Protection Finance,Finance & Assurance,Ndali,+229 56 80 53 40,finance.protection.finance@finance.protection.finance.org,,TPE (<10),B2B,Facebook Pages,,Actif,2026-06-29T00:14:35.786637,moyenne
BJ-D76F7585,Banque Crédit,Finance & Assurance,Ségbana,+229 86 80 79 78,banque.crédit@banque.crédit.com,banquecrédit.bj,PME (10-50),B2C,Facebook Pages,,Actif,2026-06-29T00:14:35.786660,haute
BJ-94C388D3,Cabinet Protection Bank Ségbana,Finance & Assurance,Ségbana,+229 38 87 17 87,cabinet.protection.bank.ségbana@cabinet.protection.bank.ségbana.com,cabinetprotectionbankségbana.bj,PME (10-50),B2C,Facebook Pages,,Actif,2026-06-29T00:14:35.786674,haute
BJ-424057AA,Épargne,Finance & Assurance,Ségbana,+229 30 28 93 85,épargne@épargne.org,épargne.bj,TPE (<10),B2B,Facebook Pages,,Actif,2026-06-29T00:14:35.786686,haute
BJ-C680D5B2,Épargne Bank,Finance & Assurance,Ségbana,+229 49 48 99 52,épargne.bank@épargne.bank.benin,épargnebank.bj,TPE (<10),B2C,Facebook Pages,,Actif,2026-06-29T00:14:35.786716,haute
BJ-E42C91E7,Groupe Crédit Assurances,Finance & Assurance,Tchaourou,+229 86 42 54 87,groupe.crédit.assurances@groupe.crédit.assurances.bj,groupecréditassurances.bj,TPE (<10),B2C,Facebook Pages,,Actif,2026-06-29T00:14:35.786736,haute
BJ-9324D7DD,Capital Finance,Finance & Assurance,Tchaourou,+229 30 38 71 18,capital.finance@capital.finance.net,,TPE (<10),B2B,Facebook Pages,,Actif,2026-06-29T00:14:35.786748,moyenne
BJ-0DAD86CF,Sécurité Finance,Finance & Assurance,Tchaourou,+229 78 56 17 56,sécurité.finance@sécurité.finance.com,sécuritéfinance.bj,PME (10-50),B2B,Facebook Pages,,Actif,2026-06-29T00:14:35.786761,haute
BJ-B21768F4,Banque Protection SARL,Finance & Assurance,Tchaourou,+229 33 89 43 66,banque.protection.sarl@banque.protection.sarl.benin,banqueprotectionsarl.bj,PME (10-50),B2C,Facebook Pages,,Actif,2026-06-29T00:14:35.786773,haute
BJ-9A954C2A,Cabinet Épargne Groupe,Finance & Assurance,Tchaourou,+229 84 10 72 44,cabinet.épargne.groupe@cabinet.épargne.groupe.com,,PME (50-200),B2C,Facebook Pages,,Actif,2026-06-29T00:14:35.786785,moyenne
BJ-CBC45EF2,National,Finance & Assurance,Bétérou,+229 60 39 33 50,,national.bj,Grande (>200),B2B,Facebook Pages,,Actif,2026-06-29T00:14:35.786803,moyenne
BJ-D0CD2391,Société Crédit SA,Finance & Assurance,Bétérou,+229 92 60 40 41,,,TPE (<10),B2C,Facebook Pages,,Actif,2026-06-29T00:14:35.786817,basse
BJ-42AD3AEA,Cabinet West,Finance & Assurance,Bétérou,+229 64 91 70 86,cabinet.west@cabinet.west.bj,cabinetwest.bj,TPE (<10),B2B,Facebook Pages,,Actif,2026-06-29T00:14:35.786830,haute
BJ-4D6F2D6C,West,Finance & Assurance,Bétérou,+229 38 66 29 11,west@west.com,west.bj,PME (50-200),B2B,Facebook Pages,,Actif,2026-06-29T00:14:35.786847,haute
BJ-65321FB1,Finance International,Finance & Assurance,Bétérou,+229 71 83 20 32,finance.international@finance.international.benin,financeinternational.bj,PME (10-50),B2C,Facebook Pages,,Actif,2026-06-29T00:14:35.786860,haute
BJ-33922F60,Santé,Finance & Assurance,Ouessè,+229 73 40 22 51,santé@santé.com,santé.bj,TPE (<10),B2C,Facebook Pages,,Actif,2026-06-29T00:14:35.786879,haute
BJ-B39D8D58,Banque Assurance Bank Ouessè,Finance & Assurance,Ouessè,+229 34 50 95 38,banque.assurance.bank.ouessè@banque.assurance.bank.ouessè.com,banqueassurancebankouessè.bj,PME (50-200),B2B,Facebook Pages,,Actif,2026-06-29T00:14:35.786908,haute
BJ-898E7076,Assurance International,Finance & Assurance,Ouessè,+229 38 59 67 44,assurance.international@assurance.international.net,,PME (50-200),B2B,Facebook Pages,,Actif,2026-06-29T00:14:35.786921,moyenne
BJ-4CADA36D,Crédit,Finance & Assurance,Ouessè,+229 95 34 50 88,crédit@crédit.net,crédit.bj,PME (10-50),B2C,Facebook Pages,,Actif,2026-06-29T00:14:35.786935,haute
BJ-438864AA,Auto,Finance & Assurance,Ouessè,+229 35 19 41 16,auto@auto.com,,PME (10-50),B2B,Facebook Pages,,Actif,2026-06-29T00:14:35.786947,moyenne
BJ-F4B3C37E,Sécurité Assurances,Finance & Assurance,Glazoué,+229 75 25 73 94,sécurité.assurances@sécurité.assurances.com,sécuritéassurances.bj,TPE (<10),B2B,Facebook Pages,,Actif,2026-06-29T00:14:35.786967,haute
BJ-2065836C,Assurance Capital,Finance & Assurance,Glazoué,+229 81 93 15 50,assurance.capital@assurance.capital.com,assurancecapital.bj,TPE (<10),B2B,Facebook Pages,,Actif,2026-06-29T00:14:35.786979,haute
BJ-686EBCDB,Assurance SA,Finance & Assurance,Glazoué,+229 24 59 50 41,,,PME (10-50),B2C,Facebook Pages,,Actif,2026-06-29T00:14:35.786989,basse
BJ-A6EC4CD3,Bénin Invest,Finance & Assurance,Glazoué,+229 61 79 15 81,bénin.invest@bénin.invest.benin,bénininvest.bj,PME (50-200),B2B,Facebook Pages,,Actif,2026-06-29T00:14:35.787017,haute
BJ-4129F86A,Banque Investissement SARL,Finance & Assurance,Dassa-Zoumè,+229 56 56 85 64,,,PME (10-50),B2C,Facebook Pages,,Actif,2026-06-29T00:14:35.787034,basse
BJ-B0E1B3AE,Santé Finance,Finance & Assurance,Dassa-Zoumè,+229 53 44 28 99,santé.finance@santé.finance.bj,santéfinance.bj,TPE (<10),B2B,Facebook Pages,,Actif,2026-06-29T00:14:35.787047,haute
BJ-13ECB234,Sécurité SARL,Finance & Assurance,Dassa-Zoumè,+229 25 82 21 65,sécurité.sarl@sécurité.sarl.net,,PME (10-50),B2C,Facebook Pages,,Actif,2026-06-29T00:14:35.787071,moyenne
BJ-004141CE,Bénin SA,Finance & Assurance,Dassa-Zoumè,+229 51 57 77 78,bénin.sa@bénin.sa.bj,,PME (10-50),B2B,Facebook Pages,,Actif,2026-06-29T00:14:35.787083,moyenne
BJ-4456FC39,National SA Savalou,Finance & Assurance,Savalou,+229 53 15 11 23,national.sa.savalou@national.sa.savalou.net,nationalsasavalou.bj,Grande (>200),B2C,Facebook Pages,,Actif,2026-06-29T00:14:35.787105,haute
BJ-D76AC8EA,Vie,Finance & Assurance,Savalou,+229 98 68 61 92,vie@vie.com,vie.bj,PME (50-200),B2C,Facebook Pages,,Actif,2026-06-29T00:14:35.787118,haute
BJ-911482F0,Épargne International,Finance & Assurance,Savalou,+229 82 64 39 54,épargne.international@épargne.international.org,,PME (50-200),B2C,Facebook Pages,,Actif,2026-06-29T00:14:35.787131,moyenne
BJ-A690F16B,Protection,Finance & Assurance,Savalou,+229 37 55 90 96,,protection.bj,PME (10-50),B2B,Facebook Pages,,Actif,2026-06-29T00:14:35.787147,moyenne
BJ-7508DC15,Groupe West Savalou,Finance & Assurance,Savalou,+229 20 45 70 14,groupe.west.savalou@groupe.west.savalou.bj,groupewestsavalou.bj,TPE (<10),B2B,Facebook Pages,,Actif,2026-06-29T00:14:35.787161,haute
BJ-CE0C550F,West,Finance & Assurance,Bantè,+229 61 70 31 79,west@west.benin,west.bj,PME (10-50),B2C,Facebook Pages,,Actif,2026-06-29T00:14:35.787180,haute
BJ-E6EEC2A9,Groupe West Invest,Finance & Assurance,Bantè,+229 41 61 56 52,groupe.west.invest@groupe.west.invest.bj,groupewestinvest.bj,PME (10-50),B2C,Facebook Pages,,Actif,2026-06-29T00:14:35.787192,haute
BJ-260F64F4,West Assurances,Finance & Assurance,Bantè,+229 93 77 65 53,west.assurances@west.assurances.bj,westassurances.bj,PME (50-200),B2B,Facebook Pages,,Actif,2026-06-29T00:14:35.787204,haute
BJ-2135A203,Groupe National Assurances,Finance & Assurance,Bantè,+229 75 85 21 89,,groupenationalassurances.bj,TPE (<10),B2C,Facebook Pages,,Actif,2026-06-29T00:14:35.787219,moyenne
BJ-03829997,Cabinet Protection,Finance & Assurance,Bantè,+229 45 41 90 60,cabinet.protection@cabinet.protection.bj,cabinetprotection.bj,TPE (<10),B2B,Facebook Pages,,Actif,2026-06-29T00:14:35.787231,haute
BJ-5020DED8,Assurance Sécurité SARL,Finance & Assurance,Djougou,+229 95 21 49 79,,assurancesécuritésarl.bj,Grande (>200),B2C,Facebook Pages,,Actif,2026-06-29T00:14:35.787250,moyenne
BJ-73BC2A2F,Assurance Protection,Finance & Assurance,Djougou,+229 84 52 17 45,assurance.protection@assurance.protection.benin,assuranceprotection.bj,TPE (<10),B2C,Facebook Pages,,Actif,2026-06-29T00:14:35.787262,haute
BJ-45889E04,Protection,Finance & Assurance,Djougou,+229 54 17 47 58,,protection.bj,PME (10-50),B2B,Facebook Pages,,Actif,2026-06-29T00:14:35.787272,moyenne
BJ-85A556EF,Banque Crédit,Finance & Assurance,Djougou,+229 74 65 10 39,,,Grande (>200),B2C,Facebook Pages,,Actif,2026-06-29T00:14:35.787286,basse
BJ-AF222875,Capital Bank,Finance & Assurance,Djougou,+229 74 80 14 44,capital.bank@capital.bank.bj,capitalbank.bj,PME (50-200),B2C,Facebook Pages,,Actif,2026-06-29T00:14:35.787299,haute
BJ-4631AB1D,Sécurité,Finance & Assurance,Ouèssè,+229 62 79 38 94,sécurité@sécurité.com,,TPE (<10),B2B,Facebook Pages,,Actif,2026-06-29T00:14:35.787321,moyenne
BJ-8E570AD1,Banque Santé,Finance & Assurance,Ouèssè,+229 73 98 79 88,banque.santé@banque.santé.bj,,PME (50-200),B2C,Facebook Pages,,Actif,2026-06-29T00:14:35.787334,moyenne
BJ-FF9F4F8C,Banque Protection,Finance & Assurance,Ouèssè,+229 25 72 24 14,,,PME (10-50),B2B,Facebook Pages,,Actif,2026-06-29T00:14:35.787345,basse
BJ-ABC2CF55,Cabinet Santé Assurances Ouèssè,Finance & Assurance,Ouèssè,+229 67 98 23 64,cabinet.santé.assurances.ouèssè@cabinet.santé.assurances.ouèssè.net,cabinetsantéassurancesouèssè.bj,TPE (<10),B2C,Facebook Pages,,Actif,2026-06-29T00:14:35.787358,haute
BJ-47B366F7,Assurance Protection,Finance & Assurance,Ouèssè,+229 90 66 41 69,assurance.protection@assurance.protection.org,assuranceprotection.bj,TPE (<10),B2C,Facebook Pages,,Actif,2026-06-29T00:14:35.787374,haute
BJ-E7F73C68,Santé,Finance & Assurance,Bassila,+229 59 46 31 65,santé@santé.org,santé.bj,TPE (<10),B2C,Facebook Pages,,Actif,2026-06-29T00:14:35.787392,haute
BJ-B3428ECD,Finance International SA Bassila,Finance & Assurance,Bassila,+229 88 65 68 86,finance.international.sa.bassila@finance.international.sa.bassila.org,financeinternationalsabassila.bj,PME (10-50),B2C,Facebook Pages,,Actif,2026-06-29T00:14:35.787405,haute
BJ-EF78C12D,Finance Protection Groupe,Finance & Assurance,Bassila,+229 48 25 71 20,finance.protection.groupe@finance.protection.groupe.org,financeprotectiongroupe.bj,PME (10-50),B2B,Facebook Pages,,Actif,2026-06-29T00:14:35.787417,haute
BJ-7685752B,Groupe Assurance,Finance & Assurance,Bassila,+229 95 72 48 96,groupe.assurance@groupe.assurance.com,groupeassurance.bj,TPE (<10),B2B,Facebook Pages,,Actif,2026-06-29T00:14:35.787431,haute
BJ-8DB16086,Assurance National Bassila,Finance & Assurance,Bassila,+229 45 16 59 60,,assurancenationalbassila.bj,PME (50-200),B2B,Facebook Pages,,Actif,2026-06-29T00:14:35.787443,moyenne
BJ-EA297DED,Capital Groupe,Finance & Assurance,Pehunco,+229 57 23 33 58,capital.groupe@capital.groupe.com,,PME (10-50),B2C,Facebook Pages,,Actif,2026-06-29T00:14:35.787461,moyenne
BJ-2F8D4FCF,Assurance Bénin,Finance & Assurance,Pehunco,+229 97 39 89 26,assurance.bénin@assurance.bénin.bj,assurancebénin.bj,TPE (<10),B2C,Facebook Pages,,Actif,2026-06-29T00:14:35.787474,haute
BJ-4BA8AD82,Assurance Africa,Finance & Assurance,Pehunco,+229 81 90 99 78,,,PME (10-50),B2C,Facebook Pages,,Actif,2026-06-29T00:14:35.787485,basse
BJ-A3F57C28,Vie SA,Finance & Assurance,Pehunco,+229 61 49 19 36,vie.sa@vie.sa.bj,viesa.bj,PME (50-200),B2C,Facebook Pages,,Actif,2026-06-29T00:14:35.787514,haute
BJ-428635F6,Assurance SA Pehunco,Finance & Assurance,Pehunco,+229 71 14 68 32,assurance.sa.pehunco@assurance.sa.pehunco.bj,,TPE (<10),B2C,Facebook Pages,,Actif,2026-06-29T00:14:35.787525,moyenne
BJ-A9423946,Banque West Bank,Finance & Assurance,Copargo,+229 76 76 71 41,banque.west.bank@banque.west.bank.net,banquewestbank.bj,PME (50-200),B2B,Facebook Pages,,Actif,2026-06-29T00:14:35.787542,haute
BJ-9C87569E,Banque Sécurité,Finance & Assurance,Copargo,+229 59 76 46 79,,,TPE (<10),B2C,Facebook Pages,,Actif,2026-06-29T00:14:35.787553,basse
BJ-504EA2CF,Groupe West,Finance & Assurance,Copargo,+229 30 34 49 33,groupe.west@groupe.west.benin,,TPE (<10),B2B,Facebook Pages,,Actif,2026-06-29T00:14:35.787565,moyenne
BJ-0D8114CE,Finance National,Finance & Assurance,Copargo,+229 21 53 47 68,finance.national@finance.national.bj,,PME (10-50),B2C,Facebook Pages,,Actif,2026-06-29T00:14:35.787583,moyenne
BJ-554325F7,Vie,Finance & Assurance,Copargo,+229 25 12 57 29,,vie.bj,TPE (<10),B2B,Facebook Pages,,Actif,2026-06-29T00:14:35.787602,moyenne
BJ-A34117BB,Express Cargo SARL,Transport & Logistique,Cotonou,+229 86 29 31 13,express.cargo.sarl@express.cargo.sarl.bj,expresscargosarl.bj,PME (50-200),B2B,Facebook Pages,,Actif,2026-06-29T00:14:35.787621,haute
BJ-3AD29AE4,Express Express International Cotonou,Transport & Logistique,Cotonou,+229 89 53 49 37,,,PME (50-200),B2B,Facebook Pages,,Actif,2026-06-29T00:14:35.787632,basse
BJ-598BA3FE,Delivery Livraison,Transport & Logistique,Cotonou,+229 49 34 14 60,delivery.livraison@delivery.livraison.benin,deliverylivraison.bj,PME (10-50),B2C,Facebook Pages,,Actif,2026-06-29T00:14:35.787645,haute
BJ-D4050247,Delivery Express Transport,Transport & Logistique,Cotonou,+229 64 41 75 70,,deliveryexpresstransport.bj,Grande (>200),B2C,Facebook Pages,,Actif,2026-06-29T00:14:35.787657,moyenne
BJ-AE997FCF,Logistique Transit Express,Transport & Logistique,Cotonou,+229 86 86 19 79,logistique.transit.express@logistique.transit.express.benin,logistiquetransitexpress.bj,PME (50-200),B2C,Facebook Pages,,Actif,2026-06-29T00:14:35.787669,haute
BJ-B45AD3B8,Groupe Livraison,Transport & Logistique,Abomey-Calavi,+229 53 63 34 74,groupe.livraison@groupe.livraison.benin,,TPE (<10),B2B,Facebook Pages,,Actif,2026-06-29T00:14:35.787686,moyenne
BJ-E0464B94,Express Urgent Delivery,Transport & Logistique,Abomey-Calavi,+229 23 43 83 68,express.urgent.delivery@express.urgent.delivery.net,,PME (10-50),B2C,Facebook Pages,,Actif,2026-06-29T00:14:35.787698,moyenne
BJ-B5EE46AF,Groupe Messagerie,Transport & Logistique,Abomey-Calavi,+229 31 83 78 75,groupe.messagerie@groupe.messagerie.com,groupemessagerie.bj,TPE (<10),B2B,Facebook Pages,,Actif,2026-06-29T00:14:35.787711,haute
BJ-0323B60A,Messagerie Express,Transport & Logistique,Abomey-Calavi,+229 65 49 91 86,messagerie.express@messagerie.express.bj,,Grande (>200),B2C,Facebook Pages,,Actif,2026-06-29T00:14:35.787725,moyenne
BJ-BBB0DBEC,SARL Rapide Abomey-Calavi,Transport & Logistique,Abomey-Calavi,+229 93 63 44 15,sarl.rapide.abomeycalavi@sarl.rapide.abomeycalavi.bj,sarlrapideabomeycalavi.bj,PME (50-200),B2B,Facebook Pages,,Actif,2026-06-29T00:14:35.787738,haute
BJ-04F57430,Rapide Fret,Transport & Logistique,Porto-Novo,+229 67 56 71 13,rapide.fret@rapide.fret.com,rapidefret.bj,Grande (>200),B2B,Facebook Pages,,Actif,2026-06-29T00:14:35.787756,haute
BJ-84F6DF22,Logistique Déménagement,Transport & Logistique,Porto-Novo,+229 88 95 94 78,logistique.déménagement@logistique.déménagement.bj,logistiquedéménagement.bj,TPE (<10),B2B,Facebook Pages,,Actif,2026-06-29T00:14:35.787770,haute
BJ-6F1DDC82,Transit,Transport & Logistique,Porto-Novo,+229 61 26 11 53,transit@transit.net,transit.bj,TPE (<10),B2B,Facebook Pages,,Actif,2026-06-29T00:14:35.787782,haute
BJ-4AA5706D,Route,Transport & Logistique,Porto-Novo,+229 94 16 36 71,route@route.net,,PME (10-50),B2B,Facebook Pages,,Actif,2026-06-29T00:14:35.787793,moyenne
BJ-7861F14D,Route Africa,Transport & Logistique,Porto-Novo,+229 72 35 78 26,route.africa@route.africa.com,routeafrica.bj,Grande (>200),B2B,Facebook Pages,,Actif,2026-06-29T00:14:35.787809,haute
BJ-C5F23B8E,Transport Courrier,Transport & Logistique,Parakou,+229 97 88 54 24,,,PME (10-50),B2C,Facebook Pages,,Actif,2026-06-29T00:14:35.787836,basse
BJ-A9829385,Logistique Fret Logistique,Transport & Logistique,Parakou,+229 31 86 98 65,logistique.fret.logistique@logistique.fret.logistique.bj,,TPE (<10),B2B,Facebook Pages,,Actif,2026-06-29T00:14:35.787848,moyenne
BJ-69F803EF,Delivery Déménagement Transport,Transport & Logistique,Parakou,+229 52 88 15 70,,,Grande (>200),B2B,Facebook Pages,,Actif,2026-06-29T00:14:35.787863,basse
BJ-1C750C5E,Express Distribution,Transport & Logistique,Parakou,+229 69 59 19 11,express.distribution@express.distribution.com,,TPE (<10),B2B,Facebook Pages,,Actif,2026-06-29T00:14:35.787875,moyenne
BJ-D90361FE,Logistique Livraison Bénin,Transport & Logistique,Bohicon,+229 51 34 78 89,,,PME (10-50),B2B,Facebook Pages,,Actif,2026-06-29T00:14:35.787903,basse
BJ-3CD7ADC5,Distribution,Transport & Logistique,Bohicon,+229 37 46 93 86,,distribution.bj,TPE (<10),B2C,Facebook Pages,,Actif,2026-06-29T00:14:35.787917,moyenne
BJ-F5A6AB4F,SARL Aérien,Transport & Logistique,Bohicon,+229 47 71 76 78,,sarlaérien.bj,TPE (<10),B2C,Facebook Pages,,Actif,2026-06-29T00:14:35.787930,moyenne
BJ-05F775B4,Express,Transport & Logistique,Bohicon,+229 85 33 28 59,express@express.bj,,TPE (<10),B2B,Facebook Pages,,Actif,2026-06-29T00:14:35.787942,moyenne
BJ-90384054,Fret,Transport & Logistique,Bohicon,+229 29 95 98 87,,fret.bj,PME (50-200),B2C,Facebook Pages,,Actif,2026-06-29T00:14:35.787953,moyenne
BJ-E56ED36B,Maritime,Transport & Logistique,Natitingou,+229 66 45 80 60,maritime@maritime.net,maritime.bj,TPE (<10),B2B,Facebook Pages,,Actif,2026-06-29T00:14:35.787971,haute
BJ-CCBB7A76,Messagerie Natitingou,Transport & Logistique,Natitingou,+229 83 59 22 40,,messagerienatitingou.bj,TPE (<10),B2C,Facebook Pages,,Actif,2026-06-29T00:14:35.787982,moyenne
BJ-5DA9FE93,Rapide Natitingou,Transport & Logistique,Natitingou,+229 35 91 49 48,,,PME (10-50),B2C,Facebook Pages,,Actif,2026-06-29T00:14:35.788011,basse
BJ-8004B709,Logistique Cargo Express,Transport & Logistique,Natitingou,+229 78 24 17 77,,,TPE (<10),B2C,Facebook Pages,,Actif,2026-06-29T00:14:35.788021,basse
BJ-23F14C60,Route SARL,Transport & Logistique,Lokossa,+229 44 76 48 59,route.sarl@route.sarl.net,routesarl.bj,PME (10-50),B2B,Facebook Pages,,Actif,2026-06-29T00:14:35.788039,haute
BJ-CABD7762,Express Courrier Express,Transport & Logistique,Lokossa,+229 46 49 68 61,express.courrier.express@express.courrier.express.com,expresscourrierexpress.bj,Grande (>200),B2B,Facebook Pages,,Actif,2026-06-29T00:14:35.788055,haute
BJ-F9AC9C48,SARL Express,Transport & Logistique,Lokossa,+229 73 34 21 99,sarl.express@sarl.express.com,sarlexpress.bj,PME (10-50),B2B,Facebook Pages,,Actif,2026-06-29T00:14:35.788067,haute
BJ-483E87C7,Delivery Courrier Africa,Transport & Logistique,Lokossa,+229 59 55 10 60,delivery.courrier.africa@delivery.courrier.africa.com,deliverycourrierafrica.bj,PME (50-200),B2B,Facebook Pages,,Actif,2026-06-29T00:14:35.788090,haute
BJ-8A258F05,Déménagement Transport Ouidah,Transport & Logistique,Ouidah,+229 84 10 68 90,déménagement.transport.ouidah@déménagement.transport.ouidah.benin,déménagementtransportouidah.bj,TPE (<10),B2B,Facebook Pages,,Actif,2026-06-29T00:14:35.788110,haute
BJ-21D40907,Express Livraison,Transport & Logistique,Ouidah,+229 41 10 32 90,,expresslivraison.bj,TPE (<10),B2B,Facebook Pages,,Actif,2026-06-29T00:14:35.788121,moyenne
BJ-B9065169,Logistique Maritime Logistique,Transport & Logistique,Ouidah,+229 31 39 40 52,,,PME (10-50),B2B,Facebook Pages,,Actif,2026-06-29T00:14:35.788132,basse
BJ-90B089D6,Urgent Transport Ouidah,Transport & Logistique,Ouidah,+229 78 29 15 20,urgent.transport.ouidah@urgent.transport.ouidah.net,,PME (10-50),B2C,Facebook Pages,,Actif,2026-06-29T00:14:35.788147,moyenne
BJ-A647AD7F,Rapide Maritime Express,Transport & Logistique,Ouidah,+229 67 93 25 33,rapide.maritime.express@rapide.maritime.express.bj,,Grande (>200),B2B,Facebook Pages,,Actif,2026-06-29T00:14:35.788158,moyenne
BJ-18B02C8F,Route SARL,Transport & Logistique,Savalou,+229 76 52 12 86,route.sarl@route.sarl.net,,PME (50-200),B2B,Facebook Pages,,Actif,2026-06-29T00:14:35.788189,moyenne
BJ-00398F20,Rapide Savalou,Transport & Logistique,Savalou,+229 33 76 90 98,rapide.savalou@rapide.savalou.com,,TPE (<10),B2B,Facebook Pages,,Actif,2026-06-29T00:14:35.788201,moyenne
BJ-FA414912,Urgent Bénin,Transport & Logistique,Savalou,+229 38 31 76 92,urgent.bénin@urgent.bénin.bj,urgentbénin.bj,TPE (<10),B2C,Facebook Pages,,Actif,2026-06-29T00:14:35.788213,haute
BJ-4AF26C8B,Rapide,Transport & Logistique,Savalou,+229 99 63 90 93,,,TPE (<10),B2C,Facebook Pages,,Actif,2026-06-29T00:14:35.788224,basse
BJ-DDFA5BCB,Groupe Urgent,Transport & Logistique,Dassa-Zoumè,+229 44 20 21 54,,groupeurgent.bj,TPE (<10),B2C,Facebook Pages,,Actif,2026-06-29T00:14:35.788241,moyenne
BJ-D5083D25,Route Africa,Transport & Logistique,Dassa-Zoumè,+229 70 70 85 32,,,TPE (<10),B2B,Facebook Pages,,Actif,2026-06-29T00:14:35.788252,basse
BJ-010A3DCD,Transit Express Dassa-Zoumè,Transport & Logistique,Dassa-Zoumè,+229 67 49 74 26,,,PME (10-50),B2B,Facebook Pages,,Actif,2026-06-29T00:14:35.788267,basse
BJ-D9B97231,Groupe Maritime International,Transport & Logistique,Dassa-Zoumè,+229 83 21 20 79,groupe.maritime.international@groupe.maritime.international.benin,,TPE (<10),B2C,Facebook Pages,,Actif,2026-06-29T00:14:35.788282,moyenne
BJ-00C4C08D,Logistique Maritime SARL,Transport & Logistique,Kétou,+229 31 64 76 97,,logistiquemaritimesarl.bj,PME (10-50),B2B,Facebook Pages,,Actif,2026-06-29T00:14:35.788312,moyenne
BJ-67D88AAD,Groupe Aérien,Transport & Logistique,Kétou,+229 21 71 13 22,,groupeaérien.bj,PME (50-200),B2C,Facebook Pages,,Actif,2026-06-29T00:14:35.788323,moyenne
BJ-0B8DA95D,Transport Cargo Delivery,Transport & Logistique,Kétou,+229 28 86 19 54,transport.cargo.delivery@transport.cargo.delivery.net,transportcargodelivery.bj,TPE (<10),B2B,Facebook Pages,,Actif,2026-06-29T00:14:35.788340,haute
BJ-292979C1,Logistique Route Express,Transport & Logistique,Kétou,+229 29 86 83 67,,logistiquerouteexpress.bj,Grande (>200),B2B,Facebook Pages,,Actif,2026-06-29T00:14:35.788351,moyenne
BJ-80FFC29D,Courrier,Transport & Logistique,Kétou,+229 69 96 95 36,courrier@courrier.org,,Grande (>200),B2B,Facebook Pages,,Actif,2026-06-29T00:14:35.788363,moyenne
BJ-D60A6535,Distribution SARL,Transport & Logistique,Covè,+229 99 48 84 36,distribution.sarl@distribution.sarl.net,distributionsarl.bj,PME (10-50),B2C,Facebook Pages,,Actif,2026-06-29T00:14:35.788381,haute
BJ-E2479DBB,Transport Livraison Bénin,Transport & Logistique,Covè,+229 35 87 99 89,transport.livraison.bénin@transport.livraison.bénin.bj,,TPE (<10),B2C,Facebook Pages,,Actif,2026-06-29T00:14:35.788394,moyenne
BJ-4D06F611,Rapide,Transport & Logistique,Covè,+229 43 63 20 56,rapide@rapide.com,,TPE (<10),B2B,Facebook Pages,,Actif,2026-06-29T00:14:35.788406,moyenne
BJ-148AE49B,SARL Distribution,Transport & Logistique,Covè,+229 90 37 23 80,sarl.distribution@sarl.distribution.benin,sarldistribution.bj,PME (10-50),B2C,Facebook Pages,,Actif,2026-06-29T00:14:35.788421,haute
BJ-CE76A2A1,Transport Déménagement International,Transport & Logistique,Covè,+229 45 89 39 73,transport.déménagement.international@transport.déménagement.international.net,transportdéménagementinternational.bj,PME (10-50),B2C,Facebook Pages,,Actif,2026-06-29T00:14:35.788436,haute
BJ-A2DE7DB3,Messagerie,Transport & Logistique,Pobè,+229 96 80 41 63,,messagerie.bj,TPE (<10),B2B,Facebook Pages,,Actif,2026-06-29T00:14:35.788456,moyenne
BJ-8CE1078B,Messagerie Bénin,Transport & Logistique,Pobè,+229 54 40 76 36,,messageriebénin.bj,TPE (<10),B2C,Facebook Pages,,Actif,2026-06-29T00:14:35.788470,moyenne
BJ-844F9339,Transit Transport Pobè,Transport & Logistique,Pobè,+229 52 12 98 51,transit.transport.pobè@transit.transport.pobè.org,,PME (10-50),B2B,Facebook Pages,,Actif,2026-06-29T00:14:35.788482,moyenne
BJ-9B227BDB,Distribution,Transport & Logistique,Pobè,+229 25 25 42 76,distribution@distribution.benin,,PME (10-50),B2B,Facebook Pages,,Actif,2026-06-29T00:14:35.788494,moyenne
BJ-0F150518,Logistique Maritime,Transport & Logistique,Pobè,+229 29 22 27 72,,logistiquemaritime.bj,TPE (<10),B2C,Facebook Pages,,Actif,2026-06-29T00:14:35.788510,moyenne
BJ-8337E5B3,Groupe Route Africa,Transport & Logistique,Sakété,+229 40 77 29 38,groupe.route.africa@groupe.route.africa.benin,,PME (10-50),B2C,Facebook Pages,,Actif,2026-06-29T00:14:35.788528,moyenne
BJ-AB180C51,Logistique Aérien Express,Transport & Logistique,Sakété,+229 52 31 93 21,logistique.aérien.express@logistique.aérien.express.net,logistiqueaérienexpress.bj,PME (10-50),B2B,Facebook Pages,,Actif,2026-06-29T00:14:35.788541,haute
BJ-017845DD,Transport Rapide Sakété,Transport & Logistique,Sakété,+229 75 78 72 21,transport.rapide.sakété@transport.rapide.sakété.com,transportrapidesakété.bj,PME (10-50),B2C,Facebook Pages,,Actif,2026-06-29T00:14:35.788555,haute
BJ-618475FA,Rapide Maritime,Transport & Logistique,Sakété,+229 65 57 32 59,,,PME (10-50),B2B,Facebook Pages,,Actif,2026-06-29T00:14:35.788569,basse
BJ-C2052B00,Logistique Déménagement Express,Transport & Logistique,Sakété,+229 49 19 15 28,,,Grande (>200),B2C,Facebook Pages,,Actif,2026-06-29T00:14:35.788580,basse
BJ-9C4F7A34,Livraison SARL,Transport & Logistique,Adjara,+229 83 26 16 65,,livraisonsarl.bj,PME (10-50),B2C,Facebook Pages,,Actif,2026-06-29T00:14:35.788597,moyenne
BJ-62FC05D5,Route Africa,Transport & Logistique,Adjara,+229 88 13 55 70,route.africa@route.africa.com,routeafrica.bj,PME (10-50),B2C,Facebook Pages,,Actif,2026-06-29T00:14:35.788621,haute
BJ-E84A2663,Groupe Transit SARL,Transport & Logistique,Adjara,+229 80 80 20 11,groupe.transit.sarl@groupe.transit.sarl.bj,,Grande (>200),B2B,Facebook Pages,,Actif,2026-06-29T00:14:35.788633,moyenne
BJ-9C086B11,Transport Aérien,Transport & Logistique,Adjara,+229 40 90 11 67,transport.aérien@transport.aérien.org,,PME (10-50),B2B,Facebook Pages,,Actif,2026-06-29T00:14:35.788645,moyenne
BJ-E50FD56C,Urgent,Transport & Logistique,Allada,+229 85 83 15 14,urgent@urgent.org,urgent.bj,Grande (>200),B2C,Facebook Pages,,Actif,2026-06-29T00:14:35.788662,haute
BJ-C30B60C7,Fret International,Transport & Logistique,Allada,+229 68 11 54 70,,fretinternational.bj,PME (10-50),B2C,Facebook Pages,,Actif,2026-06-29T00:14:35.788673,moyenne
BJ-C42DA96C,Transport Rapide International,Transport & Logistique,Allada,+229 27 66 19 54,transport.rapide.international@transport.rapide.international.net,,PME (10-50),B2B,Facebook Pages,,Actif,2026-06-29T00:14:35.788685,moyenne
BJ-E3362437,Transport Déménagement International,Transport & Logistique,Allada,+229 78 61 41 17,,,TPE (<10),B2C,Facebook Pages,,Actif,2026-06-29T00:14:35.788699,basse
BJ-6C2A7F9C,Delivery Livraison Bénin Allada,Transport & Logistique,Allada,+229 21 45 92 26,,deliverylivraisonbéninallada.bj,TPE (<10),B2C,Facebook Pages,,Actif,2026-06-29T00:14:35.788728,moyenne
BJ-5FB24C8F,Livraison Aplahoué,Transport & Logistique,Aplahoué,+229 39 74 28 32,livraison.aplahoué@livraison.aplahoué.org,,TPE (<10),B2C,Facebook Pages,,Actif,2026-06-29T00:14:35.788751,moyenne
BJ-CE09F043,Express Africa,Transport & Logistique,Aplahoué,+229 26 72 13 79,,,PME (10-50),B2C,Facebook Pages,,Actif,2026-06-29T00:14:35.788762,basse
BJ-9327C6BE,SARL Distribution,Transport & Logistique,Aplahoué,+229 23 38 54 40,sarl.distribution@sarl.distribution.org,,PME (50-200),B2B,Facebook Pages,,Actif,2026-06-29T00:14:35.788774,moyenne
BJ-A5DF2B0C,Rapide Transit SARL,Transport & Logistique,Aplahoué,+229 66 10 10 60,,,PME (10-50),B2C,Facebook Pages,,Actif,2026-06-29T00:14:35.788784,basse
BJ-44640BC5,Rapide Déménagement Delivery,Transport & Logistique,Aplahoué,+229 31 78 70 15,rapide.déménagement.delivery@rapide.déménagement.delivery.org,,TPE (<10),B2C,Facebook Pages,,Actif,2026-06-29T00:14:35.788799,moyenne
BJ-9032F53F,Express Express Dogbo-Tota,Transport & Logistique,Dogbo-Tota,+229 29 20 84 42,,,PME (10-50),B2C,Facebook Pages,,Actif,2026-06-29T00:14:35.788816,basse
BJ-6A8D542D,Distribution Dogbo-Tota,Transport & Logistique,Dogbo-Tota,+229 21 55 97 57,distribution.dogbotota@distribution.dogbotota.benin,distributiondogbotota.bj,PME (10-50),B2B,Facebook Pages,,Actif,2026-06-29T00:14:35.788829,haute
BJ-F7AD3BE9,Cargo Delivery Dogbo-Tota,Transport & Logistique,Dogbo-Tota,+229 98 70 72 33,cargo.delivery.dogbotota@cargo.delivery.dogbotota.bj,cargodeliverydogbotota.bj,PME (10-50),B2C,Facebook Pages,,Actif,2026-06-29T00:14:35.788842,haute
BJ-A4DAA051,Transport Messagerie Africa,Transport & Logistique,Dogbo-Tota,+229 32 61 35 77,transport.messagerie.africa@transport.messagerie.africa.com,,TPE (<10),B2B,Facebook Pages,,Actif,2026-06-29T00:14:35.788857,moyenne
BJ-F5B42696,Rapide Cargo Express,Transport & Logistique,Dogbo-Tota,+229 43 61 96 33,,rapidecargoexpress.bj,PME (50-200),B2B,Facebook Pages,,Actif,2026-06-29T00:14:35.788869,moyenne
BJ-9E5296D0,Logistique Livraison Bénin Kpomassè,Transport & Logistique,Kpomassè,+229 45 96 58 23,logistique.livraison.bénin.kpomassè@logistique.livraison.bénin.kpomassè.benin,logistiquelivraisonbéninkpomassè.bj,TPE (<10),B2B,Facebook Pages,,Actif,2026-06-29T00:14:35.788904,haute
BJ-2A06E423,Transport Urgent Kpomassè,Transport & Logistique,Kpomassè,+229 55 44 50 76,transport.urgent.kpomassè@transport.urgent.kpomassè.com,transporturgentkpomassè.bj,Grande (>200),B2C,Facebook Pages,,Actif,2026-06-29T00:14:35.788920,haute
BJ-FA6B390A,Logistique Express,Transport & Logistique,Kpomassè,+229 36 15 76 42,logistique.express@logistique.express.bj,logistiqueexpress.bj,TPE (<10),B2C,Facebook Pages,,Actif,2026-06-29T00:14:35.788932,haute
BJ-E94C6101,Cargo,Transport & Logistique,Kpomassè,+229 86 32 85 78,,,PME (10-50),B2B,Facebook Pages,,Actif,2026-06-29T00:14:35.788943,basse
BJ-0465E8EA,Distribution,Transport & Logistique,Kpomassè,+229 25 98 84 22,distribution@distribution.bj,distribution.bj,PME (10-50),B2B,Facebook Pages,,Actif,2026-06-29T00:14:35.788955,haute
BJ-76BE4084,Logistique Courrier Tori-Bossito,Transport & Logistique,Tori-Bossito,+229 97 27 66 99,logistique.courrier.toribossito@logistique.courrier.toribossito.org,,PME (50-200),B2B,Facebook Pages,,Actif,2026-06-29T00:14:35.788973,moyenne
BJ-751738A0,Express Courrier Transport,Transport & Logistique,Tori-Bossito,+229 24 22 96 69,,expresscourriertransport.bj,TPE (<10),B2B,Facebook Pages,,Actif,2026-06-29T00:14:35.789003,moyenne
BJ-2B18E38E,Transport Courrier,Transport & Logistique,Tori-Bossito,+229 89 44 12 62,transport.courrier@transport.courrier.com,transportcourrier.bj,PME (50-200),B2B,Facebook Pages,,Actif,2026-06-29T00:14:35.789018,haute
BJ-94267513,Fret Africa,Transport & Logistique,Tori-Bossito,+229 59 78 41 52,,fretafrica.bj,PME (10-50),B2B,Facebook Pages,,Actif,2026-06-29T00:14:35.789031,moyenne
BJ-568BA553,Urgent,Transport & Logistique,Grand-Popo,+229 73 82 41 15,urgent@urgent.net,urgent.bj,PME (10-50),B2B,Facebook Pages,,Actif,2026-06-29T00:14:35.789048,haute
BJ-3E24F769,Déménagement,Transport & Logistique,Grand-Popo,+229 27 25 39 60,déménagement@déménagement.benin,déménagement.bj,PME (50-200),B2C,Facebook Pages,,Actif,2026-06-29T00:14:35.789061,haute
BJ-5CF75E7F,Express Delivery,Transport & Logistique,Grand-Popo,+229 53 57 70 63,express.delivery@express.delivery.com,,Grande (>200),B2C,Facebook Pages,,Actif,2026-06-29T00:14:35.789073,moyenne
BJ-AF846767,Express Maritime Delivery,Transport & Logistique,Grand-Popo,+229 34 85 64 53,express.maritime.delivery@express.maritime.delivery.org,expressmaritimedelivery.bj,PME (50-200),B2B,Facebook Pages,,Actif,2026-06-29T00:14:35.789084,haute
BJ-BD5B6E3D,Delivery Aérien Bénin,Transport & Logistique,Grand-Popo,+229 26 83 42 81,delivery.aérien.bénin@delivery.aérien.bénin.benin,,TPE (<10),B2B,Facebook Pages,,Actif,2026-06-29T00:14:35.789096,moyenne
BJ-D226430E,Déménagement Athiémé,Transport & Logistique,Athiémé,+229 20 42 21 71,,,PME (50-200),B2C,Facebook Pages,,Actif,2026-06-29T00:14:35.789113,basse
BJ-CC67D5FC,SARL Fret,Transport & Logistique,Athiémé,+229 33 20 15 49,,sarlfret.bj,PME (10-50),B2B,Facebook Pages,,Actif,2026-06-29T00:14:35.789125,moyenne
BJ-F73FEAFF,Rapide Express Express,Transport & Logistique,Athiémé,+229 52 93 72 90,rapide.express.express@rapide.express.express.net,,PME (10-50),B2B,Facebook Pages,,Actif,2026-06-29T00:14:35.789136,moyenne
BJ-2A10B4EC,Transit Africa,Transport & Logistique,Athiémé,+229 72 82 65 37,,transitafrica.bj,TPE (<10),B2B,Facebook Pages,,Actif,2026-06-29T00:14:35.789151,moyenne
BJ-455E4786,Transit Express,Transport & Logistique,Athiémé,+229 82 51 84 20,transit.express@transit.express.org,,PME (50-200),B2B,Facebook Pages,,Actif,2026-06-29T00:14:35.789163,moyenne
BJ-60F86474,Express Maritime Express Bopa,Transport & Logistique,Bopa,+229 73 97 87 63,express.maritime.express.bopa@express.maritime.express.bopa.net,,PME (50-200),B2B,Facebook Pages,,Actif,2026-06-29T00:14:35.789184,moyenne
BJ-F0753686,Logistique Transit Bopa,Transport & Logistique,Bopa,+229 63 58 39 84,logistique.transit.bopa@logistique.transit.bopa.bj,,TPE (<10),B2B,Facebook Pages,,Actif,2026-06-29T00:14:35.789197,moyenne
BJ-8AD21321,Transit Bénin,Transport & Logistique,Bopa,+229 57 86 55 78,,,TPE (<10),B2C,Facebook Pages,,Actif,2026-06-29T00:14:35.789211,basse
BJ-62B9F293,Aérien,Transport & Logistique,Bopa,+229 93 61 98 85,aérien@aérien.com,aérien.bj,TPE (<10),B2B,Facebook Pages,,Actif,2026-06-29T00:14:35.789225,haute
BJ-370AC1B5,Aérien Logistique,Transport & Logistique,Bopa,+229 25 82 22 40,,,TPE (<10),B2B,Facebook Pages,,Actif,2026-06-29T00:14:35.789236,basse
BJ-CEDA994B,SARL Express,Transport & Logistique,Houéyogbé,+229 92 61 56 84,,,PME (10-50),B2C,Facebook Pages,,Actif,2026-06-29T00:14:35.789252,basse
BJ-2D903DB5,Distribution SARL,Transport & Logistique,Houéyogbé,+229 95 44 98 37,,distributionsarl.bj,TPE (<10),B2B,Facebook Pages,,Actif,2026-06-29T00:14:35.789264,moyenne
BJ-430E2FDB,Maritime Transport,Transport & Logistique,Houéyogbé,+229 25 16 24 40,maritime.transport@maritime.transport.org,maritimetransport.bj,TPE (<10),B2B,Facebook Pages,,Actif,2026-06-29T00:14:35.789276,haute
BJ-FA535DF6,Fret,Transport & Logistique,Houéyogbé,+229 86 34 59 60,,fret.bj,PME (10-50),B2C,Facebook Pages,,Actif,2026-06-29T00:14:35.789290,moyenne
BJ-F27A89DB,Rapide Express Express,Transport & Logistique,Houéyogbé,+229 84 31 71 56,rapide.express.express@rapide.express.express.org,,TPE (<10),B2B,Facebook Pages,,Actif,2026-06-29T00:14:35.789303,moyenne
BJ-5E6DE5CA,Livraison,Transport & Logistique,Malanville,+229 63 59 24 41,livraison@livraison.benin,,PME (10-50),B2C,Facebook Pages,,Actif,2026-06-29T00:14:35.789320,moyenne
BJ-339ABA42,SARL Distribution,Transport & Logistique,Malanville,+229 78 47 65 78,,sarldistribution.bj,TPE (<10),B2C,Facebook Pages,,Actif,2026-06-29T00:14:35.789332,moyenne
BJ-592C7D88,Urgent Malanville,Transport & Logistique,Malanville,+229 74 78 60 78,,,PME (50-200),B2C,Facebook Pages,,Actif,2026-06-29T00:14:35.789342,basse
BJ-57CF7DE8,Aérien,Transport & Logistique,Malanville,+229 90 95 98 83,aérien@aérien.bj,,PME (10-50),B2B,Facebook Pages,,Actif,2026-06-29T00:14:35.789354,moyenne
BJ-0E9FAC3C,SARL Aérien Transport,Transport & Logistique,Malanville,+229 51 51 24 69,,,TPE (<10),B2B,Facebook Pages,,Actif,2026-06-29T00:14:35.789365,basse
BJ-26BC1806,Fret SARL,Transport & Logistique,Kandi,+229 25 59 77 29,fret.sarl@fret.sarl.org,,PME (50-200),B2B,Facebook Pages,,Actif,2026-06-29T00:14:35.789382,moyenne
BJ-BA96E21E,Déménagement,Transport & Logistique,Kandi,+229 85 16 27 72,,déménagement.bj,TPE (<10),B2C,Facebook Pages,,Actif,2026-06-29T00:14:35.789393,moyenne
BJ-6F65071A,Groupe Messagerie International Kandi,Transport & Logistique,Kandi,+229 91 83 42 44,,,PME (10-50),B2C,Facebook Pages,,Actif,2026-06-29T00:14:35.789404,basse
BJ-19EAF2DC,Delivery Courrier,Transport & Logistique,Kandi,+229 95 84 98 13,delivery.courrier@delivery.courrier.bj,deliverycourrier.bj,PME (10-50),B2B,Facebook Pages,,Actif,2026-06-29T00:14:35.789422,haute
BJ-F9D37A95,Livraison,Transport & Logistique,Kandi,+229 74 95 64 59,livraison@livraison.org,,TPE (<10),B2C,Facebook Pages,,Actif,2026-06-29T00:14:35.789435,moyenne
BJ-F0D9B93F,Cargo Banikoara,Transport & Logistique,Banikoara,+229 89 68 63 84,cargo.banikoara@cargo.banikoara.benin,,PME (50-200),B2C,Facebook Pages,,Actif,2026-06-29T00:14:35.789453,moyenne
BJ-FC147A18,Route,Transport & Logistique,Banikoara,+229 97 70 99 60,route@route.benin,route.bj,TPE (<10),B2C,Facebook Pages,,Actif,2026-06-29T00:14:35.789466,haute
BJ-5EF91BFF,Express,Transport & Logistique,Banikoara,+229 98 43 58 52,express@express.com,express.bj,TPE (<10),B2C,Facebook Pages,,Actif,2026-06-29T00:14:35.789477,haute
BJ-9C3ED7F3,Transport Déménagement Transport,Transport & Logistique,Banikoara,+229 79 17 67 73,transport.déménagement.transport@transport.déménagement.transport.bj,,PME (50-200),B2B,Facebook Pages,,Actif,2026-06-29T00:14:35.789500,moyenne
BJ-FFD40AB8,Groupe Aérien Transport,Transport & Logistique,Ségbana,+229 76 96 19 26,,groupeaérientransport.bj,Grande (>200),B2B,Facebook Pages,,Actif,2026-06-29T00:14:35.789518,moyenne
BJ-EC0E513C,Urgent,Transport & Logistique,Ségbana,+229 88 38 37 89,urgent@urgent.org,,PME (50-200),B2B,Facebook Pages,,Actif,2026-06-29T00:14:35.789530,moyenne
BJ-323A86C1,Urgent Transport,Transport & Logistique,Ségbana,+229 56 85 65 80,urgent.transport@urgent.transport.com,,TPE (<10),B2B,Facebook Pages,,Actif,2026-06-29T00:14:35.789541,moyenne
BJ-EC57AF77,Déménagement,Transport & Logistique,Ségbana,+229 82 79 68 79,,déménagement.bj,PME (10-50),B2C,Facebook Pages,,Actif,2026-06-29T00:14:35.789556,moyenne
BJ-0D3FA3CD,Groupe Courrier,Transport & Logistique,Karimama,+229 72 56 62 73,,groupecourrier.bj,PME (10-50),B2C,Facebook Pages,,Actif,2026-06-29T00:14:35.789586,moyenne
BJ-D7BA3EB9,Delivery Urgent Bénin,Transport & Logistique,Karimama,+229 98 39 75 20,,,TPE (<10),B2C,Facebook Pages,,Actif,2026-06-29T00:14:35.789601,basse
BJ-0A554ACF,Déménagement,Transport & Logistique,Karimama,+229 30 47 91 98,déménagement@déménagement.com,déménagement.bj,TPE (<10),B2C,Facebook Pages,,Actif,2026-06-29T00:14:35.789613,haute
BJ-BE37F5A3,Logistique Aérien Express,Transport & Logistique,Karimama,+229 33 25 11 80,,logistiqueaérienexpress.bj,PME (10-50),B2B,Facebook Pages,,Actif,2026-06-29T00:14:35.789626,moyenne
BJ-48E77720,Logistique Route,Transport & Logistique,Karimama,+229 81 19 61 99,,,PME (50-200),B2B,Facebook Pages,,Actif,2026-06-29T00:14:35.789642,basse
BJ-20076299,Delivery Rapide Africa,Transport & Logistique,Gogounou,+229 33 69 73 12,delivery.rapide.africa@delivery.rapide.africa.net,deliveryrapideafrica.bj,TPE (<10),B2B,Facebook Pages,,Actif,2026-06-29T00:14:35.789661,haute
BJ-7D2DC405,Delivery Express,Transport & Logistique,Gogounou,+229 40 75 26 98,delivery.express@delivery.express.net,deliveryexpress.bj,PME (10-50),B2C,Facebook Pages,,Actif,2026-06-29T00:14:35.789673,haute
BJ-5807217C,Rapide Messagerie Express Gogounou,Transport & Logistique,Gogounou,+229 21 41 94 88,,rapidemessagerieexpressgogounou.bj,TPE (<10),B2B,Facebook Pages,,Actif,2026-06-29T00:14:35.789684,moyenne
BJ-1983480A,Fret Delivery Gogounou,Transport & Logistique,Gogounou,+229 81 33 98 43,fret.delivery.gogounou@fret.delivery.gogounou.org,fretdeliverygogounou.bj,TPE (<10),B2C,Facebook Pages,,Actif,2026-06-29T00:14:35.789699,haute
BJ-B5549733,Livraison,Transport & Logistique,Gogounou,+229 81 89 31 92,livraison@livraison.bj,,TPE (<10),B2B,Facebook Pages,,Actif,2026-06-29T00:14:35.789711,moyenne
BJ-CB625A0D,SARL Distribution Delivery,Transport & Logistique,Cobly,+229 52 80 58 78,sarl.distribution.delivery@sarl.distribution.delivery.bj,sarldistributiondelivery.bj,PME (10-50),B2C,Facebook Pages,,Actif,2026-06-29T00:14:35.789730,haute
BJ-203160F6,SARL Transit,Transport & Logistique,Cobly,+229 73 86 65 77,,sarltransit.bj,TPE (<10),B2C,Facebook Pages,,Actif,2026-06-29T00:14:35.789741,moyenne
BJ-E1D1C383,Delivery Rapide,Transport & Logistique,Cobly,+229 66 38 70 95,,,PME (10-50),B2C,Facebook Pages,,Actif,2026-06-29T00:14:35.789751,basse
BJ-411D376F,Rapide Cobly,Transport & Logistique,Cobly,+229 91 76 74 46,rapide.cobly@rapide.cobly.com,,PME (10-50),B2C,Facebook Pages,,Actif,2026-06-29T00:14:35.789763,moyenne
BJ-AAE674C2,SARL Maritime Express,Transport & Logistique,Cobly,+229 61 14 47 13,,sarlmaritimeexpress.bj,PME (50-200),B2B,Facebook Pages,,Actif,2026-06-29T00:14:35.789773,moyenne
BJ-E1A24CB8,Express Courrier Delivery Tanguiéta,Transport & Logistique,Tanguiéta,+229 59 46 94 18,,,TPE (<10),B2B,Facebook Pages,,Actif,2026-06-29T00:14:35.789802,basse
BJ-B7D71107,Delivery Aérien Delivery,Transport & Logistique,Tanguiéta,+229 74 38 67 11,,,Grande (>200),B2B,Facebook Pages,,Actif,2026-06-29T00:14:35.789813,basse
BJ-1711DBED,Express Transit Express Tanguiéta,Transport & Logistique,Tanguiéta,+229 96 98 61 61,,,TPE (<10),B2B,Facebook Pages,,Actif,2026-06-29T00:14:35.789823,basse
BJ-68A172AD,Distribution Bénin,Transport & Logistique,Tanguiéta,+229 47 93 99 81,distribution.bénin@distribution.bénin.org,distributionbénin.bj,PME (50-200),B2C,Facebook Pages,,Actif,2026-06-29T00:14:35.789838,haute
BJ-A68AC0A6,Delivery Déménagement International,Transport & Logistique,Tanguiéta,+229 30 26 86 95,delivery.déménagement.international@delivery.déménagement.international.net,,Grande (>200),B2B,Facebook Pages,,Actif,2026-06-29T00:14:35.789851,moyenne
BJ-8E73D651,Distribution Matéri,Transport & Logistique,Matéri,+229 25 80 41 40,distribution.matéri@distribution.matéri.net,distributionmatéri.bj,TPE (<10),B2C,Facebook Pages,,Actif,2026-06-29T00:14:35.789875,haute
BJ-80CDD323,Messagerie International Matéri,Transport & Logistique,Matéri,+229 65 39 88 91,messagerie.international.matéri@messagerie.international.matéri.com,messagerieinternationalmatéri.bj,TPE (<10),B2B,Facebook Pages,,Actif,2026-06-29T00:14:35.789896,haute
BJ-C435DFD5,Transport Messagerie,Transport & Logistique,Matéri,+229 20 21 70 13,transport.messagerie@transport.messagerie.bj,,TPE (<10),B2B,Facebook Pages,,Actif,2026-06-29T00:14:35.789910,moyenne
BJ-58FD269D,Fret,Transport & Logistique,Matéri,+229 68 34 77 67,,fret.bj,PME (50-200),B2B,Facebook Pages,,Actif,2026-06-29T00:14:35.789921,moyenne
BJ-AA0595C5,Express Delivery,Transport & Logistique,Matéri,+229 98 77 80 38,express.delivery@express.delivery.benin,expressdelivery.bj,PME (50-200),B2B,Facebook Pages,,Actif,2026-06-29T00:14:35.789948,haute
BJ-CA3A66DA,Express Transit International Natitingou,Transport & Logistique,Natitingou,+229 42 88 18 88,express.transit.international.natitingou@express.transit.international.natitingou.com,expresstransitinternationalnatitingou.bj,TPE (<10),B2B,Facebook Pages,,Actif,2026-06-29T00:14:35.789967,haute
BJ-62525818,Delivery Route,Transport & Logistique,Natitingou,+229 92 71 75 16,delivery.route@delivery.route.com,,PME (10-50),B2C,Facebook Pages,,Actif,2026-06-29T00:14:35.789978,moyenne
BJ-040CCE4D,Logistique Urgent,Transport & Logistique,Natitingou,+229 39 93 21 96,,logistiqueurgent.bj,PME (10-50),B2B,Facebook Pages,,Actif,2026-06-29T00:14:35.789989,moyenne
BJ-CEAFDB31,Logistique Fret Transport,Transport & Logistique,Natitingou,+229 41 50 42 59,,,PME (10-50),B2C,Facebook Pages,,Actif,2026-06-29T00:14:35.790003,basse
BJ-2FDA6ABC,Rapide Express,Transport & Logistique,Natitingou,+229 46 65 50 46,rapide.express@rapide.express.net,,TPE (<10),B2C,Facebook Pages,,Actif,2026-06-29T00:14:35.790014,moyenne
BJ-0D6CA352,Livraison,Transport & Logistique,Toucountouna,+229 49 41 34 19,livraison@livraison.bj,livraison.bj,PME (10-50),B2B,Facebook Pages,,Actif,2026-06-29T00:14:35.790035,haute
BJ-DDB9FFF0,Express Distribution Transport,Transport & Logistique,Toucountouna,+229 49 25 52 29,express.distribution.transport@express.distribution.transport.net,,TPE (<10),B2C,Facebook Pages,,Actif,2026-06-29T00:14:35.790047,moyenne
BJ-F448DEFB,Cargo,Transport & Logistique,Toucountouna,+229 75 59 99 96,cargo@cargo.bj,cargo.bj,PME (50-200),B2B,Facebook Pages,,Actif,2026-06-29T00:14:35.790058,haute
BJ-473869D1,Rapide International,Transport & Logistique,Toucountouna,+229 72 27 34 69,rapide.international@rapide.international.net,rapideinternational.bj,TPE (<10),B2B,Facebook Pages,,Actif,2026-06-29T00:14:35.790070,haute
BJ-BF634A3C,Maritime Express,Transport & Logistique,Boukoumbé,+229 93 62 62 42,maritime.express@maritime.express.bj,,PME (10-50),B2B,Facebook Pages,,Actif,2026-06-29T00:14:35.790101,moyenne
BJ-4CF7B381,Cargo Boukoumbé,Transport & Logistique,Boukoumbé,+229 49 51 62 19,cargo.boukoumbé@cargo.boukoumbé.org,,PME (10-50),B2C,Facebook Pages,,Actif,2026-06-29T00:14:35.790113,moyenne
BJ-7078BE08,Transit Delivery,Transport & Logistique,Boukoumbé,+229 93 90 85 28,transit.delivery@transit.delivery.benin,,PME (10-50),B2C,Facebook Pages,,Actif,2026-06-29T00:14:35.790124,moyenne
BJ-65564B55,Express,Transport & Logistique,Boukoumbé,+229 63 37 44 98,express@express.benin,express.bj,TPE (<10),B2B,Facebook Pages,,Actif,2026-06-29T00:14:35.790138,haute
BJ-08880F4F,Delivery Cargo Delivery Boukoumbé,Transport & Logistique,Boukoumbé,+229 91 96 31 34,,,TPE (<10),B2B,Facebook Pages,,Actif,2026-06-29T00:14:35.790149,basse
BJ-10577494,Transit,Transport & Logistique,Kouandé,+229 92 28 34 59,,,PME (50-200),B2B,Facebook Pages,,Actif,2026-06-29T00:14:35.790165,basse
BJ-E520A361,Transport Rapide Bénin,Transport & Logistique,Kouandé,+229 60 12 67 53,,,Grande (>200),B2C,Facebook Pages,,Actif,2026-06-29T00:14:35.790175,basse
BJ-BB89A2F9,SARL Urgent,Transport & Logistique,Kouandé,+229 75 22 12 78,sarl.urgent@sarl.urgent.org,,PME (10-50),B2C,Facebook Pages,,Actif,2026-06-29T00:14:35.790186,moyenne
BJ-D9F30C83,Messagerie,Transport & Logistique,Kouandé,+229 61 79 24 20,,,TPE (<10),B2C,Facebook Pages,,Actif,2026-06-29T00:14:35.790197,basse
BJ-6BC58FC1,Logistique Courrier,Transport & Logistique,Kouandé,+229 98 94 81 85,logistique.courrier@logistique.courrier.bj,,PME (50-200),B2C,Facebook Pages,,Actif,2026-06-29T00:14:35.790207,moyenne
BJ-632CF0C0,Express Déménagement,Transport & Logistique,Péhunco,+229 62 79 78 90,,expressdéménagement.bj,TPE (<10),B2C,Facebook Pages,,Actif,2026-06-29T00:14:35.790234,moyenne
BJ-C46E393E,Delivery Route Africa,Transport & Logistique,Péhunco,+229 39 18 97 18,delivery.route.africa@delivery.route.africa.org,,TPE (<10),B2C,Facebook Pages,,Actif,2026-06-29T00:14:35.790244,moyenne
BJ-AAB62A40,Transit,Transport & Logistique,Péhunco,+229 73 66 75 22,,,TPE (<10),B2C,Facebook Pages,,Actif,2026-06-29T00:14:35.790258,basse
BJ-A32349A1,Cargo SARL,Transport & Logistique,Péhunco,+229 97 17 75 39,cargo.sarl@cargo.sarl.org,cargosarl.bj,PME (50-200),B2C,Facebook Pages,,Actif,2026-06-29T00:14:35.790270,haute
BJ-EBCE8BC0,Aérien,Transport & Logistique,Tchaourou,+229 60 68 86 21,aérien@aérien.net,aérien.bj,TPE (<10),B2C,Facebook Pages,,Actif,2026-06-29T00:14:35.790288,haute
BJ-A197DE5B,Rapide,Transport & Logistique,Tchaourou,+229 86 83 93 49,rapide@rapide.com,rapide.bj,TPE (<10),B2B,Facebook Pages,,Actif,2026-06-29T00:14:35.790303,haute
BJ-C1B39220,Groupe Maritime Delivery Tchaourou,Transport & Logistique,Tchaourou,+229 23 50 76 55,groupe.maritime.delivery.tchaourou@groupe.maritime.delivery.tchaourou.com,,PME (50-200),B2C,Facebook Pages,,Actif,2026-06-29T00:14:35.790315,moyenne
BJ-37F0D45F,Express Africa Tchaourou,Transport & Logistique,Tchaourou,+229 95 53 35 81,,expressafricatchaourou.bj,Grande (>200),B2B,Facebook Pages,,Actif,2026-06-29T00:14:35.790326,moyenne
BJ-D70DADF2,Maritime,Transport & Logistique,Tchaourou,+229 73 13 27 56,,maritime.bj,PME (50-200),B2B,Facebook Pages,,Actif,2026-06-29T00:14:35.790337,moyenne
BJ-9F03A692,Express Rapide Logistique,Transport & Logistique,Nikki,+229 85 26 89 26,express.rapide.logistique@express.rapide.logistique.benin,,Grande (>200),B2B,Facebook Pages,,Actif,2026-06-29T00:14:35.790355,moyenne
BJ-53789851,Rapide Route Transport,Transport & Logistique,Nikki,+229 35 74 25 60,rapide.route.transport@rapide.route.transport.net,rapideroutetransport.bj,TPE (<10),B2C,Facebook Pages,,Actif,2026-06-29T00:14:35.790366,haute
BJ-B8C90D3D,Delivery Messagerie Delivery,Transport & Logistique,Nikki,+229 47 96 36 83,delivery.messagerie.delivery@delivery.messagerie.delivery.bj,,PME (10-50),B2B,Facebook Pages,,Actif,2026-06-29T00:14:35.790377,moyenne
BJ-3EF57343,Déménagement,Transport & Logistique,Nikki,+229 45 58 19 12,déménagement@déménagement.com,,PME (10-50),B2C,Facebook Pages,,Actif,2026-06-29T00:14:35.790395,moyenne
BJ-6725A7A9,Express,Transport & Logistique,Nikki,+229 33 43 92 97,,,PME (10-50),B2C,Facebook Pages,,Actif,2026-06-29T00:14:35.790405,basse
BJ-FE93540B,SARL Aérien Bénin,Transport & Logistique,Bembéréké,+229 61 86 45 65,sarl.aérien.bénin@sarl.aérien.bénin.org,,TPE (<10),B2C,Facebook Pages,,Actif,2026-06-29T00:14:35.790423,moyenne
BJ-B0C85EEA,Delivery Maritime Africa,Transport & Logistique,Bembéréké,+229 90 58 86 69,,,TPE (<10),B2B,Facebook Pages,,Actif,2026-06-29T00:14:35.790433,basse
BJ-5C654E05,Logistique Fret,Transport & Logistique,Bembéréké,+229 58 99 41 71,logistique.fret@logistique.fret.benin,logistiquefret.bj,Grande (>200),B2C,Facebook Pages,,Actif,2026-06-29T00:14:35.790445,haute
BJ-6A441756,Groupe Courrier Logistique,Transport & Logistique,Bembéréké,+229 27 95 68 56,,groupecourrierlogistique.bj,Grande (>200),B2C,Facebook Pages,,Actif,2026-06-29T00:14:35.790456,moyenne
BJ-1084E2E7,Transport Transit,Transport & Logistique,Bembéréké,+229 48 31 25 17,,,PME (10-50),B2B,Facebook Pages,,Actif,2026-06-29T00:14:35.790466,basse
BJ-0BD797EE,Messagerie Kalalé,Transport & Logistique,Kalalé,+229 41 45 62 73,messagerie.kalalé@messagerie.kalalé.benin,messageriekalalé.bj,TPE (<10),B2B,Facebook Pages,,Actif,2026-06-29T00:14:35.790484,haute
BJ-4D78473D,Déménagement Bénin,Transport & Logistique,Kalalé,+229 54 11 28 93,,déménagementbénin.bj,PME (10-50),B2B,Facebook Pages,,Actif,2026-06-29T00:14:35.790495,moyenne
BJ-445058D2,Urgent Express,Transport & Logistique,Kalalé,+229 34 93 43 41,urgent.express@urgent.express.net,urgentexpress.bj,PME (50-200),B2C,Facebook Pages,,Actif,2026-06-29T00:14:35.790507,haute
BJ-9192154E,Express Messagerie Kalalé,Transport & Logistique,Kalalé,+229 50 60 67 20,,,TPE (<10),B2C,Facebook Pages,,Actif,2026-06-29T00:14:35.790524,basse
BJ-F6F6F986,Fret,Transport & Logistique,Kalalé,+229 66 70 20 43,fret@fret.org,fret.bj,Grande (>200),B2B,Facebook Pages,,Actif,2026-06-29T00:14:35.790536,haute
BJ-35F588B8,Déménagement SARL,Transport & Logistique,Ndali,+229 61 98 26 64,,,PME (10-50),B2C,Facebook Pages,,Actif,2026-06-29T00:14:35.790552,basse
BJ-6C41A6BC,Fret,Transport & Logistique,Ndali,+229 48 18 44 66,,fret.bj,TPE (<10),B2B,Facebook Pages,,Actif,2026-06-29T00:14:35.790562,moyenne
BJ-45274599,Messagerie,Transport & Logistique,Ndali,+229 32 44 18 82,messagerie@messagerie.bj,messagerie.bj,PME (10-50),B2B,Facebook Pages,,Actif,2026-06-29T00:14:35.790574,haute
BJ-9019E36A,Express Rapide Bénin,Transport & Logistique,Ndali,+229 49 42 11 47,express.rapide.bénin@express.rapide.bénin.bj,expressrapidebénin.bj,TPE (<10),B2C,Facebook Pages,,Actif,2026-06-29T00:14:35.790586,haute
BJ-121A3CE8,Route,Transport & Logistique,Ndali,+229 63 89 88 67,,,PME (50-200),B2C,Facebook Pages,,Actif,2026-06-29T00:14:35.790596,basse
BJ-9E700945,Distribution Transport,Transport & Logistique,Ségbana,+229 88 94 14 51,,,TPE (<10),B2C,Facebook Pages,,Actif,2026-06-29T00:14:35.790611,basse
BJ-6225B3EF,Express,Transport & Logistique,Ségbana,+229 95 60 98 17,,,TPE (<10),B2C,Facebook Pages,,Actif,2026-06-29T00:14:35.790622,basse
BJ-CFB73A20,Rapide,Transport & Logistique,Ségbana,+229 74 70 48 50,rapide@rapide.benin,rapide.bj,PME (50-200),B2C,Facebook Pages,,Actif,2026-06-29T00:14:35.790633,haute
BJ-77D2D320,SARL Cargo,Transport & Logistique,Ségbana,+229 76 84 37 28,sarl.cargo@sarl.cargo.benin,sarlcargo.bj,TPE (<10),B2B,Facebook Pages,,Actif,2026-06-29T00:14:35.790648,haute
BJ-4FD5A33F,Messagerie,Transport & Logistique,Ségbana,+229 36 79 33 62,messagerie@messagerie.net,messagerie.bj,TPE (<10),B2B,Facebook Pages,,Actif,2026-06-29T00:14:35.790659,haute
BJ-9558D5AD,Route,Transport & Logistique,Tchaourou,+229 77 24 22 89,,,PME (10-50),B2C,Facebook Pages,,Actif,2026-06-29T00:14:35.790676,basse
BJ-6AF29C23,Transport Rapide,Transport & Logistique,Tchaourou,+229 83 20 90 99,transport.rapide@transport.rapide.bj,,TPE (<10),B2B,Facebook Pages,,Actif,2026-06-29T00:14:35.790687,moyenne
BJ-49B6FFF9,Groupe Distribution Transport,Transport & Logistique,Tchaourou,+229 52 49 71 34,groupe.distribution.transport@groupe.distribution.transport.org,,PME (50-200),B2B,Facebook Pages,,Actif,2026-06-29T00:14:35.790698,moyenne
BJ-A564342B,SARL Courrier Delivery,Transport & Logistique,Tchaourou,+229 25 73 32 22,,sarlcourrierdelivery.bj,TPE (<10),B2C,Facebook Pages,,Actif,2026-06-29T00:14:35.790709,moyenne
BJ-69DDFFAB,Livraison,Transport & Logistique,Tchaourou,+229 41 97 11 37,livraison@livraison.com,livraison.bj,Grande (>200),B2C,Facebook Pages,,Actif,2026-06-29T00:14:35.790723,haute
BJ-8B734F52,Fret,Transport & Logistique,Bétérou,+229 97 83 86 88,,fret.bj,TPE (<10),B2B,Facebook Pages,,Actif,2026-06-29T00:14:35.790739,moyenne
BJ-1EA22445,SARL Maritime International,Transport & Logistique,Bétérou,+229 45 95 52 50,sarl.maritime.international@sarl.maritime.international.benin,,TPE (<10),B2B,Facebook Pages,,Actif,2026-06-29T00:14:35.790753,moyenne
BJ-CC4C35B2,Déménagement,Transport & Logistique,Bétérou,+229 30 95 97 91,,déménagement.bj,TPE (<10),B2B,Facebook Pages,,Actif,2026-06-29T00:14:35.790765,moyenne
BJ-A4372A17,SARL Route Transport Bétérou,Transport & Logistique,Bétérou,+229 52 94 36 78,sarl.route.transport.bétérou@sarl.route.transport.bétérou.benin,sarlroutetransportbétérou.bj,PME (10-50),B2B,Facebook Pages,,Actif,2026-06-29T00:14:35.790780,haute
BJ-A5CF9036,Transport Express Africa Bétérou,Transport & Logistique,Bétérou,+229 27 76 62 28,transport.express.africa.bétérou@transport.express.africa.bétérou.net,transportexpressafricabétérou.bj,PME (50-200),B2B,Facebook Pages,,Actif,2026-06-29T00:14:35.790796,haute
BJ-467958F9,SARL Route,Transport & Logistique,Ouessè,+229 26 86 73 55,sarl.route@sarl.route.net,sarlroute.bj,TPE (<10),B2B,Facebook Pages,,Actif,2026-06-29T00:14:35.790813,haute
BJ-62264C9D,Delivery Distribution Express,Transport & Logistique,Ouessè,+229 69 75 46 71,,deliverydistributionexpress.bj,PME (50-200),B2B,Facebook Pages,,Actif,2026-06-29T00:14:35.790835,moyenne
BJ-3155AFBF,Express Fret Bénin,Transport & Logistique,Ouessè,+229 54 20 65 65,express.fret.bénin@express.fret.bénin.com,expressfretbénin.bj,PME (10-50),B2B,Facebook Pages,,Actif,2026-06-29T00:14:35.790847,haute
BJ-56ACC341,Transit Bénin,Transport & Logistique,Ouessè,+229 65 59 30 69,,,Grande (>200),B2C,Facebook Pages,,Actif,2026-06-29T00:14:35.790857,basse
BJ-AC2C56EC,Logistique Urgent Delivery,Transport & Logistique,Glazoué,+229 45 61 92 60,logistique.urgent.delivery@logistique.urgent.delivery.com,logistiqueurgentdelivery.bj,PME (10-50),B2B,Facebook Pages,,Actif,2026-06-29T00:14:35.790874,haute
BJ-AC21F37B,Déménagement Africa,Transport & Logistique,Glazoué,+229 42 68 33 66,,déménagementafrica.bj,TPE (<10),B2B,Facebook Pages,,Actif,2026-06-29T00:14:35.790931,moyenne
BJ-D1537BF5,Transport Maritime Bénin,Transport & Logistique,Dassa-Zoumè,+229 69 54 57 38,transport.maritime.bénin@transport.maritime.bénin.com,transportmaritimebénin.bj,PME (10-50),B2C,Facebook Pages,,Actif,2026-06-29T00:14:35.790950,haute
BJ-37B168AC,SARL Aérien Transport,Transport & Logistique,Dassa-Zoumè,+229 61 54 38 99,,sarlaérientransport.bj,PME (10-50),B2C,Facebook Pages,,Actif,2026-06-29T00:14:35.790961,moyenne
BJ-06B73A8F,Delivery Aérien International,Transport & Logistique,Dassa-Zoumè,+229 47 21 53 91,delivery.aérien.international@delivery.aérien.international.org,,TPE (<10),B2C,Facebook Pages,,Actif,2026-06-29T00:14:35.790976,moyenne
BJ-5A474861,Express Logistique,Transport & Logistique,Dassa-Zoumè,+229 40 91 71 74,express.logistique@express.logistique.bj,,TPE (<10),B2C,Facebook Pages,,Actif,2026-06-29T00:14:35.790987,moyenne
BJ-147A23CC,Maritime,Transport & Logistique,Dassa-Zoumè,+229 77 15 13 13,,,PME (50-200),B2C,Facebook Pages,,Actif,2026-06-29T00:14:35.790997,basse
BJ-6D35E6F2,Aérien Bénin,Transport & Logistique,Savalou,+229 27 30 92 33,,,TPE (<10),B2B,Facebook Pages,,Actif,2026-06-29T00:14:35.791013,basse
BJ-E9B03904,Transport Distribution,Transport & Logistique,Savalou,+229 51 13 43 87,transport.distribution@transport.distribution.net,transportdistribution.bj,TPE (<10),B2B,Facebook Pages,,Actif,2026-06-29T00:14:35.791025,haute
BJ-F4B0CA58,Rapide Aérien Savalou,Transport & Logistique,Savalou,+229 85 45 70 20,rapide.aérien.savalou@rapide.aérien.savalou.benin,rapideaériensavalou.bj,TPE (<10),B2B,Facebook Pages,,Actif,2026-06-29T00:14:35.791037,haute
BJ-8043AC0F,Rapide Rapide,Transport & Logistique,Savalou,+229 64 99 25 88,rapide.rapide@rapide.rapide.com,,PME (10-50),B2C,Facebook Pages,,Actif,2026-06-29T00:14:35.791052,moyenne
BJ-22A0E5BE,Distribution,Transport & Logistique,Savalou,+229 80 21 96 86,,,TPE (<10),B2C,Facebook Pages,,Actif,2026-06-29T00:14:35.791063,basse
BJ-6687D0EF,Distribution Delivery,Transport & Logistique,Bantè,+229 44 73 53 87,,distributiondelivery.bj,PME (10-50),B2C,Facebook Pages,,Actif,2026-06-29T00:14:35.791079,moyenne
BJ-ED6B25C4,Cargo,Transport & Logistique,Bantè,+229 22 24 67 60,cargo@cargo.bj,,TPE (<10),B2B,Facebook Pages,,Actif,2026-06-29T00:14:35.791090,moyenne
BJ-36778ED2,SARL Cargo Africa,Transport & Logistique,Bantè,+229 64 82 65 94,,sarlcargoafrica.bj,Grande (>200),B2B,Facebook Pages,,Actif,2026-06-29T00:14:35.791101,moyenne
BJ-40337EAC,Express Urgent Logistique,Transport & Logistique,Bantè,+229 91 77 74 25,express.urgent.logistique@express.urgent.logistique.net,expressurgentlogistique.bj,PME (50-200),B2C,Facebook Pages,,Actif,2026-06-29T00:14:35.791118,haute
BJ-FD339DCA,Logistique Courrier SARL,Transport & Logistique,Bantè,+229 94 10 88 10,,logistiquecourriersarl.bj,TPE (<10),B2C,Facebook Pages,,Actif,2026-06-29T00:14:35.791129,moyenne
BJ-45BF7149,Route,Transport & Logistique,Djougou,+229 32 55 16 14,route@route.benin,,PME (10-50),B2C,Facebook Pages,,Actif,2026-06-29T00:14:35.791167,moyenne
BJ-40F16136,Logistique Urgent Express,Transport & Logistique,Djougou,+229 33 31 16 37,,,TPE (<10),B2C,Facebook Pages,,Actif,2026-06-29T00:14:35.791178,basse
BJ-0FF990BE,Transport Urgent,Transport & Logistique,Djougou,+229 69 19 60 19,,,PME (50-200),B2B,Facebook Pages,,Actif,2026-06-29T00:14:35.791188,basse
BJ-0DE186D9,Messagerie Africa,Transport & Logistique,Djougou,+229 25 67 83 12,,messagerieafrica.bj,Grande (>200),B2B,Facebook Pages,,Actif,2026-06-29T00:14:35.791205,moyenne
BJ-D324BAF5,Groupe Aérien Bénin Djougou,Transport & Logistique,Djougou,+229 95 53 35 52,groupe.aérien.bénin.djougou@groupe.aérien.bénin.djougou.org,,TPE (<10),B2C,Facebook Pages,,Actif,2026-06-29T00:14:35.791217,moyenne
BJ-B52F232F,Express Bénin Ouèssè,Transport & Logistique,Ouèssè,+229 50 68 16 65,express.bénin.ouèssè@express.bénin.ouèssè.bj,expressbéninouèssè.bj,TPE (<10),B2B,Facebook Pages,,Actif,2026-06-29T00:14:35.791236,haute
BJ-FB46D4DB,Urgent,Transport & Logistique,Ouèssè,+229 94 13 90 39,,urgent.bj,TPE (<10),B2C,Facebook Pages,,Actif,2026-06-29T00:14:35.791247,moyenne
BJ-28E8516F,Express Maritime SARL,Transport & Logistique,Ouèssè,+229 25 85 20 94,express.maritime.sarl@express.maritime.sarl.benin,expressmaritimesarl.bj,TPE (<10),B2B,Facebook Pages,,Actif,2026-06-29T00:14:35.791259,haute
BJ-732B72D1,Transit Ouèssè,Transport & Logistique,Ouèssè,+229 98 46 66 70,transit.ouèssè@transit.ouèssè.net,,PME (10-50),B2C,Facebook Pages,,Actif,2026-06-29T00:14:35.791271,moyenne
BJ-3D327C84,Delivery Transit Delivery,Transport & Logistique,Ouèssè,+229 41 41 83 89,,,PME (10-50),B2B,Facebook Pages,,Actif,2026-06-29T00:14:35.791281,basse
BJ-60682828,Cargo Transport,Transport & Logistique,Bassila,+229 21 95 53 34,,,Grande (>200),B2B,Facebook Pages,,Actif,2026-06-29T00:14:35.791296,basse
BJ-99D95433,Déménagement Bénin,Transport & Logistique,Bassila,+229 28 61 52 99,déménagement.bénin@déménagement.bénin.bj,déménagementbénin.bj,PME (10-50),B2B,Facebook Pages,,Actif,2026-06-29T00:14:35.791309,haute
BJ-CF9296AC,Fret,Transport & Logistique,Bassila,+229 80 12 45 36,fret@fret.com,,PME (10-50),B2B,Facebook Pages,,Actif,2026-06-29T00:14:35.791320,moyenne
BJ-2A720C89,Groupe Courrier Bénin Bassila,Transport & Logistique,Bassila,+229 97 65 39 97,,groupecourrierbéninbassila.bj,TPE (<10),B2C,Facebook Pages,,Actif,2026-06-29T00:14:35.791334,moyenne
BJ-C6D2A231,Delivery Rapide,Transport & Logistique,Bassila,+229 58 63 79 96,delivery.rapide@delivery.rapide.org,deliveryrapide.bj,TPE (<10),B2C,Facebook Pages,,Actif,2026-06-29T00:14:35.791347,haute
BJ-B21ED8B9,Transit,Transport & Logistique,Pehunco,+229 94 58 72 59,,,PME (10-50),B2B,Facebook Pages,,Actif,2026-06-29T00:14:35.791366,basse
BJ-ACF66077,Rapide Aérien SARL,Transport & Logistique,Pehunco,+229 32 77 55 44,,,TPE (<10),B2C,Facebook Pages,,Actif,2026-06-29T00:14:35.791376,basse
BJ-5F545351,Transport Route,Transport & Logistique,Pehunco,+229 49 85 79 63,,,TPE (<10),B2B,Facebook Pages,,Actif,2026-06-29T00:14:35.791386,basse
BJ-D565F57D,Distribution Africa,Transport & Logistique,Pehunco,+229 64 76 59 18,distribution.africa@distribution.africa.bj,distributionafrica.bj,PME (10-50),B2C,Facebook Pages,,Actif,2026-06-29T00:14:35.791411,haute
BJ-36DF629E,SARL Distribution Africa,Transport & Logistique,Copargo,+229 32 24 93 26,sarl.distribution.africa@sarl.distribution.africa.net,,PME (10-50),B2C,Facebook Pages,,Actif,2026-06-29T00:14:35.791429,moyenne
BJ-F2A9C7B2,Rapide Courrier,Transport & Logistique,Copargo,+229 73 89 41 71,,,TPE (<10),B2C,Facebook Pages,,Actif,2026-06-29T00:14:35.791439,basse
BJ-7AE7AD8D,Groupe Livraison SARL Copargo,Transport & Logistique,Copargo,+229 65 47 13 92,,,TPE (<10),B2C,Facebook Pages,,Actif,2026-06-29T00:14:35.791449,basse
BJ-CA0631DC,Aérien,Transport & Logistique,Copargo,+229 93 80 25 78,aérien@aérien.com,,PME (50-200),B2C,Facebook Pages,,Actif,2026-06-29T00:14:35.791465,moyenne
BJ-7555F20A,Express Express Copargo,Transport & Logistique,Copargo,+229 73 52 58 81,express.express.copargo@express.express.copargo.net,expressexpresscopargo.bj,PME (10-50),B2B,Facebook Pages,,Actif,2026-06-29T00:14:35.791478,haute
BJ-E873052D,Réseau SARL,Télécommunications,Cotonou,+229 96 21 38 70,réseau.sarl@réseau.sarl.benin,réseausarl.bj,TPE (<10),B2B,Facebook Pages,,Actif,2026-06-29T00:14:35.791504,haute
BJ-0ADE1A63,Télécom International,Télécommunications,Cotonou,+229 76 14 61 45,,télécominternational.bj,TPE (<10),B2B,Facebook Pages,,Actif,2026-06-29T00:14:35.791516,moyenne
BJ-2AFAEE5E,Internet Mobile,Télécommunications,Cotonou,+229 86 23 23 60,internet.mobile@internet.mobile.net,internetmobile.bj,Grande (>200),B2C,Facebook Pages,,Actif,2026-06-29T00:14:35.791527,haute
BJ-36AAB8DA,Tech Cotonou,Télécommunications,Cotonou,+229 82 45 83 83,tech.cotonou@tech.cotonou.bj,techcotonou.bj,TPE (<10),B2C,Facebook Pages,,Actif,2026-06-29T00:14:35.791539,haute
BJ-7515BDBA,Digital Telecom,Télécommunications,Cotonou,+229 39 51 56 68,digital.telecom@digital.telecom.bj,digitaltelecom.bj,PME (50-200),B2C,Facebook Pages,,Actif,2026-06-29T00:14:35.791551,haute
BJ-E8D32F72,Réseau International,Télécommunications,Abomey-Calavi,+229 41 95 14 37,,réseauinternational.bj,PME (10-50),B2C,Facebook Pages,,Actif,2026-06-29T00:14:35.791568,moyenne
BJ-4B46F8F0,Mobile,Télécommunications,Abomey-Calavi,+229 97 77 93 98,mobile@mobile.org,,TPE (<10),B2C,Facebook Pages,,Actif,2026-06-29T00:14:35.791579,moyenne
BJ-3DAAFB27,Tech,Télécommunications,Abomey-Calavi,+229 54 22 41 12,tech@tech.org,tech.bj,TPE (<10),B2B,Facebook Pages,,Actif,2026-06-29T00:14:35.791590,haute
BJ-D440B560,Réseau Connect SARL,Télécommunications,Abomey-Calavi,+229 53 70 40 35,,réseauconnectsarl.bj,PME (10-50),B2B,Facebook Pages,,Actif,2026-06-29T00:14:35.791604,moyenne
BJ-2F6CD540,Data,Télécommunications,Abomey-Calavi,+229 59 95 62 42,data@data.benin,,PME (10-50),B2C,Facebook Pages,,Actif,2026-06-29T00:14:35.791616,moyenne
BJ-31727D1C,Télécom SA,Télécommunications,Porto-Novo,+229 79 76 81 13,télécom.sa@télécom.sa.org,télécomsa.bj,TPE (<10),B2C,Facebook Pages,,Actif,2026-06-29T00:14:35.791635,haute
BJ-40E00903,Fiber Telecom,Télécommunications,Porto-Novo,+229 80 61 59 30,,fibertelecom.bj,PME (10-50),B2C,Facebook Pages,,Actif,2026-06-29T00:14:35.791649,moyenne
BJ-CA6FDDEA,Réseau Télécom,Télécommunications,Porto-Novo,+229 55 60 96 10,,réseautélécom.bj,Grande (>200),B2C,Facebook Pages,,Actif,2026-06-29T00:14:35.791660,moyenne
BJ-393CA933,Internet Wireless,Télécommunications,Porto-Novo,+229 35 55 40 64,internet.wireless@internet.wireless.net,internetwireless.bj,TPE (<10),B2B,Facebook Pages,,Actif,2026-06-29T00:14:35.791672,haute
BJ-4D576675,Digital SARL,Télécommunications,Porto-Novo,+229 48 10 86 18,digital.sarl@digital.sarl.org,,TPE (<10),B2C,Facebook Pages,,Actif,2026-06-29T00:14:35.791683,moyenne
BJ-EF5A5364,Digital Télécom Parakou,Télécommunications,Parakou,+229 84 53 88 36,,digitaltélécomparakou.bj,PME (10-50),B2C,Facebook Pages,,Actif,2026-06-29T00:14:35.791700,moyenne
BJ-CE544481,Voice Parakou,Télécommunications,Parakou,+229 48 94 39 48,voice.parakou@voice.parakou.com,,TPE (<10),B2B,Facebook Pages,,Actif,2026-06-29T00:14:35.791711,moyenne
BJ-31D41114,Tech International Parakou,Télécommunications,Parakou,+229 35 44 74 76,tech.international.parakou@tech.international.parakou.net,techinternationalparakou.bj,PME (10-50),B2C,Facebook Pages,,Actif,2026-06-29T00:14:35.791723,haute
BJ-09B738CF,Fiber Bénin,Télécommunications,Parakou,+229 22 62 75 82,fiber.bénin@fiber.bénin.bj,fiberbénin.bj,PME (50-200),B2C,Facebook Pages,,Actif,2026-06-29T00:14:35.791738,haute
BJ-F45390BE,Internet Satellite,Télécommunications,Parakou,+229 20 48 54 41,internet.satellite@internet.satellite.benin,internetsatellite.bj,TPE (<10),B2B,Facebook Pages,,Actif,2026-06-29T00:14:35.791751,haute
BJ-04C3163A,Télécom Bénin,Télécommunications,Bohicon,+229 92 55 81 50,télécom.bénin@télécom.bénin.bj,,TPE (<10),B2C,Facebook Pages,,Actif,2026-06-29T00:14:35.791780,moyenne
BJ-09D83B4D,Tech,Télécommunications,Bohicon,+229 77 32 68 27,tech@tech.bj,tech.bj,TPE (<10),B2C,Facebook Pages,,Actif,2026-06-29T00:14:35.791791,haute
BJ-5BFBF48D,Fiber,Télécommunications,Bohicon,+229 83 11 62 89,,,PME (50-200),B2C,Facebook Pages,,Actif,2026-06-29T00:14:35.791804,basse
BJ-F6EDDCFC,Connect Bénin,Télécommunications,Bohicon,+229 85 81 60 63,connect.bénin@connect.bénin.org,,PME (10-50),B2C,Facebook Pages,,Actif,2026-06-29T00:14:35.791816,moyenne
BJ-70051FFF,Internet,Télécommunications,Natitingou,+229 25 30 47 19,internet@internet.com,internet.bj,Grande (>200),B2C,Facebook Pages,,Actif,2026-06-29T00:14:35.791833,haute
BJ-E3E7E45E,Fiber,Télécommunications,Natitingou,+229 89 63 78 61,fiber@fiber.bj,fiber.bj,PME (10-50),B2C,Facebook Pages,,Actif,2026-06-29T00:14:35.791848,haute
BJ-A731A6B2,Tech SARL,Télécommunications,Natitingou,+229 76 83 71 79,,techsarl.bj,PME (10-50),B2C,Facebook Pages,,Actif,2026-06-29T00:14:35.791859,moyenne
BJ-F9CD0F0C,Télécom Wireless,Télécommunications,Natitingou,+229 48 20 84 66,,télécomwireless.bj,PME (10-50),B2B,Facebook Pages,,Actif,2026-06-29T00:14:35.791902,moyenne
BJ-86E644B8,Mobile Mobile,Télécommunications,Natitingou,+229 31 95 56 90,mobile.mobile@mobile.mobile.org,mobilemobile.bj,TPE (<10),B2B,Facebook Pages,,Actif,2026-06-29T00:14:35.791926,haute
BJ-5D88926D,Mobile Communication Africa,Télécommunications,Lokossa,+229 28 22 52 75,mobile.communication.africa@mobile.communication.africa.com,mobilecommunicationafrica.bj,TPE (<10),B2C,Facebook Pages,,Actif,2026-06-29T00:14:35.791949,haute
BJ-DF4912DD,Internet Internet,Télécommunications,Lokossa,+229 60 48 28 73,internet.internet@internet.internet.net,internetinternet.bj,PME (10-50),B2B,Facebook Pages,,Actif,2026-06-29T00:14:35.791962,haute
BJ-81129385,Digital Connect,Télécommunications,Lokossa,+229 58 42 61 24,digital.connect@digital.connect.com,digitalconnect.bj,TPE (<10),B2C,Facebook Pages,,Actif,2026-06-29T00:14:35.791975,haute
BJ-4D0E1D64,Réseau Data,Télécommunications,Lokossa,+229 59 76 67 82,réseau.data@réseau.data.net,réseaudata.bj,PME (10-50),B2B,Facebook Pages,,Actif,2026-06-29T00:14:35.791989,haute
BJ-F090DB42,Tech Telecom,Télécommunications,Lokossa,+229 76 34 45 21,,techtelecom.bj,PME (50-200),B2B,Facebook Pages,,Actif,2026-06-29T00:14:35.792000,moyenne
BJ-1259364C,Fiber,Télécommunications,Ouidah,+229 30 77 48 43,fiber@fiber.net,fiber.bj,PME (10-50),B2B,Facebook Pages,,Actif,2026-06-29T00:14:35.792018,haute
BJ-C9E5077A,Connect Tech International,Télécommunications,Ouidah,+229 76 43 58 99,connect.tech.international@connect.tech.international.org,connecttechinternational.bj,PME (50-200),B2C,Facebook Pages,,Actif,2026-06-29T00:14:35.792030,haute
BJ-9EE3A17D,Communication Ouidah,Télécommunications,Ouidah,+229 93 39 81 14,,communicationouidah.bj,PME (50-200),B2C,Facebook Pages,,Actif,2026-06-29T00:14:35.792041,moyenne
BJ-56CC4ED1,Data,Télécommunications,Ouidah,+229 32 65 79 58,,data.bj,TPE (<10),B2C,Facebook Pages,,Actif,2026-06-29T00:14:35.792055,moyenne
BJ-239696A1,Réseau Telecom,Télécommunications,Ouidah,+229 27 52 67 96,réseau.telecom@réseau.telecom.org,,PME (10-50),B2B,Facebook Pages,,Actif,2026-06-29T00:14:35.792068,moyenne
BJ-5FE349EF,Réseau Tech SA,Télécommunications,Savalou,+229 76 61 18 64,réseau.tech.sa@réseau.tech.sa.org,réseautechsa.bj,PME (10-50),B2C,Facebook Pages,,Actif,2026-06-29T00:14:35.792087,haute
BJ-1D1DFFA5,Réseau Communication Telecom,Télécommunications,Savalou,+229 49 81 67 75,réseau.communication.telecom@réseau.communication.telecom.benin,réseaucommunicationtelecom.bj,PME (10-50),B2B,Facebook Pages,,Actif,2026-06-29T00:14:35.792100,haute
BJ-5885F0F5,Connect,Télécommunications,Savalou,+229 23 79 29 57,connect@connect.net,connect.bj,PME (10-50),B2C,Facebook Pages,,Actif,2026-06-29T00:14:35.792116,haute
BJ-16AB2A8B,Mobile,Télécommunications,Savalou,+229 52 69 36 48,mobile@mobile.bj,mobile.bj,PME (10-50),B2B,Facebook Pages,,Actif,2026-06-29T00:14:35.792141,haute
BJ-B645B0FB,Digital Digital SA Dassa-Zoumè,Télécommunications,Dassa-Zoumè,+229 25 56 75 28,digital.digital.sa.dassazoumè@digital.digital.sa.dassazoumè.benin,digitaldigitalsadassazoumè.bj,TPE (<10),B2C,Facebook Pages,,Actif,2026-06-29T00:14:35.792161,haute
BJ-B47AB343,Mobile Voice,Télécommunications,Dassa-Zoumè,+229 25 76 81 42,mobile.voice@mobile.voice.benin,,TPE (<10),B2B,Facebook Pages,,Actif,2026-06-29T00:14:35.792172,moyenne
BJ-A8115275,Mobile,Télécommunications,Dassa-Zoumè,+229 49 88 79 33,mobile@mobile.com,mobile.bj,Grande (>200),B2C,Facebook Pages,,Actif,2026-06-29T00:14:35.792184,haute
BJ-FB8F4E03,Réseau,Télécommunications,Dassa-Zoumè,+229 34 89 76 47,réseau@réseau.net,réseau.bj,TPE (<10),B2C,Facebook Pages,,Actif,2026-06-29T00:14:35.792202,haute
BJ-5EE99527,Mobile Mobile Africa Dassa-Zoumè,Télécommunications,Dassa-Zoumè,+229 88 86 19 37,,,PME (50-200),B2C,Facebook Pages,,Actif,2026-06-29T00:14:35.792213,basse
BJ-9DCB08B0,Digital,Télécommunications,Kétou,+229 59 16 33 93,digital@digital.com,digital.bj,TPE (<10),B2B,Facebook Pages,,Actif,2026-06-29T00:14:35.792231,haute
BJ-8E57BA99,Connect Télécom,Télécommunications,Kétou,+229 29 14 41 46,connect.télécom@connect.télécom.com,connecttélécom.bj,PME (50-200),B2C,Facebook Pages,,Actif,2026-06-29T00:14:35.792244,haute
BJ-E7C32968,Réseau Bénin,Télécommunications,Kétou,+229 36 45 40 21,réseau.bénin@réseau.bénin.bj,réseaubénin.bj,PME (50-200),B2C,Facebook Pages,,Actif,2026-06-29T00:14:35.792258,haute
BJ-AB8C611A,Wireless Kétou,Télécommunications,Kétou,+229 52 58 53 85,wireless.kétou@wireless.kétou.org,wirelesskétou.bj,TPE (<10),B2B,Facebook Pages,,Actif,2026-06-29T00:14:35.792270,haute
BJ-A8804E7E,Digital Fiber Groupe,Télécommunications,Kétou,+229 28 50 66 38,digital.fiber.groupe@digital.fiber.groupe.bj,digitalfibergroupe.bj,Grande (>200),B2B,Facebook Pages,,Actif,2026-06-29T00:14:35.792282,haute
BJ-7C6F7EB4,Internet SARL Covè,Télécommunications,Covè,+229 47 95 38 73,,internetsarlcovè.bj,PME (50-200),B2C,Facebook Pages,,Actif,2026-06-29T00:14:35.792299,moyenne
BJ-8A9354C3,Connect,Télécommunications,Covè,+229 80 58 75 98,connect@connect.com,connect.bj,TPE (<10),B2C,Facebook Pages,,Actif,2026-06-29T00:14:35.792312,haute
BJ-F976A2DE,Digital Data,Télécommunications,Covè,+229 65 13 22 88,digital.data@digital.data.org,,PME (50-200),B2C,Facebook Pages,,Actif,2026-06-29T00:14:35.792326,moyenne
BJ-5B7D3E71,Digital Internet,Télécommunications,Covè,+229 89 39 17 68,digital.internet@digital.internet.bj,digitalinternet.bj,TPE (<10),B2B,Facebook Pages,,Actif,2026-06-29T00:14:35.792341,haute
BJ-54B27E9C,Digital,Télécommunications,Covè,+229 93 59 79 34,digital@digital.net,digital.bj,TPE (<10),B2B,Facebook Pages,,Actif,2026-06-29T00:14:35.792353,haute
BJ-2CC3BFFC,Réseau SARL,Télécommunications,Pobè,+229 68 88 83 79,,réseausarl.bj,Grande (>200),B2B,Facebook Pages,,Actif,2026-06-29T00:14:35.792370,moyenne
BJ-1F485CFC,Connect SARL,Télécommunications,Pobè,+229 20 81 33 79,connect.sarl@connect.sarl.com,connectsarl.bj,PME (50-200),B2B,Facebook Pages,,Actif,2026-06-29T00:14:35.792382,haute
BJ-8D84AA54,Digital Mobile Bénin,Télécommunications,Pobè,+229 57 92 75 22,digital.mobile.bénin@digital.mobile.bénin.benin,,PME (10-50),B2B,Facebook Pages,,Actif,2026-06-29T00:14:35.792394,moyenne
BJ-349D4D9C,Réseau Internet,Télécommunications,Pobè,+229 54 20 47 15,réseau.internet@réseau.internet.com,réseauinternet.bj,PME (10-50),B2B,Facebook Pages,,Actif,2026-06-29T00:14:35.792406,haute
BJ-B199E6C8,Connect Communication,Télécommunications,Pobè,+229 54 87 77 69,,connectcommunication.bj,PME (10-50),B2C,Facebook Pages,,Actif,2026-06-29T00:14:35.792417,moyenne
BJ-7884DC70,Voice,Télécommunications,Sakété,+229 87 36 79 15,,,PME (10-50),B2C,Facebook Pages,,Actif,2026-06-29T00:14:35.792433,basse
BJ-03ED3B3E,Digital Fiber Africa,Télécommunications,Sakété,+229 64 30 60 42,digital.fiber.africa@digital.fiber.africa.net,digitalfiberafrica.bj,TPE (<10),B2C,Facebook Pages,,Actif,2026-06-29T00:14:35.792445,haute
BJ-7EF898E9,Data,Télécommunications,Sakété,+229 79 38 58 88,,data.bj,TPE (<10),B2B,Facebook Pages,,Actif,2026-06-29T00:14:35.792455,moyenne
BJ-2F04FCE5,Tech,Télécommunications,Sakété,+229 87 80 67 43,tech@tech.org,tech.bj,Grande (>200),B2B,Facebook Pages,,Actif,2026-06-29T00:14:35.792470,haute
BJ-C14ED6CB,Connect Telecom,Télécommunications,Adjara,+229 78 15 22 83,,connecttelecom.bj,PME (10-50),B2C,Facebook Pages,,Actif,2026-06-29T00:14:35.792499,moyenne
BJ-4C5BD22C,Fiber Adjara,Télécommunications,Adjara,+229 81 39 53 97,,fiberadjara.bj,PME (10-50),B2C,Facebook Pages,,Actif,2026-06-29T00:14:35.792510,moyenne
BJ-E0C362A0,Réseau SARL,Télécommunications,Adjara,+229 52 35 10 62,réseau.sarl@réseau.sarl.benin,réseausarl.bj,PME (50-200),B2C,Facebook Pages,,Actif,2026-06-29T00:14:35.792522,haute
BJ-9FC6F636,Télécom Data Adjara,Télécommunications,Adjara,+229 20 63 22 13,télécom.data.adjara@télécom.data.adjara.org,télécomdataadjara.bj,TPE (<10),B2B,Facebook Pages,,Actif,2026-06-29T00:14:35.792554,haute
BJ-E876F667,Réseau Fiber Allada,Télécommunications,Allada,+229 39 21 20 83,,réseaufiberallada.bj,PME (10-50),B2C,Facebook Pages,,Actif,2026-06-29T00:14:35.792574,moyenne
BJ-29ADC388,Télécom Data,Télécommunications,Allada,+229 79 67 98 17,télécom.data@télécom.data.org,télécomdata.bj,TPE (<10),B2B,Facebook Pages,,Actif,2026-06-29T00:14:35.792588,haute
BJ-94D40167,Internet,Télécommunications,Allada,+229 60 73 48 31,internet@internet.com,internet.bj,PME (10-50),B2B,Facebook Pages,,Actif,2026-06-29T00:14:35.792601,haute
BJ-FF7FE822,Data,Télécommunications,Allada,+229 45 14 82 15,data@data.bj,data.bj,PME (50-200),B2C,Facebook Pages,,Actif,2026-06-29T00:14:35.792615,haute
BJ-C40311BC,Télécom Réseau Telecom,Télécommunications,Allada,+229 70 56 43 96,,télécomréseautelecom.bj,TPE (<10),B2C,Facebook Pages,,Actif,2026-06-29T00:14:35.792627,moyenne
BJ-399AD477,Digital Digital International,Télécommunications,Aplahoué,+229 72 29 20 39,digital.digital.international@digital.digital.international.benin,digitaldigitalinternational.bj,Grande (>200),B2C,Facebook Pages,,Actif,2026-06-29T00:14:35.792645,haute
BJ-4CA3946D,Fiber International,Télécommunications,Aplahoué,+229 43 79 35 94,fiber.international@fiber.international.bj,,PME (10-50),B2C,Facebook Pages,,Actif,2026-06-29T00:14:35.792657,moyenne
BJ-4333A72B,Voice SA Aplahoué,Télécommunications,Aplahoué,+229 61 72 40 98,voice.sa.aplahoué@voice.sa.aplahoué.benin,voicesaaplahoué.bj,TPE (<10),B2C,Facebook Pages,,Actif,2026-06-29T00:14:35.792670,haute
BJ-9933AF73,Mobile,Télécommunications,Aplahoué,+229 46 59 41 28,mobile@mobile.com,mobile.bj,Grande (>200),B2C,Facebook Pages,,Actif,2026-06-29T00:14:35.792686,haute
BJ-9167ED58,Télécom Réseau,Télécommunications,Aplahoué,+229 37 55 99 15,télécom.réseau@télécom.réseau.net,télécomréseau.bj,PME (50-200),B2B,Facebook Pages,,Actif,2026-06-29T00:14:35.792699,haute
BJ-EAA5D1F6,Connect,Télécommunications,Dogbo-Tota,+229 46 67 94 88,,,PME (50-200),B2C,Facebook Pages,,Actif,2026-06-29T00:14:35.792715,basse
BJ-4BBE5EF6,Digital Mobile International,Télécommunications,Dogbo-Tota,+229 61 12 60 13,digital.mobile.international@digital.mobile.international.benin,,TPE (<10),B2C,Facebook Pages,,Actif,2026-06-29T00:14:35.792726,moyenne
BJ-E7B32CE8,Réseau Télécom,Télécommunications,Dogbo-Tota,+229 35 16 54 93,réseau.télécom@réseau.télécom.com,réseautélécom.bj,TPE (<10),B2B,Facebook Pages,,Actif,2026-06-29T00:14:35.792738,haute
BJ-4A1926D3,Data Dogbo-Tota,Télécommunications,Dogbo-Tota,+229 27 79 73 40,data.dogbotota@data.dogbotota.com,,PME (50-200),B2C,Facebook Pages,,Actif,2026-06-29T00:14:35.792753,moyenne
BJ-45ECD352,Mobile Voice Bénin,Télécommunications,Dogbo-Tota,+229 95 72 68 32,mobile.voice.bénin@mobile.voice.bénin.org,,PME (10-50),B2B,Facebook Pages,,Actif,2026-06-29T00:14:35.792769,moyenne
BJ-3C3B0873,Tech SARL,Télécommunications,Kpomassè,+229 34 10 87 27,tech.sarl@tech.sarl.benin,techsarl.bj,TPE (<10),B2C,Facebook Pages,,Actif,2026-06-29T00:14:35.792787,haute
BJ-256A04D2,Data,Télécommunications,Kpomassè,+229 24 20 92 91,data@data.org,,TPE (<10),B2C,Facebook Pages,,Actif,2026-06-29T00:14:35.792799,moyenne
BJ-42A1CA6B,Internet Wireless Africa,Télécommunications,Kpomassè,+229 82 73 43 41,internet.wireless.africa@internet.wireless.africa.org,,TPE (<10),B2B,Facebook Pages,,Actif,2026-06-29T00:14:35.792810,moyenne
BJ-44A65DB3,Data Telecom,Télécommunications,Kpomassè,+229 44 70 17 97,data.telecom@data.telecom.bj,datatelecom.bj,PME (10-50),B2B,Facebook Pages,,Actif,2026-06-29T00:14:35.792835,haute
BJ-99F73E38,Réseau,Télécommunications,Tori-Bossito,+229 42 77 11 46,réseau@réseau.bj,réseau.bj,TPE (<10),B2C,Facebook Pages,,Actif,2026-06-29T00:14:35.792856,haute
BJ-D1002819,Internet Bénin,Télécommunications,Tori-Bossito,+229 98 44 82 65,internet.bénin@internet.bénin.net,internetbénin.bj,PME (10-50),B2B,Facebook Pages,,Actif,2026-06-29T00:14:35.792872,haute
BJ-6FE7F0FF,Télécom Data,Télécommunications,Tori-Bossito,+229 45 78 90 63,télécom.data@télécom.data.bj,télécomdata.bj,TPE (<10),B2C,Facebook Pages,,Actif,2026-06-29T00:14:35.792885,haute
BJ-B0D2A662,Voice Tori-Bossito,Télécommunications,Tori-Bossito,+229 25 12 43 65,,voicetoribossito.bj,TPE (<10),B2B,Facebook Pages,,Actif,2026-06-29T00:14:35.792913,moyenne
BJ-7AB5A2F9,Connect Mobile,Télécommunications,Tori-Bossito,+229 40 13 44 68,connect.mobile@connect.mobile.org,connectmobile.bj,PME (50-200),B2C,Facebook Pages,,Actif,2026-06-29T00:14:35.792926,haute
BJ-03D3AA79,Réseau Digital,Télécommunications,Grand-Popo,+229 23 60 72 10,réseau.digital@réseau.digital.net,réseaudigital.bj,TPE (<10),B2B,Facebook Pages,,Actif,2026-06-29T00:14:35.792945,haute
BJ-7448141D,Connect,Télécommunications,Grand-Popo,+229 60 70 38 78,connect@connect.net,connect.bj,TPE (<10),B2C,Facebook Pages,,Actif,2026-06-29T00:14:35.792957,haute
BJ-5F6234B9,Télécom Telecom Grand-Popo,Télécommunications,Grand-Popo,+229 80 19 61 66,télécom.telecom.grandpopo@télécom.telecom.grandpopo.org,télécomtelecomgrandpopo.bj,Grande (>200),B2B,Facebook Pages,,Actif,2026-06-29T00:14:35.792971,haute
BJ-6877ED48,Réseau Wireless SA,Télécommunications,Grand-Popo,+229 63 96 40 75,réseau.wireless.sa@réseau.wireless.sa.benin,,Grande (>200),B2C,Facebook Pages,,Actif,2026-06-29T00:14:35.792982,moyenne
BJ-D98FA511,Mobile Télécom,Télécommunications,Grand-Popo,+229 94 56 27 90,,mobiletélécom.bj,PME (50-200),B2C,Facebook Pages,,Actif,2026-06-29T00:14:35.792994,moyenne
BJ-3809A474,Wireless,Télécommunications,Athiémé,+229 35 26 54 75,wireless@wireless.benin,,Grande (>200),B2B,Facebook Pages,,Actif,2026-06-29T00:14:35.793014,moyenne
BJ-D761FB53,Internet Télécom International,Télécommunications,Athiémé,+229 52 47 97 58,internet.télécom.international@internet.télécom.international.net,internettélécominternational.bj,PME (50-200),B2B,Facebook Pages,,Actif,2026-06-29T00:14:35.793033,haute
BJ-E5A6C16C,Connect Fiber Bénin,Télécommunications,Athiémé,+229 44 18 23 51,connect.fiber.bénin@connect.fiber.bénin.benin,connectfiberbénin.bj,TPE (<10),B2B,Facebook Pages,,Actif,2026-06-29T00:14:35.793063,haute
BJ-3C37B018,Réseau Wireless,Télécommunications,Athiémé,+229 95 19 51 50,réseau.wireless@réseau.wireless.org,réseauwireless.bj,PME (10-50),B2B,Facebook Pages,,Actif,2026-06-29T00:14:35.793090,haute
BJ-B493EC57,Internet,Télécommunications,Athiémé,+229 43 79 67 35,internet@internet.com,internet.bj,TPE (<10),B2B,Facebook Pages,,Actif,2026-06-29T00:14:35.793115,haute
BJ-65ED70BF,Data Africa,Télécommunications,Bopa,+229 45 73 97 40,data.africa@data.africa.bj,dataafrica.bj,Grande (>200),B2B,Facebook Pages,,Actif,2026-06-29T00:14:35.793137,haute
BJ-574F9140,Digital Fiber,Télécommunications,Bopa,+229 29 60 96 95,digital.fiber@digital.fiber.org,,PME (50-200),B2B,Facebook Pages,,Actif,2026-06-29T00:14:35.793150,moyenne
BJ-7236ABC0,Télécom Bénin,Télécommunications,Bopa,+229 21 66 13 47,télécom.bénin@télécom.bénin.com,,TPE (<10),B2C,Facebook Pages,,Actif,2026-06-29T00:14:35.793162,moyenne
BJ-354543AC,Communication Africa,Télécommunications,Bopa,+229 72 88 26 51,communication.africa@communication.africa.net,communicationafrica.bj,PME (50-200),B2B,Facebook Pages,,Actif,2026-06-29T00:14:35.793174,haute
BJ-FD12F3A1,Internet,Télécommunications,Bopa,+229 68 53 71 96,internet@internet.net,internet.bj,TPE (<10),B2B,Facebook Pages,,Actif,2026-06-29T00:14:35.793186,haute
BJ-055A73B6,Télécom Communication,Télécommunications,Houéyogbé,+229 71 78 23 31,,télécomcommunication.bj,Grande (>200),B2C,Facebook Pages,,Actif,2026-06-29T00:14:35.793204,moyenne
BJ-81E82E41,Mobile Fiber International,Télécommunications,Houéyogbé,+229 49 57 58 29,mobile.fiber.international@mobile.fiber.international.bj,mobilefiberinternational.bj,TPE (<10),B2C,Facebook Pages,,Actif,2026-06-29T00:14:35.793216,haute
BJ-362FE992,Télécom Wireless,Télécommunications,Houéyogbé,+229 52 47 61 74,télécom.wireless@télécom.wireless.org,télécomwireless.bj,PME (10-50),B2C,Facebook Pages,,Actif,2026-06-29T00:14:35.793229,haute
BJ-E8B97DDA,Mobile Telecom,Télécommunications,Houéyogbé,+229 42 38 76 26,,,Grande (>200),B2B,Facebook Pages,,Actif,2026-06-29T00:14:35.793243,basse
BJ-AFAB9B8A,Réseau Mobile,Télécommunications,Houéyogbé,+229 99 46 43 74,réseau.mobile@réseau.mobile.bj,réseaumobile.bj,TPE (<10),B2B,Facebook Pages,,Actif,2026-06-29T00:14:35.793259,haute
BJ-423F8193,Fiber Bénin,Télécommunications,Malanville,+229 22 91 61 97,fiber.bénin@fiber.bénin.com,fiberbénin.bj,PME (10-50),B2B,Facebook Pages,,Actif,2026-06-29T00:14:35.793278,haute
BJ-26C64545,Connect,Télécommunications,Malanville,+229 61 75 38 93,connect@connect.benin,connect.bj,Grande (>200),B2C,Facebook Pages,,Actif,2026-06-29T00:14:35.793293,haute
BJ-3C1F2E3E,Digital Internet Malanville,Télécommunications,Malanville,+229 27 62 95 10,,digitalinternetmalanville.bj,TPE (<10),B2B,Facebook Pages,,Actif,2026-06-29T00:14:35.793305,moyenne
BJ-697D2244,Digital,Télécommunications,Malanville,+229 80 53 18 44,digital@digital.net,digital.bj,TPE (<10),B2B,Facebook Pages,,Actif,2026-06-29T00:14:35.793316,haute
BJ-BDD2FAE4,Connect International,Télécommunications,Malanville,+229 39 23 87 36,connect.international@connect.international.org,,TPE (<10),B2B,Facebook Pages,,Actif,2026-06-29T00:14:35.793327,moyenne
BJ-D0F844A4,Communication Telecom,Télécommunications,Kandi,+229 20 52 25 96,communication.telecom@communication.telecom.benin,,TPE (<10),B2C,Facebook Pages,,Actif,2026-06-29T00:14:35.793344,moyenne
BJ-5FA4DBA5,Communication,Télécommunications,Kandi,+229 22 15 87 18,,communication.bj,TPE (<10),B2B,Facebook Pages,,Actif,2026-06-29T00:14:35.793356,moyenne
BJ-E5B8FD28,Satellite Africa,Télécommunications,Kandi,+229 83 50 43 80,satellite.africa@satellite.africa.net,satelliteafrica.bj,PME (10-50),B2C,Facebook Pages,,Actif,2026-06-29T00:14:35.793368,haute
BJ-CF24996E,Communication Groupe Kandi,Télécommunications,Kandi,+229 92 66 52 53,communication.groupe.kandi@communication.groupe.kandi.org,communicationgroupekandi.bj,PME (10-50),B2C,Facebook Pages,,Actif,2026-06-29T00:14:35.793383,haute
BJ-343314A9,Digital Réseau Bénin,Télécommunications,Kandi,+229 24 53 13 91,,digitalréseaubénin.bj,TPE (<10),B2C,Facebook Pages,,Actif,2026-06-29T00:14:35.793395,moyenne
BJ-AFEE8D14,Télécom,Télécommunications,Banikoara,+229 46 70 82 86,télécom@télécom.bj,télécom.bj,TPE (<10),B2C,Facebook Pages,,Actif,2026-06-29T00:14:35.793414,haute
BJ-766C16A7,Télécom Connect,Télécommunications,Banikoara,+229 33 48 81 30,télécom.connect@télécom.connect.bj,télécomconnect.bj,PME (50-200),B2B,Facebook Pages,,Actif,2026-06-29T00:14:35.793427,haute
BJ-1519808C,Connect Satellite,Télécommunications,Banikoara,+229 70 35 72 61,,connectsatellite.bj,TPE (<10),B2C,Facebook Pages,,Actif,2026-06-29T00:14:35.793437,moyenne
BJ-1BB491DF,Internet Connect Banikoara,Télécommunications,Banikoara,+229 99 89 36 36,internet.connect.banikoara@internet.connect.banikoara.org,,TPE (<10),B2B,Facebook Pages,,Actif,2026-06-29T00:14:35.793449,moyenne
BJ-400A4195,Internet Réseau International,Télécommunications,Banikoara,+229 91 58 41 66,,internetréseauinternational.bj,TPE (<10),B2C,Facebook Pages,,Actif,2026-06-29T00:14:35.793461,moyenne
BJ-B9012B7A,Fiber SARL Ségbana,Télécommunications,Ségbana,+229 96 44 56 34,fiber.sarl.ségbana@fiber.sarl.ségbana.bj,fibersarlségbana.bj,PME (10-50),B2C,Facebook Pages,,Actif,2026-06-29T00:14:35.793479,haute
BJ-BB1BB26D,Internet Data Groupe,Télécommunications,Ségbana,+229 35 36 57 68,,,PME (50-200),B2B,Facebook Pages,,Actif,2026-06-29T00:14:35.793490,basse
BJ-655ACEC1,Mobile Fiber,Télécommunications,Ségbana,+229 21 13 97 16,mobile.fiber@mobile.fiber.com,mobilefiber.bj,PME (10-50),B2B,Facebook Pages,,Actif,2026-06-29T00:14:35.793502,haute
BJ-D337C6E5,Digital Data,Télécommunications,Ségbana,+229 79 46 60 65,,digitaldata.bj,TPE (<10),B2C,Facebook Pages,,Actif,2026-06-29T00:14:35.793519,moyenne
BJ-D5279340,Connect Wireless,Télécommunications,Ségbana,+229 23 91 77 74,connect.wireless@connect.wireless.net,connectwireless.bj,PME (50-200),B2C,Facebook Pages,,Actif,2026-06-29T00:14:35.793532,haute
BJ-D13933D7,Connect Télécom Telecom,Télécommunications,Karimama,+229 94 79 34 45,connect.télécom.telecom@connect.télécom.telecom.com,,TPE (<10),B2C,Facebook Pages,,Actif,2026-06-29T00:14:35.793549,moyenne
BJ-732DD89F,Connect Réseau Karimama,Télécommunications,Karimama,+229 76 56 70 22,,connectréseaukarimama.bj,TPE (<10),B2C,Facebook Pages,,Actif,2026-06-29T00:14:35.793569,moyenne
BJ-80C3C809,Digital Data,Télécommunications,Karimama,+229 31 93 22 27,digital.data@digital.data.com,,TPE (<10),B2C,Facebook Pages,,Actif,2026-06-29T00:14:35.793581,moyenne
BJ-314EBB9C,Tech,Télécommunications,Karimama,+229 30 52 96 55,tech@tech.com,,PME (50-200),B2C,Facebook Pages,,Actif,2026-06-29T00:14:35.793592,moyenne
BJ-60EC3B78,Communication,Télécommunications,Karimama,+229 23 24 27 23,communication@communication.benin,communication.bj,PME (10-50),B2C,Facebook Pages,,Actif,2026-06-29T00:14:35.793604,haute
BJ-419239EE,Internet Tech Africa,Télécommunications,Gogounou,+229 67 32 18 12,internet.tech.africa@internet.tech.africa.org,internettechafrica.bj,PME (50-200),B2C,Facebook Pages,,Actif,2026-06-29T00:14:35.793621,haute
BJ-8EC77C05,Connect Bénin,Télécommunications,Gogounou,+229 28 26 73 21,,connectbénin.bj,PME (50-200),B2C,Facebook Pages,,Actif,2026-06-29T00:14:35.793633,moyenne
BJ-3E6D663E,Tech Gogounou,Télécommunications,Gogounou,+229 79 87 11 94,tech.gogounou@tech.gogounou.com,techgogounou.bj,PME (10-50),B2C,Facebook Pages,,Actif,2026-06-29T00:14:35.793644,haute
BJ-902B9676,Internet Voice Telecom,Télécommunications,Gogounou,+229 52 38 53 35,internet.voice.telecom@internet.voice.telecom.com,internetvoicetelecom.bj,PME (10-50),B2C,Facebook Pages,,Actif,2026-06-29T00:14:35.793660,haute
BJ-486A4E18,Satellite Bénin,Télécommunications,Gogounou,+229 88 45 55 34,satellite.bénin@satellite.bénin.net,satellitebénin.bj,TPE (<10),B2B,Facebook Pages,,Actif,2026-06-29T00:14:35.793673,haute
BJ-E6545E4F,Fiber SA,Télécommunications,Cobly,+229 49 76 90 74,fiber.sa@fiber.sa.org,fibersa.bj,PME (50-200),B2B,Facebook Pages,,Actif,2026-06-29T00:14:35.793691,haute
BJ-60621C25,Connect Fiber SA,Télécommunications,Cobly,+229 62 63 12 32,connect.fiber.sa@connect.fiber.sa.bj,connectfibersa.bj,PME (50-200),B2C,Facebook Pages,,Actif,2026-06-29T00:14:35.793703,haute
BJ-498A8DEE,Tech Groupe,Télécommunications,Cobly,+229 91 90 17 57,tech.groupe@tech.groupe.bj,techgroupe.bj,PME (50-200),B2C,Facebook Pages,,Actif,2026-06-29T00:14:35.793718,haute
BJ-0F4ADC05,Connect Satellite SA,Télécommunications,Cobly,+229 76 99 33 43,,connectsatellitesa.bj,PME (10-50),B2B,Facebook Pages,,Actif,2026-06-29T00:14:35.793729,moyenne
BJ-6804B3C5,Satellite Bénin,Télécommunications,Cobly,+229 99 74 27 88,satellite.bénin@satellite.bénin.net,satellitebénin.bj,TPE (<10),B2B,Facebook Pages,,Actif,2026-06-29T00:14:35.793742,haute
BJ-CAA37ABB,Réseau Telecom,Télécommunications,Tanguiéta,+229 76 14 51 66,réseau.telecom@réseau.telecom.benin,réseautelecom.bj,TPE (<10),B2C,Facebook Pages,,Actif,2026-06-29T00:14:35.793760,haute
BJ-FDF1EA72,Tech Tanguiéta,Télécommunications,Tanguiéta,+229 65 48 70 13,tech.tanguiéta@tech.tanguiéta.benin,techtanguiéta.bj,PME (50-200),B2B,Facebook Pages,,Actif,2026-06-29T00:14:35.793785,haute
BJ-E27417D3,Digital Communication Telecom,Télécommunications,Tanguiéta,+229 66 20 57 28,digital.communication.telecom@digital.communication.telecom.bj,digitalcommunicationtelecom.bj,PME (50-200),B2B,Facebook Pages,,Actif,2026-06-29T00:14:35.793800,haute
BJ-C176FEDF,Mobile Télécom Africa,Télécommunications,Tanguiéta,+229 28 72 91 68,,mobiletélécomafrica.bj,PME (50-200),B2B,Facebook Pages,,Actif,2026-06-29T00:14:35.793812,moyenne
BJ-E626F132,Digital Digital Groupe,Télécommunications,Matéri,+229 28 58 94 17,,,PME (50-200),B2B,Facebook Pages,,Actif,2026-06-29T00:14:35.793847,basse
BJ-0AAC21FF,Mobile Satellite,Télécommunications,Matéri,+229 36 78 66 72,mobile.satellite@mobile.satellite.bj,mobilesatellite.bj,PME (10-50),B2B,Facebook Pages,,Actif,2026-06-29T00:14:35.793874,haute
BJ-4F39EE47,Mobile Internet,Télécommunications,Matéri,+229 71 18 19 76,mobile.internet@mobile.internet.bj,mobileinternet.bj,TPE (<10),B2B,Facebook Pages,,Actif,2026-06-29T00:14:35.793913,haute
BJ-54443062,Connect Matéri,Télécommunications,Matéri,+229 55 85 49 83,connect.matéri@connect.matéri.benin,connectmatéri.bj,PME (10-50),B2C,Facebook Pages,,Actif,2026-06-29T00:14:35.793944,haute
BJ-B51CFBBF,Internet Data Bénin,Télécommunications,Matéri,+229 21 59 34 67,internet.data.bénin@internet.data.bénin.bj,internetdatabénin.bj,TPE (<10),B2C,Facebook Pages,,Actif,2026-06-29T00:14:35.793974,haute
BJ-954BAF18,Fiber International,Télécommunications,Natitingou,+229 36 96 68 89,fiber.international@fiber.international.com,fiberinternational.bj,TPE (<10),B2C,Facebook Pages,,Actif,2026-06-29T00:14:35.794014,haute
BJ-D239468C,Data,Télécommunications,Natitingou,+229 70 36 98 74,data@data.benin,,TPE (<10),B2B,Facebook Pages,,Actif,2026-06-29T00:14:35.794040,moyenne
BJ-866EA049,Télécom Communication Bénin,Télécommunications,Natitingou,+229 55 75 39 79,télécom.communication.bénin@télécom.communication.bénin.net,télécomcommunicationbénin.bj,TPE (<10),B2C,Facebook Pages,,Actif,2026-06-29T00:14:35.794077,haute
BJ-66B6E8FF,Digital Satellite SARL Natitingou,Télécommunications,Natitingou,+229 79 85 60 93,digital.satellite.sarl.natitingou@digital.satellite.sarl.natitingou.benin,digitalsatellitesarlnatitingou.bj,TPE (<10),B2B,Facebook Pages,,Actif,2026-06-29T00:14:35.794112,haute
BJ-41D271BD,Mobile Bénin,Télécommunications,Natitingou,+229 67 47 43 47,mobile.bénin@mobile.bénin.com,mobilebénin.bj,PME (10-50),B2B,Facebook Pages,,Actif,2026-06-29T00:14:35.794144,haute
BJ-7FB25D75,Internet Wireless,Télécommunications,Toucountouna,+229 21 70 98 45,internet.wireless@internet.wireless.bj,,PME (50-200),B2B,Facebook Pages,,Actif,2026-06-29T00:14:35.794185,moyenne
BJ-C7EA7862,Data,Télécommunications,Toucountouna,+229 92 75 39 33,,data.bj,TPE (<10),B2B,Facebook Pages,,Actif,2026-06-29T00:14:35.794211,moyenne
BJ-A7B7A022,Réseau Groupe,Télécommunications,Toucountouna,+229 57 62 26 92,réseau.groupe@réseau.groupe.com,réseaugroupe.bj,TPE (<10),B2B,Facebook Pages,,Actif,2026-06-29T00:14:35.794246,haute
BJ-08B5E454,Connect,Télécommunications,Toucountouna,+229 66 47 92 99,,connect.bj,PME (50-200),B2C,Facebook Pages,,Actif,2026-06-29T00:14:35.794272,moyenne
BJ-EAD8793A,Télécom SARL,Télécommunications,Toucountouna,+229 38 45 78 54,télécom.sarl@télécom.sarl.bj,télécomsarl.bj,PME (10-50),B2B,Facebook Pages,,Actif,2026-06-29T00:14:35.794304,haute
BJ-D0993CF6,Voice SARL,Télécommunications,Boukoumbé,+229 64 66 52 48,,voicesarl.bj,Grande (>200),B2C,Facebook Pages,,Actif,2026-06-29T00:14:35.794341,moyenne
BJ-D48155C4,Tech Groupe,Télécommunications,Boukoumbé,+229 23 84 47 43,tech.groupe@tech.groupe.benin,,TPE (<10),B2C,Facebook Pages,,Actif,2026-06-29T00:14:35.794367,moyenne
BJ-221E89D9,Digital Africa,Télécommunications,Boukoumbé,+229 61 31 56 73,digital.africa@digital.africa.net,digitalafrica.bj,TPE (<10),B2C,Facebook Pages,,Actif,2026-06-29T00:14:35.794397,haute
BJ-7B5C0785,Connect,Télécommunications,Boukoumbé,+229 75 37 37 73,connect@connect.com,connect.bj,TPE (<10),B2B,Facebook Pages,,Actif,2026-06-29T00:14:35.794430,haute
BJ-918B7402,Télécom Tech International,Télécommunications,Boukoumbé,+229 93 21 82 84,,télécomtechinternational.bj,PME (50-200),B2C,Facebook Pages,,Actif,2026-06-29T00:14:35.794458,moyenne
BJ-0498EB42,Connect Wireless,Télécommunications,Kouandé,+229 94 94 25 35,connect.wireless@connect.wireless.com,connectwireless.bj,TPE (<10),B2C,Facebook Pages,,Actif,2026-06-29T00:14:35.794492,haute
BJ-ED84BFBD,Internet Data SARL,Télécommunications,Kouandé,+229 75 54 37 30,internet.data.sarl@internet.data.sarl.com,internetdatasarl.bj,TPE (<10),B2C,Facebook Pages,,Actif,2026-06-29T00:14:35.794514,haute
BJ-8C5FC0D9,Fiber,Télécommunications,Kouandé,+229 81 45 97 68,,fiber.bj,TPE (<10),B2B,Facebook Pages,,Actif,2026-06-29T00:14:35.794541,moyenne
BJ-02D36D25,Digital,Télécommunications,Kouandé,+229 38 40 71 80,digital@digital.bj,digital.bj,TPE (<10),B2C,Facebook Pages,,Actif,2026-06-29T00:14:35.794572,haute
BJ-28787D43,Télécom Mobile,Télécommunications,Kouandé,+229 27 27 79 41,,,TPE (<10),B2C,Facebook Pages,,Actif,2026-06-29T00:14:35.794602,basse
BJ-77D8538C,Connect Wireless,Télécommunications,Péhunco,+229 71 40 54 61,connect.wireless@connect.wireless.bj,connectwireless.bj,PME (10-50),B2B,Facebook Pages,,Actif,2026-06-29T00:14:35.794658,haute
BJ-80C828E6,Digital,Télécommunications,Péhunco,+229 83 66 21 87,digital@digital.bj,digital.bj,TPE (<10),B2B,Facebook Pages,,Actif,2026-06-29T00:14:35.794677,haute
BJ-E49D936C,Mobile Data Bénin,Télécommunications,Péhunco,+229 77 96 34 16,,mobiledatabénin.bj,TPE (<10),B2C,Facebook Pages,,Actif,2026-06-29T00:14:35.794703,moyenne
BJ-14291D86,Fiber Groupe,Télécommunications,Péhunco,+229 22 14 55 54,fiber.groupe@fiber.groupe.com,,TPE (<10),B2C,Facebook Pages,,Actif,2026-06-29T00:14:35.794725,moyenne
BJ-CCF8BC26,Fiber,Télécommunications,Tchaourou,+229 79 80 69 29,fiber@fiber.net,fiber.bj,PME (50-200),B2B,Facebook Pages,,Actif,2026-06-29T00:14:35.794757,haute
BJ-D7FCBB3A,Communication Groupe,Télécommunications,Tchaourou,+229 57 42 99 95,communication.groupe@communication.groupe.bj,,PME (50-200),B2B,Facebook Pages,,Actif,2026-06-29T00:14:35.794778,moyenne
BJ-F7D1D30D,Télécom,Télécommunications,Tchaourou,+229 75 40 28 18,télécom@télécom.bj,télécom.bj,TPE (<10),B2C,Facebook Pages,,Actif,2026-06-29T00:14:35.794805,haute
BJ-887E23E9,Télécom Data Telecom,Télécommunications,Tchaourou,+229 73 48 44 92,télécom.data.telecom@télécom.data.telecom.bj,télécomdatatelecom.bj,TPE (<10),B2C,Facebook Pages,,Actif,2026-06-29T00:14:35.794827,haute
BJ-B503CA70,Connect,Télécommunications,Tchaourou,+229 76 20 98 37,connect@connect.bj,connect.bj,TPE (<10),B2C,Facebook Pages,,Actif,2026-06-29T00:14:35.794846,haute
BJ-4BB4EAA8,Réseau,Télécommunications,Nikki,+229 49 90 44 74,,réseau.bj,TPE (<10),B2C,Facebook Pages,,Actif,2026-06-29T00:14:35.794876,moyenne
BJ-C6F12B66,Mobile Bénin,Télécommunications,Nikki,+229 92 14 92 29,mobile.bénin@mobile.bénin.net,mobilebénin.bj,PME (50-200),B2C,Facebook Pages,,Actif,2026-06-29T00:14:35.794911,haute
BJ-FAC6AEED,Mobile Satellite Nikki,Télécommunications,Nikki,+229 33 32 95 88,mobile.satellite.nikki@mobile.satellite.nikki.com,mobilesatellitenikki.bj,PME (10-50),B2C,Facebook Pages,,Actif,2026-06-29T00:14:35.794945,haute
BJ-CFC8C5D7,Mobile Fiber,Télécommunications,Nikki,+229 30 93 90 37,,mobilefiber.bj,PME (10-50),B2C,Facebook Pages,,Actif,2026-06-29T00:14:35.794981,moyenne
BJ-6635FA12,Mobile Tech International,Télécommunications,Nikki,+229 37 50 49 99,mobile.tech.international@mobile.tech.international.net,mobiletechinternational.bj,PME (50-200),B2C,Facebook Pages,,Actif,2026-06-29T00:14:35.795014,haute
BJ-6B30F29E,Télécom Fiber Africa,Télécommunications,Bembéréké,+229 96 24 95 30,,télécomfiberafrica.bj,PME (10-50),B2C,Facebook Pages,,Actif,2026-06-29T00:14:35.795053,moyenne
BJ-B532B7EA,Télécom Télécom,Télécommunications,Bembéréké,+229 60 30 59 71,télécom.télécom@télécom.télécom.benin,télécomtélécom.bj,Grande (>200),B2C,Facebook Pages,,Actif,2026-06-29T00:14:35.795077,haute
BJ-6DFD8D68,Communication Bénin,Télécommunications,Bembéréké,+229 80 69 87 64,communication.bénin@communication.bénin.net,communicationbénin.bj,TPE (<10),B2C,Facebook Pages,,Actif,2026-06-29T00:14:35.795102,haute
BJ-7E501A8E,Wireless,Télécommunications,Bembéréké,+229 81 23 65 21,wireless@wireless.net,,PME (10-50),B2C,Facebook Pages,,Actif,2026-06-29T00:14:35.795135,moyenne
BJ-ED99627B,Mobile Voice International Bembéréké,Télécommunications,Bembéréké,+229 41 50 83 78,mobile.voice.international.bembéréké@mobile.voice.international.bembéréké.org,mobilevoiceinternationalbembéréké.bj,Grande (>200),B2C,Facebook Pages,,Actif,2026-06-29T00:14:35.795171,haute
BJ-FF337978,Télécom SARL,Télécommunications,Kalalé,+229 93 25 29 18,,télécomsarl.bj,TPE (<10),B2B,Facebook Pages,,Actif,2026-06-29T00:14:35.795213,moyenne
BJ-57A44B23,Wireless SA,Télécommunications,Kalalé,+229 51 53 17 31,,wirelesssa.bj,PME (50-200),B2C,Facebook Pages,,Actif,2026-06-29T00:14:35.795238,moyenne
BJ-CB7481E2,Connect Tech International,Télécommunications,Kalalé,+229 99 12 10 52,,connecttechinternational.bj,TPE (<10),B2B,Facebook Pages,,Actif,2026-06-29T00:14:35.795263,moyenne
BJ-F1C4EAB6,Digital Wireless SARL,Télécommunications,Kalalé,+229 24 71 32 55,digital.wireless.sarl@digital.wireless.sarl.org,digitalwirelesssarl.bj,Grande (>200),B2B,Facebook Pages,,Actif,2026-06-29T00:14:35.795300,haute
BJ-F4020807,Télécom SARL Kalalé,Télécommunications,Kalalé,+229 59 21 44 34,,télécomsarlkalalé.bj,TPE (<10),B2C,Facebook Pages,,Actif,2026-06-29T00:14:35.795329,moyenne
BJ-FD28C5A6,Réseau Voice SARL,Télécommunications,Ndali,+229 30 62 49 41,réseau.voice.sarl@réseau.voice.sarl.org,réseauvoicesarl.bj,TPE (<10),B2C,Facebook Pages,,Actif,2026-06-29T00:14:35.795371,haute
BJ-85BAD309,Digital Groupe,Télécommunications,Ndali,+229 55 48 47 67,digital.groupe@digital.groupe.com,digitalgroupe.bj,TPE (<10),B2C,Facebook Pages,,Actif,2026-06-29T00:14:35.795424,haute
BJ-2D8F4CC2,Réseau Fiber Ndali,Télécommunications,Ndali,+229 26 25 21 25,réseau.fiber.ndali@réseau.fiber.ndali.net,réseaufiberndali.bj,PME (10-50),B2C,Facebook Pages,,Actif,2026-06-29T00:14:35.795460,haute
BJ-385B7E8B,Réseau Africa Ndali,Télécommunications,Ndali,+229 51 32 94 21,réseau.africa.ndali@réseau.africa.ndali.bj,réseauafricandali.bj,PME (50-200),B2C,Facebook Pages,,Actif,2026-06-29T00:14:35.795484,haute
BJ-9493EDA1,Télécom Réseau SARL,Télécommunications,Ségbana,+229 90 61 17 44,télécom.réseau.sarl@télécom.réseau.sarl.com,,PME (50-200),B2B,Facebook Pages,,Actif,2026-06-29T00:14:35.795525,moyenne
BJ-4172867B,Digital Connect Telecom,Télécommunications,Ségbana,+229 68 88 24 46,digital.connect.telecom@digital.connect.telecom.net,digitalconnecttelecom.bj,Grande (>200),B2C,Facebook Pages,,Actif,2026-06-29T00:14:35.795560,haute
BJ-A5587A58,Télécom Réseau,Télécommunications,Ségbana,+229 38 55 93 26,télécom.réseau@télécom.réseau.bj,,Grande (>200),B2B,Facebook Pages,,Actif,2026-06-29T00:14:35.795593,moyenne
BJ-FDA0DC9C,Wireless Ségbana,Télécommunications,Ségbana,+229 82 14 16 39,wireless.ségbana@wireless.ségbana.org,wirelessségbana.bj,TPE (<10),B2C,Facebook Pages,,Actif,2026-06-29T00:14:35.795627,haute
BJ-28267D1C,Mobile Télécom,Télécommunications,Ségbana,+229 71 32 69 68,mobile.télécom@mobile.télécom.bj,mobiletélécom.bj,PME (10-50),B2B,Facebook Pages,,Actif,2026-06-29T00:14:35.795658,haute
BJ-066FC994,Data International,Télécommunications,Tchaourou,+229 26 63 81 40,,datainternational.bj,Grande (>200),B2B,Facebook Pages,,Actif,2026-06-29T00:14:35.795706,moyenne
BJ-D37B5200,Télécom Tchaourou,Télécommunications,Tchaourou,+229 44 54 39 50,,télécomtchaourou.bj,TPE (<10),B2B,Facebook Pages,,Actif,2026-06-29T00:14:35.795734,moyenne
BJ-D0FF3724,Télécom Mobile Telecom Tchaourou,Télécommunications,Tchaourou,+229 51 74 15 21,télécom.mobile.telecom.tchaourou@télécom.mobile.telecom.tchaourou.benin,,Grande (>200),B2C,Facebook Pages,,Actif,2026-06-29T00:14:35.795760,moyenne
BJ-2AC3B06B,Mobile Connect Tchaourou,Télécommunications,Tchaourou,+229 28 44 10 90,mobile.connect.tchaourou@mobile.connect.tchaourou.bj,mobileconnecttchaourou.bj,TPE (<10),B2B,Facebook Pages,,Actif,2026-06-29T00:14:35.795794,haute
BJ-FE1DE3C7,Communication Tchaourou,Télécommunications,Tchaourou,+229 87 86 50 61,communication.tchaourou@communication.tchaourou.bj,,PME (10-50),B2C,Facebook Pages,,Actif,2026-06-29T00:14:35.795836,moyenne
BJ-2FD91433,Télécom Wireless International,Télécommunications,Bétérou,+229 55 68 64 26,télécom.wireless.international@télécom.wireless.international.benin,télécomwirelessinternational.bj,TPE (<10),B2C,Facebook Pages,,Actif,2026-06-29T00:14:35.795881,haute
BJ-D90EF0F9,Digital Data Africa Bétérou,Télécommunications,Bétérou,+229 99 23 11 51,digital.data.africa.bétérou@digital.data.africa.bétérou.bj,digitaldataafricabétérou.bj,TPE (<10),B2C,Facebook Pages,,Actif,2026-06-29T00:14:35.795929,haute
BJ-85C1D6D1,Connect Télécom,Télécommunications,Bétérou,+229 50 33 63 15,connect.télécom@connect.télécom.benin,connecttélécom.bj,TPE (<10),B2C,Facebook Pages,,Actif,2026-06-29T00:14:35.795960,haute
BJ-562F187D,Connect Connect Groupe,Télécommunications,Bétérou,+229 27 66 48 22,connect.connect.groupe@connect.connect.groupe.org,connectconnectgroupe.bj,PME (10-50),B2B,Facebook Pages,,Actif,2026-06-29T00:14:35.795997,haute
BJ-E38BDBA6,Digital,Télécommunications,Bétérou,+229 45 12 74 26,digital@digital.com,digital.bj,PME (10-50),B2B,Facebook Pages,,Actif,2026-06-29T00:14:35.796026,haute
BJ-3B83ACC6,Internet Mobile,Télécommunications,Ouessè,+229 56 70 49 36,,internetmobile.bj,TPE (<10),B2C,Facebook Pages,,Actif,2026-06-29T00:14:35.796068,moyenne
BJ-A9306FB6,Digital Communication Groupe,Télécommunications,Ouessè,+229 43 98 78 63,digital.communication.groupe@digital.communication.groupe.com,digitalcommunicationgroupe.bj,TPE (<10),B2C,Facebook Pages,,Actif,2026-06-29T00:14:35.796097,haute
BJ-AB4FFA1E,Voice,Télécommunications,Ouessè,+229 43 31 33 95,voice@voice.com,voice.bj,PME (10-50),B2C,Facebook Pages,,Actif,2026-06-29T00:14:35.796135,haute
BJ-101C0C42,Réseau,Télécommunications,Ouessè,+229 65 10 24 76,réseau@réseau.com,réseau.bj,PME (50-200),B2C,Facebook Pages,,Actif,2026-06-29T00:14:35.796166,haute
BJ-84F72AA6,Internet Bénin,Télécommunications,Ouessè,+229 74 36 12 87,internet.bénin@internet.bénin.com,internetbénin.bj,PME (10-50),B2B,Facebook Pages,,Actif,2026-06-29T00:14:35.796197,haute
BJ-D24C5985,Data,Télécommunications,Glazoué,+229 86 93 40 33,data@data.net,data.bj,Grande (>200),B2C,Facebook Pages,,Actif,2026-06-29T00:14:35.796242,haute
BJ-3A744297,Wireless,Télécommunications,Glazoué,+229 38 29 19 56,wireless@wireless.benin,wireless.bj,PME (10-50),B2C,Facebook Pages,,Actif,2026-06-29T00:14:35.796275,haute
BJ-392EF84C,Internet Internet,Télécommunications,Glazoué,+229 46 68 72 50,internet.internet@internet.internet.bj,,TPE (<10),B2C,Facebook Pages,,Actif,2026-06-29T00:14:35.796305,moyenne
BJ-F245BA32,Communication SARL,Télécommunications,Glazoué,+229 53 83 86 70,,communicationsarl.bj,PME (10-50),B2C,Facebook Pages,,Actif,2026-06-29T00:14:35.796344,moyenne
BJ-D47B162D,Communication Groupe,Télécommunications,Glazoué,+229 76 78 64 56,communication.groupe@communication.groupe.bj,communicationgroupe.bj,TPE (<10),B2B,Facebook Pages,,Actif,2026-06-29T00:14:35.796388,haute
BJ-7098C0D6,Connect Fiber,Télécommunications,Dassa-Zoumè,+229 68 22 79 81,connect.fiber@connect.fiber.com,connectfiber.bj,TPE (<10),B2C,Facebook Pages,,Actif,2026-06-29T00:14:35.796450,haute
BJ-DA124E2E,Digital,Télécommunications,Dassa-Zoumè,+229 27 64 20 59,digital@digital.com,digital.bj,PME (10-50),B2B,Facebook Pages,,Actif,2026-06-29T00:14:35.796478,haute
BJ-A3B22F8F,Internet Digital,Télécommunications,Dassa-Zoumè,+229 52 41 27 58,internet.digital@internet.digital.net,internetdigital.bj,PME (10-50),B2B,Facebook Pages,,Actif,2026-06-29T00:14:35.796506,haute
BJ-C8069B5C,Télécom,Télécommunications,Dassa-Zoumè,+229 90 89 66 50,télécom@télécom.bj,télécom.bj,TPE (<10),B2C,Facebook Pages,,Actif,2026-06-29T00:14:35.796535,haute
BJ-C1887821,Digital Mobile SA,Télécommunications,Dassa-Zoumè,+229 76 30 90 87,digital.mobile.sa@digital.mobile.sa.com,digitalmobilesa.bj,TPE (<10),B2B,Facebook Pages,,Actif,2026-06-29T00:14:35.796565,haute
BJ-6930A18E,Réseau Africa,Télécommunications,Savalou,+229 69 23 87 57,réseau.africa@réseau.africa.net,réseauafrica.bj,TPE (<10),B2C,Facebook Pages,,Actif,2026-06-29T00:14:35.796612,haute
BJ-E800A40D,Mobile Africa,Télécommunications,Savalou,+229 61 90 20 54,mobile.africa@mobile.africa.org,mobileafrica.bj,PME (50-200),B2C,Facebook Pages,,Actif,2026-06-29T00:14:35.796646,haute
BJ-DAA0FF01,Satellite Telecom,Télécommunications,Savalou,+229 78 46 76 84,satellite.telecom@satellite.telecom.benin,,PME (50-200),B2C,Facebook Pages,,Actif,2026-06-29T00:14:35.796673,moyenne
BJ-4DADE906,Connect SA,Télécommunications,Savalou,+229 59 68 34 13,connect.sa@connect.sa.org,connectsa.bj,PME (10-50),B2B,Facebook Pages,,Actif,2026-06-29T00:14:35.796706,haute
BJ-B2A3BA0C,Mobile Voice Bénin,Télécommunications,Savalou,+229 49 88 80 15,mobile.voice.bénin@mobile.voice.bénin.bj,mobilevoicebénin.bj,TPE (<10),B2C,Facebook Pages,,Actif,2026-06-29T00:14:35.796735,haute
BJ-3D038D21,Communication Groupe Bantè,Télécommunications,Bantè,+229 56 99 69 34,,communicationgroupebantè.bj,PME (10-50),B2B,Facebook Pages,,Actif,2026-06-29T00:14:35.796774,moyenne
BJ-65AA2711,Digital,Télécommunications,Bantè,+229 57 47 40 14,digital@digital.org,digital.bj,TPE (<10),B2C,Facebook Pages,,Actif,2026-06-29T00:14:35.796830,haute
BJ-191933BF,Digital Mobile,Télécommunications,Bantè,+229 82 88 71 90,digital.mobile@digital.mobile.benin,digitalmobile.bj,PME (50-200),B2B,Facebook Pages,,Actif,2026-06-29T00:14:35.796886,haute
BJ-E69B6C2F,Internet Satellite Bénin Djougou,Télécommunications,Djougou,+229 39 81 69 25,internet.satellite.bénin.djougou@internet.satellite.bénin.djougou.org,internetsatellitebénindjougou.bj,TPE (<10),B2C,Facebook Pages,,Actif,2026-06-29T00:14:35.796966,haute
BJ-3EA1919F,Télécom,Télécommunications,Djougou,+229 22 72 57 43,télécom@télécom.benin,télécom.bj,TPE (<10),B2C,Facebook Pages,,Actif,2026-06-29T00:14:35.797043,haute
BJ-16EEE13E,Digital Djougou,Télécommunications,Djougou,+229 79 99 68 58,,digitaldjougou.bj,PME (10-50),B2B,Facebook Pages,,Actif,2026-06-29T00:14:35.797084,moyenne
BJ-4DD7289A,Digital,Télécommunications,Djougou,+229 40 29 92 92,digital@digital.org,,TPE (<10),B2B,Facebook Pages,,Actif,2026-06-29T00:14:35.797122,moyenne
BJ-99F38261,Internet Mobile International,Télécommunications,Ouèssè,+229 53 64 29 96,internet.mobile.international@internet.mobile.international.net,internetmobileinternational.bj,PME (10-50),B2B,Facebook Pages,,Actif,2026-06-29T00:14:35.797176,haute
BJ-C37634A9,Tech,Télécommunications,Ouèssè,+229 54 36 83 63,tech@tech.bj,tech.bj,TPE (<10),B2B,Facebook Pages,,Actif,2026-06-29T00:14:35.797221,haute
BJ-EF2570ED,Internet Wireless Ouèssè,Télécommunications,Ouèssè,+229 86 29 36 21,internet.wireless.ouèssè@internet.wireless.ouèssè.com,internetwirelessouèssè.bj,PME (10-50),B2B,Facebook Pages,,Actif,2026-06-29T00:14:35.797260,haute
BJ-42547D30,Digital Tech,Télécommunications,Ouèssè,+229 84 12 47 33,digital.tech@digital.tech.org,digitaltech.bj,PME (10-50),B2B,Facebook Pages,,Actif,2026-06-29T00:14:35.797294,haute
BJ-C7935B05,Télécom Groupe,Télécommunications,Ouèssè,+229 68 78 62 44,télécom.groupe@télécom.groupe.benin,télécomgroupe.bj,PME (10-50),B2B,Facebook Pages,,Actif,2026-06-29T00:14:35.797358,haute
BJ-72377EA0,Communication International,Télécommunications,Bassila,+229 93 38 78 63,communication.international@communication.international.net,communicationinternational.bj,PME (10-50),B2B,Facebook Pages,,Actif,2026-06-29T00:14:35.797405,haute
BJ-F28CC511,Digital Digital,Télécommunications,Bassila,+229 43 91 74 16,,,PME (50-200),B2B,Facebook Pages,,Actif,2026-06-29T00:14:35.797451,basse
BJ-EDC154DA,Communication SA,Télécommunications,Bassila,+229 25 87 88 94,communication.sa@communication.sa.bj,,TPE (<10),B2C,Facebook Pages,,Actif,2026-06-29T00:14:35.797483,moyenne
BJ-9AFA8C8E,Digital Fiber Telecom,Télécommunications,Bassila,+229 27 59 10 47,digital.fiber.telecom@digital.fiber.telecom.bj,digitalfibertelecom.bj,PME (50-200),B2C,Facebook Pages,,Actif,2026-06-29T00:14:35.797533,haute
BJ-E7DCE5AD,Tech Telecom,Télécommunications,Bassila,+229 95 39 94 35,tech.telecom@tech.telecom.net,techtelecom.bj,Grande (>200),B2B,Facebook Pages,,Actif,2026-06-29T00:14:35.797569,haute
BJ-0D760510,Mobile Pehunco,Télécommunications,Pehunco,+229 58 57 61 81,mobile.pehunco@mobile.pehunco.com,mobilepehunco.bj,PME (50-200),B2B,Facebook Pages,,Actif,2026-06-29T00:14:35.797623,haute
BJ-0ED11E10,Digital Télécom Pehunco,Télécommunications,Pehunco,+229 99 84 74 89,,digitaltélécompehunco.bj,PME (10-50),B2C,Facebook Pages,,Actif,2026-06-29T00:14:35.797656,moyenne
BJ-04A83FD6,Digital SA,Télécommunications,Pehunco,+229 54 57 50 87,digital.sa@digital.sa.benin,digitalsa.bj,TPE (<10),B2C,Facebook Pages,,Actif,2026-06-29T00:14:35.797684,haute
BJ-147EF011,Internet SARL,Télécommunications,Pehunco,+229 74 16 82 51,internet.sarl@internet.sarl.benin,internetsarl.bj,PME (10-50),B2C,Facebook Pages,,Actif,2026-06-29T00:14:35.797753,haute
BJ-F30ED892,Internet Wireless SARL,Télécommunications,Copargo,+229 69 71 85 92,internet.wireless.sarl@internet.wireless.sarl.benin,internetwirelesssarl.bj,TPE (<10),B2B,Facebook Pages,,Actif,2026-06-29T00:14:35.797818,haute
BJ-F15B710F,Digital SA,Télécommunications,Copargo,+229 98 31 64 94,digital.sa@digital.sa.org,,TPE (<10),B2C,Facebook Pages,,Actif,2026-06-29T00:14:35.797850,moyenne
BJ-42C8A0F4,Télécom Fiber,Télécommunications,Copargo,+229 47 98 66 52,télécom.fiber@télécom.fiber.org,télécomfiber.bj,TPE (<10),B2B,Facebook Pages,,Actif,2026-06-29T00:14:35.797884,haute
BJ-F99B1CE3,Réseau Réseau,Télécommunications,Copargo,+229 60 93 31 46,réseau.réseau@réseau.réseau.bj,réseauréseau.bj,PME (50-200),B2C,Facebook Pages,,Actif,2026-06-29T00:14:35.797946,haute
BJ-1A9837CE,Wireless Africa,Télécommunications,Copargo,+229 78 21 73 12,,,PME (50-200),B2B,Facebook Pages,,Actif,2026-06-29T00:14:35.797982,basse
BJ-3A9658C6,Ferme Alimentaire SARL,Agriculture & Agroalimentaire,Cotonou,+229 70 62 68 55,ferme.alimentaire.sarl@ferme.alimentaire.sarl.net,,TPE (<10),B2C,Facebook Pages,,Actif,2026-06-29T00:14:35.798034,moyenne
BJ-6FB64F55,Ets Ferme SARL,Agriculture & Agroalimentaire,Cotonou,+229 81 92 30 13,ets.ferme.sarl@ets.ferme.sarl.com,,PME (10-50),B2C,Facebook Pages,,Actif,2026-06-29T00:14:35.798068,moyenne
BJ-10D6597C,Industrie,Agriculture & Agroalimentaire,Cotonou,+229 93 43 39 13,industrie@industrie.org,,TPE (<10),B2B,Facebook Pages,,Actif,2026-06-29T00:14:35.798101,moyenne
BJ-49D4C0A4,Ferme Plantation,Agriculture & Agroalimentaire,Cotonou,+229 32 51 79 38,ferme.plantation@ferme.plantation.org,,PME (50-200),B2C,Facebook Pages,,Actif,2026-06-29T00:14:35.798137,moyenne
BJ-0B90268E,Industrie Africa,Agriculture & Agroalimentaire,Cotonou,+229 59 37 34 30,,,PME (50-200),B2B,Facebook Pages,,Actif,2026-06-29T00:14:35.798170,basse
BJ-37497173,Ferme Ferme,Agriculture & Agroalimentaire,Abomey-Calavi,+229 89 77 78 61,,,TPE (<10),B2C,Facebook Pages,,Actif,2026-06-29T00:14:35.798217,basse
BJ-D11F2B8A,Agro Pêche Bénin,Agriculture & Agroalimentaire,Abomey-Calavi,+229 63 17 12 92,agro.pêche.bénin@agro.pêche.bénin.com,,PME (50-200),B2B,Facebook Pages,,Actif,2026-06-29T00:14:35.798254,moyenne
BJ-FC4F4F4D,Agro Industrie,Agriculture & Agroalimentaire,Abomey-Calavi,+229 69 50 69 39,agro.industrie@agro.industrie.org,,PME (10-50),B2C,Facebook Pages,,Actif,2026-06-29T00:14:35.798345,moyenne
BJ-8F9D7BCB,Production Plantation Abomey-Calavi,Agriculture & Agroalimentaire,Abomey-Calavi,+229 94 57 90 28,,,PME (50-200),B2B,Facebook Pages,,Actif,2026-06-29T00:14:35.798386,basse
BJ-CA543734,Transformation,Agriculture & Agroalimentaire,Porto-Novo,+229 29 87 72 21,transformation@transformation.benin,,TPE (<10),B2B,Facebook Pages,,Actif,2026-06-29T00:14:35.798448,moyenne
BJ-27D2F688,Ets Pêche,Agriculture & Agroalimentaire,Porto-Novo,+229 49 98 81 85,ets.pêche@ets.pêche.net,etspêche.bj,TPE (<10),B2C,Facebook Pages,,Actif,2026-06-29T00:14:35.798479,haute
BJ-E5DFA7F0,Agro Groupe,Agriculture & Agroalimentaire,Porto-Novo,+229 63 49 23 71,,agrogroupe.bj,TPE (<10),B2B,Facebook Pages,,Actif,2026-06-29T00:14:35.798516,moyenne
BJ-F2CFFA30,Ferme Légume,Agriculture & Agroalimentaire,Porto-Novo,+229 99 38 82 78,,,PME (50-200),B2B,Facebook Pages,,Actif,2026-06-29T00:14:35.798543,basse
BJ-2112679E,Ferme Pêche,Agriculture & Agroalimentaire,Porto-Novo,+229 57 57 59 16,,,TPE (<10),B2B,Facebook Pages,,Actif,2026-06-29T00:14:35.798569,basse
BJ-FC22F1A7,Élevage,Agriculture & Agroalimentaire,Parakou,+229 48 37 14 59,élevage@élevage.benin,élevage.bj,PME (10-50),B2B,Facebook Pages,,Actif,2026-06-29T00:14:35.798613,haute
BJ-D578AE38,Légume,Agriculture & Agroalimentaire,Parakou,+229 67 84 98 14,,légume.bj,PME (10-50),B2C,Facebook Pages,,Actif,2026-06-29T00:14:35.798665,moyenne
BJ-9D5BBC8C,Agriculture,Agriculture & Agroalimentaire,Parakou,+229 80 27 88 72,agriculture@agriculture.net,agriculture.bj,PME (50-200),B2C,Facebook Pages,,Actif,2026-06-29T00:14:35.798731,haute
BJ-E1030384,Alimentaire Agro Parakou,Agriculture & Agroalimentaire,Parakou,+229 60 65 32 15,alimentaire.agro.parakou@alimentaire.agro.parakou.bj,,PME (10-50),B2B,Facebook Pages,,Actif,2026-06-29T00:14:35.798766,moyenne
BJ-3E851CD6,Céréale,Agriculture & Agroalimentaire,Bohicon,+229 50 75 96 68,,,Grande (>200),B2C,Facebook Pages,,Actif,2026-06-29T00:14:35.798812,basse
BJ-1625A1A3,Bétail Plantation,Agriculture & Agroalimentaire,Bohicon,+229 45 60 28 95,bétail.plantation@bétail.plantation.bj,,TPE (<10),B2B,Facebook Pages,,Actif,2026-06-29T00:14:35.798842,moyenne
BJ-4A82B349,Agro Industrie,Agriculture & Agroalimentaire,Bohicon,+229 93 22 81 62,,agroindustrie.bj,PME (50-200),B2B,Facebook Pages,,Actif,2026-06-29T00:14:35.798869,moyenne
BJ-1232C1B6,Plantation Céréale Africa Bohicon,Agriculture & Agroalimentaire,Bohicon,+229 50 28 78 13,,,TPE (<10),B2B,Facebook Pages,,Actif,2026-06-29T00:14:35.798911,basse
BJ-EA8BB98C,Élevage,Agriculture & Agroalimentaire,Bohicon,+229 70 37 38 42,élevage@élevage.com,,TPE (<10),B2B,Facebook Pages,,Actif,2026-06-29T00:14:35.798928,moyenne
BJ-87CF460E,Ferme Natitingou,Agriculture & Agroalimentaire,Natitingou,+229 78 63 26 39,,,TPE (<10),B2C,Facebook Pages,,Actif,2026-06-29T00:14:35.798949,basse
BJ-51334C84,Groupe Agriculture Groupe,Agriculture & Agroalimentaire,Natitingou,+229 87 25 61 97,groupe.agriculture.groupe@groupe.agriculture.groupe.org,,TPE (<10),B2B,Facebook Pages,,Actif,2026-06-29T00:14:35.798962,moyenne
BJ-E18F87F7,Ets Pêche,Agriculture & Agroalimentaire,Natitingou,+229 31 23 98 55,,etspêche.bj,PME (10-50),B2B,Facebook Pages,,Actif,2026-06-29T00:14:35.798976,moyenne
BJ-1227BFCA,Plantation Farm,Agriculture & Agroalimentaire,Natitingou,+229 75 24 99 46,,,PME (50-200),B2B,Facebook Pages,,Actif,2026-06-29T00:14:35.798992,basse
BJ-36F7219B,Légume,Agriculture & Agroalimentaire,Natitingou,+229 22 81 12 91,légume@légume.bj,légume.bj,PME (10-50),B2B,Facebook Pages,,Actif,2026-06-29T00:14:35.799009,haute
BJ-14D59025,Agro,Agriculture & Agroalimentaire,Lokossa,+229 41 62 80 51,,,PME (10-50),B2B,Facebook Pages,,Actif,2026-06-29T00:14:35.799028,basse
BJ-1203F3A3,Agro Bétail,Agriculture & Agroalimentaire,Lokossa,+229 48 76 74 44,agro.bétail@agro.bétail.bj,,TPE (<10),B2C,Facebook Pages,,Actif,2026-06-29T00:14:35.799041,moyenne
BJ-5E80F2F3,Bétail,Agriculture & Agroalimentaire,Lokossa,+229 34 49 38 41,,bétail.bj,PME (10-50),B2C,Facebook Pages,,Actif,2026-06-29T00:14:35.799053,moyenne
BJ-6CB01A89,Ferme Ferme,Agriculture & Agroalimentaire,Lokossa,+229 36 62 18 14,,,PME (50-200),B2B,Facebook Pages,,Actif,2026-06-29T00:14:35.799064,basse
BJ-490B8766,Agro Lokossa,Agriculture & Agroalimentaire,Lokossa,+229 57 12 48 54,,,PME (10-50),B2C,Facebook Pages,,Actif,2026-06-29T00:14:35.799075,basse
BJ-30975CD2,Industrie,Agriculture & Agroalimentaire,Ouidah,+229 36 37 71 63,industrie@industrie.benin,,PME (10-50),B2C,Facebook Pages,,Actif,2026-06-29T00:14:35.799102,moyenne
BJ-3EF66639,Ferme,Agriculture & Agroalimentaire,Ouidah,+229 42 33 63 56,ferme@ferme.benin,,TPE (<10),B2C,Facebook Pages,,Actif,2026-06-29T00:14:35.799115,moyenne
BJ-2CA65B47,Pêche,Agriculture & Agroalimentaire,Ouidah,+229 87 65 28 13,,,TPE (<10),B2B,Facebook Pages,,Actif,2026-06-29T00:14:35.799126,basse
BJ-AC42FF5B,Agro Aquaculture Ouidah,Agriculture & Agroalimentaire,Ouidah,+229 86 95 54 38,agro.aquaculture.ouidah@agro.aquaculture.ouidah.bj,,PME (10-50),B2C,Facebook Pages,,Actif,2026-06-29T00:14:35.799141,moyenne
BJ-F745B3D6,Agriculture,Agriculture & Agroalimentaire,Ouidah,+229 22 35 33 85,,,TPE (<10),B2C,Facebook Pages,,Actif,2026-06-29T00:14:35.799152,basse
BJ-B7318C2E,Plantation Agro SARL Savalou,Agriculture & Agroalimentaire,Savalou,+229 93 99 54 95,,,PME (10-50),B2C,Facebook Pages,,Actif,2026-06-29T00:14:35.799170,basse
BJ-8D2E45F2,Agro Légume Africa,Agriculture & Agroalimentaire,Savalou,+229 72 29 78 53,agro.légume.africa@agro.légume.africa.net,,PME (10-50),B2C,Facebook Pages,,Actif,2026-06-29T00:14:35.799182,moyenne
BJ-9AA9BECC,Plantation Savalou,Agriculture & Agroalimentaire,Savalou,+229 27 31 15 64,plantation.savalou@plantation.savalou.org,,Grande (>200),B2C,Facebook Pages,,Actif,2026-06-29T00:14:35.799194,moyenne
BJ-7EA68ECB,Céréale,Agriculture & Agroalimentaire,Savalou,+229 29 46 61 79,,,PME (10-50),B2B,Facebook Pages,,Actif,2026-06-29T00:14:35.799205,basse
BJ-73B911C3,Bétail,Agriculture & Agroalimentaire,Savalou,+229 41 78 19 39,bétail@bétail.net,,TPE (<10),B2C,Facebook Pages,,Actif,2026-06-29T00:14:35.799216,moyenne
BJ-C312D0B5,Plantation Plantation Ets,Agriculture & Agroalimentaire,Dassa-Zoumè,+229 88 41 74 14,plantation.plantation.ets@plantation.plantation.ets.net,plantationplantationets.bj,Grande (>200),B2C,Facebook Pages,,Actif,2026-06-29T00:14:35.799235,haute
BJ-851D429A,Aquaculture Ets,Agriculture & Agroalimentaire,Dassa-Zoumè,+229 72 81 46 81,aquaculture.ets@aquaculture.ets.bj,,PME (10-50),B2C,Facebook Pages,,Actif,2026-06-29T00:14:35.799250,moyenne
BJ-AE354143,Aquaculture SARL,Agriculture & Agroalimentaire,Dassa-Zoumè,+229 62 72 45 29,aquaculture.sarl@aquaculture.sarl.bj,aquaculturesarl.bj,PME (10-50),B2B,Facebook Pages,,Actif,2026-06-29T00:14:35.799267,haute
BJ-7A3EB603,Plantation,Agriculture & Agroalimentaire,Dassa-Zoumè,+229 25 35 68 76,plantation@plantation.bj,,PME (10-50),B2C,Facebook Pages,,Actif,2026-06-29T00:14:35.799281,moyenne
BJ-F9170BDA,Agro Fruit SARL,Agriculture & Agroalimentaire,Dassa-Zoumè,+229 89 45 89 83,,,PME (50-200),B2C,Facebook Pages,,Actif,2026-06-29T00:14:35.799293,basse
BJ-CF305E27,Plantation,Agriculture & Agroalimentaire,Kétou,+229 31 44 28 88,,plantation.bj,PME (50-200),B2C,Facebook Pages,,Actif,2026-06-29T00:14:35.799311,moyenne
BJ-FC67FA00,Ferme Pêche,Agriculture & Agroalimentaire,Kétou,+229 75 29 52 15,ferme.pêche@ferme.pêche.bj,,TPE (<10),B2C,Facebook Pages,,Actif,2026-06-29T00:14:35.799324,moyenne
BJ-A4B14DD8,Plantation Bétail,Agriculture & Agroalimentaire,Kétou,+229 41 64 76 90,,,PME (50-200),B2C,Facebook Pages,,Actif,2026-06-29T00:14:35.799334,basse
BJ-9AF03A98,Pêche,Agriculture & Agroalimentaire,Kétou,+229 78 32 66 36,pêche@pêche.com,pêche.bj,TPE (<10),B2B,Facebook Pages,,Actif,2026-06-29T00:14:35.799347,haute
BJ-3DAD4465,Ferme Ferme Plantation,Agriculture & Agroalimentaire,Kétou,+229 69 59 89 36,ferme.ferme.plantation@ferme.ferme.plantation.net,,TPE (<10),B2B,Facebook Pages,,Actif,2026-06-29T00:14:35.799359,moyenne
BJ-73F81CF1,Alimentaire Covè,Agriculture & Agroalimentaire,Covè,+229 46 95 94 55,alimentaire.covè@alimentaire.covè.com,,PME (10-50),B2C,Facebook Pages,,Actif,2026-06-29T00:14:35.799378,moyenne
BJ-C4CC97A9,Groupe Céréale,Agriculture & Agroalimentaire,Covè,+229 97 94 90 72,,,TPE (<10),B2B,Facebook Pages,,Actif,2026-06-29T00:14:35.799389,basse
BJ-DF9CACDD,Plantation,Agriculture & Agroalimentaire,Covè,+229 29 46 15 51,plantation@plantation.benin,plantation.bj,PME (50-200),B2C,Facebook Pages,,Actif,2026-06-29T00:14:35.799401,haute
BJ-36CDFA60,Industrie SARL Covè,Agriculture & Agroalimentaire,Covè,+229 59 92 10 95,industrie.sarl.covè@industrie.sarl.covè.org,industriesarlcovè.bj,PME (50-200),B2C,Facebook Pages,,Actif,2026-06-29T00:14:35.799419,haute
BJ-F9696C55,Industrie Farm,Agriculture & Agroalimentaire,Covè,+229 52 87 62 58,industrie.farm@industrie.farm.benin,,PME (10-50),B2B,Facebook Pages,,Actif,2026-06-29T00:14:35.799432,moyenne
BJ-18C701EF,Céréale,Agriculture & Agroalimentaire,Pobè,+229 52 70 46 23,,,PME (50-200),B2B,Facebook Pages,,Actif,2026-06-29T00:14:35.799449,basse
BJ-9C26ADEE,Ets Plantation Africa,Agriculture & Agroalimentaire,Pobè,+229 77 66 69 19,ets.plantation.africa@ets.plantation.africa.benin,etsplantationafrica.bj,Grande (>200),B2C,Facebook Pages,,Actif,2026-06-29T00:14:35.799466,haute
BJ-5F7F707F,Aquaculture Africa,Agriculture & Agroalimentaire,Pobè,+229 79 82 60 96,,aquacultureafrica.bj,TPE (<10),B2B,Facebook Pages,,Actif,2026-06-29T00:14:35.799479,moyenne
BJ-5E667884,Plantation Industrie Africa,Agriculture & Agroalimentaire,Pobè,+229 38 66 76 64,plantation.industrie.africa@plantation.industrie.africa.org,,PME (50-200),B2C,Facebook Pages,,Actif,2026-06-29T00:14:35.799494,moyenne
BJ-7586FBD8,Agro Africa Pobè,Agriculture & Agroalimentaire,Pobè,+229 90 51 84 75,,,PME (10-50),B2B,Facebook Pages,,Actif,2026-06-29T00:14:35.799509,basse
BJ-8E198657,Élevage Africa Sakété,Agriculture & Agroalimentaire,Sakété,+229 26 56 90 57,élevage.africa.sakété@élevage.africa.sakété.net,,PME (50-200),B2B,Facebook Pages,,Actif,2026-06-29T00:14:35.799530,moyenne
BJ-A7846E94,Ferme Plantation SARL,Agriculture & Agroalimentaire,Sakété,+229 88 49 95 43,ferme.plantation.sarl@ferme.plantation.sarl.bj,,PME (10-50),B2B,Facebook Pages,,Actif,2026-06-29T00:14:35.799543,moyenne
BJ-D8D2451C,Légume Farm Sakété,Agriculture & Agroalimentaire,Sakété,+229 83 40 62 40,légume.farm.sakété@légume.farm.sakété.bj,,TPE (<10),B2B,Facebook Pages,,Actif,2026-06-29T00:14:35.799556,moyenne
BJ-4B722A29,Plantation Africa,Agriculture & Agroalimentaire,Sakété,+229 24 17 31 94,plantation.africa@plantation.africa.net,,TPE (<10),B2B,Facebook Pages,,Actif,2026-06-29T00:14:35.799571,moyenne
BJ-9BD3E3B5,Alimentaire,Agriculture & Agroalimentaire,Sakété,+229 89 40 31 66,,alimentaire.bj,PME (50-200),B2C,Facebook Pages,,Actif,2026-06-29T00:14:35.799583,moyenne
BJ-D59676FD,Ferme,Agriculture & Agroalimentaire,Adjara,+229 65 62 88 52,ferme@ferme.org,ferme.bj,PME (50-200),B2B,Facebook Pages,,Actif,2026-06-29T00:14:35.799601,haute
BJ-C9405E19,Production Légume,Agriculture & Agroalimentaire,Adjara,+229 48 45 24 43,,,TPE (<10),B2B,Facebook Pages,,Actif,2026-06-29T00:14:35.799613,basse
BJ-D1D9DF36,Plantation Plantation,Agriculture & Agroalimentaire,Adjara,+229 42 64 16 50,plantation.plantation@plantation.plantation.bj,plantationplantation.bj,TPE (<10),B2C,Facebook Pages,,Actif,2026-06-29T00:14:35.799625,haute
BJ-FA3F4C15,Fruit Africa,Agriculture & Agroalimentaire,Adjara,+229 81 48 83 67,fruit.africa@fruit.africa.benin,,TPE (<10),B2C,Facebook Pages,,Actif,2026-06-29T00:14:35.799638,moyenne
BJ-3535E80A,Groupe Aquaculture Plantation Adjara,Agriculture & Agroalimentaire,Adjara,+229 39 89 10 28,,,PME (50-200),B2C,Facebook Pages,,Actif,2026-06-29T00:14:35.799649,basse
BJ-94EE579C,Pêche,Agriculture & Agroalimentaire,Allada,+229 57 34 16 79,pêche@pêche.benin,pêche.bj,PME (10-50),B2C,Facebook Pages,,Actif,2026-06-29T00:14:35.799668,haute
BJ-689AA145,Ets Aquaculture,Agriculture & Agroalimentaire,Allada,+229 75 75 36 40,ets.aquaculture@ets.aquaculture.net,etsaquaculture.bj,PME (50-200),B2B,Facebook Pages,,Actif,2026-06-29T00:14:35.799681,haute
BJ-3D343197,Élevage Plantation,Agriculture & Agroalimentaire,Allada,+229 92 91 48 26,,,TPE (<10),B2C,Facebook Pages,,Actif,2026-06-29T00:14:35.799692,basse
BJ-99BEE271,Plantation Pêche SARL,Agriculture & Agroalimentaire,Allada,+229 73 77 22 54,plantation.pêche.sarl@plantation.pêche.sarl.net,,PME (10-50),B2C,Facebook Pages,,Actif,2026-06-29T00:14:35.799707,moyenne
BJ-63A63491,Pêche Groupe,Agriculture & Agroalimentaire,Allada,+229 58 46 13 63,,pêchegroupe.bj,TPE (<10),B2C,Facebook Pages,,Actif,2026-06-29T00:14:35.799719,moyenne
BJ-DAAED6B0,Pêche,Agriculture & Agroalimentaire,Aplahoué,+229 44 24 21 65,pêche@pêche.com,pêche.bj,TPE (<10),B2C,Facebook Pages,,Actif,2026-06-29T00:14:35.799738,haute
BJ-544D87D7,Plantation,Agriculture & Agroalimentaire,Aplahoué,+229 91 34 32 97,,,PME (10-50),B2B,Facebook Pages,,Actif,2026-06-29T00:14:35.799753,basse
BJ-2E627EB9,Ferme Aplahoué,Agriculture & Agroalimentaire,Aplahoué,+229 76 25 91 38,ferme.aplahoué@ferme.aplahoué.bj,fermeaplahoué.bj,PME (10-50),B2C,Facebook Pages,,Actif,2026-06-29T00:14:35.799767,haute
BJ-EFF114FB,Groupe Alimentaire Aplahoué,Agriculture & Agroalimentaire,Aplahoué,+229 39 36 39 57,,,TPE (<10),B2C,Facebook Pages,,Actif,2026-06-29T00:14:35.799791,basse
BJ-BCE1CA30,Plantation,Agriculture & Agroalimentaire,Dogbo-Tota,+229 36 22 19 13,,,PME (50-200),B2B,Facebook Pages,,Actif,2026-06-29T00:14:35.799811,basse
BJ-E684123C,Bétail Groupe Dogbo-Tota,Agriculture & Agroalimentaire,Dogbo-Tota,+229 75 75 17 12,bétail.groupe.dogbotota@bétail.groupe.dogbotota.com,,Grande (>200),B2B,Facebook Pages,,Actif,2026-06-29T00:14:35.799826,moyenne
BJ-7E5F15C6,Ferme Pêche,Agriculture & Agroalimentaire,Dogbo-Tota,+229 30 75 60 64,ferme.pêche@ferme.pêche.org,,TPE (<10),B2B,Facebook Pages,,Actif,2026-06-29T00:14:35.799859,moyenne
BJ-EFE9F31F,SARL Agriculture,Agriculture & Agroalimentaire,Dogbo-Tota,+229 40 41 65 39,,sarlagriculture.bj,TPE (<10),B2B,Facebook Pages,,Actif,2026-06-29T00:14:35.799875,moyenne
BJ-06CB6F4C,Plantation Plantation Africa,Agriculture & Agroalimentaire,Dogbo-Tota,+229 84 82 42 37,plantation.plantation.africa@plantation.plantation.africa.benin,plantationplantationafrica.bj,PME (10-50),B2B,Facebook Pages,,Actif,2026-06-29T00:14:35.799903,haute
BJ-B2842645,Bétail Ets,Agriculture & Agroalimentaire,Kpomassè,+229 96 67 11 61,bétail.ets@bétail.ets.net,,Grande (>200),B2B,Facebook Pages,,Actif,2026-06-29T00:14:35.799930,moyenne
BJ-D0F7078B,Agriculture,Agriculture & Agroalimentaire,Kpomassè,+229 27 29 37 65,,agriculture.bj,PME (50-200),B2B,Facebook Pages,,Actif,2026-06-29T00:14:35.799942,moyenne
BJ-806BAFBB,Agro Industrie Kpomassè,Agriculture & Agroalimentaire,Kpomassè,+229 25 50 84 11,agro.industrie.kpomassè@agro.industrie.kpomassè.net,agroindustriekpomassè.bj,PME (50-200),B2B,Facebook Pages,,Actif,2026-06-29T00:14:35.799955,haute
BJ-1064DABE,Production Céréale,Agriculture & Agroalimentaire,Kpomassè,+229 90 64 73 43,production.céréale@production.céréale.benin,,TPE (<10),B2B,Facebook Pages,,Actif,2026-06-29T00:14:35.799967,moyenne
BJ-BD0E030D,Agro Ferme Agro,Agriculture & Agroalimentaire,Kpomassè,+229 86 86 16 59,agro.ferme.agro@agro.ferme.agro.benin,agrofermeagro.bj,Grande (>200),B2C,Facebook Pages,,Actif,2026-06-29T00:14:35.799980,haute
BJ-11F0A2D8,Céréale Ets,Agriculture & Agroalimentaire,Tori-Bossito,+229 26 29 28 38,céréale.ets@céréale.ets.bj,,PME (50-200),B2B,Facebook Pages,,Actif,2026-06-29T00:14:35.799999,moyenne
BJ-95D5C503,Ferme Plantation,Agriculture & Agroalimentaire,Tori-Bossito,+229 56 57 31 38,,,TPE (<10),B2C,Facebook Pages,,Actif,2026-06-29T00:14:35.800010,basse
BJ-417ED184,Aquaculture,Agriculture & Agroalimentaire,Tori-Bossito,+229 42 69 42 69,aquaculture@aquaculture.com,aquaculture.bj,PME (10-50),B2B,Facebook Pages,,Actif,2026-06-29T00:14:35.800022,haute
BJ-414CE904,Agro Pêche,Agriculture & Agroalimentaire,Tori-Bossito,+229 42 92 69 69,agro.pêche@agro.pêche.net,agropêche.bj,PME (10-50),B2B,Facebook Pages,,Actif,2026-06-29T00:14:35.800037,haute
BJ-A22450CC,Pêche Agro,Agriculture & Agroalimentaire,Tori-Bossito,+229 56 90 69 56,pêche.agro@pêche.agro.com,,TPE (<10),B2C,Facebook Pages,,Actif,2026-06-29T00:14:35.800053,moyenne
BJ-9CCE733D,Fruit Africa,Agriculture & Agroalimentaire,Grand-Popo,+229 59 83 77 15,fruit.africa@fruit.africa.benin,fruitafrica.bj,TPE (<10),B2B,Facebook Pages,,Actif,2026-06-29T00:14:35.800073,haute
BJ-F8CCE5AD,Plantation,Agriculture & Agroalimentaire,Grand-Popo,+229 57 53 10 58,plantation@plantation.bj,plantation.bj,PME (10-50),B2C,Facebook Pages,,Actif,2026-06-29T00:14:35.800085,haute
BJ-7AACC806,Agro Agro,Agriculture & Agroalimentaire,Grand-Popo,+229 95 26 21 84,,,PME (10-50),B2B,Facebook Pages,,Actif,2026-06-29T00:14:35.800096,basse
BJ-1781AD11,Alimentaire Plantation,Agriculture & Agroalimentaire,Grand-Popo,+229 73 83 78 82,alimentaire.plantation@alimentaire.plantation.bj,alimentaireplantation.bj,Grande (>200),B2C,Facebook Pages,,Actif,2026-06-29T00:14:35.800108,haute
BJ-40D6523B,Alimentaire,Agriculture & Agroalimentaire,Grand-Popo,+229 51 27 86 92,alimentaire@alimentaire.net,alimentaire.bj,TPE (<10),B2C,Facebook Pages,,Actif,2026-06-29T00:14:35.800121,haute
BJ-C8C9C466,Groupe Aquaculture Bénin,Agriculture & Agroalimentaire,Athiémé,+229 42 12 24 31,groupe.aquaculture.bénin@groupe.aquaculture.bénin.com,groupeaquaculturebénin.bj,PME (10-50),B2B,Facebook Pages,,Actif,2026-06-29T00:14:35.800140,haute
BJ-37A702EA,Agro,Agriculture & Agroalimentaire,Athiémé,+229 81 64 79 13,,,PME (10-50),B2C,Facebook Pages,,Actif,2026-06-29T00:14:35.800151,basse
BJ-7353FE6C,Industrie,Agriculture & Agroalimentaire,Athiémé,+229 40 36 40 59,industrie@industrie.org,industrie.bj,PME (50-200),B2B,Facebook Pages,,Actif,2026-06-29T00:14:35.800177,haute
BJ-92457B86,Ferme Pêche Agro Athiémé,Agriculture & Agroalimentaire,Athiémé,+229 56 33 48 18,,,TPE (<10),B2C,Facebook Pages,,Actif,2026-06-29T00:14:35.800189,basse
BJ-902E3E8A,Ferme Céréale Agro,Agriculture & Agroalimentaire,Bopa,+229 74 35 69 44,,,TPE (<10),B2B,Facebook Pages,,Actif,2026-06-29T00:14:35.800206,basse
BJ-48538D93,Céréale,Agriculture & Agroalimentaire,Bopa,+229 87 24 34 40,,,TPE (<10),B2C,Facebook Pages,,Actif,2026-06-29T00:14:35.800217,basse
BJ-6C4ABFAA,Pêche Plantation,Agriculture & Agroalimentaire,Bopa,+229 71 62 62 75,,,PME (10-50),B2B,Facebook Pages,,Actif,2026-06-29T00:14:35.800228,basse
BJ-A5EC7BB6,Ferme Industrie,Agriculture & Agroalimentaire,Bopa,+229 47 65 43 10,ferme.industrie@ferme.industrie.net,fermeindustrie.bj,PME (10-50),B2C,Facebook Pages,,Actif,2026-06-29T00:14:35.800240,haute
BJ-3CFDCAE9,Agro Agriculture,Agriculture & Agroalimentaire,Bopa,+229 88 26 20 44,agro.agriculture@agro.agriculture.net,,PME (10-50),B2B,Facebook Pages,,Actif,2026-06-29T00:14:35.800254,moyenne
BJ-F8AC5ACA,Alimentaire Ets Houéyogbé,Agriculture & Agroalimentaire,Houéyogbé,+229 26 73 61 91,,alimentaireetshouéyogbé.bj,TPE (<10),B2C,Facebook Pages,,Actif,2026-06-29T00:14:35.800276,moyenne
BJ-0789292A,Agriculture,Agriculture & Agroalimentaire,Houéyogbé,+229 48 83 25 85,,agriculture.bj,TPE (<10),B2B,Facebook Pages,,Actif,2026-06-29T00:14:35.800288,moyenne
BJ-C06D633F,Agro Industrie,Agriculture & Agroalimentaire,Houéyogbé,+229 60 24 84 39,agro.industrie@agro.industrie.bj,,Grande (>200),B2C,Facebook Pages,,Actif,2026-06-29T00:14:35.800300,moyenne
BJ-E0142EBA,Céréale Bénin,Agriculture & Agroalimentaire,Houéyogbé,+229 58 55 85 57,céréale.bénin@céréale.bénin.bj,céréalebénin.bj,TPE (<10),B2C,Facebook Pages,,Actif,2026-06-29T00:14:35.800316,haute
BJ-EFC1E5E3,Légume,Agriculture & Agroalimentaire,Houéyogbé,+229 46 57 37 20,,,PME (50-200),B2C,Facebook Pages,,Actif,2026-06-29T00:14:35.800327,basse
BJ-65F3DA5F,Bétail,Agriculture & Agroalimentaire,Malanville,+229 24 92 61 96,,,PME (10-50),B2B,Facebook Pages,,Actif,2026-06-29T00:14:35.800344,basse
BJ-5E8583E9,Fruit,Agriculture & Agroalimentaire,Malanville,+229 86 45 46 42,fruit@fruit.org,,TPE (<10),B2C,Facebook Pages,,Actif,2026-06-29T00:14:35.800355,moyenne
BJ-21A5D7FE,Ferme Légume Farm,Agriculture & Agroalimentaire,Malanville,+229 31 39 68 90,,fermelégumefarm.bj,PME (50-200),B2B,Facebook Pages,,Actif,2026-06-29T00:14:35.800367,moyenne
BJ-0763085F,Plantation Transformation Africa Malanville,Agriculture & Agroalimentaire,Malanville,+229 74 19 94 68,plantation.transformation.africa.malanville@plantation.transformation.africa.malanville.org,,PME (10-50),B2B,Facebook Pages,,Actif,2026-06-29T00:14:35.800380,moyenne
BJ-0A659829,Production Ferme,Agriculture & Agroalimentaire,Malanville,+229 95 89 89 11,,productionferme.bj,TPE (<10),B2C,Facebook Pages,,Actif,2026-06-29T00:14:35.800391,moyenne
BJ-654F3263,Ferme Industrie,Agriculture & Agroalimentaire,Kandi,+229 86 29 90 12,,,TPE (<10),B2C,Facebook Pages,,Actif,2026-06-29T00:14:35.800411,basse
BJ-C805C286,Agro Africa,Agriculture & Agroalimentaire,Kandi,+229 32 63 98 13,,agroafrica.bj,TPE (<10),B2C,Facebook Pages,,Actif,2026-06-29T00:14:35.800423,moyenne
BJ-117601F4,Agro Transformation SARL Kandi,Agriculture & Agroalimentaire,Kandi,+229 35 70 43 68,,,TPE (<10),B2B,Facebook Pages,,Actif,2026-06-29T00:14:35.800434,basse
BJ-39B11ACF,Légume,Agriculture & Agroalimentaire,Kandi,+229 35 22 52 89,légume@légume.com,,TPE (<10),B2C,Facebook Pages,,Actif,2026-06-29T00:14:35.800453,moyenne
BJ-D4063CAA,Plantation,Agriculture & Agroalimentaire,Kandi,+229 89 38 67 99,,,TPE (<10),B2B,Facebook Pages,,Actif,2026-06-29T00:14:35.800465,basse
BJ-6F084A45,Pêche Ets,Agriculture & Agroalimentaire,Banikoara,+229 99 52 50 64,,pêcheets.bj,Grande (>200),B2C,Facebook Pages,,Actif,2026-06-29T00:14:35.800483,moyenne
BJ-B46D4757,Agriculture,Agriculture & Agroalimentaire,Banikoara,+229 44 66 78 59,agriculture@agriculture.net,,PME (50-200),B2B,Facebook Pages,,Actif,2026-06-29T00:14:35.800495,moyenne
BJ-658B0A53,Ferme Ets,Agriculture & Agroalimentaire,Banikoara,+229 66 86 93 72,,,Grande (>200),B2B,Facebook Pages,,Actif,2026-06-29T00:14:35.800509,basse
BJ-F4623C81,Agro Aquaculture,Agriculture & Agroalimentaire,Banikoara,+229 90 61 28 58,,agroaquaculture.bj,PME (50-200),B2C,Facebook Pages,,Actif,2026-06-29T00:14:35.800520,moyenne
BJ-512C9862,Aquaculture Africa,Agriculture & Agroalimentaire,Banikoara,+229 48 89 78 28,,,Grande (>200),B2C,Facebook Pages,,Actif,2026-06-29T00:14:35.800530,basse
BJ-7101ADC0,Ets Aquaculture Ségbana,Agriculture & Agroalimentaire,Ségbana,+229 67 21 88 78,,etsaquacultureségbana.bj,TPE (<10),B2B,Facebook Pages,,Actif,2026-06-29T00:14:35.800548,moyenne
BJ-09F54CC1,Plantation Industrie,Agriculture & Agroalimentaire,Ségbana,+229 25 35 55 75,,,Grande (>200),B2C,Facebook Pages,,Actif,2026-06-29T00:14:35.800558,basse
BJ-C823DCA0,Industrie,Agriculture & Agroalimentaire,Ségbana,+229 47 64 63 52,industrie@industrie.org,industrie.bj,TPE (<10),B2C,Facebook Pages,,Actif,2026-06-29T00:14:35.800571,haute
BJ-6D13977F,Légume SARL,Agriculture & Agroalimentaire,Ségbana,+229 60 83 18 60,,,PME (10-50),B2B,Facebook Pages,,Actif,2026-06-29T00:14:35.800585,basse
BJ-29840470,Pêche,Agriculture & Agroalimentaire,Ségbana,+229 53 18 91 68,,,PME (10-50),B2C,Facebook Pages,,Actif,2026-06-29T00:14:35.800596,basse
BJ-8C4145C3,Transformation Africa,Agriculture & Agroalimentaire,Karimama,+229 64 21 12 56,transformation.africa@transformation.africa.org,transformationafrica.bj,PME (10-50),B2C,Facebook Pages,,Actif,2026-06-29T00:14:35.800614,haute
BJ-5E293660,Plantation Aquaculture Plantation Karimama,Agriculture & Agroalimentaire,Karimama,+229 83 33 14 60,,plantationaquacultureplantationkarimama.bj,Grande (>200),B2C,Facebook Pages,,Actif,2026-06-29T00:14:35.800626,moyenne
BJ-F1C93D68,SARL Transformation Groupe,Agriculture & Agroalimentaire,Karimama,+229 47 60 91 92,,,PME (50-200),B2C,Facebook Pages,,Actif,2026-06-29T00:14:35.800637,basse
BJ-514C813D,Alimentaire,Agriculture & Agroalimentaire,Karimama,+229 82 77 76 31,alimentaire@alimentaire.benin,,PME (10-50),B2B,Facebook Pages,,Actif,2026-06-29T00:14:35.800648,moyenne
BJ-48D2A30C,Ferme Alimentaire SARL,Agriculture & Agroalimentaire,Karimama,+229 54 37 15 20,ferme.alimentaire.sarl@ferme.alimentaire.sarl.org,fermealimentairesarl.bj,PME (10-50),B2C,Facebook Pages,,Actif,2026-06-29T00:14:35.800659,haute
BJ-7386420C,Alimentaire SARL,Agriculture & Agroalimentaire,Gogounou,+229 72 99 78 80,,alimentairesarl.bj,PME (10-50),B2B,Facebook Pages,,Actif,2026-06-29T00:14:35.800676,moyenne
BJ-78515BAB,Agro Ferme Agro,Agriculture & Agroalimentaire,Gogounou,+229 82 44 47 57,,agrofermeagro.bj,PME (10-50),B2C,Facebook Pages,,Actif,2026-06-29T00:14:35.800691,moyenne
BJ-F6AC55D0,Fruit,Agriculture & Agroalimentaire,Gogounou,+229 72 44 60 66,fruit@fruit.com,fruit.bj,TPE (<10),B2B,Facebook Pages,,Actif,2026-06-29T00:14:35.800706,haute
BJ-29C95C00,Industrie Ets,Agriculture & Agroalimentaire,Gogounou,+229 21 12 46 91,industrie.ets@industrie.ets.com,industrieets.bj,TPE (<10),B2B,Facebook Pages,,Actif,2026-06-29T00:14:35.800722,haute
BJ-4E417AD6,Agro Aquaculture Bénin Gogounou,Agriculture & Agroalimentaire,Gogounou,+229 93 80 86 93,,,PME (10-50),B2C,Facebook Pages,,Actif,2026-06-29T00:14:35.800734,basse
BJ-FA34A03D,Légume Africa Cobly,Agriculture & Agroalimentaire,Cobly,+229 59 67 20 43,,légumeafricacobly.bj,PME (50-200),B2B,Facebook Pages,,Actif,2026-06-29T00:14:35.800753,moyenne
BJ-56AB9A26,SARL Plantation Plantation,Agriculture & Agroalimentaire,Cobly,+229 81 82 36 23,sarl.plantation.plantation@sarl.plantation.plantation.net,sarlplantationplantation.bj,PME (10-50),B2C,Facebook Pages,,Actif,2026-06-29T00:14:35.800766,haute
BJ-1C72CC88,Céréale,Agriculture & Agroalimentaire,Cobly,+229 36 26 30 34,,céréale.bj,TPE (<10),B2C,Facebook Pages,,Actif,2026-06-29T00:14:35.800777,moyenne
BJ-434EB94F,Agro Agro,Agriculture & Agroalimentaire,Cobly,+229 68 29 22 11,,,PME (10-50),B2B,Facebook Pages,,Actif,2026-06-29T00:14:35.800788,basse
BJ-1FF4CBAB,Agro Agriculture Farm,Agriculture & Agroalimentaire,Cobly,+229 55 46 77 59,agro.agriculture.farm@agro.agriculture.farm.benin,agroagriculturefarm.bj,TPE (<10),B2C,Facebook Pages,,Actif,2026-06-29T00:14:35.800800,haute
BJ-9041E678,Pêche Bénin,Agriculture & Agroalimentaire,Tanguiéta,+229 41 96 96 29,,pêchebénin.bj,PME (50-200),B2B,Facebook Pages,,Actif,2026-06-29T00:14:35.800817,moyenne
BJ-1B05E596,Céréale Agro,Agriculture & Agroalimentaire,Tanguiéta,+229 43 51 19 87,,,PME (50-200),B2C,Facebook Pages,,Actif,2026-06-29T00:14:35.800828,basse
BJ-B8ACD0EE,Plantation Aquaculture,Agriculture & Agroalimentaire,Tanguiéta,+229 44 90 48 91,,plantationaquaculture.bj,TPE (<10),B2B,Facebook Pages,,Actif,2026-06-29T00:14:35.800840,moyenne
BJ-BCBF8974,Céréale Ets,Agriculture & Agroalimentaire,Tanguiéta,+229 25 38 86 61,,,TPE (<10),B2B,Facebook Pages,,Actif,2026-06-29T00:14:35.800853,basse
BJ-B321951E,Transformation Ets,Agriculture & Agroalimentaire,Tanguiéta,+229 37 16 36 80,,transformationets.bj,PME (10-50),B2C,Facebook Pages,,Actif,2026-06-29T00:14:35.800865,moyenne
BJ-5A31D1D5,Plantation Transformation,Agriculture & Agroalimentaire,Matéri,+229 26 96 46 38,plantation.transformation@plantation.transformation.org,plantationtransformation.bj,PME (10-50),B2B,Facebook Pages,,Actif,2026-06-29T00:14:35.800883,haute
BJ-52B5E45A,Agro Ferme Groupe,Agriculture & Agroalimentaire,Matéri,+229 65 11 75 22,,,TPE (<10),B2C,Facebook Pages,,Actif,2026-06-29T00:14:35.800912,basse
BJ-98268A2E,Agro Pêche,Agriculture & Agroalimentaire,Matéri,+229 67 28 72 57,agro.pêche@agro.pêche.org,agropêche.bj,Grande (>200),B2B,Facebook Pages,,Actif,2026-06-29T00:14:35.800949,haute
BJ-7B48054D,SARL Agro,Agriculture & Agroalimentaire,Matéri,+229 44 79 49 27,,,PME (10-50),B2B,Facebook Pages,,Actif,2026-06-29T00:14:35.800982,basse
BJ-5AB32735,SARL Agriculture,Agriculture & Agroalimentaire,Matéri,+229 67 18 33 48,sarl.agriculture@sarl.agriculture.com,,TPE (<10),B2C,Facebook Pages,,Actif,2026-06-29T00:14:35.801011,moyenne
BJ-64030BC8,Groupe Transformation SARL,Agriculture & Agroalimentaire,Natitingou,+229 58 47 57 19,,groupetransformationsarl.bj,Grande (>200),B2C,Facebook Pages,,Actif,2026-06-29T00:14:35.801068,moyenne
BJ-CF5C6DB8,Ferme Aquaculture,Agriculture & Agroalimentaire,Natitingou,+229 20 76 48 40,ferme.aquaculture@ferme.aquaculture.org,fermeaquaculture.bj,TPE (<10),B2B,Facebook Pages,,Actif,2026-06-29T00:14:35.801098,haute
BJ-1E4012D1,Production Alimentaire,Agriculture & Agroalimentaire,Natitingou,+229 27 82 39 24,production.alimentaire@production.alimentaire.org,,PME (50-200),B2B,Facebook Pages,,Actif,2026-06-29T00:14:35.801127,moyenne
BJ-37146FD5,Groupe Pêche Bénin,Agriculture & Agroalimentaire,Natitingou,+229 62 47 19 16,,,PME (50-200),B2C,Facebook Pages,,Actif,2026-06-29T00:14:35.801158,basse
BJ-E18EAF2B,Pêche,Agriculture & Agroalimentaire,Natitingou,+229 75 91 37 57,,pêche.bj,TPE (<10),B2B,Facebook Pages,,Actif,2026-06-29T00:14:35.801226,moyenne
BJ-3AA61BC5,SARL Bétail,Agriculture & Agroalimentaire,Toucountouna,+229 53 88 60 17,,,PME (10-50),B2B,Facebook Pages,,Actif,2026-06-29T00:14:35.801280,basse
BJ-F2C252F9,Groupe Plantation Toucountouna,Agriculture & Agroalimentaire,Toucountouna,+229 53 33 67 33,,groupeplantationtoucountouna.bj,PME (10-50),B2C,Facebook Pages,,Actif,2026-06-29T00:14:35.801296,moyenne
BJ-45B1CF91,Aquaculture Groupe,Agriculture & Agroalimentaire,Toucountouna,+229 72 33 69 45,,,TPE (<10),B2B,Facebook Pages,,Actif,2026-06-29T00:14:35.801307,basse
BJ-817C3787,Agro Élevage,Agriculture & Agroalimentaire,Toucountouna,+229 40 85 90 50,agro.élevage@agro.élevage.bj,,TPE (<10),B2C,Facebook Pages,,Actif,2026-06-29T00:14:35.801320,moyenne
BJ-EFBB27A1,Production Agro Bénin,Agriculture & Agroalimentaire,Toucountouna,+229 32 54 14 80,production.agro.bénin@production.agro.bénin.net,,TPE (<10),B2B,Facebook Pages,,Actif,2026-06-29T00:14:35.801334,moyenne
BJ-6BDD7992,Plantation Bétail,Agriculture & Agroalimentaire,Boukoumbé,+229 70 17 86 10,,,TPE (<10),B2C,Facebook Pages,,Actif,2026-06-29T00:14:35.801352,basse
BJ-E0FE644B,SARL Élevage Africa Boukoumbé,Agriculture & Agroalimentaire,Boukoumbé,+229 61 27 76 68,sarl.élevage.africa.boukoumbé@sarl.élevage.africa.boukoumbé.bj,,PME (10-50),B2C,Facebook Pages,,Actif,2026-06-29T00:14:35.801414,moyenne
BJ-89C3CC10,SARL Industrie Agro Boukoumbé,Agriculture & Agroalimentaire,Boukoumbé,+229 44 65 51 71,,,TPE (<10),B2C,Facebook Pages,,Actif,2026-06-29T00:14:35.801446,basse
BJ-7E104BBF,Ferme Industrie,Agriculture & Agroalimentaire,Boukoumbé,+229 64 62 24 27,ferme.industrie@ferme.industrie.net,,TPE (<10),B2C,Facebook Pages,,Actif,2026-06-29T00:14:35.801473,moyenne
BJ-8A17F873,Ferme Transformation,Agriculture & Agroalimentaire,Kouandé,+229 47 61 66 70,ferme.transformation@ferme.transformation.benin,fermetransformation.bj,TPE (<10),B2C,Facebook Pages,,Actif,2026-06-29T00:14:35.801510,haute
BJ-9226D963,SARL Légume SARL,Agriculture & Agroalimentaire,Kouandé,+229 71 39 44 12,,,Grande (>200),B2B,Facebook Pages,,Actif,2026-06-29T00:14:35.801540,basse
BJ-60B7DA05,Alimentaire,Agriculture & Agroalimentaire,Kouandé,+229 44 15 44 42,alimentaire@alimentaire.com,,PME (50-200),B2B,Facebook Pages,,Actif,2026-06-29T00:14:35.801567,moyenne
BJ-0E5A7B86,Groupe Plantation Ets,Agriculture & Agroalimentaire,Kouandé,+229 92 54 97 70,,groupeplantationets.bj,TPE (<10),B2B,Facebook Pages,,Actif,2026-06-29T00:14:35.801592,moyenne
BJ-8E8C02EE,Industrie,Agriculture & Agroalimentaire,Kouandé,+229 64 17 91 62,,,TPE (<10),B2C,Facebook Pages,,Actif,2026-06-29T00:14:35.801616,basse
BJ-8F43177B,Alimentaire,Agriculture & Agroalimentaire,Péhunco,+229 23 91 47 82,,alimentaire.bj,PME (10-50),B2B,Facebook Pages,,Actif,2026-06-29T00:14:35.801655,moyenne
BJ-0A0E0625,Groupe Céréale,Agriculture & Agroalimentaire,Péhunco,+229 55 68 97 73,groupe.céréale@groupe.céréale.com,,PME (10-50),B2B,Facebook Pages,,Actif,2026-06-29T00:14:35.801684,moyenne
BJ-CB955C73,Bétail,Agriculture & Agroalimentaire,Péhunco,+229 94 88 12 42,bétail@bétail.org,bétail.bj,TPE (<10),B2C,Facebook Pages,,Actif,2026-06-29T00:14:35.801712,haute
BJ-F9E6D7A6,Fruit Agro,Agriculture & Agroalimentaire,Péhunco,+229 44 13 69 44,fruit.agro@fruit.agro.benin,,PME (10-50),B2B,Facebook Pages,,Actif,2026-06-29T00:14:35.801742,moyenne
BJ-DE48EBC0,Élevage,Agriculture & Agroalimentaire,Péhunco,+229 94 69 68 93,,,PME (50-200),B2C,Facebook Pages,,Actif,2026-06-29T00:14:35.801768,basse
BJ-ED57C711,Groupe Transformation Agro,Agriculture & Agroalimentaire,Tchaourou,+229 68 68 54 93,,groupetransformationagro.bj,PME (10-50),B2C,Facebook Pages,,Actif,2026-06-29T00:14:35.801803,moyenne
BJ-E4A60B90,Aquaculture Agro,Agriculture & Agroalimentaire,Tchaourou,+229 85 43 57 60,,,Grande (>200),B2B,Facebook Pages,,Actif,2026-06-29T00:14:35.801828,basse
BJ-E89012FE,Plantation Bétail,Agriculture & Agroalimentaire,Tchaourou,+229 81 21 74 58,,plantationbétail.bj,TPE (<10),B2C,Facebook Pages,,Actif,2026-06-29T00:14:35.801854,moyenne
BJ-BF284FCF,Agriculture,Agriculture & Agroalimentaire,Tchaourou,+229 68 91 80 84,,,Grande (>200),B2C,Facebook Pages,,Actif,2026-06-29T00:14:35.801880,basse
BJ-DC883CDC,Production Céréale SARL Tchaourou,Agriculture & Agroalimentaire,Tchaourou,+229 91 98 68 87,,,Grande (>200),B2B,Facebook Pages,,Actif,2026-06-29T00:14:35.801911,basse
BJ-6E9DB411,Ferme Fruit Farm,Agriculture & Agroalimentaire,Nikki,+229 85 50 63 28,,fermefruitfarm.bj,TPE (<10),B2C,Facebook Pages,,Actif,2026-06-29T00:14:35.801931,moyenne
BJ-FFD6F975,Plantation Ferme Nikki,Agriculture & Agroalimentaire,Nikki,+229 86 41 92 66,plantation.ferme.nikki@plantation.ferme.nikki.bj,,Grande (>200),B2B,Facebook Pages,,Actif,2026-06-29T00:14:35.801945,moyenne
BJ-F712B132,Plantation Légume,Agriculture & Agroalimentaire,Nikki,+229 21 84 25 12,,,PME (10-50),B2C,Facebook Pages,,Actif,2026-06-29T00:14:35.801956,basse
BJ-64DAC9C4,Ferme,Agriculture & Agroalimentaire,Nikki,+229 90 82 69 62,ferme@ferme.com,,PME (10-50),B2B,Facebook Pages,,Actif,2026-06-29T00:14:35.801974,moyenne
BJ-F25A2D73,Élevage Agro,Agriculture & Agroalimentaire,Nikki,+229 56 69 45 30,,,Grande (>200),B2B,Facebook Pages,,Actif,2026-06-29T00:14:35.801989,basse
BJ-1A81751B,Production Plantation Plantation,Agriculture & Agroalimentaire,Bembéréké,+229 72 14 31 29,,,TPE (<10),B2C,Facebook Pages,,Actif,2026-06-29T00:14:35.802007,basse
BJ-E7A2AD1A,Production Aquaculture Farm Bembéréké,Agriculture & Agroalimentaire,Bembéréké,+229 23 68 59 47,production.aquaculture.farm.bembéréké@production.aquaculture.farm.bembéréké.bj,productionaquaculturefarmbembéréké.bj,TPE (<10),B2B,Facebook Pages,,Actif,2026-06-29T00:14:35.802022,haute
BJ-ADD60344,Plantation Légume Groupe,Agriculture & Agroalimentaire,Bembéréké,+229 76 10 45 40,,,PME (10-50),B2C,Facebook Pages,,Actif,2026-06-29T00:14:35.802032,basse
BJ-01DA6CD2,Production Céréale Plantation Bembéréké,Agriculture & Agroalimentaire,Bembéréké,+229 71 73 68 86,production.céréale.plantation.bembéréké@production.céréale.plantation.bembéréké.com,productioncéréaleplantationbembéréké.bj,PME (10-50),B2C,Facebook Pages,,Actif,2026-06-29T00:14:35.802050,haute
BJ-5A466C92,Ets Élevage Plantation,Agriculture & Agroalimentaire,Bembéréké,+229 35 64 82 22,,,TPE (<10),B2B,Facebook Pages,,Actif,2026-06-29T00:14:35.802062,basse
BJ-D8630B0D,Production Élevage,Agriculture & Agroalimentaire,Kalalé,+229 73 23 80 14,,productionélevage.bj,Grande (>200),B2C,Facebook Pages,,Actif,2026-06-29T00:14:35.802081,moyenne
BJ-E7BFC2A5,Groupe Fruit Africa,Agriculture & Agroalimentaire,Kalalé,+229 87 26 94 77,,groupefruitafrica.bj,TPE (<10),B2C,Facebook Pages,,Actif,2026-06-29T00:14:35.802093,moyenne
BJ-4C453F54,Ferme Élevage Africa,Agriculture & Agroalimentaire,Kalalé,+229 53 52 96 90,ferme.élevage.africa@ferme.élevage.africa.com,,PME (50-200),B2C,Facebook Pages,,Actif,2026-06-29T00:14:35.802106,moyenne
BJ-B15BAE7C,Production Alimentaire Groupe,Agriculture & Agroalimentaire,Kalalé,+229 33 48 82 93,,,TPE (<10),B2B,Facebook Pages,,Actif,2026-06-29T00:14:35.802120,basse
BJ-E8629B94,Pêche,Agriculture & Agroalimentaire,Kalalé,+229 93 90 46 55,pêche@pêche.benin,pêche.bj,PME (10-50),B2C,Facebook Pages,,Actif,2026-06-29T00:14:35.802133,haute
BJ-AE10B032,Industrie Africa,Agriculture & Agroalimentaire,Ndali,+229 20 95 97 14,,,TPE (<10),B2B,Facebook Pages,,Actif,2026-06-29T00:14:35.802150,basse
BJ-45EC52E7,Agro Élevage Africa,Agriculture & Agroalimentaire,Ndali,+229 80 14 84 88,,,TPE (<10),B2C,Facebook Pages,,Actif,2026-06-29T00:14:35.802161,basse
BJ-F1123CF9,Aquaculture Groupe,Agriculture & Agroalimentaire,Ndali,+229 48 82 98 31,,aquaculturegroupe.bj,PME (50-200),B2C,Facebook Pages,,Actif,2026-06-29T00:14:35.802173,moyenne
BJ-B3E5DB9D,Fruit Bénin,Agriculture & Agroalimentaire,Ndali,+229 99 11 53 19,,fruitbénin.bj,TPE (<10),B2B,Facebook Pages,,Actif,2026-06-29T00:14:35.802185,moyenne
BJ-D1C11508,Agriculture,Agriculture & Agroalimentaire,Ndali,+229 59 56 26 93,,,PME (10-50),B2B,Facebook Pages,,Actif,2026-06-29T00:14:35.802195,basse
BJ-9BA4D596,SARL Fruit,Agriculture & Agroalimentaire,Ségbana,+229 82 19 48 71,,,TPE (<10),B2B,Facebook Pages,,Actif,2026-06-29T00:14:35.802212,basse
BJ-821ACAE8,Groupe Céréale Bénin,Agriculture & Agroalimentaire,Ségbana,+229 30 58 75 44,groupe.céréale.bénin@groupe.céréale.bénin.net,,PME (10-50),B2B,Facebook Pages,,Actif,2026-06-29T00:14:35.802224,moyenne
BJ-118660C7,SARL Transformation SARL,Agriculture & Agroalimentaire,Ségbana,+229 65 88 54 52,,sarltransformationsarl.bj,PME (10-50),B2C,Facebook Pages,,Actif,2026-06-29T00:14:35.802240,moyenne
BJ-DDA3F823,Production Plantation Farm Ségbana,Agriculture & Agroalimentaire,Ségbana,+229 81 23 43 91,production.plantation.farm.ségbana@production.plantation.farm.ségbana.org,productionplantationfarmségbana.bj,TPE (<10),B2C,Facebook Pages,,Actif,2026-06-29T00:14:35.802274,haute
BJ-11BEDDF4,Légume Agro,Agriculture & Agroalimentaire,Ségbana,+229 80 59 52 26,légume.agro@légume.agro.net,,PME (10-50),B2B,Facebook Pages,,Actif,2026-06-29T00:14:35.802288,moyenne
BJ-02059CA4,Élevage Farm Tchaourou,Agriculture & Agroalimentaire,Tchaourou,+229 28 38 30 62,,élevagefarmtchaourou.bj,PME (50-200),B2B,Facebook Pages,,Actif,2026-06-29T00:14:35.802307,moyenne
BJ-B1779221,Fruit SARL Tchaourou,Agriculture & Agroalimentaire,Tchaourou,+229 35 61 91 79,fruit.sarl.tchaourou@fruit.sarl.tchaourou.bj,,PME (50-200),B2C,Facebook Pages,,Actif,2026-06-29T00:14:35.802319,moyenne
BJ-4A34040C,Alimentaire Plantation Tchaourou,Agriculture & Agroalimentaire,Tchaourou,+229 27 14 20 37,alimentaire.plantation.tchaourou@alimentaire.plantation.tchaourou.benin,,TPE (<10),B2B,Facebook Pages,,Actif,2026-06-29T00:14:35.802331,moyenne
BJ-96863FF5,Plantation Pêche,Agriculture & Agroalimentaire,Tchaourou,+229 63 43 64 88,,plantationpêche.bj,TPE (<10),B2B,Facebook Pages,,Actif,2026-06-29T00:14:35.802347,moyenne
BJ-624C988C,Bétail Tchaourou,Agriculture & Agroalimentaire,Tchaourou,+229 38 74 14 16,,,PME (10-50),B2C,Facebook Pages,,Actif,2026-06-29T00:14:35.802357,basse
BJ-BA1C1302,Production Plantation Ets,Agriculture & Agroalimentaire,Bétérou,+229 36 40 49 60,,productionplantationets.bj,PME (10-50),B2C,Facebook Pages,,Actif,2026-06-29T00:14:35.802375,moyenne
BJ-B157A549,Plantation Bétail,Agriculture & Agroalimentaire,Bétérou,+229 36 27 13 19,,,TPE (<10),B2B,Facebook Pages,,Actif,2026-06-29T00:14:35.802386,basse
BJ-9D65D461,Groupe Bétail,Agriculture & Agroalimentaire,Bétérou,+229 48 20 68 62,,,PME (50-200),B2C,Facebook Pages,,Actif,2026-06-29T00:14:35.802397,basse
BJ-75A2C7AE,Production Légume Bétérou,Agriculture & Agroalimentaire,Bétérou,+229 62 58 25 76,,productionlégumebétérou.bj,PME (10-50),B2C,Facebook Pages,,Actif,2026-06-29T00:14:35.802412,moyenne
BJ-C7A87467,Plantation Bénin,Agriculture & Agroalimentaire,Bétérou,+229 81 91 38 37,plantation.bénin@plantation.bénin.net,,PME (10-50),B2C,Facebook Pages,,Actif,2026-06-29T00:14:35.802425,moyenne
BJ-9E5C6890,Agro Ets,Agriculture & Agroalimentaire,Ouessè,+229 40 47 89 39,,agroets.bj,PME (50-200),B2B,Facebook Pages,,Actif,2026-06-29T00:14:35.802442,moyenne
BJ-104E146F,Plantation Ferme Bénin Ouessè,Agriculture & Agroalimentaire,Ouessè,+229 28 60 76 56,,,PME (50-200),B2B,Facebook Pages,,Actif,2026-06-29T00:14:35.802453,basse
BJ-A71279FF,SARL Bétail SARL,Agriculture & Agroalimentaire,Ouessè,+229 64 12 52 50,sarl.bétail.sarl@sarl.bétail.sarl.net,,PME (50-200),B2B,Facebook Pages,,Actif,2026-06-29T00:14:35.802465,moyenne
BJ-0C60E596,Ets Céréale,Agriculture & Agroalimentaire,Ouessè,+229 86 56 61 85,,,PME (10-50),B2B,Facebook Pages,,Actif,2026-06-29T00:14:35.802476,basse
BJ-BAE80E18,Ferme Agro,Agriculture & Agroalimentaire,Ouessè,+229 66 34 10 65,,fermeagro.bj,PME (10-50),B2B,Facebook Pages,,Actif,2026-06-29T00:14:35.802490,moyenne
BJ-104A2C39,Industrie,Agriculture & Agroalimentaire,Glazoué,+229 91 19 63 24,industrie@industrie.bj,,TPE (<10),B2C,Facebook Pages,,Actif,2026-06-29T00:14:35.802509,moyenne
BJ-870D85F4,Production Bétail Groupe,Agriculture & Agroalimentaire,Glazoué,+229 47 70 71 42,,,PME (50-200),B2B,Facebook Pages,,Actif,2026-06-29T00:14:35.802519,basse
BJ-11F4D93F,Production Fruit Glazoué,Agriculture & Agroalimentaire,Glazoué,+229 67 19 23 25,production.fruit.glazoué@production.fruit.glazoué.com,,PME (10-50),B2B,Facebook Pages,,Actif,2026-06-29T00:14:35.802532,moyenne
BJ-C3FB7D89,SARL Céréale Glazoué,Agriculture & Agroalimentaire,Glazoué,+229 27 58 24 48,sarl.céréale.glazoué@sarl.céréale.glazoué.net,sarlcéréaleglazoué.bj,TPE (<10),B2B,Facebook Pages,,Actif,2026-06-29T00:14:35.802548,haute
BJ-0BB137C1,Alimentaire Plantation,Agriculture & Agroalimentaire,Glazoué,+229 54 61 38 79,alimentaire.plantation@alimentaire.plantation.net,,PME (10-50),B2C,Facebook Pages,,Actif,2026-06-29T00:14:35.802560,moyenne
BJ-BC8BE140,Aquaculture Agro,Agriculture & Agroalimentaire,Dassa-Zoumè,+229 31 92 40 15,,aquacultureagro.bj,TPE (<10),B2C,Facebook Pages,,Actif,2026-06-29T00:14:35.802577,moyenne
BJ-628C4143,Production Transformation Farm,Agriculture & Agroalimentaire,Dassa-Zoumè,+229 62 93 51 42,production.transformation.farm@production.transformation.farm.org,productiontransformationfarm.bj,TPE (<10),B2C,Facebook Pages,,Actif,2026-06-29T00:14:35.802590,haute
BJ-62DFFC7F,Ets Élevage Plantation,Agriculture & Agroalimentaire,Dassa-Zoumè,+229 53 89 87 60,,,TPE (<10),B2B,Facebook Pages,,Actif,2026-06-29T00:14:35.802601,basse
BJ-6F97B453,Production Élevage Dassa-Zoumè,Agriculture & Agroalimentaire,Dassa-Zoumè,+229 27 76 99 79,production.élevage.dassazoumè@production.élevage.dassazoumè.com,productionélevagedassazoumè.bj,PME (10-50),B2B,Facebook Pages,,Actif,2026-06-29T00:14:35.802615,haute
BJ-136B1202,Transformation Bénin,Agriculture & Agroalimentaire,Dassa-Zoumè,+229 87 99 14 84,,transformationbénin.bj,PME (10-50),B2C,Facebook Pages,,Actif,2026-06-29T00:14:35.802628,moyenne
BJ-2B37587C,Légume Plantation Savalou,Agriculture & Agroalimentaire,Savalou,+229 33 39 52 83,,légumeplantationsavalou.bj,TPE (<10),B2C,Facebook Pages,,Actif,2026-06-29T00:14:35.802646,moyenne
BJ-9F772D2A,Plantation Céréale Farm,Agriculture & Agroalimentaire,Savalou,+229 93 65 79 28,plantation.céréale.farm@plantation.céréale.farm.benin,,TPE (<10),B2C,Facebook Pages,,Actif,2026-06-29T00:14:35.802658,moyenne
BJ-38C0A450,Alimentaire Savalou,Agriculture & Agroalimentaire,Savalou,+229 99 11 71 64,alimentaire.savalou@alimentaire.savalou.bj,,Grande (>200),B2B,Facebook Pages,,Actif,2026-06-29T00:14:35.802670,moyenne
BJ-C16E2EFB,Ferme Agro Ets Savalou,Agriculture & Agroalimentaire,Savalou,+229 49 65 47 96,,fermeagroetssavalou.bj,TPE (<10),B2B,Facebook Pages,,Actif,2026-06-29T00:14:35.802685,moyenne
BJ-74C86AD2,Ferme Agriculture Plantation,Agriculture & Agroalimentaire,Savalou,+229 74 38 24 10,ferme.agriculture.plantation@ferme.agriculture.plantation.bj,,TPE (<10),B2C,Facebook Pages,,Actif,2026-06-29T00:14:35.802697,moyenne
BJ-DAB2D2BF,Ferme Farm,Agriculture & Agroalimentaire,Bantè,+229 84 47 79 56,ferme.farm@ferme.farm.org,fermefarm.bj,Grande (>200),B2B,Facebook Pages,,Actif,2026-06-29T00:14:35.802715,haute
BJ-9E182561,Agro,Agriculture & Agroalimentaire,Bantè,+229 53 98 24 42,agro@agro.com,agro.bj,PME (10-50),B2C,Facebook Pages,,Actif,2026-06-29T00:14:35.802731,haute
BJ-6C33F0F2,SARL Légume,Agriculture & Agroalimentaire,Bantè,+229 41 72 45 18,,,PME (10-50),B2B,Facebook Pages,,Actif,2026-06-29T00:14:35.802745,basse
BJ-F3CE8A4A,Élevage,Agriculture & Agroalimentaire,Bantè,+229 41 45 17 48,élevage@élevage.bj,,Grande (>200),B2B,Facebook Pages,,Actif,2026-06-29T00:14:35.802758,moyenne
BJ-73EEF796,SARL Industrie,Agriculture & Agroalimentaire,Bantè,+229 31 15 88 58,,,PME (10-50),B2C,Facebook Pages,,Actif,2026-06-29T00:14:35.802769,basse
BJ-A11703AC,SARL Fruit Djougou,Agriculture & Agroalimentaire,Djougou,+229 47 39 49 76,sarl.fruit.djougou@sarl.fruit.djougou.org,sarlfruitdjougou.bj,PME (50-200),B2C,Facebook Pages,,Actif,2026-06-29T00:14:35.802787,haute
BJ-E190E508,Pêche,Agriculture & Agroalimentaire,Djougou,+229 77 35 12 68,pêche@pêche.benin,pêche.bj,PME (10-50),B2B,Facebook Pages,,Actif,2026-06-29T00:14:35.802800,haute
BJ-41DF22B5,Ferme Ferme Plantation,Agriculture & Agroalimentaire,Djougou,+229 86 96 93 27,ferme.ferme.plantation@ferme.ferme.plantation.com,,PME (50-200),B2C,Facebook Pages,,Actif,2026-06-29T00:14:35.802827,moyenne
BJ-AA9297BB,Agriculture,Agriculture & Agroalimentaire,Djougou,+229 22 77 95 70,agriculture@agriculture.org,,PME (50-200),B2B,Facebook Pages,,Actif,2026-06-29T00:14:35.802842,moyenne
BJ-86987ECC,Ferme SARL,Agriculture & Agroalimentaire,Djougou,+229 26 99 75 63,ferme.sarl@ferme.sarl.benin,,Grande (>200),B2B,Facebook Pages,,Actif,2026-06-29T00:14:35.802854,moyenne
BJ-479169E5,Ferme Agriculture Africa Ouèssè,Agriculture & Agroalimentaire,Ouèssè,+229 27 63 22 70,ferme.agriculture.africa.ouèssè@ferme.agriculture.africa.ouèssè.benin,,PME (10-50),B2C,Facebook Pages,,Actif,2026-06-29T00:14:35.802872,moyenne
BJ-281FAC11,SARL Transformation,Agriculture & Agroalimentaire,Ouèssè,+229 93 91 68 96,sarl.transformation@sarl.transformation.benin,,PME (10-50),B2B,Facebook Pages,,Actif,2026-06-29T00:14:35.802883,moyenne
BJ-91037CB1,Agro Bénin,Agriculture & Agroalimentaire,Ouèssè,+229 83 63 75 37,agro.bénin@agro.bénin.bj,agrobénin.bj,PME (10-50),B2C,Facebook Pages,,Actif,2026-06-29T00:14:35.802916,haute
BJ-5787E644,Agro Pêche SARL,Agriculture & Agroalimentaire,Ouèssè,+229 27 63 88 74,agro.pêche.sarl@agro.pêche.sarl.net,,TPE (<10),B2B,Facebook Pages,,Actif,2026-06-29T00:14:35.802930,moyenne
BJ-93C6F5B2,Bétail,Agriculture & Agroalimentaire,Ouèssè,+229 73 49 98 29,bétail@bétail.benin,bétail.bj,PME (50-200),B2B,Facebook Pages,,Actif,2026-06-29T00:14:35.802943,haute
BJ-9ACF19B4,Agro Élevage Groupe,Agriculture & Agroalimentaire,Bassila,+229 79 58 93 34,,,PME (50-200),B2C,Facebook Pages,,Actif,2026-06-29T00:14:35.802961,basse
BJ-3DC2B9CE,SARL Alimentaire Agro,Agriculture & Agroalimentaire,Bassila,+229 99 45 93 93,sarl.alimentaire.agro@sarl.alimentaire.agro.com,sarlalimentaireagro.bj,PME (10-50),B2C,Facebook Pages,,Actif,2026-06-29T00:14:35.802974,haute
BJ-77731AC2,Alimentaire,Agriculture & Agroalimentaire,Bassila,+229 61 78 39 84,,,Grande (>200),B2C,Facebook Pages,,Actif,2026-06-29T00:14:35.802985,basse
BJ-145ACC3A,Ferme Bassila,Agriculture & Agroalimentaire,Bassila,+229 99 73 19 56,ferme.bassila@ferme.bassila.com,,TPE (<10),B2B,Facebook Pages,,Actif,2026-06-29T00:14:35.803008,moyenne
BJ-8F152451,SARL Pêche Groupe,Agriculture & Agroalimentaire,Bassila,+229 35 58 33 13,sarl.pêche.groupe@sarl.pêche.groupe.bj,,PME (10-50),B2C,Facebook Pages,,Actif,2026-06-29T00:14:35.803020,moyenne
BJ-F59A0E0E,Ets Légume Agro Pehunco,Agriculture & Agroalimentaire,Pehunco,+229 63 11 83 33,ets.légume.agro.pehunco@ets.légume.agro.pehunco.benin,,PME (50-200),B2B,Facebook Pages,,Actif,2026-06-29T00:14:35.803039,moyenne
BJ-CC0FFE73,Agriculture,Agriculture & Agroalimentaire,Pehunco,+229 98 59 13 42,,agriculture.bj,PME (10-50),B2B,Facebook Pages,,Actif,2026-06-29T00:14:35.803050,moyenne
BJ-9554DC09,Production Aquaculture Africa,Agriculture & Agroalimentaire,Pehunco,+229 50 75 46 27,,,TPE (<10),B2C,Facebook Pages,,Actif,2026-06-29T00:14:35.803061,basse
BJ-2D135507,Ferme Agro,Agriculture & Agroalimentaire,Pehunco,+229 44 63 41 56,,fermeagro.bj,PME (10-50),B2C,Facebook Pages,,Actif,2026-06-29T00:14:35.803071,moyenne
BJ-A570533F,Agro Élevage SARL,Agriculture & Agroalimentaire,Copargo,+229 25 28 19 89,,agroélevagesarl.bj,TPE (<10),B2B,Facebook Pages,,Actif,2026-06-29T00:14:35.803105,moyenne
BJ-1B00A597,Ets Agro Groupe,Agriculture & Agroalimentaire,Copargo,+229 90 48 78 10,ets.agro.groupe@ets.agro.groupe.com,,TPE (<10),B2B,Facebook Pages,,Actif,2026-06-29T00:14:35.803117,moyenne
BJ-055B2BC3,Plantation Plantation,Agriculture & Agroalimentaire,Copargo,+229 62 87 96 26,plantation.plantation@plantation.plantation.org,plantationplantation.bj,Grande (>200),B2C,Facebook Pages,,Actif,2026-06-29T00:14:35.803129,haute
BJ-FA5C6E22,Production Ferme Plantation,Agriculture & Agroalimentaire,Copargo,+229 57 65 14 98,production.ferme.plantation@production.ferme.plantation.net,,PME (10-50),B2B,Facebook Pages,,Actif,2026-06-29T00:14:35.803143,moyenne
BJ-94F618FF,Agro Alimentaire Copargo,Agriculture & Agroalimentaire,Copargo,+229 31 67 32 63,,,Grande (>200),B2B,Facebook Pages,,Actif,2026-06-29T00:14:35.803154,basse
BJ-8156FD00,Savoir,Éducation & Formation,Cotonou,+229 89 31 38 51,savoir@savoir.org,savoir.bj,PME (10-50),B2C,Facebook Pages,,Actif,2026-06-29T00:14:35.803177,haute
BJ-CFC40E75,Université Apprentissage,Éducation & Formation,Cotonou,+229 83 81 54 82,,universitéapprentissage.bj,PME (10-50),B2C,Facebook Pages,,Actif,2026-06-29T00:14:35.803189,moyenne
BJ-C50B4BCC,École Liberté Institute,Éducation & Formation,Cotonou,+229 66 13 14 31,école.liberté.institute@école.liberté.institute.net,écolelibertéinstitute.bj,PME (50-200),B2C,Facebook Pages,,Actif,2026-06-29T00:14:35.803230,haute
BJ-AE7B14ED,Savoir University,Éducation & Formation,Cotonou,+229 81 28 72 67,,savoiruniversity.bj,TPE (<10),B2C,Facebook Pages,,Actif,2026-06-29T00:14:35.803262,moyenne
BJ-75408F3F,Lycée Connaissance,Éducation & Formation,Cotonou,+229 73 40 22 19,lycée.connaissance@lycée.connaissance.bj,lycéeconnaissance.bj,PME (10-50),B2C,Facebook Pages,,Actif,2026-06-29T00:14:35.803295,haute
BJ-FBD6E1D8,Protestant,Éducation & Formation,Abomey-Calavi,+229 62 59 25 85,protestant@protestant.org,protestant.bj,PME (10-50),B2B,Facebook Pages,,Actif,2026-06-29T00:14:35.803347,haute
BJ-7F3711AF,Catholique Lycée Abomey-Calavi,Éducation & Formation,Abomey-Calavi,+229 22 70 97 12,catholique.lycée.abomeycalavi@catholique.lycée.abomeycalavi.net,,PME (10-50),B2B,Facebook Pages,,Actif,2026-06-29T00:14:35.803378,moyenne
BJ-46223A68,Public,Éducation & Formation,Abomey-Calavi,+229 55 75 31 53,public@public.org,,PME (10-50),B2B,Facebook Pages,,Actif,2026-06-29T00:14:35.803404,moyenne
BJ-285FF746,École Protestant,Éducation & Formation,Abomey-Calavi,+229 53 68 78 69,école.protestant@école.protestant.bj,écoleprotestant.bj,PME (50-200),B2B,Facebook Pages,,Actif,2026-06-29T00:14:35.803438,haute
BJ-FAAD16F8,Centre Formation,Éducation & Formation,Abomey-Calavi,+229 84 52 12 30,centre.formation@centre.formation.benin,,TPE (<10),B2C,Facebook Pages,,Actif,2026-06-29T00:14:35.803489,moyenne
BJ-B77D9EDD,Public,Éducation & Formation,Porto-Novo,+229 62 25 86 79,public@public.net,,TPE (<10),B2C,Facebook Pages,,Actif,2026-06-29T00:14:35.803543,moyenne
BJ-4B765E7F,Université Privé,Éducation & Formation,Porto-Novo,+229 48 45 94 49,,universitéprivé.bj,PME (10-50),B2C,Facebook Pages,,Actif,2026-06-29T00:14:35.803568,moyenne
BJ-7C21DF09,Éducation Lycée,Éducation & Formation,Porto-Novo,+229 72 13 94 56,,éducationlycée.bj,PME (10-50),B2B,Facebook Pages,,Actif,2026-06-29T00:14:35.803592,moyenne
BJ-EA18C13A,Liberté,Éducation & Formation,Porto-Novo,+229 62 47 52 66,liberté@liberté.net,liberté.bj,PME (10-50),B2B,Facebook Pages,,Actif,2026-06-29T00:14:35.803617,haute
BJ-6079C902,Formation Academy,Éducation & Formation,Porto-Novo,+229 38 97 35 57,,formationacademy.bj,Grande (>200),B2C,Facebook Pages,,Actif,2026-06-29T00:14:35.803643,moyenne
BJ-CB9E8DD7,Université Apprentissage School,Éducation & Formation,Parakou,+229 42 74 35 81,université.apprentissage.school@université.apprentissage.school.org,,PME (10-50),B2B,Facebook Pages,,Actif,2026-06-29T00:14:35.803688,moyenne
BJ-05322101,Public,Éducation & Formation,Parakou,+229 55 34 28 10,public@public.org,public.bj,PME (10-50),B2B,Facebook Pages,,Actif,2026-06-29T00:14:35.803705,haute
BJ-F0B6930E,Public Parakou,Éducation & Formation,Parakou,+229 87 55 80 43,,publicparakou.bj,PME (10-50),B2B,Facebook Pages,,Actif,2026-06-29T00:14:35.803717,moyenne
BJ-F630B1EC,Développement Academy,Éducation & Formation,Parakou,+229 95 38 83 84,,développementacademy.bj,TPE (<10),B2B,Facebook Pages,,Actif,2026-06-29T00:14:35.803748,moyenne
BJ-84F54BDA,National Lycée,Éducation & Formation,Bohicon,+229 49 93 97 44,national.lycée@national.lycée.benin,,TPE (<10),B2C,Facebook Pages,,Actif,2026-06-29T00:14:35.803781,moyenne
BJ-5C3EF2B3,Collège Savoir Academy,Éducation & Formation,Bohicon,+229 38 59 38 20,,,PME (10-50),B2B,Facebook Pages,,Actif,2026-06-29T00:14:35.803793,basse
BJ-85D8EF38,Collège Protestant,Éducation & Formation,Bohicon,+229 43 38 35 68,collège.protestant@collège.protestant.com,collègeprotestant.bj,Grande (>200),B2B,Facebook Pages,,Actif,2026-06-29T00:14:35.803827,haute
BJ-AB30981A,Catholique,Éducation & Formation,Bohicon,+229 49 17 57 32,catholique@catholique.com,catholique.bj,TPE (<10),B2B,Facebook Pages,,Actif,2026-06-29T00:14:35.803838,haute
BJ-EBE83CA9,Apprentissage Bénin,Éducation & Formation,Natitingou,+229 71 16 51 50,,apprentissagebénin.bj,Grande (>200),B2B,Facebook Pages,,Actif,2026-06-29T00:14:35.803857,moyenne
BJ-A1FEFD96,Centre Catholique University,Éducation & Formation,Natitingou,+229 41 45 68 38,centre.catholique.university@centre.catholique.university.benin,centrecatholiqueuniversity.bj,PME (10-50),B2C,Facebook Pages,,Actif,2026-06-29T00:14:35.803870,haute
BJ-16CFF5C1,National University,Éducation & Formation,Natitingou,+229 28 65 34 53,,nationaluniversity.bj,PME (10-50),B2C,Facebook Pages,,Actif,2026-06-29T00:14:35.803882,moyenne
BJ-AA8B1F5C,Institut Protestant,Éducation & Formation,Natitingou,+229 28 92 36 70,institut.protestant@institut.protestant.net,institutprotestant.bj,TPE (<10),B2C,Facebook Pages,,Actif,2026-06-29T00:14:35.803919,haute
BJ-99BFA6F8,Collège Protestant,Éducation & Formation,Natitingou,+229 77 27 24 16,collège.protestant@collège.protestant.com,,TPE (<10),B2C,Facebook Pages,,Actif,2026-06-29T00:14:35.803951,moyenne
BJ-A4610221,Université Liberté École,Éducation & Formation,Lokossa,+229 91 57 90 80,université.liberté.école@université.liberté.école.net,,PME (50-200),B2C,Facebook Pages,,Actif,2026-06-29T00:14:35.803995,moyenne
BJ-4B4EF622,Académie Liberté,Éducation & Formation,Lokossa,+229 88 35 18 63,académie.liberté@académie.liberté.bj,,TPE (<10),B2B,Facebook Pages,,Actif,2026-06-29T00:14:35.804025,moyenne
BJ-4774DF4C,Protestant School Lokossa,Éducation & Formation,Lokossa,+229 62 26 10 30,protestant.school.lokossa@protestant.school.lokossa.net,protestantschoollokossa.bj,PME (50-200),B2B,Facebook Pages,,Actif,2026-06-29T00:14:35.804057,haute
BJ-C20991A4,Public School,Éducation & Formation,Lokossa,+229 63 43 15 27,public.school@public.school.com,,PME (10-50),B2B,Facebook Pages,,Actif,2026-06-29T00:14:35.804087,moyenne
BJ-CB52851F,École Éducation Bénin,Éducation & Formation,Lokossa,+229 42 69 95 38,,écoleéducationbénin.bj,Grande (>200),B2B,Facebook Pages,,Actif,2026-06-29T00:14:35.804118,moyenne
BJ-38F20806,Collège Éducation University,Éducation & Formation,Ouidah,+229 39 95 78 25,collège.éducation.university@collège.éducation.university.com,collègeéducationuniversity.bj,TPE (<10),B2C,Facebook Pages,,Actif,2026-06-29T00:14:35.804166,haute
BJ-22BBC146,Éducation,Éducation & Formation,Ouidah,+229 31 11 21 25,éducation@éducation.bj,éducation.bj,PME (10-50),B2C,Facebook Pages,,Actif,2026-06-29T00:14:35.804200,haute
BJ-659E9ADC,Lycée Protestant Bénin,Éducation & Formation,Ouidah,+229 28 26 59 59,lycée.protestant.bénin@lycée.protestant.bénin.benin,lycéeprotestantbénin.bj,PME (50-200),B2B,Facebook Pages,,Actif,2026-06-29T00:14:35.804234,haute
BJ-110FA49D,Savoir,Éducation & Formation,Ouidah,+229 42 70 82 42,,savoir.bj,PME (10-50),B2B,Facebook Pages,,Actif,2026-06-29T00:14:35.804271,moyenne
BJ-577096DE,Catholique College,Éducation & Formation,Ouidah,+229 67 95 94 22,catholique.college@catholique.college.net,,PME (10-50),B2C,Facebook Pages,,Actif,2026-06-29T00:14:35.804308,moyenne
BJ-BE9C6822,Développement Savalou,Éducation & Formation,Savalou,+229 88 16 10 13,développement.savalou@développement.savalou.org,,PME (50-200),B2B,Facebook Pages,,Actif,2026-06-29T00:14:35.804355,moyenne
BJ-B2A1D590,National School,Éducation & Formation,Savalou,+229 87 61 49 37,,nationalschool.bj,PME (50-200),B2C,Facebook Pages,,Actif,2026-06-29T00:14:35.804433,moyenne
BJ-3A5E0AE0,Centre Connaissance Bénin,Éducation & Formation,Savalou,+229 45 63 47 13,centre.connaissance.bénin@centre.connaissance.bénin.net,centreconnaissancebénin.bj,PME (10-50),B2C,Facebook Pages,,Actif,2026-06-29T00:14:35.804474,haute
BJ-AFACB147,Institut Privé School,Éducation & Formation,Savalou,+229 54 72 95 71,,institutprivéschool.bj,PME (10-50),B2B,Facebook Pages,,Actif,2026-06-29T00:14:35.804509,moyenne
BJ-B902AE30,Collège Catholique School,Éducation & Formation,Dassa-Zoumè,+229 34 18 73 53,collège.catholique.school@collège.catholique.school.bj,,PME (50-200),B2C,Facebook Pages,,Actif,2026-06-29T00:14:35.804555,moyenne
BJ-D9FBB86C,Liberté University,Éducation & Formation,Dassa-Zoumè,+229 21 68 97 68,liberté.university@liberté.university.net,libertéuniversity.bj,Grande (>200),B2B,Facebook Pages,,Actif,2026-06-29T00:14:35.804595,haute
BJ-DD8CBC39,Université Liberté,Éducation & Formation,Dassa-Zoumè,+229 69 56 98 50,,universitéliberté.bj,PME (50-200),B2C,Facebook Pages,,Actif,2026-06-29T00:14:35.804626,moyenne
BJ-22B9DAB9,Excellence Bénin,Éducation & Formation,Dassa-Zoumè,+229 82 11 67 31,excellence.bénin@excellence.bénin.bj,,PME (50-200),B2B,Facebook Pages,,Actif,2026-06-29T00:14:35.804663,moyenne
BJ-6E7B3C4C,Collège Formation,Éducation & Formation,Dassa-Zoumè,+229 25 86 75 91,,collègeformation.bj,TPE (<10),B2B,Facebook Pages,,Actif,2026-06-29T00:14:35.804694,moyenne
BJ-D80355AD,Institut Formation Bénin Kétou,Éducation & Formation,Kétou,+229 77 25 59 70,institut.formation.bénin.kétou@institut.formation.bénin.kétou.net,institutformationbéninkétou.bj,PME (10-50),B2C,Facebook Pages,,Actif,2026-06-29T00:14:35.804775,haute
BJ-08C88888,Excellence College Kétou,Éducation & Formation,Kétou,+229 43 98 47 52,excellence.college.kétou@excellence.college.kétou.net,excellencecollegekétou.bj,Grande (>200),B2C,Facebook Pages,,Actif,2026-06-29T00:14:35.804806,haute
BJ-7C4EE50C,National Kétou,Éducation & Formation,Kétou,+229 64 24 22 31,national.kétou@national.kétou.com,nationalkétou.bj,PME (50-200),B2B,Facebook Pages,,Actif,2026-06-29T00:14:35.804839,haute
BJ-BC28987A,Connaissance University,Éducation & Formation,Kétou,+229 79 33 38 47,connaissance.university@connaissance.university.com,,Grande (>200),B2B,Facebook Pages,,Actif,2026-06-29T00:14:35.804872,moyenne
BJ-DB0C8F0E,Institut Privé Institute Covè,Éducation & Formation,Covè,+229 46 85 53 99,institut.privé.institute.covè@institut.privé.institute.covè.bj,institutprivéinstitutecovè.bj,TPE (<10),B2C,Facebook Pages,,Actif,2026-06-29T00:14:35.804941,haute
BJ-78F1A234,Privé,Éducation & Formation,Covè,+229 47 94 22 37,privé@privé.benin,privé.bj,Grande (>200),B2B,Facebook Pages,,Actif,2026-06-29T00:14:35.804976,haute
BJ-245DD9F8,Connaissance Bénin,Éducation & Formation,Covè,+229 68 98 64 26,connaissance.bénin@connaissance.bénin.bj,,PME (10-50),B2C,Facebook Pages,,Actif,2026-06-29T00:14:35.805003,moyenne
BJ-9D49CF56,Excellence Institute,Éducation & Formation,Covè,+229 96 33 29 57,excellence.institute@excellence.institute.com,excellenceinstitute.bj,TPE (<10),B2B,Facebook Pages,,Actif,2026-06-29T00:14:35.805028,haute
BJ-5FBE112F,Université National University,Éducation & Formation,Covè,+229 82 34 84 71,université.national.university@université.national.university.benin,universiténationaluniversity.bj,PME (10-50),B2C,Facebook Pages,,Actif,2026-06-29T00:14:35.805043,haute
BJ-4405327C,Éducation Pobè,Éducation & Formation,Pobè,+229 20 95 23 78,éducation.pobè@éducation.pobè.org,éducationpobè.bj,TPE (<10),B2B,Facebook Pages,,Actif,2026-06-29T00:14:35.805067,haute
BJ-06715510,Lycée Savoir Bénin,Éducation & Formation,Pobè,+229 25 60 37 25,lycée.savoir.bénin@lycée.savoir.bénin.benin,lycéesavoirbénin.bj,PME (10-50),B2B,Facebook Pages,,Actif,2026-06-29T00:14:35.805080,haute
BJ-EB43D4B1,École Protestant Academy,Éducation & Formation,Pobè,+229 79 96 97 78,école.protestant.academy@école.protestant.academy.com,écoleprotestantacademy.bj,TPE (<10),B2B,Facebook Pages,,Actif,2026-06-29T00:14:35.805094,haute
BJ-B31F6313,Protestant University,Éducation & Formation,Pobè,+229 79 70 18 33,protestant.university@protestant.university.org,protestantuniversity.bj,Grande (>200),B2B,Facebook Pages,,Actif,2026-06-29T00:14:35.805107,haute
BJ-3167B3B7,Lycée Développement,Éducation & Formation,Pobè,+229 42 12 51 46,,lycéedéveloppement.bj,TPE (<10),B2C,Facebook Pages,,Actif,2026-06-29T00:14:35.805119,moyenne
BJ-E7DE121E,Université Privé Sakété,Éducation & Formation,Sakété,+229 22 94 73 69,,universitéprivésakété.bj,PME (10-50),B2C,Facebook Pages,,Actif,2026-06-29T00:14:35.805152,moyenne
BJ-E627C57D,École Privé,Éducation & Formation,Sakété,+229 65 51 46 31,école.privé@école.privé.bj,,TPE (<10),B2C,Facebook Pages,,Actif,2026-06-29T00:14:35.805165,moyenne
BJ-639ED390,Université Développement Institute,Éducation & Formation,Sakété,+229 32 35 87 97,,,PME (10-50),B2B,Facebook Pages,,Actif,2026-06-29T00:14:35.805181,basse
BJ-8949D8AB,École International École,Éducation & Formation,Sakété,+229 78 36 99 69,école.international.école@école.international.école.com,écoleinternationalécole.bj,TPE (<10),B2C,Facebook Pages,,Actif,2026-06-29T00:14:35.805198,haute
BJ-F7553878,Développement College,Éducation & Formation,Adjara,+229 34 44 54 92,développement.college@développement.college.benin,développementcollege.bj,TPE (<10),B2B,Facebook Pages,,Actif,2026-06-29T00:14:35.805221,haute
BJ-851CDCE3,Centre Éducation Academy,Éducation & Formation,Adjara,+229 65 30 82 44,centre.éducation.academy@centre.éducation.academy.bj,centreéducationacademy.bj,PME (10-50),B2B,Facebook Pages,,Actif,2026-06-29T00:14:35.805235,haute
BJ-BFAEB3E8,International,Éducation & Formation,Adjara,+229 45 82 63 67,,international.bj,PME (10-50),B2C,Facebook Pages,,Actif,2026-06-29T00:14:35.805247,moyenne
BJ-B50BA7F5,Développement School,Éducation & Formation,Adjara,+229 34 69 70 31,développement.school@développement.school.com,,PME (50-200),B2B,Facebook Pages,,Actif,2026-06-29T00:14:35.805260,moyenne
BJ-9C18CC67,Formation,Éducation & Formation,Adjara,+229 40 52 52 77,formation@formation.org,formation.bj,Grande (>200),B2B,Facebook Pages,,Actif,2026-06-29T00:14:35.805278,haute
BJ-8E0E98ED,Connaissance,Éducation & Formation,Allada,+229 44 30 20 90,connaissance@connaissance.net,,PME (10-50),B2C,Facebook Pages,,Actif,2026-06-29T00:14:35.805297,moyenne
BJ-FFEB44CD,Centre Excellence College,Éducation & Formation,Allada,+229 36 61 48 69,centre.excellence.college@centre.excellence.college.benin,centreexcellencecollege.bj,PME (10-50),B2C,Facebook Pages,,Actif,2026-06-29T00:14:35.805311,haute
BJ-64A6F351,Collège Développement Lycée Allada,Éducation & Formation,Allada,+229 85 60 16 14,,collègedéveloppementlycéeallada.bj,TPE (<10),B2C,Facebook Pages,,Actif,2026-06-29T00:14:35.805325,moyenne
BJ-B5A77BC6,Académie Éducation University,Éducation & Formation,Allada,+229 56 13 91 27,académie.éducation.university@académie.éducation.university.net,académieéducationuniversity.bj,PME (50-200),B2C,Facebook Pages,,Actif,2026-06-29T00:14:35.805342,haute
BJ-96EB18FD,Développement Institute Allada,Éducation & Formation,Allada,+229 51 16 60 79,développement.institute.allada@développement.institute.allada.net,,PME (50-200),B2C,Facebook Pages,,Actif,2026-06-29T00:14:35.805356,moyenne
BJ-D4353123,Lycée Liberté,Éducation & Formation,Aplahoué,+229 66 44 28 22,lycée.liberté@lycée.liberté.net,lycéeliberté.bj,TPE (<10),B2C,Facebook Pages,,Actif,2026-06-29T00:14:35.805378,haute
BJ-4D312CA4,Liberté College,Éducation & Formation,Aplahoué,+229 34 40 37 62,liberté.college@liberté.college.benin,libertécollege.bj,PME (10-50),B2B,Facebook Pages,,Actif,2026-06-29T00:14:35.805392,haute
BJ-AD451BD7,Université National,Éducation & Formation,Aplahoué,+229 74 59 91 41,université.national@université.national.benin,,Grande (>200),B2B,Facebook Pages,,Actif,2026-06-29T00:14:35.805405,moyenne
BJ-27F7D099,Connaissance,Éducation & Formation,Aplahoué,+229 63 40 15 80,connaissance@connaissance.org,connaissance.bj,TPE (<10),B2B,Facebook Pages,,Actif,2026-06-29T00:14:35.805418,haute
BJ-97A23E67,Privé Aplahoué,Éducation & Formation,Aplahoué,+229 29 69 63 33,,privéaplahoué.bj,TPE (<10),B2C,Facebook Pages,,Actif,2026-06-29T00:14:35.805430,moyenne
BJ-A83D6028,Académie Catholique School Dogbo-Tota,Éducation & Formation,Dogbo-Tota,+229 98 84 66 72,académie.catholique.school.dogbotota@académie.catholique.school.dogbotota.com,académiecatholiqueschooldogbotota.bj,TPE (<10),B2C,Facebook Pages,,Actif,2026-06-29T00:14:35.805455,haute
BJ-D2FDFC45,Université Public,Éducation & Formation,Dogbo-Tota,+229 58 10 94 92,université.public@université.public.bj,,PME (10-50),B2B,Facebook Pages,,Actif,2026-06-29T00:14:35.805469,moyenne
BJ-612892B5,Collège International Bénin,Éducation & Formation,Dogbo-Tota,+229 95 79 42 57,collège.international.bénin@collège.international.bénin.bj,collègeinternationalbénin.bj,TPE (<10),B2B,Facebook Pages,,Actif,2026-06-29T00:14:35.805482,haute
BJ-715E0575,Éducation,Éducation & Formation,Dogbo-Tota,+229 87 84 57 53,éducation@éducation.bj,éducation.bj,TPE (<10),B2C,Facebook Pages,,Actif,2026-06-29T00:14:35.805499,haute
BJ-50DE9D8C,Apprentissage,Éducation & Formation,Dogbo-Tota,+229 59 97 49 66,apprentissage@apprentissage.org,,PME (10-50),B2B,Facebook Pages,,Actif,2026-06-29T00:14:35.805512,moyenne
BJ-9C457E78,Excellence School,Éducation & Formation,Kpomassè,+229 98 87 61 37,,,PME (50-200),B2B,Facebook Pages,,Actif,2026-06-29T00:14:35.805530,basse
BJ-D37A6B00,Université Catholique Academy,Éducation & Formation,Kpomassè,+229 56 80 74 28,,,TPE (<10),B2C,Facebook Pages,,Actif,2026-06-29T00:14:35.805541,basse
BJ-25D8FE34,Lycée Savoir College,Éducation & Formation,Kpomassè,+229 30 76 15 15,,lycéesavoircollege.bj,TPE (<10),B2B,Facebook Pages,,Actif,2026-06-29T00:14:35.805555,moyenne
BJ-C22757DB,Catholique École,Éducation & Formation,Kpomassè,+229 77 47 82 20,,,TPE (<10),B2B,Facebook Pages,,Actif,2026-06-29T00:14:35.805567,basse
BJ-3CF27E98,International,Éducation & Formation,Kpomassè,+229 44 51 91 17,international@international.net,international.bj,Grande (>200),B2B,Facebook Pages,,Actif,2026-06-29T00:14:35.805586,haute
BJ-2C96A8F8,Université Savoir University,Éducation & Formation,Tori-Bossito,+229 91 12 87 29,université.savoir.university@université.savoir.university.net,universitésavoiruniversity.bj,TPE (<10),B2C,Facebook Pages,,Actif,2026-06-29T00:14:35.805607,haute
BJ-97456229,Académie Liberté Lycée Tori-Bossito,Éducation & Formation,Tori-Bossito,+229 32 62 96 13,académie.liberté.lycée.toribossito@académie.liberté.lycée.toribossito.net,,TPE (<10),B2B,Facebook Pages,,Actif,2026-06-29T00:14:35.805622,moyenne
BJ-2F02EF8D,Catholique École,Éducation & Formation,Tori-Bossito,+229 26 48 45 51,catholique.école@catholique.école.bj,catholiqueécole.bj,PME (10-50),B2B,Facebook Pages,,Actif,2026-06-29T00:14:35.805635,haute
BJ-56E4CD4F,Formation,Éducation & Formation,Tori-Bossito,+229 35 69 95 65,formation@formation.bj,formation.bj,PME (10-50),B2B,Facebook Pages,,Actif,2026-06-29T00:14:35.805647,haute
BJ-8462A184,Savoir School,Éducation & Formation,Tori-Bossito,+229 93 12 94 80,,savoirschool.bj,PME (10-50),B2B,Facebook Pages,,Actif,2026-06-29T00:14:35.805659,moyenne
BJ-75998D8A,Connaissance,Éducation & Formation,Grand-Popo,+229 92 67 26 58,connaissance@connaissance.benin,connaissance.bj,PME (10-50),B2C,Facebook Pages,,Actif,2026-06-29T00:14:35.805685,haute
BJ-4B16190F,National School,Éducation & Formation,Grand-Popo,+229 44 88 38 28,national.school@national.school.bj,,TPE (<10),B2C,Facebook Pages,,Actif,2026-06-29T00:14:35.805699,moyenne
BJ-9555ADB3,Développement École,Éducation & Formation,Grand-Popo,+229 31 29 16 30,développement.école@développement.école.org,développementécole.bj,TPE (<10),B2C,Facebook Pages,,Actif,2026-06-29T00:14:35.805712,haute
BJ-4A4CC71F,Collège Public Bénin,Éducation & Formation,Grand-Popo,+229 63 22 46 56,,collègepublicbénin.bj,PME (10-50),B2B,Facebook Pages,,Actif,2026-06-29T00:14:35.805724,moyenne
BJ-FEFCA985,Excellence,Éducation & Formation,Grand-Popo,+229 42 41 60 24,,excellence.bj,Grande (>200),B2B,Facebook Pages,,Actif,2026-06-29T00:14:35.805736,moyenne
BJ-AC0D48B7,Public,Éducation & Formation,Athiémé,+229 89 19 40 91,,,PME (50-200),B2B,Facebook Pages,,Actif,2026-06-29T00:14:35.805754,basse
BJ-5B7F72EF,Lycée Catholique,Éducation & Formation,Athiémé,+229 59 42 34 51,lycée.catholique@lycée.catholique.net,lycéecatholique.bj,PME (10-50),B2B,Facebook Pages,,Actif,2026-06-29T00:14:35.805767,haute
BJ-BD6574B3,Institut Développement École,Éducation & Formation,Athiémé,+229 37 76 75 75,institut.développement.école@institut.développement.école.com,institutdéveloppementécole.bj,PME (10-50),B2B,Facebook Pages,,Actif,2026-06-29T00:14:35.805784,haute
BJ-EA69F89E,Institut Liberté École,Éducation & Formation,Athiémé,+229 67 97 70 36,institut.liberté.école@institut.liberté.école.bj,,TPE (<10),B2B,Facebook Pages,,Actif,2026-06-29T00:14:35.805800,moyenne
BJ-96103636,École Liberté University,Éducation & Formation,Bopa,+229 51 12 81 26,école.liberté.university@école.liberté.university.bj,écolelibertéuniversity.bj,TPE (<10),B2C,Facebook Pages,,Actif,2026-06-29T00:14:35.805830,haute
BJ-0EA2BB82,Institut International École,Éducation & Formation,Bopa,+229 24 88 32 58,institut.international.école@institut.international.école.bj,institutinternationalécole.bj,TPE (<10),B2B,Facebook Pages,,Actif,2026-06-29T00:14:35.805844,haute
BJ-E4DD3600,Institut Privé College,Éducation & Formation,Bopa,+229 39 20 36 95,institut.privé.college@institut.privé.college.org,institutprivécollege.bj,PME (50-200),B2C,Facebook Pages,,Actif,2026-06-29T00:14:35.805860,haute
BJ-C52C6CAC,Centre Éducation École Bopa,Éducation & Formation,Bopa,+229 93 52 66 85,centre.éducation.école.bopa@centre.éducation.école.bopa.bj,centreéducationécolebopa.bj,PME (10-50),B2B,Facebook Pages,,Actif,2026-06-29T00:14:35.805874,haute
BJ-DF979E9E,École Connaissance,Éducation & Formation,Bopa,+229 46 58 93 98,école.connaissance@école.connaissance.net,,TPE (<10),B2C,Facebook Pages,,Actif,2026-06-29T00:14:35.805886,moyenne
BJ-96444E4F,Catholique,Éducation & Formation,Houéyogbé,+229 71 58 26 98,catholique@catholique.net,,PME (50-200),B2B,Facebook Pages,,Actif,2026-06-29T00:14:35.805926,moyenne
BJ-563F22FC,Éducation,Éducation & Formation,Houéyogbé,+229 23 72 31 81,,éducation.bj,TPE (<10),B2C,Facebook Pages,,Actif,2026-06-29T00:14:35.805939,moyenne
BJ-548CB899,Liberté Academy,Éducation & Formation,Houéyogbé,+229 85 66 74 18,,libertéacademy.bj,Grande (>200),B2B,Facebook Pages,,Actif,2026-06-29T00:14:35.805951,moyenne
BJ-C7866020,Apprentissage École,Éducation & Formation,Houéyogbé,+229 93 44 56 90,,apprentissageécole.bj,PME (10-50),B2C,Facebook Pages,,Actif,2026-06-29T00:14:35.805966,moyenne
BJ-B5FF6901,Apprentissage School,Éducation & Formation,Houéyogbé,+229 89 95 85 52,apprentissage.school@apprentissage.school.com,,PME (10-50),B2C,Facebook Pages,,Actif,2026-06-29T00:14:35.805979,moyenne
BJ-748C6D34,École National,Éducation & Formation,Malanville,+229 89 18 91 97,,écolenational.bj,TPE (<10),B2B,Facebook Pages,,Actif,2026-06-29T00:14:35.806009,moyenne
BJ-18BDAC7E,Institut Liberté,Éducation & Formation,Malanville,+229 42 77 21 69,institut.liberté@institut.liberté.net,institutliberté.bj,TPE (<10),B2C,Facebook Pages,,Actif,2026-06-29T00:14:35.806024,haute
BJ-5577DD7B,Collège Public Institute,Éducation & Formation,Malanville,+229 80 54 65 11,,collègepublicinstitute.bj,PME (10-50),B2B,Facebook Pages,,Actif,2026-06-29T00:14:35.806036,moyenne
BJ-48F64624,Centre Protestant,Éducation & Formation,Malanville,+229 25 14 70 29,,centreprotestant.bj,PME (10-50),B2B,Facebook Pages,,Actif,2026-06-29T00:14:35.806049,moyenne
BJ-63652A43,Centre Public College,Éducation & Formation,Kandi,+229 54 88 74 65,centre.public.college@centre.public.college.com,centrepubliccollege.bj,TPE (<10),B2C,Facebook Pages,,Actif,2026-06-29T00:14:35.806081,haute
BJ-5EABA9F8,National Institute,Éducation & Formation,Kandi,+229 77 81 93 85,,nationalinstitute.bj,TPE (<10),B2B,Facebook Pages,,Actif,2026-06-29T00:14:35.806094,moyenne
BJ-7008FCFE,Collège Public,Éducation & Formation,Kandi,+229 53 66 97 18,collège.public@collège.public.benin,collègepublic.bj,PME (10-50),B2C,Facebook Pages,,Actif,2026-06-29T00:14:35.806109,haute
BJ-09422619,Excellence Institute,Éducation & Formation,Kandi,+229 97 82 52 80,excellence.institute@excellence.institute.bj,excellenceinstitute.bj,PME (10-50),B2B,Facebook Pages,,Actif,2026-06-29T00:14:35.806127,haute
BJ-EEBA8465,Centre Connaissance,Éducation & Formation,Kandi,+229 49 72 99 98,centre.connaissance@centre.connaissance.com,centreconnaissance.bj,TPE (<10),B2C,Facebook Pages,,Actif,2026-06-29T00:14:35.806141,haute
BJ-A456F384,Institut Protestant Banikoara,Éducation & Formation,Banikoara,+229 78 63 14 33,,institutprotestantbanikoara.bj,PME (50-200),B2B,Facebook Pages,,Actif,2026-06-29T00:14:35.806172,moyenne
BJ-8A9630A2,Apprentissage University,Éducation & Formation,Banikoara,+229 80 38 20 77,apprentissage.university@apprentissage.university.com,apprentissageuniversity.bj,TPE (<10),B2C,Facebook Pages,,Actif,2026-06-29T00:14:35.806185,haute
BJ-27BC2FDB,Lycée Public,Éducation & Formation,Banikoara,+229 47 35 88 48,lycée.public@lycée.public.com,lycéepublic.bj,PME (10-50),B2C,Facebook Pages,,Actif,2026-06-29T00:14:35.806199,haute
BJ-684E56C8,Apprentissage,Éducation & Formation,Banikoara,+229 62 19 24 38,apprentissage@apprentissage.benin,apprentissage.bj,PME (10-50),B2C,Facebook Pages,,Actif,2026-06-29T00:14:35.806212,haute
BJ-F23B9F8D,Catholique College,Éducation & Formation,Ségbana,+229 51 64 54 62,catholique.college@catholique.college.com,,PME (50-200),B2C,Facebook Pages,,Actif,2026-06-29T00:14:35.806230,moyenne
BJ-E1DC12BD,Institut Liberté,Éducation & Formation,Ségbana,+229 77 86 20 94,institut.liberté@institut.liberté.net,institutliberté.bj,TPE (<10),B2B,Facebook Pages,,Actif,2026-06-29T00:14:35.806243,haute
BJ-8DF6152C,École Formation,Éducation & Formation,Ségbana,+229 58 88 79 75,,écoleformation.bj,PME (10-50),B2C,Facebook Pages,,Actif,2026-06-29T00:14:35.806256,moyenne
BJ-210E034B,École Catholique University,Éducation & Formation,Ségbana,+229 41 58 82 98,école.catholique.university@école.catholique.university.net,,TPE (<10),B2C,Facebook Pages,,Actif,2026-06-29T00:14:35.806273,moyenne
BJ-52E34ABC,Académie Savoir,Éducation & Formation,Karimama,+229 34 56 47 17,académie.savoir@académie.savoir.com,académiesavoir.bj,TPE (<10),B2C,Facebook Pages,,Actif,2026-06-29T00:14:35.806305,haute
BJ-9274F78F,Université Apprentissage,Éducation & Formation,Karimama,+229 33 57 59 35,université.apprentissage@université.apprentissage.net,universitéapprentissage.bj,TPE (<10),B2C,Facebook Pages,,Actif,2026-06-29T00:14:35.806318,haute
BJ-F4CD6EC9,Public Academy,Éducation & Formation,Karimama,+229 97 32 50 10,public.academy@public.academy.net,publicacademy.bj,TPE (<10),B2C,Facebook Pages,,Actif,2026-06-29T00:14:35.806332,haute
BJ-B03A3ADF,Institut Formation Karimama,Éducation & Formation,Karimama,+229 44 16 97 81,,,TPE (<10),B2C,Facebook Pages,,Actif,2026-06-29T00:14:35.806342,basse
BJ-A5DA4054,Université Catholique School,Éducation & Formation,Karimama,+229 58 10 22 79,université.catholique.school@université.catholique.school.com,,TPE (<10),B2B,Facebook Pages,,Actif,2026-06-29T00:14:35.806355,moyenne
BJ-1B268056,Connaissance,Éducation & Formation,Gogounou,+229 27 22 22 44,connaissance@connaissance.com,,TPE (<10),B2B,Facebook Pages,,Actif,2026-06-29T00:14:35.806376,moyenne
BJ-71EB8C3F,International,Éducation & Formation,Gogounou,+229 70 71 40 47,,international.bj,PME (50-200),B2C,Facebook Pages,,Actif,2026-06-29T00:14:35.806391,moyenne
BJ-A01ED91F,Privé Academy,Éducation & Formation,Gogounou,+229 96 14 87 26,privé.academy@privé.academy.bj,privéacademy.bj,PME (10-50),B2B,Facebook Pages,,Actif,2026-06-29T00:14:35.806405,haute
BJ-99B2799F,Public,Éducation & Formation,Gogounou,+229 85 18 72 25,public@public.net,,TPE (<10),B2C,Facebook Pages,,Actif,2026-06-29T00:14:35.806421,moyenne
BJ-E7D29598,Lycée International Gogounou,Éducation & Formation,Gogounou,+229 90 10 91 12,lycée.international.gogounou@lycée.international.gogounou.bj,lycéeinternationalgogounou.bj,PME (10-50),B2C,Facebook Pages,,Actif,2026-06-29T00:14:35.806436,haute
BJ-A5713D7C,Public College,Éducation & Formation,Cobly,+229 50 99 12 98,public.college@public.college.org,,Grande (>200),B2B,Facebook Pages,,Actif,2026-06-29T00:14:35.806455,moyenne
BJ-779036C2,Université Éducation College,Éducation & Formation,Cobly,+229 99 46 23 91,université.éducation.college@université.éducation.college.com,,PME (50-200),B2C,Facebook Pages,,Actif,2026-06-29T00:14:35.806468,moyenne
BJ-1274F7C8,Connaissance,Éducation & Formation,Cobly,+229 72 27 10 97,connaissance@connaissance.benin,,PME (10-50),B2B,Facebook Pages,,Actif,2026-06-29T00:14:35.806480,moyenne
BJ-1D25BDD8,Lycée International Academy,Éducation & Formation,Cobly,+229 83 46 68 33,lycée.international.academy@lycée.international.academy.bj,,PME (10-50),B2B,Facebook Pages,,Actif,2026-06-29T00:14:35.806492,moyenne
BJ-AED83694,Université Public,Éducation & Formation,Cobly,+229 98 35 22 60,université.public@université.public.com,universitépublic.bj,PME (50-200),B2B,Facebook Pages,,Actif,2026-06-29T00:14:35.806505,haute
BJ-AE523333,Catholique College,Éducation & Formation,Tanguiéta,+229 44 27 67 19,,catholiquecollege.bj,TPE (<10),B2B,Facebook Pages,,Actif,2026-06-29T00:14:35.806523,moyenne
BJ-C57705C2,Institut Savoir École,Éducation & Formation,Tanguiéta,+229 22 29 20 23,,institutsavoirécole.bj,TPE (<10),B2C,Facebook Pages,,Actif,2026-06-29T00:14:35.806536,moyenne
BJ-344251FE,Académie National Academy Tanguiéta,Éducation & Formation,Tanguiéta,+229 62 20 91 61,,,TPE (<10),B2C,Facebook Pages,,Actif,2026-06-29T00:14:35.806547,basse
BJ-724BF131,International École,Éducation & Formation,Tanguiéta,+229 69 24 49 57,international.école@international.école.com,,TPE (<10),B2C,Facebook Pages,,Actif,2026-06-29T00:14:35.806562,moyenne
BJ-839D7C6B,Institut Liberté University Tanguiéta,Éducation & Formation,Tanguiéta,+229 28 90 93 32,institut.liberté.university.tanguiéta@institut.liberté.university.tanguiéta.org,institutlibertéuniversitytanguiéta.bj,PME (50-200),B2B,Facebook Pages,,Actif,2026-06-29T00:14:35.806577,haute
BJ-2C2BFD2C,Apprentissage,Éducation & Formation,Matéri,+229 59 78 85 93,,apprentissage.bj,TPE (<10),B2B,Facebook Pages,,Actif,2026-06-29T00:14:35.806595,moyenne
BJ-56B0FE5C,Centre Excellence Matéri,Éducation & Formation,Matéri,+229 50 18 15 57,centre.excellence.matéri@centre.excellence.matéri.org,centreexcellencematéri.bj,Grande (>200),B2C,Facebook Pages,,Actif,2026-06-29T00:14:35.806608,haute
BJ-49C54F44,Institut Éducation,Éducation & Formation,Matéri,+229 88 85 59 14,institut.éducation@institut.éducation.com,,PME (50-200),B2C,Facebook Pages,,Actif,2026-06-29T00:14:35.806621,moyenne
BJ-A42E8970,Liberté École,Éducation & Formation,Matéri,+229 90 20 23 12,liberté.école@liberté.école.com,libertéécole.bj,PME (10-50),B2C,Facebook Pages,,Actif,2026-06-29T00:14:35.806634,haute
BJ-5640936D,Lycée Éducation,Éducation & Formation,Matéri,+229 52 86 18 30,lycée.éducation@lycée.éducation.com,lycéeéducation.bj,TPE (<10),B2C,Facebook Pages,,Actif,2026-06-29T00:14:35.806650,haute
BJ-312AF240,Catholique Lycée,Éducation & Formation,Natitingou,+229 90 49 44 22,,catholiquelycée.bj,TPE (<10),B2C,Facebook Pages,,Actif,2026-06-29T00:14:35.806669,moyenne
BJ-34837D65,Excellence School,Éducation & Formation,Natitingou,+229 31 57 88 12,excellence.school@excellence.school.bj,,PME (10-50),B2C,Facebook Pages,,Actif,2026-06-29T00:14:35.806682,moyenne
BJ-BCFC065F,International Institute,Éducation & Formation,Natitingou,+229 31 23 74 56,,internationalinstitute.bj,PME (10-50),B2B,Facebook Pages,,Actif,2026-06-29T00:14:35.806693,moyenne
BJ-DD86D457,Centre Développement,Éducation & Formation,Natitingou,+229 84 37 32 67,centre.développement@centre.développement.org,centredéveloppement.bj,TPE (<10),B2B,Facebook Pages,,Actif,2026-06-29T00:14:35.806710,haute
BJ-3B588748,Formation Bénin,Éducation & Formation,Natitingou,+229 41 21 93 83,formation.bénin@formation.bénin.net,,PME (10-50),B2B,Facebook Pages,,Actif,2026-06-29T00:14:35.806725,moyenne
BJ-ADB6E7A5,Privé École,Éducation & Formation,Toucountouna,+229 78 98 32 72,,privéécole.bj,PME (50-200),B2B,Facebook Pages,,Actif,2026-06-29T00:14:35.806744,moyenne
BJ-40C7589D,Université Privé,Éducation & Formation,Toucountouna,+229 69 73 49 75,université.privé@université.privé.bj,universitéprivé.bj,PME (10-50),B2C,Facebook Pages,,Actif,2026-06-29T00:14:35.806757,haute
BJ-0D63F9B4,Centre Privé Academy,Éducation & Formation,Toucountouna,+229 96 56 78 24,centre.privé.academy@centre.privé.academy.bj,centreprivéacademy.bj,PME (50-200),B2B,Facebook Pages,,Actif,2026-06-29T00:14:35.806770,haute
BJ-99D2A8F0,Centre Éducation École,Éducation & Formation,Toucountouna,+229 76 65 86 72,centre.éducation.école@centre.éducation.école.bj,centreéducationécole.bj,Grande (>200),B2C,Facebook Pages,,Actif,2026-06-29T00:14:35.806784,haute
BJ-87148451,École Apprentissage,Éducation & Formation,Toucountouna,+229 87 49 34 78,,,TPE (<10),B2C,Facebook Pages,,Actif,2026-06-29T00:14:35.806795,basse
BJ-B74A7A2A,Excellence,Éducation & Formation,Boukoumbé,+229 87 37 68 61,,excellence.bj,TPE (<10),B2C,Facebook Pages,,Actif,2026-06-29T00:14:35.806812,moyenne
BJ-F41F789A,École International École,Éducation & Formation,Boukoumbé,+229 79 94 88 95,école.international.école@école.international.école.benin,écoleinternationalécole.bj,TPE (<10),B2C,Facebook Pages,,Actif,2026-06-29T00:14:35.806830,haute
BJ-F03B22FC,Public Boukoumbé,Éducation & Formation,Boukoumbé,+229 66 26 63 75,,publicboukoumbé.bj,PME (10-50),B2C,Facebook Pages,,Actif,2026-06-29T00:14:35.806843,moyenne
BJ-632DF444,Université Formation,Éducation & Formation,Boukoumbé,+229 94 28 86 68,université.formation@université.formation.org,universitéformation.bj,TPE (<10),B2B,Facebook Pages,,Actif,2026-06-29T00:14:35.806858,haute
BJ-91690A2B,Apprentissage,Éducation & Formation,Boukoumbé,+229 35 50 69 26,apprentissage@apprentissage.org,apprentissage.bj,Grande (>200),B2C,Facebook Pages,,Actif,2026-06-29T00:14:35.806872,haute
BJ-0B6A67DD,Éducation,Éducation & Formation,Kouandé,+229 44 37 37 32,éducation@éducation.net,éducation.bj,Grande (>200),B2C,Facebook Pages,,Actif,2026-06-29T00:14:35.806903,haute
BJ-8FB0F9B5,École Protestant College Kouandé,Éducation & Formation,Kouandé,+229 85 17 44 12,école.protestant.college.kouandé@école.protestant.college.kouandé.bj,écoleprotestantcollegekouandé.bj,TPE (<10),B2C,Facebook Pages,,Actif,2026-06-29T00:14:35.806938,haute
BJ-EDC35764,Université Liberté,Éducation & Formation,Kouandé,+229 60 76 20 71,université.liberté@université.liberté.net,universitéliberté.bj,TPE (<10),B2C,Facebook Pages,,Actif,2026-06-29T00:14:35.806951,haute
BJ-73463D3B,Université International,Éducation & Formation,Kouandé,+229 55 13 39 65,université.international@université.international.org,universitéinternational.bj,PME (10-50),B2B,Facebook Pages,,Actif,2026-06-29T00:14:35.806964,haute
BJ-E698984B,Catholique,Éducation & Formation,Péhunco,+229 21 39 77 30,catholique@catholique.benin,,TPE (<10),B2B,Facebook Pages,,Actif,2026-06-29T00:14:35.806982,moyenne
BJ-B90A20C2,Institut Apprentissage,Éducation & Formation,Péhunco,+229 40 90 59 44,,institutapprentissage.bj,PME (10-50),B2C,Facebook Pages,,Actif,2026-06-29T00:14:35.806994,moyenne
BJ-17E50437,Formation Academy,Éducation & Formation,Péhunco,+229 55 81 12 96,formation.academy@formation.academy.bj,formationacademy.bj,TPE (<10),B2C,Facebook Pages,,Actif,2026-06-29T00:14:35.807007,haute
BJ-A05F6364,Apprentissage Péhunco,Éducation & Formation,Péhunco,+229 23 11 32 11,,apprentissagepéhunco.bj,PME (50-200),B2C,Facebook Pages,,Actif,2026-06-29T00:14:35.807022,moyenne
BJ-ABF68409,Lycée Public School,Éducation & Formation,Péhunco,+229 99 14 61 70,lycée.public.school@lycée.public.school.org,lycéepublicschool.bj,TPE (<10),B2B,Facebook Pages,,Actif,2026-06-29T00:14:35.807038,haute
BJ-7832D7E4,Lycée Développement Bénin,Éducation & Formation,Tchaourou,+229 74 94 89 70,,lycéedéveloppementbénin.bj,TPE (<10),B2C,Facebook Pages,,Actif,2026-06-29T00:14:35.807057,moyenne
BJ-316513C9,Éducation Institute,Éducation & Formation,Tchaourou,+229 66 71 21 30,éducation.institute@éducation.institute.com,éducationinstitute.bj,PME (10-50),B2B,Facebook Pages,,Actif,2026-06-29T00:14:35.807070,haute
BJ-A21D32E8,National,Éducation & Formation,Tchaourou,+229 42 79 83 87,national@national.benin,national.bj,PME (50-200),B2C,Facebook Pages,,Actif,2026-06-29T00:14:35.807082,haute
BJ-F8329971,International College,Éducation & Formation,Tchaourou,+229 20 72 70 80,international.college@international.college.bj,internationalcollege.bj,PME (10-50),B2C,Facebook Pages,,Actif,2026-06-29T00:14:35.807095,haute
BJ-920B0457,Collège Développement University Tchaourou,Éducation & Formation,Tchaourou,+229 66 58 75 66,collège.développement.university.tchaourou@collège.développement.university.tchaourou.org,collègedéveloppementuniversitytchaourou.bj,PME (10-50),B2C,Facebook Pages,,Actif,2026-06-29T00:14:35.807109,haute
BJ-C543F49D,Académie Éducation University,Éducation & Formation,Nikki,+229 47 67 22 58,académie.éducation.university@académie.éducation.university.org,,PME (10-50),B2B,Facebook Pages,,Actif,2026-06-29T00:14:35.807130,moyenne
BJ-576B3C57,National Nikki,Éducation & Formation,Nikki,+229 33 85 28 77,national.nikki@national.nikki.benin,nationalnikki.bj,TPE (<10),B2C,Facebook Pages,,Actif,2026-06-29T00:14:35.807144,haute
BJ-CD1AF789,Liberté Academy,Éducation & Formation,Nikki,+229 27 95 41 43,,libertéacademy.bj,TPE (<10),B2B,Facebook Pages,,Actif,2026-06-29T00:14:35.807156,moyenne
BJ-E6EC2943,National Bénin,Éducation & Formation,Nikki,+229 91 57 72 20,,,PME (10-50),B2C,Facebook Pages,,Actif,2026-06-29T00:14:35.807169,basse
BJ-1FD2D8CF,National,Éducation & Formation,Nikki,+229 72 14 84 60,,national.bj,TPE (<10),B2B,Facebook Pages,,Actif,2026-06-29T00:14:35.807183,moyenne
BJ-FBDD12FF,Excellence Bembéréké,Éducation & Formation,Bembéréké,+229 46 86 43 97,excellence.bembéréké@excellence.bembéréké.benin,,PME (50-200),B2B,Facebook Pages,,Actif,2026-06-29T00:14:35.807202,moyenne
BJ-7BCCC413,École Apprentissage Bembéréké,Éducation & Formation,Bembéréké,+229 39 65 87 40,,écoleapprentissagebembéréké.bj,TPE (<10),B2C,Facebook Pages,,Actif,2026-06-29T00:14:35.807214,moyenne
BJ-6990EC9D,Apprentissage College,Éducation & Formation,Bembéréké,+229 54 91 77 32,,apprentissagecollege.bj,Grande (>200),B2C,Facebook Pages,,Actif,2026-06-29T00:14:35.807226,moyenne
BJ-477FE743,Centre Privé College Bembéréké,Éducation & Formation,Bembéréké,+229 52 78 68 37,,centreprivécollegebembéréké.bj,Grande (>200),B2C,Facebook Pages,,Actif,2026-06-29T00:14:35.807239,moyenne
BJ-2D789406,Public,Éducation & Formation,Bembéréké,+229 29 33 52 89,public@public.org,,TPE (<10),B2C,Facebook Pages,,Actif,2026-06-29T00:14:35.807251,moyenne
BJ-9CCC32DE,Protestant,Éducation & Formation,Kalalé,+229 73 21 65 92,,protestant.bj,PME (10-50),B2C,Facebook Pages,,Actif,2026-06-29T00:14:35.807267,moyenne
BJ-951740DF,Académie National Academy,Éducation & Formation,Kalalé,+229 25 10 15 28,académie.national.academy@académie.national.academy.net,académienationalacademy.bj,TPE (<10),B2C,Facebook Pages,,Actif,2026-06-29T00:14:35.807329,haute
BJ-D92275B3,Collège International,Éducation & Formation,Kalalé,+229 48 13 60 94,collège.international@collège.international.org,,PME (10-50),B2C,Facebook Pages,,Actif,2026-06-29T00:14:35.807348,moyenne
BJ-8020B0BB,Lycée Protestant,Éducation & Formation,Kalalé,+229 91 56 14 12,lycée.protestant@lycée.protestant.org,lycéeprotestant.bj,TPE (<10),B2B,Facebook Pages,,Actif,2026-06-29T00:14:35.807363,haute
BJ-F28B1DEF,Collège Protestant,Éducation & Formation,Ndali,+229 96 40 51 30,collège.protestant@collège.protestant.org,,PME (10-50),B2C,Facebook Pages,,Actif,2026-06-29T00:14:35.807386,moyenne
BJ-2D15830A,Académie Développement,Éducation & Formation,Ndali,+229 59 18 86 74,,,PME (50-200),B2B,Facebook Pages,,Actif,2026-06-29T00:14:35.807398,basse
BJ-316A227D,Savoir,Éducation & Formation,Ndali,+229 50 82 39 65,savoir@savoir.net,,TPE (<10),B2B,Facebook Pages,,Actif,2026-06-29T00:14:35.807410,moyenne
BJ-D9D2517E,École Développement,Éducation & Formation,Ndali,+229 78 25 67 39,école.développement@école.développement.com,écoledéveloppement.bj,PME (50-200),B2B,Facebook Pages,,Actif,2026-06-29T00:14:35.807424,haute
BJ-A5CF0AE9,Catholique École,Éducation & Formation,Ségbana,+229 64 27 50 30,catholique.école@catholique.école.benin,catholiqueécole.bj,PME (10-50),B2B,Facebook Pages,,Actif,2026-06-29T00:14:35.807455,haute
BJ-A0953FFA,Académie Catholique Academy,Éducation & Formation,Ségbana,+229 99 49 89 70,académie.catholique.academy@académie.catholique.academy.org,académiecatholiqueacademy.bj,PME (10-50),B2C,Facebook Pages,,Actif,2026-06-29T00:14:35.807468,haute
BJ-56EF4079,Développement College,Éducation & Formation,Ségbana,+229 63 30 36 16,,développementcollege.bj,Grande (>200),B2B,Facebook Pages,,Actif,2026-06-29T00:14:35.807485,moyenne
BJ-421CB087,Institut Éducation Institute Ségbana,Éducation & Formation,Ségbana,+229 36 49 67 97,,,PME (10-50),B2C,Facebook Pages,,Actif,2026-06-29T00:14:35.807516,basse
BJ-D82AB23C,Privé School,Éducation & Formation,Tchaourou,+229 99 59 98 52,privé.school@privé.school.org,,PME (50-200),B2C,Facebook Pages,,Actif,2026-06-29T00:14:35.807535,moyenne
BJ-ED019ACB,École Privé Academy,Éducation & Formation,Tchaourou,+229 93 22 31 36,école.privé.academy@école.privé.academy.org,écoleprivéacademy.bj,TPE (<10),B2B,Facebook Pages,,Actif,2026-06-29T00:14:35.807549,haute
BJ-5480CC4A,Université Développement Institute,Éducation & Formation,Tchaourou,+229 46 61 53 36,université.développement.institute@université.développement.institute.bj,,PME (10-50),B2C,Facebook Pages,,Actif,2026-06-29T00:14:35.807561,moyenne
BJ-FCEECB4E,Collège Privé Tchaourou,Éducation & Formation,Tchaourou,+229 38 24 52 68,collège.privé.tchaourou@collège.privé.tchaourou.com,collègeprivétchaourou.bj,PME (50-200),B2C,Facebook Pages,,Actif,2026-06-29T00:14:35.807574,haute
BJ-C65426AF,National École Tchaourou,Éducation & Formation,Tchaourou,+229 79 44 87 29,,nationalécoletchaourou.bj,PME (10-50),B2B,Facebook Pages,,Actif,2026-06-29T00:14:35.807586,moyenne
BJ-EC920731,Formation Bétérou,Éducation & Formation,Bétérou,+229 96 28 80 70,formation.bétérou@formation.bétérou.bj,,PME (10-50),B2B,Facebook Pages,,Actif,2026-06-29T00:14:35.807604,moyenne
BJ-B3A4EEBF,Connaissance School,Éducation & Formation,Bétérou,+229 52 74 18 86,connaissance.school@connaissance.school.org,,TPE (<10),B2B,Facebook Pages,,Actif,2026-06-29T00:14:35.807617,moyenne
BJ-57B1E6AE,Public,Éducation & Formation,Bétérou,+229 50 94 84 71,public@public.net,public.bj,TPE (<10),B2B,Facebook Pages,,Actif,2026-06-29T00:14:35.807629,haute
BJ-8567FE5F,Centre National,Éducation & Formation,Bétérou,+229 33 19 37 19,centre.national@centre.national.benin,centrenational.bj,PME (10-50),B2C,Facebook Pages,,Actif,2026-06-29T00:14:35.807645,haute
BJ-FCB31072,Apprentissage,Éducation & Formation,Bétérou,+229 80 81 98 70,apprentissage@apprentissage.benin,apprentissage.bj,PME (10-50),B2C,Facebook Pages,,Actif,2026-06-29T00:14:35.807658,haute
BJ-459AB014,Université National College,Éducation & Formation,Ouessè,+229 95 41 33 51,université.national.college@université.national.college.net,universiténationalcollege.bj,PME (50-200),B2B,Facebook Pages,,Actif,2026-06-29T00:14:35.807677,haute
BJ-6F05A01B,Public Institute Ouessè,Éducation & Formation,Ouessè,+229 67 13 30 34,,publicinstituteouessè.bj,PME (10-50),B2C,Facebook Pages,,Actif,2026-06-29T00:14:35.807690,moyenne
BJ-79ED9E9D,Catholique Institute Ouessè,Éducation & Formation,Ouessè,+229 96 13 55 16,,catholiqueinstituteouessè.bj,TPE (<10),B2B,Facebook Pages,,Actif,2026-06-29T00:14:35.807701,moyenne
BJ-BEAC06F3,National,Éducation & Formation,Ouessè,+229 53 95 17 78,national@national.benin,national.bj,PME (10-50),B2B,Facebook Pages,,Actif,2026-06-29T00:14:35.807717,haute
BJ-AD9B40BC,Catholique,Éducation & Formation,Ouessè,+229 56 42 37 41,,catholique.bj,Grande (>200),B2C,Facebook Pages,,Actif,2026-06-29T00:14:35.807729,moyenne
BJ-35AE2D95,Développement Lycée,Éducation & Formation,Glazoué,+229 46 42 10 28,,développementlycée.bj,PME (10-50),B2B,Facebook Pages,,Actif,2026-06-29T00:14:35.807747,moyenne
BJ-CDA9924C,Université Catholique College,Éducation & Formation,Glazoué,+229 57 31 59 31,,,TPE (<10),B2B,Facebook Pages,,Actif,2026-06-29T00:14:35.807757,basse
BJ-89C058B5,Université Liberté Lycée,Éducation & Formation,Glazoué,+229 44 36 40 75,université.liberté.lycée@université.liberté.lycée.com,universitélibertélycée.bj,TPE (<10),B2B,Facebook Pages,,Actif,2026-06-29T00:14:35.807770,haute
BJ-2ED5BAE7,Centre National School,Éducation & Formation,Glazoué,+229 72 92 89 70,centre.national.school@centre.national.school.org,,TPE (<10),B2B,Facebook Pages,,Actif,2026-06-29T00:14:35.807798,moyenne
BJ-117016FE,Public,Éducation & Formation,Dassa-Zoumè,+229 68 26 68 24,public@public.com,,PME (10-50),B2B,Facebook Pages,,Actif,2026-06-29T00:14:35.807816,moyenne
BJ-4F246C3D,International Lycée,Éducation & Formation,Dassa-Zoumè,+229 42 18 43 12,,internationallycée.bj,PME (50-200),B2B,Facebook Pages,,Actif,2026-06-29T00:14:35.807828,moyenne
BJ-CEFDE604,Liberté Academy,Éducation & Formation,Dassa-Zoumè,+229 36 77 36 54,,libertéacademy.bj,TPE (<10),B2B,Facebook Pages,,Actif,2026-06-29T00:14:35.807840,moyenne
BJ-0CF82A73,École International Bénin,Éducation & Formation,Dassa-Zoumè,+229 86 93 78 61,école.international.bénin@école.international.bénin.benin,,PME (10-50),B2C,Facebook Pages,,Actif,2026-06-29T00:14:35.807852,moyenne
BJ-67A23EF6,École Catholique,Éducation & Formation,Dassa-Zoumè,+229 51 23 43 15,,écolecatholique.bj,PME (10-50),B2B,Facebook Pages,,Actif,2026-06-29T00:14:35.807867,moyenne
BJ-417A50B4,Académie Apprentissage,Éducation & Formation,Savalou,+229 97 83 70 97,académie.apprentissage@académie.apprentissage.benin,académieapprentissage.bj,PME (50-200),B2B,Facebook Pages,,Actif,2026-06-29T00:14:35.807885,haute
BJ-1ECDC2F6,École Excellence Lycée,Éducation & Formation,Savalou,+229 51 64 26 90,école.excellence.lycée@école.excellence.lycée.com,,TPE (<10),B2B,Facebook Pages,,Actif,2026-06-29T00:14:35.807916,moyenne
BJ-351EF61A,Académie National School Savalou,Éducation & Formation,Savalou,+229 98 58 47 57,académie.national.school.savalou@académie.national.school.savalou.bj,académienationalschoolsavalou.bj,PME (10-50),B2B,Facebook Pages,,Actif,2026-06-29T00:14:35.807932,haute
BJ-19CDBD6D,Formation,Éducation & Formation,Savalou,+229 86 31 87 70,formation@formation.org,,PME (50-200),B2C,Facebook Pages,,Actif,2026-06-29T00:14:35.807960,moyenne
BJ-67096E00,International College,Éducation & Formation,Bantè,+229 62 32 54 48,international.college@international.college.net,internationalcollege.bj,TPE (<10),B2B,Facebook Pages,,Actif,2026-06-29T00:14:35.807981,haute
BJ-E1547561,International Bénin Bantè,Éducation & Formation,Bantè,+229 96 64 56 79,international.bénin.bantè@international.bénin.bantè.net,internationalbéninbantè.bj,PME (50-200),B2C,Facebook Pages,,Actif,2026-06-29T00:14:35.808013,haute
BJ-48697E56,Éducation School,Éducation & Formation,Bantè,+229 24 11 51 69,éducation.school@éducation.school.net,éducationschool.bj,TPE (<10),B2B,Facebook Pages,,Actif,2026-06-29T00:14:35.808026,haute
BJ-BFA2B26A,Public Bantè,Éducation & Formation,Bantè,+229 38 39 48 89,,publicbantè.bj,PME (10-50),B2C,Facebook Pages,,Actif,2026-06-29T00:14:35.808038,moyenne
BJ-BD8A3D95,École Savoir,Éducation & Formation,Djougou,+229 81 95 99 29,école.savoir@école.savoir.com,écolesavoir.bj,PME (50-200),B2B,Facebook Pages,,Actif,2026-06-29T00:14:35.808057,haute
BJ-751EC015,Connaissance Djougou,Éducation & Formation,Djougou,+229 90 54 46 20,connaissance.djougou@connaissance.djougou.org,,TPE (<10),B2C,Facebook Pages,,Actif,2026-06-29T00:14:35.808070,moyenne
BJ-D4553F87,Centre Excellence University,Éducation & Formation,Djougou,+229 74 39 83 62,centre.excellence.university@centre.excellence.university.bj,centreexcellenceuniversity.bj,PME (50-200),B2B,Facebook Pages,,Actif,2026-06-29T00:14:35.808083,haute
BJ-AA02C759,École Apprentissage,Éducation & Formation,Djougou,+229 49 94 61 34,école.apprentissage@école.apprentissage.benin,,PME (10-50),B2C,Facebook Pages,,Actif,2026-06-29T00:14:35.808099,moyenne
BJ-EB64ABC2,Lycée Catholique Lycée,Éducation & Formation,Djougou,+229 80 57 24 19,lycée.catholique.lycée@lycée.catholique.lycée.bj,lycéecatholiquelycée.bj,Grande (>200),B2C,Facebook Pages,,Actif,2026-06-29T00:14:35.808112,haute
BJ-5CAF913D,Centre International,Éducation & Formation,Ouèssè,+229 96 43 22 42,centre.international@centre.international.com,centreinternational.bj,TPE (<10),B2C,Facebook Pages,,Actif,2026-06-29T00:14:35.808132,haute
BJ-F09D9B91,Académie Développement,Éducation & Formation,Ouèssè,+229 76 15 41 52,académie.développement@académie.développement.net,académiedéveloppement.bj,PME (10-50),B2C,Facebook Pages,,Actif,2026-06-29T00:14:35.808145,haute
BJ-FBAD92A4,Lycée Éducation Lycée,Éducation & Formation,Ouèssè,+229 23 19 11 21,lycée.éducation.lycée@lycée.éducation.lycée.net,lycéeéducationlycée.bj,Grande (>200),B2B,Facebook Pages,,Actif,2026-06-29T00:14:35.808157,haute
BJ-0C178D14,École Privé Institute Ouèssè,Éducation & Formation,Ouèssè,+229 79 75 53 92,école.privé.institute.ouèssè@école.privé.institute.ouèssè.benin,écoleprivéinstituteouèssè.bj,TPE (<10),B2C,Facebook Pages,,Actif,2026-06-29T00:14:35.808172,haute
BJ-573BA4CD,Éducation College,Éducation & Formation,Ouèssè,+229 21 85 35 85,éducation.college@éducation.college.net,,PME (50-200),B2B,Facebook Pages,,Actif,2026-06-29T00:14:35.808184,moyenne
BJ-A1A6AA24,Collège Catholique,Éducation & Formation,Bassila,+229 32 79 43 97,collège.catholique@collège.catholique.org,collègecatholique.bj,TPE (<10),B2B,Facebook Pages,,Actif,2026-06-29T00:14:35.808205,haute
BJ-B48FD1BB,Collège Savoir,Éducation & Formation,Bassila,+229 42 79 37 83,,,TPE (<10),B2B,Facebook Pages,,Actif,2026-06-29T00:14:35.808216,basse
BJ-70836C94,Liberté School,Éducation & Formation,Bassila,+229 81 30 69 11,liberté.school@liberté.school.org,libertéschool.bj,PME (10-50),B2C,Facebook Pages,,Actif,2026-06-29T00:14:35.808238,haute
BJ-E2CCCF0E,Apprentissage,Éducation & Formation,Bassila,+229 74 54 12 43,apprentissage@apprentissage.net,,PME (50-200),B2C,Facebook Pages,,Actif,2026-06-29T00:14:35.808265,moyenne
BJ-BC3BCB83,Centre Excellence,Éducation & Formation,Pehunco,+229 56 78 50 69,centre.excellence@centre.excellence.org,,PME (10-50),B2C,Facebook Pages,,Actif,2026-06-29T00:14:35.808286,moyenne
BJ-229784CF,Université Apprentissage University Pehunco,Éducation & Formation,Pehunco,+229 50 95 31 23,université.apprentissage.university.pehunco@université.apprentissage.university.pehunco.net,universitéapprentissageuniversitypehunco.bj,TPE (<10),B2C,Facebook Pages,,Actif,2026-06-29T00:14:35.808305,haute
BJ-B08BD389,Collège Savoir College,Éducation & Formation,Pehunco,+229 66 44 17 31,collège.savoir.college@collège.savoir.college.com,collègesavoircollege.bj,TPE (<10),B2B,Facebook Pages,,Actif,2026-06-29T00:14:35.808318,haute
BJ-ABDCD72F,Public Pehunco,Éducation & Formation,Pehunco,+229 38 78 75 29,,publicpehunco.bj,PME (10-50),B2C,Facebook Pages,,Actif,2026-06-29T00:14:35.808330,moyenne
BJ-38D79AC6,National College,Éducation & Formation,Pehunco,+229 50 17 13 96,,,PME (10-50),B2B,Facebook Pages,,Actif,2026-06-29T00:14:35.808341,basse
BJ-D5CBC84C,Privé,Éducation & Formation,Copargo,+229 22 33 39 59,privé@privé.benin,privé.bj,PME (50-200),B2B,Facebook Pages,,Actif,2026-06-29T00:14:35.808360,haute
BJ-F8FCDFC3,Connaissance,Éducation & Formation,Copargo,+229 92 82 21 90,connaissance@connaissance.benin,connaissance.bj,Grande (>200),B2B,Facebook Pages,,Actif,2026-06-29T00:14:35.808372,haute
BJ-141F8679,Public Bénin,Éducation & Formation,Copargo,+229 64 33 44 64,,publicbénin.bj,TPE (<10),B2C,Facebook Pages,,Actif,2026-06-29T00:14:35.808399,moyenne
BJ-D2821C5E,Lycée Savoir School,Éducation & Formation,Copargo,+229 97 28 28 14,lycée.savoir.school@lycée.savoir.school.net,lycéesavoirschool.bj,PME (50-200),B2B,Facebook Pages,,Actif,2026-06-29T00:14:35.808413,haute
BJ-346CFA14,Cyber Informatique Solutions,Technologie & IT,Cotonou,+229 97 61 98 88,cyber.informatique.solutions@cyber.informatique.solutions.bj,cyberinformatiquesolutions.bj,PME (10-50),B2C,Facebook Pages,,Actif,2026-06-29T00:14:35.808433,haute
BJ-56D1806C,Intelligence Cotonou,Technologie & IT,Cotonou,+229 67 12 72 82,intelligence.cotonou@intelligence.cotonou.net,intelligencecotonou.bj,TPE (<10),B2C,Facebook Pages,,Actif,2026-06-29T00:14:35.808446,haute
BJ-A7FF8F0D,Web,Technologie & IT,Cotonou,+229 36 52 65 53,web@web.org,web.bj,PME (10-50),B2B,Facebook Pages,,Actif,2026-06-29T00:14:35.808458,haute
BJ-9DEA8CAF,Digital AI,Technologie & IT,Cotonou,+229 31 15 11 12,,digitalai.bj,PME (10-50),B2C,Facebook Pages,,Actif,2026-06-29T00:14:35.808469,moyenne
BJ-9703CED2,Cloud International,Technologie & IT,Cotonou,+229 96 20 44 32,,cloudinternational.bj,TPE (<10),B2C,Facebook Pages,,Actif,2026-06-29T00:14:35.808481,moyenne
BJ-EEECBE8F,Cloud Abomey-Calavi,Technologie & IT,Abomey-Calavi,+229 41 62 70 67,cloud.abomeycalavi@cloud.abomeycalavi.benin,cloudabomeycalavi.bj,TPE (<10),B2B,Facebook Pages,,Actif,2026-06-29T00:14:35.808500,haute
BJ-5E31BE1E,Smart Security Africa,Technologie & IT,Abomey-Calavi,+229 23 59 34 85,smart.security.africa@smart.security.africa.net,smartsecurityafrica.bj,PME (50-200),B2B,Facebook Pages,,Actif,2026-06-29T00:14:35.808516,haute
BJ-C1A70C03,Smart Informatique International Abomey-Calavi,Technologie & IT,Abomey-Calavi,+229 67 26 66 51,smart.informatique.international.abomeycalavi@smart.informatique.international.abomeycalavi.com,smartinformatiqueinternationalabomeycalavi.bj,TPE (<10),B2C,Facebook Pages,,Actif,2026-06-29T00:14:35.808530,haute
BJ-973ED63B,Data Système Bénin Abomey-Calavi,Technologie & IT,Abomey-Calavi,+229 79 42 77 13,data.système.bénin.abomeycalavi@data.système.bénin.abomeycalavi.org,datasystèmebéninabomeycalavi.bj,PME (50-200),B2B,Facebook Pages,,Actif,2026-06-29T00:14:35.808548,haute
BJ-C57D4BCB,Network,Technologie & IT,Abomey-Calavi,+229 37 77 79 61,network@network.com,network.bj,PME (50-200),B2B,Facebook Pages,,Actif,2026-06-29T00:14:35.808562,haute
BJ-69BFD71D,Technologie Tech,Technologie & IT,Porto-Novo,+229 32 64 78 82,technologie.tech@technologie.tech.com,,PME (10-50),B2C,Facebook Pages,,Actif,2026-06-29T00:14:35.808580,moyenne
BJ-3D618C76,Cyber Intelligence Digital,Technologie & IT,Porto-Novo,+229 97 20 72 22,cyber.intelligence.digital@cyber.intelligence.digital.bj,,TPE (<10),B2C,Facebook Pages,,Actif,2026-06-29T00:14:35.808592,moyenne
BJ-F561633B,Système International,Technologie & IT,Porto-Novo,+229 27 49 78 74,système.international@système.international.org,systèmeinternational.bj,PME (10-50),B2C,Facebook Pages,,Actif,2026-06-29T00:14:35.808605,haute
BJ-C4B2E5CE,Application,Technologie & IT,Porto-Novo,+229 62 74 68 87,application@application.com,application.bj,TPE (<10),B2C,Facebook Pages,,Actif,2026-06-29T00:14:35.808629,haute
BJ-D6F71F5A,Data Technologie,Technologie & IT,Parakou,+229 33 36 59 18,data.technologie@data.technologie.org,datatechnologie.bj,TPE (<10),B2B,Facebook Pages,,Actif,2026-06-29T00:14:35.808655,haute
BJ-E0A689B9,Net Digital,Technologie & IT,Parakou,+229 24 82 83 96,net.digital@net.digital.org,netdigital.bj,PME (50-200),B2C,Facebook Pages,,Actif,2026-06-29T00:14:35.808669,haute
BJ-0ACE6084,AI,Technologie & IT,Parakou,+229 34 11 91 36,ai@ai.org,ai.bj,TPE (<10),B2C,Facebook Pages,,Actif,2026-06-29T00:14:35.808681,haute
BJ-553B5F1C,Soft Cloud Bénin,Technologie & IT,Parakou,+229 68 28 12 71,,softcloudbénin.bj,TPE (<10),B2C,Facebook Pages,,Actif,2026-06-29T00:14:35.808696,moyenne
BJ-6B0BE6D2,Web Systems,Technologie & IT,Parakou,+229 47 62 99 42,web.systems@web.systems.benin,websystems.bj,TPE (<10),B2B,Facebook Pages,,Actif,2026-06-29T00:14:35.808710,haute
BJ-83B40F68,Net Technologie Systems,Technologie & IT,Bohicon,+229 63 54 75 12,net.technologie.systems@net.technologie.systems.benin,,TPE (<10),B2B,Facebook Pages,,Actif,2026-06-29T00:14:35.808729,moyenne
BJ-B22F8059,Cyber Technologie Solutions,Technologie & IT,Bohicon,+229 49 23 81 43,cyber.technologie.solutions@cyber.technologie.solutions.com,cybertechnologiesolutions.bj,PME (10-50),B2B,Facebook Pages,,Actif,2026-06-29T00:14:35.808745,haute
BJ-B63FB2CC,Système,Technologie & IT,Bohicon,+229 88 98 45 64,,système.bj,PME (10-50),B2B,Facebook Pages,,Actif,2026-06-29T00:14:35.808757,moyenne
BJ-39BCBAAF,Net Web,Technologie & IT,Bohicon,+229 95 47 44 31,net.web@net.web.com,netweb.bj,TPE (<10),B2B,Facebook Pages,,Actif,2026-06-29T00:14:35.808770,haute
BJ-D51FC64F,Network,Technologie & IT,Bohicon,+229 44 37 33 53,network@network.org,,Grande (>200),B2C,Facebook Pages,,Actif,2026-06-29T00:14:35.808782,moyenne
BJ-EAD4B5A6,AI Natitingou,Technologie & IT,Natitingou,+229 35 97 17 25,ai.natitingou@ai.natitingou.bj,ainatitingou.bj,TPE (<10),B2C,Facebook Pages,,Actif,2026-06-29T00:14:35.808813,haute
BJ-B282BD9F,Data Mobile,Technologie & IT,Natitingou,+229 32 57 12 65,data.mobile@data.mobile.bj,datamobile.bj,TPE (<10),B2B,Facebook Pages,,Actif,2026-06-29T00:14:35.808826,haute
BJ-69449C3F,Solution Systems,Technologie & IT,Natitingou,+229 78 39 29 89,solution.systems@solution.systems.bj,solutionsystems.bj,PME (10-50),B2C,Facebook Pages,,Actif,2026-06-29T00:14:35.808837,haute
BJ-19C984F2,Web,Technologie & IT,Natitingou,+229 46 48 37 32,,,PME (10-50),B2B,Facebook Pages,,Actif,2026-06-29T00:14:35.808852,basse
BJ-3933D4A3,Cloud,Technologie & IT,Lokossa,+229 99 12 48 78,cloud@cloud.net,,PME (50-200),B2B,Facebook Pages,,Actif,2026-06-29T00:14:35.808881,moyenne
BJ-4BE56531,Intelligence Solutions,Technologie & IT,Lokossa,+229 73 49 56 86,intelligence.solutions@intelligence.solutions.benin,intelligencesolutions.bj,TPE (<10),B2B,Facebook Pages,,Actif,2026-06-29T00:14:35.808905,haute
BJ-A99A8AC9,Cyber AI Africa,Technologie & IT,Lokossa,+229 58 17 75 32,cyber.ai.africa@cyber.ai.africa.net,cyberaiafrica.bj,PME (10-50),B2B,Facebook Pages,,Actif,2026-06-29T00:14:35.808918,haute
BJ-36412FBA,Solution International,Technologie & IT,Lokossa,+229 33 96 27 84,solution.international@solution.international.benin,solutioninternational.bj,TPE (<10),B2B,Facebook Pages,,Actif,2026-06-29T00:14:35.808930,haute
BJ-33AF68FC,Tech Système Bénin,Technologie & IT,Lokossa,+229 37 93 21 93,tech.système.bénin@tech.système.bénin.bj,,PME (10-50),B2C,Facebook Pages,,Actif,2026-06-29T00:14:35.808943,moyenne
BJ-EC096145,Intelligence Bénin,Technologie & IT,Ouidah,+229 96 80 66 72,intelligence.bénin@intelligence.bénin.net,intelligencebénin.bj,PME (50-200),B2C,Facebook Pages,,Actif,2026-06-29T00:14:35.808962,haute
BJ-AB01B614,Tech Cloud Tech,Technologie & IT,Ouidah,+229 20 64 23 17,tech.cloud.tech@tech.cloud.tech.com,techcloudtech.bj,TPE (<10),B2C,Facebook Pages,,Actif,2026-06-29T00:14:35.808978,haute
BJ-C1802C10,Application Ouidah,Technologie & IT,Ouidah,+229 71 10 65 80,application.ouidah@application.ouidah.com,applicationouidah.bj,TPE (<10),B2C,Facebook Pages,,Actif,2026-06-29T00:14:35.808990,haute
BJ-D7F3EB45,AI,Technologie & IT,Ouidah,+229 31 97 73 20,ai@ai.com,ai.bj,TPE (<10),B2B,Facebook Pages,,Actif,2026-06-29T00:14:35.809015,haute
BJ-6AFEE76B,Logiciel Tech,Technologie & IT,Savalou,+229 48 68 79 22,logiciel.tech@logiciel.tech.benin,logicieltech.bj,TPE (<10),B2B,Facebook Pages,,Actif,2026-06-29T00:14:35.809033,haute
BJ-D93232CD,Soft Solution SARL,Technologie & IT,Savalou,+229 31 16 67 22,,softsolutionsarl.bj,PME (10-50),B2C,Facebook Pages,,Actif,2026-06-29T00:14:35.809045,moyenne
BJ-E080314F,Mobile Savalou,Technologie & IT,Savalou,+229 21 57 18 74,mobile.savalou@mobile.savalou.com,mobilesavalou.bj,TPE (<10),B2B,Facebook Pages,,Actif,2026-06-29T00:14:35.809060,haute
BJ-FA08DDB7,Soft Cloud Savalou,Technologie & IT,Savalou,+229 32 18 71 12,soft.cloud.savalou@soft.cloud.savalou.net,softcloudsavalou.bj,TPE (<10),B2C,Facebook Pages,,Actif,2026-06-29T00:14:35.809072,haute
BJ-C5853DA2,AI Soft,Technologie & IT,Savalou,+229 84 83 22 80,ai.soft@ai.soft.org,aisoft.bj,TPE (<10),B2C,Facebook Pages,,Actif,2026-06-29T00:14:35.809084,haute
BJ-0AAA3EBC,Digital Logiciel Tech,Technologie & IT,Dassa-Zoumè,+229 85 81 30 73,digital.logiciel.tech@digital.logiciel.tech.bj,digitallogicieltech.bj,TPE (<10),B2C,Facebook Pages,,Actif,2026-06-29T00:14:35.809102,haute
BJ-E303214A,Développement Bénin,Technologie & IT,Dassa-Zoumè,+229 59 61 10 13,développement.bénin@développement.bénin.com,développementbénin.bj,PME (10-50),B2B,Facebook Pages,,Actif,2026-06-29T00:14:35.809116,haute
BJ-CBE6B0BD,Mobile Dassa-Zoumè,Technologie & IT,Dassa-Zoumè,+229 38 91 92 77,mobile.dassazoumè@mobile.dassazoumè.org,mobiledassazoumè.bj,PME (10-50),B2C,Facebook Pages,,Actif,2026-06-29T00:14:35.809144,haute
BJ-6EA9BD5F,Tech Application Soft,Technologie & IT,Dassa-Zoumè,+229 29 52 16 44,tech.application.soft@tech.application.soft.net,techapplicationsoft.bj,PME (10-50),B2C,Facebook Pages,,Actif,2026-06-29T00:14:35.809159,haute
BJ-8440E121,Soft Technologie SARL,Technologie & IT,Kétou,+229 29 25 89 27,soft.technologie.sarl@soft.technologie.sarl.bj,softtechnologiesarl.bj,TPE (<10),B2C,Facebook Pages,,Actif,2026-06-29T00:14:35.809176,haute
BJ-A8DC7645,Smart Solution,Technologie & IT,Kétou,+229 63 18 77 88,smart.solution@smart.solution.org,smartsolution.bj,TPE (<10),B2B,Facebook Pages,,Actif,2026-06-29T00:14:35.809189,haute
BJ-ACB99F30,Security Kétou,Technologie & IT,Kétou,+229 71 91 84 26,security.kétou@security.kétou.org,securitykétou.bj,PME (50-200),B2B,Facebook Pages,,Actif,2026-06-29T00:14:35.809202,haute
BJ-381B3913,Digital Cyber Solutions,Technologie & IT,Kétou,+229 40 83 38 37,digital.cyber.solutions@digital.cyber.solutions.net,digitalcybersolutions.bj,TPE (<10),B2B,Facebook Pages,,Actif,2026-06-29T00:14:35.809214,haute
BJ-9F0E0185,Cloud Network,Technologie & IT,Kétou,+229 25 94 64 93,cloud.network@cloud.network.benin,,PME (50-200),B2C,Facebook Pages,,Actif,2026-06-29T00:14:35.809226,moyenne
BJ-2F69C52C,Network,Technologie & IT,Covè,+229 72 65 34 79,network@network.org,network.bj,TPE (<10),B2C,Facebook Pages,,Actif,2026-06-29T00:14:35.809244,haute
BJ-6171DC2C,Mobile Africa,Technologie & IT,Covè,+229 81 56 84 98,mobile.africa@mobile.africa.bj,mobileafrica.bj,PME (10-50),B2C,Facebook Pages,,Actif,2026-06-29T00:14:35.809268,haute
BJ-96D41F3D,Cloud Intelligence,Technologie & IT,Covè,+229 75 55 68 15,cloud.intelligence@cloud.intelligence.com,cloudintelligence.bj,PME (10-50),B2B,Facebook Pages,,Actif,2026-06-29T00:14:35.809283,haute
BJ-446C3B7C,Security Tech,Technologie & IT,Covè,+229 69 58 83 83,security.tech@security.tech.net,securitytech.bj,TPE (<10),B2C,Facebook Pages,,Actif,2026-06-29T00:14:35.809295,haute
BJ-2A2875F3,Security Pobè,Technologie & IT,Pobè,+229 52 83 96 83,security.pobè@security.pobè.net,securitypobè.bj,TPE (<10),B2B,Facebook Pages,,Actif,2026-06-29T00:14:35.809315,haute
BJ-F1EAC07B,Network,Technologie & IT,Pobè,+229 85 45 23 98,network@network.com,network.bj,TPE (<10),B2C,Facebook Pages,,Actif,2026-06-29T00:14:35.809328,haute
BJ-1183641B,Digital Mobile International,Technologie & IT,Pobè,+229 92 41 94 69,digital.mobile.international@digital.mobile.international.benin,digitalmobileinternational.bj,TPE (<10),B2C,Facebook Pages,,Actif,2026-06-29T00:14:35.809340,haute
BJ-1A3ECB4D,Smart Solution Tech,Technologie & IT,Pobè,+229 80 59 21 38,smart.solution.tech@smart.solution.tech.benin,,Grande (>200),B2B,Facebook Pages,,Actif,2026-06-29T00:14:35.809356,moyenne
BJ-C2829A8C,Cyber Cyber SARL Pobè,Technologie & IT,Pobè,+229 84 95 70 70,cyber.cyber.sarl.pobè@cyber.cyber.sarl.pobè.net,cybercybersarlpobè.bj,TPE (<10),B2C,Facebook Pages,,Actif,2026-06-29T00:14:35.809369,haute
BJ-CD1B8061,Logiciel Sakété,Technologie & IT,Sakété,+229 97 82 64 36,logiciel.sakété@logiciel.sakété.com,logicielsakété.bj,TPE (<10),B2B,Facebook Pages,,Actif,2026-06-29T00:14:35.809392,haute
BJ-FCFBF578,Data Intelligence International,Technologie & IT,Sakété,+229 79 51 23 86,data.intelligence.international@data.intelligence.international.net,dataintelligenceinternational.bj,PME (10-50),B2B,Facebook Pages,,Actif,2026-06-29T00:14:35.809405,haute
BJ-0EF3E2D0,Application Solutions,Technologie & IT,Sakété,+229 51 79 53 23,application.solutions@application.solutions.org,applicationsolutions.bj,PME (10-50),B2B,Facebook Pages,,Actif,2026-06-29T00:14:35.809418,haute
BJ-28D33591,Cloud Cloud Digital,Technologie & IT,Sakété,+229 97 43 57 54,cloud.cloud.digital@cloud.cloud.digital.bj,cloudclouddigital.bj,PME (10-50),B2B,Facebook Pages,,Actif,2026-06-29T00:14:35.809433,haute
BJ-F3BBC50C,Network,Technologie & IT,Sakété,+229 52 36 93 29,network@network.org,network.bj,PME (50-200),B2C,Facebook Pages,,Actif,2026-06-29T00:14:35.809445,haute
BJ-5F53EB4E,Cloud Soft,Technologie & IT,Adjara,+229 82 79 83 62,cloud.soft@cloud.soft.net,cloudsoft.bj,TPE (<10),B2C,Facebook Pages,,Actif,2026-06-29T00:14:35.809463,haute
BJ-60CC7640,Informatique,Technologie & IT,Adjara,+229 60 46 63 71,informatique@informatique.org,informatique.bj,TPE (<10),B2C,Facebook Pages,,Actif,2026-06-29T00:14:35.809474,haute
BJ-32DEB87E,Cloud Adjara,Technologie & IT,Adjara,+229 73 93 95 67,cloud.adjara@cloud.adjara.net,cloudadjara.bj,PME (10-50),B2B,Facebook Pages,,Actif,2026-06-29T00:14:35.809488,haute
BJ-9BF3A700,Tech Cloud,Technologie & IT,Adjara,+229 37 52 48 15,tech.cloud@tech.cloud.org,techcloud.bj,TPE (<10),B2C,Facebook Pages,,Actif,2026-06-29T00:14:35.809499,haute
BJ-10CE9A40,Net Application,Technologie & IT,Adjara,+229 66 40 33 83,net.application@net.application.com,netapplication.bj,Grande (>200),B2C,Facebook Pages,,Actif,2026-06-29T00:14:35.809511,haute
BJ-8EDD535B,Net Informatique International,Technologie & IT,Allada,+229 73 14 68 33,net.informatique.international@net.informatique.international.com,netinformatiqueinternational.bj,PME (10-50),B2C,Facebook Pages,,Actif,2026-06-29T00:14:35.809529,haute
BJ-666899F7,Informatique SARL,Technologie & IT,Allada,+229 70 77 47 34,informatique.sarl@informatique.sarl.benin,informatiquesarl.bj,TPE (<10),B2B,Facebook Pages,,Actif,2026-06-29T00:14:35.809541,haute
BJ-56D2D6A5,Digital Web Africa,Technologie & IT,Allada,+229 26 90 31 14,digital.web.africa@digital.web.africa.com,digitalwebafrica.bj,TPE (<10),B2C,Facebook Pages,,Actif,2026-06-29T00:14:35.809556,haute
BJ-C9105932,Security Soft,Technologie & IT,Allada,+229 90 35 38 25,security.soft@security.soft.org,securitysoft.bj,TPE (<10),B2B,Facebook Pages,,Actif,2026-06-29T00:14:35.809573,haute
BJ-0607D02B,Cloud Logiciel Solutions,Technologie & IT,Allada,+229 58 58 69 17,cloud.logiciel.solutions@cloud.logiciel.solutions.org,cloudlogicielsolutions.bj,PME (10-50),B2C,Facebook Pages,,Actif,2026-06-29T00:14:35.809585,haute
BJ-B296F0F9,Cyber Network Systems,Technologie & IT,Aplahoué,+229 66 26 38 58,cyber.network.systems@cyber.network.systems.net,cybernetworksystems.bj,PME (10-50),B2B,Facebook Pages,,Actif,2026-06-29T00:14:35.809605,haute
BJ-498134AF,Soft Digital,Technologie & IT,Aplahoué,+229 71 44 43 89,soft.digital@soft.digital.net,softdigital.bj,Grande (>200),B2C,Facebook Pages,,Actif,2026-06-29T00:14:35.809619,haute
BJ-4C27354F,Application,Technologie & IT,Aplahoué,+229 21 43 45 43,application@application.bj,application.bj,TPE (<10),B2B,Facebook Pages,,Actif,2026-06-29T00:14:35.809631,haute
BJ-AD2B9BDE,Mobile Systems,Technologie & IT,Aplahoué,+229 83 56 22 51,mobile.systems@mobile.systems.com,mobilesystems.bj,TPE (<10),B2B,Facebook Pages,,Actif,2026-06-29T00:14:35.809643,haute
BJ-8544FEC0,Digital Aplahoué,Technologie & IT,Aplahoué,+229 98 12 70 92,digital.aplahoué@digital.aplahoué.benin,digitalaplahoué.bj,PME (50-200),B2C,Facebook Pages,,Actif,2026-06-29T00:14:35.809657,haute
BJ-5DB54EBA,Application Digital Dogbo-Tota,Technologie & IT,Dogbo-Tota,+229 25 55 12 77,application.digital.dogbotota@application.digital.dogbotota.com,applicationdigitaldogbotota.bj,PME (10-50),B2B,Facebook Pages,,Actif,2026-06-29T00:14:35.809677,haute
BJ-86581025,Data Solution,Technologie & IT,Dogbo-Tota,+229 36 61 83 30,,datasolution.bj,TPE (<10),B2C,Facebook Pages,,Actif,2026-06-29T00:14:35.809688,moyenne
BJ-F5B6B2EC,Développement,Technologie & IT,Dogbo-Tota,+229 69 34 55 51,développement@développement.bj,développement.bj,PME (50-200),B2C,Facebook Pages,,Actif,2026-06-29T00:14:35.809701,haute
BJ-40460E99,Network Systems,Technologie & IT,Dogbo-Tota,+229 86 24 41 89,network.systems@network.systems.bj,networksystems.bj,TPE (<10),B2B,Facebook Pages,,Actif,2026-06-29T00:14:35.809719,haute
BJ-055F1274,Data Logiciel Africa,Technologie & IT,Dogbo-Tota,+229 67 34 85 66,data.logiciel.africa@data.logiciel.africa.bj,datalogicielafrica.bj,TPE (<10),B2B,Facebook Pages,,Actif,2026-06-29T00:14:35.809756,haute
BJ-16159AB2,Net Network Bénin,Technologie & IT,Kpomassè,+229 21 21 25 82,,netnetworkbénin.bj,TPE (<10),B2B,Facebook Pages,,Actif,2026-06-29T00:14:35.809800,moyenne
BJ-D4C53A47,Informatique Systems,Technologie & IT,Kpomassè,+229 88 72 97 58,,informatiquesystems.bj,TPE (<10),B2C,Facebook Pages,,Actif,2026-06-29T00:14:35.809825,moyenne
BJ-652D3069,Network Tech,Technologie & IT,Kpomassè,+229 32 63 18 33,network.tech@network.tech.com,networktech.bj,TPE (<10),B2B,Facebook Pages,,Actif,2026-06-29T00:14:35.809864,haute
BJ-B51B4636,Cyber Data Tech,Technologie & IT,Kpomassè,+229 39 15 74 71,cyber.data.tech@cyber.data.tech.net,cyberdatatech.bj,PME (50-200),B2B,Facebook Pages,,Actif,2026-06-29T00:14:35.809905,haute
BJ-88D2DA75,Tech Digital,Technologie & IT,Kpomassè,+229 96 49 67 48,tech.digital@tech.digital.com,techdigital.bj,Grande (>200),B2C,Facebook Pages,,Actif,2026-06-29T00:14:35.809933,haute
BJ-5E47FF21,Cloud,Technologie & IT,Tori-Bossito,+229 53 29 81 73,cloud@cloud.org,cloud.bj,TPE (<10),B2B,Facebook Pages,,Actif,2026-06-29T00:14:35.809956,haute
BJ-2A7EFBF3,Application Africa,Technologie & IT,Tori-Bossito,+229 98 33 77 50,application.africa@application.africa.benin,,PME (50-200),B2C,Facebook Pages,,Actif,2026-06-29T00:14:35.809968,moyenne
BJ-F86E2F7C,Data International,Technologie & IT,Tori-Bossito,+229 42 48 14 44,data.international@data.international.org,datainternational.bj,PME (10-50),B2C,Facebook Pages,,Actif,2026-06-29T00:14:35.809981,haute
BJ-712CD2E1,Cyber Intelligence,Technologie & IT,Tori-Bossito,+229 41 83 76 20,cyber.intelligence@cyber.intelligence.net,cyberintelligence.bj,PME (10-50),B2C,Facebook Pages,,Actif,2026-06-29T00:14:35.810000,haute
BJ-AA48E6A8,Net Network,Technologie & IT,Tori-Bossito,+229 81 18 91 19,net.network@net.network.benin,netnetwork.bj,PME (50-200),B2C,Facebook Pages,,Actif,2026-06-29T00:14:35.810014,haute
BJ-11256025,Développement Systems Grand-Popo,Technologie & IT,Grand-Popo,+229 77 30 47 40,développement.systems.grandpopo@développement.systems.grandpopo.org,développementsystemsgrandpopo.bj,PME (10-50),B2C,Facebook Pages,,Actif,2026-06-29T00:14:35.810035,haute
BJ-21DC6CC6,Logiciel,Technologie & IT,Grand-Popo,+229 89 73 78 43,logiciel@logiciel.com,logiciel.bj,PME (50-200),B2B,Facebook Pages,,Actif,2026-06-29T00:14:35.810059,haute
BJ-A79A9062,Système SARL,Technologie & IT,Grand-Popo,+229 50 15 44 87,système.sarl@système.sarl.org,systèmesarl.bj,PME (10-50),B2C,Facebook Pages,,Actif,2026-06-29T00:14:35.810072,haute
BJ-0DF3B56E,Net Digital International,Technologie & IT,Grand-Popo,+229 61 81 15 59,net.digital.international@net.digital.international.benin,netdigitalinternational.bj,PME (50-200),B2B,Facebook Pages,,Actif,2026-06-29T00:14:35.810085,haute
BJ-5E0BCEB8,Soft Mobile Systems,Technologie & IT,Athiémé,+229 48 88 86 15,soft.mobile.systems@soft.mobile.systems.benin,softmobilesystems.bj,TPE (<10),B2B,Facebook Pages,,Actif,2026-06-29T00:14:35.810108,haute
BJ-C17CEE96,Data Network,Technologie & IT,Athiémé,+229 87 18 95 89,data.network@data.network.org,datanetwork.bj,Grande (>200),B2B,Facebook Pages,,Actif,2026-06-29T00:14:35.810120,haute
BJ-91AED4BC,Tech Web Soft,Technologie & IT,Athiémé,+229 26 38 15 34,,techwebsoft.bj,TPE (<10),B2B,Facebook Pages,,Actif,2026-06-29T00:14:35.810132,moyenne
BJ-13BDF59E,Digital Informatique Athiémé,Technologie & IT,Athiémé,+229 84 14 12 82,digital.informatique.athiémé@digital.informatique.athiémé.bj,digitalinformatiqueathiémé.bj,PME (50-200),B2B,Facebook Pages,,Actif,2026-06-29T00:14:35.810152,haute
BJ-66A9F34D,Data,Technologie & IT,Athiémé,+229 73 38 95 39,,data.bj,Grande (>200),B2B,Facebook Pages,,Actif,2026-06-29T00:14:35.810165,moyenne
BJ-82EA3EAF,Network International Bopa,Technologie & IT,Bopa,+229 56 57 79 74,network.international.bopa@network.international.bopa.com,networkinternationalbopa.bj,PME (10-50),B2B,Facebook Pages,,Actif,2026-06-29T00:14:35.810193,haute
BJ-D108334F,Data Informatique,Technologie & IT,Bopa,+229 44 69 54 37,data.informatique@data.informatique.org,datainformatique.bj,TPE (<10),B2C,Facebook Pages,,Actif,2026-06-29T00:14:35.810207,haute
BJ-AA7A1A74,Application Solutions Bopa,Technologie & IT,Bopa,+229 87 70 92 86,application.solutions.bopa@application.solutions.bopa.benin,applicationsolutionsbopa.bj,TPE (<10),B2C,Facebook Pages,,Actif,2026-06-29T00:14:35.810219,haute
BJ-A5EC818D,Application Africa,Technologie & IT,Bopa,+229 21 35 86 46,application.africa@application.africa.benin,applicationafrica.bj,PME (10-50),B2B,Facebook Pages,,Actif,2026-06-29T00:14:35.810232,haute
BJ-906D8F55,Technologie Tech,Technologie & IT,Bopa,+229 85 93 58 52,technologie.tech@technologie.tech.org,,TPE (<10),B2C,Facebook Pages,,Actif,2026-06-29T00:14:35.810244,moyenne
BJ-B52956AA,Smart Cyber Digital,Technologie & IT,Houéyogbé,+229 35 45 94 92,smart.cyber.digital@smart.cyber.digital.net,smartcyberdigital.bj,TPE (<10),B2B,Facebook Pages,,Actif,2026-06-29T00:14:35.810262,haute
BJ-18A53F9A,Logiciel,Technologie & IT,Houéyogbé,+229 88 33 19 15,logiciel@logiciel.org,logiciel.bj,PME (10-50),B2C,Facebook Pages,,Actif,2026-06-29T00:14:35.810275,haute
BJ-E91747CC,Technologie Systems,Technologie & IT,Houéyogbé,+229 27 49 31 97,technologie.systems@technologie.systems.net,technologiesystems.bj,TPE (<10),B2C,Facebook Pages,,Actif,2026-06-29T00:14:35.810286,haute
BJ-631CA0E7,Solution,Technologie & IT,Houéyogbé,+229 86 14 92 68,solution@solution.com,solution.bj,PME (10-50),B2B,Facebook Pages,,Actif,2026-06-29T00:14:35.810301,haute
BJ-3A19C8F6,Data,Technologie & IT,Houéyogbé,+229 69 28 21 27,data@data.com,data.bj,TPE (<10),B2B,Facebook Pages,,Actif,2026-06-29T00:14:35.810316,haute
BJ-2AD2CC9C,Solution,Technologie & IT,Malanville,+229 87 43 82 56,solution@solution.benin,solution.bj,TPE (<10),B2B,Facebook Pages,,Actif,2026-06-29T00:14:35.810337,haute
BJ-6F25A4E2,Technologie Malanville,Technologie & IT,Malanville,+229 76 24 60 85,technologie.malanville@technologie.malanville.org,technologiemalanville.bj,PME (10-50),B2B,Facebook Pages,,Actif,2026-06-29T00:14:35.810350,haute
BJ-AA5360DB,Cloud Bénin,Technologie & IT,Malanville,+229 43 16 90 53,cloud.bénin@cloud.bénin.com,cloudbénin.bj,PME (50-200),B2B,Facebook Pages,,Actif,2026-06-29T00:14:35.810364,haute
BJ-09AB7F35,Application Bénin Malanville,Technologie & IT,Malanville,+229 42 43 90 53,,applicationbéninmalanville.bj,TPE (<10),B2B,Facebook Pages,,Actif,2026-06-29T00:14:35.810376,moyenne
BJ-F5C8CA4C,Net Développement International Malanville,Technologie & IT,Malanville,+229 99 25 23 19,net.développement.international.malanville@net.développement.international.malanville.benin,netdéveloppementinternationalmalanville.bj,TPE (<10),B2C,Facebook Pages,,Actif,2026-06-29T00:14:35.810390,haute
BJ-3067F8B9,Smart Digital Kandi,Technologie & IT,Kandi,+229 98 51 98 73,smart.digital.kandi@smart.digital.kandi.bj,smartdigitalkandi.bj,TPE (<10),B2B,Facebook Pages,,Actif,2026-06-29T00:14:35.810409,haute
BJ-E807B6F6,Cloud Data,Technologie & IT,Kandi,+229 91 12 19 19,cloud.data@cloud.data.benin,clouddata.bj,PME (10-50),B2B,Facebook Pages,,Actif,2026-06-29T00:14:35.810421,haute
BJ-7DCB9CA8,Net Technologie Soft,Technologie & IT,Kandi,+229 39 16 49 48,net.technologie.soft@net.technologie.soft.com,nettechnologiesoft.bj,TPE (<10),B2C,Facebook Pages,,Actif,2026-06-29T00:14:35.810433,haute
BJ-B53DBB8B,Smart Solution,Technologie & IT,Kandi,+229 88 75 46 97,smart.solution@smart.solution.net,smartsolution.bj,PME (10-50),B2C,Facebook Pages,,Actif,2026-06-29T00:14:35.810448,haute
BJ-F9A6B030,Network Kandi,Technologie & IT,Kandi,+229 76 28 96 39,network.kandi@network.kandi.org,networkkandi.bj,PME (50-200),B2C,Facebook Pages,,Actif,2026-06-29T00:14:35.810461,haute
BJ-933F0DFA,Système,Technologie & IT,Banikoara,+229 84 24 65 58,système@système.benin,système.bj,PME (10-50),B2B,Facebook Pages,,Actif,2026-06-29T00:14:35.810480,haute
BJ-C0824D7F,Net Cyber Digital,Technologie & IT,Banikoara,+229 28 83 75 82,net.cyber.digital@net.cyber.digital.bj,netcyberdigital.bj,PME (50-200),B2B,Facebook Pages,,Actif,2026-06-29T00:14:35.810492,haute
BJ-F5DBB1BB,Soft Application Tech,Technologie & IT,Banikoara,+229 79 94 51 26,soft.application.tech@soft.application.tech.com,softapplicationtech.bj,Grande (>200),B2B,Facebook Pages,,Actif,2026-06-29T00:14:35.810504,haute
BJ-94AC6B11,Net Digital,Technologie & IT,Banikoara,+229 57 98 37 63,net.digital@net.digital.benin,netdigital.bj,TPE (<10),B2B,Facebook Pages,,Actif,2026-06-29T00:14:35.810519,haute
BJ-E9D4E3CD,Intelligence SARL Banikoara,Technologie & IT,Banikoara,+229 36 89 39 16,intelligence.sarl.banikoara@intelligence.sarl.banikoara.net,intelligencesarlbanikoara.bj,PME (10-50),B2B,Facebook Pages,,Actif,2026-06-29T00:14:35.810531,haute
BJ-D6A53D37,Net Mobile,Technologie & IT,Ségbana,+229 78 67 71 27,net.mobile@net.mobile.net,netmobile.bj,PME (10-50),B2C,Facebook Pages,,Actif,2026-06-29T00:14:35.810548,haute
BJ-B421D9AE,Smart Web,Technologie & IT,Ségbana,+229 51 37 95 85,smart.web@smart.web.com,,PME (10-50),B2B,Facebook Pages,,Actif,2026-06-29T00:14:35.810560,moyenne
BJ-03EF3DC6,Cloud Informatique Tech,Technologie & IT,Ségbana,+229 37 90 80 79,cloud.informatique.tech@cloud.informatique.tech.net,,PME (50-200),B2C,Facebook Pages,,Actif,2026-06-29T00:14:35.810571,moyenne
BJ-303F7C34,Network,Technologie & IT,Ségbana,+229 39 36 38 24,network@network.benin,network.bj,TPE (<10),B2C,Facebook Pages,,Actif,2026-06-29T00:14:35.810586,haute
BJ-15243D2E,Technologie Digital,Technologie & IT,Ségbana,+229 95 46 17 81,,technologiedigital.bj,PME (10-50),B2C,Facebook Pages,,Actif,2026-06-29T00:14:35.810598,moyenne
BJ-9A7CBB9D,AI SARL,Technologie & IT,Karimama,+229 78 52 69 65,ai.sarl@ai.sarl.org,aisarl.bj,PME (50-200),B2C,Facebook Pages,,Actif,2026-06-29T00:14:35.810616,haute
BJ-F988F4CB,Cyber Intelligence,Technologie & IT,Karimama,+229 71 17 63 13,cyber.intelligence@cyber.intelligence.net,,Grande (>200),B2B,Facebook Pages,,Actif,2026-06-29T00:14:35.810628,moyenne
BJ-DF4BA9C6,Soft Technologie,Technologie & IT,Karimama,+229 39 75 40 30,,softtechnologie.bj,TPE (<10),B2B,Facebook Pages,,Actif,2026-06-29T00:14:35.810639,moyenne
BJ-1116BCC5,Logiciel,Technologie & IT,Karimama,+229 91 34 98 18,logiciel@logiciel.net,logiciel.bj,TPE (<10),B2C,Facebook Pages,,Actif,2026-06-29T00:14:35.810651,haute
BJ-F840EE2C,Application Digital,Technologie & IT,Karimama,+229 76 32 43 84,application.digital@application.digital.org,applicationdigital.bj,PME (10-50),B2C,Facebook Pages,,Actif,2026-06-29T00:14:35.810662,haute
BJ-F8A98D15,Net Security,Technologie & IT,Gogounou,+229 29 14 91 11,net.security@net.security.benin,netsecurity.bj,TPE (<10),B2C,Facebook Pages,,Actif,2026-06-29T00:14:35.810680,haute
BJ-F837DEBE,AI Digital,Technologie & IT,Gogounou,+229 87 61 57 95,ai.digital@ai.digital.benin,aidigital.bj,PME (10-50),B2C,Facebook Pages,,Actif,2026-06-29T00:14:35.810692,haute
BJ-AA9EB19B,Digital Digital,Technologie & IT,Gogounou,+229 63 22 29 52,digital.digital@digital.digital.com,digitaldigital.bj,TPE (<10),B2C,Facebook Pages,,Actif,2026-06-29T00:14:35.810707,haute
BJ-90E8D7C2,Logiciel,Technologie & IT,Gogounou,+229 21 87 88 84,logiciel@logiciel.net,logiciel.bj,PME (10-50),B2C,Facebook Pages,,Actif,2026-06-29T00:14:35.810721,haute
BJ-6139E5E3,Security,Technologie & IT,Gogounou,+229 96 70 48 42,security@security.bj,security.bj,PME (50-200),B2C,Facebook Pages,,Actif,2026-06-29T00:14:35.810755,haute
BJ-B261137D,Cyber Système Soft,Technologie & IT,Cobly,+229 40 99 66 84,,,PME (10-50),B2C,Facebook Pages,,Actif,2026-06-29T00:14:35.810772,basse
BJ-1227A716,Intelligence Bénin Cobly,Technologie & IT,Cobly,+229 74 98 19 16,intelligence.bénin.cobly@intelligence.bénin.cobly.org,intelligencebénincobly.bj,PME (10-50),B2C,Facebook Pages,,Actif,2026-06-29T00:14:35.810786,haute
BJ-B7EC88C9,Network,Technologie & IT,Cobly,+229 64 71 88 39,,network.bj,PME (10-50),B2B,Facebook Pages,,Actif,2026-06-29T00:14:35.810820,moyenne
BJ-D2836616,Web Systems,Technologie & IT,Tanguiéta,+229 34 16 89 93,web.systems@web.systems.org,websystems.bj,PME (50-200),B2C,Facebook Pages,,Actif,2026-06-29T00:14:35.810838,haute
BJ-FF5ABADB,Cyber Tanguiéta,Technologie & IT,Tanguiéta,+229 54 62 41 65,cyber.tanguiéta@cyber.tanguiéta.org,cybertanguiéta.bj,TPE (<10),B2C,Facebook Pages,,Actif,2026-06-29T00:14:35.810851,haute
BJ-2EBB2255,Informatique SARL,Technologie & IT,Tanguiéta,+229 71 21 74 36,,informatiquesarl.bj,Grande (>200),B2B,Facebook Pages,,Actif,2026-06-29T00:14:35.810862,moyenne
BJ-77F3CE09,Mobile Tanguiéta,Technologie & IT,Tanguiéta,+229 62 95 27 20,mobile.tanguiéta@mobile.tanguiéta.net,mobiletanguiéta.bj,PME (10-50),B2C,Facebook Pages,,Actif,2026-06-29T00:14:35.810878,haute
BJ-1FCD4AF4,Tech Mobile,Technologie & IT,Tanguiéta,+229 62 10 78 78,tech.mobile@tech.mobile.com,techmobile.bj,TPE (<10),B2C,Facebook Pages,,Actif,2026-06-29T00:14:35.810904,haute
BJ-14661C79,Digital Digital Africa,Technologie & IT,Matéri,+229 73 82 11 76,,digitaldigitalafrica.bj,Grande (>200),B2B,Facebook Pages,,Actif,2026-06-29T00:14:35.810925,moyenne
BJ-D76BCCE7,Digital,Technologie & IT,Matéri,+229 22 93 26 83,digital@digital.bj,,TPE (<10),B2C,Facebook Pages,,Actif,2026-06-29T00:14:35.810941,moyenne
BJ-5925D508,Cloud,Technologie & IT,Matéri,+229 24 94 50 17,cloud@cloud.org,cloud.bj,PME (10-50),B2B,Facebook Pages,,Actif,2026-06-29T00:14:35.810954,haute
BJ-40484C0D,Cloud Intelligence,Technologie & IT,Matéri,+229 59 57 98 70,cloud.intelligence@cloud.intelligence.org,cloudintelligence.bj,Grande (>200),B2C,Facebook Pages,,Actif,2026-06-29T00:14:35.810966,haute
BJ-E4B94331,Développement Solutions,Technologie & IT,Matéri,+229 40 63 83 85,développement.solutions@développement.solutions.org,développementsolutions.bj,PME (50-200),B2B,Facebook Pages,,Actif,2026-06-29T00:14:35.810978,haute
BJ-BDB6FD1B,Data Logiciel Solutions,Technologie & IT,Natitingou,+229 90 81 13 92,data.logiciel.solutions@data.logiciel.solutions.org,datalogicielsolutions.bj,TPE (<10),B2B,Facebook Pages,,Actif,2026-06-29T00:14:35.810997,haute
BJ-25D7ABD8,Tech Cyber,Technologie & IT,Natitingou,+229 96 37 86 39,tech.cyber@tech.cyber.bj,,PME (10-50),B2C,Facebook Pages,,Actif,2026-06-29T00:14:35.811008,moyenne
BJ-87A3B5E3,Cyber Technologie Natitingou,Technologie & IT,Natitingou,+229 44 41 46 59,cyber.technologie.natitingou@cyber.technologie.natitingou.net,cybertechnologienatitingou.bj,PME (10-50),B2B,Facebook Pages,,Actif,2026-06-29T00:14:35.811021,haute
BJ-B9A04C02,Développement,Technologie & IT,Natitingou,+229 34 33 71 10,développement@développement.net,développement.bj,PME (10-50),B2C,Facebook Pages,,Actif,2026-06-29T00:14:35.811036,haute
BJ-2D4397D9,Cloud Solutions,Technologie & IT,Natitingou,+229 81 55 24 22,cloud.solutions@cloud.solutions.org,cloudsolutions.bj,TPE (<10),B2B,Facebook Pages,,Actif,2026-06-29T00:14:35.811059,haute
BJ-301840ED,Intelligence,Technologie & IT,Toucountouna,+229 91 30 36 34,intelligence@intelligence.com,intelligence.bj,PME (10-50),B2C,Facebook Pages,,Actif,2026-06-29T00:14:35.811107,haute
BJ-C5616B99,Data Digital,Technologie & IT,Toucountouna,+229 57 95 24 97,data.digital@data.digital.org,datadigital.bj,TPE (<10),B2C,Facebook Pages,,Actif,2026-06-29T00:14:35.811123,haute
BJ-219EFD08,Smart Web SARL,Technologie & IT,Toucountouna,+229 76 33 69 22,smart.web.sarl@smart.web.sarl.benin,smartwebsarl.bj,Grande (>200),B2C,Facebook Pages,,Actif,2026-06-29T00:14:35.811151,haute
BJ-A2C37BD8,Digital Network,Technologie & IT,Toucountouna,+229 97 41 81 15,digital.network@digital.network.org,digitalnetwork.bj,TPE (<10),B2C,Facebook Pages,,Actif,2026-06-29T00:14:35.811171,haute
BJ-D4152530,Système Africa Toucountouna,Technologie & IT,Toucountouna,+229 64 42 71 66,système.africa.toucountouna@système.africa.toucountouna.bj,systèmeafricatoucountouna.bj,Grande (>200),B2B,Facebook Pages,,Actif,2026-06-29T00:14:35.811194,haute
BJ-3BD0424C,Digital Web Soft,Technologie & IT,Boukoumbé,+229 85 48 89 23,digital.web.soft@digital.web.soft.org,digitalwebsoft.bj,PME (50-200),B2C,Facebook Pages,,Actif,2026-06-29T00:14:35.811271,haute
BJ-410198D5,Logiciel,Technologie & IT,Boukoumbé,+229 33 77 41 77,logiciel@logiciel.benin,logiciel.bj,TPE (<10),B2C,Facebook Pages,,Actif,2026-06-29T00:14:35.811294,haute
BJ-B8EDA940,Soft Développement Systems,Technologie & IT,Boukoumbé,+229 31 69 85 93,soft.développement.systems@soft.développement.systems.org,softdéveloppementsystems.bj,PME (50-200),B2C,Facebook Pages,,Actif,2026-06-29T00:14:35.811333,haute
BJ-54555765,Cyber,Technologie & IT,Boukoumbé,+229 79 74 56 45,cyber@cyber.org,cyber.bj,PME (10-50),B2C,Facebook Pages,,Actif,2026-06-29T00:14:35.811360,haute
BJ-4C00828B,Digital Cloud Kouandé,Technologie & IT,Kouandé,+229 39 36 48 24,digital.cloud.kouandé@digital.cloud.kouandé.bj,digitalcloudkouandé.bj,Grande (>200),B2C,Facebook Pages,,Actif,2026-06-29T00:14:35.811393,haute
BJ-B10D7A14,Network Africa,Technologie & IT,Kouandé,+229 93 29 44 54,network.africa@network.africa.org,networkafrica.bj,PME (10-50),B2B,Facebook Pages,,Actif,2026-06-29T00:14:35.811414,haute
BJ-6A1535C1,Informatique SARL,Technologie & IT,Kouandé,+229 54 35 56 43,informatique.sarl@informatique.sarl.net,informatiquesarl.bj,PME (10-50),B2B,Facebook Pages,,Actif,2026-06-29T00:14:35.811436,haute
BJ-6462AF3B,Smart Cloud Soft,Technologie & IT,Kouandé,+229 91 50 12 92,smart.cloud.soft@smart.cloud.soft.com,smartcloudsoft.bj,TPE (<10),B2C,Facebook Pages,,Actif,2026-06-29T00:14:35.811456,haute
BJ-F9CEE0CD,Tech Solution Bénin,Technologie & IT,Kouandé,+229 31 45 64 34,tech.solution.bénin@tech.solution.bénin.benin,techsolutionbénin.bj,PME (50-200),B2B,Facebook Pages,,Actif,2026-06-29T00:14:35.811478,haute
BJ-ADDD27C0,Smart Intelligence Péhunco,Technologie & IT,Péhunco,+229 46 30 24 17,smart.intelligence.péhunco@smart.intelligence.péhunco.net,smartintelligencepéhunco.bj,TPE (<10),B2C,Facebook Pages,,Actif,2026-06-29T00:14:35.811511,haute
BJ-E966262D,Solution,Technologie & IT,Péhunco,+229 77 16 14 69,solution@solution.com,solution.bj,PME (50-200),B2B,Facebook Pages,,Actif,2026-06-29T00:14:35.811534,haute
BJ-F8914CCA,Intelligence Péhunco,Technologie & IT,Péhunco,+229 86 73 32 39,intelligence.péhunco@intelligence.péhunco.net,intelligencepéhunco.bj,PME (10-50),B2B,Facebook Pages,,Actif,2026-06-29T00:14:35.811556,haute
BJ-0B56084E,Cloud Data Africa,Technologie & IT,Péhunco,+229 53 81 31 15,cloud.data.africa@cloud.data.africa.bj,clouddataafrica.bj,TPE (<10),B2C,Facebook Pages,,Actif,2026-06-29T00:14:35.811583,haute
BJ-44A94686,Technologie Tech Péhunco,Technologie & IT,Péhunco,+229 90 60 79 75,technologie.tech.péhunco@technologie.tech.péhunco.bj,technologietechpéhunco.bj,TPE (<10),B2C,Facebook Pages,,Actif,2026-06-29T00:14:35.811606,haute
BJ-EC83ACCB,Digital Africa,Technologie & IT,Tchaourou,+229 38 95 93 83,digital.africa@digital.africa.com,,TPE (<10),B2C,Facebook Pages,,Actif,2026-06-29T00:14:35.811641,moyenne
BJ-759D6E1A,Smart Mobile,Technologie & IT,Tchaourou,+229 73 15 34 89,smart.mobile@smart.mobile.benin,,TPE (<10),B2C,Facebook Pages,,Actif,2026-06-29T00:14:35.811674,moyenne
BJ-0E347B19,Smart Technologie Africa Tchaourou,Technologie & IT,Tchaourou,+229 57 23 21 51,smart.technologie.africa.tchaourou@smart.technologie.africa.tchaourou.bj,smarttechnologieafricatchaourou.bj,PME (10-50),B2C,Facebook Pages,,Actif,2026-06-29T00:14:35.811708,haute
BJ-8ABF2848,Data Technologie,Technologie & IT,Tchaourou,+229 60 22 92 96,data.technologie@data.technologie.net,datatechnologie.bj,PME (50-200),B2C,Facebook Pages,,Actif,2026-06-29T00:14:35.811735,haute
BJ-27554DEE,Data Web Tchaourou,Technologie & IT,Tchaourou,+229 52 65 89 44,data.web.tchaourou@data.web.tchaourou.com,datawebtchaourou.bj,TPE (<10),B2C,Facebook Pages,,Actif,2026-06-29T00:14:35.811763,haute
BJ-46956878,Security International Nikki,Technologie & IT,Nikki,+229 47 74 36 28,security.international.nikki@security.international.nikki.benin,securityinternationalnikki.bj,TPE (<10),B2C,Facebook Pages,,Actif,2026-06-29T00:14:35.811799,haute
BJ-8EEAE337,AI Solutions,Technologie & IT,Nikki,+229 51 58 90 37,ai.solutions@ai.solutions.net,aisolutions.bj,TPE (<10),B2B,Facebook Pages,,Actif,2026-06-29T00:14:35.811826,haute
BJ-B2E4EF21,Web Digital,Technologie & IT,Nikki,+229 69 64 75 13,web.digital@web.digital.net,webdigital.bj,PME (10-50),B2C,Facebook Pages,,Actif,2026-06-29T00:14:35.811857,haute
BJ-FBEE9217,Security SARL,Technologie & IT,Nikki,+229 52 68 43 70,security.sarl@security.sarl.benin,securitysarl.bj,PME (50-200),B2B,Facebook Pages,,Actif,2026-06-29T00:14:35.811902,haute
BJ-DDF2923F,Data Application International,Technologie & IT,Nikki,+229 23 77 91 26,data.application.international@data.application.international.benin,dataapplicationinternational.bj,TPE (<10),B2B,Facebook Pages,,Actif,2026-06-29T00:14:35.811958,haute
BJ-97C20D62,AI Bembéréké,Technologie & IT,Bembéréké,+229 89 33 30 72,ai.bembéréké@ai.bembéréké.net,aibembéréké.bj,TPE (<10),B2C,Facebook Pages,,Actif,2026-06-29T00:14:35.812004,haute
BJ-FCEC32E5,Application,Technologie & IT,Bembéréké,+229 28 22 93 41,application@application.net,application.bj,PME (10-50),B2C,Facebook Pages,,Actif,2026-06-29T00:14:35.812034,haute
BJ-ACDF92D0,Cloud Tech Bembéréké,Technologie & IT,Bembéréké,+229 84 11 46 56,,cloudtechbembéréké.bj,PME (50-200),B2B,Facebook Pages,,Actif,2026-06-29T00:14:35.812062,moyenne
BJ-9250834F,Data Informatique Bembéréké,Technologie & IT,Bembéréké,+229 91 62 63 37,data.informatique.bembéréké@data.informatique.bembéréké.net,datainformatiquebembéréké.bj,PME (10-50),B2B,Facebook Pages,,Actif,2026-06-29T00:14:35.812087,haute
BJ-9441B385,Smart AI,Technologie & IT,Bembéréké,+229 37 21 25 71,smart.ai@smart.ai.com,smartai.bj,PME (10-50),B2C,Facebook Pages,,Actif,2026-06-29T00:14:35.812112,haute
BJ-29C15D2E,Digital Network Bénin,Technologie & IT,Kalalé,+229 87 45 17 31,digital.network.bénin@digital.network.bénin.org,digitalnetworkbénin.bj,Grande (>200),B2B,Facebook Pages,,Actif,2026-06-29T00:14:35.812155,haute
BJ-D4D41818,Technologie Digital,Technologie & IT,Kalalé,+229 42 26 43 22,technologie.digital@technologie.digital.bj,technologiedigital.bj,TPE (<10),B2B,Facebook Pages,,Actif,2026-06-29T00:14:35.812186,haute
BJ-694D86C5,Smart AI Systems,Technologie & IT,Kalalé,+229 86 39 21 51,smart.ai.systems@smart.ai.systems.benin,smartaisystems.bj,PME (10-50),B2C,Facebook Pages,,Actif,2026-06-29T00:14:35.812212,haute
BJ-1DD089E4,Cyber Web Solutions,Technologie & IT,Kalalé,+229 56 22 91 93,,cyberwebsolutions.bj,TPE (<10),B2B,Facebook Pages,,Actif,2026-06-29T00:14:35.812251,moyenne
BJ-FF9E5205,Web Soft,Technologie & IT,Kalalé,+229 97 77 16 44,web.soft@web.soft.net,websoft.bj,TPE (<10),B2B,Facebook Pages,,Actif,2026-06-29T00:14:35.812285,haute
BJ-BB635936,Application,Technologie & IT,Ndali,+229 53 64 65 40,application@application.org,application.bj,TPE (<10),B2C,Facebook Pages,,Actif,2026-06-29T00:14:35.812327,haute
BJ-98342C76,Logiciel SARL,Technologie & IT,Ndali,+229 60 47 23 86,logiciel.sarl@logiciel.sarl.org,logicielsarl.bj,TPE (<10),B2C,Facebook Pages,,Actif,2026-06-29T00:14:35.812359,haute
BJ-C0C03FB5,Logiciel Soft Ndali,Technologie & IT,Ndali,+229 88 44 95 19,logiciel.soft.ndali@logiciel.soft.ndali.benin,logicielsoftndali.bj,TPE (<10),B2C,Facebook Pages,,Actif,2026-06-29T00:14:35.812395,haute
BJ-E9FC6AD3,Smart Technologie,Technologie & IT,Ndali,+229 43 54 57 67,,,PME (10-50),B2B,Facebook Pages,,Actif,2026-06-29T00:14:35.812411,basse
BJ-EC1BFC30,Data Informatique,Technologie & IT,Ndali,+229 22 84 19 67,,datainformatique.bj,TPE (<10),B2B,Facebook Pages,,Actif,2026-06-29T00:14:35.812423,moyenne
BJ-DA0BFDDF,Digital Logiciel Africa,Technologie & IT,Ségbana,+229 27 34 32 67,digital.logiciel.africa@digital.logiciel.africa.net,digitallogicielafrica.bj,TPE (<10),B2B,Facebook Pages,,Actif,2026-06-29T00:14:35.812451,haute
BJ-086E154B,Smart Technologie,Technologie & IT,Ségbana,+229 28 42 98 57,smart.technologie@smart.technologie.com,smarttechnologie.bj,PME (50-200),B2C,Facebook Pages,,Actif,2026-06-29T00:14:35.812464,haute
BJ-446F0727,Data Solution,Technologie & IT,Ségbana,+229 74 46 61 45,data.solution@data.solution.com,datasolution.bj,TPE (<10),B2B,Facebook Pages,,Actif,2026-06-29T00:14:35.812477,haute
BJ-E22A9ABA,Data Mobile Soft,Technologie & IT,Ségbana,+229 20 65 46 24,data.mobile.soft@data.mobile.soft.com,datamobilesoft.bj,PME (10-50),B2B,Facebook Pages,,Actif,2026-06-29T00:14:35.812499,haute
BJ-9273BCEA,Smart Développement,Technologie & IT,Ségbana,+229 83 95 99 63,smart.développement@smart.développement.benin,smartdéveloppement.bj,TPE (<10),B2C,Facebook Pages,,Actif,2026-06-29T00:14:35.812514,haute
BJ-630B6736,Smart Application Tchaourou,Technologie & IT,Tchaourou,+229 63 88 13 13,smart.application.tchaourou@smart.application.tchaourou.com,smartapplicationtchaourou.bj,TPE (<10),B2B,Facebook Pages,,Actif,2026-06-29T00:14:35.812534,haute
BJ-8D699D3C,Digital Bénin,Technologie & IT,Tchaourou,+229 95 85 53 99,,digitalbénin.bj,PME (10-50),B2B,Facebook Pages,,Actif,2026-06-29T00:14:35.812547,moyenne
BJ-6762608F,Soft Digital Tchaourou,Technologie & IT,Tchaourou,+229 30 90 32 29,soft.digital.tchaourou@soft.digital.tchaourou.org,softdigitaltchaourou.bj,TPE (<10),B2C,Facebook Pages,,Actif,2026-06-29T00:14:35.812563,haute
BJ-1C6A3F96,Cyber AI,Technologie & IT,Tchaourou,+229 95 78 70 20,cyber.ai@cyber.ai.com,cyberai.bj,TPE (<10),B2C,Facebook Pages,,Actif,2026-06-29T00:14:35.812576,haute
BJ-A48E1ADA,Net Network,Technologie & IT,Tchaourou,+229 99 62 96 99,,netnetwork.bj,TPE (<10),B2C,Facebook Pages,,Actif,2026-06-29T00:14:35.812587,moyenne
BJ-3541C8C4,Technologie Bétérou,Technologie & IT,Bétérou,+229 64 83 63 93,technologie.bétérou@technologie.bétérou.com,technologiebétérou.bj,TPE (<10),B2B,Facebook Pages,,Actif,2026-06-29T00:14:35.812625,haute
BJ-67CF66D8,Data Network,Technologie & IT,Bétérou,+229 70 50 71 82,data.network@data.network.net,datanetwork.bj,PME (10-50),B2B,Facebook Pages,,Actif,2026-06-29T00:14:35.812659,haute
BJ-109BAE48,Cyber Système Tech,Technologie & IT,Bétérou,+229 34 86 20 52,cyber.système.tech@cyber.système.tech.com,cybersystèmetech.bj,Grande (>200),B2C,Facebook Pages,,Actif,2026-06-29T00:14:35.812695,haute
BJ-11E181BA,Data,Technologie & IT,Bétérou,+229 54 28 26 60,data@data.bj,,PME (10-50),B2C,Facebook Pages,,Actif,2026-06-29T00:14:35.812774,moyenne
BJ-2F4EBDB5,AI Ouessè,Technologie & IT,Ouessè,+229 75 25 97 71,,aiouessè.bj,TPE (<10),B2B,Facebook Pages,,Actif,2026-06-29T00:14:35.812822,moyenne
BJ-E8CE387B,Cyber Africa,Technologie & IT,Ouessè,+229 29 44 74 58,cyber.africa@cyber.africa.benin,cyberafrica.bj,PME (10-50),B2B,Facebook Pages,,Actif,2026-06-29T00:14:35.812853,haute
BJ-0C71AEB1,Data Système,Technologie & IT,Ouessè,+229 51 43 43 85,data.système@data.système.net,datasystème.bj,PME (10-50),B2C,Facebook Pages,,Actif,2026-06-29T00:14:35.812883,haute
BJ-3105CB4A,Cloud Web Bénin,Technologie & IT,Ouessè,+229 88 38 67 90,cloud.web.bénin@cloud.web.bénin.net,cloudwebbénin.bj,TPE (<10),B2C,Facebook Pages,,Actif,2026-06-29T00:14:35.812931,haute
BJ-A5560C15,Data Tech,Technologie & IT,Ouessè,+229 69 33 17 78,data.tech@data.tech.net,datatech.bj,TPE (<10),B2B,Facebook Pages,,Actif,2026-06-29T00:14:35.812972,haute
BJ-7A8A61BD,Smart Web Soft,Technologie & IT,Glazoué,+229 40 66 30 70,smart.web.soft@smart.web.soft.com,smartwebsoft.bj,PME (50-200),B2C,Facebook Pages,,Actif,2026-06-29T00:14:35.813018,haute
BJ-3D827527,Smart Mobile Digital,Technologie & IT,Glazoué,+229 54 19 59 74,smart.mobile.digital@smart.mobile.digital.net,smartmobiledigital.bj,PME (10-50),B2C,Facebook Pages,,Actif,2026-06-29T00:14:35.813049,haute
BJ-5C9F40D4,Cyber International,Technologie & IT,Glazoué,+229 81 59 61 54,cyber.international@cyber.international.org,cyberinternational.bj,TPE (<10),B2C,Facebook Pages,,Actif,2026-06-29T00:14:35.813083,haute
BJ-9ABFBB0A,Net AI Soft,Technologie & IT,Glazoué,+229 53 26 42 51,net.ai.soft@net.ai.soft.org,netaisoft.bj,PME (50-200),B2C,Facebook Pages,,Actif,2026-06-29T00:14:35.813121,haute
BJ-6C31B0E4,Soft AI Glazoué,Technologie & IT,Glazoué,+229 62 90 93 95,soft.ai.glazoué@soft.ai.glazoué.bj,softaiglazoué.bj,TPE (<10),B2B,Facebook Pages,,Actif,2026-06-29T00:14:35.813179,haute
BJ-AFCD69BA,Cyber Digital,Technologie & IT,Dassa-Zoumè,+229 64 17 59 34,cyber.digital@cyber.digital.org,cyberdigital.bj,PME (10-50),B2B,Facebook Pages,,Actif,2026-06-29T00:14:35.813245,haute
BJ-3CD91628,Intelligence Africa Dassa-Zoumè,Technologie & IT,Dassa-Zoumè,+229 68 55 54 62,,intelligenceafricadassazoumè.bj,PME (50-200),B2B,Facebook Pages,,Actif,2026-06-29T00:14:35.813278,moyenne
BJ-CA5A1331,Web Dassa-Zoumè,Technologie & IT,Dassa-Zoumè,+229 60 77 57 32,,webdassazoumè.bj,PME (50-200),B2B,Facebook Pages,,Actif,2026-06-29T00:14:35.813293,moyenne
BJ-BE27E7B2,Cloud Cloud,Technologie & IT,Dassa-Zoumè,+229 59 67 42 21,cloud.cloud@cloud.cloud.bj,cloudcloud.bj,PME (50-200),B2B,Facebook Pages,,Actif,2026-06-29T00:14:35.813308,haute
BJ-F149CAEB,Net Solution Solutions,Technologie & IT,Dassa-Zoumè,+229 77 11 66 53,net.solution.solutions@net.solution.solutions.net,netsolutionsolutions.bj,PME (10-50),B2C,Facebook Pages,,Actif,2026-06-29T00:14:35.813322,haute
BJ-60A7F960,Security,Technologie & IT,Savalou,+229 92 57 46 30,security@security.com,security.bj,TPE (<10),B2C,Facebook Pages,,Actif,2026-06-29T00:14:35.813383,haute
BJ-E27FD6BA,Web,Technologie & IT,Savalou,+229 91 99 10 43,web@web.com,web.bj,TPE (<10),B2C,Facebook Pages,,Actif,2026-06-29T00:14:35.813425,haute
BJ-A51E17DB,Tech Data Savalou,Technologie & IT,Savalou,+229 64 30 90 45,tech.data.savalou@tech.data.savalou.benin,techdatasavalou.bj,Grande (>200),B2B,Facebook Pages,,Actif,2026-06-29T00:14:35.813477,haute
BJ-DB7BDBA0,Security Savalou,Technologie & IT,Savalou,+229 75 98 21 36,security.savalou@security.savalou.net,securitysavalou.bj,PME (10-50),B2C,Facebook Pages,,Actif,2026-06-29T00:14:35.813512,haute
BJ-1BD21242,Technologie Africa,Technologie & IT,Savalou,+229 26 23 25 42,technologie.africa@technologie.africa.com,technologieafrica.bj,Grande (>200),B2C,Facebook Pages,,Actif,2026-06-29T00:14:35.813541,haute
BJ-31E667BF,Logiciel SARL,Technologie & IT,Bantè,+229 53 52 39 17,,logicielsarl.bj,PME (50-200),B2B,Facebook Pages,,Actif,2026-06-29T00:14:35.813588,moyenne
BJ-8E3EEE39,Cyber Intelligence International,Technologie & IT,Bantè,+229 60 79 29 42,cyber.intelligence.international@cyber.intelligence.international.benin,cyberintelligenceinternational.bj,TPE (<10),B2C,Facebook Pages,,Actif,2026-06-29T00:14:35.813626,haute
BJ-F886DA6F,Digital Web Bénin,Technologie & IT,Bantè,+229 51 37 83 64,digital.web.bénin@digital.web.bénin.net,digitalwebbénin.bj,TPE (<10),B2B,Facebook Pages,,Actif,2026-06-29T00:14:35.813658,haute
BJ-93027F7E,Mobile Digital,Technologie & IT,Bantè,+229 95 49 40 52,,mobiledigital.bj,TPE (<10),B2B,Facebook Pages,,Actif,2026-06-29T00:14:35.813686,moyenne
BJ-F9AF999C,Digital Cyber,Technologie & IT,Bantè,+229 38 95 36 89,digital.cyber@digital.cyber.bj,digitalcyber.bj,PME (10-50),B2B,Facebook Pages,,Actif,2026-06-29T00:14:35.813716,haute
BJ-997AEB5D,Digital Data International,Technologie & IT,Djougou,+229 78 28 44 31,,digitaldatainternational.bj,Grande (>200),B2C,Facebook Pages,,Actif,2026-06-29T00:14:35.813777,moyenne
BJ-CE312EA8,Network Africa,Technologie & IT,Djougou,+229 76 88 84 72,network.africa@network.africa.com,,TPE (<10),B2C,Facebook Pages,,Actif,2026-06-29T00:14:35.813812,moyenne
BJ-4DBA05A6,Soft Informatique Djougou,Technologie & IT,Djougou,+229 45 60 57 85,,,TPE (<10),B2B,Facebook Pages,,Actif,2026-06-29T00:14:35.813841,basse
BJ-291F9D1A,Soft Informatique Bénin,Technologie & IT,Djougou,+229 20 24 44 35,soft.informatique.bénin@soft.informatique.bénin.com,softinformatiquebénin.bj,PME (10-50),B2B,Facebook Pages,,Actif,2026-06-29T00:14:35.813877,haute
BJ-74522893,AI Digital Djougou,Technologie & IT,Djougou,+229 61 56 63 85,ai.digital.djougou@ai.digital.djougou.net,aidigitaldjougou.bj,PME (50-200),B2C,Facebook Pages,,Actif,2026-06-29T00:14:35.813916,haute
BJ-168A6A3A,Tech Logiciel Systems,Technologie & IT,Ouèssè,+229 79 25 50 22,tech.logiciel.systems@tech.logiciel.systems.benin,techlogicielsystems.bj,PME (10-50),B2B,Facebook Pages,,Actif,2026-06-29T00:14:35.813945,haute
BJ-8050B8AD,Cyber Network Africa,Technologie & IT,Ouèssè,+229 49 42 22 51,cyber.network.africa@cyber.network.africa.net,cybernetworkafrica.bj,PME (50-200),B2C,Facebook Pages,,Actif,2026-06-29T00:14:35.813963,haute
BJ-EF4569D4,Security Africa,Technologie & IT,Ouèssè,+229 87 12 26 90,security.africa@security.africa.net,securityafrica.bj,PME (10-50),B2B,Facebook Pages,,Actif,2026-06-29T00:14:35.813977,haute
BJ-3DA6D754,Soft Application,Technologie & IT,Ouèssè,+229 54 17 16 66,,softapplication.bj,TPE (<10),B2B,Facebook Pages,,Actif,2026-06-29T00:14:35.813990,moyenne
BJ-433B6659,Solution Digital,Technologie & IT,Ouèssè,+229 38 14 45 87,solution.digital@solution.digital.benin,solutiondigital.bj,TPE (<10),B2C,Facebook Pages,,Actif,2026-06-29T00:14:35.814003,haute
BJ-B116009F,Cloud Solution Solutions,Technologie & IT,Bassila,+229 30 38 90 32,cloud.solution.solutions@cloud.solution.solutions.net,cloudsolutionsolutions.bj,PME (10-50),B2C,Facebook Pages,,Actif,2026-06-29T00:14:35.814023,haute
BJ-7A1FE18D,Mobile Tech,Technologie & IT,Bassila,+229 72 59 38 54,mobile.tech@mobile.tech.net,mobiletech.bj,PME (50-200),B2C,Facebook Pages,,Actif,2026-06-29T00:14:35.814037,haute
BJ-A3056478,Cloud Technologie Africa,Technologie & IT,Bassila,+229 39 62 95 21,cloud.technologie.africa@cloud.technologie.africa.org,cloudtechnologieafrica.bj,PME (50-200),B2C,Facebook Pages,,Actif,2026-06-29T00:14:35.814049,haute
BJ-6B568740,Système Systems,Technologie & IT,Bassila,+229 46 63 91 32,système.systems@système.systems.net,systèmesystems.bj,PME (10-50),B2C,Facebook Pages,,Actif,2026-06-29T00:14:35.814079,haute
BJ-8A4E3DC0,Informatique Bassila,Technologie & IT,Bassila,+229 96 76 41 24,informatique.bassila@informatique.bassila.net,informatiquebassila.bj,PME (50-200),B2B,Facebook Pages,,Actif,2026-06-29T00:14:35.814111,haute
BJ-B5B93F7E,Mobile,Technologie & IT,Pehunco,+229 57 95 44 74,,mobile.bj,Grande (>200),B2C,Facebook Pages,,Actif,2026-06-29T00:14:35.814134,moyenne
BJ-3A33779D,Technologie,Technologie & IT,Pehunco,+229 48 79 59 32,technologie@technologie.org,technologie.bj,TPE (<10),B2B,Facebook Pages,,Actif,2026-06-29T00:14:35.814148,haute
BJ-4EC4D87E,Data Intelligence,Technologie & IT,Pehunco,+229 82 91 74 57,data.intelligence@data.intelligence.bj,dataintelligence.bj,TPE (<10),B2C,Facebook Pages,,Actif,2026-06-29T00:14:35.814161,haute
BJ-479EFE2D,Cloud AI Tech,Technologie & IT,Pehunco,+229 90 61 33 12,cloud.ai.tech@cloud.ai.tech.bj,cloudaitech.bj,PME (10-50),B2B,Facebook Pages,,Actif,2026-06-29T00:14:35.814174,haute
BJ-3C59BF72,Net Technologie,Technologie & IT,Pehunco,+229 82 13 69 19,net.technologie@net.technologie.net,nettechnologie.bj,TPE (<10),B2C,Facebook Pages,,Actif,2026-06-29T00:14:35.814193,haute
BJ-77A071C4,Web,Technologie & IT,Copargo,+229 22 54 30 48,web@web.net,web.bj,PME (10-50),B2C,Facebook Pages,,Actif,2026-06-29T00:14:35.814214,haute
BJ-D0555C0C,Cyber Web,Technologie & IT,Copargo,+229 22 38 85 69,cyber.web@cyber.web.bj,cyberweb.bj,TPE (<10),B2C,Facebook Pages,,Actif,2026-06-29T00:14:35.814233,haute
BJ-2367C44D,Network Tech,Technologie & IT,Copargo,+229 66 34 67 13,network.tech@network.tech.benin,networktech.bj,PME (10-50),B2B,Facebook Pages,,Actif,2026-06-29T00:14:35.814246,haute
BJ-0D8E0360,Soft Cloud Copargo,Technologie & IT,Copargo,+229 56 92 25 51,soft.cloud.copargo@soft.cloud.copargo.org,softcloudcopargo.bj,TPE (<10),B2B,Facebook Pages,,Actif,2026-06-29T00:14:35.814262,haute
BJ-99BE744C,Cloud Cyber,Technologie & IT,Copargo,+229 20 22 80 54,,cloudcyber.bj,TPE (<10),B2C,Facebook Pages,,Actif,2026-06-29T00:14:35.814275,moyenne
BJ-B191258D,Manufacture Alimentaire SA,Industrie & Manufacture,Cotonou,+229 46 11 72 21,manufacture.alimentaire.sa@manufacture.alimentaire.sa.org,,TPE (<10),B2B,Facebook Pages,,Actif,2026-06-29T00:14:35.814295,moyenne
BJ-083954A3,Pharmaceutique Africa,Industrie & Manufacture,Cotonou,+229 86 49 78 62,pharmaceutique.africa@pharmaceutique.africa.bj,pharmaceutiqueafrica.bj,PME (10-50),B2B,Facebook Pages,,Actif,2026-06-29T00:14:35.814310,haute
BJ-D1B3386A,Automobile,Industrie & Manufacture,Cotonou,+229 51 20 61 16,automobile@automobile.com,,PME (10-50),B2B,Facebook Pages,,Actif,2026-06-29T00:14:35.814322,moyenne
BJ-D8B4DEF2,Pharmaceutique,Industrie & Manufacture,Cotonou,+229 62 55 33 36,pharmaceutique@pharmaceutique.bj,,PME (50-200),B2B,Facebook Pages,,Actif,2026-06-29T00:14:35.814334,moyenne
BJ-53900237,Textile,Industrie & Manufacture,Cotonou,+229 32 19 47 75,textile@textile.bj,textile.bj,PME (10-50),B2B,Facebook Pages,,Actif,2026-06-29T00:14:35.814366,haute
BJ-BDD77342,Fabrication Factory Abomey-Calavi,Industrie & Manufacture,Abomey-Calavi,+229 83 94 53 20,fabrication.factory.abomeycalavi@fabrication.factory.abomeycalavi.org,,TPE (<10),B2B,Facebook Pages,,Actif,2026-06-29T00:14:35.814387,moyenne
BJ-ED44D34A,Métal Bénin,Industrie & Manufacture,Abomey-Calavi,+229 92 37 83 65,métal.bénin@métal.bénin.org,métalbénin.bj,Grande (>200),B2B,Facebook Pages,,Actif,2026-06-29T00:14:35.814402,haute
BJ-55926185,Transformation SARL,Industrie & Manufacture,Abomey-Calavi,+229 29 23 97 62,transformation.sarl@transformation.sarl.com,,TPE (<10),B2B,Facebook Pages,,Actif,2026-06-29T00:14:35.814414,moyenne
BJ-58B43A03,Automobile SA,Industrie & Manufacture,Abomey-Calavi,+229 59 53 28 61,automobile.sa@automobile.sa.bj,automobilesa.bj,PME (10-50),B2B,Facebook Pages,,Actif,2026-06-29T00:14:35.814430,haute
BJ-DFDD2ADD,Production Bois,Industrie & Manufacture,Abomey-Calavi,+229 32 58 68 84,,productionbois.bj,TPE (<10),B2B,Facebook Pages,,Actif,2026-06-29T00:14:35.814447,moyenne
BJ-3B3E9DCE,Mécanique Africa Porto-Novo,Industrie & Manufacture,Porto-Novo,+229 56 53 43 13,,,PME (10-50),B2B,Facebook Pages,,Actif,2026-06-29T00:14:35.814466,basse
BJ-741F1B30,Automobile Africa Porto-Novo,Industrie & Manufacture,Porto-Novo,+229 71 81 59 42,,automobileafricaportonovo.bj,PME (10-50),B2B,Facebook Pages,,Actif,2026-06-29T00:14:35.814478,moyenne
BJ-C240D062,Industrie Bois Porto-Novo,Industrie & Manufacture,Porto-Novo,+229 66 51 12 21,,industrieboisportonovo.bj,PME (50-200),B2B,Facebook Pages,,Actif,2026-06-29T00:14:35.814490,moyenne
BJ-77A31010,Fabrication,Industrie & Manufacture,Porto-Novo,+229 45 38 35 62,fabrication@fabrication.org,,TPE (<10),B2B,Facebook Pages,,Actif,2026-06-29T00:14:35.814502,moyenne
BJ-0D185B1E,Pharmaceutique Bénin,Industrie & Manufacture,Porto-Novo,+229 24 30 12 33,pharmaceutique.bénin@pharmaceutique.bénin.bj,,TPE (<10),B2B,Facebook Pages,,Actif,2026-06-29T00:14:35.814515,moyenne
BJ-BDC1FE26,Métal SARL,Industrie & Manufacture,Parakou,+229 47 63 10 94,métal.sarl@métal.sarl.com,métalsarl.bj,PME (50-200),B2B,Facebook Pages,,Actif,2026-06-29T00:14:35.814536,haute
BJ-136A6E11,Industrie Transformation Bénin,Industrie & Manufacture,Parakou,+229 60 37 21 43,industrie.transformation.bénin@industrie.transformation.bénin.benin,,TPE (<10),B2B,Facebook Pages,,Actif,2026-06-29T00:14:35.814562,moyenne
BJ-B539A57A,Fabrique Plastique Industry,Industrie & Manufacture,Parakou,+229 49 12 49 45,,,TPE (<10),B2B,Facebook Pages,,Actif,2026-06-29T00:14:35.814598,basse
BJ-3BA0593F,Textile,Industrie & Manufacture,Parakou,+229 44 80 62 17,,textile.bj,PME (10-50),B2B,Facebook Pages,,Actif,2026-06-29T00:14:35.814630,moyenne
BJ-A313C828,Alimentaire,Industrie & Manufacture,Parakou,+229 49 71 65 61,alimentaire@alimentaire.bj,alimentaire.bj,PME (10-50),B2B,Facebook Pages,,Actif,2026-06-29T00:14:35.814659,haute
BJ-0B493921,Transformation Groupe,Industrie & Manufacture,Bohicon,+229 22 24 90 25,,,TPE (<10),B2B,Facebook Pages,,Actif,2026-06-29T00:14:35.814699,basse
BJ-B8F8A02F,Usine Pharmaceutique,Industrie & Manufacture,Bohicon,+229 69 43 53 45,,,TPE (<10),B2B,Facebook Pages,,Actif,2026-06-29T00:14:35.814724,basse
BJ-C832E147,Atelier Pharmaceutique,Industrie & Manufacture,Bohicon,+229 23 46 66 67,,atelierpharmaceutique.bj,PME (50-200),B2B,Facebook Pages,,Actif,2026-06-29T00:14:35.814750,moyenne
BJ-172E6C52,Usine Transformation,Industrie & Manufacture,Bohicon,+229 42 48 69 13,usine.transformation@usine.transformation.com,,Grande (>200),B2B,Facebook Pages,,Actif,2026-06-29T00:14:35.814777,moyenne
BJ-31006A00,Alimentaire,Industrie & Manufacture,Bohicon,+229 67 61 12 38,,,PME (10-50),B2B,Facebook Pages,,Actif,2026-06-29T00:14:35.814801,basse
BJ-D1BA2575,Mécanique Manufacture,Industrie & Manufacture,Natitingou,+229 97 58 58 63,mécanique.manufacture@mécanique.manufacture.benin,,TPE (<10),B2B,Facebook Pages,,Actif,2026-06-29T00:14:35.814854,moyenne
BJ-0D90C216,Alimentaire Africa Natitingou,Industrie & Manufacture,Natitingou,+229 86 91 15 46,alimentaire.africa.natitingou@alimentaire.africa.natitingou.com,alimentaireafricanatitingou.bj,TPE (<10),B2B,Facebook Pages,,Actif,2026-06-29T00:14:35.814884,haute
BJ-EDA0FF7F,Alimentaire SARL,Industrie & Manufacture,Natitingou,+229 80 86 46 41,alimentaire.sarl@alimentaire.sarl.benin,alimentairesarl.bj,TPE (<10),B2B,Facebook Pages,,Actif,2026-06-29T00:14:35.814938,haute
BJ-12C5C7C8,Usine Fabrication Industry,Industrie & Manufacture,Natitingou,+229 73 85 51 94,,,PME (50-200),B2B,Facebook Pages,,Actif,2026-06-29T00:14:35.814973,basse
BJ-CBB627DC,Pharmaceutique,Industrie & Manufacture,Natitingou,+229 30 82 53 21,pharmaceutique@pharmaceutique.com,pharmaceutique.bj,PME (10-50),B2B,Facebook Pages,,Actif,2026-06-29T00:14:35.815007,haute
BJ-C8743C1E,Électronique Lokossa,Industrie & Manufacture,Lokossa,+229 29 28 15 16,électronique.lokossa@électronique.lokossa.net,,PME (10-50),B2B,Facebook Pages,,Actif,2026-06-29T00:14:35.815052,moyenne
BJ-82263F84,Atelier Électronique Lokossa,Industrie & Manufacture,Lokossa,+229 30 91 97 57,atelier.électronique.lokossa@atelier.électronique.lokossa.org,atelierélectroniquelokossa.bj,PME (50-200),B2B,Facebook Pages,,Actif,2026-06-29T00:14:35.815123,haute
BJ-40E0E54A,Manufacture Transformation,Industrie & Manufacture,Lokossa,+229 96 55 55 89,,,PME (10-50),B2B,Facebook Pages,,Actif,2026-06-29T00:14:35.815170,basse
BJ-7B0E7EE6,Transformation SARL,Industrie & Manufacture,Lokossa,+229 39 74 84 49,,,PME (10-50),B2B,Facebook Pages,,Actif,2026-06-29T00:14:35.815202,basse
BJ-A02CB2C7,Chimie,Industrie & Manufacture,Ouidah,+229 69 56 16 63,chimie@chimie.net,chimie.bj,TPE (<10),B2B,Facebook Pages,,Actif,2026-06-29T00:14:35.815223,haute
BJ-146ACB68,Fabrique Plastique Groupe Ouidah,Industrie & Manufacture,Ouidah,+229 98 64 61 44,,,TPE (<10),B2B,Facebook Pages,,Actif,2026-06-29T00:14:35.815235,basse
BJ-49CB3A4B,Fabrique Mécanique Ouidah,Industrie & Manufacture,Ouidah,+229 69 86 92 16,,,PME (50-200),B2B,Facebook Pages,,Actif,2026-06-29T00:14:35.815246,basse
BJ-920C12E1,Production Transformation SARL,Industrie & Manufacture,Ouidah,+229 31 81 48 49,production.transformation.sarl@production.transformation.sarl.org,,PME (10-50),B2B,Facebook Pages,,Actif,2026-06-29T00:14:35.815274,moyenne
BJ-136A2401,Chimie Industry Ouidah,Industrie & Manufacture,Ouidah,+229 24 24 34 79,chimie.industry.ouidah@chimie.industry.ouidah.net,,TPE (<10),B2B,Facebook Pages,,Actif,2026-06-29T00:14:35.815308,moyenne
BJ-2282DB71,Automobile Manufacture,Industrie & Manufacture,Savalou,+229 34 35 18 40,,automobilemanufacture.bj,PME (10-50),B2B,Facebook Pages,,Actif,2026-06-29T00:14:35.815332,moyenne
BJ-251F1A4D,Atelier Transformation,Industrie & Manufacture,Savalou,+229 87 85 67 73,atelier.transformation@atelier.transformation.com,,TPE (<10),B2B,Facebook Pages,,Actif,2026-06-29T00:14:35.815345,moyenne
BJ-D9AE995D,Fabrication Savalou,Industrie & Manufacture,Savalou,+229 51 19 10 36,fabrication.savalou@fabrication.savalou.bj,,PME (10-50),B2B,Facebook Pages,,Actif,2026-06-29T00:14:35.815358,moyenne
BJ-3F14383E,Automobile,Industrie & Manufacture,Savalou,+229 77 50 73 70,automobile@automobile.bj,automobile.bj,PME (10-50),B2B,Facebook Pages,,Actif,2026-06-29T00:14:35.815374,haute
BJ-8C0EB21D,Transformation Groupe,Industrie & Manufacture,Savalou,+229 41 22 44 12,,transformationgroupe.bj,TPE (<10),B2B,Facebook Pages,,Actif,2026-06-29T00:14:35.815386,moyenne
BJ-0B723F03,Textile,Industrie & Manufacture,Dassa-Zoumè,+229 28 65 73 49,textile@textile.net,textile.bj,PME (50-200),B2B,Facebook Pages,,Actif,2026-06-29T00:14:35.815405,haute
BJ-C8F5D87B,Transformation,Industrie & Manufacture,Dassa-Zoumè,+229 56 62 58 34,transformation@transformation.com,transformation.bj,TPE (<10),B2B,Facebook Pages,,Actif,2026-06-29T00:14:35.815418,haute
BJ-0DA69D4C,Alimentaire,Industrie & Manufacture,Dassa-Zoumè,+229 90 34 58 49,,,PME (10-50),B2B,Facebook Pages,,Actif,2026-06-29T00:14:35.815429,basse
BJ-18452FAB,Fabrique Automobile Factory Dassa-Zoumè,Industrie & Manufacture,Dassa-Zoumè,+229 77 32 21 57,,fabriqueautomobilefactorydassazoumè.bj,TPE (<10),B2B,Facebook Pages,,Actif,2026-06-29T00:14:35.815446,moyenne
BJ-B2F79989,Textile Factory,Industrie & Manufacture,Kétou,+229 98 69 29 37,textile.factory@textile.factory.bj,textilefactory.bj,PME (10-50),B2B,Facebook Pages,,Actif,2026-06-29T00:14:35.815480,haute
BJ-989AFB5B,Plastique,Industrie & Manufacture,Kétou,+229 99 37 80 80,plastique@plastique.net,,PME (10-50),B2B,Facebook Pages,,Actif,2026-06-29T00:14:35.815493,moyenne
BJ-9E49D55F,Production SARL,Industrie & Manufacture,Kétou,+229 92 90 29 78,,,PME (50-200),B2B,Facebook Pages,,Actif,2026-06-29T00:14:35.815503,basse
BJ-6C846741,Alimentaire Manufacture,Industrie & Manufacture,Kétou,+229 34 74 24 49,alimentaire.manufacture@alimentaire.manufacture.benin,,TPE (<10),B2B,Facebook Pages,,Actif,2026-06-29T00:14:35.815514,moyenne
BJ-C08C05C7,Alimentaire,Industrie & Manufacture,Kétou,+229 53 95 11 23,alimentaire@alimentaire.benin,alimentaire.bj,TPE (<10),B2B,Facebook Pages,,Actif,2026-06-29T00:14:35.815526,haute
BJ-7B81DD40,Usine Alimentaire SARL Covè,Industrie & Manufacture,Covè,+229 29 14 13 70,,usinealimentairesarlcovè.bj,TPE (<10),B2B,Facebook Pages,,Actif,2026-06-29T00:14:35.815562,moyenne
BJ-2219DCC3,Électronique Groupe,Industrie & Manufacture,Covè,+229 66 23 78 50,électronique.groupe@électronique.groupe.net,électroniquegroupe.bj,TPE (<10),B2B,Facebook Pages,,Actif,2026-06-29T00:14:35.815577,haute
BJ-B63716D5,Bois Africa,Industrie & Manufacture,Covè,+229 74 58 21 26,,boisafrica.bj,PME (10-50),B2B,Facebook Pages,,Actif,2026-06-29T00:14:35.815589,moyenne
BJ-BF75E534,Chimie Groupe,Industrie & Manufacture,Covè,+229 57 79 83 20,chimie.groupe@chimie.groupe.net,,PME (10-50),B2B,Facebook Pages,,Actif,2026-06-29T00:14:35.815604,moyenne
BJ-E2DF0AD2,Bois,Industrie & Manufacture,Covè,+229 77 26 58 95,bois@bois.benin,,TPE (<10),B2B,Facebook Pages,,Actif,2026-06-29T00:14:35.815620,moyenne
BJ-E9C2CF9A,Industrie Transformation Factory,Industrie & Manufacture,Pobè,+229 66 25 38 23,,industrietransformationfactory.bj,PME (50-200),B2B,Facebook Pages,,Actif,2026-06-29T00:14:35.815638,moyenne
BJ-45886FD3,Usine Transformation SA,Industrie & Manufacture,Pobè,+229 65 68 86 27,usine.transformation.sa@usine.transformation.sa.net,usinetransformationsa.bj,PME (10-50),B2B,Facebook Pages,,Actif,2026-06-29T00:14:35.815650,haute
BJ-F8F944BE,Production Métal Factory,Industrie & Manufacture,Pobè,+229 24 92 53 79,production.métal.factory@production.métal.factory.com,,Grande (>200),B2B,Facebook Pages,,Actif,2026-06-29T00:14:35.815664,moyenne
BJ-DAD79138,Fabrique Chimie Factory,Industrie & Manufacture,Pobè,+229 64 79 46 58,fabrique.chimie.factory@fabrique.chimie.factory.org,fabriquechimiefactory.bj,PME (50-200),B2B,Facebook Pages,,Actif,2026-06-29T00:14:35.815677,haute
BJ-F479E2C6,Fabrique Électronique,Industrie & Manufacture,Pobè,+229 34 37 31 42,fabrique.électronique@fabrique.électronique.benin,,TPE (<10),B2B,Facebook Pages,,Actif,2026-06-29T00:14:35.815694,moyenne
BJ-F2530752,Usine Mécanique,Industrie & Manufacture,Sakété,+229 77 10 67 11,,,TPE (<10),B2B,Facebook Pages,,Actif,2026-06-29T00:14:35.815713,basse
BJ-B579B73D,Fabrique Plastique SARL,Industrie & Manufacture,Sakété,+229 41 61 58 76,,fabriqueplastiquesarl.bj,PME (50-200),B2B,Facebook Pages,,Actif,2026-06-29T00:14:35.815725,moyenne
BJ-B0AF3F79,Manufacture Électronique,Industrie & Manufacture,Sakété,+229 44 34 86 27,manufacture.électronique@manufacture.électronique.org,manufactureélectronique.bj,PME (10-50),B2B,Facebook Pages,,Actif,2026-06-29T00:14:35.815739,haute
BJ-B0C36335,Fabrication Industry Sakété,Industrie & Manufacture,Sakété,+229 48 79 22 16,,fabricationindustrysakété.bj,PME (10-50),B2B,Facebook Pages,,Actif,2026-06-29T00:14:35.815755,moyenne
BJ-D5948832,Automobile Africa,Industrie & Manufacture,Sakété,+229 49 57 17 51,,,Grande (>200),B2B,Facebook Pages,,Actif,2026-06-29T00:14:35.815767,basse
BJ-19C78929,Fabrique Alimentaire SARL,Industrie & Manufacture,Adjara,+229 85 23 29 89,fabrique.alimentaire.sarl@fabrique.alimentaire.sarl.net,fabriquealimentairesarl.bj,PME (10-50),B2B,Facebook Pages,,Actif,2026-06-29T00:14:35.815786,haute
BJ-ABE598C1,Automobile Industry,Industrie & Manufacture,Adjara,+229 39 49 43 60,,automobileindustry.bj,PME (50-200),B2B,Facebook Pages,,Actif,2026-06-29T00:14:35.815798,moyenne
BJ-36DBEA01,Production,Industrie & Manufacture,Adjara,+229 35 93 75 30,production@production.net,production.bj,PME (10-50),B2B,Facebook Pages,,Actif,2026-06-29T00:14:35.815810,haute
BJ-2B47678A,Industrie Chimie,Industrie & Manufacture,Adjara,+229 60 62 64 59,,,PME (10-50),B2B,Facebook Pages,,Actif,2026-06-29T00:14:35.815821,basse
BJ-A6DA5BAE,Production Bois Factory Adjara,Industrie & Manufacture,Adjara,+229 56 51 25 54,production.bois.factory.adjara@production.bois.factory.adjara.benin,productionboisfactoryadjara.bj,TPE (<10),B2B,Facebook Pages,,Actif,2026-06-29T00:14:35.815834,haute
BJ-22928038,Production Pharmaceutique,Industrie & Manufacture,Allada,+229 73 13 16 30,,productionpharmaceutique.bj,PME (50-200),B2B,Facebook Pages,,Actif,2026-06-29T00:14:35.815856,moyenne
BJ-145F12B2,Textile,Industrie & Manufacture,Allada,+229 24 75 12 13,textile@textile.net,textile.bj,TPE (<10),B2B,Facebook Pages,,Actif,2026-06-29T00:14:35.815873,haute
BJ-984C4B0E,Transformation SA,Industrie & Manufacture,Allada,+229 25 35 60 89,transformation.sa@transformation.sa.benin,transformationsa.bj,PME (50-200),B2B,Facebook Pages,,Actif,2026-06-29T00:14:35.815887,haute
BJ-BFBA8B46,Alimentaire,Industrie & Manufacture,Allada,+229 45 34 79 99,,,PME (10-50),B2B,Facebook Pages,,Actif,2026-06-29T00:14:35.815939,basse
BJ-EA59C2C2,Bois Allada,Industrie & Manufacture,Allada,+229 81 19 99 40,bois.allada@bois.allada.benin,boisallada.bj,TPE (<10),B2B,Facebook Pages,,Actif,2026-06-29T00:14:35.815955,haute
BJ-74141BDC,Bois,Industrie & Manufacture,Aplahoué,+229 49 23 30 61,,bois.bj,PME (50-200),B2B,Facebook Pages,,Actif,2026-06-29T00:14:35.815974,moyenne
BJ-47192C8B,Industrie Électronique,Industrie & Manufacture,Aplahoué,+229 39 14 42 10,industrie.électronique@industrie.électronique.com,,PME (50-200),B2B,Facebook Pages,,Actif,2026-06-29T00:14:35.815987,moyenne
BJ-993B4CF4,Atelier Production,Industrie & Manufacture,Aplahoué,+229 37 21 13 89,atelier.production@atelier.production.bj,,PME (50-200),B2B,Facebook Pages,,Actif,2026-06-29T00:14:35.816000,moyenne
BJ-3FC0DC84,Automobile Manufacture,Industrie & Manufacture,Aplahoué,+229 73 29 54 55,,automobilemanufacture.bj,PME (50-200),B2B,Facebook Pages,,Actif,2026-06-29T00:14:35.816012,moyenne
BJ-80E1E456,Manufacture Alimentaire Groupe,Industrie & Manufacture,Aplahoué,+229 38 39 93 19,manufacture.alimentaire.groupe@manufacture.alimentaire.groupe.net,manufacturealimentairegroupe.bj,TPE (<10),B2B,Facebook Pages,,Actif,2026-06-29T00:14:35.816024,haute
BJ-3579DD59,Métal,Industrie & Manufacture,Dogbo-Tota,+229 97 56 37 60,métal@métal.org,,TPE (<10),B2B,Facebook Pages,,Actif,2026-06-29T00:14:35.816043,moyenne
BJ-1AC8700A,Production Mécanique Manufacture,Industrie & Manufacture,Dogbo-Tota,+229 95 48 13 69,production.mécanique.manufacture@production.mécanique.manufacture.net,productionmécaniquemanufacture.bj,PME (50-200),B2B,Facebook Pages,,Actif,2026-06-29T00:14:35.816058,haute
BJ-9B19E9A2,Production Automobile,Industrie & Manufacture,Dogbo-Tota,+229 24 31 59 80,,productionautomobile.bj,PME (50-200),B2B,Facebook Pages,,Actif,2026-06-29T00:14:35.816070,moyenne
BJ-2C4C4777,Fabrication SA,Industrie & Manufacture,Dogbo-Tota,+229 65 45 33 75,,,TPE (<10),B2B,Facebook Pages,,Actif,2026-06-29T00:14:35.816098,basse
BJ-7CBF5FB0,Chimie,Industrie & Manufacture,Kpomassè,+229 97 20 56 96,,,TPE (<10),B2B,Facebook Pages,,Actif,2026-06-29T00:14:35.816115,basse
BJ-8DA4DF78,Manufacture Textile,Industrie & Manufacture,Kpomassè,+229 35 63 60 77,manufacture.textile@manufacture.textile.net,manufacturetextile.bj,TPE (<10),B2B,Facebook Pages,,Actif,2026-06-29T00:14:35.816128,haute
BJ-B3FFEC12,Pharmaceutique SARL,Industrie & Manufacture,Kpomassè,+229 55 60 84 87,pharmaceutique.sarl@pharmaceutique.sarl.net,pharmaceutiquesarl.bj,TPE (<10),B2B,Facebook Pages,,Actif,2026-06-29T00:14:35.816144,haute
BJ-64DF9959,Usine Électronique SARL,Industrie & Manufacture,Kpomassè,+229 97 97 30 49,usine.électronique.sarl@usine.électronique.sarl.net,,PME (50-200),B2B,Facebook Pages,,Actif,2026-06-29T00:14:35.816158,moyenne
BJ-20998EEF,Atelier Chimie,Industrie & Manufacture,Kpomassè,+229 63 30 52 34,atelier.chimie@atelier.chimie.net,atelierchimie.bj,PME (10-50),B2B,Facebook Pages,,Actif,2026-06-29T00:14:35.816171,haute
BJ-239E638C,Industrie Chimie Bénin,Industrie & Manufacture,Tori-Bossito,+229 22 75 72 58,,,PME (10-50),B2B,Facebook Pages,,Actif,2026-06-29T00:14:35.816189,basse
BJ-8311A30E,Chimie Africa,Industrie & Manufacture,Tori-Bossito,+229 68 67 18 55,chimie.africa@chimie.africa.bj,,PME (10-50),B2B,Facebook Pages,,Actif,2026-06-29T00:14:35.816201,moyenne
BJ-1EC140DB,Textile,Industrie & Manufacture,Tori-Bossito,+229 21 63 79 59,,,TPE (<10),B2B,Facebook Pages,,Actif,2026-06-29T00:14:35.816212,basse
BJ-69C5A5E2,Usine Mécanique SARL Tori-Bossito,Industrie & Manufacture,Tori-Bossito,+229 59 17 37 16,,,PME (10-50),B2B,Facebook Pages,,Actif,2026-06-29T00:14:35.816228,basse
BJ-63A6FA6B,Atelier Textile Tori-Bossito,Industrie & Manufacture,Tori-Bossito,+229 23 17 46 33,atelier.textile.toribossito@atelier.textile.toribossito.bj,,Grande (>200),B2B,Facebook Pages,,Actif,2026-06-29T00:14:35.816242,moyenne
BJ-00DE00E4,Bois Industry Grand-Popo,Industrie & Manufacture,Grand-Popo,+229 67 73 39 62,bois.industry.grandpopo@bois.industry.grandpopo.net,boisindustrygrandpopo.bj,TPE (<10),B2B,Facebook Pages,,Actif,2026-06-29T00:14:35.816261,haute
BJ-2E46F746,Industrie Automobile Grand-Popo,Industrie & Manufacture,Grand-Popo,+229 79 93 64 28,industrie.automobile.grandpopo@industrie.automobile.grandpopo.bj,industrieautomobilegrandpopo.bj,TPE (<10),B2B,Facebook Pages,,Actif,2026-06-29T00:14:35.816275,haute
BJ-A137561D,Atelier Alimentaire Manufacture Grand-Popo,Industrie & Manufacture,Grand-Popo,+229 38 49 20 93,atelier.alimentaire.manufacture.grandpopo@atelier.alimentaire.manufacture.grandpopo.org,atelieralimentairemanufacturegrandpopo.bj,TPE (<10),B2B,Facebook Pages,,Actif,2026-06-29T00:14:35.816289,haute
BJ-A507D04E,Pharmaceutique Grand-Popo,Industrie & Manufacture,Grand-Popo,+229 95 58 82 70,pharmaceutique.grandpopo@pharmaceutique.grandpopo.net,pharmaceutiquegrandpopo.bj,TPE (<10),B2B,Facebook Pages,,Actif,2026-06-29T00:14:35.816307,haute
BJ-A0614E7C,Atelier Bois Grand-Popo,Industrie & Manufacture,Grand-Popo,+229 66 90 59 73,atelier.bois.grandpopo@atelier.bois.grandpopo.com,,PME (10-50),B2B,Facebook Pages,,Actif,2026-06-29T00:14:35.816319,moyenne
BJ-34F661BE,Chimie,Industrie & Manufacture,Athiémé,+229 61 58 38 19,chimie@chimie.net,,PME (10-50),B2B,Facebook Pages,,Actif,2026-06-29T00:14:35.816337,moyenne
BJ-A517A1E3,Chimie SARL Athiémé,Industrie & Manufacture,Athiémé,+229 86 75 30 14,,,PME (50-200),B2B,Facebook Pages,,Actif,2026-06-29T00:14:35.816348,basse
BJ-3FD68C7F,Manufacture Plastique,Industrie & Manufacture,Athiémé,+229 28 92 38 39,,,Grande (>200),B2B,Facebook Pages,,Actif,2026-06-29T00:14:35.816366,basse
BJ-F48ACFE0,Automobile Athiémé,Industrie & Manufacture,Athiémé,+229 20 20 30 30,,automobileathiémé.bj,PME (50-200),B2B,Facebook Pages,,Actif,2026-06-29T00:14:35.816385,moyenne
BJ-3FB56904,Manufacture Chimie Manufacture,Industrie & Manufacture,Athiémé,+229 28 87 29 60,,,PME (10-50),B2B,Facebook Pages,,Actif,2026-06-29T00:14:35.816401,basse
BJ-344CADEF,Plastique Bopa,Industrie & Manufacture,Bopa,+229 84 41 11 54,,plastiquebopa.bj,PME (10-50),B2B,Facebook Pages,,Actif,2026-06-29T00:14:35.816443,moyenne
BJ-1787E239,Chimie,Industrie & Manufacture,Bopa,+229 72 73 14 60,chimie@chimie.org,chimie.bj,TPE (<10),B2B,Facebook Pages,,Actif,2026-06-29T00:14:35.816481,haute
BJ-04EF9908,Usine Chimie Africa Bopa,Industrie & Manufacture,Bopa,+229 75 14 39 66,,,PME (10-50),B2B,Facebook Pages,,Actif,2026-06-29T00:14:35.816503,basse
BJ-B8FEF39E,Usine Automobile,Industrie & Manufacture,Bopa,+229 55 67 11 97,,,PME (10-50),B2B,Facebook Pages,,Actif,2026-06-29T00:14:35.816523,basse
BJ-772B8CFA,Bois,Industrie & Manufacture,Houéyogbé,+229 97 82 42 97,bois@bois.net,,PME (10-50),B2B,Facebook Pages,,Actif,2026-06-29T00:14:35.816556,moyenne
BJ-CDE11E7B,Manufacture Métal Industry,Industrie & Manufacture,Houéyogbé,+229 43 96 52 12,,,TPE (<10),B2B,Facebook Pages,,Actif,2026-06-29T00:14:35.816580,basse
BJ-9751E795,Usine Chimie SA,Industrie & Manufacture,Houéyogbé,+229 53 94 76 68,usine.chimie.sa@usine.chimie.sa.com,usinechimiesa.bj,TPE (<10),B2B,Facebook Pages,,Actif,2026-06-29T00:14:35.816612,haute
BJ-E362A755,Production Houéyogbé,Industrie & Manufacture,Houéyogbé,+229 66 56 75 84,production.houéyogbé@production.houéyogbé.bj,productionhouéyogbé.bj,PME (50-200),B2B,Facebook Pages,,Actif,2026-06-29T00:14:35.816650,haute
BJ-4005FF0E,Production Plastique Bénin,Industrie & Manufacture,Houéyogbé,+229 87 65 28 26,production.plastique.bénin@production.plastique.bénin.org,productionplastiquebénin.bj,TPE (<10),B2B,Facebook Pages,,Actif,2026-06-29T00:14:35.816681,haute
BJ-69757F9F,Manufacture Mécanique Malanville,Industrie & Manufacture,Malanville,+229 43 28 95 79,manufacture.mécanique.malanville@manufacture.mécanique.malanville.benin,manufacturemécaniquemalanville.bj,PME (10-50),B2B,Facebook Pages,,Actif,2026-06-29T00:14:35.816721,haute
BJ-C9B11978,Usine Textile Bénin,Industrie & Manufacture,Malanville,+229 66 87 44 60,usine.textile.bénin@usine.textile.bénin.bj,,TPE (<10),B2B,Facebook Pages,,Actif,2026-06-29T00:14:35.816769,moyenne
BJ-2D46F6F2,Métal Manufacture,Industrie & Manufacture,Malanville,+229 48 92 13 37,,métalmanufacture.bj,PME (10-50),B2B,Facebook Pages,,Actif,2026-06-29T00:14:35.816796,moyenne
BJ-D1564894,Pharmaceutique,Industrie & Manufacture,Malanville,+229 74 99 80 83,pharmaceutique@pharmaceutique.com,pharmaceutique.bj,PME (10-50),B2B,Facebook Pages,,Actif,2026-06-29T00:14:35.816823,haute
BJ-418B0992,Usine Fabrication Industry,Industrie & Manufacture,Malanville,+229 52 36 76 85,usine.fabrication.industry@usine.fabrication.industry.org,,TPE (<10),B2B,Facebook Pages,,Actif,2026-06-29T00:14:35.816849,moyenne
BJ-CE0C48CF,Fabrique Textile Groupe,Industrie & Manufacture,Kandi,+229 61 55 23 54,fabrique.textile.groupe@fabrique.textile.groupe.net,,TPE (<10),B2B,Facebook Pages,,Actif,2026-06-29T00:14:35.816903,moyenne
BJ-AD6524CC,Transformation,Industrie & Manufacture,Kandi,+229 71 18 40 76,,transformation.bj,PME (10-50),B2B,Facebook Pages,,Actif,2026-06-29T00:14:35.816924,moyenne
BJ-0E2FC9CF,Automobile SARL Kandi,Industrie & Manufacture,Kandi,+229 71 24 46 84,automobile.sarl.kandi@automobile.sarl.kandi.benin,automobilesarlkandi.bj,PME (10-50),B2B,Facebook Pages,,Actif,2026-06-29T00:14:35.816953,haute
BJ-174370B2,Automobile,Industrie & Manufacture,Kandi,+229 45 40 54 48,,,TPE (<10),B2B,Facebook Pages,,Actif,2026-06-29T00:14:35.816965,basse
BJ-A700437B,Fabrication Bénin,Industrie & Manufacture,Banikoara,+229 55 58 75 45,fabrication.bénin@fabrication.bénin.bj,,PME (50-200),B2B,Facebook Pages,,Actif,2026-06-29T00:14:35.816985,moyenne
BJ-4365EBE1,Métal,Industrie & Manufacture,Banikoara,+229 44 87 29 84,,,TPE (<10),B2B,Facebook Pages,,Actif,2026-06-29T00:14:35.817000,basse
BJ-E84A4163,Usine Fabrication,Industrie & Manufacture,Banikoara,+229 46 50 32 53,usine.fabrication@usine.fabrication.net,usinefabrication.bj,TPE (<10),B2B,Facebook Pages,,Actif,2026-06-29T00:14:35.817013,haute
BJ-B9148E68,Bois Banikoara,Industrie & Manufacture,Banikoara,+229 87 18 30 54,,boisbanikoara.bj,TPE (<10),B2B,Facebook Pages,,Actif,2026-06-29T00:14:35.817025,moyenne
BJ-E3AAA267,Usine Mécanique Banikoara,Industrie & Manufacture,Banikoara,+229 44 31 30 84,,,TPE (<10),B2B,Facebook Pages,,Actif,2026-06-29T00:14:35.817036,basse
BJ-A00BEC44,Industrie Transformation Manufacture,Industrie & Manufacture,Ségbana,+229 81 61 29 42,,,TPE (<10),B2B,Facebook Pages,,Actif,2026-06-29T00:14:35.817053,basse
BJ-4432217B,Automobile Industry,Industrie & Manufacture,Ségbana,+229 48 79 32 14,,automobileindustry.bj,TPE (<10),B2B,Facebook Pages,,Actif,2026-06-29T00:14:35.817065,moyenne
BJ-9C204756,Alimentaire Industry,Industrie & Manufacture,Ségbana,+229 34 47 81 17,alimentaire.industry@alimentaire.industry.benin,,PME (10-50),B2B,Facebook Pages,,Actif,2026-06-29T00:14:35.817077,moyenne
BJ-F199D303,Pharmaceutique,Industrie & Manufacture,Ségbana,+229 59 28 68 86,,pharmaceutique.bj,PME (50-200),B2B,Facebook Pages,,Actif,2026-06-29T00:14:35.817092,moyenne
BJ-9AAF32B9,Industrie Métal,Industrie & Manufacture,Ségbana,+229 42 26 76 66,industrie.métal@industrie.métal.benin,,PME (10-50),B2B,Facebook Pages,,Actif,2026-06-29T00:14:35.817105,moyenne
BJ-222977EC,Atelier Fabrication Bénin,Industrie & Manufacture,Karimama,+229 22 75 12 14,,,PME (10-50),B2B,Facebook Pages,,Actif,2026-06-29T00:14:35.817122,basse
BJ-159BF092,Bois Karimama,Industrie & Manufacture,Karimama,+229 54 98 72 51,,boiskarimama.bj,TPE (<10),B2B,Facebook Pages,,Actif,2026-06-29T00:14:35.817134,moyenne
BJ-BD741095,Usine Plastique Factory,Industrie & Manufacture,Karimama,+229 44 90 11 82,usine.plastique.factory@usine.plastique.factory.org,,TPE (<10),B2B,Facebook Pages,,Actif,2026-06-29T00:14:35.817149,moyenne
BJ-B107852D,Textile,Industrie & Manufacture,Karimama,+229 20 37 44 52,,,PME (10-50),B2B,Facebook Pages,,Actif,2026-06-29T00:14:35.817161,basse
BJ-C433C4E8,Textile,Industrie & Manufacture,Gogounou,+229 80 60 24 54,,textile.bj,TPE (<10),B2B,Facebook Pages,,Actif,2026-06-29T00:14:35.817190,moyenne
BJ-DBF72EFE,Chimie SA,Industrie & Manufacture,Gogounou,+229 71 70 86 97,,chimiesa.bj,Grande (>200),B2B,Facebook Pages,,Actif,2026-06-29T00:14:35.817213,moyenne
BJ-B7230910,Atelier Fabrication,Industrie & Manufacture,Gogounou,+229 27 62 56 37,atelier.fabrication@atelier.fabrication.bj,atelierfabrication.bj,Grande (>200),B2B,Facebook Pages,,Actif,2026-06-29T00:14:35.817228,haute
BJ-66227A5B,Pharmaceutique Factory,Industrie & Manufacture,Gogounou,+229 42 33 91 61,,,TPE (<10),B2B,Facebook Pages,,Actif,2026-06-29T00:14:35.817240,basse
BJ-BAE41D84,Production Alimentaire SARL,Industrie & Manufacture,Cobly,+229 23 29 99 96,production.alimentaire.sarl@production.alimentaire.sarl.net,productionalimentairesarl.bj,TPE (<10),B2B,Facebook Pages,,Actif,2026-06-29T00:14:35.817259,haute
BJ-8D713892,Usine Pharmaceutique Industry,Industrie & Manufacture,Cobly,+229 86 43 43 84,usine.pharmaceutique.industry@usine.pharmaceutique.industry.com,usinepharmaceutiqueindustry.bj,PME (10-50),B2B,Facebook Pages,,Actif,2026-06-29T00:14:35.817272,haute
BJ-B6FE1EA0,Manufacture Plastique Cobly,Industrie & Manufacture,Cobly,+229 43 89 84 42,,,PME (10-50),B2B,Facebook Pages,,Actif,2026-06-29T00:14:35.817283,basse
BJ-385390BD,Plastique Cobly,Industrie & Manufacture,Cobly,+229 64 88 90 30,plastique.cobly@plastique.cobly.benin,,PME (10-50),B2B,Facebook Pages,,Actif,2026-06-29T00:14:35.817295,moyenne
BJ-09B4191E,Métal Cobly,Industrie & Manufacture,Cobly,+229 71 25 28 73,métal.cobly@métal.cobly.bj,métalcobly.bj,PME (50-200),B2B,Facebook Pages,,Actif,2026-06-29T00:14:35.817309,haute
BJ-2EE06CAE,Production SARL,Industrie & Manufacture,Tanguiéta,+229 35 28 68 99,,,PME (50-200),B2B,Facebook Pages,,Actif,2026-06-29T00:14:35.817326,basse
BJ-D52F6173,Fabrique Métal Tanguiéta,Industrie & Manufacture,Tanguiéta,+229 49 15 32 37,,,TPE (<10),B2B,Facebook Pages,,Actif,2026-06-29T00:14:35.817337,basse
BJ-DF76C078,Atelier Fabrication Africa,Industrie & Manufacture,Tanguiéta,+229 75 23 52 81,,,PME (50-200),B2B,Facebook Pages,,Actif,2026-06-29T00:14:35.817348,basse
BJ-FBF0A067,Industrie Textile Tanguiéta,Industrie & Manufacture,Tanguiéta,+229 45 20 64 30,,industrietextiletanguiéta.bj,TPE (<10),B2B,Facebook Pages,,Actif,2026-06-29T00:14:35.817368,moyenne
BJ-1EA56DC0,Manufacture Production Tanguiéta,Industrie & Manufacture,Tanguiéta,+229 68 85 78 40,manufacture.production.tanguiéta@manufacture.production.tanguiéta.benin,,PME (10-50),B2B,Facebook Pages,,Actif,2026-06-29T00:14:35.817381,moyenne
BJ-D742F4B9,Production SA,Industrie & Manufacture,Matéri,+229 21 21 17 74,production.sa@production.sa.benin,,TPE (<10),B2B,Facebook Pages,,Actif,2026-06-29T00:14:35.817400,moyenne
BJ-9D56122E,Métal,Industrie & Manufacture,Matéri,+229 86 14 59 94,métal@métal.org,métal.bj,TPE (<10),B2B,Facebook Pages,,Actif,2026-06-29T00:14:35.817417,haute
BJ-5965E92B,Atelier Alimentaire Matéri,Industrie & Manufacture,Matéri,+229 47 82 94 69,atelier.alimentaire.matéri@atelier.alimentaire.matéri.bj,atelieralimentairematéri.bj,Grande (>200),B2B,Facebook Pages,,Actif,2026-06-29T00:14:35.817432,haute
BJ-2F73FDEF,Mécanique SARL,Industrie & Manufacture,Matéri,+229 53 72 80 29,mécanique.sarl@mécanique.sarl.com,,TPE (<10),B2B,Facebook Pages,,Actif,2026-06-29T00:14:35.817444,moyenne
BJ-24B21916,Transformation Matéri,Industrie & Manufacture,Matéri,+229 46 17 13 42,transformation.matéri@transformation.matéri.com,,PME (50-200),B2B,Facebook Pages,,Actif,2026-06-29T00:14:35.817457,moyenne
BJ-452F60F7,Fabrique Chimie Groupe Natitingou,Industrie & Manufacture,Natitingou,+229 79 39 27 80,fabrique.chimie.groupe.natitingou@fabrique.chimie.groupe.natitingou.net,,Grande (>200),B2B,Facebook Pages,,Actif,2026-06-29T00:14:35.817486,moyenne
BJ-1B741886,Transformation,Industrie & Manufacture,Natitingou,+229 79 12 78 96,transformation@transformation.bj,transformation.bj,TPE (<10),B2B,Facebook Pages,,Actif,2026-06-29T00:14:35.817512,haute
BJ-E273CED1,Plastique Manufacture,Industrie & Manufacture,Natitingou,+229 35 78 16 32,,,TPE (<10),B2B,Facebook Pages,,Actif,2026-06-29T00:14:35.817523,basse
BJ-DFBD6BF1,Industrie Métal,Industrie & Manufacture,Toucountouna,+229 33 96 19 90,industrie.métal@industrie.métal.benin,,TPE (<10),B2B,Facebook Pages,,Actif,2026-06-29T00:14:35.817542,moyenne
BJ-6E69A049,Production Métal Africa,Industrie & Manufacture,Toucountouna,+229 43 82 62 59,,,PME (50-200),B2B,Facebook Pages,,Actif,2026-06-29T00:14:35.817552,basse
BJ-B486323E,Chimie Africa,Industrie & Manufacture,Toucountouna,+229 27 92 98 47,chimie.africa@chimie.africa.com,,TPE (<10),B2B,Facebook Pages,,Actif,2026-06-29T00:14:35.817563,moyenne
BJ-B3DF48C3,Métal Industry,Industrie & Manufacture,Toucountouna,+229 63 97 86 36,métal.industry@métal.industry.org,,TPE (<10),B2B,Facebook Pages,,Actif,2026-06-29T00:14:35.817576,moyenne
BJ-EEDA5878,Usine Pharmaceutique,Industrie & Manufacture,Toucountouna,+229 43 41 82 22,,,TPE (<10),B2B,Facebook Pages,,Actif,2026-06-29T00:14:35.817586,basse
BJ-4897C7BA,Chimie Factory,Industrie & Manufacture,Boukoumbé,+229 52 79 63 28,,chimiefactory.bj,PME (50-200),B2B,Facebook Pages,,Actif,2026-06-29T00:14:35.817603,moyenne
BJ-A203E5CA,Industrie Transformation,Industrie & Manufacture,Boukoumbé,+229 43 60 35 11,industrie.transformation@industrie.transformation.benin,,TPE (<10),B2B,Facebook Pages,,Actif,2026-06-29T00:14:35.817618,moyenne
BJ-F4AB935B,Chimie,Industrie & Manufacture,Boukoumbé,+229 63 23 59 65,chimie@chimie.com,chimie.bj,TPE (<10),B2B,Facebook Pages,,Actif,2026-06-29T00:14:35.817631,haute
BJ-A1AD30D7,Bois Groupe,Industrie & Manufacture,Boukoumbé,+229 68 84 68 38,bois.groupe@bois.groupe.com,boisgroupe.bj,TPE (<10),B2B,Facebook Pages,,Actif,2026-06-29T00:14:35.817659,haute
BJ-4FE57E64,Alimentaire SARL,Industrie & Manufacture,Kouandé,+229 75 33 49 60,,,TPE (<10),B2B,Facebook Pages,,Actif,2026-06-29T00:14:35.817687,basse
BJ-3487AAD3,Automobile,Industrie & Manufacture,Kouandé,+229 32 56 65 24,automobile@automobile.com,,PME (50-200),B2B,Facebook Pages,,Actif,2026-06-29T00:14:35.817698,moyenne
BJ-EFD60D36,Industrie Bois Groupe,Industrie & Manufacture,Kouandé,+229 55 15 84 56,,,PME (50-200),B2B,Facebook Pages,,Actif,2026-06-29T00:14:35.817709,basse
BJ-C2E32294,Fabrication Kouandé,Industrie & Manufacture,Kouandé,+229 74 58 19 85,,,TPE (<10),B2B,Facebook Pages,,Actif,2026-06-29T00:14:35.817719,basse
BJ-E11ED167,Industrie Plastique,Industrie & Manufacture,Péhunco,+229 52 51 96 14,industrie.plastique@industrie.plastique.benin,,TPE (<10),B2B,Facebook Pages,,Actif,2026-06-29T00:14:35.817740,moyenne
BJ-75B4ABDB,Textile Péhunco,Industrie & Manufacture,Péhunco,+229 48 71 60 34,textile.péhunco@textile.péhunco.benin,textilepéhunco.bj,PME (10-50),B2B,Facebook Pages,,Actif,2026-06-29T00:14:35.817754,haute
BJ-EDB6851F,Atelier Fabrication,Industrie & Manufacture,Péhunco,+229 60 93 38 61,,atelierfabrication.bj,TPE (<10),B2B,Facebook Pages,,Actif,2026-06-29T00:14:35.817766,moyenne
BJ-D2D2477E,Automobile,Industrie & Manufacture,Péhunco,+229 33 52 23 33,,,PME (10-50),B2B,Facebook Pages,,Actif,2026-06-29T00:14:35.817779,basse
BJ-ACB222C4,Textile Groupe,Industrie & Manufacture,Péhunco,+229 20 95 37 43,textile.groupe@textile.groupe.benin,,PME (50-200),B2B,Facebook Pages,,Actif,2026-06-29T00:14:35.817792,moyenne
BJ-22F06011,Électronique,Industrie & Manufacture,Tchaourou,+229 75 17 10 65,,électronique.bj,PME (10-50),B2B,Facebook Pages,,Actif,2026-06-29T00:14:35.817814,moyenne
BJ-0CC04140,Production Pharmaceutique,Industrie & Manufacture,Tchaourou,+229 73 16 86 78,production.pharmaceutique@production.pharmaceutique.org,,TPE (<10),B2B,Facebook Pages,,Actif,2026-06-29T00:14:35.817826,moyenne
BJ-44561F6B,Métal,Industrie & Manufacture,Tchaourou,+229 34 31 86 12,métal@métal.net,métal.bj,PME (10-50),B2B,Facebook Pages,,Actif,2026-06-29T00:14:35.817843,haute
BJ-72887F55,Production Factory,Industrie & Manufacture,Tchaourou,+229 68 99 11 59,,,Grande (>200),B2B,Facebook Pages,,Actif,2026-06-29T00:14:35.817854,basse
BJ-40CCF7CC,Manufacture Pharmaceutique Industry Nikki,Industrie & Manufacture,Nikki,+229 23 64 52 29,,,PME (50-200),B2B,Facebook Pages,,Actif,2026-06-29T00:14:35.817882,basse
BJ-CC1C4218,Production Manufacture,Industrie & Manufacture,Nikki,+229 75 17 95 37,,,PME (50-200),B2B,Facebook Pages,,Actif,2026-06-29T00:14:35.817906,basse
BJ-6C7DC0E5,Textile SA,Industrie & Manufacture,Nikki,+229 74 59 50 87,textile.sa@textile.sa.org,textilesa.bj,PME (10-50),B2B,Facebook Pages,,Actif,2026-06-29T00:14:35.817938,haute
BJ-15D52CBF,Mécanique,Industrie & Manufacture,Nikki,+229 36 68 33 86,,,TPE (<10),B2B,Facebook Pages,,Actif,2026-06-29T00:14:35.817950,basse
BJ-9A790553,Usine Automobile Bénin,Industrie & Manufacture,Bembéréké,+229 30 82 68 90,,usineautomobilebénin.bj,PME (10-50),B2B,Facebook Pages,,Actif,2026-06-29T00:14:35.817969,moyenne
BJ-A134B62D,Usine Alimentaire,Industrie & Manufacture,Bembéréké,+229 33 50 96 22,usine.alimentaire@usine.alimentaire.benin,usinealimentaire.bj,PME (10-50),B2B,Facebook Pages,,Actif,2026-06-29T00:14:35.817981,haute
BJ-7DE0FC49,Mécanique,Industrie & Manufacture,Bembéréké,+229 46 72 46 34,mécanique@mécanique.bj,mécanique.bj,TPE (<10),B2B,Facebook Pages,,Actif,2026-06-29T00:14:35.817994,haute
BJ-8534A846,Plastique Industry,Industrie & Manufacture,Bembéréké,+229 51 81 43 69,plastique.industry@plastique.industry.org,plastiqueindustry.bj,Grande (>200),B2B,Facebook Pages,,Actif,2026-06-29T00:14:35.818017,haute
BJ-7C6BE7CE,Fabrication Kalalé,Industrie & Manufacture,Kalalé,+229 53 47 37 57,,fabricationkalalé.bj,PME (10-50),B2B,Facebook Pages,,Actif,2026-06-29T00:14:35.818035,moyenne
BJ-A65A825A,Chimie Industry,Industrie & Manufacture,Kalalé,+229 46 80 59 70,chimie.industry@chimie.industry.bj,,PME (50-200),B2B,Facebook Pages,,Actif,2026-06-29T00:14:35.818047,moyenne
BJ-61C9313A,Mécanique,Industrie & Manufacture,Kalalé,+229 95 22 95 24,,,PME (10-50),B2B,Facebook Pages,,Actif,2026-06-29T00:14:35.818057,basse
BJ-D207C005,Bois,Industrie & Manufacture,Kalalé,+229 34 56 10 15,bois@bois.bj,bois.bj,Grande (>200),B2B,Facebook Pages,,Actif,2026-06-29T00:14:35.818076,haute
BJ-E63F6C05,Plastique Industry,Industrie & Manufacture,Kalalé,+229 46 35 30 87,,,PME (50-200),B2B,Facebook Pages,,Actif,2026-06-29T00:14:35.818087,basse
BJ-BE548CAF,Chimie Industry,Industrie & Manufacture,Ndali,+229 42 92 99 12,chimie.industry@chimie.industry.com,,TPE (<10),B2B,Facebook Pages,,Actif,2026-06-29T00:14:35.818105,moyenne
BJ-90CCB179,Pharmaceutique Africa,Industrie & Manufacture,Ndali,+229 66 33 41 43,pharmaceutique.africa@pharmaceutique.africa.benin,,PME (10-50),B2B,Facebook Pages,,Actif,2026-06-29T00:14:35.818117,moyenne
BJ-48954D4D,Bois Ndali,Industrie & Manufacture,Ndali,+229 49 98 19 61,,boisndali.bj,TPE (<10),B2B,Facebook Pages,,Actif,2026-06-29T00:14:35.818128,moyenne
BJ-003459F9,Fabrique Mécanique Factory Ndali,Industrie & Manufacture,Ndali,+229 96 62 74 94,,fabriquemécaniquefactoryndali.bj,TPE (<10),B2B,Facebook Pages,,Actif,2026-06-29T00:14:35.818141,moyenne
BJ-5C0ECAD9,Automobile SARL,Industrie & Manufacture,Ndali,+229 26 48 80 97,,,TPE (<10),B2B,Facebook Pages,,Actif,2026-06-29T00:14:35.818151,basse
BJ-E0AABC01,Métal,Industrie & Manufacture,Ségbana,+229 24 52 51 13,,métal.bj,TPE (<10),B2B,Facebook Pages,,Actif,2026-06-29T00:14:35.818168,moyenne
BJ-B0979524,Production Textile Industry Ségbana,Industrie & Manufacture,Ségbana,+229 52 82 30 59,production.textile.industry.ségbana@production.textile.industry.ségbana.net,productiontextileindustrységbana.bj,TPE (<10),B2B,Facebook Pages,,Actif,2026-06-29T00:14:35.818182,haute
BJ-9AC66D6C,Alimentaire Manufacture,Industrie & Manufacture,Ségbana,+229 24 83 24 46,,alimentairemanufacture.bj,TPE (<10),B2B,Facebook Pages,,Actif,2026-06-29T00:14:35.818194,moyenne
BJ-9014BDFE,Mécanique SARL,Industrie & Manufacture,Ségbana,+229 45 89 97 84,mécanique.sarl@mécanique.sarl.org,mécaniquesarl.bj,TPE (<10),B2B,Facebook Pages,,Actif,2026-06-29T00:14:35.818213,haute
BJ-D5AFDDD1,Usine Bois Ségbana,Industrie & Manufacture,Ségbana,+229 42 23 96 95,usine.bois.ségbana@usine.bois.ségbana.benin,usineboisségbana.bj,TPE (<10),B2B,Facebook Pages,,Actif,2026-06-29T00:14:35.818227,haute
BJ-89926A9D,Industrie Mécanique Industry,Industrie & Manufacture,Tchaourou,+229 24 92 29 43,industrie.mécanique.industry@industrie.mécanique.industry.com,industriemécaniqueindustry.bj,TPE (<10),B2B,Facebook Pages,,Actif,2026-06-29T00:14:35.818275,haute
BJ-667AF59B,Industrie Chimie Industry,Industrie & Manufacture,Tchaourou,+229 42 54 15 24,,industriechimieindustry.bj,TPE (<10),B2B,Facebook Pages,,Actif,2026-06-29T00:14:35.818286,moyenne
BJ-8131CD56,Fabrique Mécanique,Industrie & Manufacture,Tchaourou,+229 46 76 86 30,,,TPE (<10),B2B,Facebook Pages,,Actif,2026-06-29T00:14:35.818297,basse
BJ-E9230B6B,Usine Automobile Industry,Industrie & Manufacture,Bétérou,+229 26 97 22 34,usine.automobile.industry@usine.automobile.industry.com,,PME (50-200),B2B,Facebook Pages,,Actif,2026-06-29T00:14:35.818315,moyenne
BJ-082B5E23,Électronique Bétérou,Industrie & Manufacture,Bétérou,+229 74 92 35 32,électronique.bétérou@électronique.bétérou.com,,TPE (<10),B2B,Facebook Pages,,Actif,2026-06-29T00:14:35.818328,moyenne
BJ-E7CCBE23,Plastique,Industrie & Manufacture,Bétérou,+229 20 69 84 97,,plastique.bj,TPE (<10),B2B,Facebook Pages,,Actif,2026-06-29T00:14:35.818347,moyenne
BJ-B5A70B2E,Industrie Fabrication Bétérou,Industrie & Manufacture,Bétérou,+229 91 53 35 92,industrie.fabrication.bétérou@industrie.fabrication.bétérou.bj,,TPE (<10),B2B,Facebook Pages,,Actif,2026-06-29T00:14:35.818363,moyenne
BJ-022D88BE,Fabrique Mécanique,Industrie & Manufacture,Bétérou,+229 42 93 44 31,,fabriquemécanique.bj,TPE (<10),B2B,Facebook Pages,,Actif,2026-06-29T00:14:35.818376,moyenne
BJ-00EE7821,Manufacture Fabrication,Industrie & Manufacture,Ouessè,+229 82 33 63 34,manufacture.fabrication@manufacture.fabrication.bj,manufacturefabrication.bj,TPE (<10),B2B,Facebook Pages,,Actif,2026-06-29T00:14:35.818394,haute
BJ-9D03A2F4,Industrie Électronique Ouessè,Industrie & Manufacture,Ouessè,+229 45 25 59 11,industrie.électronique.ouessè@industrie.électronique.ouessè.net,,TPE (<10),B2B,Facebook Pages,,Actif,2026-06-29T00:14:35.818407,moyenne
BJ-581487E9,Atelier Production SA,Industrie & Manufacture,Ouessè,+229 31 61 91 77,atelier.production.sa@atelier.production.sa.bj,,PME (10-50),B2B,Facebook Pages,,Actif,2026-06-29T00:14:35.818419,moyenne
BJ-CF03FB11,Usine Production Manufacture,Industrie & Manufacture,Ouessè,+229 59 14 49 96,usine.production.manufacture@usine.production.manufacture.com,usineproductionmanufacture.bj,PME (10-50),B2B,Facebook Pages,,Actif,2026-06-29T00:14:35.818432,haute
BJ-C8A74213,Automobile,Industrie & Manufacture,Ouessè,+229 84 30 60 16,automobile@automobile.net,automobile.bj,PME (50-200),B2B,Facebook Pages,,Actif,2026-06-29T00:14:35.818443,haute
BJ-EC68D720,Textile SARL,Industrie & Manufacture,Glazoué,+229 85 79 98 53,textile.sarl@textile.sarl.bj,textilesarl.bj,TPE (<10),B2B,Facebook Pages,,Actif,2026-06-29T00:14:35.818462,haute
BJ-696B4E9C,Pharmaceutique Bénin Glazoué,Industrie & Manufacture,Glazoué,+229 60 75 29 49,pharmaceutique.bénin.glazoué@pharmaceutique.bénin.glazoué.bj,,TPE (<10),B2B,Facebook Pages,,Actif,2026-06-29T00:14:35.818475,moyenne
BJ-10ECEAD7,Usine Plastique Manufacture,Industrie & Manufacture,Glazoué,+229 39 54 99 78,,,PME (50-200),B2B,Facebook Pages,,Actif,2026-06-29T00:14:35.818485,basse
BJ-6BB35FB4,Pharmaceutique,Industrie & Manufacture,Glazoué,+229 71 68 99 68,,,PME (10-50),B2B,Facebook Pages,,Actif,2026-06-29T00:14:35.818499,basse
BJ-849189B9,Bois,Industrie & Manufacture,Glazoué,+229 45 89 58 76,bois@bois.org,bois.bj,TPE (<10),B2B,Facebook Pages,,Actif,2026-06-29T00:14:35.818512,haute
BJ-15D3207C,Alimentaire Factory,Industrie & Manufacture,Dassa-Zoumè,+229 37 91 68 35,alimentaire.factory@alimentaire.factory.bj,,TPE (<10),B2B,Facebook Pages,,Actif,2026-06-29T00:14:35.818531,moyenne
BJ-23061558,Plastique Dassa-Zoumè,Industrie & Manufacture,Dassa-Zoumè,+229 30 47 45 33,,,TPE (<10),B2B,Facebook Pages,,Actif,2026-06-29T00:14:35.818543,basse
BJ-D45F00A3,Production Textile,Industrie & Manufacture,Dassa-Zoumè,+229 25 18 65 56,production.textile@production.textile.org,,TPE (<10),B2B,Facebook Pages,,Actif,2026-06-29T00:14:35.818584,moyenne
BJ-1A357CCE,Atelier Bois,Industrie & Manufacture,Savalou,+229 86 49 56 37,,,TPE (<10),B2B,Facebook Pages,,Actif,2026-06-29T00:14:35.818600,basse
BJ-2EE472F5,Plastique,Industrie & Manufacture,Savalou,+229 22 56 54 41,,,TPE (<10),B2B,Facebook Pages,,Actif,2026-06-29T00:14:35.818611,basse
BJ-D7B5EFBB,Chimie,Industrie & Manufacture,Savalou,+229 45 51 52 48,chimie@chimie.net,chimie.bj,PME (10-50),B2B,Facebook Pages,,Actif,2026-06-29T00:14:35.818622,haute
BJ-476D77FA,Fabrication SA,Industrie & Manufacture,Savalou,+229 78 80 77 72,,,PME (50-200),B2B,Facebook Pages,,Actif,2026-06-29T00:14:35.818636,basse
BJ-9EC0E231,Industrie Électronique,Industrie & Manufacture,Savalou,+229 50 34 30 10,industrie.électronique@industrie.électronique.net,industrieélectronique.bj,PME (50-200),B2B,Facebook Pages,,Actif,2026-06-29T00:14:35.818650,haute
BJ-816C8B64,Fabrication Industry,Industrie & Manufacture,Bantè,+229 94 26 47 94,,,PME (10-50),B2B,Facebook Pages,,Actif,2026-06-29T00:14:35.818667,basse
BJ-2C376524,Usine Textile,Industrie & Manufacture,Bantè,+229 57 73 65 33,,,TPE (<10),B2B,Facebook Pages,,Actif,2026-06-29T00:14:35.818678,basse
BJ-4FF7C283,Manufacture Métal Factory,Industrie & Manufacture,Bantè,+229 20 46 43 25,manufacture.métal.factory@manufacture.métal.factory.com,,TPE (<10),B2B,Facebook Pages,,Actif,2026-06-29T00:14:35.818690,moyenne
BJ-94CABA1B,Production,Industrie & Manufacture,Bantè,+229 26 31 22 46,,,TPE (<10),B2B,Facebook Pages,,Actif,2026-06-29T00:14:35.818700,basse
BJ-CBADD7E0,Production Électronique Bénin,Industrie & Manufacture,Bantè,+229 60 42 70 80,production.électronique.bénin@production.électronique.bénin.com,,TPE (<10),B2B,Facebook Pages,,Actif,2026-06-29T00:14:35.818712,moyenne
BJ-0747B6FB,Pharmaceutique Factory,Industrie & Manufacture,Djougou,+229 46 23 66 48,pharmaceutique.factory@pharmaceutique.factory.net,,TPE (<10),B2B,Facebook Pages,,Actif,2026-06-29T00:14:35.818730,moyenne
BJ-11FD4508,Textile Africa,Industrie & Manufacture,Djougou,+229 46 53 48 29,,textileafrica.bj,PME (10-50),B2B,Facebook Pages,,Actif,2026-06-29T00:14:35.818741,moyenne
BJ-A76E43D1,Usine Bois Bénin,Industrie & Manufacture,Djougou,+229 93 97 43 54,usine.bois.bénin@usine.bois.bénin.org,usineboisbénin.bj,PME (10-50),B2B,Facebook Pages,,Actif,2026-06-29T00:14:35.818755,haute
BJ-A12219D6,Usine Automobile,Industrie & Manufacture,Djougou,+229 48 52 36 26,usine.automobile@usine.automobile.net,,PME (10-50),B2B,Facebook Pages,,Actif,2026-06-29T00:14:35.818783,moyenne
BJ-AAAF9ED8,Métal Djougou,Industrie & Manufacture,Djougou,+229 72 27 87 69,,métaldjougou.bj,Grande (>200),B2B,Facebook Pages,,Actif,2026-06-29T00:14:35.818798,moyenne
BJ-B2B4B765,Transformation Groupe,Industrie & Manufacture,Ouèssè,+229 36 49 27 17,,transformationgroupe.bj,TPE (<10),B2B,Facebook Pages,,Actif,2026-06-29T00:14:35.818820,moyenne
BJ-CBAF4A96,Production Chimie,Industrie & Manufacture,Ouèssè,+229 49 72 86 50,production.chimie@production.chimie.bj,productionchimie.bj,PME (10-50),B2B,Facebook Pages,,Actif,2026-06-29T00:14:35.818833,haute
BJ-FB4E9C70,Manufacture Fabrication Factory,Industrie & Manufacture,Ouèssè,+229 97 84 82 72,manufacture.fabrication.factory@manufacture.fabrication.factory.net,manufacturefabricationfactory.bj,PME (10-50),B2B,Facebook Pages,,Actif,2026-06-29T00:14:35.818845,haute
BJ-D1FEF5BB,Mécanique,Industrie & Manufacture,Ouèssè,+229 90 58 19 40,mécanique@mécanique.com,,TPE (<10),B2B,Facebook Pages,,Actif,2026-06-29T00:14:35.818857,moyenne
BJ-D12B2055,Chimie Groupe,Industrie & Manufacture,Ouèssè,+229 65 42 13 27,chimie.groupe@chimie.groupe.org,,PME (10-50),B2B,Facebook Pages,,Actif,2026-06-29T00:14:35.818869,moyenne
BJ-C4E8495D,Manufacture Fabrication,Industrie & Manufacture,Bassila,+229 82 65 82 67,,,TPE (<10),B2B,Facebook Pages,,Actif,2026-06-29T00:14:35.818885,basse
BJ-DCDF3160,Fabrique Métal Bassila,Industrie & Manufacture,Bassila,+229 47 24 89 25,fabrique.métal.bassila@fabrique.métal.bassila.bj,,PME (50-200),B2B,Facebook Pages,,Actif,2026-06-29T00:14:35.818926,moyenne
BJ-E90F1316,Manufacture Transformation SA,Industrie & Manufacture,Bassila,+229 70 14 46 61,,,PME (10-50),B2B,Facebook Pages,,Actif,2026-06-29T00:14:35.818991,basse
BJ-B303C266,Fabrique Électronique Factory,Industrie & Manufacture,Bassila,+229 79 54 20 31,fabrique.électronique.factory@fabrique.électronique.factory.com,fabriqueélectroniquefactory.bj,Grande (>200),B2B,Facebook Pages,,Actif,2026-06-29T00:14:35.819023,haute
BJ-EC6B3F6D,Atelier Textile Bénin Pehunco,Industrie & Manufacture,Pehunco,+229 86 21 97 58,,ateliertextilebéninpehunco.bj,Grande (>200),B2B,Facebook Pages,,Actif,2026-06-29T00:14:35.819064,moyenne
BJ-1BCBB553,Textile Pehunco,Industrie & Manufacture,Pehunco,+229 21 77 38 44,textile.pehunco@textile.pehunco.org,,PME (50-200),B2B,Facebook Pages,,Actif,2026-06-29T00:14:35.819093,moyenne
BJ-39E99699,Industrie Plastique SARL,Industrie & Manufacture,Pehunco,+229 63 64 89 43,industrie.plastique.sarl@industrie.plastique.sarl.bj,industrieplastiquesarl.bj,TPE (<10),B2B,Facebook Pages,,Actif,2026-06-29T00:14:35.819128,haute
BJ-914919E2,Production Chimie Industry,Industrie & Manufacture,Pehunco,+229 70 53 49 90,,,TPE (<10),B2B,Facebook Pages,,Actif,2026-06-29T00:14:35.819154,basse
BJ-1CD7DB23,Industrie Production Pehunco,Industrie & Manufacture,Pehunco,+229 47 42 66 33,industrie.production.pehunco@industrie.production.pehunco.org,,Grande (>200),B2B,Facebook Pages,,Actif,2026-06-29T00:14:35.819219,moyenne
BJ-7A8DEB2B,Production Transformation Copargo,Industrie & Manufacture,Copargo,+229 40 24 86 14,production.transformation.copargo@production.transformation.copargo.com,productiontransformationcopargo.bj,PME (50-200),B2B,Facebook Pages,,Actif,2026-06-29T00:14:35.819276,haute
BJ-9F59D442,Chimie,Industrie & Manufacture,Copargo,+229 49 61 50 98,chimie@chimie.benin,,PME (50-200),B2B,Facebook Pages,,Actif,2026-06-29T00:14:35.819291,moyenne
BJ-4B888C01,Plastique,Industrie & Manufacture,Copargo,+229 26 92 49 81,,,TPE (<10),B2B,Facebook Pages,,Actif,2026-06-29T00:14:35.819303,basse
BJ-ADC3E153,Production Mécanique,Industrie & Manufacture,Copargo,+229 42 10 82 25,,productionmécanique.bj,PME (50-200),B2B,Facebook Pages,,Actif,2026-06-29T00:14:35.819323,moyenne
BJ-72AA0CE3,Fabrique Métal,Industrie & Manufacture,Copargo,+229 86 43 78 51,fabrique.métal@fabrique.métal.org,fabriquemétal.bj,PME (50-200),B2B,Facebook Pages,,Actif,2026-06-29T00:14:35.819338,haute
BJ-41D01236,Expert Audit,Services aux entreprises,Cotonou,+229 85 92 99 47,expert.audit@expert.audit.com,expertaudit.bj,TPE (<10),B2B,Facebook Pages,,Actif,2026-06-29T00:14:35.819377,haute
BJ-F2EDE6A1,Juridique,Services aux entreprises,Cotonou,+229 20 88 95 73,,juridique.bj,PME (50-200),B2B,Facebook Pages,,Actif,2026-06-29T00:14:35.819411,moyenne
BJ-1FEA7FC2,Cabinet Business Bureau,Services aux entreprises,Cotonou,+229 98 57 19 84,cabinet.business.bureau@cabinet.business.bureau.org,cabinetbusinessbureau.bj,PME (10-50),B2B,Facebook Pages,,Actif,2026-06-29T00:14:35.819429,haute
BJ-975BABBB,Conseil Stratégie,Services aux entreprises,Cotonou,+229 66 75 33 85,conseil.stratégie@conseil.stratégie.org,conseilstratégie.bj,PME (10-50),B2B,Facebook Pages,,Actif,2026-06-29T00:14:35.819443,haute
BJ-FFC1348C,Comptable Africa Abomey-Calavi,Services aux entreprises,Abomey-Calavi,+229 47 45 93 65,,comptableafricaabomeycalavi.bj,PME (10-50),B2B,Facebook Pages,,Actif,2026-06-29T00:14:35.819476,moyenne
BJ-E52DFFBE,Agence Juridique Bénin,Services aux entreprises,Abomey-Calavi,+229 75 46 25 94,agence.juridique.bénin@agence.juridique.bénin.benin,agencejuridiquebénin.bj,TPE (<10),B2B,Facebook Pages,,Actif,2026-06-29T00:14:35.819490,haute
BJ-9441B2E7,Audit Fiscal,Services aux entreprises,Abomey-Calavi,+229 78 56 33 53,audit.fiscal@audit.fiscal.net,auditfiscal.bj,PME (10-50),B2B,Facebook Pages,,Actif,2026-06-29T00:14:35.819503,haute
BJ-2B876012,Cabinet Fiscal,Services aux entreprises,Abomey-Calavi,+229 21 86 55 51,cabinet.fiscal@cabinet.fiscal.benin,cabinetfiscal.bj,Grande (>200),B2B,Facebook Pages,,Actif,2026-06-29T00:14:35.819519,haute
BJ-53C416E1,Formation Abomey-Calavi,Services aux entreprises,Abomey-Calavi,+229 23 88 90 50,formation.abomeycalavi@formation.abomeycalavi.net,formationabomeycalavi.bj,TPE (<10),B2B,Facebook Pages,,Actif,2026-06-29T00:14:35.819534,haute
BJ-E035D9C6,Cabinet Stratégie,Services aux entreprises,Porto-Novo,+229 74 92 80 94,cabinet.stratégie@cabinet.stratégie.com,cabinetstratégie.bj,TPE (<10),B2B,Facebook Pages,,Actif,2026-06-29T00:14:35.819554,haute
BJ-4774077B,Audit,Services aux entreprises,Porto-Novo,+229 89 32 39 90,audit@audit.benin,audit.bj,Grande (>200),B2B,Facebook Pages,,Actif,2026-06-29T00:14:35.819567,haute
BJ-D3B30289,Agence Expert Bénin,Services aux entreprises,Porto-Novo,+229 58 21 67 52,agence.expert.bénin@agence.expert.bénin.org,agenceexpertbénin.bj,PME (10-50),B2B,Facebook Pages,,Actif,2026-06-29T00:14:35.819585,haute
BJ-86FC45F4,Fiscal,Services aux entreprises,Porto-Novo,+229 22 29 84 64,fiscal@fiscal.org,fiscal.bj,TPE (<10),B2B,Facebook Pages,,Actif,2026-06-29T00:14:35.819601,haute
BJ-41066E02,Consulting,Services aux entreprises,Porto-Novo,+229 27 76 51 84,consulting@consulting.org,,PME (50-200),B2B,Facebook Pages,,Actif,2026-06-29T00:14:35.819613,moyenne
BJ-4B62D0AC,RH Bénin,Services aux entreprises,Parakou,+229 36 24 16 95,rh.bénin@rh.bénin.bj,rhbénin.bj,PME (10-50),B2B,Facebook Pages,,Actif,2026-06-29T00:14:35.819637,haute
BJ-0CAE8148,Bureau RH Bureau Parakou,Services aux entreprises,Parakou,+229 92 26 19 38,bureau.rh.bureau.parakou@bureau.rh.bureau.parakou.com,bureaurhbureauparakou.bj,PME (50-200),B2B,Facebook Pages,,Actif,2026-06-29T00:14:35.819651,haute
BJ-2B3BDA0E,Stratégie Bénin Parakou,Services aux entreprises,Parakou,+229 46 87 53 77,stratégie.bénin.parakou@stratégie.bénin.parakou.bj,stratégiebéninparakou.bj,PME (10-50),B2B,Facebook Pages,,Actif,2026-06-29T00:14:35.819665,haute
BJ-C896E3BC,Communication Consulting,Services aux entreprises,Parakou,+229 33 60 82 52,communication.consulting@communication.consulting.net,communicationconsulting.bj,PME (10-50),B2B,Facebook Pages,,Actif,2026-06-29T00:14:35.819681,haute
BJ-83F25DB4,RH Partners Parakou,Services aux entreprises,Parakou,+229 99 72 35 81,rh.partners.parakou@rh.partners.parakou.benin,,PME (50-200),B2B,Facebook Pages,,Actif,2026-06-29T00:14:35.819694,moyenne
BJ-D31B6B13,Cabinet Marketing,Services aux entreprises,Bohicon,+229 97 51 15 99,,,Grande (>200),B2B,Facebook Pages,,Actif,2026-06-29T00:14:35.819711,basse
BJ-F61E3DC3,Marketing Bureau,Services aux entreprises,Bohicon,+229 57 64 21 73,,,PME (10-50),B2B,Facebook Pages,,Actif,2026-06-29T00:14:35.819721,basse
BJ-85E8D9B0,Expert Formation,Services aux entreprises,Bohicon,+229 29 75 51 10,expert.formation@expert.formation.bj,expertformation.bj,PME (10-50),B2B,Facebook Pages,,Actif,2026-06-29T00:14:35.819734,haute
BJ-A6E361A2,Comptable,Services aux entreprises,Bohicon,+229 58 43 86 36,comptable@comptable.bj,,Grande (>200),B2B,Facebook Pages,,Actif,2026-06-29T00:14:35.819746,moyenne
BJ-229E44E0,Consulting,Services aux entreprises,Bohicon,+229 24 93 44 23,consulting@consulting.benin,consulting.bj,TPE (<10),B2B,Facebook Pages,,Actif,2026-06-29T00:14:35.819785,haute
BJ-70B6B0FA,Marketing Partners Natitingou,Services aux entreprises,Natitingou,+229 93 91 73 28,marketing.partners.natitingou@marketing.partners.natitingou.net,marketingpartnersnatitingou.bj,TPE (<10),B2B,Facebook Pages,,Actif,2026-06-29T00:14:35.819841,haute
BJ-1A7B8025,Audit Formation,Services aux entreprises,Natitingou,+229 91 80 39 36,audit.formation@audit.formation.bj,auditformation.bj,PME (10-50),B2B,Facebook Pages,,Actif,2026-06-29T00:14:35.819871,haute
BJ-DB2E7EF7,Marketing,Services aux entreprises,Natitingou,+229 68 30 31 96,marketing@marketing.com,marketing.bj,PME (10-50),B2B,Facebook Pages,,Actif,2026-06-29T00:14:35.819915,haute
BJ-691463BD,Conseil Stratégie Africa,Services aux entreprises,Natitingou,+229 95 78 50 36,conseil.stratégie.africa@conseil.stratégie.africa.net,conseilstratégieafrica.bj,Grande (>200),B2B,Facebook Pages,,Actif,2026-06-29T00:14:35.819958,haute
BJ-9BE3C137,Expert Management,Services aux entreprises,Natitingou,+229 48 82 54 12,expert.management@expert.management.net,expertmanagement.bj,TPE (<10),B2B,Facebook Pages,,Actif,2026-06-29T00:14:35.819992,haute
BJ-50CA7990,Conseil Juridique International,Services aux entreprises,Lokossa,+229 70 49 30 28,conseil.juridique.international@conseil.juridique.international.net,conseiljuridiqueinternational.bj,Grande (>200),B2B,Facebook Pages,,Actif,2026-06-29T00:14:35.820033,haute
BJ-8A3EBB3E,Stratégie International Lokossa,Services aux entreprises,Lokossa,+229 48 32 54 83,stratégie.international.lokossa@stratégie.international.lokossa.org,stratégieinternationallokossa.bj,PME (10-50),B2B,Facebook Pages,,Actif,2026-06-29T00:14:35.820069,haute
BJ-0D1AD9E5,Expert Stratégie,Services aux entreprises,Lokossa,+229 74 37 29 38,,expertstratégie.bj,TPE (<10),B2B,Facebook Pages,,Actif,2026-06-29T00:14:35.820096,moyenne
BJ-3F84EBEF,RH,Services aux entreprises,Lokossa,+229 57 11 28 90,,rh.bj,TPE (<10),B2B,Facebook Pages,,Actif,2026-06-29T00:14:35.820120,moyenne
BJ-F3830523,Audit International Lokossa,Services aux entreprises,Lokossa,+229 75 10 50 14,audit.international.lokossa@audit.international.lokossa.org,auditinternationallokossa.bj,PME (10-50),B2B,Facebook Pages,,Actif,2026-06-29T00:14:35.820150,haute
BJ-254CFF96,Business,Services aux entreprises,Ouidah,+229 76 72 96 39,,,PME (50-200),B2B,Facebook Pages,,Actif,2026-06-29T00:14:35.820189,basse
BJ-C13512B4,Audit,Services aux entreprises,Ouidah,+229 54 96 43 55,,audit.bj,Grande (>200),B2B,Facebook Pages,,Actif,2026-06-29T00:14:35.820219,moyenne
BJ-B478D635,Formation Advisory,Services aux entreprises,Ouidah,+229 80 93 40 76,,formationadvisory.bj,TPE (<10),B2B,Facebook Pages,,Actif,2026-06-29T00:14:35.820235,moyenne
BJ-8BCFF4EE,Communication,Services aux entreprises,Ouidah,+229 78 78 76 15,communication@communication.com,communication.bj,PME (10-50),B2B,Facebook Pages,,Actif,2026-06-29T00:14:35.820258,haute
BJ-4E2056A8,Management Africa,Services aux entreprises,Ouidah,+229 83 21 71 89,management.africa@management.africa.benin,managementafrica.bj,TPE (<10),B2B,Facebook Pages,,Actif,2026-06-29T00:14:35.820271,haute
BJ-C65F6BF1,Audit Expert International,Services aux entreprises,Savalou,+229 59 15 76 15,audit.expert.international@audit.expert.international.bj,auditexpertinternational.bj,PME (50-200),B2B,Facebook Pages,,Actif,2026-06-29T00:14:35.820296,haute
BJ-F996334C,Agence Conseil,Services aux entreprises,Savalou,+229 85 42 32 25,agence.conseil@agence.conseil.com,agenceconseil.bj,PME (10-50),B2B,Facebook Pages,,Actif,2026-06-29T00:14:35.820310,haute
BJ-AAAEC7A9,Audit Management Africa Savalou,Services aux entreprises,Savalou,+229 90 54 59 18,,auditmanagementafricasavalou.bj,PME (10-50),B2B,Facebook Pages,,Actif,2026-06-29T00:14:35.820323,moyenne
BJ-E5A46B8F,Formation Partners,Services aux entreprises,Savalou,+229 20 38 17 34,formation.partners@formation.partners.net,formationpartners.bj,TPE (<10),B2B,Facebook Pages,,Actif,2026-06-29T00:14:35.820335,haute
BJ-225B23CF,Cabinet Business Partners,Services aux entreprises,Savalou,+229 46 87 46 24,,cabinetbusinesspartners.bj,PME (50-200),B2B,Facebook Pages,,Actif,2026-06-29T00:14:35.820347,moyenne
BJ-6DC30EB3,Bureau Formation,Services aux entreprises,Dassa-Zoumè,+229 37 54 10 23,bureau.formation@bureau.formation.benin,bureauformation.bj,PME (50-200),B2B,Facebook Pages,,Actif,2026-06-29T00:14:35.820369,haute
BJ-F5E6EF39,Comptable,Services aux entreprises,Dassa-Zoumè,+229 81 29 13 24,,comptable.bj,TPE (<10),B2B,Facebook Pages,,Actif,2026-06-29T00:14:35.820382,moyenne
BJ-CF1958B5,Conseil Consulting Consulting,Services aux entreprises,Dassa-Zoumè,+229 34 75 87 61,conseil.consulting.consulting@conseil.consulting.consulting.bj,,PME (10-50),B2B,Facebook Pages,,Actif,2026-06-29T00:14:35.820394,moyenne
BJ-A37EDECE,Business Partners,Services aux entreprises,Dassa-Zoumè,+229 82 39 97 90,business.partners@business.partners.org,businesspartners.bj,TPE (<10),B2B,Facebook Pages,,Actif,2026-06-29T00:14:35.820409,haute
BJ-0DED3304,Conseil International,Services aux entreprises,Dassa-Zoumè,+229 68 36 55 29,conseil.international@conseil.international.org,conseilinternational.bj,TPE (<10),B2B,Facebook Pages,,Actif,2026-06-29T00:14:35.820422,haute
BJ-4A53AB1A,Expert Advisory,Services aux entreprises,Kétou,+229 41 31 78 87,expert.advisory@expert.advisory.bj,expertadvisory.bj,PME (50-200),B2B,Facebook Pages,,Actif,2026-06-29T00:14:35.820441,haute
BJ-40815960,Communication Bureau,Services aux entreprises,Kétou,+229 31 37 37 69,,communicationbureau.bj,TPE (<10),B2B,Facebook Pages,,Actif,2026-06-29T00:14:35.820452,moyenne
BJ-9383FE44,Cabinet RH Africa Kétou,Services aux entreprises,Kétou,+229 30 31 37 91,cabinet.rh.africa.kétou@cabinet.rh.africa.kétou.net,,PME (10-50),B2B,Facebook Pages,,Actif,2026-06-29T00:14:35.820465,moyenne
BJ-B69BAC71,Audit Formation,Services aux entreprises,Kétou,+229 22 22 16 37,audit.formation@audit.formation.org,,Grande (>200),B2B,Facebook Pages,,Actif,2026-06-29T00:14:35.820478,moyenne
BJ-CDE5E053,Consulting Fiscal,Services aux entreprises,Kétou,+229 45 23 91 17,consulting.fiscal@consulting.fiscal.bj,consultingfiscal.bj,TPE (<10),B2B,Facebook Pages,,Actif,2026-06-29T00:14:35.820490,haute
BJ-76F8831B,Management,Services aux entreprises,Covè,+229 81 70 14 76,management@management.benin,management.bj,Grande (>200),B2B,Facebook Pages,,Actif,2026-06-29T00:14:35.820508,haute
BJ-FFB7BBF1,Marketing,Services aux entreprises,Covè,+229 62 16 39 60,marketing@marketing.net,marketing.bj,TPE (<10),B2B,Facebook Pages,,Actif,2026-06-29T00:14:35.820533,haute
BJ-64F9E252,Bureau Expert International,Services aux entreprises,Covè,+229 33 85 49 72,bureau.expert.international@bureau.expert.international.bj,bureauexpertinternational.bj,PME (50-200),B2B,Facebook Pages,,Actif,2026-06-29T00:14:35.820562,haute
BJ-EC83746F,Fiscal,Services aux entreprises,Pobè,+229 79 29 22 56,fiscal@fiscal.org,fiscal.bj,PME (10-50),B2B,Facebook Pages,,Actif,2026-06-29T00:14:35.820586,haute
BJ-63977E3B,Expert Marketing,Services aux entreprises,Pobè,+229 75 81 55 37,expert.marketing@expert.marketing.com,,PME (10-50),B2B,Facebook Pages,,Actif,2026-06-29T00:14:35.820598,moyenne
BJ-D7FF6868,Cabinet Expert,Services aux entreprises,Pobè,+229 91 75 52 20,cabinet.expert@cabinet.expert.benin,cabinetexpert.bj,PME (10-50),B2B,Facebook Pages,,Actif,2026-06-29T00:14:35.820611,haute
BJ-2A77C153,Agence Communication,Services aux entreprises,Pobè,+229 89 58 76 24,,agencecommunication.bj,TPE (<10),B2B,Facebook Pages,,Actif,2026-06-29T00:14:35.820626,moyenne
BJ-E1BAFC04,Business International,Services aux entreprises,Pobè,+229 71 72 73 54,business.international@business.international.bj,businessinternational.bj,TPE (<10),B2B,Facebook Pages,,Actif,2026-06-29T00:14:35.820639,haute
BJ-3BC7C714,Cabinet Management Consulting,Services aux entreprises,Sakété,+229 75 80 83 97,cabinet.management.consulting@cabinet.management.consulting.net,cabinetmanagementconsulting.bj,PME (50-200),B2B,Facebook Pages,,Actif,2026-06-29T00:14:35.820658,haute
BJ-722D6C10,Expert Formation Partners Sakété,Services aux entreprises,Sakété,+229 59 86 67 50,expert.formation.partners.sakété@expert.formation.partners.sakété.benin,expertformationpartnerssakété.bj,TPE (<10),B2B,Facebook Pages,,Actif,2026-06-29T00:14:35.820673,haute
BJ-4CF7E715,Comptable,Services aux entreprises,Sakété,+229 40 80 66 58,comptable@comptable.org,comptable.bj,TPE (<10),B2B,Facebook Pages,,Actif,2026-06-29T00:14:35.820684,haute
BJ-4B760046,Bureau Expert,Services aux entreprises,Sakété,+229 67 60 25 41,bureau.expert@bureau.expert.org,bureauexpert.bj,TPE (<10),B2B,Facebook Pages,,Actif,2026-06-29T00:14:35.820700,haute
BJ-134D5ECB,Agence Communication,Services aux entreprises,Sakété,+229 72 78 59 79,agence.communication@agence.communication.bj,agencecommunication.bj,PME (10-50),B2B,Facebook Pages,,Actif,2026-06-29T00:14:35.820713,haute
BJ-06055A25,Juridique Cabinet,Services aux entreprises,Adjara,+229 45 84 39 19,juridique.cabinet@juridique.cabinet.bj,juridiquecabinet.bj,TPE (<10),B2B,Facebook Pages,,Actif,2026-06-29T00:14:35.820732,haute
BJ-D9262561,Business Africa Adjara,Services aux entreprises,Adjara,+229 29 58 91 89,business.africa.adjara@business.africa.adjara.bj,businessafricaadjara.bj,PME (10-50),B2B,Facebook Pages,,Actif,2026-06-29T00:14:35.820745,haute
BJ-807E5A6B,Consulting Comptable Bureau,Services aux entreprises,Adjara,+229 73 35 31 91,consulting.comptable.bureau@consulting.comptable.bureau.benin,,PME (10-50),B2B,Facebook Pages,,Actif,2026-06-29T00:14:35.820757,moyenne
BJ-B3F15970,Audit Business Consulting,Services aux entreprises,Adjara,+229 56 10 24 50,audit.business.consulting@audit.business.consulting.org,auditbusinessconsulting.bj,PME (10-50),B2B,Facebook Pages,,Actif,2026-06-29T00:14:35.820773,haute
BJ-7EB9106A,Audit Audit Adjara,Services aux entreprises,Adjara,+229 31 38 87 69,,auditauditadjara.bj,TPE (<10),B2B,Facebook Pages,,Actif,2026-06-29T00:14:35.820784,moyenne
BJ-3E619831,Conseil,Services aux entreprises,Allada,+229 72 18 63 48,conseil@conseil.bj,conseil.bj,PME (10-50),B2B,Facebook Pages,,Actif,2026-06-29T00:14:35.820803,haute
BJ-C5080CFB,Consulting Africa,Services aux entreprises,Allada,+229 60 72 79 97,consulting.africa@consulting.africa.bj,consultingafrica.bj,TPE (<10),B2B,Facebook Pages,,Actif,2026-06-29T00:14:35.820815,haute
BJ-86D98F2C,Consulting Stratégie,Services aux entreprises,Allada,+229 54 72 69 77,consulting.stratégie@consulting.stratégie.net,,PME (50-200),B2B,Facebook Pages,,Actif,2026-06-29T00:14:35.820828,moyenne
BJ-365ED6A7,Comptable Partners,Services aux entreprises,Allada,+229 89 27 42 81,comptable.partners@comptable.partners.com,,PME (10-50),B2B,Facebook Pages,,Actif,2026-06-29T00:14:35.820847,moyenne
BJ-9A7C09DE,Cabinet Formation,Services aux entreprises,Allada,+229 70 48 44 82,cabinet.formation@cabinet.formation.net,cabinetformation.bj,PME (10-50),B2B,Facebook Pages,,Actif,2026-06-29T00:14:35.820860,haute
BJ-EAAC6620,Consulting Business Bureau,Services aux entreprises,Aplahoué,+229 70 10 91 51,consulting.business.bureau@consulting.business.bureau.org,consultingbusinessbureau.bj,TPE (<10),B2B,Facebook Pages,,Actif,2026-06-29T00:14:35.820879,haute
BJ-9F0B1CA5,Management,Services aux entreprises,Aplahoué,+229 71 50 44 64,management@management.net,management.bj,PME (50-200),B2B,Facebook Pages,,Actif,2026-06-29T00:14:35.820904,haute
BJ-FA0189D4,Fiscal Aplahoué,Services aux entreprises,Aplahoué,+229 81 83 46 69,,fiscalaplahoué.bj,TPE (<10),B2B,Facebook Pages,,Actif,2026-06-29T00:14:35.820919,moyenne
BJ-039FCD6D,Agence Management Cabinet,Services aux entreprises,Aplahoué,+229 73 38 60 48,agence.management.cabinet@agence.management.cabinet.benin,,PME (10-50),B2B,Facebook Pages,,Actif,2026-06-29T00:14:35.820931,moyenne
BJ-366FC0D7,Conseil,Services aux entreprises,Aplahoué,+229 34 13 77 50,conseil@conseil.net,conseil.bj,PME (50-200),B2B,Facebook Pages,,Actif,2026-06-29T00:14:35.820943,haute
BJ-977F5637,Business Consulting,Services aux entreprises,Dogbo-Tota,+229 97 62 73 22,business.consulting@business.consulting.bj,businessconsulting.bj,Grande (>200),B2B,Facebook Pages,,Actif,2026-06-29T00:14:35.820962,haute
BJ-5C946245,Audit Dogbo-Tota,Services aux entreprises,Dogbo-Tota,+229 79 67 42 82,audit.dogbotota@audit.dogbotota.com,auditdogbotota.bj,PME (10-50),B2B,Facebook Pages,,Actif,2026-06-29T00:14:35.820975,haute
BJ-FFF3C72D,Agence RH,Services aux entreprises,Dogbo-Tota,+229 22 93 63 57,agence.rh@agence.rh.benin,agencerh.bj,PME (50-200),B2B,Facebook Pages,,Actif,2026-06-29T00:14:35.820987,haute
BJ-3FCC27F5,Stratégie Bureau,Services aux entreprises,Dogbo-Tota,+229 54 54 33 18,stratégie.bureau@stratégie.bureau.com,stratégiebureau.bj,PME (10-50),B2B,Facebook Pages,,Actif,2026-06-29T00:14:35.821007,haute
BJ-6FE9DD7E,Comptable,Services aux entreprises,Dogbo-Tota,+229 46 42 31 51,comptable@comptable.bj,,Grande (>200),B2B,Facebook Pages,,Actif,2026-06-29T00:14:35.821021,moyenne
BJ-13046940,Conseil RH,Services aux entreprises,Kpomassè,+229 74 29 30 67,,,TPE (<10),B2B,Facebook Pages,,Actif,2026-06-29T00:14:35.821039,basse
BJ-2FBC6F1E,Audit Conseil Kpomassè,Services aux entreprises,Kpomassè,+229 64 54 26 43,audit.conseil.kpomassè@audit.conseil.kpomassè.org,auditconseilkpomassè.bj,PME (10-50),B2B,Facebook Pages,,Actif,2026-06-29T00:14:35.821053,haute
BJ-80073F83,Formation Bénin,Services aux entreprises,Kpomassè,+229 83 19 47 21,formation.bénin@formation.bénin.net,,Grande (>200),B2B,Facebook Pages,,Actif,2026-06-29T00:14:35.821065,moyenne
BJ-3712EAA2,Audit Business International,Services aux entreprises,Kpomassè,+229 45 64 18 31,,,TPE (<10),B2B,Facebook Pages,,Actif,2026-06-29T00:14:35.821076,basse
BJ-68299B92,Bureau Conseil,Services aux entreprises,Kpomassè,+229 23 75 14 82,bureau.conseil@bureau.conseil.benin,bureauconseil.bj,Grande (>200),B2B,Facebook Pages,,Actif,2026-06-29T00:14:35.821088,haute
BJ-095D6B95,Conseil Advisory,Services aux entreprises,Tori-Bossito,+229 75 34 47 79,,conseiladvisory.bj,Grande (>200),B2B,Facebook Pages,,Actif,2026-06-29T00:14:35.821107,moyenne
BJ-991D8AB4,Expert Audit Consulting,Services aux entreprises,Tori-Bossito,+229 80 87 59 42,expert.audit.consulting@expert.audit.consulting.bj,,TPE (<10),B2B,Facebook Pages,,Actif,2026-06-29T00:14:35.821119,moyenne
BJ-9043A36F,Agence Conseil Bureau,Services aux entreprises,Tori-Bossito,+229 95 92 21 28,agence.conseil.bureau@agence.conseil.bureau.com,,PME (10-50),B2B,Facebook Pages,,Actif,2026-06-29T00:14:35.821130,moyenne
BJ-BA30934E,Business Tori-Bossito,Services aux entreprises,Tori-Bossito,+229 21 51 96 30,business.toribossito@business.toribossito.org,businesstoribossito.bj,Grande (>200),B2B,Facebook Pages,,Actif,2026-06-29T00:14:35.821145,haute
BJ-F566E0B8,Business International,Services aux entreprises,Tori-Bossito,+229 60 99 72 68,business.international@business.international.com,businessinternational.bj,PME (10-50),B2B,Facebook Pages,,Actif,2026-06-29T00:14:35.821158,haute
BJ-E2DDD84C,Audit Advisory Grand-Popo,Services aux entreprises,Grand-Popo,+229 48 61 37 47,audit.advisory.grandpopo@audit.advisory.grandpopo.net,auditadvisorygrandpopo.bj,TPE (<10),B2B,Facebook Pages,,Actif,2026-06-29T00:14:35.821189,haute
BJ-51CF3DD0,Consulting Audit International,Services aux entreprises,Grand-Popo,+229 20 50 99 18,consulting.audit.international@consulting.audit.international.com,consultingauditinternational.bj,TPE (<10),B2B,Facebook Pages,,Actif,2026-06-29T00:14:35.821217,haute
BJ-004FFD27,Consulting Advisory Grand-Popo,Services aux entreprises,Grand-Popo,+229 34 38 29 42,consulting.advisory.grandpopo@consulting.advisory.grandpopo.org,,PME (10-50),B2B,Facebook Pages,,Actif,2026-06-29T00:14:35.821229,moyenne
BJ-2E5A308D,Audit Comptable Bureau Athiémé,Services aux entreprises,Athiémé,+229 76 46 21 71,,auditcomptablebureauathiémé.bj,TPE (<10),B2B,Facebook Pages,,Actif,2026-06-29T00:14:35.821248,moyenne
BJ-69F73FBA,RH Africa Athiémé,Services aux entreprises,Athiémé,+229 40 73 63 17,rh.africa.athiémé@rh.africa.athiémé.net,,PME (10-50),B2B,Facebook Pages,,Actif,2026-06-29T00:14:35.821261,moyenne
BJ-3D0BF17F,Audit Bénin,Services aux entreprises,Athiémé,+229 58 47 46 34,,,PME (10-50),B2B,Facebook Pages,,Actif,2026-06-29T00:14:35.821272,basse
BJ-046D7F0A,Expert Africa,Services aux entreprises,Athiémé,+229 57 50 39 65,,expertafrica.bj,TPE (<10),B2B,Facebook Pages,,Actif,2026-06-29T00:14:35.821286,moyenne
BJ-5870D8C2,Stratégie Partners,Services aux entreprises,Athiémé,+229 35 28 51 40,stratégie.partners@stratégie.partners.net,stratégiepartners.bj,TPE (<10),B2B,Facebook Pages,,Actif,2026-06-29T00:14:35.821300,haute
BJ-877DF435,Consulting Comptable Consulting,Services aux entreprises,Bopa,+229 85 83 46 10,,consultingcomptableconsulting.bj,PME (50-200),B2B,Facebook Pages,,Actif,2026-06-29T00:14:35.821318,moyenne
BJ-631D0D59,Fiscal Africa,Services aux entreprises,Bopa,+229 58 66 50 23,fiscal.africa@fiscal.africa.net,fiscalafrica.bj,PME (10-50),B2B,Facebook Pages,,Actif,2026-06-29T00:14:35.821330,haute
BJ-EFAD956C,Consulting Stratégie,Services aux entreprises,Bopa,+229 59 49 56 23,consulting.stratégie@consulting.stratégie.org,consultingstratégie.bj,PME (50-200),B2B,Facebook Pages,,Actif,2026-06-29T00:14:35.821347,haute
BJ-A0B5969D,Business,Services aux entreprises,Bopa,+229 56 71 73 36,business@business.com,,TPE (<10),B2B,Facebook Pages,,Actif,2026-06-29T00:14:35.821359,moyenne
BJ-3B9FDDD2,Management Bureau,Services aux entreprises,Bopa,+229 51 80 97 78,management.bureau@management.bureau.com,managementbureau.bj,TPE (<10),B2B,Facebook Pages,,Actif,2026-06-29T00:14:35.821372,haute
BJ-BE5DC8F5,Juridique Bénin,Services aux entreprises,Houéyogbé,+229 90 56 95 39,juridique.bénin@juridique.bénin.org,,TPE (<10),B2B,Facebook Pages,,Actif,2026-06-29T00:14:35.821391,moyenne
BJ-D7B8B5E7,Formation,Services aux entreprises,Houéyogbé,+229 61 50 73 67,formation@formation.net,formation.bj,TPE (<10),B2B,Facebook Pages,,Actif,2026-06-29T00:14:35.821403,haute
BJ-BD911C0B,Juridique,Services aux entreprises,Houéyogbé,+229 51 79 61 42,juridique@juridique.benin,juridique.bj,Grande (>200),B2B,Facebook Pages,,Actif,2026-06-29T00:14:35.821415,haute
BJ-7C007858,Comptable Advisory,Services aux entreprises,Houéyogbé,+229 92 69 52 90,comptable.advisory@comptable.advisory.com,,PME (50-200),B2B,Facebook Pages,,Actif,2026-06-29T00:14:35.821430,moyenne
BJ-D50880E0,Fiscal Cabinet Houéyogbé,Services aux entreprises,Houéyogbé,+229 75 71 38 54,,fiscalcabinethouéyogbé.bj,PME (10-50),B2B,Facebook Pages,,Actif,2026-06-29T00:14:35.821445,moyenne
BJ-5DD035C4,Management Partners,Services aux entreprises,Malanville,+229 47 58 11 46,,managementpartners.bj,Grande (>200),B2B,Facebook Pages,,Actif,2026-06-29T00:14:35.821464,moyenne
BJ-15D387A8,Communication,Services aux entreprises,Malanville,+229 96 98 45 27,,,TPE (<10),B2B,Facebook Pages,,Actif,2026-06-29T00:14:35.821475,basse
BJ-252D0B27,Agence Conseil Bureau,Services aux entreprises,Malanville,+229 72 78 57 78,,agenceconseilbureau.bj,PME (10-50),B2B,Facebook Pages,,Actif,2026-06-29T00:14:35.821487,moyenne
BJ-3169ADFF,Conseil Comptable Advisory,Services aux entreprises,Malanville,+229 26 73 50 93,conseil.comptable.advisory@conseil.comptable.advisory.org,conseilcomptableadvisory.bj,TPE (<10),B2B,Facebook Pages,,Actif,2026-06-29T00:14:35.821499,haute
BJ-313C9D7A,Audit Bénin,Services aux entreprises,Malanville,+229 77 18 51 58,audit.bénin@audit.bénin.com,,Grande (>200),B2B,Facebook Pages,,Actif,2026-06-29T00:14:35.821515,moyenne
BJ-6CC8D3A9,Expert Comptable,Services aux entreprises,Kandi,+229 32 89 78 81,,expertcomptable.bj,TPE (<10),B2B,Facebook Pages,,Actif,2026-06-29T00:14:35.821533,moyenne
BJ-21FDD684,Consulting Audit Consulting,Services aux entreprises,Kandi,+229 40 86 77 21,consulting.audit.consulting@consulting.audit.consulting.net,consultingauditconsulting.bj,TPE (<10),B2B,Facebook Pages,,Actif,2026-06-29T00:14:35.821545,haute
BJ-0F6A502E,Cabinet Formation Kandi,Services aux entreprises,Kandi,+229 73 46 39 89,cabinet.formation.kandi@cabinet.formation.kandi.net,cabinetformationkandi.bj,TPE (<10),B2B,Facebook Pages,,Actif,2026-06-29T00:14:35.821558,haute
BJ-B9DB8DC4,RH Kandi,Services aux entreprises,Kandi,+229 46 43 50 25,rh.kandi@rh.kandi.benin,rhkandi.bj,PME (10-50),B2B,Facebook Pages,,Actif,2026-06-29T00:14:35.821574,haute
BJ-1B576491,Expert Business Africa,Services aux entreprises,Kandi,+229 91 46 82 53,expert.business.africa@expert.business.africa.benin,,PME (50-200),B2B,Facebook Pages,,Actif,2026-06-29T00:14:35.821586,moyenne
BJ-DD64B12F,Conseil Juridique,Services aux entreprises,Banikoara,+229 86 96 79 38,conseil.juridique@conseil.juridique.org,conseiljuridique.bj,Grande (>200),B2B,Facebook Pages,,Actif,2026-06-29T00:14:35.821604,haute
BJ-21A747D7,Consulting Comptable Cabinet,Services aux entreprises,Banikoara,+229 26 81 95 56,consulting.comptable.cabinet@consulting.comptable.cabinet.org,consultingcomptablecabinet.bj,PME (10-50),B2B,Facebook Pages,,Actif,2026-06-29T00:14:35.821616,haute
BJ-6A4893BC,Expert Expert,Services aux entreprises,Banikoara,+229 38 98 66 45,,,TPE (<10),B2B,Facebook Pages,,Actif,2026-06-29T00:14:35.821627,basse
BJ-1E30179E,Cabinet Marketing Cabinet,Services aux entreprises,Banikoara,+229 70 49 66 74,,cabinetmarketingcabinet.bj,TPE (<10),B2B,Facebook Pages,,Actif,2026-06-29T00:14:35.821638,moyenne
BJ-DDC07188,Comptable Bureau Banikoara,Services aux entreprises,Banikoara,+229 70 99 28 46,comptable.bureau.banikoara@comptable.bureau.banikoara.benin,comptablebureaubanikoara.bj,PME (50-200),B2B,Facebook Pages,,Actif,2026-06-29T00:14:35.821650,haute
BJ-A0D7FC84,Expert Business Advisory,Services aux entreprises,Ségbana,+229 48 32 65 89,expert.business.advisory@expert.business.advisory.com,,PME (10-50),B2B,Facebook Pages,,Actif,2026-06-29T00:14:35.821670,moyenne
BJ-69220BE1,Consulting RH,Services aux entreprises,Ségbana,+229 73 70 86 13,consulting.rh@consulting.rh.org,consultingrh.bj,TPE (<10),B2B,Facebook Pages,,Actif,2026-06-29T00:14:35.821686,haute
BJ-B195E4E7,Juridique,Services aux entreprises,Ségbana,+229 44 17 47 72,juridique@juridique.net,juridique.bj,PME (50-200),B2B,Facebook Pages,,Actif,2026-06-29T00:14:35.821699,haute
BJ-92BFE41C,Consulting Consulting Partners,Services aux entreprises,Ségbana,+229 98 87 92 43,consulting.consulting.partners@consulting.consulting.partners.org,consultingconsultingpartners.bj,PME (50-200),B2B,Facebook Pages,,Actif,2026-06-29T00:14:35.821717,haute
BJ-1F5457CE,Consulting Consulting Africa,Services aux entreprises,Ségbana,+229 75 85 56 60,consulting.consulting.africa@consulting.consulting.africa.benin,consultingconsultingafrica.bj,TPE (<10),B2B,Facebook Pages,,Actif,2026-06-29T00:14:35.821730,haute
BJ-9E220DCE,Marketing,Services aux entreprises,Karimama,+229 42 24 50 63,marketing@marketing.org,,PME (10-50),B2B,Facebook Pages,,Actif,2026-06-29T00:14:35.821747,moyenne
BJ-CDE59FDF,Expert,Services aux entreprises,Karimama,+229 27 74 35 35,expert@expert.benin,,TPE (<10),B2B,Facebook Pages,,Actif,2026-06-29T00:14:35.821759,moyenne
BJ-2A592A47,Audit Stratégie Consulting,Services aux entreprises,Karimama,+229 23 87 92 64,audit.stratégie.consulting@audit.stratégie.consulting.com,auditstratégieconsulting.bj,PME (10-50),B2B,Facebook Pages,,Actif,2026-06-29T00:14:35.821783,haute
BJ-54635677,Expert Communication,Services aux entreprises,Karimama,+229 30 63 27 40,expert.communication@expert.communication.com,expertcommunication.bj,TPE (<10),B2B,Facebook Pages,,Actif,2026-06-29T00:14:35.821795,haute
BJ-80E76B2F,Communication Bureau,Services aux entreprises,Gogounou,+229 36 28 71 71,communication.bureau@communication.bureau.org,communicationbureau.bj,TPE (<10),B2B,Facebook Pages,,Actif,2026-06-29T00:14:35.821813,haute
BJ-0E2E1A61,Bureau Expert,Services aux entreprises,Gogounou,+229 64 49 90 64,bureau.expert@bureau.expert.bj,bureauexpert.bj,TPE (<10),B2B,Facebook Pages,,Actif,2026-06-29T00:14:35.821825,haute
BJ-36516AAE,Conseil Communication,Services aux entreprises,Gogounou,+229 23 40 81 78,conseil.communication@conseil.communication.benin,conseilcommunication.bj,PME (50-200),B2B,Facebook Pages,,Actif,2026-06-29T00:14:35.821836,haute
BJ-5E6548B6,Expert Conseil Consulting,Services aux entreprises,Gogounou,+229 69 72 49 15,expert.conseil.consulting@expert.conseil.consulting.net,expertconseilconsulting.bj,PME (10-50),B2B,Facebook Pages,,Actif,2026-06-29T00:14:35.821851,haute
BJ-D3AD1FFA,Expert Africa,Services aux entreprises,Gogounou,+229 42 52 16 63,expert.africa@expert.africa.benin,expertafrica.bj,PME (50-200),B2B,Facebook Pages,,Actif,2026-06-29T00:14:35.821868,haute
BJ-C047B211,Business Advisory,Services aux entreprises,Cobly,+229 70 93 54 36,business.advisory@business.advisory.benin,,PME (10-50),B2B,Facebook Pages,,Actif,2026-06-29T00:14:35.821886,moyenne
BJ-E5DB2568,Stratégie Bureau,Services aux entreprises,Cobly,+229 45 83 13 84,stratégie.bureau@stratégie.bureau.net,,TPE (<10),B2B,Facebook Pages,,Actif,2026-06-29T00:14:35.821914,moyenne
BJ-340AF9A1,Formation Africa,Services aux entreprises,Cobly,+229 82 26 76 97,formation.africa@formation.africa.net,formationafrica.bj,PME (50-200),B2B,Facebook Pages,,Actif,2026-06-29T00:14:35.821927,haute
BJ-70E5476A,Conseil Fiscal Bureau Cobly,Services aux entreprises,Cobly,+229 23 12 46 13,conseil.fiscal.bureau.cobly@conseil.fiscal.bureau.cobly.bj,conseilfiscalbureaucobly.bj,PME (50-200),B2B,Facebook Pages,,Actif,2026-06-29T00:14:35.821940,haute
BJ-9D6165F0,Consulting Partners,Services aux entreprises,Cobly,+229 74 97 19 23,consulting.partners@consulting.partners.org,consultingpartners.bj,PME (50-200),B2B,Facebook Pages,,Actif,2026-06-29T00:14:35.821951,haute
BJ-8860D23F,Cabinet Consulting Bureau,Services aux entreprises,Tanguiéta,+229 99 63 25 63,cabinet.consulting.bureau@cabinet.consulting.bureau.com,,TPE (<10),B2B,Facebook Pages,,Actif,2026-06-29T00:14:35.821975,moyenne
BJ-DE9DF2A0,Bureau Expert Tanguiéta,Services aux entreprises,Tanguiéta,+229 39 59 27 22,bureau.expert.tanguiéta@bureau.expert.tanguiéta.com,bureauexperttanguiéta.bj,TPE (<10),B2B,Facebook Pages,,Actif,2026-06-29T00:14:35.821989,haute
BJ-C86FB741,Expert Marketing Bureau,Services aux entreprises,Tanguiéta,+229 97 16 75 42,expert.marketing.bureau@expert.marketing.bureau.com,,PME (50-200),B2B,Facebook Pages,,Actif,2026-06-29T00:14:35.822001,moyenne
BJ-E638CCBE,Cabinet Fiscal,Services aux entreprises,Tanguiéta,+229 72 69 30 92,cabinet.fiscal@cabinet.fiscal.net,cabinetfiscal.bj,TPE (<10),B2B,Facebook Pages,,Actif,2026-06-29T00:14:35.822016,haute
BJ-97A1E76B,Audit Business International,Services aux entreprises,Tanguiéta,+229 84 82 96 86,,auditbusinessinternational.bj,PME (10-50),B2B,Facebook Pages,,Actif,2026-06-29T00:14:35.822029,moyenne
BJ-5040F92D,Expert Africa,Services aux entreprises,Matéri,+229 57 77 56 18,expert.africa@expert.africa.benin,,TPE (<10),B2B,Facebook Pages,,Actif,2026-06-29T00:14:35.822046,moyenne
BJ-DFC7AB78,Audit Juridique,Services aux entreprises,Matéri,+229 51 73 78 69,,auditjuridique.bj,Grande (>200),B2B,Facebook Pages,,Actif,2026-06-29T00:14:35.822057,moyenne
BJ-CB029C26,Fiscal,Services aux entreprises,Matéri,+229 23 21 72 62,fiscal@fiscal.org,,PME (50-200),B2B,Facebook Pages,,Actif,2026-06-29T00:14:35.822068,moyenne
BJ-BC9A2A63,Audit Management,Services aux entreprises,Matéri,+229 85 77 11 63,audit.management@audit.management.benin,auditmanagement.bj,PME (10-50),B2B,Facebook Pages,,Actif,2026-06-29T00:14:35.822080,haute
BJ-70B5134A,Comptable,Services aux entreprises,Matéri,+229 72 77 64 44,comptable@comptable.bj,,PME (50-200),B2B,Facebook Pages,,Actif,2026-06-29T00:14:35.822092,moyenne
BJ-754F83E3,Juridique,Services aux entreprises,Natitingou,+229 50 27 86 28,,juridique.bj,PME (10-50),B2B,Facebook Pages,,Actif,2026-06-29T00:14:35.822111,moyenne
BJ-75CBC7BC,Bureau Fiscal,Services aux entreprises,Natitingou,+229 73 99 55 68,bureau.fiscal@bureau.fiscal.org,bureaufiscal.bj,Grande (>200),B2B,Facebook Pages,,Actif,2026-06-29T00:14:35.822127,haute
BJ-9955C160,Cabinet Communication Africa,Services aux entreprises,Natitingou,+229 50 39 86 31,cabinet.communication.africa@cabinet.communication.africa.net,cabinetcommunicationafrica.bj,TPE (<10),B2B,Facebook Pages,,Actif,2026-06-29T00:14:35.822139,haute
BJ-C25E9BAA,Agence Conseil Partners Toucountouna,Services aux entreprises,Toucountouna,+229 38 77 82 43,,agenceconseilpartnerstoucountouna.bj,PME (50-200),B2B,Facebook Pages,,Actif,2026-06-29T00:14:35.822183,moyenne
BJ-8A711902,Business Toucountouna,Services aux entreprises,Toucountouna,+229 53 81 68 69,business.toucountouna@business.toucountouna.benin,businesstoucountouna.bj,PME (10-50),B2B,Facebook Pages,,Actif,2026-06-29T00:14:35.822195,haute
BJ-2938CAD8,Expert Expert,Services aux entreprises,Toucountouna,+229 59 51 84 73,expert.expert@expert.expert.org,,PME (10-50),B2B,Facebook Pages,,Actif,2026-06-29T00:14:35.822206,moyenne
BJ-FBB67844,Consulting Fiscal Advisory,Services aux entreprises,Toucountouna,+229 31 65 16 66,consulting.fiscal.advisory@consulting.fiscal.advisory.org,consultingfiscaladvisory.bj,PME (10-50),B2B,Facebook Pages,,Actif,2026-06-29T00:14:35.822218,haute
BJ-934E0ADF,Bureau Fiscal,Services aux entreprises,Toucountouna,+229 54 91 45 73,bureau.fiscal@bureau.fiscal.net,,Grande (>200),B2B,Facebook Pages,,Actif,2026-06-29T00:14:35.822230,moyenne
BJ-57AE658A,Comptable Bureau,Services aux entreprises,Boukoumbé,+229 60 23 25 75,comptable.bureau@comptable.bureau.org,comptablebureau.bj,PME (10-50),B2B,Facebook Pages,,Actif,2026-06-29T00:14:35.822248,haute
BJ-63C46D64,Juridique,Services aux entreprises,Boukoumbé,+229 76 68 78 27,,,Grande (>200),B2B,Facebook Pages,,Actif,2026-06-29T00:14:35.822259,basse
BJ-FDBF5BFD,Cabinet Conseil Africa,Services aux entreprises,Boukoumbé,+229 43 72 50 53,,cabinetconseilafrica.bj,TPE (<10),B2B,Facebook Pages,,Actif,2026-06-29T00:14:35.822270,moyenne
BJ-08359331,Agence Consulting International,Services aux entreprises,Boukoumbé,+229 93 75 53 56,agence.consulting.international@agence.consulting.international.net,,Grande (>200),B2B,Facebook Pages,,Actif,2026-06-29T00:14:35.822285,moyenne
BJ-69F6AF3F,Bureau Conseil Africa,Services aux entreprises,Boukoumbé,+229 36 20 50 39,,bureauconseilafrica.bj,TPE (<10),B2B,Facebook Pages,,Actif,2026-06-29T00:14:35.822297,moyenne
BJ-364F98C7,Consulting Formation International,Services aux entreprises,Kouandé,+229 83 46 37 17,consulting.formation.international@consulting.formation.international.org,consultingformationinternational.bj,Grande (>200),B2B,Facebook Pages,,Actif,2026-06-29T00:14:35.822316,haute
BJ-B408B05C,Formation,Services aux entreprises,Kouandé,+229 82 53 59 15,,formation.bj,PME (10-50),B2B,Facebook Pages,,Actif,2026-06-29T00:14:35.822332,moyenne
BJ-5EBEAC54,Conseil Bénin Kouandé,Services aux entreprises,Kouandé,+229 93 18 24 56,,,PME (10-50),B2B,Facebook Pages,,Actif,2026-06-29T00:14:35.822343,basse
BJ-04575E35,Audit Conseil,Services aux entreprises,Kouandé,+229 35 87 36 29,audit.conseil@audit.conseil.bj,,TPE (<10),B2B,Facebook Pages,,Actif,2026-06-29T00:14:35.822354,moyenne
BJ-FE9459AF,Consulting Audit Advisory,Services aux entreprises,Kouandé,+229 71 33 49 77,,,TPE (<10),B2B,Facebook Pages,,Actif,2026-06-29T00:14:35.822365,basse
BJ-0FA66C59,Expert Africa,Services aux entreprises,Péhunco,+229 99 36 61 61,expert.africa@expert.africa.net,expertafrica.bj,TPE (<10),B2B,Facebook Pages,,Actif,2026-06-29T00:14:35.822384,haute
BJ-E4162E32,Audit RH,Services aux entreprises,Péhunco,+229 36 24 95 86,audit.rh@audit.rh.org,auditrh.bj,PME (50-200),B2B,Facebook Pages,,Actif,2026-06-29T00:14:35.822396,haute
BJ-7D7F441C,Bureau Consulting Africa Péhunco,Services aux entreprises,Péhunco,+229 31 10 36 28,,bureauconsultingafricapéhunco.bj,TPE (<10),B2B,Facebook Pages,,Actif,2026-06-29T00:14:35.822409,moyenne
BJ-558691F8,Conseil Expert,Services aux entreprises,Péhunco,+229 58 15 50 57,conseil.expert@conseil.expert.net,conseilexpert.bj,PME (10-50),B2B,Facebook Pages,,Actif,2026-06-29T00:14:35.822424,haute
BJ-4C48024C,Consulting Cabinet,Services aux entreprises,Péhunco,+229 30 50 15 92,consulting.cabinet@consulting.cabinet.net,consultingcabinet.bj,TPE (<10),B2B,Facebook Pages,,Actif,2026-06-29T00:14:35.822437,haute
BJ-0850BD28,Bureau Business,Services aux entreprises,Tchaourou,+229 50 28 36 58,bureau.business@bureau.business.bj,bureaubusiness.bj,TPE (<10),B2B,Facebook Pages,,Actif,2026-06-29T00:14:35.822455,haute
BJ-AF6E4023,Consulting Bénin,Services aux entreprises,Tchaourou,+229 74 10 22 97,consulting.bénin@consulting.bénin.org,,PME (50-200),B2B,Facebook Pages,,Actif,2026-06-29T00:14:35.822468,moyenne
BJ-144D0A93,Conseil Comptable Consulting Tchaourou,Services aux entreprises,Tchaourou,+229 58 89 96 55,conseil.comptable.consulting.tchaourou@conseil.comptable.consulting.tchaourou.net,conseilcomptableconsultingtchaourou.bj,PME (50-200),B2B,Facebook Pages,,Actif,2026-06-29T00:14:35.822484,haute
BJ-127B61B2,Consulting RH Bureau,Services aux entreprises,Tchaourou,+229 95 46 67 65,consulting.rh.bureau@consulting.rh.bureau.bj,consultingrhbureau.bj,TPE (<10),B2B,Facebook Pages,,Actif,2026-06-29T00:14:35.822496,haute
BJ-CB7B0419,Conseil Conseil,Services aux entreprises,Tchaourou,+229 94 56 23 57,conseil.conseil@conseil.conseil.org,,PME (50-200),B2B,Facebook Pages,,Actif,2026-06-29T00:14:35.822510,moyenne
BJ-6D226E9E,Consulting Conseil Partners,Services aux entreprises,Nikki,+229 68 40 69 95,consulting.conseil.partners@consulting.conseil.partners.bj,consultingconseilpartners.bj,PME (10-50),B2B,Facebook Pages,,Actif,2026-06-29T00:14:35.822530,haute
BJ-55ACF169,Consulting Consulting Advisory,Services aux entreprises,Nikki,+229 23 60 60 99,,consultingconsultingadvisory.bj,TPE (<10),B2B,Facebook Pages,,Actif,2026-06-29T00:14:35.822541,moyenne
BJ-3BF20905,Audit Management International,Services aux entreprises,Nikki,+229 90 19 86 64,audit.management.international@audit.management.international.com,,PME (10-50),B2B,Facebook Pages,,Actif,2026-06-29T00:14:35.822553,moyenne
BJ-96D0D720,Agence Communication,Services aux entreprises,Nikki,+229 98 60 72 77,agence.communication@agence.communication.bj,,PME (50-200),B2B,Facebook Pages,,Actif,2026-06-29T00:14:35.822567,moyenne
BJ-00A58B3C,Fiscal Partners,Services aux entreprises,Nikki,+229 35 67 99 85,,fiscalpartners.bj,Grande (>200),B2B,Facebook Pages,,Actif,2026-06-29T00:14:35.822578,moyenne
BJ-90A39502,Consulting Business,Services aux entreprises,Bembéréké,+229 24 77 60 73,,consultingbusiness.bj,TPE (<10),B2B,Facebook Pages,,Actif,2026-06-29T00:14:35.822608,moyenne
BJ-2DAA3FD5,Fiscal International,Services aux entreprises,Bembéréké,+229 68 90 44 76,fiscal.international@fiscal.international.com,,TPE (<10),B2B,Facebook Pages,,Actif,2026-06-29T00:14:35.822620,moyenne
BJ-D606FCB6,Expert Audit Advisory,Services aux entreprises,Bembéréké,+229 54 60 72 54,expert.audit.advisory@expert.audit.advisory.benin,expertauditadvisory.bj,PME (10-50),B2B,Facebook Pages,,Actif,2026-06-29T00:14:35.822633,haute
BJ-D141AB8B,Stratégie Partners,Services aux entreprises,Bembéréké,+229 24 31 34 77,stratégie.partners@stratégie.partners.com,stratégiepartners.bj,PME (10-50),B2B,Facebook Pages,,Actif,2026-06-29T00:14:35.822645,haute
BJ-5F2EE498,Bureau Expert Consulting,Services aux entreprises,Kalalé,+229 85 81 34 92,bureau.expert.consulting@bureau.expert.consulting.org,,PME (10-50),B2B,Facebook Pages,,Actif,2026-06-29T00:14:35.822662,moyenne
BJ-9E4A9618,Marketing,Services aux entreprises,Kalalé,+229 84 40 51 89,,marketing.bj,Grande (>200),B2B,Facebook Pages,,Actif,2026-06-29T00:14:35.822673,moyenne
BJ-34EE52B2,Stratégie Kalalé,Services aux entreprises,Kalalé,+229 34 12 37 41,,,PME (50-200),B2B,Facebook Pages,,Actif,2026-06-29T00:14:35.822685,basse
BJ-56678F7F,Business Kalalé,Services aux entreprises,Kalalé,+229 22 60 59 12,,businesskalalé.bj,TPE (<10),B2B,Facebook Pages,,Actif,2026-06-29T00:14:35.822700,moyenne
BJ-2949E004,Cabinet Stratégie,Services aux entreprises,Kalalé,+229 55 85 72 47,cabinet.stratégie@cabinet.stratégie.org,cabinetstratégie.bj,PME (10-50),B2B,Facebook Pages,,Actif,2026-06-29T00:14:35.822713,haute
BJ-6EE899AF,Communication Africa,Services aux entreprises,Ndali,+229 67 30 17 78,,communicationafrica.bj,PME (50-200),B2B,Facebook Pages,,Actif,2026-06-29T00:14:35.822730,moyenne
BJ-2F949952,Juridique Ndali,Services aux entreprises,Ndali,+229 51 56 77 77,juridique.ndali@juridique.ndali.com,juridiquendali.bj,PME (10-50),B2B,Facebook Pages,,Actif,2026-06-29T00:14:35.822746,haute
BJ-F0B8C6E0,Conseil Bureau,Services aux entreprises,Ndali,+229 29 54 94 39,conseil.bureau@conseil.bureau.benin,conseilbureau.bj,PME (10-50),B2B,Facebook Pages,,Actif,2026-06-29T00:14:35.822758,haute
BJ-4A8514B3,Formation Ndali,Services aux entreprises,Ndali,+229 52 83 69 70,formation.ndali@formation.ndali.com,,PME (10-50),B2B,Facebook Pages,,Actif,2026-06-29T00:14:35.822770,moyenne
BJ-B1733334,Formation Partners,Services aux entreprises,Ndali,+229 38 50 33 21,formation.partners@formation.partners.com,formationpartners.bj,TPE (<10),B2B,Facebook Pages,,Actif,2026-06-29T00:14:35.822781,haute
BJ-410A3942,Marketing,Services aux entreprises,Ségbana,+229 64 30 57 89,marketing@marketing.com,marketing.bj,PME (50-200),B2B,Facebook Pages,,Actif,2026-06-29T00:14:35.822799,haute
BJ-FFDAB5A5,Business,Services aux entreprises,Ségbana,+229 21 25 38 14,business@business.benin,,TPE (<10),B2B,Facebook Pages,,Actif,2026-06-29T00:14:35.822810,moyenne
BJ-497142B9,Stratégie Cabinet,Services aux entreprises,Ségbana,+229 82 48 95 28,stratégie.cabinet@stratégie.cabinet.org,,TPE (<10),B2B,Facebook Pages,,Actif,2026-06-29T00:14:35.822842,moyenne
BJ-FA9A691A,RH Cabinet,Services aux entreprises,Ségbana,+229 82 47 55 95,rh.cabinet@rh.cabinet.benin,rhcabinet.bj,TPE (<10),B2B,Facebook Pages,,Actif,2026-06-29T00:14:35.822855,haute
BJ-17BA90F1,Bureau Audit,Services aux entreprises,Tchaourou,+229 33 45 31 99,bureau.audit@bureau.audit.bj,bureauaudit.bj,PME (10-50),B2B,Facebook Pages,,Actif,2026-06-29T00:14:35.822877,haute
BJ-48E04FCE,Consulting Expert Tchaourou,Services aux entreprises,Tchaourou,+229 47 91 97 33,consulting.expert.tchaourou@consulting.expert.tchaourou.bj,consultingexperttchaourou.bj,TPE (<10),B2B,Facebook Pages,,Actif,2026-06-29T00:14:35.822913,haute
BJ-A543EC3D,Expert Audit Africa Tchaourou,Services aux entreprises,Tchaourou,+229 85 27 85 60,expert.audit.africa.tchaourou@expert.audit.africa.tchaourou.net,expertauditafricatchaourou.bj,PME (50-200),B2B,Facebook Pages,,Actif,2026-06-29T00:14:35.822925,haute
BJ-063AA940,RH,Services aux entreprises,Bétérou,+229 95 39 75 28,,rh.bj,PME (50-200),B2B,Facebook Pages,,Actif,2026-06-29T00:14:35.822953,moyenne
BJ-B35DEC6B,Expert Business,Services aux entreprises,Bétérou,+229 63 96 23 39,expert.business@expert.business.bj,expertbusiness.bj,PME (10-50),B2B,Facebook Pages,,Actif,2026-06-29T00:14:35.822969,haute
BJ-1F505BF8,Agence Stratégie,Services aux entreprises,Bétérou,+229 84 89 19 71,agence.stratégie@agence.stratégie.net,,Grande (>200),B2B,Facebook Pages,,Actif,2026-06-29T00:14:35.823000,moyenne
BJ-77BDED8F,Comptable Consulting,Services aux entreprises,Bétérou,+229 65 29 43 36,comptable.consulting@comptable.consulting.net,comptableconsulting.bj,TPE (<10),B2B,Facebook Pages,,Actif,2026-06-29T00:14:35.823015,haute
BJ-18E4BBB0,Conseil Management,Services aux entreprises,Bétérou,+229 25 95 60 41,conseil.management@conseil.management.bj,conseilmanagement.bj,TPE (<10),B2B,Facebook Pages,,Actif,2026-06-29T00:14:35.823029,haute
BJ-05D1AF2A,Formation Cabinet,Services aux entreprises,Ouessè,+229 96 33 96 85,formation.cabinet@formation.cabinet.benin,,PME (10-50),B2B,Facebook Pages,,Actif,2026-06-29T00:14:35.823047,moyenne
BJ-1A737D72,Expert International,Services aux entreprises,Ouessè,+229 76 21 22 29,expert.international@expert.international.org,expertinternational.bj,PME (50-200),B2B,Facebook Pages,,Actif,2026-06-29T00:14:35.823059,haute
BJ-46A1DB3A,Consulting International,Services aux entreprises,Ouessè,+229 92 46 10 59,consulting.international@consulting.international.com,consultinginternational.bj,TPE (<10),B2B,Facebook Pages,,Actif,2026-06-29T00:14:35.823071,haute
BJ-4FACF520,Audit Advisory Ouessè,Services aux entreprises,Ouessè,+229 35 62 55 84,audit.advisory.ouessè@audit.advisory.ouessè.benin,,PME (10-50),B2B,Facebook Pages,,Actif,2026-06-29T00:14:35.823083,moyenne
BJ-E0F4352B,Formation Bureau Ouessè,Services aux entreprises,Ouessè,+229 52 36 49 19,formation.bureau.ouessè@formation.bureau.ouessè.net,formationbureauouessè.bj,TPE (<10),B2B,Facebook Pages,,Actif,2026-06-29T00:14:35.823100,haute
BJ-0C0803AA,Audit Communication Cabinet,Services aux entreprises,Glazoué,+229 53 67 84 42,audit.communication.cabinet@audit.communication.cabinet.org,auditcommunicationcabinet.bj,PME (10-50),B2B,Facebook Pages,,Actif,2026-06-29T00:14:35.823122,haute
BJ-5FBA9846,Marketing,Services aux entreprises,Glazoué,+229 60 30 31 76,marketing@marketing.bj,marketing.bj,PME (10-50),B2B,Facebook Pages,,Actif,2026-06-29T00:14:35.823135,haute
BJ-D1EF9218,Cabinet Juridique Cabinet Glazoué,Services aux entreprises,Glazoué,+229 54 84 23 18,cabinet.juridique.cabinet.glazoué@cabinet.juridique.cabinet.glazoué.benin,cabinetjuridiquecabinetglazoué.bj,PME (10-50),B2B,Facebook Pages,,Actif,2026-06-29T00:14:35.823150,haute
BJ-64842B4E,RH Advisory,Services aux entreprises,Glazoué,+229 47 38 47 18,rh.advisory@rh.advisory.org,rhadvisory.bj,TPE (<10),B2B,Facebook Pages,,Actif,2026-06-29T00:14:35.823166,haute
BJ-1D789847,Expert Cabinet,Services aux entreprises,Glazoué,+229 51 59 64 28,expert.cabinet@expert.cabinet.com,,PME (10-50),B2B,Facebook Pages,,Actif,2026-06-29T00:14:35.823178,moyenne
BJ-4779B5BF,Stratégie,Services aux entreprises,Dassa-Zoumè,+229 92 43 49 57,stratégie@stratégie.net,,TPE (<10),B2B,Facebook Pages,,Actif,2026-06-29T00:14:35.823197,moyenne
BJ-ECC8BCF9,Expert Bureau,Services aux entreprises,Dassa-Zoumè,+229 23 86 59 18,expert.bureau@expert.bureau.com,expertbureau.bj,Grande (>200),B2B,Facebook Pages,,Actif,2026-06-29T00:14:35.823214,haute
BJ-D9B8CCD1,Expert Advisory Dassa-Zoumè,Services aux entreprises,Dassa-Zoumè,+229 35 62 20 79,expert.advisory.dassazoumè@expert.advisory.dassazoumè.bj,expertadvisorydassazoumè.bj,TPE (<10),B2B,Facebook Pages,,Actif,2026-06-29T00:14:35.823228,haute
BJ-1E63E54D,Agence Comptable,Services aux entreprises,Dassa-Zoumè,+229 47 97 13 18,agence.comptable@agence.comptable.net,agencecomptable.bj,TPE (<10),B2B,Facebook Pages,,Actif,2026-06-29T00:14:35.823240,haute
BJ-66EF7EB6,Business Cabinet,Services aux entreprises,Dassa-Zoumè,+229 61 17 33 93,business.cabinet@business.cabinet.bj,businesscabinet.bj,TPE (<10),B2B,Facebook Pages,,Actif,2026-06-29T00:14:35.823255,haute
BJ-F7148F0D,Consulting Conseil,Services aux entreprises,Savalou,+229 88 79 47 24,consulting.conseil@consulting.conseil.benin,consultingconseil.bj,PME (10-50),B2B,Facebook Pages,,Actif,2026-06-29T00:14:35.823274,haute
BJ-3DBBF7F4,Audit Communication Consulting,Services aux entreprises,Savalou,+229 90 66 29 64,,auditcommunicationconsulting.bj,TPE (<10),B2B,Facebook Pages,,Actif,2026-06-29T00:14:35.823286,moyenne
BJ-229F8AC7,Management,Services aux entreprises,Savalou,+229 23 17 56 68,management@management.com,management.bj,TPE (<10),B2B,Facebook Pages,,Actif,2026-06-29T00:14:35.823298,haute
BJ-E63788F1,Audit Consulting International,Services aux entreprises,Savalou,+229 39 12 85 21,,auditconsultinginternational.bj,TPE (<10),B2B,Facebook Pages,,Actif,2026-06-29T00:14:35.823312,moyenne
BJ-E31563CD,Fiscal Consulting,Services aux entreprises,Savalou,+229 49 38 14 89,fiscal.consulting@fiscal.consulting.com,fiscalconsulting.bj,PME (50-200),B2B,Facebook Pages,,Actif,2026-06-29T00:14:35.823324,haute
BJ-78478B0D,Cabinet RH,Services aux entreprises,Bantè,+229 36 97 96 68,cabinet.rh@cabinet.rh.com,cabinetrh.bj,PME (10-50),B2B,Facebook Pages,,Actif,2026-06-29T00:14:35.823342,haute
BJ-500B65F7,Audit RH Bantè,Services aux entreprises,Bantè,+229 53 47 82 19,audit.rh.bantè@audit.rh.bantè.org,,PME (10-50),B2B,Facebook Pages,,Actif,2026-06-29T00:14:35.823355,moyenne
BJ-1EE47812,Cabinet Formation,Services aux entreprises,Bantè,+229 97 74 72 72,cabinet.formation@cabinet.formation.org,cabinetformation.bj,TPE (<10),B2B,Facebook Pages,,Actif,2026-06-29T00:14:35.823367,haute
BJ-6654D2D3,Consulting Comptable Cabinet,Services aux entreprises,Bantè,+229 41 94 86 84,consulting.comptable.cabinet@consulting.comptable.cabinet.org,consultingcomptablecabinet.bj,PME (50-200),B2B,Facebook Pages,,Actif,2026-06-29T00:14:35.823378,haute
BJ-1185A303,Management,Services aux entreprises,Bantè,+229 56 75 19 40,management@management.net,management.bj,TPE (<10),B2B,Facebook Pages,,Actif,2026-06-29T00:14:35.823390,haute
BJ-B40B13B8,Conseil Audit,Services aux entreprises,Djougou,+229 52 99 21 61,conseil.audit@conseil.audit.benin,conseilaudit.bj,PME (10-50),B2B,Facebook Pages,,Actif,2026-06-29T00:14:35.823423,haute
BJ-EEC6F6F0,Communication Consulting,Services aux entreprises,Djougou,+229 93 64 97 85,communication.consulting@communication.consulting.net,,PME (10-50),B2B,Facebook Pages,,Actif,2026-06-29T00:14:35.823434,moyenne
BJ-6104B41E,Expert Stratégie,Services aux entreprises,Djougou,+229 61 93 47 23,expert.stratégie@expert.stratégie.net,,PME (10-50),B2B,Facebook Pages,,Actif,2026-06-29T00:14:35.823449,moyenne
BJ-39CF165B,Cabinet Formation Bureau,Services aux entreprises,Djougou,+229 62 76 90 29,,cabinetformationbureau.bj,TPE (<10),B2B,Facebook Pages,,Actif,2026-06-29T00:14:35.823461,moyenne
BJ-2748FE67,Consulting Consulting Cabinet,Services aux entreprises,Ouèssè,+229 60 60 58 80,,consultingconsultingcabinet.bj,PME (10-50),B2B,Facebook Pages,,Actif,2026-06-29T00:14:35.823479,moyenne
BJ-FB92E557,Agence Comptable,Services aux entreprises,Ouèssè,+229 85 77 16 66,,,PME (50-200),B2B,Facebook Pages,,Actif,2026-06-29T00:14:35.823489,basse
BJ-C367B5C2,Agence Conseil Ouèssè,Services aux entreprises,Ouèssè,+229 80 87 16 72,agence.conseil.ouèssè@agence.conseil.ouèssè.bj,agenceconseilouèssè.bj,Grande (>200),B2B,Facebook Pages,,Actif,2026-06-29T00:14:35.823502,haute
BJ-BD1C7004,Conseil,Services aux entreprises,Ouèssè,+229 55 48 16 13,conseil@conseil.com,,PME (50-200),B2B,Facebook Pages,,Actif,2026-06-29T00:14:35.823515,moyenne
BJ-16DD0FAD,Conseil Communication Ouèssè,Services aux entreprises,Ouèssè,+229 86 60 90 14,conseil.communication.ouèssè@conseil.communication.ouèssè.bj,conseilcommunicationouèssè.bj,Grande (>200),B2B,Facebook Pages,,Actif,2026-06-29T00:14:35.823528,haute
BJ-65BC440C,RH Consulting Bassila,Services aux entreprises,Bassila,+229 25 22 72 30,rh.consulting.bassila@rh.consulting.bassila.com,rhconsultingbassila.bj,PME (10-50),B2B,Facebook Pages,,Actif,2026-06-29T00:14:35.823546,haute
BJ-191B46F5,Business Bureau,Services aux entreprises,Bassila,+229 50 16 75 60,,businessbureau.bj,TPE (<10),B2B,Facebook Pages,,Actif,2026-06-29T00:14:35.823557,moyenne
BJ-82CA3DA3,Bureau RH Bassila,Services aux entreprises,Bassila,+229 78 94 53 68,bureau.rh.bassila@bureau.rh.bassila.net,bureaurhbassila.bj,Grande (>200),B2B,Facebook Pages,,Actif,2026-06-29T00:14:35.823573,haute
BJ-8C6785B2,Audit Africa,Services aux entreprises,Bassila,+229 41 18 77 94,audit.africa@audit.africa.bj,auditafrica.bj,PME (50-200),B2B,Facebook Pages,,Actif,2026-06-29T00:14:35.823588,haute
BJ-2FFB1177,Conseil Stratégie,Services aux entreprises,Bassila,+229 65 65 21 80,conseil.stratégie@conseil.stratégie.org,conseilstratégie.bj,PME (10-50),B2B,Facebook Pages,,Actif,2026-06-29T00:14:35.823602,haute
BJ-4A2460E9,Cabinet Juridique Bureau Pehunco,Services aux entreprises,Pehunco,+229 24 25 76 23,cabinet.juridique.bureau.pehunco@cabinet.juridique.bureau.pehunco.benin,cabinetjuridiquebureaupehunco.bj,PME (50-200),B2B,Facebook Pages,,Actif,2026-06-29T00:14:35.823620,haute
BJ-79EF3BFC,Conseil Stratégie,Services aux entreprises,Pehunco,+229 80 24 61 33,conseil.stratégie@conseil.stratégie.com,conseilstratégie.bj,TPE (<10),B2B,Facebook Pages,,Actif,2026-06-29T00:14:35.823634,haute
BJ-F1A53B4C,Cabinet RH International Pehunco,Services aux entreprises,Pehunco,+229 98 61 60 94,cabinet.rh.international.pehunco@cabinet.rh.international.pehunco.net,,TPE (<10),B2B,Facebook Pages,,Actif,2026-06-29T00:14:35.823649,moyenne
BJ-68186AC4,Conseil Expert International,Services aux entreprises,Pehunco,+229 50 13 45 51,conseil.expert.international@conseil.expert.international.org,conseilexpertinternational.bj,PME (50-200),B2B,Facebook Pages,,Actif,2026-06-29T00:14:35.823662,haute
BJ-996B0258,Bureau Expert,Services aux entreprises,Pehunco,+229 48 96 77 68,bureau.expert@bureau.expert.benin,,TPE (<10),B2B,Facebook Pages,,Actif,2026-06-29T00:14:35.823673,moyenne
BJ-4073E020,Expert RH Bureau,Services aux entreprises,Copargo,+229 43 76 72 34,expert.rh.bureau@expert.rh.bureau.benin,expertrhbureau.bj,TPE (<10),B2B,Facebook Pages,,Actif,2026-06-29T00:14:35.823691,haute
BJ-CC9C6B4A,Conseil RH Copargo,Services aux entreprises,Copargo,+229 62 59 12 98,conseil.rh.copargo@conseil.rh.copargo.com,conseilrhcopargo.bj,PME (10-50),B2B,Facebook Pages,,Actif,2026-06-29T00:14:35.823704,haute
BJ-58D8267B,Agence Management Advisory,Services aux entreprises,Copargo,+229 79 80 81 93,agence.management.advisory@agence.management.advisory.net,agencemanagementadvisory.bj,TPE (<10),B2B,Facebook Pages,,Actif,2026-06-29T00:14:35.823716,haute
BJ-984A1455,Cabinet Communication,Services aux entreprises,Copargo,+229 46 76 70 22,cabinet.communication@cabinet.communication.benin,cabinetcommunication.bj,PME (10-50),B2B,Facebook Pages,,Actif,2026-06-29T00:14:35.823730,haute
BJ-81869C0D,Formation,Services aux entreprises,Copargo,+229 91 46 17 81,formation@formation.com,,PME (50-200),B2B,Facebook Pages,,Actif,2026-06-29T00:14:35.823742,moyenne
BJ-E4434D04,Énergie Water,Énergie & Environnement,Cotonou,+229 24 73 87 45,,,PME (10-50),B2B,Facebook Pages,,Actif,2026-06-29T00:14:35.823760,basse
BJ-9A6BEF8C,Solaire,Énergie & Environnement,Cotonou,+229 76 84 19 17,solaire@solaire.com,solaire.bj,PME (10-50),B2B,Facebook Pages,,Actif,2026-06-29T00:14:35.823786,haute
BJ-BBE6D1A7,Énergie Solaire Cotonou,Énergie & Environnement,Cotonou,+229 24 49 98 47,énergie.solaire.cotonou@énergie.solaire.cotonou.bj,énergiesolairecotonou.bj,Grande (>200),B2B,Facebook Pages,,Actif,2026-06-29T00:14:35.823799,haute
BJ-1AF7414E,Clean SARL,Énergie & Environnement,Cotonou,+229 98 15 12 64,clean.sarl@clean.sarl.benin,cleansarl.bj,TPE (<10),B2C,Facebook Pages,,Actif,2026-06-29T00:14:35.823811,haute
BJ-45135883,Eau Vert,Énergie & Environnement,Cotonou,+229 39 90 73 91,eau.vert@eau.vert.org,eauvert.bj,TPE (<10),B2B,Facebook Pages,,Actif,2026-06-29T00:14:35.823822,haute
BJ-FA8B2E6C,Eau,Énergie & Environnement,Abomey-Calavi,+229 48 62 65 92,eau@eau.benin,,PME (10-50),B2B,Facebook Pages,,Actif,2026-06-29T00:14:35.823839,moyenne
BJ-1C27965D,Renouvelable Bénin,Énergie & Environnement,Abomey-Calavi,+229 72 92 45 14,renouvelable.bénin@renouvelable.bénin.bj,,PME (10-50),B2C,Facebook Pages,,Actif,2026-06-29T00:14:35.823852,moyenne
BJ-51AEE2B5,Solaire Africa Abomey-Calavi,Énergie & Environnement,Abomey-Calavi,+229 39 49 97 50,solaire.africa.abomeycalavi@solaire.africa.abomeycalavi.org,,PME (10-50),B2C,Facebook Pages,,Actif,2026-06-29T00:14:35.823867,moyenne
BJ-E28F3473,Power Renouvelable Water,Énergie & Environnement,Abomey-Calavi,+229 36 46 34 14,,powerrenouvelablewater.bj,PME (50-200),B2B,Facebook Pages,,Actif,2026-06-29T00:14:35.823880,moyenne
BJ-A84476A6,Énergie Eau Energy,Énergie & Environnement,Porto-Novo,+229 77 82 90 96,,énergieeauenergy.bj,TPE (<10),B2B,Facebook Pages,,Actif,2026-06-29T00:14:35.823923,moyenne
BJ-7028B694,Renouvelable Bénin,Énergie & Environnement,Porto-Novo,+229 50 35 17 11,,renouvelablebénin.bj,PME (50-200),B2C,Facebook Pages,,Actif,2026-06-29T00:14:35.823934,moyenne
BJ-703B800E,Clean,Énergie & Environnement,Porto-Novo,+229 32 85 13 97,clean@clean.com,,TPE (<10),B2C,Facebook Pages,,Actif,2026-06-29T00:14:35.823946,moyenne
BJ-1F37D3D4,Solar Hydraulique Water,Énergie & Environnement,Porto-Novo,+229 76 46 49 78,solar.hydraulique.water@solar.hydraulique.water.benin,,PME (50-200),B2B,Facebook Pages,,Actif,2026-06-29T00:14:35.823957,moyenne
BJ-6BB98BB2,Eau SARL,Énergie & Environnement,Porto-Novo,+229 49 35 28 49,,eausarl.bj,TPE (<10),B2B,Facebook Pages,,Actif,2026-06-29T00:14:35.823968,moyenne
BJ-BCBBA33D,Solaire,Énergie & Environnement,Parakou,+229 77 92 19 22,solaire@solaire.org,,TPE (<10),B2B,Facebook Pages,,Actif,2026-06-29T00:14:35.823984,moyenne
BJ-EB398260,Écologie,Énergie & Environnement,Parakou,+229 21 96 56 46,écologie@écologie.com,écologie.bj,TPE (<10),B2B,Facebook Pages,,Actif,2026-06-29T00:14:35.823996,haute
BJ-FEF8BF2C,Solar Eau Bénin Parakou,Énergie & Environnement,Parakou,+229 75 84 89 83,solar.eau.bénin.parakou@solar.eau.bénin.parakou.benin,solareaubéninparakou.bj,TPE (<10),B2B,Facebook Pages,,Actif,2026-06-29T00:14:35.824009,haute
BJ-BE696F2A,Environnement Solaire,Énergie & Environnement,Parakou,+229 71 42 79 91,environnement.solaire@environnement.solaire.bj,environnementsolaire.bj,PME (10-50),B2B,Facebook Pages,,Actif,2026-06-29T00:14:35.824024,haute
BJ-DD749AC1,Power Assainissement Power,Énergie & Environnement,Parakou,+229 85 87 47 30,,,TPE (<10),B2C,Facebook Pages,,Actif,2026-06-29T00:14:35.824035,basse
BJ-7C0A10B4,Énergie Environment,Énergie & Environnement,Bohicon,+229 25 21 61 39,,énergieenvironment.bj,PME (50-200),B2B,Facebook Pages,,Actif,2026-06-29T00:14:35.824052,moyenne
BJ-F8A1FA5A,Power,Énergie & Environnement,Bohicon,+229 38 30 65 89,,,PME (10-50),B2B,Facebook Pages,,Actif,2026-06-29T00:14:35.824062,basse
BJ-AB36D582,Solar Solaire Bénin,Énergie & Environnement,Bohicon,+229 86 97 11 26,solar.solaire.bénin@solar.solaire.bénin.org,solarsolairebénin.bj,PME (50-200),B2B,Facebook Pages,,Actif,2026-06-29T00:14:35.824075,haute
BJ-5CB18B2E,Éolien Écologie Solar,Énergie & Environnement,Bohicon,+229 89 18 95 24,éolien.écologie.solar@éolien.écologie.solar.bj,,TPE (<10),B2B,Facebook Pages,,Actif,2026-06-29T00:14:35.824087,moyenne
BJ-D0AC38B4,Clean Bohicon,Énergie & Environnement,Bohicon,+229 89 91 82 57,clean.bohicon@clean.bohicon.bj,,PME (10-50),B2C,Facebook Pages,,Actif,2026-06-29T00:14:35.824098,moyenne
BJ-3BFC226D,Environnement Power,Énergie & Environnement,Natitingou,+229 96 93 72 74,,,PME (10-50),B2B,Facebook Pages,,Actif,2026-06-29T00:14:35.824114,basse
BJ-09D31022,Eau Énergie Power,Énergie & Environnement,Natitingou,+229 66 43 25 70,,eauénergiepower.bj,PME (10-50),B2C,Facebook Pages,,Actif,2026-06-29T00:14:35.824140,moyenne
BJ-EE1E6DEF,Eau Durable Natitingou,Énergie & Environnement,Natitingou,+229 29 46 72 49,eau.durable.natitingou@eau.durable.natitingou.net,,PME (10-50),B2B,Facebook Pages,,Actif,2026-06-29T00:14:35.824155,moyenne
BJ-17FF7029,Eau Eau Energy,Énergie & Environnement,Natitingou,+229 65 34 86 74,eau.eau.energy@eau.eau.energy.benin,,TPE (<10),B2C,Facebook Pages,,Actif,2026-06-29T00:14:35.824183,moyenne
BJ-4A864B53,Hydraulique Energy,Énergie & Environnement,Lokossa,+229 54 33 97 78,hydraulique.energy@hydraulique.energy.benin,hydrauliqueenergy.bj,TPE (<10),B2C,Facebook Pages,,Actif,2026-06-29T00:14:35.824205,haute
BJ-594AC2C1,Éolien,Énergie & Environnement,Lokossa,+229 48 54 69 19,éolien@éolien.benin,éolien.bj,Grande (>200),B2C,Facebook Pages,,Actif,2026-06-29T00:14:35.824217,haute
BJ-5DE09BCF,Éolien Renouvelable,Énergie & Environnement,Lokossa,+229 92 64 20 29,éolien.renouvelable@éolien.renouvelable.org,éolienrenouvelable.bj,PME (10-50),B2B,Facebook Pages,,Actif,2026-06-29T00:14:35.824230,haute
BJ-770DF451,Environnement Eau Energy Lokossa,Énergie & Environnement,Lokossa,+229 26 30 78 13,environnement.eau.energy.lokossa@environnement.eau.energy.lokossa.org,,TPE (<10),B2B,Facebook Pages,,Actif,2026-06-29T00:14:35.824246,moyenne
BJ-186EBC1F,Éolien Water,Énergie & Environnement,Lokossa,+229 59 37 54 45,éolien.water@éolien.water.net,éolienwater.bj,Grande (>200),B2B,Facebook Pages,,Actif,2026-06-29T00:14:35.824259,haute
BJ-C4864E53,Power Africa,Énergie & Environnement,Ouidah,+229 39 94 57 81,,powerafrica.bj,Grande (>200),B2C,Facebook Pages,,Actif,2026-06-29T00:14:35.824276,moyenne
BJ-9D14E4DF,Eau Énergie Energy,Énergie & Environnement,Ouidah,+229 99 58 39 64,eau.énergie.energy@eau.énergie.energy.com,eauénergieenergy.bj,TPE (<10),B2B,Facebook Pages,,Actif,2026-06-29T00:14:35.824289,haute
BJ-21A3C7F7,Power,Énergie & Environnement,Ouidah,+229 93 89 68 72,,power.bj,PME (10-50),B2B,Facebook Pages,,Actif,2026-06-29T00:14:35.824300,moyenne
BJ-17E83441,Éolien,Énergie & Environnement,Ouidah,+229 35 26 73 70,éolien@éolien.net,éolien.bj,TPE (<10),B2C,Facebook Pages,,Actif,2026-06-29T00:14:35.824315,haute
BJ-B41F4881,Hydraulique,Énergie & Environnement,Ouidah,+229 28 43 97 12,hydraulique@hydraulique.org,,PME (10-50),B2C,Facebook Pages,,Actif,2026-06-29T00:14:35.824327,moyenne
BJ-70FD2E5C,Énergie Renouvelable Savalou,Énergie & Environnement,Savalou,+229 60 31 27 82,,énergierenouvelablesavalou.bj,TPE (<10),B2B,Facebook Pages,,Actif,2026-06-29T00:14:35.824344,moyenne
BJ-3835F2D1,Eau Environment Savalou,Énergie & Environnement,Savalou,+229 80 30 19 73,,eauenvironmentsavalou.bj,TPE (<10),B2C,Facebook Pages,,Actif,2026-06-29T00:14:35.824359,moyenne
BJ-2C978EFE,Environnement,Énergie & Environnement,Savalou,+229 21 45 21 29,environnement@environnement.com,,PME (10-50),B2C,Facebook Pages,,Actif,2026-06-29T00:14:35.824370,moyenne
BJ-75805F83,Durable,Énergie & Environnement,Savalou,+229 41 81 78 50,durable@durable.benin,durable.bj,PME (10-50),B2B,Facebook Pages,,Actif,2026-06-29T00:14:35.824381,haute
BJ-AD6F3449,Power,Énergie & Environnement,Savalou,+229 46 69 59 37,power@power.benin,power.bj,PME (50-200),B2B,Facebook Pages,,Actif,2026-06-29T00:14:35.824392,haute
BJ-3BF0889B,Vert Eau Environment,Énergie & Environnement,Dassa-Zoumè,+229 49 93 81 91,,,PME (50-200),B2B,Facebook Pages,,Actif,2026-06-29T00:14:35.824409,basse
BJ-3285982B,Écologie,Énergie & Environnement,Dassa-Zoumè,+229 38 36 44 58,écologie@écologie.com,,PME (10-50),B2C,Facebook Pages,,Actif,2026-06-29T00:14:35.824424,moyenne
BJ-DF37837D,Power Environnement,Énergie & Environnement,Dassa-Zoumè,+229 75 15 84 66,power.environnement@power.environnement.net,powerenvironnement.bj,Grande (>200),B2C,Facebook Pages,,Actif,2026-06-29T00:14:35.824437,haute
BJ-C7379307,Environnement Hydraulique,Énergie & Environnement,Dassa-Zoumè,+229 21 19 45 97,environnement.hydraulique@environnement.hydraulique.net,environnementhydraulique.bj,PME (50-200),B2C,Facebook Pages,,Actif,2026-06-29T00:14:35.824452,haute
BJ-29A88790,Vert Écologie,Énergie & Environnement,Dassa-Zoumè,+229 39 86 99 64,vert.écologie@vert.écologie.com,,PME (10-50),B2B,Facebook Pages,,Actif,2026-06-29T00:14:35.824464,moyenne
BJ-B1BDDA98,Eau Renouvelable Power,Énergie & Environnement,Kétou,+229 23 28 86 85,eau.renouvelable.power@eau.renouvelable.power.org,,PME (10-50),B2C,Facebook Pages,,Actif,2026-06-29T00:14:35.824484,moyenne
BJ-78A4FD9D,Solaire Kétou,Énergie & Environnement,Kétou,+229 51 84 83 27,solaire.kétou@solaire.kétou.org,,PME (10-50),B2C,Facebook Pages,,Actif,2026-06-29T00:14:35.824497,moyenne
BJ-EB0CD0E2,Énergie Hydraulique Solar,Énergie & Environnement,Kétou,+229 48 65 38 20,énergie.hydraulique.solar@énergie.hydraulique.solar.benin,,PME (50-200),B2B,Facebook Pages,,Actif,2026-06-29T00:14:35.824508,moyenne
BJ-0A7EFE5B,Éolien Durable,Énergie & Environnement,Kétou,+229 51 78 10 97,éolien.durable@éolien.durable.bj,,TPE (<10),B2B,Facebook Pages,,Actif,2026-06-29T00:14:35.824521,moyenne
BJ-EE7DD4B2,Eau Water,Énergie & Environnement,Kétou,+229 60 46 39 74,eau.water@eau.water.com,eauwater.bj,PME (50-200),B2B,Facebook Pages,,Actif,2026-06-29T00:14:35.824533,haute
BJ-4606E103,Énergie Environnement Water Covè,Énergie & Environnement,Covè,+229 40 19 69 47,énergie.environnement.water.covè@énergie.environnement.water.covè.net,,Grande (>200),B2C,Facebook Pages,,Actif,2026-06-29T00:14:35.824551,moyenne
BJ-11A416F5,Solar Eau Energy,Énergie & Environnement,Covè,+229 75 87 67 74,solar.eau.energy@solar.eau.energy.com,,Grande (>200),B2B,Facebook Pages,,Actif,2026-06-29T00:14:35.824562,moyenne
BJ-6053CF0A,Power Éolien SARL,Énergie & Environnement,Covè,+229 42 40 15 54,power.éolien.sarl@power.éolien.sarl.com,poweréoliensarl.bj,PME (10-50),B2B,Facebook Pages,,Actif,2026-06-29T00:14:35.824600,haute
BJ-2F34FC5A,Vert Renouvelable,Énergie & Environnement,Covè,+229 41 22 11 68,vert.renouvelable@vert.renouvelable.org,vertrenouvelable.bj,PME (50-200),B2B,Facebook Pages,,Actif,2026-06-29T00:14:35.824612,haute
BJ-2C5BA122,Vert,Énergie & Environnement,Pobè,+229 61 51 76 44,vert@vert.org,vert.bj,PME (10-50),B2C,Facebook Pages,,Actif,2026-06-29T00:14:35.824630,haute
BJ-81ADE2D6,Power,Énergie & Environnement,Pobè,+229 97 55 48 39,,power.bj,TPE (<10),B2B,Facebook Pages,,Actif,2026-06-29T00:14:35.824640,moyenne
BJ-4C344352,Éolien Clean Pobè,Énergie & Environnement,Pobè,+229 65 46 60 80,,éoliencleanpobè.bj,PME (10-50),B2B,Facebook Pages,,Actif,2026-06-29T00:14:35.824652,moyenne
BJ-55A05E51,Éolien Renouvelable Africa,Énergie & Environnement,Pobè,+229 44 79 49 68,éolien.renouvelable.africa@éolien.renouvelable.africa.com,,TPE (<10),B2C,Facebook Pages,,Actif,2026-06-29T00:14:35.824664,moyenne
BJ-2F96B908,Énergie Vert Power,Énergie & Environnement,Pobè,+229 66 88 51 86,,énergievertpower.bj,PME (50-200),B2C,Facebook Pages,,Actif,2026-06-29T00:14:35.824674,moyenne
BJ-4D837FBA,Eau Power,Énergie & Environnement,Sakété,+229 37 80 47 36,,eaupower.bj,PME (50-200),B2B,Facebook Pages,,Actif,2026-06-29T00:14:35.824691,moyenne
BJ-F811687B,Éolien Renouvelable,Énergie & Environnement,Sakété,+229 73 49 92 30,éolien.renouvelable@éolien.renouvelable.net,éolienrenouvelable.bj,TPE (<10),B2B,Facebook Pages,,Actif,2026-06-29T00:14:35.824703,haute
BJ-915FE2E2,Eau Hydraulique,Énergie & Environnement,Sakété,+229 78 32 66 79,,,PME (10-50),B2B,Facebook Pages,,Actif,2026-06-29T00:14:35.824713,basse
BJ-DDA36625,Éolien Durable Power,Énergie & Environnement,Sakété,+229 55 48 29 19,éolien.durable.power@éolien.durable.power.net,éoliendurablepower.bj,TPE (<10),B2B,Facebook Pages,,Actif,2026-06-29T00:14:35.824728,haute
BJ-8F4D194B,Assainissement Sakété,Énergie & Environnement,Sakété,+229 41 18 59 13,assainissement.sakété@assainissement.sakété.org,,PME (50-200),B2B,Facebook Pages,,Actif,2026-06-29T00:14:35.824740,moyenne
BJ-11ED20F1,Vert Solaire Bénin,Énergie & Environnement,Adjara,+229 76 79 80 66,vert.solaire.bénin@vert.solaire.bénin.benin,vertsolairebénin.bj,PME (50-200),B2B,Facebook Pages,,Actif,2026-06-29T00:14:35.824758,haute
BJ-D3038878,Solar Durable,Énergie & Environnement,Adjara,+229 48 14 59 24,,solardurable.bj,TPE (<10),B2C,Facebook Pages,,Actif,2026-06-29T00:14:35.824770,moyenne
BJ-422749AE,Vert Hydraulique,Énergie & Environnement,Adjara,+229 71 77 17 59,,verthydraulique.bj,TPE (<10),B2C,Facebook Pages,,Actif,2026-06-29T00:14:35.824780,moyenne
BJ-35D4E789,Énergie Renouvelable Solar,Énergie & Environnement,Adjara,+229 32 53 45 85,,,PME (10-50),B2B,Facebook Pages,,Actif,2026-06-29T00:14:35.824791,basse
BJ-1E68232A,Énergie Écologie,Énergie & Environnement,Adjara,+229 60 38 72 49,,,TPE (<10),B2B,Facebook Pages,,Actif,2026-06-29T00:14:35.824805,basse
BJ-D424B30A,Clean,Énergie & Environnement,Allada,+229 30 86 43 18,clean@clean.benin,,PME (10-50),B2C,Facebook Pages,,Actif,2026-06-29T00:14:35.824822,moyenne
BJ-670EFC91,Power,Énergie & Environnement,Allada,+229 54 25 17 58,power@power.org,power.bj,TPE (<10),B2B,Facebook Pages,,Actif,2026-06-29T00:14:35.824833,haute
BJ-8798A774,Écologie Power,Énergie & Environnement,Allada,+229 89 79 18 92,,écologiepower.bj,PME (10-50),B2B,Facebook Pages,,Actif,2026-06-29T00:14:35.824845,moyenne
BJ-BD3480B0,Solar Hydraulique SARL,Énergie & Environnement,Allada,+229 65 27 79 48,,solarhydrauliquesarl.bj,TPE (<10),B2B,Facebook Pages,,Actif,2026-06-29T00:14:35.824859,moyenne
BJ-810B3767,Solar Assainissement,Énergie & Environnement,Allada,+229 37 48 88 27,,,PME (50-200),B2B,Facebook Pages,,Actif,2026-06-29T00:14:35.824869,basse
BJ-81A913DE,Énergie Environment,Énergie & Environnement,Aplahoué,+229 24 43 91 54,énergie.environment@énergie.environment.com,énergieenvironment.bj,PME (10-50),B2C,Facebook Pages,,Actif,2026-06-29T00:14:35.824887,haute
BJ-49AF5C84,Power Vert Africa,Énergie & Environnement,Aplahoué,+229 50 90 44 28,power.vert.africa@power.vert.africa.bj,powervertafrica.bj,PME (10-50),B2B,Facebook Pages,,Actif,2026-06-29T00:14:35.824909,haute
BJ-C854BABA,Éolien Aplahoué,Énergie & Environnement,Aplahoué,+229 99 63 41 86,éolien.aplahoué@éolien.aplahoué.bj,éolienaplahoué.bj,PME (50-200),B2C,Facebook Pages,,Actif,2026-06-29T00:14:35.824926,haute
BJ-C7F24A6E,Éolien,Énergie & Environnement,Aplahoué,+229 78 51 83 14,,,PME (10-50),B2B,Facebook Pages,,Actif,2026-06-29T00:14:35.824937,basse
BJ-49AECA3D,Énergie Écologie Solar,Énergie & Environnement,Aplahoué,+229 78 71 86 37,,énergieécologiesolar.bj,PME (50-200),B2B,Facebook Pages,,Actif,2026-06-29T00:14:35.824948,moyenne
BJ-23BDB49D,Environnement Power,Énergie & Environnement,Dogbo-Tota,+229 70 63 41 61,environnement.power@environnement.power.benin,environnementpower.bj,PME (10-50),B2B,Facebook Pages,,Actif,2026-06-29T00:14:35.824967,haute
BJ-DDF3366A,Écologie,Énergie & Environnement,Dogbo-Tota,+229 25 59 78 13,écologie@écologie.bj,écologie.bj,TPE (<10),B2C,Facebook Pages,,Actif,2026-06-29T00:14:35.824980,haute
BJ-7842336B,Renouvelable Energy Dogbo-Tota,Énergie & Environnement,Dogbo-Tota,+229 38 26 28 69,renouvelable.energy.dogbotota@renouvelable.energy.dogbotota.benin,,TPE (<10),B2C,Facebook Pages,,Actif,2026-06-29T00:14:35.824991,moyenne
BJ-E81DF32E,Eau Solar,Énergie & Environnement,Dogbo-Tota,+229 88 41 30 98,eau.solar@eau.solar.net,eausolar.bj,PME (50-200),B2B,Facebook Pages,,Actif,2026-06-29T00:14:35.825007,haute
BJ-96F56DE5,Durable Environment,Énergie & Environnement,Dogbo-Tota,+229 93 25 27 98,,durableenvironment.bj,TPE (<10),B2C,Facebook Pages,,Actif,2026-06-29T00:14:35.825022,moyenne
BJ-7CAF1414,Vert Renouvelable,Énergie & Environnement,Kpomassè,+229 89 91 69 53,vert.renouvelable@vert.renouvelable.org,vertrenouvelable.bj,PME (10-50),B2B,Facebook Pages,,Actif,2026-06-29T00:14:35.825040,haute
BJ-0AEB7C8F,Environnement Bénin,Énergie & Environnement,Kpomassè,+229 51 93 77 34,,environnementbénin.bj,TPE (<10),B2C,Facebook Pages,,Actif,2026-06-29T00:14:35.825052,moyenne
BJ-D38C96D8,Solaire Environment,Énergie & Environnement,Kpomassè,+229 29 64 28 31,solaire.environment@solaire.environment.bj,solaireenvironment.bj,PME (10-50),B2B,Facebook Pages,,Actif,2026-06-29T00:14:35.825064,haute
BJ-3DCC5810,Renouvelable Solar,Énergie & Environnement,Kpomassè,+229 22 52 48 97,,renouvelablesolar.bj,TPE (<10),B2B,Facebook Pages,,Actif,2026-06-29T00:14:35.825074,moyenne
BJ-A517CC17,Assainissement SARL Kpomassè,Énergie & Environnement,Kpomassè,+229 76 95 27 78,,,TPE (<10),B2C,Facebook Pages,,Actif,2026-06-29T00:14:35.825085,basse
BJ-75A099E6,Environnement Renouvelable SARL,Énergie & Environnement,Tori-Bossito,+229 81 85 32 74,environnement.renouvelable.sarl@environnement.renouvelable.sarl.net,,PME (10-50),B2C,Facebook Pages,,Actif,2026-06-29T00:14:35.825103,moyenne
BJ-29E3DAB4,Clean Environment,Énergie & Environnement,Tori-Bossito,+229 73 32 41 68,,cleanenvironment.bj,PME (10-50),B2C,Facebook Pages,,Actif,2026-06-29T00:14:35.825114,moyenne
BJ-1D74EAEB,Vert Vert SARL,Énergie & Environnement,Tori-Bossito,+229 80 59 77 31,,vertvertsarl.bj,PME (10-50),B2B,Facebook Pages,,Actif,2026-06-29T00:14:35.825125,moyenne
BJ-614B32F4,Renouvelable SARL,Énergie & Environnement,Tori-Bossito,+229 65 44 83 46,,,TPE (<10),B2B,Facebook Pages,,Actif,2026-06-29T00:14:35.825138,basse
BJ-09AEA9AC,Éolien Power SARL,Énergie & Environnement,Tori-Bossito,+229 25 67 12 40,,éolienpowersarl.bj,TPE (<10),B2C,Facebook Pages,,Actif,2026-06-29T00:14:35.825150,moyenne
BJ-3786447E,Eau Power,Énergie & Environnement,Grand-Popo,+229 25 30 28 35,eau.power@eau.power.benin,eaupower.bj,TPE (<10),B2B,Facebook Pages,,Actif,2026-06-29T00:14:35.825167,haute
BJ-083EA4B0,Écologie Bénin,Énergie & Environnement,Grand-Popo,+229 99 76 90 94,écologie.bénin@écologie.bénin.net,écologiebénin.bj,PME (10-50),B2B,Facebook Pages,,Actif,2026-06-29T00:14:35.825180,haute
BJ-10193584,Durable Water,Énergie & Environnement,Grand-Popo,+229 84 10 70 14,durable.water@durable.water.bj,,PME (10-50),B2C,Facebook Pages,,Actif,2026-06-29T00:14:35.825191,moyenne
BJ-C6307E2D,Éolien Assainissement Environment,Énergie & Environnement,Grand-Popo,+229 54 20 11 20,éolien.assainissement.environment@éolien.assainissement.environment.bj,éolienassainissementenvironment.bj,PME (50-200),B2C,Facebook Pages,,Actif,2026-06-29T00:14:35.825205,haute
BJ-B798DDCB,Hydraulique Power,Énergie & Environnement,Grand-Popo,+229 32 48 84 69,hydraulique.power@hydraulique.power.com,hydrauliquepower.bj,TPE (<10),B2B,Facebook Pages,,Actif,2026-06-29T00:14:35.825220,haute
BJ-5739E3BC,Solaire,Énergie & Environnement,Athiémé,+229 63 59 43 53,,,TPE (<10),B2C,Facebook Pages,,Actif,2026-06-29T00:14:35.825237,basse
BJ-44B24AFD,Éolien Africa,Énergie & Environnement,Athiémé,+229 54 61 45 83,éolien.africa@éolien.africa.com,éolienafrica.bj,PME (10-50),B2C,Facebook Pages,,Actif,2026-06-29T00:14:35.825250,haute
BJ-BBFF8623,Eau Power Bénin,Énergie & Environnement,Athiémé,+229 61 67 77 15,eau.power.bénin@eau.power.bénin.org,,TPE (<10),B2C,Facebook Pages,,Actif,2026-06-29T00:14:35.825262,moyenne
BJ-8E94BC16,Solar Éolien SARL,Énergie & Environnement,Athiémé,+229 68 69 98 98,solar.éolien.sarl@solar.éolien.sarl.net,solaréoliensarl.bj,TPE (<10),B2B,Facebook Pages,,Actif,2026-06-29T00:14:35.825280,haute
BJ-274B622B,Vert Énergie Bopa,Énergie & Environnement,Bopa,+229 47 67 64 45,vert.énergie.bopa@vert.énergie.bopa.com,verténergiebopa.bj,TPE (<10),B2C,Facebook Pages,,Actif,2026-06-29T00:14:35.825311,haute
BJ-09316EAA,Eau Solaire Africa,Énergie & Environnement,Bopa,+229 90 19 96 60,,eausolaireafrica.bj,Grande (>200),B2C,Facebook Pages,,Actif,2026-06-29T00:14:35.825323,moyenne
BJ-5269B28A,Solar Écologie Water Bopa,Énergie & Environnement,Bopa,+229 23 48 31 51,solar.écologie.water.bopa@solar.écologie.water.bopa.bj,,TPE (<10),B2B,Facebook Pages,,Actif,2026-06-29T00:14:35.825334,moyenne
BJ-EE6A8514,Power Renouvelable Bénin,Énergie & Environnement,Bopa,+229 56 74 45 17,power.renouvelable.bénin@power.renouvelable.bénin.org,powerrenouvelablebénin.bj,PME (50-200),B2B,Facebook Pages,,Actif,2026-06-29T00:14:35.825347,haute
BJ-C95826A5,Environnement Bopa,Énergie & Environnement,Bopa,+229 72 59 53 53,environnement.bopa@environnement.bopa.org,environnementbopa.bj,PME (50-200),B2B,Facebook Pages,,Actif,2026-06-29T00:14:35.825359,haute
BJ-AA8D06B3,Énergie,Énergie & Environnement,Houéyogbé,+229 21 24 92 80,,énergie.bj,PME (10-50),B2B,Facebook Pages,,Actif,2026-06-29T00:14:35.825376,moyenne
BJ-9AB57F4D,Énergie Renouvelable,Énergie & Environnement,Houéyogbé,+229 51 67 15 97,énergie.renouvelable@énergie.renouvelable.benin,,TPE (<10),B2C,Facebook Pages,,Actif,2026-06-29T00:14:35.825388,moyenne
BJ-BCAD9792,Énergie Solaire Environment Houéyogbé,Énergie & Environnement,Houéyogbé,+229 51 66 86 58,,énergiesolaireenvironmenthouéyogbé.bj,PME (10-50),B2B,Facebook Pages,,Actif,2026-06-29T00:14:35.825400,moyenne
BJ-AE6269D4,Éolien,Énergie & Environnement,Houéyogbé,+229 33 76 88 15,éolien@éolien.org,,PME (10-50),B2B,Facebook Pages,,Actif,2026-06-29T00:14:35.825415,moyenne
BJ-1ECB01B8,Renouvelable Houéyogbé,Énergie & Environnement,Houéyogbé,+229 74 36 23 67,renouvelable.houéyogbé@renouvelable.houéyogbé.bj,,TPE (<10),B2C,Facebook Pages,,Actif,2026-06-29T00:14:35.825427,moyenne
BJ-81493638,Eau Énergie,Énergie & Environnement,Malanville,+229 25 84 69 51,,eauénergie.bj,Grande (>200),B2B,Facebook Pages,,Actif,2026-06-29T00:14:35.825445,moyenne
BJ-2F5C1FC9,Solar Durable,Énergie & Environnement,Malanville,+229 97 60 41 83,solar.durable@solar.durable.benin,solardurable.bj,TPE (<10),B2C,Facebook Pages,,Actif,2026-06-29T00:14:35.825457,haute
BJ-30F2F943,Éolien Renouvelable Malanville,Énergie & Environnement,Malanville,+229 92 62 68 85,éolien.renouvelable.malanville@éolien.renouvelable.malanville.org,éolienrenouvelablemalanville.bj,PME (10-50),B2C,Facebook Pages,,Actif,2026-06-29T00:14:35.825473,haute
BJ-ED139BF6,Solar Hydraulique,Énergie & Environnement,Malanville,+229 87 38 82 59,solar.hydraulique@solar.hydraulique.net,solarhydraulique.bj,TPE (<10),B2C,Facebook Pages,,Actif,2026-06-29T00:14:35.825485,haute
BJ-C16F4AFC,Durable Bénin,Énergie & Environnement,Malanville,+229 26 59 91 37,durable.bénin@durable.bénin.benin,,TPE (<10),B2B,Facebook Pages,,Actif,2026-06-29T00:14:35.825496,moyenne
BJ-72896627,Environnement SARL Kandi,Énergie & Environnement,Kandi,+229 45 58 37 30,,environnementsarlkandi.bj,PME (10-50),B2C,Facebook Pages,,Actif,2026-06-29T00:14:35.825513,moyenne
BJ-03B2DE39,Eau Écologie Bénin,Énergie & Environnement,Kandi,+229 89 32 47 47,eau.écologie.bénin@eau.écologie.bénin.org,,TPE (<10),B2B,Facebook Pages,,Actif,2026-06-29T00:14:35.825541,moyenne
BJ-5550EEDA,Solar Assainissement Power,Énergie & Environnement,Kandi,+229 38 59 29 81,,solarassainissementpower.bj,TPE (<10),B2B,Facebook Pages,,Actif,2026-06-29T00:14:35.825552,moyenne
BJ-31782BEA,Solar Assainissement SARL,Énergie & Environnement,Kandi,+229 51 19 48 53,solar.assainissement.sarl@solar.assainissement.sarl.com,solarassainissementsarl.bj,PME (50-200),B2B,Facebook Pages,,Actif,2026-06-29T00:14:35.825566,haute
BJ-961FDCD6,Environnement Solar,Énergie & Environnement,Kandi,+229 32 38 42 17,environnement.solar@environnement.solar.benin,environnementsolar.bj,PME (50-200),B2C,Facebook Pages,,Actif,2026-06-29T00:14:35.825578,haute
BJ-3EBBA392,Eau Éolien Water,Énergie & Environnement,Banikoara,+229 59 77 24 81,eau.éolien.water@eau.éolien.water.com,eauéolienwater.bj,PME (10-50),B2B,Facebook Pages,,Actif,2026-06-29T00:14:35.825596,haute
BJ-41A1BB9A,Power,Énergie & Environnement,Banikoara,+229 86 44 95 87,,power.bj,Grande (>200),B2C,Facebook Pages,,Actif,2026-06-29T00:14:35.825607,moyenne
BJ-40F0C304,Environnement Clean,Énergie & Environnement,Banikoara,+229 24 67 43 94,environnement.clean@environnement.clean.bj,environnementclean.bj,PME (50-200),B2C,Facebook Pages,,Actif,2026-06-29T00:14:35.825619,haute
BJ-6885CAD6,Assainissement Energy,Énergie & Environnement,Banikoara,+229 90 58 85 21,,,PME (50-200),B2C,Facebook Pages,,Actif,2026-06-29T00:14:35.825630,basse
BJ-EDC00160,Énergie Environnement Bénin Banikoara,Énergie & Environnement,Banikoara,+229 58 22 15 18,,énergieenvironnementbéninbanikoara.bj,PME (10-50),B2C,Facebook Pages,,Actif,2026-06-29T00:14:35.825645,moyenne
BJ-B7654E1E,Power Assainissement,Énergie & Environnement,Ségbana,+229 91 55 94 15,,powerassainissement.bj,TPE (<10),B2B,Facebook Pages,,Actif,2026-06-29T00:14:35.825662,moyenne
BJ-08A02813,Power,Énergie & Environnement,Ségbana,+229 35 29 49 70,power@power.benin,power.bj,Grande (>200),B2B,Facebook Pages,,Actif,2026-06-29T00:14:35.825673,haute
BJ-8C139BD8,Éolien Assainissement,Énergie & Environnement,Ségbana,+229 54 74 66 41,,éolienassainissement.bj,PME (50-200),B2C,Facebook Pages,,Actif,2026-06-29T00:14:35.825688,moyenne
BJ-B28B8468,Éolien Eau,Énergie & Environnement,Ségbana,+229 40 86 63 70,,éolieneau.bj,TPE (<10),B2B,Facebook Pages,,Actif,2026-06-29T00:14:35.825719,moyenne
BJ-EE0DE3E0,Énergie,Énergie & Environnement,Karimama,+229 89 29 10 73,énergie@énergie.com,énergie.bj,Grande (>200),B2B,Facebook Pages,,Actif,2026-06-29T00:14:35.825736,haute
BJ-2DCCFAB1,Eau Éolien SARL,Énergie & Environnement,Karimama,+229 77 36 23 16,eau.éolien.sarl@eau.éolien.sarl.com,eauéoliensarl.bj,TPE (<10),B2C,Facebook Pages,,Actif,2026-06-29T00:14:35.825749,haute
BJ-A21D7955,Renouvelable Solar Karimama,Énergie & Environnement,Karimama,+229 84 51 80 45,,,PME (10-50),B2B,Facebook Pages,,Actif,2026-06-29T00:14:35.825760,basse
BJ-E58FB088,Eau Environnement,Énergie & Environnement,Karimama,+229 46 28 80 34,eau.environnement@eau.environnement.benin,,PME (10-50),B2C,Facebook Pages,,Actif,2026-06-29T00:14:35.825771,moyenne
BJ-45324F1B,Power Environment,Énergie & Environnement,Karimama,+229 87 23 31 89,power.environment@power.environment.bj,,TPE (<10),B2C,Facebook Pages,,Actif,2026-06-29T00:14:35.825782,moyenne
BJ-24EF8F12,Power Assainissement,Énergie & Environnement,Gogounou,+229 79 96 30 86,power.assainissement@power.assainissement.benin,powerassainissement.bj,PME (50-200),B2C,Facebook Pages,,Actif,2026-06-29T00:14:35.825799,haute
BJ-46814568,Solar Vert Environment,Énergie & Environnement,Gogounou,+229 99 26 93 23,,solarvertenvironment.bj,PME (50-200),B2C,Facebook Pages,,Actif,2026-06-29T00:14:35.825809,moyenne
BJ-CDDA4D49,Hydraulique Environment Gogounou,Énergie & Environnement,Gogounou,+229 59 39 35 35,hydraulique.environment.gogounou@hydraulique.environment.gogounou.org,,PME (10-50),B2B,Facebook Pages,,Actif,2026-06-29T00:14:35.825820,moyenne
BJ-0895D451,Environnement,Énergie & Environnement,Gogounou,+229 83 74 68 27,environnement@environnement.benin,environnement.bj,Grande (>200),B2C,Facebook Pages,,Actif,2026-06-29T00:14:35.825835,haute
BJ-E9931673,Eau Écologie Africa Gogounou,Énergie & Environnement,Gogounou,+229 34 65 76 85,eau.écologie.africa.gogounou@eau.écologie.africa.gogounou.bj,,PME (10-50),B2B,Facebook Pages,,Actif,2026-06-29T00:14:35.825847,moyenne
BJ-F0CED618,Vert Hydraulique SARL,Énergie & Environnement,Cobly,+229 55 38 81 49,,verthydrauliquesarl.bj,PME (10-50),B2B,Facebook Pages,,Actif,2026-06-29T00:14:35.825867,moyenne
BJ-B68EF110,Assainissement Environment,Énergie & Environnement,Cobly,+229 39 82 18 97,,assainissementenvironment.bj,TPE (<10),B2B,Facebook Pages,,Actif,2026-06-29T00:14:35.825878,moyenne
BJ-B02EC1E9,Durable Power,Énergie & Environnement,Cobly,+229 34 19 96 11,durable.power@durable.power.bj,durablepower.bj,TPE (<10),B2B,Facebook Pages,,Actif,2026-06-29T00:14:35.825901,haute
BJ-176326BD,Eau Power Cobly,Énergie & Environnement,Cobly,+229 20 16 76 51,eau.power.cobly@eau.power.cobly.com,,PME (50-200),B2B,Facebook Pages,,Actif,2026-06-29T00:14:35.825934,moyenne
BJ-489A59E9,Éolien Power Cobly,Énergie & Environnement,Cobly,+229 94 85 42 88,,éolienpowercobly.bj,PME (10-50),B2B,Facebook Pages,,Actif,2026-06-29T00:14:35.825960,moyenne
BJ-CB1FA8A4,Vert,Énergie & Environnement,Tanguiéta,+229 82 68 20 85,vert@vert.org,,PME (50-200),B2C,Facebook Pages,,Actif,2026-06-29T00:14:35.826000,moyenne
BJ-D297A0D9,Durable Power,Énergie & Environnement,Tanguiéta,+229 82 64 66 61,durable.power@durable.power.com,durablepower.bj,TPE (<10),B2C,Facebook Pages,,Actif,2026-06-29T00:14:35.826034,haute
BJ-4A47D3E4,Écologie,Énergie & Environnement,Tanguiéta,+229 90 29 25 72,,,PME (10-50),B2B,Facebook Pages,,Actif,2026-06-29T00:14:35.826058,basse
BJ-82B4D29F,Éolien Assainissement,Énergie & Environnement,Tanguiéta,+229 98 89 40 10,éolien.assainissement@éolien.assainissement.bj,,PME (50-200),B2B,Facebook Pages,,Actif,2026-06-29T00:14:35.826090,moyenne
BJ-C3C7509D,Renouvelable,Énergie & Environnement,Tanguiéta,+229 42 37 69 63,renouvelable@renouvelable.net,,PME (50-200),B2C,Facebook Pages,,Actif,2026-06-29T00:14:35.826117,moyenne
BJ-5154ED9C,Éolien Solaire Environment,Énergie & Environnement,Matéri,+229 42 42 17 83,éolien.solaire.environment@éolien.solaire.environment.benin,,PME (10-50),B2C,Facebook Pages,,Actif,2026-06-29T00:14:35.826164,moyenne
BJ-A00442C0,Power Durable SARL,Énergie & Environnement,Matéri,+229 48 44 86 70,,powerdurablesarl.bj,PME (10-50),B2C,Facebook Pages,,Actif,2026-06-29T00:14:35.826192,moyenne
BJ-C861B4B0,Assainissement Solar,Énergie & Environnement,Matéri,+229 84 60 45 38,assainissement.solar@assainissement.solar.net,,PME (10-50),B2B,Facebook Pages,,Actif,2026-06-29T00:14:35.826221,moyenne
BJ-2BF4E747,Power,Énergie & Environnement,Matéri,+229 52 64 34 90,power@power.org,power.bj,PME (10-50),B2C,Facebook Pages,,Actif,2026-06-29T00:14:35.826254,haute
BJ-BE67623A,Clean Matéri,Énergie & Environnement,Matéri,+229 45 58 15 97,clean.matéri@clean.matéri.benin,,PME (10-50),B2C,Facebook Pages,,Actif,2026-06-29T00:14:35.826288,moyenne
BJ-B7A211EA,Power Bénin,Énergie & Environnement,Natitingou,+229 28 94 51 90,,powerbénin.bj,Grande (>200),B2B,Facebook Pages,,Actif,2026-06-29T00:14:35.826329,moyenne
BJ-8E5EE31F,Hydraulique,Énergie & Environnement,Natitingou,+229 72 86 44 42,hydraulique@hydraulique.net,,PME (50-200),B2C,Facebook Pages,,Actif,2026-06-29T00:14:35.826358,moyenne
BJ-3AE240BC,Eau Eau Power,Énergie & Environnement,Natitingou,+229 43 36 81 30,eau.eau.power@eau.eau.power.benin,eaueaupower.bj,PME (50-200),B2C,Facebook Pages,,Actif,2026-06-29T00:14:35.826381,haute
BJ-6DC1F597,Vert,Énergie & Environnement,Natitingou,+229 63 14 20 55,vert@vert.benin,vert.bj,TPE (<10),B2C,Facebook Pages,,Actif,2026-06-29T00:14:35.826440,haute
BJ-C2E4F6AA,Renouvelable Solar,Énergie & Environnement,Toucountouna,+229 32 89 22 26,,renouvelablesolar.bj,TPE (<10),B2B,Facebook Pages,,Actif,2026-06-29T00:14:35.826478,moyenne
BJ-6BDCB3C9,Éolien Environnement,Énergie & Environnement,Toucountouna,+229 60 82 33 97,éolien.environnement@éolien.environnement.benin,éolienenvironnement.bj,PME (10-50),B2B,Facebook Pages,,Actif,2026-06-29T00:14:35.826507,haute
BJ-4540DD2A,Clean Power,Énergie & Environnement,Toucountouna,+229 70 82 50 12,clean.power@clean.power.bj,cleanpower.bj,TPE (<10),B2C,Facebook Pages,,Actif,2026-06-29T00:14:35.826530,haute
BJ-D9FA33AA,Power Vert Solar,Énergie & Environnement,Toucountouna,+229 30 13 79 48,power.vert.solar@power.vert.solar.bj,,Grande (>200),B2C,Facebook Pages,,Actif,2026-06-29T00:14:35.826550,moyenne
BJ-80AB272F,Éolien Vert,Énergie & Environnement,Toucountouna,+229 39 99 49 74,,,PME (10-50),B2C,Facebook Pages,,Actif,2026-06-29T00:14:35.826569,basse
BJ-0A11D173,Power Assainissement,Énergie & Environnement,Boukoumbé,+229 49 82 92 90,power.assainissement@power.assainissement.bj,,TPE (<10),B2B,Facebook Pages,,Actif,2026-06-29T00:14:35.826600,moyenne
BJ-F1F81138,Solaire Water,Énergie & Environnement,Boukoumbé,+229 69 15 49 30,solaire.water@solaire.water.bj,,TPE (<10),B2C,Facebook Pages,,Actif,2026-06-29T00:14:35.826620,moyenne
BJ-B6197435,Hydraulique,Énergie & Environnement,Boukoumbé,+229 61 87 21 50,hydraulique@hydraulique.net,,PME (10-50),B2C,Facebook Pages,,Actif,2026-06-29T00:14:35.826641,moyenne
BJ-9078B224,Eau Boukoumbé,Énergie & Environnement,Boukoumbé,+229 39 16 54 42,eau.boukoumbé@eau.boukoumbé.com,,TPE (<10),B2C,Facebook Pages,,Actif,2026-06-29T00:14:35.826668,moyenne
BJ-AF98278B,Éolien Solar,Énergie & Environnement,Boukoumbé,+229 40 59 19 83,éolien.solar@éolien.solar.bj,éoliensolar.bj,PME (10-50),B2C,Facebook Pages,,Actif,2026-06-29T00:14:35.826695,haute
BJ-637B7880,Éolien Renouvelable,Énergie & Environnement,Kouandé,+229 37 74 70 52,,,PME (50-200),B2B,Facebook Pages,,Actif,2026-06-29T00:14:35.826748,basse
BJ-0BC969A0,Solar Environnement Kouandé,Énergie & Environnement,Kouandé,+229 92 82 77 81,solar.environnement.kouandé@solar.environnement.kouandé.benin,solarenvironnementkouandé.bj,TPE (<10),B2B,Facebook Pages,,Actif,2026-06-29T00:14:35.826774,haute
BJ-A3ACC1EA,Écologie Energy,Énergie & Environnement,Kouandé,+229 57 79 39 66,,écologieenergy.bj,PME (50-200),B2B,Facebook Pages,,Actif,2026-06-29T00:14:35.826798,moyenne
BJ-1E76F146,Énergie Environnement Energy,Énergie & Environnement,Kouandé,+229 70 80 63 79,énergie.environnement.energy@énergie.environnement.energy.benin,,PME (50-200),B2C,Facebook Pages,,Actif,2026-06-29T00:14:35.826822,moyenne
BJ-38ABBBB3,Vert,Énergie & Environnement,Kouandé,+229 59 18 98 64,,,PME (10-50),B2C,Facebook Pages,,Actif,2026-06-29T00:14:35.826842,basse
BJ-7978309E,Renouvelable Water,Énergie & Environnement,Péhunco,+229 60 30 79 35,renouvelable.water@renouvelable.water.benin,,Grande (>200),B2C,Facebook Pages,,Actif,2026-06-29T00:14:35.826877,moyenne
BJ-4C301D42,Eau Éolien Energy,Énergie & Environnement,Péhunco,+229 25 32 59 31,,,PME (10-50),B2B,Facebook Pages,,Actif,2026-06-29T00:14:35.826921,basse
BJ-6324C105,Eau Solaire Energy,Énergie & Environnement,Péhunco,+229 87 35 38 36,,eausolaireenergy.bj,PME (10-50),B2B,Facebook Pages,,Actif,2026-06-29T00:14:35.826963,moyenne
BJ-F5A2FC66,Hydraulique,Énergie & Environnement,Péhunco,+229 92 33 72 56,,hydraulique.bj,PME (10-50),B2C,Facebook Pages,,Actif,2026-06-29T00:14:35.826994,moyenne
BJ-FD442F6D,Power Power,Énergie & Environnement,Péhunco,+229 56 48 32 37,power.power@power.power.net,powerpower.bj,TPE (<10),B2C,Facebook Pages,,Actif,2026-06-29T00:14:35.827023,haute
BJ-9091364A,Assainissement,Énergie & Environnement,Tchaourou,+229 58 32 13 93,assainissement@assainissement.benin,assainissement.bj,TPE (<10),B2B,Facebook Pages,,Actif,2026-06-29T00:14:35.827066,haute
BJ-3748252A,Énergie,Énergie & Environnement,Tchaourou,+229 75 87 18 13,énergie@énergie.bj,,PME (50-200),B2C,Facebook Pages,,Actif,2026-06-29T00:14:35.827096,moyenne
BJ-DEE5CF7A,Écologie Africa,Énergie & Environnement,Tchaourou,+229 62 16 33 36,écologie.africa@écologie.africa.com,,TPE (<10),B2B,Facebook Pages,,Actif,2026-06-29T00:14:35.827126,moyenne
BJ-55CD945C,Clean,Énergie & Environnement,Tchaourou,+229 27 70 10 23,clean@clean.org,clean.bj,PME (50-200),B2C,Facebook Pages,,Actif,2026-06-29T00:14:35.827154,haute
BJ-892C623D,Power Renouvelable Water,Énergie & Environnement,Tchaourou,+229 40 44 85 16,power.renouvelable.water@power.renouvelable.water.benin,,PME (50-200),B2B,Facebook Pages,,Actif,2026-06-29T00:14:35.827181,moyenne
BJ-33E3FF1A,Power Vert,Énergie & Environnement,Nikki,+229 36 68 51 88,,powervert.bj,TPE (<10),B2B,Facebook Pages,,Actif,2026-06-29T00:14:35.827220,moyenne
BJ-284FE145,Éolien Vert Nikki,Énergie & Environnement,Nikki,+229 43 49 27 35,éolien.vert.nikki@éolien.vert.nikki.org,,PME (50-200),B2B,Facebook Pages,,Actif,2026-06-29T00:14:35.827252,moyenne
BJ-543B069C,Écologie,Énergie & Environnement,Nikki,+229 83 18 55 62,écologie@écologie.bj,,PME (10-50),B2B,Facebook Pages,,Actif,2026-06-29T00:14:35.827280,moyenne
BJ-D07BBEE4,Renouvelable Water,Énergie & Environnement,Nikki,+229 30 72 67 26,,renouvelablewater.bj,PME (10-50),B2B,Facebook Pages,,Actif,2026-06-29T00:14:35.827314,moyenne
BJ-D91EFDCD,Solaire Africa Nikki,Énergie & Environnement,Nikki,+229 55 69 88 43,solaire.africa.nikki@solaire.africa.nikki.com,solaireafricanikki.bj,PME (10-50),B2C,Facebook Pages,,Actif,2026-06-29T00:14:35.827348,haute
BJ-7CB63CD0,Clean,Énergie & Environnement,Bembéréké,+229 31 93 55 26,,,TPE (<10),B2C,Facebook Pages,,Actif,2026-06-29T00:14:35.827386,basse
BJ-CAD2F27C,Vert Solaire,Énergie & Environnement,Bembéréké,+229 62 65 98 40,,,PME (10-50),B2B,Facebook Pages,,Actif,2026-06-29T00:14:35.827450,basse
BJ-AA4E0542,Solaire,Énergie & Environnement,Bembéréké,+229 49 95 81 20,solaire@solaire.net,solaire.bj,PME (10-50),B2B,Facebook Pages,,Actif,2026-06-29T00:14:35.827487,haute
BJ-F724BC6D,Éolien Vert Bénin,Énergie & Environnement,Bembéréké,+229 31 28 40 76,éolien.vert.bénin@éolien.vert.bénin.benin,éolienvertbénin.bj,TPE (<10),B2B,Facebook Pages,,Actif,2026-06-29T00:14:35.827521,haute
BJ-FB80A8BE,Éolien Durable Power,Énergie & Environnement,Kalalé,+229 69 40 79 44,,éoliendurablepower.bj,PME (10-50),B2B,Facebook Pages,,Actif,2026-06-29T00:14:35.827563,moyenne
BJ-57EDF469,Eau Assainissement Environment,Énergie & Environnement,Kalalé,+229 73 62 66 30,eau.assainissement.environment@eau.assainissement.environment.net,eauassainissementenvironment.bj,Grande (>200),B2C,Facebook Pages,,Actif,2026-06-29T00:14:35.827590,haute
BJ-15D70FE7,Écologie Bénin,Énergie & Environnement,Kalalé,+229 41 41 23 80,écologie.bénin@écologie.bénin.com,écologiebénin.bj,Grande (>200),B2C,Facebook Pages,,Actif,2026-06-29T00:14:35.827620,haute
BJ-83736A21,Éolien Renouvelable Environment,Énergie & Environnement,Kalalé,+229 46 20 54 26,éolien.renouvelable.environment@éolien.renouvelable.environment.com,éolienrenouvelableenvironment.bj,Grande (>200),B2B,Facebook Pages,,Actif,2026-06-29T00:14:35.827654,haute
BJ-248782DC,Environnement Africa,Énergie & Environnement,Kalalé,+229 69 24 27 78,environnement.africa@environnement.africa.net,environnementafrica.bj,PME (50-200),B2C,Facebook Pages,,Actif,2026-06-29T00:14:35.827683,haute
BJ-302CB9B9,Environnement Environnement,Énergie & Environnement,Ndali,+229 73 11 94 17,environnement.environnement@environnement.environnement.org,environnementenvironnement.bj,TPE (<10),B2C,Facebook Pages,,Actif,2026-06-29T00:14:35.827729,haute
BJ-73B53A34,Renouvelable,Énergie & Environnement,Ndali,+229 51 38 22 74,,renouvelable.bj,TPE (<10),B2B,Facebook Pages,,Actif,2026-06-29T00:14:35.827757,moyenne
BJ-8D4B9442,Écologie SARL,Énergie & Environnement,Ndali,+229 47 73 98 44,,,PME (10-50),B2B,Facebook Pages,,Actif,2026-06-29T00:14:35.827786,basse
BJ-3502F7EF,Éolien Énergie Energy,Énergie & Environnement,Ndali,+229 67 76 65 61,éolien.énergie.energy@éolien.énergie.energy.org,,PME (10-50),B2C,Facebook Pages,,Actif,2026-06-29T00:14:35.827809,moyenne
BJ-CEC12E94,Eau Vert Africa Ndali,Énergie & Environnement,Ndali,+229 55 60 23 74,eau.vert.africa.ndali@eau.vert.africa.ndali.bj,eauvertafricandali.bj,PME (50-200),B2C,Facebook Pages,,Actif,2026-06-29T00:14:35.827830,haute
BJ-5F2DFB3C,Solar Environnement Environment,Énergie & Environnement,Ségbana,+229 67 72 19 40,solar.environnement.environment@solar.environnement.environment.com,solarenvironnementenvironment.bj,TPE (<10),B2B,Facebook Pages,,Actif,2026-06-29T00:14:35.827871,haute
BJ-44535258,Environnement Eau,Énergie & Environnement,Ségbana,+229 78 35 73 23,environnement.eau@environnement.eau.bj,environnementeau.bj,PME (50-200),B2C,Facebook Pages,,Actif,2026-06-29T00:14:35.827934,haute
BJ-03837F00,Eau Durable,Énergie & Environnement,Ségbana,+229 30 93 39 81,,,PME (50-200),B2C,Facebook Pages,,Actif,2026-06-29T00:14:35.827957,basse
BJ-F111555C,Solar Environnement,Énergie & Environnement,Ségbana,+229 27 10 66 85,,,TPE (<10),B2B,Facebook Pages,,Actif,2026-06-29T00:14:35.827992,basse
BJ-0511C9D7,Power Eau Energy,Énergie & Environnement,Ségbana,+229 59 49 62 33,power.eau.energy@power.eau.energy.bj,powereauenergy.bj,PME (50-200),B2B,Facebook Pages,,Actif,2026-06-29T00:14:35.828024,haute
BJ-CE3400E2,Clean Power Tchaourou,Énergie & Environnement,Tchaourou,+229 26 86 91 51,clean.power.tchaourou@clean.power.tchaourou.benin,,TPE (<10),B2C,Facebook Pages,,Actif,2026-06-29T00:14:35.828065,moyenne
BJ-157DEA80,Éolien Durable Africa,Énergie & Environnement,Tchaourou,+229 70 11 36 80,éolien.durable.africa@éolien.durable.africa.net,,PME (10-50),B2B,Facebook Pages,,Actif,2026-06-29T00:14:35.828097,moyenne
BJ-149E1DBD,Renouvelable,Énergie & Environnement,Tchaourou,+229 90 77 95 25,renouvelable@renouvelable.net,,PME (50-200),B2B,Facebook Pages,,Actif,2026-06-29T00:14:35.828134,moyenne
BJ-0186A56B,Solar Assainissement Africa,Énergie & Environnement,Tchaourou,+229 30 32 44 76,,solarassainissementafrica.bj,TPE (<10),B2C,Facebook Pages,,Actif,2026-06-29T00:14:35.828165,moyenne
BJ-712E40AB,Solar Vert Tchaourou,Énergie & Environnement,Tchaourou,+229 96 36 53 68,,,TPE (<10),B2B,Facebook Pages,,Actif,2026-06-29T00:14:35.828196,basse
BJ-3D99B22C,Power,Énergie & Environnement,Bétérou,+229 43 37 31 75,power@power.benin,power.bj,Grande (>200),B2C,Facebook Pages,,Actif,2026-06-29T00:14:35.828248,haute
BJ-D64900BE,Vert Solaire Power,Énergie & Environnement,Bétérou,+229 67 61 72 88,vert.solaire.power@vert.solaire.power.com,vertsolairepower.bj,TPE (<10),B2B,Facebook Pages,,Actif,2026-06-29T00:14:35.828275,haute
BJ-309C396B,Power Power,Énergie & Environnement,Bétérou,+229 52 32 37 94,power.power@power.power.com,powerpower.bj,Grande (>200),B2C,Facebook Pages,,Actif,2026-06-29T00:14:35.828299,haute
BJ-961B41B9,Solar Assainissement Power,Énergie & Environnement,Bétérou,+229 34 41 60 51,solar.assainissement.power@solar.assainissement.power.com,solarassainissementpower.bj,PME (10-50),B2B,Facebook Pages,,Actif,2026-06-29T00:14:35.828339,haute
BJ-758D8289,Énergie Power Africa,Énergie & Environnement,Bétérou,+229 35 15 47 24,énergie.power.africa@énergie.power.africa.com,énergiepowerafrica.bj,TPE (<10),B2C,Facebook Pages,,Actif,2026-06-29T00:14:35.828370,haute
BJ-D92A3BE0,Renouvelable Energy,Énergie & Environnement,Ouessè,+229 74 49 55 93,,renouvelableenergy.bj,TPE (<10),B2B,Facebook Pages,,Actif,2026-06-29T00:14:35.828411,moyenne
BJ-F4DB47AE,Renouvelable Bénin,Énergie & Environnement,Ouessè,+229 46 50 22 87,renouvelable.bénin@renouvelable.bénin.bj,renouvelablebénin.bj,TPE (<10),B2B,Facebook Pages,,Actif,2026-06-29T00:14:35.828434,haute
BJ-C868C5D4,Eau Clean Energy Ouessè,Énergie & Environnement,Ouessè,+229 81 57 58 61,eau.clean.energy.ouessè@eau.clean.energy.ouessè.com,,PME (50-200),B2B,Facebook Pages,,Actif,2026-06-29T00:14:35.828462,moyenne
BJ-3CFFB79B,Power Solaire Power,Énergie & Environnement,Ouessè,+229 41 14 63 82,power.solaire.power@power.solaire.power.org,powersolairepower.bj,Grande (>200),B2B,Facebook Pages,,Actif,2026-06-29T00:14:35.828494,haute
BJ-EA3C2A03,Environnement Éolien Ouessè,Énergie & Environnement,Ouessè,+229 42 76 65 97,environnement.éolien.ouessè@environnement.éolien.ouessè.org,environnementéolienouessè.bj,TPE (<10),B2B,Facebook Pages,,Actif,2026-06-29T00:14:35.828539,haute
BJ-F0F83B7E,Power Eau Water Glazoué,Énergie & Environnement,Glazoué,+229 48 76 71 10,power.eau.water.glazoué@power.eau.water.glazoué.bj,,PME (10-50),B2B,Facebook Pages,,Actif,2026-06-29T00:14:35.828589,moyenne
BJ-39C04EFA,Solar Solaire,Énergie & Environnement,Glazoué,+229 53 78 93 22,solar.solaire@solar.solaire.bj,,TPE (<10),B2C,Facebook Pages,,Actif,2026-06-29T00:14:35.828616,moyenne
BJ-3403026C,Écologie,Énergie & Environnement,Glazoué,+229 87 37 39 77,écologie@écologie.com,écologie.bj,TPE (<10),B2C,Facebook Pages,,Actif,2026-06-29T00:14:35.828653,haute
BJ-73DE2861,Durable Solar Glazoué,Énergie & Environnement,Glazoué,+229 82 53 75 36,durable.solar.glazoué@durable.solar.glazoué.com,durablesolarglazoué.bj,TPE (<10),B2B,Facebook Pages,,Actif,2026-06-29T00:14:35.828692,haute
BJ-A7B4AE4E,Solaire Environment,Énergie & Environnement,Glazoué,+229 55 73 14 15,solaire.environment@solaire.environment.benin,,TPE (<10),B2B,Facebook Pages,,Actif,2026-06-29T00:14:35.828726,moyenne
BJ-58251E7B,Solar Énergie,Énergie & Environnement,Dassa-Zoumè,+229 41 32 65 16,solar.énergie@solar.énergie.org,,TPE (<10),B2C,Facebook Pages,,Actif,2026-06-29T00:14:35.828779,moyenne
BJ-CD9145F7,Eau Éolien Africa,Énergie & Environnement,Dassa-Zoumè,+229 69 97 62 35,eau.éolien.africa@eau.éolien.africa.benin,,PME (10-50),B2C,Facebook Pages,,Actif,2026-06-29T00:14:35.828807,moyenne
BJ-445B7258,Énergie Hydraulique Power,Énergie & Environnement,Dassa-Zoumè,+229 99 32 70 89,énergie.hydraulique.power@énergie.hydraulique.power.com,,PME (50-200),B2C,Facebook Pages,,Actif,2026-06-29T00:14:35.828835,moyenne
BJ-3084A01C,Renouvelable Dassa-Zoumè,Énergie & Environnement,Dassa-Zoumè,+229 92 60 97 22,renouvelable.dassazoumè@renouvelable.dassazoumè.org,,TPE (<10),B2C,Facebook Pages,,Actif,2026-06-29T00:14:35.828859,moyenne
BJ-04C6B22C,Vert Power,Énergie & Environnement,Savalou,+229 88 45 81 91,vert.power@vert.power.benin,vertpower.bj,TPE (<10),B2B,Facebook Pages,,Actif,2026-06-29T00:14:35.828976,haute
BJ-5943A83F,Power Hydraulique Water,Énergie & Environnement,Savalou,+229 99 62 39 60,,powerhydrauliquewater.bj,PME (50-200),B2B,Facebook Pages,,Actif,2026-06-29T00:14:35.829009,moyenne
BJ-1339245F,Renouvelable,Énergie & Environnement,Savalou,+229 95 18 33 37,,renouvelable.bj,PME (10-50),B2B,Facebook Pages,,Actif,2026-06-29T00:14:35.829084,moyenne
BJ-8E501FCA,Eau,Énergie & Environnement,Savalou,+229 91 25 83 72,eau@eau.net,,TPE (<10),B2C,Facebook Pages,,Actif,2026-06-29T00:14:35.829116,moyenne
BJ-9CA1288B,Power SARL,Énergie & Environnement,Bantè,+229 47 92 60 33,power.sarl@power.sarl.net,powersarl.bj,PME (10-50),B2C,Facebook Pages,,Actif,2026-06-29T00:14:35.829163,haute
BJ-CADCE5CB,Solaire Power,Énergie & Environnement,Bantè,+229 71 46 43 57,,,Grande (>200),B2C,Facebook Pages,,Actif,2026-06-29T00:14:35.829176,basse
BJ-48AD1178,Environnement Water,Énergie & Environnement,Bantè,+229 61 36 65 99,environnement.water@environnement.water.com,,PME (50-200),B2B,Facebook Pages,,Actif,2026-06-29T00:14:35.829190,moyenne
BJ-AFCBCFDA,Solaire,Énergie & Environnement,Bantè,+229 27 92 56 40,,,TPE (<10),B2C,Facebook Pages,,Actif,2026-06-29T00:14:35.829207,basse
BJ-6EAA6D65,Eau Durable Bénin Bantè,Énergie & Environnement,Bantè,+229 21 51 82 46,,eaudurablebéninbantè.bj,PME (50-200),B2B,Facebook Pages,,Actif,2026-06-29T00:14:35.829221,moyenne
BJ-4840C8DB,Énergie Power SARL,Énergie & Environnement,Djougou,+229 64 67 23 15,,énergiepowersarl.bj,PME (50-200),B2C,Facebook Pages,,Actif,2026-06-29T00:14:35.829254,moyenne
BJ-266DBCD8,Énergie,Énergie & Environnement,Djougou,+229 65 88 30 79,,,PME (50-200),B2B,Facebook Pages,,Actif,2026-06-29T00:14:35.829277,basse
BJ-E6911A1B,Énergie Vert,Énergie & Environnement,Djougou,+229 79 91 32 25,,énergievert.bj,PME (10-50),B2C,Facebook Pages,,Actif,2026-06-29T00:14:35.829303,moyenne
BJ-98159FF4,Hydraulique Energy,Énergie & Environnement,Djougou,+229 21 63 94 35,,hydrauliqueenergy.bj,PME (10-50),B2B,Facebook Pages,,Actif,2026-06-29T00:14:35.829338,moyenne
BJ-70F87290,Éolien Énergie Djougou,Énergie & Environnement,Djougou,+229 38 77 47 81,éolien.énergie.djougou@éolien.énergie.djougou.com,éolienénergiedjougou.bj,TPE (<10),B2C,Facebook Pages,,Actif,2026-06-29T00:14:35.829369,haute
BJ-0F81FF1F,Écologie Ouèssè,Énergie & Environnement,Ouèssè,+229 23 28 45 93,,,TPE (<10),B2C,Facebook Pages,,Actif,2026-06-29T00:14:35.829410,basse
BJ-EF6B4A05,Environnement Water,Énergie & Environnement,Ouèssè,+229 30 68 63 96,environnement.water@environnement.water.net,,TPE (<10),B2C,Facebook Pages,,Actif,2026-06-29T00:14:35.829435,moyenne
BJ-EEF1C8E3,Power Vert Africa Ouèssè,Énergie & Environnement,Ouèssè,+229 55 60 40 48,power.vert.africa.ouèssè@power.vert.africa.ouèssè.org,,TPE (<10),B2B,Facebook Pages,,Actif,2026-06-29T00:14:35.829457,moyenne
BJ-37CE0886,Environnement Eau Environment,Énergie & Environnement,Ouèssè,+229 25 40 19 50,,,TPE (<10),B2C,Facebook Pages,,Actif,2026-06-29T00:14:35.829476,basse
BJ-50A7E45C,Environnement Solaire,Énergie & Environnement,Ouèssè,+229 85 18 91 16,environnement.solaire@environnement.solaire.bj,environnementsolaire.bj,PME (50-200),B2C,Facebook Pages,,Actif,2026-06-29T00:14:35.829498,haute
BJ-A3E406E3,Eau Éolien,Énergie & Environnement,Bassila,+229 46 12 55 13,eau.éolien@eau.éolien.net,eauéolien.bj,PME (10-50),B2C,Facebook Pages,,Actif,2026-06-29T00:14:35.829544,haute
BJ-2A771B41,Éolien Water,Énergie & Environnement,Bassila,+229 41 25 31 15,éolien.water@éolien.water.com,éolienwater.bj,PME (10-50),B2C,Facebook Pages,,Actif,2026-06-29T00:14:35.829571,haute
BJ-58923017,Vert Environnement,Énergie & Environnement,Bassila,+229 48 37 72 31,vert.environnement@vert.environnement.net,vertenvironnement.bj,PME (10-50),B2B,Facebook Pages,,Actif,2026-06-29T00:14:35.829597,haute
BJ-DCDA87A8,Clean Power,Énergie & Environnement,Bassila,+229 30 20 81 44,,cleanpower.bj,TPE (<10),B2B,Facebook Pages,,Actif,2026-06-29T00:14:35.829621,moyenne
BJ-EB081F64,Environnement Vert Africa,Énergie & Environnement,Bassila,+229 87 84 10 11,environnement.vert.africa@environnement.vert.africa.benin,,Grande (>200),B2B,Facebook Pages,,Actif,2026-06-29T00:14:35.829642,moyenne
BJ-40C3B180,Hydraulique,Énergie & Environnement,Pehunco,+229 84 97 92 68,hydraulique@hydraulique.org,hydraulique.bj,TPE (<10),B2C,Facebook Pages,,Actif,2026-06-29T00:14:35.829677,haute
BJ-72564D91,Power Renouvelable Power,Énergie & Environnement,Pehunco,+229 22 46 94 66,,,PME (10-50),B2C,Facebook Pages,,Actif,2026-06-29T00:14:35.829697,basse
BJ-1DBC98A1,Environnement Environment,Énergie & Environnement,Pehunco,+229 97 56 54 51,,,PME (50-200),B2B,Facebook Pages,,Actif,2026-06-29T00:14:35.829717,basse
BJ-BF4639CD,Power Assainissement Power,Énergie & Environnement,Pehunco,+229 96 38 84 62,,powerassainissementpower.bj,TPE (<10),B2C,Facebook Pages,,Actif,2026-06-29T00:14:35.829737,moyenne
BJ-8E9779A8,Power Assainissement Bénin,Énergie & Environnement,Pehunco,+229 79 36 92 31,,,PME (10-50),B2C,Facebook Pages,,Actif,2026-06-29T00:14:35.829758,basse
BJ-72AEF4A4,Éolien Environnement Bénin,Énergie & Environnement,Copargo,+229 92 66 27 75,éolien.environnement.bénin@éolien.environnement.bénin.com,éolienenvironnementbénin.bj,PME (10-50),B2C,Facebook Pages,,Actif,2026-06-29T00:14:35.829821,haute
BJ-20FD6EF3,Éolien Assainissement,Énergie & Environnement,Copargo,+229 28 31 42 61,éolien.assainissement@éolien.assainissement.org,,PME (10-50),B2C,Facebook Pages,,Actif,2026-06-29T00:14:35.829856,moyenne
BJ-CD8FEFF3,Durable Bénin Copargo,Énergie & Environnement,Copargo,+229 68 32 23 52,,durablebénincopargo.bj,PME (10-50),B2C,Facebook Pages,,Actif,2026-06-29T00:14:35.829886,moyenne
BJ-51E393AA,Eau Vert Environment,Énergie & Environnement,Copargo,+229 80 55 83 12,eau.vert.environment@eau.vert.environment.org,eauvertenvironment.bj,PME (50-200),B2B,Facebook Pages,,Actif,2026-06-29T00:14:35.829942,haute
BJ-239F01FA,Environnement Énergie Power,Énergie & Environnement,Copargo,+229 55 64 65 43,environnement.énergie.power@environnement.énergie.power.benin,,PME (10-50),B2B,Facebook Pages,,Actif,2026-06-29T00:14:35.829975,moyenne
BJ-C3DB87DA,Publicité,Médias & Communication,Cotonou,+229 31 92 82 71,publicité@publicité.bj,publicité.bj,PME (50-200),B2C,Facebook Pages,,Actif,2026-06-29T00:14:35.830038,haute
BJ-E3864BEA,Média,Médias & Communication,Cotonou,+229 79 98 97 37,,média.bj,TPE (<10),B2B,Facebook Pages,,Actif,2026-06-29T00:14:35.830066,moyenne
BJ-461007E9,TV Actualité Radio,Médias & Communication,Cotonou,+229 94 75 40 70,tv.actualité.radio@tv.actualité.radio.com,tvactualitéradio.bj,Grande (>200),B2C,Facebook Pages,,Actif,2026-06-29T00:14:35.830095,haute
BJ-5748152E,National News,Médias & Communication,Cotonou,+229 31 39 47 94,national.news@national.news.com,nationalnews.bj,TPE (<10),B2C,Facebook Pages,,Actif,2026-06-29T00:14:35.830124,haute
BJ-8FDC1D8C,Communication Publicité,Médias & Communication,Cotonou,+229 92 93 18 61,,communicationpublicité.bj,PME (50-200),B2B,Facebook Pages,,Actif,2026-06-29T00:14:35.830152,moyenne
BJ-43D02A28,Communication International Abomey-Calavi,Médias & Communication,Abomey-Calavi,+229 88 94 64 67,,,TPE (<10),B2C,Facebook Pages,,Actif,2026-06-29T00:14:35.830193,basse
BJ-5575B394,Journal Actualité Communication,Médias & Communication,Abomey-Calavi,+229 35 57 57 43,journal.actualité.communication@journal.actualité.communication.net,,PME (50-200),B2B,Facebook Pages,,Actif,2026-06-29T00:14:35.830233,moyenne
BJ-7EEDC55E,International Africa,Médias & Communication,Abomey-Calavi,+229 32 91 38 14,international.africa@international.africa.org,,PME (10-50),B2C,Facebook Pages,,Actif,2026-06-29T00:14:35.830263,moyenne
BJ-036F12F9,Radio Information Abomey-Calavi,Médias & Communication,Abomey-Calavi,+229 58 49 96 61,,radioinformationabomeycalavi.bj,PME (10-50),B2C,Facebook Pages,,Actif,2026-06-29T00:14:35.830303,moyenne
BJ-0343121B,Communication Média Communication,Médias & Communication,Abomey-Calavi,+229 68 45 57 16,communication.média.communication@communication.média.communication.com,,TPE (<10),B2C,Facebook Pages,,Actif,2026-06-29T00:14:35.830336,moyenne
BJ-59C03588,Agence Démocratie,Médias & Communication,Porto-Novo,+229 20 46 80 63,,agencedémocratie.bj,PME (10-50),B2C,Facebook Pages,,Actif,2026-06-29T00:14:35.830393,moyenne
BJ-6F726021,Radio Publicité,Médias & Communication,Porto-Novo,+229 45 19 60 73,radio.publicité@radio.publicité.com,radiopublicité.bj,PME (50-200),B2B,Facebook Pages,,Actif,2026-06-29T00:14:35.830432,haute
BJ-9E930EB3,TV Publicité,Médias & Communication,Porto-Novo,+229 30 44 13 19,,tvpublicité.bj,PME (50-200),B2C,Facebook Pages,,Actif,2026-06-29T00:14:35.830458,moyenne
BJ-CFBC0B44,Média Radio Porto-Novo,Médias & Communication,Porto-Novo,+229 76 59 56 18,média.radio.portonovo@média.radio.portonovo.benin,médiaradioportonovo.bj,PME (10-50),B2C,Facebook Pages,,Actif,2026-06-29T00:14:35.830483,haute
BJ-941DB216,Information Media,Médias & Communication,Porto-Novo,+229 40 23 60 45,information.media@information.media.benin,,Grande (>200),B2B,Facebook Pages,,Actif,2026-06-29T00:14:35.830503,moyenne
BJ-EBCBE3A9,Information,Médias & Communication,Parakou,+229 40 28 97 66,information@information.net,information.bj,PME (50-200),B2B,Facebook Pages,,Actif,2026-06-29T00:14:35.830551,haute
BJ-2B51B278,Agence Télévision,Médias & Communication,Parakou,+229 36 87 63 90,,,PME (10-50),B2B,Facebook Pages,,Actif,2026-06-29T00:14:35.830571,basse
BJ-5B07E254,Actualité,Médias & Communication,Parakou,+229 54 91 93 16,,,TPE (<10),B2C,Facebook Pages,,Actif,2026-06-29T00:14:35.830591,basse
BJ-B21DD25F,Communication Presse,Médias & Communication,Parakou,+229 43 37 81 71,communication.presse@communication.presse.com,communicationpresse.bj,PME (10-50),B2C,Facebook Pages,,Actif,2026-06-29T00:14:35.830648,haute
BJ-D111C8E3,Information News,Médias & Communication,Bohicon,+229 31 41 35 55,information.news@information.news.com,informationnews.bj,TPE (<10),B2B,Facebook Pages,,Actif,2026-06-29T00:14:35.830681,haute
BJ-50562378,National Bohicon,Médias & Communication,Bohicon,+229 76 26 11 64,,nationalbohicon.bj,PME (50-200),B2B,Facebook Pages,,Actif,2026-06-29T00:14:35.830702,moyenne
BJ-31A84F41,Actualité Press,Médias & Communication,Bohicon,+229 51 41 60 40,,actualitépress.bj,TPE (<10),B2B,Facebook Pages,,Actif,2026-06-29T00:14:35.830737,moyenne
BJ-BD09C104,Publicité News,Médias & Communication,Bohicon,+229 43 58 97 94,,,TPE (<10),B2B,Facebook Pages,,Actif,2026-06-29T00:14:35.830771,basse
BJ-439A2D9E,Communication Média Communication Bohicon,Médias & Communication,Bohicon,+229 48 91 30 82,communication.média.communication.bohicon@communication.média.communication.bohicon.com,,PME (10-50),B2C,Facebook Pages,,Actif,2026-06-29T00:14:35.830808,moyenne
BJ-C0438F83,Média,Médias & Communication,Natitingou,+229 51 19 99 37,média@média.com,média.bj,PME (10-50),B2C,Facebook Pages,,Actif,2026-06-29T00:14:35.830857,haute
BJ-1CB76447,Journal Liberté Africa,Médias & Communication,Natitingou,+229 22 89 10 69,,journallibertéafrica.bj,PME (50-200),B2B,Facebook Pages,,Actif,2026-06-29T00:14:35.830879,moyenne
BJ-D4C9D1CA,Publicité,Médias & Communication,Natitingou,+229 88 15 82 28,,publicité.bj,TPE (<10),B2C,Facebook Pages,,Actif,2026-06-29T00:14:35.830916,moyenne
BJ-D9DD6F83,Démocratie Bénin,Médias & Communication,Natitingou,+229 84 96 91 93,,,PME (10-50),B2C,Facebook Pages,,Actif,2026-06-29T00:14:35.830950,basse
BJ-09C8FDA3,Journal Presse Radio Natitingou,Médias & Communication,Natitingou,+229 98 30 27 82,journal.presse.radio.natitingou@journal.presse.radio.natitingou.org,journalpresseradionatitingou.bj,PME (10-50),B2B,Facebook Pages,,Actif,2026-06-29T00:14:35.830979,haute
BJ-869CB02E,Radio Press,Médias & Communication,Lokossa,+229 64 82 89 76,,radiopress.bj,PME (10-50),B2C,Facebook Pages,,Actif,2026-06-29T00:14:35.831026,moyenne
BJ-3D44AB23,Radio Journal Press Lokossa,Médias & Communication,Lokossa,+229 28 17 39 61,radio.journal.press.lokossa@radio.journal.press.lokossa.org,,Grande (>200),B2B,Facebook Pages,,Actif,2026-06-29T00:14:35.831051,moyenne
BJ-9E8971BC,Média Information News Lokossa,Médias & Communication,Lokossa,+229 56 52 28 12,média.information.news.lokossa@média.information.news.lokossa.bj,médiainformationnewslokossa.bj,PME (10-50),B2B,Facebook Pages,,Actif,2026-06-29T00:14:35.831077,haute
BJ-B27F4974,Actualité,Médias & Communication,Lokossa,+229 69 39 49 54,actualité@actualité.bj,actualité.bj,PME (10-50),B2B,Facebook Pages,,Actif,2026-06-29T00:14:35.831107,haute
BJ-243C406D,TV Radio Africa,Médias & Communication,Lokossa,+229 28 45 34 77,,tvradioafrica.bj,PME (10-50),B2B,Facebook Pages,,Actif,2026-06-29T00:14:35.831126,moyenne
BJ-3F0B78E3,Radio Nouvelles Press,Médias & Communication,Ouidah,+229 72 30 66 88,radio.nouvelles.press@radio.nouvelles.press.net,,TPE (<10),B2B,Facebook Pages,,Actif,2026-06-29T00:14:35.831173,moyenne
BJ-B3EF329B,Journal Média TV,Médias & Communication,Ouidah,+229 39 14 56 45,,journalmédiatv.bj,PME (50-200),B2B,Facebook Pages,,Actif,2026-06-29T00:14:35.831191,moyenne
BJ-29D3FBD1,Média Démocratie Ouidah,Médias & Communication,Ouidah,+229 47 81 65 79,,,TPE (<10),B2B,Facebook Pages,,Actif,2026-06-29T00:14:35.831203,basse
BJ-22EF8F2C,Télévision Ouidah,Médias & Communication,Ouidah,+229 94 85 42 19,télévision.ouidah@télévision.ouidah.net,,TPE (<10),B2C,Facebook Pages,,Actif,2026-06-29T00:14:35.831220,moyenne
BJ-3DF19792,Actualité Radio,Médias & Communication,Ouidah,+229 32 68 94 38,,,Grande (>200),B2C,Facebook Pages,,Actif,2026-06-29T00:14:35.831234,basse
BJ-2EAADD8A,Communication,Médias & Communication,Savalou,+229 63 40 99 85,,communication.bj,Grande (>200),B2C,Facebook Pages,,Actif,2026-06-29T00:14:35.831254,moyenne
BJ-75C4071C,Nouvelles Press,Médias & Communication,Savalou,+229 59 83 38 89,nouvelles.press@nouvelles.press.com,,TPE (<10),B2C,Facebook Pages,,Actif,2026-06-29T00:14:35.831309,moyenne
BJ-AB807035,Liberté Radio,Médias & Communication,Savalou,+229 65 89 31 46,liberté.radio@liberté.radio.org,libertéradio.bj,PME (10-50),B2B,Facebook Pages,,Actif,2026-06-29T00:14:35.831340,haute
BJ-C00410AE,Information,Médias & Communication,Dassa-Zoumè,+229 29 67 56 79,,information.bj,PME (50-200),B2C,Facebook Pages,,Actif,2026-06-29T00:14:35.831402,moyenne
BJ-266C03CF,Journal Dassa-Zoumè,Médias & Communication,Dassa-Zoumè,+229 71 55 91 83,journal.dassazoumè@journal.dassazoumè.net,journaldassazoumè.bj,TPE (<10),B2B,Facebook Pages,,Actif,2026-06-29T00:14:35.831427,haute
BJ-4DEEB43D,TV Presse News Dassa-Zoumè,Médias & Communication,Dassa-Zoumè,+229 65 84 24 63,,,Grande (>200),B2C,Facebook Pages,,Actif,2026-06-29T00:14:35.831445,basse
BJ-A71ED756,Publicité News,Médias & Communication,Dassa-Zoumè,+229 38 95 88 89,publicité.news@publicité.news.benin,publiciténews.bj,PME (10-50),B2C,Facebook Pages,,Actif,2026-06-29T00:14:35.831479,haute
BJ-1306077C,TV Média Communication Dassa-Zoumè,Médias & Communication,Dassa-Zoumè,+229 66 78 95 65,tv.média.communication.dassazoumè@tv.média.communication.dassazoumè.bj,,PME (50-200),B2C,Facebook Pages,,Actif,2026-06-29T00:14:35.831511,moyenne
BJ-9F7C4684,TV Liberté,Médias & Communication,Kétou,+229 81 19 30 52,,tvliberté.bj,TPE (<10),B2C,Facebook Pages,,Actif,2026-06-29T00:14:35.831549,moyenne
BJ-11BB93CD,Communication Actualité Communication,Médias & Communication,Kétou,+229 89 55 84 48,communication.actualité.communication@communication.actualité.communication.benin,communicationactualitécommunication.bj,Grande (>200),B2C,Facebook Pages,,Actif,2026-06-29T00:14:35.831579,haute
BJ-90688EC1,Information Kétou,Médias & Communication,Kétou,+229 81 32 24 10,information.kétou@information.kétou.net,informationkétou.bj,TPE (<10),B2C,Facebook Pages,,Actif,2026-06-29T00:14:35.831608,haute
BJ-3AC65A42,Communication Information,Médias & Communication,Kétou,+229 70 18 78 77,,,PME (50-200),B2C,Facebook Pages,,Actif,2026-06-29T00:14:35.831634,basse
BJ-FB02DE06,Presse Démocratie,Médias & Communication,Kétou,+229 62 13 64 58,presse.démocratie@presse.démocratie.org,pressedémocratie.bj,PME (50-200),B2C,Facebook Pages,,Actif,2026-06-29T00:14:35.831663,haute
BJ-AFAD67ED,Agence Journal,Médias & Communication,Covè,+229 30 68 24 87,agence.journal@agence.journal.net,agencejournal.bj,PME (50-200),B2C,Facebook Pages,,Actif,2026-06-29T00:14:35.831704,haute
BJ-E1D02412,Presse Nouvelles,Médias & Communication,Covè,+229 74 21 63 56,presse.nouvelles@presse.nouvelles.com,pressenouvelles.bj,PME (10-50),B2C,Facebook Pages,,Actif,2026-06-29T00:14:35.831733,haute
BJ-187D219A,Journal,Médias & Communication,Covè,+229 79 44 35 20,journal@journal.org,journal.bj,TPE (<10),B2B,Facebook Pages,,Actif,2026-06-29T00:14:35.831768,haute
BJ-339D753C,Média Presse Africa,Médias & Communication,Covè,+229 40 15 64 13,,médiapresseafrica.bj,PME (50-200),B2C,Facebook Pages,,Actif,2026-06-29T00:14:35.831806,moyenne
BJ-BE8BCB0F,Presse News,Médias & Communication,Covè,+229 98 36 26 97,,,PME (10-50),B2C,Facebook Pages,,Actif,2026-06-29T00:14:35.831832,basse
BJ-86361E82,Journal Radio Press,Médias & Communication,Pobè,+229 96 60 98 35,journal.radio.press@journal.radio.press.benin,,PME (10-50),B2B,Facebook Pages,,Actif,2026-06-29T00:14:35.831870,moyenne
BJ-E3A9FB0A,Actualité Bénin,Médias & Communication,Pobè,+229 67 97 59 30,actualité.bénin@actualité.bénin.com,actualitébénin.bj,PME (50-200),B2C,Facebook Pages,,Actif,2026-06-29T00:14:35.831919,haute
BJ-638E2D13,TV Journal Media Pobè,Médias & Communication,Pobè,+229 64 77 85 93,,tvjournalmediapobè.bj,PME (10-50),B2B,Facebook Pages,,Actif,2026-06-29T00:14:35.831953,moyenne
BJ-B680565E,Publicité,Médias & Communication,Pobè,+229 29 92 47 61,,publicité.bj,PME (10-50),B2B,Facebook Pages,,Actif,2026-06-29T00:14:35.831985,moyenne
BJ-0727005B,Journal Communication Radio,Médias & Communication,Pobè,+229 76 27 48 87,journal.communication.radio@journal.communication.radio.benin,,PME (10-50),B2C,Facebook Pages,,Actif,2026-06-29T00:14:35.832031,moyenne
BJ-E280C763,Communication,Médias & Communication,Sakété,+229 65 10 35 37,,communication.bj,PME (50-200),B2B,Facebook Pages,,Actif,2026-06-29T00:14:35.832119,moyenne
BJ-F0729506,Presse Bénin,Médias & Communication,Sakété,+229 59 93 58 48,presse.bénin@presse.bénin.bj,pressebénin.bj,TPE (<10),B2B,Facebook Pages,,Actif,2026-06-29T00:14:35.832151,haute
BJ-B7381AE5,Presse Journal Radio,Médias & Communication,Sakété,+229 75 11 30 64,presse.journal.radio@presse.journal.radio.bj,pressejournalradio.bj,PME (10-50),B2C,Facebook Pages,,Actif,2026-06-29T00:14:35.832184,haute
BJ-E46C1BCC,Journal Presse TV,Médias & Communication,Sakété,+229 45 50 22 58,journal.presse.tv@journal.presse.tv.org,journalpressetv.bj,TPE (<10),B2B,Facebook Pages,,Actif,2026-06-29T00:14:35.832256,haute
BJ-BBDB8D9B,Radio International Communication,Médias & Communication,Adjara,+229 70 12 48 37,radio.international.communication@radio.international.communication.org,radiointernationalcommunication.bj,PME (50-200),B2C,Facebook Pages,,Actif,2026-06-29T00:14:35.832295,haute
BJ-06CD1E10,Communication Information,Médias & Communication,Adjara,+229 55 97 69 93,,communicationinformation.bj,Grande (>200),B2C,Facebook Pages,,Actif,2026-06-29T00:14:35.832322,moyenne
BJ-86D93AF5,Publicité News,Médias & Communication,Adjara,+229 55 29 22 67,,publiciténews.bj,TPE (<10),B2B,Facebook Pages,,Actif,2026-06-29T00:14:35.832348,moyenne
BJ-61C2738F,Radio Média Bénin,Médias & Communication,Adjara,+229 31 96 96 86,radio.média.bénin@radio.média.bénin.net,,PME (50-200),B2C,Facebook Pages,,Actif,2026-06-29T00:14:35.832376,moyenne
BJ-91CAB84A,Journal Journal,Médias & Communication,Adjara,+229 93 27 97 64,,journaljournal.bj,TPE (<10),B2C,Facebook Pages,,Actif,2026-06-29T00:14:35.832408,moyenne
BJ-CDEF456E,Télévision Communication Allada,Médias & Communication,Allada,+229 56 80 86 59,télévision.communication.allada@télévision.communication.allada.org,télévisioncommunicationallada.bj,Grande (>200),B2C,Facebook Pages,,Actif,2026-06-29T00:14:35.832447,haute
BJ-C426BFA8,Actualité,Médias & Communication,Allada,+229 36 54 99 22,actualité@actualité.net,actualité.bj,PME (50-200),B2B,Facebook Pages,,Actif,2026-06-29T00:14:35.832477,haute
BJ-1DBAE3EC,TV Démocratie,Médias & Communication,Allada,+229 55 79 30 57,tv.démocratie@tv.démocratie.bj,tvdémocratie.bj,TPE (<10),B2C,Facebook Pages,,Actif,2026-06-29T00:14:35.832510,haute
BJ-A94EEAA0,Communication,Médias & Communication,Allada,+229 48 10 55 45,communication@communication.bj,communication.bj,TPE (<10),B2B,Facebook Pages,,Actif,2026-06-29T00:14:35.832546,haute
BJ-6CF449FC,Presse News,Médias & Communication,Allada,+229 48 47 96 83,presse.news@presse.news.bj,pressenews.bj,TPE (<10),B2B,Facebook Pages,,Actif,2026-06-29T00:14:35.832576,haute
BJ-BB62E5E7,Radio Télévision Media,Médias & Communication,Aplahoué,+229 57 16 45 20,radio.télévision.media@radio.télévision.media.com,radiotélévisionmedia.bj,PME (10-50),B2B,Facebook Pages,,Actif,2026-06-29T00:14:35.832616,haute
BJ-F20EA6C2,Radio Média Press,Médias & Communication,Aplahoué,+229 31 78 33 32,radio.média.press@radio.média.press.com,,TPE (<10),B2B,Facebook Pages,,Actif,2026-06-29T00:14:35.832643,moyenne
BJ-B7F89AE7,Communication Radio,Médias & Communication,Aplahoué,+229 47 58 46 57,communication.radio@communication.radio.net,communicationradio.bj,TPE (<10),B2B,Facebook Pages,,Actif,2026-06-29T00:14:35.832672,haute
BJ-10CDF4B5,Radio Nouvelles Aplahoué,Médias & Communication,Aplahoué,+229 64 29 51 92,,radionouvellesaplahoué.bj,TPE (<10),B2B,Facebook Pages,,Actif,2026-06-29T00:14:35.832699,moyenne
BJ-791901A5,Actualité News Aplahoué,Médias & Communication,Aplahoué,+229 20 39 68 35,actualité.news.aplahoué@actualité.news.aplahoué.benin,,TPE (<10),B2B,Facebook Pages,,Actif,2026-06-29T00:14:35.832727,moyenne
BJ-1348FD5C,Média Dogbo-Tota,Médias & Communication,Dogbo-Tota,+229 60 92 74 54,,médiadogbotota.bj,PME (10-50),B2B,Facebook Pages,,Actif,2026-06-29T00:14:35.832765,moyenne
BJ-562E0C61,Agence Journal,Médias & Communication,Dogbo-Tota,+229 91 28 69 38,agence.journal@agence.journal.net,agencejournal.bj,Grande (>200),B2C,Facebook Pages,,Actif,2026-06-29T00:14:35.832794,haute
BJ-0799C38F,Presse,Médias & Communication,Dogbo-Tota,+229 69 21 76 37,presse@presse.net,presse.bj,TPE (<10),B2C,Facebook Pages,,Actif,2026-06-29T00:14:35.832821,haute
BJ-924C671F,Liberté Radio Dogbo-Tota,Médias & Communication,Dogbo-Tota,+229 89 95 78 82,liberté.radio.dogbotota@liberté.radio.dogbotota.com,libertéradiodogbotota.bj,PME (50-200),B2C,Facebook Pages,,Actif,2026-06-29T00:14:35.832854,haute
BJ-6BC7044B,Presse International,Médias & Communication,Dogbo-Tota,+229 50 79 10 16,,,TPE (<10),B2B,Facebook Pages,,Actif,2026-06-29T00:14:35.832881,basse
BJ-22C9A6A6,Média Média,Médias & Communication,Kpomassè,+229 39 29 97 28,média.média@média.média.com,,TPE (<10),B2C,Facebook Pages,,Actif,2026-06-29T00:14:35.832933,moyenne
BJ-9FF03C5B,Démocratie Media,Médias & Communication,Kpomassè,+229 31 36 92 75,,,PME (10-50),B2B,Facebook Pages,,Actif,2026-06-29T00:14:35.832963,basse
BJ-377B54E2,Journal Africa,Médias & Communication,Kpomassè,+229 48 24 93 38,journal.africa@journal.africa.net,journalafrica.bj,Grande (>200),B2C,Facebook Pages,,Actif,2026-06-29T00:14:35.832995,haute
BJ-A6E98787,Liberté Radio,Médias & Communication,Kpomassè,+229 24 57 73 15,,,TPE (<10),B2C,Facebook Pages,,Actif,2026-06-29T00:14:35.833021,basse
BJ-BEAE8FC6,Télévision,Médias & Communication,Kpomassè,+229 31 34 44 93,télévision@télévision.benin,télévision.bj,Grande (>200),B2C,Facebook Pages,,Actif,2026-06-29T00:14:35.833052,haute
BJ-A47F8F1C,Journal Africa Tori-Bossito,Médias & Communication,Tori-Bossito,+229 30 99 50 62,journal.africa.toribossito@journal.africa.toribossito.com,journalafricatoribossito.bj,PME (10-50),B2C,Facebook Pages,,Actif,2026-06-29T00:14:35.833093,haute
BJ-7E19BF85,Presse Information Press,Médias & Communication,Tori-Bossito,+229 85 23 96 97,presse.information.press@presse.information.press.org,,PME (10-50),B2B,Facebook Pages,,Actif,2026-06-29T00:14:35.833120,moyenne
BJ-B5A75876,Presse Radio Bénin,Médias & Communication,Tori-Bossito,+229 90 26 83 30,,presseradiobénin.bj,PME (10-50),B2B,Facebook Pages,,Actif,2026-06-29T00:14:35.833148,moyenne
BJ-105AD83C,Information Media,Médias & Communication,Tori-Bossito,+229 29 94 90 54,information.media@information.media.benin,,PME (50-200),B2B,Facebook Pages,,Actif,2026-06-29T00:14:35.833178,moyenne
BJ-8F8ADB6E,Média,Médias & Communication,Tori-Bossito,+229 67 84 88 93,,média.bj,TPE (<10),B2B,Facebook Pages,,Actif,2026-06-29T00:14:35.833206,moyenne
BJ-E8E6CBDF,Média Bénin,Médias & Communication,Grand-Popo,+229 91 33 13 81,média.bénin@média.bénin.net,médiabénin.bj,TPE (<10),B2C,Facebook Pages,,Actif,2026-06-29T00:14:35.833246,haute
BJ-B99985D2,TV Actualité Grand-Popo,Médias & Communication,Grand-Popo,+229 85 61 78 18,,,PME (10-50),B2B,Facebook Pages,,Actif,2026-06-29T00:14:35.833276,basse
BJ-358A23B5,Actualité,Médias & Communication,Grand-Popo,+229 33 87 54 70,actualité@actualité.com,,PME (10-50),B2B,Facebook Pages,,Actif,2026-06-29T00:14:35.833304,moyenne
BJ-A06A3022,Presse Actualité Communication,Médias & Communication,Grand-Popo,+229 51 11 12 85,presse.actualité.communication@presse.actualité.communication.com,presseactualitécommunication.bj,Grande (>200),B2C,Facebook Pages,,Actif,2026-06-29T00:14:35.833336,haute
BJ-0F60863E,Communication Communication,Médias & Communication,Grand-Popo,+229 37 24 12 42,communication.communication@communication.communication.net,,PME (10-50),B2B,Facebook Pages,,Actif,2026-06-29T00:14:35.833364,moyenne
BJ-DFAB5C48,Agence Média,Médias & Communication,Athiémé,+229 30 59 86 54,agence.média@agence.média.benin,agencemédia.bj,PME (10-50),B2C,Facebook Pages,,Actif,2026-06-29T00:14:35.833401,haute
BJ-6C84DA42,Agence Radio,Médias & Communication,Athiémé,+229 90 26 70 27,agence.radio@agence.radio.bj,,TPE (<10),B2B,Facebook Pages,,Actif,2026-06-29T00:14:35.833428,moyenne
BJ-DCC8680E,Radio International,Médias & Communication,Athiémé,+229 59 75 11 36,radio.international@radio.international.bj,radiointernational.bj,PME (10-50),B2C,Facebook Pages,,Actif,2026-06-29T00:14:35.833456,haute
BJ-B5CC7B5A,Communication Communication,Médias & Communication,Athiémé,+229 90 82 38 40,,communicationcommunication.bj,Grande (>200),B2C,Facebook Pages,,Actif,2026-06-29T00:14:35.833487,moyenne
BJ-3862A4D4,Média Information Press,Médias & Communication,Athiémé,+229 36 10 88 20,média.information.press@média.information.press.benin,médiainformationpress.bj,PME (10-50),B2C,Facebook Pages,,Actif,2026-06-29T00:14:35.833516,haute
BJ-DCE8DCD1,Radio Télévision,Médias & Communication,Bopa,+229 27 70 48 25,radio.télévision@radio.télévision.com,radiotélévision.bj,TPE (<10),B2B,Facebook Pages,,Actif,2026-06-29T00:14:35.833553,haute
BJ-DFB8D225,Information Africa,Médias & Communication,Bopa,+229 54 79 82 56,,,TPE (<10),B2B,Facebook Pages,,Actif,2026-06-29T00:14:35.833578,basse
BJ-DAE0E5A5,National Bénin,Médias & Communication,Bopa,+229 40 58 34 11,national.bénin@national.bénin.net,nationalbénin.bj,TPE (<10),B2C,Facebook Pages,,Actif,2026-06-29T00:14:35.833606,haute
BJ-01A10960,Radio Actualité Press,Médias & Communication,Bopa,+229 52 32 30 92,radio.actualité.press@radio.actualité.press.benin,,PME (10-50),B2C,Facebook Pages,,Actif,2026-06-29T00:14:35.833633,moyenne
BJ-47FB99B6,Information,Médias & Communication,Bopa,+229 52 74 16 72,information@information.bj,information.bj,PME (10-50),B2C,Facebook Pages,,Actif,2026-06-29T00:14:35.833661,haute
BJ-F1FA16EB,National Communication,Médias & Communication,Houéyogbé,+229 32 95 95 47,national.communication@national.communication.com,nationalcommunication.bj,TPE (<10),B2B,Facebook Pages,,Actif,2026-06-29T00:14:35.833698,haute
BJ-CDF0F91E,Information Radio,Médias & Communication,Houéyogbé,+229 46 96 92 96,information.radio@information.radio.bj,informationradio.bj,PME (10-50),B2B,Facebook Pages,,Actif,2026-06-29T00:14:35.833725,haute
BJ-E6430C8B,Télévision,Médias & Communication,Houéyogbé,+229 68 29 89 15,télévision@télévision.net,télévision.bj,TPE (<10),B2C,Facebook Pages,,Actif,2026-06-29T00:14:35.833754,haute
BJ-F76493ED,Journal Démocratie,Médias & Communication,Houéyogbé,+229 95 84 85 14,,journaldémocratie.bj,TPE (<10),B2B,Facebook Pages,,Actif,2026-06-29T00:14:35.833784,moyenne
BJ-6F6391F2,Communication Press,Médias & Communication,Houéyogbé,+229 26 80 93 81,communication.press@communication.press.com,,Grande (>200),B2B,Facebook Pages,,Actif,2026-06-29T00:14:35.833813,moyenne
BJ-AE48FBA5,Information,Médias & Communication,Malanville,+229 26 68 87 44,information@information.org,information.bj,TPE (<10),B2B,Facebook Pages,,Actif,2026-06-29T00:14:35.833850,haute
BJ-D7A2FAFD,Journal Journal Malanville,Médias & Communication,Malanville,+229 94 47 21 93,,journaljournalmalanville.bj,PME (50-200),B2B,Facebook Pages,,Actif,2026-06-29T00:14:35.833877,moyenne
BJ-BC00BDD4,TV Journal,Médias & Communication,Malanville,+229 85 76 75 57,,tvjournal.bj,TPE (<10),B2B,Facebook Pages,,Actif,2026-06-29T00:14:35.833909,moyenne
BJ-235B766B,Liberté,Médias & Communication,Malanville,+229 65 33 19 67,liberté@liberté.net,liberté.bj,PME (50-200),B2C,Facebook Pages,,Actif,2026-06-29T00:14:35.833924,haute
BJ-EFEF8E7A,Télévision News,Médias & Communication,Malanville,+229 38 33 10 50,,télévisionnews.bj,PME (50-200),B2C,Facebook Pages,,Actif,2026-06-29T00:14:35.833941,moyenne
BJ-83D96D8D,Radio Media Kandi,Médias & Communication,Kandi,+229 39 93 45 82,radio.media.kandi@radio.media.kandi.net,,PME (10-50),B2B,Facebook Pages,,Actif,2026-06-29T00:14:35.833965,moyenne
BJ-9EB1894D,Communication Nouvelles Kandi,Médias & Communication,Kandi,+229 45 80 71 51,communication.nouvelles.kandi@communication.nouvelles.kandi.com,,TPE (<10),B2B,Facebook Pages,,Actif,2026-06-29T00:14:35.833978,moyenne
BJ-17A6A7B5,Démocratie,Médias & Communication,Kandi,+229 36 37 39 55,,démocratie.bj,PME (10-50),B2C,Facebook Pages,,Actif,2026-06-29T00:14:35.834004,moyenne
BJ-B7FF2E85,Média Démocratie TV,Médias & Communication,Kandi,+229 32 34 93 53,média.démocratie.tv@média.démocratie.tv.bj,médiadémocratietv.bj,PME (50-200),B2B,Facebook Pages,,Actif,2026-06-29T00:14:35.834018,haute
BJ-C93F7C0B,Liberté Banikoara,Médias & Communication,Banikoara,+229 64 95 46 74,liberté.banikoara@liberté.banikoara.bj,libertébanikoara.bj,PME (10-50),B2B,Facebook Pages,,Actif,2026-06-29T00:14:35.834039,haute
BJ-42998E4A,Presse Banikoara,Médias & Communication,Banikoara,+229 95 34 10 86,,,Grande (>200),B2B,Facebook Pages,,Actif,2026-06-29T00:14:35.834050,basse
BJ-5EB690F8,Communication,Médias & Communication,Banikoara,+229 43 88 88 26,communication@communication.benin,communication.bj,TPE (<10),B2B,Facebook Pages,,Actif,2026-06-29T00:14:35.834063,haute
BJ-8033017C,Radio Télévision Africa,Médias & Communication,Banikoara,+229 56 30 31 38,,,PME (10-50),B2B,Facebook Pages,,Actif,2026-06-29T00:14:35.834074,basse
BJ-F8DED4AB,Journal Liberté Radio,Médias & Communication,Banikoara,+229 31 66 15 40,,journallibertéradio.bj,TPE (<10),B2C,Facebook Pages,,Actif,2026-06-29T00:14:35.834086,moyenne
BJ-DE5FC645,Journal International Communication,Médias & Communication,Ségbana,+229 42 27 14 39,,journalinternationalcommunication.bj,PME (10-50),B2B,Facebook Pages,,Actif,2026-06-29T00:14:35.834104,moyenne
BJ-DDD84487,Radio Presse Bénin,Médias & Communication,Ségbana,+229 82 20 48 13,,radiopressebénin.bj,TPE (<10),B2C,Facebook Pages,,Actif,2026-06-29T00:14:35.834117,moyenne
BJ-EE2F96BB,Nouvelles,Médias & Communication,Ségbana,+229 77 25 85 17,,nouvelles.bj,PME (50-200),B2B,Facebook Pages,,Actif,2026-06-29T00:14:35.834128,moyenne
BJ-081C885E,Radio Actualité,Médias & Communication,Ségbana,+229 78 37 87 24,,radioactualité.bj,PME (10-50),B2B,Facebook Pages,,Actif,2026-06-29T00:14:35.834144,moyenne
BJ-119D35B0,Agence Actualité Bénin,Médias & Communication,Ségbana,+229 84 11 36 42,agence.actualité.bénin@agence.actualité.bénin.net,,PME (50-200),B2C,Facebook Pages,,Actif,2026-06-29T00:14:35.834157,moyenne
BJ-FEB6DA1B,TV Liberté,Médias & Communication,Karimama,+229 65 91 64 11,,,TPE (<10),B2C,Facebook Pages,,Actif,2026-06-29T00:14:35.834175,basse
BJ-AAD4B577,Journal Média Bénin,Médias & Communication,Karimama,+229 32 88 17 91,,journalmédiabénin.bj,PME (50-200),B2B,Facebook Pages,,Actif,2026-06-29T00:14:35.834187,moyenne
BJ-AA9B0C25,International TV Karimama,Médias & Communication,Karimama,+229 90 13 69 17,international.tv.karimama@international.tv.karimama.org,internationaltvkarimama.bj,PME (10-50),B2B,Facebook Pages,,Actif,2026-06-29T00:14:35.834200,haute
BJ-E7BDFC6E,TV Nouvelles,Médias & Communication,Karimama,+229 30 10 59 13,tv.nouvelles@tv.nouvelles.bj,tvnouvelles.bj,PME (10-50),B2C,Facebook Pages,,Actif,2026-06-29T00:14:35.834216,haute
BJ-59D4348E,Nouvelles,Médias & Communication,Karimama,+229 35 85 67 28,nouvelles@nouvelles.net,nouvelles.bj,Grande (>200),B2B,Facebook Pages,,Actif,2026-06-29T00:14:35.834229,haute
BJ-E1492AC8,Radio Média Bénin Gogounou,Médias & Communication,Gogounou,+229 95 58 39 61,radio.média.bénin.gogounou@radio.média.bénin.gogounou.bj,radiomédiabéningogounou.bj,PME (50-200),B2C,Facebook Pages,,Actif,2026-06-29T00:14:35.834256,haute
BJ-77F6B7B9,International Communication,Médias & Communication,Gogounou,+229 69 10 21 66,international.communication@international.communication.net,,PME (50-200),B2C,Facebook Pages,,Actif,2026-06-29T00:14:35.834270,moyenne
BJ-852E4951,Publicité Radio,Médias & Communication,Gogounou,+229 66 56 97 72,publicité.radio@publicité.radio.bj,publicitéradio.bj,TPE (<10),B2C,Facebook Pages,,Actif,2026-06-29T00:14:35.834297,haute
BJ-C09295ED,Radio Liberté Press,Médias & Communication,Gogounou,+229 97 66 92 20,,,TPE (<10),B2B,Facebook Pages,,Actif,2026-06-29T00:14:35.834309,basse
BJ-7AAA3E02,Agence International Communication,Médias & Communication,Cobly,+229 59 73 75 77,,agenceinternationalcommunication.bj,PME (10-50),B2B,Facebook Pages,,Actif,2026-06-29T00:14:35.834327,moyenne
BJ-FFA94248,Actualité Communication,Médias & Communication,Cobly,+229 45 83 71 88,actualité.communication@actualité.communication.com,actualitécommunication.bj,TPE (<10),B2B,Facebook Pages,,Actif,2026-06-29T00:14:35.834340,haute
BJ-2001F008,Information TV Cobly,Médias & Communication,Cobly,+229 63 90 85 54,information.tv.cobly@information.tv.cobly.org,informationtvcobly.bj,Grande (>200),B2B,Facebook Pages,,Actif,2026-06-29T00:14:35.834353,haute
BJ-1C0B54A6,International Communication,Médias & Communication,Cobly,+229 23 52 96 65,international.communication@international.communication.com,internationalcommunication.bj,Grande (>200),B2C,Facebook Pages,,Actif,2026-06-29T00:14:35.834370,haute
BJ-6AFD6861,Communication Presse,Médias & Communication,Cobly,+229 65 19 44 52,communication.presse@communication.presse.benin,communicationpresse.bj,TPE (<10),B2B,Facebook Pages,,Actif,2026-06-29T00:14:35.834382,haute
BJ-4C5EF01B,Communication Bénin,Médias & Communication,Tanguiéta,+229 90 17 68 50,,communicationbénin.bj,PME (10-50),B2B,Facebook Pages,,Actif,2026-06-29T00:14:35.834401,moyenne
BJ-BBE8E9EC,Communication Actualité Communication,Médias & Communication,Tanguiéta,+229 51 40 58 95,communication.actualité.communication@communication.actualité.communication.org,communicationactualitécommunication.bj,PME (10-50),B2C,Facebook Pages,,Actif,2026-06-29T00:14:35.834414,haute
BJ-1CD5B789,Radio,Médias & Communication,Tanguiéta,+229 41 40 24 20,radio@radio.com,radio.bj,TPE (<10),B2B,Facebook Pages,,Actif,2026-06-29T00:14:35.834427,haute
BJ-DE2913DA,Radio International Bénin,Médias & Communication,Tanguiéta,+229 88 42 31 74,,radiointernationalbénin.bj,PME (10-50),B2B,Facebook Pages,,Actif,2026-06-29T00:14:35.834441,moyenne
BJ-B207FB7D,Journal Liberté TV,Médias & Communication,Tanguiéta,+229 25 79 12 83,,journallibertétv.bj,PME (50-200),B2C,Facebook Pages,,Actif,2026-06-29T00:14:35.834454,moyenne
BJ-3FA77525,Radio Télévision,Médias & Communication,Matéri,+229 87 99 28 99,,radiotélévision.bj,TPE (<10),B2B,Facebook Pages,,Actif,2026-06-29T00:14:35.834475,moyenne
BJ-385B7C94,Média Presse Matéri,Médias & Communication,Matéri,+229 59 40 57 26,,,PME (10-50),B2B,Facebook Pages,,Actif,2026-06-29T00:14:35.834487,basse
BJ-371B695A,Presse,Médias & Communication,Matéri,+229 26 86 99 63,presse@presse.org,presse.bj,TPE (<10),B2B,Facebook Pages,,Actif,2026-06-29T00:14:35.834503,haute
BJ-DDA23EEA,Démocratie,Médias & Communication,Matéri,+229 21 54 92 81,,,PME (50-200),B2B,Facebook Pages,,Actif,2026-06-29T00:14:35.834514,basse
BJ-92444C76,Presse Communication Communication,Médias & Communication,Matéri,+229 24 82 64 89,presse.communication.communication@presse.communication.communication.net,,TPE (<10),B2C,Facebook Pages,,Actif,2026-06-29T00:14:35.834526,moyenne
BJ-946D8F7C,Nouvelles,Médias & Communication,Natitingou,+229 77 52 97 94,nouvelles@nouvelles.net,nouvelles.bj,PME (10-50),B2B,Facebook Pages,,Actif,2026-06-29T00:14:35.834545,haute
BJ-5E69F309,Agence Communication Communication,Médias & Communication,Natitingou,+229 85 84 92 89,agence.communication.communication@agence.communication.communication.com,,TPE (<10),B2C,Facebook Pages,,Actif,2026-06-29T00:14:35.834557,moyenne
BJ-1EF6E5C7,Média Press,Médias & Communication,Natitingou,+229 44 66 35 92,média.press@média.press.bj,médiapress.bj,PME (50-200),B2B,Facebook Pages,,Actif,2026-06-29T00:14:35.834569,haute
BJ-7CAB526C,National News,Médias & Communication,Natitingou,+229 55 25 77 58,national.news@national.news.bj,nationalnews.bj,PME (10-50),B2C,Facebook Pages,,Actif,2026-06-29T00:14:35.834585,haute
BJ-AE81D706,Communication Télévision Africa,Médias & Communication,Natitingou,+229 79 79 58 14,communication.télévision.africa@communication.télévision.africa.benin,communicationtélévisionafrica.bj,PME (10-50),B2C,Facebook Pages,,Actif,2026-06-29T00:14:35.834599,haute
BJ-627CE696,Média Publicité,Médias & Communication,Toucountouna,+229 76 35 65 56,média.publicité@média.publicité.org,médiapublicité.bj,PME (10-50),B2B,Facebook Pages,,Actif,2026-06-29T00:14:35.834622,haute
BJ-DD1D44D6,TV International Toucountouna,Médias & Communication,Toucountouna,+229 78 98 29 55,tv.international.toucountouna@tv.international.toucountouna.org,tvinternationaltoucountouna.bj,PME (50-200),B2C,Facebook Pages,,Actif,2026-06-29T00:14:35.834635,haute
BJ-1DEE3226,Presse Télévision Toucountouna,Médias & Communication,Toucountouna,+229 74 51 30 83,,pressetélévisiontoucountouna.bj,PME (50-200),B2B,Facebook Pages,,Actif,2026-06-29T00:14:35.834648,moyenne
BJ-5EF10055,Média Télévision,Médias & Communication,Toucountouna,+229 77 66 43 44,,médiatélévision.bj,TPE (<10),B2C,Facebook Pages,,Actif,2026-06-29T00:14:35.834661,moyenne
BJ-6C7F77C2,Journal,Médias & Communication,Toucountouna,+229 84 49 44 59,journal@journal.net,,TPE (<10),B2C,Facebook Pages,,Actif,2026-06-29T00:14:35.834673,moyenne
BJ-B2D24116,Presse International News,Médias & Communication,Boukoumbé,+229 56 97 10 51,presse.international.news@presse.international.news.org,presseinternationalnews.bj,Grande (>200),B2C,Facebook Pages,,Actif,2026-06-29T00:14:35.834691,haute
BJ-2C80C121,Journal National,Médias & Communication,Boukoumbé,+229 74 55 94 55,,journalnational.bj,Grande (>200),B2C,Facebook Pages,,Actif,2026-06-29T00:14:35.834703,moyenne
BJ-A44E7D24,Communication,Médias & Communication,Boukoumbé,+229 60 44 14 44,,,Grande (>200),B2C,Facebook Pages,,Actif,2026-06-29T00:14:35.834714,basse
BJ-8A0B0122,Radio Nouvelles TV,Médias & Communication,Boukoumbé,+229 97 92 24 21,,radionouvellestv.bj,PME (10-50),B2C,Facebook Pages,,Actif,2026-06-29T00:14:35.834731,moyenne
BJ-54F06473,Journal Radio Communication,Médias & Communication,Boukoumbé,+229 56 95 72 64,,journalradiocommunication.bj,PME (10-50),B2C,Facebook Pages,,Actif,2026-06-29T00:14:35.834743,moyenne
BJ-860CE663,Média Information Press,Médias & Communication,Kouandé,+229 79 19 94 87,média.information.press@média.information.press.bj,,PME (50-200),B2B,Facebook Pages,,Actif,2026-06-29T00:14:35.834761,moyenne
BJ-46172A36,Agence Média Africa,Médias & Communication,Kouandé,+229 96 73 58 61,agence.média.africa@agence.média.africa.bj,,TPE (<10),B2C,Facebook Pages,,Actif,2026-06-29T00:14:35.834774,moyenne
BJ-19D83BB1,TV Actualité Bénin,Médias & Communication,Kouandé,+229 49 49 63 85,tv.actualité.bénin@tv.actualité.bénin.com,,PME (50-200),B2B,Facebook Pages,,Actif,2026-06-29T00:14:35.834786,moyenne
BJ-D39599E3,Radio Actualité News,Médias & Communication,Kouandé,+229 46 67 12 66,radio.actualité.news@radio.actualité.news.bj,,PME (10-50),B2C,Facebook Pages,,Actif,2026-06-29T00:14:35.834798,moyenne
BJ-06251639,Communication News,Médias & Communication,Kouandé,+229 88 84 22 62,communication.news@communication.news.com,communicationnews.bj,PME (50-200),B2B,Facebook Pages,,Actif,2026-06-29T00:14:35.834811,haute
BJ-F268618A,Radio Démocratie,Médias & Communication,Péhunco,+229 83 76 70 23,radio.démocratie@radio.démocratie.com,,PME (10-50),B2B,Facebook Pages,,Actif,2026-06-29T00:14:35.834829,moyenne
BJ-5106F53D,Journal Démocratie Péhunco,Médias & Communication,Péhunco,+229 70 51 48 97,journal.démocratie.péhunco@journal.démocratie.péhunco.com,journaldémocratiepéhunco.bj,TPE (<10),B2B,Facebook Pages,,Actif,2026-06-29T00:14:35.834843,haute
BJ-86548129,Presse,Médias & Communication,Péhunco,+229 21 49 18 47,presse@presse.org,presse.bj,PME (10-50),B2C,Facebook Pages,,Actif,2026-06-29T00:14:35.834855,haute
BJ-EB73C734,Média Télévision TV,Médias & Communication,Péhunco,+229 47 61 60 44,média.télévision.tv@média.télévision.tv.com,,PME (50-200),B2C,Facebook Pages,,Actif,2026-06-29T00:14:35.834871,moyenne
BJ-B8ED5714,National TV,Médias & Communication,Péhunco,+229 95 97 94 23,national.tv@national.tv.org,nationaltv.bj,PME (10-50),B2C,Facebook Pages,,Actif,2026-06-29T00:14:35.834884,haute
BJ-4FC90CEC,Presse International,Médias & Communication,Tchaourou,+229 51 51 98 98,presse.international@presse.international.com,presseinternational.bj,Grande (>200),B2B,Facebook Pages,,Actif,2026-06-29T00:14:35.834915,haute
BJ-F062A4F0,Publicité Tchaourou,Médias & Communication,Tchaourou,+229 69 97 68 63,,publicitétchaourou.bj,PME (10-50),B2C,Facebook Pages,,Actif,2026-06-29T00:14:35.834928,moyenne
BJ-4C5FC624,Information Africa Tchaourou,Médias & Communication,Tchaourou,+229 75 85 94 21,,informationafricatchaourou.bj,TPE (<10),B2C,Facebook Pages,,Actif,2026-06-29T00:14:35.834940,moyenne
BJ-68D0E9E6,Presse News,Médias & Communication,Tchaourou,+229 70 98 63 88,,pressenews.bj,TPE (<10),B2C,Facebook Pages,,Actif,2026-06-29T00:14:35.834951,moyenne
BJ-58940670,Radio Média,Médias & Communication,Tchaourou,+229 75 62 67 87,radio.média@radio.média.net,radiomédia.bj,PME (50-200),B2B,Facebook Pages,,Actif,2026-06-29T00:14:35.834968,haute
BJ-A0789887,National News,Médias & Communication,Nikki,+229 80 96 24 97,,nationalnews.bj,PME (50-200),B2C,Facebook Pages,,Actif,2026-06-29T00:14:35.834995,moyenne
BJ-ABF44CF3,Agence Liberté TV,Médias & Communication,Nikki,+229 93 85 76 44,agence.liberté.tv@agence.liberté.tv.com,agencelibertétv.bj,Grande (>200),B2C,Facebook Pages,,Actif,2026-06-29T00:14:35.835009,haute
BJ-5762392C,Journal Publicité Bénin Nikki,Médias & Communication,Nikki,+229 55 85 34 37,journal.publicité.bénin.nikki@journal.publicité.bénin.nikki.com,,Grande (>200),B2B,Facebook Pages,,Actif,2026-06-29T00:14:35.835022,moyenne
BJ-ED7CD26E,Publicité News,Médias & Communication,Nikki,+229 93 68 33 33,publicité.news@publicité.news.benin,publiciténews.bj,PME (50-200),B2B,Facebook Pages,,Actif,2026-06-29T00:14:35.835038,haute
BJ-73371CF5,Démocratie Communication Nikki,Médias & Communication,Nikki,+229 52 34 74 27,,démocratiecommunicationnikki.bj,TPE (<10),B2C,Facebook Pages,,Actif,2026-06-29T00:14:35.835051,moyenne
BJ-098D98A5,Média Information,Médias & Communication,Bembéréké,+229 88 44 54 69,média.information@média.information.com,médiainformation.bj,TPE (<10),B2C,Facebook Pages,,Actif,2026-06-29T00:14:35.835071,haute
BJ-0D8A540B,Journal Information,Médias & Communication,Bembéréké,+229 31 38 46 11,,journalinformation.bj,PME (50-200),B2C,Facebook Pages,,Actif,2026-06-29T00:14:35.835094,moyenne
BJ-48F807AE,International,Médias & Communication,Bembéréké,+229 50 35 27 38,international@international.org,,PME (10-50),B2C,Facebook Pages,,Actif,2026-06-29T00:14:35.835106,moyenne
BJ-2A794792,Communication Radio,Médias & Communication,Bembéréké,+229 42 70 42 90,,,PME (10-50),B2C,Facebook Pages,,Actif,2026-06-29T00:14:35.835117,basse
BJ-6548B8A7,Radio Actualité,Médias & Communication,Kalalé,+229 60 56 24 93,,,Grande (>200),B2C,Facebook Pages,,Actif,2026-06-29T00:14:35.835133,basse
BJ-4623882E,Radio Communication,Médias & Communication,Kalalé,+229 50 85 63 17,radio.communication@radio.communication.org,radiocommunication.bj,TPE (<10),B2C,Facebook Pages,,Actif,2026-06-29T00:14:35.835146,haute
BJ-6F2F4505,Information Africa,Médias & Communication,Kalalé,+229 79 29 48 64,,informationafrica.bj,TPE (<10),B2C,Facebook Pages,,Actif,2026-06-29T00:14:35.835157,moyenne
BJ-5520B632,Agence Actualité Kalalé,Médias & Communication,Kalalé,+229 70 38 34 61,agence.actualité.kalalé@agence.actualité.kalalé.org,agenceactualitékalalé.bj,PME (50-200),B2B,Facebook Pages,,Actif,2026-06-29T00:14:35.835173,haute
BJ-CA6ACAC9,Presse News,Médias & Communication,Kalalé,+229 93 20 97 84,,,Grande (>200),B2C,Facebook Pages,,Actif,2026-06-29T00:14:35.835184,basse
BJ-3E2E12E8,Nouvelles Press,Médias & Communication,Ndali,+229 50 83 35 37,nouvelles.press@nouvelles.press.net,nouvellespress.bj,TPE (<10),B2B,Facebook Pages,,Actif,2026-06-29T00:14:35.835203,haute
BJ-B47C4672,Média Ndali,Médias & Communication,Ndali,+229 45 24 60 80,média.ndali@média.ndali.bj,médiandali.bj,PME (50-200),B2C,Facebook Pages,,Actif,2026-06-29T00:14:35.835216,haute
BJ-5FBD2BCD,Presse,Médias & Communication,Ndali,+229 97 16 46 31,,presse.bj,Grande (>200),B2B,Facebook Pages,,Actif,2026-06-29T00:14:35.835231,moyenne
BJ-81337816,Télévision Media,Médias & Communication,Ndali,+229 49 28 48 39,télévision.media@télévision.media.org,télévisionmedia.bj,PME (50-200),B2B,Facebook Pages,,Actif,2026-06-29T00:14:35.835245,haute
BJ-278CCB5B,Communication International Radio,Médias & Communication,Ndali,+229 84 98 46 59,,communicationinternationalradio.bj,TPE (<10),B2C,Facebook Pages,,Actif,2026-06-29T00:14:35.835256,moyenne
BJ-9B707B32,National Ségbana,Médias & Communication,Ségbana,+229 78 94 74 88,,,PME (50-200),B2B,Facebook Pages,,Actif,2026-06-29T00:14:35.835272,basse
BJ-D6515ADA,Agence Radio,Médias & Communication,Ségbana,+229 51 57 67 47,agence.radio@agence.radio.com,agenceradio.bj,PME (50-200),B2B,Facebook Pages,,Actif,2026-06-29T00:14:35.835285,haute
BJ-9A9AF273,Radio Press,Médias & Communication,Ségbana,+229 98 45 19 28,radio.press@radio.press.org,radiopress.bj,PME (10-50),B2B,Facebook Pages,,Actif,2026-06-29T00:14:35.835298,haute
BJ-1CCD6D74,Presse Ségbana,Médias & Communication,Ségbana,+229 45 83 15 31,,,TPE (<10),B2B,Facebook Pages,,Actif,2026-06-29T00:14:35.835312,basse
BJ-E8750268,Journal Communication Media,Médias & Communication,Ségbana,+229 87 83 95 98,,,PME (10-50),B2B,Facebook Pages,,Actif,2026-06-29T00:14:35.835344,basse
BJ-B19522CF,Agence Nouvelles TV,Médias & Communication,Tchaourou,+229 85 73 30 39,agence.nouvelles.tv@agence.nouvelles.tv.bj,agencenouvellestv.bj,PME (10-50),B2B,Facebook Pages,,Actif,2026-06-29T00:14:35.835363,haute
BJ-BD98887E,Radio Démocratie Tchaourou,Médias & Communication,Tchaourou,+229 79 42 88 15,radio.démocratie.tchaourou@radio.démocratie.tchaourou.bj,,PME (50-200),B2C,Facebook Pages,,Actif,2026-06-29T00:14:35.835381,moyenne
BJ-5E37C81E,TV Démocratie,Médias & Communication,Tchaourou,+229 78 28 85 95,tv.démocratie@tv.démocratie.com,tvdémocratie.bj,PME (50-200),B2C,Facebook Pages,,Actif,2026-06-29T00:14:35.835395,haute
BJ-90AA3110,Radio Communication,Médias & Communication,Tchaourou,+229 81 80 72 81,,,PME (50-200),B2B,Facebook Pages,,Actif,2026-06-29T00:14:35.835406,basse
BJ-A79B7DB8,Nouvelles,Médias & Communication,Tchaourou,+229 21 68 26 86,,,PME (10-50),B2C,Facebook Pages,,Actif,2026-06-29T00:14:35.835417,basse
BJ-2C8BA564,Radio,Médias & Communication,Bétérou,+229 86 82 27 81,,,PME (10-50),B2C,Facebook Pages,,Actif,2026-06-29T00:14:35.835434,basse
BJ-4E9DC7BB,Presse Radio Communication,Médias & Communication,Bétérou,+229 38 14 68 16,presse.radio.communication@presse.radio.communication.net,presseradiocommunication.bj,PME (10-50),B2B,Facebook Pages,,Actif,2026-06-29T00:14:35.835448,haute
BJ-F2295DAC,Presse Nouvelles TV,Médias & Communication,Bétérou,+229 90 64 69 57,,pressenouvellestv.bj,TPE (<10),B2C,Facebook Pages,,Actif,2026-06-29T00:14:35.835462,moyenne
BJ-D4F57BF5,National Media Bétérou,Médias & Communication,Bétérou,+229 32 67 21 48,national.media.bétérou@national.media.bétérou.bj,nationalmediabétérou.bj,PME (10-50),B2C,Facebook Pages,,Actif,2026-06-29T00:14:35.835479,haute
BJ-4AEFDA81,Publicité,Médias & Communication,Bétérou,+229 22 91 69 61,,publicité.bj,PME (10-50),B2C,Facebook Pages,,Actif,2026-06-29T00:14:35.835491,moyenne
BJ-469322D2,Journal Liberté,Médias & Communication,Ouessè,+229 59 64 78 88,,,PME (10-50),B2B,Facebook Pages,,Actif,2026-06-29T00:14:35.835509,basse
BJ-10FA2A71,Agence Nouvelles,Médias & Communication,Ouessè,+229 54 45 23 58,agence.nouvelles@agence.nouvelles.benin,agencenouvelles.bj,PME (50-200),B2C,Facebook Pages,,Actif,2026-06-29T00:14:35.835521,haute
BJ-04B9FF06,Radio Information,Médias & Communication,Ouessè,+229 95 98 24 96,radio.information@radio.information.benin,,PME (10-50),B2B,Facebook Pages,,Actif,2026-06-29T00:14:35.835533,moyenne
BJ-916DEA44,Nouvelles News Ouessè,Médias & Communication,Ouessè,+229 45 19 94 94,,nouvellesnewsouessè.bj,PME (50-200),B2B,Facebook Pages,,Actif,2026-06-29T00:14:35.835545,moyenne
BJ-60832662,Radio,Médias & Communication,Ouessè,+229 25 28 61 86,radio@radio.net,radio.bj,PME (10-50),B2B,Facebook Pages,,Actif,2026-06-29T00:14:35.835558,haute
BJ-029542E9,Actualité,Médias & Communication,Glazoué,+229 94 56 42 17,,actualité.bj,PME (50-200),B2C,Facebook Pages,,Actif,2026-06-29T00:14:35.835575,moyenne
BJ-1D7897A3,Presse Africa,Médias & Communication,Glazoué,+229 41 83 73 49,presse.africa@presse.africa.benin,presseafrica.bj,PME (10-50),B2B,Facebook Pages,,Actif,2026-06-29T00:14:35.835588,haute
BJ-15FE8836,Journal Information Bénin Glazoué,Médias & Communication,Glazoué,+229 75 62 85 59,journal.information.bénin.glazoué@journal.information.bénin.glazoué.net,,Grande (>200),B2B,Facebook Pages,,Actif,2026-06-29T00:14:35.835601,moyenne
BJ-D43D9B71,Communication Information,Médias & Communication,Glazoué,+229 51 47 44 22,,,Grande (>200),B2B,Facebook Pages,,Actif,2026-06-29T00:14:35.835615,basse
BJ-1B4567AA,Journal Journal,Médias & Communication,Glazoué,+229 83 95 84 25,journal.journal@journal.journal.org,,TPE (<10),B2B,Facebook Pages,,Actif,2026-06-29T00:14:35.835627,moyenne
BJ-EF7D8333,Communication Presse,Médias & Communication,Dassa-Zoumè,+229 83 69 24 61,,communicationpresse.bj,TPE (<10),B2B,Facebook Pages,,Actif,2026-06-29T00:14:35.835645,moyenne
BJ-C8EABD9C,Journal News,Médias & Communication,Dassa-Zoumè,+229 58 84 30 47,journal.news@journal.news.net,journalnews.bj,PME (10-50),B2C,Facebook Pages,,Actif,2026-06-29T00:14:35.835657,haute
BJ-D843D74B,Télévision Press Dassa-Zoumè,Médias & Communication,Dassa-Zoumè,+229 24 17 65 50,,télévisionpressdassazoumè.bj,TPE (<10),B2B,Facebook Pages,,Actif,2026-06-29T00:14:35.835670,moyenne
BJ-F055B755,Presse National,Médias & Communication,Dassa-Zoumè,+229 83 75 32 31,presse.national@presse.national.net,pressenational.bj,TPE (<10),B2B,Facebook Pages,,Actif,2026-06-29T00:14:35.835686,haute
BJ-BEE5D2AF,Média Actualité Radio,Médias & Communication,Dassa-Zoumè,+229 49 28 40 66,média.actualité.radio@média.actualité.radio.org,médiaactualitéradio.bj,PME (10-50),B2C,Facebook Pages,,Actif,2026-06-29T00:14:35.835703,haute
BJ-FB730EAF,Média Publicité,Médias & Communication,Savalou,+229 96 70 78 63,média.publicité@média.publicité.com,médiapublicité.bj,PME (10-50),B2C,Facebook Pages,,Actif,2026-06-29T00:14:35.835723,haute
BJ-CBD2282A,Média Actualité News,Médias & Communication,Savalou,+229 50 13 71 88,média.actualité.news@média.actualité.news.net,médiaactualiténews.bj,PME (10-50),B2B,Facebook Pages,,Actif,2026-06-29T00:14:35.835736,haute
BJ-675AC879,Radio Media,Médias & Communication,Savalou,+229 91 39 18 79,,radiomedia.bj,PME (50-200),B2C,Facebook Pages,,Actif,2026-06-29T00:14:35.835747,moyenne
BJ-0B6A8C4C,Journal Publicité Bénin,Médias & Communication,Savalou,+229 23 48 24 87,journal.publicité.bénin@journal.publicité.bénin.benin,,Grande (>200),B2C,Facebook Pages,,Actif,2026-06-29T00:14:35.835763,moyenne
BJ-80236C0C,Communication Publicité,Médias & Communication,Savalou,+229 40 54 42 96,communication.publicité@communication.publicité.benin,,PME (50-200),B2C,Facebook Pages,,Actif,2026-06-29T00:14:35.835775,moyenne
BJ-1C9773D2,TV Information,Médias & Communication,Bantè,+229 90 86 73 70,,tvinformation.bj,TPE (<10),B2C,Facebook Pages,,Actif,2026-06-29T00:14:35.835793,moyenne
BJ-8A2A4CA4,Radio National News,Médias & Communication,Bantè,+229 61 59 45 62,radio.national.news@radio.national.news.benin,radionationalnews.bj,TPE (<10),B2B,Facebook Pages,,Actif,2026-06-29T00:14:35.835806,haute
BJ-0CD89206,Communication Télévision,Médias & Communication,Bantè,+229 95 20 79 49,,communicationtélévision.bj,TPE (<10),B2C,Facebook Pages,,Actif,2026-06-29T00:14:35.835818,moyenne
BJ-67EFB9B0,Démocratie,Médias & Communication,Bantè,+229 53 87 47 67,démocratie@démocratie.com,,TPE (<10),B2B,Facebook Pages,,Actif,2026-06-29T00:14:35.835830,moyenne
BJ-71DC975B,Radio Actualité News,Médias & Communication,Bantè,+229 53 81 36 60,radio.actualité.news@radio.actualité.news.benin,radioactualiténews.bj,PME (50-200),B2B,Facebook Pages,,Actif,2026-06-29T00:14:35.835843,haute
BJ-AD3F53E6,Communication Actualité Djougou,Médias & Communication,Djougou,+229 51 21 26 18,communication.actualité.djougou@communication.actualité.djougou.com,communicationactualitédjougou.bj,TPE (<10),B2C,Facebook Pages,,Actif,2026-06-29T00:14:35.835862,haute
BJ-44AA60E8,Liberté TV,Médias & Communication,Djougou,+229 56 85 99 90,liberté.tv@liberté.tv.benin,libertétv.bj,PME (50-200),B2B,Facebook Pages,,Actif,2026-06-29T00:14:35.835875,haute
BJ-48A26B66,Radio Information Djougou,Médias & Communication,Djougou,+229 99 98 21 52,,radioinformationdjougou.bj,TPE (<10),B2B,Facebook Pages,,Actif,2026-06-29T00:14:35.835886,moyenne
BJ-D8D5F008,Publicité News Djougou,Médias & Communication,Djougou,+229 94 94 96 27,,publiciténewsdjougou.bj,TPE (<10),B2B,Facebook Pages,,Actif,2026-06-29T00:14:35.835923,moyenne
BJ-8B2D00A7,Presse Press,Médias & Communication,Djougou,+229 48 60 91 43,,,TPE (<10),B2B,Facebook Pages,,Actif,2026-06-29T00:14:35.835936,basse
BJ-BDAC9A58,Agence Liberté Press,Médias & Communication,Ouèssè,+229 92 94 66 77,agence.liberté.press@agence.liberté.press.com,agencelibertépress.bj,TPE (<10),B2C,Facebook Pages,,Actif,2026-06-29T00:14:35.835963,haute
BJ-5045C0A4,Média Radio,Médias & Communication,Ouèssè,+229 91 91 87 43,média.radio@média.radio.bj,médiaradio.bj,PME (50-200),B2C,Facebook Pages,,Actif,2026-06-29T00:14:35.835980,haute
BJ-86B8DFE7,Presse Liberté Press,Médias & Communication,Ouèssè,+229 77 97 96 94,presse.liberté.press@presse.liberté.press.bj,presselibertépress.bj,Grande (>200),B2B,Facebook Pages,,Actif,2026-06-29T00:14:35.835998,haute
BJ-FB197F0B,Agence Presse,Médias & Communication,Ouèssè,+229 96 95 55 67,agence.presse@agence.presse.benin,,Grande (>200),B2B,Facebook Pages,,Actif,2026-06-29T00:14:35.836010,moyenne
BJ-6B674674,Média International Radio Ouèssè,Médias & Communication,Ouèssè,+229 94 29 42 48,média.international.radio.ouèssè@média.international.radio.ouèssè.org,médiainternationalradioouèssè.bj,TPE (<10),B2B,Facebook Pages,,Actif,2026-06-29T00:14:35.836024,haute
BJ-690EA33A,Journal Liberté,Médias & Communication,Bassila,+229 65 65 29 68,,journalliberté.bj,PME (10-50),B2B,Facebook Pages,,Actif,2026-06-29T00:14:35.836042,moyenne
BJ-A92BBBD1,Journal Média Bénin,Médias & Communication,Bassila,+229 67 66 66 74,journal.média.bénin@journal.média.bénin.benin,journalmédiabénin.bj,Grande (>200),B2B,Facebook Pages,,Actif,2026-06-29T00:14:35.836059,haute
BJ-023A7FF6,Actualité,Médias & Communication,Bassila,+229 29 12 75 33,actualité@actualité.net,,TPE (<10),B2C,Facebook Pages,,Actif,2026-06-29T00:14:35.836071,moyenne
BJ-A33E8BFF,Journal National Bassila,Médias & Communication,Bassila,+229 57 47 20 24,journal.national.bassila@journal.national.bassila.benin,,PME (10-50),B2C,Facebook Pages,,Actif,2026-06-29T00:14:35.836086,moyenne
BJ-F0FCEBFC,Média Média Press,Médias & Communication,Bassila,+229 48 17 40 20,média.média.press@média.média.press.com,médiamédiapress.bj,TPE (<10),B2C,Facebook Pages,,Actif,2026-06-29T00:14:35.836100,haute
BJ-1B8E8E51,Liberté News Pehunco,Médias & Communication,Pehunco,+229 83 36 53 70,liberté.news.pehunco@liberté.news.pehunco.bj,liberténewspehunco.bj,TPE (<10),B2C,Facebook Pages,,Actif,2026-06-29T00:14:35.836119,haute
BJ-BD8D8299,TV Liberté Pehunco,Médias & Communication,Pehunco,+229 22 69 40 10,tv.liberté.pehunco@tv.liberté.pehunco.net,tvlibertépehunco.bj,TPE (<10),B2C,Facebook Pages,,Actif,2026-06-29T00:14:35.836133,haute
BJ-36206D5C,Journal Nouvelles News,Médias & Communication,Pehunco,+229 52 60 95 84,,journalnouvellesnews.bj,Grande (>200),B2B,Facebook Pages,,Actif,2026-06-29T00:14:35.836145,moyenne
BJ-CB5B9934,Presse Nouvelles,Médias & Communication,Pehunco,+229 91 28 85 87,presse.nouvelles@presse.nouvelles.com,,Grande (>200),B2B,Facebook Pages,,Actif,2026-06-29T00:14:35.836157,moyenne
BJ-5628E2D1,Nouvelles Radio,Médias & Communication,Pehunco,+229 54 79 60 17,nouvelles.radio@nouvelles.radio.org,nouvellesradio.bj,TPE (<10),B2C,Facebook Pages,,Actif,2026-06-29T00:14:35.836169,haute
BJ-18286D7B,Agence Communication,Médias & Communication,Copargo,+229 97 68 37 49,agence.communication@agence.communication.net,,PME (10-50),B2C,Facebook Pages,,Actif,2026-06-29T00:14:35.836187,moyenne
BJ-E2E8453A,Information Radio,Médias & Communication,Copargo,+229 72 16 66 26,information.radio@information.radio.org,,PME (50-200),B2C,Facebook Pages,,Actif,2026-06-29T00:14:35.836199,moyenne
BJ-C4809CC9,National,Médias & Communication,Copargo,+229 60 35 96 68,national@national.com,national.bj,TPE (<10),B2B,Facebook Pages,,Actif,2026-06-29T00:14:35.836226,haute
BJ-F2136813,Radio Démocratie,Médias & Communication,Copargo,+229 42 27 77 56,,radiodémocratie.bj,PME (10-50),B2C,Facebook Pages,,Actif,2026-06-29T00:14:35.836272,moyenne
BJ-1F40B9FE,Communication International,Médias & Communication,Copargo,+229 63 96 71 11,communication.international@communication.international.net,communicationinternational.bj,PME (10-50),B2C,Facebook Pages,,Actif,2026-06-29T00:14:35.836303,haute
BJ-55CC33FE,Organisation Social,ONG & Associations,Cotonou,+229 64 48 80 49,,,TPE (<10),B2C,Facebook Pages,,Actif,2026-06-29T00:14:35.836343,basse
BJ-E477D15C,Droits International,ONG & Associations,Cotonou,+229 66 89 43 55,droits.international@droits.international.net,droitsinternational.bj,PME (10-50),B2C,Facebook Pages,,Actif,2026-06-29T00:14:35.836375,haute
BJ-161F9B83,Éducation,ONG & Associations,Cotonou,+229 89 78 61 85,,,PME (10-50),B2B,Facebook Pages,,Actif,2026-06-29T00:14:35.836402,basse
BJ-FEA7E211,Fondation Enfant,ONG & Associations,Cotonou,+229 51 36 66 29,,fondationenfant.bj,PME (50-200),B2B,Facebook Pages,,Actif,2026-06-29T00:14:35.836428,moyenne
BJ-A99D501E,Culture Cotonou,ONG & Associations,Cotonou,+229 61 10 70 12,,,TPE (<10),B2B,Facebook Pages,,Actif,2026-06-29T00:14:35.836453,basse
BJ-2668EE09,Droits ONG,ONG & Associations,Abomey-Calavi,+229 77 64 82 45,,droitsong.bj,TPE (<10),B2C,Facebook Pages,,Actif,2026-06-29T00:14:35.836492,moyenne
BJ-D8DC59FA,Association Santé Africa Abomey-Calavi,ONG & Associations,Abomey-Calavi,+229 41 57 35 65,association.santé.africa.abomeycalavi@association.santé.africa.abomeycalavi.net,associationsantéafricaabomeycalavi.bj,TPE (<10),B2C,Facebook Pages,,Actif,2026-06-29T00:14:35.836527,haute
BJ-DCED277C,Culture,ONG & Associations,Abomey-Calavi,+229 75 52 64 37,,,PME (10-50),B2B,Facebook Pages,,Actif,2026-06-29T00:14:35.836551,basse
BJ-BBE9D057,Fondation Droits Abomey-Calavi,ONG & Associations,Abomey-Calavi,+229 78 23 78 78,,fondationdroitsabomeycalavi.bj,Grande (>200),B2B,Facebook Pages,,Actif,2026-06-29T00:14:35.836582,moyenne
BJ-C44BE765,Sport Abomey-Calavi,ONG & Associations,Abomey-Calavi,+229 84 76 57 97,sport.abomeycalavi@sport.abomeycalavi.net,sportabomeycalavi.bj,PME (50-200),B2B,Facebook Pages,,Actif,2026-06-29T00:14:35.836612,haute
BJ-75A44B50,Enfant ONG,ONG & Associations,Porto-Novo,+229 23 78 23 73,,,PME (10-50),B2B,Facebook Pages,,Actif,2026-06-29T00:14:35.836669,basse
BJ-2CDE1E73,Club Aide Association Porto-Novo,ONG & Associations,Porto-Novo,+229 87 77 50 58,club.aide.association.portonovo@club.aide.association.portonovo.benin,clubaideassociationportonovo.bj,TPE (<10),B2B,Facebook Pages,,Actif,2026-06-29T00:14:35.836684,haute
BJ-85F9A00A,Organisation Sport ONG,ONG & Associations,Porto-Novo,+229 49 64 27 22,,organisationsportong.bj,PME (10-50),B2B,Facebook Pages,,Actif,2026-06-29T00:14:35.836701,moyenne
BJ-6BD2BE0B,Sport International,ONG & Associations,Porto-Novo,+229 50 24 40 85,sport.international@sport.international.com,sportinternational.bj,PME (50-200),B2B,Facebook Pages,,Actif,2026-06-29T00:14:35.836718,haute
BJ-2E7A01B0,Droits Parakou,ONG & Associations,Parakou,+229 90 74 76 19,droits.parakou@droits.parakou.org,,Grande (>200),B2C,Facebook Pages,,Actif,2026-06-29T00:14:35.836750,moyenne
BJ-A622E1BB,Culture Africa,ONG & Associations,Parakou,+229 34 68 14 68,,cultureafrica.bj,TPE (<10),B2B,Facebook Pages,,Actif,2026-06-29T00:14:35.836762,moyenne
BJ-5626B487,Organisation Femme,ONG & Associations,Parakou,+229 31 70 21 64,,,Grande (>200),B2B,Facebook Pages,,Actif,2026-06-29T00:14:35.836773,basse
BJ-7FD214B3,Aide,ONG & Associations,Parakou,+229 78 18 34 93,aide@aide.org,aide.bj,TPE (<10),B2C,Facebook Pages,,Actif,2026-06-29T00:14:35.836789,haute
BJ-E4D2D0A3,Femme,ONG & Associations,Parakou,+229 99 47 89 40,,,PME (10-50),B2B,Facebook Pages,,Actif,2026-06-29T00:14:35.836800,basse
BJ-0DF10F63,Société Humanitaire,ONG & Associations,Bohicon,+229 67 18 78 80,,,PME (10-50),B2C,Facebook Pages,,Actif,2026-06-29T00:14:35.836818,basse
BJ-26DEC291,Société Droits Bohicon,ONG & Associations,Bohicon,+229 50 96 74 62,société.droits.bohicon@société.droits.bohicon.com,sociétédroitsbohicon.bj,PME (50-200),B2B,Facebook Pages,,Actif,2026-06-29T00:14:35.836832,haute
BJ-CD8D0E24,ONG Éducation ONG,ONG & Associations,Bohicon,+229 38 45 26 57,,,PME (10-50),B2C,Facebook Pages,,Actif,2026-06-29T00:14:35.836843,basse
BJ-649B3697,Environnement Fondation Bohicon,ONG & Associations,Bohicon,+229 38 84 70 64,,,PME (10-50),B2C,Facebook Pages,,Actif,2026-06-29T00:14:35.836854,basse
BJ-4A40C63D,Social Organisation,ONG & Associations,Bohicon,+229 74 38 53 73,social.organisation@social.organisation.org,,PME (50-200),B2C,Facebook Pages,,Actif,2026-06-29T00:14:35.836865,moyenne
BJ-5993BA60,Fondation Aide ONG,ONG & Associations,Natitingou,+229 88 26 50 59,fondation.aide.ong@fondation.aide.ong.com,,PME (50-200),B2B,Facebook Pages,,Actif,2026-06-29T00:14:35.836882,moyenne
BJ-050F86DF,Droits ONG,ONG & Associations,Natitingou,+229 46 81 10 87,,,TPE (<10),B2B,Facebook Pages,,Actif,2026-06-29T00:14:35.836912,basse
BJ-DFAF0992,Club Humanitaire Bénin Natitingou,ONG & Associations,Natitingou,+229 87 28 18 85,club.humanitaire.bénin.natitingou@club.humanitaire.bénin.natitingou.bj,,PME (10-50),B2B,Facebook Pages,,Actif,2026-06-29T00:14:35.836945,moyenne
BJ-C2887B55,Sport,ONG & Associations,Lokossa,+229 20 49 84 46,sport@sport.net,sport.bj,TPE (<10),B2C,Facebook Pages,,Actif,2026-06-29T00:14:35.836981,haute
BJ-40C9F907,Jeunesse,ONG & Associations,Lokossa,+229 43 95 59 57,jeunesse@jeunesse.bj,,PME (10-50),B2C,Facebook Pages,,Actif,2026-06-29T00:14:35.836993,moyenne
BJ-6E291D91,Fondation Femme International,ONG & Associations,Lokossa,+229 23 71 36 30,,fondationfemmeinternational.bj,PME (10-50),B2C,Facebook Pages,,Actif,2026-06-29T00:14:35.837004,moyenne
BJ-498BBB0D,Organisation Social International Lokossa,ONG & Associations,Lokossa,+229 33 86 49 58,organisation.social.international.lokossa@organisation.social.international.lokossa.org,,PME (10-50),B2C,Facebook Pages,,Actif,2026-06-29T00:14:35.837016,moyenne
BJ-B80EA231,Organisation Solidarité,ONG & Associations,Lokossa,+229 71 20 18 62,organisation.solidarité@organisation.solidarité.net,,PME (10-50),B2C,Facebook Pages,,Actif,2026-06-29T00:14:35.837028,moyenne
BJ-A332A17D,Social ONG,ONG & Associations,Ouidah,+229 84 28 43 78,social.ong@social.ong.benin,socialong.bj,PME (50-200),B2C,Facebook Pages,,Actif,2026-06-29T00:14:35.837046,haute
BJ-A6D32E00,Jeunesse Fondation Ouidah,ONG & Associations,Ouidah,+229 83 53 10 42,,jeunessefondationouidah.bj,TPE (<10),B2B,Facebook Pages,,Actif,2026-06-29T00:14:35.837058,moyenne
BJ-D68388BF,Droits Ouidah,ONG & Associations,Ouidah,+229 67 12 58 85,droits.ouidah@droits.ouidah.net,,PME (10-50),B2C,Facebook Pages,,Actif,2026-06-29T00:14:35.837070,moyenne
BJ-561D2FA3,ONG Enfant Africa,ONG & Associations,Ouidah,+229 26 50 12 74,,ongenfantafrica.bj,TPE (<10),B2B,Facebook Pages,,Actif,2026-06-29T00:14:35.837084,moyenne
BJ-1F7021CE,Société Développement,ONG & Associations,Ouidah,+229 79 98 76 86,,,PME (10-50),B2B,Facebook Pages,,Actif,2026-06-29T00:14:35.837096,basse
BJ-D8B5356B,Société Social,ONG & Associations,Savalou,+229 54 27 35 13,société.social@société.social.com,,PME (50-200),B2C,Facebook Pages,,Actif,2026-06-29T00:14:35.837114,moyenne
BJ-D4CBC9DF,Organisation Éducation,ONG & Associations,Savalou,+229 34 60 81 45,,organisationéducation.bj,PME (50-200),B2C,Facebook Pages,,Actif,2026-06-29T00:14:35.837129,moyenne
BJ-2ED9226D,Santé ONG Savalou,ONG & Associations,Savalou,+229 78 45 63 67,santé.ong.savalou@santé.ong.savalou.com,,Grande (>200),B2C,Facebook Pages,,Actif,2026-06-29T00:14:35.837142,moyenne
BJ-E77A4CE6,Enfant,ONG & Associations,Savalou,+229 48 29 24 55,enfant@enfant.org,enfant.bj,TPE (<10),B2C,Facebook Pages,,Actif,2026-06-29T00:14:35.837154,haute
BJ-D7C959A5,ONG Éducation,ONG & Associations,Savalou,+229 62 98 47 95,,,PME (50-200),B2B,Facebook Pages,,Actif,2026-06-29T00:14:35.837165,basse
BJ-1E33226D,ONG Jeunesse,ONG & Associations,Dassa-Zoumè,+229 28 44 69 60,ong.jeunesse@ong.jeunesse.bj,ongjeunesse.bj,TPE (<10),B2B,Facebook Pages,,Actif,2026-06-29T00:14:35.837187,haute
BJ-6670F8E7,Organisation Environnement,ONG & Associations,Dassa-Zoumè,+229 41 92 71 53,,organisationenvironnement.bj,TPE (<10),B2B,Facebook Pages,,Actif,2026-06-29T00:14:35.837199,moyenne
BJ-0A544BDA,Développement,ONG & Associations,Dassa-Zoumè,+229 80 92 84 17,,,PME (10-50),B2B,Facebook Pages,,Actif,2026-06-29T00:14:35.837210,basse
BJ-04C36EDC,Aide Association,ONG & Associations,Dassa-Zoumè,+229 59 54 46 18,aide.association@aide.association.benin,aideassociation.bj,TPE (<10),B2C,Facebook Pages,,Actif,2026-06-29T00:14:35.837238,haute
BJ-ABA5B72A,Santé International,ONG & Associations,Kétou,+229 95 48 88 52,santé.international@santé.international.benin,,PME (10-50),B2B,Facebook Pages,,Actif,2026-06-29T00:14:35.837256,moyenne
BJ-D819F1BE,Association Jeunesse,ONG & Associations,Kétou,+229 98 61 42 12,,,TPE (<10),B2C,Facebook Pages,,Actif,2026-06-29T00:14:35.837280,basse
BJ-2438D75E,Club Solidarité Africa Kétou,ONG & Associations,Kétou,+229 91 93 48 10,,clubsolidaritéafricakétou.bj,TPE (<10),B2C,Facebook Pages,,Actif,2026-06-29T00:14:35.837293,moyenne
BJ-8417E19A,Association Jeunesse Association,ONG & Associations,Kétou,+229 92 47 22 99,,associationjeunesseassociation.bj,Grande (>200),B2B,Facebook Pages,,Actif,2026-06-29T00:14:35.837304,moyenne
BJ-18BEFC70,Club Social,ONG & Associations,Covè,+229 65 61 84 26,club.social@club.social.benin,,PME (10-50),B2C,Facebook Pages,,Actif,2026-06-29T00:14:35.837322,moyenne
BJ-93EB6967,Éducation,ONG & Associations,Covè,+229 40 55 67 92,éducation@éducation.com,,PME (50-200),B2C,Facebook Pages,,Actif,2026-06-29T00:14:35.837334,moyenne
BJ-728B5CAF,Fondation Femme Covè,ONG & Associations,Covè,+229 91 69 42 68,fondation.femme.covè@fondation.femme.covè.com,,TPE (<10),B2B,Facebook Pages,,Actif,2026-06-29T00:14:35.837346,moyenne
BJ-0FDF873E,Culture ONG,ONG & Associations,Covè,+229 82 69 97 47,,,PME (10-50),B2B,Facebook Pages,,Actif,2026-06-29T00:14:35.837362,basse
BJ-C7DDFFD1,Société Aide Organisation Covè,ONG & Associations,Covè,+229 79 17 97 52,,,TPE (<10),B2C,Facebook Pages,,Actif,2026-06-29T00:14:35.837373,basse
BJ-823EC110,Social Pobè,ONG & Associations,Pobè,+229 24 72 20 22,social.pobè@social.pobè.bj,,TPE (<10),B2B,Facebook Pages,,Actif,2026-06-29T00:14:35.837392,moyenne
BJ-6A55E381,Environnement,ONG & Associations,Pobè,+229 43 42 26 14,environnement@environnement.bj,environnement.bj,Grande (>200),B2B,Facebook Pages,,Actif,2026-06-29T00:14:35.837404,haute
BJ-5D0EA84F,Club Aide,ONG & Associations,Pobè,+229 98 81 86 31,club.aide@club.aide.org,clubaide.bj,Grande (>200),B2C,Facebook Pages,,Actif,2026-06-29T00:14:35.837425,haute
BJ-ECE03065,Société Droits Pobè,ONG & Associations,Pobè,+229 47 63 37 80,société.droits.pobè@société.droits.pobè.org,sociétédroitspobè.bj,TPE (<10),B2C,Facebook Pages,,Actif,2026-06-29T00:14:35.837440,haute
BJ-3DC73B2B,Association Solidarité Sakété,ONG & Associations,Sakété,+229 36 13 72 98,,associationsolidaritésakété.bj,TPE (<10),B2C,Facebook Pages,,Actif,2026-06-29T00:14:35.837474,moyenne
BJ-01BA50C1,Association Développement International,ONG & Associations,Sakété,+229 69 24 61 97,association.développement.international@association.développement.international.com,associationdéveloppementinternational.bj,Grande (>200),B2B,Facebook Pages,,Actif,2026-06-29T00:14:35.837488,haute
BJ-44766479,Social Association Sakété,ONG & Associations,Sakété,+229 52 67 59 11,,,TPE (<10),B2B,Facebook Pages,,Actif,2026-06-29T00:14:35.837499,basse
BJ-25A19796,Jeunesse,ONG & Associations,Sakété,+229 66 96 91 79,,,TPE (<10),B2B,Facebook Pages,,Actif,2026-06-29T00:14:35.837512,basse
BJ-1566720C,ONG Solidarité,ONG & Associations,Sakété,+229 22 57 52 21,,ongsolidarité.bj,PME (50-200),B2C,Facebook Pages,,Actif,2026-06-29T00:14:35.837528,moyenne
BJ-BEF875B9,Société Sport,ONG & Associations,Adjara,+229 30 27 86 78,,sociétésport.bj,TPE (<10),B2B,Facebook Pages,,Actif,2026-06-29T00:14:35.837546,moyenne
BJ-A4A8479A,Association Sport Adjara,ONG & Associations,Adjara,+229 47 17 99 41,association.sport.adjara@association.sport.adjara.net,,PME (10-50),B2B,Facebook Pages,,Actif,2026-06-29T00:14:35.837558,moyenne
BJ-E2962EAE,Société Environnement International Adjara,ONG & Associations,Adjara,+229 25 22 91 22,,,TPE (<10),B2B,Facebook Pages,,Actif,2026-06-29T00:14:35.837569,basse
BJ-53039F21,Fondation Développement ONG,ONG & Associations,Adjara,+229 49 47 25 44,fondation.développement.ong@fondation.développement.ong.benin,,TPE (<10),B2B,Facebook Pages,,Actif,2026-06-29T00:14:35.837582,moyenne
BJ-646B221A,Développement Fondation,ONG & Associations,Adjara,+229 36 14 83 48,développement.fondation@développement.fondation.bj,,TPE (<10),B2B,Facebook Pages,,Actif,2026-06-29T00:14:35.837593,moyenne
BJ-E04FD896,Club Social Africa Allada,ONG & Associations,Allada,+229 72 24 91 30,club.social.africa.allada@club.social.africa.allada.net,,PME (10-50),B2B,Facebook Pages,,Actif,2026-06-29T00:14:35.837614,moyenne
BJ-5D65E3F6,Fondation Social Allada,ONG & Associations,Allada,+229 74 47 63 29,,,TPE (<10),B2C,Facebook Pages,,Actif,2026-06-29T00:14:35.837626,basse
BJ-4B86A4AB,Fondation Femme,ONG & Associations,Allada,+229 58 12 72 66,,,PME (10-50),B2B,Facebook Pages,,Actif,2026-06-29T00:14:35.837637,basse
BJ-A56C25F9,Jeunesse Africa,ONG & Associations,Allada,+229 82 60 78 30,,,PME (10-50),B2B,Facebook Pages,,Actif,2026-06-29T00:14:35.837650,basse
BJ-FB30471E,Humanitaire,ONG & Associations,Allada,+229 96 65 94 95,humanitaire@humanitaire.com,humanitaire.bj,PME (50-200),B2C,Facebook Pages,,Actif,2026-06-29T00:14:35.837662,haute
BJ-E96CBC8D,Humanitaire,ONG & Associations,Aplahoué,+229 70 20 86 47,humanitaire@humanitaire.com,,PME (50-200),B2C,Facebook Pages,,Actif,2026-06-29T00:14:35.837680,moyenne
BJ-995C7E45,Organisation Développement,ONG & Associations,Aplahoué,+229 40 60 16 32,,organisationdéveloppement.bj,TPE (<10),B2B,Facebook Pages,,Actif,2026-06-29T00:14:35.837693,moyenne
BJ-F950CA1B,Jeunesse ONG,ONG & Associations,Aplahoué,+229 38 17 82 82,jeunesse.ong@jeunesse.ong.com,,TPE (<10),B2C,Facebook Pages,,Actif,2026-06-29T00:14:35.837708,moyenne
BJ-E84027C3,Organisation Femme,ONG & Associations,Aplahoué,+229 53 24 61 39,organisation.femme@organisation.femme.net,organisationfemme.bj,Grande (>200),B2C,Facebook Pages,,Actif,2026-06-29T00:14:35.837720,haute
BJ-DB0FCD4C,Club Développement International Dogbo-Tota,ONG & Associations,Dogbo-Tota,+229 80 88 99 98,club.développement.international.dogbotota@club.développement.international.dogbotota.benin,,TPE (<10),B2C,Facebook Pages,,Actif,2026-06-29T00:14:35.837752,moyenne
BJ-A8C3AE21,Club Sport,ONG & Associations,Dogbo-Tota,+229 34 35 50 85,,clubsport.bj,PME (50-200),B2C,Facebook Pages,,Actif,2026-06-29T00:14:35.837763,moyenne
BJ-F607F5D7,Aide Bénin Dogbo-Tota,ONG & Associations,Dogbo-Tota,+229 75 29 67 30,aide.bénin.dogbotota@aide.bénin.dogbotota.net,,PME (10-50),B2B,Facebook Pages,,Actif,2026-06-29T00:14:35.837776,moyenne
BJ-B7B80159,Fondation Social Organisation,ONG & Associations,Dogbo-Tota,+229 58 87 25 38,,,PME (10-50),B2C,Facebook Pages,,Actif,2026-06-29T00:14:35.837789,basse
BJ-ADE59CB1,Culture Fondation Dogbo-Tota,ONG & Associations,Dogbo-Tota,+229 49 22 78 47,,culturefondationdogbotota.bj,PME (50-200),B2B,Facebook Pages,,Actif,2026-06-29T00:14:35.837819,moyenne
BJ-786055A1,Éducation Africa Kpomassè,ONG & Associations,Kpomassè,+229 88 90 77 48,,,TPE (<10),B2C,Facebook Pages,,Actif,2026-06-29T00:14:35.837836,basse
BJ-092EBA24,Humanitaire,ONG & Associations,Kpomassè,+229 57 53 73 16,,,PME (10-50),B2C,Facebook Pages,,Actif,2026-06-29T00:14:35.837847,basse
BJ-FA32A831,Développement,ONG & Associations,Kpomassè,+229 50 51 69 37,développement@développement.bj,développement.bj,PME (50-200),B2B,Facebook Pages,,Actif,2026-06-29T00:14:35.837859,haute
BJ-4D3DDEC9,Société Aide Kpomassè,ONG & Associations,Kpomassè,+229 72 77 28 41,société.aide.kpomassè@société.aide.kpomassè.bj,sociétéaidekpomassè.bj,TPE (<10),B2C,Facebook Pages,,Actif,2026-06-29T00:14:35.837872,haute
BJ-2BCB29D8,Santé Africa,ONG & Associations,Kpomassè,+229 41 88 20 94,santé.africa@santé.africa.net,,PME (50-200),B2C,Facebook Pages,,Actif,2026-06-29T00:14:35.837898,moyenne
BJ-6F956739,Club Solidarité Tori-Bossito,ONG & Associations,Tori-Bossito,+229 45 54 13 86,,clubsolidaritétoribossito.bj,PME (10-50),B2C,Facebook Pages,,Actif,2026-06-29T00:14:35.837919,moyenne
BJ-04FB6B83,Aide Association,ONG & Associations,Tori-Bossito,+229 57 59 51 74,,aideassociation.bj,PME (50-200),B2C,Facebook Pages,,Actif,2026-06-29T00:14:35.837931,moyenne
BJ-93A6BC43,Association Jeunesse Fondation,ONG & Associations,Tori-Bossito,+229 42 36 25 74,association.jeunesse.fondation@association.jeunesse.fondation.bj,,PME (10-50),B2B,Facebook Pages,,Actif,2026-06-29T00:14:35.837943,moyenne
BJ-16F7F57A,Club Éducation Association,ONG & Associations,Tori-Bossito,+229 64 80 96 90,club.éducation.association@club.éducation.association.org,clubéducationassociation.bj,TPE (<10),B2C,Facebook Pages,,Actif,2026-06-29T00:14:35.837975,haute
BJ-30FB9DC6,Club Environnement Africa,ONG & Associations,Grand-Popo,+229 88 43 74 79,,,PME (10-50),B2B,Facebook Pages,,Actif,2026-06-29T00:14:35.837992,basse
BJ-77A320D4,Organisation Sport,ONG & Associations,Grand-Popo,+229 20 83 57 93,,organisationsport.bj,TPE (<10),B2B,Facebook Pages,,Actif,2026-06-29T00:14:35.838003,moyenne
BJ-8CEB6357,Éducation International Grand-Popo,ONG & Associations,Grand-Popo,+229 57 38 98 22,,,TPE (<10),B2B,Facebook Pages,,Actif,2026-06-29T00:14:35.838014,basse
BJ-BD4C3CDE,Sport Association,ONG & Associations,Grand-Popo,+229 31 74 42 96,,sportassociation.bj,PME (10-50),B2C,Facebook Pages,,Actif,2026-06-29T00:14:35.838025,moyenne
BJ-F3A62620,Club Sport Grand-Popo,ONG & Associations,Grand-Popo,+229 61 17 50 26,,,TPE (<10),B2B,Facebook Pages,,Actif,2026-06-29T00:14:35.838035,basse
BJ-AA8E0945,Association Jeunesse Bénin Athiémé,ONG & Associations,Athiémé,+229 33 79 76 23,,associationjeunessebéninathiémé.bj,TPE (<10),B2C,Facebook Pages,,Actif,2026-06-29T00:14:35.838053,moyenne
BJ-0F8EF526,Fondation Aide,ONG & Associations,Athiémé,+229 58 11 64 43,fondation.aide@fondation.aide.benin,,PME (50-200),B2C,Facebook Pages,,Actif,2026-06-29T00:14:35.838064,moyenne
BJ-5484B06C,Culture,ONG & Associations,Athiémé,+229 61 49 88 72,culture@culture.bj,,PME (10-50),B2B,Facebook Pages,,Actif,2026-06-29T00:14:35.838090,moyenne
BJ-C5F723B6,Fondation Environnement,ONG & Associations,Athiémé,+229 60 61 29 53,,,TPE (<10),B2C,Facebook Pages,,Actif,2026-06-29T00:14:35.838101,basse
BJ-4FF9C978,Club Sport,ONG & Associations,Bopa,+229 57 52 92 22,,,PME (50-200),B2B,Facebook Pages,,Actif,2026-06-29T00:14:35.838117,basse
BJ-F79A4293,Club Culture,ONG & Associations,Bopa,+229 40 86 98 42,,,TPE (<10),B2C,Facebook Pages,,Actif,2026-06-29T00:14:35.838128,basse
BJ-236C66ED,Éducation Organisation,ONG & Associations,Bopa,+229 92 44 51 65,,éducationorganisation.bj,PME (50-200),B2B,Facebook Pages,,Actif,2026-06-29T00:14:35.838140,moyenne
BJ-E7CD4972,Éducation Fondation,ONG & Associations,Bopa,+229 50 24 87 76,,éducationfondation.bj,TPE (<10),B2B,Facebook Pages,,Actif,2026-06-29T00:14:35.838151,moyenne
BJ-A0AB9D6C,Fondation Sport Fondation,ONG & Associations,Bopa,+229 69 52 49 69,fondation.sport.fondation@fondation.sport.fondation.org,fondationsportfondation.bj,PME (10-50),B2B,Facebook Pages,,Actif,2026-06-29T00:14:35.838163,haute
BJ-7CFD1E0E,Société Environnement Houéyogbé,ONG & Associations,Houéyogbé,+229 93 53 90 61,société.environnement.houéyogbé@société.environnement.houéyogbé.org,sociétéenvironnementhouéyogbé.bj,PME (10-50),B2B,Facebook Pages,,Actif,2026-06-29T00:14:35.838182,haute
BJ-4B8FCAD9,Social Organisation,ONG & Associations,Houéyogbé,+229 94 91 11 50,social.organisation@social.organisation.org,,TPE (<10),B2B,Facebook Pages,,Actif,2026-06-29T00:14:35.838202,moyenne
BJ-EEE28251,ONG Social Bénin,ONG & Associations,Houéyogbé,+229 60 53 72 29,ong.social.bénin@ong.social.bénin.com,,PME (10-50),B2B,Facebook Pages,,Actif,2026-06-29T00:14:35.838214,moyenne
BJ-AE51588A,Jeunesse Fondation,ONG & Associations,Houéyogbé,+229 59 26 45 46,,,TPE (<10),B2C,Facebook Pages,,Actif,2026-06-29T00:14:35.838228,basse
BJ-B5806DE4,Aide Organisation,ONG & Associations,Houéyogbé,+229 22 30 83 52,aide.organisation@aide.organisation.net,aideorganisation.bj,PME (50-200),B2C,Facebook Pages,,Actif,2026-06-29T00:14:35.838241,haute
BJ-9C126642,Société Développement,ONG & Associations,Malanville,+229 49 18 14 43,société.développement@société.développement.benin,,TPE (<10),B2C,Facebook Pages,,Actif,2026-06-29T00:14:35.838259,moyenne
BJ-BB8613EC,Fondation Solidarité Association,ONG & Associations,Malanville,+229 85 77 14 32,fondation.solidarité.association@fondation.solidarité.association.bj,,TPE (<10),B2B,Facebook Pages,,Actif,2026-06-29T00:14:35.838273,moyenne
BJ-B08D3826,Enfant Fondation,ONG & Associations,Malanville,+229 78 69 48 95,enfant.fondation@enfant.fondation.net,enfantfondation.bj,TPE (<10),B2B,Facebook Pages,,Actif,2026-06-29T00:14:35.838285,haute
BJ-05A558D4,Association Sport,ONG & Associations,Malanville,+229 75 75 21 78,association.sport@association.sport.benin,,TPE (<10),B2C,Facebook Pages,,Actif,2026-06-29T00:14:35.838297,moyenne
BJ-1AAA21E8,Société Humanitaire,ONG & Associations,Malanville,+229 46 34 49 77,,sociétéhumanitaire.bj,TPE (<10),B2B,Facebook Pages,,Actif,2026-06-29T00:14:35.838309,moyenne
BJ-979C073E,Société Social International Kandi,ONG & Associations,Kandi,+229 24 87 43 31,,,TPE (<10),B2B,Facebook Pages,,Actif,2026-06-29T00:14:35.838329,basse
BJ-38CB179B,Développement Organisation,ONG & Associations,Kandi,+229 83 44 68 49,,développementorganisation.bj,Grande (>200),B2C,Facebook Pages,,Actif,2026-06-29T00:14:35.838345,moyenne
BJ-F828F17D,ONG Éducation Organisation,ONG & Associations,Kandi,+229 30 29 37 96,,,TPE (<10),B2C,Facebook Pages,,Actif,2026-06-29T00:14:35.838356,basse
BJ-CE866E6D,Culture ONG,ONG & Associations,Kandi,+229 23 76 72 73,,,TPE (<10),B2B,Facebook Pages,,Actif,2026-06-29T00:14:35.838382,basse
BJ-2255022C,Humanitaire,ONG & Associations,Kandi,+229 51 94 51 12,,humanitaire.bj,TPE (<10),B2B,Facebook Pages,,Actif,2026-06-29T00:14:35.838418,moyenne
BJ-0EE46878,Club Éducation,ONG & Associations,Banikoara,+229 90 90 32 48,club.éducation@club.éducation.com,,Grande (>200),B2B,Facebook Pages,,Actif,2026-06-29T00:14:35.838467,moyenne
BJ-ABB02A7E,Club Environnement Organisation,ONG & Associations,Banikoara,+229 79 96 20 63,,,PME (50-200),B2C,Facebook Pages,,Actif,2026-06-29T00:14:35.838501,basse
BJ-FA7AFEE6,Club Environnement ONG,ONG & Associations,Banikoara,+229 88 21 64 93,club.environnement.ong@club.environnement.ong.bj,,TPE (<10),B2C,Facebook Pages,,Actif,2026-06-29T00:14:35.838546,moyenne
BJ-232C13CE,Organisation Aide ONG,ONG & Associations,Banikoara,+229 98 43 37 74,,,TPE (<10),B2B,Facebook Pages,,Actif,2026-06-29T00:14:35.838578,basse
BJ-541D03AB,Femme,ONG & Associations,Banikoara,+229 55 71 48 11,femme@femme.com,femme.bj,TPE (<10),B2B,Facebook Pages,,Actif,2026-06-29T00:14:35.838611,haute
BJ-1D072987,Enfant,ONG & Associations,Ségbana,+229 67 65 13 83,enfant@enfant.com,,TPE (<10),B2C,Facebook Pages,,Actif,2026-06-29T00:14:35.838657,moyenne
BJ-FB58951E,Social International Ségbana,ONG & Associations,Ségbana,+229 46 92 70 20,social.international.ségbana@social.international.ségbana.org,,PME (50-200),B2C,Facebook Pages,,Actif,2026-06-29T00:14:35.838686,moyenne
BJ-156DB69D,Organisation Humanitaire,ONG & Associations,Ségbana,+229 53 75 96 65,,,PME (10-50),B2B,Facebook Pages,,Actif,2026-06-29T00:14:35.838711,basse
BJ-6CDC69CF,Fondation Santé Ségbana,ONG & Associations,Ségbana,+229 94 53 51 52,,,PME (50-200),B2B,Facebook Pages,,Actif,2026-06-29T00:14:35.838741,basse
BJ-C961F9C4,ONG Éducation,ONG & Associations,Ségbana,+229 34 19 19 35,,,TPE (<10),B2B,Facebook Pages,,Actif,2026-06-29T00:14:35.838766,basse
BJ-427A03F0,Femme International,ONG & Associations,Karimama,+229 22 24 33 89,,femmeinternational.bj,PME (10-50),B2B,Facebook Pages,,Actif,2026-06-29T00:14:35.838803,moyenne
BJ-6CA283FB,Fondation Jeunesse Bénin,ONG & Associations,Karimama,+229 69 93 62 10,fondation.jeunesse.bénin@fondation.jeunesse.bénin.org,,PME (50-200),B2C,Facebook Pages,,Actif,2026-06-29T00:14:35.838831,moyenne
BJ-0021F330,Association Environnement,ONG & Associations,Karimama,+229 24 30 20 76,association.environnement@association.environnement.benin,,PME (50-200),B2C,Facebook Pages,,Actif,2026-06-29T00:14:35.838858,moyenne
BJ-37BFB9E3,Fondation Sport Africa,ONG & Associations,Karimama,+229 84 32 94 92,fondation.sport.africa@fondation.sport.africa.benin,,Grande (>200),B2B,Facebook Pages,,Actif,2026-06-29T00:14:35.838884,moyenne
BJ-815AD3F3,Santé,ONG & Associations,Karimama,+229 72 51 98 72,,,PME (10-50),B2C,Facebook Pages,,Actif,2026-06-29T00:14:35.838912,basse
BJ-106CFF98,Association Sport,ONG & Associations,Gogounou,+229 22 55 15 99,association.sport@association.sport.com,associationsport.bj,TPE (<10),B2B,Facebook Pages,,Actif,2026-06-29T00:14:35.838938,haute
BJ-229CCC23,Culture,ONG & Associations,Gogounou,+229 49 94 42 19,culture@culture.com,culture.bj,TPE (<10),B2B,Facebook Pages,,Actif,2026-06-29T00:14:35.838982,haute
BJ-E4D1BED4,Jeunesse,ONG & Associations,Gogounou,+229 30 56 44 35,jeunesse@jeunesse.bj,,PME (50-200),B2B,Facebook Pages,,Actif,2026-06-29T00:14:35.839000,moyenne
BJ-38EC03F6,ONG Enfant Organisation Cobly,ONG & Associations,Cobly,+229 70 35 61 23,,ongenfantorganisationcobly.bj,TPE (<10),B2C,Facebook Pages,,Actif,2026-06-29T00:14:35.839032,moyenne
BJ-3B5FE87B,Santé Fondation,ONG & Associations,Cobly,+229 90 61 38 24,,santéfondation.bj,PME (10-50),B2C,Facebook Pages,,Actif,2026-06-29T00:14:35.839046,moyenne
BJ-A3F2B32E,Fondation Femme Organisation Cobly,ONG & Associations,Cobly,+229 94 94 32 93,,,TPE (<10),B2C,Facebook Pages,,Actif,2026-06-29T00:14:35.839057,basse
BJ-7A8A47C8,Jeunesse Africa,ONG & Associations,Cobly,+229 56 36 99 65,,,PME (50-200),B2C,Facebook Pages,,Actif,2026-06-29T00:14:35.839067,basse
BJ-11373915,Association Développement,ONG & Associations,Cobly,+229 82 12 84 75,,,PME (10-50),B2C,Facebook Pages,,Actif,2026-06-29T00:14:35.839078,basse
BJ-69015218,Sport,ONG & Associations,Tanguiéta,+229 85 30 77 20,,,Grande (>200),B2B,Facebook Pages,,Actif,2026-06-29T00:14:35.839095,basse
BJ-ED42A46A,Organisation Social ONG,ONG & Associations,Tanguiéta,+229 24 40 20 60,,organisationsocialong.bj,PME (50-200),B2B,Facebook Pages,,Actif,2026-06-29T00:14:35.839107,moyenne
BJ-200BABEA,Club Culture Bénin,ONG & Associations,Tanguiéta,+229 92 20 45 42,,,PME (10-50),B2B,Facebook Pages,,Actif,2026-06-29T00:14:35.839121,basse
BJ-9371AE11,Association Enfant,ONG & Associations,Tanguiéta,+229 26 54 45 14,,,TPE (<10),B2B,Facebook Pages,,Actif,2026-06-29T00:14:35.839136,basse
BJ-6B39AAB9,Solidarité Fondation,ONG & Associations,Tanguiéta,+229 80 80 92 68,solidarité.fondation@solidarité.fondation.org,solidaritéfondation.bj,PME (10-50),B2B,Facebook Pages,,Actif,2026-06-29T00:14:35.839150,haute
BJ-AB9A80A4,Association Développement,ONG & Associations,Matéri,+229 26 50 99 63,,,PME (10-50),B2B,Facebook Pages,,Actif,2026-06-29T00:14:35.839168,basse
BJ-BF7BC445,Santé Association,ONG & Associations,Matéri,+229 40 42 76 99,santé.association@santé.association.net,,Grande (>200),B2C,Facebook Pages,,Actif,2026-06-29T00:14:35.839181,moyenne
BJ-E332F8EB,Fondation Social,ONG & Associations,Matéri,+229 70 77 94 40,fondation.social@fondation.social.org,,TPE (<10),B2B,Facebook Pages,,Actif,2026-06-29T00:14:35.839193,moyenne
BJ-CB474471,Fondation Droits Bénin Matéri,ONG & Associations,Matéri,+229 65 71 36 62,,fondationdroitsbéninmatéri.bj,TPE (<10),B2B,Facebook Pages,,Actif,2026-06-29T00:14:35.839206,moyenne
BJ-26A8FBB0,Femme Africa,ONG & Associations,Matéri,+229 48 16 41 95,femme.africa@femme.africa.benin,,PME (10-50),B2C,Facebook Pages,,Actif,2026-06-29T00:14:35.839217,moyenne
BJ-ADF4F324,Club Sport Africa Natitingou,ONG & Associations,Natitingou,+229 59 16 88 59,,clubsportafricanatitingou.bj,Grande (>200),B2C,Facebook Pages,,Actif,2026-06-29T00:14:35.839251,moyenne
BJ-915231A5,Club Développement Organisation,ONG & Associations,Natitingou,+229 56 32 84 56,,,TPE (<10),B2C,Facebook Pages,,Actif,2026-06-29T00:14:35.839264,basse
BJ-77E134CC,Club Développement,ONG & Associations,Natitingou,+229 69 67 97 77,,,TPE (<10),B2C,Facebook Pages,,Actif,2026-06-29T00:14:35.839278,basse
BJ-F89109E7,Club Éducation Africa Natitingou,ONG & Associations,Natitingou,+229 94 51 88 83,,clubéducationafricanatitingou.bj,PME (10-50),B2C,Facebook Pages,,Actif,2026-06-29T00:14:35.839294,moyenne
BJ-B801CB55,Jeunesse ONG,ONG & Associations,Toucountouna,+229 49 97 18 46,,,TPE (<10),B2B,Facebook Pages,,Actif,2026-06-29T00:14:35.839311,basse
BJ-00F2D2CD,Organisation Environnement Association,ONG & Associations,Toucountouna,+229 70 78 29 29,organisation.environnement.association@organisation.environnement.association.bj,,TPE (<10),B2C,Facebook Pages,,Actif,2026-06-29T00:14:35.839327,moyenne
BJ-253911D1,Fondation Santé,ONG & Associations,Toucountouna,+229 68 79 22 61,fondation.santé@fondation.santé.org,,PME (10-50),B2B,Facebook Pages,,Actif,2026-06-29T00:14:35.839340,moyenne
BJ-60040BED,Social Africa,ONG & Associations,Toucountouna,+229 90 57 69 97,social.africa@social.africa.net,socialafrica.bj,PME (10-50),B2B,Facebook Pages,,Actif,2026-06-29T00:14:35.839352,haute
BJ-4FF006A0,ONG Humanitaire Association,ONG & Associations,Toucountouna,+229 57 74 72 41,ong.humanitaire.association@ong.humanitaire.association.benin,onghumanitaireassociation.bj,Grande (>200),B2C,Facebook Pages,,Actif,2026-06-29T00:14:35.839365,haute
BJ-E89DAE92,Environnement Africa,ONG & Associations,Boukoumbé,+229 29 63 97 43,environnement.africa@environnement.africa.net,environnementafrica.bj,TPE (<10),B2B,Facebook Pages,,Actif,2026-06-29T00:14:35.839387,haute
BJ-FA45863A,Sport Boukoumbé,ONG & Associations,Boukoumbé,+229 45 91 88 53,,,TPE (<10),B2B,Facebook Pages,,Actif,2026-06-29T00:14:35.839400,basse
BJ-69E22037,Organisation Enfant,ONG & Associations,Boukoumbé,+229 81 11 19 77,,,Grande (>200),B2B,Facebook Pages,,Actif,2026-06-29T00:14:35.839410,basse
BJ-1FC53A34,Droits,ONG & Associations,Boukoumbé,+229 24 10 71 58,,droits.bj,TPE (<10),B2C,Facebook Pages,,Actif,2026-06-29T00:14:35.839424,moyenne
BJ-30E1130D,Social,ONG & Associations,Boukoumbé,+229 72 85 92 94,social@social.com,social.bj,Grande (>200),B2B,Facebook Pages,,Actif,2026-06-29T00:14:35.839437,haute
BJ-AD7A6988,Jeunesse Africa,ONG & Associations,Kouandé,+229 43 22 21 29,jeunesse.africa@jeunesse.africa.benin,jeunesseafrica.bj,PME (10-50),B2C,Facebook Pages,,Actif,2026-06-29T00:14:35.839456,haute
BJ-0C8C20D9,Organisation Solidarité,ONG & Associations,Kouandé,+229 25 31 79 91,organisation.solidarité@organisation.solidarité.net,,TPE (<10),B2C,Facebook Pages,,Actif,2026-06-29T00:14:35.839484,moyenne
BJ-2C791D15,Sport,ONG & Associations,Kouandé,+229 46 97 73 25,sport@sport.bj,,TPE (<10),B2B,Facebook Pages,,Actif,2026-06-29T00:14:35.839496,moyenne
BJ-D3E32695,Organisation Jeunesse Association,ONG & Associations,Kouandé,+229 46 35 37 64,organisation.jeunesse.association@organisation.jeunesse.association.net,,TPE (<10),B2C,Facebook Pages,,Actif,2026-06-29T00:14:35.839518,moyenne
BJ-E2A4C9E0,ONG Culture,ONG & Associations,Péhunco,+229 33 10 99 73,ong.culture@ong.culture.bj,ongculture.bj,TPE (<10),B2C,Facebook Pages,,Actif,2026-06-29T00:14:35.839538,haute
BJ-C7E5F639,ONG Humanitaire,ONG & Associations,Péhunco,+229 72 93 45 42,,,TPE (<10),B2B,Facebook Pages,,Actif,2026-06-29T00:14:35.839548,basse
BJ-5FA1CB42,ONG Environnement,ONG & Associations,Péhunco,+229 22 42 20 44,,,TPE (<10),B2B,Facebook Pages,,Actif,2026-06-29T00:14:35.839559,basse
BJ-4A5F8A43,Culture Bénin,ONG & Associations,Péhunco,+229 92 24 24 39,,,Grande (>200),B2B,Facebook Pages,,Actif,2026-06-29T00:14:35.839573,basse
BJ-94147E25,Fondation Social,ONG & Associations,Péhunco,+229 21 29 57 26,fondation.social@fondation.social.com,,PME (10-50),B2B,Facebook Pages,,Actif,2026-06-29T00:14:35.839585,moyenne
BJ-66F19C2A,Société Enfant Bénin Tchaourou,ONG & Associations,Tchaourou,+229 58 24 42 11,,,PME (50-200),B2C,Facebook Pages,,Actif,2026-06-29T00:14:35.839602,basse
BJ-1E77C45E,Développement,ONG & Associations,Tchaourou,+229 41 53 11 58,développement@développement.bj,développement.bj,Grande (>200),B2C,Facebook Pages,,Actif,2026-06-29T00:14:35.839615,haute
BJ-9E1A95E7,Club Jeunesse Fondation Tchaourou,ONG & Associations,Tchaourou,+229 77 71 49 79,club.jeunesse.fondation.tchaourou@club.jeunesse.fondation.tchaourou.bj,,TPE (<10),B2B,Facebook Pages,,Actif,2026-06-29T00:14:35.839627,moyenne
BJ-C3F84EB2,Organisation Femme Africa,ONG & Associations,Tchaourou,+229 75 80 90 43,,organisationfemmeafrica.bj,PME (10-50),B2B,Facebook Pages,,Actif,2026-06-29T00:14:35.839639,moyenne
BJ-7F409AA6,Organisation Environnement,ONG & Associations,Tchaourou,+229 55 14 88 89,,organisationenvironnement.bj,PME (10-50),B2C,Facebook Pages,,Actif,2026-06-29T00:14:35.839650,moyenne
BJ-42C1B040,Jeunesse Africa,ONG & Associations,Nikki,+229 80 59 19 54,jeunesse.africa@jeunesse.africa.bj,,PME (10-50),B2C,Facebook Pages,,Actif,2026-06-29T00:14:35.839668,moyenne
BJ-B1DD48B7,Organisation Santé Africa,ONG & Associations,Nikki,+229 89 37 47 25,,,PME (50-200),B2C,Facebook Pages,,Actif,2026-06-29T00:14:35.839679,basse
BJ-53CF435C,ONG Environnement Organisation,ONG & Associations,Nikki,+229 88 82 16 64,,ongenvironnementorganisation.bj,Grande (>200),B2C,Facebook Pages,,Actif,2026-06-29T00:14:35.839690,moyenne
BJ-E7E91292,Société Droits,ONG & Associations,Nikki,+229 87 52 51 13,,sociétédroits.bj,PME (50-200),B2B,Facebook Pages,,Actif,2026-06-29T00:14:35.839705,moyenne
BJ-858662A6,Solidarité Nikki,ONG & Associations,Nikki,+229 65 10 98 95,solidarité.nikki@solidarité.nikki.net,,TPE (<10),B2C,Facebook Pages,,Actif,2026-06-29T00:14:35.839718,moyenne
BJ-FD1CC567,ONG Culture,ONG & Associations,Bembéréké,+229 37 39 14 31,ong.culture@ong.culture.bj,ongculture.bj,TPE (<10),B2C,Facebook Pages,,Actif,2026-06-29T00:14:35.839741,haute
BJ-369F2504,Santé Africa,ONG & Associations,Bembéréké,+229 54 48 34 44,,,PME (10-50),B2C,Facebook Pages,,Actif,2026-06-29T00:14:35.839753,basse
BJ-4826FD8F,Santé Fondation,ONG & Associations,Bembéréké,+229 93 97 39 15,santé.fondation@santé.fondation.org,,PME (50-200),B2B,Facebook Pages,,Actif,2026-06-29T00:14:35.839765,moyenne
BJ-66A89CE8,Sport Organisation,ONG & Associations,Bembéréké,+229 24 29 57 20,sport.organisation@sport.organisation.com,,TPE (<10),B2C,Facebook Pages,,Actif,2026-06-29T00:14:35.839777,moyenne
BJ-47AE0F0F,Éducation Bembéréké,ONG & Associations,Bembéréké,+229 99 83 95 12,,,PME (50-200),B2C,Facebook Pages,,Actif,2026-06-29T00:14:35.839788,basse
BJ-8C611834,Fondation Social,ONG & Associations,Kalalé,+229 67 14 62 48,fondation.social@fondation.social.net,,TPE (<10),B2B,Facebook Pages,,Actif,2026-06-29T00:14:35.839806,moyenne
BJ-F694B125,Société Femme Organisation Kalalé,ONG & Associations,Kalalé,+229 97 14 37 25,,sociétéfemmeorganisationkalalé.bj,PME (50-200),B2C,Facebook Pages,,Actif,2026-06-29T00:14:35.839819,moyenne
BJ-8A8320EA,Culture Kalalé,ONG & Associations,Kalalé,+229 38 22 60 61,culture.kalalé@culture.kalalé.benin,culturekalalé.bj,TPE (<10),B2B,Facebook Pages,,Actif,2026-06-29T00:14:35.839836,haute
BJ-0D8B686F,Jeunesse Africa,ONG & Associations,Kalalé,+229 65 76 99 64,,jeunesseafrica.bj,TPE (<10),B2B,Facebook Pages,,Actif,2026-06-29T00:14:35.839851,moyenne
BJ-3393B729,Culture ONG,ONG & Associations,Kalalé,+229 82 23 60 87,,,TPE (<10),B2B,Facebook Pages,,Actif,2026-06-29T00:14:35.839861,basse
BJ-758EF5EB,Organisation Droits Organisation,ONG & Associations,Ndali,+229 67 66 82 89,organisation.droits.organisation@organisation.droits.organisation.net,,PME (50-200),B2B,Facebook Pages,,Actif,2026-06-29T00:14:35.839879,moyenne
BJ-1B2C0319,Enfant,ONG & Associations,Ndali,+229 67 60 81 90,enfant@enfant.net,,TPE (<10),B2C,Facebook Pages,,Actif,2026-06-29T00:14:35.839908,moyenne
BJ-9212091E,Santé Ndali,ONG & Associations,Ndali,+229 30 87 48 90,,,PME (10-50),B2B,Facebook Pages,,Actif,2026-06-29T00:14:35.839923,basse
BJ-4D567897,Association Aide,ONG & Associations,Ndali,+229 68 97 42 41,,associationaide.bj,TPE (<10),B2C,Facebook Pages,,Actif,2026-06-29T00:14:35.839935,moyenne
BJ-D22833E1,ONG Sport,ONG & Associations,Ndali,+229 80 35 22 52,,,PME (10-50),B2B,Facebook Pages,,Actif,2026-06-29T00:14:35.839945,basse
BJ-70B121AD,Société Droits Fondation,ONG & Associations,Ségbana,+229 63 30 46 83,,,TPE (<10),B2B,Facebook Pages,,Actif,2026-06-29T00:14:35.839963,basse
BJ-81490F21,Aide,ONG & Associations,Ségbana,+229 64 15 95 49,,aide.bj,PME (50-200),B2C,Facebook Pages,,Actif,2026-06-29T00:14:35.839979,moyenne
BJ-EE62B641,ONG Social Organisation Ségbana,ONG & Associations,Ségbana,+229 51 61 13 63,ong.social.organisation.ségbana@ong.social.organisation.ségbana.com,,PME (10-50),B2B,Facebook Pages,,Actif,2026-06-29T00:14:35.839992,moyenne
BJ-E0F350E7,Société Humanitaire Fondation,ONG & Associations,Ségbana,+229 57 21 36 38,,sociétéhumanitairefondation.bj,Grande (>200),B2B,Facebook Pages,,Actif,2026-06-29T00:14:35.840007,moyenne
BJ-5E20240E,Santé Association Ségbana,ONG & Associations,Ségbana,+229 59 12 71 63,,,TPE (<10),B2C,Facebook Pages,,Actif,2026-06-29T00:14:35.840019,basse
BJ-45B67977,Fondation Culture International,ONG & Associations,Tchaourou,+229 79 23 38 70,fondation.culture.international@fondation.culture.international.com,fondationcultureinternational.bj,Grande (>200),B2B,Facebook Pages,,Actif,2026-06-29T00:14:35.840038,haute
BJ-46208F76,Enfant Bénin,ONG & Associations,Tchaourou,+229 88 36 79 27,,,PME (10-50),B2C,Facebook Pages,,Actif,2026-06-29T00:14:35.840048,basse
BJ-754AA421,Association Enfant,ONG & Associations,Tchaourou,+229 60 17 89 80,association.enfant@association.enfant.bj,associationenfant.bj,PME (10-50),B2B,Facebook Pages,,Actif,2026-06-29T00:14:35.840072,haute
BJ-5B2F8945,Humanitaire International Tchaourou,ONG & Associations,Tchaourou,+229 74 54 99 53,,,PME (10-50),B2B,Facebook Pages,,Actif,2026-06-29T00:14:35.840084,basse
BJ-F3966236,Jeunesse,ONG & Associations,Bétérou,+229 73 38 30 18,jeunesse@jeunesse.net,jeunesse.bj,TPE (<10),B2C,Facebook Pages,,Actif,2026-06-29T00:14:35.840101,haute
BJ-127F7EBD,Fondation Santé Bétérou,ONG & Associations,Bétérou,+229 25 96 80 86,fondation.santé.bétérou@fondation.santé.bétérou.com,,PME (10-50),B2C,Facebook Pages,,Actif,2026-06-29T00:14:35.840114,moyenne
BJ-30138899,Sport,ONG & Associations,Bétérou,+229 81 65 23 78,sport@sport.benin,sport.bj,TPE (<10),B2C,Facebook Pages,,Actif,2026-06-29T00:14:35.840127,haute
BJ-1D9122FE,ONG Droits,ONG & Associations,Bétérou,+229 31 71 69 82,,,PME (10-50),B2C,Facebook Pages,,Actif,2026-06-29T00:14:35.840140,basse
BJ-07406E7D,Club Enfant ONG,ONG & Associations,Bétérou,+229 99 65 34 75,,clubenfantong.bj,PME (50-200),B2C,Facebook Pages,,Actif,2026-06-29T00:14:35.840169,moyenne
BJ-2CA717AA,Fondation Enfant,ONG & Associations,Ouessè,+229 83 99 20 74,fondation.enfant@fondation.enfant.benin,fondationenfant.bj,PME (10-50),B2B,Facebook Pages,,Actif,2026-06-29T00:14:35.840187,haute
BJ-F816BBB0,Éducation Fondation,ONG & Associations,Ouessè,+229 57 67 91 67,,,PME (50-200),B2B,Facebook Pages,,Actif,2026-06-29T00:14:35.840198,basse
BJ-60C6063B,Club Enfant,ONG & Associations,Ouessè,+229 24 37 62 64,,,PME (50-200),B2C,Facebook Pages,,Actif,2026-06-29T00:14:35.840212,basse
BJ-54141DFC,Culture Organisation,ONG & Associations,Ouessè,+229 84 73 42 74,culture.organisation@culture.organisation.benin,,PME (10-50),B2C,Facebook Pages,,Actif,2026-06-29T00:14:35.840223,moyenne
BJ-32564C3B,Environnement,ONG & Associations,Ouessè,+229 74 20 52 49,,,PME (50-200),B2B,Facebook Pages,,Actif,2026-06-29T00:14:35.840233,basse
BJ-7864C13A,Club Aide,ONG & Associations,Glazoué,+229 39 79 60 86,club.aide@club.aide.net,,PME (10-50),B2C,Facebook Pages,,Actif,2026-06-29T00:14:35.840251,moyenne
BJ-E98E34AF,ONG Environnement,ONG & Associations,Glazoué,+229 62 43 30 78,,ongenvironnement.bj,PME (10-50),B2C,Facebook Pages,,Actif,2026-06-29T00:14:35.840262,moyenne
BJ-2349E28F,Droits,ONG & Associations,Glazoué,+229 73 43 63 77,,,TPE (<10),B2B,Facebook Pages,,Actif,2026-06-29T00:14:35.840273,basse
BJ-A3CA14CC,ONG Humanitaire,ONG & Associations,Glazoué,+229 80 66 67 43,ong.humanitaire@ong.humanitaire.com,onghumanitaire.bj,TPE (<10),B2B,Facebook Pages,,Actif,2026-06-29T00:14:35.840288,haute
BJ-FCE5CF86,Santé Glazoué,ONG & Associations,Glazoué,+229 55 18 19 37,santé.glazoué@santé.glazoué.org,,TPE (<10),B2C,Facebook Pages,,Actif,2026-06-29T00:14:35.840304,moyenne
BJ-67710223,Association Culture,ONG & Associations,Dassa-Zoumè,+229 28 67 96 89,association.culture@association.culture.com,,TPE (<10),B2B,Facebook Pages,,Actif,2026-06-29T00:14:35.840322,moyenne
BJ-A1069D0C,Organisation Social,ONG & Associations,Dassa-Zoumè,+229 65 99 49 16,,,PME (10-50),B2C,Facebook Pages,,Actif,2026-06-29T00:14:35.840333,basse
BJ-1788C1DE,Femme,ONG & Associations,Dassa-Zoumè,+229 45 39 72 62,femme@femme.net,,PME (50-200),B2B,Facebook Pages,,Actif,2026-06-29T00:14:35.840344,moyenne
BJ-35831B97,Association Jeunesse International,ONG & Associations,Dassa-Zoumè,+229 98 80 73 59,association.jeunesse.international@association.jeunesse.international.net,,PME (50-200),B2B,Facebook Pages,,Actif,2026-06-29T00:14:35.840356,moyenne
BJ-E54AC0A6,ONG Santé Organisation,ONG & Associations,Dassa-Zoumè,+229 72 53 95 79,ong.santé.organisation@ong.santé.organisation.org,ongsantéorganisation.bj,TPE (<10),B2C,Facebook Pages,,Actif,2026-06-29T00:14:35.840369,haute
BJ-DFDF533B,Organisation Enfant,ONG & Associations,Savalou,+229 23 21 92 25,,,PME (50-200),B2B,Facebook Pages,,Actif,2026-06-29T00:14:35.840385,basse
BJ-E9020688,ONG Aide Savalou,ONG & Associations,Savalou,+229 57 58 10 12,,ongaidesavalou.bj,TPE (<10),B2B,Facebook Pages,,Actif,2026-06-29T00:14:35.840397,moyenne
BJ-0E8B9633,Fondation Développement,ONG & Associations,Savalou,+229 47 56 98 46,fondation.développement@fondation.développement.org,,PME (10-50),B2C,Facebook Pages,,Actif,2026-06-29T00:14:35.840409,moyenne
BJ-23CF174A,Sport Africa,ONG & Associations,Savalou,+229 63 17 86 99,,sportafrica.bj,PME (50-200),B2B,Facebook Pages,,Actif,2026-06-29T00:14:35.840426,moyenne
BJ-1056E80B,ONG Santé ONG,ONG & Associations,Savalou,+229 22 35 97 65,,,TPE (<10),B2B,Facebook Pages,,Actif,2026-06-29T00:14:35.840439,basse
BJ-1801BE23,Organisation Humanitaire Organisation,ONG & Associations,Bantè,+229 72 18 72 77,organisation.humanitaire.organisation@organisation.humanitaire.organisation.com,,TPE (<10),B2C,Facebook Pages,,Actif,2026-06-29T00:14:35.840457,moyenne
BJ-F70F23DE,Association Éducation,ONG & Associations,Bantè,+229 42 95 70 13,,associationéducation.bj,PME (50-200),B2C,Facebook Pages,,Actif,2026-06-29T00:14:35.840469,moyenne
BJ-184621F4,Social,ONG & Associations,Bantè,+229 39 41 72 83,,,TPE (<10),B2B,Facebook Pages,,Actif,2026-06-29T00:14:35.840480,basse
BJ-F67CECE5,Organisation Environnement Organisation,ONG & Associations,Bantè,+229 65 28 72 75,,organisationenvironnementorganisation.bj,PME (50-200),B2B,Facebook Pages,,Actif,2026-06-29T00:14:35.840492,moyenne
BJ-AAE2F834,Droits Bantè,ONG & Associations,Bantè,+229 78 67 59 27,droits.bantè@droits.bantè.com,droitsbantè.bj,PME (10-50),B2B,Facebook Pages,,Actif,2026-06-29T00:14:35.840505,haute
BJ-047DFA57,ONG Aide Djougou,ONG & Associations,Djougou,+229 60 79 75 17,ong.aide.djougou@ong.aide.djougou.com,,PME (50-200),B2C,Facebook Pages,,Actif,2026-06-29T00:14:35.840523,moyenne
BJ-08530C9C,ONG Solidarité ONG,ONG & Associations,Djougou,+229 52 49 24 77,,ongsolidaritéong.bj,TPE (<10),B2C,Facebook Pages,,Actif,2026-06-29T00:14:35.840536,moyenne
BJ-AF2EF2BB,Social,ONG & Associations,Djougou,+229 74 43 23 88,,,TPE (<10),B2B,Facebook Pages,,Actif,2026-06-29T00:14:35.840546,basse
BJ-CCF75832,Environnement,ONG & Associations,Djougou,+229 37 40 40 95,environnement@environnement.bj,environnement.bj,TPE (<10),B2C,Facebook Pages,,Actif,2026-06-29T00:14:35.840570,haute
BJ-8554A384,Santé Djougou,ONG & Associations,Djougou,+229 79 32 80 56,santé.djougou@santé.djougou.bj,,PME (10-50),B2B,Facebook Pages,,Actif,2026-06-29T00:14:35.840586,moyenne
BJ-3A0FE335,Droits,ONG & Associations,Ouèssè,+229 54 88 33 85,droits@droits.org,,PME (50-200),B2B,Facebook Pages,,Actif,2026-06-29T00:14:35.840604,moyenne
BJ-E5ECC84C,Solidarité Ouèssè,ONG & Associations,Ouèssè,+229 52 20 77 76,,,TPE (<10),B2C,Facebook Pages,,Actif,2026-06-29T00:14:35.840616,basse
BJ-EE0B0B48,Enfant International Ouèssè,ONG & Associations,Ouèssè,+229 96 79 16 46,,,PME (10-50),B2B,Facebook Pages,,Actif,2026-06-29T00:14:35.840626,basse
BJ-C4297B61,Solidarité Organisation,ONG & Associations,Ouèssè,+229 66 51 26 62,,,TPE (<10),B2B,Facebook Pages,,Actif,2026-06-29T00:14:35.840637,basse
BJ-8FE6C373,Association Sport Organisation,ONG & Associations,Ouèssè,+229 54 72 97 99,association.sport.organisation@association.sport.organisation.bj,,PME (10-50),B2B,Facebook Pages,,Actif,2026-06-29T00:14:35.840649,moyenne
BJ-1557071E,Fondation Culture Organisation,ONG & Associations,Bassila,+229 66 33 62 71,,fondationcultureorganisation.bj,TPE (<10),B2C,Facebook Pages,,Actif,2026-06-29T00:14:35.840669,moyenne
BJ-91AE4D7A,Organisation Culture,ONG & Associations,Bassila,+229 58 84 46 29,,,PME (10-50),B2B,Facebook Pages,,Actif,2026-06-29T00:14:35.840684,basse
BJ-A2107C64,Société Femme Bénin Bassila,ONG & Associations,Bassila,+229 72 61 69 63,,sociétéfemmebéninbassila.bj,TPE (<10),B2B,Facebook Pages,,Actif,2026-06-29T00:14:35.840697,moyenne
BJ-9E3A714A,Club Humanitaire International,ONG & Associations,Bassila,+229 51 17 70 98,club.humanitaire.international@club.humanitaire.international.org,,PME (10-50),B2C,Facebook Pages,,Actif,2026-06-29T00:14:35.840711,moyenne
BJ-6CAB9035,Fondation Culture,ONG & Associations,Bassila,+229 48 57 23 17,fondation.culture@fondation.culture.org,,PME (10-50),B2C,Facebook Pages,,Actif,2026-06-29T00:14:35.840723,moyenne
BJ-6CEA18D5,ONG Droits ONG,ONG & Associations,Pehunco,+229 83 58 39 87,ong.droits.ong@ong.droits.ong.org,ongdroitsong.bj,Grande (>200),B2B,Facebook Pages,,Actif,2026-06-29T00:14:35.840745,haute
BJ-365A39D4,Société Humanitaire Fondation,ONG & Associations,Pehunco,+229 44 64 63 27,,,PME (10-50),B2B,Facebook Pages,,Actif,2026-06-29T00:14:35.840757,basse
BJ-4B94019D,Environnement Fondation Pehunco,ONG & Associations,Pehunco,+229 38 15 17 64,,,TPE (<10),B2C,Facebook Pages,,Actif,2026-06-29T00:14:35.840768,basse
BJ-7609B87B,Droits ONG,ONG & Associations,Pehunco,+229 87 43 83 78,,droitsong.bj,PME (50-200),B2C,Facebook Pages,,Actif,2026-06-29T00:14:35.840792,moyenne
BJ-153D90A8,Jeunesse,ONG & Associations,Pehunco,+229 37 17 47 88,jeunesse@jeunesse.bj,,TPE (<10),B2C,Facebook Pages,,Actif,2026-06-29T00:14:35.840803,moyenne
BJ-CC188ACB,Aide ONG,ONG & Associations,Copargo,+229 28 40 55 11,aide.ong@aide.ong.org,,TPE (<10),B2C,Facebook Pages,,Actif,2026-06-29T00:14:35.840820,moyenne
BJ-D9D84775,Éducation,ONG & Associations,Copargo,+229 74 10 21 90,éducation@éducation.com,,PME (50-200),B2B,Facebook Pages,,Actif,2026-06-29T00:14:35.840832,moyenne
BJ-0D03B85F,Santé,ONG & Associations,Copargo,+229 24 40 96 59,,,PME (50-200),B2C,Facebook Pages,,Actif,2026-06-29T00:14:35.840843,basse
BJ-BA97FBDF,Développement Bénin,ONG & Associations,Copargo,+229 46 75 37 11,développement.bénin@développement.bénin.benin,,PME (10-50),B2B,Facebook Pages,,Actif,2026-06-29T00:14:35.840858,moyenne
BJ-775A6176,ONG Solidarité Copargo,ONG & Associations,Copargo,+229 85 74 21 69,,,PME (10-50),B2C,Facebook Pages,,Actif,2026-06-29T00:14:35.840869,basse
BJ-883338C9,Toiture,BTP & Immobilier,Cotonou,+229 46 95 99 58,,,PME (50-200),B2C,CCIB Annuaire,,Actif,2026-06-29T00:14:35.840887,basse
BJ-12034DBE,SCI Ingénierie Africa Cotonou,BTP & Immobilier,Cotonou,+229 65 88 80 22,sci.ingénierie.africa.cotonou@sci.ingénierie.africa.cotonou.benin,,PME (50-200),B2B,CCIB Annuaire,,Actif,2026-06-29T00:14:35.840911,moyenne
BJ-98AD7598,SCI Ingénierie,BTP & Immobilier,Cotonou,+229 75 56 66 41,,,PME (10-50),B2B,CCIB Annuaire,,Actif,2026-06-29T00:14:35.840921,basse
BJ-6C2A1787,SA Construction,BTP & Immobilier,Cotonou,+229 77 24 95 39,sa.construction@sa.construction.org,,TPE (<10),B2C,CCIB Annuaire,,Actif,2026-06-29T00:14:35.840937,moyenne
BJ-F508C0E7,Ets Travaux SA Cotonou,BTP & Immobilier,Cotonou,+229 66 90 64 38,ets.travaux.sa.cotonou@ets.travaux.sa.cotonou.benin,etstravauxsacotonou.bj,TPE (<10),B2C,CCIB Annuaire,,Actif,2026-06-29T00:14:35.840950,haute
BJ-4F7426DE,Groupe Maison,BTP & Immobilier,Abomey-Calavi,+229 45 18 58 64,groupe.maison@groupe.maison.com,groupemaison.bj,PME (10-50),B2C,CCIB Annuaire,,Actif,2026-06-29T00:14:35.840968,haute
BJ-C8C9AE76,SA Habitat,BTP & Immobilier,Abomey-Calavi,+229 81 51 65 15,sa.habitat@sa.habitat.benin,,Grande (>200),B2C,CCIB Annuaire,,Actif,2026-06-29T00:14:35.840979,moyenne
BJ-BF33C4F2,Cabinet Fondation Ets,BTP & Immobilier,Abomey-Calavi,+229 95 21 25 13,,,PME (10-50),B2B,CCIB Annuaire,,Actif,2026-06-29T00:14:35.840990,basse
BJ-5B425EF6,Électricité,BTP & Immobilier,Abomey-Calavi,+229 20 42 96 87,,,PME (50-200),B2C,CCIB Annuaire,,Actif,2026-06-29T00:14:35.841003,basse
BJ-88FEF98D,Ingénierie Bénin,BTP & Immobilier,Abomey-Calavi,+229 31 40 12 71,,ingénieriebénin.bj,PME (50-200),B2C,CCIB Annuaire,,Actif,2026-06-29T00:14:35.841016,moyenne
BJ-412F3DB3,SA Urbanisme Solutions,BTP & Immobilier,Porto-Novo,+229 26 45 69 80,sa.urbanisme.solutions@sa.urbanisme.solutions.net,saurbanismesolutions.bj,TPE (<10),B2C,CCIB Annuaire,,Actif,2026-06-29T00:14:35.841033,haute
BJ-5619EEE4,Immobilier Cabinet Porto-Novo,BTP & Immobilier,Porto-Novo,+229 64 83 58 61,,immobiliercabinetportonovo.bj,PME (10-50),B2B,CCIB Annuaire,,Actif,2026-06-29T00:14:35.841045,moyenne
BJ-CDFECE0D,Bâtiment,BTP & Immobilier,Porto-Novo,+229 74 86 65 77,bâtiment@bâtiment.org,,TPE (<10),B2B,CCIB Annuaire,,Actif,2026-06-29T00:14:35.841060,moyenne
BJ-7384F222,Maison Solutions,BTP & Immobilier,Porto-Novo,+229 86 78 53 91,maison.solutions@maison.solutions.org,,PME (10-50),B2B,CCIB Annuaire,,Actif,2026-06-29T00:14:35.841071,moyenne
BJ-52D70A62,Ets Urbanisme Porto-Novo,BTP & Immobilier,Porto-Novo,+229 85 57 65 46,ets.urbanisme.portonovo@ets.urbanisme.portonovo.org,,TPE (<10),B2B,CCIB Annuaire,,Actif,2026-06-29T00:14:35.841083,moyenne
BJ-E7517EF6,Ets Construction Services,BTP & Immobilier,Parakou,+229 93 56 61 45,ets.construction.services@ets.construction.services.org,etsconstructionservices.bj,TPE (<10),B2C,CCIB Annuaire,,Actif,2026-06-29T00:14:35.841100,haute
BJ-6A7DC9B0,SO Électricité Services,BTP & Immobilier,Parakou,+229 63 71 69 42,,,TPE (<10),B2C,CCIB Annuaire,,Actif,2026-06-29T00:14:35.841111,basse
BJ-77A572B4,Électricité Parakou,BTP & Immobilier,Parakou,+229 66 84 19 55,,électricitéparakou.bj,PME (10-50),B2C,CCIB Annuaire,,Actif,2026-06-29T00:14:35.841123,moyenne
BJ-EEBFCAC7,SO Maison Africa,BTP & Immobilier,Parakou,+229 20 89 92 58,so.maison.africa@so.maison.africa.org,somaisonafrica.bj,Grande (>200),B2C,CCIB Annuaire,,Actif,2026-06-29T00:14:35.841140,haute
BJ-D2D1D5C4,Maison International Parakou,BTP & Immobilier,Parakou,+229 67 19 91 98,maison.international.parakou@maison.international.parakou.net,maisoninternationalparakou.bj,TPE (<10),B2B,CCIB Annuaire,,Actif,2026-06-29T00:14:35.841152,haute
BJ-C0F2715C,BTP Architecte Bénin,BTP & Immobilier,Bohicon,+229 80 18 65 80,,,TPE (<10),B2C,CCIB Annuaire,,Actif,2026-06-29T00:14:35.841169,basse
BJ-5F39146F,Ets Bâtiment Bénin,BTP & Immobilier,Bohicon,+229 92 16 88 86,ets.bâtiment.bénin@ets.bâtiment.bénin.org,,TPE (<10),B2B,CCIB Annuaire,,Actif,2026-06-29T00:14:35.841181,moyenne
BJ-B8D375CC,Fondation,BTP & Immobilier,Bohicon,+229 38 78 23 47,fondation@fondation.org,fondation.bj,TPE (<10),B2B,CCIB Annuaire,,Actif,2026-06-29T00:14:35.841192,haute
BJ-016EF46B,Immobilier Services,BTP & Immobilier,Bohicon,+229 65 91 58 22,,immobilierservices.bj,TPE (<10),B2B,CCIB Annuaire,,Actif,2026-06-29T00:14:35.841203,moyenne
BJ-5B2BB918,Ets Maison Solutions Bohicon,BTP & Immobilier,Bohicon,+229 65 89 31 42,ets.maison.solutions.bohicon@ets.maison.solutions.bohicon.com,etsmaisonsolutionsbohicon.bj,TPE (<10),B2C,CCIB Annuaire,,Actif,2026-06-29T00:14:35.841215,haute
BJ-B1888766,Habitat Natitingou,BTP & Immobilier,Natitingou,+229 33 11 87 40,habitat.natitingou@habitat.natitingou.net,habitatnatitingou.bj,TPE (<10),B2B,CCIB Annuaire,,Actif,2026-06-29T00:14:35.841233,haute
BJ-EE0C24B9,Architecte,BTP & Immobilier,Natitingou,+229 84 75 54 10,architecte@architecte.net,architecte.bj,TPE (<10),B2C,CCIB Annuaire,,Actif,2026-06-29T00:14:35.841245,haute
BJ-A3A08029,Groupe Architecte Groupe,BTP & Immobilier,Natitingou,+229 21 87 56 71,groupe.architecte.groupe@groupe.architecte.groupe.bj,groupearchitectegroupe.bj,PME (10-50),B2C,CCIB Annuaire,,Actif,2026-06-29T00:14:35.841257,haute
BJ-C68C6ED1,Maison,BTP & Immobilier,Natitingou,+229 40 76 83 38,maison@maison.bj,,TPE (<10),B2B,CCIB Annuaire,,Actif,2026-06-29T00:14:35.841271,moyenne
BJ-2AD770CF,Béton,BTP & Immobilier,Lokossa,+229 51 40 23 47,,béton.bj,PME (50-200),B2B,CCIB Annuaire,,Actif,2026-06-29T00:14:35.841301,moyenne
BJ-0602CBF4,SARL Ingénierie Bénin,BTP & Immobilier,Lokossa,+229 94 46 16 83,sarl.ingénierie.bénin@sarl.ingénierie.bénin.benin,,TPE (<10),B2B,CCIB Annuaire,,Actif,2026-06-29T00:14:35.841313,moyenne
BJ-CEDB910B,Cabinet Béton Ets,BTP & Immobilier,Lokossa,+229 71 14 69 97,cabinet.béton.ets@cabinet.béton.ets.com,,TPE (<10),B2B,CCIB Annuaire,,Actif,2026-06-29T00:14:35.841324,moyenne
BJ-0E1F1F0F,Immobilier SA,BTP & Immobilier,Lokossa,+229 43 60 20 90,,,PME (50-200),B2B,CCIB Annuaire,,Actif,2026-06-29T00:14:35.841335,basse
BJ-12989CCF,Ets Urbanisme Cabinet,BTP & Immobilier,Lokossa,+229 31 22 97 84,ets.urbanisme.cabinet@ets.urbanisme.cabinet.com,,TPE (<10),B2C,CCIB Annuaire,,Actif,2026-06-29T00:14:35.841346,moyenne
BJ-EE6DBBD0,Ets Béton,BTP & Immobilier,Ouidah,+229 50 40 37 27,,etsbéton.bj,TPE (<10),B2B,CCIB Annuaire,,Actif,2026-06-29T00:14:35.841384,moyenne
BJ-955A8FAB,SA Toiture Ouidah,BTP & Immobilier,Ouidah,+229 48 54 20 85,sa.toiture.ouidah@sa.toiture.ouidah.net,,Grande (>200),B2B,CCIB Annuaire,,Actif,2026-06-29T00:14:35.841401,moyenne
BJ-AC38EE52,Ets Bâtiment Services,BTP & Immobilier,Ouidah,+229 39 77 45 42,,etsbâtimentservices.bj,PME (10-50),B2B,CCIB Annuaire,,Actif,2026-06-29T00:14:35.841427,moyenne
BJ-6051434D,SCI Habitat,BTP & Immobilier,Ouidah,+229 21 50 73 40,,scihabitat.bj,Grande (>200),B2B,CCIB Annuaire,,Actif,2026-06-29T00:14:35.841439,moyenne
BJ-1D09C428,SO Plomberie SA Savalou,BTP & Immobilier,Savalou,+229 96 58 37 47,so.plomberie.sa.savalou@so.plomberie.sa.savalou.bj,soplomberiesasavalou.bj,PME (10-50),B2B,CCIB Annuaire,,Actif,2026-06-29T00:14:35.841457,haute
BJ-A37A42DC,Ets Structure,BTP & Immobilier,Savalou,+229 71 53 84 12,,etsstructure.bj,TPE (<10),B2B,CCIB Annuaire,,Actif,2026-06-29T00:14:35.841479,moyenne
BJ-F80A0F8B,Ets Habitat,BTP & Immobilier,Savalou,+229 24 65 43 76,ets.habitat@ets.habitat.benin,etshabitat.bj,PME (50-200),B2B,CCIB Annuaire,,Actif,2026-06-29T00:14:35.841491,haute
BJ-9B99E03B,Habitat SARL Savalou,BTP & Immobilier,Savalou,+229 48 37 20 78,,,PME (50-200),B2B,CCIB Annuaire,,Actif,2026-06-29T00:14:35.841501,basse
BJ-AE99FDB0,Structure SA,BTP & Immobilier,Dassa-Zoumè,+229 86 90 76 42,,,PME (50-200),B2B,CCIB Annuaire,,Actif,2026-06-29T00:14:35.841528,basse
BJ-7E4BFA49,SCI Béton Dassa-Zoumè,BTP & Immobilier,Dassa-Zoumè,+229 74 94 71 47,sci.béton.dassazoumè@sci.béton.dassazoumè.org,scibétondassazoumè.bj,TPE (<10),B2B,CCIB Annuaire,,Actif,2026-06-29T00:14:35.841541,haute
BJ-F301B2AF,Toiture,BTP & Immobilier,Dassa-Zoumè,+229 62 79 17 71,,,PME (10-50),B2B,CCIB Annuaire,,Actif,2026-06-29T00:14:35.841555,basse
BJ-9CED6584,SCI Béton Bénin Dassa-Zoumè,BTP & Immobilier,Dassa-Zoumè,+229 35 82 15 48,,scibétonbénindassazoumè.bj,PME (50-200),B2C,CCIB Annuaire,,Actif,2026-06-29T00:14:35.841567,moyenne
BJ-AD0906D7,Urbanisme Bénin,BTP & Immobilier,Kétou,+229 72 86 46 15,urbanisme.bénin@urbanisme.bénin.org,,PME (50-200),B2B,CCIB Annuaire,,Actif,2026-06-29T00:14:35.841584,moyenne
BJ-546F7DE5,Cabinet Construction Ets,BTP & Immobilier,Kétou,+229 32 66 12 15,cabinet.construction.ets@cabinet.construction.ets.benin,,PME (10-50),B2B,CCIB Annuaire,,Actif,2026-06-29T00:14:35.841597,moyenne
BJ-544E82FF,SA Bâtiment,BTP & Immobilier,Kétou,+229 65 32 77 91,sa.bâtiment@sa.bâtiment.bj,sabâtiment.bj,PME (50-200),B2C,CCIB Annuaire,,Actif,2026-06-29T00:14:35.841613,haute
BJ-FD7E920D,Maison,BTP & Immobilier,Kétou,+229 62 46 83 41,,maison.bj,PME (10-50),B2B,CCIB Annuaire,,Actif,2026-06-29T00:14:35.841632,moyenne
BJ-6D800C5B,SA Urbanisme Bénin,BTP & Immobilier,Kétou,+229 41 73 56 18,,saurbanismebénin.bj,Grande (>200),B2C,CCIB Annuaire,,Actif,2026-06-29T00:14:35.841644,moyenne
BJ-8C2D9245,Toiture Groupe,BTP & Immobilier,Covè,+229 61 28 69 85,toiture.groupe@toiture.groupe.benin,toituregroupe.bj,PME (10-50),B2B,CCIB Annuaire,,Actif,2026-06-29T00:14:35.841662,haute
BJ-4C937742,Travaux Africa,BTP & Immobilier,Covè,+229 71 13 37 80,travaux.africa@travaux.africa.org,travauxafrica.bj,PME (10-50),B2C,CCIB Annuaire,,Actif,2026-06-29T00:14:35.841674,haute
BJ-F4EFB0C0,Fondation,BTP & Immobilier,Covè,+229 95 67 66 36,fondation@fondation.com,,PME (50-200),B2B,CCIB Annuaire,,Actif,2026-06-29T00:14:35.841685,moyenne
BJ-C3B51A4F,Groupe Maison Solutions Covè,BTP & Immobilier,Covè,+229 77 71 82 18,groupe.maison.solutions.covè@groupe.maison.solutions.covè.benin,groupemaisonsolutionscovè.bj,PME (50-200),B2B,CCIB Annuaire,,Actif,2026-06-29T00:14:35.841702,haute
BJ-76F333EE,BTP Toiture Solutions,BTP & Immobilier,Covè,+229 75 49 61 52,,,PME (10-50),B2C,CCIB Annuaire,,Actif,2026-06-29T00:14:35.841713,basse
BJ-702F4662,Urbanisme,BTP & Immobilier,Pobè,+229 70 55 13 12,urbanisme@urbanisme.bj,,PME (50-200),B2B,CCIB Annuaire,,Actif,2026-06-29T00:14:35.841730,moyenne
BJ-1D93FF41,SCI Urbanisme Pobè,BTP & Immobilier,Pobè,+229 99 66 91 82,sci.urbanisme.pobè@sci.urbanisme.pobè.benin,,PME (10-50),B2C,CCIB Annuaire,,Actif,2026-06-29T00:14:35.841742,moyenne
BJ-1ED71F26,Bâtiment Pobè,BTP & Immobilier,Pobè,+229 48 29 26 46,bâtiment.pobè@bâtiment.pobè.bj,,PME (10-50),B2C,CCIB Annuaire,,Actif,2026-06-29T00:14:35.841758,moyenne
BJ-65B674A2,Groupe Bâtiment Groupe,BTP & Immobilier,Pobè,+229 63 86 79 73,groupe.bâtiment.groupe@groupe.bâtiment.groupe.com,,TPE (<10),B2B,CCIB Annuaire,,Actif,2026-06-29T00:14:35.841770,moyenne
BJ-7B624D60,Architecte Pobè,BTP & Immobilier,Pobè,+229 41 13 53 86,,,TPE (<10),B2C,CCIB Annuaire,,Actif,2026-06-29T00:14:35.841780,basse
BJ-447C95E0,Immobilier Sakété,BTP & Immobilier,Sakété,+229 31 72 99 30,,,PME (10-50),B2C,CCIB Annuaire,,Actif,2026-06-29T00:14:35.841795,basse
BJ-A7165A8B,Groupe Béton Cabinet,BTP & Immobilier,Sakété,+229 87 12 28 27,,,TPE (<10),B2B,CCIB Annuaire,,Actif,2026-06-29T00:14:35.841806,basse
BJ-FB53D72C,SO Bâtiment SA,BTP & Immobilier,Sakété,+229 87 55 27 63,so.bâtiment.sa@so.bâtiment.sa.com,,TPE (<10),B2C,CCIB Annuaire,,Actif,2026-06-29T00:14:35.841817,moyenne
BJ-00AB5D3F,Toiture Africa,BTP & Immobilier,Sakété,+229 29 69 24 94,toiture.africa@toiture.africa.benin,,PME (10-50),B2B,CCIB Annuaire,,Actif,2026-06-29T00:14:35.841835,moyenne
BJ-08232195,SA Architecte,BTP & Immobilier,Sakété,+229 58 28 21 64,sa.architecte@sa.architecte.org,saarchitecte.bj,PME (10-50),B2C,CCIB Annuaire,,Actif,2026-06-29T00:14:35.841847,haute
BJ-9F05DD66,Habitat Africa,BTP & Immobilier,Adjara,+229 58 77 28 56,habitat.africa@habitat.africa.bj,,TPE (<10),B2B,CCIB Annuaire,,Actif,2026-06-29T00:14:35.841864,moyenne
BJ-2A002A8C,SCI Bâtiment,BTP & Immobilier,Adjara,+229 28 67 14 97,sci.bâtiment@sci.bâtiment.benin,scibâtiment.bj,PME (50-200),B2B,CCIB Annuaire,,Actif,2026-06-29T00:14:35.841877,haute
BJ-AA0AC0D5,Groupe Construction Groupe,BTP & Immobilier,Adjara,+229 53 68 82 79,groupe.construction.groupe@groupe.construction.groupe.org,,Grande (>200),B2C,CCIB Annuaire,,Actif,2026-06-29T00:14:35.841897,moyenne
BJ-0E6B5BA8,Structure Solutions,BTP & Immobilier,Adjara,+229 60 43 82 99,,,PME (50-200),B2C,CCIB Annuaire,,Actif,2026-06-29T00:14:35.841910,basse
BJ-851707B2,Maison International,BTP & Immobilier,Adjara,+229 36 87 96 12,,,TPE (<10),B2B,CCIB Annuaire,,Actif,2026-06-29T00:14:35.841920,basse
BJ-54B8BD02,Électricité,BTP & Immobilier,Allada,+229 35 99 10 25,électricité@électricité.benin,,PME (50-200),B2B,CCIB Annuaire,,Actif,2026-06-29T00:14:35.841938,moyenne
BJ-D3599ECD,Toiture Africa,BTP & Immobilier,Allada,+229 99 80 32 80,,toitureafrica.bj,PME (10-50),B2C,CCIB Annuaire,,Actif,2026-06-29T00:14:35.841949,moyenne
BJ-9EF4763E,Béton Allada,BTP & Immobilier,Allada,+229 35 41 79 90,,bétonallada.bj,PME (10-50),B2B,CCIB Annuaire,,Actif,2026-06-29T00:14:35.841961,moyenne
BJ-7356285B,BTP Construction SARL,BTP & Immobilier,Allada,+229 58 31 98 44,btp.construction.sarl@btp.construction.sarl.com,,PME (10-50),B2C,CCIB Annuaire,,Actif,2026-06-29T00:14:35.841976,moyenne
BJ-0B1CAD90,BTP Immobilier Cabinet,BTP & Immobilier,Allada,+229 80 31 93 29,btp.immobilier.cabinet@btp.immobilier.cabinet.net,,TPE (<10),B2C,CCIB Annuaire,,Actif,2026-06-29T00:14:35.841988,moyenne
BJ-D000FC1D,Électricité,BTP & Immobilier,Aplahoué,+229 47 74 58 48,électricité@électricité.bj,,Grande (>200),B2C,CCIB Annuaire,,Actif,2026-06-29T00:14:35.842005,moyenne
BJ-C8610BDA,Cabinet Habitat Groupe,BTP & Immobilier,Aplahoué,+229 25 87 11 72,,,PME (10-50),B2C,CCIB Annuaire,,Actif,2026-06-29T00:14:35.842015,basse
BJ-A8D12648,SCI Construction,BTP & Immobilier,Aplahoué,+229 48 39 97 27,sci.construction@sci.construction.com,,PME (10-50),B2C,CCIB Annuaire,,Actif,2026-06-29T00:14:35.842026,moyenne
BJ-3D08280B,Ets Maison,BTP & Immobilier,Aplahoué,+229 28 18 99 94,ets.maison@ets.maison.benin,,PME (50-200),B2C,CCIB Annuaire,,Actif,2026-06-29T00:14:35.842037,moyenne
BJ-D2AD8DB6,SCI Construction Dogbo-Tota,BTP & Immobilier,Dogbo-Tota,+229 30 60 45 32,sci.construction.dogbotota@sci.construction.dogbotota.bj,sciconstructiondogbotota.bj,TPE (<10),B2B,CCIB Annuaire,,Actif,2026-06-29T00:14:35.842071,haute
BJ-C47FF042,BTP Maison Groupe,BTP & Immobilier,Dogbo-Tota,+229 72 68 96 75,,,TPE (<10),B2B,CCIB Annuaire,,Actif,2026-06-29T00:14:35.842081,basse
BJ-02AB93CC,Toiture Ets,BTP & Immobilier,Dogbo-Tota,+229 83 42 30 32,toiture.ets@toiture.ets.benin,toitureets.bj,TPE (<10),B2B,CCIB Annuaire,,Actif,2026-06-29T00:14:35.842092,haute
BJ-FADCAA5E,Ets Plomberie Bénin Dogbo-Tota,BTP & Immobilier,Dogbo-Tota,+229 33 82 76 31,ets.plomberie.bénin.dogbotota@ets.plomberie.bénin.dogbotota.org,etsplomberiebénindogbotota.bj,TPE (<10),B2B,CCIB Annuaire,,Actif,2026-06-29T00:14:35.842109,haute
BJ-FADCCD5E,SARL Électricité SARL Dogbo-Tota,BTP & Immobilier,Dogbo-Tota,+229 49 94 24 17,,,PME (10-50),B2C,CCIB Annuaire,,Actif,2026-06-29T00:14:35.842123,basse
BJ-09D64028,Électricité Cabinet,BTP & Immobilier,Kpomassè,+229 50 86 30 54,,,PME (10-50),B2B,CCIB Annuaire,,Actif,2026-06-29T00:14:35.842142,basse
BJ-F4F76892,Ingénierie Ets Kpomassè,BTP & Immobilier,Kpomassè,+229 67 70 64 39,ingénierie.ets.kpomassè@ingénierie.ets.kpomassè.com,ingénierieetskpomassè.bj,TPE (<10),B2C,CCIB Annuaire,,Actif,2026-06-29T00:14:35.842156,haute
BJ-569B3E7B,Électricité,BTP & Immobilier,Kpomassè,+229 98 92 32 28,électricité@électricité.org,,PME (10-50),B2C,CCIB Annuaire,,Actif,2026-06-29T00:14:35.842168,moyenne
BJ-F160A2AC,Architecte Kpomassè,BTP & Immobilier,Kpomassè,+229 53 99 14 82,architecte.kpomassè@architecte.kpomassè.com,,PME (10-50),B2C,CCIB Annuaire,,Actif,2026-06-29T00:14:35.842180,moyenne
BJ-9B1417C4,SO Ingénierie SARL,BTP & Immobilier,Kpomassè,+229 72 44 10 83,so.ingénierie.sarl@so.ingénierie.sarl.com,soingénieriesarl.bj,TPE (<10),B2B,CCIB Annuaire,,Actif,2026-06-29T00:14:35.842192,haute
BJ-8FCFDC53,Cabinet Maison,BTP & Immobilier,Tori-Bossito,+229 59 30 38 88,cabinet.maison@cabinet.maison.com,cabinetmaison.bj,TPE (<10),B2B,CCIB Annuaire,,Actif,2026-06-29T00:14:35.842210,haute
BJ-AD2F171B,Structure International Tori-Bossito,BTP & Immobilier,Tori-Bossito,+229 66 78 85 82,,,PME (10-50),B2C,CCIB Annuaire,,Actif,2026-06-29T00:14:35.842221,basse
BJ-5EF04242,BTP Habitat,BTP & Immobilier,Tori-Bossito,+229 59 70 12 67,btp.habitat@btp.habitat.net,,TPE (<10),B2C,CCIB Annuaire,,Actif,2026-06-29T00:14:35.842231,moyenne
BJ-020AB479,Électricité,BTP & Immobilier,Tori-Bossito,+229 46 72 74 75,électricité@électricité.benin,électricité.bj,TPE (<10),B2B,CCIB Annuaire,,Actif,2026-06-29T00:14:35.842246,haute
BJ-F7D331CA,SARL Béton Groupe,BTP & Immobilier,Tori-Bossito,+229 71 13 43 15,,sarlbétongroupe.bj,TPE (<10),B2C,CCIB Annuaire,,Actif,2026-06-29T00:14:35.842258,moyenne
BJ-AF4A8584,SCI Habitat,BTP & Immobilier,Grand-Popo,+229 69 34 95 68,sci.habitat@sci.habitat.bj,scihabitat.bj,PME (50-200),B2C,CCIB Annuaire,,Actif,2026-06-29T00:14:35.842276,haute
BJ-0DEFC1D4,Bâtiment,BTP & Immobilier,Grand-Popo,+229 41 34 80 12,,bâtiment.bj,PME (10-50),B2C,CCIB Annuaire,,Actif,2026-06-29T00:14:35.842288,moyenne
BJ-80DE5372,SA Plomberie,BTP & Immobilier,Grand-Popo,+229 41 33 79 79,sa.plomberie@sa.plomberie.net,,PME (10-50),B2B,CCIB Annuaire,,Actif,2026-06-29T00:14:35.842302,moyenne
BJ-3188F635,SCI Travaux,BTP & Immobilier,Grand-Popo,+229 66 87 25 62,sci.travaux@sci.travaux.org,scitravaux.bj,TPE (<10),B2B,CCIB Annuaire,,Actif,2026-06-29T00:14:35.842314,haute
BJ-0A42E0EA,Cabinet Urbanisme SA,BTP & Immobilier,Grand-Popo,+229 51 25 96 27,,cabineturbanismesa.bj,PME (50-200),B2C,CCIB Annuaire,,Actif,2026-06-29T00:14:35.842325,moyenne
BJ-A34AE9FB,Maison Services,BTP & Immobilier,Athiémé,+229 24 82 76 66,,,PME (50-200),B2B,CCIB Annuaire,,Actif,2026-06-29T00:14:35.842342,basse
BJ-1AC56E3E,Ets Structure Groupe,BTP & Immobilier,Athiémé,+229 57 45 16 99,ets.structure.groupe@ets.structure.groupe.com,etsstructuregroupe.bj,TPE (<10),B2B,CCIB Annuaire,,Actif,2026-06-29T00:14:35.842354,haute
BJ-1DE873F5,Immobilier Bénin,BTP & Immobilier,Athiémé,+229 54 68 68 72,immobilier.bénin@immobilier.bénin.benin,,PME (10-50),B2C,CCIB Annuaire,,Actif,2026-06-29T00:14:35.842366,moyenne
BJ-F08E0E3D,BTP Structure,BTP & Immobilier,Athiémé,+229 44 95 97 79,,btpstructure.bj,PME (10-50),B2B,CCIB Annuaire,,Actif,2026-06-29T00:14:35.842379,moyenne
BJ-111258F6,Cabinet Construction,BTP & Immobilier,Athiémé,+229 40 39 50 94,cabinet.construction@cabinet.construction.com,,PME (10-50),B2C,CCIB Annuaire,,Actif,2026-06-29T00:14:35.842391,moyenne
BJ-8CB48249,Construction SARL,BTP & Immobilier,Bopa,+229 91 72 18 67,,constructionsarl.bj,TPE (<10),B2B,CCIB Annuaire,,Actif,2026-06-29T00:14:35.842407,moyenne
BJ-4E326BC6,Architecte Groupe,BTP & Immobilier,Bopa,+229 67 77 59 95,architecte.groupe@architecte.groupe.bj,architectegroupe.bj,PME (10-50),B2B,CCIB Annuaire,,Actif,2026-06-29T00:14:35.842418,haute
BJ-95C92862,Groupe Béton Bénin Bopa,BTP & Immobilier,Bopa,+229 73 40 32 24,groupe.béton.bénin.bopa@groupe.béton.bénin.bopa.bj,groupebétonbéninbopa.bj,Grande (>200),B2B,CCIB Annuaire,,Actif,2026-06-29T00:14:35.842431,haute
BJ-D8CCB47B,SA Architecte,BTP & Immobilier,Bopa,+229 95 96 57 44,sa.architecte@sa.architecte.bj,saarchitecte.bj,PME (10-50),B2C,CCIB Annuaire,,Actif,2026-06-29T00:14:35.842443,haute
BJ-2B76A376,Travaux Solutions,BTP & Immobilier,Bopa,+229 87 58 49 40,,travauxsolutions.bj,TPE (<10),B2B,CCIB Annuaire,,Actif,2026-06-29T00:14:35.842453,moyenne
BJ-30B6A68C,SO Béton,BTP & Immobilier,Houéyogbé,+229 67 87 21 41,so.béton@so.béton.bj,sobéton.bj,TPE (<10),B2B,CCIB Annuaire,,Actif,2026-06-29T00:14:35.842474,haute
BJ-206DC865,SARL Maison Solutions,BTP & Immobilier,Houéyogbé,+229 92 84 61 46,sarl.maison.solutions@sarl.maison.solutions.org,sarlmaisonsolutions.bj,PME (10-50),B2B,CCIB Annuaire,,Actif,2026-06-29T00:14:35.842490,haute
BJ-4055ADEE,BTP Travaux Groupe,BTP & Immobilier,Houéyogbé,+229 75 89 88 26,,btptravauxgroupe.bj,PME (10-50),B2C,CCIB Annuaire,,Actif,2026-06-29T00:14:35.842502,moyenne
BJ-E53A9E00,SO Béton SA,BTP & Immobilier,Houéyogbé,+229 55 36 18 67,,,PME (50-200),B2C,CCIB Annuaire,,Actif,2026-06-29T00:14:35.842515,basse
BJ-FC7049A4,Fondation Houéyogbé,BTP & Immobilier,Houéyogbé,+229 95 88 84 37,fondation.houéyogbé@fondation.houéyogbé.net,,TPE (<10),B2B,CCIB Annuaire,,Actif,2026-06-29T00:14:35.842528,moyenne
BJ-83D6D707,Travaux,BTP & Immobilier,Malanville,+229 92 83 71 83,travaux@travaux.net,,PME (10-50),B2C,CCIB Annuaire,,Actif,2026-06-29T00:14:35.842545,moyenne
BJ-05DC9D2A,Groupe Maison,BTP & Immobilier,Malanville,+229 30 90 43 21,groupe.maison@groupe.maison.bj,groupemaison.bj,TPE (<10),B2C,CCIB Annuaire,,Actif,2026-06-29T00:14:35.842557,haute
BJ-DC52FFC0,SCI Construction Malanville,BTP & Immobilier,Malanville,+229 62 25 29 55,sci.construction.malanville@sci.construction.malanville.bj,sciconstructionmalanville.bj,TPE (<10),B2C,CCIB Annuaire,,Actif,2026-06-29T00:14:35.842570,haute
BJ-88B570B0,SO Architecte Ets Malanville,BTP & Immobilier,Malanville,+229 84 97 54 40,,soarchitecteetsmalanville.bj,PME (10-50),B2C,CCIB Annuaire,,Actif,2026-06-29T00:14:35.842581,moyenne
BJ-998B99A9,Ets Structure,BTP & Immobilier,Malanville,+229 66 13 76 57,ets.structure@ets.structure.benin,,TPE (<10),B2B,CCIB Annuaire,,Actif,2026-06-29T00:14:35.842592,moyenne
BJ-B9D3DEB5,Structure Kandi,BTP & Immobilier,Kandi,+229 77 47 62 99,,,TPE (<10),B2C,CCIB Annuaire,,Actif,2026-06-29T00:14:35.842608,basse
BJ-A6899A62,Ets Fondation Solutions,BTP & Immobilier,Kandi,+229 73 97 95 89,,,PME (10-50),B2C,CCIB Annuaire,,Actif,2026-06-29T00:14:35.842618,basse
BJ-B95D4F6C,SARL Construction Bénin,BTP & Immobilier,Kandi,+229 85 51 24 66,,,TPE (<10),B2C,CCIB Annuaire,,Actif,2026-06-29T00:14:35.842628,basse
BJ-B6082B02,Groupe Structure Cabinet Kandi,BTP & Immobilier,Kandi,+229 83 94 82 84,groupe.structure.cabinet.kandi@groupe.structure.cabinet.kandi.benin,groupestructurecabinetkandi.bj,PME (50-200),B2B,CCIB Annuaire,,Actif,2026-06-29T00:14:35.842643,haute
BJ-F13A98DA,Cabinet Immobilier Kandi,BTP & Immobilier,Kandi,+229 55 61 77 86,cabinet.immobilier.kandi@cabinet.immobilier.kandi.benin,cabinetimmobilierkandi.bj,PME (50-200),B2C,CCIB Annuaire,,Actif,2026-06-29T00:14:35.842655,haute
BJ-5D1C78B5,Maison Cabinet,BTP & Immobilier,Banikoara,+229 96 22 16 81,,,Grande (>200),B2B,CCIB Annuaire,,Actif,2026-06-29T00:14:35.842670,basse
BJ-C067ED4E,SARL Architecte,BTP & Immobilier,Banikoara,+229 33 62 45 12,,sarlarchitecte.bj,TPE (<10),B2C,CCIB Annuaire,,Actif,2026-06-29T00:14:35.842681,moyenne
BJ-F450D4D9,Cabinet Habitat,BTP & Immobilier,Banikoara,+229 83 73 95 36,cabinet.habitat@cabinet.habitat.net,cabinethabitat.bj,PME (10-50),B2B,CCIB Annuaire,,Actif,2026-06-29T00:14:35.842696,haute
BJ-9CD37426,Architecte,BTP & Immobilier,Banikoara,+229 94 62 89 16,architecte@architecte.org,,Grande (>200),B2B,CCIB Annuaire,,Actif,2026-06-29T00:14:35.842708,moyenne
BJ-8985E6DF,SCI Ingénierie SARL,BTP & Immobilier,Banikoara,+229 70 77 79 38,sci.ingénierie.sarl@sci.ingénierie.sarl.org,sciingénieriesarl.bj,PME (10-50),B2B,CCIB Annuaire,,Actif,2026-06-29T00:14:35.842722,haute
BJ-795B5A5A,Ets Construction,BTP & Immobilier,Ségbana,+229 55 70 69 89,,,PME (50-200),B2B,CCIB Annuaire,,Actif,2026-06-29T00:14:35.842749,basse
BJ-CAFF8396,Cabinet Habitat SA Ségbana,BTP & Immobilier,Ségbana,+229 62 78 74 28,cabinet.habitat.sa.ségbana@cabinet.habitat.sa.ségbana.bj,cabinethabitatsaségbana.bj,TPE (<10),B2B,CCIB Annuaire,,Actif,2026-06-29T00:14:35.842762,haute
BJ-59955395,Ingénierie Ségbana,BTP & Immobilier,Ségbana,+229 64 48 96 53,,,TPE (<10),B2C,CCIB Annuaire,,Actif,2026-06-29T00:14:35.842779,basse
BJ-B81F4E8F,BTP Urbanisme SA,BTP & Immobilier,Ségbana,+229 33 59 64 84,,,TPE (<10),B2C,CCIB Annuaire,,Actif,2026-06-29T00:14:35.842789,basse
BJ-7E121E18,SA Urbanisme,BTP & Immobilier,Karimama,+229 98 67 61 14,sa.urbanisme@sa.urbanisme.benin,,TPE (<10),B2C,CCIB Annuaire,,Actif,2026-06-29T00:14:35.842806,moyenne
BJ-E58C162E,Ets Architecte Services,BTP & Immobilier,Karimama,+229 31 68 44 35,ets.architecte.services@ets.architecte.services.com,,PME (50-200),B2C,CCIB Annuaire,,Actif,2026-06-29T00:14:35.842818,moyenne
BJ-3838FCFF,Toiture Karimama,BTP & Immobilier,Karimama,+229 41 36 70 86,,toiturekarimama.bj,PME (50-200),B2B,CCIB Annuaire,,Actif,2026-06-29T00:14:35.842829,moyenne
BJ-A24D104C,Ets Ingénierie Cabinet,BTP & Immobilier,Karimama,+229 88 84 34 13,ets.ingénierie.cabinet@ets.ingénierie.cabinet.com,etsingénieriecabinet.bj,TPE (<10),B2C,CCIB Annuaire,,Actif,2026-06-29T00:14:35.842852,haute
BJ-F68E50C1,Architecte,BTP & Immobilier,Gogounou,+229 56 74 62 71,architecte@architecte.benin,,TPE (<10),B2C,CCIB Annuaire,,Actif,2026-06-29T00:14:35.842869,moyenne
BJ-2C0CC81F,Bâtiment Cabinet,BTP & Immobilier,Gogounou,+229 20 38 39 60,bâtiment.cabinet@bâtiment.cabinet.org,bâtimentcabinet.bj,TPE (<10),B2B,CCIB Annuaire,,Actif,2026-06-29T00:14:35.842881,haute
BJ-643CBA81,Toiture Services,BTP & Immobilier,Gogounou,+229 53 53 52 53,,toitureservices.bj,TPE (<10),B2B,CCIB Annuaire,,Actif,2026-06-29T00:14:35.842900,moyenne
BJ-EC30C8E7,Maison Gogounou,BTP & Immobilier,Gogounou,+229 79 59 78 65,,maisongogounou.bj,PME (10-50),B2C,CCIB Annuaire,,Actif,2026-06-29T00:14:35.842918,moyenne
BJ-11CA30B1,Ets Architecte SARL,BTP & Immobilier,Gogounou,+229 78 27 89 89,,etsarchitectesarl.bj,TPE (<10),B2C,CCIB Annuaire,,Actif,2026-06-29T00:14:35.842929,moyenne
BJ-9C59C503,BTP Électricité Groupe,BTP & Immobilier,Cobly,+229 96 27 98 66,btp.électricité.groupe@btp.électricité.groupe.net,,PME (50-200),B2C,CCIB Annuaire,,Actif,2026-06-29T00:14:35.842947,moyenne
BJ-4A031D9F,Urbanisme Ets,BTP & Immobilier,Cobly,+229 76 48 15 68,urbanisme.ets@urbanisme.ets.benin,urbanismeets.bj,PME (10-50),B2C,CCIB Annuaire,,Actif,2026-06-29T00:14:35.842971,haute
BJ-E205E700,Habitat Cabinet,BTP & Immobilier,Cobly,+229 39 33 92 64,habitat.cabinet@habitat.cabinet.net,,Grande (>200),B2C,CCIB Annuaire,,Actif,2026-06-29T00:14:35.842982,moyenne
BJ-5626D52A,SARL Immobilier Cobly,BTP & Immobilier,Cobly,+229 22 83 28 63,sarl.immobilier.cobly@sarl.immobilier.cobly.bj,sarlimmobiliercobly.bj,PME (10-50),B2B,CCIB Annuaire,,Actif,2026-06-29T00:14:35.842994,haute
BJ-28A9BAA4,Immobilier,BTP & Immobilier,Tanguiéta,+229 89 60 64 86,immobilier@immobilier.net,immobilier.bj,PME (50-200),B2C,CCIB Annuaire,,Actif,2026-06-29T00:14:35.843011,haute
BJ-D03A8764,BTP Travaux Bénin,BTP & Immobilier,Tanguiéta,+229 89 57 95 95,btp.travaux.bénin@btp.travaux.bénin.bj,btptravauxbénin.bj,TPE (<10),B2B,CCIB Annuaire,,Actif,2026-06-29T00:14:35.843024,haute
BJ-57C2A756,Cabinet Plomberie Bénin,BTP & Immobilier,Tanguiéta,+229 42 69 50 37,,,TPE (<10),B2B,CCIB Annuaire,,Actif,2026-06-29T00:14:35.843038,basse
BJ-CB000FE3,Structure Tanguiéta,BTP & Immobilier,Tanguiéta,+229 33 62 41 41,,structuretanguiéta.bj,PME (50-200),B2B,CCIB Annuaire,,Actif,2026-06-29T00:14:35.843070,moyenne
BJ-B0C9BC03,Cabinet Toiture SA,BTP & Immobilier,Matéri,+229 45 67 99 53,cabinet.toiture.sa@cabinet.toiture.sa.benin,,TPE (<10),B2B,CCIB Annuaire,,Actif,2026-06-29T00:14:35.843128,moyenne
BJ-6A3B9233,Toiture Bénin,BTP & Immobilier,Matéri,+229 25 19 40 59,,toiturebénin.bj,PME (10-50),B2C,CCIB Annuaire,,Actif,2026-06-29T00:14:35.843141,moyenne
BJ-3A89B141,SARL Structure,BTP & Immobilier,Matéri,+229 44 44 94 15,sarl.structure@sarl.structure.bj,sarlstructure.bj,PME (10-50),B2C,CCIB Annuaire,,Actif,2026-06-29T00:14:35.843166,haute
BJ-C3238001,SA Maison,BTP & Immobilier,Matéri,+229 85 48 51 48,sa.maison@sa.maison.benin,samaison.bj,PME (10-50),B2B,CCIB Annuaire,,Actif,2026-06-29T00:14:35.843182,haute
BJ-9AC8BA04,Architecte Africa,BTP & Immobilier,Natitingou,+229 33 68 50 66,architecte.africa@architecte.africa.net,architecteafrica.bj,TPE (<10),B2C,CCIB Annuaire,,Actif,2026-06-29T00:14:35.843205,haute
BJ-7DA165F6,Architecte Cabinet,BTP & Immobilier,Natitingou,+229 64 24 32 86,,architectecabinet.bj,TPE (<10),B2C,CCIB Annuaire,,Actif,2026-06-29T00:14:35.843216,moyenne
BJ-CCCA89E6,Urbanisme SARL,BTP & Immobilier,Natitingou,+229 96 28 59 12,urbanisme.sarl@urbanisme.sarl.org,urbanismesarl.bj,TPE (<10),B2B,CCIB Annuaire,,Actif,2026-06-29T00:14:35.843227,haute
BJ-02150F54,Architecte International,BTP & Immobilier,Natitingou,+229 44 84 36 45,architecte.international@architecte.international.benin,,PME (10-50),B2C,CCIB Annuaire,,Actif,2026-06-29T00:14:35.843241,moyenne
BJ-C5659F72,SCI Toiture,BTP & Immobilier,Natitingou,+229 37 15 88 59,sci.toiture@sci.toiture.org,scitoiture.bj,PME (10-50),B2C,CCIB Annuaire,,Actif,2026-06-29T00:14:35.843254,haute
BJ-8F08EE8B,BTP Architecte International,BTP & Immobilier,Toucountouna,+229 29 29 28 96,,btparchitecteinternational.bj,Grande (>200),B2C,CCIB Annuaire,,Actif,2026-06-29T00:14:35.843270,moyenne
BJ-431F5E58,SA Maison Ets,BTP & Immobilier,Toucountouna,+229 87 41 16 43,,samaisonets.bj,TPE (<10),B2B,CCIB Annuaire,,Actif,2026-06-29T00:14:35.843282,moyenne
BJ-3BAC0EF1,Maison Africa,BTP & Immobilier,Toucountouna,+229 75 90 10 20,,,TPE (<10),B2C,CCIB Annuaire,,Actif,2026-06-29T00:14:35.843302,basse
BJ-E91FF174,SA Ingénierie,BTP & Immobilier,Toucountouna,+229 29 86 33 42,,,PME (10-50),B2B,CCIB Annuaire,,Actif,2026-06-29T00:14:35.843312,basse
BJ-BCBC5D3C,SARL Bâtiment Bénin Boukoumbé,BTP & Immobilier,Boukoumbé,+229 85 15 45 98,sarl.bâtiment.bénin.boukoumbé@sarl.bâtiment.bénin.boukoumbé.benin,,PME (10-50),B2B,CCIB Annuaire,,Actif,2026-06-29T00:14:35.843330,moyenne
BJ-FB7BD0D9,Toiture Bénin,BTP & Immobilier,Boukoumbé,+229 35 54 39 64,toiture.bénin@toiture.bénin.bj,,PME (50-200),B2B,CCIB Annuaire,,Actif,2026-06-29T00:14:35.843342,moyenne
BJ-FC3B03C8,SO Travaux Ets Boukoumbé,BTP & Immobilier,Boukoumbé,+229 54 90 32 18,so.travaux.ets.boukoumbé@so.travaux.ets.boukoumbé.com,,PME (10-50),B2B,CCIB Annuaire,,Actif,2026-06-29T00:14:35.843354,moyenne
BJ-5CAFB67A,BTP Urbanisme Services,BTP & Immobilier,Boukoumbé,+229 23 77 48 98,btp.urbanisme.services@btp.urbanisme.services.net,btpurbanismeservices.bj,TPE (<10),B2C,CCIB Annuaire,,Actif,2026-06-29T00:14:35.843370,haute
BJ-77EA6543,Ingénierie,BTP & Immobilier,Boukoumbé,+229 72 31 83 26,ingénierie@ingénierie.benin,,PME (10-50),B2C,CCIB Annuaire,,Actif,2026-06-29T00:14:35.843382,moyenne
BJ-2E15AABC,Électricité Ets,BTP & Immobilier,Kouandé,+229 45 76 83 53,,électricitéets.bj,TPE (<10),B2C,CCIB Annuaire,,Actif,2026-06-29T00:14:35.843400,moyenne
BJ-9C31BF09,SA Électricité,BTP & Immobilier,Kouandé,+229 97 88 73 64,sa.électricité@sa.électricité.benin,saélectricité.bj,PME (10-50),B2C,CCIB Annuaire,,Actif,2026-06-29T00:14:35.843416,haute
BJ-FB2AEB67,Groupe Électricité Solutions Kouandé,BTP & Immobilier,Kouandé,+229 57 90 79 92,groupe.électricité.solutions.kouandé@groupe.électricité.solutions.kouandé.bj,,Grande (>200),B2B,CCIB Annuaire,,Actif,2026-06-29T00:14:35.843430,moyenne
BJ-ECBC0917,BTP Béton Bénin,BTP & Immobilier,Kouandé,+229 51 73 67 32,,,PME (10-50),B2C,CCIB Annuaire,,Actif,2026-06-29T00:14:35.843440,basse
BJ-88AB619F,Ingénierie,BTP & Immobilier,Kouandé,+229 76 78 16 46,ingénierie@ingénierie.org,,PME (10-50),B2B,CCIB Annuaire,,Actif,2026-06-29T00:14:35.843452,moyenne
BJ-2A7701C4,Architecte Services,BTP & Immobilier,Péhunco,+229 34 48 33 21,architecte.services@architecte.services.org,architecteservices.bj,PME (50-200),B2B,CCIB Annuaire,,Actif,2026-06-29T00:14:35.843473,haute
BJ-C9ABD0A3,Urbanisme Péhunco,BTP & Immobilier,Péhunco,+229 70 78 44 55,,,TPE (<10),B2C,CCIB Annuaire,,Actif,2026-06-29T00:14:35.843484,basse
BJ-7C20274A,SA Fondation International,BTP & Immobilier,Péhunco,+229 91 38 62 90,,safondationinternational.bj,TPE (<10),B2B,CCIB Annuaire,,Actif,2026-06-29T00:14:35.843495,moyenne
BJ-3D2EBE8D,Toiture,BTP & Immobilier,Péhunco,+229 21 97 63 87,,toiture.bj,PME (50-200),B2B,CCIB Annuaire,,Actif,2026-06-29T00:14:35.843509,moyenne
BJ-120A0EC9,Architecte,BTP & Immobilier,Péhunco,+229 27 85 53 58,,architecte.bj,PME (10-50),B2B,CCIB Annuaire,,Actif,2026-06-29T00:14:35.843521,moyenne
BJ-72A8234D,Groupe Urbanisme International,BTP & Immobilier,Tchaourou,+229 98 91 91 86,groupe.urbanisme.international@groupe.urbanisme.international.net,,TPE (<10),B2C,CCIB Annuaire,,Actif,2026-06-29T00:14:35.843538,moyenne
BJ-802C3EF2,BTP Béton SARL Tchaourou,BTP & Immobilier,Tchaourou,+229 89 85 35 91,btp.béton.sarl.tchaourou@btp.béton.sarl.tchaourou.bj,btpbétonsarltchaourou.bj,PME (50-200),B2C,CCIB Annuaire,,Actif,2026-06-29T00:14:35.843562,haute
BJ-BE27C6E5,SCI Construction,BTP & Immobilier,Tchaourou,+229 83 60 30 36,,,PME (10-50),B2C,CCIB Annuaire,,Actif,2026-06-29T00:14:35.843572,basse
BJ-D1E2E109,Électricité Bénin,BTP & Immobilier,Tchaourou,+229 64 95 69 23,,électricitébénin.bj,PME (50-200),B2B,CCIB Annuaire,,Actif,2026-06-29T00:14:35.843584,moyenne
BJ-BF40F2A5,SARL Béton Groupe,BTP & Immobilier,Tchaourou,+229 75 83 66 98,,sarlbétongroupe.bj,TPE (<10),B2C,CCIB Annuaire,,Actif,2026-06-29T00:14:35.843595,moyenne
BJ-8D3928AE,BTP Architecte International,BTP & Immobilier,Nikki,+229 55 62 17 90,,,TPE (<10),B2C,CCIB Annuaire,,Actif,2026-06-29T00:14:35.843612,basse
BJ-2AEED05C,Urbanisme Nikki,BTP & Immobilier,Nikki,+229 52 91 20 69,urbanisme.nikki@urbanisme.nikki.org,urbanismenikki.bj,PME (10-50),B2C,CCIB Annuaire,,Actif,2026-06-29T00:14:35.843623,haute
BJ-8B004D47,Ets Électricité,BTP & Immobilier,Nikki,+229 50 37 88 51,ets.électricité@ets.électricité.com,etsélectricité.bj,PME (10-50),B2C,CCIB Annuaire,,Actif,2026-06-29T00:14:35.843636,haute
BJ-2AC79D93,SCI Habitat,BTP & Immobilier,Nikki,+229 77 47 98 20,,scihabitat.bj,Grande (>200),B2C,CCIB Annuaire,,Actif,2026-06-29T00:14:35.843653,moyenne
BJ-3EC421B8,Ingénierie,BTP & Immobilier,Nikki,+229 73 29 28 37,ingénierie@ingénierie.bj,,PME (10-50),B2C,CCIB Annuaire,,Actif,2026-06-29T00:14:35.843665,moyenne
BJ-A8A7C8DB,Cabinet Fondation SA,BTP & Immobilier,Bembéréké,+229 96 18 70 29,cabinet.fondation.sa@cabinet.fondation.sa.net,,TPE (<10),B2B,CCIB Annuaire,,Actif,2026-06-29T00:14:35.843682,moyenne
BJ-D60B05BA,SCI Immobilier,BTP & Immobilier,Bembéréké,+229 35 74 46 43,sci.immobilier@sci.immobilier.com,sciimmobilier.bj,PME (10-50),B2B,CCIB Annuaire,,Actif,2026-06-29T00:14:35.843694,haute
BJ-7C1F8E77,Groupe Immobilier SA,BTP & Immobilier,Bembéréké,+229 83 51 64 32,groupe.immobilier.sa@groupe.immobilier.sa.net,,TPE (<10),B2C,CCIB Annuaire,,Actif,2026-06-29T00:14:35.843705,moyenne
BJ-AD9C8734,Structure Groupe,BTP & Immobilier,Bembéréké,+229 66 47 93 93,structure.groupe@structure.groupe.org,structuregroupe.bj,PME (10-50),B2B,CCIB Annuaire,,Actif,2026-06-29T00:14:35.843717,haute
BJ-422B0915,Électricité,BTP & Immobilier,Bembéréké,+229 80 34 25 41,électricité@électricité.com,électricité.bj,PME (50-200),B2C,CCIB Annuaire,,Actif,2026-06-29T00:14:35.843729,haute
BJ-9A319A01,Ets Travaux,BTP & Immobilier,Kalalé,+229 67 22 99 25,ets.travaux@ets.travaux.bj,,Grande (>200),B2C,CCIB Annuaire,,Actif,2026-06-29T00:14:35.843746,moyenne
BJ-2462AD94,Architecte Kalalé,BTP & Immobilier,Kalalé,+229 28 65 65 17,,,TPE (<10),B2C,CCIB Annuaire,,Actif,2026-06-29T00:14:35.843767,basse
BJ-404CB42F,Bâtiment,BTP & Immobilier,Kalalé,+229 29 38 81 82,bâtiment@bâtiment.com,,TPE (<10),B2B,CCIB Annuaire,,Actif,2026-06-29T00:14:35.843781,moyenne
BJ-FC640218,Groupe Plomberie Bénin,BTP & Immobilier,Kalalé,+229 69 45 56 14,,groupeplomberiebénin.bj,PME (50-200),B2B,CCIB Annuaire,,Actif,2026-06-29T00:14:35.843793,moyenne
BJ-404FBA5E,Groupe Urbanisme Ndali,BTP & Immobilier,Ndali,+229 49 11 12 62,,groupeurbanismendali.bj,PME (10-50),B2B,CCIB Annuaire,,Actif,2026-06-29T00:14:35.843809,moyenne
BJ-20982F2D,SCI Immobilier Ndali,BTP & Immobilier,Ndali,+229 47 59 10 53,,,TPE (<10),B2B,CCIB Annuaire,,Actif,2026-06-29T00:14:35.843820,basse
BJ-ADEF4CC9,Travaux,BTP & Immobilier,Ndali,+229 82 17 48 57,,travaux.bj,PME (50-200),B2B,CCIB Annuaire,,Actif,2026-06-29T00:14:35.843849,moyenne
BJ-D0269445,SARL Bâtiment SARL,BTP & Immobilier,Ndali,+229 37 88 15 98,sarl.bâtiment.sarl@sarl.bâtiment.sarl.bj,sarlbâtimentsarl.bj,TPE (<10),B2B,CCIB Annuaire,,Actif,2026-06-29T00:14:35.843878,haute
BJ-EE5D3AC5,Maison,BTP & Immobilier,Ndali,+229 32 83 99 50,maison@maison.org,,PME (50-200),B2B,CCIB Annuaire,,Actif,2026-06-29T00:14:35.843912,moyenne
BJ-F9A5A408,Béton Solutions,BTP & Immobilier,Ségbana,+229 51 47 28 76,béton.solutions@béton.solutions.benin,bétonsolutions.bj,PME (50-200),B2B,CCIB Annuaire,,Actif,2026-06-29T00:14:35.843939,haute
BJ-B4188D26,Urbanisme Ségbana,BTP & Immobilier,Ségbana,+229 69 36 80 59,urbanisme.ségbana@urbanisme.ségbana.com,,TPE (<10),B2B,CCIB Annuaire,,Actif,2026-06-29T00:14:35.843953,moyenne
BJ-BAD28372,Ingénierie,BTP & Immobilier,Ségbana,+229 73 87 45 14,ingénierie@ingénierie.net,ingénierie.bj,TPE (<10),B2B,CCIB Annuaire,,Actif,2026-06-29T00:14:35.843966,haute
BJ-0213A681,Béton,BTP & Immobilier,Ségbana,+229 44 42 20 85,béton@béton.benin,,PME (10-50),B2B,CCIB Annuaire,,Actif,2026-06-29T00:14:35.843981,moyenne
BJ-432D186D,Ingénierie Bénin Ségbana,BTP & Immobilier,Ségbana,+229 78 24 13 93,,ingénieriebéninségbana.bj,PME (50-200),B2C,CCIB Annuaire,,Actif,2026-06-29T00:14:35.843994,moyenne
BJ-46C97754,Travaux,BTP & Immobilier,Tchaourou,+229 29 91 71 30,,,PME (10-50),B2B,CCIB Annuaire,,Actif,2026-06-29T00:14:35.844015,basse
BJ-7684F9CF,SARL Immobilier Groupe,BTP & Immobilier,Tchaourou,+229 84 61 46 59,,,Grande (>200),B2B,CCIB Annuaire,,Actif,2026-06-29T00:14:35.844027,basse
BJ-5BEA5203,SO Électricité Bénin,BTP & Immobilier,Tchaourou,+229 74 73 81 40,,soélectricitébénin.bj,PME (50-200),B2C,CCIB Annuaire,,Actif,2026-06-29T00:14:35.844038,moyenne
BJ-B9CE302B,Construction Ets,BTP & Immobilier,Tchaourou,+229 65 28 80 40,construction.ets@construction.ets.net,,PME (50-200),B2B,CCIB Annuaire,,Actif,2026-06-29T00:14:35.844050,moyenne
BJ-E0053AE1,Construction,BTP & Immobilier,Bétérou,+229 46 87 98 33,construction@construction.benin,construction.bj,PME (10-50),B2B,CCIB Annuaire,,Actif,2026-06-29T00:14:35.844091,haute
BJ-E297529A,Cabinet Structure Groupe,BTP & Immobilier,Bétérou,+229 93 75 87 55,cabinet.structure.groupe@cabinet.structure.groupe.net,cabinetstructuregroupe.bj,TPE (<10),B2C,CCIB Annuaire,,Actif,2026-06-29T00:14:35.844103,haute
BJ-810124BF,Groupe Plomberie,BTP & Immobilier,Bétérou,+229 53 65 33 10,groupe.plomberie@groupe.plomberie.bj,,PME (10-50),B2C,CCIB Annuaire,,Actif,2026-06-29T00:14:35.844118,moyenne
BJ-82E8134A,Fondation,BTP & Immobilier,Bétérou,+229 21 18 56 29,,,TPE (<10),B2C,CCIB Annuaire,,Actif,2026-06-29T00:14:35.844129,basse
BJ-D33DB5F8,SARL Fondation,BTP & Immobilier,Ouessè,+229 69 52 97 76,sarl.fondation@sarl.fondation.com,,PME (50-200),B2B,CCIB Annuaire,,Actif,2026-06-29T00:14:35.844147,moyenne
BJ-B945F7FB,BTP Immobilier Bénin,BTP & Immobilier,Ouessè,+229 93 21 79 70,btp.immobilier.bénin@btp.immobilier.bénin.com,,PME (10-50),B2B,CCIB Annuaire,,Actif,2026-06-29T00:14:35.844159,moyenne
BJ-B9D83504,Cabinet Immobilier,BTP & Immobilier,Ouessè,+229 99 93 78 29,cabinet.immobilier@cabinet.immobilier.net,,PME (50-200),B2B,CCIB Annuaire,,Actif,2026-06-29T00:14:35.844173,moyenne
BJ-A7EA8F47,Architecte Ouessè,BTP & Immobilier,Ouessè,+229 20 56 38 95,architecte.ouessè@architecte.ouessè.benin,,TPE (<10),B2C,CCIB Annuaire,,Actif,2026-06-29T00:14:35.844185,moyenne
BJ-45654B61,Bâtiment Ets Ouessè,BTP & Immobilier,Ouessè,+229 65 84 45 11,bâtiment.ets.ouessè@bâtiment.ets.ouessè.bj,bâtimentetsouessè.bj,PME (10-50),B2B,CCIB Annuaire,,Actif,2026-06-29T00:14:35.844198,haute
BJ-B2FF8433,Bâtiment International,BTP & Immobilier,Glazoué,+229 44 41 22 12,,,TPE (<10),B2B,CCIB Annuaire,,Actif,2026-06-29T00:14:35.844215,basse
BJ-78D431A2,Architecte,BTP & Immobilier,Glazoué,+229 40 40 83 67,architecte@architecte.org,,TPE (<10),B2C,CCIB Annuaire,,Actif,2026-06-29T00:14:35.844226,moyenne
BJ-A9A61E0F,Maison Solutions Glazoué,BTP & Immobilier,Glazoué,+229 54 37 18 45,maison.solutions.glazoué@maison.solutions.glazoué.net,,TPE (<10),B2C,CCIB Annuaire,,Actif,2026-06-29T00:14:35.844237,moyenne
BJ-BA27D87A,Groupe Béton,BTP & Immobilier,Glazoué,+229 89 41 22 88,groupe.béton@groupe.béton.org,,PME (50-200),B2C,CCIB Annuaire,,Actif,2026-06-29T00:14:35.844253,moyenne
BJ-3B353CEA,BTP Fondation Glazoué,BTP & Immobilier,Glazoué,+229 37 70 24 42,btp.fondation.glazoué@btp.fondation.glazoué.net,btpfondationglazoué.bj,PME (50-200),B2C,CCIB Annuaire,,Actif,2026-06-29T00:14:35.844267,haute
BJ-4A970E3A,Groupe Fondation,BTP & Immobilier,Dassa-Zoumè,+229 54 80 78 97,groupe.fondation@groupe.fondation.bj,groupefondation.bj,PME (50-200),B2C,CCIB Annuaire,,Actif,2026-06-29T00:14:35.844285,haute
BJ-42EC2FAF,SCI Habitat Services,BTP & Immobilier,Dassa-Zoumè,+229 63 93 94 19,,,TPE (<10),B2B,CCIB Annuaire,,Actif,2026-06-29T00:14:35.844296,basse
BJ-E9D7E721,Plomberie,BTP & Immobilier,Dassa-Zoumè,+229 78 73 94 10,plomberie@plomberie.com,plomberie.bj,PME (50-200),B2C,CCIB Annuaire,,Actif,2026-06-29T00:14:35.844307,haute
BJ-2F2EDB68,BTP Fondation Services,BTP & Immobilier,Dassa-Zoumè,+229 24 56 86 19,btp.fondation.services@btp.fondation.services.com,,PME (50-200),B2C,CCIB Annuaire,,Actif,2026-06-29T00:14:35.844318,moyenne
BJ-023E0626,Groupe Bâtiment Groupe,BTP & Immobilier,Dassa-Zoumè,+229 74 77 93 14,groupe.bâtiment.groupe@groupe.bâtiment.groupe.org,,PME (10-50),B2C,CCIB Annuaire,,Actif,2026-06-29T00:14:35.844333,moyenne
BJ-66C459BF,Ets Maison International,BTP & Immobilier,Savalou,+229 84 13 78 83,,,PME (10-50),B2C,CCIB Annuaire,,Actif,2026-06-29T00:14:35.844349,basse
BJ-00C0A7F8,BTP Immobilier,BTP & Immobilier,Savalou,+229 93 19 54 83,,btpimmobilier.bj,PME (50-200),B2B,CCIB Annuaire,,Actif,2026-06-29T00:14:35.844364,moyenne
BJ-66995D59,SARL Maison,BTP & Immobilier,Savalou,+229 84 61 75 85,,sarlmaison.bj,PME (50-200),B2B,CCIB Annuaire,,Actif,2026-06-29T00:14:35.844381,moyenne
BJ-8918A0AA,Urbanisme SARL Savalou,BTP & Immobilier,Savalou,+229 38 88 89 79,,,TPE (<10),B2C,CCIB Annuaire,,Actif,2026-06-29T00:14:35.844401,basse
BJ-8F771E84,Habitat SA,BTP & Immobilier,Savalou,+229 76 22 84 32,habitat.sa@habitat.sa.net,,TPE (<10),B2C,CCIB Annuaire,,Actif,2026-06-29T00:14:35.844414,moyenne
BJ-AC0BA96B,Cabinet Habitat Bénin,BTP & Immobilier,Bantè,+229 76 37 35 75,cabinet.habitat.bénin@cabinet.habitat.bénin.com,,TPE (<10),B2C,CCIB Annuaire,,Actif,2026-06-29T00:14:35.844443,moyenne
BJ-B612183B,Ets Urbanisme,BTP & Immobilier,Bantè,+229 63 18 74 38,ets.urbanisme@ets.urbanisme.org,etsurbanisme.bj,PME (10-50),B2B,CCIB Annuaire,,Actif,2026-06-29T00:14:35.844464,haute
BJ-90169F2D,Plomberie,BTP & Immobilier,Bantè,+229 39 74 88 32,,plomberie.bj,PME (10-50),B2C,CCIB Annuaire,,Actif,2026-06-29T00:14:35.844483,moyenne
BJ-889B4055,Habitat,BTP & Immobilier,Bantè,+229 50 76 82 72,habitat@habitat.benin,habitat.bj,PME (10-50),B2C,CCIB Annuaire,,Actif,2026-06-29T00:14:35.844507,haute
BJ-40CFEFB3,SCI Construction Solutions,BTP & Immobilier,Bantè,+229 65 98 31 26,sci.construction.solutions@sci.construction.solutions.org,,PME (10-50),B2C,CCIB Annuaire,,Actif,2026-06-29T00:14:35.844529,moyenne
BJ-5E3CBAC5,SA Plomberie,BTP & Immobilier,Djougou,+229 84 60 47 68,sa.plomberie@sa.plomberie.com,saplomberie.bj,TPE (<10),B2B,CCIB Annuaire,,Actif,2026-06-29T00:14:35.844567,haute
BJ-136F087B,SCI Habitat,BTP & Immobilier,Djougou,+229 65 35 53 49,sci.habitat@sci.habitat.benin,scihabitat.bj,PME (10-50),B2B,CCIB Annuaire,,Actif,2026-06-29T00:14:35.844594,haute
BJ-5C971FD2,Plomberie SARL,BTP & Immobilier,Djougou,+229 82 42 89 11,plomberie.sarl@plomberie.sarl.org,,PME (50-200),B2B,CCIB Annuaire,,Actif,2026-06-29T00:14:35.844623,moyenne
BJ-964A95C6,Cabinet Fondation Solutions,BTP & Immobilier,Djougou,+229 35 47 97 84,cabinet.fondation.solutions@cabinet.fondation.solutions.benin,cabinetfondationsolutions.bj,TPE (<10),B2C,CCIB Annuaire,,Actif,2026-06-29T00:14:35.844651,haute
BJ-CDF36B67,SCI Ingénierie,BTP & Immobilier,Djougou,+229 41 38 75 65,sci.ingénierie@sci.ingénierie.org,,TPE (<10),B2C,CCIB Annuaire,,Actif,2026-06-29T00:14:35.844672,moyenne
BJ-3207E1CA,BTP Habitat,BTP & Immobilier,Ouèssè,+229 51 62 79 31,btp.habitat@btp.habitat.net,btphabitat.bj,PME (10-50),B2B,CCIB Annuaire,,Actif,2026-06-29T00:14:35.844705,haute
BJ-9AF39ED2,SA Électricité,BTP & Immobilier,Ouèssè,+229 22 84 45 87,,,PME (10-50),B2C,CCIB Annuaire,,Actif,2026-06-29T00:14:35.844725,basse
BJ-F0DFA0DF,Fondation Ets Ouèssè,BTP & Immobilier,Ouèssè,+229 45 78 40 19,fondation.ets.ouèssè@fondation.ets.ouèssè.org,fondationetsouèssè.bj,PME (10-50),B2C,CCIB Annuaire,,Actif,2026-06-29T00:14:35.844747,haute
BJ-D0937FE7,Cabinet Structure,BTP & Immobilier,Ouèssè,+229 59 22 72 54,cabinet.structure@cabinet.structure.bj,cabinetstructure.bj,PME (10-50),B2C,CCIB Annuaire,,Actif,2026-06-29T00:14:35.844774,haute
BJ-FD6E7F3E,Structure Ouèssè,BTP & Immobilier,Ouèssè,+229 80 74 74 15,,structureouèssè.bj,PME (50-200),B2B,CCIB Annuaire,,Actif,2026-06-29T00:14:35.844796,moyenne
BJ-B4BB5015,Béton International,BTP & Immobilier,Bassila,+229 32 60 94 94,béton.international@béton.international.org,,TPE (<10),B2C,CCIB Annuaire,,Actif,2026-06-29T00:14:35.844829,moyenne
BJ-860427DE,Groupe Immobilier Bassila,BTP & Immobilier,Bassila,+229 97 79 12 94,,groupeimmobilierbassila.bj,TPE (<10),B2C,CCIB Annuaire,,Actif,2026-06-29T00:14:35.844855,moyenne
BJ-377D60D1,Bâtiment Ets,BTP & Immobilier,Bassila,+229 74 28 89 80,bâtiment.ets@bâtiment.ets.com,,PME (50-200),B2B,CCIB Annuaire,,Actif,2026-06-29T00:14:35.844875,moyenne
BJ-AFF9371E,Groupe Construction Bénin,BTP & Immobilier,Bassila,+229 36 34 97 92,groupe.construction.bénin@groupe.construction.bénin.net,,TPE (<10),B2B,CCIB Annuaire,,Actif,2026-06-29T00:14:35.844916,moyenne
BJ-451D2FAB,BTP Béton,BTP & Immobilier,Bassila,+229 29 96 25 77,,,TPE (<10),B2C,CCIB Annuaire,,Actif,2026-06-29T00:14:35.844937,basse
BJ-27A0331F,Immobilier SA,BTP & Immobilier,Pehunco,+229 39 72 37 53,,,PME (10-50),B2C,CCIB Annuaire,,Actif,2026-06-29T00:14:35.844981,basse
BJ-BCC26531,Cabinet Béton,BTP & Immobilier,Pehunco,+229 40 68 80 13,cabinet.béton@cabinet.béton.benin,cabinetbéton.bj,TPE (<10),B2C,CCIB Annuaire,,Actif,2026-06-29T00:14:35.845014,haute
BJ-B11D4E53,Groupe Structure,BTP & Immobilier,Pehunco,+229 53 93 65 31,groupe.structure@groupe.structure.net,,Grande (>200),B2B,CCIB Annuaire,,Actif,2026-06-29T00:14:35.845041,moyenne
BJ-2277E7CF,SO Structure Bénin,BTP & Immobilier,Pehunco,+229 30 35 77 67,so.structure.bénin@so.structure.bénin.net,sostructurebénin.bj,PME (10-50),B2C,CCIB Annuaire,,Actif,2026-06-29T00:14:35.845064,haute
BJ-AD7CC0F7,Construction Groupe Pehunco,BTP & Immobilier,Pehunco,+229 49 50 75 92,,,Grande (>200),B2C,CCIB Annuaire,,Actif,2026-06-29T00:14:35.845084,basse
BJ-186E8C22,Structure,BTP & Immobilier,Copargo,+229 22 67 36 20,,,PME (10-50),B2B,CCIB Annuaire,,Actif,2026-06-29T00:14:35.845121,basse
BJ-2BC13BAF,Plomberie,BTP & Immobilier,Copargo,+229 34 53 66 62,plomberie@plomberie.org,,TPE (<10),B2C,CCIB Annuaire,,Actif,2026-06-29T00:14:35.845148,moyenne
BJ-47E43FB4,BTP Structure Solutions,BTP & Immobilier,Copargo,+229 64 95 59 43,btp.structure.solutions@btp.structure.solutions.com,,PME (10-50),B2C,CCIB Annuaire,,Actif,2026-06-29T00:14:35.845180,moyenne
BJ-2379F478,SO Construction,BTP & Immobilier,Copargo,+229 76 81 38 37,,soconstruction.bj,TPE (<10),B2B,CCIB Annuaire,,Actif,2026-06-29T00:14:35.845213,moyenne
BJ-11D1C717,SA Habitat,BTP & Immobilier,Copargo,+229 81 37 13 15,,sahabitat.bj,TPE (<10),B2C,CCIB Annuaire,,Actif,2026-06-29T00:14:35.845235,moyenne
BJ-A7E9B6FB,Magasin Groupe,Commerce & Distribution,Cotonou,+229 86 80 29 99,magasin.groupe@magasin.groupe.org,magasingroupe.bj,TPE (<10),B2B/B2C,CCIB Annuaire,,Actif,2026-06-29T00:14:35.845314,haute
BJ-5A9B67F4,Magasin Market,Commerce & Distribution,Cotonou,+229 56 31 12 22,,magasinmarket.bj,TPE (<10),B2C,CCIB Annuaire,,Actif,2026-06-29T00:14:35.845340,moyenne
BJ-31EDC267,Provision,Commerce & Distribution,Cotonou,+229 50 75 75 85,,,PME (50-200),B2C,CCIB Annuaire,,Actif,2026-06-29T00:14:35.845364,basse
BJ-0EF5F790,Distribution,Commerce & Distribution,Cotonou,+229 40 37 75 65,,,PME (10-50),B2C,CCIB Annuaire,,Actif,2026-06-29T00:14:35.845387,basse
BJ-64EFC297,SARL Distribution Bénin,Commerce & Distribution,Abomey-Calavi,+229 23 65 16 27,,sarldistributionbénin.bj,PME (50-200),B2C,CCIB Annuaire,,Actif,2026-06-29T00:14:35.845434,moyenne
BJ-9A67748F,Provision Groupe,Commerce & Distribution,Abomey-Calavi,+229 24 57 98 53,,,TPE (<10),B2C,CCIB Annuaire,,Actif,2026-06-29T00:14:35.845459,basse
BJ-8E7F830D,Super Distribution,Commerce & Distribution,Abomey-Calavi,+229 79 65 31 22,,,PME (10-50),B2C,CCIB Annuaire,,Actif,2026-06-29T00:14:35.845484,basse
BJ-B47C15BB,Grossiste International Abomey-Calavi,Commerce & Distribution,Abomey-Calavi,+229 56 25 84 70,grossiste.international.abomeycalavi@grossiste.international.abomeycalavi.net,grossisteinternationalabomeycalavi.bj,PME (50-200),B2C,CCIB Annuaire,,Actif,2026-06-29T00:14:35.845512,haute
BJ-C3BDE429,Supply Ets,Commerce & Distribution,Abomey-Calavi,+229 23 95 55 16,,,PME (50-200),B2B/B2C,CCIB Annuaire,,Actif,2026-06-29T00:14:35.845537,basse
BJ-EDA90DF7,Super Distribution Market,Commerce & Distribution,Porto-Novo,+229 21 42 97 14,super.distribution.market@super.distribution.market.net,,TPE (<10),B2C,CCIB Annuaire,,Actif,2026-06-29T00:14:35.845586,moyenne
BJ-AE08A34D,Distribution Boutique Store,Commerce & Distribution,Porto-Novo,+229 66 97 10 21,,distributionboutiquestore.bj,PME (50-200),B2C,CCIB Annuaire,,Actif,2026-06-29T00:14:35.845609,moyenne
BJ-AD1C0D2D,Commerce Supermarché International,Commerce & Distribution,Porto-Novo,+229 57 74 97 70,commerce.supermarché.international@commerce.supermarché.international.com,,TPE (<10),B2B/B2C,CCIB Annuaire,,Actif,2026-06-29T00:14:35.845642,moyenne
BJ-F61D51F3,Distribution Boutique SARL,Commerce & Distribution,Porto-Novo,+229 90 60 64 92,distribution.boutique.sarl@distribution.boutique.sarl.com,,PME (10-50),B2B/B2C,CCIB Annuaire,,Actif,2026-06-29T00:14:35.845665,moyenne
BJ-CE186178,Ets Supply Groupe,Commerce & Distribution,Porto-Novo,+229 90 74 54 69,ets.supply.groupe@ets.supply.groupe.org,,PME (10-50),B2B/B2C,CCIB Annuaire,,Actif,2026-06-29T00:14:35.845688,moyenne
BJ-D69D2F87,Supermarché,Commerce & Distribution,Parakou,+229 81 91 35 76,,,Grande (>200),B2B/B2C,CCIB Annuaire,,Actif,2026-06-29T00:14:35.845735,basse
BJ-E230B86D,Marché Épicerie,Commerce & Distribution,Parakou,+229 24 60 90 81,,marchéépicerie.bj,PME (50-200),B2B/B2C,CCIB Annuaire,,Actif,2026-06-29T00:14:35.845761,moyenne
BJ-3E7F12AF,Super Provision,Commerce & Distribution,Parakou,+229 54 14 48 83,,superprovision.bj,PME (10-50),B2C,CCIB Annuaire,,Actif,2026-06-29T00:14:35.845785,moyenne
BJ-FBE26D8C,Marché Marché,Commerce & Distribution,Parakou,+229 41 64 12 65,marché.marché@marché.marché.benin,,TPE (<10),B2B/B2C,CCIB Annuaire,,Actif,2026-06-29T00:14:35.845816,moyenne
BJ-C7F082A3,Distribution SARL,Commerce & Distribution,Parakou,+229 88 38 39 39,distribution.sarl@distribution.sarl.com,distributionsarl.bj,PME (50-200),B2B/B2C,CCIB Annuaire,,Actif,2026-06-29T00:14:35.845838,haute
BJ-3E8ED5DC,Provision Ets,Commerce & Distribution,Bohicon,+229 50 67 13 48,provision.ets@provision.ets.bj,,TPE (<10),B2B/B2C,CCIB Annuaire,,Actif,2026-06-29T00:14:35.845874,moyenne
BJ-F8A086A6,Stock Market,Commerce & Distribution,Bohicon,+229 87 25 33 62,stock.market@stock.market.com,,TPE (<10),B2C,CCIB Annuaire,,Actif,2026-06-29T00:14:35.845935,moyenne
BJ-EE183F5D,Groupe Boutique,Commerce & Distribution,Bohicon,+229 80 72 71 49,groupe.boutique@groupe.boutique.benin,,TPE (<10),B2C,CCIB Annuaire,,Actif,2026-06-29T00:14:35.845954,moyenne
BJ-870C9145,Centre Supply,Commerce & Distribution,Bohicon,+229 91 92 11 34,,,PME (10-50),B2B/B2C,CCIB Annuaire,,Actif,2026-06-29T00:14:35.845970,basse
BJ-B9F91688,Supply Market,Commerce & Distribution,Natitingou,+229 79 16 82 90,,,PME (50-200),B2C,CCIB Annuaire,,Actif,2026-06-29T00:14:35.846022,basse
BJ-3F0F5AF3,Supermarché,Commerce & Distribution,Natitingou,+229 40 97 18 16,,supermarché.bj,PME (50-200),B2C,CCIB Annuaire,,Actif,2026-06-29T00:14:35.846044,moyenne
BJ-B94D6711,Super Détaillant,Commerce & Distribution,Natitingou,+229 94 47 53 32,super.détaillant@super.détaillant.com,,TPE (<10),B2C,CCIB Annuaire,,Actif,2026-06-29T00:14:35.846075,moyenne
BJ-FC18DAF2,Alimentaire Market,Commerce & Distribution,Natitingou,+229 71 39 71 53,,,PME (50-200),B2C,CCIB Annuaire,,Actif,2026-06-29T00:14:35.846099,basse
BJ-6A2A5F44,Magasin SARL Lokossa,Commerce & Distribution,Lokossa,+229 47 61 81 63,magasin.sarl.lokossa@magasin.sarl.lokossa.bj,,TPE (<10),B2C,CCIB Annuaire,,Actif,2026-06-29T00:14:35.846141,moyenne
BJ-EF2F8FD8,Commerce Lokossa,Commerce & Distribution,Lokossa,+229 94 72 64 34,commerce.lokossa@commerce.lokossa.org,,TPE (<10),B2B/B2C,CCIB Annuaire,,Actif,2026-06-29T00:14:35.846171,moyenne
BJ-C8DB892B,Commerce Market,Commerce & Distribution,Lokossa,+229 94 52 60 29,,,TPE (<10),B2B/B2C,CCIB Annuaire,,Actif,2026-06-29T00:14:35.846191,basse
BJ-40DF0F5C,SARL Distribution,Commerce & Distribution,Lokossa,+229 93 67 92 66,,,TPE (<10),B2C,CCIB Annuaire,,Actif,2026-06-29T00:14:35.846226,basse
BJ-43A41703,SARL Supermarché,Commerce & Distribution,Lokossa,+229 79 28 75 54,,sarlsupermarché.bj,Grande (>200),B2B/B2C,CCIB Annuaire,,Actif,2026-06-29T00:14:35.846252,moyenne
BJ-32F5E391,Commerce,Commerce & Distribution,Ouidah,+229 56 32 25 11,commerce@commerce.benin,commerce.bj,PME (50-200),B2C,CCIB Annuaire,,Actif,2026-06-29T00:14:35.846298,haute
BJ-B4487532,Centre Commerce,Commerce & Distribution,Ouidah,+229 59 65 34 89,centre.commerce@centre.commerce.net,,TPE (<10),B2B/B2C,CCIB Annuaire,,Actif,2026-06-29T00:14:35.846328,moyenne
BJ-37BF8E9B,Marché International,Commerce & Distribution,Ouidah,+229 66 48 41 93,,marchéinternational.bj,TPE (<10),B2B/B2C,CCIB Annuaire,,Actif,2026-06-29T00:14:35.846359,moyenne
BJ-B11C18B8,Super Détaillant Shop,Commerce & Distribution,Ouidah,+229 59 12 32 48,,superdétaillantshop.bj,PME (50-200),B2C,CCIB Annuaire,,Actif,2026-06-29T00:14:35.846388,moyenne
BJ-224857E1,Boutique Groupe Ouidah,Commerce & Distribution,Ouidah,+229 72 18 32 53,boutique.groupe.ouidah@boutique.groupe.ouidah.com,boutiquegroupeouidah.bj,PME (50-200),B2C,CCIB Annuaire,,Actif,2026-06-29T00:14:35.846410,haute
BJ-F2EC86A7,Ets Marché,Commerce & Distribution,Savalou,+229 49 91 92 52,,,Grande (>200),B2B/B2C,CCIB Annuaire,,Actif,2026-06-29T00:14:35.846448,basse
BJ-99C04C59,Ets Distribution Market,Commerce & Distribution,Savalou,+229 87 34 73 57,ets.distribution.market@ets.distribution.market.org,etsdistributionmarket.bj,PME (10-50),B2B/B2C,CCIB Annuaire,,Actif,2026-06-29T00:14:35.846469,haute
BJ-04E756C3,Distribution Supermarché,Commerce & Distribution,Savalou,+229 41 95 28 89,,distributionsupermarché.bj,TPE (<10),B2C,CCIB Annuaire,,Actif,2026-06-29T00:14:35.846496,moyenne
BJ-F14CC843,Groupe Stock,Commerce & Distribution,Savalou,+229 94 52 85 23,,groupestock.bj,PME (10-50),B2C,CCIB Annuaire,,Actif,2026-06-29T00:14:35.846516,moyenne
BJ-0FD148D1,Magasin Savalou,Commerce & Distribution,Savalou,+229 49 56 27 67,magasin.savalou@magasin.savalou.net,,TPE (<10),B2B/B2C,CCIB Annuaire,,Actif,2026-06-29T00:14:35.846537,moyenne
BJ-768288FF,Commerce Distribution,Commerce & Distribution,Dassa-Zoumè,+229 85 79 84 14,commerce.distribution@commerce.distribution.com,,TPE (<10),B2B/B2C,CCIB Annuaire,,Actif,2026-06-29T00:14:35.846573,moyenne
BJ-702B8B9E,Groupe Magasin Dassa-Zoumè,Commerce & Distribution,Dassa-Zoumè,+229 51 31 31 67,,,TPE (<10),B2B/B2C,CCIB Annuaire,,Actif,2026-06-29T00:14:35.846593,basse
BJ-489052F3,Commerce Marché Store,Commerce & Distribution,Dassa-Zoumè,+229 66 85 78 37,commerce.marché.store@commerce.marché.store.com,,PME (10-50),B2C,CCIB Annuaire,,Actif,2026-06-29T00:14:35.846639,moyenne
BJ-DF8D8D47,Distribution Alimentaire,Commerce & Distribution,Dassa-Zoumè,+229 48 16 82 13,,,Grande (>200),B2B/B2C,CCIB Annuaire,,Actif,2026-06-29T00:14:35.846675,basse
BJ-1FEC22EF,Grossiste,Commerce & Distribution,Kétou,+229 44 68 58 82,,,PME (10-50),B2B/B2C,CCIB Annuaire,,Actif,2026-06-29T00:14:35.846725,basse
BJ-E360FA76,Marché Groupe,Commerce & Distribution,Kétou,+229 88 40 35 99,marché.groupe@marché.groupe.net,,Grande (>200),B2B/B2C,CCIB Annuaire,,Actif,2026-06-29T00:14:35.846754,moyenne
BJ-1C29F5F5,Ets Détaillant,Commerce & Distribution,Kétou,+229 62 81 43 36,,,PME (50-200),B2C,CCIB Annuaire,,Actif,2026-06-29T00:14:35.846782,basse
BJ-45BF9AC8,Ets Distribution,Commerce & Distribution,Kétou,+229 24 51 40 92,ets.distribution@ets.distribution.com,etsdistribution.bj,PME (10-50),B2B/B2C,CCIB Annuaire,,Actif,2026-06-29T00:14:35.846806,haute
BJ-2AAB4184,Marché Magasin,Commerce & Distribution,Kétou,+229 63 98 32 32,marché.magasin@marché.magasin.bj,,PME (10-50),B2B/B2C,CCIB Annuaire,,Actif,2026-06-29T00:14:35.846827,moyenne
BJ-D67B29D4,Épicerie Groupe,Commerce & Distribution,Covè,+229 68 81 13 61,,épiceriegroupe.bj,PME (10-50),B2C,CCIB Annuaire,,Actif,2026-06-29T00:14:35.846869,moyenne
BJ-E29B879F,Alimentaire,Commerce & Distribution,Covè,+229 66 98 72 41,alimentaire@alimentaire.benin,,PME (10-50),B2B/B2C,CCIB Annuaire,,Actif,2026-06-29T00:14:35.846913,moyenne
BJ-146DDECE,Marché Distribution,Commerce & Distribution,Covè,+229 41 33 53 55,,,Grande (>200),B2B/B2C,CCIB Annuaire,,Actif,2026-06-29T00:14:35.846942,basse
BJ-C27DF434,Distribution Supply Covè,Commerce & Distribution,Covè,+229 99 77 12 87,,,TPE (<10),B2C,CCIB Annuaire,,Actif,2026-06-29T00:14:35.846974,basse
BJ-A7773CC3,Distribution,Commerce & Distribution,Covè,+229 44 64 98 97,distribution@distribution.org,distribution.bj,TPE (<10),B2B/B2C,CCIB Annuaire,,Actif,2026-06-29T00:14:35.846989,haute
BJ-87C74C4A,Magasin,Commerce & Distribution,Pobè,+229 91 91 28 92,,,PME (50-200),B2B/B2C,CCIB Annuaire,,Actif,2026-06-29T00:14:35.847010,basse
BJ-EA8D1209,Stock,Commerce & Distribution,Pobè,+229 33 48 29 68,,,PME (10-50),B2B/B2C,CCIB Annuaire,,Actif,2026-06-29T00:14:35.847021,basse
BJ-D4837D95,Centre Détaillant Store,Commerce & Distribution,Pobè,+229 56 49 36 59,centre.détaillant.store@centre.détaillant.store.net,,TPE (<10),B2C,CCIB Annuaire,,Actif,2026-06-29T00:14:35.847034,moyenne
BJ-1A186953,Supply,Commerce & Distribution,Pobè,+229 35 24 91 77,supply@supply.org,supply.bj,Grande (>200),B2C,CCIB Annuaire,,Actif,2026-06-29T00:14:35.847047,haute
BJ-7AFE2BBD,Marché,Commerce & Distribution,Pobè,+229 65 54 13 80,,marché.bj,PME (10-50),B2C,CCIB Annuaire,,Actif,2026-06-29T00:14:35.847059,moyenne
BJ-8A370D27,SARL Distribution Market,Commerce & Distribution,Sakété,+229 68 60 19 52,sarl.distribution.market@sarl.distribution.market.org,,Grande (>200),B2C,CCIB Annuaire,,Actif,2026-06-29T00:14:35.847091,moyenne
BJ-8C6A4F24,Boutique SARL,Commerce & Distribution,Sakété,+229 22 87 89 29,boutique.sarl@boutique.sarl.org,,PME (50-200),B2B/B2C,CCIB Annuaire,,Actif,2026-06-29T00:14:35.847106,moyenne
BJ-6A16B1AD,Stock Ets,Commerce & Distribution,Sakété,+229 58 85 83 38,,stockets.bj,TPE (<10),B2C,CCIB Annuaire,,Actif,2026-06-29T00:14:35.847124,moyenne
BJ-740C65A7,Distribution Shop,Commerce & Distribution,Sakété,+229 93 65 45 19,distribution.shop@distribution.shop.net,,PME (10-50),B2C,CCIB Annuaire,,Actif,2026-06-29T00:14:35.847140,moyenne
BJ-80A8FD03,Supermarché,Commerce & Distribution,Sakété,+229 57 72 97 11,,supermarché.bj,PME (50-200),B2B/B2C,CCIB Annuaire,,Actif,2026-06-29T00:14:35.847156,moyenne
BJ-8717E4B9,Marché Shop,Commerce & Distribution,Adjara,+229 91 41 62 16,marché.shop@marché.shop.com,,PME (10-50),B2B/B2C,CCIB Annuaire,,Actif,2026-06-29T00:14:35.847176,moyenne
BJ-2C180D3E,Stock,Commerce & Distribution,Adjara,+229 97 30 11 54,stock@stock.benin,,PME (10-50),B2B/B2C,CCIB Annuaire,,Actif,2026-06-29T00:14:35.847211,moyenne
BJ-1DB5CE02,Ets Distribution Bénin Adjara,Commerce & Distribution,Adjara,+229 29 35 96 93,,,PME (10-50),B2C,CCIB Annuaire,,Actif,2026-06-29T00:14:35.847241,basse
BJ-BFE54A38,Ets Supermarché Adjara,Commerce & Distribution,Adjara,+229 81 10 45 85,,,PME (10-50),B2C,CCIB Annuaire,,Actif,2026-06-29T00:14:35.847270,basse
BJ-FA7EBE74,Groupe Commerce,Commerce & Distribution,Allada,+229 55 56 45 58,groupe.commerce@groupe.commerce.com,,PME (10-50),B2B/B2C,CCIB Annuaire,,Actif,2026-06-29T00:14:35.847348,moyenne
BJ-8B010BD5,Détaillant Allada,Commerce & Distribution,Allada,+229 38 72 14 25,,,PME (10-50),B2B/B2C,CCIB Annuaire,,Actif,2026-06-29T00:14:35.847380,basse
BJ-CA25B802,Marché Groupe,Commerce & Distribution,Allada,+229 63 19 43 65,marché.groupe@marché.groupe.net,marchégroupe.bj,PME (10-50),B2B/B2C,CCIB Annuaire,,Actif,2026-06-29T00:14:35.847405,haute
BJ-808751B4,Grossiste Shop,Commerce & Distribution,Allada,+229 98 66 69 46,,grossisteshop.bj,PME (10-50),B2B/B2C,CCIB Annuaire,,Actif,2026-06-29T00:14:35.847432,moyenne
BJ-541A5150,Marché Distribution,Commerce & Distribution,Allada,+229 92 16 80 42,marché.distribution@marché.distribution.net,,PME (10-50),B2C,CCIB Annuaire,,Actif,2026-06-29T00:14:35.847456,moyenne
BJ-93B9E4D1,Ets Alimentaire,Commerce & Distribution,Aplahoué,+229 28 69 58 14,,,PME (10-50),B2B/B2C,CCIB Annuaire,,Actif,2026-06-29T00:14:35.847498,basse
BJ-B9DF0AEA,Boutique Aplahoué,Commerce & Distribution,Aplahoué,+229 22 82 75 43,,,Grande (>200),B2C,CCIB Annuaire,,Actif,2026-06-29T00:14:35.847534,basse
BJ-0E890EF5,Boutique,Commerce & Distribution,Aplahoué,+229 95 17 88 28,,,TPE (<10),B2C,CCIB Annuaire,,Actif,2026-06-29T00:14:35.847558,basse
BJ-E47A9E87,Grossiste International,Commerce & Distribution,Aplahoué,+229 31 79 41 41,grossiste.international@grossiste.international.bj,,TPE (<10),B2C,CCIB Annuaire,,Actif,2026-06-29T00:14:35.847586,moyenne
BJ-17E63E00,Distribution Shop,Commerce & Distribution,Aplahoué,+229 54 75 64 80,,,TPE (<10),B2C,CCIB Annuaire,,Actif,2026-06-29T00:14:35.847614,basse
BJ-B48B312E,Groupe Supply,Commerce & Distribution,Dogbo-Tota,+229 92 96 15 68,groupe.supply@groupe.supply.com,,PME (10-50),B2C,CCIB Annuaire,,Actif,2026-06-29T00:14:35.847650,moyenne
BJ-97471309,Ets Commerce,Commerce & Distribution,Dogbo-Tota,+229 54 11 42 22,ets.commerce@ets.commerce.bj,,TPE (<10),B2C,CCIB Annuaire,,Actif,2026-06-29T00:14:35.847669,moyenne
BJ-8A5BEB8D,Marché Stock,Commerce & Distribution,Dogbo-Tota,+229 26 64 41 95,,marchéstock.bj,TPE (<10),B2C,CCIB Annuaire,,Actif,2026-06-29T00:14:35.847697,moyenne
BJ-0DB88C3E,Super Marché Bénin,Commerce & Distribution,Dogbo-Tota,+229 67 76 19 28,super.marché.bénin@super.marché.bénin.net,,PME (10-50),B2C,CCIB Annuaire,,Actif,2026-06-29T00:14:35.847734,moyenne
BJ-53A57131,Marché,Commerce & Distribution,Dogbo-Tota,+229 65 31 99 48,,marché.bj,PME (10-50),B2B/B2C,CCIB Annuaire,,Actif,2026-06-29T00:14:35.847762,moyenne
BJ-E71305F4,Commerce Magasin Shop,Commerce & Distribution,Kpomassè,+229 30 35 63 76,,commercemagasinshop.bj,PME (10-50),B2B/B2C,CCIB Annuaire,,Actif,2026-06-29T00:14:35.847812,moyenne
BJ-EFA2ED0E,SARL Supply,Commerce & Distribution,Kpomassè,+229 80 45 18 92,sarl.supply@sarl.supply.org,,Grande (>200),B2B/B2C,CCIB Annuaire,,Actif,2026-06-29T00:14:35.847841,moyenne
BJ-0951AA23,Commerce Ets,Commerce & Distribution,Kpomassè,+229 21 75 57 14,,,TPE (<10),B2B/B2C,CCIB Annuaire,,Actif,2026-06-29T00:14:35.847867,basse
BJ-AD5E2841,Commerce Supermarché Ets,Commerce & Distribution,Kpomassè,+229 86 80 37 30,,,PME (10-50),B2B/B2C,CCIB Annuaire,,Actif,2026-06-29T00:14:35.847922,basse
BJ-D4202CDE,Distribution Magasin Shop Tori-Bossito,Commerce & Distribution,Tori-Bossito,+229 77 34 67 73,,,Grande (>200),B2B/B2C,CCIB Annuaire,,Actif,2026-06-29T00:14:35.848003,basse
BJ-822ACFFC,Ets Épicerie,Commerce & Distribution,Tori-Bossito,+229 28 36 31 14,,,PME (50-200),B2B/B2C,CCIB Annuaire,,Actif,2026-06-29T00:14:35.848072,basse
BJ-14238E1B,Boutique Groupe,Commerce & Distribution,Tori-Bossito,+229 74 50 22 67,boutique.groupe@boutique.groupe.org,,TPE (<10),B2C,CCIB Annuaire,,Actif,2026-06-29T00:14:35.848120,moyenne
BJ-711255D1,Distribution Provision,Commerce & Distribution,Tori-Bossito,+229 46 47 58 37,distribution.provision@distribution.provision.com,,TPE (<10),B2C,CCIB Annuaire,,Actif,2026-06-29T00:14:35.848155,moyenne
BJ-79949FB0,Marché,Commerce & Distribution,Tori-Bossito,+229 64 20 74 82,marché@marché.net,,PME (10-50),B2C,CCIB Annuaire,,Actif,2026-06-29T00:14:35.848187,moyenne
BJ-6C21E5DB,Ets Commerce,Commerce & Distribution,Grand-Popo,+229 39 60 54 27,,,PME (10-50),B2B/B2C,CCIB Annuaire,,Actif,2026-06-29T00:14:35.848232,basse
BJ-657E6E7A,Marché Grand-Popo,Commerce & Distribution,Grand-Popo,+229 66 63 23 43,,,PME (50-200),B2C,CCIB Annuaire,,Actif,2026-06-29T00:14:35.848255,basse
BJ-22EB7812,Commerce Détaillant,Commerce & Distribution,Grand-Popo,+229 24 92 30 32,,,Grande (>200),B2B/B2C,CCIB Annuaire,,Actif,2026-06-29T00:14:35.848279,basse
BJ-97E51E77,Stock Ets,Commerce & Distribution,Grand-Popo,+229 60 36 88 87,,,PME (50-200),B2C,CCIB Annuaire,,Actif,2026-06-29T00:14:35.848303,basse
BJ-ED0D715A,Commerce,Commerce & Distribution,Grand-Popo,+229 61 73 80 23,,commerce.bj,TPE (<10),B2C,CCIB Annuaire,,Actif,2026-06-29T00:14:35.848336,moyenne
BJ-68BDABE5,Supermarché,Commerce & Distribution,Athiémé,+229 28 78 66 14,supermarché@supermarché.net,supermarché.bj,Grande (>200),B2B/B2C,CCIB Annuaire,,Actif,2026-06-29T00:14:35.848388,haute
BJ-31B8743C,Marché,Commerce & Distribution,Athiémé,+229 64 14 39 54,,,TPE (<10),B2C,CCIB Annuaire,,Actif,2026-06-29T00:14:35.848415,basse
BJ-29AED4E5,Commerce Marché Bénin,Commerce & Distribution,Athiémé,+229 86 36 31 69,,,TPE (<10),B2B/B2C,CCIB Annuaire,,Actif,2026-06-29T00:14:35.848440,basse
BJ-55DF0823,Marché Alimentaire,Commerce & Distribution,Athiémé,+229 73 93 99 28,marché.alimentaire@marché.alimentaire.net,,Grande (>200),B2B/B2C,CCIB Annuaire,,Actif,2026-06-29T00:14:35.848472,moyenne
BJ-763DD1DC,Centre Boutique International,Commerce & Distribution,Athiémé,+229 92 20 50 96,,centreboutiqueinternational.bj,PME (10-50),B2B/B2C,CCIB Annuaire,,Actif,2026-06-29T00:14:35.848501,moyenne
BJ-1722F644,Groupe Magasin Market,Commerce & Distribution,Bopa,+229 66 26 21 82,,,TPE (<10),B2C,CCIB Annuaire,,Actif,2026-06-29T00:14:35.848537,basse
BJ-37340929,Commerce Grossiste Store,Commerce & Distribution,Bopa,+229 51 88 46 11,,commercegrossistestore.bj,PME (50-200),B2B/B2C,CCIB Annuaire,,Actif,2026-06-29T00:14:35.848564,moyenne
BJ-5857C5F9,Marché Épicerie Shop,Commerce & Distribution,Bopa,+229 36 76 24 51,marché.épicerie.shop@marché.épicerie.shop.net,,TPE (<10),B2C,CCIB Annuaire,,Actif,2026-06-29T00:14:35.848593,moyenne
BJ-1E6B8B2F,Détaillant Market Bopa,Commerce & Distribution,Bopa,+229 39 41 81 48,détaillant.market.bopa@détaillant.market.bopa.benin,,PME (50-200),B2C,CCIB Annuaire,,Actif,2026-06-29T00:14:35.848641,moyenne
BJ-344B1AA4,Super Épicerie Bopa,Commerce & Distribution,Bopa,+229 29 77 33 75,super.épicerie.bopa@super.épicerie.bopa.org,superépiceriebopa.bj,PME (10-50),B2C,CCIB Annuaire,,Actif,2026-06-29T00:14:35.848673,haute
BJ-90029603,Ets Distribution Groupe Houéyogbé,Commerce & Distribution,Houéyogbé,+229 93 68 24 41,ets.distribution.groupe.houéyogbé@ets.distribution.groupe.houéyogbé.com,,TPE (<10),B2C,CCIB Annuaire,,Actif,2026-06-29T00:14:35.848712,moyenne
BJ-1929C3E0,Supermarché Bénin,Commerce & Distribution,Houéyogbé,+229 47 31 25 88,,supermarchébénin.bj,PME (10-50),B2C,CCIB Annuaire,,Actif,2026-06-29T00:14:35.848741,moyenne
BJ-C067B95B,Stock,Commerce & Distribution,Houéyogbé,+229 62 46 84 13,stock@stock.net,,Grande (>200),B2B/B2C,CCIB Annuaire,,Actif,2026-06-29T00:14:35.848769,moyenne
BJ-9ECE4C1C,Super Détaillant International,Commerce & Distribution,Houéyogbé,+229 46 45 19 39,,,TPE (<10),B2C,CCIB Annuaire,,Actif,2026-06-29T00:14:35.848799,basse
BJ-81045BA9,Marché Alimentaire,Commerce & Distribution,Houéyogbé,+229 39 13 44 59,marché.alimentaire@marché.alimentaire.com,,PME (50-200),B2B/B2C,CCIB Annuaire,,Actif,2026-06-29T00:14:35.848828,moyenne
BJ-722CF3DE,Détaillant,Commerce & Distribution,Malanville,+229 86 88 49 31,,,Grande (>200),B2B/B2C,CCIB Annuaire,,Actif,2026-06-29T00:14:35.848864,basse
BJ-548A24C5,Super Grossiste SARL,Commerce & Distribution,Malanville,+229 93 88 69 75,,supergrossistesarl.bj,TPE (<10),B2B/B2C,CCIB Annuaire,,Actif,2026-06-29T00:14:35.848908,moyenne
BJ-02393D6A,Groupe Stock,Commerce & Distribution,Malanville,+229 44 79 90 80,,groupestock.bj,PME (10-50),B2B/B2C,CCIB Annuaire,,Actif,2026-06-29T00:14:35.848926,moyenne
BJ-B6E6D454,Épicerie,Commerce & Distribution,Malanville,+229 86 12 20 91,,,Grande (>200),B2C,CCIB Annuaire,,Actif,2026-06-29T00:14:35.848942,basse
BJ-15234352,Marché Magasin International Malanville,Commerce & Distribution,Malanville,+229 22 73 21 31,,,TPE (<10),B2C,CCIB Annuaire,,Actif,2026-06-29T00:14:35.848955,basse
BJ-20979569,Commerce,Commerce & Distribution,Kandi,+229 48 82 34 12,,,PME (10-50),B2C,CCIB Annuaire,,Actif,2026-06-29T00:14:35.848975,basse
BJ-0EE16444,Provision Shop,Commerce & Distribution,Kandi,+229 28 64 86 81,provision.shop@provision.shop.benin,provisionshop.bj,TPE (<10),B2B/B2C,CCIB Annuaire,,Actif,2026-06-29T00:14:35.848990,haute
BJ-BF77D6BE,Groupe Provision,Commerce & Distribution,Kandi,+229 62 48 30 58,,,Grande (>200),B2B/B2C,CCIB Annuaire,,Actif,2026-06-29T00:14:35.849001,basse
BJ-96B5ACBB,Marché Kandi,Commerce & Distribution,Kandi,+229 48 97 10 38,marché.kandi@marché.kandi.benin,marchékandi.bj,PME (10-50),B2C,CCIB Annuaire,,Actif,2026-06-29T00:14:35.849018,haute
BJ-73B48283,Boutique Store,Commerce & Distribution,Kandi,+229 69 22 91 13,,,PME (10-50),B2B/B2C,CCIB Annuaire,,Actif,2026-06-29T00:14:35.849030,basse
BJ-EBF354AE,Groupe Commerce Banikoara,Commerce & Distribution,Banikoara,+229 48 56 43 52,,groupecommercebanikoara.bj,TPE (<10),B2C,CCIB Annuaire,,Actif,2026-06-29T00:14:35.849049,moyenne
BJ-CB80EE45,Marché,Commerce & Distribution,Banikoara,+229 51 52 43 17,marché@marché.benin,marché.bj,PME (50-200),B2C,CCIB Annuaire,,Actif,2026-06-29T00:14:35.849063,haute
BJ-801BC3A0,Ets Marché,Commerce & Distribution,Banikoara,+229 22 35 55 57,,etsmarché.bj,PME (10-50),B2C,CCIB Annuaire,,Actif,2026-06-29T00:14:35.849076,moyenne
BJ-5FF2C746,Ets Provision SARL,Commerce & Distribution,Banikoara,+229 69 55 78 19,,etsprovisionsarl.bj,TPE (<10),B2C,CCIB Annuaire,,Actif,2026-06-29T00:14:35.849088,moyenne
BJ-29FFC8F3,Épicerie,Commerce & Distribution,Banikoara,+229 55 57 44 85,épicerie@épicerie.benin,,PME (50-200),B2B/B2C,CCIB Annuaire,,Actif,2026-06-29T00:14:35.849100,moyenne
BJ-1A196609,Ets Supply Groupe Ségbana,Commerce & Distribution,Ségbana,+229 32 20 70 95,ets.supply.groupe.ségbana@ets.supply.groupe.ségbana.net,,PME (50-200),B2C,CCIB Annuaire,,Actif,2026-06-29T00:14:35.849120,moyenne
BJ-75924588,Boutique,Commerce & Distribution,Ségbana,+229 84 84 37 80,,boutique.bj,TPE (<10),B2C,CCIB Annuaire,,Actif,2026-06-29T00:14:35.849131,moyenne
BJ-ADB950EA,Boutique Ségbana,Commerce & Distribution,Ségbana,+229 52 11 45 20,,boutiqueségbana.bj,TPE (<10),B2B/B2C,CCIB Annuaire,,Actif,2026-06-29T00:14:35.849147,moyenne
BJ-CB69DC4E,Marché International,Commerce & Distribution,Ségbana,+229 89 13 77 73,,,PME (50-200),B2B/B2C,CCIB Annuaire,,Actif,2026-06-29T00:14:35.849161,basse
BJ-19F89D11,Marché Supermarché Bénin,Commerce & Distribution,Ségbana,+229 63 72 93 23,,,PME (50-200),B2C,CCIB Annuaire,,Actif,2026-06-29T00:14:35.849173,basse
BJ-5F37CD3B,Boutique,Commerce & Distribution,Karimama,+229 99 31 91 97,,boutique.bj,TPE (<10),B2C,CCIB Annuaire,,Actif,2026-06-29T00:14:35.849190,moyenne
BJ-8EC5E766,Stock,Commerce & Distribution,Karimama,+229 34 68 44 76,,,PME (50-200),B2B/B2C,CCIB Annuaire,,Actif,2026-06-29T00:14:35.849202,basse
BJ-A8E8D0DD,Super Alimentaire,Commerce & Distribution,Karimama,+229 84 53 74 11,,,TPE (<10),B2B/B2C,CCIB Annuaire,,Actif,2026-06-29T00:14:35.849216,basse
BJ-D81E961A,Supply,Commerce & Distribution,Karimama,+229 51 47 28 62,,,TPE (<10),B2B/B2C,CCIB Annuaire,,Actif,2026-06-29T00:14:35.849227,basse
BJ-830EA192,Centre Boutique Karimama,Commerce & Distribution,Karimama,+229 90 72 37 35,centre.boutique.karimama@centre.boutique.karimama.bj,,PME (50-200),B2C,CCIB Annuaire,,Actif,2026-06-29T00:14:35.849238,moyenne
BJ-69E1441F,Marché Boutique Shop,Commerce & Distribution,Gogounou,+229 45 65 51 79,marché.boutique.shop@marché.boutique.shop.org,marchéboutiqueshop.bj,Grande (>200),B2B/B2C,CCIB Annuaire,,Actif,2026-06-29T00:14:35.849258,haute
BJ-0CE8B785,Groupe Boutique Ets,Commerce & Distribution,Gogounou,+229 95 61 79 84,,,TPE (<10),B2C,CCIB Annuaire,,Actif,2026-06-29T00:14:35.849269,basse
BJ-399F827F,Distribution Groupe,Commerce & Distribution,Gogounou,+229 97 33 60 84,,,TPE (<10),B2C,CCIB Annuaire,,Actif,2026-06-29T00:14:35.849280,basse
BJ-A7AE37B1,Commerce Épicerie,Commerce & Distribution,Gogounou,+229 26 93 77 91,,commerceépicerie.bj,TPE (<10),B2C,CCIB Annuaire,,Actif,2026-06-29T00:14:35.849296,moyenne
BJ-5B207E88,Marché Grossiste Bénin,Commerce & Distribution,Gogounou,+229 24 33 97 12,marché.grossiste.bénin@marché.grossiste.bénin.com,,PME (50-200),B2C,CCIB Annuaire,,Actif,2026-06-29T00:14:35.849312,moyenne
BJ-1C985E09,Provision Market,Commerce & Distribution,Cobly,+229 78 95 68 46,,,PME (10-50),B2C,CCIB Annuaire,,Actif,2026-06-29T00:14:35.849330,basse
BJ-43F22DA3,Ets Détaillant Store,Commerce & Distribution,Cobly,+229 58 60 99 78,,,PME (50-200),B2B/B2C,CCIB Annuaire,,Actif,2026-06-29T00:14:35.849341,basse
BJ-A8400935,Marché Shop,Commerce & Distribution,Cobly,+229 34 26 50 51,marché.shop@marché.shop.benin,,TPE (<10),B2C,CCIB Annuaire,,Actif,2026-06-29T00:14:35.849355,moyenne
BJ-36FA3B5B,Groupe Provision,Commerce & Distribution,Cobly,+229 56 12 73 54,,,TPE (<10),B2B/B2C,CCIB Annuaire,,Actif,2026-06-29T00:14:35.849367,basse
BJ-228F140E,Commerce Détaillant International,Commerce & Distribution,Cobly,+229 86 50 94 16,commerce.détaillant.international@commerce.détaillant.international.bj,,TPE (<10),B2C,CCIB Annuaire,,Actif,2026-06-29T00:14:35.849380,moyenne
BJ-446EB9CB,Provision Market,Commerce & Distribution,Tanguiéta,+229 68 11 13 85,provision.market@provision.market.org,,PME (10-50),B2C,CCIB Annuaire,,Actif,2026-06-29T00:14:35.849403,moyenne
BJ-76B2C221,Groupe Distribution Tanguiéta,Commerce & Distribution,Tanguiéta,+229 69 39 89 34,,,TPE (<10),B2B/B2C,CCIB Annuaire,,Actif,2026-06-29T00:14:35.849415,basse
BJ-68D2D6C4,Distribution Groupe,Commerce & Distribution,Tanguiéta,+229 56 70 76 68,distribution.groupe@distribution.groupe.benin,distributiongroupe.bj,Grande (>200),B2C,CCIB Annuaire,,Actif,2026-06-29T00:14:35.849429,haute
BJ-B14870AC,Supermarché Store,Commerce & Distribution,Tanguiéta,+229 50 34 70 31,supermarché.store@supermarché.store.bj,,TPE (<10),B2B/B2C,CCIB Annuaire,,Actif,2026-06-29T00:14:35.849445,moyenne
BJ-368A3B63,Magasin Ets Tanguiéta,Commerce & Distribution,Tanguiéta,+229 42 90 67 75,,magasinetstanguiéta.bj,PME (10-50),B2C,CCIB Annuaire,,Actif,2026-06-29T00:14:35.849459,moyenne
BJ-B4E13CE1,Détaillant,Commerce & Distribution,Matéri,+229 48 35 33 10,détaillant@détaillant.net,,TPE (<10),B2C,CCIB Annuaire,,Actif,2026-06-29T00:14:35.849478,moyenne
BJ-AFAF3373,Grossiste Store Matéri,Commerce & Distribution,Matéri,+229 84 47 65 26,,,PME (10-50),B2C,CCIB Annuaire,,Actif,2026-06-29T00:14:35.849491,basse
BJ-E93B2B70,Alimentaire,Commerce & Distribution,Matéri,+229 28 97 21 71,,alimentaire.bj,TPE (<10),B2B/B2C,CCIB Annuaire,,Actif,2026-06-29T00:14:35.849502,moyenne
BJ-4EACF2B8,Supermarché International,Commerce & Distribution,Matéri,+229 67 20 60 91,,,PME (50-200),B2B/B2C,CCIB Annuaire,,Actif,2026-06-29T00:14:35.849513,basse
BJ-CE3C47C6,Groupe Grossiste,Commerce & Distribution,Matéri,+229 41 46 16 56,groupe.grossiste@groupe.grossiste.bj,,TPE (<10),B2B/B2C,CCIB Annuaire,,Actif,2026-06-29T00:14:35.849526,moyenne
BJ-0A8F2C1C,Grossiste,Commerce & Distribution,Natitingou,+229 76 66 67 71,grossiste@grossiste.net,grossiste.bj,TPE (<10),B2C,CCIB Annuaire,,Actif,2026-06-29T00:14:35.849557,haute
BJ-3C4259C8,Commerce Épicerie,Commerce & Distribution,Natitingou,+229 31 56 21 60,,,PME (50-200),B2C,CCIB Annuaire,,Actif,2026-06-29T00:14:35.849568,basse
BJ-4D5ECE49,Groupe Magasin Ets,Commerce & Distribution,Natitingou,+229 89 17 58 53,,,TPE (<10),B2B/B2C,CCIB Annuaire,,Actif,2026-06-29T00:14:35.849583,basse
BJ-C7BA43CE,Super Grossiste,Commerce & Distribution,Natitingou,+229 45 85 63 51,,supergrossiste.bj,PME (50-200),B2C,CCIB Annuaire,,Actif,2026-06-29T00:14:35.849595,moyenne
BJ-2685D599,Marché,Commerce & Distribution,Toucountouna,+229 21 38 92 85,,,PME (50-200),B2C,CCIB Annuaire,,Actif,2026-06-29T00:14:35.849613,basse
BJ-9207746F,Supermarché Ets Toucountouna,Commerce & Distribution,Toucountouna,+229 44 69 99 54,,,TPE (<10),B2C,CCIB Annuaire,,Actif,2026-06-29T00:14:35.849626,basse
BJ-1D28B236,Stock Market,Commerce & Distribution,Toucountouna,+229 65 21 28 58,stock.market@stock.market.bj,stockmarket.bj,PME (10-50),B2C,CCIB Annuaire,,Actif,2026-06-29T00:14:35.849642,haute
BJ-C78739F0,Ets Distribution Store,Commerce & Distribution,Toucountouna,+229 87 71 97 65,,,Grande (>200),B2B/B2C,CCIB Annuaire,,Actif,2026-06-29T00:14:35.849654,basse
BJ-BBDB3391,Supermarché SARL,Commerce & Distribution,Toucountouna,+229 38 49 64 10,,,PME (10-50),B2C,CCIB Annuaire,,Actif,2026-06-29T00:14:35.849665,basse
BJ-65235F87,Marché Grossiste,Commerce & Distribution,Boukoumbé,+229 41 97 98 74,marché.grossiste@marché.grossiste.net,,PME (10-50),B2B/B2C,CCIB Annuaire,,Actif,2026-06-29T00:14:35.849683,moyenne
BJ-70B307AE,Détaillant Bénin Boukoumbé,Commerce & Distribution,Boukoumbé,+229 63 63 93 33,détaillant.bénin.boukoumbé@détaillant.bénin.boukoumbé.benin,,TPE (<10),B2C,CCIB Annuaire,,Actif,2026-06-29T00:14:35.849697,moyenne
BJ-C3BD06B0,Super Magasin Bénin Boukoumbé,Commerce & Distribution,Boukoumbé,+229 21 57 67 43,,supermagasinbéninboukoumbé.bj,PME (10-50),B2B/B2C,CCIB Annuaire,,Actif,2026-06-29T00:14:35.849710,moyenne
BJ-1C9AD7EE,Marché Boutique Groupe,Commerce & Distribution,Boukoumbé,+229 57 30 76 64,,,PME (10-50),B2C,CCIB Annuaire,,Actif,2026-06-29T00:14:35.849724,basse
BJ-09C153B3,Commerce Supermarché Market,Commerce & Distribution,Boukoumbé,+229 57 12 46 19,commerce.supermarché.market@commerce.supermarché.market.org,,PME (10-50),B2C,CCIB Annuaire,,Actif,2026-06-29T00:14:35.849737,moyenne
BJ-441D54B6,Marché,Commerce & Distribution,Kouandé,+229 49 73 85 94,,,PME (10-50),B2B/B2C,CCIB Annuaire,,Actif,2026-06-29T00:14:35.849755,basse
BJ-3585FC20,Groupe Détaillant,Commerce & Distribution,Kouandé,+229 85 71 32 85,,,Grande (>200),B2B/B2C,CCIB Annuaire,,Actif,2026-06-29T00:14:35.849771,basse
BJ-F39D6C9A,Marché Boutique Market,Commerce & Distribution,Kouandé,+229 65 87 37 69,,marchéboutiquemarket.bj,TPE (<10),B2C,CCIB Annuaire,,Actif,2026-06-29T00:14:35.849783,moyenne
BJ-005795EE,Supply SARL Kouandé,Commerce & Distribution,Kouandé,+229 84 21 61 71,supply.sarl.kouandé@supply.sarl.kouandé.bj,,PME (50-200),B2C,CCIB Annuaire,,Actif,2026-06-29T00:14:35.849812,moyenne
BJ-7072185C,SARL Supermarché,Commerce & Distribution,Kouandé,+229 51 36 58 23,sarl.supermarché@sarl.supermarché.com,,PME (10-50),B2C,CCIB Annuaire,,Actif,2026-06-29T00:14:35.849825,moyenne
BJ-53B90DF1,Commerce,Commerce & Distribution,Péhunco,+229 86 26 40 76,,commerce.bj,PME (10-50),B2B/B2C,CCIB Annuaire,,Actif,2026-06-29T00:14:35.849843,moyenne
BJ-F0ABED1D,Commerce Péhunco,Commerce & Distribution,Péhunco,+229 51 19 37 98,commerce.péhunco@commerce.péhunco.benin,,PME (10-50),B2C,CCIB Annuaire,,Actif,2026-06-29T00:14:35.849855,moyenne
BJ-F6955781,Groupe Marché Store,Commerce & Distribution,Péhunco,+229 23 96 14 65,,,Grande (>200),B2C,CCIB Annuaire,,Actif,2026-06-29T00:14:35.849866,basse
BJ-2DCAFA06,Super Épicerie,Commerce & Distribution,Péhunco,+229 93 91 37 16,,,TPE (<10),B2B/B2C,CCIB Annuaire,,Actif,2026-06-29T00:14:35.849880,basse
BJ-F3E25C21,Centre Supply Store,Commerce & Distribution,Péhunco,+229 20 21 84 93,,centresupplystore.bj,TPE (<10),B2C,CCIB Annuaire,,Actif,2026-06-29T00:14:35.849909,moyenne
BJ-5DCFEBE0,Commerce Tchaourou,Commerce & Distribution,Tchaourou,+229 88 74 74 43,commerce.tchaourou@commerce.tchaourou.net,,PME (10-50),B2B/B2C,CCIB Annuaire,,Actif,2026-06-29T00:14:35.849931,moyenne
BJ-6CD354EB,Marché Supply,Commerce & Distribution,Tchaourou,+229 68 34 54 23,,,PME (10-50),B2B/B2C,CCIB Annuaire,,Actif,2026-06-29T00:14:35.849953,basse
BJ-3EFD7974,Centre Magasin Tchaourou,Commerce & Distribution,Tchaourou,+229 69 99 33 44,,centremagasintchaourou.bj,PME (50-200),B2B/B2C,CCIB Annuaire,,Actif,2026-06-29T00:14:35.849965,moyenne
BJ-D5729E78,Centre Détaillant Market,Commerce & Distribution,Tchaourou,+229 32 18 44 97,,centredétaillantmarket.bj,TPE (<10),B2B/B2C,CCIB Annuaire,,Actif,2026-06-29T00:14:35.849978,moyenne
BJ-7A705368,Super Boutique,Commerce & Distribution,Nikki,+229 60 17 15 88,,,PME (10-50),B2B/B2C,CCIB Annuaire,,Actif,2026-06-29T00:14:35.849995,basse
BJ-C49C4D00,Centre Détaillant Shop,Commerce & Distribution,Nikki,+229 60 88 53 24,centre.détaillant.shop@centre.détaillant.shop.com,,PME (10-50),B2B/B2C,CCIB Annuaire,,Actif,2026-06-29T00:14:35.850007,moyenne
BJ-BF1D8C1A,Commerce Alimentaire,Commerce & Distribution,Nikki,+229 95 25 23 33,commerce.alimentaire@commerce.alimentaire.com,,TPE (<10),B2C,CCIB Annuaire,,Actif,2026-06-29T00:14:35.850020,moyenne
BJ-32EB079E,Supermarché Ets,Commerce & Distribution,Nikki,+229 69 46 43 11,,supermarchéets.bj,PME (10-50),B2B/B2C,CCIB Annuaire,,Actif,2026-06-29T00:14:35.850035,moyenne
BJ-AAA3FBCE,Ets Grossiste Bénin,Commerce & Distribution,Nikki,+229 20 38 57 52,ets.grossiste.bénin@ets.grossiste.bénin.net,,Grande (>200),B2B/B2C,CCIB Annuaire,,Actif,2026-06-29T00:14:35.850047,moyenne
BJ-D3616679,Détaillant,Commerce & Distribution,Bembéréké,+229 69 50 65 58,,,TPE (<10),B2B/B2C,CCIB Annuaire,,Actif,2026-06-29T00:14:35.850069,basse
BJ-4EE3519C,Centre Stock,Commerce & Distribution,Bembéréké,+229 31 53 99 73,centre.stock@centre.stock.com,,PME (10-50),B2B/B2C,CCIB Annuaire,,Actif,2026-06-29T00:14:35.850081,moyenne
BJ-140A0B90,Alimentaire Shop,Commerce & Distribution,Bembéréké,+229 37 36 60 49,alimentaire.shop@alimentaire.shop.bj,alimentaireshop.bj,PME (10-50),B2C,CCIB Annuaire,,Actif,2026-06-29T00:14:35.850094,haute
BJ-DA09D3C0,Provision Groupe,Commerce & Distribution,Bembéréké,+229 42 97 25 88,provision.groupe@provision.groupe.bj,,Grande (>200),B2B/B2C,CCIB Annuaire,,Actif,2026-06-29T00:14:35.850105,moyenne
BJ-1664B746,Super Supermarché Market,Commerce & Distribution,Kalalé,+229 77 44 99 56,super.supermarché.market@super.supermarché.market.bj,,TPE (<10),B2C,CCIB Annuaire,,Actif,2026-06-29T00:14:35.850135,moyenne
BJ-D7327863,Centre Alimentaire,Commerce & Distribution,Kalalé,+229 96 88 33 40,centre.alimentaire@centre.alimentaire.com,centrealimentaire.bj,Grande (>200),B2B/B2C,CCIB Annuaire,,Actif,2026-06-29T00:14:35.850156,haute
BJ-D063BA57,Provision Kalalé,Commerce & Distribution,Kalalé,+229 22 76 83 88,provision.kalalé@provision.kalalé.benin,,PME (10-50),B2C,CCIB Annuaire,,Actif,2026-06-29T00:14:35.850175,moyenne
BJ-B4722360,Ets Commerce,Commerce & Distribution,Kalalé,+229 95 60 29 99,,,PME (50-200),B2B/B2C,CCIB Annuaire,,Actif,2026-06-29T00:14:35.850188,basse
BJ-FEE066A0,Ets Provision Ets,Commerce & Distribution,Kalalé,+229 25 74 94 72,ets.provision.ets@ets.provision.ets.net,etsprovisionets.bj,TPE (<10),B2B/B2C,CCIB Annuaire,,Actif,2026-06-29T00:14:35.850202,haute
BJ-AA4347DC,Commerce Distribution Groupe,Commerce & Distribution,Ndali,+229 39 71 61 56,,,TPE (<10),B2C,CCIB Annuaire,,Actif,2026-06-29T00:14:35.850219,basse
BJ-E553DE23,Commerce Distribution Ndali,Commerce & Distribution,Ndali,+229 55 50 24 81,,,TPE (<10),B2B/B2C,CCIB Annuaire,,Actif,2026-06-29T00:14:35.850230,basse
BJ-8FF84161,Supply Ndali,Commerce & Distribution,Ndali,+229 72 83 49 40,supply.ndali@supply.ndali.benin,supplyndali.bj,Grande (>200),B2B/B2C,CCIB Annuaire,,Actif,2026-06-29T00:14:35.850243,haute
BJ-6E61EE78,Super Boutique,Commerce & Distribution,Ndali,+229 54 79 17 14,super.boutique@super.boutique.bj,,PME (10-50),B2B/B2C,CCIB Annuaire,,Actif,2026-06-29T00:14:35.850254,moyenne
BJ-0ED2B571,Commerce Commerce Ets,Commerce & Distribution,Ndali,+229 32 14 22 16,commerce.commerce.ets@commerce.commerce.ets.org,,TPE (<10),B2B/B2C,CCIB Annuaire,,Actif,2026-06-29T00:14:35.850266,moyenne
BJ-78A804F5,Stock,Commerce & Distribution,Ségbana,+229 75 94 93 48,,,PME (10-50),B2C,CCIB Annuaire,,Actif,2026-06-29T00:14:35.850283,basse
BJ-A5B2811A,Commerce Provision Market,Commerce & Distribution,Ségbana,+229 29 69 19 12,commerce.provision.market@commerce.provision.market.org,commerceprovisionmarket.bj,PME (10-50),B2B/B2C,CCIB Annuaire,,Actif,2026-06-29T00:14:35.850296,haute
BJ-974D7086,Groupe Magasin,Commerce & Distribution,Ségbana,+229 41 36 56 28,,groupemagasin.bj,PME (10-50),B2B/B2C,CCIB Annuaire,,Actif,2026-06-29T00:14:35.850307,moyenne
BJ-2E9A3C9D,Magasin Ségbana,Commerce & Distribution,Ségbana,+229 84 58 70 63,magasin.ségbana@magasin.ségbana.net,magasinségbana.bj,Grande (>200),B2C,CCIB Annuaire,,Actif,2026-06-29T00:14:35.850336,haute
BJ-98BAD686,Commerce Market,Commerce & Distribution,Tchaourou,+229 84 76 26 24,,,TPE (<10),B2B/B2C,CCIB Annuaire,,Actif,2026-06-29T00:14:35.850364,basse
BJ-A3075573,SARL Supply Bénin Tchaourou,Commerce & Distribution,Tchaourou,+229 61 44 31 95,sarl.supply.bénin.tchaourou@sarl.supply.bénin.tchaourou.bj,,TPE (<10),B2B/B2C,CCIB Annuaire,,Actif,2026-06-29T00:14:35.850377,moyenne
BJ-371E4CF1,Commerce Stock,Commerce & Distribution,Tchaourou,+229 31 26 61 39,commerce.stock@commerce.stock.net,,PME (10-50),B2B/B2C,CCIB Annuaire,,Actif,2026-06-29T00:14:35.850392,moyenne
BJ-D243F97A,Détaillant,Commerce & Distribution,Bétérou,+229 20 88 35 81,détaillant@détaillant.org,détaillant.bj,TPE (<10),B2B/B2C,CCIB Annuaire,,Actif,2026-06-29T00:14:35.850421,haute
BJ-65BFB20A,Commerce International,Commerce & Distribution,Bétérou,+229 83 13 32 77,,commerceinternational.bj,TPE (<10),B2B/B2C,CCIB Annuaire,,Actif,2026-06-29T00:14:35.850433,moyenne
BJ-C670907F,Stock Bétérou,Commerce & Distribution,Bétérou,+229 20 78 36 87,,,PME (10-50),B2B/B2C,CCIB Annuaire,,Actif,2026-06-29T00:14:35.850443,basse
BJ-D88CF5A1,Groupe Détaillant,Commerce & Distribution,Bétérou,+229 63 16 66 86,,,PME (50-200),B2C,CCIB Annuaire,,Actif,2026-06-29T00:14:35.850456,basse
BJ-A63A239F,Boutique Groupe,Commerce & Distribution,Bétérou,+229 88 14 53 38,boutique.groupe@boutique.groupe.bj,,TPE (<10),B2C,CCIB Annuaire,,Actif,2026-06-29T00:14:35.850469,moyenne
BJ-DDC8DF37,Super Supply Store,Commerce & Distribution,Ouessè,+229 44 15 98 47,,,PME (50-200),B2C,CCIB Annuaire,,Actif,2026-06-29T00:14:35.850485,basse
BJ-18BF72F6,Groupe Épicerie,Commerce & Distribution,Ouessè,+229 55 72 79 12,,,TPE (<10),B2C,CCIB Annuaire,,Actif,2026-06-29T00:14:35.850496,basse
BJ-73B70CC7,Grossiste International,Commerce & Distribution,Ouessè,+229 42 85 26 42,,,PME (10-50),B2B/B2C,CCIB Annuaire,,Actif,2026-06-29T00:14:35.850520,basse
BJ-84F9DDAB,Groupe Marché,Commerce & Distribution,Ouessè,+229 68 55 11 55,,,TPE (<10),B2B/B2C,CCIB Annuaire,,Actif,2026-06-29T00:14:35.850531,basse
BJ-EF6241D9,Stock Market,Commerce & Distribution,Glazoué,+229 50 46 41 11,stock.market@stock.market.benin,,TPE (<10),B2B/B2C,CCIB Annuaire,,Actif,2026-06-29T00:14:35.850548,moyenne
BJ-B6133214,Centre Distribution Store,Commerce & Distribution,Glazoué,+229 25 34 74 87,centre.distribution.store@centre.distribution.store.com,,TPE (<10),B2C,CCIB Annuaire,,Actif,2026-06-29T00:14:35.850560,moyenne
BJ-D2483A30,Stock Glazoué,Commerce & Distribution,Glazoué,+229 70 32 14 20,stock.glazoué@stock.glazoué.org,,PME (10-50),B2B/B2C,CCIB Annuaire,,Actif,2026-06-29T00:14:35.850573,moyenne
BJ-36382C65,Groupe Commerce International,Commerce & Distribution,Glazoué,+229 55 55 51 67,,groupecommerceinternational.bj,PME (10-50),B2C,CCIB Annuaire,,Actif,2026-06-29T00:14:35.850588,moyenne
BJ-3CC7CFF2,SARL Boutique,Commerce & Distribution,Glazoué,+229 35 18 54 87,,,Grande (>200),B2B/B2C,CCIB Annuaire,,Actif,2026-06-29T00:14:35.850599,basse
BJ-543B005D,Distribution Magasin Groupe,Commerce & Distribution,Dassa-Zoumè,+229 39 75 32 22,,,PME (10-50),B2C,CCIB Annuaire,,Actif,2026-06-29T00:14:35.850616,basse
BJ-357C6C1D,Groupe Grossiste International,Commerce & Distribution,Dassa-Zoumè,+229 21 23 44 55,groupe.grossiste.international@groupe.grossiste.international.benin,,TPE (<10),B2C,CCIB Annuaire,,Actif,2026-06-29T00:14:35.850631,moyenne
BJ-D6B152E3,Grossiste Groupe,Commerce & Distribution,Dassa-Zoumè,+229 26 75 18 67,,grossistegroupe.bj,PME (10-50),B2C,CCIB Annuaire,,Actif,2026-06-29T00:14:35.850655,moyenne
BJ-B7438A36,Stock Groupe,Commerce & Distribution,Dassa-Zoumè,+229 46 31 61 35,stock.groupe@stock.groupe.net,,TPE (<10),B2C,CCIB Annuaire,,Actif,2026-06-29T00:14:35.850666,moyenne
BJ-12AD8E98,Ets Épicerie Market,Commerce & Distribution,Savalou,+229 49 20 38 82,,etsépiceriemarket.bj,PME (50-200),B2B/B2C,CCIB Annuaire,,Actif,2026-06-29T00:14:35.850684,moyenne
BJ-DF29E76A,Épicerie Bénin,Commerce & Distribution,Savalou,+229 56 10 68 14,,,TPE (<10),B2C,CCIB Annuaire,,Actif,2026-06-29T00:14:35.850696,basse
BJ-81D47004,SARL Provision,Commerce & Distribution,Savalou,+229 93 75 97 96,sarl.provision@sarl.provision.net,,Grande (>200),B2B/B2C,CCIB Annuaire,,Actif,2026-06-29T00:14:35.850708,moyenne
BJ-953BFABD,Marché Supply Market,Commerce & Distribution,Savalou,+229 81 12 51 29,,marchésupplymarket.bj,PME (10-50),B2C,CCIB Annuaire,,Actif,2026-06-29T00:14:35.850723,moyenne
BJ-DDD7FE91,Groupe Boutique Shop,Commerce & Distribution,Savalou,+229 93 58 86 94,groupe.boutique.shop@groupe.boutique.shop.net,,PME (50-200),B2C,CCIB Annuaire,,Actif,2026-06-29T00:14:35.850736,moyenne
BJ-C55AB52F,Grossiste Ets,Commerce & Distribution,Bantè,+229 48 47 42 52,grossiste.ets@grossiste.ets.com,,PME (10-50),B2B/B2C,CCIB Annuaire,,Actif,2026-06-29T00:14:35.850753,moyenne
BJ-EA48EE6B,Supply Groupe Bantè,Commerce & Distribution,Bantè,+229 26 14 74 18,,,TPE (<10),B2C,CCIB Annuaire,,Actif,2026-06-29T00:14:35.850765,basse
BJ-85D04F53,SARL Commerce Bantè,Commerce & Distribution,Bantè,+229 43 81 41 31,,sarlcommercebantè.bj,TPE (<10),B2C,CCIB Annuaire,,Actif,2026-06-29T00:14:35.850776,moyenne
BJ-A233C889,Marché Stock,Commerce & Distribution,Bantè,+229 56 14 77 95,,marchéstock.bj,PME (10-50),B2C,CCIB Annuaire,,Actif,2026-06-29T00:14:35.850788,moyenne
BJ-0B030E1B,Distribution Market Bantè,Commerce & Distribution,Bantè,+229 82 19 67 96,,distributionmarketbantè.bj,TPE (<10),B2C,CCIB Annuaire,,Actif,2026-06-29T00:14:35.850800,moyenne
BJ-F0163320,Super Détaillant,Commerce & Distribution,Djougou,+229 78 54 13 11,,superdétaillant.bj,PME (50-200),B2B/B2C,CCIB Annuaire,,Actif,2026-06-29T00:14:35.850818,moyenne
BJ-0E73F48B,Commerce,Commerce & Distribution,Djougou,+229 26 63 86 46,,,PME (50-200),B2B/B2C,CCIB Annuaire,,Actif,2026-06-29T00:14:35.850829,basse
BJ-88674CDD,SARL Boutique Djougou,Commerce & Distribution,Djougou,+229 65 70 49 23,,,TPE (<10),B2B/B2C,CCIB Annuaire,,Actif,2026-06-29T00:14:35.850840,basse
BJ-1D665038,Distribution,Commerce & Distribution,Djougou,+229 73 78 52 78,distribution@distribution.com,,PME (10-50),B2B/B2C,CCIB Annuaire,,Actif,2026-06-29T00:14:35.850860,moyenne
BJ-19FB01F3,Centre Épicerie,Commerce & Distribution,Djougou,+229 60 82 55 90,centre.épicerie@centre.épicerie.benin,centreépicerie.bj,PME (10-50),B2C,CCIB Annuaire,,Actif,2026-06-29T00:14:35.850874,haute
BJ-7F45EC63,Commerce Épicerie,Commerce & Distribution,Ouèssè,+229 25 94 93 65,,,PME (50-200),B2B/B2C,CCIB Annuaire,,Actif,2026-06-29T00:14:35.850908,basse
BJ-777BEA74,Super Supermarché International,Commerce & Distribution,Ouèssè,+229 40 96 56 63,,,TPE (<10),B2B/B2C,CCIB Annuaire,,Actif,2026-06-29T00:14:35.850925,basse
BJ-125F7907,Ets Provision Store,Commerce & Distribution,Ouèssè,+229 34 85 85 26,ets.provision.store@ets.provision.store.net,,PME (50-200),B2C,CCIB Annuaire,,Actif,2026-06-29T00:14:35.850938,moyenne
BJ-ADB94FC9,Grossiste International,Commerce & Distribution,Ouèssè,+229 94 42 76 72,,,PME (10-50),B2B/B2C,CCIB Annuaire,,Actif,2026-06-29T00:14:35.850948,basse
BJ-68B66BD2,Ets Distribution SARL,Commerce & Distribution,Ouèssè,+229 50 70 10 27,,,PME (50-200),B2B/B2C,CCIB Annuaire,,Actif,2026-06-29T00:14:35.850959,basse
BJ-0A1FDAF9,SARL Épicerie,Commerce & Distribution,Bassila,+229 73 85 47 25,sarl.épicerie@sarl.épicerie.org,,PME (10-50),B2B/B2C,CCIB Annuaire,,Actif,2026-06-29T00:14:35.850998,moyenne
BJ-146B9F93,Supply Store,Commerce & Distribution,Bassila,+229 45 66 57 37,,,TPE (<10),B2C,CCIB Annuaire,,Actif,2026-06-29T00:14:35.851009,basse
BJ-5E438D06,Ets Supply,Commerce & Distribution,Bassila,+229 75 83 56 97,ets.supply@ets.supply.benin,etssupply.bj,TPE (<10),B2B/B2C,CCIB Annuaire,,Actif,2026-06-29T00:14:35.851021,haute
BJ-FB7C05C6,Centre Marché Bénin,Commerce & Distribution,Bassila,+229 57 38 92 10,centre.marché.bénin@centre.marché.bénin.benin,centremarchébénin.bj,TPE (<10),B2C,CCIB Annuaire,,Actif,2026-06-29T00:14:35.851038,haute
BJ-0F94C86C,Groupe Provision International Bassila,Commerce & Distribution,Bassila,+229 98 79 83 79,,,PME (10-50),B2B/B2C,CCIB Annuaire,,Actif,2026-06-29T00:14:35.851049,basse
BJ-EC31ACA1,Super Provision Market Pehunco,Commerce & Distribution,Pehunco,+229 47 87 32 64,,,TPE (<10),B2B/B2C,CCIB Annuaire,,Actif,2026-06-29T00:14:35.851078,basse
BJ-644CD0BE,Super Magasin SARL,Commerce & Distribution,Pehunco,+229 21 49 21 63,,,TPE (<10),B2B/B2C,CCIB Annuaire,,Actif,2026-06-29T00:14:35.851089,basse
BJ-E18D120C,Épicerie International,Commerce & Distribution,Pehunco,+229 92 79 50 81,épicerie.international@épicerie.international.bj,,TPE (<10),B2C,CCIB Annuaire,,Actif,2026-06-29T00:14:35.851102,moyenne
BJ-CE53FE62,Commerce SARL,Commerce & Distribution,Pehunco,+229 34 24 68 50,commerce.sarl@commerce.sarl.bj,,PME (10-50),B2C,CCIB Annuaire,,Actif,2026-06-29T00:14:35.851114,moyenne
BJ-76FD713A,Alimentaire Market,Commerce & Distribution,Copargo,+229 57 98 94 65,alimentaire.market@alimentaire.market.bj,,TPE (<10),B2C,CCIB Annuaire,,Actif,2026-06-29T00:14:35.851131,moyenne
BJ-04AC0B2D,Centre Magasin,Commerce & Distribution,Copargo,+229 78 17 85 70,,,PME (10-50),B2C,CCIB Annuaire,,Actif,2026-06-29T00:14:35.851158,basse
BJ-94222723,Commerce Provision,Commerce & Distribution,Copargo,+229 32 25 19 12,,,PME (10-50),B2B/B2C,CCIB Annuaire,,Actif,2026-06-29T00:14:35.851171,basse
BJ-4192FFA7,Épicerie SARL,Commerce & Distribution,Copargo,+229 70 43 82 44,,épiceriesarl.bj,PME (10-50),B2B/B2C,CCIB Annuaire,,Actif,2026-06-29T00:14:35.851184,moyenne
BJ-468D5804,Bar Gourmet Palace,Restauration & Hôtellerie,Cotonou,+229 30 89 67 97,bar.gourmet.palace@bar.gourmet.palace.net,,Grande (>200),B2C,CCIB Annuaire,,Actif,2026-06-29T00:14:35.851203,moyenne
BJ-C269D234,Restaurant Goût Brasserie,Restauration & Hôtellerie,Cotonou,+229 89 64 22 63,,restaurantgoûtbrasserie.bj,TPE (<10),B2C,CCIB Annuaire,,Actif,2026-06-29T00:14:35.851215,moyenne
BJ-C4D0F646,Ambiance Restaurant Cotonou,Restauration & Hôtellerie,Cotonou,+229 40 17 59 48,,,TPE (<10),B2C,CCIB Annuaire,,Actif,2026-06-29T00:14:35.851226,basse
BJ-AB88BE2C,Gourmet,Restauration & Hôtellerie,Cotonou,+229 32 27 26 16,,gourmet.bj,TPE (<10),B2C,CCIB Annuaire,,Actif,2026-06-29T00:14:35.851237,moyenne
BJ-AD0B1557,Table Restaurant Cotonou,Restauration & Hôtellerie,Cotonou,+229 64 91 89 18,table.restaurant.cotonou@table.restaurant.cotonou.bj,,TPE (<10),B2C,CCIB Annuaire,,Actif,2026-06-29T00:14:35.851248,moyenne
BJ-435BDF00,Lac Hotel Abomey-Calavi,Restauration & Hôtellerie,Abomey-Calavi,+229 20 21 10 66,,,PME (10-50),B2C,CCIB Annuaire,,Actif,2026-06-29T00:14:35.851268,basse
BJ-AC6E5B5C,Restaurant Goût Inn,Restauration & Hôtellerie,Abomey-Calavi,+229 54 84 83 69,restaurant.goût.inn@restaurant.goût.inn.benin,restaurantgoûtinn.bj,TPE (<10),B2C,CCIB Annuaire,,Actif,2026-06-29T00:14:35.851282,haute
BJ-9E9E68D8,Jardin,Restauration & Hôtellerie,Abomey-Calavi,+229 47 83 39 51,jardin@jardin.org,jardin.bj,PME (50-200),B2C,CCIB Annuaire,,Actif,2026-06-29T00:14:35.851295,haute
BJ-3A4A9BB3,Restaurant Village,Restauration & Hôtellerie,Abomey-Calavi,+229 85 27 67 40,,restaurantvillage.bj,TPE (<10),B2C,CCIB Annuaire,,Actif,2026-06-29T00:14:35.851309,moyenne
BJ-4B084050,Brasserie Saveur Inn Abomey-Calavi,Restauration & Hôtellerie,Abomey-Calavi,+229 32 11 84 77,brasserie.saveur.inn.abomeycalavi@brasserie.saveur.inn.abomeycalavi.benin,brasseriesaveurinnabomeycalavi.bj,Grande (>200),B2C,CCIB Annuaire,,Actif,2026-06-29T00:14:35.851323,haute
BJ-2CD1D978,Nouveau Brasserie,Restauration & Hôtellerie,Porto-Novo,+229 71 13 58 66,nouveau.brasserie@nouveau.brasserie.bj,nouveaubrasserie.bj,PME (50-200),B2C,CCIB Annuaire,,Actif,2026-06-29T00:14:35.851342,haute
BJ-0D434848,Royal Café Porto-Novo,Restauration & Hôtellerie,Porto-Novo,+229 61 31 68 95,,royalcaféportonovo.bj,PME (10-50),B2C,CCIB Annuaire,,Actif,2026-06-29T00:14:35.851354,moyenne
BJ-13B7D3E7,Bar Saveur,Restauration & Hôtellerie,Porto-Novo,+229 80 69 83 13,,barsaveur.bj,PME (50-200),B2C,CCIB Annuaire,,Actif,2026-06-29T00:14:35.851370,moyenne
BJ-5010A50D,Palace International Porto-Novo,Restauration & Hôtellerie,Porto-Novo,+229 62 36 24 24,,,PME (50-200),B2C,CCIB Annuaire,,Actif,2026-06-29T00:14:35.851381,basse
BJ-02173A58,Brasserie Nouveau Palace,Restauration & Hôtellerie,Porto-Novo,+229 68 47 71 94,brasserie.nouveau.palace@brasserie.nouveau.palace.com,brasserienouveaupalace.bj,PME (10-50),B2C,CCIB Annuaire,,Actif,2026-06-29T00:14:35.851393,haute
BJ-F810B296,Gourmet Parakou,Restauration & Hôtellerie,Parakou,+229 86 68 51 55,,gourmetparakou.bj,TPE (<10),B2C,CCIB Annuaire,,Actif,2026-06-29T00:14:35.851413,moyenne
BJ-D59F7B42,Auberge Royal,Restauration & Hôtellerie,Parakou,+229 84 20 17 55,,aubergeroyal.bj,PME (10-50),B2C,CCIB Annuaire,,Actif,2026-06-29T00:14:35.851445,moyenne
BJ-CC7E962C,Pension Détente Inn Parakou,Restauration & Hôtellerie,Parakou,+229 24 49 87 22,,pensiondétenteinnparakou.bj,TPE (<10),B2C,CCIB Annuaire,,Actif,2026-06-29T00:14:35.851466,moyenne
BJ-38D91064,Auberge Saveur International,Restauration & Hôtellerie,Parakou,+229 34 65 73 33,,aubergesaveurinternational.bj,Grande (>200),B2C,CCIB Annuaire,,Actif,2026-06-29T00:14:35.851484,moyenne
BJ-D02DC8EF,Ambiance Restaurant,Restauration & Hôtellerie,Parakou,+229 35 20 38 70,,ambiancerestaurant.bj,PME (10-50),B2C,CCIB Annuaire,,Actif,2026-06-29T00:14:35.851496,moyenne
BJ-B79C1008,Village,Restauration & Hôtellerie,Bohicon,+229 80 39 23 98,village@village.net,village.bj,TPE (<10),B2C,CCIB Annuaire,,Actif,2026-06-29T00:14:35.851516,haute
BJ-88335CDF,Grand Inn,Restauration & Hôtellerie,Bohicon,+229 87 50 13 64,,grandinn.bj,TPE (<10),B2C,CCIB Annuaire,,Actif,2026-06-29T00:14:35.851528,moyenne
BJ-E399EAC0,Restaurant Ambiance,Restauration & Hôtellerie,Bohicon,+229 33 25 11 77,,restaurantambiance.bj,PME (10-50),B2C,CCIB Annuaire,,Actif,2026-06-29T00:14:35.851539,moyenne
BJ-AEF1339F,Brasserie Saveur Bénin,Restauration & Hôtellerie,Bohicon,+229 20 63 79 46,brasserie.saveur.bénin@brasserie.saveur.bénin.org,brasseriesaveurbénin.bj,Grande (>200),B2C,CCIB Annuaire,,Actif,2026-06-29T00:14:35.851553,haute
BJ-ED8A0FB5,Café Détente,Restauration & Hôtellerie,Bohicon,+229 23 11 26 98,,,TPE (<10),B2C,CCIB Annuaire,,Actif,2026-06-29T00:14:35.851563,basse
BJ-9227852B,Hôtel Grand Bénin,Restauration & Hôtellerie,Natitingou,+229 74 69 76 68,,,TPE (<10),B2C,CCIB Annuaire,,Actif,2026-06-29T00:14:35.851580,basse
BJ-867DB20A,Café Palace International,Restauration & Hôtellerie,Natitingou,+229 31 69 50 66,,cafépalaceinternational.bj,PME (50-200),B2C,CCIB Annuaire,,Actif,2026-06-29T00:14:35.851592,moyenne
BJ-F568306C,Auberge Gourmet Hotel,Restauration & Hôtellerie,Natitingou,+229 75 50 13 55,,,Grande (>200),B2C,CCIB Annuaire,,Actif,2026-06-29T00:14:35.851606,basse
BJ-FDF2D1E8,Café Ambiance,Restauration & Hôtellerie,Natitingou,+229 31 45 89 84,café.ambiance@café.ambiance.net,caféambiance.bj,PME (10-50),B2C,CCIB Annuaire,,Actif,2026-06-29T00:14:35.851623,haute
BJ-CD5A594C,Pension Table,Restauration & Hôtellerie,Natitingou,+229 35 84 61 23,,pensiontable.bj,PME (10-50),B2C,CCIB Annuaire,,Actif,2026-06-29T00:14:35.851634,moyenne
BJ-196BF130,Café Village International,Restauration & Hôtellerie,Lokossa,+229 56 44 55 83,,,TPE (<10),B2C,CCIB Annuaire,,Actif,2026-06-29T00:14:35.851652,basse
BJ-7D62BCDA,Brasserie Jardin Café Lokossa,Restauration & Hôtellerie,Lokossa,+229 58 26 56 22,,,TPE (<10),B2C,CCIB Annuaire,,Actif,2026-06-29T00:14:35.851663,basse
BJ-8EE3F729,Palace,Restauration & Hôtellerie,Lokossa,+229 92 27 60 22,palace@palace.org,,TPE (<10),B2C,CCIB Annuaire,,Actif,2026-06-29T00:14:35.851678,moyenne
BJ-44EF9607,Hôtel Royal,Restauration & Hôtellerie,Lokossa,+229 90 27 74 31,,hôtelroyal.bj,PME (10-50),B2C,CCIB Annuaire,,Actif,2026-06-29T00:14:35.851691,moyenne
BJ-96821C93,Auberge Table,Restauration & Hôtellerie,Lokossa,+229 69 53 98 27,auberge.table@auberge.table.benin,,Grande (>200),B2C,CCIB Annuaire,,Actif,2026-06-29T00:14:35.851703,moyenne
BJ-2CCEBE2E,Mer,Restauration & Hôtellerie,Ouidah,+229 46 46 46 51,,,PME (50-200),B2C,CCIB Annuaire,,Actif,2026-06-29T00:14:35.851719,basse
BJ-11D4D17A,Café Lac Inn,Restauration & Hôtellerie,Ouidah,+229 21 75 12 82,café.lac.inn@café.lac.inn.benin,,Grande (>200),B2C,CCIB Annuaire,,Actif,2026-06-29T00:14:35.851731,moyenne
BJ-16BAADE3,Auberge Nouveau,Restauration & Hôtellerie,Ouidah,+229 90 71 23 28,auberge.nouveau@auberge.nouveau.bj,,PME (10-50),B2C,CCIB Annuaire,,Actif,2026-06-29T00:14:35.851743,moyenne
BJ-026B18B6,Auberge Royal,Restauration & Hôtellerie,Ouidah,+229 87 53 11 79,,aubergeroyal.bj,PME (10-50),B2C,CCIB Annuaire,,Actif,2026-06-29T00:14:35.851757,moyenne
BJ-38D86A74,Mer Inn,Restauration & Hôtellerie,Ouidah,+229 92 99 98 61,,merinn.bj,PME (50-200),B2C,CCIB Annuaire,,Actif,2026-06-29T00:14:35.851770,moyenne
BJ-2BB7F10A,Grand Restaurant,Restauration & Hôtellerie,Savalou,+229 42 15 65 43,grand.restaurant@grand.restaurant.com,grandrestaurant.bj,PME (50-200),B2C,CCIB Annuaire,,Actif,2026-06-29T00:14:35.851788,haute
BJ-1DFB70E1,Plage Bénin Savalou,Restauration & Hôtellerie,Savalou,+229 38 31 58 95,plage.bénin.savalou@plage.bénin.savalou.org,,PME (10-50),B2C,CCIB Annuaire,,Actif,2026-06-29T00:14:35.851801,moyenne
BJ-F9E1150F,Village Restaurant,Restauration & Hôtellerie,Savalou,+229 21 56 70 87,,villagerestaurant.bj,TPE (<10),B2C,CCIB Annuaire,,Actif,2026-06-29T00:14:35.851812,moyenne
BJ-8F74F38C,Restaurant Gourmet Savalou,Restauration & Hôtellerie,Savalou,+229 46 83 40 45,,restaurantgourmetsavalou.bj,TPE (<10),B2C,CCIB Annuaire,,Actif,2026-06-29T00:14:35.851827,moyenne
BJ-E6243B00,Palace,Restauration & Hôtellerie,Savalou,+229 91 97 39 49,,,Grande (>200),B2C,CCIB Annuaire,,Actif,2026-06-29T00:14:35.851838,basse
BJ-8DB88200,Table,Restauration & Hôtellerie,Dassa-Zoumè,+229 59 93 87 59,table@table.org,table.bj,PME (50-200),B2C,CCIB Annuaire,,Actif,2026-06-29T00:14:35.851859,haute
BJ-C92E89A5,Restaurant Village Dassa-Zoumè,Restauration & Hôtellerie,Dassa-Zoumè,+229 20 80 60 79,,,TPE (<10),B2C,CCIB Annuaire,,Actif,2026-06-29T00:14:35.851871,basse
BJ-3BAEF88A,Hôtel Royal Restaurant,Restauration & Hôtellerie,Dassa-Zoumè,+229 36 64 32 22,hôtel.royal.restaurant@hôtel.royal.restaurant.benin,hôtelroyalrestaurant.bj,PME (50-200),B2C,CCIB Annuaire,,Actif,2026-06-29T00:14:35.851884,haute
BJ-8213DA5C,Hôtel Goût Brasserie,Restauration & Hôtellerie,Dassa-Zoumè,+229 55 90 31 51,,hôtelgoûtbrasserie.bj,PME (10-50),B2C,CCIB Annuaire,,Actif,2026-06-29T00:14:35.851916,moyenne
BJ-9DA60457,Bar Palace Hotel Dassa-Zoumè,Restauration & Hôtellerie,Dassa-Zoumè,+229 80 57 71 51,,barpalacehoteldassazoumè.bj,PME (50-200),B2C,CCIB Annuaire,,Actif,2026-06-29T00:14:35.851930,moyenne
BJ-71887B37,Saveur Bénin,Restauration & Hôtellerie,Kétou,+229 73 34 77 97,saveur.bénin@saveur.bénin.benin,saveurbénin.bj,TPE (<10),B2C,CCIB Annuaire,,Actif,2026-06-29T00:14:35.851951,haute
BJ-C5B1F97B,Mer,Restauration & Hôtellerie,Kétou,+229 55 54 97 68,mer@mer.benin,mer.bj,TPE (<10),B2C,CCIB Annuaire,,Actif,2026-06-29T00:14:35.851964,haute
BJ-65C7D75B,Bar Lac International,Restauration & Hôtellerie,Kétou,+229 77 83 88 36,,barlacinternational.bj,PME (10-50),B2C,CCIB Annuaire,,Actif,2026-06-29T00:14:35.851975,moyenne
BJ-3BF575AD,Restaurant Ambiance Restaurant,Restauration & Hôtellerie,Kétou,+229 56 49 81 55,,restaurantambiancerestaurant.bj,PME (10-50),B2C,CCIB Annuaire,,Actif,2026-06-29T00:14:35.851987,moyenne
BJ-6DCDF556,Grand Kétou,Restauration & Hôtellerie,Kétou,+229 51 68 15 43,,grandkétou.bj,PME (50-200),B2C,CCIB Annuaire,,Actif,2026-06-29T00:14:35.851999,moyenne
BJ-737F6E6B,Hôtel Ambiance Inn,Restauration & Hôtellerie,Covè,+229 56 49 59 72,hôtel.ambiance.inn@hôtel.ambiance.inn.org,hôtelambianceinn.bj,TPE (<10),B2C,CCIB Annuaire,,Actif,2026-06-29T00:14:35.852018,haute
BJ-AED97B7C,Grand Bénin,Restauration & Hôtellerie,Covè,+229 77 17 34 37,,grandbénin.bj,PME (10-50),B2C,CCIB Annuaire,,Actif,2026-06-29T00:14:35.852038,moyenne
BJ-311F65F1,Auberge Plage,Restauration & Hôtellerie,Covè,+229 27 26 49 76,auberge.plage@auberge.plage.net,aubergeplage.bj,Grande (>200),B2C,CCIB Annuaire,,Actif,2026-06-29T00:14:35.852050,haute
BJ-5EA63687,Village Bénin,Restauration & Hôtellerie,Covè,+229 36 79 53 45,village.bénin@village.bénin.benin,villagebénin.bj,PME (10-50),B2C,CCIB Annuaire,,Actif,2026-06-29T00:14:35.852066,haute
BJ-FD90438C,Bar Village Hotel Covè,Restauration & Hôtellerie,Covè,+229 62 61 75 16,,barvillagehotelcovè.bj,TPE (<10),B2C,CCIB Annuaire,,Actif,2026-06-29T00:14:35.852079,moyenne
BJ-3787C0F8,Auberge Palace Café,Restauration & Hôtellerie,Pobè,+229 81 86 73 31,auberge.palace.café@auberge.palace.café.net,aubergepalacecafé.bj,TPE (<10),B2C,CCIB Annuaire,,Actif,2026-06-29T00:14:35.852098,haute
BJ-8BD2D4EB,Pension Saveur Hotel,Restauration & Hôtellerie,Pobè,+229 21 99 43 36,,pensionsaveurhotel.bj,PME (10-50),B2C,CCIB Annuaire,,Actif,2026-06-29T00:14:35.852113,moyenne
BJ-89556CA2,Hôtel Plage Pobè,Restauration & Hôtellerie,Pobè,+229 69 65 76 55,,hôtelplagepobè.bj,PME (50-200),B2C,CCIB Annuaire,,Actif,2026-06-29T00:14:35.852126,moyenne
BJ-DC879BE1,Pension Village Brasserie Pobè,Restauration & Hôtellerie,Pobè,+229 24 11 54 81,,pensionvillagebrasseriepobè.bj,TPE (<10),B2C,CCIB Annuaire,,Actif,2026-06-29T00:14:35.852138,moyenne
BJ-55624CEA,Détente Restaurant,Restauration & Hôtellerie,Pobè,+229 66 37 26 85,détente.restaurant@détente.restaurant.com,détenterestaurant.bj,PME (50-200),B2C,CCIB Annuaire,,Actif,2026-06-29T00:14:35.852152,haute
BJ-D06F05D9,Ambiance,Restauration & Hôtellerie,Sakété,+229 31 30 98 10,ambiance@ambiance.net,,TPE (<10),B2C,CCIB Annuaire,,Actif,2026-06-29T00:14:35.852200,moyenne
BJ-513EFE0F,Restaurant Village International,Restauration & Hôtellerie,Sakété,+229 30 16 15 31,,,PME (10-50),B2C,CCIB Annuaire,,Actif,2026-06-29T00:14:35.852211,basse
BJ-65FD69EA,Goût,Restauration & Hôtellerie,Sakété,+229 72 83 41 69,,goût.bj,TPE (<10),B2C,CCIB Annuaire,,Actif,2026-06-29T00:14:35.852225,moyenne
BJ-82C27103,Table Brasserie Sakété,Restauration & Hôtellerie,Sakété,+229 85 24 68 72,,,TPE (<10),B2C,CCIB Annuaire,,Actif,2026-06-29T00:14:35.852236,basse
BJ-C0D2A943,Pension Goût Inn,Restauration & Hôtellerie,Adjara,+229 80 11 76 33,pension.goût.inn@pension.goût.inn.benin,,TPE (<10),B2C,CCIB Annuaire,,Actif,2026-06-29T00:14:35.852254,moyenne
BJ-6E7B3EE7,Royal Hotel,Restauration & Hôtellerie,Adjara,+229 97 48 12 20,royal.hotel@royal.hotel.org,royalhotel.bj,PME (10-50),B2C,CCIB Annuaire,,Actif,2026-06-29T00:14:35.852267,haute
BJ-52AC6A79,Jardin,Restauration & Hôtellerie,Adjara,+229 96 77 89 13,,,Grande (>200),B2C,CCIB Annuaire,,Actif,2026-06-29T00:14:35.852277,basse
BJ-AC3E81C3,Brasserie Ambiance,Restauration & Hôtellerie,Adjara,+229 68 73 56 42,,brasserieambiance.bj,PME (10-50),B2C,CCIB Annuaire,,Actif,2026-06-29T00:14:35.852289,moyenne
BJ-374072D0,Auberge Saveur Bénin,Restauration & Hôtellerie,Adjara,+229 25 60 13 91,,,TPE (<10),B2C,CCIB Annuaire,,Actif,2026-06-29T00:14:35.852301,basse
BJ-47E55296,Mer Palace,Restauration & Hôtellerie,Allada,+229 58 44 96 62,,merpalace.bj,TPE (<10),B2C,CCIB Annuaire,,Actif,2026-06-29T00:14:35.852318,moyenne
BJ-53F3031F,Restaurant Lac Palace,Restauration & Hôtellerie,Allada,+229 66 95 11 15,,,PME (50-200),B2C,CCIB Annuaire,,Actif,2026-06-29T00:14:35.852328,basse
BJ-E83848FB,Pension Gourmet Restaurant,Restauration & Hôtellerie,Allada,+229 31 35 85 18,pension.gourmet.restaurant@pension.gourmet.restaurant.net,,TPE (<10),B2C,CCIB Annuaire,,Actif,2026-06-29T00:14:35.852344,moyenne
BJ-38DE090F,Auberge Plage,Restauration & Hôtellerie,Allada,+229 46 37 73 84,,aubergeplage.bj,PME (10-50),B2C,CCIB Annuaire,,Actif,2026-06-29T00:14:35.852358,moyenne
BJ-829A0B1F,Bar Jardin,Restauration & Hôtellerie,Allada,+229 50 35 85 19,,barjardin.bj,PME (50-200),B2C,CCIB Annuaire,,Actif,2026-06-29T00:14:35.852370,moyenne
BJ-F2D34A83,Village Bénin,Restauration & Hôtellerie,Aplahoué,+229 57 60 38 42,,villagebénin.bj,Grande (>200),B2C,CCIB Annuaire,,Actif,2026-06-29T00:14:35.852388,moyenne
BJ-BD7307A8,Bar Saveur Bénin,Restauration & Hôtellerie,Aplahoué,+229 80 70 10 88,bar.saveur.bénin@bar.saveur.bénin.org,,PME (10-50),B2C,CCIB Annuaire,,Actif,2026-06-29T00:14:35.852404,moyenne
BJ-A48407D8,Village Aplahoué,Restauration & Hôtellerie,Aplahoué,+229 82 89 77 70,village.aplahoué@village.aplahoué.com,,PME (50-200),B2C,CCIB Annuaire,,Actif,2026-06-29T00:14:35.852418,moyenne
BJ-148CFE65,Palace Hotel,Restauration & Hôtellerie,Aplahoué,+229 74 52 60 84,,,Grande (>200),B2C,CCIB Annuaire,,Actif,2026-06-29T00:14:35.852429,basse
BJ-87CE6815,Ambiance Aplahoué,Restauration & Hôtellerie,Aplahoué,+229 25 94 11 21,,,PME (50-200),B2C,CCIB Annuaire,,Actif,2026-06-29T00:14:35.852440,basse
BJ-B03A8BE2,Restaurant Détente Hotel,Restauration & Hôtellerie,Dogbo-Tota,+229 37 52 88 83,,,Grande (>200),B2C,CCIB Annuaire,,Actif,2026-06-29T00:14:35.852457,basse
BJ-80C51CBC,Plage Brasserie Dogbo-Tota,Restauration & Hôtellerie,Dogbo-Tota,+229 57 99 27 72,plage.brasserie.dogbotota@plage.brasserie.dogbotota.bj,plagebrasseriedogbotota.bj,TPE (<10),B2C,CCIB Annuaire,,Actif,2026-06-29T00:14:35.852471,haute
BJ-53796CFC,Grand,Restauration & Hôtellerie,Dogbo-Tota,+229 91 18 68 62,,grand.bj,PME (50-200),B2C,CCIB Annuaire,,Actif,2026-06-29T00:14:35.852482,moyenne
BJ-C695CFD0,Jardin,Restauration & Hôtellerie,Dogbo-Tota,+229 92 89 72 52,jardin@jardin.net,jardin.bj,Grande (>200),B2C,CCIB Annuaire,,Actif,2026-06-29T00:14:35.852498,haute
BJ-A8256CCB,Royal,Restauration & Hôtellerie,Dogbo-Tota,+229 28 69 61 12,,,PME (10-50),B2C,CCIB Annuaire,,Actif,2026-06-29T00:14:35.852509,basse
BJ-82333B29,Mer Hotel,Restauration & Hôtellerie,Kpomassè,+229 49 70 10 67,mer.hotel@mer.hotel.net,merhotel.bj,Grande (>200),B2C,CCIB Annuaire,,Actif,2026-06-29T00:14:35.852529,haute
BJ-F5CDA481,Mer,Restauration & Hôtellerie,Kpomassè,+229 73 89 43 97,mer@mer.org,mer.bj,PME (10-50),B2C,CCIB Annuaire,,Actif,2026-06-29T00:14:35.852543,haute
BJ-D8A39F6B,Hôtel Grand,Restauration & Hôtellerie,Kpomassè,+229 55 91 95 90,,hôtelgrand.bj,TPE (<10),B2C,CCIB Annuaire,,Actif,2026-06-29T00:14:35.852555,moyenne
BJ-D0F64354,Village,Restauration & Hôtellerie,Kpomassè,+229 82 17 58 94,,village.bj,PME (50-200),B2C,CCIB Annuaire,,Actif,2026-06-29T00:14:35.852572,moyenne
BJ-C80227AC,Village Bénin Kpomassè,Restauration & Hôtellerie,Kpomassè,+229 20 56 68 87,,villagebéninkpomassè.bj,TPE (<10),B2C,CCIB Annuaire,,Actif,2026-06-29T00:14:35.852586,moyenne
BJ-36795CBA,Mer,Restauration & Hôtellerie,Tori-Bossito,+229 75 19 13 25,,,TPE (<10),B2C,CCIB Annuaire,,Actif,2026-06-29T00:14:35.852604,basse
BJ-0D108838,Détente Café,Restauration & Hôtellerie,Tori-Bossito,+229 86 44 66 87,détente.café@détente.café.com,détentecafé.bj,PME (10-50),B2C,CCIB Annuaire,,Actif,2026-06-29T00:14:35.852618,haute
BJ-89859BB2,Grand Tori-Bossito,Restauration & Hôtellerie,Tori-Bossito,+229 80 66 48 81,,grandtoribossito.bj,PME (10-50),B2C,CCIB Annuaire,,Actif,2026-06-29T00:14:35.852649,moyenne
BJ-B60784B7,Palace,Restauration & Hôtellerie,Tori-Bossito,+229 82 69 71 52,palace@palace.com,,PME (10-50),B2C,CCIB Annuaire,,Actif,2026-06-29T00:14:35.852661,moyenne
BJ-D4B8CB02,Détente,Restauration & Hôtellerie,Grand-Popo,+229 68 26 95 82,détente@détente.bj,détente.bj,PME (10-50),B2C,CCIB Annuaire,,Actif,2026-06-29T00:14:35.852681,haute
BJ-96F7282E,Lac Palace,Restauration & Hôtellerie,Grand-Popo,+229 97 91 46 62,lac.palace@lac.palace.com,,TPE (<10),B2C,CCIB Annuaire,,Actif,2026-06-29T00:14:35.852694,moyenne
BJ-60DF1F1C,Restaurant Mer Bénin,Restauration & Hôtellerie,Grand-Popo,+229 49 93 39 70,restaurant.mer.bénin@restaurant.mer.bénin.org,,TPE (<10),B2C,CCIB Annuaire,,Actif,2026-06-29T00:14:35.852707,moyenne
BJ-FDADF5B1,Palace Restaurant,Restauration & Hôtellerie,Grand-Popo,+229 85 56 80 45,,palacerestaurant.bj,PME (10-50),B2C,CCIB Annuaire,,Actif,2026-06-29T00:14:35.852719,moyenne
BJ-BCC82109,Hôtel Village,Restauration & Hôtellerie,Grand-Popo,+229 46 44 23 70,,hôtelvillage.bj,TPE (<10),B2C,CCIB Annuaire,,Actif,2026-06-29T00:14:35.852731,moyenne
BJ-51ADA2F8,Auberge Plage Restaurant,Restauration & Hôtellerie,Athiémé,+229 46 98 59 20,auberge.plage.restaurant@auberge.plage.restaurant.bj,,TPE (<10),B2C,CCIB Annuaire,,Actif,2026-06-29T00:14:35.852751,moyenne
BJ-E5D4C407,Goût,Restauration & Hôtellerie,Athiémé,+229 24 12 33 27,goût@goût.bj,goût.bj,TPE (<10),B2C,CCIB Annuaire,,Actif,2026-06-29T00:14:35.852765,haute
BJ-AA05D91C,Pension Lac Athiémé,Restauration & Hôtellerie,Athiémé,+229 46 30 34 24,,pensionlacathiémé.bj,Grande (>200),B2C,CCIB Annuaire,,Actif,2026-06-29T00:14:35.852783,moyenne
BJ-137EF9B7,Restaurant Détente Restaurant Athiémé,Restauration & Hôtellerie,Athiémé,+229 84 25 44 55,,restaurantdétenterestaurantathiémé.bj,PME (50-200),B2C,CCIB Annuaire,,Actif,2026-06-29T00:14:35.852800,moyenne
BJ-AEDE8DF8,Restaurant Mer Bénin,Restauration & Hôtellerie,Athiémé,+229 82 75 73 92,,,PME (50-200),B2C,CCIB Annuaire,,Actif,2026-06-29T00:14:35.852812,basse
BJ-CB103AD9,Café Saveur,Restauration & Hôtellerie,Bopa,+229 23 37 70 10,café.saveur@café.saveur.benin,cafésaveur.bj,TPE (<10),B2C,CCIB Annuaire,,Actif,2026-06-29T00:14:35.852834,haute
BJ-7F9C82AE,Mer Inn,Restauration & Hôtellerie,Bopa,+229 35 27 34 64,mer.inn@mer.inn.benin,merinn.bj,PME (50-200),B2C,CCIB Annuaire,,Actif,2026-06-29T00:14:35.852853,haute
BJ-11A6B255,Table Hotel,Restauration & Hôtellerie,Bopa,+229 40 49 38 17,table.hotel@table.hotel.bj,tablehotel.bj,PME (10-50),B2C,CCIB Annuaire,,Actif,2026-06-29T00:14:35.852866,haute
BJ-590789F8,Pension Gourmet Hotel,Restauration & Hôtellerie,Bopa,+229 42 55 84 47,,,PME (50-200),B2C,CCIB Annuaire,,Actif,2026-06-29T00:14:35.852877,basse
BJ-B1F6F2D3,Hôtel Goût Café,Restauration & Hôtellerie,Houéyogbé,+229 94 82 62 92,hôtel.goût.café@hôtel.goût.café.benin,,PME (10-50),B2C,CCIB Annuaire,,Actif,2026-06-29T00:14:35.852928,moyenne
BJ-08B64594,Goût Inn Houéyogbé,Restauration & Hôtellerie,Houéyogbé,+229 35 64 19 15,,goûtinnhouéyogbé.bj,TPE (<10),B2C,CCIB Annuaire,,Actif,2026-06-29T00:14:35.852942,moyenne
BJ-EE3F68D9,Brasserie Gourmet,Restauration & Hôtellerie,Houéyogbé,+229 93 83 50 48,brasserie.gourmet@brasserie.gourmet.org,,PME (50-200),B2C,CCIB Annuaire,,Actif,2026-06-29T00:14:35.852953,moyenne
BJ-FBD5D62E,Lac,Restauration & Hôtellerie,Houéyogbé,+229 21 79 91 87,lac@lac.net,lac.bj,PME (10-50),B2C,CCIB Annuaire,,Actif,2026-06-29T00:14:35.852969,haute
BJ-5CDE9130,Royal,Restauration & Hôtellerie,Houéyogbé,+229 87 95 36 61,royal@royal.bj,royal.bj,PME (50-200),B2C,CCIB Annuaire,,Actif,2026-06-29T00:14:35.852982,haute
BJ-AA608F31,Auberge Mer Bénin,Restauration & Hôtellerie,Malanville,+229 23 70 38 83,,,TPE (<10),B2C,CCIB Annuaire,,Actif,2026-06-29T00:14:35.852999,basse
BJ-8E589DAD,Saveur,Restauration & Hôtellerie,Malanville,+229 44 51 32 31,saveur@saveur.net,saveur.bj,PME (50-200),B2C,CCIB Annuaire,,Actif,2026-06-29T00:14:35.853012,haute
BJ-A13C009E,Mer,Restauration & Hôtellerie,Malanville,+229 58 65 51 13,,,PME (50-200),B2C,CCIB Annuaire,,Actif,2026-06-29T00:14:35.853023,basse
BJ-CEE4521E,Pension Palace Brasserie Malanville,Restauration & Hôtellerie,Malanville,+229 32 87 59 43,,,PME (10-50),B2C,CCIB Annuaire,,Actif,2026-06-29T00:14:35.853035,basse
BJ-2F06A102,Plage Malanville,Restauration & Hôtellerie,Malanville,+229 22 60 21 17,,plagemalanville.bj,PME (50-200),B2C,CCIB Annuaire,,Actif,2026-06-29T00:14:35.853046,moyenne
BJ-AE205A08,Hôtel Royal Café,Restauration & Hôtellerie,Kandi,+229 36 24 80 84,hôtel.royal.café@hôtel.royal.café.net,hôtelroyalcafé.bj,TPE (<10),B2C,CCIB Annuaire,,Actif,2026-06-29T00:14:35.853065,haute
BJ-BB913CBB,Hôtel Plage Restaurant,Restauration & Hôtellerie,Kandi,+229 92 89 67 70,hôtel.plage.restaurant@hôtel.plage.restaurant.org,,PME (10-50),B2C,CCIB Annuaire,,Actif,2026-06-29T00:14:35.853081,moyenne
BJ-4542A626,Détente Inn Kandi,Restauration & Hôtellerie,Kandi,+229 92 73 19 58,détente.inn.kandi@détente.inn.kandi.org,,PME (10-50),B2C,CCIB Annuaire,,Actif,2026-06-29T00:14:35.853094,moyenne
BJ-F8475180,Auberge Saveur Restaurant,Restauration & Hôtellerie,Kandi,+229 68 36 47 39,auberge.saveur.restaurant@auberge.saveur.restaurant.benin,aubergesaveurrestaurant.bj,Grande (>200),B2C,CCIB Annuaire,,Actif,2026-06-29T00:14:35.853109,haute
BJ-9A6C83E7,Pension Jardin Restaurant,Restauration & Hôtellerie,Kandi,+229 36 27 88 78,pension.jardin.restaurant@pension.jardin.restaurant.net,,TPE (<10),B2C,CCIB Annuaire,,Actif,2026-06-29T00:14:35.853121,moyenne
BJ-5E2AF2EC,Détente Inn,Restauration & Hôtellerie,Banikoara,+229 58 95 25 83,,,PME (50-200),B2C,CCIB Annuaire,,Actif,2026-06-29T00:14:35.853139,basse
BJ-AF24431D,Lac Café,Restauration & Hôtellerie,Banikoara,+229 95 28 82 48,lac.café@lac.café.com,,Grande (>200),B2C,CCIB Annuaire,,Actif,2026-06-29T00:14:35.853151,moyenne
BJ-7C0F85BE,Restaurant Ambiance Inn,Restauration & Hôtellerie,Banikoara,+229 35 80 34 98,,,TPE (<10),B2C,CCIB Annuaire,,Actif,2026-06-29T00:14:35.853166,basse
BJ-C9B1E1DF,Pension Village,Restauration & Hôtellerie,Banikoara,+229 69 89 50 58,,pensionvillage.bj,PME (50-200),B2C,CCIB Annuaire,,Actif,2026-06-29T00:14:35.853177,moyenne
BJ-9474D8BF,Village Bénin,Restauration & Hôtellerie,Banikoara,+229 62 89 78 97,village.bénin@village.bénin.net,,PME (10-50),B2C,CCIB Annuaire,,Actif,2026-06-29T00:14:35.853189,moyenne
BJ-131A8287,Plage Café,Restauration & Hôtellerie,Ségbana,+229 21 93 67 15,,,PME (50-200),B2C,CCIB Annuaire,,Actif,2026-06-29T00:14:35.853206,basse
BJ-F7D30D5F,Plage Hotel,Restauration & Hôtellerie,Ségbana,+229 47 67 97 38,plage.hotel@plage.hotel.com,,TPE (<10),B2C,CCIB Annuaire,,Actif,2026-06-29T00:14:35.853217,moyenne
BJ-CBC421F5,Royal International,Restauration & Hôtellerie,Ségbana,+229 98 49 67 38,,,TPE (<10),B2C,CCIB Annuaire,,Actif,2026-06-29T00:14:35.853228,basse
BJ-AD03A7B8,Nouveau Brasserie,Restauration & Hôtellerie,Ségbana,+229 92 78 15 64,nouveau.brasserie@nouveau.brasserie.bj,,TPE (<10),B2C,CCIB Annuaire,,Actif,2026-06-29T00:14:35.853243,moyenne
BJ-809F52D5,Café Plage,Restauration & Hôtellerie,Ségbana,+229 69 28 26 83,café.plage@café.plage.bj,caféplage.bj,TPE (<10),B2C,CCIB Annuaire,,Actif,2026-06-29T00:14:35.853256,haute
BJ-E229A988,Pension Plage,Restauration & Hôtellerie,Karimama,+229 34 64 45 46,,pensionplage.bj,TPE (<10),B2C,CCIB Annuaire,,Actif,2026-06-29T00:14:35.853273,moyenne
BJ-141AD9F0,Café Nouveau Café,Restauration & Hôtellerie,Karimama,+229 50 49 60 80,,,Grande (>200),B2C,CCIB Annuaire,,Actif,2026-06-29T00:14:35.853285,basse
BJ-3E6AD013,Grand Restaurant,Restauration & Hôtellerie,Karimama,+229 93 45 32 10,grand.restaurant@grand.restaurant.com,grandrestaurant.bj,TPE (<10),B2C,CCIB Annuaire,,Actif,2026-06-29T00:14:35.853297,haute
BJ-75FA2FAE,Gourmet Bénin,Restauration & Hôtellerie,Karimama,+229 70 98 13 61,gourmet.bénin@gourmet.bénin.benin,,Grande (>200),B2C,CCIB Annuaire,,Actif,2026-06-29T00:14:35.853313,moyenne
BJ-3E8D84EA,Pension Table,Restauration & Hôtellerie,Karimama,+229 53 17 14 48,pension.table@pension.table.net,pensiontable.bj,PME (10-50),B2C,CCIB Annuaire,,Actif,2026-06-29T00:14:35.853325,haute
BJ-00776104,Bar Jardin,Restauration & Hôtellerie,Gogounou,+229 39 91 20 51,,,PME (10-50),B2C,CCIB Annuaire,,Actif,2026-06-29T00:14:35.853341,basse
BJ-D3C31D8A,Gourmet,Restauration & Hôtellerie,Gogounou,+229 34 21 91 40,,gourmet.bj,TPE (<10),B2C,CCIB Annuaire,,Actif,2026-06-29T00:14:35.853370,moyenne
BJ-FE060E8A,Goût,Restauration & Hôtellerie,Gogounou,+229 45 39 61 34,,goût.bj,PME (10-50),B2C,CCIB Annuaire,,Actif,2026-06-29T00:14:35.853383,moyenne
BJ-45968E9C,Ambiance,Restauration & Hôtellerie,Gogounou,+229 74 24 16 90,,,PME (50-200),B2C,CCIB Annuaire,,Actif,2026-06-29T00:14:35.853397,basse
BJ-A06100AA,Détente International,Restauration & Hôtellerie,Gogounou,+229 27 70 62 21,,détenteinternational.bj,PME (10-50),B2C,CCIB Annuaire,,Actif,2026-06-29T00:14:35.853409,moyenne
BJ-95AE379A,Mer Cobly,Restauration & Hôtellerie,Cobly,+229 79 38 21 50,,mercobly.bj,TPE (<10),B2C,CCIB Annuaire,,Actif,2026-06-29T00:14:35.853426,moyenne
BJ-E269E500,Brasserie Nouveau Brasserie,Restauration & Hôtellerie,Cobly,+229 85 47 78 71,,,Grande (>200),B2C,CCIB Annuaire,,Actif,2026-06-29T00:14:35.853437,basse
BJ-75D9C466,Gourmet Cobly,Restauration & Hôtellerie,Cobly,+229 30 66 95 53,,,PME (10-50),B2C,CCIB Annuaire,,Actif,2026-06-29T00:14:35.853447,basse
BJ-F057AE68,Pension Nouveau Palace,Restauration & Hôtellerie,Cobly,+229 54 75 51 88,pension.nouveau.palace@pension.nouveau.palace.benin,,TPE (<10),B2C,CCIB Annuaire,,Actif,2026-06-29T00:14:35.853459,moyenne
BJ-F23DB555,Hôtel Saveur Café,Restauration & Hôtellerie,Cobly,+229 38 47 16 34,,hôtelsaveurcafé.bj,PME (10-50),B2C,CCIB Annuaire,,Actif,2026-06-29T00:14:35.853470,moyenne
BJ-E2BD8C2D,Restaurant Lac Hotel,Restauration & Hôtellerie,Tanguiéta,+229 27 66 24 46,,restaurantlachotel.bj,PME (50-200),B2C,CCIB Annuaire,,Actif,2026-06-29T00:14:35.853488,moyenne
BJ-92DFFC0E,Pension Goût Bénin,Restauration & Hôtellerie,Tanguiéta,+229 21 20 10 95,,pensiongoûtbénin.bj,TPE (<10),B2C,CCIB Annuaire,,Actif,2026-06-29T00:14:35.853500,moyenne
BJ-435033B7,Nouveau Tanguiéta,Restauration & Hôtellerie,Tanguiéta,+229 86 57 87 67,nouveau.tanguiéta@nouveau.tanguiéta.bj,nouveautanguiéta.bj,Grande (>200),B2C,CCIB Annuaire,,Actif,2026-06-29T00:14:35.853512,haute
BJ-240639D6,Bar Nouveau Hotel Tanguiéta,Restauration & Hôtellerie,Tanguiéta,+229 67 62 10 68,,,PME (50-200),B2C,CCIB Annuaire,,Actif,2026-06-29T00:14:35.853530,basse
BJ-F0A59AE8,Bar Mer Hotel,Restauration & Hôtellerie,Tanguiéta,+229 36 59 16 68,bar.mer.hotel@bar.mer.hotel.bj,barmerhotel.bj,TPE (<10),B2C,CCIB Annuaire,,Actif,2026-06-29T00:14:35.853546,haute
BJ-E1EAAF66,Restaurant Plage,Restauration & Hôtellerie,Matéri,+229 58 37 28 10,restaurant.plage@restaurant.plage.com,,PME (10-50),B2C,CCIB Annuaire,,Actif,2026-06-29T00:14:35.853568,moyenne
BJ-15223E08,Saveur Café,Restauration & Hôtellerie,Matéri,+229 33 84 49 10,saveur.café@saveur.café.com,,TPE (<10),B2C,CCIB Annuaire,,Actif,2026-06-29T00:14:35.853582,moyenne
BJ-7E134C18,Plage Palace,Restauration & Hôtellerie,Matéri,+229 23 62 48 27,plage.palace@plage.palace.org,plagepalace.bj,PME (50-200),B2C,CCIB Annuaire,,Actif,2026-06-29T00:14:35.853594,haute
BJ-D131770A,Restaurant Table Matéri,Restauration & Hôtellerie,Matéri,+229 99 75 30 51,,,PME (10-50),B2C,CCIB Annuaire,,Actif,2026-06-29T00:14:35.853605,basse
BJ-4081757E,Royal,Restauration & Hôtellerie,Matéri,+229 90 38 45 13,royal@royal.org,,PME (10-50),B2C,CCIB Annuaire,,Actif,2026-06-29T00:14:35.853616,moyenne
BJ-319D8A91,Bar Saveur Inn,Restauration & Hôtellerie,Natitingou,+229 61 64 83 66,bar.saveur.inn@bar.saveur.inn.net,barsaveurinn.bj,TPE (<10),B2C,CCIB Annuaire,,Actif,2026-06-29T00:14:35.853635,haute
BJ-B15AD2E9,Jardin,Restauration & Hôtellerie,Natitingou,+229 66 49 98 49,jardin@jardin.org,jardin.bj,PME (50-200),B2C,CCIB Annuaire,,Actif,2026-06-29T00:14:35.853647,haute
BJ-C3586451,Café Village Inn,Restauration & Hôtellerie,Natitingou,+229 77 40 32 38,,,PME (10-50),B2C,CCIB Annuaire,,Actif,2026-06-29T00:14:35.853657,basse
BJ-4C2BD4BD,Ambiance Palace Natitingou,Restauration & Hôtellerie,Natitingou,+229 47 88 31 24,ambiance.palace.natitingou@ambiance.palace.natitingou.net,,TPE (<10),B2C,CCIB Annuaire,,Actif,2026-06-29T00:14:35.853684,moyenne
BJ-49EB8695,Plage Café,Restauration & Hôtellerie,Toucountouna,+229 61 57 19 46,,,PME (10-50),B2C,CCIB Annuaire,,Actif,2026-06-29T00:14:35.853701,basse
BJ-1290BC5B,Auberge Palace Restaurant,Restauration & Hôtellerie,Toucountouna,+229 78 39 30 69,auberge.palace.restaurant@auberge.palace.restaurant.org,,PME (10-50),B2C,CCIB Annuaire,,Actif,2026-06-29T00:14:35.853712,moyenne
BJ-A5EA588D,Mer International Toucountouna,Restauration & Hôtellerie,Toucountouna,+229 75 77 13 78,,merinternationaltoucountouna.bj,Grande (>200),B2C,CCIB Annuaire,,Actif,2026-06-29T00:14:35.853725,moyenne
BJ-F83705A0,Village Toucountouna,Restauration & Hôtellerie,Toucountouna,+229 68 82 15 25,village.toucountouna@village.toucountouna.org,villagetoucountouna.bj,PME (10-50),B2C,CCIB Annuaire,,Actif,2026-06-29T00:14:35.853737,haute
BJ-F231B504,Hôtel Détente International,Restauration & Hôtellerie,Toucountouna,+229 99 47 33 23,hôtel.détente.international@hôtel.détente.international.org,hôteldétenteinternational.bj,TPE (<10),B2C,CCIB Annuaire,,Actif,2026-06-29T00:14:35.853750,haute
BJ-D03CA23C,Bar Jardin Hotel,Restauration & Hôtellerie,Boukoumbé,+229 75 15 78 48,bar.jardin.hotel@bar.jardin.hotel.benin,barjardinhotel.bj,PME (10-50),B2C,CCIB Annuaire,,Actif,2026-06-29T00:14:35.853784,haute
BJ-7D325D58,Brasserie Nouveau Hotel,Restauration & Hôtellerie,Boukoumbé,+229 39 34 31 26,,brasserienouveauhotel.bj,TPE (<10),B2C,CCIB Annuaire,,Actif,2026-06-29T00:14:35.853797,moyenne
BJ-69770260,Ambiance,Restauration & Hôtellerie,Boukoumbé,+229 23 43 17 31,ambiance@ambiance.benin,ambiance.bj,TPE (<10),B2C,CCIB Annuaire,,Actif,2026-06-29T00:14:35.853808,haute
BJ-11755060,Lac Restaurant Boukoumbé,Restauration & Hôtellerie,Boukoumbé,+229 52 64 28 65,lac.restaurant.boukoumbé@lac.restaurant.boukoumbé.com,lacrestaurantboukoumbé.bj,Grande (>200),B2C,CCIB Annuaire,,Actif,2026-06-29T00:14:35.853824,haute
BJ-5C72CD4A,Grand,Restauration & Hôtellerie,Kouandé,+229 42 73 91 62,grand@grand.net,grand.bj,PME (10-50),B2C,CCIB Annuaire,,Actif,2026-06-29T00:14:35.853853,haute
BJ-6D8B0F33,Ambiance Inn,Restauration & Hôtellerie,Kouandé,+229 66 95 15 14,ambiance.inn@ambiance.inn.bj,,PME (10-50),B2C,CCIB Annuaire,,Actif,2026-06-29T00:14:35.853865,moyenne
BJ-3EF3E5EB,Auberge Royal Brasserie Kouandé,Restauration & Hôtellerie,Kouandé,+229 78 83 65 70,auberge.royal.brasserie.kouandé@auberge.royal.brasserie.kouandé.net,,PME (10-50),B2C,CCIB Annuaire,,Actif,2026-06-29T00:14:35.853877,moyenne
BJ-AE3A2DB8,Mer,Restauration & Hôtellerie,Kouandé,+229 95 49 60 41,mer@mer.com,mer.bj,PME (50-200),B2C,CCIB Annuaire,,Actif,2026-06-29T00:14:35.853897,haute
BJ-964CC24C,Détente Hotel,Restauration & Hôtellerie,Kouandé,+229 28 99 66 54,,,TPE (<10),B2C,CCIB Annuaire,,Actif,2026-06-29T00:14:35.853910,basse
BJ-EEFF914F,Café Saveur Restaurant,Restauration & Hôtellerie,Péhunco,+229 76 49 29 32,café.saveur.restaurant@café.saveur.restaurant.net,cafésaveurrestaurant.bj,TPE (<10),B2C,CCIB Annuaire,,Actif,2026-06-29T00:14:35.853929,haute
BJ-0C9BB131,Brasserie Grand Inn,Restauration & Hôtellerie,Péhunco,+229 38 67 59 67,brasserie.grand.inn@brasserie.grand.inn.org,brasseriegrandinn.bj,PME (10-50),B2C,CCIB Annuaire,,Actif,2026-06-29T00:14:35.853942,haute
BJ-33C9D275,Auberge Palace International,Restauration & Hôtellerie,Péhunco,+229 45 13 77 69,,aubergepalaceinternational.bj,PME (10-50),B2C,CCIB Annuaire,,Actif,2026-06-29T00:14:35.853957,moyenne
BJ-EECF380F,Restaurant Jardin,Restauration & Hôtellerie,Péhunco,+229 51 57 70 19,restaurant.jardin@restaurant.jardin.bj,,PME (10-50),B2C,CCIB Annuaire,,Actif,2026-06-29T00:14:35.853972,moyenne
BJ-361371B5,Royal,Restauration & Hôtellerie,Péhunco,+229 92 51 31 20,,royal.bj,PME (10-50),B2C,CCIB Annuaire,,Actif,2026-06-29T00:14:35.853983,moyenne
BJ-A5FF9A7D,Hôtel Grand Bénin,Restauration & Hôtellerie,Tchaourou,+229 83 71 55 37,hôtel.grand.bénin@hôtel.grand.bénin.com,hôtelgrandbénin.bj,TPE (<10),B2C,CCIB Annuaire,,Actif,2026-06-29T00:14:35.854001,haute
BJ-D7D6FBD6,Gourmet,Restauration & Hôtellerie,Tchaourou,+229 45 40 52 70,gourmet@gourmet.benin,gourmet.bj,PME (10-50),B2C,CCIB Annuaire,,Actif,2026-06-29T00:14:35.854016,haute
BJ-5AC73EFD,Auberge Village Hotel,Restauration & Hôtellerie,Tchaourou,+229 20 97 18 90,auberge.village.hotel@auberge.village.hotel.benin,aubergevillagehotel.bj,TPE (<10),B2C,CCIB Annuaire,,Actif,2026-06-29T00:14:35.854029,haute
BJ-66161D25,Brasserie Goût,Restauration & Hôtellerie,Tchaourou,+229 94 91 46 53,brasserie.goût@brasserie.goût.org,brasseriegoût.bj,PME (50-200),B2C,CCIB Annuaire,,Actif,2026-06-29T00:14:35.854041,haute
BJ-65DBFA2E,Nouveau Brasserie,Restauration & Hôtellerie,Tchaourou,+229 86 43 27 43,,,TPE (<10),B2C,CCIB Annuaire,,Actif,2026-06-29T00:14:35.854052,basse
BJ-6117B960,Brasserie Ambiance,Restauration & Hôtellerie,Nikki,+229 95 69 32 95,brasserie.ambiance@brasserie.ambiance.bj,brasserieambiance.bj,PME (50-200),B2C,CCIB Annuaire,,Actif,2026-06-29T00:14:35.854069,haute
BJ-634F8EEC,Grand,Restauration & Hôtellerie,Nikki,+229 46 70 57 67,grand@grand.bj,,PME (10-50),B2C,CCIB Annuaire,,Actif,2026-06-29T00:14:35.854080,moyenne
BJ-36F64163,Pension Saveur,Restauration & Hôtellerie,Nikki,+229 60 48 50 90,,pensionsaveur.bj,PME (50-200),B2C,CCIB Annuaire,,Actif,2026-06-29T00:14:35.854091,moyenne
BJ-92FBB81C,Café Royal,Restauration & Hôtellerie,Nikki,+229 72 65 34 51,café.royal@café.royal.benin,,TPE (<10),B2C,CCIB Annuaire,,Actif,2026-06-29T00:14:35.854110,moyenne
BJ-6BF69FBD,Village Brasserie,Restauration & Hôtellerie,Nikki,+229 38 66 65 83,village.brasserie@village.brasserie.com,villagebrasserie.bj,TPE (<10),B2C,CCIB Annuaire,,Actif,2026-06-29T00:14:35.854122,haute
BJ-465DA763,Bar Palace Café,Restauration & Hôtellerie,Bembéréké,+229 78 29 46 30,bar.palace.café@bar.palace.café.com,,TPE (<10),B2C,CCIB Annuaire,,Actif,2026-06-29T00:14:35.854141,moyenne
BJ-5D2780B1,Café Gourmet,Restauration & Hôtellerie,Bembéréké,+229 71 85 15 27,,cafégourmet.bj,TPE (<10),B2C,CCIB Annuaire,,Actif,2026-06-29T00:14:35.854152,moyenne
BJ-08414420,Brasserie Table Bembéréké,Restauration & Hôtellerie,Bembéréké,+229 63 54 48 76,,,PME (10-50),B2C,CCIB Annuaire,,Actif,2026-06-29T00:14:35.854163,basse
BJ-8157278C,Ambiance Bénin Bembéréké,Restauration & Hôtellerie,Bembéréké,+229 79 69 95 94,,,TPE (<10),B2C,CCIB Annuaire,,Actif,2026-06-29T00:14:35.854173,basse
BJ-252BBB79,Auberge Village Bénin,Restauration & Hôtellerie,Bembéréké,+229 76 11 81 24,,aubergevillagebénin.bj,PME (50-200),B2C,CCIB Annuaire,,Actif,2026-06-29T00:14:35.854185,moyenne
BJ-8C26BCB7,Hôtel Plage Brasserie Kalalé,Restauration & Hôtellerie,Kalalé,+229 89 22 76 56,hôtel.plage.brasserie.kalalé@hôtel.plage.brasserie.kalalé.net,hôtelplagebrasseriekalalé.bj,PME (50-200),B2C,CCIB Annuaire,,Actif,2026-06-29T00:14:35.854203,haute
BJ-244572ED,Restaurant Jardin,Restauration & Hôtellerie,Kalalé,+229 39 91 78 55,restaurant.jardin@restaurant.jardin.benin,restaurantjardin.bj,TPE (<10),B2C,CCIB Annuaire,,Actif,2026-06-29T00:14:35.854215,haute
BJ-E419AAB2,Bar Grand Brasserie,Restauration & Hôtellerie,Kalalé,+229 48 59 30 88,bar.grand.brasserie@bar.grand.brasserie.com,bargrandbrasserie.bj,TPE (<10),B2C,CCIB Annuaire,,Actif,2026-06-29T00:14:35.854230,haute
BJ-F8AE7441,Café Table,Restauration & Hôtellerie,Kalalé,+229 65 25 41 99,,cafétable.bj,TPE (<10),B2C,CCIB Annuaire,,Actif,2026-06-29T00:14:35.854244,moyenne
BJ-36D416EE,Hôtel Lac Kalalé,Restauration & Hôtellerie,Kalalé,+229 55 90 84 86,hôtel.lac.kalalé@hôtel.lac.kalalé.benin,hôtellackalalé.bj,TPE (<10),B2C,CCIB Annuaire,,Actif,2026-06-29T00:14:35.854257,haute
BJ-87BBC482,Gourmet Inn,Restauration & Hôtellerie,Ndali,+229 93 51 44 57,,gourmetinn.bj,PME (50-200),B2C,CCIB Annuaire,,Actif,2026-06-29T00:14:35.854277,moyenne
BJ-9C3A117B,Lac,Restauration & Hôtellerie,Ndali,+229 87 14 47 17,,,TPE (<10),B2C,CCIB Annuaire,,Actif,2026-06-29T00:14:35.854289,basse
BJ-02945CF9,Gourmet Bénin,Restauration & Hôtellerie,Ndali,+229 90 89 64 48,,gourmetbénin.bj,Grande (>200),B2C,CCIB Annuaire,,Actif,2026-06-29T00:14:35.854300,moyenne
BJ-02D4D7A4,Jardin Hotel Ndali,Restauration & Hôtellerie,Ndali,+229 53 75 97 29,,jardinhotelndali.bj,PME (50-200),B2C,CCIB Annuaire,,Actif,2026-06-29T00:14:35.854311,moyenne
BJ-32CC9820,Ambiance Inn,Restauration & Hôtellerie,Ndali,+229 58 66 16 58,ambiance.inn@ambiance.inn.bj,,PME (50-200),B2C,CCIB Annuaire,,Actif,2026-06-29T00:14:35.854325,moyenne
BJ-1D8C3E0C,Brasserie Ambiance,Restauration & Hôtellerie,Ségbana,+229 81 51 19 37,brasserie.ambiance@brasserie.ambiance.bj,brasserieambiance.bj,PME (10-50),B2C,CCIB Annuaire,,Actif,2026-06-29T00:14:35.854344,haute
BJ-BBF799DD,Grand Restaurant,Restauration & Hôtellerie,Ségbana,+229 64 86 63 27,,,TPE (<10),B2C,CCIB Annuaire,,Actif,2026-06-29T00:14:35.854354,basse
BJ-0619639E,Village Ségbana,Restauration & Hôtellerie,Ségbana,+229 63 90 70 91,village.ségbana@village.ségbana.benin,,Grande (>200),B2C,CCIB Annuaire,,Actif,2026-06-29T00:14:35.854367,moyenne
BJ-4DD7F1F2,Nouveau,Restauration & Hôtellerie,Ségbana,+229 45 30 14 50,,,PME (10-50),B2C,CCIB Annuaire,,Actif,2026-06-29T00:14:35.854380,basse
BJ-93918875,Jardin International,Restauration & Hôtellerie,Ségbana,+229 21 68 99 91,jardin.international@jardin.international.org,,PME (10-50),B2C,CCIB Annuaire,,Actif,2026-06-29T00:14:35.854391,moyenne
BJ-0AC3318B,Plage,Restauration & Hôtellerie,Tchaourou,+229 30 43 12 32,plage@plage.com,plage.bj,PME (10-50),B2C,CCIB Annuaire,,Actif,2026-06-29T00:14:35.854409,haute
BJ-22EFA5C8,Café Table Bénin,Restauration & Hôtellerie,Tchaourou,+229 47 70 36 61,,cafétablebénin.bj,PME (10-50),B2C,CCIB Annuaire,,Actif,2026-06-29T00:14:35.854421,moyenne
BJ-81D4608D,Lac Palace,Restauration & Hôtellerie,Tchaourou,+229 99 43 91 49,,lacpalace.bj,PME (50-200),B2C,CCIB Annuaire,,Actif,2026-06-29T00:14:35.854435,moyenne
BJ-770D4F01,Lac,Restauration & Hôtellerie,Tchaourou,+229 43 65 21 90,lac@lac.net,lac.bj,TPE (<10),B2C,CCIB Annuaire,,Actif,2026-06-29T00:14:35.854448,haute
BJ-70A10607,Royal Brasserie,Restauration & Hôtellerie,Tchaourou,+229 79 54 81 34,royal.brasserie@royal.brasserie.benin,,PME (10-50),B2C,CCIB Annuaire,,Actif,2026-06-29T00:14:35.854459,moyenne
BJ-DC725B8B,Café Gourmet Bétérou,Restauration & Hôtellerie,Bétérou,+229 92 85 19 52,,cafégourmetbétérou.bj,PME (10-50),B2C,CCIB Annuaire,,Actif,2026-06-29T00:14:35.854477,moyenne
BJ-4D616A6A,Restaurant Détente International,Restauration & Hôtellerie,Bétérou,+229 85 96 22 10,restaurant.détente.international@restaurant.détente.international.bj,restaurantdétenteinternational.bj,PME (50-200),B2C,CCIB Annuaire,,Actif,2026-06-29T00:14:35.854490,haute
BJ-5EF3A408,Bar Plage,Restauration & Hôtellerie,Bétérou,+229 62 80 30 64,,barplage.bj,TPE (<10),B2C,CCIB Annuaire,,Actif,2026-06-29T00:14:35.854501,moyenne
BJ-DE182421,Palace,Restauration & Hôtellerie,Bétérou,+229 70 46 37 92,,palace.bj,PME (10-50),B2C,CCIB Annuaire,,Actif,2026-06-29T00:14:35.854515,moyenne
BJ-4C5BD28D,Hôtel Goût Bénin Bétérou,Restauration & Hôtellerie,Bétérou,+229 51 79 69 66,,,PME (10-50),B2C,CCIB Annuaire,,Actif,2026-06-29T00:14:35.854525,basse
BJ-42B7B9DD,Bar Jardin International,Restauration & Hôtellerie,Ouessè,+229 88 85 22 36,,barjardininternational.bj,PME (10-50),B2C,CCIB Annuaire,,Actif,2026-06-29T00:14:35.854561,moyenne
BJ-8EC8D12B,Restaurant Goût,Restauration & Hôtellerie,Ouessè,+229 21 38 19 38,restaurant.goût@restaurant.goût.benin,restaurantgoût.bj,PME (50-200),B2C,CCIB Annuaire,,Actif,2026-06-29T00:14:35.854574,haute
BJ-25801FBA,Table,Restauration & Hôtellerie,Ouessè,+229 84 87 80 65,,,TPE (<10),B2C,CCIB Annuaire,,Actif,2026-06-29T00:14:35.854584,basse
BJ-26F25BBC,Brasserie Royal,Restauration & Hôtellerie,Ouessè,+229 96 64 89 64,brasserie.royal@brasserie.royal.bj,brasserieroyal.bj,TPE (<10),B2C,CCIB Annuaire,,Actif,2026-06-29T00:14:35.854595,haute
BJ-6F27BD66,Pension Plage Ouessè,Restauration & Hôtellerie,Ouessè,+229 36 96 28 85,,,TPE (<10),B2C,CCIB Annuaire,,Actif,2026-06-29T00:14:35.854606,basse
BJ-FCCE4E4C,Royal,Restauration & Hôtellerie,Glazoué,+229 90 79 83 87,,,TPE (<10),B2C,CCIB Annuaire,,Actif,2026-06-29T00:14:35.854621,basse
BJ-F2617003,Auberge Plage,Restauration & Hôtellerie,Glazoué,+229 47 39 34 94,auberge.plage@auberge.plage.bj,,PME (10-50),B2C,CCIB Annuaire,,Actif,2026-06-29T00:14:35.854633,moyenne
BJ-1764D3C9,Brasserie Lac Café,Restauration & Hôtellerie,Glazoué,+229 75 97 68 68,,brasserielaccafé.bj,TPE (<10),B2C,CCIB Annuaire,,Actif,2026-06-29T00:14:35.854644,moyenne
BJ-0519F94C,Table Bénin,Restauration & Hôtellerie,Glazoué,+229 76 56 13 51,,tablebénin.bj,PME (50-200),B2C,CCIB Annuaire,,Actif,2026-06-29T00:14:35.854659,moyenne
BJ-51CDDD5C,Brasserie Goût,Restauration & Hôtellerie,Glazoué,+229 67 18 53 82,brasserie.goût@brasserie.goût.com,,TPE (<10),B2C,CCIB Annuaire,,Actif,2026-06-29T00:14:35.854677,moyenne
BJ-41CD9568,Table Brasserie,Restauration & Hôtellerie,Dassa-Zoumè,+229 57 88 36 93,table.brasserie@table.brasserie.org,tablebrasserie.bj,Grande (>200),B2C,CCIB Annuaire,,Actif,2026-06-29T00:14:35.854694,haute
BJ-F8AAF5AA,Auberge Goût Brasserie Dassa-Zoumè,Restauration & Hôtellerie,Dassa-Zoumè,+229 72 34 70 64,,,PME (50-200),B2C,CCIB Annuaire,,Actif,2026-06-29T00:14:35.854705,basse
BJ-D4A8E480,Bar Table Bénin,Restauration & Hôtellerie,Dassa-Zoumè,+229 99 59 52 40,,,PME (10-50),B2C,CCIB Annuaire,,Actif,2026-06-29T00:14:35.854715,basse
BJ-3BA60059,Détente Brasserie Dassa-Zoumè,Restauration & Hôtellerie,Dassa-Zoumè,+229 96 67 26 50,détente.brasserie.dassazoumè@détente.brasserie.dassazoumè.bj,détentebrasseriedassazoumè.bj,TPE (<10),B2C,CCIB Annuaire,,Actif,2026-06-29T00:14:35.854728,haute
BJ-4234DA49,Auberge Plage Hotel,Restauration & Hôtellerie,Dassa-Zoumè,+229 54 78 16 88,auberge.plage.hotel@auberge.plage.hotel.com,,TPE (<10),B2C,CCIB Annuaire,,Actif,2026-06-29T00:14:35.854739,moyenne
BJ-2D32A248,Restaurant Mer Bénin Savalou,Restauration & Hôtellerie,Savalou,+229 65 17 62 49,restaurant.mer.bénin.savalou@restaurant.mer.bénin.savalou.com,,PME (10-50),B2C,CCIB Annuaire,,Actif,2026-06-29T00:14:35.854757,moyenne
BJ-CB93F8F8,Plage Café,Restauration & Hôtellerie,Savalou,+229 42 98 22 11,,plagecafé.bj,PME (10-50),B2C,CCIB Annuaire,,Actif,2026-06-29T00:14:35.854768,moyenne
BJ-30432087,Pension Détente,Restauration & Hôtellerie,Savalou,+229 99 21 19 53,,pensiondétente.bj,Grande (>200),B2C,CCIB Annuaire,,Actif,2026-06-29T00:14:35.854780,moyenne
BJ-89042CD5,Bar Plage,Restauration & Hôtellerie,Savalou,+229 55 68 96 80,bar.plage@bar.plage.bj,barplage.bj,TPE (<10),B2C,CCIB Annuaire,,Actif,2026-06-29T00:14:35.854795,haute
BJ-07E188D3,Restaurant Plage,Restauration & Hôtellerie,Savalou,+229 64 54 12 25,,,Grande (>200),B2C,CCIB Annuaire,,Actif,2026-06-29T00:14:35.854806,basse
BJ-370D08B3,Hôtel Village Bantè,Restauration & Hôtellerie,Bantè,+229 81 57 54 62,hôtel.village.bantè@hôtel.village.bantè.benin,,Grande (>200),B2C,CCIB Annuaire,,Actif,2026-06-29T00:14:35.854823,moyenne
BJ-97DC519D,Brasserie Gourmet,Restauration & Hôtellerie,Bantè,+229 89 97 88 58,,,TPE (<10),B2C,CCIB Annuaire,,Actif,2026-06-29T00:14:35.854834,basse
BJ-B5457604,Restaurant Table,Restauration & Hôtellerie,Bantè,+229 29 49 94 48,restaurant.table@restaurant.table.net,restauranttable.bj,PME (10-50),B2C,CCIB Annuaire,,Actif,2026-06-29T00:14:35.854857,haute
BJ-11306C62,Plage,Restauration & Hôtellerie,Bantè,+229 20 46 57 80,,,TPE (<10),B2C,CCIB Annuaire,,Actif,2026-06-29T00:14:35.854868,basse
BJ-6A02615C,Bar Village Bénin,Restauration & Hôtellerie,Djougou,+229 81 84 95 84,,barvillagebénin.bj,TPE (<10),B2C,CCIB Annuaire,,Actif,2026-06-29T00:14:35.854885,moyenne
BJ-7C70A9FB,Auberge Royal,Restauration & Hôtellerie,Djougou,+229 98 47 60 99,,,TPE (<10),B2C,CCIB Annuaire,,Actif,2026-06-29T00:14:35.854907,basse
BJ-DB77FDE7,Plage,Restauration & Hôtellerie,Djougou,+229 30 55 10 66,,plage.bj,TPE (<10),B2C,CCIB Annuaire,,Actif,2026-06-29T00:14:35.854918,moyenne
BJ-11BBC70D,Plage Palace,Restauration & Hôtellerie,Djougou,+229 38 16 32 66,,plagepalace.bj,PME (50-200),B2C,CCIB Annuaire,,Actif,2026-06-29T00:14:35.854932,moyenne
BJ-5337C3E5,Détente,Restauration & Hôtellerie,Djougou,+229 90 81 63 98,,détente.bj,Grande (>200),B2C,CCIB Annuaire,,Actif,2026-06-29T00:14:35.854944,moyenne
BJ-312A21E5,Jardin Bénin Ouèssè,Restauration & Hôtellerie,Ouèssè,+229 59 46 57 46,jardin.bénin.ouèssè@jardin.bénin.ouèssè.benin,jardinbéninouèssè.bj,TPE (<10),B2C,CCIB Annuaire,,Actif,2026-06-29T00:14:35.854962,haute
BJ-70D94EC1,Pension Saveur,Restauration & Hôtellerie,Ouèssè,+229 85 80 84 77,pension.saveur@pension.saveur.com,pensionsaveur.bj,PME (50-200),B2C,CCIB Annuaire,,Actif,2026-06-29T00:14:35.854975,haute
BJ-04A8CBAF,Jardin Palace,Restauration & Hôtellerie,Ouèssè,+229 64 40 83 18,,jardinpalace.bj,PME (10-50),B2C,CCIB Annuaire,,Actif,2026-06-29T00:14:35.854986,moyenne
BJ-AD63A4E4,Restaurant Gourmet,Restauration & Hôtellerie,Ouèssè,+229 26 70 30 56,restaurant.gourmet@restaurant.gourmet.com,restaurantgourmet.bj,TPE (<10),B2C,CCIB Annuaire,,Actif,2026-06-29T00:14:35.854998,haute
BJ-96782F82,Bar Ambiance Restaurant,Restauration & Hôtellerie,Ouèssè,+229 37 65 30 52,bar.ambiance.restaurant@bar.ambiance.restaurant.bj,barambiancerestaurant.bj,TPE (<10),B2C,CCIB Annuaire,,Actif,2026-06-29T00:14:35.855010,haute
BJ-74BB2A70,Auberge Lac,Restauration & Hôtellerie,Bassila,+229 78 33 49 37,auberge.lac@auberge.lac.benin,aubergelac.bj,PME (10-50),B2C,CCIB Annuaire,,Actif,2026-06-29T00:14:35.855028,haute
BJ-B73D1136,Grand,Restauration & Hôtellerie,Bassila,+229 43 42 72 73,,grand.bj,TPE (<10),B2C,CCIB Annuaire,,Actif,2026-06-29T00:14:35.855038,moyenne
BJ-CB7DFDA6,Lac Bassila,Restauration & Hôtellerie,Bassila,+229 38 10 61 35,lac.bassila@lac.bassila.org,lacbassila.bj,TPE (<10),B2C,CCIB Annuaire,,Actif,2026-06-29T00:14:35.855054,haute
BJ-A592C44D,Plage Inn,Restauration & Hôtellerie,Bassila,+229 33 68 97 35,plage.inn@plage.inn.com,plageinn.bj,Grande (>200),B2C,CCIB Annuaire,,Actif,2026-06-29T00:14:35.855069,haute
BJ-5CDAA12D,Restaurant Mer Bassila,Restauration & Hôtellerie,Bassila,+229 49 75 37 98,,,TPE (<10),B2C,CCIB Annuaire,,Actif,2026-06-29T00:14:35.855082,basse
BJ-976FB06A,Grand Palace,Restauration & Hôtellerie,Pehunco,+229 45 99 99 23,grand.palace@grand.palace.com,,PME (10-50),B2C,CCIB Annuaire,,Actif,2026-06-29T00:14:35.855099,moyenne
BJ-F36F45DB,Brasserie Saveur Restaurant Pehunco,Restauration & Hôtellerie,Pehunco,+229 55 78 38 28,brasserie.saveur.restaurant.pehunco@brasserie.saveur.restaurant.pehunco.org,,PME (10-50),B2C,CCIB Annuaire,,Actif,2026-06-29T00:14:35.855111,moyenne
BJ-A43C1E89,Mer,Restauration & Hôtellerie,Pehunco,+229 31 79 37 68,mer@mer.org,,Grande (>200),B2C,CCIB Annuaire,,Actif,2026-06-29T00:14:35.855122,moyenne
BJ-1869629A,Café Royal Brasserie Pehunco,Restauration & Hôtellerie,Pehunco,+229 91 43 73 10,,caféroyalbrasseriepehunco.bj,TPE (<10),B2C,CCIB Annuaire,,Actif,2026-06-29T00:14:35.855134,moyenne
BJ-1A311FD0,Pension Palace Brasserie,Restauration & Hôtellerie,Pehunco,+229 56 34 86 84,pension.palace.brasserie@pension.palace.brasserie.com,pensionpalacebrasserie.bj,PME (10-50),B2C,CCIB Annuaire,,Actif,2026-06-29T00:14:35.855146,haute
BJ-465BE97E,Gourmet,Restauration & Hôtellerie,Copargo,+229 91 88 41 60,,gourmet.bj,TPE (<10),B2C,CCIB Annuaire,,Actif,2026-06-29T00:14:35.855162,moyenne
BJ-89D3BAB7,Brasserie Grand Copargo,Restauration & Hôtellerie,Copargo,+229 47 21 93 12,brasserie.grand.copargo@brasserie.grand.copargo.com,,PME (10-50),B2C,CCIB Annuaire,,Actif,2026-06-29T00:14:35.855173,moyenne
BJ-84574B2A,Plage Café,Restauration & Hôtellerie,Copargo,+229 51 84 53 94,plage.café@plage.café.net,,PME (10-50),B2C,CCIB Annuaire,,Actif,2026-06-29T00:14:35.855185,moyenne
BJ-2DBDD883,Mer,Restauration & Hôtellerie,Copargo,+229 34 24 84 21,,mer.bj,PME (10-50),B2C,CCIB Annuaire,,Actif,2026-06-29T00:14:35.855200,moyenne
BJ-9DC6DE4D,Café Palace Copargo,Restauration & Hôtellerie,Copargo,+229 34 45 29 18,café.palace.copargo@café.palace.copargo.com,,TPE (<10),B2C,CCIB Annuaire,,Actif,2026-06-29T00:14:35.855215,moyenne
BJ-B5860C0B,Urgence Clinique Cotonou,Santé & Pharmacie,Cotonou,+229 80 41 91 21,,,PME (10-50),B2C,CCIB Annuaire,,Actif,2026-06-29T00:14:35.855232,basse
BJ-FB7BC346,Hôpital Nouveau,Santé & Pharmacie,Cotonou,+229 24 94 55 66,,,Grande (>200),B2C,CCIB Annuaire,,Actif,2026-06-29T00:14:35.855254,basse
BJ-F6EE75E2,Médicament Hôpital,Santé & Pharmacie,Cotonou,+229 84 15 55 11,,médicamenthôpital.bj,PME (50-200),B2B,CCIB Annuaire,,Actif,2026-06-29T00:14:35.855275,moyenne
BJ-0D04159E,Pharmacie Guérison Abomey-Calavi,Santé & Pharmacie,Abomey-Calavi,+229 33 84 39 96,pharmacie.guérison.abomeycalavi@pharmacie.guérison.abomeycalavi.bj,,TPE (<10),B2B,CCIB Annuaire,,Actif,2026-06-29T00:14:35.855292,moyenne
BJ-73CEEAE4,Hôpital Saint Centre,Santé & Pharmacie,Abomey-Calavi,+229 64 54 40 93,hôpital.saint.centre@hôpital.saint.centre.benin,hôpitalsaintcentre.bj,PME (50-200),B2C,CCIB Annuaire,,Actif,2026-06-29T00:14:35.855318,haute
BJ-735C0019,Pharmacie Médicament Hôpital,Santé & Pharmacie,Abomey-Calavi,+229 44 84 63 10,pharmacie.médicament.hôpital@pharmacie.médicament.hôpital.bj,,TPE (<10),B2C,CCIB Annuaire,,Actif,2026-06-29T00:14:35.855333,moyenne
BJ-1E224ADF,Centre Royal Hôpital Abomey-Calavi,Santé & Pharmacie,Abomey-Calavi,+229 50 12 18 82,,centreroyalhôpitalabomeycalavi.bj,PME (10-50),B2B,CCIB Annuaire,,Actif,2026-06-29T00:14:35.855349,moyenne
BJ-6F9AB7BB,Soins,Santé & Pharmacie,Porto-Novo,+229 79 95 95 61,soins@soins.org,,TPE (<10),B2C,CCIB Annuaire,,Actif,2026-06-29T00:14:35.855366,moyenne
BJ-9E4AAA0F,Cabinet Sainte,Santé & Pharmacie,Porto-Novo,+229 72 80 19 70,,,Grande (>200),B2C,CCIB Annuaire,,Actif,2026-06-29T00:14:35.855377,basse
BJ-8A021FB1,Centre Soins Medical,Santé & Pharmacie,Porto-Novo,+229 78 81 56 64,centre.soins.medical@centre.soins.medical.net,,PME (10-50),B2B,CCIB Annuaire,,Actif,2026-06-29T00:14:35.855388,moyenne
BJ-97ACB2F1,Centre Médical,Santé & Pharmacie,Porto-Novo,+229 50 10 68 12,centre.médical@centre.médical.bj,centremédical.bj,TPE (<10),B2B,CCIB Annuaire,,Actif,2026-06-29T00:14:35.855401,haute
BJ-1A143391,Pharmacie Santé International Porto-Novo,Santé & Pharmacie,Porto-Novo,+229 68 93 33 74,pharmacie.santé.international.portonovo@pharmacie.santé.international.portonovo.bj,pharmaciesantéinternationalportonovo.bj,TPE (<10),B2B,CCIB Annuaire,,Actif,2026-06-29T00:14:35.855418,haute
BJ-FC6FDA6C,Bien-être,Santé & Pharmacie,Parakou,+229 80 69 68 94,bienêtre@bienêtre.org,bienêtre.bj,TPE (<10),B2B,CCIB Annuaire,,Actif,2026-06-29T00:14:35.855437,haute
BJ-2294353C,Royal,Santé & Pharmacie,Parakou,+229 21 50 48 54,royal@royal.com,royal.bj,TPE (<10),B2C,CCIB Annuaire,,Actif,2026-06-29T00:14:35.855449,haute
BJ-C17766AD,Clinique Vie Cabinet,Santé & Pharmacie,Parakou,+229 55 42 66 93,clinique.vie.cabinet@clinique.vie.cabinet.com,,TPE (<10),B2C,CCIB Annuaire,,Actif,2026-06-29T00:14:35.855461,moyenne
BJ-7ED13F65,Saint Hôpital,Santé & Pharmacie,Parakou,+229 64 22 79 26,saint.hôpital@saint.hôpital.org,,TPE (<10),B2C,CCIB Annuaire,,Actif,2026-06-29T00:14:35.855476,moyenne
BJ-2D58E6E2,Vie Bénin,Santé & Pharmacie,Parakou,+229 82 55 32 46,vie.bénin@vie.bénin.com,viebénin.bj,TPE (<10),B2B,CCIB Annuaire,,Actif,2026-06-29T00:14:35.855488,haute
BJ-B7346533,Hôpital Saint,Santé & Pharmacie,Bohicon,+229 97 21 84 10,hôpital.saint@hôpital.saint.org,,TPE (<10),B2B,CCIB Annuaire,,Actif,2026-06-29T00:14:35.855518,moyenne
BJ-9288CB2F,Hôpital Saint Clinique,Santé & Pharmacie,Bohicon,+229 50 26 54 20,hôpital.saint.clinique@hôpital.saint.clinique.net,hôpitalsaintclinique.bj,PME (10-50),B2B,CCIB Annuaire,,Actif,2026-06-29T00:14:35.855530,haute
BJ-F15FCAB8,Saint,Santé & Pharmacie,Bohicon,+229 34 23 24 63,,,PME (10-50),B2C,CCIB Annuaire,,Actif,2026-06-29T00:14:35.855540,basse
BJ-BD91F200,Laboratoire Emergency Pharmacie,Santé & Pharmacie,Bohicon,+229 49 81 22 91,laboratoire.emergency.pharmacie@laboratoire.emergency.pharmacie.net,,Grande (>200),B2C,CCIB Annuaire,,Actif,2026-06-29T00:14:35.855551,moyenne
BJ-1857C4CF,Laboratoire Urgence International Natitingou,Santé & Pharmacie,Natitingou,+229 37 69 45 74,laboratoire.urgence.international.natitingou@laboratoire.urgence.international.natitingou.net,,Grande (>200),B2B,CCIB Annuaire,,Actif,2026-06-29T00:14:35.855568,moyenne
BJ-EF5029B9,Hôpital Bien-être,Santé & Pharmacie,Natitingou,+229 75 45 46 75,hôpital.bienêtre@hôpital.bienêtre.bj,,TPE (<10),B2B,CCIB Annuaire,,Actif,2026-06-29T00:14:35.855580,moyenne
BJ-B811D97A,Clinique Central Cabinet Natitingou,Santé & Pharmacie,Natitingou,+229 55 32 10 40,,,TPE (<10),B2C,CCIB Annuaire,,Actif,2026-06-29T00:14:35.855594,basse
BJ-47F291CF,Royal,Santé & Pharmacie,Natitingou,+229 43 80 59 33,,royal.bj,PME (10-50),B2C,CCIB Annuaire,,Actif,2026-06-29T00:14:35.855607,moyenne
BJ-C59BC8CB,Cabinet Nouveau,Santé & Pharmacie,Natitingou,+229 93 58 10 77,cabinet.nouveau@cabinet.nouveau.net,cabinetnouveau.bj,TPE (<10),B2B,CCIB Annuaire,,Actif,2026-06-29T00:14:35.855619,haute
BJ-F2359C50,Cabinet Médicament Lokossa,Santé & Pharmacie,Lokossa,+229 21 91 79 27,cabinet.médicament.lokossa@cabinet.médicament.lokossa.benin,cabinetmédicamentlokossa.bj,Grande (>200),B2C,CCIB Annuaire,,Actif,2026-06-29T00:14:35.855642,haute
BJ-B96A0B30,Sainte Pharmacie,Santé & Pharmacie,Lokossa,+229 25 56 40 74,sainte.pharmacie@sainte.pharmacie.com,,TPE (<10),B2C,CCIB Annuaire,,Actif,2026-06-29T00:14:35.855654,moyenne
BJ-7E80BEE8,Central,Santé & Pharmacie,Lokossa,+229 22 80 88 36,central@central.com,,PME (10-50),B2B,CCIB Annuaire,,Actif,2026-06-29T00:14:35.855665,moyenne
BJ-3FCBBA2E,Vie,Santé & Pharmacie,Lokossa,+229 49 86 47 90,,vie.bj,TPE (<10),B2B,CCIB Annuaire,,Actif,2026-06-29T00:14:35.855676,moyenne
BJ-5EEE62DD,Vie Medical,Santé & Pharmacie,Ouidah,+229 86 64 19 43,,viemedical.bj,PME (10-50),B2B,CCIB Annuaire,,Actif,2026-06-29T00:14:35.855703,moyenne
BJ-0C9C7DE2,Guérison Ouidah,Santé & Pharmacie,Ouidah,+229 83 88 18 89,guérison.ouidah@guérison.ouidah.bj,,PME (10-50),B2B,CCIB Annuaire,,Actif,2026-06-29T00:14:35.855726,moyenne
BJ-0887E635,Vie,Santé & Pharmacie,Ouidah,+229 30 57 22 37,vie@vie.com,,TPE (<10),B2C,CCIB Annuaire,,Actif,2026-06-29T00:14:35.855765,moyenne
BJ-DC45A32D,Cabinet Urgence,Santé & Pharmacie,Savalou,+229 68 29 44 66,,cabineturgence.bj,PME (10-50),B2B,CCIB Annuaire,,Actif,2026-06-29T00:14:35.855795,moyenne
BJ-55562642,Centre Médicament,Santé & Pharmacie,Savalou,+229 53 87 93 17,centre.médicament@centre.médicament.benin,,TPE (<10),B2B,CCIB Annuaire,,Actif,2026-06-29T00:14:35.855806,moyenne
BJ-70720B11,Clinique Médical Hôpital,Santé & Pharmacie,Savalou,+229 64 21 28 30,,,Grande (>200),B2B,CCIB Annuaire,,Actif,2026-06-29T00:14:35.855836,basse
BJ-7DEF41A6,Pharmacie Saint,Santé & Pharmacie,Savalou,+229 38 88 83 42,pharmacie.saint@pharmacie.saint.benin,pharmaciesaint.bj,TPE (<10),B2C,CCIB Annuaire,,Actif,2026-06-29T00:14:35.855862,haute
BJ-A48C4B13,Laboratoire Soins International,Santé & Pharmacie,Dassa-Zoumè,+229 67 42 38 31,laboratoire.soins.international@laboratoire.soins.international.net,laboratoiresoinsinternational.bj,PME (50-200),B2C,CCIB Annuaire,,Actif,2026-06-29T00:14:35.855906,haute
BJ-70BD1FA3,Pharmacie Sainte Hôpital,Santé & Pharmacie,Dassa-Zoumè,+229 69 74 75 51,pharmacie.sainte.hôpital@pharmacie.sainte.hôpital.com,,PME (10-50),B2B,CCIB Annuaire,,Actif,2026-06-29T00:14:35.855921,moyenne
BJ-A7210B28,Médical Cabinet,Santé & Pharmacie,Dassa-Zoumè,+229 93 55 84 45,médical.cabinet@médical.cabinet.benin,,TPE (<10),B2C,CCIB Annuaire,,Actif,2026-06-29T00:14:35.855949,moyenne
BJ-F384F793,Emergency Hôpital,Santé & Pharmacie,Dassa-Zoumè,+229 32 86 79 59,,,PME (10-50),B2B,CCIB Annuaire,,Actif,2026-06-29T00:14:35.855976,basse
BJ-5E594E93,Clinique Santé,Santé & Pharmacie,Kétou,+229 97 22 25 74,clinique.santé@clinique.santé.net,cliniquesanté.bj,PME (50-200),B2B,CCIB Annuaire,,Actif,2026-06-29T00:14:35.855995,haute
BJ-E5DFA828,Cabinet Médical Kétou,Santé & Pharmacie,Kétou,+229 68 87 36 25,cabinet.médical.kétou@cabinet.médical.kétou.benin,cabinetmédicalkétou.bj,TPE (<10),B2B,CCIB Annuaire,,Actif,2026-06-29T00:14:35.856007,haute
BJ-D6BB3737,Laboratoire Urgence Centre,Santé & Pharmacie,Kétou,+229 55 92 78 97,laboratoire.urgence.centre@laboratoire.urgence.centre.benin,laboratoireurgencecentre.bj,PME (10-50),B2B,CCIB Annuaire,,Actif,2026-06-29T00:14:35.856019,haute
BJ-D25DC444,Clinique Urgence Pharmacie,Santé & Pharmacie,Kétou,+229 35 77 82 48,clinique.urgence.pharmacie@clinique.urgence.pharmacie.org,cliniqueurgencepharmacie.bj,PME (10-50),B2B,CCIB Annuaire,,Actif,2026-06-29T00:14:35.856030,haute
BJ-CD275F1E,Centre Urgence,Santé & Pharmacie,Kétou,+229 73 91 93 34,centre.urgence@centre.urgence.com,centreurgence.bj,PME (50-200),B2B,CCIB Annuaire,,Actif,2026-06-29T00:14:35.856042,haute
BJ-D977734A,Royal,Santé & Pharmacie,Covè,+229 51 30 52 51,royal@royal.net,,PME (10-50),B2B,CCIB Annuaire,,Actif,2026-06-29T00:14:35.856058,moyenne
BJ-D104A254,Bien-être Medical,Santé & Pharmacie,Covè,+229 29 34 30 87,,,TPE (<10),B2C,CCIB Annuaire,,Actif,2026-06-29T00:14:35.856069,basse
BJ-E7B2FD70,Médicament Bénin Covè,Santé & Pharmacie,Covè,+229 34 70 73 16,,médicamentbénincovè.bj,PME (50-200),B2C,CCIB Annuaire,,Actif,2026-06-29T00:14:35.856080,moyenne
BJ-34990502,Pharmacie Vie Hôpital,Santé & Pharmacie,Covè,+229 73 55 76 61,pharmacie.vie.hôpital@pharmacie.vie.hôpital.net,pharmacieviehôpital.bj,TPE (<10),B2C,CCIB Annuaire,,Actif,2026-06-29T00:14:35.856095,haute
BJ-85E7ACE4,Centre Sainte,Santé & Pharmacie,Covè,+229 76 76 92 58,,,TPE (<10),B2B,CCIB Annuaire,,Actif,2026-06-29T00:14:35.856105,basse
BJ-E4EA2315,Centre Emergency Bénin,Santé & Pharmacie,Pobè,+229 76 46 94 62,centre.emergency.bénin@centre.emergency.bénin.org,centreemergencybénin.bj,PME (10-50),B2B,CCIB Annuaire,,Actif,2026-06-29T00:14:35.856123,haute
BJ-4DB3A07D,Médical Hôpital,Santé & Pharmacie,Pobè,+229 29 24 69 82,médical.hôpital@médical.hôpital.com,,TPE (<10),B2C,CCIB Annuaire,,Actif,2026-06-29T00:14:35.856141,moyenne
BJ-E1C2B64A,Pharmacie Nouveau,Santé & Pharmacie,Pobè,+229 42 25 27 91,pharmacie.nouveau@pharmacie.nouveau.org,,PME (50-200),B2C,CCIB Annuaire,,Actif,2026-06-29T00:14:35.856152,moyenne
BJ-4629F76F,Centre Emergency International,Santé & Pharmacie,Pobè,+229 69 52 35 50,,centreemergencyinternational.bj,TPE (<10),B2C,CCIB Annuaire,,Actif,2026-06-29T00:14:35.856166,moyenne
BJ-911CE011,Pharmacie Médical Cabinet,Santé & Pharmacie,Pobè,+229 22 52 61 30,,pharmaciemédicalcabinet.bj,TPE (<10),B2B,CCIB Annuaire,,Actif,2026-06-29T00:14:35.856177,moyenne
BJ-389EE48A,Hôpital Urgence,Santé & Pharmacie,Sakété,+229 90 18 21 83,hôpital.urgence@hôpital.urgence.com,hôpitalurgence.bj,PME (10-50),B2C,CCIB Annuaire,,Actif,2026-06-29T00:14:35.856194,haute
BJ-9EEB7F79,Guérison,Santé & Pharmacie,Sakété,+229 62 17 88 79,,,PME (10-50),B2B,CCIB Annuaire,,Actif,2026-06-29T00:14:35.856205,basse
BJ-B2D325A0,Cabinet Nouveau Bénin,Santé & Pharmacie,Sakété,+229 25 36 43 21,cabinet.nouveau.bénin@cabinet.nouveau.bénin.com,cabinetnouveaubénin.bj,PME (10-50),B2C,CCIB Annuaire,,Actif,2026-06-29T00:14:35.856217,haute
BJ-0B8B2823,Hôpital Médical,Santé & Pharmacie,Sakété,+229 82 15 39 93,hôpital.médical@hôpital.médical.org,,PME (10-50),B2C,CCIB Annuaire,,Actif,2026-06-29T00:14:35.856230,moyenne
BJ-8989C4F2,Nouveau Bénin,Santé & Pharmacie,Sakété,+229 58 72 19 11,nouveau.bénin@nouveau.bénin.org,nouveaubénin.bj,TPE (<10),B2B,CCIB Annuaire,,Actif,2026-06-29T00:14:35.856242,haute
BJ-4E6404B8,Pharma Adjara,Santé & Pharmacie,Adjara,+229 67 99 12 31,pharma.adjara@pharma.adjara.com,pharmaadjara.bj,PME (50-200),B2B,CCIB Annuaire,,Actif,2026-06-29T00:14:35.856260,haute
BJ-EE257A1E,Urgence Cabinet,Santé & Pharmacie,Adjara,+229 44 38 30 68,urgence.cabinet@urgence.cabinet.benin,,TPE (<10),B2C,CCIB Annuaire,,Actif,2026-06-29T00:14:35.856271,moyenne
BJ-3C6B0BC2,Saint,Santé & Pharmacie,Adjara,+229 82 99 20 61,saint@saint.net,,PME (50-200),B2B,CCIB Annuaire,,Actif,2026-06-29T00:14:35.856281,moyenne
BJ-9B1C25BD,Laboratoire Santé Adjara,Santé & Pharmacie,Adjara,+229 62 57 52 86,laboratoire.santé.adjara@laboratoire.santé.adjara.com,,TPE (<10),B2B,CCIB Annuaire,,Actif,2026-06-29T00:14:35.856293,moyenne
BJ-C80E6242,Laboratoire Saint,Santé & Pharmacie,Adjara,+229 57 62 22 88,laboratoire.saint@laboratoire.saint.bj,laboratoiresaint.bj,TPE (<10),B2C,CCIB Annuaire,,Actif,2026-06-29T00:14:35.856305,haute
BJ-AA43D4FB,Clinique Médicament Allada,Santé & Pharmacie,Allada,+229 90 54 16 59,clinique.médicament.allada@clinique.médicament.allada.net,cliniquemédicamentallada.bj,PME (50-200),B2C,CCIB Annuaire,,Actif,2026-06-29T00:14:35.856332,haute
BJ-5F51B16E,Médicament Allada,Santé & Pharmacie,Allada,+229 60 27 59 16,,,Grande (>200),B2B,CCIB Annuaire,,Actif,2026-06-29T00:14:35.856342,basse
BJ-2F0C5DA1,Centre Royal,Santé & Pharmacie,Allada,+229 86 55 86 42,centre.royal@centre.royal.bj,,TPE (<10),B2B,CCIB Annuaire,,Actif,2026-06-29T00:14:35.856360,moyenne
BJ-C167D832,Vie,Santé & Pharmacie,Allada,+229 57 53 32 32,vie@vie.bj,,TPE (<10),B2C,CCIB Annuaire,,Actif,2026-06-29T00:14:35.856371,moyenne
BJ-BA334155,Pharmacie Médical Aplahoué,Santé & Pharmacie,Aplahoué,+229 28 80 26 89,pharmacie.médical.aplahoué@pharmacie.médical.aplahoué.net,pharmaciemédicalaplahoué.bj,TPE (<10),B2B,CCIB Annuaire,,Actif,2026-06-29T00:14:35.856389,haute
BJ-E870622D,Médical Centre Aplahoué,Santé & Pharmacie,Aplahoué,+229 99 35 28 49,médical.centre.aplahoué@médical.centre.aplahoué.com,médicalcentreaplahoué.bj,TPE (<10),B2B,CCIB Annuaire,,Actif,2026-06-29T00:14:35.856402,haute
BJ-829E15EA,Bien-être,Santé & Pharmacie,Aplahoué,+229 75 56 41 63,bienêtre@bienêtre.com,bienêtre.bj,PME (50-200),B2B,CCIB Annuaire,,Actif,2026-06-29T00:14:35.856414,haute
BJ-EAE52B03,Santé,Santé & Pharmacie,Aplahoué,+229 48 95 21 67,,santé.bj,TPE (<10),B2B,CCIB Annuaire,,Actif,2026-06-29T00:14:35.856424,moyenne
BJ-A3082A3D,Royal Aplahoué,Santé & Pharmacie,Aplahoué,+229 41 80 33 34,royal.aplahoué@royal.aplahoué.org,royalaplahoué.bj,PME (10-50),B2C,CCIB Annuaire,,Actif,2026-06-29T00:14:35.856436,haute
BJ-42A47D39,Pharmacie Bien-être Clinique,Santé & Pharmacie,Dogbo-Tota,+229 49 32 53 23,pharmacie.bienêtre.clinique@pharmacie.bienêtre.clinique.com,pharmaciebienêtreclinique.bj,TPE (<10),B2C,CCIB Annuaire,,Actif,2026-06-29T00:14:35.856454,haute
BJ-D8598711,Centre Bien-être Bénin,Santé & Pharmacie,Dogbo-Tota,+229 84 67 48 50,centre.bienêtre.bénin@centre.bienêtre.bénin.benin,centrebienêtrebénin.bj,TPE (<10),B2C,CCIB Annuaire,,Actif,2026-06-29T00:14:35.856469,haute
BJ-B980AACC,Clinique Guérison,Santé & Pharmacie,Dogbo-Tota,+229 70 36 35 77,clinique.guérison@clinique.guérison.benin,,TPE (<10),B2C,CCIB Annuaire,,Actif,2026-06-29T00:14:35.856481,moyenne
BJ-F7F7942C,Centre Pharma Medical,Santé & Pharmacie,Dogbo-Tota,+229 69 33 23 74,centre.pharma.medical@centre.pharma.medical.com,centrepharmamedical.bj,PME (10-50),B2C,CCIB Annuaire,,Actif,2026-06-29T00:14:35.856495,haute
BJ-8EF25D4C,Nouveau Bénin,Santé & Pharmacie,Dogbo-Tota,+229 50 55 95 41,nouveau.bénin@nouveau.bénin.com,nouveaubénin.bj,Grande (>200),B2C,CCIB Annuaire,,Actif,2026-06-29T00:14:35.856507,haute
BJ-C5340CA3,Pharma,Santé & Pharmacie,Kpomassè,+229 36 38 54 72,pharma@pharma.bj,,PME (50-200),B2C,CCIB Annuaire,,Actif,2026-06-29T00:14:35.856524,moyenne
BJ-E549BF9E,Urgence Bénin,Santé & Pharmacie,Kpomassè,+229 34 66 38 80,urgence.bénin@urgence.bénin.net,urgencebénin.bj,TPE (<10),B2B,CCIB Annuaire,,Actif,2026-06-29T00:14:35.856536,haute
BJ-7F81D901,Santé Cabinet,Santé & Pharmacie,Kpomassè,+229 53 56 68 12,santé.cabinet@santé.cabinet.bj,santécabinet.bj,Grande (>200),B2C,CCIB Annuaire,,Actif,2026-06-29T00:14:35.856548,haute
BJ-D63F7664,Emergency Clinique,Santé & Pharmacie,Kpomassè,+229 54 46 22 69,,,PME (10-50),B2C,CCIB Annuaire,,Actif,2026-06-29T00:14:35.856561,basse
BJ-662A69BA,Médical,Santé & Pharmacie,Kpomassè,+229 83 98 79 23,,,TPE (<10),B2B,CCIB Annuaire,,Actif,2026-06-29T00:14:35.856571,basse
BJ-42717954,Hôpital Pharma Bénin,Santé & Pharmacie,Tori-Bossito,+229 73 67 59 14,hôpital.pharma.bénin@hôpital.pharma.bénin.org,hôpitalpharmabénin.bj,PME (50-200),B2C,CCIB Annuaire,,Actif,2026-06-29T00:14:35.856589,haute
BJ-2061B38B,Emergency Centre,Santé & Pharmacie,Tori-Bossito,+229 20 47 37 17,emergency.centre@emergency.centre.com,emergencycentre.bj,PME (10-50),B2B,CCIB Annuaire,,Actif,2026-06-29T00:14:35.856604,haute
BJ-52B6DD01,Royal,Santé & Pharmacie,Tori-Bossito,+229 66 14 71 44,royal@royal.com,,PME (50-200),B2C,CCIB Annuaire,,Actif,2026-06-29T00:14:35.856615,moyenne
BJ-5958BF7A,Soins Cabinet,Santé & Pharmacie,Tori-Bossito,+229 36 26 97 78,soins.cabinet@soins.cabinet.benin,soinscabinet.bj,PME (50-200),B2C,CCIB Annuaire,,Actif,2026-06-29T00:14:35.856640,haute
BJ-3F7E8E97,Urgence Cabinet Grand-Popo,Santé & Pharmacie,Grand-Popo,+229 27 92 81 73,urgence.cabinet.grandpopo@urgence.cabinet.grandpopo.bj,,PME (10-50),B2C,CCIB Annuaire,,Actif,2026-06-29T00:14:35.856657,moyenne
BJ-C16471C7,Pharmacie Nouveau,Santé & Pharmacie,Grand-Popo,+229 62 98 76 62,pharmacie.nouveau@pharmacie.nouveau.org,,TPE (<10),B2B,CCIB Annuaire,,Actif,2026-06-29T00:14:35.856668,moyenne
BJ-E59BAE24,Centre Urgence Grand-Popo,Santé & Pharmacie,Grand-Popo,+229 26 28 60 39,,,PME (10-50),B2B,CCIB Annuaire,,Actif,2026-06-29T00:14:35.856678,basse
BJ-3BFEDFCC,Pharmacie Santé Clinique,Santé & Pharmacie,Grand-Popo,+229 79 41 98 69,pharmacie.santé.clinique@pharmacie.santé.clinique.org,pharmaciesantéclinique.bj,PME (50-200),B2C,CCIB Annuaire,,Actif,2026-06-29T00:14:35.856690,haute
BJ-46A2E186,Cabinet Sainte,Santé & Pharmacie,Grand-Popo,+229 82 97 27 52,cabinet.sainte@cabinet.sainte.benin,cabinetsainte.bj,TPE (<10),B2B,CCIB Annuaire,,Actif,2026-06-29T00:14:35.856702,haute
BJ-89C11C01,Nouveau,Santé & Pharmacie,Athiémé,+229 49 94 75 31,nouveau@nouveau.org,,PME (50-200),B2B,CCIB Annuaire,,Actif,2026-06-29T00:14:35.856717,moyenne
BJ-E8D6D93C,Guérison International,Santé & Pharmacie,Athiémé,+229 72 54 37 11,guérison.international@guérison.international.net,,TPE (<10),B2B,CCIB Annuaire,,Actif,2026-06-29T00:14:35.856729,moyenne
BJ-B28669DE,Médical,Santé & Pharmacie,Athiémé,+229 83 90 77 90,médical@médical.org,médical.bj,TPE (<10),B2B,CCIB Annuaire,,Actif,2026-06-29T00:14:35.856740,haute
BJ-690F4B78,Royal Medical,Santé & Pharmacie,Athiémé,+229 76 15 50 94,royal.medical@royal.medical.benin,royalmedical.bj,TPE (<10),B2B,CCIB Annuaire,,Actif,2026-06-29T00:14:35.856754,haute
BJ-FF97BA5D,Hôpital Emergency Centre Athiémé,Santé & Pharmacie,Athiémé,+229 57 11 78 41,hôpital.emergency.centre.athiémé@hôpital.emergency.centre.athiémé.org,hôpitalemergencycentreathiémé.bj,TPE (<10),B2C,CCIB Annuaire,,Actif,2026-06-29T00:14:35.856781,haute
BJ-7A88D30E,Hôpital Pharma Pharmacie Bopa,Santé & Pharmacie,Bopa,+229 45 11 97 16,hôpital.pharma.pharmacie.bopa@hôpital.pharma.pharmacie.bopa.com,hôpitalpharmapharmaciebopa.bj,TPE (<10),B2B,CCIB Annuaire,,Actif,2026-06-29T00:14:35.856803,haute
BJ-A65595AD,Centre Médical Medical,Santé & Pharmacie,Bopa,+229 29 34 74 50,centre.médical.medical@centre.médical.medical.bj,centremédicalmedical.bj,PME (10-50),B2B,CCIB Annuaire,,Actif,2026-06-29T00:14:35.856816,haute
BJ-992780BD,Clinique Soins Clinique,Santé & Pharmacie,Bopa,+229 46 73 27 60,,cliniquesoinsclinique.bj,PME (10-50),B2C,CCIB Annuaire,,Actif,2026-06-29T00:14:35.856830,moyenne
BJ-AF6043F8,Cabinet Vie International,Santé & Pharmacie,Bopa,+229 88 80 45 79,cabinet.vie.international@cabinet.vie.international.bj,cabinetvieinternational.bj,PME (50-200),B2C,CCIB Annuaire,,Actif,2026-06-29T00:14:35.856846,haute
BJ-150D4E17,Pharmacie Nouveau Bénin,Santé & Pharmacie,Bopa,+229 81 36 61 22,pharmacie.nouveau.bénin@pharmacie.nouveau.bénin.net,,PME (10-50),B2C,CCIB Annuaire,,Actif,2026-06-29T00:14:35.856857,moyenne
BJ-A5D2B9A0,Sainte Medical,Santé & Pharmacie,Houéyogbé,+229 23 44 55 62,sainte.medical@sainte.medical.net,saintemedical.bj,TPE (<10),B2C,CCIB Annuaire,,Actif,2026-06-29T00:14:35.856875,haute
BJ-EB5D9349,Central,Santé & Pharmacie,Houéyogbé,+229 40 67 99 70,central@central.benin,,Grande (>200),B2C,CCIB Annuaire,,Actif,2026-06-29T00:14:35.856887,moyenne
BJ-87C76CCE,Soins Pharmacie,Santé & Pharmacie,Houéyogbé,+229 48 84 87 40,,,TPE (<10),B2B,CCIB Annuaire,,Actif,2026-06-29T00:14:35.856926,basse
BJ-1FB327D2,Guérison Medical,Santé & Pharmacie,Houéyogbé,+229 99 59 34 69,guérison.medical@guérison.medical.net,guérisonmedical.bj,Grande (>200),B2B,CCIB Annuaire,,Actif,2026-06-29T00:14:35.856944,haute
BJ-428EF7A8,Clinique Santé International,Santé & Pharmacie,Houéyogbé,+229 74 68 86 38,clinique.santé.international@clinique.santé.international.com,,PME (10-50),B2C,CCIB Annuaire,,Actif,2026-06-29T00:14:35.856957,moyenne
BJ-B2F6A753,Laboratoire Urgence International,Santé & Pharmacie,Malanville,+229 92 51 21 44,laboratoire.urgence.international@laboratoire.urgence.international.net,laboratoireurgenceinternational.bj,PME (50-200),B2B,CCIB Annuaire,,Actif,2026-06-29T00:14:35.856977,haute
BJ-80F16531,Centre Pharma,Santé & Pharmacie,Malanville,+229 41 45 38 27,,,PME (50-200),B2B,CCIB Annuaire,,Actif,2026-06-29T00:14:35.856988,basse
BJ-1F0A6332,Cabinet Central Hôpital Malanville,Santé & Pharmacie,Malanville,+229 84 47 58 82,cabinet.central.hôpital.malanville@cabinet.central.hôpital.malanville.benin,cabinetcentralhôpitalmalanville.bj,TPE (<10),B2B,CCIB Annuaire,,Actif,2026-06-29T00:14:35.857001,haute
BJ-F4408544,Cabinet Bien-être Bénin,Santé & Pharmacie,Malanville,+229 46 89 24 16,cabinet.bienêtre.bénin@cabinet.bienêtre.bénin.org,cabinetbienêtrebénin.bj,PME (50-200),B2B,CCIB Annuaire,,Actif,2026-06-29T00:14:35.857014,haute
BJ-2C8207AC,Urgence Malanville,Santé & Pharmacie,Malanville,+229 99 91 58 43,urgence.malanville@urgence.malanville.benin,,TPE (<10),B2C,CCIB Annuaire,,Actif,2026-06-29T00:14:35.857026,moyenne
BJ-09A5DF06,Clinique Vie,Santé & Pharmacie,Kandi,+229 35 91 21 10,clinique.vie@clinique.vie.bj,cliniquevie.bj,TPE (<10),B2B,CCIB Annuaire,,Actif,2026-06-29T00:14:35.857047,haute
BJ-BDC9F372,Bien-être,Santé & Pharmacie,Kandi,+229 68 50 37 36,bienêtre@bienêtre.bj,,TPE (<10),B2C,CCIB Annuaire,,Actif,2026-06-29T00:14:35.857060,moyenne
BJ-DDE38D34,Médicament,Santé & Pharmacie,Kandi,+229 47 43 93 80,,médicament.bj,TPE (<10),B2B,CCIB Annuaire,,Actif,2026-06-29T00:14:35.857074,moyenne
BJ-3C23F5E8,Centre Emergency Hôpital,Santé & Pharmacie,Kandi,+229 73 75 58 69,centre.emergency.hôpital@centre.emergency.hôpital.com,,PME (10-50),B2C,CCIB Annuaire,,Actif,2026-06-29T00:14:35.857104,moyenne
BJ-6AD9BE3D,Centre Médical Medical,Santé & Pharmacie,Banikoara,+229 24 64 46 36,centre.médical.medical@centre.médical.medical.bj,,PME (10-50),B2C,CCIB Annuaire,,Actif,2026-06-29T00:14:35.857122,moyenne
BJ-B2467578,Cabinet Royal,Santé & Pharmacie,Banikoara,+229 55 24 53 83,cabinet.royal@cabinet.royal.bj,cabinetroyal.bj,PME (50-200),B2B,CCIB Annuaire,,Actif,2026-06-29T00:14:35.857146,haute
BJ-3E29C19E,Centre Sainte,Santé & Pharmacie,Banikoara,+229 26 58 12 19,centre.sainte@centre.sainte.benin,centresainte.bj,PME (50-200),B2C,CCIB Annuaire,,Actif,2026-06-29T00:14:35.857158,haute
BJ-59E6C634,Royal,Santé & Pharmacie,Banikoara,+229 64 56 38 35,,royal.bj,PME (50-200),B2B,CCIB Annuaire,,Actif,2026-06-29T00:14:35.857169,moyenne
BJ-B8161AFA,Hôpital Sainte,Santé & Pharmacie,Ségbana,+229 62 68 34 66,,hôpitalsainte.bj,TPE (<10),B2C,CCIB Annuaire,,Actif,2026-06-29T00:14:35.857186,moyenne
BJ-D85031B7,Pharmacie Médicament Clinique,Santé & Pharmacie,Ségbana,+229 65 53 90 80,pharmacie.médicament.clinique@pharmacie.médicament.clinique.com,pharmaciemédicamentclinique.bj,TPE (<10),B2C,CCIB Annuaire,,Actif,2026-06-29T00:14:35.857202,haute
BJ-79C19811,Hôpital Vie Clinique Ségbana,Santé & Pharmacie,Ségbana,+229 53 46 41 57,hôpital.vie.clinique.ségbana@hôpital.vie.clinique.ségbana.benin,hôpitalviecliniqueségbana.bj,TPE (<10),B2C,CCIB Annuaire,,Actif,2026-06-29T00:14:35.857230,haute
BJ-1FBCE330,Vie International,Santé & Pharmacie,Ségbana,+229 62 45 55 41,vie.international@vie.international.org,vieinternational.bj,PME (10-50),B2C,CCIB Annuaire,,Actif,2026-06-29T00:14:35.857242,haute
BJ-06408C9E,Laboratoire Santé International,Santé & Pharmacie,Karimama,+229 45 21 61 57,laboratoire.santé.international@laboratoire.santé.international.benin,laboratoiresantéinternational.bj,TPE (<10),B2B,CCIB Annuaire,,Actif,2026-06-29T00:14:35.857261,haute
BJ-02009A6D,Royal Cabinet,Santé & Pharmacie,Karimama,+229 79 95 61 82,royal.cabinet@royal.cabinet.benin,royalcabinet.bj,PME (50-200),B2B,CCIB Annuaire,,Actif,2026-06-29T00:14:35.857273,haute
BJ-24E35D8D,Pharma,Santé & Pharmacie,Karimama,+229 22 89 62 41,pharma@pharma.bj,,PME (10-50),B2B,CCIB Annuaire,,Actif,2026-06-29T00:14:35.857284,moyenne
BJ-1EAAC2B0,Clinique Royal Karimama,Santé & Pharmacie,Karimama,+229 46 49 70 45,clinique.royal.karimama@clinique.royal.karimama.benin,cliniqueroyalkarimama.bj,PME (10-50),B2B,CCIB Annuaire,,Actif,2026-06-29T00:14:35.857313,haute
BJ-E3237649,Pharmacie Médicament,Santé & Pharmacie,Gogounou,+229 92 30 94 38,pharmacie.médicament@pharmacie.médicament.benin,pharmaciemédicament.bj,TPE (<10),B2B,CCIB Annuaire,,Actif,2026-06-29T00:14:35.857332,haute
BJ-64D6B2DB,Laboratoire Guérison Centre,Santé & Pharmacie,Gogounou,+229 79 70 23 82,,laboratoireguérisoncentre.bj,PME (10-50),B2C,CCIB Annuaire,,Actif,2026-06-29T00:14:35.857344,moyenne
BJ-18446FF0,Hôpital Saint Hôpital,Santé & Pharmacie,Gogounou,+229 81 38 64 10,,hôpitalsainthôpital.bj,PME (50-200),B2B,CCIB Annuaire,,Actif,2026-06-29T00:14:35.857355,moyenne
BJ-2BFB247D,Cabinet Saint Gogounou,Santé & Pharmacie,Gogounou,+229 24 70 65 50,cabinet.saint.gogounou@cabinet.saint.gogounou.bj,cabinetsaintgogounou.bj,PME (50-200),B2C,CCIB Annuaire,,Actif,2026-06-29T00:14:35.857370,haute
BJ-9D0CB49F,Cabinet Soins Gogounou,Santé & Pharmacie,Gogounou,+229 20 70 20 67,,cabinetsoinsgogounou.bj,TPE (<10),B2B,CCIB Annuaire,,Actif,2026-06-29T00:14:35.857382,moyenne
BJ-1BEBC8F1,Pharmacie Nouveau,Santé & Pharmacie,Cobly,+229 69 39 30 34,,,PME (10-50),B2B,CCIB Annuaire,,Actif,2026-06-29T00:14:35.857398,basse
BJ-0F2F98B5,Vie,Santé & Pharmacie,Cobly,+229 71 82 68 52,vie@vie.benin,vie.bj,TPE (<10),B2C,CCIB Annuaire,,Actif,2026-06-29T00:14:35.857410,haute
BJ-0208BE8F,Soins Cobly,Santé & Pharmacie,Cobly,+229 77 30 63 18,soins.cobly@soins.cobly.org,soinscobly.bj,PME (10-50),B2C,CCIB Annuaire,,Actif,2026-06-29T00:14:35.857422,haute
BJ-9E0235A4,Hôpital Guérison Hôpital,Santé & Pharmacie,Cobly,+229 53 48 71 93,,,TPE (<10),B2B,CCIB Annuaire,,Actif,2026-06-29T00:14:35.857432,basse
BJ-B9777848,Médical Tanguiéta,Santé & Pharmacie,Tanguiéta,+229 27 41 30 28,,médicaltanguiéta.bj,Grande (>200),B2C,CCIB Annuaire,,Actif,2026-06-29T00:14:35.857462,moyenne
BJ-F9BB144A,Hôpital Médicament,Santé & Pharmacie,Tanguiéta,+229 88 60 34 80,hôpital.médicament@hôpital.médicament.benin,,PME (50-200),B2B,CCIB Annuaire,,Actif,2026-06-29T00:14:35.857473,moyenne
BJ-41F76D6D,Cabinet Soins Pharmacie Tanguiéta,Santé & Pharmacie,Tanguiéta,+229 72 38 80 88,cabinet.soins.pharmacie.tanguiéta@cabinet.soins.pharmacie.tanguiéta.benin,,TPE (<10),B2C,CCIB Annuaire,,Actif,2026-06-29T00:14:35.857486,moyenne
BJ-0A665059,Médicament,Santé & Pharmacie,Tanguiéta,+229 83 96 66 32,médicament@médicament.org,médicament.bj,TPE (<10),B2C,CCIB Annuaire,,Actif,2026-06-29T00:14:35.857513,haute
BJ-69D965FC,Nouveau Centre,Santé & Pharmacie,Matéri,+229 61 95 46 64,,nouveaucentre.bj,PME (10-50),B2B,CCIB Annuaire,,Actif,2026-06-29T00:14:35.857530,moyenne
BJ-E48EBCC5,Pharma,Santé & Pharmacie,Matéri,+229 37 73 80 92,pharma@pharma.com,pharma.bj,PME (50-200),B2C,CCIB Annuaire,,Actif,2026-06-29T00:14:35.857544,haute
BJ-62AAF22B,Clinique Bien-être,Santé & Pharmacie,Matéri,+229 59 87 30 53,clinique.bienêtre@clinique.bienêtre.org,cliniquebienêtre.bj,TPE (<10),B2B,CCIB Annuaire,,Actif,2026-06-29T00:14:35.857557,haute
BJ-50EF6742,Clinique Soins,Santé & Pharmacie,Matéri,+229 31 39 48 16,clinique.soins@clinique.soins.bj,cliniquesoins.bj,TPE (<10),B2B,CCIB Annuaire,,Actif,2026-06-29T00:14:35.857569,haute
BJ-CD6D1EFC,Médicament Bénin,Santé & Pharmacie,Matéri,+229 61 66 36 78,,médicamentbénin.bj,TPE (<10),B2C,CCIB Annuaire,,Actif,2026-06-29T00:14:35.857584,moyenne
BJ-DE5B941D,Clinique Soins,Santé & Pharmacie,Natitingou,+229 66 62 89 15,,cliniquesoins.bj,PME (50-200),B2C,CCIB Annuaire,,Actif,2026-06-29T00:14:35.857601,moyenne
BJ-33183089,Médical Centre,Santé & Pharmacie,Natitingou,+229 96 26 86 97,,,TPE (<10),B2C,CCIB Annuaire,,Actif,2026-06-29T00:14:35.857611,basse
BJ-D7EAE053,Emergency Medical,Santé & Pharmacie,Natitingou,+229 97 39 23 57,,,Grande (>200),B2B,CCIB Annuaire,,Actif,2026-06-29T00:14:35.857621,basse
BJ-9CEED411,Médical International,Santé & Pharmacie,Natitingou,+229 32 21 59 76,médical.international@médical.international.com,médicalinternational.bj,Grande (>200),B2B,CCIB Annuaire,,Actif,2026-06-29T00:14:35.857636,haute
BJ-FE266326,Médical,Santé & Pharmacie,Natitingou,+229 54 83 80 84,,médical.bj,PME (10-50),B2C,CCIB Annuaire,,Actif,2026-06-29T00:14:35.857648,moyenne
BJ-0D849531,Cabinet Bien-être,Santé & Pharmacie,Toucountouna,+229 76 20 73 71,cabinet.bienêtre@cabinet.bienêtre.net,,PME (10-50),B2C,CCIB Annuaire,,Actif,2026-06-29T00:14:35.857665,moyenne
BJ-E634D9D5,Centre Soins Toucountouna,Santé & Pharmacie,Toucountouna,+229 89 18 15 84,centre.soins.toucountouna@centre.soins.toucountouna.com,,PME (50-200),B2C,CCIB Annuaire,,Actif,2026-06-29T00:14:35.857677,moyenne
BJ-803B4D26,Médical,Santé & Pharmacie,Toucountouna,+229 41 38 46 69,,,TPE (<10),B2C,CCIB Annuaire,,Actif,2026-06-29T00:14:35.857687,basse
BJ-28AA79C4,Saint Medical,Santé & Pharmacie,Toucountouna,+229 43 70 65 42,saint.medical@saint.medical.org,,PME (10-50),B2C,CCIB Annuaire,,Actif,2026-06-29T00:14:35.857698,moyenne
BJ-B4443913,Sainte Centre,Santé & Pharmacie,Toucountouna,+229 82 77 11 36,,saintecentre.bj,TPE (<10),B2C,CCIB Annuaire,,Actif,2026-06-29T00:14:35.857709,moyenne
BJ-49AA735D,Urgence,Santé & Pharmacie,Boukoumbé,+229 43 86 93 80,urgence@urgence.bj,urgence.bj,PME (10-50),B2B,CCIB Annuaire,,Actif,2026-06-29T00:14:35.857726,haute
BJ-74573FEB,Royal Boukoumbé,Santé & Pharmacie,Boukoumbé,+229 87 62 46 95,royal.boukoumbé@royal.boukoumbé.org,royalboukoumbé.bj,PME (10-50),B2C,CCIB Annuaire,,Actif,2026-06-29T00:14:35.857739,haute
BJ-6A579A1B,Laboratoire Soins Pharmacie,Santé & Pharmacie,Boukoumbé,+229 92 41 12 43,laboratoire.soins.pharmacie@laboratoire.soins.pharmacie.com,laboratoiresoinspharmacie.bj,TPE (<10),B2B,CCIB Annuaire,,Actif,2026-06-29T00:14:35.857755,haute
BJ-09B9B2C5,Sainte Boukoumbé,Santé & Pharmacie,Boukoumbé,+229 95 49 79 41,sainte.boukoumbé@sainte.boukoumbé.benin,,PME (10-50),B2B,CCIB Annuaire,,Actif,2026-06-29T00:14:35.857770,moyenne
BJ-62EA3464,Centre Pharma,Santé & Pharmacie,Boukoumbé,+229 73 46 95 70,,centrepharma.bj,PME (50-200),B2C,CCIB Annuaire,,Actif,2026-06-29T00:14:35.857782,moyenne
BJ-24AC647D,Laboratoire Médical Clinique Kouandé,Santé & Pharmacie,Kouandé,+229 95 31 99 38,laboratoire.médical.clinique.kouandé@laboratoire.médical.clinique.kouandé.benin,,TPE (<10),B2C,CCIB Annuaire,,Actif,2026-06-29T00:14:35.857799,moyenne
BJ-C52264EA,Urgence Medical,Santé & Pharmacie,Kouandé,+229 48 63 30 58,urgence.medical@urgence.medical.bj,,Grande (>200),B2C,CCIB Annuaire,,Actif,2026-06-29T00:14:35.857811,moyenne
BJ-08A99A8C,Clinique Santé Centre Kouandé,Santé & Pharmacie,Kouandé,+229 49 24 63 83,clinique.santé.centre.kouandé@clinique.santé.centre.kouandé.net,cliniquesantécentrekouandé.bj,PME (10-50),B2B,CCIB Annuaire,,Actif,2026-06-29T00:14:35.857824,haute
BJ-4E1C7357,Hôpital Vie,Santé & Pharmacie,Kouandé,+229 59 90 82 48,hôpital.vie@hôpital.vie.com,hôpitalvie.bj,TPE (<10),B2B,CCIB Annuaire,,Actif,2026-06-29T00:14:35.857836,haute
BJ-F177C7D6,Vie,Santé & Pharmacie,Kouandé,+229 55 95 26 27,,vie.bj,PME (10-50),B2B,CCIB Annuaire,,Actif,2026-06-29T00:14:35.857847,moyenne
BJ-96B674CD,Emergency Clinique,Santé & Pharmacie,Péhunco,+229 53 17 61 67,,,PME (10-50),B2C,CCIB Annuaire,,Actif,2026-06-29T00:14:35.857863,basse
BJ-66D1BB31,Emergency Bénin,Santé & Pharmacie,Péhunco,+229 22 81 93 26,emergency.bénin@emergency.bénin.com,emergencybénin.bj,PME (10-50),B2B,CCIB Annuaire,,Actif,2026-06-29T00:14:35.857876,haute
BJ-8E02539E,Centre Bien-être Medical,Santé & Pharmacie,Péhunco,+229 24 47 69 61,centre.bienêtre.medical@centre.bienêtre.medical.org,,TPE (<10),B2B,CCIB Annuaire,,Actif,2026-06-29T00:14:35.857915,moyenne
BJ-AE205947,Pharmacie Nouveau,Santé & Pharmacie,Péhunco,+229 76 91 49 44,,pharmacienouveau.bj,TPE (<10),B2B,CCIB Annuaire,,Actif,2026-06-29T00:14:35.857926,moyenne
BJ-493AA928,Laboratoire Médicament Centre,Santé & Pharmacie,Tchaourou,+229 31 22 94 93,laboratoire.médicament.centre@laboratoire.médicament.centre.net,laboratoiremédicamentcentre.bj,TPE (<10),B2C,CCIB Annuaire,,Actif,2026-06-29T00:14:35.857950,haute
BJ-E7DDCB95,Pharmacie Vie International,Santé & Pharmacie,Tchaourou,+229 63 41 49 95,pharmacie.vie.international@pharmacie.vie.international.benin,pharmacievieinternational.bj,PME (10-50),B2C,CCIB Annuaire,,Actif,2026-06-29T00:14:35.857969,haute
BJ-78234E33,Guérison,Santé & Pharmacie,Tchaourou,+229 95 29 28 36,,guérison.bj,PME (10-50),B2B,CCIB Annuaire,,Actif,2026-06-29T00:14:35.857981,moyenne
BJ-FD45060A,Centre Bien-être Centre,Santé & Pharmacie,Tchaourou,+229 94 87 10 41,centre.bienêtre.centre@centre.bienêtre.centre.bj,,PME (10-50),B2B,CCIB Annuaire,,Actif,2026-06-29T00:14:35.857992,moyenne
BJ-351A67AE,Bien-être,Santé & Pharmacie,Tchaourou,+229 74 46 30 52,bienêtre@bienêtre.org,,TPE (<10),B2C,CCIB Annuaire,,Actif,2026-06-29T00:14:35.858004,moyenne
BJ-E9C433BC,Saint International,Santé & Pharmacie,Nikki,+229 82 17 79 93,saint.international@saint.international.com,saintinternational.bj,TPE (<10),B2B,CCIB Annuaire,,Actif,2026-06-29T00:14:35.858025,haute
BJ-396163C8,Saint Medical Nikki,Santé & Pharmacie,Nikki,+229 23 62 61 27,,,TPE (<10),B2B,CCIB Annuaire,,Actif,2026-06-29T00:14:35.858036,basse
BJ-3C2F587D,Pharmacie Central,Santé & Pharmacie,Nikki,+229 57 15 58 79,pharmacie.central@pharmacie.central.net,pharmaciecentral.bj,Grande (>200),B2B,CCIB Annuaire,,Actif,2026-06-29T00:14:35.858048,haute
BJ-783C8F3F,Laboratoire Nouveau,Santé & Pharmacie,Nikki,+229 94 37 84 65,laboratoire.nouveau@laboratoire.nouveau.bj,laboratoirenouveau.bj,PME (50-200),B2C,CCIB Annuaire,,Actif,2026-06-29T00:14:35.858062,haute
BJ-8C83F78A,Emergency Hôpital Nikki,Santé & Pharmacie,Nikki,+229 25 20 40 14,emergency.hôpital.nikki@emergency.hôpital.nikki.com,,TPE (<10),B2C,CCIB Annuaire,,Actif,2026-06-29T00:14:35.858075,moyenne
BJ-74DC3862,Nouveau Clinique,Santé & Pharmacie,Bembéréké,+229 27 36 46 16,nouveau.clinique@nouveau.clinique.org,,TPE (<10),B2B,CCIB Annuaire,,Actif,2026-06-29T00:14:35.858103,moyenne
BJ-7F098036,Médicament Medical,Santé & Pharmacie,Bembéréké,+229 90 80 79 11,médicament.medical@médicament.medical.org,médicamentmedical.bj,TPE (<10),B2B,CCIB Annuaire,,Actif,2026-06-29T00:14:35.858115,haute
BJ-28D5D579,Pharmacie Médicament Medical,Santé & Pharmacie,Bembéréké,+229 71 57 27 98,,pharmaciemédicamentmedical.bj,TPE (<10),B2B,CCIB Annuaire,,Actif,2026-06-29T00:14:35.858127,moyenne
BJ-5E8BEA00,Urgence International,Santé & Pharmacie,Kalalé,+229 87 93 35 32,urgence.international@urgence.international.bj,urgenceinternational.bj,TPE (<10),B2B,CCIB Annuaire,,Actif,2026-06-29T00:14:35.858155,haute
BJ-2D21DF41,Urgence Kalalé,Santé & Pharmacie,Kalalé,+229 29 48 24 30,urgence.kalalé@urgence.kalalé.com,,PME (50-200),B2C,CCIB Annuaire,,Actif,2026-06-29T00:14:35.858167,moyenne
BJ-3FA551F3,Clinique Santé,Santé & Pharmacie,Kalalé,+229 53 91 16 55,clinique.santé@clinique.santé.bj,,TPE (<10),B2B,CCIB Annuaire,,Actif,2026-06-29T00:14:35.858178,moyenne
BJ-9604DE58,Hôpital Pharma,Santé & Pharmacie,Kalalé,+229 85 21 47 51,hôpital.pharma@hôpital.pharma.org,hôpitalpharma.bj,PME (10-50),B2B,CCIB Annuaire,,Actif,2026-06-29T00:14:35.858193,haute
BJ-E950628C,Sainte,Santé & Pharmacie,Kalalé,+229 80 88 72 50,sainte@sainte.bj,,PME (10-50),B2C,CCIB Annuaire,,Actif,2026-06-29T00:14:35.858205,moyenne
BJ-90062F1D,Clinique Pharma Bénin,Santé & Pharmacie,Ndali,+229 33 88 55 85,clinique.pharma.bénin@clinique.pharma.bénin.bj,,PME (10-50),B2B,CCIB Annuaire,,Actif,2026-06-29T00:14:35.858222,moyenne
BJ-8B832879,Clinique Santé Hôpital,Santé & Pharmacie,Ndali,+229 51 73 18 81,clinique.santé.hôpital@clinique.santé.hôpital.benin,cliniquesantéhôpital.bj,TPE (<10),B2C,CCIB Annuaire,,Actif,2026-06-29T00:14:35.858235,haute
BJ-B2E33069,Santé Clinique,Santé & Pharmacie,Ndali,+229 88 54 49 51,santé.clinique@santé.clinique.org,santéclinique.bj,TPE (<10),B2C,CCIB Annuaire,,Actif,2026-06-29T00:14:35.858251,haute
BJ-41947DAF,Pharmacie Central Bénin,Santé & Pharmacie,Ndali,+229 36 44 95 76,pharmacie.central.bénin@pharmacie.central.bénin.net,,TPE (<10),B2C,CCIB Annuaire,,Actif,2026-06-29T00:14:35.858263,moyenne
BJ-BC1653C3,Hôpital Sainte International,Santé & Pharmacie,Ndali,+229 25 95 53 96,,,PME (10-50),B2C,CCIB Annuaire,,Actif,2026-06-29T00:14:35.858274,basse
BJ-D6CB7D36,Royal Medical,Santé & Pharmacie,Ségbana,+229 26 48 40 30,royal.medical@royal.medical.com,royalmedical.bj,TPE (<10),B2B,CCIB Annuaire,,Actif,2026-06-29T00:14:35.858292,haute
BJ-AE64DA47,Soins Ségbana,Santé & Pharmacie,Ségbana,+229 43 79 37 49,soins.ségbana@soins.ségbana.benin,soinsségbana.bj,PME (10-50),B2C,CCIB Annuaire,,Actif,2026-06-29T00:14:35.858308,haute
BJ-161B2660,Clinique Saint,Santé & Pharmacie,Ségbana,+229 95 86 61 72,clinique.saint@clinique.saint.bj,cliniquesaint.bj,PME (50-200),B2B,CCIB Annuaire,,Actif,2026-06-29T00:14:35.858321,haute
BJ-4DFA24C8,Laboratoire Soins Medical,Santé & Pharmacie,Ségbana,+229 86 47 74 77,laboratoire.soins.medical@laboratoire.soins.medical.com,laboratoiresoinsmedical.bj,TPE (<10),B2C,CCIB Annuaire,,Actif,2026-06-29T00:14:35.858336,haute
BJ-24B03C3D,Centre Central,Santé & Pharmacie,Ségbana,+229 51 75 41 45,,,TPE (<10),B2C,CCIB Annuaire,,Actif,2026-06-29T00:14:35.858347,basse
BJ-EDE7C4BE,Laboratoire Médical,Santé & Pharmacie,Tchaourou,+229 85 64 56 42,,,TPE (<10),B2B,CCIB Annuaire,,Actif,2026-06-29T00:14:35.858373,basse
BJ-1E6EB9D4,Emergency Cabinet Tchaourou,Santé & Pharmacie,Tchaourou,+229 45 75 75 18,emergency.cabinet.tchaourou@emergency.cabinet.tchaourou.org,emergencycabinettchaourou.bj,PME (10-50),B2B,CCIB Annuaire,,Actif,2026-06-29T00:14:35.858385,haute
BJ-7FEF32A4,Emergency Tchaourou,Santé & Pharmacie,Tchaourou,+229 70 30 61 15,emergency.tchaourou@emergency.tchaourou.net,emergencytchaourou.bj,PME (50-200),B2B,CCIB Annuaire,,Actif,2026-06-29T00:14:35.858398,haute
BJ-ACE93023,Cabinet Urgence Medical Tchaourou,Santé & Pharmacie,Tchaourou,+229 56 17 87 57,,cabineturgencemedicaltchaourou.bj,TPE (<10),B2B,CCIB Annuaire,,Actif,2026-06-29T00:14:35.858409,moyenne
BJ-8655CBE1,Santé Centre,Santé & Pharmacie,Bétérou,+229 48 14 65 95,santé.centre@santé.centre.bj,santécentre.bj,TPE (<10),B2C,CCIB Annuaire,,Actif,2026-06-29T00:14:35.858430,haute
BJ-AE709567,Centre Saint Bénin,Santé & Pharmacie,Bétérou,+229 85 28 51 24,,centresaintbénin.bj,PME (50-200),B2C,CCIB Annuaire,,Actif,2026-06-29T00:14:35.858443,moyenne
BJ-535B4B29,Vie,Santé & Pharmacie,Bétérou,+229 88 86 65 93,,vie.bj,PME (10-50),B2B,CCIB Annuaire,,Actif,2026-06-29T00:14:35.858455,moyenne
BJ-27372B2A,Nouveau,Santé & Pharmacie,Bétérou,+229 20 41 26 45,nouveau@nouveau.org,,TPE (<10),B2C,CCIB Annuaire,,Actif,2026-06-29T00:14:35.858471,moyenne
BJ-BB27CFD3,Sainte Pharmacie,Santé & Pharmacie,Bétérou,+229 77 84 54 70,sainte.pharmacie@sainte.pharmacie.bj,,TPE (<10),B2C,CCIB Annuaire,,Actif,2026-06-29T00:14:35.858484,moyenne
BJ-0E980814,Hôpital Guérison Bénin,Santé & Pharmacie,Ouessè,+229 62 49 78 28,hôpital.guérison.bénin@hôpital.guérison.bénin.bj,,PME (10-50),B2C,CCIB Annuaire,,Actif,2026-06-29T00:14:35.858502,moyenne
BJ-D2B0AE4D,Sainte,Santé & Pharmacie,Ouessè,+229 50 32 76 34,,,TPE (<10),B2B,CCIB Annuaire,,Actif,2026-06-29T00:14:35.858513,basse
BJ-ABE4CD84,Cabinet Médicament,Santé & Pharmacie,Ouessè,+229 91 63 85 87,cabinet.médicament@cabinet.médicament.net,cabinetmédicament.bj,TPE (<10),B2C,CCIB Annuaire,,Actif,2026-06-29T00:14:35.858525,haute
BJ-7C99FA9A,Cabinet Nouveau Bénin,Santé & Pharmacie,Ouessè,+229 32 95 56 17,cabinet.nouveau.bénin@cabinet.nouveau.bénin.benin,,PME (50-200),B2C,CCIB Annuaire,,Actif,2026-06-29T00:14:35.858537,moyenne
BJ-028BC49B,Cabinet Royal Ouessè,Santé & Pharmacie,Ouessè,+229 49 76 13 46,,cabinetroyalouessè.bj,TPE (<10),B2B,CCIB Annuaire,,Actif,2026-06-29T00:14:35.858548,moyenne
BJ-C22ACA8E,Clinique Sainte Clinique,Santé & Pharmacie,Glazoué,+229 70 28 50 88,clinique.sainte.clinique@clinique.sainte.clinique.org,cliniquesainteclinique.bj,PME (50-200),B2B,CCIB Annuaire,,Actif,2026-06-29T00:14:35.858565,haute
BJ-41B6C17D,Central Cabinet,Santé & Pharmacie,Glazoué,+229 95 33 75 91,central.cabinet@central.cabinet.benin,,TPE (<10),B2B,CCIB Annuaire,,Actif,2026-06-29T00:14:35.858577,moyenne
BJ-BD1896A6,Laboratoire Soins Pharmacie Glazoué,Santé & Pharmacie,Glazoué,+229 93 91 27 47,laboratoire.soins.pharmacie.glazoué@laboratoire.soins.pharmacie.glazoué.com,laboratoiresoinspharmacieglazoué.bj,PME (10-50),B2B,CCIB Annuaire,,Actif,2026-06-29T00:14:35.858590,haute
BJ-9551BD65,Cabinet Pharma,Santé & Pharmacie,Glazoué,+229 48 69 73 18,cabinet.pharma@cabinet.pharma.bj,cabinetpharma.bj,PME (50-200),B2C,CCIB Annuaire,,Actif,2026-06-29T00:14:35.858605,haute
BJ-71E15355,Cabinet Emergency Medical,Santé & Pharmacie,Dassa-Zoumè,+229 48 45 72 61,cabinet.emergency.medical@cabinet.emergency.medical.org,,TPE (<10),B2C,CCIB Annuaire,,Actif,2026-06-29T00:14:35.858651,moyenne
BJ-24750779,Central,Santé & Pharmacie,Dassa-Zoumè,+229 98 63 78 11,central@central.net,central.bj,PME (50-200),B2B,CCIB Annuaire,,Actif,2026-06-29T00:14:35.858662,haute
BJ-C968024F,Cabinet Médicament,Santé & Pharmacie,Dassa-Zoumè,+229 40 17 94 78,,,Grande (>200),B2B,CCIB Annuaire,,Actif,2026-06-29T00:14:35.858673,basse
BJ-F0444135,Urgence Hôpital,Santé & Pharmacie,Dassa-Zoumè,+229 39 32 58 46,urgence.hôpital@urgence.hôpital.com,urgencehôpital.bj,TPE (<10),B2C,CCIB Annuaire,,Actif,2026-06-29T00:14:35.858685,haute
BJ-0286F37F,Sainte Cabinet,Santé & Pharmacie,Savalou,+229 92 58 17 71,sainte.cabinet@sainte.cabinet.org,saintecabinet.bj,TPE (<10),B2C,CCIB Annuaire,,Actif,2026-06-29T00:14:35.858706,haute
BJ-6BEAAD0B,Emergency,Santé & Pharmacie,Savalou,+229 68 36 64 45,emergency@emergency.benin,,PME (50-200),B2B,CCIB Annuaire,,Actif,2026-06-29T00:14:35.858718,moyenne
BJ-D078CAF4,Hôpital Médical International,Santé & Pharmacie,Savalou,+229 78 65 25 85,,,PME (10-50),B2B,CCIB Annuaire,,Actif,2026-06-29T00:14:35.858743,basse
BJ-1E4D65A9,Bien-être,Santé & Pharmacie,Savalou,+229 63 62 88 38,bienêtre@bienêtre.com,,PME (50-200),B2B,CCIB Annuaire,,Actif,2026-06-29T00:14:35.858755,moyenne
BJ-BEEC3B4B,Vie,Santé & Pharmacie,Bantè,+229 60 20 90 49,vie@vie.com,,TPE (<10),B2C,CCIB Annuaire,,Actif,2026-06-29T00:14:35.858796,moyenne
BJ-BF75B7E7,Sainte International Bantè,Santé & Pharmacie,Bantè,+229 72 27 89 65,,,PME (50-200),B2B,CCIB Annuaire,,Actif,2026-06-29T00:14:35.858806,basse
BJ-AB44B541,Médicament,Santé & Pharmacie,Bantè,+229 31 66 19 83,médicament@médicament.bj,,PME (50-200),B2B,CCIB Annuaire,,Actif,2026-06-29T00:14:35.858817,moyenne
BJ-C1E66265,Santé Bénin,Santé & Pharmacie,Bantè,+229 20 58 39 85,santé.bénin@santé.bénin.com,santébénin.bj,Grande (>200),B2C,CCIB Annuaire,,Actif,2026-06-29T00:14:35.858829,haute
BJ-237A58E3,Laboratoire Médicament Centre,Santé & Pharmacie,Djougou,+229 38 80 13 54,laboratoire.médicament.centre@laboratoire.médicament.centre.com,,PME (10-50),B2C,CCIB Annuaire,,Actif,2026-06-29T00:14:35.858845,moyenne
BJ-560D1BC6,Médical Bénin,Santé & Pharmacie,Djougou,+229 28 54 22 41,médical.bénin@médical.bénin.net,médicalbénin.bj,TPE (<10),B2C,CCIB Annuaire,,Actif,2026-06-29T00:14:35.858857,haute
BJ-933B8670,Centre Santé,Santé & Pharmacie,Djougou,+229 64 43 64 43,centre.santé@centre.santé.net,centresanté.bj,TPE (<10),B2C,CCIB Annuaire,,Actif,2026-06-29T00:14:35.858869,haute
BJ-FE0B5593,Bien-être Pharmacie,Santé & Pharmacie,Djougou,+229 91 35 78 53,bienêtre.pharmacie@bienêtre.pharmacie.org,bienêtrepharmacie.bj,TPE (<10),B2C,CCIB Annuaire,,Actif,2026-06-29T00:14:35.858883,haute
BJ-5D444E1A,Clinique Pharma,Santé & Pharmacie,Djougou,+229 68 43 71 28,clinique.pharma@clinique.pharma.benin,,PME (10-50),B2B,CCIB Annuaire,,Actif,2026-06-29T00:14:35.858903,moyenne
BJ-9EC576D7,Médicament,Santé & Pharmacie,Ouèssè,+229 62 30 90 22,,médicament.bj,PME (10-50),B2B,CCIB Annuaire,,Actif,2026-06-29T00:14:35.858953,moyenne
BJ-05E9A28A,Nouveau Ouèssè,Santé & Pharmacie,Ouèssè,+229 75 34 66 85,nouveau.ouèssè@nouveau.ouèssè.bj,,PME (50-200),B2C,CCIB Annuaire,,Actif,2026-06-29T00:14:35.858965,moyenne
BJ-0CA94CED,Santé Centre Ouèssè,Santé & Pharmacie,Ouèssè,+229 30 41 39 44,santé.centre.ouèssè@santé.centre.ouèssè.bj,santécentreouèssè.bj,Grande (>200),B2C,CCIB Annuaire,,Actif,2026-06-29T00:14:35.858981,haute
BJ-A975EE7F,Central International,Santé & Pharmacie,Ouèssè,+229 74 96 75 73,,centralinternational.bj,TPE (<10),B2C,CCIB Annuaire,,Actif,2026-06-29T00:14:35.858996,moyenne
BJ-B57DC361,Pharmacie Urgence Cabinet,Santé & Pharmacie,Ouèssè,+229 97 31 40 69,pharmacie.urgence.cabinet@pharmacie.urgence.cabinet.com,pharmacieurgencecabinet.bj,PME (10-50),B2C,CCIB Annuaire,,Actif,2026-06-29T00:14:35.859008,haute
BJ-341AFB45,Pharma,Santé & Pharmacie,Bassila,+229 55 86 61 25,pharma@pharma.org,pharma.bj,Grande (>200),B2B,CCIB Annuaire,,Actif,2026-06-29T00:14:35.859037,haute
BJ-F79410C9,Hôpital Soins Pharmacie,Santé & Pharmacie,Bassila,+229 87 95 50 16,hôpital.soins.pharmacie@hôpital.soins.pharmacie.bj,hôpitalsoinspharmacie.bj,PME (10-50),B2B,CCIB Annuaire,,Actif,2026-06-29T00:14:35.859049,haute
BJ-E1D1C9D4,Médicament Pharmacie Bassila,Santé & Pharmacie,Bassila,+229 81 40 99 34,,,PME (50-200),B2B,CCIB Annuaire,,Actif,2026-06-29T00:14:35.859060,basse
BJ-3D696683,Emergency International,Santé & Pharmacie,Bassila,+229 52 43 50 42,emergency.international@emergency.international.com,,TPE (<10),B2B,CCIB Annuaire,,Actif,2026-06-29T00:14:35.859074,moyenne
BJ-FF5FB72C,Urgence Bassila,Santé & Pharmacie,Bassila,+229 26 80 39 21,urgence.bassila@urgence.bassila.org,,PME (50-200),B2B,CCIB Annuaire,,Actif,2026-06-29T00:14:35.859085,moyenne
BJ-64BA2B08,Royal Bénin,Santé & Pharmacie,Pehunco,+229 46 32 94 84,royal.bénin@royal.bénin.com,,TPE (<10),B2B,CCIB Annuaire,,Actif,2026-06-29T00:14:35.859102,moyenne
BJ-1A3A8BFA,Guérison Pehunco,Santé & Pharmacie,Pehunco,+229 96 24 51 46,guérison.pehunco@guérison.pehunco.com,guérisonpehunco.bj,PME (50-200),B2B,CCIB Annuaire,,Actif,2026-06-29T00:14:35.859114,haute
BJ-936BBB7D,Pharma,Santé & Pharmacie,Pehunco,+229 89 44 14 45,pharma@pharma.org,pharma.bj,Grande (>200),B2B,CCIB Annuaire,,Actif,2026-06-29T00:14:35.859125,haute
BJ-3A76A569,Urgence,Santé & Pharmacie,Pehunco,+229 58 92 93 64,urgence@urgence.net,urgence.bj,PME (10-50),B2C,CCIB Annuaire,,Actif,2026-06-29T00:14:35.859136,haute
BJ-D74BC24B,Centre Sainte,Santé & Pharmacie,Pehunco,+229 29 42 60 64,centre.sainte@centre.sainte.bj,centresainte.bj,TPE (<10),B2B,CCIB Annuaire,,Actif,2026-06-29T00:14:35.859147,haute
BJ-4FCBD217,Cabinet Urgence Pharmacie,Santé & Pharmacie,Copargo,+229 62 79 50 18,cabinet.urgence.pharmacie@cabinet.urgence.pharmacie.net,cabineturgencepharmacie.bj,Grande (>200),B2C,CCIB Annuaire,,Actif,2026-06-29T00:14:35.859164,haute
BJ-0E5AF30C,Urgence Medical,Santé & Pharmacie,Copargo,+229 84 87 13 10,urgence.medical@urgence.medical.bj,,PME (10-50),B2B,CCIB Annuaire,,Actif,2026-06-29T00:14:35.859186,moyenne
BJ-5F6BC147,Pharmacie Emergency,Santé & Pharmacie,Copargo,+229 76 96 35 24,pharmacie.emergency@pharmacie.emergency.com,pharmacieemergency.bj,TPE (<10),B2C,CCIB Annuaire,,Actif,2026-06-29T00:14:35.859230,haute
BJ-29D8B51D,Capital Invest,Finance & Assurance,Cotonou,+229 95 56 31 31,capital.invest@capital.invest.benin,capitalinvest.bj,Grande (>200),B2B,CCIB Annuaire,,Actif,2026-06-29T00:14:35.859248,haute
BJ-198A882A,Sécurité,Finance & Assurance,Cotonou,+229 65 92 29 24,,sécurité.bj,PME (10-50),B2B,CCIB Annuaire,,Actif,2026-06-29T00:14:35.859259,moyenne
BJ-11CAA930,Groupe Assurance Groupe Cotonou,Finance & Assurance,Cotonou,+229 68 36 19 57,groupe.assurance.groupe.cotonou@groupe.assurance.groupe.cotonou.benin,,TPE (<10),B2B,CCIB Annuaire,,Actif,2026-06-29T00:14:35.859271,moyenne
BJ-B0AEA724,Société Bénin Bank,Finance & Assurance,Cotonou,+229 93 25 60 90,société.bénin.bank@société.bénin.bank.benin,sociétébéninbank.bj,PME (50-200),B2C,CCIB Annuaire,,Actif,2026-06-29T00:14:35.859283,haute
BJ-EE97F3C8,Finance Protection Cotonou,Finance & Assurance,Cotonou,+229 47 13 37 64,finance.protection.cotonou@finance.protection.cotonou.net,financeprotectioncotonou.bj,PME (50-200),B2B,CCIB Annuaire,,Actif,2026-06-29T00:14:35.859295,haute
BJ-9E8AABBD,Finance Auto SA,Finance & Assurance,Abomey-Calavi,+229 62 69 34 90,finance.auto.sa@finance.auto.sa.bj,financeautosa.bj,PME (50-200),B2B,CCIB Annuaire,,Actif,2026-06-29T00:14:35.859312,haute
BJ-A4E984F5,Bénin SARL,Finance & Assurance,Abomey-Calavi,+229 80 40 26 43,,béninsarl.bj,PME (10-50),B2B,CCIB Annuaire,,Actif,2026-06-29T00:14:35.859329,moyenne
BJ-1DC79FE0,Groupe West Groupe,Finance & Assurance,Abomey-Calavi,+229 74 14 19 73,,groupewestgroupe.bj,TPE (<10),B2C,CCIB Annuaire,,Actif,2026-06-29T00:14:35.859341,moyenne
BJ-DEB292C4,Finance Épargne,Finance & Assurance,Abomey-Calavi,+229 99 16 86 90,,,TPE (<10),B2C,CCIB Annuaire,,Actif,2026-06-29T00:14:35.859353,basse
BJ-AC8FAFCE,Protection Bank,Finance & Assurance,Abomey-Calavi,+229 71 83 37 73,protection.bank@protection.bank.net,protectionbank.bj,Grande (>200),B2B,CCIB Annuaire,,Actif,2026-06-29T00:14:35.859365,haute
BJ-EA860A36,Vie Groupe,Finance & Assurance,Porto-Novo,+229 74 30 55 70,vie.groupe@vie.groupe.org,,PME (50-200),B2B,CCIB Annuaire,,Actif,2026-06-29T00:14:35.859383,moyenne
BJ-FEA10FCF,Finance Sécurité SA Porto-Novo,Finance & Assurance,Porto-Novo,+229 30 19 15 20,finance.sécurité.sa.portonovo@finance.sécurité.sa.portonovo.net,financesécuritésaportonovo.bj,TPE (<10),B2B,CCIB Annuaire,,Actif,2026-06-29T00:14:35.859396,haute
BJ-0236F6E5,West,Finance & Assurance,Porto-Novo,+229 58 54 39 56,,,PME (10-50),B2C,CCIB Annuaire,,Actif,2026-06-29T00:14:35.859406,basse
BJ-3328E0DE,Sécurité,Finance & Assurance,Porto-Novo,+229 63 50 50 87,sécurité@sécurité.org,,TPE (<10),B2B,CCIB Annuaire,,Actif,2026-06-29T00:14:35.859418,moyenne
BJ-D5970D9B,Assurance,Finance & Assurance,Porto-Novo,+229 91 26 94 21,assurance@assurance.com,assurance.bj,PME (10-50),B2B,CCIB Annuaire,,Actif,2026-06-29T00:14:35.859433,haute
BJ-0D04A73A,Assurance,Finance & Assurance,Parakou,+229 21 95 80 13,assurance@assurance.benin,assurance.bj,TPE (<10),B2B,CCIB Annuaire,,Actif,2026-06-29T00:14:35.859450,haute
BJ-0E446C10,Finance Auto,Finance & Assurance,Parakou,+229 74 84 15 24,finance.auto@finance.auto.net,financeauto.bj,TPE (<10),B2C,CCIB Annuaire,,Actif,2026-06-29T00:14:35.859473,haute
BJ-35CC6CBA,Groupe Protection,Finance & Assurance,Parakou,+229 40 25 26 73,groupe.protection@groupe.protection.benin,,TPE (<10),B2B,CCIB Annuaire,,Actif,2026-06-29T00:14:35.859487,moyenne
BJ-D01FA300,Finance Crédit,Finance & Assurance,Parakou,+229 40 23 43 70,finance.crédit@finance.crédit.com,financecrédit.bj,TPE (<10),B2B,CCIB Annuaire,,Actif,2026-06-29T00:14:35.859500,haute
BJ-979AA712,Vie SA,Finance & Assurance,Bohicon,+229 64 45 63 46,vie.sa@vie.sa.benin,viesa.bj,TPE (<10),B2C,CCIB Annuaire,,Actif,2026-06-29T00:14:35.859517,haute
BJ-6F90E99F,Auto,Finance & Assurance,Bohicon,+229 64 92 80 35,,auto.bj,TPE (<10),B2B,CCIB Annuaire,,Actif,2026-06-29T00:14:35.859528,moyenne
BJ-DFDABE38,Finance Africa Bank,Finance & Assurance,Bohicon,+229 81 88 37 27,finance.africa.bank@finance.africa.bank.org,financeafricabank.bj,PME (50-200),B2C,CCIB Annuaire,,Actif,2026-06-29T00:14:35.859539,haute
BJ-5EA63AC0,Banque West Invest,Finance & Assurance,Bohicon,+229 35 74 85 70,banque.west.invest@banque.west.invest.benin,banquewestinvest.bj,PME (10-50),B2B,CCIB Annuaire,,Actif,2026-06-29T00:14:35.859551,haute
BJ-C1030111,Banque Vie,Finance & Assurance,Bohicon,+229 63 74 81 65,banque.vie@banque.vie.bj,banquevie.bj,TPE (<10),B2C,CCIB Annuaire,,Actif,2026-06-29T00:14:35.859562,haute
BJ-F6616F3B,Banque Épargne SA Natitingou,Finance & Assurance,Natitingou,+229 64 39 42 75,banque.épargne.sa.natitingou@banque.épargne.sa.natitingou.com,banqueépargnesanatitingou.bj,TPE (<10),B2C,CCIB Annuaire,,Actif,2026-06-29T00:14:35.859613,haute
BJ-664B952F,Africa,Finance & Assurance,Natitingou,+229 23 80 15 93,africa@africa.bj,africa.bj,PME (10-50),B2C,CCIB Annuaire,,Actif,2026-06-29T00:14:35.859638,haute
BJ-D3874F4F,Société Sécurité SARL,Finance & Assurance,Natitingou,+229 65 68 87 16,société.sécurité.sarl@société.sécurité.sarl.net,,TPE (<10),B2C,CCIB Annuaire,,Actif,2026-06-29T00:14:35.859653,moyenne
BJ-2DCFBE65,Cabinet Auto,Finance & Assurance,Natitingou,+229 30 10 38 41,cabinet.auto@cabinet.auto.com,cabinetauto.bj,PME (10-50),B2B,CCIB Annuaire,,Actif,2026-06-29T00:14:35.859673,haute
BJ-4FC36A8D,Capital Lokossa,Finance & Assurance,Lokossa,+229 59 21 26 55,capital.lokossa@capital.lokossa.org,capitallokossa.bj,PME (10-50),B2C,CCIB Annuaire,,Actif,2026-06-29T00:14:35.859692,haute
BJ-2060F959,Capital SARL,Finance & Assurance,Lokossa,+229 79 29 96 15,capital.sarl@capital.sarl.bj,capitalsarl.bj,PME (10-50),B2C,CCIB Annuaire,,Actif,2026-06-29T00:14:35.859703,haute
BJ-FF9C9695,Assurance West SARL,Finance & Assurance,Lokossa,+229 53 54 20 87,assurance.west.sarl@assurance.west.sarl.bj,assurancewestsarl.bj,PME (50-200),B2C,CCIB Annuaire,,Actif,2026-06-29T00:14:35.859719,haute
BJ-FF0FC2EC,Assurance Protection Lokossa,Finance & Assurance,Lokossa,+229 66 64 41 88,assurance.protection.lokossa@assurance.protection.lokossa.com,assuranceprotectionlokossa.bj,TPE (<10),B2B,CCIB Annuaire,,Actif,2026-06-29T00:14:35.859747,haute
BJ-F6B040EF,Assurance Santé,Finance & Assurance,Lokossa,+229 98 12 19 76,assurance.santé@assurance.santé.com,assurancesanté.bj,Grande (>200),B2B,CCIB Annuaire,,Actif,2026-06-29T00:14:35.859777,haute
BJ-7614E946,Assurance Ouidah,Finance & Assurance,Ouidah,+229 67 64 71 44,assurance.ouidah@assurance.ouidah.benin,assuranceouidah.bj,PME (10-50),B2C,CCIB Annuaire,,Actif,2026-06-29T00:14:35.859833,haute
BJ-A12B980F,National Ouidah,Finance & Assurance,Ouidah,+229 23 11 45 28,national.ouidah@national.ouidah.net,nationalouidah.bj,TPE (<10),B2B,CCIB Annuaire,,Actif,2026-06-29T00:14:35.859861,haute
BJ-ED2DE0C9,National,Finance & Assurance,Ouidah,+229 31 53 33 63,,national.bj,TPE (<10),B2B,CCIB Annuaire,,Actif,2026-06-29T00:14:35.859885,moyenne
BJ-2D144767,Groupe International,Finance & Assurance,Ouidah,+229 40 44 75 84,groupe.international@groupe.international.benin,groupeinternational.bj,PME (50-200),B2C,CCIB Annuaire,,Actif,2026-06-29T00:14:35.859918,haute
BJ-168B82F7,Capital SA,Finance & Assurance,Ouidah,+229 85 41 91 42,capital.sa@capital.sa.net,capitalsa.bj,Grande (>200),B2B,CCIB Annuaire,,Actif,2026-06-29T00:14:35.859948,haute
BJ-C3085B36,Banque Assurance Capital,Finance & Assurance,Savalou,+229 32 41 96 88,banque.assurance.capital@banque.assurance.capital.com,,TPE (<10),B2C,CCIB Annuaire,,Actif,2026-06-29T00:14:35.859970,moyenne
BJ-203B14BC,Bénin,Finance & Assurance,Savalou,+229 63 99 18 98,bénin@bénin.net,bénin.bj,TPE (<10),B2B,CCIB Annuaire,,Actif,2026-06-29T00:14:35.859984,haute
BJ-4AFD0023,Africa,Finance & Assurance,Savalou,+229 47 69 65 31,africa@africa.com,africa.bj,PME (10-50),B2B,CCIB Annuaire,,Actif,2026-06-29T00:14:35.859996,haute
BJ-AB5A67C1,Finance Bénin,Finance & Assurance,Savalou,+229 53 69 92 90,finance.bénin@finance.bénin.org,financebénin.bj,TPE (<10),B2B,CCIB Annuaire,,Actif,2026-06-29T00:14:35.860016,haute
BJ-DC7869F2,Société Santé Capital,Finance & Assurance,Savalou,+229 40 89 94 71,,sociétésantécapital.bj,TPE (<10),B2B,CCIB Annuaire,,Actif,2026-06-29T00:14:35.860028,moyenne
BJ-064505F2,Banque Épargne,Finance & Assurance,Dassa-Zoumè,+229 37 52 17 73,banque.épargne@banque.épargne.org,banqueépargne.bj,PME (50-200),B2C,CCIB Annuaire,,Actif,2026-06-29T00:14:35.860047,haute
BJ-446AEBC1,Société West Capital,Finance & Assurance,Dassa-Zoumè,+229 23 24 26 74,société.west.capital@société.west.capital.bj,sociétéwestcapital.bj,Grande (>200),B2C,CCIB Annuaire,,Actif,2026-06-29T00:14:35.860060,haute
BJ-95E052DB,National Invest,Finance & Assurance,Dassa-Zoumè,+229 41 15 80 89,national.invest@national.invest.org,nationalinvest.bj,PME (10-50),B2B,CCIB Annuaire,,Actif,2026-06-29T00:14:35.860071,haute
BJ-1D1DB1CB,Vie SARL,Finance & Assurance,Dassa-Zoumè,+229 97 97 66 92,vie.sarl@vie.sarl.net,viesarl.bj,Grande (>200),B2B,CCIB Annuaire,,Actif,2026-06-29T00:14:35.860086,haute
BJ-A1A7016C,Groupe West,Finance & Assurance,Dassa-Zoumè,+229 73 98 97 59,groupe.west@groupe.west.net,groupewest.bj,PME (10-50),B2C,CCIB Annuaire,,Actif,2026-06-29T00:14:35.860098,haute
BJ-1E6B42EA,Assurance Bénin Capital,Finance & Assurance,Kétou,+229 47 19 34 94,,assurancebénincapital.bj,Grande (>200),B2C,CCIB Annuaire,,Actif,2026-06-29T00:14:35.860116,moyenne
BJ-B34F0B3C,Société West Kétou,Finance & Assurance,Kétou,+229 37 59 36 24,société.west.kétou@société.west.kétou.org,,TPE (<10),B2B,CCIB Annuaire,,Actif,2026-06-29T00:14:35.860128,moyenne
BJ-69223D3B,Crédit SARL,Finance & Assurance,Kétou,+229 47 40 34 32,,créditsarl.bj,PME (50-200),B2C,CCIB Annuaire,,Actif,2026-06-29T00:14:35.860139,moyenne
BJ-B2D4D29F,Finance Sécurité SA,Finance & Assurance,Kétou,+229 35 65 73 53,finance.sécurité.sa@finance.sécurité.sa.net,,PME (10-50),B2B,CCIB Annuaire,,Actif,2026-06-29T00:14:35.860151,moyenne
BJ-F1A5016E,Groupe Épargne Kétou,Finance & Assurance,Kétou,+229 52 50 51 47,groupe.épargne.kétou@groupe.épargne.kétou.net,groupeépargnekétou.bj,PME (10-50),B2C,CCIB Annuaire,,Actif,2026-06-29T00:14:35.860163,haute
BJ-053778D9,Sécurité,Finance & Assurance,Covè,+229 21 38 99 30,,sécurité.bj,PME (10-50),B2C,CCIB Annuaire,,Actif,2026-06-29T00:14:35.860183,moyenne
BJ-83B619BA,Banque Épargne SA,Finance & Assurance,Covè,+229 48 20 41 58,,banqueépargnesa.bj,Grande (>200),B2B,CCIB Annuaire,,Actif,2026-06-29T00:14:35.860194,moyenne
BJ-BE58A978,Société Épargne SARL,Finance & Assurance,Covè,+229 20 82 23 53,société.épargne.sarl@société.épargne.sarl.benin,sociétéépargnesarl.bj,PME (10-50),B2C,CCIB Annuaire,,Actif,2026-06-29T00:14:35.860206,haute
BJ-2EF0D75E,West,Finance & Assurance,Covè,+229 78 18 78 84,west@west.org,west.bj,PME (10-50),B2B,CCIB Annuaire,,Actif,2026-06-29T00:14:35.860221,haute
BJ-22DAE302,International Invest,Finance & Assurance,Covè,+229 45 67 34 32,international.invest@international.invest.net,,TPE (<10),B2C,CCIB Annuaire,,Actif,2026-06-29T00:14:35.860233,moyenne
BJ-4F55FF85,International,Finance & Assurance,Pobè,+229 65 28 59 40,international@international.bj,international.bj,TPE (<10),B2C,CCIB Annuaire,,Actif,2026-06-29T00:14:35.860253,haute
BJ-896418CA,Groupe Vie,Finance & Assurance,Pobè,+229 28 33 74 50,groupe.vie@groupe.vie.bj,groupevie.bj,TPE (<10),B2C,CCIB Annuaire,,Actif,2026-06-29T00:14:35.860266,haute
BJ-91E04C4C,Banque Protection,Finance & Assurance,Pobè,+229 34 16 30 45,,banqueprotection.bj,PME (10-50),B2C,CCIB Annuaire,,Actif,2026-06-29T00:14:35.860276,moyenne
BJ-FE12CF66,Crédit Groupe,Finance & Assurance,Pobè,+229 85 41 60 25,crédit.groupe@crédit.groupe.benin,,TPE (<10),B2C,CCIB Annuaire,,Actif,2026-06-29T00:14:35.860298,moyenne
BJ-F7BCAC72,Épargne International,Finance & Assurance,Sakété,+229 54 55 18 74,épargne.international@épargne.international.com,épargneinternational.bj,PME (10-50),B2C,CCIB Annuaire,,Actif,2026-06-29T00:14:35.860328,haute
BJ-2D4330DA,Santé International Sakété,Finance & Assurance,Sakété,+229 58 61 81 56,santé.international.sakété@santé.international.sakété.net,santéinternationalsakété.bj,TPE (<10),B2C,CCIB Annuaire,,Actif,2026-06-29T00:14:35.860341,haute
BJ-7A7DF62A,Capital,Finance & Assurance,Sakété,+229 23 46 51 34,capital@capital.net,capital.bj,PME (10-50),B2B,CCIB Annuaire,,Actif,2026-06-29T00:14:35.860355,haute
BJ-0F950673,Société Protection,Finance & Assurance,Sakété,+229 76 27 27 52,,sociétéprotection.bj,PME (50-200),B2B,CCIB Annuaire,,Actif,2026-06-29T00:14:35.860366,moyenne
BJ-471EB739,National SA,Finance & Assurance,Adjara,+229 83 90 39 13,national.sa@national.sa.com,nationalsa.bj,Grande (>200),B2B,CCIB Annuaire,,Actif,2026-06-29T00:14:35.860383,haute
BJ-6DE0435B,West,Finance & Assurance,Adjara,+229 95 15 19 91,west@west.bj,west.bj,TPE (<10),B2B,CCIB Annuaire,,Actif,2026-06-29T00:14:35.860395,haute
BJ-FB5E9AB0,Assurance West,Finance & Assurance,Adjara,+229 43 23 36 16,assurance.west@assurance.west.benin,assurancewest.bj,PME (50-200),B2B,CCIB Annuaire,,Actif,2026-06-29T00:14:35.860406,haute
BJ-0AF9D8A3,Assurance Protection Adjara,Finance & Assurance,Adjara,+229 27 36 29 81,assurance.protection.adjara@assurance.protection.adjara.net,assuranceprotectionadjara.bj,PME (10-50),B2B,CCIB Annuaire,,Actif,2026-06-29T00:14:35.860418,haute
BJ-A9431994,Banque Capital,Finance & Assurance,Adjara,+229 55 67 43 35,banque.capital@banque.capital.benin,,TPE (<10),B2C,CCIB Annuaire,,Actif,2026-06-29T00:14:35.860428,moyenne
BJ-342F8C86,Finance Bénin Invest,Finance & Assurance,Allada,+229 30 26 87 11,,,PME (50-200),B2C,CCIB Annuaire,,Actif,2026-06-29T00:14:35.860447,basse
BJ-27C7EA16,National Allada,Finance & Assurance,Allada,+229 70 93 59 91,national.allada@national.allada.bj,,PME (50-200),B2B,CCIB Annuaire,,Actif,2026-06-29T00:14:35.860461,moyenne
BJ-CC6F2FCE,Société Vie Assurances,Finance & Assurance,Allada,+229 61 27 18 98,société.vie.assurances@société.vie.assurances.org,sociétévieassurances.bj,PME (10-50),B2B,CCIB Annuaire,,Actif,2026-06-29T00:14:35.860475,haute
BJ-9E9F27B9,Société Capital SA,Finance & Assurance,Allada,+229 74 89 14 86,,sociétécapitalsa.bj,PME (50-200),B2B,CCIB Annuaire,,Actif,2026-06-29T00:14:35.860488,moyenne
BJ-B421E491,Investissement SA,Finance & Assurance,Allada,+229 63 27 86 98,investissement.sa@investissement.sa.com,investissementsa.bj,Grande (>200),B2C,CCIB Annuaire,,Actif,2026-06-29T00:14:35.860502,haute
BJ-286D00D3,Bénin Invest,Finance & Assurance,Aplahoué,+229 20 13 16 90,bénin.invest@bénin.invest.com,bénininvest.bj,TPE (<10),B2C,CCIB Annuaire,,Actif,2026-06-29T00:14:35.860520,haute
BJ-1F024939,Assurance West,Finance & Assurance,Aplahoué,+229 59 19 77 43,assurance.west@assurance.west.org,,PME (50-200),B2B,CCIB Annuaire,,Actif,2026-06-29T00:14:35.860531,moyenne
BJ-E56E3DE8,Assurance Épargne,Finance & Assurance,Aplahoué,+229 94 38 78 25,assurance.épargne@assurance.épargne.bj,assuranceépargne.bj,PME (50-200),B2C,CCIB Annuaire,,Actif,2026-06-29T00:14:35.860543,haute
BJ-716DC258,Assurance Finance,Finance & Assurance,Aplahoué,+229 61 66 76 62,,assurancefinance.bj,TPE (<10),B2B,CCIB Annuaire,,Actif,2026-06-29T00:14:35.860553,moyenne
BJ-CF8B4C91,Banque National,Finance & Assurance,Aplahoué,+229 69 60 51 25,banque.national@banque.national.com,banquenational.bj,TPE (<10),B2C,CCIB Annuaire,,Actif,2026-06-29T00:14:35.860564,haute
BJ-69DA84FB,Groupe West Dogbo-Tota,Finance & Assurance,Dogbo-Tota,+229 46 72 39 90,groupe.west.dogbotota@groupe.west.dogbotota.com,groupewestdogbotota.bj,PME (50-200),B2B,CCIB Annuaire,,Actif,2026-06-29T00:14:35.860582,haute
BJ-34440A30,Groupe Santé,Finance & Assurance,Dogbo-Tota,+229 87 95 93 81,groupe.santé@groupe.santé.benin,groupesanté.bj,TPE (<10),B2C,CCIB Annuaire,,Actif,2026-06-29T00:14:35.860594,haute
BJ-F9F03053,Épargne Bank,Finance & Assurance,Dogbo-Tota,+229 28 44 74 70,épargne.bank@épargne.bank.benin,épargnebank.bj,TPE (<10),B2B,CCIB Annuaire,,Actif,2026-06-29T00:14:35.860606,haute
BJ-662AF744,Assurance Bénin,Finance & Assurance,Dogbo-Tota,+229 21 14 45 66,,,Grande (>200),B2B,CCIB Annuaire,,Actif,2026-06-29T00:14:35.860619,basse
BJ-9A316896,International Assurances Dogbo-Tota,Finance & Assurance,Dogbo-Tota,+229 69 58 68 73,international.assurances.dogbotota@international.assurances.dogbotota.org,,TPE (<10),B2C,CCIB Annuaire,,Actif,2026-06-29T00:14:35.860631,moyenne
BJ-5D466410,Santé Finance,Finance & Assurance,Kpomassè,+229 35 24 20 65,santé.finance@santé.finance.bj,,TPE (<10),B2C,CCIB Annuaire,,Actif,2026-06-29T00:14:35.860648,moyenne
BJ-0F852F26,Africa SA,Finance & Assurance,Kpomassè,+229 66 93 22 84,africa.sa@africa.sa.benin,,TPE (<10),B2C,CCIB Annuaire,,Actif,2026-06-29T00:14:35.860662,moyenne
BJ-3AF8E15D,Assurance International,Finance & Assurance,Kpomassè,+229 63 89 78 40,,,PME (50-200),B2C,CCIB Annuaire,,Actif,2026-06-29T00:14:35.860672,basse
BJ-4FB5DD2F,Bénin Finance,Finance & Assurance,Kpomassè,+229 41 25 14 55,bénin.finance@bénin.finance.bj,béninfinance.bj,PME (10-50),B2B,CCIB Annuaire,,Actif,2026-06-29T00:14:35.860684,haute
BJ-F0D369EA,Cabinet International SARL Kpomassè,Finance & Assurance,Kpomassè,+229 58 45 34 25,cabinet.international.sarl.kpomassè@cabinet.international.sarl.kpomassè.benin,cabinetinternationalsarlkpomassè.bj,PME (10-50),B2C,CCIB Annuaire,,Actif,2026-06-29T00:14:35.860697,haute
BJ-13E49A34,West Invest Tori-Bossito,Finance & Assurance,Tori-Bossito,+229 59 42 56 33,west.invest.toribossito@west.invest.toribossito.com,westinvesttoribossito.bj,Grande (>200),B2C,CCIB Annuaire,,Actif,2026-06-29T00:14:35.860714,haute
BJ-4BE4E6C9,Assurance West,Finance & Assurance,Tori-Bossito,+229 47 61 91 92,assurance.west@assurance.west.bj,,PME (50-200),B2C,CCIB Annuaire,,Actif,2026-06-29T00:14:35.860726,moyenne
BJ-7B1E44B5,Crédit Invest Tori-Bossito,Finance & Assurance,Tori-Bossito,+229 55 11 38 10,crédit.invest.toribossito@crédit.invest.toribossito.com,créditinvesttoribossito.bj,Grande (>200),B2C,CCIB Annuaire,,Actif,2026-06-29T00:14:35.860738,haute
BJ-D78AD81B,Assurance Bénin Finance Tori-Bossito,Finance & Assurance,Tori-Bossito,+229 80 58 25 37,,,PME (10-50),B2B,CCIB Annuaire,,Actif,2026-06-29T00:14:35.860752,basse
BJ-D8969AAC,Finance National Capital,Finance & Assurance,Tori-Bossito,+229 48 81 38 64,,financenationalcapital.bj,PME (10-50),B2B,CCIB Annuaire,,Actif,2026-06-29T00:14:35.860763,moyenne
BJ-00929AB7,Banque International Grand-Popo,Finance & Assurance,Grand-Popo,+229 82 57 48 97,banque.international.grandpopo@banque.international.grandpopo.bj,banqueinternationalgrandpopo.bj,PME (50-200),B2B,CCIB Annuaire,,Actif,2026-06-29T00:14:35.860783,haute
BJ-924A81A4,Assurance Sécurité Groupe,Finance & Assurance,Grand-Popo,+229 99 42 74 55,assurance.sécurité.groupe@assurance.sécurité.groupe.benin,assurancesécuritégroupe.bj,Grande (>200),B2C,CCIB Annuaire,,Actif,2026-06-29T00:14:35.860807,haute
BJ-328BED0F,Société Protection SA,Finance & Assurance,Grand-Popo,+229 92 27 95 37,,,TPE (<10),B2C,CCIB Annuaire,,Actif,2026-06-29T00:14:35.860817,basse
BJ-361D0E7F,Banque Bénin,Finance & Assurance,Grand-Popo,+229 33 25 29 19,banque.bénin@banque.bénin.benin,banquebénin.bj,TPE (<10),B2B,CCIB Annuaire,,Actif,2026-06-29T00:14:35.860830,haute
BJ-4C912F41,Banque West Finance,Finance & Assurance,Athiémé,+229 29 75 92 81,banque.west.finance@banque.west.finance.net,banquewestfinance.bj,PME (10-50),B2C,CCIB Annuaire,,Actif,2026-06-29T00:14:35.860847,haute
BJ-2C207A58,Société Assurance Athiémé,Finance & Assurance,Athiémé,+229 73 17 97 50,société.assurance.athiémé@société.assurance.athiémé.bj,,PME (50-200),B2B,CCIB Annuaire,,Actif,2026-06-29T00:14:35.860858,moyenne
BJ-639A884E,Finance Vie Athiémé,Finance & Assurance,Athiémé,+229 43 32 94 87,finance.vie.athiémé@finance.vie.athiémé.org,financevieathiémé.bj,PME (50-200),B2C,CCIB Annuaire,,Actif,2026-06-29T00:14:35.860870,haute
BJ-FA2CEDFE,Finance Protection,Finance & Assurance,Athiémé,+229 38 73 55 96,finance.protection@finance.protection.bj,financeprotection.bj,PME (50-200),B2B,CCIB Annuaire,,Actif,2026-06-29T00:14:35.860884,haute
BJ-213380EB,Sécurité Capital,Finance & Assurance,Athiémé,+229 20 31 87 96,sécurité.capital@sécurité.capital.com,,Grande (>200),B2C,CCIB Annuaire,,Actif,2026-06-29T00:14:35.860928,moyenne
BJ-C9A98788,Groupe Capital International Bopa,Finance & Assurance,Bopa,+229 81 43 19 64,groupe.capital.international.bopa@groupe.capital.international.bopa.bj,groupecapitalinternationalbopa.bj,TPE (<10),B2B,CCIB Annuaire,,Actif,2026-06-29T00:14:35.860963,haute
BJ-A008782B,Assurance Bank,Finance & Assurance,Bopa,+229 49 88 77 45,,,TPE (<10),B2B,CCIB Annuaire,,Actif,2026-06-29T00:14:35.860973,basse
BJ-59EB2D35,Cabinet Sécurité,Finance & Assurance,Bopa,+229 42 39 57 73,cabinet.sécurité@cabinet.sécurité.org,cabinetsécurité.bj,PME (10-50),B2C,CCIB Annuaire,,Actif,2026-06-29T00:14:35.860985,haute
BJ-087D4DBC,Épargne SARL,Finance & Assurance,Bopa,+229 76 69 11 45,épargne.sarl@épargne.sarl.org,épargnesarl.bj,TPE (<10),B2B,CCIB Annuaire,,Actif,2026-06-29T00:14:35.860998,haute
BJ-8C96E532,Épargne Groupe,Finance & Assurance,Bopa,+229 48 13 29 38,épargne.groupe@épargne.groupe.org,épargnegroupe.bj,TPE (<10),B2B,CCIB Annuaire,,Actif,2026-06-29T00:14:35.861009,haute
BJ-DDE1791A,Crédit,Finance & Assurance,Houéyogbé,+229 97 15 47 51,,crédit.bj,PME (50-200),B2B,CCIB Annuaire,,Actif,2026-06-29T00:14:35.861033,moyenne
BJ-1F8BCFCF,Cabinet International,Finance & Assurance,Houéyogbé,+229 38 30 16 87,cabinet.international@cabinet.international.org,cabinetinternational.bj,TPE (<10),B2B,CCIB Annuaire,,Actif,2026-06-29T00:14:35.861064,haute
BJ-2B7C4F6E,Assurance Épargne,Finance & Assurance,Houéyogbé,+229 78 29 50 91,assurance.épargne@assurance.épargne.benin,,PME (50-200),B2B,CCIB Annuaire,,Actif,2026-06-29T00:14:35.861089,moyenne
BJ-34D1FFF9,Banque Africa Houéyogbé,Finance & Assurance,Houéyogbé,+229 36 24 79 67,banque.africa.houéyogbé@banque.africa.houéyogbé.org,,TPE (<10),B2B,CCIB Annuaire,,Actif,2026-06-29T00:14:35.861107,moyenne
BJ-CBAE76B6,Sécurité,Finance & Assurance,Houéyogbé,+229 31 61 42 16,sécurité@sécurité.benin,sécurité.bj,TPE (<10),B2C,CCIB Annuaire,,Actif,2026-06-29T00:14:35.861132,haute
BJ-10AB6C7E,Finance Crédit International,Finance & Assurance,Malanville,+229 23 53 95 25,,,Grande (>200),B2B,CCIB Annuaire,,Actif,2026-06-29T00:14:35.861189,basse
BJ-C32E510A,Auto Bank,Finance & Assurance,Malanville,+229 52 15 80 81,auto.bank@auto.bank.com,autobank.bj,Grande (>200),B2B,CCIB Annuaire,,Actif,2026-06-29T00:14:35.861211,haute
BJ-CC518241,National,Finance & Assurance,Malanville,+229 64 70 34 65,national@national.org,national.bj,TPE (<10),B2C,CCIB Annuaire,,Actif,2026-06-29T00:14:35.861231,haute
BJ-40E52272,Protection Malanville,Finance & Assurance,Malanville,+229 51 93 13 13,protection.malanville@protection.malanville.org,protectionmalanville.bj,PME (10-50),B2B,CCIB Annuaire,,Actif,2026-06-29T00:14:35.861258,haute
BJ-25B535E2,International SARL Malanville,Finance & Assurance,Malanville,+229 59 35 79 86,international.sarl.malanville@international.sarl.malanville.benin,,PME (10-50),B2B,CCIB Annuaire,,Actif,2026-06-29T00:14:35.861299,moyenne
BJ-28ABB868,Société Sécurité,Finance & Assurance,Kandi,+229 93 61 81 48,,sociétésécurité.bj,PME (10-50),B2B,CCIB Annuaire,,Actif,2026-06-29T00:14:35.861354,moyenne
BJ-11D1FE5F,Groupe Africa,Finance & Assurance,Kandi,+229 27 35 64 45,groupe.africa@groupe.africa.org,groupeafrica.bj,PME (10-50),B2B,CCIB Annuaire,,Actif,2026-06-29T00:14:35.861383,haute
BJ-9AE4ABCC,Assurance Kandi,Finance & Assurance,Kandi,+229 68 92 95 90,assurance.kandi@assurance.kandi.bj,assurancekandi.bj,PME (50-200),B2C,CCIB Annuaire,,Actif,2026-06-29T00:14:35.861408,haute
BJ-6EAF83AA,Santé Assurances,Finance & Assurance,Kandi,+229 55 83 15 46,santé.assurances@santé.assurances.benin,santéassurances.bj,PME (50-200),B2C,CCIB Annuaire,,Actif,2026-06-29T00:14:35.861434,haute
BJ-0648A6A1,Capital,Finance & Assurance,Kandi,+229 84 11 68 31,,,TPE (<10),B2C,CCIB Annuaire,,Actif,2026-06-29T00:14:35.861454,basse
BJ-49BA23E4,Cabinet Épargne,Finance & Assurance,Banikoara,+229 21 54 73 83,cabinet.épargne@cabinet.épargne.bj,cabinetépargne.bj,PME (10-50),B2C,CCIB Annuaire,,Actif,2026-06-29T00:14:35.861487,haute
BJ-3E6640A3,Assurance Sécurité,Finance & Assurance,Banikoara,+229 87 18 26 59,assurance.sécurité@assurance.sécurité.benin,,TPE (<10),B2C,CCIB Annuaire,,Actif,2026-06-29T00:14:35.861522,moyenne
BJ-74496430,Société Investissement,Finance & Assurance,Banikoara,+229 52 84 23 85,société.investissement@société.investissement.net,sociétéinvestissement.bj,PME (10-50),B2B,CCIB Annuaire,,Actif,2026-06-29T00:14:35.861545,haute
BJ-DB6C1529,Société Sécurité SA Banikoara,Finance & Assurance,Banikoara,+229 43 11 73 39,,sociétésécuritésabanikoara.bj,PME (50-200),B2C,CCIB Annuaire,,Actif,2026-06-29T00:14:35.861564,moyenne
BJ-3DA3BFB8,Banque Crédit Finance,Finance & Assurance,Banikoara,+229 55 36 97 31,banque.crédit.finance@banque.crédit.finance.org,banquecréditfinance.bj,TPE (<10),B2C,CCIB Annuaire,,Actif,2026-06-29T00:14:35.861585,haute
BJ-1A1DE68E,Banque National,Finance & Assurance,Ségbana,+229 74 49 30 19,banque.national@banque.national.net,,PME (10-50),B2C,CCIB Annuaire,,Actif,2026-06-29T00:14:35.861614,moyenne
BJ-8D43253E,Assurance Invest,Finance & Assurance,Ségbana,+229 82 86 13 55,,assuranceinvest.bj,TPE (<10),B2B,CCIB Annuaire,,Actif,2026-06-29T00:14:35.861635,moyenne
BJ-00687DE6,Assurance Capital,Finance & Assurance,Ségbana,+229 59 78 39 94,assurance.capital@assurance.capital.com,,PME (10-50),B2B,CCIB Annuaire,,Actif,2026-06-29T00:14:35.861671,moyenne
BJ-187BF5EC,Banque Assurance Bank,Finance & Assurance,Ségbana,+229 42 44 90 61,banque.assurance.bank@banque.assurance.bank.net,banqueassurancebank.bj,PME (50-200),B2B,CCIB Annuaire,,Actif,2026-06-29T00:14:35.861715,haute
BJ-B2A6E119,Groupe Épargne Bank,Finance & Assurance,Ségbana,+229 44 42 53 54,groupe.épargne.bank@groupe.épargne.bank.bj,,PME (50-200),B2C,CCIB Annuaire,,Actif,2026-06-29T00:14:35.861751,moyenne
BJ-1A3485D4,Cabinet Africa SA,Finance & Assurance,Karimama,+229 93 89 62 66,cabinet.africa.sa@cabinet.africa.sa.benin,cabinetafricasa.bj,Grande (>200),B2B,CCIB Annuaire,,Actif,2026-06-29T00:14:35.861821,haute
BJ-7ECFBDAD,Groupe Épargne SARL,Finance & Assurance,Karimama,+229 33 95 18 40,groupe.épargne.sarl@groupe.épargne.sarl.bj,groupeépargnesarl.bj,TPE (<10),B2B,CCIB Annuaire,,Actif,2026-06-29T00:14:35.861851,haute
BJ-4D0AB9F0,International,Finance & Assurance,Karimama,+229 26 82 46 69,international@international.bj,international.bj,TPE (<10),B2B,CCIB Annuaire,,Actif,2026-06-29T00:14:35.861879,haute
BJ-631E16A0,Banque National Invest Karimama,Finance & Assurance,Karimama,+229 46 77 94 61,,banquenationalinvestkarimama.bj,TPE (<10),B2B,CCIB Annuaire,,Actif,2026-06-29T00:14:35.861918,moyenne
BJ-5257E4F5,Cabinet Sécurité,Finance & Assurance,Karimama,+229 92 11 71 48,cabinet.sécurité@cabinet.sécurité.com,cabinetsécurité.bj,PME (50-200),B2C,CCIB Annuaire,,Actif,2026-06-29T00:14:35.861950,haute
BJ-F966EC4D,Assurance,Finance & Assurance,Gogounou,+229 56 13 41 36,,assurance.bj,TPE (<10),B2C,CCIB Annuaire,,Actif,2026-06-29T00:14:35.861985,moyenne
BJ-C54965CF,Groupe International,Finance & Assurance,Gogounou,+229 59 94 47 97,groupe.international@groupe.international.com,groupeinternational.bj,TPE (<10),B2B,CCIB Annuaire,,Actif,2026-06-29T00:14:35.862013,haute
BJ-67CB0781,Finance Auto,Finance & Assurance,Gogounou,+229 52 73 60 53,finance.auto@finance.auto.bj,financeauto.bj,TPE (<10),B2B,CCIB Annuaire,,Actif,2026-06-29T00:14:35.862040,haute
BJ-B8A976E0,Cabinet Épargne SARL Gogounou,Finance & Assurance,Gogounou,+229 40 63 85 99,cabinet.épargne.sarl.gogounou@cabinet.épargne.sarl.gogounou.bj,,PME (10-50),B2B,CCIB Annuaire,,Actif,2026-06-29T00:14:35.862076,moyenne
BJ-FAC95733,Banque Auto International,Finance & Assurance,Gogounou,+229 24 67 46 42,banque.auto.international@banque.auto.international.bj,banqueautointernational.bj,PME (50-200),B2B,CCIB Annuaire,,Actif,2026-06-29T00:14:35.862108,haute
BJ-E4693ACA,Cabinet National Cobly,Finance & Assurance,Cobly,+229 25 26 74 17,cabinet.national.cobly@cabinet.national.cobly.net,,PME (50-200),B2C,CCIB Annuaire,,Actif,2026-06-29T00:14:35.862141,moyenne
BJ-C0104D6A,Banque West Assurances,Finance & Assurance,Cobly,+229 33 22 89 38,banque.west.assurances@banque.west.assurances.com,banquewestassurances.bj,PME (10-50),B2B,CCIB Annuaire,,Actif,2026-06-29T00:14:35.862218,haute
BJ-DFD2842F,Assurance Invest,Finance & Assurance,Cobly,+229 58 43 43 41,assurance.invest@assurance.invest.benin,assuranceinvest.bj,PME (10-50),B2B,CCIB Annuaire,,Actif,2026-06-29T00:14:35.862261,haute
BJ-43A28C03,Vie Cobly,Finance & Assurance,Cobly,+229 76 58 87 85,,viecobly.bj,Grande (>200),B2B,CCIB Annuaire,,Actif,2026-06-29T00:14:35.862299,moyenne
BJ-E7F30BBC,Sécurité Tanguiéta,Finance & Assurance,Tanguiéta,+229 36 61 17 78,,sécuritétanguiéta.bj,PME (50-200),B2C,CCIB Annuaire,,Actif,2026-06-29T00:14:35.862346,moyenne
BJ-87D95FFE,Finance Protection Assurances,Finance & Assurance,Tanguiéta,+229 33 33 89 42,finance.protection.assurances@finance.protection.assurances.benin,financeprotectionassurances.bj,PME (10-50),B2C,CCIB Annuaire,,Actif,2026-06-29T00:14:35.862381,haute
BJ-265C4BDB,Finance International SA,Finance & Assurance,Tanguiéta,+229 43 76 88 44,,,TPE (<10),B2C,CCIB Annuaire,,Actif,2026-06-29T00:14:35.862402,basse
BJ-0513215C,Africa SARL Tanguiéta,Finance & Assurance,Tanguiéta,+229 39 25 15 82,,,PME (10-50),B2B,CCIB Annuaire,,Actif,2026-06-29T00:14:35.862437,basse
BJ-7BA15F76,Protection,Finance & Assurance,Tanguiéta,+229 44 43 59 57,protection@protection.org,protection.bj,TPE (<10),B2B,CCIB Annuaire,,Actif,2026-06-29T00:14:35.862471,haute
BJ-CC3C4237,West,Finance & Assurance,Matéri,+229 77 49 35 54,west@west.bj,west.bj,TPE (<10),B2C,CCIB Annuaire,,Actif,2026-06-29T00:14:35.862510,haute
BJ-885D1477,Capital SARL Matéri,Finance & Assurance,Matéri,+229 87 20 11 45,capital.sarl.matéri@capital.sarl.matéri.com,capitalsarlmatéri.bj,PME (50-200),B2B,CCIB Annuaire,,Actif,2026-06-29T00:14:35.862563,haute
BJ-A9451F19,Protection,Finance & Assurance,Matéri,+229 62 27 24 11,,protection.bj,Grande (>200),B2B,CCIB Annuaire,,Actif,2026-06-29T00:14:35.862587,moyenne
BJ-940D737B,Vie Matéri,Finance & Assurance,Matéri,+229 80 45 29 26,vie.matéri@vie.matéri.benin,viematéri.bj,PME (10-50),B2C,CCIB Annuaire,,Actif,2026-06-29T00:14:35.862611,haute
BJ-94C5901F,Société Santé,Finance & Assurance,Natitingou,+229 27 17 99 19,société.santé@société.santé.net,sociétésanté.bj,TPE (<10),B2B,CCIB Annuaire,,Actif,2026-06-29T00:14:35.862646,haute
BJ-F114D094,Finance Auto Natitingou,Finance & Assurance,Natitingou,+229 71 97 79 75,,,TPE (<10),B2B,CCIB Annuaire,,Actif,2026-06-29T00:14:35.862666,basse
BJ-582CB6BF,Bénin,Finance & Assurance,Natitingou,+229 71 58 19 13,bénin@bénin.bj,bénin.bj,TPE (<10),B2C,CCIB Annuaire,,Actif,2026-06-29T00:14:35.862722,haute
BJ-CCDDD818,Finance Sécurité,Finance & Assurance,Toucountouna,+229 64 31 62 99,finance.sécurité@finance.sécurité.com,financesécurité.bj,PME (10-50),B2B,CCIB Annuaire,,Actif,2026-06-29T00:14:35.862781,haute
BJ-EFC73E03,Assurance Capital,Finance & Assurance,Toucountouna,+229 47 56 12 24,assurance.capital@assurance.capital.benin,assurancecapital.bj,PME (10-50),B2C,CCIB Annuaire,,Actif,2026-06-29T00:14:35.862802,haute
BJ-47F5E7EF,Assurance Capital Groupe,Finance & Assurance,Toucountouna,+229 79 39 45 69,assurance.capital.groupe@assurance.capital.groupe.org,assurancecapitalgroupe.bj,PME (10-50),B2C,CCIB Annuaire,,Actif,2026-06-29T00:14:35.862823,haute
BJ-04A8BA31,Assurance Crédit Toucountouna,Finance & Assurance,Toucountouna,+229 97 53 37 99,assurance.crédit.toucountouna@assurance.crédit.toucountouna.com,,TPE (<10),B2B,CCIB Annuaire,,Actif,2026-06-29T00:14:35.862855,moyenne
BJ-E9C2C445,West,Finance & Assurance,Toucountouna,+229 69 36 21 55,,,TPE (<10),B2C,CCIB Annuaire,,Actif,2026-06-29T00:14:35.862881,basse
BJ-FB42DBE3,Santé Finance Boukoumbé,Finance & Assurance,Boukoumbé,+229 78 90 14 49,,santéfinanceboukoumbé.bj,TPE (<10),B2B,CCIB Annuaire,,Actif,2026-06-29T00:14:35.862947,moyenne
BJ-8C882C31,Assurance Assurances,Finance & Assurance,Boukoumbé,+229 37 17 34 94,,,TPE (<10),B2C,CCIB Annuaire,,Actif,2026-06-29T00:14:35.862992,basse
BJ-CB27EE86,Épargne Boukoumbé,Finance & Assurance,Boukoumbé,+229 95 42 85 78,épargne.boukoumbé@épargne.boukoumbé.benin,,Grande (>200),B2B,CCIB Annuaire,,Actif,2026-06-29T00:14:35.863018,moyenne
BJ-8492C8B3,Cabinet Bénin Assurances,Finance & Assurance,Boukoumbé,+229 67 49 10 59,cabinet.bénin.assurances@cabinet.bénin.assurances.org,,TPE (<10),B2C,CCIB Annuaire,,Actif,2026-06-29T00:14:35.863053,moyenne
BJ-E536DE18,Société Vie Capital,Finance & Assurance,Boukoumbé,+229 70 49 22 27,société.vie.capital@société.vie.capital.com,,PME (10-50),B2C,CCIB Annuaire,,Actif,2026-06-29T00:14:35.863076,moyenne
BJ-D5AFCD0F,Assurance Crédit,Finance & Assurance,Kouandé,+229 34 87 81 62,assurance.crédit@assurance.crédit.org,assurancecrédit.bj,TPE (<10),B2B,CCIB Annuaire,,Actif,2026-06-29T00:14:35.863111,haute
BJ-820A60F8,Protection International,Finance & Assurance,Kouandé,+229 27 54 71 80,protection.international@protection.international.net,protectioninternational.bj,TPE (<10),B2C,CCIB Annuaire,,Actif,2026-06-29T00:14:35.863133,haute
BJ-69977463,Groupe Vie,Finance & Assurance,Kouandé,+229 22 18 58 28,groupe.vie@groupe.vie.net,groupevie.bj,PME (10-50),B2C,CCIB Annuaire,,Actif,2026-06-29T00:14:35.863157,haute
BJ-F3F4C1F5,Investissement SA,Finance & Assurance,Kouandé,+229 52 54 90 97,investissement.sa@investissement.sa.benin,investissementsa.bj,PME (10-50),B2B,CCIB Annuaire,,Actif,2026-06-29T00:14:35.863179,haute
BJ-170A2DEA,Bénin,Finance & Assurance,Kouandé,+229 60 61 65 17,bénin@bénin.com,,PME (10-50),B2B,CCIB Annuaire,,Actif,2026-06-29T00:14:35.863199,moyenne
BJ-CE21BE39,National Groupe,Finance & Assurance,Péhunco,+229 95 18 58 83,national.groupe@national.groupe.com,nationalgroupe.bj,PME (10-50),B2B,CCIB Annuaire,,Actif,2026-06-29T00:14:35.863231,haute
BJ-E5B7DE10,Sécurité,Finance & Assurance,Péhunco,+229 84 55 72 19,sécurité@sécurité.bj,,Grande (>200),B2B,CCIB Annuaire,,Actif,2026-06-29T00:14:35.863259,moyenne
BJ-30430A68,Assurance,Finance & Assurance,Péhunco,+229 47 94 37 59,assurance@assurance.org,,PME (50-200),B2B,CCIB Annuaire,,Actif,2026-06-29T00:14:35.863293,moyenne
BJ-5AAD4AC8,Banque Vie,Finance & Assurance,Péhunco,+229 68 37 41 73,banque.vie@banque.vie.org,banquevie.bj,Grande (>200),B2C,CCIB Annuaire,,Actif,2026-06-29T00:14:35.863349,haute
BJ-4E1BC7FC,Cabinet Africa Finance,Finance & Assurance,Péhunco,+229 78 28 80 88,,cabinetafricafinance.bj,PME (10-50),B2C,CCIB Annuaire,,Actif,2026-06-29T00:14:35.863377,moyenne
BJ-2125B436,National Capital,Finance & Assurance,Tchaourou,+229 72 39 57 94,,nationalcapital.bj,PME (10-50),B2B,CCIB Annuaire,,Actif,2026-06-29T00:14:35.863413,moyenne
BJ-2F54A673,International SA,Finance & Assurance,Tchaourou,+229 99 58 33 88,international.sa@international.sa.net,,TPE (<10),B2B,CCIB Annuaire,,Actif,2026-06-29T00:14:35.863445,moyenne
BJ-007BD655,Cabinet Santé SA Tchaourou,Finance & Assurance,Tchaourou,+229 89 10 75 23,cabinet.santé.sa.tchaourou@cabinet.santé.sa.tchaourou.com,cabinetsantésatchaourou.bj,TPE (<10),B2B,CCIB Annuaire,,Actif,2026-06-29T00:14:35.863478,haute
BJ-CA4FF470,Assurance Protection Bank,Finance & Assurance,Tchaourou,+229 81 18 84 60,assurance.protection.bank@assurance.protection.bank.bj,assuranceprotectionbank.bj,Grande (>200),B2C,CCIB Annuaire,,Actif,2026-06-29T00:14:35.863506,haute
BJ-C86E9C47,Vie,Finance & Assurance,Tchaourou,+229 46 82 85 76,vie@vie.org,vie.bj,PME (10-50),B2C,CCIB Annuaire,,Actif,2026-06-29T00:14:35.863537,haute
BJ-E63269A2,Assurance Nikki,Finance & Assurance,Nikki,+229 23 32 70 28,assurance.nikki@assurance.nikki.bj,,TPE (<10),B2B,CCIB Annuaire,,Actif,2026-06-29T00:14:35.863587,moyenne
BJ-1C3FD1F2,Santé,Finance & Assurance,Nikki,+229 56 30 25 90,,santé.bj,PME (50-200),B2B,CCIB Annuaire,,Actif,2026-06-29T00:14:35.863643,moyenne
BJ-64E65CD8,Crédit,Finance & Assurance,Nikki,+229 40 69 78 29,crédit@crédit.org,crédit.bj,PME (10-50),B2B,CCIB Annuaire,,Actif,2026-06-29T00:14:35.863675,haute
BJ-8F2C9F63,Société Investissement Assurances,Finance & Assurance,Nikki,+229 88 85 26 72,société.investissement.assurances@société.investissement.assurances.com,sociétéinvestissementassurances.bj,PME (10-50),B2B,CCIB Annuaire,,Actif,2026-06-29T00:14:35.863714,haute
BJ-D8509DB7,Cabinet Africa,Finance & Assurance,Bembéréké,+229 62 73 99 35,cabinet.africa@cabinet.africa.benin,,PME (10-50),B2B,CCIB Annuaire,,Actif,2026-06-29T00:14:35.863752,moyenne
BJ-ACCA6E5B,Assurance Bembéréké,Finance & Assurance,Bembéréké,+229 54 82 94 18,assurance.bembéréké@assurance.bembéréké.com,assurancebembéréké.bj,PME (10-50),B2C,CCIB Annuaire,,Actif,2026-06-29T00:14:35.863789,haute
BJ-30642073,Banque National Capital,Finance & Assurance,Bembéréké,+229 96 83 54 63,banque.national.capital@banque.national.capital.org,banquenationalcapital.bj,TPE (<10),B2B,CCIB Annuaire,,Actif,2026-06-29T00:14:35.863818,haute
BJ-1A216D94,West Finance Bembéréké,Finance & Assurance,Bembéréké,+229 61 55 48 44,west.finance.bembéréké@west.finance.bembéréké.com,westfinancebembéréké.bj,PME (10-50),B2C,CCIB Annuaire,,Actif,2026-06-29T00:14:35.863848,haute
BJ-454F3A75,Banque National Assurances Bembéréké,Finance & Assurance,Bembéréké,+229 73 86 93 41,banque.national.assurances.bembéréké@banque.national.assurances.bembéréké.benin,,Grande (>200),B2B,CCIB Annuaire,,Actif,2026-06-29T00:14:35.863876,moyenne
BJ-AE0C9C99,Finance Africa SARL,Finance & Assurance,Kalalé,+229 68 69 40 66,finance.africa.sarl@finance.africa.sarl.bj,,PME (10-50),B2B,CCIB Annuaire,,Actif,2026-06-29T00:14:35.863975,moyenne
BJ-E54AD45F,Assurance Invest Kalalé,Finance & Assurance,Kalalé,+229 39 46 85 26,assurance.invest.kalalé@assurance.invest.kalalé.benin,assuranceinvestkalalé.bj,Grande (>200),B2C,CCIB Annuaire,,Actif,2026-06-29T00:14:35.864018,haute
BJ-6115B587,Société Sécurité,Finance & Assurance,Kalalé,+229 96 76 26 95,,sociétésécurité.bj,TPE (<10),B2B,CCIB Annuaire,,Actif,2026-06-29T00:14:35.864040,moyenne
BJ-FB498829,Investissement SA,Finance & Assurance,Kalalé,+229 77 40 27 79,,investissementsa.bj,TPE (<10),B2B,CCIB Annuaire,,Actif,2026-06-29T00:14:35.864054,moyenne
BJ-E81A5FB9,Finance Bénin Bank Ndali,Finance & Assurance,Ndali,+229 24 70 80 25,finance.bénin.bank.ndali@finance.bénin.bank.ndali.org,financebéninbankndali.bj,Grande (>200),B2C,CCIB Annuaire,,Actif,2026-06-29T00:14:35.864079,haute
BJ-A0AD9F71,Assurance Finance,Finance & Assurance,Ndali,+229 85 48 59 83,assurance.finance@assurance.finance.com,assurancefinance.bj,PME (50-200),B2B,CCIB Annuaire,,Actif,2026-06-29T00:14:35.864093,haute
BJ-6C1D919E,Bénin,Finance & Assurance,Ndali,+229 76 14 67 59,bénin@bénin.com,bénin.bj,PME (10-50),B2B,CCIB Annuaire,,Actif,2026-06-29T00:14:35.864107,haute
BJ-96722165,Banque Santé SARL,Finance & Assurance,Ndali,+229 60 17 45 90,banque.santé.sarl@banque.santé.sarl.org,banquesantésarl.bj,Grande (>200),B2B,CCIB Annuaire,,Actif,2026-06-29T00:14:35.864120,haute
BJ-BEB6877A,Assurance,Finance & Assurance,Ndali,+229 68 14 87 11,assurance@assurance.bj,assurance.bj,Grande (>200),B2C,CCIB Annuaire,,Actif,2026-06-29T00:14:35.864133,haute
BJ-64DF3835,Société Africa Ségbana,Finance & Assurance,Ségbana,+229 41 35 92 98,,,TPE (<10),B2C,CCIB Annuaire,,Actif,2026-06-29T00:14:35.864152,basse
BJ-A17B1A4A,Finance International Invest,Finance & Assurance,Ségbana,+229 42 57 87 11,finance.international.invest@finance.international.invest.benin,financeinternationalinvest.bj,TPE (<10),B2C,CCIB Annuaire,,Actif,2026-06-29T00:14:35.864204,haute
BJ-077EB804,Société Vie,Finance & Assurance,Ségbana,+229 24 79 48 26,société.vie@société.vie.bj,sociétévie.bj,TPE (<10),B2B,CCIB Annuaire,,Actif,2026-06-29T00:14:35.864223,haute
BJ-C6E42CFD,Société Investissement Ségbana,Finance & Assurance,Ségbana,+229 88 39 15 84,société.investissement.ségbana@société.investissement.ségbana.com,sociétéinvestissementségbana.bj,TPE (<10),B2B,CCIB Annuaire,,Actif,2026-06-29T00:14:35.864238,haute
BJ-618CADCB,Assurance Bénin International,Finance & Assurance,Tchaourou,+229 64 77 13 48,,,TPE (<10),B2B,CCIB Annuaire,,Actif,2026-06-29T00:14:35.864256,basse
BJ-D4EA5F88,Finance Africa,Finance & Assurance,Tchaourou,+229 30 89 46 72,finance.africa@finance.africa.bj,,PME (10-50),B2C,CCIB Annuaire,,Actif,2026-06-29T00:14:35.864267,moyenne
BJ-7DB9B273,Finance Sécurité Tchaourou,Finance & Assurance,Tchaourou,+229 53 68 94 94,finance.sécurité.tchaourou@finance.sécurité.tchaourou.bj,financesécuritétchaourou.bj,TPE (<10),B2B,CCIB Annuaire,,Actif,2026-06-29T00:14:35.864282,haute
BJ-958907BE,Cabinet Vie,Finance & Assurance,Tchaourou,+229 86 94 34 86,cabinet.vie@cabinet.vie.bj,,Grande (>200),B2B,CCIB Annuaire,,Actif,2026-06-29T00:14:35.864294,moyenne
BJ-FD47698C,Banque Auto,Finance & Assurance,Tchaourou,+229 41 41 43 47,banque.auto@banque.auto.net,banqueauto.bj,PME (50-200),B2B,CCIB Annuaire,,Actif,2026-06-29T00:14:35.864318,haute
BJ-7BD6FA15,Finance National Bétérou,Finance & Assurance,Bétérou,+229 49 92 21 11,finance.national.bétérou@finance.national.bétérou.benin,,TPE (<10),B2B,CCIB Annuaire,,Actif,2026-06-29T00:14:35.864346,moyenne
BJ-ABBC9871,Crédit Capital,Finance & Assurance,Bétérou,+229 85 98 14 72,crédit.capital@crédit.capital.bj,,PME (50-200),B2B,CCIB Annuaire,,Actif,2026-06-29T00:14:35.864395,moyenne
BJ-F38C28C2,Bénin,Finance & Assurance,Bétérou,+229 69 60 16 59,bénin@bénin.bj,bénin.bj,Grande (>200),B2B,CCIB Annuaire,,Actif,2026-06-29T00:14:35.864425,haute
BJ-CA3DCBE0,Crédit,Finance & Assurance,Bétérou,+229 59 77 79 35,crédit@crédit.org,,PME (50-200),B2B,CCIB Annuaire,,Actif,2026-06-29T00:14:35.864477,moyenne
BJ-1BD69BE4,Finance Assurance,Finance & Assurance,Ouessè,+229 46 83 97 19,,,PME (10-50),B2C,CCIB Annuaire,,Actif,2026-06-29T00:14:35.864512,basse
BJ-DC3AFD9A,Protection Bank,Finance & Assurance,Ouessè,+229 78 81 44 81,protection.bank@protection.bank.bj,,PME (50-200),B2C,CCIB Annuaire,,Actif,2026-06-29T00:14:35.864527,moyenne
BJ-BB059B9B,Cabinet Épargne Ouessè,Finance & Assurance,Ouessè,+229 53 96 81 82,cabinet.épargne.ouessè@cabinet.épargne.ouessè.bj,cabinetépargneouessè.bj,TPE (<10),B2B,CCIB Annuaire,,Actif,2026-06-29T00:14:35.864542,haute
BJ-7113F69E,Groupe International Bank,Finance & Assurance,Ouessè,+229 31 37 93 99,groupe.international.bank@groupe.international.bank.org,,PME (50-200),B2B,CCIB Annuaire,,Actif,2026-06-29T00:14:35.864555,moyenne
BJ-39E537DC,Assurance Assurance Ouessè,Finance & Assurance,Ouessè,+229 49 86 63 78,assurance.assurance.ouessè@assurance.assurance.ouessè.com,assuranceassuranceouessè.bj,Grande (>200),B2C,CCIB Annuaire,,Actif,2026-06-29T00:14:35.864573,haute
BJ-33C0D78E,Sécurité SA,Finance & Assurance,Glazoué,+229 93 84 19 85,sécurité.sa@sécurité.sa.org,sécuritésa.bj,TPE (<10),B2B,CCIB Annuaire,,Actif,2026-06-29T00:14:35.864597,haute
BJ-AF0858F8,Groupe Bénin SA,Finance & Assurance,Glazoué,+229 58 54 10 33,,groupebéninsa.bj,PME (50-200),B2B,CCIB Annuaire,,Actif,2026-06-29T00:14:35.864610,moyenne
BJ-654F469E,Finance Auto SA,Finance & Assurance,Glazoué,+229 66 82 73 11,finance.auto.sa@finance.auto.sa.org,financeautosa.bj,TPE (<10),B2B,CCIB Annuaire,,Actif,2026-06-29T00:14:35.864623,haute
BJ-C779229F,Groupe Auto Glazoué,Finance & Assurance,Glazoué,+229 52 72 41 29,,,TPE (<10),B2C,CCIB Annuaire,,Actif,2026-06-29T00:14:35.864637,basse
BJ-575DBCEC,Assurance Vie Capital,Finance & Assurance,Glazoué,+229 98 98 52 48,,,PME (10-50),B2C,CCIB Annuaire,,Actif,2026-06-29T00:14:35.864649,basse
BJ-A1BC22C1,Auto,Finance & Assurance,Dassa-Zoumè,+229 27 83 24 56,auto@auto.net,auto.bj,PME (10-50),B2B,CCIB Annuaire,,Actif,2026-06-29T00:14:35.864668,haute
BJ-4AAE5642,Capital Dassa-Zoumè,Finance & Assurance,Dassa-Zoumè,+229 68 49 83 24,capital.dassazoumè@capital.dassazoumè.bj,capitaldassazoumè.bj,PME (10-50),B2C,CCIB Annuaire,,Actif,2026-06-29T00:14:35.864681,haute
BJ-C1A20328,West Assurances,Finance & Assurance,Dassa-Zoumè,+229 56 78 56 67,west.assurances@west.assurances.org,,PME (10-50),B2B,CCIB Annuaire,,Actif,2026-06-29T00:14:35.864696,moyenne
BJ-9219822C,Société International International,Finance & Assurance,Dassa-Zoumè,+229 93 28 48 22,société.international.international@société.international.international.net,sociétéinternationalinternational.bj,TPE (<10),B2C,CCIB Annuaire,,Actif,2026-06-29T00:14:35.864711,haute
BJ-232F870B,Crédit Dassa-Zoumè,Finance & Assurance,Dassa-Zoumè,+229 49 89 94 45,crédit.dassazoumè@crédit.dassazoumè.benin,,TPE (<10),B2B,CCIB Annuaire,,Actif,2026-06-29T00:14:35.864724,moyenne
BJ-D1EA8F46,Assurance International,Finance & Assurance,Savalou,+229 68 69 40 63,assurance.international@assurance.international.net,assuranceinternational.bj,PME (50-200),B2C,CCIB Annuaire,,Actif,2026-06-29T00:14:35.864755,haute
BJ-13412FDD,Banque Bénin Bank,Finance & Assurance,Savalou,+229 73 75 53 41,banque.bénin.bank@banque.bénin.bank.bj,banquebéninbank.bj,PME (50-200),B2B,CCIB Annuaire,,Actif,2026-06-29T00:14:35.864771,haute
BJ-426F1084,Banque Auto,Finance & Assurance,Savalou,+229 52 21 45 77,banque.auto@banque.auto.org,banqueauto.bj,PME (10-50),B2C,CCIB Annuaire,,Actif,2026-06-29T00:14:35.864787,haute
BJ-6F983958,West International,Finance & Assurance,Savalou,+229 26 68 31 98,west.international@west.international.benin,,TPE (<10),B2C,CCIB Annuaire,,Actif,2026-06-29T00:14:35.864799,moyenne
BJ-F66E8121,Assurance Épargne Finance Bantè,Finance & Assurance,Bantè,+229 33 60 99 81,,assuranceépargnefinancebantè.bj,Grande (>200),B2C,CCIB Annuaire,,Actif,2026-06-29T00:14:35.864818,moyenne
BJ-52B3D08B,Société Assurance Invest,Finance & Assurance,Bantè,+229 44 65 24 97,,sociétéassuranceinvest.bj,TPE (<10),B2C,CCIB Annuaire,,Actif,2026-06-29T00:14:35.864830,moyenne
BJ-FEBD8E19,Finance Investissement,Finance & Assurance,Bantè,+229 96 10 69 92,finance.investissement@finance.investissement.org,financeinvestissement.bj,TPE (<10),B2C,CCIB Annuaire,,Actif,2026-06-29T00:14:35.864842,haute
BJ-87651D15,Société Protection Capital,Finance & Assurance,Bantè,+229 92 74 59 69,société.protection.capital@société.protection.capital.com,,Grande (>200),B2B,CCIB Annuaire,,Actif,2026-06-29T00:14:35.864854,moyenne
BJ-9E31B0C2,Banque Assurance International Bantè,Finance & Assurance,Bantè,+229 98 11 93 35,banque.assurance.international.bantè@banque.assurance.international.bantè.benin,,PME (10-50),B2C,CCIB Annuaire,,Actif,2026-06-29T00:14:35.864867,moyenne
BJ-C64A3A7E,West International,Finance & Assurance,Djougou,+229 23 17 54 81,west.international@west.international.com,westinternational.bj,PME (10-50),B2C,CCIB Annuaire,,Actif,2026-06-29T00:14:35.864884,haute
BJ-AC4F724C,Banque Sécurité Assurances Djougou,Finance & Assurance,Djougou,+229 59 80 85 30,banque.sécurité.assurances.djougou@banque.sécurité.assurances.djougou.net,banquesécuritéassurancesdjougou.bj,TPE (<10),B2C,CCIB Annuaire,,Actif,2026-06-29T00:14:35.864931,haute
BJ-0A4A7928,Bénin,Finance & Assurance,Djougou,+229 21 12 67 64,bénin@bénin.org,bénin.bj,Grande (>200),B2B,CCIB Annuaire,,Actif,2026-06-29T00:14:35.864963,haute
BJ-9DDA4251,Groupe West Djougou,Finance & Assurance,Djougou,+229 33 88 88 68,groupe.west.djougou@groupe.west.djougou.org,groupewestdjougou.bj,PME (50-200),B2C,CCIB Annuaire,,Actif,2026-06-29T00:14:35.865002,haute
BJ-965EF604,Investissement International,Finance & Assurance,Djougou,+229 76 50 85 60,investissement.international@investissement.international.org,investissementinternational.bj,TPE (<10),B2B,CCIB Annuaire,,Actif,2026-06-29T00:14:35.865071,haute
BJ-D6D036FF,Finance Bénin Groupe Ouèssè,Finance & Assurance,Ouèssè,+229 51 11 77 99,finance.bénin.groupe.ouèssè@finance.bénin.groupe.ouèssè.bj,,TPE (<10),B2B,CCIB Annuaire,,Actif,2026-06-29T00:14:35.865129,moyenne
BJ-2A319362,Société Crédit Groupe,Finance & Assurance,Ouèssè,+229 47 86 84 99,société.crédit.groupe@société.crédit.groupe.net,sociétécréditgroupe.bj,TPE (<10),B2C,CCIB Annuaire,,Actif,2026-06-29T00:14:35.865146,haute
BJ-41546934,Groupe Épargne Bank Ouèssè,Finance & Assurance,Ouèssè,+229 97 41 93 46,groupe.épargne.bank.ouèssè@groupe.épargne.bank.ouèssè.benin,groupeépargnebankouèssè.bj,TPE (<10),B2B,CCIB Annuaire,,Actif,2026-06-29T00:14:35.865162,haute
BJ-AA26CB90,Société Crédit,Finance & Assurance,Ouèssè,+229 62 31 54 36,,sociétécrédit.bj,TPE (<10),B2B,CCIB Annuaire,,Actif,2026-06-29T00:14:35.865193,moyenne
BJ-58F9CD0E,Auto,Finance & Assurance,Ouèssè,+229 36 78 42 48,auto@auto.bj,auto.bj,TPE (<10),B2B,CCIB Annuaire,,Actif,2026-06-29T00:14:35.865224,haute
BJ-70CFC481,Crédit,Finance & Assurance,Bassila,+229 80 50 83 52,crédit@crédit.org,,PME (10-50),B2B,CCIB Annuaire,,Actif,2026-06-29T00:14:35.865248,moyenne
BJ-C4125732,Assurance National International,Finance & Assurance,Bassila,+229 23 68 87 58,assurance.national.international@assurance.national.international.net,,PME (50-200),B2B,CCIB Annuaire,,Actif,2026-06-29T00:14:35.865263,moyenne
BJ-96A393F2,Africa Bank,Finance & Assurance,Bassila,+229 29 27 86 30,,,PME (10-50),B2C,CCIB Annuaire,,Actif,2026-06-29T00:14:35.865274,basse
BJ-DC8BE02E,Santé Bassila,Finance & Assurance,Bassila,+229 24 65 41 63,santé.bassila@santé.bassila.org,santébassila.bj,PME (10-50),B2C,CCIB Annuaire,,Actif,2026-06-29T00:14:35.865293,haute
BJ-1CC1C710,Auto Groupe,Finance & Assurance,Bassila,+229 53 91 75 92,,autogroupe.bj,TPE (<10),B2B,CCIB Annuaire,,Actif,2026-06-29T00:14:35.865306,moyenne
BJ-95DD89F1,International International,Finance & Assurance,Pehunco,+229 24 81 62 43,international.international@international.international.bj,internationalinternational.bj,PME (50-200),B2C,CCIB Annuaire,,Actif,2026-06-29T00:14:35.865343,haute
BJ-0AAE7031,Groupe Protection International,Finance & Assurance,Pehunco,+229 59 49 76 59,,groupeprotectioninternational.bj,PME (50-200),B2B,CCIB Annuaire,,Actif,2026-06-29T00:14:35.865356,moyenne
BJ-AE14C973,Africa,Finance & Assurance,Pehunco,+229 64 65 46 73,africa@africa.org,africa.bj,PME (10-50),B2C,CCIB Annuaire,,Actif,2026-06-29T00:14:35.865368,haute
BJ-8572E18F,Groupe Crédit Bank,Finance & Assurance,Pehunco,+229 69 44 47 97,groupe.crédit.bank@groupe.crédit.bank.benin,,PME (10-50),B2B,CCIB Annuaire,,Actif,2026-06-29T00:14:35.865384,moyenne
BJ-5E4C321F,Africa Assurances,Finance & Assurance,Pehunco,+229 60 72 69 26,africa.assurances@africa.assurances.org,,TPE (<10),B2C,CCIB Annuaire,,Actif,2026-06-29T00:14:35.865396,moyenne
BJ-1BD7186C,Société Capital Capital,Finance & Assurance,Copargo,+229 36 10 94 66,société.capital.capital@société.capital.capital.com,,TPE (<10),B2C,CCIB Annuaire,,Actif,2026-06-29T00:14:35.865415,moyenne
BJ-00D45417,West,Finance & Assurance,Copargo,+229 33 33 50 16,west@west.benin,,TPE (<10),B2C,CCIB Annuaire,,Actif,2026-06-29T00:14:35.865432,moyenne
BJ-CA003F1D,Finance International International,Finance & Assurance,Copargo,+229 95 49 65 50,,financeinternationalinternational.bj,PME (50-200),B2B,CCIB Annuaire,,Actif,2026-06-29T00:14:35.865443,moyenne
BJ-9B48B3D2,Cabinet Protection Capital,Finance & Assurance,Copargo,+229 96 13 39 95,,cabinetprotectioncapital.bj,PME (50-200),B2C,CCIB Annuaire,,Actif,2026-06-29T00:14:35.865458,moyenne
BJ-751732F4,Banque Africa,Finance & Assurance,Copargo,+229 54 11 77 44,,,PME (10-50),B2C,CCIB Annuaire,,Actif,2026-06-29T00:14:35.865470,basse
BJ-AD67EE11,Transport Maritime Cotonou,Transport & Logistique,Cotonou,+229 44 68 88 36,,,PME (10-50),B2C,CCIB Annuaire,,Actif,2026-06-29T00:14:35.865488,basse
BJ-8E0BACFB,Logistique Distribution,Transport & Logistique,Cotonou,+229 33 89 28 87,logistique.distribution@logistique.distribution.benin,logistiquedistribution.bj,PME (50-200),B2C,CCIB Annuaire,,Actif,2026-06-29T00:14:35.865501,haute
BJ-9ACCED75,Groupe Transit,Transport & Logistique,Cotonou,+229 39 90 89 84,,,Grande (>200),B2B,CCIB Annuaire,,Actif,2026-06-29T00:14:35.865511,basse
BJ-13231B9D,Express Urgent,Transport & Logistique,Cotonou,+229 43 86 23 49,express.urgent@express.urgent.org,expressurgent.bj,PME (50-200),B2B,CCIB Annuaire,,Actif,2026-06-29T00:14:35.865525,haute
BJ-E528E3F1,Aérien Delivery,Transport & Logistique,Cotonou,+229 86 34 18 46,aérien.delivery@aérien.delivery.bj,aériendelivery.bj,TPE (<10),B2B,CCIB Annuaire,,Actif,2026-06-29T00:14:35.865538,haute
BJ-A25D2990,Groupe Maritime International,Transport & Logistique,Abomey-Calavi,+229 68 33 92 13,groupe.maritime.international@groupe.maritime.international.org,groupemaritimeinternational.bj,PME (50-200),B2B,CCIB Annuaire,,Actif,2026-06-29T00:14:35.865556,haute
BJ-68EF2573,Messagerie,Transport & Logistique,Abomey-Calavi,+229 67 36 10 34,,,PME (10-50),B2B,CCIB Annuaire,,Actif,2026-06-29T00:14:35.865567,basse
BJ-273915DF,Urgent Delivery,Transport & Logistique,Abomey-Calavi,+229 77 36 21 83,,urgentdelivery.bj,TPE (<10),B2B,CCIB Annuaire,,Actif,2026-06-29T00:14:35.865578,moyenne
BJ-1647F1E6,Rapide International Abomey-Calavi,Transport & Logistique,Abomey-Calavi,+229 91 42 11 98,rapide.international.abomeycalavi@rapide.international.abomeycalavi.bj,,PME (10-50),B2C,CCIB Annuaire,,Actif,2026-06-29T00:14:35.865593,moyenne
BJ-C20E987E,Delivery Urgent Bénin,Transport & Logistique,Abomey-Calavi,+229 74 68 56 64,,deliveryurgentbénin.bj,PME (10-50),B2C,CCIB Annuaire,,Actif,2026-06-29T00:14:35.865606,moyenne
BJ-708D89CD,Logistique Fret Express,Transport & Logistique,Porto-Novo,+229 64 33 39 53,,logistiquefretexpress.bj,TPE (<10),B2B,CCIB Annuaire,,Actif,2026-06-29T00:14:35.865627,moyenne
BJ-E9E2A6ED,Express Urgent Bénin,Transport & Logistique,Porto-Novo,+229 67 73 43 54,express.urgent.bénin@express.urgent.bénin.net,expressurgentbénin.bj,TPE (<10),B2C,CCIB Annuaire,,Actif,2026-06-29T00:14:35.865641,haute
BJ-3E56EEDB,Delivery Livraison,Transport & Logistique,Porto-Novo,+229 25 25 33 16,delivery.livraison@delivery.livraison.com,,PME (10-50),B2C,CCIB Annuaire,,Actif,2026-06-29T00:14:35.865653,moyenne
BJ-DBCC1092,Rapide Express Bénin,Transport & Logistique,Porto-Novo,+229 98 25 37 25,rapide.express.bénin@rapide.express.bénin.bj,,PME (10-50),B2C,CCIB Annuaire,,Actif,2026-06-29T00:14:35.865668,moyenne
BJ-FDA47497,Groupe Urgent Logistique,Transport & Logistique,Porto-Novo,+229 29 67 53 27,,groupeurgentlogistique.bj,TPE (<10),B2C,CCIB Annuaire,,Actif,2026-06-29T00:14:35.865680,moyenne
BJ-8CF6AACA,Livraison Delivery,Transport & Logistique,Parakou,+229 33 67 29 13,livraison.delivery@livraison.delivery.com,livraisondelivery.bj,TPE (<10),B2C,CCIB Annuaire,,Actif,2026-06-29T00:14:35.865697,haute
BJ-684F79F4,Urgent,Transport & Logistique,Parakou,+229 64 39 64 70,urgent@urgent.benin,urgent.bj,PME (10-50),B2C,CCIB Annuaire,,Actif,2026-06-29T00:14:35.865710,haute
BJ-C4AA13FF,Courrier Logistique,Transport & Logistique,Parakou,+229 35 70 89 31,courrier.logistique@courrier.logistique.bj,,TPE (<10),B2C,CCIB Annuaire,,Actif,2026-06-29T00:14:35.865721,moyenne
BJ-69D97979,Express Courrier,Transport & Logistique,Parakou,+229 41 99 23 92,express.courrier@express.courrier.com,,PME (10-50),B2C,CCIB Annuaire,,Actif,2026-06-29T00:14:35.865739,moyenne
BJ-74C00986,SARL Déménagement Express,Transport & Logistique,Parakou,+229 33 97 71 38,,sarldéménagementexpress.bj,TPE (<10),B2B,CCIB Annuaire,,Actif,2026-06-29T00:14:35.865752,moyenne
BJ-7D241EEA,Express Déménagement Transport,Transport & Logistique,Bohicon,+229 58 58 33 26,,,PME (50-200),B2C,CCIB Annuaire,,Actif,2026-06-29T00:14:35.865769,basse
BJ-55E6C9F9,Delivery Déménagement Logistique,Transport & Logistique,Bohicon,+229 52 53 65 18,,,PME (10-50),B2C,CCIB Annuaire,,Actif,2026-06-29T00:14:35.865780,basse
BJ-5BF683FE,Rapide Bénin,Transport & Logistique,Bohicon,+229 65 73 12 29,rapide.bénin@rapide.bénin.org,,TPE (<10),B2C,CCIB Annuaire,,Actif,2026-06-29T00:14:35.865793,moyenne
BJ-99016F77,Cargo Africa,Transport & Logistique,Bohicon,+229 51 62 61 44,,,TPE (<10),B2B,CCIB Annuaire,,Actif,2026-06-29T00:14:35.865804,basse
BJ-0DD81C90,Déménagement,Transport & Logistique,Bohicon,+229 67 62 20 57,déménagement@déménagement.com,déménagement.bj,TPE (<10),B2B,CCIB Annuaire,,Actif,2026-06-29T00:14:35.865816,haute
BJ-7C0E3330,Fret,Transport & Logistique,Natitingou,+229 76 86 96 25,,,Grande (>200),B2C,CCIB Annuaire,,Actif,2026-06-29T00:14:35.865834,basse
BJ-3CF4B33D,Rapide Urgent Natitingou,Transport & Logistique,Natitingou,+229 90 55 99 47,,,PME (10-50),B2C,CCIB Annuaire,,Actif,2026-06-29T00:14:35.865844,basse
BJ-564A9109,Messagerie International,Transport & Logistique,Natitingou,+229 76 37 90 68,,,TPE (<10),B2C,CCIB Annuaire,,Actif,2026-06-29T00:14:35.865881,basse
BJ-6C924565,SARL Transit,Transport & Logistique,Natitingou,+229 53 14 23 45,sarl.transit@sarl.transit.org,sarltransit.bj,PME (10-50),B2B,CCIB Annuaire,,Actif,2026-06-29T00:14:35.865916,haute
BJ-31FCEB74,Urgent Africa Lokossa,Transport & Logistique,Lokossa,+229 50 89 88 97,,urgentafricalokossa.bj,PME (10-50),B2B,CCIB Annuaire,,Actif,2026-06-29T00:14:35.865940,moyenne
BJ-3CFB6D18,Maritime,Transport & Logistique,Lokossa,+229 49 61 21 52,maritime@maritime.com,,PME (10-50),B2C,CCIB Annuaire,,Actif,2026-06-29T00:14:35.865952,moyenne
BJ-334ABD82,Delivery Aérien,Transport & Logistique,Lokossa,+229 98 66 40 29,delivery.aérien@delivery.aérien.com,,PME (10-50),B2B,CCIB Annuaire,,Actif,2026-06-29T00:14:35.865964,moyenne
BJ-77EB0FB4,Route,Transport & Logistique,Lokossa,+229 41 11 75 90,route@route.benin,route.bj,PME (50-200),B2B,CCIB Annuaire,,Actif,2026-06-29T00:14:35.865976,haute
BJ-18D538B1,Messagerie Lokossa,Transport & Logistique,Lokossa,+229 44 71 14 24,messagerie.lokossa@messagerie.lokossa.net,messagerielokossa.bj,TPE (<10),B2C,CCIB Annuaire,,Actif,2026-06-29T00:14:35.865989,haute
BJ-51AE69EC,SARL Courrier,Transport & Logistique,Ouidah,+229 21 63 29 68,sarl.courrier@sarl.courrier.net,,TPE (<10),B2B,CCIB Annuaire,,Actif,2026-06-29T00:14:35.866006,moyenne
BJ-31BB64B2,Livraison Bénin,Transport & Logistique,Ouidah,+229 63 41 22 92,,,TPE (<10),B2C,CCIB Annuaire,,Actif,2026-06-29T00:14:35.866017,basse
BJ-712542E9,Delivery Courrier,Transport & Logistique,Ouidah,+229 65 36 75 95,,deliverycourrier.bj,Grande (>200),B2C,CCIB Annuaire,,Actif,2026-06-29T00:14:35.866028,moyenne
BJ-FA6B89D7,Groupe Livraison,Transport & Logistique,Ouidah,+229 39 49 57 59,groupe.livraison@groupe.livraison.net,groupelivraison.bj,PME (10-50),B2C,CCIB Annuaire,,Actif,2026-06-29T00:14:35.866043,haute
BJ-4DEDF425,Transport Déménagement,Transport & Logistique,Ouidah,+229 88 95 33 38,transport.déménagement@transport.déménagement.benin,,Grande (>200),B2B,CCIB Annuaire,,Actif,2026-06-29T00:14:35.866055,moyenne
BJ-8F2A7907,Groupe Distribution,Transport & Logistique,Savalou,+229 47 86 71 82,,groupedistribution.bj,TPE (<10),B2B,CCIB Annuaire,,Actif,2026-06-29T00:14:35.866086,moyenne
BJ-4F9105B5,Delivery Rapide Savalou,Transport & Logistique,Savalou,+229 35 78 42 52,delivery.rapide.savalou@delivery.rapide.savalou.net,deliveryrapidesavalou.bj,PME (50-200),B2B,CCIB Annuaire,,Actif,2026-06-29T00:14:35.866098,haute
BJ-C5251287,Groupe Urgent SARL,Transport & Logistique,Savalou,+229 48 70 86 83,groupe.urgent.sarl@groupe.urgent.sarl.com,,PME (10-50),B2C,CCIB Annuaire,,Actif,2026-06-29T00:14:35.866121,moyenne
BJ-EC209332,Rapide Livraison,Transport & Logistique,Dassa-Zoumè,+229 41 65 69 62,,rapidelivraison.bj,PME (10-50),B2C,CCIB Annuaire,,Actif,2026-06-29T00:14:35.866147,moyenne
BJ-8D83213D,Maritime Africa,Transport & Logistique,Dassa-Zoumè,+229 90 55 59 45,maritime.africa@maritime.africa.com,maritimeafrica.bj,PME (10-50),B2B,CCIB Annuaire,,Actif,2026-06-29T00:14:35.866160,haute
BJ-C897D066,Route SARL,Transport & Logistique,Dassa-Zoumè,+229 93 53 27 34,route.sarl@route.sarl.net,,TPE (<10),B2B,CCIB Annuaire,,Actif,2026-06-29T00:14:35.866172,moyenne
BJ-B136EA74,Delivery Messagerie,Transport & Logistique,Dassa-Zoumè,+229 39 81 34 14,,deliverymessagerie.bj,Grande (>200),B2C,CCIB Annuaire,,Actif,2026-06-29T00:14:35.866186,moyenne
BJ-2C091636,Rapide,Transport & Logistique,Dassa-Zoumè,+229 45 81 78 15,,rapide.bj,PME (10-50),B2C,CCIB Annuaire,,Actif,2026-06-29T00:14:35.866198,moyenne
BJ-30805E51,Logistique Transit Kétou,Transport & Logistique,Kétou,+229 97 64 32 71,,logistiquetransitkétou.bj,PME (10-50),B2B,CCIB Annuaire,,Actif,2026-06-29T00:14:35.866219,moyenne
BJ-BE8C8306,Express Déménagement International,Transport & Logistique,Kétou,+229 82 72 62 18,express.déménagement.international@express.déménagement.international.bj,expressdéménagementinternational.bj,PME (50-200),B2C,CCIB Annuaire,,Actif,2026-06-29T00:14:35.866236,haute
BJ-A909DBA8,Livraison Delivery,Transport & Logistique,Kétou,+229 21 76 37 74,livraison.delivery@livraison.delivery.net,,Grande (>200),B2C,CCIB Annuaire,,Actif,2026-06-29T00:14:35.866248,moyenne
BJ-925EDBA5,Transit Transport Kétou,Transport & Logistique,Kétou,+229 73 37 67 52,transit.transport.kétou@transit.transport.kétou.benin,transittransportkétou.bj,TPE (<10),B2C,CCIB Annuaire,,Actif,2026-06-29T00:14:35.866261,haute
BJ-3FEBD80E,Courrier,Transport & Logistique,Covè,+229 88 84 93 96,,,PME (10-50),B2B,CCIB Annuaire,,Actif,2026-06-29T00:14:35.866291,basse
BJ-82042D3E,Express Bénin,Transport & Logistique,Covè,+229 61 66 34 92,,expressbénin.bj,TPE (<10),B2C,CCIB Annuaire,,Actif,2026-06-29T00:14:35.866304,moyenne
BJ-4B728397,Cargo Transport Covè,Transport & Logistique,Covè,+229 66 33 79 70,,cargotransportcovè.bj,TPE (<10),B2B,CCIB Annuaire,,Actif,2026-06-29T00:14:35.866316,moyenne
BJ-FAB82C12,Livraison Covè,Transport & Logistique,Covè,+229 33 82 67 62,livraison.covè@livraison.covè.net,livraisoncovè.bj,TPE (<10),B2B,CCIB Annuaire,,Actif,2026-06-29T00:14:35.866331,haute
BJ-F385A6BE,Cargo,Transport & Logistique,Covè,+229 83 70 65 79,cargo@cargo.com,,PME (10-50),B2C,CCIB Annuaire,,Actif,2026-06-29T00:14:35.866344,moyenne
BJ-BAC2539C,Rapide Express Bénin,Transport & Logistique,Pobè,+229 53 16 80 19,,rapideexpressbénin.bj,PME (10-50),B2C,CCIB Annuaire,,Actif,2026-06-29T00:14:35.866371,moyenne
BJ-91BDE435,Maritime Logistique,Transport & Logistique,Pobè,+229 49 19 61 55,,,TPE (<10),B2B,CCIB Annuaire,,Actif,2026-06-29T00:14:35.866384,basse
BJ-1BB343C5,Transport Déménagement,Transport & Logistique,Pobè,+229 89 64 35 37,,transportdéménagement.bj,TPE (<10),B2C,CCIB Annuaire,,Actif,2026-06-29T00:14:35.866396,moyenne
BJ-ACF6AA6A,Logistique Aérien,Transport & Logistique,Pobè,+229 22 95 16 15,logistique.aérien@logistique.aérien.com,logistiqueaérien.bj,TPE (<10),B2B,CCIB Annuaire,,Actif,2026-06-29T00:14:35.866409,haute
BJ-F27EA552,Cargo,Transport & Logistique,Sakété,+229 95 21 48 19,,,TPE (<10),B2B,CCIB Annuaire,,Actif,2026-06-29T00:14:35.866425,basse
BJ-3BCCCD20,Delivery Cargo SARL,Transport & Logistique,Sakété,+229 49 87 49 43,,deliverycargosarl.bj,PME (10-50),B2C,CCIB Annuaire,,Actif,2026-06-29T00:14:35.866437,moyenne
BJ-CA4CCF15,Route Sakété,Transport & Logistique,Sakété,+229 25 36 14 60,,routesakété.bj,PME (10-50),B2C,CCIB Annuaire,,Actif,2026-06-29T00:14:35.866449,moyenne
BJ-AA35C815,Groupe Courrier Sakété,Transport & Logistique,Sakété,+229 28 26 51 19,groupe.courrier.sakété@groupe.courrier.sakété.net,,PME (10-50),B2B,CCIB Annuaire,,Actif,2026-06-29T00:14:35.866463,moyenne
BJ-1E98B5BF,Transport Rapide,Transport & Logistique,Sakété,+229 82 41 31 63,,,Grande (>200),B2B,CCIB Annuaire,,Actif,2026-06-29T00:14:35.866474,basse
BJ-498BEA86,Express Maritime Africa Adjara,Transport & Logistique,Adjara,+229 51 52 76 85,express.maritime.africa.adjara@express.maritime.africa.adjara.net,,PME (50-200),B2C,CCIB Annuaire,,Actif,2026-06-29T00:14:35.866491,moyenne
BJ-F549A60C,Logistique Distribution Adjara,Transport & Logistique,Adjara,+229 62 33 35 39,logistique.distribution.adjara@logistique.distribution.adjara.net,,Grande (>200),B2B,CCIB Annuaire,,Actif,2026-06-29T00:14:35.866503,moyenne
BJ-7F95A8E4,Rapide Adjara,Transport & Logistique,Adjara,+229 79 52 69 95,,,TPE (<10),B2C,CCIB Annuaire,,Actif,2026-06-29T00:14:35.866513,basse
BJ-4974940C,Rapide Route Africa,Transport & Logistique,Adjara,+229 79 75 83 23,rapide.route.africa@rapide.route.africa.net,,PME (50-200),B2B,CCIB Annuaire,,Actif,2026-06-29T00:14:35.866525,moyenne
BJ-41390C51,Express Déménagement Logistique,Transport & Logistique,Adjara,+229 21 40 10 94,express.déménagement.logistique@express.déménagement.logistique.com,,PME (10-50),B2B,CCIB Annuaire,,Actif,2026-06-29T00:14:35.866537,moyenne
BJ-F15EE08D,Transit,Transport & Logistique,Allada,+229 96 97 88 30,,,TPE (<10),B2C,CCIB Annuaire,,Actif,2026-06-29T00:14:35.866553,basse
BJ-62CF113D,Rapide Messagerie,Transport & Logistique,Allada,+229 48 80 16 11,rapide.messagerie@rapide.messagerie.benin,rapidemessagerie.bj,TPE (<10),B2C,CCIB Annuaire,,Actif,2026-06-29T00:14:35.866565,haute
BJ-39E2CC86,Distribution,Transport & Logistique,Allada,+229 80 67 80 63,,distribution.bj,TPE (<10),B2C,CCIB Annuaire,,Actif,2026-06-29T00:14:35.866596,moyenne
BJ-50267962,SARL Déménagement Allada,Transport & Logistique,Allada,+229 33 25 90 54,sarl.déménagement.allada@sarl.déménagement.allada.com,sarldéménagementallada.bj,Grande (>200),B2B,CCIB Annuaire,,Actif,2026-06-29T00:14:35.866609,haute
BJ-AD4F177F,Fret,Transport & Logistique,Aplahoué,+229 79 59 61 70,fret@fret.bj,,Grande (>200),B2C,CCIB Annuaire,,Actif,2026-06-29T00:14:35.866627,moyenne
BJ-3052C52E,Cargo Transport,Transport & Logistique,Aplahoué,+229 64 69 62 87,cargo.transport@cargo.transport.org,cargotransport.bj,PME (50-200),B2B,CCIB Annuaire,,Actif,2026-06-29T00:14:35.866657,haute
BJ-5B42BC70,Route Bénin,Transport & Logistique,Aplahoué,+229 27 30 64 22,,,PME (10-50),B2B,CCIB Annuaire,,Actif,2026-06-29T00:14:35.866667,basse
BJ-C5D33C83,Logistique Distribution Delivery,Transport & Logistique,Aplahoué,+229 88 30 18 60,,,PME (10-50),B2B,CCIB Annuaire,,Actif,2026-06-29T00:14:35.866678,basse
BJ-5132E499,Rapide Logistique Aplahoué,Transport & Logistique,Aplahoué,+229 75 79 20 21,,rapidelogistiqueaplahoué.bj,PME (50-200),B2B,CCIB Annuaire,,Actif,2026-06-29T00:14:35.866690,moyenne
BJ-634A4BC9,Logistique Déménagement,Transport & Logistique,Dogbo-Tota,+229 61 78 46 25,,,PME (10-50),B2B,CCIB Annuaire,,Actif,2026-06-29T00:14:35.866706,basse
BJ-A9EBDF52,Messagerie Transport,Transport & Logistique,Dogbo-Tota,+229 95 94 14 43,messagerie.transport@messagerie.transport.bj,,PME (10-50),B2C,CCIB Annuaire,,Actif,2026-06-29T00:14:35.866717,moyenne
BJ-8F403F56,Cargo International,Transport & Logistique,Dogbo-Tota,+229 90 37 16 50,cargo.international@cargo.international.bj,cargointernational.bj,PME (10-50),B2B,CCIB Annuaire,,Actif,2026-06-29T00:14:35.866729,haute
BJ-C0C8F263,Distribution Logistique,Transport & Logistique,Dogbo-Tota,+229 37 29 29 43,distribution.logistique@distribution.logistique.benin,distributionlogistique.bj,TPE (<10),B2B,CCIB Annuaire,,Actif,2026-06-29T00:14:35.866745,haute
BJ-AD7CC0F6,Cargo,Transport & Logistique,Dogbo-Tota,+229 64 54 14 94,,,PME (10-50),B2B,CCIB Annuaire,,Actif,2026-06-29T00:14:35.866757,basse
BJ-95092F0C,Aérien Logistique,Transport & Logistique,Kpomassè,+229 93 93 20 68,aérien.logistique@aérien.logistique.bj,aérienlogistique.bj,TPE (<10),B2C,CCIB Annuaire,,Actif,2026-06-29T00:14:35.866786,haute
BJ-06ED0C81,Delivery Déménagement,Transport & Logistique,Kpomassè,+229 83 80 27 59,delivery.déménagement@delivery.déménagement.com,,Grande (>200),B2B,CCIB Annuaire,,Actif,2026-06-29T00:14:35.866798,moyenne
BJ-0708909B,Transport Messagerie Delivery,Transport & Logistique,Kpomassè,+229 97 45 17 23,transport.messagerie.delivery@transport.messagerie.delivery.com,transportmessageriedelivery.bj,TPE (<10),B2C,CCIB Annuaire,,Actif,2026-06-29T00:14:35.866811,haute
BJ-AB977FAC,Transit,Transport & Logistique,Kpomassè,+229 26 41 76 66,transit@transit.org,,TPE (<10),B2C,CCIB Annuaire,,Actif,2026-06-29T00:14:35.866822,moyenne
BJ-63F82B82,Groupe Route Logistique,Transport & Logistique,Tori-Bossito,+229 65 94 45 99,groupe.route.logistique@groupe.route.logistique.net,grouperoutelogistique.bj,TPE (<10),B2B,CCIB Annuaire,,Actif,2026-06-29T00:14:35.866842,haute
BJ-64D594FC,Express Logistique Tori-Bossito,Transport & Logistique,Tori-Bossito,+229 98 94 37 47,express.logistique.toribossito@express.logistique.toribossito.org,,TPE (<10),B2C,CCIB Annuaire,,Actif,2026-06-29T00:14:35.866854,moyenne
BJ-4A726BD6,Express Express Transport Tori-Bossito,Transport & Logistique,Tori-Bossito,+229 21 97 38 46,,,PME (10-50),B2B,CCIB Annuaire,,Actif,2026-06-29T00:14:35.866865,basse
BJ-6796A4BC,Transport Livraison International,Transport & Logistique,Tori-Bossito,+229 25 76 16 25,,transportlivraisoninternational.bj,PME (10-50),B2B,CCIB Annuaire,,Actif,2026-06-29T00:14:35.866878,moyenne
BJ-A47E9807,Express Livraison,Transport & Logistique,Tori-Bossito,+229 59 49 18 44,express.livraison@express.livraison.net,,PME (10-50),B2B,CCIB Annuaire,,Actif,2026-06-29T00:14:35.866902,moyenne
BJ-B611C88F,Groupe Urgent Express,Transport & Logistique,Grand-Popo,+229 92 33 68 26,,groupeurgentexpress.bj,PME (10-50),B2C,CCIB Annuaire,,Actif,2026-06-29T00:14:35.866921,moyenne
BJ-E55463A4,Delivery Aérien,Transport & Logistique,Grand-Popo,+229 84 41 88 81,delivery.aérien@delivery.aérien.net,deliveryaérien.bj,PME (50-200),B2B,CCIB Annuaire,,Actif,2026-06-29T00:14:35.866935,haute
BJ-25586534,Route Logistique,Transport & Logistique,Grand-Popo,+229 22 69 99 30,route.logistique@route.logistique.com,routelogistique.bj,TPE (<10),B2B,CCIB Annuaire,,Actif,2026-06-29T00:14:35.866946,haute
BJ-22225015,Groupe Route,Transport & Logistique,Grand-Popo,+229 91 68 99 73,groupe.route@groupe.route.bj,,TPE (<10),B2C,CCIB Annuaire,,Actif,2026-06-29T00:14:35.866962,moyenne
BJ-FFF7783B,Déménagement Africa,Transport & Logistique,Grand-Popo,+229 39 76 93 31,déménagement.africa@déménagement.africa.com,déménagementafrica.bj,PME (10-50),B2C,CCIB Annuaire,,Actif,2026-06-29T00:14:35.866975,haute
BJ-4DF7C4B6,Logistique Urgent SARL,Transport & Logistique,Athiémé,+229 51 33 37 15,logistique.urgent.sarl@logistique.urgent.sarl.com,logistiqueurgentsarl.bj,PME (50-200),B2C,CCIB Annuaire,,Actif,2026-06-29T00:14:35.866993,haute
BJ-5FEED014,Courrier Transport,Transport & Logistique,Athiémé,+229 88 45 93 40,courrier.transport@courrier.transport.net,courriertransport.bj,PME (10-50),B2C,CCIB Annuaire,,Actif,2026-06-29T00:14:35.867004,haute
BJ-A77B4E5C,Route Athiémé,Transport & Logistique,Athiémé,+229 23 85 88 83,route.athiémé@route.athiémé.bj,routeathiémé.bj,PME (10-50),B2B,CCIB Annuaire,,Actif,2026-06-29T00:14:35.867017,haute
BJ-510FE0F5,Logistique Maritime Express Athiémé,Transport & Logistique,Athiémé,+229 39 97 81 52,,,PME (50-200),B2B,CCIB Annuaire,,Actif,2026-06-29T00:14:35.867030,basse
BJ-C323D7EC,Express Transit,Transport & Logistique,Athiémé,+229 75 47 97 76,express.transit@express.transit.org,expresstransit.bj,PME (10-50),B2C,CCIB Annuaire,,Actif,2026-06-29T00:14:35.867043,haute
BJ-B45B25F8,Delivery Messagerie Africa,Transport & Logistique,Bopa,+229 96 92 32 84,delivery.messagerie.africa@delivery.messagerie.africa.benin,deliverymessagerieafrica.bj,PME (10-50),B2C,CCIB Annuaire,,Actif,2026-06-29T00:14:35.867060,haute
BJ-C4797899,Distribution,Transport & Logistique,Bopa,+229 82 66 89 64,distribution@distribution.benin,distribution.bj,PME (50-200),B2C,CCIB Annuaire,,Actif,2026-06-29T00:14:35.867076,haute
BJ-D1DB5F32,Cargo Bopa,Transport & Logistique,Bopa,+229 84 44 83 56,,cargobopa.bj,TPE (<10),B2C,CCIB Annuaire,,Actif,2026-06-29T00:14:35.867088,moyenne
BJ-BE2B03DC,Express Cargo,Transport & Logistique,Bopa,+229 82 97 46 48,express.cargo@express.cargo.org,,PME (10-50),B2B,CCIB Annuaire,,Actif,2026-06-29T00:14:35.867099,moyenne
BJ-44727AFB,Groupe Livraison,Transport & Logistique,Bopa,+229 49 72 58 61,groupe.livraison@groupe.livraison.com,,TPE (<10),B2B,CCIB Annuaire,,Actif,2026-06-29T00:14:35.867111,moyenne
BJ-2D05A44D,Maritime SARL,Transport & Logistique,Houéyogbé,+229 35 74 91 22,,,TPE (<10),B2B,CCIB Annuaire,,Actif,2026-06-29T00:14:35.867127,basse
BJ-A806FBF2,Express Cargo Logistique,Transport & Logistique,Houéyogbé,+229 27 52 39 83,,expresscargologistique.bj,TPE (<10),B2B,CCIB Annuaire,,Actif,2026-06-29T00:14:35.867138,moyenne
BJ-89C490DA,Urgent Bénin,Transport & Logistique,Houéyogbé,+229 91 66 67 23,urgent.bénin@urgent.bénin.org,,TPE (<10),B2C,CCIB Annuaire,,Actif,2026-06-29T00:14:35.867149,moyenne
BJ-78B2E829,Express,Transport & Logistique,Houéyogbé,+229 32 26 55 89,express@express.net,express.bj,PME (10-50),B2B,CCIB Annuaire,,Actif,2026-06-29T00:14:35.867164,haute
BJ-405749C4,Rapide Houéyogbé,Transport & Logistique,Houéyogbé,+229 84 13 78 16,rapide.houéyogbé@rapide.houéyogbé.bj,,PME (50-200),B2B,CCIB Annuaire,,Actif,2026-06-29T00:14:35.867176,moyenne
BJ-B25BCC2F,Groupe Messagerie Africa,Transport & Logistique,Malanville,+229 68 91 76 22,,groupemessagerieafrica.bj,TPE (<10),B2B,CCIB Annuaire,,Actif,2026-06-29T00:14:35.867194,moyenne
BJ-C720B596,Logistique Courrier Bénin,Transport & Logistique,Malanville,+229 67 68 64 94,,logistiquecourrierbénin.bj,PME (10-50),B2B,CCIB Annuaire,,Actif,2026-06-29T00:14:35.867206,moyenne
BJ-E46D13B6,Rapide Bénin,Transport & Logistique,Malanville,+229 85 38 64 76,,rapidebénin.bj,PME (50-200),B2C,CCIB Annuaire,,Actif,2026-06-29T00:14:35.867218,moyenne
BJ-059812FC,Express Fret,Transport & Logistique,Malanville,+229 45 10 45 76,,,PME (10-50),B2B,CCIB Annuaire,,Actif,2026-06-29T00:14:35.867228,basse
BJ-E6356AE0,Groupe Express Delivery,Transport & Logistique,Malanville,+229 87 73 83 70,,groupeexpressdelivery.bj,PME (10-50),B2C,CCIB Annuaire,,Actif,2026-06-29T00:14:35.867238,moyenne
BJ-222503CA,Maritime Africa,Transport & Logistique,Kandi,+229 47 24 97 85,maritime.africa@maritime.africa.net,,PME (10-50),B2B,CCIB Annuaire,,Actif,2026-06-29T00:14:35.867267,moyenne
BJ-D067C166,Transport Transit Bénin,Transport & Logistique,Kandi,+229 42 64 34 59,,transporttransitbénin.bj,PME (10-50),B2C,CCIB Annuaire,,Actif,2026-06-29T00:14:35.867284,moyenne
BJ-02F129F7,Express Route,Transport & Logistique,Kandi,+229 51 44 21 13,,expressroute.bj,PME (50-200),B2B,CCIB Annuaire,,Actif,2026-06-29T00:14:35.867298,moyenne
BJ-B63B1FFB,Courrier Africa,Transport & Logistique,Kandi,+229 92 34 95 65,courrier.africa@courrier.africa.com,courrierafrica.bj,PME (50-200),B2C,CCIB Annuaire,,Actif,2026-06-29T00:14:35.867311,haute
BJ-2BBE5544,SARL Route,Transport & Logistique,Banikoara,+229 26 87 33 50,sarl.route@sarl.route.benin,,PME (50-200),B2B,CCIB Annuaire,,Actif,2026-06-29T00:14:35.867328,moyenne
BJ-DD2338C0,Rapide Déménagement SARL,Transport & Logistique,Banikoara,+229 66 76 26 99,,rapidedéménagementsarl.bj,TPE (<10),B2B,CCIB Annuaire,,Actif,2026-06-29T00:14:35.867340,moyenne
BJ-78A618BC,Delivery Cargo Africa Banikoara,Transport & Logistique,Banikoara,+229 83 55 44 79,delivery.cargo.africa.banikoara@delivery.cargo.africa.banikoara.benin,deliverycargoafricabanikoara.bj,Grande (>200),B2C,CCIB Annuaire,,Actif,2026-06-29T00:14:35.867351,haute
BJ-D566DC1C,Delivery Courrier International,Transport & Logistique,Banikoara,+229 25 91 52 67,,deliverycourrierinternational.bj,PME (10-50),B2B,CCIB Annuaire,,Actif,2026-06-29T00:14:35.867363,moyenne
BJ-051FDFAB,Maritime Africa,Transport & Logistique,Banikoara,+229 44 23 64 71,maritime.africa@maritime.africa.org,maritimeafrica.bj,PME (10-50),B2B,CCIB Annuaire,,Actif,2026-06-29T00:14:35.867374,haute
BJ-DEEF4853,Transport Urgent Ségbana,Transport & Logistique,Ségbana,+229 89 99 92 10,,transporturgentségbana.bj,PME (10-50),B2C,CCIB Annuaire,,Actif,2026-06-29T00:14:35.867391,moyenne
BJ-84A73982,Express Transport,Transport & Logistique,Ségbana,+229 54 96 72 76,,,TPE (<10),B2C,CCIB Annuaire,,Actif,2026-06-29T00:14:35.867402,basse
BJ-DB939A3D,Messagerie Logistique,Transport & Logistique,Ségbana,+229 94 24 40 37,messagerie.logistique@messagerie.logistique.net,messagerielogistique.bj,PME (10-50),B2B,CCIB Annuaire,,Actif,2026-06-29T00:14:35.867413,haute
BJ-2B14D066,Groupe Transit,Transport & Logistique,Ségbana,+229 21 83 89 95,groupe.transit@groupe.transit.net,,TPE (<10),B2B,CCIB Annuaire,,Actif,2026-06-29T00:14:35.867428,moyenne
BJ-304E58BA,Groupe Route Logistique,Transport & Logistique,Ségbana,+229 60 28 71 80,groupe.route.logistique@groupe.route.logistique.org,,PME (10-50),B2B,CCIB Annuaire,,Actif,2026-06-29T00:14:35.867440,moyenne
BJ-79F5E6C7,Delivery Maritime Africa,Transport & Logistique,Karimama,+229 60 15 64 49,delivery.maritime.africa@delivery.maritime.africa.net,,PME (10-50),B2C,CCIB Annuaire,,Actif,2026-06-29T00:14:35.867456,moyenne
BJ-8D13BE9B,Groupe Distribution Karimama,Transport & Logistique,Karimama,+229 93 37 96 61,groupe.distribution.karimama@groupe.distribution.karimama.org,,TPE (<10),B2C,CCIB Annuaire,,Actif,2026-06-29T00:14:35.867468,moyenne
BJ-58B2752A,Maritime International Karimama,Transport & Logistique,Karimama,+229 48 47 34 86,,,TPE (<10),B2C,CCIB Annuaire,,Actif,2026-06-29T00:14:35.867479,basse
BJ-75A1F1A9,Transit,Transport & Logistique,Karimama,+229 94 11 43 36,transit@transit.bj,,TPE (<10),B2B,CCIB Annuaire,,Actif,2026-06-29T00:14:35.867493,moyenne
BJ-869BB6E4,SARL Livraison,Transport & Logistique,Karimama,+229 60 36 62 77,sarl.livraison@sarl.livraison.net,,PME (50-200),B2B,CCIB Annuaire,,Actif,2026-06-29T00:14:35.867505,moyenne
BJ-ED276CF6,SARL Livraison,Transport & Logistique,Gogounou,+229 30 16 34 20,,,PME (10-50),B2C,CCIB Annuaire,,Actif,2026-06-29T00:14:35.867521,basse
BJ-C74ED8BB,Transport Aérien,Transport & Logistique,Gogounou,+229 52 67 71 90,transport.aérien@transport.aérien.benin,,PME (10-50),B2C,CCIB Annuaire,,Actif,2026-06-29T00:14:35.867534,moyenne
BJ-2ECA552E,Express Messagerie,Transport & Logistique,Gogounou,+229 75 99 79 34,,expressmessagerie.bj,PME (10-50),B2B,CCIB Annuaire,,Actif,2026-06-29T00:14:35.867544,moyenne
BJ-855E9F13,Rapide Logistique,Transport & Logistique,Gogounou,+229 69 91 36 50,rapide.logistique@rapide.logistique.bj,,TPE (<10),B2C,CCIB Annuaire,,Actif,2026-06-29T00:14:35.867558,moyenne
BJ-2D114388,Aérien Bénin,Transport & Logistique,Gogounou,+229 70 82 63 50,aérien.bénin@aérien.bénin.com,aérienbénin.bj,TPE (<10),B2B,CCIB Annuaire,,Actif,2026-06-29T00:14:35.867571,haute
BJ-80DEDD59,Urgent,Transport & Logistique,Cobly,+229 85 83 49 15,urgent@urgent.org,urgent.bj,PME (50-200),B2B,CCIB Annuaire,,Actif,2026-06-29T00:14:35.867591,haute
BJ-BDC89EAD,Route,Transport & Logistique,Cobly,+229 35 12 59 80,,,TPE (<10),B2C,CCIB Annuaire,,Actif,2026-06-29T00:14:35.867602,basse
BJ-93834674,Distribution,Transport & Logistique,Cobly,+229 42 38 21 47,,,PME (10-50),B2C,CCIB Annuaire,,Actif,2026-06-29T00:14:35.867612,basse
BJ-C9C7242A,Delivery Fret,Transport & Logistique,Cobly,+229 36 37 93 62,,deliveryfret.bj,PME (10-50),B2B,CCIB Annuaire,,Actif,2026-06-29T00:14:35.867623,moyenne
BJ-E0840CA3,Logistique Rapide Bénin,Transport & Logistique,Cobly,+229 54 70 10 85,logistique.rapide.bénin@logistique.rapide.bénin.com,,TPE (<10),B2B,CCIB Annuaire,,Actif,2026-06-29T00:14:35.867635,moyenne
BJ-0EAEE691,SARL Urgent Transport,Transport & Logistique,Tanguiéta,+229 36 34 66 21,sarl.urgent.transport@sarl.urgent.transport.bj,sarlurgenttransport.bj,TPE (<10),B2C,CCIB Annuaire,,Actif,2026-06-29T00:14:35.867652,haute
BJ-CFAE0041,Rapide Transport,Transport & Logistique,Tanguiéta,+229 56 82 14 13,rapide.transport@rapide.transport.benin,rapidetransport.bj,PME (10-50),B2B,CCIB Annuaire,,Actif,2026-06-29T00:14:35.867668,haute
BJ-3B1EE3D6,Groupe Courrier Logistique,Transport & Logistique,Tanguiéta,+229 60 77 60 22,,,Grande (>200),B2B,CCIB Annuaire,,Actif,2026-06-29T00:14:35.867679,basse
BJ-4CF4D08D,Transport Livraison Delivery,Transport & Logistique,Tanguiéta,+229 72 18 51 20,,transportlivraisondelivery.bj,TPE (<10),B2C,CCIB Annuaire,,Actif,2026-06-29T00:14:35.867693,moyenne
BJ-69D09D0A,Fret Africa Tanguiéta,Transport & Logistique,Tanguiéta,+229 56 95 86 15,fret.africa.tanguiéta@fret.africa.tanguiéta.net,fretafricatanguiéta.bj,PME (10-50),B2B,CCIB Annuaire,,Actif,2026-06-29T00:14:35.867709,haute
BJ-8F94BF9F,Groupe Cargo,Transport & Logistique,Matéri,+229 51 94 52 58,groupe.cargo@groupe.cargo.net,,TPE (<10),B2B,CCIB Annuaire,,Actif,2026-06-29T00:14:35.867726,moyenne
BJ-B0AF8280,Rapide Urgent Delivery,Transport & Logistique,Matéri,+229 23 62 96 37,rapide.urgent.delivery@rapide.urgent.delivery.net,rapideurgentdelivery.bj,TPE (<10),B2B,CCIB Annuaire,,Actif,2026-06-29T00:14:35.867738,haute
BJ-95EBB64C,Logistique Rapide Africa Matéri,Transport & Logistique,Matéri,+229 76 79 20 37,logistique.rapide.africa.matéri@logistique.rapide.africa.matéri.org,,PME (10-50),B2C,CCIB Annuaire,,Actif,2026-06-29T00:14:35.867750,moyenne
BJ-C197B436,Rapide Urgent Express,Transport & Logistique,Matéri,+229 85 26 52 31,rapide.urgent.express@rapide.urgent.express.org,,TPE (<10),B2C,CCIB Annuaire,,Actif,2026-06-29T00:14:35.867761,moyenne
BJ-A13CD803,Rapide Déménagement,Transport & Logistique,Matéri,+229 71 87 72 38,rapide.déménagement@rapide.déménagement.com,,TPE (<10),B2C,CCIB Annuaire,,Actif,2026-06-29T00:14:35.867773,moyenne
BJ-20050DA9,Delivery Transit Natitingou,Transport & Logistique,Natitingou,+229 94 31 71 17,,,PME (10-50),B2C,CCIB Annuaire,,Actif,2026-06-29T00:14:35.867789,basse
BJ-1E649901,Logistique Déménagement SARL,Transport & Logistique,Natitingou,+229 89 98 17 92,,logistiquedéménagementsarl.bj,Grande (>200),B2C,CCIB Annuaire,,Actif,2026-06-29T00:14:35.867800,moyenne
BJ-0FA0ADBD,Maritime SARL,Transport & Logistique,Natitingou,+229 21 44 92 39,maritime.sarl@maritime.sarl.benin,,PME (10-50),B2C,CCIB Annuaire,,Actif,2026-06-29T00:14:35.867830,moyenne
BJ-4BC5FFB9,Fret Bénin,Transport & Logistique,Natitingou,+229 88 20 24 37,,,TPE (<10),B2C,CCIB Annuaire,,Actif,2026-06-29T00:14:35.867844,basse
BJ-D94E21E9,SARL Cargo,Transport & Logistique,Natitingou,+229 84 35 70 69,,,PME (10-50),B2B,CCIB Annuaire,,Actif,2026-06-29T00:14:35.867854,basse
BJ-5064EA23,Express Transport,Transport & Logistique,Toucountouna,+229 43 50 75 17,,,PME (50-200),B2C,CCIB Annuaire,,Actif,2026-06-29T00:14:35.867869,basse
BJ-5B9861BF,Messagerie Express Toucountouna,Transport & Logistique,Toucountouna,+229 87 14 95 85,,messagerieexpresstoucountouna.bj,TPE (<10),B2C,CCIB Annuaire,,Actif,2026-06-29T00:14:35.867880,moyenne
BJ-86AAD354,Messagerie,Transport & Logistique,Toucountouna,+229 88 57 35 60,messagerie@messagerie.benin,,Grande (>200),B2B,CCIB Annuaire,,Actif,2026-06-29T00:14:35.867905,moyenne
BJ-BCF1ED50,Rapide Maritime,Transport & Logistique,Toucountouna,+229 88 10 30 67,rapide.maritime@rapide.maritime.benin,,PME (50-200),B2C,CCIB Annuaire,,Actif,2026-06-29T00:14:35.867920,moyenne
BJ-08F687FB,SARL Transit Express Toucountouna,Transport & Logistique,Toucountouna,+229 48 31 69 48,,sarltransitexpresstoucountouna.bj,PME (10-50),B2C,CCIB Annuaire,,Actif,2026-06-29T00:14:35.867932,moyenne
BJ-EC78504B,Cargo Transport,Transport & Logistique,Boukoumbé,+229 57 77 30 45,cargo.transport@cargo.transport.benin,,PME (50-200),B2B,CCIB Annuaire,,Actif,2026-06-29T00:14:35.867950,moyenne
BJ-1726798C,Route,Transport & Logistique,Boukoumbé,+229 74 98 88 12,,,Grande (>200),B2C,CCIB Annuaire,,Actif,2026-06-29T00:14:35.867964,basse
BJ-DDC4F60E,Rapide Fret,Transport & Logistique,Boukoumbé,+229 62 75 81 79,rapide.fret@rapide.fret.org,,TPE (<10),B2C,CCIB Annuaire,,Actif,2026-06-29T00:14:35.867976,moyenne
BJ-D67E978D,Groupe Urgent,Transport & Logistique,Boukoumbé,+229 31 82 54 63,,,PME (50-200),B2C,CCIB Annuaire,,Actif,2026-06-29T00:14:35.867989,basse
BJ-8D3DD7E6,SARL Cargo,Transport & Logistique,Boukoumbé,+229 82 26 42 21,sarl.cargo@sarl.cargo.org,,TPE (<10),B2C,CCIB Annuaire,,Actif,2026-06-29T00:14:35.868001,moyenne
BJ-543AC323,SARL Route Kouandé,Transport & Logistique,Kouandé,+229 88 86 28 56,sarl.route.kouandé@sarl.route.kouandé.net,sarlroutekouandé.bj,TPE (<10),B2C,CCIB Annuaire,,Actif,2026-06-29T00:14:35.868027,haute
BJ-F7E34FC5,Transport Courrier,Transport & Logistique,Kouandé,+229 55 32 83 91,,transportcourrier.bj,PME (10-50),B2C,CCIB Annuaire,,Actif,2026-06-29T00:14:35.868040,moyenne
BJ-19F6AC7F,Groupe Maritime,Transport & Logistique,Kouandé,+229 96 84 17 20,groupe.maritime@groupe.maritime.benin,groupemaritime.bj,PME (50-200),B2C,CCIB Annuaire,,Actif,2026-06-29T00:14:35.868052,haute
BJ-8325DFD5,Transport Courrier Africa Kouandé,Transport & Logistique,Kouandé,+229 34 28 63 24,transport.courrier.africa.kouandé@transport.courrier.africa.kouandé.net,,Grande (>200),B2C,CCIB Annuaire,,Actif,2026-06-29T00:14:35.868064,moyenne
BJ-D49250CC,Logistique Fret Delivery,Transport & Logistique,Péhunco,+229 55 37 28 21,,logistiquefretdelivery.bj,TPE (<10),B2C,CCIB Annuaire,,Actif,2026-06-29T00:14:35.868092,moyenne
BJ-FCC0B30A,Transport Fret,Transport & Logistique,Péhunco,+229 85 50 30 26,transport.fret@transport.fret.benin,,TPE (<10),B2C,CCIB Annuaire,,Actif,2026-06-29T00:14:35.868104,moyenne
BJ-240CCBB9,Transport Express Africa,Transport & Logistique,Péhunco,+229 28 73 42 98,transport.express.africa@transport.express.africa.net,transportexpressafrica.bj,PME (10-50),B2B,CCIB Annuaire,,Actif,2026-06-29T00:14:35.868116,haute
BJ-714D5D01,Rapide SARL,Transport & Logistique,Péhunco,+229 74 50 43 30,rapide.sarl@rapide.sarl.com,rapidesarl.bj,TPE (<10),B2C,CCIB Annuaire,,Actif,2026-06-29T00:14:35.868131,haute
BJ-7E1C7BC2,Courrier Péhunco,Transport & Logistique,Péhunco,+229 60 25 86 48,courrier.péhunco@courrier.péhunco.com,,PME (10-50),B2B,CCIB Annuaire,,Actif,2026-06-29T00:14:35.868143,moyenne
BJ-C7580B08,Messagerie Bénin,Transport & Logistique,Tchaourou,+229 49 92 99 65,,messageriebénin.bj,TPE (<10),B2B,CCIB Annuaire,,Actif,2026-06-29T00:14:35.868165,moyenne
BJ-945938DF,Transit Transport,Transport & Logistique,Tchaourou,+229 99 17 21 16,transit.transport@transit.transport.benin,,PME (50-200),B2C,CCIB Annuaire,,Actif,2026-06-29T00:14:35.868177,moyenne
BJ-6ADF4782,Logistique Distribution International Tchaourou,Transport & Logistique,Tchaourou,+229 48 78 70 29,logistique.distribution.international.tchaourou@logistique.distribution.international.tchaourou.net,logistiquedistributioninternationaltchaourou.bj,PME (10-50),B2B,CCIB Annuaire,,Actif,2026-06-29T00:14:35.868218,haute
BJ-CB207480,Delivery Urgent,Transport & Logistique,Nikki,+229 52 95 33 54,delivery.urgent@delivery.urgent.bj,,PME (10-50),B2B,CCIB Annuaire,,Actif,2026-06-29T00:14:35.868235,moyenne
BJ-82E28BB2,Express Courrier,Transport & Logistique,Nikki,+229 81 74 70 73,express.courrier@express.courrier.org,expresscourrier.bj,PME (10-50),B2B,CCIB Annuaire,,Actif,2026-06-29T00:14:35.868247,haute
BJ-467CCFC3,Logistique Courrier,Transport & Logistique,Nikki,+229 68 62 74 55,,logistiquecourrier.bj,PME (50-200),B2C,CCIB Annuaire,,Actif,2026-06-29T00:14:35.868257,moyenne
BJ-0193A5AF,Rapide,Transport & Logistique,Nikki,+229 32 45 21 42,rapide@rapide.org,rapide.bj,PME (10-50),B2B,CCIB Annuaire,,Actif,2026-06-29T00:14:35.868271,haute
BJ-C1D2CEBC,Rapide Fret,Transport & Logistique,Nikki,+229 33 49 90 14,,,PME (10-50),B2C,CCIB Annuaire,,Actif,2026-06-29T00:14:35.868282,basse
BJ-DC8FD368,SARL Rapide Transport,Transport & Logistique,Bembéréké,+229 23 38 37 64,,sarlrapidetransport.bj,TPE (<10),B2C,CCIB Annuaire,,Actif,2026-06-29T00:14:35.868299,moyenne
BJ-8CE2975B,Rapide Courrier,Transport & Logistique,Bembéréké,+229 49 87 50 15,rapide.courrier@rapide.courrier.org,,TPE (<10),B2B,CCIB Annuaire,,Actif,2026-06-29T00:14:35.868311,moyenne
BJ-889421E3,Cargo,Transport & Logistique,Bembéréké,+229 77 74 28 96,cargo@cargo.com,cargo.bj,TPE (<10),B2B,CCIB Annuaire,,Actif,2026-06-29T00:14:35.868322,haute
BJ-4E237C26,Express International,Transport & Logistique,Bembéréké,+229 76 48 29 87,express.international@express.international.bj,expressinternational.bj,TPE (<10),B2B,CCIB Annuaire,,Actif,2026-06-29T00:14:35.868334,haute
BJ-84F7C6E8,Aérien,Transport & Logistique,Bembéréké,+229 65 79 44 11,,,PME (50-200),B2B,CCIB Annuaire,,Actif,2026-06-29T00:14:35.868345,basse
BJ-207CF212,Messagerie,Transport & Logistique,Kalalé,+229 55 57 48 75,messagerie@messagerie.org,messagerie.bj,PME (50-200),B2C,CCIB Annuaire,,Actif,2026-06-29T00:14:35.868362,haute
BJ-84E1470F,Rapide Aérien Bénin,Transport & Logistique,Kalalé,+229 60 36 19 74,rapide.aérien.bénin@rapide.aérien.bénin.benin,rapideaérienbénin.bj,PME (10-50),B2B,CCIB Annuaire,,Actif,2026-06-29T00:14:35.868392,haute
BJ-614306F3,Delivery Maritime Transport,Transport & Logistique,Kalalé,+229 27 17 98 74,delivery.maritime.transport@delivery.maritime.transport.org,deliverymaritimetransport.bj,PME (50-200),B2B,CCIB Annuaire,,Actif,2026-06-29T00:14:35.868407,haute
BJ-C0F61AD8,Rapide Cargo Bénin,Transport & Logistique,Kalalé,+229 37 25 82 87,,,PME (10-50),B2C,CCIB Annuaire,,Actif,2026-06-29T00:14:35.868427,basse
BJ-A32C1556,Rapide Transit Ndali,Transport & Logistique,Ndali,+229 70 20 30 84,,rapidetransitndali.bj,PME (10-50),B2C,CCIB Annuaire,,Actif,2026-06-29T00:14:35.868459,moyenne
BJ-FE80020C,Logistique Urgent Delivery,Transport & Logistique,Ndali,+229 97 55 93 59,logistique.urgent.delivery@logistique.urgent.delivery.bj,logistiqueurgentdelivery.bj,PME (10-50),B2B,CCIB Annuaire,,Actif,2026-06-29T00:14:35.868473,haute
BJ-12FFCA6A,Transport Messagerie Ndali,Transport & Logistique,Ndali,+229 42 49 65 57,,,PME (50-200),B2B,CCIB Annuaire,,Actif,2026-06-29T00:14:35.868485,basse
BJ-D92F2795,Cargo,Transport & Logistique,Ndali,+229 79 29 80 56,,cargo.bj,PME (50-200),B2C,CCIB Annuaire,,Actif,2026-06-29T00:14:35.868496,moyenne
BJ-8C2DE4D2,Fret,Transport & Logistique,Ségbana,+229 55 90 19 95,,,TPE (<10),B2C,CCIB Annuaire,,Actif,2026-06-29T00:14:35.868524,basse
BJ-0BD1064C,Delivery Messagerie Logistique,Transport & Logistique,Ségbana,+229 40 63 72 18,delivery.messagerie.logistique@delivery.messagerie.logistique.benin,,PME (10-50),B2C,CCIB Annuaire,,Actif,2026-06-29T00:14:35.868536,moyenne
BJ-9EE7C697,Déménagement International,Transport & Logistique,Ségbana,+229 69 99 15 18,,déménagementinternational.bj,TPE (<10),B2B,CCIB Annuaire,,Actif,2026-06-29T00:14:35.868548,moyenne
BJ-50B51F6F,Express Express,Transport & Logistique,Ségbana,+229 41 77 61 32,,,PME (10-50),B2B,CCIB Annuaire,,Actif,2026-06-29T00:14:35.868562,basse
BJ-E283374A,Transit,Transport & Logistique,Ségbana,+229 91 19 94 97,transit@transit.benin,,PME (10-50),B2C,CCIB Annuaire,,Actif,2026-06-29T00:14:35.868574,moyenne
BJ-10DF4B44,Rapide Cargo Logistique,Transport & Logistique,Tchaourou,+229 39 48 37 70,,,TPE (<10),B2B,CCIB Annuaire,,Actif,2026-06-29T00:14:35.868591,basse
BJ-8037B137,Transport Fret Bénin,Transport & Logistique,Tchaourou,+229 62 70 67 45,transport.fret.bénin@transport.fret.bénin.org,transportfretbénin.bj,PME (50-200),B2B,CCIB Annuaire,,Actif,2026-06-29T00:14:35.868604,haute
BJ-C382F057,Delivery Distribution,Transport & Logistique,Tchaourou,+229 36 89 19 15,,deliverydistribution.bj,Grande (>200),B2B,CCIB Annuaire,,Actif,2026-06-29T00:14:35.868615,moyenne
BJ-39DEF4A9,Delivery Express Africa,Transport & Logistique,Tchaourou,+229 52 46 86 37,delivery.express.africa@delivery.express.africa.org,,TPE (<10),B2C,CCIB Annuaire,,Actif,2026-06-29T00:14:35.868630,moyenne
BJ-B2E0677E,Groupe Maritime SARL Tchaourou,Transport & Logistique,Tchaourou,+229 56 65 71 22,groupe.maritime.sarl.tchaourou@groupe.maritime.sarl.tchaourou.bj,groupemaritimesarltchaourou.bj,PME (10-50),B2B,CCIB Annuaire,,Actif,2026-06-29T00:14:35.868643,haute
BJ-7AFA4F6D,Transport Urgent Transport,Transport & Logistique,Bétérou,+229 54 78 32 93,transport.urgent.transport@transport.urgent.transport.net,,TPE (<10),B2B,CCIB Annuaire,,Actif,2026-06-29T00:14:35.868660,moyenne
BJ-92D1180C,Groupe Déménagement Bénin,Transport & Logistique,Bétérou,+229 29 51 90 48,groupe.déménagement.bénin@groupe.déménagement.bénin.benin,,TPE (<10),B2C,CCIB Annuaire,,Actif,2026-06-29T00:14:35.868673,moyenne
BJ-573F60D3,Transit,Transport & Logistique,Bétérou,+229 78 15 93 47,transit@transit.com,,PME (10-50),B2C,CCIB Annuaire,,Actif,2026-06-29T00:14:35.868701,moyenne
BJ-588A9C65,SARL Maritime Delivery,Transport & Logistique,Bétérou,+229 30 85 57 66,sarl.maritime.delivery@sarl.maritime.delivery.net,,PME (50-200),B2C,CCIB Annuaire,,Actif,2026-06-29T00:14:35.868713,moyenne
BJ-E7D9A33C,Maritime Delivery,Transport & Logistique,Ouessè,+229 54 19 81 20,,maritimedelivery.bj,TPE (<10),B2C,CCIB Annuaire,,Actif,2026-06-29T00:14:35.874249,moyenne
BJ-77538F2F,Rapide Aérien,Transport & Logistique,Ouessè,+229 22 55 91 28,rapide.aérien@rapide.aérien.bj,rapideaérien.bj,TPE (<10),B2B,CCIB Annuaire,,Actif,2026-06-29T00:14:35.874287,haute
BJ-29E2AF94,Rapide Urgent Express,Transport & Logistique,Ouessè,+229 91 90 62 60,rapide.urgent.express@rapide.urgent.express.com,,Grande (>200),B2B,CCIB Annuaire,,Actif,2026-06-29T00:14:35.874305,moyenne
BJ-C94B7675,Maritime Africa,Transport & Logistique,Ouessè,+229 81 25 53 95,,,TPE (<10),B2C,CCIB Annuaire,,Actif,2026-06-29T00:14:35.874319,basse
BJ-B2BD9B8E,SARL Cargo,Transport & Logistique,Ouessè,+229 90 99 30 24,sarl.cargo@sarl.cargo.net,,PME (10-50),B2B,CCIB Annuaire,,Actif,2026-06-29T00:14:35.874333,moyenne
BJ-9B9D5965,Rapide,Transport & Logistique,Glazoué,+229 21 78 23 43,rapide@rapide.com,,PME (50-200),B2B,CCIB Annuaire,,Actif,2026-06-29T00:14:35.874361,moyenne
BJ-34ACE7F5,Express Maritime International,Transport & Logistique,Glazoué,+229 78 70 62 47,express.maritime.international@express.maritime.international.benin,,TPE (<10),B2B,CCIB Annuaire,,Actif,2026-06-29T00:14:35.874374,moyenne
BJ-CFD000B9,Rapide International,Transport & Logistique,Glazoué,+229 68 77 70 43,rapide.international@rapide.international.benin,rapideinternational.bj,Grande (>200),B2B,CCIB Annuaire,,Actif,2026-06-29T00:14:35.874388,haute
BJ-66AC5CBE,Déménagement,Transport & Logistique,Glazoué,+229 33 46 73 40,,déménagement.bj,Grande (>200),B2B,CCIB Annuaire,,Actif,2026-06-29T00:14:35.874427,moyenne
BJ-AC2F53C2,Livraison,Transport & Logistique,Dassa-Zoumè,+229 44 39 87 58,,,TPE (<10),B2B,CCIB Annuaire,,Actif,2026-06-29T00:14:35.874448,basse
BJ-8FCBA9A4,Route International,Transport & Logistique,Dassa-Zoumè,+229 30 35 14 85,route.international@route.international.org,,TPE (<10),B2C,CCIB Annuaire,,Actif,2026-06-29T00:14:35.874461,moyenne
BJ-3E39226A,Distribution,Transport & Logistique,Dassa-Zoumè,+229 59 49 93 77,distribution@distribution.org,distribution.bj,PME (50-200),B2C,CCIB Annuaire,,Actif,2026-06-29T00:14:35.874474,haute
BJ-A6DA8D86,Logistique Route,Transport & Logistique,Dassa-Zoumè,+229 63 88 98 27,logistique.route@logistique.route.net,,PME (10-50),B2B,CCIB Annuaire,,Actif,2026-06-29T00:14:35.874486,moyenne
BJ-11EB9F04,Transit Dassa-Zoumè,Transport & Logistique,Dassa-Zoumè,+229 91 47 87 44,transit.dassazoumè@transit.dassazoumè.benin,transitdassazoumè.bj,PME (50-200),B2B,CCIB Annuaire,,Actif,2026-06-29T00:14:35.874501,haute
BJ-A621BCE4,Groupe Transit,Transport & Logistique,Savalou,+229 24 45 72 50,,,PME (10-50),B2B,CCIB Annuaire,,Actif,2026-06-29T00:14:35.874519,basse
BJ-4CAD0BEE,Cargo Africa,Transport & Logistique,Savalou,+229 90 90 77 76,cargo.africa@cargo.africa.bj,,TPE (<10),B2C,CCIB Annuaire,,Actif,2026-06-29T00:14:35.874532,moyenne
BJ-1C4B1142,Transit Express Savalou,Transport & Logistique,Savalou,+229 94 45 21 91,transit.express.savalou@transit.express.savalou.com,,TPE (<10),B2C,CCIB Annuaire,,Actif,2026-06-29T00:14:35.874544,moyenne
BJ-CA8B8117,Express Urgent,Transport & Logistique,Savalou,+229 72 81 62 31,express.urgent@express.urgent.org,expressurgent.bj,TPE (<10),B2C,CCIB Annuaire,,Actif,2026-06-29T00:14:35.874560,haute
BJ-7996527A,Logistique Messagerie SARL,Transport & Logistique,Savalou,+229 45 59 82 40,,logistiquemessageriesarl.bj,PME (10-50),B2C,CCIB Annuaire,,Actif,2026-06-29T00:14:35.874572,moyenne
BJ-9D1CD2B8,Groupe Maritime Delivery,Transport & Logistique,Bantè,+229 56 53 23 29,,groupemaritimedelivery.bj,PME (10-50),B2B,CCIB Annuaire,,Actif,2026-06-29T00:14:35.874591,moyenne
BJ-C2A90F3D,Messagerie Logistique,Transport & Logistique,Bantè,+229 59 59 40 20,,,TPE (<10),B2B,CCIB Annuaire,,Actif,2026-06-29T00:14:35.874602,basse
BJ-34ABBA07,Transport Courrier,Transport & Logistique,Bantè,+229 43 20 49 61,transport.courrier@transport.courrier.benin,transportcourrier.bj,PME (10-50),B2C,CCIB Annuaire,,Actif,2026-06-29T00:14:35.874614,haute
BJ-7B388612,Logistique Express,Transport & Logistique,Bantè,+229 20 27 47 17,,,TPE (<10),B2B,CCIB Annuaire,,Actif,2026-06-29T00:14:35.874625,basse
BJ-756A8AD1,Déménagement SARL Bantè,Transport & Logistique,Bantè,+229 46 26 97 73,,déménagementsarlbantè.bj,PME (10-50),B2C,CCIB Annuaire,,Actif,2026-06-29T00:14:35.874637,moyenne
BJ-ADDA1701,SARL Route Djougou,Transport & Logistique,Djougou,+229 56 14 37 33,sarl.route.djougou@sarl.route.djougou.net,,PME (50-200),B2B,CCIB Annuaire,,Actif,2026-06-29T00:14:35.874656,moyenne
BJ-DE1CC9F8,Delivery Distribution,Transport & Logistique,Djougou,+229 87 64 95 76,,,PME (10-50),B2B,CCIB Annuaire,,Actif,2026-06-29T00:14:35.874667,basse
BJ-EEB86BC7,Fret Transport Djougou,Transport & Logistique,Djougou,+229 53 52 39 75,fret.transport.djougou@fret.transport.djougou.bj,,PME (10-50),B2B,CCIB Annuaire,,Actif,2026-06-29T00:14:35.874692,moyenne
BJ-FD7BB085,Maritime International,Transport & Logistique,Djougou,+229 87 69 33 30,maritime.international@maritime.international.org,,PME (50-200),B2B,CCIB Annuaire,,Actif,2026-06-29T00:14:35.874705,moyenne
BJ-21298146,Messagerie,Transport & Logistique,Ouèssè,+229 81 22 33 37,,messagerie.bj,PME (10-50),B2C,CCIB Annuaire,,Actif,2026-06-29T00:14:35.874722,moyenne
BJ-A3A53407,Logistique Distribution Bénin,Transport & Logistique,Ouèssè,+229 26 69 86 25,logistique.distribution.bénin@logistique.distribution.bénin.com,logistiquedistributionbénin.bj,PME (10-50),B2C,CCIB Annuaire,,Actif,2026-06-29T00:14:35.874736,haute
BJ-14CE73D7,Express Africa,Transport & Logistique,Ouèssè,+229 37 57 21 87,express.africa@express.africa.benin,expressafrica.bj,TPE (<10),B2B,CCIB Annuaire,,Actif,2026-06-29T00:14:35.874749,haute
BJ-3D2D5DE5,Delivery Déménagement Logistique,Transport & Logistique,Ouèssè,+229 90 40 28 17,delivery.déménagement.logistique@delivery.déménagement.logistique.bj,deliverydéménagementlogistique.bj,PME (50-200),B2B,CCIB Annuaire,,Actif,2026-06-29T00:14:35.874763,haute
BJ-883996A7,Express Transport Ouèssè,Transport & Logistique,Ouèssè,+229 90 92 19 65,express.transport.ouèssè@express.transport.ouèssè.com,,TPE (<10),B2B,CCIB Annuaire,,Actif,2026-06-29T00:14:35.874776,moyenne
BJ-E06BBA05,Groupe Fret International,Transport & Logistique,Bassila,+229 73 78 60 76,,groupefretinternational.bj,PME (10-50),B2C,CCIB Annuaire,,Actif,2026-06-29T00:14:35.874797,moyenne
BJ-1AF6BA0F,Groupe Express Bassila,Transport & Logistique,Bassila,+229 82 21 35 47,groupe.express.bassila@groupe.express.bassila.benin,groupeexpressbassila.bj,Grande (>200),B2C,CCIB Annuaire,,Actif,2026-06-29T00:14:35.874810,haute
BJ-41352BC8,Urgent Transport,Transport & Logistique,Bassila,+229 32 91 36 22,urgent.transport@urgent.transport.bj,,PME (10-50),B2C,CCIB Annuaire,,Actif,2026-06-29T00:14:35.874821,moyenne
BJ-DF0B27E0,Delivery Urgent Bassila,Transport & Logistique,Bassila,+229 38 78 41 76,,,TPE (<10),B2C,CCIB Annuaire,,Actif,2026-06-29T00:14:35.874835,basse
BJ-F64FCBB8,Distribution Transport,Transport & Logistique,Bassila,+229 41 32 85 78,,distributiontransport.bj,TPE (<10),B2B,CCIB Annuaire,,Actif,2026-06-29T00:14:35.874847,moyenne
BJ-BC2C99FD,Transport Cargo,Transport & Logistique,Pehunco,+229 30 64 57 72,transport.cargo@transport.cargo.org,,PME (10-50),B2B,CCIB Annuaire,,Actif,2026-06-29T00:14:35.874869,moyenne
BJ-962D8D0B,Express Messagerie Africa Pehunco,Transport & Logistique,Pehunco,+229 67 30 84 62,express.messagerie.africa.pehunco@express.messagerie.africa.pehunco.org,,TPE (<10),B2B,CCIB Annuaire,,Actif,2026-06-29T00:14:35.874882,moyenne
BJ-09C182D2,Distribution SARL,Transport & Logistique,Pehunco,+229 46 10 80 50,distribution.sarl@distribution.sarl.bj,,PME (50-200),B2B,CCIB Annuaire,,Actif,2026-06-29T00:14:35.874906,moyenne
BJ-A3D0534D,Logistique Cargo Transport,Transport & Logistique,Pehunco,+229 68 44 39 83,,logistiquecargotransport.bj,PME (50-200),B2B,CCIB Annuaire,,Actif,2026-06-29T00:14:35.874919,moyenne
BJ-75005FC9,Livraison Pehunco,Transport & Logistique,Pehunco,+229 31 72 97 90,,livraisonpehunco.bj,TPE (<10),B2B,CCIB Annuaire,,Actif,2026-06-29T00:14:35.874931,moyenne
BJ-ABB6842C,SARL Livraison,Transport & Logistique,Copargo,+229 53 77 15 35,sarl.livraison@sarl.livraison.com,sarllivraison.bj,PME (10-50),B2C,CCIB Annuaire,,Actif,2026-06-29T00:14:35.874950,haute
BJ-AF5A3947,Courrier International,Transport & Logistique,Copargo,+229 76 13 98 56,courrier.international@courrier.international.bj,courrierinternational.bj,TPE (<10),B2C,CCIB Annuaire,,Actif,2026-06-29T00:14:35.874962,haute
BJ-DDB7CEF9,Maritime International,Transport & Logistique,Copargo,+229 98 25 58 89,maritime.international@maritime.international.bj,,PME (10-50),B2B,CCIB Annuaire,,Actif,2026-06-29T00:14:35.874974,moyenne
BJ-9EC14504,Rapide Distribution SARL,Transport & Logistique,Copargo,+229 30 31 16 13,,,TPE (<10),B2B,CCIB Annuaire,,Actif,2026-06-29T00:14:35.874987,basse
BJ-38F0E229,Route Africa,Transport & Logistique,Copargo,+229 77 73 79 97,route.africa@route.africa.benin,routeafrica.bj,PME (50-200),B2C,CCIB Annuaire,,Actif,2026-06-29T00:14:35.875000,haute
BJ-4B73F425,Satellite,Télécommunications,Cotonou,+229 82 12 89 65,satellite@satellite.bj,satellite.bj,PME (10-50),B2B,CCIB Annuaire,,Actif,2026-06-29T00:14:35.875019,haute
BJ-2B0244B6,Mobile Fiber International Cotonou,Télécommunications,Cotonou,+229 31 71 50 39,mobile.fiber.international.cotonou@mobile.fiber.international.cotonou.net,mobilefiberinternationalcotonou.bj,TPE (<10),B2B,CCIB Annuaire,,Actif,2026-06-29T00:14:35.875033,haute
BJ-11C8D64D,Voice Bénin,Télécommunications,Cotonou,+229 99 20 60 21,voice.bénin@voice.bénin.org,,PME (50-200),B2B,CCIB Annuaire,,Actif,2026-06-29T00:14:35.875046,moyenne
BJ-28F071FB,Internet,Télécommunications,Cotonou,+229 80 92 47 77,internet@internet.org,internet.bj,TPE (<10),B2C,CCIB Annuaire,,Actif,2026-06-29T00:14:35.875059,haute
BJ-CF00FD3C,Réseau Télécom Bénin Cotonou,Télécommunications,Cotonou,+229 51 39 47 71,réseau.télécom.bénin.cotonou@réseau.télécom.bénin.cotonou.com,réseautélécombénincotonou.bj,PME (10-50),B2B,CCIB Annuaire,,Actif,2026-06-29T00:14:35.875073,haute
BJ-F8CBAF7F,Télécom,Télécommunications,Abomey-Calavi,+229 94 96 35 66,télécom@télécom.bj,télécom.bj,TPE (<10),B2B,CCIB Annuaire,,Actif,2026-06-29T00:14:35.875092,haute
BJ-69C1DCBE,Satellite,Télécommunications,Abomey-Calavi,+229 66 49 15 34,satellite@satellite.org,satellite.bj,TPE (<10),B2B,CCIB Annuaire,,Actif,2026-06-29T00:14:35.875105,haute
BJ-91133EEF,Digital Africa,Télécommunications,Abomey-Calavi,+229 44 91 42 71,digital.africa@digital.africa.org,digitalafrica.bj,TPE (<10),B2C,CCIB Annuaire,,Actif,2026-06-29T00:14:35.875117,haute
BJ-98D53EBC,Télécom Digital,Télécommunications,Abomey-Calavi,+229 70 11 10 90,télécom.digital@télécom.digital.org,,TPE (<10),B2C,CCIB Annuaire,,Actif,2026-06-29T00:14:35.875132,moyenne
BJ-73E8A7C8,Internet Télécom International Porto-Novo,Télécommunications,Porto-Novo,+229 80 90 43 77,internet.télécom.international.portonovo@internet.télécom.international.portonovo.org,internettélécominternationalportonovo.bj,PME (50-200),B2B,CCIB Annuaire,,Actif,2026-06-29T00:14:35.875166,haute
BJ-9F3ECCC9,Mobile Satellite,Télécommunications,Porto-Novo,+229 82 57 48 84,mobile.satellite@mobile.satellite.bj,mobilesatellite.bj,PME (10-50),B2B,CCIB Annuaire,,Actif,2026-06-29T00:14:35.875178,haute
BJ-00721940,Mobile Internet Telecom,Télécommunications,Porto-Novo,+229 28 95 43 24,mobile.internet.telecom@mobile.internet.telecom.com,,PME (50-200),B2B,CCIB Annuaire,,Actif,2026-06-29T00:14:35.875190,moyenne
BJ-20431BED,Connect Telecom Porto-Novo,Télécommunications,Porto-Novo,+229 37 92 90 93,connect.telecom.portonovo@connect.telecom.portonovo.com,connecttelecomportonovo.bj,TPE (<10),B2C,CCIB Annuaire,,Actif,2026-06-29T00:14:35.875203,haute
BJ-F8573CBE,Voice Telecom,Télécommunications,Porto-Novo,+229 41 40 28 93,voice.telecom@voice.telecom.com,voicetelecom.bj,TPE (<10),B2B,CCIB Annuaire,,Actif,2026-06-29T00:14:35.875214,haute
BJ-30A25D05,Connect Mobile Parakou,Télécommunications,Parakou,+229 43 98 55 26,connect.mobile.parakou@connect.mobile.parakou.bj,connectmobileparakou.bj,PME (50-200),B2C,CCIB Annuaire,,Actif,2026-06-29T00:14:35.875236,haute
BJ-88CCF9B1,Mobile,Télécommunications,Parakou,+229 35 52 99 51,mobile@mobile.bj,,PME (10-50),B2C,CCIB Annuaire,,Actif,2026-06-29T00:14:35.875263,moyenne
BJ-D4521639,Internet Internet Bénin,Télécommunications,Parakou,+229 73 24 29 77,internet.internet.bénin@internet.internet.bénin.com,internetinternetbénin.bj,PME (10-50),B2C,CCIB Annuaire,,Actif,2026-06-29T00:14:35.875276,haute
BJ-A2E1694E,Réseau Communication,Télécommunications,Parakou,+229 92 88 35 16,,réseaucommunication.bj,TPE (<10),B2B,CCIB Annuaire,,Actif,2026-06-29T00:14:35.875291,moyenne
BJ-5047F782,Internet Connect Parakou,Télécommunications,Parakou,+229 36 64 13 35,internet.connect.parakou@internet.connect.parakou.org,,PME (50-200),B2C,CCIB Annuaire,,Actif,2026-06-29T00:14:35.875304,moyenne
BJ-BBE4C4FF,Connect Data Bénin Bohicon,Télécommunications,Bohicon,+229 29 78 26 77,connect.data.bénin.bohicon@connect.data.bénin.bohicon.org,connectdatabéninbohicon.bj,TPE (<10),B2C,CCIB Annuaire,,Actif,2026-06-29T00:14:35.875324,haute
BJ-3D919D60,Communication,Télécommunications,Bohicon,+229 58 37 83 95,communication@communication.bj,communication.bj,PME (10-50),B2B,CCIB Annuaire,,Actif,2026-06-29T00:14:35.875337,haute
BJ-F900E199,Wireless International,Télécommunications,Bohicon,+229 81 95 88 78,wireless.international@wireless.international.benin,wirelessinternational.bj,PME (10-50),B2C,CCIB Annuaire,,Actif,2026-06-29T00:14:35.875348,haute
BJ-A7E4313D,Digital Bénin,Télécommunications,Bohicon,+229 63 60 79 97,digital.bénin@digital.bénin.org,digitalbénin.bj,PME (10-50),B2C,CCIB Annuaire,,Actif,2026-06-29T00:14:35.875361,haute
BJ-4270E951,Télécom SARL,Télécommunications,Bohicon,+229 35 27 12 75,télécom.sarl@télécom.sarl.net,télécomsarl.bj,TPE (<10),B2C,CCIB Annuaire,,Actif,2026-06-29T00:14:35.875374,haute
BJ-342720FA,Internet Wireless Bénin,Télécommunications,Natitingou,+229 52 96 75 53,internet.wireless.bénin@internet.wireless.bénin.benin,internetwirelessbénin.bj,TPE (<10),B2C,CCIB Annuaire,,Actif,2026-06-29T00:14:35.875403,haute
BJ-31B61708,Réseau,Télécommunications,Natitingou,+229 45 28 95 37,réseau@réseau.benin,réseau.bj,Grande (>200),B2C,CCIB Annuaire,,Actif,2026-06-29T00:14:35.875419,haute
BJ-5B6C9975,Connect Connect SA,Télécommunications,Natitingou,+229 26 43 13 95,connect.connect.sa@connect.connect.sa.benin,connectconnectsa.bj,TPE (<10),B2B,CCIB Annuaire,,Actif,2026-06-29T00:14:35.875435,haute
BJ-8726D20B,Télécom,Télécommunications,Natitingou,+229 51 55 39 77,télécom@télécom.org,télécom.bj,Grande (>200),B2B,CCIB Annuaire,,Actif,2026-06-29T00:14:35.875449,haute
BJ-33F6072F,Télécom Digital,Télécommunications,Lokossa,+229 49 48 64 32,,télécomdigital.bj,PME (50-200),B2B,CCIB Annuaire,,Actif,2026-06-29T00:14:35.875467,moyenne
BJ-884C7B6D,Internet Réseau Lokossa,Télécommunications,Lokossa,+229 47 82 98 40,,internetréseaulokossa.bj,PME (10-50),B2B,CCIB Annuaire,,Actif,2026-06-29T00:14:35.875479,moyenne
BJ-AB1E2A87,Télécom Data,Télécommunications,Lokossa,+229 88 29 66 24,,télécomdata.bj,Grande (>200),B2B,CCIB Annuaire,,Actif,2026-06-29T00:14:35.875491,moyenne
BJ-4AD003AF,Télécom Digital Africa,Télécommunications,Lokossa,+229 55 32 29 17,télécom.digital.africa@télécom.digital.africa.org,télécomdigitalafrica.bj,TPE (<10),B2C,CCIB Annuaire,,Actif,2026-06-29T00:14:35.875503,haute
BJ-A6C8678C,Digital Digital Lokossa,Télécommunications,Lokossa,+229 33 29 12 70,,digitaldigitallokossa.bj,TPE (<10),B2C,CCIB Annuaire,,Actif,2026-06-29T00:14:35.875515,moyenne
BJ-C2FDC13E,Réseau Tech,Télécommunications,Ouidah,+229 93 64 39 56,réseau.tech@réseau.tech.benin,réseautech.bj,Grande (>200),B2B,CCIB Annuaire,,Actif,2026-06-29T00:14:35.875539,haute
BJ-3FEDD461,Télécom Réseau,Télécommunications,Ouidah,+229 78 97 23 13,télécom.réseau@télécom.réseau.bj,télécomréseau.bj,PME (10-50),B2B,CCIB Annuaire,,Actif,2026-06-29T00:14:35.875556,haute
BJ-31291C69,Télécom Réseau SARL,Télécommunications,Ouidah,+229 93 30 77 84,,,TPE (<10),B2C,CCIB Annuaire,,Actif,2026-06-29T00:14:35.875567,basse
BJ-DCCD54A8,Réseau Connect,Télécommunications,Ouidah,+229 82 82 38 15,réseau.connect@réseau.connect.net,réseauconnect.bj,TPE (<10),B2B,CCIB Annuaire,,Actif,2026-06-29T00:14:35.875582,haute
BJ-6A4C45EE,Mobile,Télécommunications,Ouidah,+229 52 91 79 46,mobile@mobile.benin,,PME (50-200),B2B,CCIB Annuaire,,Actif,2026-06-29T00:14:35.875594,moyenne
BJ-B6A398A9,Fiber,Télécommunications,Savalou,+229 73 23 44 91,,fiber.bj,TPE (<10),B2C,CCIB Annuaire,,Actif,2026-06-29T00:14:35.875610,moyenne
BJ-F0A562DE,Réseau International,Télécommunications,Savalou,+229 90 57 74 94,réseau.international@réseau.international.org,réseauinternational.bj,Grande (>200),B2B,CCIB Annuaire,,Actif,2026-06-29T00:14:35.875623,haute
BJ-DDD5A7EA,Internet Fiber International,Télécommunications,Savalou,+229 49 59 20 49,,internetfiberinternational.bj,PME (50-200),B2B,CCIB Annuaire,,Actif,2026-06-29T00:14:35.875647,moyenne
BJ-36D5955B,Satellite,Télécommunications,Savalou,+229 21 76 70 66,satellite@satellite.bj,satellite.bj,TPE (<10),B2B,CCIB Annuaire,,Actif,2026-06-29T00:14:35.875662,haute
BJ-A0B3B371,Tech Telecom,Télécommunications,Dassa-Zoumè,+229 44 60 20 56,tech.telecom@tech.telecom.net,techtelecom.bj,TPE (<10),B2C,CCIB Annuaire,,Actif,2026-06-29T00:14:35.875681,haute
BJ-C157BD17,Communication SA,Télécommunications,Dassa-Zoumè,+229 77 84 45 56,communication.sa@communication.sa.benin,communicationsa.bj,PME (50-200),B2C,CCIB Annuaire,,Actif,2026-06-29T00:14:35.875705,haute
BJ-1E6C71D6,Connect SA,Télécommunications,Dassa-Zoumè,+229 67 98 99 86,,connectsa.bj,Grande (>200),B2B,CCIB Annuaire,,Actif,2026-06-29T00:14:35.875731,moyenne
BJ-4E8F83B6,Voice,Télécommunications,Kétou,+229 73 11 73 25,voice@voice.org,voice.bj,PME (50-200),B2C,CCIB Annuaire,,Actif,2026-06-29T00:14:35.875749,haute
BJ-AA978EB3,Mobile Bénin,Télécommunications,Kétou,+229 60 18 33 91,mobile.bénin@mobile.bénin.net,mobilebénin.bj,PME (10-50),B2C,CCIB Annuaire,,Actif,2026-06-29T00:14:35.875762,haute
BJ-38523197,Fiber SARL,Télécommunications,Kétou,+229 27 52 86 65,fiber.sarl@fiber.sarl.org,fibersarl.bj,PME (10-50),B2C,CCIB Annuaire,,Actif,2026-06-29T00:14:35.875786,haute
BJ-F73E69D3,Connect Internet Telecom,Télécommunications,Kétou,+229 39 77 77 92,connect.internet.telecom@connect.internet.telecom.bj,connectinternettelecom.bj,PME (10-50),B2B,CCIB Annuaire,,Actif,2026-06-29T00:14:35.875798,haute
BJ-119F2D19,Internet International,Télécommunications,Covè,+229 99 76 31 80,internet.international@internet.international.net,internetinternational.bj,Grande (>200),B2B,CCIB Annuaire,,Actif,2026-06-29T00:14:35.875815,haute
BJ-5A93CC84,Réseau Mobile Telecom,Télécommunications,Covè,+229 67 89 76 92,réseau.mobile.telecom@réseau.mobile.telecom.net,réseaumobiletelecom.bj,TPE (<10),B2B,CCIB Annuaire,,Actif,2026-06-29T00:14:35.875828,haute
BJ-1C469E4C,Connect Voice Africa,Télécommunications,Covè,+229 35 57 51 59,connect.voice.africa@connect.voice.africa.org,connectvoiceafrica.bj,TPE (<10),B2B,CCIB Annuaire,,Actif,2026-06-29T00:14:35.875839,haute
BJ-E8EED110,Digital Digital International,Télécommunications,Covè,+229 52 23 76 89,digital.digital.international@digital.digital.international.net,digitaldigitalinternational.bj,TPE (<10),B2B,CCIB Annuaire,,Actif,2026-06-29T00:14:35.875863,haute
BJ-2C7542BD,Télécom Satellite,Télécommunications,Covè,+229 79 45 40 71,télécom.satellite@télécom.satellite.com,,PME (10-50),B2B,CCIB Annuaire,,Actif,2026-06-29T00:14:35.875878,moyenne
BJ-9ACE181C,Mobile Satellite,Télécommunications,Pobè,+229 96 54 48 56,mobile.satellite@mobile.satellite.bj,,TPE (<10),B2B,CCIB Annuaire,,Actif,2026-06-29T00:14:35.875912,moyenne
BJ-DCF2D495,Wireless,Télécommunications,Pobè,+229 40 97 73 67,wireless@wireless.benin,wireless.bj,PME (50-200),B2C,CCIB Annuaire,,Actif,2026-06-29T00:14:35.875925,haute
BJ-C09396BE,Wireless SARL,Télécommunications,Pobè,+229 39 65 70 79,wireless.sarl@wireless.sarl.bj,wirelesssarl.bj,PME (50-200),B2B,CCIB Annuaire,,Actif,2026-06-29T00:14:35.875937,haute
BJ-CE3FC3E7,Satellite Bénin,Télécommunications,Pobè,+229 90 22 72 32,satellite.bénin@satellite.bénin.org,satellitebénin.bj,TPE (<10),B2B,CCIB Annuaire,,Actif,2026-06-29T00:14:35.875950,haute
BJ-340B6AE3,Internet Mobile Pobè,Télécommunications,Pobè,+229 84 57 81 28,internet.mobile.pobè@internet.mobile.pobè.bj,internetmobilepobè.bj,PME (50-200),B2B,CCIB Annuaire,,Actif,2026-06-29T00:14:35.875962,haute
BJ-168FCDAF,Réseau Internet International,Télécommunications,Sakété,+229 30 71 86 68,réseau.internet.international@réseau.internet.international.net,réseauinternetinternational.bj,PME (10-50),B2B,CCIB Annuaire,,Actif,2026-06-29T00:14:35.875994,haute
BJ-2311C152,Mobile Tech,Télécommunications,Sakété,+229 92 48 70 10,,mobiletech.bj,PME (10-50),B2C,CCIB Annuaire,,Actif,2026-06-29T00:14:35.876005,moyenne
BJ-68B43D62,Satellite Africa,Télécommunications,Sakété,+229 27 90 27 29,satellite.africa@satellite.africa.org,,PME (50-200),B2C,CCIB Annuaire,,Actif,2026-06-29T00:14:35.876020,moyenne
BJ-DC5B2849,Internet,Télécommunications,Sakété,+229 98 22 74 59,internet@internet.net,internet.bj,PME (10-50),B2B,CCIB Annuaire,,Actif,2026-06-29T00:14:35.876033,haute
BJ-168F1C58,Télécom Data,Télécommunications,Adjara,+229 20 35 15 94,télécom.data@télécom.data.bj,télécomdata.bj,PME (50-200),B2B,CCIB Annuaire,,Actif,2026-06-29T00:14:35.876052,haute
BJ-1CA0E253,Digital Data International Adjara,Télécommunications,Adjara,+229 60 84 43 50,digital.data.international.adjara@digital.data.international.adjara.net,digitaldatainternationaladjara.bj,Grande (>200),B2C,CCIB Annuaire,,Actif,2026-06-29T00:14:35.876065,haute
BJ-5BE135A8,Télécom,Télécommunications,Adjara,+229 58 57 43 45,,,TPE (<10),B2B,CCIB Annuaire,,Actif,2026-06-29T00:14:35.876076,basse
BJ-E3FFCDF4,Connect Data,Télécommunications,Adjara,+229 34 54 75 35,connect.data@connect.data.bj,connectdata.bj,TPE (<10),B2B,CCIB Annuaire,,Actif,2026-06-29T00:14:35.876089,haute
BJ-9DE5FEC6,Data International Adjara,Télécommunications,Adjara,+229 50 27 36 11,data.international.adjara@data.international.adjara.com,datainternationaladjara.bj,PME (10-50),B2B,CCIB Annuaire,,Actif,2026-06-29T00:14:35.876104,haute
BJ-5C203592,Mobile Tech Groupe,Télécommunications,Allada,+229 79 11 71 77,mobile.tech.groupe@mobile.tech.groupe.org,,PME (50-200),B2C,CCIB Annuaire,,Actif,2026-06-29T00:14:35.876122,moyenne
BJ-365C0C2B,Mobile Telecom,Télécommunications,Allada,+229 97 70 55 41,mobile.telecom@mobile.telecom.com,mobiletelecom.bj,PME (10-50),B2B,CCIB Annuaire,,Actif,2026-06-29T00:14:35.876138,haute
BJ-B84D6136,Connect Mobile Bénin,Télécommunications,Allada,+229 79 23 18 85,connect.mobile.bénin@connect.mobile.bénin.org,connectmobilebénin.bj,PME (10-50),B2C,CCIB Annuaire,,Actif,2026-06-29T00:14:35.876151,haute
BJ-B109E11A,Mobile Fiber SARL,Télécommunications,Allada,+229 35 34 38 21,,mobilefibersarl.bj,PME (10-50),B2C,CCIB Annuaire,,Actif,2026-06-29T00:14:35.876165,moyenne
BJ-7FBDFFD9,Internet Tech Bénin,Télécommunications,Allada,+229 73 30 61 92,internet.tech.bénin@internet.tech.bénin.org,internettechbénin.bj,Grande (>200),B2B,CCIB Annuaire,,Actif,2026-06-29T00:14:35.876178,haute
BJ-D5F57CC4,Internet Wireless International,Télécommunications,Aplahoué,+229 63 28 16 22,internet.wireless.international@internet.wireless.international.net,internetwirelessinternational.bj,PME (50-200),B2B,CCIB Annuaire,,Actif,2026-06-29T00:14:35.876213,haute
BJ-EF288340,Data,Télécommunications,Aplahoué,+229 76 52 54 17,data@data.net,,PME (50-200),B2B,CCIB Annuaire,,Actif,2026-06-29T00:14:35.876228,moyenne
BJ-B8CB18DE,Réseau Aplahoué,Télécommunications,Aplahoué,+229 33 65 44 92,réseau.aplahoué@réseau.aplahoué.net,réseauaplahoué.bj,TPE (<10),B2B,CCIB Annuaire,,Actif,2026-06-29T00:14:35.876243,haute
BJ-9FCC9BF1,Digital Voice International,Télécommunications,Aplahoué,+229 71 64 28 55,digital.voice.international@digital.voice.international.bj,digitalvoiceinternational.bj,Grande (>200),B2B,CCIB Annuaire,,Actif,2026-06-29T00:14:35.876255,haute
BJ-D9EBCCFE,Satellite,Télécommunications,Dogbo-Tota,+229 20 40 50 57,satellite@satellite.benin,satellite.bj,PME (50-200),B2B,CCIB Annuaire,,Actif,2026-06-29T00:14:35.876273,haute
BJ-0ABF9FA3,Télécom Dogbo-Tota,Télécommunications,Dogbo-Tota,+229 76 99 44 65,télécom.dogbotota@télécom.dogbotota.bj,télécomdogbotota.bj,TPE (<10),B2C,CCIB Annuaire,,Actif,2026-06-29T00:14:35.876287,haute
BJ-720D790F,Réseau,Télécommunications,Dogbo-Tota,+229 49 53 75 93,réseau@réseau.com,,PME (50-200),B2C,CCIB Annuaire,,Actif,2026-06-29T00:14:35.876300,moyenne
BJ-8494FD85,Digital Tech International,Télécommunications,Dogbo-Tota,+229 64 32 64 61,,digitaltechinternational.bj,PME (10-50),B2C,CCIB Annuaire,,Actif,2026-06-29T00:14:35.876315,moyenne
BJ-BFCE9604,Connect Réseau SA,Télécommunications,Dogbo-Tota,+229 55 82 61 89,connect.réseau.sa@connect.réseau.sa.org,connectréseausa.bj,PME (10-50),B2B,CCIB Annuaire,,Actif,2026-06-29T00:14:35.876328,haute
BJ-C0FC96BE,Télécom Bénin,Télécommunications,Kpomassè,+229 33 49 53 48,télécom.bénin@télécom.bénin.benin,télécombénin.bj,PME (10-50),B2B,CCIB Annuaire,,Actif,2026-06-29T00:14:35.876348,haute
BJ-23D5B509,Réseau Fiber,Télécommunications,Kpomassè,+229 34 97 14 64,réseau.fiber@réseau.fiber.benin,réseaufiber.bj,TPE (<10),B2C,CCIB Annuaire,,Actif,2026-06-29T00:14:35.876379,haute
BJ-C5E372D8,Internet Tech,Télécommunications,Kpomassè,+229 90 31 97 47,internet.tech@internet.tech.bj,internettech.bj,TPE (<10),B2B,CCIB Annuaire,,Actif,2026-06-29T00:14:35.876407,haute
BJ-31AF3363,Mobile Telecom Kpomassè,Télécommunications,Kpomassè,+229 69 81 52 16,mobile.telecom.kpomassè@mobile.telecom.kpomassè.bj,,TPE (<10),B2C,CCIB Annuaire,,Actif,2026-06-29T00:14:35.876437,moyenne
BJ-91C56B54,Satellite,Télécommunications,Kpomassè,+229 96 21 53 73,satellite@satellite.com,satellite.bj,PME (10-50),B2C,CCIB Annuaire,,Actif,2026-06-29T00:14:35.876453,haute
BJ-BDFA68DC,Mobile Internet Groupe,Télécommunications,Tori-Bossito,+229 27 76 64 24,mobile.internet.groupe@mobile.internet.groupe.net,mobileinternetgroupe.bj,PME (50-200),B2C,CCIB Annuaire,,Actif,2026-06-29T00:14:35.876518,haute
BJ-CAE0D296,Internet Wireless International Tori-Bossito,Télécommunications,Tori-Bossito,+229 20 31 96 71,internet.wireless.international.toribossito@internet.wireless.international.toribossito.org,internetwirelessinternationaltoribossito.bj,PME (50-200),B2B,CCIB Annuaire,,Actif,2026-06-29T00:14:35.876536,haute
BJ-F7815DFD,Digital Communication,Télécommunications,Tori-Bossito,+229 53 66 59 45,digital.communication@digital.communication.org,,PME (10-50),B2C,CCIB Annuaire,,Actif,2026-06-29T00:14:35.876549,moyenne
BJ-A708EF5C,Mobile SA,Télécommunications,Grand-Popo,+229 80 42 38 74,mobile.sa@mobile.sa.bj,mobilesa.bj,Grande (>200),B2B,CCIB Annuaire,,Actif,2026-06-29T00:14:35.876568,haute
BJ-A64EFAD3,Communication,Télécommunications,Grand-Popo,+229 66 54 43 17,communication@communication.net,communication.bj,PME (10-50),B2C,CCIB Annuaire,,Actif,2026-06-29T00:14:35.876580,haute
BJ-33A5A182,Connect Wireless International,Télécommunications,Grand-Popo,+229 44 34 66 94,connect.wireless.international@connect.wireless.international.org,connectwirelessinternational.bj,PME (10-50),B2C,CCIB Annuaire,,Actif,2026-06-29T00:14:35.876592,haute
BJ-050CDC7A,Digital,Télécommunications,Grand-Popo,+229 55 43 47 59,digital@digital.benin,digital.bj,TPE (<10),B2B,CCIB Annuaire,,Actif,2026-06-29T00:14:35.876604,haute
BJ-B5B50CE5,Télécom Wireless Grand-Popo,Télécommunications,Grand-Popo,+229 21 71 21 55,,,PME (10-50),B2B,CCIB Annuaire,,Actif,2026-06-29T00:14:35.876615,basse
BJ-AA19FCF1,Communication Athiémé,Télécommunications,Athiémé,+229 99 64 93 97,communication.athiémé@communication.athiémé.net,,TPE (<10),B2B,CCIB Annuaire,,Actif,2026-06-29T00:14:35.876638,moyenne
BJ-1EAAA804,Réseau Voice SARL,Télécommunications,Athiémé,+229 80 22 89 18,réseau.voice.sarl@réseau.voice.sarl.benin,réseauvoicesarl.bj,TPE (<10),B2B,CCIB Annuaire,,Actif,2026-06-29T00:14:35.876652,haute
BJ-CE56324E,Connect Bénin,Télécommunications,Athiémé,+229 27 17 89 84,connect.bénin@connect.bénin.net,,PME (50-200),B2C,CCIB Annuaire,,Actif,2026-06-29T00:14:35.876668,moyenne
BJ-99DD02B7,Réseau SA,Télécommunications,Athiémé,+229 61 99 95 32,,réseausa.bj,TPE (<10),B2B,CCIB Annuaire,,Actif,2026-06-29T00:14:35.876683,moyenne
BJ-203935B0,Wireless Bopa,Télécommunications,Bopa,+229 89 51 54 34,wireless.bopa@wireless.bopa.com,wirelessbopa.bj,TPE (<10),B2C,CCIB Annuaire,,Actif,2026-06-29T00:14:35.876715,haute
BJ-9EF8A488,Data Bopa,Télécommunications,Bopa,+229 79 94 56 59,data.bopa@data.bopa.org,databopa.bj,PME (50-200),B2B,CCIB Annuaire,,Actif,2026-06-29T00:14:35.876728,haute
BJ-8FB3EA50,Wireless International,Télécommunications,Bopa,+229 92 57 15 79,wireless.international@wireless.international.benin,,PME (10-50),B2C,CCIB Annuaire,,Actif,2026-06-29T00:14:35.876739,moyenne
BJ-BAB6B312,Communication Telecom,Télécommunications,Bopa,+229 53 43 59 46,communication.telecom@communication.telecom.com,communicationtelecom.bj,PME (10-50),B2C,CCIB Annuaire,,Actif,2026-06-29T00:14:35.876752,haute
BJ-01D9BF89,Data SA,Télécommunications,Bopa,+229 86 77 89 31,data.sa@data.sa.org,,PME (50-200),B2B,CCIB Annuaire,,Actif,2026-06-29T00:14:35.876764,moyenne
BJ-4B8682C0,Internet Internet,Télécommunications,Houéyogbé,+229 34 23 38 78,internet.internet@internet.internet.net,internetinternet.bj,TPE (<10),B2B,CCIB Annuaire,,Actif,2026-06-29T00:14:35.876782,haute
BJ-9AD0B9F8,Digital Telecom,Télécommunications,Houéyogbé,+229 27 10 68 16,,,TPE (<10),B2C,CCIB Annuaire,,Actif,2026-06-29T00:14:35.876793,basse
BJ-11EB9EA2,Connect,Télécommunications,Houéyogbé,+229 44 40 57 72,connect@connect.benin,connect.bj,PME (50-200),B2B,CCIB Annuaire,,Actif,2026-06-29T00:14:35.876804,haute
BJ-C9F0FF20,Internet,Télécommunications,Houéyogbé,+229 54 10 45 12,internet@internet.benin,internet.bj,PME (10-50),B2B,CCIB Annuaire,,Actif,2026-06-29T00:14:35.876819,haute
BJ-64FB23BF,Digital,Télécommunications,Houéyogbé,+229 30 38 30 25,digital@digital.bj,digital.bj,PME (50-200),B2B,CCIB Annuaire,,Actif,2026-06-29T00:14:35.876833,haute
BJ-2A9ED6A9,Mobile Telecom,Télécommunications,Malanville,+229 20 39 87 78,,mobiletelecom.bj,PME (50-200),B2C,CCIB Annuaire,,Actif,2026-06-29T00:14:35.876866,moyenne
BJ-404717A5,Mobile Fiber,Télécommunications,Malanville,+229 46 36 55 93,mobile.fiber@mobile.fiber.benin,mobilefiber.bj,PME (10-50),B2B,CCIB Annuaire,,Actif,2026-06-29T00:14:35.876878,haute
BJ-AB9B0B62,Internet Bénin,Télécommunications,Malanville,+229 84 38 62 68,,internetbénin.bj,TPE (<10),B2B,CCIB Annuaire,,Actif,2026-06-29T00:14:35.876900,moyenne
BJ-A037222C,Fiber,Télécommunications,Malanville,+229 23 34 52 34,fiber@fiber.bj,fiber.bj,PME (50-200),B2C,CCIB Annuaire,,Actif,2026-06-29T00:14:35.876914,haute
BJ-1C1DA417,Connect Voice,Télécommunications,Kandi,+229 58 62 48 77,connect.voice@connect.voice.benin,connectvoice.bj,PME (10-50),B2B,CCIB Annuaire,,Actif,2026-06-29T00:14:35.876933,haute
BJ-28FE811C,Satellite SA,Télécommunications,Kandi,+229 32 95 94 63,satellite.sa@satellite.sa.benin,satellitesa.bj,TPE (<10),B2C,CCIB Annuaire,,Actif,2026-06-29T00:14:35.876945,haute
BJ-B0C90354,Digital Connect Kandi,Télécommunications,Kandi,+229 55 26 77 66,digital.connect.kandi@digital.connect.kandi.com,digitalconnectkandi.bj,TPE (<10),B2B,CCIB Annuaire,,Actif,2026-06-29T00:14:35.876957,haute
BJ-284B5825,Mobile Data Kandi,Télécommunications,Kandi,+229 77 62 49 49,mobile.data.kandi@mobile.data.kandi.benin,mobiledatakandi.bj,PME (50-200),B2C,CCIB Annuaire,,Actif,2026-06-29T00:14:35.876973,haute
BJ-14EACD7F,Télécom Satellite Bénin,Télécommunications,Kandi,+229 28 71 41 57,télécom.satellite.bénin@télécom.satellite.bénin.benin,télécomsatellitebénin.bj,PME (10-50),B2C,CCIB Annuaire,,Actif,2026-06-29T00:14:35.876988,haute
BJ-2785C573,Internet Data SA,Télécommunications,Banikoara,+229 31 89 53 62,internet.data.sa@internet.data.sa.benin,internetdatasa.bj,TPE (<10),B2C,CCIB Annuaire,,Actif,2026-06-29T00:14:35.877007,haute
BJ-4D87ED58,Internet Wireless,Télécommunications,Banikoara,+229 77 49 21 57,internet.wireless@internet.wireless.org,internetwireless.bj,Grande (>200),B2B,CCIB Annuaire,,Actif,2026-06-29T00:14:35.877019,haute
BJ-A298B253,Connect Voice SARL,Télécommunications,Banikoara,+229 28 13 59 41,,connectvoicesarl.bj,PME (50-200),B2B,CCIB Annuaire,,Actif,2026-06-29T00:14:35.877030,moyenne
BJ-F79EAA73,Fiber,Télécommunications,Banikoara,+229 69 35 45 16,fiber@fiber.org,,Grande (>200),B2B,CCIB Annuaire,,Actif,2026-06-29T00:14:35.877044,moyenne
BJ-E42EE4A2,Télécom SARL,Télécommunications,Banikoara,+229 63 94 69 40,télécom.sarl@télécom.sarl.bj,télécomsarl.bj,PME (50-200),B2C,CCIB Annuaire,,Actif,2026-06-29T00:14:35.877061,haute
BJ-AE4628A5,Internet Internet Africa,Télécommunications,Ségbana,+229 99 65 23 32,internet.internet.africa@internet.internet.africa.benin,,Grande (>200),B2B,CCIB Annuaire,,Actif,2026-06-29T00:14:35.877079,moyenne
BJ-1AFF99C4,Tech,Télécommunications,Ségbana,+229 36 88 49 28,tech@tech.com,tech.bj,TPE (<10),B2C,CCIB Annuaire,,Actif,2026-06-29T00:14:35.877105,haute
BJ-999301B9,Communication Telecom,Télécommunications,Ségbana,+229 31 99 18 67,,,PME (50-200),B2C,CCIB Annuaire,,Actif,2026-06-29T00:14:35.877119,basse
BJ-DBAED891,Communication SA,Télécommunications,Ségbana,+229 22 88 26 73,communication.sa@communication.sa.net,communicationsa.bj,Grande (>200),B2B,CCIB Annuaire,,Actif,2026-06-29T00:14:35.877146,haute
BJ-9ECB4148,Connect Tech International,Télécommunications,Karimama,+229 46 76 47 30,connect.tech.international@connect.tech.international.org,,TPE (<10),B2B,CCIB Annuaire,,Actif,2026-06-29T00:14:35.877168,moyenne
BJ-41602BEA,Internet,Télécommunications,Karimama,+229 61 86 71 67,,,TPE (<10),B2B,CCIB Annuaire,,Actif,2026-06-29T00:14:35.877179,basse
BJ-17BC91E8,Réseau Groupe,Télécommunications,Karimama,+229 91 14 81 67,,,PME (10-50),B2C,CCIB Annuaire,,Actif,2026-06-29T00:14:35.877190,basse
BJ-58C4F982,Mobile Data,Télécommunications,Karimama,+229 65 40 58 81,,mobiledata.bj,PME (10-50),B2B,CCIB Annuaire,,Actif,2026-06-29T00:14:35.877201,moyenne
BJ-7C4C1B6C,Télécom,Télécommunications,Karimama,+229 85 90 47 70,,télécom.bj,PME (10-50),B2C,CCIB Annuaire,,Actif,2026-06-29T00:14:35.877213,moyenne
BJ-E5BD5B8D,Internet Connect,Télécommunications,Gogounou,+229 23 20 46 21,internet.connect@internet.connect.com,internetconnect.bj,TPE (<10),B2B,CCIB Annuaire,,Actif,2026-06-29T00:14:35.877231,haute
BJ-624FA595,Connect Voice International,Télécommunications,Gogounou,+229 21 18 52 11,connect.voice.international@connect.voice.international.org,connectvoiceinternational.bj,PME (10-50),B2C,CCIB Annuaire,,Actif,2026-06-29T00:14:35.877244,haute
BJ-12C345BD,Digital Fiber Groupe,Télécommunications,Gogounou,+229 30 50 21 66,digital.fiber.groupe@digital.fiber.groupe.net,digitalfibergroupe.bj,PME (10-50),B2C,CCIB Annuaire,,Actif,2026-06-29T00:14:35.877271,haute
BJ-27938E14,Digital SARL,Télécommunications,Gogounou,+229 68 73 59 67,digital.sarl@digital.sarl.net,,PME (50-200),B2B,CCIB Annuaire,,Actif,2026-06-29T00:14:35.877286,moyenne
BJ-F99B4B46,Internet Data,Télécommunications,Cobly,+229 83 36 17 75,internet.data@internet.data.com,internetdata.bj,PME (50-200),B2B,CCIB Annuaire,,Actif,2026-06-29T00:14:35.877306,haute
BJ-A49A0A77,Mobile Mobile Africa Cobly,Télécommunications,Cobly,+229 71 83 63 59,mobile.mobile.africa.cobly@mobile.mobile.africa.cobly.com,mobilemobileafricacobly.bj,PME (10-50),B2C,CCIB Annuaire,,Actif,2026-06-29T00:14:35.877319,haute
BJ-8DA29321,Digital Digital,Télécommunications,Cobly,+229 36 70 83 30,digital.digital@digital.digital.benin,,Grande (>200),B2B,CCIB Annuaire,,Actif,2026-06-29T00:14:35.877330,moyenne
BJ-816250D3,Télécom Wireless,Télécommunications,Cobly,+229 51 19 54 13,télécom.wireless@télécom.wireless.com,télécomwireless.bj,PME (10-50),B2C,CCIB Annuaire,,Actif,2026-06-29T00:14:35.877343,haute
BJ-BCBED2D3,Réseau Voice,Télécommunications,Cobly,+229 21 75 49 84,réseau.voice@réseau.voice.net,réseauvoice.bj,TPE (<10),B2B,CCIB Annuaire,,Actif,2026-06-29T00:14:35.877356,haute
BJ-ECB23FF9,Internet Internet,Télécommunications,Tanguiéta,+229 39 14 53 91,internet.internet@internet.internet.bj,internetinternet.bj,PME (10-50),B2B,CCIB Annuaire,,Actif,2026-06-29T00:14:35.877375,haute
BJ-03F912C7,Télécom Bénin Tanguiéta,Télécommunications,Tanguiéta,+229 99 84 92 36,télécom.bénin.tanguiéta@télécom.bénin.tanguiéta.bj,télécombénintanguiéta.bj,PME (50-200),B2B,CCIB Annuaire,,Actif,2026-06-29T00:14:35.877393,haute
BJ-5EE4B94B,Télécom Connect,Télécommunications,Tanguiéta,+229 89 48 95 63,télécom.connect@télécom.connect.com,télécomconnect.bj,PME (10-50),B2C,CCIB Annuaire,,Actif,2026-06-29T00:14:35.877406,haute
BJ-3A1E4D51,Connect Digital,Télécommunications,Tanguiéta,+229 47 85 32 46,,connectdigital.bj,PME (10-50),B2C,CCIB Annuaire,,Actif,2026-06-29T00:14:35.877420,moyenne
BJ-2EE7EBF2,Télécom Internet,Télécommunications,Tanguiéta,+229 46 31 10 33,télécom.internet@télécom.internet.bj,télécominternet.bj,TPE (<10),B2B,CCIB Annuaire,,Actif,2026-06-29T00:14:35.877434,haute
BJ-2318EE77,Communication,Télécommunications,Matéri,+229 56 47 77 46,communication@communication.benin,communication.bj,TPE (<10),B2B,CCIB Annuaire,,Actif,2026-06-29T00:14:35.877465,haute
BJ-D7B68AAB,Télécom Satellite SARL Matéri,Télécommunications,Matéri,+229 90 98 82 94,,télécomsatellitesarlmatéri.bj,PME (10-50),B2B,CCIB Annuaire,,Actif,2026-06-29T00:14:35.877477,moyenne
BJ-CD46BC98,Internet Wireless SARL,Télécommunications,Matéri,+229 84 24 17 87,internet.wireless.sarl@internet.wireless.sarl.org,internetwirelesssarl.bj,PME (10-50),B2B,CCIB Annuaire,,Actif,2026-06-29T00:14:35.877490,haute
BJ-C31C1C91,Internet International,Télécommunications,Matéri,+229 50 66 17 17,internet.international@internet.international.org,,PME (10-50),B2B,CCIB Annuaire,,Actif,2026-06-29T00:14:35.877504,moyenne
BJ-96C2F4CB,Connect Voice International Natitingou,Télécommunications,Natitingou,+229 52 20 32 43,connect.voice.international.natitingou@connect.voice.international.natitingou.benin,,Grande (>200),B2B,CCIB Annuaire,,Actif,2026-06-29T00:14:35.877523,moyenne
BJ-6EF21A29,Mobile Bénin Natitingou,Télécommunications,Natitingou,+229 46 24 20 25,mobile.bénin.natitingou@mobile.bénin.natitingou.net,,PME (10-50),B2C,CCIB Annuaire,,Actif,2026-06-29T00:14:35.877551,moyenne
BJ-C90AB431,Digital SA,Télécommunications,Natitingou,+229 99 68 87 49,digital.sa@digital.sa.net,digitalsa.bj,PME (10-50),B2B,CCIB Annuaire,,Actif,2026-06-29T00:14:35.877567,haute
BJ-483CDD21,Data Toucountouna,Télécommunications,Toucountouna,+229 88 36 93 46,,datatoucountouna.bj,TPE (<10),B2C,CCIB Annuaire,,Actif,2026-06-29T00:14:35.877597,moyenne
BJ-E0FDE90B,Connect Wireless,Télécommunications,Toucountouna,+229 25 34 85 44,connect.wireless@connect.wireless.benin,connectwireless.bj,PME (50-200),B2B,CCIB Annuaire,,Actif,2026-06-29T00:14:35.877609,haute
BJ-6907D0F3,Digital Communication SARL,Télécommunications,Toucountouna,+229 78 49 21 77,digital.communication.sarl@digital.communication.sarl.com,digitalcommunicationsarl.bj,Grande (>200),B2C,CCIB Annuaire,,Actif,2026-06-29T00:14:35.877621,haute
BJ-7492B2D4,Wireless,Télécommunications,Toucountouna,+229 76 75 21 86,wireless@wireless.benin,,PME (50-200),B2B,CCIB Annuaire,,Actif,2026-06-29T00:14:35.877632,moyenne
BJ-4867D42E,Tech Toucountouna,Télécommunications,Toucountouna,+229 79 35 30 26,tech.toucountouna@tech.toucountouna.benin,techtoucountouna.bj,TPE (<10),B2C,CCIB Annuaire,,Actif,2026-06-29T00:14:35.877661,haute
BJ-09E803D0,Digital Bénin,Télécommunications,Boukoumbé,+229 27 53 11 39,digital.bénin@digital.bénin.org,digitalbénin.bj,PME (10-50),B2B,CCIB Annuaire,,Actif,2026-06-29T00:14:35.877702,haute
BJ-4AD437EF,Réseau,Télécommunications,Boukoumbé,+229 50 45 94 51,réseau@réseau.com,réseau.bj,TPE (<10),B2C,CCIB Annuaire,,Actif,2026-06-29T00:14:35.877716,haute
BJ-049BB57C,Internet Voice,Télécommunications,Boukoumbé,+229 85 65 21 69,internet.voice@internet.voice.net,internetvoice.bj,PME (10-50),B2C,CCIB Annuaire,,Actif,2026-06-29T00:14:35.877740,haute
BJ-29B4D0FA,Réseau Wireless SA,Télécommunications,Boukoumbé,+229 39 93 60 97,réseau.wireless.sa@réseau.wireless.sa.org,,TPE (<10),B2B,CCIB Annuaire,,Actif,2026-06-29T00:14:35.877762,moyenne
BJ-89D6BAFF,Télécom Fiber Bénin,Télécommunications,Kouandé,+229 92 81 86 53,télécom.fiber.bénin@télécom.fiber.bénin.bj,,PME (50-200),B2C,CCIB Annuaire,,Actif,2026-06-29T00:14:35.877799,moyenne
BJ-6FA075E9,Télécom Kouandé,Télécommunications,Kouandé,+229 67 99 33 93,,télécomkouandé.bj,Grande (>200),B2C,CCIB Annuaire,,Actif,2026-06-29T00:14:35.877827,moyenne
BJ-FDDE5CA5,Communication Kouandé,Télécommunications,Kouandé,+229 88 25 49 63,,,TPE (<10),B2C,CCIB Annuaire,,Actif,2026-06-29T00:14:35.877858,basse
BJ-623C21AA,Satellite Bénin Kouandé,Télécommunications,Kouandé,+229 65 13 26 86,satellite.bénin.kouandé@satellite.bénin.kouandé.org,satellitebéninkouandé.bj,PME (50-200),B2B,CCIB Annuaire,,Actif,2026-06-29T00:14:35.877886,haute
BJ-EB0C736B,Satellite Bénin,Télécommunications,Kouandé,+229 56 55 33 63,satellite.bénin@satellite.bénin.bj,satellitebénin.bj,PME (10-50),B2C,CCIB Annuaire,,Actif,2026-06-29T00:14:35.877933,haute
BJ-212CB91F,Satellite Africa,Télécommunications,Péhunco,+229 40 20 60 39,satellite.africa@satellite.africa.bj,,TPE (<10),B2B,CCIB Annuaire,,Actif,2026-06-29T00:14:35.877972,moyenne
BJ-4A5E6615,Réseau Mobile International,Télécommunications,Péhunco,+229 26 10 68 33,réseau.mobile.international@réseau.mobile.international.org,réseaumobileinternational.bj,TPE (<10),B2C,CCIB Annuaire,,Actif,2026-06-29T00:14:35.877995,haute
BJ-F6F22BDE,Mobile Telecom,Télécommunications,Péhunco,+229 59 61 67 34,,mobiletelecom.bj,TPE (<10),B2B,CCIB Annuaire,,Actif,2026-06-29T00:14:35.878015,moyenne
BJ-38C66735,Digital Connect Péhunco,Télécommunications,Péhunco,+229 22 31 50 95,,digitalconnectpéhunco.bj,TPE (<10),B2C,CCIB Annuaire,,Actif,2026-06-29T00:14:35.878051,moyenne
BJ-045F818E,Voice,Télécommunications,Péhunco,+229 41 27 12 54,,voice.bj,TPE (<10),B2B,CCIB Annuaire,,Actif,2026-06-29T00:14:35.878074,moyenne
BJ-CA5F3126,Télécom Groupe,Télécommunications,Tchaourou,+229 82 69 47 75,télécom.groupe@télécom.groupe.net,télécomgroupe.bj,PME (10-50),B2B,CCIB Annuaire,,Actif,2026-06-29T00:14:35.878111,haute
BJ-D5CD76DD,Data Bénin Tchaourou,Télécommunications,Tchaourou,+229 98 65 51 66,data.bénin.tchaourou@data.bénin.tchaourou.org,,TPE (<10),B2B,CCIB Annuaire,,Actif,2026-06-29T00:14:35.878134,moyenne
BJ-F54805F8,Réseau Voice,Télécommunications,Tchaourou,+229 44 82 21 67,,réseauvoice.bj,Grande (>200),B2C,CCIB Annuaire,,Actif,2026-06-29T00:14:35.878155,moyenne
BJ-41B26827,Connect Africa,Télécommunications,Tchaourou,+229 59 32 16 24,,connectafrica.bj,PME (10-50),B2C,CCIB Annuaire,,Actif,2026-06-29T00:14:35.878174,moyenne
BJ-145E002B,Télécom SARL,Télécommunications,Nikki,+229 61 54 40 46,télécom.sarl@télécom.sarl.org,télécomsarl.bj,PME (50-200),B2C,CCIB Annuaire,,Actif,2026-06-29T00:14:35.878229,haute
BJ-FA591176,Mobile SA,Télécommunications,Nikki,+229 97 36 97 98,mobile.sa@mobile.sa.benin,mobilesa.bj,PME (10-50),B2C,CCIB Annuaire,,Actif,2026-06-29T00:14:35.878251,haute
BJ-CD523707,Internet Réseau,Télécommunications,Nikki,+229 20 37 79 30,internet.réseau@internet.réseau.org,,TPE (<10),B2B,CCIB Annuaire,,Actif,2026-06-29T00:14:35.878276,moyenne
BJ-C6FB8AA3,Connect Voice Africa,Télécommunications,Nikki,+229 24 59 27 12,,connectvoiceafrica.bj,TPE (<10),B2B,CCIB Annuaire,,Actif,2026-06-29T00:14:35.878321,moyenne
BJ-6E7BA6CC,Internet Satellite,Télécommunications,Nikki,+229 41 97 32 55,internet.satellite@internet.satellite.org,,PME (50-200),B2C,CCIB Annuaire,,Actif,2026-06-29T00:14:35.878357,moyenne
BJ-920D42DB,Satellite Groupe,Télécommunications,Bembéréké,+229 55 17 57 88,,satellitegroupe.bj,TPE (<10),B2C,CCIB Annuaire,,Actif,2026-06-29T00:14:35.878398,moyenne
BJ-8159FB3E,Internet,Télécommunications,Bembéréké,+229 76 82 96 31,internet@internet.org,internet.bj,Grande (>200),B2C,CCIB Annuaire,,Actif,2026-06-29T00:14:35.878420,haute
BJ-30CC2ED7,Data,Télécommunications,Bembéréké,+229 20 74 89 12,data@data.bj,data.bj,PME (10-50),B2B,CCIB Annuaire,,Actif,2026-06-29T00:14:35.878442,haute
BJ-74450BDB,Satellite Africa,Télécommunications,Bembéréké,+229 56 85 99 88,satellite.africa@satellite.africa.bj,satelliteafrica.bj,TPE (<10),B2C,CCIB Annuaire,,Actif,2026-06-29T00:14:35.878463,haute
BJ-FB0E83F2,Internet Tech Bembéréké,Télécommunications,Bembéréké,+229 77 10 12 71,internet.tech.bembéréké@internet.tech.bembéréké.org,internettechbembéréké.bj,TPE (<10),B2B,CCIB Annuaire,,Actif,2026-06-29T00:14:35.878501,haute
BJ-DEBB45A1,Mobile Wireless,Télécommunications,Kalalé,+229 77 65 11 42,mobile.wireless@mobile.wireless.org,mobilewireless.bj,TPE (<10),B2C,CCIB Annuaire,,Actif,2026-06-29T00:14:35.878547,haute
BJ-421C4DE9,Connect Réseau,Télécommunications,Kalalé,+229 66 60 79 29,,connectréseau.bj,PME (50-200),B2B,CCIB Annuaire,,Actif,2026-06-29T00:14:35.878576,moyenne
BJ-929EDD80,Connect,Télécommunications,Kalalé,+229 83 59 16 76,,connect.bj,Grande (>200),B2C,CCIB Annuaire,,Actif,2026-06-29T00:14:35.878600,moyenne
BJ-1AD9FBD3,Satellite Telecom Kalalé,Télécommunications,Kalalé,+229 52 51 87 13,,satellitetelecomkalalé.bj,TPE (<10),B2C,CCIB Annuaire,,Actif,2026-06-29T00:14:35.878636,moyenne
BJ-BC4EB0D9,Satellite International,Télécommunications,Kalalé,+229 78 18 62 61,satellite.international@satellite.international.com,satelliteinternational.bj,TPE (<10),B2C,CCIB Annuaire,,Actif,2026-06-29T00:14:35.878676,haute
BJ-E4EE8995,Digital Satellite SARL,Télécommunications,Ndali,+229 89 82 26 99,digital.satellite.sarl@digital.satellite.sarl.org,digitalsatellitesarl.bj,TPE (<10),B2B,CCIB Annuaire,,Actif,2026-06-29T00:14:35.878720,haute
BJ-607F7CE6,Internet Réseau Africa,Télécommunications,Ndali,+229 39 79 99 86,,,PME (50-200),B2B,CCIB Annuaire,,Actif,2026-06-29T00:14:35.878750,basse
BJ-631B4DF9,Réseau Mobile International,Télécommunications,Ndali,+229 62 77 39 18,réseau.mobile.international@réseau.mobile.international.org,réseaumobileinternational.bj,TPE (<10),B2B,CCIB Annuaire,,Actif,2026-06-29T00:14:35.878801,haute
BJ-97C32C40,Voice Ndali,Télécommunications,Ndali,+229 56 95 32 72,,,TPE (<10),B2B,CCIB Annuaire,,Actif,2026-06-29T00:14:35.878883,basse
BJ-9D8BD47F,Internet Réseau Telecom,Télécommunications,Ségbana,+229 80 68 23 75,internet.réseau.telecom@internet.réseau.telecom.benin,internetréseautelecom.bj,PME (10-50),B2C,CCIB Annuaire,,Actif,2026-06-29T00:14:35.878949,haute
BJ-805ECB05,Connect Digital International Ségbana,Télécommunications,Ségbana,+229 92 21 70 19,,connectdigitalinternationalségbana.bj,PME (50-200),B2B,CCIB Annuaire,,Actif,2026-06-29T00:14:35.878972,moyenne
BJ-EA64C2A8,Télécom Télécom Groupe,Télécommunications,Ségbana,+229 29 91 33 15,télécom.télécom.groupe@télécom.télécom.groupe.com,,TPE (<10),B2B,CCIB Annuaire,,Actif,2026-06-29T00:14:35.878998,moyenne
BJ-F935ABD4,Wireless Telecom,Télécommunications,Ségbana,+229 56 30 66 23,wireless.telecom@wireless.telecom.org,,PME (50-200),B2C,CCIB Annuaire,,Actif,2026-06-29T00:14:35.879033,moyenne
BJ-BB4F5816,Internet Wireless,Télécommunications,Ségbana,+229 76 64 64 40,,internetwireless.bj,PME (10-50),B2B,CCIB Annuaire,,Actif,2026-06-29T00:14:35.879068,moyenne
BJ-AD34E3CD,Communication,Télécommunications,Tchaourou,+229 79 97 94 45,communication@communication.org,communication.bj,PME (50-200),B2C,CCIB Annuaire,,Actif,2026-06-29T00:14:35.879112,haute
BJ-7590307E,Digital Mobile SARL,Télécommunications,Tchaourou,+229 82 77 18 90,digital.mobile.sarl@digital.mobile.sarl.org,,PME (10-50),B2C,CCIB Annuaire,,Actif,2026-06-29T00:14:35.879145,moyenne
BJ-451FC1D3,Wireless,Télécommunications,Tchaourou,+229 28 11 75 39,wireless@wireless.bj,wireless.bj,PME (50-200),B2B,CCIB Annuaire,,Actif,2026-06-29T00:14:35.879176,haute
BJ-E760A9AE,Réseau Communication,Télécommunications,Tchaourou,+229 65 91 36 67,réseau.communication@réseau.communication.benin,réseaucommunication.bj,PME (50-200),B2C,CCIB Annuaire,,Actif,2026-06-29T00:14:35.879206,haute
BJ-6665C30F,Télécom Digital,Télécommunications,Tchaourou,+229 24 11 23 25,télécom.digital@télécom.digital.net,,PME (10-50),B2B,CCIB Annuaire,,Actif,2026-06-29T00:14:35.879236,moyenne
BJ-67C30023,Télécom Data Bétérou,Télécommunications,Bétérou,+229 32 17 37 35,télécom.data.bétérou@télécom.data.bétérou.com,télécomdatabétérou.bj,PME (10-50),B2B,CCIB Annuaire,,Actif,2026-06-29T00:14:35.879277,haute
BJ-C73AC0BB,Mobile Internet Telecom Bétérou,Télécommunications,Bétérou,+229 98 15 34 58,mobile.internet.telecom.bétérou@mobile.internet.telecom.bétérou.org,mobileinternettelecombétérou.bj,TPE (<10),B2C,CCIB Annuaire,,Actif,2026-06-29T00:14:35.879315,haute
BJ-782CEB1F,Wireless,Télécommunications,Bétérou,+229 76 52 34 63,wireless@wireless.benin,wireless.bj,PME (10-50),B2C,CCIB Annuaire,,Actif,2026-06-29T00:14:35.879330,haute
BJ-9A2B4E32,Réseau Wireless,Télécommunications,Bétérou,+229 54 98 75 47,réseau.wireless@réseau.wireless.net,réseauwireless.bj,TPE (<10),B2B,CCIB Annuaire,,Actif,2026-06-29T00:14:35.879351,haute
BJ-AA8993DC,Réseau Télécom SA Ouessè,Télécommunications,Ouessè,+229 72 91 41 74,réseau.télécom.sa.ouessè@réseau.télécom.sa.ouessè.benin,réseautélécomsaouessè.bj,TPE (<10),B2C,CCIB Annuaire,,Actif,2026-06-29T00:14:35.879419,haute
BJ-D2CDF824,Télécom Bénin,Télécommunications,Ouessè,+229 89 10 47 30,télécom.bénin@télécom.bénin.com,,TPE (<10),B2C,CCIB Annuaire,,Actif,2026-06-29T00:14:35.879441,moyenne
BJ-D1947F50,Télécom Satellite,Télécommunications,Ouessè,+229 94 49 63 70,télécom.satellite@télécom.satellite.com,télécomsatellite.bj,TPE (<10),B2B,CCIB Annuaire,,Actif,2026-06-29T00:14:35.879464,haute
BJ-590DF99C,Communication Ouessè,Télécommunications,Ouessè,+229 73 96 10 61,communication.ouessè@communication.ouessè.net,communicationouessè.bj,TPE (<10),B2C,CCIB Annuaire,,Actif,2026-06-29T00:14:35.879494,haute
BJ-268E3DD3,Connect Bénin,Télécommunications,Ouessè,+229 91 36 79 30,connect.bénin@connect.bénin.com,connectbénin.bj,TPE (<10),B2B,CCIB Annuaire,,Actif,2026-06-29T00:14:35.879525,haute
BJ-61DEE515,Réseau Communication SA Glazoué,Télécommunications,Glazoué,+229 96 39 43 85,réseau.communication.sa.glazoué@réseau.communication.sa.glazoué.bj,réseaucommunicationsaglazoué.bj,PME (50-200),B2C,CCIB Annuaire,,Actif,2026-06-29T00:14:35.879563,haute
BJ-2B372007,Connect Communication,Télécommunications,Glazoué,+229 77 73 16 48,connect.communication@connect.communication.com,,PME (10-50),B2C,CCIB Annuaire,,Actif,2026-06-29T00:14:35.879584,moyenne
BJ-62346775,Télécom,Télécommunications,Glazoué,+229 87 84 44 35,,télécom.bj,TPE (<10),B2C,CCIB Annuaire,,Actif,2026-06-29T00:14:35.879603,moyenne
BJ-9438E2FE,Mobile Wireless Groupe,Télécommunications,Glazoué,+229 43 58 47 72,mobile.wireless.groupe@mobile.wireless.groupe.benin,,TPE (<10),B2B,CCIB Annuaire,,Actif,2026-06-29T00:14:35.879631,moyenne
BJ-12743904,Mobile Digital,Télécommunications,Glazoué,+229 98 92 64 20,mobile.digital@mobile.digital.benin,mobiledigital.bj,Grande (>200),B2C,CCIB Annuaire,,Actif,2026-06-29T00:14:35.879658,haute
BJ-B4889600,Mobile Mobile Telecom,Télécommunications,Dassa-Zoumè,+229 95 14 23 22,mobile.mobile.telecom@mobile.mobile.telecom.bj,mobilemobiletelecom.bj,PME (50-200),B2B,CCIB Annuaire,,Actif,2026-06-29T00:14:35.879743,haute
BJ-D39FCAE0,Réseau Télécom Dassa-Zoumè,Télécommunications,Dassa-Zoumè,+229 38 18 76 35,réseau.télécom.dassazoumè@réseau.télécom.dassazoumè.net,réseautélécomdassazoumè.bj,TPE (<10),B2C,CCIB Annuaire,,Actif,2026-06-29T00:14:35.879778,haute
BJ-0BDF6588,Voice Telecom,Télécommunications,Dassa-Zoumè,+229 34 51 94 23,voice.telecom@voice.telecom.org,voicetelecom.bj,PME (10-50),B2B,CCIB Annuaire,,Actif,2026-06-29T00:14:35.879812,haute
BJ-BE25389D,Digital Voice Africa,Télécommunications,Dassa-Zoumè,+229 97 28 13 89,,,Grande (>200),B2B,CCIB Annuaire,,Actif,2026-06-29T00:14:35.879839,basse
BJ-9E0FF417,Télécom Télécom International,Télécommunications,Savalou,+229 53 70 56 70,télécom.télécom.international@télécom.télécom.international.net,télécomtélécominternational.bj,PME (50-200),B2C,CCIB Annuaire,,Actif,2026-06-29T00:14:35.879919,haute
BJ-86B4D44E,Internet Connect,Télécommunications,Savalou,+229 27 36 17 98,internet.connect@internet.connect.benin,internetconnect.bj,PME (10-50),B2C,CCIB Annuaire,,Actif,2026-06-29T00:14:35.879958,haute
BJ-77EA9DA1,Mobile Communication Savalou,Télécommunications,Savalou,+229 93 80 15 95,mobile.communication.savalou@mobile.communication.savalou.bj,mobilecommunicationsavalou.bj,TPE (<10),B2C,CCIB Annuaire,,Actif,2026-06-29T00:14:35.879992,haute
BJ-E598F47E,Télécom Réseau Groupe Savalou,Télécommunications,Savalou,+229 99 79 22 74,,télécomréseaugroupesavalou.bj,TPE (<10),B2B,CCIB Annuaire,,Actif,2026-06-29T00:14:35.880047,moyenne
BJ-C7D9552B,Digital Voice,Télécommunications,Savalou,+229 81 33 30 94,digital.voice@digital.voice.benin,digitalvoice.bj,PME (50-200),B2B,CCIB Annuaire,,Actif,2026-06-29T00:14:35.880081,haute
BJ-B4F7BF3E,Mobile Digital Telecom Bantè,Télécommunications,Bantè,+229 55 82 53 41,mobile.digital.telecom.bantè@mobile.digital.telecom.bantè.benin,mobiledigitaltelecombantè.bj,TPE (<10),B2B,CCIB Annuaire,,Actif,2026-06-29T00:14:35.880159,haute
BJ-0CC067B0,Réseau Wireless,Télécommunications,Bantè,+229 28 41 92 48,réseau.wireless@réseau.wireless.bj,réseauwireless.bj,TPE (<10),B2C,CCIB Annuaire,,Actif,2026-06-29T00:14:35.880190,haute
BJ-3001921B,Data Bantè,Télécommunications,Bantè,+229 42 25 59 34,,databantè.bj,TPE (<10),B2B,CCIB Annuaire,,Actif,2026-06-29T00:14:35.880221,moyenne
BJ-F1D868B4,Télécom Telecom,Télécommunications,Bantè,+229 67 66 44 52,télécom.telecom@télécom.telecom.net,télécomtelecom.bj,PME (10-50),B2C,CCIB Annuaire,,Actif,2026-06-29T00:14:35.880251,haute
BJ-1B06EC2A,Internet Internet International Djougou,Télécommunications,Djougou,+229 63 98 65 81,,internetinternetinternationaldjougou.bj,TPE (<10),B2C,CCIB Annuaire,,Actif,2026-06-29T00:14:35.880294,moyenne
BJ-181BF320,Digital Groupe Djougou,Télécommunications,Djougou,+229 39 90 19 81,digital.groupe.djougou@digital.groupe.djougou.bj,,PME (10-50),B2B,CCIB Annuaire,,Actif,2026-06-29T00:14:35.880333,moyenne
BJ-444BB205,Digital Mobile Africa Djougou,Télécommunications,Djougou,+229 80 22 27 77,digital.mobile.africa.djougou@digital.mobile.africa.djougou.org,,TPE (<10),B2C,CCIB Annuaire,,Actif,2026-06-29T00:14:35.880398,moyenne
BJ-31B1FD7E,Connect SA,Télécommunications,Djougou,+229 76 95 26 33,connect.sa@connect.sa.net,connectsa.bj,TPE (<10),B2C,CCIB Annuaire,,Actif,2026-06-29T00:14:35.880432,haute
BJ-715C2071,Connect Réseau,Télécommunications,Ouèssè,+229 99 37 43 56,,connectréseau.bj,TPE (<10),B2C,CCIB Annuaire,,Actif,2026-06-29T00:14:35.880473,moyenne
BJ-F1A598C7,Télécom Télécom Groupe,Télécommunications,Ouèssè,+229 29 26 61 97,télécom.télécom.groupe@télécom.télécom.groupe.bj,,TPE (<10),B2B,CCIB Annuaire,,Actif,2026-06-29T00:14:35.880496,moyenne
BJ-4684AA81,Mobile Connect,Télécommunications,Ouèssè,+229 93 82 68 71,,mobileconnect.bj,PME (10-50),B2C,CCIB Annuaire,,Actif,2026-06-29T00:14:35.880523,moyenne
BJ-1E5168FF,Digital Connect Africa,Télécommunications,Ouèssè,+229 66 26 82 40,digital.connect.africa@digital.connect.africa.org,digitalconnectafrica.bj,TPE (<10),B2B,CCIB Annuaire,,Actif,2026-06-29T00:14:35.880546,haute
BJ-28F27B34,Réseau Data,Télécommunications,Ouèssè,+229 79 90 76 62,réseau.data@réseau.data.bj,réseaudata.bj,TPE (<10),B2B,CCIB Annuaire,,Actif,2026-06-29T00:14:35.880569,haute
BJ-4560BF27,Mobile Connect,Télécommunications,Bassila,+229 33 51 30 61,mobile.connect@mobile.connect.benin,mobileconnect.bj,TPE (<10),B2B,CCIB Annuaire,,Actif,2026-06-29T00:14:35.880612,haute
BJ-03DE8D21,Digital Mobile Telecom Bassila,Télécommunications,Bassila,+229 47 66 76 83,digital.mobile.telecom.bassila@digital.mobile.telecom.bassila.org,digitalmobiletelecombassila.bj,PME (50-200),B2B,CCIB Annuaire,,Actif,2026-06-29T00:14:35.880638,haute
BJ-E769EEB5,Fiber Africa,Télécommunications,Bassila,+229 56 91 83 17,fiber.africa@fiber.africa.bj,fiberafrica.bj,TPE (<10),B2B,CCIB Annuaire,,Actif,2026-06-29T00:14:35.880659,haute
BJ-B5A53B29,Wireless,Télécommunications,Bassila,+229 29 84 23 69,wireless@wireless.net,wireless.bj,PME (10-50),B2B,CCIB Annuaire,,Actif,2026-06-29T00:14:35.880694,haute
BJ-1C75F1A5,Tech,Télécommunications,Bassila,+229 55 50 43 24,tech@tech.com,tech.bj,Grande (>200),B2C,CCIB Annuaire,,Actif,2026-06-29T00:14:35.880720,haute
BJ-DF00B235,Voice,Télécommunications,Pehunco,+229 47 29 30 91,voice@voice.com,voice.bj,TPE (<10),B2C,CCIB Annuaire,,Actif,2026-06-29T00:14:35.880762,haute
BJ-AD68E1FC,Fiber Pehunco,Télécommunications,Pehunco,+229 86 65 31 37,fiber.pehunco@fiber.pehunco.com,fiberpehunco.bj,TPE (<10),B2B,CCIB Annuaire,,Actif,2026-06-29T00:14:35.880798,haute
BJ-936F9561,Connect Mobile Pehunco,Télécommunications,Pehunco,+229 87 71 18 40,connect.mobile.pehunco@connect.mobile.pehunco.bj,,Grande (>200),B2C,CCIB Annuaire,,Actif,2026-06-29T00:14:35.880823,moyenne
BJ-4D0A64CA,Connect Voice SARL Pehunco,Télécommunications,Pehunco,+229 83 81 75 49,,connectvoicesarlpehunco.bj,Grande (>200),B2C,CCIB Annuaire,,Actif,2026-06-29T00:14:35.880847,moyenne
BJ-A7A7DDFE,Fiber Telecom,Télécommunications,Pehunco,+229 24 59 73 81,fiber.telecom@fiber.telecom.benin,fibertelecom.bj,TPE (<10),B2B,CCIB Annuaire,,Actif,2026-06-29T00:14:35.880872,haute
BJ-FF639DD0,Internet Africa,Télécommunications,Copargo,+229 77 80 43 51,internet.africa@internet.africa.org,internetafrica.bj,TPE (<10),B2B,CCIB Annuaire,,Actif,2026-06-29T00:14:35.880941,haute
BJ-EB1AD732,Digital Internet Copargo,Télécommunications,Copargo,+229 48 36 81 92,,digitalinternetcopargo.bj,PME (50-200),B2B,CCIB Annuaire,,Actif,2026-06-29T00:14:35.880978,moyenne
BJ-E856D566,Digital Réseau Groupe,Télécommunications,Copargo,+229 89 96 90 82,,digitalréseaugroupe.bj,TPE (<10),B2C,CCIB Annuaire,,Actif,2026-06-29T00:14:35.881006,moyenne
BJ-5A3948A4,Data SARL,Télécommunications,Copargo,+229 71 83 46 97,data.sarl@data.sarl.net,datasarl.bj,TPE (<10),B2C,CCIB Annuaire,,Actif,2026-06-29T00:14:35.881040,haute
BJ-6860E0EE,Fiber Copargo,Télécommunications,Copargo,+229 68 11 22 22,fiber.copargo@fiber.copargo.com,,TPE (<10),B2C,CCIB Annuaire,,Actif,2026-06-29T00:14:35.881067,moyenne
BJ-10FFDDC5,Bétail,Agriculture & Agroalimentaire,Cotonou,+229 27 31 75 96,bétail@bétail.bj,,TPE (<10),B2B,CCIB Annuaire,,Actif,2026-06-29T00:14:35.881110,moyenne
BJ-A34D3D18,Production Ferme Agro,Agriculture & Agroalimentaire,Cotonou,+229 83 26 70 56,,productionfermeagro.bj,TPE (<10),B2C,CCIB Annuaire,,Actif,2026-06-29T00:14:35.881135,moyenne
BJ-7B04E51B,Production Alimentaire,Agriculture & Agroalimentaire,Cotonou,+229 31 35 54 50,production.alimentaire@production.alimentaire.benin,productionalimentaire.bj,TPE (<10),B2B,CCIB Annuaire,,Actif,2026-06-29T00:14:35.881162,haute
BJ-CC5668EF,Céréale,Agriculture & Agroalimentaire,Cotonou,+229 72 58 22 70,céréale@céréale.bj,céréale.bj,PME (50-200),B2B,CCIB Annuaire,,Actif,2026-06-29T00:14:35.881199,haute
BJ-D750EC57,Ferme Bétail Groupe,Agriculture & Agroalimentaire,Cotonou,+229 58 70 62 54,,,TPE (<10),B2C,CCIB Annuaire,,Actif,2026-06-29T00:14:35.881227,basse
BJ-0B6A0483,Groupe Agriculture Plantation,Agriculture & Agroalimentaire,Abomey-Calavi,+229 76 60 91 29,,groupeagricultureplantation.bj,PME (10-50),B2B,CCIB Annuaire,,Actif,2026-06-29T00:14:35.881266,moyenne
BJ-5E58DCB4,Groupe Élevage,Agriculture & Agroalimentaire,Abomey-Calavi,+229 89 74 56 15,,,TPE (<10),B2C,CCIB Annuaire,,Actif,2026-06-29T00:14:35.881293,basse
BJ-1258AFB1,Industrie,Agriculture & Agroalimentaire,Abomey-Calavi,+229 56 92 54 26,industrie@industrie.benin,industrie.bj,TPE (<10),B2C,CCIB Annuaire,,Actif,2026-06-29T00:14:35.881319,haute
BJ-7A8FDB11,Ferme Agriculture,Agriculture & Agroalimentaire,Abomey-Calavi,+229 98 75 44 22,,,PME (10-50),B2C,CCIB Annuaire,,Actif,2026-06-29T00:14:35.881351,basse
BJ-2150DFF1,Agro Ferme Bénin,Agriculture & Agroalimentaire,Abomey-Calavi,+229 96 20 72 18,,agrofermebénin.bj,TPE (<10),B2C,CCIB Annuaire,,Actif,2026-06-29T00:14:35.881381,moyenne
BJ-4806181B,Élevage Plantation,Agriculture & Agroalimentaire,Porto-Novo,+229 27 12 27 35,élevage.plantation@élevage.plantation.net,élevageplantation.bj,TPE (<10),B2B,CCIB Annuaire,,Actif,2026-06-29T00:14:35.881426,haute
BJ-707F3252,Aquaculture,Agriculture & Agroalimentaire,Porto-Novo,+229 79 31 76 30,,,PME (10-50),B2C,CCIB Annuaire,,Actif,2026-06-29T00:14:35.881453,basse
BJ-8AF2418F,Groupe Plantation Ets Porto-Novo,Agriculture & Agroalimentaire,Porto-Novo,+229 72 20 57 95,,groupeplantationetsportonovo.bj,PME (50-200),B2C,CCIB Annuaire,,Actif,2026-06-29T00:14:35.881480,moyenne
BJ-9300C226,SARL Céréale,Agriculture & Agroalimentaire,Porto-Novo,+229 43 85 45 39,sarl.céréale@sarl.céréale.benin,sarlcéréale.bj,PME (50-200),B2C,CCIB Annuaire,,Actif,2026-06-29T00:14:35.881510,haute
BJ-8F38DDA5,Ferme Céréale Porto-Novo,Agriculture & Agroalimentaire,Porto-Novo,+229 59 21 76 29,ferme.céréale.portonovo@ferme.céréale.portonovo.net,fermecéréaleportonovo.bj,TPE (<10),B2B,CCIB Annuaire,,Actif,2026-06-29T00:14:35.881548,haute
BJ-74B945E4,Pêche Plantation,Agriculture & Agroalimentaire,Parakou,+229 30 98 80 72,,pêcheplantation.bj,TPE (<10),B2C,CCIB Annuaire,,Actif,2026-06-29T00:14:35.881591,moyenne
BJ-BAB0C3A0,Industrie Parakou,Agriculture & Agroalimentaire,Parakou,+229 94 13 59 32,,,TPE (<10),B2C,CCIB Annuaire,,Actif,2026-06-29T00:14:35.881620,basse
BJ-2437C2F3,Industrie Agro,Agriculture & Agroalimentaire,Parakou,+229 22 92 10 28,industrie.agro@industrie.agro.com,,Grande (>200),B2C,CCIB Annuaire,,Actif,2026-06-29T00:14:35.881651,moyenne
BJ-EF06C854,Industrie,Agriculture & Agroalimentaire,Parakou,+229 69 48 22 45,industrie@industrie.bj,,TPE (<10),B2B,CCIB Annuaire,,Actif,2026-06-29T00:14:35.881688,moyenne
BJ-B1323573,Élevage Bénin,Agriculture & Agroalimentaire,Parakou,+229 24 23 98 17,élevage.bénin@élevage.bénin.bj,,Grande (>200),B2B,CCIB Annuaire,,Actif,2026-06-29T00:14:35.881720,moyenne
BJ-74431555,Ets Pêche Plantation,Agriculture & Agroalimentaire,Bohicon,+229 49 54 28 31,ets.pêche.plantation@ets.pêche.plantation.net,,PME (10-50),B2B,CCIB Annuaire,,Actif,2026-06-29T00:14:35.881765,moyenne
BJ-5A7B5E5A,Pêche,Agriculture & Agroalimentaire,Bohicon,+229 87 37 29 80,pêche@pêche.net,pêche.bj,PME (50-200),B2C,CCIB Annuaire,,Actif,2026-06-29T00:14:35.881798,haute
BJ-73CBFD1D,Ferme Élevage,Agriculture & Agroalimentaire,Bohicon,+229 65 64 23 31,ferme.élevage@ferme.élevage.benin,fermeélevage.bj,TPE (<10),B2B,CCIB Annuaire,,Actif,2026-06-29T00:14:35.881832,haute
BJ-78ABADD5,Élevage Agro,Agriculture & Agroalimentaire,Bohicon,+229 65 37 84 60,,élevageagro.bj,TPE (<10),B2C,CCIB Annuaire,,Actif,2026-06-29T00:14:35.881872,moyenne
BJ-C1257AD6,Ferme Industrie SARL Bohicon,Agriculture & Agroalimentaire,Bohicon,+229 54 37 51 29,ferme.industrie.sarl.bohicon@ferme.industrie.sarl.bohicon.bj,,TPE (<10),B2B,CCIB Annuaire,,Actif,2026-06-29T00:14:35.881923,moyenne
BJ-A12523EF,Agriculture Africa,Agriculture & Agroalimentaire,Natitingou,+229 52 98 34 74,agriculture.africa@agriculture.africa.com,agricultureafrica.bj,TPE (<10),B2B,CCIB Annuaire,,Actif,2026-06-29T00:14:35.881972,haute
BJ-88FD3959,Alimentaire,Agriculture & Agroalimentaire,Natitingou,+229 97 64 86 46,alimentaire@alimentaire.benin,alimentaire.bj,Grande (>200),B2C,CCIB Annuaire,,Actif,2026-06-29T00:14:35.882003,haute
BJ-319BFC28,Plantation,Agriculture & Agroalimentaire,Natitingou,+229 35 65 85 43,,plantation.bj,PME (50-200),B2B,CCIB Annuaire,,Actif,2026-06-29T00:14:35.882031,moyenne
BJ-21CB5C70,Production Légume,Agriculture & Agroalimentaire,Natitingou,+229 81 46 68 14,production.légume@production.légume.org,productionlégume.bj,PME (50-200),B2C,CCIB Annuaire,,Actif,2026-06-29T00:14:35.882083,haute
BJ-58106816,Alimentaire Agro Natitingou,Agriculture & Agroalimentaire,Natitingou,+229 98 65 69 98,,alimentaireagronatitingou.bj,TPE (<10),B2B,CCIB Annuaire,,Actif,2026-06-29T00:14:35.882155,moyenne
BJ-FA974F1B,Transformation Agro,Agriculture & Agroalimentaire,Lokossa,+229 50 38 23 85,,,Grande (>200),B2C,CCIB Annuaire,,Actif,2026-06-29T00:14:35.882194,basse
BJ-09F02652,Ets Ferme,Agriculture & Agroalimentaire,Lokossa,+229 90 98 43 76,ets.ferme@ets.ferme.benin,etsferme.bj,PME (10-50),B2B,CCIB Annuaire,,Actif,2026-06-29T00:14:35.882229,haute
BJ-B14C2AE8,Plantation,Agriculture & Agroalimentaire,Lokossa,+229 37 36 60 70,,,TPE (<10),B2C,CCIB Annuaire,,Actif,2026-06-29T00:14:35.882258,basse
BJ-190B12B5,Plantation Fruit SARL,Agriculture & Agroalimentaire,Lokossa,+229 80 61 35 63,,plantationfruitsarl.bj,TPE (<10),B2B,CCIB Annuaire,,Actif,2026-06-29T00:14:35.882286,moyenne
BJ-10F02EEB,Transformation,Agriculture & Agroalimentaire,Lokossa,+229 32 38 73 27,transformation@transformation.org,,TPE (<10),B2C,CCIB Annuaire,,Actif,2026-06-29T00:14:35.882312,moyenne
BJ-35B74064,Ferme Pêche Groupe,Agriculture & Agroalimentaire,Ouidah,+229 98 10 50 43,,,TPE (<10),B2C,CCIB Annuaire,,Actif,2026-06-29T00:14:35.882394,basse
BJ-0296ECAA,Agro Alimentaire Agro,Agriculture & Agroalimentaire,Ouidah,+229 99 72 76 90,agro.alimentaire.agro@agro.alimentaire.agro.bj,agroalimentaireagro.bj,PME (10-50),B2C,CCIB Annuaire,,Actif,2026-06-29T00:14:35.882425,haute
BJ-05219029,Fruit Farm Ouidah,Agriculture & Agroalimentaire,Ouidah,+229 85 67 93 43,,fruitfarmouidah.bj,TPE (<10),B2C,CCIB Annuaire,,Actif,2026-06-29T00:14:35.882451,moyenne
BJ-02D57093,Plantation Agro,Agriculture & Agroalimentaire,Ouidah,+229 73 36 75 34,plantation.agro@plantation.agro.bj,plantationagro.bj,PME (50-200),B2B,CCIB Annuaire,,Actif,2026-06-29T00:14:35.882508,haute
BJ-49AEDD1A,Production Légume Farm,Agriculture & Agroalimentaire,Ouidah,+229 28 27 22 81,,,TPE (<10),B2B,CCIB Annuaire,,Actif,2026-06-29T00:14:35.882534,basse
BJ-9969E21F,Production Élevage Savalou,Agriculture & Agroalimentaire,Savalou,+229 77 69 70 35,,,Grande (>200),B2C,CCIB Annuaire,,Actif,2026-06-29T00:14:35.882570,basse
BJ-CA2CC1E3,Légume Farm,Agriculture & Agroalimentaire,Savalou,+229 36 68 37 74,légume.farm@légume.farm.bj,,PME (50-200),B2C,CCIB Annuaire,,Actif,2026-06-29T00:14:35.882598,moyenne
BJ-A147C3BC,Ferme Élevage,Agriculture & Agroalimentaire,Savalou,+229 22 18 58 10,,,TPE (<10),B2C,CCIB Annuaire,,Actif,2026-06-29T00:14:35.882623,basse
BJ-7D105FCD,Aquaculture,Agriculture & Agroalimentaire,Savalou,+229 24 56 82 52,aquaculture@aquaculture.com,,Grande (>200),B2B,CCIB Annuaire,,Actif,2026-06-29T00:14:35.882649,moyenne
BJ-9449708C,Pêche Bénin,Agriculture & Agroalimentaire,Savalou,+229 78 46 14 52,pêche.bénin@pêche.bénin.net,,PME (50-200),B2B,CCIB Annuaire,,Actif,2026-06-29T00:14:35.882677,moyenne
BJ-31FCC90B,Fruit,Agriculture & Agroalimentaire,Dassa-Zoumè,+229 65 15 68 98,fruit@fruit.net,fruit.bj,PME (50-200),B2B,CCIB Annuaire,,Actif,2026-06-29T00:14:35.882713,haute
BJ-804B6AA6,Industrie Dassa-Zoumè,Agriculture & Agroalimentaire,Dassa-Zoumè,+229 31 72 29 25,,,PME (10-50),B2C,CCIB Annuaire,,Actif,2026-06-29T00:14:35.882738,basse
BJ-6E7FAF8E,Élevage,Agriculture & Agroalimentaire,Dassa-Zoumè,+229 97 18 96 84,élevage@élevage.com,,TPE (<10),B2B,CCIB Annuaire,,Actif,2026-06-29T00:14:35.882764,moyenne
BJ-B4628856,Agro Agro,Agriculture & Agroalimentaire,Dassa-Zoumè,+229 33 15 83 29,,agroagro.bj,PME (10-50),B2C,CCIB Annuaire,,Actif,2026-06-29T00:14:35.882812,moyenne
BJ-6CA98334,SARL Céréale Bénin,Agriculture & Agroalimentaire,Kétou,+229 28 44 46 85,sarl.céréale.bénin@sarl.céréale.bénin.bj,,TPE (<10),B2C,CCIB Annuaire,,Actif,2026-06-29T00:14:35.882886,moyenne
BJ-C80B4D60,Agro Agro,Agriculture & Agroalimentaire,Kétou,+229 68 46 13 70,agro.agro@agro.agro.bj,agroagro.bj,PME (10-50),B2C,CCIB Annuaire,,Actif,2026-06-29T00:14:35.882934,haute
BJ-59B4F1EC,Ferme Ferme Agro,Agriculture & Agroalimentaire,Kétou,+229 30 84 95 85,ferme.ferme.agro@ferme.ferme.agro.org,,TPE (<10),B2C,CCIB Annuaire,,Actif,2026-06-29T00:14:35.882965,moyenne
BJ-AA37EA47,Bétail Groupe,Agriculture & Agroalimentaire,Kétou,+229 63 12 53 26,,bétailgroupe.bj,TPE (<10),B2C,CCIB Annuaire,,Actif,2026-06-29T00:14:35.883001,moyenne
BJ-D228957D,Plantation Céréale Plantation,Agriculture & Agroalimentaire,Kétou,+229 24 50 14 10,,plantationcéréaleplantation.bj,PME (50-200),B2C,CCIB Annuaire,,Actif,2026-06-29T00:14:35.883027,moyenne
BJ-63DC35F8,SARL Céréale Farm,Agriculture & Agroalimentaire,Covè,+229 46 82 40 49,,,PME (10-50),B2C,CCIB Annuaire,,Actif,2026-06-29T00:14:35.883066,basse
BJ-40A601AB,Ets Ferme Bénin,Agriculture & Agroalimentaire,Covè,+229 62 94 75 80,ets.ferme.bénin@ets.ferme.bénin.benin,etsfermebénin.bj,PME (10-50),B2B,CCIB Annuaire,,Actif,2026-06-29T00:14:35.883098,haute
BJ-2FE89D19,Plantation Céréale,Agriculture & Agroalimentaire,Covè,+229 73 60 91 52,plantation.céréale@plantation.céréale.net,,PME (10-50),B2C,CCIB Annuaire,,Actif,2026-06-29T00:14:35.883131,moyenne
BJ-DCF1218D,Transformation,Agriculture & Agroalimentaire,Covè,+229 22 77 21 43,transformation@transformation.bj,,PME (10-50),B2C,CCIB Annuaire,,Actif,2026-06-29T00:14:35.883164,moyenne
BJ-BBDFA8A0,Ferme Agro,Agriculture & Agroalimentaire,Covè,+229 55 47 50 23,,,TPE (<10),B2C,CCIB Annuaire,,Actif,2026-06-29T00:14:35.883191,basse
BJ-DD87AE8F,Ferme Légume Agro,Agriculture & Agroalimentaire,Pobè,+229 54 69 81 77,,fermelégumeagro.bj,PME (10-50),B2C,CCIB Annuaire,,Actif,2026-06-29T00:14:35.883269,moyenne
BJ-DABDE26F,Plantation Bétail Pobè,Agriculture & Agroalimentaire,Pobè,+229 56 18 76 40,plantation.bétail.pobè@plantation.bétail.pobè.org,plantationbétailpobè.bj,PME (50-200),B2B,CCIB Annuaire,,Actif,2026-06-29T00:14:35.883307,haute
BJ-D1256222,Agro,Agriculture & Agroalimentaire,Pobè,+229 65 23 83 33,,,PME (10-50),B2C,CCIB Annuaire,,Actif,2026-06-29T00:14:35.883334,basse
BJ-2850D57C,Ferme Céréale,Agriculture & Agroalimentaire,Pobè,+229 94 26 62 25,,fermecéréale.bj,PME (50-200),B2B,CCIB Annuaire,,Actif,2026-06-29T00:14:35.883363,moyenne
BJ-BA79D846,Ets Plantation Pobè,Agriculture & Agroalimentaire,Pobè,+229 26 95 54 23,ets.plantation.pobè@ets.plantation.pobè.com,etsplantationpobè.bj,TPE (<10),B2B,CCIB Annuaire,,Actif,2026-06-29T00:14:35.883395,haute
BJ-2DFDBD65,Pêche Farm,Agriculture & Agroalimentaire,Sakété,+229 44 54 41 29,pêche.farm@pêche.farm.benin,,Grande (>200),B2B,CCIB Annuaire,,Actif,2026-06-29T00:14:35.883439,moyenne
BJ-BEDC41DC,Plantation Plantation Agro,Agriculture & Agroalimentaire,Sakété,+229 68 21 99 68,,,PME (50-200),B2C,CCIB Annuaire,,Actif,2026-06-29T00:14:35.883470,basse
BJ-FA953CC0,Agro Bétail SARL Sakété,Agriculture & Agroalimentaire,Sakété,+229 87 63 29 99,agro.bétail.sarl.sakété@agro.bétail.sarl.sakété.net,agrobétailsarlsakété.bj,TPE (<10),B2C,CCIB Annuaire,,Actif,2026-06-29T00:14:35.883500,haute
BJ-FFF80A80,Agro Bétail Farm Sakété,Agriculture & Agroalimentaire,Sakété,+229 53 93 12 47,,,Grande (>200),B2C,CCIB Annuaire,,Actif,2026-06-29T00:14:35.883528,basse
BJ-85EF0DD7,Bétail,Agriculture & Agroalimentaire,Sakété,+229 53 67 21 22,,,PME (10-50),B2B,CCIB Annuaire,,Actif,2026-06-29T00:14:35.883553,basse
BJ-789E2BAB,Céréale Africa,Agriculture & Agroalimentaire,Adjara,+229 90 52 65 24,céréale.africa@céréale.africa.bj,,PME (50-200),B2B,CCIB Annuaire,,Actif,2026-06-29T00:14:35.883622,moyenne
BJ-12CFD275,SARL Fruit SARL Adjara,Agriculture & Agroalimentaire,Adjara,+229 55 19 42 65,sarl.fruit.sarl.adjara@sarl.fruit.sarl.adjara.benin,,PME (10-50),B2C,CCIB Annuaire,,Actif,2026-06-29T00:14:35.883652,moyenne
BJ-6511A892,Ferme Aquaculture Groupe,Agriculture & Agroalimentaire,Adjara,+229 46 82 13 27,ferme.aquaculture.groupe@ferme.aquaculture.groupe.com,,Grande (>200),B2C,CCIB Annuaire,,Actif,2026-06-29T00:14:35.883684,moyenne
BJ-12A38E8E,Groupe Plantation,Agriculture & Agroalimentaire,Adjara,+229 97 94 36 29,,groupeplantation.bj,TPE (<10),B2B,CCIB Annuaire,,Actif,2026-06-29T00:14:35.883718,moyenne
BJ-0D4E9EFE,Production Plantation,Agriculture & Agroalimentaire,Allada,+229 35 82 50 51,,,TPE (<10),B2B,CCIB Annuaire,,Actif,2026-06-29T00:14:35.883785,basse
BJ-574EF6E0,Élevage Groupe,Agriculture & Agroalimentaire,Allada,+229 63 87 90 61,,élevagegroupe.bj,Grande (>200),B2C,CCIB Annuaire,,Actif,2026-06-29T00:14:35.883817,moyenne
BJ-4009EE1B,Production Agriculture Bénin,Agriculture & Agroalimentaire,Allada,+229 39 10 44 76,production.agriculture.bénin@production.agriculture.bénin.benin,productionagriculturebénin.bj,TPE (<10),B2B,CCIB Annuaire,,Actif,2026-06-29T00:14:35.883848,haute
BJ-5E674FF8,Légume Farm,Agriculture & Agroalimentaire,Allada,+229 41 70 20 82,,légumefarm.bj,PME (10-50),B2C,CCIB Annuaire,,Actif,2026-06-29T00:14:35.883881,moyenne
BJ-396CB576,Agro Légume,Agriculture & Agroalimentaire,Allada,+229 73 25 65 78,,agrolégume.bj,TPE (<10),B2B,CCIB Annuaire,,Actif,2026-06-29T00:14:35.883923,moyenne
BJ-C43E461D,Transformation,Agriculture & Agroalimentaire,Aplahoué,+229 98 64 83 10,transformation@transformation.bj,transformation.bj,PME (50-200),B2B,CCIB Annuaire,,Actif,2026-06-29T00:14:35.883992,haute
BJ-8C732B07,Céréale SARL,Agriculture & Agroalimentaire,Aplahoué,+229 97 47 48 68,,,PME (10-50),B2B,CCIB Annuaire,,Actif,2026-06-29T00:14:35.884051,basse
BJ-253CA379,Production Industrie,Agriculture & Agroalimentaire,Aplahoué,+229 98 37 18 17,,,PME (50-200),B2C,CCIB Annuaire,,Actif,2026-06-29T00:14:35.884075,basse
BJ-7F0A2DA5,Plantation Agriculture,Agriculture & Agroalimentaire,Dogbo-Tota,+229 61 13 55 21,,plantationagriculture.bj,Grande (>200),B2C,CCIB Annuaire,,Actif,2026-06-29T00:14:35.884112,moyenne
BJ-40740155,Ferme Bénin,Agriculture & Agroalimentaire,Dogbo-Tota,+229 66 30 93 26,ferme.bénin@ferme.bénin.com,,PME (10-50),B2B,CCIB Annuaire,,Actif,2026-06-29T00:14:35.884139,moyenne
BJ-E5A132A5,Agriculture Bénin Dogbo-Tota,Agriculture & Agroalimentaire,Dogbo-Tota,+229 43 49 17 80,agriculture.bénin.dogbotota@agriculture.bénin.dogbotota.org,,TPE (<10),B2B,CCIB Annuaire,,Actif,2026-06-29T00:14:35.884167,moyenne
BJ-22103B81,Ets Élevage,Agriculture & Agroalimentaire,Dogbo-Tota,+229 21 11 78 37,ets.élevage@ets.élevage.org,etsélevage.bj,TPE (<10),B2B,CCIB Annuaire,,Actif,2026-06-29T00:14:35.884199,haute
BJ-E172F821,Groupe Légume SARL,Agriculture & Agroalimentaire,Dogbo-Tota,+229 58 64 12 82,,,TPE (<10),B2B,CCIB Annuaire,,Actif,2026-06-29T00:14:35.884225,basse
BJ-E16829A9,Alimentaire Ets,Agriculture & Agroalimentaire,Kpomassè,+229 82 72 57 67,,alimentaireets.bj,TPE (<10),B2B,CCIB Annuaire,,Actif,2026-06-29T00:14:35.884262,moyenne
BJ-7A30E84E,Bétail Kpomassè,Agriculture & Agroalimentaire,Kpomassè,+229 27 89 19 31,,bétailkpomassè.bj,PME (50-200),B2B,CCIB Annuaire,,Actif,2026-06-29T00:14:35.884289,moyenne
BJ-FDD39430,Plantation Plantation,Agriculture & Agroalimentaire,Kpomassè,+229 45 16 84 94,plantation.plantation@plantation.plantation.benin,plantationplantation.bj,PME (10-50),B2C,CCIB Annuaire,,Actif,2026-06-29T00:14:35.884316,haute
BJ-F52D211B,Légume,Agriculture & Agroalimentaire,Kpomassè,+229 30 82 87 93,légume@légume.net,,PME (50-200),B2C,CCIB Annuaire,,Actif,2026-06-29T00:14:35.884343,moyenne
BJ-AAAD358A,Pêche Agro,Agriculture & Agroalimentaire,Kpomassè,+229 80 65 26 50,pêche.agro@pêche.agro.com,,PME (10-50),B2C,CCIB Annuaire,,Actif,2026-06-29T00:14:35.884369,moyenne
BJ-16EBA00A,Ets Alimentaire,Agriculture & Agroalimentaire,Tori-Bossito,+229 69 95 90 42,ets.alimentaire@ets.alimentaire.org,etsalimentaire.bj,TPE (<10),B2B,CCIB Annuaire,,Actif,2026-06-29T00:14:35.884410,haute
BJ-7A1350EB,Céréale,Agriculture & Agroalimentaire,Tori-Bossito,+229 70 66 66 65,,,PME (10-50),B2C,CCIB Annuaire,,Actif,2026-06-29T00:14:35.884434,basse
BJ-074DA3A7,Bétail Tori-Bossito,Agriculture & Agroalimentaire,Tori-Bossito,+229 69 42 35 59,,,TPE (<10),B2B,CCIB Annuaire,,Actif,2026-06-29T00:14:35.884458,basse
BJ-794BA55C,Élevage,Agriculture & Agroalimentaire,Tori-Bossito,+229 61 88 33 24,,élevage.bj,TPE (<10),B2B,CCIB Annuaire,,Actif,2026-06-29T00:14:35.884488,moyenne
BJ-5B3AA98E,Ets Bétail,Agriculture & Agroalimentaire,Tori-Bossito,+229 91 43 81 48,ets.bétail@ets.bétail.benin,,TPE (<10),B2C,CCIB Annuaire,,Actif,2026-06-29T00:14:35.884519,moyenne
BJ-096B5040,Plantation Plantation,Agriculture & Agroalimentaire,Grand-Popo,+229 33 77 83 94,,plantationplantation.bj,TPE (<10),B2B,CCIB Annuaire,,Actif,2026-06-29T00:14:35.884558,moyenne
BJ-D210AC5E,Alimentaire Farm Grand-Popo,Agriculture & Agroalimentaire,Grand-Popo,+229 69 96 43 84,,alimentairefarmgrandpopo.bj,TPE (<10),B2C,CCIB Annuaire,,Actif,2026-06-29T00:14:35.884584,moyenne
BJ-E7DAB8FA,Bétail,Agriculture & Agroalimentaire,Grand-Popo,+229 40 76 98 12,,,Grande (>200),B2C,CCIB Annuaire,,Actif,2026-06-29T00:14:35.884610,basse
BJ-05C36B8E,SARL Céréale Grand-Popo,Agriculture & Agroalimentaire,Grand-Popo,+229 21 99 92 19,sarl.céréale.grandpopo@sarl.céréale.grandpopo.org,sarlcéréalegrandpopo.bj,TPE (<10),B2C,CCIB Annuaire,,Actif,2026-06-29T00:14:35.884641,haute
BJ-8F06E4DC,Ets Céréale Agro,Agriculture & Agroalimentaire,Grand-Popo,+229 50 85 14 36,,etscéréaleagro.bj,TPE (<10),B2B,CCIB Annuaire,,Actif,2026-06-29T00:14:35.884668,moyenne
BJ-95E5AAEF,Légume Farm,Agriculture & Agroalimentaire,Athiémé,+229 23 80 63 14,légume.farm@légume.farm.benin,légumefarm.bj,TPE (<10),B2B,CCIB Annuaire,,Actif,2026-06-29T00:14:35.884710,haute
BJ-64D70110,Transformation Africa,Agriculture & Agroalimentaire,Athiémé,+229 84 69 47 71,transformation.africa@transformation.africa.benin,transformationafrica.bj,TPE (<10),B2C,CCIB Annuaire,,Actif,2026-06-29T00:14:35.884740,haute
BJ-6AB8CD4A,Agro Pêche Africa Athiémé,Agriculture & Agroalimentaire,Athiémé,+229 24 50 52 58,agro.pêche.africa.athiémé@agro.pêche.africa.athiémé.benin,,TPE (<10),B2C,CCIB Annuaire,,Actif,2026-06-29T00:14:35.884771,moyenne
BJ-D5638F71,Fruit Agro,Agriculture & Agroalimentaire,Athiémé,+229 71 55 61 71,fruit.agro@fruit.agro.org,,PME (10-50),B2B,CCIB Annuaire,,Actif,2026-06-29T00:14:35.884805,moyenne
BJ-E8544853,SARL Alimentaire,Agriculture & Agroalimentaire,Athiémé,+229 45 10 18 59,sarl.alimentaire@sarl.alimentaire.net,,PME (10-50),B2C,CCIB Annuaire,,Actif,2026-06-29T00:14:35.884835,moyenne
BJ-C3D41109,SARL Plantation SARL,Agriculture & Agroalimentaire,Bopa,+229 82 70 13 49,sarl.plantation.sarl@sarl.plantation.sarl.org,,TPE (<10),B2B,CCIB Annuaire,,Actif,2026-06-29T00:14:35.884875,moyenne
BJ-AAE2B696,Ets Élevage Bénin,Agriculture & Agroalimentaire,Bopa,+229 57 61 73 28,ets.élevage.bénin@ets.élevage.bénin.net,,PME (10-50),B2B,CCIB Annuaire,,Actif,2026-06-29T00:14:35.884919,moyenne
BJ-147D855E,Pêche Bopa,Agriculture & Agroalimentaire,Bopa,+229 67 58 85 21,pêche.bopa@pêche.bopa.org,,TPE (<10),B2B,CCIB Annuaire,,Actif,2026-06-29T00:14:35.884952,moyenne
BJ-899CF157,Ferme Céréale Bopa,Agriculture & Agroalimentaire,Bopa,+229 92 22 25 15,ferme.céréale.bopa@ferme.céréale.bopa.net,,PME (50-200),B2B,CCIB Annuaire,,Actif,2026-06-29T00:14:35.884983,moyenne
BJ-3568C40E,Céréale Plantation,Agriculture & Agroalimentaire,Bopa,+229 45 10 14 40,céréale.plantation@céréale.plantation.com,céréaleplantation.bj,PME (10-50),B2C,CCIB Annuaire,,Actif,2026-06-29T00:14:35.885018,haute
BJ-90A1C25F,SARL Bétail,Agriculture & Agroalimentaire,Houéyogbé,+229 30 90 74 47,sarl.bétail@sarl.bétail.bj,,TPE (<10),B2C,CCIB Annuaire,,Actif,2026-06-29T00:14:35.885059,moyenne
BJ-2A052875,Pêche,Agriculture & Agroalimentaire,Houéyogbé,+229 77 49 12 69,,,TPE (<10),B2B,CCIB Annuaire,,Actif,2026-06-29T00:14:35.885123,basse
BJ-1BB8ED89,Groupe Transformation Ets,Agriculture & Agroalimentaire,Houéyogbé,+229 78 27 52 93,,,TPE (<10),B2B,CCIB Annuaire,,Actif,2026-06-29T00:14:35.885152,basse
BJ-65E3D8F1,Agro Légume,Agriculture & Agroalimentaire,Houéyogbé,+229 70 27 88 51,agro.légume@agro.légume.bj,,PME (50-200),B2C,CCIB Annuaire,,Actif,2026-06-29T00:14:35.885196,moyenne
BJ-928367ED,Agro Agriculture Houéyogbé,Agriculture & Agroalimentaire,Houéyogbé,+229 61 38 53 65,agro.agriculture.houéyogbé@agro.agriculture.houéyogbé.org,,PME (50-200),B2C,CCIB Annuaire,,Actif,2026-06-29T00:14:35.885231,moyenne
BJ-7A345BEB,Groupe Aquaculture Farm,Agriculture & Agroalimentaire,Malanville,+229 46 67 36 24,,,PME (50-200),B2B,CCIB Annuaire,,Actif,2026-06-29T00:14:35.885267,basse
BJ-563C847D,Céréale SARL,Agriculture & Agroalimentaire,Malanville,+229 83 36 74 45,,céréalesarl.bj,PME (50-200),B2C,CCIB Annuaire,,Actif,2026-06-29T00:14:35.885295,moyenne
BJ-47789D4C,Aquaculture,Agriculture & Agroalimentaire,Malanville,+229 77 59 70 46,,,PME (50-200),B2B,CCIB Annuaire,,Actif,2026-06-29T00:14:35.885321,basse
BJ-2DB52B40,Céréale Bénin,Agriculture & Agroalimentaire,Malanville,+229 84 23 79 23,céréale.bénin@céréale.bénin.bj,,TPE (<10),B2B,CCIB Annuaire,,Actif,2026-06-29T00:14:35.885356,moyenne
BJ-7067AD45,Plantation,Agriculture & Agroalimentaire,Malanville,+229 76 46 74 75,plantation@plantation.com,plantation.bj,TPE (<10),B2C,CCIB Annuaire,,Actif,2026-06-29T00:14:35.885385,haute
BJ-ECC115E5,Industrie Groupe,Agriculture & Agroalimentaire,Kandi,+229 79 43 47 31,,,PME (50-200),B2B,CCIB Annuaire,,Actif,2026-06-29T00:14:35.885423,basse
BJ-333EC5CD,Production Fruit,Agriculture & Agroalimentaire,Kandi,+229 58 80 90 39,,productionfruit.bj,TPE (<10),B2B,CCIB Annuaire,,Actif,2026-06-29T00:14:35.885451,moyenne
BJ-14B69BFA,Aquaculture,Agriculture & Agroalimentaire,Kandi,+229 92 55 53 31,,aquaculture.bj,PME (50-200),B2B,CCIB Annuaire,,Actif,2026-06-29T00:14:35.885478,moyenne
BJ-7C213331,Aquaculture SARL,Agriculture & Agroalimentaire,Kandi,+229 40 55 69 16,,,PME (10-50),B2B,CCIB Annuaire,,Actif,2026-06-29T00:14:35.885538,basse
BJ-7294FBB1,SARL Plantation Plantation,Agriculture & Agroalimentaire,Banikoara,+229 65 76 54 59,sarl.plantation.plantation@sarl.plantation.plantation.bj,,TPE (<10),B2B,CCIB Annuaire,,Actif,2026-06-29T00:14:35.885578,moyenne
BJ-B2F3B408,Transformation,Agriculture & Agroalimentaire,Banikoara,+229 64 39 24 97,transformation@transformation.org,,TPE (<10),B2B,CCIB Annuaire,,Actif,2026-06-29T00:14:35.885608,moyenne
BJ-0FA98F62,Céréale,Agriculture & Agroalimentaire,Banikoara,+229 58 83 10 36,céréale@céréale.net,,PME (50-200),B2C,CCIB Annuaire,,Actif,2026-06-29T00:14:35.885663,moyenne
BJ-082F20EF,Plantation Alimentaire Bénin,Agriculture & Agroalimentaire,Banikoara,+229 54 43 38 21,plantation.alimentaire.bénin@plantation.alimentaire.bénin.com,plantationalimentairebénin.bj,PME (10-50),B2B,CCIB Annuaire,,Actif,2026-06-29T00:14:35.885694,haute
BJ-91031E73,Plantation,Agriculture & Agroalimentaire,Ségbana,+229 90 68 99 21,,,TPE (<10),B2C,CCIB Annuaire,,Actif,2026-06-29T00:14:35.885733,basse
BJ-93B65397,Fruit Groupe,Agriculture & Agroalimentaire,Ségbana,+229 70 46 40 21,fruit.groupe@fruit.groupe.com,fruitgroupe.bj,PME (10-50),B2C,CCIB Annuaire,,Actif,2026-06-29T00:14:35.885767,haute
BJ-0DDAACD0,Ets Transformation Bénin,Agriculture & Agroalimentaire,Ségbana,+229 44 53 65 84,ets.transformation.bénin@ets.transformation.bénin.com,etstransformationbénin.bj,PME (10-50),B2C,CCIB Annuaire,,Actif,2026-06-29T00:14:35.885798,haute
BJ-7D0DFAAA,Fruit,Agriculture & Agroalimentaire,Ségbana,+229 94 12 28 91,fruit@fruit.net,,TPE (<10),B2B,CCIB Annuaire,,Actif,2026-06-29T00:14:35.885832,moyenne
BJ-03B11ECC,Production Ferme,Agriculture & Agroalimentaire,Ségbana,+229 91 86 76 19,,,TPE (<10),B2C,CCIB Annuaire,,Actif,2026-06-29T00:14:35.885859,basse
BJ-AE9B03CE,Ets Agriculture Africa,Agriculture & Agroalimentaire,Karimama,+229 65 48 57 28,,etsagricultureafrica.bj,TPE (<10),B2B,CCIB Annuaire,,Actif,2026-06-29T00:14:35.885937,moyenne
BJ-A555AE22,Groupe Céréale,Agriculture & Agroalimentaire,Karimama,+229 59 64 15 99,groupe.céréale@groupe.céréale.org,,Grande (>200),B2C,CCIB Annuaire,,Actif,2026-06-29T00:14:35.885965,moyenne
BJ-E316E814,Céréale Plantation,Agriculture & Agroalimentaire,Karimama,+229 39 60 76 72,,céréaleplantation.bj,PME (10-50),B2B,CCIB Annuaire,,Actif,2026-06-29T00:14:35.885993,moyenne
BJ-D2C06C70,SARL Céréale,Agriculture & Agroalimentaire,Karimama,+229 27 32 42 79,sarl.céréale@sarl.céréale.benin,,TPE (<10),B2C,CCIB Annuaire,,Actif,2026-06-29T00:14:35.886023,moyenne
BJ-699DAD5B,Industrie SARL,Agriculture & Agroalimentaire,Gogounou,+229 81 10 18 99,,,PME (50-200),B2C,CCIB Annuaire,,Actif,2026-06-29T00:14:35.886061,basse
BJ-F32CF7F7,Agro Agro,Agriculture & Agroalimentaire,Gogounou,+229 64 65 47 40,agro.agro@agro.agro.benin,agroagro.bj,TPE (<10),B2C,CCIB Annuaire,,Actif,2026-06-29T00:14:35.886118,haute
BJ-0201EAB9,Ferme Bétail Gogounou,Agriculture & Agroalimentaire,Gogounou,+229 84 29 89 99,ferme.bétail.gogounou@ferme.bétail.gogounou.org,fermebétailgogounou.bj,PME (10-50),B2C,CCIB Annuaire,,Actif,2026-06-29T00:14:35.886154,haute
BJ-93B3B59E,SARL Plantation Gogounou,Agriculture & Agroalimentaire,Gogounou,+229 31 92 34 16,sarl.plantation.gogounou@sarl.plantation.gogounou.org,sarlplantationgogounou.bj,TPE (<10),B2C,CCIB Annuaire,,Actif,2026-06-29T00:14:35.886185,haute
BJ-59539C1D,Plantation Groupe,Agriculture & Agroalimentaire,Cobly,+229 88 10 37 62,plantation.groupe@plantation.groupe.org,plantationgroupe.bj,PME (50-200),B2B,CCIB Annuaire,,Actif,2026-06-29T00:14:35.886258,haute
BJ-5B62C017,Transformation Ets,Agriculture & Agroalimentaire,Cobly,+229 71 75 15 45,,transformationets.bj,TPE (<10),B2B,CCIB Annuaire,,Actif,2026-06-29T00:14:35.886285,moyenne
BJ-FFF2F583,Ets Pêche Agro,Agriculture & Agroalimentaire,Cobly,+229 65 44 69 14,,,TPE (<10),B2C,CCIB Annuaire,,Actif,2026-06-29T00:14:35.886315,basse
BJ-735DC59E,Plantation Pêche Bénin,Agriculture & Agroalimentaire,Cobly,+229 41 31 26 40,,,TPE (<10),B2C,CCIB Annuaire,,Actif,2026-06-29T00:14:35.886342,basse
BJ-4736C34D,Plantation SARL,Agriculture & Agroalimentaire,Tanguiéta,+229 81 42 43 41,plantation.sarl@plantation.sarl.com,,PME (10-50),B2B,CCIB Annuaire,,Actif,2026-06-29T00:14:35.886381,moyenne
BJ-0DFEAE3C,Ets Ferme,Agriculture & Agroalimentaire,Tanguiéta,+229 27 52 38 10,ets.ferme@ets.ferme.org,etsferme.bj,TPE (<10),B2B,CCIB Annuaire,,Actif,2026-06-29T00:14:35.886412,haute
BJ-D02B3A86,Plantation Tanguiéta,Agriculture & Agroalimentaire,Tanguiéta,+229 51 80 25 11,plantation.tanguiéta@plantation.tanguiéta.benin,,TPE (<10),B2B,CCIB Annuaire,,Actif,2026-06-29T00:14:35.886442,moyenne
BJ-75543503,Transformation,Agriculture & Agroalimentaire,Tanguiéta,+229 63 38 23 71,transformation@transformation.benin,,PME (10-50),B2C,CCIB Annuaire,,Actif,2026-06-29T00:14:35.886475,moyenne
BJ-1DCE6C81,Pêche,Agriculture & Agroalimentaire,Matéri,+229 75 47 94 30,,,PME (10-50),B2B,CCIB Annuaire,,Actif,2026-06-29T00:14:35.886541,basse
BJ-2CABA0FF,Groupe Alimentaire Groupe,Agriculture & Agroalimentaire,Matéri,+229 89 31 94 36,,,TPE (<10),B2C,CCIB Annuaire,,Actif,2026-06-29T00:14:35.886567,basse
BJ-7B7FF0DA,Plantation Aquaculture Groupe Matéri,Agriculture & Agroalimentaire,Matéri,+229 67 85 26 20,,plantationaquaculturegroupematéri.bj,TPE (<10),B2B,CCIB Annuaire,,Actif,2026-06-29T00:14:35.886597,moyenne
BJ-66C2B8C5,Groupe Légume Farm Matéri,Agriculture & Agroalimentaire,Matéri,+229 66 51 49 75,,groupelégumefarmmatéri.bj,TPE (<10),B2B,CCIB Annuaire,,Actif,2026-06-29T00:14:35.886627,moyenne
BJ-0C9921E6,Ets Ferme,Agriculture & Agroalimentaire,Matéri,+229 99 54 34 76,ets.ferme@ets.ferme.org,etsferme.bj,PME (10-50),B2C,CCIB Annuaire,,Actif,2026-06-29T00:14:35.886658,haute
BJ-6A16CD7E,Ets Bétail Natitingou,Agriculture & Agroalimentaire,Natitingou,+229 85 21 33 44,ets.bétail.natitingou@ets.bétail.natitingou.net,etsbétailnatitingou.bj,PME (10-50),B2C,CCIB Annuaire,,Actif,2026-06-29T00:14:35.886727,haute
BJ-4C1B062F,Aquaculture,Agriculture & Agroalimentaire,Natitingou,+229 73 89 89 82,,,PME (50-200),B2B,CCIB Annuaire,,Actif,2026-06-29T00:14:35.886757,basse
BJ-60553C5E,Ferme Céréale SARL Natitingou,Agriculture & Agroalimentaire,Natitingou,+229 20 34 30 48,,,PME (10-50),B2C,CCIB Annuaire,,Actif,2026-06-29T00:14:35.886791,basse
BJ-5246B391,SARL Fruit Agro,Agriculture & Agroalimentaire,Natitingou,+229 28 83 30 66,sarl.fruit.agro@sarl.fruit.agro.bj,sarlfruitagro.bj,Grande (>200),B2C,CCIB Annuaire,,Actif,2026-06-29T00:14:35.886822,haute
BJ-F0D75454,Groupe Céréale,Agriculture & Agroalimentaire,Toucountouna,+229 82 93 28 43,groupe.céréale@groupe.céréale.bj,,TPE (<10),B2C,CCIB Annuaire,,Actif,2026-06-29T00:14:35.886863,moyenne
BJ-B67B08E7,Agriculture,Agriculture & Agroalimentaire,Toucountouna,+229 99 15 83 19,agriculture@agriculture.benin,agriculture.bj,PME (10-50),B2C,CCIB Annuaire,,Actif,2026-06-29T00:14:35.886903,haute
BJ-076299D6,Agro Agriculture Farm,Agriculture & Agroalimentaire,Toucountouna,+229 45 31 15 46,agro.agriculture.farm@agro.agriculture.farm.net,,TPE (<10),B2B,CCIB Annuaire,,Actif,2026-06-29T00:14:35.886935,moyenne
BJ-7654A632,Industrie Plantation,Agriculture & Agroalimentaire,Toucountouna,+229 42 31 75 67,industrie.plantation@industrie.plantation.com,industrieplantation.bj,PME (10-50),B2B,CCIB Annuaire,,Actif,2026-06-29T00:14:35.886965,haute
BJ-0CC039D1,Agriculture Africa,Agriculture & Agroalimentaire,Toucountouna,+229 27 10 24 75,,,PME (10-50),B2C,CCIB Annuaire,,Actif,2026-06-29T00:14:35.886992,basse
BJ-6DEDBBC5,Agro Agriculture Ets,Agriculture & Agroalimentaire,Boukoumbé,+229 93 60 97 78,,agroagricultureets.bj,TPE (<10),B2C,CCIB Annuaire,,Actif,2026-06-29T00:14:35.887031,moyenne
BJ-AE691AA5,Céréale Bénin,Agriculture & Agroalimentaire,Boukoumbé,+229 28 13 83 93,céréale.bénin@céréale.bénin.bj,céréalebénin.bj,TPE (<10),B2B,CCIB Annuaire,,Actif,2026-06-29T00:14:35.887063,haute
BJ-ECA2F135,Agro Élevage,Agriculture & Agroalimentaire,Boukoumbé,+229 21 37 39 63,agro.élevage@agro.élevage.org,,TPE (<10),B2B,CCIB Annuaire,,Actif,2026-06-29T00:14:35.887093,moyenne
BJ-2EE9FBB0,Pêche,Agriculture & Agroalimentaire,Boukoumbé,+229 27 20 69 21,pêche@pêche.net,,PME (50-200),B2C,CCIB Annuaire,,Actif,2026-06-29T00:14:35.887130,moyenne
BJ-883177F3,Plantation Ferme Farm,Agriculture & Agroalimentaire,Boukoumbé,+229 58 90 87 79,plantation.ferme.farm@plantation.ferme.farm.bj,,PME (10-50),B2B,CCIB Annuaire,,Actif,2026-06-29T00:14:35.887159,moyenne
BJ-09735761,SARL Pêche Kouandé,Agriculture & Agroalimentaire,Kouandé,+229 35 39 41 40,sarl.pêche.kouandé@sarl.pêche.kouandé.benin,,PME (10-50),B2C,CCIB Annuaire,,Actif,2026-06-29T00:14:35.887202,moyenne
BJ-CCFBA8B8,Ets Fruit Plantation,Agriculture & Agroalimentaire,Kouandé,+229 94 55 13 59,ets.fruit.plantation@ets.fruit.plantation.benin,etsfruitplantation.bj,TPE (<10),B2C,CCIB Annuaire,,Actif,2026-06-29T00:14:35.887258,haute
BJ-A31F7027,Pêche Farm,Agriculture & Agroalimentaire,Kouandé,+229 53 72 96 53,pêche.farm@pêche.farm.net,,PME (10-50),B2B,CCIB Annuaire,,Actif,2026-06-29T00:14:35.887309,moyenne
BJ-74503F83,Ferme Ferme,Agriculture & Agroalimentaire,Péhunco,+229 94 72 14 46,,fermeferme.bj,PME (50-200),B2B,CCIB Annuaire,,Actif,2026-06-29T00:14:35.887384,moyenne
BJ-4AD6F7A1,Alimentaire Agro,Agriculture & Agroalimentaire,Péhunco,+229 52 44 56 19,,alimentaireagro.bj,PME (50-200),B2C,CCIB Annuaire,,Actif,2026-06-29T00:14:35.887436,moyenne
BJ-220EBC20,Ets Plantation SARL Péhunco,Agriculture & Agroalimentaire,Péhunco,+229 42 40 82 60,ets.plantation.sarl.péhunco@ets.plantation.sarl.péhunco.benin,etsplantationsarlpéhunco.bj,PME (50-200),B2C,CCIB Annuaire,,Actif,2026-06-29T00:14:35.887480,haute
BJ-5D0F5C73,Ferme Céréale Plantation,Agriculture & Agroalimentaire,Péhunco,+229 74 52 22 32,,,PME (10-50),B2B,CCIB Annuaire,,Actif,2026-06-29T00:14:35.887508,basse
BJ-B5FFCAC3,Élevage,Agriculture & Agroalimentaire,Tchaourou,+229 44 28 68 66,,,TPE (<10),B2B,CCIB Annuaire,,Actif,2026-06-29T00:14:35.887550,basse
BJ-DA52666E,Céréale SARL Tchaourou,Agriculture & Agroalimentaire,Tchaourou,+229 47 59 16 73,,,TPE (<10),B2B,CCIB Annuaire,,Actif,2026-06-29T00:14:35.887606,basse
BJ-C9F05EB2,Ferme Agriculture SARL,Agriculture & Agroalimentaire,Tchaourou,+229 83 71 69 22,ferme.agriculture.sarl@ferme.agriculture.sarl.com,fermeagriculturesarl.bj,PME (10-50),B2C,CCIB Annuaire,,Actif,2026-06-29T00:14:35.887636,haute
BJ-626908B6,Agro Bétail SARL Nikki,Agriculture & Agroalimentaire,Nikki,+229 66 62 90 14,agro.bétail.sarl.nikki@agro.bétail.sarl.nikki.bj,,PME (50-200),B2B,CCIB Annuaire,,Actif,2026-06-29T00:14:35.887706,moyenne
BJ-18474FD2,Production Élevage Bénin,Agriculture & Agroalimentaire,Nikki,+229 20 85 18 67,production.élevage.bénin@production.élevage.bénin.com,productionélevagebénin.bj,PME (10-50),B2C,CCIB Annuaire,,Actif,2026-06-29T00:14:35.887736,haute
BJ-2B7581D7,Groupe Élevage Ets,Agriculture & Agroalimentaire,Nikki,+229 76 27 63 36,groupe.élevage.ets@groupe.élevage.ets.com,,Grande (>200),B2C,CCIB Annuaire,,Actif,2026-06-29T00:14:35.887766,moyenne
BJ-3536AC97,Groupe Céréale,Agriculture & Agroalimentaire,Nikki,+229 36 51 36 95,groupe.céréale@groupe.céréale.bj,,PME (50-200),B2C,CCIB Annuaire,,Actif,2026-06-29T00:14:35.887800,moyenne
BJ-F6E0467F,Fruit Nikki,Agriculture & Agroalimentaire,Nikki,+229 54 20 19 40,,,TPE (<10),B2C,CCIB Annuaire,,Actif,2026-06-29T00:14:35.887828,basse
BJ-1C06D2AB,Céréale Ets,Agriculture & Agroalimentaire,Bembéréké,+229 96 90 34 89,,,Grande (>200),B2B,CCIB Annuaire,,Actif,2026-06-29T00:14:35.887867,basse
BJ-CF08029D,Plantation Alimentaire,Agriculture & Agroalimentaire,Bembéréké,+229 89 81 10 37,plantation.alimentaire@plantation.alimentaire.net,,TPE (<10),B2C,CCIB Annuaire,,Actif,2026-06-29T00:14:35.887907,moyenne
BJ-E2B83C28,SARL Plantation Farm,Agriculture & Agroalimentaire,Bembéréké,+229 78 15 30 44,,,TPE (<10),B2C,CCIB Annuaire,,Actif,2026-06-29T00:14:35.887940,basse
BJ-95EDACA2,Ferme,Agriculture & Agroalimentaire,Bembéréké,+229 64 35 28 77,,ferme.bj,PME (10-50),B2C,CCIB Annuaire,,Actif,2026-06-29T00:14:35.887967,moyenne
BJ-72BF93F7,Groupe Bétail Africa Bembéréké,Agriculture & Agroalimentaire,Bembéréké,+229 30 15 76 71,,groupebétailafricabembéréké.bj,PME (10-50),B2C,CCIB Annuaire,,Actif,2026-06-29T00:14:35.887996,moyenne
BJ-B1EF5357,Céréale,Agriculture & Agroalimentaire,Kalalé,+229 93 22 63 24,,céréale.bj,PME (10-50),B2B,CCIB Annuaire,,Actif,2026-06-29T00:14:35.888035,moyenne
BJ-71083F2C,SARL Transformation Africa,Agriculture & Agroalimentaire,Kalalé,+229 41 93 89 48,sarl.transformation.africa@sarl.transformation.africa.com,sarltransformationafrica.bj,Grande (>200),B2C,CCIB Annuaire,,Actif,2026-06-29T00:14:35.888065,haute
BJ-93FEB5F1,Agriculture Farm,Agriculture & Agroalimentaire,Kalalé,+229 69 75 62 33,agriculture.farm@agriculture.farm.bj,,TPE (<10),B2C,CCIB Annuaire,,Actif,2026-06-29T00:14:35.888093,moyenne
BJ-DAA1D789,SARL Transformation Farm,Agriculture & Agroalimentaire,Kalalé,+229 43 46 37 50,,,PME (50-200),B2B,CCIB Annuaire,,Actif,2026-06-29T00:14:35.888122,basse
BJ-854BEE13,Industrie Africa,Agriculture & Agroalimentaire,Kalalé,+229 86 68 67 53,industrie.africa@industrie.africa.bj,,TPE (<10),B2C,CCIB Annuaire,,Actif,2026-06-29T00:14:35.888151,moyenne
BJ-20CE5071,Agro Légume Bénin,Agriculture & Agroalimentaire,Ndali,+229 55 77 61 70,,agrolégumebénin.bj,PME (10-50),B2B,CCIB Annuaire,,Actif,2026-06-29T00:14:35.888194,moyenne
BJ-B37449CB,Agro Pêche Africa Ndali,Agriculture & Agroalimentaire,Ndali,+229 39 13 96 59,agro.pêche.africa.ndali@agro.pêche.africa.ndali.net,,PME (10-50),B2B,CCIB Annuaire,,Actif,2026-06-29T00:14:35.888223,moyenne
BJ-93AC2326,Agro Transformation,Agriculture & Agroalimentaire,Ndali,+229 92 52 84 34,,agrotransformation.bj,PME (10-50),B2C,CCIB Annuaire,,Actif,2026-06-29T00:14:35.888250,moyenne
BJ-2F776C1B,Transformation Ets Ndali,Agriculture & Agroalimentaire,Ndali,+229 70 48 40 67,,,PME (50-200),B2B,CCIB Annuaire,,Actif,2026-06-29T00:14:35.888275,basse
BJ-2019D6AE,Ferme,Agriculture & Agroalimentaire,Ndali,+229 66 20 89 92,ferme@ferme.bj,,PME (50-200),B2C,CCIB Annuaire,,Actif,2026-06-29T00:14:35.888303,moyenne
BJ-9BFFD094,Aquaculture Ségbana,Agriculture & Agroalimentaire,Ségbana,+229 73 69 42 98,aquaculture.ségbana@aquaculture.ségbana.benin,aquacultureségbana.bj,TPE (<10),B2C,CCIB Annuaire,,Actif,2026-06-29T00:14:35.888344,haute
BJ-D66DA05F,SARL Transformation Ségbana,Agriculture & Agroalimentaire,Ségbana,+229 51 33 92 52,,,PME (10-50),B2C,CCIB Annuaire,,Actif,2026-06-29T00:14:35.888399,basse
BJ-16E86C1E,Pêche Farm,Agriculture & Agroalimentaire,Ségbana,+229 95 68 32 84,,,TPE (<10),B2B,CCIB Annuaire,,Actif,2026-06-29T00:14:35.888430,basse
BJ-BEC91782,Production Pêche Bénin,Agriculture & Agroalimentaire,Ségbana,+229 36 12 29 45,production.pêche.bénin@production.pêche.bénin.benin,,TPE (<10),B2B,CCIB Annuaire,,Actif,2026-06-29T00:14:35.888483,moyenne
BJ-791F859E,Industrie SARL,Agriculture & Agroalimentaire,Tchaourou,+229 69 80 93 63,,,PME (10-50),B2B,CCIB Annuaire,,Actif,2026-06-29T00:14:35.888522,basse
BJ-83886D1C,Ferme Bétail,Agriculture & Agroalimentaire,Tchaourou,+229 88 42 41 12,,fermebétail.bj,PME (50-200),B2C,CCIB Annuaire,,Actif,2026-06-29T00:14:35.888550,moyenne
BJ-F18F7D02,Groupe Bétail SARL,Agriculture & Agroalimentaire,Tchaourou,+229 56 92 54 14,,groupebétailsarl.bj,Grande (>200),B2C,CCIB Annuaire,,Actif,2026-06-29T00:14:35.888578,moyenne
BJ-3FCF5901,Bétail Plantation,Agriculture & Agroalimentaire,Tchaourou,+229 64 64 48 76,,bétailplantation.bj,TPE (<10),B2C,CCIB Annuaire,,Actif,2026-06-29T00:14:35.888607,moyenne
BJ-AEAAA3E1,Pêche,Agriculture & Agroalimentaire,Tchaourou,+229 49 82 98 77,,,TPE (<10),B2C,CCIB Annuaire,,Actif,2026-06-29T00:14:35.888633,basse
BJ-F5DC59BC,SARL Plantation Agro,Agriculture & Agroalimentaire,Bétérou,+229 64 36 48 67,sarl.plantation.agro@sarl.plantation.agro.com,,PME (10-50),B2C,CCIB Annuaire,,Actif,2026-06-29T00:14:35.888707,moyenne
BJ-0B8E7190,Pêche Groupe Bétérou,Agriculture & Agroalimentaire,Bétérou,+229 20 42 11 23,,pêchegroupebétérou.bj,TPE (<10),B2C,CCIB Annuaire,,Actif,2026-06-29T00:14:35.888736,moyenne
BJ-0DB2ACEE,Ferme Plantation Ets Bétérou,Agriculture & Agroalimentaire,Bétérou,+229 32 84 97 57,ferme.plantation.ets.bétérou@ferme.plantation.ets.bétérou.com,fermeplantationetsbétérou.bj,TPE (<10),B2B,CCIB Annuaire,,Actif,2026-06-29T00:14:35.888774,haute
BJ-CA02E7C5,Industrie SARL,Agriculture & Agroalimentaire,Bétérou,+229 46 60 83 87,,industriesarl.bj,PME (10-50),B2B,CCIB Annuaire,,Actif,2026-06-29T00:14:35.888802,moyenne
BJ-DF2EE328,Transformation,Agriculture & Agroalimentaire,Ouessè,+229 36 24 22 18,,transformation.bj,PME (50-200),B2B,CCIB Annuaire,,Actif,2026-06-29T00:14:35.888841,moyenne
BJ-BE58006A,Agriculture Africa,Agriculture & Agroalimentaire,Ouessè,+229 58 10 57 67,agriculture.africa@agriculture.africa.com,,PME (50-200),B2B,CCIB Annuaire,,Actif,2026-06-29T00:14:35.888871,moyenne
BJ-776BD813,Plantation Ets,Agriculture & Agroalimentaire,Ouessè,+229 56 67 62 14,plantation.ets@plantation.ets.com,plantationets.bj,TPE (<10),B2B,CCIB Annuaire,,Actif,2026-06-29T00:14:35.888911,haute
BJ-179B0B56,Agro Transformation SARL,Agriculture & Agroalimentaire,Ouessè,+229 46 38 85 27,,,TPE (<10),B2C,CCIB Annuaire,,Actif,2026-06-29T00:14:35.888940,basse
BJ-C2853E84,Pêche Africa,Agriculture & Agroalimentaire,Ouessè,+229 49 97 92 16,,pêcheafrica.bj,TPE (<10),B2C,CCIB Annuaire,,Actif,2026-06-29T00:14:35.888974,moyenne
BJ-0BA36089,Groupe Transformation Farm,Agriculture & Agroalimentaire,Glazoué,+229 28 29 44 13,,,TPE (<10),B2C,CCIB Annuaire,,Actif,2026-06-29T00:14:35.889014,basse
BJ-5600F65F,Agriculture Africa,Agriculture & Agroalimentaire,Glazoué,+229 88 74 99 78,agriculture.africa@agriculture.africa.org,,TPE (<10),B2B,CCIB Annuaire,,Actif,2026-06-29T00:14:35.889047,moyenne
BJ-0B2DC960,Ferme Transformation Africa,Agriculture & Agroalimentaire,Glazoué,+229 62 72 31 90,ferme.transformation.africa@ferme.transformation.africa.bj,,TPE (<10),B2B,CCIB Annuaire,,Actif,2026-06-29T00:14:35.889122,moyenne
BJ-C723F5B2,Plantation Agriculture,Agriculture & Agroalimentaire,Glazoué,+229 38 86 35 80,plantation.agriculture@plantation.agriculture.bj,,PME (10-50),B2C,CCIB Annuaire,,Actif,2026-06-29T00:14:35.889157,moyenne
BJ-683B6D1A,Ets Alimentaire Dassa-Zoumè,Agriculture & Agroalimentaire,Dassa-Zoumè,+229 49 89 84 22,,,Grande (>200),B2B,CCIB Annuaire,,Actif,2026-06-29T00:14:35.889193,basse
BJ-A1F97EC9,Industrie Agro,Agriculture & Agroalimentaire,Dassa-Zoumè,+229 70 80 56 84,industrie.agro@industrie.agro.benin,,TPE (<10),B2C,CCIB Annuaire,,Actif,2026-06-29T00:14:35.889219,moyenne
BJ-B6123297,Élevage Farm,Agriculture & Agroalimentaire,Dassa-Zoumè,+229 62 59 50 96,,,PME (50-200),B2C,CCIB Annuaire,,Actif,2026-06-29T00:14:35.889248,basse
BJ-4E67AA77,Céréale,Agriculture & Agroalimentaire,Dassa-Zoumè,+229 60 38 47 57,,céréale.bj,PME (10-50),B2B,CCIB Annuaire,,Actif,2026-06-29T00:14:35.889273,moyenne
BJ-9CE407D8,Groupe Alimentaire Africa Savalou,Agriculture & Agroalimentaire,Savalou,+229 98 45 27 48,,,TPE (<10),B2B,CCIB Annuaire,,Actif,2026-06-29T00:14:35.889365,basse
BJ-1F0ECDB4,SARL Fruit,Agriculture & Agroalimentaire,Savalou,+229 70 39 76 72,sarl.fruit@sarl.fruit.com,,PME (10-50),B2B,CCIB Annuaire,,Actif,2026-06-29T00:14:35.889454,moyenne
BJ-FC7D0D91,Plantation Plantation Bantè,Agriculture & Agroalimentaire,Bantè,+229 81 49 79 71,plantation.plantation.bantè@plantation.plantation.bantè.benin,,PME (50-200),B2C,CCIB Annuaire,,Actif,2026-06-29T00:14:35.889496,moyenne
BJ-90A9BA56,SARL Bétail,Agriculture & Agroalimentaire,Bantè,+229 41 63 63 60,,,PME (10-50),B2C,CCIB Annuaire,,Actif,2026-06-29T00:14:35.889522,basse
BJ-9FD6E865,Agro SARL,Agriculture & Agroalimentaire,Bantè,+229 70 85 56 28,,,Grande (>200),B2C,CCIB Annuaire,,Actif,2026-06-29T00:14:35.889546,basse
BJ-E8C65BDF,Ferme Industrie Agro,Agriculture & Agroalimentaire,Bantè,+229 78 14 53 75,,fermeindustrieagro.bj,TPE (<10),B2C,CCIB Annuaire,,Actif,2026-06-29T00:14:35.889578,moyenne
BJ-412C66B6,Céréale,Agriculture & Agroalimentaire,Bantè,+229 88 99 36 87,céréale@céréale.org,,PME (50-200),B2B,CCIB Annuaire,,Actif,2026-06-29T00:14:35.889607,moyenne
BJ-AB6521B7,Production Aquaculture,Agriculture & Agroalimentaire,Djougou,+229 30 13 83 27,,,TPE (<10),B2C,CCIB Annuaire,,Actif,2026-06-29T00:14:35.889645,basse
BJ-509B9741,Ferme Ferme Africa Djougou,Agriculture & Agroalimentaire,Djougou,+229 28 22 51 42,,fermefermeafricadjougou.bj,PME (10-50),B2C,CCIB Annuaire,,Actif,2026-06-29T00:14:35.889692,moyenne
BJ-99C4FD00,Agro Alimentaire Farm Djougou,Agriculture & Agroalimentaire,Djougou,+229 45 81 82 61,,,Grande (>200),B2B,CCIB Annuaire,,Actif,2026-06-29T00:14:35.889717,basse
BJ-E72AC716,Aquaculture,Agriculture & Agroalimentaire,Djougou,+229 90 32 42 50,aquaculture@aquaculture.com,,PME (50-200),B2C,CCIB Annuaire,,Actif,2026-06-29T00:14:35.889752,moyenne
BJ-A8D3BF08,Ets Pêche Africa,Agriculture & Agroalimentaire,Djougou,+229 58 68 46 49,ets.pêche.africa@ets.pêche.africa.bj,,TPE (<10),B2B,CCIB Annuaire,,Actif,2026-06-29T00:14:35.889781,moyenne
BJ-39BC33F4,Légume Bénin Ouèssè,Agriculture & Agroalimentaire,Ouèssè,+229 40 82 96 22,légume.bénin.ouèssè@légume.bénin.ouèssè.org,légumebéninouèssè.bj,PME (50-200),B2C,CCIB Annuaire,,Actif,2026-06-29T00:14:35.889824,haute
BJ-577AACC5,Plantation Agro,Agriculture & Agroalimentaire,Ouèssè,+229 52 55 42 71,plantation.agro@plantation.agro.com,plantationagro.bj,TPE (<10),B2B,CCIB Annuaire,,Actif,2026-06-29T00:14:35.889853,haute
BJ-299569C9,SARL Transformation Groupe,Agriculture & Agroalimentaire,Ouèssè,+229 80 31 30 76,sarl.transformation.groupe@sarl.transformation.groupe.org,,PME (10-50),B2C,CCIB Annuaire,,Actif,2026-06-29T00:14:35.889880,moyenne
BJ-382A0C2A,Fruit,Agriculture & Agroalimentaire,Ouèssè,+229 41 26 48 18,fruit@fruit.com,fruit.bj,PME (10-50),B2C,CCIB Annuaire,,Actif,2026-06-29T00:14:35.889923,haute
BJ-D730CB56,SARL Élevage,Agriculture & Agroalimentaire,Ouèssè,+229 94 58 21 89,,sarlélevage.bj,PME (50-200),B2B,CCIB Annuaire,,Actif,2026-06-29T00:14:35.889950,moyenne
BJ-9A6CDBA9,Plantation Aquaculture,Agriculture & Agroalimentaire,Bassila,+229 29 63 75 98,,,Grande (>200),B2C,CCIB Annuaire,,Actif,2026-06-29T00:14:35.889985,basse
BJ-D87FCD7B,SARL Élevage Agro,Agriculture & Agroalimentaire,Bassila,+229 95 55 18 26,sarl.élevage.agro@sarl.élevage.agro.org,sarlélevageagro.bj,TPE (<10),B2C,CCIB Annuaire,,Actif,2026-06-29T00:14:35.890014,haute
BJ-8AA87F4A,SARL Céréale Plantation,Agriculture & Agroalimentaire,Bassila,+229 85 79 92 99,sarl.céréale.plantation@sarl.céréale.plantation.com,sarlcéréaleplantation.bj,TPE (<10),B2B,CCIB Annuaire,,Actif,2026-06-29T00:14:35.890043,haute
BJ-B5D45C31,Ferme Légume,Agriculture & Agroalimentaire,Bassila,+229 80 17 62 28,ferme.légume@ferme.légume.benin,,PME (50-200),B2C,CCIB Annuaire,,Actif,2026-06-29T00:14:35.890077,moyenne
BJ-74F607DC,Groupe Légume,Agriculture & Agroalimentaire,Bassila,+229 41 22 28 32,groupe.légume@groupe.légume.net,groupelégume.bj,TPE (<10),B2C,CCIB Annuaire,,Actif,2026-06-29T00:14:35.890106,haute
BJ-B6188AD1,SARL Céréale,Agriculture & Agroalimentaire,Pehunco,+229 52 54 22 74,sarl.céréale@sarl.céréale.org,sarlcéréale.bj,PME (50-200),B2C,CCIB Annuaire,,Actif,2026-06-29T00:14:35.890146,haute
BJ-E90FFE72,Plantation Farm,Agriculture & Agroalimentaire,Pehunco,+229 86 86 20 57,plantation.farm@plantation.farm.org,plantationfarm.bj,PME (10-50),B2B,CCIB Annuaire,,Actif,2026-06-29T00:14:35.890179,haute
BJ-5F4494BF,Pêche,Agriculture & Agroalimentaire,Pehunco,+229 46 77 43 24,pêche@pêche.net,,TPE (<10),B2B,CCIB Annuaire,,Actif,2026-06-29T00:14:35.890207,moyenne
BJ-BCD29899,SARL Légume,Agriculture & Agroalimentaire,Pehunco,+229 57 66 99 66,,,TPE (<10),B2B,CCIB Annuaire,,Actif,2026-06-29T00:14:35.890230,basse
BJ-D0436B0B,Agro,Agriculture & Agroalimentaire,Pehunco,+229 26 54 65 82,agro@agro.org,,Grande (>200),B2C,CCIB Annuaire,,Actif,2026-06-29T00:14:35.890258,moyenne
BJ-5A53B9E8,Plantation Transformation SARL,Agriculture & Agroalimentaire,Copargo,+229 22 98 25 14,,,PME (10-50),B2B,CCIB Annuaire,,Actif,2026-06-29T00:14:35.890293,basse
BJ-C1A00B17,Ferme Plantation Bénin,Agriculture & Agroalimentaire,Copargo,+229 87 82 61 55,ferme.plantation.bénin@ferme.plantation.bénin.com,fermeplantationbénin.bj,PME (10-50),B2C,CCIB Annuaire,,Actif,2026-06-29T00:14:35.890323,haute
BJ-D3EEF885,Agro,Agriculture & Agroalimentaire,Copargo,+229 88 96 85 22,agro@agro.bj,agro.bj,TPE (<10),B2C,CCIB Annuaire,,Actif,2026-06-29T00:14:35.890381,haute
BJ-4939796D,Pêche Plantation Copargo,Agriculture & Agroalimentaire,Copargo,+229 69 77 69 75,pêche.plantation.copargo@pêche.plantation.copargo.benin,,Grande (>200),B2B,CCIB Annuaire,,Actif,2026-06-29T00:14:35.890410,moyenne
BJ-5C9D599F,Liberté Academy,Éducation & Formation,Cotonou,+229 49 46 42 46,liberté.academy@liberté.academy.benin,libertéacademy.bj,PME (10-50),B2C,CCIB Annuaire,,Actif,2026-06-29T00:14:35.890458,haute
BJ-F466516D,Académie Liberté Cotonou,Éducation & Formation,Cotonou,+229 86 78 52 72,,académielibertécotonou.bj,PME (10-50),B2B,CCIB Annuaire,,Actif,2026-06-29T00:14:35.890486,moyenne
BJ-FC5DAFF4,Protestant Academy,Éducation & Formation,Cotonou,+229 55 42 10 78,protestant.academy@protestant.academy.benin,protestantacademy.bj,PME (50-200),B2B,CCIB Annuaire,,Actif,2026-06-29T00:14:35.890515,haute
BJ-8D89F0C6,Centre International,Éducation & Formation,Cotonou,+229 58 91 10 50,centre.international@centre.international.net,centreinternational.bj,TPE (<10),B2C,CCIB Annuaire,,Actif,2026-06-29T00:14:35.890543,haute
BJ-D415D6DB,Institut Catholique School,Éducation & Formation,Cotonou,+229 54 37 47 32,institut.catholique.school@institut.catholique.school.bj,,PME (10-50),B2B,CCIB Annuaire,,Actif,2026-06-29T00:14:35.890569,moyenne
BJ-77F1FFD0,Apprentissage,Éducation & Formation,Abomey-Calavi,+229 71 76 65 72,,,PME (50-200),B2C,CCIB Annuaire,,Actif,2026-06-29T00:14:35.890607,basse
BJ-E164E21F,Université Formation,Éducation & Formation,Abomey-Calavi,+229 30 92 41 46,université.formation@université.formation.com,universitéformation.bj,PME (10-50),B2B,CCIB Annuaire,,Actif,2026-06-29T00:14:35.890636,haute
BJ-5673B73A,Université Privé Bénin,Éducation & Formation,Abomey-Calavi,+229 78 66 85 50,université.privé.bénin@université.privé.bénin.bj,universitéprivébénin.bj,TPE (<10),B2C,CCIB Annuaire,,Actif,2026-06-29T00:14:35.890670,haute
BJ-5B6CC292,Savoir,Éducation & Formation,Abomey-Calavi,+229 20 92 80 42,savoir@savoir.org,savoir.bj,TPE (<10),B2C,CCIB Annuaire,,Actif,2026-06-29T00:14:35.890699,haute
BJ-5C0EE690,Collège Protestant École,Éducation & Formation,Abomey-Calavi,+229 82 70 46 83,collège.protestant.école@collège.protestant.école.net,collègeprotestantécole.bj,PME (10-50),B2C,CCIB Annuaire,,Actif,2026-06-29T00:14:35.890715,haute
BJ-62DCB25A,Excellence Porto-Novo,Éducation & Formation,Porto-Novo,+229 28 63 38 57,excellence.portonovo@excellence.portonovo.org,excellenceportonovo.bj,TPE (<10),B2C,CCIB Annuaire,,Actif,2026-06-29T00:14:35.890756,haute
BJ-8C3A7BE3,École National Bénin,Éducation & Formation,Porto-Novo,+229 59 61 17 82,école.national.bénin@école.national.bénin.com,,Grande (>200),B2C,CCIB Annuaire,,Actif,2026-06-29T00:14:35.890772,moyenne
BJ-083AE003,Privé School,Éducation & Formation,Porto-Novo,+229 98 98 19 70,privé.school@privé.school.org,privéschool.bj,PME (10-50),B2C,CCIB Annuaire,,Actif,2026-06-29T00:14:35.890786,haute
BJ-512D7A9E,École Éducation,Éducation & Formation,Porto-Novo,+229 37 48 39 94,école.éducation@école.éducation.net,écoleéducation.bj,PME (10-50),B2B,CCIB Annuaire,,Actif,2026-06-29T00:14:35.890800,haute
BJ-6A0E7066,Lycée Formation,Éducation & Formation,Porto-Novo,+229 69 89 91 84,lycée.formation@lycée.formation.com,,TPE (<10),B2B,CCIB Annuaire,,Actif,2026-06-29T00:14:35.890812,moyenne
BJ-CAC9F3F9,Excellence Academy,Éducation & Formation,Parakou,+229 82 28 36 72,excellence.academy@excellence.academy.net,excellenceacademy.bj,PME (10-50),B2C,CCIB Annuaire,,Actif,2026-06-29T00:14:35.890836,haute
BJ-291E859A,Académie Développement,Éducation & Formation,Parakou,+229 81 34 78 59,académie.développement@académie.développement.benin,,PME (50-200),B2B,CCIB Annuaire,,Actif,2026-06-29T00:14:35.890867,moyenne
BJ-9AB24903,Université Privé,Éducation & Formation,Parakou,+229 86 14 61 81,,universitéprivé.bj,TPE (<10),B2C,CCIB Annuaire,,Actif,2026-06-29T00:14:35.890879,moyenne
BJ-8775EBB7,Centre Protestant,Éducation & Formation,Parakou,+229 67 27 89 24,,centreprotestant.bj,PME (10-50),B2B,CCIB Annuaire,,Actif,2026-06-29T00:14:35.890910,moyenne
BJ-1BC26C78,Université Protestant Lycée,Éducation & Formation,Parakou,+229 34 84 38 71,université.protestant.lycée@université.protestant.lycée.bj,universitéprotestantlycée.bj,PME (50-200),B2B,CCIB Annuaire,,Actif,2026-06-29T00:14:35.890927,haute
BJ-12295816,Centre Liberté Institute,Éducation & Formation,Bohicon,+229 76 76 90 54,,centrelibertéinstitute.bj,Grande (>200),B2C,CCIB Annuaire,,Actif,2026-06-29T00:14:35.890947,moyenne
BJ-4DEBC915,Éducation,Éducation & Formation,Bohicon,+229 34 81 59 56,éducation@éducation.com,éducation.bj,TPE (<10),B2B,CCIB Annuaire,,Actif,2026-06-29T00:14:35.890960,haute
BJ-447E7224,Éducation Institute,Éducation & Formation,Bohicon,+229 46 83 50 98,éducation.institute@éducation.institute.bj,éducationinstitute.bj,PME (10-50),B2C,CCIB Annuaire,,Actif,2026-06-29T00:14:35.890973,haute
BJ-64586278,International College,Éducation & Formation,Bohicon,+229 74 44 96 73,international.college@international.college.com,internationalcollege.bj,TPE (<10),B2B,CCIB Annuaire,,Actif,2026-06-29T00:14:35.890986,haute
BJ-619291D4,Académie Protestant College,Éducation & Formation,Bohicon,+229 92 98 51 75,académie.protestant.college@académie.protestant.college.net,,PME (50-200),B2B,CCIB Annuaire,,Actif,2026-06-29T00:14:35.890999,moyenne
BJ-18F89F4F,Public École Natitingou,Éducation & Formation,Natitingou,+229 72 30 59 93,public.école.natitingou@public.école.natitingou.org,publicécolenatitingou.bj,TPE (<10),B2B,CCIB Annuaire,,Actif,2026-06-29T00:14:35.891022,haute
BJ-EFD2E63D,Protestant,Éducation & Formation,Natitingou,+229 88 23 92 90,protestant@protestant.net,protestant.bj,PME (10-50),B2C,CCIB Annuaire,,Actif,2026-06-29T00:14:35.891038,haute
BJ-546AB1AF,Académie Protestant Natitingou,Éducation & Formation,Natitingou,+229 22 33 28 91,,,PME (50-200),B2C,CCIB Annuaire,,Actif,2026-06-29T00:14:35.891050,basse
BJ-D2FD9DE1,Éducation Academy,Éducation & Formation,Natitingou,+229 34 88 60 68,éducation.academy@éducation.academy.bj,éducationacademy.bj,TPE (<10),B2B,CCIB Annuaire,,Actif,2026-06-29T00:14:35.891066,haute
BJ-A2E39F5A,Institut Public College Natitingou,Éducation & Formation,Natitingou,+229 27 53 19 35,,institutpubliccollegenatitingou.bj,TPE (<10),B2C,CCIB Annuaire,,Actif,2026-06-29T00:14:35.891079,moyenne
BJ-3A0C2356,Liberté Academy,Éducation & Formation,Lokossa,+229 28 43 56 70,liberté.academy@liberté.academy.net,,Grande (>200),B2C,CCIB Annuaire,,Actif,2026-06-29T00:14:35.891098,moyenne
BJ-D4467A60,Institut Développement École,Éducation & Formation,Lokossa,+229 77 51 17 49,,institutdéveloppementécole.bj,Grande (>200),B2B,CCIB Annuaire,,Actif,2026-06-29T00:14:35.891123,moyenne
BJ-313253A8,École Excellence University,Éducation & Formation,Lokossa,+229 68 73 11 78,école.excellence.university@école.excellence.university.com,,Grande (>200),B2C,CCIB Annuaire,,Actif,2026-06-29T00:14:35.891136,moyenne
BJ-C039702B,International School Lokossa,Éducation & Formation,Lokossa,+229 22 18 93 28,international.school.lokossa@international.school.lokossa.benin,,TPE (<10),B2B,CCIB Annuaire,,Actif,2026-06-29T00:14:35.891148,moyenne
BJ-CF39C81E,Public,Éducation & Formation,Ouidah,+229 66 71 82 19,public@public.bj,public.bj,TPE (<10),B2C,CCIB Annuaire,,Actif,2026-06-29T00:14:35.891166,haute
BJ-DD26208C,Apprentissage,Éducation & Formation,Ouidah,+229 98 26 71 79,,apprentissage.bj,PME (10-50),B2B,CCIB Annuaire,,Actif,2026-06-29T00:14:35.891177,moyenne
BJ-9CB83303,Collège Catholique Bénin Ouidah,Éducation & Formation,Ouidah,+229 62 51 48 82,collège.catholique.bénin.ouidah@collège.catholique.bénin.ouidah.bj,collègecatholiquebéninouidah.bj,PME (50-200),B2B,CCIB Annuaire,,Actif,2026-06-29T00:14:35.891191,haute
BJ-D8D5D949,Université Liberté,Éducation & Formation,Ouidah,+229 79 54 88 66,,universitéliberté.bj,Grande (>200),B2B,CCIB Annuaire,,Actif,2026-06-29T00:14:35.891206,moyenne
BJ-2B3797C7,Développement Bénin,Éducation & Formation,Ouidah,+229 66 44 80 28,développement.bénin@développement.bénin.com,développementbénin.bj,PME (50-200),B2B,CCIB Annuaire,,Actif,2026-06-29T00:14:35.891219,haute
BJ-CB82331C,Développement School,Éducation & Formation,Savalou,+229 89 59 73 94,,développementschool.bj,PME (50-200),B2B,CCIB Annuaire,,Actif,2026-06-29T00:14:35.891237,moyenne
BJ-F1ECABE1,Académie Catholique,Éducation & Formation,Savalou,+229 46 50 42 59,,académiecatholique.bj,PME (10-50),B2C,CCIB Annuaire,,Actif,2026-06-29T00:14:35.891249,moyenne
BJ-0DE42339,Université Protestant,Éducation & Formation,Savalou,+229 56 42 53 61,,universitéprotestant.bj,TPE (<10),B2B,CCIB Annuaire,,Actif,2026-06-29T00:14:35.891273,moyenne
BJ-504FA024,Public,Éducation & Formation,Savalou,+229 48 75 39 87,,,TPE (<10),B2B,CCIB Annuaire,,Actif,2026-06-29T00:14:35.891287,basse
BJ-9AC146CF,Privé Academy,Éducation & Formation,Dassa-Zoumè,+229 27 80 19 11,,privéacademy.bj,PME (50-200),B2C,CCIB Annuaire,,Actif,2026-06-29T00:14:35.891305,moyenne
BJ-7AF272A3,Académie Excellence,Éducation & Formation,Dassa-Zoumè,+229 45 83 34 85,académie.excellence@académie.excellence.net,académieexcellence.bj,PME (10-50),B2C,CCIB Annuaire,,Actif,2026-06-29T00:14:35.891318,haute
BJ-A48A60D0,Collège Éducation,Éducation & Formation,Dassa-Zoumè,+229 88 43 76 36,collège.éducation@collège.éducation.net,collègeéducation.bj,Grande (>200),B2B,CCIB Annuaire,,Actif,2026-06-29T00:14:35.891339,haute
BJ-139232B7,Éducation Dassa-Zoumè,Éducation & Formation,Dassa-Zoumè,+229 42 68 72 74,éducation.dassazoumè@éducation.dassazoumè.org,,TPE (<10),B2C,CCIB Annuaire,,Actif,2026-06-29T00:14:35.891355,moyenne
BJ-45F12F88,Institut Catholique,Éducation & Formation,Dassa-Zoumè,+229 29 12 54 87,institut.catholique@institut.catholique.com,institutcatholique.bj,TPE (<10),B2B,CCIB Annuaire,,Actif,2026-06-29T00:14:35.891368,haute
BJ-7E7D189D,Académie Catholique,Éducation & Formation,Kétou,+229 40 52 26 47,académie.catholique@académie.catholique.bj,académiecatholique.bj,PME (10-50),B2B,CCIB Annuaire,,Actif,2026-06-29T00:14:35.891387,haute
BJ-C6910409,Liberté,Éducation & Formation,Kétou,+229 93 92 85 31,liberté@liberté.net,,TPE (<10),B2C,CCIB Annuaire,,Actif,2026-06-29T00:14:35.891400,moyenne
BJ-8BB09CB0,Institut International Institute,Éducation & Formation,Kétou,+229 73 85 11 44,institut.international.institute@institut.international.institute.bj,,Grande (>200),B2C,CCIB Annuaire,,Actif,2026-06-29T00:14:35.891412,moyenne
BJ-777B7298,International,Éducation & Formation,Kétou,+229 57 35 39 75,,,TPE (<10),B2B,CCIB Annuaire,,Actif,2026-06-29T00:14:35.891423,basse
BJ-82BFD2AF,Académie Excellence,Éducation & Formation,Kétou,+229 32 83 17 85,académie.excellence@académie.excellence.org,,TPE (<10),B2B,CCIB Annuaire,,Actif,2026-06-29T00:14:35.891435,moyenne
BJ-CDD8251E,National Academy,Éducation & Formation,Covè,+229 96 89 55 41,,nationalacademy.bj,TPE (<10),B2C,CCIB Annuaire,,Actif,2026-06-29T00:14:35.891452,moyenne
BJ-5E6D6145,École Liberté,Éducation & Formation,Covè,+229 77 48 53 95,école.liberté@école.liberté.benin,écoleliberté.bj,PME (10-50),B2C,CCIB Annuaire,,Actif,2026-06-29T00:14:35.891465,haute
BJ-00C25882,Centre Apprentissage Covè,Éducation & Formation,Covè,+229 21 45 73 87,centre.apprentissage.covè@centre.apprentissage.covè.org,,TPE (<10),B2C,CCIB Annuaire,,Actif,2026-06-29T00:14:35.891482,moyenne
BJ-9A82BFFC,Institut Savoir College Covè,Éducation & Formation,Covè,+229 64 87 17 56,institut.savoir.college.covè@institut.savoir.college.covè.benin,institutsavoircollegecovè.bj,TPE (<10),B2C,CCIB Annuaire,,Actif,2026-06-29T00:14:35.891517,haute
BJ-AAD33FFD,Formation Covè,Éducation & Formation,Covè,+229 60 46 77 96,formation.covè@formation.covè.org,formationcovè.bj,PME (10-50),B2C,CCIB Annuaire,,Actif,2026-06-29T00:14:35.891532,haute
BJ-342AFE66,Lycée National College,Éducation & Formation,Pobè,+229 31 85 36 28,,,PME (10-50),B2C,CCIB Annuaire,,Actif,2026-06-29T00:14:35.891549,basse
BJ-F2C0F906,Centre Protestant Academy,Éducation & Formation,Pobè,+229 95 51 45 71,centre.protestant.academy@centre.protestant.academy.org,centreprotestantacademy.bj,PME (50-200),B2C,CCIB Annuaire,,Actif,2026-06-29T00:14:35.891562,haute
BJ-D05C1142,International School,Éducation & Formation,Pobè,+229 73 32 76 39,international.school@international.school.bj,internationalschool.bj,TPE (<10),B2C,CCIB Annuaire,,Actif,2026-06-29T00:14:35.891578,haute
BJ-C3D679C8,École International,Éducation & Formation,Pobè,+229 86 84 97 33,,écoleinternational.bj,PME (10-50),B2B,CCIB Annuaire,,Actif,2026-06-29T00:14:35.891590,moyenne
BJ-72E17872,Apprentissage,Éducation & Formation,Pobè,+229 22 97 33 21,apprentissage@apprentissage.benin,apprentissage.bj,PME (50-200),B2C,CCIB Annuaire,,Actif,2026-06-29T00:14:35.891602,haute
BJ-16872ECD,École Excellence Sakété,Éducation & Formation,Sakété,+229 71 16 82 80,école.excellence.sakété@école.excellence.sakété.net,écoleexcellencesakété.bj,PME (10-50),B2B,CCIB Annuaire,,Actif,2026-06-29T00:14:35.891622,haute
BJ-61986338,École National Institute,Éducation & Formation,Sakété,+229 36 57 68 41,,écolenationalinstitute.bj,PME (10-50),B2B,CCIB Annuaire,,Actif,2026-06-29T00:14:35.891634,moyenne
BJ-A4CE2A49,Lycée Privé School,Éducation & Formation,Sakété,+229 44 23 67 75,lycée.privé.school@lycée.privé.school.net,lycéeprivéschool.bj,TPE (<10),B2B,CCIB Annuaire,,Actif,2026-06-29T00:14:35.891648,haute
BJ-AA92D200,International Academy,Éducation & Formation,Sakété,+229 93 97 63 42,,,TPE (<10),B2C,CCIB Annuaire,,Actif,2026-06-29T00:14:35.891662,basse
BJ-898356CC,Privé College,Éducation & Formation,Sakété,+229 26 10 44 84,privé.college@privé.college.com,privécollege.bj,PME (10-50),B2C,CCIB Annuaire,,Actif,2026-06-29T00:14:35.891677,haute
BJ-DF6C8996,Catholique,Éducation & Formation,Adjara,+229 67 88 32 50,,,TPE (<10),B2B,CCIB Annuaire,,Actif,2026-06-29T00:14:35.891693,basse
BJ-76B8FCDE,Université Liberté École,Éducation & Formation,Adjara,+229 36 59 84 75,université.liberté.école@université.liberté.école.bj,,TPE (<10),B2B,CCIB Annuaire,,Actif,2026-06-29T00:14:35.891709,moyenne
BJ-B9149D93,National School,Éducation & Formation,Adjara,+229 45 16 26 49,national.school@national.school.benin,nationalschool.bj,PME (50-200),B2B,CCIB Annuaire,,Actif,2026-06-29T00:14:35.891721,haute
BJ-D1AE61AA,Université Public School,Éducation & Formation,Adjara,+229 90 30 34 87,université.public.school@université.public.school.org,,PME (10-50),B2C,CCIB Annuaire,,Actif,2026-06-29T00:14:35.891733,moyenne
BJ-3947A8FE,Lycée Privé,Éducation & Formation,Adjara,+229 90 57 22 32,lycée.privé@lycée.privé.com,,TPE (<10),B2C,CCIB Annuaire,,Actif,2026-06-29T00:14:35.891745,moyenne
BJ-01B4E7E1,Institut Savoir,Éducation & Formation,Allada,+229 84 29 85 81,institut.savoir@institut.savoir.org,institutsavoir.bj,PME (50-200),B2C,CCIB Annuaire,,Actif,2026-06-29T00:14:35.891763,haute
BJ-31F45912,Université Éducation,Éducation & Formation,Allada,+229 78 35 13 98,université.éducation@université.éducation.org,universitééducation.bj,TPE (<10),B2B,CCIB Annuaire,,Actif,2026-06-29T00:14:35.891777,haute
BJ-86397FD4,International,Éducation & Formation,Allada,+229 59 64 61 34,international@international.bj,,TPE (<10),B2B,CCIB Annuaire,,Actif,2026-06-29T00:14:35.891788,moyenne
BJ-F8A00CA2,Protestant Bénin Allada,Éducation & Formation,Allada,+229 49 38 23 12,protestant.bénin.allada@protestant.bénin.allada.net,protestantbéninallada.bj,Grande (>200),B2B,CCIB Annuaire,,Actif,2026-06-29T00:14:35.891805,haute
BJ-6FB5F20C,Éducation Institute,Éducation & Formation,Allada,+229 63 89 65 58,éducation.institute@éducation.institute.net,,PME (10-50),B2B,CCIB Annuaire,,Actif,2026-06-29T00:14:35.891818,moyenne
BJ-52346D79,Protestant School Aplahoué,Éducation & Formation,Aplahoué,+229 89 33 88 25,protestant.school.aplahoué@protestant.school.aplahoué.benin,protestantschoolaplahoué.bj,TPE (<10),B2C,CCIB Annuaire,,Actif,2026-06-29T00:14:35.891837,haute
BJ-EB087929,International University,Éducation & Formation,Aplahoué,+229 28 76 40 17,international.university@international.university.benin,,PME (10-50),B2C,CCIB Annuaire,,Actif,2026-06-29T00:14:35.891852,moyenne
BJ-A9917504,Éducation Bénin,Éducation & Formation,Aplahoué,+229 31 59 12 82,éducation.bénin@éducation.bénin.benin,éducationbénin.bj,Grande (>200),B2B,CCIB Annuaire,,Actif,2026-06-29T00:14:35.891866,haute
BJ-AE454F56,Liberté,Éducation & Formation,Aplahoué,+229 68 18 82 27,,liberté.bj,PME (10-50),B2C,CCIB Annuaire,,Actif,2026-06-29T00:14:35.891877,moyenne
BJ-1A4FBDB8,Institut Formation Academy,Éducation & Formation,Aplahoué,+229 44 99 14 26,,,PME (50-200),B2B,CCIB Annuaire,,Actif,2026-06-29T00:14:35.891896,basse
BJ-20364223,Académie Formation College,Éducation & Formation,Dogbo-Tota,+229 44 83 90 39,académie.formation.college@académie.formation.college.benin,académieformationcollege.bj,PME (10-50),B2C,CCIB Annuaire,,Actif,2026-06-29T00:14:35.891919,haute
BJ-4DFF5710,National,Éducation & Formation,Dogbo-Tota,+229 88 45 44 71,national@national.org,national.bj,TPE (<10),B2C,CCIB Annuaire,,Actif,2026-06-29T00:14:35.891944,haute
BJ-D1F54018,Collège Catholique Dogbo-Tota,Éducation & Formation,Dogbo-Tota,+229 88 83 95 18,collège.catholique.dogbotota@collège.catholique.dogbotota.benin,collègecatholiquedogbotota.bj,PME (50-200),B2B,CCIB Annuaire,,Actif,2026-06-29T00:14:35.891961,haute
BJ-8CF9589B,Collège Savoir University,Éducation & Formation,Dogbo-Tota,+229 46 23 34 64,,collègesavoiruniversity.bj,TPE (<10),B2C,CCIB Annuaire,,Actif,2026-06-29T00:14:35.891973,moyenne
BJ-9E929B58,École Public,Éducation & Formation,Kpomassè,+229 87 17 62 28,,écolepublic.bj,PME (50-200),B2B,CCIB Annuaire,,Actif,2026-06-29T00:14:35.891991,moyenne
BJ-1B8A784D,Institut Éducation Institute,Éducation & Formation,Kpomassè,+229 23 94 85 50,institut.éducation.institute@institut.éducation.institute.bj,institutéducationinstitute.bj,PME (50-200),B2C,CCIB Annuaire,,Actif,2026-06-29T00:14:35.892005,haute
BJ-98EAFF9D,Excellence École,Éducation & Formation,Kpomassè,+229 64 42 65 35,excellence.école@excellence.école.org,,Grande (>200),B2B,CCIB Annuaire,,Actif,2026-06-29T00:14:35.892016,moyenne
BJ-BCE3651A,Académie Protestant Lycée,Éducation & Formation,Kpomassè,+229 21 22 97 21,,académieprotestantlycée.bj,PME (10-50),B2C,CCIB Annuaire,,Actif,2026-06-29T00:14:35.892044,moyenne
BJ-F82FA8FC,Centre Excellence College,Éducation & Formation,Kpomassè,+229 74 77 34 84,centre.excellence.college@centre.excellence.college.com,centreexcellencecollege.bj,PME (50-200),B2B,CCIB Annuaire,,Actif,2026-06-29T00:14:35.892057,haute
BJ-CBFEDFEE,Lycée Connaissance School,Éducation & Formation,Tori-Bossito,+229 66 17 32 27,lycée.connaissance.school@lycée.connaissance.school.benin,lycéeconnaissanceschool.bj,Grande (>200),B2C,CCIB Annuaire,,Actif,2026-06-29T00:14:35.892077,haute
BJ-2E128181,Centre Formation,Éducation & Formation,Tori-Bossito,+229 72 48 64 74,centre.formation@centre.formation.com,centreformation.bj,Grande (>200),B2B,CCIB Annuaire,,Actif,2026-06-29T00:14:35.892089,haute
BJ-C8CBCB5A,Apprentissage,Éducation & Formation,Tori-Bossito,+229 81 84 26 12,apprentissage@apprentissage.net,apprentissage.bj,Grande (>200),B2C,CCIB Annuaire,,Actif,2026-06-29T00:14:35.892123,haute
BJ-9D2087FB,Université Privé,Éducation & Formation,Tori-Bossito,+229 76 18 57 89,université.privé@université.privé.bj,universitéprivé.bj,PME (50-200),B2B,CCIB Annuaire,,Actif,2026-06-29T00:14:35.892136,haute
BJ-03AABE49,Liberté,Éducation & Formation,Grand-Popo,+229 63 70 88 55,,liberté.bj,Grande (>200),B2C,CCIB Annuaire,,Actif,2026-06-29T00:14:35.892153,moyenne
BJ-50633DA0,Université Protestant Grand-Popo,Éducation & Formation,Grand-Popo,+229 91 18 87 57,université.protestant.grandpopo@université.protestant.grandpopo.net,universitéprotestantgrandpopo.bj,PME (50-200),B2B,CCIB Annuaire,,Actif,2026-06-29T00:14:35.892166,haute
BJ-EA052AA4,Formation,Éducation & Formation,Grand-Popo,+229 96 98 34 25,formation@formation.com,,TPE (<10),B2B,CCIB Annuaire,,Actif,2026-06-29T00:14:35.892178,moyenne
BJ-AE8E4CD9,International School,Éducation & Formation,Grand-Popo,+229 76 81 66 43,international.school@international.school.org,,TPE (<10),B2C,CCIB Annuaire,,Actif,2026-06-29T00:14:35.892190,moyenne
BJ-AEB7C036,International Academy,Éducation & Formation,Grand-Popo,+229 53 57 73 18,,internationalacademy.bj,TPE (<10),B2C,CCIB Annuaire,,Actif,2026-06-29T00:14:35.892201,moyenne
BJ-C8A93891,Centre Catholique University,Éducation & Formation,Athiémé,+229 99 22 77 38,,centrecatholiqueuniversity.bj,TPE (<10),B2B,CCIB Annuaire,,Actif,2026-06-29T00:14:35.892221,moyenne
BJ-DB2C43D6,Collège International Lycée,Éducation & Formation,Athiémé,+229 71 91 61 67,collège.international.lycée@collège.international.lycée.org,collègeinternationallycée.bj,TPE (<10),B2C,CCIB Annuaire,,Actif,2026-06-29T00:14:35.892235,haute
BJ-EFDA4954,Éducation University Athiémé,Éducation & Formation,Athiémé,+229 58 81 65 14,éducation.university.athiémé@éducation.university.athiémé.bj,éducationuniversityathiémé.bj,Grande (>200),B2B,CCIB Annuaire,,Actif,2026-06-29T00:14:35.892248,haute
BJ-D7EB653D,Éducation,Éducation & Formation,Athiémé,+229 79 79 77 47,éducation@éducation.net,,TPE (<10),B2C,CCIB Annuaire,,Actif,2026-06-29T00:14:35.892263,moyenne
BJ-F485DC42,Développement Athiémé,Éducation & Formation,Athiémé,+229 20 49 12 64,développement.athiémé@développement.athiémé.benin,développementathiémé.bj,TPE (<10),B2B,CCIB Annuaire,,Actif,2026-06-29T00:14:35.892277,haute
BJ-6E37E0AF,Université Excellence,Éducation & Formation,Bopa,+229 58 18 16 80,université.excellence@université.excellence.benin,universitéexcellence.bj,PME (50-200),B2C,CCIB Annuaire,,Actif,2026-06-29T00:14:35.892295,haute
BJ-3E884F54,Excellence Academy,Éducation & Formation,Bopa,+229 60 18 60 21,excellence.academy@excellence.academy.benin,excellenceacademy.bj,Grande (>200),B2C,CCIB Annuaire,,Actif,2026-06-29T00:14:35.892307,haute
BJ-2709C458,Centre Savoir Bénin,Éducation & Formation,Bopa,+229 98 94 84 19,centre.savoir.bénin@centre.savoir.bénin.org,centresavoirbénin.bj,PME (50-200),B2C,CCIB Annuaire,,Actif,2026-06-29T00:14:35.892320,haute
BJ-E4175777,Privé University,Éducation & Formation,Bopa,+229 34 98 45 54,,,PME (10-50),B2B,CCIB Annuaire,,Actif,2026-06-29T00:14:35.892330,basse
BJ-5B3E1532,International,Éducation & Formation,Bopa,+229 93 95 43 30,international@international.org,international.bj,PME (10-50),B2C,CCIB Annuaire,,Actif,2026-06-29T00:14:35.892342,haute
BJ-EE23C978,Liberté Houéyogbé,Éducation & Formation,Houéyogbé,+229 93 39 43 17,,libertéhouéyogbé.bj,PME (10-50),B2C,CCIB Annuaire,,Actif,2026-06-29T00:14:35.892360,moyenne
BJ-8497D1D8,Lycée Protestant Houéyogbé,Éducation & Formation,Houéyogbé,+229 38 39 19 85,lycée.protestant.houéyogbé@lycée.protestant.houéyogbé.org,lycéeprotestanthouéyogbé.bj,PME (10-50),B2B,CCIB Annuaire,,Actif,2026-06-29T00:14:35.892377,haute
BJ-E4960941,National Institute,Éducation & Formation,Houéyogbé,+229 71 64 37 94,national.institute@national.institute.benin,nationalinstitute.bj,TPE (<10),B2B,CCIB Annuaire,,Actif,2026-06-29T00:14:35.892393,haute
BJ-2950054A,International,Éducation & Formation,Houéyogbé,+229 79 33 65 80,international@international.net,international.bj,PME (50-200),B2B,CCIB Annuaire,,Actif,2026-06-29T00:14:35.892408,haute
BJ-C3BC8D10,Lycée Apprentissage,Éducation & Formation,Houéyogbé,+229 66 96 36 53,lycée.apprentissage@lycée.apprentissage.benin,lycéeapprentissage.bj,TPE (<10),B2B,CCIB Annuaire,,Actif,2026-06-29T00:14:35.892420,haute
BJ-77B11412,Protestant École Malanville,Éducation & Formation,Malanville,+229 83 93 15 63,protestant.école.malanville@protestant.école.malanville.benin,protestantécolemalanville.bj,TPE (<10),B2B,CCIB Annuaire,,Actif,2026-06-29T00:14:35.892439,haute
BJ-BD424F04,Connaissance,Éducation & Formation,Malanville,+229 25 92 64 33,connaissance@connaissance.benin,,Grande (>200),B2B,CCIB Annuaire,,Actif,2026-06-29T00:14:35.892451,moyenne
BJ-4F9C19D6,Centre National Lycée,Éducation & Formation,Malanville,+229 90 13 32 58,,centrenationallycée.bj,TPE (<10),B2B,CCIB Annuaire,,Actif,2026-06-29T00:14:35.892468,moyenne
BJ-7BE9FACB,Académie Liberté Lycée,Éducation & Formation,Malanville,+229 91 75 55 95,académie.liberté.lycée@académie.liberté.lycée.org,,TPE (<10),B2B,CCIB Annuaire,,Actif,2026-06-29T00:14:35.892480,moyenne
BJ-37A9CE13,Liberté Bénin,Éducation & Formation,Malanville,+229 38 89 50 23,,libertébénin.bj,PME (10-50),B2C,CCIB Annuaire,,Actif,2026-06-29T00:14:35.892492,moyenne
BJ-09DFFA43,Lycée Privé Institute,Éducation & Formation,Kandi,+229 50 54 92 34,lycée.privé.institute@lycée.privé.institute.org,,TPE (<10),B2C,CCIB Annuaire,,Actif,2026-06-29T00:14:35.892510,moyenne
BJ-EE40020F,Connaissance School,Éducation & Formation,Kandi,+229 65 39 28 43,connaissance.school@connaissance.school.benin,connaissanceschool.bj,TPE (<10),B2C,CCIB Annuaire,,Actif,2026-06-29T00:14:35.892522,haute
BJ-03573D71,Centre Formation,Éducation & Formation,Kandi,+229 78 12 32 63,centre.formation@centre.formation.net,centreformation.bj,PME (10-50),B2B,CCIB Annuaire,,Actif,2026-06-29T00:14:35.892534,haute
BJ-BDAA4F3F,Centre Liberté,Éducation & Formation,Kandi,+229 62 94 26 21,centre.liberté@centre.liberté.benin,centreliberté.bj,PME (50-200),B2B,CCIB Annuaire,,Actif,2026-06-29T00:14:35.892550,haute
BJ-54DE8F05,Public University Banikoara,Éducation & Formation,Banikoara,+229 26 91 34 86,public.university.banikoara@public.university.banikoara.com,publicuniversitybanikoara.bj,TPE (<10),B2B,CCIB Annuaire,,Actif,2026-06-29T00:14:35.892580,haute
BJ-5F54CE23,Académie National Academy Banikoara,Éducation & Formation,Banikoara,+229 53 56 33 91,académie.national.academy.banikoara@académie.national.academy.banikoara.benin,académienationalacademybanikoara.bj,PME (10-50),B2C,CCIB Annuaire,,Actif,2026-06-29T00:14:35.892595,haute
BJ-05ED8B04,Connaissance,Éducation & Formation,Banikoara,+229 50 95 78 80,connaissance@connaissance.com,connaissance.bj,TPE (<10),B2B,CCIB Annuaire,,Actif,2026-06-29T00:14:35.892606,haute
BJ-99FF7473,Liberté,Éducation & Formation,Banikoara,+229 61 56 57 82,liberté@liberté.org,liberté.bj,TPE (<10),B2B,CCIB Annuaire,,Actif,2026-06-29T00:14:35.892622,haute
BJ-363A9056,Liberté Academy,Éducation & Formation,Banikoara,+229 30 65 55 89,liberté.academy@liberté.academy.bj,libertéacademy.bj,TPE (<10),B2B,CCIB Annuaire,,Actif,2026-06-29T00:14:35.892637,haute
BJ-061131D4,Institut Protestant,Éducation & Formation,Ségbana,+229 46 91 62 71,institut.protestant@institut.protestant.net,institutprotestant.bj,TPE (<10),B2B,CCIB Annuaire,,Actif,2026-06-29T00:14:35.892655,haute
BJ-6D5868D7,Excellence,Éducation & Formation,Ségbana,+229 36 40 15 70,excellence@excellence.org,excellence.bj,PME (10-50),B2B,CCIB Annuaire,,Actif,2026-06-29T00:14:35.892667,haute
BJ-06E03C8C,Public College,Éducation & Formation,Ségbana,+229 52 50 49 75,public.college@public.college.benin,publiccollege.bj,TPE (<10),B2B,CCIB Annuaire,,Actif,2026-06-29T00:14:35.892680,haute
BJ-FF997099,Centre Apprentissage,Éducation & Formation,Ségbana,+229 20 80 37 94,,,TPE (<10),B2C,CCIB Annuaire,,Actif,2026-06-29T00:14:35.892705,basse
BJ-339A533C,Liberté,Éducation & Formation,Karimama,+229 68 93 39 76,liberté@liberté.benin,liberté.bj,Grande (>200),B2C,CCIB Annuaire,,Actif,2026-06-29T00:14:35.892724,haute
BJ-CDF39FC0,Lycée National Academy,Éducation & Formation,Karimama,+229 96 11 82 65,,,TPE (<10),B2C,CCIB Annuaire,,Actif,2026-06-29T00:14:35.892734,basse
BJ-48F996E0,Apprentissage,Éducation & Formation,Karimama,+229 84 89 18 27,apprentissage@apprentissage.benin,apprentissage.bj,TPE (<10),B2C,CCIB Annuaire,,Actif,2026-06-29T00:14:35.892746,haute
BJ-18BC049B,Lycée Savoir,Éducation & Formation,Karimama,+229 43 39 77 53,,lycéesavoir.bj,Grande (>200),B2B,CCIB Annuaire,,Actif,2026-06-29T00:14:35.892763,moyenne
BJ-D950E9C2,Savoir Karimama,Éducation & Formation,Karimama,+229 55 93 75 84,savoir.karimama@savoir.karimama.com,savoirkarimama.bj,TPE (<10),B2B,CCIB Annuaire,,Actif,2026-06-29T00:14:35.892775,haute
BJ-5F2E677F,Formation College,Éducation & Formation,Gogounou,+229 88 44 15 62,formation.college@formation.college.com,,TPE (<10),B2B,CCIB Annuaire,,Actif,2026-06-29T00:14:35.892793,moyenne
BJ-54F94EE9,Académie Apprentissage,Éducation & Formation,Gogounou,+229 72 50 86 82,académie.apprentissage@académie.apprentissage.bj,académieapprentissage.bj,PME (10-50),B2C,CCIB Annuaire,,Actif,2026-06-29T00:14:35.892806,haute
BJ-2E500341,École Connaissance College Gogounou,Éducation & Formation,Gogounou,+229 35 48 55 97,école.connaissance.college.gogounou@école.connaissance.college.gogounou.benin,écoleconnaissancecollegegogounou.bj,TPE (<10),B2B,CCIB Annuaire,,Actif,2026-06-29T00:14:35.892820,haute
BJ-21A21D1D,Liberté Gogounou,Éducation & Formation,Gogounou,+229 93 77 64 25,liberté.gogounou@liberté.gogounou.com,libertégogounou.bj,PME (50-200),B2B,CCIB Annuaire,,Actif,2026-06-29T00:14:35.892835,haute
BJ-10713FE6,Université International,Éducation & Formation,Gogounou,+229 52 35 97 28,université.international@université.international.org,universitéinternational.bj,PME (10-50),B2C,CCIB Annuaire,,Actif,2026-06-29T00:14:35.892848,haute
BJ-F0FB946E,Privé Bénin,Éducation & Formation,Cobly,+229 92 71 19 41,privé.bénin@privé.bénin.bj,privébénin.bj,PME (50-200),B2B,CCIB Annuaire,,Actif,2026-06-29T00:14:35.892870,haute
BJ-8DAC2BC2,Apprentissage School Cobly,Éducation & Formation,Cobly,+229 68 94 91 33,apprentissage.school.cobly@apprentissage.school.cobly.bj,apprentissageschoolcobly.bj,PME (50-200),B2B,CCIB Annuaire,,Actif,2026-06-29T00:14:35.892884,haute
BJ-1E6F49ED,Lycée National,Éducation & Formation,Cobly,+229 89 53 11 88,lycée.national@lycée.national.benin,lycéenational.bj,TPE (<10),B2C,CCIB Annuaire,,Actif,2026-06-29T00:14:35.892911,haute
BJ-C1C2C900,Lycée Excellence,Éducation & Formation,Cobly,+229 66 54 63 36,lycée.excellence@lycée.excellence.benin,lycéeexcellence.bj,PME (50-200),B2C,CCIB Annuaire,,Actif,2026-06-29T00:14:35.892924,haute
BJ-CF68A5D5,National École,Éducation & Formation,Cobly,+229 47 22 42 20,national.école@national.école.com,nationalécole.bj,PME (50-200),B2B,CCIB Annuaire,,Actif,2026-06-29T00:14:35.892937,haute
BJ-3AB585F5,Privé,Éducation & Formation,Tanguiéta,+229 43 59 35 86,,privé.bj,PME (10-50),B2C,CCIB Annuaire,,Actif,2026-06-29T00:14:35.892954,moyenne
BJ-25100700,Liberté School,Éducation & Formation,Tanguiéta,+229 26 14 37 25,liberté.school@liberté.school.org,libertéschool.bj,Grande (>200),B2B,CCIB Annuaire,,Actif,2026-06-29T00:14:35.892971,haute
BJ-55257929,Institut Liberté,Éducation & Formation,Tanguiéta,+229 80 53 91 28,institut.liberté@institut.liberté.com,institutliberté.bj,TPE (<10),B2C,CCIB Annuaire,,Actif,2026-06-29T00:14:35.892984,haute
BJ-7F7CFE7D,Collège Liberté,Éducation & Formation,Tanguiéta,+229 32 17 70 60,collège.liberté@collège.liberté.bj,collègeliberté.bj,TPE (<10),B2B,CCIB Annuaire,,Actif,2026-06-29T00:14:35.893000,haute
BJ-3A2537F4,Académie Formation,Éducation & Formation,Tanguiéta,+229 59 92 17 46,académie.formation@académie.formation.bj,,TPE (<10),B2B,CCIB Annuaire,,Actif,2026-06-29T00:14:35.893019,moyenne
BJ-07B03171,Centre Éducation University,Éducation & Formation,Matéri,+229 53 43 39 34,centre.éducation.university@centre.éducation.university.org,centreéducationuniversity.bj,TPE (<10),B2B,CCIB Annuaire,,Actif,2026-06-29T00:14:35.893074,haute
BJ-EED55699,Éducation School,Éducation & Formation,Matéri,+229 86 87 44 10,éducation.school@éducation.school.bj,éducationschool.bj,PME (50-200),B2C,CCIB Annuaire,,Actif,2026-06-29T00:14:35.893105,haute
BJ-6F590F8A,École Catholique Bénin,Éducation & Formation,Matéri,+229 43 43 98 42,école.catholique.bénin@école.catholique.bénin.benin,écolecatholiquebénin.bj,PME (50-200),B2B,CCIB Annuaire,,Actif,2026-06-29T00:14:35.893139,haute
BJ-6937B44F,Éducation,Éducation & Formation,Matéri,+229 37 20 66 21,,,TPE (<10),B2C,CCIB Annuaire,,Actif,2026-06-29T00:14:35.893153,basse
BJ-AF0D1ACA,Collège Public University,Éducation & Formation,Natitingou,+229 44 24 67 34,,collègepublicuniversity.bj,Grande (>200),B2B,CCIB Annuaire,,Actif,2026-06-29T00:14:35.893189,moyenne
BJ-09304FC7,Catholique Institute,Éducation & Formation,Natitingou,+229 97 46 26 24,catholique.institute@catholique.institute.org,catholiqueinstitute.bj,PME (50-200),B2B,CCIB Annuaire,,Actif,2026-06-29T00:14:35.893202,haute
BJ-FB84C6F0,École Éducation École,Éducation & Formation,Natitingou,+229 47 80 86 59,,,PME (10-50),B2C,CCIB Annuaire,,Actif,2026-06-29T00:14:35.893233,basse
BJ-B782A632,Public,Éducation & Formation,Natitingou,+229 93 99 66 83,public@public.benin,public.bj,PME (10-50),B2B,CCIB Annuaire,,Actif,2026-06-29T00:14:35.893253,haute
BJ-06FBC013,Université Privé,Éducation & Formation,Natitingou,+229 74 97 40 40,université.privé@université.privé.org,universitéprivé.bj,PME (50-200),B2C,CCIB Annuaire,,Actif,2026-06-29T00:14:35.893267,haute
BJ-13249373,Éducation,Éducation & Formation,Toucountouna,+229 94 47 62 31,éducation@éducation.bj,éducation.bj,PME (50-200),B2C,CCIB Annuaire,,Actif,2026-06-29T00:14:35.893286,haute
BJ-876F7338,Institut Liberté,Éducation & Formation,Toucountouna,+229 27 44 72 37,,institutliberté.bj,PME (10-50),B2C,CCIB Annuaire,,Actif,2026-06-29T00:14:35.893309,moyenne
BJ-41D63618,Savoir University Toucountouna,Éducation & Formation,Toucountouna,+229 90 93 74 44,savoir.university.toucountouna@savoir.university.toucountouna.bj,,TPE (<10),B2B,CCIB Annuaire,,Actif,2026-06-29T00:14:35.893336,moyenne
BJ-6881DD05,Lycée Éducation,Éducation & Formation,Boukoumbé,+229 93 85 21 45,,lycéeéducation.bj,TPE (<10),B2C,CCIB Annuaire,,Actif,2026-06-29T00:14:35.893354,moyenne
BJ-B23F6106,Catholique Boukoumbé,Éducation & Formation,Boukoumbé,+229 27 14 29 20,,catholiqueboukoumbé.bj,PME (50-200),B2B,CCIB Annuaire,,Actif,2026-06-29T00:14:35.893366,moyenne
BJ-D66DC848,Université Savoir University Boukoumbé,Éducation & Formation,Boukoumbé,+229 56 34 25 83,université.savoir.university.boukoumbé@université.savoir.university.boukoumbé.com,,PME (50-200),B2C,CCIB Annuaire,,Actif,2026-06-29T00:14:35.893380,moyenne
BJ-3CC36086,Lycée International,Éducation & Formation,Boukoumbé,+229 60 12 75 58,lycée.international@lycée.international.com,lycéeinternational.bj,PME (10-50),B2B,CCIB Annuaire,,Actif,2026-06-29T00:14:35.893396,haute
BJ-A2DF3693,Privé École,Éducation & Formation,Boukoumbé,+229 97 21 39 68,privé.école@privé.école.org,privéécole.bj,PME (10-50),B2C,CCIB Annuaire,,Actif,2026-06-29T00:14:35.893411,haute
BJ-E5265F43,Institut Formation School,Éducation & Formation,Kouandé,+229 91 89 53 82,institut.formation.school@institut.formation.school.bj,institutformationschool.bj,PME (50-200),B2B,CCIB Annuaire,,Actif,2026-06-29T00:14:35.893430,haute
BJ-F54E3AC4,Centre Développement,Éducation & Formation,Kouandé,+229 63 11 39 20,centre.développement@centre.développement.com,centredéveloppement.bj,PME (10-50),B2C,CCIB Annuaire,,Actif,2026-06-29T00:14:35.893444,haute
BJ-2B171313,Savoir Institute,Éducation & Formation,Kouandé,+229 55 62 25 68,,savoirinstitute.bj,TPE (<10),B2B,CCIB Annuaire,,Actif,2026-06-29T00:14:35.893455,moyenne
BJ-1D0A3451,Institut Connaissance University,Éducation & Formation,Kouandé,+229 36 34 67 13,institut.connaissance.university@institut.connaissance.university.benin,,PME (50-200),B2B,CCIB Annuaire,,Actif,2026-06-29T00:14:35.893468,moyenne
BJ-0CD785CB,Éducation College,Éducation & Formation,Kouandé,+229 58 97 13 13,éducation.college@éducation.college.com,éducationcollege.bj,PME (50-200),B2C,CCIB Annuaire,,Actif,2026-06-29T00:14:35.893488,haute
BJ-88CF79DD,Université Apprentissage Lycée,Éducation & Formation,Péhunco,+229 76 88 59 54,université.apprentissage.lycée@université.apprentissage.lycée.com,,TPE (<10),B2B,CCIB Annuaire,,Actif,2026-06-29T00:14:35.893507,moyenne
BJ-75608D21,Excellence College,Éducation & Formation,Péhunco,+229 48 51 17 93,excellence.college@excellence.college.com,excellencecollege.bj,TPE (<10),B2B,CCIB Annuaire,,Actif,2026-06-29T00:14:35.893520,haute
BJ-BA6CE800,Lycée Éducation School,Éducation & Formation,Péhunco,+229 96 11 26 98,,lycéeéducationschool.bj,PME (10-50),B2C,CCIB Annuaire,,Actif,2026-06-29T00:14:35.893536,moyenne
BJ-B4C2E19A,Apprentissage Institute Péhunco,Éducation & Formation,Péhunco,+229 84 92 19 24,apprentissage.institute.péhunco@apprentissage.institute.péhunco.com,apprentissageinstitutepéhunco.bj,TPE (<10),B2C,CCIB Annuaire,,Actif,2026-06-29T00:14:35.893553,haute
BJ-810E44BB,Collège Excellence École,Éducation & Formation,Péhunco,+229 32 61 33 31,collège.excellence.école@collège.excellence.école.bj,collègeexcellenceécole.bj,PME (50-200),B2B,CCIB Annuaire,,Actif,2026-06-29T00:14:35.893570,haute
BJ-E5F5C8D7,Collège Catholique Tchaourou,Éducation & Formation,Tchaourou,+229 20 48 53 81,,collègecatholiquetchaourou.bj,PME (10-50),B2C,CCIB Annuaire,,Actif,2026-06-29T00:14:35.893588,moyenne
BJ-ABA7ACFE,Connaissance École,Éducation & Formation,Tchaourou,+229 51 48 21 16,,connaissanceécole.bj,TPE (<10),B2C,CCIB Annuaire,,Actif,2026-06-29T00:14:35.893600,moyenne
BJ-ABC0B8EE,Privé Tchaourou,Éducation & Formation,Tchaourou,+229 28 23 48 20,,,TPE (<10),B2B,CCIB Annuaire,,Actif,2026-06-29T00:14:35.893611,basse
BJ-98C2D6F1,Institut Privé Academy,Éducation & Formation,Tchaourou,+229 93 83 49 36,,institutprivéacademy.bj,TPE (<10),B2B,CCIB Annuaire,,Actif,2026-06-29T00:14:35.893622,moyenne
BJ-2985B1C1,École International,Éducation & Formation,Tchaourou,+229 25 11 15 57,école.international@école.international.org,écoleinternational.bj,TPE (<10),B2B,CCIB Annuaire,,Actif,2026-06-29T00:14:35.893635,haute
BJ-FF43753D,Collège Catholique,Éducation & Formation,Nikki,+229 59 91 55 98,collège.catholique@collège.catholique.bj,collègecatholique.bj,PME (10-50),B2C,CCIB Annuaire,,Actif,2026-06-29T00:14:35.893670,haute
BJ-F23A2BC9,Centre Formation Bénin,Éducation & Formation,Nikki,+229 77 68 70 27,centre.formation.bénin@centre.formation.bénin.net,,PME (10-50),B2C,CCIB Annuaire,,Actif,2026-06-29T00:14:35.893682,moyenne
BJ-97250CEE,École Apprentissage Institute,Éducation & Formation,Nikki,+229 32 84 13 39,école.apprentissage.institute@école.apprentissage.institute.org,écoleapprentissageinstitute.bj,PME (50-200),B2B,CCIB Annuaire,,Actif,2026-06-29T00:14:35.893701,haute
BJ-F6CD52DF,Académie Connaissance College,Éducation & Formation,Nikki,+229 38 36 64 28,académie.connaissance.college@académie.connaissance.college.org,académieconnaissancecollege.bj,TPE (<10),B2B,CCIB Annuaire,,Actif,2026-06-29T00:14:35.893714,haute
BJ-A94122E1,Lycée International Lycée,Éducation & Formation,Bembéréké,+229 31 59 77 37,,,TPE (<10),B2C,CCIB Annuaire,,Actif,2026-06-29T00:14:35.893731,basse
BJ-3E1863B0,Catholique École,Éducation & Formation,Bembéréké,+229 47 63 90 90,catholique.école@catholique.école.benin,,Grande (>200),B2B,CCIB Annuaire,,Actif,2026-06-29T00:14:35.893743,moyenne
BJ-50A53C53,Protestant Bénin,Éducation & Formation,Bembéréké,+229 33 69 92 33,protestant.bénin@protestant.bénin.com,protestantbénin.bj,TPE (<10),B2C,CCIB Annuaire,,Actif,2026-06-29T00:14:35.893755,haute
BJ-A1CB48E7,International Bénin,Éducation & Formation,Bembéréké,+229 94 47 25 40,,internationalbénin.bj,TPE (<10),B2B,CCIB Annuaire,,Actif,2026-06-29T00:14:35.893768,moyenne
BJ-E781E24B,Collège Savoir,Éducation & Formation,Bembéréké,+229 42 24 52 97,collège.savoir@collège.savoir.com,collègesavoir.bj,PME (10-50),B2C,CCIB Annuaire,,Actif,2026-06-29T00:14:35.893781,haute
BJ-3165ED32,Lycée National,Éducation & Formation,Kalalé,+229 81 94 85 65,lycée.national@lycée.national.org,,TPE (<10),B2C,CCIB Annuaire,,Actif,2026-06-29T00:14:35.893801,moyenne
BJ-BFB0B60D,Apprentissage Bénin,Éducation & Formation,Kalalé,+229 80 28 82 29,,,TPE (<10),B2B,CCIB Annuaire,,Actif,2026-06-29T00:14:35.893813,basse
BJ-C2CDE78E,Lycée Protestant Lycée,Éducation & Formation,Kalalé,+229 74 72 72 15,lycée.protestant.lycée@lycée.protestant.lycée.org,,TPE (<10),B2B,CCIB Annuaire,,Actif,2026-06-29T00:14:35.893834,moyenne
BJ-E41C0CC9,Liberté University,Éducation & Formation,Kalalé,+229 28 13 28 77,liberté.university@liberté.university.bj,libertéuniversity.bj,PME (50-200),B2B,CCIB Annuaire,,Actif,2026-06-29T00:14:35.893851,haute
BJ-CFFCCE4B,Catholique Bénin Kalalé,Éducation & Formation,Kalalé,+229 49 83 14 17,catholique.bénin.kalalé@catholique.bénin.kalalé.com,catholiquebéninkalalé.bj,TPE (<10),B2B,CCIB Annuaire,,Actif,2026-06-29T00:14:35.893865,haute
BJ-FFA582C3,Centre National,Éducation & Formation,Ndali,+229 53 91 93 39,centre.national@centre.national.com,,PME (50-200),B2C,CCIB Annuaire,,Actif,2026-06-29T00:14:35.893883,moyenne
BJ-86E860BF,Centre Formation Ndali,Éducation & Formation,Ndali,+229 93 44 24 65,,centreformationndali.bj,TPE (<10),B2B,CCIB Annuaire,,Actif,2026-06-29T00:14:35.893909,moyenne
BJ-FA22CB6A,Formation,Éducation & Formation,Ndali,+229 22 36 70 63,formation@formation.benin,formation.bj,PME (10-50),B2B,CCIB Annuaire,,Actif,2026-06-29T00:14:35.893922,haute
BJ-58CEC844,Lycée Développement,Éducation & Formation,Ndali,+229 31 45 80 77,,lycéedéveloppement.bj,TPE (<10),B2B,CCIB Annuaire,,Actif,2026-06-29T00:14:35.893935,moyenne
BJ-7AE2BAAB,Lycée Catholique Ndali,Éducation & Formation,Ndali,+229 91 15 64 37,lycée.catholique.ndali@lycée.catholique.ndali.bj,lycéecatholiquendali.bj,PME (10-50),B2B,CCIB Annuaire,,Actif,2026-06-29T00:14:35.893947,haute
BJ-A75BD833,Éducation Lycée Ségbana,Éducation & Formation,Ségbana,+229 23 17 17 80,éducation.lycée.ségbana@éducation.lycée.ségbana.bj,éducationlycéeségbana.bj,TPE (<10),B2C,CCIB Annuaire,,Actif,2026-06-29T00:14:35.893968,haute
BJ-D64D2A17,Protestant École,Éducation & Formation,Ségbana,+229 21 98 15 28,,protestantécole.bj,TPE (<10),B2C,CCIB Annuaire,,Actif,2026-06-29T00:14:35.893979,moyenne
BJ-38FF9110,Catholique Ségbana,Éducation & Formation,Ségbana,+229 82 13 34 75,catholique.ségbana@catholique.ségbana.bj,catholiqueségbana.bj,PME (50-200),B2C,CCIB Annuaire,,Actif,2026-06-29T00:14:35.893992,haute
BJ-C5EA67B9,Université National Bénin,Éducation & Formation,Ségbana,+229 91 98 59 64,université.national.bénin@université.national.bénin.bj,universiténationalbénin.bj,TPE (<10),B2B,CCIB Annuaire,,Actif,2026-06-29T00:14:35.894009,haute
BJ-37760BB6,Académie Éducation Ségbana,Éducation & Formation,Ségbana,+229 44 90 80 99,,académieéducationségbana.bj,TPE (<10),B2B,CCIB Annuaire,,Actif,2026-06-29T00:14:35.894021,moyenne
BJ-DFFF2FE9,Excellence Lycée,Éducation & Formation,Tchaourou,+229 81 55 20 60,excellence.lycée@excellence.lycée.benin,,TPE (<10),B2C,CCIB Annuaire,,Actif,2026-06-29T00:14:35.894040,moyenne
BJ-D0B259B5,Excellence School,Éducation & Formation,Tchaourou,+229 30 87 68 70,,excellenceschool.bj,PME (10-50),B2C,CCIB Annuaire,,Actif,2026-06-29T00:14:35.894051,moyenne
BJ-EEE1A876,Lycée Protestant,Éducation & Formation,Tchaourou,+229 92 73 32 69,lycée.protestant@lycée.protestant.com,lycéeprotestant.bj,TPE (<10),B2C,CCIB Annuaire,,Actif,2026-06-29T00:14:35.894064,haute
BJ-635DCED5,Académie Apprentissage,Éducation & Formation,Bétérou,+229 72 63 77 89,,,PME (50-200),B2C,CCIB Annuaire,,Actif,2026-06-29T00:14:35.894107,basse
BJ-C2F63770,Éducation Bétérou,Éducation & Formation,Bétérou,+229 30 47 44 14,éducation.bétérou@éducation.bétérou.com,,PME (50-200),B2C,CCIB Annuaire,,Actif,2026-06-29T00:14:35.894120,moyenne
BJ-147A711C,Lycée Savoir University,Éducation & Formation,Bétérou,+229 89 47 46 68,,lycéesavoiruniversity.bj,PME (50-200),B2C,CCIB Annuaire,,Actif,2026-06-29T00:14:35.894132,moyenne
BJ-A3152456,Institut Excellence Institute,Éducation & Formation,Bétérou,+229 26 93 85 41,institut.excellence.institute@institut.excellence.institute.benin,,TPE (<10),B2B,CCIB Annuaire,,Actif,2026-06-29T00:14:35.894147,moyenne
BJ-9CAE3EDF,Centre Développement,Éducation & Formation,Bétérou,+229 81 21 68 29,centre.développement@centre.développement.net,,PME (10-50),B2C,CCIB Annuaire,,Actif,2026-06-29T00:14:35.894163,moyenne
BJ-BDA65C53,Université Catholique,Éducation & Formation,Ouessè,+229 73 11 30 83,université.catholique@université.catholique.com,universitécatholique.bj,PME (10-50),B2C,CCIB Annuaire,,Actif,2026-06-29T00:14:35.894182,haute
BJ-5D4FEDC7,International University,Éducation & Formation,Ouessè,+229 82 88 53 29,international.university@international.university.com,internationaluniversity.bj,PME (50-200),B2B,CCIB Annuaire,,Actif,2026-06-29T00:14:35.894195,haute
BJ-DD713E16,École National Academy,Éducation & Formation,Ouessè,+229 73 51 48 61,école.national.academy@école.national.academy.com,écolenationalacademy.bj,TPE (<10),B2C,CCIB Annuaire,,Actif,2026-06-29T00:14:35.894208,haute
BJ-8C2FE773,Centre Protestant,Éducation & Formation,Ouessè,+229 71 74 44 25,centre.protestant@centre.protestant.net,centreprotestant.bj,TPE (<10),B2C,CCIB Annuaire,,Actif,2026-06-29T00:14:35.894220,haute
BJ-4E553731,Collège Excellence Ouessè,Éducation & Formation,Ouessè,+229 81 54 27 99,collège.excellence.ouessè@collège.excellence.ouessè.org,collègeexcellenceouessè.bj,TPE (<10),B2B,CCIB Annuaire,,Actif,2026-06-29T00:14:35.894233,haute
BJ-49D05830,Public Institute,Éducation & Formation,Glazoué,+229 38 48 65 95,public.institute@public.institute.net,publicinstitute.bj,PME (50-200),B2C,CCIB Annuaire,,Actif,2026-06-29T00:14:35.894251,haute
BJ-11E32BAB,Centre Connaissance College,Éducation & Formation,Glazoué,+229 34 35 56 64,centre.connaissance.college@centre.connaissance.college.bj,centreconnaissancecollege.bj,PME (10-50),B2C,CCIB Annuaire,,Actif,2026-06-29T00:14:35.894264,haute
BJ-9F8F9E15,Collège Développement Lycée Glazoué,Éducation & Formation,Glazoué,+229 94 80 59 75,collège.développement.lycée.glazoué@collège.développement.lycée.glazoué.net,collègedéveloppementlycéeglazoué.bj,TPE (<10),B2B,CCIB Annuaire,,Actif,2026-06-29T00:14:35.894277,haute
BJ-8066F0A5,Savoir Glazoué,Éducation & Formation,Glazoué,+229 77 88 58 23,savoir.glazoué@savoir.glazoué.com,savoirglazoué.bj,PME (50-200),B2C,CCIB Annuaire,,Actif,2026-06-29T00:14:35.894293,haute
BJ-8A129D61,Savoir Institute,Éducation & Formation,Glazoué,+229 21 92 38 46,,,TPE (<10),B2C,CCIB Annuaire,,Actif,2026-06-29T00:14:35.894306,basse
BJ-D04D1955,Lycée Savoir,Éducation & Formation,Dassa-Zoumè,+229 32 65 94 46,lycée.savoir@lycée.savoir.benin,,Grande (>200),B2C,CCIB Annuaire,,Actif,2026-06-29T00:14:35.894351,moyenne
BJ-511E64DA,Public École,Éducation & Formation,Dassa-Zoumè,+229 26 21 18 30,public.école@public.école.benin,publicécole.bj,TPE (<10),B2C,CCIB Annuaire,,Actif,2026-06-29T00:14:35.894409,haute
BJ-05F5195B,Privé School Dassa-Zoumè,Éducation & Formation,Dassa-Zoumè,+229 93 19 50 95,privé.school.dassazoumè@privé.school.dassazoumè.com,privéschooldassazoumè.bj,Grande (>200),B2C,CCIB Annuaire,,Actif,2026-06-29T00:14:35.894429,haute
BJ-DC4008AA,Privé School,Éducation & Formation,Dassa-Zoumè,+229 44 17 64 28,,privéschool.bj,Grande (>200),B2B,CCIB Annuaire,,Actif,2026-06-29T00:14:35.894441,moyenne
BJ-18FAF085,Académie Formation School Savalou,Éducation & Formation,Savalou,+229 72 56 73 13,académie.formation.school.savalou@académie.formation.school.savalou.bj,,TPE (<10),B2C,CCIB Annuaire,,Actif,2026-06-29T00:14:35.894462,moyenne
BJ-F1625FE3,Académie Connaissance College,Éducation & Formation,Savalou,+229 44 22 13 84,,académieconnaissancecollege.bj,TPE (<10),B2C,CCIB Annuaire,,Actif,2026-06-29T00:14:35.894475,moyenne
BJ-8A7A9B2A,Université Éducation Institute,Éducation & Formation,Savalou,+229 41 39 68 31,université.éducation.institute@université.éducation.institute.org,,PME (10-50),B2C,CCIB Annuaire,,Actif,2026-06-29T00:14:35.894487,moyenne
BJ-F00E6C9C,École Éducation University,Éducation & Formation,Savalou,+229 97 71 34 12,,écoleéducationuniversity.bj,TPE (<10),B2B,CCIB Annuaire,,Actif,2026-06-29T00:14:35.894503,moyenne
BJ-F046BEFD,École Public School,Éducation & Formation,Savalou,+229 35 89 61 87,école.public.school@école.public.school.com,écolepublicschool.bj,TPE (<10),B2B,CCIB Annuaire,,Actif,2026-06-29T00:14:35.894517,haute
BJ-B36FB5AF,Académie Savoir School,Éducation & Formation,Bantè,+229 72 57 65 18,,académiesavoirschool.bj,TPE (<10),B2B,CCIB Annuaire,,Actif,2026-06-29T00:14:35.894535,moyenne
BJ-ECE584D2,Public Bénin,Éducation & Formation,Bantè,+229 72 63 33 94,public.bénin@public.bénin.com,publicbénin.bj,TPE (<10),B2C,CCIB Annuaire,,Actif,2026-06-29T00:14:35.894553,haute
BJ-F413B76E,Université Liberté Bénin,Éducation & Formation,Bantè,+229 96 54 97 56,,universitélibertébénin.bj,PME (50-200),B2C,CCIB Annuaire,,Actif,2026-06-29T00:14:35.894585,moyenne
BJ-F7211F91,Public,Éducation & Formation,Bantè,+229 40 50 73 41,,public.bj,PME (10-50),B2B,CCIB Annuaire,,Actif,2026-06-29T00:14:35.894606,moyenne
BJ-A3AB4986,École Liberté Djougou,Éducation & Formation,Djougou,+229 61 75 88 77,,écolelibertédjougou.bj,TPE (<10),B2B,CCIB Annuaire,,Actif,2026-06-29T00:14:35.894669,moyenne
BJ-263156B2,Centre Développement,Éducation & Formation,Djougou,+229 85 92 63 90,,centredéveloppement.bj,PME (50-200),B2C,CCIB Annuaire,,Actif,2026-06-29T00:14:35.894697,moyenne
BJ-DCF46548,Protestant,Éducation & Formation,Djougou,+229 82 49 37 82,protestant@protestant.net,protestant.bj,PME (10-50),B2C,CCIB Annuaire,,Actif,2026-06-29T00:14:35.894759,haute
BJ-73B6A765,Université Protestant University Djougou,Éducation & Formation,Djougou,+229 34 52 62 50,,,TPE (<10),B2B,CCIB Annuaire,,Actif,2026-06-29T00:14:35.894786,basse
BJ-41661358,Collège Liberté Ouèssè,Éducation & Formation,Ouèssè,+229 27 30 76 64,collège.liberté.ouèssè@collège.liberté.ouèssè.com,collègelibertéouèssè.bj,TPE (<10),B2C,CCIB Annuaire,,Actif,2026-06-29T00:14:35.894825,haute
BJ-C4D7A494,Centre National Academy Ouèssè,Éducation & Formation,Ouèssè,+229 26 87 82 91,centre.national.academy.ouèssè@centre.national.academy.ouèssè.com,centrenationalacademyouèssè.bj,TPE (<10),B2C,CCIB Annuaire,,Actif,2026-06-29T00:14:35.894862,haute
BJ-7ED8189F,Université Protestant,Éducation & Formation,Ouèssè,+229 59 16 51 49,université.protestant@université.protestant.com,universitéprotestant.bj,PME (50-200),B2B,CCIB Annuaire,,Actif,2026-06-29T00:14:35.894905,haute
BJ-746997D0,Apprentissage Academy,Éducation & Formation,Ouèssè,+229 36 19 39 64,apprentissage.academy@apprentissage.academy.net,apprentissageacademy.bj,PME (50-200),B2B,CCIB Annuaire,,Actif,2026-06-29T00:14:35.894938,haute
BJ-0E7257C6,Catholique Ouèssè,Éducation & Formation,Ouèssè,+229 56 39 48 44,catholique.ouèssè@catholique.ouèssè.net,catholiqueouèssè.bj,PME (50-200),B2B,CCIB Annuaire,,Actif,2026-06-29T00:14:35.894967,haute
BJ-B912F658,Excellence,Éducation & Formation,Bassila,+229 64 44 20 19,excellence@excellence.com,excellence.bj,TPE (<10),B2C,CCIB Annuaire,,Actif,2026-06-29T00:14:35.895006,haute
BJ-612C08A0,International,Éducation & Formation,Bassila,+229 71 89 55 96,,,Grande (>200),B2B,CCIB Annuaire,,Actif,2026-06-29T00:14:35.895026,basse
BJ-716277EF,Formation,Éducation & Formation,Bassila,+229 74 55 97 24,formation@formation.com,formation.bj,PME (50-200),B2B,CCIB Annuaire,,Actif,2026-06-29T00:14:35.895048,haute
BJ-4414C268,International Academy,Éducation & Formation,Bassila,+229 90 25 39 52,,internationalacademy.bj,PME (10-50),B2C,CCIB Annuaire,,Actif,2026-06-29T00:14:35.895081,moyenne
BJ-B605E2DE,Lycée Formation École Bassila,Éducation & Formation,Bassila,+229 27 34 13 96,lycée.formation.école.bassila@lycée.formation.école.bassila.org,lycéeformationécolebassila.bj,PME (50-200),B2C,CCIB Annuaire,,Actif,2026-06-29T00:14:35.895117,haute
BJ-067115CC,Centre Liberté Institute,Éducation & Formation,Pehunco,+229 59 24 62 83,centre.liberté.institute@centre.liberté.institute.net,centrelibertéinstitute.bj,TPE (<10),B2B,CCIB Annuaire,,Actif,2026-06-29T00:14:35.895159,haute
BJ-4F9FE0EF,École Excellence,Éducation & Formation,Pehunco,+229 20 78 48 97,,,PME (10-50),B2B,CCIB Annuaire,,Actif,2026-06-29T00:14:35.895187,basse
BJ-EEEAB32F,Éducation College,Éducation & Formation,Pehunco,+229 64 45 67 87,éducation.college@éducation.college.com,éducationcollege.bj,PME (10-50),B2C,CCIB Annuaire,,Actif,2026-06-29T00:14:35.895217,haute
BJ-6C46351F,National Academy,Éducation & Formation,Pehunco,+229 34 34 23 15,national.academy@national.academy.org,nationalacademy.bj,TPE (<10),B2C,CCIB Annuaire,,Actif,2026-06-29T00:14:35.895248,haute
BJ-168368EF,Lycée Protestant,Éducation & Formation,Pehunco,+229 84 23 72 34,lycée.protestant@lycée.protestant.net,lycéeprotestant.bj,PME (50-200),B2C,CCIB Annuaire,,Actif,2026-06-29T00:14:35.895292,haute
BJ-559A729E,Apprentissage,Éducation & Formation,Copargo,+229 49 46 58 70,apprentissage@apprentissage.net,,TPE (<10),B2C,CCIB Annuaire,,Actif,2026-06-29T00:14:35.895339,moyenne
BJ-163F6106,Public Academy,Éducation & Formation,Copargo,+229 58 96 47 50,,publicacademy.bj,TPE (<10),B2C,CCIB Annuaire,,Actif,2026-06-29T00:14:35.895366,moyenne
BJ-B039A8B8,Catholique Lycée,Éducation & Formation,Copargo,+229 24 58 63 91,catholique.lycée@catholique.lycée.benin,catholiquelycée.bj,PME (50-200),B2C,CCIB Annuaire,,Actif,2026-06-29T00:14:35.895410,haute
BJ-8FD1F3C3,Institut International Academy Copargo,Éducation & Formation,Copargo,+229 99 59 92 41,,,TPE (<10),B2B,CCIB Annuaire,,Actif,2026-06-29T00:14:35.895453,basse
BJ-112BA5FC,Formation University,Éducation & Formation,Copargo,+229 60 95 94 81,formation.university@formation.university.net,formationuniversity.bj,TPE (<10),B2B,CCIB Annuaire,,Actif,2026-06-29T00:14:35.895494,haute
BJ-3FCD0F54,Développement Tech Cotonou,Technologie & IT,Cotonou,+229 63 10 92 44,développement.tech.cotonou@développement.tech.cotonou.org,développementtechcotonou.bj,PME (50-200),B2B,CCIB Annuaire,,Actif,2026-06-29T00:14:35.895545,haute
BJ-212F64B6,AI Tech Cotonou,Technologie & IT,Cotonou,+229 67 24 32 89,ai.tech.cotonou@ai.tech.cotonou.benin,aitechcotonou.bj,Grande (>200),B2B,CCIB Annuaire,,Actif,2026-06-29T00:14:35.895578,haute
BJ-94DDC942,Cyber International,Technologie & IT,Cotonou,+229 36 96 25 23,cyber.international@cyber.international.benin,,Grande (>200),B2C,CCIB Annuaire,,Actif,2026-06-29T00:14:35.895609,moyenne
BJ-E3E64EAF,Soft Intelligence Cotonou,Technologie & IT,Cotonou,+229 44 59 52 93,soft.intelligence.cotonou@soft.intelligence.cotonou.com,softintelligencecotonou.bj,TPE (<10),B2C,CCIB Annuaire,,Actif,2026-06-29T00:14:35.895640,haute
BJ-73E2641A,Digital Digital,Technologie & IT,Cotonou,+229 75 38 36 64,digital.digital@digital.digital.benin,digitaldigital.bj,PME (10-50),B2B,CCIB Annuaire,,Actif,2026-06-29T00:14:35.895669,haute
BJ-8A161579,Digital Systems,Technologie & IT,Abomey-Calavi,+229 20 79 18 53,,digitalsystems.bj,PME (10-50),B2C,CCIB Annuaire,,Actif,2026-06-29T00:14:35.895694,moyenne
BJ-E7E48EAC,Intelligence,Technologie & IT,Abomey-Calavi,+229 79 30 13 33,intelligence@intelligence.net,intelligence.bj,PME (10-50),B2B,CCIB Annuaire,,Actif,2026-06-29T00:14:35.895712,haute
BJ-DE45F8FD,Logiciel,Technologie & IT,Abomey-Calavi,+229 40 16 63 56,logiciel@logiciel.org,logiciel.bj,PME (50-200),B2C,CCIB Annuaire,,Actif,2026-06-29T00:14:35.895736,haute
BJ-AC63B572,Tech Digital Solutions Abomey-Calavi,Technologie & IT,Abomey-Calavi,+229 56 66 82 39,tech.digital.solutions.abomeycalavi@tech.digital.solutions.abomeycalavi.org,techdigitalsolutionsabomeycalavi.bj,PME (10-50),B2C,CCIB Annuaire,,Actif,2026-06-29T00:14:35.895787,haute
BJ-1E5943B8,Solution Digital,Technologie & IT,Abomey-Calavi,+229 40 22 48 96,solution.digital@solution.digital.bj,solutiondigital.bj,PME (50-200),B2C,CCIB Annuaire,,Actif,2026-06-29T00:14:35.895810,haute
BJ-51409415,Application Systems,Technologie & IT,Porto-Novo,+229 59 18 71 19,application.systems@application.systems.bj,applicationsystems.bj,PME (50-200),B2B,CCIB Annuaire,,Actif,2026-06-29T00:14:35.895846,haute
BJ-B5B3DC08,Tech Cyber Africa,Technologie & IT,Porto-Novo,+229 93 74 71 13,tech.cyber.africa@tech.cyber.africa.bj,techcyberafrica.bj,TPE (<10),B2B,CCIB Annuaire,,Actif,2026-06-29T00:14:35.895874,haute
BJ-787AACB2,Intelligence,Technologie & IT,Porto-Novo,+229 72 89 34 52,intelligence@intelligence.org,intelligence.bj,TPE (<10),B2B,CCIB Annuaire,,Actif,2026-06-29T00:14:35.895917,haute
BJ-E5DBA527,Développement,Technologie & IT,Porto-Novo,+229 75 96 14 19,développement@développement.org,développement.bj,PME (10-50),B2B,CCIB Annuaire,,Actif,2026-06-29T00:14:35.895942,haute
BJ-A21D657C,Smart Développement,Technologie & IT,Porto-Novo,+229 81 24 55 61,smart.développement@smart.développement.com,,TPE (<10),B2C,CCIB Annuaire,,Actif,2026-06-29T00:14:35.895964,moyenne
BJ-0330C6BB,Solution Soft,Technologie & IT,Parakou,+229 20 64 13 80,solution.soft@solution.soft.benin,,TPE (<10),B2B,CCIB Annuaire,,Actif,2026-06-29T00:14:35.896000,moyenne
BJ-791D0A05,Soft Solution Soft,Technologie & IT,Parakou,+229 55 58 97 19,soft.solution.soft@soft.solution.soft.net,softsolutionsoft.bj,TPE (<10),B2C,CCIB Annuaire,,Actif,2026-06-29T00:14:35.896024,haute
BJ-053A2F8F,Cloud,Technologie & IT,Parakou,+229 85 57 96 98,,cloud.bj,TPE (<10),B2B,CCIB Annuaire,,Actif,2026-06-29T00:14:35.896108,moyenne
BJ-08AAD070,Tech Technologie International,Technologie & IT,Bohicon,+229 66 65 23 40,tech.technologie.international@tech.technologie.international.net,techtechnologieinternational.bj,PME (50-200),B2B,CCIB Annuaire,,Actif,2026-06-29T00:14:35.896165,haute
BJ-0FFE18B2,Application,Technologie & IT,Bohicon,+229 30 79 96 40,application@application.benin,application.bj,Grande (>200),B2C,CCIB Annuaire,,Actif,2026-06-29T00:14:35.896201,haute
BJ-6FC970D3,Développement Bohicon,Technologie & IT,Bohicon,+229 92 16 50 18,développement.bohicon@développement.bohicon.org,,PME (50-200),B2C,CCIB Annuaire,,Actif,2026-06-29T00:14:35.896234,moyenne
BJ-1158C3BF,Solution,Technologie & IT,Bohicon,+229 36 19 47 13,solution@solution.benin,solution.bj,PME (10-50),B2C,CCIB Annuaire,,Actif,2026-06-29T00:14:35.896264,haute
BJ-1371D2D4,Cloud Application Systems,Technologie & IT,Bohicon,+229 63 18 46 53,cloud.application.systems@cloud.application.systems.benin,cloudapplicationsystems.bj,PME (50-200),B2B,CCIB Annuaire,,Actif,2026-06-29T00:14:35.896301,haute
BJ-A1981111,Informatique,Technologie & IT,Natitingou,+229 93 77 33 80,informatique@informatique.benin,informatique.bj,TPE (<10),B2C,CCIB Annuaire,,Actif,2026-06-29T00:14:35.896346,haute
BJ-7D68937D,Digital Informatique Soft,Technologie & IT,Natitingou,+229 49 30 58 12,digital.informatique.soft@digital.informatique.soft.com,,PME (50-200),B2C,CCIB Annuaire,,Actif,2026-06-29T00:14:35.896374,moyenne
BJ-A2C08E19,Technologie,Technologie & IT,Natitingou,+229 92 95 25 36,technologie@technologie.bj,technologie.bj,Grande (>200),B2C,CCIB Annuaire,,Actif,2026-06-29T00:14:35.896420,haute
BJ-43E18EE2,Intelligence,Technologie & IT,Natitingou,+229 52 82 53 93,intelligence@intelligence.bj,intelligence.bj,PME (10-50),B2B,CCIB Annuaire,,Actif,2026-06-29T00:14:35.896455,haute
BJ-C7A1E8C1,Système Tech Natitingou,Technologie & IT,Natitingou,+229 48 68 43 90,système.tech.natitingou@système.tech.natitingou.bj,systèmetechnatitingou.bj,TPE (<10),B2B,CCIB Annuaire,,Actif,2026-06-29T00:14:35.896489,haute
BJ-0A5A3BEE,Cloud Intelligence Solutions,Technologie & IT,Lokossa,+229 75 66 34 56,cloud.intelligence.solutions@cloud.intelligence.solutions.com,cloudintelligencesolutions.bj,Grande (>200),B2C,CCIB Annuaire,,Actif,2026-06-29T00:14:35.896532,haute
BJ-F99CDF45,Network Tech,Technologie & IT,Lokossa,+229 67 33 56 37,network.tech@network.tech.net,networktech.bj,TPE (<10),B2B,CCIB Annuaire,,Actif,2026-06-29T00:14:35.896565,haute
BJ-694BB14C,Cloud International Lokossa,Technologie & IT,Lokossa,+229 29 18 87 46,cloud.international.lokossa@cloud.international.lokossa.com,cloudinternationallokossa.bj,PME (10-50),B2B,CCIB Annuaire,,Actif,2026-06-29T00:14:35.896597,haute
BJ-1250075B,Soft Intelligence Africa,Technologie & IT,Lokossa,+229 89 27 18 27,soft.intelligence.africa@soft.intelligence.africa.org,softintelligenceafrica.bj,TPE (<10),B2C,CCIB Annuaire,,Actif,2026-06-29T00:14:35.896631,haute
BJ-C5DE0CFE,Digital Web,Technologie & IT,Lokossa,+229 88 36 88 16,,digitalweb.bj,TPE (<10),B2C,CCIB Annuaire,,Actif,2026-06-29T00:14:35.896662,moyenne
BJ-874C952A,AI SARL,Technologie & IT,Ouidah,+229 54 75 70 84,ai.sarl@ai.sarl.org,aisarl.bj,PME (50-200),B2C,CCIB Annuaire,,Actif,2026-06-29T00:14:35.896713,haute
BJ-BC3F5759,Cyber Tech Ouidah,Technologie & IT,Ouidah,+229 28 95 82 63,cyber.tech.ouidah@cyber.tech.ouidah.bj,cybertechouidah.bj,Grande (>200),B2B,CCIB Annuaire,,Actif,2026-06-29T00:14:35.896743,haute
BJ-7A534367,Application International,Technologie & IT,Ouidah,+229 26 33 20 65,application.international@application.international.com,applicationinternational.bj,PME (10-50),B2B,CCIB Annuaire,,Actif,2026-06-29T00:14:35.896771,haute
BJ-489A212F,Application Soft,Technologie & IT,Ouidah,+229 51 21 25 77,application.soft@application.soft.com,applicationsoft.bj,TPE (<10),B2B,CCIB Annuaire,,Actif,2026-06-29T00:14:35.896815,haute
BJ-14BE3331,Digital AI,Technologie & IT,Ouidah,+229 23 79 84 25,,digitalai.bj,TPE (<10),B2C,CCIB Annuaire,,Actif,2026-06-29T00:14:35.896845,moyenne
BJ-F4720691,Cloud Application Digital,Technologie & IT,Savalou,+229 25 47 37 36,cloud.application.digital@cloud.application.digital.org,cloudapplicationdigital.bj,TPE (<10),B2B,CCIB Annuaire,,Actif,2026-06-29T00:14:35.896903,haute
BJ-EA2F7100,Data Mobile Systems,Technologie & IT,Savalou,+229 62 79 20 75,data.mobile.systems@data.mobile.systems.bj,datamobilesystems.bj,PME (50-200),B2B,CCIB Annuaire,,Actif,2026-06-29T00:14:35.896939,haute
BJ-A2713059,Network,Technologie & IT,Savalou,+229 66 37 99 26,network@network.bj,network.bj,TPE (<10),B2C,CCIB Annuaire,,Actif,2026-06-29T00:14:35.896978,haute
BJ-260C07BD,Technologie Solutions,Technologie & IT,Savalou,+229 41 60 12 57,technologie.solutions@technologie.solutions.com,technologiesolutions.bj,TPE (<10),B2C,CCIB Annuaire,,Actif,2026-06-29T00:14:35.897013,haute
BJ-1A857872,Informatique Digital Savalou,Technologie & IT,Savalou,+229 41 75 20 32,informatique.digital.savalou@informatique.digital.savalou.net,informatiquedigitalsavalou.bj,PME (50-200),B2B,CCIB Annuaire,,Actif,2026-06-29T00:14:35.897041,haute
BJ-4FA51E73,Mobile Digital,Technologie & IT,Dassa-Zoumè,+229 56 42 66 21,,mobiledigital.bj,TPE (<10),B2B,CCIB Annuaire,,Actif,2026-06-29T00:14:35.897079,moyenne
BJ-8D3B8B31,Network Soft Dassa-Zoumè,Technologie & IT,Dassa-Zoumè,+229 37 21 86 72,,networksoftdassazoumè.bj,PME (50-200),B2B,CCIB Annuaire,,Actif,2026-06-29T00:14:35.897108,moyenne
BJ-9ADAFCAE,Digital Bénin,Technologie & IT,Dassa-Zoumè,+229 56 58 49 64,digital.bénin@digital.bénin.org,digitalbénin.bj,TPE (<10),B2B,CCIB Annuaire,,Actif,2026-06-29T00:14:35.897147,haute
BJ-D0529FE9,Net AI,Technologie & IT,Dassa-Zoumè,+229 82 80 84 11,net.ai@net.ai.com,,PME (10-50),B2B,CCIB Annuaire,,Actif,2026-06-29T00:14:35.897180,moyenne
BJ-F3EF20DE,Web Bénin,Technologie & IT,Dassa-Zoumè,+229 70 20 26 24,web.bénin@web.bénin.benin,webbénin.bj,PME (10-50),B2C,CCIB Annuaire,,Actif,2026-06-29T00:14:35.897211,haute
BJ-2E771C61,Mobile,Technologie & IT,Kétou,+229 96 73 66 33,mobile@mobile.org,mobile.bj,PME (10-50),B2C,CCIB Annuaire,,Actif,2026-06-29T00:14:35.897254,haute
BJ-AE5A020F,Système SARL Kétou,Technologie & IT,Kétou,+229 60 62 66 28,système.sarl.kétou@système.sarl.kétou.org,systèmesarlkétou.bj,TPE (<10),B2C,CCIB Annuaire,,Actif,2026-06-29T00:14:35.897285,haute
BJ-99A386CB,Soft Cyber,Technologie & IT,Kétou,+229 31 93 18 76,soft.cyber@soft.cyber.org,softcyber.bj,Grande (>200),B2C,CCIB Annuaire,,Actif,2026-06-29T00:14:35.897318,haute
BJ-A32D1AB8,Data Intelligence Digital,Technologie & IT,Kétou,+229 55 99 95 22,data.intelligence.digital@data.intelligence.digital.com,dataintelligencedigital.bj,PME (50-200),B2B,CCIB Annuaire,,Actif,2026-06-29T00:14:35.897350,haute
BJ-D8DED4CF,Informatique,Technologie & IT,Kétou,+229 96 79 10 97,informatique@informatique.bj,informatique.bj,TPE (<10),B2B,CCIB Annuaire,,Actif,2026-06-29T00:14:35.897380,haute
BJ-4CA664AC,Net Technologie Bénin,Technologie & IT,Covè,+229 58 79 18 29,net.technologie.bénin@net.technologie.bénin.benin,nettechnologiebénin.bj,TPE (<10),B2B,CCIB Annuaire,,Actif,2026-06-29T00:14:35.897425,haute
BJ-CEF52B47,Net Développement,Technologie & IT,Covè,+229 22 47 43 90,net.développement@net.développement.bj,netdéveloppement.bj,PME (10-50),B2C,CCIB Annuaire,,Actif,2026-06-29T00:14:35.897456,haute
BJ-1273A43D,Smart Logiciel International,Technologie & IT,Covè,+229 72 29 88 19,,smartlogicielinternational.bj,PME (10-50),B2B,CCIB Annuaire,,Actif,2026-06-29T00:14:35.897488,moyenne
BJ-60DA0832,Data Informatique Covè,Technologie & IT,Covè,+229 66 55 89 14,data.informatique.covè@data.informatique.covè.org,datainformatiquecovè.bj,PME (10-50),B2B,CCIB Annuaire,,Actif,2026-06-29T00:14:35.897568,haute
BJ-A49351B4,Cyber Solution Systems,Technologie & IT,Pobè,+229 59 82 74 74,cyber.solution.systems@cyber.solution.systems.org,cybersolutionsystems.bj,PME (10-50),B2C,CCIB Annuaire,,Actif,2026-06-29T00:14:35.897615,haute
BJ-DBCDE392,Tech Mobile Africa,Technologie & IT,Pobè,+229 81 93 28 85,tech.mobile.africa@tech.mobile.africa.bj,techmobileafrica.bj,TPE (<10),B2B,CCIB Annuaire,,Actif,2026-06-29T00:14:35.897648,haute
BJ-182B9669,Soft Application,Technologie & IT,Pobè,+229 52 51 21 52,soft.application@soft.application.benin,softapplication.bj,PME (10-50),B2C,CCIB Annuaire,,Actif,2026-06-29T00:14:35.897680,haute
BJ-1DB62DA1,Cyber Application Solutions,Technologie & IT,Pobè,+229 64 52 81 27,cyber.application.solutions@cyber.application.solutions.benin,cyberapplicationsolutions.bj,PME (10-50),B2B,CCIB Annuaire,,Actif,2026-06-29T00:14:35.897713,haute
BJ-94F56557,Net Logiciel,Technologie & IT,Pobè,+229 22 88 78 11,net.logiciel@net.logiciel.net,netlogiciel.bj,PME (50-200),B2B,CCIB Annuaire,,Actif,2026-06-29T00:14:35.897745,haute
BJ-017DE108,Logiciel,Technologie & IT,Sakété,+229 60 37 79 14,logiciel@logiciel.benin,,PME (10-50),B2C,CCIB Annuaire,,Actif,2026-06-29T00:14:35.897789,moyenne
BJ-7E01AFBD,Cloud Système International,Technologie & IT,Sakété,+229 62 81 68 88,cloud.système.international@cloud.système.international.net,cloudsystèmeinternational.bj,TPE (<10),B2B,CCIB Annuaire,,Actif,2026-06-29T00:14:35.897819,haute
BJ-88EFF463,Informatique,Technologie & IT,Sakété,+229 42 70 85 94,informatique@informatique.com,informatique.bj,PME (10-50),B2B,CCIB Annuaire,,Actif,2026-06-29T00:14:35.897847,haute
BJ-EA52891C,Développement,Technologie & IT,Sakété,+229 65 86 20 85,développement@développement.benin,développement.bj,PME (10-50),B2C,CCIB Annuaire,,Actif,2026-06-29T00:14:35.897883,haute
BJ-0E87E870,Application Tech,Technologie & IT,Sakété,+229 42 61 25 32,application.tech@application.tech.org,applicationtech.bj,TPE (<10),B2C,CCIB Annuaire,,Actif,2026-06-29T00:14:35.897931,haute
BJ-9892A3DF,Net Data Digital,Technologie & IT,Adjara,+229 24 67 31 66,net.data.digital@net.data.digital.com,netdatadigital.bj,TPE (<10),B2C,CCIB Annuaire,,Actif,2026-06-29T00:14:35.897984,haute
BJ-D446B234,Cloud,Technologie & IT,Adjara,+229 84 68 90 79,cloud@cloud.benin,cloud.bj,TPE (<10),B2C,CCIB Annuaire,,Actif,2026-06-29T00:14:35.898015,haute
BJ-F057B43F,Cloud Intelligence Digital,Technologie & IT,Adjara,+229 58 35 70 73,cloud.intelligence.digital@cloud.intelligence.digital.bj,cloudintelligencedigital.bj,TPE (<10),B2C,CCIB Annuaire,,Actif,2026-06-29T00:14:35.898046,haute
BJ-128B4620,Cloud Mobile Solutions,Technologie & IT,Adjara,+229 46 18 35 29,cloud.mobile.solutions@cloud.mobile.solutions.net,,TPE (<10),B2C,CCIB Annuaire,,Actif,2026-06-29T00:14:35.898112,moyenne
BJ-CB40A5CE,Data Solution Solutions Adjara,Technologie & IT,Adjara,+229 95 76 53 76,,datasolutionsolutionsadjara.bj,PME (50-200),B2B,CCIB Annuaire,,Actif,2026-06-29T00:14:35.898158,moyenne
BJ-259F1FDB,Tech Data Digital,Technologie & IT,Allada,+229 89 59 36 81,tech.data.digital@tech.data.digital.benin,techdatadigital.bj,TPE (<10),B2B,CCIB Annuaire,,Actif,2026-06-29T00:14:35.898209,haute
BJ-2C66056D,AI,Technologie & IT,Allada,+229 48 79 12 79,ai@ai.bj,ai.bj,PME (50-200),B2C,CCIB Annuaire,,Actif,2026-06-29T00:14:35.898247,haute
BJ-08CE8145,Digital Tech,Technologie & IT,Allada,+229 33 77 48 38,digital.tech@digital.tech.bj,digitaltech.bj,PME (10-50),B2C,CCIB Annuaire,,Actif,2026-06-29T00:14:35.898280,haute
BJ-DC5638F4,Cloud Solutions,Technologie & IT,Allada,+229 61 42 93 46,,cloudsolutions.bj,PME (10-50),B2C,CCIB Annuaire,,Actif,2026-06-29T00:14:35.898309,moyenne
BJ-2FFD590F,Digital Développement,Technologie & IT,Allada,+229 67 96 19 36,,digitaldéveloppement.bj,TPE (<10),B2C,CCIB Annuaire,,Actif,2026-06-29T00:14:35.898333,moyenne
BJ-379E854C,Solution Aplahoué,Technologie & IT,Aplahoué,+229 90 35 39 51,solution.aplahoué@solution.aplahoué.benin,solutionaplahoué.bj,PME (10-50),B2C,CCIB Annuaire,,Actif,2026-06-29T00:14:35.898386,haute
BJ-848B4EED,Cyber Security Bénin,Technologie & IT,Aplahoué,+229 99 87 24 47,cyber.security.bénin@cyber.security.bénin.org,cybersecuritybénin.bj,TPE (<10),B2C,CCIB Annuaire,,Actif,2026-06-29T00:14:35.898419,haute
BJ-EDE2C807,Security Tech Aplahoué,Technologie & IT,Aplahoué,+229 32 83 63 37,security.tech.aplahoué@security.tech.aplahoué.bj,securitytechaplahoué.bj,Grande (>200),B2C,CCIB Annuaire,,Actif,2026-06-29T00:14:35.898456,haute
BJ-06F7A85C,Security Aplahoué,Technologie & IT,Aplahoué,+229 32 65 53 70,security.aplahoué@security.aplahoué.benin,securityaplahoué.bj,Grande (>200),B2B,CCIB Annuaire,,Actif,2026-06-29T00:14:35.898485,haute
BJ-77AD7025,Security Solutions,Technologie & IT,Aplahoué,+229 29 23 31 89,security.solutions@security.solutions.com,securitysolutions.bj,PME (10-50),B2B,CCIB Annuaire,,Actif,2026-06-29T00:14:35.898515,haute
BJ-176383BD,Smart Solution Africa,Technologie & IT,Dogbo-Tota,+229 84 76 89 95,smart.solution.africa@smart.solution.africa.benin,smartsolutionafrica.bj,TPE (<10),B2C,CCIB Annuaire,,Actif,2026-06-29T00:14:35.898555,haute
BJ-964E5D45,Digital Solution,Technologie & IT,Dogbo-Tota,+229 58 48 16 93,digital.solution@digital.solution.net,digitalsolution.bj,TPE (<10),B2B,CCIB Annuaire,,Actif,2026-06-29T00:14:35.898583,haute
BJ-0EAAC7D1,Système,Technologie & IT,Dogbo-Tota,+229 92 51 84 48,,système.bj,TPE (<10),B2C,CCIB Annuaire,,Actif,2026-06-29T00:14:35.898610,moyenne
BJ-B23B01D9,Web Digital Dogbo-Tota,Technologie & IT,Dogbo-Tota,+229 39 43 92 41,web.digital.dogbotota@web.digital.dogbotota.com,webdigitaldogbotota.bj,Grande (>200),B2C,CCIB Annuaire,,Actif,2026-06-29T00:14:35.898648,haute
BJ-338F9B9D,AI Tech,Technologie & IT,Dogbo-Tota,+229 87 57 79 22,ai.tech@ai.tech.benin,aitech.bj,PME (10-50),B2B,CCIB Annuaire,,Actif,2026-06-29T00:14:35.898678,haute
BJ-3ECD3BCD,Technologie,Technologie & IT,Kpomassè,+229 94 89 84 93,technologie@technologie.benin,technologie.bj,TPE (<10),B2B,CCIB Annuaire,,Actif,2026-06-29T00:14:35.898716,haute
BJ-41DF61A7,Technologie International,Technologie & IT,Kpomassè,+229 65 43 28 24,technologie.international@technologie.international.bj,technologieinternational.bj,TPE (<10),B2B,CCIB Annuaire,,Actif,2026-06-29T00:14:35.898743,haute
BJ-4651D0ED,Data Digital,Technologie & IT,Kpomassè,+229 62 65 93 53,data.digital@data.digital.bj,datadigital.bj,PME (10-50),B2C,CCIB Annuaire,,Actif,2026-06-29T00:14:35.898804,haute
BJ-7467AF3B,Cloud Cloud Systems Kpomassè,Technologie & IT,Kpomassè,+229 21 92 27 55,cloud.cloud.systems.kpomassè@cloud.cloud.systems.kpomassè.net,cloudcloudsystemskpomassè.bj,TPE (<10),B2C,CCIB Annuaire,,Actif,2026-06-29T00:14:35.898841,haute
BJ-311528F7,Cyber Digital,Technologie & IT,Tori-Bossito,+229 52 69 27 27,cyber.digital@cyber.digital.org,cyberdigital.bj,TPE (<10),B2B,CCIB Annuaire,,Actif,2026-06-29T00:14:35.898887,haute
BJ-953E11F1,Smart Développement Africa,Technologie & IT,Tori-Bossito,+229 67 37 70 18,smart.développement.africa@smart.développement.africa.bj,,TPE (<10),B2C,CCIB Annuaire,,Actif,2026-06-29T00:14:35.898934,moyenne
BJ-6497FE43,Cyber Informatique,Technologie & IT,Tori-Bossito,+229 80 37 56 90,,cyberinformatique.bj,TPE (<10),B2B,CCIB Annuaire,,Actif,2026-06-29T00:14:35.898963,moyenne
BJ-75C16830,Smart Technologie,Technologie & IT,Tori-Bossito,+229 83 17 96 10,smart.technologie@smart.technologie.net,smarttechnologie.bj,TPE (<10),B2C,CCIB Annuaire,,Actif,2026-06-29T00:14:35.899000,haute
BJ-4907788D,Tech Système,Technologie & IT,Tori-Bossito,+229 33 52 98 81,tech.système@tech.système.org,techsystème.bj,TPE (<10),B2B,CCIB Annuaire,,Actif,2026-06-29T00:14:35.899033,haute
BJ-0025C146,Smart Digital Africa,Technologie & IT,Grand-Popo,+229 76 55 99 73,,smartdigitalafrica.bj,PME (10-50),B2B,CCIB Annuaire,,Actif,2026-06-29T00:14:35.899071,moyenne
BJ-BBA935F1,Mobile Grand-Popo,Technologie & IT,Grand-Popo,+229 42 57 86 29,mobile.grandpopo@mobile.grandpopo.com,,PME (10-50),B2B,CCIB Annuaire,,Actif,2026-06-29T00:14:35.899128,moyenne
BJ-605D5A73,Digital Cloud Bénin,Technologie & IT,Grand-Popo,+229 61 43 12 38,digital.cloud.bénin@digital.cloud.bénin.net,digitalcloudbénin.bj,Grande (>200),B2C,CCIB Annuaire,,Actif,2026-06-29T00:14:35.899163,haute
BJ-19D1364B,Data AI Soft Grand-Popo,Technologie & IT,Grand-Popo,+229 36 11 46 20,data.ai.soft.grandpopo@data.ai.soft.grandpopo.com,dataaisoftgrandpopo.bj,PME (10-50),B2B,CCIB Annuaire,,Actif,2026-06-29T00:14:35.899200,haute
BJ-2F62EB13,Soft Security Systems,Technologie & IT,Athiémé,+229 93 66 58 26,soft.security.systems@soft.security.systems.org,softsecuritysystems.bj,TPE (<10),B2C,CCIB Annuaire,,Actif,2026-06-29T00:14:35.899242,haute
BJ-BF7C3B5F,Cyber Athiémé,Technologie & IT,Athiémé,+229 41 17 30 45,cyber.athiémé@cyber.athiémé.net,,PME (10-50),B2B,CCIB Annuaire,,Actif,2026-06-29T00:14:35.899273,moyenne
BJ-410ED215,Smart Digital,Technologie & IT,Athiémé,+229 34 48 78 71,smart.digital@smart.digital.benin,smartdigital.bj,PME (10-50),B2B,CCIB Annuaire,,Actif,2026-06-29T00:14:35.899302,haute
BJ-9DC3A45D,Data Intelligence International,Technologie & IT,Athiémé,+229 40 86 88 26,data.intelligence.international@data.intelligence.international.benin,dataintelligenceinternational.bj,PME (10-50),B2C,CCIB Annuaire,,Actif,2026-06-29T00:14:35.899340,haute
BJ-A0B50E4E,Cyber Network Systems,Technologie & IT,Athiémé,+229 79 60 26 52,cyber.network.systems@cyber.network.systems.bj,cybernetworksystems.bj,PME (50-200),B2C,CCIB Annuaire,,Actif,2026-06-29T00:14:35.899372,haute
BJ-84EDD5F0,Smart Informatique Systems,Technologie & IT,Bopa,+229 36 39 81 64,,smartinformatiquesystems.bj,Grande (>200),B2B,CCIB Annuaire,,Actif,2026-06-29T00:14:35.899414,moyenne
BJ-2BBF4DB2,Net Développement International,Technologie & IT,Bopa,+229 75 39 33 68,net.développement.international@net.développement.international.benin,netdéveloppementinternational.bj,PME (10-50),B2B,CCIB Annuaire,,Actif,2026-06-29T00:14:35.899450,haute
BJ-DE8D1C28,Solution,Technologie & IT,Bopa,+229 55 70 45 33,solution@solution.bj,solution.bj,TPE (<10),B2B,CCIB Annuaire,,Actif,2026-06-29T00:14:35.899478,haute
BJ-C715164D,Smart Système SARL,Technologie & IT,Bopa,+229 90 68 85 10,smart.système.sarl@smart.système.sarl.org,,TPE (<10),B2C,CCIB Annuaire,,Actif,2026-06-29T00:14:35.899527,moyenne
BJ-C3A363A6,Cyber Cyber Bopa,Technologie & IT,Bopa,+229 26 93 95 85,,cybercyberbopa.bj,PME (10-50),B2B,CCIB Annuaire,,Actif,2026-06-29T00:14:35.899555,moyenne
BJ-2D7AEA44,Net Informatique Houéyogbé,Technologie & IT,Houéyogbé,+229 98 70 75 63,net.informatique.houéyogbé@net.informatique.houéyogbé.com,netinformatiquehouéyogbé.bj,TPE (<10),B2B,CCIB Annuaire,,Actif,2026-06-29T00:14:35.899595,haute
BJ-D98CEB5B,Smart Mobile Tech,Technologie & IT,Houéyogbé,+229 62 37 62 33,smart.mobile.tech@smart.mobile.tech.net,smartmobiletech.bj,PME (10-50),B2C,CCIB Annuaire,,Actif,2026-06-29T00:14:35.899625,haute
BJ-DC4F93DD,Net Informatique International Houéyogbé,Technologie & IT,Houéyogbé,+229 83 90 16 90,net.informatique.international.houéyogbé@net.informatique.international.houéyogbé.benin,netinformatiqueinternationalhouéyogbé.bj,PME (10-50),B2B,CCIB Annuaire,,Actif,2026-06-29T00:14:35.899658,haute
BJ-DC795343,Data Mobile,Technologie & IT,Houéyogbé,+229 29 16 15 14,data.mobile@data.mobile.net,,PME (10-50),B2B,CCIB Annuaire,,Actif,2026-06-29T00:14:35.899697,moyenne
BJ-CC3BC49B,Smart Digital Tech,Technologie & IT,Houéyogbé,+229 75 53 76 40,smart.digital.tech@smart.digital.tech.org,smartdigitaltech.bj,Grande (>200),B2C,CCIB Annuaire,,Actif,2026-06-29T00:14:35.899730,haute
BJ-8B89581C,Développement Solutions,Technologie & IT,Malanville,+229 96 52 40 53,développement.solutions@développement.solutions.com,développementsolutions.bj,TPE (<10),B2B,CCIB Annuaire,,Actif,2026-06-29T00:14:35.899781,haute
BJ-A16277AD,Digital Mobile,Technologie & IT,Malanville,+229 23 19 50 99,digital.mobile@digital.mobile.org,digitalmobile.bj,Grande (>200),B2C,CCIB Annuaire,,Actif,2026-06-29T00:14:35.899819,haute
BJ-AB8CCD71,Data Solution,Technologie & IT,Malanville,+229 86 17 38 49,data.solution@data.solution.benin,datasolution.bj,PME (10-50),B2B,CCIB Annuaire,,Actif,2026-06-29T00:14:35.899852,haute
BJ-062E1138,Cyber Digital,Technologie & IT,Malanville,+229 68 19 75 13,cyber.digital@cyber.digital.com,,PME (10-50),B2C,CCIB Annuaire,,Actif,2026-06-29T00:14:35.899880,moyenne
BJ-81780B9B,Cloud Informatique,Technologie & IT,Malanville,+229 81 26 62 74,cloud.informatique@cloud.informatique.benin,cloudinformatique.bj,Grande (>200),B2C,CCIB Annuaire,,Actif,2026-06-29T00:14:35.899923,haute
BJ-2DE462CA,Data Cyber International,Technologie & IT,Kandi,+229 52 48 94 22,data.cyber.international@data.cyber.international.com,datacyberinternational.bj,TPE (<10),B2B,CCIB Annuaire,,Actif,2026-06-29T00:14:35.899967,haute
BJ-E67DFE45,Soft AI Systems,Technologie & IT,Kandi,+229 51 57 74 62,soft.ai.systems@soft.ai.systems.benin,softaisystems.bj,PME (50-200),B2C,CCIB Annuaire,,Actif,2026-06-29T00:14:35.899996,haute
BJ-94C532E8,Cloud SARL,Technologie & IT,Kandi,+229 27 68 31 51,cloud.sarl@cloud.sarl.com,cloudsarl.bj,TPE (<10),B2B,CCIB Annuaire,,Actif,2026-06-29T00:14:35.900025,haute
BJ-3D468D5E,Soft Digital,Technologie & IT,Kandi,+229 73 55 61 36,,softdigital.bj,PME (10-50),B2B,CCIB Annuaire,,Actif,2026-06-29T00:14:35.900061,moyenne
BJ-39029489,Tech Network,Technologie & IT,Kandi,+229 75 63 42 51,tech.network@tech.network.org,technetwork.bj,TPE (<10),B2C,CCIB Annuaire,,Actif,2026-06-29T00:14:35.900089,haute
BJ-4B719930,Cyber Web,Technologie & IT,Banikoara,+229 92 27 58 16,cyber.web@cyber.web.bj,cyberweb.bj,TPE (<10),B2C,CCIB Annuaire,,Actif,2026-06-29T00:14:35.900127,haute
BJ-8689FA49,Soft Network,Technologie & IT,Banikoara,+229 45 56 14 50,soft.network@soft.network.benin,softnetwork.bj,TPE (<10),B2C,CCIB Annuaire,,Actif,2026-06-29T00:14:35.900158,haute
BJ-14860794,Cyber Cloud,Technologie & IT,Banikoara,+229 83 87 71 74,cyber.cloud@cyber.cloud.com,cybercloud.bj,TPE (<10),B2B,CCIB Annuaire,,Actif,2026-06-29T00:14:35.900186,haute
BJ-5C987840,Digital Technologie Soft,Technologie & IT,Banikoara,+229 52 94 82 67,digital.technologie.soft@digital.technologie.soft.bj,digitaltechnologiesoft.bj,Grande (>200),B2C,CCIB Annuaire,,Actif,2026-06-29T00:14:35.900213,haute
BJ-9EC18581,Mobile Africa,Technologie & IT,Banikoara,+229 25 92 98 56,mobile.africa@mobile.africa.bj,mobileafrica.bj,PME (50-200),B2B,CCIB Annuaire,,Actif,2026-06-29T00:14:35.900240,haute
BJ-6C5107E6,Smart Data Ségbana,Technologie & IT,Ségbana,+229 73 30 26 76,smart.data.ségbana@smart.data.ségbana.org,,TPE (<10),B2B,CCIB Annuaire,,Actif,2026-06-29T00:14:35.900278,moyenne
BJ-0904FC78,Informatique Systems,Technologie & IT,Ségbana,+229 64 24 78 68,informatique.systems@informatique.systems.com,informatiquesystems.bj,TPE (<10),B2B,CCIB Annuaire,,Actif,2026-06-29T00:14:35.900307,haute
BJ-E96FB838,Data Système Africa,Technologie & IT,Ségbana,+229 65 55 25 39,data.système.africa@data.système.africa.benin,datasystèmeafrica.bj,TPE (<10),B2B,CCIB Annuaire,,Actif,2026-06-29T00:14:35.900336,haute
BJ-63F19FF5,Informatique,Technologie & IT,Ségbana,+229 67 15 33 98,informatique@informatique.com,informatique.bj,PME (10-50),B2C,CCIB Annuaire,,Actif,2026-06-29T00:14:35.900369,haute
BJ-2D354A3A,Tech Technologie Ségbana,Technologie & IT,Ségbana,+229 71 78 57 41,tech.technologie.ségbana@tech.technologie.ségbana.org,,TPE (<10),B2B,CCIB Annuaire,,Actif,2026-06-29T00:14:35.900398,moyenne
BJ-B6282ED3,Tech Cyber,Technologie & IT,Karimama,+229 27 63 27 38,tech.cyber@tech.cyber.com,techcyber.bj,PME (10-50),B2B,CCIB Annuaire,,Actif,2026-06-29T00:14:35.900435,haute
BJ-173F59C3,Smart Cyber Bénin Karimama,Technologie & IT,Karimama,+229 92 42 13 33,smart.cyber.bénin.karimama@smart.cyber.bénin.karimama.net,smartcyberbéninkarimama.bj,PME (10-50),B2C,CCIB Annuaire,,Actif,2026-06-29T00:14:35.900464,haute
BJ-CE9C0C95,Cloud,Technologie & IT,Karimama,+229 64 16 31 40,cloud@cloud.benin,cloud.bj,PME (10-50),B2C,CCIB Annuaire,,Actif,2026-06-29T00:14:35.900517,haute
BJ-77CA2B8C,Application,Technologie & IT,Karimama,+229 48 22 53 19,application@application.com,application.bj,Grande (>200),B2C,CCIB Annuaire,,Actif,2026-06-29T00:14:35.900543,haute
BJ-EE6519FD,Cloud Application SARL,Technologie & IT,Gogounou,+229 95 76 60 33,cloud.application.sarl@cloud.application.sarl.com,cloudapplicationsarl.bj,PME (10-50),B2B,CCIB Annuaire,,Actif,2026-06-29T00:14:35.900581,haute
BJ-44F6F54B,Cloud Digital Tech,Technologie & IT,Gogounou,+229 81 93 31 39,cloud.digital.tech@cloud.digital.tech.benin,clouddigitaltech.bj,PME (10-50),B2B,CCIB Annuaire,,Actif,2026-06-29T00:14:35.900616,haute
BJ-5950F8BA,Informatique Tech,Technologie & IT,Gogounou,+229 29 82 81 19,informatique.tech@informatique.tech.com,,PME (50-200),B2C,CCIB Annuaire,,Actif,2026-06-29T00:14:35.900644,moyenne
BJ-6210B214,Développement,Technologie & IT,Gogounou,+229 78 18 58 84,développement@développement.com,développement.bj,TPE (<10),B2C,CCIB Annuaire,,Actif,2026-06-29T00:14:35.900683,haute
BJ-96424D36,Data Security,Technologie & IT,Gogounou,+229 69 98 61 98,data.security@data.security.com,datasecurity.bj,TPE (<10),B2B,CCIB Annuaire,,Actif,2026-06-29T00:14:35.900731,haute
BJ-AAFA0ED6,Cyber AI SARL,Technologie & IT,Cobly,+229 46 19 47 84,cyber.ai.sarl@cyber.ai.sarl.net,cyberaisarl.bj,PME (50-200),B2B,CCIB Annuaire,,Actif,2026-06-29T00:14:35.900772,haute
BJ-B9DC5BEC,Technologie,Technologie & IT,Cobly,+229 85 21 73 88,technologie@technologie.org,technologie.bj,PME (10-50),B2B,CCIB Annuaire,,Actif,2026-06-29T00:14:35.900803,haute
BJ-6E62FDDD,Soft Web,Technologie & IT,Cobly,+229 66 50 58 66,soft.web@soft.web.net,softweb.bj,TPE (<10),B2C,CCIB Annuaire,,Actif,2026-06-29T00:14:35.900834,haute
BJ-06AA8BB8,Cyber Data,Technologie & IT,Cobly,+229 45 80 86 49,cyber.data@cyber.data.org,cyberdata.bj,PME (50-200),B2B,CCIB Annuaire,,Actif,2026-06-29T00:14:35.900865,haute
BJ-0C84D241,Technologie Solutions,Technologie & IT,Cobly,+229 93 84 54 44,technologie.solutions@technologie.solutions.benin,,PME (10-50),B2B,CCIB Annuaire,,Actif,2026-06-29T00:14:35.900921,moyenne
BJ-A68392D4,Data Security,Technologie & IT,Tanguiéta,+229 50 38 54 50,data.security@data.security.org,datasecurity.bj,PME (50-200),B2C,CCIB Annuaire,,Actif,2026-06-29T00:14:35.900966,haute
BJ-76D3A280,Digital Web Soft Tanguiéta,Technologie & IT,Tanguiéta,+229 55 67 12 97,digital.web.soft.tanguiéta@digital.web.soft.tanguiéta.com,digitalwebsofttanguiéta.bj,PME (50-200),B2C,CCIB Annuaire,,Actif,2026-06-29T00:14:35.900998,haute
BJ-25E8D225,Web Digital,Technologie & IT,Tanguiéta,+229 99 48 32 76,web.digital@web.digital.net,webdigital.bj,PME (10-50),B2B,CCIB Annuaire,,Actif,2026-06-29T00:14:35.901027,haute
BJ-8889664B,Mobile Africa,Technologie & IT,Tanguiéta,+229 38 99 93 77,,,PME (10-50),B2B,CCIB Annuaire,,Actif,2026-06-29T00:14:35.901057,basse
BJ-ECFB4700,Digital Data Bénin,Technologie & IT,Tanguiéta,+229 77 32 84 98,digital.data.bénin@digital.data.bénin.com,digitaldatabénin.bj,PME (10-50),B2B,CCIB Annuaire,,Actif,2026-06-29T00:14:35.901089,haute
BJ-DE637E9D,Cyber Matéri,Technologie & IT,Matéri,+229 94 67 82 36,,cybermatéri.bj,PME (10-50),B2B,CCIB Annuaire,,Actif,2026-06-29T00:14:35.901178,moyenne
BJ-0B170A8B,Soft Data,Technologie & IT,Matéri,+229 54 92 73 63,soft.data@soft.data.net,softdata.bj,Grande (>200),B2C,CCIB Annuaire,,Actif,2026-06-29T00:14:35.901209,haute
BJ-FB529945,Logiciel,Technologie & IT,Matéri,+229 43 40 88 29,logiciel@logiciel.com,logiciel.bj,PME (10-50),B2C,CCIB Annuaire,,Actif,2026-06-29T00:14:35.901268,haute
BJ-CA2CF5FF,Développement Soft,Technologie & IT,Natitingou,+229 68 46 31 82,développement.soft@développement.soft.org,développementsoft.bj,PME (10-50),B2C,CCIB Annuaire,,Actif,2026-06-29T00:14:35.901311,haute
BJ-E3F90898,Tech Logiciel Africa Natitingou,Technologie & IT,Natitingou,+229 26 13 85 28,tech.logiciel.africa.natitingou@tech.logiciel.africa.natitingou.benin,techlogicielafricanatitingou.bj,TPE (<10),B2B,CCIB Annuaire,,Actif,2026-06-29T00:14:35.901342,haute
BJ-415214F8,Smart Network SARL,Technologie & IT,Natitingou,+229 35 38 14 65,smart.network.sarl@smart.network.sarl.bj,smartnetworksarl.bj,PME (50-200),B2C,CCIB Annuaire,,Actif,2026-06-29T00:14:35.901372,haute
BJ-7AACC237,Système,Technologie & IT,Natitingou,+229 49 56 11 31,système@système.net,système.bj,TPE (<10),B2C,CCIB Annuaire,,Actif,2026-06-29T00:14:35.901406,haute
BJ-1E794419,Data Solution Natitingou,Technologie & IT,Natitingou,+229 83 66 66 68,data.solution.natitingou@data.solution.natitingou.benin,datasolutionnatitingou.bj,PME (10-50),B2C,CCIB Annuaire,,Actif,2026-06-29T00:14:35.901437,haute
BJ-8B5803C2,Data SARL Toucountouna,Technologie & IT,Toucountouna,+229 36 36 54 83,data.sarl.toucountouna@data.sarl.toucountouna.benin,datasarltoucountouna.bj,TPE (<10),B2B,CCIB Annuaire,,Actif,2026-06-29T00:14:35.901478,haute
BJ-249AED02,AI,Technologie & IT,Toucountouna,+229 50 88 28 90,,ai.bj,Grande (>200),B2C,CCIB Annuaire,,Actif,2026-06-29T00:14:35.901506,moyenne
BJ-AE02D8EA,Smart Logiciel,Technologie & IT,Toucountouna,+229 30 38 43 35,,smartlogiciel.bj,PME (50-200),B2B,CCIB Annuaire,,Actif,2026-06-29T00:14:35.901539,moyenne
BJ-99B5AA96,Web,Technologie & IT,Toucountouna,+229 76 92 44 88,,web.bj,TPE (<10),B2B,CCIB Annuaire,,Actif,2026-06-29T00:14:35.901567,moyenne
BJ-43211EC4,Digital Informatique,Technologie & IT,Toucountouna,+229 97 67 79 95,digital.informatique@digital.informatique.net,digitalinformatique.bj,PME (50-200),B2B,CCIB Annuaire,,Actif,2026-06-29T00:14:35.901597,haute
BJ-53148DC0,Soft AI,Technologie & IT,Boukoumbé,+229 55 33 86 87,soft.ai@soft.ai.bj,softai.bj,PME (50-200),B2C,CCIB Annuaire,,Actif,2026-06-29T00:14:35.901639,haute
BJ-E20693C7,Cyber Système Digital,Technologie & IT,Boukoumbé,+229 32 33 87 54,cyber.système.digital@cyber.système.digital.benin,cybersystèmedigital.bj,Grande (>200),B2B,CCIB Annuaire,,Actif,2026-06-29T00:14:35.901673,haute
BJ-3D7E770F,Tech Digital Soft,Technologie & IT,Boukoumbé,+229 47 53 22 74,tech.digital.soft@tech.digital.soft.bj,techdigitalsoft.bj,TPE (<10),B2B,CCIB Annuaire,,Actif,2026-06-29T00:14:35.901708,haute
BJ-DE0CD867,Système,Technologie & IT,Boukoumbé,+229 61 56 17 39,système@système.benin,système.bj,TPE (<10),B2B,CCIB Annuaire,,Actif,2026-06-29T00:14:35.901743,haute
BJ-AC0AE541,Technologie,Technologie & IT,Boukoumbé,+229 54 41 91 34,technologie@technologie.net,technologie.bj,TPE (<10),B2B,CCIB Annuaire,,Actif,2026-06-29T00:14:35.901774,haute
BJ-83D31DD0,Solution Tech Kouandé,Technologie & IT,Kouandé,+229 39 89 48 59,solution.tech.kouandé@solution.tech.kouandé.com,solutiontechkouandé.bj,PME (50-200),B2C,CCIB Annuaire,,Actif,2026-06-29T00:14:35.901816,haute
BJ-58A04B23,Cloud Système International,Technologie & IT,Kouandé,+229 59 42 86 14,cloud.système.international@cloud.système.international.net,cloudsystèmeinternational.bj,Grande (>200),B2C,CCIB Annuaire,,Actif,2026-06-29T00:14:35.901849,haute
BJ-4AC27CB6,AI International Kouandé,Technologie & IT,Kouandé,+229 74 76 83 75,ai.international.kouandé@ai.international.kouandé.com,aiinternationalkouandé.bj,TPE (<10),B2B,CCIB Annuaire,,Actif,2026-06-29T00:14:35.901906,haute
BJ-B5E17C34,Logiciel Soft,Technologie & IT,Kouandé,+229 37 88 25 79,logiciel.soft@logiciel.soft.benin,logicielsoft.bj,PME (10-50),B2B,CCIB Annuaire,,Actif,2026-06-29T00:14:35.901938,haute
BJ-5EEB5EE1,Data Système Bénin,Technologie & IT,Kouandé,+229 69 21 30 85,data.système.bénin@data.système.bénin.com,datasystèmebénin.bj,Grande (>200),B2C,CCIB Annuaire,,Actif,2026-06-29T00:14:35.901970,haute
BJ-3EC0DF8D,Smart Application SARL,Technologie & IT,Péhunco,+229 94 90 19 49,smart.application.sarl@smart.application.sarl.benin,smartapplicationsarl.bj,PME (50-200),B2C,CCIB Annuaire,,Actif,2026-06-29T00:14:35.902011,haute
BJ-79C1478B,Net Solution,Technologie & IT,Péhunco,+229 30 52 35 33,net.solution@net.solution.org,netsolution.bj,TPE (<10),B2B,CCIB Annuaire,,Actif,2026-06-29T00:14:35.902042,haute
BJ-F0F664C1,Cloud Cloud,Technologie & IT,Péhunco,+229 30 15 39 92,,cloudcloud.bj,TPE (<10),B2B,CCIB Annuaire,,Actif,2026-06-29T00:14:35.902069,moyenne
BJ-1F2078D2,Cloud Data Péhunco,Technologie & IT,Péhunco,+229 75 65 87 55,cloud.data.péhunco@cloud.data.péhunco.net,clouddatapéhunco.bj,TPE (<10),B2B,CCIB Annuaire,,Actif,2026-06-29T00:14:35.902104,haute
BJ-3CC5890A,Solution Péhunco,Technologie & IT,Péhunco,+229 74 45 43 61,,solutionpéhunco.bj,PME (10-50),B2B,CCIB Annuaire,,Actif,2026-06-29T00:14:35.902136,moyenne
BJ-6738A628,Système Tchaourou,Technologie & IT,Tchaourou,+229 24 42 60 41,système.tchaourou@système.tchaourou.net,systèmetchaourou.bj,PME (10-50),B2B,CCIB Annuaire,,Actif,2026-06-29T00:14:35.902211,haute
BJ-1815E6F4,Digital International,Technologie & IT,Tchaourou,+229 50 57 75 63,digital.international@digital.international.bj,digitalinternational.bj,PME (10-50),B2B,CCIB Annuaire,,Actif,2026-06-29T00:14:35.902246,haute
BJ-5F905C86,Cyber Network Tech,Technologie & IT,Tchaourou,+229 41 54 85 88,cyber.network.tech@cyber.network.tech.net,,TPE (<10),B2B,CCIB Annuaire,,Actif,2026-06-29T00:14:35.902276,moyenne
BJ-9027A26C,Data Soft,Technologie & IT,Tchaourou,+229 42 29 61 34,data.soft@data.soft.benin,datasoft.bj,TPE (<10),B2B,CCIB Annuaire,,Actif,2026-06-29T00:14:35.902306,haute
BJ-20E6208E,Technologie,Technologie & IT,Nikki,+229 83 21 99 80,technologie@technologie.benin,technologie.bj,TPE (<10),B2C,CCIB Annuaire,,Actif,2026-06-29T00:14:35.902347,haute
BJ-C3B50897,Data,Technologie & IT,Nikki,+229 93 60 85 58,data@data.benin,data.bj,TPE (<10),B2C,CCIB Annuaire,,Actif,2026-06-29T00:14:35.902378,haute
BJ-97DFA5FF,Cyber Logiciel,Technologie & IT,Nikki,+229 92 17 84 91,cyber.logiciel@cyber.logiciel.benin,cyberlogiciel.bj,PME (50-200),B2B,CCIB Annuaire,,Actif,2026-06-29T00:14:35.902408,haute
BJ-95637703,Application,Technologie & IT,Nikki,+229 98 27 14 96,application@application.com,application.bj,PME (10-50),B2B,CCIB Annuaire,,Actif,2026-06-29T00:14:35.902446,haute
BJ-0B5BD2AC,Security,Technologie & IT,Nikki,+229 55 71 57 85,security@security.com,security.bj,PME (10-50),B2B,CCIB Annuaire,,Actif,2026-06-29T00:14:35.902476,haute
BJ-B33EC77F,Soft Technologie,Technologie & IT,Bembéréké,+229 86 38 88 71,soft.technologie@soft.technologie.org,softtechnologie.bj,PME (10-50),B2C,CCIB Annuaire,,Actif,2026-06-29T00:14:35.902518,haute
BJ-27101788,Tech Mobile International Bembéréké,Technologie & IT,Bembéréké,+229 39 77 90 52,tech.mobile.international.bembéréké@tech.mobile.international.bembéréké.benin,techmobileinternationalbembéréké.bj,TPE (<10),B2C,CCIB Annuaire,,Actif,2026-06-29T00:14:35.902558,haute
BJ-3FFCC6D2,Smart Intelligence Digital,Technologie & IT,Bembéréké,+229 73 98 81 51,smart.intelligence.digital@smart.intelligence.digital.org,smartintelligencedigital.bj,PME (50-200),B2C,CCIB Annuaire,,Actif,2026-06-29T00:14:35.902589,haute
BJ-46D3C39D,Network,Technologie & IT,Bembéréké,+229 82 79 60 65,network@network.net,network.bj,TPE (<10),B2C,CCIB Annuaire,,Actif,2026-06-29T00:14:35.902620,haute
BJ-1B6B9259,Cyber,Technologie & IT,Bembéréké,+229 71 98 76 26,cyber@cyber.bj,cyber.bj,PME (10-50),B2B,CCIB Annuaire,,Actif,2026-06-29T00:14:35.902649,haute
BJ-B9E1AEEF,Soft Cloud,Technologie & IT,Kalalé,+229 79 38 27 35,soft.cloud@soft.cloud.com,softcloud.bj,PME (50-200),B2C,CCIB Annuaire,,Actif,2026-06-29T00:14:35.902696,haute
BJ-D396D0BB,Soft Cyber,Technologie & IT,Kalalé,+229 41 21 26 95,soft.cyber@soft.cyber.bj,softcyber.bj,TPE (<10),B2B,CCIB Annuaire,,Actif,2026-06-29T00:14:35.902726,haute
BJ-EFD37E87,Net Solution,Technologie & IT,Kalalé,+229 90 99 41 86,,netsolution.bj,TPE (<10),B2B,CCIB Annuaire,,Actif,2026-06-29T00:14:35.902753,moyenne
BJ-C2A8E8AC,Cyber Soft,Technologie & IT,Kalalé,+229 35 21 23 61,cyber.soft@cyber.soft.net,cybersoft.bj,TPE (<10),B2B,CCIB Annuaire,,Actif,2026-06-29T00:14:35.902787,haute
BJ-9E19AF88,Système Systems,Technologie & IT,Kalalé,+229 45 93 49 75,système.systems@système.systems.com,systèmesystems.bj,PME (50-200),B2C,CCIB Annuaire,,Actif,2026-06-29T00:14:35.902820,haute
BJ-D7669E66,Digital AI Ndali,Technologie & IT,Ndali,+229 68 11 67 39,digital.ai.ndali@digital.ai.ndali.bj,digitalaindali.bj,PME (10-50),B2C,CCIB Annuaire,,Actif,2026-06-29T00:14:35.902862,haute
BJ-7B54F699,Technologie,Technologie & IT,Ndali,+229 53 34 60 14,technologie@technologie.bj,,TPE (<10),B2C,CCIB Annuaire,,Actif,2026-06-29T00:14:35.902900,moyenne
BJ-9F706797,AI,Technologie & IT,Ndali,+229 47 61 22 79,ai@ai.com,ai.bj,PME (10-50),B2C,CCIB Annuaire,,Actif,2026-06-29T00:14:35.902931,haute
BJ-A0C55843,Système Solutions,Technologie & IT,Ndali,+229 65 44 50 48,système.solutions@système.solutions.org,systèmesolutions.bj,PME (50-200),B2C,CCIB Annuaire,,Actif,2026-06-29T00:14:35.902964,haute
BJ-AD75AF9D,Net Digital Tech,Technologie & IT,Ndali,+229 73 15 73 75,net.digital.tech@net.digital.tech.org,netdigitaltech.bj,PME (10-50),B2B,CCIB Annuaire,,Actif,2026-06-29T00:14:35.902994,haute
BJ-4883736E,Solution,Technologie & IT,Ségbana,+229 48 86 85 88,solution@solution.bj,solution.bj,TPE (<10),B2B,CCIB Annuaire,,Actif,2026-06-29T00:14:35.903088,haute
BJ-D34352C7,Mobile,Technologie & IT,Ségbana,+229 61 32 42 88,mobile@mobile.org,mobile.bj,PME (50-200),B2B,CCIB Annuaire,,Actif,2026-06-29T00:14:35.903117,haute
BJ-8A6426A9,Web,Technologie & IT,Ségbana,+229 92 18 43 76,web@web.net,web.bj,TPE (<10),B2C,CCIB Annuaire,,Actif,2026-06-29T00:14:35.903152,haute
BJ-17BE2290,Soft Cloud,Technologie & IT,Ségbana,+229 97 37 75 24,,softcloud.bj,TPE (<10),B2B,CCIB Annuaire,,Actif,2026-06-29T00:14:35.903184,moyenne
BJ-5FBFCA1A,Cyber,Technologie & IT,Tchaourou,+229 31 63 74 26,cyber@cyber.com,cyber.bj,PME (50-200),B2B,CCIB Annuaire,,Actif,2026-06-29T00:14:35.903224,haute
BJ-5E0A4906,Data Soft Tchaourou,Technologie & IT,Tchaourou,+229 88 52 25 36,data.soft.tchaourou@data.soft.tchaourou.bj,datasofttchaourou.bj,PME (50-200),B2C,CCIB Annuaire,,Actif,2026-06-29T00:14:35.903255,haute
BJ-C7C9D899,Data Solutions,Technologie & IT,Tchaourou,+229 95 47 63 75,data.solutions@data.solutions.com,datasolutions.bj,PME (10-50),B2C,CCIB Annuaire,,Actif,2026-06-29T00:14:35.903284,haute
BJ-51AB3DAB,Cyber AI SARL,Technologie & IT,Tchaourou,+229 49 76 98 29,cyber.ai.sarl@cyber.ai.sarl.com,cyberaisarl.bj,PME (10-50),B2C,CCIB Annuaire,,Actif,2026-06-29T00:14:35.903314,haute
BJ-CECDDB82,Cloud Technologie,Technologie & IT,Tchaourou,+229 25 27 40 52,cloud.technologie@cloud.technologie.benin,cloudtechnologie.bj,TPE (<10),B2B,CCIB Annuaire,,Actif,2026-06-29T00:14:35.903344,haute
BJ-18600AAE,Data Bétérou,Technologie & IT,Bétérou,+229 24 81 22 12,data.bétérou@data.bétérou.benin,databétérou.bj,PME (10-50),B2C,CCIB Annuaire,,Actif,2026-06-29T00:14:35.903394,haute
BJ-47366893,Mobile,Technologie & IT,Bétérou,+229 61 56 53 41,mobile@mobile.bj,mobile.bj,PME (50-200),B2B,CCIB Annuaire,,Actif,2026-06-29T00:14:35.903425,haute
BJ-595A87AA,Network,Technologie & IT,Bétérou,+229 86 71 74 85,network@network.net,network.bj,TPE (<10),B2B,CCIB Annuaire,,Actif,2026-06-29T00:14:35.903454,haute
BJ-A8F1E78C,Cyber Développement,Technologie & IT,Bétérou,+229 38 34 24 86,cyber.développement@cyber.développement.com,,Grande (>200),B2B,CCIB Annuaire,,Actif,2026-06-29T00:14:35.903491,moyenne
BJ-63AF6CCE,Web Bétérou,Technologie & IT,Bétérou,+229 97 30 74 34,web.bétérou@web.bétérou.org,webbétérou.bj,TPE (<10),B2B,CCIB Annuaire,,Actif,2026-06-29T00:14:35.903522,haute
BJ-34E0F122,Net Cloud Africa,Technologie & IT,Ouessè,+229 45 58 51 63,net.cloud.africa@net.cloud.africa.benin,netcloudafrica.bj,PME (10-50),B2B,CCIB Annuaire,,Actif,2026-06-29T00:14:35.903563,haute
BJ-39D49E4E,Cloud Application Solutions,Technologie & IT,Ouessè,+229 62 94 10 18,cloud.application.solutions@cloud.application.solutions.bj,cloudapplicationsolutions.bj,TPE (<10),B2C,CCIB Annuaire,,Actif,2026-06-29T00:14:35.903594,haute
BJ-AE1F234F,Cyber Solution,Technologie & IT,Ouessè,+229 73 25 98 70,cyber.solution@cyber.solution.net,cybersolution.bj,PME (10-50),B2C,CCIB Annuaire,,Actif,2026-06-29T00:14:35.903625,haute
BJ-C5058747,Mobile SARL,Technologie & IT,Ouessè,+229 90 19 63 81,mobile.sarl@mobile.sarl.org,mobilesarl.bj,PME (50-200),B2B,CCIB Annuaire,,Actif,2026-06-29T00:14:35.903659,haute
BJ-9EE64E77,Logiciel SARL,Technologie & IT,Ouessè,+229 70 65 62 70,logiciel.sarl@logiciel.sarl.net,logicielsarl.bj,PME (10-50),B2C,CCIB Annuaire,,Actif,2026-06-29T00:14:35.903690,haute
BJ-BBD447E9,AI Africa,Technologie & IT,Glazoué,+229 52 70 68 44,ai.africa@ai.africa.bj,aiafrica.bj,TPE (<10),B2C,CCIB Annuaire,,Actif,2026-06-29T00:14:35.903732,haute
BJ-3A75E051,Data Network,Technologie & IT,Glazoué,+229 74 95 35 85,data.network@data.network.bj,datanetwork.bj,PME (50-200),B2B,CCIB Annuaire,,Actif,2026-06-29T00:14:35.903762,haute
BJ-BD29E8CB,Tech Intelligence,Technologie & IT,Glazoué,+229 62 89 44 13,tech.intelligence@tech.intelligence.bj,techintelligence.bj,PME (50-200),B2B,CCIB Annuaire,,Actif,2026-06-29T00:14:35.903791,haute
BJ-8BC6EC45,Cloud Mobile,Technologie & IT,Glazoué,+229 75 71 49 96,cloud.mobile@cloud.mobile.org,,TPE (<10),B2B,CCIB Annuaire,,Actif,2026-06-29T00:14:35.903822,moyenne
BJ-194B96EA,Data Informatique,Technologie & IT,Glazoué,+229 32 46 84 14,data.informatique@data.informatique.org,datainformatique.bj,TPE (<10),B2B,CCIB Annuaire,,Actif,2026-06-29T00:14:35.903852,haute
BJ-0ADBCFA5,Cloud Network Bénin Dassa-Zoumè,Technologie & IT,Dassa-Zoumè,+229 53 27 45 10,cloud.network.bénin.dassazoumè@cloud.network.bénin.dassazoumè.benin,cloudnetworkbénindassazoumè.bj,Grande (>200),B2B,CCIB Annuaire,,Actif,2026-06-29T00:14:35.903905,haute
BJ-9B787E0C,Solution,Technologie & IT,Dassa-Zoumè,+229 87 65 59 58,solution@solution.com,solution.bj,TPE (<10),B2C,CCIB Annuaire,,Actif,2026-06-29T00:14:35.903937,haute
BJ-F8607DE2,Net Développement,Technologie & IT,Dassa-Zoumè,+229 25 51 39 10,net.développement@net.développement.bj,,TPE (<10),B2B,CCIB Annuaire,,Actif,2026-06-29T00:14:35.903966,moyenne
BJ-5FC4B999,Cloud Web,Technologie & IT,Dassa-Zoumè,+229 93 73 90 22,cloud.web@cloud.web.org,cloudweb.bj,PME (10-50),B2C,CCIB Annuaire,,Actif,2026-06-29T00:14:35.903996,haute
BJ-DA809B4F,Cloud Data Dassa-Zoumè,Technologie & IT,Dassa-Zoumè,+229 90 60 99 95,cloud.data.dassazoumè@cloud.data.dassazoumè.com,clouddatadassazoumè.bj,Grande (>200),B2C,CCIB Annuaire,,Actif,2026-06-29T00:14:35.904029,haute
BJ-27C9AE28,Digital Network,Technologie & IT,Savalou,+229 30 81 82 39,digital.network@digital.network.benin,digitalnetwork.bj,PME (10-50),B2C,CCIB Annuaire,,Actif,2026-06-29T00:14:35.904069,haute
BJ-D905CB23,Système Digital Savalou,Technologie & IT,Savalou,+229 77 80 84 51,système.digital.savalou@système.digital.savalou.com,systèmedigitalsavalou.bj,PME (10-50),B2C,CCIB Annuaire,,Actif,2026-06-29T00:14:35.904098,haute
BJ-77FED179,Net AI,Technologie & IT,Savalou,+229 61 90 50 41,net.ai@net.ai.bj,netai.bj,PME (10-50),B2B,CCIB Annuaire,,Actif,2026-06-29T00:14:35.904133,haute
BJ-EDFE0495,Digital Network Tech,Technologie & IT,Savalou,+229 79 26 45 48,digital.network.tech@digital.network.tech.net,digitalnetworktech.bj,TPE (<10),B2B,CCIB Annuaire,,Actif,2026-06-29T00:14:35.904171,haute
BJ-543904B3,Système Digital,Technologie & IT,Savalou,+229 35 74 76 80,système.digital@système.digital.benin,,Grande (>200),B2B,CCIB Annuaire,,Actif,2026-06-29T00:14:35.904201,moyenne
BJ-8B585313,Smart Technologie Bénin Bantè,Technologie & IT,Bantè,+229 95 92 24 25,smart.technologie.bénin.bantè@smart.technologie.bénin.bantè.org,,TPE (<10),B2B,CCIB Annuaire,,Actif,2026-06-29T00:14:35.904267,moyenne
BJ-63EF2219,Net Cloud Solutions,Technologie & IT,Bantè,+229 47 75 43 29,net.cloud.solutions@net.cloud.solutions.com,netcloudsolutions.bj,PME (10-50),B2C,CCIB Annuaire,,Actif,2026-06-29T00:14:35.904298,haute
BJ-B89F7FF4,Système SARL,Technologie & IT,Bantè,+229 20 17 89 44,système.sarl@système.sarl.net,systèmesarl.bj,PME (50-200),B2C,CCIB Annuaire,,Actif,2026-06-29T00:14:35.904330,haute
BJ-31E7D859,Mobile SARL Bantè,Technologie & IT,Bantè,+229 78 80 22 56,mobile.sarl.bantè@mobile.sarl.bantè.net,mobilesarlbantè.bj,TPE (<10),B2C,CCIB Annuaire,,Actif,2026-06-29T00:14:35.904363,haute
BJ-A6FFC772,Net Intelligence Africa,Technologie & IT,Bantè,+229 94 97 17 96,net.intelligence.africa@net.intelligence.africa.org,netintelligenceafrica.bj,PME (10-50),B2B,CCIB Annuaire,,Actif,2026-06-29T00:14:35.904394,haute
BJ-DCA6FC47,Data Cyber,Technologie & IT,Djougou,+229 69 17 21 67,data.cyber@data.cyber.benin,datacyber.bj,PME (10-50),B2B,CCIB Annuaire,,Actif,2026-06-29T00:14:35.904438,haute
BJ-493375E8,Soft AI SARL,Technologie & IT,Djougou,+229 68 55 30 31,soft.ai.sarl@soft.ai.sarl.bj,softaisarl.bj,TPE (<10),B2C,CCIB Annuaire,,Actif,2026-06-29T00:14:35.904469,haute
BJ-ADB268A2,Informatique Bénin Djougou,Technologie & IT,Djougou,+229 42 72 17 92,informatique.bénin.djougou@informatique.bénin.djougou.benin,informatiquebénindjougou.bj,PME (50-200),B2B,CCIB Annuaire,,Actif,2026-06-29T00:14:35.904504,haute
BJ-AB411BE1,Smart Cloud Djougou,Technologie & IT,Djougou,+229 97 19 17 72,smart.cloud.djougou@smart.cloud.djougou.bj,smartclouddjougou.bj,PME (10-50),B2B,CCIB Annuaire,,Actif,2026-06-29T00:14:35.904540,haute
BJ-ECCFB879,Mobile,Technologie & IT,Djougou,+229 47 35 23 75,,mobile.bj,PME (50-200),B2B,CCIB Annuaire,,Actif,2026-06-29T00:14:35.904568,moyenne
BJ-EAA5DC5B,Data Soft,Technologie & IT,Ouèssè,+229 84 45 19 31,data.soft@data.soft.org,datasoft.bj,PME (10-50),B2B,CCIB Annuaire,,Actif,2026-06-29T00:14:35.904611,haute
BJ-5921ABE5,Soft Informatique,Technologie & IT,Ouèssè,+229 60 56 34 19,soft.informatique@soft.informatique.org,softinformatique.bj,TPE (<10),B2B,CCIB Annuaire,,Actif,2026-06-29T00:14:35.904647,haute
BJ-70B4C13C,Système,Technologie & IT,Ouèssè,+229 20 50 74 65,,,PME (10-50),B2B,CCIB Annuaire,,Actif,2026-06-29T00:14:35.904675,basse
BJ-92E11C8E,Tech Mobile,Technologie & IT,Ouèssè,+229 99 84 20 84,tech.mobile@tech.mobile.benin,techmobile.bj,PME (10-50),B2C,CCIB Annuaire,,Actif,2026-06-29T00:14:35.904705,haute
BJ-A5AFA555,Data Solution,Technologie & IT,Ouèssè,+229 53 32 11 11,data.solution@data.solution.bj,datasolution.bj,TPE (<10),B2C,CCIB Annuaire,,Actif,2026-06-29T00:14:35.904735,haute
BJ-20289A19,Net Mobile Africa,Technologie & IT,Bassila,+229 23 43 99 83,net.mobile.africa@net.mobile.africa.com,,TPE (<10),B2C,CCIB Annuaire,,Actif,2026-06-29T00:14:35.904778,moyenne
BJ-377164BD,Cloud Mobile Tech Bassila,Technologie & IT,Bassila,+229 39 30 14 35,,cloudmobiletechbassila.bj,PME (50-200),B2C,CCIB Annuaire,,Actif,2026-06-29T00:14:35.904811,moyenne
BJ-455138B3,Data Bassila,Technologie & IT,Bassila,+229 65 65 98 17,data.bassila@data.bassila.bj,databassila.bj,TPE (<10),B2B,CCIB Annuaire,,Actif,2026-06-29T00:14:35.904847,haute
BJ-50265B4B,Security Systems,Technologie & IT,Bassila,+229 50 78 88 94,security.systems@security.systems.com,,TPE (<10),B2C,CCIB Annuaire,,Actif,2026-06-29T00:14:35.904879,moyenne
BJ-BA1D32F8,Application Soft,Technologie & IT,Bassila,+229 71 43 99 13,application.soft@application.soft.com,applicationsoft.bj,PME (10-50),B2C,CCIB Annuaire,,Actif,2026-06-29T00:14:35.904917,haute
BJ-B200F0BC,Net Network,Technologie & IT,Pehunco,+229 66 31 19 64,net.network@net.network.org,netnetwork.bj,Grande (>200),B2B,CCIB Annuaire,,Actif,2026-06-29T00:14:35.904956,haute
BJ-734FF300,Soft Solution,Technologie & IT,Pehunco,+229 88 27 33 91,soft.solution@soft.solution.net,softsolution.bj,TPE (<10),B2B,CCIB Annuaire,,Actif,2026-06-29T00:14:35.904985,haute
BJ-CA92E7CF,Système Bénin Pehunco,Technologie & IT,Pehunco,+229 65 31 31 13,système.bénin.pehunco@système.bénin.pehunco.com,systèmebéninpehunco.bj,PME (50-200),B2C,CCIB Annuaire,,Actif,2026-06-29T00:14:35.905016,haute
BJ-CF559DF0,Digital Système Pehunco,Technologie & IT,Pehunco,+229 87 23 88 73,digital.système.pehunco@digital.système.pehunco.com,,TPE (<10),B2C,CCIB Annuaire,,Actif,2026-06-29T00:14:35.905053,moyenne
BJ-EAAEE0AD,Digital Africa,Technologie & IT,Pehunco,+229 36 76 38 13,digital.africa@digital.africa.net,,TPE (<10),B2B,CCIB Annuaire,,Actif,2026-06-29T00:14:35.905079,moyenne
BJ-3CA96095,Système,Technologie & IT,Copargo,+229 77 57 80 23,système@système.com,système.bj,PME (10-50),B2C,CCIB Annuaire,,Actif,2026-06-29T00:14:35.905122,haute
BJ-B780496F,Data Web Digital Copargo,Technologie & IT,Copargo,+229 67 70 49 36,data.web.digital.copargo@data.web.digital.copargo.org,,TPE (<10),B2C,CCIB Annuaire,,Actif,2026-06-29T00:14:35.905157,moyenne
BJ-B6A29F99,Network,Technologie & IT,Copargo,+229 59 98 24 38,network@network.com,network.bj,TPE (<10),B2C,CCIB Annuaire,,Actif,2026-06-29T00:14:35.905187,haute
BJ-0B17A908,Security Systems,Technologie & IT,Copargo,+229 36 18 19 41,security.systems@security.systems.com,securitysystems.bj,PME (10-50),B2C,CCIB Annuaire,,Actif,2026-06-29T00:14:35.905225,haute
BJ-17842954,Net Data Copargo,Technologie & IT,Copargo,+229 99 37 92 89,net.data.copargo@net.data.copargo.net,netdatacopargo.bj,PME (10-50),B2B,CCIB Annuaire,,Actif,2026-06-29T00:14:35.905244,haute
BJ-E3A08AD8,Électronique Industry,Industrie & Manufacture,Cotonou,+229 30 71 62 59,électronique.industry@électronique.industry.net,,PME (10-50),B2B,CCIB Annuaire,,Actif,2026-06-29T00:14:35.905269,moyenne
BJ-EA122FE9,Alimentaire Africa Cotonou,Industrie & Manufacture,Cotonou,+229 26 68 64 30,alimentaire.africa.cotonou@alimentaire.africa.cotonou.net,alimentaireafricacotonou.bj,PME (10-50),B2B,CCIB Annuaire,,Actif,2026-06-29T00:14:35.905284,haute
BJ-0A58475A,Fabrication Cotonou,Industrie & Manufacture,Cotonou,+229 58 38 60 59,fabrication.cotonou@fabrication.cotonou.org,,TPE (<10),B2B,CCIB Annuaire,,Actif,2026-06-29T00:14:35.905297,moyenne
BJ-1ABF478A,Alimentaire Manufacture,Industrie & Manufacture,Cotonou,+229 27 78 86 80,,alimentairemanufacture.bj,PME (10-50),B2B,CCIB Annuaire,,Actif,2026-06-29T00:14:35.905309,moyenne
BJ-A8332742,Atelier Automobile,Industrie & Manufacture,Cotonou,+229 81 90 68 87,atelier.automobile@atelier.automobile.bj,atelierautomobile.bj,TPE (<10),B2B,CCIB Annuaire,,Actif,2026-06-29T00:14:35.905322,haute
BJ-40CDA4EB,Alimentaire Abomey-Calavi,Industrie & Manufacture,Abomey-Calavi,+229 82 23 24 77,alimentaire.abomeycalavi@alimentaire.abomeycalavi.bj,,TPE (<10),B2B,CCIB Annuaire,,Actif,2026-06-29T00:14:35.905342,moyenne
BJ-A9EA6933,Électronique Industry,Industrie & Manufacture,Abomey-Calavi,+229 97 19 76 77,électronique.industry@électronique.industry.com,,PME (10-50),B2B,CCIB Annuaire,,Actif,2026-06-29T00:14:35.905356,moyenne
BJ-598C41DD,Fabrique Plastique,Industrie & Manufacture,Abomey-Calavi,+229 77 72 89 24,,,TPE (<10),B2B,CCIB Annuaire,,Actif,2026-06-29T00:14:35.905367,basse
BJ-7C629713,Plastique Industry,Industrie & Manufacture,Abomey-Calavi,+229 34 52 93 96,plastique.industry@plastique.industry.benin,plastiqueindustry.bj,PME (10-50),B2B,CCIB Annuaire,,Actif,2026-06-29T00:14:35.905406,haute
BJ-B55844CC,Atelier Fabrication,Industrie & Manufacture,Abomey-Calavi,+229 31 80 86 66,atelier.fabrication@atelier.fabrication.net,atelierfabrication.bj,PME (10-50),B2B,CCIB Annuaire,,Actif,2026-06-29T00:14:35.905420,haute
BJ-CCCBC5ED,Manufacture Mécanique Africa,Industrie & Manufacture,Porto-Novo,+229 64 47 69 88,,manufacturemécaniqueafrica.bj,PME (50-200),B2B,CCIB Annuaire,,Actif,2026-06-29T00:14:35.905440,moyenne
BJ-B53587E5,Électronique,Industrie & Manufacture,Porto-Novo,+229 90 47 39 95,électronique@électronique.net,électronique.bj,PME (10-50),B2B,CCIB Annuaire,,Actif,2026-06-29T00:14:35.905454,haute
BJ-9CD67581,Production Électronique SARL,Industrie & Manufacture,Porto-Novo,+229 87 29 85 14,,productionélectroniquesarl.bj,TPE (<10),B2B,CCIB Annuaire,,Actif,2026-06-29T00:14:35.905482,moyenne
BJ-488BDD7C,Fabrique Bois Bénin,Industrie & Manufacture,Porto-Novo,+229 82 96 57 51,,fabriqueboisbénin.bj,TPE (<10),B2B,CCIB Annuaire,,Actif,2026-06-29T00:14:35.905495,moyenne
BJ-5B53AA6F,Automobile Parakou,Industrie & Manufacture,Parakou,+229 65 10 24 40,,,PME (10-50),B2B,CCIB Annuaire,,Actif,2026-06-29T00:14:35.905513,basse
BJ-E1FC0A01,Industrie Métal Industry,Industrie & Manufacture,Parakou,+229 89 57 96 30,,industriemétalindustry.bj,PME (10-50),B2B,CCIB Annuaire,,Actif,2026-06-29T00:14:35.905526,moyenne
BJ-358E5A34,Fabrique Transformation,Industrie & Manufacture,Parakou,+229 99 44 55 21,,fabriquetransformation.bj,PME (10-50),B2B,CCIB Annuaire,,Actif,2026-06-29T00:14:35.905537,moyenne
BJ-D118998C,Textile Manufacture,Industrie & Manufacture,Parakou,+229 50 40 74 55,textile.manufacture@textile.manufacture.org,,PME (10-50),B2B,CCIB Annuaire,,Actif,2026-06-29T00:14:35.905558,moyenne
BJ-EEA312AA,Automobile Industry,Industrie & Manufacture,Parakou,+229 68 23 10 86,automobile.industry@automobile.industry.benin,automobileindustry.bj,PME (50-200),B2B,CCIB Annuaire,,Actif,2026-06-29T00:14:35.905572,haute
BJ-FC71CC40,Fabrique Transformation Industry,Industrie & Manufacture,Bohicon,+229 99 81 71 20,fabrique.transformation.industry@fabrique.transformation.industry.bj,fabriquetransformationindustry.bj,PME (50-200),B2B,CCIB Annuaire,,Actif,2026-06-29T00:14:35.905592,haute
BJ-0F238D9D,Métal Factory,Industrie & Manufacture,Bohicon,+229 24 85 68 62,métal.factory@métal.factory.org,,PME (50-200),B2B,CCIB Annuaire,,Actif,2026-06-29T00:14:35.905621,moyenne
BJ-6DC3492D,Manufacture Bois Bohicon,Industrie & Manufacture,Bohicon,+229 78 38 90 51,manufacture.bois.bohicon@manufacture.bois.bohicon.com,,PME (50-200),B2B,CCIB Annuaire,,Actif,2026-06-29T00:14:35.905633,moyenne
BJ-0E369275,Mécanique Africa,Industrie & Manufacture,Bohicon,+229 60 71 84 57,mécanique.africa@mécanique.africa.org,mécaniqueafrica.bj,PME (50-200),B2B,CCIB Annuaire,,Actif,2026-06-29T00:14:35.905647,haute
BJ-FD54DD22,Industrie Automobile Bénin,Industrie & Manufacture,Natitingou,+229 78 26 90 34,,,PME (10-50),B2B,CCIB Annuaire,,Actif,2026-06-29T00:14:35.905678,basse
BJ-043E70C5,Manufacture Métal,Industrie & Manufacture,Natitingou,+229 35 98 66 83,manufacture.métal@manufacture.métal.net,,PME (10-50),B2B,CCIB Annuaire,,Actif,2026-06-29T00:14:35.905691,moyenne
BJ-66E4A3B4,Chimie,Industrie & Manufacture,Natitingou,+229 63 99 79 82,,chimie.bj,PME (10-50),B2B,CCIB Annuaire,,Actif,2026-06-29T00:14:35.905706,moyenne
BJ-94F9A5A0,Industrie Fabrication,Industrie & Manufacture,Natitingou,+229 57 42 91 74,industrie.fabrication@industrie.fabrication.bj,,PME (10-50),B2B,CCIB Annuaire,,Actif,2026-06-29T00:14:35.905722,moyenne
BJ-2476182A,Chimie Lokossa,Industrie & Manufacture,Lokossa,+229 26 28 28 61,,,PME (10-50),B2B,CCIB Annuaire,,Actif,2026-06-29T00:14:35.905739,basse
BJ-4E0390FA,Industrie Métal,Industrie & Manufacture,Lokossa,+229 92 43 85 56,industrie.métal@industrie.métal.benin,,PME (50-200),B2B,CCIB Annuaire,,Actif,2026-06-29T00:14:35.905752,moyenne
BJ-DB6BB9E4,Atelier Plastique Factory,Industrie & Manufacture,Lokossa,+229 76 40 51 57,atelier.plastique.factory@atelier.plastique.factory.com,atelierplastiquefactory.bj,TPE (<10),B2B,CCIB Annuaire,,Actif,2026-06-29T00:14:35.905765,haute
BJ-732BE0E1,Manufacture Bois SARL,Industrie & Manufacture,Lokossa,+229 87 33 57 49,manufacture.bois.sarl@manufacture.bois.sarl.net,manufactureboissarl.bj,TPE (<10),B2B,CCIB Annuaire,,Actif,2026-06-29T00:14:35.905777,haute
BJ-21C82034,Mécanique,Industrie & Manufacture,Lokossa,+229 56 28 98 70,mécanique@mécanique.net,mécanique.bj,TPE (<10),B2B,CCIB Annuaire,,Actif,2026-06-29T00:14:35.905793,haute
BJ-6612BB93,Fabrication,Industrie & Manufacture,Ouidah,+229 28 94 77 37,,,PME (10-50),B2B,CCIB Annuaire,,Actif,2026-06-29T00:14:35.905813,basse
BJ-BF3CBCFC,Usine Textile,Industrie & Manufacture,Ouidah,+229 85 50 28 56,,,PME (10-50),B2B,CCIB Annuaire,,Actif,2026-06-29T00:14:35.905825,basse
BJ-FF3C719A,Industrie Automobile,Industrie & Manufacture,Ouidah,+229 34 45 25 67,industrie.automobile@industrie.automobile.net,industrieautomobile.bj,PME (50-200),B2B,CCIB Annuaire,,Actif,2026-06-29T00:14:35.905838,haute
BJ-91FB9908,Bois Groupe,Industrie & Manufacture,Ouidah,+229 52 18 68 82,,boisgroupe.bj,TPE (<10),B2B,CCIB Annuaire,,Actif,2026-06-29T00:14:35.905853,moyenne
BJ-B42D825F,Textile Africa,Industrie & Manufacture,Ouidah,+229 49 35 14 42,,textileafrica.bj,PME (10-50),B2B,CCIB Annuaire,,Actif,2026-06-29T00:14:35.905865,moyenne
BJ-3772139F,Fabrique Bois Factory,Industrie & Manufacture,Savalou,+229 59 60 54 10,,fabriqueboisfactory.bj,PME (50-200),B2B,CCIB Annuaire,,Actif,2026-06-29T00:14:35.905882,moyenne
BJ-2FFDA12A,Bois Groupe,Industrie & Manufacture,Savalou,+229 61 92 81 43,bois.groupe@bois.groupe.benin,boisgroupe.bj,TPE (<10),B2B,CCIB Annuaire,,Actif,2026-06-29T00:14:35.905912,haute
BJ-077F7C51,Automobile Factory,Industrie & Manufacture,Savalou,+229 35 99 87 82,,automobilefactory.bj,TPE (<10),B2B,CCIB Annuaire,,Actif,2026-06-29T00:14:35.905925,moyenne
BJ-2F7A300A,Fabrique Alimentaire,Industrie & Manufacture,Savalou,+229 44 82 37 72,fabrique.alimentaire@fabrique.alimentaire.net,,PME (50-200),B2B,CCIB Annuaire,,Actif,2026-06-29T00:14:35.905942,moyenne
BJ-F95889D8,Fabrique Alimentaire Factory Savalou,Industrie & Manufacture,Savalou,+229 55 13 71 19,,fabriquealimentairefactorysavalou.bj,Grande (>200),B2B,CCIB Annuaire,,Actif,2026-06-29T00:14:35.905954,moyenne
BJ-43B65FBD,Transformation Manufacture,Industrie & Manufacture,Dassa-Zoumè,+229 35 61 90 37,transformation.manufacture@transformation.manufacture.org,transformationmanufacture.bj,PME (50-200),B2B,CCIB Annuaire,,Actif,2026-06-29T00:14:35.905975,haute
BJ-33182AD8,Atelier Production SA,Industrie & Manufacture,Dassa-Zoumè,+229 39 90 42 63,atelier.production.sa@atelier.production.sa.net,,PME (10-50),B2B,CCIB Annuaire,,Actif,2026-06-29T00:14:35.905999,moyenne
BJ-15568928,Fabrication SA Dassa-Zoumè,Industrie & Manufacture,Dassa-Zoumè,+229 65 46 13 26,,fabricationsadassazoumè.bj,PME (10-50),B2B,CCIB Annuaire,,Actif,2026-06-29T00:14:35.906016,moyenne
BJ-9D5D39AA,Transformation Groupe,Industrie & Manufacture,Dassa-Zoumè,+229 58 91 55 63,,,PME (10-50),B2B,CCIB Annuaire,,Actif,2026-06-29T00:14:35.906027,basse
BJ-0B80D2CC,Transformation Groupe,Industrie & Manufacture,Kétou,+229 79 13 91 46,,transformationgroupe.bj,TPE (<10),B2B,CCIB Annuaire,,Actif,2026-06-29T00:14:35.906046,moyenne
BJ-4FB2ECC5,Atelier Transformation,Industrie & Manufacture,Kétou,+229 70 44 49 80,atelier.transformation@atelier.transformation.org,,TPE (<10),B2B,CCIB Annuaire,,Actif,2026-06-29T00:14:35.906059,moyenne
BJ-AA287DF2,Automobile,Industrie & Manufacture,Kétou,+229 29 35 76 11,,automobile.bj,TPE (<10),B2B,CCIB Annuaire,,Actif,2026-06-29T00:14:35.906074,moyenne
BJ-21FA84B3,Manufacture Automobile Factory,Industrie & Manufacture,Kétou,+229 53 43 26 89,,manufactureautomobilefactory.bj,TPE (<10),B2B,CCIB Annuaire,,Actif,2026-06-29T00:14:35.906087,moyenne
BJ-CFB9D254,Plastique Kétou,Industrie & Manufacture,Kétou,+229 29 91 47 24,plastique.kétou@plastique.kétou.org,,PME (50-200),B2B,CCIB Annuaire,,Actif,2026-06-29T00:14:35.906100,moyenne
BJ-E05F6615,Chimie,Industrie & Manufacture,Covè,+229 33 76 74 34,chimie@chimie.bj,,TPE (<10),B2B,CCIB Annuaire,,Actif,2026-06-29T00:14:35.906118,moyenne
BJ-2952C3DB,Fabrique Pharmaceutique Factory,Industrie & Manufacture,Covè,+229 51 77 96 78,fabrique.pharmaceutique.factory@fabrique.pharmaceutique.factory.bj,,TPE (<10),B2B,CCIB Annuaire,,Actif,2026-06-29T00:14:35.906131,moyenne
BJ-A846DFC4,Atelier Plastique,Industrie & Manufacture,Covè,+229 73 47 87 48,atelier.plastique@atelier.plastique.org,,TPE (<10),B2B,CCIB Annuaire,,Actif,2026-06-29T00:14:35.906143,moyenne
BJ-AC03DD91,Pharmaceutique Industry,Industrie & Manufacture,Covè,+229 73 61 17 99,pharmaceutique.industry@pharmaceutique.industry.bj,,Grande (>200),B2B,CCIB Annuaire,,Actif,2026-06-29T00:14:35.906158,moyenne
BJ-704623D7,Mécanique SARL,Industrie & Manufacture,Covè,+229 51 49 41 69,mécanique.sarl@mécanique.sarl.benin,mécaniquesarl.bj,PME (10-50),B2B,CCIB Annuaire,,Actif,2026-06-29T00:14:35.906172,haute
BJ-DE401BAA,Électronique SARL,Industrie & Manufacture,Pobè,+229 50 96 37 85,électronique.sarl@électronique.sarl.net,,PME (50-200),B2B,CCIB Annuaire,,Actif,2026-06-29T00:14:35.906191,moyenne
BJ-78CD57D4,Manufacture Production SARL Pobè,Industrie & Manufacture,Pobè,+229 39 16 36 81,manufacture.production.sarl.pobè@manufacture.production.sarl.pobè.org,,PME (10-50),B2B,CCIB Annuaire,,Actif,2026-06-29T00:14:35.906208,moyenne
BJ-09EEBE04,Textile Pobè,Industrie & Manufacture,Pobè,+229 33 14 88 95,,,TPE (<10),B2B,CCIB Annuaire,,Actif,2026-06-29T00:14:35.906220,basse
BJ-D2F25E91,Fabrique Pharmaceutique SA,Industrie & Manufacture,Pobè,+229 84 77 53 14,fabrique.pharmaceutique.sa@fabrique.pharmaceutique.sa.benin,fabriquepharmaceutiquesa.bj,TPE (<10),B2B,CCIB Annuaire,,Actif,2026-06-29T00:14:35.906232,haute
BJ-5F275769,Chimie Factory,Industrie & Manufacture,Pobè,+229 45 82 96 55,chimie.factory@chimie.factory.bj,chimiefactory.bj,TPE (<10),B2B,CCIB Annuaire,,Actif,2026-06-29T00:14:35.906245,haute
BJ-84E8EA3C,Production Pharmaceutique Africa,Industrie & Manufacture,Sakété,+229 22 90 57 98,,productionpharmaceutiqueafrica.bj,PME (10-50),B2B,CCIB Annuaire,,Actif,2026-06-29T00:14:35.906263,moyenne
BJ-FB5B5DC9,Industrie Production Industry,Industrie & Manufacture,Sakété,+229 47 91 40 77,,industrieproductionindustry.bj,TPE (<10),B2B,CCIB Annuaire,,Actif,2026-06-29T00:14:35.906275,moyenne
BJ-34B83DAE,Plastique SARL,Industrie & Manufacture,Sakété,+229 96 21 72 42,plastique.sarl@plastique.sarl.com,,TPE (<10),B2B,CCIB Annuaire,,Actif,2026-06-29T00:14:35.906286,moyenne
BJ-051C2873,Fabrication,Industrie & Manufacture,Sakété,+229 41 11 42 83,,,TPE (<10),B2B,CCIB Annuaire,,Actif,2026-06-29T00:14:35.906300,basse
BJ-3B5E55E2,Production Groupe,Industrie & Manufacture,Sakété,+229 59 16 28 88,production.groupe@production.groupe.org,productiongroupe.bj,PME (10-50),B2B,CCIB Annuaire,,Actif,2026-06-29T00:14:35.906313,haute
BJ-47D180E9,Fabrication SA,Industrie & Manufacture,Adjara,+229 71 73 79 27,,fabricationsa.bj,PME (10-50),B2B,CCIB Annuaire,,Actif,2026-06-29T00:14:35.906331,moyenne
BJ-0C19DF20,Usine Électronique Industry Adjara,Industrie & Manufacture,Adjara,+229 99 79 19 75,usine.électronique.industry.adjara@usine.électronique.industry.adjara.org,usineélectroniqueindustryadjara.bj,TPE (<10),B2B,CCIB Annuaire,,Actif,2026-06-29T00:14:35.906346,haute
BJ-76A31E9F,Usine Fabrication SARL,Industrie & Manufacture,Adjara,+229 94 97 51 94,,usinefabricationsarl.bj,Grande (>200),B2B,CCIB Annuaire,,Actif,2026-06-29T00:14:35.906358,moyenne
BJ-EC86AAB9,Industrie Bois Adjara,Industrie & Manufacture,Adjara,+229 53 37 88 57,,industrieboisadjara.bj,PME (10-50),B2B,CCIB Annuaire,,Actif,2026-06-29T00:14:35.906370,moyenne
BJ-C7121B47,Atelier Automobile Adjara,Industrie & Manufacture,Adjara,+229 69 95 59 64,atelier.automobile.adjara@atelier.automobile.adjara.org,atelierautomobileadjara.bj,PME (10-50),B2B,CCIB Annuaire,,Actif,2026-06-29T00:14:35.906382,haute
BJ-6DF8E892,Manufacture Mécanique SARL Allada,Industrie & Manufacture,Allada,+229 64 29 36 59,manufacture.mécanique.sarl.allada@manufacture.mécanique.sarl.allada.benin,,PME (10-50),B2B,CCIB Annuaire,,Actif,2026-06-29T00:14:35.906401,moyenne
BJ-654480A0,Manufacture Mécanique,Industrie & Manufacture,Allada,+229 83 86 64 75,manufacture.mécanique@manufacture.mécanique.benin,manufacturemécanique.bj,PME (10-50),B2B,CCIB Annuaire,,Actif,2026-06-29T00:14:35.906419,haute
BJ-56E3476D,Plastique SA,Industrie & Manufacture,Allada,+229 76 47 67 72,plastique.sa@plastique.sa.benin,,TPE (<10),B2B,CCIB Annuaire,,Actif,2026-06-29T00:14:35.906434,moyenne
BJ-9CF70340,Automobile Allada,Industrie & Manufacture,Allada,+229 25 94 43 18,automobile.allada@automobile.allada.benin,,PME (50-200),B2B,CCIB Annuaire,,Actif,2026-06-29T00:14:35.906449,moyenne
BJ-B37DDB1E,Production Électronique Industry,Industrie & Manufacture,Allada,+229 30 27 76 48,,,PME (10-50),B2B,CCIB Annuaire,,Actif,2026-06-29T00:14:35.906461,basse
BJ-D1F76986,Production,Industrie & Manufacture,Aplahoué,+229 40 84 34 29,,production.bj,Grande (>200),B2B,CCIB Annuaire,,Actif,2026-06-29T00:14:35.906480,moyenne
BJ-C7151B44,Métal,Industrie & Manufacture,Aplahoué,+229 62 10 83 89,,métal.bj,TPE (<10),B2B,CCIB Annuaire,,Actif,2026-06-29T00:14:35.906492,moyenne
BJ-97518E87,Mécanique,Industrie & Manufacture,Aplahoué,+229 79 66 91 87,mécanique@mécanique.net,mécanique.bj,PME (10-50),B2B,CCIB Annuaire,,Actif,2026-06-29T00:14:35.906505,haute
BJ-52DD1F42,Bois SARL,Industrie & Manufacture,Aplahoué,+229 36 15 48 16,bois.sarl@bois.sarl.bj,boissarl.bj,TPE (<10),B2B,CCIB Annuaire,,Actif,2026-06-29T00:14:35.906518,haute
BJ-1840828D,Manufacture Pharmaceutique,Industrie & Manufacture,Aplahoué,+229 91 57 35 91,manufacture.pharmaceutique@manufacture.pharmaceutique.com,,TPE (<10),B2B,CCIB Annuaire,,Actif,2026-06-29T00:14:35.906530,moyenne
BJ-B9C6D376,Mécanique Manufacture,Industrie & Manufacture,Dogbo-Tota,+229 44 35 75 62,,,TPE (<10),B2B,CCIB Annuaire,,Actif,2026-06-29T00:14:35.906551,basse
BJ-F0A442A1,Atelier Transformation,Industrie & Manufacture,Dogbo-Tota,+229 41 23 90 24,atelier.transformation@atelier.transformation.benin,,PME (10-50),B2B,CCIB Annuaire,,Actif,2026-06-29T00:14:35.906564,moyenne
BJ-88C3FC06,Mécanique,Industrie & Manufacture,Dogbo-Tota,+229 83 78 45 63,,,PME (50-200),B2B,CCIB Annuaire,,Actif,2026-06-29T00:14:35.906589,basse
BJ-6EC28BDB,Usine Plastique,Industrie & Manufacture,Dogbo-Tota,+229 35 19 90 62,usine.plastique@usine.plastique.com,usineplastique.bj,PME (50-200),B2B,CCIB Annuaire,,Actif,2026-06-29T00:14:35.906602,haute
BJ-EEBC7EB5,Fabrique Métal Factory,Industrie & Manufacture,Kpomassè,+229 47 74 88 89,,,PME (50-200),B2B,CCIB Annuaire,,Actif,2026-06-29T00:14:35.906619,basse
BJ-3E2D8542,Usine Électronique,Industrie & Manufacture,Kpomassè,+229 32 60 99 22,,usineélectronique.bj,Grande (>200),B2B,CCIB Annuaire,,Actif,2026-06-29T00:14:35.906632,moyenne
BJ-E66C4ECA,Manufacture Bois,Industrie & Manufacture,Kpomassè,+229 27 43 45 55,,manufacturebois.bj,PME (10-50),B2B,CCIB Annuaire,,Actif,2026-06-29T00:14:35.906646,moyenne
BJ-7E295673,Pharmaceutique Factory,Industrie & Manufacture,Kpomassè,+229 60 60 99 17,,pharmaceutiquefactory.bj,PME (10-50),B2B,CCIB Annuaire,,Actif,2026-06-29T00:14:35.906658,moyenne
BJ-0D35D2AE,Métal SARL,Industrie & Manufacture,Kpomassè,+229 22 65 58 78,,,TPE (<10),B2B,CCIB Annuaire,,Actif,2026-06-29T00:14:35.906668,basse
BJ-A031D071,Manufacture Bois Industry,Industrie & Manufacture,Tori-Bossito,+229 22 12 33 98,,,PME (50-200),B2B,CCIB Annuaire,,Actif,2026-06-29T00:14:35.906685,basse
BJ-097F8064,Fabrication,Industrie & Manufacture,Tori-Bossito,+229 33 97 21 50,fabrication@fabrication.net,,PME (10-50),B2B,CCIB Annuaire,,Actif,2026-06-29T00:14:35.906697,moyenne
BJ-989A8EEA,Chimie,Industrie & Manufacture,Tori-Bossito,+229 82 11 22 72,chimie@chimie.org,chimie.bj,TPE (<10),B2B,CCIB Annuaire,,Actif,2026-06-29T00:14:35.906709,haute
BJ-CFB35ECD,Production,Industrie & Manufacture,Tori-Bossito,+229 49 64 19 96,,,PME (10-50),B2B,CCIB Annuaire,,Actif,2026-06-29T00:14:35.906722,basse
BJ-8CE1797C,Atelier Alimentaire SARL,Industrie & Manufacture,Tori-Bossito,+229 66 34 99 43,,atelieralimentairesarl.bj,PME (50-200),B2B,CCIB Annuaire,,Actif,2026-06-29T00:14:35.906734,moyenne
BJ-978B11C2,Industrie Électronique Industry,Industrie & Manufacture,Grand-Popo,+229 45 34 68 28,,industrieélectroniqueindustry.bj,Grande (>200),B2B,CCIB Annuaire,,Actif,2026-06-29T00:14:35.906753,moyenne
BJ-DACD29BC,Chimie,Industrie & Manufacture,Grand-Popo,+229 63 51 19 68,chimie@chimie.com,chimie.bj,TPE (<10),B2B,CCIB Annuaire,,Actif,2026-06-29T00:14:35.906765,haute
BJ-BEF555D6,Électronique,Industrie & Manufacture,Grand-Popo,+229 75 19 14 93,,électronique.bj,TPE (<10),B2B,CCIB Annuaire,,Actif,2026-06-29T00:14:35.906780,moyenne
BJ-9AFCBC9E,Atelier Automobile Groupe Grand-Popo,Industrie & Manufacture,Grand-Popo,+229 50 19 78 84,,,Grande (>200),B2B,CCIB Annuaire,,Actif,2026-06-29T00:14:35.906792,basse
BJ-ED34F087,Production Électronique Industry,Industrie & Manufacture,Grand-Popo,+229 56 13 77 45,production.électronique.industry@production.électronique.industry.net,,PME (50-200),B2B,CCIB Annuaire,,Actif,2026-06-29T00:14:35.906804,moyenne
BJ-05F081C7,Plastique Bénin,Industrie & Manufacture,Athiémé,+229 33 11 22 30,,plastiquebénin.bj,Grande (>200),B2B,CCIB Annuaire,,Actif,2026-06-29T00:14:35.906822,moyenne
BJ-14B552EE,Fabrique Textile,Industrie & Manufacture,Athiémé,+229 77 65 49 43,,fabriquetextile.bj,TPE (<10),B2B,CCIB Annuaire,,Actif,2026-06-29T00:14:35.906834,moyenne
BJ-5B2AB744,Atelier Chimie,Industrie & Manufacture,Athiémé,+229 24 13 88 57,atelier.chimie@atelier.chimie.bj,atelierchimie.bj,TPE (<10),B2B,CCIB Annuaire,,Actif,2026-06-29T00:14:35.906847,haute
BJ-F0A2A7B4,Transformation,Industrie & Manufacture,Athiémé,+229 79 45 45 83,transformation@transformation.bj,transformation.bj,PME (10-50),B2B,CCIB Annuaire,,Actif,2026-06-29T00:14:35.906865,haute
BJ-0601C3E8,Fabrique Textile Factory,Industrie & Manufacture,Bopa,+229 85 80 36 23,fabrique.textile.factory@fabrique.textile.factory.org,,PME (10-50),B2B,CCIB Annuaire,,Actif,2026-06-29T00:14:35.906914,moyenne
BJ-59DBA29E,Plastique Bénin,Industrie & Manufacture,Bopa,+229 97 29 45 28,,,PME (10-50),B2B,CCIB Annuaire,,Actif,2026-06-29T00:14:35.906941,basse
BJ-4C397100,Alimentaire Bopa,Industrie & Manufacture,Bopa,+229 87 89 55 52,,alimentairebopa.bj,PME (50-200),B2B,CCIB Annuaire,,Actif,2026-06-29T00:14:35.906954,moyenne
BJ-86743470,Plastique Groupe,Industrie & Manufacture,Bopa,+229 92 53 99 70,plastique.groupe@plastique.groupe.net,plastiquegroupe.bj,PME (10-50),B2B,CCIB Annuaire,,Actif,2026-06-29T00:14:35.906966,haute
BJ-AC7C2FCA,Fabrique Alimentaire SARL,Industrie & Manufacture,Houéyogbé,+229 35 93 90 78,fabrique.alimentaire.sarl@fabrique.alimentaire.sarl.org,fabriquealimentairesarl.bj,PME (50-200),B2B,CCIB Annuaire,,Actif,2026-06-29T00:14:35.906987,haute
BJ-262EE522,Manufacture Plastique Factory,Industrie & Manufacture,Houéyogbé,+229 64 77 71 41,,manufactureplastiquefactory.bj,PME (10-50),B2B,CCIB Annuaire,,Actif,2026-06-29T00:14:35.906999,moyenne
BJ-88F39E25,Industrie Chimie,Industrie & Manufacture,Houéyogbé,+229 59 11 50 36,industrie.chimie@industrie.chimie.com,,PME (50-200),B2B,CCIB Annuaire,,Actif,2026-06-29T00:14:35.907011,moyenne
BJ-C6DA2F2E,Production SA Houéyogbé,Industrie & Manufacture,Houéyogbé,+229 70 26 30 18,,productionsahouéyogbé.bj,PME (10-50),B2B,CCIB Annuaire,,Actif,2026-06-29T00:14:35.907028,moyenne
BJ-4A6FBFBB,Production SA,Industrie & Manufacture,Houéyogbé,+229 58 25 30 79,production.sa@production.sa.org,productionsa.bj,TPE (<10),B2B,CCIB Annuaire,,Actif,2026-06-29T00:14:35.907041,haute
BJ-2FEE45FA,Fabrique Alimentaire Groupe,Industrie & Manufacture,Malanville,+229 64 51 58 11,,,PME (10-50),B2B,CCIB Annuaire,,Actif,2026-06-29T00:14:35.907058,basse
BJ-B881E2C1,Mécanique Industry,Industrie & Manufacture,Malanville,+229 98 94 38 30,mécanique.industry@mécanique.industry.com,,TPE (<10),B2B,CCIB Annuaire,,Actif,2026-06-29T00:14:35.907071,moyenne
BJ-8298FB63,Usine Production,Industrie & Manufacture,Malanville,+229 27 10 53 10,usine.production@usine.production.com,usineproduction.bj,PME (10-50),B2B,CCIB Annuaire,,Actif,2026-06-29T00:14:35.907083,haute
BJ-3F8B77B6,Automobile Malanville,Industrie & Manufacture,Malanville,+229 44 91 90 86,,,PME (10-50),B2B,CCIB Annuaire,,Actif,2026-06-29T00:14:35.907094,basse
BJ-26AC7C76,Textile,Industrie & Manufacture,Malanville,+229 90 25 53 36,,textile.bj,PME (10-50),B2B,CCIB Annuaire,,Actif,2026-06-29T00:14:35.907108,moyenne
BJ-2990BA82,Usine Chimie Bénin,Industrie & Manufacture,Kandi,+229 51 83 11 64,,usinechimiebénin.bj,PME (50-200),B2B,CCIB Annuaire,,Actif,2026-06-29T00:14:35.907127,moyenne
BJ-C4797D60,Usine Alimentaire Kandi,Industrie & Manufacture,Kandi,+229 94 58 97 45,usine.alimentaire.kandi@usine.alimentaire.kandi.org,usinealimentairekandi.bj,TPE (<10),B2B,CCIB Annuaire,,Actif,2026-06-29T00:14:35.907152,haute
BJ-1350C542,Industrie Bois SARL,Industrie & Manufacture,Kandi,+229 37 93 70 92,industrie.bois.sarl@industrie.bois.sarl.org,industrieboissarl.bj,TPE (<10),B2B,CCIB Annuaire,,Actif,2026-06-29T00:14:35.907167,haute
BJ-39A45D0E,Fabrique Pharmaceutique SA Kandi,Industrie & Manufacture,Kandi,+229 49 31 50 47,fabrique.pharmaceutique.sa.kandi@fabrique.pharmaceutique.sa.kandi.benin,fabriquepharmaceutiquesakandi.bj,PME (50-200),B2B,CCIB Annuaire,,Actif,2026-06-29T00:14:35.907183,haute
BJ-AE194A24,Manufacture Production,Industrie & Manufacture,Banikoara,+229 69 89 50 74,,manufactureproduction.bj,PME (10-50),B2B,CCIB Annuaire,,Actif,2026-06-29T00:14:35.907204,moyenne
BJ-A45AAFB6,Fabrique Automobile Bénin,Industrie & Manufacture,Banikoara,+229 35 55 45 69,fabrique.automobile.bénin@fabrique.automobile.bénin.net,fabriqueautomobilebénin.bj,PME (50-200),B2B,CCIB Annuaire,,Actif,2026-06-29T00:14:35.907219,haute
BJ-DFD3C73B,Métal Banikoara,Industrie & Manufacture,Banikoara,+229 60 43 93 56,,,TPE (<10),B2B,CCIB Annuaire,,Actif,2026-06-29T00:14:35.907243,basse
BJ-1BCBDEDA,Manufacture Mécanique Groupe,Industrie & Manufacture,Banikoara,+229 90 76 54 90,,manufacturemécaniquegroupe.bj,PME (10-50),B2B,CCIB Annuaire,,Actif,2026-06-29T00:14:35.907255,moyenne
BJ-C0031DEA,Automobile,Industrie & Manufacture,Ségbana,+229 89 73 85 37,automobile@automobile.com,,TPE (<10),B2B,CCIB Annuaire,,Actif,2026-06-29T00:14:35.907273,moyenne
BJ-F54D7609,Manufacture Métal,Industrie & Manufacture,Ségbana,+229 79 53 96 84,manufacture.métal@manufacture.métal.net,,TPE (<10),B2B,CCIB Annuaire,,Actif,2026-06-29T00:14:35.907286,moyenne
BJ-E99C4D82,Fabrique Plastique,Industrie & Manufacture,Ségbana,+229 92 82 78 13,fabrique.plastique@fabrique.plastique.org,fabriqueplastique.bj,PME (50-200),B2B,CCIB Annuaire,,Actif,2026-06-29T00:14:35.907299,haute
BJ-5AFDC773,Atelier Alimentaire Industry,Industrie & Manufacture,Ségbana,+229 59 96 29 93,atelier.alimentaire.industry@atelier.alimentaire.industry.net,atelieralimentaireindustry.bj,TPE (<10),B2B,CCIB Annuaire,,Actif,2026-06-29T00:14:35.907329,haute
BJ-A47A1578,Production Fabrication SA,Industrie & Manufacture,Karimama,+229 76 17 96 20,production.fabrication.sa@production.fabrication.sa.com,,TPE (<10),B2B,CCIB Annuaire,,Actif,2026-06-29T00:14:35.907347,moyenne
BJ-C3CB18FD,Atelier Pharmaceutique SA,Industrie & Manufacture,Karimama,+229 65 56 78 64,atelier.pharmaceutique.sa@atelier.pharmaceutique.sa.net,atelierpharmaceutiquesa.bj,TPE (<10),B2B,CCIB Annuaire,,Actif,2026-06-29T00:14:35.907359,haute
BJ-28BB34A0,Alimentaire Factory,Industrie & Manufacture,Karimama,+229 97 75 43 94,alimentaire.factory@alimentaire.factory.org,,TPE (<10),B2B,CCIB Annuaire,,Actif,2026-06-29T00:14:35.907375,moyenne
BJ-B165207D,Fabrique Alimentaire,Industrie & Manufacture,Karimama,+229 85 46 28 27,fabrique.alimentaire@fabrique.alimentaire.net,,Grande (>200),B2B,CCIB Annuaire,,Actif,2026-06-29T00:14:35.907387,moyenne
BJ-555CBFEF,Bois Factory,Industrie & Manufacture,Gogounou,+229 95 20 43 50,bois.factory@bois.factory.net,boisfactory.bj,PME (50-200),B2B,CCIB Annuaire,,Actif,2026-06-29T00:14:35.907417,haute
BJ-EE0842D0,Atelier Fabrication Bénin,Industrie & Manufacture,Gogounou,+229 72 31 85 18,atelier.fabrication.bénin@atelier.fabrication.bénin.net,atelierfabricationbénin.bj,PME (10-50),B2B,CCIB Annuaire,,Actif,2026-06-29T00:14:35.907431,haute
BJ-FA3610A9,Fabrication Gogounou,Industrie & Manufacture,Gogounou,+229 79 54 66 95,,,TPE (<10),B2B,CCIB Annuaire,,Actif,2026-06-29T00:14:35.907442,basse
BJ-FCCC0EC2,Fabrication,Industrie & Manufacture,Gogounou,+229 54 12 50 76,fabrication@fabrication.benin,,PME (50-200),B2B,CCIB Annuaire,,Actif,2026-06-29T00:14:35.907456,moyenne
BJ-E20E2A7B,Industrie Métal,Industrie & Manufacture,Gogounou,+229 69 15 63 78,,industriemétal.bj,PME (10-50),B2B,CCIB Annuaire,,Actif,2026-06-29T00:14:35.907469,moyenne
BJ-AA81AB65,Électronique Cobly,Industrie & Manufacture,Cobly,+229 31 49 64 73,électronique.cobly@électronique.cobly.org,électroniquecobly.bj,PME (10-50),B2B,CCIB Annuaire,,Actif,2026-06-29T00:14:35.907490,haute
BJ-02A4F9E1,Métal Groupe,Industrie & Manufacture,Cobly,+229 87 65 84 50,métal.groupe@métal.groupe.benin,,TPE (<10),B2B,CCIB Annuaire,,Actif,2026-06-29T00:14:35.907521,moyenne
BJ-C85A36EF,Manufacture Métal Factory Cobly,Industrie & Manufacture,Cobly,+229 40 29 54 33,manufacture.métal.factory.cobly@manufacture.métal.factory.cobly.com,manufacturemétalfactorycobly.bj,PME (10-50),B2B,CCIB Annuaire,,Actif,2026-06-29T00:14:35.907539,haute
BJ-93218B2D,Pharmaceutique Groupe,Industrie & Manufacture,Cobly,+229 84 91 33 91,pharmaceutique.groupe@pharmaceutique.groupe.org,,PME (50-200),B2B,CCIB Annuaire,,Actif,2026-06-29T00:14:35.907553,moyenne
BJ-8D784AFC,Industrie Transformation Tanguiéta,Industrie & Manufacture,Tanguiéta,+229 90 56 77 99,industrie.transformation.tanguiéta@industrie.transformation.tanguiéta.com,industrietransformationtanguiéta.bj,PME (10-50),B2B,CCIB Annuaire,,Actif,2026-06-29T00:14:35.907573,haute
BJ-9C7FA6FE,Industrie Plastique,Industrie & Manufacture,Tanguiéta,+229 83 90 40 61,,,PME (10-50),B2B,CCIB Annuaire,,Actif,2026-06-29T00:14:35.907584,basse
BJ-FBFD8069,Électronique Bénin,Industrie & Manufacture,Tanguiéta,+229 29 38 64 28,,électroniquebénin.bj,TPE (<10),B2B,CCIB Annuaire,,Actif,2026-06-29T00:14:35.907596,moyenne
BJ-9EFC3AA7,Production Tanguiéta,Industrie & Manufacture,Tanguiéta,+229 24 15 19 32,,productiontanguiéta.bj,TPE (<10),B2B,CCIB Annuaire,,Actif,2026-06-29T00:14:35.907611,moyenne
BJ-667D20F4,Électronique,Industrie & Manufacture,Tanguiéta,+229 50 57 39 98,électronique@électronique.org,électronique.bj,PME (10-50),B2B,CCIB Annuaire,,Actif,2026-06-29T00:14:35.907625,haute
BJ-BF72361D,Alimentaire SA,Industrie & Manufacture,Matéri,+229 27 66 63 42,alimentaire.sa@alimentaire.sa.bj,,TPE (<10),B2B,CCIB Annuaire,,Actif,2026-06-29T00:14:35.907646,moyenne
BJ-BAEBEA8A,Textile Groupe,Industrie & Manufacture,Matéri,+229 49 65 80 62,,,PME (10-50),B2B,CCIB Annuaire,,Actif,2026-06-29T00:14:35.907657,basse
BJ-44EA703B,Atelier Électronique,Industrie & Manufacture,Matéri,+229 25 53 54 70,atelier.électronique@atelier.électronique.net,,PME (10-50),B2B,CCIB Annuaire,,Actif,2026-06-29T00:14:35.907669,moyenne
BJ-F3F75BAF,Alimentaire Bénin,Industrie & Manufacture,Matéri,+229 43 59 94 70,,alimentairebénin.bj,Grande (>200),B2B,CCIB Annuaire,,Actif,2026-06-29T00:14:35.907681,moyenne
BJ-230F224C,Usine Chimie Groupe Matéri,Industrie & Manufacture,Matéri,+229 68 47 21 57,usine.chimie.groupe.matéri@usine.chimie.groupe.matéri.net,,PME (10-50),B2B,CCIB Annuaire,,Actif,2026-06-29T00:14:35.907693,moyenne
BJ-36220BA2,Bois Africa Natitingou,Industrie & Manufacture,Natitingou,+229 43 16 99 19,bois.africa.natitingou@bois.africa.natitingou.benin,,TPE (<10),B2B,CCIB Annuaire,,Actif,2026-06-29T00:14:35.907716,moyenne
BJ-CC276944,Manufacture Pharmaceutique,Industrie & Manufacture,Natitingou,+229 77 78 81 93,manufacture.pharmaceutique@manufacture.pharmaceutique.bj,manufacturepharmaceutique.bj,TPE (<10),B2B,CCIB Annuaire,,Actif,2026-06-29T00:14:35.907729,haute
BJ-EF14DF99,Production Fabrication,Industrie & Manufacture,Natitingou,+229 64 13 74 36,,,Grande (>200),B2B,CCIB Annuaire,,Actif,2026-06-29T00:14:35.907740,basse
BJ-F954CF3F,Manufacture Bois,Industrie & Manufacture,Natitingou,+229 86 83 60 24,manufacture.bois@manufacture.bois.net,,TPE (<10),B2B,CCIB Annuaire,,Actif,2026-06-29T00:14:35.907754,moyenne
BJ-B13FA460,Manufacture Métal,Industrie & Manufacture,Toucountouna,+229 31 49 77 30,manufacture.métal@manufacture.métal.net,manufacturemétal.bj,PME (10-50),B2B,CCIB Annuaire,,Actif,2026-06-29T00:14:35.907786,haute
BJ-07ED72D4,Fabrique Fabrication SA Toucountouna,Industrie & Manufacture,Toucountouna,+229 83 90 62 10,fabrique.fabrication.sa.toucountouna@fabrique.fabrication.sa.toucountouna.benin,fabriquefabricationsatoucountouna.bj,PME (50-200),B2B,CCIB Annuaire,,Actif,2026-06-29T00:14:35.907799,haute
BJ-096C330B,Atelier Mécanique,Industrie & Manufacture,Toucountouna,+229 39 70 96 54,,,Grande (>200),B2B,CCIB Annuaire,,Actif,2026-06-29T00:14:35.907810,basse
BJ-20069297,Production Électronique,Industrie & Manufacture,Toucountouna,+229 91 26 45 37,production.électronique@production.électronique.org,,TPE (<10),B2B,CCIB Annuaire,,Actif,2026-06-29T00:14:35.907822,moyenne
BJ-08970F68,Fabrication Toucountouna,Industrie & Manufacture,Toucountouna,+229 89 31 68 67,fabrication.toucountouna@fabrication.toucountouna.net,,TPE (<10),B2B,CCIB Annuaire,,Actif,2026-06-29T00:14:35.907834,moyenne
BJ-11CBDC9F,Textile Manufacture,Industrie & Manufacture,Boukoumbé,+229 42 12 40 97,textile.manufacture@textile.manufacture.bj,textilemanufacture.bj,Grande (>200),B2B,CCIB Annuaire,,Actif,2026-06-29T00:14:35.907851,haute
BJ-8D84D373,Atelier Électronique,Industrie & Manufacture,Boukoumbé,+229 48 83 96 75,,atelierélectronique.bj,TPE (<10),B2B,CCIB Annuaire,,Actif,2026-06-29T00:14:35.907867,moyenne
BJ-5A6F3F84,Manufacture Automobile,Industrie & Manufacture,Boukoumbé,+229 52 87 39 37,manufacture.automobile@manufacture.automobile.bj,,TPE (<10),B2B,CCIB Annuaire,,Actif,2026-06-29T00:14:35.907882,moyenne
BJ-9E95DD65,Production Chimie,Industrie & Manufacture,Boukoumbé,+229 61 34 31 71,production.chimie@production.chimie.org,productionchimie.bj,PME (10-50),B2B,CCIB Annuaire,,Actif,2026-06-29T00:14:35.907906,haute
BJ-91714178,Production Textile SA,Industrie & Manufacture,Kouandé,+229 48 11 28 93,,productiontextilesa.bj,PME (10-50),B2B,CCIB Annuaire,,Actif,2026-06-29T00:14:35.907935,moyenne
BJ-190E9002,Production Mécanique Africa,Industrie & Manufacture,Kouandé,+229 94 76 11 24,production.mécanique.africa@production.mécanique.africa.benin,,PME (10-50),B2B,CCIB Annuaire,,Actif,2026-06-29T00:14:35.907948,moyenne
BJ-142D0744,Automobile Groupe,Industrie & Manufacture,Kouandé,+229 58 10 20 13,,automobilegroupe.bj,PME (10-50),B2B,CCIB Annuaire,,Actif,2026-06-29T00:14:35.907960,moyenne
BJ-892F5A40,Plastique,Industrie & Manufacture,Kouandé,+229 84 34 49 86,,,PME (50-200),B2B,CCIB Annuaire,,Actif,2026-06-29T00:14:35.907971,basse
BJ-05560A29,Transformation SARL,Industrie & Manufacture,Kouandé,+229 28 40 66 40,transformation.sarl@transformation.sarl.benin,,TPE (<10),B2B,CCIB Annuaire,,Actif,2026-06-29T00:14:35.907982,moyenne
BJ-FEBE1AD2,Pharmaceutique,Industrie & Manufacture,Péhunco,+229 97 75 24 99,pharmaceutique@pharmaceutique.bj,,TPE (<10),B2B,CCIB Annuaire,,Actif,2026-06-29T00:14:35.908000,moyenne
BJ-26D855D8,Usine Pharmaceutique Bénin,Industrie & Manufacture,Péhunco,+229 53 91 40 56,,usinepharmaceutiquebénin.bj,PME (10-50),B2B,CCIB Annuaire,,Actif,2026-06-29T00:14:35.908012,moyenne
BJ-BA773367,Atelier Bois Manufacture Péhunco,Industrie & Manufacture,Péhunco,+229 46 16 63 32,atelier.bois.manufacture.péhunco@atelier.bois.manufacture.péhunco.bj,,PME (50-200),B2B,CCIB Annuaire,,Actif,2026-06-29T00:14:35.908025,moyenne
BJ-56AA128E,Manufacture Électronique Bénin,Industrie & Manufacture,Péhunco,+229 54 22 58 58,manufacture.électronique.bénin@manufacture.électronique.bénin.benin,,TPE (<10),B2B,CCIB Annuaire,,Actif,2026-06-29T00:14:35.908041,moyenne
BJ-7C409D02,Production Transformation,Industrie & Manufacture,Péhunco,+229 76 29 98 74,,,PME (10-50),B2B,CCIB Annuaire,,Actif,2026-06-29T00:14:35.908054,basse
BJ-C6F6721C,Atelier Mécanique Groupe,Industrie & Manufacture,Tchaourou,+229 77 25 25 13,,ateliermécaniquegroupe.bj,TPE (<10),B2B,CCIB Annuaire,,Actif,2026-06-29T00:14:35.908072,moyenne
BJ-1BF5B8D2,Bois,Industrie & Manufacture,Tchaourou,+229 52 46 78 57,bois@bois.benin,,PME (50-200),B2B,CCIB Annuaire,,Actif,2026-06-29T00:14:35.908085,moyenne
BJ-DC3FDE4F,Métal Tchaourou,Industrie & Manufacture,Tchaourou,+229 76 77 10 36,,,PME (10-50),B2B,CCIB Annuaire,,Actif,2026-06-29T00:14:35.908096,basse
BJ-E3FDA28B,Atelier Plastique,Industrie & Manufacture,Tchaourou,+229 70 21 34 36,atelier.plastique@atelier.plastique.benin,,PME (10-50),B2B,CCIB Annuaire,,Actif,2026-06-29T00:14:35.908108,moyenne
BJ-2DA23AE1,Chimie,Industrie & Manufacture,Nikki,+229 85 25 37 64,,,TPE (<10),B2B,CCIB Annuaire,,Actif,2026-06-29T00:14:35.908141,basse
BJ-B4E0BE89,Bois Bénin,Industrie & Manufacture,Nikki,+229 60 33 20 22,bois.bénin@bois.bénin.net,boisbénin.bj,Grande (>200),B2B,CCIB Annuaire,,Actif,2026-06-29T00:14:35.908155,haute
BJ-F7AD2026,Chimie Nikki,Industrie & Manufacture,Nikki,+229 59 10 15 54,,,TPE (<10),B2B,CCIB Annuaire,,Actif,2026-06-29T00:14:35.908166,basse
BJ-9437DCD2,Manufacture Métal SARL,Industrie & Manufacture,Nikki,+229 34 99 53 92,manufacture.métal.sarl@manufacture.métal.sarl.org,,PME (50-200),B2B,CCIB Annuaire,,Actif,2026-06-29T00:14:35.908182,moyenne
BJ-BFDA3729,Manufacture Alimentaire Groupe Nikki,Industrie & Manufacture,Nikki,+229 37 62 21 66,manufacture.alimentaire.groupe.nikki@manufacture.alimentaire.groupe.nikki.org,,TPE (<10),B2B,CCIB Annuaire,,Actif,2026-06-29T00:14:35.908195,moyenne
BJ-4FD9B630,Fabrique Transformation SA,Industrie & Manufacture,Bembéréké,+229 37 91 92 22,fabrique.transformation.sa@fabrique.transformation.sa.org,fabriquetransformationsa.bj,TPE (<10),B2B,CCIB Annuaire,,Actif,2026-06-29T00:14:35.908213,haute
BJ-421F5024,Industrie Bois Bembéréké,Industrie & Manufacture,Bembéréké,+229 45 13 77 87,industrie.bois.bembéréké@industrie.bois.bembéréké.net,,TPE (<10),B2B,CCIB Annuaire,,Actif,2026-06-29T00:14:35.908226,moyenne
BJ-47E4E144,Usine Plastique Bembéréké,Industrie & Manufacture,Bembéréké,+229 74 65 99 51,usine.plastique.bembéréké@usine.plastique.bembéréké.com,usineplastiquebembéréké.bj,Grande (>200),B2B,CCIB Annuaire,,Actif,2026-06-29T00:14:35.908240,haute
BJ-D4A57295,Mécanique Bembéréké,Industrie & Manufacture,Bembéréké,+229 41 36 32 46,mécanique.bembéréké@mécanique.bembéréké.net,,PME (10-50),B2B,CCIB Annuaire,,Actif,2026-06-29T00:14:35.908252,moyenne
BJ-9B1E5B03,Chimie,Industrie & Manufacture,Bembéréké,+229 23 45 42 28,,chimie.bj,PME (50-200),B2B,CCIB Annuaire,,Actif,2026-06-29T00:14:35.908264,moyenne
BJ-A7ABD817,Transformation,Industrie & Manufacture,Kalalé,+229 76 92 60 11,transformation@transformation.org,transformation.bj,Grande (>200),B2B,CCIB Annuaire,,Actif,2026-06-29T00:14:35.908282,haute
BJ-9FDA949B,Manufacture Automobile Factory,Industrie & Manufacture,Kalalé,+229 22 83 90 95,manufacture.automobile.factory@manufacture.automobile.factory.net,manufactureautomobilefactory.bj,Grande (>200),B2B,CCIB Annuaire,,Actif,2026-06-29T00:14:35.908300,haute
BJ-C16A5919,Atelier Métal SA,Industrie & Manufacture,Kalalé,+229 97 12 69 24,atelier.métal.sa@atelier.métal.sa.bj,,PME (10-50),B2B,CCIB Annuaire,,Actif,2026-06-29T00:14:35.908314,moyenne
BJ-80B11E57,Industrie Transformation Manufacture,Industrie & Manufacture,Kalalé,+229 50 80 37 26,industrie.transformation.manufacture@industrie.transformation.manufacture.net,,PME (10-50),B2B,CCIB Annuaire,,Actif,2026-06-29T00:14:35.908329,moyenne
BJ-A2DBC1AD,Pharmaceutique SARL,Industrie & Manufacture,Kalalé,+229 49 33 44 95,pharmaceutique.sarl@pharmaceutique.sarl.com,pharmaceutiquesarl.bj,PME (50-200),B2B,CCIB Annuaire,,Actif,2026-06-29T00:14:35.908342,haute
BJ-F917A4BD,Usine Textile Ndali,Industrie & Manufacture,Ndali,+229 58 56 82 57,usine.textile.ndali@usine.textile.ndali.bj,usinetextilendali.bj,PME (10-50),B2B,CCIB Annuaire,,Actif,2026-06-29T00:14:35.908360,haute
BJ-874512E8,Chimie Africa Ndali,Industrie & Manufacture,Ndali,+229 81 32 13 26,chimie.africa.ndali@chimie.africa.ndali.com,chimieafricandali.bj,TPE (<10),B2B,CCIB Annuaire,,Actif,2026-06-29T00:14:35.908377,haute
BJ-1D000E17,Alimentaire,Industrie & Manufacture,Ndali,+229 98 80 77 75,alimentaire@alimentaire.bj,,PME (10-50),B2B,CCIB Annuaire,,Actif,2026-06-29T00:14:35.908390,moyenne
BJ-51AA2B8B,Usine Fabrication,Industrie & Manufacture,Ndali,+229 87 62 26 97,usine.fabrication@usine.fabrication.benin,,Grande (>200),B2B,CCIB Annuaire,,Actif,2026-06-29T00:14:35.908402,moyenne
BJ-00363E0E,Automobile,Industrie & Manufacture,Ndali,+229 52 81 24 87,automobile@automobile.benin,automobile.bj,PME (10-50),B2B,CCIB Annuaire,,Actif,2026-06-29T00:14:35.908414,haute
BJ-A22A0D1A,Fabrique Production Africa,Industrie & Manufacture,Ségbana,+229 52 39 96 91,,fabriqueproductionafrica.bj,TPE (<10),B2B,CCIB Annuaire,,Actif,2026-06-29T00:14:35.908433,moyenne
BJ-CF5AC8F6,Atelier Textile,Industrie & Manufacture,Ségbana,+229 90 56 66 35,atelier.textile@atelier.textile.bj,ateliertextile.bj,Grande (>200),B2B,CCIB Annuaire,,Actif,2026-06-29T00:14:35.908445,haute
BJ-7374F427,Production Alimentaire Ségbana,Industrie & Manufacture,Ségbana,+229 71 24 77 37,,,Grande (>200),B2B,CCIB Annuaire,,Actif,2026-06-29T00:14:35.908456,basse
BJ-2A9C5A80,Métal Bénin,Industrie & Manufacture,Ségbana,+229 69 23 41 88,métal.bénin@métal.bénin.org,métalbénin.bj,PME (10-50),B2B,CCIB Annuaire,,Actif,2026-06-29T00:14:35.908474,haute
BJ-267C1C75,Manufacture Fabrication,Industrie & Manufacture,Ségbana,+229 93 62 26 23,manufacture.fabrication@manufacture.fabrication.com,manufacturefabrication.bj,TPE (<10),B2B,CCIB Annuaire,,Actif,2026-06-29T00:14:35.908487,haute
BJ-55BC4810,Usine Fabrication Bénin,Industrie & Manufacture,Tchaourou,+229 32 83 45 68,,usinefabricationbénin.bj,TPE (<10),B2B,CCIB Annuaire,,Actif,2026-06-29T00:14:35.908506,moyenne
BJ-A146545A,Textile Industry,Industrie & Manufacture,Tchaourou,+229 52 61 97 44,,,TPE (<10),B2B,CCIB Annuaire,,Actif,2026-06-29T00:14:35.908518,basse
BJ-80B330CF,Électronique Bénin Tchaourou,Industrie & Manufacture,Tchaourou,+229 86 10 48 71,électronique.bénin.tchaourou@électronique.bénin.tchaourou.org,,TPE (<10),B2B,CCIB Annuaire,,Actif,2026-06-29T00:14:35.908532,moyenne
BJ-3019CD6E,Manufacture Mécanique,Industrie & Manufacture,Tchaourou,+229 78 86 97 60,,,PME (10-50),B2B,CCIB Annuaire,,Actif,2026-06-29T00:14:35.908543,basse
BJ-88646D20,Usine Textile Factory Tchaourou,Industrie & Manufacture,Tchaourou,+229 25 50 17 25,usine.textile.factory.tchaourou@usine.textile.factory.tchaourou.benin,usinetextilefactorytchaourou.bj,Grande (>200),B2B,CCIB Annuaire,,Actif,2026-06-29T00:14:35.908555,haute
BJ-F7798AB3,Production Alimentaire,Industrie & Manufacture,Bétérou,+229 81 49 20 83,,,TPE (<10),B2B,CCIB Annuaire,,Actif,2026-06-29T00:14:35.908572,basse
BJ-45880FDB,Atelier Fabrication,Industrie & Manufacture,Bétérou,+229 78 69 33 64,,,PME (10-50),B2B,CCIB Annuaire,,Actif,2026-06-29T00:14:35.908583,basse
BJ-1AAD0A9B,Transformation,Industrie & Manufacture,Bétérou,+229 74 11 71 68,transformation@transformation.bj,transformation.bj,TPE (<10),B2B,CCIB Annuaire,,Actif,2026-06-29T00:14:35.908595,haute
BJ-DECBB468,Mécanique,Industrie & Manufacture,Bétérou,+229 81 95 28 93,,,Grande (>200),B2B,CCIB Annuaire,,Actif,2026-06-29T00:14:35.908611,basse
BJ-A715146C,Pharmaceutique SA,Industrie & Manufacture,Bétérou,+229 38 89 70 92,,,PME (50-200),B2B,CCIB Annuaire,,Actif,2026-06-29T00:14:35.908623,basse
BJ-CD3D3A06,Production Plastique SA,Industrie & Manufacture,Ouessè,+229 55 24 41 16,,productionplastiquesa.bj,TPE (<10),B2B,CCIB Annuaire,,Actif,2026-06-29T00:14:35.908643,moyenne
BJ-6B0CAB16,Métal Bénin,Industrie & Manufacture,Ouessè,+229 26 79 47 49,métal.bénin@métal.bénin.org,métalbénin.bj,PME (10-50),B2B,CCIB Annuaire,,Actif,2026-06-29T00:14:35.908660,haute
BJ-EEC9F1B3,Pharmaceutique,Industrie & Manufacture,Ouessè,+229 76 99 45 19,,,TPE (<10),B2B,CCIB Annuaire,,Actif,2026-06-29T00:14:35.908683,basse
BJ-5A6CD09F,Production Mécanique,Industrie & Manufacture,Ouessè,+229 92 98 50 50,production.mécanique@production.mécanique.com,productionmécanique.bj,TPE (<10),B2B,CCIB Annuaire,,Actif,2026-06-29T00:14:35.908696,haute
BJ-75F2FBC2,Production Fabrication SA Glazoué,Industrie & Manufacture,Glazoué,+229 23 92 28 66,production.fabrication.sa.glazoué@production.fabrication.sa.glazoué.bj,productionfabricationsaglazoué.bj,PME (50-200),B2B,CCIB Annuaire,,Actif,2026-06-29T00:14:35.908715,haute
BJ-970654B7,Usine Alimentaire Glazoué,Industrie & Manufacture,Glazoué,+229 44 49 86 14,usine.alimentaire.glazoué@usine.alimentaire.glazoué.org,usinealimentaireglazoué.bj,TPE (<10),B2B,CCIB Annuaire,,Actif,2026-06-29T00:14:35.908733,haute
BJ-76A6DAD9,Automobile Groupe,Industrie & Manufacture,Glazoué,+229 80 83 74 16,automobile.groupe@automobile.groupe.com,,PME (10-50),B2B,CCIB Annuaire,,Actif,2026-06-29T00:14:35.908745,moyenne
BJ-ADC91203,Automobile Industry,Industrie & Manufacture,Glazoué,+229 99 42 14 55,,automobileindustry.bj,TPE (<10),B2B,CCIB Annuaire,,Actif,2026-06-29T00:14:35.908759,moyenne
BJ-81C28C65,Fabrication Groupe,Industrie & Manufacture,Glazoué,+229 98 19 17 57,,,PME (10-50),B2B,CCIB Annuaire,,Actif,2026-06-29T00:14:35.908770,basse
BJ-44FE5905,Fabrique Textile Industry,Industrie & Manufacture,Dassa-Zoumè,+229 46 19 81 40,fabrique.textile.industry@fabrique.textile.industry.bj,,PME (10-50),B2B,CCIB Annuaire,,Actif,2026-06-29T00:14:35.908788,moyenne
BJ-FE1D87DB,Manufacture Pharmaceutique Dassa-Zoumè,Industrie & Manufacture,Dassa-Zoumè,+229 77 72 34 54,,,Grande (>200),B2B,CCIB Annuaire,,Actif,2026-06-29T00:14:35.908799,basse
BJ-8CF9BA7A,Bois SARL,Industrie & Manufacture,Dassa-Zoumè,+229 51 26 85 68,bois.sarl@bois.sarl.org,boissarl.bj,PME (10-50),B2B,CCIB Annuaire,,Actif,2026-06-29T00:14:35.908812,haute
BJ-C4B91766,Atelier Plastique SARL,Industrie & Manufacture,Dassa-Zoumè,+229 79 90 83 25,atelier.plastique.sarl@atelier.plastique.sarl.bj,atelierplastiquesarl.bj,TPE (<10),B2B,CCIB Annuaire,,Actif,2026-06-29T00:14:35.908840,haute
BJ-5AB3A51D,Métal,Industrie & Manufacture,Savalou,+229 68 56 48 49,,,TPE (<10),B2B,CCIB Annuaire,,Actif,2026-06-29T00:14:35.908857,basse
BJ-3DDB7C63,Fabrique Textile,Industrie & Manufacture,Savalou,+229 25 75 80 95,,fabriquetextile.bj,TPE (<10),B2B,CCIB Annuaire,,Actif,2026-06-29T00:14:35.908868,moyenne
BJ-67568B61,Mécanique Savalou,Industrie & Manufacture,Savalou,+229 28 90 13 99,mécanique.savalou@mécanique.savalou.org,,PME (10-50),B2B,CCIB Annuaire,,Actif,2026-06-29T00:14:35.908884,moyenne
BJ-36585C1D,Production Textile Manufacture,Industrie & Manufacture,Savalou,+229 58 64 52 55,,,Grande (>200),B2B,CCIB Annuaire,,Actif,2026-06-29T00:14:35.908913,basse
BJ-021349A0,Atelier Chimie Groupe,Industrie & Manufacture,Savalou,+229 66 40 68 77,atelier.chimie.groupe@atelier.chimie.groupe.bj,,PME (10-50),B2B,CCIB Annuaire,,Actif,2026-06-29T00:14:35.908927,moyenne
BJ-3A9B8C8E,Atelier Chimie Factory,Industrie & Manufacture,Bantè,+229 43 57 44 95,atelier.chimie.factory@atelier.chimie.factory.com,,TPE (<10),B2B,CCIB Annuaire,,Actif,2026-06-29T00:14:35.908959,moyenne
BJ-30E0F050,Chimie,Industrie & Manufacture,Bantè,+229 87 13 22 85,chimie@chimie.benin,chimie.bj,TPE (<10),B2B,CCIB Annuaire,,Actif,2026-06-29T00:14:35.908972,haute
BJ-17E5CEBE,Mécanique SA,Industrie & Manufacture,Bantè,+229 40 52 55 55,mécanique.sa@mécanique.sa.com,,PME (10-50),B2B,CCIB Annuaire,,Actif,2026-06-29T00:14:35.908984,moyenne
BJ-9B90CE48,Fabrique Alimentaire Factory,Industrie & Manufacture,Bantè,+229 93 44 51 34,,fabriquealimentairefactory.bj,PME (50-200),B2B,CCIB Annuaire,,Actif,2026-06-29T00:14:35.908995,moyenne
BJ-3120FD16,Bois Bénin,Industrie & Manufacture,Djougou,+229 74 80 40 29,,,TPE (<10),B2B,CCIB Annuaire,,Actif,2026-06-29T00:14:35.909011,basse
BJ-6EB21BA8,Manufacture Chimie SA,Industrie & Manufacture,Djougou,+229 29 72 24 88,manufacture.chimie.sa@manufacture.chimie.sa.net,,PME (10-50),B2B,CCIB Annuaire,,Actif,2026-06-29T00:14:35.909024,moyenne
BJ-EFD2709A,Production Automobile Manufacture,Industrie & Manufacture,Djougou,+229 55 66 45 46,,,PME (50-200),B2B,CCIB Annuaire,,Actif,2026-06-29T00:14:35.909035,basse
BJ-F2E7B0C2,Textile,Industrie & Manufacture,Djougou,+229 57 11 52 76,,textile.bj,TPE (<10),B2B,CCIB Annuaire,,Actif,2026-06-29T00:14:35.909049,moyenne
BJ-09EB69DE,Textile Bénin,Industrie & Manufacture,Djougou,+229 29 35 33 46,textile.bénin@textile.bénin.net,,TPE (<10),B2B,CCIB Annuaire,,Actif,2026-06-29T00:14:35.909063,moyenne
BJ-600B576E,Production,Industrie & Manufacture,Ouèssè,+229 45 94 36 91,production@production.com,,PME (10-50),B2B,CCIB Annuaire,,Actif,2026-06-29T00:14:35.909081,moyenne
BJ-1772F27D,Usine Mécanique Ouèssè,Industrie & Manufacture,Ouèssè,+229 89 65 58 39,,,PME (10-50),B2B,CCIB Annuaire,,Actif,2026-06-29T00:14:35.909093,basse
BJ-A7A4D01F,Chimie SA Ouèssè,Industrie & Manufacture,Ouèssè,+229 82 60 36 57,chimie.sa.ouèssè@chimie.sa.ouèssè.com,,PME (10-50),B2B,CCIB Annuaire,,Actif,2026-06-29T00:14:35.909109,moyenne
BJ-1BB27255,Production Pharmaceutique Industry,Industrie & Manufacture,Ouèssè,+229 43 61 79 18,,productionpharmaceutiqueindustry.bj,TPE (<10),B2B,CCIB Annuaire,,Actif,2026-06-29T00:14:35.909124,moyenne
BJ-DAA480D5,Textile Manufacture Ouèssè,Industrie & Manufacture,Ouèssè,+229 83 80 63 52,textile.manufacture.ouèssè@textile.manufacture.ouèssè.com,,TPE (<10),B2B,CCIB Annuaire,,Actif,2026-06-29T00:14:35.909141,moyenne
BJ-163DC9AB,Atelier Fabrication,Industrie & Manufacture,Bassila,+229 62 56 87 53,atelier.fabrication@atelier.fabrication.com,,TPE (<10),B2B,CCIB Annuaire,,Actif,2026-06-29T00:14:35.909159,moyenne
BJ-1FD5FE90,Chimie,Industrie & Manufacture,Bassila,+229 99 13 33 68,chimie@chimie.bj,chimie.bj,PME (50-200),B2B,CCIB Annuaire,,Actif,2026-06-29T00:14:35.909172,haute
BJ-19DD2359,Métal SA,Industrie & Manufacture,Bassila,+229 37 26 23 77,métal.sa@métal.sa.com,métalsa.bj,PME (10-50),B2B,CCIB Annuaire,,Actif,2026-06-29T00:14:35.909186,haute
BJ-F9EF1F58,Textile SARL Bassila,Industrie & Manufacture,Bassila,+229 34 32 71 14,textile.sarl.bassila@textile.sarl.bassila.com,textilesarlbassila.bj,Grande (>200),B2B,CCIB Annuaire,,Actif,2026-06-29T00:14:35.909201,haute
BJ-7CAA632C,Alimentaire Factory Bassila,Industrie & Manufacture,Bassila,+229 65 36 84 73,alimentaire.factory.bassila@alimentaire.factory.bassila.net,alimentairefactorybassila.bj,TPE (<10),B2B,CCIB Annuaire,,Actif,2026-06-29T00:14:35.909215,haute
BJ-AF7339B2,Usine Transformation Bénin,Industrie & Manufacture,Pehunco,+229 71 60 76 31,,usinetransformationbénin.bj,PME (50-200),B2B,CCIB Annuaire,,Actif,2026-06-29T00:14:35.909234,moyenne
BJ-06822F65,Production Mécanique Manufacture,Industrie & Manufacture,Pehunco,+229 95 45 87 10,production.mécanique.manufacture@production.mécanique.manufacture.org,productionmécaniquemanufacture.bj,PME (50-200),B2B,CCIB Annuaire,,Actif,2026-06-29T00:14:35.909247,haute
BJ-F2338039,Atelier Bois,Industrie & Manufacture,Pehunco,+229 72 67 67 91,atelier.bois@atelier.bois.net,,PME (50-200),B2B,CCIB Annuaire,,Actif,2026-06-29T00:14:35.909260,moyenne
BJ-C9189AF1,Chimie SARL,Industrie & Manufacture,Pehunco,+229 69 88 91 16,chimie.sarl@chimie.sarl.com,,TPE (<10),B2B,CCIB Annuaire,,Actif,2026-06-29T00:14:35.909272,moyenne
BJ-0B18BFD9,Plastique Industry,Industrie & Manufacture,Pehunco,+229 71 76 23 95,plastique.industry@plastique.industry.bj,,TPE (<10),B2B,CCIB Annuaire,,Actif,2026-06-29T00:14:35.909284,moyenne
BJ-CF69770F,Usine Plastique Groupe,Industrie & Manufacture,Copargo,+229 82 54 33 62,usine.plastique.groupe@usine.plastique.groupe.org,,TPE (<10),B2B,CCIB Annuaire,,Actif,2026-06-29T00:14:35.909302,moyenne
BJ-F74EC0FD,Usine Automobile Industry,Industrie & Manufacture,Copargo,+229 25 28 80 31,,usineautomobileindustry.bj,PME (50-200),B2B,CCIB Annuaire,,Actif,2026-06-29T00:14:35.909313,moyenne
BJ-7038F3A1,Électronique,Industrie & Manufacture,Copargo,+229 83 85 84 47,électronique@électronique.bj,,Grande (>200),B2B,CCIB Annuaire,,Actif,2026-06-29T00:14:35.909325,moyenne
BJ-DC3E8E68,Transformation,Industrie & Manufacture,Copargo,+229 21 14 23 19,,,Grande (>200),B2B,CCIB Annuaire,,Actif,2026-06-29T00:14:35.909346,basse
BJ-F1844466,Usine Plastique SA,Industrie & Manufacture,Copargo,+229 91 80 79 32,,,PME (50-200),B2B,CCIB Annuaire,,Actif,2026-06-29T00:14:35.909358,basse
BJ-01DC6546,Consulting Fiscal Cotonou,Services aux entreprises,Cotonou,+229 21 92 55 59,consulting.fiscal.cotonou@consulting.fiscal.cotonou.net,consultingfiscalcotonou.bj,TPE (<10),B2B,CCIB Annuaire,,Actif,2026-06-29T00:14:35.909378,haute
BJ-3575E6D0,Cabinet Marketing Africa,Services aux entreprises,Cotonou,+229 95 76 88 63,cabinet.marketing.africa@cabinet.marketing.africa.net,,PME (50-200),B2B,CCIB Annuaire,,Actif,2026-06-29T00:14:35.909390,moyenne
BJ-A1B100C9,Fiscal Bureau,Services aux entreprises,Cotonou,+229 78 20 68 82,fiscal.bureau@fiscal.bureau.org,fiscalbureau.bj,TPE (<10),B2B,CCIB Annuaire,,Actif,2026-06-29T00:14:35.909402,haute
BJ-7C7B851E,Audit Advisory,Services aux entreprises,Cotonou,+229 79 88 91 41,audit.advisory@audit.advisory.benin,auditadvisory.bj,PME (50-200),B2B,CCIB Annuaire,,Actif,2026-06-29T00:14:35.909414,haute
BJ-FE289350,Expert Comptable Consulting,Services aux entreprises,Cotonou,+229 20 11 65 29,expert.comptable.consulting@expert.comptable.consulting.bj,expertcomptableconsulting.bj,Grande (>200),B2B,CCIB Annuaire,,Actif,2026-06-29T00:14:35.909427,haute
BJ-DBBA3B7B,Consulting Partners,Services aux entreprises,Abomey-Calavi,+229 78 39 26 10,consulting.partners@consulting.partners.benin,consultingpartners.bj,PME (10-50),B2B,CCIB Annuaire,,Actif,2026-06-29T00:14:35.909446,haute
BJ-B3CE1BF5,Consulting Abomey-Calavi,Services aux entreprises,Abomey-Calavi,+229 64 55 81 33,consulting.abomeycalavi@consulting.abomeycalavi.org,consultingabomeycalavi.bj,PME (50-200),B2B,CCIB Annuaire,,Actif,2026-06-29T00:14:35.909459,haute
BJ-4018FC12,Agence Juridique Cabinet,Services aux entreprises,Abomey-Calavi,+229 75 44 75 97,agence.juridique.cabinet@agence.juridique.cabinet.com,agencejuridiquecabinet.bj,PME (50-200),B2B,CCIB Annuaire,,Actif,2026-06-29T00:14:35.909474,haute
BJ-E304740A,Expert Marketing Consulting Abomey-Calavi,Services aux entreprises,Abomey-Calavi,+229 68 21 89 62,expert.marketing.consulting.abomeycalavi@expert.marketing.consulting.abomeycalavi.org,expertmarketingconsultingabomeycalavi.bj,PME (10-50),B2B,CCIB Annuaire,,Actif,2026-06-29T00:14:35.909491,haute
BJ-EEB19AAF,Stratégie Abomey-Calavi,Services aux entreprises,Abomey-Calavi,+229 28 86 81 85,stratégie.abomeycalavi@stratégie.abomeycalavi.org,stratégieabomeycalavi.bj,PME (50-200),B2B,CCIB Annuaire,,Actif,2026-06-29T00:14:35.909506,haute
BJ-DAF4B499,Audit Communication Bureau,Services aux entreprises,Porto-Novo,+229 97 43 43 40,audit.communication.bureau@audit.communication.bureau.com,auditcommunicationbureau.bj,PME (50-200),B2B,CCIB Annuaire,,Actif,2026-06-29T00:14:35.909537,haute
BJ-9CC131CF,Cabinet Business,Services aux entreprises,Porto-Novo,+229 85 14 86 97,cabinet.business@cabinet.business.org,,TPE (<10),B2B,CCIB Annuaire,,Actif,2026-06-29T00:14:35.909548,moyenne
BJ-A294B682,Agence Comptable,Services aux entreprises,Porto-Novo,+229 79 27 91 83,agence.comptable@agence.comptable.net,,PME (50-200),B2B,CCIB Annuaire,,Actif,2026-06-29T00:14:35.909561,moyenne
BJ-3A4763D5,Consulting Bureau,Services aux entreprises,Porto-Novo,+229 38 12 35 81,,consultingbureau.bj,TPE (<10),B2B,CCIB Annuaire,,Actif,2026-06-29T00:14:35.909617,moyenne
BJ-45845FE0,Bureau Juridique Bénin,Services aux entreprises,Parakou,+229 52 77 38 53,,bureaujuridiquebénin.bj,Grande (>200),B2B,CCIB Annuaire,,Actif,2026-06-29T00:14:35.909636,moyenne
BJ-D085E446,Communication Parakou,Services aux entreprises,Parakou,+229 66 65 23 11,communication.parakou@communication.parakou.bj,communicationparakou.bj,PME (50-200),B2B,CCIB Annuaire,,Actif,2026-06-29T00:14:35.909650,haute
BJ-BB113D91,Audit Comptable Africa,Services aux entreprises,Parakou,+229 73 25 96 32,audit.comptable.africa@audit.comptable.africa.org,,TPE (<10),B2B,CCIB Annuaire,,Actif,2026-06-29T00:14:35.909661,moyenne
BJ-7B6ACF7B,Expert Formation,Services aux entreprises,Parakou,+229 22 58 40 91,expert.formation@expert.formation.net,expertformation.bj,TPE (<10),B2B,CCIB Annuaire,,Actif,2026-06-29T00:14:35.909699,haute
BJ-768D39BF,Expert Consulting,Services aux entreprises,Parakou,+229 94 85 84 95,expert.consulting@expert.consulting.bj,expertconsulting.bj,TPE (<10),B2B,CCIB Annuaire,,Actif,2026-06-29T00:14:35.909731,haute
BJ-2E65651A,Expert Consulting Advisory,Services aux entreprises,Bohicon,+229 67 90 67 64,expert.consulting.advisory@expert.consulting.advisory.net,,PME (50-200),B2B,CCIB Annuaire,,Actif,2026-06-29T00:14:35.909769,moyenne
BJ-46E37189,Fiscal Cabinet,Services aux entreprises,Bohicon,+229 47 80 26 79,fiscal.cabinet@fiscal.cabinet.com,fiscalcabinet.bj,TPE (<10),B2B,CCIB Annuaire,,Actif,2026-06-29T00:14:35.909797,haute
BJ-391B6126,Agence Fiscal,Services aux entreprises,Bohicon,+229 64 79 42 48,agence.fiscal@agence.fiscal.benin,agencefiscal.bj,TPE (<10),B2B,CCIB Annuaire,,Actif,2026-06-29T00:14:35.909825,haute
BJ-BAC9ACBC,Consulting Comptable Partners,Services aux entreprises,Bohicon,+229 82 76 21 53,consulting.comptable.partners@consulting.comptable.partners.net,consultingcomptablepartners.bj,PME (10-50),B2B,CCIB Annuaire,,Actif,2026-06-29T00:14:35.909852,haute
BJ-26D78E78,Stratégie,Services aux entreprises,Bohicon,+229 31 33 52 49,stratégie@stratégie.bj,,Grande (>200),B2B,CCIB Annuaire,,Actif,2026-06-29T00:14:35.909879,moyenne
BJ-6E5407CA,Consulting Partners Natitingou,Services aux entreprises,Natitingou,+229 66 83 24 33,consulting.partners.natitingou@consulting.partners.natitingou.bj,,TPE (<10),B2B,CCIB Annuaire,,Actif,2026-06-29T00:14:35.909918,moyenne
BJ-961412A7,Consulting Fiscal Bénin,Services aux entreprises,Natitingou,+229 23 82 30 40,consulting.fiscal.bénin@consulting.fiscal.bénin.bj,consultingfiscalbénin.bj,Grande (>200),B2B,CCIB Annuaire,,Actif,2026-06-29T00:14:35.909935,haute
BJ-A4B6BB40,Cabinet Conseil,Services aux entreprises,Natitingou,+229 53 60 37 94,cabinet.conseil@cabinet.conseil.net,cabinetconseil.bj,TPE (<10),B2B,CCIB Annuaire,,Actif,2026-06-29T00:14:35.909948,haute
BJ-B7F5CCB4,Consulting Stratégie Consulting,Services aux entreprises,Natitingou,+229 25 89 87 43,consulting.stratégie.consulting@consulting.stratégie.consulting.bj,consultingstratégieconsulting.bj,TPE (<10),B2B,CCIB Annuaire,,Actif,2026-06-29T00:14:35.909966,haute
BJ-56BD2EF0,Business Bénin Natitingou,Services aux entreprises,Natitingou,+229 83 73 43 65,business.bénin.natitingou@business.bénin.natitingou.org,businessbéninnatitingou.bj,PME (10-50),B2B,CCIB Annuaire,,Actif,2026-06-29T00:14:35.909981,haute
BJ-EA0154F4,Expert Comptable Bureau,Services aux entreprises,Lokossa,+229 84 68 66 58,expert.comptable.bureau@expert.comptable.bureau.com,,PME (50-200),B2B,CCIB Annuaire,,Actif,2026-06-29T00:14:35.910004,moyenne
BJ-2690CBBD,Audit RH Bénin Lokossa,Services aux entreprises,Lokossa,+229 55 13 45 57,audit.rh.bénin.lokossa@audit.rh.bénin.lokossa.net,auditrhbéninlokossa.bj,PME (10-50),B2B,CCIB Annuaire,,Actif,2026-06-29T00:14:35.910022,haute
BJ-A21393AC,Expert RH,Services aux entreprises,Lokossa,+229 71 47 22 84,expert.rh@expert.rh.bj,expertrh.bj,TPE (<10),B2B,CCIB Annuaire,,Actif,2026-06-29T00:14:35.910035,haute
BJ-93104F08,Agence Fiscal Partners,Services aux entreprises,Lokossa,+229 96 52 95 90,agence.fiscal.partners@agence.fiscal.partners.benin,agencefiscalpartners.bj,Grande (>200),B2B,CCIB Annuaire,,Actif,2026-06-29T00:14:35.910048,haute
BJ-77367593,Fiscal,Services aux entreprises,Lokossa,+229 82 86 95 73,fiscal@fiscal.bj,fiscal.bj,TPE (<10),B2B,CCIB Annuaire,,Actif,2026-06-29T00:14:35.910060,haute
BJ-DFCCF740,Cabinet Management,Services aux entreprises,Ouidah,+229 65 12 21 38,,cabinetmanagement.bj,PME (10-50),B2B,CCIB Annuaire,,Actif,2026-06-29T00:14:35.910078,moyenne
BJ-1EF9E716,Management,Services aux entreprises,Ouidah,+229 25 79 34 43,management@management.com,management.bj,PME (50-200),B2B,CCIB Annuaire,,Actif,2026-06-29T00:14:35.910090,haute
BJ-254D2EEA,Agence Stratégie Cabinet,Services aux entreprises,Ouidah,+229 98 47 38 22,agence.stratégie.cabinet@agence.stratégie.cabinet.org,agencestratégiecabinet.bj,PME (50-200),B2B,CCIB Annuaire,,Actif,2026-06-29T00:14:35.910104,haute
BJ-014609B5,Formation,Services aux entreprises,Ouidah,+229 57 75 53 29,,formation.bj,PME (50-200),B2B,CCIB Annuaire,,Actif,2026-06-29T00:14:35.910118,moyenne
BJ-54A2F30F,Conseil Formation Bénin,Services aux entreprises,Ouidah,+229 94 90 21 33,,conseilformationbénin.bj,PME (50-200),B2B,CCIB Annuaire,,Actif,2026-06-29T00:14:35.910131,moyenne
BJ-58F743B8,Consulting Expert,Services aux entreprises,Savalou,+229 57 34 10 34,consulting.expert@consulting.expert.org,consultingexpert.bj,TPE (<10),B2B,CCIB Annuaire,,Actif,2026-06-29T00:14:35.910150,haute
BJ-9D07E8DE,Audit RH Partners,Services aux entreprises,Savalou,+229 52 46 71 20,audit.rh.partners@audit.rh.partners.benin,auditrhpartners.bj,TPE (<10),B2B,CCIB Annuaire,,Actif,2026-06-29T00:14:35.910163,haute
BJ-392A760E,Conseil Savalou,Services aux entreprises,Savalou,+229 99 14 29 94,conseil.savalou@conseil.savalou.net,conseilsavalou.bj,PME (10-50),B2B,CCIB Annuaire,,Actif,2026-06-29T00:14:35.910175,haute
BJ-FDF6B481,Bureau Management Bénin Savalou,Services aux entreprises,Savalou,+229 20 52 36 44,bureau.management.bénin.savalou@bureau.management.bénin.savalou.net,bureaumanagementbéninsavalou.bj,PME (50-200),B2B,CCIB Annuaire,,Actif,2026-06-29T00:14:35.910190,haute
BJ-540ADFDC,Communication International,Services aux entreprises,Savalou,+229 79 94 75 20,communication.international@communication.international.org,,PME (10-50),B2B,CCIB Annuaire,,Actif,2026-06-29T00:14:35.910202,moyenne
BJ-EC7118FB,Consulting Marketing Dassa-Zoumè,Services aux entreprises,Dassa-Zoumè,+229 71 95 21 33,consulting.marketing.dassazoumè@consulting.marketing.dassazoumè.benin,consultingmarketingdassazoumè.bj,PME (10-50),B2B,CCIB Annuaire,,Actif,2026-06-29T00:14:35.910229,haute
BJ-50F0BE25,Stratégie Dassa-Zoumè,Services aux entreprises,Dassa-Zoumè,+229 68 13 48 41,stratégie.dassazoumè@stratégie.dassazoumè.bj,,PME (10-50),B2B,CCIB Annuaire,,Actif,2026-06-29T00:14:35.910243,moyenne
BJ-96F7FA1C,Formation Africa,Services aux entreprises,Dassa-Zoumè,+229 23 58 36 57,,,TPE (<10),B2B,CCIB Annuaire,,Actif,2026-06-29T00:14:35.910255,basse
BJ-81F289F6,Stratégie International,Services aux entreprises,Dassa-Zoumè,+229 32 28 40 22,stratégie.international@stratégie.international.bj,,TPE (<10),B2B,CCIB Annuaire,,Actif,2026-06-29T00:14:35.910283,moyenne
BJ-09EF4C9D,Audit Business International,Services aux entreprises,Kétou,+229 50 52 30 70,audit.business.international@audit.business.international.org,auditbusinessinternational.bj,PME (10-50),B2B,CCIB Annuaire,,Actif,2026-06-29T00:14:35.910303,haute
BJ-6F03D5A0,Agence Marketing Advisory,Services aux entreprises,Kétou,+229 84 87 34 80,,,PME (50-200),B2B,CCIB Annuaire,,Actif,2026-06-29T00:14:35.910314,basse
BJ-FACD1266,Bureau Management,Services aux entreprises,Kétou,+229 23 66 11 55,,bureaumanagement.bj,PME (50-200),B2B,CCIB Annuaire,,Actif,2026-06-29T00:14:35.910337,moyenne
BJ-31C61265,Communication Partners,Services aux entreprises,Kétou,+229 52 68 77 51,communication.partners@communication.partners.bj,communicationpartners.bj,PME (10-50),B2B,CCIB Annuaire,,Actif,2026-06-29T00:14:35.910350,haute
BJ-578B77C1,Consulting Stratégie,Services aux entreprises,Covè,+229 62 32 31 34,consulting.stratégie@consulting.stratégie.bj,consultingstratégie.bj,TPE (<10),B2B,CCIB Annuaire,,Actif,2026-06-29T00:14:35.910370,haute
BJ-73B601AF,Conseil Business Bureau Covè,Services aux entreprises,Covè,+229 58 76 11 91,conseil.business.bureau.covè@conseil.business.bureau.covè.net,conseilbusinessbureaucovè.bj,PME (50-200),B2B,CCIB Annuaire,,Actif,2026-06-29T00:14:35.910384,haute
BJ-C9AD5103,Conseil Audit Bureau,Services aux entreprises,Covè,+229 79 71 72 59,conseil.audit.bureau@conseil.audit.bureau.com,conseilauditbureau.bj,TPE (<10),B2B,CCIB Annuaire,,Actif,2026-06-29T00:14:35.910397,haute
BJ-50F21B3F,Marketing Cabinet,Services aux entreprises,Covè,+229 30 23 68 68,marketing.cabinet@marketing.cabinet.org,,TPE (<10),B2B,CCIB Annuaire,,Actif,2026-06-29T00:14:35.910412,moyenne
BJ-63CE1491,Expert Business Consulting,Services aux entreprises,Covè,+229 58 69 68 19,expert.business.consulting@expert.business.consulting.com,expertbusinessconsulting.bj,Grande (>200),B2B,CCIB Annuaire,,Actif,2026-06-29T00:14:35.910425,haute
BJ-635F0400,Cabinet Fiscal,Services aux entreprises,Pobè,+229 29 69 35 45,,cabinetfiscal.bj,TPE (<10),B2B,CCIB Annuaire,,Actif,2026-06-29T00:14:35.910443,moyenne
BJ-77EDCD15,Audit Business Africa Pobè,Services aux entreprises,Pobè,+229 42 64 75 40,audit.business.africa.pobè@audit.business.africa.pobè.net,auditbusinessafricapobè.bj,PME (50-200),B2B,CCIB Annuaire,,Actif,2026-06-29T00:14:35.910463,haute
BJ-8E3AE7E7,Comptable Bureau,Services aux entreprises,Pobè,+229 27 25 81 79,comptable.bureau@comptable.bureau.com,,TPE (<10),B2B,CCIB Annuaire,,Actif,2026-06-29T00:14:35.910475,moyenne
BJ-4430D5DA,Agence Comptable Cabinet Pobè,Services aux entreprises,Pobè,+229 92 18 11 71,,agencecomptablecabinetpobè.bj,TPE (<10),B2B,CCIB Annuaire,,Actif,2026-06-29T00:14:35.910499,moyenne
BJ-154F199D,Audit Conseil,Services aux entreprises,Sakété,+229 40 40 71 59,audit.conseil@audit.conseil.benin,,TPE (<10),B2B,CCIB Annuaire,,Actif,2026-06-29T00:14:35.910518,moyenne
BJ-32C76C0A,Audit Consulting,Services aux entreprises,Sakété,+229 32 25 53 28,audit.consulting@audit.consulting.benin,auditconsulting.bj,PME (50-200),B2B,CCIB Annuaire,,Actif,2026-06-29T00:14:35.910530,haute
BJ-8CC26E0C,Stratégie,Services aux entreprises,Sakété,+229 86 39 91 15,stratégie@stratégie.net,stratégie.bj,PME (50-200),B2B,CCIB Annuaire,,Actif,2026-06-29T00:14:35.910558,haute
BJ-163FD888,Conseil Partners,Services aux entreprises,Sakété,+229 84 24 61 84,conseil.partners@conseil.partners.net,conseilpartners.bj,TPE (<10),B2B,CCIB Annuaire,,Actif,2026-06-29T00:14:35.910571,haute
BJ-889AF1B0,Bureau Marketing Partners,Services aux entreprises,Adjara,+229 38 69 29 42,,bureaumarketingpartners.bj,TPE (<10),B2B,CCIB Annuaire,,Actif,2026-06-29T00:14:35.910589,moyenne
BJ-435F6FD0,Management,Services aux entreprises,Adjara,+229 84 31 95 70,management@management.com,management.bj,TPE (<10),B2B,CCIB Annuaire,,Actif,2026-06-29T00:14:35.910601,haute
BJ-8E219458,Stratégie Bénin,Services aux entreprises,Adjara,+229 50 42 45 90,,stratégiebénin.bj,PME (50-200),B2B,CCIB Annuaire,,Actif,2026-06-29T00:14:35.910613,moyenne
BJ-39D55FEF,Comptable,Services aux entreprises,Adjara,+229 56 71 81 42,comptable@comptable.net,comptable.bj,PME (10-50),B2B,CCIB Annuaire,,Actif,2026-06-29T00:14:35.910626,haute
BJ-32167443,Agence Stratégie,Services aux entreprises,Adjara,+229 38 37 49 57,agence.stratégie@agence.stratégie.org,agencestratégie.bj,TPE (<10),B2B,CCIB Annuaire,,Actif,2026-06-29T00:14:35.910639,haute
BJ-4932393F,Audit Comptable Advisory Allada,Services aux entreprises,Allada,+229 28 78 15 43,audit.comptable.advisory.allada@audit.comptable.advisory.allada.org,,TPE (<10),B2B,CCIB Annuaire,,Actif,2026-06-29T00:14:35.910656,moyenne
BJ-0F5CEEA2,Conseil Consulting Allada,Services aux entreprises,Allada,+229 44 50 83 77,conseil.consulting.allada@conseil.consulting.allada.com,,PME (10-50),B2B,CCIB Annuaire,,Actif,2026-06-29T00:14:35.910669,moyenne
BJ-738FB644,Bureau Juridique Consulting,Services aux entreprises,Allada,+229 54 41 72 61,bureau.juridique.consulting@bureau.juridique.consulting.com,,PME (10-50),B2B,CCIB Annuaire,,Actif,2026-06-29T00:14:35.910683,moyenne
BJ-A6AA0615,Marketing,Services aux entreprises,Allada,+229 48 38 40 54,marketing@marketing.org,marketing.bj,Grande (>200),B2B,CCIB Annuaire,,Actif,2026-06-29T00:14:35.910699,haute
BJ-9C1E3D5B,Conseil Business Partners,Services aux entreprises,Allada,+229 75 37 90 24,,,TPE (<10),B2B,CCIB Annuaire,,Actif,2026-06-29T00:14:35.910710,basse
BJ-1DB34747,Communication,Services aux entreprises,Aplahoué,+229 25 18 77 56,communication@communication.benin,communication.bj,PME (10-50),B2B,CCIB Annuaire,,Actif,2026-06-29T00:14:35.910732,haute
BJ-08DBB654,Expert Formation,Services aux entreprises,Aplahoué,+229 21 36 95 50,expert.formation@expert.formation.net,expertformation.bj,TPE (<10),B2B,CCIB Annuaire,,Actif,2026-06-29T00:14:35.910744,haute
BJ-BEF8E98D,Expert Africa,Services aux entreprises,Aplahoué,+229 39 82 63 88,expert.africa@expert.africa.com,expertafrica.bj,PME (10-50),B2B,CCIB Annuaire,,Actif,2026-06-29T00:14:35.910770,haute
BJ-E2FCC392,Agence Management,Services aux entreprises,Aplahoué,+229 61 93 44 77,agence.management@agence.management.benin,,PME (10-50),B2B,CCIB Annuaire,,Actif,2026-06-29T00:14:35.910781,moyenne
BJ-CFB64448,Expert Management,Services aux entreprises,Aplahoué,+229 70 85 24 21,expert.management@expert.management.net,expertmanagement.bj,TPE (<10),B2B,CCIB Annuaire,,Actif,2026-06-29T00:14:35.910793,haute
BJ-1023D329,Formation Advisory,Services aux entreprises,Dogbo-Tota,+229 57 73 67 30,formation.advisory@formation.advisory.org,formationadvisory.bj,PME (50-200),B2B,CCIB Annuaire,,Actif,2026-06-29T00:14:35.910811,haute
BJ-9F509482,Communication International Dogbo-Tota,Services aux entreprises,Dogbo-Tota,+229 46 15 45 49,communication.international.dogbotota@communication.international.dogbotota.bj,,Grande (>200),B2B,CCIB Annuaire,,Actif,2026-06-29T00:14:35.910827,moyenne
BJ-323FB18B,Communication Consulting,Services aux entreprises,Dogbo-Tota,+229 24 81 77 51,communication.consulting@communication.consulting.benin,communicationconsulting.bj,PME (50-200),B2B,CCIB Annuaire,,Actif,2026-06-29T00:14:35.910839,haute
BJ-AE0C796C,Fiscal,Services aux entreprises,Dogbo-Tota,+229 41 35 86 70,,fiscal.bj,PME (50-200),B2B,CCIB Annuaire,,Actif,2026-06-29T00:14:35.910853,moyenne
BJ-CBE8004D,Formation,Services aux entreprises,Dogbo-Tota,+229 86 14 36 95,formation@formation.bj,formation.bj,TPE (<10),B2B,CCIB Annuaire,,Actif,2026-06-29T00:14:35.910865,haute
BJ-5015A6C0,Consulting International,Services aux entreprises,Kpomassè,+229 25 55 76 16,consulting.international@consulting.international.net,,TPE (<10),B2B,CCIB Annuaire,,Actif,2026-06-29T00:14:35.910883,moyenne
BJ-77FFBE6A,Stratégie,Services aux entreprises,Kpomassè,+229 71 17 39 67,stratégie@stratégie.net,,TPE (<10),B2B,CCIB Annuaire,,Actif,2026-06-29T00:14:35.910911,moyenne
BJ-06D3AE1D,Bureau Marketing,Services aux entreprises,Kpomassè,+229 28 28 94 48,,bureaumarketing.bj,TPE (<10),B2B,CCIB Annuaire,,Actif,2026-06-29T00:14:35.910928,moyenne
BJ-86C97114,Conseil Management,Services aux entreprises,Kpomassè,+229 34 65 76 24,conseil.management@conseil.management.bj,conseilmanagement.bj,PME (10-50),B2B,CCIB Annuaire,,Actif,2026-06-29T00:14:35.910941,haute
BJ-6E48B00C,Juridique Kpomassè,Services aux entreprises,Kpomassè,+229 20 23 81 18,,,TPE (<10),B2B,CCIB Annuaire,,Actif,2026-06-29T00:14:35.910951,basse
BJ-CDBD9617,Expert Tori-Bossito,Services aux entreprises,Tori-Bossito,+229 80 78 69 28,expert.toribossito@expert.toribossito.org,experttoribossito.bj,PME (10-50),B2B,CCIB Annuaire,,Actif,2026-06-29T00:14:35.910971,haute
BJ-1D02E3DD,Bureau RH Partners,Services aux entreprises,Tori-Bossito,+229 53 21 84 27,bureau.rh.partners@bureau.rh.partners.bj,bureaurhpartners.bj,TPE (<10),B2B,CCIB Annuaire,,Actif,2026-06-29T00:14:35.910983,haute
BJ-99C01F74,Agence Consulting Bureau,Services aux entreprises,Tori-Bossito,+229 84 96 52 34,agence.consulting.bureau@agence.consulting.bureau.benin,agenceconsultingbureau.bj,PME (10-50),B2B,CCIB Annuaire,,Actif,2026-06-29T00:14:35.911001,haute
BJ-D0D39E6D,Consulting Tori-Bossito,Services aux entreprises,Tori-Bossito,+229 97 22 78 18,consulting.toribossito@consulting.toribossito.benin,consultingtoribossito.bj,PME (50-200),B2B,CCIB Annuaire,,Actif,2026-06-29T00:14:35.911042,haute
BJ-F3F864D2,Expert Stratégie Partners,Services aux entreprises,Tori-Bossito,+229 60 49 50 32,expert.stratégie.partners@expert.stratégie.partners.bj,,PME (10-50),B2B,CCIB Annuaire,,Actif,2026-06-29T00:14:35.911066,moyenne
BJ-394D8629,Consulting Comptable Bénin,Services aux entreprises,Grand-Popo,+229 55 34 13 59,consulting.comptable.bénin@consulting.comptable.bénin.benin,,PME (50-200),B2B,CCIB Annuaire,,Actif,2026-06-29T00:14:35.911088,moyenne
BJ-013750F1,Bureau Formation Cabinet Grand-Popo,Services aux entreprises,Grand-Popo,+229 71 59 34 35,,,Grande (>200),B2B,CCIB Annuaire,,Actif,2026-06-29T00:14:35.911100,basse
BJ-6F84DFFE,Consulting,Services aux entreprises,Grand-Popo,+229 32 58 78 23,consulting@consulting.bj,,PME (50-200),B2B,CCIB Annuaire,,Actif,2026-06-29T00:14:35.911112,moyenne
BJ-3B3DF13E,Stratégie,Services aux entreprises,Grand-Popo,+229 31 13 13 69,,stratégie.bj,PME (50-200),B2B,CCIB Annuaire,,Actif,2026-06-29T00:14:35.911136,moyenne
BJ-D113D112,Conseil RH Africa,Services aux entreprises,Athiémé,+229 36 35 19 40,conseil.rh.africa@conseil.rh.africa.benin,conseilrhafrica.bj,PME (10-50),B2B,CCIB Annuaire,,Actif,2026-06-29T00:14:35.911154,haute
BJ-E487E8A9,Consulting Cabinet,Services aux entreprises,Athiémé,+229 41 13 29 58,,consultingcabinet.bj,PME (50-200),B2B,CCIB Annuaire,,Actif,2026-06-29T00:14:35.911166,moyenne
BJ-AE50AFA4,Agence Marketing Athiémé,Services aux entreprises,Athiémé,+229 41 36 22 41,agence.marketing.athiémé@agence.marketing.athiémé.org,agencemarketingathiémé.bj,TPE (<10),B2B,CCIB Annuaire,,Actif,2026-06-29T00:14:35.911180,haute
BJ-8B6BC6F1,Management,Services aux entreprises,Athiémé,+229 42 14 73 16,management@management.bj,,TPE (<10),B2B,CCIB Annuaire,,Actif,2026-06-29T00:14:35.911199,moyenne
BJ-9C6EA549,Consulting,Services aux entreprises,Athiémé,+229 51 20 70 51,consulting@consulting.com,consulting.bj,TPE (<10),B2B,CCIB Annuaire,,Actif,2026-06-29T00:14:35.911211,haute
BJ-F79FDF95,Agence Business Advisory,Services aux entreprises,Bopa,+229 77 24 38 70,,agencebusinessadvisory.bj,TPE (<10),B2B,CCIB Annuaire,,Actif,2026-06-29T00:14:35.911258,moyenne
BJ-3ECD6529,Bureau Formation,Services aux entreprises,Bopa,+229 29 14 73 69,,,Grande (>200),B2B,CCIB Annuaire,,Actif,2026-06-29T00:14:35.911283,basse
BJ-42A84B8D,Expert Bénin Bopa,Services aux entreprises,Bopa,+229 94 80 16 99,expert.bénin.bopa@expert.bénin.bopa.benin,expertbéninbopa.bj,TPE (<10),B2B,CCIB Annuaire,,Actif,2026-06-29T00:14:35.911319,haute
BJ-F376E97B,Expert Expert Consulting,Services aux entreprises,Bopa,+229 52 49 42 91,,,TPE (<10),B2B,CCIB Annuaire,,Actif,2026-06-29T00:14:35.911333,basse
BJ-8C5D9F7F,Conseil Bureau,Services aux entreprises,Houéyogbé,+229 83 18 12 79,conseil.bureau@conseil.bureau.benin,conseilbureau.bj,PME (10-50),B2B,CCIB Annuaire,,Actif,2026-06-29T00:14:35.911367,haute
BJ-8B6A606D,Conseil Business,Services aux entreprises,Houéyogbé,+229 47 65 76 92,conseil.business@conseil.business.com,conseilbusiness.bj,Grande (>200),B2B,CCIB Annuaire,,Actif,2026-06-29T00:14:35.911380,haute
BJ-9FBA6EC9,Expert Expert,Services aux entreprises,Houéyogbé,+229 72 74 70 33,,expertexpert.bj,PME (50-200),B2B,CCIB Annuaire,,Actif,2026-06-29T00:14:35.911392,moyenne
BJ-59D88437,Management International Houéyogbé,Services aux entreprises,Houéyogbé,+229 27 41 27 64,management.international.houéyogbé@management.international.houéyogbé.com,managementinternationalhouéyogbé.bj,TPE (<10),B2B,CCIB Annuaire,,Actif,2026-06-29T00:14:35.911410,haute
BJ-2DFF10DE,Bureau Stratégie Bénin,Services aux entreprises,Houéyogbé,+229 27 39 46 76,bureau.stratégie.bénin@bureau.stratégie.bénin.bj,,Grande (>200),B2B,CCIB Annuaire,,Actif,2026-06-29T00:14:35.911424,moyenne
BJ-A2FB7512,Marketing Africa,Services aux entreprises,Malanville,+229 66 79 32 79,marketing.africa@marketing.africa.com,marketingafrica.bj,TPE (<10),B2B,CCIB Annuaire,,Actif,2026-06-29T00:14:35.911443,haute
BJ-7DB383DB,RH Malanville,Services aux entreprises,Malanville,+229 56 67 62 56,rh.malanville@rh.malanville.net,rhmalanville.bj,TPE (<10),B2B,CCIB Annuaire,,Actif,2026-06-29T00:14:35.911455,haute
BJ-0F30B07E,Comptable Africa,Services aux entreprises,Malanville,+229 31 31 83 70,,comptableafrica.bj,Grande (>200),B2B,CCIB Annuaire,,Actif,2026-06-29T00:14:35.911467,moyenne
BJ-48167CC7,Juridique Bénin Malanville,Services aux entreprises,Malanville,+229 36 60 97 35,juridique.bénin.malanville@juridique.bénin.malanville.net,,TPE (<10),B2B,CCIB Annuaire,,Actif,2026-06-29T00:14:35.911483,moyenne
BJ-A9ED0C39,Management Consulting,Services aux entreprises,Kandi,+229 72 27 24 37,management.consulting@management.consulting.bj,managementconsulting.bj,TPE (<10),B2B,CCIB Annuaire,,Actif,2026-06-29T00:14:35.911514,haute
BJ-73F504B3,Conseil Management Partners,Services aux entreprises,Kandi,+229 58 76 47 12,conseil.management.partners@conseil.management.partners.net,conseilmanagementpartners.bj,PME (10-50),B2B,CCIB Annuaire,,Actif,2026-06-29T00:14:35.911528,haute
BJ-2E75F7DF,Agence Stratégie Consulting,Services aux entreprises,Kandi,+229 98 24 28 77,,,PME (10-50),B2B,CCIB Annuaire,,Actif,2026-06-29T00:14:35.911538,basse
BJ-92BE17B9,Bureau Expert Consulting,Services aux entreprises,Kandi,+229 47 97 38 48,bureau.expert.consulting@bureau.expert.consulting.net,bureauexpertconsulting.bj,PME (50-200),B2B,CCIB Annuaire,,Actif,2026-06-29T00:14:35.911554,haute
BJ-60632023,Consulting Communication Partners,Services aux entreprises,Kandi,+229 53 80 55 48,consulting.communication.partners@consulting.communication.partners.com,,PME (10-50),B2B,CCIB Annuaire,,Actif,2026-06-29T00:14:35.911567,moyenne
BJ-678123BB,Juridique,Services aux entreprises,Banikoara,+229 69 39 95 85,juridique@juridique.net,,PME (50-200),B2B,CCIB Annuaire,,Actif,2026-06-29T00:14:35.911584,moyenne
BJ-504F3484,Expert Juridique Africa,Services aux entreprises,Banikoara,+229 53 84 19 67,expert.juridique.africa@expert.juridique.africa.net,,PME (10-50),B2B,CCIB Annuaire,,Actif,2026-06-29T00:14:35.911596,moyenne
BJ-3A7FD028,Management Banikoara,Services aux entreprises,Banikoara,+229 67 99 49 13,management.banikoara@management.banikoara.net,managementbanikoara.bj,PME (10-50),B2B,CCIB Annuaire,,Actif,2026-06-29T00:14:35.911624,haute
BJ-3E8A30EC,Bureau Business,Services aux entreprises,Banikoara,+229 26 59 16 49,bureau.business@bureau.business.com,bureaubusiness.bj,PME (50-200),B2B,CCIB Annuaire,,Actif,2026-06-29T00:14:35.911663,haute
BJ-D821A518,Conseil Management Cabinet Ségbana,Services aux entreprises,Ségbana,+229 45 85 84 56,,conseilmanagementcabinetségbana.bj,PME (50-200),B2B,CCIB Annuaire,,Actif,2026-06-29T00:14:35.911702,moyenne
BJ-3C960D7C,Business Advisory,Services aux entreprises,Ségbana,+229 89 46 68 24,business.advisory@business.advisory.benin,,Grande (>200),B2B,CCIB Annuaire,,Actif,2026-06-29T00:14:35.911740,moyenne
BJ-003520E2,Bureau RH,Services aux entreprises,Ségbana,+229 63 32 68 42,,bureaurh.bj,PME (10-50),B2B,CCIB Annuaire,,Actif,2026-06-29T00:14:35.911770,moyenne
BJ-CF5B7865,Conseil Management International,Services aux entreprises,Ségbana,+229 77 85 54 36,conseil.management.international@conseil.management.international.benin,conseilmanagementinternational.bj,TPE (<10),B2B,CCIB Annuaire,,Actif,2026-06-29T00:14:35.911805,haute
BJ-577FAD19,RH,Services aux entreprises,Ségbana,+229 24 61 52 40,,rh.bj,Grande (>200),B2B,CCIB Annuaire,,Actif,2026-06-29T00:14:35.911852,moyenne
BJ-5B693E78,Audit RH,Services aux entreprises,Karimama,+229 49 36 38 65,audit.rh@audit.rh.benin,auditrh.bj,TPE (<10),B2B,CCIB Annuaire,,Actif,2026-06-29T00:14:35.911941,haute
BJ-DA9F1646,Consulting Africa Karimama,Services aux entreprises,Karimama,+229 23 78 23 87,consulting.africa.karimama@consulting.africa.karimama.net,consultingafricakarimama.bj,PME (10-50),B2B,CCIB Annuaire,,Actif,2026-06-29T00:14:35.911976,haute
BJ-5F32A203,Conseil Comptable Karimama,Services aux entreprises,Karimama,+229 76 54 43 87,,,Grande (>200),B2B,CCIB Annuaire,,Actif,2026-06-29T00:14:35.912003,basse
BJ-6D3D458F,Management,Services aux entreprises,Karimama,+229 24 51 41 84,management@management.org,,PME (10-50),B2B,CCIB Annuaire,,Actif,2026-06-29T00:14:35.912033,moyenne
BJ-538C6AAA,Business,Services aux entreprises,Gogounou,+229 69 98 61 74,business@business.net,business.bj,TPE (<10),B2B,CCIB Annuaire,,Actif,2026-06-29T00:14:35.912061,haute
BJ-DFAAD4C6,Expert Formation,Services aux entreprises,Gogounou,+229 56 94 57 83,expert.formation@expert.formation.net,expertformation.bj,TPE (<10),B2B,CCIB Annuaire,,Actif,2026-06-29T00:14:35.912087,haute
BJ-51CF1C47,Communication Bénin,Services aux entreprises,Gogounou,+229 57 19 46 67,communication.bénin@communication.bénin.benin,communicationbénin.bj,TPE (<10),B2B,CCIB Annuaire,,Actif,2026-06-29T00:14:35.912112,haute
BJ-61F74EBF,Expert Marketing Cabinet Gogounou,Services aux entreprises,Gogounou,+229 32 60 61 96,,expertmarketingcabinetgogounou.bj,PME (50-200),B2B,CCIB Annuaire,,Actif,2026-06-29T00:14:35.912129,moyenne
BJ-47E2B817,Management,Services aux entreprises,Gogounou,+229 41 92 33 75,management@management.benin,,PME (10-50),B2B,CCIB Annuaire,,Actif,2026-06-29T00:14:35.912143,moyenne
BJ-DBEBD244,Juridique,Services aux entreprises,Cobly,+229 42 40 44 20,juridique@juridique.net,juridique.bj,Grande (>200),B2B,CCIB Annuaire,,Actif,2026-06-29T00:14:35.912163,haute
BJ-2E41DDA2,Formation,Services aux entreprises,Cobly,+229 96 44 95 21,,formation.bj,PME (50-200),B2B,CCIB Annuaire,,Actif,2026-06-29T00:14:35.912175,moyenne
BJ-8328ED3F,Expert Africa,Services aux entreprises,Cobly,+229 57 71 25 73,,expertafrica.bj,PME (50-200),B2B,CCIB Annuaire,,Actif,2026-06-29T00:14:35.912201,moyenne
BJ-D493AC57,Audit Business,Services aux entreprises,Cobly,+229 77 31 59 40,,auditbusiness.bj,PME (10-50),B2B,CCIB Annuaire,,Actif,2026-06-29T00:14:35.912231,moyenne
BJ-883709C3,Conseil Consulting,Services aux entreprises,Cobly,+229 65 30 26 49,conseil.consulting@conseil.consulting.bj,conseilconsulting.bj,TPE (<10),B2B,CCIB Annuaire,,Actif,2026-06-29T00:14:35.912258,haute
BJ-7B97C3E3,Expert,Services aux entreprises,Tanguiéta,+229 84 56 97 96,expert@expert.net,expert.bj,PME (50-200),B2B,CCIB Annuaire,,Actif,2026-06-29T00:14:35.912298,haute
BJ-998AE603,Agence Stratégie Consulting,Services aux entreprises,Tanguiéta,+229 89 63 95 55,agence.stratégie.consulting@agence.stratégie.consulting.com,agencestratégieconsulting.bj,TPE (<10),B2B,CCIB Annuaire,,Actif,2026-06-29T00:14:35.912332,haute
BJ-6FF46FCB,Audit,Services aux entreprises,Tanguiéta,+229 33 56 99 62,audit@audit.org,,TPE (<10),B2B,CCIB Annuaire,,Actif,2026-06-29T00:14:35.912355,moyenne
BJ-82542EC5,Conseil Communication Consulting,Services aux entreprises,Tanguiéta,+229 63 26 27 42,conseil.communication.consulting@conseil.communication.consulting.bj,conseilcommunicationconsulting.bj,PME (50-200),B2B,CCIB Annuaire,,Actif,2026-06-29T00:14:35.912384,haute
BJ-D7C94F17,Comptable,Services aux entreprises,Tanguiéta,+229 29 20 66 44,comptable@comptable.com,comptable.bj,Grande (>200),B2B,CCIB Annuaire,,Actif,2026-06-29T00:14:35.912406,haute
BJ-928DBFCB,Agence Expert Consulting Matéri,Services aux entreprises,Matéri,+229 62 69 88 51,agence.expert.consulting.matéri@agence.expert.consulting.matéri.net,agenceexpertconsultingmatéri.bj,Grande (>200),B2B,CCIB Annuaire,,Actif,2026-06-29T00:14:35.912455,haute
BJ-29553CCD,Agence Comptable,Services aux entreprises,Matéri,+229 56 88 17 47,,agencecomptable.bj,Grande (>200),B2B,CCIB Annuaire,,Actif,2026-06-29T00:14:35.912503,moyenne
BJ-0C3FAA22,Bureau Business,Services aux entreprises,Matéri,+229 62 85 58 89,,bureaubusiness.bj,PME (10-50),B2B,CCIB Annuaire,,Actif,2026-06-29T00:14:35.912522,moyenne
BJ-08C81B1D,Stratégie Matéri,Services aux entreprises,Matéri,+229 84 53 12 23,,stratégiematéri.bj,TPE (<10),B2B,CCIB Annuaire,,Actif,2026-06-29T00:14:35.912544,moyenne
BJ-7DE68E71,Consulting,Services aux entreprises,Natitingou,+229 69 33 14 82,consulting@consulting.com,consulting.bj,TPE (<10),B2B,CCIB Annuaire,,Actif,2026-06-29T00:14:35.912576,haute
BJ-21AC9359,Conseil Consulting Cabinet,Services aux entreprises,Natitingou,+229 89 32 58 97,conseil.consulting.cabinet@conseil.consulting.cabinet.bj,conseilconsultingcabinet.bj,PME (10-50),B2B,CCIB Annuaire,,Actif,2026-06-29T00:14:35.912599,haute
BJ-62F4B57E,Consulting RH Bureau,Services aux entreprises,Natitingou,+229 23 44 95 95,consulting.rh.bureau@consulting.rh.bureau.bj,consultingrhbureau.bj,PME (50-200),B2B,CCIB Annuaire,,Actif,2026-06-29T00:14:35.912621,haute
BJ-F63C7588,Formation Natitingou,Services aux entreprises,Natitingou,+229 69 65 66 88,formation.natitingou@formation.natitingou.net,formationnatitingou.bj,PME (50-200),B2B,CCIB Annuaire,,Actif,2026-06-29T00:14:35.912659,haute
BJ-AA621A93,Bureau Stratégie Natitingou,Services aux entreprises,Natitingou,+229 87 19 73 22,bureau.stratégie.natitingou@bureau.stratégie.natitingou.benin,bureaustratégienatitingou.bj,TPE (<10),B2B,CCIB Annuaire,,Actif,2026-06-29T00:14:35.912693,haute
BJ-02FD47ED,Conseil,Services aux entreprises,Toucountouna,+229 59 38 45 24,conseil@conseil.net,conseil.bj,PME (50-200),B2B,CCIB Annuaire,,Actif,2026-06-29T00:14:35.912742,haute
BJ-936F1123,Cabinet Juridique Bureau Toucountouna,Services aux entreprises,Toucountouna,+229 69 28 91 76,cabinet.juridique.bureau.toucountouna@cabinet.juridique.bureau.toucountouna.bj,cabinetjuridiquebureautoucountouna.bj,PME (50-200),B2B,CCIB Annuaire,,Actif,2026-06-29T00:14:35.912808,haute
BJ-D51F5A12,Consulting Audit Partners,Services aux entreprises,Toucountouna,+229 58 98 20 29,consulting.audit.partners@consulting.audit.partners.benin,,PME (50-200),B2B,CCIB Annuaire,,Actif,2026-06-29T00:14:35.912830,moyenne
BJ-75AF5A55,Audit Comptable,Services aux entreprises,Toucountouna,+229 49 78 33 10,audit.comptable@audit.comptable.benin,auditcomptable.bj,TPE (<10),B2B,CCIB Annuaire,,Actif,2026-06-29T00:14:35.912851,haute
BJ-D73D49C7,Juridique Bénin Toucountouna,Services aux entreprises,Toucountouna,+229 53 97 50 78,,juridiquebénintoucountouna.bj,TPE (<10),B2B,CCIB Annuaire,,Actif,2026-06-29T00:14:35.912872,moyenne
BJ-51D6B2B6,Cabinet Audit Partners,Services aux entreprises,Boukoumbé,+229 30 99 68 74,cabinet.audit.partners@cabinet.audit.partners.org,,PME (10-50),B2B,CCIB Annuaire,,Actif,2026-06-29T00:14:35.912923,moyenne
BJ-07E9DBF9,Agence Stratégie Bureau,Services aux entreprises,Boukoumbé,+229 51 79 27 43,agence.stratégie.bureau@agence.stratégie.bureau.bj,agencestratégiebureau.bj,PME (10-50),B2B,CCIB Annuaire,,Actif,2026-06-29T00:14:35.912948,haute
BJ-AF2DD2B4,Business,Services aux entreprises,Boukoumbé,+229 63 10 43 67,business@business.benin,,TPE (<10),B2B,CCIB Annuaire,,Actif,2026-06-29T00:14:35.912970,moyenne
BJ-F30FB229,Marketing Boukoumbé,Services aux entreprises,Boukoumbé,+229 77 86 59 54,marketing.boukoumbé@marketing.boukoumbé.org,marketingboukoumbé.bj,PME (10-50),B2B,CCIB Annuaire,,Actif,2026-06-29T00:14:35.913004,haute
BJ-895BB87E,Cabinet Formation,Services aux entreprises,Boukoumbé,+229 58 22 69 81,cabinet.formation@cabinet.formation.org,cabinetformation.bj,TPE (<10),B2B,CCIB Annuaire,,Actif,2026-06-29T00:14:35.913027,haute
BJ-37C82906,Management Cabinet,Services aux entreprises,Kouandé,+229 63 69 47 74,management.cabinet@management.cabinet.com,managementcabinet.bj,TPE (<10),B2B,CCIB Annuaire,,Actif,2026-06-29T00:14:35.913070,haute
BJ-B5C75955,Communication International,Services aux entreprises,Kouandé,+229 41 37 96 20,,communicationinternational.bj,PME (10-50),B2B,CCIB Annuaire,,Actif,2026-06-29T00:14:35.913105,moyenne
BJ-2E44A5F7,Business Cabinet,Services aux entreprises,Kouandé,+229 87 17 60 79,business.cabinet@business.cabinet.benin,businesscabinet.bj,PME (10-50),B2B,CCIB Annuaire,,Actif,2026-06-29T00:14:35.913134,haute
BJ-A72100F7,Conseil Partners,Services aux entreprises,Kouandé,+229 44 66 27 52,conseil.partners@conseil.partners.benin,conseilpartners.bj,PME (50-200),B2B,CCIB Annuaire,,Actif,2026-06-29T00:14:35.913165,haute
BJ-B5C81AFF,Audit Formation Africa,Services aux entreprises,Kouandé,+229 88 62 80 41,audit.formation.africa@audit.formation.africa.org,,PME (10-50),B2B,CCIB Annuaire,,Actif,2026-06-29T00:14:35.913199,moyenne
BJ-B1F6CFE6,Management,Services aux entreprises,Péhunco,+229 56 58 42 69,management@management.bj,management.bj,PME (50-200),B2B,CCIB Annuaire,,Actif,2026-06-29T00:14:35.913244,haute
BJ-1705A630,Audit Stratégie Cabinet,Services aux entreprises,Péhunco,+229 54 39 98 10,,,TPE (<10),B2B,CCIB Annuaire,,Actif,2026-06-29T00:14:35.913269,basse
BJ-1518DF45,Audit International,Services aux entreprises,Péhunco,+229 93 16 99 88,audit.international@audit.international.org,,TPE (<10),B2B,CCIB Annuaire,,Actif,2026-06-29T00:14:35.913304,moyenne
BJ-40DF61A9,Consulting,Services aux entreprises,Péhunco,+229 48 31 16 66,consulting@consulting.benin,consulting.bj,TPE (<10),B2B,CCIB Annuaire,,Actif,2026-06-29T00:14:35.913368,haute
BJ-6F83B70A,Stratégie Africa,Services aux entreprises,Tchaourou,+229 68 16 11 91,stratégie.africa@stratégie.africa.net,stratégieafrica.bj,TPE (<10),B2B,CCIB Annuaire,,Actif,2026-06-29T00:14:35.913409,haute
BJ-B7208D37,Fiscal Bureau Tchaourou,Services aux entreprises,Tchaourou,+229 88 16 62 13,fiscal.bureau.tchaourou@fiscal.bureau.tchaourou.benin,,TPE (<10),B2B,CCIB Annuaire,,Actif,2026-06-29T00:14:35.913439,moyenne
BJ-D2EE9ADB,Conseil Comptable,Services aux entreprises,Tchaourou,+229 52 79 25 25,conseil.comptable@conseil.comptable.benin,conseilcomptable.bj,PME (50-200),B2B,CCIB Annuaire,,Actif,2026-06-29T00:14:35.913465,haute
BJ-BF7D8E07,Bureau Management Africa,Services aux entreprises,Tchaourou,+229 49 93 72 53,bureau.management.africa@bureau.management.africa.org,bureaumanagementafrica.bj,Grande (>200),B2B,CCIB Annuaire,,Actif,2026-06-29T00:14:35.913480,haute
BJ-F0ED927A,Comptable,Services aux entreprises,Tchaourou,+229 53 86 99 60,comptable@comptable.com,,TPE (<10),B2B,CCIB Annuaire,,Actif,2026-06-29T00:14:35.913494,moyenne
BJ-F89B8891,Agence Formation Nikki,Services aux entreprises,Nikki,+229 71 48 28 89,agence.formation.nikki@agence.formation.nikki.com,agenceformationnikki.bj,Grande (>200),B2B,CCIB Annuaire,,Actif,2026-06-29T00:14:35.913540,haute
BJ-DB60D6EE,Business Africa,Services aux entreprises,Nikki,+229 81 32 12 57,,,PME (10-50),B2B,CCIB Annuaire,,Actif,2026-06-29T00:14:35.913566,basse
BJ-6C103F52,Conseil,Services aux entreprises,Nikki,+229 87 83 70 80,conseil@conseil.com,conseil.bj,PME (10-50),B2B,CCIB Annuaire,,Actif,2026-06-29T00:14:35.913596,haute
BJ-3A072A29,Audit Bénin,Services aux entreprises,Nikki,+229 39 53 65 41,audit.bénin@audit.bénin.bj,auditbénin.bj,PME (50-200),B2B,CCIB Annuaire,,Actif,2026-06-29T00:14:35.913639,haute
BJ-27FF658E,Bureau Fiscal Partners,Services aux entreprises,Nikki,+229 75 34 27 52,bureau.fiscal.partners@bureau.fiscal.partners.benin,bureaufiscalpartners.bj,TPE (<10),B2B,CCIB Annuaire,,Actif,2026-06-29T00:14:35.913673,haute
BJ-4106B89B,Conseil Communication Consulting,Services aux entreprises,Bembéréké,+229 84 69 49 28,,conseilcommunicationconsulting.bj,PME (50-200),B2B,CCIB Annuaire,,Actif,2026-06-29T00:14:35.913712,moyenne
BJ-57337701,RH Bembéréké,Services aux entreprises,Bembéréké,+229 49 84 21 22,,rhbembéréké.bj,TPE (<10),B2B,CCIB Annuaire,,Actif,2026-06-29T00:14:35.913741,moyenne
BJ-5C2020D2,Management,Services aux entreprises,Bembéréké,+229 95 39 26 50,management@management.bj,,PME (10-50),B2B,CCIB Annuaire,,Actif,2026-06-29T00:14:35.913772,moyenne
BJ-8C7015CF,Agence Fiscal,Services aux entreprises,Bembéréké,+229 94 73 86 96,agence.fiscal@agence.fiscal.com,agencefiscal.bj,TPE (<10),B2B,CCIB Annuaire,,Actif,2026-06-29T00:14:35.913802,haute
BJ-EFC4ABC1,Conseil Marketing,Services aux entreprises,Bembéréké,+229 89 49 31 74,conseil.marketing@conseil.marketing.bj,conseilmarketing.bj,Grande (>200),B2B,CCIB Annuaire,,Actif,2026-06-29T00:14:35.913836,haute
BJ-8072B931,Cabinet Communication Partners,Services aux entreprises,Kalalé,+229 65 41 37 94,cabinet.communication.partners@cabinet.communication.partners.benin,cabinetcommunicationpartners.bj,PME (50-200),B2B,CCIB Annuaire,,Actif,2026-06-29T00:14:35.913883,haute
BJ-9F437987,Expert Advisory,Services aux entreprises,Kalalé,+229 35 18 61 55,expert.advisory@expert.advisory.net,,TPE (<10),B2B,CCIB Annuaire,,Actif,2026-06-29T00:14:35.913921,moyenne
BJ-D1AE6473,Expert Juridique International,Services aux entreprises,Kalalé,+229 73 21 21 21,,expertjuridiqueinternational.bj,TPE (<10),B2B,CCIB Annuaire,,Actif,2026-06-29T00:14:35.913966,moyenne
BJ-0792ACF9,Audit Stratégie Kalalé,Services aux entreprises,Kalalé,+229 22 48 18 18,,auditstratégiekalalé.bj,TPE (<10),B2B,CCIB Annuaire,,Actif,2026-06-29T00:14:35.914000,moyenne
BJ-46A62E4F,Formation International,Services aux entreprises,Kalalé,+229 23 83 52 24,formation.international@formation.international.net,formationinternational.bj,TPE (<10),B2B,CCIB Annuaire,,Actif,2026-06-29T00:14:35.914025,haute
BJ-04E3EA6A,Cabinet Communication,Services aux entreprises,Ndali,+229 36 82 35 13,cabinet.communication@cabinet.communication.com,cabinetcommunication.bj,Grande (>200),B2B,CCIB Annuaire,,Actif,2026-06-29T00:14:35.914063,haute
BJ-1E5AB263,Conseil Audit,Services aux entreprises,Ndali,+229 45 17 61 96,conseil.audit@conseil.audit.net,conseilaudit.bj,PME (50-200),B2B,CCIB Annuaire,,Actif,2026-06-29T00:14:35.914090,haute
BJ-C3E4C4C0,Management,Services aux entreprises,Ndali,+229 29 50 32 78,management@management.bj,management.bj,PME (50-200),B2B,CCIB Annuaire,,Actif,2026-06-29T00:14:35.914104,haute
BJ-AE841028,Bureau Conseil,Services aux entreprises,Ndali,+229 94 96 65 88,bureau.conseil@bureau.conseil.com,bureauconseil.bj,PME (50-200),B2B,CCIB Annuaire,,Actif,2026-06-29T00:14:35.914120,haute
BJ-035B020D,Expert Comptable,Services aux entreprises,Ndali,+229 77 88 34 83,,expertcomptable.bj,PME (50-200),B2B,CCIB Annuaire,,Actif,2026-06-29T00:14:35.914139,moyenne
BJ-CD3B1ABD,Audit Expert Bureau,Services aux entreprises,Ségbana,+229 69 39 86 64,audit.expert.bureau@audit.expert.bureau.benin,auditexpertbureau.bj,TPE (<10),B2B,CCIB Annuaire,,Actif,2026-06-29T00:14:35.914178,haute
BJ-C2A21BA2,Audit Fiscal,Services aux entreprises,Ségbana,+229 77 74 25 79,audit.fiscal@audit.fiscal.benin,auditfiscal.bj,TPE (<10),B2B,CCIB Annuaire,,Actif,2026-06-29T00:14:35.914192,haute
BJ-0E339983,Expert Business,Services aux entreprises,Ségbana,+229 57 91 14 88,expert.business@expert.business.com,expertbusiness.bj,TPE (<10),B2B,CCIB Annuaire,,Actif,2026-06-29T00:14:35.914209,haute
BJ-1DC33116,Comptable,Services aux entreprises,Ségbana,+229 59 47 60 62,,,PME (10-50),B2B,CCIB Annuaire,,Actif,2026-06-29T00:14:35.914221,basse
BJ-0E998D7C,Business,Services aux entreprises,Tchaourou,+229 76 66 74 30,business@business.org,business.bj,TPE (<10),B2B,CCIB Annuaire,,Actif,2026-06-29T00:14:35.914241,haute
BJ-783EE635,Cabinet Expert International,Services aux entreprises,Tchaourou,+229 81 22 33 18,cabinet.expert.international@cabinet.expert.international.com,cabinetexpertinternational.bj,TPE (<10),B2B,CCIB Annuaire,,Actif,2026-06-29T00:14:35.914258,haute
BJ-EAA2A07E,Comptable Consulting,Services aux entreprises,Tchaourou,+229 66 66 38 63,,,Grande (>200),B2B,CCIB Annuaire,,Actif,2026-06-29T00:14:35.914270,basse
BJ-62DA3E1A,Formation Advisory Tchaourou,Services aux entreprises,Tchaourou,+229 96 86 22 44,,formationadvisorytchaourou.bj,TPE (<10),B2B,CCIB Annuaire,,Actif,2026-06-29T00:14:35.914282,moyenne
BJ-5AAD6533,Comptable International,Services aux entreprises,Tchaourou,+229 49 89 70 88,comptable.international@comptable.international.com,comptableinternational.bj,TPE (<10),B2B,CCIB Annuaire,,Actif,2026-06-29T00:14:35.914294,haute
BJ-A2A117F6,Cabinet Marketing,Services aux entreprises,Bétérou,+229 92 63 52 83,cabinet.marketing@cabinet.marketing.net,cabinetmarketing.bj,TPE (<10),B2B,CCIB Annuaire,,Actif,2026-06-29T00:14:35.914313,haute
BJ-3EF4EC31,Cabinet Fiscal Partners,Services aux entreprises,Bétérou,+229 41 69 36 89,cabinet.fiscal.partners@cabinet.fiscal.partners.net,cabinetfiscalpartners.bj,PME (10-50),B2B,CCIB Annuaire,,Actif,2026-06-29T00:14:35.914326,haute
BJ-00874645,Audit Africa,Services aux entreprises,Bétérou,+229 26 14 34 84,audit.africa@audit.africa.bj,auditafrica.bj,PME (50-200),B2B,CCIB Annuaire,,Actif,2026-06-29T00:14:35.914339,haute
BJ-7F1C208C,Formation Africa,Services aux entreprises,Bétérou,+229 75 25 96 85,formation.africa@formation.africa.net,formationafrica.bj,PME (10-50),B2B,CCIB Annuaire,,Actif,2026-06-29T00:14:35.914358,haute
BJ-2B96558E,RH Cabinet,Services aux entreprises,Bétérou,+229 74 69 43 77,rh.cabinet@rh.cabinet.com,rhcabinet.bj,PME (50-200),B2B,CCIB Annuaire,,Actif,2026-06-29T00:14:35.914371,haute
BJ-0CC0903C,Bureau Comptable Ouessè,Services aux entreprises,Ouessè,+229 97 82 20 60,bureau.comptable.ouessè@bureau.comptable.ouessè.net,bureaucomptableouessè.bj,Grande (>200),B2B,CCIB Annuaire,,Actif,2026-06-29T00:14:35.914392,haute
BJ-A6241F5C,Marketing Bureau,Services aux entreprises,Ouessè,+229 30 66 24 91,marketing.bureau@marketing.bureau.com,,PME (50-200),B2B,CCIB Annuaire,,Actif,2026-06-29T00:14:35.914404,moyenne
BJ-AE2FC9C7,Management International,Services aux entreprises,Ouessè,+229 27 10 74 20,management.international@management.international.com,managementinternational.bj,PME (10-50),B2B,CCIB Annuaire,,Actif,2026-06-29T00:14:35.914417,haute
BJ-7B7AD426,Cabinet Juridique,Services aux entreprises,Ouessè,+229 66 48 18 27,,cabinetjuridique.bj,PME (10-50),B2B,CCIB Annuaire,,Actif,2026-06-29T00:14:35.914429,moyenne
BJ-4F8C79C1,Expert Conseil Partners Ouessè,Services aux entreprises,Ouessè,+229 37 18 33 48,expert.conseil.partners.ouessè@expert.conseil.partners.ouessè.net,,PME (50-200),B2B,CCIB Annuaire,,Actif,2026-06-29T00:14:35.914444,moyenne
BJ-685B8B69,Conseil Marketing,Services aux entreprises,Glazoué,+229 69 90 47 26,,conseilmarketing.bj,TPE (<10),B2B,CCIB Annuaire,,Actif,2026-06-29T00:14:35.914462,moyenne
BJ-04C01F9F,RH Partners,Services aux entreprises,Glazoué,+229 23 37 27 86,rh.partners@rh.partners.org,,TPE (<10),B2B,CCIB Annuaire,,Actif,2026-06-29T00:14:35.914474,moyenne
BJ-7DCA5E9C,Bureau Stratégie Partners,Services aux entreprises,Glazoué,+229 23 94 16 50,bureau.stratégie.partners@bureau.stratégie.partners.net,,PME (10-50),B2B,CCIB Annuaire,,Actif,2026-06-29T00:14:35.914488,moyenne
BJ-D39E2046,Consulting Management Cabinet,Services aux entreprises,Glazoué,+229 88 44 89 16,consulting.management.cabinet@consulting.management.cabinet.com,consultingmanagementcabinet.bj,PME (10-50),B2B,CCIB Annuaire,,Actif,2026-06-29T00:14:35.914504,haute
BJ-146BC9D9,Juridique,Services aux entreprises,Glazoué,+229 63 91 39 17,juridique@juridique.net,juridique.bj,PME (50-200),B2B,CCIB Annuaire,,Actif,2026-06-29T00:14:35.914518,haute
BJ-46268B6C,Stratégie Consulting,Services aux entreprises,Dassa-Zoumè,+229 73 45 92 17,stratégie.consulting@stratégie.consulting.benin,stratégieconsulting.bj,TPE (<10),B2B,CCIB Annuaire,,Actif,2026-06-29T00:14:35.914541,haute
BJ-C8F50BB2,Audit,Services aux entreprises,Dassa-Zoumè,+229 56 53 99 10,audit@audit.net,audit.bj,PME (50-200),B2B,CCIB Annuaire,,Actif,2026-06-29T00:14:35.914555,haute
BJ-CD82815C,Expert Conseil Advisory,Services aux entreprises,Dassa-Zoumè,+229 22 25 71 37,expert.conseil.advisory@expert.conseil.advisory.benin,expertconseiladvisory.bj,PME (10-50),B2B,CCIB Annuaire,,Actif,2026-06-29T00:14:35.914568,haute
BJ-19ADC38C,Communication Bénin,Services aux entreprises,Dassa-Zoumè,+229 55 23 34 15,,communicationbénin.bj,TPE (<10),B2B,CCIB Annuaire,,Actif,2026-06-29T00:14:35.914581,moyenne
BJ-4E8F4D21,Juridique,Services aux entreprises,Dassa-Zoumè,+229 82 26 30 66,juridique@juridique.benin,juridique.bj,PME (10-50),B2B,CCIB Annuaire,,Actif,2026-06-29T00:14:35.914598,haute
BJ-F671CF1E,Conseil Cabinet,Services aux entreprises,Savalou,+229 25 72 81 42,conseil.cabinet@conseil.cabinet.org,conseilcabinet.bj,TPE (<10),B2B,CCIB Annuaire,,Actif,2026-06-29T00:14:35.914622,haute
BJ-3B9D4300,Consulting,Services aux entreprises,Savalou,+229 22 38 32 64,consulting@consulting.net,consulting.bj,PME (50-200),B2B,CCIB Annuaire,,Actif,2026-06-29T00:14:35.914649,haute
BJ-D43715AD,Agence Stratégie Savalou,Services aux entreprises,Savalou,+229 84 81 39 34,agence.stratégie.savalou@agence.stratégie.savalou.com,agencestratégiesavalou.bj,PME (10-50),B2B,CCIB Annuaire,,Actif,2026-06-29T00:14:35.914666,haute
BJ-9B646733,RH Cabinet Bantè,Services aux entreprises,Bantè,+229 33 38 78 49,,rhcabinetbantè.bj,TPE (<10),B2B,CCIB Annuaire,,Actif,2026-06-29T00:14:35.914700,moyenne
BJ-ADEA1072,Expert Audit Consulting,Services aux entreprises,Bantè,+229 83 76 66 32,,expertauditconsulting.bj,PME (10-50),B2B,CCIB Annuaire,,Actif,2026-06-29T00:14:35.914714,moyenne
BJ-D2B50CE3,Audit Fiscal,Services aux entreprises,Bantè,+229 37 13 45 30,audit.fiscal@audit.fiscal.net,auditfiscal.bj,TPE (<10),B2B,CCIB Annuaire,,Actif,2026-06-29T00:14:35.914728,haute
BJ-9E1F0F2C,Consulting Marketing Bureau,Services aux entreprises,Bantè,+229 42 25 52 42,consulting.marketing.bureau@consulting.marketing.bureau.net,,Grande (>200),B2B,CCIB Annuaire,,Actif,2026-06-29T00:14:35.914740,moyenne
BJ-17438AD3,Audit Business Consulting,Services aux entreprises,Bantè,+229 22 84 67 64,,auditbusinessconsulting.bj,PME (10-50),B2B,CCIB Annuaire,,Actif,2026-06-29T00:14:35.914752,moyenne
BJ-AF0C4A2C,Cabinet Marketing International,Services aux entreprises,Djougou,+229 73 40 29 92,cabinet.marketing.international@cabinet.marketing.international.net,cabinetmarketinginternational.bj,PME (50-200),B2B,CCIB Annuaire,,Actif,2026-06-29T00:14:35.914772,haute
BJ-60307636,Comptable Advisory,Services aux entreprises,Djougou,+229 36 46 28 75,,comptableadvisory.bj,TPE (<10),B2B,CCIB Annuaire,,Actif,2026-06-29T00:14:35.914784,moyenne
BJ-474CFBAC,Formation International Djougou,Services aux entreprises,Djougou,+229 91 11 17 97,formation.international.djougou@formation.international.djougou.net,formationinternationaldjougou.bj,TPE (<10),B2B,CCIB Annuaire,,Actif,2026-06-29T00:14:35.914798,haute
BJ-F693FA02,Consulting Communication Djougou,Services aux entreprises,Djougou,+229 48 65 90 49,consulting.communication.djougou@consulting.communication.djougou.benin,,Grande (>200),B2B,CCIB Annuaire,,Actif,2026-06-29T00:14:35.914815,moyenne
BJ-3511DA66,Agence RH International,Services aux entreprises,Djougou,+229 99 84 62 36,,agencerhinternational.bj,Grande (>200),B2B,CCIB Annuaire,,Actif,2026-06-29T00:14:35.914831,moyenne
BJ-4316E1D1,Expert Expert Cabinet Ouèssè,Services aux entreprises,Ouèssè,+229 70 53 36 37,expert.expert.cabinet.ouèssè@expert.expert.cabinet.ouèssè.net,expertexpertcabinetouèssè.bj,PME (50-200),B2B,CCIB Annuaire,,Actif,2026-06-29T00:14:35.914853,haute
BJ-E5D1F37C,Expert Comptable Africa Ouèssè,Services aux entreprises,Ouèssè,+229 44 32 17 41,expert.comptable.africa.ouèssè@expert.comptable.africa.ouèssè.com,expertcomptableafricaouèssè.bj,PME (50-200),B2B,CCIB Annuaire,,Actif,2026-06-29T00:14:35.914880,haute
BJ-4105993B,Management,Services aux entreprises,Ouèssè,+229 85 82 16 34,management@management.org,management.bj,PME (50-200),B2B,CCIB Annuaire,,Actif,2026-06-29T00:14:35.914917,haute
BJ-5489A538,Cabinet Expert Partners,Services aux entreprises,Ouèssè,+229 64 39 37 91,cabinet.expert.partners@cabinet.expert.partners.org,cabinetexpertpartners.bj,TPE (<10),B2B,CCIB Annuaire,,Actif,2026-06-29T00:14:35.914955,haute
BJ-C985425F,Expert Bassila,Services aux entreprises,Bassila,+229 74 62 71 94,expert.bassila@expert.bassila.net,expertbassila.bj,TPE (<10),B2B,CCIB Annuaire,,Actif,2026-06-29T00:14:35.914998,haute
BJ-585A1E3C,Expert Formation,Services aux entreprises,Bassila,+229 69 35 36 70,expert.formation@expert.formation.net,,TPE (<10),B2B,CCIB Annuaire,,Actif,2026-06-29T00:14:35.915029,moyenne
BJ-74AA5CEF,Audit,Services aux entreprises,Bassila,+229 73 95 96 46,audit@audit.benin,,TPE (<10),B2B,CCIB Annuaire,,Actif,2026-06-29T00:14:35.915060,moyenne
BJ-9C1389EA,Formation Bénin,Services aux entreprises,Bassila,+229 38 30 99 49,formation.bénin@formation.bénin.benin,formationbénin.bj,PME (10-50),B2B,CCIB Annuaire,,Actif,2026-06-29T00:14:35.915178,haute
BJ-B0C185C3,Business,Services aux entreprises,Bassila,+229 98 13 51 37,,business.bj,TPE (<10),B2B,CCIB Annuaire,,Actif,2026-06-29T00:14:35.915196,moyenne
BJ-E3600357,Communication Partners,Services aux entreprises,Pehunco,+229 26 79 56 15,communication.partners@communication.partners.net,,PME (10-50),B2B,CCIB Annuaire,,Actif,2026-06-29T00:14:35.915217,moyenne
BJ-E8B77DC6,Expert Bureau Pehunco,Services aux entreprises,Pehunco,+229 39 93 24 29,expert.bureau.pehunco@expert.bureau.pehunco.bj,,TPE (<10),B2B,CCIB Annuaire,,Actif,2026-06-29T00:14:35.915231,moyenne
BJ-42B3070F,Expert Consulting Partners,Services aux entreprises,Pehunco,+229 90 13 44 81,expert.consulting.partners@expert.consulting.partners.benin,expertconsultingpartners.bj,TPE (<10),B2B,CCIB Annuaire,,Actif,2026-06-29T00:14:35.915261,haute
BJ-957B8B58,Agence Conseil,Services aux entreprises,Pehunco,+229 43 80 36 72,agence.conseil@agence.conseil.com,agenceconseil.bj,TPE (<10),B2B,CCIB Annuaire,,Actif,2026-06-29T00:14:35.915295,haute
BJ-5463F2D1,Audit,Services aux entreprises,Pehunco,+229 98 42 93 32,audit@audit.com,audit.bj,PME (10-50),B2B,CCIB Annuaire,,Actif,2026-06-29T00:14:35.915311,haute
BJ-F98E6A30,Conseil Formation Consulting Copargo,Services aux entreprises,Copargo,+229 55 97 92 75,conseil.formation.consulting.copargo@conseil.formation.consulting.copargo.net,conseilformationconsultingcopargo.bj,TPE (<10),B2B,CCIB Annuaire,,Actif,2026-06-29T00:14:35.915334,haute
BJ-CBCCFA90,Bureau Business,Services aux entreprises,Copargo,+229 62 86 10 93,bureau.business@bureau.business.com,,TPE (<10),B2B,CCIB Annuaire,,Actif,2026-06-29T00:14:35.915358,moyenne
BJ-0B5F3502,Consulting Expert,Services aux entreprises,Copargo,+229 89 91 27 43,,,TPE (<10),B2B,CCIB Annuaire,,Actif,2026-06-29T00:14:35.915370,basse
BJ-CEC96CA3,Conseil Fiscal,Services aux entreprises,Copargo,+229 75 92 17 77,conseil.fiscal@conseil.fiscal.net,conseilfiscal.bj,PME (10-50),B2B,CCIB Annuaire,,Actif,2026-06-29T00:14:35.915386,haute
BJ-F3CB3024,Environnement Écologie Bénin,Énergie & Environnement,Cotonou,+229 60 58 45 52,environnement.écologie.bénin@environnement.écologie.bénin.bj,,PME (50-200),B2B,CCIB Annuaire,,Actif,2026-06-29T00:14:35.915421,moyenne
BJ-20648854,Eau Renouvelable Power,Énergie & Environnement,Cotonou,+229 27 15 83 44,eau.renouvelable.power@eau.renouvelable.power.benin,,TPE (<10),B2B,CCIB Annuaire,,Actif,2026-06-29T00:14:35.915434,moyenne
BJ-BEEEA228,Environnement Énergie SARL,Énergie & Environnement,Cotonou,+229 96 46 28 95,environnement.énergie.sarl@environnement.énergie.sarl.net,environnementénergiesarl.bj,Grande (>200),B2C,CCIB Annuaire,,Actif,2026-06-29T00:14:35.915449,haute
BJ-10A54B4A,Eau Energy,Énergie & Environnement,Cotonou,+229 86 73 49 54,,,Grande (>200),B2B,CCIB Annuaire,,Actif,2026-06-29T00:14:35.915461,basse
BJ-311E05D4,Hydraulique Solar,Énergie & Environnement,Cotonou,+229 39 89 64 18,hydraulique.solar@hydraulique.solar.bj,hydrauliquesolar.bj,PME (10-50),B2B,CCIB Annuaire,,Actif,2026-06-29T00:14:35.915474,haute
BJ-11753399,Environnement Écologie Abomey-Calavi,Énergie & Environnement,Abomey-Calavi,+229 88 44 62 29,environnement.écologie.abomeycalavi@environnement.écologie.abomeycalavi.com,environnementécologieabomeycalavi.bj,PME (10-50),B2B,CCIB Annuaire,,Actif,2026-06-29T00:14:35.915512,haute
BJ-7C23D0BF,Clean Environment,Énergie & Environnement,Abomey-Calavi,+229 76 73 28 74,,cleanenvironment.bj,Grande (>200),B2C,CCIB Annuaire,,Actif,2026-06-29T00:14:35.915525,moyenne
BJ-61FDB8C5,Eau Énergie Energy,Énergie & Environnement,Abomey-Calavi,+229 37 20 47 30,eau.énergie.energy@eau.énergie.energy.benin,,PME (10-50),B2B,CCIB Annuaire,,Actif,2026-06-29T00:14:35.915538,moyenne
BJ-A052A3E2,Énergie Éolien Abomey-Calavi,Énergie & Environnement,Abomey-Calavi,+229 38 47 67 34,,énergieéolienabomeycalavi.bj,TPE (<10),B2C,CCIB Annuaire,,Actif,2026-06-29T00:14:35.915554,moyenne
BJ-7AF13A71,Durable,Énergie & Environnement,Abomey-Calavi,+229 39 21 35 93,durable@durable.net,durable.bj,TPE (<10),B2C,CCIB Annuaire,,Actif,2026-06-29T00:14:35.915568,haute
BJ-AD6F2987,Éolien Clean,Énergie & Environnement,Porto-Novo,+229 36 53 17 32,éolien.clean@éolien.clean.bj,éolienclean.bj,Grande (>200),B2B,CCIB Annuaire,,Actif,2026-06-29T00:14:35.915588,haute
BJ-BE745A3D,Eau,Énergie & Environnement,Porto-Novo,+229 73 61 39 22,eau@eau.net,,PME (50-200),B2C,CCIB Annuaire,,Actif,2026-06-29T00:14:35.915604,moyenne
BJ-974B1E7F,Renouvelable Solar,Énergie & Environnement,Porto-Novo,+229 40 47 58 77,renouvelable.solar@renouvelable.solar.net,,TPE (<10),B2C,CCIB Annuaire,,Actif,2026-06-29T00:14:35.915617,moyenne
BJ-1937AF2F,Éolien Durable,Énergie & Environnement,Porto-Novo,+229 91 33 16 93,éolien.durable@éolien.durable.net,éoliendurable.bj,PME (10-50),B2B,CCIB Annuaire,,Actif,2026-06-29T00:14:35.915631,haute
BJ-8C537504,Hydraulique,Énergie & Environnement,Porto-Novo,+229 59 37 32 95,hydraulique@hydraulique.net,hydraulique.bj,PME (50-200),B2C,CCIB Annuaire,,Actif,2026-06-29T00:14:35.915644,haute
BJ-517A7633,Éolien,Énergie & Environnement,Parakou,+229 50 22 69 25,éolien@éolien.bj,éolien.bj,TPE (<10),B2B,CCIB Annuaire,,Actif,2026-06-29T00:14:35.915668,haute
BJ-4EBB17BB,Éolien Environment,Énergie & Environnement,Parakou,+229 74 29 59 49,éolien.environment@éolien.environment.org,,TPE (<10),B2B,CCIB Annuaire,,Actif,2026-06-29T00:14:35.915681,moyenne
BJ-52EA69CD,Énergie Eau SARL,Énergie & Environnement,Parakou,+229 27 35 30 79,,énergieeausarl.bj,TPE (<10),B2B,CCIB Annuaire,,Actif,2026-06-29T00:14:35.915694,moyenne
BJ-8BB80827,Solaire Africa Parakou,Énergie & Environnement,Parakou,+229 42 38 72 20,solaire.africa.parakou@solaire.africa.parakou.org,solaireafricaparakou.bj,TPE (<10),B2C,CCIB Annuaire,,Actif,2026-06-29T00:14:35.915711,haute
BJ-BDCC7C22,Énergie,Énergie & Environnement,Parakou,+229 88 85 76 51,énergie@énergie.com,énergie.bj,PME (10-50),B2C,CCIB Annuaire,,Actif,2026-06-29T00:14:35.915725,haute
BJ-833EFBD0,Solaire Bénin Bohicon,Énergie & Environnement,Bohicon,+229 70 38 32 93,,,TPE (<10),B2B,CCIB Annuaire,,Actif,2026-06-29T00:14:35.915743,basse
BJ-7CA7772B,Solaire Bohicon,Énergie & Environnement,Bohicon,+229 72 85 99 30,solaire.bohicon@solaire.bohicon.bj,,TPE (<10),B2C,CCIB Annuaire,,Actif,2026-06-29T00:14:35.915755,moyenne
BJ-8038A945,Éolien Africa,Énergie & Environnement,Bohicon,+229 41 30 83 75,,éolienafrica.bj,PME (10-50),B2C,CCIB Annuaire,,Actif,2026-06-29T00:14:35.915767,moyenne
BJ-C0F2D71F,Vert Énergie Solar Bohicon,Énergie & Environnement,Bohicon,+229 75 41 99 19,vert.énergie.solar.bohicon@vert.énergie.solar.bohicon.org,verténergiesolarbohicon.bj,PME (50-200),B2C,CCIB Annuaire,,Actif,2026-06-29T00:14:35.915782,haute
BJ-C1FFA566,Hydraulique,Énergie & Environnement,Bohicon,+229 96 18 10 59,hydraulique@hydraulique.net,hydraulique.bj,PME (50-200),B2B,CCIB Annuaire,,Actif,2026-06-29T00:14:35.915794,haute
BJ-6FB1DE37,Eau Environnement Power,Énergie & Environnement,Natitingou,+229 59 93 13 88,,eauenvironnementpower.bj,PME (10-50),B2C,CCIB Annuaire,,Actif,2026-06-29T00:14:35.915812,moyenne
BJ-D55FBBEB,Environnement,Énergie & Environnement,Natitingou,+229 31 72 27 45,,environnement.bj,PME (10-50),B2B,CCIB Annuaire,,Actif,2026-06-29T00:14:35.915824,moyenne
BJ-632AEDF9,Éolien Environnement,Énergie & Environnement,Natitingou,+229 29 90 11 78,éolien.environnement@éolien.environnement.org,éolienenvironnement.bj,TPE (<10),B2B,CCIB Annuaire,,Actif,2026-06-29T00:14:35.915837,haute
BJ-BE8B4FA0,Vert Hydraulique Water,Énergie & Environnement,Natitingou,+229 81 27 89 41,vert.hydraulique.water@vert.hydraulique.water.benin,verthydrauliquewater.bj,TPE (<10),B2B,CCIB Annuaire,,Actif,2026-06-29T00:14:35.915857,haute
BJ-8A903D45,Vert Africa Natitingou,Énergie & Environnement,Natitingou,+229 82 87 72 72,vert.africa.natitingou@vert.africa.natitingou.bj,vertafricanatitingou.bj,TPE (<10),B2B,CCIB Annuaire,,Actif,2026-06-29T00:14:35.915871,haute
BJ-B4C9FD43,Éolien Power,Énergie & Environnement,Lokossa,+229 94 83 45 36,,éolienpower.bj,TPE (<10),B2B,CCIB Annuaire,,Actif,2026-06-29T00:14:35.915914,moyenne
BJ-D3A5191D,Environnement SARL,Énergie & Environnement,Lokossa,+229 45 53 66 16,environnement.sarl@environnement.sarl.bj,environnementsarl.bj,Grande (>200),B2C,CCIB Annuaire,,Actif,2026-06-29T00:14:35.915930,haute
BJ-27E782CA,Solar Vert Solar,Énergie & Environnement,Lokossa,+229 49 76 24 44,solar.vert.solar@solar.vert.solar.net,solarvertsolar.bj,TPE (<10),B2C,CCIB Annuaire,,Actif,2026-06-29T00:14:35.915943,haute
BJ-EF4521CA,Énergie Assainissement,Énergie & Environnement,Lokossa,+229 30 10 55 52,,énergieassainissement.bj,PME (10-50),B2C,CCIB Annuaire,,Actif,2026-06-29T00:14:35.915956,moyenne
BJ-B53CFE22,Éolien Assainissement,Énergie & Environnement,Lokossa,+229 47 21 84 11,éolien.assainissement@éolien.assainissement.com,éolienassainissement.bj,TPE (<10),B2B,CCIB Annuaire,,Actif,2026-06-29T00:14:35.915971,haute
BJ-88E281BA,Clean Ouidah,Énergie & Environnement,Ouidah,+229 53 95 71 70,clean.ouidah@clean.ouidah.bj,cleanouidah.bj,TPE (<10),B2C,CCIB Annuaire,,Actif,2026-06-29T00:14:35.915991,haute
BJ-90D2EE8F,Éolien Power,Énergie & Environnement,Ouidah,+229 29 43 68 38,,éolienpower.bj,PME (10-50),B2C,CCIB Annuaire,,Actif,2026-06-29T00:14:35.916004,moyenne
BJ-DA75541F,Énergie,Énergie & Environnement,Ouidah,+229 62 81 69 66,énergie@énergie.benin,énergie.bj,TPE (<10),B2C,CCIB Annuaire,,Actif,2026-06-29T00:14:35.916021,haute
BJ-8837745F,Éolien Power Africa,Énergie & Environnement,Ouidah,+229 55 79 81 77,,,PME (10-50),B2B,CCIB Annuaire,,Actif,2026-06-29T00:14:35.916036,basse
BJ-6154A19C,Renouvelable,Énergie & Environnement,Ouidah,+229 32 79 45 92,renouvelable@renouvelable.com,renouvelable.bj,PME (10-50),B2C,CCIB Annuaire,,Actif,2026-06-29T00:14:35.916049,haute
BJ-B0552A2D,Environnement SARL,Énergie & Environnement,Savalou,+229 46 95 31 65,environnement.sarl@environnement.sarl.net,environnementsarl.bj,PME (10-50),B2C,CCIB Annuaire,,Actif,2026-06-29T00:14:35.916068,haute
BJ-B361B1CE,Vert Environnement Environment,Énergie & Environnement,Savalou,+229 50 24 26 23,vert.environnement.environment@vert.environnement.environment.benin,,TPE (<10),B2C,CCIB Annuaire,,Actif,2026-06-29T00:14:35.916081,moyenne
BJ-497469EA,Environnement Éolien,Énergie & Environnement,Savalou,+229 44 34 34 87,environnement.éolien@environnement.éolien.benin,environnementéolien.bj,TPE (<10),B2C,CCIB Annuaire,,Actif,2026-06-29T00:14:35.916095,haute
BJ-67EB5FB3,Clean Savalou,Énergie & Environnement,Savalou,+229 54 44 45 72,clean.savalou@clean.savalou.bj,,PME (50-200),B2C,CCIB Annuaire,,Actif,2026-06-29T00:14:35.916107,moyenne
BJ-F7585DE8,Éolien Durable Water Dassa-Zoumè,Énergie & Environnement,Dassa-Zoumè,+229 86 54 83 20,,éoliendurablewaterdassazoumè.bj,TPE (<10),B2B,CCIB Annuaire,,Actif,2026-06-29T00:14:35.916143,moyenne
BJ-BF9C9EFC,Renouvelable Solar,Énergie & Environnement,Dassa-Zoumè,+229 95 84 33 76,renouvelable.solar@renouvelable.solar.bj,renouvelablesolar.bj,TPE (<10),B2C,CCIB Annuaire,,Actif,2026-06-29T00:14:35.916157,haute
BJ-621A8C2C,Vert Clean Water,Énergie & Environnement,Dassa-Zoumè,+229 57 96 99 13,vert.clean.water@vert.clean.water.net,,TPE (<10),B2C,CCIB Annuaire,,Actif,2026-06-29T00:14:35.916169,moyenne
BJ-F30FB05C,Écologie Bénin,Énergie & Environnement,Dassa-Zoumè,+229 71 54 49 10,écologie.bénin@écologie.bénin.net,,TPE (<10),B2C,CCIB Annuaire,,Actif,2026-06-29T00:14:35.916185,moyenne
BJ-0DC63232,Power Water Dassa-Zoumè,Énergie & Environnement,Dassa-Zoumè,+229 46 31 77 37,power.water.dassazoumè@power.water.dassazoumè.com,,TPE (<10),B2B,CCIB Annuaire,,Actif,2026-06-29T00:14:35.916199,moyenne
BJ-7185DF7D,Durable Bénin,Énergie & Environnement,Kétou,+229 75 63 50 20,,,PME (10-50),B2C,CCIB Annuaire,,Actif,2026-06-29T00:14:35.916231,basse
BJ-E4CDB862,Clean,Énergie & Environnement,Kétou,+229 64 89 47 22,clean@clean.net,clean.bj,PME (50-200),B2C,CCIB Annuaire,,Actif,2026-06-29T00:14:35.916244,haute
BJ-70A02370,Eau Africa Kétou,Énergie & Environnement,Kétou,+229 47 12 28 95,eau.africa.kétou@eau.africa.kétou.com,eauafricakétou.bj,TPE (<10),B2B,CCIB Annuaire,,Actif,2026-06-29T00:14:35.916257,haute
BJ-950F5BF5,Environnement Environnement Energy Kétou,Énergie & Environnement,Kétou,+229 60 53 21 19,environnement.environnement.energy.kétou@environnement.environnement.energy.kétou.net,environnementenvironnementenergykétou.bj,TPE (<10),B2B,CCIB Annuaire,,Actif,2026-06-29T00:14:35.916274,haute
BJ-D81C091B,Éolien Power,Énergie & Environnement,Covè,+229 65 86 70 51,éolien.power@éolien.power.net,,PME (10-50),B2B,CCIB Annuaire,,Actif,2026-06-29T00:14:35.916293,moyenne
BJ-645F6F1C,Énergie Hydraulique Covè,Énergie & Environnement,Covè,+229 75 63 30 89,,,Grande (>200),B2B,CCIB Annuaire,,Actif,2026-06-29T00:14:35.916339,basse
BJ-FBF8D6C2,Éolien Eau Environment,Énergie & Environnement,Covè,+229 82 93 88 61,éolien.eau.environment@éolien.eau.environment.org,éolieneauenvironment.bj,TPE (<10),B2C,CCIB Annuaire,,Actif,2026-06-29T00:14:35.916353,haute
BJ-F868A0A3,Power Solar,Énergie & Environnement,Covè,+229 42 28 28 47,,powersolar.bj,TPE (<10),B2B,CCIB Annuaire,,Actif,2026-06-29T00:14:35.916365,moyenne
BJ-B1A4E8C6,Renouvelable,Énergie & Environnement,Pobè,+229 79 68 75 62,renouvelable@renouvelable.benin,renouvelable.bj,PME (10-50),B2B,CCIB Annuaire,,Actif,2026-06-29T00:14:35.916388,haute
BJ-A4B30518,Eau Vert,Énergie & Environnement,Pobè,+229 75 37 77 84,eau.vert@eau.vert.benin,eauvert.bj,TPE (<10),B2B,CCIB Annuaire,,Actif,2026-06-29T00:14:35.916405,haute
BJ-B518F367,Énergie,Énergie & Environnement,Pobè,+229 95 10 16 91,énergie@énergie.benin,énergie.bj,PME (10-50),B2C,CCIB Annuaire,,Actif,2026-06-29T00:14:35.916421,haute
BJ-D01D4368,Éolien Africa,Énergie & Environnement,Pobè,+229 77 59 80 55,éolien.africa@éolien.africa.org,éolienafrica.bj,TPE (<10),B2B,CCIB Annuaire,,Actif,2026-06-29T00:14:35.916435,haute
BJ-7BEC5428,Eau Durable Bénin,Énergie & Environnement,Pobè,+229 30 18 62 96,eau.durable.bénin@eau.durable.bénin.benin,eaudurablebénin.bj,TPE (<10),B2B,CCIB Annuaire,,Actif,2026-06-29T00:14:35.916452,haute
BJ-96777591,Renouvelable Sakété,Énergie & Environnement,Sakété,+229 93 73 75 90,renouvelable.sakété@renouvelable.sakété.org,renouvelablesakété.bj,TPE (<10),B2C,CCIB Annuaire,,Actif,2026-06-29T00:14:35.916472,haute
BJ-EB36DC11,Solar Solaire,Énergie & Environnement,Sakété,+229 37 20 45 14,,solarsolaire.bj,PME (10-50),B2B,CCIB Annuaire,,Actif,2026-06-29T00:14:35.916484,moyenne
BJ-921D9FC7,Environnement Éolien SARL,Énergie & Environnement,Sakété,+229 87 38 61 90,,environnementéoliensarl.bj,PME (50-200),B2B,CCIB Annuaire,,Actif,2026-06-29T00:14:35.916497,moyenne
BJ-0C8C4440,Écologie Energy Sakété,Énergie & Environnement,Sakété,+229 38 49 59 64,écologie.energy.sakété@écologie.energy.sakété.org,écologieenergysakété.bj,Grande (>200),B2C,CCIB Annuaire,,Actif,2026-06-29T00:14:35.916513,haute
BJ-930BABCA,Eau Africa Sakété,Énergie & Environnement,Sakété,+229 32 19 16 27,eau.africa.sakété@eau.africa.sakété.org,,TPE (<10),B2C,CCIB Annuaire,,Actif,2026-06-29T00:14:35.916526,moyenne
BJ-F449CE99,Solaire,Énergie & Environnement,Adjara,+229 58 24 48 45,,solaire.bj,TPE (<10),B2B,CCIB Annuaire,,Actif,2026-06-29T00:14:35.916544,moyenne
BJ-E9BD0709,Environnement Bénin Adjara,Énergie & Environnement,Adjara,+229 94 93 13 14,environnement.bénin.adjara@environnement.bénin.adjara.bj,,PME (10-50),B2B,CCIB Annuaire,,Actif,2026-06-29T00:14:35.916558,moyenne
BJ-B5807E75,Renouvelable,Énergie & Environnement,Adjara,+229 77 55 68 37,renouvelable@renouvelable.com,renouvelable.bj,PME (50-200),B2B,CCIB Annuaire,,Actif,2026-06-29T00:14:35.916571,haute
BJ-E341C89A,Solar Vert Water,Énergie & Environnement,Adjara,+229 31 47 12 98,solar.vert.water@solar.vert.water.org,,Grande (>200),B2B,CCIB Annuaire,,Actif,2026-06-29T00:14:35.916583,moyenne
BJ-5B8415DB,Durable Adjara,Énergie & Environnement,Adjara,+229 83 48 81 66,,durableadjara.bj,TPE (<10),B2B,CCIB Annuaire,,Actif,2026-06-29T00:14:35.916595,moyenne
BJ-222C0B69,Hydraulique Environment,Énergie & Environnement,Allada,+229 32 96 47 74,hydraulique.environment@hydraulique.environment.benin,hydrauliqueenvironment.bj,TPE (<10),B2B,CCIB Annuaire,,Actif,2026-06-29T00:14:35.916614,haute
BJ-62E6E85B,Clean Energy,Énergie & Environnement,Allada,+229 93 79 26 90,clean.energy@clean.energy.bj,,TPE (<10),B2B,CCIB Annuaire,,Actif,2026-06-29T00:14:35.916626,moyenne
BJ-382C90BA,Énergie Power,Énergie & Environnement,Allada,+229 90 99 71 78,énergie.power@énergie.power.net,énergiepower.bj,TPE (<10),B2B,CCIB Annuaire,,Actif,2026-06-29T00:14:35.916639,haute
BJ-349388CB,Durable Energy,Énergie & Environnement,Allada,+229 77 30 39 60,durable.energy@durable.energy.com,durableenergy.bj,Grande (>200),B2B,CCIB Annuaire,,Actif,2026-06-29T00:14:35.916659,haute
BJ-71AD877D,Power Solaire Environment,Énergie & Environnement,Aplahoué,+229 61 57 27 69,,powersolaireenvironment.bj,PME (10-50),B2B,CCIB Annuaire,,Actif,2026-06-29T00:14:35.916689,moyenne
BJ-C245BB24,Renouvelable,Énergie & Environnement,Aplahoué,+229 89 43 53 80,renouvelable@renouvelable.net,,PME (10-50),B2B,CCIB Annuaire,,Actif,2026-06-29T00:14:35.916702,moyenne
BJ-E55D7200,Vert Africa,Énergie & Environnement,Aplahoué,+229 87 69 57 93,vert.africa@vert.africa.bj,vertafrica.bj,PME (10-50),B2C,CCIB Annuaire,,Actif,2026-06-29T00:14:35.916715,haute
BJ-DCA112EF,Eau Vert,Énergie & Environnement,Aplahoué,+229 47 88 10 17,eau.vert@eau.vert.bj,eauvert.bj,Grande (>200),B2C,CCIB Annuaire,,Actif,2026-06-29T00:14:35.916727,haute
BJ-4152D494,Power Clean Bénin,Énergie & Environnement,Aplahoué,+229 21 66 39 98,power.clean.bénin@power.clean.bénin.com,powercleanbénin.bj,PME (10-50),B2C,CCIB Annuaire,,Actif,2026-06-29T00:14:35.916741,haute
BJ-C437AC9F,Éolien Eau,Énergie & Environnement,Dogbo-Tota,+229 31 95 22 45,éolien.eau@éolien.eau.com,,PME (50-200),B2C,CCIB Annuaire,,Actif,2026-06-29T00:14:35.916779,moyenne
BJ-EFFC350C,Éolien SARL,Énergie & Environnement,Dogbo-Tota,+229 41 17 63 79,éolien.sarl@éolien.sarl.benin,,TPE (<10),B2B,CCIB Annuaire,,Actif,2026-06-29T00:14:35.916791,moyenne
BJ-35B05161,Power Hydraulique SARL,Énergie & Environnement,Dogbo-Tota,+229 67 75 94 12,,,TPE (<10),B2B,CCIB Annuaire,,Actif,2026-06-29T00:14:35.916806,basse
BJ-5963352F,Durable Bénin,Énergie & Environnement,Dogbo-Tota,+229 92 76 69 97,durable.bénin@durable.bénin.benin,,Grande (>200),B2B,CCIB Annuaire,,Actif,2026-06-29T00:14:35.916819,moyenne
BJ-E27C4F4F,Écologie Kpomassè,Énergie & Environnement,Kpomassè,+229 61 28 88 81,écologie.kpomassè@écologie.kpomassè.net,écologiekpomassè.bj,Grande (>200),B2B,CCIB Annuaire,,Actif,2026-06-29T00:14:35.916838,haute
BJ-EEACD194,Vert Power Bénin,Énergie & Environnement,Kpomassè,+229 64 76 32 24,,vertpowerbénin.bj,PME (10-50),B2B,CCIB Annuaire,,Actif,2026-06-29T00:14:35.916850,moyenne
BJ-85091121,Solaire Power,Énergie & Environnement,Kpomassè,+229 84 20 48 67,,solairepower.bj,PME (10-50),B2B,CCIB Annuaire,,Actif,2026-06-29T00:14:35.916863,moyenne
BJ-6111EC64,Clean Power,Énergie & Environnement,Kpomassè,+229 65 72 79 16,,,PME (10-50),B2B,CCIB Annuaire,,Actif,2026-06-29T00:14:35.916878,basse
BJ-4506571E,Éolien SARL Kpomassè,Énergie & Environnement,Kpomassè,+229 70 88 66 35,éolien.sarl.kpomassè@éolien.sarl.kpomassè.bj,éoliensarlkpomassè.bj,TPE (<10),B2B,CCIB Annuaire,,Actif,2026-06-29T00:14:35.916904,haute
BJ-ABDCDF24,Éolien,Énergie & Environnement,Tori-Bossito,+229 26 14 91 60,éolien@éolien.net,,TPE (<10),B2B,CCIB Annuaire,,Actif,2026-06-29T00:14:35.916925,moyenne
BJ-E7149749,Eau Éolien Africa,Énergie & Environnement,Tori-Bossito,+229 25 77 74 42,,eauéolienafrica.bj,PME (50-200),B2C,CCIB Annuaire,,Actif,2026-06-29T00:14:35.916939,moyenne
BJ-B34CD234,Vert Energy,Énergie & Environnement,Tori-Bossito,+229 58 78 72 12,,vertenergy.bj,PME (50-200),B2B,CCIB Annuaire,,Actif,2026-06-29T00:14:35.916951,moyenne
BJ-92243864,Vert Durable Tori-Bossito,Énergie & Environnement,Tori-Bossito,+229 90 55 32 72,,,PME (50-200),B2C,CCIB Annuaire,,Actif,2026-06-29T00:14:35.916966,basse
BJ-89474F53,Solaire Power,Énergie & Environnement,Tori-Bossito,+229 50 56 94 58,,,PME (10-50),B2B,CCIB Annuaire,,Actif,2026-06-29T00:14:35.916977,basse
BJ-529CBCD1,Power Renouvelable,Énergie & Environnement,Grand-Popo,+229 21 43 33 24,,powerrenouvelable.bj,PME (10-50),B2B,CCIB Annuaire,,Actif,2026-06-29T00:14:35.916995,moyenne
BJ-67816D2C,Eau Solaire,Énergie & Environnement,Grand-Popo,+229 45 42 38 23,eau.solaire@eau.solaire.org,eausolaire.bj,PME (10-50),B2B,CCIB Annuaire,,Actif,2026-06-29T00:14:35.917008,haute
BJ-BBE23727,Solar Énergie,Énergie & Environnement,Grand-Popo,+229 22 73 85 20,solar.énergie@solar.énergie.net,,Grande (>200),B2C,CCIB Annuaire,,Actif,2026-06-29T00:14:35.917020,moyenne
BJ-8908E354,Vert Énergie,Énergie & Environnement,Grand-Popo,+229 91 45 80 12,vert.énergie@vert.énergie.com,verténergie.bj,TPE (<10),B2C,CCIB Annuaire,,Actif,2026-06-29T00:14:35.917034,haute
BJ-B1F8F025,Éolien Assainissement,Énergie & Environnement,Grand-Popo,+229 96 76 54 48,éolien.assainissement@éolien.assainissement.com,éolienassainissement.bj,TPE (<10),B2C,CCIB Annuaire,,Actif,2026-06-29T00:14:35.917047,haute
BJ-11B5A648,Éolien,Énergie & Environnement,Athiémé,+229 86 47 89 89,,éolien.bj,Grande (>200),B2C,CCIB Annuaire,,Actif,2026-06-29T00:14:35.917064,moyenne
BJ-5751BFEA,Éolien Éolien Solar Athiémé,Énergie & Environnement,Athiémé,+229 23 98 97 80,éolien.éolien.solar.athiémé@éolien.éolien.solar.athiémé.com,,PME (10-50),B2C,CCIB Annuaire,,Actif,2026-06-29T00:14:35.917078,moyenne
BJ-3970890F,Power Écologie Athiémé,Énergie & Environnement,Athiémé,+229 47 69 71 20,power.écologie.athiémé@power.écologie.athiémé.net,powerécologieathiémé.bj,PME (10-50),B2B,CCIB Annuaire,,Actif,2026-06-29T00:14:35.917095,haute
BJ-B8CD3D3F,Environnement Environment,Énergie & Environnement,Athiémé,+229 46 83 86 68,,,TPE (<10),B2B,CCIB Annuaire,,Actif,2026-06-29T00:14:35.917110,basse
BJ-2B5FBB49,Durable Solar Athiémé,Énergie & Environnement,Athiémé,+229 56 27 56 56,,,TPE (<10),B2C,CCIB Annuaire,,Actif,2026-06-29T00:14:35.917122,basse
BJ-8CF087F8,Clean Bopa,Énergie & Environnement,Bopa,+229 92 68 58 29,,cleanbopa.bj,TPE (<10),B2C,CCIB Annuaire,,Actif,2026-06-29T00:14:35.917140,moyenne
BJ-49D78B80,Vert Vert,Énergie & Environnement,Bopa,+229 25 31 85 69,vert.vert@vert.vert.com,vertvert.bj,PME (50-200),B2C,CCIB Annuaire,,Actif,2026-06-29T00:14:35.917157,haute
BJ-3BAF5FD4,Assainissement Africa,Énergie & Environnement,Bopa,+229 83 32 18 93,,assainissementafrica.bj,PME (10-50),B2B,CCIB Annuaire,,Actif,2026-06-29T00:14:35.917169,moyenne
BJ-217DE25B,Eau,Énergie & Environnement,Bopa,+229 55 72 16 65,eau@eau.org,,PME (10-50),B2C,CCIB Annuaire,,Actif,2026-06-29T00:14:35.917182,moyenne
BJ-7A6B33DE,Eau Renouvelable,Énergie & Environnement,Bopa,+229 93 70 56 75,eau.renouvelable@eau.renouvelable.benin,,PME (50-200),B2C,CCIB Annuaire,,Actif,2026-06-29T00:14:35.917193,moyenne
BJ-07517987,Eau Power,Énergie & Environnement,Houéyogbé,+229 28 20 20 19,eau.power@eau.power.com,,TPE (<10),B2B,CCIB Annuaire,,Actif,2026-06-29T00:14:35.917211,moyenne
BJ-FFEBB694,Environnement Renouvelable,Énergie & Environnement,Houéyogbé,+229 28 66 62 68,environnement.renouvelable@environnement.renouvelable.com,environnementrenouvelable.bj,PME (10-50),B2C,CCIB Annuaire,,Actif,2026-06-29T00:14:35.917225,haute
BJ-A5542C76,Environnement Environment Houéyogbé,Énergie & Environnement,Houéyogbé,+229 93 72 99 40,environnement.environment.houéyogbé@environnement.environment.houéyogbé.net,,PME (10-50),B2B,CCIB Annuaire,,Actif,2026-06-29T00:14:35.917238,moyenne
BJ-D15C85A6,Énergie Solar,Énergie & Environnement,Houéyogbé,+229 81 25 42 68,énergie.solar@énergie.solar.org,énergiesolar.bj,TPE (<10),B2B,CCIB Annuaire,,Actif,2026-06-29T00:14:35.917255,haute
BJ-920ACAE3,Environnement Durable,Énergie & Environnement,Houéyogbé,+229 36 39 69 65,environnement.durable@environnement.durable.com,environnementdurable.bj,PME (10-50),B2B,CCIB Annuaire,,Actif,2026-06-29T00:14:35.917268,haute
BJ-FD3D7CEF,Hydraulique,Énergie & Environnement,Malanville,+229 59 34 23 55,hydraulique@hydraulique.bj,hydraulique.bj,PME (10-50),B2B,CCIB Annuaire,,Actif,2026-06-29T00:14:35.917286,haute
BJ-CD7CA768,Solaire SARL,Énergie & Environnement,Malanville,+229 87 16 29 14,solaire.sarl@solaire.sarl.net,solairesarl.bj,PME (10-50),B2B,CCIB Annuaire,,Actif,2026-06-29T00:14:35.917299,haute
BJ-0AE10CB6,Assainissement,Énergie & Environnement,Malanville,+229 21 70 62 29,,assainissement.bj,Grande (>200),B2B,CCIB Annuaire,,Actif,2026-06-29T00:14:35.917310,moyenne
BJ-E026B4A6,Renouvelable Africa,Énergie & Environnement,Malanville,+229 74 91 75 35,,renouvelableafrica.bj,PME (10-50),B2B,CCIB Annuaire,,Actif,2026-06-29T00:14:35.917321,moyenne
BJ-93A6A04D,Power Assainissement,Énergie & Environnement,Malanville,+229 92 79 82 49,power.assainissement@power.assainissement.com,,PME (10-50),B2C,CCIB Annuaire,,Actif,2026-06-29T00:14:35.917332,moyenne
BJ-BFF43BD0,Énergie Vert Energy,Énergie & Environnement,Kandi,+229 65 10 15 60,énergie.vert.energy@énergie.vert.energy.bj,,Grande (>200),B2C,CCIB Annuaire,,Actif,2026-06-29T00:14:35.917351,moyenne
BJ-1618A58D,Assainissement,Énergie & Environnement,Kandi,+229 72 76 99 30,assainissement@assainissement.com,,Grande (>200),B2C,CCIB Annuaire,,Actif,2026-06-29T00:14:35.917366,moyenne
BJ-7BE93EA1,Assainissement Solar,Énergie & Environnement,Kandi,+229 97 83 64 61,assainissement.solar@assainissement.solar.benin,,PME (50-200),B2B,CCIB Annuaire,,Actif,2026-06-29T00:14:35.917378,moyenne
BJ-81DAF812,Durable,Énergie & Environnement,Kandi,+229 82 70 30 83,,,TPE (<10),B2B,CCIB Annuaire,,Actif,2026-06-29T00:14:35.917391,basse
BJ-8970A343,Éolien Durable Kandi,Énergie & Environnement,Kandi,+229 30 37 76 44,éolien.durable.kandi@éolien.durable.kandi.bj,éoliendurablekandi.bj,Grande (>200),B2B,CCIB Annuaire,,Actif,2026-06-29T00:14:35.917406,haute
BJ-9D14558E,Énergie Banikoara,Énergie & Environnement,Banikoara,+229 92 15 94 44,énergie.banikoara@énergie.banikoara.bj,,TPE (<10),B2C,CCIB Annuaire,,Actif,2026-06-29T00:14:35.917424,moyenne
BJ-A6E2B667,Solar Power Banikoara,Énergie & Environnement,Banikoara,+229 80 19 13 95,,,TPE (<10),B2C,CCIB Annuaire,,Actif,2026-06-29T00:14:35.917435,basse
BJ-2F4CCAC5,Power Hydraulique Energy,Énergie & Environnement,Banikoara,+229 78 20 41 36,power.hydraulique.energy@power.hydraulique.energy.com,powerhydrauliqueenergy.bj,TPE (<10),B2B,CCIB Annuaire,,Actif,2026-06-29T00:14:35.917448,haute
BJ-88621C15,Environnement Vert,Énergie & Environnement,Banikoara,+229 22 33 74 33,environnement.vert@environnement.vert.org,environnementvert.bj,TPE (<10),B2B,CCIB Annuaire,,Actif,2026-06-29T00:14:35.917469,haute
BJ-FB5A1D84,Power Environnement Water,Énergie & Environnement,Banikoara,+229 67 47 22 39,,powerenvironnementwater.bj,Grande (>200),B2B,CCIB Annuaire,,Actif,2026-06-29T00:14:35.917496,moyenne
BJ-49393FFD,Environnement Power,Énergie & Environnement,Ségbana,+229 54 33 42 20,environnement.power@environnement.power.com,environnementpower.bj,TPE (<10),B2C,CCIB Annuaire,,Actif,2026-06-29T00:14:35.917515,haute
BJ-F13C8E25,Renouvelable Energy Ségbana,Énergie & Environnement,Ségbana,+229 96 23 47 35,renouvelable.energy.ségbana@renouvelable.energy.ségbana.bj,renouvelableenergységbana.bj,TPE (<10),B2B,CCIB Annuaire,,Actif,2026-06-29T00:14:35.917532,haute
BJ-61DD9782,Power Energy Ségbana,Énergie & Environnement,Ségbana,+229 84 39 90 54,power.energy.ségbana@power.energy.ségbana.net,,TPE (<10),B2B,CCIB Annuaire,,Actif,2026-06-29T00:14:35.917545,moyenne
BJ-41F5809B,Énergie Énergie Africa,Énergie & Environnement,Ségbana,+229 69 75 94 90,énergie.énergie.africa@énergie.énergie.africa.com,énergieénergieafrica.bj,PME (50-200),B2C,CCIB Annuaire,,Actif,2026-06-29T00:14:35.917561,haute
BJ-655187E6,Vert,Énergie & Environnement,Ségbana,+229 86 68 15 14,vert@vert.org,vert.bj,PME (10-50),B2C,CCIB Annuaire,,Actif,2026-06-29T00:14:35.917574,haute
BJ-C7F5897C,Vert Eau Africa,Énergie & Environnement,Karimama,+229 26 45 39 91,,,TPE (<10),B2C,CCIB Annuaire,,Actif,2026-06-29T00:14:35.917591,basse
BJ-5BC25A31,Assainissement,Énergie & Environnement,Karimama,+229 68 76 70 28,assainissement@assainissement.com,assainissement.bj,PME (50-200),B2C,CCIB Annuaire,,Actif,2026-06-29T00:14:35.917604,haute
BJ-6D8497CB,Eau,Énergie & Environnement,Karimama,+229 89 45 12 11,eau@eau.com,,Grande (>200),B2C,CCIB Annuaire,,Actif,2026-06-29T00:14:35.917619,moyenne
BJ-D30DB621,Solaire,Énergie & Environnement,Karimama,+229 52 57 26 69,solaire@solaire.com,,PME (10-50),B2C,CCIB Annuaire,,Actif,2026-06-29T00:14:35.917633,moyenne
BJ-2DCE6F57,Hydraulique Power,Énergie & Environnement,Karimama,+229 59 82 63 55,,,PME (10-50),B2C,CCIB Annuaire,,Actif,2026-06-29T00:14:35.917643,basse
BJ-12B3736C,Eau Éolien,Énergie & Environnement,Gogounou,+229 46 70 15 44,eau.éolien@eau.éolien.net,eauéolien.bj,PME (10-50),B2C,CCIB Annuaire,,Actif,2026-06-29T00:14:35.917675,haute
BJ-BDDE965C,Éolien Gogounou,Énergie & Environnement,Gogounou,+229 25 61 81 33,éolien.gogounou@éolien.gogounou.benin,,PME (10-50),B2C,CCIB Annuaire,,Actif,2026-06-29T00:14:35.917688,moyenne
BJ-A81BF213,Eau Renouvelable,Énergie & Environnement,Gogounou,+229 25 71 21 80,eau.renouvelable@eau.renouvelable.org,,TPE (<10),B2B,CCIB Annuaire,,Actif,2026-06-29T00:14:35.917703,moyenne
BJ-1E10D2FB,Renouvelable Energy,Énergie & Environnement,Gogounou,+229 61 84 98 91,,,PME (50-200),B2B,CCIB Annuaire,,Actif,2026-06-29T00:14:35.917714,basse
BJ-6DF667BB,Environnement,Énergie & Environnement,Cobly,+229 57 96 57 84,,,TPE (<10),B2B,CCIB Annuaire,,Actif,2026-06-29T00:14:35.917732,basse
BJ-EE360C69,Écologie Water,Énergie & Environnement,Cobly,+229 86 96 18 87,écologie.water@écologie.water.benin,,Grande (>200),B2C,CCIB Annuaire,,Actif,2026-06-29T00:14:35.917745,moyenne
BJ-B63E658E,Vert Power,Énergie & Environnement,Cobly,+229 80 20 83 59,vert.power@vert.power.bj,,PME (10-50),B2B,CCIB Annuaire,,Actif,2026-06-29T00:14:35.917757,moyenne
BJ-B25CF2D2,Renouvelable Cobly,Énergie & Environnement,Cobly,+229 92 41 35 55,renouvelable.cobly@renouvelable.cobly.bj,,PME (10-50),B2B,CCIB Annuaire,,Actif,2026-06-29T00:14:35.917768,moyenne
BJ-4601366D,Énergie Clean Water,Énergie & Environnement,Cobly,+229 85 41 95 66,énergie.clean.water@énergie.clean.water.benin,énergiecleanwater.bj,PME (10-50),B2C,CCIB Annuaire,,Actif,2026-06-29T00:14:35.917782,haute
BJ-B607F5E7,Éolien Eau Power,Énergie & Environnement,Tanguiéta,+229 97 97 89 61,éolien.eau.power@éolien.eau.power.com,,PME (50-200),B2C,CCIB Annuaire,,Actif,2026-06-29T00:14:35.917803,moyenne
BJ-48F35025,Environnement,Énergie & Environnement,Tanguiéta,+229 84 42 98 12,environnement@environnement.com,,PME (10-50),B2C,CCIB Annuaire,,Actif,2026-06-29T00:14:35.917815,moyenne
BJ-312493A9,Power,Énergie & Environnement,Tanguiéta,+229 91 71 53 29,,power.bj,TPE (<10),B2C,CCIB Annuaire,,Actif,2026-06-29T00:14:35.917845,moyenne
BJ-317689FF,Vert Durable,Énergie & Environnement,Tanguiéta,+229 73 73 92 18,vert.durable@vert.durable.bj,,TPE (<10),B2B,CCIB Annuaire,,Actif,2026-06-29T00:14:35.917857,moyenne
BJ-090E3021,Éolien Eau Africa,Énergie & Environnement,Matéri,+229 98 66 65 94,,éolieneauafrica.bj,TPE (<10),B2C,CCIB Annuaire,,Actif,2026-06-29T00:14:35.917875,moyenne
BJ-3C10D76D,Clean,Énergie & Environnement,Matéri,+229 82 46 89 37,clean@clean.bj,,PME (10-50),B2C,CCIB Annuaire,,Actif,2026-06-29T00:14:35.917887,moyenne
BJ-056EBB26,Vert Assainissement Environment,Énergie & Environnement,Matéri,+229 39 74 83 69,,vertassainissementenvironment.bj,PME (10-50),B2C,CCIB Annuaire,,Actif,2026-06-29T00:14:35.917916,moyenne
BJ-A505A207,Hydraulique SARL,Énergie & Environnement,Matéri,+229 41 96 56 91,hydraulique.sarl@hydraulique.sarl.benin,hydrauliquesarl.bj,PME (10-50),B2B,CCIB Annuaire,,Actif,2026-06-29T00:14:35.917930,haute
BJ-2D6068CE,Éolien Solar,Énergie & Environnement,Matéri,+229 40 94 51 43,,,Grande (>200),B2B,CCIB Annuaire,,Actif,2026-06-29T00:14:35.917941,basse
BJ-96754ACD,Éolien Renouvelable Environment Natitingou,Énergie & Environnement,Natitingou,+229 36 17 31 63,,éolienrenouvelableenvironmentnatitingou.bj,TPE (<10),B2B,CCIB Annuaire,,Actif,2026-06-29T00:14:35.917973,moyenne
BJ-8FBF2332,Power Bénin Natitingou,Énergie & Environnement,Natitingou,+229 33 76 20 17,power.bénin.natitingou@power.bénin.natitingou.benin,powerbéninnatitingou.bj,TPE (<10),B2C,CCIB Annuaire,,Actif,2026-06-29T00:14:35.917987,haute
BJ-EA0134CF,Vert Écologie Energy Natitingou,Énergie & Environnement,Natitingou,+229 86 94 85 53,,vertécologieenergynatitingou.bj,Grande (>200),B2C,CCIB Annuaire,,Actif,2026-06-29T00:14:35.918004,moyenne
BJ-F85373CB,Environnement Durable Environment Natitingou,Énergie & Environnement,Natitingou,+229 78 20 82 13,environnement.durable.environment.natitingou@environnement.durable.environment.natitingou.benin,environnementdurableenvironmentnatitingou.bj,Grande (>200),B2C,CCIB Annuaire,,Actif,2026-06-29T00:14:35.918017,haute
BJ-BCA051CA,Clean Bénin Toucountouna,Énergie & Environnement,Toucountouna,+229 26 35 82 47,clean.bénin.toucountouna@clean.bénin.toucountouna.benin,cleanbénintoucountouna.bj,PME (10-50),B2C,CCIB Annuaire,,Actif,2026-06-29T00:14:35.918038,haute
BJ-641ADBDE,Eau Toucountouna,Énergie & Environnement,Toucountouna,+229 30 67 87 95,eau.toucountouna@eau.toucountouna.net,,TPE (<10),B2B,CCIB Annuaire,,Actif,2026-06-29T00:14:35.918050,moyenne
BJ-0AA392FD,Power Renouvelable,Énergie & Environnement,Toucountouna,+229 53 30 78 40,power.renouvelable@power.renouvelable.com,,TPE (<10),B2C,CCIB Annuaire,,Actif,2026-06-29T00:14:35.918062,moyenne
BJ-30C822A5,Écologie Toucountouna,Énergie & Environnement,Toucountouna,+229 65 21 18 27,écologie.toucountouna@écologie.toucountouna.benin,écologietoucountouna.bj,TPE (<10),B2C,CCIB Annuaire,,Actif,2026-06-29T00:14:35.918075,haute
BJ-9E2A03AD,Hydraulique Toucountouna,Énergie & Environnement,Toucountouna,+229 40 48 64 22,,,PME (10-50),B2B,CCIB Annuaire,,Actif,2026-06-29T00:14:35.918086,basse
BJ-1D0C6A5B,Solar Assainissement Africa,Énergie & Environnement,Boukoumbé,+229 66 92 94 77,,solarassainissementafrica.bj,TPE (<10),B2C,CCIB Annuaire,,Actif,2026-06-29T00:14:35.918105,moyenne
BJ-440F0C86,Vert Power,Énergie & Environnement,Boukoumbé,+229 79 20 14 41,vert.power@vert.power.net,vertpower.bj,TPE (<10),B2B,CCIB Annuaire,,Actif,2026-06-29T00:14:35.918122,haute
BJ-55FAED2A,Éolien Clean Solar,Énergie & Environnement,Boukoumbé,+229 91 61 69 55,éolien.clean.solar@éolien.clean.solar.bj,éoliencleansolar.bj,TPE (<10),B2B,CCIB Annuaire,,Actif,2026-06-29T00:14:35.918137,haute
BJ-E20939A8,Éolien Assainissement Energy,Énergie & Environnement,Boukoumbé,+229 62 26 65 61,,éolienassainissementenergy.bj,PME (50-200),B2B,CCIB Annuaire,,Actif,2026-06-29T00:14:35.918152,moyenne
BJ-8F2AABDC,Énergie,Énergie & Environnement,Boukoumbé,+229 89 86 15 18,énergie@énergie.bj,,PME (50-200),B2C,CCIB Annuaire,,Actif,2026-06-29T00:14:35.918165,moyenne
BJ-EB7E25C5,Éolien Power Kouandé,Énergie & Environnement,Kouandé,+229 29 69 87 91,,éolienpowerkouandé.bj,TPE (<10),B2B,CCIB Annuaire,,Actif,2026-06-29T00:14:35.918184,moyenne
BJ-6BC8695A,Environnement Renouvelable Solar,Énergie & Environnement,Kouandé,+229 65 51 24 61,,,PME (10-50),B2B,CCIB Annuaire,,Actif,2026-06-29T00:14:35.918195,basse
BJ-87814A01,Vert Clean Africa,Énergie & Environnement,Kouandé,+229 41 49 72 30,vert.clean.africa@vert.clean.africa.net,,PME (50-200),B2B,CCIB Annuaire,,Actif,2026-06-29T00:14:35.918207,moyenne
BJ-0514709D,Eau Power Kouandé,Énergie & Environnement,Kouandé,+229 65 79 92 70,,,PME (10-50),B2B,CCIB Annuaire,,Actif,2026-06-29T00:14:35.918218,basse
BJ-149B7D0D,Solar Assainissement Kouandé,Énergie & Environnement,Kouandé,+229 54 39 60 70,solar.assainissement.kouandé@solar.assainissement.kouandé.org,solarassainissementkouandé.bj,TPE (<10),B2C,CCIB Annuaire,,Actif,2026-06-29T00:14:35.918232,haute
BJ-2965B01D,Vert Péhunco,Énergie & Environnement,Péhunco,+229 95 86 79 93,vert.péhunco@vert.péhunco.org,,PME (10-50),B2B,CCIB Annuaire,,Actif,2026-06-29T00:14:35.918250,moyenne
BJ-35FC8F6E,Renouvelable Africa,Énergie & Environnement,Péhunco,+229 77 71 43 97,,renouvelableafrica.bj,PME (10-50),B2B,CCIB Annuaire,,Actif,2026-06-29T00:14:35.918266,moyenne
BJ-D963A743,Assainissement,Énergie & Environnement,Péhunco,+229 86 21 93 83,,assainissement.bj,PME (50-200),B2C,CCIB Annuaire,,Actif,2026-06-29T00:14:35.918278,moyenne
BJ-4617A36C,Power Environnement,Énergie & Environnement,Péhunco,+229 93 48 33 30,,,TPE (<10),B2B,CCIB Annuaire,,Actif,2026-06-29T00:14:35.918291,basse
BJ-AF3103F5,Eau Assainissement,Énergie & Environnement,Péhunco,+229 29 78 90 57,,eauassainissement.bj,PME (50-200),B2C,CCIB Annuaire,,Actif,2026-06-29T00:14:35.918303,moyenne
BJ-2AF1FF22,Power Énergie Bénin Tchaourou,Énergie & Environnement,Tchaourou,+229 24 35 49 64,power.énergie.bénin.tchaourou@power.énergie.bénin.tchaourou.org,powerénergiebénintchaourou.bj,TPE (<10),B2C,CCIB Annuaire,,Actif,2026-06-29T00:14:35.918323,haute
BJ-1B0C28D1,Solaire,Énergie & Environnement,Tchaourou,+229 86 35 11 19,solaire@solaire.net,,TPE (<10),B2C,CCIB Annuaire,,Actif,2026-06-29T00:14:35.918335,moyenne
BJ-78487805,Eau SARL Tchaourou,Énergie & Environnement,Tchaourou,+229 50 29 56 27,eau.sarl.tchaourou@eau.sarl.tchaourou.benin,,PME (50-200),B2B,CCIB Annuaire,,Actif,2026-06-29T00:14:35.918348,moyenne
BJ-08A5092E,Hydraulique,Énergie & Environnement,Tchaourou,+229 99 34 50 54,,hydraulique.bj,TPE (<10),B2B,CCIB Annuaire,,Actif,2026-06-29T00:14:35.918363,moyenne
BJ-D68CCD64,Éolien Solaire Water,Énergie & Environnement,Tchaourou,+229 34 53 46 56,,éoliensolairewater.bj,PME (10-50),B2C,CCIB Annuaire,,Actif,2026-06-29T00:14:35.918374,moyenne
BJ-39365A43,Solar Hydraulique,Énergie & Environnement,Nikki,+229 44 62 89 35,solar.hydraulique@solar.hydraulique.bj,,TPE (<10),B2B,CCIB Annuaire,,Actif,2026-06-29T00:14:35.918392,moyenne
BJ-A9764EEF,Environnement,Énergie & Environnement,Nikki,+229 31 23 19 98,environnement@environnement.benin,environnement.bj,TPE (<10),B2C,CCIB Annuaire,,Actif,2026-06-29T00:14:35.918404,haute
BJ-06A042D9,Énergie,Énergie & Environnement,Nikki,+229 47 88 50 60,énergie@énergie.net,énergie.bj,TPE (<10),B2C,CCIB Annuaire,,Actif,2026-06-29T00:14:35.918417,haute
BJ-C41DF79F,Environnement Eau,Énergie & Environnement,Nikki,+229 70 61 90 90,environnement.eau@environnement.eau.benin,environnementeau.bj,PME (10-50),B2B,CCIB Annuaire,,Actif,2026-06-29T00:14:35.918433,haute
BJ-FB10557E,Environnement Écologie,Énergie & Environnement,Nikki,+229 65 95 19 51,environnement.écologie@environnement.écologie.net,,TPE (<10),B2B,CCIB Annuaire,,Actif,2026-06-29T00:14:35.918446,moyenne
BJ-F0F4214F,Eau Assainissement,Énergie & Environnement,Bembéréké,+229 99 19 56 65,eau.assainissement@eau.assainissement.com,,TPE (<10),B2B,CCIB Annuaire,,Actif,2026-06-29T00:14:35.918464,moyenne
BJ-975374BC,Solar Durable Africa,Énergie & Environnement,Bembéréké,+229 78 71 93 62,,,TPE (<10),B2B,CCIB Annuaire,,Actif,2026-06-29T00:14:35.918476,basse
BJ-52A7F91B,Power Éolien Environment,Énergie & Environnement,Bembéréké,+229 21 91 27 88,power.éolien.environment@power.éolien.environment.org,poweréolienenvironment.bj,TPE (<10),B2C,CCIB Annuaire,,Actif,2026-06-29T00:14:35.918492,haute
BJ-9AD2AEB9,Solar Solaire Energy,Énergie & Environnement,Bembéréké,+229 81 34 39 65,solar.solaire.energy@solar.solaire.energy.bj,,PME (10-50),B2C,CCIB Annuaire,,Actif,2026-06-29T00:14:35.918504,moyenne
BJ-40B8BE9C,Eau Renouvelable,Énergie & Environnement,Bembéréké,+229 21 13 33 72,,eaurenouvelable.bj,Grande (>200),B2C,CCIB Annuaire,,Actif,2026-06-29T00:14:35.918517,moyenne
BJ-3CA11106,Énergie,Énergie & Environnement,Kalalé,+229 28 43 50 37,énergie@énergie.net,,PME (10-50),B2B,CCIB Annuaire,,Actif,2026-06-29T00:14:35.918535,moyenne
BJ-6913FD4B,Eau Assainissement Water Kalalé,Énergie & Environnement,Kalalé,+229 76 12 35 37,eau.assainissement.water.kalalé@eau.assainissement.water.kalalé.benin,eauassainissementwaterkalalé.bj,PME (10-50),B2B,CCIB Annuaire,,Actif,2026-06-29T00:14:35.918549,haute
BJ-40420DB3,Clean Bénin,Énergie & Environnement,Kalalé,+229 42 54 63 87,clean.bénin@clean.bénin.bj,cleanbénin.bj,PME (10-50),B2B,CCIB Annuaire,,Actif,2026-06-29T00:14:35.918562,haute
BJ-365EB11E,Durable Water Kalalé,Énergie & Environnement,Kalalé,+229 63 26 90 31,,durablewaterkalalé.bj,PME (10-50),B2B,CCIB Annuaire,,Actif,2026-06-29T00:14:35.918579,moyenne
BJ-A19F6AD0,Hydraulique Environment Kalalé,Énergie & Environnement,Kalalé,+229 78 47 58 89,hydraulique.environment.kalalé@hydraulique.environment.kalalé.bj,hydrauliqueenvironmentkalalé.bj,Grande (>200),B2B,CCIB Annuaire,,Actif,2026-06-29T00:14:35.918594,haute
BJ-B1777EE4,Environnement Africa Ndali,Énergie & Environnement,Ndali,+229 28 25 74 58,environnement.africa.ndali@environnement.africa.ndali.bj,environnementafricandali.bj,Grande (>200),B2B,CCIB Annuaire,,Actif,2026-06-29T00:14:35.918614,haute
BJ-59C46CA3,Vert Durable Environment,Énergie & Environnement,Ndali,+229 89 62 43 92,vert.durable.environment@vert.durable.environment.com,vertdurableenvironment.bj,PME (50-200),B2B,CCIB Annuaire,,Actif,2026-06-29T00:14:35.918631,haute
BJ-3EFBB90C,Power Power,Énergie & Environnement,Ndali,+229 75 42 73 36,power.power@power.power.benin,,TPE (<10),B2B,CCIB Annuaire,,Actif,2026-06-29T00:14:35.918643,moyenne
BJ-23FA6131,Eau Énergie,Énergie & Environnement,Ndali,+229 55 55 87 62,eau.énergie@eau.énergie.com,eauénergie.bj,TPE (<10),B2C,CCIB Annuaire,,Actif,2026-06-29T00:14:35.918679,haute
BJ-E137A856,Power Water,Énergie & Environnement,Ndali,+229 31 81 41 91,power.water@power.water.org,,PME (10-50),B2B,CCIB Annuaire,,Actif,2026-06-29T00:14:35.918692,moyenne
BJ-D8B49CA9,Vert Clean,Énergie & Environnement,Ségbana,+229 76 22 13 20,,,TPE (<10),B2C,CCIB Annuaire,,Actif,2026-06-29T00:14:35.918710,basse
BJ-B5C25D13,Hydraulique Energy,Énergie & Environnement,Ségbana,+229 38 35 64 56,,hydrauliqueenergy.bj,PME (10-50),B2C,CCIB Annuaire,,Actif,2026-06-29T00:14:35.918750,moyenne
BJ-2FFE3E5C,Eau Hydraulique Bénin,Énergie & Environnement,Ségbana,+229 33 68 18 15,eau.hydraulique.bénin@eau.hydraulique.bénin.com,eauhydrauliquebénin.bj,Grande (>200),B2B,CCIB Annuaire,,Actif,2026-06-29T00:14:35.918764,haute
BJ-E8DBE7FE,Environnement Power Energy Tchaourou,Énergie & Environnement,Tchaourou,+229 35 55 84 99,environnement.power.energy.tchaourou@environnement.power.energy.tchaourou.org,environnementpowerenergytchaourou.bj,PME (10-50),B2C,CCIB Annuaire,,Actif,2026-06-29T00:14:35.918783,haute
BJ-91ABA15A,Power,Énergie & Environnement,Tchaourou,+229 74 31 74 21,power@power.com,,PME (10-50),B2C,CCIB Annuaire,,Actif,2026-06-29T00:14:35.918797,moyenne
BJ-83C7C926,Énergie Clean Africa Tchaourou,Énergie & Environnement,Tchaourou,+229 61 82 75 30,énergie.clean.africa.tchaourou@énergie.clean.africa.tchaourou.bj,,PME (10-50),B2C,CCIB Annuaire,,Actif,2026-06-29T00:14:35.918810,moyenne
BJ-EFBFA676,Vert Assainissement Energy,Énergie & Environnement,Tchaourou,+229 96 61 99 10,vert.assainissement.energy@vert.assainissement.energy.benin,vertassainissementenergy.bj,PME (50-200),B2B,CCIB Annuaire,,Actif,2026-06-29T00:14:35.918822,haute
BJ-D5357D08,Éolien Clean,Énergie & Environnement,Bétérou,+229 76 75 19 17,éolien.clean@éolien.clean.benin,,Grande (>200),B2C,CCIB Annuaire,,Actif,2026-06-29T00:14:35.918853,moyenne
BJ-C986AFB0,Power Énergie,Énergie & Environnement,Bétérou,+229 59 18 48 47,power.énergie@power.énergie.bj,,PME (10-50),B2B,CCIB Annuaire,,Actif,2026-06-29T00:14:35.918866,moyenne
BJ-C19CC055,Solar Power SARL,Énergie & Environnement,Bétérou,+229 70 64 40 22,solar.power.sarl@solar.power.sarl.bj,,PME (10-50),B2B,CCIB Annuaire,,Actif,2026-06-29T00:14:35.918916,moyenne
BJ-E9BEC64A,Eau,Énergie & Environnement,Bétérou,+229 68 16 50 13,,eau.bj,PME (50-200),B2B,CCIB Annuaire,,Actif,2026-06-29T00:14:35.918931,moyenne
BJ-C6F4E029,Éolien Power,Énergie & Environnement,Ouessè,+229 94 65 97 52,éolien.power@éolien.power.org,,PME (10-50),B2B,CCIB Annuaire,,Actif,2026-06-29T00:14:35.918953,moyenne
BJ-BCD012C8,Solaire Africa Ouessè,Énergie & Environnement,Ouessè,+229 82 84 72 40,solaire.africa.ouessè@solaire.africa.ouessè.benin,solaireafricaouessè.bj,PME (50-200),B2C,CCIB Annuaire,,Actif,2026-06-29T00:14:35.918967,haute
BJ-C26F3DBE,Power Éolien,Énergie & Environnement,Ouessè,+229 33 78 66 93,power.éolien@power.éolien.org,,PME (10-50),B2C,CCIB Annuaire,,Actif,2026-06-29T00:14:35.918980,moyenne
BJ-EB129E19,Environnement SARL,Énergie & Environnement,Ouessè,+229 84 15 67 12,,,TPE (<10),B2C,CCIB Annuaire,,Actif,2026-06-29T00:14:35.918994,basse
BJ-42E03B20,Vert Clean Ouessè,Énergie & Environnement,Ouessè,+229 88 17 25 16,vert.clean.ouessè@vert.clean.ouessè.net,,TPE (<10),B2B,CCIB Annuaire,,Actif,2026-06-29T00:14:35.919007,moyenne
BJ-8FB89DFA,Environnement Power Environment Glazoué,Énergie & Environnement,Glazoué,+229 28 14 52 40,environnement.power.environment.glazoué@environnement.power.environment.glazoué.benin,environnementpowerenvironmentglazoué.bj,PME (50-200),B2B,CCIB Annuaire,,Actif,2026-06-29T00:14:35.919028,haute
BJ-3226FDED,Hydraulique,Énergie & Environnement,Glazoué,+229 39 38 67 64,hydraulique@hydraulique.org,hydraulique.bj,TPE (<10),B2B,CCIB Annuaire,,Actif,2026-06-29T00:14:35.919041,haute
BJ-612A3534,Eau Power Solar Glazoué,Énergie & Environnement,Glazoué,+229 80 11 25 59,,eaupowersolarglazoué.bj,PME (50-200),B2B,CCIB Annuaire,,Actif,2026-06-29T00:14:35.919054,moyenne
BJ-0682DAE5,Énergie Durable,Énergie & Environnement,Glazoué,+229 42 77 37 52,énergie.durable@énergie.durable.com,,PME (50-200),B2B,CCIB Annuaire,,Actif,2026-06-29T00:14:35.919074,moyenne
BJ-DEBD6CD1,Solaire Solar,Énergie & Environnement,Glazoué,+229 47 97 39 94,solaire.solar@solaire.solar.bj,solairesolar.bj,TPE (<10),B2B,CCIB Annuaire,,Actif,2026-06-29T00:14:35.919088,haute
BJ-F711865E,Power Dassa-Zoumè,Énergie & Environnement,Dassa-Zoumè,+229 33 82 92 55,,powerdassazoumè.bj,Grande (>200),B2C,CCIB Annuaire,,Actif,2026-06-29T00:14:35.919107,moyenne
BJ-868BC599,Assainissement,Énergie & Environnement,Dassa-Zoumè,+229 66 59 71 85,assainissement@assainissement.benin,assainissement.bj,PME (50-200),B2B,CCIB Annuaire,,Actif,2026-06-29T00:14:35.919120,haute
BJ-AE2043D7,Eau Vert,Énergie & Environnement,Dassa-Zoumè,+229 25 33 26 87,eau.vert@eau.vert.bj,eauvert.bj,PME (10-50),B2C,CCIB Annuaire,,Actif,2026-06-29T00:14:35.919132,haute
BJ-5E5D582C,Environnement,Énergie & Environnement,Dassa-Zoumè,+229 97 12 85 13,environnement@environnement.benin,environnement.bj,TPE (<10),B2C,CCIB Annuaire,,Actif,2026-06-29T00:14:35.919149,haute
BJ-5B3342D2,Solaire Solar,Énergie & Environnement,Dassa-Zoumè,+229 41 47 68 50,solaire.solar@solaire.solar.org,solairesolar.bj,PME (10-50),B2C,CCIB Annuaire,,Actif,2026-06-29T00:14:35.919162,haute
BJ-243BC51C,Durable Energy,Énergie & Environnement,Savalou,+229 93 88 62 33,,durableenergy.bj,TPE (<10),B2B,CCIB Annuaire,,Actif,2026-06-29T00:14:35.919180,moyenne
BJ-87EC58ED,Renouvelable Africa,Énergie & Environnement,Savalou,+229 40 86 54 52,,,TPE (<10),B2C,CCIB Annuaire,,Actif,2026-06-29T00:14:35.919191,basse
BJ-E5829EED,Environnement Renouvelable Water Savalou,Énergie & Environnement,Savalou,+229 52 73 23 46,,environnementrenouvelablewatersavalou.bj,TPE (<10),B2B,CCIB Annuaire,,Actif,2026-06-29T00:14:35.919204,moyenne
BJ-589740BE,Écologie Environment Savalou,Énergie & Environnement,Savalou,+229 95 45 58 43,,écologieenvironmentsavalou.bj,PME (10-50),B2C,CCIB Annuaire,,Actif,2026-06-29T00:14:35.919221,moyenne
BJ-35B14455,Hydraulique Africa Savalou,Énergie & Environnement,Savalou,+229 26 10 39 82,,hydrauliqueafricasavalou.bj,TPE (<10),B2B,CCIB Annuaire,,Actif,2026-06-29T00:14:35.919234,moyenne
BJ-07BD5F3A,Eau Water,Énergie & Environnement,Bantè,+229 72 60 68 84,,,PME (50-200),B2B,CCIB Annuaire,,Actif,2026-06-29T00:14:35.919251,basse
BJ-05545894,Vert Vert Power,Énergie & Environnement,Bantè,+229 33 40 46 21,vert.vert.power@vert.vert.power.bj,vertvertpower.bj,PME (10-50),B2B,CCIB Annuaire,,Actif,2026-06-29T00:14:35.919264,haute
BJ-642CCD13,Éolien Power,Énergie & Environnement,Bantè,+229 62 75 93 66,éolien.power@éolien.power.net,éolienpower.bj,PME (50-200),B2C,CCIB Annuaire,,Actif,2026-06-29T00:14:35.919277,haute
BJ-4B3DD798,Renouvelable,Énergie & Environnement,Bantè,+229 43 97 87 89,renouvelable@renouvelable.benin,renouvelable.bj,PME (50-200),B2C,CCIB Annuaire,,Actif,2026-06-29T00:14:35.919290,haute
BJ-E3E4D191,Hydraulique,Énergie & Environnement,Bantè,+229 42 81 32 25,hydraulique@hydraulique.benin,,PME (10-50),B2C,CCIB Annuaire,,Actif,2026-06-29T00:14:35.919303,moyenne
BJ-2BCB3569,Énergie Renouvelable Africa Djougou,Énergie & Environnement,Djougou,+229 49 55 12 20,énergie.renouvelable.africa.djougou@énergie.renouvelable.africa.djougou.bj,énergierenouvelableafricadjougou.bj,TPE (<10),B2B,CCIB Annuaire,,Actif,2026-06-29T00:14:35.919332,haute
BJ-22CA5FD5,Vert Énergie Energy,Énergie & Environnement,Djougou,+229 96 73 33 86,vert.énergie.energy@vert.énergie.energy.org,,TPE (<10),B2C,CCIB Annuaire,,Actif,2026-06-29T00:14:35.919359,moyenne
BJ-882696A4,Éolien Solaire,Énergie & Environnement,Djougou,+229 60 13 58 59,éolien.solaire@éolien.solaire.net,éoliensolaire.bj,PME (50-200),B2B,CCIB Annuaire,,Actif,2026-06-29T00:14:35.919377,haute
BJ-D98E8690,Énergie Écologie,Énergie & Environnement,Djougou,+229 41 21 12 85,,énergieécologie.bj,PME (10-50),B2B,CCIB Annuaire,,Actif,2026-06-29T00:14:35.919392,moyenne
BJ-7F2DC562,Eau Solaire Energy,Énergie & Environnement,Ouèssè,+229 64 18 11 71,,,TPE (<10),B2B,CCIB Annuaire,,Actif,2026-06-29T00:14:35.919414,basse
BJ-CD3ABAEF,Écologie Energy,Énergie & Environnement,Ouèssè,+229 86 93 81 89,écologie.energy@écologie.energy.bj,écologieenergy.bj,PME (10-50),B2B,CCIB Annuaire,,Actif,2026-06-29T00:14:35.919428,haute
BJ-EF72ED0A,Solaire Environment,Énergie & Environnement,Ouèssè,+229 91 81 97 77,solaire.environment@solaire.environment.com,,TPE (<10),B2C,CCIB Annuaire,,Actif,2026-06-29T00:14:35.919441,moyenne
BJ-092AD506,Eau Bénin,Énergie & Environnement,Ouèssè,+229 62 71 17 74,eau.bénin@eau.bénin.bj,,PME (10-50),B2C,CCIB Annuaire,,Actif,2026-06-29T00:14:35.919457,moyenne
BJ-B5B8D221,Énergie Environnement,Énergie & Environnement,Ouèssè,+229 74 78 25 72,énergie.environnement@énergie.environnement.benin,,TPE (<10),B2B,CCIB Annuaire,,Actif,2026-06-29T00:14:35.919470,moyenne
BJ-206B1263,Solaire Solar,Énergie & Environnement,Bassila,+229 25 49 85 30,solaire.solar@solaire.solar.net,,PME (10-50),B2C,CCIB Annuaire,,Actif,2026-06-29T00:14:35.919490,moyenne
BJ-FD7B02E3,Vert Renouvelable,Énergie & Environnement,Bassila,+229 43 41 66 40,vert.renouvelable@vert.renouvelable.bj,,TPE (<10),B2B,CCIB Annuaire,,Actif,2026-06-29T00:14:35.919503,moyenne
BJ-D3FB63E4,Clean Water,Énergie & Environnement,Bassila,+229 79 95 30 34,clean.water@clean.water.benin,cleanwater.bj,TPE (<10),B2B,CCIB Annuaire,,Actif,2026-06-29T00:14:35.919516,haute
BJ-C85D6A6A,Vert Clean Energy,Énergie & Environnement,Bassila,+229 70 36 80 73,vert.clean.energy@vert.clean.energy.net,vertcleanenergy.bj,PME (10-50),B2C,CCIB Annuaire,,Actif,2026-06-29T00:14:35.919538,haute
BJ-EAF05807,Énergie Bénin,Énergie & Environnement,Bassila,+229 66 61 96 75,énergie.bénin@énergie.bénin.com,,Grande (>200),B2B,CCIB Annuaire,,Actif,2026-06-29T00:14:35.919552,moyenne
BJ-B43195DD,Power Énergie Water,Énergie & Environnement,Pehunco,+229 32 59 63 50,,,PME (50-200),B2C,CCIB Annuaire,,Actif,2026-06-29T00:14:35.919571,basse
BJ-64A833A5,Eau Power Power,Énergie & Environnement,Pehunco,+229 77 83 21 51,eau.power.power@eau.power.power.com,,TPE (<10),B2B,CCIB Annuaire,,Actif,2026-06-29T00:14:35.919584,moyenne
BJ-F8658672,Éolien Renouvelable Pehunco,Énergie & Environnement,Pehunco,+229 95 42 89 26,,éolienrenouvelablepehunco.bj,PME (10-50),B2B,CCIB Annuaire,,Actif,2026-06-29T00:14:35.919597,moyenne
BJ-CA801AB4,Clean SARL,Énergie & Environnement,Pehunco,+229 41 76 46 21,,cleansarl.bj,PME (50-200),B2C,CCIB Annuaire,,Actif,2026-06-29T00:14:35.919610,moyenne
BJ-5C26675D,Énergie Hydraulique Africa Pehunco,Énergie & Environnement,Pehunco,+229 49 76 90 56,énergie.hydraulique.africa.pehunco@énergie.hydraulique.africa.pehunco.net,énergiehydrauliqueafricapehunco.bj,PME (10-50),B2B,CCIB Annuaire,,Actif,2026-06-29T00:14:35.919625,haute
BJ-7D9A2559,Power,Énergie & Environnement,Copargo,+229 88 54 20 78,power@power.org,power.bj,PME (50-200),B2B,CCIB Annuaire,,Actif,2026-06-29T00:14:35.919645,haute
BJ-C97DABD5,Éolien Clean,Énergie & Environnement,Copargo,+229 81 69 67 43,éolien.clean@éolien.clean.bj,,PME (50-200),B2B,CCIB Annuaire,,Actif,2026-06-29T00:14:35.919662,moyenne
BJ-EFC2FBB0,Éolien Copargo,Énergie & Environnement,Copargo,+229 34 58 77 98,éolien.copargo@éolien.copargo.net,éoliencopargo.bj,TPE (<10),B2C,CCIB Annuaire,,Actif,2026-06-29T00:14:35.919676,haute
BJ-1722DFEA,Environnement Solaire,Énergie & Environnement,Copargo,+229 50 21 73 66,environnement.solaire@environnement.solaire.com,,PME (10-50),B2B,CCIB Annuaire,,Actif,2026-06-29T00:14:35.919691,moyenne
BJ-AE9B4482,Power Clean SARL,Énergie & Environnement,Copargo,+229 70 35 95 50,power.clean.sarl@power.clean.sarl.bj,,PME (10-50),B2B,CCIB Annuaire,,Actif,2026-06-29T00:14:35.919703,moyenne
BJ-5E745F42,Communication International News Cotonou,Médias & Communication,Cotonou,+229 76 70 16 98,communication.international.news.cotonou@communication.international.news.cotonou.com,communicationinternationalnewscotonou.bj,PME (10-50),B2B,CCIB Annuaire,,Actif,2026-06-29T00:14:35.919723,haute
BJ-69F3F895,TV Presse,Médias & Communication,Cotonou,+229 58 74 27 15,,tvpresse.bj,PME (10-50),B2C,CCIB Annuaire,,Actif,2026-06-29T00:14:35.919735,moyenne
BJ-BD86FD33,Média National TV,Médias & Communication,Cotonou,+229 92 84 71 13,,,PME (10-50),B2B,CCIB Annuaire,,Actif,2026-06-29T00:14:35.919746,basse
BJ-3880E78C,Journal,Médias & Communication,Cotonou,+229 29 73 39 19,,journal.bj,TPE (<10),B2C,CCIB Annuaire,,Actif,2026-06-29T00:14:35.919758,moyenne
BJ-C90D48C2,Média Démocratie,Médias & Communication,Cotonou,+229 22 39 23 41,média.démocratie@média.démocratie.bj,médiadémocratie.bj,TPE (<10),B2C,CCIB Annuaire,,Actif,2026-06-29T00:14:35.919772,haute
BJ-4E308562,Communication Abomey-Calavi,Médias & Communication,Abomey-Calavi,+229 32 59 15 37,communication.abomeycalavi@communication.abomeycalavi.net,,TPE (<10),B2C,CCIB Annuaire,,Actif,2026-06-29T00:14:35.919790,moyenne
BJ-9D3F0880,Publicité,Médias & Communication,Abomey-Calavi,+229 25 64 67 69,,publicité.bj,PME (50-200),B2B,CCIB Annuaire,,Actif,2026-06-29T00:14:35.919802,moyenne
BJ-23228776,Presse National Communication,Médias & Communication,Abomey-Calavi,+229 89 36 29 38,presse.national.communication@presse.national.communication.org,pressenationalcommunication.bj,PME (10-50),B2C,CCIB Annuaire,,Actif,2026-06-29T00:14:35.919815,haute
BJ-6ADE87DE,Radio Nouvelles Radio,Médias & Communication,Abomey-Calavi,+229 98 74 36 89,radio.nouvelles.radio@radio.nouvelles.radio.net,,Grande (>200),B2C,CCIB Annuaire,,Actif,2026-06-29T00:14:35.919829,moyenne
BJ-C1F7E4BF,Journal Africa Abomey-Calavi,Médias & Communication,Abomey-Calavi,+229 98 52 26 27,,journalafricaabomeycalavi.bj,PME (50-200),B2C,CCIB Annuaire,,Actif,2026-06-29T00:14:35.919844,moyenne
BJ-B5305643,Média Démocratie,Médias & Communication,Porto-Novo,+229 55 33 48 67,média.démocratie@média.démocratie.benin,médiadémocratie.bj,PME (10-50),B2C,CCIB Annuaire,,Actif,2026-06-29T00:14:35.919863,haute
BJ-632A48E1,Agence Presse Africa,Médias & Communication,Porto-Novo,+229 85 79 49 65,agence.presse.africa@agence.presse.africa.benin,,TPE (<10),B2C,CCIB Annuaire,,Actif,2026-06-29T00:14:35.919875,moyenne
BJ-13DF83A2,Journal International,Médias & Communication,Porto-Novo,+229 21 80 22 99,journal.international@journal.international.net,journalinternational.bj,TPE (<10),B2B,CCIB Annuaire,,Actif,2026-06-29T00:14:35.919905,haute
BJ-77844CBC,TV Communication TV,Médias & Communication,Porto-Novo,+229 66 86 16 88,,tvcommunicationtv.bj,PME (10-50),B2C,CCIB Annuaire,,Actif,2026-06-29T00:14:35.919924,moyenne
BJ-79C36FE8,Nouvelles Radio,Médias & Communication,Porto-Novo,+229 48 64 81 50,,nouvellesradio.bj,PME (50-200),B2C,CCIB Annuaire,,Actif,2026-06-29T00:14:35.919936,moyenne
BJ-8F154AC3,Agence Journal TV,Médias & Communication,Parakou,+229 50 88 18 40,,agencejournaltv.bj,TPE (<10),B2C,CCIB Annuaire,,Actif,2026-06-29T00:14:35.919955,moyenne
BJ-7F59686B,Communication Communication Radio,Médias & Communication,Parakou,+229 93 43 90 67,communication.communication.radio@communication.communication.radio.com,communicationcommunicationradio.bj,TPE (<10),B2C,CCIB Annuaire,,Actif,2026-06-29T00:14:35.919967,haute
BJ-F385AC21,Publicité Africa,Médias & Communication,Parakou,+229 43 22 72 32,publicité.africa@publicité.africa.org,publicitéafrica.bj,TPE (<10),B2C,CCIB Annuaire,,Actif,2026-06-29T00:14:35.919981,haute
BJ-36A3EC8F,Presse,Médias & Communication,Parakou,+229 99 49 15 27,presse@presse.benin,,PME (10-50),B2B,CCIB Annuaire,,Actif,2026-06-29T00:14:35.919996,moyenne
BJ-88574479,Communication,Médias & Communication,Parakou,+229 59 62 23 63,communication@communication.org,communication.bj,TPE (<10),B2B,CCIB Annuaire,,Actif,2026-06-29T00:14:35.920009,haute
BJ-5D45D2F2,Télévision,Médias & Communication,Bohicon,+229 96 11 82 67,télévision@télévision.net,,PME (10-50),B2B,CCIB Annuaire,,Actif,2026-06-29T00:14:35.920031,moyenne
BJ-60E3E847,Liberté Radio,Médias & Communication,Bohicon,+229 21 81 62 53,liberté.radio@liberté.radio.org,libertéradio.bj,Grande (>200),B2C,CCIB Annuaire,,Actif,2026-06-29T00:14:35.920045,haute
BJ-A9CAFC03,Communication Journal Bohicon,Médias & Communication,Bohicon,+229 39 88 65 44,,communicationjournalbohicon.bj,TPE (<10),B2C,CCIB Annuaire,,Actif,2026-06-29T00:14:35.920057,moyenne
BJ-9D8EEF8E,International,Médias & Communication,Bohicon,+229 40 48 36 84,,international.bj,PME (50-200),B2C,CCIB Annuaire,,Actif,2026-06-29T00:14:35.920068,moyenne
BJ-E5C58E6C,Agence Actualité Media,Médias & Communication,Bohicon,+229 80 22 46 19,,agenceactualitémedia.bj,TPE (<10),B2B,CCIB Annuaire,,Actif,2026-06-29T00:14:35.920080,moyenne
BJ-C765F652,International Bénin,Médias & Communication,Natitingou,+229 82 65 92 69,international.bénin@international.bénin.com,internationalbénin.bj,TPE (<10),B2C,CCIB Annuaire,,Actif,2026-06-29T00:14:35.920100,haute
BJ-73D07750,Média Télévision Press Natitingou,Médias & Communication,Natitingou,+229 69 31 80 97,média.télévision.press.natitingou@média.télévision.press.natitingou.benin,médiatélévisionpressnatitingou.bj,TPE (<10),B2C,CCIB Annuaire,,Actif,2026-06-29T00:14:35.920114,haute
BJ-8BC62B6D,Radio Communication News Natitingou,Médias & Communication,Natitingou,+229 41 61 19 72,,,TPE (<10),B2C,CCIB Annuaire,,Actif,2026-06-29T00:14:35.920126,basse
BJ-0642B170,Journal Liberté Natitingou,Médias & Communication,Natitingou,+229 25 98 31 27,,journalliberténatitingou.bj,PME (10-50),B2B,CCIB Annuaire,,Actif,2026-06-29T00:14:35.920142,moyenne
BJ-8F2A30FC,Radio,Médias & Communication,Natitingou,+229 60 61 15 50,,radio.bj,TPE (<10),B2B,CCIB Annuaire,,Actif,2026-06-29T00:14:35.920156,moyenne
BJ-134138FE,Presse Actualité News,Médias & Communication,Lokossa,+229 40 33 58 89,presse.actualité.news@presse.actualité.news.bj,,TPE (<10),B2B,CCIB Annuaire,,Actif,2026-06-29T00:14:35.920175,moyenne
BJ-D744866D,Information Media Lokossa,Médias & Communication,Lokossa,+229 65 64 33 32,,,TPE (<10),B2C,CCIB Annuaire,,Actif,2026-06-29T00:14:35.920186,basse
BJ-865E0C97,Télévision Communication,Médias & Communication,Lokossa,+229 36 89 38 62,télévision.communication@télévision.communication.com,télévisioncommunication.bj,PME (50-200),B2B,CCIB Annuaire,,Actif,2026-06-29T00:14:35.920201,haute
BJ-F1A520CF,Nouvelles,Médias & Communication,Lokossa,+229 62 18 28 65,,,TPE (<10),B2B,CCIB Annuaire,,Actif,2026-06-29T00:14:35.920211,basse
BJ-FA2D501C,Journal National Africa,Médias & Communication,Lokossa,+229 92 78 66 68,journal.national.africa@journal.national.africa.bj,journalnationalafrica.bj,TPE (<10),B2B,CCIB Annuaire,,Actif,2026-06-29T00:14:35.920224,haute
BJ-766AB78A,Liberté Media,Médias & Communication,Ouidah,+229 49 69 20 24,liberté.media@liberté.media.net,libertémedia.bj,TPE (<10),B2B,CCIB Annuaire,,Actif,2026-06-29T00:14:35.920246,haute
BJ-8F6C127C,Journal,Médias & Communication,Ouidah,+229 44 66 48 51,journal@journal.com,,PME (10-50),B2B,CCIB Annuaire,,Actif,2026-06-29T00:14:35.920275,moyenne
BJ-1333932E,International TV,Médias & Communication,Ouidah,+229 87 44 87 18,,internationaltv.bj,PME (10-50),B2C,CCIB Annuaire,,Actif,2026-06-29T00:14:35.920290,moyenne
BJ-59029526,Communication Liberté Ouidah,Médias & Communication,Ouidah,+229 31 71 34 71,communication.liberté.ouidah@communication.liberté.ouidah.org,communicationlibertéouidah.bj,PME (50-200),B2B,CCIB Annuaire,,Actif,2026-06-29T00:14:35.920307,haute
BJ-1E919F88,Radio Communication Africa,Médias & Communication,Savalou,+229 45 89 90 92,radio.communication.africa@radio.communication.africa.com,,PME (10-50),B2C,CCIB Annuaire,,Actif,2026-06-29T00:14:35.920325,moyenne
BJ-3DC86FE2,Publicité Africa,Médias & Communication,Savalou,+229 56 39 59 39,publicité.africa@publicité.africa.com,publicitéafrica.bj,PME (50-200),B2C,CCIB Annuaire,,Actif,2026-06-29T00:14:35.920338,haute
BJ-0B32A55D,Journal Radio Bénin,Médias & Communication,Savalou,+229 26 80 12 67,journal.radio.bénin@journal.radio.bénin.bj,,PME (10-50),B2B,CCIB Annuaire,,Actif,2026-06-29T00:14:35.920351,moyenne
BJ-D2A63365,Presse TV,Médias & Communication,Savalou,+229 92 18 58 24,,pressetv.bj,PME (50-200),B2C,CCIB Annuaire,,Actif,2026-06-29T00:14:35.920363,moyenne
BJ-508E5F0D,Communication Presse Savalou,Médias & Communication,Savalou,+229 59 31 91 64,communication.presse.savalou@communication.presse.savalou.com,communicationpressesavalou.bj,PME (50-200),B2C,CCIB Annuaire,,Actif,2026-06-29T00:14:35.920376,haute
BJ-82DD8F4A,International Africa,Médias & Communication,Dassa-Zoumè,+229 94 21 14 65,,internationalafrica.bj,TPE (<10),B2C,CCIB Annuaire,,Actif,2026-06-29T00:14:35.920393,moyenne
BJ-A528E334,Média Démocratie Africa,Médias & Communication,Dassa-Zoumè,+229 52 73 68 13,média.démocratie.africa@média.démocratie.africa.benin,,TPE (<10),B2B,CCIB Annuaire,,Actif,2026-06-29T00:14:35.920406,moyenne
BJ-AB5A7BE1,Média Press,Médias & Communication,Dassa-Zoumè,+229 22 31 73 98,média.press@média.press.bj,,PME (10-50),B2C,CCIB Annuaire,,Actif,2026-06-29T00:14:35.920421,moyenne
BJ-B0C623B9,Presse Dassa-Zoumè,Médias & Communication,Dassa-Zoumè,+229 84 49 31 86,presse.dassazoumè@presse.dassazoumè.benin,,TPE (<10),B2C,CCIB Annuaire,,Actif,2026-06-29T00:14:35.920440,moyenne
BJ-C4EEF1EB,Nouvelles Bénin,Médias & Communication,Dassa-Zoumè,+229 49 51 92 21,,nouvellesbénin.bj,TPE (<10),B2C,CCIB Annuaire,,Actif,2026-06-29T00:14:35.920453,moyenne
BJ-2A11341E,Communication,Médias & Communication,Kétou,+229 83 76 27 93,communication@communication.benin,communication.bj,PME (10-50),B2B,CCIB Annuaire,,Actif,2026-06-29T00:14:35.920471,haute
BJ-AAC19B0A,Presse Journal,Médias & Communication,Kétou,+229 54 38 59 43,presse.journal@presse.journal.com,pressejournal.bj,PME (10-50),B2C,CCIB Annuaire,,Actif,2026-06-29T00:14:35.920483,haute
BJ-764C98B2,International TV Kétou,Médias & Communication,Kétou,+229 93 59 45 44,international.tv.kétou@international.tv.kétou.bj,internationaltvkétou.bj,PME (50-200),B2C,CCIB Annuaire,,Actif,2026-06-29T00:14:35.920509,haute
BJ-EFDA4B13,TV Média,Médias & Communication,Kétou,+229 26 80 79 96,tv.média@tv.média.net,tvmédia.bj,TPE (<10),B2B,CCIB Annuaire,,Actif,2026-06-29T00:14:35.920522,haute
BJ-134480F4,Radio Presse,Médias & Communication,Covè,+229 69 51 18 67,,,PME (10-50),B2C,CCIB Annuaire,,Actif,2026-06-29T00:14:35.920538,basse
BJ-4295A3F1,Média Télévision Press,Médias & Communication,Covè,+229 58 19 64 54,média.télévision.press@média.télévision.press.bj,médiatélévisionpress.bj,Grande (>200),B2C,CCIB Annuaire,,Actif,2026-06-29T00:14:35.920555,haute
BJ-46AE9C0C,Liberté,Médias & Communication,Covè,+229 78 13 19 33,liberté@liberté.benin,liberté.bj,Grande (>200),B2B,CCIB Annuaire,,Actif,2026-06-29T00:14:35.920568,haute
BJ-1486DE13,National News,Médias & Communication,Covè,+229 64 51 46 35,,nationalnews.bj,PME (10-50),B2B,CCIB Annuaire,,Actif,2026-06-29T00:14:35.920583,moyenne
BJ-5C01B651,Communication Press,Médias & Communication,Covè,+229 46 76 70 22,communication.press@communication.press.com,communicationpress.bj,PME (50-200),B2C,CCIB Annuaire,,Actif,2026-06-29T00:14:35.920597,haute
BJ-84B5BFB4,National Pobè,Médias & Communication,Pobè,+229 26 61 72 90,,nationalpobè.bj,TPE (<10),B2C,CCIB Annuaire,,Actif,2026-06-29T00:14:35.920615,moyenne
BJ-DC37ADD5,Actualité Communication Pobè,Médias & Communication,Pobè,+229 55 15 65 74,actualité.communication.pobè@actualité.communication.pobè.org,actualitécommunicationpobè.bj,PME (10-50),B2B,CCIB Annuaire,,Actif,2026-06-29T00:14:35.920629,haute
BJ-56F42B9E,Communication Actualité Media,Médias & Communication,Pobè,+229 20 31 66 43,,communicationactualitémedia.bj,PME (10-50),B2C,CCIB Annuaire,,Actif,2026-06-29T00:14:35.920641,moyenne
BJ-C2CD8EC5,Nouvelles Africa,Médias & Communication,Pobè,+229 94 64 39 89,,,PME (10-50),B2C,CCIB Annuaire,,Actif,2026-06-29T00:14:35.920652,basse
BJ-1F09CE69,Liberté,Médias & Communication,Pobè,+229 57 11 51 61,liberté@liberté.benin,liberté.bj,PME (50-200),B2C,CCIB Annuaire,,Actif,2026-06-29T00:14:35.920668,haute
BJ-0B5D7CC5,Presse Presse,Médias & Communication,Sakété,+229 76 10 37 60,presse.presse@presse.presse.com,,TPE (<10),B2B,CCIB Annuaire,,Actif,2026-06-29T00:14:35.920686,moyenne
BJ-EA1691A4,Presse Journal Bénin,Médias & Communication,Sakété,+229 27 19 68 64,presse.journal.bénin@presse.journal.bénin.bj,,PME (10-50),B2C,CCIB Annuaire,,Actif,2026-06-29T00:14:35.920698,moyenne
BJ-86D77B33,TV Presse,Médias & Communication,Sakété,+229 51 13 33 49,tv.presse@tv.presse.org,tvpresse.bj,Grande (>200),B2C,CCIB Annuaire,,Actif,2026-06-29T00:14:35.920711,haute
BJ-06714A52,Presse News,Médias & Communication,Sakété,+229 46 64 43 49,presse.news@presse.news.org,pressenews.bj,PME (50-200),B2C,CCIB Annuaire,,Actif,2026-06-29T00:14:35.920726,haute
BJ-576B6CAA,Journal Africa Sakété,Médias & Communication,Sakété,+229 57 26 77 58,,journalafricasakété.bj,PME (10-50),B2B,CCIB Annuaire,,Actif,2026-06-29T00:14:35.920739,moyenne
BJ-43998B64,Actualité Africa,Médias & Communication,Adjara,+229 70 77 38 42,actualité.africa@actualité.africa.net,actualitéafrica.bj,PME (50-200),B2C,CCIB Annuaire,,Actif,2026-06-29T00:14:35.920761,haute
BJ-68C4BA0C,Radio Information Radio Adjara,Médias & Communication,Adjara,+229 80 89 24 28,,radioinformationradioadjara.bj,TPE (<10),B2B,CCIB Annuaire,,Actif,2026-06-29T00:14:35.920774,moyenne
BJ-33812153,Journal Presse Adjara,Médias & Communication,Adjara,+229 38 88 65 64,,journalpresseadjara.bj,PME (10-50),B2C,CCIB Annuaire,,Actif,2026-06-29T00:14:35.920786,moyenne
BJ-B828ECF0,National,Médias & Communication,Adjara,+229 27 98 16 99,national@national.com,national.bj,PME (10-50),B2B,CCIB Annuaire,,Actif,2026-06-29T00:14:35.920799,haute
BJ-5F73FBCA,Communication Journal Communication,Médias & Communication,Adjara,+229 50 34 18 22,communication.journal.communication@communication.journal.communication.bj,communicationjournalcommunication.bj,TPE (<10),B2C,CCIB Annuaire,,Actif,2026-06-29T00:14:35.920812,haute
BJ-60A3AB0A,Agence Liberté Radio,Médias & Communication,Allada,+229 40 67 61 54,agence.liberté.radio@agence.liberté.radio.com,agencelibertéradio.bj,TPE (<10),B2C,CCIB Annuaire,,Actif,2026-06-29T00:14:35.920831,haute
BJ-97334CC3,Presse Média News,Médias & Communication,Allada,+229 95 27 55 42,,,TPE (<10),B2C,CCIB Annuaire,,Actif,2026-06-29T00:14:35.920855,basse
BJ-418059BE,Télévision TV,Médias & Communication,Allada,+229 55 95 37 31,,télévisiontv.bj,TPE (<10),B2C,CCIB Annuaire,,Actif,2026-06-29T00:14:35.920870,moyenne
BJ-0010F1AC,Radio Radio,Médias & Communication,Aplahoué,+229 71 95 37 77,radio.radio@radio.radio.org,,TPE (<10),B2B,CCIB Annuaire,,Actif,2026-06-29T00:14:35.920914,moyenne
BJ-99D2A81D,National Aplahoué,Médias & Communication,Aplahoué,+229 22 35 26 55,national.aplahoué@national.aplahoué.bj,nationalaplahoué.bj,TPE (<10),B2B,CCIB Annuaire,,Actif,2026-06-29T00:14:35.920932,haute
BJ-23B416C0,Télévision TV,Médias & Communication,Aplahoué,+229 47 28 93 62,,télévisiontv.bj,PME (10-50),B2B,CCIB Annuaire,,Actif,2026-06-29T00:14:35.920945,moyenne
BJ-24E910DD,National,Médias & Communication,Aplahoué,+229 61 11 81 21,,national.bj,PME (50-200),B2B,CCIB Annuaire,,Actif,2026-06-29T00:14:35.920968,moyenne
BJ-B4881995,Information News,Médias & Communication,Dogbo-Tota,+229 83 98 37 92,information.news@information.news.bj,,TPE (<10),B2C,CCIB Annuaire,,Actif,2026-06-29T00:14:35.920986,moyenne
BJ-FC8D7E1F,TV Liberté,Médias & Communication,Dogbo-Tota,+229 51 44 34 60,,,TPE (<10),B2B,CCIB Annuaire,,Actif,2026-06-29T00:14:35.920998,basse
BJ-471DA798,Presse Communication,Médias & Communication,Dogbo-Tota,+229 28 16 99 56,,pressecommunication.bj,TPE (<10),B2B,CCIB Annuaire,,Actif,2026-06-29T00:14:35.921010,moyenne
BJ-61300238,Communication Presse,Médias & Communication,Dogbo-Tota,+229 73 24 39 50,communication.presse@communication.presse.com,,PME (50-200),B2B,CCIB Annuaire,,Actif,2026-06-29T00:14:35.921025,moyenne
BJ-C95D74CB,Démocratie Kpomassè,Médias & Communication,Kpomassè,+229 66 72 38 40,démocratie.kpomassè@démocratie.kpomassè.bj,démocratiekpomassè.bj,PME (10-50),B2B,CCIB Annuaire,,Actif,2026-06-29T00:14:35.921057,haute
BJ-0B5EFAE8,Nouvelles Kpomassè,Médias & Communication,Kpomassè,+229 32 70 32 92,nouvelles.kpomassè@nouvelles.kpomassè.net,nouvelleskpomassè.bj,TPE (<10),B2C,CCIB Annuaire,,Actif,2026-06-29T00:14:35.921071,haute
BJ-005EED5D,Communication,Médias & Communication,Kpomassè,+229 52 23 22 40,communication@communication.bj,,PME (10-50),B2C,CCIB Annuaire,,Actif,2026-06-29T00:14:35.921082,moyenne
BJ-6A677234,Information,Médias & Communication,Kpomassè,+229 48 26 11 36,,information.bj,PME (10-50),B2B,CCIB Annuaire,,Actif,2026-06-29T00:14:35.921094,moyenne
BJ-20996279,Radio Télévision Africa,Médias & Communication,Kpomassè,+229 90 94 94 31,radio.télévision.africa@radio.télévision.africa.bj,,TPE (<10),B2B,CCIB Annuaire,,Actif,2026-06-29T00:14:35.921106,moyenne
BJ-EDB84DE3,Agence National,Médias & Communication,Tori-Bossito,+229 49 74 79 85,agence.national@agence.national.bj,agencenational.bj,Grande (>200),B2C,CCIB Annuaire,,Actif,2026-06-29T00:14:35.921124,haute
BJ-B3CF606D,Télévision,Médias & Communication,Tori-Bossito,+229 37 27 30 34,télévision@télévision.bj,télévision.bj,TPE (<10),B2B,CCIB Annuaire,,Actif,2026-06-29T00:14:35.921137,haute
BJ-D626BC33,Actualité Communication,Médias & Communication,Tori-Bossito,+229 83 43 53 41,,actualitécommunication.bj,PME (50-200),B2C,CCIB Annuaire,,Actif,2026-06-29T00:14:35.921153,moyenne
BJ-03777E2D,Agence Publicité,Médias & Communication,Tori-Bossito,+229 84 33 50 49,,,TPE (<10),B2B,CCIB Annuaire,,Actif,2026-06-29T00:14:35.921168,basse
BJ-1F58A4BA,Presse,Médias & Communication,Tori-Bossito,+229 95 79 77 58,presse@presse.bj,presse.bj,PME (50-200),B2B,CCIB Annuaire,,Actif,2026-06-29T00:14:35.921181,haute
BJ-DEC4D7B4,Presse,Médias & Communication,Grand-Popo,+229 48 64 48 97,presse@presse.net,presse.bj,TPE (<10),B2C,CCIB Annuaire,,Actif,2026-06-29T00:14:35.921199,haute
BJ-7ED76ACF,Radio,Médias & Communication,Grand-Popo,+229 97 44 85 22,radio@radio.bj,radio.bj,PME (10-50),B2B,CCIB Annuaire,,Actif,2026-06-29T00:14:35.921212,haute
BJ-5AB3D8BB,Agence Journal Grand-Popo,Médias & Communication,Grand-Popo,+229 28 39 68 64,agence.journal.grandpopo@agence.journal.grandpopo.bj,agencejournalgrandpopo.bj,PME (10-50),B2C,CCIB Annuaire,,Actif,2026-06-29T00:14:35.921225,haute
BJ-8FEA29CC,Journal Nouvelles TV,Médias & Communication,Grand-Popo,+229 83 87 37 98,journal.nouvelles.tv@journal.nouvelles.tv.bj,journalnouvellestv.bj,PME (50-200),B2C,CCIB Annuaire,,Actif,2026-06-29T00:14:35.921249,haute
BJ-DBFC456E,Média National Media,Médias & Communication,Athiémé,+229 28 89 88 35,média.national.media@média.national.media.org,médianationalmedia.bj,PME (50-200),B2B,CCIB Annuaire,,Actif,2026-06-29T00:14:35.921272,haute
BJ-11779BB9,Communication Liberté Athiémé,Médias & Communication,Athiémé,+229 33 37 33 55,,communicationlibertéathiémé.bj,PME (50-200),B2C,CCIB Annuaire,,Actif,2026-06-29T00:14:35.921284,moyenne
BJ-7705E108,Communication International Bénin Athiémé,Médias & Communication,Athiémé,+229 35 59 34 18,,communicationinternationalbéninathiémé.bj,PME (50-200),B2B,CCIB Annuaire,,Actif,2026-06-29T00:14:35.921297,moyenne
BJ-605D608A,Télévision TV,Médias & Communication,Athiémé,+229 70 23 53 28,télévision.tv@télévision.tv.net,,TPE (<10),B2B,CCIB Annuaire,,Actif,2026-06-29T00:14:35.921313,moyenne
BJ-E862B0BE,Presse Démocratie,Médias & Communication,Athiémé,+229 97 16 90 64,presse.démocratie@presse.démocratie.benin,pressedémocratie.bj,PME (50-200),B2C,CCIB Annuaire,,Actif,2026-06-29T00:14:35.921326,haute
BJ-7369976E,Communication TV Bopa,Médias & Communication,Bopa,+229 35 20 86 77,communication.tv.bopa@communication.tv.bopa.net,,PME (10-50),B2C,CCIB Annuaire,,Actif,2026-06-29T00:14:35.921344,moyenne
BJ-0D40F227,Communication Publicité,Médias & Communication,Bopa,+229 59 47 39 47,communication.publicité@communication.publicité.com,communicationpublicité.bj,PME (10-50),B2C,CCIB Annuaire,,Actif,2026-06-29T00:14:35.921357,haute
BJ-D3BBB733,Nouvelles Communication,Médias & Communication,Bopa,+229 24 22 75 39,,nouvellescommunication.bj,TPE (<10),B2C,CCIB Annuaire,,Actif,2026-06-29T00:14:35.921384,moyenne
BJ-E906F36F,Télévision Africa Bopa,Médias & Communication,Bopa,+229 70 71 62 46,télévision.africa.bopa@télévision.africa.bopa.net,,PME (10-50),B2B,CCIB Annuaire,,Actif,2026-06-29T00:14:35.921397,moyenne
BJ-7B1A20B6,Radio Actualité,Médias & Communication,Houéyogbé,+229 48 81 32 20,radio.actualité@radio.actualité.benin,radioactualité.bj,Grande (>200),B2C,CCIB Annuaire,,Actif,2026-06-29T00:14:35.921416,haute
BJ-A101008F,Communication,Médias & Communication,Houéyogbé,+229 56 79 43 65,,communication.bj,Grande (>200),B2C,CCIB Annuaire,,Actif,2026-06-29T00:14:35.921427,moyenne
BJ-6DA5E058,Télévision TV,Médias & Communication,Houéyogbé,+229 31 95 89 85,,,TPE (<10),B2B,CCIB Annuaire,,Actif,2026-06-29T00:14:35.921438,basse
BJ-C85AEDEC,Presse Houéyogbé,Médias & Communication,Houéyogbé,+229 90 92 10 22,,pressehouéyogbé.bj,TPE (<10),B2C,CCIB Annuaire,,Actif,2026-06-29T00:14:35.921456,moyenne
BJ-FB51DB20,Média,Médias & Communication,Houéyogbé,+229 41 87 31 98,,,PME (10-50),B2B,CCIB Annuaire,,Actif,2026-06-29T00:14:35.921468,basse
BJ-114894C0,Presse Communication,Médias & Communication,Malanville,+229 67 96 95 17,,,Grande (>200),B2C,CCIB Annuaire,,Actif,2026-06-29T00:14:35.921484,basse
BJ-B53392FB,Journal Nouvelles Radio Malanville,Médias & Communication,Malanville,+229 77 80 75 29,,journalnouvellesradiomalanville.bj,PME (50-200),B2C,CCIB Annuaire,,Actif,2026-06-29T00:14:35.921496,moyenne
BJ-063C4205,Communication International,Médias & Communication,Malanville,+229 88 63 26 18,,communicationinternational.bj,PME (10-50),B2C,CCIB Annuaire,,Actif,2026-06-29T00:14:35.921507,moyenne
BJ-00B3C28F,TV Liberté Bénin,Médias & Communication,Malanville,+229 31 87 73 20,,tvlibertébénin.bj,PME (50-200),B2C,CCIB Annuaire,,Actif,2026-06-29T00:14:35.921519,moyenne
BJ-F28D198E,Nouvelles Bénin,Médias & Communication,Malanville,+229 56 46 89 83,nouvelles.bénin@nouvelles.bénin.net,,TPE (<10),B2B,CCIB Annuaire,,Actif,2026-06-29T00:14:35.921531,moyenne
BJ-00C0A8FB,Actualité News Kandi,Médias & Communication,Kandi,+229 62 92 58 39,,,PME (10-50),B2C,CCIB Annuaire,,Actif,2026-06-29T00:14:35.921548,basse
BJ-A38D0311,Démocratie TV,Médias & Communication,Kandi,+229 81 32 44 46,,démocratietv.bj,TPE (<10),B2C,CCIB Annuaire,,Actif,2026-06-29T00:14:35.921560,moyenne
BJ-A9978577,Journal Publicité,Médias & Communication,Kandi,+229 33 55 86 90,journal.publicité@journal.publicité.bj,journalpublicité.bj,TPE (<10),B2B,CCIB Annuaire,,Actif,2026-06-29T00:14:35.921577,haute
BJ-F3561243,International,Médias & Communication,Kandi,+229 47 53 99 89,,international.bj,PME (10-50),B2B,CCIB Annuaire,,Actif,2026-06-29T00:14:35.921591,moyenne
BJ-161786F2,Média Démocratie Radio,Médias & Communication,Kandi,+229 76 26 23 77,média.démocratie.radio@média.démocratie.radio.benin,médiadémocratieradio.bj,PME (10-50),B2C,CCIB Annuaire,,Actif,2026-06-29T00:14:35.921605,haute
BJ-61662CAD,Radio Radio Press,Médias & Communication,Banikoara,+229 62 66 23 33,radio.radio.press@radio.radio.press.com,radioradiopress.bj,PME (10-50),B2B,CCIB Annuaire,,Actif,2026-06-29T00:14:35.921623,haute
BJ-95100D09,Actualité Media Banikoara,Médias & Communication,Banikoara,+229 37 51 31 63,actualité.media.banikoara@actualité.media.banikoara.org,actualitémediabanikoara.bj,TPE (<10),B2B,CCIB Annuaire,,Actif,2026-06-29T00:14:35.921637,haute
BJ-3F30E887,Publicité,Médias & Communication,Banikoara,+229 80 68 14 16,publicité@publicité.benin,,PME (10-50),B2C,CCIB Annuaire,,Actif,2026-06-29T00:14:35.921652,moyenne
BJ-002DEEEE,Radio Presse,Médias & Communication,Banikoara,+229 83 64 70 34,radio.presse@radio.presse.benin,radiopresse.bj,TPE (<10),B2B,CCIB Annuaire,,Actif,2026-06-29T00:14:35.921665,haute
BJ-4F6B913F,Média News,Médias & Communication,Banikoara,+229 39 66 23 53,média.news@média.news.org,médianews.bj,PME (50-200),B2B,CCIB Annuaire,,Actif,2026-06-29T00:14:35.921678,haute
BJ-0C30F2C3,Agence Liberté Bénin,Médias & Communication,Ségbana,+229 40 52 18 31,agence.liberté.bénin@agence.liberté.bénin.benin,agencelibertébénin.bj,Grande (>200),B2C,CCIB Annuaire,,Actif,2026-06-29T00:14:35.921697,haute
BJ-EBB207FA,National Africa,Médias & Communication,Ségbana,+229 88 58 48 26,national.africa@national.africa.net,nationalafrica.bj,TPE (<10),B2B,CCIB Annuaire,,Actif,2026-06-29T00:14:35.921709,haute
BJ-CAD67D34,National,Médias & Communication,Ségbana,+229 95 27 56 26,,national.bj,PME (10-50),B2B,CCIB Annuaire,,Actif,2026-06-29T00:14:35.921720,moyenne
BJ-8F29C367,Presse,Médias & Communication,Ségbana,+229 21 82 88 28,presse@presse.com,presse.bj,PME (10-50),B2B,CCIB Annuaire,,Actif,2026-06-29T00:14:35.921736,haute
BJ-AAC6C7CD,Démocratie,Médias & Communication,Ségbana,+229 38 23 68 91,,démocratie.bj,Grande (>200),B2B,CCIB Annuaire,,Actif,2026-06-29T00:14:35.921748,moyenne
BJ-B25CF7AA,Information,Médias & Communication,Karimama,+229 34 61 45 88,information@information.com,information.bj,PME (10-50),B2B,CCIB Annuaire,,Actif,2026-06-29T00:14:35.921778,haute
BJ-72E8E4B5,Communication International Bénin,Médias & Communication,Karimama,+229 98 66 58 23,communication.international.bénin@communication.international.bénin.com,communicationinternationalbénin.bj,TPE (<10),B2C,CCIB Annuaire,,Actif,2026-06-29T00:14:35.921792,haute
BJ-1CF1BBDE,Média Nouvelles,Médias & Communication,Karimama,+229 25 82 78 89,média.nouvelles@média.nouvelles.com,,PME (50-200),B2C,CCIB Annuaire,,Actif,2026-06-29T00:14:35.921804,moyenne
BJ-A41767EB,TV Presse Media,Médias & Communication,Karimama,+229 70 58 45 77,tv.presse.media@tv.presse.media.bj,tvpressemedia.bj,PME (50-200),B2B,CCIB Annuaire,,Actif,2026-06-29T00:14:35.921816,haute
BJ-B7B28E53,Information TV,Médias & Communication,Karimama,+229 60 80 97 62,,,PME (50-200),B2C,CCIB Annuaire,,Actif,2026-06-29T00:14:35.921826,basse
BJ-A1E5462D,Radio International Communication,Médias & Communication,Gogounou,+229 51 83 93 65,,radiointernationalcommunication.bj,PME (50-200),B2B,CCIB Annuaire,,Actif,2026-06-29T00:14:35.921843,moyenne
BJ-DF49F17E,Presse,Médias & Communication,Gogounou,+229 87 28 36 56,presse@presse.benin,,TPE (<10),B2C,CCIB Annuaire,,Actif,2026-06-29T00:14:35.921854,moyenne
BJ-30A31F6A,Journal Information Media,Médias & Communication,Gogounou,+229 57 54 85 23,journal.information.media@journal.information.media.com,,TPE (<10),B2B,CCIB Annuaire,,Actif,2026-06-29T00:14:35.921869,moyenne
BJ-777F4DB9,Journal Journal Gogounou,Médias & Communication,Gogounou,+229 71 16 30 10,journal.journal.gogounou@journal.journal.gogounou.bj,journaljournalgogounou.bj,PME (10-50),B2C,CCIB Annuaire,,Actif,2026-06-29T00:14:35.921884,haute
BJ-3AC81D3D,Média Nouvelles Media Gogounou,Médias & Communication,Gogounou,+229 77 63 60 75,média.nouvelles.media.gogounou@média.nouvelles.media.gogounou.org,,TPE (<10),B2B,CCIB Annuaire,,Actif,2026-06-29T00:14:35.921906,moyenne
BJ-6864CE14,Communication International,Médias & Communication,Cobly,+229 46 79 79 70,,communicationinternational.bj,PME (50-200),B2C,CCIB Annuaire,,Actif,2026-06-29T00:14:35.921926,moyenne
BJ-F449CA1E,Communication Communication,Médias & Communication,Cobly,+229 96 79 84 23,,communicationcommunication.bj,Grande (>200),B2B,CCIB Annuaire,,Actif,2026-06-29T00:14:35.921941,moyenne
BJ-9E876FFA,Presse Journal TV Cobly,Médias & Communication,Cobly,+229 94 10 64 72,,pressejournaltvcobly.bj,Grande (>200),B2C,CCIB Annuaire,,Actif,2026-06-29T00:14:35.921953,moyenne
BJ-8F425942,Média Presse,Médias & Communication,Cobly,+229 91 91 95 95,média.presse@média.presse.net,,PME (50-200),B2B,CCIB Annuaire,,Actif,2026-06-29T00:14:35.921964,moyenne
BJ-8E38A4CA,Journal Démocratie Communication,Médias & Communication,Cobly,+229 22 24 59 14,journal.démocratie.communication@journal.démocratie.communication.com,journaldémocratiecommunication.bj,PME (10-50),B2B,CCIB Annuaire,,Actif,2026-06-29T00:14:35.921978,haute
BJ-CF82A45C,Actualité Radio Tanguiéta,Médias & Communication,Tanguiéta,+229 41 89 30 21,actualité.radio.tanguiéta@actualité.radio.tanguiéta.com,,TPE (<10),B2C,CCIB Annuaire,,Actif,2026-06-29T00:14:35.921996,moyenne
BJ-8D0E043E,Communication Radio,Médias & Communication,Tanguiéta,+229 35 11 30 27,,communicationradio.bj,TPE (<10),B2C,CCIB Annuaire,,Actif,2026-06-29T00:14:35.922007,moyenne
BJ-94CFC4F8,Média Publicité,Médias & Communication,Tanguiéta,+229 27 26 67 87,,médiapublicité.bj,PME (10-50),B2C,CCIB Annuaire,,Actif,2026-06-29T00:14:35.922018,moyenne
BJ-B13C1722,Liberté Radio,Médias & Communication,Tanguiéta,+229 52 47 65 48,,libertéradio.bj,TPE (<10),B2B,CCIB Annuaire,,Actif,2026-06-29T00:14:35.922033,moyenne
BJ-A024CBA1,Radio Tanguiéta,Médias & Communication,Tanguiéta,+229 56 64 90 23,,,PME (10-50),B2C,CCIB Annuaire,,Actif,2026-06-29T00:14:35.922043,basse
BJ-0299DA64,Télévision Radio,Médias & Communication,Matéri,+229 84 91 48 23,télévision.radio@télévision.radio.com,télévisionradio.bj,TPE (<10),B2B,CCIB Annuaire,,Actif,2026-06-29T00:14:35.922062,haute
BJ-969EEC7B,TV Radio,Médias & Communication,Matéri,+229 80 84 83 11,tv.radio@tv.radio.bj,tvradio.bj,TPE (<10),B2C,CCIB Annuaire,,Actif,2026-06-29T00:14:35.922074,haute
BJ-75DA4EE7,Information Media,Médias & Communication,Matéri,+229 33 15 52 21,,informationmedia.bj,PME (10-50),B2B,CCIB Annuaire,,Actif,2026-06-29T00:14:35.922084,moyenne
BJ-8125E90C,Radio National,Médias & Communication,Matéri,+229 39 48 50 36,radio.national@radio.national.com,radionational.bj,PME (10-50),B2B,CCIB Annuaire,,Actif,2026-06-29T00:14:35.922100,haute
BJ-1C5AE4EF,Journal,Médias & Communication,Matéri,+229 72 99 97 48,,journal.bj,TPE (<10),B2B,CCIB Annuaire,,Actif,2026-06-29T00:14:35.922111,moyenne
BJ-469AEEDE,Journal Actualité Radio,Médias & Communication,Natitingou,+229 53 13 41 29,journal.actualité.radio@journal.actualité.radio.com,journalactualitéradio.bj,Grande (>200),B2C,CCIB Annuaire,,Actif,2026-06-29T00:14:35.922130,haute
BJ-010E29C8,Information Bénin,Médias & Communication,Natitingou,+229 27 47 10 17,information.bénin@information.bénin.bj,informationbénin.bj,TPE (<10),B2B,CCIB Annuaire,,Actif,2026-06-29T00:14:35.922155,haute
BJ-2892149B,Presse Presse,Médias & Communication,Natitingou,+229 54 62 57 65,presse.presse@presse.presse.benin,,PME (10-50),B2C,CCIB Annuaire,,Actif,2026-06-29T00:14:35.922169,moyenne
BJ-2A15307E,Actualité,Médias & Communication,Toucountouna,+229 93 94 38 31,,,TPE (<10),B2B,CCIB Annuaire,,Actif,2026-06-29T00:14:35.922201,basse
BJ-ECA42582,Communication,Médias & Communication,Toucountouna,+229 25 89 51 40,,communication.bj,PME (10-50),B2C,CCIB Annuaire,,Actif,2026-06-29T00:14:35.922225,moyenne
BJ-EF20E361,Radio Press,Médias & Communication,Toucountouna,+229 64 68 65 68,,radiopress.bj,TPE (<10),B2C,CCIB Annuaire,,Actif,2026-06-29T00:14:35.922235,moyenne
BJ-0EAAE5FA,Télévision Media,Médias & Communication,Toucountouna,+229 24 97 58 67,télévision.media@télévision.media.net,télévisionmedia.bj,PME (50-200),B2B,CCIB Annuaire,,Actif,2026-06-29T00:14:35.922248,haute
BJ-7CAAD2D5,TV National Press,Médias & Communication,Boukoumbé,+229 32 75 26 49,tv.national.press@tv.national.press.net,tvnationalpress.bj,PME (10-50),B2B,CCIB Annuaire,,Actif,2026-06-29T00:14:35.922267,haute
BJ-F6E8268B,Actualité,Médias & Communication,Boukoumbé,+229 77 74 17 54,,actualité.bj,TPE (<10),B2C,CCIB Annuaire,,Actif,2026-06-29T00:14:35.922278,moyenne
BJ-19AB6086,Journal Bénin,Médias & Communication,Boukoumbé,+229 20 33 39 79,journal.bénin@journal.bénin.bj,journalbénin.bj,Grande (>200),B2B,CCIB Annuaire,,Actif,2026-06-29T00:14:35.922294,haute
BJ-3A5697C0,Média Nouvelles,Médias & Communication,Boukoumbé,+229 91 12 34 67,média.nouvelles@média.nouvelles.benin,médianouvelles.bj,PME (50-200),B2B,CCIB Annuaire,,Actif,2026-06-29T00:14:35.922310,haute
BJ-2D28D148,Agence National Africa,Médias & Communication,Boukoumbé,+229 39 59 69 42,agence.national.africa@agence.national.africa.com,agencenationalafrica.bj,PME (10-50),B2C,CCIB Annuaire,,Actif,2026-06-29T00:14:35.922328,haute
BJ-303CA2A1,Journal Journal Communication,Médias & Communication,Kouandé,+229 86 16 71 79,journal.journal.communication@journal.journal.communication.net,,TPE (<10),B2B,CCIB Annuaire,,Actif,2026-06-29T00:14:35.922345,moyenne
BJ-C564E16B,TV Communication Communication,Médias & Communication,Kouandé,+229 60 41 31 78,,,Grande (>200),B2C,CCIB Annuaire,,Actif,2026-06-29T00:14:35.922355,basse
BJ-FC38C4B1,Communication Radio Radio Kouandé,Médias & Communication,Kouandé,+229 95 66 98 76,communication.radio.radio.kouandé@communication.radio.radio.kouandé.benin,communicationradioradiokouandé.bj,TPE (<10),B2B,CCIB Annuaire,,Actif,2026-06-29T00:14:35.922369,haute
BJ-15ED6843,Démocratie Bénin Kouandé,Médias & Communication,Kouandé,+229 86 72 34 17,,démocratiebéninkouandé.bj,Grande (>200),B2B,CCIB Annuaire,,Actif,2026-06-29T00:14:35.922381,moyenne
BJ-BB9186FB,Journal Liberté,Médias & Communication,Kouandé,+229 63 84 10 27,,journalliberté.bj,PME (10-50),B2B,CCIB Annuaire,,Actif,2026-06-29T00:14:35.922392,moyenne
BJ-176F8253,Agence International,Médias & Communication,Péhunco,+229 40 25 73 70,,agenceinternational.bj,PME (10-50),B2C,CCIB Annuaire,,Actif,2026-06-29T00:14:35.922409,moyenne
BJ-6223C939,Agence Média Péhunco,Médias & Communication,Péhunco,+229 95 77 77 18,agence.média.péhunco@agence.média.péhunco.org,agencemédiapéhunco.bj,PME (10-50),B2C,CCIB Annuaire,,Actif,2026-06-29T00:14:35.922421,haute
BJ-6C28DB47,National,Médias & Communication,Péhunco,+229 45 94 12 18,national@national.benin,,Grande (>200),B2C,CCIB Annuaire,,Actif,2026-06-29T00:14:35.922447,moyenne
BJ-4B3D521B,Média Journal Press,Médias & Communication,Péhunco,+229 30 30 48 45,,,PME (50-200),B2C,CCIB Annuaire,,Actif,2026-06-29T00:14:35.922458,basse
BJ-3C48E879,Presse International Africa,Médias & Communication,Tchaourou,+229 90 27 86 13,presse.international.africa@presse.international.africa.bj,presseinternationalafrica.bj,PME (50-200),B2B,CCIB Annuaire,,Actif,2026-06-29T00:14:35.922489,haute
BJ-3830B64A,Média Démocratie Media,Médias & Communication,Tchaourou,+229 20 35 23 25,média.démocratie.media@média.démocratie.media.net,médiadémocratiemedia.bj,PME (10-50),B2C,CCIB Annuaire,,Actif,2026-06-29T00:14:35.922501,haute
BJ-BA0A0D9A,Démocratie TV,Médias & Communication,Tchaourou,+229 55 78 63 92,,démocratietv.bj,PME (10-50),B2B,CCIB Annuaire,,Actif,2026-06-29T00:14:35.922513,moyenne
BJ-8F858A65,Télévision,Médias & Communication,Tchaourou,+229 36 32 69 77,,télévision.bj,PME (10-50),B2B,CCIB Annuaire,,Actif,2026-06-29T00:14:35.922524,moyenne
BJ-C008319C,Communication Presse Bénin,Médias & Communication,Nikki,+229 58 58 96 20,,,PME (10-50),B2C,CCIB Annuaire,,Actif,2026-06-29T00:14:35.922539,basse
BJ-C6FAB9BE,TV Radio News,Médias & Communication,Nikki,+229 49 13 58 35,tv.radio.news@tv.radio.news.org,tvradionews.bj,PME (10-50),B2B,CCIB Annuaire,,Actif,2026-06-29T00:14:35.922552,haute
BJ-AEE52C3D,Journal Télévision Media,Médias & Communication,Nikki,+229 58 24 85 92,,,TPE (<10),B2C,CCIB Annuaire,,Actif,2026-06-29T00:14:35.922566,basse
BJ-5187FDD7,Publicité Press,Médias & Communication,Nikki,+229 58 20 25 10,publicité.press@publicité.press.org,publicitépress.bj,TPE (<10),B2C,CCIB Annuaire,,Actif,2026-06-29T00:14:35.922583,haute
BJ-9AB35270,Journal Radio Africa Nikki,Médias & Communication,Nikki,+229 71 48 32 41,journal.radio.africa.nikki@journal.radio.africa.nikki.org,journalradioafricanikki.bj,PME (10-50),B2C,CCIB Annuaire,,Actif,2026-06-29T00:14:35.922596,haute
BJ-C0F28282,Liberté Africa,Médias & Communication,Bembéréké,+229 51 24 88 89,liberté.africa@liberté.africa.org,,PME (10-50),B2B,CCIB Annuaire,,Actif,2026-06-29T00:14:35.922629,moyenne
BJ-E128AFCF,TV Média Bembéréké,Médias & Communication,Bembéréké,+229 32 55 72 32,tv.média.bembéréké@tv.média.bembéréké.com,tvmédiabembéréké.bj,PME (10-50),B2B,CCIB Annuaire,,Actif,2026-06-29T00:14:35.922642,haute
BJ-9BC7E5D1,Publicité,Médias & Communication,Bembéréké,+229 68 25 37 59,publicité@publicité.net,publicité.bj,Grande (>200),B2B,CCIB Annuaire,,Actif,2026-06-29T00:14:35.922654,haute
BJ-E6C1068E,Communication National,Médias & Communication,Bembéréké,+229 60 98 71 81,,communicationnational.bj,Grande (>200),B2C,CCIB Annuaire,,Actif,2026-06-29T00:14:35.922666,moyenne
BJ-BEC5384E,Presse Télévision Bénin,Médias & Communication,Kalalé,+229 85 17 14 49,,pressetélévisionbénin.bj,TPE (<10),B2B,CCIB Annuaire,,Actif,2026-06-29T00:14:35.922683,moyenne
BJ-3DA59D9F,Information TV Kalalé,Médias & Communication,Kalalé,+229 59 40 63 11,information.tv.kalalé@information.tv.kalalé.net,informationtvkalalé.bj,PME (50-200),B2C,CCIB Annuaire,,Actif,2026-06-29T00:14:35.922695,haute
BJ-4CE1B996,Presse Communication TV,Médias & Communication,Kalalé,+229 75 34 99 85,,,PME (50-200),B2B,CCIB Annuaire,,Actif,2026-06-29T00:14:35.922706,basse
BJ-774FF8B4,Information Bénin,Médias & Communication,Kalalé,+229 70 21 10 98,information.bénin@information.bénin.com,,TPE (<10),B2C,CCIB Annuaire,,Actif,2026-06-29T00:14:35.922721,moyenne
BJ-4CFEB771,Média National Media,Médias & Communication,Kalalé,+229 42 62 67 17,,médianationalmedia.bj,PME (50-200),B2B,CCIB Annuaire,,Actif,2026-06-29T00:14:35.922732,moyenne
BJ-A6391A28,National,Médias & Communication,Ndali,+229 32 13 91 32,national@national.com,national.bj,PME (50-200),B2C,CCIB Annuaire,,Actif,2026-06-29T00:14:35.922750,haute
BJ-9B7068E2,Démocratie Africa,Médias & Communication,Ndali,+229 32 70 55 10,démocratie.africa@démocratie.africa.org,démocratieafrica.bj,TPE (<10),B2C,CCIB Annuaire,,Actif,2026-06-29T00:14:35.922762,haute
BJ-1FBBEDFA,Communication Média,Médias & Communication,Ndali,+229 22 15 72 70,communication.média@communication.média.bj,communicationmédia.bj,PME (50-200),B2C,CCIB Annuaire,,Actif,2026-06-29T00:14:35.922775,haute
BJ-3F41F198,Liberté TV,Médias & Communication,Ndali,+229 46 89 73 34,,libertétv.bj,PME (10-50),B2C,CCIB Annuaire,,Actif,2026-06-29T00:14:35.922786,moyenne
BJ-1ABFC853,TV Actualité,Médias & Communication,Ndali,+229 49 72 34 96,,,PME (10-50),B2C,CCIB Annuaire,,Actif,2026-06-29T00:14:35.922796,basse
BJ-1AE45A20,Information Africa,Médias & Communication,Ségbana,+229 88 47 20 36,,informationafrica.bj,PME (10-50),B2C,CCIB Annuaire,,Actif,2026-06-29T00:14:35.922813,moyenne
BJ-352E87BF,Média Média TV Ségbana,Médias & Communication,Ségbana,+229 41 78 50 76,média.média.tv.ségbana@média.média.tv.ségbana.bj,médiamédiatvségbana.bj,PME (50-200),B2B,CCIB Annuaire,,Actif,2026-06-29T00:14:35.922829,haute
BJ-13E7B8B9,International Press,Médias & Communication,Ségbana,+229 57 26 68 80,,internationalpress.bj,PME (10-50),B2B,CCIB Annuaire,,Actif,2026-06-29T00:14:35.922842,moyenne
BJ-E4624E50,TV Liberté Africa Ségbana,Médias & Communication,Ségbana,+229 58 23 55 90,tv.liberté.africa.ségbana@tv.liberté.africa.ségbana.org,tvlibertéafricaségbana.bj,TPE (<10),B2C,CCIB Annuaire,,Actif,2026-06-29T00:14:35.922858,haute
BJ-1B791E00,Communication Communication,Médias & Communication,Ségbana,+229 34 28 58 96,,communicationcommunication.bj,PME (10-50),B2C,CCIB Annuaire,,Actif,2026-06-29T00:14:35.922869,moyenne
BJ-8D3E62FE,International Bénin,Médias & Communication,Tchaourou,+229 58 19 41 94,,internationalbénin.bj,TPE (<10),B2C,CCIB Annuaire,,Actif,2026-06-29T00:14:35.922930,moyenne
BJ-D76CCB30,Presse Information Bénin,Médias & Communication,Tchaourou,+229 21 76 50 38,presse.information.bénin@presse.information.bénin.com,presseinformationbénin.bj,TPE (<10),B2C,CCIB Annuaire,,Actif,2026-06-29T00:14:35.922944,haute
BJ-07D64DB0,Agence National,Médias & Communication,Tchaourou,+229 24 37 92 62,agence.national@agence.national.bj,agencenational.bj,Grande (>200),B2C,CCIB Annuaire,,Actif,2026-06-29T00:14:35.922956,haute
BJ-14D83617,Communication TV Bétérou,Médias & Communication,Bétérou,+229 33 67 38 74,,communicationtvbétérou.bj,PME (10-50),B2B,CCIB Annuaire,,Actif,2026-06-29T00:14:35.922975,moyenne
BJ-132E9C13,Communication Radio,Médias & Communication,Bétérou,+229 84 34 62 73,communication.radio@communication.radio.bj,communicationradio.bj,TPE (<10),B2B,CCIB Annuaire,,Actif,2026-06-29T00:14:35.922988,haute
BJ-0537C3E2,Télévision,Médias & Communication,Bétérou,+229 26 64 85 98,télévision@télévision.bj,télévision.bj,TPE (<10),B2C,CCIB Annuaire,,Actif,2026-06-29T00:14:35.923000,haute
BJ-43967E7D,Presse,Médias & Communication,Bétérou,+229 61 92 46 77,presse@presse.com,presse.bj,Grande (>200),B2B,CCIB Annuaire,,Actif,2026-06-29T00:14:35.923015,haute
BJ-320D19C8,Radio Journal,Médias & Communication,Bétérou,+229 20 75 25 72,,radiojournal.bj,Grande (>200),B2B,CCIB Annuaire,,Actif,2026-06-29T00:14:35.923027,moyenne
BJ-94E9BEB4,Radio Journal,Médias & Communication,Ouessè,+229 58 94 22 27,radio.journal@radio.journal.benin,radiojournal.bj,PME (50-200),B2B,CCIB Annuaire,,Actif,2026-06-29T00:14:35.923046,haute
BJ-882CF0DB,Information Ouessè,Médias & Communication,Ouessè,+229 61 34 43 34,,informationouessè.bj,TPE (<10),B2B,CCIB Annuaire,,Actif,2026-06-29T00:14:35.923060,moyenne
BJ-1A400A73,Communication,Médias & Communication,Ouessè,+229 51 94 59 94,communication@communication.org,communication.bj,PME (10-50),B2B,CCIB Annuaire,,Actif,2026-06-29T00:14:35.923072,haute
BJ-1802D632,Média Liberté,Médias & Communication,Ouessè,+229 52 60 85 21,média.liberté@média.liberté.net,médialiberté.bj,Grande (>200),B2C,CCIB Annuaire,,Actif,2026-06-29T00:14:35.923088,haute
BJ-469617F6,Journal Nouvelles,Médias & Communication,Ouessè,+229 45 80 56 75,journal.nouvelles@journal.nouvelles.com,journalnouvelles.bj,TPE (<10),B2B,CCIB Annuaire,,Actif,2026-06-29T00:14:35.923100,haute
BJ-18999C92,Radio Télévision TV,Médias & Communication,Glazoué,+229 94 96 79 13,radio.télévision.tv@radio.télévision.tv.com,radiotélévisiontv.bj,PME (10-50),B2C,CCIB Annuaire,,Actif,2026-06-29T00:14:35.923119,haute
BJ-CD876145,Agence Démocratie Glazoué,Médias & Communication,Glazoué,+229 99 79 91 12,agence.démocratie.glazoué@agence.démocratie.glazoué.net,agencedémocratieglazoué.bj,PME (50-200),B2C,CCIB Annuaire,,Actif,2026-06-29T00:14:35.923132,haute
BJ-F9EC20E6,Communication Presse News,Médias & Communication,Glazoué,+229 68 74 23 93,communication.presse.news@communication.presse.news.net,communicationpressenews.bj,PME (10-50),B2C,CCIB Annuaire,,Actif,2026-06-29T00:14:35.923144,haute
BJ-2BFFDC0B,Démocratie,Médias & Communication,Glazoué,+229 26 79 90 32,démocratie@démocratie.bj,démocratie.bj,Grande (>200),B2B,CCIB Annuaire,,Actif,2026-06-29T00:14:35.923159,haute
BJ-83CC6E20,Journal International Glazoué,Médias & Communication,Glazoué,+229 36 62 53 82,,,PME (50-200),B2C,CCIB Annuaire,,Actif,2026-06-29T00:14:35.923170,basse
BJ-0EA878EF,Communication Communication Press,Médias & Communication,Dassa-Zoumè,+229 89 54 28 39,communication.communication.press@communication.communication.press.benin,communicationcommunicationpress.bj,TPE (<10),B2C,CCIB Annuaire,,Actif,2026-06-29T00:14:35.923188,haute
BJ-CE803F34,Presse Radio Africa Dassa-Zoumè,Médias & Communication,Dassa-Zoumè,+229 48 41 39 50,presse.radio.africa.dassazoumè@presse.radio.africa.dassazoumè.org,presseradioafricadassazoumè.bj,TPE (<10),B2B,CCIB Annuaire,,Actif,2026-06-29T00:14:35.923201,haute
BJ-E6FBABA0,Information Press,Médias & Communication,Dassa-Zoumè,+229 93 20 48 79,information.press@information.press.net,,Grande (>200),B2C,CCIB Annuaire,,Actif,2026-06-29T00:14:35.923213,moyenne
BJ-5B4425C5,National Africa Dassa-Zoumè,Médias & Communication,Dassa-Zoumè,+229 94 41 54 84,,nationalafricadassazoumè.bj,PME (10-50),B2C,CCIB Annuaire,,Actif,2026-06-29T00:14:35.923224,moyenne
BJ-0996EB66,Presse Actualité,Médias & Communication,Dassa-Zoumè,+229 33 33 24 52,presse.actualité@presse.actualité.net,presseactualité.bj,TPE (<10),B2B,CCIB Annuaire,,Actif,2026-06-29T00:14:35.923237,haute
BJ-FB59ADE4,Radio TV,Médias & Communication,Savalou,+229 59 36 72 24,,,PME (50-200),B2C,CCIB Annuaire,,Actif,2026-06-29T00:14:35.923252,basse
BJ-0D1DECC7,Média Démocratie Savalou,Médias & Communication,Savalou,+229 64 18 36 74,,,TPE (<10),B2C,CCIB Annuaire,,Actif,2026-06-29T00:14:35.923263,basse
BJ-066292D0,TV Radio News,Médias & Communication,Savalou,+229 98 30 60 93,,tvradionews.bj,PME (50-200),B2B,CCIB Annuaire,,Actif,2026-06-29T00:14:35.923274,moyenne
BJ-08EF0702,Communication Radio Radio,Médias & Communication,Savalou,+229 58 78 48 81,,,PME (10-50),B2B,CCIB Annuaire,,Actif,2026-06-29T00:14:35.923290,basse
BJ-C2282F5A,Communication Presse,Médias & Communication,Savalou,+229 54 51 10 75,,communicationpresse.bj,PME (10-50),B2C,CCIB Annuaire,,Actif,2026-06-29T00:14:35.923305,moyenne
BJ-059BA904,Liberté,Médias & Communication,Bantè,+229 56 18 76 28,,liberté.bj,TPE (<10),B2B,CCIB Annuaire,,Actif,2026-06-29T00:14:35.923322,moyenne
BJ-769C8D74,Presse Bénin,Médias & Communication,Bantè,+229 71 77 69 37,presse.bénin@presse.bénin.com,pressebénin.bj,Grande (>200),B2B,CCIB Annuaire,,Actif,2026-06-29T00:14:35.923334,haute
BJ-855FCC0B,Publicité Africa Bantè,Médias & Communication,Bantè,+229 90 32 27 20,publicité.africa.bantè@publicité.africa.bantè.bj,publicitéafricabantè.bj,PME (50-200),B2C,CCIB Annuaire,,Actif,2026-06-29T00:14:35.923347,haute
BJ-98CA032C,Agence National News,Médias & Communication,Bantè,+229 46 66 41 22,agence.national.news@agence.national.news.bj,agencenationalnews.bj,TPE (<10),B2C,CCIB Annuaire,,Actif,2026-06-29T00:14:35.923359,haute
BJ-4E4C3DAC,Journal Communication,Médias & Communication,Bantè,+229 43 39 10 69,journal.communication@journal.communication.bj,journalcommunication.bj,Grande (>200),B2B,CCIB Annuaire,,Actif,2026-06-29T00:14:35.923371,haute
BJ-6FCA2F82,Information Djougou,Médias & Communication,Djougou,+229 41 52 20 53,information.djougou@information.djougou.com,informationdjougou.bj,PME (10-50),B2B,CCIB Annuaire,,Actif,2026-06-29T00:14:35.923389,haute
BJ-C89D26AE,Presse Démocratie News,Médias & Communication,Djougou,+229 75 90 97 29,presse.démocratie.news@presse.démocratie.news.benin,pressedémocratienews.bj,PME (10-50),B2C,CCIB Annuaire,,Actif,2026-06-29T00:14:35.923401,haute
BJ-E4DEEA48,Communication Presse,Médias & Communication,Djougou,+229 57 61 43 64,,,TPE (<10),B2B,CCIB Annuaire,,Actif,2026-06-29T00:14:35.923411,basse
BJ-F92D55DC,Liberté,Médias & Communication,Djougou,+229 36 52 54 72,liberté@liberté.com,liberté.bj,TPE (<10),B2B,CCIB Annuaire,,Actif,2026-06-29T00:14:35.923427,haute
BJ-D7B7FCD7,Publicité Media Djougou,Médias & Communication,Djougou,+229 35 31 84 47,,publicitémediadjougou.bj,PME (10-50),B2C,CCIB Annuaire,,Actif,2026-06-29T00:14:35.923439,moyenne
BJ-C7423779,Média Démocratie Press,Médias & Communication,Ouèssè,+229 44 45 41 21,média.démocratie.press@média.démocratie.press.org,,PME (50-200),B2B,CCIB Annuaire,,Actif,2026-06-29T00:14:35.923457,moyenne
BJ-FFFE59EF,Communication Démocratie Media,Médias & Communication,Ouèssè,+229 76 89 59 69,communication.démocratie.media@communication.démocratie.media.org,communicationdémocratiemedia.bj,PME (10-50),B2C,CCIB Annuaire,,Actif,2026-06-29T00:14:35.923499,haute
BJ-B5C6F20A,Journal Publicité,Médias & Communication,Ouèssè,+229 20 56 15 37,,,Grande (>200),B2C,CCIB Annuaire,,Actif,2026-06-29T00:14:35.923510,basse
BJ-B0DE829A,Publicité,Médias & Communication,Bassila,+229 60 88 97 28,publicité@publicité.com,publicité.bj,PME (50-200),B2C,CCIB Annuaire,,Actif,2026-06-29T00:14:35.923531,haute
BJ-D3E21EDD,Média Démocratie,Médias & Communication,Bassila,+229 31 24 70 26,,médiadémocratie.bj,PME (10-50),B2C,CCIB Annuaire,,Actif,2026-06-29T00:14:35.923543,moyenne
BJ-420B350A,Média Télévision Africa Bassila,Médias & Communication,Bassila,+229 62 75 78 79,,médiatélévisionafricabassila.bj,PME (50-200),B2B,CCIB Annuaire,,Actif,2026-06-29T00:14:35.923558,moyenne
BJ-B6CE6062,Liberté,Médias & Communication,Bassila,+229 87 78 13 92,liberté@liberté.net,liberté.bj,TPE (<10),B2B,CCIB Annuaire,,Actif,2026-06-29T00:14:35.923573,haute
BJ-22B39400,Nouvelles Africa,Médias & Communication,Bassila,+229 48 97 40 66,,nouvellesafrica.bj,TPE (<10),B2C,CCIB Annuaire,,Actif,2026-06-29T00:14:35.923584,moyenne
BJ-D930AEF5,Média National Bénin Pehunco,Médias & Communication,Pehunco,+229 72 17 34 80,média.national.bénin.pehunco@média.national.bénin.pehunco.com,médianationalbéninpehunco.bj,TPE (<10),B2B,CCIB Annuaire,,Actif,2026-06-29T00:14:35.923602,haute
BJ-3BBC9F5D,National,Médias & Communication,Pehunco,+229 57 71 72 20,,national.bj,TPE (<10),B2C,CCIB Annuaire,,Actif,2026-06-29T00:14:35.923613,moyenne
BJ-AEE38ADE,Télévision,Médias & Communication,Pehunco,+229 42 81 66 14,télévision@télévision.com,télévision.bj,TPE (<10),B2B,CCIB Annuaire,,Actif,2026-06-29T00:14:35.923628,haute
BJ-C0938D49,International Communication,Médias & Communication,Pehunco,+229 48 85 95 39,,,TPE (<10),B2C,CCIB Annuaire,,Actif,2026-06-29T00:14:35.923639,basse
BJ-22A498E8,Agence Télévision Radio,Médias & Communication,Pehunco,+229 93 85 53 91,,agencetélévisionradio.bj,Grande (>200),B2C,CCIB Annuaire,,Actif,2026-06-29T00:14:35.923650,moyenne
BJ-0B1111CF,Démocratie,Médias & Communication,Copargo,+229 30 20 81 60,démocratie@démocratie.bj,démocratie.bj,PME (10-50),B2C,CCIB Annuaire,,Actif,2026-06-29T00:14:35.923667,haute
BJ-2B73CAD1,Communication News,Médias & Communication,Copargo,+229 47 14 92 52,,communicationnews.bj,PME (50-200),B2B,CCIB Annuaire,,Actif,2026-06-29T00:14:35.923679,moyenne
BJ-4B334F04,Actualité Copargo,Médias & Communication,Copargo,+229 98 47 63 75,actualité.copargo@actualité.copargo.com,actualitécopargo.bj,Grande (>200),B2C,CCIB Annuaire,,Actif,2026-06-29T00:14:35.923691,haute
BJ-A1B5C69B,Information,Médias & Communication,Copargo,+229 94 81 45 22,information@information.org,information.bj,TPE (<10),B2C,CCIB Annuaire,,Actif,2026-06-29T00:14:35.923706,haute
BJ-D11DCC2B,Nouvelles,Médias & Communication,Copargo,+229 22 35 91 88,nouvelles@nouvelles.benin,nouvelles.bj,PME (10-50),B2C,CCIB Annuaire,,Actif,2026-06-29T00:14:35.923718,haute
BJ-80CFC0A1,Société Social Bénin,ONG & Associations,Cotonou,+229 24 33 59 90,,,TPE (<10),B2B,CCIB Annuaire,,Actif,2026-06-29T00:14:35.923735,basse
BJ-68F44503,Social Fondation Cotonou,ONG & Associations,Cotonou,+229 36 85 93 55,,socialfondationcotonou.bj,PME (50-200),B2B,CCIB Annuaire,,Actif,2026-06-29T00:14:35.923747,moyenne
BJ-7575A906,Développement Cotonou,ONG & Associations,Cotonou,+229 21 27 37 81,,,Grande (>200),B2C,CCIB Annuaire,,Actif,2026-06-29T00:14:35.923757,basse
BJ-5D49C945,Fondation Culture,ONG & Associations,Cotonou,+229 21 41 15 84,fondation.culture@fondation.culture.net,,TPE (<10),B2C,CCIB Annuaire,,Actif,2026-06-29T00:14:35.923772,moyenne
BJ-F7CDCAF0,Développement,ONG & Associations,Cotonou,+229 71 79 42 84,,,PME (10-50),B2B,CCIB Annuaire,,Actif,2026-06-29T00:14:35.923783,basse
BJ-DAE39091,Environnement International,ONG & Associations,Abomey-Calavi,+229 59 81 99 54,,environnementinternational.bj,PME (10-50),B2C,CCIB Annuaire,,Actif,2026-06-29T00:14:35.923800,moyenne
BJ-B995D576,Fondation Sport,ONG & Associations,Abomey-Calavi,+229 59 97 10 36,fondation.sport@fondation.sport.net,,TPE (<10),B2B,CCIB Annuaire,,Actif,2026-06-29T00:14:35.923811,moyenne
BJ-D8004BE6,Solidarité,ONG & Associations,Abomey-Calavi,+229 37 86 66 91,,,PME (10-50),B2C,CCIB Annuaire,,Actif,2026-06-29T00:14:35.923822,basse
BJ-3C5DDF9E,Club Développement,ONG & Associations,Abomey-Calavi,+229 46 27 48 73,club.développement@club.développement.benin,,TPE (<10),B2C,CCIB Annuaire,,Actif,2026-06-29T00:14:35.923836,moyenne
BJ-6EE9A02A,Association Sport,ONG & Associations,Abomey-Calavi,+229 73 45 24 87,association.sport@association.sport.bj,associationsport.bj,TPE (<10),B2B,CCIB Annuaire,,Actif,2026-06-29T00:14:35.923848,haute
BJ-D38B0326,Développement Bénin,ONG & Associations,Porto-Novo,+229 94 59 91 26,,développementbénin.bj,PME (50-200),B2B,CCIB Annuaire,,Actif,2026-06-29T00:14:35.923869,moyenne
BJ-C391E47A,Humanitaire,ONG & Associations,Porto-Novo,+229 75 37 72 33,humanitaire@humanitaire.net,,PME (50-200),B2C,CCIB Annuaire,,Actif,2026-06-29T00:14:35.923880,moyenne
BJ-BA4CA880,ONG Jeunesse Organisation Porto-Novo,ONG & Associations,Porto-Novo,+229 28 18 89 23,ong.jeunesse.organisation.portonovo@ong.jeunesse.organisation.portonovo.net,ongjeunesseorganisationportonovo.bj,PME (10-50),B2C,CCIB Annuaire,,Actif,2026-06-29T00:14:35.923903,haute
BJ-DE155DA8,ONG Droits Association,ONG & Associations,Porto-Novo,+229 58 56 39 90,,ongdroitsassociation.bj,PME (10-50),B2B,CCIB Annuaire,,Actif,2026-06-29T00:14:35.923915,moyenne
BJ-48D131E8,Club Femme Africa,ONG & Associations,Porto-Novo,+229 56 79 90 44,club.femme.africa@club.femme.africa.org,clubfemmeafrica.bj,PME (10-50),B2C,CCIB Annuaire,,Actif,2026-06-29T00:14:35.923927,haute
BJ-C8BA162B,ONG Droits ONG,ONG & Associations,Parakou,+229 79 98 97 70,,,TPE (<10),B2C,CCIB Annuaire,,Actif,2026-06-29T00:14:35.923943,basse
BJ-6DFA83CA,Association Développement,ONG & Associations,Parakou,+229 88 94 15 99,association.développement@association.développement.net,associationdéveloppement.bj,TPE (<10),B2C,CCIB Annuaire,,Actif,2026-06-29T00:14:35.923956,haute
BJ-2F81DCE0,Club Droits,ONG & Associations,Parakou,+229 44 20 75 86,,,PME (50-200),B2C,CCIB Annuaire,,Actif,2026-06-29T00:14:35.923966,basse
BJ-413D404F,Femme Parakou,ONG & Associations,Parakou,+229 36 82 63 52,femme.parakou@femme.parakou.org,,TPE (<10),B2C,CCIB Annuaire,,Actif,2026-06-29T00:14:35.923984,moyenne
BJ-EFCED133,Organisation Humanitaire ONG,ONG & Associations,Parakou,+229 26 82 20 26,organisation.humanitaire.ong@organisation.humanitaire.ong.bj,organisationhumanitaireong.bj,PME (10-50),B2C,CCIB Annuaire,,Actif,2026-06-29T00:14:35.923997,haute
BJ-5E269DF1,Société Enfant,ONG & Associations,Bohicon,+229 68 89 73 50,société.enfant@société.enfant.bj,,PME (10-50),B2C,CCIB Annuaire,,Actif,2026-06-29T00:14:35.924014,moyenne
BJ-E2BFC980,Éducation Africa,ONG & Associations,Bohicon,+229 68 53 15 71,éducation.africa@éducation.africa.com,,Grande (>200),B2B,CCIB Annuaire,,Actif,2026-06-29T00:14:35.924029,moyenne
BJ-1C526695,Éducation Fondation,ONG & Associations,Bohicon,+229 82 56 34 98,éducation.fondation@éducation.fondation.bj,éducationfondation.bj,PME (10-50),B2C,CCIB Annuaire,,Actif,2026-06-29T00:14:35.924042,haute
BJ-917DFA2B,Aide,ONG & Associations,Bohicon,+229 30 71 39 51,aide@aide.org,,TPE (<10),B2B,CCIB Annuaire,,Actif,2026-06-29T00:14:35.924053,moyenne
BJ-C01231C9,Développement,ONG & Associations,Bohicon,+229 43 93 27 86,développement@développement.com,développement.bj,PME (10-50),B2B,CCIB Annuaire,,Actif,2026-06-29T00:14:35.924066,haute
BJ-D9FA9A91,Fondation Développement International Natitingou,ONG & Associations,Natitingou,+229 96 55 30 31,fondation.développement.international.natitingou@fondation.développement.international.natitingou.org,,TPE (<10),B2B,CCIB Annuaire,,Actif,2026-06-29T00:14:35.924086,moyenne
BJ-FF1EF458,Fondation Sport Organisation,ONG & Associations,Natitingou,+229 57 32 87 61,fondation.sport.organisation@fondation.sport.organisation.benin,fondationsportorganisation.bj,TPE (<10),B2C,CCIB Annuaire,,Actif,2026-06-29T00:14:35.924098,haute
BJ-E64061A4,Association Développement Natitingou,ONG & Associations,Natitingou,+229 76 29 75 39,,,PME (10-50),B2B,CCIB Annuaire,,Actif,2026-06-29T00:14:35.924109,basse
BJ-04DF7769,Humanitaire ONG,ONG & Associations,Natitingou,+229 73 14 85 59,,humanitaireong.bj,PME (10-50),B2B,CCIB Annuaire,,Actif,2026-06-29T00:14:35.924123,moyenne
BJ-A0D16B82,Association Enfant,ONG & Associations,Natitingou,+229 69 83 90 85,,,PME (10-50),B2B,CCIB Annuaire,,Actif,2026-06-29T00:14:35.924134,basse
BJ-B5B42721,Aide Association,ONG & Associations,Lokossa,+229 80 91 95 92,,,PME (10-50),B2B,CCIB Annuaire,,Actif,2026-06-29T00:14:35.924161,basse
BJ-299C97DB,Environnement Lokossa,ONG & Associations,Lokossa,+229 28 71 45 26,,,PME (50-200),B2B,CCIB Annuaire,,Actif,2026-06-29T00:14:35.924171,basse
BJ-F4E83DCD,ONG Culture,ONG & Associations,Lokossa,+229 46 21 75 20,,,TPE (<10),B2B,CCIB Annuaire,,Actif,2026-06-29T00:14:35.924181,basse
BJ-69CA573C,Organisation Humanitaire Organisation Lokossa,ONG & Associations,Lokossa,+229 65 86 82 34,,,PME (10-50),B2B,CCIB Annuaire,,Actif,2026-06-29T00:14:35.924191,basse
BJ-FD823DE6,Association Sport Africa,ONG & Associations,Ouidah,+229 64 79 45 65,association.sport.africa@association.sport.africa.net,associationsportafrica.bj,PME (50-200),B2B,CCIB Annuaire,,Actif,2026-06-29T00:14:35.924208,haute
BJ-7DAD6EDA,Solidarité Africa,ONG & Associations,Ouidah,+229 97 36 90 54,solidarité.africa@solidarité.africa.bj,,PME (10-50),B2C,CCIB Annuaire,,Actif,2026-06-29T00:14:35.924220,moyenne
BJ-E61C3CD7,Santé,ONG & Associations,Ouidah,+229 35 98 92 85,,,Grande (>200),B2C,CCIB Annuaire,,Actif,2026-06-29T00:14:35.924230,basse
BJ-3EB2BCE8,Humanitaire ONG Ouidah,ONG & Associations,Ouidah,+229 33 63 94 93,,,TPE (<10),B2B,CCIB Annuaire,,Actif,2026-06-29T00:14:35.924246,basse
BJ-BC63EAAD,ONG Enfant,ONG & Associations,Ouidah,+229 62 31 40 66,ong.enfant@ong.enfant.com,,Grande (>200),B2B,CCIB Annuaire,,Actif,2026-06-29T00:14:35.924258,moyenne
BJ-8216B4FE,Humanitaire Fondation,ONG & Associations,Savalou,+229 93 24 90 90,,,TPE (<10),B2C,CCIB Annuaire,,Actif,2026-06-29T00:14:35.924273,basse
BJ-D81A5AAD,Jeunesse Savalou,ONG & Associations,Savalou,+229 89 44 90 74,,jeunessesavalou.bj,TPE (<10),B2B,CCIB Annuaire,,Actif,2026-06-29T00:14:35.924284,moyenne
BJ-867B14F6,Association Culture Bénin,ONG & Associations,Savalou,+229 60 12 82 89,association.culture.bénin@association.culture.bénin.benin,associationculturebénin.bj,TPE (<10),B2C,CCIB Annuaire,,Actif,2026-06-29T00:14:35.924297,haute
BJ-72608AE0,Société Aide,ONG & Associations,Savalou,+229 40 46 78 42,,sociétéaide.bj,TPE (<10),B2B,CCIB Annuaire,,Actif,2026-06-29T00:14:35.924308,moyenne
BJ-9EE09F72,Sport ONG Savalou,ONG & Associations,Savalou,+229 42 90 28 88,,,PME (10-50),B2C,CCIB Annuaire,,Actif,2026-06-29T00:14:35.924318,basse
BJ-52115A62,Association Développement Association Dassa-Zoumè,ONG & Associations,Dassa-Zoumè,+229 46 72 66 75,association.développement.association.dassazoumè@association.développement.association.dassazoumè.com,,TPE (<10),B2B,CCIB Annuaire,,Actif,2026-06-29T00:14:35.924337,moyenne
BJ-7615A94B,ONG Environnement,ONG & Associations,Dassa-Zoumè,+229 78 35 70 28,ong.environnement@ong.environnement.org,ongenvironnement.bj,TPE (<10),B2C,CCIB Annuaire,,Actif,2026-06-29T00:14:35.924353,haute
BJ-56047EBE,Humanitaire,ONG & Associations,Dassa-Zoumè,+229 73 86 86 57,,,PME (10-50),B2C,CCIB Annuaire,,Actif,2026-06-29T00:14:35.924363,basse
BJ-A8BC45BC,Éducation Organisation,ONG & Associations,Dassa-Zoumè,+229 86 33 89 57,,éducationorganisation.bj,PME (10-50),B2C,CCIB Annuaire,,Actif,2026-06-29T00:14:35.924377,moyenne
BJ-DD2349F1,Sport,ONG & Associations,Kétou,+229 89 91 47 56,sport@sport.org,sport.bj,PME (10-50),B2B,CCIB Annuaire,,Actif,2026-06-29T00:14:35.924406,haute
BJ-795952A4,ONG Développement ONG,ONG & Associations,Kétou,+229 35 48 15 39,,ongdéveloppementong.bj,TPE (<10),B2C,CCIB Annuaire,,Actif,2026-06-29T00:14:35.924418,moyenne
BJ-D1F68F2F,Enfant Bénin Kétou,ONG & Associations,Kétou,+229 55 18 99 38,,,PME (50-200),B2C,CCIB Annuaire,,Actif,2026-06-29T00:14:35.924429,basse
BJ-B8D28F58,Aide Association,ONG & Associations,Kétou,+229 60 13 52 23,aide.association@aide.association.net,aideassociation.bj,PME (50-200),B2B,CCIB Annuaire,,Actif,2026-06-29T00:14:35.924441,haute
BJ-83A57E27,Éducation Association Kétou,ONG & Associations,Kétou,+229 43 33 87 53,éducation.association.kétou@éducation.association.kétou.com,,TPE (<10),B2B,CCIB Annuaire,,Actif,2026-06-29T00:14:35.924457,moyenne
BJ-C212BFB0,Enfant Covè,ONG & Associations,Covè,+229 47 72 36 90,,,PME (10-50),B2C,CCIB Annuaire,,Actif,2026-06-29T00:14:35.924473,basse
BJ-B208CC4E,ONG Santé,ONG & Associations,Covè,+229 21 51 14 90,ong.santé@ong.santé.com,ongsanté.bj,PME (50-200),B2B,CCIB Annuaire,,Actif,2026-06-29T00:14:35.924486,haute
BJ-927F9B2C,ONG Éducation ONG,ONG & Associations,Covè,+229 40 62 40 30,,,TPE (<10),B2B,CCIB Annuaire,,Actif,2026-06-29T00:14:35.924496,basse
BJ-31663C2E,Sport Fondation,ONG & Associations,Covè,+229 47 70 41 24,sport.fondation@sport.fondation.com,sportfondation.bj,PME (10-50),B2B,CCIB Annuaire,,Actif,2026-06-29T00:14:35.924510,haute
BJ-1B4DDF7A,Solidarité,ONG & Associations,Covè,+229 77 74 93 35,,solidarité.bj,PME (10-50),B2C,CCIB Annuaire,,Actif,2026-06-29T00:14:35.924522,moyenne
BJ-08CD77F7,Sport Africa,ONG & Associations,Pobè,+229 27 89 47 22,,,PME (10-50),B2B,CCIB Annuaire,,Actif,2026-06-29T00:14:35.924538,basse
BJ-D729A7F4,Sport International,ONG & Associations,Pobè,+229 96 77 77 29,,sportinternational.bj,PME (10-50),B2B,CCIB Annuaire,,Actif,2026-06-29T00:14:35.924549,moyenne
BJ-A58094BC,Humanitaire ONG,ONG & Associations,Pobè,+229 41 15 93 65,,,Grande (>200),B2B,CCIB Annuaire,,Actif,2026-06-29T00:14:35.924560,basse
BJ-9B4032B0,Droits International,ONG & Associations,Pobè,+229 71 51 60 24,droits.international@droits.international.org,droitsinternational.bj,PME (10-50),B2B,CCIB Annuaire,,Actif,2026-06-29T00:14:35.924571,haute
BJ-A2A6ECB9,ONG Social International Pobè,ONG & Associations,Pobè,+229 46 78 18 70,,,PME (50-200),B2C,CCIB Annuaire,,Actif,2026-06-29T00:14:35.924582,basse
BJ-E5D71551,Fondation Social,ONG & Associations,Sakété,+229 31 74 98 20,fondation.social@fondation.social.bj,fondationsocial.bj,PME (10-50),B2B,CCIB Annuaire,,Actif,2026-06-29T00:14:35.924598,haute
BJ-4AD98F53,Association Enfant Africa,ONG & Associations,Sakété,+229 34 29 20 53,,associationenfantafrica.bj,TPE (<10),B2C,CCIB Annuaire,,Actif,2026-06-29T00:14:35.924609,moyenne
BJ-9B87D150,Aide Africa,ONG & Associations,Sakété,+229 49 62 78 74,aide.africa@aide.africa.bj,,PME (10-50),B2C,CCIB Annuaire,,Actif,2026-06-29T00:14:35.924621,moyenne
BJ-E04144C3,Organisation Environnement Africa,ONG & Associations,Sakété,+229 66 27 25 65,,organisationenvironnementafrica.bj,Grande (>200),B2C,CCIB Annuaire,,Actif,2026-06-29T00:14:35.924635,moyenne
BJ-49101118,Sport Organisation,ONG & Associations,Sakété,+229 67 57 33 27,sport.organisation@sport.organisation.org,,PME (10-50),B2C,CCIB Annuaire,,Actif,2026-06-29T00:14:35.924647,moyenne
BJ-A34DCED7,Femme,ONG & Associations,Adjara,+229 36 58 27 27,femme@femme.org,,Grande (>200),B2C,CCIB Annuaire,,Actif,2026-06-29T00:14:35.924667,moyenne
BJ-133D60F4,Société Femme,ONG & Associations,Adjara,+229 99 59 22 61,société.femme@société.femme.benin,,TPE (<10),B2B,CCIB Annuaire,,Actif,2026-06-29T00:14:35.924683,moyenne
BJ-299DBACA,Société Environnement,ONG & Associations,Adjara,+229 74 73 63 13,société.environnement@société.environnement.com,,PME (50-200),B2B,CCIB Annuaire,,Actif,2026-06-29T00:14:35.924696,moyenne
BJ-3DAABBFF,Éducation Bénin,ONG & Associations,Adjara,+229 22 83 65 78,éducation.bénin@éducation.bénin.org,,TPE (<10),B2C,CCIB Annuaire,,Actif,2026-06-29T00:14:35.924708,moyenne
BJ-D8866124,ONG Humanitaire Fondation,ONG & Associations,Adjara,+229 74 72 30 64,ong.humanitaire.fondation@ong.humanitaire.fondation.org,,PME (50-200),B2B,CCIB Annuaire,,Actif,2026-06-29T00:14:35.924719,moyenne
BJ-8694F686,Éducation Allada,ONG & Associations,Allada,+229 38 63 59 57,,,PME (10-50),B2C,CCIB Annuaire,,Actif,2026-06-29T00:14:35.924735,basse
BJ-6480B045,Culture,ONG & Associations,Allada,+229 33 48 60 14,,culture.bj,PME (10-50),B2B,CCIB Annuaire,,Actif,2026-06-29T00:14:35.924746,moyenne
BJ-F76C370C,Éducation,ONG & Associations,Allada,+229 88 42 94 80,,,TPE (<10),B2B,CCIB Annuaire,,Actif,2026-06-29T00:14:35.924756,basse
BJ-9878276B,Fondation Santé Africa,ONG & Associations,Allada,+229 73 43 66 67,fondation.santé.africa@fondation.santé.africa.benin,fondationsantéafrica.bj,PME (50-200),B2B,CCIB Annuaire,,Actif,2026-06-29T00:14:35.924772,haute
BJ-DA5E0D45,Aide,ONG & Associations,Allada,+229 68 80 54 79,,aide.bj,TPE (<10),B2C,CCIB Annuaire,,Actif,2026-06-29T00:14:35.924783,moyenne
BJ-8727DD2D,Éducation,ONG & Associations,Aplahoué,+229 62 32 55 63,éducation@éducation.benin,,PME (10-50),B2B,CCIB Annuaire,,Actif,2026-06-29T00:14:35.924800,moyenne
BJ-065CF9BE,ONG Aide Association,ONG & Associations,Aplahoué,+229 22 65 31 76,,,TPE (<10),B2B,CCIB Annuaire,,Actif,2026-06-29T00:14:35.924811,basse
BJ-57AEB321,ONG Jeunesse Association,ONG & Associations,Aplahoué,+229 86 39 37 42,,,PME (10-50),B2B,CCIB Annuaire,,Actif,2026-06-29T00:14:35.924822,basse
BJ-10DB4C99,Fondation Social Fondation,ONG & Associations,Aplahoué,+229 59 46 74 41,,,TPE (<10),B2B,CCIB Annuaire,,Actif,2026-06-29T00:14:35.924832,basse
BJ-AD91F24B,ONG Enfant,ONG & Associations,Aplahoué,+229 23 59 50 81,ong.enfant@ong.enfant.com,,TPE (<10),B2B,CCIB Annuaire,,Actif,2026-06-29T00:14:35.924843,moyenne
BJ-5187A392,Enfant Organisation,ONG & Associations,Dogbo-Tota,+229 78 33 94 58,enfant.organisation@enfant.organisation.bj,,PME (50-200),B2C,CCIB Annuaire,,Actif,2026-06-29T00:14:35.924862,moyenne
BJ-638EC980,Association Sport,ONG & Associations,Dogbo-Tota,+229 99 34 59 88,,associationsport.bj,PME (10-50),B2C,CCIB Annuaire,,Actif,2026-06-29T00:14:35.924873,moyenne
BJ-17F15C63,Développement International Dogbo-Tota,ONG & Associations,Dogbo-Tota,+229 76 85 57 83,,,PME (50-200),B2B,CCIB Annuaire,,Actif,2026-06-29T00:14:35.924884,basse
BJ-EB610B54,Enfant,ONG & Associations,Dogbo-Tota,+229 69 47 46 87,,,TPE (<10),B2B,CCIB Annuaire,,Actif,2026-06-29T00:14:35.924933,basse
BJ-77F064F6,Fondation Social Dogbo-Tota,ONG & Associations,Dogbo-Tota,+229 49 22 39 42,,fondationsocialdogbotota.bj,PME (10-50),B2C,CCIB Annuaire,,Actif,2026-06-29T00:14:35.924947,moyenne
BJ-DF07A820,Organisation Solidarité Africa,ONG & Associations,Kpomassè,+229 70 64 13 30,,,PME (10-50),B2B,CCIB Annuaire,,Actif,2026-06-29T00:14:35.924964,basse
BJ-85EE8060,Société Sport Africa,ONG & Associations,Kpomassè,+229 80 74 88 82,société.sport.africa@société.sport.africa.org,,PME (10-50),B2B,CCIB Annuaire,,Actif,2026-06-29T00:14:35.924987,moyenne
BJ-7D3328A7,Développement Kpomassè,ONG & Associations,Kpomassè,+229 35 88 96 17,développement.kpomassè@développement.kpomassè.benin,développementkpomassè.bj,PME (10-50),B2C,CCIB Annuaire,,Actif,2026-06-29T00:14:35.925001,haute
BJ-142B3C60,Fondation Culture Fondation,ONG & Associations,Kpomassè,+229 83 93 77 36,,fondationculturefondation.bj,Grande (>200),B2C,CCIB Annuaire,,Actif,2026-06-29T00:14:35.925012,moyenne
BJ-43F0B9A6,Club Sport,ONG & Associations,Tori-Bossito,+229 47 62 74 97,,clubsport.bj,TPE (<10),B2C,CCIB Annuaire,,Actif,2026-06-29T00:14:35.925028,moyenne
BJ-57D05859,Jeunesse Tori-Bossito,ONG & Associations,Tori-Bossito,+229 89 48 95 12,jeunesse.toribossito@jeunesse.toribossito.benin,,Grande (>200),B2C,CCIB Annuaire,,Actif,2026-06-29T00:14:35.925040,moyenne
BJ-4A096F81,Société Développement Fondation,ONG & Associations,Tori-Bossito,+229 97 20 59 81,société.développement.fondation@société.développement.fondation.net,,TPE (<10),B2C,CCIB Annuaire,,Actif,2026-06-29T00:14:35.925056,moyenne
BJ-4DD814BE,Droits,ONG & Associations,Tori-Bossito,+229 73 54 56 71,droits@droits.net,,PME (50-200),B2B,CCIB Annuaire,,Actif,2026-06-29T00:14:35.925070,moyenne
BJ-BBB3D6D6,Club Santé Africa,ONG & Associations,Tori-Bossito,+229 59 70 21 93,,,Grande (>200),B2C,CCIB Annuaire,,Actif,2026-06-29T00:14:35.925081,basse
BJ-89065DD9,Culture Fondation,ONG & Associations,Grand-Popo,+229 73 30 67 74,,,PME (10-50),B2B,CCIB Annuaire,,Actif,2026-06-29T00:14:35.925097,basse
BJ-17EF3E20,Fondation Éducation Association,ONG & Associations,Grand-Popo,+229 63 30 77 53,,fondationéducationassociation.bj,TPE (<10),B2C,CCIB Annuaire,,Actif,2026-06-29T00:14:35.925109,moyenne
BJ-858006DB,Aide,ONG & Associations,Grand-Popo,+229 88 46 59 59,,,PME (10-50),B2C,CCIB Annuaire,,Actif,2026-06-29T00:14:35.925119,basse
BJ-1342819D,Sport,ONG & Associations,Grand-Popo,+229 87 26 79 53,,sport.bj,PME (50-200),B2B,CCIB Annuaire,,Actif,2026-06-29T00:14:35.925131,moyenne
BJ-3A954F05,ONG Sport,ONG & Associations,Grand-Popo,+229 69 93 62 16,ong.sport@ong.sport.com,,PME (10-50),B2C,CCIB Annuaire,,Actif,2026-06-29T00:14:35.925142,moyenne
BJ-E65CA217,Enfant ONG,ONG & Associations,Athiémé,+229 50 30 92 78,,enfantong.bj,TPE (<10),B2C,CCIB Annuaire,,Actif,2026-06-29T00:14:35.925162,moyenne
BJ-0CF9EB91,Fondation Droits,ONG & Associations,Athiémé,+229 96 58 27 54,fondation.droits@fondation.droits.bj,,PME (50-200),B2B,CCIB Annuaire,,Actif,2026-06-29T00:14:35.925173,moyenne
BJ-1044BD9D,Santé ONG,ONG & Associations,Athiémé,+229 24 82 54 11,,,Grande (>200),B2B,CCIB Annuaire,,Actif,2026-06-29T00:14:35.925184,basse
BJ-7E04E7C0,Jeunesse International,ONG & Associations,Athiémé,+229 82 82 72 42,,,PME (50-200),B2B,CCIB Annuaire,,Actif,2026-06-29T00:14:35.925197,basse
BJ-E36C77D9,Solidarité,ONG & Associations,Athiémé,+229 84 49 59 75,,,TPE (<10),B2C,CCIB Annuaire,,Actif,2026-06-29T00:14:35.925209,basse
BJ-D7165CD6,Social Organisation,ONG & Associations,Bopa,+229 57 81 36 44,,,PME (10-50),B2C,CCIB Annuaire,,Actif,2026-06-29T00:14:35.925225,basse
BJ-4EE07DE8,Culture,ONG & Associations,Bopa,+229 31 72 31 34,,culture.bj,TPE (<10),B2B,CCIB Annuaire,,Actif,2026-06-29T00:14:35.925235,moyenne
BJ-52D10FA2,Développement Africa,ONG & Associations,Bopa,+229 41 57 97 68,,,TPE (<10),B2B,CCIB Annuaire,,Actif,2026-06-29T00:14:35.925245,basse
BJ-F1B446D6,Culture Africa,ONG & Associations,Bopa,+229 79 49 15 19,,,TPE (<10),B2B,CCIB Annuaire,,Actif,2026-06-29T00:14:35.925256,basse
BJ-26057D3B,Éducation,ONG & Associations,Bopa,+229 89 33 76 85,éducation@éducation.bj,,PME (10-50),B2C,CCIB Annuaire,,Actif,2026-06-29T00:14:35.925267,moyenne
BJ-4D265F56,Association Éducation,ONG & Associations,Houéyogbé,+229 91 45 82 41,association.éducation@association.éducation.org,,PME (10-50),B2C,CCIB Annuaire,,Actif,2026-06-29T00:14:35.925285,moyenne
BJ-BB2B84AB,Droits Bénin Houéyogbé,ONG & Associations,Houéyogbé,+229 81 89 14 21,,,TPE (<10),B2C,CCIB Annuaire,,Actif,2026-06-29T00:14:35.925296,basse
BJ-860FA81B,Social,ONG & Associations,Houéyogbé,+229 79 23 98 29,social@social.bj,,PME (50-200),B2C,CCIB Annuaire,,Actif,2026-06-29T00:14:35.925307,moyenne
BJ-1F74640D,Santé Houéyogbé,ONG & Associations,Houéyogbé,+229 85 51 90 73,santé.houéyogbé@santé.houéyogbé.net,santéhouéyogbé.bj,PME (10-50),B2C,CCIB Annuaire,,Actif,2026-06-29T00:14:35.925324,haute
BJ-26F3339C,Organisation Développement Houéyogbé,ONG & Associations,Houéyogbé,+229 36 76 20 14,organisation.développement.houéyogbé@organisation.développement.houéyogbé.org,,TPE (<10),B2B,CCIB Annuaire,,Actif,2026-06-29T00:14:35.925337,moyenne
BJ-EC7FEF87,Enfant Bénin,ONG & Associations,Malanville,+229 66 20 92 32,enfant.bénin@enfant.bénin.net,,PME (10-50),B2C,CCIB Annuaire,,Actif,2026-06-29T00:14:35.925354,moyenne
BJ-25C99E95,Société Jeunesse,ONG & Associations,Malanville,+229 33 82 81 50,société.jeunesse@société.jeunesse.net,sociétéjeunesse.bj,TPE (<10),B2B,CCIB Annuaire,,Actif,2026-06-29T00:14:35.925367,haute
BJ-D1400534,Organisation Développement Organisation,ONG & Associations,Malanville,+229 35 23 83 32,,,TPE (<10),B2B,CCIB Annuaire,,Actif,2026-06-29T00:14:35.925377,basse
BJ-CA384422,Société Solidarité Organisation,ONG & Associations,Malanville,+229 49 67 29 74,société.solidarité.organisation@société.solidarité.organisation.net,,TPE (<10),B2B,CCIB Annuaire,,Actif,2026-06-29T00:14:35.925395,moyenne
BJ-BE4ED3C1,Santé ONG Malanville,ONG & Associations,Malanville,+229 61 51 72 32,santé.ong.malanville@santé.ong.malanville.net,,PME (50-200),B2B,CCIB Annuaire,,Actif,2026-06-29T00:14:35.925408,moyenne
BJ-DB0ACCC2,Club Aide Africa,ONG & Associations,Kandi,+229 80 15 64 99,,clubaideafrica.bj,TPE (<10),B2B,CCIB Annuaire,,Actif,2026-06-29T00:14:35.925425,moyenne
BJ-0C970D53,Sport International,ONG & Associations,Kandi,+229 54 54 34 20,,,Grande (>200),B2C,CCIB Annuaire,,Actif,2026-06-29T00:14:35.925435,basse
BJ-DA72F256,Société Développement Fondation,ONG & Associations,Kandi,+229 64 74 14 98,société.développement.fondation@société.développement.fondation.benin,sociétédéveloppementfondation.bj,TPE (<10),B2C,CCIB Annuaire,,Actif,2026-06-29T00:14:35.925451,haute
BJ-54E7EA81,Fondation Aide Association,ONG & Associations,Kandi,+229 92 48 44 45,fondation.aide.association@fondation.aide.association.org,fondationaideassociation.bj,PME (10-50),B2B,CCIB Annuaire,,Actif,2026-06-29T00:14:35.925469,haute
BJ-3F5C062E,ONG Social International,ONG & Associations,Kandi,+229 22 38 60 19,,ongsocialinternational.bj,PME (50-200),B2B,CCIB Annuaire,,Actif,2026-06-29T00:14:35.925480,moyenne
BJ-0663DD2E,Humanitaire Organisation,ONG & Associations,Banikoara,+229 48 77 49 65,humanitaire.organisation@humanitaire.organisation.benin,,PME (50-200),B2B,CCIB Annuaire,,Actif,2026-06-29T00:14:35.925497,moyenne
BJ-53F2ABD6,Éducation,ONG & Associations,Banikoara,+229 82 48 94 81,,,TPE (<10),B2C,CCIB Annuaire,,Actif,2026-06-29T00:14:35.925508,basse
BJ-08825CB0,Club Droits,ONG & Associations,Banikoara,+229 32 44 18 57,club.droits@club.droits.bj,,PME (50-200),B2C,CCIB Annuaire,,Actif,2026-06-29T00:14:35.925519,moyenne
BJ-606E24DA,Santé Bénin,ONG & Associations,Banikoara,+229 35 50 72 58,santé.bénin@santé.bénin.org,,PME (10-50),B2B,CCIB Annuaire,,Actif,2026-06-29T00:14:35.925531,moyenne
BJ-3E918453,Santé,ONG & Associations,Banikoara,+229 74 69 84 83,,santé.bj,PME (10-50),B2B,CCIB Annuaire,,Actif,2026-06-29T00:14:35.925542,moyenne
BJ-C776C951,Solidarité Fondation,ONG & Associations,Ségbana,+229 68 50 64 54,solidarité.fondation@solidarité.fondation.net,,PME (10-50),B2B,CCIB Annuaire,,Actif,2026-06-29T00:14:35.925558,moyenne
BJ-B8C86659,Enfant ONG,ONG & Associations,Ségbana,+229 48 72 26 29,enfant.ong@enfant.ong.net,,PME (10-50),B2C,CCIB Annuaire,,Actif,2026-06-29T00:14:35.925570,moyenne
BJ-CB72763B,Solidarité,ONG & Associations,Ségbana,+229 43 26 43 15,solidarité@solidarité.net,,TPE (<10),B2B,CCIB Annuaire,,Actif,2026-06-29T00:14:35.925582,moyenne
BJ-31126AEB,Société Éducation Organisation Ségbana,ONG & Associations,Ségbana,+229 71 34 74 40,société.éducation.organisation.ségbana@société.éducation.organisation.ségbana.org,,PME (10-50),B2B,CCIB Annuaire,,Actif,2026-06-29T00:14:35.925597,moyenne
BJ-537098EC,Association Éducation Fondation,ONG & Associations,Ségbana,+229 63 64 82 30,,associationéducationfondation.bj,Grande (>200),B2C,CCIB Annuaire,,Actif,2026-06-29T00:14:35.925609,moyenne
BJ-6283B613,ONG Santé Bénin,ONG & Associations,Karimama,+229 30 31 94 96,,,PME (10-50),B2C,CCIB Annuaire,,Actif,2026-06-29T00:14:35.925626,basse
BJ-D5D27689,Droits Karimama,ONG & Associations,Karimama,+229 54 60 38 50,,,PME (10-50),B2C,CCIB Annuaire,,Actif,2026-06-29T00:14:35.925650,basse
BJ-48C65D69,Humanitaire,ONG & Associations,Karimama,+229 95 16 56 36,,humanitaire.bj,PME (50-200),B2B,CCIB Annuaire,,Actif,2026-06-29T00:14:35.925661,moyenne
BJ-5DC819EB,Social,ONG & Associations,Karimama,+229 81 29 41 11,,social.bj,PME (10-50),B2C,CCIB Annuaire,,Actif,2026-06-29T00:14:35.925672,moyenne
BJ-2F1280E6,Organisation Enfant Fondation Gogounou,ONG & Associations,Gogounou,+229 24 98 28 46,,organisationenfantfondationgogounou.bj,TPE (<10),B2B,CCIB Annuaire,,Actif,2026-06-29T00:14:35.925702,moyenne
BJ-91FD9C73,Société Santé Africa,ONG & Associations,Gogounou,+229 90 49 40 53,,,PME (50-200),B2C,CCIB Annuaire,,Actif,2026-06-29T00:14:35.925712,basse
BJ-AC4EE1D4,Association Éducation,ONG & Associations,Gogounou,+229 83 69 78 59,,,Grande (>200),B2B,CCIB Annuaire,,Actif,2026-06-29T00:14:35.925725,basse
BJ-1F912C4A,Société Femme,ONG & Associations,Cobly,+229 57 43 49 40,,sociétéfemme.bj,PME (10-50),B2C,CCIB Annuaire,,Actif,2026-06-29T00:14:35.925753,moyenne
BJ-B99C7973,ONG Développement Cobly,ONG & Associations,Cobly,+229 61 90 66 48,,ongdéveloppementcobly.bj,PME (10-50),B2C,CCIB Annuaire,,Actif,2026-06-29T00:14:35.925765,moyenne
BJ-ABD6AEC2,Jeunesse Organisation Cobly,ONG & Associations,Cobly,+229 86 94 29 26,,jeunesseorganisationcobly.bj,PME (10-50),B2B,CCIB Annuaire,,Actif,2026-06-29T00:14:35.925789,moyenne
BJ-E498C347,Éducation,ONG & Associations,Cobly,+229 48 60 66 45,,éducation.bj,PME (50-200),B2B,CCIB Annuaire,,Actif,2026-06-29T00:14:35.925800,moyenne
BJ-63BB093D,ONG Humanitaire Africa,ONG & Associations,Cobly,+229 87 59 20 20,,onghumanitaireafrica.bj,PME (10-50),B2B,CCIB Annuaire,,Actif,2026-06-29T00:14:35.925810,moyenne
BJ-1339A416,Fondation Culture,ONG & Associations,Tanguiéta,+229 20 22 92 35,fondation.culture@fondation.culture.com,,TPE (<10),B2B,CCIB Annuaire,,Actif,2026-06-29T00:14:35.925842,moyenne
BJ-6C274A04,Fondation Droits,ONG & Associations,Tanguiéta,+229 90 23 99 89,,fondationdroits.bj,TPE (<10),B2B,CCIB Annuaire,,Actif,2026-06-29T00:14:35.925852,moyenne
BJ-8CC04A28,Humanitaire ONG,ONG & Associations,Tanguiéta,+229 35 46 22 47,humanitaire.ong@humanitaire.ong.com,,TPE (<10),B2C,CCIB Annuaire,,Actif,2026-06-29T00:14:35.925869,moyenne
BJ-DE1A6820,Association Humanitaire,ONG & Associations,Tanguiéta,+229 36 89 62 13,association.humanitaire@association.humanitaire.bj,,PME (10-50),B2B,CCIB Annuaire,,Actif,2026-06-29T00:14:35.925880,moyenne
BJ-D50208A4,Association Social,ONG & Associations,Matéri,+229 85 34 38 34,,associationsocial.bj,PME (10-50),B2B,CCIB Annuaire,,Actif,2026-06-29T00:14:35.925923,moyenne
BJ-41D215EB,Société Droits,ONG & Associations,Matéri,+229 24 90 89 46,,,TPE (<10),B2B,CCIB Annuaire,,Actif,2026-06-29T00:14:35.925948,basse
BJ-9D4CC590,Société Humanitaire,ONG & Associations,Matéri,+229 36 44 91 43,,sociétéhumanitaire.bj,TPE (<10),B2C,CCIB Annuaire,,Actif,2026-06-29T00:14:35.925960,moyenne
BJ-494D4DFF,Environnement Fondation,ONG & Associations,Matéri,+229 97 59 17 99,environnement.fondation@environnement.fondation.com,environnementfondation.bj,TPE (<10),B2C,CCIB Annuaire,,Actif,2026-06-29T00:14:35.925972,haute
BJ-AAE9A376,Organisation Femme Africa,ONG & Associations,Matéri,+229 47 20 27 49,organisation.femme.africa@organisation.femme.africa.org,,PME (10-50),B2B,CCIB Annuaire,,Actif,2026-06-29T00:14:35.925984,moyenne
BJ-92F6E67A,Fondation Santé Organisation,ONG & Associations,Natitingou,+229 32 19 36 57,,,PME (50-200),B2C,CCIB Annuaire,,Actif,2026-06-29T00:14:35.926013,basse
BJ-01BF677B,Club Santé,ONG & Associations,Natitingou,+229 63 37 81 37,,clubsanté.bj,TPE (<10),B2B,CCIB Annuaire,,Actif,2026-06-29T00:14:35.926025,moyenne
BJ-238E7052,Société Droits Organisation,ONG & Associations,Natitingou,+229 54 74 29 84,société.droits.organisation@société.droits.organisation.bj,,TPE (<10),B2C,CCIB Annuaire,,Actif,2026-06-29T00:14:35.926037,moyenne
BJ-4D4B2ECE,Humanitaire Africa,ONG & Associations,Natitingou,+229 31 44 42 85,,humanitaireafrica.bj,TPE (<10),B2B,CCIB Annuaire,,Actif,2026-06-29T00:14:35.926051,moyenne
BJ-57A204B1,Organisation Social ONG,ONG & Associations,Natitingou,+229 61 91 79 76,organisation.social.ong@organisation.social.ong.com,organisationsocialong.bj,TPE (<10),B2C,CCIB Annuaire,,Actif,2026-06-29T00:14:35.926064,haute
BJ-B0DC16E4,Droits,ONG & Associations,Toucountouna,+229 62 85 33 75,droits@droits.org,,Grande (>200),B2C,CCIB Annuaire,,Actif,2026-06-29T00:14:35.926081,moyenne
BJ-215A8469,Enfant,ONG & Associations,Toucountouna,+229 80 77 10 74,enfant@enfant.com,,TPE (<10),B2B,CCIB Annuaire,,Actif,2026-06-29T00:14:35.926108,moyenne
BJ-9EB5767B,ONG Santé,ONG & Associations,Toucountouna,+229 24 94 18 54,,,PME (50-200),B2C,CCIB Annuaire,,Actif,2026-06-29T00:14:35.926118,basse
BJ-CCC8355A,Club Droits Bénin,ONG & Associations,Toucountouna,+229 56 86 28 63,,,PME (10-50),B2C,CCIB Annuaire,,Actif,2026-06-29T00:14:35.926128,basse
BJ-18C01427,Société Solidarité Fondation,ONG & Associations,Boukoumbé,+229 47 43 64 71,,,TPE (<10),B2C,CCIB Annuaire,,Actif,2026-06-29T00:14:35.926160,basse
BJ-F0DCE143,Association Droits ONG,ONG & Associations,Boukoumbé,+229 89 12 72 31,,,PME (10-50),B2C,CCIB Annuaire,,Actif,2026-06-29T00:14:35.926170,basse
BJ-7F14DA91,Jeunesse Organisation,ONG & Associations,Boukoumbé,+229 50 76 21 77,,jeunesseorganisation.bj,PME (10-50),B2C,CCIB Annuaire,,Actif,2026-06-29T00:14:35.926181,moyenne
BJ-06F05008,Santé,ONG & Associations,Boukoumbé,+229 97 43 17 74,santé@santé.benin,,PME (50-200),B2B,CCIB Annuaire,,Actif,2026-06-29T00:14:35.926196,moyenne
BJ-508CED2F,Culture International Boukoumbé,ONG & Associations,Boukoumbé,+229 51 63 74 83,,,PME (50-200),B2C,CCIB Annuaire,,Actif,2026-06-29T00:14:35.926208,basse
BJ-A4D84FCD,Société Environnement Bénin,ONG & Associations,Kouandé,+229 54 40 85 70,,,TPE (<10),B2B,CCIB Annuaire,,Actif,2026-06-29T00:14:35.926240,basse
BJ-A0A51771,Solidarité Fondation,ONG & Associations,Kouandé,+229 64 54 32 77,solidarité.fondation@solidarité.fondation.org,,PME (10-50),B2C,CCIB Annuaire,,Actif,2026-06-29T00:14:35.926253,moyenne
BJ-A4F69888,Droits,ONG & Associations,Kouandé,+229 52 36 46 29,,,PME (10-50),B2C,CCIB Annuaire,,Actif,2026-06-29T00:14:35.926264,basse
BJ-1C2D5D77,Social Association,ONG & Associations,Kouandé,+229 32 49 90 22,,,PME (50-200),B2B,CCIB Annuaire,,Actif,2026-06-29T00:14:35.926274,basse
BJ-13BB6B00,Enfant,ONG & Associations,Kouandé,+229 89 57 67 83,,,TPE (<10),B2C,CCIB Annuaire,,Actif,2026-06-29T00:14:35.926287,basse
BJ-CF5F7CD6,Aide Bénin Péhunco,ONG & Associations,Péhunco,+229 55 27 94 18,,aidebéninpéhunco.bj,TPE (<10),B2C,CCIB Annuaire,,Actif,2026-06-29T00:14:35.926304,moyenne
BJ-931F0DE5,ONG Aide Africa Péhunco,ONG & Associations,Péhunco,+229 59 24 18 13,ong.aide.africa.péhunco@ong.aide.africa.péhunco.net,,PME (10-50),B2C,CCIB Annuaire,,Actif,2026-06-29T00:14:35.926334,moyenne
BJ-76C729F6,Fondation Environnement Péhunco,ONG & Associations,Péhunco,+229 59 36 86 12,fondation.environnement.péhunco@fondation.environnement.péhunco.net,fondationenvironnementpéhunco.bj,PME (10-50),B2C,CCIB Annuaire,,Actif,2026-06-29T00:14:35.926359,haute
BJ-6585636A,Droits Bénin,ONG & Associations,Péhunco,+229 76 45 11 66,droits.bénin@droits.bénin.org,,TPE (<10),B2C,CCIB Annuaire,,Actif,2026-06-29T00:14:35.926377,moyenne
BJ-A8EFE35E,Femme,ONG & Associations,Tchaourou,+229 56 10 15 20,,,PME (50-200),B2B,CCIB Annuaire,,Actif,2026-06-29T00:14:35.926408,basse
BJ-0A5AB6B1,Association Sport,ONG & Associations,Tchaourou,+229 50 74 91 84,association.sport@association.sport.com,,TPE (<10),B2B,CCIB Annuaire,,Actif,2026-06-29T00:14:35.926420,moyenne
BJ-A1758486,Culture Fondation Tchaourou,ONG & Associations,Tchaourou,+229 81 60 86 50,culture.fondation.tchaourou@culture.fondation.tchaourou.benin,culturefondationtchaourou.bj,TPE (<10),B2B,CCIB Annuaire,,Actif,2026-06-29T00:14:35.926437,haute
BJ-2C718E4A,Éducation Organisation,ONG & Associations,Tchaourou,+229 63 52 80 44,éducation.organisation@éducation.organisation.net,,TPE (<10),B2B,CCIB Annuaire,,Actif,2026-06-29T00:14:35.926449,moyenne
BJ-CD8828E1,Sport,ONG & Associations,Tchaourou,+229 43 81 97 19,,,TPE (<10),B2C,CCIB Annuaire,,Actif,2026-06-29T00:14:35.926460,basse
BJ-02C41F8C,Développement Africa Nikki,ONG & Associations,Nikki,+229 36 94 87 42,,,PME (10-50),B2B,CCIB Annuaire,,Actif,2026-06-29T00:14:35.926489,basse
BJ-1FFBC5B2,Club Santé Organisation,ONG & Associations,Nikki,+229 38 43 97 91,,,PME (10-50),B2B,CCIB Annuaire,,Actif,2026-06-29T00:14:35.926499,basse
BJ-D009518A,Société Social Bénin,ONG & Associations,Nikki,+229 36 87 17 11,,,Grande (>200),B2B,CCIB Annuaire,,Actif,2026-06-29T00:14:35.926509,basse
BJ-87D3C966,Club Humanitaire Organisation Nikki,ONG & Associations,Nikki,+229 87 37 60 18,club.humanitaire.organisation.nikki@club.humanitaire.organisation.nikki.bj,clubhumanitaireorganisationnikki.bj,PME (50-200),B2C,CCIB Annuaire,,Actif,2026-06-29T00:14:35.926524,haute
BJ-CCDCDB80,Fondation Enfant Bembéréké,ONG & Associations,Bembéréké,+229 95 78 31 71,,,TPE (<10),B2B,CCIB Annuaire,,Actif,2026-06-29T00:14:35.926553,basse
BJ-10EA1623,Jeunesse ONG,ONG & Associations,Bembéréké,+229 71 91 52 96,jeunesse.ong@jeunesse.ong.net,jeunesseong.bj,PME (50-200),B2C,CCIB Annuaire,,Actif,2026-06-29T00:14:35.926565,haute
BJ-BE902401,Humanitaire,ONG & Associations,Bembéréké,+229 40 50 43 85,humanitaire@humanitaire.benin,,PME (50-200),B2C,CCIB Annuaire,,Actif,2026-06-29T00:14:35.926577,moyenne
BJ-7F688C6F,Femme,ONG & Associations,Bembéréké,+229 25 54 30 78,,,PME (10-50),B2B,CCIB Annuaire,,Actif,2026-06-29T00:14:35.926587,basse
BJ-55E13E0C,Éducation Organisation,ONG & Associations,Kalalé,+229 94 99 84 51,éducation.organisation@éducation.organisation.com,,TPE (<10),B2C,CCIB Annuaire,,Actif,2026-06-29T00:14:35.926615,moyenne
BJ-A3B704B0,Développement ONG Kalalé,ONG & Associations,Kalalé,+229 80 33 89 75,développement.ong.kalalé@développement.ong.kalalé.com,,PME (10-50),B2C,CCIB Annuaire,,Actif,2026-06-29T00:14:35.926627,moyenne
BJ-7A6B88CB,Fondation Femme Kalalé,ONG & Associations,Kalalé,+229 80 25 96 51,fondation.femme.kalalé@fondation.femme.kalalé.org,,PME (50-200),B2C,CCIB Annuaire,,Actif,2026-06-29T00:14:35.926639,moyenne
BJ-09BA9320,ONG Éducation Organisation,ONG & Associations,Kalalé,+229 95 52 43 60,ong.éducation.organisation@ong.éducation.organisation.bj,ongéducationorganisation.bj,TPE (<10),B2B,CCIB Annuaire,,Actif,2026-06-29T00:14:35.926654,haute
BJ-AD7C5745,Aide,ONG & Associations,Kalalé,+229 27 44 71 19,,aide.bj,TPE (<10),B2B,CCIB Annuaire,,Actif,2026-06-29T00:14:35.926665,moyenne
BJ-AFE0D056,Santé Organisation,ONG & Associations,Ndali,+229 58 68 79 48,,santéorganisation.bj,PME (50-200),B2C,CCIB Annuaire,,Actif,2026-06-29T00:14:35.926685,moyenne
BJ-CB76C033,Droits International,ONG & Associations,Ndali,+229 28 68 35 19,,,PME (10-50),B2B,CCIB Annuaire,,Actif,2026-06-29T00:14:35.926696,basse
BJ-C2798589,Jeunesse,ONG & Associations,Ndali,+229 80 73 48 90,jeunesse@jeunesse.net,jeunesse.bj,PME (50-200),B2C,CCIB Annuaire,,Actif,2026-06-29T00:14:35.926712,haute
BJ-7ADE34A0,Droits Fondation,ONG & Associations,Ndali,+229 65 12 88 98,,,PME (50-200),B2B,CCIB Annuaire,,Actif,2026-06-29T00:14:35.926722,basse
BJ-E6FFA5A4,Club Environnement Bénin,ONG & Associations,Ndali,+229 40 83 58 29,club.environnement.bénin@club.environnement.bénin.bj,clubenvironnementbénin.bj,PME (50-200),B2C,CCIB Annuaire,,Actif,2026-06-29T00:14:35.926735,haute
BJ-DA28AB94,Éducation International,ONG & Associations,Ségbana,+229 98 89 90 64,,éducationinternational.bj,PME (10-50),B2C,CCIB Annuaire,,Actif,2026-06-29T00:14:35.926752,moyenne
BJ-386974CE,Culture Bénin,ONG & Associations,Ségbana,+229 27 23 35 59,,,PME (50-200),B2B,CCIB Annuaire,,Actif,2026-06-29T00:14:35.926762,basse
BJ-E39837EF,Droits,ONG & Associations,Ségbana,+229 79 97 80 19,,,PME (50-200),B2C,CCIB Annuaire,,Actif,2026-06-29T00:14:35.926772,basse
BJ-A098A97F,Femme Africa,ONG & Associations,Ségbana,+229 32 72 24 47,,,TPE (<10),B2B,CCIB Annuaire,,Actif,2026-06-29T00:14:35.926785,basse
BJ-775159CA,Club Aide Africa,ONG & Associations,Ségbana,+229 64 37 84 56,club.aide.africa@club.aide.africa.com,,TPE (<10),B2C,CCIB Annuaire,,Actif,2026-06-29T00:14:35.926796,moyenne
BJ-2FF80CC9,Humanitaire,ONG & Associations,Tchaourou,+229 74 68 66 82,,humanitaire.bj,PME (50-200),B2B,CCIB Annuaire,,Actif,2026-06-29T00:14:35.926813,moyenne
BJ-FA78705E,Jeunesse,ONG & Associations,Tchaourou,+229 66 91 84 56,jeunesse@jeunesse.net,,PME (10-50),B2B,CCIB Annuaire,,Actif,2026-06-29T00:14:35.926836,moyenne
BJ-F512E4E6,Fondation Enfant Africa Tchaourou,ONG & Associations,Tchaourou,+229 82 18 41 25,fondation.enfant.africa.tchaourou@fondation.enfant.africa.tchaourou.bj,,TPE (<10),B2C,CCIB Annuaire,,Actif,2026-06-29T00:14:35.926847,moyenne
BJ-113E48E4,Fondation Femme Fondation,ONG & Associations,Bétérou,+229 77 20 40 32,fondation.femme.fondation@fondation.femme.fondation.net,,PME (10-50),B2C,CCIB Annuaire,,Actif,2026-06-29T00:14:35.926874,moyenne
BJ-679150C0,Organisation Santé,ONG & Associations,Bétérou,+229 76 41 97 79,organisation.santé@organisation.santé.bj,organisationsanté.bj,PME (50-200),B2B,CCIB Annuaire,,Actif,2026-06-29T00:14:35.926887,haute
BJ-656AAEBA,Organisation Environnement Association,ONG & Associations,Bétérou,+229 23 57 80 63,,organisationenvironnementassociation.bj,TPE (<10),B2B,CCIB Annuaire,,Actif,2026-06-29T00:14:35.926932,moyenne
BJ-6E91C842,Solidarité,ONG & Associations,Bétérou,+229 23 94 73 28,,,TPE (<10),B2C,CCIB Annuaire,,Actif,2026-06-29T00:14:35.926962,basse
BJ-CB1B1EC4,Fondation Jeunesse Africa,ONG & Associations,Bétérou,+229 83 91 68 72,,,PME (50-200),B2B,CCIB Annuaire,,Actif,2026-06-29T00:14:35.926974,basse
BJ-9CC6F593,Humanitaire,ONG & Associations,Ouessè,+229 57 62 85 16,,humanitaire.bj,PME (10-50),B2B,CCIB Annuaire,,Actif,2026-06-29T00:14:35.926991,moyenne
BJ-6B3A1042,Développement Bénin,ONG & Associations,Ouessè,+229 64 99 26 41,,,PME (10-50),B2C,CCIB Annuaire,,Actif,2026-06-29T00:14:35.927001,basse
BJ-6D9D3E87,Droits,ONG & Associations,Ouessè,+229 68 72 82 84,droits@droits.com,,PME (50-200),B2B,CCIB Annuaire,,Actif,2026-06-29T00:14:35.927013,moyenne
BJ-290E1D41,Organisation Environnement Bénin Ouessè,ONG & Associations,Ouessè,+229 78 65 88 96,organisation.environnement.bénin.ouessè@organisation.environnement.bénin.ouessè.bj,,PME (10-50),B2C,CCIB Annuaire,,Actif,2026-06-29T00:14:35.927025,moyenne
BJ-BABDA538,Société Humanitaire Ouessè,ONG & Associations,Ouessè,+229 27 72 88 59,société.humanitaire.ouessè@société.humanitaire.ouessè.org,sociétéhumanitaireouessè.bj,PME (50-200),B2C,CCIB Annuaire,,Actif,2026-06-29T00:14:35.927038,haute
BJ-B7EA979A,Organisation Sport,ONG & Associations,Glazoué,+229 76 17 32 17,,,TPE (<10),B2C,CCIB Annuaire,,Actif,2026-06-29T00:14:35.927053,basse
BJ-AE43B019,Club Enfant ONG,ONG & Associations,Glazoué,+229 95 70 62 75,,,TPE (<10),B2B,CCIB Annuaire,,Actif,2026-06-29T00:14:35.927064,basse
BJ-EA202DCE,Organisation Solidarité Association,ONG & Associations,Glazoué,+229 88 96 84 49,organisation.solidarité.association@organisation.solidarité.association.net,,TPE (<10),B2B,CCIB Annuaire,,Actif,2026-06-29T00:14:35.927075,moyenne
BJ-9D899A03,Association Enfant Association,ONG & Associations,Glazoué,+229 96 42 35 73,,,Grande (>200),B2C,CCIB Annuaire,,Actif,2026-06-29T00:14:35.927088,basse
BJ-CA7E0AC5,Culture,ONG & Associations,Glazoué,+229 22 28 50 46,culture@culture.com,culture.bj,PME (50-200),B2B,CCIB Annuaire,,Actif,2026-06-29T00:14:35.927101,haute
BJ-CB359E85,Aide Africa,ONG & Associations,Dassa-Zoumè,+229 75 53 70 27,,aideafrica.bj,Grande (>200),B2C,CCIB Annuaire,,Actif,2026-06-29T00:14:35.927118,moyenne
BJ-DA31A554,Société Culture Organisation,ONG & Associations,Dassa-Zoumè,+229 55 51 31 73,société.culture.organisation@société.culture.organisation.benin,,TPE (<10),B2B,CCIB Annuaire,,Actif,2026-06-29T00:14:35.927129,moyenne
BJ-7E90189D,Société Développement Fondation,ONG & Associations,Dassa-Zoumè,+229 43 87 34 25,,,TPE (<10),B2C,CCIB Annuaire,,Actif,2026-06-29T00:14:35.927143,basse
BJ-120FF7FC,Développement Association,ONG & Associations,Dassa-Zoumè,+229 90 73 76 66,,développementassociation.bj,PME (50-200),B2B,CCIB Annuaire,,Actif,2026-06-29T00:14:35.927171,moyenne
BJ-90477020,Sport,ONG & Associations,Dassa-Zoumè,+229 21 45 34 33,,,TPE (<10),B2C,CCIB Annuaire,,Actif,2026-06-29T00:14:35.927182,basse
BJ-94879A8E,Société Humanitaire ONG,ONG & Associations,Savalou,+229 56 32 52 91,,,PME (10-50),B2C,CCIB Annuaire,,Actif,2026-06-29T00:14:35.927226,basse
BJ-58F915CA,ONG Environnement Association,ONG & Associations,Savalou,+229 51 90 66 25,ong.environnement.association@ong.environnement.association.bj,ongenvironnementassociation.bj,PME (10-50),B2C,CCIB Annuaire,,Actif,2026-06-29T00:14:35.927246,haute
BJ-3C980060,Club Sport Organisation Savalou,ONG & Associations,Savalou,+229 73 96 26 86,club.sport.organisation.savalou@club.sport.organisation.savalou.com,,TPE (<10),B2B,CCIB Annuaire,,Actif,2026-06-29T00:14:35.927258,moyenne
BJ-E3323DC0,Société Sport Bénin,ONG & Associations,Savalou,+229 57 37 84 46,,,PME (50-200),B2B,CCIB Annuaire,,Actif,2026-06-29T00:14:35.927289,basse
BJ-AE02D304,Droits International,ONG & Associations,Savalou,+229 96 40 60 61,,droitsinternational.bj,Grande (>200),B2C,CCIB Annuaire,,Actif,2026-06-29T00:14:35.927301,moyenne
BJ-579A6005,Développement,ONG & Associations,Bantè,+229 28 95 38 46,développement@développement.org,,PME (10-50),B2B,CCIB Annuaire,,Actif,2026-06-29T00:14:35.927319,moyenne
BJ-3D9174C8,Fondation Environnement,ONG & Associations,Bantè,+229 77 90 19 97,,,PME (50-200),B2B,CCIB Annuaire,,Actif,2026-06-29T00:14:35.927330,basse
BJ-22349560,Club Social ONG,ONG & Associations,Bantè,+229 24 66 44 13,,clubsocialong.bj,PME (10-50),B2B,CCIB Annuaire,,Actif,2026-06-29T00:14:35.927341,moyenne
BJ-293FB10C,Enfant,ONG & Associations,Bantè,+229 79 22 31 91,enfant@enfant.net,enfant.bj,TPE (<10),B2C,CCIB Annuaire,,Actif,2026-06-29T00:14:35.927354,haute
BJ-3EF5B780,ONG Femme International,ONG & Associations,Bantè,+229 76 61 49 90,,ongfemmeinternational.bj,Grande (>200),B2B,CCIB Annuaire,,Actif,2026-06-29T00:14:35.927365,moyenne
BJ-C027C484,Social ONG Djougou,ONG & Associations,Djougou,+229 33 77 64 51,,socialongdjougou.bj,PME (10-50),B2C,CCIB Annuaire,,Actif,2026-06-29T00:14:35.927390,moyenne
BJ-14E4AFE3,ONG Culture,ONG & Associations,Djougou,+229 32 42 98 44,ong.culture@ong.culture.benin,,PME (50-200),B2C,CCIB Annuaire,,Actif,2026-06-29T00:14:35.927410,moyenne
BJ-A83749BC,Club Humanitaire Djougou,ONG & Associations,Djougou,+229 41 10 50 60,club.humanitaire.djougou@club.humanitaire.djougou.org,,PME (10-50),B2B,CCIB Annuaire,,Actif,2026-06-29T00:14:35.927433,moyenne
BJ-5E1E38B7,Éducation Association,ONG & Associations,Djougou,+229 90 51 73 79,éducation.association@éducation.association.bj,éducationassociation.bj,TPE (<10),B2C,CCIB Annuaire,,Actif,2026-06-29T00:14:35.927477,haute
BJ-6A6ED493,Santé International Ouèssè,ONG & Associations,Ouèssè,+229 20 17 23 65,,santéinternationalouèssè.bj,TPE (<10),B2C,CCIB Annuaire,,Actif,2026-06-29T00:14:35.927529,moyenne
BJ-9E30804F,Culture Ouèssè,ONG & Associations,Ouèssè,+229 29 65 78 53,culture.ouèssè@culture.ouèssè.net,cultureouèssè.bj,PME (10-50),B2B,CCIB Annuaire,,Actif,2026-06-29T00:14:35.927554,haute
BJ-150D8381,ONG Aide ONG,ONG & Associations,Ouèssè,+229 50 77 89 99,ong.aide.ong@ong.aide.ong.com,ongaideong.bj,TPE (<10),B2B,CCIB Annuaire,,Actif,2026-06-29T00:14:35.927578,haute
BJ-DC5406D2,Développement ONG,ONG & Associations,Ouèssè,+229 26 87 78 41,développement.ong@développement.ong.benin,développementong.bj,PME (10-50),B2C,CCIB Annuaire,,Actif,2026-06-29T00:14:35.927603,haute
BJ-27AE83CA,Association Droits,ONG & Associations,Ouèssè,+229 30 90 37 62,association.droits@association.droits.com,,TPE (<10),B2B,CCIB Annuaire,,Actif,2026-06-29T00:14:35.927644,moyenne
BJ-EB2C3A59,Social,ONG & Associations,Bassila,+229 87 98 34 78,,,TPE (<10),B2B,CCIB Annuaire,,Actif,2026-06-29T00:14:35.927690,basse
BJ-34AE4937,Société Sport,ONG & Associations,Bassila,+229 33 68 53 30,,,PME (10-50),B2C,CCIB Annuaire,,Actif,2026-06-29T00:14:35.927722,basse
BJ-71CEADB4,Fondation Solidarité International,ONG & Associations,Bassila,+229 71 67 79 48,fondation.solidarité.international@fondation.solidarité.international.com,,Grande (>200),B2B,CCIB Annuaire,,Actif,2026-06-29T00:14:35.927765,moyenne
BJ-454B0E82,Fondation Aide,ONG & Associations,Bassila,+229 28 71 96 75,fondation.aide@fondation.aide.org,,TPE (<10),B2C,CCIB Annuaire,,Actif,2026-06-29T00:14:35.927803,moyenne
BJ-C3333223,Éducation Bassila,ONG & Associations,Bassila,+229 34 89 20 99,,éducationbassila.bj,PME (10-50),B2B,CCIB Annuaire,,Actif,2026-06-29T00:14:35.927834,moyenne
BJ-A20C0493,Jeunesse Fondation,ONG & Associations,Pehunco,+229 22 59 73 66,jeunesse.fondation@jeunesse.fondation.benin,jeunessefondation.bj,Grande (>200),B2B,CCIB Annuaire,,Actif,2026-06-29T00:14:35.927873,haute
BJ-6F7BC7EF,Éducation Organisation,ONG & Associations,Pehunco,+229 27 99 27 25,éducation.organisation@éducation.organisation.com,éducationorganisation.bj,Grande (>200),B2C,CCIB Annuaire,,Actif,2026-06-29T00:14:35.927917,haute
BJ-B6617C1E,Fondation Aide,ONG & Associations,Pehunco,+229 64 83 13 81,,,TPE (<10),B2C,CCIB Annuaire,,Actif,2026-06-29T00:14:35.927940,basse
BJ-8DEAD4A8,Société Culture Fondation Pehunco,ONG & Associations,Pehunco,+229 77 80 12 96,,sociétéculturefondationpehunco.bj,PME (50-200),B2C,CCIB Annuaire,,Actif,2026-06-29T00:14:35.927983,moyenne
BJ-698173B7,Société Femme Fondation Pehunco,ONG & Associations,Pehunco,+229 54 21 23 84,,,TPE (<10),B2B,CCIB Annuaire,,Actif,2026-06-29T00:14:35.928008,basse
BJ-6951A030,Fondation Aide Copargo,ONG & Associations,Copargo,+229 67 15 89 11,fondation.aide.copargo@fondation.aide.copargo.com,,PME (10-50),B2C,CCIB Annuaire,,Actif,2026-06-29T00:14:35.928033,moyenne
BJ-B5A3A7BD,Environnement Bénin,ONG & Associations,Copargo,+229 84 97 72 98,environnement.bénin@environnement.bénin.benin,,TPE (<10),B2B,CCIB Annuaire,,Actif,2026-06-29T00:14:35.928047,moyenne
BJ-1C7E297A,Aide Organisation,ONG & Associations,Copargo,+229 42 11 32 44,aide.organisation@aide.organisation.bj,aideorganisation.bj,PME (10-50),B2B,CCIB Annuaire,,Actif,2026-06-29T00:14:35.928086,haute
BJ-C1139089,Club Environnement,ONG & Associations,Copargo,+229 32 52 57 80,club.environnement@club.environnement.com,clubenvironnement.bj,PME (10-50),B2C,CCIB Annuaire,,Actif,2026-06-29T00:14:35.928125,haute
BJ-E2E8C15B,Association Santé,ONG & Associations,Copargo,+229 64 54 88 56,association.santé@association.santé.com,,PME (10-50),B2B,CCIB Annuaire,,Actif,2026-06-29T00:14:35.928153,moyenne
BJ-DEF1F5A4,Ets Immobilier Bénin,BTP & Immobilier,Cotonou,+229 22 15 77 20,,,Grande (>200),B2C,APIEx,,Actif,2026-06-29T00:14:35.928181,basse
BJ-6AE6BAC4,Travaux Groupe,BTP & Immobilier,Cotonou,+229 26 54 15 56,,travauxgroupe.bj,TPE (<10),B2C,APIEx,,Actif,2026-06-29T00:14:35.928196,moyenne
BJ-7A4515BB,BTP Construction Ets,BTP & Immobilier,Cotonou,+229 97 95 70 73,,,TPE (<10),B2C,APIEx,,Actif,2026-06-29T00:14:35.928207,basse
BJ-2DEED22B,SA Toiture Ets Cotonou,BTP & Immobilier,Cotonou,+229 53 11 24 83,,,Grande (>200),B2B,APIEx,,Actif,2026-06-29T00:14:35.928218,basse
BJ-6E7E38F4,Architecte,BTP & Immobilier,Cotonou,+229 25 58 81 49,architecte@architecte.org,,PME (50-200),B2C,APIEx,,Actif,2026-06-29T00:14:35.928230,moyenne
BJ-0E666439,Immobilier,BTP & Immobilier,Abomey-Calavi,+229 71 59 29 23,,,PME (50-200),B2B,APIEx,,Actif,2026-06-29T00:14:35.928247,basse
BJ-B35E3208,Structure,BTP & Immobilier,Abomey-Calavi,+229 74 19 92 22,structure@structure.com,,Grande (>200),B2B,APIEx,,Actif,2026-06-29T00:14:35.928259,moyenne
BJ-986A9497,Toiture SA Abomey-Calavi,BTP & Immobilier,Abomey-Calavi,+229 27 86 30 47,toiture.sa.abomeycalavi@toiture.sa.abomeycalavi.com,toituresaabomeycalavi.bj,PME (50-200),B2C,APIEx,,Actif,2026-06-29T00:14:35.928285,haute
BJ-E6DC478D,SA Maison Groupe,BTP & Immobilier,Abomey-Calavi,+229 68 80 28 29,sa.maison.groupe@sa.maison.groupe.bj,,TPE (<10),B2C,APIEx,,Actif,2026-06-29T00:14:35.928309,moyenne
BJ-FD001499,Plomberie Ets Abomey-Calavi,BTP & Immobilier,Abomey-Calavi,+229 47 16 38 80,,,PME (50-200),B2C,APIEx,,Actif,2026-06-29T00:14:35.928327,basse
BJ-CEB5A28A,Ingénierie Cabinet,BTP & Immobilier,Porto-Novo,+229 27 26 55 49,ingénierie.cabinet@ingénierie.cabinet.com,ingénieriecabinet.bj,TPE (<10),B2C,APIEx,,Actif,2026-06-29T00:14:35.928401,haute
BJ-ECE38E0D,Maison International,BTP & Immobilier,Porto-Novo,+229 98 88 42 84,maison.international@maison.international.org,,TPE (<10),B2B,APIEx,,Actif,2026-06-29T00:14:35.928432,moyenne
BJ-F483843D,Électricité,BTP & Immobilier,Porto-Novo,+229 21 60 81 36,électricité@électricité.bj,électricité.bj,PME (50-200),B2B,APIEx,,Actif,2026-06-29T00:14:35.928485,haute
BJ-77974003,SA Habitat,BTP & Immobilier,Porto-Novo,+229 47 48 98 69,,,PME (10-50),B2C,APIEx,,Actif,2026-06-29T00:14:35.928516,basse
BJ-FA12A19F,SARL Immobilier,BTP & Immobilier,Parakou,+229 54 61 42 87,,,TPE (<10),B2C,APIEx,,Actif,2026-06-29T00:14:35.928557,basse
BJ-891CF203,BTP Urbanisme Services,BTP & Immobilier,Parakou,+229 94 17 22 81,btp.urbanisme.services@btp.urbanisme.services.benin,btpurbanismeservices.bj,PME (10-50),B2B,APIEx,,Actif,2026-06-29T00:14:35.928600,haute
BJ-EBFCA0AA,Ets Béton SARL,BTP & Immobilier,Parakou,+229 44 59 77 94,ets.béton.sarl@ets.béton.sarl.org,etsbétonsarl.bj,TPE (<10),B2B,APIEx,,Actif,2026-06-29T00:14:35.928637,haute
BJ-4C59CAB4,Cabinet Bâtiment,BTP & Immobilier,Parakou,+229 47 21 65 73,,,TPE (<10),B2C,APIEx,,Actif,2026-06-29T00:14:35.928668,basse
BJ-A36988C1,BTP Béton Groupe,BTP & Immobilier,Parakou,+229 47 80 60 93,btp.béton.groupe@btp.béton.groupe.bj,,PME (10-50),B2C,APIEx,,Actif,2026-06-29T00:14:35.928699,moyenne
BJ-FF592540,Toiture Bohicon,BTP & Immobilier,Bohicon,+229 52 20 51 57,toiture.bohicon@toiture.bohicon.bj,,TPE (<10),B2C,APIEx,,Actif,2026-06-29T00:14:35.928742,moyenne
BJ-6EB41BE6,Immobilier,BTP & Immobilier,Bohicon,+229 80 86 98 56,immobilier@immobilier.com,,Grande (>200),B2B,APIEx,,Actif,2026-06-29T00:14:35.928771,moyenne
BJ-F0C53C74,SO Construction,BTP & Immobilier,Bohicon,+229 52 89 17 44,so.construction@so.construction.org,soconstruction.bj,PME (50-200),B2B,APIEx,,Actif,2026-06-29T00:14:35.928805,haute
BJ-8A6BDDA9,Groupe Architecte Cabinet Bohicon,BTP & Immobilier,Bohicon,+229 66 28 34 16,groupe.architecte.cabinet.bohicon@groupe.architecte.cabinet.bohicon.bj,groupearchitectecabinetbohicon.bj,TPE (<10),B2C,APIEx,,Actif,2026-06-29T00:14:35.928832,haute
BJ-09DAB37F,SA Immobilier,BTP & Immobilier,Bohicon,+229 50 80 39 83,sa.immobilier@sa.immobilier.bj,saimmobilier.bj,PME (10-50),B2C,APIEx,,Actif,2026-06-29T00:14:35.928860,haute
BJ-0A7196E1,Habitat Services,BTP & Immobilier,Natitingou,+229 49 81 26 78,habitat.services@habitat.services.benin,,PME (10-50),B2C,APIEx,,Actif,2026-06-29T00:14:35.928936,moyenne
BJ-B339061A,Groupe Architecte Bénin,BTP & Immobilier,Natitingou,+229 83 43 21 95,,groupearchitectebénin.bj,TPE (<10),B2B,APIEx,,Actif,2026-06-29T00:14:35.928966,moyenne
BJ-CB0D78F2,Béton Natitingou,BTP & Immobilier,Natitingou,+229 37 70 74 87,béton.natitingou@béton.natitingou.com,,PME (50-200),B2C,APIEx,,Actif,2026-06-29T00:14:35.928998,moyenne
BJ-B391C145,Urbanisme,BTP & Immobilier,Natitingou,+229 85 50 51 45,urbanisme@urbanisme.net,,PME (10-50),B2C,APIEx,,Actif,2026-06-29T00:14:35.929027,moyenne
BJ-D4FF6013,Ets Fondation,BTP & Immobilier,Lokossa,+229 91 16 20 36,,,PME (50-200),B2C,APIEx,,Actif,2026-06-29T00:14:35.929071,basse
BJ-DA98760A,Construction Cabinet,BTP & Immobilier,Lokossa,+229 54 80 15 59,,,TPE (<10),B2B,APIEx,,Actif,2026-06-29T00:14:35.929102,basse
BJ-065B11AE,Maison Africa,BTP & Immobilier,Lokossa,+229 41 36 46 37,maison.africa@maison.africa.bj,maisonafrica.bj,PME (10-50),B2B,APIEx,,Actif,2026-06-29T00:14:35.929138,haute
BJ-E0855308,SA Construction Lokossa,BTP & Immobilier,Lokossa,+229 99 91 17 84,sa.construction.lokossa@sa.construction.lokossa.bj,,PME (10-50),B2C,APIEx,,Actif,2026-06-29T00:14:35.929167,moyenne
BJ-8F8694D6,Groupe Fondation,BTP & Immobilier,Lokossa,+229 64 19 75 31,groupe.fondation@groupe.fondation.benin,,Grande (>200),B2B,APIEx,,Actif,2026-06-29T00:14:35.929191,moyenne
BJ-F2E57168,SA Travaux Services,BTP & Immobilier,Ouidah,+229 96 36 10 57,sa.travaux.services@sa.travaux.services.benin,satravauxservices.bj,PME (10-50),B2B,APIEx,,Actif,2026-06-29T00:14:35.929230,haute
BJ-73CBF616,Construction Services,BTP & Immobilier,Ouidah,+229 85 92 75 71,construction.services@construction.services.bj,,PME (10-50),B2C,APIEx,,Actif,2026-06-29T00:14:35.929255,moyenne
BJ-F9245B80,Construction Cabinet,BTP & Immobilier,Ouidah,+229 43 74 77 76,,constructioncabinet.bj,TPE (<10),B2B,APIEx,,Actif,2026-06-29T00:14:35.929286,moyenne
BJ-890D6E3F,Fondation,BTP & Immobilier,Ouidah,+229 39 43 77 25,,,Grande (>200),B2C,APIEx,,Actif,2026-06-29T00:14:35.929319,basse
BJ-31F8B953,Ets Architecte Ets Ouidah,BTP & Immobilier,Ouidah,+229 32 74 77 39,,etsarchitecteetsouidah.bj,PME (10-50),B2C,APIEx,,Actif,2026-06-29T00:14:35.929341,moyenne
BJ-CD6CE5D3,Cabinet Immobilier Services,BTP & Immobilier,Savalou,+229 88 34 33 22,cabinet.immobilier.services@cabinet.immobilier.services.net,,PME (10-50),B2C,APIEx,,Actif,2026-06-29T00:14:35.929375,moyenne
BJ-649287B1,SCI Urbanisme Savalou,BTP & Immobilier,Savalou,+229 47 72 87 75,sci.urbanisme.savalou@sci.urbanisme.savalou.com,,TPE (<10),B2C,APIEx,,Actif,2026-06-29T00:14:35.929395,moyenne
BJ-079C8E4E,Ets Toiture Solutions,BTP & Immobilier,Savalou,+229 91 97 89 44,ets.toiture.solutions@ets.toiture.solutions.benin,,TPE (<10),B2C,APIEx,,Actif,2026-06-29T00:14:35.929416,moyenne
BJ-8A740691,SO Bâtiment Savalou,BTP & Immobilier,Savalou,+229 89 47 64 49,so.bâtiment.savalou@so.bâtiment.savalou.org,,PME (10-50),B2B,APIEx,,Actif,2026-06-29T00:14:35.929474,moyenne
BJ-BB8BFCA0,SA Bâtiment Ets,BTP & Immobilier,Dassa-Zoumè,+229 49 97 26 95,sa.bâtiment.ets@sa.bâtiment.ets.bj,sabâtimentets.bj,TPE (<10),B2C,APIEx,,Actif,2026-06-29T00:14:35.929512,haute
BJ-363A1205,Fondation Dassa-Zoumè,BTP & Immobilier,Dassa-Zoumè,+229 78 39 85 51,fondation.dassazoumè@fondation.dassazoumè.bj,fondationdassazoumè.bj,PME (10-50),B2C,APIEx,,Actif,2026-06-29T00:14:35.929536,haute
BJ-E87D169A,SARL Béton,BTP & Immobilier,Dassa-Zoumè,+229 30 97 45 31,sarl.béton@sarl.béton.net,sarlbéton.bj,TPE (<10),B2B,APIEx,,Actif,2026-06-29T00:14:35.929558,haute
BJ-E0EBBEED,Ingénierie,BTP & Immobilier,Dassa-Zoumè,+229 77 75 46 60,ingénierie@ingénierie.com,ingénierie.bj,PME (10-50),B2B,APIEx,,Actif,2026-06-29T00:14:35.929589,haute
BJ-F5661688,SO Structure International,BTP & Immobilier,Dassa-Zoumè,+229 25 79 78 56,so.structure.international@so.structure.international.com,,PME (50-200),B2C,APIEx,,Actif,2026-06-29T00:14:35.929614,moyenne
BJ-C1DBF662,BTP Béton,BTP & Immobilier,Kétou,+229 58 71 49 59,btp.béton@btp.béton.bj,,PME (50-200),B2C,APIEx,,Actif,2026-06-29T00:14:35.929663,moyenne
BJ-D07747E6,Bâtiment,BTP & Immobilier,Kétou,+229 84 97 28 59,bâtiment@bâtiment.bj,,TPE (<10),B2C,APIEx,,Actif,2026-06-29T00:14:35.929724,moyenne
BJ-50E7FE69,Cabinet Fondation,BTP & Immobilier,Kétou,+229 95 52 53 83,,,PME (50-200),B2B,APIEx,,Actif,2026-06-29T00:14:35.929753,basse
BJ-0247E41F,Urbanisme Kétou,BTP & Immobilier,Kétou,+229 55 97 77 72,urbanisme.kétou@urbanisme.kétou.com,urbanismekétou.bj,TPE (<10),B2B,APIEx,,Actif,2026-06-29T00:14:35.929783,haute
BJ-78BE2A67,Toiture,BTP & Immobilier,Kétou,+229 41 25 56 84,,toiture.bj,PME (50-200),B2B,APIEx,,Actif,2026-06-29T00:14:35.929811,moyenne
BJ-40CB3FBF,Travaux,BTP & Immobilier,Covè,+229 81 97 72 56,travaux@travaux.benin,travaux.bj,PME (50-200),B2B,APIEx,,Actif,2026-06-29T00:14:35.929855,haute
BJ-7BAFEE32,Habitat Solutions Covè,BTP & Immobilier,Covè,+229 69 99 25 51,habitat.solutions.covè@habitat.solutions.covè.com,,PME (10-50),B2B,APIEx,,Actif,2026-06-29T00:14:35.929883,moyenne
BJ-ECB40C95,Fondation Bénin,BTP & Immobilier,Covè,+229 29 72 20 77,fondation.bénin@fondation.bénin.org,,PME (10-50),B2B,APIEx,,Actif,2026-06-29T00:14:35.929930,moyenne
BJ-60B6D1C1,Ets Maison Bénin,BTP & Immobilier,Covè,+229 90 22 90 33,ets.maison.bénin@ets.maison.bénin.benin,etsmaisonbénin.bj,TPE (<10),B2B,APIEx,,Actif,2026-06-29T00:14:35.929974,haute
BJ-A103DEA1,Structure Africa,BTP & Immobilier,Covè,+229 89 21 60 92,,,TPE (<10),B2B,APIEx,,Actif,2026-06-29T00:14:35.930002,basse
BJ-66D85E66,Cabinet Habitat,BTP & Immobilier,Pobè,+229 30 75 20 31,cabinet.habitat@cabinet.habitat.bj,,PME (10-50),B2B,APIEx,,Actif,2026-06-29T00:14:35.930043,moyenne
BJ-D60D59C7,SO Construction SA,BTP & Immobilier,Pobè,+229 90 32 75 30,so.construction.sa@so.construction.sa.org,soconstructionsa.bj,PME (10-50),B2C,APIEx,,Actif,2026-06-29T00:14:35.930074,haute
BJ-5B8A7456,Ets Plomberie SARL Pobè,BTP & Immobilier,Pobè,+229 99 93 39 18,,etsplomberiesarlpobè.bj,Grande (>200),B2B,APIEx,,Actif,2026-06-29T00:14:35.930102,moyenne
BJ-385CC991,SA Immobilier,BTP & Immobilier,Pobè,+229 96 27 12 65,sa.immobilier@sa.immobilier.com,,PME (50-200),B2C,APIEx,,Actif,2026-06-29T00:14:35.930129,moyenne
BJ-3394E8EC,Toiture,BTP & Immobilier,Pobè,+229 33 42 69 56,toiture@toiture.benin,,Grande (>200),B2B,APIEx,,Actif,2026-06-29T00:14:35.930168,moyenne
BJ-CED80331,Ingénierie Services Sakété,BTP & Immobilier,Sakété,+229 67 83 10 20,,ingénierieservicessakété.bj,TPE (<10),B2C,APIEx,,Actif,2026-06-29T00:14:35.930214,moyenne
BJ-A6409117,Travaux International,BTP & Immobilier,Sakété,+229 83 40 89 75,,,PME (10-50),B2C,APIEx,,Actif,2026-06-29T00:14:35.930240,basse
BJ-20E98D12,Structure,BTP & Immobilier,Sakété,+229 57 95 24 98,,,PME (10-50),B2C,APIEx,,Actif,2026-06-29T00:14:35.930267,basse
BJ-87B004F4,Construction Services,BTP & Immobilier,Sakété,+229 84 87 63 39,,,PME (50-200),B2B,APIEx,,Actif,2026-06-29T00:14:35.930314,basse
BJ-0A4B309E,Immobilier,BTP & Immobilier,Sakété,+229 41 24 47 52,,immobilier.bj,TPE (<10),B2B,APIEx,,Actif,2026-06-29T00:14:35.930358,moyenne
BJ-025FE1B0,Urbanisme SARL,BTP & Immobilier,Adjara,+229 33 18 39 80,urbanisme.sarl@urbanisme.sarl.net,urbanismesarl.bj,PME (10-50),B2C,APIEx,,Actif,2026-06-29T00:14:35.930424,haute
BJ-622FB373,Travaux Groupe,BTP & Immobilier,Adjara,+229 49 35 21 92,,travauxgroupe.bj,PME (10-50),B2B,APIEx,,Actif,2026-06-29T00:14:35.930442,moyenne
BJ-DF6C4579,SO Immobilier,BTP & Immobilier,Adjara,+229 36 77 77 70,so.immobilier@so.immobilier.com,soimmobilier.bj,PME (10-50),B2B,APIEx,,Actif,2026-06-29T00:14:35.930469,haute
BJ-EEB6CEC6,BTP Urbanisme Bénin,BTP & Immobilier,Adjara,+229 82 17 49 52,,btpurbanismebénin.bj,TPE (<10),B2B,APIEx,,Actif,2026-06-29T00:14:35.930502,moyenne
BJ-552860EF,Ets Habitat,BTP & Immobilier,Allada,+229 38 70 71 46,,,TPE (<10),B2C,APIEx,,Actif,2026-06-29T00:14:35.930547,basse
BJ-A36C60AC,Travaux,BTP & Immobilier,Allada,+229 94 61 88 79,,travaux.bj,PME (50-200),B2B,APIEx,,Actif,2026-06-29T00:14:35.930570,moyenne
BJ-F9166C04,Travaux SA,BTP & Immobilier,Allada,+229 85 94 74 75,,,PME (50-200),B2C,APIEx,,Actif,2026-06-29T00:14:35.930589,basse
BJ-2FF26749,Toiture,BTP & Immobilier,Allada,+229 48 53 73 13,,,PME (10-50),B2C,APIEx,,Actif,2026-06-29T00:14:35.930615,basse
BJ-345D931D,SCI Immobilier Allada,BTP & Immobilier,Allada,+229 81 95 27 29,sci.immobilier.allada@sci.immobilier.allada.bj,sciimmobilierallada.bj,PME (10-50),B2C,APIEx,,Actif,2026-06-29T00:14:35.930646,haute
BJ-E53BED0E,Groupe Bâtiment Ets,BTP & Immobilier,Aplahoué,+229 92 64 90 30,groupe.bâtiment.ets@groupe.bâtiment.ets.com,groupebâtimentets.bj,Grande (>200),B2C,APIEx,,Actif,2026-06-29T00:14:35.930694,haute
BJ-F8836A85,Architecte Aplahoué,BTP & Immobilier,Aplahoué,+229 46 74 38 76,,architecteaplahoué.bj,PME (10-50),B2C,APIEx,,Actif,2026-06-29T00:14:35.930726,moyenne
BJ-426E8590,BTP Électricité Services Aplahoué,BTP & Immobilier,Aplahoué,+229 53 72 34 43,btp.électricité.services.aplahoué@btp.électricité.services.aplahoué.org,btpélectricitéservicesaplahoué.bj,TPE (<10),B2C,APIEx,,Actif,2026-06-29T00:14:35.930756,haute
BJ-DDFAB03E,BTP Plomberie,BTP & Immobilier,Aplahoué,+229 64 59 82 38,btp.plomberie@btp.plomberie.org,,PME (10-50),B2C,APIEx,,Actif,2026-06-29T00:14:35.930783,moyenne
BJ-DAD1C5E3,Structure,BTP & Immobilier,Aplahoué,+229 51 34 46 52,structure@structure.net,structure.bj,TPE (<10),B2B,APIEx,,Actif,2026-06-29T00:14:35.930810,haute
BJ-6CDD4686,Travaux Solutions,BTP & Immobilier,Dogbo-Tota,+229 68 31 94 32,travaux.solutions@travaux.solutions.net,,PME (50-200),B2B,APIEx,,Actif,2026-06-29T00:14:35.930848,moyenne
BJ-188EC304,BTP Urbanisme,BTP & Immobilier,Dogbo-Tota,+229 78 36 35 30,,,TPE (<10),B2C,APIEx,,Actif,2026-06-29T00:14:35.930911,basse
BJ-5A115D14,Groupe Structure,BTP & Immobilier,Dogbo-Tota,+229 26 61 21 17,groupe.structure@groupe.structure.org,,PME (10-50),B2C,APIEx,,Actif,2026-06-29T00:14:35.930942,moyenne
BJ-4905EF1E,Plomberie Dogbo-Tota,BTP & Immobilier,Dogbo-Tota,+229 77 91 59 85,plomberie.dogbotota@plomberie.dogbotota.net,plomberiedogbotota.bj,PME (50-200),B2B,APIEx,,Actif,2026-06-29T00:14:35.930974,haute
BJ-8B553AF8,Groupe Construction,BTP & Immobilier,Dogbo-Tota,+229 28 85 97 40,,groupeconstruction.bj,TPE (<10),B2C,APIEx,,Actif,2026-06-29T00:14:35.931000,moyenne
BJ-CC3D8F40,Ets Plomberie SA,BTP & Immobilier,Kpomassè,+229 44 98 90 68,ets.plomberie.sa@ets.plomberie.sa.bj,etsplomberiesa.bj,TPE (<10),B2B,APIEx,,Actif,2026-06-29T00:14:35.931038,haute
BJ-5EFF5209,Cabinet Ingénierie International,BTP & Immobilier,Kpomassè,+229 20 91 99 64,cabinet.ingénierie.international@cabinet.ingénierie.international.bj,cabinetingénierieinternational.bj,TPE (<10),B2C,APIEx,,Actif,2026-06-29T00:14:35.931067,haute
BJ-651250F0,Immobilier,BTP & Immobilier,Kpomassè,+229 56 38 83 40,immobilier@immobilier.benin,,PME (10-50),B2C,APIEx,,Actif,2026-06-29T00:14:35.931093,moyenne
BJ-FD3CA1D1,Structure Groupe,BTP & Immobilier,Kpomassè,+229 30 84 54 11,,,PME (10-50),B2C,APIEx,,Actif,2026-06-29T00:14:35.931117,basse
BJ-96C3DA1E,Ets Fondation Kpomassè,BTP & Immobilier,Kpomassè,+229 86 37 96 97,ets.fondation.kpomassè@ets.fondation.kpomassè.benin,etsfondationkpomassè.bj,PME (50-200),B2C,APIEx,,Actif,2026-06-29T00:14:35.931145,haute
BJ-BF1F9002,SARL Électricité Ets,BTP & Immobilier,Tori-Bossito,+229 69 41 60 97,sarl.électricité.ets@sarl.électricité.ets.bj,sarlélectricitéets.bj,TPE (<10),B2B,APIEx,,Actif,2026-06-29T00:14:35.931189,haute
BJ-6FCE7A2D,Fondation Tori-Bossito,BTP & Immobilier,Tori-Bossito,+229 83 23 83 80,,fondationtoribossito.bj,TPE (<10),B2C,APIEx,,Actif,2026-06-29T00:14:35.931218,moyenne
BJ-962BC52B,Groupe Urbanisme,BTP & Immobilier,Tori-Bossito,+229 20 11 78 92,,,PME (50-200),B2B,APIEx,,Actif,2026-06-29T00:14:35.931243,basse
BJ-27644956,Ingénierie Tori-Bossito,BTP & Immobilier,Tori-Bossito,+229 27 46 58 28,ingénierie.toribossito@ingénierie.toribossito.benin,ingénierietoribossito.bj,TPE (<10),B2C,APIEx,,Actif,2026-06-29T00:14:35.931277,haute
BJ-6D620E49,Groupe Fondation,BTP & Immobilier,Tori-Bossito,+229 61 85 15 18,groupe.fondation@groupe.fondation.org,groupefondation.bj,Grande (>200),B2C,APIEx,,Actif,2026-06-29T00:14:35.931305,haute
BJ-5794F1DF,SA Électricité Ets,BTP & Immobilier,Grand-Popo,+229 32 52 99 71,,saélectricitéets.bj,TPE (<10),B2B,APIEx,,Actif,2026-06-29T00:14:35.931343,moyenne
BJ-0ED67D1D,Béton,BTP & Immobilier,Grand-Popo,+229 63 39 11 89,béton@béton.net,béton.bj,PME (10-50),B2B,APIEx,,Actif,2026-06-29T00:14:35.931371,haute
BJ-F37FE6EB,SCI Immobilier Africa,BTP & Immobilier,Grand-Popo,+229 92 77 26 59,sci.immobilier.africa@sci.immobilier.africa.benin,,TPE (<10),B2C,APIEx,,Actif,2026-06-29T00:14:35.931398,moyenne
BJ-8974526D,Cabinet Plomberie,BTP & Immobilier,Grand-Popo,+229 37 69 96 84,cabinet.plomberie@cabinet.plomberie.net,,PME (50-200),B2C,APIEx,,Actif,2026-06-29T00:14:35.931426,moyenne
BJ-9AE70CA2,Fondation Grand-Popo,BTP & Immobilier,Grand-Popo,+229 66 46 41 41,fondation.grandpopo@fondation.grandpopo.bj,,PME (10-50),B2C,APIEx,,Actif,2026-06-29T00:14:35.931453,moyenne
BJ-D7BC7C62,SCI Architecte,BTP & Immobilier,Athiémé,+229 65 21 55 12,,,PME (50-200),B2B,APIEx,,Actif,2026-06-29T00:14:35.931486,basse
BJ-36537059,Ets Urbanisme,BTP & Immobilier,Athiémé,+229 29 62 77 93,,etsurbanisme.bj,PME (10-50),B2C,APIEx,,Actif,2026-06-29T00:14:35.931515,moyenne
BJ-D1F6A1B5,Bâtiment Cabinet,BTP & Immobilier,Athiémé,+229 96 57 65 63,bâtiment.cabinet@bâtiment.cabinet.com,bâtimentcabinet.bj,PME (10-50),B2B,APIEx,,Actif,2026-06-29T00:14:35.931544,haute
BJ-69C92B13,Habitat,BTP & Immobilier,Athiémé,+229 97 71 61 39,habitat@habitat.org,habitat.bj,Grande (>200),B2C,APIEx,,Actif,2026-06-29T00:14:35.931574,haute
BJ-7E1CB977,Bâtiment,BTP & Immobilier,Athiémé,+229 88 38 80 18,bâtiment@bâtiment.net,bâtiment.bj,TPE (<10),B2C,APIEx,,Actif,2026-06-29T00:14:35.931606,haute
BJ-AF8F3580,Habitat Groupe,BTP & Immobilier,Bopa,+229 58 61 53 89,habitat.groupe@habitat.groupe.net,habitatgroupe.bj,TPE (<10),B2C,APIEx,,Actif,2026-06-29T00:14:35.931643,haute
BJ-0DF9A096,SO Plomberie,BTP & Immobilier,Bopa,+229 30 92 44 29,,,TPE (<10),B2B,APIEx,,Actif,2026-06-29T00:14:35.931672,basse
BJ-04112943,BTP Immobilier Bopa,BTP & Immobilier,Bopa,+229 26 79 73 70,btp.immobilier.bopa@btp.immobilier.bopa.benin,btpimmobilierbopa.bj,PME (50-200),B2B,APIEx,,Actif,2026-06-29T00:14:35.931700,haute
BJ-E72BE9B4,Bâtiment,BTP & Immobilier,Bopa,+229 59 14 77 55,,bâtiment.bj,TPE (<10),B2B,APIEx,,Actif,2026-06-29T00:14:35.931726,moyenne
BJ-5EABE470,Fondation Ets,BTP & Immobilier,Bopa,+229 97 80 57 58,fondation.ets@fondation.ets.org,fondationets.bj,PME (50-200),B2B,APIEx,,Actif,2026-06-29T00:14:35.931753,haute
BJ-160158B1,Plomberie Houéyogbé,BTP & Immobilier,Houéyogbé,+229 38 66 21 96,,,PME (10-50),B2C,APIEx,,Actif,2026-06-29T00:14:35.931787,basse
BJ-C757B1D9,SA Habitat,BTP & Immobilier,Houéyogbé,+229 97 34 56 98,sa.habitat@sa.habitat.org,,TPE (<10),B2B,APIEx,,Actif,2026-06-29T00:14:35.931813,moyenne
BJ-9262A415,Immobilier,BTP & Immobilier,Houéyogbé,+229 84 34 63 10,immobilier@immobilier.com,,PME (10-50),B2C,APIEx,,Actif,2026-06-29T00:14:35.931839,moyenne
BJ-53967D38,Toiture SA,BTP & Immobilier,Houéyogbé,+229 54 67 24 46,,,PME (50-200),B2C,APIEx,,Actif,2026-06-29T00:14:35.931873,basse
BJ-3CD782D6,Toiture Africa,BTP & Immobilier,Houéyogbé,+229 43 32 23 51,,toitureafrica.bj,PME (50-200),B2C,APIEx,,Actif,2026-06-29T00:14:35.931918,moyenne
BJ-A311B2E2,Toiture Services,BTP & Immobilier,Malanville,+229 35 16 26 14,,toitureservices.bj,TPE (<10),B2B,APIEx,,Actif,2026-06-29T00:14:35.931963,moyenne
BJ-1184171D,Bâtiment,BTP & Immobilier,Malanville,+229 70 88 63 69,bâtiment@bâtiment.bj,bâtiment.bj,PME (50-200),B2B,APIEx,,Actif,2026-06-29T00:14:35.931999,haute
BJ-0A769E7C,SA Fondation,BTP & Immobilier,Malanville,+229 87 40 76 54,,,PME (10-50),B2C,APIEx,,Actif,2026-06-29T00:14:35.932026,basse
BJ-B5D97817,Béton SA,BTP & Immobilier,Malanville,+229 55 70 44 47,béton.sa@béton.sa.benin,bétonsa.bj,PME (50-200),B2B,APIEx,,Actif,2026-06-29T00:14:35.932083,haute
BJ-7970EB24,Cabinet Toiture Cabinet,BTP & Immobilier,Kandi,+229 97 91 42 96,,cabinettoiturecabinet.bj,PME (50-200),B2B,APIEx,,Actif,2026-06-29T00:14:35.932157,moyenne
BJ-1B922AC6,Béton Kandi,BTP & Immobilier,Kandi,+229 21 57 55 21,,bétonkandi.bj,Grande (>200),B2C,APIEx,,Actif,2026-06-29T00:14:35.932201,moyenne
BJ-1D1410EA,BTP Travaux Services,BTP & Immobilier,Kandi,+229 32 69 27 20,,btptravauxservices.bj,TPE (<10),B2B,APIEx,,Actif,2026-06-29T00:14:35.932221,moyenne
BJ-9A95C732,Urbanisme SARL Kandi,BTP & Immobilier,Kandi,+229 33 43 82 50,urbanisme.sarl.kandi@urbanisme.sarl.kandi.benin,,TPE (<10),B2C,APIEx,,Actif,2026-06-29T00:14:35.932237,moyenne
BJ-EA05299C,Fondation,BTP & Immobilier,Banikoara,+229 20 41 74 19,,,PME (50-200),B2B,APIEx,,Actif,2026-06-29T00:14:35.932287,basse
BJ-74BB03D2,Cabinet Bâtiment Banikoara,BTP & Immobilier,Banikoara,+229 35 51 61 45,cabinet.bâtiment.banikoara@cabinet.bâtiment.banikoara.net,,PME (10-50),B2B,APIEx,,Actif,2026-06-29T00:14:35.932352,moyenne
BJ-99877087,SARL Construction,BTP & Immobilier,Banikoara,+229 41 46 17 73,sarl.construction@sarl.construction.com,sarlconstruction.bj,PME (50-200),B2C,APIEx,,Actif,2026-06-29T00:14:35.932379,haute
BJ-2C613DBC,Toiture,BTP & Immobilier,Banikoara,+229 47 81 31 94,toiture@toiture.benin,,PME (10-50),B2C,APIEx,,Actif,2026-06-29T00:14:35.932405,moyenne
BJ-DABCEAAE,Plomberie International,BTP & Immobilier,Ségbana,+229 85 66 36 48,,,PME (10-50),B2C,APIEx,,Actif,2026-06-29T00:14:35.932438,basse
BJ-8A2388AF,SARL Maison Solutions,BTP & Immobilier,Ségbana,+229 21 30 58 51,,,TPE (<10),B2B,APIEx,,Actif,2026-06-29T00:14:35.932463,basse
BJ-76E559E2,SA Immobilier International,BTP & Immobilier,Ségbana,+229 37 17 11 97,,,TPE (<10),B2C,APIEx,,Actif,2026-06-29T00:14:35.932487,basse
BJ-EB787224,Cabinet Habitat,BTP & Immobilier,Ségbana,+229 54 20 84 79,,cabinethabitat.bj,PME (10-50),B2C,APIEx,,Actif,2026-06-29T00:14:35.932517,moyenne
BJ-4C7E1163,Bâtiment Solutions,BTP & Immobilier,Ségbana,+229 74 24 23 92,bâtiment.solutions@bâtiment.solutions.com,,PME (50-200),B2C,APIEx,,Actif,2026-06-29T00:14:35.932544,moyenne
BJ-5D419227,Bâtiment,BTP & Immobilier,Karimama,+229 87 86 40 99,bâtiment@bâtiment.net,,PME (10-50),B2C,APIEx,,Actif,2026-06-29T00:14:35.932579,moyenne
BJ-69C4664B,Ingénierie,BTP & Immobilier,Karimama,+229 67 26 82 70,,ingénierie.bj,TPE (<10),B2C,APIEx,,Actif,2026-06-29T00:14:35.932605,moyenne
BJ-A5D4920F,Béton,BTP & Immobilier,Karimama,+229 68 45 56 78,,,TPE (<10),B2C,APIEx,,Actif,2026-06-29T00:14:35.932628,basse
BJ-5432730C,Groupe Urbanisme Ets,BTP & Immobilier,Karimama,+229 70 52 78 11,,groupeurbanismeets.bj,PME (10-50),B2B,APIEx,,Actif,2026-06-29T00:14:35.932658,moyenne
BJ-F2F05A05,SO Fondation SARL Karimama,BTP & Immobilier,Karimama,+229 59 30 52 37,,,TPE (<10),B2B,APIEx,,Actif,2026-06-29T00:14:35.932682,basse
BJ-9D8F8C74,Ets Urbanisme,BTP & Immobilier,Gogounou,+229 31 29 20 89,ets.urbanisme@ets.urbanisme.bj,etsurbanisme.bj,PME (10-50),B2B,APIEx,,Actif,2026-06-29T00:14:35.932719,haute
BJ-4C06E280,Toiture Cabinet Gogounou,BTP & Immobilier,Gogounou,+229 33 56 29 20,,,PME (50-200),B2C,APIEx,,Actif,2026-06-29T00:14:35.932760,basse
BJ-4A03C546,Groupe Plomberie,BTP & Immobilier,Gogounou,+229 39 64 27 21,groupe.plomberie@groupe.plomberie.net,,TPE (<10),B2C,APIEx,,Actif,2026-06-29T00:14:35.932787,moyenne
BJ-8A461A40,BTP Maison Cabinet Gogounou,BTP & Immobilier,Gogounou,+229 68 21 29 43,btp.maison.cabinet.gogounou@btp.maison.cabinet.gogounou.benin,,PME (10-50),B2C,APIEx,,Actif,2026-06-29T00:14:35.932817,moyenne
BJ-F693F85E,Ingénierie,BTP & Immobilier,Cobly,+229 99 90 74 18,,ingénierie.bj,TPE (<10),B2B,APIEx,,Actif,2026-06-29T00:14:35.932916,moyenne
BJ-D3ED0C6C,SCI Construction,BTP & Immobilier,Cobly,+229 70 51 97 37,sci.construction@sci.construction.benin,sciconstruction.bj,Grande (>200),B2B,APIEx,,Actif,2026-06-29T00:14:35.932931,haute
BJ-68A2B899,SA Habitat Cobly,BTP & Immobilier,Cobly,+229 42 25 10 13,,sahabitatcobly.bj,PME (50-200),B2B,APIEx,,Actif,2026-06-29T00:14:35.932943,moyenne
BJ-B38E1D24,Urbanisme Groupe Cobly,BTP & Immobilier,Cobly,+229 83 40 18 87,,urbanismegroupecobly.bj,TPE (<10),B2B,APIEx,,Actif,2026-06-29T00:14:35.932955,moyenne
BJ-DC467D9B,Ets Urbanisme Solutions,BTP & Immobilier,Tanguiéta,+229 37 60 74 69,,,PME (10-50),B2C,APIEx,,Actif,2026-06-29T00:14:35.932973,basse
BJ-4E01AB18,Construction Groupe,BTP & Immobilier,Tanguiéta,+229 95 53 60 38,construction.groupe@construction.groupe.net,,TPE (<10),B2C,APIEx,,Actif,2026-06-29T00:14:35.932986,moyenne
BJ-D4B67FEA,Immobilier SA Tanguiéta,BTP & Immobilier,Tanguiéta,+229 93 21 76 31,immobilier.sa.tanguiéta@immobilier.sa.tanguiéta.benin,immobiliersatanguiéta.bj,TPE (<10),B2B,APIEx,,Actif,2026-06-29T00:14:35.933000,haute
BJ-C18E1316,SA Maison SARL,BTP & Immobilier,Tanguiéta,+229 55 39 82 43,sa.maison.sarl@sa.maison.sarl.com,,TPE (<10),B2C,APIEx,,Actif,2026-06-29T00:14:35.933020,moyenne
BJ-D07CB9D0,Fondation Bénin,BTP & Immobilier,Tanguiéta,+229 61 97 22 92,,,TPE (<10),B2B,APIEx,,Actif,2026-06-29T00:14:35.933033,basse
BJ-00B3C56E,BTP Béton International,BTP & Immobilier,Matéri,+229 67 60 53 18,btp.béton.international@btp.béton.international.com,btpbétoninternational.bj,Grande (>200),B2C,APIEx,,Actif,2026-06-29T00:14:35.933054,haute
BJ-B2E15280,SA Bâtiment Solutions Matéri,BTP & Immobilier,Matéri,+229 51 27 24 37,,sabâtimentsolutionsmatéri.bj,PME (50-200),B2B,APIEx,,Actif,2026-06-29T00:14:35.933068,moyenne
BJ-0307E687,Toiture Services,BTP & Immobilier,Matéri,+229 49 94 31 17,,,PME (10-50),B2B,APIEx,,Actif,2026-06-29T00:14:35.933079,basse
BJ-BC05CA4B,Architecte,BTP & Immobilier,Matéri,+229 28 29 11 77,architecte@architecte.net,architecte.bj,PME (10-50),B2C,APIEx,,Actif,2026-06-29T00:14:35.933092,haute
BJ-D9036076,SA Construction,BTP & Immobilier,Matéri,+229 51 69 22 79,,saconstruction.bj,TPE (<10),B2C,APIEx,,Actif,2026-06-29T00:14:35.933103,moyenne
BJ-893C2C89,Architecte Bénin,BTP & Immobilier,Natitingou,+229 55 77 12 70,,architectebénin.bj,TPE (<10),B2C,APIEx,,Actif,2026-06-29T00:14:35.933121,moyenne
BJ-4BE982A6,Structure,BTP & Immobilier,Natitingou,+229 95 50 72 85,,structure.bj,TPE (<10),B2B,APIEx,,Actif,2026-06-29T00:14:35.933134,moyenne
BJ-1CBB400F,SCI Structure,BTP & Immobilier,Natitingou,+229 30 45 11 74,,scistructure.bj,TPE (<10),B2C,APIEx,,Actif,2026-06-29T00:14:35.933146,moyenne
BJ-D37FABE1,Travaux,BTP & Immobilier,Natitingou,+229 55 80 72 88,travaux@travaux.com,travaux.bj,PME (10-50),B2B,APIEx,,Actif,2026-06-29T00:14:35.933161,haute
BJ-D538E6FE,Groupe Urbanisme,BTP & Immobilier,Natitingou,+229 76 78 56 41,groupe.urbanisme@groupe.urbanisme.com,groupeurbanisme.bj,PME (10-50),B2B,APIEx,,Actif,2026-06-29T00:14:35.933176,haute
BJ-4011518C,SO Maison,BTP & Immobilier,Toucountouna,+229 47 76 36 67,so.maison@so.maison.benin,,TPE (<10),B2B,APIEx,,Actif,2026-06-29T00:14:35.933194,moyenne
BJ-0239FC4A,BTP Architecte Africa Toucountouna,BTP & Immobilier,Toucountouna,+229 49 91 87 75,btp.architecte.africa.toucountouna@btp.architecte.africa.toucountouna.net,btparchitecteafricatoucountouna.bj,PME (10-50),B2C,APIEx,,Actif,2026-06-29T00:14:35.933208,haute
BJ-50A4B15F,Groupe Toiture Africa Toucountouna,BTP & Immobilier,Toucountouna,+229 57 59 29 73,,,TPE (<10),B2C,APIEx,,Actif,2026-06-29T00:14:35.933219,basse
BJ-C0C0F9DB,Travaux,BTP & Immobilier,Toucountouna,+229 53 19 90 56,,travaux.bj,TPE (<10),B2B,APIEx,,Actif,2026-06-29T00:14:35.933231,moyenne
BJ-89E1282E,Fondation SARL Toucountouna,BTP & Immobilier,Toucountouna,+229 82 67 14 25,,fondationsarltoucountouna.bj,Grande (>200),B2B,APIEx,,Actif,2026-06-29T00:14:35.933246,moyenne
BJ-CDB7CCAE,Architecte,BTP & Immobilier,Boukoumbé,+229 52 94 16 93,,,PME (10-50),B2B,APIEx,,Actif,2026-06-29T00:14:35.933263,basse
BJ-B1BF6C71,SO Construction,BTP & Immobilier,Boukoumbé,+229 92 33 44 82,so.construction@so.construction.benin,soconstruction.bj,TPE (<10),B2B,APIEx,,Actif,2026-06-29T00:14:35.933276,haute
BJ-76F261F4,Ingénierie Boukoumbé,BTP & Immobilier,Boukoumbé,+229 74 90 23 94,ingénierie.boukoumbé@ingénierie.boukoumbé.bj,ingénierieboukoumbé.bj,TPE (<10),B2C,APIEx,,Actif,2026-06-29T00:14:35.933294,haute
BJ-45A4546B,Groupe Immobilier Boukoumbé,BTP & Immobilier,Boukoumbé,+229 68 39 96 48,groupe.immobilier.boukoumbé@groupe.immobilier.boukoumbé.bj,groupeimmobilierboukoumbé.bj,PME (10-50),B2B,APIEx,,Actif,2026-06-29T00:14:35.933311,haute
BJ-3120E02B,Groupe Construction Services,BTP & Immobilier,Boukoumbé,+229 55 62 91 10,groupe.construction.services@groupe.construction.services.bj,,Grande (>200),B2B,APIEx,,Actif,2026-06-29T00:14:35.933323,moyenne
BJ-3AAB0F4F,SA Électricité Kouandé,BTP & Immobilier,Kouandé,+229 30 15 56 39,sa.électricité.kouandé@sa.électricité.kouandé.net,,PME (50-200),B2C,APIEx,,Actif,2026-06-29T00:14:35.933343,moyenne
BJ-6C49ACD7,SA Ingénierie International,BTP & Immobilier,Kouandé,+229 20 84 48 30,,saingénierieinternational.bj,PME (10-50),B2B,APIEx,,Actif,2026-06-29T00:14:35.933356,moyenne
BJ-271CD317,Maison,BTP & Immobilier,Kouandé,+229 74 58 20 21,maison@maison.benin,,PME (10-50),B2C,APIEx,,Actif,2026-06-29T00:14:35.933368,moyenne
BJ-E8FCC3B4,Électricité,BTP & Immobilier,Kouandé,+229 64 69 72 89,électricité@électricité.benin,électricité.bj,PME (50-200),B2C,APIEx,,Actif,2026-06-29T00:14:35.933392,haute
BJ-5D1DAF60,Groupe Habitat,BTP & Immobilier,Péhunco,+229 24 34 72 41,groupe.habitat@groupe.habitat.net,,TPE (<10),B2C,APIEx,,Actif,2026-06-29T00:14:35.933410,moyenne
BJ-914924C5,Urbanisme,BTP & Immobilier,Péhunco,+229 97 83 50 82,,urbanisme.bj,TPE (<10),B2B,APIEx,,Actif,2026-06-29T00:14:35.933422,moyenne
BJ-A168E34F,Bâtiment Péhunco,BTP & Immobilier,Péhunco,+229 22 59 39 17,bâtiment.péhunco@bâtiment.péhunco.org,bâtimentpéhunco.bj,PME (10-50),B2B,APIEx,,Actif,2026-06-29T00:14:35.933436,haute
BJ-9FF1B26C,BTP Ingénierie,BTP & Immobilier,Péhunco,+229 66 65 78 95,,,Grande (>200),B2B,APIEx,,Actif,2026-06-29T00:14:35.933450,basse
BJ-14418542,Travaux SARL,BTP & Immobilier,Péhunco,+229 20 98 15 82,travaux.sarl@travaux.sarl.benin,travauxsarl.bj,TPE (<10),B2B,APIEx,,Actif,2026-06-29T00:14:35.933463,haute
BJ-2C1A3EB9,Travaux SA Tchaourou,BTP & Immobilier,Tchaourou,+229 49 88 42 75,travaux.sa.tchaourou@travaux.sa.tchaourou.benin,,Grande (>200),B2C,APIEx,,Actif,2026-06-29T00:14:35.933481,moyenne
BJ-232308D4,SA Immobilier Tchaourou,BTP & Immobilier,Tchaourou,+229 96 56 52 99,sa.immobilier.tchaourou@sa.immobilier.tchaourou.benin,saimmobiliertchaourou.bj,TPE (<10),B2C,APIEx,,Actif,2026-06-29T00:14:35.933497,haute
BJ-E7C74539,Groupe Maison SA,BTP & Immobilier,Tchaourou,+229 58 85 21 82,groupe.maison.sa@groupe.maison.sa.bj,,PME (10-50),B2C,APIEx,,Actif,2026-06-29T00:14:35.933509,moyenne
BJ-35A761E6,BTP Travaux SA,BTP & Immobilier,Tchaourou,+229 27 87 19 55,,btptravauxsa.bj,PME (10-50),B2C,APIEx,,Actif,2026-06-29T00:14:35.933521,moyenne
BJ-323A009A,SCI Fondation Bénin Tchaourou,BTP & Immobilier,Tchaourou,+229 97 30 17 61,,,TPE (<10),B2C,APIEx,,Actif,2026-06-29T00:14:35.933533,basse
BJ-AFEA841E,SCI Architecte Bénin Nikki,BTP & Immobilier,Nikki,+229 22 70 50 88,,sciarchitectebéninnikki.bj,PME (10-50),B2C,APIEx,,Actif,2026-06-29T00:14:35.933554,moyenne
BJ-BADF3AE4,Toiture,BTP & Immobilier,Nikki,+229 75 30 54 94,toiture@toiture.bj,toiture.bj,PME (50-200),B2B,APIEx,,Actif,2026-06-29T00:14:35.933568,haute
BJ-B404D097,Cabinet Électricité Ets,BTP & Immobilier,Nikki,+229 76 96 46 13,cabinet.électricité.ets@cabinet.électricité.ets.benin,,PME (50-200),B2C,APIEx,,Actif,2026-06-29T00:14:35.933581,moyenne
BJ-85351F2F,SO Électricité SARL,BTP & Immobilier,Nikki,+229 51 99 95 37,,,PME (10-50),B2C,APIEx,,Actif,2026-06-29T00:14:35.933596,basse
BJ-6BFA0480,Architecte Africa,BTP & Immobilier,Nikki,+229 64 84 50 55,,architecteafrica.bj,TPE (<10),B2B,APIEx,,Actif,2026-06-29T00:14:35.933607,moyenne
BJ-E95FDA8A,SCI Structure International,BTP & Immobilier,Bembéréké,+229 22 67 96 35,sci.structure.international@sci.structure.international.bj,scistructureinternational.bj,PME (10-50),B2B,APIEx,,Actif,2026-06-29T00:14:35.933627,haute
BJ-4090B26C,BTP Travaux,BTP & Immobilier,Bembéréké,+229 92 54 67 64,btp.travaux@btp.travaux.benin,,TPE (<10),B2B,APIEx,,Actif,2026-06-29T00:14:35.933639,moyenne
BJ-C264174F,SCI Électricité Bembéréké,BTP & Immobilier,Bembéréké,+229 81 16 36 32,sci.électricité.bembéréké@sci.électricité.bembéréké.com,sciélectricitébembéréké.bj,PME (50-200),B2C,APIEx,,Actif,2026-06-29T00:14:35.933652,haute
BJ-F81480ED,Plomberie,BTP & Immobilier,Bembéréké,+229 31 36 67 83,plomberie@plomberie.org,plomberie.bj,PME (10-50),B2B,APIEx,,Actif,2026-06-29T00:14:35.933665,haute
BJ-DB8166C7,Toiture SARL,BTP & Immobilier,Bembéréké,+229 92 80 48 21,,toituresarl.bj,PME (10-50),B2B,APIEx,,Actif,2026-06-29T00:14:35.933676,moyenne
BJ-0DB663A2,BTP Structure,BTP & Immobilier,Kalalé,+229 73 19 25 55,btp.structure@btp.structure.com,,TPE (<10),B2C,APIEx,,Actif,2026-06-29T00:14:35.933708,moyenne
BJ-D33EAFEE,Construction International Kalalé,BTP & Immobilier,Kalalé,+229 91 94 15 22,,,PME (10-50),B2B,APIEx,,Actif,2026-06-29T00:14:35.933725,basse
BJ-019E7E24,BTP Urbanisme Kalalé,BTP & Immobilier,Kalalé,+229 75 25 24 35,,btpurbanismekalalé.bj,TPE (<10),B2C,APIEx,,Actif,2026-06-29T00:14:35.933740,moyenne
BJ-8D5F528B,Immobilier SA,BTP & Immobilier,Kalalé,+229 56 75 91 45,immobilier.sa@immobilier.sa.benin,,TPE (<10),B2B,APIEx,,Actif,2026-06-29T00:14:35.933753,moyenne
BJ-B0D65CC4,BTP Bâtiment,BTP & Immobilier,Ndali,+229 84 70 55 91,,,PME (10-50),B2C,APIEx,,Actif,2026-06-29T00:14:35.933770,basse
BJ-FF27A7CB,Béton,BTP & Immobilier,Ndali,+229 35 50 69 12,,béton.bj,TPE (<10),B2B,APIEx,,Actif,2026-06-29T00:14:35.933781,moyenne
BJ-0DF4E0F4,Architecte,BTP & Immobilier,Ndali,+229 20 87 71 23,architecte@architecte.net,,PME (10-50),B2C,APIEx,,Actif,2026-06-29T00:14:35.933793,moyenne
BJ-5C778699,SARL Travaux Africa,BTP & Immobilier,Ndali,+229 47 98 68 16,sarl.travaux.africa@sarl.travaux.africa.net,,PME (50-200),B2C,APIEx,,Actif,2026-06-29T00:14:35.933805,moyenne
BJ-EABF9ADA,Immobilier Services,BTP & Immobilier,Ndali,+229 43 54 83 98,,,TPE (<10),B2B,APIEx,,Actif,2026-06-29T00:14:35.933816,basse
BJ-BCEE9D32,Ets Fondation,BTP & Immobilier,Ségbana,+229 54 71 70 55,ets.fondation@ets.fondation.net,etsfondation.bj,TPE (<10),B2B,APIEx,,Actif,2026-06-29T00:14:35.933834,haute
BJ-23AECFA2,Structure,BTP & Immobilier,Ségbana,+229 70 73 41 59,structure@structure.com,structure.bj,TPE (<10),B2B,APIEx,,Actif,2026-06-29T00:14:35.933847,haute
BJ-C50D9674,Construction SARL,BTP & Immobilier,Ségbana,+229 50 18 45 18,construction.sarl@construction.sarl.net,,TPE (<10),B2C,APIEx,,Actif,2026-06-29T00:14:35.933859,moyenne
BJ-48F25BA7,SCI Bâtiment,BTP & Immobilier,Ségbana,+229 85 62 73 98,,,PME (10-50),B2B,APIEx,,Actif,2026-06-29T00:14:35.933873,basse
BJ-2C172A10,Plomberie Services,BTP & Immobilier,Ségbana,+229 91 15 70 14,plomberie.services@plomberie.services.org,plomberieservices.bj,PME (10-50),B2B,APIEx,,Actif,2026-06-29T00:14:35.933887,haute
BJ-CC3E57E2,BTP Maison Groupe,BTP & Immobilier,Tchaourou,+229 66 41 69 70,btp.maison.groupe@btp.maison.groupe.bj,btpmaisongroupe.bj,TPE (<10),B2C,APIEx,,Actif,2026-06-29T00:14:35.933922,haute
BJ-2A77D521,SO Béton Africa,BTP & Immobilier,Tchaourou,+229 93 16 94 73,,,TPE (<10),B2B,APIEx,,Actif,2026-06-29T00:14:35.933934,basse
BJ-0E896F77,Cabinet Plomberie Groupe,BTP & Immobilier,Tchaourou,+229 67 46 76 62,,cabinetplomberiegroupe.bj,PME (50-200),B2C,APIEx,,Actif,2026-06-29T00:14:35.933946,moyenne
BJ-4BD558DA,Ets Construction,BTP & Immobilier,Tchaourou,+229 46 22 78 87,ets.construction@ets.construction.net,,TPE (<10),B2C,APIEx,,Actif,2026-06-29T00:14:35.933963,moyenne
BJ-9981077C,SO Ingénierie SARL Tchaourou,BTP & Immobilier,Tchaourou,+229 28 39 76 90,so.ingénierie.sarl.tchaourou@so.ingénierie.sarl.tchaourou.net,soingénieriesarltchaourou.bj,TPE (<10),B2C,APIEx,,Actif,2026-06-29T00:14:35.933977,haute
BJ-F2A736C6,SCI Électricité Bénin,BTP & Immobilier,Bétérou,+229 70 28 58 36,,sciélectricitébénin.bj,PME (10-50),B2C,APIEx,,Actif,2026-06-29T00:14:35.933996,moyenne
BJ-872D6F38,SARL Immobilier SA Bétérou,BTP & Immobilier,Bétérou,+229 37 50 83 41,sarl.immobilier.sa.bétérou@sarl.immobilier.sa.bétérou.org,,PME (10-50),B2C,APIEx,,Actif,2026-06-29T00:14:35.934010,moyenne
BJ-58C9EC72,Travaux Solutions,BTP & Immobilier,Bétérou,+229 58 71 59 57,travaux.solutions@travaux.solutions.benin,,TPE (<10),B2B,APIEx,,Actif,2026-06-29T00:14:35.934021,moyenne
BJ-86786DA7,SCI Plomberie,BTP & Immobilier,Bétérou,+229 37 70 42 21,,sciplomberie.bj,PME (10-50),B2B,APIEx,,Actif,2026-06-29T00:14:35.934036,moyenne
BJ-4E107AB2,SA Électricité,BTP & Immobilier,Bétérou,+229 22 36 22 30,sa.électricité@sa.électricité.com,saélectricité.bj,TPE (<10),B2B,APIEx,,Actif,2026-06-29T00:14:35.934050,haute
BJ-A24A1373,Architecte,BTP & Immobilier,Ouessè,+229 39 67 16 50,,architecte.bj,Grande (>200),B2B,APIEx,,Actif,2026-06-29T00:14:35.934067,moyenne
BJ-68C8C6BF,Maison Cabinet,BTP & Immobilier,Ouessè,+229 62 72 23 22,maison.cabinet@maison.cabinet.benin,maisoncabinet.bj,Grande (>200),B2B,APIEx,,Actif,2026-06-29T00:14:35.934080,haute
BJ-936CC7E1,BTP Ingénierie International,BTP & Immobilier,Ouessè,+229 84 14 68 26,,btpingénierieinternational.bj,TPE (<10),B2C,APIEx,,Actif,2026-06-29T00:14:35.934092,moyenne
BJ-3D9ADCB4,Construction International,BTP & Immobilier,Ouessè,+229 23 10 31 22,construction.international@construction.international.org,constructioninternational.bj,PME (10-50),B2C,APIEx,,Actif,2026-06-29T00:14:35.934108,haute
BJ-932C37BB,SCI Fondation Glazoué,BTP & Immobilier,Glazoué,+229 87 66 27 85,,,PME (50-200),B2C,APIEx,,Actif,2026-06-29T00:14:35.934138,basse
BJ-BFD07692,SA Plomberie,BTP & Immobilier,Glazoué,+229 27 24 89 61,sa.plomberie@sa.plomberie.benin,saplomberie.bj,PME (50-200),B2B,APIEx,,Actif,2026-06-29T00:14:35.934150,haute
BJ-2DE5C2C5,Construction Groupe,BTP & Immobilier,Glazoué,+229 96 67 34 57,construction.groupe@construction.groupe.com,,TPE (<10),B2C,APIEx,,Actif,2026-06-29T00:14:35.934161,moyenne
BJ-8A69441F,Structure,BTP & Immobilier,Glazoué,+229 60 95 48 19,,,TPE (<10),B2C,APIEx,,Actif,2026-06-29T00:14:35.934178,basse
BJ-09ECA5F4,SARL Architecte Bénin,BTP & Immobilier,Glazoué,+229 45 88 50 24,sarl.architecte.bénin@sarl.architecte.bénin.bj,sarlarchitectebénin.bj,PME (10-50),B2C,APIEx,,Actif,2026-06-29T00:14:35.934193,haute
BJ-A4B0BCFB,Cabinet Construction Groupe,BTP & Immobilier,Dassa-Zoumè,+229 98 88 28 63,cabinet.construction.groupe@cabinet.construction.groupe.org,,TPE (<10),B2B,APIEx,,Actif,2026-06-29T00:14:35.934212,moyenne
BJ-44A87836,Ets Habitat Cabinet Dassa-Zoumè,BTP & Immobilier,Dassa-Zoumè,+229 50 94 14 26,,,TPE (<10),B2C,APIEx,,Actif,2026-06-29T00:14:35.934235,basse
BJ-F22FB82E,Cabinet Maison,BTP & Immobilier,Dassa-Zoumè,+229 54 72 82 64,,cabinetmaison.bj,PME (10-50),B2B,APIEx,,Actif,2026-06-29T00:14:35.934247,moyenne
BJ-B25594EB,Construction Africa,BTP & Immobilier,Dassa-Zoumè,+229 62 12 35 66,,,PME (10-50),B2C,APIEx,,Actif,2026-06-29T00:14:35.934258,basse
BJ-D5E711BA,Groupe Immobilier Services,BTP & Immobilier,Savalou,+229 34 98 62 49,groupe.immobilier.services@groupe.immobilier.services.com,groupeimmobilierservices.bj,PME (50-200),B2B,APIEx,,Actif,2026-06-29T00:14:35.934275,haute
BJ-79E3B7C5,Ets Ingénierie Groupe,BTP & Immobilier,Savalou,+229 68 75 11 92,,etsingénieriegroupe.bj,TPE (<10),B2B,APIEx,,Actif,2026-06-29T00:14:35.934287,moyenne
BJ-FB8190E2,Architecte Services,BTP & Immobilier,Savalou,+229 83 26 40 70,,architecteservices.bj,PME (10-50),B2B,APIEx,,Actif,2026-06-29T00:14:35.934299,moyenne
BJ-68DE93F3,SO Habitat Savalou,BTP & Immobilier,Savalou,+229 53 17 85 14,so.habitat.savalou@so.habitat.savalou.com,sohabitatsavalou.bj,PME (10-50),B2C,APIEx,,Actif,2026-06-29T00:14:35.934314,haute
BJ-9B52B1A6,SCI Architecte Savalou,BTP & Immobilier,Savalou,+229 78 64 10 10,sci.architecte.savalou@sci.architecte.savalou.net,sciarchitectesavalou.bj,TPE (<10),B2C,APIEx,,Actif,2026-06-29T00:14:35.934327,haute
BJ-049A906F,Toiture,BTP & Immobilier,Bantè,+229 41 79 84 75,toiture@toiture.bj,toiture.bj,PME (10-50),B2B,APIEx,,Actif,2026-06-29T00:14:35.934345,haute
BJ-357F1AD8,Électricité,BTP & Immobilier,Bantè,+229 30 99 71 22,électricité@électricité.org,électricité.bj,TPE (<10),B2C,APIEx,,Actif,2026-06-29T00:14:35.934359,haute
BJ-633E077F,Groupe Toiture Africa Bantè,BTP & Immobilier,Bantè,+229 36 37 27 72,groupe.toiture.africa.bantè@groupe.toiture.africa.bantè.bj,,TPE (<10),B2B,APIEx,,Actif,2026-06-29T00:14:35.934372,moyenne
BJ-235AE2F0,BTP Construction Africa,BTP & Immobilier,Bantè,+229 57 66 69 69,btp.construction.africa@btp.construction.africa.bj,btpconstructionafrica.bj,PME (10-50),B2B,APIEx,,Actif,2026-06-29T00:14:35.934384,haute
BJ-14ECCDE0,SARL Toiture Africa,BTP & Immobilier,Bantè,+229 90 27 77 56,,sarltoitureafrica.bj,PME (50-200),B2C,APIEx,,Actif,2026-06-29T00:14:35.934399,moyenne
BJ-A44C53EB,BTP Bâtiment Services,BTP & Immobilier,Djougou,+229 91 55 90 86,btp.bâtiment.services@btp.bâtiment.services.benin,,Grande (>200),B2B,APIEx,,Actif,2026-06-29T00:14:35.934418,moyenne
BJ-9331D0AA,SO Maison Djougou,BTP & Immobilier,Djougou,+229 78 58 42 16,so.maison.djougou@so.maison.djougou.com,somaisondjougou.bj,TPE (<10),B2B,APIEx,,Actif,2026-06-29T00:14:35.934431,haute
BJ-04EA974F,Immobilier,BTP & Immobilier,Djougou,+229 50 96 44 43,immobilier@immobilier.org,,TPE (<10),B2B,APIEx,,Actif,2026-06-29T00:14:35.934444,moyenne
BJ-BCCB091C,Cabinet Électricité Djougou,BTP & Immobilier,Djougou,+229 32 60 93 78,cabinet.électricité.djougou@cabinet.électricité.djougou.net,,PME (10-50),B2C,APIEx,,Actif,2026-06-29T00:14:35.934474,moyenne
BJ-0808B1F6,SO Travaux Ets,BTP & Immobilier,Djougou,+229 73 94 37 43,so.travaux.ets@so.travaux.ets.org,,Grande (>200),B2C,APIEx,,Actif,2026-06-29T00:14:35.934489,moyenne
BJ-153EE482,Groupe Habitat,BTP & Immobilier,Ouèssè,+229 51 73 27 60,,groupehabitat.bj,PME (50-200),B2B,APIEx,,Actif,2026-06-29T00:14:35.934511,moyenne
BJ-4FBE5E25,SARL Fondation Solutions Ouèssè,BTP & Immobilier,Ouèssè,+229 89 87 24 73,sarl.fondation.solutions.ouèssè@sarl.fondation.solutions.ouèssè.benin,sarlfondationsolutionsouèssè.bj,PME (10-50),B2C,APIEx,,Actif,2026-06-29T00:14:35.934533,haute
BJ-56464962,Fondation Ets,BTP & Immobilier,Ouèssè,+229 66 77 95 16,fondation.ets@fondation.ets.org,,TPE (<10),B2C,APIEx,,Actif,2026-06-29T00:14:35.934545,moyenne
BJ-2279F4CC,SA Architecte Cabinet Ouèssè,BTP & Immobilier,Ouèssè,+229 64 65 36 33,,,TPE (<10),B2C,APIEx,,Actif,2026-06-29T00:14:35.934568,basse
BJ-94D08158,Électricité,BTP & Immobilier,Bassila,+229 90 38 81 10,électricité@électricité.org,électricité.bj,TPE (<10),B2B,APIEx,,Actif,2026-06-29T00:14:35.934588,haute
BJ-026F9B0B,Habitat Solutions Bassila,BTP & Immobilier,Bassila,+229 67 38 47 18,habitat.solutions.bassila@habitat.solutions.bassila.net,,PME (10-50),B2C,APIEx,,Actif,2026-06-29T00:14:35.934600,moyenne
BJ-434443DB,BTP Toiture International,BTP & Immobilier,Bassila,+229 69 72 82 51,,,PME (10-50),B2C,APIEx,,Actif,2026-06-29T00:14:35.934611,basse
BJ-24B07E59,Ets Plomberie,BTP & Immobilier,Bassila,+229 53 44 14 69,,etsplomberie.bj,TPE (<10),B2B,APIEx,,Actif,2026-06-29T00:14:35.934626,moyenne
BJ-4FE9B0AB,Cabinet Habitat,BTP & Immobilier,Bassila,+229 38 16 21 22,cabinet.habitat@cabinet.habitat.net,,PME (50-200),B2B,APIEx,,Actif,2026-06-29T00:14:35.934639,moyenne
BJ-5C3D9AC2,SARL Plomberie Ets,BTP & Immobilier,Pehunco,+229 38 99 81 62,,sarlplomberieets.bj,TPE (<10),B2B,APIEx,,Actif,2026-06-29T00:14:35.934672,moyenne
BJ-4DA7DC92,Construction International,BTP & Immobilier,Pehunco,+229 85 99 91 97,,,TPE (<10),B2C,APIEx,,Actif,2026-06-29T00:14:35.934683,basse
BJ-350FDF85,SO Plomberie,BTP & Immobilier,Pehunco,+229 25 63 20 11,so.plomberie@so.plomberie.org,soplomberie.bj,TPE (<10),B2B,APIEx,,Actif,2026-06-29T00:14:35.934696,haute
BJ-EED1FE53,Groupe Électricité Services Pehunco,BTP & Immobilier,Pehunco,+229 24 40 84 72,,,PME (50-200),B2B,APIEx,,Actif,2026-06-29T00:14:35.934706,basse
BJ-968BA092,Béton Bénin Copargo,BTP & Immobilier,Copargo,+229 32 51 55 54,,bétonbénincopargo.bj,PME (10-50),B2B,APIEx,,Actif,2026-06-29T00:14:35.934725,moyenne
BJ-91B9423C,Immobilier Ets,BTP & Immobilier,Copargo,+229 31 64 79 85,,,Grande (>200),B2B,APIEx,,Actif,2026-06-29T00:14:35.934736,basse
BJ-4788F4BE,Ingénierie Copargo,BTP & Immobilier,Copargo,+229 61 85 99 45,ingénierie.copargo@ingénierie.copargo.com,ingénieriecopargo.bj,PME (10-50),B2C,APIEx,,Actif,2026-06-29T00:14:35.934749,haute
BJ-B5EA22E8,SA Béton Ets,BTP & Immobilier,Copargo,+229 46 87 93 20,sa.béton.ets@sa.béton.ets.net,,TPE (<10),B2C,APIEx,,Actif,2026-06-29T00:14:35.934764,moyenne
BJ-FF55B0B5,Béton Services,BTP & Immobilier,Copargo,+229 71 64 66 95,béton.services@béton.services.bj,bétonservices.bj,PME (50-200),B2C,APIEx,,Actif,2026-06-29T00:14:35.934778,haute
BJ-2B17DC5A,SARL Épicerie,Commerce & Distribution,Cotonou,+229 57 45 78 45,,sarlépicerie.bj,PME (10-50),B2C,APIEx,,Actif,2026-06-29T00:14:35.934810,moyenne
BJ-04091F1B,Centre Supply,Commerce & Distribution,Cotonou,+229 99 30 40 44,,centresupply.bj,TPE (<10),B2C,APIEx,,Actif,2026-06-29T00:14:35.934822,moyenne
BJ-F6CFDB71,Groupe Supermarché Market,Commerce & Distribution,Cotonou,+229 46 66 38 87,groupe.supermarché.market@groupe.supermarché.market.org,groupesupermarchémarket.bj,TPE (<10),B2B/B2C,APIEx,,Actif,2026-06-29T00:14:35.934835,haute
BJ-D80204D8,SARL Supply,Commerce & Distribution,Cotonou,+229 99 20 19 80,,,PME (10-50),B2C,APIEx,,Actif,2026-06-29T00:14:35.934846,basse
BJ-443F19D6,Stock,Commerce & Distribution,Cotonou,+229 80 93 61 91,,,PME (10-50),B2C,APIEx,,Actif,2026-06-29T00:14:35.934856,basse
BJ-51805F35,Boutique Bénin,Commerce & Distribution,Abomey-Calavi,+229 27 62 88 12,,boutiquebénin.bj,PME (10-50),B2C,APIEx,,Actif,2026-06-29T00:14:35.934874,moyenne
BJ-D6A8F109,Centre Distribution Abomey-Calavi,Commerce & Distribution,Abomey-Calavi,+229 40 56 83 16,centre.distribution.abomeycalavi@centre.distribution.abomeycalavi.bj,,PME (10-50),B2B/B2C,APIEx,,Actif,2026-06-29T00:14:35.934903,moyenne
BJ-26B07261,Détaillant,Commerce & Distribution,Abomey-Calavi,+229 94 88 47 65,,détaillant.bj,TPE (<10),B2B/B2C,APIEx,,Actif,2026-06-29T00:14:35.934924,moyenne
BJ-3804A9F9,Provision Shop Abomey-Calavi,Commerce & Distribution,Abomey-Calavi,+229 46 77 58 55,,provisionshopabomeycalavi.bj,PME (10-50),B2C,APIEx,,Actif,2026-06-29T00:14:35.934940,moyenne
BJ-77025812,Épicerie Abomey-Calavi,Commerce & Distribution,Abomey-Calavi,+229 47 20 48 58,,épicerieabomeycalavi.bj,PME (10-50),B2C,APIEx,,Actif,2026-06-29T00:14:35.934953,moyenne
BJ-99323C1F,Groupe Supply,Commerce & Distribution,Porto-Novo,+229 87 95 88 28,,,PME (10-50),B2B/B2C,APIEx,,Actif,2026-06-29T00:14:35.934975,basse
BJ-C8103B17,Groupe Commerce Porto-Novo,Commerce & Distribution,Porto-Novo,+229 38 41 93 79,,,TPE (<10),B2C,APIEx,,Actif,2026-06-29T00:14:35.934988,basse
BJ-D9B39949,Détaillant Porto-Novo,Commerce & Distribution,Porto-Novo,+229 62 25 42 38,,,TPE (<10),B2C,APIEx,,Actif,2026-06-29T00:14:35.934999,basse
BJ-C1F79D01,SARL Distribution Porto-Novo,Commerce & Distribution,Porto-Novo,+229 59 14 40 79,,,TPE (<10),B2C,APIEx,,Actif,2026-06-29T00:14:35.935009,basse
BJ-319AF89D,Supply,Commerce & Distribution,Parakou,+229 90 67 41 42,,supply.bj,TPE (<10),B2C,APIEx,,Actif,2026-06-29T00:14:35.935036,moyenne
BJ-9122DC8E,Boutique Parakou,Commerce & Distribution,Parakou,+229 98 65 56 66,boutique.parakou@boutique.parakou.benin,,TPE (<10),B2C,APIEx,,Actif,2026-06-29T00:14:35.935061,moyenne
BJ-737A8CE7,Boutique,Commerce & Distribution,Parakou,+229 52 92 69 64,boutique@boutique.net,,PME (10-50),B2B/B2C,APIEx,,Actif,2026-06-29T00:14:35.935076,moyenne
BJ-B7C608D7,Commerce Parakou,Commerce & Distribution,Parakou,+229 82 15 20 55,commerce.parakou@commerce.parakou.org,,TPE (<10),B2C,APIEx,,Actif,2026-06-29T00:14:35.935088,moyenne
BJ-A0C7936E,Commerce,Commerce & Distribution,Bohicon,+229 70 37 16 32,,,PME (10-50),B2B/B2C,APIEx,,Actif,2026-06-29T00:14:35.935104,basse
BJ-9650ED50,Grossiste Store,Commerce & Distribution,Bohicon,+229 28 23 22 34,grossiste.store@grossiste.store.org,,PME (50-200),B2B/B2C,APIEx,,Actif,2026-06-29T00:14:35.935128,moyenne
BJ-C576A87E,Ets Boutique Bohicon,Commerce & Distribution,Bohicon,+229 72 97 38 16,,,Grande (>200),B2C,APIEx,,Actif,2026-06-29T00:14:35.935138,basse
BJ-EE8128DD,Distribution Supply,Commerce & Distribution,Bohicon,+229 76 13 46 72,,,TPE (<10),B2C,APIEx,,Actif,2026-06-29T00:14:35.935148,basse
BJ-C4434D77,Épicerie,Commerce & Distribution,Natitingou,+229 34 64 44 84,,épicerie.bj,TPE (<10),B2B/B2C,APIEx,,Actif,2026-06-29T00:14:35.935165,moyenne
BJ-EBEF287C,SARL Alimentaire International,Commerce & Distribution,Natitingou,+229 59 16 65 36,sarl.alimentaire.international@sarl.alimentaire.international.net,,TPE (<10),B2C,APIEx,,Actif,2026-06-29T00:14:35.935177,moyenne
BJ-135C5066,Alimentaire Groupe,Commerce & Distribution,Natitingou,+229 74 13 58 97,alimentaire.groupe@alimentaire.groupe.org,,PME (10-50),B2B/B2C,APIEx,,Actif,2026-06-29T00:14:35.935192,moyenne
BJ-42BA0269,Marché Magasin Bénin,Commerce & Distribution,Natitingou,+229 66 71 94 70,,,TPE (<10),B2B/B2C,APIEx,,Actif,2026-06-29T00:14:35.935205,basse
BJ-6DC8E208,Super Commerce Market,Commerce & Distribution,Natitingou,+229 90 90 46 72,super.commerce.market@super.commerce.market.com,,PME (10-50),B2C,APIEx,,Actif,2026-06-29T00:14:35.935217,moyenne
BJ-CF2CD002,Marché Grossiste Bénin Lokossa,Commerce & Distribution,Lokossa,+229 76 47 66 20,marché.grossiste.bénin.lokossa@marché.grossiste.bénin.lokossa.org,,TPE (<10),B2B/B2C,APIEx,,Actif,2026-06-29T00:14:35.935235,moyenne
BJ-8D2BFBEC,Supermarché International Lokossa,Commerce & Distribution,Lokossa,+229 90 93 50 72,,,PME (50-200),B2B/B2C,APIEx,,Actif,2026-06-29T00:14:35.935246,basse
BJ-04228AC5,Commerce,Commerce & Distribution,Lokossa,+229 85 45 18 64,,,PME (10-50),B2B/B2C,APIEx,,Actif,2026-06-29T00:14:35.935256,basse
BJ-32532AAA,Centre Magasin Groupe,Commerce & Distribution,Lokossa,+229 55 32 35 74,centre.magasin.groupe@centre.magasin.groupe.bj,,TPE (<10),B2C,APIEx,,Actif,2026-06-29T00:14:35.935268,moyenne
BJ-930D2A45,Super Boutique,Commerce & Distribution,Lokossa,+229 61 98 55 82,,superboutique.bj,PME (50-200),B2C,APIEx,,Actif,2026-06-29T00:14:35.935279,moyenne
BJ-02D2F7A6,SARL Magasin,Commerce & Distribution,Ouidah,+229 66 59 89 58,,,TPE (<10),B2B/B2C,APIEx,,Actif,2026-06-29T00:14:35.935299,basse
BJ-3886C5B5,Distribution Supply Ouidah,Commerce & Distribution,Ouidah,+229 56 48 38 68,distribution.supply.ouidah@distribution.supply.ouidah.net,,PME (50-200),B2C,APIEx,,Actif,2026-06-29T00:14:35.935312,moyenne
BJ-52F321C2,Distribution Supply,Commerce & Distribution,Ouidah,+229 25 86 90 68,distribution.supply@distribution.supply.bj,,Grande (>200),B2B/B2C,APIEx,,Actif,2026-06-29T00:14:35.935324,moyenne
BJ-6C01B69A,Stock Ouidah,Commerce & Distribution,Ouidah,+229 28 97 60 25,,,TPE (<10),B2B/B2C,APIEx,,Actif,2026-06-29T00:14:35.935337,basse
BJ-8D6FEB40,Marché Commerce,Commerce & Distribution,Ouidah,+229 80 54 32 74,,,TPE (<10),B2B/B2C,APIEx,,Actif,2026-06-29T00:14:35.935348,basse
BJ-94B96727,Centre Supermarché,Commerce & Distribution,Savalou,+229 26 53 93 90,,,PME (50-200),B2B/B2C,APIEx,,Actif,2026-06-29T00:14:35.935364,basse
BJ-3B66DCA1,Distribution Alimentaire Savalou,Commerce & Distribution,Savalou,+229 88 48 47 66,distribution.alimentaire.savalou@distribution.alimentaire.savalou.net,,Grande (>200),B2C,APIEx,,Actif,2026-06-29T00:14:35.935376,moyenne
BJ-1D06E500,Ets Détaillant Store,Commerce & Distribution,Savalou,+229 63 43 27 17,ets.détaillant.store@ets.détaillant.store.bj,etsdétaillantstore.bj,TPE (<10),B2C,APIEx,,Actif,2026-06-29T00:14:35.935389,haute
BJ-D9BB26D1,Groupe Détaillant Savalou,Commerce & Distribution,Savalou,+229 33 35 22 46,groupe.détaillant.savalou@groupe.détaillant.savalou.net,,PME (10-50),B2C,APIEx,,Actif,2026-06-29T00:14:35.935401,moyenne
BJ-5921E01F,Distribution SARL,Commerce & Distribution,Savalou,+229 66 13 62 86,distribution.sarl@distribution.sarl.net,,TPE (<10),B2B/B2C,APIEx,,Actif,2026-06-29T00:14:35.935417,moyenne
BJ-6164D2CE,Boutique,Commerce & Distribution,Dassa-Zoumè,+229 23 27 55 57,boutique@boutique.bj,boutique.bj,PME (50-200),B2C,APIEx,,Actif,2026-06-29T00:14:35.935436,haute
BJ-470186F5,Marché Store Dassa-Zoumè,Commerce & Distribution,Dassa-Zoumè,+229 56 45 62 96,,,PME (50-200),B2C,APIEx,,Actif,2026-06-29T00:14:35.935447,basse
BJ-4B05C366,Marché Boutique Ets,Commerce & Distribution,Dassa-Zoumè,+229 65 73 63 95,marché.boutique.ets@marché.boutique.ets.benin,,PME (10-50),B2C,APIEx,,Actif,2026-06-29T00:14:35.935459,moyenne
BJ-63D2ABF9,Épicerie SARL,Commerce & Distribution,Dassa-Zoumè,+229 99 55 76 20,épicerie.sarl@épicerie.sarl.net,,PME (50-200),B2C,APIEx,,Actif,2026-06-29T00:14:35.935475,moyenne
BJ-A238491A,SARL Commerce,Commerce & Distribution,Dassa-Zoumè,+229 25 82 71 76,,sarlcommerce.bj,PME (10-50),B2C,APIEx,,Actif,2026-06-29T00:14:35.935487,moyenne
BJ-1E24DD45,Boutique,Commerce & Distribution,Kétou,+229 81 57 30 96,boutique@boutique.org,boutique.bj,TPE (<10),B2C,APIEx,,Actif,2026-06-29T00:14:35.935505,haute
BJ-804A2D00,SARL Stock Shop,Commerce & Distribution,Kétou,+229 78 54 48 69,sarl.stock.shop@sarl.stock.shop.net,sarlstockshop.bj,TPE (<10),B2B/B2C,APIEx,,Actif,2026-06-29T00:14:35.935518,haute
BJ-3A9E3C7B,SARL Grossiste Kétou,Commerce & Distribution,Kétou,+229 38 71 37 74,,,PME (10-50),B2B/B2C,APIEx,,Actif,2026-06-29T00:14:35.935529,basse
BJ-6ECD4351,Commerce Alimentaire SARL,Commerce & Distribution,Kétou,+229 87 92 21 60,commerce.alimentaire.sarl@commerce.alimentaire.sarl.org,commercealimentairesarl.bj,TPE (<10),B2C,APIEx,,Actif,2026-06-29T00:14:35.935542,haute
BJ-309D251D,Super Stock Market Kétou,Commerce & Distribution,Kétou,+229 87 98 34 57,super.stock.market.kétou@super.stock.market.kétou.com,superstockmarketkétou.bj,PME (10-50),B2C,APIEx,,Actif,2026-06-29T00:14:35.935556,haute
BJ-FA23CD5A,Supermarché Bénin,Commerce & Distribution,Covè,+229 69 71 66 59,,,TPE (<10),B2C,APIEx,,Actif,2026-06-29T00:14:35.935572,basse
BJ-A034E78E,Boutique,Commerce & Distribution,Covè,+229 26 96 65 67,,,PME (10-50),B2B/B2C,APIEx,,Actif,2026-06-29T00:14:35.935583,basse
BJ-97E17A6E,Détaillant,Commerce & Distribution,Covè,+229 36 41 37 11,,,TPE (<10),B2C,APIEx,,Actif,2026-06-29T00:14:35.935594,basse
BJ-A62025EC,Distribution Commerce Shop,Commerce & Distribution,Covè,+229 37 40 69 60,,,PME (10-50),B2C,APIEx,,Actif,2026-06-29T00:14:35.935608,basse
BJ-70157099,Provision Store,Commerce & Distribution,Covè,+229 42 28 45 86,provision.store@provision.store.com,,PME (50-200),B2C,APIEx,,Actif,2026-06-29T00:14:35.935620,moyenne
BJ-D86E3612,Centre Grossiste Shop,Commerce & Distribution,Pobè,+229 48 89 83 73,,,PME (10-50),B2B/B2C,APIEx,,Actif,2026-06-29T00:14:35.935637,basse
BJ-5685A47B,Provision Pobè,Commerce & Distribution,Pobè,+229 47 98 46 59,,provisionpobè.bj,TPE (<10),B2C,APIEx,,Actif,2026-06-29T00:14:35.935653,moyenne
BJ-CEA3F358,Distribution Shop,Commerce & Distribution,Pobè,+229 26 81 16 63,distribution.shop@distribution.shop.bj,,TPE (<10),B2C,APIEx,,Actif,2026-06-29T00:14:35.935667,moyenne
BJ-CE8CB84F,SARL Supermarché Pobè,Commerce & Distribution,Pobè,+229 70 61 57 27,,,PME (50-200),B2C,APIEx,,Actif,2026-06-29T00:14:35.935679,basse
BJ-5FAACD4C,Centre Provision Ets Pobè,Commerce & Distribution,Pobè,+229 84 13 41 26,,,TPE (<10),B2B/B2C,APIEx,,Actif,2026-06-29T00:14:35.935689,basse
BJ-F0005BF6,Distribution Détaillant Market,Commerce & Distribution,Sakété,+229 99 74 75 10,,,TPE (<10),B2B/B2C,APIEx,,Actif,2026-06-29T00:14:35.935706,basse
BJ-339AFA1D,Distribution Supermarché,Commerce & Distribution,Sakété,+229 30 53 39 30,distribution.supermarché@distribution.supermarché.com,,TPE (<10),B2B/B2C,APIEx,,Actif,2026-06-29T00:14:35.935719,moyenne
BJ-88339F6C,Provision Sakété,Commerce & Distribution,Sakété,+229 25 57 65 33,,,PME (50-200),B2C,APIEx,,Actif,2026-06-29T00:14:35.935729,basse
BJ-D26AA0A4,Super Supply SARL,Commerce & Distribution,Adjara,+229 90 26 24 90,super.supply.sarl@super.supply.sarl.bj,supersupplysarl.bj,TPE (<10),B2C,APIEx,,Actif,2026-06-29T00:14:35.935775,haute
BJ-C9B56E81,Groupe Marché Bénin,Commerce & Distribution,Adjara,+229 20 38 25 29,groupe.marché.bénin@groupe.marché.bénin.benin,groupemarchébénin.bj,PME (10-50),B2B/B2C,APIEx,,Actif,2026-06-29T00:14:35.935789,haute
BJ-8A85ACE5,Marché,Commerce & Distribution,Adjara,+229 61 73 92 29,marché@marché.org,,Grande (>200),B2B/B2C,APIEx,,Actif,2026-06-29T00:14:35.935801,moyenne
BJ-CE29EB68,Ets Épicerie Market,Commerce & Distribution,Adjara,+229 91 48 83 39,,,PME (10-50),B2C,APIEx,,Actif,2026-06-29T00:14:35.935812,basse
BJ-F8000A57,Centre Provision,Commerce & Distribution,Adjara,+229 81 16 58 59,,,TPE (<10),B2C,APIEx,,Actif,2026-06-29T00:14:35.935823,basse
BJ-EA593BAB,Supermarché,Commerce & Distribution,Allada,+229 32 46 11 81,supermarché@supermarché.benin,,TPE (<10),B2B/B2C,APIEx,,Actif,2026-06-29T00:14:35.935842,moyenne
BJ-798CC911,Marché Boutique Allada,Commerce & Distribution,Allada,+229 82 17 57 82,marché.boutique.allada@marché.boutique.allada.net,,TPE (<10),B2C,APIEx,,Actif,2026-06-29T00:14:35.935855,moyenne
BJ-B1D8E190,Super Stock Groupe,Commerce & Distribution,Allada,+229 83 14 92 44,super.stock.groupe@super.stock.groupe.com,superstockgroupe.bj,PME (10-50),B2B/B2C,APIEx,,Actif,2026-06-29T00:14:35.935868,haute
BJ-93F4A89C,Distribution Grossiste,Commerce & Distribution,Allada,+229 59 26 33 95,,,PME (10-50),B2C,APIEx,,Actif,2026-06-29T00:14:35.935915,basse
BJ-EDF6BAE6,Commerce Provision Aplahoué,Commerce & Distribution,Aplahoué,+229 73 66 51 15,,,PME (10-50),B2C,APIEx,,Actif,2026-06-29T00:14:35.935947,basse
BJ-88B6B66E,Épicerie Store,Commerce & Distribution,Aplahoué,+229 21 76 47 30,épicerie.store@épicerie.store.org,,PME (10-50),B2B/B2C,APIEx,,Actif,2026-06-29T00:14:35.935960,moyenne
BJ-F9119B6D,Super Boutique,Commerce & Distribution,Aplahoué,+229 50 55 42 16,,superboutique.bj,PME (10-50),B2B/B2C,APIEx,,Actif,2026-06-29T00:14:35.935972,moyenne
BJ-C0102898,Marché Stock Bénin,Commerce & Distribution,Aplahoué,+229 80 94 88 91,marché.stock.bénin@marché.stock.bénin.bj,marchéstockbénin.bj,PME (50-200),B2C,APIEx,,Actif,2026-06-29T00:14:35.935985,haute
BJ-627DC4DE,Commerce Alimentaire,Commerce & Distribution,Aplahoué,+229 32 29 26 57,,,PME (10-50),B2B/B2C,APIEx,,Actif,2026-06-29T00:14:35.935996,basse
BJ-1DF07DF5,Magasin Groupe,Commerce & Distribution,Dogbo-Tota,+229 73 51 79 58,magasin.groupe@magasin.groupe.com,magasingroupe.bj,TPE (<10),B2B/B2C,APIEx,,Actif,2026-06-29T00:14:35.936016,haute
BJ-697DD821,Marché Grossiste,Commerce & Distribution,Dogbo-Tota,+229 95 89 24 47,marché.grossiste@marché.grossiste.net,marchégrossiste.bj,PME (10-50),B2C,APIEx,,Actif,2026-06-29T00:14:35.936029,haute
BJ-57CE5860,Provision Store,Commerce & Distribution,Dogbo-Tota,+229 97 93 96 62,,,TPE (<10),B2C,APIEx,,Actif,2026-06-29T00:14:35.936041,basse
BJ-AA95EBE7,Détaillant SARL,Commerce & Distribution,Dogbo-Tota,+229 86 81 88 45,,,TPE (<10),B2B/B2C,APIEx,,Actif,2026-06-29T00:14:35.936056,basse
BJ-F4DE1A00,SARL Boutique SARL Dogbo-Tota,Commerce & Distribution,Dogbo-Tota,+229 30 78 50 68,sarl.boutique.sarl.dogbotota@sarl.boutique.sarl.dogbotota.bj,,PME (50-200),B2C,APIEx,,Actif,2026-06-29T00:14:35.936071,moyenne
BJ-407CF855,Alimentaire,Commerce & Distribution,Kpomassè,+229 96 96 83 51,alimentaire@alimentaire.com,,PME (10-50),B2B/B2C,APIEx,,Actif,2026-06-29T00:14:35.936096,moyenne
BJ-2BB8C4E3,Commerce Détaillant Shop,Commerce & Distribution,Kpomassè,+229 45 59 69 67,commerce.détaillant.shop@commerce.détaillant.shop.com,,TPE (<10),B2C,APIEx,,Actif,2026-06-29T00:14:35.936109,moyenne
BJ-4CB60F19,Marché,Commerce & Distribution,Kpomassè,+229 25 80 83 28,,marché.bj,PME (10-50),B2C,APIEx,,Actif,2026-06-29T00:14:35.936121,moyenne
BJ-839217AD,Boutique Shop,Commerce & Distribution,Kpomassè,+229 21 39 86 37,boutique.shop@boutique.shop.org,boutiqueshop.bj,TPE (<10),B2B/B2C,APIEx,,Actif,2026-06-29T00:14:35.936134,haute
BJ-D7304590,SARL Marché,Commerce & Distribution,Kpomassè,+229 66 13 49 17,sarl.marché@sarl.marché.com,,PME (10-50),B2B/B2C,APIEx,,Actif,2026-06-29T00:14:35.936146,moyenne
BJ-D6528A97,Groupe Marché,Commerce & Distribution,Tori-Bossito,+229 33 48 11 50,,,TPE (<10),B2C,APIEx,,Actif,2026-06-29T00:14:35.936163,basse
BJ-F0F707CE,SARL Stock,Commerce & Distribution,Tori-Bossito,+229 59 55 46 95,sarl.stock@sarl.stock.net,,PME (10-50),B2B/B2C,APIEx,,Actif,2026-06-29T00:14:35.936178,moyenne
BJ-06154F4E,Marché Boutique,Commerce & Distribution,Tori-Bossito,+229 97 91 63 34,marché.boutique@marché.boutique.com,,TPE (<10),B2B/B2C,APIEx,,Actif,2026-06-29T00:14:35.936192,moyenne
BJ-2C54AFFE,Magasin Tori-Bossito,Commerce & Distribution,Tori-Bossito,+229 35 28 21 68,,,TPE (<10),B2C,APIEx,,Actif,2026-06-29T00:14:35.936206,basse
BJ-62A09D51,Boutique Groupe,Commerce & Distribution,Grand-Popo,+229 31 47 52 93,,boutiquegroupe.bj,PME (10-50),B2C,APIEx,,Actif,2026-06-29T00:14:35.936237,moyenne
BJ-517C2319,Distribution,Commerce & Distribution,Grand-Popo,+229 31 46 99 65,,,TPE (<10),B2B/B2C,APIEx,,Actif,2026-06-29T00:14:35.936248,basse
BJ-5EFD75C9,Alimentaire Shop Grand-Popo,Commerce & Distribution,Grand-Popo,+229 75 96 40 62,,alimentaireshopgrandpopo.bj,TPE (<10),B2C,APIEx,,Actif,2026-06-29T00:14:35.936261,moyenne
BJ-FC465C37,Distribution Épicerie Store,Commerce & Distribution,Grand-Popo,+229 52 48 94 83,,,TPE (<10),B2C,APIEx,,Actif,2026-06-29T00:14:35.936286,basse
BJ-7A9317DD,Commerce Provision,Commerce & Distribution,Athiémé,+229 60 72 24 85,commerce.provision@commerce.provision.benin,commerceprovision.bj,PME (10-50),B2B/B2C,APIEx,,Actif,2026-06-29T00:14:35.936304,haute
BJ-ADE486FB,Distribution,Commerce & Distribution,Athiémé,+229 63 46 19 91,distribution@distribution.benin,distribution.bj,TPE (<10),B2C,APIEx,,Actif,2026-06-29T00:14:35.936317,haute
BJ-85E80C40,SARL Commerce Groupe Athiémé,Commerce & Distribution,Athiémé,+229 98 91 90 95,sarl.commerce.groupe.athiémé@sarl.commerce.groupe.athiémé.org,,Grande (>200),B2B/B2C,APIEx,,Actif,2026-06-29T00:14:35.936330,moyenne
BJ-6EB8514E,Marché Commerce Athiémé,Commerce & Distribution,Athiémé,+229 56 11 39 76,,,PME (50-200),B2C,APIEx,,Actif,2026-06-29T00:14:35.936345,basse
BJ-FF2D841C,Groupe Marché,Commerce & Distribution,Athiémé,+229 81 47 52 68,,,TPE (<10),B2C,APIEx,,Actif,2026-06-29T00:14:35.936357,basse
BJ-F0AA044D,Centre Alimentaire SARL,Commerce & Distribution,Bopa,+229 96 84 15 92,,,PME (10-50),B2B/B2C,APIEx,,Actif,2026-06-29T00:14:35.936376,basse
BJ-D4951751,Groupe Grossiste,Commerce & Distribution,Bopa,+229 29 50 96 37,,,TPE (<10),B2C,APIEx,,Actif,2026-06-29T00:14:35.936387,basse
BJ-E41807E1,Marché Boutique SARL,Commerce & Distribution,Bopa,+229 90 46 44 75,marché.boutique.sarl@marché.boutique.sarl.net,,TPE (<10),B2B/B2C,APIEx,,Actif,2026-06-29T00:14:35.936399,moyenne
BJ-54CC6CE3,Supply SARL,Commerce & Distribution,Bopa,+229 30 82 49 54,supply.sarl@supply.sarl.benin,,TPE (<10),B2C,APIEx,,Actif,2026-06-29T00:14:35.936414,moyenne
BJ-EEF64814,Commerce Bopa,Commerce & Distribution,Bopa,+229 97 25 54 18,,,Grande (>200),B2B/B2C,APIEx,,Actif,2026-06-29T00:14:35.936426,basse
BJ-5D54D406,Marché Détaillant Bénin,Commerce & Distribution,Houéyogbé,+229 66 72 83 77,marché.détaillant.bénin@marché.détaillant.bénin.net,,TPE (<10),B2B/B2C,APIEx,,Actif,2026-06-29T00:14:35.936445,moyenne
BJ-3AD43B96,Boutique Groupe,Commerce & Distribution,Houéyogbé,+229 32 22 93 55,,,PME (50-200),B2B/B2C,APIEx,,Actif,2026-06-29T00:14:35.936455,basse
BJ-88E0EB62,Provision Bénin Houéyogbé,Commerce & Distribution,Houéyogbé,+229 73 91 26 71,,,TPE (<10),B2B/B2C,APIEx,,Actif,2026-06-29T00:14:35.936466,basse
BJ-00EA1D4C,Épicerie,Commerce & Distribution,Houéyogbé,+229 22 22 99 62,épicerie@épicerie.benin,épicerie.bj,PME (10-50),B2B/B2C,APIEx,,Actif,2026-06-29T00:14:35.936489,haute
BJ-34FC0B71,Supermarché,Commerce & Distribution,Houéyogbé,+229 36 40 14 32,supermarché@supermarché.benin,,Grande (>200),B2B/B2C,APIEx,,Actif,2026-06-29T00:14:35.936502,moyenne
BJ-95677882,Distribution SARL Malanville,Commerce & Distribution,Malanville,+229 21 45 11 45,distribution.sarl.malanville@distribution.sarl.malanville.org,,Grande (>200),B2C,APIEx,,Actif,2026-06-29T00:14:35.936520,moyenne
BJ-54BAD191,Stock,Commerce & Distribution,Malanville,+229 36 40 93 89,,,PME (10-50),B2C,APIEx,,Actif,2026-06-29T00:14:35.936531,basse
BJ-698EB0DC,Supermarché Groupe,Commerce & Distribution,Malanville,+229 32 71 76 65,supermarché.groupe@supermarché.groupe.net,,PME (50-200),B2B/B2C,APIEx,,Actif,2026-06-29T00:14:35.936543,moyenne
BJ-70A6B40A,SARL Commerce,Commerce & Distribution,Malanville,+229 92 31 15 26,,,PME (10-50),B2C,APIEx,,Actif,2026-06-29T00:14:35.936553,basse
BJ-06AEA83B,Groupe Supermarché,Commerce & Distribution,Kandi,+229 84 50 15 75,,groupesupermarché.bj,PME (10-50),B2B/B2C,APIEx,,Actif,2026-06-29T00:14:35.936582,moyenne
BJ-3AB1B22A,Épicerie,Commerce & Distribution,Kandi,+229 79 61 48 98,,,TPE (<10),B2B/B2C,APIEx,,Actif,2026-06-29T00:14:35.936592,basse
BJ-41BA743F,Groupe Épicerie Market,Commerce & Distribution,Kandi,+229 47 23 36 21,,,TPE (<10),B2C,APIEx,,Actif,2026-06-29T00:14:35.936617,basse
BJ-EEB5D200,Groupe Stock SARL Kandi,Commerce & Distribution,Kandi,+229 65 76 10 35,,,PME (10-50),B2B/B2C,APIEx,,Actif,2026-06-29T00:14:35.936628,basse
BJ-629BE8AB,Super Magasin Bénin,Commerce & Distribution,Banikoara,+229 85 17 40 92,,,PME (50-200),B2C,APIEx,,Actif,2026-06-29T00:14:35.936644,basse
BJ-769A657F,Provision Shop,Commerce & Distribution,Banikoara,+229 56 93 70 53,,provisionshop.bj,TPE (<10),B2C,APIEx,,Actif,2026-06-29T00:14:35.936658,moyenne
BJ-C9A3990C,Alimentaire Banikoara,Commerce & Distribution,Banikoara,+229 83 11 69 87,alimentaire.banikoara@alimentaire.banikoara.benin,,TPE (<10),B2C,APIEx,,Actif,2026-06-29T00:14:35.936670,moyenne
BJ-FFF2D8CE,Détaillant,Commerce & Distribution,Banikoara,+229 77 39 89 75,,,TPE (<10),B2B/B2C,APIEx,,Actif,2026-06-29T00:14:35.936681,basse
BJ-8209CD54,Super Supply Banikoara,Commerce & Distribution,Banikoara,+229 62 92 74 94,,,PME (10-50),B2C,APIEx,,Actif,2026-06-29T00:14:35.936691,basse
BJ-04F410C7,Distribution,Commerce & Distribution,Ségbana,+229 82 77 76 58,distribution@distribution.bj,,Grande (>200),B2B/B2C,APIEx,,Actif,2026-06-29T00:14:35.936708,moyenne
BJ-20BE75DD,Distribution Stock Shop,Commerce & Distribution,Ségbana,+229 50 92 18 63,,,TPE (<10),B2B/B2C,APIEx,,Actif,2026-06-29T00:14:35.936718,basse
BJ-4BB4125A,Groupe Commerce,Commerce & Distribution,Ségbana,+229 28 59 11 13,,,PME (10-50),B2C,APIEx,,Actif,2026-06-29T00:14:35.936742,basse
BJ-0F68E9F8,Groupe Alimentaire International,Commerce & Distribution,Ségbana,+229 79 56 67 51,groupe.alimentaire.international@groupe.alimentaire.international.com,groupealimentaireinternational.bj,PME (10-50),B2B/B2C,APIEx,,Actif,2026-06-29T00:14:35.936755,haute
BJ-B91AEA5E,Super Magasin SARL,Commerce & Distribution,Karimama,+229 88 86 99 77,,,Grande (>200),B2B/B2C,APIEx,,Actif,2026-06-29T00:14:35.936771,basse
BJ-4C0CFD64,Centre Provision Karimama,Commerce & Distribution,Karimama,+229 94 70 44 89,,,PME (10-50),B2C,APIEx,,Actif,2026-06-29T00:14:35.936782,basse
BJ-545CFF79,Commerce Groupe,Commerce & Distribution,Karimama,+229 45 18 46 87,,,PME (50-200),B2B/B2C,APIEx,,Actif,2026-06-29T00:14:35.936791,basse
BJ-928ED266,Magasin Store,Commerce & Distribution,Karimama,+229 77 23 77 19,,,TPE (<10),B2B/B2C,APIEx,,Actif,2026-06-29T00:14:35.936801,basse
BJ-7A643F77,Épicerie Store,Commerce & Distribution,Karimama,+229 65 67 48 18,,,PME (10-50),B2B/B2C,APIEx,,Actif,2026-06-29T00:14:35.936811,basse
BJ-8A625176,Commerce Magasin International Gogounou,Commerce & Distribution,Gogounou,+229 56 83 19 65,commerce.magasin.international.gogounou@commerce.magasin.international.gogounou.bj,,TPE (<10),B2B/B2C,APIEx,,Actif,2026-06-29T00:14:35.936828,moyenne
BJ-78D5AD05,Supermarché SARL,Commerce & Distribution,Gogounou,+229 73 15 42 81,supermarché.sarl@supermarché.sarl.benin,supermarchésarl.bj,Grande (>200),B2C,APIEx,,Actif,2026-06-29T00:14:35.936844,haute
BJ-A2C4B3F5,Commerce Marché Gogounou,Commerce & Distribution,Gogounou,+229 21 29 94 42,commerce.marché.gogounou@commerce.marché.gogounou.org,,Grande (>200),B2C,APIEx,,Actif,2026-06-29T00:14:35.936861,moyenne
BJ-EB8010E7,Distribution Stock Store,Commerce & Distribution,Gogounou,+229 95 63 25 74,distribution.stock.store@distribution.stock.store.benin,,PME (50-200),B2B/B2C,APIEx,,Actif,2026-06-29T00:14:35.936879,moyenne
BJ-FEE5B919,Magasin Cobly,Commerce & Distribution,Cobly,+229 84 22 67 81,,,TPE (<10),B2B/B2C,APIEx,,Actif,2026-06-29T00:14:35.936922,basse
BJ-7CF73EA3,Groupe Marché Cobly,Commerce & Distribution,Cobly,+229 20 86 56 82,,,TPE (<10),B2C,APIEx,,Actif,2026-06-29T00:14:35.936934,basse
BJ-A5E012D9,Stock International Cobly,Commerce & Distribution,Cobly,+229 46 92 99 14,,,PME (50-200),B2C,APIEx,,Actif,2026-06-29T00:14:35.936944,basse
BJ-D57A600F,Marché Bénin,Commerce & Distribution,Cobly,+229 57 89 83 88,marché.bénin@marché.bénin.net,,TPE (<10),B2C,APIEx,,Actif,2026-06-29T00:14:35.936956,moyenne
BJ-E2D88E57,Groupe Supermarché Cobly,Commerce & Distribution,Cobly,+229 65 60 81 43,groupe.supermarché.cobly@groupe.supermarché.cobly.benin,,PME (50-200),B2B/B2C,APIEx,,Actif,2026-06-29T00:14:35.936968,moyenne
BJ-3FDFDDD2,Supply Shop,Commerce & Distribution,Tanguiéta,+229 83 50 39 58,supply.shop@supply.shop.benin,,Grande (>200),B2B/B2C,APIEx,,Actif,2026-06-29T00:14:35.936985,moyenne
BJ-F977DA77,SARL Alimentaire,Commerce & Distribution,Tanguiéta,+229 71 69 23 95,sarl.alimentaire@sarl.alimentaire.org,,TPE (<10),B2B/B2C,APIEx,,Actif,2026-06-29T00:14:35.936997,moyenne
BJ-5142828B,Alimentaire Tanguiéta,Commerce & Distribution,Tanguiéta,+229 90 48 40 30,alimentaire.tanguiéta@alimentaire.tanguiéta.benin,,PME (10-50),B2B/B2C,APIEx,,Actif,2026-06-29T00:14:35.937009,moyenne
BJ-F6485F10,Super Magasin Bénin,Commerce & Distribution,Tanguiéta,+229 40 33 73 39,,,PME (50-200),B2B/B2C,APIEx,,Actif,2026-06-29T00:14:35.937022,basse
BJ-51E7CDBD,Commerce,Commerce & Distribution,Tanguiéta,+229 67 46 63 27,commerce@commerce.benin,commerce.bj,TPE (<10),B2C,APIEx,,Actif,2026-06-29T00:14:35.937034,haute
BJ-834E902C,Provision Market,Commerce & Distribution,Matéri,+229 33 20 34 75,provision.market@provision.market.benin,,PME (50-200),B2B/B2C,APIEx,,Actif,2026-06-29T00:14:35.937051,moyenne
BJ-11BF19E1,SARL Grossiste Shop,Commerce & Distribution,Matéri,+229 72 45 40 73,sarl.grossiste.shop@sarl.grossiste.shop.bj,,PME (10-50),B2C,APIEx,,Actif,2026-06-29T00:14:35.937062,moyenne
BJ-CA027341,Commerce Stock,Commerce & Distribution,Matéri,+229 77 11 58 70,commerce.stock@commerce.stock.bj,,TPE (<10),B2C,APIEx,,Actif,2026-06-29T00:14:35.937074,moyenne
BJ-B8A41121,Boutique,Commerce & Distribution,Matéri,+229 30 30 17 78,boutique@boutique.bj,boutique.bj,PME (10-50),B2B/B2C,APIEx,,Actif,2026-06-29T00:14:35.937089,haute
BJ-660507FA,Super Commerce SARL,Commerce & Distribution,Matéri,+229 89 36 45 63,super.commerce.sarl@super.commerce.sarl.net,,PME (10-50),B2B/B2C,APIEx,,Actif,2026-06-29T00:14:35.937101,moyenne
BJ-1104C5C9,Centre Provision Market Natitingou,Commerce & Distribution,Natitingou,+229 87 23 41 27,,,TPE (<10),B2C,APIEx,,Actif,2026-06-29T00:14:35.937116,basse
BJ-13E9BDCF,Commerce Commerce,Commerce & Distribution,Natitingou,+229 55 77 48 21,,,TPE (<10),B2B/B2C,APIEx,,Actif,2026-06-29T00:14:35.937127,basse
BJ-A4701DCF,Super Supply,Commerce & Distribution,Natitingou,+229 40 26 35 78,super.supply@super.supply.benin,supersupply.bj,TPE (<10),B2C,APIEx,,Actif,2026-06-29T00:14:35.937139,haute
BJ-70003234,Distribution Boutique,Commerce & Distribution,Natitingou,+229 94 52 31 68,distribution.boutique@distribution.boutique.net,,PME (50-200),B2C,APIEx,,Actif,2026-06-29T00:14:35.937154,moyenne
BJ-BBE67670,Ets Alimentaire Ets,Commerce & Distribution,Natitingou,+229 83 30 35 66,ets.alimentaire.ets@ets.alimentaire.ets.net,etsalimentaireets.bj,TPE (<10),B2B/B2C,APIEx,,Actif,2026-06-29T00:14:35.937166,haute
BJ-DA8D40A4,Détaillant Market,Commerce & Distribution,Toucountouna,+229 30 65 54 52,détaillant.market@détaillant.market.org,détaillantmarket.bj,PME (10-50),B2C,APIEx,,Actif,2026-06-29T00:14:35.937184,haute
BJ-6FC856EE,Super Épicerie,Commerce & Distribution,Toucountouna,+229 94 13 64 36,super.épicerie@super.épicerie.net,,TPE (<10),B2B/B2C,APIEx,,Actif,2026-06-29T00:14:35.937196,moyenne
BJ-BF13940F,Commerce,Commerce & Distribution,Toucountouna,+229 27 25 65 16,,,Grande (>200),B2C,APIEx,,Actif,2026-06-29T00:14:35.937207,basse
BJ-7DEC5F96,Centre Stock,Commerce & Distribution,Toucountouna,+229 87 65 80 31,centre.stock@centre.stock.bj,,PME (10-50),B2B/B2C,APIEx,,Actif,2026-06-29T00:14:35.937218,moyenne
BJ-B06AFB22,Groupe Grossiste Store,Commerce & Distribution,Toucountouna,+229 76 43 36 26,,,PME (10-50),B2B/B2C,APIEx,,Actif,2026-06-29T00:14:35.937228,basse
BJ-7B84ABB8,Alimentaire,Commerce & Distribution,Boukoumbé,+229 36 86 68 89,alimentaire@alimentaire.org,,PME (10-50),B2C,APIEx,,Actif,2026-06-29T00:14:35.937248,moyenne
BJ-AB045CF0,Détaillant Boukoumbé,Commerce & Distribution,Boukoumbé,+229 51 76 13 96,détaillant.boukoumbé@détaillant.boukoumbé.bj,,PME (50-200),B2B/B2C,APIEx,,Actif,2026-06-29T00:14:35.937261,moyenne
BJ-6647F7A8,Super Alimentaire,Commerce & Distribution,Boukoumbé,+229 93 26 36 90,,superalimentaire.bj,PME (10-50),B2C,APIEx,,Actif,2026-06-29T00:14:35.937271,moyenne
BJ-87952D5F,Provision Store,Commerce & Distribution,Boukoumbé,+229 23 21 13 74,,,PME (10-50),B2B/B2C,APIEx,,Actif,2026-06-29T00:14:35.937285,basse
BJ-C40575B1,Détaillant Ets Boukoumbé,Commerce & Distribution,Boukoumbé,+229 92 62 34 24,détaillant.ets.boukoumbé@détaillant.ets.boukoumbé.org,,PME (10-50),B2B/B2C,APIEx,,Actif,2026-06-29T00:14:35.937297,moyenne
BJ-849B7EC4,Boutique SARL,Commerce & Distribution,Kouandé,+229 77 76 89 28,,,PME (10-50),B2B/B2C,APIEx,,Actif,2026-06-29T00:14:35.937317,basse
BJ-E4C5C0D8,SARL Détaillant,Commerce & Distribution,Kouandé,+229 79 69 25 75,sarl.détaillant@sarl.détaillant.bj,,TPE (<10),B2B/B2C,APIEx,,Actif,2026-06-29T00:14:35.937330,moyenne
BJ-A7E504B9,Marché Boutique,Commerce & Distribution,Kouandé,+229 53 47 70 57,marché.boutique@marché.boutique.benin,marchéboutique.bj,PME (10-50),B2B/B2C,APIEx,,Actif,2026-06-29T00:14:35.937343,haute
BJ-D78E1022,Alimentaire Groupe,Commerce & Distribution,Kouandé,+229 37 42 13 21,,alimentairegroupe.bj,PME (10-50),B2B/B2C,APIEx,,Actif,2026-06-29T00:14:35.937354,moyenne
BJ-A8B03517,Centre Alimentaire,Commerce & Distribution,Kouandé,+229 26 26 40 51,,,PME (10-50),B2C,APIEx,,Actif,2026-06-29T00:14:35.937364,basse
BJ-C3070D76,Distribution,Commerce & Distribution,Péhunco,+229 49 55 31 61,distribution@distribution.com,,TPE (<10),B2B/B2C,APIEx,,Actif,2026-06-29T00:14:35.937381,moyenne
BJ-FF14B217,SARL Détaillant,Commerce & Distribution,Péhunco,+229 44 33 24 71,,sarldétaillant.bj,TPE (<10),B2B/B2C,APIEx,,Actif,2026-06-29T00:14:35.937392,moyenne
BJ-68C2398D,Distribution Marché Péhunco,Commerce & Distribution,Péhunco,+229 24 59 10 50,,distributionmarchépéhunco.bj,TPE (<10),B2C,APIEx,,Actif,2026-06-29T00:14:35.937405,moyenne
BJ-E89AE699,Commerce Épicerie,Commerce & Distribution,Péhunco,+229 30 20 93 84,commerce.épicerie@commerce.épicerie.bj,commerceépicerie.bj,TPE (<10),B2B/B2C,APIEx,,Actif,2026-06-29T00:14:35.937420,haute
BJ-96AF7017,Centre Supply Péhunco,Commerce & Distribution,Péhunco,+229 22 72 14 27,centre.supply.péhunco@centre.supply.péhunco.benin,,Grande (>200),B2C,APIEx,,Actif,2026-06-29T00:14:35.937433,moyenne
BJ-0F33AC1C,Distribution Épicerie Store,Commerce & Distribution,Tchaourou,+229 58 41 78 93,,distributionépiceriestore.bj,TPE (<10),B2C,APIEx,,Actif,2026-06-29T00:14:35.937462,moyenne
BJ-B5BD6FE3,SARL Marché,Commerce & Distribution,Tchaourou,+229 55 78 86 36,sarl.marché@sarl.marché.org,sarlmarché.bj,PME (10-50),B2B/B2C,APIEx,,Actif,2026-06-29T00:14:35.937475,haute
BJ-F9BA9B6F,Commerce SARL,Commerce & Distribution,Tchaourou,+229 20 90 66 10,commerce.sarl@commerce.sarl.bj,commercesarl.bj,TPE (<10),B2B/B2C,APIEx,,Actif,2026-06-29T00:14:35.937487,haute
BJ-5ED1F0CE,Provision Store,Commerce & Distribution,Tchaourou,+229 81 36 10 70,,,PME (10-50),B2C,APIEx,,Actif,2026-06-29T00:14:35.937498,basse
BJ-5D5BA570,Ets Distribution Market,Commerce & Distribution,Nikki,+229 96 55 87 29,,,PME (10-50),B2B/B2C,APIEx,,Actif,2026-06-29T00:14:35.937514,basse
BJ-B4D55489,Groupe Commerce Shop,Commerce & Distribution,Nikki,+229 94 27 53 32,,,TPE (<10),B2C,APIEx,,Actif,2026-06-29T00:14:35.937524,basse
BJ-301D2AB6,SARL Supermarché,Commerce & Distribution,Nikki,+229 52 17 58 41,,,TPE (<10),B2C,APIEx,,Actif,2026-06-29T00:14:35.937537,basse
BJ-F41CBB60,Marché,Commerce & Distribution,Nikki,+229 80 10 88 33,marché@marché.benin,,PME (10-50),B2B/B2C,APIEx,,Actif,2026-06-29T00:14:35.937552,moyenne
BJ-4628150B,SARL Commerce Groupe,Commerce & Distribution,Nikki,+229 37 54 94 32,,,TPE (<10),B2B/B2C,APIEx,,Actif,2026-06-29T00:14:35.937563,basse
BJ-F370BA64,Ets Alimentaire SARL Bembéréké,Commerce & Distribution,Bembéréké,+229 88 82 63 73,,,PME (50-200),B2B/B2C,APIEx,,Actif,2026-06-29T00:14:35.937579,basse
BJ-2EF5EA41,Distribution Provision,Commerce & Distribution,Bembéréké,+229 34 12 38 75,,,TPE (<10),B2C,APIEx,,Actif,2026-06-29T00:14:35.937590,basse
BJ-693CCB25,Distribution Commerce,Commerce & Distribution,Bembéréké,+229 93 24 16 70,,,TPE (<10),B2C,APIEx,,Actif,2026-06-29T00:14:35.937612,basse
BJ-115AFE83,Alimentaire,Commerce & Distribution,Bembéréké,+229 66 38 86 27,,alimentaire.bj,TPE (<10),B2B/B2C,APIEx,,Actif,2026-06-29T00:14:35.937623,moyenne
BJ-D2CAD926,Magasin Groupe,Commerce & Distribution,Kalalé,+229 53 13 79 70,,,PME (10-50),B2B/B2C,APIEx,,Actif,2026-06-29T00:14:35.937642,basse
BJ-C37A9081,Distribution Grossiste,Commerce & Distribution,Kalalé,+229 60 60 90 50,,,TPE (<10),B2B/B2C,APIEx,,Actif,2026-06-29T00:14:35.937655,basse
BJ-227C80FD,Magasin,Commerce & Distribution,Kalalé,+229 67 65 57 99,,magasin.bj,Grande (>200),B2B/B2C,APIEx,,Actif,2026-06-29T00:14:35.937666,moyenne
BJ-8DE087DB,Groupe Distribution Kalalé,Commerce & Distribution,Kalalé,+229 31 24 87 24,groupe.distribution.kalalé@groupe.distribution.kalalé.benin,groupedistributionkalalé.bj,PME (10-50),B2C,APIEx,,Actif,2026-06-29T00:14:35.937683,haute
BJ-5F3A67A9,Super Détaillant,Commerce & Distribution,Kalalé,+229 90 81 54 26,super.détaillant@super.détaillant.bj,,TPE (<10),B2C,APIEx,,Actif,2026-06-29T00:14:35.937696,moyenne
BJ-332CFF83,Provision SARL,Commerce & Distribution,Ndali,+229 39 41 13 67,,provisionsarl.bj,PME (10-50),B2C,APIEx,,Actif,2026-06-29T00:14:35.937712,moyenne
BJ-9D021883,Supply,Commerce & Distribution,Ndali,+229 25 11 73 61,,supply.bj,PME (50-200),B2C,APIEx,,Actif,2026-06-29T00:14:35.937723,moyenne
BJ-8C4EC741,Provision,Commerce & Distribution,Ndali,+229 72 33 13 33,,,TPE (<10),B2B/B2C,APIEx,,Actif,2026-06-29T00:14:35.937734,basse
BJ-AE3211C2,Boutique,Commerce & Distribution,Ndali,+229 68 75 83 59,boutique@boutique.com,,PME (50-200),B2C,APIEx,,Actif,2026-06-29T00:14:35.937748,moyenne
BJ-28114F7C,Détaillant Ndali,Commerce & Distribution,Ndali,+229 57 17 43 79,détaillant.ndali@détaillant.ndali.org,,PME (10-50),B2B/B2C,APIEx,,Actif,2026-06-29T00:14:35.937761,moyenne
BJ-B7746CB9,Détaillant International,Commerce & Distribution,Ségbana,+229 29 18 46 30,détaillant.international@détaillant.international.benin,,PME (50-200),B2C,APIEx,,Actif,2026-06-29T00:14:35.937779,moyenne
BJ-B1843AF7,Distribution Supermarché SARL,Commerce & Distribution,Ségbana,+229 64 63 32 26,distribution.supermarché.sarl@distribution.supermarché.sarl.bj,distributionsupermarchésarl.bj,TPE (<10),B2B/B2C,APIEx,,Actif,2026-06-29T00:14:35.937793,haute
BJ-6E7FE6CD,Supply International,Commerce & Distribution,Ségbana,+229 90 80 53 71,supply.international@supply.international.net,,Grande (>200),B2C,APIEx,,Actif,2026-06-29T00:14:35.937820,moyenne
BJ-C7F8D952,Commerce,Commerce & Distribution,Ségbana,+229 96 79 18 97,commerce@commerce.org,commerce.bj,Grande (>200),B2B/B2C,APIEx,,Actif,2026-06-29T00:14:35.937833,haute
BJ-90AE8A8A,Épicerie Bénin,Commerce & Distribution,Tchaourou,+229 99 70 51 66,,,PME (10-50),B2C,APIEx,,Actif,2026-06-29T00:14:35.937849,basse
BJ-372CCC3F,Super Provision Shop,Commerce & Distribution,Tchaourou,+229 92 97 35 13,,,PME (50-200),B2C,APIEx,,Actif,2026-06-29T00:14:35.937861,basse
BJ-FF4CF504,Ets Épicerie Groupe Tchaourou,Commerce & Distribution,Tchaourou,+229 93 82 54 34,ets.épicerie.groupe.tchaourou@ets.épicerie.groupe.tchaourou.org,,TPE (<10),B2B/B2C,APIEx,,Actif,2026-06-29T00:14:35.937873,moyenne
BJ-E7D4E59D,Grossiste,Commerce & Distribution,Tchaourou,+229 97 10 65 81,,,PME (50-200),B2B/B2C,APIEx,,Actif,2026-06-29T00:14:35.937883,basse
BJ-4EFFC238,Marché Shop Tchaourou,Commerce & Distribution,Tchaourou,+229 60 81 57 54,,,TPE (<10),B2C,APIEx,,Actif,2026-06-29T00:14:35.937904,basse
BJ-69F35500,Centre Supply Ets,Commerce & Distribution,Bétérou,+229 37 43 64 53,centre.supply.ets@centre.supply.ets.org,,TPE (<10),B2B/B2C,APIEx,,Actif,2026-06-29T00:14:35.937922,moyenne
BJ-1620563F,Centre Magasin,Commerce & Distribution,Bétérou,+229 21 33 45 89,,,TPE (<10),B2B/B2C,APIEx,,Actif,2026-06-29T00:14:35.937933,basse
BJ-6498F991,Commerce Boutique Shop,Commerce & Distribution,Bétérou,+229 65 87 55 54,commerce.boutique.shop@commerce.boutique.shop.net,commerceboutiqueshop.bj,PME (10-50),B2B/B2C,APIEx,,Actif,2026-06-29T00:14:35.937959,haute
BJ-0A2991E2,Supply,Commerce & Distribution,Ouessè,+229 81 67 89 41,,,PME (50-200),B2B/B2C,APIEx,,Actif,2026-06-29T00:14:35.937989,basse
BJ-1062BD5A,Distribution,Commerce & Distribution,Ouessè,+229 37 64 32 66,,distribution.bj,TPE (<10),B2B/B2C,APIEx,,Actif,2026-06-29T00:14:35.938004,moyenne
BJ-163BCC12,Ets Épicerie Shop Ouessè,Commerce & Distribution,Ouessè,+229 22 75 88 12,ets.épicerie.shop.ouessè@ets.épicerie.shop.ouessè.bj,etsépicerieshopouessè.bj,TPE (<10),B2C,APIEx,,Actif,2026-06-29T00:14:35.938018,haute
BJ-534A8F11,Provision Store Ouessè,Commerce & Distribution,Ouessè,+229 39 39 58 12,,,PME (50-200),B2B/B2C,APIEx,,Actif,2026-06-29T00:14:35.938029,basse
BJ-06026843,SARL Distribution,Commerce & Distribution,Ouessè,+229 47 75 41 94,,sarldistribution.bj,PME (50-200),B2B/B2C,APIEx,,Actif,2026-06-29T00:14:35.938040,moyenne
BJ-17D91B47,Provision Market,Commerce & Distribution,Glazoué,+229 23 85 37 10,provision.market@provision.market.bj,provisionmarket.bj,TPE (<10),B2B/B2C,APIEx,,Actif,2026-06-29T00:14:35.938058,haute
BJ-33F6EE2F,Supermarché Market,Commerce & Distribution,Glazoué,+229 44 94 92 69,,,PME (50-200),B2C,APIEx,,Actif,2026-06-29T00:14:35.938081,basse
BJ-7B4D0122,Grossiste Market,Commerce & Distribution,Glazoué,+229 45 96 44 74,,,TPE (<10),B2B/B2C,APIEx,,Actif,2026-06-29T00:14:35.938094,basse
BJ-6977DD9E,Provision International Dassa-Zoumè,Commerce & Distribution,Dassa-Zoumè,+229 81 18 69 65,,,TPE (<10),B2C,APIEx,,Actif,2026-06-29T00:14:35.938147,basse
BJ-51E57BFD,Épicerie Dassa-Zoumè,Commerce & Distribution,Dassa-Zoumè,+229 35 16 26 23,,,TPE (<10),B2C,APIEx,,Actif,2026-06-29T00:14:35.938158,basse
BJ-77095D2C,Supermarché Ets,Commerce & Distribution,Dassa-Zoumè,+229 85 49 32 85,supermarché.ets@supermarché.ets.com,supermarchéets.bj,TPE (<10),B2B/B2C,APIEx,,Actif,2026-06-29T00:14:35.938171,haute
BJ-2D5C92AF,Alimentaire Shop,Commerce & Distribution,Dassa-Zoumè,+229 55 71 71 99,,,PME (50-200),B2B/B2C,APIEx,,Actif,2026-06-29T00:14:35.938181,basse
BJ-31ED86E7,Marché,Commerce & Distribution,Dassa-Zoumè,+229 69 40 96 76,marché@marché.org,marché.bj,PME (50-200),B2B/B2C,APIEx,,Actif,2026-06-29T00:14:35.938194,haute
BJ-7AD05BF9,Commerce Market,Commerce & Distribution,Savalou,+229 72 39 71 94,commerce.market@commerce.market.bj,,TPE (<10),B2B/B2C,APIEx,,Actif,2026-06-29T00:14:35.938210,moyenne
BJ-F8883F14,Supermarché Savalou,Commerce & Distribution,Savalou,+229 62 40 17 97,supermarché.savalou@supermarché.savalou.net,,PME (10-50),B2B/B2C,APIEx,,Actif,2026-06-29T00:14:35.938223,moyenne
BJ-1C17E66C,Groupe Détaillant International,Commerce & Distribution,Savalou,+229 53 83 94 30,,,TPE (<10),B2C,APIEx,,Actif,2026-06-29T00:14:35.938234,basse
BJ-2F7A7CA7,Grossiste Savalou,Commerce & Distribution,Savalou,+229 98 52 20 96,,,TPE (<10),B2B/B2C,APIEx,,Actif,2026-06-29T00:14:35.938251,basse
BJ-C18BB386,Alimentaire,Commerce & Distribution,Savalou,+229 84 87 72 13,,,PME (10-50),B2B/B2C,APIEx,,Actif,2026-06-29T00:14:35.938262,basse
BJ-9DF9202C,Alimentaire Shop,Commerce & Distribution,Bantè,+229 36 91 68 86,,,Grande (>200),B2B/B2C,APIEx,,Actif,2026-06-29T00:14:35.938279,basse
BJ-3E8F417E,Commerce Alimentaire Bantè,Commerce & Distribution,Bantè,+229 97 49 49 31,,commercealimentairebantè.bj,Grande (>200),B2C,APIEx,,Actif,2026-06-29T00:14:35.938291,moyenne
BJ-C9147731,Magasin Shop Bantè,Commerce & Distribution,Bantè,+229 88 42 24 44,magasin.shop.bantè@magasin.shop.bantè.net,,Grande (>200),B2C,APIEx,,Actif,2026-06-29T00:14:35.938303,moyenne
BJ-DED71967,Stock,Commerce & Distribution,Bantè,+229 40 52 61 45,,,PME (10-50),B2B/B2C,APIEx,,Actif,2026-06-29T00:14:35.938314,basse
BJ-85159C85,Ets Provision Bantè,Commerce & Distribution,Bantè,+229 86 58 97 72,,,PME (50-200),B2C,APIEx,,Actif,2026-06-29T00:14:35.938324,basse
BJ-CC0AD926,Groupe Grossiste,Commerce & Distribution,Djougou,+229 24 33 72 97,groupe.grossiste@groupe.grossiste.net,,PME (10-50),B2C,APIEx,,Actif,2026-06-29T00:14:35.938340,moyenne
BJ-0FE72BB7,Supply,Commerce & Distribution,Djougou,+229 86 61 33 14,supply@supply.benin,,PME (10-50),B2B/B2C,APIEx,,Actif,2026-06-29T00:14:35.938352,moyenne
BJ-EA06549A,Distribution Bénin Djougou,Commerce & Distribution,Djougou,+229 60 30 98 40,distribution.bénin.djougou@distribution.bénin.djougou.benin,distributionbénindjougou.bj,Grande (>200),B2B/B2C,APIEx,,Actif,2026-06-29T00:14:35.938365,haute
BJ-1F59F70F,Grossiste SARL,Commerce & Distribution,Djougou,+229 86 92 33 75,grossiste.sarl@grossiste.sarl.net,grossistesarl.bj,TPE (<10),B2B/B2C,APIEx,,Actif,2026-06-29T00:14:35.938381,haute
BJ-235965A3,SARL Supply,Commerce & Distribution,Djougou,+229 85 68 50 58,sarl.supply@sarl.supply.org,,TPE (<10),B2C,APIEx,,Actif,2026-06-29T00:14:35.938393,moyenne
BJ-73660764,Distribution Bénin,Commerce & Distribution,Ouèssè,+229 76 85 10 47,distribution.bénin@distribution.bénin.net,distributionbénin.bj,TPE (<10),B2B/B2C,APIEx,,Actif,2026-06-29T00:14:35.938411,haute
BJ-F42F878E,Distribution,Commerce & Distribution,Ouèssè,+229 63 71 29 94,,,TPE (<10),B2C,APIEx,,Actif,2026-06-29T00:14:35.938422,basse
BJ-7FE8BB6E,Détaillant Shop,Commerce & Distribution,Ouèssè,+229 23 23 17 97,détaillant.shop@détaillant.shop.benin,,PME (10-50),B2C,APIEx,,Actif,2026-06-29T00:14:35.938434,moyenne
BJ-417E5F92,Grossiste International Ouèssè,Commerce & Distribution,Ouèssè,+229 53 47 76 79,,,PME (50-200),B2C,APIEx,,Actif,2026-06-29T00:14:35.938445,basse
BJ-6D3A6DF7,Distribution Commerce Store,Commerce & Distribution,Ouèssè,+229 64 46 86 28,distribution.commerce.store@distribution.commerce.store.benin,distributioncommercestore.bj,PME (10-50),B2B/B2C,APIEx,,Actif,2026-06-29T00:14:35.938456,haute
BJ-F7E70287,Ets Stock,Commerce & Distribution,Bassila,+229 87 82 28 33,ets.stock@ets.stock.org,,PME (10-50),B2B/B2C,APIEx,,Actif,2026-06-29T00:14:35.938476,moyenne
BJ-2827E36C,Commerce Market Bassila,Commerce & Distribution,Bassila,+229 22 16 77 60,commerce.market.bassila@commerce.market.bassila.org,,TPE (<10),B2B/B2C,APIEx,,Actif,2026-06-29T00:14:35.938492,moyenne
BJ-270329FB,Marché Boutique,Commerce & Distribution,Bassila,+229 57 77 37 52,,,TPE (<10),B2B/B2C,APIEx,,Actif,2026-06-29T00:14:35.938502,basse
BJ-3473F622,Marché Commerce,Commerce & Distribution,Bassila,+229 33 81 77 60,,marchécommerce.bj,PME (10-50),B2B/B2C,APIEx,,Actif,2026-06-29T00:14:35.938521,moyenne
BJ-A4B301BD,Super Marché,Commerce & Distribution,Bassila,+229 81 84 35 12,,,PME (10-50),B2B/B2C,APIEx,,Actif,2026-06-29T00:14:35.938532,basse
BJ-BEDA6D9F,Boutique Bénin Pehunco,Commerce & Distribution,Pehunco,+229 52 32 48 46,boutique.bénin.pehunco@boutique.bénin.pehunco.org,,TPE (<10),B2B/B2C,APIEx,,Actif,2026-06-29T00:14:35.938554,moyenne
BJ-60E4B340,Détaillant,Commerce & Distribution,Pehunco,+229 89 78 59 11,détaillant@détaillant.com,détaillant.bj,PME (10-50),B2C,APIEx,,Actif,2026-06-29T00:14:35.938567,haute
BJ-F5C22566,SARL Alimentaire Bénin,Commerce & Distribution,Pehunco,+229 48 60 86 94,,,Grande (>200),B2B/B2C,APIEx,,Actif,2026-06-29T00:14:35.938578,basse
BJ-DBE349D4,Groupe Détaillant Ets,Commerce & Distribution,Pehunco,+229 60 40 53 53,,,PME (50-200),B2C,APIEx,,Actif,2026-06-29T00:14:35.938588,basse
BJ-BCB83560,Super Magasin Ets,Commerce & Distribution,Pehunco,+229 23 11 53 36,super.magasin.ets@super.magasin.ets.com,supermagasinets.bj,PME (50-200),B2B/B2C,APIEx,,Actif,2026-06-29T00:14:35.938600,haute
BJ-01399711,Commerce Commerce Groupe,Commerce & Distribution,Copargo,+229 54 33 61 95,commerce.commerce.groupe@commerce.commerce.groupe.com,,TPE (<10),B2B/B2C,APIEx,,Actif,2026-06-29T00:14:35.938617,moyenne
BJ-D662FC03,Super Détaillant,Commerce & Distribution,Copargo,+229 70 79 58 12,,,TPE (<10),B2B/B2C,APIEx,,Actif,2026-06-29T00:14:35.938627,basse
BJ-0D10296C,Commerce Store,Commerce & Distribution,Copargo,+229 78 99 24 88,,commercestore.bj,TPE (<10),B2C,APIEx,,Actif,2026-06-29T00:14:35.938639,moyenne
BJ-AFC2CA46,Ets Boutique Copargo,Commerce & Distribution,Copargo,+229 67 68 18 58,ets.boutique.copargo@ets.boutique.copargo.com,,PME (50-200),B2C,APIEx,,Actif,2026-06-29T00:14:35.938653,moyenne
BJ-FA20500F,Détaillant Shop,Commerce & Distribution,Copargo,+229 70 45 91 26,détaillant.shop@détaillant.shop.bj,détaillantshop.bj,TPE (<10),B2C,APIEx,,Actif,2026-06-29T00:14:35.938666,haute
BJ-DD58A193,Bar Palace Café,Restauration & Hôtellerie,Cotonou,+229 87 42 25 29,bar.palace.café@bar.palace.café.net,,Grande (>200),B2C,APIEx,,Actif,2026-06-29T00:14:35.938685,moyenne
BJ-E75A6925,Auberge Jardin,Restauration & Hôtellerie,Cotonou,+229 79 34 63 23,,aubergejardin.bj,PME (10-50),B2C,APIEx,,Actif,2026-06-29T00:14:35.938696,moyenne
BJ-FE85FD33,Nouveau,Restauration & Hôtellerie,Cotonou,+229 23 56 59 11,,nouveau.bj,TPE (<10),B2C,APIEx,,Actif,2026-06-29T00:14:35.938710,moyenne
BJ-0B1F3DD6,Café Lac International,Restauration & Hôtellerie,Cotonou,+229 44 43 25 72,,,TPE (<10),B2C,APIEx,,Actif,2026-06-29T00:14:35.938721,basse
BJ-ACAE6551,Table Bénin,Restauration & Hôtellerie,Cotonou,+229 88 69 83 79,table.bénin@table.bénin.org,,PME (10-50),B2C,APIEx,,Actif,2026-06-29T00:14:35.938733,moyenne
BJ-58381604,Bar Palace,Restauration & Hôtellerie,Abomey-Calavi,+229 35 20 34 52,bar.palace@bar.palace.com,,PME (50-200),B2C,APIEx,,Actif,2026-06-29T00:14:35.938751,moyenne
BJ-0A594383,Bar Goût Café,Restauration & Hôtellerie,Abomey-Calavi,+229 42 95 74 54,bar.goût.café@bar.goût.café.bj,bargoûtcafé.bj,PME (10-50),B2C,APIEx,,Actif,2026-06-29T00:14:35.938764,haute
BJ-806E4239,Palace Brasserie Abomey-Calavi,Restauration & Hôtellerie,Abomey-Calavi,+229 58 45 46 44,,palacebrasserieabomeycalavi.bj,TPE (<10),B2C,APIEx,,Actif,2026-06-29T00:14:35.938776,moyenne
BJ-CF0A51E9,Hôtel Plage Brasserie,Restauration & Hôtellerie,Abomey-Calavi,+229 85 43 94 69,,,PME (10-50),B2C,APIEx,,Actif,2026-06-29T00:14:35.938790,basse
BJ-04A126C1,Pension Plage,Restauration & Hôtellerie,Abomey-Calavi,+229 98 48 31 88,pension.plage@pension.plage.com,,PME (50-200),B2C,APIEx,,Actif,2026-06-29T00:14:35.938804,moyenne
BJ-334B7A0B,Pension Plage International,Restauration & Hôtellerie,Porto-Novo,+229 71 81 92 12,pension.plage.international@pension.plage.international.net,pensionplageinternational.bj,PME (50-200),B2C,APIEx,,Actif,2026-06-29T00:14:35.938822,haute
BJ-05DB344B,Restaurant Lac Porto-Novo,Restauration & Hôtellerie,Porto-Novo,+229 46 27 90 84,,restaurantlacportonovo.bj,TPE (<10),B2C,APIEx,,Actif,2026-06-29T00:14:35.938834,moyenne
BJ-6BD81FBD,Mer,Restauration & Hôtellerie,Porto-Novo,+229 91 94 70 11,mer@mer.com,mer.bj,PME (50-200),B2C,APIEx,,Actif,2026-06-29T00:14:35.938846,haute
BJ-7D24AEA7,Plage,Restauration & Hôtellerie,Porto-Novo,+229 87 89 89 29,,plage.bj,TPE (<10),B2C,APIEx,,Actif,2026-06-29T00:14:35.938857,moyenne
BJ-51F4FE05,Lac International,Restauration & Hôtellerie,Porto-Novo,+229 54 49 82 80,,lacinternational.bj,PME (10-50),B2C,APIEx,,Actif,2026-06-29T00:14:35.938868,moyenne
BJ-3124337B,Pension Détente Parakou,Restauration & Hôtellerie,Parakou,+229 53 58 82 99,,,TPE (<10),B2C,APIEx,,Actif,2026-06-29T00:14:35.938884,basse
BJ-E0931C36,Restaurant Gourmet Bénin,Restauration & Hôtellerie,Parakou,+229 32 28 66 68,,restaurantgourmetbénin.bj,PME (10-50),B2C,APIEx,,Actif,2026-06-29T00:14:35.938912,moyenne
BJ-C47BDAA5,Village,Restauration & Hôtellerie,Parakou,+229 56 42 33 30,,village.bj,TPE (<10),B2C,APIEx,,Actif,2026-06-29T00:14:35.938924,moyenne
BJ-F3D1A892,Bar Goût International,Restauration & Hôtellerie,Parakou,+229 76 37 66 67,,bargoûtinternational.bj,TPE (<10),B2C,APIEx,,Actif,2026-06-29T00:14:35.938940,moyenne
BJ-8063783D,Saveur,Restauration & Hôtellerie,Parakou,+229 99 11 97 65,saveur@saveur.org,,TPE (<10),B2C,APIEx,,Actif,2026-06-29T00:14:35.938954,moyenne
BJ-876527B1,Plage Inn,Restauration & Hôtellerie,Bohicon,+229 69 65 68 78,plage.inn@plage.inn.net,,TPE (<10),B2C,APIEx,,Actif,2026-06-29T00:14:35.938973,moyenne
BJ-B86EFAAB,Hôtel Gourmet,Restauration & Hôtellerie,Bohicon,+229 21 98 41 79,hôtel.gourmet@hôtel.gourmet.bj,hôtelgourmet.bj,PME (50-200),B2C,APIEx,,Actif,2026-06-29T00:14:35.938987,haute
BJ-5260A02F,Hôtel Mer International,Restauration & Hôtellerie,Bohicon,+229 96 60 13 88,,,TPE (<10),B2C,APIEx,,Actif,2026-06-29T00:14:35.938997,basse
BJ-04E53F8C,Nouveau Brasserie Bohicon,Restauration & Hôtellerie,Bohicon,+229 29 55 67 38,nouveau.brasserie.bohicon@nouveau.brasserie.bohicon.com,nouveaubrasseriebohicon.bj,TPE (<10),B2C,APIEx,,Actif,2026-06-29T00:14:35.939010,haute
BJ-5E8C5440,Pension Jardin,Restauration & Hôtellerie,Bohicon,+229 28 53 74 58,pension.jardin@pension.jardin.net,pensionjardin.bj,PME (50-200),B2C,APIEx,,Actif,2026-06-29T00:14:35.939021,haute
BJ-92DFCC1C,Café Jardin Palace,Restauration & Hôtellerie,Natitingou,+229 61 30 10 36,,caféjardinpalace.bj,Grande (>200),B2C,APIEx,,Actif,2026-06-29T00:14:35.939053,moyenne
BJ-9C8AC6B6,Détente Brasserie,Restauration & Hôtellerie,Natitingou,+229 97 62 25 40,détente.brasserie@détente.brasserie.benin,,TPE (<10),B2C,APIEx,,Actif,2026-06-29T00:14:35.939090,moyenne
BJ-4ACF34A0,Pension Village Brasserie,Restauration & Hôtellerie,Lokossa,+229 95 17 99 39,pension.village.brasserie@pension.village.brasserie.bj,pensionvillagebrasserie.bj,TPE (<10),B2C,APIEx,,Actif,2026-06-29T00:14:35.939108,haute
BJ-F7E1244C,Grand Bénin Lokossa,Restauration & Hôtellerie,Lokossa,+229 95 92 31 75,grand.bénin.lokossa@grand.bénin.lokossa.benin,grandbéninlokossa.bj,TPE (<10),B2C,APIEx,,Actif,2026-06-29T00:14:35.939122,haute
BJ-8C50158E,Hôtel Gourmet,Restauration & Hôtellerie,Lokossa,+229 68 43 52 73,hôtel.gourmet@hôtel.gourmet.com,hôtelgourmet.bj,PME (10-50),B2C,APIEx,,Actif,2026-06-29T00:14:35.939149,haute
BJ-6208603F,Pension Plage,Restauration & Hôtellerie,Lokossa,+229 43 85 57 85,,,PME (10-50),B2C,APIEx,,Actif,2026-06-29T00:14:35.939160,basse
BJ-5AA0EBEA,Bar Détente Restaurant,Restauration & Hôtellerie,Ouidah,+229 59 22 51 38,bar.détente.restaurant@bar.détente.restaurant.org,bardétenterestaurant.bj,PME (50-200),B2C,APIEx,,Actif,2026-06-29T00:14:35.939179,haute
BJ-D56BC3BB,Palace International Ouidah,Restauration & Hôtellerie,Ouidah,+229 79 66 39 84,palace.international.ouidah@palace.international.ouidah.net,,PME (10-50),B2C,APIEx,,Actif,2026-06-29T00:14:35.939191,moyenne
BJ-51A60C8A,Gourmet Ouidah,Restauration & Hôtellerie,Ouidah,+229 84 91 36 67,,gourmetouidah.bj,PME (50-200),B2C,APIEx,,Actif,2026-06-29T00:14:35.939206,moyenne
BJ-6D4DBF64,Table Ouidah,Restauration & Hôtellerie,Ouidah,+229 93 39 16 87,table.ouidah@table.ouidah.bj,,TPE (<10),B2C,APIEx,,Actif,2026-06-29T00:14:35.939234,moyenne
BJ-28962F10,Lac,Restauration & Hôtellerie,Savalou,+229 42 19 45 86,,lac.bj,PME (10-50),B2C,APIEx,,Actif,2026-06-29T00:14:35.939251,moyenne
BJ-D438C533,Table,Restauration & Hôtellerie,Savalou,+229 56 12 75 90,,,PME (10-50),B2C,APIEx,,Actif,2026-06-29T00:14:35.939272,basse
BJ-316FEB8B,Brasserie Lac Café,Restauration & Hôtellerie,Savalou,+229 29 93 96 57,brasserie.lac.café@brasserie.lac.café.com,brasserielaccafé.bj,PME (10-50),B2C,APIEx,,Actif,2026-06-29T00:14:35.939286,haute
BJ-1E0DDDA7,Café Royal Dassa-Zoumè,Restauration & Hôtellerie,Dassa-Zoumè,+229 67 38 93 91,,caféroyaldassazoumè.bj,TPE (<10),B2C,APIEx,,Actif,2026-06-29T00:14:35.939330,moyenne
BJ-505C080A,Restaurant Goût Bénin,Restauration & Hôtellerie,Dassa-Zoumè,+229 98 63 67 55,,restaurantgoûtbénin.bj,PME (50-200),B2C,APIEx,,Actif,2026-06-29T00:14:35.939342,moyenne
BJ-958D2F78,Brasserie Détente,Restauration & Hôtellerie,Dassa-Zoumè,+229 44 32 39 25,,,PME (50-200),B2C,APIEx,,Actif,2026-06-29T00:14:35.939352,basse
BJ-6AA9DEB6,Hôtel Table Café,Restauration & Hôtellerie,Dassa-Zoumè,+229 41 30 74 90,hôtel.table.café@hôtel.table.café.net,hôteltablecafé.bj,TPE (<10),B2C,APIEx,,Actif,2026-06-29T00:14:35.939368,haute
BJ-6CEE2B04,Bar Ambiance,Restauration & Hôtellerie,Dassa-Zoumè,+229 72 13 98 17,,,TPE (<10),B2C,APIEx,,Actif,2026-06-29T00:14:35.939379,basse
BJ-D1455156,Palace Inn Kétou,Restauration & Hôtellerie,Kétou,+229 80 31 70 22,palace.inn.kétou@palace.inn.kétou.com,palaceinnkétou.bj,PME (10-50),B2C,APIEx,,Actif,2026-06-29T00:14:35.939398,haute
BJ-46F17D30,Auberge Gourmet,Restauration & Hôtellerie,Kétou,+229 41 47 85 61,,aubergegourmet.bj,PME (50-200),B2C,APIEx,,Actif,2026-06-29T00:14:35.939410,moyenne
BJ-C094BA8D,Pension Palace International,Restauration & Hôtellerie,Kétou,+229 62 34 24 69,pension.palace.international@pension.palace.international.benin,,Grande (>200),B2C,APIEx,,Actif,2026-06-29T00:14:35.939421,moyenne
BJ-4E38A99C,Pension Gourmet,Restauration & Hôtellerie,Kétou,+229 65 28 63 51,,,PME (50-200),B2C,APIEx,,Actif,2026-06-29T00:14:35.939435,basse
BJ-D7DD0EF7,Pension Lac Hotel,Restauration & Hôtellerie,Kétou,+229 48 41 65 73,,,PME (10-50),B2C,APIEx,,Actif,2026-06-29T00:14:35.939446,basse
BJ-AD7BFD8A,Lac,Restauration & Hôtellerie,Covè,+229 74 59 74 32,lac@lac.benin,,TPE (<10),B2C,APIEx,,Actif,2026-06-29T00:14:35.939463,moyenne
BJ-0A560912,Bar Lac Hotel,Restauration & Hôtellerie,Covè,+229 75 89 34 79,bar.lac.hotel@bar.lac.hotel.com,,PME (10-50),B2C,APIEx,,Actif,2026-06-29T00:14:35.939475,moyenne
BJ-0F27941C,Table Brasserie Covè,Restauration & Hôtellerie,Covè,+229 72 67 67 21,table.brasserie.covè@table.brasserie.covè.com,tablebrasseriecovè.bj,PME (50-200),B2C,APIEx,,Actif,2026-06-29T00:14:35.939488,haute
BJ-8E8A158E,Bar Lac,Restauration & Hôtellerie,Covè,+229 55 66 93 30,,barlac.bj,TPE (<10),B2C,APIEx,,Actif,2026-06-29T00:14:35.939502,moyenne
BJ-2FE3D900,Auberge Ambiance,Restauration & Hôtellerie,Covè,+229 74 15 62 88,,,TPE (<10),B2C,APIEx,,Actif,2026-06-29T00:14:35.939516,basse
BJ-8E7AB672,Grand,Restauration & Hôtellerie,Pobè,+229 92 47 85 49,grand@grand.net,grand.bj,TPE (<10),B2C,APIEx,,Actif,2026-06-29T00:14:35.939533,haute
BJ-E0D7CDC1,Café Mer,Restauration & Hôtellerie,Pobè,+229 64 50 92 66,,cafémer.bj,PME (10-50),B2C,APIEx,,Actif,2026-06-29T00:14:35.939545,moyenne
BJ-23AB2094,Auberge Lac Hotel,Restauration & Hôtellerie,Pobè,+229 41 25 97 84,auberge.lac.hotel@auberge.lac.hotel.com,,PME (10-50),B2C,APIEx,,Actif,2026-06-29T00:14:35.939557,moyenne
BJ-02BD75F9,Brasserie Royal,Restauration & Hôtellerie,Pobè,+229 66 35 97 11,,,PME (10-50),B2C,APIEx,,Actif,2026-06-29T00:14:35.939567,basse
BJ-90011957,Brasserie Table Pobè,Restauration & Hôtellerie,Pobè,+229 30 75 18 98,brasserie.table.pobè@brasserie.table.pobè.benin,,PME (10-50),B2C,APIEx,,Actif,2026-06-29T00:14:35.939579,moyenne
BJ-863F1C2E,Auberge Mer International,Restauration & Hôtellerie,Sakété,+229 90 57 95 54,,,TPE (<10),B2C,APIEx,,Actif,2026-06-29T00:14:35.939607,basse
BJ-2094B1F8,Hôtel Table Sakété,Restauration & Hôtellerie,Sakété,+229 29 26 61 22,,hôteltablesakété.bj,PME (10-50),B2C,APIEx,,Actif,2026-06-29T00:14:35.939619,moyenne
BJ-E4CC9F3E,Table Café,Restauration & Hôtellerie,Sakété,+229 48 38 12 21,,,TPE (<10),B2C,APIEx,,Actif,2026-06-29T00:14:35.939632,basse
BJ-CDB8AA7B,Goût Palace Sakété,Restauration & Hôtellerie,Sakété,+229 51 13 13 76,,goûtpalacesakété.bj,TPE (<10),B2C,APIEx,,Actif,2026-06-29T00:14:35.939644,moyenne
BJ-F81E134D,Gourmet Restaurant,Restauration & Hôtellerie,Adjara,+229 24 99 22 89,,,PME (50-200),B2C,APIEx,,Actif,2026-06-29T00:14:35.939660,basse
BJ-4284B8C4,Pension Royal International,Restauration & Hôtellerie,Adjara,+229 20 37 25 83,pension.royal.international@pension.royal.international.bj,,TPE (<10),B2C,APIEx,,Actif,2026-06-29T00:14:35.939675,moyenne
BJ-168F254C,Nouveau Restaurant,Restauration & Hôtellerie,Adjara,+229 31 62 78 17,,,Grande (>200),B2C,APIEx,,Actif,2026-06-29T00:14:35.939686,basse
BJ-213521FB,Bar Table Brasserie Adjara,Restauration & Hôtellerie,Adjara,+229 55 95 14 79,bar.table.brasserie.adjara@bar.table.brasserie.adjara.net,,PME (50-200),B2C,APIEx,,Actif,2026-06-29T00:14:35.939697,moyenne
BJ-4B4EB5CC,Nouveau Inn,Restauration & Hôtellerie,Adjara,+229 86 14 85 17,nouveau.inn@nouveau.inn.net,nouveauinn.bj,PME (50-200),B2C,APIEx,,Actif,2026-06-29T00:14:35.939710,haute
BJ-91B4EEE2,Jardin,Restauration & Hôtellerie,Allada,+229 70 99 53 98,jardin@jardin.com,jardin.bj,PME (10-50),B2C,APIEx,,Actif,2026-06-29T00:14:35.939727,haute
BJ-5D056DE5,Restaurant Table Inn,Restauration & Hôtellerie,Allada,+229 61 45 75 53,restaurant.table.inn@restaurant.table.inn.benin,restauranttableinn.bj,Grande (>200),B2C,APIEx,,Actif,2026-06-29T00:14:35.939739,haute
BJ-F5E8CBB5,Restaurant Royal,Restauration & Hôtellerie,Allada,+229 76 38 96 41,restaurant.royal@restaurant.royal.net,,PME (10-50),B2C,APIEx,,Actif,2026-06-29T00:14:35.939751,moyenne
BJ-ADBDBA76,Lac International,Restauration & Hôtellerie,Allada,+229 41 96 83 18,,lacinternational.bj,TPE (<10),B2C,APIEx,,Actif,2026-06-29T00:14:35.939764,moyenne
BJ-4CA04643,Saveur Aplahoué,Restauration & Hôtellerie,Aplahoué,+229 53 14 88 74,saveur.aplahoué@saveur.aplahoué.bj,saveuraplahoué.bj,Grande (>200),B2C,APIEx,,Actif,2026-06-29T00:14:35.939794,haute
BJ-8CFD1311,Grand Bénin,Restauration & Hôtellerie,Aplahoué,+229 67 71 57 56,grand.bénin@grand.bénin.benin,,TPE (<10),B2C,APIEx,,Actif,2026-06-29T00:14:35.939806,moyenne
BJ-8D02508C,Nouveau Palace,Restauration & Hôtellerie,Aplahoué,+229 50 53 15 24,nouveau.palace@nouveau.palace.benin,,PME (10-50),B2C,APIEx,,Actif,2026-06-29T00:14:35.939818,moyenne
BJ-5ABE2B09,Restaurant Plage,Restauration & Hôtellerie,Aplahoué,+229 85 43 58 10,,restaurantplage.bj,PME (50-200),B2C,APIEx,,Actif,2026-06-29T00:14:35.939829,moyenne
BJ-31CDABDC,Bar Mer Hotel,Restauration & Hôtellerie,Aplahoué,+229 43 14 10 96,bar.mer.hotel@bar.mer.hotel.benin,,PME (10-50),B2C,APIEx,,Actif,2026-06-29T00:14:35.939840,moyenne
BJ-D4E62BE1,Nouveau,Restauration & Hôtellerie,Dogbo-Tota,+229 48 80 15 19,nouveau@nouveau.benin,nouveau.bj,TPE (<10),B2C,APIEx,,Actif,2026-06-29T00:14:35.939861,haute
BJ-6A3EE184,Détente,Restauration & Hôtellerie,Dogbo-Tota,+229 50 78 74 66,,,PME (50-200),B2C,APIEx,,Actif,2026-06-29T00:14:35.939875,basse
BJ-D98C478C,Gourmet Inn,Restauration & Hôtellerie,Dogbo-Tota,+229 53 78 77 64,,,PME (50-200),B2C,APIEx,,Actif,2026-06-29T00:14:35.939886,basse
BJ-C715C6DB,Auberge Table Hotel,Restauration & Hôtellerie,Dogbo-Tota,+229 26 59 82 71,auberge.table.hotel@auberge.table.hotel.net,,PME (10-50),B2C,APIEx,,Actif,2026-06-29T00:14:35.939917,moyenne
BJ-1CAB3EDB,Plage Restaurant Dogbo-Tota,Restauration & Hôtellerie,Dogbo-Tota,+229 46 54 21 31,plage.restaurant.dogbotota@plage.restaurant.dogbotota.org,,TPE (<10),B2C,APIEx,,Actif,2026-06-29T00:14:35.939931,moyenne
BJ-8298AC7A,Lac Kpomassè,Restauration & Hôtellerie,Kpomassè,+229 74 33 14 18,lac.kpomassè@lac.kpomassè.benin,,PME (10-50),B2C,APIEx,,Actif,2026-06-29T00:14:35.939963,moyenne
BJ-58974821,Hôtel Village,Restauration & Hôtellerie,Kpomassè,+229 93 73 41 77,hôtel.village@hôtel.village.bj,hôtelvillage.bj,PME (50-200),B2C,APIEx,,Actif,2026-06-29T00:14:35.939976,haute
BJ-32A96B41,Goût Restaurant Kpomassè,Restauration & Hôtellerie,Kpomassè,+229 83 15 44 19,,goûtrestaurantkpomassè.bj,PME (50-200),B2C,APIEx,,Actif,2026-06-29T00:14:35.939988,moyenne
BJ-74CEF134,Auberge Village International,Restauration & Hôtellerie,Kpomassè,+229 29 48 99 21,auberge.village.international@auberge.village.international.org,,TPE (<10),B2C,APIEx,,Actif,2026-06-29T00:14:35.939999,moyenne
BJ-B5137E81,Goût,Restauration & Hôtellerie,Tori-Bossito,+229 82 84 24 98,goût@goût.benin,goût.bj,TPE (<10),B2C,APIEx,,Actif,2026-06-29T00:14:35.940017,haute
BJ-FAD6B2FB,Café Nouveau Tori-Bossito,Restauration & Hôtellerie,Tori-Bossito,+229 64 84 72 77,café.nouveau.toribossito@café.nouveau.toribossito.bj,,PME (10-50),B2C,APIEx,,Actif,2026-06-29T00:14:35.940030,moyenne
BJ-10005B98,Palace International,Restauration & Hôtellerie,Tori-Bossito,+229 58 34 25 74,palace.international@palace.international.benin,palaceinternational.bj,PME (50-200),B2C,APIEx,,Actif,2026-06-29T00:14:35.940043,haute
BJ-62BE3209,Brasserie Grand Inn,Restauration & Hôtellerie,Tori-Bossito,+229 28 13 29 33,brasserie.grand.inn@brasserie.grand.inn.bj,,PME (10-50),B2C,APIEx,,Actif,2026-06-29T00:14:35.940058,moyenne
BJ-89661834,Restaurant Nouveau,Restauration & Hôtellerie,Tori-Bossito,+229 55 82 78 90,restaurant.nouveau@restaurant.nouveau.net,,TPE (<10),B2C,APIEx,,Actif,2026-06-29T00:14:35.940069,moyenne
BJ-D8928866,Hôtel Palace Bénin,Restauration & Hôtellerie,Grand-Popo,+229 69 85 63 27,,hôtelpalacebénin.bj,Grande (>200),B2C,APIEx,,Actif,2026-06-29T00:14:35.940087,moyenne
BJ-8DC90A5B,Café Nouveau,Restauration & Hôtellerie,Grand-Popo,+229 56 71 84 42,café.nouveau@café.nouveau.org,cafénouveau.bj,TPE (<10),B2C,APIEx,,Actif,2026-06-29T00:14:35.940100,haute
BJ-A64AF90A,Palace,Restauration & Hôtellerie,Grand-Popo,+229 48 74 39 18,,,PME (50-200),B2C,APIEx,,Actif,2026-06-29T00:14:35.940114,basse
BJ-81A9E028,Hôtel Goût Hotel,Restauration & Hôtellerie,Grand-Popo,+229 94 23 23 38,hôtel.goût.hotel@hôtel.goût.hotel.net,hôtelgoûthotel.bj,Grande (>200),B2C,APIEx,,Actif,2026-06-29T00:14:35.940128,haute
BJ-F5EA874E,Nouveau Hotel,Restauration & Hôtellerie,Grand-Popo,+229 27 84 14 20,nouveau.hotel@nouveau.hotel.com,nouveauhotel.bj,PME (50-200),B2C,APIEx,,Actif,2026-06-29T00:14:35.940140,haute
BJ-58CCFFB0,Restaurant Saveur Inn,Restauration & Hôtellerie,Athiémé,+229 30 85 18 10,restaurant.saveur.inn@restaurant.saveur.inn.org,restaurantsaveurinn.bj,TPE (<10),B2C,APIEx,,Actif,2026-06-29T00:14:35.940158,haute
BJ-2F8F3DD2,Auberge Saveur Athiémé,Restauration & Hôtellerie,Athiémé,+229 21 16 36 41,,aubergesaveurathiémé.bj,TPE (<10),B2C,APIEx,,Actif,2026-06-29T00:14:35.940170,moyenne
BJ-201FE2DC,Auberge Table,Restauration & Hôtellerie,Athiémé,+229 82 59 85 41,,aubergetable.bj,Grande (>200),B2C,APIEx,,Actif,2026-06-29T00:14:35.940181,moyenne
BJ-1E9A0DB6,Bar Saveur,Restauration & Hôtellerie,Athiémé,+229 71 27 16 95,,,PME (50-200),B2C,APIEx,,Actif,2026-06-29T00:14:35.940194,basse
BJ-1734AD5E,Restaurant Ambiance Bénin,Restauration & Hôtellerie,Athiémé,+229 22 34 20 28,,,TPE (<10),B2C,APIEx,,Actif,2026-06-29T00:14:35.940206,basse
BJ-76302009,Royal Inn,Restauration & Hôtellerie,Bopa,+229 27 41 98 16,royal.inn@royal.inn.org,royalinn.bj,TPE (<10),B2C,APIEx,,Actif,2026-06-29T00:14:35.940223,haute
BJ-6E15C486,Royal,Restauration & Hôtellerie,Bopa,+229 31 84 38 86,royal@royal.org,,Grande (>200),B2C,APIEx,,Actif,2026-06-29T00:14:35.940235,moyenne
BJ-639EDE39,Hôtel Lac,Restauration & Hôtellerie,Bopa,+229 33 96 63 44,hôtel.lac@hôtel.lac.benin,hôtellac.bj,PME (50-200),B2C,APIEx,,Actif,2026-06-29T00:14:35.940251,haute
BJ-5C7C8771,Goût,Restauration & Hôtellerie,Bopa,+229 40 70 95 18,,goût.bj,TPE (<10),B2C,APIEx,,Actif,2026-06-29T00:14:35.940263,moyenne
BJ-F8476CD3,Royal Hotel,Restauration & Hôtellerie,Bopa,+229 48 79 28 29,,royalhotel.bj,PME (10-50),B2C,APIEx,,Actif,2026-06-29T00:14:35.940274,moyenne
BJ-586BB53B,Hôtel Gourmet,Restauration & Hôtellerie,Houéyogbé,+229 83 43 74 17,,hôtelgourmet.bj,TPE (<10),B2C,APIEx,,Actif,2026-06-29T00:14:35.940304,moyenne
BJ-0F6F5617,Pension Goût Inn Houéyogbé,Restauration & Hôtellerie,Houéyogbé,+229 29 95 40 88,pension.goût.inn.houéyogbé@pension.goût.inn.houéyogbé.com,,PME (10-50),B2C,APIEx,,Actif,2026-06-29T00:14:35.940333,moyenne
BJ-C2B13B2E,Bar Mer Hotel,Restauration & Hôtellerie,Houéyogbé,+229 77 31 36 76,bar.mer.hotel@bar.mer.hotel.com,barmerhotel.bj,TPE (<10),B2C,APIEx,,Actif,2026-06-29T00:14:35.940346,haute
BJ-0782CF28,Mer International,Restauration & Hôtellerie,Malanville,+229 67 90 91 31,mer.international@mer.international.bj,merinternational.bj,PME (10-50),B2C,APIEx,,Actif,2026-06-29T00:14:35.940367,haute
BJ-2A7A553F,Hôtel Lac Brasserie,Restauration & Hôtellerie,Malanville,+229 38 51 97 86,hôtel.lac.brasserie@hôtel.lac.brasserie.benin,hôtellacbrasserie.bj,Grande (>200),B2C,APIEx,,Actif,2026-06-29T00:14:35.940381,haute
BJ-A288E4F5,Village Bénin,Restauration & Hôtellerie,Malanville,+229 86 19 94 55,village.bénin@village.bénin.bj,villagebénin.bj,PME (10-50),B2C,APIEx,,Actif,2026-06-29T00:14:35.940393,haute
BJ-7AB4927D,Café Jardin Bénin,Restauration & Hôtellerie,Malanville,+229 21 63 77 26,café.jardin.bénin@café.jardin.bénin.com,,PME (50-200),B2C,APIEx,,Actif,2026-06-29T00:14:35.940405,moyenne
BJ-3ADD1DC2,Jardin,Restauration & Hôtellerie,Malanville,+229 84 27 68 91,jardin@jardin.com,,TPE (<10),B2C,APIEx,,Actif,2026-06-29T00:14:35.940417,moyenne
BJ-C98BD637,Auberge Saveur International,Restauration & Hôtellerie,Kandi,+229 35 89 71 14,,,TPE (<10),B2C,APIEx,,Actif,2026-06-29T00:14:35.940433,basse
BJ-DF96BED7,Saveur,Restauration & Hôtellerie,Kandi,+229 90 86 40 59,saveur@saveur.com,,Grande (>200),B2C,APIEx,,Actif,2026-06-29T00:14:35.940445,moyenne
BJ-52DCB7C7,Brasserie Goût,Restauration & Hôtellerie,Kandi,+229 87 94 49 89,brasserie.goût@brasserie.goût.net,,PME (10-50),B2C,APIEx,,Actif,2026-06-29T00:14:35.940456,moyenne
BJ-84E5BD8D,Bar Royal Restaurant,Restauration & Hôtellerie,Kandi,+229 98 40 22 92,bar.royal.restaurant@bar.royal.restaurant.net,barroyalrestaurant.bj,Grande (>200),B2C,APIEx,,Actif,2026-06-29T00:14:35.940488,haute
BJ-3B4CDCD1,Bar Grand Brasserie,Restauration & Hôtellerie,Banikoara,+229 45 56 17 46,bar.grand.brasserie@bar.grand.brasserie.com,,TPE (<10),B2C,APIEx,,Actif,2026-06-29T00:14:35.940518,moyenne
BJ-2059BB11,Bar Goût Café,Restauration & Hôtellerie,Banikoara,+229 50 57 22 20,,,PME (10-50),B2C,APIEx,,Actif,2026-06-29T00:14:35.940528,basse
BJ-0EFA40B6,Bar Royal,Restauration & Hôtellerie,Banikoara,+229 91 74 83 95,bar.royal@bar.royal.bj,barroyal.bj,PME (10-50),B2C,APIEx,,Actif,2026-06-29T00:14:35.940547,haute
BJ-571CF001,Village,Restauration & Hôtellerie,Banikoara,+229 53 18 25 87,,village.bj,PME (10-50),B2C,APIEx,,Actif,2026-06-29T00:14:35.940559,moyenne
BJ-80F43485,Village Brasserie,Restauration & Hôtellerie,Banikoara,+229 84 12 10 50,village.brasserie@village.brasserie.org,villagebrasserie.bj,TPE (<10),B2C,APIEx,,Actif,2026-06-29T00:14:35.940571,haute
BJ-1F140630,Restaurant Palace,Restauration & Hôtellerie,Ségbana,+229 46 75 80 51,restaurant.palace@restaurant.palace.com,restaurantpalace.bj,PME (10-50),B2C,APIEx,,Actif,2026-06-29T00:14:35.940588,haute
BJ-C27FC9DB,Auberge Table Café,Restauration & Hôtellerie,Ségbana,+229 23 96 97 52,,aubergetablecafé.bj,Grande (>200),B2C,APIEx,,Actif,2026-06-29T00:14:35.940600,moyenne
BJ-BD44F97A,Saveur,Restauration & Hôtellerie,Ségbana,+229 31 31 45 12,saveur@saveur.net,,TPE (<10),B2C,APIEx,,Actif,2026-06-29T00:14:35.940612,moyenne
BJ-D48792A9,Hôtel Lac Bénin,Restauration & Hôtellerie,Ségbana,+229 55 71 33 59,hôtel.lac.bénin@hôtel.lac.bénin.benin,hôtellacbénin.bj,TPE (<10),B2C,APIEx,,Actif,2026-06-29T00:14:35.940631,haute
BJ-10B47076,Bar Mer,Restauration & Hôtellerie,Karimama,+229 62 19 66 91,bar.mer@bar.mer.org,barmer.bj,PME (50-200),B2C,APIEx,,Actif,2026-06-29T00:14:35.940660,haute
BJ-C31E81A5,Gourmet,Restauration & Hôtellerie,Karimama,+229 48 43 43 42,gourmet@gourmet.com,gourmet.bj,Grande (>200),B2C,APIEx,,Actif,2026-06-29T00:14:35.940672,haute
BJ-748EE547,Mer Karimama,Restauration & Hôtellerie,Karimama,+229 52 41 69 93,,,PME (10-50),B2C,APIEx,,Actif,2026-06-29T00:14:35.940694,basse
BJ-A108B546,Village,Restauration & Hôtellerie,Karimama,+229 59 37 56 94,,village.bj,PME (10-50),B2C,APIEx,,Actif,2026-06-29T00:14:35.940704,moyenne
BJ-9AE73927,Lac,Restauration & Hôtellerie,Gogounou,+229 89 85 10 34,lac@lac.org,lac.bj,TPE (<10),B2C,APIEx,,Actif,2026-06-29T00:14:35.940721,haute
BJ-11F7E622,Auberge Nouveau Hotel,Restauration & Hôtellerie,Gogounou,+229 88 24 85 36,auberge.nouveau.hotel@auberge.nouveau.hotel.com,aubergenouveauhotel.bj,PME (50-200),B2C,APIEx,,Actif,2026-06-29T00:14:35.940733,haute
BJ-780E3B6B,Hôtel Ambiance Inn,Restauration & Hôtellerie,Gogounou,+229 80 12 29 39,hôtel.ambiance.inn@hôtel.ambiance.inn.net,,PME (50-200),B2C,APIEx,,Actif,2026-06-29T00:14:35.940749,moyenne
BJ-828A2C09,Pension Ambiance Gogounou,Restauration & Hôtellerie,Gogounou,+229 64 67 61 35,,pensionambiancegogounou.bj,PME (10-50),B2C,APIEx,,Actif,2026-06-29T00:14:35.940764,moyenne
BJ-2FC6677A,Pension Goût Bénin,Restauration & Hôtellerie,Gogounou,+229 57 16 97 82,pension.goût.bénin@pension.goût.bénin.net,pensiongoûtbénin.bj,TPE (<10),B2C,APIEx,,Actif,2026-06-29T00:14:35.940777,haute
BJ-E36495BF,Restaurant Grand,Restauration & Hôtellerie,Cobly,+229 82 24 64 74,restaurant.grand@restaurant.grand.net,restaurantgrand.bj,PME (10-50),B2C,APIEx,,Actif,2026-06-29T00:14:35.940811,haute
BJ-FD9195B1,Brasserie Nouveau Restaurant Cobly,Restauration & Hôtellerie,Cobly,+229 58 37 62 89,,brasserienouveaurestaurantcobly.bj,PME (10-50),B2C,APIEx,,Actif,2026-06-29T00:14:35.940822,moyenne
BJ-D0007D97,Palace International,Restauration & Hôtellerie,Cobly,+229 32 86 38 88,palace.international@palace.international.com,palaceinternational.bj,PME (50-200),B2C,APIEx,,Actif,2026-06-29T00:14:35.940834,haute
BJ-37F6A5A6,Auberge Ambiance,Restauration & Hôtellerie,Cobly,+229 74 63 71 58,,,PME (50-200),B2C,APIEx,,Actif,2026-06-29T00:14:35.940844,basse
BJ-8B777582,Lac Tanguiéta,Restauration & Hôtellerie,Tanguiéta,+229 98 61 83 92,,,PME (10-50),B2C,APIEx,,Actif,2026-06-29T00:14:35.940882,basse
BJ-4810E0A1,Café Nouveau Palace,Restauration & Hôtellerie,Tanguiéta,+229 67 23 70 11,,cafénouveaupalace.bj,PME (10-50),B2C,APIEx,,Actif,2026-06-29T00:14:35.940901,moyenne
BJ-F8AF990A,Village Tanguiéta,Restauration & Hôtellerie,Tanguiéta,+229 85 16 90 38,village.tanguiéta@village.tanguiéta.net,villagetanguiéta.bj,PME (10-50),B2C,APIEx,,Actif,2026-06-29T00:14:35.940937,haute
BJ-6C56EB14,Bar Table International,Restauration & Hôtellerie,Tanguiéta,+229 67 83 53 16,bar.table.international@bar.table.international.bj,,TPE (<10),B2C,APIEx,,Actif,2026-06-29T00:14:35.940963,moyenne
BJ-52703698,Auberge Grand,Restauration & Hôtellerie,Matéri,+229 41 60 36 22,auberge.grand@auberge.grand.bj,aubergegrand.bj,Grande (>200),B2C,APIEx,,Actif,2026-06-29T00:14:35.940994,haute
BJ-C2D7D1F4,Ambiance,Restauration & Hôtellerie,Matéri,+229 46 90 63 67,,,PME (50-200),B2C,APIEx,,Actif,2026-06-29T00:14:35.941004,basse
BJ-041FA6C2,Restaurant Palace Café,Restauration & Hôtellerie,Matéri,+229 27 73 38 26,restaurant.palace.café@restaurant.palace.café.benin,restaurantpalacecafé.bj,PME (50-200),B2C,APIEx,,Actif,2026-06-29T00:14:35.941016,haute
BJ-EF6F04FB,Grand,Restauration & Hôtellerie,Matéri,+229 94 94 25 16,,grand.bj,TPE (<10),B2C,APIEx,,Actif,2026-06-29T00:14:35.941027,moyenne
BJ-9D24E94A,Pension Mer Brasserie,Restauration & Hôtellerie,Matéri,+229 86 66 83 35,pension.mer.brasserie@pension.mer.brasserie.com,pensionmerbrasserie.bj,PME (50-200),B2C,APIEx,,Actif,2026-06-29T00:14:35.941047,haute
BJ-54F4533D,Auberge Détente International Natitingou,Restauration & Hôtellerie,Natitingou,+229 61 57 54 76,auberge.détente.international.natitingou@auberge.détente.international.natitingou.bj,,TPE (<10),B2C,APIEx,,Actif,2026-06-29T00:14:35.941065,moyenne
BJ-3E2250CF,Hôtel Détente Palace,Restauration & Hôtellerie,Natitingou,+229 58 55 98 12,,hôteldétentepalace.bj,Grande (>200),B2C,APIEx,,Actif,2026-06-29T00:14:35.941091,moyenne
BJ-9D83B058,Village Bénin,Restauration & Hôtellerie,Natitingou,+229 93 81 22 23,village.bénin@village.bénin.org,villagebénin.bj,TPE (<10),B2C,APIEx,,Actif,2026-06-29T00:14:35.941118,haute
BJ-AF4BD922,Goût,Restauration & Hôtellerie,Toucountouna,+229 69 63 80 18,,,TPE (<10),B2C,APIEx,,Actif,2026-06-29T00:14:35.941134,basse
BJ-F3D79734,Restaurant Mer Café,Restauration & Hôtellerie,Toucountouna,+229 35 47 75 16,,,PME (50-200),B2C,APIEx,,Actif,2026-06-29T00:14:35.941145,basse
BJ-27A5A9ED,Lac,Restauration & Hôtellerie,Toucountouna,+229 87 63 29 41,lac@lac.benin,,TPE (<10),B2C,APIEx,,Actif,2026-06-29T00:14:35.941155,moyenne
BJ-8CF66F65,Lac Restaurant,Restauration & Hôtellerie,Toucountouna,+229 48 99 25 37,lac.restaurant@lac.restaurant.org,lacrestaurant.bj,Grande (>200),B2C,APIEx,,Actif,2026-06-29T00:14:35.941167,haute
BJ-73E1AF5D,Village International,Restauration & Hôtellerie,Toucountouna,+229 73 53 60 42,,,TPE (<10),B2C,APIEx,,Actif,2026-06-29T00:14:35.941177,basse
BJ-065F47C0,Restaurant Village,Restauration & Hôtellerie,Boukoumbé,+229 51 38 25 67,,restaurantvillage.bj,PME (10-50),B2C,APIEx,,Actif,2026-06-29T00:14:35.941193,moyenne
BJ-40A608DE,Village,Restauration & Hôtellerie,Boukoumbé,+229 66 29 14 44,village@village.net,village.bj,TPE (<10),B2C,APIEx,,Actif,2026-06-29T00:14:35.941204,haute
BJ-26704667,Nouveau Bénin,Restauration & Hôtellerie,Boukoumbé,+229 44 68 55 50,,,PME (50-200),B2C,APIEx,,Actif,2026-06-29T00:14:35.941214,basse
BJ-BE334B70,Nouveau Palace,Restauration & Hôtellerie,Boukoumbé,+229 29 60 18 41,,,PME (50-200),B2C,APIEx,,Actif,2026-06-29T00:14:35.941227,basse
BJ-2C82A682,Brasserie Grand Boukoumbé,Restauration & Hôtellerie,Boukoumbé,+229 51 18 81 37,,,TPE (<10),B2C,APIEx,,Actif,2026-06-29T00:14:35.941238,basse
BJ-EC8A10E4,Hôtel Royal Palace,Restauration & Hôtellerie,Kouandé,+229 22 61 72 50,hôtel.royal.palace@hôtel.royal.palace.benin,hôtelroyalpalace.bj,TPE (<10),B2C,APIEx,,Actif,2026-06-29T00:14:35.941255,haute
BJ-BF7871AD,Auberge Détente Kouandé,Restauration & Hôtellerie,Kouandé,+229 23 69 24 47,,aubergedétentekouandé.bj,TPE (<10),B2C,APIEx,,Actif,2026-06-29T00:14:35.941270,moyenne
BJ-FB34561D,Gourmet Hotel,Restauration & Hôtellerie,Kouandé,+229 44 80 14 63,gourmet.hotel@gourmet.hotel.benin,gourmethotel.bj,Grande (>200),B2C,APIEx,,Actif,2026-06-29T00:14:35.941282,haute
BJ-0289CA89,Restaurant Royal Kouandé,Restauration & Hôtellerie,Kouandé,+229 44 98 28 45,restaurant.royal.kouandé@restaurant.royal.kouandé.org,restaurantroyalkouandé.bj,Grande (>200),B2C,APIEx,,Actif,2026-06-29T00:14:35.941295,haute
BJ-128B0BC5,Table,Restauration & Hôtellerie,Kouandé,+229 89 88 13 69,table@table.benin,table.bj,Grande (>200),B2C,APIEx,,Actif,2026-06-29T00:14:35.941306,haute
BJ-92A925DB,Ambiance Palace,Restauration & Hôtellerie,Péhunco,+229 69 66 13 69,ambiance.palace@ambiance.palace.bj,ambiancepalace.bj,PME (10-50),B2C,APIEx,,Actif,2026-06-29T00:14:35.941323,haute
BJ-17E116CC,Restaurant Royal,Restauration & Hôtellerie,Péhunco,+229 49 28 22 84,,,TPE (<10),B2C,APIEx,,Actif,2026-06-29T00:14:35.941337,basse
BJ-19A04DFE,Brasserie Goût Bénin,Restauration & Hôtellerie,Péhunco,+229 69 79 60 12,,,TPE (<10),B2C,APIEx,,Actif,2026-06-29T00:14:35.941347,basse
BJ-D4603B64,Brasserie Goût,Restauration & Hôtellerie,Péhunco,+229 48 99 90 94,,brasseriegoût.bj,TPE (<10),B2C,APIEx,,Actif,2026-06-29T00:14:35.941361,moyenne
BJ-61DA1444,Nouveau Palace,Restauration & Hôtellerie,Péhunco,+229 29 54 52 66,nouveau.palace@nouveau.palace.benin,,TPE (<10),B2C,APIEx,,Actif,2026-06-29T00:14:35.941372,moyenne
BJ-8757FE72,Auberge Palace International,Restauration & Hôtellerie,Tchaourou,+229 25 39 89 98,,,TPE (<10),B2C,APIEx,,Actif,2026-06-29T00:14:35.941399,basse
BJ-0DE7452E,Goût,Restauration & Hôtellerie,Tchaourou,+229 27 56 73 51,goût@goût.bj,,PME (10-50),B2C,APIEx,,Actif,2026-06-29T00:14:35.941410,moyenne
BJ-259C6595,Brasserie Mer,Restauration & Hôtellerie,Tchaourou,+229 44 30 67 87,,,TPE (<10),B2C,APIEx,,Actif,2026-06-29T00:14:35.941420,basse
BJ-C1DF1468,Bar Royal,Restauration & Hôtellerie,Nikki,+229 60 11 16 81,bar.royal@bar.royal.bj,barroyal.bj,TPE (<10),B2C,APIEx,,Actif,2026-06-29T00:14:35.941454,haute
BJ-92FF8ED2,Palace Bénin,Restauration & Hôtellerie,Nikki,+229 80 90 43 52,palace.bénin@palace.bénin.bj,palacebénin.bj,PME (50-200),B2C,APIEx,,Actif,2026-06-29T00:14:35.941469,haute
BJ-70F103DD,Goût Inn,Restauration & Hôtellerie,Nikki,+229 23 40 84 51,goût.inn@goût.inn.net,goûtinn.bj,TPE (<10),B2C,APIEx,,Actif,2026-06-29T00:14:35.941482,haute
BJ-BFA3CAB4,Village Restaurant,Restauration & Hôtellerie,Nikki,+229 75 82 75 89,,,PME (50-200),B2C,APIEx,,Actif,2026-06-29T00:14:35.941495,basse
BJ-A143218A,Brasserie Palace Inn,Restauration & Hôtellerie,Nikki,+229 97 79 96 91,,,PME (10-50),B2C,APIEx,,Actif,2026-06-29T00:14:35.941506,basse
BJ-99EF5820,Auberge Goût,Restauration & Hôtellerie,Bembéréké,+229 58 52 33 60,,aubergegoût.bj,PME (10-50),B2C,APIEx,,Actif,2026-06-29T00:14:35.941523,moyenne
BJ-6063512F,Bar Nouveau,Restauration & Hôtellerie,Bembéréké,+229 92 52 62 74,,barnouveau.bj,PME (10-50),B2C,APIEx,,Actif,2026-06-29T00:14:35.941534,moyenne
BJ-14516DCC,Restaurant Village Brasserie,Restauration & Hôtellerie,Bembéréké,+229 85 83 55 95,restaurant.village.brasserie@restaurant.village.brasserie.bj,,PME (10-50),B2C,APIEx,,Actif,2026-06-29T00:14:35.941545,moyenne
BJ-A50CAEB7,Auberge Plage Brasserie,Restauration & Hôtellerie,Bembéréké,+229 27 18 95 60,,aubergeplagebrasserie.bj,PME (10-50),B2C,APIEx,,Actif,2026-06-29T00:14:35.941567,moyenne
BJ-4E20B3AF,Hôtel Saveur,Restauration & Hôtellerie,Kalalé,+229 51 67 62 23,,,Grande (>200),B2C,APIEx,,Actif,2026-06-29T00:14:35.941582,basse
BJ-5905A3AA,Café Ambiance Kalalé,Restauration & Hôtellerie,Kalalé,+229 53 97 18 43,café.ambiance.kalalé@café.ambiance.kalalé.net,caféambiancekalalé.bj,PME (50-200),B2C,APIEx,,Actif,2026-06-29T00:14:35.941595,haute
BJ-4BED3179,Hôtel Royal Restaurant,Restauration & Hôtellerie,Kalalé,+229 79 64 20 81,,,PME (10-50),B2C,APIEx,,Actif,2026-06-29T00:14:35.941605,basse
BJ-873A782E,Nouveau Kalalé,Restauration & Hôtellerie,Kalalé,+229 47 89 43 19,nouveau.kalalé@nouveau.kalalé.org,nouveaukalalé.bj,TPE (<10),B2C,APIEx,,Actif,2026-06-29T00:14:35.941620,haute
BJ-7FB75864,Bar Village,Restauration & Hôtellerie,Ndali,+229 88 52 59 96,bar.village@bar.village.bj,barvillage.bj,Grande (>200),B2C,APIEx,,Actif,2026-06-29T00:14:35.941650,haute
BJ-04CECC44,Hôtel Plage Restaurant,Restauration & Hôtellerie,Ndali,+229 75 49 14 94,,,PME (10-50),B2C,APIEx,,Actif,2026-06-29T00:14:35.941675,basse
BJ-D1018C7D,Table Café Ndali,Restauration & Hôtellerie,Ndali,+229 79 98 79 41,,tablecaféndali.bj,TPE (<10),B2C,APIEx,,Actif,2026-06-29T00:14:35.941713,moyenne
BJ-7A875324,Royal Brasserie,Restauration & Hôtellerie,Ségbana,+229 96 27 43 78,,,PME (10-50),B2C,APIEx,,Actif,2026-06-29T00:14:35.941740,basse
BJ-E9C38DF1,Restaurant Goût Palace,Restauration & Hôtellerie,Ségbana,+229 76 44 99 48,restaurant.goût.palace@restaurant.goût.palace.org,,TPE (<10),B2C,APIEx,,Actif,2026-06-29T00:14:35.941755,moyenne
BJ-643D3DDB,Brasserie Saveur Palace,Restauration & Hôtellerie,Ségbana,+229 36 20 25 58,,brasseriesaveurpalace.bj,TPE (<10),B2C,APIEx,,Actif,2026-06-29T00:14:35.941769,moyenne
BJ-B6D8268E,Pension Ambiance,Restauration & Hôtellerie,Ségbana,+229 58 58 67 25,,,Grande (>200),B2C,APIEx,,Actif,2026-06-29T00:14:35.941779,basse
BJ-D8D9D3F0,Lac Inn Tchaourou,Restauration & Hôtellerie,Tchaourou,+229 57 13 68 20,lac.inn.tchaourou@lac.inn.tchaourou.bj,lacinntchaourou.bj,PME (10-50),B2C,APIEx,,Actif,2026-06-29T00:14:35.941799,haute
BJ-C6374EE0,Palace Palace Tchaourou,Restauration & Hôtellerie,Tchaourou,+229 25 49 99 38,,palacepalacetchaourou.bj,TPE (<10),B2C,APIEx,,Actif,2026-06-29T00:14:35.941811,moyenne
BJ-92EFCC2A,Hôtel Détente Restaurant,Restauration & Hôtellerie,Tchaourou,+229 60 53 19 88,,,PME (10-50),B2C,APIEx,,Actif,2026-06-29T00:14:35.941821,basse
BJ-DAC5C5C2,Grand,Restauration & Hôtellerie,Tchaourou,+229 91 44 43 57,grand@grand.com,,PME (10-50),B2C,APIEx,,Actif,2026-06-29T00:14:35.941832,moyenne
BJ-3425BCDD,Pension Village Café,Restauration & Hôtellerie,Bétérou,+229 84 90 42 12,,pensionvillagecafé.bj,PME (10-50),B2C,APIEx,,Actif,2026-06-29T00:14:35.941859,moyenne
BJ-6F2EE35C,Plage,Restauration & Hôtellerie,Bétérou,+229 71 74 23 40,,,TPE (<10),B2C,APIEx,,Actif,2026-06-29T00:14:35.941869,basse
BJ-89C00A29,Royal,Restauration & Hôtellerie,Bétérou,+229 83 23 85 15,royal@royal.net,,TPE (<10),B2C,APIEx,,Actif,2026-06-29T00:14:35.941880,moyenne
BJ-6B7BD13C,Nouveau Bénin,Restauration & Hôtellerie,Bétérou,+229 86 10 31 31,nouveau.bénin@nouveau.bénin.org,,PME (10-50),B2C,APIEx,,Actif,2026-06-29T00:14:35.941937,moyenne
BJ-2840DEB4,Café Village Restaurant,Restauration & Hôtellerie,Ouessè,+229 37 39 60 57,,cafévillagerestaurant.bj,TPE (<10),B2C,APIEx,,Actif,2026-06-29T00:14:35.941970,moyenne
BJ-8D3F4944,Hôtel Jardin,Restauration & Hôtellerie,Ouessè,+229 38 36 78 71,,hôteljardin.bj,TPE (<10),B2C,APIEx,,Actif,2026-06-29T00:14:35.941982,moyenne
BJ-5F33DB38,Bar Détente,Restauration & Hôtellerie,Ouessè,+229 50 45 25 98,bar.détente@bar.détente.org,,TPE (<10),B2C,APIEx,,Actif,2026-06-29T00:14:35.941993,moyenne
BJ-BAA6FC5C,Gourmet Hotel,Restauration & Hôtellerie,Ouessè,+229 29 52 74 27,,gourmethotel.bj,TPE (<10),B2C,APIEx,,Actif,2026-06-29T00:14:35.942004,moyenne
BJ-F117B944,Village,Restauration & Hôtellerie,Ouessè,+229 41 76 46 89,village@village.benin,village.bj,TPE (<10),B2C,APIEx,,Actif,2026-06-29T00:14:35.942016,haute
BJ-A9B01398,Pension Détente Palace Glazoué,Restauration & Hôtellerie,Glazoué,+229 59 79 73 92,pension.détente.palace.glazoué@pension.détente.palace.glazoué.com,pensiondétentepalaceglazoué.bj,PME (50-200),B2C,APIEx,,Actif,2026-06-29T00:14:35.942035,haute
BJ-DDEEE95D,Bar Saveur,Restauration & Hôtellerie,Glazoué,+229 73 81 23 36,bar.saveur@bar.saveur.com,,TPE (<10),B2C,APIEx,,Actif,2026-06-29T00:14:35.942046,moyenne
BJ-FB4840C2,Royal Restaurant Glazoué,Restauration & Hôtellerie,Glazoué,+229 24 51 88 84,,royalrestaurantglazoué.bj,PME (50-200),B2C,APIEx,,Actif,2026-06-29T00:14:35.942058,moyenne
BJ-710BC14B,Bar Ambiance,Restauration & Hôtellerie,Glazoué,+229 96 50 66 81,,,PME (10-50),B2C,APIEx,,Actif,2026-06-29T00:14:35.942071,basse
BJ-B5621DBC,Pension Ambiance,Restauration & Hôtellerie,Glazoué,+229 31 22 64 99,pension.ambiance@pension.ambiance.net,,TPE (<10),B2C,APIEx,,Actif,2026-06-29T00:14:35.942083,moyenne
BJ-B743789A,Saveur,Restauration & Hôtellerie,Dassa-Zoumè,+229 34 39 59 50,saveur@saveur.net,saveur.bj,PME (10-50),B2C,APIEx,,Actif,2026-06-29T00:14:35.942100,haute
BJ-832BBFDE,Bar Grand,Restauration & Hôtellerie,Dassa-Zoumè,+229 50 16 54 76,bar.grand@bar.grand.net,bargrand.bj,PME (10-50),B2C,APIEx,,Actif,2026-06-29T00:14:35.942112,haute
BJ-25DE83A8,Pension Gourmet International,Restauration & Hôtellerie,Dassa-Zoumè,+229 44 40 36 41,,pensiongourmetinternational.bj,PME (50-200),B2C,APIEx,,Actif,2026-06-29T00:14:35.942122,moyenne
BJ-A07F2339,Café Grand Palace,Restauration & Hôtellerie,Dassa-Zoumè,+229 86 82 92 99,,,PME (10-50),B2C,APIEx,,Actif,2026-06-29T00:14:35.942133,basse
BJ-896C9CCF,Hôtel Village Hotel,Restauration & Hôtellerie,Dassa-Zoumè,+229 33 37 25 83,,hôtelvillagehotel.bj,PME (10-50),B2C,APIEx,,Actif,2026-06-29T00:14:35.942146,moyenne
BJ-0E480F83,Ambiance Inn,Restauration & Hôtellerie,Savalou,+229 64 43 33 48,,,TPE (<10),B2C,APIEx,,Actif,2026-06-29T00:14:35.942163,basse
BJ-0B761F05,Brasserie Plage,Restauration & Hôtellerie,Savalou,+229 65 35 64 70,,,PME (50-200),B2C,APIEx,,Actif,2026-06-29T00:14:35.942176,basse
BJ-7FED53F3,Bar Table Brasserie,Restauration & Hôtellerie,Savalou,+229 38 50 56 53,,,TPE (<10),B2C,APIEx,,Actif,2026-06-29T00:14:35.942186,basse
BJ-BEA730CB,Café Royal Restaurant,Restauration & Hôtellerie,Savalou,+229 22 33 61 77,café.royal.restaurant@café.royal.restaurant.net,,TPE (<10),B2C,APIEx,,Actif,2026-06-29T00:14:35.942200,moyenne
BJ-642FC328,Jardin Savalou,Restauration & Hôtellerie,Savalou,+229 26 96 84 65,jardin.savalou@jardin.savalou.bj,jardinsavalou.bj,Grande (>200),B2C,APIEx,,Actif,2026-06-29T00:14:35.942212,haute
BJ-39459BDF,Hôtel Saveur Brasserie Bantè,Restauration & Hôtellerie,Bantè,+229 63 83 31 87,,,PME (50-200),B2C,APIEx,,Actif,2026-06-29T00:14:35.942228,basse
BJ-DA5BD9A0,Restaurant Village Bantè,Restauration & Hôtellerie,Bantè,+229 91 53 64 21,,restaurantvillagebantè.bj,PME (10-50),B2C,APIEx,,Actif,2026-06-29T00:14:35.942240,moyenne
BJ-D681481E,Café Mer Inn,Restauration & Hôtellerie,Bantè,+229 87 32 85 48,,cafémerinn.bj,TPE (<10),B2C,APIEx,,Actif,2026-06-29T00:14:35.942251,moyenne
BJ-686B063D,Hôtel Lac Bantè,Restauration & Hôtellerie,Bantè,+229 96 58 98 48,hôtel.lac.bantè@hôtel.lac.bantè.benin,hôtellacbantè.bj,PME (10-50),B2C,APIEx,,Actif,2026-06-29T00:14:35.942264,haute
BJ-51A8CA1D,Mer Café,Restauration & Hôtellerie,Bantè,+229 86 76 33 76,,mercafé.bj,Grande (>200),B2C,APIEx,,Actif,2026-06-29T00:14:35.942275,moyenne
BJ-48991B8E,Café Royal,Restauration & Hôtellerie,Djougou,+229 51 95 54 20,,,PME (10-50),B2C,APIEx,,Actif,2026-06-29T00:14:35.942290,basse
BJ-28B3EC11,Mer,Restauration & Hôtellerie,Djougou,+229 45 93 21 36,mer@mer.benin,mer.bj,PME (10-50),B2C,APIEx,,Actif,2026-06-29T00:14:35.942302,haute
BJ-DEA9F407,Royal,Restauration & Hôtellerie,Djougou,+229 72 59 66 19,,,TPE (<10),B2C,APIEx,,Actif,2026-06-29T00:14:35.942312,basse
BJ-9CE43A49,Hôtel Nouveau,Restauration & Hôtellerie,Djougou,+229 34 66 94 26,,hôtelnouveau.bj,PME (10-50),B2C,APIEx,,Actif,2026-06-29T00:14:35.942326,moyenne
BJ-309A9E22,Café Village,Restauration & Hôtellerie,Ouèssè,+229 58 62 66 68,café.village@café.village.net,,Grande (>200),B2C,APIEx,,Actif,2026-06-29T00:14:35.942354,moyenne
BJ-24AD4173,Brasserie Table,Restauration & Hôtellerie,Ouèssè,+229 44 72 69 81,,brasserietable.bj,PME (50-200),B2C,APIEx,,Actif,2026-06-29T00:14:35.942365,moyenne
BJ-9777C476,Table Brasserie,Restauration & Hôtellerie,Ouèssè,+229 89 35 98 57,,tablebrasserie.bj,TPE (<10),B2C,APIEx,,Actif,2026-06-29T00:14:35.942379,moyenne
BJ-26967446,Brasserie Goût International,Restauration & Hôtellerie,Ouèssè,+229 85 77 80 24,brasserie.goût.international@brasserie.goût.international.benin,brasseriegoûtinternational.bj,PME (10-50),B2C,APIEx,,Actif,2026-06-29T00:14:35.942392,haute
BJ-B1C139BB,Auberge Saveur,Restauration & Hôtellerie,Ouèssè,+229 35 15 22 62,,,PME (50-200),B2C,APIEx,,Actif,2026-06-29T00:14:35.942402,basse
BJ-A60C6CEF,Détente Hotel,Restauration & Hôtellerie,Bassila,+229 53 37 47 49,,détentehotel.bj,TPE (<10),B2C,APIEx,,Actif,2026-06-29T00:14:35.942418,moyenne
BJ-F7CE15A4,Café Palace,Restauration & Hôtellerie,Bassila,+229 80 47 80 83,café.palace@café.palace.benin,cafépalace.bj,PME (10-50),B2C,APIEx,,Actif,2026-06-29T00:14:35.942430,haute
BJ-B10A372A,Auberge Goût International,Restauration & Hôtellerie,Bassila,+229 97 66 46 14,auberge.goût.international@auberge.goût.international.bj,,Grande (>200),B2C,APIEx,,Actif,2026-06-29T00:14:35.942442,moyenne
BJ-45F2DA9C,Café Mer Inn,Restauration & Hôtellerie,Bassila,+229 59 59 29 39,,cafémerinn.bj,TPE (<10),B2C,APIEx,,Actif,2026-06-29T00:14:35.942459,moyenne
BJ-76884281,Palace,Restauration & Hôtellerie,Bassila,+229 44 53 52 93,,palace.bj,PME (10-50),B2C,APIEx,,Actif,2026-06-29T00:14:35.942471,moyenne
BJ-4093D63C,Lac Inn,Restauration & Hôtellerie,Pehunco,+229 86 28 66 22,lac.inn@lac.inn.net,lacinn.bj,PME (10-50),B2C,APIEx,,Actif,2026-06-29T00:14:35.942489,haute
BJ-1C958CC6,Royal,Restauration & Hôtellerie,Pehunco,+229 96 96 84 88,royal@royal.net,royal.bj,TPE (<10),B2C,APIEx,,Actif,2026-06-29T00:14:35.942500,haute
BJ-5A481C23,Bar Ambiance,Restauration & Hôtellerie,Pehunco,+229 73 42 89 87,,,TPE (<10),B2C,APIEx,,Actif,2026-06-29T00:14:35.942510,basse
BJ-CF756B7A,Brasserie Nouveau,Restauration & Hôtellerie,Pehunco,+229 52 94 88 17,brasserie.nouveau@brasserie.nouveau.net,brasserienouveau.bj,PME (10-50),B2C,APIEx,,Actif,2026-06-29T00:14:35.942522,haute
BJ-1358CFEA,Pension Plage,Restauration & Hôtellerie,Pehunco,+229 50 48 83 32,pension.plage@pension.plage.net,pensionplage.bj,PME (50-200),B2C,APIEx,,Actif,2026-06-29T00:14:35.942537,haute
BJ-5DB633AC,Saveur,Restauration & Hôtellerie,Copargo,+229 38 66 61 29,,saveur.bj,TPE (<10),B2C,APIEx,,Actif,2026-06-29T00:14:35.942553,moyenne
BJ-84E7652E,Bar Village Bénin,Restauration & Hôtellerie,Copargo,+229 70 72 89 53,bar.village.bénin@bar.village.bénin.benin,,TPE (<10),B2C,APIEx,,Actif,2026-06-29T00:14:35.942564,moyenne
BJ-1720A048,Auberge Gourmet Copargo,Restauration & Hôtellerie,Copargo,+229 53 84 86 32,auberge.gourmet.copargo@auberge.gourmet.copargo.net,aubergegourmetcopargo.bj,TPE (<10),B2C,APIEx,,Actif,2026-06-29T00:14:35.942579,haute
BJ-95F9D12C,Grand,Restauration & Hôtellerie,Copargo,+229 41 76 98 17,,,PME (10-50),B2C,APIEx,,Actif,2026-06-29T00:14:35.942592,basse
BJ-B6F92F0E,Brasserie Jardin Inn,Restauration & Hôtellerie,Copargo,+229 70 76 73 58,,brasseriejardininn.bj,PME (10-50),B2C,APIEx,,Actif,2026-06-29T00:14:35.942603,moyenne
BJ-BD7F7B35,Pharmacie Guérison,Santé & Pharmacie,Cotonou,+229 96 34 63 67,pharmacie.guérison@pharmacie.guérison.com,,TPE (<10),B2C,APIEx,,Actif,2026-06-29T00:14:35.942621,moyenne
BJ-D9BF1E6E,Centre Bien-être,Santé & Pharmacie,Cotonou,+229 94 64 57 63,centre.bienêtre@centre.bienêtre.net,,PME (50-200),B2B,APIEx,,Actif,2026-06-29T00:14:35.942634,moyenne
BJ-2BE406BF,Clinique Pharma,Santé & Pharmacie,Cotonou,+229 94 60 14 29,clinique.pharma@clinique.pharma.org,cliniquepharma.bj,TPE (<10),B2C,APIEx,,Actif,2026-06-29T00:14:35.942646,haute
BJ-B02E0C4A,Pharma,Santé & Pharmacie,Cotonou,+229 23 69 12 45,,pharma.bj,TPE (<10),B2B,APIEx,,Actif,2026-06-29T00:14:35.942657,moyenne
BJ-2D166377,Clinique Guérison,Santé & Pharmacie,Cotonou,+229 91 42 26 67,clinique.guérison@clinique.guérison.bj,,PME (50-200),B2C,APIEx,,Actif,2026-06-29T00:14:35.942668,moyenne
BJ-917EB165,Nouveau,Santé & Pharmacie,Abomey-Calavi,+229 74 27 49 33,,nouveau.bj,PME (50-200),B2B,APIEx,,Actif,2026-06-29T00:14:35.942684,moyenne
BJ-35EE5977,Laboratoire Médicament,Santé & Pharmacie,Abomey-Calavi,+229 95 30 38 75,laboratoire.médicament@laboratoire.médicament.benin,laboratoiremédicament.bj,PME (10-50),B2C,APIEx,,Actif,2026-06-29T00:14:35.942696,haute
BJ-B3BA6807,Bien-être,Santé & Pharmacie,Abomey-Calavi,+229 23 23 48 54,bienêtre@bienêtre.net,,PME (50-200),B2C,APIEx,,Actif,2026-06-29T00:14:35.942708,moyenne
BJ-45A4C42E,Cabinet Pharma,Santé & Pharmacie,Abomey-Calavi,+229 96 25 76 33,,cabinetpharma.bj,PME (10-50),B2B,APIEx,,Actif,2026-06-29T00:14:35.942722,moyenne
BJ-452B92E2,Saint,Santé & Pharmacie,Abomey-Calavi,+229 72 60 42 35,,saint.bj,PME (50-200),B2B,APIEx,,Actif,2026-06-29T00:14:35.942733,moyenne
BJ-CEEC7258,Clinique Médical Cabinet,Santé & Pharmacie,Porto-Novo,+229 87 53 68 15,,cliniquemédicalcabinet.bj,TPE (<10),B2B,APIEx,,Actif,2026-06-29T00:14:35.942750,moyenne
BJ-B961D3FB,Laboratoire Pharma Pharmacie,Santé & Pharmacie,Porto-Novo,+229 51 13 42 49,laboratoire.pharma.pharmacie@laboratoire.pharma.pharmacie.bj,laboratoirepharmapharmacie.bj,PME (10-50),B2B,APIEx,,Actif,2026-06-29T00:14:35.942761,haute
BJ-F41900C3,Centre Saint,Santé & Pharmacie,Porto-Novo,+229 94 46 34 40,centre.saint@centre.saint.benin,,PME (50-200),B2B,APIEx,,Actif,2026-06-29T00:14:35.942773,moyenne
BJ-F8ACDD32,Soins Pharmacie,Santé & Pharmacie,Porto-Novo,+229 84 38 43 76,soins.pharmacie@soins.pharmacie.org,soinspharmacie.bj,Grande (>200),B2C,APIEx,,Actif,2026-06-29T00:14:35.942787,haute
BJ-9966BCFB,Centre Vie,Santé & Pharmacie,Porto-Novo,+229 37 84 62 49,centre.vie@centre.vie.bj,centrevie.bj,TPE (<10),B2C,APIEx,,Actif,2026-06-29T00:14:35.942800,haute
BJ-977E1F8D,Laboratoire Urgence,Santé & Pharmacie,Parakou,+229 74 52 70 81,laboratoire.urgence@laboratoire.urgence.bj,laboratoireurgence.bj,TPE (<10),B2B,APIEx,,Actif,2026-06-29T00:14:35.942817,haute
BJ-D8459CFF,Laboratoire Médicament Centre Parakou,Santé & Pharmacie,Parakou,+229 94 29 56 81,laboratoire.médicament.centre.parakou@laboratoire.médicament.centre.parakou.benin,,PME (10-50),B2C,APIEx,,Actif,2026-06-29T00:14:35.942829,moyenne
BJ-DE006E02,Saint Parakou,Santé & Pharmacie,Parakou,+229 27 83 38 82,saint.parakou@saint.parakou.net,saintparakou.bj,TPE (<10),B2B,APIEx,,Actif,2026-06-29T00:14:35.942856,haute
BJ-0F9D27BA,Clinique Médical Centre,Santé & Pharmacie,Parakou,+229 29 31 44 30,clinique.médical.centre@clinique.médical.centre.com,,Grande (>200),B2C,APIEx,,Actif,2026-06-29T00:14:35.942895,moyenne
BJ-4E2ECBC1,Royal Bénin,Santé & Pharmacie,Parakou,+229 60 74 93 69,royal.bénin@royal.bénin.org,royalbénin.bj,TPE (<10),B2C,APIEx,,Actif,2026-06-29T00:14:35.942918,haute
BJ-8D77B971,Pharma Centre,Santé & Pharmacie,Bohicon,+229 52 10 51 78,pharma.centre@pharma.centre.net,,PME (50-200),B2C,APIEx,,Actif,2026-06-29T00:14:35.942952,moyenne
BJ-7B37B287,Hôpital Médical,Santé & Pharmacie,Bohicon,+229 55 35 36 67,,,TPE (<10),B2C,APIEx,,Actif,2026-06-29T00:14:35.942963,basse
BJ-69B84D1F,Central,Santé & Pharmacie,Bohicon,+229 40 13 81 12,central@central.benin,central.bj,PME (10-50),B2C,APIEx,,Actif,2026-06-29T00:14:35.942975,haute
BJ-14436FE8,Médicament Bohicon,Santé & Pharmacie,Bohicon,+229 76 63 58 80,,médicamentbohicon.bj,Grande (>200),B2C,APIEx,,Actif,2026-06-29T00:14:35.942987,moyenne
BJ-9B855961,Nouveau Clinique,Santé & Pharmacie,Bohicon,+229 38 46 97 38,nouveau.clinique@nouveau.clinique.bj,,PME (10-50),B2B,APIEx,,Actif,2026-06-29T00:14:35.943002,moyenne
BJ-752EA28F,Pharma,Santé & Pharmacie,Natitingou,+229 86 42 11 24,,,Grande (>200),B2C,APIEx,,Actif,2026-06-29T00:14:35.943041,basse
BJ-81E7381C,Pharma Natitingou,Santé & Pharmacie,Natitingou,+229 74 99 66 46,pharma.natitingou@pharma.natitingou.org,pharmanatitingou.bj,Grande (>200),B2B,APIEx,,Actif,2026-06-29T00:14:35.943069,haute
BJ-CF505B2D,Nouveau Pharmacie Natitingou,Santé & Pharmacie,Natitingou,+229 66 61 97 14,nouveau.pharmacie.natitingou@nouveau.pharmacie.natitingou.org,nouveaupharmacienatitingou.bj,PME (10-50),B2B,APIEx,,Actif,2026-06-29T00:14:35.943085,haute
BJ-EBE36DFB,Sainte,Santé & Pharmacie,Natitingou,+229 67 25 81 82,,,PME (10-50),B2C,APIEx,,Actif,2026-06-29T00:14:35.943099,basse
BJ-2E272A0C,Hôpital Soins Lokossa,Santé & Pharmacie,Lokossa,+229 35 76 51 38,,hôpitalsoinslokossa.bj,PME (10-50),B2B,APIEx,,Actif,2026-06-29T00:14:35.943132,moyenne
BJ-3C9E61E1,Médical,Santé & Pharmacie,Lokossa,+229 86 36 86 85,médical@médical.org,,PME (10-50),B2B,APIEx,,Actif,2026-06-29T00:14:35.943145,moyenne
BJ-AA360F8F,Laboratoire Central,Santé & Pharmacie,Lokossa,+229 29 54 72 10,,laboratoirecentral.bj,Grande (>200),B2B,APIEx,,Actif,2026-06-29T00:14:35.943156,moyenne
BJ-854F2B52,Nouveau,Santé & Pharmacie,Lokossa,+229 22 26 96 99,nouveau@nouveau.bj,,TPE (<10),B2C,APIEx,,Actif,2026-06-29T00:14:35.943167,moyenne
BJ-37699FB5,Nouveau International,Santé & Pharmacie,Lokossa,+229 37 26 39 61,nouveau.international@nouveau.international.com,nouveauinternational.bj,TPE (<10),B2B,APIEx,,Actif,2026-06-29T00:14:35.943178,haute
BJ-DD6689CD,Cabinet Santé Pharmacie,Santé & Pharmacie,Ouidah,+229 83 70 14 53,,,PME (10-50),B2C,APIEx,,Actif,2026-06-29T00:14:35.943198,basse
BJ-2CCBC839,Cabinet Royal Ouidah,Santé & Pharmacie,Ouidah,+229 71 97 11 25,cabinet.royal.ouidah@cabinet.royal.ouidah.bj,cabinetroyalouidah.bj,PME (50-200),B2B,APIEx,,Actif,2026-06-29T00:14:35.943211,haute
BJ-7279F060,Pharmacie Santé International,Santé & Pharmacie,Ouidah,+229 93 29 19 32,pharmacie.santé.international@pharmacie.santé.international.org,pharmaciesantéinternational.bj,PME (50-200),B2C,APIEx,,Actif,2026-06-29T00:14:35.943224,haute
BJ-826C2983,Soins,Santé & Pharmacie,Ouidah,+229 79 60 36 68,,soins.bj,PME (50-200),B2C,APIEx,,Actif,2026-06-29T00:14:35.943238,moyenne
BJ-420F553D,Hôpital Vie,Santé & Pharmacie,Ouidah,+229 38 74 42 82,,hôpitalvie.bj,TPE (<10),B2B,APIEx,,Actif,2026-06-29T00:14:35.943250,moyenne
BJ-2935959E,Hôpital Saint Bénin,Santé & Pharmacie,Savalou,+229 86 90 99 62,hôpital.saint.bénin@hôpital.saint.bénin.benin,,TPE (<10),B2C,APIEx,,Actif,2026-06-29T00:14:35.943269,moyenne
BJ-0DEDA7E7,Hôpital Pharma Pharmacie,Santé & Pharmacie,Savalou,+229 47 76 74 37,hôpital.pharma.pharmacie@hôpital.pharma.pharmacie.net,hôpitalpharmapharmacie.bj,PME (50-200),B2C,APIEx,,Actif,2026-06-29T00:14:35.943295,haute
BJ-A97A7AC5,Guérison Centre Savalou,Santé & Pharmacie,Savalou,+229 67 77 56 61,guérison.centre.savalou@guérison.centre.savalou.com,guérisoncentresavalou.bj,PME (10-50),B2B,APIEx,,Actif,2026-06-29T00:14:35.943308,haute
BJ-00757D76,Laboratoire Bien-être,Santé & Pharmacie,Dassa-Zoumè,+229 28 87 19 70,laboratoire.bienêtre@laboratoire.bienêtre.com,laboratoirebienêtre.bj,PME (10-50),B2B,APIEx,,Actif,2026-06-29T00:14:35.943366,haute
BJ-BDFF0666,Clinique Santé Bénin,Santé & Pharmacie,Dassa-Zoumè,+229 56 91 63 39,,,PME (10-50),B2C,APIEx,,Actif,2026-06-29T00:14:35.943377,basse
BJ-0991E3C6,Hôpital Santé Dassa-Zoumè,Santé & Pharmacie,Dassa-Zoumè,+229 29 69 67 50,,hôpitalsantédassazoumè.bj,PME (50-200),B2B,APIEx,,Actif,2026-06-29T00:14:35.943394,moyenne
BJ-1C9F9378,Pharmacie Central,Santé & Pharmacie,Dassa-Zoumè,+229 80 59 65 52,,pharmaciecentral.bj,Grande (>200),B2C,APIEx,,Actif,2026-06-29T00:14:35.943408,moyenne
BJ-C3211BAF,Pharmacie Pharma Hôpital Dassa-Zoumè,Santé & Pharmacie,Dassa-Zoumè,+229 92 87 67 38,pharmacie.pharma.hôpital.dassazoumè@pharmacie.pharma.hôpital.dassazoumè.benin,pharmaciepharmahôpitaldassazoumè.bj,TPE (<10),B2C,APIEx,,Actif,2026-06-29T00:14:35.943421,haute
BJ-1CF2FC60,Cabinet Guérison Medical,Santé & Pharmacie,Kétou,+229 76 94 40 11,cabinet.guérison.medical@cabinet.guérison.medical.org,,PME (50-200),B2C,APIEx,,Actif,2026-06-29T00:14:35.943438,moyenne
BJ-29F29639,Central Clinique,Santé & Pharmacie,Kétou,+229 40 14 73 15,,,TPE (<10),B2B,APIEx,,Actif,2026-06-29T00:14:35.943448,basse
BJ-DCF530F6,Emergency Cabinet,Santé & Pharmacie,Kétou,+229 65 26 37 38,emergency.cabinet@emergency.cabinet.com,,TPE (<10),B2B,APIEx,,Actif,2026-06-29T00:14:35.943459,moyenne
BJ-BFE26A11,Pharmacie Médicament Kétou,Santé & Pharmacie,Kétou,+229 28 58 33 55,pharmacie.médicament.kétou@pharmacie.médicament.kétou.org,,TPE (<10),B2B,APIEx,,Actif,2026-06-29T00:14:35.943471,moyenne
BJ-DEF4F735,Vie,Santé & Pharmacie,Kétou,+229 99 73 81 21,,,TPE (<10),B2B,APIEx,,Actif,2026-06-29T00:14:35.943481,basse
BJ-C5B54A11,Pharmacie Médicament Covè,Santé & Pharmacie,Covè,+229 95 60 49 73,,pharmaciemédicamentcovè.bj,PME (10-50),B2C,APIEx,,Actif,2026-06-29T00:14:35.943498,moyenne
BJ-77A6DFDA,Urgence Cabinet,Santé & Pharmacie,Covè,+229 95 29 77 72,,,PME (10-50),B2C,APIEx,,Actif,2026-06-29T00:14:35.943508,basse
BJ-437431C8,Centre Médical,Santé & Pharmacie,Covè,+229 28 34 83 47,centre.médical@centre.médical.benin,,PME (10-50),B2B,APIEx,,Actif,2026-06-29T00:14:35.943519,moyenne
BJ-5B74BC5E,Pharmacie Médicament,Santé & Pharmacie,Covè,+229 45 33 47 78,pharmacie.médicament@pharmacie.médicament.com,,TPE (<10),B2B,APIEx,,Actif,2026-06-29T00:14:35.943534,moyenne
BJ-710CC624,Médicament Centre Covè,Santé & Pharmacie,Covè,+229 63 46 33 16,médicament.centre.covè@médicament.centre.covè.benin,médicamentcentrecovè.bj,PME (50-200),B2C,APIEx,,Actif,2026-06-29T00:14:35.943547,haute
BJ-B1A015B7,Central,Santé & Pharmacie,Pobè,+229 83 70 59 72,central@central.benin,central.bj,Grande (>200),B2C,APIEx,,Actif,2026-06-29T00:14:35.943565,haute
BJ-5F709791,Médicament Centre,Santé & Pharmacie,Pobè,+229 95 75 59 80,médicament.centre@médicament.centre.net,médicamentcentre.bj,PME (10-50),B2C,APIEx,,Actif,2026-06-29T00:14:35.943577,haute
BJ-EE9BB65F,Santé,Santé & Pharmacie,Pobè,+229 36 36 37 51,santé@santé.com,santé.bj,PME (10-50),B2C,APIEx,,Actif,2026-06-29T00:14:35.943589,haute
BJ-AACCCE00,Bien-être Cabinet Pobè,Santé & Pharmacie,Pobè,+229 24 51 14 58,bienêtre.cabinet.pobè@bienêtre.cabinet.pobè.net,,TPE (<10),B2B,APIEx,,Actif,2026-06-29T00:14:35.943601,moyenne
BJ-C8CBC2D0,Royal Hôpital,Santé & Pharmacie,Pobè,+229 50 79 52 77,royal.hôpital@royal.hôpital.net,royalhôpital.bj,PME (10-50),B2B,APIEx,,Actif,2026-06-29T00:14:35.943615,haute
BJ-25D717D6,Clinique Santé,Santé & Pharmacie,Sakété,+229 96 44 28 14,clinique.santé@clinique.santé.net,cliniquesanté.bj,Grande (>200),B2B,APIEx,,Actif,2026-06-29T00:14:35.943634,haute
BJ-C4105CBC,Sainte,Santé & Pharmacie,Sakété,+229 54 16 81 13,sainte@sainte.bj,sainte.bj,PME (10-50),B2B,APIEx,,Actif,2026-06-29T00:14:35.943646,haute
BJ-A50A9BCB,Urgence,Santé & Pharmacie,Sakété,+229 66 55 32 65,urgence@urgence.com,urgence.bj,Grande (>200),B2B,APIEx,,Actif,2026-06-29T00:14:35.943657,haute
BJ-39EC9008,Pharmacie Urgence Sakété,Santé & Pharmacie,Sakété,+229 96 44 75 29,pharmacie.urgence.sakété@pharmacie.urgence.sakété.net,pharmacieurgencesakété.bj,Grande (>200),B2B,APIEx,,Actif,2026-06-29T00:14:35.943673,haute
BJ-91FE0385,Centre Pharma,Santé & Pharmacie,Sakété,+229 67 49 97 22,centre.pharma@centre.pharma.org,,TPE (<10),B2B,APIEx,,Actif,2026-06-29T00:14:35.943684,moyenne
BJ-0330F8F1,Hôpital Emergency,Santé & Pharmacie,Adjara,+229 42 75 72 99,,hôpitalemergency.bj,PME (50-200),B2B,APIEx,,Actif,2026-06-29T00:14:35.943712,moyenne
BJ-F1F74EE9,Pharma International,Santé & Pharmacie,Adjara,+229 30 78 43 15,pharma.international@pharma.international.bj,pharmainternational.bj,TPE (<10),B2C,APIEx,,Actif,2026-06-29T00:14:35.943727,haute
BJ-BA84AFDA,Clinique Sainte,Santé & Pharmacie,Adjara,+229 75 91 22 50,clinique.sainte@clinique.sainte.net,,PME (10-50),B2C,APIEx,,Actif,2026-06-29T00:14:35.943738,moyenne
BJ-A7416B39,Clinique Emergency Cabinet,Santé & Pharmacie,Adjara,+229 71 92 26 52,,,PME (10-50),B2B,APIEx,,Actif,2026-06-29T00:14:35.943748,basse
BJ-DBF295BB,Médicament Centre,Santé & Pharmacie,Allada,+229 85 68 88 38,médicament.centre@médicament.centre.bj,,PME (10-50),B2B,APIEx,,Actif,2026-06-29T00:14:35.943765,moyenne
BJ-7E26D45D,Centre Médical,Santé & Pharmacie,Allada,+229 89 50 83 19,centre.médical@centre.médical.benin,centremédical.bj,PME (50-200),B2B,APIEx,,Actif,2026-06-29T00:14:35.943777,haute
BJ-735C1640,Centre Soins,Santé & Pharmacie,Allada,+229 32 47 70 72,,centresoins.bj,TPE (<10),B2C,APIEx,,Actif,2026-06-29T00:14:35.943788,moyenne
BJ-292A720C,Hôpital Médicament,Santé & Pharmacie,Allada,+229 45 92 41 57,hôpital.médicament@hôpital.médicament.benin,,PME (10-50),B2C,APIEx,,Actif,2026-06-29T00:14:35.943802,moyenne
BJ-160BA7A5,Laboratoire Santé,Santé & Pharmacie,Allada,+229 70 31 54 16,laboratoire.santé@laboratoire.santé.org,laboratoiresanté.bj,TPE (<10),B2B,APIEx,,Actif,2026-06-29T00:14:35.943815,haute
BJ-56E507BB,Soins Centre Aplahoué,Santé & Pharmacie,Aplahoué,+229 76 68 13 61,soins.centre.aplahoué@soins.centre.aplahoué.org,,PME (50-200),B2C,APIEx,,Actif,2026-06-29T00:14:35.943831,moyenne
BJ-AD9E70BD,Laboratoire Emergency Hôpital Aplahoué,Santé & Pharmacie,Aplahoué,+229 27 32 21 80,laboratoire.emergency.hôpital.aplahoué@laboratoire.emergency.hôpital.aplahoué.bj,,TPE (<10),B2C,APIEx,,Actif,2026-06-29T00:14:35.943862,moyenne
BJ-73F0431E,Clinique Royal Cabinet,Santé & Pharmacie,Aplahoué,+229 66 16 90 20,clinique.royal.cabinet@clinique.royal.cabinet.bj,cliniqueroyalcabinet.bj,Grande (>200),B2C,APIEx,,Actif,2026-06-29T00:14:35.943878,haute
BJ-46BE45A7,Nouveau Pharmacie,Santé & Pharmacie,Aplahoué,+229 99 82 47 67,nouveau.pharmacie@nouveau.pharmacie.org,,Grande (>200),B2B,APIEx,,Actif,2026-06-29T00:14:35.943898,moyenne
BJ-47731E32,Hôpital Central Centre,Santé & Pharmacie,Aplahoué,+229 98 57 19 48,hôpital.central.centre@hôpital.central.centre.net,,TPE (<10),B2B,APIEx,,Actif,2026-06-29T00:14:35.943925,moyenne
BJ-EB61F86D,Sainte Clinique,Santé & Pharmacie,Dogbo-Tota,+229 42 86 21 33,sainte.clinique@sainte.clinique.org,,PME (10-50),B2C,APIEx,,Actif,2026-06-29T00:14:35.943943,moyenne
BJ-17C97B43,Cabinet Pharma International,Santé & Pharmacie,Dogbo-Tota,+229 55 68 75 85,,cabinetpharmainternational.bj,PME (10-50),B2B,APIEx,,Actif,2026-06-29T00:14:35.943954,moyenne
BJ-D28D5C25,Bien-être Pharmacie,Santé & Pharmacie,Dogbo-Tota,+229 73 95 21 62,bienêtre.pharmacie@bienêtre.pharmacie.org,,PME (50-200),B2C,APIEx,,Actif,2026-06-29T00:14:35.943965,moyenne
BJ-34DC3124,Hôpital Santé Pharmacie Dogbo-Tota,Santé & Pharmacie,Dogbo-Tota,+229 20 63 80 20,hôpital.santé.pharmacie.dogbotota@hôpital.santé.pharmacie.dogbotota.benin,,PME (10-50),B2B,APIEx,,Actif,2026-06-29T00:14:35.943981,moyenne
BJ-86740F25,Clinique Soins,Santé & Pharmacie,Dogbo-Tota,+229 79 32 73 69,clinique.soins@clinique.soins.org,cliniquesoins.bj,PME (50-200),B2C,APIEx,,Actif,2026-06-29T00:14:35.943993,haute
BJ-6C814197,Clinique Central,Santé & Pharmacie,Kpomassè,+229 60 69 34 29,clinique.central@clinique.central.net,,TPE (<10),B2B,APIEx,,Actif,2026-06-29T00:14:35.944028,moyenne
BJ-C929B6AB,Centre Emergency Pharmacie Kpomassè,Santé & Pharmacie,Kpomassè,+229 47 81 83 18,centre.emergency.pharmacie.kpomassè@centre.emergency.pharmacie.kpomassè.com,,TPE (<10),B2C,APIEx,,Actif,2026-06-29T00:14:35.944062,moyenne
BJ-3CEE2105,Central International Kpomassè,Santé & Pharmacie,Kpomassè,+229 99 57 54 57,,centralinternationalkpomassè.bj,TPE (<10),B2C,APIEx,,Actif,2026-06-29T00:14:35.944073,moyenne
BJ-2E49F17F,Saint,Santé & Pharmacie,Tori-Bossito,+229 20 53 33 24,saint@saint.org,,TPE (<10),B2B,APIEx,,Actif,2026-06-29T00:14:35.944090,moyenne
BJ-302C9B6C,Emergency Tori-Bossito,Santé & Pharmacie,Tori-Bossito,+229 44 68 91 27,emergency.toribossito@emergency.toribossito.bj,emergencytoribossito.bj,PME (10-50),B2C,APIEx,,Actif,2026-06-29T00:14:35.944102,haute
BJ-2E490137,Centre Soins Bénin,Santé & Pharmacie,Tori-Bossito,+229 52 80 45 59,,centresoinsbénin.bj,TPE (<10),B2B,APIEx,,Actif,2026-06-29T00:14:35.944116,moyenne
BJ-CBCB8C67,Urgence Cabinet,Santé & Pharmacie,Tori-Bossito,+229 77 16 94 23,urgence.cabinet@urgence.cabinet.net,urgencecabinet.bj,TPE (<10),B2B,APIEx,,Actif,2026-06-29T00:14:35.944134,haute
BJ-D985BEB6,Sainte,Santé & Pharmacie,Tori-Bossito,+229 58 27 59 97,,sainte.bj,TPE (<10),B2B,APIEx,,Actif,2026-06-29T00:14:35.944145,moyenne
BJ-3A7FBE7C,Médical Grand-Popo,Santé & Pharmacie,Grand-Popo,+229 46 34 65 38,,médicalgrandpopo.bj,PME (50-200),B2C,APIEx,,Actif,2026-06-29T00:14:35.944163,moyenne
BJ-F4F7188C,Hôpital Urgence,Santé & Pharmacie,Grand-Popo,+229 28 98 10 46,hôpital.urgence@hôpital.urgence.com,,TPE (<10),B2C,APIEx,,Actif,2026-06-29T00:14:35.944174,moyenne
BJ-D9E8D018,Urgence Cabinet,Santé & Pharmacie,Grand-Popo,+229 33 34 16 69,urgence.cabinet@urgence.cabinet.benin,,Grande (>200),B2B,APIEx,,Actif,2026-06-29T00:14:35.944185,moyenne
BJ-3F7B0236,Laboratoire Pharma Grand-Popo,Santé & Pharmacie,Grand-Popo,+229 51 72 96 54,,,TPE (<10),B2C,APIEx,,Actif,2026-06-29T00:14:35.944194,basse
BJ-734C80B2,Laboratoire Urgence Bénin,Santé & Pharmacie,Grand-Popo,+229 51 23 52 90,laboratoire.urgence.bénin@laboratoire.urgence.bénin.com,,PME (10-50),B2C,APIEx,,Actif,2026-06-29T00:14:35.944206,moyenne
BJ-F7134884,Clinique Royal Centre,Santé & Pharmacie,Athiémé,+229 87 36 91 58,,cliniqueroyalcentre.bj,PME (10-50),B2B,APIEx,,Actif,2026-06-29T00:14:35.944222,moyenne
BJ-1A675FFC,Cabinet Médical,Santé & Pharmacie,Athiémé,+229 22 94 90 94,,,TPE (<10),B2B,APIEx,,Actif,2026-06-29T00:14:35.944232,basse
BJ-3D57A945,Central,Santé & Pharmacie,Athiémé,+229 76 26 14 71,central@central.com,central.bj,PME (10-50),B2B,APIEx,,Actif,2026-06-29T00:14:35.944243,haute
BJ-FE5D45C3,Hôpital Pharma Medical Athiémé,Santé & Pharmacie,Athiémé,+229 24 91 39 14,hôpital.pharma.medical.athiémé@hôpital.pharma.medical.athiémé.net,hôpitalpharmamedicalathiémé.bj,PME (10-50),B2C,APIEx,,Actif,2026-06-29T00:14:35.944258,haute
BJ-36C4A6C3,Clinique Urgence Athiémé,Santé & Pharmacie,Athiémé,+229 47 81 18 27,clinique.urgence.athiémé@clinique.urgence.athiémé.com,,PME (10-50),B2B,APIEx,,Actif,2026-06-29T00:14:35.944270,moyenne
BJ-68FEA089,Laboratoire Central International,Santé & Pharmacie,Bopa,+229 28 27 54 29,,,PME (10-50),B2B,APIEx,,Actif,2026-06-29T00:14:35.944285,basse
BJ-23365C97,Central Cabinet,Santé & Pharmacie,Bopa,+229 26 53 73 33,,centralcabinet.bj,PME (10-50),B2B,APIEx,,Actif,2026-06-29T00:14:35.944296,moyenne
BJ-6D87D910,Hôpital Bien-être Bopa,Santé & Pharmacie,Bopa,+229 66 44 59 82,hôpital.bienêtre.bopa@hôpital.bienêtre.bopa.benin,hôpitalbienêtrebopa.bj,PME (10-50),B2B,APIEx,,Actif,2026-06-29T00:14:35.944308,haute
BJ-FC28D103,Soins Pharmacie,Santé & Pharmacie,Bopa,+229 83 88 96 13,soins.pharmacie@soins.pharmacie.net,,TPE (<10),B2C,APIEx,,Actif,2026-06-29T00:14:35.944401,moyenne
BJ-A04F8DD6,Hôpital Sainte,Santé & Pharmacie,Houéyogbé,+229 21 64 97 24,hôpital.sainte@hôpital.sainte.net,hôpitalsainte.bj,PME (50-200),B2B,APIEx,,Actif,2026-06-29T00:14:35.944437,haute
BJ-4E647447,Laboratoire Royal Medical,Santé & Pharmacie,Houéyogbé,+229 24 46 13 91,,laboratoireroyalmedical.bj,TPE (<10),B2C,APIEx,,Actif,2026-06-29T00:14:35.944451,moyenne
BJ-78F2420E,Laboratoire Sainte Clinique,Santé & Pharmacie,Houéyogbé,+229 85 37 57 83,laboratoire.sainte.clinique@laboratoire.sainte.clinique.benin,laboratoiresainteclinique.bj,PME (10-50),B2B,APIEx,,Actif,2026-06-29T00:14:35.944464,haute
BJ-640AD25A,Soins International,Santé & Pharmacie,Houéyogbé,+229 59 88 97 83,soins.international@soins.international.org,,TPE (<10),B2C,APIEx,,Actif,2026-06-29T00:14:35.944481,moyenne
BJ-78A595FD,Pharma International,Santé & Pharmacie,Houéyogbé,+229 61 37 63 88,,pharmainternational.bj,TPE (<10),B2B,APIEx,,Actif,2026-06-29T00:14:35.944493,moyenne
BJ-37FB23A5,Clinique Médical,Santé & Pharmacie,Malanville,+229 83 97 24 68,,,TPE (<10),B2C,APIEx,,Actif,2026-06-29T00:14:35.944511,basse
BJ-1326EE4E,Médicament,Santé & Pharmacie,Malanville,+229 98 84 77 41,,,PME (10-50),B2C,APIEx,,Actif,2026-06-29T00:14:35.944522,basse
BJ-6B6483E1,Cabinet Urgence,Santé & Pharmacie,Malanville,+229 84 37 26 75,cabinet.urgence@cabinet.urgence.net,cabineturgence.bj,PME (50-200),B2C,APIEx,,Actif,2026-06-29T00:14:35.944536,haute
BJ-8AF91DDF,Guérison Clinique,Santé & Pharmacie,Malanville,+229 29 87 63 10,guérison.clinique@guérison.clinique.net,,PME (10-50),B2C,APIEx,,Actif,2026-06-29T00:14:35.944554,moyenne
BJ-4ED53E46,Pharma Clinique,Santé & Pharmacie,Malanville,+229 24 63 12 74,,,TPE (<10),B2C,APIEx,,Actif,2026-06-29T00:14:35.944578,basse
BJ-4A4D5428,Sainte,Santé & Pharmacie,Kandi,+229 93 43 22 98,sainte@sainte.com,sainte.bj,PME (50-200),B2B,APIEx,,Actif,2026-06-29T00:14:35.944617,haute
BJ-33A84B78,Hôpital Sainte Kandi,Santé & Pharmacie,Kandi,+229 25 27 26 69,,hôpitalsaintekandi.bj,PME (10-50),B2B,APIEx,,Actif,2026-06-29T00:14:35.944640,moyenne
BJ-8A71E503,Pharmacie Urgence,Santé & Pharmacie,Kandi,+229 25 85 27 55,pharmacie.urgence@pharmacie.urgence.benin,pharmacieurgence.bj,PME (10-50),B2C,APIEx,,Actif,2026-06-29T00:14:35.944698,haute
BJ-E69D68CC,Clinique Urgence Kandi,Santé & Pharmacie,Kandi,+229 45 31 78 83,clinique.urgence.kandi@clinique.urgence.kandi.bj,cliniqueurgencekandi.bj,TPE (<10),B2B,APIEx,,Actif,2026-06-29T00:14:35.944740,haute
BJ-208D88C6,Pharmacie Santé Hôpital,Santé & Pharmacie,Banikoara,+229 49 86 16 52,,pharmaciesantéhôpital.bj,PME (50-200),B2B,APIEx,,Actif,2026-06-29T00:14:35.944808,moyenne
BJ-8C9730A2,Hôpital Royal,Santé & Pharmacie,Banikoara,+229 68 97 75 53,hôpital.royal@hôpital.royal.org,,PME (10-50),B2B,APIEx,,Actif,2026-06-29T00:14:35.944835,moyenne
BJ-EEF650F1,Clinique Médicament Ségbana,Santé & Pharmacie,Ségbana,+229 22 78 41 69,clinique.médicament.ségbana@clinique.médicament.ségbana.bj,,TPE (<10),B2B,APIEx,,Actif,2026-06-29T00:14:35.944948,moyenne
BJ-EF4690C9,Cabinet Médical Ségbana,Santé & Pharmacie,Ségbana,+229 42 83 17 93,cabinet.médical.ségbana@cabinet.médical.ségbana.benin,cabinetmédicalségbana.bj,TPE (<10),B2B,APIEx,,Actif,2026-06-29T00:14:35.944979,haute
BJ-133D25E0,Pharma,Santé & Pharmacie,Ségbana,+229 43 52 21 69,pharma@pharma.com,,PME (50-200),B2B,APIEx,,Actif,2026-06-29T00:14:35.945000,moyenne
BJ-D180C646,Royal Ségbana,Santé & Pharmacie,Ségbana,+229 45 65 60 75,royal.ségbana@royal.ségbana.benin,,PME (10-50),B2C,APIEx,,Actif,2026-06-29T00:14:35.945027,moyenne
BJ-500C75AE,Central,Santé & Pharmacie,Ségbana,+229 40 34 17 78,central@central.bj,,TPE (<10),B2B,APIEx,,Actif,2026-06-29T00:14:35.945058,moyenne
BJ-BD96CA61,Cabinet Pharma,Santé & Pharmacie,Karimama,+229 90 79 88 61,,cabinetpharma.bj,TPE (<10),B2B,APIEx,,Actif,2026-06-29T00:14:35.945098,moyenne
BJ-6E6AAFEC,Central,Santé & Pharmacie,Karimama,+229 94 48 60 95,central@central.org,,TPE (<10),B2B,APIEx,,Actif,2026-06-29T00:14:35.945125,moyenne
BJ-B83752D3,Laboratoire Central Pharmacie,Santé & Pharmacie,Karimama,+229 35 14 85 58,laboratoire.central.pharmacie@laboratoire.central.pharmacie.net,,Grande (>200),B2B,APIEx,,Actif,2026-06-29T00:14:35.945155,moyenne
BJ-FCFD27E5,Santé Bénin,Santé & Pharmacie,Karimama,+229 47 71 58 55,santé.bénin@santé.bénin.bj,santébénin.bj,PME (50-200),B2C,APIEx,,Actif,2026-06-29T00:14:35.945209,haute
BJ-F2C83964,Guérison International Gogounou,Santé & Pharmacie,Gogounou,+229 82 86 37 74,guérison.international.gogounou@guérison.international.gogounou.com,,TPE (<10),B2B,APIEx,,Actif,2026-06-29T00:14:35.945263,moyenne
BJ-786E3964,Soins Hôpital,Santé & Pharmacie,Gogounou,+229 20 73 20 28,soins.hôpital@soins.hôpital.bj,soinshôpital.bj,PME (50-200),B2B,APIEx,,Actif,2026-06-29T00:14:35.945290,haute
BJ-14CC2FF4,Guérison International,Santé & Pharmacie,Gogounou,+229 94 22 34 19,guérison.international@guérison.international.benin,,Grande (>200),B2B,APIEx,,Actif,2026-06-29T00:14:35.945312,moyenne
BJ-14E6CCE5,Royal Medical,Santé & Pharmacie,Gogounou,+229 90 30 52 28,royal.medical@royal.medical.net,,TPE (<10),B2C,APIEx,,Actif,2026-06-29T00:14:35.945351,moyenne
BJ-2C9C05DA,Centre Bien-être International,Santé & Pharmacie,Gogounou,+229 70 46 56 41,,,PME (10-50),B2B,APIEx,,Actif,2026-06-29T00:14:35.945375,basse
BJ-BEC6D31C,Pharmacie Sainte,Santé & Pharmacie,Cobly,+229 98 11 39 25,pharmacie.sainte@pharmacie.sainte.org,,PME (10-50),B2B,APIEx,,Actif,2026-06-29T00:14:35.945418,moyenne
BJ-D6070A45,Laboratoire Médical Centre Cobly,Santé & Pharmacie,Cobly,+229 58 64 29 37,laboratoire.médical.centre.cobly@laboratoire.médical.centre.cobly.benin,,PME (50-200),B2C,APIEx,,Actif,2026-06-29T00:14:35.945453,moyenne
BJ-68F07948,Laboratoire Sainte Centre,Santé & Pharmacie,Cobly,+229 22 19 88 83,laboratoire.sainte.centre@laboratoire.sainte.centre.benin,,PME (50-200),B2B,APIEx,,Actif,2026-06-29T00:14:35.945481,moyenne
BJ-F03E2126,Bien-être,Santé & Pharmacie,Cobly,+229 93 65 37 80,bienêtre@bienêtre.org,,TPE (<10),B2B,APIEx,,Actif,2026-06-29T00:14:35.945514,moyenne
BJ-190E9E5F,Vie Pharmacie Cobly,Santé & Pharmacie,Cobly,+229 65 71 10 31,vie.pharmacie.cobly@vie.pharmacie.cobly.net,viepharmaciecobly.bj,TPE (<10),B2C,APIEx,,Actif,2026-06-29T00:14:35.945540,haute
BJ-4CCA511C,Clinique Nouveau Clinique Tanguiéta,Santé & Pharmacie,Tanguiéta,+229 73 61 41 39,clinique.nouveau.clinique.tanguiéta@clinique.nouveau.clinique.tanguiéta.benin,cliniquenouveaucliniquetanguiéta.bj,PME (50-200),B2C,APIEx,,Actif,2026-06-29T00:14:35.945590,haute
BJ-14B9E746,Emergency,Santé & Pharmacie,Tanguiéta,+229 44 35 19 61,,,TPE (<10),B2C,APIEx,,Actif,2026-06-29T00:14:35.945612,basse
BJ-7B4254A9,Saint Bénin,Santé & Pharmacie,Tanguiéta,+229 85 91 78 14,saint.bénin@saint.bénin.bj,saintbénin.bj,PME (10-50),B2C,APIEx,,Actif,2026-06-29T00:14:35.945642,haute
BJ-6B03924E,Laboratoire Saint Clinique Tanguiéta,Santé & Pharmacie,Tanguiéta,+229 58 36 47 16,laboratoire.saint.clinique.tanguiéta@laboratoire.saint.clinique.tanguiéta.org,laboratoiresaintcliniquetanguiéta.bj,Grande (>200),B2C,APIEx,,Actif,2026-06-29T00:14:35.945675,haute
BJ-9774F1EC,Hôpital Pharma International,Santé & Pharmacie,Tanguiéta,+229 91 55 17 70,hôpital.pharma.international@hôpital.pharma.international.benin,hôpitalpharmainternational.bj,PME (50-200),B2B,APIEx,,Actif,2026-06-29T00:14:35.945707,haute
BJ-20EC10EC,Guérison Bénin Matéri,Santé & Pharmacie,Matéri,+229 42 34 80 47,,guérisonbéninmatéri.bj,TPE (<10),B2B,APIEx,,Actif,2026-06-29T00:14:35.945755,moyenne
BJ-0C0F7346,Royal International,Santé & Pharmacie,Matéri,+229 27 84 77 41,,royalinternational.bj,PME (50-200),B2B,APIEx,,Actif,2026-06-29T00:14:35.945787,moyenne
BJ-45856176,Saint,Santé & Pharmacie,Matéri,+229 40 42 95 76,saint@saint.org,saint.bj,TPE (<10),B2C,APIEx,,Actif,2026-06-29T00:14:35.945824,haute
BJ-B2D6A505,Centre Saint Centre,Santé & Pharmacie,Matéri,+229 44 89 75 45,,,PME (50-200),B2C,APIEx,,Actif,2026-06-29T00:14:35.945853,basse
BJ-C68391C3,Saint Medical,Santé & Pharmacie,Matéri,+229 84 37 35 63,saint.medical@saint.medical.bj,saintmedical.bj,PME (50-200),B2C,APIEx,,Actif,2026-06-29T00:14:35.945907,haute
BJ-7A26A6F5,Sainte Natitingou,Santé & Pharmacie,Natitingou,+229 87 56 19 22,sainte.natitingou@sainte.natitingou.bj,,TPE (<10),B2C,APIEx,,Actif,2026-06-29T00:14:35.945982,moyenne
BJ-6F266ECD,Clinique Soins Natitingou,Santé & Pharmacie,Natitingou,+229 20 33 11 25,clinique.soins.natitingou@clinique.soins.natitingou.com,,PME (50-200),B2B,APIEx,,Actif,2026-06-29T00:14:35.946074,moyenne
BJ-6728FDE0,Cabinet Central,Santé & Pharmacie,Toucountouna,+229 24 80 91 91,cabinet.central@cabinet.central.benin,cabinetcentral.bj,TPE (<10),B2C,APIEx,,Actif,2026-06-29T00:14:35.946121,haute
BJ-45E77F7A,Laboratoire Urgence Cabinet Toucountouna,Santé & Pharmacie,Toucountouna,+229 25 92 32 27,laboratoire.urgence.cabinet.toucountouna@laboratoire.urgence.cabinet.toucountouna.benin,laboratoireurgencecabinettoucountouna.bj,TPE (<10),B2C,APIEx,,Actif,2026-06-29T00:14:35.946154,haute
BJ-FC0994B7,Centre Urgence Clinique,Santé & Pharmacie,Toucountouna,+229 94 91 83 73,,centreurgenceclinique.bj,PME (10-50),B2C,APIEx,,Actif,2026-06-29T00:14:35.946181,moyenne
BJ-32FF0085,Hôpital Soins Medical,Santé & Pharmacie,Toucountouna,+229 94 42 55 92,hôpital.soins.medical@hôpital.soins.medical.benin,hôpitalsoinsmedical.bj,TPE (<10),B2C,APIEx,,Actif,2026-06-29T00:14:35.946213,haute
BJ-F47718C3,Laboratoire Saint Centre Toucountouna,Santé & Pharmacie,Toucountouna,+229 80 25 40 74,laboratoire.saint.centre.toucountouna@laboratoire.saint.centre.toucountouna.org,laboratoiresaintcentretoucountouna.bj,PME (50-200),B2B,APIEx,,Actif,2026-06-29T00:14:35.946248,haute
BJ-25BB6206,Centre Royal,Santé & Pharmacie,Boukoumbé,+229 60 28 26 71,centre.royal@centre.royal.benin,centreroyal.bj,TPE (<10),B2C,APIEx,,Actif,2026-06-29T00:14:35.946303,haute
BJ-BD35BE59,Clinique Urgence,Santé & Pharmacie,Boukoumbé,+229 94 42 18 37,clinique.urgence@clinique.urgence.benin,cliniqueurgence.bj,Grande (>200),B2C,APIEx,,Actif,2026-06-29T00:14:35.946377,haute
BJ-494FAE2B,Médical Medical,Santé & Pharmacie,Boukoumbé,+229 54 29 61 64,médical.medical@médical.medical.org,médicalmedical.bj,Grande (>200),B2B,APIEx,,Actif,2026-06-29T00:14:35.946419,haute
BJ-15578F65,Pharmacie Nouveau Pharmacie,Santé & Pharmacie,Boukoumbé,+229 86 75 16 37,pharmacie.nouveau.pharmacie@pharmacie.nouveau.pharmacie.benin,,PME (50-200),B2B,APIEx,,Actif,2026-06-29T00:14:35.946451,moyenne
BJ-1B10CAD7,Pharmacie Sainte,Santé & Pharmacie,Kouandé,+229 76 42 24 98,pharmacie.sainte@pharmacie.sainte.org,pharmaciesainte.bj,PME (50-200),B2C,APIEx,,Actif,2026-06-29T00:14:35.946503,haute
BJ-DF87B84C,Central Bénin,Santé & Pharmacie,Kouandé,+229 60 55 19 81,central.bénin@central.bénin.com,,TPE (<10),B2B,APIEx,,Actif,2026-06-29T00:14:35.946533,moyenne
BJ-D3A9C62C,Laboratoire Médicament,Santé & Pharmacie,Kouandé,+229 65 96 53 12,laboratoire.médicament@laboratoire.médicament.org,,TPE (<10),B2C,APIEx,,Actif,2026-06-29T00:14:35.946556,moyenne
BJ-A10CE31B,Pharmacie Médicament,Santé & Pharmacie,Kouandé,+229 89 93 95 48,pharmacie.médicament@pharmacie.médicament.bj,,Grande (>200),B2B,APIEx,,Actif,2026-06-29T00:14:35.946578,moyenne
BJ-DBBAB538,Central Bénin Kouandé,Santé & Pharmacie,Kouandé,+229 88 18 36 44,central.bénin.kouandé@central.bénin.kouandé.bj,,TPE (<10),B2C,APIEx,,Actif,2026-06-29T00:14:35.946600,moyenne
BJ-04BA7BC6,Hôpital Soins Péhunco,Santé & Pharmacie,Péhunco,+229 52 30 59 31,hôpital.soins.péhunco@hôpital.soins.péhunco.com,,PME (50-200),B2B,APIEx,,Actif,2026-06-29T00:14:35.946655,moyenne
BJ-B677F56A,Hôpital Emergency,Santé & Pharmacie,Péhunco,+229 86 48 12 42,hôpital.emergency@hôpital.emergency.net,hôpitalemergency.bj,PME (10-50),B2B,APIEx,,Actif,2026-06-29T00:14:35.946675,haute
BJ-FB3FCAD3,Vie International,Santé & Pharmacie,Péhunco,+229 25 40 32 96,vie.international@vie.international.benin,vieinternational.bj,TPE (<10),B2B,APIEx,,Actif,2026-06-29T00:14:35.946688,haute
BJ-3191902D,Cabinet Santé Péhunco,Santé & Pharmacie,Péhunco,+229 87 25 78 17,cabinet.santé.péhunco@cabinet.santé.péhunco.bj,,Grande (>200),B2B,APIEx,,Actif,2026-06-29T00:14:35.946721,moyenne
BJ-DEFA0443,Bien-être,Santé & Pharmacie,Péhunco,+229 77 32 55 96,,bienêtre.bj,TPE (<10),B2C,APIEx,,Actif,2026-06-29T00:14:35.946752,moyenne
BJ-8A08E1F0,Centre Bien-être Bénin,Santé & Pharmacie,Tchaourou,+229 93 70 49 36,,centrebienêtrebénin.bj,PME (10-50),B2C,APIEx,,Actif,2026-06-29T00:14:35.946791,moyenne
BJ-A7456B74,Emergency,Santé & Pharmacie,Tchaourou,+229 45 86 16 42,,,PME (50-200),B2C,APIEx,,Actif,2026-06-29T00:14:35.946816,basse
BJ-2FCC57C0,Emergency Hôpital Tchaourou,Santé & Pharmacie,Tchaourou,+229 55 54 77 75,,,TPE (<10),B2C,APIEx,,Actif,2026-06-29T00:14:35.946842,basse
BJ-93FC7BF3,Vie Clinique,Santé & Pharmacie,Tchaourou,+229 58 48 18 16,,vieclinique.bj,PME (50-200),B2C,APIEx,,Actif,2026-06-29T00:14:35.946868,moyenne
BJ-E402E771,Cabinet Sainte Cabinet,Santé & Pharmacie,Tchaourou,+229 56 27 16 66,,cabinetsaintecabinet.bj,PME (50-200),B2C,APIEx,,Actif,2026-06-29T00:14:35.946909,moyenne
BJ-779F911B,Pharmacie Royal Hôpital,Santé & Pharmacie,Nikki,+229 90 14 48 87,pharmacie.royal.hôpital@pharmacie.royal.hôpital.bj,pharmacieroyalhôpital.bj,TPE (<10),B2B,APIEx,,Actif,2026-06-29T00:14:35.946967,haute
BJ-0FBD7970,Centre Royal,Santé & Pharmacie,Nikki,+229 96 82 57 74,centre.royal@centre.royal.net,centreroyal.bj,PME (50-200),B2C,APIEx,,Actif,2026-06-29T00:14:35.947037,haute
BJ-7F035108,Cabinet Nouveau,Santé & Pharmacie,Nikki,+229 61 20 40 58,,,TPE (<10),B2C,APIEx,,Actif,2026-06-29T00:14:35.947069,basse
BJ-9D9F929B,Centre Soins Hôpital,Santé & Pharmacie,Nikki,+229 86 87 56 21,centre.soins.hôpital@centre.soins.hôpital.net,centresoinshôpital.bj,PME (50-200),B2B,APIEx,,Actif,2026-06-29T00:14:35.947102,haute
BJ-811F0ECB,Pharmacie Pharma,Santé & Pharmacie,Bembéréké,+229 63 26 99 17,pharmacie.pharma@pharmacie.pharma.benin,pharmaciepharma.bj,TPE (<10),B2B,APIEx,,Actif,2026-06-29T00:14:35.947150,haute
BJ-47E79052,Centre Sainte Pharmacie,Santé & Pharmacie,Bembéréké,+229 58 73 39 86,,,TPE (<10),B2C,APIEx,,Actif,2026-06-29T00:14:35.947181,basse
BJ-53A36D6F,Santé Pharmacie Bembéréké,Santé & Pharmacie,Bembéréké,+229 68 49 28 88,,santépharmaciebembéréké.bj,Grande (>200),B2B,APIEx,,Actif,2026-06-29T00:14:35.947220,moyenne
BJ-8DC94B1F,Laboratoire Vie Cabinet,Santé & Pharmacie,Bembéréké,+229 75 91 70 30,laboratoire.vie.cabinet@laboratoire.vie.cabinet.bj,laboratoireviecabinet.bj,Grande (>200),B2B,APIEx,,Actif,2026-06-29T00:14:35.947251,haute
BJ-AE94902D,Vie Medical,Santé & Pharmacie,Bembéréké,+229 54 61 74 39,,viemedical.bj,Grande (>200),B2C,APIEx,,Actif,2026-06-29T00:14:35.947286,moyenne
BJ-CD946A84,Soins Cabinet,Santé & Pharmacie,Kalalé,+229 86 30 99 34,soins.cabinet@soins.cabinet.bj,soinscabinet.bj,TPE (<10),B2C,APIEx,,Actif,2026-06-29T00:14:35.947348,haute
BJ-156D407A,Hôpital Vie Cabinet Kalalé,Santé & Pharmacie,Kalalé,+229 46 91 77 27,,hôpitalviecabinetkalalé.bj,Grande (>200),B2C,APIEx,,Actif,2026-06-29T00:14:35.947378,moyenne
BJ-C48D6C7B,Clinique Vie,Santé & Pharmacie,Kalalé,+229 58 61 22 15,clinique.vie@clinique.vie.com,cliniquevie.bj,PME (50-200),B2B,APIEx,,Actif,2026-06-29T00:14:35.947401,haute
BJ-791FBD17,Bien-être Pharmacie,Santé & Pharmacie,Kalalé,+229 27 14 72 11,,bienêtrepharmacie.bj,PME (10-50),B2B,APIEx,,Actif,2026-06-29T00:14:35.947431,moyenne
BJ-946849EF,Nouveau Bénin Kalalé,Santé & Pharmacie,Kalalé,+229 29 45 99 38,nouveau.bénin.kalalé@nouveau.bénin.kalalé.benin,,PME (10-50),B2C,APIEx,,Actif,2026-06-29T00:14:35.947461,moyenne
BJ-0DFEFB40,Saint Clinique,Santé & Pharmacie,Ndali,+229 29 13 67 59,saint.clinique@saint.clinique.net,saintclinique.bj,PME (50-200),B2C,APIEx,,Actif,2026-06-29T00:14:35.947508,haute
BJ-7ECC4E48,Laboratoire Soins,Santé & Pharmacie,Ndali,+229 70 16 17 13,laboratoire.soins@laboratoire.soins.net,,TPE (<10),B2C,APIEx,,Actif,2026-06-29T00:14:35.947535,moyenne
BJ-A32C3EB6,Clinique Emergency,Santé & Pharmacie,Ndali,+229 59 21 46 27,clinique.emergency@clinique.emergency.org,,PME (50-200),B2C,APIEx,,Actif,2026-06-29T00:14:35.947566,moyenne
BJ-B2A52755,Vie Medical,Santé & Pharmacie,Ndali,+229 25 64 52 46,vie.medical@vie.medical.net,,TPE (<10),B2C,APIEx,,Actif,2026-06-29T00:14:35.947593,moyenne
BJ-59E48164,Laboratoire Emergency Hôpital,Santé & Pharmacie,Ndali,+229 89 46 53 19,,,TPE (<10),B2C,APIEx,,Actif,2026-06-29T00:14:35.947617,basse
BJ-90EA3B76,Clinique Pharma Ségbana,Santé & Pharmacie,Ségbana,+229 83 44 71 76,,cliniquepharmaségbana.bj,TPE (<10),B2B,APIEx,,Actif,2026-06-29T00:14:35.947654,moyenne
BJ-6A8B5F9B,Soins Pharmacie,Santé & Pharmacie,Ségbana,+229 61 66 88 55,,,PME (10-50),B2B,APIEx,,Actif,2026-06-29T00:14:35.947678,basse
BJ-ADCBBFF1,Hôpital Guérison,Santé & Pharmacie,Ségbana,+229 88 66 66 85,hôpital.guérison@hôpital.guérison.com,,TPE (<10),B2C,APIEx,,Actif,2026-06-29T00:14:35.947705,moyenne
BJ-F72B0EBF,Centre Médicament,Santé & Pharmacie,Ségbana,+229 71 17 54 66,,centremédicament.bj,Grande (>200),B2B,APIEx,,Actif,2026-06-29T00:14:35.947734,moyenne
BJ-76B80177,Pharmacie Emergency Ségbana,Santé & Pharmacie,Ségbana,+229 27 32 86 94,pharmacie.emergency.ségbana@pharmacie.emergency.ségbana.bj,pharmacieemergencységbana.bj,TPE (<10),B2B,APIEx,,Actif,2026-06-29T00:14:35.947763,haute
BJ-5F64E735,Guérison Clinique Tchaourou,Santé & Pharmacie,Tchaourou,+229 66 65 87 82,guérison.clinique.tchaourou@guérison.clinique.tchaourou.benin,,PME (10-50),B2B,APIEx,,Actif,2026-06-29T00:14:35.947800,moyenne
BJ-1B6E1E3B,Royal,Santé & Pharmacie,Tchaourou,+229 73 70 11 55,royal@royal.benin,royal.bj,PME (50-200),B2B,APIEx,,Actif,2026-06-29T00:14:35.947828,haute
BJ-DF2F9971,Bien-être Centre,Santé & Pharmacie,Tchaourou,+229 90 22 28 31,bienêtre.centre@bienêtre.centre.org,bienêtrecentre.bj,PME (50-200),B2C,APIEx,,Actif,2026-06-29T00:14:35.947857,haute
BJ-03235785,Clinique Sainte Medical,Santé & Pharmacie,Tchaourou,+229 36 18 20 52,clinique.sainte.medical@clinique.sainte.medical.org,cliniquesaintemedical.bj,PME (50-200),B2C,APIEx,,Actif,2026-06-29T00:14:35.947884,haute
BJ-9C61B32F,Pharmacie Royal Clinique Bétérou,Santé & Pharmacie,Bétérou,+229 28 45 40 83,pharmacie.royal.clinique.bétérou@pharmacie.royal.clinique.bétérou.com,pharmacieroyalcliniquebétérou.bj,PME (50-200),B2B,APIEx,,Actif,2026-06-29T00:14:35.947979,haute
BJ-32682192,Guérison,Santé & Pharmacie,Bétérou,+229 25 43 51 55,guérison@guérison.net,guérison.bj,TPE (<10),B2B,APIEx,,Actif,2026-06-29T00:14:35.948010,haute
BJ-9BE4AA12,Guérison Cabinet,Santé & Pharmacie,Bétérou,+229 84 41 37 40,guérison.cabinet@guérison.cabinet.org,guérisoncabinet.bj,PME (50-200),B2C,APIEx,,Actif,2026-06-29T00:14:35.948129,haute
BJ-61D0AD16,Laboratoire Médicament,Santé & Pharmacie,Bétérou,+229 44 56 84 87,laboratoire.médicament@laboratoire.médicament.com,,PME (10-50),B2B,APIEx,,Actif,2026-06-29T00:14:35.948150,moyenne
BJ-C24A67A4,Centre Médicament,Santé & Pharmacie,Ouessè,+229 87 49 82 27,centre.médicament@centre.médicament.bj,centremédicament.bj,TPE (<10),B2B,APIEx,,Actif,2026-06-29T00:14:35.948181,haute
BJ-D3AF41E0,Laboratoire Médicament Ouessè,Santé & Pharmacie,Ouessè,+229 29 16 75 35,laboratoire.médicament.ouessè@laboratoire.médicament.ouessè.org,laboratoiremédicamentouessè.bj,TPE (<10),B2B,APIEx,,Actif,2026-06-29T00:14:35.948219,haute
BJ-72D2A219,Cabinet Nouveau Clinique,Santé & Pharmacie,Ouessè,+229 81 50 37 18,cabinet.nouveau.clinique@cabinet.nouveau.clinique.org,cabinetnouveauclinique.bj,Grande (>200),B2C,APIEx,,Actif,2026-06-29T00:14:35.948245,haute
BJ-CF5F6DAF,Médical,Santé & Pharmacie,Ouessè,+229 69 37 52 12,,,TPE (<10),B2B,APIEx,,Actif,2026-06-29T00:14:35.948257,basse
BJ-A255BE6E,Hôpital Saint,Santé & Pharmacie,Ouessè,+229 34 52 69 66,hôpital.saint@hôpital.saint.org,,PME (10-50),B2C,APIEx,,Actif,2026-06-29T00:14:35.948271,moyenne
BJ-6B6BC27B,Médicament Bénin,Santé & Pharmacie,Glazoué,+229 99 57 44 83,médicament.bénin@médicament.bénin.net,,PME (50-200),B2B,APIEx,,Actif,2026-06-29T00:14:35.948293,moyenne
BJ-482CFAD7,Vie International,Santé & Pharmacie,Glazoué,+229 56 66 79 99,vie.international@vie.international.net,vieinternational.bj,Grande (>200),B2C,APIEx,,Actif,2026-06-29T00:14:35.948307,haute
BJ-EDDA0104,Cabinet Sainte Bénin,Santé & Pharmacie,Glazoué,+229 51 17 86 73,cabinet.sainte.bénin@cabinet.sainte.bénin.org,cabinetsaintebénin.bj,TPE (<10),B2C,APIEx,,Actif,2026-06-29T00:14:35.948321,haute
BJ-12F727E8,Laboratoire Saint,Santé & Pharmacie,Glazoué,+229 89 61 45 39,laboratoire.saint@laboratoire.saint.org,laboratoiresaint.bj,PME (50-200),B2B,APIEx,,Actif,2026-06-29T00:14:35.948338,haute
BJ-961D3D96,Médicament,Santé & Pharmacie,Glazoué,+229 27 14 13 22,,,PME (10-50),B2C,APIEx,,Actif,2026-06-29T00:14:35.948352,basse
BJ-3C28424F,Vie Bénin,Santé & Pharmacie,Dassa-Zoumè,+229 39 77 77 22,vie.bénin@vie.bénin.org,viebénin.bj,TPE (<10),B2C,APIEx,,Actif,2026-06-29T00:14:35.948373,haute
BJ-4ADF5E06,Nouveau,Santé & Pharmacie,Dassa-Zoumè,+229 58 52 98 12,nouveau@nouveau.benin,nouveau.bj,PME (10-50),B2C,APIEx,,Actif,2026-06-29T00:14:35.948386,haute
BJ-4B1665CF,Cabinet Central,Santé & Pharmacie,Dassa-Zoumè,+229 56 45 11 98,cabinet.central@cabinet.central.org,,TPE (<10),B2C,APIEx,,Actif,2026-06-29T00:14:35.948398,moyenne
BJ-DB3BC577,Guérison Bénin,Santé & Pharmacie,Dassa-Zoumè,+229 59 32 73 58,guérison.bénin@guérison.bénin.benin,guérisonbénin.bj,TPE (<10),B2C,APIEx,,Actif,2026-06-29T00:14:35.948411,haute
BJ-F909BB5D,Cabinet Royal,Santé & Pharmacie,Dassa-Zoumè,+229 28 52 37 19,,cabinetroyal.bj,PME (10-50),B2C,APIEx,,Actif,2026-06-29T00:14:35.948422,moyenne
BJ-49866D50,Laboratoire Médicament Cabinet Savalou,Santé & Pharmacie,Savalou,+229 55 91 24 45,,laboratoiremédicamentcabinetsavalou.bj,Grande (>200),B2C,APIEx,,Actif,2026-06-29T00:14:35.948442,moyenne
BJ-EF4DCA0A,Cabinet Médicament,Santé & Pharmacie,Savalou,+229 63 27 14 62,cabinet.médicament@cabinet.médicament.org,cabinetmédicament.bj,PME (50-200),B2B,APIEx,,Actif,2026-06-29T00:14:35.948455,haute
BJ-0432E0D9,Saint Savalou,Santé & Pharmacie,Savalou,+229 33 58 16 98,saint.savalou@saint.savalou.benin,,TPE (<10),B2C,APIEx,,Actif,2026-06-29T00:14:35.948473,moyenne
BJ-E0A36CEF,Pharmacie Central Savalou,Santé & Pharmacie,Savalou,+229 69 23 91 41,pharmacie.central.savalou@pharmacie.central.savalou.benin,pharmaciecentralsavalou.bj,TPE (<10),B2C,APIEx,,Actif,2026-06-29T00:14:35.948490,haute
BJ-EE460DBE,Clinique Nouveau Medical,Santé & Pharmacie,Bantè,+229 31 91 81 50,clinique.nouveau.medical@clinique.nouveau.medical.com,,PME (10-50),B2B,APIEx,,Actif,2026-06-29T00:14:35.948521,moyenne
BJ-25BC1A5E,Laboratoire Saint,Santé & Pharmacie,Bantè,+229 75 65 51 66,,laboratoiresaint.bj,TPE (<10),B2B,APIEx,,Actif,2026-06-29T00:14:35.948533,moyenne
BJ-E7B62E38,Saint Clinique,Santé & Pharmacie,Bantè,+229 22 12 37 49,saint.clinique@saint.clinique.com,saintclinique.bj,TPE (<10),B2C,APIEx,,Actif,2026-06-29T00:14:35.948546,haute
BJ-E3852BEF,Royal Clinique Bantè,Santé & Pharmacie,Bantè,+229 38 56 28 93,royal.clinique.bantè@royal.clinique.bantè.benin,royalcliniquebantè.bj,TPE (<10),B2C,APIEx,,Actif,2026-06-29T00:14:35.948563,haute
BJ-FEFB103E,Pharmacie Sainte,Santé & Pharmacie,Bantè,+229 70 85 63 74,pharmacie.sainte@pharmacie.sainte.benin,pharmaciesainte.bj,PME (10-50),B2B,APIEx,,Actif,2026-06-29T00:14:35.948575,haute
BJ-B9B4F141,Bien-être Centre,Santé & Pharmacie,Djougou,+229 72 44 37 78,bienêtre.centre@bienêtre.centre.benin,,TPE (<10),B2B,APIEx,,Actif,2026-06-29T00:14:35.948594,moyenne
BJ-EA60C391,Cabinet Santé,Santé & Pharmacie,Djougou,+229 28 26 47 81,,,Grande (>200),B2C,APIEx,,Actif,2026-06-29T00:14:35.948605,basse
BJ-C02DCFD9,Médicament,Santé & Pharmacie,Djougou,+229 49 69 94 76,médicament@médicament.com,médicament.bj,TPE (<10),B2B,APIEx,,Actif,2026-06-29T00:14:35.948618,haute
BJ-67E4878E,Pharma Bénin,Santé & Pharmacie,Djougou,+229 82 60 19 98,pharma.bénin@pharma.bénin.com,pharmabénin.bj,TPE (<10),B2C,APIEx,,Actif,2026-06-29T00:14:35.948634,haute
BJ-38A06FD0,Urgence Djougou,Santé & Pharmacie,Djougou,+229 86 61 30 53,,,TPE (<10),B2B,APIEx,,Actif,2026-06-29T00:14:35.948645,basse
BJ-29E86EA4,Hôpital Sainte Medical,Santé & Pharmacie,Ouèssè,+229 75 31 84 54,hôpital.sainte.medical@hôpital.sainte.medical.benin,hôpitalsaintemedical.bj,TPE (<10),B2B,APIEx,,Actif,2026-06-29T00:14:35.948665,haute
BJ-49B56871,Laboratoire Nouveau Cabinet,Santé & Pharmacie,Ouèssè,+229 37 94 47 32,,,TPE (<10),B2C,APIEx,,Actif,2026-06-29T00:14:35.948676,basse
BJ-12F78FD3,Vie,Santé & Pharmacie,Ouèssè,+229 79 13 62 12,vie@vie.bj,vie.bj,PME (10-50),B2C,APIEx,,Actif,2026-06-29T00:14:35.948688,haute
BJ-EAB3B431,Guérison,Santé & Pharmacie,Ouèssè,+229 77 97 90 84,,,TPE (<10),B2C,APIEx,,Actif,2026-06-29T00:14:35.948699,basse
BJ-DB79EF71,Cabinet Vie International,Santé & Pharmacie,Ouèssè,+229 44 50 37 74,,cabinetvieinternational.bj,PME (10-50),B2C,APIEx,,Actif,2026-06-29T00:14:35.948721,moyenne
BJ-5EBD03F8,Laboratoire Médicament Clinique,Santé & Pharmacie,Bassila,+229 83 38 51 48,laboratoire.médicament.clinique@laboratoire.médicament.clinique.net,laboratoiremédicamentclinique.bj,TPE (<10),B2C,APIEx,,Actif,2026-06-29T00:14:35.948741,haute
BJ-849768E8,Cabinet Soins Pharmacie,Santé & Pharmacie,Bassila,+229 65 39 55 49,,cabinetsoinspharmacie.bj,PME (50-200),B2B,APIEx,,Actif,2026-06-29T00:14:35.948753,moyenne
BJ-84E2B4BA,Cabinet Central,Santé & Pharmacie,Bassila,+229 71 10 18 46,cabinet.central@cabinet.central.com,cabinetcentral.bj,TPE (<10),B2C,APIEx,,Actif,2026-06-29T00:14:35.948765,haute
BJ-9327228B,Laboratoire Saint,Santé & Pharmacie,Bassila,+229 30 31 72 95,laboratoire.saint@laboratoire.saint.benin,laboratoiresaint.bj,TPE (<10),B2C,APIEx,,Actif,2026-06-29T00:14:35.948782,haute
BJ-1ECB7056,Hôpital Vie Bassila,Santé & Pharmacie,Bassila,+229 46 55 86 58,hôpital.vie.bassila@hôpital.vie.bassila.org,hôpitalviebassila.bj,Grande (>200),B2C,APIEx,,Actif,2026-06-29T00:14:35.948796,haute
BJ-A96073F6,Cabinet Médicament Hôpital,Santé & Pharmacie,Pehunco,+229 47 12 85 77,cabinet.médicament.hôpital@cabinet.médicament.hôpital.com,cabinetmédicamenthôpital.bj,TPE (<10),B2B,APIEx,,Actif,2026-06-29T00:14:35.948817,haute
BJ-555DE88C,Hôpital Nouveau Bénin,Santé & Pharmacie,Pehunco,+229 23 24 61 79,hôpital.nouveau.bénin@hôpital.nouveau.bénin.benin,,Grande (>200),B2B,APIEx,,Actif,2026-06-29T00:14:35.948829,moyenne
BJ-61F61757,Pharmacie Médical Cabinet,Santé & Pharmacie,Pehunco,+229 21 30 59 72,pharmacie.médical.cabinet@pharmacie.médical.cabinet.bj,pharmaciemédicalcabinet.bj,TPE (<10),B2B,APIEx,,Actif,2026-06-29T00:14:35.948843,haute
BJ-EA06835C,Hôpital Bien-être Hôpital,Santé & Pharmacie,Pehunco,+229 33 56 27 19,hôpital.bienêtre.hôpital@hôpital.bienêtre.hôpital.net,,TPE (<10),B2C,APIEx,,Actif,2026-06-29T00:14:35.948856,moyenne
BJ-DB1B69C3,Emergency,Santé & Pharmacie,Pehunco,+229 57 65 28 39,,emergency.bj,PME (10-50),B2B,APIEx,,Actif,2026-06-29T00:14:35.948868,moyenne
BJ-94A9F87F,Sainte,Santé & Pharmacie,Copargo,+229 27 45 16 85,,sainte.bj,PME (50-200),B2B,APIEx,,Actif,2026-06-29T00:14:35.948885,moyenne
BJ-B239C094,Saint Hôpital,Santé & Pharmacie,Copargo,+229 24 74 80 91,saint.hôpital@saint.hôpital.net,,TPE (<10),B2C,APIEx,,Actif,2026-06-29T00:14:35.948913,moyenne
BJ-0948717A,Hôpital Sainte,Santé & Pharmacie,Copargo,+229 55 25 78 96,hôpital.sainte@hôpital.sainte.net,,TPE (<10),B2C,APIEx,,Actif,2026-06-29T00:14:35.948930,moyenne
BJ-B4A04F33,Guérison Pharmacie,Santé & Pharmacie,Copargo,+229 26 22 30 32,guérison.pharmacie@guérison.pharmacie.com,guérisonpharmacie.bj,PME (10-50),B2B,APIEx,,Actif,2026-06-29T00:14:35.948947,haute
BJ-25F7C64C,Médical Cabinet Copargo,Santé & Pharmacie,Copargo,+229 53 40 44 20,médical.cabinet.copargo@médical.cabinet.copargo.bj,,PME (10-50),B2C,APIEx,,Actif,2026-06-29T00:14:35.948960,moyenne
BJ-6F83FD26,Santé,Finance & Assurance,Cotonou,+229 83 10 27 59,santé@santé.org,santé.bj,TPE (<10),B2C,APIEx,,Actif,2026-06-29T00:14:35.948981,haute
BJ-3B3D63EC,Société Bénin,Finance & Assurance,Cotonou,+229 96 42 78 10,société.bénin@société.bénin.net,,PME (10-50),B2B,APIEx,,Actif,2026-06-29T00:14:35.948994,moyenne
BJ-011A9B42,Cabinet Santé,Finance & Assurance,Cotonou,+229 30 95 99 63,cabinet.santé@cabinet.santé.org,,PME (50-200),B2C,APIEx,,Actif,2026-06-29T00:14:35.949010,moyenne
BJ-3E2B7506,Capital Assurances,Finance & Assurance,Cotonou,+229 33 51 43 33,capital.assurances@capital.assurances.benin,capitalassurances.bj,PME (10-50),B2C,APIEx,,Actif,2026-06-29T00:14:35.949024,haute
BJ-DE85BBAC,Groupe Capital Assurances,Finance & Assurance,Cotonou,+229 20 29 25 65,,groupecapitalassurances.bj,PME (50-200),B2C,APIEx,,Actif,2026-06-29T00:14:35.949035,moyenne
BJ-C86AFA90,Investissement Abomey-Calavi,Finance & Assurance,Abomey-Calavi,+229 93 12 37 15,,,PME (10-50),B2B,APIEx,,Actif,2026-06-29T00:14:35.949054,basse
BJ-F4DC6AC1,Cabinet Investissement,Finance & Assurance,Abomey-Calavi,+229 30 25 40 44,cabinet.investissement@cabinet.investissement.net,,TPE (<10),B2C,APIEx,,Actif,2026-06-29T00:14:35.949066,moyenne
BJ-2E9D3BD5,Protection Capital,Finance & Assurance,Abomey-Calavi,+229 36 56 65 94,protection.capital@protection.capital.com,protectioncapital.bj,TPE (<10),B2B,APIEx,,Actif,2026-06-29T00:14:35.949078,haute
BJ-10B03057,Auto Invest Abomey-Calavi,Finance & Assurance,Abomey-Calavi,+229 76 48 23 75,auto.invest.abomeycalavi@auto.invest.abomeycalavi.bj,,PME (10-50),B2B,APIEx,,Actif,2026-06-29T00:14:35.949093,moyenne
BJ-7DA3514C,Bénin Finance,Finance & Assurance,Abomey-Calavi,+229 21 68 88 79,bénin.finance@bénin.finance.benin,béninfinance.bj,TPE (<10),B2C,APIEx,,Actif,2026-06-29T00:14:35.949107,haute
BJ-CCFBB838,National SA Porto-Novo,Finance & Assurance,Porto-Novo,+229 81 27 14 79,national.sa.portonovo@national.sa.portonovo.org,nationalsaportonovo.bj,PME (50-200),B2C,APIEx,,Actif,2026-06-29T00:14:35.949126,haute
BJ-539E1FAE,Cabinet Crédit,Finance & Assurance,Porto-Novo,+229 39 50 59 62,cabinet.crédit@cabinet.crédit.net,,TPE (<10),B2C,APIEx,,Actif,2026-06-29T00:14:35.949138,moyenne
BJ-3D3A7AFC,Finance National,Finance & Assurance,Porto-Novo,+229 76 80 36 15,finance.national@finance.national.bj,,TPE (<10),B2B,APIEx,,Actif,2026-06-29T00:14:35.949149,moyenne
BJ-21A35C85,West Porto-Novo,Finance & Assurance,Porto-Novo,+229 55 69 42 49,,westportonovo.bj,TPE (<10),B2C,APIEx,,Actif,2026-06-29T00:14:35.949161,moyenne
BJ-CC9A3C61,Auto Capital,Finance & Assurance,Porto-Novo,+229 21 43 72 51,auto.capital@auto.capital.org,,PME (10-50),B2B,APIEx,,Actif,2026-06-29T00:14:35.949172,moyenne
BJ-729F6649,Assurance Sécurité International Parakou,Finance & Assurance,Parakou,+229 82 35 24 40,assurance.sécurité.international.parakou@assurance.sécurité.international.parakou.bj,,PME (10-50),B2B,APIEx,,Actif,2026-06-29T00:14:35.949190,moyenne
BJ-0BB971E6,Crédit Bank Parakou,Finance & Assurance,Parakou,+229 77 28 74 45,crédit.bank.parakou@crédit.bank.parakou.benin,créditbankparakou.bj,TPE (<10),B2C,APIEx,,Actif,2026-06-29T00:14:35.949203,haute
BJ-7B028305,Bénin SARL,Finance & Assurance,Parakou,+229 31 41 69 68,bénin.sarl@bénin.sarl.net,béninsarl.bj,TPE (<10),B2B,APIEx,,Actif,2026-06-29T00:14:35.949217,haute
BJ-699A4288,Cabinet Assurance Groupe,Finance & Assurance,Parakou,+229 86 47 70 16,cabinet.assurance.groupe@cabinet.assurance.groupe.com,cabinetassurancegroupe.bj,PME (50-200),B2B,APIEx,,Actif,2026-06-29T00:14:35.949235,haute
BJ-3FAE4E71,Crédit,Finance & Assurance,Parakou,+229 70 31 69 58,crédit@crédit.net,crédit.bj,Grande (>200),B2C,APIEx,,Actif,2026-06-29T00:14:35.949251,haute
BJ-3534F08B,National,Finance & Assurance,Bohicon,+229 95 12 50 94,national@national.benin,national.bj,PME (10-50),B2C,APIEx,,Actif,2026-06-29T00:14:35.949269,haute
BJ-F24FD4F8,Groupe Capital SA,Finance & Assurance,Bohicon,+229 43 73 13 53,groupe.capital.sa@groupe.capital.sa.bj,,PME (10-50),B2B,APIEx,,Actif,2026-06-29T00:14:35.949281,moyenne
BJ-78A05F51,Africa Invest,Finance & Assurance,Bohicon,+229 23 84 60 69,africa.invest@africa.invest.bj,,PME (10-50),B2C,APIEx,,Actif,2026-06-29T00:14:35.949304,moyenne
BJ-DE044CD9,Crédit Bank Natitingou,Finance & Assurance,Natitingou,+229 77 32 85 48,crédit.bank.natitingou@crédit.bank.natitingou.org,créditbanknatitingou.bj,TPE (<10),B2C,APIEx,,Actif,2026-06-29T00:14:35.949335,haute
BJ-570B066B,Groupe Crédit,Finance & Assurance,Natitingou,+229 78 20 59 11,groupe.crédit@groupe.crédit.org,groupecrédit.bj,PME (50-200),B2C,APIEx,,Actif,2026-06-29T00:14:35.949347,haute
BJ-2FFCAA1F,Finance Épargne Natitingou,Finance & Assurance,Natitingou,+229 90 37 56 64,,,Grande (>200),B2C,APIEx,,Actif,2026-06-29T00:14:35.949358,basse
BJ-F06EE8DC,Protection,Finance & Assurance,Natitingou,+229 40 25 85 52,protection@protection.net,protection.bj,TPE (<10),B2C,APIEx,,Actif,2026-06-29T00:14:35.949372,haute
BJ-6DBB48A7,West Natitingou,Finance & Assurance,Natitingou,+229 95 42 58 85,west.natitingou@west.natitingou.net,,PME (50-200),B2B,APIEx,,Actif,2026-06-29T00:14:35.949385,moyenne
BJ-95773F8D,Cabinet Vie Lokossa,Finance & Assurance,Lokossa,+229 77 79 61 78,cabinet.vie.lokossa@cabinet.vie.lokossa.bj,cabinetvielokossa.bj,TPE (<10),B2C,APIEx,,Actif,2026-06-29T00:14:35.949402,haute
BJ-0DA1CD49,Cabinet Santé SARL,Finance & Assurance,Lokossa,+229 93 22 81 79,cabinet.santé.sarl@cabinet.santé.sarl.net,cabinetsantésarl.bj,TPE (<10),B2B,APIEx,,Actif,2026-06-29T00:14:35.949415,haute
BJ-8A1C9D22,Banque Capital Capital Lokossa,Finance & Assurance,Lokossa,+229 51 41 69 81,banque.capital.capital.lokossa@banque.capital.capital.lokossa.bj,,PME (50-200),B2C,APIEx,,Actif,2026-06-29T00:14:35.949426,moyenne
BJ-1CE389C7,Finance Santé Invest,Finance & Assurance,Lokossa,+229 68 52 46 17,finance.santé.invest@finance.santé.invest.bj,,Grande (>200),B2C,APIEx,,Actif,2026-06-29T00:14:35.949438,moyenne
BJ-BBCBDFB3,Assurance,Finance & Assurance,Lokossa,+229 54 33 81 28,assurance@assurance.benin,,Grande (>200),B2C,APIEx,,Actif,2026-06-29T00:14:35.949452,moyenne
BJ-45616A11,Finance Protection,Finance & Assurance,Ouidah,+229 98 78 37 20,finance.protection@finance.protection.com,financeprotection.bj,PME (10-50),B2C,APIEx,,Actif,2026-06-29T00:14:35.949481,haute
BJ-7859895A,Bénin,Finance & Assurance,Ouidah,+229 99 65 44 24,bénin@bénin.bj,,PME (10-50),B2B,APIEx,,Actif,2026-06-29T00:14:35.949493,moyenne
BJ-EEC5DA8B,Groupe West International,Finance & Assurance,Ouidah,+229 89 25 96 58,groupe.west.international@groupe.west.international.benin,groupewestinternational.bj,PME (50-200),B2C,APIEx,,Actif,2026-06-29T00:14:35.949580,haute
BJ-FCAB03A5,Finance Santé Groupe,Finance & Assurance,Ouidah,+229 72 51 56 63,finance.santé.groupe@finance.santé.groupe.org,,TPE (<10),B2C,APIEx,,Actif,2026-06-29T00:14:35.949594,moyenne
BJ-996882E9,Cabinet Bénin,Finance & Assurance,Savalou,+229 89 60 55 44,cabinet.bénin@cabinet.bénin.net,cabinetbénin.bj,PME (50-200),B2C,APIEx,,Actif,2026-06-29T00:14:35.949612,haute
BJ-02D061B4,National Capital,Finance & Assurance,Savalou,+229 43 24 93 67,national.capital@national.capital.net,nationalcapital.bj,TPE (<10),B2B,APIEx,,Actif,2026-06-29T00:14:35.949625,haute
BJ-244132A7,Finance Sécurité Finance,Finance & Assurance,Savalou,+229 48 62 33 82,finance.sécurité.finance@finance.sécurité.finance.net,,TPE (<10),B2B,APIEx,,Actif,2026-06-29T00:14:35.949648,moyenne
BJ-2DFC15FF,Société Épargne Dassa-Zoumè,Finance & Assurance,Dassa-Zoumè,+229 72 19 62 19,société.épargne.dassazoumè@société.épargne.dassazoumè.com,sociétéépargnedassazoumè.bj,PME (10-50),B2C,APIEx,,Actif,2026-06-29T00:14:35.949682,haute
BJ-F2720DC1,Bénin Capital,Finance & Assurance,Dassa-Zoumè,+229 89 51 20 81,bénin.capital@bénin.capital.bj,bénincapital.bj,PME (10-50),B2C,APIEx,,Actif,2026-06-29T00:14:35.949695,haute
BJ-518E63B3,Protection Invest,Finance & Assurance,Dassa-Zoumè,+229 60 49 31 53,protection.invest@protection.invest.benin,,TPE (<10),B2B,APIEx,,Actif,2026-06-29T00:14:35.949707,moyenne
BJ-B5FFDD61,Épargne,Finance & Assurance,Dassa-Zoumè,+229 56 30 62 51,épargne@épargne.com,épargne.bj,TPE (<10),B2C,APIEx,,Actif,2026-06-29T00:14:35.949722,haute
BJ-00D25454,Groupe Africa SA,Finance & Assurance,Dassa-Zoumè,+229 89 66 48 58,,groupeafricasa.bj,TPE (<10),B2C,APIEx,,Actif,2026-06-29T00:14:35.949735,moyenne
BJ-37B399B3,Cabinet Protection Invest,Finance & Assurance,Kétou,+229 38 76 66 17,,cabinetprotectioninvest.bj,PME (10-50),B2B,APIEx,,Actif,2026-06-29T00:14:35.949756,moyenne
BJ-929557F5,Finance Épargne Capital Kétou,Finance & Assurance,Kétou,+229 47 33 49 45,finance.épargne.capital.kétou@finance.épargne.capital.kétou.com,,PME (10-50),B2B,APIEx,,Actif,2026-06-29T00:14:35.949771,moyenne
BJ-AA430355,Banque Assurance SARL Kétou,Finance & Assurance,Kétou,+229 22 96 58 95,banque.assurance.sarl.kétou@banque.assurance.sarl.kétou.benin,banqueassurancesarlkétou.bj,PME (50-200),B2C,APIEx,,Actif,2026-06-29T00:14:35.949785,haute
BJ-9956329D,Bénin Groupe Kétou,Finance & Assurance,Kétou,+229 35 82 59 95,bénin.groupe.kétou@bénin.groupe.kétou.net,,TPE (<10),B2B,APIEx,,Actif,2026-06-29T00:14:35.949797,moyenne
BJ-FA6AE041,Société National SARL,Finance & Assurance,Kétou,+229 75 98 74 71,,sociéténationalsarl.bj,TPE (<10),B2B,APIEx,,Actif,2026-06-29T00:14:35.949809,moyenne
BJ-151E24F8,Cabinet Investissement Finance,Finance & Assurance,Covè,+229 59 85 14 28,,cabinetinvestissementfinance.bj,TPE (<10),B2C,APIEx,,Actif,2026-06-29T00:14:35.949826,moyenne
BJ-C12837F7,Crédit Bank,Finance & Assurance,Covè,+229 96 55 30 52,,créditbank.bj,TPE (<10),B2B,APIEx,,Actif,2026-06-29T00:14:35.949841,moyenne
BJ-57EF4169,Assurance,Finance & Assurance,Covè,+229 98 98 58 55,assurance@assurance.org,assurance.bj,PME (10-50),B2B,APIEx,,Actif,2026-06-29T00:14:35.949854,haute
BJ-4D86F2C0,Auto,Finance & Assurance,Covè,+229 74 85 22 44,auto@auto.bj,auto.bj,PME (10-50),B2B,APIEx,,Actif,2026-06-29T00:14:35.949869,haute
BJ-582663B1,Banque Assurance SA,Finance & Assurance,Covè,+229 58 52 49 63,banque.assurance.sa@banque.assurance.sa.com,banqueassurancesa.bj,PME (10-50),B2C,APIEx,,Actif,2026-06-29T00:14:35.949882,haute
BJ-54957320,Cabinet Investissement,Finance & Assurance,Pobè,+229 91 12 74 37,cabinet.investissement@cabinet.investissement.benin,,TPE (<10),B2B,APIEx,,Actif,2026-06-29T00:14:35.949918,moyenne
BJ-35087B79,Assurance Santé Pobè,Finance & Assurance,Pobè,+229 44 64 73 71,,assurancesantépobè.bj,TPE (<10),B2C,APIEx,,Actif,2026-06-29T00:14:35.949932,moyenne
BJ-F9763C30,Sécurité International,Finance & Assurance,Pobè,+229 73 32 76 45,sécurité.international@sécurité.international.benin,sécuritéinternational.bj,TPE (<10),B2C,APIEx,,Actif,2026-06-29T00:14:35.949945,haute
BJ-8A27B847,Auto International,Finance & Assurance,Pobè,+229 52 25 35 10,auto.international@auto.international.com,,PME (50-200),B2B,APIEx,,Actif,2026-06-29T00:14:35.949956,moyenne
BJ-E3FC125E,Société Investissement,Finance & Assurance,Sakété,+229 29 60 65 63,société.investissement@société.investissement.com,sociétéinvestissement.bj,TPE (<10),B2C,APIEx,,Actif,2026-06-29T00:14:35.949985,haute
BJ-7DF20E4C,Société National Assurances,Finance & Assurance,Sakété,+229 81 56 83 74,société.national.assurances@société.national.assurances.org,sociéténationalassurances.bj,PME (50-200),B2B,APIEx,,Actif,2026-06-29T00:14:35.949999,haute
BJ-59F58F6C,National Assurances,Finance & Assurance,Sakété,+229 26 88 21 61,national.assurances@national.assurances.com,nationalassurances.bj,PME (50-200),B2B,APIEx,,Actif,2026-06-29T00:14:35.950014,haute
BJ-967C0F7B,Finance Capital,Finance & Assurance,Sakété,+229 68 43 60 34,finance.capital@finance.capital.net,financecapital.bj,PME (10-50),B2C,APIEx,,Actif,2026-06-29T00:14:35.950029,haute
BJ-9FAEB1FC,Africa Sakété,Finance & Assurance,Sakété,+229 42 69 16 96,africa.sakété@africa.sakété.org,,PME (10-50),B2B,APIEx,,Actif,2026-06-29T00:14:35.950042,moyenne
BJ-8EC58E13,Assurance Épargne,Finance & Assurance,Adjara,+229 25 55 90 91,assurance.épargne@assurance.épargne.bj,assuranceépargne.bj,TPE (<10),B2C,APIEx,,Actif,2026-06-29T00:14:35.950064,haute
BJ-076B9484,Africa Bank,Finance & Assurance,Adjara,+229 90 58 92 23,,africabank.bj,Grande (>200),B2B,APIEx,,Actif,2026-06-29T00:14:35.950075,moyenne
BJ-0EC6EB3E,Cabinet Crédit SA Adjara,Finance & Assurance,Adjara,+229 37 78 27 31,cabinet.crédit.sa.adjara@cabinet.crédit.sa.adjara.org,cabinetcréditsaadjara.bj,TPE (<10),B2C,APIEx,,Actif,2026-06-29T00:14:35.950088,haute
BJ-58DDCE1B,Banque Santé Finance,Finance & Assurance,Adjara,+229 92 55 46 68,,banquesantéfinance.bj,PME (10-50),B2C,APIEx,,Actif,2026-06-29T00:14:35.950110,moyenne
BJ-7404AFF2,Société National Finance,Finance & Assurance,Allada,+229 54 54 89 21,société.national.finance@société.national.finance.benin,sociéténationalfinance.bj,TPE (<10),B2B,APIEx,,Actif,2026-06-29T00:14:35.950128,haute
BJ-59D002E6,Africa,Finance & Assurance,Allada,+229 36 12 74 42,,africa.bj,TPE (<10),B2C,APIEx,,Actif,2026-06-29T00:14:35.950140,moyenne
BJ-BB989110,Assurance Vie,Finance & Assurance,Allada,+229 91 11 83 78,assurance.vie@assurance.vie.org,assurancevie.bj,PME (10-50),B2B,APIEx,,Actif,2026-06-29T00:14:35.950152,haute
BJ-46D8DA7E,Banque Africa Bank,Finance & Assurance,Allada,+229 38 66 70 18,banque.africa.bank@banque.africa.bank.bj,,TPE (<10),B2B,APIEx,,Actif,2026-06-29T00:14:35.950166,moyenne
BJ-4B5AC66E,Cabinet Capital,Finance & Assurance,Allada,+229 64 98 79 69,cabinet.capital@cabinet.capital.bj,cabinetcapital.bj,PME (10-50),B2B,APIEx,,Actif,2026-06-29T00:14:35.950179,haute
BJ-42A205C4,Société Vie,Finance & Assurance,Aplahoué,+229 43 17 93 19,société.vie@société.vie.com,,Grande (>200),B2B,APIEx,,Actif,2026-06-29T00:14:35.950197,moyenne
BJ-C9BC3F3D,Assurance Capital,Finance & Assurance,Aplahoué,+229 84 30 71 37,assurance.capital@assurance.capital.com,assurancecapital.bj,PME (10-50),B2C,APIEx,,Actif,2026-06-29T00:14:35.950210,haute
BJ-7510CD41,Bénin SARL,Finance & Assurance,Aplahoué,+229 66 68 89 22,bénin.sarl@bénin.sarl.net,,PME (10-50),B2C,APIEx,,Actif,2026-06-29T00:14:35.950222,moyenne
BJ-3EE644B8,Assurance West Capital,Finance & Assurance,Aplahoué,+229 91 58 83 73,assurance.west.capital@assurance.west.capital.org,assurancewestcapital.bj,Grande (>200),B2B,APIEx,,Actif,2026-06-29T00:14:35.950269,haute
BJ-D514D674,Société Bénin Groupe,Finance & Assurance,Dogbo-Tota,+229 67 54 64 80,,sociétébéningroupe.bj,Grande (>200),B2B,APIEx,,Actif,2026-06-29T00:14:35.950287,moyenne
BJ-F63187DD,Groupe Épargne Invest Dogbo-Tota,Finance & Assurance,Dogbo-Tota,+229 80 88 84 10,groupe.épargne.invest.dogbotota@groupe.épargne.invest.dogbotota.benin,groupeépargneinvestdogbotota.bj,PME (50-200),B2B,APIEx,,Actif,2026-06-29T00:14:35.950301,haute
BJ-741AA673,Bénin,Finance & Assurance,Dogbo-Tota,+229 63 11 61 91,bénin@bénin.net,bénin.bj,PME (10-50),B2C,APIEx,,Actif,2026-06-29T00:14:35.950314,haute
BJ-18FCFB5F,Banque West Capital,Finance & Assurance,Dogbo-Tota,+229 69 61 75 49,banque.west.capital@banque.west.capital.net,banquewestcapital.bj,TPE (<10),B2C,APIEx,,Actif,2026-06-29T00:14:35.950328,haute
BJ-DBCBB981,Investissement,Finance & Assurance,Kpomassè,+229 43 62 46 63,investissement@investissement.net,investissement.bj,Grande (>200),B2C,APIEx,,Actif,2026-06-29T00:14:35.950358,haute
BJ-4E2150A6,Société Capital Groupe,Finance & Assurance,Kpomassè,+229 86 24 58 33,société.capital.groupe@société.capital.groupe.bj,sociétécapitalgroupe.bj,PME (50-200),B2B,APIEx,,Actif,2026-06-29T00:14:35.950383,haute
BJ-CE4423AA,Bénin Invest Kpomassè,Finance & Assurance,Kpomassè,+229 77 89 60 80,bénin.invest.kpomassè@bénin.invest.kpomassè.com,,PME (50-200),B2B,APIEx,,Actif,2026-06-29T00:14:35.950395,moyenne
BJ-82B1C6D3,Finance Vie Bank,Finance & Assurance,Kpomassè,+229 80 84 31 24,finance.vie.bank@finance.vie.bank.bj,financeviebank.bj,TPE (<10),B2C,APIEx,,Actif,2026-06-29T00:14:35.950406,haute
BJ-A994B187,Groupe Épargne,Finance & Assurance,Tori-Bossito,+229 78 36 51 20,groupe.épargne@groupe.épargne.org,groupeépargne.bj,TPE (<10),B2B,APIEx,,Actif,2026-06-29T00:14:35.950431,haute
BJ-F784726C,Société Santé,Finance & Assurance,Tori-Bossito,+229 33 79 17 19,société.santé@société.santé.benin,sociétésanté.bj,Grande (>200),B2C,APIEx,,Actif,2026-06-29T00:14:35.950443,haute
BJ-874D7FD9,Assurance Assurance Groupe,Finance & Assurance,Tori-Bossito,+229 84 49 80 31,assurance.assurance.groupe@assurance.assurance.groupe.net,assuranceassurancegroupe.bj,PME (50-200),B2B,APIEx,,Actif,2026-06-29T00:14:35.950455,haute
BJ-A2B14137,Assurance Assurances,Finance & Assurance,Tori-Bossito,+229 63 20 28 75,assurance.assurances@assurance.assurances.bj,assuranceassurances.bj,PME (50-200),B2C,APIEx,,Actif,2026-06-29T00:14:35.950472,haute
BJ-D7938B61,Vie Groupe Tori-Bossito,Finance & Assurance,Tori-Bossito,+229 36 15 57 22,vie.groupe.toribossito@vie.groupe.toribossito.net,viegroupetoribossito.bj,TPE (<10),B2B,APIEx,,Actif,2026-06-29T00:14:35.950485,haute
BJ-09673E7C,Protection International,Finance & Assurance,Grand-Popo,+229 58 86 51 34,,protectioninternational.bj,PME (50-200),B2B,APIEx,,Actif,2026-06-29T00:14:35.950502,moyenne
BJ-D40B4B24,Épargne,Finance & Assurance,Grand-Popo,+229 76 71 63 89,épargne@épargne.net,épargne.bj,TPE (<10),B2C,APIEx,,Actif,2026-06-29T00:14:35.950515,haute
BJ-C1E0C99D,Sécurité,Finance & Assurance,Grand-Popo,+229 59 36 32 48,sécurité@sécurité.org,sécurité.bj,PME (50-200),B2B,APIEx,,Actif,2026-06-29T00:14:35.950527,haute
BJ-C8F46BA9,Groupe West International,Finance & Assurance,Grand-Popo,+229 64 73 93 58,groupe.west.international@groupe.west.international.bj,groupewestinternational.bj,TPE (<10),B2C,APIEx,,Actif,2026-06-29T00:14:35.950539,haute
BJ-255FBBB6,Banque Africa,Finance & Assurance,Grand-Popo,+229 64 79 16 74,banque.africa@banque.africa.net,banqueafrica.bj,PME (50-200),B2B,APIEx,,Actif,2026-06-29T00:14:35.950552,haute
BJ-50DDCB85,Épargne SARL,Finance & Assurance,Athiémé,+229 24 61 71 56,,épargnesarl.bj,PME (50-200),B2C,APIEx,,Actif,2026-06-29T00:14:35.950570,moyenne
BJ-97696059,Auto Assurances,Finance & Assurance,Athiémé,+229 68 38 50 32,auto.assurances@auto.assurances.benin,autoassurances.bj,Grande (>200),B2B,APIEx,,Actif,2026-06-29T00:14:35.950583,haute
BJ-5C4E2714,Protection,Finance & Assurance,Athiémé,+229 91 62 35 52,protection@protection.bj,protection.bj,TPE (<10),B2C,APIEx,,Actif,2026-06-29T00:14:35.950594,haute
BJ-13C799F4,Capital,Finance & Assurance,Athiémé,+229 74 17 78 17,capital@capital.benin,,PME (50-200),B2B,APIEx,,Actif,2026-06-29T00:14:35.950609,moyenne
BJ-5559E452,Africa Finance,Finance & Assurance,Athiémé,+229 66 82 25 19,africa.finance@africa.finance.com,,PME (50-200),B2C,APIEx,,Actif,2026-06-29T00:14:35.950621,moyenne
BJ-47D1B112,Société International,Finance & Assurance,Bopa,+229 21 98 75 80,,sociétéinternational.bj,PME (10-50),B2B,APIEx,,Actif,2026-06-29T00:14:35.950638,moyenne
BJ-D0820262,Cabinet Protection SA Bopa,Finance & Assurance,Bopa,+229 28 10 29 82,,cabinetprotectionsabopa.bj,PME (50-200),B2C,APIEx,,Actif,2026-06-29T00:14:35.950649,moyenne
BJ-5C1C4F1A,Investissement Bank,Finance & Assurance,Bopa,+229 28 49 86 35,investissement.bank@investissement.bank.bj,investissementbank.bj,Grande (>200),B2B,APIEx,,Actif,2026-06-29T00:14:35.950662,haute
BJ-D0FBAC96,West,Finance & Assurance,Bopa,+229 42 33 44 71,west@west.net,,PME (50-200),B2B,APIEx,,Actif,2026-06-29T00:14:35.950673,moyenne
BJ-77696289,Sécurité International,Finance & Assurance,Bopa,+229 34 89 69 27,sécurité.international@sécurité.international.bj,,TPE (<10),B2B,APIEx,,Actif,2026-06-29T00:14:35.950686,moyenne
BJ-506226B5,Finance West,Finance & Assurance,Houéyogbé,+229 37 31 34 55,finance.west@finance.west.benin,,PME (50-200),B2C,APIEx,,Actif,2026-06-29T00:14:35.950706,moyenne
BJ-4351A566,Santé Bank,Finance & Assurance,Houéyogbé,+229 22 13 50 23,santé.bank@santé.bank.bj,santébank.bj,Grande (>200),B2C,APIEx,,Actif,2026-06-29T00:14:35.950726,haute
BJ-2A5C9E12,Assurance,Finance & Assurance,Houéyogbé,+229 25 24 55 63,assurance@assurance.com,assurance.bj,PME (10-50),B2C,APIEx,,Actif,2026-06-29T00:14:35.950739,haute
BJ-7700DBBC,Cabinet Crédit Capital,Finance & Assurance,Houéyogbé,+229 67 18 14 57,cabinet.crédit.capital@cabinet.crédit.capital.com,cabinetcréditcapital.bj,PME (50-200),B2B,APIEx,,Actif,2026-06-29T00:14:35.950754,haute
BJ-ED42D59A,Protection SA,Finance & Assurance,Malanville,+229 72 72 53 56,protection.sa@protection.sa.benin,protectionsa.bj,PME (10-50),B2C,APIEx,,Actif,2026-06-29T00:14:35.950784,haute
BJ-B1F4F57C,Bénin,Finance & Assurance,Malanville,+229 65 65 66 84,bénin@bénin.net,bénin.bj,TPE (<10),B2C,APIEx,,Actif,2026-06-29T00:14:35.950797,haute
BJ-51E992D3,Assurance Investissement SA,Finance & Assurance,Malanville,+229 81 57 33 95,assurance.investissement.sa@assurance.investissement.sa.benin,assuranceinvestissementsa.bj,PME (50-200),B2C,APIEx,,Actif,2026-06-29T00:14:35.950809,haute
BJ-6438851C,Société Santé SA Malanville,Finance & Assurance,Malanville,+229 84 24 86 38,société.santé.sa.malanville@société.santé.sa.malanville.benin,,PME (50-200),B2B,APIEx,,Actif,2026-06-29T00:14:35.950821,moyenne
BJ-B22276E8,Assurance National,Finance & Assurance,Malanville,+229 52 24 68 67,,assurancenational.bj,TPE (<10),B2C,APIEx,,Actif,2026-06-29T00:14:35.950833,moyenne
BJ-594D4CB7,Cabinet Crédit Invest,Finance & Assurance,Kandi,+229 48 27 83 22,cabinet.crédit.invest@cabinet.crédit.invest.org,cabinetcréditinvest.bj,PME (10-50),B2B,APIEx,,Actif,2026-06-29T00:14:35.950851,haute
BJ-FE69F52E,Bénin International,Finance & Assurance,Kandi,+229 31 66 71 55,bénin.international@bénin.international.benin,bénininternational.bj,PME (10-50),B2C,APIEx,,Actif,2026-06-29T00:14:35.950876,haute
BJ-44B25959,Cabinet Santé,Finance & Assurance,Kandi,+229 66 33 82 68,cabinet.santé@cabinet.santé.bj,,PME (50-200),B2B,APIEx,,Actif,2026-06-29T00:14:35.950918,moyenne
BJ-7B891703,Banque Assurance SA,Finance & Assurance,Banikoara,+229 73 59 17 20,banque.assurance.sa@banque.assurance.sa.com,,TPE (<10),B2B,APIEx,,Actif,2026-06-29T00:14:35.950936,moyenne
BJ-0ED59A37,West Capital,Finance & Assurance,Banikoara,+229 31 53 69 26,west.capital@west.capital.bj,westcapital.bj,PME (50-200),B2C,APIEx,,Actif,2026-06-29T00:14:35.950953,haute
BJ-FFAE9BEB,Protection SARL Banikoara,Finance & Assurance,Banikoara,+229 96 15 61 47,protection.sarl.banikoara@protection.sarl.banikoara.com,,Grande (>200),B2C,APIEx,,Actif,2026-06-29T00:14:35.950966,moyenne
BJ-9D5F6A31,Assurance Crédit Bank,Finance & Assurance,Banikoara,+229 55 54 87 82,assurance.crédit.bank@assurance.crédit.bank.org,assurancecréditbank.bj,PME (10-50),B2B,APIEx,,Actif,2026-06-29T00:14:35.950979,haute
BJ-30F96548,Groupe Sécurité,Finance & Assurance,Banikoara,+229 84 10 67 45,groupe.sécurité@groupe.sécurité.net,,PME (10-50),B2C,APIEx,,Actif,2026-06-29T00:14:35.950991,moyenne
BJ-51135509,Vie Ségbana,Finance & Assurance,Ségbana,+229 45 79 35 74,,vieségbana.bj,PME (50-200),B2B,APIEx,,Actif,2026-06-29T00:14:35.951009,moyenne
BJ-AA042199,Africa Invest Ségbana,Finance & Assurance,Ségbana,+229 21 22 16 43,africa.invest.ségbana@africa.invest.ségbana.bj,africainvestségbana.bj,PME (10-50),B2C,APIEx,,Actif,2026-06-29T00:14:35.951022,haute
BJ-97B8777E,Capital SA Ségbana,Finance & Assurance,Ségbana,+229 89 57 97 97,capital.sa.ségbana@capital.sa.ségbana.benin,capitalsaségbana.bj,Grande (>200),B2B,APIEx,,Actif,2026-06-29T00:14:35.951034,haute
BJ-253C606B,Banque International,Finance & Assurance,Ségbana,+229 30 27 72 93,banque.international@banque.international.org,,TPE (<10),B2C,APIEx,,Actif,2026-06-29T00:14:35.951062,moyenne
BJ-A4B3BC97,Société Bénin,Finance & Assurance,Karimama,+229 98 37 11 64,société.bénin@société.bénin.com,sociétébénin.bj,TPE (<10),B2C,APIEx,,Actif,2026-06-29T00:14:35.951084,haute
BJ-1CE06235,Crédit Finance,Finance & Assurance,Karimama,+229 56 76 86 98,crédit.finance@crédit.finance.com,,PME (10-50),B2C,APIEx,,Actif,2026-06-29T00:14:35.951096,moyenne
BJ-547C65CC,Cabinet Bénin,Finance & Assurance,Karimama,+229 76 70 11 17,cabinet.bénin@cabinet.bénin.benin,cabinetbénin.bj,TPE (<10),B2C,APIEx,,Actif,2026-06-29T00:14:35.951108,haute
BJ-69053BF6,Cabinet International Capital,Finance & Assurance,Karimama,+229 32 76 49 82,cabinet.international.capital@cabinet.international.capital.net,cabinetinternationalcapital.bj,PME (50-200),B2C,APIEx,,Actif,2026-06-29T00:14:35.951121,haute
BJ-D2982BC6,Bénin International,Finance & Assurance,Karimama,+229 81 33 19 60,bénin.international@bénin.international.org,,PME (50-200),B2B,APIEx,,Actif,2026-06-29T00:14:35.951132,moyenne
BJ-5E8AFEC4,Société Protection,Finance & Assurance,Gogounou,+229 24 29 35 58,société.protection@société.protection.net,sociétéprotection.bj,PME (50-200),B2B,APIEx,,Actif,2026-06-29T00:14:35.951153,haute
BJ-3994AE92,Société National Assurances,Finance & Assurance,Gogounou,+229 90 31 83 81,société.national.assurances@société.national.assurances.bj,sociéténationalassurances.bj,PME (10-50),B2B,APIEx,,Actif,2026-06-29T00:14:35.951169,haute
BJ-2C5D7381,Africa Gogounou,Finance & Assurance,Gogounou,+229 32 58 79 91,africa.gogounou@africa.gogounou.bj,africagogounou.bj,TPE (<10),B2C,APIEx,,Actif,2026-06-29T00:14:35.951182,haute
BJ-E1BB12F9,Cabinet Vie Gogounou,Finance & Assurance,Gogounou,+229 68 24 70 41,,cabinetviegogounou.bj,PME (10-50),B2B,APIEx,,Actif,2026-06-29T00:14:35.951199,moyenne
BJ-A56898F4,National Gogounou,Finance & Assurance,Gogounou,+229 30 15 82 65,national.gogounou@national.gogounou.net,,TPE (<10),B2B,APIEx,,Actif,2026-06-29T00:14:35.951211,moyenne
BJ-E85EDE1E,Banque Capital,Finance & Assurance,Cobly,+229 47 71 90 16,banque.capital@banque.capital.benin,banquecapital.bj,Grande (>200),B2C,APIEx,,Actif,2026-06-29T00:14:35.951229,haute
BJ-1B389A2A,Crédit Invest,Finance & Assurance,Cobly,+229 90 98 31 42,crédit.invest@crédit.invest.bj,créditinvest.bj,PME (10-50),B2C,APIEx,,Actif,2026-06-29T00:14:35.951242,haute
BJ-2AA6EE21,Société Assurance,Finance & Assurance,Cobly,+229 67 91 28 34,société.assurance@société.assurance.com,sociétéassurance.bj,TPE (<10),B2C,APIEx,,Actif,2026-06-29T00:14:35.951254,haute
BJ-E85AF8E8,Finance Vie Cobly,Finance & Assurance,Cobly,+229 64 58 93 44,finance.vie.cobly@finance.vie.cobly.org,,TPE (<10),B2B,APIEx,,Actif,2026-06-29T00:14:35.951265,moyenne
BJ-D2CB03BC,Cabinet Épargne SARL,Finance & Assurance,Cobly,+229 49 38 56 19,cabinet.épargne.sarl@cabinet.épargne.sarl.benin,cabinetépargnesarl.bj,PME (50-200),B2B,APIEx,,Actif,2026-06-29T00:14:35.951277,haute
BJ-32DC4A47,Vie SARL,Finance & Assurance,Tanguiéta,+229 86 55 60 33,vie.sarl@vie.sarl.net,viesarl.bj,TPE (<10),B2B,APIEx,,Actif,2026-06-29T00:14:35.951307,haute
BJ-B2396507,Banque Assurance Groupe,Finance & Assurance,Tanguiéta,+229 81 19 18 52,banque.assurance.groupe@banque.assurance.groupe.org,banqueassurancegroupe.bj,PME (50-200),B2C,APIEx,,Actif,2026-06-29T00:14:35.951320,haute
BJ-6C43DDD6,Groupe Épargne Bank,Finance & Assurance,Tanguiéta,+229 23 89 77 73,,,PME (50-200),B2B,APIEx,,Actif,2026-06-29T00:14:35.951334,basse
BJ-55EDBFED,Cabinet Assurance,Finance & Assurance,Tanguiéta,+229 43 73 26 52,cabinet.assurance@cabinet.assurance.benin,,PME (10-50),B2C,APIEx,,Actif,2026-06-29T00:14:35.951349,moyenne
BJ-0A8C11FD,Groupe Assurance Assurances,Finance & Assurance,Matéri,+229 36 75 21 78,groupe.assurance.assurances@groupe.assurance.assurances.benin,,TPE (<10),B2C,APIEx,,Actif,2026-06-29T00:14:35.951367,moyenne
BJ-59F9F1F7,Protection Assurances,Finance & Assurance,Matéri,+229 33 18 87 17,protection.assurances@protection.assurances.bj,protectionassurances.bj,TPE (<10),B2B,APIEx,,Actif,2026-06-29T00:14:35.951383,haute
BJ-4CFCF290,Assurance Assurance Bank,Finance & Assurance,Matéri,+229 38 67 93 72,assurance.assurance.bank@assurance.assurance.bank.com,assuranceassurancebank.bj,PME (50-200),B2C,APIEx,,Actif,2026-06-29T00:14:35.951395,haute
BJ-6F312355,Cabinet Assurance Finance Matéri,Finance & Assurance,Matéri,+229 30 63 13 24,cabinet.assurance.finance.matéri@cabinet.assurance.finance.matéri.bj,cabinetassurancefinancematéri.bj,TPE (<10),B2C,APIEx,,Actif,2026-06-29T00:14:35.951409,haute
BJ-BE3730E8,Cabinet Auto,Finance & Assurance,Matéri,+229 34 98 93 40,cabinet.auto@cabinet.auto.org,cabinetauto.bj,Grande (>200),B2B,APIEx,,Actif,2026-06-29T00:14:35.951424,haute
BJ-C99B8921,Société Sécurité,Finance & Assurance,Natitingou,+229 90 65 88 78,société.sécurité@société.sécurité.com,sociétésécurité.bj,TPE (<10),B2C,APIEx,,Actif,2026-06-29T00:14:35.951460,haute
BJ-1D35DFD1,Société Vie International,Finance & Assurance,Natitingou,+229 88 50 74 20,société.vie.international@société.vie.international.bj,sociétévieinternational.bj,PME (50-200),B2B,APIEx,,Actif,2026-06-29T00:14:35.951473,haute
BJ-3F00E978,Crédit Natitingou,Finance & Assurance,Natitingou,+229 59 97 81 73,crédit.natitingou@crédit.natitingou.net,,PME (10-50),B2B,APIEx,,Actif,2026-06-29T00:14:35.951485,moyenne
BJ-CA4E0828,Protection Invest,Finance & Assurance,Natitingou,+229 57 74 36 56,,,PME (10-50),B2C,APIEx,,Actif,2026-06-29T00:14:35.951498,basse
BJ-3E8AD231,Finance Bénin SA,Finance & Assurance,Toucountouna,+229 57 59 27 82,finance.bénin.sa@finance.bénin.sa.org,financebéninsa.bj,PME (50-200),B2B,APIEx,,Actif,2026-06-29T00:14:35.951529,haute
BJ-D8BF7A9B,Cabinet Capital,Finance & Assurance,Toucountouna,+229 62 87 23 77,cabinet.capital@cabinet.capital.net,cabinetcapital.bj,PME (50-200),B2B,APIEx,,Actif,2026-06-29T00:14:35.951541,haute
BJ-C68723D2,Assurance Auto Bank,Finance & Assurance,Toucountouna,+229 34 75 96 81,assurance.auto.bank@assurance.auto.bank.com,assuranceautobank.bj,PME (10-50),B2B,APIEx,,Actif,2026-06-29T00:14:35.951553,haute
BJ-16C8CB80,Groupe West,Finance & Assurance,Toucountouna,+229 33 37 92 72,,groupewest.bj,TPE (<10),B2C,APIEx,,Actif,2026-06-29T00:14:35.951564,moyenne
BJ-DE766FCE,National,Finance & Assurance,Toucountouna,+229 40 29 34 69,national@national.net,national.bj,PME (10-50),B2C,APIEx,,Actif,2026-06-29T00:14:35.951576,haute
BJ-349C176C,Finance West SA,Finance & Assurance,Boukoumbé,+229 62 80 99 89,finance.west.sa@finance.west.sa.org,financewestsa.bj,Grande (>200),B2C,APIEx,,Actif,2026-06-29T00:14:35.951593,haute
BJ-205BFAAA,Auto International,Finance & Assurance,Boukoumbé,+229 48 20 83 12,auto.international@auto.international.net,,TPE (<10),B2C,APIEx,,Actif,2026-06-29T00:14:35.951605,moyenne
BJ-4AF40C1B,Banque Auto SARL,Finance & Assurance,Boukoumbé,+229 51 91 20 58,banque.auto.sarl@banque.auto.sarl.benin,banqueautosarl.bj,PME (50-200),B2C,APIEx,,Actif,2026-06-29T00:14:35.951617,haute
BJ-5A00A92F,Société Vie,Finance & Assurance,Boukoumbé,+229 60 66 82 35,société.vie@société.vie.bj,,TPE (<10),B2C,APIEx,,Actif,2026-06-29T00:14:35.951632,moyenne
BJ-EF660787,Finance Investissement International,Finance & Assurance,Boukoumbé,+229 91 15 15 89,finance.investissement.international@finance.investissement.international.com,financeinvestissementinternational.bj,Grande (>200),B2B,APIEx,,Actif,2026-06-29T00:14:35.951645,haute
BJ-EF2C50DE,Protection,Finance & Assurance,Kouandé,+229 71 75 29 76,protection@protection.net,protection.bj,TPE (<10),B2B,APIEx,,Actif,2026-06-29T00:14:35.951666,haute
BJ-31FDCCA5,Protection Kouandé,Finance & Assurance,Kouandé,+229 90 38 65 79,protection.kouandé@protection.kouandé.net,,PME (50-200),B2C,APIEx,,Actif,2026-06-29T00:14:35.951680,moyenne
BJ-9912FCA7,Finance West,Finance & Assurance,Kouandé,+229 98 56 15 62,finance.west@finance.west.benin,financewest.bj,TPE (<10),B2B,APIEx,,Actif,2026-06-29T00:14:35.951693,haute
BJ-322AE3FE,Finance Santé,Finance & Assurance,Kouandé,+229 24 60 36 82,,financesanté.bj,PME (10-50),B2B,APIEx,,Actif,2026-06-29T00:14:35.951705,moyenne
BJ-B0247FA3,Capital SARL,Finance & Assurance,Kouandé,+229 60 58 12 44,capital.sarl@capital.sarl.com,capitalsarl.bj,PME (10-50),B2C,APIEx,,Actif,2026-06-29T00:14:35.951718,haute
BJ-13392DBF,Banque Assurance,Finance & Assurance,Péhunco,+229 70 12 53 67,,banqueassurance.bj,TPE (<10),B2B,APIEx,,Actif,2026-06-29T00:14:35.951737,moyenne
BJ-6A4A3195,Groupe Capital,Finance & Assurance,Péhunco,+229 47 32 49 37,,groupecapital.bj,PME (50-200),B2B,APIEx,,Actif,2026-06-29T00:14:35.951748,moyenne
BJ-49091ACF,Société Africa,Finance & Assurance,Péhunco,+229 97 21 42 75,société.africa@société.africa.bj,sociétéafrica.bj,PME (50-200),B2C,APIEx,,Actif,2026-06-29T00:14:35.951764,haute
BJ-45579D91,Assurance Capital Péhunco,Finance & Assurance,Péhunco,+229 36 44 92 67,assurance.capital.péhunco@assurance.capital.péhunco.org,assurancecapitalpéhunco.bj,PME (10-50),B2B,APIEx,,Actif,2026-06-29T00:14:35.951780,haute
BJ-45A038A6,West,Finance & Assurance,Péhunco,+229 80 67 82 15,,west.bj,PME (10-50),B2B,APIEx,,Actif,2026-06-29T00:14:35.951793,moyenne
BJ-7F02474D,Cabinet Santé Invest,Finance & Assurance,Tchaourou,+229 27 66 36 67,cabinet.santé.invest@cabinet.santé.invest.benin,,TPE (<10),B2B,APIEx,,Actif,2026-06-29T00:14:35.951811,moyenne
BJ-5BBAE595,Cabinet Auto Assurances,Finance & Assurance,Tchaourou,+229 49 33 38 70,,cabinetautoassurances.bj,PME (50-200),B2C,APIEx,,Actif,2026-06-29T00:14:35.951835,moyenne
BJ-77BD35D5,Société Protection,Finance & Assurance,Tchaourou,+229 85 87 43 83,société.protection@société.protection.net,sociétéprotection.bj,TPE (<10),B2B,APIEx,,Actif,2026-06-29T00:14:35.951848,haute
BJ-B6114049,Finance Crédit International,Finance & Assurance,Tchaourou,+229 68 86 83 96,,financecréditinternational.bj,Grande (>200),B2B,APIEx,,Actif,2026-06-29T00:14:35.951859,moyenne
BJ-1B31D283,Groupe Vie,Finance & Assurance,Nikki,+229 53 74 63 20,groupe.vie@groupe.vie.bj,,PME (10-50),B2B,APIEx,,Actif,2026-06-29T00:14:35.951911,moyenne
BJ-F4731564,West Assurances Nikki,Finance & Assurance,Nikki,+229 67 92 15 20,west.assurances.nikki@west.assurances.nikki.org,westassurancesnikki.bj,TPE (<10),B2B,APIEx,,Actif,2026-06-29T00:14:35.951929,haute
BJ-DCAEAC4B,Vie SA,Finance & Assurance,Nikki,+229 80 51 87 90,vie.sa@vie.sa.benin,viesa.bj,TPE (<10),B2C,APIEx,,Actif,2026-06-29T00:14:35.951946,haute
BJ-486DC745,Assurance Auto SA,Finance & Assurance,Nikki,+229 58 57 99 37,assurance.auto.sa@assurance.auto.sa.bj,assuranceautosa.bj,TPE (<10),B2C,APIEx,,Actif,2026-06-29T00:14:35.951960,haute
BJ-32C606F9,Groupe Crédit International Bembéréké,Finance & Assurance,Bembéréké,+229 90 72 39 14,groupe.crédit.international.bembéréké@groupe.crédit.international.bembéréké.com,,PME (10-50),B2B,APIEx,,Actif,2026-06-29T00:14:35.951981,moyenne
BJ-223122B9,Cabinet West Bembéréké,Finance & Assurance,Bembéréké,+229 78 37 41 34,cabinet.west.bembéréké@cabinet.west.bembéréké.bj,cabinetwestbembéréké.bj,TPE (<10),B2C,APIEx,,Actif,2026-06-29T00:14:35.951995,haute
BJ-7402180B,Banque International Finance,Finance & Assurance,Bembéréké,+229 64 36 63 82,banque.international.finance@banque.international.finance.com,,PME (10-50),B2C,APIEx,,Actif,2026-06-29T00:14:35.952008,moyenne
BJ-455711B0,Finance Protection,Finance & Assurance,Bembéréké,+229 37 37 14 47,finance.protection@finance.protection.bj,financeprotection.bj,TPE (<10),B2B,APIEx,,Actif,2026-06-29T00:14:35.952020,haute
BJ-712EE12F,West Invest Bembéréké,Finance & Assurance,Bembéréké,+229 65 63 81 27,,westinvestbembéréké.bj,PME (50-200),B2B,APIEx,,Actif,2026-06-29T00:14:35.952032,moyenne
BJ-B850FB22,Sécurité,Finance & Assurance,Kalalé,+229 29 84 69 70,sécurité@sécurité.benin,,PME (50-200),B2B,APIEx,,Actif,2026-06-29T00:14:35.952050,moyenne
BJ-4A5930EA,National Kalalé,Finance & Assurance,Kalalé,+229 48 61 36 12,national.kalalé@national.kalalé.net,nationalkalalé.bj,PME (10-50),B2C,APIEx,,Actif,2026-06-29T00:14:35.952077,haute
BJ-C7B6CE20,Africa,Finance & Assurance,Ndali,+229 93 90 49 33,africa@africa.net,africa.bj,PME (50-200),B2B,APIEx,,Actif,2026-06-29T00:14:35.952128,haute
BJ-7B6B9FAC,National Groupe,Finance & Assurance,Ndali,+229 29 42 38 19,national.groupe@national.groupe.org,,PME (10-50),B2B,APIEx,,Actif,2026-06-29T00:14:35.952145,moyenne
BJ-4948A87B,Assurance SA,Finance & Assurance,Ndali,+229 96 64 31 63,assurance.sa@assurance.sa.org,assurancesa.bj,PME (10-50),B2B,APIEx,,Actif,2026-06-29T00:14:35.952159,haute
BJ-B290F3A1,Cabinet Santé,Finance & Assurance,Ndali,+229 94 67 63 24,cabinet.santé@cabinet.santé.org,cabinetsanté.bj,TPE (<10),B2C,APIEx,,Actif,2026-06-29T00:14:35.952172,haute
BJ-20545851,West,Finance & Assurance,Ségbana,+229 48 29 73 22,west@west.org,,PME (10-50),B2C,APIEx,,Actif,2026-06-29T00:14:35.952204,moyenne
BJ-036C0830,Banque Santé Assurances,Finance & Assurance,Ségbana,+229 58 83 34 23,banque.santé.assurances@banque.santé.assurances.org,,PME (50-200),B2B,APIEx,,Actif,2026-06-29T00:14:35.952229,moyenne
BJ-974DC678,Société Sécurité,Finance & Assurance,Ségbana,+229 60 88 79 49,société.sécurité@société.sécurité.org,sociétésécurité.bj,TPE (<10),B2B,APIEx,,Actif,2026-06-29T00:14:35.952245,haute
BJ-1E12F90C,Santé Bank,Finance & Assurance,Ségbana,+229 50 50 93 90,santé.bank@santé.bank.net,,PME (50-200),B2C,APIEx,,Actif,2026-06-29T00:14:35.952258,moyenne
BJ-184DCC6F,Crédit Groupe Tchaourou,Finance & Assurance,Tchaourou,+229 75 96 46 67,,,PME (10-50),B2B,APIEx,,Actif,2026-06-29T00:14:35.952276,basse
BJ-44FAA113,Santé Tchaourou,Finance & Assurance,Tchaourou,+229 93 89 96 74,santé.tchaourou@santé.tchaourou.com,,TPE (<10),B2C,APIEx,,Actif,2026-06-29T00:14:35.952288,moyenne
BJ-D80ED6E2,Assurance Auto,Finance & Assurance,Tchaourou,+229 88 37 49 82,assurance.auto@assurance.auto.com,,PME (10-50),B2C,APIEx,,Actif,2026-06-29T00:14:35.952299,moyenne
BJ-1A9F8318,Auto,Finance & Assurance,Tchaourou,+229 97 47 93 66,auto@auto.org,,PME (10-50),B2B,APIEx,,Actif,2026-06-29T00:14:35.952310,moyenne
BJ-DE6EF24A,Bénin Tchaourou,Finance & Assurance,Tchaourou,+229 69 96 81 41,bénin.tchaourou@bénin.tchaourou.benin,bénintchaourou.bj,PME (10-50),B2B,APIEx,,Actif,2026-06-29T00:14:35.952324,haute
BJ-46499E9E,Assurance Investissement,Finance & Assurance,Bétérou,+229 54 47 29 69,,assuranceinvestissement.bj,PME (50-200),B2B,APIEx,,Actif,2026-06-29T00:14:35.952341,moyenne
BJ-5A2864C9,Santé International,Finance & Assurance,Bétérou,+229 52 54 92 39,santé.international@santé.international.bj,,TPE (<10),B2C,APIEx,,Actif,2026-06-29T00:14:35.952353,moyenne
BJ-CFEDCE73,Santé Bank,Finance & Assurance,Bétérou,+229 44 93 13 54,santé.bank@santé.bank.benin,,PME (50-200),B2C,APIEx,,Actif,2026-06-29T00:14:35.952365,moyenne
BJ-779D297A,Société Auto SARL,Finance & Assurance,Bétérou,+229 89 44 28 28,société.auto.sarl@société.auto.sarl.org,sociétéautosarl.bj,PME (50-200),B2C,APIEx,,Actif,2026-06-29T00:14:35.952381,haute
BJ-5135649D,Bénin,Finance & Assurance,Ouessè,+229 55 77 87 78,,,Grande (>200),B2C,APIEx,,Actif,2026-06-29T00:14:35.952412,basse
BJ-D83A7084,Groupe Crédit Invest Ouessè,Finance & Assurance,Ouessè,+229 66 75 93 43,groupe.crédit.invest.ouessè@groupe.crédit.invest.ouessè.org,groupecréditinvestouessè.bj,TPE (<10),B2B,APIEx,,Actif,2026-06-29T00:14:35.952425,haute
BJ-5296E7C6,Société National SARL,Finance & Assurance,Ouessè,+229 74 95 74 98,société.national.sarl@société.national.sarl.benin,sociéténationalsarl.bj,TPE (<10),B2C,APIEx,,Actif,2026-06-29T00:14:35.952438,haute
BJ-9C914084,Société Sécurité,Finance & Assurance,Ouessè,+229 61 20 85 21,,sociétésécurité.bj,PME (10-50),B2B,APIEx,,Actif,2026-06-29T00:14:35.952453,moyenne
BJ-7B2BF1A1,Banque Santé Finance,Finance & Assurance,Ouessè,+229 65 26 43 27,,banquesantéfinance.bj,PME (10-50),B2B,APIEx,,Actif,2026-06-29T00:14:35.952465,moyenne
BJ-3B93B41F,Groupe Africa,Finance & Assurance,Glazoué,+229 68 33 38 11,groupe.africa@groupe.africa.com,,PME (10-50),B2C,APIEx,,Actif,2026-06-29T00:14:35.952483,moyenne
BJ-7A41BC9D,International Assurances,Finance & Assurance,Glazoué,+229 59 70 65 24,international.assurances@international.assurances.bj,,PME (50-200),B2B,APIEx,,Actif,2026-06-29T00:14:35.952495,moyenne
BJ-3596C1DA,Finance National SARL,Finance & Assurance,Glazoué,+229 97 50 58 97,finance.national.sarl@finance.national.sarl.benin,financenationalsarl.bj,TPE (<10),B2C,APIEx,,Actif,2026-06-29T00:14:35.952507,haute
BJ-0C4054C4,Société Protection,Finance & Assurance,Glazoué,+229 49 20 46 85,société.protection@société.protection.net,,PME (10-50),B2B,APIEx,,Actif,2026-06-29T00:14:35.952523,moyenne
BJ-42D442C5,Groupe Sécurité SA Glazoué,Finance & Assurance,Glazoué,+229 73 24 53 31,,groupesécuritésaglazoué.bj,PME (10-50),B2B,APIEx,,Actif,2026-06-29T00:14:35.952535,moyenne
BJ-3EABA1B0,Bénin Bank,Finance & Assurance,Dassa-Zoumè,+229 60 99 31 43,bénin.bank@bénin.bank.net,béninbank.bj,PME (10-50),B2B,APIEx,,Actif,2026-06-29T00:14:35.952553,haute
BJ-C58526C8,Capital,Finance & Assurance,Dassa-Zoumè,+229 71 10 16 73,capital@capital.benin,capital.bj,PME (50-200),B2B,APIEx,,Actif,2026-06-29T00:14:35.952565,haute
BJ-FA8A45C8,Santé Assurances,Finance & Assurance,Dassa-Zoumè,+229 99 55 36 28,santé.assurances@santé.assurances.com,santéassurances.bj,PME (50-200),B2B,APIEx,,Actif,2026-06-29T00:14:35.952590,haute
BJ-3929D869,Santé SARL,Finance & Assurance,Dassa-Zoumè,+229 91 59 38 89,santé.sarl@santé.sarl.org,,TPE (<10),B2B,APIEx,,Actif,2026-06-29T00:14:35.952601,moyenne
BJ-B1D3C36C,Auto,Finance & Assurance,Savalou,+229 71 57 76 74,,auto.bj,PME (10-50),B2B,APIEx,,Actif,2026-06-29T00:14:35.952621,moyenne
BJ-19188156,Banque Bénin Capital,Finance & Assurance,Savalou,+229 44 64 69 82,banque.bénin.capital@banque.bénin.capital.benin,banquebénincapital.bj,PME (10-50),B2C,APIEx,,Actif,2026-06-29T00:14:35.952652,haute
BJ-B2E72754,West SA,Finance & Assurance,Savalou,+229 81 81 51 15,west.sa@west.sa.benin,westsa.bj,PME (10-50),B2B,APIEx,,Actif,2026-06-29T00:14:35.952668,haute
BJ-BDC8B64C,Assurance National Finance,Finance & Assurance,Savalou,+229 81 56 33 35,assurance.national.finance@assurance.national.finance.benin,assurancenationalfinance.bj,TPE (<10),B2C,APIEx,,Actif,2026-06-29T00:14:35.952689,haute
BJ-27FD9DA1,Épargne SA,Finance & Assurance,Savalou,+229 70 72 43 60,épargne.sa@épargne.sa.benin,épargnesa.bj,TPE (<10),B2B,APIEx,,Actif,2026-06-29T00:14:35.952702,haute
BJ-49765E61,Assurance Vie,Finance & Assurance,Bantè,+229 41 51 11 92,assurance.vie@assurance.vie.com,assurancevie.bj,TPE (<10),B2C,APIEx,,Actif,2026-06-29T00:14:35.952721,haute
BJ-F774346B,Cabinet Auto Capital Bantè,Finance & Assurance,Bantè,+229 40 68 45 79,,,TPE (<10),B2B,APIEx,,Actif,2026-06-29T00:14:35.952731,basse
BJ-A9A737CC,Vie Invest,Finance & Assurance,Bantè,+229 97 14 71 91,vie.invest@vie.invest.bj,,PME (10-50),B2C,APIEx,,Actif,2026-06-29T00:14:35.952742,moyenne
BJ-8A1AC40E,Banque Protection,Finance & Assurance,Bantè,+229 49 71 52 57,banque.protection@banque.protection.benin,banqueprotection.bj,TPE (<10),B2B,APIEx,,Actif,2026-06-29T00:14:35.952755,haute
BJ-06438918,Capital Finance,Finance & Assurance,Bantè,+229 80 86 94 19,capital.finance@capital.finance.org,capitalfinance.bj,TPE (<10),B2C,APIEx,,Actif,2026-06-29T00:14:35.952767,haute
BJ-E1182D91,Protection Capital,Finance & Assurance,Djougou,+229 38 98 25 43,protection.capital@protection.capital.com,protectioncapital.bj,PME (50-200),B2C,APIEx,,Actif,2026-06-29T00:14:35.952783,haute
BJ-CE663B03,International Bank,Finance & Assurance,Djougou,+229 61 24 53 57,,internationalbank.bj,PME (10-50),B2B,APIEx,,Actif,2026-06-29T00:14:35.952794,moyenne
BJ-6C5A641A,West SARL,Finance & Assurance,Djougou,+229 91 58 87 85,,westsarl.bj,PME (10-50),B2C,APIEx,,Actif,2026-06-29T00:14:35.952804,moyenne
BJ-F828A8BD,Cabinet National Djougou,Finance & Assurance,Djougou,+229 21 25 42 91,,,Grande (>200),B2B,APIEx,,Actif,2026-06-29T00:14:35.952817,basse
BJ-7A90D8D0,Finance West Groupe,Finance & Assurance,Djougou,+229 79 50 13 56,,financewestgroupe.bj,PME (50-200),B2B,APIEx,,Actif,2026-06-29T00:14:35.952828,moyenne
BJ-33F1B0E4,Finance Vie,Finance & Assurance,Ouèssè,+229 44 60 23 90,,financevie.bj,PME (10-50),B2B,APIEx,,Actif,2026-06-29T00:14:35.952848,moyenne
BJ-5F3755D7,Épargne Assurances Ouèssè,Finance & Assurance,Ouèssè,+229 71 82 73 50,épargne.assurances.ouèssè@épargne.assurances.ouèssè.bj,épargneassurancesouèssè.bj,TPE (<10),B2C,APIEx,,Actif,2026-06-29T00:14:35.952865,haute
BJ-0C6F1217,International Capital,Finance & Assurance,Ouèssè,+229 76 50 20 50,international.capital@international.capital.bj,internationalcapital.bj,PME (10-50),B2C,APIEx,,Actif,2026-06-29T00:14:35.952910,haute
BJ-EBB6AB6E,Société Bénin Bank,Finance & Assurance,Ouèssè,+229 52 39 60 95,société.bénin.bank@société.bénin.bank.net,,TPE (<10),B2B,APIEx,,Actif,2026-06-29T00:14:35.952924,moyenne
BJ-A5C3979B,Protection Finance Ouèssè,Finance & Assurance,Ouèssè,+229 68 84 74 18,protection.finance.ouèssè@protection.finance.ouèssè.net,,TPE (<10),B2B,APIEx,,Actif,2026-06-29T00:14:35.952937,moyenne
BJ-146E59F9,Santé Invest,Finance & Assurance,Bassila,+229 59 62 90 91,santé.invest@santé.invest.org,santéinvest.bj,PME (10-50),B2C,APIEx,,Actif,2026-06-29T00:14:35.952956,haute
BJ-4090E143,West Bank,Finance & Assurance,Bassila,+229 86 73 36 98,west.bank@west.bank.bj,westbank.bj,PME (10-50),B2B,APIEx,,Actif,2026-06-29T00:14:35.952972,haute
BJ-DDAC4512,Assurance SA,Finance & Assurance,Bassila,+229 38 68 89 36,assurance.sa@assurance.sa.benin,assurancesa.bj,TPE (<10),B2C,APIEx,,Actif,2026-06-29T00:14:35.952985,haute
BJ-007EEB49,Auto Finance,Finance & Assurance,Bassila,+229 64 69 46 78,,autofinance.bj,TPE (<10),B2B,APIEx,,Actif,2026-06-29T00:14:35.952998,moyenne
BJ-151FA482,Assurance Auto Invest,Finance & Assurance,Bassila,+229 74 17 93 28,assurance.auto.invest@assurance.auto.invest.org,assuranceautoinvest.bj,Grande (>200),B2C,APIEx,,Actif,2026-06-29T00:14:35.953011,haute
BJ-9FD58C59,Banque Assurance SA Pehunco,Finance & Assurance,Pehunco,+229 58 51 20 29,banque.assurance.sa.pehunco@banque.assurance.sa.pehunco.bj,banqueassurancesapehunco.bj,TPE (<10),B2B,APIEx,,Actif,2026-06-29T00:14:35.953030,haute
BJ-E328440D,Groupe Protection SA,Finance & Assurance,Pehunco,+229 79 92 51 81,groupe.protection.sa@groupe.protection.sa.benin,,PME (50-200),B2C,APIEx,,Actif,2026-06-29T00:14:35.953042,moyenne
BJ-C9802CFE,Société West Pehunco,Finance & Assurance,Pehunco,+229 40 63 86 79,société.west.pehunco@société.west.pehunco.bj,,PME (10-50),B2C,APIEx,,Actif,2026-06-29T00:14:35.953054,moyenne
BJ-F37135F6,Finance Santé International Pehunco,Finance & Assurance,Pehunco,+229 98 62 99 30,finance.santé.international.pehunco@finance.santé.international.pehunco.com,,PME (50-200),B2C,APIEx,,Actif,2026-06-29T00:14:35.953066,moyenne
BJ-8788F702,National International,Finance & Assurance,Pehunco,+229 44 14 95 76,,nationalinternational.bj,PME (10-50),B2C,APIEx,,Actif,2026-06-29T00:14:35.953077,moyenne
BJ-25DDD0F1,Finance Auto Copargo,Finance & Assurance,Copargo,+229 24 18 39 54,finance.auto.copargo@finance.auto.copargo.org,financeautocopargo.bj,PME (10-50),B2C,APIEx,,Actif,2026-06-29T00:14:35.953098,haute
BJ-08D7BF21,National Finance,Finance & Assurance,Copargo,+229 32 87 99 91,,nationalfinance.bj,TPE (<10),B2C,APIEx,,Actif,2026-06-29T00:14:35.953109,moyenne
BJ-F1FBC102,Santé Invest,Finance & Assurance,Copargo,+229 34 62 18 65,santé.invest@santé.invest.org,santéinvest.bj,TPE (<10),B2B,APIEx,,Actif,2026-06-29T00:14:35.953121,haute
BJ-6F97B274,Crédit,Finance & Assurance,Copargo,+229 60 36 39 10,crédit@crédit.bj,crédit.bj,PME (10-50),B2B,APIEx,,Actif,2026-06-29T00:14:35.953136,haute
BJ-C75E0FDC,Groupe Vie,Finance & Assurance,Copargo,+229 97 77 72 12,groupe.vie@groupe.vie.org,,PME (50-200),B2B,APIEx,,Actif,2026-06-29T00:14:35.953148,moyenne
BJ-C8BE29BC,Express Livraison Logistique,Transport & Logistique,Cotonou,+229 87 13 89 80,express.livraison.logistique@express.livraison.logistique.bj,,TPE (<10),B2C,APIEx,,Actif,2026-06-29T00:14:35.953167,moyenne
BJ-0916E7BA,Fret Delivery,Transport & Logistique,Cotonou,+229 36 60 87 14,fret.delivery@fret.delivery.bj,,PME (10-50),B2C,APIEx,,Actif,2026-06-29T00:14:35.953179,moyenne
BJ-63FF6F7A,Rapide,Transport & Logistique,Cotonou,+229 41 13 97 98,rapide@rapide.com,,Grande (>200),B2B,APIEx,,Actif,2026-06-29T00:14:35.953191,moyenne
BJ-E8BFA0BD,Express Route Africa,Transport & Logistique,Cotonou,+229 63 88 47 93,,expressrouteafrica.bj,PME (10-50),B2C,APIEx,,Actif,2026-06-29T00:14:35.953201,moyenne
BJ-3A1C550F,Groupe Cargo,Transport & Logistique,Cotonou,+229 77 87 34 12,groupe.cargo@groupe.cargo.org,groupecargo.bj,TPE (<10),B2C,APIEx,,Actif,2026-06-29T00:14:35.953213,haute
BJ-2150701F,Groupe Express,Transport & Logistique,Abomey-Calavi,+229 48 17 61 28,groupe.express@groupe.express.org,groupeexpress.bj,TPE (<10),B2C,APIEx,,Actif,2026-06-29T00:14:35.953230,haute
BJ-65EF4DCF,Route Africa,Transport & Logistique,Abomey-Calavi,+229 33 77 74 97,,routeafrica.bj,TPE (<10),B2B,APIEx,,Actif,2026-06-29T00:14:35.953241,moyenne
BJ-AD717B73,Livraison,Transport & Logistique,Abomey-Calavi,+229 81 86 39 63,livraison@livraison.bj,,PME (50-200),B2B,APIEx,,Actif,2026-06-29T00:14:35.953252,moyenne
BJ-632ACB04,Rapide Déménagement,Transport & Logistique,Abomey-Calavi,+229 93 53 78 29,,,TPE (<10),B2C,APIEx,,Actif,2026-06-29T00:14:35.953269,basse
BJ-E04371F7,Express Maritime Africa,Transport & Logistique,Abomey-Calavi,+229 64 35 52 28,,,TPE (<10),B2C,APIEx,,Actif,2026-06-29T00:14:35.953280,basse
BJ-7AB1FEF8,Groupe Messagerie,Transport & Logistique,Porto-Novo,+229 62 48 59 90,groupe.messagerie@groupe.messagerie.net,groupemessagerie.bj,PME (10-50),B2B,APIEx,,Actif,2026-06-29T00:14:35.953297,haute
BJ-D7988EE6,Express International,Transport & Logistique,Porto-Novo,+229 40 50 86 61,,expressinternational.bj,PME (10-50),B2B,APIEx,,Actif,2026-06-29T00:14:35.953311,moyenne
BJ-B45669C6,Livraison Bénin,Transport & Logistique,Porto-Novo,+229 51 31 76 53,livraison.bénin@livraison.bénin.com,livraisonbénin.bj,PME (50-200),B2B,APIEx,,Actif,2026-06-29T00:14:35.953324,haute
BJ-4F333A72,Rapide Porto-Novo,Transport & Logistique,Porto-Novo,+229 35 62 22 42,rapide.portonovo@rapide.portonovo.com,rapideportonovo.bj,PME (10-50),B2B,APIEx,,Actif,2026-06-29T00:14:35.953336,haute
BJ-FD235ECE,Rapide Fret Porto-Novo,Transport & Logistique,Porto-Novo,+229 91 41 40 83,,,PME (10-50),B2B,APIEx,,Actif,2026-06-29T00:14:35.953346,basse
BJ-EDE625C5,Rapide Maritime,Transport & Logistique,Parakou,+229 58 51 46 67,rapide.maritime@rapide.maritime.net,,TPE (<10),B2B,APIEx,,Actif,2026-06-29T00:14:35.953363,moyenne
BJ-D426F106,Logistique Déménagement,Transport & Logistique,Parakou,+229 92 89 49 55,logistique.déménagement@logistique.déménagement.net,logistiquedéménagement.bj,TPE (<10),B2C,APIEx,,Actif,2026-06-29T00:14:35.953376,haute
BJ-B4524F8C,Rapide Distribution SARL,Transport & Logistique,Parakou,+229 78 63 40 86,rapide.distribution.sarl@rapide.distribution.sarl.benin,rapidedistributionsarl.bj,PME (50-200),B2B,APIEx,,Actif,2026-06-29T00:14:35.953388,haute
BJ-6B41336D,Transport Livraison Bénin Parakou,Transport & Logistique,Parakou,+229 97 83 50 21,transport.livraison.bénin.parakou@transport.livraison.bénin.parakou.com,transportlivraisonbéninparakou.bj,TPE (<10),B2B,APIEx,,Actif,2026-06-29T00:14:35.953405,haute
BJ-2F7FB945,Messagerie Parakou,Transport & Logistique,Parakou,+229 23 84 55 60,,,PME (50-200),B2B,APIEx,,Actif,2026-06-29T00:14:35.953415,basse
BJ-E558F279,Logistique Cargo,Transport & Logistique,Bohicon,+229 25 33 23 20,,logistiquecargo.bj,TPE (<10),B2B,APIEx,,Actif,2026-06-29T00:14:35.953431,moyenne
BJ-BEF9BFE0,Transit SARL,Transport & Logistique,Bohicon,+229 56 80 60 34,transit.sarl@transit.sarl.com,transitsarl.bj,PME (50-200),B2C,APIEx,,Actif,2026-06-29T00:14:35.953443,haute
BJ-6DA5EF4A,Aérien SARL,Transport & Logistique,Bohicon,+229 51 43 74 82,,,TPE (<10),B2B,APIEx,,Actif,2026-06-29T00:14:35.953453,basse
BJ-9622058E,Livraison,Transport & Logistique,Bohicon,+229 82 66 38 82,,,TPE (<10),B2B,APIEx,,Actif,2026-06-29T00:14:35.953463,basse
BJ-3243B004,Transport Rapide SARL,Transport & Logistique,Bohicon,+229 33 51 50 44,transport.rapide.sarl@transport.rapide.sarl.bj,,PME (50-200),B2B,APIEx,,Actif,2026-06-29T00:14:35.953474,moyenne
BJ-9BE319FB,Route SARL Natitingou,Transport & Logistique,Natitingou,+229 47 85 97 77,route.sarl.natitingou@route.sarl.natitingou.bj,,TPE (<10),B2B,APIEx,,Actif,2026-06-29T00:14:35.953530,moyenne
BJ-A9D1CA85,Cargo Natitingou,Transport & Logistique,Natitingou,+229 45 82 52 89,,,TPE (<10),B2B,APIEx,,Actif,2026-06-29T00:14:35.953541,basse
BJ-777C3058,Transport Livraison Africa,Transport & Logistique,Lokossa,+229 39 94 39 23,transport.livraison.africa@transport.livraison.africa.benin,transportlivraisonafrica.bj,PME (50-200),B2B,APIEx,,Actif,2026-06-29T00:14:35.953558,haute
BJ-696D24B9,Route Bénin,Transport & Logistique,Lokossa,+229 50 22 31 44,route.bénin@route.bénin.benin,,PME (50-200),B2B,APIEx,,Actif,2026-06-29T00:14:35.953570,moyenne
BJ-40FC5E84,Transit Express,Transport & Logistique,Lokossa,+229 64 95 17 48,transit.express@transit.express.benin,,TPE (<10),B2C,APIEx,,Actif,2026-06-29T00:14:35.953581,moyenne
BJ-54C0AAAB,Rapide Distribution Express,Transport & Logistique,Lokossa,+229 68 71 22 59,rapide.distribution.express@rapide.distribution.express.net,rapidedistributionexpress.bj,TPE (<10),B2B,APIEx,,Actif,2026-06-29T00:14:35.953593,haute
BJ-7D07306F,Rapide Messagerie Africa Lokossa,Transport & Logistique,Lokossa,+229 74 27 71 81,rapide.messagerie.africa.lokossa@rapide.messagerie.africa.lokossa.org,,PME (50-200),B2B,APIEx,,Actif,2026-06-29T00:14:35.953610,moyenne
BJ-ADAC84B5,Delivery Courrier Bénin,Transport & Logistique,Ouidah,+229 62 84 45 34,delivery.courrier.bénin@delivery.courrier.bénin.benin,deliverycourrierbénin.bj,TPE (<10),B2C,APIEx,,Actif,2026-06-29T00:14:35.953628,haute
BJ-18AB8911,Express Aérien Express Ouidah,Transport & Logistique,Ouidah,+229 49 56 42 97,,expressaérienexpressouidah.bj,PME (10-50),B2C,APIEx,,Actif,2026-06-29T00:14:35.953640,moyenne
BJ-94E842CB,Delivery Fret International,Transport & Logistique,Ouidah,+229 21 95 36 88,delivery.fret.international@delivery.fret.international.org,,TPE (<10),B2C,APIEx,,Actif,2026-06-29T00:14:35.953652,moyenne
BJ-48CE1C07,Transit Transport Ouidah,Transport & Logistique,Ouidah,+229 52 39 30 76,transit.transport.ouidah@transit.transport.ouidah.com,transittransportouidah.bj,Grande (>200),B2B,APIEx,,Actif,2026-06-29T00:14:35.953667,haute
BJ-FDC73AB5,Cargo Ouidah,Transport & Logistique,Ouidah,+229 25 86 72 53,cargo.ouidah@cargo.ouidah.net,,TPE (<10),B2B,APIEx,,Actif,2026-06-29T00:14:35.953679,moyenne
BJ-50A6AAB2,Messagerie SARL,Transport & Logistique,Savalou,+229 70 52 94 58,messagerie.sarl@messagerie.sarl.org,,TPE (<10),B2C,APIEx,,Actif,2026-06-29T00:14:35.953696,moyenne
BJ-E60A8351,Delivery Maritime,Transport & Logistique,Savalou,+229 43 32 22 93,delivery.maritime@delivery.maritime.com,deliverymaritime.bj,TPE (<10),B2C,APIEx,,Actif,2026-06-29T00:14:35.953707,haute
BJ-885C7ED2,Logistique Cargo Delivery,Transport & Logistique,Savalou,+229 35 26 17 15,logistique.cargo.delivery@logistique.cargo.delivery.org,,PME (50-200),B2C,APIEx,,Actif,2026-06-29T00:14:35.953719,moyenne
BJ-8C8715CB,Express Express Express Savalou,Transport & Logistique,Savalou,+229 85 80 45 82,express.express.express.savalou@express.express.express.savalou.bj,,PME (50-200),B2B,APIEx,,Actif,2026-06-29T00:14:35.953733,moyenne
BJ-6D94D8AE,Express Rapide,Transport & Logistique,Savalou,+229 79 68 65 90,express.rapide@express.rapide.com,expressrapide.bj,TPE (<10),B2C,APIEx,,Actif,2026-06-29T00:14:35.953745,haute
BJ-AF72AB02,Delivery Express,Transport & Logistique,Dassa-Zoumè,+229 57 45 85 76,,,TPE (<10),B2C,APIEx,,Actif,2026-06-29T00:14:35.953762,basse
BJ-D60D1564,Groupe Route Express,Transport & Logistique,Dassa-Zoumè,+229 88 58 23 65,groupe.route.express@groupe.route.express.benin,,TPE (<10),B2C,APIEx,,Actif,2026-06-29T00:14:35.953773,moyenne
BJ-C067C066,Groupe Transit Dassa-Zoumè,Transport & Logistique,Dassa-Zoumè,+229 70 76 48 84,groupe.transit.dassazoumè@groupe.transit.dassazoumè.net,groupetransitdassazoumè.bj,TPE (<10),B2C,APIEx,,Actif,2026-06-29T00:14:35.953786,haute
BJ-9E6A2A4A,Distribution Dassa-Zoumè,Transport & Logistique,Dassa-Zoumè,+229 78 40 23 87,,distributiondassazoumè.bj,TPE (<10),B2B,APIEx,,Actif,2026-06-29T00:14:35.953801,moyenne
BJ-C71AFFC7,Livraison Bénin,Transport & Logistique,Dassa-Zoumè,+229 70 11 12 41,livraison.bénin@livraison.bénin.org,,PME (10-50),B2B,APIEx,,Actif,2026-06-29T00:14:35.953829,moyenne
BJ-EECF89C6,Transit Africa,Transport & Logistique,Kétou,+229 51 22 83 96,,transitafrica.bj,PME (50-200),B2C,APIEx,,Actif,2026-06-29T00:14:35.953846,moyenne
BJ-7461BE59,Express Express Kétou,Transport & Logistique,Kétou,+229 70 70 85 99,,,Grande (>200),B2C,APIEx,,Actif,2026-06-29T00:14:35.953857,basse
BJ-B3435C8D,Maritime Africa,Transport & Logistique,Kétou,+229 59 37 12 80,maritime.africa@maritime.africa.org,,PME (50-200),B2B,APIEx,,Actif,2026-06-29T00:14:35.953868,moyenne
BJ-4FC7B7AA,Express Courrier Kétou,Transport & Logistique,Kétou,+229 59 55 85 37,,expresscourrierkétou.bj,PME (10-50),B2B,APIEx,,Actif,2026-06-29T00:14:35.953879,moyenne
BJ-16073265,Express Cargo Logistique,Transport & Logistique,Kétou,+229 93 84 81 90,express.cargo.logistique@express.cargo.logistique.benin,expresscargologistique.bj,PME (10-50),B2C,APIEx,,Actif,2026-06-29T00:14:35.953897,haute
BJ-6D4E496E,Urgent Covè,Transport & Logistique,Covè,+229 62 52 56 26,urgent.covè@urgent.covè.com,,TPE (<10),B2B,APIEx,,Actif,2026-06-29T00:14:35.953916,moyenne
BJ-4C9CD2C5,Express,Transport & Logistique,Covè,+229 89 19 22 48,,express.bj,TPE (<10),B2B,APIEx,,Actif,2026-06-29T00:14:35.953928,moyenne
BJ-697546F0,SARL Déménagement International,Transport & Logistique,Covè,+229 86 47 69 24,sarl.déménagement.international@sarl.déménagement.international.bj,sarldéménagementinternational.bj,PME (50-200),B2C,APIEx,,Actif,2026-06-29T00:14:35.953941,haute
BJ-6AAACF70,Rapide Maritime,Transport & Logistique,Covè,+229 98 66 89 34,rapide.maritime@rapide.maritime.benin,,TPE (<10),B2C,APIEx,,Actif,2026-06-29T00:14:35.953956,moyenne
BJ-A4AAB547,Maritime,Transport & Logistique,Covè,+229 40 57 19 90,maritime@maritime.com,maritime.bj,PME (10-50),B2B,APIEx,,Actif,2026-06-29T00:14:35.953971,haute
BJ-93057AA6,Rapide Fret Pobè,Transport & Logistique,Pobè,+229 80 98 97 27,,,PME (50-200),B2C,APIEx,,Actif,2026-06-29T00:14:35.953991,basse
BJ-C8FC4784,Rapide Aérien Pobè,Transport & Logistique,Pobè,+229 40 25 96 80,rapide.aérien.pobè@rapide.aérien.pobè.org,,PME (10-50),B2B,APIEx,,Actif,2026-06-29T00:14:35.954007,moyenne
BJ-03DB68F5,Livraison Logistique,Transport & Logistique,Pobè,+229 29 73 64 62,livraison.logistique@livraison.logistique.org,livraisonlogistique.bj,TPE (<10),B2B,APIEx,,Actif,2026-06-29T00:14:35.954019,haute
BJ-67C1976E,Express,Transport & Logistique,Pobè,+229 22 81 57 96,,express.bj,PME (50-200),B2C,APIEx,,Actif,2026-06-29T00:14:35.954031,moyenne
BJ-C02C6B9B,Delivery Messagerie,Transport & Logistique,Pobè,+229 82 23 61 51,delivery.messagerie@delivery.messagerie.org,deliverymessagerie.bj,PME (10-50),B2C,APIEx,,Actif,2026-06-29T00:14:35.954042,haute
BJ-209D9DA1,Rapide,Transport & Logistique,Sakété,+229 61 71 91 79,rapide@rapide.org,rapide.bj,TPE (<10),B2B,APIEx,,Actif,2026-06-29T00:14:35.954060,haute
BJ-9D11CE0D,Déménagement SARL,Transport & Logistique,Sakété,+229 69 58 11 98,déménagement.sarl@déménagement.sarl.com,déménagementsarl.bj,TPE (<10),B2C,APIEx,,Actif,2026-06-29T00:14:35.954072,haute
BJ-086753DA,Maritime Express,Transport & Logistique,Sakété,+229 76 37 63 69,maritime.express@maritime.express.benin,maritimeexpress.bj,PME (10-50),B2B,APIEx,,Actif,2026-06-29T00:14:35.954084,haute
BJ-EA7F39F8,Delivery Courrier Sakété,Transport & Logistique,Sakété,+229 22 97 13 26,delivery.courrier.sakété@delivery.courrier.sakété.bj,,TPE (<10),B2C,APIEx,,Actif,2026-06-29T00:14:35.954098,moyenne
BJ-4AACB6E0,Transport Transit,Transport & Logistique,Sakété,+229 60 86 65 32,,,PME (10-50),B2C,APIEx,,Actif,2026-06-29T00:14:35.954109,basse
BJ-80DA8CB1,Déménagement SARL,Transport & Logistique,Adjara,+229 88 90 14 45,,,PME (10-50),B2C,APIEx,,Actif,2026-06-29T00:14:35.954126,basse
BJ-7F0B86CE,Messagerie Adjara,Transport & Logistique,Adjara,+229 49 18 62 40,messagerie.adjara@messagerie.adjara.net,messagerieadjara.bj,Grande (>200),B2C,APIEx,,Actif,2026-06-29T00:14:35.954138,haute
BJ-D367F8BD,Delivery Rapide SARL Adjara,Transport & Logistique,Adjara,+229 57 71 90 64,delivery.rapide.sarl.adjara@delivery.rapide.sarl.adjara.net,deliveryrapidesarladjara.bj,Grande (>200),B2C,APIEx,,Actif,2026-06-29T00:14:35.954150,haute
BJ-E58CA0D8,Transport Urgent Transport,Transport & Logistique,Adjara,+229 44 94 75 93,,,PME (10-50),B2C,APIEx,,Actif,2026-06-29T00:14:35.954161,basse
BJ-0430014A,Rapide,Transport & Logistique,Adjara,+229 38 82 61 86,rapide@rapide.org,rapide.bj,PME (50-200),B2B,APIEx,,Actif,2026-06-29T00:14:35.954173,haute
BJ-CE77C2DB,Aérien,Transport & Logistique,Allada,+229 61 60 63 89,,aérien.bj,Grande (>200),B2B,APIEx,,Actif,2026-06-29T00:14:35.954189,moyenne
BJ-EF77B833,Cargo,Transport & Logistique,Allada,+229 70 49 60 90,,,PME (10-50),B2B,APIEx,,Actif,2026-06-29T00:14:35.954204,basse
BJ-4910BFEE,Messagerie,Transport & Logistique,Allada,+229 54 30 94 37,messagerie@messagerie.net,,PME (50-200),B2B,APIEx,,Actif,2026-06-29T00:14:35.954215,moyenne
BJ-7B6C1617,Distribution Transport Allada,Transport & Logistique,Allada,+229 42 56 77 79,,distributiontransportallada.bj,PME (10-50),B2B,APIEx,,Actif,2026-06-29T00:14:35.954241,moyenne
BJ-506568E3,Courrier Africa,Transport & Logistique,Aplahoué,+229 69 23 22 80,,,PME (10-50),B2C,APIEx,,Actif,2026-06-29T00:14:35.954256,basse
BJ-6B28EAA7,Delivery Messagerie,Transport & Logistique,Aplahoué,+229 89 59 62 81,,deliverymessagerie.bj,Grande (>200),B2C,APIEx,,Actif,2026-06-29T00:14:35.954268,moyenne
BJ-6281306B,Urgent,Transport & Logistique,Aplahoué,+229 93 53 33 17,,urgent.bj,PME (10-50),B2B,APIEx,,Actif,2026-06-29T00:14:35.954279,moyenne
BJ-A58918D1,Courrier,Transport & Logistique,Aplahoué,+229 23 13 18 85,,,PME (10-50),B2C,APIEx,,Actif,2026-06-29T00:14:35.954289,basse
BJ-99076BE3,Delivery Express,Transport & Logistique,Aplahoué,+229 68 94 30 75,delivery.express@delivery.express.benin,,PME (50-200),B2B,APIEx,,Actif,2026-06-29T00:14:35.954299,moyenne
BJ-A57F2134,Courrier,Transport & Logistique,Dogbo-Tota,+229 56 71 97 54,courrier@courrier.com,courrier.bj,TPE (<10),B2C,APIEx,,Actif,2026-06-29T00:14:35.954316,haute
BJ-A6274CD5,Logistique Route Express,Transport & Logistique,Dogbo-Tota,+229 80 22 70 29,,logistiquerouteexpress.bj,TPE (<10),B2B,APIEx,,Actif,2026-06-29T00:14:35.954327,moyenne
BJ-6F1F0ECE,Livraison Transport Dogbo-Tota,Transport & Logistique,Dogbo-Tota,+229 96 91 33 70,,livraisontransportdogbotota.bj,PME (10-50),B2C,APIEx,,Actif,2026-06-29T00:14:35.954341,moyenne
BJ-B61F20D6,Transport Messagerie SARL,Transport & Logistique,Dogbo-Tota,+229 54 61 26 22,transport.messagerie.sarl@transport.messagerie.sarl.com,transportmessageriesarl.bj,TPE (<10),B2C,APIEx,,Actif,2026-06-29T00:14:35.954357,haute
BJ-4A7FAE15,Messagerie,Transport & Logistique,Dogbo-Tota,+229 41 82 30 42,messagerie@messagerie.bj,messagerie.bj,PME (50-200),B2C,APIEx,,Actif,2026-06-29T00:14:35.954369,haute
BJ-DD3AF9BC,Messagerie,Transport & Logistique,Kpomassè,+229 91 11 12 24,messagerie@messagerie.com,messagerie.bj,TPE (<10),B2B,APIEx,,Actif,2026-06-29T00:14:35.954386,haute
BJ-50AA3700,Logistique Rapide Kpomassè,Transport & Logistique,Kpomassè,+229 93 74 52 60,,logistiquerapidekpomassè.bj,TPE (<10),B2C,APIEx,,Actif,2026-06-29T00:14:35.954398,moyenne
BJ-840B1342,Fret,Transport & Logistique,Kpomassè,+229 96 54 60 26,,fret.bj,TPE (<10),B2C,APIEx,,Actif,2026-06-29T00:14:35.954412,moyenne
BJ-3201BDAA,Rapide Messagerie,Transport & Logistique,Kpomassè,+229 74 92 40 66,rapide.messagerie@rapide.messagerie.org,,PME (10-50),B2C,APIEx,,Actif,2026-06-29T00:14:35.954424,moyenne
BJ-2A765280,Express,Transport & Logistique,Kpomassè,+229 34 96 95 17,express@express.com,,TPE (<10),B2B,APIEx,,Actif,2026-06-29T00:14:35.954435,moyenne
BJ-162B9496,Distribution SARL Tori-Bossito,Transport & Logistique,Tori-Bossito,+229 44 72 68 34,distribution.sarl.toribossito@distribution.sarl.toribossito.net,distributionsarltoribossito.bj,TPE (<10),B2B,APIEx,,Actif,2026-06-29T00:14:35.954454,haute
BJ-8E33E021,Urgent Bénin,Transport & Logistique,Tori-Bossito,+229 66 45 10 21,,,Grande (>200),B2B,APIEx,,Actif,2026-06-29T00:14:35.954465,basse
BJ-76D9D112,Rapide Déménagement,Transport & Logistique,Tori-Bossito,+229 32 60 51 20,,,PME (10-50),B2C,APIEx,,Actif,2026-06-29T00:14:35.954476,basse
BJ-400249D0,Delivery Maritime Express,Transport & Logistique,Tori-Bossito,+229 47 26 31 26,delivery.maritime.express@delivery.maritime.express.net,deliverymaritimeexpress.bj,TPE (<10),B2B,APIEx,,Actif,2026-06-29T00:14:35.954491,haute
BJ-85C35741,Delivery Déménagement,Transport & Logistique,Tori-Bossito,+229 75 69 70 88,,deliverydéménagement.bj,TPE (<10),B2C,APIEx,,Actif,2026-06-29T00:14:35.954510,moyenne
BJ-0229751B,Transport Transit Express,Transport & Logistique,Grand-Popo,+229 56 75 33 74,transport.transit.express@transport.transit.express.com,,PME (10-50),B2B,APIEx,,Actif,2026-06-29T00:14:35.954528,moyenne
BJ-5CC765C3,Maritime,Transport & Logistique,Grand-Popo,+229 81 82 82 70,maritime@maritime.net,,PME (10-50),B2C,APIEx,,Actif,2026-06-29T00:14:35.954540,moyenne
BJ-D90F4DB7,Déménagement Logistique,Transport & Logistique,Grand-Popo,+229 62 40 49 59,,,PME (50-200),B2B,APIEx,,Actif,2026-06-29T00:14:35.954550,basse
BJ-5E8195AD,Messagerie,Transport & Logistique,Grand-Popo,+229 44 90 40 67,,,PME (50-200),B2C,APIEx,,Actif,2026-06-29T00:14:35.954572,basse
BJ-6AE0D3E1,Maritime Transport,Transport & Logistique,Athiémé,+229 71 79 58 65,maritime.transport@maritime.transport.benin,maritimetransport.bj,TPE (<10),B2B,APIEx,,Actif,2026-06-29T00:14:35.954589,haute
BJ-E7BDA468,Delivery Express Africa,Transport & Logistique,Athiémé,+229 38 97 92 25,,,PME (10-50),B2C,APIEx,,Actif,2026-06-29T00:14:35.954599,basse
BJ-AB046CB4,Messagerie Express,Transport & Logistique,Athiémé,+229 64 79 29 11,,messagerieexpress.bj,TPE (<10),B2C,APIEx,,Actif,2026-06-29T00:14:35.954610,moyenne
BJ-2864437B,Transit Athiémé,Transport & Logistique,Athiémé,+229 20 37 64 13,,transitathiémé.bj,TPE (<10),B2B,APIEx,,Actif,2026-06-29T00:14:35.954627,moyenne
BJ-9DC07F0B,Groupe Messagerie Athiémé,Transport & Logistique,Athiémé,+229 54 37 39 91,groupe.messagerie.athiémé@groupe.messagerie.athiémé.org,groupemessagerieathiémé.bj,PME (10-50),B2B,APIEx,,Actif,2026-06-29T00:14:35.954640,haute
BJ-164B6C66,Maritime Logistique Bopa,Transport & Logistique,Bopa,+229 77 74 87 76,,maritimelogistiquebopa.bj,PME (10-50),B2C,APIEx,,Actif,2026-06-29T00:14:35.954658,moyenne
BJ-27BAB67B,Express Transit Delivery,Transport & Logistique,Bopa,+229 62 46 38 70,,,PME (10-50),B2C,APIEx,,Actif,2026-06-29T00:14:35.954668,basse
BJ-BFECAB2A,Courrier Bopa,Transport & Logistique,Bopa,+229 24 46 50 44,courrier.bopa@courrier.bopa.net,,PME (10-50),B2B,APIEx,,Actif,2026-06-29T00:14:35.954683,moyenne
BJ-B31E6477,SARL Rapide Bénin Bopa,Transport & Logistique,Bopa,+229 28 86 51 36,,sarlrapidebéninbopa.bj,Grande (>200),B2C,APIEx,,Actif,2026-06-29T00:14:35.954695,moyenne
BJ-A8E8FD66,Déménagement Bopa,Transport & Logistique,Bopa,+229 57 92 98 51,,,PME (50-200),B2B,APIEx,,Actif,2026-06-29T00:14:35.954706,basse
BJ-07D960F0,SARL Aérien Africa,Transport & Logistique,Houéyogbé,+229 66 90 86 88,sarl.aérien.africa@sarl.aérien.africa.bj,,TPE (<10),B2B,APIEx,,Actif,2026-06-29T00:14:35.954723,moyenne
BJ-5C376989,Messagerie,Transport & Logistique,Houéyogbé,+229 47 32 48 26,,,PME (10-50),B2C,APIEx,,Actif,2026-06-29T00:14:35.954735,basse
BJ-A9110394,Cargo,Transport & Logistique,Houéyogbé,+229 45 14 45 28,cargo@cargo.bj,,PME (50-200),B2C,APIEx,,Actif,2026-06-29T00:14:35.954760,moyenne
BJ-E0F3AA5F,Rapide,Transport & Logistique,Houéyogbé,+229 38 49 96 64,,,TPE (<10),B2B,APIEx,,Actif,2026-06-29T00:14:35.954771,basse
BJ-FE704352,Rapide Transport,Transport & Logistique,Malanville,+229 25 35 94 23,,rapidetransport.bj,Grande (>200),B2B,APIEx,,Actif,2026-06-29T00:14:35.954788,moyenne
BJ-865E32A9,Déménagement Delivery,Transport & Logistique,Malanville,+229 38 61 85 55,déménagement.delivery@déménagement.delivery.org,,TPE (<10),B2C,APIEx,,Actif,2026-06-29T00:14:35.954800,moyenne
BJ-F4E05B31,Transport Route Africa,Transport & Logistique,Malanville,+229 39 36 94 31,transport.route.africa@transport.route.africa.org,transportrouteafrica.bj,Grande (>200),B2B,APIEx,,Actif,2026-06-29T00:14:35.954812,haute
BJ-B9FA4FC8,Groupe Déménagement,Transport & Logistique,Malanville,+229 66 26 75 72,groupe.déménagement@groupe.déménagement.org,groupedéménagement.bj,PME (10-50),B2C,APIEx,,Actif,2026-06-29T00:14:35.954835,haute
BJ-E1339E86,Aérien Bénin Kandi,Transport & Logistique,Kandi,+229 26 47 23 47,aérien.bénin.kandi@aérien.bénin.kandi.com,,PME (10-50),B2C,APIEx,,Actif,2026-06-29T00:14:35.954853,moyenne
BJ-8438102D,Transport Urgent Kandi,Transport & Logistique,Kandi,+229 31 40 30 84,transport.urgent.kandi@transport.urgent.kandi.org,transporturgentkandi.bj,Grande (>200),B2B,APIEx,,Actif,2026-06-29T00:14:35.954869,haute
BJ-96EB4383,Transit,Transport & Logistique,Kandi,+229 34 29 73 13,,,TPE (<10),B2B,APIEx,,Actif,2026-06-29T00:14:35.954879,basse
BJ-A19055FF,Groupe Messagerie Express Kandi,Transport & Logistique,Kandi,+229 41 13 67 55,,groupemessagerieexpresskandi.bj,TPE (<10),B2C,APIEx,,Actif,2026-06-29T00:14:35.954900,moyenne
BJ-6BBFF558,Delivery Livraison Logistique Kandi,Transport & Logistique,Kandi,+229 66 26 38 98,delivery.livraison.logistique.kandi@delivery.livraison.logistique.kandi.org,,TPE (<10),B2C,APIEx,,Actif,2026-06-29T00:14:35.954913,moyenne
BJ-3D45B6C4,SARL Fret,Transport & Logistique,Banikoara,+229 29 33 44 83,,sarlfret.bj,Grande (>200),B2C,APIEx,,Actif,2026-06-29T00:14:35.954931,moyenne
BJ-10F4A175,Transport Messagerie Express,Transport & Logistique,Banikoara,+229 31 96 23 33,transport.messagerie.express@transport.messagerie.express.org,transportmessagerieexpress.bj,TPE (<10),B2C,APIEx,,Actif,2026-06-29T00:14:35.954943,haute
BJ-6680D6ED,Express Messagerie,Transport & Logistique,Banikoara,+229 31 85 13 41,express.messagerie@express.messagerie.benin,expressmessagerie.bj,PME (50-200),B2C,APIEx,,Actif,2026-06-29T00:14:35.954955,haute
BJ-F90E94F3,Express Livraison Transport,Transport & Logistique,Banikoara,+229 28 90 38 28,express.livraison.transport@express.livraison.transport.net,expresslivraisontransport.bj,PME (10-50),B2C,APIEx,,Actif,2026-06-29T00:14:35.954967,haute
BJ-1B6AADA7,Aérien Bénin,Transport & Logistique,Banikoara,+229 82 50 88 15,,aérienbénin.bj,TPE (<10),B2C,APIEx,,Actif,2026-06-29T00:14:35.954994,moyenne
BJ-129D2ED0,Logistique Déménagement Africa,Transport & Logistique,Ségbana,+229 57 94 38 34,logistique.déménagement.africa@logistique.déménagement.africa.bj,,TPE (<10),B2C,APIEx,,Actif,2026-06-29T00:14:35.955025,moyenne
BJ-F2199CD1,Logistique Messagerie Express Ségbana,Transport & Logistique,Ségbana,+229 23 19 95 49,logistique.messagerie.express.ségbana@logistique.messagerie.express.ségbana.benin,,PME (10-50),B2C,APIEx,,Actif,2026-06-29T00:14:35.955037,moyenne
BJ-CD9E61F1,Logistique Cargo,Transport & Logistique,Ségbana,+229 94 65 83 62,,,PME (10-50),B2C,APIEx,,Actif,2026-06-29T00:14:35.955062,basse
BJ-DBE764F8,Express Bénin,Transport & Logistique,Karimama,+229 92 28 89 71,express.bénin@express.bénin.org,,PME (10-50),B2C,APIEx,,Actif,2026-06-29T00:14:35.955083,moyenne
BJ-CE0585DB,Delivery Transit,Transport & Logistique,Karimama,+229 82 87 19 71,delivery.transit@delivery.transit.org,deliverytransit.bj,TPE (<10),B2B,APIEx,,Actif,2026-06-29T00:14:35.955095,haute
BJ-A33DADF3,Express Maritime Logistique,Transport & Logistique,Karimama,+229 91 57 63 29,,expressmaritimelogistique.bj,PME (10-50),B2B,APIEx,,Actif,2026-06-29T00:14:35.955109,moyenne
BJ-66913EEA,Express,Transport & Logistique,Karimama,+229 84 46 27 73,express@express.org,express.bj,TPE (<10),B2C,APIEx,,Actif,2026-06-29T00:14:35.955122,haute
BJ-4D18F317,Route Karimama,Transport & Logistique,Karimama,+229 68 21 52 43,route.karimama@route.karimama.bj,,PME (10-50),B2B,APIEx,,Actif,2026-06-29T00:14:35.955134,moyenne
BJ-5B983432,Express Delivery,Transport & Logistique,Gogounou,+229 53 62 19 81,,expressdelivery.bj,TPE (<10),B2C,APIEx,,Actif,2026-06-29T00:14:35.955163,moyenne
BJ-6C6AF908,Transit,Transport & Logistique,Gogounou,+229 42 13 24 88,,,TPE (<10),B2C,APIEx,,Actif,2026-06-29T00:14:35.955173,basse
BJ-3FD42935,Rapide Messagerie SARL,Transport & Logistique,Gogounou,+229 83 23 12 56,rapide.messagerie.sarl@rapide.messagerie.sarl.benin,,TPE (<10),B2B,APIEx,,Actif,2026-06-29T00:14:35.955187,moyenne
BJ-C3131F75,Urgent SARL,Transport & Logistique,Gogounou,+229 64 43 42 41,,,TPE (<10),B2C,APIEx,,Actif,2026-06-29T00:14:35.955198,basse
BJ-74D13341,Aérien SARL,Transport & Logistique,Cobly,+229 20 52 63 91,aérien.sarl@aérien.sarl.net,aériensarl.bj,TPE (<10),B2C,APIEx,,Actif,2026-06-29T00:14:35.955216,haute
BJ-87AA6CC8,Groupe Urgent Africa,Transport & Logistique,Cobly,+229 90 24 95 61,groupe.urgent.africa@groupe.urgent.africa.benin,,TPE (<10),B2B,APIEx,,Actif,2026-06-29T00:14:35.955227,moyenne
BJ-BA2EC623,Messagerie SARL Cobly,Transport & Logistique,Cobly,+229 20 39 71 63,,messageriesarlcobly.bj,TPE (<10),B2C,APIEx,,Actif,2026-06-29T00:14:35.955238,moyenne
BJ-540F68FD,Aérien Cobly,Transport & Logistique,Cobly,+229 83 55 90 54,aérien.cobly@aérien.cobly.net,,PME (50-200),B2C,APIEx,,Actif,2026-06-29T00:14:35.955250,moyenne
BJ-1ABD24E9,Delivery Transit,Transport & Logistique,Cobly,+229 75 82 42 31,,deliverytransit.bj,TPE (<10),B2B,APIEx,,Actif,2026-06-29T00:14:35.955260,moyenne
BJ-61CD2542,Rapide Transport Tanguiéta,Transport & Logistique,Tanguiéta,+229 65 48 60 29,rapide.transport.tanguiéta@rapide.transport.tanguiéta.org,,Grande (>200),B2B,APIEx,,Actif,2026-06-29T00:14:35.955278,moyenne
BJ-71074F2B,Transit,Transport & Logistique,Tanguiéta,+229 93 18 64 56,transit@transit.bj,,TPE (<10),B2B,APIEx,,Actif,2026-06-29T00:14:35.955290,moyenne
BJ-C57BEDF6,Transport Fret,Transport & Logistique,Tanguiéta,+229 94 17 11 19,transport.fret@transport.fret.benin,,TPE (<10),B2B,APIEx,,Actif,2026-06-29T00:14:35.955301,moyenne
BJ-880541CD,Aérien Transport,Transport & Logistique,Tanguiéta,+229 33 14 63 34,,,PME (10-50),B2C,APIEx,,Actif,2026-06-29T00:14:35.955317,basse
BJ-B4A2A313,Rapide Route,Transport & Logistique,Tanguiéta,+229 95 29 48 56,rapide.route@rapide.route.com,,PME (10-50),B2C,APIEx,,Actif,2026-06-29T00:14:35.955329,moyenne
BJ-A9B38806,Groupe Rapide Logistique,Transport & Logistique,Matéri,+229 72 12 76 65,,grouperapidelogistique.bj,TPE (<10),B2B,APIEx,,Actif,2026-06-29T00:14:35.955349,moyenne
BJ-AD51B52C,Express Route,Transport & Logistique,Matéri,+229 78 64 80 93,express.route@express.route.com,,Grande (>200),B2B,APIEx,,Actif,2026-06-29T00:14:35.955362,moyenne
BJ-35E7A289,Courrier,Transport & Logistique,Matéri,+229 93 14 33 90,,,TPE (<10),B2C,APIEx,,Actif,2026-06-29T00:14:35.955372,basse
BJ-558D0A06,Groupe Fret Delivery Matéri,Transport & Logistique,Matéri,+229 92 43 84 64,groupe.fret.delivery.matéri@groupe.fret.delivery.matéri.com,groupefretdeliverymatéri.bj,PME (50-200),B2B,APIEx,,Actif,2026-06-29T00:14:35.955385,haute
BJ-DE5761A8,Groupe Distribution Transport Matéri,Transport & Logistique,Matéri,+229 45 42 22 84,groupe.distribution.transport.matéri@groupe.distribution.transport.matéri.org,,PME (50-200),B2C,APIEx,,Actif,2026-06-29T00:14:35.955398,moyenne
BJ-BA2ED9D2,Express Fret Natitingou,Transport & Logistique,Natitingou,+229 89 59 82 78,express.fret.natitingou@express.fret.natitingou.net,,PME (50-200),B2C,APIEx,,Actif,2026-06-29T00:14:35.955415,moyenne
BJ-9082ADDC,SARL Cargo Bénin,Transport & Logistique,Natitingou,+229 53 53 38 76,,sarlcargobénin.bj,TPE (<10),B2B,APIEx,,Actif,2026-06-29T00:14:35.955426,moyenne
BJ-91A9D404,Distribution Delivery Natitingou,Transport & Logistique,Natitingou,+229 49 23 50 59,distribution.delivery.natitingou@distribution.delivery.natitingou.bj,distributiondeliverynatitingou.bj,PME (10-50),B2C,APIEx,,Actif,2026-06-29T00:14:35.955443,haute
BJ-87ABB42F,Rapide Delivery,Transport & Logistique,Natitingou,+229 96 48 49 67,,rapidedelivery.bj,TPE (<10),B2B,APIEx,,Actif,2026-06-29T00:14:35.955458,moyenne
BJ-A7FECFD9,Déménagement,Transport & Logistique,Natitingou,+229 22 56 78 54,,déménagement.bj,TPE (<10),B2B,APIEx,,Actif,2026-06-29T00:14:35.955470,moyenne
BJ-221AD134,Logistique Messagerie,Transport & Logistique,Toucountouna,+229 21 84 83 50,logistique.messagerie@logistique.messagerie.benin,,PME (50-200),B2B,APIEx,,Actif,2026-06-29T00:14:35.955487,moyenne
BJ-C1135C6A,Rapide Transit,Transport & Logistique,Toucountouna,+229 76 42 38 49,rapide.transit@rapide.transit.bj,rapidetransit.bj,TPE (<10),B2B,APIEx,,Actif,2026-06-29T00:14:35.955500,haute
BJ-00C342E6,Transport Livraison Africa,Transport & Logistique,Toucountouna,+229 62 74 65 21,transport.livraison.africa@transport.livraison.africa.bj,transportlivraisonafrica.bj,PME (10-50),B2C,APIEx,,Actif,2026-06-29T00:14:35.955512,haute
BJ-D3217D1C,Express,Transport & Logistique,Toucountouna,+229 85 14 55 65,express@express.benin,express.bj,TPE (<10),B2B,APIEx,,Actif,2026-06-29T00:14:35.955523,haute
BJ-32FCAD45,Aérien Bénin,Transport & Logistique,Toucountouna,+229 20 41 46 63,,aérienbénin.bj,PME (50-200),B2B,APIEx,,Actif,2026-06-29T00:14:35.955534,moyenne
BJ-6FDDE388,Transit,Transport & Logistique,Boukoumbé,+229 36 11 74 15,transit@transit.benin,,PME (10-50),B2B,APIEx,,Actif,2026-06-29T00:14:35.955555,moyenne
BJ-47EC6851,Déménagement Africa,Transport & Logistique,Boukoumbé,+229 80 64 98 68,,déménagementafrica.bj,PME (50-200),B2B,APIEx,,Actif,2026-06-29T00:14:35.955567,moyenne
BJ-C11B54DB,Rapide Déménagement Boukoumbé,Transport & Logistique,Boukoumbé,+229 43 83 58 82,rapide.déménagement.boukoumbé@rapide.déménagement.boukoumbé.benin,rapidedéménagementboukoumbé.bj,PME (10-50),B2C,APIEx,,Actif,2026-06-29T00:14:35.955580,haute
BJ-35F65A1C,Transport Aérien SARL,Transport & Logistique,Boukoumbé,+229 99 31 16 47,transport.aérien.sarl@transport.aérien.sarl.org,transportaériensarl.bj,PME (50-200),B2C,APIEx,,Actif,2026-06-29T00:14:35.955596,haute
BJ-F205B43E,Groupe Déménagement Express,Transport & Logistique,Boukoumbé,+229 29 27 74 96,groupe.déménagement.express@groupe.déménagement.express.benin,,PME (10-50),B2B,APIEx,,Actif,2026-06-29T00:14:35.955609,moyenne
BJ-6F8F871A,Rapide Courrier,Transport & Logistique,Kouandé,+229 96 39 21 59,rapide.courrier@rapide.courrier.benin,rapidecourrier.bj,PME (10-50),B2B,APIEx,,Actif,2026-06-29T00:14:35.955628,haute
BJ-D60469E6,Logistique Distribution Express,Transport & Logistique,Kouandé,+229 57 78 97 41,logistique.distribution.express@logistique.distribution.express.net,,TPE (<10),B2B,APIEx,,Actif,2026-06-29T00:14:35.955639,moyenne
BJ-63D3C1C0,Rapide Transit,Transport & Logistique,Kouandé,+229 23 18 38 84,,,PME (50-200),B2C,APIEx,,Actif,2026-06-29T00:14:35.955649,basse
BJ-88A46446,Transport Messagerie,Transport & Logistique,Kouandé,+229 84 79 88 83,transport.messagerie@transport.messagerie.bj,transportmessagerie.bj,PME (10-50),B2B,APIEx,,Actif,2026-06-29T00:14:35.955661,haute
BJ-21305EC0,Urgent SARL Kouandé,Transport & Logistique,Kouandé,+229 31 89 38 59,urgent.sarl.kouandé@urgent.sarl.kouandé.org,urgentsarlkouandé.bj,TPE (<10),B2B,APIEx,,Actif,2026-06-29T00:14:35.955673,haute
BJ-AD3311C9,Déménagement Transport,Transport & Logistique,Péhunco,+229 53 79 58 20,déménagement.transport@déménagement.transport.org,,PME (50-200),B2C,APIEx,,Actif,2026-06-29T00:14:35.955690,moyenne
BJ-655DFB4A,Courrier,Transport & Logistique,Péhunco,+229 54 54 71 36,courrier@courrier.net,,PME (10-50),B2B,APIEx,,Actif,2026-06-29T00:14:35.955701,moyenne
BJ-6FDADBF9,Rapide Messagerie SARL,Transport & Logistique,Péhunco,+229 66 86 18 16,rapide.messagerie.sarl@rapide.messagerie.sarl.com,rapidemessageriesarl.bj,PME (50-200),B2B,APIEx,,Actif,2026-06-29T00:14:35.955713,haute
BJ-3C8F319E,Aérien Péhunco,Transport & Logistique,Péhunco,+229 70 92 62 72,,aérienpéhunco.bj,TPE (<10),B2C,APIEx,,Actif,2026-06-29T00:14:35.955727,moyenne
BJ-D6F4A54F,Transport Déménagement,Transport & Logistique,Péhunco,+229 61 48 80 18,transport.déménagement@transport.déménagement.bj,transportdéménagement.bj,PME (10-50),B2B,APIEx,,Actif,2026-06-29T00:14:35.955741,haute
BJ-4F43912B,Delivery Fret Logistique,Transport & Logistique,Tchaourou,+229 93 17 52 79,delivery.fret.logistique@delivery.fret.logistique.net,,PME (10-50),B2B,APIEx,,Actif,2026-06-29T00:14:35.955757,moyenne
BJ-BEAE0A45,Delivery Cargo Delivery,Transport & Logistique,Tchaourou,+229 63 97 37 52,delivery.cargo.delivery@delivery.cargo.delivery.org,,Grande (>200),B2B,APIEx,,Actif,2026-06-29T00:14:35.955772,moyenne
BJ-2FC3B4F2,Transport Déménagement,Transport & Logistique,Tchaourou,+229 29 19 49 92,,,PME (10-50),B2C,APIEx,,Actif,2026-06-29T00:14:35.955796,basse
BJ-A2E0AB52,Aérien Bénin,Transport & Logistique,Tchaourou,+229 59 79 15 51,,aérienbénin.bj,PME (10-50),B2C,APIEx,,Actif,2026-06-29T00:14:35.955810,moyenne
BJ-6EA76D56,Rapide Messagerie Delivery Tchaourou,Transport & Logistique,Tchaourou,+229 38 70 90 19,rapide.messagerie.delivery.tchaourou@rapide.messagerie.delivery.tchaourou.org,,PME (10-50),B2B,APIEx,,Actif,2026-06-29T00:14:35.955822,moyenne
BJ-67CB0158,Messagerie Bénin,Transport & Logistique,Nikki,+229 56 50 87 43,messagerie.bénin@messagerie.bénin.net,,PME (50-200),B2C,APIEx,,Actif,2026-06-29T00:14:35.955839,moyenne
BJ-EE4AB057,Delivery Distribution Bénin Nikki,Transport & Logistique,Nikki,+229 59 94 55 34,delivery.distribution.bénin.nikki@delivery.distribution.bénin.nikki.bj,deliverydistributionbéninnikki.bj,PME (10-50),B2B,APIEx,,Actif,2026-06-29T00:14:35.955852,haute
BJ-D705FC3C,Courrier,Transport & Logistique,Nikki,+229 76 86 70 12,courrier@courrier.net,,TPE (<10),B2B,APIEx,,Actif,2026-06-29T00:14:35.955863,moyenne
BJ-CC1F55FF,Express Aérien Africa,Transport & Logistique,Nikki,+229 94 65 77 42,,expressaérienafrica.bj,Grande (>200),B2B,APIEx,,Actif,2026-06-29T00:14:35.955895,moyenne
BJ-584BC202,Déménagement Express,Transport & Logistique,Bembéréké,+229 40 20 10 26,déménagement.express@déménagement.express.benin,,TPE (<10),B2B,APIEx,,Actif,2026-06-29T00:14:35.955939,moyenne
BJ-4BB21CBD,Groupe Maritime Delivery,Transport & Logistique,Bembéréké,+229 71 12 64 87,,groupemaritimedelivery.bj,PME (10-50),B2B,APIEx,,Actif,2026-06-29T00:14:35.955966,moyenne
BJ-026AB369,Transit,Transport & Logistique,Bembéréké,+229 88 47 63 24,transit@transit.benin,transit.bj,TPE (<10),B2B,APIEx,,Actif,2026-06-29T00:14:35.955978,haute
BJ-8D4A7A15,Messagerie International Bembéréké,Transport & Logistique,Bembéréké,+229 59 56 81 57,,,TPE (<10),B2C,APIEx,,Actif,2026-06-29T00:14:35.955989,basse
BJ-36150219,Groupe Messagerie Bénin,Transport & Logistique,Bembéréké,+229 74 85 25 34,groupe.messagerie.bénin@groupe.messagerie.bénin.com,groupemessageriebénin.bj,PME (10-50),B2B,APIEx,,Actif,2026-06-29T00:14:35.956002,haute
BJ-514C1DD2,Express Déménagement Bénin,Transport & Logistique,Kalalé,+229 71 14 41 33,express.déménagement.bénin@express.déménagement.bénin.com,,PME (10-50),B2B,APIEx,,Actif,2026-06-29T00:14:35.956032,moyenne
BJ-4DB039D3,SARL Express SARL,Transport & Logistique,Kalalé,+229 22 96 32 70,sarl.express.sarl@sarl.express.sarl.bj,,Grande (>200),B2B,APIEx,,Actif,2026-06-29T00:14:35.956043,moyenne
BJ-9543BA32,Maritime,Transport & Logistique,Kalalé,+229 87 23 23 30,,maritime.bj,TPE (<10),B2B,APIEx,,Actif,2026-06-29T00:14:35.956059,moyenne
BJ-EBC6B9EC,SARL Urgent SARL Kalalé,Transport & Logistique,Kalalé,+229 54 55 61 12,sarl.urgent.sarl.kalalé@sarl.urgent.sarl.kalalé.net,sarlurgentsarlkalalé.bj,PME (50-200),B2B,APIEx,,Actif,2026-06-29T00:14:35.956072,haute
BJ-DCF2118A,SARL Cargo,Transport & Logistique,Ndali,+229 95 60 74 81,,sarlcargo.bj,PME (50-200),B2B,APIEx,,Actif,2026-06-29T00:14:35.956089,moyenne
BJ-84641BEB,Maritime International,Transport & Logistique,Ndali,+229 22 63 46 81,,,TPE (<10),B2C,APIEx,,Actif,2026-06-29T00:14:35.956099,basse
BJ-82F1A800,Logistique Cargo Transport,Transport & Logistique,Ndali,+229 89 57 49 85,logistique.cargo.transport@logistique.cargo.transport.benin,logistiquecargotransport.bj,TPE (<10),B2B,APIEx,,Actif,2026-06-29T00:14:35.956122,haute
BJ-9E32B947,Rapide Courrier,Transport & Logistique,Ndali,+229 93 90 23 62,rapide.courrier@rapide.courrier.com,rapidecourrier.bj,Grande (>200),B2B,APIEx,,Actif,2026-06-29T00:14:35.956133,haute
BJ-AEA00005,Courrier Bénin,Transport & Logistique,Ségbana,+229 73 26 49 33,,courrierbénin.bj,Grande (>200),B2C,APIEx,,Actif,2026-06-29T00:14:35.956168,moyenne
BJ-6295D183,Rapide Aérien,Transport & Logistique,Ségbana,+229 38 71 86 58,rapide.aérien@rapide.aérien.org,rapideaérien.bj,TPE (<10),B2B,APIEx,,Actif,2026-06-29T00:14:35.956181,haute
BJ-AB80771C,Fret International,Transport & Logistique,Ségbana,+229 81 57 75 63,,fretinternational.bj,PME (50-200),B2C,APIEx,,Actif,2026-06-29T00:14:35.956195,moyenne
BJ-CFC91C7A,Urgent Logistique,Transport & Logistique,Ségbana,+229 32 45 41 40,urgent.logistique@urgent.logistique.benin,urgentlogistique.bj,TPE (<10),B2B,APIEx,,Actif,2026-06-29T00:14:35.956210,haute
BJ-33CBCDD2,Express SARL,Transport & Logistique,Ségbana,+229 29 28 87 39,express.sarl@express.sarl.com,expresssarl.bj,Grande (>200),B2B,APIEx,,Actif,2026-06-29T00:14:35.956222,haute
BJ-13A5B6A3,Urgent Transport Tchaourou,Transport & Logistique,Tchaourou,+229 68 59 70 31,,,PME (50-200),B2C,APIEx,,Actif,2026-06-29T00:14:35.956238,basse
BJ-CE0C8ECC,Messagerie Delivery,Transport & Logistique,Tchaourou,+229 49 35 71 26,,messageriedelivery.bj,TPE (<10),B2C,APIEx,,Actif,2026-06-29T00:14:35.956249,moyenne
BJ-4437E443,Express SARL,Transport & Logistique,Tchaourou,+229 87 25 78 92,express.sarl@express.sarl.com,,PME (10-50),B2B,APIEx,,Actif,2026-06-29T00:14:35.956260,moyenne
BJ-37396316,Courrier Logistique Tchaourou,Transport & Logistique,Tchaourou,+229 74 76 33 63,courrier.logistique.tchaourou@courrier.logistique.tchaourou.net,,PME (50-200),B2B,APIEx,,Actif,2026-06-29T00:14:35.956271,moyenne
BJ-F99E61CC,Fret Delivery,Transport & Logistique,Tchaourou,+229 20 18 96 74,fret.delivery@fret.delivery.bj,,PME (50-200),B2B,APIEx,,Actif,2026-06-29T00:14:35.956285,moyenne
BJ-124DFB18,Express Fret,Transport & Logistique,Bétérou,+229 69 36 54 78,express.fret@express.fret.org,expressfret.bj,PME (50-200),B2C,APIEx,,Actif,2026-06-29T00:14:35.956302,haute
BJ-51248D04,Livraison Transport,Transport & Logistique,Bétérou,+229 30 18 91 76,,,TPE (<10),B2B,APIEx,,Actif,2026-06-29T00:14:35.956313,basse
BJ-63386543,Courrier Delivery,Transport & Logistique,Bétérou,+229 77 81 70 48,,courrierdelivery.bj,PME (50-200),B2B,APIEx,,Actif,2026-06-29T00:14:35.956323,moyenne
BJ-706D181D,Express Messagerie,Transport & Logistique,Bétérou,+229 45 94 56 43,express.messagerie@express.messagerie.org,expressmessagerie.bj,Grande (>200),B2B,APIEx,,Actif,2026-06-29T00:14:35.956337,haute
BJ-E9EBF937,Groupe Transit Bétérou,Transport & Logistique,Bétérou,+229 45 20 21 95,,,PME (50-200),B2B,APIEx,,Actif,2026-06-29T00:14:35.956348,basse
BJ-4F35C8C7,Express Express Bénin,Transport & Logistique,Ouessè,+229 66 38 61 44,,expressexpressbénin.bj,TPE (<10),B2C,APIEx,,Actif,2026-06-29T00:14:35.956364,moyenne
BJ-BB9D300B,Groupe Transit Africa,Transport & Logistique,Ouessè,+229 92 13 47 62,,,Grande (>200),B2C,APIEx,,Actif,2026-06-29T00:14:35.956375,basse
BJ-9BB101E1,Rapide Express SARL,Transport & Logistique,Ouessè,+229 46 25 15 17,,,PME (50-200),B2C,APIEx,,Actif,2026-06-29T00:14:35.956385,basse
BJ-AC351117,Transit SARL Ouessè,Transport & Logistique,Ouessè,+229 48 50 51 49,transit.sarl.ouessè@transit.sarl.ouessè.org,transitsarlouessè.bj,PME (10-50),B2C,APIEx,,Actif,2026-06-29T00:14:35.956397,haute
BJ-2CD49B47,Rapide,Transport & Logistique,Ouessè,+229 34 80 99 88,,,PME (10-50),B2C,APIEx,,Actif,2026-06-29T00:14:35.956408,basse
BJ-B1395AC3,Delivery Aérien Glazoué,Transport & Logistique,Glazoué,+229 47 52 26 47,delivery.aérien.glazoué@delivery.aérien.glazoué.bj,deliveryaérienglazoué.bj,PME (50-200),B2B,APIEx,,Actif,2026-06-29T00:14:35.956425,haute
BJ-C7E50933,Maritime SARL,Transport & Logistique,Glazoué,+229 71 55 28 61,maritime.sarl@maritime.sarl.org,,PME (10-50),B2B,APIEx,,Actif,2026-06-29T00:14:35.956437,moyenne
BJ-178B4E51,Messagerie,Transport & Logistique,Glazoué,+229 26 77 62 67,messagerie@messagerie.benin,messagerie.bj,TPE (<10),B2C,APIEx,,Actif,2026-06-29T00:14:35.956448,haute
BJ-5738E041,SARL Urgent Glazoué,Transport & Logistique,Glazoué,+229 78 50 26 92,sarl.urgent.glazoué@sarl.urgent.glazoué.net,sarlurgentglazoué.bj,Grande (>200),B2C,APIEx,,Actif,2026-06-29T00:14:35.956463,haute
BJ-71C1185D,Rapide SARL,Transport & Logistique,Glazoué,+229 39 59 54 83,rapide.sarl@rapide.sarl.com,rapidesarl.bj,TPE (<10),B2C,APIEx,,Actif,2026-06-29T00:14:35.956478,haute
BJ-94991C56,Express International Dassa-Zoumè,Transport & Logistique,Dassa-Zoumè,+229 46 21 71 50,express.international.dassazoumè@express.international.dassazoumè.com,expressinternationaldassazoumè.bj,Grande (>200),B2B,APIEx,,Actif,2026-06-29T00:14:35.956497,haute
BJ-7DB01DC9,Courrier Dassa-Zoumè,Transport & Logistique,Dassa-Zoumè,+229 74 75 90 33,courrier.dassazoumè@courrier.dassazoumè.benin,courrierdassazoumè.bj,TPE (<10),B2B,APIEx,,Actif,2026-06-29T00:14:35.956511,haute
BJ-4831BB96,Cargo,Transport & Logistique,Dassa-Zoumè,+229 95 17 11 25,cargo@cargo.benin,,TPE (<10),B2B,APIEx,,Actif,2026-06-29T00:14:35.956522,moyenne
BJ-0D717FE6,Aérien,Transport & Logistique,Dassa-Zoumè,+229 33 42 47 73,aérien@aérien.benin,aérien.bj,PME (10-50),B2C,APIEx,,Actif,2026-06-29T00:14:35.956548,haute
BJ-AB4B6575,Livraison Savalou,Transport & Logistique,Savalou,+229 60 81 38 66,,,PME (10-50),B2C,APIEx,,Actif,2026-06-29T00:14:35.956564,basse
BJ-B83F6C62,Groupe Express,Transport & Logistique,Savalou,+229 65 38 49 46,groupe.express@groupe.express.bj,,TPE (<10),B2C,APIEx,,Actif,2026-06-29T00:14:35.956575,moyenne
BJ-4994A4C1,Rapide Urgent Express,Transport & Logistique,Savalou,+229 26 93 53 33,,,PME (50-200),B2B,APIEx,,Actif,2026-06-29T00:14:35.956585,basse
BJ-C471EAD4,Groupe Déménagement Bénin,Transport & Logistique,Savalou,+229 89 82 76 66,,,PME (50-200),B2C,APIEx,,Actif,2026-06-29T00:14:35.956614,basse
BJ-4BD7E1E8,Groupe Express SARL,Transport & Logistique,Bantè,+229 96 79 43 63,groupe.express.sarl@groupe.express.sarl.benin,groupeexpresssarl.bj,Grande (>200),B2C,APIEx,,Actif,2026-06-29T00:14:35.956631,haute
BJ-057DE396,Route,Transport & Logistique,Bantè,+229 34 23 36 22,route@route.benin,,PME (10-50),B2C,APIEx,,Actif,2026-06-29T00:14:35.956643,moyenne
BJ-9E256F00,Express Express Logistique,Transport & Logistique,Bantè,+229 46 66 47 47,express.express.logistique@express.express.logistique.org,expressexpresslogistique.bj,Grande (>200),B2C,APIEx,,Actif,2026-06-29T00:14:35.956655,haute
BJ-13C9C9B0,Express Cargo Bénin,Transport & Logistique,Bantè,+229 86 94 55 32,express.cargo.bénin@express.cargo.bénin.bj,expresscargobénin.bj,TPE (<10),B2C,APIEx,,Actif,2026-06-29T00:14:35.956667,haute
BJ-56BFD1FD,Fret International,Transport & Logistique,Bantè,+229 32 36 10 22,fret.international@fret.international.org,,TPE (<10),B2B,APIEx,,Actif,2026-06-29T00:14:35.956677,moyenne
BJ-2B859D71,Fret,Transport & Logistique,Djougou,+229 29 23 64 64,fret@fret.benin,fret.bj,PME (10-50),B2C,APIEx,,Actif,2026-06-29T00:14:35.956697,haute
BJ-173663EE,Express Cargo,Transport & Logistique,Djougou,+229 78 62 75 62,,expresscargo.bj,PME (50-200),B2C,APIEx,,Actif,2026-06-29T00:14:35.956711,moyenne
BJ-F542D401,Transport Route Transport,Transport & Logistique,Djougou,+229 29 64 71 50,transport.route.transport@transport.route.transport.benin,transportroutetransport.bj,PME (50-200),B2B,APIEx,,Actif,2026-06-29T00:14:35.956723,haute
BJ-70BFB3B5,Transport Route International,Transport & Logistique,Djougou,+229 75 44 46 40,transport.route.international@transport.route.international.net,,PME (10-50),B2B,APIEx,,Actif,2026-06-29T00:14:35.956737,moyenne
BJ-69119F14,Rapide Express,Transport & Logistique,Ouèssè,+229 58 68 48 11,rapide.express@rapide.express.org,rapideexpress.bj,TPE (<10),B2B,APIEx,,Actif,2026-06-29T00:14:35.956769,haute
BJ-4A4EA247,Déménagement,Transport & Logistique,Ouèssè,+229 74 77 61 95,,,TPE (<10),B2B,APIEx,,Actif,2026-06-29T00:14:35.956779,basse
BJ-990CECFA,Rapide Cargo,Transport & Logistique,Ouèssè,+229 26 27 11 49,,,PME (50-200),B2B,APIEx,,Actif,2026-06-29T00:14:35.956789,basse
BJ-B2063070,Logistique Courrier,Transport & Logistique,Ouèssè,+229 72 93 98 68,logistique.courrier@logistique.courrier.com,,PME (10-50),B2C,APIEx,,Actif,2026-06-29T00:14:35.956804,moyenne
BJ-AEB7DF7E,Express Rapide,Transport & Logistique,Ouèssè,+229 33 26 62 76,,,PME (10-50),B2B,APIEx,,Actif,2026-06-29T00:14:35.956814,basse
BJ-7B986E21,SARL Rapide SARL,Transport & Logistique,Bassila,+229 91 49 95 86,sarl.rapide.sarl@sarl.rapide.sarl.benin,sarlrapidesarl.bj,PME (10-50),B2C,APIEx,,Actif,2026-06-29T00:14:35.956831,haute
BJ-097ABCD0,Courrier Logistique Bassila,Transport & Logistique,Bassila,+229 56 51 89 35,,courrierlogistiquebassila.bj,PME (50-200),B2B,APIEx,,Actif,2026-06-29T00:14:35.956842,moyenne
BJ-9E0550A7,Express,Transport & Logistique,Bassila,+229 40 46 84 15,express@express.com,express.bj,TPE (<10),B2C,APIEx,,Actif,2026-06-29T00:14:35.956853,haute
BJ-114238C2,Express Transit Express,Transport & Logistique,Bassila,+229 60 78 91 52,express.transit.express@express.transit.express.org,,Grande (>200),B2C,APIEx,,Actif,2026-06-29T00:14:35.956867,moyenne
BJ-B747D3C8,Fret SARL Bassila,Transport & Logistique,Bassila,+229 64 72 33 97,fret.sarl.bassila@fret.sarl.bassila.com,,PME (50-200),B2B,APIEx,,Actif,2026-06-29T00:14:35.956879,moyenne
BJ-7B427FAA,Déménagement International,Transport & Logistique,Pehunco,+229 37 68 66 38,,,PME (10-50),B2C,APIEx,,Actif,2026-06-29T00:14:35.956922,basse
BJ-DF2A9DD0,Courrier Express,Transport & Logistique,Pehunco,+229 66 47 70 73,,courrierexpress.bj,PME (10-50),B2C,APIEx,,Actif,2026-06-29T00:14:35.956937,moyenne
BJ-AA4DF83D,Route Transport Pehunco,Transport & Logistique,Pehunco,+229 46 58 97 35,route.transport.pehunco@route.transport.pehunco.bj,routetransportpehunco.bj,PME (10-50),B2B,APIEx,,Actif,2026-06-29T00:14:35.956965,haute
BJ-9F387D04,Rapide Distribution,Transport & Logistique,Pehunco,+229 54 45 58 73,,,Grande (>200),B2B,APIEx,,Actif,2026-06-29T00:14:35.956976,basse
BJ-FF2B1D5C,Rapide Transport,Transport & Logistique,Pehunco,+229 89 78 53 81,rapide.transport@rapide.transport.org,rapidetransport.bj,TPE (<10),B2B,APIEx,,Actif,2026-06-29T00:14:35.956990,haute
BJ-AF59763B,Rapide Aérien,Transport & Logistique,Copargo,+229 70 74 92 38,rapide.aérien@rapide.aérien.bj,,PME (50-200),B2B,APIEx,,Actif,2026-06-29T00:14:35.957009,moyenne
BJ-9692C0C3,Livraison,Transport & Logistique,Copargo,+229 65 89 39 24,livraison@livraison.benin,,TPE (<10),B2B,APIEx,,Actif,2026-06-29T00:14:35.957020,moyenne
BJ-C080BFA7,SARL Express Logistique Copargo,Transport & Logistique,Copargo,+229 70 63 27 57,sarl.express.logistique.copargo@sarl.express.logistique.copargo.benin,,TPE (<10),B2B,APIEx,,Actif,2026-06-29T00:14:35.957031,moyenne
BJ-F3691785,Logistique Route Copargo,Transport & Logistique,Copargo,+229 22 86 49 90,,,TPE (<10),B2B,APIEx,,Actif,2026-06-29T00:14:35.957045,basse
BJ-107692DE,Internet Digital International,Télécommunications,Cotonou,+229 81 77 33 25,internet.digital.international@internet.digital.international.org,internetdigitalinternational.bj,PME (10-50),B2B,APIEx,,Actif,2026-06-29T00:14:35.957074,haute
BJ-53E00CFB,Tech Africa Cotonou,Télécommunications,Cotonou,+229 58 78 84 36,tech.africa.cotonou@tech.africa.cotonou.benin,techafricacotonou.bj,TPE (<10),B2B,APIEx,,Actif,2026-06-29T00:14:35.957086,haute
BJ-088D460E,Télécom Connect,Télécommunications,Cotonou,+229 30 97 16 13,,télécomconnect.bj,TPE (<10),B2B,APIEx,,Actif,2026-06-29T00:14:35.957097,moyenne
BJ-5550D17A,Connect Fiber Cotonou,Télécommunications,Cotonou,+229 75 54 37 83,connect.fiber.cotonou@connect.fiber.cotonou.benin,connectfibercotonou.bj,PME (10-50),B2B,APIEx,,Actif,2026-06-29T00:14:35.957109,haute
BJ-291FCB56,Tech Bénin,Télécommunications,Cotonou,+229 44 15 39 29,tech.bénin@tech.bénin.net,techbénin.bj,PME (10-50),B2C,APIEx,,Actif,2026-06-29T00:14:35.957121,haute
BJ-E44EDA72,Télécom Connect SARL Abomey-Calavi,Télécommunications,Abomey-Calavi,+229 45 92 92 64,,télécomconnectsarlabomeycalavi.bj,PME (10-50),B2C,APIEx,,Actif,2026-06-29T00:14:35.957138,moyenne
BJ-B6119BD0,Digital SA,Télécommunications,Abomey-Calavi,+229 46 24 35 87,,digitalsa.bj,Grande (>200),B2C,APIEx,,Actif,2026-06-29T00:14:35.957150,moyenne
BJ-9AC0375E,Télécom International,Télécommunications,Abomey-Calavi,+229 26 47 91 43,télécom.international@télécom.international.org,télécominternational.bj,PME (50-200),B2B,APIEx,,Actif,2026-06-29T00:14:35.957162,haute
BJ-F1EB5210,Mobile Groupe,Télécommunications,Abomey-Calavi,+229 25 68 84 53,,mobilegroupe.bj,TPE (<10),B2C,APIEx,,Actif,2026-06-29T00:14:35.957179,moyenne
BJ-85665379,Réseau Satellite Porto-Novo,Télécommunications,Porto-Novo,+229 49 92 44 61,réseau.satellite.portonovo@réseau.satellite.portonovo.net,,TPE (<10),B2B,APIEx,,Actif,2026-06-29T00:14:35.957208,moyenne
BJ-51559186,Digital Digital International,Télécommunications,Porto-Novo,+229 35 39 55 22,digital.digital.international@digital.digital.international.org,,PME (10-50),B2B,APIEx,,Actif,2026-06-29T00:14:35.957220,moyenne
BJ-B1CD9398,Satellite Telecom,Télécommunications,Porto-Novo,+229 56 63 59 21,satellite.telecom@satellite.telecom.org,satellitetelecom.bj,PME (50-200),B2C,APIEx,,Actif,2026-06-29T00:14:35.957231,haute
BJ-1AB7E87B,Satellite International,Télécommunications,Porto-Novo,+229 55 47 12 58,,,PME (10-50),B2C,APIEx,,Actif,2026-06-29T00:14:35.957241,basse
BJ-D83784D1,Satellite Bénin,Télécommunications,Porto-Novo,+229 32 37 11 29,satellite.bénin@satellite.bénin.com,satellitebénin.bj,TPE (<10),B2B,APIEx,,Actif,2026-06-29T00:14:35.957253,haute
BJ-E63A0119,Internet Connect,Télécommunications,Parakou,+229 89 77 68 28,internet.connect@internet.connect.org,internetconnect.bj,TPE (<10),B2C,APIEx,,Actif,2026-06-29T00:14:35.957270,haute
BJ-EEC57C1A,Communication SARL,Télécommunications,Parakou,+229 76 86 90 27,communication.sarl@communication.sarl.org,communicationsarl.bj,PME (50-200),B2C,APIEx,,Actif,2026-06-29T00:14:35.957281,haute
BJ-9DAFAB9C,Digital SARL Parakou,Télécommunications,Parakou,+229 48 61 83 63,,digitalsarlparakou.bj,PME (50-200),B2C,APIEx,,Actif,2026-06-29T00:14:35.957292,moyenne
BJ-B9CBEBF7,Réseau,Télécommunications,Parakou,+229 67 85 63 90,réseau@réseau.org,réseau.bj,PME (10-50),B2C,APIEx,,Actif,2026-06-29T00:14:35.957310,haute
BJ-A0C4F813,Connect Digital Africa,Télécommunications,Parakou,+229 84 99 70 80,connect.digital.africa@connect.digital.africa.bj,connectdigitalafrica.bj,Grande (>200),B2B,APIEx,,Actif,2026-06-29T00:14:35.957321,haute
BJ-14C000F8,Internet Digital Africa,Télécommunications,Bohicon,+229 99 38 65 95,internet.digital.africa@internet.digital.africa.bj,internetdigitalafrica.bj,PME (50-200),B2B,APIEx,,Actif,2026-06-29T00:14:35.957338,haute
BJ-C5FF5623,Réseau Communication,Télécommunications,Bohicon,+229 51 88 53 11,,,TPE (<10),B2B,APIEx,,Actif,2026-06-29T00:14:35.957348,basse
BJ-F658D0D4,Data,Télécommunications,Bohicon,+229 36 92 79 27,data@data.benin,,PME (10-50),B2B,APIEx,,Actif,2026-06-29T00:14:35.957363,moyenne
BJ-4FA6DBEB,Digital Tech,Télécommunications,Bohicon,+229 90 25 91 47,,,TPE (<10),B2C,APIEx,,Actif,2026-06-29T00:14:35.957374,basse
BJ-DB0A2A7C,Télécom Connect,Télécommunications,Bohicon,+229 35 87 49 66,télécom.connect@télécom.connect.com,,TPE (<10),B2B,APIEx,,Actif,2026-06-29T00:14:35.957386,moyenne
BJ-7B5D5F8B,Digital Tech Natitingou,Télécommunications,Natitingou,+229 41 89 47 64,,digitaltechnatitingou.bj,PME (10-50),B2C,APIEx,,Actif,2026-06-29T00:14:35.957402,moyenne
BJ-4C895A7D,Communication Bénin,Télécommunications,Natitingou,+229 75 36 46 52,communication.bénin@communication.bénin.bj,communicationbénin.bj,Grande (>200),B2C,APIEx,,Actif,2026-06-29T00:14:35.957425,haute
BJ-A5F7E050,Digital Voice,Télécommunications,Natitingou,+229 23 75 96 87,digital.voice@digital.voice.org,,TPE (<10),B2C,APIEx,,Actif,2026-06-29T00:14:35.957439,moyenne
BJ-D4156CE4,Mobile Tech,Télécommunications,Natitingou,+229 38 21 95 83,,mobiletech.bj,TPE (<10),B2B,APIEx,,Actif,2026-06-29T00:14:35.957450,moyenne
BJ-72D67D28,Internet,Télécommunications,Lokossa,+229 48 89 33 24,internet@internet.net,internet.bj,TPE (<10),B2C,APIEx,,Actif,2026-06-29T00:14:35.957489,haute
BJ-EBFF52B4,Satellite Telecom,Télécommunications,Lokossa,+229 67 17 94 68,satellite.telecom@satellite.telecom.benin,satellitetelecom.bj,PME (10-50),B2B,APIEx,,Actif,2026-06-29T00:14:35.957510,haute
BJ-99F0CB2C,Tech,Télécommunications,Ouidah,+229 88 95 74 78,tech@tech.com,tech.bj,PME (10-50),B2C,APIEx,,Actif,2026-06-29T00:14:35.957527,haute
BJ-A396FA86,Mobile Réseau,Télécommunications,Ouidah,+229 41 51 31 69,mobile.réseau@mobile.réseau.net,,PME (10-50),B2B,APIEx,,Actif,2026-06-29T00:14:35.957539,moyenne
BJ-A66C1DE4,Digital Data Africa,Télécommunications,Ouidah,+229 97 33 17 41,digital.data.africa@digital.data.africa.org,digitaldataafrica.bj,TPE (<10),B2B,APIEx,,Actif,2026-06-29T00:14:35.957553,haute
BJ-C9088F29,Mobile Communication,Télécommunications,Ouidah,+229 42 56 18 88,mobile.communication@mobile.communication.bj,mobilecommunication.bj,PME (10-50),B2C,APIEx,,Actif,2026-06-29T00:14:35.957568,haute
BJ-D5F7DE84,Digital Tech Bénin,Télécommunications,Ouidah,+229 57 43 48 33,,,Grande (>200),B2C,APIEx,,Actif,2026-06-29T00:14:35.957579,basse
BJ-E8ED9BE1,Satellite International Savalou,Télécommunications,Savalou,+229 87 17 26 29,satellite.international.savalou@satellite.international.savalou.benin,satelliteinternationalsavalou.bj,PME (10-50),B2C,APIEx,,Actif,2026-06-29T00:14:35.957596,haute
BJ-40AA0BD5,Internet Réseau,Télécommunications,Savalou,+229 22 99 25 94,internet.réseau@internet.réseau.org,internetréseau.bj,Grande (>200),B2B,APIEx,,Actif,2026-06-29T00:14:35.957608,haute
BJ-F669C039,Digital Tech Telecom,Télécommunications,Savalou,+229 91 29 85 12,digital.tech.telecom@digital.tech.telecom.com,digitaltechtelecom.bj,TPE (<10),B2B,APIEx,,Actif,2026-06-29T00:14:35.957620,haute
BJ-4CEAEAF4,Réseau Tech Bénin,Télécommunications,Savalou,+229 66 49 42 10,,,PME (10-50),B2C,APIEx,,Actif,2026-06-29T00:14:35.957630,basse
BJ-B49B8ACC,Télécom Satellite Bénin Savalou,Télécommunications,Savalou,+229 37 10 41 54,télécom.satellite.bénin.savalou@télécom.satellite.bénin.savalou.bj,,PME (50-200),B2B,APIEx,,Actif,2026-06-29T00:14:35.957641,moyenne
BJ-7F40C8B4,Wireless Bénin,Télécommunications,Dassa-Zoumè,+229 82 59 23 97,wireless.bénin@wireless.bénin.bj,,PME (50-200),B2C,APIEx,,Actif,2026-06-29T00:14:35.957662,moyenne
BJ-17748305,Satellite Bénin,Télécommunications,Dassa-Zoumè,+229 95 77 67 81,,satellitebénin.bj,TPE (<10),B2B,APIEx,,Actif,2026-06-29T00:14:35.957674,moyenne
BJ-770735FF,Digital Réseau,Télécommunications,Dassa-Zoumè,+229 44 57 27 37,digital.réseau@digital.réseau.net,digitalréseau.bj,PME (10-50),B2C,APIEx,,Actif,2026-06-29T00:14:35.957686,haute
BJ-8C65EEF7,Connect Connect,Télécommunications,Kétou,+229 37 38 98 77,connect.connect@connect.connect.org,connectconnect.bj,TPE (<10),B2C,APIEx,,Actif,2026-06-29T00:14:35.957731,haute
BJ-0235DA66,Internet Groupe Kétou,Télécommunications,Kétou,+229 25 99 37 81,internet.groupe.kétou@internet.groupe.kétou.net,internetgroupekétou.bj,PME (10-50),B2B,APIEx,,Actif,2026-06-29T00:14:35.957743,haute
BJ-07996396,Voice International,Télécommunications,Kétou,+229 51 98 21 29,voice.international@voice.international.com,voiceinternational.bj,PME (10-50),B2B,APIEx,,Actif,2026-06-29T00:14:35.957755,haute
BJ-6A57061F,Mobile Digital Bénin,Télécommunications,Kétou,+229 92 19 69 84,mobile.digital.bénin@mobile.digital.bénin.com,mobiledigitalbénin.bj,TPE (<10),B2B,APIEx,,Actif,2026-06-29T00:14:35.957768,haute
BJ-ABDA76B1,Internet Connect Africa,Télécommunications,Kétou,+229 79 97 53 32,internet.connect.africa@internet.connect.africa.bj,internetconnectafrica.bj,TPE (<10),B2C,APIEx,,Actif,2026-06-29T00:14:35.957782,haute
BJ-CE8645D6,Mobile Voice,Télécommunications,Covè,+229 76 17 80 37,mobile.voice@mobile.voice.benin,,PME (10-50),B2C,APIEx,,Actif,2026-06-29T00:14:35.957799,moyenne
BJ-FB54F6F7,Data Covè,Télécommunications,Covè,+229 74 55 10 37,data.covè@data.covè.bj,datacovè.bj,PME (10-50),B2B,APIEx,,Actif,2026-06-29T00:14:35.957812,haute
BJ-885A3C25,Réseau SARL,Télécommunications,Covè,+229 70 46 78 43,réseau.sarl@réseau.sarl.bj,,TPE (<10),B2B,APIEx,,Actif,2026-06-29T00:14:35.957823,moyenne
BJ-85745AC2,Connect Satellite Africa Covè,Télécommunications,Covè,+229 44 68 44 39,connect.satellite.africa.covè@connect.satellite.africa.covè.net,connectsatelliteafricacovè.bj,PME (10-50),B2C,APIEx,,Actif,2026-06-29T00:14:35.957839,haute
BJ-D73EA21C,Satellite,Télécommunications,Covè,+229 81 76 23 80,,satellite.bj,TPE (<10),B2C,APIEx,,Actif,2026-06-29T00:14:35.957850,moyenne
BJ-C1BD5E10,Voice Africa,Télécommunications,Pobè,+229 55 65 97 37,voice.africa@voice.africa.net,voiceafrica.bj,TPE (<10),B2C,APIEx,,Actif,2026-06-29T00:14:35.957868,haute
BJ-7E94339B,Data,Télécommunications,Pobè,+229 91 32 69 61,data@data.bj,data.bj,PME (50-200),B2C,APIEx,,Actif,2026-06-29T00:14:35.957929,haute
BJ-57DA0330,Digital Réseau,Télécommunications,Pobè,+229 91 17 71 38,,,TPE (<10),B2B,APIEx,,Actif,2026-06-29T00:14:35.957940,basse
BJ-C74556BE,Digital Réseau Groupe,Télécommunications,Sakété,+229 33 87 91 31,digital.réseau.groupe@digital.réseau.groupe.net,digitalréseaugroupe.bj,TPE (<10),B2B,APIEx,,Actif,2026-06-29T00:14:35.957960,haute
BJ-7604E0DF,Digital SARL Sakété,Télécommunications,Sakété,+229 84 24 78 67,digital.sarl.sakété@digital.sarl.sakété.org,digitalsarlsakété.bj,PME (10-50),B2C,APIEx,,Actif,2026-06-29T00:14:35.958004,haute
BJ-5EDFCC0E,Connect,Télécommunications,Sakété,+229 61 49 74 30,connect@connect.net,connect.bj,PME (50-200),B2B,APIEx,,Actif,2026-06-29T00:14:35.958018,haute
BJ-D1EAB738,Mobile Data International Sakété,Télécommunications,Sakété,+229 64 10 50 27,mobile.data.international.sakété@mobile.data.international.sakété.org,mobiledatainternationalsakété.bj,PME (50-200),B2C,APIEx,,Actif,2026-06-29T00:14:35.958031,haute
BJ-B65A800D,Fiber SA,Télécommunications,Adjara,+229 52 77 27 47,,fibersa.bj,TPE (<10),B2C,APIEx,,Actif,2026-06-29T00:14:35.958051,moyenne
BJ-9FF379EA,Mobile Telecom,Télécommunications,Adjara,+229 62 92 50 41,mobile.telecom@mobile.telecom.org,mobiletelecom.bj,TPE (<10),B2C,APIEx,,Actif,2026-06-29T00:14:35.958064,haute
BJ-09621712,Wireless Adjara,Télécommunications,Adjara,+229 68 26 39 36,wireless.adjara@wireless.adjara.org,wirelessadjara.bj,PME (10-50),B2B,APIEx,,Actif,2026-06-29T00:14:35.958076,haute
BJ-A988D240,Mobile Wireless Groupe Adjara,Télécommunications,Adjara,+229 61 91 47 36,mobile.wireless.groupe.adjara@mobile.wireless.groupe.adjara.org,mobilewirelessgroupeadjara.bj,TPE (<10),B2B,APIEx,,Actif,2026-06-29T00:14:35.958087,haute
BJ-B1CBD6BA,Voice,Télécommunications,Adjara,+229 30 10 64 51,voice@voice.com,voice.bj,TPE (<10),B2C,APIEx,,Actif,2026-06-29T00:14:35.958099,haute
BJ-03B2F578,Satellite Groupe,Télécommunications,Allada,+229 54 77 72 73,satellite.groupe@satellite.groupe.net,satellitegroupe.bj,PME (10-50),B2B,APIEx,,Actif,2026-06-29T00:14:35.958118,haute
BJ-89A1C8FB,Réseau Mobile Bénin,Télécommunications,Allada,+229 30 59 78 18,réseau.mobile.bénin@réseau.mobile.bénin.bj,réseaumobilebénin.bj,Grande (>200),B2C,APIEx,,Actif,2026-06-29T00:14:35.958132,haute
BJ-7D794C0C,Wireless SARL,Télécommunications,Allada,+229 45 89 65 49,wireless.sarl@wireless.sarl.org,wirelesssarl.bj,PME (50-200),B2C,APIEx,,Actif,2026-06-29T00:14:35.958143,haute
BJ-C4877FAD,Mobile SA,Télécommunications,Allada,+229 53 36 23 88,mobile.sa@mobile.sa.org,mobilesa.bj,PME (10-50),B2C,APIEx,,Actif,2026-06-29T00:14:35.958157,haute
BJ-D75704E8,Connect Voice,Télécommunications,Allada,+229 64 25 28 41,connect.voice@connect.voice.net,connectvoice.bj,TPE (<10),B2B,APIEx,,Actif,2026-06-29T00:14:35.958169,haute
BJ-821A09A5,Télécom Voice Groupe,Télécommunications,Aplahoué,+229 25 61 54 51,,télécomvoicegroupe.bj,PME (10-50),B2B,APIEx,,Actif,2026-06-29T00:14:35.958197,moyenne
BJ-DB93873A,Internet Wireless Bénin,Télécommunications,Aplahoué,+229 25 86 81 67,internet.wireless.bénin@internet.wireless.bénin.benin,internetwirelessbénin.bj,PME (50-200),B2B,APIEx,,Actif,2026-06-29T00:14:35.958209,haute
BJ-C70EE39B,Digital Wireless,Télécommunications,Aplahoué,+229 48 96 98 80,digital.wireless@digital.wireless.bj,,PME (50-200),B2B,APIEx,,Actif,2026-06-29T00:14:35.958220,moyenne
BJ-540676FC,Digital,Télécommunications,Aplahoué,+229 45 80 22 92,digital@digital.bj,digital.bj,PME (10-50),B2C,APIEx,,Actif,2026-06-29T00:14:35.958235,haute
BJ-CBA7F297,Digital Digital,Télécommunications,Dogbo-Tota,+229 40 11 50 22,,,TPE (<10),B2C,APIEx,,Actif,2026-06-29T00:14:35.958251,basse
BJ-6BC730CD,Mobile Communication,Télécommunications,Dogbo-Tota,+229 79 84 97 92,,mobilecommunication.bj,TPE (<10),B2B,APIEx,,Actif,2026-06-29T00:14:35.958262,moyenne
BJ-1F591D47,Wireless,Télécommunications,Dogbo-Tota,+229 60 98 41 88,,wireless.bj,PME (10-50),B2C,APIEx,,Actif,2026-06-29T00:14:35.958273,moyenne
BJ-64F0E1A4,Télécom Télécom Groupe,Télécommunications,Dogbo-Tota,+229 45 32 11 67,,télécomtélécomgroupe.bj,TPE (<10),B2C,APIEx,,Actif,2026-06-29T00:14:35.958287,moyenne
BJ-8F803A97,Internet Télécom,Télécommunications,Dogbo-Tota,+229 40 19 32 36,internet.télécom@internet.télécom.net,internettélécom.bj,PME (10-50),B2C,APIEx,,Actif,2026-06-29T00:14:35.958300,haute
BJ-E210D0DB,Voice,Télécommunications,Kpomassè,+229 71 46 27 12,voice@voice.bj,voice.bj,PME (10-50),B2B,APIEx,,Actif,2026-06-29T00:14:35.958317,haute
BJ-0C3D1C23,Internet Tech Kpomassè,Télécommunications,Kpomassè,+229 90 84 26 27,internet.tech.kpomassè@internet.tech.kpomassè.net,internettechkpomassè.bj,PME (50-200),B2C,APIEx,,Actif,2026-06-29T00:14:35.958330,haute
BJ-49BCE461,Réseau Satellite,Télécommunications,Kpomassè,+229 51 37 40 26,,réseausatellite.bj,PME (10-50),B2C,APIEx,,Actif,2026-06-29T00:14:35.958345,moyenne
BJ-6ABF4E74,Connect Kpomassè,Télécommunications,Kpomassè,+229 45 59 93 90,connect.kpomassè@connect.kpomassè.bj,connectkpomassè.bj,TPE (<10),B2C,APIEx,,Actif,2026-06-29T00:14:35.958358,haute
BJ-00FCFB9E,Télécom Réseau SA,Télécommunications,Tori-Bossito,+229 60 60 76 50,télécom.réseau.sa@télécom.réseau.sa.benin,,PME (10-50),B2B,APIEx,,Actif,2026-06-29T00:14:35.958386,moyenne
BJ-13662640,Mobile Voice,Télécommunications,Tori-Bossito,+229 90 18 66 71,,mobilevoice.bj,PME (10-50),B2C,APIEx,,Actif,2026-06-29T00:14:35.958408,moyenne
BJ-79A33F49,Digital Voice,Télécommunications,Tori-Bossito,+229 27 77 47 32,digital.voice@digital.voice.benin,,PME (10-50),B2C,APIEx,,Actif,2026-06-29T00:14:35.958422,moyenne
BJ-CE1F3826,Communication Tori-Bossito,Télécommunications,Tori-Bossito,+229 69 60 44 51,communication.toribossito@communication.toribossito.com,communicationtoribossito.bj,PME (10-50),B2B,APIEx,,Actif,2026-06-29T00:14:35.958434,haute
BJ-2821270D,Communication SARL,Télécommunications,Grand-Popo,+229 74 40 14 99,communication.sarl@communication.sarl.benin,,PME (50-200),B2C,APIEx,,Actif,2026-06-29T00:14:35.958458,moyenne
BJ-7CCC1949,Voice,Télécommunications,Grand-Popo,+229 41 87 59 82,voice@voice.benin,voice.bj,PME (10-50),B2B,APIEx,,Actif,2026-06-29T00:14:35.958470,haute
BJ-1467A16A,Digital Groupe Grand-Popo,Télécommunications,Grand-Popo,+229 98 64 38 53,digital.groupe.grandpopo@digital.groupe.grandpopo.bj,digitalgroupegrandpopo.bj,Grande (>200),B2C,APIEx,,Actif,2026-06-29T00:14:35.958482,haute
BJ-ECCB3E07,Wireless SA,Télécommunications,Grand-Popo,+229 39 26 33 54,,wirelesssa.bj,TPE (<10),B2B,APIEx,,Actif,2026-06-29T00:14:35.958493,moyenne
BJ-01ED9858,Télécom Connect Groupe,Télécommunications,Grand-Popo,+229 81 54 68 33,télécom.connect.groupe@télécom.connect.groupe.benin,télécomconnectgroupe.bj,PME (10-50),B2C,APIEx,,Actif,2026-06-29T00:14:35.958505,haute
BJ-C160FC91,Télécom Télécom,Télécommunications,Athiémé,+229 60 19 15 19,télécom.télécom@télécom.télécom.com,télécomtélécom.bj,TPE (<10),B2B,APIEx,,Actif,2026-06-29T00:14:35.958524,haute
BJ-5735BD8C,Satellite Africa,Télécommunications,Athiémé,+229 25 44 78 71,satellite.africa@satellite.africa.net,satelliteafrica.bj,PME (10-50),B2C,APIEx,,Actif,2026-06-29T00:14:35.958536,haute
BJ-CB081F75,Réseau Connect SARL Athiémé,Télécommunications,Athiémé,+229 60 22 85 37,réseau.connect.sarl.athiémé@réseau.connect.sarl.athiémé.net,réseauconnectsarlathiémé.bj,PME (50-200),B2C,APIEx,,Actif,2026-06-29T00:14:35.958552,haute
BJ-083565EF,Internet Bénin Athiémé,Télécommunications,Athiémé,+229 83 96 23 97,internet.bénin.athiémé@internet.bénin.athiémé.net,internetbéninathiémé.bj,PME (50-200),B2B,APIEx,,Actif,2026-06-29T00:14:35.958569,haute
BJ-3C191D1B,Internet Télécom Groupe,Télécommunications,Athiémé,+229 26 43 31 25,,,TPE (<10),B2B,APIEx,,Actif,2026-06-29T00:14:35.958580,basse
BJ-E7AA90B8,Réseau Fiber Groupe,Télécommunications,Bopa,+229 29 43 89 74,réseau.fiber.groupe@réseau.fiber.groupe.com,réseaufibergroupe.bj,TPE (<10),B2B,APIEx,,Actif,2026-06-29T00:14:35.958598,haute
BJ-E2B2580B,Tech Bénin,Télécommunications,Bopa,+229 70 12 99 63,tech.bénin@tech.bénin.org,techbénin.bj,PME (50-200),B2B,APIEx,,Actif,2026-06-29T00:14:35.958610,haute
BJ-852B804D,Satellite Bopa,Télécommunications,Bopa,+229 63 49 32 92,satellite.bopa@satellite.bopa.com,satellitebopa.bj,TPE (<10),B2B,APIEx,,Actif,2026-06-29T00:14:35.958622,haute
BJ-2ED06036,Internet Fiber Telecom,Télécommunications,Bopa,+229 21 44 17 48,internet.fiber.telecom@internet.fiber.telecom.com,internetfibertelecom.bj,TPE (<10),B2C,APIEx,,Actif,2026-06-29T00:14:35.958634,haute
BJ-F0E645CE,Mobile Telecom,Télécommunications,Bopa,+229 83 68 91 79,mobile.telecom@mobile.telecom.com,,PME (50-200),B2C,APIEx,,Actif,2026-06-29T00:14:35.958644,moyenne
BJ-61F178DB,Wireless Houéyogbé,Télécommunications,Houéyogbé,+229 44 98 29 88,wireless.houéyogbé@wireless.houéyogbé.benin,wirelesshouéyogbé.bj,Grande (>200),B2C,APIEx,,Actif,2026-06-29T00:14:35.958665,haute
BJ-342AB982,Réseau Tech Telecom,Télécommunications,Houéyogbé,+229 80 95 65 86,,réseautechtelecom.bj,TPE (<10),B2C,APIEx,,Actif,2026-06-29T00:14:35.958676,moyenne
BJ-83FED422,Mobile Data International Houéyogbé,Télécommunications,Houéyogbé,+229 37 77 17 34,mobile.data.international.houéyogbé@mobile.data.international.houéyogbé.org,,PME (10-50),B2C,APIEx,,Actif,2026-06-29T00:14:35.958691,moyenne
BJ-C2C5761E,Connect Communication Houéyogbé,Télécommunications,Houéyogbé,+229 90 60 33 96,connect.communication.houéyogbé@connect.communication.houéyogbé.org,connectcommunicationhouéyogbé.bj,PME (50-200),B2C,APIEx,,Actif,2026-06-29T00:14:35.958707,haute
BJ-48D18B0C,Voice Houéyogbé,Télécommunications,Houéyogbé,+229 87 69 27 64,,voicehouéyogbé.bj,TPE (<10),B2B,APIEx,,Actif,2026-06-29T00:14:35.958718,moyenne
BJ-50EF87F4,Satellite Telecom,Télécommunications,Malanville,+229 74 57 64 58,satellite.telecom@satellite.telecom.bj,satellitetelecom.bj,TPE (<10),B2B,APIEx,,Actif,2026-06-29T00:14:35.958736,haute
BJ-A7F3FF20,Digital Satellite,Télécommunications,Malanville,+229 76 81 51 27,digital.satellite@digital.satellite.com,digitalsatellite.bj,TPE (<10),B2B,APIEx,,Actif,2026-06-29T00:14:35.958747,haute
BJ-8430BEFF,Mobile,Télécommunications,Malanville,+229 54 63 85 15,mobile@mobile.bj,mobile.bj,PME (10-50),B2C,APIEx,,Actif,2026-06-29T00:14:35.958759,haute
BJ-ABB01E6D,Connect Communication Africa,Télécommunications,Malanville,+229 53 95 87 48,connect.communication.africa@connect.communication.africa.bj,connectcommunicationafrica.bj,PME (10-50),B2C,APIEx,,Actif,2026-06-29T00:14:35.958771,haute
BJ-94E13FE2,Réseau Wireless Groupe,Télécommunications,Malanville,+229 85 99 77 54,réseau.wireless.groupe@réseau.wireless.groupe.com,,TPE (<10),B2B,APIEx,,Actif,2026-06-29T00:14:35.958782,moyenne
BJ-136496A1,Digital International Kandi,Télécommunications,Kandi,+229 69 64 18 28,digital.international.kandi@digital.international.kandi.net,digitalinternationalkandi.bj,Grande (>200),B2B,APIEx,,Actif,2026-06-29T00:14:35.958799,haute
BJ-54911931,Voice SA,Télécommunications,Kandi,+229 66 45 37 25,,voicesa.bj,TPE (<10),B2B,APIEx,,Actif,2026-06-29T00:14:35.958811,moyenne
BJ-30F440BB,Communication International,Télécommunications,Kandi,+229 42 43 35 87,communication.international@communication.international.org,communicationinternational.bj,Grande (>200),B2B,APIEx,,Actif,2026-06-29T00:14:35.958823,haute
BJ-F91E9435,Télécom Data,Télécommunications,Kandi,+229 59 40 52 60,télécom.data@télécom.data.bj,télécomdata.bj,TPE (<10),B2B,APIEx,,Actif,2026-06-29T00:14:35.958839,haute
BJ-D3745DAF,Internet Communication SARL,Télécommunications,Kandi,+229 49 89 41 57,,internetcommunicationsarl.bj,TPE (<10),B2B,APIEx,,Actif,2026-06-29T00:14:35.958850,moyenne
BJ-23A281D6,Télécom Réseau Groupe,Télécommunications,Banikoara,+229 82 17 76 21,,télécomréseaugroupe.bj,TPE (<10),B2C,APIEx,,Actif,2026-06-29T00:14:35.958867,moyenne
BJ-C721844D,Internet,Télécommunications,Banikoara,+229 29 87 88 84,internet@internet.org,internet.bj,PME (50-200),B2B,APIEx,,Actif,2026-06-29T00:14:35.958878,haute
BJ-9A87B317,Internet Groupe,Télécommunications,Banikoara,+229 20 10 80 12,internet.groupe@internet.groupe.org,internetgroupe.bj,Grande (>200),B2C,APIEx,,Actif,2026-06-29T00:14:35.958918,haute
BJ-715C2E51,Réseau Réseau,Télécommunications,Banikoara,+229 61 23 75 75,réseau.réseau@réseau.réseau.bj,réseauréseau.bj,PME (10-50),B2C,APIEx,,Actif,2026-06-29T00:14:35.958947,haute
BJ-6A35BB6F,Tech Africa Banikoara,Télécommunications,Banikoara,+229 91 90 63 68,tech.africa.banikoara@tech.africa.banikoara.org,techafricabanikoara.bj,Grande (>200),B2B,APIEx,,Actif,2026-06-29T00:14:35.958959,haute
BJ-A1D84159,Fiber Ségbana,Télécommunications,Ségbana,+229 41 55 45 11,fiber.ségbana@fiber.ségbana.net,fiberségbana.bj,TPE (<10),B2C,APIEx,,Actif,2026-06-29T00:14:35.958978,haute
BJ-18DAD02D,Connect Réseau,Télécommunications,Ségbana,+229 31 67 90 24,connect.réseau@connect.réseau.bj,connectréseau.bj,PME (10-50),B2B,APIEx,,Actif,2026-06-29T00:14:35.958994,haute
BJ-C5DB66C0,Mobile Communication Bénin,Télécommunications,Ségbana,+229 95 48 75 67,mobile.communication.bénin@mobile.communication.bénin.net,mobilecommunicationbénin.bj,PME (10-50),B2B,APIEx,,Actif,2026-06-29T00:14:35.959007,haute
BJ-7265FA33,Digital Télécom,Télécommunications,Ségbana,+229 24 35 10 70,digital.télécom@digital.télécom.org,digitaltélécom.bj,PME (10-50),B2B,APIEx,,Actif,2026-06-29T00:14:35.959035,haute
BJ-200555A1,Réseau Communication,Télécommunications,Ségbana,+229 48 25 70 52,réseau.communication@réseau.communication.net,réseaucommunication.bj,TPE (<10),B2B,APIEx,,Actif,2026-06-29T00:14:35.959048,haute
BJ-41CB13EB,Digital,Télécommunications,Karimama,+229 62 45 30 61,,,TPE (<10),B2B,APIEx,,Actif,2026-06-29T00:14:35.959064,basse
BJ-194CB17C,Satellite Karimama,Télécommunications,Karimama,+229 21 48 77 46,satellite.karimama@satellite.karimama.org,satellitekarimama.bj,PME (10-50),B2C,APIEx,,Actif,2026-06-29T00:14:35.959076,haute
BJ-9D898E49,Connect Réseau Telecom Karimama,Télécommunications,Karimama,+229 65 53 47 59,connect.réseau.telecom.karimama@connect.réseau.telecom.karimama.benin,connectréseautelecomkarimama.bj,PME (50-200),B2B,APIEx,,Actif,2026-06-29T00:14:35.959089,haute
BJ-574BDB9A,Digital Connect,Télécommunications,Karimama,+229 55 22 43 19,digital.connect@digital.connect.bj,digitalconnect.bj,PME (10-50),B2C,APIEx,,Actif,2026-06-29T00:14:35.959101,haute
BJ-B9A9B3ED,Télécom Communication Bénin Karimama,Télécommunications,Karimama,+229 71 91 65 75,télécom.communication.bénin.karimama@télécom.communication.bénin.karimama.org,télécomcommunicationbéninkarimama.bj,TPE (<10),B2C,APIEx,,Actif,2026-06-29T00:14:35.959114,haute
BJ-C41D2FE8,Tech,Télécommunications,Gogounou,+229 26 75 34 43,tech@tech.benin,tech.bj,PME (10-50),B2B,APIEx,,Actif,2026-06-29T00:14:35.959135,haute
BJ-7BCE9EE7,Connect Tech,Télécommunications,Gogounou,+229 88 31 15 38,connect.tech@connect.tech.com,connecttech.bj,TPE (<10),B2B,APIEx,,Actif,2026-06-29T00:14:35.959148,haute
BJ-632230FC,Connect SARL,Télécommunications,Gogounou,+229 63 60 52 50,,connectsarl.bj,PME (10-50),B2B,APIEx,,Actif,2026-06-29T00:14:35.959159,moyenne
BJ-6FA6ED22,Mobile Wireless,Télécommunications,Gogounou,+229 73 90 93 50,mobile.wireless@mobile.wireless.org,mobilewireless.bj,TPE (<10),B2C,APIEx,,Actif,2026-06-29T00:14:35.959176,haute
BJ-2A82467F,Télécom Réseau Africa Gogounou,Télécommunications,Gogounou,+229 65 95 86 90,télécom.réseau.africa.gogounou@télécom.réseau.africa.gogounou.com,télécomréseauafricagogounou.bj,TPE (<10),B2B,APIEx,,Actif,2026-06-29T00:14:35.959191,haute
BJ-7D673F84,Tech,Télécommunications,Cobly,+229 48 32 86 68,tech@tech.net,tech.bj,PME (50-200),B2C,APIEx,,Actif,2026-06-29T00:14:35.959208,haute
BJ-8F98FA3A,Satellite Telecom,Télécommunications,Cobly,+229 42 66 60 94,satellite.telecom@satellite.telecom.com,satellitetelecom.bj,TPE (<10),B2C,APIEx,,Actif,2026-06-29T00:14:35.959220,haute
BJ-58249EE5,Connect Cobly,Télécommunications,Cobly,+229 23 30 99 23,connect.cobly@connect.cobly.org,connectcobly.bj,TPE (<10),B2C,APIEx,,Actif,2026-06-29T00:14:35.959232,haute
BJ-56A81185,Internet Voice International,Télécommunications,Cobly,+229 27 84 10 41,,,Grande (>200),B2C,APIEx,,Actif,2026-06-29T00:14:35.959242,basse
BJ-3DDFB366,Internet Connect,Télécommunications,Cobly,+229 87 31 46 18,internet.connect@internet.connect.org,internetconnect.bj,TPE (<10),B2B,APIEx,,Actif,2026-06-29T00:14:35.959253,haute
BJ-5574A6C9,Réseau Internet SARL,Télécommunications,Tanguiéta,+229 39 61 36 71,réseau.internet.sarl@réseau.internet.sarl.org,réseauinternetsarl.bj,TPE (<10),B2B,APIEx,,Actif,2026-06-29T00:14:35.959271,haute
BJ-757FA208,Wireless Bénin,Télécommunications,Tanguiéta,+229 61 41 97 72,,,TPE (<10),B2B,APIEx,,Actif,2026-06-29T00:14:35.959282,basse
BJ-3E68F85C,Réseau Fiber,Télécommunications,Tanguiéta,+229 57 78 59 11,réseau.fiber@réseau.fiber.com,réseaufiber.bj,PME (50-200),B2C,APIEx,,Actif,2026-06-29T00:14:35.959294,haute
BJ-C82401E0,Réseau Réseau Africa,Télécommunications,Tanguiéta,+229 98 16 92 13,réseau.réseau.africa@réseau.réseau.africa.org,réseauréseauafrica.bj,TPE (<10),B2B,APIEx,,Actif,2026-06-29T00:14:35.959309,haute
BJ-BEAF1829,Télécom,Télécommunications,Tanguiéta,+229 99 81 42 89,télécom@télécom.org,télécom.bj,TPE (<10),B2C,APIEx,,Actif,2026-06-29T00:14:35.959321,haute
BJ-414958F7,Réseau Wireless,Télécommunications,Matéri,+229 92 71 66 38,réseau.wireless@réseau.wireless.com,,TPE (<10),B2C,APIEx,,Actif,2026-06-29T00:14:35.959341,moyenne
BJ-F1B24491,Réseau,Télécommunications,Matéri,+229 92 97 40 83,réseau@réseau.net,réseau.bj,PME (10-50),B2B,APIEx,,Actif,2026-06-29T00:14:35.959354,haute
BJ-B5EC2BAA,Mobile Connect Matéri,Télécommunications,Matéri,+229 83 30 59 11,,mobileconnectmatéri.bj,Grande (>200),B2C,APIEx,,Actif,2026-06-29T00:14:35.959365,moyenne
BJ-CCF1B9DF,Digital Wireless Groupe,Télécommunications,Matéri,+229 80 41 89 11,,digitalwirelessgroupe.bj,TPE (<10),B2B,APIEx,,Actif,2026-06-29T00:14:35.959376,moyenne
BJ-B499D345,Télécom SA,Télécommunications,Matéri,+229 97 61 26 99,télécom.sa@télécom.sa.com,,PME (10-50),B2B,APIEx,,Actif,2026-06-29T00:14:35.959388,moyenne
BJ-92656608,Internet Data Natitingou,Télécommunications,Natitingou,+229 67 32 66 71,,,PME (10-50),B2B,APIEx,,Actif,2026-06-29T00:14:35.959405,basse
BJ-1B7A3707,Digital Wireless Natitingou,Télécommunications,Natitingou,+229 37 40 10 64,digital.wireless.natitingou@digital.wireless.natitingou.com,digitalwirelessnatitingou.bj,Grande (>200),B2B,APIEx,,Actif,2026-06-29T00:14:35.959421,haute
BJ-22AF7EBB,Mobile Satellite International,Télécommunications,Natitingou,+229 28 84 42 85,mobile.satellite.international@mobile.satellite.international.com,mobilesatelliteinternational.bj,PME (10-50),B2B,APIEx,,Actif,2026-06-29T00:14:35.959433,haute
BJ-E18068DF,Réseau Fiber,Télécommunications,Natitingou,+229 68 80 43 37,réseau.fiber@réseau.fiber.benin,réseaufiber.bj,PME (10-50),B2C,APIEx,,Actif,2026-06-29T00:14:35.959448,haute
BJ-70A1EC05,Télécom Communication Natitingou,Télécommunications,Natitingou,+229 95 27 61 40,télécom.communication.natitingou@télécom.communication.natitingou.org,,PME (50-200),B2C,APIEx,,Actif,2026-06-29T00:14:35.959460,moyenne
BJ-AECDEFF4,Réseau Connect Toucountouna,Télécommunications,Toucountouna,+229 81 44 84 19,réseau.connect.toucountouna@réseau.connect.toucountouna.net,réseauconnecttoucountouna.bj,PME (10-50),B2B,APIEx,,Actif,2026-06-29T00:14:35.959481,haute
BJ-23989A56,Internet Digital,Télécommunications,Toucountouna,+229 52 39 13 24,internet.digital@internet.digital.bj,internetdigital.bj,Grande (>200),B2B,APIEx,,Actif,2026-06-29T00:14:35.959493,haute
BJ-826AB5BF,Réseau SARL,Télécommunications,Toucountouna,+229 29 65 42 83,réseau.sarl@réseau.sarl.org,réseausarl.bj,PME (10-50),B2B,APIEx,,Actif,2026-06-29T00:14:35.959505,haute
BJ-CFD4FFB3,Connect Voice Groupe Toucountouna,Télécommunications,Toucountouna,+229 55 97 11 48,connect.voice.groupe.toucountouna@connect.voice.groupe.toucountouna.org,connectvoicegroupetoucountouna.bj,PME (10-50),B2B,APIEx,,Actif,2026-06-29T00:14:35.959517,haute
BJ-3BA672C2,Télécom Connect SA,Télécommunications,Toucountouna,+229 78 29 10 64,télécom.connect.sa@télécom.connect.sa.net,télécomconnectsa.bj,TPE (<10),B2C,APIEx,,Actif,2026-06-29T00:14:35.959547,haute
BJ-FFC6D2E7,Connect Digital Africa Boukoumbé,Télécommunications,Boukoumbé,+229 63 39 25 18,connect.digital.africa.boukoumbé@connect.digital.africa.boukoumbé.com,connectdigitalafricaboukoumbé.bj,PME (50-200),B2B,APIEx,,Actif,2026-06-29T00:14:35.959566,haute
BJ-885C17C0,Data Bénin Boukoumbé,Télécommunications,Boukoumbé,+229 34 74 67 76,data.bénin.boukoumbé@data.bénin.boukoumbé.net,,PME (50-200),B2C,APIEx,,Actif,2026-06-29T00:14:35.959591,moyenne
BJ-B780A671,Télécom Télécom,Télécommunications,Boukoumbé,+229 24 89 26 79,télécom.télécom@télécom.télécom.net,télécomtélécom.bj,PME (50-200),B2B,APIEx,,Actif,2026-06-29T00:14:35.959604,haute
BJ-7F3DC943,Réseau SA Boukoumbé,Télécommunications,Boukoumbé,+229 32 18 35 97,réseau.sa.boukoumbé@réseau.sa.boukoumbé.org,,TPE (<10),B2B,APIEx,,Actif,2026-06-29T00:14:35.959620,moyenne
BJ-DA7F3A0D,Internet Tech Africa,Télécommunications,Boukoumbé,+229 56 55 26 11,,internettechafrica.bj,PME (10-50),B2B,APIEx,,Actif,2026-06-29T00:14:35.959632,moyenne
BJ-B48D4B73,Digital International,Télécommunications,Kouandé,+229 29 74 17 73,digital.international@digital.international.net,digitalinternational.bj,TPE (<10),B2C,APIEx,,Actif,2026-06-29T00:14:35.959651,haute
BJ-63FE821E,Communication,Télécommunications,Kouandé,+229 62 97 94 53,communication@communication.net,,TPE (<10),B2C,APIEx,,Actif,2026-06-29T00:14:35.959686,moyenne
BJ-EC7F863D,Wireless,Télécommunications,Kouandé,+229 56 79 92 23,wireless@wireless.bj,wireless.bj,Grande (>200),B2C,APIEx,,Actif,2026-06-29T00:14:35.959708,haute
BJ-68216847,Réseau Satellite,Télécommunications,Kouandé,+229 75 49 34 72,réseau.satellite@réseau.satellite.bj,,PME (50-200),B2C,APIEx,,Actif,2026-06-29T00:14:35.959725,moyenne
BJ-694E9AB5,Data,Télécommunications,Kouandé,+229 26 70 85 14,data@data.benin,data.bj,TPE (<10),B2C,APIEx,,Actif,2026-06-29T00:14:35.959739,haute
BJ-CC669A5F,Wireless Péhunco,Télécommunications,Péhunco,+229 68 75 44 59,,wirelesspéhunco.bj,TPE (<10),B2B,APIEx,,Actif,2026-06-29T00:14:35.959759,moyenne
BJ-14072344,Télécom Télécom Telecom,Télécommunications,Péhunco,+229 39 46 46 14,télécom.télécom.telecom@télécom.télécom.telecom.net,télécomtélécomtelecom.bj,PME (10-50),B2C,APIEx,,Actif,2026-06-29T00:14:35.959773,haute
BJ-3E3A5C07,Télécom Satellite Africa,Télécommunications,Péhunco,+229 83 55 47 39,télécom.satellite.africa@télécom.satellite.africa.benin,télécomsatelliteafrica.bj,TPE (<10),B2B,APIEx,,Actif,2026-06-29T00:14:35.959786,haute
BJ-8A8C64FC,Télécom Fiber Péhunco,Télécommunications,Péhunco,+229 74 11 55 95,télécom.fiber.péhunco@télécom.fiber.péhunco.org,télécomfiberpéhunco.bj,PME (10-50),B2B,APIEx,,Actif,2026-06-29T00:14:35.959816,haute
BJ-7DC15D82,Digital Tech Péhunco,Télécommunications,Péhunco,+229 73 38 55 42,digital.tech.péhunco@digital.tech.péhunco.bj,digitaltechpéhunco.bj,TPE (<10),B2B,APIEx,,Actif,2026-06-29T00:14:35.959843,haute
BJ-D763E94E,Connect Mobile International,Télécommunications,Tchaourou,+229 81 30 57 17,connect.mobile.international@connect.mobile.international.com,,Grande (>200),B2B,APIEx,,Actif,2026-06-29T00:14:35.959878,moyenne
BJ-5C35E37A,Mobile Mobile Bénin,Télécommunications,Tchaourou,+229 35 63 50 28,mobile.mobile.bénin@mobile.mobile.bénin.benin,mobilemobilebénin.bj,PME (10-50),B2B,APIEx,,Actif,2026-06-29T00:14:35.959921,haute
BJ-A0DB3A44,Internet Mobile Bénin,Télécommunications,Tchaourou,+229 65 49 62 43,internet.mobile.bénin@internet.mobile.bénin.benin,internetmobilebénin.bj,PME (10-50),B2B,APIEx,,Actif,2026-06-29T00:14:35.959936,haute
BJ-D3AA3B94,Connect Fiber SA,Télécommunications,Tchaourou,+229 92 36 48 62,connect.fiber.sa@connect.fiber.sa.benin,connectfibersa.bj,Grande (>200),B2B,APIEx,,Actif,2026-06-29T00:14:35.959948,haute
BJ-39409F04,Mobile Wireless,Télécommunications,Tchaourou,+229 73 31 46 65,mobile.wireless@mobile.wireless.bj,mobilewireless.bj,TPE (<10),B2C,APIEx,,Actif,2026-06-29T00:14:35.959960,haute
BJ-903DB5D2,Internet Africa,Télécommunications,Nikki,+229 37 29 33 59,internet.africa@internet.africa.com,internetafrica.bj,TPE (<10),B2B,APIEx,,Actif,2026-06-29T00:14:35.959978,haute
BJ-001EAE4F,Réseau Mobile,Télécommunications,Nikki,+229 87 40 38 82,réseau.mobile@réseau.mobile.com,,TPE (<10),B2B,APIEx,,Actif,2026-06-29T00:14:35.959990,moyenne
BJ-33BE7174,Réseau Voice Africa,Télécommunications,Nikki,+229 79 12 70 58,réseau.voice.africa@réseau.voice.africa.bj,réseauvoiceafrica.bj,TPE (<10),B2C,APIEx,,Actif,2026-06-29T00:14:35.960002,haute
BJ-65586153,Wireless Africa,Télécommunications,Nikki,+229 80 22 61 90,wireless.africa@wireless.africa.com,,TPE (<10),B2B,APIEx,,Actif,2026-06-29T00:14:35.960016,moyenne
BJ-2F0B6132,Mobile Wireless Groupe,Télécommunications,Nikki,+229 41 81 58 17,mobile.wireless.groupe@mobile.wireless.groupe.bj,mobilewirelessgroupe.bj,TPE (<10),B2B,APIEx,,Actif,2026-06-29T00:14:35.960031,haute
BJ-DF3142AD,Fiber Groupe Bembéréké,Télécommunications,Bembéréké,+229 26 10 54 94,fiber.groupe.bembéréké@fiber.groupe.bembéréké.com,fibergroupebembéréké.bj,TPE (<10),B2B,APIEx,,Actif,2026-06-29T00:14:35.960050,haute
BJ-85F116DB,Internet Wireless Bembéréké,Télécommunications,Bembéréké,+229 58 96 85 10,internet.wireless.bembéréké@internet.wireless.bembéréké.benin,,TPE (<10),B2C,APIEx,,Actif,2026-06-29T00:14:35.960062,moyenne
BJ-D98C54A7,Satellite Telecom Bembéréké,Télécommunications,Bembéréké,+229 63 58 26 40,satellite.telecom.bembéréké@satellite.telecom.bembéréké.net,satellitetelecombembéréké.bj,Grande (>200),B2C,APIEx,,Actif,2026-06-29T00:14:35.960075,haute
BJ-7A00CE0C,Satellite Bembéréké,Télécommunications,Bembéréké,+229 89 11 90 72,satellite.bembéréké@satellite.bembéréké.org,satellitebembéréké.bj,PME (10-50),B2C,APIEx,,Actif,2026-06-29T00:14:35.960090,haute
BJ-AA13F64E,Communication Bembéréké,Télécommunications,Bembéréké,+229 90 34 49 77,communication.bembéréké@communication.bembéréké.com,communicationbembéréké.bj,Grande (>200),B2B,APIEx,,Actif,2026-06-29T00:14:35.960102,haute
BJ-BAC5E037,Digital Tech,Télécommunications,Kalalé,+229 50 59 76 18,digital.tech@digital.tech.net,digitaltech.bj,TPE (<10),B2B,APIEx,,Actif,2026-06-29T00:14:35.960131,haute
BJ-FCB187A4,Télécom Satellite,Télécommunications,Kalalé,+229 83 14 49 11,,,PME (50-200),B2C,APIEx,,Actif,2026-06-29T00:14:35.960141,basse
BJ-FBDD56FA,Digital Satellite,Télécommunications,Kalalé,+229 26 68 83 19,digital.satellite@digital.satellite.benin,digitalsatellite.bj,TPE (<10),B2B,APIEx,,Actif,2026-06-29T00:14:35.960156,haute
BJ-F2D3CA42,Internet Fiber SARL,Télécommunications,Kalalé,+229 39 23 55 36,internet.fiber.sarl@internet.fiber.sarl.benin,,Grande (>200),B2B,APIEx,,Actif,2026-06-29T00:14:35.960170,moyenne
BJ-92A57410,Réseau Voice SARL Ndali,Télécommunications,Ndali,+229 66 33 59 36,,réseauvoicesarlndali.bj,Grande (>200),B2C,APIEx,,Actif,2026-06-29T00:14:35.960188,moyenne
BJ-4D40A306,Mobile Wireless SA,Télécommunications,Ndali,+229 66 20 49 29,mobile.wireless.sa@mobile.wireless.sa.benin,mobilewirelesssa.bj,PME (10-50),B2B,APIEx,,Actif,2026-06-29T00:14:35.960200,haute
BJ-1640A8F3,Voice,Télécommunications,Ndali,+229 70 34 51 92,,,PME (50-200),B2B,APIEx,,Actif,2026-06-29T00:14:35.960210,basse
BJ-04F3631F,Télécom Digital Groupe Ndali,Télécommunications,Ndali,+229 29 37 61 92,télécom.digital.groupe.ndali@télécom.digital.groupe.ndali.net,,TPE (<10),B2B,APIEx,,Actif,2026-06-29T00:14:35.960221,moyenne
BJ-7CBC397B,Mobile SA,Télécommunications,Ndali,+229 30 43 45 47,mobile.sa@mobile.sa.com,,PME (10-50),B2C,APIEx,,Actif,2026-06-29T00:14:35.960233,moyenne
BJ-B3A4C15E,Wireless Bénin Ségbana,Télécommunications,Ségbana,+229 97 30 69 62,,wirelessbéninségbana.bj,PME (50-200),B2B,APIEx,,Actif,2026-06-29T00:14:35.960250,moyenne
BJ-F7363C07,Fiber Telecom,Télécommunications,Ségbana,+229 35 62 80 42,fiber.telecom@fiber.telecom.net,fibertelecom.bj,PME (10-50),B2C,APIEx,,Actif,2026-06-29T00:14:35.960268,haute
BJ-E80754C2,Télécom,Télécommunications,Ségbana,+229 41 54 14 35,télécom@télécom.org,,PME (10-50),B2C,APIEx,,Actif,2026-06-29T00:14:35.960280,moyenne
BJ-E5B9DBA1,Digital Bénin,Télécommunications,Ségbana,+229 65 13 97 63,digital.bénin@digital.bénin.bj,digitalbénin.bj,PME (50-200),B2B,APIEx,,Actif,2026-06-29T00:14:35.960295,haute
BJ-2C88D8EA,Digital,Télécommunications,Tchaourou,+229 43 78 62 95,,digital.bj,PME (50-200),B2C,APIEx,,Actif,2026-06-29T00:14:35.960323,moyenne
BJ-FDC1BDEF,Réseau Internet Groupe Tchaourou,Télécommunications,Tchaourou,+229 36 82 33 51,,réseauinternetgroupetchaourou.bj,TPE (<10),B2C,APIEx,,Actif,2026-06-29T00:14:35.960335,moyenne
BJ-B1543842,Réseau SA,Télécommunications,Tchaourou,+229 52 12 52 26,,réseausa.bj,TPE (<10),B2B,APIEx,,Actif,2026-06-29T00:14:35.960346,moyenne
BJ-8132FF8F,Wireless Groupe Tchaourou,Télécommunications,Tchaourou,+229 46 51 27 77,wireless.groupe.tchaourou@wireless.groupe.tchaourou.com,wirelessgroupetchaourou.bj,PME (50-200),B2B,APIEx,,Actif,2026-06-29T00:14:35.960358,haute
BJ-663450AF,Connect Internet SA,Télécommunications,Tchaourou,+229 45 47 55 19,,connectinternetsa.bj,PME (50-200),B2B,APIEx,,Actif,2026-06-29T00:14:35.960368,moyenne
BJ-FC085669,Internet SA,Télécommunications,Bétérou,+229 65 23 13 71,internet.sa@internet.sa.benin,internetsa.bj,PME (50-200),B2B,APIEx,,Actif,2026-06-29T00:14:35.960386,haute
BJ-2F81B841,Réseau Data Groupe,Télécommunications,Bétérou,+229 51 80 30 79,réseau.data.groupe@réseau.data.groupe.benin,réseaudatagroupe.bj,PME (10-50),B2B,APIEx,,Actif,2026-06-29T00:14:35.960399,haute
BJ-683EC83A,Mobile Telecom,Télécommunications,Bétérou,+229 77 28 76 97,mobile.telecom@mobile.telecom.com,mobiletelecom.bj,PME (10-50),B2B,APIEx,,Actif,2026-06-29T00:14:35.960410,haute
BJ-7D5384D9,Connect Mobile Africa,Télécommunications,Bétérou,+229 96 62 94 89,connect.mobile.africa@connect.mobile.africa.com,,PME (10-50),B2C,APIEx,,Actif,2026-06-29T00:14:35.960424,moyenne
BJ-D3620771,Réseau Communication,Télécommunications,Bétérou,+229 41 16 88 20,,réseaucommunication.bj,TPE (<10),B2C,APIEx,,Actif,2026-06-29T00:14:35.960435,moyenne
BJ-F49379B9,Satellite,Télécommunications,Ouessè,+229 26 99 98 58,satellite@satellite.benin,satellite.bj,PME (10-50),B2C,APIEx,,Actif,2026-06-29T00:14:35.960471,haute
BJ-482D45EB,Wireless Ouessè,Télécommunications,Ouessè,+229 65 92 76 91,,wirelessouessè.bj,PME (10-50),B2C,APIEx,,Actif,2026-06-29T00:14:35.960497,moyenne
BJ-1F37F156,Tech International,Télécommunications,Ouessè,+229 35 65 48 46,tech.international@tech.international.benin,techinternational.bj,PME (10-50),B2C,APIEx,,Actif,2026-06-29T00:14:35.960508,haute
BJ-AF7C1B42,Télécom Connect,Télécommunications,Glazoué,+229 73 85 49 57,télécom.connect@télécom.connect.net,télécomconnect.bj,Grande (>200),B2C,APIEx,,Actif,2026-06-29T00:14:35.960526,haute
BJ-58EA8A17,Connect Communication Telecom,Télécommunications,Glazoué,+229 27 89 38 82,connect.communication.telecom@connect.communication.telecom.bj,,PME (10-50),B2B,APIEx,,Actif,2026-06-29T00:14:35.960537,moyenne
BJ-213623AA,Internet Communication,Télécommunications,Glazoué,+229 72 50 26 59,internet.communication@internet.communication.net,,TPE (<10),B2C,APIEx,,Actif,2026-06-29T00:14:35.960548,moyenne
BJ-2D64DAF3,Digital Mobile,Télécommunications,Glazoué,+229 57 71 40 34,,digitalmobile.bj,Grande (>200),B2C,APIEx,,Actif,2026-06-29T00:14:35.960562,moyenne
BJ-88BFA83F,Tech Bénin,Télécommunications,Glazoué,+229 91 77 41 35,tech.bénin@tech.bénin.org,techbénin.bj,PME (50-200),B2C,APIEx,,Actif,2026-06-29T00:14:35.960577,haute
BJ-E8777415,Internet Réseau Groupe,Télécommunications,Dassa-Zoumè,+229 46 31 39 75,internet.réseau.groupe@internet.réseau.groupe.net,internetréseaugroupe.bj,PME (50-200),B2B,APIEx,,Actif,2026-06-29T00:14:35.960596,haute
BJ-57D00D05,Télécom Fiber International Dassa-Zoumè,Télécommunications,Dassa-Zoumè,+229 63 24 31 71,télécom.fiber.international.dassazoumè@télécom.fiber.international.dassazoumè.org,,TPE (<10),B2C,APIEx,,Actif,2026-06-29T00:14:35.960608,moyenne
BJ-07815F91,Digital Africa,Télécommunications,Dassa-Zoumè,+229 25 29 64 67,digital.africa@digital.africa.benin,digitalafrica.bj,PME (50-200),B2C,APIEx,,Actif,2026-06-29T00:14:35.960620,haute
BJ-259F0786,Digital Satellite,Télécommunications,Dassa-Zoumè,+229 38 49 66 49,digital.satellite@digital.satellite.com,digitalsatellite.bj,TPE (<10),B2B,APIEx,,Actif,2026-06-29T00:14:35.960644,haute
BJ-D5F2EE96,Réseau Savalou,Télécommunications,Savalou,+229 48 79 91 29,,réseausavalou.bj,TPE (<10),B2C,APIEx,,Actif,2026-06-29T00:14:35.960660,moyenne
BJ-2B8C4E9A,Télécom Wireless Bénin,Télécommunications,Savalou,+229 92 20 28 98,télécom.wireless.bénin@télécom.wireless.bénin.net,télécomwirelessbénin.bj,TPE (<10),B2C,APIEx,,Actif,2026-06-29T00:14:35.960673,haute
BJ-073A69CE,Réseau,Télécommunications,Savalou,+229 79 96 22 31,,réseau.bj,TPE (<10),B2B,APIEx,,Actif,2026-06-29T00:14:35.960683,moyenne
BJ-A332BAEA,Télécom SARL Savalou,Télécommunications,Savalou,+229 96 29 56 17,télécom.sarl.savalou@télécom.sarl.savalou.com,télécomsarlsavalou.bj,PME (50-200),B2C,APIEx,,Actif,2026-06-29T00:14:35.960698,haute
BJ-0A1D06C3,Internet,Télécommunications,Savalou,+229 36 97 37 54,internet@internet.org,internet.bj,PME (10-50),B2B,APIEx,,Actif,2026-06-29T00:14:35.960713,haute
BJ-8B59CF58,Connect Internet Africa,Télécommunications,Bantè,+229 37 26 63 99,connect.internet.africa@connect.internet.africa.net,,Grande (>200),B2C,APIEx,,Actif,2026-06-29T00:14:35.960730,moyenne
BJ-4B104EB8,Télécom Connect SARL,Télécommunications,Bantè,+229 76 97 29 28,télécom.connect.sarl@télécom.connect.sarl.benin,,TPE (<10),B2B,APIEx,,Actif,2026-06-29T00:14:35.960744,moyenne
BJ-ED81DD11,Communication Groupe,Télécommunications,Bantè,+229 25 36 77 11,,communicationgroupe.bj,Grande (>200),B2C,APIEx,,Actif,2026-06-29T00:14:35.960755,moyenne
BJ-067FA4BB,Réseau,Télécommunications,Bantè,+229 21 18 62 96,réseau@réseau.net,réseau.bj,PME (50-200),B2C,APIEx,,Actif,2026-06-29T00:14:35.960767,haute
BJ-860E1EA4,Connect Satellite Africa,Télécommunications,Djougou,+229 55 96 50 28,connect.satellite.africa@connect.satellite.africa.net,connectsatelliteafrica.bj,PME (10-50),B2B,APIEx,,Actif,2026-06-29T00:14:35.960795,haute
BJ-9321A62C,Digital Mobile SARL,Télécommunications,Djougou,+229 22 66 27 53,digital.mobile.sarl@digital.mobile.sarl.com,digitalmobilesarl.bj,Grande (>200),B2B,APIEx,,Actif,2026-06-29T00:14:35.960807,haute
BJ-D61CAE81,Satellite Groupe Djougou,Télécommunications,Djougou,+229 90 57 64 50,satellite.groupe.djougou@satellite.groupe.djougou.net,,TPE (<10),B2B,APIEx,,Actif,2026-06-29T00:14:35.960817,moyenne
BJ-D6D61619,Internet Wireless,Télécommunications,Djougou,+229 68 93 26 88,internet.wireless@internet.wireless.bj,internetwireless.bj,TPE (<10),B2B,APIEx,,Actif,2026-06-29T00:14:35.960831,haute
BJ-536DB1FD,Mobile Connect Djougou,Télécommunications,Djougou,+229 63 82 40 43,,,PME (10-50),B2B,APIEx,,Actif,2026-06-29T00:14:35.960843,basse
BJ-3DE56CC9,Fiber Ouèssè,Télécommunications,Ouèssè,+229 55 60 70 94,fiber.ouèssè@fiber.ouèssè.com,fiberouèssè.bj,TPE (<10),B2C,APIEx,,Actif,2026-06-29T00:14:35.960861,haute
BJ-CCD6A646,Voice,Télécommunications,Ouèssè,+229 54 57 89 30,voice@voice.com,,PME (50-200),B2B,APIEx,,Actif,2026-06-29T00:14:35.960872,moyenne
BJ-D2C63192,Digital SARL,Télécommunications,Ouèssè,+229 37 50 81 66,digital.sarl@digital.sarl.benin,digitalsarl.bj,TPE (<10),B2B,APIEx,,Actif,2026-06-29T00:14:35.960883,haute
BJ-9F2B60CB,Digital Voice Ouèssè,Télécommunications,Ouèssè,+229 49 43 57 89,,,PME (10-50),B2B,APIEx,,Actif,2026-06-29T00:14:35.960903,basse
BJ-C7C9E85F,Mobile Réseau,Télécommunications,Ouèssè,+229 91 28 96 69,mobile.réseau@mobile.réseau.com,mobileréseau.bj,TPE (<10),B2B,APIEx,,Actif,2026-06-29T00:14:35.960947,haute
BJ-6F95046E,Connect Bassila,Télécommunications,Bassila,+229 64 78 68 64,,connectbassila.bj,TPE (<10),B2B,APIEx,,Actif,2026-06-29T00:14:35.960970,moyenne
BJ-2D9914F2,Digital Mobile,Télécommunications,Bassila,+229 43 30 66 27,digital.mobile@digital.mobile.org,digitalmobile.bj,TPE (<10),B2B,APIEx,,Actif,2026-06-29T00:14:35.961005,haute
BJ-AB59C865,Réseau Digital SARL,Télécommunications,Bassila,+229 50 29 69 94,réseau.digital.sarl@réseau.digital.sarl.com,réseaudigitalsarl.bj,PME (50-200),B2B,APIEx,,Actif,2026-06-29T00:14:35.961048,haute
BJ-10F9A160,Internet,Télécommunications,Bassila,+229 97 18 69 71,internet@internet.bj,internet.bj,Grande (>200),B2C,APIEx,,Actif,2026-06-29T00:14:35.961080,haute
BJ-AADB53CF,Connect Communication,Télécommunications,Bassila,+229 73 48 98 87,,connectcommunication.bj,TPE (<10),B2C,APIEx,,Actif,2026-06-29T00:14:35.961093,moyenne
BJ-E5E7B946,Télécom Communication Bénin,Télécommunications,Pehunco,+229 50 40 13 50,télécom.communication.bénin@télécom.communication.bénin.com,télécomcommunicationbénin.bj,PME (10-50),B2B,APIEx,,Actif,2026-06-29T00:14:35.961117,haute
BJ-654BF913,Mobile Internet Bénin Pehunco,Télécommunications,Pehunco,+229 85 33 10 99,mobile.internet.bénin.pehunco@mobile.internet.bénin.pehunco.bj,,TPE (<10),B2B,APIEx,,Actif,2026-06-29T00:14:35.961132,moyenne
BJ-04C9E232,Wireless International Pehunco,Télécommunications,Pehunco,+229 25 38 62 70,wireless.international.pehunco@wireless.international.pehunco.net,wirelessinternationalpehunco.bj,Grande (>200),B2C,APIEx,,Actif,2026-06-29T00:14:35.961145,haute
BJ-CAFE16AD,Réseau Fiber,Télécommunications,Pehunco,+229 55 64 74 61,réseau.fiber@réseau.fiber.benin,réseaufiber.bj,PME (10-50),B2B,APIEx,,Actif,2026-06-29T00:14:35.961158,haute
BJ-F22FA03D,Télécom Tech,Télécommunications,Pehunco,+229 95 51 62 34,télécom.tech@télécom.tech.org,télécomtech.bj,TPE (<10),B2C,APIEx,,Actif,2026-06-29T00:14:35.961171,haute
BJ-F65C67C5,Internet Voice,Télécommunications,Copargo,+229 63 87 83 22,,,TPE (<10),B2B,APIEx,,Actif,2026-06-29T00:14:35.961188,basse
BJ-0B05266F,Internet,Télécommunications,Copargo,+229 88 92 60 83,internet@internet.com,internet.bj,Grande (>200),B2C,APIEx,,Actif,2026-06-29T00:14:35.961201,haute
BJ-A1861BA1,Voice,Télécommunications,Copargo,+229 67 58 18 20,voice@voice.benin,voice.bj,PME (50-200),B2C,APIEx,,Actif,2026-06-29T00:14:35.961226,haute
BJ-1175B095,Connect Groupe,Télécommunications,Copargo,+229 90 15 46 90,connect.groupe@connect.groupe.net,connectgroupe.bj,PME (10-50),B2B,APIEx,,Actif,2026-06-29T00:14:35.961259,haute
BJ-12B04DC0,Internet Connect Telecom,Télécommunications,Copargo,+229 84 80 74 81,internet.connect.telecom@internet.connect.telecom.bj,internetconnecttelecom.bj,TPE (<10),B2B,APIEx,,Actif,2026-06-29T00:14:35.961282,haute
BJ-52992D71,Bétail Bénin,Agriculture & Agroalimentaire,Cotonou,+229 93 43 66 60,,bétailbénin.bj,PME (50-200),B2C,APIEx,,Actif,2026-06-29T00:14:35.961320,moyenne
BJ-2EB69EFC,Ets Agriculture,Agriculture & Agroalimentaire,Cotonou,+229 51 78 64 52,ets.agriculture@ets.agriculture.bj,etsagriculture.bj,PME (50-200),B2C,APIEx,,Actif,2026-06-29T00:14:35.961341,haute
BJ-3E12ECDD,Légume Cotonou,Agriculture & Agroalimentaire,Cotonou,+229 33 76 60 31,légume.cotonou@légume.cotonou.org,légumecotonou.bj,TPE (<10),B2C,APIEx,,Actif,2026-06-29T00:14:35.961356,haute
BJ-40D9157F,Fruit Bénin,Agriculture & Agroalimentaire,Cotonou,+229 23 68 85 76,fruit.bénin@fruit.bénin.com,,Grande (>200),B2C,APIEx,,Actif,2026-06-29T00:14:35.961369,moyenne
BJ-D425E2C2,Agro Agro,Agriculture & Agroalimentaire,Cotonou,+229 91 61 49 87,,agroagro.bj,TPE (<10),B2C,APIEx,,Actif,2026-06-29T00:14:35.961381,moyenne
BJ-F2B82D50,Production Légume Bénin,Agriculture & Agroalimentaire,Abomey-Calavi,+229 52 22 37 50,,,PME (10-50),B2C,APIEx,,Actif,2026-06-29T00:14:35.961400,basse
BJ-A7F01A37,Ferme,Agriculture & Agroalimentaire,Abomey-Calavi,+229 37 74 73 68,,ferme.bj,TPE (<10),B2C,APIEx,,Actif,2026-06-29T00:14:35.961412,moyenne
BJ-8870B9F4,Groupe Fruit,Agriculture & Agroalimentaire,Abomey-Calavi,+229 96 83 78 76,groupe.fruit@groupe.fruit.org,,Grande (>200),B2C,APIEx,,Actif,2026-06-29T00:14:35.961439,moyenne
BJ-F2E2122A,Groupe Plantation Abomey-Calavi,Agriculture & Agroalimentaire,Abomey-Calavi,+229 66 53 13 79,,groupeplantationabomeycalavi.bj,PME (10-50),B2C,APIEx,,Actif,2026-06-29T00:14:35.961451,moyenne
BJ-711253AC,Plantation Industrie,Agriculture & Agroalimentaire,Porto-Novo,+229 23 70 91 82,plantation.industrie@plantation.industrie.net,plantationindustrie.bj,TPE (<10),B2C,APIEx,,Actif,2026-06-29T00:14:35.961470,haute
BJ-4ACC7264,Plantation Ferme SARL,Agriculture & Agroalimentaire,Porto-Novo,+229 59 63 83 63,,,TPE (<10),B2C,APIEx,,Actif,2026-06-29T00:14:35.961482,basse
BJ-308471E6,Bétail Africa,Agriculture & Agroalimentaire,Porto-Novo,+229 82 19 88 16,,,PME (50-200),B2C,APIEx,,Actif,2026-06-29T00:14:35.961492,basse
BJ-49563268,Ets Agro Plantation,Agriculture & Agroalimentaire,Porto-Novo,+229 99 28 20 29,,,PME (50-200),B2C,APIEx,,Actif,2026-06-29T00:14:35.961502,basse
BJ-15E920E6,Fruit,Agriculture & Agroalimentaire,Porto-Novo,+229 42 13 50 13,fruit@fruit.com,,PME (50-200),B2B,APIEx,,Actif,2026-06-29T00:14:35.961514,moyenne
BJ-52644C68,Production Légume Farm Parakou,Agriculture & Agroalimentaire,Parakou,+229 34 77 85 70,production.légume.farm.parakou@production.légume.farm.parakou.org,productionlégumefarmparakou.bj,PME (10-50),B2C,APIEx,,Actif,2026-06-29T00:14:35.961534,haute
BJ-5E0DB055,Plantation,Agriculture & Agroalimentaire,Parakou,+229 65 56 25 13,plantation@plantation.com,plantation.bj,TPE (<10),B2B,APIEx,,Actif,2026-06-29T00:14:35.961551,haute
BJ-8732FFC5,Ferme Légume,Agriculture & Agroalimentaire,Parakou,+229 20 61 55 99,ferme.légume@ferme.légume.org,,PME (50-200),B2B,APIEx,,Actif,2026-06-29T00:14:35.961564,moyenne
BJ-F3E051D6,Plantation Africa,Agriculture & Agroalimentaire,Parakou,+229 86 71 76 14,,plantationafrica.bj,TPE (<10),B2C,APIEx,,Actif,2026-06-29T00:14:35.961578,moyenne
BJ-FEDAAC6B,Légume Africa,Agriculture & Agroalimentaire,Parakou,+229 72 53 52 74,légume.africa@légume.africa.com,,Grande (>200),B2B,APIEx,,Actif,2026-06-29T00:14:35.961591,moyenne
BJ-956E1673,Production Agriculture Bénin,Agriculture & Agroalimentaire,Bohicon,+229 22 28 28 74,,,PME (10-50),B2C,APIEx,,Actif,2026-06-29T00:14:35.961608,basse
BJ-C0E00A08,Plantation Bétail,Agriculture & Agroalimentaire,Bohicon,+229 68 63 55 98,,,TPE (<10),B2B,APIEx,,Actif,2026-06-29T00:14:35.961619,basse
BJ-0316D9B8,Transformation,Agriculture & Agroalimentaire,Bohicon,+229 71 92 75 88,,transformation.bj,TPE (<10),B2B,APIEx,,Actif,2026-06-29T00:14:35.961641,moyenne
BJ-50D9DEA4,Agro Industrie SARL,Agriculture & Agroalimentaire,Bohicon,+229 52 24 28 80,,,PME (10-50),B2C,APIEx,,Actif,2026-06-29T00:14:35.961659,basse
BJ-F4DCD964,Ferme Ferme Plantation Bohicon,Agriculture & Agroalimentaire,Bohicon,+229 78 86 82 15,ferme.ferme.plantation.bohicon@ferme.ferme.plantation.bohicon.bj,,TPE (<10),B2C,APIEx,,Actif,2026-06-29T00:14:35.961684,moyenne
BJ-5A2B9346,Groupe Plantation,Agriculture & Agroalimentaire,Natitingou,+229 48 10 22 96,,groupeplantation.bj,TPE (<10),B2C,APIEx,,Actif,2026-06-29T00:14:35.961722,moyenne
BJ-0EDD7DA7,Élevage Groupe,Agriculture & Agroalimentaire,Natitingou,+229 93 14 26 57,,,TPE (<10),B2C,APIEx,,Actif,2026-06-29T00:14:35.961757,basse
BJ-E6E7D93E,Plantation Industrie Ets,Agriculture & Agroalimentaire,Natitingou,+229 66 57 85 29,plantation.industrie.ets@plantation.industrie.ets.benin,,TPE (<10),B2B,APIEx,,Actif,2026-06-29T00:14:35.961790,moyenne
BJ-09317C84,Légume Agro,Agriculture & Agroalimentaire,Natitingou,+229 31 84 71 29,légume.agro@légume.agro.benin,,TPE (<10),B2C,APIEx,,Actif,2026-06-29T00:14:35.961825,moyenne
BJ-A4D684A7,Groupe Transformation,Agriculture & Agroalimentaire,Natitingou,+229 60 59 86 37,groupe.transformation@groupe.transformation.org,,PME (50-200),B2B,APIEx,,Actif,2026-06-29T00:14:35.961854,moyenne
BJ-137A2C3B,Pêche,Agriculture & Agroalimentaire,Lokossa,+229 97 74 27 19,pêche@pêche.benin,pêche.bj,PME (50-200),B2C,APIEx,,Actif,2026-06-29T00:14:35.961925,haute
BJ-633CFF5F,Groupe Élevage Africa,Agriculture & Agroalimentaire,Lokossa,+229 37 97 64 37,groupe.élevage.africa@groupe.élevage.africa.bj,groupeélevageafrica.bj,TPE (<10),B2C,APIEx,,Actif,2026-06-29T00:14:35.961953,haute
BJ-E269C6E8,Plantation Plantation,Agriculture & Agroalimentaire,Lokossa,+229 65 88 64 71,plantation.plantation@plantation.plantation.benin,plantationplantation.bj,PME (50-200),B2C,APIEx,,Actif,2026-06-29T00:14:35.961981,haute
BJ-B39F5FF9,Agro Céréale,Agriculture & Agroalimentaire,Lokossa,+229 94 28 57 10,,,Grande (>200),B2B,APIEx,,Actif,2026-06-29T00:14:35.962013,basse
BJ-FBBAB09E,Plantation Africa,Agriculture & Agroalimentaire,Lokossa,+229 61 10 56 29,plantation.africa@plantation.africa.com,,TPE (<10),B2C,APIEx,,Actif,2026-06-29T00:14:35.962041,moyenne
BJ-0240EDB4,Bétail,Agriculture & Agroalimentaire,Ouidah,+229 96 66 49 36,bétail@bétail.bj,bétail.bj,PME (50-200),B2C,APIEx,,Actif,2026-06-29T00:14:35.962079,haute
BJ-78202556,Alimentaire Ets,Agriculture & Agroalimentaire,Ouidah,+229 21 46 62 36,alimentaire.ets@alimentaire.ets.org,alimentaireets.bj,PME (10-50),B2B,APIEx,,Actif,2026-06-29T00:14:35.962094,haute
BJ-EC563FE6,Légume Farm,Agriculture & Agroalimentaire,Ouidah,+229 27 78 95 44,légume.farm@légume.farm.bj,,PME (50-200),B2B,APIEx,,Actif,2026-06-29T00:14:35.962119,moyenne
BJ-9DCF554C,Groupe Élevage SARL,Agriculture & Agroalimentaire,Ouidah,+229 77 85 52 76,groupe.élevage.sarl@groupe.élevage.sarl.benin,,PME (10-50),B2C,APIEx,,Actif,2026-06-29T00:14:35.962148,moyenne
BJ-9875C6B6,Ferme,Agriculture & Agroalimentaire,Savalou,+229 92 14 26 89,ferme@ferme.org,,PME (50-200),B2B,APIEx,,Actif,2026-06-29T00:14:35.962197,moyenne
BJ-1E2E2C25,Fruit Plantation,Agriculture & Agroalimentaire,Savalou,+229 32 30 36 59,fruit.plantation@fruit.plantation.net,,TPE (<10),B2C,APIEx,,Actif,2026-06-29T00:14:35.962223,moyenne
BJ-111E783D,Plantation Aquaculture,Agriculture & Agroalimentaire,Savalou,+229 35 55 70 53,plantation.aquaculture@plantation.aquaculture.net,,PME (50-200),B2C,APIEx,,Actif,2026-06-29T00:14:35.962247,moyenne
BJ-50F97D6F,SARL Alimentaire SARL,Agriculture & Agroalimentaire,Savalou,+229 72 86 52 91,,sarlalimentairesarl.bj,TPE (<10),B2C,APIEx,,Actif,2026-06-29T00:14:35.962271,moyenne
BJ-CE41965C,Industrie SARL,Agriculture & Agroalimentaire,Savalou,+229 38 57 82 83,,,PME (10-50),B2C,APIEx,,Actif,2026-06-29T00:14:35.962299,basse
BJ-407C62D3,Industrie,Agriculture & Agroalimentaire,Dassa-Zoumè,+229 67 28 36 81,,industrie.bj,TPE (<10),B2C,APIEx,,Actif,2026-06-29T00:14:35.962338,moyenne
BJ-86071BB9,SARL Transformation,Agriculture & Agroalimentaire,Dassa-Zoumè,+229 45 14 74 72,sarl.transformation@sarl.transformation.org,sarltransformation.bj,TPE (<10),B2B,APIEx,,Actif,2026-06-29T00:14:35.962420,haute
BJ-3C98B960,Bétail,Agriculture & Agroalimentaire,Dassa-Zoumè,+229 61 87 95 27,bétail@bétail.net,bétail.bj,TPE (<10),B2C,APIEx,,Actif,2026-06-29T00:14:35.962457,haute
BJ-865C9DF3,Bétail SARL,Agriculture & Agroalimentaire,Dassa-Zoumè,+229 33 29 50 74,,bétailsarl.bj,PME (50-200),B2C,APIEx,,Actif,2026-06-29T00:14:35.962505,moyenne
BJ-23AB482B,Ets Fruit Groupe,Agriculture & Agroalimentaire,Kétou,+229 48 23 23 67,ets.fruit.groupe@ets.fruit.groupe.benin,,PME (50-200),B2B,APIEx,,Actif,2026-06-29T00:14:35.962540,moyenne
BJ-0657B546,Plantation Alimentaire,Agriculture & Agroalimentaire,Kétou,+229 64 41 41 44,plantation.alimentaire@plantation.alimentaire.bj,,Grande (>200),B2B,APIEx,,Actif,2026-06-29T00:14:35.962562,moyenne
BJ-151D2EBD,Production Bétail Ets,Agriculture & Agroalimentaire,Kétou,+229 37 67 81 43,production.bétail.ets@production.bétail.ets.com,productionbétailets.bj,TPE (<10),B2C,APIEx,,Actif,2026-06-29T00:14:35.962589,haute
BJ-7A84784A,Industrie,Agriculture & Agroalimentaire,Kétou,+229 82 98 86 16,industrie@industrie.benin,,TPE (<10),B2B,APIEx,,Actif,2026-06-29T00:14:35.962613,moyenne
BJ-5D7CB6CF,Céréale SARL,Agriculture & Agroalimentaire,Kétou,+229 33 32 80 37,,céréalesarl.bj,TPE (<10),B2B,APIEx,,Actif,2026-06-29T00:14:35.962634,moyenne
BJ-91740BB6,SARL Céréale,Agriculture & Agroalimentaire,Covè,+229 50 69 49 15,sarl.céréale@sarl.céréale.com,sarlcéréale.bj,PME (10-50),B2C,APIEx,,Actif,2026-06-29T00:14:35.962668,haute
BJ-8020B21D,Agro Alimentaire,Agriculture & Agroalimentaire,Covè,+229 43 47 42 35,agro.alimentaire@agro.alimentaire.bj,agroalimentaire.bj,PME (10-50),B2C,APIEx,,Actif,2026-06-29T00:14:35.962689,haute
BJ-E074DE91,SARL Fruit,Agriculture & Agroalimentaire,Covè,+229 38 73 64 87,sarl.fruit@sarl.fruit.benin,,PME (10-50),B2C,APIEx,,Actif,2026-06-29T00:14:35.962710,moyenne
BJ-D0A23C15,Ferme Bétail Agro,Agriculture & Agroalimentaire,Covè,+229 65 72 11 64,ferme.bétail.agro@ferme.bétail.agro.com,,PME (50-200),B2B,APIEx,,Actif,2026-06-29T00:14:35.962748,moyenne
BJ-8E3BB3B9,Plantation Agro Groupe,Agriculture & Agroalimentaire,Covè,+229 66 45 44 69,,,TPE (<10),B2C,APIEx,,Actif,2026-06-29T00:14:35.962769,basse
BJ-D767D16C,SARL Aquaculture,Agriculture & Agroalimentaire,Pobè,+229 61 57 34 31,sarl.aquaculture@sarl.aquaculture.net,,TPE (<10),B2B,APIEx,,Actif,2026-06-29T00:14:35.962811,moyenne
BJ-CA58F145,Alimentaire,Agriculture & Agroalimentaire,Pobè,+229 34 64 91 15,alimentaire@alimentaire.com,alimentaire.bj,PME (10-50),B2B,APIEx,,Actif,2026-06-29T00:14:35.962836,haute
BJ-6DCBB83B,Aquaculture,Agriculture & Agroalimentaire,Pobè,+229 79 58 85 18,aquaculture@aquaculture.benin,,TPE (<10),B2C,APIEx,,Actif,2026-06-29T00:14:35.962855,moyenne
BJ-FF948121,Fruit Farm Pobè,Agriculture & Agroalimentaire,Pobè,+229 57 76 45 90,fruit.farm.pobè@fruit.farm.pobè.net,fruitfarmpobè.bj,PME (10-50),B2C,APIEx,,Actif,2026-06-29T00:14:35.962876,haute
BJ-860D4481,Agro Aquaculture Pobè,Agriculture & Agroalimentaire,Pobè,+229 22 18 62 50,agro.aquaculture.pobè@agro.aquaculture.pobè.com,agroaquaculturepobè.bj,PME (10-50),B2B,APIEx,,Actif,2026-06-29T00:14:35.962914,haute
BJ-330D3615,Élevage Africa,Agriculture & Agroalimentaire,Sakété,+229 51 10 10 42,,,TPE (<10),B2C,APIEx,,Actif,2026-06-29T00:14:35.962948,basse
BJ-CBE0345F,Élevage,Agriculture & Agroalimentaire,Sakété,+229 25 42 86 34,élevage@élevage.com,élevage.bj,TPE (<10),B2C,APIEx,,Actif,2026-06-29T00:14:35.962979,haute
BJ-E6E9576D,Production Pêche Africa Sakété,Agriculture & Agroalimentaire,Sakété,+229 98 81 55 46,,productionpêcheafricasakété.bj,PME (50-200),B2B,APIEx,,Actif,2026-06-29T00:14:35.963004,moyenne
BJ-2EA5E06F,Transformation SARL,Agriculture & Agroalimentaire,Sakété,+229 57 34 17 61,transformation.sarl@transformation.sarl.org,transformationsarl.bj,PME (10-50),B2C,APIEx,,Actif,2026-06-29T00:14:35.963035,haute
BJ-ADAB1690,Groupe Céréale,Agriculture & Agroalimentaire,Sakété,+229 35 78 78 10,groupe.céréale@groupe.céréale.com,groupecéréale.bj,Grande (>200),B2B,APIEx,,Actif,2026-06-29T00:14:35.963058,haute
BJ-A5A26B43,Plantation Ets Adjara,Agriculture & Agroalimentaire,Adjara,+229 86 32 65 28,plantation.ets.adjara@plantation.ets.adjara.bj,,TPE (<10),B2B,APIEx,,Actif,2026-06-29T00:14:35.963103,moyenne
BJ-EC77789B,Ferme Bénin,Agriculture & Agroalimentaire,Adjara,+229 99 80 89 24,,,TPE (<10),B2B,APIEx,,Actif,2026-06-29T00:14:35.963135,basse
BJ-488111E1,Élevage,Agriculture & Agroalimentaire,Adjara,+229 73 60 49 80,élevage@élevage.com,,PME (50-200),B2B,APIEx,,Actif,2026-06-29T00:14:35.963169,moyenne
BJ-8A66A16B,Ets Légume Bénin,Agriculture & Agroalimentaire,Adjara,+229 27 15 88 11,,etslégumebénin.bj,TPE (<10),B2C,APIEx,,Actif,2026-06-29T00:14:35.963200,moyenne
BJ-55642F45,Production Industrie SARL,Agriculture & Agroalimentaire,Adjara,+229 41 54 11 47,production.industrie.sarl@production.industrie.sarl.net,,TPE (<10),B2C,APIEx,,Actif,2026-06-29T00:14:35.963222,moyenne
BJ-1B73341C,Groupe Alimentaire Ets,Agriculture & Agroalimentaire,Allada,+229 71 18 83 27,groupe.alimentaire.ets@groupe.alimentaire.ets.net,,TPE (<10),B2C,APIEx,,Actif,2026-06-29T00:14:35.963269,moyenne
BJ-8B088C5D,Production Pêche Bénin,Agriculture & Agroalimentaire,Allada,+229 88 15 59 46,production.pêche.bénin@production.pêche.bénin.net,productionpêchebénin.bj,PME (50-200),B2B,APIEx,,Actif,2026-06-29T00:14:35.963302,haute
BJ-B9E62259,Agro Céréale Farm,Agriculture & Agroalimentaire,Allada,+229 23 99 22 83,,,TPE (<10),B2B,APIEx,,Actif,2026-06-29T00:14:35.963325,basse
BJ-629EED0C,SARL Pêche SARL,Agriculture & Agroalimentaire,Allada,+229 43 79 63 90,,,PME (10-50),B2B,APIEx,,Actif,2026-06-29T00:14:35.963360,basse
BJ-01EBB547,Aquaculture,Agriculture & Agroalimentaire,Allada,+229 54 17 52 82,,aquaculture.bj,TPE (<10),B2C,APIEx,,Actif,2026-06-29T00:14:35.963386,moyenne
BJ-6AEAAA14,Alimentaire Ets,Agriculture & Agroalimentaire,Aplahoué,+229 52 28 14 94,,alimentaireets.bj,TPE (<10),B2B,APIEx,,Actif,2026-06-29T00:14:35.963455,moyenne
BJ-EEAD22DC,Légume,Agriculture & Agroalimentaire,Aplahoué,+229 88 87 87 48,légume@légume.bj,légume.bj,TPE (<10),B2B,APIEx,,Actif,2026-06-29T00:14:35.963488,haute
BJ-BE122052,SARL Agriculture Aplahoué,Agriculture & Agroalimentaire,Aplahoué,+229 29 51 71 44,,,TPE (<10),B2B,APIEx,,Actif,2026-06-29T00:14:35.963516,basse
BJ-A43B2A74,Plantation Fruit,Agriculture & Agroalimentaire,Aplahoué,+229 29 63 38 86,plantation.fruit@plantation.fruit.com,plantationfruit.bj,Grande (>200),B2C,APIEx,,Actif,2026-06-29T00:14:35.963545,haute
BJ-4A2546A3,Groupe Élevage Aplahoué,Agriculture & Agroalimentaire,Aplahoué,+229 91 70 64 91,groupe.élevage.aplahoué@groupe.élevage.aplahoué.bj,groupeélevageaplahoué.bj,PME (50-200),B2C,APIEx,,Actif,2026-06-29T00:14:35.963562,haute
BJ-BEDA94B3,Ferme Fruit,Agriculture & Agroalimentaire,Dogbo-Tota,+229 21 23 48 34,ferme.fruit@ferme.fruit.benin,fermefruit.bj,PME (50-200),B2B,APIEx,,Actif,2026-06-29T00:14:35.963589,haute
BJ-5AC86A8B,SARL Élevage,Agriculture & Agroalimentaire,Dogbo-Tota,+229 59 46 76 86,sarl.élevage@sarl.élevage.net,,PME (10-50),B2B,APIEx,,Actif,2026-06-29T00:14:35.963604,moyenne
BJ-2A2E726C,Élevage Dogbo-Tota,Agriculture & Agroalimentaire,Dogbo-Tota,+229 52 70 34 77,,élevagedogbotota.bj,PME (10-50),B2C,APIEx,,Actif,2026-06-29T00:14:35.963623,moyenne
BJ-6216C9F3,Aquaculture,Agriculture & Agroalimentaire,Dogbo-Tota,+229 88 92 87 44,aquaculture@aquaculture.org,,Grande (>200),B2B,APIEx,,Actif,2026-06-29T00:14:35.963640,moyenne
BJ-9FF0F110,Alimentaire Farm,Agriculture & Agroalimentaire,Dogbo-Tota,+229 36 81 45 68,alimentaire.farm@alimentaire.farm.benin,,PME (50-200),B2C,APIEx,,Actif,2026-06-29T00:14:35.963653,moyenne
BJ-F947E385,Aquaculture Plantation,Agriculture & Agroalimentaire,Kpomassè,+229 40 53 57 19,aquaculture.plantation@aquaculture.plantation.org,,TPE (<10),B2B,APIEx,,Actif,2026-06-29T00:14:35.963674,moyenne
BJ-005C99A1,Plantation Transformation Kpomassè,Agriculture & Agroalimentaire,Kpomassè,+229 36 75 47 72,plantation.transformation.kpomassè@plantation.transformation.kpomassè.org,plantationtransformationkpomassè.bj,PME (50-200),B2B,APIEx,,Actif,2026-06-29T00:14:35.963707,haute
BJ-C5A8A5AA,Industrie Agro Kpomassè,Agriculture & Agroalimentaire,Kpomassè,+229 69 36 76 85,,industrieagrokpomassè.bj,TPE (<10),B2B,APIEx,,Actif,2026-06-29T00:14:35.963736,moyenne
BJ-56C607DF,Légume Groupe,Agriculture & Agroalimentaire,Kpomassè,+229 95 50 61 88,,,Grande (>200),B2C,APIEx,,Actif,2026-06-29T00:14:35.963759,basse
BJ-4D27CD72,Groupe Ferme Africa,Agriculture & Agroalimentaire,Kpomassè,+229 91 19 12 33,,,PME (10-50),B2C,APIEx,,Actif,2026-06-29T00:14:35.963786,basse
BJ-C2F66F53,Ets Céréale,Agriculture & Agroalimentaire,Tori-Bossito,+229 63 92 57 26,,,PME (10-50),B2C,APIEx,,Actif,2026-06-29T00:14:35.963817,basse
BJ-32674CA6,Agro Ets,Agriculture & Agroalimentaire,Tori-Bossito,+229 97 38 98 42,,,TPE (<10),B2B,APIEx,,Actif,2026-06-29T00:14:35.963836,basse
BJ-E86618DD,Plantation,Agriculture & Agroalimentaire,Tori-Bossito,+229 38 23 59 94,plantation@plantation.benin,plantation.bj,PME (50-200),B2C,APIEx,,Actif,2026-06-29T00:14:35.963858,haute
BJ-61F7F44A,Ferme Agro Farm Tori-Bossito,Agriculture & Agroalimentaire,Tori-Bossito,+229 21 79 48 96,,,TPE (<10),B2B,APIEx,,Actif,2026-06-29T00:14:35.963915,basse
BJ-C4EC14CD,Transformation,Agriculture & Agroalimentaire,Tori-Bossito,+229 55 18 91 75,,,TPE (<10),B2B,APIEx,,Actif,2026-06-29T00:14:35.963946,basse
BJ-292AB1CD,Plantation Grand-Popo,Agriculture & Agroalimentaire,Grand-Popo,+229 78 48 23 51,,plantationgrandpopo.bj,TPE (<10),B2C,APIEx,,Actif,2026-06-29T00:14:35.963991,moyenne
BJ-4849E461,Céréale Groupe,Agriculture & Agroalimentaire,Grand-Popo,+229 51 93 39 47,céréale.groupe@céréale.groupe.com,céréalegroupe.bj,PME (10-50),B2B,APIEx,,Actif,2026-06-29T00:14:35.964021,haute
BJ-65396FD2,Agro Céréale,Agriculture & Agroalimentaire,Grand-Popo,+229 28 49 76 59,,,TPE (<10),B2B,APIEx,,Actif,2026-06-29T00:14:35.964051,basse
BJ-E8722D65,Agro Agro Ets,Agriculture & Agroalimentaire,Grand-Popo,+229 52 13 78 76,,,PME (10-50),B2C,APIEx,,Actif,2026-06-29T00:14:35.964076,basse
BJ-3D29DA35,SARL Aquaculture Groupe,Agriculture & Agroalimentaire,Grand-Popo,+229 52 68 96 55,sarl.aquaculture.groupe@sarl.aquaculture.groupe.bj,,TPE (<10),B2C,APIEx,,Actif,2026-06-29T00:14:35.964102,moyenne
BJ-567CEDBD,Agro Ferme Plantation,Agriculture & Agroalimentaire,Athiémé,+229 99 18 86 16,,agrofermeplantation.bj,Grande (>200),B2C,APIEx,,Actif,2026-06-29T00:14:35.964139,moyenne
BJ-B24DF996,Pêche Groupe Athiémé,Agriculture & Agroalimentaire,Athiémé,+229 98 34 83 12,,,TPE (<10),B2C,APIEx,,Actif,2026-06-29T00:14:35.964165,basse
BJ-808BF99D,Céréale Ets,Agriculture & Agroalimentaire,Athiémé,+229 85 39 57 38,céréale.ets@céréale.ets.org,,TPE (<10),B2B,APIEx,,Actif,2026-06-29T00:14:35.964193,moyenne
BJ-CEA1F5FD,Agro Fruit Africa,Agriculture & Agroalimentaire,Athiémé,+229 32 62 20 86,,agrofruitafrica.bj,TPE (<10),B2C,APIEx,,Actif,2026-06-29T00:14:35.964222,moyenne
BJ-79052235,Alimentaire Plantation,Agriculture & Agroalimentaire,Athiémé,+229 89 70 68 54,,alimentaireplantation.bj,PME (50-200),B2B,APIEx,,Actif,2026-06-29T00:14:35.964249,moyenne
BJ-697ADB02,SARL Aquaculture SARL,Agriculture & Agroalimentaire,Bopa,+229 96 31 29 86,sarl.aquaculture.sarl@sarl.aquaculture.sarl.com,sarlaquaculturesarl.bj,PME (10-50),B2C,APIEx,,Actif,2026-06-29T00:14:35.964286,haute
BJ-839A5701,Groupe Fruit,Agriculture & Agroalimentaire,Bopa,+229 63 34 70 20,,groupefruit.bj,PME (10-50),B2B,APIEx,,Actif,2026-06-29T00:14:35.964312,moyenne
BJ-767BFDC9,Agro Industrie Bénin Bopa,Agriculture & Agroalimentaire,Bopa,+229 88 60 83 45,,,PME (50-200),B2B,APIEx,,Actif,2026-06-29T00:14:35.964338,basse
BJ-9B01D92D,Ferme Plantation Groupe,Agriculture & Agroalimentaire,Bopa,+229 67 75 16 88,ferme.plantation.groupe@ferme.plantation.groupe.bj,,PME (50-200),B2C,APIEx,,Actif,2026-06-29T00:14:35.964366,moyenne
BJ-4EF8AA91,Industrie Farm,Agriculture & Agroalimentaire,Houéyogbé,+229 62 67 76 26,industrie.farm@industrie.farm.benin,industriefarm.bj,TPE (<10),B2B,APIEx,,Actif,2026-06-29T00:14:35.964432,haute
BJ-ECC70B7A,Ets Élevage Groupe,Agriculture & Agroalimentaire,Houéyogbé,+229 89 58 59 61,ets.élevage.groupe@ets.élevage.groupe.net,etsélevagegroupe.bj,PME (10-50),B2B,APIEx,,Actif,2026-06-29T00:14:35.964497,haute
BJ-90E8ACAC,Céréale,Agriculture & Agroalimentaire,Houéyogbé,+229 64 69 16 10,céréale@céréale.benin,céréale.bj,TPE (<10),B2B,APIEx,,Actif,2026-06-29T00:14:35.964533,haute
BJ-46B34E56,Ferme Agro Agro,Agriculture & Agroalimentaire,Houéyogbé,+229 42 80 17 98,ferme.agro.agro@ferme.agro.agro.bj,fermeagroagro.bj,TPE (<10),B2B,APIEx,,Actif,2026-06-29T00:14:35.964567,haute
BJ-86409710,Transformation,Agriculture & Agroalimentaire,Malanville,+229 91 31 42 51,transformation@transformation.benin,transformation.bj,Grande (>200),B2B,APIEx,,Actif,2026-06-29T00:14:35.964606,haute
BJ-1524DC1E,Ets Fruit Bénin,Agriculture & Agroalimentaire,Malanville,+229 79 57 79 69,ets.fruit.bénin@ets.fruit.bénin.net,,TPE (<10),B2C,APIEx,,Actif,2026-06-29T00:14:35.964655,moyenne
BJ-EDB960D8,Production Fruit Plantation,Agriculture & Agroalimentaire,Malanville,+229 36 97 66 74,,productionfruitplantation.bj,PME (10-50),B2B,APIEx,,Actif,2026-06-29T00:14:35.964686,moyenne
BJ-38A8D1CA,Industrie SARL,Agriculture & Agroalimentaire,Malanville,+229 86 75 78 85,industrie.sarl@industrie.sarl.bj,industriesarl.bj,Grande (>200),B2C,APIEx,,Actif,2026-06-29T00:14:35.964713,haute
BJ-9DF3C466,Agro Alimentaire Ets,Agriculture & Agroalimentaire,Malanville,+229 71 55 58 31,,,Grande (>200),B2C,APIEx,,Actif,2026-06-29T00:14:35.964739,basse
BJ-CDCEF861,Ferme Fruit Agro,Agriculture & Agroalimentaire,Kandi,+229 90 48 15 69,,,PME (10-50),B2B,APIEx,,Actif,2026-06-29T00:14:35.964773,basse
BJ-DA2D119E,Plantation Bétail Ets,Agriculture & Agroalimentaire,Kandi,+229 32 42 75 61,plantation.bétail.ets@plantation.bétail.ets.net,plantationbétailets.bj,PME (10-50),B2B,APIEx,,Actif,2026-06-29T00:14:35.964831,haute
BJ-740D0817,Céréale Africa,Agriculture & Agroalimentaire,Kandi,+229 85 19 68 66,céréale.africa@céréale.africa.com,céréaleafrica.bj,TPE (<10),B2C,APIEx,,Actif,2026-06-29T00:14:35.964862,haute
BJ-1D9D3C6D,Plantation Agriculture Kandi,Agriculture & Agroalimentaire,Kandi,+229 62 90 66 94,,,TPE (<10),B2B,APIEx,,Actif,2026-06-29T00:14:35.964887,basse
BJ-F7CEFF7B,Pêche Farm,Agriculture & Agroalimentaire,Banikoara,+229 47 12 28 85,pêche.farm@pêche.farm.org,pêchefarm.bj,TPE (<10),B2B,APIEx,,Actif,2026-06-29T00:14:35.964949,haute
BJ-88D85CDA,Bétail Agro,Agriculture & Agroalimentaire,Banikoara,+229 22 11 84 90,bétail.agro@bétail.agro.benin,bétailagro.bj,PME (50-200),B2C,APIEx,,Actif,2026-06-29T00:14:35.964982,haute
BJ-8622B117,Production Légume Farm,Agriculture & Agroalimentaire,Banikoara,+229 25 88 82 81,production.légume.farm@production.légume.farm.com,productionlégumefarm.bj,TPE (<10),B2C,APIEx,,Actif,2026-06-29T00:14:35.965014,haute
BJ-F88ED83F,Pêche SARL,Agriculture & Agroalimentaire,Banikoara,+229 38 16 38 24,pêche.sarl@pêche.sarl.org,,TPE (<10),B2B,APIEx,,Actif,2026-06-29T00:14:35.965042,moyenne
BJ-8BB6E303,SARL Alimentaire Agro Banikoara,Agriculture & Agroalimentaire,Banikoara,+229 82 10 82 88,sarl.alimentaire.agro.banikoara@sarl.alimentaire.agro.banikoara.org,,PME (10-50),B2B,APIEx,,Actif,2026-06-29T00:14:35.965077,moyenne
BJ-9ADB9872,Ets Légume Plantation,Agriculture & Agroalimentaire,Ségbana,+229 71 49 59 25,,etslégumeplantation.bj,PME (10-50),B2C,APIEx,,Actif,2026-06-29T00:14:35.965192,moyenne
BJ-C0180C45,Agro Farm,Agriculture & Agroalimentaire,Ségbana,+229 59 81 45 42,,,PME (10-50),B2B,APIEx,,Actif,2026-06-29T00:14:35.965204,basse
BJ-F537334C,Plantation Bétail,Agriculture & Agroalimentaire,Ségbana,+229 42 79 26 41,plantation.bétail@plantation.bétail.com,plantationbétail.bj,TPE (<10),B2B,APIEx,,Actif,2026-06-29T00:14:35.965222,haute
BJ-DDD87B41,Alimentaire Agro,Agriculture & Agroalimentaire,Ségbana,+229 63 71 31 42,,,TPE (<10),B2B,APIEx,,Actif,2026-06-29T00:14:35.965235,basse
BJ-C1632745,Bétail Plantation Karimama,Agriculture & Agroalimentaire,Karimama,+229 52 22 28 73,,,TPE (<10),B2C,APIEx,,Actif,2026-06-29T00:14:35.965254,basse
BJ-A90E406E,Fruit Agro,Agriculture & Agroalimentaire,Karimama,+229 95 36 89 16,,,TPE (<10),B2B,APIEx,,Actif,2026-06-29T00:14:35.965276,basse
BJ-7D306953,Groupe Plantation,Agriculture & Agroalimentaire,Karimama,+229 34 29 64 72,,groupeplantation.bj,PME (10-50),B2B,APIEx,,Actif,2026-06-29T00:14:35.965312,moyenne
BJ-C78A312C,Agriculture SARL Karimama,Agriculture & Agroalimentaire,Karimama,+229 41 85 21 99,agriculture.sarl.karimama@agriculture.sarl.karimama.com,,TPE (<10),B2B,APIEx,,Actif,2026-06-29T00:14:35.965342,moyenne
BJ-F0D88E99,Plantation Aquaculture,Agriculture & Agroalimentaire,Karimama,+229 84 93 55 55,,,TPE (<10),B2C,APIEx,,Actif,2026-06-29T00:14:35.965366,basse
BJ-AF3B33B2,Élevage Plantation Gogounou,Agriculture & Agroalimentaire,Gogounou,+229 90 42 71 53,élevage.plantation.gogounou@élevage.plantation.gogounou.net,,PME (10-50),B2C,APIEx,,Actif,2026-06-29T00:14:35.965403,moyenne
BJ-3A14771F,Production Pêche Gogounou,Agriculture & Agroalimentaire,Gogounou,+229 31 26 35 30,production.pêche.gogounou@production.pêche.gogounou.org,,PME (10-50),B2C,APIEx,,Actif,2026-06-29T00:14:35.965435,moyenne
BJ-1C996EF6,Ets Fruit,Agriculture & Agroalimentaire,Gogounou,+229 21 44 14 38,ets.fruit@ets.fruit.bj,,PME (10-50),B2B,APIEx,,Actif,2026-06-29T00:14:35.965461,moyenne
BJ-FD2BE378,Agriculture Bénin,Agriculture & Agroalimentaire,Gogounou,+229 83 23 77 38,agriculture.bénin@agriculture.bénin.bj,agriculturebénin.bj,PME (10-50),B2B,APIEx,,Actif,2026-06-29T00:14:35.965492,haute
BJ-60268A0B,Groupe Pêche SARL,Agriculture & Agroalimentaire,Cobly,+229 53 23 38 74,,,TPE (<10),B2C,APIEx,,Actif,2026-06-29T00:14:35.965554,basse
BJ-17EF4DBB,Agro Élevage,Agriculture & Agroalimentaire,Cobly,+229 58 47 44 19,,agroélevage.bj,Grande (>200),B2B,APIEx,,Actif,2026-06-29T00:14:35.965609,moyenne
BJ-5C329E3D,Agriculture Groupe,Agriculture & Agroalimentaire,Cobly,+229 24 33 38 44,agriculture.groupe@agriculture.groupe.net,agriculturegroupe.bj,PME (10-50),B2B,APIEx,,Actif,2026-06-29T00:14:35.965637,haute
BJ-3A0180F2,Ferme Cobly,Agriculture & Agroalimentaire,Cobly,+229 69 27 93 70,ferme.cobly@ferme.cobly.net,fermecobly.bj,TPE (<10),B2B,APIEx,,Actif,2026-06-29T00:14:35.965663,haute
BJ-7EC05770,Agriculture,Agriculture & Agroalimentaire,Tanguiéta,+229 30 84 87 75,,,PME (10-50),B2B,APIEx,,Actif,2026-06-29T00:14:35.965727,basse
BJ-F5EC16D7,Agriculture Tanguiéta,Agriculture & Agroalimentaire,Tanguiéta,+229 67 43 67 25,,agriculturetanguiéta.bj,TPE (<10),B2C,APIEx,,Actif,2026-06-29T00:14:35.965754,moyenne
BJ-C76C6D27,Plantation Céréale Agro Tanguiéta,Agriculture & Agroalimentaire,Tanguiéta,+229 53 69 27 74,,plantationcéréaleagrotanguiéta.bj,PME (10-50),B2C,APIEx,,Actif,2026-06-29T00:14:35.965784,moyenne
BJ-6A37463A,SARL Industrie SARL Tanguiéta,Agriculture & Agroalimentaire,Tanguiéta,+229 47 45 54 21,,,PME (10-50),B2B,APIEx,,Actif,2026-06-29T00:14:35.965809,basse
BJ-32B6E755,Production Élevage SARL,Agriculture & Agroalimentaire,Matéri,+229 91 26 60 32,production.élevage.sarl@production.élevage.sarl.com,,Grande (>200),B2C,APIEx,,Actif,2026-06-29T00:14:35.965865,moyenne
BJ-68C15626,Aquaculture Farm,Agriculture & Agroalimentaire,Matéri,+229 80 40 10 35,,,PME (10-50),B2C,APIEx,,Actif,2026-06-29T00:14:35.965918,basse
BJ-534F3349,Agro Industrie Agro,Agriculture & Agroalimentaire,Matéri,+229 22 14 61 83,agro.industrie.agro@agro.industrie.agro.com,agroindustrieagro.bj,TPE (<10),B2B,APIEx,,Actif,2026-06-29T00:14:35.965931,haute
BJ-03745971,Plantation Ferme SARL,Agriculture & Agroalimentaire,Natitingou,+229 62 11 73 53,plantation.ferme.sarl@plantation.ferme.sarl.net,plantationfermesarl.bj,Grande (>200),B2B,APIEx,,Actif,2026-06-29T00:14:35.965964,haute
BJ-C5BFC6B4,Agro Alimentaire,Agriculture & Agroalimentaire,Natitingou,+229 20 11 65 90,,,PME (10-50),B2B,APIEx,,Actif,2026-06-29T00:14:35.965976,basse
BJ-E81A0524,SARL Industrie Groupe,Agriculture & Agroalimentaire,Natitingou,+229 87 22 93 61,sarl.industrie.groupe@sarl.industrie.groupe.net,sarlindustriegroupe.bj,TPE (<10),B2B,APIEx,,Actif,2026-06-29T00:14:35.965993,haute
BJ-806BC918,Céréale,Agriculture & Agroalimentaire,Natitingou,+229 59 66 64 47,céréale@céréale.benin,céréale.bj,TPE (<10),B2C,APIEx,,Actif,2026-06-29T00:14:35.966009,haute
BJ-C9595CDF,Élevage,Agriculture & Agroalimentaire,Natitingou,+229 59 58 86 92,,élevage.bj,PME (10-50),B2B,APIEx,,Actif,2026-06-29T00:14:35.966021,moyenne
BJ-801D2B69,Élevage Africa,Agriculture & Agroalimentaire,Toucountouna,+229 37 17 69 71,,,TPE (<10),B2B,APIEx,,Actif,2026-06-29T00:14:35.966040,basse
BJ-3EED9744,Plantation Plantation,Agriculture & Agroalimentaire,Toucountouna,+229 35 56 93 37,,,TPE (<10),B2C,APIEx,,Actif,2026-06-29T00:14:35.966051,basse
BJ-57DF8FAE,Ferme Toucountouna,Agriculture & Agroalimentaire,Toucountouna,+229 70 71 91 10,ferme.toucountouna@ferme.toucountouna.bj,,PME (50-200),B2B,APIEx,,Actif,2026-06-29T00:14:35.966063,moyenne
BJ-FED6B2A1,Ferme Bénin Toucountouna,Agriculture & Agroalimentaire,Toucountouna,+229 45 75 98 70,ferme.bénin.toucountouna@ferme.bénin.toucountouna.bj,,PME (10-50),B2B,APIEx,,Actif,2026-06-29T00:14:35.966080,moyenne
BJ-D7F563D3,Aquaculture Agro,Agriculture & Agroalimentaire,Toucountouna,+229 88 23 87 94,aquaculture.agro@aquaculture.agro.org,aquacultureagro.bj,TPE (<10),B2B,APIEx,,Actif,2026-06-29T00:14:35.966093,haute
BJ-DF92B98F,Industrie,Agriculture & Agroalimentaire,Boukoumbé,+229 67 54 79 15,industrie@industrie.bj,industrie.bj,PME (50-200),B2B,APIEx,,Actif,2026-06-29T00:14:35.966111,haute
BJ-354BB274,SARL Aquaculture,Agriculture & Agroalimentaire,Boukoumbé,+229 99 34 19 95,sarl.aquaculture@sarl.aquaculture.bj,,PME (10-50),B2B,APIEx,,Actif,2026-06-29T00:14:35.966127,moyenne
BJ-4D7B7AA4,Plantation Pêche,Agriculture & Agroalimentaire,Boukoumbé,+229 70 67 38 21,,plantationpêche.bj,PME (50-200),B2B,APIEx,,Actif,2026-06-29T00:14:35.966139,moyenne
BJ-B0391C81,Production Légume,Agriculture & Agroalimentaire,Boukoumbé,+229 22 89 48 65,production.légume@production.légume.net,productionlégume.bj,TPE (<10),B2B,APIEx,,Actif,2026-06-29T00:14:35.966163,haute
BJ-6302B50F,Plantation Fruit,Agriculture & Agroalimentaire,Boukoumbé,+229 69 93 20 66,plantation.fruit@plantation.fruit.com,plantationfruit.bj,Grande (>200),B2B,APIEx,,Actif,2026-06-29T00:14:35.966176,haute
BJ-06B14BEF,Groupe Plantation,Agriculture & Agroalimentaire,Kouandé,+229 62 53 62 97,groupe.plantation@groupe.plantation.com,groupeplantation.bj,PME (10-50),B2C,APIEx,,Actif,2026-06-29T00:14:35.966195,haute
BJ-48779EED,Aquaculture Groupe,Agriculture & Agroalimentaire,Kouandé,+229 31 44 55 94,aquaculture.groupe@aquaculture.groupe.benin,aquaculturegroupe.bj,TPE (<10),B2C,APIEx,,Actif,2026-06-29T00:14:35.966207,haute
BJ-489742C5,Ferme Groupe,Agriculture & Agroalimentaire,Kouandé,+229 45 29 18 79,ferme.groupe@ferme.groupe.com,,TPE (<10),B2B,APIEx,,Actif,2026-06-29T00:14:35.966223,moyenne
BJ-67B777F6,Groupe Agriculture Kouandé,Agriculture & Agroalimentaire,Kouandé,+229 68 28 80 22,groupe.agriculture.kouandé@groupe.agriculture.kouandé.org,groupeagriculturekouandé.bj,Grande (>200),B2C,APIEx,,Actif,2026-06-29T00:14:35.966237,haute
BJ-0966330E,Ferme Bénin,Agriculture & Agroalimentaire,Kouandé,+229 92 25 87 29,,,PME (50-200),B2C,APIEx,,Actif,2026-06-29T00:14:35.966247,basse
BJ-1BB17F1B,Agro Légume Ets,Agriculture & Agroalimentaire,Péhunco,+229 65 59 93 40,,,PME (50-200),B2C,APIEx,,Actif,2026-06-29T00:14:35.966267,basse
BJ-D1975510,SARL Ferme,Agriculture & Agroalimentaire,Péhunco,+229 44 19 17 77,,,PME (10-50),B2B,APIEx,,Actif,2026-06-29T00:14:35.966278,basse
BJ-B3BDE93F,Industrie Ets,Agriculture & Agroalimentaire,Péhunco,+229 83 67 89 92,,,TPE (<10),B2C,APIEx,,Actif,2026-06-29T00:14:35.966289,basse
BJ-0D1C009C,Ets Céréale Péhunco,Agriculture & Agroalimentaire,Péhunco,+229 62 99 27 21,ets.céréale.péhunco@ets.céréale.péhunco.com,etscéréalepéhunco.bj,PME (50-200),B2C,APIEx,,Actif,2026-06-29T00:14:35.966305,haute
BJ-CF21CE60,Groupe Légume,Agriculture & Agroalimentaire,Péhunco,+229 61 58 63 39,,groupelégume.bj,PME (10-50),B2B,APIEx,,Actif,2026-06-29T00:14:35.966317,moyenne
BJ-464623D0,Agro Transformation,Agriculture & Agroalimentaire,Tchaourou,+229 71 61 13 23,,,TPE (<10),B2C,APIEx,,Actif,2026-06-29T00:14:35.966333,basse
BJ-95AF4E61,Fruit Ets,Agriculture & Agroalimentaire,Tchaourou,+229 50 47 64 49,,fruitets.bj,TPE (<10),B2C,APIEx,,Actif,2026-06-29T00:14:35.966344,moyenne
BJ-03B7DCE1,Ferme Agro Plantation,Agriculture & Agroalimentaire,Tchaourou,+229 75 32 54 38,ferme.agro.plantation@ferme.agro.plantation.bj,fermeagroplantation.bj,PME (10-50),B2C,APIEx,,Actif,2026-06-29T00:14:35.966355,haute
BJ-72584F30,Agro Transformation Bénin,Agriculture & Agroalimentaire,Tchaourou,+229 48 29 53 94,,,TPE (<10),B2B,APIEx,,Actif,2026-06-29T00:14:35.966366,basse
BJ-D8D8BF33,SARL Aquaculture Farm,Agriculture & Agroalimentaire,Tchaourou,+229 76 85 21 47,sarl.aquaculture.farm@sarl.aquaculture.farm.bj,sarlaquaculturefarm.bj,PME (50-200),B2B,APIEx,,Actif,2026-06-29T00:14:35.966378,haute
BJ-7BAF5B7D,SARL Céréale,Agriculture & Agroalimentaire,Nikki,+229 28 23 52 62,sarl.céréale@sarl.céréale.com,,PME (10-50),B2C,APIEx,,Actif,2026-06-29T00:14:35.966395,moyenne
BJ-54DF9A42,Aquaculture,Agriculture & Agroalimentaire,Nikki,+229 77 12 88 67,,aquaculture.bj,PME (10-50),B2C,APIEx,,Actif,2026-06-29T00:14:35.966406,moyenne
BJ-60318D4B,Agro Nikki,Agriculture & Agroalimentaire,Nikki,+229 58 67 55 85,,,TPE (<10),B2B,APIEx,,Actif,2026-06-29T00:14:35.966416,basse
BJ-4817164C,Groupe Ferme Groupe,Agriculture & Agroalimentaire,Nikki,+229 78 97 39 97,,,PME (50-200),B2B,APIEx,,Actif,2026-06-29T00:14:35.966433,basse
BJ-13D39453,Fruit Farm Nikki,Agriculture & Agroalimentaire,Nikki,+229 89 59 15 76,fruit.farm.nikki@fruit.farm.nikki.bj,fruitfarmnikki.bj,TPE (<10),B2C,APIEx,,Actif,2026-06-29T00:14:35.966446,haute
BJ-1287234B,Ets Légume SARL,Agriculture & Agroalimentaire,Bembéréké,+229 53 28 33 59,,,Grande (>200),B2C,APIEx,,Actif,2026-06-29T00:14:35.966462,basse
BJ-FF266DC2,Légume Bénin,Agriculture & Agroalimentaire,Bembéréké,+229 40 32 69 79,,légumebénin.bj,PME (10-50),B2B,APIEx,,Actif,2026-06-29T00:14:35.966478,moyenne
BJ-00E4453B,Élevage,Agriculture & Agroalimentaire,Bembéréké,+229 21 63 38 88,élevage@élevage.bj,élevage.bj,PME (10-50),B2B,APIEx,,Actif,2026-06-29T00:14:35.966492,haute
BJ-EBDF4B8B,SARL Fruit,Agriculture & Agroalimentaire,Bembéréké,+229 59 45 31 78,sarl.fruit@sarl.fruit.com,sarlfruit.bj,TPE (<10),B2C,APIEx,,Actif,2026-06-29T00:14:35.966504,haute
BJ-CC20FEFA,Aquaculture,Agriculture & Agroalimentaire,Bembéréké,+229 66 83 99 33,aquaculture@aquaculture.com,,PME (50-200),B2C,APIEx,,Actif,2026-06-29T00:14:35.966516,moyenne
BJ-DAD8FF5A,SARL Céréale Africa,Agriculture & Agroalimentaire,Kalalé,+229 42 31 38 93,sarl.céréale.africa@sarl.céréale.africa.benin,sarlcéréaleafrica.bj,PME (50-200),B2C,APIEx,,Actif,2026-06-29T00:14:35.966535,haute
BJ-8EFE18ED,Aquaculture Farm,Agriculture & Agroalimentaire,Kalalé,+229 63 30 49 41,aquaculture.farm@aquaculture.farm.com,aquaculturefarm.bj,PME (50-200),B2B,APIEx,,Actif,2026-06-29T00:14:35.966547,haute
BJ-684BED60,Plantation Industrie SARL,Agriculture & Agroalimentaire,Kalalé,+229 43 84 32 58,,plantationindustriesarl.bj,PME (10-50),B2B,APIEx,,Actif,2026-06-29T00:14:35.966574,moyenne
BJ-7ED85DED,Agro Pêche Agro,Agriculture & Agroalimentaire,Kalalé,+229 60 32 16 16,agro.pêche.agro@agro.pêche.agro.org,,TPE (<10),B2B,APIEx,,Actif,2026-06-29T00:14:35.966587,moyenne
BJ-C1A53859,Bétail,Agriculture & Agroalimentaire,Ndali,+229 33 60 24 62,bétail@bétail.com,,TPE (<10),B2C,APIEx,,Actif,2026-06-29T00:14:35.966605,moyenne
BJ-73C802B2,Plantation Agro,Agriculture & Agroalimentaire,Ndali,+229 91 83 18 42,,,PME (50-200),B2B,APIEx,,Actif,2026-06-29T00:14:35.966615,basse
BJ-EF042B05,Agro Légume,Agriculture & Agroalimentaire,Ndali,+229 77 41 39 32,agro.légume@agro.légume.benin,,TPE (<10),B2C,APIEx,,Actif,2026-06-29T00:14:35.966627,moyenne
BJ-B2C30B34,Plantation,Agriculture & Agroalimentaire,Ndali,+229 60 21 26 66,plantation@plantation.org,,Grande (>200),B2B,APIEx,,Actif,2026-06-29T00:14:35.966652,moyenne
BJ-EF2A28B8,Aquaculture Bénin,Agriculture & Agroalimentaire,Ségbana,+229 81 15 40 45,aquaculture.bénin@aquaculture.bénin.com,aquaculturebénin.bj,TPE (<10),B2B,APIEx,,Actif,2026-06-29T00:14:35.966671,haute
BJ-F718E3CE,Bétail Bénin Ségbana,Agriculture & Agroalimentaire,Ségbana,+229 26 25 89 55,,bétailbéninségbana.bj,PME (10-50),B2B,APIEx,,Actif,2026-06-29T00:14:35.966683,moyenne
BJ-2C0BBDCA,SARL Alimentaire Bénin Ségbana,Agriculture & Agroalimentaire,Ségbana,+229 20 46 26 49,sarl.alimentaire.bénin.ségbana@sarl.alimentaire.bénin.ségbana.org,,TPE (<10),B2B,APIEx,,Actif,2026-06-29T00:14:35.966695,moyenne
BJ-22D2B986,Agro Agriculture Bénin,Agriculture & Agroalimentaire,Ségbana,+229 22 44 20 95,agro.agriculture.bénin@agro.agriculture.bénin.net,agroagriculturebénin.bj,PME (50-200),B2B,APIEx,,Actif,2026-06-29T00:14:35.966711,haute
BJ-4911ACA6,Élevage Africa,Agriculture & Agroalimentaire,Ségbana,+229 93 82 96 12,élevage.africa@élevage.africa.benin,,TPE (<10),B2C,APIEx,,Actif,2026-06-29T00:14:35.966724,moyenne
BJ-E698AA16,Production Plantation Agro,Agriculture & Agroalimentaire,Tchaourou,+229 94 54 69 43,production.plantation.agro@production.plantation.agro.benin,productionplantationagro.bj,PME (10-50),B2B,APIEx,,Actif,2026-06-29T00:14:35.966755,haute
BJ-3F87FED6,Plantation,Agriculture & Agroalimentaire,Tchaourou,+229 65 12 68 77,plantation@plantation.bj,,TPE (<10),B2C,APIEx,,Actif,2026-06-29T00:14:35.966786,moyenne
BJ-ADFE9BE3,Plantation Agro,Agriculture & Agroalimentaire,Tchaourou,+229 64 19 82 93,plantation.agro@plantation.agro.net,,PME (50-200),B2C,APIEx,,Actif,2026-06-29T00:14:35.966797,moyenne
BJ-94EB197D,Groupe Agro Farm,Agriculture & Agroalimentaire,Bétérou,+229 33 84 31 82,groupe.agro.farm@groupe.agro.farm.bj,,Grande (>200),B2B,APIEx,,Actif,2026-06-29T00:14:35.966815,moyenne
BJ-ED653C37,Agro Bénin,Agriculture & Agroalimentaire,Bétérou,+229 23 14 51 79,,,PME (50-200),B2C,APIEx,,Actif,2026-06-29T00:14:35.966837,basse
BJ-B92B6E07,SARL Aquaculture Ets Bétérou,Agriculture & Agroalimentaire,Bétérou,+229 64 14 92 86,sarl.aquaculture.ets.bétérou@sarl.aquaculture.ets.bétérou.bj,,PME (10-50),B2C,APIEx,,Actif,2026-06-29T00:14:35.966853,moyenne
BJ-D2B07647,Ets Agriculture Bétérou,Agriculture & Agroalimentaire,Bétérou,+229 32 84 17 29,,,PME (50-200),B2B,APIEx,,Actif,2026-06-29T00:14:35.966864,basse
BJ-2E3C953C,Groupe Aquaculture,Agriculture & Agroalimentaire,Ouessè,+229 28 89 90 68,,groupeaquaculture.bj,PME (50-200),B2B,APIEx,,Actif,2026-06-29T00:14:35.966881,moyenne
BJ-3336C5B1,Céréale,Agriculture & Agroalimentaire,Ouessè,+229 33 21 56 97,céréale@céréale.net,,TPE (<10),B2B,APIEx,,Actif,2026-06-29T00:14:35.966905,moyenne
BJ-D7BC8296,Ferme,Agriculture & Agroalimentaire,Ouessè,+229 58 71 56 87,,ferme.bj,Grande (>200),B2C,APIEx,,Actif,2026-06-29T00:14:35.966919,moyenne
BJ-6E2F4E72,Agro Transformation Agro,Agriculture & Agroalimentaire,Ouessè,+229 77 71 60 97,agro.transformation.agro@agro.transformation.agro.bj,,PME (10-50),B2B,APIEx,,Actif,2026-06-29T00:14:35.966934,moyenne
BJ-F512153D,Alimentaire Plantation,Agriculture & Agroalimentaire,Ouessè,+229 61 56 74 14,alimentaire.plantation@alimentaire.plantation.com,,TPE (<10),B2B,APIEx,,Actif,2026-06-29T00:14:35.966946,moyenne
BJ-B8C1008C,Plantation Aquaculture,Agriculture & Agroalimentaire,Glazoué,+229 51 81 35 69,plantation.aquaculture@plantation.aquaculture.benin,plantationaquaculture.bj,PME (10-50),B2C,APIEx,,Actif,2026-06-29T00:14:35.966964,haute
BJ-35AF2628,Ets Agriculture Plantation,Agriculture & Agroalimentaire,Glazoué,+229 24 34 39 67,ets.agriculture.plantation@ets.agriculture.plantation.bj,,TPE (<10),B2B,APIEx,,Actif,2026-06-29T00:14:35.966976,moyenne
BJ-96193BC5,Ets Pêche Plantation Glazoué,Agriculture & Agroalimentaire,Glazoué,+229 77 10 56 47,,etspêcheplantationglazoué.bj,TPE (<10),B2B,APIEx,,Actif,2026-06-29T00:14:35.966988,moyenne
BJ-6CEA5E70,Ferme Légume Glazoué,Agriculture & Agroalimentaire,Glazoué,+229 39 45 10 66,ferme.légume.glazoué@ferme.légume.glazoué.org,,PME (10-50),B2B,APIEx,,Actif,2026-06-29T00:14:35.967003,moyenne
BJ-647AB3F8,Élevage Farm,Agriculture & Agroalimentaire,Glazoué,+229 78 23 70 14,,,PME (10-50),B2C,APIEx,,Actif,2026-06-29T00:14:35.967015,basse
BJ-1ABFFED1,Agro Agriculture,Agriculture & Agroalimentaire,Dassa-Zoumè,+229 91 43 41 66,agro.agriculture@agro.agriculture.com,,PME (50-200),B2C,APIEx,,Actif,2026-06-29T00:14:35.967047,moyenne
BJ-D196B6E4,Plantation Groupe Dassa-Zoumè,Agriculture & Agroalimentaire,Dassa-Zoumè,+229 90 55 14 72,plantation.groupe.dassazoumè@plantation.groupe.dassazoumè.benin,plantationgroupedassazoumè.bj,Grande (>200),B2B,APIEx,,Actif,2026-06-29T00:14:35.967061,haute
BJ-2888CD08,Ferme Élevage Agro,Agriculture & Agroalimentaire,Dassa-Zoumè,+229 84 78 97 10,,,TPE (<10),B2B,APIEx,,Actif,2026-06-29T00:14:35.967073,basse
BJ-E0E91874,Ferme Agro Dassa-Zoumè,Agriculture & Agroalimentaire,Dassa-Zoumè,+229 66 21 62 56,ferme.agro.dassazoumè@ferme.agro.dassazoumè.net,fermeagrodassazoumè.bj,TPE (<10),B2C,APIEx,,Actif,2026-06-29T00:14:35.967086,haute
BJ-C76E463F,Industrie Ets,Agriculture & Agroalimentaire,Dassa-Zoumè,+229 40 18 10 80,,,PME (10-50),B2C,APIEx,,Actif,2026-06-29T00:14:35.967097,basse
BJ-730136E1,Groupe Pêche Agro,Agriculture & Agroalimentaire,Savalou,+229 54 46 14 81,groupe.pêche.agro@groupe.pêche.agro.net,,TPE (<10),B2B,APIEx,,Actif,2026-06-29T00:14:35.967120,moyenne
BJ-1AD114F1,Bétail Bénin,Agriculture & Agroalimentaire,Savalou,+229 41 15 77 40,bétail.bénin@bétail.bénin.benin,,TPE (<10),B2B,APIEx,,Actif,2026-06-29T00:14:35.967132,moyenne
BJ-316B1C21,Agro Savalou,Agriculture & Agroalimentaire,Savalou,+229 34 89 87 41,,,PME (50-200),B2B,APIEx,,Actif,2026-06-29T00:14:35.967158,basse
BJ-D4CC85CA,Légume,Agriculture & Agroalimentaire,Savalou,+229 73 30 10 58,,,TPE (<10),B2C,APIEx,,Actif,2026-06-29T00:14:35.967171,basse
BJ-32D92582,Aquaculture,Agriculture & Agroalimentaire,Bantè,+229 41 64 42 43,,,TPE (<10),B2B,APIEx,,Actif,2026-06-29T00:14:35.967188,basse
BJ-01FB4C2A,Plantation Agriculture Plantation,Agriculture & Agroalimentaire,Bantè,+229 33 53 16 60,plantation.agriculture.plantation@plantation.agriculture.plantation.org,plantationagricultureplantation.bj,TPE (<10),B2B,APIEx,,Actif,2026-06-29T00:14:35.967200,haute
BJ-B8388B76,Industrie Farm,Agriculture & Agroalimentaire,Bantè,+229 27 74 73 58,industrie.farm@industrie.farm.com,,TPE (<10),B2C,APIEx,,Actif,2026-06-29T00:14:35.967215,moyenne
BJ-42509BFF,Plantation SARL,Agriculture & Agroalimentaire,Bantè,+229 95 51 31 94,plantation.sarl@plantation.sarl.org,,PME (10-50),B2C,APIEx,,Actif,2026-06-29T00:14:35.967227,moyenne
BJ-EF9D6739,Plantation Aquaculture Ets,Agriculture & Agroalimentaire,Bantè,+229 81 22 61 91,,,TPE (<10),B2C,APIEx,,Actif,2026-06-29T00:14:35.967237,basse
BJ-6C0F9107,Plantation Industrie Groupe,Agriculture & Agroalimentaire,Djougou,+229 77 76 31 58,,plantationindustriegroupe.bj,TPE (<10),B2C,APIEx,,Actif,2026-06-29T00:14:35.967254,moyenne
BJ-2A3CD123,Agro Pêche,Agriculture & Agroalimentaire,Djougou,+229 45 51 65 43,agro.pêche@agro.pêche.net,agropêche.bj,PME (10-50),B2B,APIEx,,Actif,2026-06-29T00:14:35.967267,haute
BJ-16BAEFFE,Pêche Ets,Agriculture & Agroalimentaire,Djougou,+229 58 68 86 67,pêche.ets@pêche.ets.bj,,PME (50-200),B2B,APIEx,,Actif,2026-06-29T00:14:35.967279,moyenne
BJ-B20CE476,Groupe Alimentaire Plantation,Agriculture & Agroalimentaire,Djougou,+229 81 31 29 70,groupe.alimentaire.plantation@groupe.alimentaire.plantation.net,groupealimentaireplantation.bj,PME (10-50),B2B,APIEx,,Actif,2026-06-29T00:14:35.967295,haute
BJ-E1733119,Plantation Céréale SARL,Agriculture & Agroalimentaire,Djougou,+229 29 71 61 20,,plantationcéréalesarl.bj,PME (10-50),B2B,APIEx,,Actif,2026-06-29T00:14:35.967307,moyenne
BJ-70D174EC,Agro Élevage Ets Ouèssè,Agriculture & Agroalimentaire,Ouèssè,+229 37 14 13 42,agro.élevage.ets.ouèssè@agro.élevage.ets.ouèssè.bj,agroélevageetsouèssè.bj,PME (10-50),B2C,APIEx,,Actif,2026-06-29T00:14:35.967326,haute
BJ-B98321E7,Ferme Céréale,Agriculture & Agroalimentaire,Ouèssè,+229 34 27 25 67,,fermecéréale.bj,PME (50-200),B2C,APIEx,,Actif,2026-06-29T00:14:35.967338,moyenne
BJ-870A650A,Plantation Bénin,Agriculture & Agroalimentaire,Ouèssè,+229 90 46 82 70,plantation.bénin@plantation.bénin.com,,PME (10-50),B2B,APIEx,,Actif,2026-06-29T00:14:35.967350,moyenne
BJ-580BD569,Agro Élevage,Agriculture & Agroalimentaire,Ouèssè,+229 84 82 17 15,,,TPE (<10),B2C,APIEx,,Actif,2026-06-29T00:14:35.967372,basse
BJ-D7BA5CDA,Plantation Pêche Plantation,Agriculture & Agroalimentaire,Bassila,+229 79 37 58 47,plantation.pêche.plantation@plantation.pêche.plantation.com,plantationpêcheplantation.bj,TPE (<10),B2C,APIEx,,Actif,2026-06-29T00:14:35.967390,haute
BJ-C807314F,Industrie Agro Bassila,Agriculture & Agroalimentaire,Bassila,+229 99 23 95 49,,,Grande (>200),B2B,APIEx,,Actif,2026-06-29T00:14:35.967411,basse
BJ-0578EA4F,Agro,Agriculture & Agroalimentaire,Bassila,+229 28 20 13 87,,,PME (50-200),B2B,APIEx,,Actif,2026-06-29T00:14:35.967424,basse
BJ-46828D80,Production Pêche Ets,Agriculture & Agroalimentaire,Bassila,+229 26 36 19 30,,,TPE (<10),B2C,APIEx,,Actif,2026-06-29T00:14:35.967435,basse
BJ-B7CB5AEC,Pêche Africa,Agriculture & Agroalimentaire,Pehunco,+229 76 14 80 65,pêche.africa@pêche.africa.org,,TPE (<10),B2B,APIEx,,Actif,2026-06-29T00:14:35.967452,moyenne
BJ-69420D84,Alimentaire Africa Pehunco,Agriculture & Agroalimentaire,Pehunco,+229 21 23 27 56,,,TPE (<10),B2B,APIEx,,Actif,2026-06-29T00:14:35.967468,basse
BJ-B3BC45A6,Bétail,Agriculture & Agroalimentaire,Pehunco,+229 28 44 58 51,bétail@bétail.benin,bétail.bj,PME (50-200),B2B,APIEx,,Actif,2026-06-29T00:14:35.967481,haute
BJ-53EEAE26,Groupe Bétail,Agriculture & Agroalimentaire,Pehunco,+229 78 87 48 69,groupe.bétail@groupe.bétail.org,,TPE (<10),B2B,APIEx,,Actif,2026-06-29T00:14:35.967494,moyenne
BJ-76B1171F,Alimentaire Agro,Agriculture & Agroalimentaire,Pehunco,+229 59 70 35 43,alimentaire.agro@alimentaire.agro.net,alimentaireagro.bj,PME (50-200),B2C,APIEx,,Actif,2026-06-29T00:14:35.967505,haute
BJ-217BC86B,Alimentaire,Agriculture & Agroalimentaire,Copargo,+229 96 75 54 40,alimentaire@alimentaire.bj,alimentaire.bj,TPE (<10),B2C,APIEx,,Actif,2026-06-29T00:14:35.967523,haute
BJ-58482CF4,Aquaculture,Agriculture & Agroalimentaire,Copargo,+229 35 60 28 27,,,Grande (>200),B2B,APIEx,,Actif,2026-06-29T00:14:35.967533,basse
BJ-17484EFD,Légume Farm,Agriculture & Agroalimentaire,Copargo,+229 96 91 98 43,,,PME (50-200),B2C,APIEx,,Actif,2026-06-29T00:14:35.967544,basse
BJ-3F23E99A,Agro Ferme Agro,Agriculture & Agroalimentaire,Copargo,+229 32 32 75 44,,,PME (50-200),B2B,APIEx,,Actif,2026-06-29T00:14:35.967557,basse
BJ-BFA6B8CE,Plantation Aquaculture Africa,Agriculture & Agroalimentaire,Copargo,+229 21 68 25 23,,plantationaquacultureafrica.bj,PME (50-200),B2B,APIEx,,Actif,2026-06-29T00:14:35.967569,moyenne
BJ-165FDDBE,Académie Apprentissage,Éducation & Formation,Cotonou,+229 85 56 55 56,,,PME (10-50),B2B,APIEx,,Actif,2026-06-29T00:14:35.967594,basse
BJ-B6C8247E,Université Excellence Bénin,Éducation & Formation,Cotonou,+229 96 82 31 41,université.excellence.bénin@université.excellence.bénin.org,,TPE (<10),B2B,APIEx,,Actif,2026-06-29T00:14:35.967607,moyenne
BJ-A414F8EC,Institut Excellence College,Éducation & Formation,Cotonou,+229 39 14 40 45,,institutexcellencecollege.bj,PME (50-200),B2C,APIEx,,Actif,2026-06-29T00:14:35.967618,moyenne
BJ-17683969,Collège Éducation,Éducation & Formation,Cotonou,+229 46 71 39 78,,collègeéducation.bj,PME (50-200),B2B,APIEx,,Actif,2026-06-29T00:14:35.967630,moyenne
BJ-27A68962,Apprentissage,Éducation & Formation,Cotonou,+229 80 16 73 95,apprentissage@apprentissage.benin,apprentissage.bj,PME (10-50),B2C,APIEx,,Actif,2026-06-29T00:14:35.967641,haute
BJ-9E6574BB,Développement Abomey-Calavi,Éducation & Formation,Abomey-Calavi,+229 35 19 21 61,développement.abomeycalavi@développement.abomeycalavi.net,développementabomeycalavi.bj,PME (10-50),B2C,APIEx,,Actif,2026-06-29T00:14:35.967661,haute
BJ-A4DF2598,Développement École Abomey-Calavi,Éducation & Formation,Abomey-Calavi,+229 72 16 96 15,,développementécoleabomeycalavi.bj,TPE (<10),B2B,APIEx,,Actif,2026-06-29T00:14:35.967673,moyenne
BJ-65B109C3,Collège Catholique Abomey-Calavi,Éducation & Formation,Abomey-Calavi,+229 40 95 97 18,collège.catholique.abomeycalavi@collège.catholique.abomeycalavi.org,,PME (10-50),B2C,APIEx,,Actif,2026-06-29T00:14:35.967686,moyenne
BJ-E9B7B97F,Public University Abomey-Calavi,Éducation & Formation,Abomey-Calavi,+229 47 72 21 69,public.university.abomeycalavi@public.university.abomeycalavi.net,publicuniversityabomeycalavi.bj,PME (10-50),B2B,APIEx,,Actif,2026-06-29T00:14:35.967703,haute
BJ-9767C44F,Collège Catholique,Éducation & Formation,Abomey-Calavi,+229 58 36 47 33,,,TPE (<10),B2B,APIEx,,Actif,2026-06-29T00:14:35.967716,basse
BJ-81BBD131,Éducation Academy,Éducation & Formation,Porto-Novo,+229 59 72 83 58,éducation.academy@éducation.academy.benin,,TPE (<10),B2C,APIEx,,Actif,2026-06-29T00:14:35.967735,moyenne
BJ-7CC1483E,Université Public,Éducation & Formation,Porto-Novo,+229 71 17 29 63,,universitépublic.bj,PME (50-200),B2B,APIEx,,Actif,2026-06-29T00:14:35.967746,moyenne
BJ-403D2855,Privé Porto-Novo,Éducation & Formation,Porto-Novo,+229 57 84 12 76,,privéportonovo.bj,PME (50-200),B2C,APIEx,,Actif,2026-06-29T00:14:35.967758,moyenne
BJ-9014E054,Lycée International,Éducation & Formation,Porto-Novo,+229 35 62 32 21,lycée.international@lycée.international.org,,TPE (<10),B2B,APIEx,,Actif,2026-06-29T00:14:35.967770,moyenne
BJ-1114CAB7,Institut Catholique,Éducation & Formation,Porto-Novo,+229 98 77 72 38,,institutcatholique.bj,PME (50-200),B2B,APIEx,,Actif,2026-06-29T00:14:35.967781,moyenne
BJ-914CB8B4,Collège Protestant University,Éducation & Formation,Parakou,+229 80 48 59 95,collège.protestant.university@collège.protestant.university.net,collègeprotestantuniversity.bj,TPE (<10),B2B,APIEx,,Actif,2026-06-29T00:14:35.967800,haute
BJ-B4DE69B5,Éducation College Parakou,Éducation & Formation,Parakou,+229 49 25 87 52,éducation.college.parakou@éducation.college.parakou.net,éducationcollegeparakou.bj,Grande (>200),B2B,APIEx,,Actif,2026-06-29T00:14:35.967820,haute
BJ-EC41C048,Excellence Bénin,Éducation & Formation,Parakou,+229 76 84 54 29,excellence.bénin@excellence.bénin.benin,excellencebénin.bj,TPE (<10),B2C,APIEx,,Actif,2026-06-29T00:14:35.967832,haute
BJ-A26D6A18,Développement École,Éducation & Formation,Parakou,+229 53 33 14 83,développement.école@développement.école.org,développementécole.bj,PME (50-200),B2C,APIEx,,Actif,2026-06-29T00:14:35.967848,haute
BJ-CF713C13,Apprentissage College,Éducation & Formation,Bohicon,+229 78 79 66 82,apprentissage.college@apprentissage.college.benin,apprentissagecollege.bj,PME (10-50),B2C,APIEx,,Actif,2026-06-29T00:14:35.967879,haute
BJ-670E5979,Collège Privé,Éducation & Formation,Bohicon,+229 77 34 10 49,collège.privé@collège.privé.com,collègeprivé.bj,PME (50-200),B2B,APIEx,,Actif,2026-06-29T00:14:35.967903,haute
BJ-B2A053EE,Public,Éducation & Formation,Bohicon,+229 74 30 30 19,,public.bj,PME (10-50),B2C,APIEx,,Actif,2026-06-29T00:14:35.967916,moyenne
BJ-F23F001E,Privé,Éducation & Formation,Bohicon,+229 70 56 65 80,,privé.bj,PME (50-200),B2C,APIEx,,Actif,2026-06-29T00:14:35.967928,moyenne
BJ-C0BD3B25,Université Apprentissage University,Éducation & Formation,Natitingou,+229 40 77 24 58,,universitéapprentissageuniversity.bj,TPE (<10),B2C,APIEx,,Actif,2026-06-29T00:14:35.967958,moyenne
BJ-A5351674,Collège Savoir Academy,Éducation & Formation,Natitingou,+229 90 17 73 89,collège.savoir.academy@collège.savoir.academy.org,collègesavoiracademy.bj,PME (50-200),B2C,APIEx,,Actif,2026-06-29T00:14:35.967972,haute
BJ-B06922CE,Université Apprentissage École Natitingou,Éducation & Formation,Natitingou,+229 32 48 70 72,université.apprentissage.école.natitingou@université.apprentissage.école.natitingou.net,,TPE (<10),B2C,APIEx,,Actif,2026-06-29T00:14:35.968003,moyenne
BJ-8DF4A0E4,Université Savoir School,Éducation & Formation,Natitingou,+229 93 87 33 17,université.savoir.school@université.savoir.school.com,universitésavoirschool.bj,PME (10-50),B2C,APIEx,,Actif,2026-06-29T00:14:35.968016,haute
BJ-2A7448AD,Université Excellence École,Éducation & Formation,Lokossa,+229 45 19 53 74,université.excellence.école@université.excellence.école.com,,PME (10-50),B2B,APIEx,,Actif,2026-06-29T00:14:35.968035,moyenne
BJ-75E727B5,École Formation,Éducation & Formation,Lokossa,+229 35 18 48 14,,écoleformation.bj,TPE (<10),B2B,APIEx,,Actif,2026-06-29T00:14:35.968047,moyenne
BJ-73F334A3,International Lycée,Éducation & Formation,Lokossa,+229 30 84 13 47,,,Grande (>200),B2C,APIEx,,Actif,2026-06-29T00:14:35.968058,basse
BJ-F0AD2A40,Université National Lycée,Éducation & Formation,Lokossa,+229 98 34 43 16,université.national.lycée@université.national.lycée.com,,PME (10-50),B2C,APIEx,,Actif,2026-06-29T00:14:35.968070,moyenne
BJ-3AF6FF58,Centre Protestant,Éducation & Formation,Lokossa,+229 28 54 12 58,centre.protestant@centre.protestant.net,centreprotestant.bj,TPE (<10),B2B,APIEx,,Actif,2026-06-29T00:14:35.968082,haute
BJ-F1C28FB1,École Développement,Éducation & Formation,Ouidah,+229 82 88 69 62,,,PME (10-50),B2C,APIEx,,Actif,2026-06-29T00:14:35.968099,basse
BJ-E065D331,Institut Public,Éducation & Formation,Ouidah,+229 33 52 43 76,institut.public@institut.public.bj,institutpublic.bj,PME (50-200),B2B,APIEx,,Actif,2026-06-29T00:14:35.968111,haute
BJ-CEE4EDE6,International Academy,Éducation & Formation,Ouidah,+229 42 87 97 79,,,PME (50-200),B2B,APIEx,,Actif,2026-06-29T00:14:35.968121,basse
BJ-8392726E,Excellence Ouidah,Éducation & Formation,Ouidah,+229 21 51 29 22,excellence.ouidah@excellence.ouidah.org,,Grande (>200),B2B,APIEx,,Actif,2026-06-29T00:14:35.968136,moyenne
BJ-7960AA6B,Collège Public School,Éducation & Formation,Ouidah,+229 50 24 46 59,collège.public.school@collège.public.school.bj,collègepublicschool.bj,TPE (<10),B2C,APIEx,,Actif,2026-06-29T00:14:35.968149,haute
BJ-3C7DB621,Excellence,Éducation & Formation,Savalou,+229 64 97 45 99,excellence@excellence.benin,,PME (10-50),B2C,APIEx,,Actif,2026-06-29T00:14:35.968170,moyenne
BJ-B59ABCC8,Savoir Academy,Éducation & Formation,Savalou,+229 58 79 41 72,,savoiracademy.bj,TPE (<10),B2B,APIEx,,Actif,2026-06-29T00:14:35.968183,moyenne
BJ-28847973,Académie National Institute,Éducation & Formation,Savalou,+229 21 93 16 95,,,TPE (<10),B2C,APIEx,,Actif,2026-06-29T00:14:35.968194,basse
BJ-214667C9,Catholique Lycée,Éducation & Formation,Savalou,+229 26 71 33 10,catholique.lycée@catholique.lycée.org,catholiquelycée.bj,TPE (<10),B2C,APIEx,,Actif,2026-06-29T00:14:35.968207,haute
BJ-C116BD29,Collège National,Éducation & Formation,Savalou,+229 95 75 74 11,collège.national@collège.national.benin,collègenational.bj,PME (10-50),B2B,APIEx,,Actif,2026-06-29T00:14:35.968237,haute
BJ-2D9C0F96,Protestant Lycée Dassa-Zoumè,Éducation & Formation,Dassa-Zoumè,+229 73 55 89 74,,protestantlycéedassazoumè.bj,TPE (<10),B2B,APIEx,,Actif,2026-06-29T00:14:35.968269,moyenne
BJ-E0F74D28,École Éducation Bénin,Éducation & Formation,Dassa-Zoumè,+229 24 27 91 83,école.éducation.bénin@école.éducation.bénin.org,écoleéducationbénin.bj,PME (50-200),B2B,APIEx,,Actif,2026-06-29T00:14:35.968296,haute
BJ-72E9772F,École Public Dassa-Zoumè,Éducation & Formation,Dassa-Zoumè,+229 89 94 49 64,école.public.dassazoumè@école.public.dassazoumè.benin,écolepublicdassazoumè.bj,TPE (<10),B2B,APIEx,,Actif,2026-06-29T00:14:35.968310,haute
BJ-BDED0A69,Formation Academy,Éducation & Formation,Kétou,+229 67 96 21 13,formation.academy@formation.academy.org,formationacademy.bj,PME (10-50),B2B,APIEx,,Actif,2026-06-29T00:14:35.968328,haute
BJ-649D9EB8,Académie Apprentissage,Éducation & Formation,Kétou,+229 67 26 68 86,académie.apprentissage@académie.apprentissage.com,académieapprentissage.bj,PME (10-50),B2B,APIEx,,Actif,2026-06-29T00:14:35.968352,haute
BJ-0D3CEE8D,École Développement Institute,Éducation & Formation,Kétou,+229 25 62 87 46,école.développement.institute@école.développement.institute.org,écoledéveloppementinstitute.bj,PME (10-50),B2B,APIEx,,Actif,2026-06-29T00:14:35.968366,haute
BJ-98096264,Éducation,Éducation & Formation,Kétou,+229 30 22 75 42,éducation@éducation.net,,PME (10-50),B2B,APIEx,,Actif,2026-06-29T00:14:35.968377,moyenne
BJ-D0A1D983,Académie Public Bénin,Éducation & Formation,Covè,+229 62 19 74 37,académie.public.bénin@académie.public.bénin.com,académiepublicbénin.bj,TPE (<10),B2C,APIEx,,Actif,2026-06-29T00:14:35.968395,haute
BJ-3DA161F2,International College,Éducation & Formation,Covè,+229 51 86 14 37,international.college@international.college.bj,,TPE (<10),B2B,APIEx,,Actif,2026-06-29T00:14:35.968407,moyenne
BJ-E6B0A7B6,Lycée Privé College,Éducation & Formation,Covè,+229 31 37 50 81,,lycéeprivécollege.bj,TPE (<10),B2C,APIEx,,Actif,2026-06-29T00:14:35.968419,moyenne
BJ-725BA2B7,Liberté Lycée,Éducation & Formation,Covè,+229 43 79 62 63,liberté.lycée@liberté.lycée.org,libertélycée.bj,PME (50-200),B2C,APIEx,,Actif,2026-06-29T00:14:35.968436,haute
BJ-21847394,École Formation,Éducation & Formation,Pobè,+229 31 97 14 17,école.formation@école.formation.com,écoleformation.bj,TPE (<10),B2B,APIEx,,Actif,2026-06-29T00:14:35.968467,haute
BJ-B5250AC4,Centre Formation University,Éducation & Formation,Pobè,+229 61 56 24 63,centre.formation.university@centre.formation.university.org,centreformationuniversity.bj,Grande (>200),B2C,APIEx,,Actif,2026-06-29T00:14:35.968483,haute
BJ-61A861D0,École Public Bénin Pobè,Éducation & Formation,Pobè,+229 39 13 84 65,école.public.bénin.pobè@école.public.bénin.pobè.org,écolepublicbéninpobè.bj,TPE (<10),B2B,APIEx,,Actif,2026-06-29T00:14:35.968497,haute
BJ-345A9ED1,Excellence College,Éducation & Formation,Pobè,+229 57 52 89 37,excellence.college@excellence.college.net,excellencecollege.bj,PME (50-200),B2C,APIEx,,Actif,2026-06-29T00:14:35.968512,haute
BJ-4AF68E00,Centre Public Pobè,Éducation & Formation,Pobè,+229 70 46 26 51,centre.public.pobè@centre.public.pobè.net,,TPE (<10),B2C,APIEx,,Actif,2026-06-29T00:14:35.968525,moyenne
BJ-7D5A935E,Académie Liberté,Éducation & Formation,Sakété,+229 42 27 70 93,académie.liberté@académie.liberté.org,académieliberté.bj,TPE (<10),B2B,APIEx,,Actif,2026-06-29T00:14:35.968544,haute
BJ-1916476E,Académie Développement Sakété,Éducation & Formation,Sakété,+229 21 15 82 38,académie.développement.sakété@académie.développement.sakété.benin,,PME (10-50),B2C,APIEx,,Actif,2026-06-29T00:14:35.968557,moyenne
BJ-AAE96D6E,Protestant Academy,Éducation & Formation,Sakété,+229 67 85 31 25,,protestantacademy.bj,PME (50-200),B2B,APIEx,,Actif,2026-06-29T00:14:35.968569,moyenne
BJ-820432EC,Centre National,Éducation & Formation,Sakété,+229 61 21 57 39,centre.national@centre.national.net,centrenational.bj,TPE (<10),B2B,APIEx,,Actif,2026-06-29T00:14:35.968596,haute
BJ-8F10C1F9,Excellence Institute,Éducation & Formation,Adjara,+229 78 50 51 76,excellence.institute@excellence.institute.bj,excellenceinstitute.bj,Grande (>200),B2C,APIEx,,Actif,2026-06-29T00:14:35.968615,haute
BJ-0D904157,École National University,Éducation & Formation,Adjara,+229 59 25 55 78,,écolenationaluniversity.bj,PME (10-50),B2B,APIEx,,Actif,2026-06-29T00:14:35.968626,moyenne
BJ-42EAEFBA,Éducation School Adjara,Éducation & Formation,Adjara,+229 57 49 69 21,éducation.school.adjara@éducation.school.adjara.org,éducationschooladjara.bj,TPE (<10),B2C,APIEx,,Actif,2026-06-29T00:14:35.968640,haute
BJ-99374547,École Privé University,Éducation & Formation,Adjara,+229 29 48 68 55,école.privé.university@école.privé.university.benin,écoleprivéuniversity.bj,PME (50-200),B2B,APIEx,,Actif,2026-06-29T00:14:35.968652,haute
BJ-924CAA95,Collège Catholique,Éducation & Formation,Adjara,+229 69 71 26 45,,collègecatholique.bj,PME (10-50),B2B,APIEx,,Actif,2026-06-29T00:14:35.968663,moyenne
BJ-7ACBC509,Catholique School,Éducation & Formation,Allada,+229 43 11 76 35,,catholiqueschool.bj,TPE (<10),B2C,APIEx,,Actif,2026-06-29T00:14:35.968681,moyenne
BJ-478B83E9,Lycée Liberté École,Éducation & Formation,Allada,+229 71 79 24 33,lycée.liberté.école@lycée.liberté.école.bj,,PME (50-200),B2B,APIEx,,Actif,2026-06-29T00:14:35.968693,moyenne
BJ-4E106416,Développement,Éducation & Formation,Allada,+229 84 12 18 87,développement@développement.benin,développement.bj,TPE (<10),B2C,APIEx,,Actif,2026-06-29T00:14:35.968705,haute
BJ-27E70FFF,École Éducation,Éducation & Formation,Allada,+229 64 87 13 36,école.éducation@école.éducation.org,écoleéducation.bj,PME (10-50),B2C,APIEx,,Actif,2026-06-29T00:14:35.968722,haute
BJ-CFFD545B,Public School,Éducation & Formation,Allada,+229 39 47 50 79,public.school@public.school.org,publicschool.bj,TPE (<10),B2B,APIEx,,Actif,2026-06-29T00:14:35.968738,haute
BJ-84F4FEE7,Institut Catholique,Éducation & Formation,Aplahoué,+229 81 87 46 85,institut.catholique@institut.catholique.benin,institutcatholique.bj,PME (10-50),B2B,APIEx,,Actif,2026-06-29T00:14:35.968757,haute
BJ-2960CBED,École International,Éducation & Formation,Aplahoué,+229 28 97 77 83,,écoleinternational.bj,PME (50-200),B2B,APIEx,,Actif,2026-06-29T00:14:35.968769,moyenne
BJ-4B86312C,Université Éducation School,Éducation & Formation,Aplahoué,+229 53 72 98 20,université.éducation.school@université.éducation.school.net,universitééducationschool.bj,Grande (>200),B2C,APIEx,,Actif,2026-06-29T00:14:35.968795,haute
BJ-CBB0279F,Université Apprentissage École,Éducation & Formation,Aplahoué,+229 65 19 92 60,université.apprentissage.école@université.apprentissage.école.bj,universitéapprentissageécole.bj,TPE (<10),B2C,APIEx,,Actif,2026-06-29T00:14:35.968809,haute
BJ-719B3826,Privé College,Éducation & Formation,Dogbo-Tota,+229 79 84 94 31,privé.college@privé.college.com,privécollege.bj,Grande (>200),B2B,APIEx,,Actif,2026-06-29T00:14:35.968838,haute
BJ-61C43131,Connaissance,Éducation & Formation,Dogbo-Tota,+229 49 15 11 26,connaissance@connaissance.com,,PME (10-50),B2B,APIEx,,Actif,2026-06-29T00:14:35.968850,moyenne
BJ-264920B3,Liberté Lycée,Éducation & Formation,Dogbo-Tota,+229 77 45 47 80,liberté.lycée@liberté.lycée.net,libertélycée.bj,PME (10-50),B2C,APIEx,,Actif,2026-06-29T00:14:35.968863,haute
BJ-79429D04,Institut Liberté,Éducation & Formation,Dogbo-Tota,+229 56 21 70 93,,,TPE (<10),B2B,APIEx,,Actif,2026-06-29T00:14:35.968876,basse
BJ-FE92921D,Académie Public Bénin,Éducation & Formation,Dogbo-Tota,+229 37 75 33 99,académie.public.bénin@académie.public.bénin.benin,académiepublicbénin.bj,Grande (>200),B2C,APIEx,,Actif,2026-06-29T00:14:35.968906,haute
BJ-63DC9E0A,National,Éducation & Formation,Kpomassè,+229 26 18 45 68,national@national.bj,national.bj,TPE (<10),B2B,APIEx,,Actif,2026-06-29T00:14:35.968942,haute
BJ-1763735E,École Connaissance Lycée,Éducation & Formation,Kpomassè,+229 24 51 66 79,école.connaissance.lycée@école.connaissance.lycée.org,écoleconnaissancelycée.bj,PME (10-50),B2C,APIEx,,Actif,2026-06-29T00:14:35.968959,haute
BJ-DF99AB67,Centre Connaissance Academy Kpomassè,Éducation & Formation,Kpomassè,+229 83 97 39 16,,centreconnaissanceacademykpomassè.bj,PME (50-200),B2B,APIEx,,Actif,2026-06-29T00:14:35.968983,moyenne
BJ-3229D27F,Public École,Éducation & Formation,Tori-Bossito,+229 39 65 70 95,public.école@public.école.bj,publicécole.bj,TPE (<10),B2C,APIEx,,Actif,2026-06-29T00:14:35.969002,haute
BJ-8EE089FC,Lycée Connaissance University,Éducation & Formation,Tori-Bossito,+229 53 79 42 25,lycée.connaissance.university@lycée.connaissance.university.benin,lycéeconnaissanceuniversity.bj,PME (10-50),B2B,APIEx,,Actif,2026-06-29T00:14:35.969025,haute
BJ-F205971F,Académie Savoir Bénin,Éducation & Formation,Tori-Bossito,+229 73 23 11 10,académie.savoir.bénin@académie.savoir.bénin.benin,académiesavoirbénin.bj,TPE (<10),B2B,APIEx,,Actif,2026-06-29T00:14:35.969053,haute
BJ-51680A90,Connaissance Academy,Éducation & Formation,Tori-Bossito,+229 94 77 99 48,connaissance.academy@connaissance.academy.com,connaissanceacademy.bj,PME (50-200),B2C,APIEx,,Actif,2026-06-29T00:14:35.969074,haute
BJ-C5D689F7,Savoir College,Éducation & Formation,Tori-Bossito,+229 65 25 81 93,savoir.college@savoir.college.org,savoircollege.bj,TPE (<10),B2C,APIEx,,Actif,2026-06-29T00:14:35.969089,haute
BJ-80315EC6,Université National Grand-Popo,Éducation & Formation,Grand-Popo,+229 81 69 75 94,université.national.grandpopo@université.national.grandpopo.benin,,TPE (<10),B2C,APIEx,,Actif,2026-06-29T00:14:35.969115,moyenne
BJ-BA1AAE40,Apprentissage,Éducation & Formation,Grand-Popo,+229 29 19 34 75,,apprentissage.bj,PME (50-200),B2C,APIEx,,Actif,2026-06-29T00:14:35.969127,moyenne
BJ-15DF38B9,Centre Catholique École,Éducation & Formation,Grand-Popo,+229 56 63 80 63,centre.catholique.école@centre.catholique.école.org,,TPE (<10),B2B,APIEx,,Actif,2026-06-29T00:14:35.969140,moyenne
BJ-55E8C813,Savoir Grand-Popo,Éducation & Formation,Grand-Popo,+229 77 59 26 67,,savoirgrandpopo.bj,Grande (>200),B2C,APIEx,,Actif,2026-06-29T00:14:35.969151,moyenne
BJ-C9F7C0C9,Lycée Privé,Éducation & Formation,Grand-Popo,+229 48 74 38 38,lycée.privé@lycée.privé.com,lycéeprivé.bj,PME (50-200),B2B,APIEx,,Actif,2026-06-29T00:14:35.969165,haute
BJ-1F41D8A3,École National College,Éducation & Formation,Athiémé,+229 35 19 39 56,école.national.college@école.national.college.net,écolenationalcollege.bj,PME (50-200),B2C,APIEx,,Actif,2026-06-29T00:14:35.969185,haute
BJ-6015BD9F,Lycée Privé Lycée Athiémé,Éducation & Formation,Athiémé,+229 97 58 27 74,lycée.privé.lycée.athiémé@lycée.privé.lycée.athiémé.com,,PME (10-50),B2B,APIEx,,Actif,2026-06-29T00:14:35.969198,moyenne
BJ-DE0BDA73,Université Développement,Éducation & Formation,Athiémé,+229 56 47 62 67,,universitédéveloppement.bj,Grande (>200),B2C,APIEx,,Actif,2026-06-29T00:14:35.969211,moyenne
BJ-8BBA0539,Connaissance Institute,Éducation & Formation,Athiémé,+229 78 42 65 58,,connaissanceinstitute.bj,PME (50-200),B2B,APIEx,,Actif,2026-06-29T00:14:35.969225,moyenne
BJ-FC5391D3,Institut Protestant Academy,Éducation & Formation,Bopa,+229 23 67 31 47,institut.protestant.academy@institut.protestant.academy.benin,institutprotestantacademy.bj,TPE (<10),B2C,APIEx,,Actif,2026-06-29T00:14:35.969263,haute
BJ-C0991EF4,International Bopa,Éducation & Formation,Bopa,+229 31 56 80 84,international.bopa@international.bopa.org,internationalbopa.bj,PME (50-200),B2B,APIEx,,Actif,2026-06-29T00:14:35.969278,haute
BJ-4C2991B1,Institut Développement School,Éducation & Formation,Bopa,+229 78 13 10 20,institut.développement.school@institut.développement.school.bj,institutdéveloppementschool.bj,PME (10-50),B2B,APIEx,,Actif,2026-06-29T00:14:35.969292,haute
BJ-3EEC04F5,Institut Éducation,Éducation & Formation,Bopa,+229 68 85 95 54,institut.éducation@institut.éducation.bj,institutéducation.bj,TPE (<10),B2C,APIEx,,Actif,2026-06-29T00:14:35.969310,haute
BJ-D861D93E,Excellence Institute,Éducation & Formation,Bopa,+229 74 53 94 75,excellence.institute@excellence.institute.net,,PME (10-50),B2C,APIEx,,Actif,2026-06-29T00:14:35.969326,moyenne
BJ-42BAF076,Public Lycée,Éducation & Formation,Houéyogbé,+229 65 98 87 89,public.lycée@public.lycée.bj,,PME (50-200),B2B,APIEx,,Actif,2026-06-29T00:14:35.969345,moyenne
BJ-A3B481A5,Centre Catholique Academy,Éducation & Formation,Houéyogbé,+229 54 66 93 84,,centrecatholiqueacademy.bj,TPE (<10),B2C,APIEx,,Actif,2026-06-29T00:14:35.969358,moyenne
BJ-55319931,Université Éducation École,Éducation & Formation,Houéyogbé,+229 23 22 85 74,université.éducation.école@université.éducation.école.benin,,PME (50-200),B2C,APIEx,,Actif,2026-06-29T00:14:35.969370,moyenne
BJ-4E5ABC07,Université Connaissance School,Éducation & Formation,Houéyogbé,+229 68 65 39 23,université.connaissance.school@université.connaissance.school.com,,PME (50-200),B2B,APIEx,,Actif,2026-06-29T00:14:35.969385,moyenne
BJ-A8049173,École Savoir University,Éducation & Formation,Houéyogbé,+229 40 71 88 43,école.savoir.university@école.savoir.university.org,,TPE (<10),B2B,APIEx,,Actif,2026-06-29T00:14:35.969398,moyenne
BJ-CE288DBE,Lycée Apprentissage University Malanville,Éducation & Formation,Malanville,+229 51 71 40 78,lycée.apprentissage.university.malanville@lycée.apprentissage.university.malanville.com,lycéeapprentissageuniversitymalanville.bj,TPE (<10),B2B,APIEx,,Actif,2026-06-29T00:14:35.969441,haute
BJ-3BEE6791,Liberté Institute,Éducation & Formation,Malanville,+229 27 61 31 47,,libertéinstitute.bj,Grande (>200),B2B,APIEx,,Actif,2026-06-29T00:14:35.969452,moyenne
BJ-200544CF,Centre Développement École,Éducation & Formation,Malanville,+229 60 95 40 85,centre.développement.école@centre.développement.école.org,centredéveloppementécole.bj,PME (10-50),B2C,APIEx,,Actif,2026-06-29T00:14:35.969465,haute
BJ-96A51418,Liberté School,Éducation & Formation,Malanville,+229 38 32 56 35,liberté.school@liberté.school.net,libertéschool.bj,PME (10-50),B2B,APIEx,,Actif,2026-06-29T00:14:35.969477,haute
BJ-EB54A9E5,Lycée International Institute,Éducation & Formation,Malanville,+229 57 24 93 50,lycée.international.institute@lycée.international.institute.org,lycéeinternationalinstitute.bj,TPE (<10),B2C,APIEx,,Actif,2026-06-29T00:14:35.969490,haute
BJ-0FC0B01C,Collège Catholique College Kandi,Éducation & Formation,Kandi,+229 65 20 26 92,collège.catholique.college.kandi@collège.catholique.college.kandi.org,collègecatholiquecollegekandi.bj,PME (50-200),B2C,APIEx,,Actif,2026-06-29T00:14:35.969509,haute
BJ-73CF7789,Académie Privé,Éducation & Formation,Kandi,+229 97 73 15 50,,académieprivé.bj,PME (10-50),B2C,APIEx,,Actif,2026-06-29T00:14:35.969521,moyenne
BJ-F36CFCD7,Collège Liberté Bénin,Éducation & Formation,Kandi,+229 30 24 88 22,collège.liberté.bénin@collège.liberté.bénin.net,collègelibertébénin.bj,PME (10-50),B2B,APIEx,,Actif,2026-06-29T00:14:35.969533,haute
BJ-159CDAB5,Institut Savoir Academy Kandi,Éducation & Formation,Kandi,+229 57 68 96 57,institut.savoir.academy.kandi@institut.savoir.academy.kandi.com,,PME (10-50),B2B,APIEx,,Actif,2026-06-29T00:14:35.969549,moyenne
BJ-D32D38BC,Institut International Institute,Éducation & Formation,Kandi,+229 52 56 86 67,institut.international.institute@institut.international.institute.com,institutinternationalinstitute.bj,TPE (<10),B2B,APIEx,,Actif,2026-06-29T00:14:35.969564,haute
BJ-21B49D96,Académie Excellence,Éducation & Formation,Banikoara,+229 71 71 64 50,académie.excellence@académie.excellence.net,académieexcellence.bj,TPE (<10),B2C,APIEx,,Actif,2026-06-29T00:14:35.969583,haute
BJ-C9D7A5B1,Centre Développement,Éducation & Formation,Banikoara,+229 41 78 63 94,,centredéveloppement.bj,PME (50-200),B2B,APIEx,,Actif,2026-06-29T00:14:35.969594,moyenne
BJ-DB7456BC,École Public Institute,Éducation & Formation,Banikoara,+229 78 91 49 26,école.public.institute@école.public.institute.net,écolepublicinstitute.bj,PME (50-200),B2B,APIEx,,Actif,2026-06-29T00:14:35.969610,haute
BJ-740CB535,Public,Éducation & Formation,Banikoara,+229 85 12 24 45,public@public.net,public.bj,PME (10-50),B2C,APIEx,,Actif,2026-06-29T00:14:35.969626,haute
BJ-E412B3AF,National College,Éducation & Formation,Banikoara,+229 79 78 64 99,national.college@national.college.org,nationalcollege.bj,PME (10-50),B2B,APIEx,,Actif,2026-06-29T00:14:35.969639,haute
BJ-6A946365,École Public,Éducation & Formation,Ségbana,+229 32 73 62 47,école.public@école.public.benin,écolepublic.bj,TPE (<10),B2B,APIEx,,Actif,2026-06-29T00:14:35.969658,haute
BJ-65873EA6,Protestant,Éducation & Formation,Ségbana,+229 31 69 16 65,protestant@protestant.benin,protestant.bj,TPE (<10),B2B,APIEx,,Actif,2026-06-29T00:14:35.969671,haute
BJ-31061CEC,Formation Lycée,Éducation & Formation,Ségbana,+229 29 79 55 30,formation.lycée@formation.lycée.bj,,PME (50-200),B2C,APIEx,,Actif,2026-06-29T00:14:35.969682,moyenne
BJ-CDB1EB4A,Université Protestant,Éducation & Formation,Ségbana,+229 76 16 46 10,université.protestant@université.protestant.benin,universitéprotestant.bj,TPE (<10),B2C,APIEx,,Actif,2026-06-29T00:14:35.969710,haute
BJ-0C9AE6EA,Université National,Éducation & Formation,Karimama,+229 53 97 52 39,université.national@université.national.bj,universiténational.bj,PME (10-50),B2C,APIEx,,Actif,2026-06-29T00:14:35.969729,haute
BJ-2C121243,Liberté Karimama,Éducation & Formation,Karimama,+229 32 28 18 54,,libertékarimama.bj,PME (10-50),B2C,APIEx,,Actif,2026-06-29T00:14:35.969740,moyenne
BJ-E0FA26F2,Protestant University,Éducation & Formation,Karimama,+229 22 54 27 87,protestant.university@protestant.university.org,protestantuniversity.bj,TPE (<10),B2C,APIEx,,Actif,2026-06-29T00:14:35.969762,haute
BJ-A1E51821,Savoir Institute Karimama,Éducation & Formation,Karimama,+229 50 77 98 78,,savoirinstitutekarimama.bj,PME (50-200),B2B,APIEx,,Actif,2026-06-29T00:14:35.969773,moyenne
BJ-4C170C2E,Privé,Éducation & Formation,Gogounou,+229 25 22 48 77,,privé.bj,TPE (<10),B2C,APIEx,,Actif,2026-06-29T00:14:35.969790,moyenne
BJ-05F0BCCF,Lycée Liberté Lycée,Éducation & Formation,Gogounou,+229 69 98 36 13,lycée.liberté.lycée@lycée.liberté.lycée.org,lycéelibertélycée.bj,TPE (<10),B2C,APIEx,,Actif,2026-06-29T00:14:35.969802,haute
BJ-41B565C9,Académie Privé,Éducation & Formation,Gogounou,+229 67 72 56 17,académie.privé@académie.privé.com,académieprivé.bj,TPE (<10),B2C,APIEx,,Actif,2026-06-29T00:14:35.969815,haute
BJ-B001451C,National École Gogounou,Éducation & Formation,Gogounou,+229 38 90 13 13,national.école.gogounou@national.école.gogounou.benin,,PME (50-200),B2B,APIEx,,Actif,2026-06-29T00:14:35.969829,moyenne
BJ-B74DE97E,Collège Public Institute Gogounou,Éducation & Formation,Gogounou,+229 94 94 75 28,collège.public.institute.gogounou@collège.public.institute.gogounou.bj,collègepublicinstitutegogounou.bj,Grande (>200),B2B,APIEx,,Actif,2026-06-29T00:14:35.969843,haute
BJ-7483290E,Lycée Public Bénin,Éducation & Formation,Cobly,+229 47 66 11 29,,lycéepublicbénin.bj,TPE (<10),B2B,APIEx,,Actif,2026-06-29T00:14:35.969860,moyenne
BJ-5934E9C7,Université Formation,Éducation & Formation,Cobly,+229 52 14 58 96,université.formation@université.formation.org,,PME (10-50),B2C,APIEx,,Actif,2026-06-29T00:14:35.969875,moyenne
BJ-CE657012,Liberté Bénin,Éducation & Formation,Cobly,+229 55 77 92 67,liberté.bénin@liberté.bénin.org,libertébénin.bj,PME (10-50),B2B,APIEx,,Actif,2026-06-29T00:14:35.969888,haute
BJ-3F760AAF,International,Éducation & Formation,Cobly,+229 81 81 87 36,,international.bj,PME (50-200),B2C,APIEx,,Actif,2026-06-29T00:14:35.969916,moyenne
BJ-49334FFD,Académie Excellence Cobly,Éducation & Formation,Cobly,+229 60 98 61 71,académie.excellence.cobly@académie.excellence.cobly.com,académieexcellencecobly.bj,TPE (<10),B2C,APIEx,,Actif,2026-06-29T00:14:35.969930,haute
BJ-93250AC1,Apprentissage Tanguiéta,Éducation & Formation,Tanguiéta,+229 21 83 77 75,apprentissage.tanguiéta@apprentissage.tanguiéta.benin,apprentissagetanguiéta.bj,PME (10-50),B2C,APIEx,,Actif,2026-06-29T00:14:35.969949,haute
BJ-1AC23C81,Apprentissage,Éducation & Formation,Tanguiéta,+229 42 44 32 90,,apprentissage.bj,PME (10-50),B2C,APIEx,,Actif,2026-06-29T00:14:35.969961,moyenne
BJ-9BCEC25E,Lycée Connaissance,Éducation & Formation,Tanguiéta,+229 27 48 52 46,lycée.connaissance@lycée.connaissance.benin,lycéeconnaissance.bj,PME (10-50),B2C,APIEx,,Actif,2026-06-29T00:14:35.969973,haute
BJ-E10F9464,Savoir École Tanguiéta,Éducation & Formation,Tanguiéta,+229 62 40 88 90,,savoirécoletanguiéta.bj,PME (50-200),B2C,APIEx,,Actif,2026-06-29T00:14:35.969988,moyenne
BJ-BD425AFC,Apprentissage Academy Tanguiéta,Éducation & Formation,Tanguiéta,+229 65 12 92 39,,apprentissageacademytanguiéta.bj,PME (50-200),B2B,APIEx,,Actif,2026-06-29T00:14:35.970001,moyenne
BJ-2F596795,Collège Savoir,Éducation & Formation,Matéri,+229 39 24 19 89,collège.savoir@collège.savoir.bj,collègesavoir.bj,TPE (<10),B2B,APIEx,,Actif,2026-06-29T00:14:35.970033,haute
BJ-0B50D308,Catholique Lycée Matéri,Éducation & Formation,Matéri,+229 99 75 34 71,,catholiquelycéematéri.bj,TPE (<10),B2C,APIEx,,Actif,2026-06-29T00:14:35.970045,moyenne
BJ-2F312F80,Excellence School,Éducation & Formation,Matéri,+229 88 36 56 16,,excellenceschool.bj,TPE (<10),B2B,APIEx,,Actif,2026-06-29T00:14:35.970057,moyenne
BJ-70883CB4,National,Éducation & Formation,Matéri,+229 41 38 87 12,national@national.bj,national.bj,PME (10-50),B2B,APIEx,,Actif,2026-06-29T00:14:35.970068,haute
BJ-231C51D7,Lycée Protestant,Éducation & Formation,Natitingou,+229 81 64 54 18,,lycéeprotestant.bj,PME (10-50),B2B,APIEx,,Actif,2026-06-29T00:14:35.970086,moyenne
BJ-389B2714,Éducation Academy Natitingou,Éducation & Formation,Natitingou,+229 35 55 55 82,éducation.academy.natitingou@éducation.academy.natitingou.org,éducationacademynatitingou.bj,PME (10-50),B2C,APIEx,,Actif,2026-06-29T00:14:35.970103,haute
BJ-60322B37,Liberté Institute,Éducation & Formation,Natitingou,+229 86 75 51 96,liberté.institute@liberté.institute.org,,PME (10-50),B2C,APIEx,,Actif,2026-06-29T00:14:35.970114,moyenne
BJ-70411C87,Excellence,Éducation & Formation,Natitingou,+229 44 73 56 31,excellence@excellence.org,excellence.bj,PME (10-50),B2B,APIEx,,Actif,2026-06-29T00:14:35.970131,haute
BJ-9A349003,Formation School,Éducation & Formation,Natitingou,+229 94 86 50 69,formation.school@formation.school.com,,PME (50-200),B2B,APIEx,,Actif,2026-06-29T00:14:35.970143,moyenne
BJ-B2E17F26,Apprentissage École Toucountouna,Éducation & Formation,Toucountouna,+229 70 37 42 32,apprentissage.école.toucountouna@apprentissage.école.toucountouna.bj,,PME (50-200),B2C,APIEx,,Actif,2026-06-29T00:14:35.970161,moyenne
BJ-FB4EC274,Liberté Toucountouna,Éducation & Formation,Toucountouna,+229 82 64 85 10,,,PME (10-50),B2C,APIEx,,Actif,2026-06-29T00:14:35.970172,basse
BJ-2ECB27E3,Excellence Bénin,Éducation & Formation,Toucountouna,+229 42 16 33 59,,,TPE (<10),B2B,APIEx,,Actif,2026-06-29T00:14:35.970182,basse
BJ-A0445B76,Excellence Academy Toucountouna,Éducation & Formation,Toucountouna,+229 25 97 47 92,,,PME (10-50),B2B,APIEx,,Actif,2026-06-29T00:14:35.970205,basse
BJ-40E350C5,Lycée Excellence,Éducation & Formation,Boukoumbé,+229 38 71 74 32,lycée.excellence@lycée.excellence.bj,lycéeexcellence.bj,PME (10-50),B2B,APIEx,,Actif,2026-06-29T00:14:35.970223,haute
BJ-3CB2260D,Institut Formation Bénin Boukoumbé,Éducation & Formation,Boukoumbé,+229 48 82 38 98,,institutformationbéninboukoumbé.bj,PME (10-50),B2B,APIEx,,Actif,2026-06-29T00:14:35.970236,moyenne
BJ-6AF49260,Savoir Boukoumbé,Éducation & Formation,Boukoumbé,+229 78 86 52 67,savoir.boukoumbé@savoir.boukoumbé.benin,,TPE (<10),B2B,APIEx,,Actif,2026-06-29T00:14:35.970251,moyenne
BJ-683EA8D2,Académie Développement School Boukoumbé,Éducation & Formation,Boukoumbé,+229 27 48 47 74,académie.développement.school.boukoumbé@académie.développement.school.boukoumbé.bj,,PME (50-200),B2C,APIEx,,Actif,2026-06-29T00:14:35.970266,moyenne
BJ-997D2634,Formation College,Éducation & Formation,Boukoumbé,+229 51 22 99 83,formation.college@formation.college.bj,formationcollege.bj,PME (10-50),B2C,APIEx,,Actif,2026-06-29T00:14:35.970279,haute
BJ-48344239,École Catholique,Éducation & Formation,Kouandé,+229 46 95 36 87,,écolecatholique.bj,PME (50-200),B2C,APIEx,,Actif,2026-06-29T00:14:35.970297,moyenne
BJ-537A15FD,Collège National École,Éducation & Formation,Kouandé,+229 82 48 13 58,collège.national.école@collège.national.école.bj,collègenationalécole.bj,Grande (>200),B2B,APIEx,,Actif,2026-06-29T00:14:35.970310,haute
BJ-0DE7C23D,Privé Bénin,Éducation & Formation,Kouandé,+229 66 30 63 32,,,PME (10-50),B2C,APIEx,,Actif,2026-06-29T00:14:35.970320,basse
BJ-DDFAE376,Connaissance,Éducation & Formation,Kouandé,+229 90 11 60 99,connaissance@connaissance.org,,TPE (<10),B2C,APIEx,,Actif,2026-06-29T00:14:35.970331,moyenne
BJ-681E8FCB,Lycée National,Éducation & Formation,Kouandé,+229 28 88 38 77,lycée.national@lycée.national.benin,,Grande (>200),B2C,APIEx,,Actif,2026-06-29T00:14:35.970343,moyenne
BJ-C5C3E7AB,Collège Connaissance,Éducation & Formation,Péhunco,+229 73 42 29 34,,collègeconnaissance.bj,TPE (<10),B2C,APIEx,,Actif,2026-06-29T00:14:35.970360,moyenne
BJ-78101D34,Éducation,Éducation & Formation,Péhunco,+229 48 73 60 99,,,TPE (<10),B2C,APIEx,,Actif,2026-06-29T00:14:35.970371,basse
BJ-2B5518BA,National Academy,Éducation & Formation,Péhunco,+229 72 91 70 71,,,TPE (<10),B2B,APIEx,,Actif,2026-06-29T00:14:35.970384,basse
BJ-984E15E2,Université Savoir,Éducation & Formation,Péhunco,+229 74 20 56 81,université.savoir@université.savoir.benin,universitésavoir.bj,TPE (<10),B2C,APIEx,,Actif,2026-06-29T00:14:35.970400,haute
BJ-A8EE0EED,Développement École,Éducation & Formation,Péhunco,+229 72 66 91 59,,développementécole.bj,TPE (<10),B2C,APIEx,,Actif,2026-06-29T00:14:35.970412,moyenne
BJ-B57A5714,Éducation College,Éducation & Formation,Tchaourou,+229 23 13 61 98,éducation.college@éducation.college.com,,PME (10-50),B2B,APIEx,,Actif,2026-06-29T00:14:35.970441,moyenne
BJ-E39EECE1,Excellence Lycée Tchaourou,Éducation & Formation,Tchaourou,+229 60 68 67 36,,excellencelycéetchaourou.bj,PME (50-200),B2C,APIEx,,Actif,2026-06-29T00:14:35.970453,moyenne
BJ-BCA519A0,Formation School,Éducation & Formation,Tchaourou,+229 21 83 65 35,formation.school@formation.school.bj,,Grande (>200),B2B,APIEx,,Actif,2026-06-29T00:14:35.970465,moyenne
BJ-9692ED78,Apprentissage Lycée,Éducation & Formation,Tchaourou,+229 27 89 66 98,,apprentissagelycée.bj,PME (50-200),B2C,APIEx,,Actif,2026-06-29T00:14:35.970476,moyenne
BJ-F478C24E,Institut Privé,Éducation & Formation,Nikki,+229 61 48 19 41,institut.privé@institut.privé.net,institutprivé.bj,Grande (>200),B2B,APIEx,,Actif,2026-06-29T00:14:35.970497,haute
BJ-65D0F690,Centre Liberté Nikki,Éducation & Formation,Nikki,+229 72 55 23 14,centre.liberté.nikki@centre.liberté.nikki.net,centreliberténikki.bj,TPE (<10),B2B,APIEx,,Actif,2026-06-29T00:14:35.970511,haute
BJ-020DD3B3,Développement Academy,Éducation & Formation,Nikki,+229 35 18 52 79,développement.academy@développement.academy.bj,,TPE (<10),B2C,APIEx,,Actif,2026-06-29T00:14:35.970523,moyenne
BJ-46DF6F50,Centre International Bénin,Éducation & Formation,Nikki,+229 68 52 40 30,centre.international.bénin@centre.international.bénin.benin,centreinternationalbénin.bj,PME (10-50),B2C,APIEx,,Actif,2026-06-29T00:14:35.970538,haute
BJ-97220E52,Excellence Lycée,Éducation & Formation,Nikki,+229 66 79 79 29,excellence.lycée@excellence.lycée.bj,excellencelycée.bj,PME (50-200),B2C,APIEx,,Actif,2026-06-29T00:14:35.970554,haute
BJ-412430E6,Apprentissage Lycée,Éducation & Formation,Bembéréké,+229 55 69 99 81,,apprentissagelycée.bj,PME (50-200),B2C,APIEx,,Actif,2026-06-29T00:14:35.970572,moyenne
BJ-B6DB0796,Académie Catholique Lycée,Éducation & Formation,Bembéréké,+229 36 15 78 36,académie.catholique.lycée@académie.catholique.lycée.bj,,TPE (<10),B2B,APIEx,,Actif,2026-06-29T00:14:35.970584,moyenne
BJ-C68AFCA9,Collège Développement Lycée Bembéréké,Éducation & Formation,Bembéréké,+229 26 67 73 45,collège.développement.lycée.bembéréké@collège.développement.lycée.bembéréké.org,,TPE (<10),B2C,APIEx,,Actif,2026-06-29T00:14:35.970596,moyenne
BJ-F9FE102C,Centre Protestant,Éducation & Formation,Bembéréké,+229 55 50 51 70,centre.protestant@centre.protestant.net,,PME (10-50),B2C,APIEx,,Actif,2026-06-29T00:14:35.970607,moyenne
BJ-ECD85323,Centre International École,Éducation & Formation,Kalalé,+229 25 55 31 25,,centreinternationalécole.bj,Grande (>200),B2B,APIEx,,Actif,2026-06-29T00:14:35.970636,moyenne
BJ-6CB917E0,National Lycée,Éducation & Formation,Kalalé,+229 44 14 40 15,,,PME (10-50),B2B,APIEx,,Actif,2026-06-29T00:14:35.970647,basse
BJ-838921D6,Académie Éducation Institute,Éducation & Formation,Kalalé,+229 21 39 29 98,académie.éducation.institute@académie.éducation.institute.com,académieéducationinstitute.bj,TPE (<10),B2B,APIEx,,Actif,2026-06-29T00:14:35.970663,haute
BJ-10E330F3,Académie Connaissance,Éducation & Formation,Kalalé,+229 51 94 44 96,,académieconnaissance.bj,TPE (<10),B2B,APIEx,,Actif,2026-06-29T00:14:35.970677,moyenne
BJ-B3B47A1D,Académie Protestant Institute,Éducation & Formation,Kalalé,+229 61 40 74 93,académie.protestant.institute@académie.protestant.institute.org,académieprotestantinstitute.bj,PME (50-200),B2B,APIEx,,Actif,2026-06-29T00:14:35.970697,haute
BJ-7BAEE160,École Formation Lycée,Éducation & Formation,Ndali,+229 38 50 26 37,école.formation.lycée@école.formation.lycée.bj,,TPE (<10),B2B,APIEx,,Actif,2026-06-29T00:14:35.970715,moyenne
BJ-381ED91F,Université Éducation Bénin,Éducation & Formation,Ndali,+229 98 95 76 52,université.éducation.bénin@université.éducation.bénin.com,,TPE (<10),B2C,APIEx,,Actif,2026-06-29T00:14:35.970727,moyenne
BJ-A6FA28DC,Centre Liberté,Éducation & Formation,Ndali,+229 29 45 18 59,centre.liberté@centre.liberté.com,centreliberté.bj,PME (10-50),B2C,APIEx,,Actif,2026-06-29T00:14:35.970740,haute
BJ-7E47E4C9,Collège Éducation,Éducation & Formation,Ndali,+229 79 15 63 43,,collègeéducation.bj,PME (10-50),B2B,APIEx,,Actif,2026-06-29T00:14:35.970751,moyenne
BJ-0F2C849B,Lycée International,Éducation & Formation,Ndali,+229 82 95 20 33,lycée.international@lycée.international.net,lycéeinternational.bj,Grande (>200),B2C,APIEx,,Actif,2026-06-29T00:14:35.970763,haute
BJ-37424758,Centre Privé Bénin Ségbana,Éducation & Formation,Ségbana,+229 55 33 18 12,,centreprivébéninségbana.bj,TPE (<10),B2C,APIEx,,Actif,2026-06-29T00:14:35.970781,moyenne
BJ-AE2B7260,Catholique College Ségbana,Éducation & Formation,Ségbana,+229 86 29 10 12,catholique.college.ségbana@catholique.college.ségbana.bj,catholiquecollegeségbana.bj,TPE (<10),B2C,APIEx,,Actif,2026-06-29T00:14:35.970794,haute
BJ-CD2D5864,Collège Savoir,Éducation & Formation,Ségbana,+229 32 29 37 45,collège.savoir@collège.savoir.org,,TPE (<10),B2B,APIEx,,Actif,2026-06-29T00:14:35.970806,moyenne
BJ-6A1B40D4,Apprentissage Academy,Éducation & Formation,Ségbana,+229 85 76 53 47,apprentissage.academy@apprentissage.academy.benin,apprentissageacademy.bj,Grande (>200),B2C,APIEx,,Actif,2026-06-29T00:14:35.970821,haute
BJ-2F342FC4,Université International Institute,Éducation & Formation,Ségbana,+229 25 33 35 44,université.international.institute@université.international.institute.net,universitéinternationalinstitute.bj,TPE (<10),B2C,APIEx,,Actif,2026-06-29T00:14:35.970834,haute
BJ-B26BE833,Collège Savoir Bénin,Éducation & Formation,Tchaourou,+229 40 53 67 35,collège.savoir.bénin@collège.savoir.bénin.org,collègesavoirbénin.bj,TPE (<10),B2B,APIEx,,Actif,2026-06-29T00:14:35.970853,haute
BJ-5DBC3496,Savoir School,Éducation & Formation,Tchaourou,+229 65 52 30 32,,savoirschool.bj,TPE (<10),B2B,APIEx,,Actif,2026-06-29T00:14:35.970875,moyenne
BJ-186E96F9,Institut Public Academy,Éducation & Formation,Tchaourou,+229 79 58 74 22,institut.public.academy@institut.public.academy.benin,,PME (10-50),B2B,APIEx,,Actif,2026-06-29T00:14:35.970899,moyenne
BJ-D4AB917A,Collège Développement Bénin Tchaourou,Éducation & Formation,Tchaourou,+229 58 33 98 81,collège.développement.bénin.tchaourou@collège.développement.bénin.tchaourou.benin,collègedéveloppementbénintchaourou.bj,PME (10-50),B2B,APIEx,,Actif,2026-06-29T00:14:35.970915,haute
BJ-90DB070F,Lycée Développement Bénin,Éducation & Formation,Bétérou,+229 90 68 40 65,lycée.développement.bénin@lycée.développement.bénin.com,,PME (10-50),B2B,APIEx,,Actif,2026-06-29T00:14:35.970934,moyenne
BJ-458D49E2,Protestant Lycée,Éducation & Formation,Bétérou,+229 41 57 64 31,protestant.lycée@protestant.lycée.benin,protestantlycée.bj,Grande (>200),B2C,APIEx,,Actif,2026-06-29T00:14:35.970951,haute
BJ-7863BF29,Connaissance Bénin,Éducation & Formation,Bétérou,+229 33 55 42 43,,,TPE (<10),B2B,APIEx,,Actif,2026-06-29T00:14:35.970961,basse
BJ-6347C78E,Université Public College,Éducation & Formation,Bétérou,+229 77 94 75 57,université.public.college@université.public.college.net,universitépubliccollege.bj,Grande (>200),B2B,APIEx,,Actif,2026-06-29T00:14:35.970976,haute
BJ-8F2E45E2,Développement Institute,Éducation & Formation,Bétérou,+229 28 53 62 87,développement.institute@développement.institute.com,développementinstitute.bj,PME (10-50),B2C,APIEx,,Actif,2026-06-29T00:14:35.970989,haute
BJ-26DEE43C,Lycée Public,Éducation & Formation,Ouessè,+229 41 52 93 26,,lycéepublic.bj,TPE (<10),B2C,APIEx,,Actif,2026-06-29T00:14:35.971006,moyenne
BJ-523937FE,Institut National Ouessè,Éducation & Formation,Ouessè,+229 63 10 24 91,,,PME (10-50),B2C,APIEx,,Actif,2026-06-29T00:14:35.971018,basse
BJ-75E3FA37,Connaissance,Éducation & Formation,Ouessè,+229 68 81 16 73,connaissance@connaissance.benin,connaissance.bj,TPE (<10),B2B,APIEx,,Actif,2026-06-29T00:14:35.971029,haute
BJ-6CCF17F2,Académie International Academy,Éducation & Formation,Ouessè,+229 40 16 61 47,académie.international.academy@académie.international.academy.com,académieinternationalacademy.bj,PME (10-50),B2B,APIEx,,Actif,2026-06-29T00:14:35.971067,haute
BJ-75F061B4,Éducation Glazoué,Éducation & Formation,Glazoué,+229 71 60 70 38,éducation.glazoué@éducation.glazoué.org,,TPE (<10),B2C,APIEx,,Actif,2026-06-29T00:14:35.971096,moyenne
BJ-3293F592,Catholique School Glazoué,Éducation & Formation,Glazoué,+229 20 87 83 17,,catholiqueschoolglazoué.bj,PME (10-50),B2B,APIEx,,Actif,2026-06-29T00:14:35.971109,moyenne
BJ-4562F05F,International Bénin,Éducation & Formation,Glazoué,+229 76 60 51 90,international.bénin@international.bénin.com,,TPE (<10),B2B,APIEx,,Actif,2026-06-29T00:14:35.971120,moyenne
BJ-833825A3,Protestant Lycée,Éducation & Formation,Glazoué,+229 37 32 78 18,,protestantlycée.bj,TPE (<10),B2C,APIEx,,Actif,2026-06-29T00:14:35.971146,moyenne
BJ-ED00E4EF,Formation University,Éducation & Formation,Dassa-Zoumè,+229 33 53 39 68,formation.university@formation.university.net,formationuniversity.bj,TPE (<10),B2B,APIEx,,Actif,2026-06-29T00:14:35.971164,haute
BJ-B8248862,Apprentissage Lycée,Éducation & Formation,Dassa-Zoumè,+229 55 65 94 34,,apprentissagelycée.bj,PME (50-200),B2C,APIEx,,Actif,2026-06-29T00:14:35.971176,moyenne
BJ-70C7BAE5,Centre Privé,Éducation & Formation,Dassa-Zoumè,+229 20 78 25 89,,centreprivé.bj,TPE (<10),B2B,APIEx,,Actif,2026-06-29T00:14:35.971187,moyenne
BJ-B45C1C43,Université Savoir,Éducation & Formation,Dassa-Zoumè,+229 47 29 59 48,,,PME (10-50),B2C,APIEx,,Actif,2026-06-29T00:14:35.971201,basse
BJ-0378CF2C,Protestant Institute,Éducation & Formation,Dassa-Zoumè,+229 20 20 24 83,protestant.institute@protestant.institute.com,protestantinstitute.bj,PME (10-50),B2B,APIEx,,Actif,2026-06-29T00:14:35.971214,haute
BJ-B76088BB,École Éducation,Éducation & Formation,Savalou,+229 52 69 30 79,école.éducation@école.éducation.benin,écoleéducation.bj,PME (10-50),B2B,APIEx,,Actif,2026-06-29T00:14:35.971232,haute
BJ-1E85C859,Protestant Institute,Éducation & Formation,Savalou,+229 62 66 17 36,protestant.institute@protestant.institute.bj,protestantinstitute.bj,PME (10-50),B2B,APIEx,,Actif,2026-06-29T00:14:35.971244,haute
BJ-7A9F8989,Institut Catholique,Éducation & Formation,Savalou,+229 49 83 95 49,institut.catholique@institut.catholique.net,institutcatholique.bj,PME (50-200),B2B,APIEx,,Actif,2026-06-29T00:14:35.971256,haute
BJ-1C3D98C8,Académie Développement École,Éducation & Formation,Savalou,+229 41 41 31 83,académie.développement.école@académie.développement.école.com,académiedéveloppementécole.bj,PME (10-50),B2B,APIEx,,Actif,2026-06-29T00:14:35.971271,haute
BJ-3EBA3A05,Institut Développement École,Éducation & Formation,Savalou,+229 99 64 89 55,institut.développement.école@institut.développement.école.org,institutdéveloppementécole.bj,PME (10-50),B2C,APIEx,,Actif,2026-06-29T00:14:35.971284,haute
BJ-4277C137,International,Éducation & Formation,Bantè,+229 70 50 17 88,international@international.com,international.bj,PME (10-50),B2B,APIEx,,Actif,2026-06-29T00:14:35.971302,haute
BJ-B67A581A,Savoir University Bantè,Éducation & Formation,Bantè,+229 36 36 46 93,savoir.university.bantè@savoir.university.bantè.com,savoiruniversitybantè.bj,TPE (<10),B2C,APIEx,,Actif,2026-06-29T00:14:35.971315,haute
BJ-5BB55C6D,Université Privé,Éducation & Formation,Bantè,+229 80 38 37 98,université.privé@université.privé.benin,universitéprivé.bj,PME (50-200),B2B,APIEx,,Actif,2026-06-29T00:14:35.971344,haute
BJ-D1A36469,Centre Protestant Bantè,Éducation & Formation,Bantè,+229 68 90 93 81,centre.protestant.bantè@centre.protestant.bantè.bj,centreprotestantbantè.bj,PME (10-50),B2B,APIEx,,Actif,2026-06-29T00:14:35.971356,haute
BJ-BFE89698,Université Protestant,Éducation & Formation,Djougou,+229 71 44 82 22,université.protestant@université.protestant.net,universitéprotestant.bj,TPE (<10),B2C,APIEx,,Actif,2026-06-29T00:14:35.971374,haute
BJ-0ECDA6DF,Développement School,Éducation & Formation,Djougou,+229 42 13 74 32,développement.school@développement.school.com,développementschool.bj,PME (50-200),B2C,APIEx,,Actif,2026-06-29T00:14:35.971387,haute
BJ-DFDC326A,Excellence Academy,Éducation & Formation,Djougou,+229 49 30 85 96,,excellenceacademy.bj,Grande (>200),B2B,APIEx,,Actif,2026-06-29T00:14:35.971398,moyenne
BJ-E8126E23,Université Savoir Institute Djougou,Éducation & Formation,Djougou,+229 94 59 18 13,université.savoir.institute.djougou@université.savoir.institute.djougou.com,universitésavoirinstitutedjougou.bj,TPE (<10),B2B,APIEx,,Actif,2026-06-29T00:14:35.971415,haute
BJ-25B98003,Collège Connaissance,Éducation & Formation,Djougou,+229 99 46 49 42,collège.connaissance@collège.connaissance.org,collègeconnaissance.bj,TPE (<10),B2B,APIEx,,Actif,2026-06-29T00:14:35.971427,haute
BJ-5A961727,Académie Formation College,Éducation & Formation,Ouèssè,+229 31 32 67 61,académie.formation.college@académie.formation.college.net,académieformationcollege.bj,PME (50-200),B2B,APIEx,,Actif,2026-06-29T00:14:35.971449,haute
BJ-44595638,Centre Catholique Ouèssè,Éducation & Formation,Ouèssè,+229 66 93 83 11,centre.catholique.ouèssè@centre.catholique.ouèssè.net,,TPE (<10),B2B,APIEx,,Actif,2026-06-29T00:14:35.971462,moyenne
BJ-1163C777,Formation École Ouèssè,Éducation & Formation,Ouèssè,+229 78 58 19 23,,formationécoleouèssè.bj,PME (50-200),B2C,APIEx,,Actif,2026-06-29T00:14:35.971473,moyenne
BJ-73AB2FC6,Centre Excellence University Ouèssè,Éducation & Formation,Ouèssè,+229 62 88 79 51,centre.excellence.university.ouèssè@centre.excellence.university.ouèssè.org,centreexcellenceuniversityouèssè.bj,PME (50-200),B2B,APIEx,,Actif,2026-06-29T00:14:35.971486,haute
BJ-95703485,Savoir School,Éducation & Formation,Ouèssè,+229 77 97 97 40,,savoirschool.bj,TPE (<10),B2B,APIEx,,Actif,2026-06-29T00:14:35.971498,moyenne
BJ-C5FAEAE5,Développement Institute Bassila,Éducation & Formation,Bassila,+229 82 13 66 91,,,TPE (<10),B2C,APIEx,,Actif,2026-06-29T00:14:35.971514,basse
BJ-FA433EF6,Savoir Bénin,Éducation & Formation,Bassila,+229 94 47 63 24,savoir.bénin@savoir.bénin.bj,savoirbénin.bj,TPE (<10),B2C,APIEx,,Actif,2026-06-29T00:14:35.971538,haute
BJ-AE91C877,National University,Éducation & Formation,Bassila,+229 68 85 42 22,national.university@national.university.benin,nationaluniversity.bj,TPE (<10),B2B,APIEx,,Actif,2026-06-29T00:14:35.971553,haute
BJ-27DA418A,Lycée Protestant Academy,Éducation & Formation,Pehunco,+229 95 15 93 62,lycée.protestant.academy@lycée.protestant.academy.com,,TPE (<10),B2B,APIEx,,Actif,2026-06-29T00:14:35.971583,moyenne
BJ-539C99E6,Académie Connaissance École,Éducation & Formation,Pehunco,+229 85 85 57 61,,académieconnaissanceécole.bj,TPE (<10),B2C,APIEx,,Actif,2026-06-29T00:14:35.971595,moyenne
BJ-04F45438,Université Protestant,Éducation & Formation,Pehunco,+229 56 18 78 51,université.protestant@université.protestant.net,,PME (10-50),B2B,APIEx,,Actif,2026-06-29T00:14:35.971606,moyenne
BJ-9273F091,Académie International Institute Pehunco,Éducation & Formation,Pehunco,+229 50 34 20 75,académie.international.institute.pehunco@académie.international.institute.pehunco.benin,,TPE (<10),B2C,APIEx,,Actif,2026-06-29T00:14:35.971618,moyenne
BJ-F30C5787,Public,Éducation & Formation,Pehunco,+229 36 32 93 73,,,Grande (>200),B2B,APIEx,,Actif,2026-06-29T00:14:35.971629,basse
BJ-8086FA17,Collège Formation University,Éducation & Formation,Copargo,+229 66 11 57 82,collège.formation.university@collège.formation.university.bj,,TPE (<10),B2C,APIEx,,Actif,2026-06-29T00:14:35.971646,moyenne
BJ-01EFA009,Apprentissage Copargo,Éducation & Formation,Copargo,+229 76 60 74 16,apprentissage.copargo@apprentissage.copargo.bj,apprentissagecopargo.bj,PME (50-200),B2C,APIEx,,Actif,2026-06-29T00:14:35.971659,haute
BJ-BFD8A06F,Catholique École Copargo,Éducation & Formation,Copargo,+229 44 92 72 72,catholique.école.copargo@catholique.école.copargo.bj,catholiqueécolecopargo.bj,PME (50-200),B2B,APIEx,,Actif,2026-06-29T00:14:35.971671,haute
BJ-C3DBA1B9,École Formation,Éducation & Formation,Copargo,+229 59 70 40 42,école.formation@école.formation.com,,TPE (<10),B2B,APIEx,,Actif,2026-06-29T00:14:35.971705,moyenne
BJ-C78B52A7,Soft Security Digital,Technologie & IT,Cotonou,+229 82 30 15 50,soft.security.digital@soft.security.digital.benin,softsecuritydigital.bj,Grande (>200),B2C,APIEx,,Actif,2026-06-29T00:14:35.971724,haute
BJ-2B267C9F,Data Technologie Systems,Technologie & IT,Cotonou,+229 54 66 40 34,data.technologie.systems@data.technologie.systems.bj,datatechnologiesystems.bj,Grande (>200),B2C,APIEx,,Actif,2026-06-29T00:14:35.971738,haute
BJ-4778429D,Net Digital,Technologie & IT,Cotonou,+229 36 40 53 62,net.digital@net.digital.benin,netdigital.bj,TPE (<10),B2C,APIEx,,Actif,2026-06-29T00:14:35.971750,haute
BJ-0A0ADCC6,Cloud Technologie Cotonou,Technologie & IT,Cotonou,+229 29 21 51 76,cloud.technologie.cotonou@cloud.technologie.cotonou.com,cloudtechnologiecotonou.bj,PME (10-50),B2C,APIEx,,Actif,2026-06-29T00:14:35.971775,haute
BJ-19269CFB,Cloud AI Tech,Technologie & IT,Cotonou,+229 86 18 91 15,cloud.ai.tech@cloud.ai.tech.org,cloudaitech.bj,PME (50-200),B2C,APIEx,,Actif,2026-06-29T00:14:35.971787,haute
BJ-700BF7C1,Application Tech Abomey-Calavi,Technologie & IT,Abomey-Calavi,+229 57 60 24 13,application.tech.abomeycalavi@application.tech.abomeycalavi.com,applicationtechabomeycalavi.bj,TPE (<10),B2B,APIEx,,Actif,2026-06-29T00:14:35.971805,haute
BJ-4D5F9084,Digital Digital Abomey-Calavi,Technologie & IT,Abomey-Calavi,+229 65 76 93 98,digital.digital.abomeycalavi@digital.digital.abomeycalavi.benin,digitaldigitalabomeycalavi.bj,PME (50-200),B2B,APIEx,,Actif,2026-06-29T00:14:35.971817,haute
BJ-D6E9BFEC,Security,Technologie & IT,Abomey-Calavi,+229 81 78 30 86,security@security.net,security.bj,PME (10-50),B2C,APIEx,,Actif,2026-06-29T00:14:35.971829,haute
BJ-C54D1A15,Cyber Network SARL,Technologie & IT,Abomey-Calavi,+229 24 55 54 42,cyber.network.sarl@cyber.network.sarl.benin,cybernetworksarl.bj,TPE (<10),B2C,APIEx,,Actif,2026-06-29T00:14:35.971843,haute
BJ-971CCC00,Tech Digital,Technologie & IT,Porto-Novo,+229 73 45 41 76,tech.digital@tech.digital.com,techdigital.bj,TPE (<10),B2B,APIEx,,Actif,2026-06-29T00:14:35.971876,haute
BJ-48B4841C,Security SARL,Technologie & IT,Porto-Novo,+229 88 95 25 75,security.sarl@security.sarl.com,securitysarl.bj,TPE (<10),B2C,APIEx,,Actif,2026-06-29T00:14:35.971887,haute
BJ-CA150D1D,Soft Solution Soft,Technologie & IT,Porto-Novo,+229 28 57 42 30,soft.solution.soft@soft.solution.soft.net,softsolutionsoft.bj,TPE (<10),B2C,APIEx,,Actif,2026-06-29T00:14:35.971933,haute
BJ-868DBD54,Cyber Cyber Digital,Technologie & IT,Porto-Novo,+229 40 27 95 38,cyber.cyber.digital@cyber.cyber.digital.com,cybercyberdigital.bj,TPE (<10),B2C,APIEx,,Actif,2026-06-29T00:14:35.971961,haute
BJ-35C13058,Soft Data Systems,Technologie & IT,Porto-Novo,+229 94 64 90 82,soft.data.systems@soft.data.systems.net,,PME (50-200),B2C,APIEx,,Actif,2026-06-29T00:14:35.971972,moyenne
BJ-B967680E,Cyber Informatique,Technologie & IT,Parakou,+229 80 53 12 98,cyber.informatique@cyber.informatique.benin,cyberinformatique.bj,Grande (>200),B2B,APIEx,,Actif,2026-06-29T00:14:35.971992,haute
BJ-3F910F3A,Net Cloud,Technologie & IT,Parakou,+229 45 88 29 22,net.cloud@net.cloud.org,netcloud.bj,TPE (<10),B2B,APIEx,,Actif,2026-06-29T00:14:35.972005,haute
BJ-079729FC,Tech Intelligence Bénin,Technologie & IT,Parakou,+229 79 83 81 94,tech.intelligence.bénin@tech.intelligence.bénin.bj,techintelligencebénin.bj,TPE (<10),B2B,APIEx,,Actif,2026-06-29T00:14:35.972018,haute
BJ-B60A2555,Data,Technologie & IT,Parakou,+229 89 17 50 18,data@data.com,data.bj,TPE (<10),B2B,APIEx,,Actif,2026-06-29T00:14:35.972033,haute
BJ-587E12CE,Data Système,Technologie & IT,Parakou,+229 83 44 54 88,data.système@data.système.benin,datasystème.bj,TPE (<10),B2C,APIEx,,Actif,2026-06-29T00:14:35.972046,haute
BJ-AA86147F,Net Cyber,Technologie & IT,Bohicon,+229 64 28 54 33,net.cyber@net.cyber.org,netcyber.bj,TPE (<10),B2C,APIEx,,Actif,2026-06-29T00:14:35.972064,haute
BJ-31B7359B,Cloud,Technologie & IT,Bohicon,+229 70 47 42 29,,cloud.bj,TPE (<10),B2C,APIEx,,Actif,2026-06-29T00:14:35.972075,moyenne
BJ-14442F01,Web Bohicon,Technologie & IT,Bohicon,+229 82 98 51 89,web.bohicon@web.bohicon.benin,webbohicon.bj,PME (10-50),B2C,APIEx,,Actif,2026-06-29T00:14:35.972087,haute
BJ-4ADE2230,Intelligence,Technologie & IT,Bohicon,+229 95 14 79 90,intelligence@intelligence.org,intelligence.bj,Grande (>200),B2C,APIEx,,Actif,2026-06-29T00:14:35.972099,haute
BJ-16D38318,Data Mobile Solutions,Technologie & IT,Bohicon,+229 77 43 88 97,data.mobile.solutions@data.mobile.solutions.net,datamobilesolutions.bj,PME (10-50),B2C,APIEx,,Actif,2026-06-29T00:14:35.972114,haute
BJ-79AEA8CD,Cyber Logiciel Tech,Technologie & IT,Natitingou,+229 28 77 98 53,cyber.logiciel.tech@cyber.logiciel.tech.net,cyberlogicieltech.bj,Grande (>200),B2C,APIEx,,Actif,2026-06-29T00:14:35.972131,haute
BJ-A78DD602,Application,Technologie & IT,Natitingou,+229 21 25 27 87,application@application.benin,application.bj,TPE (<10),B2C,APIEx,,Actif,2026-06-29T00:14:35.972149,haute
BJ-B153B438,Smart AI,Technologie & IT,Natitingou,+229 23 24 48 22,smart.ai@smart.ai.bj,smartai.bj,TPE (<10),B2B,APIEx,,Actif,2026-06-29T00:14:35.972160,haute
BJ-A8805786,Security,Technologie & IT,Natitingou,+229 35 39 37 91,security@security.org,security.bj,TPE (<10),B2B,APIEx,,Actif,2026-06-29T00:14:35.972174,haute
BJ-74DF7969,Intelligence,Technologie & IT,Lokossa,+229 60 95 62 61,intelligence@intelligence.com,intelligence.bj,TPE (<10),B2C,APIEx,,Actif,2026-06-29T00:14:35.972205,haute
BJ-463BB751,Network,Technologie & IT,Lokossa,+229 92 22 89 89,network@network.com,network.bj,PME (10-50),B2C,APIEx,,Actif,2026-06-29T00:14:35.972216,haute
BJ-FC0F19A4,Cyber International Lokossa,Technologie & IT,Lokossa,+229 57 87 21 31,cyber.international.lokossa@cyber.international.lokossa.org,cyberinternationallokossa.bj,TPE (<10),B2C,APIEx,,Actif,2026-06-29T00:14:35.972228,haute
BJ-9CB815CB,AI Systems Lokossa,Technologie & IT,Lokossa,+229 64 19 21 78,ai.systems.lokossa@ai.systems.lokossa.org,aisystemslokossa.bj,PME (10-50),B2B,APIEx,,Actif,2026-06-29T00:14:35.972240,haute
BJ-9E7C6A98,Tech Data SARL Lokossa,Technologie & IT,Lokossa,+229 47 41 63 32,tech.data.sarl.lokossa@tech.data.sarl.lokossa.com,techdatasarllokossa.bj,Grande (>200),B2C,APIEx,,Actif,2026-06-29T00:14:35.972251,haute
BJ-98854CDE,Soft Web,Technologie & IT,Ouidah,+229 60 25 35 11,soft.web@soft.web.bj,,TPE (<10),B2C,APIEx,,Actif,2026-06-29T00:14:35.972268,moyenne
BJ-83F894C9,Système Soft,Technologie & IT,Ouidah,+229 29 58 27 44,système.soft@système.soft.benin,systèmesoft.bj,PME (10-50),B2B,APIEx,,Actif,2026-06-29T00:14:35.972280,haute
BJ-5882AFC1,Data SARL,Technologie & IT,Ouidah,+229 70 53 83 70,data.sarl@data.sarl.com,,TPE (<10),B2B,APIEx,,Actif,2026-06-29T00:14:35.972291,moyenne
BJ-0E0BA0C4,Digital Informatique Systems,Technologie & IT,Ouidah,+229 79 40 99 51,digital.informatique.systems@digital.informatique.systems.org,digitalinformatiquesystems.bj,TPE (<10),B2B,APIEx,,Actif,2026-06-29T00:14:35.972306,haute
BJ-CD6C880B,Smart Mobile Systems Ouidah,Technologie & IT,Ouidah,+229 45 33 94 71,smart.mobile.systems.ouidah@smart.mobile.systems.ouidah.bj,smartmobilesystemsouidah.bj,PME (10-50),B2B,APIEx,,Actif,2026-06-29T00:14:35.972319,haute
BJ-61E67D56,Cyber Cyber,Technologie & IT,Savalou,+229 74 17 94 19,cyber.cyber@cyber.cyber.bj,cybercyber.bj,Grande (>200),B2C,APIEx,,Actif,2026-06-29T00:14:35.972339,haute
BJ-05AEF5A2,Système Tech,Technologie & IT,Savalou,+229 98 70 71 65,système.tech@système.tech.com,systèmetech.bj,TPE (<10),B2C,APIEx,,Actif,2026-06-29T00:14:35.972352,haute
BJ-2A6BC701,Smart Cyber Digital,Technologie & IT,Savalou,+229 54 28 76 32,smart.cyber.digital@smart.cyber.digital.net,smartcyberdigital.bj,TPE (<10),B2B,APIEx,,Actif,2026-06-29T00:14:35.972364,haute
BJ-76A244E2,Net Intelligence Soft,Technologie & IT,Savalou,+229 26 74 12 57,net.intelligence.soft@net.intelligence.soft.com,netintelligencesoft.bj,PME (10-50),B2B,APIEx,,Actif,2026-06-29T00:14:35.972376,haute
BJ-337AA18A,Logiciel Soft,Technologie & IT,Savalou,+229 61 80 21 43,logiciel.soft@logiciel.soft.org,logicielsoft.bj,TPE (<10),B2C,APIEx,,Actif,2026-06-29T00:14:35.972387,haute
BJ-D863C8B2,Digital Intelligence,Technologie & IT,Dassa-Zoumè,+229 33 11 41 43,digital.intelligence@digital.intelligence.org,digitalintelligence.bj,TPE (<10),B2C,APIEx,,Actif,2026-06-29T00:14:35.972404,haute
BJ-02801EDD,Cyber,Technologie & IT,Dassa-Zoumè,+229 97 16 66 97,cyber@cyber.net,cyber.bj,PME (10-50),B2C,APIEx,,Actif,2026-06-29T00:14:35.972416,haute
BJ-230AC40E,Mobile Soft,Technologie & IT,Dassa-Zoumè,+229 24 62 66 58,mobile.soft@mobile.soft.org,mobilesoft.bj,TPE (<10),B2B,APIEx,,Actif,2026-06-29T00:14:35.972427,haute
BJ-5054A6A5,Application Dassa-Zoumè,Technologie & IT,Dassa-Zoumè,+229 64 43 35 81,application.dassazoumè@application.dassazoumè.bj,applicationdassazoumè.bj,PME (10-50),B2B,APIEx,,Actif,2026-06-29T00:14:35.972443,haute
BJ-51D8D86B,Cyber Web Systems,Technologie & IT,Dassa-Zoumè,+229 94 97 76 54,cyber.web.systems@cyber.web.systems.bj,cyberwebsystems.bj,TPE (<10),B2B,APIEx,,Actif,2026-06-29T00:14:35.972456,haute
BJ-02AB3554,Digital Informatique Bénin,Technologie & IT,Kétou,+229 49 42 49 62,digital.informatique.bénin@digital.informatique.bénin.bj,digitalinformatiquebénin.bj,PME (50-200),B2C,APIEx,,Actif,2026-06-29T00:14:35.972474,haute
BJ-61046E35,Solution,Technologie & IT,Kétou,+229 46 53 60 89,solution@solution.benin,solution.bj,PME (50-200),B2B,APIEx,,Actif,2026-06-29T00:14:35.972486,haute
BJ-5A4EA85E,Smart Data Tech Kétou,Technologie & IT,Kétou,+229 90 58 88 80,smart.data.tech.kétou@smart.data.tech.kétou.com,smartdatatechkétou.bj,PME (10-50),B2B,APIEx,,Actif,2026-06-29T00:14:35.972502,haute
BJ-2B47AE6C,Soft Informatique,Technologie & IT,Kétou,+229 83 37 22 11,soft.informatique@soft.informatique.org,,PME (10-50),B2C,APIEx,,Actif,2026-06-29T00:14:35.972513,moyenne
BJ-B298C681,Net Solution,Technologie & IT,Kétou,+229 83 22 21 96,net.solution@net.solution.com,netsolution.bj,PME (10-50),B2C,APIEx,,Actif,2026-06-29T00:14:35.972528,haute
BJ-AE46A462,Soft Cloud Soft,Technologie & IT,Covè,+229 92 77 89 23,,softcloudsoft.bj,TPE (<10),B2C,APIEx,,Actif,2026-06-29T00:14:35.972545,moyenne
BJ-49A86E91,Smart Développement Systems,Technologie & IT,Covè,+229 92 23 44 95,,smartdéveloppementsystems.bj,TPE (<10),B2C,APIEx,,Actif,2026-06-29T00:14:35.972557,moyenne
BJ-7F660B86,Data Cyber,Technologie & IT,Covè,+229 49 39 51 89,data.cyber@data.cyber.org,datacyber.bj,TPE (<10),B2B,APIEx,,Actif,2026-06-29T00:14:35.972569,haute
BJ-1766AEB9,Intelligence Tech,Technologie & IT,Covè,+229 68 41 43 57,intelligence.tech@intelligence.tech.org,intelligencetech.bj,TPE (<10),B2C,APIEx,,Actif,2026-06-29T00:14:35.972584,haute
BJ-2244EB2B,Tech Cyber Covè,Technologie & IT,Covè,+229 24 87 22 79,tech.cyber.covè@tech.cyber.covè.com,techcybercovè.bj,PME (10-50),B2C,APIEx,,Actif,2026-06-29T00:14:35.972597,haute
BJ-752A54A3,Logiciel Digital Pobè,Technologie & IT,Pobè,+229 71 65 38 12,,logicieldigitalpobè.bj,TPE (<10),B2C,APIEx,,Actif,2026-06-29T00:14:35.972613,moyenne
BJ-92AD1DDB,Cyber,Technologie & IT,Pobè,+229 54 42 38 11,cyber@cyber.net,cyber.bj,TPE (<10),B2B,APIEx,,Actif,2026-06-29T00:14:35.972626,haute
BJ-33806E91,Cyber SARL Pobè,Technologie & IT,Pobè,+229 72 74 41 85,cyber.sarl.pobè@cyber.sarl.pobè.bj,cybersarlpobè.bj,PME (10-50),B2C,APIEx,,Actif,2026-06-29T00:14:35.972638,haute
BJ-EA705801,Data Intelligence,Technologie & IT,Pobè,+229 49 89 98 42,data.intelligence@data.intelligence.net,dataintelligence.bj,PME (50-200),B2B,APIEx,,Actif,2026-06-29T00:14:35.972649,haute
BJ-C654BD2C,Digital Security Pobè,Technologie & IT,Pobè,+229 49 59 66 13,digital.security.pobè@digital.security.pobè.net,digitalsecuritypobè.bj,PME (50-200),B2C,APIEx,,Actif,2026-06-29T00:14:35.972662,haute
BJ-FF3C778D,Soft Développement Systems,Technologie & IT,Sakété,+229 49 36 12 66,soft.développement.systems@soft.développement.systems.com,softdéveloppementsystems.bj,PME (50-200),B2C,APIEx,,Actif,2026-06-29T00:14:35.972680,haute
BJ-429D85C6,Net Logiciel Solutions,Technologie & IT,Sakété,+229 62 63 95 18,net.logiciel.solutions@net.logiciel.solutions.benin,netlogicielsolutions.bj,TPE (<10),B2B,APIEx,,Actif,2026-06-29T00:14:35.972692,haute
BJ-B4332EDC,Digital Logiciel,Technologie & IT,Sakété,+229 60 64 97 74,digital.logiciel@digital.logiciel.org,,TPE (<10),B2B,APIEx,,Actif,2026-06-29T00:14:35.972703,moyenne
BJ-CCAC3914,Smart Cyber Sakété,Technologie & IT,Sakété,+229 86 72 57 20,,smartcybersakété.bj,PME (10-50),B2B,APIEx,,Actif,2026-06-29T00:14:35.972720,moyenne
BJ-18EADA24,Net Application,Technologie & IT,Sakété,+229 31 12 47 27,net.application@net.application.org,netapplication.bj,Grande (>200),B2B,APIEx,,Actif,2026-06-29T00:14:35.972735,haute
BJ-EECF7AA2,AI Soft,Technologie & IT,Adjara,+229 64 28 34 59,ai.soft@ai.soft.net,aisoft.bj,PME (50-200),B2C,APIEx,,Actif,2026-06-29T00:14:35.972753,haute
BJ-D810F452,Logiciel,Technologie & IT,Adjara,+229 74 37 58 63,logiciel@logiciel.com,logiciel.bj,TPE (<10),B2B,APIEx,,Actif,2026-06-29T00:14:35.972765,haute
BJ-FB6CAD1E,Soft Web,Technologie & IT,Adjara,+229 47 42 55 57,soft.web@soft.web.net,softweb.bj,TPE (<10),B2B,APIEx,,Actif,2026-06-29T00:14:35.972777,haute
BJ-054421C5,Net Informatique SARL Adjara,Technologie & IT,Adjara,+229 33 77 91 86,net.informatique.sarl.adjara@net.informatique.sarl.adjara.net,netinformatiquesarladjara.bj,TPE (<10),B2B,APIEx,,Actif,2026-06-29T00:14:35.972789,haute
BJ-26A73BBB,Technologie,Technologie & IT,Adjara,+229 68 43 79 86,technologie@technologie.benin,technologie.bj,TPE (<10),B2B,APIEx,,Actif,2026-06-29T00:14:35.972801,haute
BJ-1880E8CE,Soft Web International,Technologie & IT,Allada,+229 73 96 64 66,soft.web.international@soft.web.international.com,softwebinternational.bj,TPE (<10),B2C,APIEx,,Actif,2026-06-29T00:14:35.972818,haute
BJ-46F9C312,Net Système,Technologie & IT,Allada,+229 67 73 63 47,net.système@net.système.net,netsystème.bj,PME (50-200),B2B,APIEx,,Actif,2026-06-29T00:14:35.972835,haute
BJ-7E6FB81D,Cloud Solution,Technologie & IT,Allada,+229 49 46 91 37,cloud.solution@cloud.solution.org,,PME (50-200),B2C,APIEx,,Actif,2026-06-29T00:14:35.972860,moyenne
BJ-968B1F3D,Technologie International Allada,Technologie & IT,Allada,+229 59 76 38 94,technologie.international.allada@technologie.international.allada.net,technologieinternationalallada.bj,PME (10-50),B2C,APIEx,,Actif,2026-06-29T00:14:35.972872,haute
BJ-89645FA2,Cyber Technologie Digital,Technologie & IT,Aplahoué,+229 77 33 41 29,cyber.technologie.digital@cyber.technologie.digital.net,cybertechnologiedigital.bj,PME (10-50),B2B,APIEx,,Actif,2026-06-29T00:14:35.972900,haute
BJ-0292DB77,Tech Cloud Aplahoué,Technologie & IT,Aplahoué,+229 66 87 14 27,,,PME (10-50),B2C,APIEx,,Actif,2026-06-29T00:14:35.972932,basse
BJ-F139AACA,Logiciel Tech,Technologie & IT,Aplahoué,+229 52 30 47 17,logiciel.tech@logiciel.tech.org,logicieltech.bj,TPE (<10),B2C,APIEx,,Actif,2026-06-29T00:14:35.972973,haute
BJ-3632DAF6,Cyber Security,Technologie & IT,Aplahoué,+229 66 53 64 11,cyber.security@cyber.security.bj,cybersecurity.bj,Grande (>200),B2C,APIEx,,Actif,2026-06-29T00:14:35.972988,haute
BJ-DD87982A,Cyber Intelligence Soft,Technologie & IT,Aplahoué,+229 44 56 66 41,cyber.intelligence.soft@cyber.intelligence.soft.com,cyberintelligencesoft.bj,TPE (<10),B2C,APIEx,,Actif,2026-06-29T00:14:35.972999,haute
BJ-BE55CFC9,Cloud Web Digital Dogbo-Tota,Technologie & IT,Dogbo-Tota,+229 39 39 68 93,cloud.web.digital.dogbotota@cloud.web.digital.dogbotota.net,cloudwebdigitaldogbotota.bj,TPE (<10),B2B,APIEx,,Actif,2026-06-29T00:14:35.973018,haute
BJ-10021D31,Cyber Informatique,Technologie & IT,Dogbo-Tota,+229 51 47 98 21,cyber.informatique@cyber.informatique.net,cyberinformatique.bj,PME (50-200),B2B,APIEx,,Actif,2026-06-29T00:14:35.973029,haute
BJ-BE7D357E,Web,Technologie & IT,Dogbo-Tota,+229 70 23 88 69,web@web.benin,web.bj,PME (50-200),B2C,APIEx,,Actif,2026-06-29T00:14:35.973040,haute
BJ-77D10E8B,Security Africa,Technologie & IT,Dogbo-Tota,+229 60 51 14 34,security.africa@security.africa.bj,securityafrica.bj,PME (10-50),B2B,APIEx,,Actif,2026-06-29T00:14:35.973056,haute
BJ-BB732928,Cloud Network,Technologie & IT,Dogbo-Tota,+229 70 91 15 66,cloud.network@cloud.network.bj,cloudnetwork.bj,PME (50-200),B2C,APIEx,,Actif,2026-06-29T00:14:35.973068,haute
BJ-0733CB51,Logiciel,Technologie & IT,Kpomassè,+229 70 62 88 37,logiciel@logiciel.org,logiciel.bj,PME (50-200),B2C,APIEx,,Actif,2026-06-29T00:14:35.973084,haute
BJ-C16893AE,Solution Solutions,Technologie & IT,Kpomassè,+229 63 14 72 86,solution.solutions@solution.solutions.com,solutionsolutions.bj,PME (50-200),B2C,APIEx,,Actif,2026-06-29T00:14:35.973096,haute
BJ-76035525,Web,Technologie & IT,Kpomassè,+229 53 29 65 55,,web.bj,TPE (<10),B2C,APIEx,,Actif,2026-06-29T00:14:35.973131,moyenne
BJ-DFA39721,Net Solution,Technologie & IT,Tori-Bossito,+229 93 64 10 52,net.solution@net.solution.net,netsolution.bj,PME (10-50),B2B,APIEx,,Actif,2026-06-29T00:14:35.973148,haute
BJ-39FEBC4F,Intelligence Africa,Technologie & IT,Tori-Bossito,+229 53 44 22 70,intelligence.africa@intelligence.africa.net,intelligenceafrica.bj,PME (50-200),B2B,APIEx,,Actif,2026-06-29T00:14:35.973159,haute
BJ-5249572E,Cyber Technologie Tori-Bossito,Technologie & IT,Tori-Bossito,+229 94 52 35 76,cyber.technologie.toribossito@cyber.technologie.toribossito.com,cybertechnologietoribossito.bj,PME (50-200),B2C,APIEx,,Actif,2026-06-29T00:14:35.973171,haute
BJ-A379DC4D,Smart Informatique,Technologie & IT,Tori-Bossito,+229 43 55 72 49,smart.informatique@smart.informatique.net,smartinformatique.bj,PME (10-50),B2B,APIEx,,Actif,2026-06-29T00:14:35.973199,haute
BJ-F46B3E21,Soft Cloud Grand-Popo,Technologie & IT,Grand-Popo,+229 49 23 19 78,,,TPE (<10),B2C,APIEx,,Actif,2026-06-29T00:14:35.973214,basse
BJ-CA20FB62,Mobile Bénin,Technologie & IT,Grand-Popo,+229 28 37 37 41,mobile.bénin@mobile.bénin.bj,mobilebénin.bj,TPE (<10),B2C,APIEx,,Actif,2026-06-29T00:14:35.973230,haute
BJ-58BCD6DD,Digital Network,Technologie & IT,Grand-Popo,+229 60 91 23 19,digital.network@digital.network.bj,digitalnetwork.bj,PME (10-50),B2B,APIEx,,Actif,2026-06-29T00:14:35.973253,haute
BJ-1FBEB057,Data Web Grand-Popo,Technologie & IT,Grand-Popo,+229 22 86 77 92,data.web.grandpopo@data.web.grandpopo.com,datawebgrandpopo.bj,TPE (<10),B2B,APIEx,,Actif,2026-06-29T00:14:35.973264,haute
BJ-AF69D3AC,Soft Développement Soft,Technologie & IT,Athiémé,+229 32 39 77 38,soft.développement.soft@soft.développement.soft.benin,softdéveloppementsoft.bj,PME (10-50),B2C,APIEx,,Actif,2026-06-29T00:14:35.973320,haute
BJ-12BC987C,Data Intelligence,Technologie & IT,Athiémé,+229 60 41 88 27,data.intelligence@data.intelligence.net,dataintelligence.bj,PME (50-200),B2B,APIEx,,Actif,2026-06-29T00:14:35.973333,haute
BJ-3595395C,Data Mobile,Technologie & IT,Bopa,+229 36 40 77 32,data.mobile@data.mobile.org,datamobile.bj,PME (10-50),B2C,APIEx,,Actif,2026-06-29T00:14:35.973353,haute
BJ-D345D6AF,Cloud Systems,Technologie & IT,Bopa,+229 88 96 35 88,cloud.systems@cloud.systems.com,cloudsystems.bj,PME (10-50),B2C,APIEx,,Actif,2026-06-29T00:14:35.973365,haute
BJ-1749E913,Cyber Tech,Technologie & IT,Bopa,+229 45 60 70 90,cyber.tech@cyber.tech.com,cybertech.bj,TPE (<10),B2B,APIEx,,Actif,2026-06-29T00:14:35.973379,haute
BJ-DB798897,Application,Technologie & IT,Bopa,+229 32 26 49 99,application@application.benin,application.bj,Grande (>200),B2B,APIEx,,Actif,2026-06-29T00:14:35.973391,haute
BJ-00FAA945,Développement Bopa,Technologie & IT,Bopa,+229 36 91 42 15,développement.bopa@développement.bopa.benin,développementbopa.bj,PME (10-50),B2B,APIEx,,Actif,2026-06-29T00:14:35.973404,haute
BJ-E9E8D8EE,Digital Logiciel Houéyogbé,Technologie & IT,Houéyogbé,+229 80 97 82 24,digital.logiciel.houéyogbé@digital.logiciel.houéyogbé.bj,digitallogicielhouéyogbé.bj,TPE (<10),B2B,APIEx,,Actif,2026-06-29T00:14:35.973422,haute
BJ-B2EEAB31,Solution International,Technologie & IT,Houéyogbé,+229 58 56 17 71,solution.international@solution.international.benin,solutioninternational.bj,TPE (<10),B2B,APIEx,,Actif,2026-06-29T00:14:35.973435,haute
BJ-274EF677,Data Web Houéyogbé,Technologie & IT,Houéyogbé,+229 46 13 13 80,data.web.houéyogbé@data.web.houéyogbé.org,,PME (50-200),B2B,APIEx,,Actif,2026-06-29T00:14:35.973446,moyenne
BJ-EE252158,AI,Technologie & IT,Houéyogbé,+229 60 68 89 58,ai@ai.bj,ai.bj,PME (10-50),B2B,APIEx,,Actif,2026-06-29T00:14:35.973461,haute
BJ-5ED6492F,Technologie,Technologie & IT,Houéyogbé,+229 20 54 89 40,technologie@technologie.bj,technologie.bj,TPE (<10),B2B,APIEx,,Actif,2026-06-29T00:14:35.973473,haute
BJ-D62F2F39,Web International,Technologie & IT,Malanville,+229 53 71 93 69,web.international@web.international.org,webinternational.bj,TPE (<10),B2B,APIEx,,Actif,2026-06-29T00:14:35.973490,haute
BJ-ED78D4E9,Network,Technologie & IT,Malanville,+229 33 59 67 44,network@network.bj,network.bj,TPE (<10),B2B,APIEx,,Actif,2026-06-29T00:14:35.973501,haute
BJ-4E68AD8F,Net Application,Technologie & IT,Malanville,+229 20 22 74 34,net.application@net.application.org,netapplication.bj,TPE (<10),B2B,APIEx,,Actif,2026-06-29T00:14:35.973512,haute
BJ-46AC7637,Cloud Cyber Bénin,Technologie & IT,Malanville,+229 48 30 14 63,cloud.cyber.bénin@cloud.cyber.bénin.org,cloudcyberbénin.bj,TPE (<10),B2C,APIEx,,Actif,2026-06-29T00:14:35.973524,haute
BJ-69E0855F,Digital SARL,Technologie & IT,Malanville,+229 54 13 88 62,,,PME (50-200),B2B,APIEx,,Actif,2026-06-29T00:14:35.973534,basse
BJ-AF89FD53,AI SARL,Technologie & IT,Kandi,+229 25 83 32 79,ai.sarl@ai.sarl.benin,aisarl.bj,PME (10-50),B2C,APIEx,,Actif,2026-06-29T00:14:35.973551,haute
BJ-C10D1AD0,Intelligence,Technologie & IT,Kandi,+229 22 76 75 39,intelligence@intelligence.net,intelligence.bj,PME (10-50),B2C,APIEx,,Actif,2026-06-29T00:14:35.973562,haute
BJ-0D0397CB,Tech AI International,Technologie & IT,Kandi,+229 24 10 25 51,tech.ai.international@tech.ai.international.com,techaiinternational.bj,PME (10-50),B2B,APIEx,,Actif,2026-06-29T00:14:35.973576,haute
BJ-E0B58D88,Cloud Systems,Technologie & IT,Kandi,+229 67 61 58 17,cloud.systems@cloud.systems.benin,cloudsystems.bj,PME (10-50),B2B,APIEx,,Actif,2026-06-29T00:14:35.973594,haute
BJ-CF081590,Cloud Technologie,Technologie & IT,Kandi,+229 36 39 61 35,cloud.technologie@cloud.technologie.benin,cloudtechnologie.bj,PME (50-200),B2C,APIEx,,Actif,2026-06-29T00:14:35.973605,haute
BJ-1D0D2003,Network,Technologie & IT,Banikoara,+229 47 36 45 35,network@network.benin,,TPE (<10),B2B,APIEx,,Actif,2026-06-29T00:14:35.973622,moyenne
BJ-C396E7D2,Cyber Web Solutions,Technologie & IT,Banikoara,+229 62 29 63 95,cyber.web.solutions@cyber.web.solutions.net,,PME (50-200),B2B,APIEx,,Actif,2026-06-29T00:14:35.973633,moyenne
BJ-AB4E6C49,Digital Banikoara,Technologie & IT,Banikoara,+229 82 16 44 82,digital.banikoara@digital.banikoara.bj,digitalbanikoara.bj,PME (10-50),B2B,APIEx,,Actif,2026-06-29T00:14:35.973645,haute
BJ-AC15F9DF,Cloud Network,Technologie & IT,Banikoara,+229 74 46 57 86,cloud.network@cloud.network.net,cloudnetwork.bj,TPE (<10),B2B,APIEx,,Actif,2026-06-29T00:14:35.973656,haute
BJ-C36D181D,Intelligence,Technologie & IT,Banikoara,+229 56 97 31 34,intelligence@intelligence.org,intelligence.bj,PME (50-200),B2C,APIEx,,Actif,2026-06-29T00:14:35.973666,haute
BJ-010379B0,Web International,Technologie & IT,Ségbana,+229 27 61 77 73,web.international@web.international.net,webinternational.bj,PME (10-50),B2C,APIEx,,Actif,2026-06-29T00:14:35.973683,haute
BJ-3B4E4A51,Logiciel Soft Ségbana,Technologie & IT,Ségbana,+229 36 17 14 24,logiciel.soft.ségbana@logiciel.soft.ségbana.net,logicielsoftségbana.bj,PME (50-200),B2B,APIEx,,Actif,2026-06-29T00:14:35.973699,haute
BJ-CF70C33B,Data Systems,Technologie & IT,Ségbana,+229 49 35 83 79,data.systems@data.systems.benin,datasystems.bj,PME (50-200),B2B,APIEx,,Actif,2026-06-29T00:14:35.973711,haute
BJ-90744BA4,Net Cloud Digital,Technologie & IT,Ségbana,+229 39 85 81 37,,netclouddigital.bj,PME (50-200),B2B,APIEx,,Actif,2026-06-29T00:14:35.973725,moyenne
BJ-4F515E5E,Net Network,Technologie & IT,Ségbana,+229 48 84 71 20,net.network@net.network.org,netnetwork.bj,PME (50-200),B2C,APIEx,,Actif,2026-06-29T00:14:35.973736,haute
BJ-602AB2BE,Cyber Data Digital,Technologie & IT,Karimama,+229 28 84 84 80,cyber.data.digital@cyber.data.digital.net,cyberdatadigital.bj,PME (50-200),B2B,APIEx,,Actif,2026-06-29T00:14:35.973753,haute
BJ-CB4E10BF,Cyber Cyber Digital,Technologie & IT,Karimama,+229 46 95 77 17,cyber.cyber.digital@cyber.cyber.digital.bj,cybercyberdigital.bj,PME (50-200),B2C,APIEx,,Actif,2026-06-29T00:14:35.973770,haute
BJ-6BB34CA6,Développement Africa,Technologie & IT,Karimama,+229 29 82 49 48,développement.africa@développement.africa.benin,,PME (50-200),B2B,APIEx,,Actif,2026-06-29T00:14:35.973782,moyenne
BJ-BFF824D5,Network,Technologie & IT,Karimama,+229 46 43 34 30,network@network.bj,network.bj,TPE (<10),B2C,APIEx,,Actif,2026-06-29T00:14:35.973804,haute
BJ-A6F0FB64,Data Tech,Technologie & IT,Gogounou,+229 87 32 63 48,data.tech@data.tech.benin,datatech.bj,TPE (<10),B2B,APIEx,,Actif,2026-06-29T00:14:35.973821,haute
BJ-89D80D14,Application Digital,Technologie & IT,Gogounou,+229 80 72 34 10,application.digital@application.digital.net,applicationdigital.bj,PME (50-200),B2C,APIEx,,Actif,2026-06-29T00:14:35.973833,haute
BJ-0E92E040,Cloud Cyber,Technologie & IT,Gogounou,+229 72 47 99 52,,cloudcyber.bj,TPE (<10),B2C,APIEx,,Actif,2026-06-29T00:14:35.973843,moyenne
BJ-5D4CE742,Data Solution Soft,Technologie & IT,Gogounou,+229 49 16 91 71,,datasolutionsoft.bj,TPE (<10),B2C,APIEx,,Actif,2026-06-29T00:14:35.973856,moyenne
BJ-18AC69FB,Net Solution Systems,Technologie & IT,Gogounou,+229 92 17 41 20,net.solution.systems@net.solution.systems.benin,netsolutionsystems.bj,TPE (<10),B2C,APIEx,,Actif,2026-06-29T00:14:35.973868,haute
BJ-53967882,Solution Soft,Technologie & IT,Cobly,+229 84 56 62 93,solution.soft@solution.soft.net,,PME (10-50),B2C,APIEx,,Actif,2026-06-29T00:14:35.973884,moyenne
BJ-E270CF14,Cyber Data Systems,Technologie & IT,Cobly,+229 23 63 18 76,cyber.data.systems@cyber.data.systems.bj,cyberdatasystems.bj,PME (50-200),B2C,APIEx,,Actif,2026-06-29T00:14:35.973905,haute
BJ-028A4D46,Développement Bénin,Technologie & IT,Cobly,+229 74 36 76 59,développement.bénin@développement.bénin.benin,développementbénin.bj,PME (10-50),B2C,APIEx,,Actif,2026-06-29T00:14:35.973935,haute
BJ-65B12D4A,Intelligence Tech,Technologie & IT,Cobly,+229 71 61 17 25,,intelligencetech.bj,TPE (<10),B2C,APIEx,,Actif,2026-06-29T00:14:35.973946,moyenne
BJ-B857F6E1,Cloud Cyber,Technologie & IT,Cobly,+229 96 73 72 68,cloud.cyber@cloud.cyber.org,cloudcyber.bj,PME (10-50),B2C,APIEx,,Actif,2026-06-29T00:14:35.973977,haute
BJ-67A835FD,Cloud Data Bénin,Technologie & IT,Tanguiéta,+229 63 74 55 79,cloud.data.bénin@cloud.data.bénin.org,clouddatabénin.bj,TPE (<10),B2B,APIEx,,Actif,2026-06-29T00:14:35.973999,haute
BJ-9093B902,Data Développement Systems,Technologie & IT,Tanguiéta,+229 58 69 94 32,data.développement.systems@data.développement.systems.benin,datadéveloppementsystems.bj,PME (10-50),B2B,APIEx,,Actif,2026-06-29T00:14:35.974012,haute
BJ-145B2C6A,Digital Système,Technologie & IT,Tanguiéta,+229 79 11 55 98,digital.système@digital.système.com,digitalsystème.bj,TPE (<10),B2C,APIEx,,Actif,2026-06-29T00:14:35.974024,haute
BJ-05970451,Network,Technologie & IT,Tanguiéta,+229 47 95 91 70,network@network.benin,network.bj,TPE (<10),B2B,APIEx,,Actif,2026-06-29T00:14:35.974037,haute
BJ-F66B90A8,Digital Système Digital,Technologie & IT,Tanguiéta,+229 98 97 80 38,,digitalsystèmedigital.bj,TPE (<10),B2C,APIEx,,Actif,2026-06-29T00:14:35.974049,moyenne
BJ-C616E901,Net Security,Technologie & IT,Matéri,+229 69 93 13 72,net.security@net.security.org,netsecurity.bj,TPE (<10),B2B,APIEx,,Actif,2026-06-29T00:14:35.974066,haute
BJ-C260EE14,Web,Technologie & IT,Matéri,+229 79 59 39 99,web@web.net,web.bj,PME (10-50),B2B,APIEx,,Actif,2026-06-29T00:14:35.974078,haute
BJ-4FF63115,Data Développement,Technologie & IT,Matéri,+229 80 57 39 52,data.développement@data.développement.benin,datadéveloppement.bj,TPE (<10),B2C,APIEx,,Actif,2026-06-29T00:14:35.974102,haute
BJ-334F9927,Cloud Cloud Bénin,Technologie & IT,Matéri,+229 24 96 58 25,,cloudcloudbénin.bj,TPE (<10),B2C,APIEx,,Actif,2026-06-29T00:14:35.974114,moyenne
BJ-E1E04072,Tech Logiciel,Technologie & IT,Natitingou,+229 31 76 17 87,tech.logiciel@tech.logiciel.net,techlogiciel.bj,Grande (>200),B2C,APIEx,,Actif,2026-06-29T00:14:35.974131,haute
BJ-90184E72,Net Informatique,Technologie & IT,Natitingou,+229 68 20 43 91,net.informatique@net.informatique.net,netinformatique.bj,PME (10-50),B2B,APIEx,,Actif,2026-06-29T00:14:35.974142,haute
BJ-25EA4002,Smart Network,Technologie & IT,Natitingou,+229 72 51 13 71,smart.network@smart.network.org,smartnetwork.bj,PME (10-50),B2B,APIEx,,Actif,2026-06-29T00:14:35.974170,haute
BJ-4D5F1DB1,Smart Security Tech Natitingou,Technologie & IT,Natitingou,+229 34 92 60 67,smart.security.tech.natitingou@smart.security.tech.natitingou.org,smartsecuritytechnatitingou.bj,PME (10-50),B2B,APIEx,,Actif,2026-06-29T00:14:35.974182,haute
BJ-5503BECE,Soft Digital,Technologie & IT,Toucountouna,+229 36 76 60 23,,softdigital.bj,PME (10-50),B2C,APIEx,,Actif,2026-06-29T00:14:35.974199,moyenne
BJ-FB6BC3DC,Data Développement Africa,Technologie & IT,Toucountouna,+229 75 14 89 52,,datadéveloppementafrica.bj,PME (50-200),B2B,APIEx,,Actif,2026-06-29T00:14:35.974211,moyenne
BJ-4A3E5D3C,Tech Intelligence,Technologie & IT,Toucountouna,+229 85 59 62 81,,techintelligence.bj,PME (10-50),B2B,APIEx,,Actif,2026-06-29T00:14:35.974222,moyenne
BJ-B8867C28,Net AI Digital,Technologie & IT,Toucountouna,+229 82 93 38 16,net.ai.digital@net.ai.digital.bj,netaidigital.bj,TPE (<10),B2B,APIEx,,Actif,2026-06-29T00:14:35.974233,haute
BJ-184EEF1B,Cloud Informatique,Technologie & IT,Boukoumbé,+229 76 11 37 26,cloud.informatique@cloud.informatique.bj,cloudinformatique.bj,PME (50-200),B2B,APIEx,,Actif,2026-06-29T00:14:35.974262,haute
BJ-2526B314,AI Digital,Technologie & IT,Boukoumbé,+229 84 75 56 48,ai.digital@ai.digital.com,aidigital.bj,PME (50-200),B2B,APIEx,,Actif,2026-06-29T00:14:35.974274,haute
BJ-D59BA06E,Soft Mobile Boukoumbé,Technologie & IT,Boukoumbé,+229 69 92 13 68,soft.mobile.boukoumbé@soft.mobile.boukoumbé.org,softmobileboukoumbé.bj,PME (10-50),B2C,APIEx,,Actif,2026-06-29T00:14:35.974286,haute
BJ-116E59D1,Mobile,Technologie & IT,Boukoumbé,+229 42 76 21 20,mobile@mobile.com,mobile.bj,TPE (<10),B2C,APIEx,,Actif,2026-06-29T00:14:35.974312,haute
BJ-9192E151,Net Développement,Technologie & IT,Kouandé,+229 48 92 99 81,net.développement@net.développement.org,netdéveloppement.bj,PME (10-50),B2B,APIEx,,Actif,2026-06-29T00:14:35.974333,haute
BJ-6AA1FDB9,Digital Développement,Technologie & IT,Kouandé,+229 30 76 54 19,digital.développement@digital.développement.bj,,TPE (<10),B2C,APIEx,,Actif,2026-06-29T00:14:35.974345,moyenne
BJ-4420C4A5,Web Tech,Technologie & IT,Kouandé,+229 30 34 19 82,web.tech@web.tech.benin,webtech.bj,PME (10-50),B2C,APIEx,,Actif,2026-06-29T00:14:35.974357,haute
BJ-744FA3B9,Solution,Technologie & IT,Kouandé,+229 49 16 91 96,solution@solution.benin,,PME (10-50),B2C,APIEx,,Actif,2026-06-29T00:14:35.974371,moyenne
BJ-9F647E44,Net Application Solutions,Technologie & IT,Péhunco,+229 89 91 29 47,,netapplicationsolutions.bj,TPE (<10),B2C,APIEx,,Actif,2026-06-29T00:14:35.974399,moyenne
BJ-7E5C6F3D,Network SARL,Technologie & IT,Péhunco,+229 36 86 53 92,network.sarl@network.sarl.org,networksarl.bj,PME (50-200),B2C,APIEx,,Actif,2026-06-29T00:14:35.974411,haute
BJ-B6DEA89D,Application Soft,Technologie & IT,Péhunco,+229 69 34 88 77,application.soft@application.soft.bj,applicationsoft.bj,TPE (<10),B2C,APIEx,,Actif,2026-06-29T00:14:35.974423,haute
BJ-30FA8610,Digital Péhunco,Technologie & IT,Péhunco,+229 85 98 37 90,,digitalpéhunco.bj,Grande (>200),B2B,APIEx,,Actif,2026-06-29T00:14:35.974437,moyenne
BJ-F21BA929,Technologie Digital Péhunco,Technologie & IT,Péhunco,+229 81 93 60 41,technologie.digital.péhunco@technologie.digital.péhunco.bj,technologiedigitalpéhunco.bj,TPE (<10),B2C,APIEx,,Actif,2026-06-29T00:14:35.974450,haute
BJ-FA4E30DA,Web,Technologie & IT,Tchaourou,+229 42 22 19 37,web@web.com,web.bj,TPE (<10),B2C,APIEx,,Actif,2026-06-29T00:14:35.974468,haute
BJ-D08980FB,Digital Network International Tchaourou,Technologie & IT,Tchaourou,+229 65 62 72 52,digital.network.international.tchaourou@digital.network.international.tchaourou.com,digitalnetworkinternationaltchaourou.bj,PME (50-200),B2B,APIEx,,Actif,2026-06-29T00:14:35.974481,haute
BJ-37C86B74,Security SARL,Technologie & IT,Tchaourou,+229 52 76 56 31,security.sarl@security.sarl.net,securitysarl.bj,Grande (>200),B2B,APIEx,,Actif,2026-06-29T00:14:35.974492,haute
BJ-338136AF,Application,Technologie & IT,Tchaourou,+229 28 16 75 20,application@application.org,application.bj,PME (50-200),B2C,APIEx,,Actif,2026-06-29T00:14:35.974503,haute
BJ-FC62310F,Cloud Solution,Technologie & IT,Nikki,+229 22 49 71 76,cloud.solution@cloud.solution.com,cloudsolution.bj,Grande (>200),B2C,APIEx,,Actif,2026-06-29T00:14:35.974532,haute
BJ-D86AF579,Network,Technologie & IT,Nikki,+229 23 30 72 93,network@network.benin,,PME (50-200),B2B,APIEx,,Actif,2026-06-29T00:14:35.974542,moyenne
BJ-763AD45A,Cyber Africa,Technologie & IT,Nikki,+229 71 13 86 45,cyber.africa@cyber.africa.org,cyberafrica.bj,PME (50-200),B2C,APIEx,,Actif,2026-06-29T00:14:35.974554,haute
BJ-3A58CEE2,Intelligence Solutions Nikki,Technologie & IT,Nikki,+229 35 33 97 56,intelligence.solutions.nikki@intelligence.solutions.nikki.org,intelligencesolutionsnikki.bj,TPE (<10),B2C,APIEx,,Actif,2026-06-29T00:14:35.974574,haute
BJ-217D12F6,Net Digital International,Technologie & IT,Nikki,+229 84 54 56 79,net.digital.international@net.digital.international.org,netdigitalinternational.bj,PME (10-50),B2C,APIEx,,Actif,2026-06-29T00:14:35.974586,haute
BJ-313EC02D,Digital Informatique,Technologie & IT,Bembéréké,+229 61 38 80 52,digital.informatique@digital.informatique.net,digitalinformatique.bj,TPE (<10),B2B,APIEx,,Actif,2026-06-29T00:14:35.974603,haute
BJ-CAF02BA6,Digital Informatique Bembéréké,Technologie & IT,Bembéréké,+229 50 94 85 81,digital.informatique.bembéréké@digital.informatique.bembéréké.benin,digitalinformatiquebembéréké.bj,TPE (<10),B2C,APIEx,,Actif,2026-06-29T00:14:35.974617,haute
BJ-5231F56B,Mobile,Technologie & IT,Bembéréké,+229 41 80 62 74,mobile@mobile.org,mobile.bj,PME (50-200),B2B,APIEx,,Actif,2026-06-29T00:14:35.974628,haute
BJ-0612DBE5,Cloud Cloud Africa Bembéréké,Technologie & IT,Bembéréké,+229 42 25 99 24,cloud.cloud.africa.bembéréké@cloud.cloud.africa.bembéréké.com,cloudcloudafricabembéréké.bj,TPE (<10),B2B,APIEx,,Actif,2026-06-29T00:14:35.974641,haute
BJ-F0300E2A,Application Systems Bembéréké,Technologie & IT,Bembéréké,+229 20 85 54 38,application.systems.bembéréké@application.systems.bembéréké.org,,PME (10-50),B2B,APIEx,,Actif,2026-06-29T00:14:35.974652,moyenne
BJ-47339778,Cloud Technologie,Technologie & IT,Kalalé,+229 67 32 52 53,cloud.technologie@cloud.technologie.benin,cloudtechnologie.bj,TPE (<10),B2C,APIEx,,Actif,2026-06-29T00:14:35.974670,haute
BJ-C8EAD21B,Digital Technologie Systems,Technologie & IT,Kalalé,+229 60 57 10 35,digital.technologie.systems@digital.technologie.systems.org,digitaltechnologiesystems.bj,Grande (>200),B2C,APIEx,,Actif,2026-06-29T00:14:35.974685,haute
BJ-2E91B2BE,Smart Système Kalalé,Technologie & IT,Kalalé,+229 45 16 57 31,smart.système.kalalé@smart.système.kalalé.net,smartsystèmekalalé.bj,TPE (<10),B2B,APIEx,,Actif,2026-06-29T00:14:35.974698,haute
BJ-E530FFC6,Mobile Bénin Kalalé,Technologie & IT,Kalalé,+229 60 33 39 29,mobile.bénin.kalalé@mobile.bénin.kalalé.net,mobilebéninkalalé.bj,PME (50-200),B2C,APIEx,,Actif,2026-06-29T00:14:35.974713,haute
BJ-0D132187,Mobile SARL,Technologie & IT,Kalalé,+229 33 45 65 86,mobile.sarl@mobile.sarl.com,mobilesarl.bj,PME (10-50),B2B,APIEx,,Actif,2026-06-29T00:14:35.974725,haute
BJ-4E42EF79,Cyber,Technologie & IT,Ndali,+229 73 17 73 44,cyber@cyber.org,cyber.bj,TPE (<10),B2B,APIEx,,Actif,2026-06-29T00:14:35.974745,haute
BJ-DBE68F92,Tech Intelligence,Technologie & IT,Ndali,+229 74 41 40 54,tech.intelligence@tech.intelligence.net,techintelligence.bj,TPE (<10),B2B,APIEx,,Actif,2026-06-29T00:14:35.974757,haute
BJ-99C6DF6E,Web,Technologie & IT,Ndali,+229 60 30 43 30,web@web.net,web.bj,TPE (<10),B2C,APIEx,,Actif,2026-06-29T00:14:35.974769,haute
BJ-CE0AAB36,Security Ndali,Technologie & IT,Ndali,+229 43 28 40 24,security.ndali@security.ndali.org,securityndali.bj,PME (50-200),B2B,APIEx,,Actif,2026-06-29T00:14:35.974785,haute
BJ-6B49A2EB,Cyber Application Soft,Technologie & IT,Ndali,+229 48 75 99 35,,cyberapplicationsoft.bj,PME (10-50),B2C,APIEx,,Actif,2026-06-29T00:14:35.974796,moyenne
BJ-C2190810,Mobile International,Technologie & IT,Ségbana,+229 86 47 95 89,mobile.international@mobile.international.benin,mobileinternational.bj,PME (50-200),B2C,APIEx,,Actif,2026-06-29T00:14:35.974813,haute
BJ-7DDF972E,Data Network Systems Ségbana,Technologie & IT,Ségbana,+229 81 61 53 47,data.network.systems.ségbana@data.network.systems.ségbana.bj,datanetworksystemsségbana.bj,PME (10-50),B2B,APIEx,,Actif,2026-06-29T00:14:35.974825,haute
BJ-E814A7F6,Intelligence,Technologie & IT,Ségbana,+229 33 42 21 26,intelligence@intelligence.net,intelligence.bj,TPE (<10),B2B,APIEx,,Actif,2026-06-29T00:14:35.974836,haute
BJ-B927FBFA,Data Data Solutions,Technologie & IT,Ségbana,+229 43 68 55 25,data.data.solutions@data.data.solutions.bj,datadatasolutions.bj,Grande (>200),B2B,APIEx,,Actif,2026-06-29T00:14:35.974851,haute
BJ-8273F8C5,Net Solution Tech Ségbana,Technologie & IT,Ségbana,+229 91 88 30 70,net.solution.tech.ségbana@net.solution.tech.ségbana.bj,netsolutiontechségbana.bj,PME (10-50),B2B,APIEx,,Actif,2026-06-29T00:14:35.974864,haute
BJ-5EEA4665,Network Systems,Technologie & IT,Tchaourou,+229 26 69 96 94,,,PME (10-50),B2B,APIEx,,Actif,2026-06-29T00:14:35.974880,basse
BJ-988D94AF,Data Network Systems Tchaourou,Technologie & IT,Tchaourou,+229 55 80 84 70,data.network.systems.tchaourou@data.network.systems.tchaourou.org,datanetworksystemstchaourou.bj,Grande (>200),B2B,APIEx,,Actif,2026-06-29T00:14:35.974901,haute
BJ-BDBB5BCE,Cloud Solution Tech,Technologie & IT,Tchaourou,+229 52 92 36 72,cloud.solution.tech@cloud.solution.tech.com,cloudsolutiontech.bj,PME (10-50),B2B,APIEx,,Actif,2026-06-29T00:14:35.974932,haute
BJ-B34F718F,Tech Intelligence Bénin,Technologie & IT,Tchaourou,+229 22 95 35 20,tech.intelligence.bénin@tech.intelligence.bénin.benin,,TPE (<10),B2B,APIEx,,Actif,2026-06-29T00:14:35.974944,moyenne
BJ-1FD8984D,Technologie,Technologie & IT,Tchaourou,+229 89 82 78 43,technologie@technologie.net,technologie.bj,TPE (<10),B2B,APIEx,,Actif,2026-06-29T00:14:35.974956,haute
BJ-90978C72,Soft Network Africa,Technologie & IT,Bétérou,+229 44 34 53 85,soft.network.africa@soft.network.africa.net,softnetworkafrica.bj,Grande (>200),B2C,APIEx,,Actif,2026-06-29T00:14:35.974989,haute
BJ-34E21724,Net Application,Technologie & IT,Bétérou,+229 50 44 96 68,net.application@net.application.benin,netapplication.bj,PME (10-50),B2C,APIEx,,Actif,2026-06-29T00:14:35.975001,haute
BJ-57B88533,Net Technologie,Technologie & IT,Bétérou,+229 77 25 82 30,net.technologie@net.technologie.org,nettechnologie.bj,TPE (<10),B2B,APIEx,,Actif,2026-06-29T00:14:35.975012,haute
BJ-29FC9086,Data Web Africa,Technologie & IT,Bétérou,+229 62 78 26 40,data.web.africa@data.web.africa.benin,datawebafrica.bj,PME (10-50),B2C,APIEx,,Actif,2026-06-29T00:14:35.975031,haute
BJ-B74C4030,Tech Solution Bétérou,Technologie & IT,Bétérou,+229 20 56 79 77,tech.solution.bétérou@tech.solution.bétérou.com,techsolutionbétérou.bj,PME (50-200),B2C,APIEx,,Actif,2026-06-29T00:14:35.975044,haute
BJ-3C7E0DA2,Soft Cyber Ouessè,Technologie & IT,Ouessè,+229 61 38 17 28,soft.cyber.ouessè@soft.cyber.ouessè.bj,softcyberouessè.bj,PME (10-50),B2B,APIEx,,Actif,2026-06-29T00:14:35.975063,haute
BJ-21D4330B,Application,Technologie & IT,Ouessè,+229 52 98 10 43,,application.bj,Grande (>200),B2C,APIEx,,Actif,2026-06-29T00:14:35.975077,moyenne
BJ-952FEA0B,Informatique,Technologie & IT,Ouessè,+229 97 58 54 11,informatique@informatique.org,informatique.bj,TPE (<10),B2C,APIEx,,Actif,2026-06-29T00:14:35.975089,haute
BJ-2017AFC0,Cyber Security Soft,Technologie & IT,Ouessè,+229 54 73 87 67,,cybersecuritysoft.bj,Grande (>200),B2B,APIEx,,Actif,2026-06-29T00:14:35.975100,moyenne
BJ-1F77A181,Cloud Logiciel,Technologie & IT,Ouessè,+229 96 91 61 41,cloud.logiciel@cloud.logiciel.org,,TPE (<10),B2C,APIEx,,Actif,2026-06-29T00:14:35.975111,moyenne
BJ-5BD11D3A,Smart Network,Technologie & IT,Glazoué,+229 80 64 50 25,,smartnetwork.bj,TPE (<10),B2C,APIEx,,Actif,2026-06-29T00:14:35.975128,moyenne
BJ-52793F74,Security,Technologie & IT,Glazoué,+229 97 42 37 83,,,TPE (<10),B2B,APIEx,,Actif,2026-06-29T00:14:35.975138,basse
BJ-0164405D,Cloud Web Solutions,Technologie & IT,Glazoué,+229 40 75 69 57,cloud.web.solutions@cloud.web.solutions.org,cloudwebsolutions.bj,PME (10-50),B2B,APIEx,,Actif,2026-06-29T00:14:35.975150,haute
BJ-2AE84773,Cyber International Glazoué,Technologie & IT,Glazoué,+229 48 67 17 22,cyber.international.glazoué@cyber.international.glazoué.bj,cyberinternationalglazoué.bj,TPE (<10),B2C,APIEx,,Actif,2026-06-29T00:14:35.975166,haute
BJ-F6946DDF,Digital Cloud International,Technologie & IT,Glazoué,+229 94 54 35 68,digital.cloud.international@digital.cloud.international.com,,TPE (<10),B2B,APIEx,,Actif,2026-06-29T00:14:35.975178,moyenne
BJ-A03A6A9E,Data Intelligence SARL,Technologie & IT,Dassa-Zoumè,+229 25 14 26 61,data.intelligence.sarl@data.intelligence.sarl.com,dataintelligencesarl.bj,PME (10-50),B2C,APIEx,,Actif,2026-06-29T00:14:35.975195,haute
BJ-475A618F,Data Africa,Technologie & IT,Dassa-Zoumè,+229 29 65 79 34,data.africa@data.africa.org,dataafrica.bj,PME (10-50),B2C,APIEx,,Actif,2026-06-29T00:14:35.975207,haute
BJ-2E764477,Smart Security Bénin,Technologie & IT,Dassa-Zoumè,+229 50 35 68 86,smart.security.bénin@smart.security.bénin.net,smartsecuritybénin.bj,Grande (>200),B2C,APIEx,,Actif,2026-06-29T00:14:35.975219,haute
BJ-2B5468B0,Digital Soft,Technologie & IT,Dassa-Zoumè,+229 84 69 24 71,digital.soft@digital.soft.org,digitalsoft.bj,PME (50-200),B2B,APIEx,,Actif,2026-06-29T00:14:35.975234,haute
BJ-B50275C3,Soft Système Solutions Dassa-Zoumè,Technologie & IT,Dassa-Zoumè,+229 41 80 89 95,soft.système.solutions.dassazoumè@soft.système.solutions.dassazoumè.net,softsystèmesolutionsdassazoumè.bj,PME (10-50),B2B,APIEx,,Actif,2026-06-29T00:14:35.975248,haute
BJ-0D0A64F4,Cloud Intelligence,Technologie & IT,Savalou,+229 24 52 18 20,,,TPE (<10),B2B,APIEx,,Actif,2026-06-29T00:14:35.975263,basse
BJ-FE9BD924,Cyber Logiciel Solutions Savalou,Technologie & IT,Savalou,+229 87 84 71 83,cyber.logiciel.solutions.savalou@cyber.logiciel.solutions.savalou.com,cyberlogicielsolutionssavalou.bj,PME (50-200),B2B,APIEx,,Actif,2026-06-29T00:14:35.975276,haute
BJ-DB220C2E,Informatique Digital,Technologie & IT,Savalou,+229 43 21 63 74,informatique.digital@informatique.digital.net,informatiquedigital.bj,TPE (<10),B2B,APIEx,,Actif,2026-06-29T00:14:35.975287,haute
BJ-690A3A9E,Smart Solution SARL,Technologie & IT,Savalou,+229 68 14 64 35,smart.solution.sarl@smart.solution.sarl.com,smartsolutionsarl.bj,TPE (<10),B2B,APIEx,,Actif,2026-06-29T00:14:35.975301,haute
BJ-8E616421,Cloud Cloud Digital,Technologie & IT,Savalou,+229 82 33 78 63,cloud.cloud.digital@cloud.cloud.digital.com,cloudclouddigital.bj,TPE (<10),B2C,APIEx,,Actif,2026-06-29T00:14:35.975312,haute
BJ-0BB68BB7,Cyber Solutions,Technologie & IT,Bantè,+229 75 92 70 81,cyber.solutions@cyber.solutions.net,cybersolutions.bj,TPE (<10),B2B,APIEx,,Actif,2026-06-29T00:14:35.975330,haute
BJ-FA11EC8C,Cyber Développement,Technologie & IT,Bantè,+229 31 56 66 70,cyber.développement@cyber.développement.benin,,PME (50-200),B2B,APIEx,,Actif,2026-06-29T00:14:35.975341,moyenne
BJ-DC7EAA44,Network Bantè,Technologie & IT,Bantè,+229 43 64 65 76,network.bantè@network.bantè.benin,networkbantè.bj,TPE (<10),B2C,APIEx,,Actif,2026-06-29T00:14:35.975354,haute
BJ-726D8F64,Net Application Tech,Technologie & IT,Bantè,+229 61 81 30 98,net.application.tech@net.application.tech.org,netapplicationtech.bj,PME (10-50),B2C,APIEx,,Actif,2026-06-29T00:14:35.975368,haute
BJ-AFB552C8,Security SARL,Technologie & IT,Bantè,+229 58 83 46 71,security.sarl@security.sarl.benin,securitysarl.bj,PME (10-50),B2B,APIEx,,Actif,2026-06-29T00:14:35.975380,haute
BJ-54D1A761,Tech Digital Digital,Technologie & IT,Djougou,+229 65 30 68 17,tech.digital.digital@tech.digital.digital.org,techdigitaldigital.bj,TPE (<10),B2C,APIEx,,Actif,2026-06-29T00:14:35.975396,haute
BJ-08170872,Cloud Solution Djougou,Technologie & IT,Djougou,+229 61 28 98 34,cloud.solution.djougou@cloud.solution.djougou.org,cloudsolutiondjougou.bj,PME (10-50),B2C,APIEx,,Actif,2026-06-29T00:14:35.975408,haute
BJ-9D1DDF42,Data,Technologie & IT,Djougou,+229 44 71 32 96,data@data.bj,data.bj,PME (10-50),B2B,APIEx,,Actif,2026-06-29T00:14:35.975422,haute
BJ-B79E78DB,Network,Technologie & IT,Djougou,+229 35 62 64 39,network@network.benin,network.bj,PME (50-200),B2C,APIEx,,Actif,2026-06-29T00:14:35.975436,haute
BJ-0BA361AC,Digital Web SARL,Technologie & IT,Djougou,+229 39 37 89 84,digital.web.sarl@digital.web.sarl.org,digitalwebsarl.bj,TPE (<10),B2B,APIEx,,Actif,2026-06-29T00:14:35.975449,haute
BJ-0AE2C3B2,Technologie,Technologie & IT,Ouèssè,+229 96 43 14 76,technologie@technologie.benin,technologie.bj,TPE (<10),B2C,APIEx,,Actif,2026-06-29T00:14:35.975469,haute
BJ-C421723C,Logiciel,Technologie & IT,Ouèssè,+229 89 24 61 92,logiciel@logiciel.bj,logiciel.bj,PME (50-200),B2B,APIEx,,Actif,2026-06-29T00:14:35.975480,haute
BJ-3F804CD1,Développement,Technologie & IT,Ouèssè,+229 63 86 38 56,développement@développement.bj,développement.bj,TPE (<10),B2C,APIEx,,Actif,2026-06-29T00:14:35.975493,haute
BJ-BB3334DF,Tech Technologie Digital,Technologie & IT,Ouèssè,+229 56 83 41 38,tech.technologie.digital@tech.technologie.digital.benin,techtechnologiedigital.bj,PME (10-50),B2C,APIEx,,Actif,2026-06-29T00:14:35.975504,haute
BJ-04171593,Cyber Digital Bénin,Technologie & IT,Ouèssè,+229 23 58 90 50,cyber.digital.bénin@cyber.digital.bénin.com,cyberdigitalbénin.bj,PME (50-200),B2B,APIEx,,Actif,2026-06-29T00:14:35.975516,haute
BJ-C4B250D8,Data,Technologie & IT,Bassila,+229 85 58 31 21,data@data.bj,data.bj,TPE (<10),B2C,APIEx,,Actif,2026-06-29T00:14:35.975533,haute
BJ-0F93DFCF,Smart Cloud,Technologie & IT,Bassila,+229 90 68 40 76,smart.cloud@smart.cloud.com,smartcloud.bj,TPE (<10),B2B,APIEx,,Actif,2026-06-29T00:14:35.975544,haute
BJ-1F361478,Cloud Systems,Technologie & IT,Bassila,+229 72 11 73 23,cloud.systems@cloud.systems.benin,cloudsystems.bj,TPE (<10),B2B,APIEx,,Actif,2026-06-29T00:14:35.975555,haute
BJ-8AEC0769,Cloud Network Bassila,Technologie & IT,Bassila,+229 77 82 98 20,cloud.network.bassila@cloud.network.bassila.bj,cloudnetworkbassila.bj,PME (50-200),B2C,APIEx,,Actif,2026-06-29T00:14:35.975569,haute
BJ-7514A97D,Digital,Technologie & IT,Bassila,+229 31 91 19 44,digital@digital.bj,digital.bj,TPE (<10),B2C,APIEx,,Actif,2026-06-29T00:14:35.975580,haute
BJ-8B5895CE,Smart Développement,Technologie & IT,Pehunco,+229 57 56 13 12,smart.développement@smart.développement.bj,smartdéveloppement.bj,PME (50-200),B2B,APIEx,,Actif,2026-06-29T00:14:35.975598,haute
BJ-6AF12612,Cyber SARL Pehunco,Technologie & IT,Pehunco,+229 68 40 51 88,cyber.sarl.pehunco@cyber.sarl.pehunco.com,cybersarlpehunco.bj,PME (50-200),B2C,APIEx,,Actif,2026-06-29T00:14:35.975620,haute
BJ-159E2932,Digital Pehunco,Technologie & IT,Pehunco,+229 73 97 42 30,digital.pehunco@digital.pehunco.benin,digitalpehunco.bj,PME (10-50),B2B,APIEx,,Actif,2026-06-29T00:14:35.975643,haute
BJ-77AAC80D,Data Security Systems Pehunco,Technologie & IT,Pehunco,+229 30 59 54 75,data.security.systems.pehunco@data.security.systems.pehunco.bj,datasecuritysystemspehunco.bj,TPE (<10),B2C,APIEx,,Actif,2026-06-29T00:14:35.975657,haute
BJ-A72E0E4C,Digital Développement Pehunco,Technologie & IT,Pehunco,+229 40 14 22 11,,digitaldéveloppementpehunco.bj,Grande (>200),B2B,APIEx,,Actif,2026-06-29T00:14:35.975669,moyenne
BJ-BCDC1A5F,Cloud Data International,Technologie & IT,Copargo,+229 35 75 52 46,,clouddatainternational.bj,PME (10-50),B2B,APIEx,,Actif,2026-06-29T00:14:35.975691,moyenne
BJ-CB92ED5E,Cloud International,Technologie & IT,Copargo,+229 36 69 86 20,,cloudinternational.bj,PME (10-50),B2C,APIEx,,Actif,2026-06-29T00:14:35.975702,moyenne
BJ-3510C33A,Digital Système Bénin Copargo,Technologie & IT,Copargo,+229 63 50 37 90,digital.système.bénin.copargo@digital.système.bénin.copargo.bj,digitalsystèmebénincopargo.bj,TPE (<10),B2C,APIEx,,Actif,2026-06-29T00:14:35.975715,haute
BJ-1FD46BBC,Cloud Développement International,Technologie & IT,Copargo,+229 36 16 73 39,cloud.développement.international@cloud.développement.international.benin,clouddéveloppementinternational.bj,PME (50-200),B2B,APIEx,,Actif,2026-06-29T00:14:35.975731,haute
BJ-C31FA1EA,Cloud Informatique Solutions,Technologie & IT,Copargo,+229 42 68 48 59,cloud.informatique.solutions@cloud.informatique.solutions.com,cloudinformatiquesolutions.bj,PME (10-50),B2C,APIEx,,Actif,2026-06-29T00:14:35.975744,haute
BJ-EA53A9A3,Industrie Électronique SARL,Industrie & Manufacture,Cotonou,+229 65 48 28 76,industrie.électronique.sarl@industrie.électronique.sarl.com,,TPE (<10),B2B,APIEx,,Actif,2026-06-29T00:14:35.975762,moyenne
BJ-156886E5,Industrie Métal Factory Cotonou,Industrie & Manufacture,Cotonou,+229 58 19 14 78,industrie.métal.factory.cotonou@industrie.métal.factory.cotonou.benin,,Grande (>200),B2B,APIEx,,Actif,2026-06-29T00:14:35.975775,moyenne
BJ-2D9CBF2E,Fabrication,Industrie & Manufacture,Cotonou,+229 76 40 49 76,fabrication@fabrication.bj,fabrication.bj,TPE (<10),B2B,APIEx,,Actif,2026-06-29T00:14:35.975797,haute
BJ-90D0C9FD,Manufacture Transformation SA,Industrie & Manufacture,Cotonou,+229 36 24 81 96,,,PME (10-50),B2B,APIEx,,Actif,2026-06-29T00:14:35.975806,basse
BJ-1AADDAA3,Transformation,Industrie & Manufacture,Abomey-Calavi,+229 84 72 50 81,,transformation.bj,TPE (<10),B2B,APIEx,,Actif,2026-06-29T00:14:35.975822,moyenne
BJ-BA69EC54,Mécanique Factory,Industrie & Manufacture,Abomey-Calavi,+229 48 77 20 38,,,TPE (<10),B2B,APIEx,,Actif,2026-06-29T00:14:35.975836,basse
BJ-F74E9C33,Métal SA,Industrie & Manufacture,Abomey-Calavi,+229 99 21 79 90,,métalsa.bj,TPE (<10),B2B,APIEx,,Actif,2026-06-29T00:14:35.975847,moyenne
BJ-B610AA5F,Plastique,Industrie & Manufacture,Abomey-Calavi,+229 78 47 73 34,plastique@plastique.com,,PME (10-50),B2B,APIEx,,Actif,2026-06-29T00:14:35.975861,moyenne
BJ-DAD9BE76,Usine Métal Abomey-Calavi,Industrie & Manufacture,Abomey-Calavi,+229 49 40 33 68,usine.métal.abomeycalavi@usine.métal.abomeycalavi.benin,,PME (10-50),B2B,APIEx,,Actif,2026-06-29T00:14:35.975874,moyenne
BJ-4D464F97,Industrie Chimie,Industrie & Manufacture,Porto-Novo,+229 53 59 25 91,industrie.chimie@industrie.chimie.net,,PME (10-50),B2B,APIEx,,Actif,2026-06-29T00:14:35.975903,moyenne
BJ-CE7FADCC,Production,Industrie & Manufacture,Porto-Novo,+229 70 18 82 30,,,TPE (<10),B2B,APIEx,,Actif,2026-06-29T00:14:35.975934,basse
BJ-BEEE6B27,Électronique SA,Industrie & Manufacture,Porto-Novo,+229 40 86 66 52,électronique.sa@électronique.sa.net,,PME (50-200),B2B,APIEx,,Actif,2026-06-29T00:14:35.975959,moyenne
BJ-D2DBB6D6,Industrie Fabrication,Industrie & Manufacture,Porto-Novo,+229 64 58 64 50,industrie.fabrication@industrie.fabrication.net,industriefabrication.bj,PME (10-50),B2B,APIEx,,Actif,2026-06-29T00:14:35.975981,haute
BJ-4A005AF1,Atelier Fabrication Bénin,Industrie & Manufacture,Parakou,+229 37 86 40 23,,atelierfabricationbénin.bj,TPE (<10),B2B,APIEx,,Actif,2026-06-29T00:14:35.976010,moyenne
BJ-D53ED56E,Atelier Électronique,Industrie & Manufacture,Parakou,+229 23 70 99 47,atelier.électronique@atelier.électronique.bj,atelierélectronique.bj,PME (50-200),B2B,APIEx,,Actif,2026-06-29T00:14:35.976023,haute
BJ-24E7FC6D,Transformation Parakou,Industrie & Manufacture,Parakou,+229 85 18 13 68,transformation.parakou@transformation.parakou.benin,,TPE (<10),B2B,APIEx,,Actif,2026-06-29T00:14:35.976037,moyenne
BJ-B76FA1FE,Automobile Bénin,Industrie & Manufacture,Parakou,+229 92 30 82 13,,automobilebénin.bj,TPE (<10),B2B,APIEx,,Actif,2026-06-29T00:14:35.976048,moyenne
BJ-2B8AB183,Mécanique,Industrie & Manufacture,Bohicon,+229 20 84 66 92,mécanique@mécanique.net,,PME (10-50),B2B,APIEx,,Actif,2026-06-29T00:14:35.976066,moyenne
BJ-BED7DA7B,Fabrique Alimentaire Industry,Industrie & Manufacture,Bohicon,+229 89 17 82 64,fabrique.alimentaire.industry@fabrique.alimentaire.industry.org,,TPE (<10),B2B,APIEx,,Actif,2026-06-29T00:14:35.976077,moyenne
BJ-ABBA78CD,Automobile Bohicon,Industrie & Manufacture,Bohicon,+229 89 74 92 37,automobile.bohicon@automobile.bohicon.net,automobilebohicon.bj,TPE (<10),B2B,APIEx,,Actif,2026-06-29T00:14:35.976088,haute
BJ-7DBA0A62,Fabrique Électronique,Industrie & Manufacture,Bohicon,+229 76 33 33 18,,,PME (50-200),B2B,APIEx,,Actif,2026-06-29T00:14:35.976098,basse
BJ-960969C9,Pharmaceutique SA Bohicon,Industrie & Manufacture,Bohicon,+229 33 54 22 86,,pharmaceutiquesabohicon.bj,PME (50-200),B2B,APIEx,,Actif,2026-06-29T00:14:35.976109,moyenne
BJ-86973579,Usine Bois Natitingou,Industrie & Manufacture,Natitingou,+229 43 88 16 26,usine.bois.natitingou@usine.bois.natitingou.net,,TPE (<10),B2B,APIEx,,Actif,2026-06-29T00:14:35.976128,moyenne
BJ-AA5F7A6C,Fabrique Mécanique,Industrie & Manufacture,Natitingou,+229 58 43 16 89,,,TPE (<10),B2B,APIEx,,Actif,2026-06-29T00:14:35.976139,basse
BJ-61A8CC84,Manufacture Plastique,Industrie & Manufacture,Natitingou,+229 62 76 34 85,manufacture.plastique@manufacture.plastique.org,,PME (10-50),B2B,APIEx,,Actif,2026-06-29T00:14:35.976153,moyenne
BJ-8F9D9AAB,Mécanique SARL Natitingou,Industrie & Manufacture,Natitingou,+229 50 98 91 60,mécanique.sarl.natitingou@mécanique.sarl.natitingou.benin,,PME (50-200),B2B,APIEx,,Actif,2026-06-29T00:14:35.976169,moyenne
BJ-386D83AD,Usine Mécanique,Industrie & Manufacture,Natitingou,+229 85 20 50 12,usine.mécanique@usine.mécanique.bj,,PME (10-50),B2B,APIEx,,Actif,2026-06-29T00:14:35.976195,moyenne
BJ-57AF2928,Industrie Mécanique,Industrie & Manufacture,Lokossa,+229 21 86 82 86,industrie.mécanique@industrie.mécanique.bj,,PME (10-50),B2B,APIEx,,Actif,2026-06-29T00:14:35.976238,moyenne
BJ-BDECC9BB,Chimie,Industrie & Manufacture,Lokossa,+229 20 19 80 77,chimie@chimie.net,,PME (10-50),B2B,APIEx,,Actif,2026-06-29T00:14:35.976250,moyenne
BJ-4D8712A7,Métal,Industrie & Manufacture,Lokossa,+229 32 98 14 58,métal@métal.com,métal.bj,TPE (<10),B2B,APIEx,,Actif,2026-06-29T00:14:35.976265,haute
BJ-91581775,Fabrication,Industrie & Manufacture,Lokossa,+229 26 84 65 67,fabrication@fabrication.com,,PME (10-50),B2B,APIEx,,Actif,2026-06-29T00:14:35.976277,moyenne
BJ-587C2F2F,Mécanique,Industrie & Manufacture,Ouidah,+229 63 28 32 17,mécanique@mécanique.benin,,PME (10-50),B2B,APIEx,,Actif,2026-06-29T00:14:35.976294,moyenne
BJ-E3B144C4,Bois,Industrie & Manufacture,Ouidah,+229 76 82 11 25,,bois.bj,TPE (<10),B2B,APIEx,,Actif,2026-06-29T00:14:35.976319,moyenne
BJ-515F8866,Atelier Alimentaire SA,Industrie & Manufacture,Ouidah,+229 89 45 57 60,atelier.alimentaire.sa@atelier.alimentaire.sa.benin,,PME (50-200),B2B,APIEx,,Actif,2026-06-29T00:14:35.976351,moyenne
BJ-2B1FADA4,Fabrication Manufacture,Industrie & Manufacture,Ouidah,+229 44 84 19 43,fabrication.manufacture@fabrication.manufacture.bj,,PME (50-200),B2B,APIEx,,Actif,2026-06-29T00:14:35.976381,moyenne
BJ-A97E18E8,Textile SA,Industrie & Manufacture,Ouidah,+229 49 56 53 96,textile.sa@textile.sa.net,textilesa.bj,PME (10-50),B2B,APIEx,,Actif,2026-06-29T00:14:35.976409,haute
BJ-54A57EEB,Transformation Industry,Industrie & Manufacture,Savalou,+229 99 10 61 70,,transformationindustry.bj,PME (10-50),B2B,APIEx,,Actif,2026-06-29T00:14:35.976471,moyenne
BJ-278656D9,Atelier Automobile SARL,Industrie & Manufacture,Savalou,+229 53 77 84 28,atelier.automobile.sarl@atelier.automobile.sarl.bj,atelierautomobilesarl.bj,PME (50-200),B2B,APIEx,,Actif,2026-06-29T00:14:35.976497,haute
BJ-6459717E,Industrie Pharmaceutique,Industrie & Manufacture,Savalou,+229 63 91 70 65,industrie.pharmaceutique@industrie.pharmaceutique.benin,industriepharmaceutique.bj,TPE (<10),B2B,APIEx,,Actif,2026-06-29T00:14:35.976523,haute
BJ-CA4281B4,Atelier Électronique SA Savalou,Industrie & Manufacture,Savalou,+229 48 84 31 17,atelier.électronique.sa.savalou@atelier.électronique.sa.savalou.bj,,TPE (<10),B2B,APIEx,,Actif,2026-06-29T00:14:35.976549,moyenne
BJ-70E6DF0E,Industrie Mécanique Factory,Industrie & Manufacture,Savalou,+229 68 92 68 35,,,PME (50-200),B2B,APIEx,,Actif,2026-06-29T00:14:35.976575,basse
BJ-BD843E34,Bois,Industrie & Manufacture,Dassa-Zoumè,+229 70 20 13 70,bois@bois.benin,,TPE (<10),B2B,APIEx,,Actif,2026-06-29T00:14:35.976610,moyenne
BJ-598A616C,Production Mécanique Africa,Industrie & Manufacture,Dassa-Zoumè,+229 32 47 63 48,,productionmécaniqueafrica.bj,TPE (<10),B2B,APIEx,,Actif,2026-06-29T00:14:35.976635,moyenne
BJ-D73002AC,Bois Factory,Industrie & Manufacture,Dassa-Zoumè,+229 41 47 52 59,bois.factory@bois.factory.net,boisfactory.bj,TPE (<10),B2B,APIEx,,Actif,2026-06-29T00:14:35.976661,haute
BJ-ADFB75D3,Industrie Plastique Manufacture,Industrie & Manufacture,Dassa-Zoumè,+229 50 39 83 69,,,PME (10-50),B2B,APIEx,,Actif,2026-06-29T00:14:35.976707,basse
BJ-83072ADE,Alimentaire SARL,Industrie & Manufacture,Dassa-Zoumè,+229 21 81 80 14,,,TPE (<10),B2B,APIEx,,Actif,2026-06-29T00:14:35.976751,basse
BJ-FE162601,Électronique,Industrie & Manufacture,Kétou,+229 94 46 25 73,électronique@électronique.net,,Grande (>200),B2B,APIEx,,Actif,2026-06-29T00:14:35.976789,moyenne
BJ-1A0110BB,Bois,Industrie & Manufacture,Kétou,+229 66 16 45 75,bois@bois.org,bois.bj,TPE (<10),B2B,APIEx,,Actif,2026-06-29T00:14:35.976816,haute
BJ-03C2D79E,Mécanique,Industrie & Manufacture,Kétou,+229 62 56 60 39,mécanique@mécanique.net,mécanique.bj,PME (10-50),B2B,APIEx,,Actif,2026-06-29T00:14:35.976842,haute
BJ-F6902E97,Fabrication Factory,Industrie & Manufacture,Kétou,+229 25 58 14 43,,fabricationfactory.bj,PME (50-200),B2B,APIEx,,Actif,2026-06-29T00:14:35.976867,moyenne
BJ-30EC0FEB,Fabrication Africa,Industrie & Manufacture,Kétou,+229 82 49 70 88,fabrication.africa@fabrication.africa.benin,fabricationafrica.bj,TPE (<10),B2B,APIEx,,Actif,2026-06-29T00:14:35.976908,haute
BJ-7BF9234B,Atelier Alimentaire Factory,Industrie & Manufacture,Covè,+229 31 89 57 32,atelier.alimentaire.factory@atelier.alimentaire.factory.org,,TPE (<10),B2B,APIEx,,Actif,2026-06-29T00:14:35.976968,moyenne
BJ-C24BE710,Plastique SA Covè,Industrie & Manufacture,Covè,+229 51 44 44 53,plastique.sa.covè@plastique.sa.covè.net,,PME (10-50),B2B,APIEx,,Actif,2026-06-29T00:14:35.976993,moyenne
BJ-CFBE6260,Production Africa,Industrie & Manufacture,Covè,+229 81 73 50 78,production.africa@production.africa.benin,,PME (10-50),B2B,APIEx,,Actif,2026-06-29T00:14:35.977007,moyenne
BJ-B7F63115,Production Chimie Africa Covè,Industrie & Manufacture,Covè,+229 36 81 35 82,production.chimie.africa.covè@production.chimie.africa.covè.net,productionchimieafricacovè.bj,TPE (<10),B2B,APIEx,,Actif,2026-06-29T00:14:35.977031,haute
BJ-2CDA5224,Électronique,Industrie & Manufacture,Covè,+229 95 20 24 32,électronique@électronique.benin,électronique.bj,PME (50-200),B2B,APIEx,,Actif,2026-06-29T00:14:35.977045,haute
BJ-767F1F78,Automobile Africa,Industrie & Manufacture,Pobè,+229 85 93 26 24,automobile.africa@automobile.africa.benin,,TPE (<10),B2B,APIEx,,Actif,2026-06-29T00:14:35.977064,moyenne
BJ-F02087FE,Transformation Industry,Industrie & Manufacture,Pobè,+229 57 91 74 65,transformation.industry@transformation.industry.bj,,PME (50-200),B2B,APIEx,,Actif,2026-06-29T00:14:35.977082,moyenne
BJ-B62CED43,Fabrique Transformation,Industrie & Manufacture,Pobè,+229 61 19 37 12,,,Grande (>200),B2B,APIEx,,Actif,2026-06-29T00:14:35.977093,basse
BJ-3E46EA09,Production Mécanique,Industrie & Manufacture,Pobè,+229 40 79 79 46,,productionmécanique.bj,TPE (<10),B2B,APIEx,,Actif,2026-06-29T00:14:35.977109,moyenne
BJ-25C52361,Chimie,Industrie & Manufacture,Pobè,+229 93 19 72 65,chimie@chimie.org,,TPE (<10),B2B,APIEx,,Actif,2026-06-29T00:14:35.977121,moyenne
BJ-A021999E,Fabrique Alimentaire SA,Industrie & Manufacture,Sakété,+229 34 45 74 39,,,TPE (<10),B2B,APIEx,,Actif,2026-06-29T00:14:35.977150,basse
BJ-AAEDF145,Manufacture Textile SA,Industrie & Manufacture,Sakété,+229 45 10 89 67,,manufacturetextilesa.bj,Grande (>200),B2B,APIEx,,Actif,2026-06-29T00:14:35.977176,moyenne
BJ-E2EDA210,Production Plastique,Industrie & Manufacture,Sakété,+229 33 79 66 27,,,TPE (<10),B2B,APIEx,,Actif,2026-06-29T00:14:35.977187,basse
BJ-BE01C245,Automobile Africa,Industrie & Manufacture,Adjara,+229 82 88 38 48,,automobileafrica.bj,TPE (<10),B2B,APIEx,,Actif,2026-06-29T00:14:35.977204,moyenne
BJ-B88A2F99,Atelier Plastique Africa,Industrie & Manufacture,Adjara,+229 54 87 59 14,atelier.plastique.africa@atelier.plastique.africa.net,,PME (10-50),B2B,APIEx,,Actif,2026-06-29T00:14:35.977216,moyenne
BJ-60ED0271,Transformation SA,Industrie & Manufacture,Adjara,+229 27 47 33 50,,transformationsa.bj,Grande (>200),B2B,APIEx,,Actif,2026-06-29T00:14:35.977226,moyenne
BJ-D03CB623,Manufacture Automobile,Industrie & Manufacture,Adjara,+229 74 13 57 54,,manufactureautomobile.bj,TPE (<10),B2B,APIEx,,Actif,2026-06-29T00:14:35.977237,moyenne
BJ-9B669035,Production Chimie Manufacture,Industrie & Manufacture,Adjara,+229 73 48 36 10,production.chimie.manufacture@production.chimie.manufacture.org,productionchimiemanufacture.bj,PME (50-200),B2B,APIEx,,Actif,2026-06-29T00:14:35.977248,haute
BJ-BF80F703,Fabrique Transformation,Industrie & Manufacture,Allada,+229 45 21 35 83,fabrique.transformation@fabrique.transformation.org,fabriquetransformation.bj,Grande (>200),B2B,APIEx,,Actif,2026-06-29T00:14:35.977265,haute
BJ-AD8812C9,Atelier Pharmaceutique SARL,Industrie & Manufacture,Allada,+229 32 16 25 49,,,TPE (<10),B2B,APIEx,,Actif,2026-06-29T00:14:35.977280,basse
BJ-1438F379,Chimie,Industrie & Manufacture,Allada,+229 34 77 83 94,chimie@chimie.org,chimie.bj,TPE (<10),B2B,APIEx,,Actif,2026-06-29T00:14:35.977291,haute
BJ-F0255991,Textile SARL,Industrie & Manufacture,Allada,+229 97 93 47 84,,,TPE (<10),B2B,APIEx,,Actif,2026-06-29T00:14:35.977304,basse
BJ-B94004CA,Production Allada,Industrie & Manufacture,Allada,+229 50 18 10 32,,productionallada.bj,PME (10-50),B2B,APIEx,,Actif,2026-06-29T00:14:35.977315,moyenne
BJ-12F7475D,Transformation Africa,Industrie & Manufacture,Aplahoué,+229 56 81 92 37,transformation.africa@transformation.africa.org,transformationafrica.bj,PME (10-50),B2B,APIEx,,Actif,2026-06-29T00:14:35.977333,haute
BJ-8967D422,Production Automobile Manufacture Aplahoué,Industrie & Manufacture,Aplahoué,+229 42 25 30 58,production.automobile.manufacture.aplahoué@production.automobile.manufacture.aplahoué.bj,,TPE (<10),B2B,APIEx,,Actif,2026-06-29T00:14:35.977346,moyenne
BJ-97A26B28,Production Africa Aplahoué,Industrie & Manufacture,Aplahoué,+229 23 73 78 69,,productionafricaaplahoué.bj,Grande (>200),B2B,APIEx,,Actif,2026-06-29T00:14:35.977357,moyenne
BJ-8E3BCCC5,Automobile Africa Aplahoué,Industrie & Manufacture,Aplahoué,+229 33 51 98 16,automobile.africa.aplahoué@automobile.africa.aplahoué.bj,,TPE (<10),B2B,APIEx,,Actif,2026-06-29T00:14:35.977369,moyenne
BJ-09219998,Industrie Plastique Aplahoué,Industrie & Manufacture,Aplahoué,+229 29 59 83 40,,,PME (50-200),B2B,APIEx,,Actif,2026-06-29T00:14:35.977379,basse
BJ-1CDB859C,Manufacture Fabrication Factory,Industrie & Manufacture,Dogbo-Tota,+229 61 60 14 98,,manufacturefabricationfactory.bj,PME (10-50),B2B,APIEx,,Actif,2026-06-29T00:14:35.977395,moyenne
BJ-44715695,Atelier Pharmaceutique Groupe,Industrie & Manufacture,Dogbo-Tota,+229 38 12 78 66,atelier.pharmaceutique.groupe@atelier.pharmaceutique.groupe.org,,TPE (<10),B2B,APIEx,,Actif,2026-06-29T00:14:35.977406,moyenne
BJ-8AB16880,Usine Métal Manufacture,Industrie & Manufacture,Dogbo-Tota,+229 34 45 30 97,,usinemétalmanufacture.bj,PME (10-50),B2B,APIEx,,Actif,2026-06-29T00:14:35.977432,moyenne
BJ-F746D537,Fabrication,Industrie & Manufacture,Kpomassè,+229 52 89 32 27,fabrication@fabrication.org,,PME (10-50),B2B,APIEx,,Actif,2026-06-29T00:14:35.977462,moyenne
BJ-9E649A7F,Électronique Kpomassè,Industrie & Manufacture,Kpomassè,+229 94 22 23 61,électronique.kpomassè@électronique.kpomassè.bj,,PME (50-200),B2B,APIEx,,Actif,2026-06-29T00:14:35.977477,moyenne
BJ-6E4824FD,Pharmaceutique Manufacture,Industrie & Manufacture,Kpomassè,+229 84 97 51 38,pharmaceutique.manufacture@pharmaceutique.manufacture.bj,pharmaceutiquemanufacture.bj,PME (10-50),B2B,APIEx,,Actif,2026-06-29T00:14:35.977490,haute
BJ-9F93E4EB,Fabrique Automobile Factory,Industrie & Manufacture,Kpomassè,+229 37 55 95 96,fabrique.automobile.factory@fabrique.automobile.factory.benin,fabriqueautomobilefactory.bj,PME (10-50),B2B,APIEx,,Actif,2026-06-29T00:14:35.977505,haute
BJ-AF0CFF1B,Production Production Kpomassè,Industrie & Manufacture,Kpomassè,+229 35 69 10 23,production.production.kpomassè@production.production.kpomassè.org,,Grande (>200),B2B,APIEx,,Actif,2026-06-29T00:14:35.977517,moyenne
BJ-1D8A74D8,Industrie Bois Manufacture,Industrie & Manufacture,Tori-Bossito,+229 94 94 90 42,,,TPE (<10),B2B,APIEx,,Actif,2026-06-29T00:14:35.977533,basse
BJ-04E1E8B9,Transformation SARL,Industrie & Manufacture,Tori-Bossito,+229 30 28 84 65,,,PME (10-50),B2B,APIEx,,Actif,2026-06-29T00:14:35.977543,basse
BJ-510495A6,Atelier Métal,Industrie & Manufacture,Tori-Bossito,+229 28 10 48 25,atelier.métal@atelier.métal.net,ateliermétal.bj,TPE (<10),B2B,APIEx,,Actif,2026-06-29T00:14:35.977555,haute
BJ-E67475CD,Fabrique Automobile Tori-Bossito,Industrie & Manufacture,Tori-Bossito,+229 44 65 14 75,fabrique.automobile.toribossito@fabrique.automobile.toribossito.org,,TPE (<10),B2B,APIEx,,Actif,2026-06-29T00:14:35.977570,moyenne
BJ-C629961B,Manufacture Production Factory,Industrie & Manufacture,Tori-Bossito,+229 65 62 17 73,manufacture.production.factory@manufacture.production.factory.com,,TPE (<10),B2B,APIEx,,Actif,2026-06-29T00:14:35.977581,moyenne
BJ-0C229657,Industrie Pharmaceutique SARL Grand-Popo,Industrie & Manufacture,Grand-Popo,+229 23 65 62 39,industrie.pharmaceutique.sarl.grandpopo@industrie.pharmaceutique.sarl.grandpopo.org,,TPE (<10),B2B,APIEx,,Actif,2026-06-29T00:14:35.977598,moyenne
BJ-F3EB672B,Atelier Transformation Manufacture,Industrie & Manufacture,Grand-Popo,+229 25 58 81 94,atelier.transformation.manufacture@atelier.transformation.manufacture.com,,TPE (<10),B2B,APIEx,,Actif,2026-06-29T00:14:35.977609,moyenne
BJ-BFE860C1,Manufacture Métal,Industrie & Manufacture,Grand-Popo,+229 92 79 82 42,,manufacturemétal.bj,TPE (<10),B2B,APIEx,,Actif,2026-06-29T00:14:35.977621,moyenne
BJ-B9E305C3,Fabrique Automobile,Industrie & Manufacture,Grand-Popo,+229 89 89 46 93,,,TPE (<10),B2B,APIEx,,Actif,2026-06-29T00:14:35.977642,basse
BJ-9C76C0D2,Électronique Bénin,Industrie & Manufacture,Grand-Popo,+229 57 94 84 16,électronique.bénin@électronique.bénin.com,électroniquebénin.bj,PME (50-200),B2B,APIEx,,Actif,2026-06-29T00:14:35.977708,haute
BJ-476E904E,Chimie Industry,Industrie & Manufacture,Athiémé,+229 72 63 24 32,chimie.industry@chimie.industry.org,,TPE (<10),B2B,APIEx,,Actif,2026-06-29T00:14:35.977745,moyenne
BJ-19A1CBE5,Production Plastique,Industrie & Manufacture,Athiémé,+229 37 46 18 37,production.plastique@production.plastique.net,,TPE (<10),B2B,APIEx,,Actif,2026-06-29T00:14:35.977771,moyenne
BJ-CA84B282,Alimentaire Africa,Industrie & Manufacture,Athiémé,+229 99 82 78 18,alimentaire.africa@alimentaire.africa.net,alimentaireafrica.bj,TPE (<10),B2B,APIEx,,Actif,2026-06-29T00:14:35.977799,haute
BJ-DA3E59FB,Manufacture Textile SA Athiémé,Industrie & Manufacture,Athiémé,+229 67 49 88 61,manufacture.textile.sa.athiémé@manufacture.textile.sa.athiémé.net,manufacturetextilesaathiémé.bj,Grande (>200),B2B,APIEx,,Actif,2026-06-29T00:14:35.977833,haute
BJ-CDF715E0,Plastique Manufacture,Industrie & Manufacture,Athiémé,+229 24 81 27 59,,plastiquemanufacture.bj,PME (10-50),B2B,APIEx,,Actif,2026-06-29T00:14:35.977877,moyenne
BJ-3E012E5E,Textile Groupe Bopa,Industrie & Manufacture,Bopa,+229 27 94 91 78,textile.groupe.bopa@textile.groupe.bopa.com,,Grande (>200),B2B,APIEx,,Actif,2026-06-29T00:14:35.977950,moyenne
BJ-3EF44CDC,Usine Chimie Bopa,Industrie & Manufacture,Bopa,+229 76 75 78 24,usine.chimie.bopa@usine.chimie.bopa.com,,TPE (<10),B2B,APIEx,,Actif,2026-06-29T00:14:35.977978,moyenne
BJ-A399AE5A,Mécanique Africa,Industrie & Manufacture,Bopa,+229 75 82 83 67,mécanique.africa@mécanique.africa.net,,PME (50-200),B2B,APIEx,,Actif,2026-06-29T00:14:35.977996,moyenne
BJ-E989A09D,Métal,Industrie & Manufacture,Bopa,+229 92 31 61 94,métal@métal.bj,métal.bj,TPE (<10),B2B,APIEx,,Actif,2026-06-29T00:14:35.978011,haute
BJ-636E3F21,Fabrique Électronique,Industrie & Manufacture,Houéyogbé,+229 88 97 40 51,,,PME (10-50),B2B,APIEx,,Actif,2026-06-29T00:14:35.978038,basse
BJ-709905C0,Automobile Bénin,Industrie & Manufacture,Houéyogbé,+229 26 37 63 21,automobile.bénin@automobile.bénin.org,,TPE (<10),B2B,APIEx,,Actif,2026-06-29T00:14:35.978056,moyenne
BJ-D2A9DBE4,Usine Mécanique Factory,Industrie & Manufacture,Houéyogbé,+229 34 15 10 24,usine.mécanique.factory@usine.mécanique.factory.net,usinemécaniquefactory.bj,TPE (<10),B2B,APIEx,,Actif,2026-06-29T00:14:35.978070,haute
BJ-025ACDCC,Plastique,Industrie & Manufacture,Houéyogbé,+229 76 66 89 60,plastique@plastique.com,plastique.bj,PME (10-50),B2B,APIEx,,Actif,2026-06-29T00:14:35.978112,haute
BJ-3DCE1B31,Plastique Factory,Industrie & Manufacture,Malanville,+229 55 95 44 80,,plastiquefactory.bj,TPE (<10),B2B,APIEx,,Actif,2026-06-29T00:14:35.978139,moyenne
BJ-9F2A4642,Production Automobile,Industrie & Manufacture,Malanville,+229 93 38 40 33,production.automobile@production.automobile.bj,productionautomobile.bj,PME (50-200),B2B,APIEx,,Actif,2026-06-29T00:14:35.978152,haute
BJ-F4CF85B5,Chimie SA,Industrie & Manufacture,Malanville,+229 32 79 23 28,chimie.sa@chimie.sa.bj,chimiesa.bj,TPE (<10),B2B,APIEx,,Actif,2026-06-29T00:14:35.978165,haute
BJ-FEC36EC9,Plastique Groupe,Industrie & Manufacture,Malanville,+229 56 18 92 56,plastique.groupe@plastique.groupe.org,,PME (50-200),B2B,APIEx,,Actif,2026-06-29T00:14:35.978177,moyenne
BJ-B795206B,Bois Africa,Industrie & Manufacture,Malanville,+229 23 50 92 87,bois.africa@bois.africa.bj,,TPE (<10),B2B,APIEx,,Actif,2026-06-29T00:14:35.978188,moyenne
BJ-2E31F93E,Industrie Électronique,Industrie & Manufacture,Kandi,+229 59 43 96 82,,,TPE (<10),B2B,APIEx,,Actif,2026-06-29T00:14:35.978210,basse
BJ-6DC6D2A1,Manufacture Automobile Africa Kandi,Industrie & Manufacture,Kandi,+229 30 84 92 18,,,PME (10-50),B2B,APIEx,,Actif,2026-06-29T00:14:35.978225,basse
BJ-B9BED08A,Production Fabrication Kandi,Industrie & Manufacture,Kandi,+229 21 69 66 22,production.fabrication.kandi@production.fabrication.kandi.com,productionfabricationkandi.bj,Grande (>200),B2B,APIEx,,Actif,2026-06-29T00:14:35.978240,haute
BJ-75C54CB0,Atelier Fabrication,Industrie & Manufacture,Kandi,+229 91 31 99 66,atelier.fabrication@atelier.fabrication.benin,,PME (10-50),B2B,APIEx,,Actif,2026-06-29T00:14:35.978254,moyenne
BJ-C52D4EEC,Production Plastique Africa,Industrie & Manufacture,Kandi,+229 31 28 27 39,,productionplastiqueafrica.bj,TPE (<10),B2B,APIEx,,Actif,2026-06-29T00:14:35.978266,moyenne
BJ-CB2C3A30,Industrie Automobile,Industrie & Manufacture,Banikoara,+229 38 57 44 51,,,Grande (>200),B2B,APIEx,,Actif,2026-06-29T00:14:35.978291,basse
BJ-0BBA7838,Industrie Métal Africa,Industrie & Manufacture,Banikoara,+229 26 94 71 62,,industriemétalafrica.bj,PME (10-50),B2B,APIEx,,Actif,2026-06-29T00:14:35.978311,moyenne
BJ-076E25A5,Alimentaire Manufacture Banikoara,Industrie & Manufacture,Banikoara,+229 71 27 61 71,,,PME (10-50),B2B,APIEx,,Actif,2026-06-29T00:14:35.978328,basse
BJ-067379DC,Chimie,Industrie & Manufacture,Banikoara,+229 61 41 12 94,chimie@chimie.org,chimie.bj,PME (10-50),B2B,APIEx,,Actif,2026-06-29T00:14:35.978347,haute
BJ-F00FED5B,Usine Plastique,Industrie & Manufacture,Banikoara,+229 98 61 85 32,,usineplastique.bj,TPE (<10),B2B,APIEx,,Actif,2026-06-29T00:14:35.978374,moyenne
BJ-2B8B1221,Production Industry,Industrie & Manufacture,Ségbana,+229 22 76 57 64,production.industry@production.industry.org,productionindustry.bj,TPE (<10),B2B,APIEx,,Actif,2026-06-29T00:14:35.978457,haute
BJ-12DE7C32,Pharmaceutique SARL Ségbana,Industrie & Manufacture,Ségbana,+229 43 54 73 15,pharmaceutique.sarl.ségbana@pharmaceutique.sarl.ségbana.benin,pharmaceutiquesarlségbana.bj,TPE (<10),B2B,APIEx,,Actif,2026-06-29T00:14:35.978489,haute
BJ-5167F441,Métal SARL,Industrie & Manufacture,Ségbana,+229 33 53 19 89,,métalsarl.bj,PME (50-200),B2B,APIEx,,Actif,2026-06-29T00:14:35.978539,moyenne
BJ-9FAA6C47,Atelier Production SARL,Industrie & Manufacture,Ségbana,+229 26 85 52 67,,,TPE (<10),B2B,APIEx,,Actif,2026-06-29T00:14:35.978569,basse
BJ-735EDC65,Manufacture Chimie Factory Karimama,Industrie & Manufacture,Karimama,+229 40 90 53 23,,manufacturechimiefactorykarimama.bj,TPE (<10),B2B,APIEx,,Actif,2026-06-29T00:14:35.978609,moyenne
BJ-5174D2FB,Production Mécanique,Industrie & Manufacture,Karimama,+229 85 58 71 62,,productionmécanique.bj,PME (10-50),B2B,APIEx,,Actif,2026-06-29T00:14:35.978645,moyenne
BJ-8D87675D,Fabrication Manufacture,Industrie & Manufacture,Karimama,+229 88 72 77 25,fabrication.manufacture@fabrication.manufacture.benin,fabricationmanufacture.bj,TPE (<10),B2B,APIEx,,Actif,2026-06-29T00:14:35.978676,haute
BJ-EC9D1E2A,Fabrique Fabrication SA,Industrie & Manufacture,Karimama,+229 99 70 29 96,,,TPE (<10),B2B,APIEx,,Actif,2026-06-29T00:14:35.978710,basse
BJ-90502758,Production Pharmaceutique Groupe,Industrie & Manufacture,Karimama,+229 76 57 21 97,production.pharmaceutique.groupe@production.pharmaceutique.groupe.org,,PME (50-200),B2B,APIEx,,Actif,2026-06-29T00:14:35.978741,moyenne
BJ-B2A7A0BD,Pharmaceutique Gogounou,Industrie & Manufacture,Gogounou,+229 69 63 97 24,,,PME (50-200),B2B,APIEx,,Actif,2026-06-29T00:14:35.978782,basse
BJ-27E56102,Plastique Industry,Industrie & Manufacture,Gogounou,+229 26 43 98 36,plastique.industry@plastique.industry.benin,,PME (50-200),B2B,APIEx,,Actif,2026-06-29T00:14:35.978812,moyenne
BJ-5D642263,Chimie Factory,Industrie & Manufacture,Gogounou,+229 98 89 28 30,chimie.factory@chimie.factory.benin,chimiefactory.bj,PME (10-50),B2B,APIEx,,Actif,2026-06-29T00:14:35.978840,haute
BJ-607F2AFD,Électronique Manufacture,Industrie & Manufacture,Gogounou,+229 66 31 16 46,électronique.manufacture@électronique.manufacture.benin,,PME (50-200),B2B,APIEx,,Actif,2026-06-29T00:14:35.978873,moyenne
BJ-03961A6C,Textile SARL Gogounou,Industrie & Manufacture,Gogounou,+229 32 51 31 79,,textilesarlgogounou.bj,PME (10-50),B2B,APIEx,,Actif,2026-06-29T00:14:35.978919,moyenne
BJ-8ABA9B77,Industrie Production SA Cobly,Industrie & Manufacture,Cobly,+229 64 89 46 80,,industrieproductionsacobly.bj,PME (10-50),B2B,APIEx,,Actif,2026-06-29T00:14:35.978961,moyenne
BJ-102B50D5,Textile,Industrie & Manufacture,Cobly,+229 23 97 75 86,textile@textile.bj,textile.bj,PME (50-200),B2B,APIEx,,Actif,2026-06-29T00:14:35.978988,haute
BJ-7D61AB36,Transformation SA Cobly,Industrie & Manufacture,Cobly,+229 37 47 31 75,transformation.sa.cobly@transformation.sa.cobly.org,transformationsacobly.bj,TPE (<10),B2B,APIEx,,Actif,2026-06-29T00:14:35.979012,haute
BJ-BD9A9598,Fabrique Plastique,Industrie & Manufacture,Cobly,+229 96 50 85 72,fabrique.plastique@fabrique.plastique.org,fabriqueplastique.bj,PME (10-50),B2B,APIEx,,Actif,2026-06-29T00:14:35.979037,haute
BJ-0C94AA9F,Production Métal Factory Tanguiéta,Industrie & Manufacture,Tanguiéta,+229 35 37 97 70,,,TPE (<10),B2B,APIEx,,Actif,2026-06-29T00:14:35.979131,basse
BJ-BE7D385F,Métal,Industrie & Manufacture,Tanguiéta,+229 87 97 33 24,,,PME (10-50),B2B,APIEx,,Actif,2026-06-29T00:14:35.979150,basse
BJ-6188CB37,Atelier Textile,Industrie & Manufacture,Tanguiéta,+229 85 42 29 15,,ateliertextile.bj,PME (50-200),B2B,APIEx,,Actif,2026-06-29T00:14:35.979186,moyenne
BJ-D237B4E7,Usine Fabrication Industry,Industrie & Manufacture,Tanguiéta,+229 43 51 35 35,usine.fabrication.industry@usine.fabrication.industry.bj,,TPE (<10),B2B,APIEx,,Actif,2026-06-29T00:14:35.979200,moyenne
BJ-4EB06F98,Fabrication,Industrie & Manufacture,Matéri,+229 39 39 54 47,,,PME (10-50),B2B,APIEx,,Actif,2026-06-29T00:14:35.979219,basse
BJ-ADAD15A4,Atelier Chimie SA,Industrie & Manufacture,Matéri,+229 87 68 16 14,,atelierchimiesa.bj,TPE (<10),B2B,APIEx,,Actif,2026-06-29T00:14:35.979241,moyenne
BJ-3A5DE0E8,Automobile,Industrie & Manufacture,Matéri,+229 69 79 58 27,automobile@automobile.com,,PME (10-50),B2B,APIEx,,Actif,2026-06-29T00:14:35.979260,moyenne
BJ-D409253E,Mécanique Matéri,Industrie & Manufacture,Matéri,+229 50 11 87 16,mécanique.matéri@mécanique.matéri.benin,mécaniquematéri.bj,PME (10-50),B2B,APIEx,,Actif,2026-06-29T00:14:35.979289,haute
BJ-383E38F8,Industrie Électronique Bénin Matéri,Industrie & Manufacture,Matéri,+229 97 56 20 12,,industrieélectroniquebéninmatéri.bj,TPE (<10),B2B,APIEx,,Actif,2026-06-29T00:14:35.979314,moyenne
BJ-BC276BC2,Fabrication Factory Natitingou,Industrie & Manufacture,Natitingou,+229 26 81 71 54,,fabricationfactorynatitingou.bj,TPE (<10),B2B,APIEx,,Actif,2026-06-29T00:14:35.979372,moyenne
BJ-1BFA8E73,Production Mécanique Industry,Industrie & Manufacture,Natitingou,+229 55 56 26 90,production.mécanique.industry@production.mécanique.industry.benin,,TPE (<10),B2B,APIEx,,Actif,2026-06-29T00:14:35.979396,moyenne
BJ-8FC34C29,Métal Natitingou,Industrie & Manufacture,Natitingou,+229 49 56 41 96,métal.natitingou@métal.natitingou.net,métalnatitingou.bj,PME (50-200),B2B,APIEx,,Actif,2026-06-29T00:14:35.979434,haute
BJ-B69D7D64,Atelier Production Africa,Industrie & Manufacture,Natitingou,+229 64 99 22 44,atelier.production.africa@atelier.production.africa.net,atelierproductionafrica.bj,TPE (<10),B2B,APIEx,,Actif,2026-06-29T00:14:35.979463,haute
BJ-E32A723C,Production Électronique Africa,Industrie & Manufacture,Toucountouna,+229 78 48 15 12,,productionélectroniqueafrica.bj,PME (10-50),B2B,APIEx,,Actif,2026-06-29T00:14:35.979500,moyenne
BJ-BC070479,Fabrication SA,Industrie & Manufacture,Toucountouna,+229 72 51 47 43,,fabricationsa.bj,PME (10-50),B2B,APIEx,,Actif,2026-06-29T00:14:35.979519,moyenne
BJ-7134DCFF,Usine Fabrication SA,Industrie & Manufacture,Toucountouna,+229 59 11 11 22,,usinefabricationsa.bj,TPE (<10),B2B,APIEx,,Actif,2026-06-29T00:14:35.979537,moyenne
BJ-5D605A47,Production Chimie,Industrie & Manufacture,Toucountouna,+229 22 61 98 22,production.chimie@production.chimie.bj,,PME (10-50),B2B,APIEx,,Actif,2026-06-29T00:14:35.979556,moyenne
BJ-11681467,Fabrique Fabrication,Industrie & Manufacture,Toucountouna,+229 94 49 20 43,fabrique.fabrication@fabrique.fabrication.net,fabriquefabrication.bj,TPE (<10),B2B,APIEx,,Actif,2026-06-29T00:14:35.979586,haute
BJ-FB473475,Fabrique Textile Manufacture,Industrie & Manufacture,Boukoumbé,+229 76 28 58 22,,fabriquetextilemanufacture.bj,TPE (<10),B2B,APIEx,,Actif,2026-06-29T00:14:35.979623,moyenne
BJ-5C8F2E17,Usine Textile Boukoumbé,Industrie & Manufacture,Boukoumbé,+229 67 86 38 38,usine.textile.boukoumbé@usine.textile.boukoumbé.org,,TPE (<10),B2B,APIEx,,Actif,2026-06-29T00:14:35.979657,moyenne
BJ-B99DD7CA,Usine Plastique,Industrie & Manufacture,Boukoumbé,+229 38 76 81 86,,,PME (10-50),B2B,APIEx,,Actif,2026-06-29T00:14:35.979688,basse
BJ-83AB2FFD,Atelier Pharmaceutique Boukoumbé,Industrie & Manufacture,Boukoumbé,+229 21 87 20 79,atelier.pharmaceutique.boukoumbé@atelier.pharmaceutique.boukoumbé.com,,PME (50-200),B2B,APIEx,,Actif,2026-06-29T00:14:35.979725,moyenne
BJ-74119E6F,Plastique,Industrie & Manufacture,Boukoumbé,+229 70 30 90 84,plastique@plastique.net,,TPE (<10),B2B,APIEx,,Actif,2026-06-29T00:14:35.979748,moyenne
BJ-B4D9967C,Pharmaceutique SARL Kouandé,Industrie & Manufacture,Kouandé,+229 90 53 98 12,pharmaceutique.sarl.kouandé@pharmaceutique.sarl.kouandé.benin,pharmaceutiquesarlkouandé.bj,Grande (>200),B2B,APIEx,,Actif,2026-06-29T00:14:35.979788,haute
BJ-D11D7D61,Fabrique Transformation SARL Kouandé,Industrie & Manufacture,Kouandé,+229 74 73 95 87,,fabriquetransformationsarlkouandé.bj,TPE (<10),B2B,APIEx,,Actif,2026-06-29T00:14:35.979810,moyenne
BJ-8DB62FE9,Électronique,Industrie & Manufacture,Kouandé,+229 54 96 55 30,électronique@électronique.benin,,TPE (<10),B2B,APIEx,,Actif,2026-06-29T00:14:35.979833,moyenne
BJ-23019CEE,Textile,Industrie & Manufacture,Kouandé,+229 71 13 60 75,textile@textile.org,textile.bj,Grande (>200),B2B,APIEx,,Actif,2026-06-29T00:14:35.979857,haute
BJ-23D50716,Usine Électronique SARL,Industrie & Manufacture,Kouandé,+229 68 70 20 36,,,PME (50-200),B2B,APIEx,,Actif,2026-06-29T00:14:35.979879,basse
BJ-E0593147,Textile Industry,Industrie & Manufacture,Péhunco,+229 86 96 51 44,textile.industry@textile.industry.benin,,TPE (<10),B2B,APIEx,,Actif,2026-06-29T00:14:35.979943,moyenne
BJ-5030EA40,Bois,Industrie & Manufacture,Péhunco,+229 34 53 20 94,bois@bois.net,bois.bj,TPE (<10),B2B,APIEx,,Actif,2026-06-29T00:14:35.979963,haute
BJ-BA60EA20,Usine Chimie,Industrie & Manufacture,Péhunco,+229 48 78 60 57,usine.chimie@usine.chimie.benin,usinechimie.bj,TPE (<10),B2B,APIEx,,Actif,2026-06-29T00:14:35.979986,haute
BJ-163534BB,Pharmaceutique Factory Péhunco,Industrie & Manufacture,Péhunco,+229 27 92 44 84,,pharmaceutiquefactorypéhunco.bj,Grande (>200),B2B,APIEx,,Actif,2026-06-29T00:14:35.980029,moyenne
BJ-B2554487,Production Électronique,Industrie & Manufacture,Péhunco,+229 46 16 17 99,,,PME (10-50),B2B,APIEx,,Actif,2026-06-29T00:14:35.980059,basse
BJ-33273822,Alimentaire Industry,Industrie & Manufacture,Tchaourou,+229 59 26 25 74,alimentaire.industry@alimentaire.industry.org,alimentaireindustry.bj,PME (10-50),B2B,APIEx,,Actif,2026-06-29T00:14:35.980102,haute
BJ-D1921A9D,Fabrication Industry,Industrie & Manufacture,Tchaourou,+229 33 37 59 71,fabrication.industry@fabrication.industry.bj,fabricationindustry.bj,PME (10-50),B2B,APIEx,,Actif,2026-06-29T00:14:35.980141,haute
BJ-9DEA9317,Chimie,Industrie & Manufacture,Tchaourou,+229 99 44 73 25,,chimie.bj,PME (10-50),B2B,APIEx,,Actif,2026-06-29T00:14:35.980171,moyenne
BJ-5736D59E,Atelier Mécanique Manufacture,Industrie & Manufacture,Tchaourou,+229 75 96 20 58,atelier.mécanique.manufacture@atelier.mécanique.manufacture.com,,TPE (<10),B2B,APIEx,,Actif,2026-06-29T00:14:35.980226,moyenne
BJ-3D2DCE9F,Production Alimentaire,Industrie & Manufacture,Nikki,+229 89 82 98 77,,productionalimentaire.bj,PME (10-50),B2B,APIEx,,Actif,2026-06-29T00:14:35.980296,moyenne
BJ-4F111841,Industrie Mécanique,Industrie & Manufacture,Nikki,+229 53 97 45 21,,,PME (10-50),B2B,APIEx,,Actif,2026-06-29T00:14:35.980327,basse
BJ-CC80DFE2,Métal,Industrie & Manufacture,Nikki,+229 89 98 92 57,métal@métal.org,,Grande (>200),B2B,APIEx,,Actif,2026-06-29T00:14:35.980355,moyenne
BJ-7770A30A,Pharmaceutique,Industrie & Manufacture,Nikki,+229 69 34 93 85,,,TPE (<10),B2B,APIEx,,Actif,2026-06-29T00:14:35.980387,basse
BJ-0AE0189F,Atelier Métal Industry,Industrie & Manufacture,Nikki,+229 80 54 10 83,,ateliermétalindustry.bj,PME (10-50),B2B,APIEx,,Actif,2026-06-29T00:14:35.980421,moyenne
BJ-0C04D774,Production Électronique Industry Bembéréké,Industrie & Manufacture,Bembéréké,+229 67 35 38 83,production.électronique.industry.bembéréké@production.électronique.industry.bembéréké.bj,productionélectroniqueindustrybembéréké.bj,TPE (<10),B2B,APIEx,,Actif,2026-06-29T00:14:35.980464,haute
BJ-6ED86D9D,Atelier Alimentaire,Industrie & Manufacture,Bembéréké,+229 38 28 48 95,atelier.alimentaire@atelier.alimentaire.org,,TPE (<10),B2B,APIEx,,Actif,2026-06-29T00:14:35.980493,moyenne
BJ-2E1371EC,Production Bois Groupe,Industrie & Manufacture,Bembéréké,+229 43 60 40 84,,,TPE (<10),B2B,APIEx,,Actif,2026-06-29T00:14:35.980520,basse
BJ-983250DC,Industrie Pharmaceutique Industry,Industrie & Manufacture,Bembéréké,+229 47 82 54 86,industrie.pharmaceutique.industry@industrie.pharmaceutique.industry.org,,TPE (<10),B2B,APIEx,,Actif,2026-06-29T00:14:35.980548,moyenne
BJ-AB3F8D4E,Production Transformation,Industrie & Manufacture,Bembéréké,+229 44 57 52 74,production.transformation@production.transformation.com,productiontransformation.bj,TPE (<10),B2B,APIEx,,Actif,2026-06-29T00:14:35.980585,haute
BJ-8919D817,Fabrique Automobile,Industrie & Manufacture,Kalalé,+229 23 70 78 61,fabrique.automobile@fabrique.automobile.net,fabriqueautomobile.bj,PME (10-50),B2B,APIEx,,Actif,2026-06-29T00:14:35.980632,haute
BJ-CFBAC69B,Manufacture Électronique Bénin,Industrie & Manufacture,Kalalé,+229 55 45 77 70,manufacture.électronique.bénin@manufacture.électronique.bénin.com,,TPE (<10),B2B,APIEx,,Actif,2026-06-29T00:14:35.980662,moyenne
BJ-7942BAD3,Métal SA,Industrie & Manufacture,Kalalé,+229 90 33 12 40,métal.sa@métal.sa.net,,PME (10-50),B2B,APIEx,,Actif,2026-06-29T00:14:35.980690,moyenne
BJ-1AFC3758,Manufacture Automobile Industry,Industrie & Manufacture,Kalalé,+229 26 15 68 72,manufacture.automobile.industry@manufacture.automobile.industry.benin,,TPE (<10),B2B,APIEx,,Actif,2026-06-29T00:14:35.980724,moyenne
BJ-CB55B034,Usine Textile,Industrie & Manufacture,Kalalé,+229 69 14 66 97,,,TPE (<10),B2B,APIEx,,Actif,2026-06-29T00:14:35.980754,basse
BJ-9AAC721B,Manufacture Électronique,Industrie & Manufacture,Ndali,+229 36 15 58 94,,manufactureélectronique.bj,Grande (>200),B2B,APIEx,,Actif,2026-06-29T00:14:35.980801,moyenne
BJ-C5CC59D2,Production Ndali,Industrie & Manufacture,Ndali,+229 37 60 96 97,,productionndali.bj,TPE (<10),B2B,APIEx,,Actif,2026-06-29T00:14:35.980824,moyenne
BJ-197DF38D,Industrie Chimie,Industrie & Manufacture,Ndali,+229 28 50 29 25,,,TPE (<10),B2B,APIEx,,Actif,2026-06-29T00:14:35.980903,basse
BJ-4DBF11AC,Alimentaire Africa,Industrie & Manufacture,Ségbana,+229 55 34 92 55,alimentaire.africa@alimentaire.africa.benin,alimentaireafrica.bj,PME (10-50),B2B,APIEx,,Actif,2026-06-29T00:14:35.980977,haute
BJ-835585C5,Manufacture Métal SARL,Industrie & Manufacture,Ségbana,+229 86 77 63 93,manufacture.métal.sarl@manufacture.métal.sarl.com,,TPE (<10),B2B,APIEx,,Actif,2026-06-29T00:14:35.981045,moyenne
BJ-F4DCFDEC,Plastique Groupe Ségbana,Industrie & Manufacture,Ségbana,+229 31 82 13 23,,,TPE (<10),B2B,APIEx,,Actif,2026-06-29T00:14:35.981090,basse
BJ-6F35CE14,Pharmaceutique Groupe,Industrie & Manufacture,Ségbana,+229 53 46 48 43,,,TPE (<10),B2B,APIEx,,Actif,2026-06-29T00:14:35.981123,basse
BJ-9E69D356,Plastique Industry Ségbana,Industrie & Manufacture,Ségbana,+229 47 14 38 20,plastique.industry.ségbana@plastique.industry.ségbana.bj,plastiqueindustrységbana.bj,PME (10-50),B2B,APIEx,,Actif,2026-06-29T00:14:35.981164,haute
BJ-2E354AF1,Production Transformation Tchaourou,Industrie & Manufacture,Tchaourou,+229 76 41 42 32,,,PME (10-50),B2B,APIEx,,Actif,2026-06-29T00:14:35.981214,basse
BJ-D86DCBB5,Manufacture Chimie,Industrie & Manufacture,Tchaourou,+229 86 21 16 26,,manufacturechimie.bj,TPE (<10),B2B,APIEx,,Actif,2026-06-29T00:14:35.981236,moyenne
BJ-A5BC0324,Production,Industrie & Manufacture,Tchaourou,+229 78 19 37 62,,production.bj,TPE (<10),B2B,APIEx,,Actif,2026-06-29T00:14:35.981313,moyenne
BJ-9C6415C8,Production,Industrie & Manufacture,Bétérou,+229 20 71 37 36,production@production.bj,,TPE (<10),B2B,APIEx,,Actif,2026-06-29T00:14:35.981346,moyenne
BJ-94A11470,Atelier Chimie SARL,Industrie & Manufacture,Bétérou,+229 97 98 66 76,atelier.chimie.sarl@atelier.chimie.sarl.com,,PME (50-200),B2B,APIEx,,Actif,2026-06-29T00:14:35.981371,moyenne
BJ-3D6DEEE0,Plastique Africa,Industrie & Manufacture,Bétérou,+229 46 70 58 77,plastique.africa@plastique.africa.bj,plastiqueafrica.bj,PME (50-200),B2B,APIEx,,Actif,2026-06-29T00:14:35.981388,haute
BJ-822AD49B,Manufacture Métal,Industrie & Manufacture,Bétérou,+229 55 26 62 53,manufacture.métal@manufacture.métal.net,,TPE (<10),B2B,APIEx,,Actif,2026-06-29T00:14:35.981406,moyenne
BJ-22C32636,Production Manufacture,Industrie & Manufacture,Ouessè,+229 71 99 79 36,,productionmanufacture.bj,TPE (<10),B2B,APIEx,,Actif,2026-06-29T00:14:35.981424,moyenne
BJ-EAF60193,Alimentaire Manufacture,Industrie & Manufacture,Ouessè,+229 43 16 37 52,,,Grande (>200),B2B,APIEx,,Actif,2026-06-29T00:14:35.981456,basse
BJ-0DA81CB7,Chimie SA,Industrie & Manufacture,Ouessè,+229 50 45 34 21,,chimiesa.bj,PME (10-50),B2B,APIEx,,Actif,2026-06-29T00:14:35.981468,moyenne
BJ-1FAE225A,Industrie Bois Ouessè,Industrie & Manufacture,Ouessè,+229 84 42 65 62,industrie.bois.ouessè@industrie.bois.ouessè.net,industrieboisouessè.bj,PME (10-50),B2B,APIEx,,Actif,2026-06-29T00:14:35.981482,haute
BJ-5DDF5739,Manufacture Fabrication Factory,Industrie & Manufacture,Ouessè,+229 51 41 20 26,,,TPE (<10),B2B,APIEx,,Actif,2026-06-29T00:14:35.981493,basse
BJ-56B59D93,Industrie Chimie SARL Glazoué,Industrie & Manufacture,Glazoué,+229 34 34 86 26,industrie.chimie.sarl.glazoué@industrie.chimie.sarl.glazoué.com,industriechimiesarlglazoué.bj,PME (50-200),B2B,APIEx,,Actif,2026-06-29T00:14:35.981512,haute
BJ-F0C14639,Production Transformation SARL Glazoué,Industrie & Manufacture,Glazoué,+229 93 77 70 62,production.transformation.sarl.glazoué@production.transformation.sarl.glazoué.org,,PME (10-50),B2B,APIEx,,Actif,2026-06-29T00:14:35.981525,moyenne
BJ-0403AC04,Chimie,Industrie & Manufacture,Glazoué,+229 84 18 97 61,,,TPE (<10),B2B,APIEx,,Actif,2026-06-29T00:14:35.981536,basse
BJ-B8590202,Atelier Transformation Glazoué,Industrie & Manufacture,Glazoué,+229 63 23 61 14,atelier.transformation.glazoué@atelier.transformation.glazoué.bj,ateliertransformationglazoué.bj,PME (10-50),B2B,APIEx,,Actif,2026-06-29T00:14:35.981553,haute
BJ-5D11ECB6,Manufacture Alimentaire SARL Glazoué,Industrie & Manufacture,Glazoué,+229 61 12 37 67,,manufacturealimentairesarlglazoué.bj,Grande (>200),B2B,APIEx,,Actif,2026-06-29T00:14:35.981566,moyenne
BJ-558D6C96,Industrie Bois Manufacture,Industrie & Manufacture,Dassa-Zoumè,+229 89 68 43 46,,industrieboismanufacture.bj,PME (50-200),B2B,APIEx,,Actif,2026-06-29T00:14:35.981596,moyenne
BJ-0E7D7930,Mécanique Dassa-Zoumè,Industrie & Manufacture,Dassa-Zoumè,+229 23 79 92 87,mécanique.dassazoumè@mécanique.dassazoumè.org,,Grande (>200),B2B,APIEx,,Actif,2026-06-29T00:14:35.981610,moyenne
BJ-85F11675,Automobile Africa,Industrie & Manufacture,Dassa-Zoumè,+229 46 13 24 23,automobile.africa@automobile.africa.bj,automobileafrica.bj,PME (10-50),B2B,APIEx,,Actif,2026-06-29T00:14:35.981629,haute
BJ-F6FF845A,Production Industry,Industrie & Manufacture,Dassa-Zoumè,+229 70 24 94 59,production.industry@production.industry.net,productionindustry.bj,TPE (<10),B2B,APIEx,,Actif,2026-06-29T00:14:35.981642,haute
BJ-E79AF1DD,Industrie Bois,Industrie & Manufacture,Savalou,+229 49 10 17 41,industrie.bois@industrie.bois.bj,industriebois.bj,PME (50-200),B2B,APIEx,,Actif,2026-06-29T00:14:35.981661,haute
BJ-3B70F7E2,Automobile Industry,Industrie & Manufacture,Savalou,+229 60 64 60 92,automobile.industry@automobile.industry.com,automobileindustry.bj,TPE (<10),B2B,APIEx,,Actif,2026-06-29T00:14:35.981674,haute
BJ-779CF12B,Fabrique Métal SARL,Industrie & Manufacture,Savalou,+229 41 33 20 36,,,PME (50-200),B2B,APIEx,,Actif,2026-06-29T00:14:35.981685,basse
BJ-2F9C26E6,Fabrique Textile Savalou,Industrie & Manufacture,Savalou,+229 81 15 69 19,,fabriquetextilesavalou.bj,Grande (>200),B2B,APIEx,,Actif,2026-06-29T00:14:35.981700,moyenne
BJ-F772705D,Manufacture Plastique SARL,Industrie & Manufacture,Savalou,+229 52 88 81 95,manufacture.plastique.sarl@manufacture.plastique.sarl.net,,PME (50-200),B2B,APIEx,,Actif,2026-06-29T00:14:35.981712,moyenne
BJ-B3C0D80A,Industrie Transformation,Industrie & Manufacture,Bantè,+229 35 70 74 33,,,TPE (<10),B2B,APIEx,,Actif,2026-06-29T00:14:35.981730,basse
BJ-25F15F65,Transformation,Industrie & Manufacture,Bantè,+229 81 69 29 89,transformation@transformation.com,,PME (50-200),B2B,APIEx,,Actif,2026-06-29T00:14:35.981742,moyenne
BJ-94A8F061,Industrie Automobile,Industrie & Manufacture,Bantè,+229 75 59 16 32,industrie.automobile@industrie.automobile.org,,PME (10-50),B2B,APIEx,,Actif,2026-06-29T00:14:35.981754,moyenne
BJ-F936564A,Industrie Métal Africa,Industrie & Manufacture,Bantè,+229 54 80 39 97,,,PME (10-50),B2B,APIEx,,Actif,2026-06-29T00:14:35.981764,basse
BJ-9023F460,Production Production,Industrie & Manufacture,Bantè,+229 46 27 24 37,production.production@production.production.com,,PME (10-50),B2B,APIEx,,Actif,2026-06-29T00:14:35.981776,moyenne
BJ-79523BB1,Usine Production Djougou,Industrie & Manufacture,Djougou,+229 29 64 12 22,usine.production.djougou@usine.production.djougou.bj,,TPE (<10),B2B,APIEx,,Actif,2026-06-29T00:14:35.981795,moyenne
BJ-6A2CFD90,Fabrique Automobile Manufacture,Industrie & Manufacture,Djougou,+229 44 49 42 26,,,TPE (<10),B2B,APIEx,,Actif,2026-06-29T00:14:35.981809,basse
BJ-DEB56069,Plastique Manufacture,Industrie & Manufacture,Djougou,+229 68 83 83 19,plastique.manufacture@plastique.manufacture.org,,TPE (<10),B2B,APIEx,,Actif,2026-06-29T00:14:35.981822,moyenne
BJ-A9C88E4C,Usine Textile,Industrie & Manufacture,Djougou,+229 25 90 29 21,usine.textile@usine.textile.benin,,PME (50-200),B2B,APIEx,,Actif,2026-06-29T00:14:35.981837,moyenne
BJ-405E4EC3,Transformation Groupe,Industrie & Manufacture,Djougou,+229 94 67 33 51,transformation.groupe@transformation.groupe.net,,TPE (<10),B2B,APIEx,,Actif,2026-06-29T00:14:35.981852,moyenne
BJ-862F21B8,Manufacture Textile,Industrie & Manufacture,Ouèssè,+229 56 29 72 53,manufacture.textile@manufacture.textile.benin,,TPE (<10),B2B,APIEx,,Actif,2026-06-29T00:14:35.981870,moyenne
BJ-4662C95F,Plastique SA Ouèssè,Industrie & Manufacture,Ouèssè,+229 29 55 99 49,plastique.sa.ouèssè@plastique.sa.ouèssè.org,plastiquesaouèssè.bj,PME (10-50),B2B,APIEx,,Actif,2026-06-29T00:14:35.981884,haute
BJ-E57D39C5,Fabrique Fabrication,Industrie & Manufacture,Ouèssè,+229 74 35 51 98,fabrique.fabrication@fabrique.fabrication.net,,TPE (<10),B2B,APIEx,,Actif,2026-06-29T00:14:35.981922,moyenne
BJ-72415574,Métal Bénin,Industrie & Manufacture,Ouèssè,+229 37 99 89 58,,,PME (50-200),B2B,APIEx,,Actif,2026-06-29T00:14:35.981936,basse
BJ-1AD46499,Plastique Africa,Industrie & Manufacture,Ouèssè,+229 37 61 68 10,,plastiqueafrica.bj,TPE (<10),B2B,APIEx,,Actif,2026-06-29T00:14:35.981948,moyenne
BJ-99D192FE,Transformation,Industrie & Manufacture,Bassila,+229 34 60 15 26,,,PME (10-50),B2B,APIEx,,Actif,2026-06-29T00:14:35.981966,basse
BJ-6EAD6691,Automobile Africa Bassila,Industrie & Manufacture,Bassila,+229 57 72 64 22,,,PME (10-50),B2B,APIEx,,Actif,2026-06-29T00:14:35.981978,basse
BJ-95F0543B,Métal Industry,Industrie & Manufacture,Bassila,+229 51 63 53 10,métal.industry@métal.industry.bj,,TPE (<10),B2B,APIEx,,Actif,2026-06-29T00:14:35.981990,moyenne
BJ-B00AE384,Bois SARL,Industrie & Manufacture,Bassila,+229 80 86 20 99,bois.sarl@bois.sarl.net,boissarl.bj,PME (10-50),B2B,APIEx,,Actif,2026-06-29T00:14:35.982007,haute
BJ-10EB92FE,Industrie Chimie Factory,Industrie & Manufacture,Bassila,+229 29 32 15 62,,industriechimiefactory.bj,TPE (<10),B2B,APIEx,,Actif,2026-06-29T00:14:35.982019,moyenne
BJ-13266A7D,Alimentaire Africa,Industrie & Manufacture,Pehunco,+229 35 77 91 64,alimentaire.africa@alimentaire.africa.org,alimentaireafrica.bj,PME (10-50),B2B,APIEx,,Actif,2026-06-29T00:14:35.982037,haute
BJ-C7B81EAA,Chimie,Industrie & Manufacture,Pehunco,+229 62 91 90 85,chimie@chimie.net,,TPE (<10),B2B,APIEx,,Actif,2026-06-29T00:14:35.982049,moyenne
BJ-1210D590,Fabrication Manufacture,Industrie & Manufacture,Pehunco,+229 59 33 48 43,,fabricationmanufacture.bj,TPE (<10),B2B,APIEx,,Actif,2026-06-29T00:14:35.982060,moyenne
BJ-C1CB4E6E,Production Pharmaceutique,Industrie & Manufacture,Pehunco,+229 78 36 95 25,production.pharmaceutique@production.pharmaceutique.net,,TPE (<10),B2B,APIEx,,Actif,2026-06-29T00:14:35.982073,moyenne
BJ-1094A691,Manufacture Automobile Manufacture,Industrie & Manufacture,Pehunco,+229 44 22 82 24,manufacture.automobile.manufacture@manufacture.automobile.manufacture.net,,PME (10-50),B2B,APIEx,,Actif,2026-06-29T00:14:35.982088,moyenne
BJ-EC7A6DB5,Fabrication Groupe,Industrie & Manufacture,Copargo,+229 83 59 93 19,,fabricationgroupe.bj,TPE (<10),B2B,APIEx,,Actif,2026-06-29T00:14:35.982109,moyenne
BJ-9CD034BF,Industrie Alimentaire Factory,Industrie & Manufacture,Copargo,+229 36 37 98 21,industrie.alimentaire.factory@industrie.alimentaire.factory.benin,,TPE (<10),B2B,APIEx,,Actif,2026-06-29T00:14:35.982122,moyenne
BJ-0F452968,Pharmaceutique,Industrie & Manufacture,Copargo,+229 46 87 69 93,pharmaceutique@pharmaceutique.org,,PME (10-50),B2B,APIEx,,Actif,2026-06-29T00:14:35.982158,moyenne
BJ-29D363F1,Conseil Partners Cotonou,Services aux entreprises,Cotonou,+229 91 56 22 41,conseil.partners.cotonou@conseil.partners.cotonou.benin,conseilpartnerscotonou.bj,PME (50-200),B2B,APIEx,,Actif,2026-06-29T00:14:35.982178,haute
BJ-F4EC7548,Expert International,Services aux entreprises,Cotonou,+229 84 52 88 58,,expertinternational.bj,Grande (>200),B2B,APIEx,,Actif,2026-06-29T00:14:35.982190,moyenne
BJ-E9416612,Comptable International,Services aux entreprises,Cotonou,+229 64 13 34 98,comptable.international@comptable.international.bj,,PME (50-200),B2B,APIEx,,Actif,2026-06-29T00:14:35.982203,moyenne
BJ-C2436CBA,Consulting International,Services aux entreprises,Cotonou,+229 92 19 77 14,consulting.international@consulting.international.org,,PME (10-50),B2B,APIEx,,Actif,2026-06-29T00:14:35.982214,moyenne
BJ-02D25E03,Expert Consulting Consulting,Services aux entreprises,Cotonou,+229 41 26 86 89,expert.consulting.consulting@expert.consulting.consulting.com,expertconsultingconsulting.bj,PME (10-50),B2B,APIEx,,Actif,2026-06-29T00:14:35.982230,haute
BJ-2F77AA3C,Management Bureau,Services aux entreprises,Abomey-Calavi,+229 82 13 19 44,management.bureau@management.bureau.bj,managementbureau.bj,TPE (<10),B2B,APIEx,,Actif,2026-06-29T00:14:35.982248,haute
BJ-504B521C,Bureau Consulting Cabinet,Services aux entreprises,Abomey-Calavi,+229 74 98 10 87,,bureauconsultingcabinet.bj,TPE (<10),B2B,APIEx,,Actif,2026-06-29T00:14:35.982259,moyenne
BJ-F82B256B,Consulting Africa,Services aux entreprises,Abomey-Calavi,+229 64 16 15 18,consulting.africa@consulting.africa.bj,,PME (10-50),B2B,APIEx,,Actif,2026-06-29T00:14:35.982271,moyenne
BJ-5F9D6614,Business,Services aux entreprises,Abomey-Calavi,+229 79 45 67 64,,,PME (50-200),B2B,APIEx,,Actif,2026-06-29T00:14:35.982284,basse
BJ-4C486FAD,Juridique Bureau Abomey-Calavi,Services aux entreprises,Abomey-Calavi,+229 30 98 86 89,juridique.bureau.abomeycalavi@juridique.bureau.abomeycalavi.net,juridiquebureauabomeycalavi.bj,TPE (<10),B2B,APIEx,,Actif,2026-06-29T00:14:35.982297,haute
BJ-2613BA3F,Communication,Services aux entreprises,Porto-Novo,+229 74 63 93 83,,communication.bj,PME (10-50),B2B,APIEx,,Actif,2026-06-29T00:14:35.982314,moyenne
BJ-02D4F1CF,Marketing,Services aux entreprises,Porto-Novo,+229 49 66 66 42,,,TPE (<10),B2B,APIEx,,Actif,2026-06-29T00:14:35.982340,basse
BJ-7C43DEB9,Fiscal Africa Porto-Novo,Services aux entreprises,Porto-Novo,+229 83 37 84 99,,,TPE (<10),B2B,APIEx,,Actif,2026-06-29T00:14:35.982350,basse
BJ-6068F8D4,Bureau Audit Advisory,Services aux entreprises,Porto-Novo,+229 25 49 76 20,,bureauauditadvisory.bj,PME (10-50),B2B,APIEx,,Actif,2026-06-29T00:14:35.982361,moyenne
BJ-807293CB,Communication Bénin Parakou,Services aux entreprises,Parakou,+229 47 54 41 44,,,PME (10-50),B2B,APIEx,,Actif,2026-06-29T00:14:35.982380,basse
BJ-5E620153,Stratégie Partners,Services aux entreprises,Parakou,+229 55 36 84 58,stratégie.partners@stratégie.partners.org,stratégiepartners.bj,TPE (<10),B2B,APIEx,,Actif,2026-06-29T00:14:35.982393,haute
BJ-ADA03DF8,Expert Formation Cabinet,Services aux entreprises,Parakou,+229 28 44 54 96,expert.formation.cabinet@expert.formation.cabinet.net,expertformationcabinet.bj,Grande (>200),B2B,APIEx,,Actif,2026-06-29T00:14:35.982406,haute
BJ-EF7B0ABD,Bureau Expert,Services aux entreprises,Parakou,+229 36 95 41 99,bureau.expert@bureau.expert.benin,bureauexpert.bj,PME (50-200),B2B,APIEx,,Actif,2026-06-29T00:14:35.982422,haute
BJ-3BCF9C96,Communication Africa,Services aux entreprises,Parakou,+229 76 84 46 30,communication.africa@communication.africa.com,,TPE (<10),B2B,APIEx,,Actif,2026-06-29T00:14:35.982434,moyenne
BJ-C35D2E86,Bureau Consulting,Services aux entreprises,Bohicon,+229 71 46 16 76,bureau.consulting@bureau.consulting.benin,bureauconsulting.bj,PME (50-200),B2B,APIEx,,Actif,2026-06-29T00:14:35.982453,haute
BJ-306B6788,Fiscal Consulting,Services aux entreprises,Bohicon,+229 78 16 26 70,fiscal.consulting@fiscal.consulting.com,fiscalconsulting.bj,Grande (>200),B2B,APIEx,,Actif,2026-06-29T00:14:35.982466,haute
BJ-2D55622A,Expert Formation Advisory,Services aux entreprises,Bohicon,+229 72 17 70 20,,,PME (50-200),B2B,APIEx,,Actif,2026-06-29T00:14:35.982476,basse
BJ-3FDE9786,Expert Communication Bureau Bohicon,Services aux entreprises,Bohicon,+229 22 15 87 40,,expertcommunicationbureaubohicon.bj,PME (50-200),B2B,APIEx,,Actif,2026-06-29T00:14:35.982488,moyenne
BJ-08E6C58A,Bureau Management Bohicon,Services aux entreprises,Bohicon,+229 57 15 43 66,bureau.management.bohicon@bureau.management.bohicon.net,bureaumanagementbohicon.bj,TPE (<10),B2B,APIEx,,Actif,2026-06-29T00:14:35.982501,haute
BJ-A1A7A8FB,Stratégie,Services aux entreprises,Natitingou,+229 21 60 93 64,stratégie@stratégie.org,stratégie.bj,TPE (<10),B2B,APIEx,,Actif,2026-06-29T00:14:35.982524,haute
BJ-76470CF7,Bureau Fiscal Advisory Natitingou,Services aux entreprises,Natitingou,+229 79 71 43 34,bureau.fiscal.advisory.natitingou@bureau.fiscal.advisory.natitingou.bj,,PME (10-50),B2B,APIEx,,Actif,2026-06-29T00:14:35.982548,moyenne
BJ-100F1617,Expert Fiscal,Services aux entreprises,Natitingou,+229 36 78 83 84,expert.fiscal@expert.fiscal.net,,TPE (<10),B2B,APIEx,,Actif,2026-06-29T00:14:35.982578,moyenne
BJ-9A3D4C4D,Conseil Lokossa,Services aux entreprises,Lokossa,+229 69 65 35 18,,conseillokossa.bj,PME (50-200),B2B,APIEx,,Actif,2026-06-29T00:14:35.982599,moyenne
BJ-80C459B8,Marketing Cabinet Lokossa,Services aux entreprises,Lokossa,+229 42 99 55 57,marketing.cabinet.lokossa@marketing.cabinet.lokossa.org,,TPE (<10),B2B,APIEx,,Actif,2026-06-29T00:14:35.982611,moyenne
BJ-D4A4BC7E,Conseil Business Lokossa,Services aux entreprises,Lokossa,+229 66 37 26 44,conseil.business.lokossa@conseil.business.lokossa.net,conseilbusinesslokossa.bj,TPE (<10),B2B,APIEx,,Actif,2026-06-29T00:14:35.982645,haute
BJ-B9D4991B,Expert Management Cabinet,Services aux entreprises,Lokossa,+229 95 42 62 95,expert.management.cabinet@expert.management.cabinet.org,expertmanagementcabinet.bj,TPE (<10),B2B,APIEx,,Actif,2026-06-29T00:14:35.982659,haute
BJ-15CD6121,Management Cabinet,Services aux entreprises,Lokossa,+229 24 68 25 43,management.cabinet@management.cabinet.com,managementcabinet.bj,PME (10-50),B2B,APIEx,,Actif,2026-06-29T00:14:35.982671,haute
BJ-F5146627,Marketing Partners,Services aux entreprises,Ouidah,+229 38 31 54 21,marketing.partners@marketing.partners.bj,marketingpartners.bj,Grande (>200),B2B,APIEx,,Actif,2026-06-29T00:14:35.982689,haute
BJ-FB2092DF,Juridique Africa,Services aux entreprises,Ouidah,+229 86 19 33 91,juridique.africa@juridique.africa.net,juridiqueafrica.bj,PME (50-200),B2B,APIEx,,Actif,2026-06-29T00:14:35.982702,haute
BJ-FDDE51FE,Cabinet Expert Consulting,Services aux entreprises,Ouidah,+229 57 66 21 10,cabinet.expert.consulting@cabinet.expert.consulting.com,cabinetexpertconsulting.bj,Grande (>200),B2B,APIEx,,Actif,2026-06-29T00:14:35.982744,haute
BJ-38B52C42,Cabinet Comptable Bénin,Services aux entreprises,Savalou,+229 52 79 61 66,cabinet.comptable.bénin@cabinet.comptable.bénin.benin,cabinetcomptablebénin.bj,PME (10-50),B2B,APIEx,,Actif,2026-06-29T00:14:35.982767,haute
BJ-308607AE,Consulting Audit,Services aux entreprises,Savalou,+229 77 17 18 51,consulting.audit@consulting.audit.benin,,TPE (<10),B2B,APIEx,,Actif,2026-06-29T00:14:35.982779,moyenne
BJ-AE9A57FE,Conseil Stratégie Bureau,Services aux entreprises,Savalou,+229 32 87 72 87,conseil.stratégie.bureau@conseil.stratégie.bureau.benin,conseilstratégiebureau.bj,PME (50-200),B2B,APIEx,,Actif,2026-06-29T00:14:35.982804,haute
BJ-CDD11E52,Cabinet Business,Services aux entreprises,Savalou,+229 46 33 17 94,cabinet.business@cabinet.business.net,cabinetbusiness.bj,Grande (>200),B2B,APIEx,,Actif,2026-06-29T00:14:35.982820,haute
BJ-1C8A85F8,Audit Juridique Africa,Services aux entreprises,Dassa-Zoumè,+229 69 51 43 79,audit.juridique.africa@audit.juridique.africa.org,,TPE (<10),B2B,APIEx,,Actif,2026-06-29T00:14:35.982838,moyenne
BJ-00FC807A,Fiscal,Services aux entreprises,Dassa-Zoumè,+229 54 32 38 81,fiscal@fiscal.com,,PME (10-50),B2B,APIEx,,Actif,2026-06-29T00:14:35.982851,moyenne
BJ-2333AD41,Agence Consulting Bénin,Services aux entreprises,Dassa-Zoumè,+229 25 20 51 23,agence.consulting.bénin@agence.consulting.bénin.org,agenceconsultingbénin.bj,PME (10-50),B2B,APIEx,,Actif,2026-06-29T00:14:35.982864,haute
BJ-7CD76D27,Audit Management Bénin,Services aux entreprises,Dassa-Zoumè,+229 44 73 89 34,audit.management.bénin@audit.management.bénin.com,auditmanagementbénin.bj,PME (10-50),B2B,APIEx,,Actif,2026-06-29T00:14:35.982885,haute
BJ-A1D1410D,Audit Marketing,Services aux entreprises,Dassa-Zoumè,+229 97 82 46 82,audit.marketing@audit.marketing.org,auditmarketing.bj,TPE (<10),B2B,APIEx,,Actif,2026-06-29T00:14:35.982916,haute
BJ-83140151,Bureau Fiscal International Kétou,Services aux entreprises,Kétou,+229 83 53 35 65,,,TPE (<10),B2B,APIEx,,Actif,2026-06-29T00:14:35.982935,basse
BJ-B22F2F18,Juridique,Services aux entreprises,Kétou,+229 35 22 31 57,juridique@juridique.com,juridique.bj,Grande (>200),B2B,APIEx,,Actif,2026-06-29T00:14:35.982947,haute
BJ-E7B52FE4,Cabinet Formation Consulting,Services aux entreprises,Kétou,+229 49 76 30 44,cabinet.formation.consulting@cabinet.formation.consulting.net,,TPE (<10),B2B,APIEx,,Actif,2026-06-29T00:14:35.982962,moyenne
BJ-DC19D199,Cabinet Juridique Bureau,Services aux entreprises,Kétou,+229 96 32 64 16,cabinet.juridique.bureau@cabinet.juridique.bureau.net,cabinetjuridiquebureau.bj,TPE (<10),B2B,APIEx,,Actif,2026-06-29T00:14:35.982975,haute
BJ-E6B52348,Audit,Services aux entreprises,Covè,+229 88 72 28 16,audit@audit.bj,audit.bj,TPE (<10),B2B,APIEx,,Actif,2026-06-29T00:14:35.983004,haute
BJ-5FF529CF,Audit Stratégie Africa,Services aux entreprises,Covè,+229 42 72 97 65,audit.stratégie.africa@audit.stratégie.africa.com,,PME (10-50),B2B,APIEx,,Actif,2026-06-29T00:14:35.983027,moyenne
BJ-0024D541,Business Africa,Services aux entreprises,Covè,+229 71 50 72 79,,,PME (10-50),B2B,APIEx,,Actif,2026-06-29T00:14:35.983041,basse
BJ-D9363A4B,Cabinet Formation,Services aux entreprises,Covè,+229 24 50 94 91,cabinet.formation@cabinet.formation.com,cabinetformation.bj,PME (10-50),B2B,APIEx,,Actif,2026-06-29T00:14:35.983057,haute
BJ-EA2F1D83,Stratégie Partners,Services aux entreprises,Pobè,+229 76 20 72 59,stratégie.partners@stratégie.partners.benin,stratégiepartners.bj,PME (50-200),B2B,APIEx,,Actif,2026-06-29T00:14:35.983075,haute
BJ-2AB9F179,Conseil Comptable Pobè,Services aux entreprises,Pobè,+229 57 16 72 26,,,PME (50-200),B2B,APIEx,,Actif,2026-06-29T00:14:35.983087,basse
BJ-6931A26E,Business Partners,Services aux entreprises,Pobè,+229 22 70 93 43,business.partners@business.partners.benin,businesspartners.bj,PME (50-200),B2B,APIEx,,Actif,2026-06-29T00:14:35.983099,haute
BJ-23CD2594,Conseil Consulting Advisory,Services aux entreprises,Pobè,+229 41 64 74 28,conseil.consulting.advisory@conseil.consulting.advisory.com,,TPE (<10),B2B,APIEx,,Actif,2026-06-29T00:14:35.983110,moyenne
BJ-65C40FE4,Management Bénin,Services aux entreprises,Pobè,+229 60 89 43 99,management.bénin@management.bénin.benin,,PME (10-50),B2B,APIEx,,Actif,2026-06-29T00:14:35.983122,moyenne
BJ-6B326E1D,Audit Audit,Services aux entreprises,Sakété,+229 59 21 13 73,audit.audit@audit.audit.com,auditaudit.bj,PME (10-50),B2B,APIEx,,Actif,2026-06-29T00:14:35.983140,haute
BJ-F963315D,Expert Bénin,Services aux entreprises,Sakété,+229 86 69 44 48,expert.bénin@expert.bénin.benin,expertbénin.bj,PME (10-50),B2B,APIEx,,Actif,2026-06-29T00:14:35.983153,haute
BJ-D034BA8D,Bureau Consulting Partners,Services aux entreprises,Sakété,+229 45 32 56 56,bureau.consulting.partners@bureau.consulting.partners.net,,TPE (<10),B2B,APIEx,,Actif,2026-06-29T00:14:35.983164,moyenne
BJ-E464A5CF,Marketing,Services aux entreprises,Sakété,+229 20 79 94 83,marketing@marketing.com,,PME (50-200),B2B,APIEx,,Actif,2026-06-29T00:14:35.983178,moyenne
BJ-47DCC911,Juridique,Services aux entreprises,Sakété,+229 23 58 25 30,,juridique.bj,TPE (<10),B2B,APIEx,,Actif,2026-06-29T00:14:35.983190,moyenne
BJ-BED9F613,Expert,Services aux entreprises,Adjara,+229 75 59 24 57,expert@expert.net,expert.bj,PME (10-50),B2B,APIEx,,Actif,2026-06-29T00:14:35.983207,haute
BJ-4585C093,Consulting,Services aux entreprises,Adjara,+229 85 47 48 43,consulting@consulting.bj,consulting.bj,Grande (>200),B2B,APIEx,,Actif,2026-06-29T00:14:35.983219,haute
BJ-C67EB7AC,Audit Communication,Services aux entreprises,Adjara,+229 62 46 59 68,,auditcommunication.bj,PME (10-50),B2B,APIEx,,Actif,2026-06-29T00:14:35.983229,moyenne
BJ-02CC8ADD,Consulting Marketing Africa Allada,Services aux entreprises,Allada,+229 94 56 21 93,,,PME (10-50),B2B,APIEx,,Actif,2026-06-29T00:14:35.983272,basse
BJ-BCDD1FB1,Stratégie,Services aux entreprises,Allada,+229 73 12 35 72,stratégie@stratégie.net,stratégie.bj,TPE (<10),B2B,APIEx,,Actif,2026-06-29T00:14:35.983287,haute
BJ-A11409BE,Cabinet Juridique,Services aux entreprises,Allada,+229 47 35 77 41,cabinet.juridique@cabinet.juridique.com,cabinetjuridique.bj,TPE (<10),B2B,APIEx,,Actif,2026-06-29T00:14:35.983299,haute
BJ-0E091F96,Conseil Comptable,Services aux entreprises,Allada,+229 77 81 14 64,conseil.comptable@conseil.comptable.com,,TPE (<10),B2B,APIEx,,Actif,2026-06-29T00:14:35.983325,moyenne
BJ-55F35567,Consulting Audit Cabinet,Services aux entreprises,Aplahoué,+229 39 92 14 46,consulting.audit.cabinet@consulting.audit.cabinet.com,consultingauditcabinet.bj,PME (10-50),B2B,APIEx,,Actif,2026-06-29T00:14:35.983343,haute
BJ-B6E6418F,Comptable,Services aux entreprises,Aplahoué,+229 48 84 81 94,comptable@comptable.com,,PME (10-50),B2B,APIEx,,Actif,2026-06-29T00:14:35.983354,moyenne
BJ-55D75AB3,Expert Consulting Advisory,Services aux entreprises,Aplahoué,+229 83 38 64 83,expert.consulting.advisory@expert.consulting.advisory.net,,Grande (>200),B2B,APIEx,,Actif,2026-06-29T00:14:35.983365,moyenne
BJ-8D10C095,Business Partners Aplahoué,Services aux entreprises,Aplahoué,+229 54 75 46 74,business.partners.aplahoué@business.partners.aplahoué.bj,businesspartnersaplahoué.bj,PME (10-50),B2B,APIEx,,Actif,2026-06-29T00:14:35.983378,haute
BJ-5834ADCE,Expert Juridique Bureau,Services aux entreprises,Aplahoué,+229 41 43 25 72,expert.juridique.bureau@expert.juridique.bureau.org,expertjuridiquebureau.bj,PME (10-50),B2B,APIEx,,Actif,2026-06-29T00:14:35.983390,haute
BJ-B4A98E53,Conseil Expert,Services aux entreprises,Dogbo-Tota,+229 56 21 92 88,conseil.expert@conseil.expert.com,conseilexpert.bj,PME (10-50),B2B,APIEx,,Actif,2026-06-29T00:14:35.983408,haute
BJ-E44AB49F,Management Cabinet,Services aux entreprises,Dogbo-Tota,+229 20 29 62 10,management.cabinet@management.cabinet.bj,,TPE (<10),B2B,APIEx,,Actif,2026-06-29T00:14:35.983419,moyenne
BJ-AFF64603,Communication International,Services aux entreprises,Dogbo-Tota,+229 44 98 86 56,,,PME (10-50),B2B,APIEx,,Actif,2026-06-29T00:14:35.983429,basse
BJ-380A5330,Agence Expert Partners,Services aux entreprises,Dogbo-Tota,+229 93 47 93 35,agence.expert.partners@agence.expert.partners.benin,,PME (10-50),B2B,APIEx,,Actif,2026-06-29T00:14:35.983443,moyenne
BJ-8EE8B596,Bureau Fiscal Bureau,Services aux entreprises,Dogbo-Tota,+229 87 68 26 84,bureau.fiscal.bureau@bureau.fiscal.bureau.org,bureaufiscalbureau.bj,PME (50-200),B2B,APIEx,,Actif,2026-06-29T00:14:35.983456,haute
BJ-706F7B85,Management Consulting,Services aux entreprises,Kpomassè,+229 86 69 27 59,,,PME (10-50),B2B,APIEx,,Actif,2026-06-29T00:14:35.983472,basse
BJ-AA6D2991,Expert,Services aux entreprises,Kpomassè,+229 82 82 51 27,expert@expert.benin,expert.bj,Grande (>200),B2B,APIEx,,Actif,2026-06-29T00:14:35.983487,haute
BJ-BA9D91B1,Expert Fiscal International,Services aux entreprises,Kpomassè,+229 95 72 99 73,expert.fiscal.international@expert.fiscal.international.benin,expertfiscalinternational.bj,Grande (>200),B2B,APIEx,,Actif,2026-06-29T00:14:35.983499,haute
BJ-A0214F82,Conseil Conseil,Services aux entreprises,Kpomassè,+229 98 27 97 85,conseil.conseil@conseil.conseil.net,conseilconseil.bj,PME (10-50),B2B,APIEx,,Actif,2026-06-29T00:14:35.983511,haute
BJ-88C989B4,Consulting Fiscal,Services aux entreprises,Kpomassè,+229 21 40 70 44,consulting.fiscal@consulting.fiscal.bj,consultingfiscal.bj,TPE (<10),B2B,APIEx,,Actif,2026-06-29T00:14:35.983523,haute
BJ-078AE82D,Expert Management,Services aux entreprises,Tori-Bossito,+229 77 99 90 16,expert.management@expert.management.org,expertmanagement.bj,PME (10-50),B2B,APIEx,,Actif,2026-06-29T00:14:35.983540,haute
BJ-A9AC31F6,RH Bureau Tori-Bossito,Services aux entreprises,Tori-Bossito,+229 48 33 10 79,rh.bureau.toribossito@rh.bureau.toribossito.com,,PME (50-200),B2B,APIEx,,Actif,2026-06-29T00:14:35.983552,moyenne
BJ-7826B60C,Bureau Consulting,Services aux entreprises,Tori-Bossito,+229 39 82 11 50,bureau.consulting@bureau.consulting.bj,bureauconsulting.bj,TPE (<10),B2B,APIEx,,Actif,2026-06-29T00:14:35.983578,haute
BJ-D1400516,Fiscal Bureau,Services aux entreprises,Tori-Bossito,+229 80 23 74 48,fiscal.bureau@fiscal.bureau.benin,fiscalbureau.bj,Grande (>200),B2B,APIEx,,Actif,2026-06-29T00:14:35.983590,haute
BJ-74DAF57D,Expert Communication,Services aux entreprises,Grand-Popo,+229 68 88 21 78,,expertcommunication.bj,PME (10-50),B2B,APIEx,,Actif,2026-06-29T00:14:35.983618,moyenne
BJ-B1AC8B65,Comptable Consulting Grand-Popo,Services aux entreprises,Grand-Popo,+229 27 20 48 81,comptable.consulting.grandpopo@comptable.consulting.grandpopo.bj,comptableconsultinggrandpopo.bj,TPE (<10),B2B,APIEx,,Actif,2026-06-29T00:14:35.983631,haute
BJ-DD65B650,Fiscal,Services aux entreprises,Grand-Popo,+229 50 94 37 88,fiscal@fiscal.org,fiscal.bj,TPE (<10),B2B,APIEx,,Actif,2026-06-29T00:14:35.983655,haute
BJ-C598461A,Conseil Stratégie International,Services aux entreprises,Athiémé,+229 54 14 69 40,,conseilstratégieinternational.bj,PME (50-200),B2B,APIEx,,Actif,2026-06-29T00:14:35.983673,moyenne
BJ-1508CCEE,Consulting Conseil,Services aux entreprises,Athiémé,+229 41 44 26 83,consulting.conseil@consulting.conseil.net,consultingconseil.bj,Grande (>200),B2B,APIEx,,Actif,2026-06-29T00:14:35.983701,haute
BJ-E73C9281,RH,Services aux entreprises,Athiémé,+229 60 48 82 91,,rh.bj,PME (10-50),B2B,APIEx,,Actif,2026-06-29T00:14:35.983714,moyenne
BJ-1BFBF7E7,Bureau Communication,Services aux entreprises,Athiémé,+229 80 67 36 41,bureau.communication@bureau.communication.bj,,PME (10-50),B2B,APIEx,,Actif,2026-06-29T00:14:35.983726,moyenne
BJ-9AF40FB6,Communication Bureau,Services aux entreprises,Bopa,+229 83 31 73 67,communication.bureau@communication.bureau.net,,PME (10-50),B2B,APIEx,,Actif,2026-06-29T00:14:35.983743,moyenne
BJ-D063F9A6,Conseil,Services aux entreprises,Bopa,+229 79 10 28 57,conseil@conseil.com,conseil.bj,PME (10-50),B2B,APIEx,,Actif,2026-06-29T00:14:35.983755,haute
BJ-BB7AFA7F,Stratégie Cabinet,Services aux entreprises,Bopa,+229 35 27 49 32,stratégie.cabinet@stratégie.cabinet.org,stratégiecabinet.bj,PME (10-50),B2B,APIEx,,Actif,2026-06-29T00:14:35.983768,haute
BJ-EDC1ADCF,Comptable Bopa,Services aux entreprises,Bopa,+229 20 58 90 88,comptable.bopa@comptable.bopa.com,comptablebopa.bj,TPE (<10),B2B,APIEx,,Actif,2026-06-29T00:14:35.983781,haute
BJ-C7EB709F,Stratégie,Services aux entreprises,Bopa,+229 45 17 34 28,stratégie@stratégie.bj,stratégie.bj,TPE (<10),B2B,APIEx,,Actif,2026-06-29T00:14:35.983793,haute
BJ-9832DFCB,RH Houéyogbé,Services aux entreprises,Houéyogbé,+229 56 87 85 60,rh.houéyogbé@rh.houéyogbé.benin,,TPE (<10),B2B,APIEx,,Actif,2026-06-29T00:14:35.983811,moyenne
BJ-5AF9C5FE,RH Partners,Services aux entreprises,Houéyogbé,+229 75 26 84 16,,rhpartners.bj,Grande (>200),B2B,APIEx,,Actif,2026-06-29T00:14:35.983822,moyenne
BJ-6F851F32,Communication Bureau Houéyogbé,Services aux entreprises,Houéyogbé,+229 31 85 51 29,communication.bureau.houéyogbé@communication.bureau.houéyogbé.net,communicationbureauhouéyogbé.bj,TPE (<10),B2B,APIEx,,Actif,2026-06-29T00:14:35.983839,haute
BJ-D18AAE28,Comptable Cabinet,Services aux entreprises,Houéyogbé,+229 49 20 49 93,,,PME (10-50),B2B,APIEx,,Actif,2026-06-29T00:14:35.983852,basse
BJ-C45778B4,Conseil Fiscal Cabinet,Services aux entreprises,Houéyogbé,+229 22 45 56 49,conseil.fiscal.cabinet@conseil.fiscal.cabinet.benin,conseilfiscalcabinet.bj,PME (50-200),B2B,APIEx,,Actif,2026-06-29T00:14:35.983868,haute
BJ-8A7AA042,Business Cabinet,Services aux entreprises,Malanville,+229 66 88 89 52,business.cabinet@business.cabinet.bj,businesscabinet.bj,Grande (>200),B2B,APIEx,,Actif,2026-06-29T00:14:35.983886,haute
BJ-FC586E6A,Consulting Conseil,Services aux entreprises,Malanville,+229 27 35 84 56,consulting.conseil@consulting.conseil.net,,PME (50-200),B2B,APIEx,,Actif,2026-06-29T00:14:35.983910,moyenne
BJ-17151C9A,Stratégie,Services aux entreprises,Malanville,+229 87 61 44 60,stratégie@stratégie.benin,stratégie.bj,PME (50-200),B2B,APIEx,,Actif,2026-06-29T00:14:35.983923,haute
BJ-9F0A95CC,Conseil Business Advisory,Services aux entreprises,Malanville,+229 95 89 84 97,conseil.business.advisory@conseil.business.advisory.org,,PME (50-200),B2B,APIEx,,Actif,2026-06-29T00:14:35.983935,moyenne
BJ-BCC44A2A,Marketing Bureau Malanville,Services aux entreprises,Malanville,+229 35 11 20 68,marketing.bureau.malanville@marketing.bureau.malanville.benin,marketingbureaumalanville.bj,PME (10-50),B2B,APIEx,,Actif,2026-06-29T00:14:35.983947,haute
BJ-87D559F4,Expert Marketing,Services aux entreprises,Kandi,+229 94 48 87 72,expert.marketing@expert.marketing.bj,expertmarketing.bj,TPE (<10),B2B,APIEx,,Actif,2026-06-29T00:14:35.983965,haute
BJ-1BE1A536,Business Bénin,Services aux entreprises,Kandi,+229 74 71 96 16,business.bénin@business.bénin.net,,TPE (<10),B2B,APIEx,,Actif,2026-06-29T00:14:35.983977,moyenne
BJ-7EDACB23,Audit Expert,Services aux entreprises,Kandi,+229 44 97 63 69,audit.expert@audit.expert.org,auditexpert.bj,PME (50-200),B2B,APIEx,,Actif,2026-06-29T00:14:35.983989,haute
BJ-884528CC,Communication Kandi,Services aux entreprises,Kandi,+229 30 84 65 21,communication.kandi@communication.kandi.org,communicationkandi.bj,TPE (<10),B2B,APIEx,,Actif,2026-06-29T00:14:35.984004,haute
BJ-4D721A32,Expert Stratégie Consulting,Services aux entreprises,Kandi,+229 20 70 66 93,expert.stratégie.consulting@expert.stratégie.consulting.bj,expertstratégieconsulting.bj,PME (50-200),B2B,APIEx,,Actif,2026-06-29T00:14:35.984018,haute
BJ-D044E878,Bureau Formation,Services aux entreprises,Banikoara,+229 87 42 39 16,bureau.formation@bureau.formation.benin,bureauformation.bj,TPE (<10),B2B,APIEx,,Actif,2026-06-29T00:14:35.984035,haute
BJ-32C049FF,Consulting Partners Banikoara,Services aux entreprises,Banikoara,+229 71 87 90 16,consulting.partners.banikoara@consulting.partners.banikoara.bj,consultingpartnersbanikoara.bj,Grande (>200),B2B,APIEx,,Actif,2026-06-29T00:14:35.984050,haute
BJ-C457B8A0,RH Partners,Services aux entreprises,Banikoara,+229 56 97 46 70,rh.partners@rh.partners.org,rhpartners.bj,PME (10-50),B2B,APIEx,,Actif,2026-06-29T00:14:35.984062,haute
BJ-9FC0761E,Consulting,Services aux entreprises,Banikoara,+229 54 66 96 69,consulting@consulting.bj,consulting.bj,TPE (<10),B2B,APIEx,,Actif,2026-06-29T00:14:35.984073,haute
BJ-3834CDA8,Expert Expert Bénin Banikoara,Services aux entreprises,Banikoara,+229 40 69 18 71,expert.expert.bénin.banikoara@expert.expert.bénin.banikoara.benin,expertexpertbéninbanikoara.bj,PME (50-200),B2B,APIEx,,Actif,2026-06-29T00:14:35.984086,haute
BJ-7C831E76,RH Ségbana,Services aux entreprises,Ségbana,+229 35 97 36 59,rh.ségbana@rh.ségbana.org,,TPE (<10),B2B,APIEx,,Actif,2026-06-29T00:14:35.984110,moyenne
BJ-0FA2E6C2,Cabinet Business Bénin,Services aux entreprises,Ségbana,+229 55 49 92 26,cabinet.business.bénin@cabinet.business.bénin.org,cabinetbusinessbénin.bj,PME (10-50),B2B,APIEx,,Actif,2026-06-29T00:14:35.984124,haute
BJ-BF938EA1,RH International Ségbana,Services aux entreprises,Ségbana,+229 87 81 58 39,rh.international.ségbana@rh.international.ségbana.org,rhinternationalségbana.bj,PME (10-50),B2B,APIEx,,Actif,2026-06-29T00:14:35.984137,haute
BJ-7F9929BD,Conseil Marketing,Services aux entreprises,Ségbana,+229 79 19 17 45,conseil.marketing@conseil.marketing.org,conseilmarketing.bj,Grande (>200),B2B,APIEx,,Actif,2026-06-29T00:14:35.984151,haute
BJ-31B5FEBE,Management Advisory,Services aux entreprises,Ségbana,+229 39 37 79 43,management.advisory@management.advisory.net,managementadvisory.bj,PME (50-200),B2B,APIEx,,Actif,2026-06-29T00:14:35.984164,haute
BJ-9693B7D9,Juridique Cabinet,Services aux entreprises,Karimama,+229 71 70 89 89,juridique.cabinet@juridique.cabinet.benin,,TPE (<10),B2B,APIEx,,Actif,2026-06-29T00:14:35.984181,moyenne
BJ-95B5D273,Audit Communication Bureau Karimama,Services aux entreprises,Karimama,+229 70 22 74 54,audit.communication.bureau.karimama@audit.communication.bureau.karimama.org,auditcommunicationbureaukarimama.bj,PME (10-50),B2B,APIEx,,Actif,2026-06-29T00:14:35.984197,haute
BJ-802EB9B0,Agence Audit Bénin,Services aux entreprises,Karimama,+229 80 66 23 10,agence.audit.bénin@agence.audit.bénin.org,agenceauditbénin.bj,Grande (>200),B2B,APIEx,,Actif,2026-06-29T00:14:35.984209,haute
BJ-10F46AB0,RH,Services aux entreprises,Karimama,+229 98 22 33 43,rh@rh.bj,rh.bj,Grande (>200),B2B,APIEx,,Actif,2026-06-29T00:14:35.984221,haute
BJ-FD6B2ABD,Business Consulting,Services aux entreprises,Karimama,+229 29 54 38 75,business.consulting@business.consulting.org,,TPE (<10),B2B,APIEx,,Actif,2026-06-29T00:14:35.984232,moyenne
BJ-D85B4CA1,Fiscal Cabinet Gogounou,Services aux entreprises,Gogounou,+229 81 80 74 63,,fiscalcabinetgogounou.bj,TPE (<10),B2B,APIEx,,Actif,2026-06-29T00:14:35.984249,moyenne
BJ-D38D6281,Fiscal Africa,Services aux entreprises,Gogounou,+229 81 73 34 55,fiscal.africa@fiscal.africa.com,fiscalafrica.bj,PME (10-50),B2B,APIEx,,Actif,2026-06-29T00:14:35.984286,haute
BJ-A9C08A03,Expert Communication Cabinet,Services aux entreprises,Gogounou,+229 38 61 81 18,expert.communication.cabinet@expert.communication.cabinet.bj,,PME (50-200),B2B,APIEx,,Actif,2026-06-29T00:14:35.984298,moyenne
BJ-81C9761B,Conseil Bureau,Services aux entreprises,Cobly,+229 69 11 65 53,conseil.bureau@conseil.bureau.com,conseilbureau.bj,TPE (<10),B2B,APIEx,,Actif,2026-06-29T00:14:35.984318,haute
BJ-E64A0236,Consulting Formation Cobly,Services aux entreprises,Cobly,+229 58 38 65 22,,consultingformationcobly.bj,PME (50-200),B2B,APIEx,,Actif,2026-06-29T00:14:35.984330,moyenne
BJ-84CA9465,Business Bénin,Services aux entreprises,Cobly,+229 26 77 54 29,business.bénin@business.bénin.bj,businessbénin.bj,PME (50-200),B2B,APIEx,,Actif,2026-06-29T00:14:35.984343,haute
BJ-BCAE6B75,Cabinet RH Bureau,Services aux entreprises,Cobly,+229 95 40 46 51,cabinet.rh.bureau@cabinet.rh.bureau.org,,PME (50-200),B2B,APIEx,,Actif,2026-06-29T00:14:35.984355,moyenne
BJ-92F2EAD1,Cabinet Comptable,Services aux entreprises,Cobly,+229 69 45 86 79,cabinet.comptable@cabinet.comptable.com,cabinetcomptable.bj,TPE (<10),B2B,APIEx,,Actif,2026-06-29T00:14:35.984366,haute
BJ-6DEC9379,Management,Services aux entreprises,Tanguiéta,+229 59 61 13 77,management@management.bj,management.bj,TPE (<10),B2B,APIEx,,Actif,2026-06-29T00:14:35.984384,haute
BJ-6382DEE2,Consulting Bureau,Services aux entreprises,Tanguiéta,+229 97 58 85 56,consulting.bureau@consulting.bureau.bj,consultingbureau.bj,PME (50-200),B2B,APIEx,,Actif,2026-06-29T00:14:35.984399,haute
BJ-4B46B270,Business,Services aux entreprises,Tanguiéta,+229 44 93 79 78,business@business.com,business.bj,TPE (<10),B2B,APIEx,,Actif,2026-06-29T00:14:35.984410,haute
BJ-C4E76A56,Juridique Africa,Services aux entreprises,Tanguiéta,+229 96 47 16 34,juridique.africa@juridique.africa.benin,juridiqueafrica.bj,PME (10-50),B2B,APIEx,,Actif,2026-06-29T00:14:35.984425,haute
BJ-F0A19864,Agence Communication,Services aux entreprises,Tanguiéta,+229 33 87 83 37,,agencecommunication.bj,PME (50-200),B2B,APIEx,,Actif,2026-06-29T00:14:35.984436,moyenne
BJ-AD6C99A4,Conseil Business,Services aux entreprises,Matéri,+229 79 39 29 32,conseil.business@conseil.business.benin,conseilbusiness.bj,TPE (<10),B2B,APIEx,,Actif,2026-06-29T00:14:35.984454,haute
BJ-168AB581,Stratégie,Services aux entreprises,Matéri,+229 67 47 67 67,stratégie@stratégie.benin,stratégie.bj,PME (10-50),B2B,APIEx,,Actif,2026-06-29T00:14:35.984466,haute
BJ-679354F6,Communication Partners,Services aux entreprises,Matéri,+229 68 72 61 61,communication.partners@communication.partners.com,communicationpartners.bj,TPE (<10),B2B,APIEx,,Actif,2026-06-29T00:14:35.984478,haute
BJ-6ACE56F1,Expert Juridique International,Services aux entreprises,Matéri,+229 91 31 64 31,expert.juridique.international@expert.juridique.international.bj,expertjuridiqueinternational.bj,TPE (<10),B2B,APIEx,,Actif,2026-06-29T00:14:35.984490,haute
BJ-B2C4F471,Agence Expert,Services aux entreprises,Matéri,+229 43 39 62 93,agence.expert@agence.expert.net,agenceexpert.bj,PME (50-200),B2B,APIEx,,Actif,2026-06-29T00:14:35.984505,haute
BJ-998D56BF,Conseil Conseil Partners,Services aux entreprises,Natitingou,+229 89 29 28 33,conseil.conseil.partners@conseil.conseil.partners.benin,,PME (10-50),B2B,APIEx,,Actif,2026-06-29T00:14:35.984522,moyenne
BJ-C1147357,Audit Advisory Natitingou,Services aux entreprises,Natitingou,+229 98 23 41 64,audit.advisory.natitingou@audit.advisory.natitingou.com,auditadvisorynatitingou.bj,PME (10-50),B2B,APIEx,,Actif,2026-06-29T00:14:35.984534,haute
BJ-94FB33E3,Agence Consulting Bureau Natitingou,Services aux entreprises,Natitingou,+229 24 36 33 89,,agenceconsultingbureaunatitingou.bj,TPE (<10),B2B,APIEx,,Actif,2026-06-29T00:14:35.984545,moyenne
BJ-2A633D57,Cabinet Management,Services aux entreprises,Natitingou,+229 82 44 80 36,cabinet.management@cabinet.management.bj,,Grande (>200),B2B,APIEx,,Actif,2026-06-29T00:14:35.984559,moyenne
BJ-CB01A5FA,Agence Stratégie,Services aux entreprises,Natitingou,+229 46 34 20 72,agence.stratégie@agence.stratégie.bj,agencestratégie.bj,PME (10-50),B2B,APIEx,,Actif,2026-06-29T00:14:35.984573,haute
BJ-8A7041E5,Expert International Toucountouna,Services aux entreprises,Toucountouna,+229 40 35 65 28,expert.international.toucountouna@expert.international.toucountouna.benin,expertinternationaltoucountouna.bj,TPE (<10),B2B,APIEx,,Actif,2026-06-29T00:14:35.984591,haute
BJ-99FCB86E,RH Toucountouna,Services aux entreprises,Toucountouna,+229 40 78 77 31,rh.toucountouna@rh.toucountouna.net,rhtoucountouna.bj,PME (10-50),B2B,APIEx,,Actif,2026-06-29T00:14:35.984604,haute
BJ-1F419DFC,Agence Business,Services aux entreprises,Toucountouna,+229 53 99 16 12,agence.business@agence.business.com,,PME (10-50),B2B,APIEx,,Actif,2026-06-29T00:14:35.984615,moyenne
BJ-A64A416D,Marketing Cabinet,Services aux entreprises,Toucountouna,+229 86 45 63 41,,marketingcabinet.bj,PME (50-200),B2B,APIEx,,Actif,2026-06-29T00:14:35.984626,moyenne
BJ-94669A0D,Audit Stratégie Toucountouna,Services aux entreprises,Toucountouna,+229 65 82 71 70,audit.stratégie.toucountouna@audit.stratégie.toucountouna.com,auditstratégietoucountouna.bj,PME (10-50),B2B,APIEx,,Actif,2026-06-29T00:14:35.984639,haute
BJ-4667C8EE,Consulting Bénin Boukoumbé,Services aux entreprises,Boukoumbé,+229 24 83 94 22,consulting.bénin.boukoumbé@consulting.bénin.boukoumbé.benin,consultingbéninboukoumbé.bj,PME (10-50),B2B,APIEx,,Actif,2026-06-29T00:14:35.984658,haute
BJ-C714DEE1,Conseil Africa,Services aux entreprises,Boukoumbé,+229 28 60 12 86,conseil.africa@conseil.africa.net,,PME (10-50),B2B,APIEx,,Actif,2026-06-29T00:14:35.984669,moyenne
BJ-59B476B2,Consulting,Services aux entreprises,Boukoumbé,+229 64 36 52 90,,consulting.bj,PME (50-200),B2B,APIEx,,Actif,2026-06-29T00:14:35.984680,moyenne
BJ-741EE92A,Agence RH Consulting Boukoumbé,Services aux entreprises,Boukoumbé,+229 73 32 62 79,agence.rh.consulting.boukoumbé@agence.rh.consulting.boukoumbé.org,,PME (10-50),B2B,APIEx,,Actif,2026-06-29T00:14:35.984695,moyenne
BJ-3841744D,Expert Conseil Consulting,Services aux entreprises,Boukoumbé,+229 31 56 89 86,expert.conseil.consulting@expert.conseil.consulting.bj,,Grande (>200),B2B,APIEx,,Actif,2026-06-29T00:14:35.984707,moyenne
BJ-B488BE80,Cabinet Expert,Services aux entreprises,Kouandé,+229 73 24 68 54,cabinet.expert@cabinet.expert.bj,,Grande (>200),B2B,APIEx,,Actif,2026-06-29T00:14:35.984725,moyenne
BJ-32B0CCCC,RH,Services aux entreprises,Kouandé,+229 63 84 15 89,rh@rh.bj,rh.bj,TPE (<10),B2B,APIEx,,Actif,2026-06-29T00:14:35.984737,haute
BJ-2AFB6247,Bureau Business Cabinet Kouandé,Services aux entreprises,Kouandé,+229 41 61 35 68,bureau.business.cabinet.kouandé@bureau.business.cabinet.kouandé.net,,PME (50-200),B2B,APIEx,,Actif,2026-06-29T00:14:35.984755,moyenne
BJ-ABBDC39E,Stratégie,Services aux entreprises,Kouandé,+229 68 77 56 35,stratégie@stratégie.com,stratégie.bj,Grande (>200),B2B,APIEx,,Actif,2026-06-29T00:14:35.984768,haute
BJ-8E304017,Bureau Audit,Services aux entreprises,Kouandé,+229 45 80 61 43,bureau.audit@bureau.audit.org,bureauaudit.bj,PME (50-200),B2B,APIEx,,Actif,2026-06-29T00:14:35.984780,haute
BJ-7E0C9480,Marketing Bureau,Services aux entreprises,Péhunco,+229 20 31 39 18,marketing.bureau@marketing.bureau.com,marketingbureau.bj,PME (10-50),B2B,APIEx,,Actif,2026-06-29T00:14:35.984798,haute
BJ-2FF42370,Stratégie Bénin,Services aux entreprises,Péhunco,+229 49 32 40 23,,,TPE (<10),B2B,APIEx,,Actif,2026-06-29T00:14:35.984808,basse
BJ-AAF0FD60,Conseil International,Services aux entreprises,Péhunco,+229 49 34 61 44,conseil.international@conseil.international.org,,TPE (<10),B2B,APIEx,,Actif,2026-06-29T00:14:35.984820,moyenne
BJ-411196C3,Consulting Conseil,Services aux entreprises,Péhunco,+229 62 11 99 63,consulting.conseil@consulting.conseil.org,consultingconseil.bj,PME (10-50),B2B,APIEx,,Actif,2026-06-29T00:14:35.984839,haute
BJ-DF8A8215,Cabinet Juridique International,Services aux entreprises,Péhunco,+229 63 33 67 97,cabinet.juridique.international@cabinet.juridique.international.net,cabinetjuridiqueinternational.bj,TPE (<10),B2B,APIEx,,Actif,2026-06-29T00:14:35.984852,haute
BJ-F50A5098,Agence Fiscal International,Services aux entreprises,Tchaourou,+229 65 72 63 58,agence.fiscal.international@agence.fiscal.international.benin,agencefiscalinternational.bj,PME (10-50),B2B,APIEx,,Actif,2026-06-29T00:14:35.984870,haute
BJ-4A88CA12,Conseil,Services aux entreprises,Tchaourou,+229 34 73 60 94,conseil@conseil.org,conseil.bj,PME (10-50),B2B,APIEx,,Actif,2026-06-29T00:14:35.984881,haute
BJ-33BCDF58,Expert Audit,Services aux entreprises,Tchaourou,+229 32 18 92 25,expert.audit@expert.audit.benin,expertaudit.bj,PME (10-50),B2B,APIEx,,Actif,2026-06-29T00:14:35.984908,haute
BJ-BEE33004,Audit Management,Services aux entreprises,Tchaourou,+229 29 53 94 85,,auditmanagement.bj,PME (10-50),B2B,APIEx,,Actif,2026-06-29T00:14:35.984921,moyenne
BJ-CA3EE0F2,Management Bureau,Services aux entreprises,Tchaourou,+229 85 31 92 72,management.bureau@management.bureau.bj,managementbureau.bj,TPE (<10),B2B,APIEx,,Actif,2026-06-29T00:14:35.984933,haute
BJ-D19F62CD,Management Bureau,Services aux entreprises,Nikki,+229 73 66 96 59,management.bureau@management.bureau.com,managementbureau.bj,PME (10-50),B2B,APIEx,,Actif,2026-06-29T00:14:35.984951,haute
BJ-CDC5FE1C,Stratégie,Services aux entreprises,Nikki,+229 35 20 66 69,,stratégie.bj,Grande (>200),B2B,APIEx,,Actif,2026-06-29T00:14:35.984963,moyenne
BJ-471EF40B,Stratégie Partners,Services aux entreprises,Nikki,+229 46 28 89 14,,,PME (10-50),B2B,APIEx,,Actif,2026-06-29T00:14:35.984977,basse
BJ-F68A93AB,Marketing Nikki,Services aux entreprises,Nikki,+229 70 55 68 14,marketing.nikki@marketing.nikki.net,marketingnikki.bj,PME (10-50),B2B,APIEx,,Actif,2026-06-29T00:14:35.984992,haute
BJ-29981DAE,Audit Communication,Services aux entreprises,Nikki,+229 47 14 85 35,audit.communication@audit.communication.benin,auditcommunication.bj,TPE (<10),B2B,APIEx,,Actif,2026-06-29T00:14:35.985005,haute
BJ-739098EC,Agence Fiscal Bembéréké,Services aux entreprises,Bembéréké,+229 75 93 49 66,,agencefiscalbembéréké.bj,PME (10-50),B2B,APIEx,,Actif,2026-06-29T00:14:35.985023,moyenne
BJ-93524564,Conseil Bénin,Services aux entreprises,Bembéréké,+229 91 62 94 35,conseil.bénin@conseil.bénin.bj,,Grande (>200),B2B,APIEx,,Actif,2026-06-29T00:14:35.985037,moyenne
BJ-FD9CE5DF,Cabinet Communication Consulting,Services aux entreprises,Bembéréké,+229 21 83 94 28,cabinet.communication.consulting@cabinet.communication.consulting.bj,cabinetcommunicationconsulting.bj,PME (10-50),B2B,APIEx,,Actif,2026-06-29T00:14:35.985049,haute
BJ-F4EE3974,Cabinet Communication Advisory,Services aux entreprises,Bembéréké,+229 77 40 91 30,cabinet.communication.advisory@cabinet.communication.advisory.benin,cabinetcommunicationadvisory.bj,Grande (>200),B2B,APIEx,,Actif,2026-06-29T00:14:35.985062,haute
BJ-9F01024C,Formation Cabinet,Services aux entreprises,Bembéréké,+229 62 22 57 97,,formationcabinet.bj,PME (50-200),B2B,APIEx,,Actif,2026-06-29T00:14:35.985073,moyenne
BJ-FA573A9A,Audit Bureau Kalalé,Services aux entreprises,Kalalé,+229 23 49 45 84,audit.bureau.kalalé@audit.bureau.kalalé.benin,auditbureaukalalé.bj,PME (10-50),B2B,APIEx,,Actif,2026-06-29T00:14:35.985095,haute
BJ-9F2453E8,Expert Fiscal Advisory,Services aux entreprises,Kalalé,+229 55 78 83 19,expert.fiscal.advisory@expert.fiscal.advisory.net,,PME (50-200),B2B,APIEx,,Actif,2026-06-29T00:14:35.985107,moyenne
BJ-B20BCD66,Expert Consulting,Services aux entreprises,Kalalé,+229 61 98 64 47,,,PME (10-50),B2B,APIEx,,Actif,2026-06-29T00:14:35.985118,basse
BJ-0EC757B1,Agence Formation,Services aux entreprises,Kalalé,+229 90 66 13 15,,agenceformation.bj,PME (10-50),B2B,APIEx,,Actif,2026-06-29T00:14:35.985132,moyenne
BJ-E81E3FAD,Cabinet Comptable,Services aux entreprises,Kalalé,+229 98 69 11 21,,cabinetcomptable.bj,TPE (<10),B2B,APIEx,,Actif,2026-06-29T00:14:35.985144,moyenne
BJ-33B72254,Agence Communication,Services aux entreprises,Ndali,+229 67 60 83 11,agence.communication@agence.communication.bj,agencecommunication.bj,PME (10-50),B2B,APIEx,,Actif,2026-06-29T00:14:35.985161,haute
BJ-7B8FCBFA,Consulting RH Cabinet,Services aux entreprises,Ndali,+229 25 10 75 32,,consultingrhcabinet.bj,TPE (<10),B2B,APIEx,,Actif,2026-06-29T00:14:35.985175,moyenne
BJ-388844F5,Bureau RH,Services aux entreprises,Ndali,+229 37 34 64 41,bureau.rh@bureau.rh.org,bureaurh.bj,PME (10-50),B2B,APIEx,,Actif,2026-06-29T00:14:35.985188,haute
BJ-28C9FB4A,Business Africa Ndali,Services aux entreprises,Ndali,+229 99 61 60 76,business.africa.ndali@business.africa.ndali.com,businessafricandali.bj,PME (10-50),B2B,APIEx,,Actif,2026-06-29T00:14:35.985200,haute
BJ-192CE3BB,Management Ndali,Services aux entreprises,Ndali,+229 82 56 60 44,management.ndali@management.ndali.net,managementndali.bj,PME (50-200),B2B,APIEx,,Actif,2026-06-29T00:14:35.985212,haute
BJ-504C3B43,Cabinet Consulting Advisory,Services aux entreprises,Ségbana,+229 37 97 87 19,cabinet.consulting.advisory@cabinet.consulting.advisory.bj,,PME (10-50),B2B,APIEx,,Actif,2026-06-29T00:14:35.985245,moyenne
BJ-19FF2F32,Audit Stratégie,Services aux entreprises,Ségbana,+229 54 66 25 50,,auditstratégie.bj,TPE (<10),B2B,APIEx,,Actif,2026-06-29T00:14:35.985257,moyenne
BJ-5D357352,Juridique Consulting,Services aux entreprises,Ségbana,+229 63 70 60 33,,juridiqueconsulting.bj,TPE (<10),B2B,APIEx,,Actif,2026-06-29T00:14:35.985271,moyenne
BJ-A28A71F9,Consulting Conseil Ségbana,Services aux entreprises,Ségbana,+229 78 63 73 47,consulting.conseil.ségbana@consulting.conseil.ségbana.net,consultingconseilségbana.bj,TPE (<10),B2B,APIEx,,Actif,2026-06-29T00:14:35.985288,haute
BJ-3F048F1F,Consulting Communication,Services aux entreprises,Tchaourou,+229 45 24 35 45,consulting.communication@consulting.communication.bj,consultingcommunication.bj,TPE (<10),B2B,APIEx,,Actif,2026-06-29T00:14:35.985306,haute
BJ-F6666FB2,Bureau Conseil Bénin,Services aux entreprises,Tchaourou,+229 24 84 44 56,bureau.conseil.bénin@bureau.conseil.bénin.org,bureauconseilbénin.bj,TPE (<10),B2B,APIEx,,Actif,2026-06-29T00:14:35.985319,haute
BJ-AD433756,Juridique Advisory,Services aux entreprises,Tchaourou,+229 98 23 11 20,juridique.advisory@juridique.advisory.net,,PME (10-50),B2B,APIEx,,Actif,2026-06-29T00:14:35.985331,moyenne
BJ-3D5B935F,RH Bureau,Services aux entreprises,Tchaourou,+229 56 43 36 25,rh.bureau@rh.bureau.bj,rhbureau.bj,PME (10-50),B2B,APIEx,,Actif,2026-06-29T00:14:35.985354,haute
BJ-7969B6EB,Bureau Juridique,Services aux entreprises,Bétérou,+229 25 72 99 83,bureau.juridique@bureau.juridique.bj,bureaujuridique.bj,TPE (<10),B2B,APIEx,,Actif,2026-06-29T00:14:35.985371,haute
BJ-415DA7DD,Consulting Cabinet,Services aux entreprises,Bétérou,+229 46 49 46 28,consulting.cabinet@consulting.cabinet.com,,TPE (<10),B2B,APIEx,,Actif,2026-06-29T00:14:35.985386,moyenne
BJ-EE6921AF,Formation,Services aux entreprises,Bétérou,+229 80 88 91 23,formation@formation.com,formation.bj,TPE (<10),B2B,APIEx,,Actif,2026-06-29T00:14:35.985399,haute
BJ-F1C79FAF,Marketing,Services aux entreprises,Bétérou,+229 56 13 86 56,marketing@marketing.org,marketing.bj,Grande (>200),B2B,APIEx,,Actif,2026-06-29T00:14:35.985413,haute
BJ-1845B7A2,Cabinet Communication,Services aux entreprises,Bétérou,+229 88 13 92 91,cabinet.communication@cabinet.communication.benin,cabinetcommunication.bj,PME (10-50),B2B,APIEx,,Actif,2026-06-29T00:14:35.985425,haute
BJ-F75F644E,Expert Marketing,Services aux entreprises,Ouessè,+229 49 95 66 74,expert.marketing@expert.marketing.net,expertmarketing.bj,Grande (>200),B2B,APIEx,,Actif,2026-06-29T00:14:35.985455,haute
BJ-D4E6E35C,Communication Africa,Services aux entreprises,Ouessè,+229 82 59 76 86,communication.africa@communication.africa.benin,,Grande (>200),B2B,APIEx,,Actif,2026-06-29T00:14:35.985467,moyenne
BJ-78F5E918,Agence Comptable,Services aux entreprises,Ouessè,+229 70 67 22 70,agence.comptable@agence.comptable.benin,agencecomptable.bj,TPE (<10),B2B,APIEx,,Actif,2026-06-29T00:14:35.985480,haute
BJ-43603E57,Comptable Cabinet,Services aux entreprises,Ouessè,+229 26 38 59 99,comptable.cabinet@comptable.cabinet.benin,comptablecabinet.bj,PME (10-50),B2B,APIEx,,Actif,2026-06-29T00:14:35.985491,haute
BJ-D0FD2EAA,Stratégie,Services aux entreprises,Glazoué,+229 65 52 74 20,stratégie@stratégie.net,stratégie.bj,PME (10-50),B2B,APIEx,,Actif,2026-06-29T00:14:35.985517,haute
BJ-532C11CA,Consulting Formation Bureau,Services aux entreprises,Glazoué,+229 44 61 84 15,,consultingformationbureau.bj,PME (10-50),B2B,APIEx,,Actif,2026-06-29T00:14:35.985529,moyenne
BJ-FF8C5B64,Agence Stratégie Consulting,Services aux entreprises,Glazoué,+229 21 18 59 95,agence.stratégie.consulting@agence.stratégie.consulting.bj,,PME (10-50),B2B,APIEx,,Actif,2026-06-29T00:14:35.985557,moyenne
BJ-1E074766,Cabinet Business,Services aux entreprises,Glazoué,+229 33 36 43 33,cabinet.business@cabinet.business.org,cabinetbusiness.bj,PME (50-200),B2B,APIEx,,Actif,2026-06-29T00:14:35.985570,haute
BJ-2C2F5FF8,Cabinet Business Bénin,Services aux entreprises,Dassa-Zoumè,+229 61 42 97 71,,,TPE (<10),B2B,APIEx,,Actif,2026-06-29T00:14:35.985614,basse
BJ-A82C676F,Consulting Partners Dassa-Zoumè,Services aux entreprises,Dassa-Zoumè,+229 34 34 55 63,consulting.partners.dassazoumè@consulting.partners.dassazoumè.net,consultingpartnersdassazoumè.bj,TPE (<10),B2B,APIEx,,Actif,2026-06-29T00:14:35.985628,haute
BJ-5072E38C,Consulting Marketing Bénin,Services aux entreprises,Dassa-Zoumè,+229 33 87 44 32,consulting.marketing.bénin@consulting.marketing.bénin.org,consultingmarketingbénin.bj,PME (50-200),B2B,APIEx,,Actif,2026-06-29T00:14:35.985640,haute
BJ-E6E70F3A,Cabinet Expert Savalou,Services aux entreprises,Savalou,+229 38 35 15 80,cabinet.expert.savalou@cabinet.expert.savalou.benin,,PME (10-50),B2B,APIEx,,Actif,2026-06-29T00:14:35.985659,moyenne
BJ-59F42DC4,Consulting Communication Cabinet,Services aux entreprises,Savalou,+229 53 39 93 80,consulting.communication.cabinet@consulting.communication.cabinet.bj,,TPE (<10),B2B,APIEx,,Actif,2026-06-29T00:14:35.985671,moyenne
BJ-8F295BDE,Expert Partners,Services aux entreprises,Savalou,+229 47 33 83 84,expert.partners@expert.partners.bj,expertpartners.bj,PME (10-50),B2B,APIEx,,Actif,2026-06-29T00:14:35.985683,haute
BJ-466EF8B7,RH Partners,Services aux entreprises,Savalou,+229 62 43 44 78,rh.partners@rh.partners.bj,rhpartners.bj,TPE (<10),B2B,APIEx,,Actif,2026-06-29T00:14:35.985699,haute
BJ-8643E4F4,Bureau Marketing,Services aux entreprises,Savalou,+229 45 20 92 38,bureau.marketing@bureau.marketing.org,bureaumarketing.bj,Grande (>200),B2B,APIEx,,Actif,2026-06-29T00:14:35.985713,haute
BJ-7517F18A,Expert Communication,Services aux entreprises,Bantè,+229 78 81 40 69,expert.communication@expert.communication.com,,TPE (<10),B2B,APIEx,,Actif,2026-06-29T00:14:35.985732,moyenne
BJ-C99A8A5F,Cabinet Comptable Partners,Services aux entreprises,Bantè,+229 92 95 67 12,,cabinetcomptablepartners.bj,TPE (<10),B2B,APIEx,,Actif,2026-06-29T00:14:35.985744,moyenne
BJ-58480037,Bureau Juridique Consulting,Services aux entreprises,Bantè,+229 71 56 92 36,bureau.juridique.consulting@bureau.juridique.consulting.net,bureaujuridiqueconsulting.bj,TPE (<10),B2B,APIEx,,Actif,2026-06-29T00:14:35.985756,haute
BJ-3553456D,Juridique,Services aux entreprises,Bantè,+229 20 54 13 81,juridique@juridique.com,juridique.bj,PME (10-50),B2B,APIEx,,Actif,2026-06-29T00:14:35.985769,haute
BJ-944FDD5E,Audit Audit,Services aux entreprises,Bantè,+229 68 42 16 69,audit.audit@audit.audit.net,auditaudit.bj,PME (10-50),B2B,APIEx,,Actif,2026-06-29T00:14:35.985784,haute
BJ-62E99F5D,Agence Juridique Consulting,Services aux entreprises,Djougou,+229 41 73 70 85,agence.juridique.consulting@agence.juridique.consulting.com,agencejuridiqueconsulting.bj,PME (50-200),B2B,APIEx,,Actif,2026-06-29T00:14:35.985803,haute
BJ-30E527A8,Bureau Business Partners Djougou,Services aux entreprises,Djougou,+229 58 52 74 17,bureau.business.partners.djougou@bureau.business.partners.djougou.net,bureaubusinesspartnersdjougou.bj,PME (50-200),B2B,APIEx,,Actif,2026-06-29T00:14:35.985816,haute
BJ-8A2A40B5,Stratégie,Services aux entreprises,Djougou,+229 83 73 22 68,,stratégie.bj,TPE (<10),B2B,APIEx,,Actif,2026-06-29T00:14:35.985829,moyenne
BJ-F3F7A94B,Communication Africa,Services aux entreprises,Djougou,+229 90 20 72 25,,,PME (10-50),B2B,APIEx,,Actif,2026-06-29T00:14:35.985845,basse
BJ-869149FA,Expert Expert Africa Djougou,Services aux entreprises,Djougou,+229 53 35 55 32,expert.expert.africa.djougou@expert.expert.africa.djougou.net,expertexpertafricadjougou.bj,PME (10-50),B2B,APIEx,,Actif,2026-06-29T00:14:35.985860,haute
BJ-1887A723,Consulting,Services aux entreprises,Ouèssè,+229 37 88 73 11,consulting@consulting.org,consulting.bj,TPE (<10),B2B,APIEx,,Actif,2026-06-29T00:14:35.985883,haute
BJ-175400E6,Bureau Consulting Ouèssè,Services aux entreprises,Ouèssè,+229 89 89 29 89,,bureauconsultingouèssè.bj,Grande (>200),B2B,APIEx,,Actif,2026-06-29T00:14:35.985915,moyenne
BJ-47E20D8A,Conseil Consulting Africa Ouèssè,Services aux entreprises,Ouèssè,+229 47 82 67 31,conseil.consulting.africa.ouèssè@conseil.consulting.africa.ouèssè.com,conseilconsultingafricaouèssè.bj,TPE (<10),B2B,APIEx,,Actif,2026-06-29T00:14:35.985930,haute
BJ-797DB01A,Expert Fiscal,Services aux entreprises,Ouèssè,+229 78 30 94 26,expert.fiscal@expert.fiscal.bj,,TPE (<10),B2B,APIEx,,Actif,2026-06-29T00:14:35.985943,moyenne
BJ-798958ED,Bureau RH,Services aux entreprises,Ouèssè,+229 92 19 36 68,bureau.rh@bureau.rh.org,bureaurh.bj,TPE (<10),B2B,APIEx,,Actif,2026-06-29T00:14:35.985956,haute
BJ-6E9DA239,Consulting RH Bassila,Services aux entreprises,Bassila,+229 20 90 76 17,consulting.rh.bassila@consulting.rh.bassila.com,consultingrhbassila.bj,PME (10-50),B2B,APIEx,,Actif,2026-06-29T00:14:35.985975,haute
BJ-BD325789,Agence Expert Cabinet,Services aux entreprises,Bassila,+229 80 80 73 99,agence.expert.cabinet@agence.expert.cabinet.bj,agenceexpertcabinet.bj,PME (50-200),B2B,APIEx,,Actif,2026-06-29T00:14:35.985988,haute
BJ-C105B86C,Fiscal,Services aux entreprises,Bassila,+229 88 28 51 51,,,PME (10-50),B2B,APIEx,,Actif,2026-06-29T00:14:35.985999,basse
BJ-1C214ED7,Agence Conseil Partners Bassila,Services aux entreprises,Bassila,+229 97 19 20 24,agence.conseil.partners.bassila@agence.conseil.partners.bassila.bj,agenceconseilpartnersbassila.bj,Grande (>200),B2B,APIEx,,Actif,2026-06-29T00:14:35.986015,haute
BJ-0DB6DEB7,Audit Consulting Bureau,Services aux entreprises,Bassila,+229 35 57 17 68,audit.consulting.bureau@audit.consulting.bureau.com,auditconsultingbureau.bj,TPE (<10),B2B,APIEx,,Actif,2026-06-29T00:14:35.986028,haute
BJ-B3BC49FE,Conseil Comptable Consulting,Services aux entreprises,Pehunco,+229 28 64 14 12,conseil.comptable.consulting@conseil.comptable.consulting.benin,conseilcomptableconsulting.bj,PME (50-200),B2B,APIEx,,Actif,2026-06-29T00:14:35.986045,haute
BJ-5168940F,Agence Audit Partners,Services aux entreprises,Pehunco,+229 60 60 99 83,agence.audit.partners@agence.audit.partners.net,agenceauditpartners.bj,PME (50-200),B2B,APIEx,,Actif,2026-06-29T00:14:35.986060,haute
BJ-DCC3CAE9,Conseil Consulting,Services aux entreprises,Pehunco,+229 51 93 50 21,conseil.consulting@conseil.consulting.org,conseilconsulting.bj,TPE (<10),B2B,APIEx,,Actif,2026-06-29T00:14:35.986072,haute
BJ-D7A3458B,Expert,Services aux entreprises,Pehunco,+229 75 75 67 25,expert@expert.org,,PME (10-50),B2B,APIEx,,Actif,2026-06-29T00:14:35.986083,moyenne
BJ-111A9CFC,Audit Consulting Pehunco,Services aux entreprises,Pehunco,+229 22 89 13 99,audit.consulting.pehunco@audit.consulting.pehunco.org,auditconsultingpehunco.bj,TPE (<10),B2B,APIEx,,Actif,2026-06-29T00:14:35.986095,haute
BJ-DA25F1E2,Conseil Business International Copargo,Services aux entreprises,Copargo,+229 74 40 11 83,,,TPE (<10),B2B,APIEx,,Actif,2026-06-29T00:14:35.986111,basse
BJ-F85126F6,Consulting Juridique Copargo,Services aux entreprises,Copargo,+229 85 20 85 58,,consultingjuridiquecopargo.bj,PME (50-200),B2B,APIEx,,Actif,2026-06-29T00:14:35.986122,moyenne
BJ-7FE84522,Fiscal Cabinet,Services aux entreprises,Copargo,+229 51 38 74 74,fiscal.cabinet@fiscal.cabinet.benin,fiscalcabinet.bj,PME (10-50),B2B,APIEx,,Actif,2026-06-29T00:14:35.986134,haute
BJ-6B6B8450,Bureau Conseil Advisory,Services aux entreprises,Copargo,+229 89 29 33 70,,bureauconseiladvisory.bj,Grande (>200),B2B,APIEx,,Actif,2026-06-29T00:14:35.986148,moyenne
BJ-10118C6B,Agence Consulting Advisory,Services aux entreprises,Copargo,+229 53 50 44 60,agence.consulting.advisory@agence.consulting.advisory.net,agenceconsultingadvisory.bj,PME (50-200),B2B,APIEx,,Actif,2026-06-29T00:14:35.986160,haute
BJ-FCA6C5C2,Solar Hydraulique Bénin,Énergie & Environnement,Cotonou,+229 39 61 46 85,solar.hydraulique.bénin@solar.hydraulique.bénin.bj,,TPE (<10),B2B,APIEx,,Actif,2026-06-29T00:14:35.986190,moyenne
BJ-7D76B239,Hydraulique Power Cotonou,Énergie & Environnement,Cotonou,+229 92 75 72 40,,hydrauliquepowercotonou.bj,TPE (<10),B2C,APIEx,,Actif,2026-06-29T00:14:35.986201,moyenne
BJ-305789CC,Solar Hydraulique,Énergie & Environnement,Cotonou,+229 49 30 82 25,,solarhydraulique.bj,PME (50-200),B2C,APIEx,,Actif,2026-06-29T00:14:35.986211,moyenne
BJ-3F2DA604,Énergie Abomey-Calavi,Énergie & Environnement,Abomey-Calavi,+229 57 54 37 86,énergie.abomeycalavi@énergie.abomeycalavi.com,énergieabomeycalavi.bj,TPE (<10),B2B,APIEx,,Actif,2026-06-29T00:14:35.986250,haute
BJ-EA44CE54,Éolien Énergie Bénin,Énergie & Environnement,Abomey-Calavi,+229 34 21 99 29,éolien.énergie.bénin@éolien.énergie.bénin.bj,éolienénergiebénin.bj,PME (10-50),B2C,APIEx,,Actif,2026-06-29T00:14:35.986264,haute
BJ-F86F6F9B,Énergie Power Water,Énergie & Environnement,Abomey-Calavi,+229 77 27 75 45,énergie.power.water@énergie.power.water.org,énergiepowerwater.bj,PME (10-50),B2C,APIEx,,Actif,2026-06-29T00:14:35.986276,haute
BJ-2D298DF9,Hydraulique,Énergie & Environnement,Abomey-Calavi,+229 74 27 52 47,hydraulique@hydraulique.com,hydraulique.bj,TPE (<10),B2C,APIEx,,Actif,2026-06-29T00:14:35.986294,haute
BJ-4CF43A0C,Environnement Hydraulique Abomey-Calavi,Énergie & Environnement,Abomey-Calavi,+229 24 56 59 58,environnement.hydraulique.abomeycalavi@environnement.hydraulique.abomeycalavi.net,,PME (10-50),B2B,APIEx,,Actif,2026-06-29T00:14:35.986307,moyenne
BJ-7AEC2DF3,Vert Clean,Énergie & Environnement,Porto-Novo,+229 60 80 35 41,,,PME (10-50),B2B,APIEx,,Actif,2026-06-29T00:14:35.986337,basse
BJ-4B192768,Eau Renouvelable,Énergie & Environnement,Porto-Novo,+229 61 28 44 40,eau.renouvelable@eau.renouvelable.com,eaurenouvelable.bj,PME (10-50),B2B,APIEx,,Actif,2026-06-29T00:14:35.986349,haute
BJ-F2C62F3D,Eau Vert,Énergie & Environnement,Porto-Novo,+229 71 55 81 65,eau.vert@eau.vert.org,,PME (10-50),B2C,APIEx,,Actif,2026-06-29T00:14:35.986361,moyenne
BJ-435D5F1A,Énergie Vert Energy,Énergie & Environnement,Porto-Novo,+229 27 85 59 16,énergie.vert.energy@énergie.vert.energy.bj,,TPE (<10),B2C,APIEx,,Actif,2026-06-29T00:14:35.986372,moyenne
BJ-407796D4,Éolien Parakou,Énergie & Environnement,Parakou,+229 57 31 75 54,éolien.parakou@éolien.parakou.org,,TPE (<10),B2B,APIEx,,Actif,2026-06-29T00:14:35.986390,moyenne
BJ-DDE926CB,Énergie Eau,Énergie & Environnement,Parakou,+229 41 40 84 52,,énergieeau.bj,Grande (>200),B2C,APIEx,,Actif,2026-06-29T00:14:35.986402,moyenne
BJ-10C7452E,Vert Environnement Parakou,Énergie & Environnement,Parakou,+229 87 11 39 65,vert.environnement.parakou@vert.environnement.parakou.org,vertenvironnementparakou.bj,Grande (>200),B2B,APIEx,,Actif,2026-06-29T00:14:35.986414,haute
BJ-5E076828,Durable Parakou,Énergie & Environnement,Parakou,+229 96 40 45 50,durable.parakou@durable.parakou.org,durableparakou.bj,Grande (>200),B2C,APIEx,,Actif,2026-06-29T00:14:35.986430,haute
BJ-F4CA8B39,Énergie Clean SARL,Énergie & Environnement,Parakou,+229 24 75 92 61,,énergiecleansarl.bj,TPE (<10),B2C,APIEx,,Actif,2026-06-29T00:14:35.986441,moyenne
BJ-9E431DF2,Environnement Power Bohicon,Énergie & Environnement,Bohicon,+229 23 90 63 53,environnement.power.bohicon@environnement.power.bohicon.bj,environnementpowerbohicon.bj,PME (10-50),B2C,APIEx,,Actif,2026-06-29T00:14:35.986459,haute
BJ-0D60E551,Énergie Bohicon,Énergie & Environnement,Bohicon,+229 65 84 94 73,,,TPE (<10),B2B,APIEx,,Actif,2026-06-29T00:14:35.986470,basse
BJ-711238B5,Solar Renouvelable Solar,Énergie & Environnement,Bohicon,+229 71 46 32 75,solar.renouvelable.solar@solar.renouvelable.solar.org,solarrenouvelablesolar.bj,TPE (<10),B2B,APIEx,,Actif,2026-06-29T00:14:35.986481,haute
BJ-6D9B7167,Éolien,Énergie & Environnement,Bohicon,+229 69 31 59 43,,,TPE (<10),B2B,APIEx,,Actif,2026-06-29T00:14:35.986492,basse
BJ-77776628,Eau,Énergie & Environnement,Bohicon,+229 85 20 60 64,eau@eau.benin,eau.bj,PME (50-200),B2C,APIEx,,Actif,2026-06-29T00:14:35.986504,haute
BJ-01DBC31A,Éolien Assainissement Natitingou,Énergie & Environnement,Natitingou,+229 30 56 31 39,éolien.assainissement.natitingou@éolien.assainissement.natitingou.benin,éolienassainissementnatitingou.bj,PME (50-200),B2C,APIEx,,Actif,2026-06-29T00:14:35.986523,haute
BJ-B8E18A9B,Éolien Environment,Énergie & Environnement,Natitingou,+229 91 75 86 83,éolien.environment@éolien.environment.benin,,TPE (<10),B2C,APIEx,,Actif,2026-06-29T00:14:35.986539,moyenne
BJ-488D7FC0,Énergie Vert Power,Énergie & Environnement,Natitingou,+229 73 15 12 31,,énergievertpower.bj,PME (10-50),B2C,APIEx,,Actif,2026-06-29T00:14:35.986554,moyenne
BJ-76E5AC6D,Solar Écologie,Énergie & Environnement,Natitingou,+229 33 82 69 20,,solarécologie.bj,PME (50-200),B2C,APIEx,,Actif,2026-06-29T00:14:35.986569,moyenne
BJ-57545EB1,Éolien Environnement Environment,Énergie & Environnement,Natitingou,+229 90 55 46 86,éolien.environnement.environment@éolien.environnement.environment.org,,PME (10-50),B2C,APIEx,,Actif,2026-06-29T00:14:35.986582,moyenne
BJ-ADBF427F,Vert,Énergie & Environnement,Lokossa,+229 21 25 80 89,vert@vert.net,vert.bj,TPE (<10),B2C,APIEx,,Actif,2026-06-29T00:14:35.986599,haute
BJ-CD407549,Éolien Clean Water Lokossa,Énergie & Environnement,Lokossa,+229 98 23 36 10,éolien.clean.water.lokossa@éolien.clean.water.lokossa.org,,TPE (<10),B2B,APIEx,,Actif,2026-06-29T00:14:35.986612,moyenne
BJ-A1A059FD,Eau,Énergie & Environnement,Lokossa,+229 64 53 37 18,eau@eau.net,,Grande (>200),B2C,APIEx,,Actif,2026-06-29T00:14:35.986624,moyenne
BJ-0F178AFB,Énergie Clean Power,Énergie & Environnement,Lokossa,+229 31 47 51 57,énergie.clean.power@énergie.clean.power.benin,énergiecleanpower.bj,Grande (>200),B2B,APIEx,,Actif,2026-06-29T00:14:35.986637,haute
BJ-572741ED,Environnement Solaire Power,Énergie & Environnement,Lokossa,+229 97 83 85 63,,,TPE (<10),B2C,APIEx,,Actif,2026-06-29T00:14:35.986647,basse
BJ-013D9C36,Durable Bénin,Énergie & Environnement,Ouidah,+229 97 44 45 42,durable.bénin@durable.bénin.org,durablebénin.bj,PME (10-50),B2C,APIEx,,Actif,2026-06-29T00:14:35.986665,haute
BJ-A707E823,Durable Environment,Énergie & Environnement,Ouidah,+229 94 39 17 94,durable.environment@durable.environment.org,durableenvironment.bj,TPE (<10),B2B,APIEx,,Actif,2026-06-29T00:14:35.986677,haute
BJ-F4A192E8,Power Power Energy,Énergie & Environnement,Ouidah,+229 34 39 45 41,power.power.energy@power.power.energy.benin,powerpowerenergy.bj,TPE (<10),B2C,APIEx,,Actif,2026-06-29T00:14:35.986689,haute
BJ-CD500EBF,Éolien Environnement Solar Ouidah,Énergie & Environnement,Ouidah,+229 83 63 68 50,,éolienenvironnementsolarouidah.bj,PME (10-50),B2B,APIEx,,Actif,2026-06-29T00:14:35.986704,moyenne
BJ-23DFAA74,Solar Vert,Énergie & Environnement,Savalou,+229 45 95 66 40,solar.vert@solar.vert.benin,solarvert.bj,TPE (<10),B2C,APIEx,,Actif,2026-06-29T00:14:35.986733,haute
BJ-21F390B0,Clean SARL Savalou,Énergie & Environnement,Savalou,+229 43 87 20 12,clean.sarl.savalou@clean.sarl.savalou.org,cleansarlsavalou.bj,PME (10-50),B2B,APIEx,,Actif,2026-06-29T00:14:35.986745,haute
BJ-29E37CB9,Eau Assainissement,Énergie & Environnement,Savalou,+229 73 52 95 17,eau.assainissement@eau.assainissement.benin,,PME (50-200),B2C,APIEx,,Actif,2026-06-29T00:14:35.986776,moyenne
BJ-ADF8559E,Clean,Énergie & Environnement,Savalou,+229 83 83 45 39,,clean.bj,Grande (>200),B2B,APIEx,,Actif,2026-06-29T00:14:35.986787,moyenne
BJ-A6D17EDB,Clean,Énergie & Environnement,Dassa-Zoumè,+229 82 89 67 14,clean@clean.com,,TPE (<10),B2B,APIEx,,Actif,2026-06-29T00:14:35.986804,moyenne
BJ-380C131D,Eau Clean Solar,Énergie & Environnement,Dassa-Zoumè,+229 73 70 22 71,eau.clean.solar@eau.clean.solar.net,,PME (50-200),B2B,APIEx,,Actif,2026-06-29T00:14:35.986816,moyenne
BJ-15477129,Solar Solaire,Énergie & Environnement,Dassa-Zoumè,+229 29 81 45 73,solar.solaire@solar.solaire.org,,PME (10-50),B2B,APIEx,,Actif,2026-06-29T00:14:35.986827,moyenne
BJ-65AD5AD7,Solaire SARL,Énergie & Environnement,Dassa-Zoumè,+229 82 51 96 49,solaire.sarl@solaire.sarl.org,,PME (10-50),B2C,APIEx,,Actif,2026-06-29T00:14:35.986841,moyenne
BJ-A356DE54,Solar Écologie,Énergie & Environnement,Dassa-Zoumè,+229 81 99 77 77,solar.écologie@solar.écologie.com,solarécologie.bj,Grande (>200),B2B,APIEx,,Actif,2026-06-29T00:14:35.986855,haute
BJ-ABFEDAE8,Solaire Energy,Énergie & Environnement,Kétou,+229 89 33 20 63,solaire.energy@solaire.energy.net,solaireenergy.bj,PME (10-50),B2C,APIEx,,Actif,2026-06-29T00:14:35.986875,haute
BJ-E24F3BAA,Éolien Power Africa,Énergie & Environnement,Kétou,+229 88 14 81 95,,éolienpowerafrica.bj,PME (10-50),B2C,APIEx,,Actif,2026-06-29T00:14:35.986887,moyenne
BJ-EF4F8F8E,Éolien Écologie,Énergie & Environnement,Kétou,+229 90 77 31 45,éolien.écologie@éolien.écologie.org,,PME (10-50),B2C,APIEx,,Actif,2026-06-29T00:14:35.986927,moyenne
BJ-BA74F389,Vert,Énergie & Environnement,Kétou,+229 89 65 80 99,,vert.bj,TPE (<10),B2B,APIEx,,Actif,2026-06-29T00:14:35.986937,moyenne
BJ-F991AE48,Assainissement,Énergie & Environnement,Covè,+229 31 45 96 78,assainissement@assainissement.com,assainissement.bj,PME (50-200),B2C,APIEx,,Actif,2026-06-29T00:14:35.986954,haute
BJ-FC9474FB,Énergie Environnement,Énergie & Environnement,Covè,+229 80 19 59 92,énergie.environnement@énergie.environnement.benin,énergieenvironnement.bj,TPE (<10),B2C,APIEx,,Actif,2026-06-29T00:14:35.986968,haute
BJ-3D36919D,Vert Éolien Energy,Énergie & Environnement,Covè,+229 21 73 31 98,,vertéolienenergy.bj,PME (50-200),B2C,APIEx,,Actif,2026-06-29T00:14:35.986980,moyenne
BJ-08A82E91,Éolien Énergie Africa,Énergie & Environnement,Covè,+229 40 69 37 48,,éolienénergieafrica.bj,TPE (<10),B2C,APIEx,,Actif,2026-06-29T00:14:35.986994,moyenne
BJ-518F7D15,Eau Énergie,Énergie & Environnement,Covè,+229 81 50 89 32,eau.énergie@eau.énergie.com,,TPE (<10),B2C,APIEx,,Actif,2026-06-29T00:14:35.987010,moyenne
BJ-035F2543,Durable,Énergie & Environnement,Pobè,+229 21 43 79 50,durable@durable.net,,PME (50-200),B2B,APIEx,,Actif,2026-06-29T00:14:35.987027,moyenne
BJ-B579B817,Éolien Bénin,Énergie & Environnement,Pobè,+229 69 20 89 88,éolien.bénin@éolien.bénin.bj,,PME (10-50),B2C,APIEx,,Actif,2026-06-29T00:14:35.987040,moyenne
BJ-27EEDD30,Assainissement Energy,Énergie & Environnement,Pobè,+229 98 16 75 21,,,PME (50-200),B2C,APIEx,,Actif,2026-06-29T00:14:35.987053,basse
BJ-582C2360,Solar Écologie Energy Pobè,Énergie & Environnement,Pobè,+229 27 14 55 50,solar.écologie.energy.pobè@solar.écologie.energy.pobè.com,,PME (50-200),B2B,APIEx,,Actif,2026-06-29T00:14:35.987066,moyenne
BJ-EDEB3C60,Énergie Durable,Énergie & Environnement,Pobè,+229 77 46 94 16,énergie.durable@énergie.durable.org,,PME (10-50),B2C,APIEx,,Actif,2026-06-29T00:14:35.987078,moyenne
BJ-9D88A8EE,Vert Clean SARL,Énergie & Environnement,Sakété,+229 76 11 78 52,,vertcleansarl.bj,TPE (<10),B2B,APIEx,,Actif,2026-06-29T00:14:35.987095,moyenne
BJ-C328703E,Énergie Énergie,Énergie & Environnement,Sakété,+229 38 82 48 60,,énergieénergie.bj,PME (10-50),B2B,APIEx,,Actif,2026-06-29T00:14:35.987106,moyenne
BJ-A6620B52,Eau Water,Énergie & Environnement,Sakété,+229 56 49 91 26,eau.water@eau.water.benin,eauwater.bj,PME (50-200),B2B,APIEx,,Actif,2026-06-29T00:14:35.987118,haute
BJ-EA064578,Vert Vert Africa,Énergie & Environnement,Sakété,+229 90 95 95 12,vert.vert.africa@vert.vert.africa.org,,Grande (>200),B2B,APIEx,,Actif,2026-06-29T00:14:35.987132,moyenne
BJ-F7537AC9,Environnement Africa,Énergie & Environnement,Sakété,+229 23 70 97 57,environnement.africa@environnement.africa.benin,,TPE (<10),B2C,APIEx,,Actif,2026-06-29T00:14:35.987144,moyenne
BJ-E5295D34,Power Environment,Énergie & Environnement,Adjara,+229 65 15 95 84,power.environment@power.environment.bj,powerenvironment.bj,PME (10-50),B2C,APIEx,,Actif,2026-06-29T00:14:35.987161,haute
BJ-457BCF0F,Vert Renouvelable,Énergie & Environnement,Adjara,+229 86 23 27 90,,,TPE (<10),B2B,APIEx,,Actif,2026-06-29T00:14:35.987171,basse
BJ-E79A4EE5,Power Solaire Power,Énergie & Environnement,Adjara,+229 75 27 99 75,,,TPE (<10),B2B,APIEx,,Actif,2026-06-29T00:14:35.987182,basse
BJ-3A2CB5E6,Hydraulique,Énergie & Environnement,Adjara,+229 74 60 20 75,hydraulique@hydraulique.org,hydraulique.bj,PME (10-50),B2C,APIEx,,Actif,2026-06-29T00:14:35.987196,haute
BJ-A297D05F,Environnement Vert,Énergie & Environnement,Adjara,+229 92 17 94 18,environnement.vert@environnement.vert.com,environnementvert.bj,PME (10-50),B2B,APIEx,,Actif,2026-06-29T00:14:35.987208,haute
BJ-D1A361D0,Durable,Énergie & Environnement,Allada,+229 64 63 52 77,durable@durable.bj,durable.bj,TPE (<10),B2C,APIEx,,Actif,2026-06-29T00:14:35.987225,haute
BJ-214256D0,Hydraulique SARL,Énergie & Environnement,Allada,+229 33 14 25 10,,,PME (50-200),B2B,APIEx,,Actif,2026-06-29T00:14:35.987235,basse
BJ-F4C8B4B3,Eau Éolien SARL,Énergie & Environnement,Allada,+229 27 34 26 12,eau.éolien.sarl@eau.éolien.sarl.bj,,PME (10-50),B2B,APIEx,,Actif,2026-06-29T00:14:35.987247,moyenne
BJ-DC406D76,Solaire,Énergie & Environnement,Allada,+229 34 13 59 34,,solaire.bj,TPE (<10),B2C,APIEx,,Actif,2026-06-29T00:14:35.987261,moyenne
BJ-45CA3C02,Vert Énergie Energy Allada,Énergie & Environnement,Allada,+229 60 89 57 61,vert.énergie.energy.allada@vert.énergie.energy.allada.net,,PME (10-50),B2B,APIEx,,Actif,2026-06-29T00:14:35.987276,moyenne
BJ-6FB78BC0,Solar Énergie,Énergie & Environnement,Aplahoué,+229 35 72 72 89,solar.énergie@solar.énergie.bj,solarénergie.bj,PME (10-50),B2C,APIEx,,Actif,2026-06-29T00:14:35.987294,haute
BJ-65BC7DAE,Power,Énergie & Environnement,Aplahoué,+229 37 90 81 52,power@power.org,power.bj,PME (50-200),B2B,APIEx,,Actif,2026-06-29T00:14:35.987306,haute
BJ-B74CE7F1,Environnement Solaire Environment Aplahoué,Énergie & Environnement,Aplahoué,+229 91 92 77 62,environnement.solaire.environment.aplahoué@environnement.solaire.environment.aplahoué.com,environnementsolaireenvironmentaplahoué.bj,TPE (<10),B2C,APIEx,,Actif,2026-06-29T00:14:35.987321,haute
BJ-0882CBF7,Énergie Clean Energy,Énergie & Environnement,Aplahoué,+229 66 66 27 27,énergie.clean.energy@énergie.clean.energy.net,énergiecleanenergy.bj,PME (10-50),B2C,APIEx,,Actif,2026-06-29T00:14:35.987333,haute
BJ-69AD423E,Environnement Clean Environment,Énergie & Environnement,Aplahoué,+229 24 44 21 92,environnement.clean.environment@environnement.clean.environment.benin,,PME (50-200),B2B,APIEx,,Actif,2026-06-29T00:14:35.987345,moyenne
BJ-DC75D356,Éolien Écologie Water,Énergie & Environnement,Dogbo-Tota,+229 52 59 44 30,éolien.écologie.water@éolien.écologie.water.com,éolienécologiewater.bj,TPE (<10),B2C,APIEx,,Actif,2026-06-29T00:14:35.987364,haute
BJ-FFD26544,Clean SARL,Énergie & Environnement,Dogbo-Tota,+229 32 42 44 28,clean.sarl@clean.sarl.com,cleansarl.bj,Grande (>200),B2C,APIEx,,Actif,2026-06-29T00:14:35.987387,haute
BJ-396709B9,Eau,Énergie & Environnement,Dogbo-Tota,+229 49 83 41 32,eau@eau.bj,eau.bj,PME (50-200),B2B,APIEx,,Actif,2026-06-29T00:14:35.987401,haute
BJ-350C93C8,Environnement Vert Dogbo-Tota,Énergie & Environnement,Dogbo-Tota,+229 84 36 49 41,,environnementvertdogbotota.bj,TPE (<10),B2B,APIEx,,Actif,2026-06-29T00:14:35.987413,moyenne
BJ-F9EBF579,Eau Assainissement SARL,Énergie & Environnement,Kpomassè,+229 87 87 96 82,,,TPE (<10),B2B,APIEx,,Actif,2026-06-29T00:14:35.987430,basse
BJ-DCD4C52C,Durable Kpomassè,Énergie & Environnement,Kpomassè,+229 44 91 46 47,,durablekpomassè.bj,PME (10-50),B2B,APIEx,,Actif,2026-06-29T00:14:35.987445,moyenne
BJ-689B78D3,Solar Renouvelable Bénin,Énergie & Environnement,Kpomassè,+229 84 35 97 51,solar.renouvelable.bénin@solar.renouvelable.bénin.benin,solarrenouvelablebénin.bj,TPE (<10),B2C,APIEx,,Actif,2026-06-29T00:14:35.987471,haute
BJ-F7FD94EA,Solar Eau Solar,Énergie & Environnement,Kpomassè,+229 89 83 28 80,solar.eau.solar@solar.eau.solar.com,solareausolar.bj,PME (10-50),B2B,APIEx,,Actif,2026-06-29T00:14:35.987483,haute
BJ-05056995,Environnement Assainissement Water Tori-Bossito,Énergie & Environnement,Tori-Bossito,+229 55 73 36 25,environnement.assainissement.water.toribossito@environnement.assainissement.water.toribossito.benin,,TPE (<10),B2C,APIEx,,Actif,2026-06-29T00:14:35.987501,moyenne
BJ-C7E8782B,Clean Tori-Bossito,Énergie & Environnement,Tori-Bossito,+229 63 96 94 10,clean.toribossito@clean.toribossito.org,,PME (10-50),B2C,APIEx,,Actif,2026-06-29T00:14:35.987513,moyenne
BJ-CDF517CE,Écologie,Énergie & Environnement,Tori-Bossito,+229 43 87 39 96,,écologie.bj,TPE (<10),B2C,APIEx,,Actif,2026-06-29T00:14:35.987525,moyenne
BJ-4463C9FE,Power Écologie Environment Tori-Bossito,Énergie & Environnement,Tori-Bossito,+229 67 69 82 19,power.écologie.environment.toribossito@power.écologie.environment.toribossito.org,,PME (50-200),B2B,APIEx,,Actif,2026-06-29T00:14:35.987552,moyenne
BJ-D7EA27C8,Énergie Écologie,Énergie & Environnement,Grand-Popo,+229 51 16 97 61,,énergieécologie.bj,Grande (>200),B2C,APIEx,,Actif,2026-06-29T00:14:35.987570,moyenne
BJ-EF17217D,Power,Énergie & Environnement,Grand-Popo,+229 89 90 42 82,power@power.org,power.bj,PME (50-200),B2C,APIEx,,Actif,2026-06-29T00:14:35.987582,haute
BJ-F2A87E07,Écologie,Énergie & Environnement,Grand-Popo,+229 76 58 74 28,écologie@écologie.org,,PME (50-200),B2B,APIEx,,Actif,2026-06-29T00:14:35.987604,moyenne
BJ-54492350,Vert Éolien Power,Énergie & Environnement,Grand-Popo,+229 77 14 58 88,vert.éolien.power@vert.éolien.power.org,,PME (50-200),B2C,APIEx,,Actif,2026-06-29T00:14:35.987619,moyenne
BJ-B294C77E,Power Éolien,Énergie & Environnement,Athiémé,+229 57 10 46 35,power.éolien@power.éolien.benin,poweréolien.bj,TPE (<10),B2C,APIEx,,Actif,2026-06-29T00:14:35.987638,haute
BJ-EC7751C8,Durable SARL,Énergie & Environnement,Athiémé,+229 78 14 16 20,,durablesarl.bj,PME (50-200),B2B,APIEx,,Actif,2026-06-29T00:14:35.987649,moyenne
BJ-8A15C6AD,Éolien Écologie,Énergie & Environnement,Athiémé,+229 53 81 11 94,,éolienécologie.bj,PME (10-50),B2B,APIEx,,Actif,2026-06-29T00:14:35.987660,moyenne
BJ-133286A8,Eau Vert Solar,Énergie & Environnement,Athiémé,+229 68 70 58 99,eau.vert.solar@eau.vert.solar.com,eauvertsolar.bj,PME (10-50),B2B,APIEx,,Actif,2026-06-29T00:14:35.987678,haute
BJ-498F567D,Clean Water,Énergie & Environnement,Athiémé,+229 55 34 42 73,clean.water@clean.water.bj,,PME (10-50),B2B,APIEx,,Actif,2026-06-29T00:14:35.987690,moyenne
BJ-EBF17420,Hydraulique,Énergie & Environnement,Bopa,+229 45 48 34 72,hydraulique@hydraulique.bj,hydraulique.bj,PME (10-50),B2B,APIEx,,Actif,2026-06-29T00:14:35.987707,haute
BJ-D90ABFFC,Solar Hydraulique,Énergie & Environnement,Bopa,+229 62 28 40 24,solar.hydraulique@solar.hydraulique.net,solarhydraulique.bj,PME (10-50),B2C,APIEx,,Actif,2026-06-29T00:14:35.987719,haute
BJ-F14AF7D8,Environnement Éolien Solar,Énergie & Environnement,Bopa,+229 63 22 37 72,environnement.éolien.solar@environnement.éolien.solar.bj,environnementéoliensolar.bj,TPE (<10),B2C,APIEx,,Actif,2026-06-29T00:14:35.987731,haute
BJ-9C3F334D,Eau Eau,Énergie & Environnement,Bopa,+229 96 67 59 81,eau.eau@eau.eau.benin,,TPE (<10),B2B,APIEx,,Actif,2026-06-29T00:14:35.987744,moyenne
BJ-5D0D2130,Éolien Assainissement Energy,Énergie & Environnement,Bopa,+229 45 99 77 79,éolien.assainissement.energy@éolien.assainissement.energy.com,,PME (10-50),B2B,APIEx,,Actif,2026-06-29T00:14:35.987756,moyenne
BJ-5248B9E5,Eau Environnement Environment,Énergie & Environnement,Houéyogbé,+229 40 67 15 87,eau.environnement.environment@eau.environnement.environment.bj,eauenvironnementenvironment.bj,Grande (>200),B2C,APIEx,,Actif,2026-06-29T00:14:35.987774,haute
BJ-ACF8814F,Power Bénin,Énergie & Environnement,Houéyogbé,+229 82 56 54 68,power.bénin@power.bénin.bj,,TPE (<10),B2B,APIEx,,Actif,2026-06-29T00:14:35.987786,moyenne
BJ-A89062AF,Énergie Environnement,Énergie & Environnement,Houéyogbé,+229 41 87 71 78,énergie.environnement@énergie.environnement.org,énergieenvironnement.bj,TPE (<10),B2B,APIEx,,Actif,2026-06-29T00:14:35.987799,haute
BJ-67E5EBC1,Durable SARL Houéyogbé,Énergie & Environnement,Houéyogbé,+229 94 73 13 78,durable.sarl.houéyogbé@durable.sarl.houéyogbé.org,durablesarlhouéyogbé.bj,TPE (<10),B2C,APIEx,,Actif,2026-06-29T00:14:35.987827,haute
BJ-296924D3,Eau,Énergie & Environnement,Malanville,+229 75 40 47 95,eau@eau.net,,PME (50-200),B2B,APIEx,,Actif,2026-06-29T00:14:35.987844,moyenne
BJ-63865213,Assainissement Solar,Énergie & Environnement,Malanville,+229 82 83 95 91,assainissement.solar@assainissement.solar.bj,assainissementsolar.bj,PME (10-50),B2C,APIEx,,Actif,2026-06-29T00:14:35.987856,haute
BJ-02E96BC7,Power Bénin,Énergie & Environnement,Malanville,+229 37 19 82 72,power.bénin@power.bénin.net,,TPE (<10),B2C,APIEx,,Actif,2026-06-29T00:14:35.987867,moyenne
BJ-96955DC4,Durable Solar,Énergie & Environnement,Malanville,+229 85 65 53 77,,durablesolar.bj,TPE (<10),B2C,APIEx,,Actif,2026-06-29T00:14:35.987881,moyenne
BJ-22003F87,Vert Énergie Bénin,Énergie & Environnement,Malanville,+229 66 69 56 61,vert.énergie.bénin@vert.énergie.bénin.net,verténergiebénin.bj,PME (10-50),B2B,APIEx,,Actif,2026-06-29T00:14:35.987911,haute
BJ-C8A34B57,Renouvelable Environment,Énergie & Environnement,Kandi,+229 89 86 48 61,renouvelable.environment@renouvelable.environment.com,renouvelableenvironment.bj,TPE (<10),B2C,APIEx,,Actif,2026-06-29T00:14:35.987960,haute
BJ-03949C8F,Environnement,Énergie & Environnement,Kandi,+229 96 64 23 45,,environnement.bj,TPE (<10),B2C,APIEx,,Actif,2026-06-29T00:14:35.987984,moyenne
BJ-2936C6A0,Eau Énergie Kandi,Énergie & Environnement,Kandi,+229 31 13 11 31,eau.énergie.kandi@eau.énergie.kandi.benin,,TPE (<10),B2B,APIEx,,Actif,2026-06-29T00:14:35.988010,moyenne
BJ-A7CA3BA1,Eau Environnement,Énergie & Environnement,Kandi,+229 78 24 26 86,eau.environnement@eau.environnement.benin,eauenvironnement.bj,TPE (<10),B2C,APIEx,,Actif,2026-06-29T00:14:35.988039,haute
BJ-B0D484D6,Solar Environnement Environment,Énergie & Environnement,Kandi,+229 73 50 20 10,solar.environnement.environment@solar.environnement.environment.com,solarenvironnementenvironment.bj,Grande (>200),B2C,APIEx,,Actif,2026-06-29T00:14:35.988069,haute
BJ-9EEE4C72,Énergie Power Banikoara,Énergie & Environnement,Banikoara,+229 64 52 60 18,énergie.power.banikoara@énergie.power.banikoara.net,énergiepowerbanikoara.bj,PME (10-50),B2B,APIEx,,Actif,2026-06-29T00:14:35.988105,haute
BJ-C20533DB,Clean Power,Énergie & Environnement,Banikoara,+229 34 67 57 64,clean.power@clean.power.com,,PME (50-200),B2C,APIEx,,Actif,2026-06-29T00:14:35.988130,moyenne
BJ-D2AEC66B,Vert Assainissement Africa,Énergie & Environnement,Banikoara,+229 76 29 77 50,,vertassainissementafrica.bj,PME (10-50),B2B,APIEx,,Actif,2026-06-29T00:14:35.988178,moyenne
BJ-5DE205B7,Éolien Énergie SARL Banikoara,Énergie & Environnement,Banikoara,+229 67 13 49 15,,éolienénergiesarlbanikoara.bj,PME (50-200),B2C,APIEx,,Actif,2026-06-29T00:14:35.988200,moyenne
BJ-A1463D09,Power Écologie SARL,Énergie & Environnement,Ségbana,+229 44 52 23 34,,powerécologiesarl.bj,PME (10-50),B2B,APIEx,,Actif,2026-06-29T00:14:35.988221,moyenne
BJ-5785330B,Environnement,Énergie & Environnement,Ségbana,+229 50 41 48 73,environnement@environnement.org,,PME (10-50),B2B,APIEx,,Actif,2026-06-29T00:14:35.988233,moyenne
BJ-8A98AD7D,Éolien Environnement,Énergie & Environnement,Ségbana,+229 69 82 38 31,,éolienenvironnement.bj,PME (10-50),B2B,APIEx,,Actif,2026-06-29T00:14:35.988245,moyenne
BJ-D84E3F22,Éolien Africa Ségbana,Énergie & Environnement,Ségbana,+229 25 36 11 88,éolien.africa.ségbana@éolien.africa.ségbana.bj,,TPE (<10),B2C,APIEx,,Actif,2026-06-29T00:14:35.988261,moyenne
BJ-081CE2BC,Clean,Énergie & Environnement,Ségbana,+229 39 23 73 50,clean@clean.benin,,TPE (<10),B2B,APIEx,,Actif,2026-06-29T00:14:35.988273,moyenne
BJ-BF58F675,Solar Énergie SARL,Énergie & Environnement,Karimama,+229 96 31 36 51,solar.énergie.sarl@solar.énergie.sarl.benin,solarénergiesarl.bj,TPE (<10),B2B,APIEx,,Actif,2026-06-29T00:14:35.988330,haute
BJ-762D0E19,Éolien Vert Karimama,Énergie & Environnement,Karimama,+229 69 79 69 95,éolien.vert.karimama@éolien.vert.karimama.benin,éolienvertkarimama.bj,Grande (>200),B2C,APIEx,,Actif,2026-06-29T00:14:35.988342,haute
BJ-0ACE6729,Solar Environnement Energy,Énergie & Environnement,Gogounou,+229 48 45 25 68,,solarenvironnementenergy.bj,PME (10-50),B2B,APIEx,,Actif,2026-06-29T00:14:35.988371,moyenne
BJ-F2973AB9,Solar Écologie Solar,Énergie & Environnement,Gogounou,+229 33 81 72 57,solar.écologie.solar@solar.écologie.solar.com,,TPE (<10),B2B,APIEx,,Actif,2026-06-29T00:14:35.988383,moyenne
BJ-5728F161,Renouvelable Africa,Énergie & Environnement,Gogounou,+229 98 31 92 78,renouvelable.africa@renouvelable.africa.org,renouvelableafrica.bj,TPE (<10),B2B,APIEx,,Actif,2026-06-29T00:14:35.988397,haute
BJ-8AAFF191,Hydraulique Gogounou,Énergie & Environnement,Gogounou,+229 25 48 28 45,hydraulique.gogounou@hydraulique.gogounou.net,,PME (10-50),B2B,APIEx,,Actif,2026-06-29T00:14:35.988409,moyenne
BJ-AB58AA82,Hydraulique Cobly,Énergie & Environnement,Cobly,+229 53 92 56 48,hydraulique.cobly@hydraulique.cobly.benin,hydrauliquecobly.bj,TPE (<10),B2C,APIEx,,Actif,2026-06-29T00:14:35.988430,haute
BJ-1EED0268,Écologie,Énergie & Environnement,Cobly,+229 63 53 86 65,,écologie.bj,PME (50-200),B2B,APIEx,,Actif,2026-06-29T00:14:35.988442,moyenne
BJ-1E8F9BE1,Hydraulique,Énergie & Environnement,Cobly,+229 52 46 66 46,hydraulique@hydraulique.com,hydraulique.bj,TPE (<10),B2B,APIEx,,Actif,2026-06-29T00:14:35.988458,haute
BJ-2E81CEEA,Assainissement,Énergie & Environnement,Cobly,+229 74 36 87 85,assainissement@assainissement.net,assainissement.bj,PME (10-50),B2C,APIEx,,Actif,2026-06-29T00:14:35.988470,haute
BJ-35B74C9A,Vert,Énergie & Environnement,Cobly,+229 48 18 89 59,vert@vert.com,vert.bj,PME (10-50),B2B,APIEx,,Actif,2026-06-29T00:14:35.988481,haute
BJ-8E4EC29B,Énergie Énergie Environment,Énergie & Environnement,Tanguiéta,+229 33 73 97 13,énergie.énergie.environment@énergie.énergie.environment.benin,énergieénergieenvironment.bj,Grande (>200),B2B,APIEx,,Actif,2026-06-29T00:14:35.988502,haute
BJ-1BB02641,Éolien Environnement,Énergie & Environnement,Tanguiéta,+229 37 90 43 74,éolien.environnement@éolien.environnement.net,éolienenvironnement.bj,TPE (<10),B2B,APIEx,,Actif,2026-06-29T00:14:35.988515,haute
BJ-37F09807,Éolien Écologie Bénin,Énergie & Environnement,Tanguiéta,+229 74 20 16 48,éolien.écologie.bénin@éolien.écologie.bénin.benin,éolienécologiebénin.bj,PME (10-50),B2C,APIEx,,Actif,2026-06-29T00:14:35.988527,haute
BJ-61691CF4,Vert Water,Énergie & Environnement,Tanguiéta,+229 27 83 11 40,vert.water@vert.water.bj,vertwater.bj,PME (10-50),B2C,APIEx,,Actif,2026-06-29T00:14:35.988546,haute
BJ-F6EFCA5E,Eau Power Tanguiéta,Énergie & Environnement,Tanguiéta,+229 37 80 59 15,eau.power.tanguiéta@eau.power.tanguiéta.benin,eaupowertanguiéta.bj,TPE (<10),B2C,APIEx,,Actif,2026-06-29T00:14:35.988559,haute
BJ-0BA0A463,Eau Energy,Énergie & Environnement,Matéri,+229 89 94 68 81,,,TPE (<10),B2B,APIEx,,Actif,2026-06-29T00:14:35.988576,basse
BJ-45FB0FC3,Éolien Power,Énergie & Environnement,Matéri,+229 64 32 54 20,éolien.power@éolien.power.com,,PME (10-50),B2C,APIEx,,Actif,2026-06-29T00:14:35.988600,moyenne
BJ-79551118,Énergie Clean Matéri,Énergie & Environnement,Matéri,+229 73 26 60 62,énergie.clean.matéri@énergie.clean.matéri.benin,énergiecleanmatéri.bj,PME (10-50),B2B,APIEx,,Actif,2026-06-29T00:14:35.988612,haute
BJ-7FE34E6A,Énergie,Énergie & Environnement,Matéri,+229 67 47 31 31,énergie@énergie.bj,,PME (10-50),B2B,APIEx,,Actif,2026-06-29T00:14:35.988623,moyenne
BJ-F5DBD1E0,Énergie Renouvelable,Énergie & Environnement,Natitingou,+229 51 19 12 32,énergie.renouvelable@énergie.renouvelable.org,,PME (10-50),B2C,APIEx,,Actif,2026-06-29T00:14:35.988641,moyenne
BJ-0ED62305,Renouvelable Natitingou,Énergie & Environnement,Natitingou,+229 74 47 43 42,,renouvelablenatitingou.bj,PME (10-50),B2C,APIEx,,Actif,2026-06-29T00:14:35.988653,moyenne
BJ-FAF010D1,Énergie Durable SARL,Énergie & Environnement,Natitingou,+229 43 78 21 22,,énergiedurablesarl.bj,TPE (<10),B2C,APIEx,,Actif,2026-06-29T00:14:35.988664,moyenne
BJ-A4B34C14,Éolien Environnement Power,Énergie & Environnement,Natitingou,+229 62 71 89 84,éolien.environnement.power@éolien.environnement.power.benin,,TPE (<10),B2B,APIEx,,Actif,2026-06-29T00:14:35.988679,moyenne
BJ-C7647DC2,Environnement Éolien Natitingou,Énergie & Environnement,Natitingou,+229 43 57 10 87,environnement.éolien.natitingou@environnement.éolien.natitingou.bj,environnementéoliennatitingou.bj,PME (50-200),B2B,APIEx,,Actif,2026-06-29T00:14:35.988692,haute
BJ-643DD4D4,Environnement Éolien,Énergie & Environnement,Toucountouna,+229 51 19 72 70,environnement.éolien@environnement.éolien.org,environnementéolien.bj,TPE (<10),B2C,APIEx,,Actif,2026-06-29T00:14:35.988710,haute
BJ-81AA3D44,Énergie Durable Bénin Toucountouna,Énergie & Environnement,Toucountouna,+229 45 86 67 60,,énergiedurablebénintoucountouna.bj,TPE (<10),B2C,APIEx,,Actif,2026-06-29T00:14:35.988722,moyenne
BJ-102D8AA8,Durable Energy Toucountouna,Énergie & Environnement,Toucountouna,+229 79 66 67 80,durable.energy.toucountouna@durable.energy.toucountouna.bj,durableenergytoucountouna.bj,PME (10-50),B2C,APIEx,,Actif,2026-06-29T00:14:35.988745,haute
BJ-167B40E6,Éolien Environnement Energy,Énergie & Environnement,Toucountouna,+229 88 51 31 52,éolien.environnement.energy@éolien.environnement.energy.benin,,PME (50-200),B2C,APIEx,,Actif,2026-06-29T00:14:35.988756,moyenne
BJ-898AC174,Vert Éolien,Énergie & Environnement,Boukoumbé,+229 43 11 96 91,vert.éolien@vert.éolien.benin,vertéolien.bj,PME (50-200),B2C,APIEx,,Actif,2026-06-29T00:14:35.988778,haute
BJ-2F5648EF,Clean Bénin,Énergie & Environnement,Boukoumbé,+229 59 56 91 91,clean.bénin@clean.bénin.bj,,TPE (<10),B2B,APIEx,,Actif,2026-06-29T00:14:35.988796,moyenne
BJ-794B0DC7,Eau Renouvelable Boukoumbé,Énergie & Environnement,Boukoumbé,+229 63 18 19 28,eau.renouvelable.boukoumbé@eau.renouvelable.boukoumbé.com,eaurenouvelableboukoumbé.bj,TPE (<10),B2B,APIEx,,Actif,2026-06-29T00:14:35.988812,haute
BJ-93C186B0,Environnement Clean Bénin Boukoumbé,Énergie & Environnement,Boukoumbé,+229 21 44 90 37,,environnementcleanbéninboukoumbé.bj,Grande (>200),B2B,APIEx,,Actif,2026-06-29T00:14:35.988827,moyenne
BJ-377FC04B,Environnement Solaire Africa,Énergie & Environnement,Boukoumbé,+229 58 29 33 38,environnement.solaire.africa@environnement.solaire.africa.net,environnementsolaireafrica.bj,TPE (<10),B2C,APIEx,,Actif,2026-06-29T00:14:35.988839,haute
BJ-867B9730,Solaire Environment,Énergie & Environnement,Kouandé,+229 46 55 96 38,solaire.environment@solaire.environment.org,,TPE (<10),B2C,APIEx,,Actif,2026-06-29T00:14:35.988860,moyenne
BJ-EBEA69B5,Vert Hydraulique Africa,Énergie & Environnement,Kouandé,+229 86 37 96 85,,verthydrauliqueafrica.bj,PME (10-50),B2C,APIEx,,Actif,2026-06-29T00:14:35.988871,moyenne
BJ-C73899C2,Éolien Solaire,Énergie & Environnement,Kouandé,+229 79 70 85 42,éolien.solaire@éolien.solaire.org,éoliensolaire.bj,TPE (<10),B2C,APIEx,,Actif,2026-06-29T00:14:35.988883,haute
BJ-C0627F3D,Solar Eau,Énergie & Environnement,Kouandé,+229 99 24 27 73,solar.eau@solar.eau.com,,TPE (<10),B2C,APIEx,,Actif,2026-06-29T00:14:35.988954,moyenne
BJ-3C377B33,Power Assainissement Kouandé,Énergie & Environnement,Kouandé,+229 71 21 27 83,power.assainissement.kouandé@power.assainissement.kouandé.net,powerassainissementkouandé.bj,PME (50-200),B2B,APIEx,,Actif,2026-06-29T00:14:35.988999,haute
BJ-1E30BE0F,Environnement,Énergie & Environnement,Péhunco,+229 66 51 18 52,environnement@environnement.org,environnement.bj,PME (10-50),B2C,APIEx,,Actif,2026-06-29T00:14:35.989034,haute
BJ-B46C3759,Power Éolien Africa Péhunco,Énergie & Environnement,Péhunco,+229 51 18 71 70,,,Grande (>200),B2C,APIEx,,Actif,2026-06-29T00:14:35.989082,basse
BJ-E3C157D9,Power Durable Water,Énergie & Environnement,Péhunco,+229 90 16 48 32,,powerdurablewater.bj,PME (50-200),B2C,APIEx,,Actif,2026-06-29T00:14:35.989110,moyenne
BJ-18913D23,Durable Energy,Énergie & Environnement,Péhunco,+229 46 60 77 92,,durableenergy.bj,PME (10-50),B2B,APIEx,,Actif,2026-06-29T00:14:35.989135,moyenne
BJ-43EAC0C2,Renouvelable Energy,Énergie & Environnement,Tchaourou,+229 61 24 29 16,renouvelable.energy@renouvelable.energy.bj,renouvelableenergy.bj,TPE (<10),B2C,APIEx,,Actif,2026-06-29T00:14:35.989168,haute
BJ-98802800,Clean Bénin,Énergie & Environnement,Tchaourou,+229 30 32 99 29,clean.bénin@clean.bénin.benin,cleanbénin.bj,PME (50-200),B2B,APIEx,,Actif,2026-06-29T00:14:35.989197,haute
BJ-C8CDD81B,Environnement Tchaourou,Énergie & Environnement,Tchaourou,+229 79 37 81 30,environnement.tchaourou@environnement.tchaourou.bj,,PME (10-50),B2B,APIEx,,Actif,2026-06-29T00:14:35.989225,moyenne
BJ-7E67EBE7,Environnement Solaire Africa,Énergie & Environnement,Tchaourou,+229 33 36 18 99,environnement.solaire.africa@environnement.solaire.africa.org,environnementsolaireafrica.bj,TPE (<10),B2B,APIEx,,Actif,2026-06-29T00:14:35.989240,haute
BJ-F5F4B6C3,Vert Clean Tchaourou,Énergie & Environnement,Tchaourou,+229 85 40 30 48,vert.clean.tchaourou@vert.clean.tchaourou.bj,,TPE (<10),B2C,APIEx,,Actif,2026-06-29T00:14:35.989251,moyenne
BJ-B1D265BF,Solaire,Énergie & Environnement,Nikki,+229 24 55 94 48,solaire@solaire.bj,solaire.bj,TPE (<10),B2B,APIEx,,Actif,2026-06-29T00:14:35.989270,haute
BJ-849BE666,Assainissement Solar,Énergie & Environnement,Nikki,+229 66 64 19 27,,assainissementsolar.bj,PME (10-50),B2B,APIEx,,Actif,2026-06-29T00:14:35.989282,moyenne
BJ-0789D22F,Énergie Assainissement,Énergie & Environnement,Nikki,+229 83 44 84 35,,énergieassainissement.bj,Grande (>200),B2C,APIEx,,Actif,2026-06-29T00:14:35.989294,moyenne
BJ-16F49D61,Hydraulique,Énergie & Environnement,Nikki,+229 34 43 72 17,hydraulique@hydraulique.bj,hydraulique.bj,PME (50-200),B2C,APIEx,,Actif,2026-06-29T00:14:35.989308,haute
BJ-5F183E51,Énergie Environment,Énergie & Environnement,Nikki,+229 81 76 66 62,énergie.environment@énergie.environment.net,énergieenvironment.bj,TPE (<10),B2C,APIEx,,Actif,2026-06-29T00:14:35.989321,haute
BJ-62BD8528,Énergie Environnement,Énergie & Environnement,Bembéréké,+229 23 12 63 83,énergie.environnement@énergie.environnement.org,énergieenvironnement.bj,PME (10-50),B2C,APIEx,,Actif,2026-06-29T00:14:35.989339,haute
BJ-4546CF4F,Écologie Bembéréké,Énergie & Environnement,Bembéréké,+229 84 15 92 40,écologie.bembéréké@écologie.bembéréké.net,,TPE (<10),B2B,APIEx,,Actif,2026-06-29T00:14:35.989366,moyenne
BJ-34690C69,Vert Power Energy Bembéréké,Énergie & Environnement,Bembéréké,+229 46 83 41 34,,,TPE (<10),B2C,APIEx,,Actif,2026-06-29T00:14:35.989377,basse
BJ-6D790339,Écologie Environment,Énergie & Environnement,Bembéréké,+229 58 55 12 19,écologie.environment@écologie.environment.com,écologieenvironment.bj,PME (10-50),B2B,APIEx,,Actif,2026-06-29T00:14:35.989389,haute
BJ-32A7DFCA,Éolien Environment Kalalé,Énergie & Environnement,Kalalé,+229 46 62 80 65,,éolienenvironmentkalalé.bj,TPE (<10),B2B,APIEx,,Actif,2026-06-29T00:14:35.989407,moyenne
BJ-211DB16E,Eau Écologie Power,Énergie & Environnement,Kalalé,+229 38 41 47 72,eau.écologie.power@eau.écologie.power.com,,PME (10-50),B2C,APIEx,,Actif,2026-06-29T00:14:35.989431,moyenne
BJ-1F18468F,Power Bénin Kalalé,Énergie & Environnement,Kalalé,+229 44 87 89 29,,powerbéninkalalé.bj,TPE (<10),B2B,APIEx,,Actif,2026-06-29T00:14:35.989445,moyenne
BJ-0966C670,Power,Énergie & Environnement,Kalalé,+229 92 11 84 39,power@power.benin,power.bj,TPE (<10),B2B,APIEx,,Actif,2026-06-29T00:14:35.989460,haute
BJ-3853FFD8,Solar Clean Energy,Énergie & Environnement,Ndali,+229 75 32 41 48,solar.clean.energy@solar.clean.energy.bj,solarcleanenergy.bj,PME (10-50),B2B,APIEx,,Actif,2026-06-29T00:14:35.989478,haute
BJ-2D699EDB,Eau Environnement,Énergie & Environnement,Ndali,+229 97 38 82 55,,eauenvironnement.bj,PME (10-50),B2C,APIEx,,Actif,2026-06-29T00:14:35.989489,moyenne
BJ-1269CC89,Éolien Hydraulique,Énergie & Environnement,Ndali,+229 54 92 92 19,éolien.hydraulique@éolien.hydraulique.org,éolienhydraulique.bj,PME (50-200),B2B,APIEx,,Actif,2026-06-29T00:14:35.989501,haute
BJ-267A868E,Eau Eau Environment,Énergie & Environnement,Ndali,+229 92 39 96 11,eau.eau.environment@eau.eau.environment.benin,eaueauenvironment.bj,TPE (<10),B2C,APIEx,,Actif,2026-06-29T00:14:35.989513,haute
BJ-CB9B9A63,Énergie Solaire,Énergie & Environnement,Ndali,+229 46 80 44 64,,,PME (50-200),B2B,APIEx,,Actif,2026-06-29T00:14:35.989524,basse
BJ-A013AFF0,Énergie Environment,Énergie & Environnement,Ségbana,+229 98 60 27 34,énergie.environment@énergie.environment.com,énergieenvironment.bj,PME (50-200),B2C,APIEx,,Actif,2026-06-29T00:14:35.989541,haute
BJ-FA6EC33C,Éolien Écologie,Énergie & Environnement,Ségbana,+229 28 39 23 10,,éolienécologie.bj,TPE (<10),B2C,APIEx,,Actif,2026-06-29T00:14:35.989554,moyenne
BJ-17AD22A1,Durable,Énergie & Environnement,Ségbana,+229 67 24 22 84,,,PME (50-200),B2C,APIEx,,Actif,2026-06-29T00:14:35.989564,basse
BJ-D7A1511F,Eau Clean Environment,Énergie & Environnement,Ségbana,+229 56 38 88 87,eau.clean.environment@eau.clean.environment.org,,PME (10-50),B2C,APIEx,,Actif,2026-06-29T00:14:35.989578,moyenne
BJ-5C059D52,Hydraulique Power,Énergie & Environnement,Ségbana,+229 50 80 43 61,,,TPE (<10),B2C,APIEx,,Actif,2026-06-29T00:14:35.989589,basse
BJ-6A36489F,Eau Energy,Énergie & Environnement,Tchaourou,+229 72 93 98 77,eau.energy@eau.energy.org,eauenergy.bj,PME (50-200),B2C,APIEx,,Actif,2026-06-29T00:14:35.989606,haute
BJ-F7E0BDD9,Renouvelable Power,Énergie & Environnement,Tchaourou,+229 29 64 48 20,renouvelable.power@renouvelable.power.benin,renouvelablepower.bj,PME (10-50),B2B,APIEx,,Actif,2026-06-29T00:14:35.989629,haute
BJ-9E517A39,Power Bénin,Énergie & Environnement,Tchaourou,+229 26 15 77 92,power.bénin@power.bénin.com,,PME (10-50),B2C,APIEx,,Actif,2026-06-29T00:14:35.989641,moyenne
BJ-6F67F74C,Power Africa Bétérou,Énergie & Environnement,Bétérou,+229 76 55 17 44,power.africa.bétérou@power.africa.bétérou.bj,,PME (50-200),B2B,APIEx,,Actif,2026-06-29T00:14:35.989683,moyenne
BJ-F145876A,Solar Écologie,Énergie & Environnement,Bétérou,+229 58 50 40 16,,solarécologie.bj,TPE (<10),B2C,APIEx,,Actif,2026-06-29T00:14:35.989697,moyenne
BJ-89382ED7,Vert Solaire,Énergie & Environnement,Bétérou,+229 70 34 24 62,vert.solaire@vert.solaire.com,vertsolaire.bj,TPE (<10),B2C,APIEx,,Actif,2026-06-29T00:14:35.989709,haute
BJ-25FFF9D2,Solaire Power,Énergie & Environnement,Bétérou,+229 58 81 66 91,solaire.power@solaire.power.com,solairepower.bj,PME (10-50),B2C,APIEx,,Actif,2026-06-29T00:14:35.989723,haute
BJ-EEB46509,Assainissement Bénin,Énergie & Environnement,Bétérou,+229 49 95 31 29,assainissement.bénin@assainissement.bénin.benin,assainissementbénin.bj,PME (50-200),B2B,APIEx,,Actif,2026-06-29T00:14:35.989740,haute
BJ-2D2AA39B,Environnement Clean Environment,Énergie & Environnement,Ouessè,+229 68 53 80 95,environnement.clean.environment@environnement.clean.environment.bj,,PME (50-200),B2B,APIEx,,Actif,2026-06-29T00:14:35.989759,moyenne
BJ-612F8082,Assainissement,Énergie & Environnement,Ouessè,+229 79 71 71 22,assainissement@assainissement.net,,PME (50-200),B2C,APIEx,,Actif,2026-06-29T00:14:35.989770,moyenne
BJ-534B1548,Clean Power,Énergie & Environnement,Ouessè,+229 38 10 37 10,clean.power@clean.power.benin,,PME (50-200),B2B,APIEx,,Actif,2026-06-29T00:14:35.989782,moyenne
BJ-E5E599D8,Éolien Éolien Energy,Énergie & Environnement,Glazoué,+229 37 15 54 44,,,PME (10-50),B2B,APIEx,,Actif,2026-06-29T00:14:35.989820,basse
BJ-AF143AAF,Eau Environnement,Énergie & Environnement,Glazoué,+229 32 99 88 56,eau.environnement@eau.environnement.com,eauenvironnement.bj,TPE (<10),B2B,APIEx,,Actif,2026-06-29T00:14:35.989832,haute
BJ-9A2449F1,Éolien Énergie,Énergie & Environnement,Glazoué,+229 35 85 56 89,éolien.énergie@éolien.énergie.benin,éolienénergie.bj,PME (50-200),B2B,APIEx,,Actif,2026-06-29T00:14:35.989844,haute
BJ-3FDA7BD1,Éolien Renouvelable,Énergie & Environnement,Glazoué,+229 46 26 85 99,éolien.renouvelable@éolien.renouvelable.net,,PME (10-50),B2C,APIEx,,Actif,2026-06-29T00:14:35.989858,moyenne
BJ-1302866E,Assainissement,Énergie & Environnement,Glazoué,+229 22 16 63 72,,,TPE (<10),B2B,APIEx,,Actif,2026-06-29T00:14:35.989869,basse
BJ-30C3D6B5,Power,Énergie & Environnement,Dassa-Zoumè,+229 24 39 26 13,,,PME (10-50),B2C,APIEx,,Actif,2026-06-29T00:14:35.989885,basse
BJ-5BCFC74B,Solar Vert Dassa-Zoumè,Énergie & Environnement,Dassa-Zoumè,+229 85 90 20 45,solar.vert.dassazoumè@solar.vert.dassazoumè.com,,TPE (<10),B2B,APIEx,,Actif,2026-06-29T00:14:35.989956,moyenne
BJ-1BF3CC30,Environnement Solar,Énergie & Environnement,Dassa-Zoumè,+229 93 51 56 89,environnement.solar@environnement.solar.com,environnementsolar.bj,PME (10-50),B2B,APIEx,,Actif,2026-06-29T00:14:35.989975,haute
BJ-CE6832B0,Power Énergie SARL Dassa-Zoumè,Énergie & Environnement,Dassa-Zoumè,+229 44 85 74 72,,powerénergiesarldassazoumè.bj,TPE (<10),B2C,APIEx,,Actif,2026-06-29T00:14:35.989988,moyenne
BJ-31C9F722,Énergie Assainissement Water Dassa-Zoumè,Énergie & Environnement,Dassa-Zoumè,+229 55 91 50 19,énergie.assainissement.water.dassazoumè@énergie.assainissement.water.dassazoumè.benin,,Grande (>200),B2C,APIEx,,Actif,2026-06-29T00:14:35.990000,moyenne
BJ-D0C19206,Eau Energy Savalou,Énergie & Environnement,Savalou,+229 38 82 57 65,eau.energy.savalou@eau.energy.savalou.benin,,Grande (>200),B2B,APIEx,,Actif,2026-06-29T00:14:35.990035,moyenne
BJ-EA613652,Solar Solaire Bénin Savalou,Énergie & Environnement,Savalou,+229 47 11 54 46,,,PME (50-200),B2B,APIEx,,Actif,2026-06-29T00:14:35.990046,basse
BJ-6F429D26,Solar Énergie,Énergie & Environnement,Savalou,+229 37 39 20 45,solar.énergie@solar.énergie.net,solarénergie.bj,TPE (<10),B2C,APIEx,,Actif,2026-06-29T00:14:35.990059,haute
BJ-30B3CDEE,Power SARL,Énergie & Environnement,Savalou,+229 44 50 50 18,power.sarl@power.sarl.bj,powersarl.bj,TPE (<10),B2B,APIEx,,Actif,2026-06-29T00:14:35.990074,haute
BJ-EC3BB3BA,Écologie,Énergie & Environnement,Bantè,+229 79 12 97 45,,écologie.bj,TPE (<10),B2C,APIEx,,Actif,2026-06-29T00:14:35.990118,moyenne
BJ-61C3F1F3,Power Eau,Énergie & Environnement,Bantè,+229 38 30 84 34,,,Grande (>200),B2B,APIEx,,Actif,2026-06-29T00:14:35.990128,basse
BJ-955B9B80,Énergie,Énergie & Environnement,Bantè,+229 42 62 42 84,énergie@énergie.com,énergie.bj,PME (50-200),B2B,APIEx,,Actif,2026-06-29T00:14:35.990140,haute
BJ-5DEE04E5,Vert Renouvelable Environment,Énergie & Environnement,Bantè,+229 86 21 78 65,vert.renouvelable.environment@vert.renouvelable.environment.bj,vertrenouvelableenvironment.bj,PME (50-200),B2C,APIEx,,Actif,2026-06-29T00:14:35.990157,haute
BJ-5F75E1A2,Éolien Hydraulique Energy,Énergie & Environnement,Bantè,+229 90 69 12 37,,éolienhydrauliqueenergy.bj,TPE (<10),B2B,APIEx,,Actif,2026-06-29T00:14:35.990169,moyenne
BJ-2FF15B6C,Power Djougou,Énergie & Environnement,Djougou,+229 32 24 63 31,power.djougou@power.djougou.benin,,PME (10-50),B2C,APIEx,,Actif,2026-06-29T00:14:35.990186,moyenne
BJ-14D240AE,Vert Durable Power Djougou,Énergie & Environnement,Djougou,+229 28 84 62 23,vert.durable.power.djougou@vert.durable.power.djougou.bj,vertdurablepowerdjougou.bj,TPE (<10),B2C,APIEx,,Actif,2026-06-29T00:14:35.990209,haute
BJ-E4AF7BC3,Énergie Assainissement,Énergie & Environnement,Djougou,+229 37 42 66 59,énergie.assainissement@énergie.assainissement.org,énergieassainissement.bj,TPE (<10),B2C,APIEx,,Actif,2026-06-29T00:14:35.990225,haute
BJ-53A6F839,Power Durable Water,Énergie & Environnement,Djougou,+229 68 57 86 78,power.durable.water@power.durable.water.net,,TPE (<10),B2C,APIEx,,Actif,2026-06-29T00:14:35.990239,moyenne
BJ-EE8E4D4B,Vert,Énergie & Environnement,Ouèssè,+229 89 16 97 23,,,Grande (>200),B2C,APIEx,,Actif,2026-06-29T00:14:35.990255,basse
BJ-13D74219,Environnement,Énergie & Environnement,Ouèssè,+229 73 75 48 77,environnement@environnement.benin,environnement.bj,TPE (<10),B2C,APIEx,,Actif,2026-06-29T00:14:35.990268,haute
BJ-4E8E21EF,Power Environment,Énergie & Environnement,Ouèssè,+229 49 27 24 40,power.environment@power.environment.benin,,PME (50-200),B2C,APIEx,,Actif,2026-06-29T00:14:35.990279,moyenne
BJ-CE57F4E9,Power Assainissement SARL,Énergie & Environnement,Ouèssè,+229 65 74 59 31,power.assainissement.sarl@power.assainissement.sarl.bj,powerassainissementsarl.bj,Grande (>200),B2C,APIEx,,Actif,2026-06-29T00:14:35.990291,haute
BJ-BB4CD875,Écologie Environment,Énergie & Environnement,Ouèssè,+229 84 98 98 18,écologie.environment@écologie.environment.com,écologieenvironment.bj,TPE (<10),B2B,APIEx,,Actif,2026-06-29T00:14:35.990304,haute
BJ-E4A5E889,Écologie Bassila,Énergie & Environnement,Bassila,+229 39 50 29 39,écologie.bassila@écologie.bassila.bj,écologiebassila.bj,TPE (<10),B2C,APIEx,,Actif,2026-06-29T00:14:35.990322,haute
BJ-A45A82DE,Énergie Hydraulique SARL,Énergie & Environnement,Bassila,+229 87 35 24 32,,énergiehydrauliquesarl.bj,TPE (<10),B2B,APIEx,,Actif,2026-06-29T00:14:35.990346,moyenne
BJ-2E07B82E,Énergie Vert Power,Énergie & Environnement,Bassila,+229 96 90 17 17,énergie.vert.power@énergie.vert.power.benin,,PME (50-200),B2C,APIEx,,Actif,2026-06-29T00:14:35.990361,moyenne
BJ-5A5A4C19,Vert Énergie Environment,Énergie & Environnement,Bassila,+229 88 74 19 72,,verténergieenvironment.bj,TPE (<10),B2B,APIEx,,Actif,2026-06-29T00:14:35.990373,moyenne
BJ-0E186F80,Environnement Power Energy,Énergie & Environnement,Pehunco,+229 63 30 49 89,environnement.power.energy@environnement.power.energy.com,environnementpowerenergy.bj,TPE (<10),B2B,APIEx,,Actif,2026-06-29T00:14:35.990390,haute
BJ-2D49C34A,Éolien Solaire,Énergie & Environnement,Pehunco,+229 97 56 51 19,éolien.solaire@éolien.solaire.com,éoliensolaire.bj,TPE (<10),B2B,APIEx,,Actif,2026-06-29T00:14:35.990413,haute
BJ-738208BC,Eau Assainissement SARL,Énergie & Environnement,Pehunco,+229 82 25 61 76,eau.assainissement.sarl@eau.assainissement.sarl.com,eauassainissementsarl.bj,TPE (<10),B2B,APIEx,,Actif,2026-06-29T00:14:35.990424,haute
BJ-BB58B65D,Assainissement,Énergie & Environnement,Pehunco,+229 61 84 32 95,,,TPE (<10),B2B,APIEx,,Actif,2026-06-29T00:14:35.990434,basse
BJ-826AD197,Assainissement,Énergie & Environnement,Copargo,+229 35 63 11 95,assainissement@assainissement.com,assainissement.bj,TPE (<10),B2B,APIEx,,Actif,2026-06-29T00:14:35.990450,haute
BJ-51B9F8F0,Environnement Vert Copargo,Énergie & Environnement,Copargo,+229 63 54 42 39,,environnementvertcopargo.bj,TPE (<10),B2C,APIEx,,Actif,2026-06-29T00:14:35.990465,moyenne
BJ-EA8915BC,Power Assainissement Copargo,Énergie & Environnement,Copargo,+229 55 62 74 83,,,PME (50-200),B2B,APIEx,,Actif,2026-06-29T00:14:35.990475,basse
BJ-DE15FA3B,Éolien Solaire,Énergie & Environnement,Copargo,+229 32 43 68 32,éolien.solaire@éolien.solaire.org,éoliensolaire.bj,Grande (>200),B2B,APIEx,,Actif,2026-06-29T00:14:35.990492,haute
BJ-12A426FE,Eau Water,Énergie & Environnement,Copargo,+229 50 98 31 88,eau.water@eau.water.net,eauwater.bj,PME (10-50),B2B,APIEx,,Actif,2026-06-29T00:14:35.990504,haute
BJ-F1A4A565,Radio Media,Médias & Communication,Cotonou,+229 27 61 28 67,,radiomedia.bj,PME (50-200),B2B,APIEx,,Actif,2026-06-29T00:14:35.990533,moyenne
BJ-24E9F205,Radio Communication,Médias & Communication,Cotonou,+229 48 26 13 51,,radiocommunication.bj,PME (10-50),B2B,APIEx,,Actif,2026-06-29T00:14:35.990544,moyenne
BJ-581AAEE7,Journal Nouvelles Press Cotonou,Médias & Communication,Cotonou,+229 83 54 31 40,journal.nouvelles.press.cotonou@journal.nouvelles.press.cotonou.com,,Grande (>200),B2B,APIEx,,Actif,2026-06-29T00:14:35.990555,moyenne
BJ-CB06A6F6,Radio Communication,Médias & Communication,Abomey-Calavi,+229 32 31 31 54,radio.communication@radio.communication.benin,radiocommunication.bj,PME (50-200),B2B,APIEx,,Actif,2026-06-29T00:14:35.990587,haute
BJ-05C56D63,Télévision,Médias & Communication,Abomey-Calavi,+229 99 21 92 82,télévision@télévision.net,,PME (50-200),B2C,APIEx,,Actif,2026-06-29T00:14:35.990602,moyenne
BJ-467A5D2C,Information Africa Abomey-Calavi,Médias & Communication,Abomey-Calavi,+229 26 88 68 17,information.africa.abomeycalavi@information.africa.abomeycalavi.com,,PME (50-200),B2B,APIEx,,Actif,2026-06-29T00:14:35.990614,moyenne
BJ-467F8095,Communication International,Médias & Communication,Abomey-Calavi,+229 22 74 43 80,,communicationinternational.bj,PME (50-200),B2C,APIEx,,Actif,2026-06-29T00:14:35.990627,moyenne
BJ-262155DB,International Press Abomey-Calavi,Médias & Communication,Abomey-Calavi,+229 99 46 37 79,,internationalpressabomeycalavi.bj,TPE (<10),B2C,APIEx,,Actif,2026-06-29T00:14:35.990638,moyenne
BJ-CBF1F99F,Média Communication Porto-Novo,Médias & Communication,Porto-Novo,+229 55 75 80 26,,,TPE (<10),B2C,APIEx,,Actif,2026-06-29T00:14:35.990654,basse
BJ-D62DB45E,TV Communication Radio,Médias & Communication,Porto-Novo,+229 57 38 83 97,tv.communication.radio@tv.communication.radio.org,tvcommunicationradio.bj,Grande (>200),B2B,APIEx,,Actif,2026-06-29T00:14:35.990666,haute
BJ-791192AE,Presse Communication,Médias & Communication,Porto-Novo,+229 55 15 53 71,,pressecommunication.bj,Grande (>200),B2B,APIEx,,Actif,2026-06-29T00:14:35.990676,moyenne
BJ-7A1CAB08,Agence Presse,Médias & Communication,Porto-Novo,+229 96 98 84 78,agence.presse@agence.presse.com,,PME (10-50),B2B,APIEx,,Actif,2026-06-29T00:14:35.990691,moyenne
BJ-57614149,Radio Press,Médias & Communication,Porto-Novo,+229 96 20 21 46,radio.press@radio.press.org,radiopress.bj,PME (10-50),B2B,APIEx,,Actif,2026-06-29T00:14:35.990703,haute
BJ-A591A80A,Liberté Radio,Médias & Communication,Parakou,+229 50 79 60 79,,libertéradio.bj,PME (10-50),B2B,APIEx,,Actif,2026-06-29T00:14:35.990731,moyenne
BJ-EA2F6469,Média Communication Parakou,Médias & Communication,Parakou,+229 93 63 42 86,média.communication.parakou@média.communication.parakou.bj,médiacommunicationparakou.bj,Grande (>200),B2C,APIEx,,Actif,2026-06-29T00:14:35.990744,haute
BJ-8DE50784,Radio Presse Media,Médias & Communication,Parakou,+229 61 75 59 81,radio.presse.media@radio.presse.media.benin,radiopressemedia.bj,TPE (<10),B2C,APIEx,,Actif,2026-06-29T00:14:35.990758,haute
BJ-B2A08AD6,Journal Télévision,Médias & Communication,Parakou,+229 23 20 92 76,journal.télévision@journal.télévision.net,journaltélévision.bj,TPE (<10),B2C,APIEx,,Actif,2026-06-29T00:14:35.990771,haute
BJ-C30FBB28,Information,Médias & Communication,Bohicon,+229 84 64 40 38,information@information.com,information.bj,PME (10-50),B2B,APIEx,,Actif,2026-06-29T00:14:35.990788,haute
BJ-4D6723B3,Communication International,Médias & Communication,Bohicon,+229 69 24 35 17,communication.international@communication.international.org,communicationinternational.bj,PME (10-50),B2C,APIEx,,Actif,2026-06-29T00:14:35.990803,haute
BJ-03EB56D7,Presse Média Communication,Médias & Communication,Bohicon,+229 82 10 99 61,,pressemédiacommunication.bj,PME (10-50),B2B,APIEx,,Actif,2026-06-29T00:14:35.990815,moyenne
BJ-EDE94B7E,Journal Presse Bohicon,Médias & Communication,Bohicon,+229 48 90 11 35,,journalpressebohicon.bj,PME (50-200),B2B,APIEx,,Actif,2026-06-29T00:14:35.990826,moyenne
BJ-4727C54E,Nouvelles Press Bohicon,Médias & Communication,Bohicon,+229 46 65 86 84,,,TPE (<10),B2B,APIEx,,Actif,2026-06-29T00:14:35.990835,basse
BJ-7B78CBFB,Radio Publicité Radio,Médias & Communication,Natitingou,+229 29 34 10 38,radio.publicité.radio@radio.publicité.radio.benin,,PME (10-50),B2B,APIEx,,Actif,2026-06-29T00:14:35.990852,moyenne
BJ-4D611500,Média Journal,Médias & Communication,Natitingou,+229 99 55 34 12,,médiajournal.bj,Grande (>200),B2C,APIEx,,Actif,2026-06-29T00:14:35.990863,moyenne
BJ-E2E89EA7,Journal International Radio,Médias & Communication,Natitingou,+229 83 53 42 78,,journalinternationalradio.bj,PME (50-200),B2B,APIEx,,Actif,2026-06-29T00:14:35.990874,moyenne
BJ-BAEF8382,Radio International,Médias & Communication,Natitingou,+229 87 56 82 60,,,TPE (<10),B2B,APIEx,,Actif,2026-06-29T00:14:35.990898,basse
BJ-3533E9CD,Radio Natitingou,Médias & Communication,Natitingou,+229 20 73 50 24,radio.natitingou@radio.natitingou.benin,radionatitingou.bj,TPE (<10),B2C,APIEx,,Actif,2026-06-29T00:14:35.990933,haute
BJ-2F906904,Média,Médias & Communication,Lokossa,+229 41 85 19 74,,,TPE (<10),B2C,APIEx,,Actif,2026-06-29T00:14:35.990967,basse
BJ-B980D8F3,Média Publicité,Médias & Communication,Lokossa,+229 76 30 10 63,,médiapublicité.bj,PME (10-50),B2B,APIEx,,Actif,2026-06-29T00:14:35.990979,moyenne
BJ-1683A02C,Communication Radio Lokossa,Médias & Communication,Lokossa,+229 28 77 14 99,communication.radio.lokossa@communication.radio.lokossa.benin,,Grande (>200),B2B,APIEx,,Actif,2026-06-29T00:14:35.990990,moyenne
BJ-D880501C,Liberté Radio,Médias & Communication,Lokossa,+229 59 45 60 49,,libertéradio.bj,Grande (>200),B2B,APIEx,,Actif,2026-06-29T00:14:35.991001,moyenne
BJ-EB162A0C,Communication Communication,Médias & Communication,Lokossa,+229 84 97 45 61,,,TPE (<10),B2B,APIEx,,Actif,2026-06-29T00:14:35.991011,basse
BJ-F8A8385F,TV National TV,Médias & Communication,Ouidah,+229 42 24 27 94,,,TPE (<10),B2B,APIEx,,Actif,2026-06-29T00:14:35.991026,basse
BJ-46FFEC1E,Journal Liberté Media,Médias & Communication,Ouidah,+229 78 26 11 33,,journallibertémedia.bj,TPE (<10),B2B,APIEx,,Actif,2026-06-29T00:14:35.991047,moyenne
BJ-1F92251E,Média Liberté,Médias & Communication,Ouidah,+229 72 14 98 69,média.liberté@média.liberté.bj,médialiberté.bj,TPE (<10),B2C,APIEx,,Actif,2026-06-29T00:14:35.991062,haute
BJ-A440787B,TV Publicité,Médias & Communication,Ouidah,+229 26 21 33 57,,,PME (10-50),B2C,APIEx,,Actif,2026-06-29T00:14:35.991073,basse
BJ-DAC40B48,Journal National Media Savalou,Médias & Communication,Savalou,+229 61 58 61 64,,journalnationalmediasavalou.bj,TPE (<10),B2B,APIEx,,Actif,2026-06-29T00:14:35.991089,moyenne
BJ-F6A5A3C7,Radio Information,Médias & Communication,Savalou,+229 67 59 69 30,,radioinformation.bj,Grande (>200),B2C,APIEx,,Actif,2026-06-29T00:14:35.991100,moyenne
BJ-9143B7BF,Actualité Africa,Médias & Communication,Savalou,+229 30 11 93 71,,,TPE (<10),B2B,APIEx,,Actif,2026-06-29T00:14:35.991110,basse
BJ-0DAE942F,International Radio Savalou,Médias & Communication,Savalou,+229 91 61 81 22,,internationalradiosavalou.bj,TPE (<10),B2B,APIEx,,Actif,2026-06-29T00:14:35.991121,moyenne
BJ-D8B5AC5C,Presse International Communication,Médias & Communication,Savalou,+229 78 58 15 81,presse.international.communication@presse.international.communication.org,presseinternationalcommunication.bj,TPE (<10),B2C,APIEx,,Actif,2026-06-29T00:14:35.991136,haute
BJ-C9463B8C,Communication Publicité Dassa-Zoumè,Médias & Communication,Dassa-Zoumè,+229 27 69 76 11,,,TPE (<10),B2B,APIEx,,Actif,2026-06-29T00:14:35.991164,basse
BJ-588E4367,Communication Actualité News,Médias & Communication,Dassa-Zoumè,+229 82 53 82 34,,,PME (10-50),B2B,APIEx,,Actif,2026-06-29T00:14:35.991175,basse
BJ-B68B7EA8,Information Bénin,Médias & Communication,Dassa-Zoumè,+229 59 13 34 77,,informationbénin.bj,TPE (<10),B2C,APIEx,,Actif,2026-06-29T00:14:35.991188,moyenne
BJ-50DDBC30,Presse Presse Bénin,Médias & Communication,Dassa-Zoumè,+229 38 59 78 54,,,PME (50-200),B2B,APIEx,,Actif,2026-06-29T00:14:35.991202,basse
BJ-DEA93D92,Information,Médias & Communication,Kétou,+229 67 33 12 17,,information.bj,PME (10-50),B2B,APIEx,,Actif,2026-06-29T00:14:35.991218,moyenne
BJ-8B58D7AC,Actualité Bénin,Médias & Communication,Kétou,+229 79 62 64 63,actualité.bénin@actualité.bénin.org,actualitébénin.bj,TPE (<10),B2C,APIEx,,Actif,2026-06-29T00:14:35.991231,haute
BJ-F8424EE0,Journal Press,Médias & Communication,Kétou,+229 75 24 96 84,journal.press@journal.press.benin,journalpress.bj,TPE (<10),B2B,APIEx,,Actif,2026-06-29T00:14:35.991242,haute
BJ-B9C36A39,Journal International Radio,Médias & Communication,Kétou,+229 86 94 14 54,journal.international.radio@journal.international.radio.bj,journalinternationalradio.bj,PME (50-200),B2B,APIEx,,Actif,2026-06-29T00:14:35.991254,haute
BJ-20C78A5D,Agence National Press,Médias & Communication,Covè,+229 78 84 79 96,agence.national.press@agence.national.press.net,agencenationalpress.bj,PME (50-200),B2B,APIEx,,Actif,2026-06-29T00:14:35.991295,haute
BJ-1CBFBA37,Information Bénin,Médias & Communication,Covè,+229 92 38 53 21,information.bénin@information.bénin.benin,informationbénin.bj,TPE (<10),B2C,APIEx,,Actif,2026-06-29T00:14:35.991308,haute
BJ-062E3520,Presse Liberté Bénin,Médias & Communication,Covè,+229 42 12 21 33,presse.liberté.bénin@presse.liberté.bénin.bj,presselibertébénin.bj,PME (10-50),B2C,APIEx,,Actif,2026-06-29T00:14:35.991321,haute
BJ-E51EB83D,International,Médias & Communication,Covè,+229 93 47 62 53,international@international.net,international.bj,PME (50-200),B2B,APIEx,,Actif,2026-06-29T00:14:35.991335,haute
BJ-C4FD814F,TV Média Africa,Médias & Communication,Covè,+229 42 70 42 11,tv.média.africa@tv.média.africa.benin,tvmédiaafrica.bj,TPE (<10),B2C,APIEx,,Actif,2026-06-29T00:14:35.991348,haute
BJ-D59C01D8,Agence International Communication Pobè,Médias & Communication,Pobè,+229 46 42 52 87,agence.international.communication.pobè@agence.international.communication.pobè.net,agenceinternationalcommunicationpobè.bj,PME (50-200),B2B,APIEx,,Actif,2026-06-29T00:14:35.991366,haute
BJ-DA0DD44B,Agence Liberté,Médias & Communication,Pobè,+229 90 14 44 96,,,PME (10-50),B2C,APIEx,,Actif,2026-06-29T00:14:35.991376,basse
BJ-27D17604,Communication Radio Communication,Médias & Communication,Pobè,+229 21 21 45 30,communication.radio.communication@communication.radio.communication.bj,communicationradiocommunication.bj,TPE (<10),B2C,APIEx,,Actif,2026-06-29T00:14:35.991387,haute
BJ-23FDE21B,Publicité Press Pobè,Médias & Communication,Pobè,+229 25 90 34 51,,publicitépresspobè.bj,TPE (<10),B2B,APIEx,,Actif,2026-06-29T00:14:35.991399,moyenne
BJ-4B135054,Nouvelles News Pobè,Médias & Communication,Pobè,+229 66 81 16 39,nouvelles.news.pobè@nouvelles.news.pobè.org,nouvellesnewspobè.bj,PME (50-200),B2B,APIEx,,Actif,2026-06-29T00:14:35.991410,haute
BJ-0C3C2D7F,Communication Télévision News,Médias & Communication,Sakété,+229 36 41 71 41,communication.télévision.news@communication.télévision.news.com,communicationtélévisionnews.bj,PME (10-50),B2C,APIEx,,Actif,2026-06-29T00:14:35.991430,haute
BJ-B1D1499B,TV Actualité Radio Sakété,Médias & Communication,Sakété,+229 70 40 66 52,tv.actualité.radio.sakété@tv.actualité.radio.sakété.org,,TPE (<10),B2C,APIEx,,Actif,2026-06-29T00:14:35.991446,moyenne
BJ-654409F9,Média Information,Médias & Communication,Sakété,+229 67 16 52 83,média.information@média.information.bj,médiainformation.bj,PME (50-200),B2B,APIEx,,Actif,2026-06-29T00:14:35.991460,haute
BJ-AA0E994C,Radio Publicité Bénin Sakété,Médias & Communication,Sakété,+229 48 56 71 13,,radiopublicitébéninsakété.bj,TPE (<10),B2C,APIEx,,Actif,2026-06-29T00:14:35.991475,moyenne
BJ-3F00599F,Démocratie,Médias & Communication,Sakété,+229 63 90 50 87,démocratie@démocratie.net,démocratie.bj,TPE (<10),B2B,APIEx,,Actif,2026-06-29T00:14:35.991487,haute
BJ-73F81B7F,Communication Publicité Bénin,Médias & Communication,Adjara,+229 50 54 44 37,communication.publicité.bénin@communication.publicité.bénin.org,,TPE (<10),B2B,APIEx,,Actif,2026-06-29T00:14:35.991504,moyenne
BJ-DC7CAB7C,Média,Médias & Communication,Adjara,+229 49 20 20 22,média@média.benin,média.bj,PME (50-200),B2C,APIEx,,Actif,2026-06-29T00:14:35.991516,haute
BJ-1C5C5ED3,Radio,Médias & Communication,Adjara,+229 25 72 97 64,radio@radio.org,,TPE (<10),B2C,APIEx,,Actif,2026-06-29T00:14:35.991527,moyenne
BJ-3C98C060,Agence Démocratie Bénin Adjara,Médias & Communication,Adjara,+229 57 77 64 20,,,TPE (<10),B2B,APIEx,,Actif,2026-06-29T00:14:35.991538,basse
BJ-CD2D665D,Télévision Media,Médias & Communication,Adjara,+229 30 76 97 82,télévision.media@télévision.media.net,,TPE (<10),B2B,APIEx,,Actif,2026-06-29T00:14:35.991549,moyenne
BJ-A7FBABC1,Démocratie,Médias & Communication,Allada,+229 84 43 39 72,,démocratie.bj,TPE (<10),B2B,APIEx,,Actif,2026-06-29T00:14:35.991565,moyenne
BJ-69DF5F9C,Journal Information,Médias & Communication,Allada,+229 79 72 29 42,,,TPE (<10),B2C,APIEx,,Actif,2026-06-29T00:14:35.991575,basse
BJ-70C0D291,Média Média News Allada,Médias & Communication,Allada,+229 91 16 19 62,média.média.news.allada@média.média.news.allada.com,,TPE (<10),B2C,APIEx,,Actif,2026-06-29T00:14:35.991600,moyenne
BJ-2258E257,Communication Télévision Allada,Médias & Communication,Allada,+229 87 17 92 51,communication.télévision.allada@communication.télévision.allada.org,communicationtélévisionallada.bj,Grande (>200),B2C,APIEx,,Actif,2026-06-29T00:14:35.991613,haute
BJ-CE562E9C,Média,Médias & Communication,Aplahoué,+229 85 67 66 56,média@média.net,,TPE (<10),B2C,APIEx,,Actif,2026-06-29T00:14:35.991652,moyenne
BJ-3187724F,Presse Média,Médias & Communication,Aplahoué,+229 65 39 58 90,presse.média@presse.média.com,pressemédia.bj,Grande (>200),B2C,APIEx,,Actif,2026-06-29T00:14:35.991663,haute
BJ-2DE13289,Information,Médias & Communication,Aplahoué,+229 42 99 84 63,information@information.com,,PME (50-200),B2B,APIEx,,Actif,2026-06-29T00:14:35.991674,moyenne
BJ-A941C582,Journal Actualité TV,Médias & Communication,Dogbo-Tota,+229 74 84 69 26,journal.actualité.tv@journal.actualité.tv.com,journalactualitétv.bj,TPE (<10),B2B,APIEx,,Actif,2026-06-29T00:14:35.991692,haute
BJ-9812C859,Radio,Médias & Communication,Dogbo-Tota,+229 69 22 52 54,,radio.bj,PME (10-50),B2C,APIEx,,Actif,2026-06-29T00:14:35.991706,moyenne
BJ-68D6FB5D,Communication Information Media,Médias & Communication,Dogbo-Tota,+229 30 27 29 93,communication.information.media@communication.information.media.benin,,PME (10-50),B2C,APIEx,,Actif,2026-06-29T00:14:35.991718,moyenne
BJ-A382225A,Radio Journal Bénin,Médias & Communication,Dogbo-Tota,+229 67 28 52 10,radio.journal.bénin@radio.journal.bénin.com,radiojournalbénin.bj,Grande (>200),B2C,APIEx,,Actif,2026-06-29T00:14:35.991732,haute
BJ-513A8F0E,Démocratie,Médias & Communication,Dogbo-Tota,+229 61 85 86 53,démocratie@démocratie.bj,,Grande (>200),B2C,APIEx,,Actif,2026-06-29T00:14:35.991744,moyenne
BJ-17DD5259,Journal Radio,Médias & Communication,Kpomassè,+229 36 74 36 13,,journalradio.bj,PME (10-50),B2C,APIEx,,Actif,2026-06-29T00:14:35.991764,moyenne
BJ-11C97A0A,Journal Média News Kpomassè,Médias & Communication,Kpomassè,+229 90 26 41 79,journal.média.news.kpomassè@journal.média.news.kpomassè.com,journalmédianewskpomassè.bj,TPE (<10),B2B,APIEx,,Actif,2026-06-29T00:14:35.991780,haute
BJ-3D9A205D,Média Communication,Médias & Communication,Kpomassè,+229 36 97 72 94,média.communication@média.communication.org,médiacommunication.bj,PME (10-50),B2B,APIEx,,Actif,2026-06-29T00:14:35.991793,haute
BJ-85E2420C,Information Bénin,Médias & Communication,Kpomassè,+229 39 85 85 44,information.bénin@information.bénin.com,informationbénin.bj,PME (10-50),B2B,APIEx,,Actif,2026-06-29T00:14:35.991805,haute
BJ-201D8496,Actualité TV,Médias & Communication,Kpomassè,+229 42 49 76 59,actualité.tv@actualité.tv.net,actualitétv.bj,TPE (<10),B2C,APIEx,,Actif,2026-06-29T00:14:35.991817,haute
BJ-1A7A5BE6,Démocratie Tori-Bossito,Médias & Communication,Tori-Bossito,+229 59 51 58 65,démocratie.toribossito@démocratie.toribossito.net,,PME (50-200),B2B,APIEx,,Actif,2026-06-29T00:14:35.991846,moyenne
BJ-243FBC3D,Presse Radio Tori-Bossito,Médias & Communication,Tori-Bossito,+229 84 23 89 83,,,TPE (<10),B2C,APIEx,,Actif,2026-06-29T00:14:35.991856,basse
BJ-C00D4AD6,Presse Publicité,Médias & Communication,Tori-Bossito,+229 35 74 39 84,presse.publicité@presse.publicité.bj,pressepublicité.bj,PME (10-50),B2B,APIEx,,Actif,2026-06-29T00:14:35.991871,haute
BJ-9AB35C49,Communication,Médias & Communication,Tori-Bossito,+229 24 68 24 26,,communication.bj,TPE (<10),B2B,APIEx,,Actif,2026-06-29T00:14:35.991882,moyenne
BJ-5594DB6A,Agence International,Médias & Communication,Grand-Popo,+229 63 20 95 16,agence.international@agence.international.com,agenceinternational.bj,Grande (>200),B2C,APIEx,,Actif,2026-06-29T00:14:35.991928,haute
BJ-780D9CFF,Radio Démocratie,Médias & Communication,Grand-Popo,+229 77 68 26 23,,radiodémocratie.bj,PME (50-200),B2B,APIEx,,Actif,2026-06-29T00:14:35.991940,moyenne
BJ-029166B8,Publicité TV Grand-Popo,Médias & Communication,Grand-Popo,+229 45 16 98 72,,publicitétvgrandpopo.bj,TPE (<10),B2C,APIEx,,Actif,2026-06-29T00:14:35.991967,moyenne
BJ-A1EC4C9C,Presse Média Communication,Médias & Communication,Grand-Popo,+229 81 88 78 21,,pressemédiacommunication.bj,PME (10-50),B2B,APIEx,,Actif,2026-06-29T00:14:35.991981,moyenne
BJ-4AD14EBD,Publicité News,Médias & Communication,Grand-Popo,+229 77 56 64 22,publicité.news@publicité.news.bj,publiciténews.bj,PME (50-200),B2C,APIEx,,Actif,2026-06-29T00:14:35.991994,haute
BJ-963E6385,Information,Médias & Communication,Athiémé,+229 92 90 61 70,information@information.net,information.bj,TPE (<10),B2C,APIEx,,Actif,2026-06-29T00:14:35.992011,haute
BJ-254D2151,Journal Télévision Bénin,Médias & Communication,Athiémé,+229 64 48 92 15,journal.télévision.bénin@journal.télévision.bénin.org,journaltélévisionbénin.bj,PME (50-200),B2C,APIEx,,Actif,2026-06-29T00:14:35.992027,haute
BJ-0550C034,TV Démocratie,Médias & Communication,Athiémé,+229 89 44 62 27,tv.démocratie@tv.démocratie.bj,tvdémocratie.bj,Grande (>200),B2C,APIEx,,Actif,2026-06-29T00:14:35.992040,haute
BJ-BAC7CCC7,Démocratie Media,Médias & Communication,Athiémé,+229 66 27 72 49,démocratie.media@démocratie.media.benin,,PME (10-50),B2C,APIEx,,Actif,2026-06-29T00:14:35.992054,moyenne
BJ-E5EC5062,National,Médias & Communication,Athiémé,+229 47 27 76 62,,,Grande (>200),B2B,APIEx,,Actif,2026-06-29T00:14:35.992065,basse
BJ-6283A071,Journal Communication Communication,Médias & Communication,Bopa,+229 99 77 75 33,,journalcommunicationcommunication.bj,PME (50-200),B2C,APIEx,,Actif,2026-06-29T00:14:35.992081,moyenne
BJ-FF569A7C,Agence Liberté,Médias & Communication,Bopa,+229 20 50 32 31,,,TPE (<10),B2B,APIEx,,Actif,2026-06-29T00:14:35.992092,basse
BJ-095FF424,Nouvelles TV,Médias & Communication,Bopa,+229 75 32 71 85,nouvelles.tv@nouvelles.tv.org,,TPE (<10),B2B,APIEx,,Actif,2026-06-29T00:14:35.992103,moyenne
BJ-5FAC1B0C,Journal Radio,Médias & Communication,Bopa,+229 77 67 81 57,journal.radio@journal.radio.com,journalradio.bj,PME (10-50),B2C,APIEx,,Actif,2026-06-29T00:14:35.992114,haute
BJ-60E3946A,TV Liberté,Médias & Communication,Bopa,+229 27 86 95 43,tv.liberté@tv.liberté.net,tvliberté.bj,PME (10-50),B2B,APIEx,,Actif,2026-06-29T00:14:35.992129,haute
BJ-F4C29440,TV Journal News,Médias & Communication,Houéyogbé,+229 91 42 73 52,,,Grande (>200),B2B,APIEx,,Actif,2026-06-29T00:14:35.992145,basse
BJ-0F9B5F2F,Presse Nouvelles,Médias & Communication,Houéyogbé,+229 80 77 60 88,presse.nouvelles@presse.nouvelles.org,pressenouvelles.bj,TPE (<10),B2B,APIEx,,Actif,2026-06-29T00:14:35.992157,haute
BJ-21EECEBD,Média Information Africa,Médias & Communication,Houéyogbé,+229 82 94 20 17,média.information.africa@média.information.africa.com,médiainformationafrica.bj,TPE (<10),B2B,APIEx,,Actif,2026-06-29T00:14:35.992169,haute
BJ-F81A79E7,Presse Télévision Bénin Houéyogbé,Médias & Communication,Houéyogbé,+229 62 47 47 77,presse.télévision.bénin.houéyogbé@presse.télévision.bénin.houéyogbé.net,pressetélévisionbéninhouéyogbé.bj,PME (50-200),B2B,APIEx,,Actif,2026-06-29T00:14:35.992185,haute
BJ-521E6C86,Radio Houéyogbé,Médias & Communication,Houéyogbé,+229 23 86 32 22,radio.houéyogbé@radio.houéyogbé.com,radiohouéyogbé.bj,TPE (<10),B2C,APIEx,,Actif,2026-06-29T00:14:35.992198,haute
BJ-8AFC2ADC,Journal Radio,Médias & Communication,Malanville,+229 33 12 13 56,,,PME (10-50),B2B,APIEx,,Actif,2026-06-29T00:14:35.992212,basse
BJ-A01B856D,TV Presse,Médias & Communication,Malanville,+229 33 11 52 90,tv.presse@tv.presse.bj,tvpresse.bj,PME (50-200),B2C,APIEx,,Actif,2026-06-29T00:14:35.992227,haute
BJ-D8743A6B,Média Communication Malanville,Médias & Communication,Malanville,+229 56 43 43 41,média.communication.malanville@média.communication.malanville.com,médiacommunicationmalanville.bj,PME (50-200),B2B,APIEx,,Actif,2026-06-29T00:14:35.992240,haute
BJ-41B45D42,Journal Nouvelles Communication,Médias & Communication,Malanville,+229 88 23 29 35,journal.nouvelles.communication@journal.nouvelles.communication.com,journalnouvellescommunication.bj,TPE (<10),B2B,APIEx,,Actif,2026-06-29T00:14:35.992252,haute
BJ-9C1D5FB4,Communication Publicité Malanville,Médias & Communication,Malanville,+229 53 92 71 12,,communicationpublicitémalanville.bj,TPE (<10),B2C,APIEx,,Actif,2026-06-29T00:14:35.992263,moyenne
BJ-AA75CD0B,National Kandi,Médias & Communication,Kandi,+229 38 20 65 12,national.kandi@national.kandi.bj,,PME (10-50),B2C,APIEx,,Actif,2026-06-29T00:14:35.992293,moyenne
BJ-3D56B0DE,Presse Média,Médias & Communication,Kandi,+229 72 55 26 24,,pressemédia.bj,TPE (<10),B2C,APIEx,,Actif,2026-06-29T00:14:35.992304,moyenne
BJ-799D7091,Radio Journal,Médias & Communication,Kandi,+229 36 99 41 30,radio.journal@radio.journal.com,radiojournal.bj,TPE (<10),B2C,APIEx,,Actif,2026-06-29T00:14:35.992321,haute
BJ-3EDC9A29,International Press,Médias & Communication,Kandi,+229 81 13 39 39,international.press@international.press.com,internationalpress.bj,TPE (<10),B2C,APIEx,,Actif,2026-06-29T00:14:35.992334,haute
BJ-5FD410C9,Radio Media,Médias & Communication,Banikoara,+229 68 92 38 73,,radiomedia.bj,TPE (<10),B2B,APIEx,,Actif,2026-06-29T00:14:35.992350,moyenne
BJ-1B11A310,TV Démocratie,Médias & Communication,Banikoara,+229 90 22 30 89,tv.démocratie@tv.démocratie.net,tvdémocratie.bj,PME (50-200),B2B,APIEx,,Actif,2026-06-29T00:14:35.992373,haute
BJ-1E0B9F60,Agence Média News,Médias & Communication,Banikoara,+229 43 13 91 73,,,TPE (<10),B2B,APIEx,,Actif,2026-06-29T00:14:35.992383,basse
BJ-EBEECDC8,Radio Démocratie Banikoara,Médias & Communication,Banikoara,+229 94 70 53 81,,radiodémocratiebanikoara.bj,PME (50-200),B2C,APIEx,,Actif,2026-06-29T00:14:35.992395,moyenne
BJ-35BEE1B6,TV Télévision Press,Médias & Communication,Ségbana,+229 59 75 86 97,,tvtélévisionpress.bj,TPE (<10),B2C,APIEx,,Actif,2026-06-29T00:14:35.992411,moyenne
BJ-B4614511,Radio Presse,Médias & Communication,Ségbana,+229 56 31 23 31,radio.presse@radio.presse.bj,radiopresse.bj,TPE (<10),B2C,APIEx,,Actif,2026-06-29T00:14:35.992426,haute
BJ-0A2FA19D,Liberté Ségbana,Médias & Communication,Ségbana,+229 96 51 19 85,,libertéségbana.bj,PME (50-200),B2C,APIEx,,Actif,2026-06-29T00:14:35.992441,moyenne
BJ-21F8D56C,Actualité,Médias & Communication,Ségbana,+229 55 79 76 55,actualité@actualité.org,,PME (10-50),B2B,APIEx,,Actif,2026-06-29T00:14:35.992455,moyenne
BJ-EF0A5152,Communication International,Médias & Communication,Ségbana,+229 38 50 67 84,communication.international@communication.international.benin,communicationinternational.bj,TPE (<10),B2C,APIEx,,Actif,2026-06-29T00:14:35.992482,haute
BJ-22DBF65F,Communication Média News Karimama,Médias & Communication,Karimama,+229 86 70 71 45,communication.média.news.karimama@communication.média.news.karimama.bj,communicationmédianewskarimama.bj,TPE (<10),B2C,APIEx,,Actif,2026-06-29T00:14:35.992501,haute
BJ-1E5A3D76,Agence Nouvelles,Médias & Communication,Karimama,+229 87 82 45 54,,agencenouvelles.bj,PME (10-50),B2B,APIEx,,Actif,2026-06-29T00:14:35.992512,moyenne
BJ-C2C0AD68,Radio Media,Médias & Communication,Karimama,+229 60 95 69 90,,radiomedia.bj,TPE (<10),B2B,APIEx,,Actif,2026-06-29T00:14:35.992522,moyenne
BJ-DD54DE10,Radio Africa,Médias & Communication,Karimama,+229 82 34 47 43,,,PME (50-200),B2B,APIEx,,Actif,2026-06-29T00:14:35.992532,basse
BJ-8A8A3261,TV Radio,Médias & Communication,Karimama,+229 88 82 35 37,tv.radio@tv.radio.com,tvradio.bj,PME (10-50),B2C,APIEx,,Actif,2026-06-29T00:14:35.992543,haute
BJ-4FE91A25,Radio TV Gogounou,Médias & Communication,Gogounou,+229 90 96 87 43,radio.tv.gogounou@radio.tv.gogounou.org,,Grande (>200),B2C,APIEx,,Actif,2026-06-29T00:14:35.992560,moyenne
BJ-209A7999,Information Radio,Médias & Communication,Gogounou,+229 90 82 83 43,information.radio@information.radio.com,informationradio.bj,TPE (<10),B2C,APIEx,,Actif,2026-06-29T00:14:35.992571,haute
BJ-50B5949E,Radio Media,Médias & Communication,Gogounou,+229 25 38 17 78,,radiomedia.bj,Grande (>200),B2C,APIEx,,Actif,2026-06-29T00:14:35.992582,moyenne
BJ-70179963,Actualité Media,Médias & Communication,Gogounou,+229 23 56 18 17,actualité.media@actualité.media.benin,actualitémedia.bj,TPE (<10),B2C,APIEx,,Actif,2026-06-29T00:14:35.992609,haute
BJ-6278634D,Radio Nouvelles News,Médias & Communication,Cobly,+229 27 36 32 35,,radionouvellesnews.bj,PME (10-50),B2B,APIEx,,Actif,2026-06-29T00:14:35.992626,moyenne
BJ-8CC604A0,TV Télévision Radio,Médias & Communication,Cobly,+229 54 43 75 25,tv.télévision.radio@tv.télévision.radio.com,tvtélévisionradio.bj,PME (10-50),B2C,APIEx,,Actif,2026-06-29T00:14:35.992648,haute
BJ-240B57C9,Actualité Press,Médias & Communication,Cobly,+229 97 30 33 12,,,PME (50-200),B2C,APIEx,,Actif,2026-06-29T00:14:35.992662,basse
BJ-958E7382,Communication Information,Médias & Communication,Cobly,+229 50 11 67 72,,communicationinformation.bj,PME (10-50),B2C,APIEx,,Actif,2026-06-29T00:14:35.992673,moyenne
BJ-56352BD0,Démocratie,Médias & Communication,Tanguiéta,+229 73 45 75 63,,démocratie.bj,PME (10-50),B2C,APIEx,,Actif,2026-06-29T00:14:35.992689,moyenne
BJ-E8D4BDC7,Journal Media,Médias & Communication,Tanguiéta,+229 33 12 33 27,,journalmedia.bj,PME (10-50),B2B,APIEx,,Actif,2026-06-29T00:14:35.992700,moyenne
BJ-F92CADEC,Agence International,Médias & Communication,Tanguiéta,+229 62 98 98 33,agence.international@agence.international.com,agenceinternational.bj,PME (10-50),B2C,APIEx,,Actif,2026-06-29T00:14:35.992712,haute
BJ-A7A204C1,Communication Communication Tanguiéta,Médias & Communication,Tanguiéta,+229 64 96 26 88,,,TPE (<10),B2C,APIEx,,Actif,2026-06-29T00:14:35.992725,basse
BJ-362EC67B,Agence International Radio,Médias & Communication,Tanguiéta,+229 85 78 31 82,agence.international.radio@agence.international.radio.benin,agenceinternationalradio.bj,PME (10-50),B2B,APIEx,,Actif,2026-06-29T00:14:35.992737,haute
BJ-C8EEBF6A,Actualité,Médias & Communication,Matéri,+229 47 11 76 73,actualité@actualité.bj,,PME (10-50),B2C,APIEx,,Actif,2026-06-29T00:14:35.992757,moyenne
BJ-1F15345A,Journal Communication,Médias & Communication,Matéri,+229 54 76 67 80,journal.communication@journal.communication.com,,PME (10-50),B2C,APIEx,,Actif,2026-06-29T00:14:35.992770,moyenne
BJ-DCB1E8EE,Communication Matéri,Médias & Communication,Matéri,+229 65 76 58 80,,communicationmatéri.bj,PME (10-50),B2B,APIEx,,Actif,2026-06-29T00:14:35.992781,moyenne
BJ-86A361EE,Journal Démocratie Communication,Médias & Communication,Matéri,+229 59 33 52 94,,journaldémocratiecommunication.bj,PME (10-50),B2C,APIEx,,Actif,2026-06-29T00:14:35.992792,moyenne
BJ-BE1AC94A,Nouvelles,Médias & Communication,Matéri,+229 34 35 87 87,nouvelles@nouvelles.benin,nouvelles.bj,TPE (<10),B2B,APIEx,,Actif,2026-06-29T00:14:35.992803,haute
BJ-7F8DD70C,Radio Média Radio,Médias & Communication,Natitingou,+229 82 64 63 69,radio.média.radio@radio.média.radio.org,,PME (50-200),B2B,APIEx,,Actif,2026-06-29T00:14:35.992838,moyenne
BJ-064DF439,National Media,Médias & Communication,Natitingou,+229 30 70 26 29,national.media@national.media.net,nationalmedia.bj,PME (10-50),B2B,APIEx,,Actif,2026-06-29T00:14:35.992881,haute
BJ-3C758741,International News,Médias & Communication,Natitingou,+229 53 90 48 66,,,TPE (<10),B2B,APIEx,,Actif,2026-06-29T00:14:35.992905,basse
BJ-0C8B7D2A,Information Media Natitingou,Médias & Communication,Natitingou,+229 35 78 77 72,information.media.natitingou@information.media.natitingou.net,informationmedianatitingou.bj,TPE (<10),B2B,APIEx,,Actif,2026-06-29T00:14:35.992924,haute
BJ-CE17533C,Presse Nouvelles,Médias & Communication,Toucountouna,+229 35 96 53 93,presse.nouvelles@presse.nouvelles.com,pressenouvelles.bj,PME (50-200),B2C,APIEx,,Actif,2026-06-29T00:14:35.992942,haute
BJ-6FBFB137,Agence Radio Bénin,Médias & Communication,Toucountouna,+229 51 40 45 41,,,PME (10-50),B2C,APIEx,,Actif,2026-06-29T00:14:35.992965,basse
BJ-F59DFF4D,Agence Presse Press,Médias & Communication,Toucountouna,+229 49 49 15 70,agence.presse.press@agence.presse.press.benin,agencepressepress.bj,TPE (<10),B2B,APIEx,,Actif,2026-06-29T00:14:35.992980,haute
BJ-22BE3CE7,Publicité Bénin,Médias & Communication,Toucountouna,+229 43 11 19 79,publicité.bénin@publicité.bénin.com,publicitébénin.bj,PME (10-50),B2B,APIEx,,Actif,2026-06-29T00:14:35.993014,haute
BJ-B27BB56F,Journal Nouvelles Boukoumbé,Médias & Communication,Boukoumbé,+229 24 95 50 96,,journalnouvellesboukoumbé.bj,Grande (>200),B2C,APIEx,,Actif,2026-06-29T00:14:35.993037,moyenne
BJ-63EAB81C,Journal Information,Médias & Communication,Boukoumbé,+229 77 76 64 94,,journalinformation.bj,Grande (>200),B2B,APIEx,,Actif,2026-06-29T00:14:35.993049,moyenne
BJ-A524DA9F,Média Journal,Médias & Communication,Boukoumbé,+229 99 54 92 30,média.journal@média.journal.net,médiajournal.bj,TPE (<10),B2B,APIEx,,Actif,2026-06-29T00:14:35.993063,haute
BJ-677EA31D,TV Liberté Bénin Boukoumbé,Médias & Communication,Boukoumbé,+229 86 93 10 68,,tvlibertébéninboukoumbé.bj,TPE (<10),B2C,APIEx,,Actif,2026-06-29T00:14:35.993080,moyenne
BJ-CFCBC5E4,Communication Liberté,Médias & Communication,Boukoumbé,+229 71 16 85 64,communication.liberté@communication.liberté.bj,communicationliberté.bj,PME (10-50),B2B,APIEx,,Actif,2026-06-29T00:14:35.993093,haute
BJ-BD16CDAA,Journal News,Médias & Communication,Kouandé,+229 98 32 90 33,,,PME (10-50),B2B,APIEx,,Actif,2026-06-29T00:14:35.993109,basse
BJ-8ADBD2F0,Média Communication Radio,Médias & Communication,Kouandé,+229 63 93 16 63,,médiacommunicationradio.bj,TPE (<10),B2B,APIEx,,Actif,2026-06-29T00:14:35.993134,moyenne
BJ-D040005B,Télévision Press Kouandé,Médias & Communication,Kouandé,+229 39 19 45 12,,télévisionpresskouandé.bj,PME (10-50),B2B,APIEx,,Actif,2026-06-29T00:14:35.993145,moyenne
BJ-D42BBA05,TV Liberté,Médias & Communication,Péhunco,+229 34 28 85 31,tv.liberté@tv.liberté.net,,TPE (<10),B2B,APIEx,,Actif,2026-06-29T00:14:35.993183,moyenne
BJ-EA674133,Télévision Péhunco,Médias & Communication,Péhunco,+229 62 76 19 34,télévision.péhunco@télévision.péhunco.com,télévisionpéhunco.bj,PME (50-200),B2C,APIEx,,Actif,2026-06-29T00:14:35.993196,haute
BJ-5DDF8BC8,Nouvelles News,Médias & Communication,Péhunco,+229 73 42 46 62,,,PME (10-50),B2C,APIEx,,Actif,2026-06-29T00:14:35.993209,basse
BJ-CAE65BC5,TV Publicité Péhunco,Médias & Communication,Péhunco,+229 69 57 67 61,tv.publicité.péhunco@tv.publicité.péhunco.com,tvpublicitépéhunco.bj,PME (10-50),B2B,APIEx,,Actif,2026-06-29T00:14:35.993227,haute
BJ-CBF613BB,Presse Média,Médias & Communication,Péhunco,+229 65 17 69 63,presse.média@presse.média.bj,pressemédia.bj,TPE (<10),B2B,APIEx,,Actif,2026-06-29T00:14:35.993240,haute
BJ-489CA2D3,Média Journal,Médias & Communication,Tchaourou,+229 58 44 14 11,média.journal@média.journal.net,médiajournal.bj,TPE (<10),B2C,APIEx,,Actif,2026-06-29T00:14:35.993257,haute
BJ-A9A7BDF4,Radio Liberté,Médias & Communication,Tchaourou,+229 64 82 27 31,,,PME (10-50),B2B,APIEx,,Actif,2026-06-29T00:14:35.993292,basse
BJ-1335E7D7,Communication Communication,Médias & Communication,Tchaourou,+229 49 50 85 94,,communicationcommunication.bj,PME (10-50),B2C,APIEx,,Actif,2026-06-29T00:14:35.993315,moyenne
BJ-7164456B,Actualité Radio,Médias & Communication,Nikki,+229 55 13 80 34,,actualitéradio.bj,PME (50-200),B2B,APIEx,,Actif,2026-06-29T00:14:35.993346,moyenne
BJ-60F936DA,TV Liberté Radio,Médias & Communication,Nikki,+229 59 53 52 55,,,TPE (<10),B2C,APIEx,,Actif,2026-06-29T00:14:35.993356,basse
BJ-B9E1545F,Nouvelles,Médias & Communication,Nikki,+229 24 50 37 35,,nouvelles.bj,Grande (>200),B2B,APIEx,,Actif,2026-06-29T00:14:35.993367,moyenne
BJ-3F09578D,Média Information,Médias & Communication,Nikki,+229 53 13 17 38,média.information@média.information.benin,,Grande (>200),B2B,APIEx,,Actif,2026-06-29T00:14:35.993381,moyenne
BJ-71427AB2,Radio,Médias & Communication,Nikki,+229 72 61 84 87,radio@radio.benin,radio.bj,PME (50-200),B2C,APIEx,,Actif,2026-06-29T00:14:35.993394,haute
BJ-4AC5BEB2,Presse National,Médias & Communication,Bembéréké,+229 63 80 55 43,,,Grande (>200),B2B,APIEx,,Actif,2026-06-29T00:14:35.993409,basse
BJ-9EA83E74,Radio,Médias & Communication,Bembéréké,+229 91 45 23 58,radio@radio.org,,TPE (<10),B2C,APIEx,,Actif,2026-06-29T00:14:35.993433,moyenne
BJ-BF90B18C,National Bembéréké,Médias & Communication,Bembéréké,+229 65 26 63 58,national.bembéréké@national.bembéréké.org,,PME (50-200),B2C,APIEx,,Actif,2026-06-29T00:14:35.993445,moyenne
BJ-4FB6564B,Agence Liberté Africa,Médias & Communication,Bembéréké,+229 32 15 74 10,agence.liberté.africa@agence.liberté.africa.bj,agencelibertéafrica.bj,PME (50-200),B2B,APIEx,,Actif,2026-06-29T00:14:35.993458,haute
BJ-606143F6,Information Kalalé,Médias & Communication,Kalalé,+229 40 56 46 16,,informationkalalé.bj,PME (50-200),B2C,APIEx,,Actif,2026-06-29T00:14:35.993474,moyenne
BJ-0F2A6437,Nouvelles,Médias & Communication,Kalalé,+229 23 63 58 66,,nouvelles.bj,Grande (>200),B2C,APIEx,,Actif,2026-06-29T00:14:35.993485,moyenne
BJ-E1618F86,Publicité Communication,Médias & Communication,Kalalé,+229 32 28 38 19,publicité.communication@publicité.communication.net,,PME (10-50),B2B,APIEx,,Actif,2026-06-29T00:14:35.993499,moyenne
BJ-4FD2135D,Communication Communication Kalalé,Médias & Communication,Kalalé,+229 81 31 85 47,communication.communication.kalalé@communication.communication.kalalé.org,communicationcommunicationkalalé.bj,PME (10-50),B2C,APIEx,,Actif,2026-06-29T00:14:35.993515,haute
BJ-B9FE38BE,Journal Journal,Médias & Communication,Kalalé,+229 86 36 70 41,,journaljournal.bj,TPE (<10),B2C,APIEx,,Actif,2026-06-29T00:14:35.993526,moyenne
BJ-ACA63E21,Liberté Ndali,Médias & Communication,Ndali,+229 25 79 61 78,liberté.ndali@liberté.ndali.net,liberténdali.bj,TPE (<10),B2C,APIEx,,Actif,2026-06-29T00:14:35.993544,haute
BJ-AE07B7D4,Communication Média Bénin,Médias & Communication,Ndali,+229 26 23 84 80,communication.média.bénin@communication.média.bénin.benin,communicationmédiabénin.bj,TPE (<10),B2C,APIEx,,Actif,2026-06-29T00:14:35.993557,haute
BJ-89C7C31C,Radio,Médias & Communication,Ndali,+229 74 68 73 90,,radio.bj,PME (10-50),B2B,APIEx,,Actif,2026-06-29T00:14:35.993568,moyenne
BJ-EBA41262,Presse Ndali,Médias & Communication,Ndali,+229 33 56 55 31,presse.ndali@presse.ndali.com,,TPE (<10),B2C,APIEx,,Actif,2026-06-29T00:14:35.993579,moyenne
BJ-F5F45640,International Africa,Médias & Communication,Ndali,+229 71 54 64 34,,internationalafrica.bj,PME (10-50),B2B,APIEx,,Actif,2026-06-29T00:14:35.993590,moyenne
BJ-0B9564A1,Communication International Ségbana,Médias & Communication,Ségbana,+229 29 53 69 73,communication.international.ségbana@communication.international.ségbana.benin,,TPE (<10),B2B,APIEx,,Actif,2026-06-29T00:14:35.993611,moyenne
BJ-71BE3047,Journal,Médias & Communication,Ségbana,+229 76 70 11 55,journal@journal.com,,TPE (<10),B2B,APIEx,,Actif,2026-06-29T00:14:35.993622,moyenne
BJ-6A893300,Télévision,Médias & Communication,Ségbana,+229 82 25 35 39,télévision@télévision.net,télévision.bj,PME (10-50),B2B,APIEx,,Actif,2026-06-29T00:14:35.993634,haute
BJ-8420207F,Média Presse,Médias & Communication,Ségbana,+229 39 20 67 68,,médiapresse.bj,PME (10-50),B2C,APIEx,,Actif,2026-06-29T00:14:35.993648,moyenne
BJ-3342FD48,Agence Démocratie,Médias & Communication,Ségbana,+229 25 71 80 57,,,PME (50-200),B2C,APIEx,,Actif,2026-06-29T00:14:35.993673,basse
BJ-5A74A8A0,Communication Journal,Médias & Communication,Tchaourou,+229 74 54 79 24,communication.journal@communication.journal.org,communicationjournal.bj,PME (10-50),B2C,APIEx,,Actif,2026-06-29T00:14:35.993694,haute
BJ-91DE8D26,Nouvelles Communication Tchaourou,Médias & Communication,Tchaourou,+229 27 46 78 31,nouvelles.communication.tchaourou@nouvelles.communication.tchaourou.org,nouvellescommunicationtchaourou.bj,PME (10-50),B2C,APIEx,,Actif,2026-06-29T00:14:35.993707,haute
BJ-0ABCA7B7,Information News,Médias & Communication,Tchaourou,+229 69 49 23 33,information.news@information.news.org,informationnews.bj,Grande (>200),B2C,APIEx,,Actif,2026-06-29T00:14:35.993718,haute
BJ-73987DC9,Publicité,Médias & Communication,Tchaourou,+229 80 53 52 28,publicité@publicité.org,publicité.bj,TPE (<10),B2B,APIEx,,Actif,2026-06-29T00:14:35.993730,haute
BJ-C5676449,Radio International,Médias & Communication,Tchaourou,+229 67 20 11 14,,radiointernational.bj,PME (10-50),B2C,APIEx,,Actif,2026-06-29T00:14:35.993741,moyenne
BJ-BC5E6AFD,Information Press,Médias & Communication,Bétérou,+229 36 27 54 21,information.press@information.press.org,informationpress.bj,PME (10-50),B2C,APIEx,,Actif,2026-06-29T00:14:35.993757,haute
BJ-8C89E11F,Presse Démocratie Communication,Médias & Communication,Bétérou,+229 36 32 39 74,presse.démocratie.communication@presse.démocratie.communication.org,pressedémocratiecommunication.bj,TPE (<10),B2C,APIEx,,Actif,2026-06-29T00:14:35.993771,haute
BJ-C70EBDD6,Actualité,Médias & Communication,Bétérou,+229 51 52 30 73,actualité@actualité.bj,actualité.bj,PME (10-50),B2C,APIEx,,Actif,2026-06-29T00:14:35.993796,haute
BJ-E4A0BE88,Presse Liberté,Médias & Communication,Bétérou,+229 48 99 86 52,,presseliberté.bj,PME (50-200),B2C,APIEx,,Actif,2026-06-29T00:14:35.993844,moyenne
BJ-D832D47A,Presse Journal Bénin,Médias & Communication,Bétérou,+229 47 31 83 26,,pressejournalbénin.bj,PME (50-200),B2B,APIEx,,Actif,2026-06-29T00:14:35.993888,moyenne
BJ-9E073EE8,Agence Télévision Media,Médias & Communication,Ouessè,+229 49 71 44 38,agence.télévision.media@agence.télévision.media.com,agencetélévisionmedia.bj,TPE (<10),B2C,APIEx,,Actif,2026-06-29T00:14:35.993925,haute
BJ-7908D744,Communication International Bénin,Médias & Communication,Ouessè,+229 60 51 61 54,,communicationinternationalbénin.bj,Grande (>200),B2B,APIEx,,Actif,2026-06-29T00:14:35.993964,moyenne
BJ-049E0AB6,International,Médias & Communication,Ouessè,+229 66 49 39 43,international@international.org,international.bj,PME (10-50),B2C,APIEx,,Actif,2026-06-29T00:14:35.993976,haute
BJ-EAA9A61B,Presse Nouvelles Ouessè,Médias & Communication,Ouessè,+229 46 18 65 55,,pressenouvellesouessè.bj,PME (50-200),B2C,APIEx,,Actif,2026-06-29T00:14:35.993987,moyenne
BJ-A20ED234,Média,Médias & Communication,Glazoué,+229 49 51 55 77,média@média.org,média.bj,TPE (<10),B2B,APIEx,,Actif,2026-06-29T00:14:35.994005,haute
BJ-DADD8508,Presse Actualité,Médias & Communication,Glazoué,+229 93 68 98 54,,presseactualité.bj,TPE (<10),B2C,APIEx,,Actif,2026-06-29T00:14:35.994017,moyenne
BJ-996D65FB,Communication Radio Communication,Médias & Communication,Glazoué,+229 46 77 92 13,,communicationradiocommunication.bj,PME (50-200),B2B,APIEx,,Actif,2026-06-29T00:14:35.994033,moyenne
BJ-325F6967,Journal Radio Africa,Médias & Communication,Glazoué,+229 89 77 24 64,journal.radio.africa@journal.radio.africa.bj,,PME (10-50),B2C,APIEx,,Actif,2026-06-29T00:14:35.994048,moyenne
BJ-2CDDEEE0,International News,Médias & Communication,Glazoué,+229 67 28 53 41,international.news@international.news.benin,internationalnews.bj,TPE (<10),B2C,APIEx,,Actif,2026-06-29T00:14:35.994063,haute
BJ-F77BD739,Agence Journal Bénin,Médias & Communication,Dassa-Zoumè,+229 49 95 19 93,agence.journal.bénin@agence.journal.bénin.net,agencejournalbénin.bj,PME (50-200),B2C,APIEx,,Actif,2026-06-29T00:14:35.994082,haute
BJ-3F93A086,Communication Communication Bénin,Médias & Communication,Dassa-Zoumè,+229 24 23 95 63,communication.communication.bénin@communication.communication.bénin.org,,TPE (<10),B2B,APIEx,,Actif,2026-06-29T00:14:35.994095,moyenne
BJ-1690BC72,Presse Radio,Médias & Communication,Dassa-Zoumè,+229 30 40 56 98,presse.radio@presse.radio.net,presseradio.bj,PME (50-200),B2B,APIEx,,Actif,2026-06-29T00:14:35.994107,haute
BJ-8D3D9F10,Journal,Médias & Communication,Dassa-Zoumè,+229 78 64 64 87,journal@journal.com,,PME (50-200),B2B,APIEx,,Actif,2026-06-29T00:14:35.994118,moyenne
BJ-29BB243E,Information Media,Médias & Communication,Dassa-Zoumè,+229 56 85 88 18,information.media@information.media.bj,informationmedia.bj,TPE (<10),B2C,APIEx,,Actif,2026-06-29T00:14:35.994129,haute
BJ-3899775E,Journal TV,Médias & Communication,Savalou,+229 53 27 33 66,journal.tv@journal.tv.com,,TPE (<10),B2B,APIEx,,Actif,2026-06-29T00:14:35.994146,moyenne
BJ-AE615974,Média Publicité Africa,Médias & Communication,Savalou,+229 98 60 85 98,média.publicité.africa@média.publicité.africa.bj,médiapublicitéafrica.bj,TPE (<10),B2B,APIEx,,Actif,2026-06-29T00:14:35.994171,haute
BJ-EA97A700,Télévision,Médias & Communication,Savalou,+229 21 88 92 81,,télévision.bj,TPE (<10),B2C,APIEx,,Actif,2026-06-29T00:14:35.994185,moyenne
BJ-F2F16A37,Agence National,Médias & Communication,Savalou,+229 68 16 15 26,,,PME (10-50),B2C,APIEx,,Actif,2026-06-29T00:14:35.994196,basse
BJ-60DA16BD,Presse,Médias & Communication,Bantè,+229 84 85 64 64,,presse.bj,PME (10-50),B2C,APIEx,,Actif,2026-06-29T00:14:35.994225,moyenne
BJ-A7D752E2,Agence Actualité,Médias & Communication,Bantè,+229 88 73 27 50,,agenceactualité.bj,TPE (<10),B2B,APIEx,,Actif,2026-06-29T00:14:35.994236,moyenne
BJ-C9786C29,Radio Liberté Radio,Médias & Communication,Bantè,+229 37 59 49 12,radio.liberté.radio@radio.liberté.radio.bj,radiolibertéradio.bj,TPE (<10),B2B,APIEx,,Actif,2026-06-29T00:14:35.994251,haute
BJ-69F1F9FB,Média Démocratie TV,Médias & Communication,Bantè,+229 70 16 87 72,,,TPE (<10),B2C,APIEx,,Actif,2026-06-29T00:14:35.994261,basse
BJ-BF33172A,Agence Journal Communication,Médias & Communication,Djougou,+229 35 52 17 81,agence.journal.communication@agence.journal.communication.net,agencejournalcommunication.bj,TPE (<10),B2C,APIEx,,Actif,2026-06-29T00:14:35.994280,haute
BJ-CE4C7CEC,Journal Journal,Médias & Communication,Djougou,+229 23 37 13 95,journal.journal@journal.journal.com,,TPE (<10),B2B,APIEx,,Actif,2026-06-29T00:14:35.994324,moyenne
BJ-309CF717,Communication Liberté,Médias & Communication,Djougou,+229 62 14 49 54,communication.liberté@communication.liberté.benin,communicationliberté.bj,PME (10-50),B2B,APIEx,,Actif,2026-06-29T00:14:35.994354,haute
BJ-7753DD19,Média Nouvelles TV,Médias & Communication,Djougou,+229 63 30 26 22,,médianouvellestv.bj,PME (10-50),B2C,APIEx,,Actif,2026-06-29T00:14:35.994372,moyenne
BJ-4EB9ABE7,Communication Média Media Djougou,Médias & Communication,Djougou,+229 93 77 44 38,communication.média.media.djougou@communication.média.media.djougou.com,communicationmédiamediadjougou.bj,Grande (>200),B2B,APIEx,,Actif,2026-06-29T00:14:35.994403,haute
BJ-2505B48F,Actualité,Médias & Communication,Ouèssè,+229 81 96 73 53,,actualité.bj,Grande (>200),B2C,APIEx,,Actif,2026-06-29T00:14:35.994426,moyenne
BJ-A86FB1C2,Presse Bénin,Médias & Communication,Ouèssè,+229 67 51 65 60,presse.bénin@presse.bénin.org,pressebénin.bj,TPE (<10),B2B,APIEx,,Actif,2026-06-29T00:14:35.994440,haute
BJ-26C2168B,TV Radio Ouèssè,Médias & Communication,Ouèssè,+229 80 55 35 95,,tvradioouèssè.bj,TPE (<10),B2B,APIEx,,Actif,2026-06-29T00:14:35.994453,moyenne
BJ-4A7D8FBE,Communication Ouèssè,Médias & Communication,Ouèssè,+229 28 68 30 80,communication.ouèssè@communication.ouèssè.benin,communicationouèssè.bj,TPE (<10),B2C,APIEx,,Actif,2026-06-29T00:14:35.994466,haute
BJ-AD8A3B80,Presse Communication,Médias & Communication,Ouèssè,+229 42 36 76 96,presse.communication@presse.communication.com,pressecommunication.bj,PME (10-50),B2C,APIEx,,Actif,2026-06-29T00:14:35.994479,haute
BJ-415C999D,Agence Nouvelles News,Médias & Communication,Bassila,+229 96 12 49 24,agence.nouvelles.news@agence.nouvelles.news.bj,,PME (10-50),B2C,APIEx,,Actif,2026-06-29T00:14:35.994498,moyenne
BJ-201F6080,Journal National,Médias & Communication,Bassila,+229 30 23 36 76,,,TPE (<10),B2C,APIEx,,Actif,2026-06-29T00:14:35.994532,basse
BJ-E0014D0A,Média Nouvelles,Médias & Communication,Bassila,+229 80 52 57 62,,médianouvelles.bj,PME (50-200),B2C,APIEx,,Actif,2026-06-29T00:14:35.994559,moyenne
BJ-62A40D94,National Bassila,Médias & Communication,Bassila,+229 24 60 78 77,,,PME (10-50),B2C,APIEx,,Actif,2026-06-29T00:14:35.994579,basse
BJ-A6659CE6,Presse Nouvelles News,Médias & Communication,Pehunco,+229 27 26 97 27,presse.nouvelles.news@presse.nouvelles.news.org,pressenouvellesnews.bj,TPE (<10),B2C,APIEx,,Actif,2026-06-29T00:14:35.994621,haute
BJ-2A8924BA,International,Médias & Communication,Pehunco,+229 20 86 87 59,international@international.benin,international.bj,PME (10-50),B2C,APIEx,,Actif,2026-06-29T00:14:35.994651,haute
BJ-422697AA,Agence Radio Africa,Médias & Communication,Pehunco,+229 78 50 44 10,,agenceradioafrica.bj,PME (50-200),B2C,APIEx,,Actif,2026-06-29T00:14:35.994677,moyenne
BJ-E2F44302,Communication International,Médias & Communication,Pehunco,+229 87 59 92 66,,communicationinternational.bj,PME (50-200),B2B,APIEx,,Actif,2026-06-29T00:14:35.994702,moyenne
BJ-CC08E9D3,Presse Liberté Media,Médias & Communication,Pehunco,+229 24 69 96 39,presse.liberté.media@presse.liberté.media.net,presselibertémedia.bj,PME (10-50),B2B,APIEx,,Actif,2026-06-29T00:14:35.994730,haute
BJ-3D448008,Journal Presse,Médias & Communication,Copargo,+229 24 83 90 65,journal.presse@journal.presse.org,journalpresse.bj,TPE (<10),B2C,APIEx,,Actif,2026-06-29T00:14:35.994768,haute
BJ-B26419D0,Média Communication,Médias & Communication,Copargo,+229 76 60 50 27,,médiacommunication.bj,TPE (<10),B2C,APIEx,,Actif,2026-06-29T00:14:35.994794,moyenne
BJ-36A6FCF2,TV Radio Communication,Médias & Communication,Copargo,+229 76 76 34 62,tv.radio.communication@tv.radio.communication.benin,tvradiocommunication.bj,PME (50-200),B2B,APIEx,,Actif,2026-06-29T00:14:35.994822,haute
BJ-ADCA2255,Publicité,Médias & Communication,Copargo,+229 25 60 54 70,,publicité.bj,PME (50-200),B2C,APIEx,,Actif,2026-06-29T00:14:35.994851,moyenne
BJ-96B36E84,Communication Média Africa Copargo,Médias & Communication,Copargo,+229 32 82 17 59,communication.média.africa.copargo@communication.média.africa.copargo.org,,PME (50-200),B2C,APIEx,,Actif,2026-06-29T00:14:35.994915,moyenne
BJ-B5DABBB5,Social,ONG & Associations,Cotonou,+229 98 23 41 49,social@social.bj,social.bj,PME (10-50),B2C,APIEx,,Actif,2026-06-29T00:14:35.994954,haute
BJ-B7EA2EDD,Association Jeunesse Organisation Cotonou,ONG & Associations,Cotonou,+229 32 32 28 24,,,PME (10-50),B2C,APIEx,,Actif,2026-06-29T00:14:35.994974,basse
BJ-B5BA845F,Aide,ONG & Associations,Cotonou,+229 73 82 52 75,aide@aide.com,,PME (50-200),B2C,APIEx,,Actif,2026-06-29T00:14:35.995002,moyenne
BJ-ACE72DD2,Société Environnement Cotonou,ONG & Associations,Cotonou,+229 24 58 83 60,,,PME (10-50),B2B,APIEx,,Actif,2026-06-29T00:14:35.995030,basse
BJ-461BE59E,Enfant International Cotonou,ONG & Associations,Cotonou,+229 50 85 24 78,,,TPE (<10),B2B,APIEx,,Actif,2026-06-29T00:14:35.995057,basse
BJ-C2ACE74D,Sport,ONG & Associations,Abomey-Calavi,+229 91 21 20 14,,,PME (50-200),B2B,APIEx,,Actif,2026-06-29T00:14:35.995089,basse
BJ-CF5B3702,Humanitaire Organisation,ONG & Associations,Abomey-Calavi,+229 81 57 54 67,,humanitaireorganisation.bj,TPE (<10),B2C,APIEx,,Actif,2026-06-29T00:14:35.995123,moyenne
BJ-C47BAC20,Jeunesse Abomey-Calavi,ONG & Associations,Abomey-Calavi,+229 52 24 25 94,,jeunesseabomeycalavi.bj,TPE (<10),B2B,APIEx,,Actif,2026-06-29T00:14:35.995154,moyenne
BJ-73013537,Club Environnement Fondation,ONG & Associations,Abomey-Calavi,+229 36 70 80 61,,,Grande (>200),B2B,APIEx,,Actif,2026-06-29T00:14:35.995181,basse
BJ-1FC7F0E2,Santé Association,ONG & Associations,Abomey-Calavi,+229 74 22 65 16,santé.association@santé.association.net,santéassociation.bj,TPE (<10),B2C,APIEx,,Actif,2026-06-29T00:14:35.995210,haute
BJ-A4C4F797,Enfant Bénin,ONG & Associations,Porto-Novo,+229 23 65 28 54,,enfantbénin.bj,PME (10-50),B2C,APIEx,,Actif,2026-06-29T00:14:35.995233,moyenne
BJ-B39D658D,Organisation Enfant ONG,ONG & Associations,Porto-Novo,+229 74 50 16 96,organisation.enfant.ong@organisation.enfant.ong.org,,PME (10-50),B2C,APIEx,,Actif,2026-06-29T00:14:35.995246,moyenne
BJ-5A574ED2,Aide,ONG & Associations,Porto-Novo,+229 95 34 86 62,,aide.bj,PME (10-50),B2B,APIEx,,Actif,2026-06-29T00:14:35.995258,moyenne
BJ-F309F3A9,Club Droits Fondation Porto-Novo,ONG & Associations,Porto-Novo,+229 94 89 93 45,,,TPE (<10),B2C,APIEx,,Actif,2026-06-29T00:14:35.995269,basse
BJ-80D5C24B,ONG Aide ONG,ONG & Associations,Porto-Novo,+229 70 95 82 57,,,TPE (<10),B2B,APIEx,,Actif,2026-06-29T00:14:35.995279,basse
BJ-F372BCC4,Enfant Bénin,ONG & Associations,Parakou,+229 68 19 37 21,,,TPE (<10),B2B,APIEx,,Actif,2026-06-29T00:14:35.995304,basse
BJ-320A5BF4,Fondation Développement Organisation,ONG & Associations,Parakou,+229 32 92 83 60,,,PME (10-50),B2C,APIEx,,Actif,2026-06-29T00:14:35.995321,basse
BJ-A6F708EB,Santé,ONG & Associations,Parakou,+229 69 18 66 14,santé@santé.net,santé.bj,PME (10-50),B2B,APIEx,,Actif,2026-06-29T00:14:35.995335,haute
BJ-AD260AAF,Association Enfant Bénin Parakou,ONG & Associations,Parakou,+229 55 20 68 57,,associationenfantbéninparakou.bj,TPE (<10),B2B,APIEx,,Actif,2026-06-29T00:14:35.995366,moyenne
BJ-08ED0F9B,Humanitaire ONG,ONG & Associations,Parakou,+229 70 98 97 68,humanitaire.ong@humanitaire.ong.com,humanitaireong.bj,TPE (<10),B2C,APIEx,,Actif,2026-06-29T00:14:35.995396,haute
BJ-516EE325,Social,ONG & Associations,Bohicon,+229 26 61 59 29,,,Grande (>200),B2B,APIEx,,Actif,2026-06-29T00:14:35.995431,basse
BJ-B228F512,Environnement Fondation,ONG & Associations,Bohicon,+229 43 69 87 14,,environnementfondation.bj,TPE (<10),B2C,APIEx,,Actif,2026-06-29T00:14:35.995456,moyenne
BJ-D66A00C9,Humanitaire,ONG & Associations,Bohicon,+229 83 59 68 97,humanitaire@humanitaire.bj,,PME (50-200),B2C,APIEx,,Actif,2026-06-29T00:14:35.995481,moyenne
BJ-012A882E,Organisation Enfant International,ONG & Associations,Bohicon,+229 32 60 93 18,,,TPE (<10),B2C,APIEx,,Actif,2026-06-29T00:14:35.995504,basse
BJ-7B015685,ONG Sport Bohicon,ONG & Associations,Bohicon,+229 53 75 23 11,,ongsportbohicon.bj,TPE (<10),B2B,APIEx,,Actif,2026-06-29T00:14:35.995548,moyenne
BJ-5F660B7F,Environnement International,ONG & Associations,Natitingou,+229 36 25 56 77,environnement.international@environnement.international.com,,PME (10-50),B2B,APIEx,,Actif,2026-06-29T00:14:35.995590,moyenne
BJ-DF51071F,Solidarité,ONG & Associations,Natitingou,+229 37 32 97 36,solidarité@solidarité.bj,solidarité.bj,Grande (>200),B2B,APIEx,,Actif,2026-06-29T00:14:35.995627,haute
BJ-87ED3873,Santé ONG,ONG & Associations,Natitingou,+229 69 57 39 93,,,TPE (<10),B2C,APIEx,,Actif,2026-06-29T00:14:35.995655,basse
BJ-5BF44D0B,Humanitaire Bénin Natitingou,ONG & Associations,Natitingou,+229 23 81 14 42,humanitaire.bénin.natitingou@humanitaire.bénin.natitingou.org,,PME (10-50),B2B,APIEx,,Actif,2026-06-29T00:14:35.995689,moyenne
BJ-394A160C,Éducation ONG,ONG & Associations,Lokossa,+229 62 93 92 76,,,TPE (<10),B2C,APIEx,,Actif,2026-06-29T00:14:35.995755,basse
BJ-A8EB8B0F,Organisation Culture,ONG & Associations,Lokossa,+229 41 29 29 47,organisation.culture@organisation.culture.com,,TPE (<10),B2C,APIEx,,Actif,2026-06-29T00:14:35.995781,moyenne
BJ-9B388438,Organisation Humanitaire,ONG & Associations,Lokossa,+229 74 15 44 88,organisation.humanitaire@organisation.humanitaire.com,organisationhumanitaire.bj,TPE (<10),B2B,APIEx,,Actif,2026-06-29T00:14:35.995803,haute
BJ-0733A8E0,Humanitaire Bénin,ONG & Associations,Lokossa,+229 27 96 39 27,humanitaire.bénin@humanitaire.bénin.org,humanitairebénin.bj,TPE (<10),B2B,APIEx,,Actif,2026-06-29T00:14:35.995847,haute
BJ-0E1E3D06,Environnement Bénin,ONG & Associations,Lokossa,+229 55 98 57 58,,,PME (10-50),B2B,APIEx,,Actif,2026-06-29T00:14:35.995876,basse
BJ-C4306613,Social,ONG & Associations,Ouidah,+229 46 60 39 85,,social.bj,PME (10-50),B2C,APIEx,,Actif,2026-06-29T00:14:35.995934,moyenne
BJ-5E226C3E,Droits,ONG & Associations,Ouidah,+229 54 33 32 41,,,PME (10-50),B2B,APIEx,,Actif,2026-06-29T00:14:35.995958,basse
BJ-CE6AF1A8,Sport Organisation,ONG & Associations,Ouidah,+229 28 69 87 16,sport.organisation@sport.organisation.com,sportorganisation.bj,Grande (>200),B2B,APIEx,,Actif,2026-06-29T00:14:35.995987,haute
BJ-700B1522,Fondation Humanitaire Association,ONG & Associations,Ouidah,+229 94 95 33 30,,,PME (10-50),B2C,APIEx,,Actif,2026-06-29T00:14:35.996021,basse
BJ-5DD2F7B4,Sport Ouidah,ONG & Associations,Ouidah,+229 63 46 92 19,sport.ouidah@sport.ouidah.benin,,Grande (>200),B2B,APIEx,,Actif,2026-06-29T00:14:35.996054,moyenne
BJ-1DA26E51,Société Jeunesse,ONG & Associations,Savalou,+229 89 75 29 12,société.jeunesse@société.jeunesse.net,sociétéjeunesse.bj,PME (50-200),B2C,APIEx,,Actif,2026-06-29T00:14:35.996130,haute
BJ-D0F6937B,Société Culture International,ONG & Associations,Savalou,+229 32 51 94 90,société.culture.international@société.culture.international.org,,TPE (<10),B2C,APIEx,,Actif,2026-06-29T00:14:35.996168,moyenne
BJ-5764EF48,Club Droits,ONG & Associations,Savalou,+229 57 83 58 26,,,Grande (>200),B2C,APIEx,,Actif,2026-06-29T00:14:35.996204,basse
BJ-9E01AEE3,Social,ONG & Associations,Savalou,+229 60 93 89 79,,,Grande (>200),B2C,APIEx,,Actif,2026-06-29T00:14:35.996224,basse
BJ-ADD4330E,Club Aide Dassa-Zoumè,ONG & Associations,Dassa-Zoumè,+229 40 70 60 56,club.aide.dassazoumè@club.aide.dassazoumè.net,clubaidedassazoumè.bj,TPE (<10),B2C,APIEx,,Actif,2026-06-29T00:14:35.996263,haute
BJ-3BA9C034,Culture Organisation,ONG & Associations,Dassa-Zoumè,+229 71 12 56 82,,cultureorganisation.bj,TPE (<10),B2B,APIEx,,Actif,2026-06-29T00:14:35.996284,moyenne
BJ-552A661C,Développement Fondation,ONG & Associations,Dassa-Zoumè,+229 35 15 10 84,développement.fondation@développement.fondation.net,,PME (10-50),B2B,APIEx,,Actif,2026-06-29T00:14:35.996306,moyenne
BJ-270120F1,Club Environnement,ONG & Associations,Dassa-Zoumè,+229 28 91 79 21,,,PME (50-200),B2C,APIEx,,Actif,2026-06-29T00:14:35.996332,basse
BJ-C9DE9BA3,Organisation Développement Organisation,ONG & Associations,Dassa-Zoumè,+229 44 40 52 86,,,PME (10-50),B2C,APIEx,,Actif,2026-06-29T00:14:35.996357,basse
BJ-02F51D55,Humanitaire ONG,ONG & Associations,Kétou,+229 28 56 37 20,humanitaire.ong@humanitaire.ong.benin,,TPE (<10),B2B,APIEx,,Actif,2026-06-29T00:14:35.996397,moyenne
BJ-79AD21D5,Droits Association Kétou,ONG & Associations,Kétou,+229 96 38 56 40,droits.association.kétou@droits.association.kétou.org,,TPE (<10),B2B,APIEx,,Actif,2026-06-29T00:14:35.996426,moyenne
BJ-96F40085,ONG Aide,ONG & Associations,Kétou,+229 51 36 93 87,,ongaide.bj,PME (50-200),B2B,APIEx,,Actif,2026-06-29T00:14:35.996456,moyenne
BJ-E895C6C9,Social Association,ONG & Associations,Kétou,+229 26 92 93 90,,socialassociation.bj,TPE (<10),B2C,APIEx,,Actif,2026-06-29T00:14:35.996484,moyenne
BJ-CCA2984A,Société Développement,ONG & Associations,Kétou,+229 76 44 72 55,société.développement@société.développement.benin,,TPE (<10),B2C,APIEx,,Actif,2026-06-29T00:14:35.996513,moyenne
BJ-C46FA7FA,Humanitaire Association,ONG & Associations,Covè,+229 39 39 39 85,,,PME (10-50),B2B,APIEx,,Actif,2026-06-29T00:14:35.996544,basse
BJ-172E4763,Environnement Covè,ONG & Associations,Covè,+229 44 44 52 16,environnement.covè@environnement.covè.benin,environnementcovè.bj,PME (50-200),B2C,APIEx,,Actif,2026-06-29T00:14:35.996566,haute
BJ-3E2FE38C,ONG Sport,ONG & Associations,Covè,+229 32 18 13 85,ong.sport@ong.sport.org,ongsport.bj,PME (50-200),B2B,APIEx,,Actif,2026-06-29T00:14:35.996589,haute
BJ-CB99C56D,Femme Africa,ONG & Associations,Covè,+229 85 44 85 21,,,TPE (<10),B2C,APIEx,,Actif,2026-06-29T00:14:35.996621,basse
BJ-0084AB53,Fondation Santé,ONG & Associations,Pobè,+229 50 35 69 76,,,Grande (>200),B2C,APIEx,,Actif,2026-06-29T00:14:35.996697,basse
BJ-6EFEEEF6,Femme Bénin,ONG & Associations,Pobè,+229 92 88 79 26,,,TPE (<10),B2B,APIEx,,Actif,2026-06-29T00:14:35.996726,basse
BJ-666BA4B4,Solidarité Fondation,ONG & Associations,Pobè,+229 68 21 16 11,solidarité.fondation@solidarité.fondation.benin,,PME (10-50),B2B,APIEx,,Actif,2026-06-29T00:14:35.996754,moyenne
BJ-C70152C4,Organisation Jeunesse,ONG & Associations,Pobè,+229 89 13 72 85,,organisationjeunesse.bj,PME (10-50),B2B,APIEx,,Actif,2026-06-29T00:14:35.996807,moyenne
BJ-FDA21713,Jeunesse Africa,ONG & Associations,Sakété,+229 38 34 21 91,,,Grande (>200),B2C,APIEx,,Actif,2026-06-29T00:14:35.996843,basse
BJ-9FECDE2C,Santé,ONG & Associations,Sakété,+229 64 12 90 94,,santé.bj,TPE (<10),B2B,APIEx,,Actif,2026-06-29T00:14:35.996875,moyenne
BJ-802ECAFE,Société Droits Africa,ONG & Associations,Sakété,+229 60 44 57 67,société.droits.africa@société.droits.africa.net,sociétédroitsafrica.bj,PME (50-200),B2B,APIEx,,Actif,2026-06-29T00:14:35.996920,haute
BJ-8140C415,Développement Organisation,ONG & Associations,Sakété,+229 25 61 39 73,,,TPE (<10),B2B,APIEx,,Actif,2026-06-29T00:14:35.996950,basse
BJ-F0AB5CC2,Société Enfant Sakété,ONG & Associations,Sakété,+229 79 53 82 56,société.enfant.sakété@société.enfant.sakété.bj,,Grande (>200),B2B,APIEx,,Actif,2026-06-29T00:14:35.996978,moyenne
BJ-559DCDD6,Social Fondation Adjara,ONG & Associations,Adjara,+229 66 65 42 75,social.fondation.adjara@social.fondation.adjara.com,,TPE (<10),B2C,APIEx,,Actif,2026-06-29T00:14:35.997043,moyenne
BJ-56F3A4B4,Culture Organisation,ONG & Associations,Adjara,+229 30 67 97 48,,cultureorganisation.bj,TPE (<10),B2B,APIEx,,Actif,2026-06-29T00:14:35.997069,moyenne
BJ-1FE99791,Organisation Enfant,ONG & Associations,Adjara,+229 23 74 65 71,,,PME (10-50),B2B,APIEx,,Actif,2026-06-29T00:14:35.997093,basse
BJ-E9C6C79E,Solidarité Organisation,ONG & Associations,Adjara,+229 93 47 73 67,,solidaritéorganisation.bj,PME (10-50),B2C,APIEx,,Actif,2026-06-29T00:14:35.997119,moyenne
BJ-A79BCE8D,Sport,ONG & Associations,Allada,+229 45 27 56 13,sport@sport.benin,,TPE (<10),B2C,APIEx,,Actif,2026-06-29T00:14:35.997158,moyenne
BJ-65D98A0E,Club Solidarité,ONG & Associations,Allada,+229 53 42 58 15,club.solidarité@club.solidarité.org,clubsolidarité.bj,PME (10-50),B2C,APIEx,,Actif,2026-06-29T00:14:35.997190,haute
BJ-7F63D09F,Droits Africa,ONG & Associations,Allada,+229 43 78 46 79,,droitsafrica.bj,PME (50-200),B2C,APIEx,,Actif,2026-06-29T00:14:35.997269,moyenne
BJ-36161EA2,Solidarité,ONG & Associations,Allada,+229 99 17 31 38,solidarité@solidarité.bj,,PME (50-200),B2C,APIEx,,Actif,2026-06-29T00:14:35.997298,moyenne
BJ-2FFB1CFA,Association Jeunesse Bénin Aplahoué,ONG & Associations,Aplahoué,+229 70 65 35 51,association.jeunesse.bénin.aplahoué@association.jeunesse.bénin.aplahoué.benin,associationjeunessebéninaplahoué.bj,TPE (<10),B2B,APIEx,,Actif,2026-06-29T00:14:35.997339,haute
BJ-E781B6AC,Humanitaire Organisation Aplahoué,ONG & Associations,Aplahoué,+229 85 34 41 11,,,TPE (<10),B2C,APIEx,,Actif,2026-06-29T00:14:35.997365,basse
BJ-4CA6745E,Fondation Droits Bénin,ONG & Associations,Aplahoué,+229 85 66 26 18,,,PME (10-50),B2B,APIEx,,Actif,2026-06-29T00:14:35.997390,basse
BJ-B1D0E60F,Culture Association,ONG & Associations,Aplahoué,+229 28 48 18 89,culture.association@culture.association.com,,Grande (>200),B2C,APIEx,,Actif,2026-06-29T00:14:35.997417,moyenne
BJ-6907741F,Solidarité Aplahoué,ONG & Associations,Aplahoué,+229 35 99 51 71,solidarité.aplahoué@solidarité.aplahoué.com,solidaritéaplahoué.bj,PME (10-50),B2C,APIEx,,Actif,2026-06-29T00:14:35.997448,haute
BJ-FDFEB7E3,Organisation Aide,ONG & Associations,Dogbo-Tota,+229 36 57 65 76,organisation.aide@organisation.aide.org,organisationaide.bj,TPE (<10),B2B,APIEx,,Actif,2026-06-29T00:14:35.997484,haute
BJ-24F9FC63,Association Aide,ONG & Associations,Dogbo-Tota,+229 43 22 99 46,,,PME (50-200),B2C,APIEx,,Actif,2026-06-29T00:14:35.997507,basse
BJ-3F246C60,Santé,ONG & Associations,Dogbo-Tota,+229 34 95 81 99,,,Grande (>200),B2C,APIEx,,Actif,2026-06-29T00:14:35.997561,basse
BJ-77879C9B,Société Santé Dogbo-Tota,ONG & Associations,Dogbo-Tota,+229 50 88 34 81,,sociétésantédogbotota.bj,TPE (<10),B2C,APIEx,,Actif,2026-06-29T00:14:35.997593,moyenne
BJ-18AFC886,Association Solidarité Bénin,ONG & Associations,Kpomassè,+229 68 97 94 26,,,PME (50-200),B2B,APIEx,,Actif,2026-06-29T00:14:35.997627,basse
BJ-A9917B50,ONG Solidarité,ONG & Associations,Kpomassè,+229 97 87 47 27,,,PME (10-50),B2B,APIEx,,Actif,2026-06-29T00:14:35.997651,basse
BJ-AB8633F1,Jeunesse Africa Kpomassè,ONG & Associations,Kpomassè,+229 77 67 44 47,,,TPE (<10),B2C,APIEx,,Actif,2026-06-29T00:14:35.997675,basse
BJ-FC84B7B9,Environnement ONG,ONG & Associations,Kpomassè,+229 55 57 80 64,environnement.ong@environnement.ong.net,,TPE (<10),B2B,APIEx,,Actif,2026-06-29T00:14:35.997705,moyenne
BJ-494BE4B9,Santé Bénin Kpomassè,ONG & Associations,Kpomassè,+229 34 72 65 66,santé.bénin.kpomassè@santé.bénin.kpomassè.org,,PME (10-50),B2B,APIEx,,Actif,2026-06-29T00:14:35.997733,moyenne
BJ-F1347C4E,Club Environnement,ONG & Associations,Tori-Bossito,+229 25 43 78 47,club.environnement@club.environnement.bj,clubenvironnement.bj,TPE (<10),B2B,APIEx,,Actif,2026-06-29T00:14:35.997772,haute
BJ-12BAA7C1,Enfant,ONG & Associations,Tori-Bossito,+229 30 76 57 57,,,TPE (<10),B2C,APIEx,,Actif,2026-06-29T00:14:35.997799,basse
BJ-E8AE73EB,Enfant Bénin,ONG & Associations,Tori-Bossito,+229 56 11 17 77,,,TPE (<10),B2B,APIEx,,Actif,2026-06-29T00:14:35.997823,basse
BJ-905A9993,Organisation Sport,ONG & Associations,Tori-Bossito,+229 47 93 53 34,,organisationsport.bj,PME (10-50),B2B,APIEx,,Actif,2026-06-29T00:14:35.997851,moyenne
BJ-94B6D67B,Club Environnement Tori-Bossito,ONG & Associations,Tori-Bossito,+229 92 31 26 27,,,TPE (<10),B2C,APIEx,,Actif,2026-06-29T00:14:35.997877,basse
BJ-F57FBBA8,Femme Africa,ONG & Associations,Grand-Popo,+229 27 22 33 45,femme.africa@femme.africa.com,femmeafrica.bj,PME (10-50),B2B,APIEx,,Actif,2026-06-29T00:14:35.997936,haute
BJ-7417136A,Enfant Bénin,ONG & Associations,Grand-Popo,+229 56 27 76 41,,enfantbénin.bj,PME (50-200),B2C,APIEx,,Actif,2026-06-29T00:14:35.997968,moyenne
BJ-579DBBB0,Club Sport,ONG & Associations,Grand-Popo,+229 57 84 68 23,,clubsport.bj,PME (50-200),B2C,APIEx,,Actif,2026-06-29T00:14:35.997996,moyenne
BJ-1BC23C7D,Environnement,ONG & Associations,Grand-Popo,+229 72 66 33 46,,environnement.bj,TPE (<10),B2B,APIEx,,Actif,2026-06-29T00:14:35.998024,moyenne
BJ-45A7EDE1,Solidarité Organisation,ONG & Associations,Grand-Popo,+229 64 65 53 20,solidarité.organisation@solidarité.organisation.com,,TPE (<10),B2C,APIEx,,Actif,2026-06-29T00:14:35.998054,moyenne
BJ-B06D9667,Association Jeunesse,ONG & Associations,Athiémé,+229 89 98 92 13,,,TPE (<10),B2C,APIEx,,Actif,2026-06-29T00:14:35.998149,basse
BJ-F9C8C2BA,Société Humanitaire,ONG & Associations,Athiémé,+229 94 78 67 89,société.humanitaire@société.humanitaire.bj,,PME (10-50),B2C,APIEx,,Actif,2026-06-29T00:14:35.998210,moyenne
BJ-B71B5B42,Humanitaire Fondation,ONG & Associations,Athiémé,+229 54 63 47 39,humanitaire.fondation@humanitaire.fondation.com,,TPE (<10),B2C,APIEx,,Actif,2026-06-29T00:14:35.998246,moyenne
BJ-0BD954B7,Éducation Association,ONG & Associations,Athiémé,+229 65 30 50 81,éducation.association@éducation.association.com,éducationassociation.bj,Grande (>200),B2C,APIEx,,Actif,2026-06-29T00:14:35.998310,haute
BJ-04DBECD7,Social,ONG & Associations,Bopa,+229 27 67 90 62,,,Grande (>200),B2B,APIEx,,Actif,2026-06-29T00:14:35.998362,basse
BJ-AAE10E62,Aide Bopa,ONG & Associations,Bopa,+229 78 44 17 29,aide.bopa@aide.bopa.net,aidebopa.bj,Grande (>200),B2B,APIEx,,Actif,2026-06-29T00:14:35.998381,haute
BJ-8AC54A79,Femme ONG,ONG & Associations,Bopa,+229 38 49 96 28,,femmeong.bj,TPE (<10),B2C,APIEx,,Actif,2026-06-29T00:14:35.998405,moyenne
BJ-DA886843,Club Solidarité,ONG & Associations,Bopa,+229 22 29 49 32,club.solidarité@club.solidarité.com,clubsolidarité.bj,TPE (<10),B2B,APIEx,,Actif,2026-06-29T00:14:35.998419,haute
BJ-652611D9,Fondation Social ONG Houéyogbé,ONG & Associations,Houéyogbé,+229 32 80 36 99,,,PME (50-200),B2B,APIEx,,Actif,2026-06-29T00:14:35.998439,basse
BJ-F04A03C8,Sport ONG,ONG & Associations,Houéyogbé,+229 62 60 32 39,sport.ong@sport.ong.benin,sportong.bj,Grande (>200),B2B,APIEx,,Actif,2026-06-29T00:14:35.998482,haute
BJ-10E91EFC,ONG Culture Houéyogbé,ONG & Associations,Houéyogbé,+229 25 15 52 30,,,Grande (>200),B2C,APIEx,,Actif,2026-06-29T00:14:35.998496,basse
BJ-D64B2EC4,Éducation Organisation,ONG & Associations,Malanville,+229 53 46 53 60,éducation.organisation@éducation.organisation.org,,TPE (<10),B2C,APIEx,,Actif,2026-06-29T00:14:35.998536,moyenne
BJ-E26136E2,Enfant Organisation,ONG & Associations,Malanville,+229 37 77 92 80,,,TPE (<10),B2C,APIEx,,Actif,2026-06-29T00:14:35.998547,basse
BJ-950CA861,Organisation Humanitaire,ONG & Associations,Malanville,+229 69 13 22 73,organisation.humanitaire@organisation.humanitaire.bj,organisationhumanitaire.bj,PME (10-50),B2B,APIEx,,Actif,2026-06-29T00:14:35.998559,haute
BJ-F192B159,Société Droits Association,ONG & Associations,Malanville,+229 48 32 81 44,société.droits.association@société.droits.association.benin,,PME (10-50),B2C,APIEx,,Actif,2026-06-29T00:14:35.998576,moyenne
BJ-0C12BA28,Droits International Kandi,ONG & Associations,Kandi,+229 45 57 20 69,,,TPE (<10),B2C,APIEx,,Actif,2026-06-29T00:14:35.998617,basse
BJ-2F99B183,ONG Jeunesse,ONG & Associations,Kandi,+229 20 77 59 81,ong.jeunesse@ong.jeunesse.bj,,PME (10-50),B2C,APIEx,,Actif,2026-06-29T00:14:35.998647,moyenne
BJ-4E4F9595,Social,ONG & Associations,Kandi,+229 36 23 28 90,,social.bj,TPE (<10),B2C,APIEx,,Actif,2026-06-29T00:14:35.998674,moyenne
BJ-688F4D4C,Social Association,ONG & Associations,Kandi,+229 92 73 18 55,social.association@social.association.org,socialassociation.bj,PME (50-200),B2C,APIEx,,Actif,2026-06-29T00:14:35.998707,haute
BJ-B70FFA60,Fondation Femme Bénin,ONG & Associations,Kandi,+229 34 67 16 11,fondation.femme.bénin@fondation.femme.bénin.bj,,PME (50-200),B2C,APIEx,,Actif,2026-06-29T00:14:35.998735,moyenne
BJ-85502FA5,Environnement,ONG & Associations,Banikoara,+229 45 57 57 12,environnement@environnement.org,environnement.bj,PME (50-200),B2C,APIEx,,Actif,2026-06-29T00:14:35.998772,haute
BJ-64FE6A3F,Santé Fondation,ONG & Associations,Banikoara,+229 77 98 91 44,santé.fondation@santé.fondation.bj,,Grande (>200),B2C,APIEx,,Actif,2026-06-29T00:14:35.998825,moyenne
BJ-E3F30FB3,Organisation Humanitaire Association,ONG & Associations,Banikoara,+229 53 35 80 73,organisation.humanitaire.association@organisation.humanitaire.association.benin,,TPE (<10),B2C,APIEx,,Actif,2026-06-29T00:14:35.998854,moyenne
BJ-0AC574ED,Éducation ONG,ONG & Associations,Banikoara,+229 44 98 87 36,éducation.ong@éducation.ong.org,éducationong.bj,TPE (<10),B2B,APIEx,,Actif,2026-06-29T00:14:35.998882,haute
BJ-BCB2DD65,ONG Droits,ONG & Associations,Ségbana,+229 88 33 66 78,,,TPE (<10),B2C,APIEx,,Actif,2026-06-29T00:14:35.998956,basse
BJ-42FB0723,Droits ONG,ONG & Associations,Ségbana,+229 52 87 13 31,droits.ong@droits.ong.bj,,PME (50-200),B2C,APIEx,,Actif,2026-06-29T00:14:35.999014,moyenne
BJ-289C8B40,Humanitaire,ONG & Associations,Ségbana,+229 99 30 67 20,,,PME (10-50),B2B,APIEx,,Actif,2026-06-29T00:14:35.999038,basse
BJ-D7D045D3,Société Santé Fondation,ONG & Associations,Karimama,+229 94 49 48 14,,,PME (50-200),B2C,APIEx,,Actif,2026-06-29T00:14:35.999071,basse
BJ-F2D1BE42,Aide Bénin Karimama,ONG & Associations,Karimama,+229 40 64 55 38,aide.bénin.karimama@aide.bénin.karimama.net,,PME (50-200),B2C,APIEx,,Actif,2026-06-29T00:14:35.999100,moyenne
BJ-F63FB98D,Jeunesse Bénin,ONG & Associations,Karimama,+229 52 46 60 33,,,TPE (<10),B2B,APIEx,,Actif,2026-06-29T00:14:35.999124,basse
BJ-DD54B537,Solidarité Association,ONG & Associations,Karimama,+229 89 70 36 30,solidarité.association@solidarité.association.bj,solidaritéassociation.bj,PME (50-200),B2B,APIEx,,Actif,2026-06-29T00:14:35.999168,haute
BJ-BBED4B7E,Société Culture Bénin,ONG & Associations,Karimama,+229 73 39 42 37,,,PME (10-50),B2B,APIEx,,Actif,2026-06-29T00:14:35.999192,basse
BJ-713CACE1,Organisation Social,ONG & Associations,Gogounou,+229 74 56 43 79,organisation.social@organisation.social.com,,PME (10-50),B2B,APIEx,,Actif,2026-06-29T00:14:35.999227,moyenne
BJ-85445C15,Social,ONG & Associations,Gogounou,+229 20 76 78 96,social@social.benin,,TPE (<10),B2B,APIEx,,Actif,2026-06-29T00:14:35.999255,moyenne
BJ-F6B6EDE7,Éducation Africa,ONG & Associations,Gogounou,+229 83 88 76 59,éducation.africa@éducation.africa.org,,PME (10-50),B2C,APIEx,,Actif,2026-06-29T00:14:35.999282,moyenne
BJ-9481719B,Association Social Africa,ONG & Associations,Gogounou,+229 23 85 95 59,,associationsocialafrica.bj,TPE (<10),B2C,APIEx,,Actif,2026-06-29T00:14:35.999303,moyenne
BJ-3C7546FA,Aide,ONG & Associations,Cobly,+229 50 97 89 19,aide@aide.org,,PME (50-200),B2C,APIEx,,Actif,2026-06-29T00:14:35.999336,moyenne
BJ-9A6BDED2,Association Femme,ONG & Associations,Cobly,+229 24 78 98 36,association.femme@association.femme.com,,TPE (<10),B2C,APIEx,,Actif,2026-06-29T00:14:35.999348,moyenne
BJ-4C8A7112,Développement,ONG & Associations,Cobly,+229 58 76 64 58,,,PME (10-50),B2B,APIEx,,Actif,2026-06-29T00:14:35.999359,basse
BJ-8E1FD9E8,Enfant Fondation,ONG & Associations,Cobly,+229 54 71 50 84,,,PME (50-200),B2C,APIEx,,Actif,2026-06-29T00:14:35.999369,basse
BJ-1BB2E80B,Jeunesse ONG,ONG & Associations,Cobly,+229 70 84 13 12,jeunesse.ong@jeunesse.ong.com,jeunesseong.bj,PME (10-50),B2C,APIEx,,Actif,2026-06-29T00:14:35.999382,haute
BJ-940793CE,Sport International,ONG & Associations,Tanguiéta,+229 29 15 91 23,sport.international@sport.international.org,,TPE (<10),B2B,APIEx,,Actif,2026-06-29T00:14:35.999400,moyenne
BJ-36C6A7A8,Santé Tanguiéta,ONG & Associations,Tanguiéta,+229 89 64 56 82,santé.tanguiéta@santé.tanguiéta.benin,,TPE (<10),B2C,APIEx,,Actif,2026-06-29T00:14:35.999413,moyenne
BJ-4B1B612D,Association Aide,ONG & Associations,Tanguiéta,+229 50 36 33 61,,associationaide.bj,TPE (<10),B2C,APIEx,,Actif,2026-06-29T00:14:35.999425,moyenne
BJ-18FB3AC7,ONG Jeunesse Fondation,ONG & Associations,Tanguiéta,+229 54 82 77 33,,,PME (50-200),B2C,APIEx,,Actif,2026-06-29T00:14:35.999441,basse
BJ-75F646C8,Solidarité International,ONG & Associations,Tanguiéta,+229 99 10 77 69,solidarité.international@solidarité.international.bj,,PME (10-50),B2C,APIEx,,Actif,2026-06-29T00:14:35.999455,moyenne
BJ-41C7C3B1,Social,ONG & Associations,Matéri,+229 33 72 58 11,social@social.com,,PME (10-50),B2B,APIEx,,Actif,2026-06-29T00:14:35.999474,moyenne
BJ-4B4E4F19,Association Humanitaire,ONG & Associations,Matéri,+229 45 83 18 69,,,PME (10-50),B2B,APIEx,,Actif,2026-06-29T00:14:35.999485,basse
BJ-2BEF72B4,Organisation Femme Organisation,ONG & Associations,Matéri,+229 57 50 73 51,,,Grande (>200),B2B,APIEx,,Actif,2026-06-29T00:14:35.999495,basse
BJ-DD1629C4,Organisation Femme International,ONG & Associations,Matéri,+229 66 89 67 90,,,TPE (<10),B2C,APIEx,,Actif,2026-06-29T00:14:35.999505,basse
BJ-DC9691F5,Droits,ONG & Associations,Matéri,+229 63 92 70 99,,,TPE (<10),B2C,APIEx,,Actif,2026-06-29T00:14:35.999515,basse
BJ-AB5B99D1,Enfant International,ONG & Associations,Natitingou,+229 89 37 35 37,,,PME (50-200),B2B,APIEx,,Actif,2026-06-29T00:14:35.999531,basse
BJ-1D69CE60,Aide,ONG & Associations,Natitingou,+229 70 50 76 42,,aide.bj,TPE (<10),B2B,APIEx,,Actif,2026-06-29T00:14:35.999542,moyenne
BJ-47D457AB,Femme Bénin Natitingou,ONG & Associations,Natitingou,+229 42 85 93 72,,,PME (50-200),B2C,APIEx,,Actif,2026-06-29T00:14:35.999552,basse
BJ-FC8A68CA,Club Développement Africa,ONG & Associations,Natitingou,+229 74 37 86 72,,,TPE (<10),B2B,APIEx,,Actif,2026-06-29T00:14:35.999571,basse
BJ-69860E79,Club Femme Fondation,ONG & Associations,Natitingou,+229 25 16 85 90,,,PME (10-50),B2C,APIEx,,Actif,2026-06-29T00:14:35.999582,basse
BJ-EC123771,Organisation Social,ONG & Associations,Toucountouna,+229 29 84 51 10,organisation.social@organisation.social.org,,PME (50-200),B2C,APIEx,,Actif,2026-06-29T00:14:35.999620,moyenne
BJ-CF0770F9,Société Sport Organisation,ONG & Associations,Toucountouna,+229 59 62 18 10,,sociétésportorganisation.bj,PME (50-200),B2B,APIEx,,Actif,2026-06-29T00:14:35.999632,moyenne
BJ-5A6CD3C6,Aide,ONG & Associations,Toucountouna,+229 90 51 50 30,,aide.bj,Grande (>200),B2B,APIEx,,Actif,2026-06-29T00:14:35.999644,moyenne
BJ-A8537845,Humanitaire Association Boukoumbé,ONG & Associations,Boukoumbé,+229 86 18 31 17,,humanitaireassociationboukoumbé.bj,PME (50-200),B2C,APIEx,,Actif,2026-06-29T00:14:35.999665,moyenne
BJ-DB513040,Jeunesse,ONG & Associations,Boukoumbé,+229 65 74 28 62,jeunesse@jeunesse.com,jeunesse.bj,TPE (<10),B2B,APIEx,,Actif,2026-06-29T00:14:35.999680,haute
BJ-DA8F3E4A,ONG Culture Association,ONG & Associations,Boukoumbé,+229 78 38 65 91,,,TPE (<10),B2C,APIEx,,Actif,2026-06-29T00:14:35.999691,basse
BJ-6C255F05,Organisation Femme Bénin Boukoumbé,ONG & Associations,Boukoumbé,+229 99 48 46 19,,organisationfemmebéninboukoumbé.bj,TPE (<10),B2B,APIEx,,Actif,2026-06-29T00:14:35.999706,moyenne
BJ-5548F4C8,Santé Boukoumbé,ONG & Associations,Boukoumbé,+229 29 50 60 71,,,TPE (<10),B2C,APIEx,,Actif,2026-06-29T00:14:35.999720,basse
BJ-F2BED095,Femme Africa,ONG & Associations,Kouandé,+229 42 55 80 60,femme.africa@femme.africa.benin,,Grande (>200),B2B,APIEx,,Actif,2026-06-29T00:14:35.999738,moyenne
BJ-5F7CD745,Société Culture Africa,ONG & Associations,Kouandé,+229 25 27 90 33,société.culture.africa@société.culture.africa.benin,sociétécultureafrica.bj,TPE (<10),B2B,APIEx,,Actif,2026-06-29T00:14:35.999751,haute
BJ-B293E5C0,Enfant Kouandé,ONG & Associations,Kouandé,+229 99 58 85 34,,,TPE (<10),B2C,APIEx,,Actif,2026-06-29T00:14:35.999762,basse
BJ-863DFA13,Organisation Sport,ONG & Associations,Kouandé,+229 51 71 47 87,,,PME (10-50),B2C,APIEx,,Actif,2026-06-29T00:14:35.999772,basse
BJ-1F532A5A,Fondation Social Fondation,ONG & Associations,Kouandé,+229 32 17 17 66,fondation.social.fondation@fondation.social.fondation.bj,,TPE (<10),B2C,APIEx,,Actif,2026-06-29T00:14:35.999783,moyenne
BJ-09987047,Organisation Développement,ONG & Associations,Péhunco,+229 44 16 71 32,,,PME (50-200),B2B,APIEx,,Actif,2026-06-29T00:14:35.999803,basse
BJ-D5E41742,Association Environnement,ONG & Associations,Péhunco,+229 59 44 84 81,,associationenvironnement.bj,TPE (<10),B2B,APIEx,,Actif,2026-06-29T00:14:35.999815,moyenne
BJ-4CB9F8CF,Aide Organisation,ONG & Associations,Péhunco,+229 58 34 41 87,aide.organisation@aide.organisation.com,aideorganisation.bj,Grande (>200),B2B,APIEx,,Actif,2026-06-29T00:14:35.999827,haute
BJ-CA412824,Société Femme Fondation,ONG & Associations,Péhunco,+229 87 15 58 70,,,PME (10-50),B2C,APIEx,,Actif,2026-06-29T00:14:35.999853,basse
BJ-265C13D0,Organisation Culture,ONG & Associations,Tchaourou,+229 85 85 53 71,,,PME (10-50),B2B,APIEx,,Actif,2026-06-29T00:14:35.999869,basse
BJ-469859A8,Organisation Environnement Association,ONG & Associations,Tchaourou,+229 40 49 81 18,,organisationenvironnementassociation.bj,TPE (<10),B2C,APIEx,,Actif,2026-06-29T00:14:35.999881,moyenne
BJ-35CFFA02,Femme Tchaourou,ONG & Associations,Tchaourou,+229 71 95 59 62,,,PME (10-50),B2C,APIEx,,Actif,2026-06-29T00:14:35.999903,basse
BJ-F82A2E5D,Sport ONG,ONG & Associations,Tchaourou,+229 40 61 45 48,sport.ong@sport.ong.bj,,TPE (<10),B2C,APIEx,,Actif,2026-06-29T00:14:35.999920,moyenne
BJ-C455594E,Solidarité International,ONG & Associations,Tchaourou,+229 62 55 46 85,,,TPE (<10),B2C,APIEx,,Actif,2026-06-29T00:14:35.999931,basse
BJ-CFA62541,Femme,ONG & Associations,Nikki,+229 83 10 11 71,,,PME (10-50),B2B,APIEx,,Actif,2026-06-29T00:14:35.999947,basse
BJ-FF047AF4,Fondation Environnement Fondation,ONG & Associations,Nikki,+229 99 13 69 43,fondation.environnement.fondation@fondation.environnement.fondation.bj,,Grande (>200),B2B,APIEx,,Actif,2026-06-29T00:14:35.999959,moyenne
BJ-140C53E0,Club Environnement International Nikki,ONG & Associations,Nikki,+229 96 64 81 85,,,PME (50-200),B2C,APIEx,,Actif,2026-06-29T00:14:35.999969,basse
BJ-847B5CE6,Aide,ONG & Associations,Nikki,+229 62 70 67 50,,aide.bj,TPE (<10),B2C,APIEx,,Actif,2026-06-29T00:14:35.999983,moyenne
BJ-66DCE5D8,Société Jeunesse Nikki,ONG & Associations,Nikki,+229 68 92 61 78,société.jeunesse.nikki@société.jeunesse.nikki.com,,TPE (<10),B2C,APIEx,,Actif,2026-06-29T00:14:35.999996,moyenne
BJ-AB08208B,Fondation Éducation,ONG & Associations,Bembéréké,+229 85 65 69 78,fondation.éducation@fondation.éducation.org,fondationéducation.bj,TPE (<10),B2C,APIEx,,Actif,2026-06-29T00:14:36.000017,haute
BJ-17C0A21A,Santé,ONG & Associations,Bembéréké,+229 75 91 97 27,santé@santé.com,,PME (50-200),B2B,APIEx,,Actif,2026-06-29T00:14:36.000030,moyenne
BJ-65C54F68,Club Femme Bembéréké,ONG & Associations,Bembéréké,+229 75 17 86 38,,clubfemmebembéréké.bj,Grande (>200),B2C,APIEx,,Actif,2026-06-29T00:14:36.000042,moyenne
BJ-80C15BCC,Société Santé Association,ONG & Associations,Bembéréké,+229 69 60 87 13,,sociétésantéassociation.bj,Grande (>200),B2C,APIEx,,Actif,2026-06-29T00:14:36.000055,moyenne
BJ-47908D09,Club Social,ONG & Associations,Bembéréké,+229 43 43 55 34,club.social@club.social.bj,,PME (50-200),B2C,APIEx,,Actif,2026-06-29T00:14:36.000069,moyenne
BJ-15842687,Société Aide,ONG & Associations,Kalalé,+229 84 87 24 72,,,PME (10-50),B2C,APIEx,,Actif,2026-06-29T00:14:36.000086,basse
BJ-B90E5CDD,Société Santé,ONG & Associations,Kalalé,+229 99 93 10 87,société.santé@société.santé.org,,TPE (<10),B2B,APIEx,,Actif,2026-06-29T00:14:36.000098,moyenne
BJ-B2B561A7,Éducation,ONG & Associations,Kalalé,+229 73 44 54 23,,,TPE (<10),B2B,APIEx,,Actif,2026-06-29T00:14:36.000108,basse
BJ-793E360B,ONG Humanitaire,ONG & Associations,Kalalé,+229 48 71 10 34,,,PME (10-50),B2C,APIEx,,Actif,2026-06-29T00:14:36.000122,basse
BJ-1C3471A8,Fondation Culture,ONG & Associations,Kalalé,+229 90 99 75 24,fondation.culture@fondation.culture.net,fondationculture.bj,TPE (<10),B2B,APIEx,,Actif,2026-06-29T00:14:36.000135,haute
BJ-7482AF03,Club Santé International,ONG & Associations,Ndali,+229 71 99 16 68,,,TPE (<10),B2C,APIEx,,Actif,2026-06-29T00:14:36.000151,basse
BJ-BE69FF97,Société Solidarité Africa,ONG & Associations,Ndali,+229 65 71 13 24,,,TPE (<10),B2B,APIEx,,Actif,2026-06-29T00:14:36.000162,basse
BJ-B505C8BE,Sport International,ONG & Associations,Ndali,+229 57 80 94 49,sport.international@sport.international.com,,PME (10-50),B2B,APIEx,,Actif,2026-06-29T00:14:36.000176,moyenne
BJ-D2C66D4B,Environnement Bénin Ndali,ONG & Associations,Ndali,+229 48 14 63 42,,,PME (50-200),B2B,APIEx,,Actif,2026-06-29T00:14:36.000200,basse
BJ-B83CAC17,Organisation Sport Ségbana,ONG & Associations,Ségbana,+229 98 25 94 40,,organisationsportségbana.bj,TPE (<10),B2B,APIEx,,Actif,2026-06-29T00:14:36.000218,moyenne
BJ-0A708495,ONG Éducation Association Ségbana,ONG & Associations,Ségbana,+229 20 86 44 20,,ongéducationassociationségbana.bj,TPE (<10),B2C,APIEx,,Actif,2026-06-29T00:14:36.000242,moyenne
BJ-A54E3FC4,Éducation Ségbana,ONG & Associations,Ségbana,+229 98 78 80 47,éducation.ségbana@éducation.ségbana.bj,,PME (50-200),B2C,APIEx,,Actif,2026-06-29T00:14:36.000258,moyenne
BJ-62EF9F34,Fondation Sport,ONG & Associations,Ségbana,+229 41 85 29 14,fondation.sport@fondation.sport.bj,fondationsport.bj,TPE (<10),B2B,APIEx,,Actif,2026-06-29T00:14:36.000271,haute
BJ-1E38D4DD,Organisation Santé ONG,ONG & Associations,Tchaourou,+229 76 94 25 63,,,TPE (<10),B2C,APIEx,,Actif,2026-06-29T00:14:36.000288,basse
BJ-1E8D5335,Club Enfant ONG,ONG & Associations,Tchaourou,+229 65 36 18 29,,,PME (10-50),B2B,APIEx,,Actif,2026-06-29T00:14:36.000298,basse
BJ-576C7E0B,Société Humanitaire,ONG & Associations,Tchaourou,+229 43 93 37 80,société.humanitaire@société.humanitaire.benin,,PME (50-200),B2C,APIEx,,Actif,2026-06-29T00:14:36.000311,moyenne
BJ-06140963,ONG Droits,ONG & Associations,Tchaourou,+229 96 26 80 60,ong.droits@ong.droits.com,,Grande (>200),B2C,APIEx,,Actif,2026-06-29T00:14:36.000322,moyenne
BJ-EDE88146,Club Santé ONG,ONG & Associations,Tchaourou,+229 65 38 66 85,club.santé.ong@club.santé.ong.com,clubsantéong.bj,PME (50-200),B2C,APIEx,,Actif,2026-06-29T00:14:36.000335,haute
BJ-163F6A7A,Enfant Bétérou,ONG & Associations,Bétérou,+229 90 43 48 20,enfant.bétérou@enfant.bétérou.benin,,PME (50-200),B2B,APIEx,,Actif,2026-06-29T00:14:36.000353,moyenne
BJ-CF1A342E,Club Solidarité Organisation Bétérou,ONG & Associations,Bétérou,+229 78 74 86 11,,,PME (50-200),B2C,APIEx,,Actif,2026-06-29T00:14:36.000364,basse
BJ-09B12600,ONG Éducation International,ONG & Associations,Bétérou,+229 99 29 64 53,,,PME (50-200),B2B,APIEx,,Actif,2026-06-29T00:14:36.000374,basse
BJ-F4967321,Social,ONG & Associations,Ouessè,+229 69 69 78 98,social@social.net,social.bj,TPE (<10),B2C,APIEx,,Actif,2026-06-29T00:14:36.000420,haute
BJ-84DC9AF4,Femme Association Ouessè,ONG & Associations,Ouessè,+229 33 42 90 45,,femmeassociationouessè.bj,PME (10-50),B2B,APIEx,,Actif,2026-06-29T00:14:36.000432,moyenne
BJ-A95F5ABF,Organisation Développement,ONG & Associations,Ouessè,+229 92 48 11 39,,organisationdéveloppement.bj,PME (50-200),B2B,APIEx,,Actif,2026-06-29T00:14:36.000444,moyenne
BJ-D6E03EAA,Enfant,ONG & Associations,Ouessè,+229 34 47 38 50,enfant@enfant.bj,enfant.bj,TPE (<10),B2C,APIEx,,Actif,2026-06-29T00:14:36.000456,haute
BJ-4C5E1B36,Organisation Aide,ONG & Associations,Ouessè,+229 57 39 48 36,organisation.aide@organisation.aide.com,,PME (50-200),B2B,APIEx,,Actif,2026-06-29T00:14:36.000471,moyenne
BJ-8B46E53D,Social,ONG & Associations,Glazoué,+229 97 54 76 90,social@social.bj,,PME (50-200),B2C,APIEx,,Actif,2026-06-29T00:14:36.000488,moyenne
BJ-969102A2,Sport,ONG & Associations,Glazoué,+229 66 67 29 20,,,TPE (<10),B2C,APIEx,,Actif,2026-06-29T00:14:36.000498,basse
BJ-4A90A448,Culture International,ONG & Associations,Glazoué,+229 20 67 85 63,,,TPE (<10),B2B,APIEx,,Actif,2026-06-29T00:14:36.000509,basse
BJ-91A9B17A,Droits Fondation Glazoué,ONG & Associations,Glazoué,+229 57 95 92 46,droits.fondation.glazoué@droits.fondation.glazoué.benin,droitsfondationglazoué.bj,TPE (<10),B2B,APIEx,,Actif,2026-06-29T00:14:36.000525,haute
BJ-AD3EC43B,Santé Organisation,ONG & Associations,Glazoué,+229 90 34 32 85,santé.organisation@santé.organisation.com,,PME (10-50),B2B,APIEx,,Actif,2026-06-29T00:14:36.000537,moyenne
BJ-7050AEC5,Club Santé,ONG & Associations,Dassa-Zoumè,+229 70 42 93 64,,,PME (50-200),B2B,APIEx,,Actif,2026-06-29T00:14:36.000553,basse
BJ-FDC62F5E,Humanitaire International,ONG & Associations,Dassa-Zoumè,+229 63 65 15 16,,humanitaireinternational.bj,PME (50-200),B2B,APIEx,,Actif,2026-06-29T00:14:36.000565,moyenne
BJ-CD460A14,Solidarité International Dassa-Zoumè,ONG & Associations,Dassa-Zoumè,+229 25 26 88 46,solidarité.international.dassazoumè@solidarité.international.dassazoumè.org,solidaritéinternationaldassazoumè.bj,PME (10-50),B2B,APIEx,,Actif,2026-06-29T00:14:36.000579,haute
BJ-C664B609,Club Jeunesse,ONG & Associations,Dassa-Zoumè,+229 62 17 98 95,,clubjeunesse.bj,TPE (<10),B2B,APIEx,,Actif,2026-06-29T00:14:36.000590,moyenne
BJ-C9FA5764,Organisation Éducation,ONG & Associations,Dassa-Zoumè,+229 75 51 89 60,,organisationéducation.bj,PME (50-200),B2C,APIEx,,Actif,2026-06-29T00:14:36.000602,moyenne
BJ-672E75B1,Société Droits,ONG & Associations,Savalou,+229 26 57 85 69,,,PME (10-50),B2B,APIEx,,Actif,2026-06-29T00:14:36.000618,basse
BJ-6EDF2525,Société Éducation Bénin,ONG & Associations,Savalou,+229 46 52 80 25,société.éducation.bénin@société.éducation.bénin.com,sociétééducationbénin.bj,Grande (>200),B2C,APIEx,,Actif,2026-06-29T00:14:36.000631,haute
BJ-9ED8C33B,Social Africa,ONG & Associations,Savalou,+229 75 86 52 85,,socialafrica.bj,PME (50-200),B2C,APIEx,,Actif,2026-06-29T00:14:36.000647,moyenne
BJ-A1AEC816,Sport,ONG & Associations,Savalou,+229 24 60 64 15,sport@sport.benin,,PME (50-200),B2B,APIEx,,Actif,2026-06-29T00:14:36.000661,moyenne
BJ-885CF30F,Organisation Enfant,ONG & Associations,Bantè,+229 38 89 52 63,,,PME (10-50),B2B,APIEx,,Actif,2026-06-29T00:14:36.000689,basse
BJ-5999C689,Développement Association,ONG & Associations,Bantè,+229 40 82 61 23,,développementassociation.bj,PME (10-50),B2C,APIEx,,Actif,2026-06-29T00:14:36.000701,moyenne
BJ-3DCA2597,Club Solidarité,ONG & Associations,Bantè,+229 73 89 40 59,,,PME (10-50),B2C,APIEx,,Actif,2026-06-29T00:14:36.000712,basse
BJ-C575CD2B,Organisation Jeunesse,ONG & Associations,Bantè,+229 23 87 45 29,,,TPE (<10),B2B,APIEx,,Actif,2026-06-29T00:14:36.000723,basse
BJ-173DAABD,Sport,ONG & Associations,Bantè,+229 63 98 28 13,sport@sport.org,sport.bj,TPE (<10),B2B,APIEx,,Actif,2026-06-29T00:14:36.000742,haute
BJ-E5FC4117,Organisation Culture,ONG & Associations,Djougou,+229 77 38 79 55,,,PME (10-50),B2B,APIEx,,Actif,2026-06-29T00:14:36.000769,basse
BJ-01C3152A,Fondation Environnement,ONG & Associations,Djougou,+229 98 75 15 75,fondation.environnement@fondation.environnement.org,,TPE (<10),B2B,APIEx,,Actif,2026-06-29T00:14:36.000789,moyenne
BJ-299F7840,Développement Bénin,ONG & Associations,Djougou,+229 82 47 91 77,,,TPE (<10),B2C,APIEx,,Actif,2026-06-29T00:14:36.000808,basse
BJ-F2D51DD9,Social Djougou,ONG & Associations,Djougou,+229 62 21 14 46,social.djougou@social.djougou.com,socialdjougou.bj,TPE (<10),B2B,APIEx,,Actif,2026-06-29T00:14:36.000843,haute
BJ-F22DFE58,Club Solidarité,ONG & Associations,Djougou,+229 99 73 37 60,club.solidarité@club.solidarité.com,clubsolidarité.bj,PME (10-50),B2C,APIEx,,Actif,2026-06-29T00:14:36.000878,haute
BJ-4F454A76,Association Culture,ONG & Associations,Ouèssè,+229 86 68 22 41,association.culture@association.culture.net,,PME (10-50),B2B,APIEx,,Actif,2026-06-29T00:14:36.000934,moyenne
BJ-F526A223,Club Environnement ONG,ONG & Associations,Ouèssè,+229 82 19 14 15,,clubenvironnementong.bj,PME (10-50),B2B,APIEx,,Actif,2026-06-29T00:14:36.000967,moyenne
BJ-14705BFA,Humanitaire,ONG & Associations,Ouèssè,+229 42 28 55 25,,humanitaire.bj,TPE (<10),B2C,APIEx,,Actif,2026-06-29T00:14:36.000995,moyenne
BJ-8AF31CA8,Club Solidarité Ouèssè,ONG & Associations,Ouèssè,+229 28 24 78 28,club.solidarité.ouèssè@club.solidarité.ouèssè.net,,PME (50-200),B2B,APIEx,,Actif,2026-06-29T00:14:36.001028,moyenne
BJ-F73218F0,Société Solidarité Bénin,ONG & Associations,Ouèssè,+229 34 98 77 64,,sociétésolidaritébénin.bj,TPE (<10),B2B,APIEx,,Actif,2026-06-29T00:14:36.001057,moyenne
BJ-BD5CDA5E,Droits Bassila,ONG & Associations,Bassila,+229 37 59 76 95,droits.bassila@droits.bassila.benin,,TPE (<10),B2C,APIEx,,Actif,2026-06-29T00:14:36.001132,moyenne
BJ-BD0C8A26,Culture,ONG & Associations,Bassila,+229 33 89 32 48,,,PME (50-200),B2C,APIEx,,Actif,2026-06-29T00:14:36.001177,basse
BJ-A67FB72C,Club Aide,ONG & Associations,Bassila,+229 59 19 12 58,,,PME (50-200),B2B,APIEx,,Actif,2026-06-29T00:14:36.001195,basse
BJ-A8DD1B36,Éducation ONG Bassila,ONG & Associations,Bassila,+229 57 58 20 99,,,PME (10-50),B2B,APIEx,,Actif,2026-06-29T00:14:36.001210,basse
BJ-F2533106,Organisation Aide Bénin,ONG & Associations,Bassila,+229 71 27 68 49,organisation.aide.bénin@organisation.aide.bénin.net,organisationaidebénin.bj,PME (10-50),B2B,APIEx,,Actif,2026-06-29T00:14:36.001224,haute
BJ-9916EB59,Santé Africa,ONG & Associations,Pehunco,+229 93 61 18 92,,,Grande (>200),B2B,APIEx,,Actif,2026-06-29T00:14:36.001250,basse
BJ-62C33F03,Aide Bénin Pehunco,ONG & Associations,Pehunco,+229 29 30 42 44,,aidebéninpehunco.bj,PME (10-50),B2B,APIEx,,Actif,2026-06-29T00:14:36.001283,moyenne
BJ-1E1EBC14,Éducation,ONG & Associations,Pehunco,+229 86 76 60 80,éducation@éducation.benin,,PME (50-200),B2B,APIEx,,Actif,2026-06-29T00:14:36.001309,moyenne
BJ-10022841,Jeunesse Association Pehunco,ONG & Associations,Pehunco,+229 96 48 77 44,jeunesse.association.pehunco@jeunesse.association.pehunco.net,,TPE (<10),B2C,APIEx,,Actif,2026-06-29T00:14:36.001323,moyenne
BJ-0E875DA2,Humanitaire Pehunco,ONG & Associations,Pehunco,+229 56 76 74 75,,,TPE (<10),B2C,APIEx,,Actif,2026-06-29T00:14:36.001334,basse
BJ-FD5FFB92,Jeunesse Africa,ONG & Associations,Copargo,+229 31 32 98 63,jeunesse.africa@jeunesse.africa.org,,PME (10-50),B2B,APIEx,,Actif,2026-06-29T00:14:36.001353,moyenne
BJ-8E267E56,ONG Santé,ONG & Associations,Copargo,+229 77 32 52 29,ong.santé@ong.santé.benin,,TPE (<10),B2B,APIEx,,Actif,2026-06-29T00:14:36.001366,moyenne
BJ-C575C681,Organisation Solidarité,ONG & Associations,Copargo,+229 20 53 92 53,organisation.solidarité@organisation.solidarité.bj,organisationsolidarité.bj,TPE (<10),B2B,APIEx,,Actif,2026-06-29T00:14:36.001380,haute
BJ-B0EEB8E5,Santé Fondation,ONG & Associations,Copargo,+229 64 96 69 70,,santéfondation.bj,TPE (<10),B2B,APIEx,,Actif,2026-06-29T00:14:36.001395,moyenne
BJ-022658F4,Femme,ONG & Associations,Copargo,+229 80 51 64 58,femme@femme.benin,,PME (50-200),B2C,APIEx,,Actif,2026-06-29T00:14:36.001410,moyenne
BJ-0AE148DA,Maison,BTP & Immobilier,Cotonou,+229 27 86 34 46,,,PME (50-200),B2B,LinkedIn,,Actif,2026-06-29T00:14:36.001430,basse
BJ-139EA065,BTP Bâtiment Cotonou,BTP & Immobilier,Cotonou,+229 21 74 18 37,,,TPE (<10),B2C,LinkedIn,,Actif,2026-06-29T00:14:36.001454,basse
BJ-C3ABE01D,BTP Architecte Bénin,BTP & Immobilier,Cotonou,+229 28 57 29 34,btp.architecte.bénin@btp.architecte.bénin.net,,Grande (>200),B2B,LinkedIn,,Actif,2026-06-29T00:14:36.001467,moyenne
BJ-DE0567EA,Électricité Africa,BTP & Immobilier,Cotonou,+229 36 86 71 63,électricité.africa@électricité.africa.com,,TPE (<10),B2C,LinkedIn,,Actif,2026-06-29T00:14:36.001479,moyenne
BJ-F648775E,Cabinet Structure,BTP & Immobilier,Abomey-Calavi,+229 22 64 31 99,cabinet.structure@cabinet.structure.benin,,TPE (<10),B2C,LinkedIn,,Actif,2026-06-29T00:14:36.001497,moyenne
BJ-73F14FC8,Travaux SARL,BTP & Immobilier,Abomey-Calavi,+229 99 12 18 35,,,TPE (<10),B2B,LinkedIn,,Actif,2026-06-29T00:14:36.001508,basse
BJ-D8066FC7,Plomberie Groupe,BTP & Immobilier,Abomey-Calavi,+229 62 32 89 63,plomberie.groupe@plomberie.groupe.org,plomberiegroupe.bj,PME (10-50),B2B,LinkedIn,,Actif,2026-06-29T00:14:36.001520,haute
BJ-E4B2B5AA,SO Structure Abomey-Calavi,BTP & Immobilier,Abomey-Calavi,+229 86 36 28 63,so.structure.abomeycalavi@so.structure.abomeycalavi.com,,TPE (<10),B2C,LinkedIn,,Actif,2026-06-29T00:14:36.001536,moyenne
BJ-728DA3C3,SO Architecte Solutions,BTP & Immobilier,Abomey-Calavi,+229 69 21 38 78,so.architecte.solutions@so.architecte.solutions.bj,,TPE (<10),B2B,LinkedIn,,Actif,2026-06-29T00:14:36.001548,moyenne
BJ-BCF9569F,Plomberie SA,BTP & Immobilier,Porto-Novo,+229 22 36 19 89,plomberie.sa@plomberie.sa.net,plomberiesa.bj,PME (10-50),B2C,LinkedIn,,Actif,2026-06-29T00:14:36.001566,haute
BJ-B86504D3,Cabinet Maison SARL Porto-Novo,BTP & Immobilier,Porto-Novo,+229 43 64 41 69,cabinet.maison.sarl.portonovo@cabinet.maison.sarl.portonovo.bj,,PME (10-50),B2B,LinkedIn,,Actif,2026-06-29T00:14:36.001582,moyenne
BJ-7A9751E1,Électricité SARL,BTP & Immobilier,Porto-Novo,+229 71 87 77 37,électricité.sarl@électricité.sarl.bj,électricitésarl.bj,PME (10-50),B2C,LinkedIn,,Actif,2026-06-29T00:14:36.001595,haute
BJ-8A1B08D1,Ets Architecte,BTP & Immobilier,Porto-Novo,+229 31 82 37 83,ets.architecte@ets.architecte.net,etsarchitecte.bj,TPE (<10),B2C,LinkedIn,,Actif,2026-06-29T00:14:36.001607,haute
BJ-71DDD231,Immobilier Africa,BTP & Immobilier,Porto-Novo,+229 32 33 25 96,immobilier.africa@immobilier.africa.benin,immobilierafrica.bj,PME (10-50),B2B,LinkedIn,,Actif,2026-06-29T00:14:36.001619,haute
BJ-C5E80C16,Groupe Maison Solutions,BTP & Immobilier,Parakou,+229 46 24 64 56,groupe.maison.solutions@groupe.maison.solutions.benin,groupemaisonsolutions.bj,TPE (<10),B2B,LinkedIn,,Actif,2026-06-29T00:14:36.001640,haute
BJ-6582644A,SCI Travaux,BTP & Immobilier,Parakou,+229 83 59 66 98,sci.travaux@sci.travaux.com,,PME (50-200),B2C,LinkedIn,,Actif,2026-06-29T00:14:36.001653,moyenne
BJ-1A10D0E6,Urbanisme Cabinet Parakou,BTP & Immobilier,Parakou,+229 91 10 75 42,,urbanismecabinetparakou.bj,TPE (<10),B2B,LinkedIn,,Actif,2026-06-29T00:14:36.001665,moyenne
BJ-ACF33FF2,Cabinet Fondation Cabinet,BTP & Immobilier,Parakou,+229 34 53 52 87,,cabinetfondationcabinet.bj,PME (10-50),B2C,LinkedIn,,Actif,2026-06-29T00:14:36.001679,moyenne
BJ-ADCA045C,SO Travaux International,BTP & Immobilier,Parakou,+229 40 51 91 73,,,TPE (<10),B2B,LinkedIn,,Actif,2026-06-29T00:14:36.001690,basse
BJ-219FD81F,Plomberie,BTP & Immobilier,Bohicon,+229 34 26 50 62,plomberie@plomberie.com,plomberie.bj,TPE (<10),B2B,LinkedIn,,Actif,2026-06-29T00:14:36.001708,haute
BJ-6AF611B8,SARL Fondation,BTP & Immobilier,Bohicon,+229 21 61 15 54,,sarlfondation.bj,PME (50-200),B2B,LinkedIn,,Actif,2026-06-29T00:14:36.001719,moyenne
BJ-DF43F420,Architecte,BTP & Immobilier,Bohicon,+229 80 68 89 93,architecte@architecte.benin,,PME (10-50),B2B,LinkedIn,,Actif,2026-06-29T00:14:36.001730,moyenne
BJ-BA6675BC,Groupe Architecte Bohicon,BTP & Immobilier,Bohicon,+229 39 42 94 42,groupe.architecte.bohicon@groupe.architecte.bohicon.com,groupearchitectebohicon.bj,PME (10-50),B2B,LinkedIn,,Actif,2026-06-29T00:14:36.001743,haute
BJ-5011A38B,Structure SA,BTP & Immobilier,Natitingou,+229 47 69 50 12,structure.sa@structure.sa.benin,,TPE (<10),B2B,LinkedIn,,Actif,2026-06-29T00:14:36.001770,moyenne
BJ-2DDFADE6,SO Ingénierie,BTP & Immobilier,Natitingou,+229 78 22 37 42,so.ingénierie@so.ingénierie.benin,,PME (50-200),B2C,LinkedIn,,Actif,2026-06-29T00:14:36.001787,moyenne
BJ-DB4FDE33,BTP Plomberie,BTP & Immobilier,Natitingou,+229 96 43 20 80,,btpplomberie.bj,PME (10-50),B2C,LinkedIn,,Actif,2026-06-29T00:14:36.001798,moyenne
BJ-BEC6ED50,Habitat International,BTP & Immobilier,Natitingou,+229 69 16 89 59,habitat.international@habitat.international.com,habitatinternational.bj,TPE (<10),B2C,LinkedIn,,Actif,2026-06-29T00:14:36.001818,haute
BJ-BC0002D1,Électricité SARL Natitingou,BTP & Immobilier,Natitingou,+229 34 68 92 70,,,TPE (<10),B2B,LinkedIn,,Actif,2026-06-29T00:14:36.001830,basse
BJ-CC57C425,SO Fondation,BTP & Immobilier,Lokossa,+229 80 47 62 27,,sofondation.bj,PME (50-200),B2B,LinkedIn,,Actif,2026-06-29T00:14:36.001847,moyenne
BJ-C532EFA5,Maison SARL,BTP & Immobilier,Lokossa,+229 32 66 67 19,maison.sarl@maison.sarl.benin,maisonsarl.bj,PME (10-50),B2B,LinkedIn,,Actif,2026-06-29T00:14:36.001864,haute
BJ-BDFEC0CA,BTP Travaux,BTP & Immobilier,Lokossa,+229 88 33 77 71,btp.travaux@btp.travaux.org,,Grande (>200),B2B,LinkedIn,,Actif,2026-06-29T00:14:36.001876,moyenne
BJ-C18C8D03,SA Construction Services,BTP & Immobilier,Lokossa,+229 71 71 40 43,sa.construction.services@sa.construction.services.com,saconstructionservices.bj,PME (10-50),B2C,LinkedIn,,Actif,2026-06-29T00:14:36.001899,haute
BJ-4E669530,Fondation Cabinet,BTP & Immobilier,Lokossa,+229 34 67 83 81,,fondationcabinet.bj,TPE (<10),B2B,LinkedIn,,Actif,2026-06-29T00:14:36.001916,moyenne
BJ-76B4EBF3,Béton,BTP & Immobilier,Ouidah,+229 27 39 98 46,béton@béton.org,béton.bj,PME (10-50),B2C,LinkedIn,,Actif,2026-06-29T00:14:36.001938,haute
BJ-76C761A5,Fondation Services,BTP & Immobilier,Ouidah,+229 22 82 26 34,fondation.services@fondation.services.org,,TPE (<10),B2B,LinkedIn,,Actif,2026-06-29T00:14:36.001951,moyenne
BJ-973416C3,Habitat,BTP & Immobilier,Ouidah,+229 33 53 90 30,habitat@habitat.bj,habitat.bj,PME (10-50),B2B,LinkedIn,,Actif,2026-06-29T00:14:36.001963,haute
BJ-EB4A1623,BTP Bâtiment Ouidah,BTP & Immobilier,Ouidah,+229 78 81 72 86,btp.bâtiment.ouidah@btp.bâtiment.ouidah.benin,btpbâtimentouidah.bj,PME (10-50),B2C,LinkedIn,,Actif,2026-06-29T00:14:36.001980,haute
BJ-FBD8E802,Groupe Toiture,BTP & Immobilier,Ouidah,+229 47 13 72 78,groupe.toiture@groupe.toiture.org,groupetoiture.bj,PME (10-50),B2B,LinkedIn,,Actif,2026-06-29T00:14:36.001993,haute
BJ-B720A7FE,BTP Structure,BTP & Immobilier,Savalou,+229 98 31 59 46,btp.structure@btp.structure.com,btpstructure.bj,PME (50-200),B2B,LinkedIn,,Actif,2026-06-29T00:14:36.002010,haute
BJ-F757F7A9,Cabinet Immobilier Cabinet,BTP & Immobilier,Savalou,+229 77 64 41 96,cabinet.immobilier.cabinet@cabinet.immobilier.cabinet.bj,,TPE (<10),B2C,LinkedIn,,Actif,2026-06-29T00:14:36.002033,moyenne
BJ-20AE4551,Fondation,BTP & Immobilier,Savalou,+229 67 27 96 71,fondation@fondation.com,,PME (10-50),B2C,LinkedIn,,Actif,2026-06-29T00:14:36.002044,moyenne
BJ-04C69209,Bâtiment Cabinet,BTP & Immobilier,Savalou,+229 88 34 24 96,bâtiment.cabinet@bâtiment.cabinet.org,,Grande (>200),B2B,LinkedIn,,Actif,2026-06-29T00:14:36.002056,moyenne
BJ-FCAEEFBC,Groupe Toiture Dassa-Zoumè,BTP & Immobilier,Dassa-Zoumè,+229 82 90 65 84,,groupetoituredassazoumè.bj,TPE (<10),B2B,LinkedIn,,Actif,2026-06-29T00:14:36.002074,moyenne
BJ-6268C007,Maison,BTP & Immobilier,Dassa-Zoumè,+229 95 49 37 84,maison@maison.bj,maison.bj,PME (10-50),B2B,LinkedIn,,Actif,2026-06-29T00:14:36.002090,haute
BJ-A1272CBD,Béton Solutions Dassa-Zoumè,BTP & Immobilier,Dassa-Zoumè,+229 48 35 69 42,,bétonsolutionsdassazoumè.bj,Grande (>200),B2B,LinkedIn,,Actif,2026-06-29T00:14:36.002104,moyenne
BJ-B7CCE7CF,SCI Urbanisme,BTP & Immobilier,Dassa-Zoumè,+229 87 59 18 10,sci.urbanisme@sci.urbanisme.org,sciurbanisme.bj,PME (10-50),B2B,LinkedIn,,Actif,2026-06-29T00:14:36.002119,haute
BJ-DABF100F,Construction Ets,BTP & Immobilier,Dassa-Zoumè,+229 93 13 24 12,,constructionets.bj,TPE (<10),B2B,LinkedIn,,Actif,2026-06-29T00:14:36.002132,moyenne
BJ-E0F7D4CE,Travaux Groupe,BTP & Immobilier,Kétou,+229 70 10 92 62,,,PME (10-50),B2C,LinkedIn,,Actif,2026-06-29T00:14:36.002150,basse
BJ-BF7C3A4D,Maison Africa,BTP & Immobilier,Kétou,+229 82 62 53 75,maison.africa@maison.africa.bj,,TPE (<10),B2C,LinkedIn,,Actif,2026-06-29T00:14:36.002183,moyenne
BJ-4B223D11,Électricité Services Kétou,BTP & Immobilier,Kétou,+229 20 41 72 11,électricité.services.kétou@électricité.services.kétou.com,électricitéserviceskétou.bj,TPE (<10),B2C,LinkedIn,,Actif,2026-06-29T00:14:36.002198,haute
BJ-661A2537,Immobilier SA,BTP & Immobilier,Kétou,+229 90 54 78 41,immobilier.sa@immobilier.sa.net,immobiliersa.bj,PME (10-50),B2C,LinkedIn,,Actif,2026-06-29T00:14:36.002211,haute
BJ-5E6C00BC,Immobilier,BTP & Immobilier,Kétou,+229 50 53 29 48,immobilier@immobilier.benin,immobilier.bj,PME (10-50),B2C,LinkedIn,,Actif,2026-06-29T00:14:36.002222,haute
BJ-97A00D46,Béton Africa,BTP & Immobilier,Covè,+229 69 54 25 72,béton.africa@béton.africa.net,,PME (50-200),B2C,LinkedIn,,Actif,2026-06-29T00:14:36.002241,moyenne
BJ-20D9AD6D,Toiture Africa,BTP & Immobilier,Covè,+229 63 45 12 94,,,PME (50-200),B2B,LinkedIn,,Actif,2026-06-29T00:14:36.002252,basse
BJ-97C5E39A,Plomberie Africa,BTP & Immobilier,Covè,+229 69 88 30 61,,,PME (10-50),B2B,LinkedIn,,Actif,2026-06-29T00:14:36.002263,basse
BJ-4429F036,Groupe Travaux Groupe,BTP & Immobilier,Covè,+229 49 29 41 62,,,TPE (<10),B2B,LinkedIn,,Actif,2026-06-29T00:14:36.002278,basse
BJ-990C3412,Toiture,BTP & Immobilier,Covè,+229 24 56 52 60,toiture@toiture.com,,TPE (<10),B2C,LinkedIn,,Actif,2026-06-29T00:14:36.002291,moyenne
BJ-0A5E7F10,SO Fondation,BTP & Immobilier,Pobè,+229 91 29 71 79,,sofondation.bj,TPE (<10),B2B,LinkedIn,,Actif,2026-06-29T00:14:36.002309,moyenne
BJ-CAECF7DE,Groupe Toiture Pobè,BTP & Immobilier,Pobè,+229 30 37 46 29,groupe.toiture.pobè@groupe.toiture.pobè.benin,groupetoiturepobè.bj,PME (50-200),B2C,LinkedIn,,Actif,2026-06-29T00:14:36.002322,haute
BJ-DBEC7C89,SO Électricité SA Pobè,BTP & Immobilier,Pobè,+229 71 80 98 17,,,TPE (<10),B2C,LinkedIn,,Actif,2026-06-29T00:14:36.002354,basse
BJ-0C5203B0,Architecte SA Pobè,BTP & Immobilier,Pobè,+229 53 84 26 18,,architectesapobè.bj,TPE (<10),B2B,LinkedIn,,Actif,2026-06-29T00:14:36.002371,moyenne
BJ-171D1BEC,SARL Structure,BTP & Immobilier,Sakété,+229 36 59 44 15,sarl.structure@sarl.structure.com,,PME (10-50),B2C,LinkedIn,,Actif,2026-06-29T00:14:36.002390,moyenne
BJ-0BA25E20,Fondation Bénin,BTP & Immobilier,Sakété,+229 61 22 18 82,fondation.bénin@fondation.bénin.net,fondationbénin.bj,TPE (<10),B2B,LinkedIn,,Actif,2026-06-29T00:14:36.002404,haute
BJ-384A0044,Construction Sakété,BTP & Immobilier,Sakété,+229 54 82 53 10,construction.sakété@construction.sakété.net,,TPE (<10),B2C,LinkedIn,,Actif,2026-06-29T00:14:36.002417,moyenne
BJ-29DA0188,Habitat SA,BTP & Immobilier,Sakété,+229 20 18 73 52,,,PME (50-200),B2B,LinkedIn,,Actif,2026-06-29T00:14:36.002430,basse
BJ-ED58079D,SARL Immobilier,BTP & Immobilier,Sakété,+229 99 32 16 29,sarl.immobilier@sarl.immobilier.benin,sarlimmobilier.bj,PME (50-200),B2B,LinkedIn,,Actif,2026-06-29T00:14:36.002443,haute
BJ-76C0849B,SO Bâtiment,BTP & Immobilier,Adjara,+229 66 23 67 28,,,TPE (<10),B2B,LinkedIn,,Actif,2026-06-29T00:14:36.002460,basse
BJ-8B4F9821,SA Plomberie,BTP & Immobilier,Adjara,+229 37 44 85 24,sa.plomberie@sa.plomberie.benin,saplomberie.bj,PME (50-200),B2B,LinkedIn,,Actif,2026-06-29T00:14:36.002472,haute
BJ-E0F6D7BD,SARL Électricité,BTP & Immobilier,Adjara,+229 85 86 44 85,,sarlélectricité.bj,TPE (<10),B2C,LinkedIn,,Actif,2026-06-29T00:14:36.002483,moyenne
BJ-7F5A7F2C,Cabinet Plomberie Cabinet,BTP & Immobilier,Adjara,+229 72 79 26 31,cabinet.plomberie.cabinet@cabinet.plomberie.cabinet.net,,PME (50-200),B2B,LinkedIn,,Actif,2026-06-29T00:14:36.002495,moyenne
BJ-EB842CA7,Ingénierie Cabinet Adjara,BTP & Immobilier,Adjara,+229 32 71 75 23,ingénierie.cabinet.adjara@ingénierie.cabinet.adjara.net,ingénieriecabinetadjara.bj,PME (10-50),B2B,LinkedIn,,Actif,2026-06-29T00:14:36.002508,haute
BJ-DE201964,SARL Structure,BTP & Immobilier,Allada,+229 33 20 41 93,sarl.structure@sarl.structure.net,,TPE (<10),B2C,LinkedIn,,Actif,2026-06-29T00:14:36.002525,moyenne
BJ-91F08E60,Ets Immobilier SARL,BTP & Immobilier,Allada,+229 70 97 39 36,,etsimmobiliersarl.bj,TPE (<10),B2C,LinkedIn,,Actif,2026-06-29T00:14:36.002536,moyenne
BJ-6B8B10AB,SCI Structure,BTP & Immobilier,Allada,+229 27 24 95 44,sci.structure@sci.structure.benin,scistructure.bj,PME (10-50),B2C,LinkedIn,,Actif,2026-06-29T00:14:36.002551,haute
BJ-AE949904,Cabinet Habitat Ets,BTP & Immobilier,Allada,+229 88 29 55 17,cabinet.habitat.ets@cabinet.habitat.ets.org,,Grande (>200),B2C,LinkedIn,,Actif,2026-06-29T00:14:36.002568,moyenne
BJ-EB8E7F1E,Cabinet Immobilier International,BTP & Immobilier,Allada,+229 80 35 23 59,,,PME (50-200),B2C,LinkedIn,,Actif,2026-06-29T00:14:36.002579,basse
BJ-2C8AEB20,Immobilier Africa,BTP & Immobilier,Aplahoué,+229 55 32 28 55,immobilier.africa@immobilier.africa.benin,immobilierafrica.bj,PME (10-50),B2C,LinkedIn,,Actif,2026-06-29T00:14:36.002609,haute
BJ-C5D33744,Béton,BTP & Immobilier,Aplahoué,+229 76 39 53 47,,,PME (50-200),B2C,LinkedIn,,Actif,2026-06-29T00:14:36.002620,basse
BJ-ACC91E20,Habitat SARL,BTP & Immobilier,Aplahoué,+229 26 33 67 65,,,PME (10-50),B2C,LinkedIn,,Actif,2026-06-29T00:14:36.002631,basse
BJ-D30B730B,Immobilier Aplahoué,BTP & Immobilier,Aplahoué,+229 41 99 27 59,,,PME (50-200),B2C,LinkedIn,,Actif,2026-06-29T00:14:36.002642,basse
BJ-A228A63A,Fondation,BTP & Immobilier,Dogbo-Tota,+229 29 28 94 15,fondation@fondation.benin,fondation.bj,TPE (<10),B2C,LinkedIn,,Actif,2026-06-29T00:14:36.002658,haute
BJ-ABD29937,Groupe Habitat Bénin,BTP & Immobilier,Dogbo-Tota,+229 41 30 21 12,groupe.habitat.bénin@groupe.habitat.bénin.org,,Grande (>200),B2B,LinkedIn,,Actif,2026-06-29T00:14:36.002671,moyenne
BJ-9B05EBAE,Ets Immobilier Bénin,BTP & Immobilier,Dogbo-Tota,+229 54 83 82 79,,,PME (10-50),B2C,LinkedIn,,Actif,2026-06-29T00:14:36.002681,basse
BJ-4B97C244,BTP Fondation,BTP & Immobilier,Dogbo-Tota,+229 97 76 27 52,,,TPE (<10),B2C,LinkedIn,,Actif,2026-06-29T00:14:36.002694,basse
BJ-D8376BFE,SARL Travaux Africa,BTP & Immobilier,Dogbo-Tota,+229 72 97 28 85,,,Grande (>200),B2C,LinkedIn,,Actif,2026-06-29T00:14:36.002705,basse
BJ-266B4F62,SO Plomberie,BTP & Immobilier,Kpomassè,+229 28 79 62 92,,,Grande (>200),B2C,LinkedIn,,Actif,2026-06-29T00:14:36.002724,basse
BJ-C70004D2,SARL Électricité International,BTP & Immobilier,Kpomassè,+229 22 25 34 14,sarl.électricité.international@sarl.électricité.international.bj,sarlélectricitéinternational.bj,TPE (<10),B2C,LinkedIn,,Actif,2026-06-29T00:14:36.002741,haute
BJ-5FB84A1B,SA Électricité,BTP & Immobilier,Kpomassè,+229 82 31 19 21,sa.électricité@sa.électricité.bj,,PME (50-200),B2B,LinkedIn,,Actif,2026-06-29T00:14:36.002753,moyenne
BJ-FB7D850B,BTP Immobilier Solutions,BTP & Immobilier,Kpomassè,+229 98 15 60 94,,btpimmobiliersolutions.bj,PME (10-50),B2C,LinkedIn,,Actif,2026-06-29T00:14:36.002765,moyenne
BJ-13C8A9A5,Ets Fondation SA,BTP & Immobilier,Kpomassè,+229 80 94 45 13,,,TPE (<10),B2B,LinkedIn,,Actif,2026-06-29T00:14:36.002778,basse
BJ-559AC266,Groupe Structure,BTP & Immobilier,Tori-Bossito,+229 74 89 72 48,groupe.structure@groupe.structure.benin,groupestructure.bj,TPE (<10),B2C,LinkedIn,,Actif,2026-06-29T00:14:36.002796,haute
BJ-45F8EF8E,Fondation,BTP & Immobilier,Tori-Bossito,+229 44 72 76 52,fondation@fondation.com,,TPE (<10),B2C,LinkedIn,,Actif,2026-06-29T00:14:36.002808,moyenne
BJ-109072F1,SA Maison Cabinet,BTP & Immobilier,Tori-Bossito,+229 66 44 98 51,sa.maison.cabinet@sa.maison.cabinet.bj,samaisoncabinet.bj,PME (10-50),B2C,LinkedIn,,Actif,2026-06-29T00:14:36.002819,haute
BJ-BF9F3B22,Toiture,BTP & Immobilier,Tori-Bossito,+229 68 59 94 13,toiture@toiture.benin,,PME (10-50),B2B,LinkedIn,,Actif,2026-06-29T00:14:36.002833,moyenne
BJ-2C006AB8,Plomberie Groupe,BTP & Immobilier,Tori-Bossito,+229 65 72 76 32,plomberie.groupe@plomberie.groupe.net,plomberiegroupe.bj,PME (10-50),B2C,LinkedIn,,Actif,2026-06-29T00:14:36.002846,haute
BJ-7335F9AB,Béton Grand-Popo,BTP & Immobilier,Grand-Popo,+229 63 26 72 71,,bétongrandpopo.bj,Grande (>200),B2C,LinkedIn,,Actif,2026-06-29T00:14:36.002864,moyenne
BJ-ECF625B9,SCI Plomberie International,BTP & Immobilier,Grand-Popo,+229 68 88 25 20,,sciplomberieinternational.bj,TPE (<10),B2B,LinkedIn,,Actif,2026-06-29T00:14:36.002875,moyenne
BJ-DDED7F5D,Travaux SA Grand-Popo,BTP & Immobilier,Grand-Popo,+229 39 68 68 61,travaux.sa.grandpopo@travaux.sa.grandpopo.net,,TPE (<10),B2C,LinkedIn,,Actif,2026-06-29T00:14:36.002886,moyenne
BJ-304B00CE,Structure Grand-Popo,BTP & Immobilier,Grand-Popo,+229 52 24 12 59,,,PME (50-200),B2C,LinkedIn,,Actif,2026-06-29T00:14:36.002911,basse
BJ-D1759CE0,Plomberie,BTP & Immobilier,Grand-Popo,+229 95 19 36 76,plomberie@plomberie.net,plomberie.bj,TPE (<10),B2C,LinkedIn,,Actif,2026-06-29T00:14:36.002923,haute
BJ-8B0E6E6A,Ingénierie Solutions,BTP & Immobilier,Athiémé,+229 60 55 28 46,ingénierie.solutions@ingénierie.solutions.benin,ingénieriesolutions.bj,TPE (<10),B2C,LinkedIn,,Actif,2026-06-29T00:14:36.002943,haute
BJ-39EA7DA2,Structure,BTP & Immobilier,Athiémé,+229 97 55 35 51,,,TPE (<10),B2B,LinkedIn,,Actif,2026-06-29T00:14:36.002954,basse
BJ-254730FA,SA Béton Athiémé,BTP & Immobilier,Athiémé,+229 77 38 24 58,sa.béton.athiémé@sa.béton.athiémé.org,,TPE (<10),B2B,LinkedIn,,Actif,2026-06-29T00:14:36.002966,moyenne
BJ-07E59E23,BTP Ingénierie International,BTP & Immobilier,Athiémé,+229 78 41 11 52,btp.ingénierie.international@btp.ingénierie.international.org,btpingénierieinternational.bj,TPE (<10),B2C,LinkedIn,,Actif,2026-06-29T00:14:36.002983,haute
BJ-9699C638,BTP Fondation,BTP & Immobilier,Athiémé,+229 75 22 42 57,,btpfondation.bj,PME (50-200),B2B,LinkedIn,,Actif,2026-06-29T00:14:36.002994,moyenne
BJ-6CA50BA0,Ets Structure SARL,BTP & Immobilier,Bopa,+229 55 11 78 57,,,PME (10-50),B2B,LinkedIn,,Actif,2026-06-29T00:14:36.003027,basse
BJ-E087F656,SARL Structure Bénin,BTP & Immobilier,Bopa,+229 91 32 94 44,,,TPE (<10),B2C,LinkedIn,,Actif,2026-06-29T00:14:36.003038,basse
BJ-CA0F99F4,Groupe Maison Services,BTP & Immobilier,Bopa,+229 38 45 15 95,,groupemaisonservices.bj,Grande (>200),B2B,LinkedIn,,Actif,2026-06-29T00:14:36.003049,moyenne
BJ-51722689,SARL Architecte Ets,BTP & Immobilier,Bopa,+229 94 83 75 89,sarl.architecte.ets@sarl.architecte.ets.org,sarlarchitecteets.bj,PME (10-50),B2C,LinkedIn,,Actif,2026-06-29T00:14:36.003061,haute
BJ-BF1E4E6E,Ingénierie Bénin,BTP & Immobilier,Houéyogbé,+229 37 58 66 15,ingénierie.bénin@ingénierie.bénin.bj,ingénieriebénin.bj,PME (10-50),B2B,LinkedIn,,Actif,2026-06-29T00:14:36.003079,haute
BJ-344CC476,Ets Immobilier Houéyogbé,BTP & Immobilier,Houéyogbé,+229 54 30 21 47,ets.immobilier.houéyogbé@ets.immobilier.houéyogbé.net,,PME (50-200),B2C,LinkedIn,,Actif,2026-06-29T00:14:36.003091,moyenne
BJ-E4487BA8,Groupe Immobilier,BTP & Immobilier,Houéyogbé,+229 88 39 96 23,groupe.immobilier@groupe.immobilier.org,,PME (10-50),B2C,LinkedIn,,Actif,2026-06-29T00:14:36.003103,moyenne
BJ-BF16E945,Urbanisme,BTP & Immobilier,Houéyogbé,+229 83 25 23 52,urbanisme@urbanisme.bj,urbanisme.bj,Grande (>200),B2C,LinkedIn,,Actif,2026-06-29T00:14:36.003118,haute
BJ-65AB11CB,Architecte,BTP & Immobilier,Houéyogbé,+229 89 36 44 27,architecte@architecte.bj,,PME (10-50),B2B,LinkedIn,,Actif,2026-06-29T00:14:36.003133,moyenne
BJ-1416BFE0,Électricité Bénin,BTP & Immobilier,Malanville,+229 25 74 78 43,électricité.bénin@électricité.bénin.bj,,PME (10-50),B2C,LinkedIn,,Actif,2026-06-29T00:14:36.003152,moyenne
BJ-1AEF43F1,Architecte Africa,BTP & Immobilier,Malanville,+229 57 32 81 69,architecte.africa@architecte.africa.org,,PME (10-50),B2C,LinkedIn,,Actif,2026-06-29T00:14:36.003163,moyenne
BJ-01AF4135,Habitat,BTP & Immobilier,Malanville,+229 85 82 26 86,,habitat.bj,PME (50-200),B2B,LinkedIn,,Actif,2026-06-29T00:14:36.003174,moyenne
BJ-F8FBA6F2,Travaux Malanville,BTP & Immobilier,Malanville,+229 89 82 32 76,,,TPE (<10),B2C,LinkedIn,,Actif,2026-06-29T00:14:36.003185,basse
BJ-458B3C1C,Immobilier,BTP & Immobilier,Malanville,+229 21 92 58 65,,immobilier.bj,PME (50-200),B2B,LinkedIn,,Actif,2026-06-29T00:14:36.003195,moyenne
BJ-13AF1AA7,Structure Cabinet,BTP & Immobilier,Kandi,+229 38 75 94 91,,,PME (50-200),B2B,LinkedIn,,Actif,2026-06-29T00:14:36.003211,basse
BJ-142D1F8E,Toiture Groupe,BTP & Immobilier,Kandi,+229 74 74 71 19,,toituregroupe.bj,PME (50-200),B2B,LinkedIn,,Actif,2026-06-29T00:14:36.003226,moyenne
BJ-4E8C0CDA,Électricité Africa,BTP & Immobilier,Kandi,+229 93 82 53 70,électricité.africa@électricité.africa.net,,PME (10-50),B2B,LinkedIn,,Actif,2026-06-29T00:14:36.003238,moyenne
BJ-9B0FE0DA,Groupe Structure Solutions Kandi,BTP & Immobilier,Kandi,+229 37 42 24 77,groupe.structure.solutions.kandi@groupe.structure.solutions.kandi.benin,,Grande (>200),B2B,LinkedIn,,Actif,2026-06-29T00:14:36.003253,moyenne
BJ-301EBB65,BTP Urbanisme Services,BTP & Immobilier,Banikoara,+229 74 61 67 55,btp.urbanisme.services@btp.urbanisme.services.com,,PME (10-50),B2B,LinkedIn,,Actif,2026-06-29T00:14:36.003283,moyenne
BJ-F80D8708,Plomberie Banikoara,BTP & Immobilier,Banikoara,+229 58 94 44 25,,,TPE (<10),B2C,LinkedIn,,Actif,2026-06-29T00:14:36.003293,basse
BJ-11A426E9,Cabinet Bâtiment SARL,BTP & Immobilier,Banikoara,+229 25 34 11 95,cabinet.bâtiment.sarl@cabinet.bâtiment.sarl.net,cabinetbâtimentsarl.bj,PME (50-200),B2C,LinkedIn,,Actif,2026-06-29T00:14:36.003306,haute
BJ-BCFDD5B3,Maison,BTP & Immobilier,Banikoara,+229 36 89 93 12,maison@maison.bj,maison.bj,TPE (<10),B2B,LinkedIn,,Actif,2026-06-29T00:14:36.003319,haute
BJ-8018AE81,SA Architecte Groupe,BTP & Immobilier,Banikoara,+229 41 57 76 55,sa.architecte.groupe@sa.architecte.groupe.net,,PME (50-200),B2B,LinkedIn,,Actif,2026-06-29T00:14:36.003329,moyenne
BJ-8D4903DE,Habitat SARL,BTP & Immobilier,Ségbana,+229 57 26 80 17,habitat.sarl@habitat.sarl.benin,habitatsarl.bj,TPE (<10),B2B,LinkedIn,,Actif,2026-06-29T00:14:36.003366,haute
BJ-86830F48,Fondation Bénin Ségbana,BTP & Immobilier,Ségbana,+229 93 82 14 79,fondation.bénin.ségbana@fondation.bénin.ségbana.net,fondationbéninségbana.bj,PME (10-50),B2C,LinkedIn,,Actif,2026-06-29T00:14:36.003379,haute
BJ-F6F44283,Groupe Plomberie SA,BTP & Immobilier,Ségbana,+229 67 48 10 49,groupe.plomberie.sa@groupe.plomberie.sa.net,,TPE (<10),B2B,LinkedIn,,Actif,2026-06-29T00:14:36.003391,moyenne
BJ-8EA401F8,Immobilier Groupe Ségbana,BTP & Immobilier,Ségbana,+229 38 87 53 47,immobilier.groupe.ségbana@immobilier.groupe.ségbana.org,immobiliergroupeségbana.bj,PME (10-50),B2B,LinkedIn,,Actif,2026-06-29T00:14:36.003421,haute
BJ-955708DD,Groupe Bâtiment Bénin Karimama,BTP & Immobilier,Karimama,+229 53 88 73 88,,,TPE (<10),B2B,LinkedIn,,Actif,2026-06-29T00:14:36.003438,basse
BJ-978B07B6,Groupe Maison Solutions,BTP & Immobilier,Karimama,+229 34 87 19 48,groupe.maison.solutions@groupe.maison.solutions.net,groupemaisonsolutions.bj,PME (10-50),B2B,LinkedIn,,Actif,2026-06-29T00:14:36.003454,haute
BJ-79D3A19E,Immobilier International,BTP & Immobilier,Karimama,+229 62 18 87 54,,immobilierinternational.bj,TPE (<10),B2B,LinkedIn,,Actif,2026-06-29T00:14:36.003465,moyenne
BJ-DAC7E82A,Béton Groupe,BTP & Immobilier,Karimama,+229 22 82 95 70,,,PME (10-50),B2B,LinkedIn,,Actif,2026-06-29T00:14:36.003476,basse
BJ-4845D78A,Cabinet Travaux,BTP & Immobilier,Karimama,+229 54 54 26 31,,cabinettravaux.bj,PME (10-50),B2C,LinkedIn,,Actif,2026-06-29T00:14:36.003486,moyenne
BJ-2DBFE4CD,SARL Électricité Africa Gogounou,BTP & Immobilier,Gogounou,+229 74 13 44 22,sarl.électricité.africa.gogounou@sarl.électricité.africa.gogounou.com,,Grande (>200),B2B,LinkedIn,,Actif,2026-06-29T00:14:36.003505,moyenne
BJ-FEBB933E,Maison,BTP & Immobilier,Gogounou,+229 83 35 70 10,,,PME (10-50),B2B,LinkedIn,,Actif,2026-06-29T00:14:36.003515,basse
BJ-FD7EAC11,SO Béton SA Gogounou,BTP & Immobilier,Gogounou,+229 57 12 55 60,,,PME (10-50),B2B,LinkedIn,,Actif,2026-06-29T00:14:36.003528,basse
BJ-D4231CB8,Immobilier International,BTP & Immobilier,Gogounou,+229 96 69 61 78,immobilier.international@immobilier.international.org,immobilierinternational.bj,TPE (<10),B2C,LinkedIn,,Actif,2026-06-29T00:14:36.003543,haute
BJ-B6B21ADF,SO Habitat Bénin Cobly,BTP & Immobilier,Cobly,+229 65 34 99 24,so.habitat.bénin.cobly@so.habitat.bénin.cobly.com,,TPE (<10),B2C,LinkedIn,,Actif,2026-06-29T00:14:36.003576,moyenne
BJ-73D2CCD9,Cabinet Architecte,BTP & Immobilier,Cobly,+229 63 64 92 58,cabinet.architecte@cabinet.architecte.net,,TPE (<10),B2C,LinkedIn,,Actif,2026-06-29T00:14:36.003588,moyenne
BJ-2830FFAF,Béton Africa,BTP & Immobilier,Cobly,+229 42 35 42 36,,bétonafrica.bj,PME (50-200),B2C,LinkedIn,,Actif,2026-06-29T00:14:36.003600,moyenne
BJ-73DF67D9,Architecte Services,BTP & Immobilier,Cobly,+229 97 26 82 75,architecte.services@architecte.services.org,architecteservices.bj,PME (50-200),B2C,LinkedIn,,Actif,2026-06-29T00:14:36.003612,haute
BJ-F0B81A6A,SCI Fondation Ets Cobly,BTP & Immobilier,Cobly,+229 43 13 32 38,sci.fondation.ets.cobly@sci.fondation.ets.cobly.bj,,PME (10-50),B2B,LinkedIn,,Actif,2026-06-29T00:14:36.003623,moyenne
BJ-D58B72E6,SARL Béton Bénin,BTP & Immobilier,Tanguiéta,+229 54 83 91 12,sarl.béton.bénin@sarl.béton.bénin.bj,sarlbétonbénin.bj,PME (10-50),B2C,LinkedIn,,Actif,2026-06-29T00:14:36.003654,haute
BJ-D1C96317,Maison International Tanguiéta,BTP & Immobilier,Tanguiéta,+229 91 22 64 72,maison.international.tanguiéta@maison.international.tanguiéta.bj,maisoninternationaltanguiéta.bj,TPE (<10),B2B,LinkedIn,,Actif,2026-06-29T00:14:36.003667,haute
BJ-20190B2E,SA Travaux Solutions,BTP & Immobilier,Tanguiéta,+229 86 54 44 32,,satravauxsolutions.bj,Grande (>200),B2C,LinkedIn,,Actif,2026-06-29T00:14:36.003684,moyenne
BJ-89E395F3,Maison Ets Tanguiéta,BTP & Immobilier,Tanguiéta,+229 87 97 30 64,maison.ets.tanguiéta@maison.ets.tanguiéta.bj,maisonetstanguiéta.bj,PME (50-200),B2B,LinkedIn,,Actif,2026-06-29T00:14:36.003697,haute
BJ-D64FA0C3,SA Architecte Ets Matéri,BTP & Immobilier,Matéri,+229 99 39 53 93,,,TPE (<10),B2C,LinkedIn,,Actif,2026-06-29T00:14:36.003713,basse
BJ-D9DCCC61,Fondation,BTP & Immobilier,Matéri,+229 21 78 33 72,fondation@fondation.net,,TPE (<10),B2B,LinkedIn,,Actif,2026-06-29T00:14:36.003725,moyenne
BJ-99107549,SCI Ingénierie Cabinet,BTP & Immobilier,Matéri,+229 51 36 85 96,,sciingénieriecabinet.bj,TPE (<10),B2C,LinkedIn,,Actif,2026-06-29T00:14:36.003736,moyenne
BJ-8F603315,Structure International,BTP & Immobilier,Matéri,+229 26 60 85 54,,structureinternational.bj,PME (50-200),B2B,LinkedIn,,Actif,2026-06-29T00:14:36.003748,moyenne
BJ-BD918C4F,Béton SA,BTP & Immobilier,Matéri,+229 96 85 26 41,,bétonsa.bj,TPE (<10),B2B,LinkedIn,,Actif,2026-06-29T00:14:36.003759,moyenne
BJ-03686E9B,Structure Natitingou,BTP & Immobilier,Natitingou,+229 60 85 51 79,structure.natitingou@structure.natitingou.com,,Grande (>200),B2C,LinkedIn,,Actif,2026-06-29T00:14:36.003789,moyenne
BJ-7F19630C,Habitat Solutions,BTP & Immobilier,Natitingou,+229 55 28 37 87,,,TPE (<10),B2B,LinkedIn,,Actif,2026-06-29T00:14:36.003799,basse
BJ-72999C42,SCI Immobilier SA,BTP & Immobilier,Natitingou,+229 29 80 70 81,sci.immobilier.sa@sci.immobilier.sa.com,,PME (10-50),B2B,LinkedIn,,Actif,2026-06-29T00:14:36.003830,moyenne
BJ-9CCA533B,SCI Plomberie Natitingou,BTP & Immobilier,Natitingou,+229 49 80 41 33,,sciplomberienatitingou.bj,PME (50-200),B2B,LinkedIn,,Actif,2026-06-29T00:14:36.003841,moyenne
BJ-C6D9600E,SCI Construction,BTP & Immobilier,Toucountouna,+229 90 42 13 92,,sciconstruction.bj,TPE (<10),B2C,LinkedIn,,Actif,2026-06-29T00:14:36.003858,moyenne
BJ-4BF2F535,Immobilier,BTP & Immobilier,Toucountouna,+229 28 39 18 35,immobilier@immobilier.org,immobilier.bj,PME (50-200),B2B,LinkedIn,,Actif,2026-06-29T00:14:36.003869,haute
BJ-D3621B67,Maison,BTP & Immobilier,Toucountouna,+229 59 94 36 63,,,TPE (<10),B2B,LinkedIn,,Actif,2026-06-29T00:14:36.003879,basse
BJ-F9836582,Habitat Services,BTP & Immobilier,Toucountouna,+229 53 36 96 46,habitat.services@habitat.services.org,habitatservices.bj,TPE (<10),B2B,LinkedIn,,Actif,2026-06-29T00:14:36.003898,haute
BJ-FC242A3E,Maison Groupe,BTP & Immobilier,Boukoumbé,+229 54 23 62 72,maison.groupe@maison.groupe.benin,,PME (10-50),B2B,LinkedIn,,Actif,2026-06-29T00:14:36.003966,moyenne
BJ-3470D57F,Architecte Boukoumbé,BTP & Immobilier,Boukoumbé,+229 89 25 39 31,architecte.boukoumbé@architecte.boukoumbé.net,architecteboukoumbé.bj,TPE (<10),B2C,LinkedIn,,Actif,2026-06-29T00:14:36.003979,haute
BJ-FB1F3D39,Urbanisme,BTP & Immobilier,Boukoumbé,+229 87 45 81 86,,,TPE (<10),B2B,LinkedIn,,Actif,2026-06-29T00:14:36.003989,basse
BJ-6CBFCED3,SCI Toiture SARL,BTP & Immobilier,Boukoumbé,+229 86 72 82 57,sci.toiture.sarl@sci.toiture.sarl.bj,,Grande (>200),B2C,LinkedIn,,Actif,2026-06-29T00:14:36.004004,moyenne
BJ-CDF13A8F,Bâtiment Ets,BTP & Immobilier,Boukoumbé,+229 58 71 37 76,,bâtimentets.bj,PME (50-200),B2B,LinkedIn,,Actif,2026-06-29T00:14:36.004015,moyenne
BJ-62C50DA5,SCI Travaux SA Kouandé,BTP & Immobilier,Kouandé,+229 76 63 11 46,sci.travaux.sa.kouandé@sci.travaux.sa.kouandé.net,scitravauxsakouandé.bj,Grande (>200),B2B,LinkedIn,,Actif,2026-06-29T00:14:36.004047,haute
BJ-ADAB5E18,SA Bâtiment,BTP & Immobilier,Kouandé,+229 64 99 32 25,sa.bâtiment@sa.bâtiment.net,sabâtiment.bj,TPE (<10),B2B,LinkedIn,,Actif,2026-06-29T00:14:36.004059,haute
BJ-927261B3,BTP Électricité,BTP & Immobilier,Kouandé,+229 54 89 18 86,btp.électricité@btp.électricité.bj,,Grande (>200),B2C,LinkedIn,,Actif,2026-06-29T00:14:36.004070,moyenne
BJ-EB9906B9,SARL Construction Ets,BTP & Immobilier,Kouandé,+229 46 23 91 89,,,Grande (>200),B2C,LinkedIn,,Actif,2026-06-29T00:14:36.004080,basse
BJ-6F96A042,SA Fondation,BTP & Immobilier,Kouandé,+229 57 70 69 25,sa.fondation@sa.fondation.com,,PME (10-50),B2B,LinkedIn,,Actif,2026-06-29T00:14:36.004091,moyenne
BJ-2A810AEE,Construction Africa,BTP & Immobilier,Péhunco,+229 53 61 98 60,,,PME (50-200),B2B,LinkedIn,,Actif,2026-06-29T00:14:36.004109,basse
BJ-8D322212,SO Travaux Bénin,BTP & Immobilier,Péhunco,+229 74 46 96 42,,,PME (10-50),B2B,LinkedIn,,Actif,2026-06-29T00:14:36.004121,basse
BJ-1673D039,Électricité,BTP & Immobilier,Péhunco,+229 29 51 11 66,électricité@électricité.bj,,TPE (<10),B2B,LinkedIn,,Actif,2026-06-29T00:14:36.004132,moyenne
BJ-45ECAA87,SO Maison,BTP & Immobilier,Péhunco,+229 45 19 56 65,so.maison@so.maison.net,,Grande (>200),B2C,LinkedIn,,Actif,2026-06-29T00:14:36.004146,moyenne
BJ-7635178E,Travaux,BTP & Immobilier,Péhunco,+229 36 15 76 46,,travaux.bj,PME (10-50),B2C,LinkedIn,,Actif,2026-06-29T00:14:36.004157,moyenne
BJ-4D0EA66D,Cabinet Plomberie,BTP & Immobilier,Tchaourou,+229 31 48 45 81,cabinet.plomberie@cabinet.plomberie.bj,,TPE (<10),B2C,LinkedIn,,Actif,2026-06-29T00:14:36.004174,moyenne
BJ-E25DBF10,Groupe Habitat Ets,BTP & Immobilier,Tchaourou,+229 82 54 51 37,groupe.habitat.ets@groupe.habitat.ets.bj,,PME (50-200),B2C,LinkedIn,,Actif,2026-06-29T00:14:36.004188,moyenne
BJ-2F101DEB,Travaux SARL Tchaourou,BTP & Immobilier,Tchaourou,+229 94 20 98 67,travaux.sarl.tchaourou@travaux.sarl.tchaourou.net,,PME (10-50),B2C,LinkedIn,,Actif,2026-06-29T00:14:36.004200,moyenne
BJ-4B5783FE,Habitat Tchaourou,BTP & Immobilier,Tchaourou,+229 94 81 62 48,,habitattchaourou.bj,PME (10-50),B2C,LinkedIn,,Actif,2026-06-29T00:14:36.004211,moyenne
BJ-DC5B66F9,Toiture Tchaourou,BTP & Immobilier,Tchaourou,+229 32 58 50 91,toiture.tchaourou@toiture.tchaourou.com,toituretchaourou.bj,PME (10-50),B2C,LinkedIn,,Actif,2026-06-29T00:14:36.004222,haute
BJ-32AA8FCC,SARL Bâtiment Groupe,BTP & Immobilier,Nikki,+229 26 26 20 10,sarl.bâtiment.groupe@sarl.bâtiment.groupe.com,,PME (10-50),B2C,LinkedIn,,Actif,2026-06-29T00:14:36.004239,moyenne
BJ-DE533640,Cabinet Immobilier,BTP & Immobilier,Nikki,+229 41 35 57 50,cabinet.immobilier@cabinet.immobilier.net,cabinetimmobilier.bj,TPE (<10),B2C,LinkedIn,,Actif,2026-06-29T00:14:36.004250,haute
BJ-119C4BCF,Maison Ets,BTP & Immobilier,Nikki,+229 46 33 62 33,,,TPE (<10),B2C,LinkedIn,,Actif,2026-06-29T00:14:36.004260,basse
BJ-DDC03D7E,Fondation SARL,BTP & Immobilier,Nikki,+229 63 42 26 80,fondation.sarl@fondation.sarl.com,fondationsarl.bj,TPE (<10),B2C,LinkedIn,,Actif,2026-06-29T00:14:36.004277,haute
BJ-DCFF236F,Plomberie Africa,BTP & Immobilier,Nikki,+229 58 60 72 18,plomberie.africa@plomberie.africa.org,plomberieafrica.bj,Grande (>200),B2C,LinkedIn,,Actif,2026-06-29T00:14:36.004289,haute
BJ-DAE9A82C,Bâtiment Groupe,BTP & Immobilier,Bembéréké,+229 65 82 58 34,bâtiment.groupe@bâtiment.groupe.com,bâtimentgroupe.bj,PME (50-200),B2B,LinkedIn,,Actif,2026-06-29T00:14:36.004310,haute
BJ-2C97F74F,Groupe Immobilier,BTP & Immobilier,Bembéréké,+229 43 82 88 80,,groupeimmobilier.bj,PME (10-50),B2B,LinkedIn,,Actif,2026-06-29T00:14:36.004322,moyenne
BJ-83C91347,Ets Fondation SA,BTP & Immobilier,Bembéréké,+229 32 44 14 23,,etsfondationsa.bj,TPE (<10),B2C,LinkedIn,,Actif,2026-06-29T00:14:36.004332,moyenne
BJ-604384FA,Fondation Ets,BTP & Immobilier,Bembéréké,+229 32 44 67 23,,fondationets.bj,PME (50-200),B2B,LinkedIn,,Actif,2026-06-29T00:14:36.004343,moyenne
BJ-DBBFF8D4,Électricité Bénin Bembéréké,BTP & Immobilier,Bembéréké,+229 75 90 88 97,électricité.bénin.bembéréké@électricité.bénin.bembéréké.net,électricitébéninbembéréké.bj,TPE (<10),B2B,LinkedIn,,Actif,2026-06-29T00:14:36.004355,haute
BJ-D8CD25C5,Groupe Habitat,BTP & Immobilier,Kalalé,+229 63 12 12 23,groupe.habitat@groupe.habitat.com,groupehabitat.bj,PME (10-50),B2B,LinkedIn,,Actif,2026-06-29T00:14:36.004376,haute
BJ-C3CF6EE3,Travaux International,BTP & Immobilier,Kalalé,+229 48 45 65 53,travaux.international@travaux.international.benin,travauxinternational.bj,TPE (<10),B2B,LinkedIn,,Actif,2026-06-29T00:14:36.004389,haute
BJ-136EE0F4,SO Ingénierie Ets Kalalé,BTP & Immobilier,Kalalé,+229 22 37 33 88,so.ingénierie.ets.kalalé@so.ingénierie.ets.kalalé.com,soingénierieetskalalé.bj,TPE (<10),B2B,LinkedIn,,Actif,2026-06-29T00:14:36.004402,haute
BJ-3D7DAA68,SARL Plomberie Kalalé,BTP & Immobilier,Kalalé,+229 87 56 54 93,,sarlplomberiekalalé.bj,TPE (<10),B2B,LinkedIn,,Actif,2026-06-29T00:14:36.004415,moyenne
BJ-42634000,Architecte,BTP & Immobilier,Kalalé,+229 25 80 98 17,architecte@architecte.org,,PME (10-50),B2C,LinkedIn,,Actif,2026-06-29T00:14:36.004427,moyenne
BJ-4F8E94C0,Travaux Groupe,BTP & Immobilier,Ndali,+229 22 66 34 49,,,PME (10-50),B2B,LinkedIn,,Actif,2026-06-29T00:14:36.004455,basse
BJ-ACBD6C1F,Cabinet Immobilier,BTP & Immobilier,Ndali,+229 90 31 17 13,cabinet.immobilier@cabinet.immobilier.bj,,PME (10-50),B2B,LinkedIn,,Actif,2026-06-29T00:14:36.004465,moyenne
BJ-C7FD3DFC,Toiture International,BTP & Immobilier,Ndali,+229 80 58 29 91,,,Grande (>200),B2B,LinkedIn,,Actif,2026-06-29T00:14:36.004475,basse
BJ-5D39DB8A,BTP Toiture Services Ndali,BTP & Immobilier,Ndali,+229 89 29 93 99,btp.toiture.services.ndali@btp.toiture.services.ndali.bj,,PME (10-50),B2C,LinkedIn,,Actif,2026-06-29T00:14:36.004486,moyenne
BJ-7E164F89,Construction,BTP & Immobilier,Ségbana,+229 37 47 87 57,,,PME (10-50),B2B,LinkedIn,,Actif,2026-06-29T00:14:36.004501,basse
BJ-2BD2CA3B,Toiture Bénin,BTP & Immobilier,Ségbana,+229 80 80 17 13,toiture.bénin@toiture.bénin.bj,,TPE (<10),B2B,LinkedIn,,Actif,2026-06-29T00:14:36.004513,moyenne
BJ-D43A6375,Toiture,BTP & Immobilier,Ségbana,+229 45 12 77 70,toiture@toiture.org,toiture.bj,PME (10-50),B2C,LinkedIn,,Actif,2026-06-29T00:14:36.004525,haute
BJ-10B6B598,Architecte,BTP & Immobilier,Ségbana,+229 98 69 53 95,architecte@architecte.org,,PME (10-50),B2B,LinkedIn,,Actif,2026-06-29T00:14:36.004555,moyenne
BJ-05FE840D,Habitat,BTP & Immobilier,Ségbana,+229 62 40 43 83,habitat@habitat.bj,habitat.bj,PME (10-50),B2C,LinkedIn,,Actif,2026-06-29T00:14:36.004566,haute
BJ-59384B80,SARL Travaux,BTP & Immobilier,Tchaourou,+229 91 40 93 16,,,PME (10-50),B2B,LinkedIn,,Actif,2026-06-29T00:14:36.004581,basse
BJ-CFF23A4C,SA Bâtiment Services,BTP & Immobilier,Tchaourou,+229 34 20 51 12,sa.bâtiment.services@sa.bâtiment.services.com,,TPE (<10),B2C,LinkedIn,,Actif,2026-06-29T00:14:36.004593,moyenne
BJ-A36BE952,SCI Immobilier Solutions,BTP & Immobilier,Tchaourou,+229 52 35 52 84,sci.immobilier.solutions@sci.immobilier.solutions.org,sciimmobiliersolutions.bj,PME (10-50),B2B,LinkedIn,,Actif,2026-06-29T00:14:36.004618,haute
BJ-BAAE35D8,Ingénierie Groupe,BTP & Immobilier,Tchaourou,+229 83 54 69 39,,,TPE (<10),B2C,LinkedIn,,Actif,2026-06-29T00:14:36.004628,basse
BJ-00B25CC5,SCI Ingénierie Bétérou,BTP & Immobilier,Bétérou,+229 44 90 35 95,sci.ingénierie.bétérou@sci.ingénierie.bétérou.bj,,PME (50-200),B2B,LinkedIn,,Actif,2026-06-29T00:14:36.004645,moyenne
BJ-1672F6E6,Urbanisme Services Bétérou,BTP & Immobilier,Bétérou,+229 36 28 77 15,urbanisme.services.bétérou@urbanisme.services.bétérou.net,,PME (50-200),B2B,LinkedIn,,Actif,2026-06-29T00:14:36.004658,moyenne
BJ-95812950,SA Urbanisme Bétérou,BTP & Immobilier,Bétérou,+229 25 92 71 85,sa.urbanisme.bétérou@sa.urbanisme.bétérou.com,,TPE (<10),B2B,LinkedIn,,Actif,2026-06-29T00:14:36.004668,moyenne
BJ-92314E96,SARL Habitat International,BTP & Immobilier,Bétérou,+229 61 14 15 36,sarl.habitat.international@sarl.habitat.international.benin,sarlhabitatinternational.bj,TPE (<10),B2C,LinkedIn,,Actif,2026-06-29T00:14:36.004683,haute
BJ-FF7F7EA5,SO Ingénierie SA,BTP & Immobilier,Bétérou,+229 70 18 71 70,so.ingénierie.sa@so.ingénierie.sa.net,soingénieriesa.bj,PME (10-50),B2B,LinkedIn,,Actif,2026-06-29T00:14:36.004699,haute
BJ-F658195B,Cabinet Électricité Ouessè,BTP & Immobilier,Ouessè,+229 51 14 58 28,,,TPE (<10),B2C,LinkedIn,,Actif,2026-06-29T00:14:36.004716,basse
BJ-41D80861,Structure Ets,BTP & Immobilier,Ouessè,+229 39 51 95 22,,structureets.bj,PME (50-200),B2B,LinkedIn,,Actif,2026-06-29T00:14:36.004727,moyenne
BJ-972CC7DD,Ets Architecte,BTP & Immobilier,Ouessè,+229 24 51 55 69,ets.architecte@ets.architecte.bj,etsarchitecte.bj,PME (50-200),B2C,LinkedIn,,Actif,2026-06-29T00:14:36.004739,haute
BJ-C5E4B3E4,Toiture,BTP & Immobilier,Ouessè,+229 76 38 86 12,,,PME (10-50),B2C,LinkedIn,,Actif,2026-06-29T00:14:36.004750,basse
BJ-AFE89D12,Ets Construction,BTP & Immobilier,Ouessè,+229 42 77 53 11,,,PME (10-50),B2B,LinkedIn,,Actif,2026-06-29T00:14:36.004759,basse
BJ-A5DD51AE,Groupe Plomberie Africa Glazoué,BTP & Immobilier,Glazoué,+229 62 87 92 47,groupe.plomberie.africa.glazoué@groupe.plomberie.africa.glazoué.net,groupeplomberieafricaglazoué.bj,TPE (<10),B2C,LinkedIn,,Actif,2026-06-29T00:14:36.004777,haute
BJ-08A32059,SO Architecte Africa,BTP & Immobilier,Glazoué,+229 34 57 58 90,,soarchitecteafrica.bj,TPE (<10),B2B,LinkedIn,,Actif,2026-06-29T00:14:36.004788,moyenne
BJ-B981BB7C,Ets Architecte,BTP & Immobilier,Glazoué,+229 90 74 85 58,ets.architecte@ets.architecte.org,,TPE (<10),B2B,LinkedIn,,Actif,2026-06-29T00:14:36.004799,moyenne
BJ-18B98E38,Bâtiment Cabinet,BTP & Immobilier,Glazoué,+229 52 62 64 76,,,TPE (<10),B2B,LinkedIn,,Actif,2026-06-29T00:14:36.004811,basse
BJ-FF611D4C,Construction,BTP & Immobilier,Glazoué,+229 32 22 13 10,construction@construction.benin,,TPE (<10),B2B,LinkedIn,,Actif,2026-06-29T00:14:36.004826,moyenne
BJ-1EE8C5C3,Ingénierie Services,BTP & Immobilier,Dassa-Zoumè,+229 80 78 14 29,ingénierie.services@ingénierie.services.org,ingénierieservices.bj,TPE (<10),B2B,LinkedIn,,Actif,2026-06-29T00:14:36.004855,haute
BJ-A283EFB5,BTP Plomberie Dassa-Zoumè,BTP & Immobilier,Dassa-Zoumè,+229 53 11 73 84,btp.plomberie.dassazoumè@btp.plomberie.dassazoumè.com,btpplomberiedassazoumè.bj,TPE (<10),B2B,LinkedIn,,Actif,2026-06-29T00:14:36.004867,haute
BJ-E899935B,Immobilier Solutions,BTP & Immobilier,Dassa-Zoumè,+229 34 86 30 96,,immobiliersolutions.bj,PME (10-50),B2C,LinkedIn,,Actif,2026-06-29T00:14:36.004878,moyenne
BJ-7236D772,BTP Urbanisme Groupe,BTP & Immobilier,Dassa-Zoumè,+229 29 55 11 74,,,PME (10-50),B2C,LinkedIn,,Actif,2026-06-29T00:14:36.004896,basse
BJ-79B8765D,SCI Béton,BTP & Immobilier,Savalou,+229 82 38 87 71,,,TPE (<10),B2B,LinkedIn,,Actif,2026-06-29T00:14:36.004934,basse
BJ-BFF99E33,Plomberie Solutions Savalou,BTP & Immobilier,Savalou,+229 80 45 78 14,,,Grande (>200),B2C,LinkedIn,,Actif,2026-06-29T00:14:36.004945,basse
BJ-C05F5F42,SO Urbanisme Groupe,BTP & Immobilier,Savalou,+229 95 16 46 53,so.urbanisme.groupe@so.urbanisme.groupe.benin,sourbanismegroupe.bj,PME (50-200),B2B,LinkedIn,,Actif,2026-06-29T00:14:36.004972,haute
BJ-AD206BD0,Cabinet Ingénierie Groupe,BTP & Immobilier,Savalou,+229 83 13 20 56,,,PME (50-200),B2C,LinkedIn,,Actif,2026-06-29T00:14:36.004986,basse
BJ-F778E036,Habitat Savalou,BTP & Immobilier,Savalou,+229 46 38 37 23,,habitatsavalou.bj,Grande (>200),B2C,LinkedIn,,Actif,2026-06-29T00:14:36.004998,moyenne
BJ-D91296A4,SA Maison Services,BTP & Immobilier,Bantè,+229 86 54 41 95,,samaisonservices.bj,PME (50-200),B2B,LinkedIn,,Actif,2026-06-29T00:14:36.005015,moyenne
BJ-9F602989,Groupe Construction,BTP & Immobilier,Bantè,+229 53 21 13 71,groupe.construction@groupe.construction.benin,groupeconstruction.bj,PME (10-50),B2C,LinkedIn,,Actif,2026-06-29T00:14:36.005026,haute
BJ-11E3AAE2,Groupe Fondation,BTP & Immobilier,Bantè,+229 94 15 20 50,groupe.fondation@groupe.fondation.benin,groupefondation.bj,PME (50-200),B2C,LinkedIn,,Actif,2026-06-29T00:14:36.005038,haute
BJ-603CDE77,Cabinet Béton,BTP & Immobilier,Bantè,+229 39 65 99 31,cabinet.béton@cabinet.béton.org,,Grande (>200),B2C,LinkedIn,,Actif,2026-06-29T00:14:36.005050,moyenne
BJ-FB96E2CA,Travaux Africa,BTP & Immobilier,Bantè,+229 32 17 90 95,travaux.africa@travaux.africa.net,travauxafrica.bj,PME (50-200),B2B,LinkedIn,,Actif,2026-06-29T00:14:36.005066,haute
BJ-CFC64146,Bâtiment,BTP & Immobilier,Djougou,+229 59 82 31 97,bâtiment@bâtiment.net,,PME (10-50),B2B,LinkedIn,,Actif,2026-06-29T00:14:36.005083,moyenne
BJ-7C3D300A,Construction Bénin,BTP & Immobilier,Djougou,+229 94 62 19 12,construction.bénin@construction.bénin.net,constructionbénin.bj,PME (50-200),B2C,LinkedIn,,Actif,2026-06-29T00:14:36.005096,haute
BJ-13541536,Ets Structure,BTP & Immobilier,Djougou,+229 83 18 58 85,,etsstructure.bj,Grande (>200),B2C,LinkedIn,,Actif,2026-06-29T00:14:36.005108,moyenne
BJ-965F9AE2,Habitat SA,BTP & Immobilier,Djougou,+229 57 39 48 86,,,PME (50-200),B2B,LinkedIn,,Actif,2026-06-29T00:14:36.005125,basse
BJ-DEBE8CFB,Cabinet Habitat,BTP & Immobilier,Djougou,+229 44 73 66 77,,,TPE (<10),B2B,LinkedIn,,Actif,2026-06-29T00:14:36.005138,basse
BJ-60D893FD,Construction,BTP & Immobilier,Ouèssè,+229 90 28 63 74,construction@construction.benin,,PME (10-50),B2B,LinkedIn,,Actif,2026-06-29T00:14:36.005156,moyenne
BJ-14154C8A,BTP Béton Ouèssè,BTP & Immobilier,Ouèssè,+229 22 44 43 43,,,TPE (<10),B2C,LinkedIn,,Actif,2026-06-29T00:14:36.005166,basse
BJ-76510E11,Électricité,BTP & Immobilier,Ouèssè,+229 21 15 16 75,,électricité.bj,TPE (<10),B2C,LinkedIn,,Actif,2026-06-29T00:14:36.005177,moyenne
BJ-A03326CE,Béton Bénin,BTP & Immobilier,Ouèssè,+229 78 55 24 38,béton.bénin@béton.bénin.bj,,TPE (<10),B2C,LinkedIn,,Actif,2026-06-29T00:14:36.005189,moyenne
BJ-204EABE0,SARL Travaux,BTP & Immobilier,Ouèssè,+229 52 35 94 99,,sarltravaux.bj,PME (10-50),B2C,LinkedIn,,Actif,2026-06-29T00:14:36.005200,moyenne
BJ-9364CE35,Maison SA,BTP & Immobilier,Bassila,+229 80 21 98 20,maison.sa@maison.sa.net,,TPE (<10),B2B,LinkedIn,,Actif,2026-06-29T00:14:36.005216,moyenne
BJ-D62030CB,Construction,BTP & Immobilier,Bassila,+229 89 32 60 62,construction@construction.benin,construction.bj,PME (10-50),B2B,LinkedIn,,Actif,2026-06-29T00:14:36.005228,haute
BJ-266FC1D1,Cabinet Architecte SARL,BTP & Immobilier,Bassila,+229 56 66 66 99,,,PME (10-50),B2B,LinkedIn,,Actif,2026-06-29T00:14:36.005239,basse
BJ-602D5D10,SA Architecte,BTP & Immobilier,Bassila,+229 92 12 70 25,sa.architecte@sa.architecte.net,,Grande (>200),B2B,LinkedIn,,Actif,2026-06-29T00:14:36.005252,moyenne
BJ-BA69DD2B,Groupe Habitat Services,BTP & Immobilier,Bassila,+229 31 33 38 35,groupe.habitat.services@groupe.habitat.services.org,groupehabitatservices.bj,PME (50-200),B2C,LinkedIn,,Actif,2026-06-29T00:14:36.005265,haute
BJ-1476597C,Construction Services,BTP & Immobilier,Pehunco,+229 70 55 47 15,,constructionservices.bj,PME (10-50),B2C,LinkedIn,,Actif,2026-06-29T00:14:36.005283,moyenne
BJ-C7DC6F20,Construction Pehunco,BTP & Immobilier,Pehunco,+229 54 43 89 78,construction.pehunco@construction.pehunco.benin,constructionpehunco.bj,PME (50-200),B2C,LinkedIn,,Actif,2026-06-29T00:14:36.005295,haute
BJ-31AAC787,SARL Bâtiment,BTP & Immobilier,Pehunco,+229 30 54 41 46,sarl.bâtiment@sarl.bâtiment.net,sarlbâtiment.bj,PME (10-50),B2B,LinkedIn,,Actif,2026-06-29T00:14:36.005308,haute
BJ-EDB7E84E,Structure,BTP & Immobilier,Pehunco,+229 57 71 91 57,structure@structure.benin,structure.bj,PME (50-200),B2B,LinkedIn,,Actif,2026-06-29T00:14:36.005319,haute
BJ-F30FA238,Habitat,BTP & Immobilier,Pehunco,+229 80 66 69 90,,,PME (50-200),B2C,LinkedIn,,Actif,2026-06-29T00:14:36.005330,basse
BJ-E4CD6600,SARL Urbanisme Ets,BTP & Immobilier,Copargo,+229 45 60 88 10,sarl.urbanisme.ets@sarl.urbanisme.ets.org,sarlurbanismeets.bj,PME (10-50),B2C,LinkedIn,,Actif,2026-06-29T00:14:36.005346,haute
BJ-27EB117A,SO Habitat,BTP & Immobilier,Copargo,+229 84 20 55 33,,sohabitat.bj,PME (50-200),B2C,LinkedIn,,Actif,2026-06-29T00:14:36.005356,moyenne
BJ-976B3135,SO Construction Copargo,BTP & Immobilier,Copargo,+229 28 78 61 16,so.construction.copargo@so.construction.copargo.bj,,PME (10-50),B2C,LinkedIn,,Actif,2026-06-29T00:14:36.005368,moyenne
BJ-C55B4FDD,Cabinet Structure Ets,BTP & Immobilier,Copargo,+229 33 46 30 85,,cabinetstructureets.bj,TPE (<10),B2C,LinkedIn,,Actif,2026-06-29T00:14:36.005381,moyenne
BJ-DE8CAB20,Urbanisme Ets,BTP & Immobilier,Copargo,+229 24 76 71 47,urbanisme.ets@urbanisme.ets.benin,urbanismeets.bj,Grande (>200),B2B,LinkedIn,,Actif,2026-06-29T00:14:36.005394,haute
BJ-C6C9AFCF,Super Provision Ets Cotonou,Commerce & Distribution,Cotonou,+229 55 40 98 53,super.provision.ets.cotonou@super.provision.ets.cotonou.com,superprovisionetscotonou.bj,TPE (<10),B2C,LinkedIn,,Actif,2026-06-29T00:14:36.005423,haute
BJ-B5158C7A,Marché Boutique,Commerce & Distribution,Cotonou,+229 30 50 59 44,,,TPE (<10),B2C,LinkedIn,,Actif,2026-06-29T00:14:36.005433,basse
BJ-7FFD1240,Supply,Commerce & Distribution,Cotonou,+229 45 38 38 90,supply@supply.com,,Grande (>200),B2B/B2C,LinkedIn,,Actif,2026-06-29T00:14:36.005444,moyenne
BJ-F014DDE6,Groupe Grossiste Store,Commerce & Distribution,Cotonou,+229 64 74 51 45,groupe.grossiste.store@groupe.grossiste.store.bj,groupegrossistestore.bj,TPE (<10),B2B/B2C,LinkedIn,,Actif,2026-06-29T00:14:36.005459,haute
BJ-385190D6,Ets Grossiste Bénin,Commerce & Distribution,Abomey-Calavi,+229 21 19 21 46,,,TPE (<10),B2B/B2C,LinkedIn,,Actif,2026-06-29T00:14:36.005480,basse
BJ-6A37D26D,Distribution Market Abomey-Calavi,Commerce & Distribution,Abomey-Calavi,+229 80 21 74 53,,,TPE (<10),B2B/B2C,LinkedIn,,Actif,2026-06-29T00:14:36.005491,basse
BJ-FBBAEE65,Épicerie,Commerce & Distribution,Abomey-Calavi,+229 79 29 27 95,épicerie@épicerie.bj,épicerie.bj,TPE (<10),B2C,LinkedIn,,Actif,2026-06-29T00:14:36.005506,haute
BJ-47EE9FF8,Centre Supermarché Abomey-Calavi,Commerce & Distribution,Abomey-Calavi,+229 47 81 77 18,centre.supermarché.abomeycalavi@centre.supermarché.abomeycalavi.net,,PME (10-50),B2C,LinkedIn,,Actif,2026-06-29T00:14:36.005523,moyenne
BJ-717CAF45,Centre Épicerie Bénin Abomey-Calavi,Commerce & Distribution,Abomey-Calavi,+229 32 48 59 74,,centreépiceriebéninabomeycalavi.bj,TPE (<10),B2B/B2C,LinkedIn,,Actif,2026-06-29T00:14:36.005536,moyenne
BJ-6FCD6F8A,Distribution Magasin,Commerce & Distribution,Porto-Novo,+229 68 68 51 30,distribution.magasin@distribution.magasin.net,distributionmagasin.bj,TPE (<10),B2C,LinkedIn,,Actif,2026-06-29T00:14:36.005553,haute
BJ-5A88F5D0,Détaillant,Commerce & Distribution,Porto-Novo,+229 94 87 67 54,,,PME (50-200),B2B/B2C,LinkedIn,,Actif,2026-06-29T00:14:36.005563,basse
BJ-AA03A8D7,Marché Marché Groupe,Commerce & Distribution,Porto-Novo,+229 81 83 95 41,,marchémarchégroupe.bj,PME (50-200),B2C,LinkedIn,,Actif,2026-06-29T00:14:36.005575,moyenne
BJ-C22EE726,Distribution,Commerce & Distribution,Porto-Novo,+229 96 92 67 64,distribution@distribution.com,,TPE (<10),B2B/B2C,LinkedIn,,Actif,2026-06-29T00:14:36.005587,moyenne
BJ-570F7227,Supply Groupe,Commerce & Distribution,Porto-Novo,+229 33 70 72 93,,supplygroupe.bj,Grande (>200),B2C,LinkedIn,,Actif,2026-06-29T00:14:36.005598,moyenne
BJ-C46EE581,Super Stock SARL Parakou,Commerce & Distribution,Parakou,+229 90 19 16 22,super.stock.sarl.parakou@super.stock.sarl.parakou.benin,,PME (50-200),B2C,LinkedIn,,Actif,2026-06-29T00:14:36.005614,moyenne
BJ-156F696A,Marché Grossiste Ets Parakou,Commerce & Distribution,Parakou,+229 43 21 82 85,,marchégrossisteetsparakou.bj,PME (50-200),B2B/B2C,LinkedIn,,Actif,2026-06-29T00:14:36.005626,moyenne
BJ-F7F0FE52,SARL Grossiste International Parakou,Commerce & Distribution,Parakou,+229 56 48 17 99,,sarlgrossisteinternationalparakou.bj,PME (10-50),B2B/B2C,LinkedIn,,Actif,2026-06-29T00:14:36.005637,moyenne
BJ-FD425015,Provision,Commerce & Distribution,Parakou,+229 70 60 99 24,provision@provision.net,provision.bj,TPE (<10),B2C,LinkedIn,,Actif,2026-06-29T00:14:36.005651,haute
BJ-ECDE9190,Distribution Shop,Commerce & Distribution,Parakou,+229 49 78 95 29,,distributionshop.bj,TPE (<10),B2C,LinkedIn,,Actif,2026-06-29T00:14:36.005662,moyenne
BJ-1062BDF4,Grossiste,Commerce & Distribution,Bohicon,+229 32 77 98 33,grossiste@grossiste.net,grossiste.bj,TPE (<10),B2B/B2C,LinkedIn,,Actif,2026-06-29T00:14:36.005678,haute
BJ-6648CA60,Distribution Bénin,Commerce & Distribution,Bohicon,+229 80 73 71 18,,distributionbénin.bj,TPE (<10),B2C,LinkedIn,,Actif,2026-06-29T00:14:36.005690,moyenne
BJ-9BC23150,Supply SARL,Commerce & Distribution,Bohicon,+229 31 65 14 94,,,TPE (<10),B2B/B2C,LinkedIn,,Actif,2026-06-29T00:14:36.005706,basse
BJ-06AAB36C,Groupe Supermarché,Commerce & Distribution,Bohicon,+229 76 46 11 33,groupe.supermarché@groupe.supermarché.benin,,PME (50-200),B2C,LinkedIn,,Actif,2026-06-29T00:14:36.005718,moyenne
BJ-ECC66E8F,Distribution Shop,Commerce & Distribution,Bohicon,+229 37 40 56 16,,,PME (10-50),B2C,LinkedIn,,Actif,2026-06-29T00:14:36.005728,basse
BJ-D0BF9D8D,Boutique Natitingou,Commerce & Distribution,Natitingou,+229 60 32 10 64,boutique.natitingou@boutique.natitingou.org,,Grande (>200),B2C,LinkedIn,,Actif,2026-06-29T00:14:36.005744,moyenne
BJ-B08DCE44,Provision,Commerce & Distribution,Natitingou,+229 92 95 11 69,provision@provision.benin,,PME (10-50),B2B/B2C,LinkedIn,,Actif,2026-06-29T00:14:36.005755,moyenne
BJ-D5EEA709,SARL Stock Natitingou,Commerce & Distribution,Natitingou,+229 96 65 47 72,,,PME (10-50),B2C,LinkedIn,,Actif,2026-06-29T00:14:36.005789,basse
BJ-9C45A787,Distribution Marché Bénin,Commerce & Distribution,Lokossa,+229 36 49 70 47,,,PME (50-200),B2B/B2C,LinkedIn,,Actif,2026-06-29T00:14:36.005804,basse
BJ-CA9BA970,Épicerie Groupe Lokossa,Commerce & Distribution,Lokossa,+229 22 41 78 71,épicerie.groupe.lokossa@épicerie.groupe.lokossa.bj,,PME (10-50),B2B/B2C,LinkedIn,,Actif,2026-06-29T00:14:36.005816,moyenne
BJ-4E12A360,Centre Supermarché SARL,Commerce & Distribution,Lokossa,+229 24 60 95 58,centre.supermarché.sarl@centre.supermarché.sarl.bj,,PME (50-200),B2C,LinkedIn,,Actif,2026-06-29T00:14:36.005827,moyenne
BJ-A2DED600,Marché Stock Lokossa,Commerce & Distribution,Lokossa,+229 57 32 69 32,marché.stock.lokossa@marché.stock.lokossa.bj,marchéstocklokossa.bj,Grande (>200),B2B/B2C,LinkedIn,,Actif,2026-06-29T00:14:36.005839,haute
BJ-E2F47C0F,Marché Lokossa,Commerce & Distribution,Lokossa,+229 83 54 33 68,,marchélokossa.bj,TPE (<10),B2C,LinkedIn,,Actif,2026-06-29T00:14:36.005854,moyenne
BJ-DC812615,Distribution Stock Shop,Commerce & Distribution,Ouidah,+229 46 11 56 98,distribution.stock.shop@distribution.stock.shop.net,,PME (10-50),B2B/B2C,LinkedIn,,Actif,2026-06-29T00:14:36.005886,moyenne
BJ-3F2CADED,Magasin,Commerce & Distribution,Ouidah,+229 67 29 93 22,magasin@magasin.bj,magasin.bj,PME (50-200),B2B/B2C,LinkedIn,,Actif,2026-06-29T00:14:36.005928,haute
BJ-74BACB76,SARL Grossiste,Commerce & Distribution,Ouidah,+229 62 73 78 92,,,PME (10-50),B2C,LinkedIn,,Actif,2026-06-29T00:14:36.005939,basse
BJ-1F6DD2CF,Super Commerce Bénin,Commerce & Distribution,Ouidah,+229 90 83 14 77,,,TPE (<10),B2B/B2C,LinkedIn,,Actif,2026-06-29T00:14:36.005954,basse
BJ-CF42DE45,Commerce Marché,Commerce & Distribution,Savalou,+229 51 67 49 22,,commercemarché.bj,TPE (<10),B2C,LinkedIn,,Actif,2026-06-29T00:14:36.006002,moyenne
BJ-629BF83E,Marché Savalou,Commerce & Distribution,Savalou,+229 77 65 69 93,,marchésavalou.bj,PME (50-200),B2B/B2C,LinkedIn,,Actif,2026-06-29T00:14:36.006013,moyenne
BJ-82307DBF,SARL Boutique SARL,Commerce & Distribution,Savalou,+229 93 19 13 98,sarl.boutique.sarl@sarl.boutique.sarl.org,,TPE (<10),B2B/B2C,LinkedIn,,Actif,2026-06-29T00:14:36.006025,moyenne
BJ-E1D8A5D4,Ets Stock Ets Savalou,Commerce & Distribution,Savalou,+229 83 35 36 38,,etsstocketssavalou.bj,PME (50-200),B2B/B2C,LinkedIn,,Actif,2026-06-29T00:14:36.006036,moyenne
BJ-CF435134,Commerce Alimentaire,Commerce & Distribution,Savalou,+229 63 68 40 63,,,TPE (<10),B2B/B2C,LinkedIn,,Actif,2026-06-29T00:14:36.006046,basse
BJ-6DA58539,Commerce,Commerce & Distribution,Dassa-Zoumè,+229 77 14 15 12,,,PME (10-50),B2B/B2C,LinkedIn,,Actif,2026-06-29T00:14:36.006061,basse
BJ-A46EAFD1,Boutique Market,Commerce & Distribution,Dassa-Zoumè,+229 68 31 25 66,,,Grande (>200),B2C,LinkedIn,,Actif,2026-06-29T00:14:36.006083,basse
BJ-4DCD4787,Ets Stock,Commerce & Distribution,Dassa-Zoumè,+229 95 44 58 66,ets.stock@ets.stock.benin,,PME (10-50),B2C,LinkedIn,,Actif,2026-06-29T00:14:36.006096,moyenne
BJ-47558AF8,Distribution Distribution Bénin,Commerce & Distribution,Dassa-Zoumè,+229 74 18 84 55,,,TPE (<10),B2B/B2C,LinkedIn,,Actif,2026-06-29T00:14:36.006108,basse
BJ-4F8CA436,Super Supply Kétou,Commerce & Distribution,Kétou,+229 48 83 56 53,super.supply.kétou@super.supply.kétou.bj,,TPE (<10),B2B/B2C,LinkedIn,,Actif,2026-06-29T00:14:36.006125,moyenne
BJ-87AEB5B0,Ets Détaillant Kétou,Commerce & Distribution,Kétou,+229 26 76 83 82,ets.détaillant.kétou@ets.détaillant.kétou.net,etsdétaillantkétou.bj,PME (50-200),B2B/B2C,LinkedIn,,Actif,2026-06-29T00:14:36.006148,haute
BJ-6E0210F4,Ets Boutique,Commerce & Distribution,Kétou,+229 35 33 73 21,ets.boutique@ets.boutique.com,,Grande (>200),B2B/B2C,LinkedIn,,Actif,2026-06-29T00:14:36.006160,moyenne
BJ-2A743922,Ets Magasin,Commerce & Distribution,Kétou,+229 77 40 77 91,ets.magasin@ets.magasin.net,,TPE (<10),B2B/B2C,LinkedIn,,Actif,2026-06-29T00:14:36.006171,moyenne
BJ-DA6718C1,Distribution Groupe Covè,Commerce & Distribution,Covè,+229 39 54 40 49,,,TPE (<10),B2C,LinkedIn,,Actif,2026-06-29T00:14:36.006187,basse
BJ-8D4E5CFE,Grossiste,Commerce & Distribution,Covè,+229 60 86 74 90,grossiste@grossiste.org,,PME (10-50),B2B/B2C,LinkedIn,,Actif,2026-06-29T00:14:36.006201,moyenne
BJ-B7F49655,Supply,Commerce & Distribution,Covè,+229 34 20 88 39,,,PME (50-200),B2B/B2C,LinkedIn,,Actif,2026-06-29T00:14:36.006212,basse
BJ-3C24621C,Détaillant Shop Covè,Commerce & Distribution,Covè,+229 54 55 55 44,,,TPE (<10),B2C,LinkedIn,,Actif,2026-06-29T00:14:36.006224,basse
BJ-7450A921,Super Épicerie,Commerce & Distribution,Covè,+229 60 12 69 42,super.épicerie@super.épicerie.net,superépicerie.bj,PME (10-50),B2C,LinkedIn,,Actif,2026-06-29T00:14:36.006237,haute
BJ-F649126E,Marché Magasin,Commerce & Distribution,Pobè,+229 80 93 56 80,,marchémagasin.bj,PME (50-200),B2B/B2C,LinkedIn,,Actif,2026-06-29T00:14:36.006254,moyenne
BJ-EFDB4CDC,Boutique,Commerce & Distribution,Pobè,+229 80 96 58 39,,,TPE (<10),B2B/B2C,LinkedIn,,Actif,2026-06-29T00:14:36.006265,basse
BJ-3F2BA9D1,Grossiste Store,Commerce & Distribution,Pobè,+229 44 89 24 10,,grossistestore.bj,Grande (>200),B2B/B2C,LinkedIn,,Actif,2026-06-29T00:14:36.006276,moyenne
BJ-9D8BF94B,Stock Store,Commerce & Distribution,Pobè,+229 62 55 14 51,,,PME (50-200),B2C,LinkedIn,,Actif,2026-06-29T00:14:36.006300,basse
BJ-514FF49F,Super Stock Store,Commerce & Distribution,Sakété,+229 80 85 64 74,,,PME (50-200),B2B/B2C,LinkedIn,,Actif,2026-06-29T00:14:36.006316,basse
BJ-6FDFF192,Ets Détaillant,Commerce & Distribution,Sakété,+229 55 49 51 85,ets.détaillant@ets.détaillant.benin,etsdétaillant.bj,PME (50-200),B2B/B2C,LinkedIn,,Actif,2026-06-29T00:14:36.006329,haute
BJ-AFB74EFA,Commerce SARL,Commerce & Distribution,Sakété,+229 59 44 13 78,,,Grande (>200),B2C,LinkedIn,,Actif,2026-06-29T00:14:36.006339,basse
BJ-B31AB0AC,Ets Stock,Commerce & Distribution,Sakété,+229 83 62 76 29,ets.stock@ets.stock.net,,TPE (<10),B2C,LinkedIn,,Actif,2026-06-29T00:14:36.006353,moyenne
BJ-094EC547,Groupe Alimentaire Market,Commerce & Distribution,Sakété,+229 74 43 41 83,,,PME (50-200),B2C,LinkedIn,,Actif,2026-06-29T00:14:36.006364,basse
BJ-2B22CD1A,Provision Groupe,Commerce & Distribution,Adjara,+229 58 59 59 86,,,TPE (<10),B2B/B2C,LinkedIn,,Actif,2026-06-29T00:14:36.006380,basse
BJ-5D3CD8C9,Alimentaire Ets,Commerce & Distribution,Adjara,+229 58 17 39 68,,,TPE (<10),B2B/B2C,LinkedIn,,Actif,2026-06-29T00:14:36.006389,basse
BJ-E9ED6394,Commerce Provision Store,Commerce & Distribution,Adjara,+229 72 99 65 95,,,PME (10-50),B2C,LinkedIn,,Actif,2026-06-29T00:14:36.006423,basse
BJ-5BB9CAD4,Centre Stock,Commerce & Distribution,Allada,+229 81 41 58 33,centre.stock@centre.stock.bj,centrestock.bj,TPE (<10),B2C,LinkedIn,,Actif,2026-06-29T00:14:36.006439,haute
BJ-26D6CA86,Provision Groupe,Commerce & Distribution,Allada,+229 26 95 21 12,,,TPE (<10),B2B/B2C,LinkedIn,,Actif,2026-06-29T00:14:36.006450,basse
BJ-8C72BCCD,Détaillant Bénin,Commerce & Distribution,Allada,+229 42 80 57 66,,,PME (50-200),B2C,LinkedIn,,Actif,2026-06-29T00:14:36.006460,basse
BJ-2896F309,Groupe Provision Groupe,Commerce & Distribution,Allada,+229 70 79 66 53,groupe.provision.groupe@groupe.provision.groupe.org,,TPE (<10),B2B/B2C,LinkedIn,,Actif,2026-06-29T00:14:36.006474,moyenne
BJ-DF5B3A5B,Boutique Market,Commerce & Distribution,Allada,+229 60 60 89 33,,,TPE (<10),B2B/B2C,LinkedIn,,Actif,2026-06-29T00:14:36.006484,basse
BJ-CA3C9BF4,Marché Boutique Aplahoué,Commerce & Distribution,Aplahoué,+229 37 50 52 70,marché.boutique.aplahoué@marché.boutique.aplahoué.net,,TPE (<10),B2B/B2C,LinkedIn,,Actif,2026-06-29T00:14:36.006502,moyenne
BJ-103D1263,Supermarché Shop,Commerce & Distribution,Aplahoué,+229 33 66 27 76,,,PME (50-200),B2C,LinkedIn,,Actif,2026-06-29T00:14:36.006512,basse
BJ-69C6BCB5,Distribution Supermarché Market,Commerce & Distribution,Aplahoué,+229 20 88 84 89,distribution.supermarché.market@distribution.supermarché.market.org,,PME (10-50),B2C,LinkedIn,,Actif,2026-06-29T00:14:36.006524,moyenne
BJ-C789DEE8,Alimentaire Aplahoué,Commerce & Distribution,Aplahoué,+229 50 31 30 94,alimentaire.aplahoué@alimentaire.aplahoué.org,,PME (50-200),B2C,LinkedIn,,Actif,2026-06-29T00:14:36.006546,moyenne
BJ-E41A449B,Stock Market,Commerce & Distribution,Dogbo-Tota,+229 66 75 15 52,,,PME (10-50),B2B/B2C,LinkedIn,,Actif,2026-06-29T00:14:36.006561,basse
BJ-D30DF67C,Commerce,Commerce & Distribution,Dogbo-Tota,+229 70 53 24 35,commerce@commerce.bj,commerce.bj,Grande (>200),B2C,LinkedIn,,Actif,2026-06-29T00:14:36.006572,haute
BJ-96C4DAD4,Grossiste Groupe,Commerce & Distribution,Dogbo-Tota,+229 57 58 82 81,,,TPE (<10),B2B/B2C,LinkedIn,,Actif,2026-06-29T00:14:36.006583,basse
BJ-61346617,Détaillant,Commerce & Distribution,Kpomassè,+229 79 76 21 31,,détaillant.bj,TPE (<10),B2C,LinkedIn,,Actif,2026-06-29T00:14:36.006625,moyenne
BJ-42DF7257,Détaillant SARL,Commerce & Distribution,Kpomassè,+229 88 47 44 13,détaillant.sarl@détaillant.sarl.com,détaillantsarl.bj,PME (10-50),B2C,LinkedIn,,Actif,2026-06-29T00:14:36.006638,haute
BJ-D11F8975,Provision Kpomassè,Commerce & Distribution,Kpomassè,+229 79 28 31 79,provision.kpomassè@provision.kpomassè.com,,PME (50-200),B2C,LinkedIn,,Actif,2026-06-29T00:14:36.006650,moyenne
BJ-A84C4006,Épicerie Ets,Commerce & Distribution,Kpomassè,+229 44 98 32 48,,,TPE (<10),B2C,LinkedIn,,Actif,2026-06-29T00:14:36.006664,basse
BJ-576348B8,Marché Market,Commerce & Distribution,Kpomassè,+229 46 59 47 94,,marchémarket.bj,PME (10-50),B2B/B2C,LinkedIn,,Actif,2026-06-29T00:14:36.006675,moyenne
BJ-2D66F819,SARL Magasin Ets,Commerce & Distribution,Tori-Bossito,+229 30 42 61 10,sarl.magasin.ets@sarl.magasin.ets.org,,PME (10-50),B2C,LinkedIn,,Actif,2026-06-29T00:14:36.006692,moyenne
BJ-0670B6DC,Marché Grossiste,Commerce & Distribution,Tori-Bossito,+229 74 64 86 68,marché.grossiste@marché.grossiste.bj,marchégrossiste.bj,TPE (<10),B2C,LinkedIn,,Actif,2026-06-29T00:14:36.006708,haute
BJ-04B5B310,Super Commerce SARL,Commerce & Distribution,Tori-Bossito,+229 88 53 85 32,super.commerce.sarl@super.commerce.sarl.org,,PME (10-50),B2C,LinkedIn,,Actif,2026-06-29T00:14:36.006719,moyenne
BJ-A20D9AC5,Super Supply,Commerce & Distribution,Tori-Bossito,+229 58 69 75 74,,,Grande (>200),B2B/B2C,LinkedIn,,Actif,2026-06-29T00:14:36.006729,basse
BJ-81FCB72F,Détaillant Bénin,Commerce & Distribution,Tori-Bossito,+229 83 46 98 99,détaillant.bénin@détaillant.bénin.org,,PME (50-200),B2C,LinkedIn,,Actif,2026-06-29T00:14:36.006743,moyenne
BJ-7978A42C,Stock Groupe,Commerce & Distribution,Grand-Popo,+229 57 26 40 91,,,Grande (>200),B2B/B2C,LinkedIn,,Actif,2026-06-29T00:14:36.006762,basse
BJ-B383835E,Super Commerce Store,Commerce & Distribution,Grand-Popo,+229 55 97 90 82,,supercommercestore.bj,PME (10-50),B2B/B2C,LinkedIn,,Actif,2026-06-29T00:14:36.006774,moyenne
BJ-1C5D868C,Centre Grossiste,Commerce & Distribution,Grand-Popo,+229 21 34 99 28,centre.grossiste@centre.grossiste.com,centregrossiste.bj,Grande (>200),B2C,LinkedIn,,Actif,2026-06-29T00:14:36.006786,haute
BJ-B684C155,Supply Bénin,Commerce & Distribution,Grand-Popo,+229 23 30 63 51,,,TPE (<10),B2C,LinkedIn,,Actif,2026-06-29T00:14:36.006796,basse
BJ-DE4C1D4A,Ets Provision Market Athiémé,Commerce & Distribution,Athiémé,+229 49 72 13 12,ets.provision.market.athiémé@ets.provision.market.athiémé.bj,,Grande (>200),B2C,LinkedIn,,Actif,2026-06-29T00:14:36.006823,moyenne
BJ-865D48B4,Magasin Athiémé,Commerce & Distribution,Athiémé,+229 84 58 61 77,magasin.athiémé@magasin.athiémé.net,,PME (50-200),B2B/B2C,LinkedIn,,Actif,2026-06-29T00:14:36.006835,moyenne
BJ-8C45A239,Marché Grossiste,Commerce & Distribution,Athiémé,+229 44 42 46 58,,,Grande (>200),B2B/B2C,LinkedIn,,Actif,2026-06-29T00:14:36.006863,basse
BJ-872D4875,Ets Épicerie Groupe Athiémé,Commerce & Distribution,Athiémé,+229 76 95 52 86,,,PME (50-200),B2C,LinkedIn,,Actif,2026-06-29T00:14:36.006874,basse
BJ-D2A1DE69,Épicerie Market,Commerce & Distribution,Bopa,+229 85 81 29 13,épicerie.market@épicerie.market.bj,,PME (50-200),B2C,LinkedIn,,Actif,2026-06-29T00:14:36.006902,moyenne
BJ-88E79FA8,Commerce Marché,Commerce & Distribution,Bopa,+229 62 89 71 62,commerce.marché@commerce.marché.org,,PME (50-200),B2B/B2C,LinkedIn,,Actif,2026-06-29T00:14:36.006935,moyenne
BJ-C469B2E8,Groupe Grossiste Bopa,Commerce & Distribution,Bopa,+229 79 30 43 29,groupe.grossiste.bopa@groupe.grossiste.bopa.com,groupegrossistebopa.bj,PME (10-50),B2B/B2C,LinkedIn,,Actif,2026-06-29T00:14:36.006948,haute
BJ-B5548C97,Épicerie,Commerce & Distribution,Bopa,+229 69 16 54 46,,,TPE (<10),B2B/B2C,LinkedIn,,Actif,2026-06-29T00:14:36.006974,basse
BJ-FD5F6134,Marché Marché Market,Commerce & Distribution,Bopa,+229 84 66 41 33,,,TPE (<10),B2C,LinkedIn,,Actif,2026-06-29T00:14:36.006983,basse
BJ-C29287D2,Commerce Commerce Bénin,Commerce & Distribution,Houéyogbé,+229 32 90 26 96,commerce.commerce.bénin@commerce.commerce.bénin.net,,Grande (>200),B2B/B2C,LinkedIn,,Actif,2026-06-29T00:14:36.007001,moyenne
BJ-9CF7ED25,Détaillant,Commerce & Distribution,Houéyogbé,+229 70 36 23 19,détaillant@détaillant.benin,,TPE (<10),B2C,LinkedIn,,Actif,2026-06-29T00:14:36.007013,moyenne
BJ-76331B87,Grossiste Ets,Commerce & Distribution,Houéyogbé,+229 30 75 68 40,,,Grande (>200),B2C,LinkedIn,,Actif,2026-06-29T00:14:36.007023,basse
BJ-3C6D977A,Super Stock SARL,Commerce & Distribution,Houéyogbé,+229 40 60 91 29,super.stock.sarl@super.stock.sarl.benin,,TPE (<10),B2C,LinkedIn,,Actif,2026-06-29T00:14:36.007049,moyenne
BJ-6003D7C7,Super Stock Store,Commerce & Distribution,Malanville,+229 86 91 42 76,super.stock.store@super.stock.store.org,,TPE (<10),B2C,LinkedIn,,Actif,2026-06-29T00:14:36.007081,moyenne
BJ-7EAEF5FD,Marché Malanville,Commerce & Distribution,Malanville,+229 58 94 77 93,,,TPE (<10),B2C,LinkedIn,,Actif,2026-06-29T00:14:36.007092,basse
BJ-5A79E4C8,Centre Alimentaire,Commerce & Distribution,Malanville,+229 93 34 71 24,,,TPE (<10),B2B/B2C,LinkedIn,,Actif,2026-06-29T00:14:36.007105,basse
BJ-DF9769C2,Ets Épicerie Market Malanville,Commerce & Distribution,Malanville,+229 84 28 69 13,,etsépiceriemarketmalanville.bj,PME (10-50),B2C,LinkedIn,,Actif,2026-06-29T00:14:36.007117,moyenne
BJ-38887AA5,Grossiste,Commerce & Distribution,Malanville,+229 61 32 11 24,grossiste@grossiste.com,grossiste.bj,PME (50-200),B2C,LinkedIn,,Actif,2026-06-29T00:14:36.007131,haute
BJ-506E8898,Supply International,Commerce & Distribution,Kandi,+229 66 61 63 93,supply.international@supply.international.bj,,TPE (<10),B2C,LinkedIn,,Actif,2026-06-29T00:14:36.007148,moyenne
BJ-FA99ED59,Boutique Ets,Commerce & Distribution,Kandi,+229 67 32 18 78,boutique.ets@boutique.ets.org,boutiqueets.bj,PME (10-50),B2C,LinkedIn,,Actif,2026-06-29T00:14:36.007159,haute
BJ-DF8FA7D8,Marché,Commerce & Distribution,Kandi,+229 93 92 56 23,marché@marché.benin,,PME (10-50),B2B/B2C,LinkedIn,,Actif,2026-06-29T00:14:36.007171,moyenne
BJ-15E14C8E,Centre Supermarché Market,Commerce & Distribution,Kandi,+229 56 83 37 51,centre.supermarché.market@centre.supermarché.market.org,centresupermarchémarket.bj,TPE (<10),B2B/B2C,LinkedIn,,Actif,2026-06-29T00:14:36.007186,haute
BJ-67D0F80F,Marché Alimentaire Store,Commerce & Distribution,Kandi,+229 74 52 31 27,,marchéalimentairestore.bj,TPE (<10),B2C,LinkedIn,,Actif,2026-06-29T00:14:36.007198,moyenne
BJ-70CC2779,Groupe Provision,Commerce & Distribution,Banikoara,+229 56 22 48 91,,,PME (50-200),B2C,LinkedIn,,Actif,2026-06-29T00:14:36.007214,basse
BJ-AE0BA80C,Grossiste,Commerce & Distribution,Banikoara,+229 43 31 78 60,grossiste@grossiste.org,,TPE (<10),B2B/B2C,LinkedIn,,Actif,2026-06-29T00:14:36.007225,moyenne
BJ-9D5B86D4,Commerce Magasin Store,Commerce & Distribution,Banikoara,+229 64 57 41 94,commerce.magasin.store@commerce.magasin.store.benin,,TPE (<10),B2C,LinkedIn,,Actif,2026-06-29T00:14:36.007235,moyenne
BJ-681D6177,SARL Distribution,Commerce & Distribution,Banikoara,+229 82 11 91 79,,,PME (50-200),B2B/B2C,LinkedIn,,Actif,2026-06-29T00:14:36.007246,basse
BJ-1B7933B3,Groupe Épicerie,Commerce & Distribution,Ségbana,+229 23 92 14 94,groupe.épicerie@groupe.épicerie.org,,TPE (<10),B2C,LinkedIn,,Actif,2026-06-29T00:14:36.007274,moyenne
BJ-8E405839,Super Magasin SARL,Commerce & Distribution,Ségbana,+229 31 68 73 50,,,Grande (>200),B2B/B2C,LinkedIn,,Actif,2026-06-29T00:14:36.007285,basse
BJ-8A7EE70F,Commerce Provision,Commerce & Distribution,Ségbana,+229 43 40 75 99,commerce.provision@commerce.provision.bj,commerceprovision.bj,TPE (<10),B2B/B2C,LinkedIn,,Actif,2026-06-29T00:14:36.007296,haute
BJ-515ED22E,Groupe Supermarché Store,Commerce & Distribution,Ségbana,+229 32 25 27 71,,,PME (50-200),B2C,LinkedIn,,Actif,2026-06-29T00:14:36.007310,basse
BJ-72BD87C0,Provision,Commerce & Distribution,Ségbana,+229 81 77 83 37,,provision.bj,TPE (<10),B2C,LinkedIn,,Actif,2026-06-29T00:14:36.007323,moyenne
BJ-AAEC85F5,Commerce Distribution Store,Commerce & Distribution,Karimama,+229 23 20 11 55,commerce.distribution.store@commerce.distribution.store.com,,TPE (<10),B2B/B2C,LinkedIn,,Actif,2026-06-29T00:14:36.007341,moyenne
BJ-532602D3,Distribution Stock Ets,Commerce & Distribution,Karimama,+229 70 36 66 52,distribution.stock.ets@distribution.stock.ets.net,distributionstockets.bj,TPE (<10),B2C,LinkedIn,,Actif,2026-06-29T00:14:36.007353,haute
BJ-ECA2C2ED,Supermarché,Commerce & Distribution,Karimama,+229 29 25 65 90,,,PME (10-50),B2B/B2C,LinkedIn,,Actif,2026-06-29T00:14:36.007363,basse
BJ-D1F2E994,Centre Grossiste SARL,Commerce & Distribution,Karimama,+229 77 63 81 11,centre.grossiste.sarl@centre.grossiste.sarl.bj,,PME (10-50),B2C,LinkedIn,,Actif,2026-06-29T00:14:36.007378,moyenne
BJ-1CACD369,Commerce,Commerce & Distribution,Karimama,+229 77 90 39 50,,,PME (50-200),B2B/B2C,LinkedIn,,Actif,2026-06-29T00:14:36.007388,basse
BJ-4122D67C,SARL Marché Gogounou,Commerce & Distribution,Gogounou,+229 41 16 36 75,sarl.marché.gogounou@sarl.marché.gogounou.com,,Grande (>200),B2C,LinkedIn,,Actif,2026-06-29T00:14:36.007406,moyenne
BJ-75B4F1BA,Groupe Magasin Shop,Commerce & Distribution,Gogounou,+229 73 21 94 37,,,PME (10-50),B2B/B2C,LinkedIn,,Actif,2026-06-29T00:14:36.007416,basse
BJ-54AB4E1D,Grossiste,Commerce & Distribution,Gogounou,+229 67 70 62 25,,,Grande (>200),B2B/B2C,LinkedIn,,Actif,2026-06-29T00:14:36.007425,basse
BJ-A4C67B82,Super Épicerie Store,Commerce & Distribution,Gogounou,+229 74 72 82 72,super.épicerie.store@super.épicerie.store.benin,superépiceriestore.bj,PME (50-200),B2C,LinkedIn,,Actif,2026-06-29T00:14:36.007441,haute
BJ-269E30C1,Commerce Supermarché Store,Commerce & Distribution,Gogounou,+229 68 95 71 98,,,PME (10-50),B2B/B2C,LinkedIn,,Actif,2026-06-29T00:14:36.007451,basse
BJ-6C05C03F,Épicerie Ets Cobly,Commerce & Distribution,Cobly,+229 56 17 69 81,,,TPE (<10),B2B/B2C,LinkedIn,,Actif,2026-06-29T00:14:36.007468,basse
BJ-D0490661,Supermarché,Commerce & Distribution,Cobly,+229 49 30 32 51,,,TPE (<10),B2B/B2C,LinkedIn,,Actif,2026-06-29T00:14:36.007478,basse
BJ-5EB3D216,Super Supermarché Shop Cobly,Commerce & Distribution,Cobly,+229 27 39 51 31,,,PME (10-50),B2C,LinkedIn,,Actif,2026-06-29T00:14:36.007488,basse
BJ-EEB0E58F,Épicerie Groupe,Commerce & Distribution,Cobly,+229 82 95 21 40,,,PME (10-50),B2C,LinkedIn,,Actif,2026-06-29T00:14:36.007497,basse
BJ-AB156352,Centre Boutique,Commerce & Distribution,Cobly,+229 41 11 34 47,centre.boutique@centre.boutique.com,,TPE (<10),B2C,LinkedIn,,Actif,2026-06-29T00:14:36.007508,moyenne
BJ-E6A24E36,Super Stock Ets Tanguiéta,Commerce & Distribution,Tanguiéta,+229 42 64 99 86,,,TPE (<10),B2C,LinkedIn,,Actif,2026-06-29T00:14:36.007523,basse
BJ-439C3B91,Supply Tanguiéta,Commerce & Distribution,Tanguiéta,+229 77 79 41 94,,,PME (50-200),B2C,LinkedIn,,Actif,2026-06-29T00:14:36.007544,basse
BJ-2D78C35D,Distribution Boutique,Commerce & Distribution,Tanguiéta,+229 34 32 27 27,,,PME (10-50),B2C,LinkedIn,,Actif,2026-06-29T00:14:36.007562,basse
BJ-8C75ADBA,Distribution Magasin Shop,Commerce & Distribution,Matéri,+229 22 63 48 71,,,PME (10-50),B2B/B2C,LinkedIn,,Actif,2026-06-29T00:14:36.007587,basse
BJ-B523C1E3,SARL Supply Market Matéri,Commerce & Distribution,Matéri,+229 27 82 11 67,,,PME (10-50),B2B/B2C,LinkedIn,,Actif,2026-06-29T00:14:36.007597,basse
BJ-1F068CEF,Stock,Commerce & Distribution,Matéri,+229 79 77 61 13,,,TPE (<10),B2B/B2C,LinkedIn,,Actif,2026-06-29T00:14:36.007618,basse
BJ-6E8DE8D9,Commerce Épicerie Groupe,Commerce & Distribution,Matéri,+229 70 36 24 76,,commerceépiceriegroupe.bj,Grande (>200),B2B/B2C,LinkedIn,,Actif,2026-06-29T00:14:36.007629,moyenne
BJ-E30BD59D,Marché Marché Natitingou,Commerce & Distribution,Natitingou,+229 75 89 45 87,,,TPE (<10),B2C,LinkedIn,,Actif,2026-06-29T00:14:36.007654,basse
BJ-20223766,Provision International Toucountouna,Commerce & Distribution,Toucountouna,+229 76 33 27 31,,provisioninternationaltoucountouna.bj,TPE (<10),B2B/B2C,LinkedIn,,Actif,2026-06-29T00:14:36.007709,moyenne
BJ-B92AB9E0,Groupe Boutique,Commerce & Distribution,Toucountouna,+229 40 98 37 60,,,TPE (<10),B2B/B2C,LinkedIn,,Actif,2026-06-29T00:14:36.007719,basse
BJ-687DA871,Distribution Store,Commerce & Distribution,Toucountouna,+229 29 91 29 46,,,PME (50-200),B2C,LinkedIn,,Actif,2026-06-29T00:14:36.007728,basse
BJ-D087BC39,SARL Supermarché International,Commerce & Distribution,Toucountouna,+229 36 59 38 32,,sarlsupermarchéinternational.bj,TPE (<10),B2C,LinkedIn,,Actif,2026-06-29T00:14:36.007739,moyenne
BJ-F6F678D6,Marché Boutique,Commerce & Distribution,Toucountouna,+229 76 89 14 75,marché.boutique@marché.boutique.bj,,TPE (<10),B2B/B2C,LinkedIn,,Actif,2026-06-29T00:14:36.007751,moyenne
BJ-16B73058,Supply,Commerce & Distribution,Boukoumbé,+229 94 13 27 44,supply@supply.com,,PME (50-200),B2C,LinkedIn,,Actif,2026-06-29T00:14:36.007767,moyenne
BJ-387222B5,Super Épicerie,Commerce & Distribution,Boukoumbé,+229 44 76 69 35,super.épicerie@super.épicerie.org,superépicerie.bj,TPE (<10),B2C,LinkedIn,,Actif,2026-06-29T00:14:36.007779,haute
BJ-E3E29A6F,Distribution SARL,Commerce & Distribution,Boukoumbé,+229 99 34 45 19,,,TPE (<10),B2C,LinkedIn,,Actif,2026-06-29T00:14:36.007793,basse
BJ-47728CD8,Stock,Commerce & Distribution,Boukoumbé,+229 32 96 73 43,stock@stock.com,stock.bj,Grande (>200),B2C,LinkedIn,,Actif,2026-06-29T00:14:36.007807,haute
BJ-64595AB7,Super Détaillant,Commerce & Distribution,Boukoumbé,+229 66 79 84 36,super.détaillant@super.détaillant.org,,PME (50-200),B2B/B2C,LinkedIn,,Actif,2026-06-29T00:14:36.007820,moyenne
BJ-A9D6031D,Marché Épicerie Market,Commerce & Distribution,Kouandé,+229 38 38 35 34,,,TPE (<10),B2B/B2C,LinkedIn,,Actif,2026-06-29T00:14:36.007847,basse
BJ-FB81F099,Magasin,Commerce & Distribution,Kouandé,+229 83 77 65 55,magasin@magasin.org,,PME (10-50),B2C,LinkedIn,,Actif,2026-06-29T00:14:36.007869,moyenne
BJ-2926B582,Grossiste Market,Commerce & Distribution,Kouandé,+229 38 73 74 42,grossiste.market@grossiste.market.org,,Grande (>200),B2B/B2C,LinkedIn,,Actif,2026-06-29T00:14:36.007880,moyenne
BJ-D9CD0788,Marché Stock Market,Commerce & Distribution,Péhunco,+229 68 68 81 90,,marchéstockmarket.bj,PME (10-50),B2C,LinkedIn,,Actif,2026-06-29T00:14:36.007925,moyenne
BJ-17834A25,SARL Grossiste Shop,Commerce & Distribution,Péhunco,+229 44 13 37 64,,sarlgrossisteshop.bj,PME (50-200),B2B/B2C,LinkedIn,,Actif,2026-06-29T00:14:36.007937,moyenne
BJ-222EC7C3,Super Supermarché,Commerce & Distribution,Péhunco,+229 43 87 83 34,super.supermarché@super.supermarché.net,,TPE (<10),B2C,LinkedIn,,Actif,2026-06-29T00:14:36.007968,moyenne
BJ-0748B558,Groupe Grossiste,Commerce & Distribution,Péhunco,+229 84 29 93 61,,groupegrossiste.bj,TPE (<10),B2B/B2C,LinkedIn,,Actif,2026-06-29T00:14:36.007982,moyenne
BJ-FE53ED47,Centre Distribution SARL Péhunco,Commerce & Distribution,Péhunco,+229 91 52 15 76,centre.distribution.sarl.péhunco@centre.distribution.sarl.péhunco.bj,centredistributionsarlpéhunco.bj,PME (10-50),B2C,LinkedIn,,Actif,2026-06-29T00:14:36.007996,haute
BJ-ADAB4103,Super Magasin Shop,Commerce & Distribution,Tchaourou,+229 26 65 52 88,,,PME (50-200),B2C,LinkedIn,,Actif,2026-06-29T00:14:36.008012,basse
BJ-DA56052A,Marché Supermarché,Commerce & Distribution,Tchaourou,+229 25 20 61 18,,,PME (10-50),B2C,LinkedIn,,Actif,2026-06-29T00:14:36.008031,basse
BJ-099B0114,Groupe Détaillant Groupe Tchaourou,Commerce & Distribution,Tchaourou,+229 59 99 23 41,groupe.détaillant.groupe.tchaourou@groupe.détaillant.groupe.tchaourou.benin,,Grande (>200),B2C,LinkedIn,,Actif,2026-06-29T00:14:36.008047,moyenne
BJ-677601E7,Marché Magasin SARL,Commerce & Distribution,Tchaourou,+229 52 98 35 59,marché.magasin.sarl@marché.magasin.sarl.com,marchémagasinsarl.bj,TPE (<10),B2B/B2C,LinkedIn,,Actif,2026-06-29T00:14:36.008059,haute
BJ-BDD74AA1,Marché Nikki,Commerce & Distribution,Nikki,+229 91 67 84 99,marché.nikki@marché.nikki.benin,,TPE (<10),B2C,LinkedIn,,Actif,2026-06-29T00:14:36.008080,moyenne
BJ-47823EB0,Supermarché,Commerce & Distribution,Nikki,+229 55 12 75 89,supermarché@supermarché.com,,PME (50-200),B2B/B2C,LinkedIn,,Actif,2026-06-29T00:14:36.008092,moyenne
BJ-8479DB16,Ets Stock,Commerce & Distribution,Nikki,+229 87 72 19 99,,,PME (10-50),B2B/B2C,LinkedIn,,Actif,2026-06-29T00:14:36.008102,basse
BJ-F25BE339,Distribution Détaillant Groupe,Commerce & Distribution,Nikki,+229 21 84 53 53,distribution.détaillant.groupe@distribution.détaillant.groupe.net,,TPE (<10),B2B/B2C,LinkedIn,,Actif,2026-06-29T00:14:36.008116,moyenne
BJ-1B6A3698,Magasin,Commerce & Distribution,Nikki,+229 56 48 49 34,magasin@magasin.net,magasin.bj,PME (50-200),B2C,LinkedIn,,Actif,2026-06-29T00:14:36.008129,haute
BJ-30C7E3F4,Ets Supermarché,Commerce & Distribution,Bembéréké,+229 63 72 61 92,,,PME (50-200),B2B/B2C,LinkedIn,,Actif,2026-06-29T00:14:36.008144,basse
BJ-5B78E06E,SARL Provision Groupe Bembéréké,Commerce & Distribution,Bembéréké,+229 68 21 55 49,,,TPE (<10),B2C,LinkedIn,,Actif,2026-06-29T00:14:36.008155,basse
BJ-8B79B3D0,SARL Distribution,Commerce & Distribution,Bembéréké,+229 75 74 79 49,,,TPE (<10),B2B/B2C,LinkedIn,,Actif,2026-06-29T00:14:36.008165,basse
BJ-E3F82E72,Ets Provision Groupe,Commerce & Distribution,Bembéréké,+229 38 75 38 53,ets.provision.groupe@ets.provision.groupe.org,,PME (50-200),B2B/B2C,LinkedIn,,Actif,2026-06-29T00:14:36.008177,moyenne
BJ-0B80E094,Super Épicerie Groupe Bembéréké,Commerce & Distribution,Bembéréké,+229 78 58 24 26,,,Grande (>200),B2B/B2C,LinkedIn,,Actif,2026-06-29T00:14:36.008187,basse
BJ-1B1C9D86,SARL Supply SARL,Commerce & Distribution,Kalalé,+229 97 93 30 76,sarl.supply.sarl@sarl.supply.sarl.com,sarlsupplysarl.bj,TPE (<10),B2B/B2C,LinkedIn,,Actif,2026-06-29T00:14:36.008204,haute
BJ-C728F1A4,Détaillant,Commerce & Distribution,Kalalé,+229 75 43 83 58,,,TPE (<10),B2B/B2C,LinkedIn,,Actif,2026-06-29T00:14:36.008214,basse
BJ-98CDB489,Commerce Marché Market Kalalé,Commerce & Distribution,Kalalé,+229 84 66 40 24,commerce.marché.market.kalalé@commerce.marché.market.kalalé.net,commercemarchémarketkalalé.bj,PME (10-50),B2B/B2C,LinkedIn,,Actif,2026-06-29T00:14:36.008227,haute
BJ-FDA6CA5F,Stock Groupe,Commerce & Distribution,Kalalé,+229 87 74 20 44,,,Grande (>200),B2C,LinkedIn,,Actif,2026-06-29T00:14:36.008240,basse
BJ-FC81D9E7,Ets Boutique Ets,Commerce & Distribution,Kalalé,+229 48 44 97 96,,,PME (10-50),B2C,LinkedIn,,Actif,2026-06-29T00:14:36.008272,basse
BJ-A7EFFF7A,SARL Boutique Shop,Commerce & Distribution,Ndali,+229 78 31 53 64,sarl.boutique.shop@sarl.boutique.shop.bj,sarlboutiqueshop.bj,TPE (<10),B2B/B2C,LinkedIn,,Actif,2026-06-29T00:14:36.008290,haute
BJ-16C79446,Groupe Provision International,Commerce & Distribution,Ndali,+229 82 61 53 16,groupe.provision.international@groupe.provision.international.bj,,PME (10-50),B2C,LinkedIn,,Actif,2026-06-29T00:14:36.008301,moyenne
BJ-A63A0135,Grossiste International,Commerce & Distribution,Ndali,+229 79 13 37 57,,,Grande (>200),B2B/B2C,LinkedIn,,Actif,2026-06-29T00:14:36.008322,basse
BJ-26DF2D6E,Marché Supply,Commerce & Distribution,Ndali,+229 55 31 90 98,,,PME (50-200),B2B/B2C,LinkedIn,,Actif,2026-06-29T00:14:36.008332,basse
BJ-8265DB54,Marché SARL,Commerce & Distribution,Ségbana,+229 25 67 25 81,,,PME (50-200),B2B/B2C,LinkedIn,,Actif,2026-06-29T00:14:36.008355,basse
BJ-703A85A3,Super Boutique Ets Ségbana,Commerce & Distribution,Ségbana,+229 70 89 53 44,super.boutique.ets.ségbana@super.boutique.ets.ségbana.net,superboutiqueetsségbana.bj,TPE (<10),B2C,LinkedIn,,Actif,2026-06-29T00:14:36.008379,haute
BJ-E587867B,Magasin,Commerce & Distribution,Ségbana,+229 57 19 34 22,,,PME (10-50),B2C,LinkedIn,,Actif,2026-06-29T00:14:36.008391,basse
BJ-883F57B3,Supermarché,Commerce & Distribution,Ségbana,+229 37 31 37 86,,,Grande (>200),B2B/B2C,LinkedIn,,Actif,2026-06-29T00:14:36.008405,basse
BJ-73B02814,Centre Stock Groupe Ségbana,Commerce & Distribution,Ségbana,+229 77 43 18 19,,,PME (50-200),B2C,LinkedIn,,Actif,2026-06-29T00:14:36.008416,basse
BJ-F9AACAC6,Groupe Boutique,Commerce & Distribution,Tchaourou,+229 29 34 67 17,,,TPE (<10),B2C,LinkedIn,,Actif,2026-06-29T00:14:36.008432,basse
BJ-8866D1D0,Marché Marché Tchaourou,Commerce & Distribution,Tchaourou,+229 91 81 11 52,,,TPE (<10),B2B/B2C,LinkedIn,,Actif,2026-06-29T00:14:36.008446,basse
BJ-2A504FE3,Marché Alimentaire,Commerce & Distribution,Tchaourou,+229 48 63 68 12,,,TPE (<10),B2C,LinkedIn,,Actif,2026-06-29T00:14:36.008456,basse
BJ-C438B94C,Commerce Commerce Groupe,Commerce & Distribution,Tchaourou,+229 42 54 24 71,,,PME (50-200),B2C,LinkedIn,,Actif,2026-06-29T00:14:36.008466,basse
BJ-5173E863,Épicerie International,Commerce & Distribution,Tchaourou,+229 94 87 35 82,,épicerieinternational.bj,TPE (<10),B2C,LinkedIn,,Actif,2026-06-29T00:14:36.008478,moyenne
BJ-E506B979,Alimentaire,Commerce & Distribution,Bétérou,+229 83 26 25 74,,,TPE (<10),B2C,LinkedIn,,Actif,2026-06-29T00:14:36.008493,basse
BJ-F6A767E6,Magasin Store,Commerce & Distribution,Bétérou,+229 35 87 50 80,magasin.store@magasin.store.benin,,TPE (<10),B2C,LinkedIn,,Actif,2026-06-29T00:14:36.008505,moyenne
BJ-0E7CAE19,Marché,Commerce & Distribution,Bétérou,+229 32 15 71 48,,,Grande (>200),B2C,LinkedIn,,Actif,2026-06-29T00:14:36.008515,basse
BJ-A02737A4,Distribution Bétérou,Commerce & Distribution,Bétérou,+229 81 13 71 84,distribution.bétérou@distribution.bétérou.benin,distributionbétérou.bj,TPE (<10),B2C,LinkedIn,,Actif,2026-06-29T00:14:36.008535,haute
BJ-AE3E379B,Provision,Commerce & Distribution,Bétérou,+229 52 36 59 74,provision@provision.benin,,TPE (<10),B2C,LinkedIn,,Actif,2026-06-29T00:14:36.008546,moyenne
BJ-AE05D72D,Commerce,Commerce & Distribution,Ouessè,+229 21 20 37 75,commerce@commerce.net,,Grande (>200),B2C,LinkedIn,,Actif,2026-06-29T00:14:36.008574,moyenne
BJ-01D4A73F,Ets Alimentaire,Commerce & Distribution,Ouessè,+229 48 42 72 30,ets.alimentaire@ets.alimentaire.com,,PME (10-50),B2C,LinkedIn,,Actif,2026-06-29T00:14:36.008585,moyenne
BJ-B98A2054,Supply Bénin,Commerce & Distribution,Ouessè,+229 79 76 68 76,,,PME (10-50),B2C,LinkedIn,,Actif,2026-06-29T00:14:36.008595,basse
BJ-E12FBDEA,Commerce Supply,Commerce & Distribution,Ouessè,+229 82 82 38 68,commerce.supply@commerce.supply.com,,TPE (<10),B2C,LinkedIn,,Actif,2026-06-29T00:14:36.008606,moyenne
BJ-9CD3B012,Super Détaillant,Commerce & Distribution,Glazoué,+229 67 70 41 22,,superdétaillant.bj,PME (50-200),B2B/B2C,LinkedIn,,Actif,2026-06-29T00:14:36.008634,moyenne
BJ-E3BA1FDB,Marché Distribution Bénin,Commerce & Distribution,Glazoué,+229 73 93 40 24,marché.distribution.bénin@marché.distribution.bénin.com,,TPE (<10),B2B/B2C,LinkedIn,,Actif,2026-06-29T00:14:36.008646,moyenne
BJ-6688BA8D,Centre Commerce SARL Glazoué,Commerce & Distribution,Glazoué,+229 55 32 34 38,,centrecommercesarlglazoué.bj,TPE (<10),B2C,LinkedIn,,Actif,2026-06-29T00:14:36.008660,moyenne
BJ-A46F350E,Épicerie SARL,Commerce & Distribution,Glazoué,+229 27 22 22 43,,,Grande (>200),B2B/B2C,LinkedIn,,Actif,2026-06-29T00:14:36.008671,basse
BJ-CA83B0EC,Commerce Supply Shop Dassa-Zoumè,Commerce & Distribution,Dassa-Zoumè,+229 52 44 86 74,commerce.supply.shop.dassazoumè@commerce.supply.shop.dassazoumè.bj,,TPE (<10),B2C,LinkedIn,,Actif,2026-06-29T00:14:36.008692,moyenne
BJ-C2295754,Ets Supermarché Groupe,Commerce & Distribution,Dassa-Zoumè,+229 32 92 59 46,ets.supermarché.groupe@ets.supermarché.groupe.com,,PME (10-50),B2B/B2C,LinkedIn,,Actif,2026-06-29T00:14:36.008704,moyenne
BJ-AC9D3B75,Marché Épicerie Dassa-Zoumè,Commerce & Distribution,Dassa-Zoumè,+229 78 24 98 78,marché.épicerie.dassazoumè@marché.épicerie.dassazoumè.benin,marchéépiceriedassazoumè.bj,TPE (<10),B2B/B2C,LinkedIn,,Actif,2026-06-29T00:14:36.008717,haute
BJ-E9376B46,Détaillant SARL,Commerce & Distribution,Dassa-Zoumè,+229 33 82 27 95,,,PME (50-200),B2C,LinkedIn,,Actif,2026-06-29T00:14:36.008727,basse
BJ-F9942435,SARL Détaillant,Commerce & Distribution,Savalou,+229 41 40 57 28,,,PME (10-50),B2C,LinkedIn,,Actif,2026-06-29T00:14:36.008783,basse
BJ-247CEE1F,Ets Provision Market Savalou,Commerce & Distribution,Savalou,+229 57 35 16 72,ets.provision.market.savalou@ets.provision.market.savalou.net,,PME (10-50),B2C,LinkedIn,,Actif,2026-06-29T00:14:36.008796,moyenne
BJ-74E6C037,Commerce Détaillant Market,Commerce & Distribution,Savalou,+229 53 81 22 20,commerce.détaillant.market@commerce.détaillant.market.benin,commercedétaillantmarket.bj,PME (10-50),B2C,LinkedIn,,Actif,2026-06-29T00:14:36.008824,haute
BJ-316FFA9C,Centre Magasin Market Bantè,Commerce & Distribution,Bantè,+229 80 81 92 82,,centremagasinmarketbantè.bj,PME (10-50),B2C,LinkedIn,,Actif,2026-06-29T00:14:36.008842,moyenne
BJ-037A22A9,Supply Groupe,Commerce & Distribution,Bantè,+229 61 72 39 95,,,TPE (<10),B2C,LinkedIn,,Actif,2026-06-29T00:14:36.008853,basse
BJ-0D37BD98,Alimentaire Groupe,Commerce & Distribution,Bantè,+229 68 29 46 78,,,TPE (<10),B2B/B2C,LinkedIn,,Actif,2026-06-29T00:14:36.008862,basse
BJ-1E9D772D,Super Distribution Ets Bantè,Commerce & Distribution,Bantè,+229 65 91 11 17,,,TPE (<10),B2C,LinkedIn,,Actif,2026-06-29T00:14:36.008873,basse
BJ-31942672,Groupe Provision International,Commerce & Distribution,Bantè,+229 63 23 71 21,,groupeprovisioninternational.bj,TPE (<10),B2C,LinkedIn,,Actif,2026-06-29T00:14:36.008884,moyenne
BJ-8526A68A,Centre Supply SARL,Commerce & Distribution,Djougou,+229 58 87 54 43,centre.supply.sarl@centre.supply.sarl.bj,,TPE (<10),B2C,LinkedIn,,Actif,2026-06-29T00:14:36.008928,moyenne
BJ-19D3A333,Supply SARL,Commerce & Distribution,Djougou,+229 75 67 65 47,supply.sarl@supply.sarl.org,supplysarl.bj,PME (50-200),B2C,LinkedIn,,Actif,2026-06-29T00:14:36.008941,haute
BJ-F7927988,Commerce Alimentaire,Commerce & Distribution,Djougou,+229 77 59 58 17,,commercealimentaire.bj,PME (50-200),B2B/B2C,LinkedIn,,Actif,2026-06-29T00:14:36.008967,moyenne
BJ-F82558ED,Commerce Groupe,Commerce & Distribution,Djougou,+229 21 95 56 10,,,PME (10-50),B2C,LinkedIn,,Actif,2026-06-29T00:14:36.008980,basse
BJ-39DC3BA3,Super Boutique Shop,Commerce & Distribution,Djougou,+229 85 68 68 41,,,PME (10-50),B2B/B2C,LinkedIn,,Actif,2026-06-29T00:14:36.008990,basse
BJ-0A414B51,Centre Épicerie Bénin Ouèssè,Commerce & Distribution,Ouèssè,+229 83 96 93 92,centre.épicerie.bénin.ouèssè@centre.épicerie.bénin.ouèssè.bj,centreépiceriebéninouèssè.bj,Grande (>200),B2B/B2C,LinkedIn,,Actif,2026-06-29T00:14:36.009014,haute
BJ-4FEB5AF7,Grossiste,Commerce & Distribution,Ouèssè,+229 45 61 33 12,,,TPE (<10),B2C,LinkedIn,,Actif,2026-06-29T00:14:36.009025,basse
BJ-A21696B7,Stock Ouèssè,Commerce & Distribution,Ouèssè,+229 47 63 52 84,,stockouèssè.bj,TPE (<10),B2B/B2C,LinkedIn,,Actif,2026-06-29T00:14:36.009042,moyenne
BJ-9EA4C5DC,Ets Épicerie Market,Commerce & Distribution,Ouèssè,+229 25 69 18 29,,,PME (10-50),B2C,LinkedIn,,Actif,2026-06-29T00:14:36.009052,basse
BJ-D614C05C,Grossiste Ouèssè,Commerce & Distribution,Ouèssè,+229 21 94 14 88,grossiste.ouèssè@grossiste.ouèssè.bj,grossisteouèssè.bj,Grande (>200),B2B/B2C,LinkedIn,,Actif,2026-06-29T00:14:36.009065,haute
BJ-1E4C8545,Grossiste Ets,Commerce & Distribution,Bassila,+229 60 70 42 57,,grossisteets.bj,PME (10-50),B2C,LinkedIn,,Actif,2026-06-29T00:14:36.009102,moyenne
BJ-59397AD5,Boutique Store,Commerce & Distribution,Bassila,+229 20 72 85 39,boutique.store@boutique.store.benin,,TPE (<10),B2C,LinkedIn,,Actif,2026-06-29T00:14:36.009116,moyenne
BJ-AD29F705,Boutique,Commerce & Distribution,Bassila,+229 73 68 33 22,boutique@boutique.bj,,TPE (<10),B2B/B2C,LinkedIn,,Actif,2026-06-29T00:14:36.009128,moyenne
BJ-F7782775,Boutique Groupe,Commerce & Distribution,Pehunco,+229 20 95 66 78,boutique.groupe@boutique.groupe.bj,,TPE (<10),B2C,LinkedIn,,Actif,2026-06-29T00:14:36.009144,moyenne
BJ-333D3416,Distribution Alimentaire Market,Commerce & Distribution,Pehunco,+229 88 66 88 62,,,TPE (<10),B2B/B2C,LinkedIn,,Actif,2026-06-29T00:14:36.009154,basse
BJ-4342F567,Supply Store Pehunco,Commerce & Distribution,Pehunco,+229 71 74 23 61,,,PME (50-200),B2B/B2C,LinkedIn,,Actif,2026-06-29T00:14:36.009163,basse
BJ-4E20D121,Centre Stock Pehunco,Commerce & Distribution,Pehunco,+229 54 20 19 90,centre.stock.pehunco@centre.stock.pehunco.com,,TPE (<10),B2B/B2C,LinkedIn,,Actif,2026-06-29T00:14:36.009175,moyenne
BJ-F7A7F62A,Distribution,Commerce & Distribution,Pehunco,+229 79 42 37 90,distribution@distribution.org,distribution.bj,PME (10-50),B2C,LinkedIn,,Actif,2026-06-29T00:14:36.009186,haute
BJ-55841D41,Groupe Marché Bénin,Commerce & Distribution,Copargo,+229 77 66 98 50,groupe.marché.bénin@groupe.marché.bénin.net,groupemarchébénin.bj,PME (10-50),B2C,LinkedIn,,Actif,2026-06-29T00:14:36.009207,haute
BJ-89277F24,Distribution Distribution Groupe,Commerce & Distribution,Copargo,+229 73 65 68 95,,,PME (10-50),B2C,LinkedIn,,Actif,2026-06-29T00:14:36.009229,basse
BJ-BAD72149,Centre Alimentaire International,Commerce & Distribution,Copargo,+229 48 48 62 59,,centrealimentaireinternational.bj,TPE (<10),B2B/B2C,LinkedIn,,Actif,2026-06-29T00:14:36.009242,moyenne
BJ-3A91A88C,Lac Brasserie,Restauration & Hôtellerie,Cotonou,+229 46 12 93 19,,,PME (50-200),B2C,LinkedIn,,Actif,2026-06-29T00:14:36.009273,basse
BJ-CD047CE8,Auberge Royal International Cotonou,Restauration & Hôtellerie,Cotonou,+229 49 57 12 83,auberge.royal.international.cotonou@auberge.royal.international.cotonou.benin,aubergeroyalinternationalcotonou.bj,PME (50-200),B2C,LinkedIn,,Actif,2026-06-29T00:14:36.009286,haute
BJ-DDEE44DC,Pension Goût,Restauration & Hôtellerie,Cotonou,+229 55 87 55 63,,pensiongoût.bj,PME (10-50),B2C,LinkedIn,,Actif,2026-06-29T00:14:36.009297,moyenne
BJ-AE81BBDA,Bar Ambiance,Restauration & Hôtellerie,Cotonou,+229 97 91 28 42,bar.ambiance@bar.ambiance.com,barambiance.bj,PME (10-50),B2C,LinkedIn,,Actif,2026-06-29T00:14:36.009309,haute
BJ-10097B6E,Palace Palace,Restauration & Hôtellerie,Cotonou,+229 83 90 41 53,palace.palace@palace.palace.bj,,PME (10-50),B2C,LinkedIn,,Actif,2026-06-29T00:14:36.009320,moyenne
BJ-4AB9F99D,Auberge Jardin,Restauration & Hôtellerie,Abomey-Calavi,+229 70 46 15 48,,,TPE (<10),B2C,LinkedIn,,Actif,2026-06-29T00:14:36.009347,basse
BJ-E42AE35D,Grand,Restauration & Hôtellerie,Abomey-Calavi,+229 32 41 74 94,,grand.bj,PME (50-200),B2C,LinkedIn,,Actif,2026-06-29T00:14:36.009376,moyenne
BJ-158142AC,Pension Grand,Restauration & Hôtellerie,Abomey-Calavi,+229 49 52 95 34,pension.grand@pension.grand.bj,,TPE (<10),B2C,LinkedIn,,Actif,2026-06-29T00:14:36.009391,moyenne
BJ-63CB73DA,Village,Restauration & Hôtellerie,Abomey-Calavi,+229 28 17 78 50,,village.bj,PME (50-200),B2C,LinkedIn,,Actif,2026-06-29T00:14:36.009402,moyenne
BJ-8319A931,Palace,Restauration & Hôtellerie,Porto-Novo,+229 75 50 91 83,palace@palace.org,palace.bj,Grande (>200),B2C,LinkedIn,,Actif,2026-06-29T00:14:36.009420,haute
BJ-7ADB950F,Bar Table,Restauration & Hôtellerie,Porto-Novo,+229 75 95 76 74,bar.table@bar.table.benin,bartable.bj,TPE (<10),B2C,LinkedIn,,Actif,2026-06-29T00:14:36.009432,haute
BJ-612E35BC,Café Grand,Restauration & Hôtellerie,Porto-Novo,+229 46 90 11 96,café.grand@café.grand.benin,,TPE (<10),B2C,LinkedIn,,Actif,2026-06-29T00:14:36.009444,moyenne
BJ-C95E3B01,Détente Café,Restauration & Hôtellerie,Porto-Novo,+229 70 43 87 26,,détentecafé.bj,TPE (<10),B2C,LinkedIn,,Actif,2026-06-29T00:14:36.009455,moyenne
BJ-CB4CE715,Brasserie Village,Restauration & Hôtellerie,Porto-Novo,+229 71 99 55 32,,brasserievillage.bj,PME (10-50),B2C,LinkedIn,,Actif,2026-06-29T00:14:36.009469,moyenne
BJ-ABA6AF29,Restaurant Royal Parakou,Restauration & Hôtellerie,Parakou,+229 70 54 99 42,restaurant.royal.parakou@restaurant.royal.parakou.bj,restaurantroyalparakou.bj,TPE (<10),B2C,LinkedIn,,Actif,2026-06-29T00:14:36.009489,haute
BJ-1F89591A,Détente,Restauration & Hôtellerie,Parakou,+229 86 67 68 23,détente@détente.com,détente.bj,TPE (<10),B2C,LinkedIn,,Actif,2026-06-29T00:14:36.009520,haute
BJ-6324324C,Détente Brasserie,Restauration & Hôtellerie,Parakou,+229 88 17 89 13,,,PME (10-50),B2C,LinkedIn,,Actif,2026-06-29T00:14:36.009531,basse
BJ-38B57B68,Bar Table Palace,Restauration & Hôtellerie,Parakou,+229 45 83 12 77,,bartablepalace.bj,TPE (<10),B2C,LinkedIn,,Actif,2026-06-29T00:14:36.009543,moyenne
BJ-42F977B4,Pension Village Café,Restauration & Hôtellerie,Parakou,+229 90 29 99 26,pension.village.café@pension.village.café.com,pensionvillagecafé.bj,PME (10-50),B2C,LinkedIn,,Actif,2026-06-29T00:14:36.009572,haute
BJ-F22C687F,Auberge Gourmet International,Restauration & Hôtellerie,Bohicon,+229 89 32 97 37,,,TPE (<10),B2C,LinkedIn,,Actif,2026-06-29T00:14:36.009589,basse
BJ-4F0275FF,Brasserie Palace,Restauration & Hôtellerie,Bohicon,+229 74 76 55 14,brasserie.palace@brasserie.palace.com,brasseriepalace.bj,PME (10-50),B2C,LinkedIn,,Actif,2026-06-29T00:14:36.009613,haute
BJ-7110D70E,Nouveau Café,Restauration & Hôtellerie,Bohicon,+229 28 61 99 67,,,TPE (<10),B2C,LinkedIn,,Actif,2026-06-29T00:14:36.009632,basse
BJ-2610082C,Ambiance Palace,Restauration & Hôtellerie,Bohicon,+229 42 24 59 29,,ambiancepalace.bj,PME (10-50),B2C,LinkedIn,,Actif,2026-06-29T00:14:36.009661,moyenne
BJ-8CC5A0EC,Hôtel Village Café,Restauration & Hôtellerie,Natitingou,+229 41 64 19 85,,,TPE (<10),B2C,LinkedIn,,Actif,2026-06-29T00:14:36.009694,basse
BJ-F1CBE8DD,Bar Table,Restauration & Hôtellerie,Natitingou,+229 64 81 58 91,bar.table@bar.table.benin,,TPE (<10),B2C,LinkedIn,,Actif,2026-06-29T00:14:36.009706,moyenne
BJ-633BF648,Auberge Royal,Restauration & Hôtellerie,Natitingou,+229 26 53 57 40,,,TPE (<10),B2C,LinkedIn,,Actif,2026-06-29T00:14:36.009725,basse
BJ-15A694E8,Restaurant Ambiance Natitingou,Restauration & Hôtellerie,Natitingou,+229 67 36 46 13,restaurant.ambiance.natitingou@restaurant.ambiance.natitingou.org,restaurantambiancenatitingou.bj,TPE (<10),B2C,LinkedIn,,Actif,2026-06-29T00:14:36.009738,haute
BJ-3B0D98EA,Plage,Restauration & Hôtellerie,Lokossa,+229 64 28 32 23,plage@plage.org,,PME (10-50),B2C,LinkedIn,,Actif,2026-06-29T00:14:36.009756,moyenne
BJ-23B5E2A2,Saveur Palace,Restauration & Hôtellerie,Lokossa,+229 38 61 85 61,saveur.palace@saveur.palace.net,,PME (10-50),B2C,LinkedIn,,Actif,2026-06-29T00:14:36.009771,moyenne
BJ-BB476513,Grand Hotel Lokossa,Restauration & Hôtellerie,Lokossa,+229 50 79 67 72,grand.hotel.lokossa@grand.hotel.lokossa.com,,PME (50-200),B2C,LinkedIn,,Actif,2026-06-29T00:14:36.009783,moyenne
BJ-6C52ABD7,Détente,Restauration & Hôtellerie,Lokossa,+229 68 77 23 42,détente@détente.bj,détente.bj,Grande (>200),B2C,LinkedIn,,Actif,2026-06-29T00:14:36.009808,haute
BJ-C615F64A,Hôtel Palace International,Restauration & Hôtellerie,Lokossa,+229 43 54 56 36,,hôtelpalaceinternational.bj,PME (50-200),B2C,LinkedIn,,Actif,2026-06-29T00:14:36.009820,moyenne
BJ-7B55F973,Lac Hotel,Restauration & Hôtellerie,Ouidah,+229 92 93 42 94,,lachotel.bj,Grande (>200),B2C,LinkedIn,,Actif,2026-06-29T00:14:36.009837,moyenne
BJ-95E8FD8F,Hôtel Grand,Restauration & Hôtellerie,Ouidah,+229 84 74 15 29,,hôtelgrand.bj,Grande (>200),B2C,LinkedIn,,Actif,2026-06-29T00:14:36.009852,moyenne
BJ-3F021C75,Bar Ambiance,Restauration & Hôtellerie,Ouidah,+229 95 93 33 90,,barambiance.bj,TPE (<10),B2C,LinkedIn,,Actif,2026-06-29T00:14:36.009863,moyenne
BJ-4398E80B,Pension Royal,Restauration & Hôtellerie,Ouidah,+229 70 83 76 80,pension.royal@pension.royal.com,pensionroyal.bj,TPE (<10),B2C,LinkedIn,,Actif,2026-06-29T00:14:36.009877,haute
BJ-D45F64F9,Auberge Ambiance Brasserie,Restauration & Hôtellerie,Ouidah,+229 75 98 67 46,auberge.ambiance.brasserie@auberge.ambiance.brasserie.com,aubergeambiancebrasserie.bj,PME (50-200),B2C,LinkedIn,,Actif,2026-06-29T00:14:36.009900,haute
BJ-91784AEF,Café Goût,Restauration & Hôtellerie,Savalou,+229 81 70 72 79,café.goût@café.goût.com,cafégoût.bj,TPE (<10),B2C,LinkedIn,,Actif,2026-06-29T00:14:36.009942,haute
BJ-0581002D,Table Bénin,Restauration & Hôtellerie,Savalou,+229 28 80 77 12,,tablebénin.bj,PME (10-50),B2C,LinkedIn,,Actif,2026-06-29T00:14:36.009970,moyenne
BJ-AA680333,Hôtel Grand,Restauration & Hôtellerie,Savalou,+229 45 89 82 28,,hôtelgrand.bj,PME (10-50),B2C,LinkedIn,,Actif,2026-06-29T00:14:36.009986,moyenne
BJ-7801DCE6,Pension Grand,Restauration & Hôtellerie,Savalou,+229 39 88 37 66,,pensiongrand.bj,PME (10-50),B2C,LinkedIn,,Actif,2026-06-29T00:14:36.009996,moyenne
BJ-17FA810D,Brasserie Nouveau Bénin,Restauration & Hôtellerie,Savalou,+229 25 64 57 33,,brasserienouveaubénin.bj,Grande (>200),B2C,LinkedIn,,Actif,2026-06-29T00:14:36.010008,moyenne
BJ-3E36CDB6,Bar Lac Restaurant,Restauration & Hôtellerie,Dassa-Zoumè,+229 91 84 75 53,bar.lac.restaurant@bar.lac.restaurant.org,barlacrestaurant.bj,PME (10-50),B2C,LinkedIn,,Actif,2026-06-29T00:14:36.010026,haute
BJ-0A30A503,Gourmet International,Restauration & Hôtellerie,Dassa-Zoumè,+229 51 98 97 46,gourmet.international@gourmet.international.com,,TPE (<10),B2C,LinkedIn,,Actif,2026-06-29T00:14:36.010041,moyenne
BJ-6BD68CDB,Pension Nouveau,Restauration & Hôtellerie,Dassa-Zoumè,+229 83 30 94 26,pension.nouveau@pension.nouveau.bj,pensionnouveau.bj,Grande (>200),B2C,LinkedIn,,Actif,2026-06-29T00:14:36.010053,haute
BJ-7CE34D59,Goût Brasserie,Restauration & Hôtellerie,Dassa-Zoumè,+229 21 33 37 97,goût.brasserie@goût.brasserie.net,,Grande (>200),B2C,LinkedIn,,Actif,2026-06-29T00:14:36.010068,moyenne
BJ-316F977A,Détente International,Restauration & Hôtellerie,Dassa-Zoumè,+229 68 80 25 46,détente.international@détente.international.org,,TPE (<10),B2C,LinkedIn,,Actif,2026-06-29T00:14:36.010082,moyenne
BJ-F380B478,Auberge Détente Restaurant,Restauration & Hôtellerie,Kétou,+229 26 87 38 90,auberge.détente.restaurant@auberge.détente.restaurant.org,aubergedétenterestaurant.bj,TPE (<10),B2C,LinkedIn,,Actif,2026-06-29T00:14:36.010101,haute
BJ-81AD43C0,Brasserie Jardin,Restauration & Hôtellerie,Kétou,+229 55 76 51 75,,brasseriejardin.bj,TPE (<10),B2C,LinkedIn,,Actif,2026-06-29T00:14:36.010112,moyenne
BJ-1A38BA56,Brasserie Ambiance Café,Restauration & Hôtellerie,Kétou,+229 93 26 71 20,,brasserieambiancecafé.bj,TPE (<10),B2C,LinkedIn,,Actif,2026-06-29T00:14:36.010123,moyenne
BJ-42EFE1B5,Café Mer,Restauration & Hôtellerie,Kétou,+229 22 31 66 79,,cafémer.bj,PME (50-200),B2C,LinkedIn,,Actif,2026-06-29T00:14:36.010134,moyenne
BJ-FF24086B,Plage,Restauration & Hôtellerie,Kétou,+229 64 88 32 54,,plage.bj,PME (50-200),B2C,LinkedIn,,Actif,2026-06-29T00:14:36.010144,moyenne
BJ-AF2D8770,Auberge Palace,Restauration & Hôtellerie,Covè,+229 52 27 44 23,,,PME (50-200),B2C,LinkedIn,,Actif,2026-06-29T00:14:36.010160,basse
BJ-852DD962,Hôtel Ambiance,Restauration & Hôtellerie,Covè,+229 79 65 64 47,hôtel.ambiance@hôtel.ambiance.bj,hôtelambiance.bj,TPE (<10),B2C,LinkedIn,,Actif,2026-06-29T00:14:36.010182,haute
BJ-3A416462,Nouveau,Restauration & Hôtellerie,Covè,+229 42 85 17 50,,,TPE (<10),B2C,LinkedIn,,Actif,2026-06-29T00:14:36.010193,basse
BJ-F1C38EB8,Détente Café,Restauration & Hôtellerie,Covè,+229 43 41 32 10,,détentecafé.bj,PME (50-200),B2C,LinkedIn,,Actif,2026-06-29T00:14:36.010207,moyenne
BJ-03C678F6,Café Village,Restauration & Hôtellerie,Pobè,+229 60 29 26 79,café.village@café.village.com,cafévillage.bj,PME (10-50),B2C,LinkedIn,,Actif,2026-06-29T00:14:36.010225,haute
BJ-709D1955,Pension Nouveau International,Restauration & Hôtellerie,Pobè,+229 49 65 45 41,,pensionnouveauinternational.bj,PME (10-50),B2C,LinkedIn,,Actif,2026-06-29T00:14:36.010237,moyenne
BJ-2A8BB049,Bar Gourmet Pobè,Restauration & Hôtellerie,Pobè,+229 86 18 91 41,,bargourmetpobè.bj,TPE (<10),B2C,LinkedIn,,Actif,2026-06-29T00:14:36.010248,moyenne
BJ-45391F2A,Table Restaurant,Restauration & Hôtellerie,Pobè,+229 98 92 35 92,table.restaurant@table.restaurant.net,tablerestaurant.bj,PME (10-50),B2C,LinkedIn,,Actif,2026-06-29T00:14:36.010263,haute
BJ-9731DD37,Plage Inn Pobè,Restauration & Hôtellerie,Pobè,+229 21 36 22 72,,plageinnpobè.bj,PME (10-50),B2C,LinkedIn,,Actif,2026-06-29T00:14:36.010275,moyenne
BJ-0ACE3140,Café Royal,Restauration & Hôtellerie,Sakété,+229 73 36 44 94,,caféroyal.bj,Grande (>200),B2C,LinkedIn,,Actif,2026-06-29T00:14:36.010306,moyenne
BJ-EC80F1E6,Lac Inn,Restauration & Hôtellerie,Sakété,+229 34 90 62 62,lac.inn@lac.inn.org,lacinn.bj,PME (50-200),B2C,LinkedIn,,Actif,2026-06-29T00:14:36.010318,haute
BJ-6859306A,Goût Brasserie,Restauration & Hôtellerie,Sakété,+229 42 80 23 93,,goûtbrasserie.bj,TPE (<10),B2C,LinkedIn,,Actif,2026-06-29T00:14:36.010331,moyenne
BJ-0E14DC87,Restaurant Table Café,Restauration & Hôtellerie,Sakété,+229 96 45 48 24,,,Grande (>200),B2C,LinkedIn,,Actif,2026-06-29T00:14:36.010341,basse
BJ-A4B592FA,Café Table Brasserie Adjara,Restauration & Hôtellerie,Adjara,+229 37 23 49 41,,cafétablebrasserieadjara.bj,TPE (<10),B2C,LinkedIn,,Actif,2026-06-29T00:14:36.010359,moyenne
BJ-FFC0C87E,Hôtel Ambiance Brasserie Adjara,Restauration & Hôtellerie,Adjara,+229 89 71 36 71,,,PME (10-50),B2C,LinkedIn,,Actif,2026-06-29T00:14:36.010369,basse
BJ-336DDFAD,Café Nouveau Palace,Restauration & Hôtellerie,Adjara,+229 20 34 31 23,café.nouveau.palace@café.nouveau.palace.net,,TPE (<10),B2C,LinkedIn,,Actif,2026-06-29T00:14:36.010381,moyenne
BJ-6B48E211,Pension Ambiance Brasserie Adjara,Restauration & Hôtellerie,Adjara,+229 30 12 70 50,pension.ambiance.brasserie.adjara@pension.ambiance.brasserie.adjara.bj,pensionambiancebrasserieadjara.bj,PME (50-200),B2C,LinkedIn,,Actif,2026-06-29T00:14:36.010394,haute
BJ-CE42A975,Pension Nouveau Bénin,Restauration & Hôtellerie,Adjara,+229 39 98 30 84,pension.nouveau.bénin@pension.nouveau.bénin.org,pensionnouveaubénin.bj,TPE (<10),B2C,LinkedIn,,Actif,2026-06-29T00:14:36.010406,haute
BJ-E9AFA01E,Auberge Lac Palace,Restauration & Hôtellerie,Allada,+229 27 49 25 79,,aubergelacpalace.bj,PME (50-200),B2C,LinkedIn,,Actif,2026-06-29T00:14:36.010421,moyenne
BJ-D1901368,Jardin Bénin,Restauration & Hôtellerie,Allada,+229 99 72 73 83,jardin.bénin@jardin.bénin.bj,,TPE (<10),B2C,LinkedIn,,Actif,2026-06-29T00:14:36.010434,moyenne
BJ-7E81117E,Plage,Restauration & Hôtellerie,Allada,+229 23 68 62 56,,plage.bj,TPE (<10),B2C,LinkedIn,,Actif,2026-06-29T00:14:36.010458,moyenne
BJ-42DF4CEC,Brasserie Lac Restaurant,Restauration & Hôtellerie,Aplahoué,+229 64 49 25 85,brasserie.lac.restaurant@brasserie.lac.restaurant.com,,TPE (<10),B2C,LinkedIn,,Actif,2026-06-29T00:14:36.010485,moyenne
BJ-6E40DE3B,Hôtel Détente Aplahoué,Restauration & Hôtellerie,Aplahoué,+229 30 57 71 26,hôtel.détente.aplahoué@hôtel.détente.aplahoué.benin,hôteldétenteaplahoué.bj,PME (50-200),B2C,LinkedIn,,Actif,2026-06-29T00:14:36.010498,haute
BJ-7200C568,Table,Restauration & Hôtellerie,Aplahoué,+229 39 88 45 94,,,PME (50-200),B2C,LinkedIn,,Actif,2026-06-29T00:14:36.010511,basse
BJ-35D143AF,Hôtel Nouveau Café,Restauration & Hôtellerie,Aplahoué,+229 72 33 66 14,,hôtelnouveaucafé.bj,PME (10-50),B2C,LinkedIn,,Actif,2026-06-29T00:14:36.010522,moyenne
BJ-79A6E95B,Plage Hotel Aplahoué,Restauration & Hôtellerie,Aplahoué,+229 62 80 96 27,,plagehotelaplahoué.bj,TPE (<10),B2C,LinkedIn,,Actif,2026-06-29T00:14:36.010533,moyenne
BJ-4018103B,Palace Palace Dogbo-Tota,Restauration & Hôtellerie,Dogbo-Tota,+229 45 77 67 28,,palacepalacedogbotota.bj,PME (50-200),B2C,LinkedIn,,Actif,2026-06-29T00:14:36.010549,moyenne
BJ-1C5E07D5,Grand Brasserie,Restauration & Hôtellerie,Dogbo-Tota,+229 83 83 15 40,,,PME (50-200),B2C,LinkedIn,,Actif,2026-06-29T00:14:36.010559,basse
BJ-408E9F3D,Restaurant Mer Brasserie,Restauration & Hôtellerie,Dogbo-Tota,+229 97 45 29 69,restaurant.mer.brasserie@restaurant.mer.brasserie.net,restaurantmerbrasserie.bj,TPE (<10),B2C,LinkedIn,,Actif,2026-06-29T00:14:36.010570,haute
BJ-893C6048,Bar Gourmet Palace,Restauration & Hôtellerie,Dogbo-Tota,+229 79 58 94 53,bar.gourmet.palace@bar.gourmet.palace.bj,,PME (10-50),B2C,LinkedIn,,Actif,2026-06-29T00:14:36.010583,moyenne
BJ-4BD31BB0,Pension Mer Bénin,Restauration & Hôtellerie,Dogbo-Tota,+229 41 70 12 59,,pensionmerbénin.bj,TPE (<10),B2C,LinkedIn,,Actif,2026-06-29T00:14:36.010595,moyenne
BJ-53A2D004,Nouveau,Restauration & Hôtellerie,Kpomassè,+229 86 53 30 51,nouveau@nouveau.com,nouveau.bj,TPE (<10),B2C,LinkedIn,,Actif,2026-06-29T00:14:36.010611,haute
BJ-E50B5BFD,Grand,Restauration & Hôtellerie,Kpomassè,+229 31 93 12 36,,,TPE (<10),B2C,LinkedIn,,Actif,2026-06-29T00:14:36.010625,basse
BJ-95412B1F,Table,Restauration & Hôtellerie,Kpomassè,+229 30 57 49 99,table@table.benin,table.bj,PME (10-50),B2C,LinkedIn,,Actif,2026-06-29T00:14:36.010637,haute
BJ-3C032DA3,Grand Inn,Restauration & Hôtellerie,Kpomassè,+229 40 67 25 95,,grandinn.bj,PME (10-50),B2C,LinkedIn,,Actif,2026-06-29T00:14:36.010648,moyenne
BJ-265406FF,Hôtel Goût,Restauration & Hôtellerie,Kpomassè,+229 44 71 18 29,,hôtelgoût.bj,Grande (>200),B2C,LinkedIn,,Actif,2026-06-29T00:14:36.010658,moyenne
BJ-D5148D88,Nouveau Inn,Restauration & Hôtellerie,Tori-Bossito,+229 71 98 27 84,nouveau.inn@nouveau.inn.benin,,TPE (<10),B2C,LinkedIn,,Actif,2026-06-29T00:14:36.010675,moyenne
BJ-FDB14510,Auberge Mer Tori-Bossito,Restauration & Hôtellerie,Tori-Bossito,+229 85 82 45 29,,,PME (10-50),B2C,LinkedIn,,Actif,2026-06-29T00:14:36.010685,basse
BJ-9AF939DE,Restaurant Grand Palace,Restauration & Hôtellerie,Tori-Bossito,+229 93 16 37 38,,,TPE (<10),B2C,LinkedIn,,Actif,2026-06-29T00:14:36.010695,basse
BJ-4A31BEE2,Restaurant Royal,Restauration & Hôtellerie,Tori-Bossito,+229 27 99 59 43,restaurant.royal@restaurant.royal.net,restaurantroyal.bj,TPE (<10),B2C,LinkedIn,,Actif,2026-06-29T00:14:36.010710,haute
BJ-4755312A,Table,Restauration & Hôtellerie,Grand-Popo,+229 64 33 84 94,table@table.benin,,Grande (>200),B2C,LinkedIn,,Actif,2026-06-29T00:14:36.010737,moyenne
BJ-B5DF27DA,Café Jardin International,Restauration & Hôtellerie,Grand-Popo,+229 30 78 97 58,café.jardin.international@café.jardin.international.benin,,Grande (>200),B2C,LinkedIn,,Actif,2026-06-29T00:14:36.010749,moyenne
BJ-4F24B467,Jardin International,Restauration & Hôtellerie,Grand-Popo,+229 67 42 24 35,,jardininternational.bj,Grande (>200),B2C,LinkedIn,,Actif,2026-06-29T00:14:36.010759,moyenne
BJ-D2EF23C6,Ambiance,Restauration & Hôtellerie,Grand-Popo,+229 38 96 31 21,ambiance@ambiance.org,,TPE (<10),B2C,LinkedIn,,Actif,2026-06-29T00:14:36.010771,moyenne
BJ-BB1D7448,Hôtel Jardin International,Restauration & Hôtellerie,Grand-Popo,+229 83 78 41 63,,hôteljardininternational.bj,PME (10-50),B2C,LinkedIn,,Actif,2026-06-29T00:14:36.010782,moyenne
BJ-32FBF940,Bar Gourmet Athiémé,Restauration & Hôtellerie,Athiémé,+229 98 83 84 77,,bargourmetathiémé.bj,TPE (<10),B2C,LinkedIn,,Actif,2026-06-29T00:14:36.010799,moyenne
BJ-EAE59ABB,Bar Goût Hotel,Restauration & Hôtellerie,Athiémé,+229 96 80 28 40,,bargoûthotel.bj,TPE (<10),B2C,LinkedIn,,Actif,2026-06-29T00:14:36.010810,moyenne
BJ-D2E3BDB5,Restaurant Village Restaurant,Restauration & Hôtellerie,Athiémé,+229 35 13 52 22,,restaurantvillagerestaurant.bj,TPE (<10),B2C,LinkedIn,,Actif,2026-06-29T00:14:36.010821,moyenne
BJ-44D2C584,Auberge Jardin,Restauration & Hôtellerie,Athiémé,+229 75 35 78 95,auberge.jardin@auberge.jardin.benin,aubergejardin.bj,PME (10-50),B2C,LinkedIn,,Actif,2026-06-29T00:14:36.010835,haute
BJ-3076DCAC,Ambiance,Restauration & Hôtellerie,Athiémé,+229 80 84 25 40,ambiance@ambiance.org,ambiance.bj,TPE (<10),B2C,LinkedIn,,Actif,2026-06-29T00:14:36.010847,haute
BJ-4F153BB8,Village Palace,Restauration & Hôtellerie,Bopa,+229 42 57 86 94,,villagepalace.bj,TPE (<10),B2C,LinkedIn,,Actif,2026-06-29T00:14:36.010863,moyenne
BJ-FA806198,Lac Bopa,Restauration & Hôtellerie,Bopa,+229 74 77 71 40,,,TPE (<10),B2C,LinkedIn,,Actif,2026-06-29T00:14:36.010874,basse
BJ-543D9E8A,Café Détente Inn,Restauration & Hôtellerie,Bopa,+229 53 67 16 58,café.détente.inn@café.détente.inn.benin,,PME (10-50),B2C,LinkedIn,,Actif,2026-06-29T00:14:36.010885,moyenne
BJ-631DB85B,Nouveau Brasserie,Restauration & Hôtellerie,Bopa,+229 82 63 57 83,,,Grande (>200),B2C,LinkedIn,,Actif,2026-06-29T00:14:36.010927,basse
BJ-8903CF2D,Auberge Mer,Restauration & Hôtellerie,Bopa,+229 73 99 56 82,,,Grande (>200),B2C,LinkedIn,,Actif,2026-06-29T00:14:36.010938,basse
BJ-FEEF650D,Table Café,Restauration & Hôtellerie,Houéyogbé,+229 42 34 90 84,table.café@table.café.benin,tablecafé.bj,PME (10-50),B2C,LinkedIn,,Actif,2026-06-29T00:14:36.011016,haute
BJ-DD9E362F,Brasserie Jardin Houéyogbé,Restauration & Hôtellerie,Houéyogbé,+229 32 87 63 66,brasserie.jardin.houéyogbé@brasserie.jardin.houéyogbé.org,brasseriejardinhouéyogbé.bj,TPE (<10),B2C,LinkedIn,,Actif,2026-06-29T00:14:36.011055,haute
BJ-F345B927,Restaurant Nouveau Café,Restauration & Hôtellerie,Houéyogbé,+229 64 74 44 79,restaurant.nouveau.café@restaurant.nouveau.café.bj,restaurantnouveaucafé.bj,TPE (<10),B2C,LinkedIn,,Actif,2026-06-29T00:14:36.011088,haute
BJ-8898A437,Brasserie Détente,Restauration & Hôtellerie,Houéyogbé,+229 40 11 40 33,,brasseriedétente.bj,PME (50-200),B2C,LinkedIn,,Actif,2026-06-29T00:14:36.011102,moyenne
BJ-C4DD271D,Auberge Table,Restauration & Hôtellerie,Malanville,+229 30 21 23 82,auberge.table@auberge.table.benin,aubergetable.bj,PME (50-200),B2C,LinkedIn,,Actif,2026-06-29T00:14:36.011133,haute
BJ-76BF6D22,Jardin Palace,Restauration & Hôtellerie,Malanville,+229 51 83 63 30,jardin.palace@jardin.palace.bj,jardinpalace.bj,PME (10-50),B2C,LinkedIn,,Actif,2026-06-29T00:14:36.011146,haute
BJ-8C34C27A,Jardin Inn,Restauration & Hôtellerie,Malanville,+229 77 37 80 19,jardin.inn@jardin.inn.bj,jardininn.bj,TPE (<10),B2C,LinkedIn,,Actif,2026-06-29T00:14:36.011158,haute
BJ-F959A7B1,Auberge Lac Café,Restauration & Hôtellerie,Malanville,+229 31 57 97 12,auberge.lac.café@auberge.lac.café.net,aubergelaccafé.bj,PME (10-50),B2C,LinkedIn,,Actif,2026-06-29T00:14:36.011171,haute
BJ-0681F168,Café Gourmet Kandi,Restauration & Hôtellerie,Kandi,+229 90 76 55 57,café.gourmet.kandi@café.gourmet.kandi.org,,PME (10-50),B2C,LinkedIn,,Actif,2026-06-29T00:14:36.011190,moyenne
BJ-E82D6C05,Brasserie Village,Restauration & Hôtellerie,Kandi,+229 23 28 26 37,,,TPE (<10),B2C,LinkedIn,,Actif,2026-06-29T00:14:36.011215,basse
BJ-233D294F,Ambiance Bénin,Restauration & Hôtellerie,Kandi,+229 60 55 65 93,,ambiancebénin.bj,Grande (>200),B2C,LinkedIn,,Actif,2026-06-29T00:14:36.011239,moyenne
BJ-C2992644,Restaurant Jardin International Kandi,Restauration & Hôtellerie,Kandi,+229 41 62 84 16,,,PME (10-50),B2C,LinkedIn,,Actif,2026-06-29T00:14:36.011261,basse
BJ-7B01B853,Bar Saveur,Restauration & Hôtellerie,Kandi,+229 98 43 88 10,,,TPE (<10),B2C,LinkedIn,,Actif,2026-06-29T00:14:36.011282,basse
BJ-29AA9B15,Palace Palace Banikoara,Restauration & Hôtellerie,Banikoara,+229 29 29 39 69,palace.palace.banikoara@palace.palace.banikoara.com,,PME (10-50),B2C,LinkedIn,,Actif,2026-06-29T00:14:36.011329,moyenne
BJ-C632565F,Brasserie Royal,Restauration & Hôtellerie,Banikoara,+229 27 21 63 40,,brasserieroyal.bj,PME (10-50),B2C,LinkedIn,,Actif,2026-06-29T00:14:36.011356,moyenne
BJ-DD8D0D8B,Bar Mer,Restauration & Hôtellerie,Banikoara,+229 71 10 56 50,,,TPE (<10),B2C,LinkedIn,,Actif,2026-06-29T00:14:36.011380,basse
BJ-4DA9F6CC,Brasserie Nouveau,Restauration & Hôtellerie,Banikoara,+229 62 68 13 64,brasserie.nouveau@brasserie.nouveau.benin,brasserienouveau.bj,TPE (<10),B2C,LinkedIn,,Actif,2026-06-29T00:14:36.011407,haute
BJ-55022F87,Café Lac Inn,Restauration & Hôtellerie,Banikoara,+229 73 26 81 60,café.lac.inn@café.lac.inn.org,cafélacinn.bj,TPE (<10),B2C,LinkedIn,,Actif,2026-06-29T00:14:36.011439,haute
BJ-A7811912,Bar Mer Restaurant,Restauration & Hôtellerie,Ségbana,+229 38 35 34 75,,barmerrestaurant.bj,PME (10-50),B2C,LinkedIn,,Actif,2026-06-29T00:14:36.011499,moyenne
BJ-59C4BA76,Mer Brasserie,Restauration & Hôtellerie,Ségbana,+229 28 77 24 47,mer.brasserie@mer.brasserie.org,,PME (50-200),B2C,LinkedIn,,Actif,2026-06-29T00:14:36.011526,moyenne
BJ-4A9C461A,Palace Ségbana,Restauration & Hôtellerie,Ségbana,+229 58 79 69 94,,palaceségbana.bj,Grande (>200),B2C,LinkedIn,,Actif,2026-06-29T00:14:36.011553,moyenne
BJ-03A3BB72,Grand,Restauration & Hôtellerie,Ségbana,+229 37 98 77 31,grand@grand.benin,grand.bj,TPE (<10),B2C,LinkedIn,,Actif,2026-06-29T00:14:36.011579,haute
BJ-22BEB9D0,Palace,Restauration & Hôtellerie,Karimama,+229 83 55 91 64,,palace.bj,Grande (>200),B2C,LinkedIn,,Actif,2026-06-29T00:14:36.011615,moyenne
BJ-35F4122C,Saveur Inn,Restauration & Hôtellerie,Karimama,+229 51 95 40 74,,saveurinn.bj,Grande (>200),B2C,LinkedIn,,Actif,2026-06-29T00:14:36.011638,moyenne
BJ-C9A0C0D2,Pension Palace,Restauration & Hôtellerie,Karimama,+229 53 36 45 12,,pensionpalace.bj,Grande (>200),B2C,LinkedIn,,Actif,2026-06-29T00:14:36.011657,moyenne
BJ-45A9CEC4,Lac,Restauration & Hôtellerie,Karimama,+229 64 50 48 49,lac@lac.benin,,TPE (<10),B2C,LinkedIn,,Actif,2026-06-29T00:14:36.011687,moyenne
BJ-62C4FBBB,Restaurant Table Inn,Restauration & Hôtellerie,Karimama,+229 94 22 23 19,,restauranttableinn.bj,PME (50-200),B2C,LinkedIn,,Actif,2026-06-29T00:14:36.011721,moyenne
BJ-C482E29D,Brasserie Nouveau,Restauration & Hôtellerie,Gogounou,+229 62 97 46 77,brasserie.nouveau@brasserie.nouveau.com,brasserienouveau.bj,TPE (<10),B2C,LinkedIn,,Actif,2026-06-29T00:14:36.011760,haute
BJ-229909B7,Royal Inn Gogounou,Restauration & Hôtellerie,Gogounou,+229 91 94 52 82,,royalinngogounou.bj,PME (50-200),B2C,LinkedIn,,Actif,2026-06-29T00:14:36.011787,moyenne
BJ-0447C9CA,Détente,Restauration & Hôtellerie,Gogounou,+229 88 52 17 44,,détente.bj,PME (10-50),B2C,LinkedIn,,Actif,2026-06-29T00:14:36.011817,moyenne
BJ-49AD2266,Lac Hotel,Restauration & Hôtellerie,Gogounou,+229 91 13 73 69,lac.hotel@lac.hotel.bj,lachotel.bj,PME (10-50),B2C,LinkedIn,,Actif,2026-06-29T00:14:36.011847,haute
BJ-1B3F5D0D,Auberge Grand Hotel Gogounou,Restauration & Hôtellerie,Gogounou,+229 99 20 34 58,,aubergegrandhotelgogounou.bj,TPE (<10),B2C,LinkedIn,,Actif,2026-06-29T00:14:36.011887,moyenne
BJ-644FE780,Détente Palace,Restauration & Hôtellerie,Cobly,+229 50 48 25 99,détente.palace@détente.palace.org,,PME (50-200),B2C,LinkedIn,,Actif,2026-06-29T00:14:36.011946,moyenne
BJ-B0E38C9D,Nouveau Restaurant,Restauration & Hôtellerie,Cobly,+229 46 90 58 37,nouveau.restaurant@nouveau.restaurant.com,,PME (10-50),B2C,LinkedIn,,Actif,2026-06-29T00:14:36.011977,moyenne
BJ-2C328190,Pension Saveur,Restauration & Hôtellerie,Cobly,+229 77 69 55 21,pension.saveur@pension.saveur.bj,,TPE (<10),B2C,LinkedIn,,Actif,2026-06-29T00:14:36.012013,moyenne
BJ-78C6838C,Royal,Restauration & Hôtellerie,Cobly,+229 39 25 64 57,royal@royal.com,,TPE (<10),B2C,LinkedIn,,Actif,2026-06-29T00:14:36.012025,moyenne
BJ-3AD4A855,Nouveau Hotel Tanguiéta,Restauration & Hôtellerie,Tanguiéta,+229 81 83 28 38,,nouveauhoteltanguiéta.bj,PME (10-50),B2C,LinkedIn,,Actif,2026-06-29T00:14:36.012048,moyenne
BJ-C81032E5,Brasserie Village Palace Tanguiéta,Restauration & Hôtellerie,Tanguiéta,+229 74 65 63 63,,,PME (10-50),B2C,LinkedIn,,Actif,2026-06-29T00:14:36.012083,basse
BJ-6BD86DB5,Mer,Restauration & Hôtellerie,Tanguiéta,+229 42 42 46 73,mer@mer.net,mer.bj,TPE (<10),B2C,LinkedIn,,Actif,2026-06-29T00:14:36.012120,haute
BJ-431E4451,Restaurant Mer,Restauration & Hôtellerie,Tanguiéta,+229 95 22 92 51,restaurant.mer@restaurant.mer.org,restaurantmer.bj,PME (50-200),B2C,LinkedIn,,Actif,2026-06-29T00:14:36.012161,haute
BJ-ECC96CF5,Palace Tanguiéta,Restauration & Hôtellerie,Tanguiéta,+229 67 49 29 33,palace.tanguiéta@palace.tanguiéta.org,,TPE (<10),B2C,LinkedIn,,Actif,2026-06-29T00:14:36.012189,moyenne
BJ-49F0B016,Restaurant Palace,Restauration & Hôtellerie,Matéri,+229 32 56 13 65,,,PME (10-50),B2C,LinkedIn,,Actif,2026-06-29T00:14:36.012231,basse
BJ-423762FF,Ambiance Palace Matéri,Restauration & Hôtellerie,Matéri,+229 85 19 54 51,,ambiancepalacematéri.bj,TPE (<10),B2C,LinkedIn,,Actif,2026-06-29T00:14:36.012259,moyenne
BJ-F7548CDC,Auberge Mer Restaurant Matéri,Restauration & Hôtellerie,Matéri,+229 74 47 31 76,auberge.mer.restaurant.matéri@auberge.mer.restaurant.matéri.org,aubergemerrestaurantmatéri.bj,TPE (<10),B2C,LinkedIn,,Actif,2026-06-29T00:14:36.012299,haute
BJ-7EC92A7F,Auberge Village,Restauration & Hôtellerie,Matéri,+229 92 46 76 33,auberge.village@auberge.village.benin,aubergevillage.bj,PME (10-50),B2C,LinkedIn,,Actif,2026-06-29T00:14:36.012345,haute
BJ-2607FE3B,Saveur,Restauration & Hôtellerie,Natitingou,+229 89 69 41 43,,,PME (10-50),B2C,LinkedIn,,Actif,2026-06-29T00:14:36.012394,basse
BJ-D2B2D167,Village Inn,Restauration & Hôtellerie,Natitingou,+229 45 23 12 90,village.inn@village.inn.org,,TPE (<10),B2C,LinkedIn,,Actif,2026-06-29T00:14:36.012423,moyenne
BJ-F6031B0C,Bar Plage Brasserie,Restauration & Hôtellerie,Natitingou,+229 51 28 35 29,bar.plage.brasserie@bar.plage.brasserie.com,barplagebrasserie.bj,TPE (<10),B2C,LinkedIn,,Actif,2026-06-29T00:14:36.012453,haute
BJ-39FFB3BB,Détente International,Restauration & Hôtellerie,Natitingou,+229 51 65 96 80,,détenteinternational.bj,PME (10-50),B2C,LinkedIn,,Actif,2026-06-29T00:14:36.012520,moyenne
BJ-3B13CC99,Plage Restaurant Toucountouna,Restauration & Hôtellerie,Toucountouna,+229 20 74 40 61,plage.restaurant.toucountouna@plage.restaurant.toucountouna.org,plagerestauranttoucountouna.bj,TPE (<10),B2C,LinkedIn,,Actif,2026-06-29T00:14:36.012561,haute
BJ-BE2729C5,Nouveau Bénin,Restauration & Hôtellerie,Toucountouna,+229 48 64 62 17,nouveau.bénin@nouveau.bénin.bj,,TPE (<10),B2C,LinkedIn,,Actif,2026-06-29T00:14:36.012631,moyenne
BJ-15D67F74,Café Goût Brasserie,Restauration & Hôtellerie,Toucountouna,+229 90 70 33 79,café.goût.brasserie@café.goût.brasserie.net,cafégoûtbrasserie.bj,PME (10-50),B2C,LinkedIn,,Actif,2026-06-29T00:14:36.012663,haute
BJ-939F597D,Mer,Restauration & Hôtellerie,Toucountouna,+229 87 24 28 24,,,PME (50-200),B2C,LinkedIn,,Actif,2026-06-29T00:14:36.012690,basse
BJ-1B8A8D3E,Restaurant Palace,Restauration & Hôtellerie,Boukoumbé,+229 75 65 89 23,restaurant.palace@restaurant.palace.org,,TPE (<10),B2C,LinkedIn,,Actif,2026-06-29T00:14:36.012733,moyenne
BJ-3E265FC6,Bar Plage Brasserie,Restauration & Hôtellerie,Boukoumbé,+229 55 61 62 44,,barplagebrasserie.bj,TPE (<10),B2C,LinkedIn,,Actif,2026-06-29T00:14:36.012767,moyenne
BJ-57FDD2A0,Bar Table,Restauration & Hôtellerie,Boukoumbé,+229 99 13 39 30,bar.table@bar.table.org,,PME (10-50),B2C,LinkedIn,,Actif,2026-06-29T00:14:36.012804,moyenne
BJ-A1908C26,Brasserie Gourmet Restaurant,Restauration & Hôtellerie,Boukoumbé,+229 26 10 57 73,brasserie.gourmet.restaurant@brasserie.gourmet.restaurant.com,brasseriegourmetrestaurant.bj,PME (10-50),B2C,LinkedIn,,Actif,2026-06-29T00:14:36.012852,haute
BJ-0B5FB1FE,Jardin,Restauration & Hôtellerie,Boukoumbé,+229 79 98 24 32,jardin@jardin.com,jardin.bj,PME (50-200),B2C,LinkedIn,,Actif,2026-06-29T00:14:36.012906,haute
BJ-F460FA74,Nouveau Bénin,Restauration & Hôtellerie,Kouandé,+229 60 27 74 45,nouveau.bénin@nouveau.bénin.bj,,PME (10-50),B2C,LinkedIn,,Actif,2026-06-29T00:14:36.012958,moyenne
BJ-CF8ADDF2,Bar Gourmet,Restauration & Hôtellerie,Kouandé,+229 48 69 96 34,,,TPE (<10),B2C,LinkedIn,,Actif,2026-06-29T00:14:36.012991,basse
BJ-255D8691,Plage,Restauration & Hôtellerie,Kouandé,+229 54 61 33 91,plage@plage.benin,plage.bj,PME (50-200),B2C,LinkedIn,,Actif,2026-06-29T00:14:36.013009,haute
BJ-E5F6CFD7,Plage Restaurant,Restauration & Hôtellerie,Kouandé,+229 56 85 26 70,plage.restaurant@plage.restaurant.net,plagerestaurant.bj,Grande (>200),B2C,LinkedIn,,Actif,2026-06-29T00:14:36.013024,haute
BJ-79540ED6,Hôtel Saveur,Restauration & Hôtellerie,Kouandé,+229 29 55 60 45,hôtel.saveur@hôtel.saveur.org,hôtelsaveur.bj,PME (10-50),B2C,LinkedIn,,Actif,2026-06-29T00:14:36.013047,haute
BJ-D29E21F2,Auberge Village,Restauration & Hôtellerie,Péhunco,+229 66 63 18 56,,aubergevillage.bj,PME (50-200),B2C,LinkedIn,,Actif,2026-06-29T00:14:36.013067,moyenne
BJ-33806753,Bar Jardin,Restauration & Hôtellerie,Péhunco,+229 50 31 94 62,bar.jardin@bar.jardin.net,barjardin.bj,PME (50-200),B2C,LinkedIn,,Actif,2026-06-29T00:14:36.013080,haute
BJ-F80DD0ED,Café Saveur,Restauration & Hôtellerie,Péhunco,+229 79 40 71 61,café.saveur@café.saveur.bj,,Grande (>200),B2C,LinkedIn,,Actif,2026-06-29T00:14:36.013107,moyenne
BJ-8EBDC31F,Auberge Nouveau Hotel,Restauration & Hôtellerie,Péhunco,+229 40 28 24 70,auberge.nouveau.hotel@auberge.nouveau.hotel.org,,TPE (<10),B2C,LinkedIn,,Actif,2026-06-29T00:14:36.013120,moyenne
BJ-EFB5046D,Auberge Saveur International,Restauration & Hôtellerie,Tchaourou,+229 56 83 90 55,auberge.saveur.international@auberge.saveur.international.benin,aubergesaveurinternational.bj,TPE (<10),B2C,LinkedIn,,Actif,2026-06-29T00:14:36.013140,haute
BJ-8561D737,Palace Café,Restauration & Hôtellerie,Tchaourou,+229 51 51 77 96,,palacecafé.bj,TPE (<10),B2C,LinkedIn,,Actif,2026-06-29T00:14:36.013168,moyenne
BJ-0B81B76C,Village,Restauration & Hôtellerie,Tchaourou,+229 36 64 39 32,,,PME (50-200),B2C,LinkedIn,,Actif,2026-06-29T00:14:36.013179,basse
BJ-F8DFB2B6,Saveur Restaurant,Restauration & Hôtellerie,Tchaourou,+229 53 93 43 75,saveur.restaurant@saveur.restaurant.net,,PME (10-50),B2C,LinkedIn,,Actif,2026-06-29T00:14:36.013191,moyenne
BJ-9AA0A629,Royal Café,Restauration & Hôtellerie,Nikki,+229 70 53 91 10,,,Grande (>200),B2C,LinkedIn,,Actif,2026-06-29T00:14:36.013209,basse
BJ-FA5BE03D,Brasserie Plage Restaurant Nikki,Restauration & Hôtellerie,Nikki,+229 72 23 55 58,brasserie.plage.restaurant.nikki@brasserie.plage.restaurant.nikki.benin,,TPE (<10),B2C,LinkedIn,,Actif,2026-06-29T00:14:36.013223,moyenne
BJ-2C2AAB03,Auberge Goût Restaurant Nikki,Restauration & Hôtellerie,Nikki,+229 36 19 32 26,auberge.goût.restaurant.nikki@auberge.goût.restaurant.nikki.net,aubergegoûtrestaurantnikki.bj,PME (50-200),B2C,LinkedIn,,Actif,2026-06-29T00:14:36.013239,haute
BJ-13E5E544,Gourmet Nikki,Restauration & Hôtellerie,Nikki,+229 36 76 91 22,,gourmetnikki.bj,TPE (<10),B2C,LinkedIn,,Actif,2026-06-29T00:14:36.013259,moyenne
BJ-D174643C,Café Détente Palace,Restauration & Hôtellerie,Nikki,+229 59 28 47 73,café.détente.palace@café.détente.palace.bj,cafédétentepalace.bj,PME (50-200),B2C,LinkedIn,,Actif,2026-06-29T00:14:36.013277,haute
BJ-3C9EF830,Auberge Village Inn,Restauration & Hôtellerie,Bembéréké,+229 73 18 86 84,auberge.village.inn@auberge.village.inn.net,aubergevillageinn.bj,TPE (<10),B2C,LinkedIn,,Actif,2026-06-29T00:14:36.013297,haute
BJ-2E097C2B,Bar Détente Palace Bembéréké,Restauration & Hôtellerie,Bembéréké,+229 47 96 95 91,bar.détente.palace.bembéréké@bar.détente.palace.bembéréké.benin,,TPE (<10),B2C,LinkedIn,,Actif,2026-06-29T00:14:36.013311,moyenne
BJ-A5C011DE,Hôtel Ambiance Bembéréké,Restauration & Hôtellerie,Bembéréké,+229 65 63 95 99,,hôtelambiancebembéréké.bj,PME (50-200),B2C,LinkedIn,,Actif,2026-06-29T00:14:36.013324,moyenne
BJ-998F22F6,Bar Royal,Restauration & Hôtellerie,Bembéréké,+229 53 99 63 30,bar.royal@bar.royal.org,,TPE (<10),B2C,LinkedIn,,Actif,2026-06-29T00:14:36.013336,moyenne
BJ-E355E407,Brasserie Plage Inn,Restauration & Hôtellerie,Bembéréké,+229 82 87 66 30,,brasserieplageinn.bj,PME (50-200),B2C,LinkedIn,,Actif,2026-06-29T00:14:36.013347,moyenne
BJ-C233E52B,Café Village,Restauration & Hôtellerie,Kalalé,+229 79 81 21 73,,,TPE (<10),B2C,LinkedIn,,Actif,2026-06-29T00:14:36.013366,basse
BJ-E2244E9C,Mer Inn Kalalé,Restauration & Hôtellerie,Kalalé,+229 52 46 46 13,,merinnkalalé.bj,TPE (<10),B2C,LinkedIn,,Actif,2026-06-29T00:14:36.013379,moyenne
BJ-4E2A6E38,Auberge Grand Kalalé,Restauration & Hôtellerie,Kalalé,+229 33 97 22 60,auberge.grand.kalalé@auberge.grand.kalalé.org,,PME (50-200),B2C,LinkedIn,,Actif,2026-06-29T00:14:36.013396,moyenne
BJ-B3B5EE0E,Jardin Café,Restauration & Hôtellerie,Kalalé,+229 84 22 19 41,,,TPE (<10),B2C,LinkedIn,,Actif,2026-06-29T00:14:36.013411,basse
BJ-39288E0D,Café Goût International,Restauration & Hôtellerie,Kalalé,+229 56 60 67 37,café.goût.international@café.goût.international.org,cafégoûtinternational.bj,TPE (<10),B2C,LinkedIn,,Actif,2026-06-29T00:14:36.013427,haute
BJ-916DA53C,Saveur Hotel,Restauration & Hôtellerie,Ndali,+229 62 25 30 20,,,PME (10-50),B2C,LinkedIn,,Actif,2026-06-29T00:14:36.013448,basse
BJ-7DAD6ADC,Pension Nouveau,Restauration & Hôtellerie,Ndali,+229 63 84 49 82,,pensionnouveau.bj,TPE (<10),B2C,LinkedIn,,Actif,2026-06-29T00:14:36.013461,moyenne
BJ-575D3753,Café Lac,Restauration & Hôtellerie,Ndali,+229 20 60 95 24,,,PME (10-50),B2C,LinkedIn,,Actif,2026-06-29T00:14:36.013473,basse
BJ-5A9AA92D,Saveur International,Restauration & Hôtellerie,Ndali,+229 42 33 46 45,,,TPE (<10),B2C,LinkedIn,,Actif,2026-06-29T00:14:36.013483,basse
BJ-D4EE2D65,Restaurant Saveur Bénin Ndali,Restauration & Hôtellerie,Ndali,+229 75 99 58 76,,,Grande (>200),B2C,LinkedIn,,Actif,2026-06-29T00:14:36.013494,basse
BJ-C09BA600,Café Royal Restaurant,Restauration & Hôtellerie,Ségbana,+229 90 82 82 32,café.royal.restaurant@café.royal.restaurant.org,,PME (50-200),B2C,LinkedIn,,Actif,2026-06-29T00:14:36.013550,moyenne
BJ-7BEFB23B,Plage Restaurant,Restauration & Hôtellerie,Ségbana,+229 44 17 59 73,plage.restaurant@plage.restaurant.bj,,TPE (<10),B2C,LinkedIn,,Actif,2026-06-29T00:14:36.013586,moyenne
BJ-F666CCDF,Restaurant Goût,Restauration & Hôtellerie,Ségbana,+229 65 49 30 84,restaurant.goût@restaurant.goût.org,,TPE (<10),B2C,LinkedIn,,Actif,2026-06-29T00:14:36.013645,moyenne
BJ-7421B332,Bar Saveur Restaurant Tchaourou,Restauration & Hôtellerie,Tchaourou,+229 80 15 36 92,,,PME (50-200),B2C,LinkedIn,,Actif,2026-06-29T00:14:36.013726,basse
BJ-EDEBB0ED,Restaurant Palace International,Restauration & Hôtellerie,Tchaourou,+229 33 76 22 35,,restaurantpalaceinternational.bj,TPE (<10),B2C,LinkedIn,,Actif,2026-06-29T00:14:36.013755,moyenne
BJ-1FFE7E6E,Ambiance,Restauration & Hôtellerie,Bétérou,+229 38 75 74 58,ambiance@ambiance.benin,ambiance.bj,PME (10-50),B2C,LinkedIn,,Actif,2026-06-29T00:14:36.013913,haute
BJ-0C73B5F6,Hôtel Royal Restaurant,Restauration & Hôtellerie,Bétérou,+229 59 88 77 69,hôtel.royal.restaurant@hôtel.royal.restaurant.net,,PME (10-50),B2C,LinkedIn,,Actif,2026-06-29T00:14:36.013946,moyenne
BJ-6D8FF6EF,Table,Restauration & Hôtellerie,Bétérou,+229 57 56 69 99,table@table.bj,table.bj,Grande (>200),B2C,LinkedIn,,Actif,2026-06-29T00:14:36.014008,haute
BJ-25EA4AC1,Restaurant Saveur,Restauration & Hôtellerie,Bétérou,+229 62 97 25 75,restaurant.saveur@restaurant.saveur.benin,,TPE (<10),B2C,LinkedIn,,Actif,2026-06-29T00:14:36.014041,moyenne
BJ-C22E5F25,Lac,Restauration & Hôtellerie,Ouessè,+229 25 61 50 83,lac@lac.com,,PME (10-50),B2C,LinkedIn,,Actif,2026-06-29T00:14:36.014097,moyenne
BJ-FD94AF79,Bar Palace Ouessè,Restauration & Hôtellerie,Ouessè,+229 22 30 53 18,,barpalaceouessè.bj,PME (50-200),B2C,LinkedIn,,Actif,2026-06-29T00:14:36.014143,moyenne
BJ-42407ED5,Saveur Ouessè,Restauration & Hôtellerie,Ouessè,+229 97 91 69 56,saveur.ouessè@saveur.ouessè.com,,PME (50-200),B2C,LinkedIn,,Actif,2026-06-29T00:14:36.014171,moyenne
BJ-D38157B1,Brasserie Lac Ouessè,Restauration & Hôtellerie,Ouessè,+229 99 24 44 85,,,PME (10-50),B2C,LinkedIn,,Actif,2026-06-29T00:14:36.014207,basse
BJ-91ED3D2B,Gourmet,Restauration & Hôtellerie,Ouessè,+229 34 49 86 30,gourmet@gourmet.bj,,TPE (<10),B2C,LinkedIn,,Actif,2026-06-29T00:14:36.014240,moyenne
BJ-2DC2BBA5,Hôtel Table Palace,Restauration & Hôtellerie,Glazoué,+229 71 43 38 86,hôtel.table.palace@hôtel.table.palace.bj,,TPE (<10),B2C,LinkedIn,,Actif,2026-06-29T00:14:36.014284,moyenne
BJ-2240432C,Auberge Mer,Restauration & Hôtellerie,Glazoué,+229 36 72 68 42,auberge.mer@auberge.mer.com,,TPE (<10),B2C,LinkedIn,,Actif,2026-06-29T00:14:36.014306,moyenne
BJ-59B94F68,Pension Plage,Restauration & Hôtellerie,Glazoué,+229 33 76 49 85,,pensionplage.bj,Grande (>200),B2C,LinkedIn,,Actif,2026-06-29T00:14:36.014326,moyenne
BJ-69136035,Palace Café,Restauration & Hôtellerie,Glazoué,+229 83 57 19 80,palace.café@palace.café.org,,Grande (>200),B2C,LinkedIn,,Actif,2026-06-29T00:14:36.014369,moyenne
BJ-743FA6DB,Royal Café,Restauration & Hôtellerie,Glazoué,+229 58 64 11 35,,,Grande (>200),B2C,LinkedIn,,Actif,2026-06-29T00:14:36.014386,basse
BJ-4C484CD9,Restaurant Jardin Hotel,Restauration & Hôtellerie,Dassa-Zoumè,+229 55 68 13 17,restaurant.jardin.hotel@restaurant.jardin.hotel.org,,Grande (>200),B2C,LinkedIn,,Actif,2026-06-29T00:14:36.014412,moyenne
BJ-123EAEA5,Auberge Mer International,Restauration & Hôtellerie,Dassa-Zoumè,+229 70 26 85 32,,,PME (50-200),B2C,LinkedIn,,Actif,2026-06-29T00:14:36.014436,basse
BJ-FADAF00D,Hôtel Jardin Bénin,Restauration & Hôtellerie,Dassa-Zoumè,+229 66 98 94 59,hôtel.jardin.bénin@hôtel.jardin.bénin.org,hôteljardinbénin.bj,TPE (<10),B2C,LinkedIn,,Actif,2026-06-29T00:14:36.014449,haute
BJ-028139B0,Restaurant Mer Dassa-Zoumè,Restauration & Hôtellerie,Dassa-Zoumè,+229 41 36 49 74,restaurant.mer.dassazoumè@restaurant.mer.dassazoumè.benin,,PME (10-50),B2C,LinkedIn,,Actif,2026-06-29T00:14:36.014463,moyenne
BJ-7464C2B8,Village Café,Restauration & Hôtellerie,Savalou,+229 82 65 34 11,village.café@village.café.bj,villagecafé.bj,PME (50-200),B2C,LinkedIn,,Actif,2026-06-29T00:14:36.014482,haute
BJ-C94941CC,Jardin Café,Restauration & Hôtellerie,Savalou,+229 33 25 60 84,jardin.café@jardin.café.benin,jardincafé.bj,PME (10-50),B2C,LinkedIn,,Actif,2026-06-29T00:14:36.014496,haute
BJ-A2388CD2,Palace Brasserie,Restauration & Hôtellerie,Savalou,+229 44 40 19 33,palace.brasserie@palace.brasserie.org,palacebrasserie.bj,PME (10-50),B2C,LinkedIn,,Actif,2026-06-29T00:14:36.014508,haute
BJ-6275F737,Jardin Restaurant,Restauration & Hôtellerie,Savalou,+229 88 32 34 87,,jardinrestaurant.bj,TPE (<10),B2C,LinkedIn,,Actif,2026-06-29T00:14:36.014543,moyenne
BJ-AA5F8ECA,Bar Ambiance,Restauration & Hôtellerie,Savalou,+229 36 79 78 59,bar.ambiance@bar.ambiance.net,barambiance.bj,PME (10-50),B2C,LinkedIn,,Actif,2026-06-29T00:14:36.014557,haute
BJ-067F1963,Goût Bantè,Restauration & Hôtellerie,Bantè,+229 24 34 66 73,goût.bantè@goût.bantè.com,goûtbantè.bj,PME (10-50),B2C,LinkedIn,,Actif,2026-06-29T00:14:36.014580,haute
BJ-CDE89EC4,Restaurant Royal Inn,Restauration & Hôtellerie,Bantè,+229 41 18 23 36,,restaurantroyalinn.bj,PME (50-200),B2C,LinkedIn,,Actif,2026-06-29T00:14:36.014593,moyenne
BJ-4C6C6E0F,Café Gourmet,Restauration & Hôtellerie,Bantè,+229 96 11 68 74,,,PME (10-50),B2C,LinkedIn,,Actif,2026-06-29T00:14:36.014603,basse
BJ-40AD1578,Détente,Restauration & Hôtellerie,Bantè,+229 21 12 88 40,,détente.bj,PME (50-200),B2C,LinkedIn,,Actif,2026-06-29T00:14:36.014615,moyenne
BJ-D527D5BB,Café Plage Restaurant,Restauration & Hôtellerie,Djougou,+229 79 65 53 86,café.plage.restaurant@café.plage.restaurant.benin,,TPE (<10),B2C,LinkedIn,,Actif,2026-06-29T00:14:36.014645,moyenne
BJ-1A5C479B,Hôtel Détente,Restauration & Hôtellerie,Djougou,+229 24 22 88 26,hôtel.détente@hôtel.détente.net,hôteldétente.bj,PME (10-50),B2C,LinkedIn,,Actif,2026-06-29T00:14:36.014658,haute
BJ-8A55ED40,Brasserie Ambiance Djougou,Restauration & Hôtellerie,Djougou,+229 32 32 60 44,,,TPE (<10),B2C,LinkedIn,,Actif,2026-06-29T00:14:36.014696,basse
BJ-17D62678,Brasserie Village,Restauration & Hôtellerie,Ouèssè,+229 27 63 15 63,,,TPE (<10),B2C,LinkedIn,,Actif,2026-06-29T00:14:36.014713,basse
BJ-3C0B85FC,Ambiance Restaurant,Restauration & Hôtellerie,Ouèssè,+229 29 37 45 20,,,PME (50-200),B2C,LinkedIn,,Actif,2026-06-29T00:14:36.014723,basse
BJ-06A6E996,Café Ambiance,Restauration & Hôtellerie,Ouèssè,+229 39 81 38 89,,caféambiance.bj,PME (10-50),B2C,LinkedIn,,Actif,2026-06-29T00:14:36.014735,moyenne
BJ-E0F6ED12,Pension Plage,Restauration & Hôtellerie,Ouèssè,+229 45 10 93 31,,pensionplage.bj,TPE (<10),B2C,LinkedIn,,Actif,2026-06-29T00:14:36.014746,moyenne
BJ-2EA3194A,Restaurant Table,Restauration & Hôtellerie,Ouèssè,+229 34 53 39 36,,,TPE (<10),B2C,LinkedIn,,Actif,2026-06-29T00:14:36.014757,basse
BJ-F8E2284C,Saveur,Restauration & Hôtellerie,Bassila,+229 40 92 87 22,saveur@saveur.net,saveur.bj,PME (10-50),B2C,LinkedIn,,Actif,2026-06-29T00:14:36.014776,haute
BJ-8101E41F,Table,Restauration & Hôtellerie,Bassila,+229 24 92 12 36,table@table.benin,table.bj,TPE (<10),B2C,LinkedIn,,Actif,2026-06-29T00:14:36.014788,haute
BJ-C66633DA,Pension Village,Restauration & Hôtellerie,Bassila,+229 70 80 98 77,,pensionvillage.bj,PME (10-50),B2C,LinkedIn,,Actif,2026-06-29T00:14:36.014799,moyenne
BJ-6C6B6BB3,Nouveau Café,Restauration & Hôtellerie,Bassila,+229 26 46 30 55,,nouveaucafé.bj,TPE (<10),B2C,LinkedIn,,Actif,2026-06-29T00:14:36.014817,moyenne
BJ-87016F2F,Hôtel Table,Restauration & Hôtellerie,Bassila,+229 31 30 78 52,hôtel.table@hôtel.table.net,,Grande (>200),B2C,LinkedIn,,Actif,2026-06-29T00:14:36.014830,moyenne
BJ-39B9F4E3,Jardin,Restauration & Hôtellerie,Pehunco,+229 63 79 98 27,,jardin.bj,Grande (>200),B2C,LinkedIn,,Actif,2026-06-29T00:14:36.014847,moyenne
BJ-793A095D,Auberge Gourmet Pehunco,Restauration & Hôtellerie,Pehunco,+229 50 13 57 51,,aubergegourmetpehunco.bj,TPE (<10),B2C,LinkedIn,,Actif,2026-06-29T00:14:36.014859,moyenne
BJ-8B85E586,Auberge Jardin,Restauration & Hôtellerie,Pehunco,+229 22 27 22 80,,,TPE (<10),B2C,LinkedIn,,Actif,2026-06-29T00:14:36.014874,basse
BJ-2D60F949,Brasserie Détente Pehunco,Restauration & Hôtellerie,Pehunco,+229 67 82 42 73,brasserie.détente.pehunco@brasserie.détente.pehunco.net,,PME (10-50),B2C,LinkedIn,,Actif,2026-06-29T00:14:36.014887,moyenne
BJ-6273F02A,Nouveau Inn,Restauration & Hôtellerie,Pehunco,+229 63 30 38 20,,nouveauinn.bj,TPE (<10),B2C,LinkedIn,,Actif,2026-06-29T00:14:36.014937,moyenne
BJ-083F26EC,Palace,Restauration & Hôtellerie,Copargo,+229 33 88 33 95,,palace.bj,PME (10-50),B2C,LinkedIn,,Actif,2026-06-29T00:14:36.015009,moyenne
BJ-2F425CA8,Pension Mer,Restauration & Hôtellerie,Copargo,+229 71 91 37 25,pension.mer@pension.mer.bj,,PME (50-200),B2C,LinkedIn,,Actif,2026-06-29T00:14:36.015037,moyenne
BJ-7825039D,Café Lac Café,Restauration & Hôtellerie,Copargo,+229 59 22 21 39,café.lac.café@café.lac.café.benin,,TPE (<10),B2C,LinkedIn,,Actif,2026-06-29T00:14:36.015126,moyenne
BJ-2A75D221,Auberge Gourmet Palace,Restauration & Hôtellerie,Copargo,+229 96 16 80 73,auberge.gourmet.palace@auberge.gourmet.palace.org,,PME (10-50),B2C,LinkedIn,,Actif,2026-06-29T00:14:36.015147,moyenne
BJ-D6C22AE9,Urgence Cabinet,Santé & Pharmacie,Cotonou,+229 22 14 63 25,urgence.cabinet@urgence.cabinet.com,urgencecabinet.bj,PME (10-50),B2C,LinkedIn,,Actif,2026-06-29T00:14:36.015169,haute
BJ-B635470D,Centre Bien-être Centre,Santé & Pharmacie,Cotonou,+229 59 62 93 72,,,TPE (<10),B2C,LinkedIn,,Actif,2026-06-29T00:14:36.015185,basse
BJ-93DFC344,Médical,Santé & Pharmacie,Cotonou,+229 36 40 76 50,médical@médical.benin,,TPE (<10),B2B,LinkedIn,,Actif,2026-06-29T00:14:36.015230,moyenne
BJ-68DFBC2F,Hôpital Vie Pharmacie,Santé & Pharmacie,Cotonou,+229 64 69 29 48,hôpital.vie.pharmacie@hôpital.vie.pharmacie.org,hôpitalviepharmacie.bj,TPE (<10),B2C,LinkedIn,,Actif,2026-06-29T00:14:36.015262,haute
BJ-FA898A29,Médical,Santé & Pharmacie,Abomey-Calavi,+229 26 19 89 29,médical@médical.org,médical.bj,TPE (<10),B2B,LinkedIn,,Actif,2026-06-29T00:14:36.015285,haute
BJ-53D8E0C4,Laboratoire Emergency,Santé & Pharmacie,Abomey-Calavi,+229 26 22 20 29,laboratoire.emergency@laboratoire.emergency.com,,PME (50-200),B2B,LinkedIn,,Actif,2026-06-29T00:14:36.015298,moyenne
BJ-0B67662B,Santé Abomey-Calavi,Santé & Pharmacie,Abomey-Calavi,+229 61 46 28 26,santé.abomeycalavi@santé.abomeycalavi.bj,,TPE (<10),B2B,LinkedIn,,Actif,2026-06-29T00:14:36.015311,moyenne
BJ-789011E1,Médicament Clinique,Santé & Pharmacie,Abomey-Calavi,+229 81 81 86 57,médicament.clinique@médicament.clinique.net,,TPE (<10),B2C,LinkedIn,,Actif,2026-06-29T00:14:36.015329,moyenne
BJ-13AA6669,Hôpital Santé Abomey-Calavi,Santé & Pharmacie,Abomey-Calavi,+229 28 30 93 30,hôpital.santé.abomeycalavi@hôpital.santé.abomeycalavi.net,hôpitalsantéabomeycalavi.bj,TPE (<10),B2B,LinkedIn,,Actif,2026-06-29T00:14:36.015344,haute
BJ-2D83FC71,Saint,Santé & Pharmacie,Porto-Novo,+229 85 89 73 84,saint@saint.bj,,TPE (<10),B2B,LinkedIn,,Actif,2026-06-29T00:14:36.015362,moyenne
BJ-CD7E6364,Centre Nouveau Medical Porto-Novo,Santé & Pharmacie,Porto-Novo,+229 91 63 88 10,centre.nouveau.medical.portonovo@centre.nouveau.medical.portonovo.org,centrenouveaumedicalportonovo.bj,PME (10-50),B2C,LinkedIn,,Actif,2026-06-29T00:14:36.015376,haute
BJ-DCCFFF06,Hôpital Nouveau,Santé & Pharmacie,Porto-Novo,+229 25 83 34 95,hôpital.nouveau@hôpital.nouveau.benin,hôpitalnouveau.bj,Grande (>200),B2B,LinkedIn,,Actif,2026-06-29T00:14:36.015390,haute
BJ-936F2D07,Cabinet Central Cabinet,Santé & Pharmacie,Porto-Novo,+229 48 65 98 27,cabinet.central.cabinet@cabinet.central.cabinet.bj,,TPE (<10),B2B,LinkedIn,,Actif,2026-06-29T00:14:36.015402,moyenne
BJ-C93D3BE7,Pharma Clinique,Santé & Pharmacie,Porto-Novo,+229 64 95 69 44,,,TPE (<10),B2B,LinkedIn,,Actif,2026-06-29T00:14:36.015413,basse
BJ-C570EA1A,Soins,Santé & Pharmacie,Parakou,+229 21 28 51 73,,soins.bj,TPE (<10),B2B,LinkedIn,,Actif,2026-06-29T00:14:36.015430,moyenne
BJ-8001B5B7,Hôpital Saint Parakou,Santé & Pharmacie,Parakou,+229 24 44 75 23,hôpital.saint.parakou@hôpital.saint.parakou.com,,Grande (>200),B2B,LinkedIn,,Actif,2026-06-29T00:14:36.015443,moyenne
BJ-B2D20261,Emergency Hôpital Parakou,Santé & Pharmacie,Parakou,+229 30 66 23 97,,emergencyhôpitalparakou.bj,PME (10-50),B2C,LinkedIn,,Actif,2026-06-29T00:14:36.015456,moyenne
BJ-CAFD85E0,Vie,Santé & Pharmacie,Parakou,+229 38 91 42 93,vie@vie.net,,PME (50-200),B2C,LinkedIn,,Actif,2026-06-29T00:14:36.015472,moyenne
BJ-F31FC0E5,Médicament Clinique,Santé & Pharmacie,Parakou,+229 44 81 24 91,médicament.clinique@médicament.clinique.com,médicamentclinique.bj,PME (10-50),B2B,LinkedIn,,Actif,2026-06-29T00:14:36.015486,haute
BJ-FD64E345,Hôpital Médical Pharmacie,Santé & Pharmacie,Bohicon,+229 45 97 25 74,hôpital.médical.pharmacie@hôpital.médical.pharmacie.org,hôpitalmédicalpharmacie.bj,Grande (>200),B2C,LinkedIn,,Actif,2026-06-29T00:14:36.015506,haute
BJ-590B0FF7,Laboratoire Médicament Cabinet,Santé & Pharmacie,Bohicon,+229 30 49 31 97,,laboratoiremédicamentcabinet.bj,TPE (<10),B2B,LinkedIn,,Actif,2026-06-29T00:14:36.015521,moyenne
BJ-82997EC0,Hôpital Médicament,Santé & Pharmacie,Bohicon,+229 22 31 39 25,hôpital.médicament@hôpital.médicament.net,hôpitalmédicament.bj,TPE (<10),B2C,LinkedIn,,Actif,2026-06-29T00:14:36.015535,haute
BJ-C7B56749,Bien-être,Santé & Pharmacie,Bohicon,+229 45 54 65 41,bienêtre@bienêtre.net,,TPE (<10),B2C,LinkedIn,,Actif,2026-06-29T00:14:36.015547,moyenne
BJ-BD0E86B4,Médical Centre Bohicon,Santé & Pharmacie,Bohicon,+229 56 24 69 52,médical.centre.bohicon@médical.centre.bohicon.com,,TPE (<10),B2C,LinkedIn,,Actif,2026-06-29T00:14:36.015560,moyenne
BJ-22044DDF,Central Hôpital,Santé & Pharmacie,Natitingou,+229 30 54 68 49,central.hôpital@central.hôpital.benin,centralhôpital.bj,PME (50-200),B2C,LinkedIn,,Actif,2026-06-29T00:14:36.015582,haute
BJ-43E53AAC,Pharmacie Nouveau Cabinet Natitingou,Santé & Pharmacie,Natitingou,+229 43 17 44 22,,pharmacienouveaucabinetnatitingou.bj,PME (10-50),B2B,LinkedIn,,Actif,2026-06-29T00:14:36.015598,moyenne
BJ-C3448FA4,Centre Saint Cabinet,Santé & Pharmacie,Natitingou,+229 50 28 22 28,centre.saint.cabinet@centre.saint.cabinet.benin,centresaintcabinet.bj,PME (10-50),B2C,LinkedIn,,Actif,2026-06-29T00:14:36.015614,haute
BJ-35127265,Saint Natitingou,Santé & Pharmacie,Natitingou,+229 28 14 88 43,,,PME (10-50),B2B,LinkedIn,,Actif,2026-06-29T00:14:36.015634,basse
BJ-CAC131E5,Centre Emergency Natitingou,Santé & Pharmacie,Natitingou,+229 68 27 84 17,,centreemergencynatitingou.bj,TPE (<10),B2C,LinkedIn,,Actif,2026-06-29T00:14:36.015646,moyenne
BJ-CA7AD21B,Pharmacie Vie Lokossa,Santé & Pharmacie,Lokossa,+229 73 58 44 23,pharmacie.vie.lokossa@pharmacie.vie.lokossa.net,pharmacievielokossa.bj,TPE (<10),B2C,LinkedIn,,Actif,2026-06-29T00:14:36.015669,haute
BJ-3B7D574F,Laboratoire Bien-être Medical,Santé & Pharmacie,Lokossa,+229 73 62 26 50,,laboratoirebienêtremedical.bj,TPE (<10),B2C,LinkedIn,,Actif,2026-06-29T00:14:36.015682,moyenne
BJ-D2D67BBD,Nouveau Cabinet,Santé & Pharmacie,Lokossa,+229 58 58 88 35,nouveau.cabinet@nouveau.cabinet.com,,PME (50-200),B2C,LinkedIn,,Actif,2026-06-29T00:14:36.015694,moyenne
BJ-BA7BD1DD,Central Clinique,Santé & Pharmacie,Lokossa,+229 89 34 55 84,,centralclinique.bj,TPE (<10),B2B,LinkedIn,,Actif,2026-06-29T00:14:36.015722,moyenne
BJ-7A24F5D7,Urgence Clinique,Santé & Pharmacie,Lokossa,+229 45 81 15 47,,urgenceclinique.bj,TPE (<10),B2B,LinkedIn,,Actif,2026-06-29T00:14:36.015733,moyenne
BJ-55D66E72,Guérison,Santé & Pharmacie,Ouidah,+229 26 26 39 43,guérison@guérison.net,guérison.bj,TPE (<10),B2C,LinkedIn,,Actif,2026-06-29T00:14:36.015751,haute
BJ-80ACD7EA,Laboratoire Sainte Ouidah,Santé & Pharmacie,Ouidah,+229 38 86 55 98,laboratoire.sainte.ouidah@laboratoire.sainte.ouidah.benin,laboratoiresainteouidah.bj,PME (50-200),B2C,LinkedIn,,Actif,2026-06-29T00:14:36.015764,haute
BJ-BF5929E6,Santé Cabinet,Santé & Pharmacie,Ouidah,+229 98 77 35 84,santé.cabinet@santé.cabinet.net,santécabinet.bj,TPE (<10),B2B,LinkedIn,,Actif,2026-06-29T00:14:36.015777,haute
BJ-71E6E182,Centre Santé Pharmacie,Santé & Pharmacie,Ouidah,+229 85 85 77 60,,centresantépharmacie.bj,TPE (<10),B2B,LinkedIn,,Actif,2026-06-29T00:14:36.015792,moyenne
BJ-E6130511,Pharmacie Royal,Santé & Pharmacie,Ouidah,+229 88 54 34 98,pharmacie.royal@pharmacie.royal.net,,TPE (<10),B2C,LinkedIn,,Actif,2026-06-29T00:14:36.015804,moyenne
BJ-6B94A9F4,Hôpital Nouveau Savalou,Santé & Pharmacie,Savalou,+229 77 49 53 35,hôpital.nouveau.savalou@hôpital.nouveau.savalou.net,,PME (50-200),B2C,LinkedIn,,Actif,2026-06-29T00:14:36.015823,moyenne
BJ-C64769A2,Médicament Hôpital,Santé & Pharmacie,Savalou,+229 65 33 76 29,médicament.hôpital@médicament.hôpital.bj,,TPE (<10),B2C,LinkedIn,,Actif,2026-06-29T00:14:36.015845,moyenne
BJ-1CC20A38,Médical International,Santé & Pharmacie,Savalou,+229 82 81 90 26,médical.international@médical.international.com,,Grande (>200),B2C,LinkedIn,,Actif,2026-06-29T00:14:36.015857,moyenne
BJ-0E169185,Nouveau Hôpital,Santé & Pharmacie,Savalou,+229 21 81 70 71,,,TPE (<10),B2B,LinkedIn,,Actif,2026-06-29T00:14:36.015871,basse
BJ-BF86E585,Pharmacie Sainte Centre,Santé & Pharmacie,Dassa-Zoumè,+229 33 97 10 15,pharmacie.sainte.centre@pharmacie.sainte.centre.net,pharmaciesaintecentre.bj,TPE (<10),B2B,LinkedIn,,Actif,2026-06-29T00:14:36.015901,haute
BJ-CC685E84,Hôpital Médical Pharmacie,Santé & Pharmacie,Dassa-Zoumè,+229 33 39 92 67,,,PME (10-50),B2C,LinkedIn,,Actif,2026-06-29T00:14:36.015915,basse
BJ-010805DD,Bien-être,Santé & Pharmacie,Dassa-Zoumè,+229 39 82 23 22,,bienêtre.bj,PME (50-200),B2C,LinkedIn,,Actif,2026-06-29T00:14:36.015927,moyenne
BJ-67D0FF62,Santé Hôpital Kétou,Santé & Pharmacie,Kétou,+229 30 24 31 96,,,Grande (>200),B2C,LinkedIn,,Actif,2026-06-29T00:14:36.015974,basse
BJ-B77FAE89,Laboratoire Pharma,Santé & Pharmacie,Kétou,+229 76 78 39 88,,,PME (50-200),B2C,LinkedIn,,Actif,2026-06-29T00:14:36.015998,basse
BJ-DC8A4BF7,Médical Pharmacie,Santé & Pharmacie,Kétou,+229 89 82 31 66,médical.pharmacie@médical.pharmacie.net,médicalpharmacie.bj,TPE (<10),B2C,LinkedIn,,Actif,2026-06-29T00:14:36.016010,haute
BJ-E5B4BABB,Sainte Bénin,Santé & Pharmacie,Kétou,+229 45 17 44 42,sainte.bénin@sainte.bénin.org,,TPE (<10),B2C,LinkedIn,,Actif,2026-06-29T00:14:36.016026,moyenne
BJ-6B026792,Hôpital Sainte Medical,Santé & Pharmacie,Covè,+229 49 11 16 20,,hôpitalsaintemedical.bj,Grande (>200),B2C,LinkedIn,,Actif,2026-06-29T00:14:36.016043,moyenne
BJ-9EB60B89,Royal Clinique,Santé & Pharmacie,Covè,+229 32 84 71 69,,royalclinique.bj,PME (50-200),B2C,LinkedIn,,Actif,2026-06-29T00:14:36.016054,moyenne
BJ-7E01A323,Pharmacie Guérison,Santé & Pharmacie,Covè,+229 45 18 54 78,pharmacie.guérison@pharmacie.guérison.benin,pharmacieguérison.bj,PME (10-50),B2C,LinkedIn,,Actif,2026-06-29T00:14:36.016067,haute
BJ-9752D3DD,Urgence Covè,Santé & Pharmacie,Covè,+229 75 54 95 90,urgence.covè@urgence.covè.org,urgencecovè.bj,Grande (>200),B2B,LinkedIn,,Actif,2026-06-29T00:14:36.016080,haute
BJ-85F390E6,Santé,Santé & Pharmacie,Covè,+229 90 36 37 78,santé@santé.benin,santé.bj,PME (10-50),B2B,LinkedIn,,Actif,2026-06-29T00:14:36.016092,haute
BJ-AF97578D,Centre Sainte,Santé & Pharmacie,Pobè,+229 49 55 39 50,centre.sainte@centre.sainte.bj,centresainte.bj,TPE (<10),B2B,LinkedIn,,Actif,2026-06-29T00:14:36.016110,haute
BJ-EC6B1552,Guérison Cabinet,Santé & Pharmacie,Pobè,+229 72 44 31 22,guérison.cabinet@guérison.cabinet.org,guérisoncabinet.bj,TPE (<10),B2C,LinkedIn,,Actif,2026-06-29T00:14:36.016123,haute
BJ-1D2F445B,Pharmacie Central,Santé & Pharmacie,Pobè,+229 56 34 47 16,pharmacie.central@pharmacie.central.benin,pharmaciecentral.bj,TPE (<10),B2B,LinkedIn,,Actif,2026-06-29T00:14:36.016138,haute
BJ-325DD909,Cabinet Pharma Pobè,Santé & Pharmacie,Pobè,+229 98 18 25 46,cabinet.pharma.pobè@cabinet.pharma.pobè.com,cabinetpharmapobè.bj,PME (50-200),B2C,LinkedIn,,Actif,2026-06-29T00:14:36.016152,haute
BJ-1E0C9F3E,Nouveau,Santé & Pharmacie,Pobè,+229 65 10 15 82,,,PME (10-50),B2C,LinkedIn,,Actif,2026-06-29T00:14:36.016163,basse
BJ-A1B96299,Urgence Bénin Sakété,Santé & Pharmacie,Sakété,+229 79 11 15 79,urgence.bénin.sakété@urgence.bénin.sakété.org,urgencebéninsakété.bj,PME (10-50),B2B,LinkedIn,,Actif,2026-06-29T00:14:36.016181,haute
BJ-5491D3EE,Emergency,Santé & Pharmacie,Sakété,+229 45 61 47 37,emergency@emergency.bj,,PME (10-50),B2C,LinkedIn,,Actif,2026-06-29T00:14:36.016193,moyenne
BJ-440511EE,Cabinet Pharma Cabinet,Santé & Pharmacie,Sakété,+229 38 45 77 14,cabinet.pharma.cabinet@cabinet.pharma.cabinet.org,cabinetpharmacabinet.bj,TPE (<10),B2C,LinkedIn,,Actif,2026-06-29T00:14:36.016205,haute
BJ-5017B244,Cabinet Médicament Cabinet,Santé & Pharmacie,Adjara,+229 32 79 99 63,cabinet.médicament.cabinet@cabinet.médicament.cabinet.com,,TPE (<10),B2B,LinkedIn,,Actif,2026-06-29T00:14:36.016250,moyenne
BJ-D76DBCEF,Central Clinique,Santé & Pharmacie,Adjara,+229 40 74 37 31,central.clinique@central.clinique.com,,TPE (<10),B2B,LinkedIn,,Actif,2026-06-29T00:14:36.016262,moyenne
BJ-1C9C6346,Soins Clinique Adjara,Santé & Pharmacie,Adjara,+229 60 15 84 15,soins.clinique.adjara@soins.clinique.adjara.benin,soinscliniqueadjara.bj,TPE (<10),B2C,LinkedIn,,Actif,2026-06-29T00:14:36.016274,haute
BJ-15BBB695,Urgence Medical,Santé & Pharmacie,Adjara,+229 96 76 24 40,,urgencemedical.bj,Grande (>200),B2C,LinkedIn,,Actif,2026-06-29T00:14:36.016285,moyenne
BJ-16973570,Médicament Bénin,Santé & Pharmacie,Adjara,+229 72 46 52 70,,médicamentbénin.bj,Grande (>200),B2C,LinkedIn,,Actif,2026-06-29T00:14:36.016296,moyenne
BJ-0ED3E310,Pharmacie Emergency,Santé & Pharmacie,Allada,+229 87 63 62 66,pharmacie.emergency@pharmacie.emergency.bj,,PME (10-50),B2B,LinkedIn,,Actif,2026-06-29T00:14:36.016313,moyenne
BJ-002D8A65,Pharmacie Nouveau,Santé & Pharmacie,Allada,+229 53 33 56 64,,pharmacienouveau.bj,PME (10-50),B2C,LinkedIn,,Actif,2026-06-29T00:14:36.016330,moyenne
BJ-095259C6,Emergency Allada,Santé & Pharmacie,Allada,+229 23 99 64 57,emergency.allada@emergency.allada.benin,emergencyallada.bj,TPE (<10),B2B,LinkedIn,,Actif,2026-06-29T00:14:36.016343,haute
BJ-A8424FAA,Centre Saint,Santé & Pharmacie,Allada,+229 30 40 84 49,centre.saint@centre.saint.bj,centresaint.bj,TPE (<10),B2C,LinkedIn,,Actif,2026-06-29T00:14:36.016357,haute
BJ-91864409,Nouveau Clinique,Santé & Pharmacie,Allada,+229 47 65 98 30,nouveau.clinique@nouveau.clinique.bj,,PME (10-50),B2B,LinkedIn,,Actif,2026-06-29T00:14:36.016369,moyenne
BJ-45A94595,Cabinet Central International,Santé & Pharmacie,Aplahoué,+229 62 61 33 44,cabinet.central.international@cabinet.central.international.benin,cabinetcentralinternational.bj,TPE (<10),B2B,LinkedIn,,Actif,2026-06-29T00:14:36.016387,haute
BJ-049DEA55,Clinique Santé Hôpital,Santé & Pharmacie,Aplahoué,+229 62 79 63 72,clinique.santé.hôpital@clinique.santé.hôpital.bj,cliniquesantéhôpital.bj,PME (10-50),B2C,LinkedIn,,Actif,2026-06-29T00:14:36.016400,haute
BJ-06EC9C81,Sainte Cabinet Aplahoué,Santé & Pharmacie,Aplahoué,+229 45 37 24 47,,saintecabinetaplahoué.bj,PME (10-50),B2C,LinkedIn,,Actif,2026-06-29T00:14:36.016412,moyenne
BJ-3D7F1203,Cabinet Central Cabinet Aplahoué,Santé & Pharmacie,Aplahoué,+229 93 22 66 27,,cabinetcentralcabinetaplahoué.bj,PME (10-50),B2B,LinkedIn,,Actif,2026-06-29T00:14:36.016424,moyenne
BJ-634D8317,Nouveau,Santé & Pharmacie,Aplahoué,+229 48 57 83 40,nouveau@nouveau.org,,TPE (<10),B2B,LinkedIn,,Actif,2026-06-29T00:14:36.016435,moyenne
BJ-85511245,Cabinet Nouveau Pharmacie,Santé & Pharmacie,Dogbo-Tota,+229 26 71 66 90,cabinet.nouveau.pharmacie@cabinet.nouveau.pharmacie.benin,cabinetnouveaupharmacie.bj,TPE (<10),B2B,LinkedIn,,Actif,2026-06-29T00:14:36.016464,haute
BJ-CBA0D5D4,Cabinet Bien-être,Santé & Pharmacie,Dogbo-Tota,+229 79 71 17 17,cabinet.bienêtre@cabinet.bienêtre.net,cabinetbienêtre.bj,PME (10-50),B2B,LinkedIn,,Actif,2026-06-29T00:14:36.016477,haute
BJ-3BE3EE10,Laboratoire Guérison Clinique,Santé & Pharmacie,Dogbo-Tota,+229 40 65 62 77,laboratoire.guérison.clinique@laboratoire.guérison.clinique.bj,,TPE (<10),B2B,LinkedIn,,Actif,2026-06-29T00:14:36.016491,moyenne
BJ-B53836EA,Nouveau Medical,Santé & Pharmacie,Dogbo-Tota,+229 53 37 30 13,nouveau.medical@nouveau.medical.benin,nouveaumedical.bj,PME (10-50),B2B,LinkedIn,,Actif,2026-06-29T00:14:36.016504,haute
BJ-23E8A134,Hôpital Pharma Pharmacie Kpomassè,Santé & Pharmacie,Kpomassè,+229 35 23 73 20,hôpital.pharma.pharmacie.kpomassè@hôpital.pharma.pharmacie.kpomassè.benin,hôpitalpharmapharmaciekpomassè.bj,TPE (<10),B2C,LinkedIn,,Actif,2026-06-29T00:14:36.016528,haute
BJ-753514B5,Hôpital Pharma Bénin,Santé & Pharmacie,Kpomassè,+229 35 76 36 10,hôpital.pharma.bénin@hôpital.pharma.bénin.benin,,TPE (<10),B2B,LinkedIn,,Actif,2026-06-29T00:14:36.016540,moyenne
BJ-B999260C,Hôpital Emergency,Santé & Pharmacie,Kpomassè,+229 88 37 87 41,,hôpitalemergency.bj,TPE (<10),B2C,LinkedIn,,Actif,2026-06-29T00:14:36.016551,moyenne
BJ-FE63BE68,Central,Santé & Pharmacie,Kpomassè,+229 87 48 87 87,central@central.net,central.bj,TPE (<10),B2C,LinkedIn,,Actif,2026-06-29T00:14:36.016566,haute
BJ-DB59318B,Saint Medical Kpomassè,Santé & Pharmacie,Kpomassè,+229 77 35 47 99,saint.medical.kpomassè@saint.medical.kpomassè.bj,saintmedicalkpomassè.bj,TPE (<10),B2B,LinkedIn,,Actif,2026-06-29T00:14:36.016579,haute
BJ-A681D1EF,Emergency,Santé & Pharmacie,Tori-Bossito,+229 75 16 63 70,emergency@emergency.benin,,PME (10-50),B2C,LinkedIn,,Actif,2026-06-29T00:14:36.016596,moyenne
BJ-1D6AA9F4,Clinique Urgence Hôpital,Santé & Pharmacie,Tori-Bossito,+229 59 40 12 83,clinique.urgence.hôpital@clinique.urgence.hôpital.com,,PME (50-200),B2B,LinkedIn,,Actif,2026-06-29T00:14:36.016608,moyenne
BJ-F3C9E1B5,Sainte Medical,Santé & Pharmacie,Tori-Bossito,+229 57 54 28 31,sainte.medical@sainte.medical.benin,,PME (10-50),B2C,LinkedIn,,Actif,2026-06-29T00:14:36.016619,moyenne
BJ-E0AA965C,Centre Nouveau Bénin,Santé & Pharmacie,Tori-Bossito,+229 81 41 43 66,,,PME (50-200),B2C,LinkedIn,,Actif,2026-06-29T00:14:36.016644,basse
BJ-57953668,Cabinet Urgence,Santé & Pharmacie,Grand-Popo,+229 84 84 94 56,,,PME (50-200),B2B,LinkedIn,,Actif,2026-06-29T00:14:36.016663,basse
BJ-6C0666CE,Médicament Hôpital,Santé & Pharmacie,Grand-Popo,+229 68 85 75 58,,médicamenthôpital.bj,TPE (<10),B2B,LinkedIn,,Actif,2026-06-29T00:14:36.016675,moyenne
BJ-F9147FF3,Hôpital Bien-être Hôpital,Santé & Pharmacie,Grand-Popo,+229 85 66 19 74,hôpital.bienêtre.hôpital@hôpital.bienêtre.hôpital.org,hôpitalbienêtrehôpital.bj,PME (10-50),B2B,LinkedIn,,Actif,2026-06-29T00:14:36.016688,haute
BJ-03960D53,Cabinet Saint International,Santé & Pharmacie,Grand-Popo,+229 36 87 70 72,cabinet.saint.international@cabinet.saint.international.benin,cabinetsaintinternational.bj,PME (10-50),B2B,LinkedIn,,Actif,2026-06-29T00:14:36.016700,haute
BJ-29B639DB,Clinique Médical Grand-Popo,Santé & Pharmacie,Grand-Popo,+229 95 81 75 89,clinique.médical.grandpopo@clinique.médical.grandpopo.bj,,TPE (<10),B2C,LinkedIn,,Actif,2026-06-29T00:14:36.016713,moyenne
BJ-DAA92A16,Hôpital Royal,Santé & Pharmacie,Athiémé,+229 63 29 55 94,hôpital.royal@hôpital.royal.bj,hôpitalroyal.bj,PME (10-50),B2C,LinkedIn,,Actif,2026-06-29T00:14:36.016731,haute
BJ-70463F82,Soins Cabinet,Santé & Pharmacie,Athiémé,+229 37 51 75 29,soins.cabinet@soins.cabinet.org,,TPE (<10),B2B,LinkedIn,,Actif,2026-06-29T00:14:36.016743,moyenne
BJ-DB5F2143,Pharmacie Royal,Santé & Pharmacie,Athiémé,+229 89 41 27 90,pharmacie.royal@pharmacie.royal.org,pharmacieroyal.bj,Grande (>200),B2B,LinkedIn,,Actif,2026-06-29T00:14:36.016755,haute
BJ-1473D4F4,Guérison Clinique,Santé & Pharmacie,Athiémé,+229 84 20 52 21,guérison.clinique@guérison.clinique.net,,TPE (<10),B2C,LinkedIn,,Actif,2026-06-29T00:14:36.016769,moyenne
BJ-39FD5BFC,Clinique Vie Bénin,Santé & Pharmacie,Athiémé,+229 91 47 56 79,,cliniqueviebénin.bj,TPE (<10),B2C,LinkedIn,,Actif,2026-06-29T00:14:36.016781,moyenne
BJ-A74BB76F,Cabinet Pharma,Santé & Pharmacie,Bopa,+229 38 22 49 68,cabinet.pharma@cabinet.pharma.bj,cabinetpharma.bj,PME (10-50),B2C,LinkedIn,,Actif,2026-06-29T00:14:36.016802,haute
BJ-2F4EABC1,Nouveau,Santé & Pharmacie,Bopa,+229 25 84 91 59,,nouveau.bj,TPE (<10),B2C,LinkedIn,,Actif,2026-06-29T00:14:36.016814,moyenne
BJ-E4931A32,Santé,Santé & Pharmacie,Bopa,+229 94 78 35 64,santé@santé.benin,,TPE (<10),B2C,LinkedIn,,Actif,2026-06-29T00:14:36.016826,moyenne
BJ-E6401EE0,Cabinet Santé Medical,Santé & Pharmacie,Bopa,+229 72 17 55 47,cabinet.santé.medical@cabinet.santé.medical.benin,cabinetsantémedical.bj,PME (50-200),B2C,LinkedIn,,Actif,2026-06-29T00:14:36.016839,haute
BJ-5A3D5CDF,Pharmacie Médicament Centre,Santé & Pharmacie,Bopa,+229 48 24 23 14,pharmacie.médicament.centre@pharmacie.médicament.centre.com,pharmaciemédicamentcentre.bj,PME (10-50),B2B,LinkedIn,,Actif,2026-06-29T00:14:36.016851,haute
BJ-41049599,Hôpital Médicament,Santé & Pharmacie,Houéyogbé,+229 54 57 45 86,hôpital.médicament@hôpital.médicament.benin,hôpitalmédicament.bj,PME (50-200),B2C,LinkedIn,,Actif,2026-06-29T00:14:36.016869,haute
BJ-2DD45414,Centre Santé,Santé & Pharmacie,Houéyogbé,+229 73 86 83 21,,,TPE (<10),B2C,LinkedIn,,Actif,2026-06-29T00:14:36.016880,basse
BJ-E2D123F3,Clinique Nouveau Centre,Santé & Pharmacie,Houéyogbé,+229 23 49 68 63,clinique.nouveau.centre@clinique.nouveau.centre.benin,cliniquenouveaucentre.bj,TPE (<10),B2C,LinkedIn,,Actif,2026-06-29T00:14:36.016903,haute
BJ-1DEB413C,Hôpital Urgence Houéyogbé,Santé & Pharmacie,Houéyogbé,+229 77 96 37 93,hôpital.urgence.houéyogbé@hôpital.urgence.houéyogbé.net,hôpitalurgencehouéyogbé.bj,TPE (<10),B2C,LinkedIn,,Actif,2026-06-29T00:14:36.016921,haute
BJ-1F4877FC,Santé,Santé & Pharmacie,Houéyogbé,+229 20 96 53 52,santé@santé.org,santé.bj,Grande (>200),B2B,LinkedIn,,Actif,2026-06-29T00:14:36.016933,haute
BJ-9E35601F,Vie,Santé & Pharmacie,Malanville,+229 28 35 68 35,,,TPE (<10),B2C,LinkedIn,,Actif,2026-06-29T00:14:36.016950,basse
BJ-B4C79600,Saint Hôpital,Santé & Pharmacie,Malanville,+229 94 24 30 41,,sainthôpital.bj,TPE (<10),B2B,LinkedIn,,Actif,2026-06-29T00:14:36.016962,moyenne
BJ-23148C4C,Hôpital Central Malanville,Santé & Pharmacie,Malanville,+229 20 13 92 89,hôpital.central.malanville@hôpital.central.malanville.benin,hôpitalcentralmalanville.bj,Grande (>200),B2C,LinkedIn,,Actif,2026-06-29T00:14:36.016975,haute
BJ-AFF5F7B8,Saint,Santé & Pharmacie,Malanville,+229 97 15 20 60,saint@saint.com,,PME (50-200),B2B,LinkedIn,,Actif,2026-06-29T00:14:36.016996,moyenne
BJ-6EBE2FD5,Pharmacie Central,Santé & Pharmacie,Kandi,+229 61 69 16 14,pharmacie.central@pharmacie.central.bj,,PME (50-200),B2B,LinkedIn,,Actif,2026-06-29T00:14:36.017034,moyenne
BJ-F6C02C37,Clinique Urgence Bénin,Santé & Pharmacie,Kandi,+229 20 47 72 18,,,TPE (<10),B2C,LinkedIn,,Actif,2026-06-29T00:14:36.017045,basse
BJ-A3663FE4,Laboratoire Bien-être,Santé & Pharmacie,Kandi,+229 97 39 15 93,,laboratoirebienêtre.bj,PME (50-200),B2C,LinkedIn,,Actif,2026-06-29T00:14:36.017056,moyenne
BJ-EDEA3ECE,Hôpital Urgence Medical,Santé & Pharmacie,Kandi,+229 66 10 67 99,,hôpitalurgencemedical.bj,PME (10-50),B2B,LinkedIn,,Actif,2026-06-29T00:14:36.017073,moyenne
BJ-380C50C7,Pharmacie Nouveau Clinique Kandi,Santé & Pharmacie,Kandi,+229 50 48 92 38,,pharmacienouveaucliniquekandi.bj,PME (10-50),B2C,LinkedIn,,Actif,2026-06-29T00:14:36.017085,moyenne
BJ-8F7C7D17,Laboratoire Médicament Pharmacie Banikoara,Santé & Pharmacie,Banikoara,+229 82 84 34 61,laboratoire.médicament.pharmacie.banikoara@laboratoire.médicament.pharmacie.banikoara.com,laboratoiremédicamentpharmaciebanikoara.bj,TPE (<10),B2C,LinkedIn,,Actif,2026-06-29T00:14:36.017104,haute
BJ-9BCE4749,Hôpital Royal Cabinet,Santé & Pharmacie,Banikoara,+229 73 20 19 88,hôpital.royal.cabinet@hôpital.royal.cabinet.com,,Grande (>200),B2B,LinkedIn,,Actif,2026-06-29T00:14:36.017116,moyenne
BJ-9425E615,Hôpital Médicament Clinique,Santé & Pharmacie,Banikoara,+229 91 22 36 33,hôpital.médicament.clinique@hôpital.médicament.clinique.org,,PME (10-50),B2B,LinkedIn,,Actif,2026-06-29T00:14:36.017128,moyenne
BJ-2B1C4DA6,Centre Urgence,Santé & Pharmacie,Banikoara,+229 25 83 86 87,,centreurgence.bj,PME (10-50),B2C,LinkedIn,,Actif,2026-06-29T00:14:36.017139,moyenne
BJ-43B73345,Centre Soins Clinique,Santé & Pharmacie,Banikoara,+229 70 15 38 64,centre.soins.clinique@centre.soins.clinique.org,centresoinsclinique.bj,TPE (<10),B2B,LinkedIn,,Actif,2026-06-29T00:14:36.017150,haute
BJ-81DB7547,Clinique Saint Bénin Ségbana,Santé & Pharmacie,Ségbana,+229 74 99 84 90,clinique.saint.bénin.ségbana@clinique.saint.bénin.ségbana.net,cliniquesaintbéninségbana.bj,TPE (<10),B2C,LinkedIn,,Actif,2026-06-29T00:14:36.017172,haute
BJ-148E4EAA,Santé Medical,Santé & Pharmacie,Ségbana,+229 57 73 73 43,santé.medical@santé.medical.bj,santémedical.bj,TPE (<10),B2B,LinkedIn,,Actif,2026-06-29T00:14:36.017185,haute
BJ-CDEFB928,Saint Ségbana,Santé & Pharmacie,Ségbana,+229 72 96 26 67,,,PME (10-50),B2B,LinkedIn,,Actif,2026-06-29T00:14:36.017196,basse
BJ-9F80D30E,Pharma Bénin,Santé & Pharmacie,Ségbana,+229 90 95 79 23,pharma.bénin@pharma.bénin.org,,Grande (>200),B2C,LinkedIn,,Actif,2026-06-29T00:14:36.017210,moyenne
BJ-CEE93A78,Centre Médical,Santé & Pharmacie,Ségbana,+229 24 69 53 88,centre.médical@centre.médical.net,,PME (50-200),B2B,LinkedIn,,Actif,2026-06-29T00:14:36.017223,moyenne
BJ-28C108BA,Laboratoire Urgence International Karimama,Santé & Pharmacie,Karimama,+229 97 95 74 54,laboratoire.urgence.international.karimama@laboratoire.urgence.international.karimama.com,,PME (10-50),B2B,LinkedIn,,Actif,2026-06-29T00:14:36.017240,moyenne
BJ-EF1804A7,Cabinet Médicament,Santé & Pharmacie,Karimama,+229 88 82 35 44,cabinet.médicament@cabinet.médicament.benin,cabinetmédicament.bj,Grande (>200),B2B,LinkedIn,,Actif,2026-06-29T00:14:36.017253,haute
BJ-4160C319,Cabinet Soins Hôpital,Santé & Pharmacie,Karimama,+229 76 48 11 19,cabinet.soins.hôpital@cabinet.soins.hôpital.benin,cabinetsoinshôpital.bj,TPE (<10),B2C,LinkedIn,,Actif,2026-06-29T00:14:36.017265,haute
BJ-A1FCA29B,Centre Bien-être,Santé & Pharmacie,Karimama,+229 96 91 56 19,centre.bienêtre@centre.bienêtre.com,centrebienêtre.bj,PME (10-50),B2B,LinkedIn,,Actif,2026-06-29T00:14:36.017278,haute
BJ-4A47DC8F,Centre Médicament,Santé & Pharmacie,Karimama,+229 42 54 60 77,,,Grande (>200),B2C,LinkedIn,,Actif,2026-06-29T00:14:36.017288,basse
BJ-2618551C,Hôpital Nouveau,Santé & Pharmacie,Gogounou,+229 41 10 59 90,hôpital.nouveau@hôpital.nouveau.bj,,Grande (>200),B2C,LinkedIn,,Actif,2026-06-29T00:14:36.017306,moyenne
BJ-FE11A6BC,Pharmacie Sainte,Santé & Pharmacie,Gogounou,+229 99 91 13 63,pharmacie.sainte@pharmacie.sainte.benin,pharmaciesainte.bj,PME (10-50),B2B,LinkedIn,,Actif,2026-06-29T00:14:36.017321,haute
BJ-1D4F01BD,Central Cabinet,Santé & Pharmacie,Gogounou,+229 24 75 88 16,,,TPE (<10),B2C,LinkedIn,,Actif,2026-06-29T00:14:36.017332,basse
BJ-740E9D83,Centre Royal Bénin,Santé & Pharmacie,Gogounou,+229 90 15 94 60,centre.royal.bénin@centre.royal.bénin.com,centreroyalbénin.bj,TPE (<10),B2C,LinkedIn,,Actif,2026-06-29T00:14:36.017351,haute
BJ-6C773039,Pharmacie Vie Hôpital Gogounou,Santé & Pharmacie,Gogounou,+229 23 92 30 94,pharmacie.vie.hôpital.gogounou@pharmacie.vie.hôpital.gogounou.org,pharmacieviehôpitalgogounou.bj,PME (50-200),B2B,LinkedIn,,Actif,2026-06-29T00:14:36.017364,haute
BJ-F6D6153E,Clinique Soins,Santé & Pharmacie,Cobly,+229 28 81 23 10,clinique.soins@clinique.soins.net,cliniquesoins.bj,PME (50-200),B2B,LinkedIn,,Actif,2026-06-29T00:14:36.017383,haute
BJ-ACAB3C9D,Saint,Santé & Pharmacie,Cobly,+229 51 88 40 20,saint@saint.net,saint.bj,TPE (<10),B2B,LinkedIn,,Actif,2026-06-29T00:14:36.017407,haute
BJ-B08C3219,Cabinet Guérison Medical,Santé & Pharmacie,Cobly,+229 21 57 46 36,cabinet.guérison.medical@cabinet.guérison.medical.net,cabinetguérisonmedical.bj,PME (50-200),B2C,LinkedIn,,Actif,2026-06-29T00:14:36.017419,haute
BJ-1A756507,Clinique Vie Centre,Santé & Pharmacie,Cobly,+229 42 91 73 58,,cliniqueviecentre.bj,TPE (<10),B2B,LinkedIn,,Actif,2026-06-29T00:14:36.017430,moyenne
BJ-7BF04FC1,Centre Urgence,Santé & Pharmacie,Tanguiéta,+229 25 39 26 10,,,TPE (<10),B2B,LinkedIn,,Actif,2026-06-29T00:14:36.017447,basse
BJ-4434EB60,Laboratoire Bien-être Medical Tanguiéta,Santé & Pharmacie,Tanguiéta,+229 89 66 90 78,laboratoire.bienêtre.medical.tanguiéta@laboratoire.bienêtre.medical.tanguiéta.org,laboratoirebienêtremedicaltanguiéta.bj,PME (10-50),B2B,LinkedIn,,Actif,2026-06-29T00:14:36.017461,haute
BJ-4848BF6C,Cabinet Royal Medical,Santé & Pharmacie,Tanguiéta,+229 71 47 52 21,cabinet.royal.medical@cabinet.royal.medical.bj,,PME (10-50),B2B,LinkedIn,,Actif,2026-06-29T00:14:36.017473,moyenne
BJ-2C57AEE9,Royal,Santé & Pharmacie,Tanguiéta,+229 49 18 21 52,royal@royal.benin,,PME (10-50),B2B,LinkedIn,,Actif,2026-06-29T00:14:36.017487,moyenne
BJ-DC3A4D39,Guérison,Santé & Pharmacie,Tanguiéta,+229 48 17 24 37,,guérison.bj,PME (50-200),B2C,LinkedIn,,Actif,2026-06-29T00:14:36.017499,moyenne
BJ-081AF47A,Pharmacie Médical Cabinet,Santé & Pharmacie,Matéri,+229 59 50 59 46,,pharmaciemédicalcabinet.bj,Grande (>200),B2B,LinkedIn,,Actif,2026-06-29T00:14:36.017517,moyenne
BJ-6643E9E3,Clinique Santé,Santé & Pharmacie,Matéri,+229 62 99 73 35,,,TPE (<10),B2C,LinkedIn,,Actif,2026-06-29T00:14:36.017527,basse
BJ-EA3EC548,Centre Guérison Medical,Santé & Pharmacie,Matéri,+229 36 63 99 38,centre.guérison.medical@centre.guérison.medical.com,,PME (10-50),B2C,LinkedIn,,Actif,2026-06-29T00:14:36.017539,moyenne
BJ-ABCDAF0D,Hôpital Pharma Matéri,Santé & Pharmacie,Matéri,+229 81 74 61 22,hôpital.pharma.matéri@hôpital.pharma.matéri.com,,Grande (>200),B2B,LinkedIn,,Actif,2026-06-29T00:14:36.017555,moyenne
BJ-F6516EBB,Centre Central Centre,Santé & Pharmacie,Matéri,+229 86 36 79 47,centre.central.centre@centre.central.centre.org,,PME (10-50),B2C,LinkedIn,,Actif,2026-06-29T00:14:36.017566,moyenne
BJ-41434FB6,Emergency International,Santé & Pharmacie,Natitingou,+229 67 81 38 67,,emergencyinternational.bj,PME (50-200),B2C,LinkedIn,,Actif,2026-06-29T00:14:36.017583,moyenne
BJ-3D1B2C02,Centre Nouveau International Natitingou,Santé & Pharmacie,Natitingou,+229 65 12 88 59,centre.nouveau.international.natitingou@centre.nouveau.international.natitingou.org,centrenouveauinternationalnatitingou.bj,PME (10-50),B2C,LinkedIn,,Actif,2026-06-29T00:14:36.017604,haute
BJ-3194D65E,Centre Pharma Bénin,Santé & Pharmacie,Natitingou,+229 82 27 93 33,centre.pharma.bénin@centre.pharma.bénin.com,centrepharmabénin.bj,PME (10-50),B2B,LinkedIn,,Actif,2026-06-29T00:14:36.017616,haute
BJ-2C5F380A,Laboratoire Bien-être International,Santé & Pharmacie,Natitingou,+229 87 78 57 85,laboratoire.bienêtre.international@laboratoire.bienêtre.international.net,laboratoirebienêtreinternational.bj,TPE (<10),B2B,LinkedIn,,Actif,2026-06-29T00:14:36.017633,haute
BJ-63AFD90B,Guérison International Natitingou,Santé & Pharmacie,Natitingou,+229 40 87 86 85,,guérisoninternationalnatitingou.bj,Grande (>200),B2B,LinkedIn,,Actif,2026-06-29T00:14:36.017645,moyenne
BJ-7D5C6F79,Hôpital Guérison Clinique,Santé & Pharmacie,Toucountouna,+229 45 12 88 79,hôpital.guérison.clinique@hôpital.guérison.clinique.bj,hôpitalguérisonclinique.bj,PME (10-50),B2C,LinkedIn,,Actif,2026-06-29T00:14:36.017665,haute
BJ-2AC9F1A7,Centre Bien-être Bénin,Santé & Pharmacie,Toucountouna,+229 51 13 46 16,,centrebienêtrebénin.bj,PME (10-50),B2B,LinkedIn,,Actif,2026-06-29T00:14:36.017676,moyenne
BJ-F7E54822,Laboratoire Médical,Santé & Pharmacie,Toucountouna,+229 83 81 57 43,,laboratoiremédical.bj,TPE (<10),B2C,LinkedIn,,Actif,2026-06-29T00:14:36.017688,moyenne
BJ-5383B0D0,Hôpital Emergency,Santé & Pharmacie,Toucountouna,+229 36 68 91 32,hôpital.emergency@hôpital.emergency.net,hôpitalemergency.bj,PME (50-200),B2B,LinkedIn,,Actif,2026-06-29T00:14:36.017700,haute
BJ-B3EECB10,Urgence Medical,Santé & Pharmacie,Toucountouna,+229 32 15 90 43,urgence.medical@urgence.medical.org,urgencemedical.bj,PME (10-50),B2C,LinkedIn,,Actif,2026-06-29T00:14:36.017715,haute
BJ-8890C306,Soins Cabinet,Santé & Pharmacie,Boukoumbé,+229 62 16 38 32,soins.cabinet@soins.cabinet.net,soinscabinet.bj,PME (10-50),B2B,LinkedIn,,Actif,2026-06-29T00:14:36.017733,haute
BJ-65F312B4,Centre Nouveau Cabinet,Santé & Pharmacie,Boukoumbé,+229 90 87 51 63,,centrenouveaucabinet.bj,TPE (<10),B2B,LinkedIn,,Actif,2026-06-29T00:14:36.017744,moyenne
BJ-74014E72,Emergency Bénin,Santé & Pharmacie,Boukoumbé,+229 87 57 40 38,,,TPE (<10),B2C,LinkedIn,,Actif,2026-06-29T00:14:36.017783,basse
BJ-C203ACAB,Sainte Hôpital,Santé & Pharmacie,Kouandé,+229 98 95 70 17,sainte.hôpital@sainte.hôpital.bj,saintehôpital.bj,PME (10-50),B2C,LinkedIn,,Actif,2026-06-29T00:14:36.017802,haute
BJ-AB0B2E13,Bien-être Hôpital Kouandé,Santé & Pharmacie,Kouandé,+229 89 22 38 92,bienêtre.hôpital.kouandé@bienêtre.hôpital.kouandé.bj,bienêtrehôpitalkouandé.bj,TPE (<10),B2C,LinkedIn,,Actif,2026-06-29T00:14:36.017818,haute
BJ-9C3C217F,Sainte Pharmacie Kouandé,Santé & Pharmacie,Kouandé,+229 99 41 29 94,sainte.pharmacie.kouandé@sainte.pharmacie.kouandé.benin,,PME (50-200),B2B,LinkedIn,,Actif,2026-06-29T00:14:36.017830,moyenne
BJ-3361131A,Pharmacie Soins,Santé & Pharmacie,Kouandé,+229 30 38 15 96,pharmacie.soins@pharmacie.soins.benin,,PME (50-200),B2B,LinkedIn,,Actif,2026-06-29T00:14:36.017853,moyenne
BJ-A216DD17,Hôpital Soins,Santé & Pharmacie,Péhunco,+229 65 32 92 22,hôpital.soins@hôpital.soins.org,,TPE (<10),B2C,LinkedIn,,Actif,2026-06-29T00:14:36.017871,moyenne
BJ-DE779092,Médicament,Santé & Pharmacie,Péhunco,+229 49 14 37 66,médicament@médicament.net,,PME (10-50),B2C,LinkedIn,,Actif,2026-06-29T00:14:36.017883,moyenne
BJ-43517E54,Pharma Hôpital,Santé & Pharmacie,Péhunco,+229 21 15 40 53,pharma.hôpital@pharma.hôpital.org,pharmahôpital.bj,PME (10-50),B2B,LinkedIn,,Actif,2026-06-29T00:14:36.017906,haute
BJ-DC9028DB,Centre Pharma,Santé & Pharmacie,Péhunco,+229 22 53 38 38,centre.pharma@centre.pharma.com,,PME (50-200),B2B,LinkedIn,,Actif,2026-06-29T00:14:36.017922,moyenne
BJ-8A8C47BA,Clinique Urgence Hôpital,Santé & Pharmacie,Péhunco,+229 72 43 55 63,clinique.urgence.hôpital@clinique.urgence.hôpital.org,,Grande (>200),B2B,LinkedIn,,Actif,2026-06-29T00:14:36.017935,moyenne
BJ-1FB0CF17,Pharmacie Urgence Tchaourou,Santé & Pharmacie,Tchaourou,+229 44 94 49 12,pharmacie.urgence.tchaourou@pharmacie.urgence.tchaourou.org,,PME (10-50),B2C,LinkedIn,,Actif,2026-06-29T00:14:36.017964,moyenne
BJ-213FE6D3,Pharmacie Bien-être,Santé & Pharmacie,Tchaourou,+229 89 92 34 66,pharmacie.bienêtre@pharmacie.bienêtre.org,pharmaciebienêtre.bj,Grande (>200),B2C,LinkedIn,,Actif,2026-06-29T00:14:36.017977,haute
BJ-3F423CAE,Laboratoire Bien-être,Santé & Pharmacie,Tchaourou,+229 73 71 87 90,laboratoire.bienêtre@laboratoire.bienêtre.com,laboratoirebienêtre.bj,PME (50-200),B2C,LinkedIn,,Actif,2026-06-29T00:14:36.017990,haute
BJ-3CE28087,Guérison,Santé & Pharmacie,Nikki,+229 79 32 57 44,guérison@guérison.com,guérison.bj,TPE (<10),B2C,LinkedIn,,Actif,2026-06-29T00:14:36.018034,haute
BJ-E822ED79,Pharmacie Pharma Cabinet Nikki,Santé & Pharmacie,Nikki,+229 61 15 83 28,,pharmaciepharmacabinetnikki.bj,PME (50-200),B2C,LinkedIn,,Actif,2026-06-29T00:14:36.018064,moyenne
BJ-393CAA4C,Clinique Vie,Santé & Pharmacie,Nikki,+229 48 42 34 36,clinique.vie@clinique.vie.org,cliniquevie.bj,PME (10-50),B2C,LinkedIn,,Actif,2026-06-29T00:14:36.018076,haute
BJ-3E1AB0C8,Soins Bembéréké,Santé & Pharmacie,Bembéréké,+229 98 78 75 62,soins.bembéréké@soins.bembéréké.net,soinsbembéréké.bj,TPE (<10),B2C,LinkedIn,,Actif,2026-06-29T00:14:36.018095,haute
BJ-DAB50FBB,Santé International Bembéréké,Santé & Pharmacie,Bembéréké,+229 27 39 93 67,santé.international.bembéréké@santé.international.bembéréké.org,,TPE (<10),B2B,LinkedIn,,Actif,2026-06-29T00:14:36.018108,moyenne
BJ-F3FDB235,Pharmacie Santé Hôpital,Santé & Pharmacie,Bembéréké,+229 60 61 44 10,pharmacie.santé.hôpital@pharmacie.santé.hôpital.com,pharmaciesantéhôpital.bj,TPE (<10),B2B,LinkedIn,,Actif,2026-06-29T00:14:36.018120,haute
BJ-0B154309,Cabinet Vie,Santé & Pharmacie,Bembéréké,+229 53 38 67 16,cabinet.vie@cabinet.vie.benin,,PME (10-50),B2C,LinkedIn,,Actif,2026-06-29T00:14:36.018132,moyenne
BJ-E2F7AE98,Clinique Santé Bénin,Santé & Pharmacie,Bembéréké,+229 51 12 87 38,clinique.santé.bénin@clinique.santé.bénin.org,cliniquesantébénin.bj,PME (50-200),B2B,LinkedIn,,Actif,2026-06-29T00:14:36.018148,haute
BJ-3C40D028,Cabinet Sainte,Santé & Pharmacie,Kalalé,+229 51 83 88 10,cabinet.sainte@cabinet.sainte.benin,cabinetsainte.bj,TPE (<10),B2B,LinkedIn,,Actif,2026-06-29T00:14:36.018178,haute
BJ-85A1F616,Bien-être Kalalé,Santé & Pharmacie,Kalalé,+229 90 29 84 14,bienêtre.kalalé@bienêtre.kalalé.com,,PME (10-50),B2C,LinkedIn,,Actif,2026-06-29T00:14:36.018190,moyenne
BJ-A9F6FC70,Pharmacie Royal Kalalé,Santé & Pharmacie,Kalalé,+229 74 39 19 33,pharmacie.royal.kalalé@pharmacie.royal.kalalé.bj,pharmacieroyalkalalé.bj,Grande (>200),B2C,LinkedIn,,Actif,2026-06-29T00:14:36.018206,haute
BJ-F9361589,Clinique Médicament Bénin Kalalé,Santé & Pharmacie,Kalalé,+229 48 52 16 60,clinique.médicament.bénin.kalalé@clinique.médicament.bénin.kalalé.benin,,PME (50-200),B2B,LinkedIn,,Actif,2026-06-29T00:14:36.018234,moyenne
BJ-3C958FD3,Pharmacie Saint Hôpital Ndali,Santé & Pharmacie,Ndali,+229 60 34 43 34,pharmacie.saint.hôpital.ndali@pharmacie.saint.hôpital.ndali.org,,TPE (<10),B2B,LinkedIn,,Actif,2026-06-29T00:14:36.018253,moyenne
BJ-81F55B15,Médicament Medical Ndali,Santé & Pharmacie,Ndali,+229 79 93 47 75,médicament.medical.ndali@médicament.medical.ndali.benin,,Grande (>200),B2C,LinkedIn,,Actif,2026-06-29T00:14:36.018269,moyenne
BJ-6FA33844,Soins,Santé & Pharmacie,Ndali,+229 76 43 69 50,,soins.bj,TPE (<10),B2B,LinkedIn,,Actif,2026-06-29T00:14:36.018280,moyenne
BJ-38A762D8,Sainte Clinique,Santé & Pharmacie,Ndali,+229 96 15 63 93,sainte.clinique@sainte.clinique.org,sainteclinique.bj,TPE (<10),B2B,LinkedIn,,Actif,2026-06-29T00:14:36.018293,haute
BJ-2D7A7499,Vie,Santé & Pharmacie,Ségbana,+229 64 27 81 98,,vie.bj,TPE (<10),B2C,LinkedIn,,Actif,2026-06-29T00:14:36.018321,moyenne
BJ-DAEF219D,Pharmacie Guérison Medical,Santé & Pharmacie,Ségbana,+229 73 51 81 71,pharmacie.guérison.medical@pharmacie.guérison.medical.benin,pharmacieguérisonmedical.bj,TPE (<10),B2B,LinkedIn,,Actif,2026-06-29T00:14:36.018339,haute
BJ-8CA5EE47,Clinique Central Centre,Santé & Pharmacie,Ségbana,+229 58 18 82 19,clinique.central.centre@clinique.central.centre.benin,cliniquecentralcentre.bj,PME (50-200),B2C,LinkedIn,,Actif,2026-06-29T00:14:36.018355,haute
BJ-148AE426,Emergency,Santé & Pharmacie,Ségbana,+229 73 68 73 13,,,TPE (<10),B2B,LinkedIn,,Actif,2026-06-29T00:14:36.018369,basse
BJ-7AF753AA,Laboratoire Pharma Medical Ségbana,Santé & Pharmacie,Ségbana,+229 30 91 70 60,laboratoire.pharma.medical.ségbana@laboratoire.pharma.medical.ségbana.net,laboratoirepharmamedicalségbana.bj,TPE (<10),B2B,LinkedIn,,Actif,2026-06-29T00:14:36.018384,haute
BJ-1A2BF988,Vie Tchaourou,Santé & Pharmacie,Tchaourou,+229 64 41 31 92,vie.tchaourou@vie.tchaourou.org,,TPE (<10),B2C,LinkedIn,,Actif,2026-06-29T00:14:36.018403,moyenne
BJ-38D97B1B,Sainte,Santé & Pharmacie,Tchaourou,+229 47 68 49 99,sainte@sainte.org,sainte.bj,PME (50-200),B2C,LinkedIn,,Actif,2026-06-29T00:14:36.018421,haute
BJ-BF29BF17,Médicament Pharmacie,Santé & Pharmacie,Tchaourou,+229 20 95 32 88,médicament.pharmacie@médicament.pharmacie.com,médicamentpharmacie.bj,TPE (<10),B2C,LinkedIn,,Actif,2026-06-29T00:14:36.018464,haute
BJ-889BA7B3,Hôpital Royal Clinique,Santé & Pharmacie,Tchaourou,+229 73 47 36 39,hôpital.royal.clinique@hôpital.royal.clinique.org,hôpitalroyalclinique.bj,Grande (>200),B2B,LinkedIn,,Actif,2026-06-29T00:14:36.018489,haute
BJ-E146E0FD,Pharmacie Urgence,Santé & Pharmacie,Bétérou,+229 66 53 82 16,pharmacie.urgence@pharmacie.urgence.net,pharmacieurgence.bj,TPE (<10),B2C,LinkedIn,,Actif,2026-06-29T00:14:36.018527,haute
BJ-2F4590D4,Cabinet Central Hôpital Bétérou,Santé & Pharmacie,Bétérou,+229 38 29 46 53,cabinet.central.hôpital.bétérou@cabinet.central.hôpital.bétérou.com,cabinetcentralhôpitalbétérou.bj,TPE (<10),B2B,LinkedIn,,Actif,2026-06-29T00:14:36.018542,haute
BJ-961623BE,Bien-être,Santé & Pharmacie,Bétérou,+229 54 32 16 36,bienêtre@bienêtre.net,bienêtre.bj,PME (50-200),B2C,LinkedIn,,Actif,2026-06-29T00:14:36.018559,haute
BJ-BD332303,Cabinet Nouveau,Santé & Pharmacie,Bétérou,+229 51 84 36 11,cabinet.nouveau@cabinet.nouveau.net,cabinetnouveau.bj,TPE (<10),B2B,LinkedIn,,Actif,2026-06-29T00:14:36.018604,haute
BJ-C9195A88,Saint Clinique,Santé & Pharmacie,Bétérou,+229 29 73 57 60,,saintclinique.bj,PME (10-50),B2C,LinkedIn,,Actif,2026-06-29T00:14:36.018637,moyenne
BJ-60744D08,Centre Emergency,Santé & Pharmacie,Ouessè,+229 31 86 35 18,centre.emergency@centre.emergency.com,centreemergency.bj,PME (50-200),B2B,LinkedIn,,Actif,2026-06-29T00:14:36.018679,haute
BJ-4CF2CD27,Pharmacie Soins Pharmacie,Santé & Pharmacie,Ouessè,+229 40 18 65 60,,,TPE (<10),B2B,LinkedIn,,Actif,2026-06-29T00:14:36.018712,basse
BJ-A09BFAE3,Emergency Hôpital,Santé & Pharmacie,Ouessè,+229 78 29 28 71,emergency.hôpital@emergency.hôpital.bj,,PME (10-50),B2B,LinkedIn,,Actif,2026-06-29T00:14:36.018743,moyenne
BJ-33775C91,Laboratoire Urgence,Santé & Pharmacie,Ouessè,+229 54 11 35 32,laboratoire.urgence@laboratoire.urgence.benin,laboratoireurgence.bj,PME (50-200),B2B,LinkedIn,,Actif,2026-06-29T00:14:36.018770,haute
BJ-0D22288A,Cabinet Médical,Santé & Pharmacie,Ouessè,+229 63 55 87 92,,cabinetmédical.bj,PME (50-200),B2C,LinkedIn,,Actif,2026-06-29T00:14:36.018796,moyenne
BJ-88BC2FBA,Pharmacie Bien-être Pharmacie,Santé & Pharmacie,Glazoué,+229 26 72 44 38,pharmacie.bienêtre.pharmacie@pharmacie.bienêtre.pharmacie.com,pharmaciebienêtrepharmacie.bj,Grande (>200),B2C,LinkedIn,,Actif,2026-06-29T00:14:36.018838,haute
BJ-3958D5EC,Clinique Pharma Bénin,Santé & Pharmacie,Glazoué,+229 85 67 60 22,clinique.pharma.bénin@clinique.pharma.bénin.com,cliniquepharmabénin.bj,TPE (<10),B2C,LinkedIn,,Actif,2026-06-29T00:14:36.018870,haute
BJ-27720996,Emergency Glazoué,Santé & Pharmacie,Glazoué,+229 72 83 49 66,emergency.glazoué@emergency.glazoué.bj,emergencyglazoué.bj,TPE (<10),B2B,LinkedIn,,Actif,2026-06-29T00:14:36.018912,haute
BJ-25A86FD7,Soins Centre,Santé & Pharmacie,Glazoué,+229 54 22 58 40,soins.centre@soins.centre.bj,soinscentre.bj,PME (10-50),B2C,LinkedIn,,Actif,2026-06-29T00:14:36.018946,haute
BJ-F2512DCA,Laboratoire Guérison,Santé & Pharmacie,Glazoué,+229 99 62 11 64,laboratoire.guérison@laboratoire.guérison.net,laboratoireguérison.bj,PME (50-200),B2C,LinkedIn,,Actif,2026-06-29T00:14:36.018976,haute
BJ-C0010190,Cabinet Sainte International,Santé & Pharmacie,Dassa-Zoumè,+229 71 70 27 36,cabinet.sainte.international@cabinet.sainte.international.bj,,TPE (<10),B2C,LinkedIn,,Actif,2026-06-29T00:14:36.019016,moyenne
BJ-97172392,Soins Cabinet,Santé & Pharmacie,Dassa-Zoumè,+229 77 14 68 23,soins.cabinet@soins.cabinet.net,soinscabinet.bj,TPE (<10),B2B,LinkedIn,,Actif,2026-06-29T00:14:36.019032,haute
BJ-78ADE402,Hôpital Guérison Pharmacie,Santé & Pharmacie,Dassa-Zoumè,+229 83 69 87 57,,hôpitalguérisonpharmacie.bj,TPE (<10),B2C,LinkedIn,,Actif,2026-06-29T00:14:36.019045,moyenne
BJ-649A15AF,Saint Bénin Dassa-Zoumè,Santé & Pharmacie,Dassa-Zoumè,+229 78 73 12 17,saint.bénin.dassazoumè@saint.bénin.dassazoumè.com,saintbénindassazoumè.bj,PME (10-50),B2B,LinkedIn,,Actif,2026-06-29T00:14:36.019060,haute
BJ-C26C9A57,Central Clinique,Santé & Pharmacie,Dassa-Zoumè,+229 90 49 61 32,central.clinique@central.clinique.bj,centralclinique.bj,PME (10-50),B2C,LinkedIn,,Actif,2026-06-29T00:14:36.019072,haute
BJ-ACF6AD51,Pharmacie Emergency International Savalou,Santé & Pharmacie,Savalou,+229 79 73 87 15,,pharmacieemergencyinternationalsavalou.bj,TPE (<10),B2C,LinkedIn,,Actif,2026-06-29T00:14:36.019109,moyenne
BJ-BF962A88,Laboratoire Nouveau,Santé & Pharmacie,Savalou,+229 53 91 99 54,laboratoire.nouveau@laboratoire.nouveau.benin,laboratoirenouveau.bj,TPE (<10),B2B,LinkedIn,,Actif,2026-06-29T00:14:36.019141,haute
BJ-876BD2A9,Centre Emergency,Santé & Pharmacie,Savalou,+229 28 38 82 33,centre.emergency@centre.emergency.com,centreemergency.bj,TPE (<10),B2C,LinkedIn,,Actif,2026-06-29T00:14:36.019154,haute
BJ-125EE37F,Nouveau,Santé & Pharmacie,Bantè,+229 92 93 89 52,nouveau@nouveau.benin,nouveau.bj,PME (10-50),B2C,LinkedIn,,Actif,2026-06-29T00:14:36.019173,haute
BJ-939BAFB8,Central Bénin,Santé & Pharmacie,Bantè,+229 73 94 20 50,,,TPE (<10),B2B,LinkedIn,,Actif,2026-06-29T00:14:36.019184,basse
BJ-873152A1,Pharmacie Santé Medical,Santé & Pharmacie,Bantè,+229 98 86 44 81,pharmacie.santé.medical@pharmacie.santé.medical.bj,,TPE (<10),B2C,LinkedIn,,Actif,2026-06-29T00:14:36.019196,moyenne
BJ-EBE9E231,Sainte International,Santé & Pharmacie,Bantè,+229 23 53 25 73,,sainteinternational.bj,PME (10-50),B2B,LinkedIn,,Actif,2026-06-29T00:14:36.019207,moyenne
BJ-32FE3E9A,Centre Sainte Bénin,Santé & Pharmacie,Djougou,+229 96 35 78 10,,centresaintebénin.bj,PME (50-200),B2B,LinkedIn,,Actif,2026-06-29T00:14:36.019234,moyenne
BJ-14B88F40,Centre Royal,Santé & Pharmacie,Djougou,+229 54 37 39 54,centre.royal@centre.royal.bj,centreroyal.bj,PME (50-200),B2B,LinkedIn,,Actif,2026-06-29T00:14:36.019247,haute
BJ-F344ABF7,Soins Bénin Djougou,Santé & Pharmacie,Djougou,+229 26 39 57 23,,,PME (50-200),B2C,LinkedIn,,Actif,2026-06-29T00:14:36.019258,basse
BJ-04DC2F6F,Nouveau,Santé & Pharmacie,Djougou,+229 39 30 14 64,nouveau@nouveau.benin,nouveau.bj,PME (50-200),B2C,LinkedIn,,Actif,2026-06-29T00:14:36.019272,haute
BJ-ECACF23B,Sainte Cabinet,Santé & Pharmacie,Djougou,+229 95 92 50 13,sainte.cabinet@sainte.cabinet.benin,saintecabinet.bj,TPE (<10),B2B,LinkedIn,,Actif,2026-06-29T00:14:36.019285,haute
BJ-F576EF42,Pharma,Santé & Pharmacie,Ouèssè,+229 83 98 72 93,pharma@pharma.benin,pharma.bj,TPE (<10),B2B,LinkedIn,,Actif,2026-06-29T00:14:36.019302,haute
BJ-80872FE3,Emergency Hôpital,Santé & Pharmacie,Ouèssè,+229 78 89 73 38,emergency.hôpital@emergency.hôpital.com,emergencyhôpital.bj,TPE (<10),B2C,LinkedIn,,Actif,2026-06-29T00:14:36.019315,haute
BJ-6D0D2512,Laboratoire Guérison Cabinet,Santé & Pharmacie,Ouèssè,+229 96 52 41 10,laboratoire.guérison.cabinet@laboratoire.guérison.cabinet.net,,TPE (<10),B2B,LinkedIn,,Actif,2026-06-29T00:14:36.019326,moyenne
BJ-6CF4E13F,Laboratoire Royal,Santé & Pharmacie,Ouèssè,+229 23 98 22 43,,laboratoireroyal.bj,TPE (<10),B2C,LinkedIn,,Actif,2026-06-29T00:14:36.019342,moyenne
BJ-DFCCC164,Hôpital Emergency Pharmacie Ouèssè,Santé & Pharmacie,Ouèssè,+229 65 24 51 32,hôpital.emergency.pharmacie.ouèssè@hôpital.emergency.pharmacie.ouèssè.bj,hôpitalemergencypharmacieouèssè.bj,PME (50-200),B2C,LinkedIn,,Actif,2026-06-29T00:14:36.019356,haute
BJ-72A33D91,Pharmacie Royal Bénin,Santé & Pharmacie,Bassila,+229 22 42 15 95,pharmacie.royal.bénin@pharmacie.royal.bénin.net,pharmacieroyalbénin.bj,PME (10-50),B2B,LinkedIn,,Actif,2026-06-29T00:14:36.019375,haute
BJ-9B3548F4,Central Centre,Santé & Pharmacie,Bassila,+229 95 72 26 68,central.centre@central.centre.bj,centralcentre.bj,PME (50-200),B2B,LinkedIn,,Actif,2026-06-29T00:14:36.019387,haute
BJ-B5AA3096,Central Bassila,Santé & Pharmacie,Bassila,+229 86 49 40 79,central.bassila@central.bassila.benin,centralbassila.bj,PME (50-200),B2B,LinkedIn,,Actif,2026-06-29T00:14:36.019426,haute
BJ-BC5B1192,Guérison,Santé & Pharmacie,Bassila,+229 65 77 22 18,guérison@guérison.net,,TPE (<10),B2C,LinkedIn,,Actif,2026-06-29T00:14:36.019460,moyenne
BJ-345ABB71,Centre Bien-être International Bassila,Santé & Pharmacie,Bassila,+229 35 82 11 51,,centrebienêtreinternationalbassila.bj,PME (50-200),B2C,LinkedIn,,Actif,2026-06-29T00:14:36.019476,moyenne
BJ-BC72C463,Pharmacie Sainte,Santé & Pharmacie,Pehunco,+229 54 32 68 42,pharmacie.sainte@pharmacie.sainte.org,,Grande (>200),B2B,LinkedIn,,Actif,2026-06-29T00:14:36.019498,moyenne
BJ-0646B453,Pharmacie Soins Pehunco,Santé & Pharmacie,Pehunco,+229 45 32 50 21,,pharmaciesoinspehunco.bj,TPE (<10),B2C,LinkedIn,,Actif,2026-06-29T00:14:36.019511,moyenne
BJ-807909E4,Vie,Santé & Pharmacie,Pehunco,+229 84 23 90 87,,,TPE (<10),B2B,LinkedIn,,Actif,2026-06-29T00:14:36.019526,basse
BJ-6A76ABCB,Central,Santé & Pharmacie,Pehunco,+229 34 71 14 93,,central.bj,PME (10-50),B2C,LinkedIn,,Actif,2026-06-29T00:14:36.019537,moyenne
BJ-EC2B19C4,Clinique Central,Santé & Pharmacie,Pehunco,+229 22 55 16 25,clinique.central@clinique.central.org,,PME (10-50),B2B,LinkedIn,,Actif,2026-06-29T00:14:36.019550,moyenne
BJ-D760D58F,Royal,Santé & Pharmacie,Copargo,+229 63 24 28 23,royal@royal.bj,royal.bj,TPE (<10),B2C,LinkedIn,,Actif,2026-06-29T00:14:36.019567,haute
BJ-FA143013,Centre Saint,Santé & Pharmacie,Copargo,+229 40 91 58 53,,,Grande (>200),B2C,LinkedIn,,Actif,2026-06-29T00:14:36.019578,basse
BJ-E4BB27A7,Cabinet Vie Cabinet Copargo,Santé & Pharmacie,Copargo,+229 86 37 23 55,,cabinetviecabinetcopargo.bj,PME (10-50),B2C,LinkedIn,,Actif,2026-06-29T00:14:36.019589,moyenne
BJ-A9E991A0,Clinique Médical Bénin,Santé & Pharmacie,Copargo,+229 94 41 87 65,clinique.médical.bénin@clinique.médical.bénin.com,cliniquemédicalbénin.bj,PME (50-200),B2B,LinkedIn,,Actif,2026-06-29T00:14:36.019606,haute
BJ-5F12266B,Pharmacie Santé,Santé & Pharmacie,Copargo,+229 63 71 24 74,pharmacie.santé@pharmacie.santé.bj,pharmaciesanté.bj,PME (10-50),B2B,LinkedIn,,Actif,2026-06-29T00:14:36.019620,haute
BJ-91743A39,Cabinet Épargne Groupe,Finance & Assurance,Cotonou,+229 37 96 10 16,cabinet.épargne.groupe@cabinet.épargne.groupe.benin,cabinetépargnegroupe.bj,PME (10-50),B2B,LinkedIn,,Actif,2026-06-29T00:14:36.019641,haute
BJ-66B9A647,Finance Épargne,Finance & Assurance,Cotonou,+229 20 48 14 78,finance.épargne@finance.épargne.net,financeépargne.bj,PME (50-200),B2B,LinkedIn,,Actif,2026-06-29T00:14:36.019657,haute
BJ-02082751,Cabinet National International,Finance & Assurance,Cotonou,+229 98 29 86 73,cabinet.national.international@cabinet.national.international.bj,,PME (10-50),B2C,LinkedIn,,Actif,2026-06-29T00:14:36.019681,moyenne
BJ-7DF5C140,Protection,Finance & Assurance,Cotonou,+229 26 71 60 54,,,TPE (<10),B2B,LinkedIn,,Actif,2026-06-29T00:14:36.019691,basse
BJ-4AE4347E,West Capital,Finance & Assurance,Abomey-Calavi,+229 75 49 49 41,west.capital@west.capital.org,westcapital.bj,PME (10-50),B2C,LinkedIn,,Actif,2026-06-29T00:14:36.019709,haute
BJ-149D130A,Groupe Assurance Groupe,Finance & Assurance,Abomey-Calavi,+229 49 56 45 58,groupe.assurance.groupe@groupe.assurance.groupe.benin,groupeassurancegroupe.bj,PME (10-50),B2B,LinkedIn,,Actif,2026-06-29T00:14:36.019735,haute
BJ-1745A170,Africa Groupe Abomey-Calavi,Finance & Assurance,Abomey-Calavi,+229 78 48 63 58,,africagroupeabomeycalavi.bj,TPE (<10),B2C,LinkedIn,,Actif,2026-06-29T00:14:36.019749,moyenne
BJ-95B55F63,Société Santé International,Finance & Assurance,Abomey-Calavi,+229 21 67 77 88,société.santé.international@société.santé.international.com,sociétésantéinternational.bj,TPE (<10),B2B,LinkedIn,,Actif,2026-06-29T00:14:36.019776,haute
BJ-C105CF87,Groupe Investissement Assurances,Finance & Assurance,Porto-Novo,+229 57 46 69 42,groupe.investissement.assurances@groupe.investissement.assurances.com,groupeinvestissementassurances.bj,PME (50-200),B2C,LinkedIn,,Actif,2026-06-29T00:14:36.019794,haute
BJ-9A2CDFD7,West Capital,Finance & Assurance,Porto-Novo,+229 72 54 19 13,west.capital@west.capital.com,,PME (50-200),B2C,LinkedIn,,Actif,2026-06-29T00:14:36.019806,moyenne
BJ-E156F6F3,Assurance SA Porto-Novo,Finance & Assurance,Porto-Novo,+229 44 51 33 43,assurance.sa.portonovo@assurance.sa.portonovo.com,assurancesaportonovo.bj,Grande (>200),B2C,LinkedIn,,Actif,2026-06-29T00:14:36.019819,haute
BJ-E74D6F58,Vie International,Finance & Assurance,Porto-Novo,+229 77 87 56 26,vie.international@vie.international.com,vieinternational.bj,PME (10-50),B2C,LinkedIn,,Actif,2026-06-29T00:14:36.019831,haute
BJ-44EED4E0,Cabinet Crédit Porto-Novo,Finance & Assurance,Porto-Novo,+229 87 79 31 85,cabinet.crédit.portonovo@cabinet.crédit.portonovo.net,cabinetcréditportonovo.bj,TPE (<10),B2B,LinkedIn,,Actif,2026-06-29T00:14:36.019844,haute
BJ-1253EC71,Bénin Capital,Finance & Assurance,Parakou,+229 89 55 77 95,bénin.capital@bénin.capital.bj,bénincapital.bj,Grande (>200),B2C,LinkedIn,,Actif,2026-06-29T00:14:36.019866,haute
BJ-8E18CFD6,Assurance National Groupe Parakou,Finance & Assurance,Parakou,+229 74 67 22 10,assurance.national.groupe.parakou@assurance.national.groupe.parakou.benin,,TPE (<10),B2C,LinkedIn,,Actif,2026-06-29T00:14:36.019878,moyenne
BJ-A34CE519,Assurance Africa Groupe,Finance & Assurance,Parakou,+229 83 91 82 88,assurance.africa.groupe@assurance.africa.groupe.com,assuranceafricagroupe.bj,PME (10-50),B2B,LinkedIn,,Actif,2026-06-29T00:14:36.019912,haute
BJ-AACA7513,Banque West Capital,Finance & Assurance,Parakou,+229 99 38 65 63,banque.west.capital@banque.west.capital.benin,,Grande (>200),B2B,LinkedIn,,Actif,2026-06-29T00:14:36.019927,moyenne
BJ-BDE71179,International Invest,Finance & Assurance,Parakou,+229 60 36 38 94,international.invest@international.invest.com,internationalinvest.bj,TPE (<10),B2B,LinkedIn,,Actif,2026-06-29T00:14:36.019940,haute
BJ-214AF684,Assurance West Capital,Finance & Assurance,Bohicon,+229 75 56 61 11,,assurancewestcapital.bj,PME (10-50),B2B,LinkedIn,,Actif,2026-06-29T00:14:36.019957,moyenne
BJ-A02BCB79,Protection Invest,Finance & Assurance,Bohicon,+229 80 68 12 99,protection.invest@protection.invest.benin,,TPE (<10),B2B,LinkedIn,,Actif,2026-06-29T00:14:36.019970,moyenne
BJ-071A0F90,Assurance Santé,Finance & Assurance,Bohicon,+229 60 61 45 71,assurance.santé@assurance.santé.org,assurancesanté.bj,PME (50-200),B2B,LinkedIn,,Actif,2026-06-29T00:14:36.019983,haute
BJ-42114B38,Protection SARL,Finance & Assurance,Bohicon,+229 51 77 16 38,protection.sarl@protection.sarl.benin,,Grande (>200),B2C,LinkedIn,,Actif,2026-06-29T00:14:36.019994,moyenne
BJ-A5713E80,Société Assurance,Finance & Assurance,Bohicon,+229 30 43 34 99,société.assurance@société.assurance.bj,sociétéassurance.bj,PME (50-200),B2C,LinkedIn,,Actif,2026-06-29T00:14:36.020007,haute
BJ-8B138C93,Société West,Finance & Assurance,Natitingou,+229 87 30 58 28,société.west@société.west.net,,PME (50-200),B2B,LinkedIn,,Actif,2026-06-29T00:14:36.020025,moyenne
BJ-111CD9F6,Société Vie,Finance & Assurance,Natitingou,+229 28 96 53 99,société.vie@société.vie.org,,PME (50-200),B2B,LinkedIn,,Actif,2026-06-29T00:14:36.020037,moyenne
BJ-3433B52A,Société Africa SA,Finance & Assurance,Natitingou,+229 44 21 54 67,société.africa.sa@société.africa.sa.bj,,TPE (<10),B2C,LinkedIn,,Actif,2026-06-29T00:14:36.020062,moyenne
BJ-E9C8A9B0,Vie Finance,Finance & Assurance,Natitingou,+229 61 94 85 83,vie.finance@vie.finance.org,viefinance.bj,PME (50-200),B2B,LinkedIn,,Actif,2026-06-29T00:14:36.020077,haute
BJ-E7ADF9DB,Groupe Auto Bank,Finance & Assurance,Natitingou,+229 70 49 97 86,groupe.auto.bank@groupe.auto.bank.net,groupeautobank.bj,PME (10-50),B2B,LinkedIn,,Actif,2026-06-29T00:14:36.020090,haute
BJ-84BE53CD,Société International,Finance & Assurance,Lokossa,+229 29 92 92 47,société.international@société.international.com,sociétéinternational.bj,PME (50-200),B2C,LinkedIn,,Actif,2026-06-29T00:14:36.020109,haute
BJ-F44E5FCD,Cabinet Assurance SA,Finance & Assurance,Lokossa,+229 81 33 87 14,cabinet.assurance.sa@cabinet.assurance.sa.com,cabinetassurancesa.bj,PME (10-50),B2B,LinkedIn,,Actif,2026-06-29T00:14:36.020135,haute
BJ-8F24D0AF,Bénin,Finance & Assurance,Lokossa,+229 33 78 83 21,bénin@bénin.benin,bénin.bj,PME (10-50),B2C,LinkedIn,,Actif,2026-06-29T00:14:36.020151,haute
BJ-7176937C,Société Crédit Capital Lokossa,Finance & Assurance,Lokossa,+229 76 67 27 34,société.crédit.capital.lokossa@société.crédit.capital.lokossa.benin,,PME (10-50),B2C,LinkedIn,,Actif,2026-06-29T00:14:36.020168,moyenne
BJ-1BB3DBE2,National Capital Lokossa,Finance & Assurance,Lokossa,+229 61 35 57 20,national.capital.lokossa@national.capital.lokossa.net,nationalcapitallokossa.bj,Grande (>200),B2B,LinkedIn,,Actif,2026-06-29T00:14:36.020181,haute
BJ-36117B04,International SA,Finance & Assurance,Ouidah,+229 68 28 66 90,international.sa@international.sa.org,,Grande (>200),B2B,LinkedIn,,Actif,2026-06-29T00:14:36.020198,moyenne
BJ-E2C68139,Investissement Capital,Finance & Assurance,Ouidah,+229 71 27 68 45,investissement.capital@investissement.capital.org,investissementcapital.bj,TPE (<10),B2B,LinkedIn,,Actif,2026-06-29T00:14:36.020210,haute
BJ-162A5BD1,Protection Ouidah,Finance & Assurance,Ouidah,+229 46 57 78 46,protection.ouidah@protection.ouidah.com,protectionouidah.bj,PME (50-200),B2B,LinkedIn,,Actif,2026-06-29T00:14:36.020222,haute
BJ-10F5055F,Crédit Assurances,Finance & Assurance,Ouidah,+229 86 95 91 21,,,TPE (<10),B2C,LinkedIn,,Actif,2026-06-29T00:14:36.020235,basse
BJ-F46FACC4,Cabinet Capital SARL,Finance & Assurance,Ouidah,+229 91 54 41 79,,,PME (10-50),B2C,LinkedIn,,Actif,2026-06-29T00:14:36.020246,basse
BJ-A07F66D1,Société Investissement SA,Finance & Assurance,Savalou,+229 93 70 20 86,société.investissement.sa@société.investissement.sa.bj,sociétéinvestissementsa.bj,TPE (<10),B2B,LinkedIn,,Actif,2026-06-29T00:14:36.020282,haute
BJ-4FD3C07F,Cabinet Africa Assurances,Finance & Assurance,Savalou,+229 68 88 90 90,,cabinetafricaassurances.bj,PME (10-50),B2B,LinkedIn,,Actif,2026-06-29T00:14:36.020293,moyenne
BJ-21DB390E,Protection Savalou,Finance & Assurance,Savalou,+229 76 61 58 13,protection.savalou@protection.savalou.bj,protectionsavalou.bj,PME (50-200),B2C,LinkedIn,,Actif,2026-06-29T00:14:36.020317,haute
BJ-F1A7A1CF,Crédit,Finance & Assurance,Dassa-Zoumè,+229 96 56 91 51,,,TPE (<10),B2B,LinkedIn,,Actif,2026-06-29T00:14:36.020346,basse
BJ-285F5383,Banque Épargne Dassa-Zoumè,Finance & Assurance,Dassa-Zoumè,+229 96 20 32 31,,banqueépargnedassazoumè.bj,TPE (<10),B2C,LinkedIn,,Actif,2026-06-29T00:14:36.020357,moyenne
BJ-5814310F,Assurance West International,Finance & Assurance,Dassa-Zoumè,+229 42 20 47 57,assurance.west.international@assurance.west.international.net,assurancewestinternational.bj,TPE (<10),B2C,LinkedIn,,Actif,2026-06-29T00:14:36.020373,haute
BJ-CA6B7117,Assurance Auto,Finance & Assurance,Dassa-Zoumè,+229 62 17 62 27,,assuranceauto.bj,TPE (<10),B2C,LinkedIn,,Actif,2026-06-29T00:14:36.020387,moyenne
BJ-EB370053,Investissement Assurances,Finance & Assurance,Kétou,+229 48 65 21 45,investissement.assurances@investissement.assurances.org,investissementassurances.bj,Grande (>200),B2C,LinkedIn,,Actif,2026-06-29T00:14:36.020405,haute
BJ-CB06786B,Santé SA,Finance & Assurance,Kétou,+229 49 77 88 66,santé.sa@santé.sa.benin,santésa.bj,PME (10-50),B2B,LinkedIn,,Actif,2026-06-29T00:14:36.020418,haute
BJ-4F9C552A,Santé Finance,Finance & Assurance,Kétou,+229 41 76 24 70,santé.finance@santé.finance.com,santéfinance.bj,PME (50-200),B2C,LinkedIn,,Actif,2026-06-29T00:14:36.020430,haute
BJ-107593E4,Groupe West Groupe,Finance & Assurance,Kétou,+229 33 16 83 98,groupe.west.groupe@groupe.west.groupe.bj,groupewestgroupe.bj,PME (50-200),B2C,LinkedIn,,Actif,2026-06-29T00:14:36.020442,haute
BJ-1643353B,Bénin Bank,Finance & Assurance,Kétou,+229 46 74 83 47,bénin.bank@bénin.bank.org,béninbank.bj,TPE (<10),B2B,LinkedIn,,Actif,2026-06-29T00:14:36.020454,haute
BJ-895DD804,Bénin Invest,Finance & Assurance,Covè,+229 47 67 96 97,,bénininvest.bj,PME (50-200),B2B,LinkedIn,,Actif,2026-06-29T00:14:36.020482,moyenne
BJ-DEE79AE4,Société Auto Capital,Finance & Assurance,Covè,+229 67 85 67 36,société.auto.capital@société.auto.capital.bj,sociétéautocapital.bj,TPE (<10),B2C,LinkedIn,,Actif,2026-06-29T00:14:36.020494,haute
BJ-F4E79689,Vie,Finance & Assurance,Covè,+229 93 82 43 46,vie@vie.benin,vie.bj,TPE (<10),B2C,LinkedIn,,Actif,2026-06-29T00:14:36.020520,haute
BJ-4813FD30,West Bank,Finance & Assurance,Pobè,+229 58 70 86 79,west.bank@west.bank.bj,westbank.bj,TPE (<10),B2B,LinkedIn,,Actif,2026-06-29T00:14:36.020538,haute
BJ-3CA0B125,Finance Auto,Finance & Assurance,Pobè,+229 41 36 89 74,finance.auto@finance.auto.benin,,TPE (<10),B2C,LinkedIn,,Actif,2026-06-29T00:14:36.020549,moyenne
BJ-05F77EDC,Société Protection,Finance & Assurance,Pobè,+229 86 49 42 60,société.protection@société.protection.bj,,TPE (<10),B2B,LinkedIn,,Actif,2026-06-29T00:14:36.020561,moyenne
BJ-BB8CAA31,Santé Capital,Finance & Assurance,Pobè,+229 45 26 46 10,santé.capital@santé.capital.org,santécapital.bj,PME (10-50),B2B,LinkedIn,,Actif,2026-06-29T00:14:36.020577,haute
BJ-0455FC82,Société Auto Finance,Finance & Assurance,Pobè,+229 26 32 38 22,société.auto.finance@société.auto.finance.org,sociétéautofinance.bj,PME (50-200),B2C,LinkedIn,,Actif,2026-06-29T00:14:36.020590,haute
BJ-83705D9F,Finance Vie International,Finance & Assurance,Sakété,+229 56 50 46 13,finance.vie.international@finance.vie.international.com,financevieinternational.bj,TPE (<10),B2B,LinkedIn,,Actif,2026-06-29T00:14:36.020626,haute
BJ-8ECA32D4,Sécurité Sakété,Finance & Assurance,Sakété,+229 31 95 45 78,,sécuritésakété.bj,TPE (<10),B2C,LinkedIn,,Actif,2026-06-29T00:14:36.020641,moyenne
BJ-87699E08,Cabinet Investissement Capital,Finance & Assurance,Sakété,+229 55 79 77 12,cabinet.investissement.capital@cabinet.investissement.capital.com,,PME (10-50),B2B,LinkedIn,,Actif,2026-06-29T00:14:36.020653,moyenne
BJ-740BAA31,Groupe Protection International,Finance & Assurance,Sakété,+229 51 37 89 49,,groupeprotectioninternational.bj,TPE (<10),B2B,LinkedIn,,Actif,2026-06-29T00:14:36.020668,moyenne
BJ-6D479D5F,Groupe Vie International,Finance & Assurance,Sakété,+229 89 10 26 41,groupe.vie.international@groupe.vie.international.com,groupevieinternational.bj,Grande (>200),B2C,LinkedIn,,Actif,2026-06-29T00:14:36.020680,haute
BJ-C5B89208,Investissement,Finance & Assurance,Adjara,+229 80 67 47 90,investissement@investissement.benin,,TPE (<10),B2B,LinkedIn,,Actif,2026-06-29T00:14:36.020697,moyenne
BJ-5D1A62F0,Assurance Capital Adjara,Finance & Assurance,Adjara,+229 35 24 38 36,assurance.capital.adjara@assurance.capital.adjara.benin,assurancecapitaladjara.bj,TPE (<10),B2C,LinkedIn,,Actif,2026-06-29T00:14:36.020719,haute
BJ-D3DC8539,Finance Assurance Capital,Finance & Assurance,Adjara,+229 32 75 45 10,,financeassurancecapital.bj,PME (10-50),B2B,LinkedIn,,Actif,2026-06-29T00:14:36.020730,moyenne
BJ-A3394653,Crédit Capital,Finance & Assurance,Adjara,+229 43 91 84 71,crédit.capital@crédit.capital.com,créditcapital.bj,PME (50-200),B2B,LinkedIn,,Actif,2026-06-29T00:14:36.020743,haute
BJ-551AD7A5,Banque National,Finance & Assurance,Allada,+229 66 60 67 36,banque.national@banque.national.com,banquenational.bj,PME (50-200),B2B,LinkedIn,,Actif,2026-06-29T00:14:36.020760,haute
BJ-0AA3987F,Capital SA,Finance & Assurance,Allada,+229 48 24 34 50,,capitalsa.bj,Grande (>200),B2C,LinkedIn,,Actif,2026-06-29T00:14:36.020771,moyenne
BJ-307E1058,Assurance Vie Capital,Finance & Assurance,Allada,+229 54 26 20 29,,,PME (50-200),B2C,LinkedIn,,Actif,2026-06-29T00:14:36.020781,basse
BJ-A3A2BB1B,Protection,Finance & Assurance,Allada,+229 39 90 25 83,protection@protection.org,protection.bj,Grande (>200),B2C,LinkedIn,,Actif,2026-06-29T00:14:36.020796,haute
BJ-8714E637,Épargne,Finance & Assurance,Allada,+229 46 32 36 32,épargne@épargne.benin,,TPE (<10),B2C,LinkedIn,,Actif,2026-06-29T00:14:36.020808,moyenne
BJ-CE17B397,Finance International,Finance & Assurance,Aplahoué,+229 45 53 48 13,,,PME (10-50),B2C,LinkedIn,,Actif,2026-06-29T00:14:36.020824,basse
BJ-0D7734AA,Cabinet Auto,Finance & Assurance,Aplahoué,+229 51 98 39 73,cabinet.auto@cabinet.auto.com,,PME (50-200),B2C,LinkedIn,,Actif,2026-06-29T00:14:36.020836,moyenne
BJ-BB1C0AFD,Finance Assurance,Finance & Assurance,Aplahoué,+229 21 61 56 44,,financeassurance.bj,TPE (<10),B2C,LinkedIn,,Actif,2026-06-29T00:14:36.020849,moyenne
BJ-89992863,Capital,Finance & Assurance,Aplahoué,+229 69 31 72 95,capital@capital.net,capital.bj,PME (10-50),B2B,LinkedIn,,Actif,2026-06-29T00:14:36.020861,haute
BJ-FFA4DB5D,Assurance Invest,Finance & Assurance,Aplahoué,+229 77 98 84 37,assurance.invest@assurance.invest.org,assuranceinvest.bj,PME (10-50),B2B,LinkedIn,,Actif,2026-06-29T00:14:36.020872,haute
BJ-31B82CD6,Banque Investissement SARL,Finance & Assurance,Dogbo-Tota,+229 46 35 23 70,,,TPE (<10),B2C,LinkedIn,,Actif,2026-06-29T00:14:36.020900,basse
BJ-1AE09D09,Assurance National Capital,Finance & Assurance,Dogbo-Tota,+229 24 45 64 13,assurance.national.capital@assurance.national.capital.org,assurancenationalcapital.bj,Grande (>200),B2C,LinkedIn,,Actif,2026-06-29T00:14:36.020930,haute
BJ-A81B1EA0,Sécurité Dogbo-Tota,Finance & Assurance,Dogbo-Tota,+229 84 84 68 63,,sécuritédogbotota.bj,TPE (<10),B2C,LinkedIn,,Actif,2026-06-29T00:14:36.020942,moyenne
BJ-868DF620,Société West Dogbo-Tota,Finance & Assurance,Dogbo-Tota,+229 27 81 87 76,société.west.dogbotota@société.west.dogbotota.com,sociétéwestdogbotota.bj,Grande (>200),B2B,LinkedIn,,Actif,2026-06-29T00:14:36.020968,haute
BJ-E5D878E9,Capital International,Finance & Assurance,Kpomassè,+229 98 18 96 49,,capitalinternational.bj,PME (10-50),B2B,LinkedIn,,Actif,2026-06-29T00:14:36.020985,moyenne
BJ-72CDD85F,Bénin Groupe,Finance & Assurance,Kpomassè,+229 59 15 84 85,bénin.groupe@bénin.groupe.net,béningroupe.bj,PME (10-50),B2B,LinkedIn,,Actif,2026-06-29T00:14:36.020997,haute
BJ-B453095A,Assurance Investissement,Finance & Assurance,Kpomassè,+229 33 74 54 56,,assuranceinvestissement.bj,PME (50-200),B2B,LinkedIn,,Actif,2026-06-29T00:14:36.021007,moyenne
BJ-70998883,Santé Capital,Finance & Assurance,Kpomassè,+229 99 63 51 64,santé.capital@santé.capital.org,santécapital.bj,PME (50-200),B2B,LinkedIn,,Actif,2026-06-29T00:14:36.021019,haute
BJ-009E3DCE,Assurance Santé Invest,Finance & Assurance,Kpomassè,+229 69 82 84 53,assurance.santé.invest@assurance.santé.invest.com,,TPE (<10),B2C,LinkedIn,,Actif,2026-06-29T00:14:36.021031,moyenne
BJ-3BF4F898,Sécurité International,Finance & Assurance,Tori-Bossito,+229 24 22 92 43,sécurité.international@sécurité.international.net,sécuritéinternational.bj,TPE (<10),B2B,LinkedIn,,Actif,2026-06-29T00:14:36.021049,haute
BJ-B28D53DE,Investissement SARL,Finance & Assurance,Tori-Bossito,+229 44 26 45 35,investissement.sarl@investissement.sarl.org,investissementsarl.bj,PME (50-200),B2C,LinkedIn,,Actif,2026-06-29T00:14:36.021060,haute
BJ-0936210D,Vie Tori-Bossito,Finance & Assurance,Tori-Bossito,+229 22 80 39 38,vie.toribossito@vie.toribossito.com,vietoribossito.bj,PME (10-50),B2B,LinkedIn,,Actif,2026-06-29T00:14:36.021071,haute
BJ-6AAFB8AE,Auto SARL,Finance & Assurance,Tori-Bossito,+229 29 41 36 97,auto.sarl@auto.sarl.benin,,PME (50-200),B2C,LinkedIn,,Actif,2026-06-29T00:14:36.021088,moyenne
BJ-FC8762C5,Protection Finance,Finance & Assurance,Tori-Bossito,+229 55 25 76 42,protection.finance@protection.finance.com,protectionfinance.bj,TPE (<10),B2C,LinkedIn,,Actif,2026-06-29T00:14:36.021099,haute
BJ-43787EDB,Assurance Capital,Finance & Assurance,Grand-Popo,+229 89 36 68 29,assurance.capital@assurance.capital.com,assurancecapital.bj,TPE (<10),B2C,LinkedIn,,Actif,2026-06-29T00:14:36.021116,haute
BJ-AEE7AE4C,Société Santé International,Finance & Assurance,Grand-Popo,+229 22 54 43 32,société.santé.international@société.santé.international.net,,Grande (>200),B2C,LinkedIn,,Actif,2026-06-29T00:14:36.021127,moyenne
BJ-F48399AD,Finance Crédit Groupe,Finance & Assurance,Grand-Popo,+229 39 13 10 34,finance.crédit.groupe@finance.crédit.groupe.bj,,PME (50-200),B2B,LinkedIn,,Actif,2026-06-29T00:14:36.021139,moyenne
BJ-7A63F5D2,Cabinet Sécurité SA,Finance & Assurance,Grand-Popo,+229 96 82 23 72,cabinet.sécurité.sa@cabinet.sécurité.sa.com,cabinetsécuritésa.bj,TPE (<10),B2B,LinkedIn,,Actif,2026-06-29T00:14:36.021151,haute
BJ-ED51267B,Africa,Finance & Assurance,Athiémé,+229 94 84 82 90,africa@africa.bj,africa.bj,PME (50-200),B2B,LinkedIn,,Actif,2026-06-29T00:14:36.021180,haute
BJ-73A220B2,Assurance Assurances,Finance & Assurance,Athiémé,+229 85 81 51 86,assurance.assurances@assurance.assurances.benin,assuranceassurances.bj,PME (50-200),B2C,LinkedIn,,Actif,2026-06-29T00:14:36.021191,haute
BJ-DB3D1501,Finance Bénin Assurances,Finance & Assurance,Athiémé,+229 30 62 53 40,finance.bénin.assurances@finance.bénin.assurances.bj,,PME (10-50),B2B,LinkedIn,,Actif,2026-06-29T00:14:36.021202,moyenne
BJ-C94BA4B5,Sécurité,Finance & Assurance,Athiémé,+229 35 10 88 19,sécurité@sécurité.benin,sécurité.bj,TPE (<10),B2B,LinkedIn,,Actif,2026-06-29T00:14:36.021220,haute
BJ-DB34DE11,Bénin Invest,Finance & Assurance,Athiémé,+229 76 41 17 90,bénin.invest@bénin.invest.benin,bénininvest.bj,TPE (<10),B2C,LinkedIn,,Actif,2026-06-29T00:14:36.021231,haute
BJ-9EEADCF2,Finance West,Finance & Assurance,Bopa,+229 27 81 67 38,finance.west@finance.west.com,financewest.bj,TPE (<10),B2B,LinkedIn,,Actif,2026-06-29T00:14:36.021249,haute
BJ-7270E739,Assurance Bopa,Finance & Assurance,Bopa,+229 81 80 63 98,assurance.bopa@assurance.bopa.com,,TPE (<10),B2B,LinkedIn,,Actif,2026-06-29T00:14:36.021260,moyenne
BJ-C9A9120D,Finance National Bopa,Finance & Assurance,Bopa,+229 93 33 76 29,finance.national.bopa@finance.national.bopa.org,financenationalbopa.bj,TPE (<10),B2B,LinkedIn,,Actif,2026-06-29T00:14:36.021271,haute
BJ-39CB2B95,International Capital,Finance & Assurance,Bopa,+229 53 74 99 23,international.capital@international.capital.net,internationalcapital.bj,PME (50-200),B2B,LinkedIn,,Actif,2026-06-29T00:14:36.021294,haute
BJ-579D4FA4,Banque Épargne,Finance & Assurance,Houéyogbé,+229 42 65 51 16,banque.épargne@banque.épargne.net,banqueépargne.bj,PME (50-200),B2C,LinkedIn,,Actif,2026-06-29T00:14:36.021312,haute
BJ-7FC306AE,Groupe National,Finance & Assurance,Houéyogbé,+229 27 61 34 93,groupe.national@groupe.national.com,,TPE (<10),B2B,LinkedIn,,Actif,2026-06-29T00:14:36.021333,moyenne
BJ-C0C47994,Finance Africa International Houéyogbé,Finance & Assurance,Houéyogbé,+229 31 67 41 99,finance.africa.international.houéyogbé@finance.africa.international.houéyogbé.org,financeafricainternationalhouéyogbé.bj,TPE (<10),B2C,LinkedIn,,Actif,2026-06-29T00:14:36.021360,haute
BJ-C1E12F2F,Société Bénin,Finance & Assurance,Malanville,+229 64 92 71 46,,,PME (10-50),B2B,LinkedIn,,Actif,2026-06-29T00:14:36.021376,basse
BJ-726620D3,Société Sécurité Capital,Finance & Assurance,Malanville,+229 30 49 69 97,société.sécurité.capital@société.sécurité.capital.bj,sociétésécuritécapital.bj,TPE (<10),B2C,LinkedIn,,Actif,2026-06-29T00:14:36.021388,haute
BJ-DB006422,Investissement Bank Malanville,Finance & Assurance,Malanville,+229 62 46 54 28,investissement.bank.malanville@investissement.bank.malanville.benin,investissementbankmalanville.bj,TPE (<10),B2C,LinkedIn,,Actif,2026-06-29T00:14:36.021400,haute
BJ-A3EF7BC5,Assurance West Bank,Finance & Assurance,Malanville,+229 29 19 45 71,,assurancewestbank.bj,TPE (<10),B2C,LinkedIn,,Actif,2026-06-29T00:14:36.021411,moyenne
BJ-9184DC2A,Capital Malanville,Finance & Assurance,Malanville,+229 71 76 63 17,capital.malanville@capital.malanville.bj,,TPE (<10),B2C,LinkedIn,,Actif,2026-06-29T00:14:36.021421,moyenne
BJ-5933D44F,Assurance Finance,Finance & Assurance,Kandi,+229 46 32 80 80,assurance.finance@assurance.finance.org,assurancefinance.bj,PME (50-200),B2B,LinkedIn,,Actif,2026-06-29T00:14:36.021438,haute
BJ-AFDFD53E,Finance Assurance SA,Finance & Assurance,Kandi,+229 69 39 21 74,finance.assurance.sa@finance.assurance.sa.bj,financeassurancesa.bj,TPE (<10),B2C,LinkedIn,,Actif,2026-06-29T00:14:36.021450,haute
BJ-131EEF63,Auto Finance Kandi,Finance & Assurance,Kandi,+229 67 31 41 44,auto.finance.kandi@auto.finance.kandi.benin,autofinancekandi.bj,PME (10-50),B2C,LinkedIn,,Actif,2026-06-29T00:14:36.021461,haute
BJ-6E6D1168,West Groupe,Finance & Assurance,Kandi,+229 74 38 76 88,west.groupe@west.groupe.benin,,PME (10-50),B2B,LinkedIn,,Actif,2026-06-29T00:14:36.021474,moyenne
BJ-E892C19A,Crédit,Finance & Assurance,Banikoara,+229 29 67 15 84,crédit@crédit.net,,PME (10-50),B2C,LinkedIn,,Actif,2026-06-29T00:14:36.021506,moyenne
BJ-768C81B2,Assurance Santé,Finance & Assurance,Banikoara,+229 99 57 82 76,assurance.santé@assurance.santé.net,assurancesanté.bj,TPE (<10),B2C,LinkedIn,,Actif,2026-06-29T00:14:36.021519,haute
BJ-536F5553,Finance National Bank,Finance & Assurance,Banikoara,+229 92 55 75 30,finance.national.bank@finance.national.bank.com,financenationalbank.bj,TPE (<10),B2C,LinkedIn,,Actif,2026-06-29T00:14:36.021530,haute
BJ-6A60331F,Finance Santé Banikoara,Finance & Assurance,Banikoara,+229 57 86 97 15,finance.santé.banikoara@finance.santé.banikoara.net,financesantébanikoara.bj,PME (50-200),B2C,LinkedIn,,Actif,2026-06-29T00:14:36.021546,haute
BJ-DBE4F3B7,Assurance International Banikoara,Finance & Assurance,Banikoara,+229 95 30 25 36,assurance.international.banikoara@assurance.international.banikoara.com,assuranceinternationalbanikoara.bj,TPE (<10),B2B,LinkedIn,,Actif,2026-06-29T00:14:36.021558,haute
BJ-A808C1C2,Crédit,Finance & Assurance,Ségbana,+229 71 82 37 67,,crédit.bj,TPE (<10),B2C,LinkedIn,,Actif,2026-06-29T00:14:36.021575,moyenne
BJ-77B8E203,Cabinet Crédit Assurances Ségbana,Finance & Assurance,Ségbana,+229 80 88 50 37,cabinet.crédit.assurances.ségbana@cabinet.crédit.assurances.ségbana.benin,cabinetcréditassurancességbana.bj,PME (10-50),B2C,LinkedIn,,Actif,2026-06-29T00:14:36.021588,haute
BJ-94AD313F,Vie Bank,Finance & Assurance,Ségbana,+229 37 90 13 87,vie.bank@vie.bank.bj,viebank.bj,PME (10-50),B2C,LinkedIn,,Actif,2026-06-29T00:14:36.021600,haute
BJ-F844EF5B,Capital Finance,Finance & Assurance,Ségbana,+229 27 60 87 42,,capitalfinance.bj,PME (10-50),B2B,LinkedIn,,Actif,2026-06-29T00:14:36.021614,moyenne
BJ-1362699B,Capital,Finance & Assurance,Ségbana,+229 87 52 25 67,capital@capital.com,capital.bj,TPE (<10),B2B,LinkedIn,,Actif,2026-06-29T00:14:36.021626,haute
BJ-41DCDB67,Protection,Finance & Assurance,Karimama,+229 63 51 45 47,,protection.bj,Grande (>200),B2C,LinkedIn,,Actif,2026-06-29T00:14:36.021645,moyenne
BJ-3B30F9AC,Assurance Capital,Finance & Assurance,Karimama,+229 68 75 82 55,assurance.capital@assurance.capital.bj,,TPE (<10),B2B,LinkedIn,,Actif,2026-06-29T00:14:36.021657,moyenne
BJ-AE4068D9,Société Vie SA Karimama,Finance & Assurance,Karimama,+229 41 23 51 61,société.vie.sa.karimama@société.vie.sa.karimama.net,sociétéviesakarimama.bj,PME (10-50),B2C,LinkedIn,,Actif,2026-06-29T00:14:36.021669,haute
BJ-98668600,Société Africa Assurances,Finance & Assurance,Karimama,+229 54 93 30 32,,,TPE (<10),B2B,LinkedIn,,Actif,2026-06-29T00:14:36.021680,basse
BJ-4643D4F1,Santé,Finance & Assurance,Gogounou,+229 84 26 74 72,,santé.bj,TPE (<10),B2C,LinkedIn,,Actif,2026-06-29T00:14:36.021710,moyenne
BJ-DF5A4E81,National Invest,Finance & Assurance,Gogounou,+229 40 85 28 48,national.invest@national.invest.net,nationalinvest.bj,PME (10-50),B2B,LinkedIn,,Actif,2026-06-29T00:14:36.021725,haute
BJ-8AFE2BD9,West Gogounou,Finance & Assurance,Gogounou,+229 87 59 85 10,west.gogounou@west.gogounou.benin,westgogounou.bj,TPE (<10),B2C,LinkedIn,,Actif,2026-06-29T00:14:36.021736,haute
BJ-440C54E2,Groupe Auto Groupe,Finance & Assurance,Gogounou,+229 97 89 60 15,groupe.auto.groupe@groupe.auto.groupe.bj,groupeautogroupe.bj,PME (50-200),B2B,LinkedIn,,Actif,2026-06-29T00:14:36.021754,haute
BJ-E9903A83,National,Finance & Assurance,Gogounou,+229 95 14 39 83,national@national.benin,national.bj,PME (50-200),B2C,LinkedIn,,Actif,2026-06-29T00:14:36.021765,haute
BJ-86FA015A,Société Santé Invest,Finance & Assurance,Cobly,+229 34 33 44 19,société.santé.invest@société.santé.invest.net,sociétésantéinvest.bj,PME (50-200),B2B,LinkedIn,,Actif,2026-06-29T00:14:36.021784,haute
BJ-F61DBD17,Finance Investissement Cobly,Finance & Assurance,Cobly,+229 74 26 23 88,finance.investissement.cobly@finance.investissement.cobly.benin,financeinvestissementcobly.bj,Grande (>200),B2B,LinkedIn,,Actif,2026-06-29T00:14:36.021796,haute
BJ-566BB5E0,Protection,Finance & Assurance,Cobly,+229 96 50 25 40,,protection.bj,PME (10-50),B2B,LinkedIn,,Actif,2026-06-29T00:14:36.021806,moyenne
BJ-8CD05DE7,Assurance International,Finance & Assurance,Cobly,+229 26 95 90 36,,assuranceinternational.bj,PME (10-50),B2C,LinkedIn,,Actif,2026-06-29T00:14:36.021817,moyenne
BJ-7AAF3BD4,Société National SA,Finance & Assurance,Cobly,+229 56 21 62 36,société.national.sa@société.national.sa.com,sociéténationalsa.bj,TPE (<10),B2C,LinkedIn,,Actif,2026-06-29T00:14:36.021829,haute
BJ-CCB1E839,Cabinet International,Finance & Assurance,Tanguiéta,+229 35 49 12 80,cabinet.international@cabinet.international.org,cabinetinternational.bj,PME (10-50),B2C,LinkedIn,,Actif,2026-06-29T00:14:36.021849,haute
BJ-6CBD9593,Cabinet Protection SA,Finance & Assurance,Tanguiéta,+229 86 50 21 18,cabinet.protection.sa@cabinet.protection.sa.net,cabinetprotectionsa.bj,TPE (<10),B2C,LinkedIn,,Actif,2026-06-29T00:14:36.021861,haute
BJ-35389317,National,Finance & Assurance,Tanguiéta,+229 78 65 61 91,national@national.net,national.bj,TPE (<10),B2C,LinkedIn,,Actif,2026-06-29T00:14:36.021872,haute
BJ-EFA1AAF2,Auto SARL,Finance & Assurance,Tanguiéta,+229 24 90 82 79,auto.sarl@auto.sarl.benin,,PME (10-50),B2B,LinkedIn,,Actif,2026-06-29T00:14:36.021886,moyenne
BJ-C75EDF25,Groupe Bénin Tanguiéta,Finance & Assurance,Tanguiéta,+229 37 46 90 70,,groupebénintanguiéta.bj,TPE (<10),B2C,LinkedIn,,Actif,2026-06-29T00:14:36.021924,moyenne
BJ-71C41968,Assurance Matéri,Finance & Assurance,Matéri,+229 22 96 47 67,,assurancematéri.bj,PME (50-200),B2C,LinkedIn,,Actif,2026-06-29T00:14:36.021958,moyenne
BJ-3CC3F02B,Sécurité Capital,Finance & Assurance,Matéri,+229 50 30 51 88,sécurité.capital@sécurité.capital.org,sécuritécapital.bj,TPE (<10),B2C,LinkedIn,,Actif,2026-06-29T00:14:36.021977,haute
BJ-C88A1EF9,Groupe Protection,Finance & Assurance,Matéri,+229 67 57 19 31,groupe.protection@groupe.protection.net,groupeprotection.bj,TPE (<10),B2B,LinkedIn,,Actif,2026-06-29T00:14:36.022001,haute
BJ-4DE7AF85,Bénin Matéri,Finance & Assurance,Matéri,+229 90 55 98 48,bénin.matéri@bénin.matéri.org,béninmatéri.bj,TPE (<10),B2C,LinkedIn,,Actif,2026-06-29T00:14:36.022013,haute
BJ-A5360AE1,Bénin Bank,Finance & Assurance,Natitingou,+229 62 52 17 16,bénin.bank@bénin.bank.benin,béninbank.bj,Grande (>200),B2C,LinkedIn,,Actif,2026-06-29T00:14:36.022030,haute
BJ-172F24F0,Cabinet Santé Bank,Finance & Assurance,Natitingou,+229 93 10 10 82,,,PME (50-200),B2B,LinkedIn,,Actif,2026-06-29T00:14:36.022041,basse
BJ-1EA24D47,Cabinet Épargne,Finance & Assurance,Natitingou,+229 52 15 77 57,cabinet.épargne@cabinet.épargne.com,,PME (50-200),B2B,LinkedIn,,Actif,2026-06-29T00:14:36.022076,moyenne
BJ-CA1EEEA1,Société Crédit Toucountouna,Finance & Assurance,Toucountouna,+229 81 70 25 36,,,Grande (>200),B2B,LinkedIn,,Actif,2026-06-29T00:14:36.022092,basse
BJ-AF552E24,Sécurité,Finance & Assurance,Toucountouna,+229 20 67 85 86,sécurité@sécurité.benin,sécurité.bj,PME (50-200),B2C,LinkedIn,,Actif,2026-06-29T00:14:36.022104,haute
BJ-B8DF748A,Finance West SARL,Finance & Assurance,Toucountouna,+229 50 36 78 11,finance.west.sarl@finance.west.sarl.org,financewestsarl.bj,Grande (>200),B2C,LinkedIn,,Actif,2026-06-29T00:14:36.022115,haute
BJ-149726EA,Finance Épargne Groupe,Finance & Assurance,Toucountouna,+229 63 77 52 21,finance.épargne.groupe@finance.épargne.groupe.org,financeépargnegroupe.bj,PME (10-50),B2C,LinkedIn,,Actif,2026-06-29T00:14:36.022127,haute
BJ-EA673472,International,Finance & Assurance,Toucountouna,+229 89 90 90 83,international@international.benin,international.bj,PME (10-50),B2B,LinkedIn,,Actif,2026-06-29T00:14:36.022138,haute
BJ-943C0D81,Banque West International,Finance & Assurance,Boukoumbé,+229 53 53 49 45,banque.west.international@banque.west.international.org,banquewestinternational.bj,TPE (<10),B2B,LinkedIn,,Actif,2026-06-29T00:14:36.022155,haute
BJ-CE331A7F,Cabinet Crédit International,Finance & Assurance,Boukoumbé,+229 43 61 73 41,cabinet.crédit.international@cabinet.crédit.international.org,,TPE (<10),B2C,LinkedIn,,Actif,2026-06-29T00:14:36.022167,moyenne
BJ-2970D92F,Sécurité,Finance & Assurance,Boukoumbé,+229 74 89 91 77,sécurité@sécurité.bj,,TPE (<10),B2B,LinkedIn,,Actif,2026-06-29T00:14:36.022177,moyenne
BJ-17529BEF,Investissement SARL Boukoumbé,Finance & Assurance,Boukoumbé,+229 55 24 14 67,investissement.sarl.boukoumbé@investissement.sarl.boukoumbé.benin,investissementsarlboukoumbé.bj,TPE (<10),B2C,LinkedIn,,Actif,2026-06-29T00:14:36.022195,haute
BJ-A268D98C,Assurance Groupe,Finance & Assurance,Boukoumbé,+229 51 36 29 28,assurance.groupe@assurance.groupe.org,assurancegroupe.bj,PME (10-50),B2B,LinkedIn,,Actif,2026-06-29T00:14:36.022207,haute
BJ-57805BBA,Assurance Protection,Finance & Assurance,Kouandé,+229 55 65 83 52,,,PME (10-50),B2B,LinkedIn,,Actif,2026-06-29T00:14:36.022222,basse
BJ-2C8CB49F,Banque Auto Bank,Finance & Assurance,Kouandé,+229 51 17 68 34,banque.auto.bank@banque.auto.bank.net,banqueautobank.bj,TPE (<10),B2B,LinkedIn,,Actif,2026-06-29T00:14:36.022233,haute
BJ-AECFD66E,Groupe Crédit Assurances,Finance & Assurance,Kouandé,+229 29 45 71 62,,groupecréditassurances.bj,TPE (<10),B2B,LinkedIn,,Actif,2026-06-29T00:14:36.022244,moyenne
BJ-F78ECA07,Assurance,Finance & Assurance,Kouandé,+229 40 62 86 38,assurance@assurance.com,assurance.bj,PME (50-200),B2B,LinkedIn,,Actif,2026-06-29T00:14:36.022255,haute
BJ-E926964A,Crédit Kouandé,Finance & Assurance,Kouandé,+229 69 67 29 27,crédit.kouandé@crédit.kouandé.com,créditkouandé.bj,PME (10-50),B2B,LinkedIn,,Actif,2026-06-29T00:14:36.022271,haute
BJ-A5661018,Investissement Groupe,Finance & Assurance,Péhunco,+229 52 76 65 28,investissement.groupe@investissement.groupe.com,investissementgroupe.bj,PME (50-200),B2B,LinkedIn,,Actif,2026-06-29T00:14:36.022288,haute
BJ-E0F81D00,Crédit,Finance & Assurance,Péhunco,+229 71 63 11 80,crédit@crédit.net,crédit.bj,TPE (<10),B2C,LinkedIn,,Actif,2026-06-29T00:14:36.022300,haute
BJ-5819C27D,Groupe Crédit,Finance & Assurance,Péhunco,+229 55 27 58 19,groupe.crédit@groupe.crédit.bj,,PME (50-200),B2C,LinkedIn,,Actif,2026-06-29T00:14:36.022325,moyenne
BJ-1370C724,Auto International,Finance & Assurance,Péhunco,+229 76 65 88 45,auto.international@auto.international.bj,,PME (10-50),B2C,LinkedIn,,Actif,2026-06-29T00:14:36.022337,moyenne
BJ-737BF20B,Capital,Finance & Assurance,Tchaourou,+229 52 18 14 19,,,Grande (>200),B2C,LinkedIn,,Actif,2026-06-29T00:14:36.022352,basse
BJ-7CD9FF2B,West Finance,Finance & Assurance,Tchaourou,+229 59 75 27 61,west.finance@west.finance.org,westfinance.bj,PME (10-50),B2B,LinkedIn,,Actif,2026-06-29T00:14:36.022364,haute
BJ-1CED603D,Assurance Investissement,Finance & Assurance,Tchaourou,+229 21 91 18 33,assurance.investissement@assurance.investissement.com,assuranceinvestissement.bj,TPE (<10),B2B,LinkedIn,,Actif,2026-06-29T00:14:36.022376,haute
BJ-B21B5896,Banque Bénin Tchaourou,Finance & Assurance,Tchaourou,+229 84 62 78 79,banque.bénin.tchaourou@banque.bénin.tchaourou.org,,PME (50-200),B2C,LinkedIn,,Actif,2026-06-29T00:14:36.022387,moyenne
BJ-FF987404,Épargne Capital,Finance & Assurance,Tchaourou,+229 78 94 60 42,épargne.capital@épargne.capital.bj,épargnecapital.bj,PME (50-200),B2B,LinkedIn,,Actif,2026-06-29T00:14:36.022399,haute
BJ-7B10E602,Africa Invest,Finance & Assurance,Nikki,+229 52 69 27 54,africa.invest@africa.invest.benin,africainvest.bj,PME (10-50),B2B,LinkedIn,,Actif,2026-06-29T00:14:36.022420,haute
BJ-04589CD7,Sécurité,Finance & Assurance,Nikki,+229 35 17 50 12,sécurité@sécurité.net,sécurité.bj,TPE (<10),B2B,LinkedIn,,Actif,2026-06-29T00:14:36.022432,haute
BJ-680D0297,Santé Bank Nikki,Finance & Assurance,Nikki,+229 91 41 69 95,,santébanknikki.bj,TPE (<10),B2C,LinkedIn,,Actif,2026-06-29T00:14:36.022443,moyenne
BJ-9D1014AA,Société Protection SARL,Finance & Assurance,Nikki,+229 28 28 71 14,société.protection.sarl@société.protection.sarl.com,sociétéprotectionsarl.bj,TPE (<10),B2C,LinkedIn,,Actif,2026-06-29T00:14:36.022458,haute
BJ-45B40775,Protection,Finance & Assurance,Nikki,+229 68 97 68 91,protection@protection.net,protection.bj,PME (10-50),B2B,LinkedIn,,Actif,2026-06-29T00:14:36.022470,haute
BJ-D4B9563B,Cabinet National Groupe,Finance & Assurance,Bembéréké,+229 75 54 30 42,cabinet.national.groupe@cabinet.national.groupe.net,cabinetnationalgroupe.bj,TPE (<10),B2C,LinkedIn,,Actif,2026-06-29T00:14:36.022487,haute
BJ-400F19D4,Capital Finance Bembéréké,Finance & Assurance,Bembéréké,+229 81 81 32 13,,capitalfinancebembéréké.bj,PME (10-50),B2B,LinkedIn,,Actif,2026-06-29T00:14:36.022499,moyenne
BJ-1D4DF16A,Cabinet Crédit SARL,Finance & Assurance,Bembéréké,+229 44 99 83 19,cabinet.crédit.sarl@cabinet.crédit.sarl.benin,,TPE (<10),B2C,LinkedIn,,Actif,2026-06-29T00:14:36.022510,moyenne
BJ-BF7386E9,Cabinet Protection SARL,Finance & Assurance,Bembéréké,+229 30 16 39 88,cabinet.protection.sarl@cabinet.protection.sarl.benin,cabinetprotectionsarl.bj,PME (50-200),B2C,LinkedIn,,Actif,2026-06-29T00:14:36.022522,haute
BJ-4EF643B5,Cabinet Investissement Bank,Finance & Assurance,Bembéréké,+229 95 12 16 20,cabinet.investissement.bank@cabinet.investissement.bank.benin,cabinetinvestissementbank.bj,PME (50-200),B2B,LinkedIn,,Actif,2026-06-29T00:14:36.022534,haute
BJ-AE638B1B,Finance Bénin Invest,Finance & Assurance,Kalalé,+229 86 78 64 62,finance.bénin.invest@finance.bénin.invest.net,financebénininvest.bj,Grande (>200),B2B,LinkedIn,,Actif,2026-06-29T00:14:36.022554,haute
BJ-F60E2356,Crédit Finance,Finance & Assurance,Kalalé,+229 75 64 32 46,,,PME (50-200),B2B,LinkedIn,,Actif,2026-06-29T00:14:36.022564,basse
BJ-3D59FAFB,Cabinet National,Finance & Assurance,Kalalé,+229 47 99 30 25,cabinet.national@cabinet.national.com,cabinetnational.bj,TPE (<10),B2C,LinkedIn,,Actif,2026-06-29T00:14:36.022575,haute
BJ-D3532FF0,Santé,Finance & Assurance,Kalalé,+229 34 68 30 60,santé@santé.com,santé.bj,PME (10-50),B2B,LinkedIn,,Actif,2026-06-29T00:14:36.022589,haute
BJ-6B569FE3,Investissement,Finance & Assurance,Kalalé,+229 61 94 55 32,investissement@investissement.benin,investissement.bj,PME (10-50),B2C,LinkedIn,,Actif,2026-06-29T00:14:36.022601,haute
BJ-7726C440,Assurance West SA,Finance & Assurance,Ndali,+229 60 72 81 67,assurance.west.sa@assurance.west.sa.org,assurancewestsa.bj,PME (10-50),B2C,LinkedIn,,Actif,2026-06-29T00:14:36.022631,haute
BJ-E0F673C1,Cabinet Capital,Finance & Assurance,Ndali,+229 67 80 97 58,,cabinetcapital.bj,TPE (<10),B2B,LinkedIn,,Actif,2026-06-29T00:14:36.022642,moyenne
BJ-F47F15F3,Africa Bank,Finance & Assurance,Ndali,+229 44 17 50 93,africa.bank@africa.bank.com,,TPE (<10),B2C,LinkedIn,,Actif,2026-06-29T00:14:36.022653,moyenne
BJ-A9732B79,Africa International,Finance & Assurance,Ndali,+229 47 72 52 53,africa.international@africa.international.com,,TPE (<10),B2B,LinkedIn,,Actif,2026-06-29T00:14:36.022664,moyenne
BJ-3B5A78BE,International Capital,Finance & Assurance,Ségbana,+229 65 56 19 40,international.capital@international.capital.benin,internationalcapital.bj,TPE (<10),B2C,LinkedIn,,Actif,2026-06-29T00:14:36.022680,haute
BJ-F7B0DF2D,Société Épargne,Finance & Assurance,Ségbana,+229 42 63 50 47,société.épargne@société.épargne.com,,PME (10-50),B2B,LinkedIn,,Actif,2026-06-29T00:14:36.022692,moyenne
BJ-74E589DF,Finance Africa,Finance & Assurance,Ségbana,+229 44 25 70 81,finance.africa@finance.africa.org,financeafrica.bj,TPE (<10),B2B,LinkedIn,,Actif,2026-06-29T00:14:36.022703,haute
BJ-F046341D,Épargne Finance,Finance & Assurance,Ségbana,+229 20 46 98 93,,épargnefinance.bj,PME (50-200),B2B,LinkedIn,,Actif,2026-06-29T00:14:36.022729,moyenne
BJ-67955C16,Assurance Assurance Bank,Finance & Assurance,Tchaourou,+229 47 89 69 13,,,PME (10-50),B2C,LinkedIn,,Actif,2026-06-29T00:14:36.022744,basse
BJ-B526D227,Cabinet Bénin Groupe,Finance & Assurance,Tchaourou,+229 32 97 10 26,,cabinetbéningroupe.bj,TPE (<10),B2C,LinkedIn,,Actif,2026-06-29T00:14:36.022755,moyenne
BJ-5AEEFDC7,Cabinet Assurance,Finance & Assurance,Tchaourou,+229 99 71 51 13,cabinet.assurance@cabinet.assurance.benin,cabinetassurance.bj,PME (10-50),B2B,LinkedIn,,Actif,2026-06-29T00:14:36.022766,haute
BJ-B5D34B39,Capital Capital Tchaourou,Finance & Assurance,Tchaourou,+229 72 60 23 45,capital.capital.tchaourou@capital.capital.tchaourou.org,capitalcapitaltchaourou.bj,PME (50-200),B2B,LinkedIn,,Actif,2026-06-29T00:14:36.022789,haute
BJ-A31B0D1C,Cabinet Crédit Capital Bétérou,Finance & Assurance,Bétérou,+229 65 78 56 83,cabinet.crédit.capital.bétérou@cabinet.crédit.capital.bétérou.benin,cabinetcréditcapitalbétérou.bj,PME (10-50),B2B,LinkedIn,,Actif,2026-06-29T00:14:36.022807,haute
BJ-1D45C20F,Sécurité,Finance & Assurance,Bétérou,+229 21 80 76 28,sécurité@sécurité.com,sécurité.bj,TPE (<10),B2C,LinkedIn,,Actif,2026-06-29T00:14:36.022818,haute
BJ-4B5E20D3,Cabinet Sécurité International Bétérou,Finance & Assurance,Bétérou,+229 58 26 18 60,cabinet.sécurité.international.bétérou@cabinet.sécurité.international.bétérou.bj,cabinetsécuritéinternationalbétérou.bj,PME (50-200),B2B,LinkedIn,,Actif,2026-06-29T00:14:36.022831,haute
BJ-DE05A181,Vie Bank Bétérou,Finance & Assurance,Bétérou,+229 66 35 78 26,vie.bank.bétérou@vie.bank.bétérou.com,viebankbétérou.bj,PME (10-50),B2C,LinkedIn,,Actif,2026-06-29T00:14:36.022848,haute
BJ-736FC182,Investissement,Finance & Assurance,Bétérou,+229 77 31 92 46,investissement@investissement.com,investissement.bj,PME (10-50),B2C,LinkedIn,,Actif,2026-06-29T00:14:36.022860,haute
BJ-E2B63610,Cabinet Vie Invest Ouessè,Finance & Assurance,Ouessè,+229 92 36 39 70,,cabinetvieinvestouessè.bj,PME (10-50),B2B,LinkedIn,,Actif,2026-06-29T00:14:36.022880,moyenne
BJ-C9B7D0E0,Société National,Finance & Assurance,Ouessè,+229 46 92 58 43,société.national@société.national.benin,sociéténational.bj,PME (10-50),B2B,LinkedIn,,Actif,2026-06-29T00:14:36.022903,haute
BJ-8737C8CC,Finance Crédit,Finance & Assurance,Ouessè,+229 55 55 13 32,finance.crédit@finance.crédit.net,,Grande (>200),B2B,LinkedIn,,Actif,2026-06-29T00:14:36.022934,moyenne
BJ-60AB01D1,Banque Sécurité SARL,Finance & Assurance,Ouessè,+229 97 89 97 76,banque.sécurité.sarl@banque.sécurité.sarl.com,banquesécuritésarl.bj,PME (50-200),B2C,LinkedIn,,Actif,2026-06-29T00:14:36.022962,haute
BJ-D54708D1,Auto Finance Ouessè,Finance & Assurance,Ouessè,+229 60 39 51 39,auto.finance.ouessè@auto.finance.ouessè.org,autofinanceouessè.bj,PME (50-200),B2C,LinkedIn,,Actif,2026-06-29T00:14:36.022974,haute
BJ-F0DA573C,Groupe Africa Assurances,Finance & Assurance,Glazoué,+229 66 25 32 51,groupe.africa.assurances@groupe.africa.assurances.benin,,TPE (<10),B2B,LinkedIn,,Actif,2026-06-29T00:14:36.022995,moyenne
BJ-A72C2E77,Cabinet International Finance,Finance & Assurance,Glazoué,+229 59 84 71 86,,,PME (50-200),B2C,LinkedIn,,Actif,2026-06-29T00:14:36.023006,basse
BJ-FA60F439,Assurance Investissement Glazoué,Finance & Assurance,Glazoué,+229 61 65 29 59,assurance.investissement.glazoué@assurance.investissement.glazoué.bj,assuranceinvestissementglazoué.bj,PME (10-50),B2B,LinkedIn,,Actif,2026-06-29T00:14:36.023018,haute
BJ-B5DAACB4,Santé,Finance & Assurance,Glazoué,+229 96 96 27 69,santé@santé.benin,santé.bj,PME (10-50),B2B,LinkedIn,,Actif,2026-06-29T00:14:36.023033,haute
BJ-D429A481,Finance Auto,Finance & Assurance,Glazoué,+229 61 32 41 49,,financeauto.bj,Grande (>200),B2C,LinkedIn,,Actif,2026-06-29T00:14:36.023044,moyenne
BJ-8C93BCE7,West SARL,Finance & Assurance,Dassa-Zoumè,+229 87 67 97 11,west.sarl@west.sarl.com,westsarl.bj,PME (50-200),B2C,LinkedIn,,Actif,2026-06-29T00:14:36.023061,haute
BJ-8E3E6CFC,Société Bénin Capital Dassa-Zoumè,Finance & Assurance,Dassa-Zoumè,+229 49 88 93 10,société.bénin.capital.dassazoumè@société.bénin.capital.dassazoumè.net,sociétébénincapitaldassazoumè.bj,TPE (<10),B2B,LinkedIn,,Actif,2026-06-29T00:14:36.023078,haute
BJ-CBBBDC19,Investissement,Finance & Assurance,Dassa-Zoumè,+229 87 39 23 36,investissement@investissement.com,investissement.bj,TPE (<10),B2B,LinkedIn,,Actif,2026-06-29T00:14:36.023089,haute
BJ-DD15E593,Santé Groupe,Finance & Assurance,Dassa-Zoumè,+229 78 29 67 18,santé.groupe@santé.groupe.org,santégroupe.bj,PME (10-50),B2C,LinkedIn,,Actif,2026-06-29T00:14:36.023112,haute
BJ-58BC52DC,Groupe Assurance,Finance & Assurance,Savalou,+229 33 82 23 45,groupe.assurance@groupe.assurance.com,,TPE (<10),B2B,LinkedIn,,Actif,2026-06-29T00:14:36.023131,moyenne
BJ-8F5A7757,Banque Épargne,Finance & Assurance,Savalou,+229 79 20 19 13,banque.épargne@banque.épargne.net,banqueépargne.bj,PME (10-50),B2B,LinkedIn,,Actif,2026-06-29T00:14:36.023144,haute
BJ-8DB0DA19,Cabinet Santé,Finance & Assurance,Savalou,+229 37 40 88 21,cabinet.santé@cabinet.santé.bj,cabinetsanté.bj,Grande (>200),B2B,LinkedIn,,Actif,2026-06-29T00:14:36.023155,haute
BJ-9FE64771,National Savalou,Finance & Assurance,Savalou,+229 27 58 63 78,national.savalou@national.savalou.net,nationalsavalou.bj,PME (50-200),B2B,LinkedIn,,Actif,2026-06-29T00:14:36.023169,haute
BJ-F17CC1F4,Société Protection,Finance & Assurance,Savalou,+229 52 18 30 92,société.protection@société.protection.net,sociétéprotection.bj,TPE (<10),B2C,LinkedIn,,Actif,2026-06-29T00:14:36.023181,haute
BJ-2D8A6A05,National Invest,Finance & Assurance,Bantè,+229 58 33 99 22,national.invest@national.invest.benin,nationalinvest.bj,TPE (<10),B2C,LinkedIn,,Actif,2026-06-29T00:14:36.023198,haute
BJ-291EBF16,Protection Capital,Finance & Assurance,Bantè,+229 52 14 70 85,protection.capital@protection.capital.com,protectioncapital.bj,PME (10-50),B2C,LinkedIn,,Actif,2026-06-29T00:14:36.023209,haute
BJ-AF4F3AEA,West Assurances Bantè,Finance & Assurance,Bantè,+229 79 18 42 45,west.assurances.bantè@west.assurances.bantè.com,westassurancesbantè.bj,PME (10-50),B2C,LinkedIn,,Actif,2026-06-29T00:14:36.023225,haute
BJ-0A4AA589,Assurance Épargne International,Finance & Assurance,Bantè,+229 85 70 27 93,assurance.épargne.international@assurance.épargne.international.net,assuranceépargneinternational.bj,PME (10-50),B2B,LinkedIn,,Actif,2026-06-29T00:14:36.023238,haute
BJ-8093E047,Société West Djougou,Finance & Assurance,Djougou,+229 67 70 11 49,société.west.djougou@société.west.djougou.benin,sociétéwestdjougou.bj,PME (50-200),B2C,LinkedIn,,Actif,2026-06-29T00:14:36.023278,haute
BJ-09E75A5A,Auto Capital,Finance & Assurance,Djougou,+229 35 68 37 63,auto.capital@auto.capital.com,autocapital.bj,TPE (<10),B2C,LinkedIn,,Actif,2026-06-29T00:14:36.023289,haute
BJ-B3D10611,Assurance Capital Djougou,Finance & Assurance,Djougou,+229 96 77 29 58,assurance.capital.djougou@assurance.capital.djougou.net,assurancecapitaldjougou.bj,Grande (>200),B2C,LinkedIn,,Actif,2026-06-29T00:14:36.023303,haute
BJ-307295A3,Finance Investissement Capital,Finance & Assurance,Djougou,+229 79 84 19 80,,financeinvestissementcapital.bj,PME (10-50),B2C,LinkedIn,,Actif,2026-06-29T00:14:36.023314,moyenne
BJ-5C15598F,Finance Crédit International,Finance & Assurance,Ouèssè,+229 82 64 97 44,finance.crédit.international@finance.crédit.international.com,financecréditinternational.bj,PME (10-50),B2C,LinkedIn,,Actif,2026-06-29T00:14:36.023332,haute
BJ-E10A710F,Assurance Investissement,Finance & Assurance,Ouèssè,+229 66 86 62 45,assurance.investissement@assurance.investissement.net,assuranceinvestissement.bj,TPE (<10),B2B,LinkedIn,,Actif,2026-06-29T00:14:36.023344,haute
BJ-FDE2ABF1,National,Finance & Assurance,Ouèssè,+229 48 81 63 13,national@national.benin,,Grande (>200),B2C,LinkedIn,,Actif,2026-06-29T00:14:36.023358,moyenne
BJ-CA3576C3,Africa,Finance & Assurance,Ouèssè,+229 48 63 48 13,africa@africa.com,africa.bj,PME (10-50),B2B,LinkedIn,,Actif,2026-06-29T00:14:36.023370,haute
BJ-16CAB1B0,Société Protection,Finance & Assurance,Ouèssè,+229 57 85 58 64,société.protection@société.protection.com,sociétéprotection.bj,TPE (<10),B2C,LinkedIn,,Actif,2026-06-29T00:14:36.023382,haute
BJ-CA544DC8,Crédit SARL,Finance & Assurance,Bassila,+229 30 52 24 29,,créditsarl.bj,TPE (<10),B2B,LinkedIn,,Actif,2026-06-29T00:14:36.023398,moyenne
BJ-5AA9DD9A,Cabinet Bénin Assurances Bassila,Finance & Assurance,Bassila,+229 40 88 98 67,cabinet.bénin.assurances.bassila@cabinet.bénin.assurances.bassila.com,cabinetbéninassurancesbassila.bj,PME (10-50),B2B,LinkedIn,,Actif,2026-06-29T00:14:36.023423,haute
BJ-5CFA3871,Investissement Bank,Finance & Assurance,Bassila,+229 24 51 26 65,investissement.bank@investissement.bank.org,,PME (50-200),B2C,LinkedIn,,Actif,2026-06-29T00:14:36.023632,moyenne
BJ-889E10A9,Groupe National Bassila,Finance & Assurance,Bassila,+229 53 32 46 31,,groupenationalbassila.bj,PME (10-50),B2C,LinkedIn,,Actif,2026-06-29T00:14:36.023647,moyenne
BJ-F684E6F0,West,Finance & Assurance,Pehunco,+229 92 92 17 41,west@west.benin,,TPE (<10),B2B,LinkedIn,,Actif,2026-06-29T00:14:36.023665,moyenne
BJ-7D389768,Cabinet Bénin,Finance & Assurance,Pehunco,+229 85 27 30 33,cabinet.bénin@cabinet.bénin.benin,cabinetbénin.bj,Grande (>200),B2C,LinkedIn,,Actif,2026-06-29T00:14:36.023678,haute
BJ-0F719399,Banque Sécurité Assurances Pehunco,Finance & Assurance,Pehunco,+229 86 15 76 51,,banquesécuritéassurancespehunco.bj,Grande (>200),B2B,LinkedIn,,Actif,2026-06-29T00:14:36.023702,moyenne
BJ-0A9E3FA0,Capital Capital,Finance & Assurance,Pehunco,+229 60 84 47 57,capital.capital@capital.capital.org,capitalcapital.bj,PME (50-200),B2B,LinkedIn,,Actif,2026-06-29T00:14:36.023713,haute
BJ-C63A6659,Crédit,Finance & Assurance,Pehunco,+229 90 53 85 66,crédit@crédit.bj,crédit.bj,Grande (>200),B2C,LinkedIn,,Actif,2026-06-29T00:14:36.023725,haute
BJ-1E149B5D,Banque Crédit Copargo,Finance & Assurance,Copargo,+229 96 93 50 29,banque.crédit.copargo@banque.crédit.copargo.benin,banquecréditcopargo.bj,TPE (<10),B2B,LinkedIn,,Actif,2026-06-29T00:14:36.023746,haute
BJ-9D0ECD8F,Protection Copargo,Finance & Assurance,Copargo,+229 26 77 58 30,protection.copargo@protection.copargo.net,protectioncopargo.bj,TPE (<10),B2C,LinkedIn,,Actif,2026-06-29T00:14:36.023758,haute
BJ-D6AC1CEA,Protection,Finance & Assurance,Copargo,+229 89 42 85 30,protection@protection.net,protection.bj,TPE (<10),B2B,LinkedIn,,Actif,2026-06-29T00:14:36.023771,haute
BJ-E577FC81,Groupe Africa,Finance & Assurance,Copargo,+229 96 44 74 95,groupe.africa@groupe.africa.org,,PME (10-50),B2B,LinkedIn,,Actif,2026-06-29T00:14:36.023785,moyenne
BJ-FB54D5F9,Épargne Bank,Finance & Assurance,Copargo,+229 58 36 52 11,épargne.bank@épargne.bank.bj,épargnebank.bj,TPE (<10),B2C,LinkedIn,,Actif,2026-06-29T00:14:36.023798,haute
BJ-4BAC5A0C,Transit International,Transport & Logistique,Cotonou,+229 30 75 86 67,,,PME (50-200),B2B,LinkedIn,,Actif,2026-06-29T00:14:36.023814,basse
BJ-83E6119F,Transit,Transport & Logistique,Cotonou,+229 45 33 50 87,,transit.bj,TPE (<10),B2C,LinkedIn,,Actif,2026-06-29T00:14:36.023825,moyenne
BJ-1101F99E,Urgent Delivery Cotonou,Transport & Logistique,Cotonou,+229 96 15 94 45,,urgentdeliverycotonou.bj,PME (10-50),B2B,LinkedIn,,Actif,2026-06-29T00:14:36.023836,moyenne
BJ-934F3510,SARL Livraison,Transport & Logistique,Cotonou,+229 52 98 38 23,sarl.livraison@sarl.livraison.com,sarllivraison.bj,TPE (<10),B2B,LinkedIn,,Actif,2026-06-29T00:14:36.023847,haute
BJ-8DB19CD0,Logistique Maritime Logistique,Transport & Logistique,Cotonou,+229 96 46 79 64,,,PME (10-50),B2B,LinkedIn,,Actif,2026-06-29T00:14:36.023857,basse
BJ-6538D8C2,Transit Bénin Abomey-Calavi,Transport & Logistique,Abomey-Calavi,+229 72 66 80 56,transit.bénin.abomeycalavi@transit.bénin.abomeycalavi.net,,TPE (<10),B2B,LinkedIn,,Actif,2026-06-29T00:14:36.023874,moyenne
BJ-1B62E2E4,Delivery Urgent,Transport & Logistique,Abomey-Calavi,+229 93 33 37 50,,deliveryurgent.bj,TPE (<10),B2B,LinkedIn,,Actif,2026-06-29T00:14:36.023885,moyenne
BJ-47BC6C42,Logistique Cargo,Transport & Logistique,Abomey-Calavi,+229 41 41 38 59,,,PME (10-50),B2B,LinkedIn,,Actif,2026-06-29T00:14:36.023924,basse
BJ-9E0C6155,Rapide Express Abomey-Calavi,Transport & Logistique,Abomey-Calavi,+229 22 72 58 93,,,Grande (>200),B2B,LinkedIn,,Actif,2026-06-29T00:14:36.023959,basse
BJ-8EEF1719,Transport Livraison Transport,Transport & Logistique,Abomey-Calavi,+229 75 48 30 13,transport.livraison.transport@transport.livraison.transport.net,transportlivraisontransport.bj,TPE (<10),B2C,LinkedIn,,Actif,2026-06-29T00:14:36.023971,haute
BJ-EE49319D,Groupe Aérien,Transport & Logistique,Porto-Novo,+229 84 82 32 29,groupe.aérien@groupe.aérien.benin,groupeaérien.bj,PME (10-50),B2B,LinkedIn,,Actif,2026-06-29T00:14:36.023990,haute
BJ-BA0C4FC1,Transport Rapide Transport,Transport & Logistique,Porto-Novo,+229 72 98 51 43,,,Grande (>200),B2C,LinkedIn,,Actif,2026-06-29T00:14:36.024001,basse
BJ-B3FC2EDB,Groupe Rapide Express Porto-Novo,Transport & Logistique,Porto-Novo,+229 49 88 26 81,,,TPE (<10),B2C,LinkedIn,,Actif,2026-06-29T00:14:36.024010,basse
BJ-258B4B27,Logistique Express,Transport & Logistique,Porto-Novo,+229 43 37 32 33,,logistiqueexpress.bj,PME (10-50),B2B,LinkedIn,,Actif,2026-06-29T00:14:36.024021,moyenne
BJ-6214BEE6,Express Porto-Novo,Transport & Logistique,Porto-Novo,+229 90 89 96 61,,,TPE (<10),B2C,LinkedIn,,Actif,2026-06-29T00:14:36.024033,basse
BJ-C0CE9CB0,Cargo Logistique,Transport & Logistique,Parakou,+229 90 18 62 59,cargo.logistique@cargo.logistique.org,,PME (10-50),B2C,LinkedIn,,Actif,2026-06-29T00:14:36.024050,moyenne
BJ-273A156B,Courrier,Transport & Logistique,Parakou,+229 34 20 84 83,,,Grande (>200),B2C,LinkedIn,,Actif,2026-06-29T00:14:36.024060,basse
BJ-7701B863,Cargo Parakou,Transport & Logistique,Parakou,+229 74 47 60 56,cargo.parakou@cargo.parakou.org,,TPE (<10),B2B,LinkedIn,,Actif,2026-06-29T00:14:36.024070,moyenne
BJ-E9056D82,Messagerie,Transport & Logistique,Parakou,+229 95 61 89 67,,,PME (50-200),B2B,LinkedIn,,Actif,2026-06-29T00:14:36.024083,basse
BJ-58729692,Transport Livraison Express,Transport & Logistique,Bohicon,+229 47 97 49 61,transport.livraison.express@transport.livraison.express.benin,,PME (10-50),B2B,LinkedIn,,Actif,2026-06-29T00:14:36.024109,moyenne
BJ-A3FC105E,Logistique Courrier Logistique,Transport & Logistique,Bohicon,+229 99 78 24 48,,logistiquecourrierlogistique.bj,TPE (<10),B2B,LinkedIn,,Actif,2026-06-29T00:14:36.024123,moyenne
BJ-71D24D53,Courrier Transport,Transport & Logistique,Bohicon,+229 88 77 16 76,courrier.transport@courrier.transport.org,courriertransport.bj,PME (10-50),B2B,LinkedIn,,Actif,2026-06-29T00:14:36.024134,haute
BJ-E5CCA8BD,Transit Africa,Transport & Logistique,Bohicon,+229 20 63 40 95,transit.africa@transit.africa.org,,TPE (<10),B2B,LinkedIn,,Actif,2026-06-29T00:14:36.024145,moyenne
BJ-75D68621,Express Africa,Transport & Logistique,Bohicon,+229 41 68 74 21,express.africa@express.africa.bj,,PME (50-200),B2B,LinkedIn,,Actif,2026-06-29T00:14:36.024155,moyenne
BJ-277F0290,Maritime Natitingou,Transport & Logistique,Natitingou,+229 78 25 49 66,maritime.natitingou@maritime.natitingou.org,,TPE (<10),B2C,LinkedIn,,Actif,2026-06-29T00:14:36.024184,moyenne
BJ-F6EEE3F4,Express Express Delivery,Transport & Logistique,Natitingou,+229 93 16 88 89,,,PME (50-200),B2C,LinkedIn,,Actif,2026-06-29T00:14:36.024193,basse
BJ-C6B64969,Urgent Bénin,Transport & Logistique,Natitingou,+229 55 25 69 52,urgent.bénin@urgent.bénin.bj,urgentbénin.bj,TPE (<10),B2C,LinkedIn,,Actif,2026-06-29T00:14:36.024220,haute
BJ-3BF5F66D,Delivery Fret Express,Transport & Logistique,Lokossa,+229 34 80 45 24,delivery.fret.express@delivery.fret.express.net,deliveryfretexpress.bj,PME (10-50),B2B,LinkedIn,,Actif,2026-06-29T00:14:36.024239,haute
BJ-AA904DBE,Cargo Express,Transport & Logistique,Lokossa,+229 98 92 19 70,cargo.express@cargo.express.org,,TPE (<10),B2C,LinkedIn,,Actif,2026-06-29T00:14:36.024250,moyenne
BJ-3A94168A,Transport Cargo,Transport & Logistique,Lokossa,+229 76 66 25 33,transport.cargo@transport.cargo.bj,,PME (10-50),B2C,LinkedIn,,Actif,2026-06-29T00:14:36.024261,moyenne
BJ-164CA827,Déménagement Lokossa,Transport & Logistique,Lokossa,+229 56 92 92 58,déménagement.lokossa@déménagement.lokossa.bj,déménagementlokossa.bj,TPE (<10),B2B,LinkedIn,,Actif,2026-06-29T00:14:36.024273,haute
BJ-4D1FD7D5,SARL Messagerie Express,Transport & Logistique,Lokossa,+229 96 91 79 21,sarl.messagerie.express@sarl.messagerie.express.com,sarlmessagerieexpress.bj,TPE (<10),B2C,LinkedIn,,Actif,2026-06-29T00:14:36.024284,haute
BJ-A4067423,Delivery Express,Transport & Logistique,Ouidah,+229 71 47 35 23,delivery.express@delivery.express.net,deliveryexpress.bj,PME (10-50),B2B,LinkedIn,,Actif,2026-06-29T00:14:36.024300,haute
BJ-7F9E8E77,Rapide Fret,Transport & Logistique,Ouidah,+229 70 13 72 55,rapide.fret@rapide.fret.com,rapidefret.bj,TPE (<10),B2B,LinkedIn,,Actif,2026-06-29T00:14:36.024311,haute
BJ-C5B238BA,Transport Cargo,Transport & Logistique,Ouidah,+229 92 14 20 22,transport.cargo@transport.cargo.net,,PME (10-50),B2B,LinkedIn,,Actif,2026-06-29T00:14:36.024322,moyenne
BJ-85CF488D,Urgent SARL,Transport & Logistique,Ouidah,+229 31 88 49 37,,urgentsarl.bj,TPE (<10),B2B,LinkedIn,,Actif,2026-06-29T00:14:36.024336,moyenne
BJ-057160A4,Logistique Transit Ouidah,Transport & Logistique,Ouidah,+229 79 64 53 78,,logistiquetransitouidah.bj,PME (10-50),B2B,LinkedIn,,Actif,2026-06-29T00:14:36.024348,moyenne
BJ-5FB54B21,Livraison,Transport & Logistique,Savalou,+229 67 87 49 60,,livraison.bj,PME (10-50),B2C,LinkedIn,,Actif,2026-06-29T00:14:36.024364,moyenne
BJ-53CCC435,Delivery Distribution Africa,Transport & Logistique,Savalou,+229 70 98 53 76,delivery.distribution.africa@delivery.distribution.africa.benin,,Grande (>200),B2C,LinkedIn,,Actif,2026-06-29T00:14:36.024392,moyenne
BJ-3BD6BD92,Logistique Messagerie Savalou,Transport & Logistique,Savalou,+229 90 63 70 15,logistique.messagerie.savalou@logistique.messagerie.savalou.org,logistiquemessageriesavalou.bj,PME (10-50),B2B,LinkedIn,,Actif,2026-06-29T00:14:36.024404,haute
BJ-1D6015FD,Express Messagerie Transport,Transport & Logistique,Savalou,+229 47 84 63 70,express.messagerie.transport@express.messagerie.transport.benin,expressmessagerietransport.bj,TPE (<10),B2C,LinkedIn,,Actif,2026-06-29T00:14:36.024416,haute
BJ-2940740E,Messagerie Africa,Transport & Logistique,Savalou,+229 91 98 57 81,messagerie.africa@messagerie.africa.org,,TPE (<10),B2B,LinkedIn,,Actif,2026-06-29T00:14:36.024456,moyenne
BJ-E7830D5D,Aérien Dassa-Zoumè,Transport & Logistique,Dassa-Zoumè,+229 26 78 84 75,aérien.dassazoumè@aérien.dassazoumè.org,aériendassazoumè.bj,Grande (>200),B2C,LinkedIn,,Actif,2026-06-29T00:14:36.024474,haute
BJ-DEBA0DBA,Rapide Delivery,Transport & Logistique,Dassa-Zoumè,+229 38 25 78 75,,rapidedelivery.bj,TPE (<10),B2C,LinkedIn,,Actif,2026-06-29T00:14:36.024488,moyenne
BJ-61991825,Groupe Rapide,Transport & Logistique,Dassa-Zoumè,+229 64 59 20 56,groupe.rapide@groupe.rapide.net,,TPE (<10),B2B,LinkedIn,,Actif,2026-06-29T00:14:36.024500,moyenne
BJ-239718B1,Logistique Route,Transport & Logistique,Kétou,+229 70 40 16 61,logistique.route@logistique.route.benin,logistiqueroute.bj,TPE (<10),B2C,LinkedIn,,Actif,2026-06-29T00:14:36.024544,haute
BJ-2CCB32C6,Livraison Bénin,Transport & Logistique,Kétou,+229 89 89 67 81,,,PME (10-50),B2C,LinkedIn,,Actif,2026-06-29T00:14:36.024555,basse
BJ-A14C62B3,Express Cargo Express,Transport & Logistique,Kétou,+229 53 89 32 11,express.cargo.express@express.cargo.express.org,expresscargoexpress.bj,PME (10-50),B2C,LinkedIn,,Actif,2026-06-29T00:14:36.024566,haute
BJ-CF1B2D01,SARL Maritime,Transport & Logistique,Kétou,+229 84 23 24 99,sarl.maritime@sarl.maritime.bj,,PME (50-200),B2C,LinkedIn,,Actif,2026-06-29T00:14:36.024577,moyenne
BJ-A84922F5,Express Transit SARL,Transport & Logistique,Kétou,+229 90 32 17 78,,,PME (50-200),B2B,LinkedIn,,Actif,2026-06-29T00:14:36.024587,basse
BJ-0EE2C035,Groupe Fret Transport,Transport & Logistique,Covè,+229 60 13 56 29,,,PME (10-50),B2C,LinkedIn,,Actif,2026-06-29T00:14:36.024604,basse
BJ-41B65CB5,Rapide Transit,Transport & Logistique,Covè,+229 86 16 46 53,rapide.transit@rapide.transit.net,rapidetransit.bj,PME (10-50),B2B,LinkedIn,,Actif,2026-06-29T00:14:36.024617,haute
BJ-60531971,Logistique Cargo,Transport & Logistique,Covè,+229 40 33 40 39,logistique.cargo@logistique.cargo.bj,,TPE (<10),B2C,LinkedIn,,Actif,2026-06-29T00:14:36.024628,moyenne
BJ-97BCED6E,Distribution Africa,Transport & Logistique,Covè,+229 71 98 96 71,distribution.africa@distribution.africa.com,,TPE (<10),B2B,LinkedIn,,Actif,2026-06-29T00:14:36.024642,moyenne
BJ-BD7FE1F4,Groupe Distribution Express,Transport & Logistique,Pobè,+229 57 74 43 49,,,TPE (<10),B2C,LinkedIn,,Actif,2026-06-29T00:14:36.024669,basse
BJ-EF402274,Fret Pobè,Transport & Logistique,Pobè,+229 97 96 60 18,fret.pobè@fret.pobè.net,,PME (10-50),B2C,LinkedIn,,Actif,2026-06-29T00:14:36.024704,moyenne
BJ-B52AA414,Rapide Express,Transport & Logistique,Pobè,+229 57 34 42 42,,rapideexpress.bj,PME (50-200),B2B,LinkedIn,,Actif,2026-06-29T00:14:36.024714,moyenne
BJ-FCA094AD,Express,Transport & Logistique,Sakété,+229 62 21 71 75,express@express.bj,,TPE (<10),B2B,LinkedIn,,Actif,2026-06-29T00:14:36.024731,moyenne
BJ-81326469,Livraison Africa,Transport & Logistique,Sakété,+229 60 47 54 85,livraison.africa@livraison.africa.org,livraisonafrica.bj,PME (50-200),B2B,LinkedIn,,Actif,2026-06-29T00:14:36.024742,haute
BJ-868CDE61,Express Courrier Express,Transport & Logistique,Sakété,+229 50 78 24 44,,expresscourrierexpress.bj,TPE (<10),B2C,LinkedIn,,Actif,2026-06-29T00:14:36.024753,moyenne
BJ-F9E4AF12,Courrier International,Transport & Logistique,Sakété,+229 85 13 23 49,courrier.international@courrier.international.org,courrierinternational.bj,Grande (>200),B2B,LinkedIn,,Actif,2026-06-29T00:14:36.024767,haute
BJ-0EBBD0F2,Route,Transport & Logistique,Sakété,+229 58 65 77 54,route@route.benin,route.bj,PME (10-50),B2C,LinkedIn,,Actif,2026-06-29T00:14:36.024779,haute
BJ-1E62E44B,Messagerie International Adjara,Transport & Logistique,Adjara,+229 93 15 97 25,,,Grande (>200),B2B,LinkedIn,,Actif,2026-06-29T00:14:36.024798,basse
BJ-0DF639B4,Maritime Adjara,Transport & Logistique,Adjara,+229 99 82 41 26,maritime.adjara@maritime.adjara.bj,,PME (50-200),B2C,LinkedIn,,Actif,2026-06-29T00:14:36.024809,moyenne
BJ-DB5C0898,Express Déménagement,Transport & Logistique,Adjara,+229 49 70 51 14,express.déménagement@express.déménagement.bj,expressdéménagement.bj,PME (50-200),B2C,LinkedIn,,Actif,2026-06-29T00:14:36.024822,haute
BJ-BEFDF385,Express Maritime Express Adjara,Transport & Logistique,Adjara,+229 55 81 56 44,,expressmaritimeexpressadjara.bj,PME (10-50),B2B,LinkedIn,,Actif,2026-06-29T00:14:36.024833,moyenne
BJ-5B226E57,Rapide Urgent Bénin Adjara,Transport & Logistique,Adjara,+229 98 70 72 66,,rapideurgentbéninadjara.bj,PME (50-200),B2C,LinkedIn,,Actif,2026-06-29T00:14:36.024844,moyenne
BJ-CD87762C,Transport Maritime International,Transport & Logistique,Allada,+229 30 22 45 10,,transportmaritimeinternational.bj,PME (10-50),B2B,LinkedIn,,Actif,2026-06-29T00:14:36.024860,moyenne
BJ-58EC8737,Livraison Delivery,Transport & Logistique,Allada,+229 88 58 61 20,livraison.delivery@livraison.delivery.org,livraisondelivery.bj,PME (50-200),B2B,LinkedIn,,Actif,2026-06-29T00:14:36.024871,haute
BJ-7E9769F4,Fret Allada,Transport & Logistique,Allada,+229 46 81 80 23,fret.allada@fret.allada.org,,TPE (<10),B2B,LinkedIn,,Actif,2026-06-29T00:14:36.024885,moyenne
BJ-FA62B2D6,Groupe Urgent Allada,Transport & Logistique,Allada,+229 38 10 16 70,groupe.urgent.allada@groupe.urgent.allada.com,groupeurgentallada.bj,PME (10-50),B2B,LinkedIn,,Actif,2026-06-29T00:14:36.024927,haute
BJ-93E8CA3E,Logistique Express Bénin Allada,Transport & Logistique,Allada,+229 80 46 82 42,logistique.express.bénin.allada@logistique.express.bénin.allada.org,,PME (50-200),B2C,LinkedIn,,Actif,2026-06-29T00:14:36.024954,moyenne
BJ-C37DA668,Fret Transport,Transport & Logistique,Aplahoué,+229 39 37 70 54,fret.transport@fret.transport.com,,PME (10-50),B2C,LinkedIn,,Actif,2026-06-29T00:14:36.025001,moyenne
BJ-40C260B4,Logistique Cargo,Transport & Logistique,Aplahoué,+229 62 90 66 88,,logistiquecargo.bj,PME (10-50),B2B,LinkedIn,,Actif,2026-06-29T00:14:36.025022,moyenne
BJ-CE7924BD,Logistique Fret Africa,Transport & Logistique,Aplahoué,+229 70 62 83 23,,,PME (10-50),B2C,LinkedIn,,Actif,2026-06-29T00:14:36.025032,basse
BJ-CC6275A4,Logistique Distribution Bénin,Transport & Logistique,Aplahoué,+229 49 24 87 32,logistique.distribution.bénin@logistique.distribution.bénin.net,logistiquedistributionbénin.bj,PME (10-50),B2B,LinkedIn,,Actif,2026-06-29T00:14:36.025044,haute
BJ-1EC69203,Aérien,Transport & Logistique,Dogbo-Tota,+229 90 76 54 59,aérien@aérien.org,,TPE (<10),B2B,LinkedIn,,Actif,2026-06-29T00:14:36.025061,moyenne
BJ-A6A535B7,Transport Fret Dogbo-Tota,Transport & Logistique,Dogbo-Tota,+229 55 15 72 67,,transportfretdogbotota.bj,PME (10-50),B2B,LinkedIn,,Actif,2026-06-29T00:14:36.025072,moyenne
BJ-6F88BC7E,Transport Courrier,Transport & Logistique,Dogbo-Tota,+229 57 91 53 83,transport.courrier@transport.courrier.org,,TPE (<10),B2C,LinkedIn,,Actif,2026-06-29T00:14:36.025082,moyenne
BJ-DF3A7828,Rapide Livraison,Transport & Logistique,Dogbo-Tota,+229 81 40 60 63,rapide.livraison@rapide.livraison.com,,Grande (>200),B2B,LinkedIn,,Actif,2026-06-29T00:14:36.025096,moyenne
BJ-068F375B,Livraison,Transport & Logistique,Dogbo-Tota,+229 97 30 14 97,livraison@livraison.org,,TPE (<10),B2B,LinkedIn,,Actif,2026-06-29T00:14:36.025107,moyenne
BJ-FCD84257,Route Kpomassè,Transport & Logistique,Kpomassè,+229 62 82 69 84,route.kpomassè@route.kpomassè.benin,routekpomassè.bj,TPE (<10),B2B,LinkedIn,,Actif,2026-06-29T00:14:36.025125,haute
BJ-7E7D5C83,Distribution Logistique,Transport & Logistique,Kpomassè,+229 73 90 76 97,,distributionlogistique.bj,PME (50-200),B2C,LinkedIn,,Actif,2026-06-29T00:14:36.025135,moyenne
BJ-C95866BC,Transport Express,Transport & Logistique,Kpomassè,+229 28 34 27 10,,transportexpress.bj,TPE (<10),B2C,LinkedIn,,Actif,2026-06-29T00:14:36.025146,moyenne
BJ-02513CAE,Route International Kpomassè,Transport & Logistique,Kpomassè,+229 62 51 28 25,route.international.kpomassè@route.international.kpomassè.com,,PME (10-50),B2B,LinkedIn,,Actif,2026-06-29T00:14:36.025161,moyenne
BJ-82848A9B,SARL Cargo,Transport & Logistique,Kpomassè,+229 98 43 35 43,,sarlcargo.bj,PME (50-200),B2C,LinkedIn,,Actif,2026-06-29T00:14:36.025171,moyenne
BJ-407D077D,Courrier SARL,Transport & Logistique,Tori-Bossito,+229 60 78 76 89,courrier.sarl@courrier.sarl.com,courriersarl.bj,PME (10-50),B2B,LinkedIn,,Actif,2026-06-29T00:14:36.025188,haute
BJ-92D3BC3F,Cargo Transport,Transport & Logistique,Tori-Bossito,+229 35 25 99 38,cargo.transport@cargo.transport.com,cargotransport.bj,PME (50-200),B2B,LinkedIn,,Actif,2026-06-29T00:14:36.025199,haute
BJ-5B1827F7,Logistique Express,Transport & Logistique,Tori-Bossito,+229 54 21 68 15,,,PME (50-200),B2B,LinkedIn,,Actif,2026-06-29T00:14:36.025209,basse
BJ-EC1E9DA9,Groupe Cargo International,Transport & Logistique,Tori-Bossito,+229 54 32 96 50,groupe.cargo.international@groupe.cargo.international.org,groupecargointernational.bj,TPE (<10),B2C,LinkedIn,,Actif,2026-06-29T00:14:36.025226,haute
BJ-E3FC0F00,Groupe Aérien SARL Tori-Bossito,Transport & Logistique,Tori-Bossito,+229 74 85 71 81,groupe.aérien.sarl.toribossito@groupe.aérien.sarl.toribossito.net,groupeaériensarltoribossito.bj,PME (10-50),B2B,LinkedIn,,Actif,2026-06-29T00:14:36.025242,haute
BJ-C8A5E296,Express Messagerie Grand-Popo,Transport & Logistique,Grand-Popo,+229 51 45 90 69,,expressmessageriegrandpopo.bj,PME (50-200),B2B,LinkedIn,,Actif,2026-06-29T00:14:36.025260,moyenne
BJ-1E32AEE6,Cargo,Transport & Logistique,Grand-Popo,+229 84 71 78 78,cargo@cargo.com,,TPE (<10),B2C,LinkedIn,,Actif,2026-06-29T00:14:36.025270,moyenne
BJ-E62419D2,Courrier SARL,Transport & Logistique,Grand-Popo,+229 63 67 81 92,courrier.sarl@courrier.sarl.net,courriersarl.bj,TPE (<10),B2B,LinkedIn,,Actif,2026-06-29T00:14:36.025281,haute
BJ-42A5D222,Delivery Maritime Transport,Transport & Logistique,Grand-Popo,+229 82 66 34 39,delivery.maritime.transport@delivery.maritime.transport.benin,,TPE (<10),B2C,LinkedIn,,Actif,2026-06-29T00:14:36.025292,moyenne
BJ-826DD295,Rapide Express Express,Transport & Logistique,Grand-Popo,+229 45 26 82 78,rapide.express.express@rapide.express.express.net,,TPE (<10),B2C,LinkedIn,,Actif,2026-06-29T00:14:36.025302,moyenne
BJ-4F09D061,Urgent,Transport & Logistique,Athiémé,+229 21 63 55 86,urgent@urgent.bj,,TPE (<10),B2C,LinkedIn,,Actif,2026-06-29T00:14:36.025326,moyenne
BJ-B8E446D0,Rapide Déménagement SARL,Transport & Logistique,Athiémé,+229 38 90 76 28,,rapidedéménagementsarl.bj,PME (10-50),B2C,LinkedIn,,Actif,2026-06-29T00:14:36.025338,moyenne
BJ-FC47B682,SARL Fret International,Transport & Logistique,Athiémé,+229 93 92 46 45,,,TPE (<10),B2B,LinkedIn,,Actif,2026-06-29T00:14:36.025348,basse
BJ-E62B9F7E,Delivery Express Delivery,Transport & Logistique,Athiémé,+229 78 40 36 69,,,PME (50-200),B2B,LinkedIn,,Actif,2026-06-29T00:14:36.025360,basse
BJ-5EF351E1,Transport Maritime Express Athiémé,Transport & Logistique,Athiémé,+229 33 15 11 58,,,PME (50-200),B2C,LinkedIn,,Actif,2026-06-29T00:14:36.025374,basse
BJ-96FEEAFB,Transport Courrier Logistique,Transport & Logistique,Bopa,+229 75 13 45 74,transport.courrier.logistique@transport.courrier.logistique.com,transportcourrierlogistique.bj,PME (50-200),B2C,LinkedIn,,Actif,2026-06-29T00:14:36.025391,haute
BJ-5C73FB00,Courrier,Transport & Logistique,Bopa,+229 41 56 82 57,,,TPE (<10),B2C,LinkedIn,,Actif,2026-06-29T00:14:36.025401,basse
BJ-831A1299,Rapide Distribution Africa,Transport & Logistique,Bopa,+229 51 37 97 48,,,PME (10-50),B2C,LinkedIn,,Actif,2026-06-29T00:14:36.025411,basse
BJ-6A6837D2,Transport Aérien,Transport & Logistique,Bopa,+229 71 24 68 29,transport.aérien@transport.aérien.bj,transportaérien.bj,PME (50-200),B2B,LinkedIn,,Actif,2026-06-29T00:14:36.025423,haute
BJ-B94F9ECD,Logistique Messagerie,Transport & Logistique,Bopa,+229 26 87 57 21,logistique.messagerie@logistique.messagerie.org,logistiquemessagerie.bj,PME (50-200),B2C,LinkedIn,,Actif,2026-06-29T00:14:36.025434,haute
BJ-612DD6BC,Rapide Africa,Transport & Logistique,Houéyogbé,+229 54 68 51 60,,rapideafrica.bj,TPE (<10),B2C,LinkedIn,,Actif,2026-06-29T00:14:36.025450,moyenne
BJ-E6369F40,Courrier International,Transport & Logistique,Houéyogbé,+229 75 47 69 81,courrier.international@courrier.international.com,,TPE (<10),B2C,LinkedIn,,Actif,2026-06-29T00:14:36.025461,moyenne
BJ-1C715B49,Messagerie SARL,Transport & Logistique,Houéyogbé,+229 65 36 30 14,,messageriesarl.bj,Grande (>200),B2B,LinkedIn,,Actif,2026-06-29T00:14:36.025472,moyenne
BJ-2E0AD6F4,Express Route SARL,Transport & Logistique,Houéyogbé,+229 89 17 90 83,,,TPE (<10),B2C,LinkedIn,,Actif,2026-06-29T00:14:36.025484,basse
BJ-8A54C3D6,Transport Messagerie,Transport & Logistique,Houéyogbé,+229 42 21 50 96,transport.messagerie@transport.messagerie.bj,,PME (10-50),B2C,LinkedIn,,Actif,2026-06-29T00:14:36.025496,moyenne
BJ-C9037262,Groupe Distribution Bénin Malanville,Transport & Logistique,Malanville,+229 84 74 25 34,,groupedistributionbéninmalanville.bj,PME (10-50),B2C,LinkedIn,,Actif,2026-06-29T00:14:36.025513,moyenne
BJ-F5731819,Delivery Route Delivery,Transport & Logistique,Malanville,+229 85 75 71 84,delivery.route.delivery@delivery.route.delivery.net,,TPE (<10),B2B,LinkedIn,,Actif,2026-06-29T00:14:36.025524,moyenne
BJ-BD4981DB,Delivery Déménagement Logistique,Transport & Logistique,Malanville,+229 87 14 86 38,,,PME (50-200),B2B,LinkedIn,,Actif,2026-06-29T00:14:36.025534,basse
BJ-08157A16,Aérien Malanville,Transport & Logistique,Malanville,+229 91 62 24 26,,aérienmalanville.bj,TPE (<10),B2C,LinkedIn,,Actif,2026-06-29T00:14:36.025545,moyenne
BJ-FAE9F5DB,Rapide Fret,Transport & Logistique,Malanville,+229 53 18 54 26,rapide.fret@rapide.fret.net,rapidefret.bj,TPE (<10),B2B,LinkedIn,,Actif,2026-06-29T00:14:36.025559,haute
BJ-B727875B,Courrier,Transport & Logistique,Kandi,+229 99 45 82 72,courrier@courrier.com,courrier.bj,TPE (<10),B2B,LinkedIn,,Actif,2026-06-29T00:14:36.025576,haute
BJ-D72BB09A,Distribution,Transport & Logistique,Kandi,+229 46 96 58 64,distribution@distribution.benin,distribution.bj,TPE (<10),B2C,LinkedIn,,Actif,2026-06-29T00:14:36.025588,haute
BJ-78FA9BA8,Groupe Urgent,Transport & Logistique,Kandi,+229 98 86 92 78,groupe.urgent@groupe.urgent.bj,groupeurgent.bj,TPE (<10),B2B,LinkedIn,,Actif,2026-06-29T00:14:36.025602,haute
BJ-F1790553,Messagerie,Transport & Logistique,Kandi,+229 64 12 11 68,messagerie@messagerie.org,messagerie.bj,PME (10-50),B2C,LinkedIn,,Actif,2026-06-29T00:14:36.025622,haute
BJ-9F6F3042,Delivery Transit,Transport & Logistique,Kandi,+229 61 36 51 37,,deliverytransit.bj,Grande (>200),B2C,LinkedIn,,Actif,2026-06-29T00:14:36.025644,moyenne
BJ-9C92419C,Groupe Fret Banikoara,Transport & Logistique,Banikoara,+229 68 83 50 53,groupe.fret.banikoara@groupe.fret.banikoara.net,,TPE (<10),B2C,LinkedIn,,Actif,2026-06-29T00:14:36.025664,moyenne
BJ-8883F324,Messagerie International,Transport & Logistique,Banikoara,+229 24 53 98 79,messagerie.international@messagerie.international.com,messagerieinternational.bj,PME (10-50),B2C,LinkedIn,,Actif,2026-06-29T00:14:36.025676,haute
BJ-09DF9097,Cargo,Transport & Logistique,Banikoara,+229 41 94 89 96,,cargo.bj,TPE (<10),B2C,LinkedIn,,Actif,2026-06-29T00:14:36.025686,moyenne
BJ-702C6FD6,Transport Distribution,Transport & Logistique,Banikoara,+229 63 79 11 76,transport.distribution@transport.distribution.com,,PME (10-50),B2B,LinkedIn,,Actif,2026-06-29T00:14:36.025697,moyenne
BJ-DC3CA5EC,Cargo,Transport & Logistique,Ségbana,+229 83 95 59 50,cargo@cargo.com,cargo.bj,TPE (<10),B2B,LinkedIn,,Actif,2026-06-29T00:14:36.025725,haute
BJ-50213619,Delivery Livraison,Transport & Logistique,Ségbana,+229 24 26 13 81,delivery.livraison@delivery.livraison.org,deliverylivraison.bj,PME (10-50),B2B,LinkedIn,,Actif,2026-06-29T00:14:36.025737,haute
BJ-559C5470,Maritime,Transport & Logistique,Ségbana,+229 30 91 46 99,,maritime.bj,PME (10-50),B2B,LinkedIn,,Actif,2026-06-29T00:14:36.025747,moyenne
BJ-C0A17C31,Courrier Logistique,Transport & Logistique,Ségbana,+229 51 76 97 21,courrier.logistique@courrier.logistique.benin,,PME (10-50),B2B,LinkedIn,,Actif,2026-06-29T00:14:36.025761,moyenne
BJ-5AF05823,Delivery Déménagement Delivery,Transport & Logistique,Ségbana,+229 29 59 21 62,delivery.déménagement.delivery@delivery.déménagement.delivery.net,deliverydéménagementdelivery.bj,PME (10-50),B2B,LinkedIn,,Actif,2026-06-29T00:14:36.025774,haute
BJ-C88C3A2C,Delivery Aérien,Transport & Logistique,Karimama,+229 26 55 97 37,,,TPE (<10),B2B,LinkedIn,,Actif,2026-06-29T00:14:36.025790,basse
BJ-2FC519B9,Urgent,Transport & Logistique,Karimama,+229 46 69 89 89,urgent@urgent.com,,PME (50-200),B2C,LinkedIn,,Actif,2026-06-29T00:14:36.025804,moyenne
BJ-47433BFA,Courrier,Transport & Logistique,Karimama,+229 42 40 78 42,,courrier.bj,TPE (<10),B2B,LinkedIn,,Actif,2026-06-29T00:14:36.025815,moyenne
BJ-9CA8E645,Transit International,Transport & Logistique,Karimama,+229 77 34 95 69,transit.international@transit.international.com,transitinternational.bj,PME (10-50),B2B,LinkedIn,,Actif,2026-06-29T00:14:36.025826,haute
BJ-366950F1,Transit Africa,Transport & Logistique,Karimama,+229 33 96 38 43,transit.africa@transit.africa.org,,TPE (<10),B2B,LinkedIn,,Actif,2026-06-29T00:14:36.025838,moyenne
BJ-1508B01F,Livraison International,Transport & Logistique,Gogounou,+229 32 86 47 41,livraison.international@livraison.international.com,livraisoninternational.bj,TPE (<10),B2B,LinkedIn,,Actif,2026-06-29T00:14:36.025854,haute
BJ-CE62A1BC,Maritime,Transport & Logistique,Gogounou,+229 59 51 26 37,,,PME (10-50),B2B,LinkedIn,,Actif,2026-06-29T00:14:36.025864,basse
BJ-BCFEC5EA,Rapide Aérien International,Transport & Logistique,Gogounou,+229 30 36 81 90,rapide.aérien.international@rapide.aérien.international.net,rapideaérieninternational.bj,PME (10-50),B2C,LinkedIn,,Actif,2026-06-29T00:14:36.025877,haute
BJ-1A6D1070,SARL Maritime Delivery,Transport & Logistique,Gogounou,+229 85 76 81 47,sarl.maritime.delivery@sarl.maritime.delivery.net,,Grande (>200),B2C,LinkedIn,,Actif,2026-06-29T00:14:36.025901,moyenne
BJ-B9FC7C4E,Urgent Africa,Transport & Logistique,Gogounou,+229 57 81 98 51,urgent.africa@urgent.africa.net,urgentafrica.bj,PME (10-50),B2B,LinkedIn,,Actif,2026-06-29T00:14:36.025933,haute
BJ-4960E8D3,Courrier International,Transport & Logistique,Cobly,+229 28 48 89 54,,courrierinternational.bj,PME (50-200),B2C,LinkedIn,,Actif,2026-06-29T00:14:36.025978,moyenne
BJ-85919772,Groupe Transit,Transport & Logistique,Cobly,+229 88 60 36 13,groupe.transit@groupe.transit.bj,groupetransit.bj,PME (50-200),B2B,LinkedIn,,Actif,2026-06-29T00:14:36.025990,haute
BJ-D01667FA,Route Transport,Transport & Logistique,Cobly,+229 85 45 63 65,,,Grande (>200),B2B,LinkedIn,,Actif,2026-06-29T00:14:36.025999,basse
BJ-A0044833,Fret Logistique,Transport & Logistique,Cobly,+229 51 32 51 64,fret.logistique@fret.logistique.com,,PME (10-50),B2C,LinkedIn,,Actif,2026-06-29T00:14:36.026013,moyenne
BJ-5FE13D10,Transport Maritime Express,Transport & Logistique,Tanguiéta,+229 89 10 62 19,,,PME (10-50),B2C,LinkedIn,,Actif,2026-06-29T00:14:36.026029,basse
BJ-F28867FA,Delivery Messagerie Logistique Tanguiéta,Transport & Logistique,Tanguiéta,+229 21 42 74 72,delivery.messagerie.logistique.tanguiéta@delivery.messagerie.logistique.tanguiéta.bj,deliverymessagerielogistiquetanguiéta.bj,TPE (<10),B2B,LinkedIn,,Actif,2026-06-29T00:14:36.026043,haute
BJ-0A81FFE3,Transport Urgent,Transport & Logistique,Tanguiéta,+229 33 79 13 23,,,PME (50-200),B2B,LinkedIn,,Actif,2026-06-29T00:14:36.026052,basse
BJ-34255262,Maritime,Transport & Logistique,Tanguiéta,+229 84 50 74 59,maritime@maritime.bj,,PME (50-200),B2C,LinkedIn,,Actif,2026-06-29T00:14:36.026066,moyenne
BJ-BD2300CD,Groupe Aérien Logistique,Transport & Logistique,Tanguiéta,+229 79 50 39 47,,groupeaérienlogistique.bj,PME (50-200),B2C,LinkedIn,,Actif,2026-06-29T00:14:36.026080,moyenne
BJ-8265C76C,Rapide Transit,Transport & Logistique,Matéri,+229 69 17 33 29,rapide.transit@rapide.transit.bj,rapidetransit.bj,PME (50-200),B2C,LinkedIn,,Actif,2026-06-29T00:14:36.026097,haute
BJ-2E22380F,Rapide Express,Transport & Logistique,Matéri,+229 65 14 36 30,,rapideexpress.bj,PME (10-50),B2B,LinkedIn,,Actif,2026-06-29T00:14:36.026108,moyenne
BJ-D5202E0F,Groupe Urgent Express,Transport & Logistique,Matéri,+229 73 23 85 14,groupe.urgent.express@groupe.urgent.express.org,groupeurgentexpress.bj,TPE (<10),B2B,LinkedIn,,Actif,2026-06-29T00:14:36.026119,haute
BJ-44A05D2C,Transport Déménagement,Transport & Logistique,Matéri,+229 55 91 33 77,transport.déménagement@transport.déménagement.net,transportdéménagement.bj,PME (10-50),B2C,LinkedIn,,Actif,2026-06-29T00:14:36.026131,haute
BJ-CC797B2B,Groupe Aérien,Transport & Logistique,Matéri,+229 71 12 23 41,,,PME (10-50),B2C,LinkedIn,,Actif,2026-06-29T00:14:36.026141,basse
BJ-2C495C8F,Groupe Aérien,Transport & Logistique,Natitingou,+229 33 57 92 46,,,PME (50-200),B2B,LinkedIn,,Actif,2026-06-29T00:14:36.026156,basse
BJ-56F88787,Transit Express,Transport & Logistique,Natitingou,+229 26 34 66 54,,transitexpress.bj,TPE (<10),B2C,LinkedIn,,Actif,2026-06-29T00:14:36.026218,moyenne
BJ-D1473AF5,Delivery Route International Natitingou,Transport & Logistique,Natitingou,+229 50 51 76 63,delivery.route.international.natitingou@delivery.route.international.natitingou.org,deliveryrouteinternationalnatitingou.bj,PME (10-50),B2C,LinkedIn,,Actif,2026-06-29T00:14:36.026236,haute
BJ-3DCB7D8E,Transport Courrier Bénin,Transport & Logistique,Natitingou,+229 45 75 84 95,transport.courrier.bénin@transport.courrier.bénin.benin,transportcourrierbénin.bj,PME (50-200),B2C,LinkedIn,,Actif,2026-06-29T00:14:36.026250,haute
BJ-E167CADF,Express Transit Bénin,Transport & Logistique,Toucountouna,+229 51 90 42 95,express.transit.bénin@express.transit.bénin.org,,Grande (>200),B2B,LinkedIn,,Actif,2026-06-29T00:14:36.026269,moyenne
BJ-CEC39B46,Fret Toucountouna,Transport & Logistique,Toucountouna,+229 23 32 20 89,fret.toucountouna@fret.toucountouna.bj,frettoucountouna.bj,TPE (<10),B2C,LinkedIn,,Actif,2026-06-29T00:14:36.026293,haute
BJ-766CD47C,Logistique Déménagement,Transport & Logistique,Toucountouna,+229 81 10 16 72,logistique.déménagement@logistique.déménagement.benin,logistiquedéménagement.bj,TPE (<10),B2B,LinkedIn,,Actif,2026-06-29T00:14:36.026329,haute
BJ-1D13203D,Transport Fret Logistique,Transport & Logistique,Toucountouna,+229 59 81 87 49,transport.fret.logistique@transport.fret.logistique.org,,TPE (<10),B2B,LinkedIn,,Actif,2026-06-29T00:14:36.026357,moyenne
BJ-16559495,Delivery Fret Bénin Boukoumbé,Transport & Logistique,Boukoumbé,+229 67 38 67 48,delivery.fret.bénin.boukoumbé@delivery.fret.bénin.boukoumbé.benin,deliveryfretbéninboukoumbé.bj,Grande (>200),B2B,LinkedIn,,Actif,2026-06-29T00:14:36.026422,haute
BJ-E3619122,Transport Aérien Bénin,Transport & Logistique,Boukoumbé,+229 76 44 76 58,,,TPE (<10),B2C,LinkedIn,,Actif,2026-06-29T00:14:36.026459,basse
BJ-94A2AB2A,Transport Déménagement Boukoumbé,Transport & Logistique,Boukoumbé,+229 92 63 10 12,transport.déménagement.boukoumbé@transport.déménagement.boukoumbé.benin,transportdéménagementboukoumbé.bj,PME (10-50),B2C,LinkedIn,,Actif,2026-06-29T00:14:36.026485,haute
BJ-B6F50A5D,Express Transit Africa,Transport & Logistique,Boukoumbé,+229 90 85 19 88,express.transit.africa@express.transit.africa.benin,expresstransitafrica.bj,PME (50-200),B2B,LinkedIn,,Actif,2026-06-29T00:14:36.026514,haute
BJ-6F677476,Courrier,Transport & Logistique,Boukoumbé,+229 60 58 55 77,courrier@courrier.bj,courrier.bj,TPE (<10),B2B,LinkedIn,,Actif,2026-06-29T00:14:36.026541,haute
BJ-8A264BC4,Maritime Delivery,Transport & Logistique,Kouandé,+229 98 84 71 44,,,PME (50-200),B2C,LinkedIn,,Actif,2026-06-29T00:14:36.026572,basse
BJ-BE9DEB6B,Logistique Messagerie,Transport & Logistique,Kouandé,+229 93 86 90 68,,logistiquemessagerie.bj,TPE (<10),B2C,LinkedIn,,Actif,2026-06-29T00:14:36.026597,moyenne
BJ-DCFC9910,Route,Transport & Logistique,Kouandé,+229 65 23 87 69,,,PME (50-200),B2B,LinkedIn,,Actif,2026-06-29T00:14:36.026619,basse
BJ-EE954F13,Transit International,Transport & Logistique,Kouandé,+229 65 52 63 68,transit.international@transit.international.org,,TPE (<10),B2C,LinkedIn,,Actif,2026-06-29T00:14:36.026644,moyenne
BJ-8807E0D7,Delivery Courrier Kouandé,Transport & Logistique,Kouandé,+229 91 36 60 21,,,PME (10-50),B2B,LinkedIn,,Actif,2026-06-29T00:14:36.026667,basse
BJ-F06E6135,Transport Courrier Delivery,Transport & Logistique,Péhunco,+229 87 57 26 36,transport.courrier.delivery@transport.courrier.delivery.com,,TPE (<10),B2C,LinkedIn,,Actif,2026-06-29T00:14:36.026703,moyenne
BJ-1DD1CCCD,SARL Courrier,Transport & Logistique,Péhunco,+229 38 78 79 44,,,PME (10-50),B2C,LinkedIn,,Actif,2026-06-29T00:14:36.026747,basse
BJ-432D47CE,Urgent Express,Transport & Logistique,Péhunco,+229 95 88 70 26,,urgentexpress.bj,PME (10-50),B2C,LinkedIn,,Actif,2026-06-29T00:14:36.026790,moyenne
BJ-44404B16,Groupe Urgent Bénin,Transport & Logistique,Péhunco,+229 60 56 27 20,groupe.urgent.bénin@groupe.urgent.bénin.bj,groupeurgentbénin.bj,PME (10-50),B2C,LinkedIn,,Actif,2026-06-29T00:14:36.026824,haute
BJ-7EFF80DD,Transport Route SARL,Transport & Logistique,Péhunco,+229 27 64 41 70,transport.route.sarl@transport.route.sarl.bj,transportroutesarl.bj,TPE (<10),B2C,LinkedIn,,Actif,2026-06-29T00:14:36.026866,haute
BJ-E90C8121,Logistique Route,Transport & Logistique,Tchaourou,+229 71 75 46 34,logistique.route@logistique.route.bj,,PME (50-200),B2B,LinkedIn,,Actif,2026-06-29T00:14:36.026935,moyenne
BJ-E79B8C30,Express Maritime Logistique,Transport & Logistique,Tchaourou,+229 29 48 64 21,express.maritime.logistique@express.maritime.logistique.com,expressmaritimelogistique.bj,TPE (<10),B2B,LinkedIn,,Actif,2026-06-29T00:14:36.026949,haute
BJ-9BD879FF,SARL Maritime SARL,Transport & Logistique,Tchaourou,+229 76 62 67 28,,sarlmaritimesarl.bj,Grande (>200),B2B,LinkedIn,,Actif,2026-06-29T00:14:36.026961,moyenne
BJ-2D0FB9F1,Logistique Cargo,Transport & Logistique,Tchaourou,+229 45 62 45 49,logistique.cargo@logistique.cargo.benin,,PME (50-200),B2C,LinkedIn,,Actif,2026-06-29T00:14:36.026972,moyenne
BJ-15BB8C33,SARL Maritime,Transport & Logistique,Tchaourou,+229 52 25 92 79,sarl.maritime@sarl.maritime.net,,PME (10-50),B2C,LinkedIn,,Actif,2026-06-29T00:14:36.026983,moyenne
BJ-678A521C,SARL Maritime Nikki,Transport & Logistique,Nikki,+229 94 25 76 81,sarl.maritime.nikki@sarl.maritime.nikki.benin,sarlmaritimenikki.bj,TPE (<10),B2B,LinkedIn,,Actif,2026-06-29T00:14:36.027005,haute
BJ-AA049DB2,Groupe Urgent,Transport & Logistique,Nikki,+229 38 78 69 65,groupe.urgent@groupe.urgent.org,groupeurgent.bj,PME (10-50),B2B,LinkedIn,,Actif,2026-06-29T00:14:36.027017,haute
BJ-A986B686,Groupe Aérien Bénin,Transport & Logistique,Nikki,+229 44 22 23 16,groupe.aérien.bénin@groupe.aérien.bénin.org,groupeaérienbénin.bj,PME (10-50),B2C,LinkedIn,,Actif,2026-06-29T00:14:36.027030,haute
BJ-D492E4EC,Déménagement SARL,Transport & Logistique,Nikki,+229 98 18 50 29,déménagement.sarl@déménagement.sarl.benin,,PME (10-50),B2B,LinkedIn,,Actif,2026-06-29T00:14:36.027045,moyenne
BJ-600C0A8B,Rapide Aérien Transport,Transport & Logistique,Nikki,+229 26 76 69 33,rapide.aérien.transport@rapide.aérien.transport.net,rapideaérientransport.bj,PME (10-50),B2B,LinkedIn,,Actif,2026-06-29T00:14:36.027057,haute
BJ-396B5378,Express Rapide Express,Transport & Logistique,Bembéréké,+229 97 86 25 12,express.rapide.express@express.rapide.express.org,,TPE (<10),B2B,LinkedIn,,Actif,2026-06-29T00:14:36.027078,moyenne
BJ-4B3F58CC,Messagerie,Transport & Logistique,Bembéréké,+229 96 49 10 60,messagerie@messagerie.bj,messagerie.bj,TPE (<10),B2C,LinkedIn,,Actif,2026-06-29T00:14:36.027091,haute
BJ-E5F7A427,Groupe Transit Transport,Transport & Logistique,Bembéréké,+229 56 65 61 30,groupe.transit.transport@groupe.transit.transport.benin,,Grande (>200),B2C,LinkedIn,,Actif,2026-06-29T00:14:36.027102,moyenne
BJ-FE29A7A9,Livraison,Transport & Logistique,Bembéréké,+229 66 86 88 48,,livraison.bj,TPE (<10),B2B,LinkedIn,,Actif,2026-06-29T00:14:36.027115,moyenne
BJ-111BCF48,Express,Transport & Logistique,Bembéréké,+229 93 96 68 60,,express.bj,TPE (<10),B2C,LinkedIn,,Actif,2026-06-29T00:14:36.027126,moyenne
BJ-44923C50,SARL Express,Transport & Logistique,Kalalé,+229 24 69 47 74,sarl.express@sarl.express.benin,,PME (10-50),B2B,LinkedIn,,Actif,2026-06-29T00:14:36.027142,moyenne
BJ-C4947811,Transit Logistique Kalalé,Transport & Logistique,Kalalé,+229 69 90 44 29,,transitlogistiquekalalé.bj,PME (10-50),B2C,LinkedIn,,Actif,2026-06-29T00:14:36.027154,moyenne
BJ-51CCBFC1,Delivery Transit,Transport & Logistique,Kalalé,+229 79 83 78 64,,deliverytransit.bj,TPE (<10),B2C,LinkedIn,,Actif,2026-06-29T00:14:36.027165,moyenne
BJ-9BE6B194,Aérien Transport,Transport & Logistique,Kalalé,+229 59 93 74 87,aérien.transport@aérien.transport.net,aérientransport.bj,TPE (<10),B2C,LinkedIn,,Actif,2026-06-29T00:14:36.027180,haute
BJ-89BBF35F,Delivery Messagerie Africa Kalalé,Transport & Logistique,Kalalé,+229 37 57 29 66,,,PME (10-50),B2B,LinkedIn,,Actif,2026-06-29T00:14:36.027191,basse
BJ-14511310,Express Aérien,Transport & Logistique,Ndali,+229 37 93 97 17,express.aérien@express.aérien.com,expressaérien.bj,TPE (<10),B2C,LinkedIn,,Actif,2026-06-29T00:14:36.027209,haute
BJ-83F9624A,Rapide Cargo,Transport & Logistique,Ndali,+229 90 75 42 90,rapide.cargo@rapide.cargo.com,rapidecargo.bj,TPE (<10),B2C,LinkedIn,,Actif,2026-06-29T00:14:36.027221,haute
BJ-0C7726B5,Express SARL,Transport & Logistique,Ndali,+229 28 46 86 63,express.sarl@express.sarl.benin,expresssarl.bj,PME (10-50),B2B,LinkedIn,,Actif,2026-06-29T00:14:36.027233,haute
BJ-B85FECE2,SARL Urgent International,Transport & Logistique,Ndali,+229 20 51 66 34,sarl.urgent.international@sarl.urgent.international.bj,,PME (50-200),B2C,LinkedIn,,Actif,2026-06-29T00:14:36.027243,moyenne
BJ-600D0336,Rapide Express,Transport & Logistique,Ségbana,+229 78 19 33 90,rapide.express@rapide.express.bj,,TPE (<10),B2B,LinkedIn,,Actif,2026-06-29T00:14:36.027286,moyenne
BJ-0CCDE10A,Transport Maritime,Transport & Logistique,Ségbana,+229 72 51 46 10,transport.maritime@transport.maritime.bj,transportmaritime.bj,PME (10-50),B2C,LinkedIn,,Actif,2026-06-29T00:14:36.027314,haute
BJ-F59BDA3C,Rapide Fret Tchaourou,Transport & Logistique,Tchaourou,+229 49 86 38 39,rapide.fret.tchaourou@rapide.fret.tchaourou.benin,rapidefrettchaourou.bj,PME (50-200),B2C,LinkedIn,,Actif,2026-06-29T00:14:36.027344,haute
BJ-EDAD1D99,Courrier Bénin,Transport & Logistique,Tchaourou,+229 65 85 82 78,,,PME (10-50),B2C,LinkedIn,,Actif,2026-06-29T00:14:36.027354,basse
BJ-68D5BEF9,Transit Tchaourou,Transport & Logistique,Tchaourou,+229 99 60 75 95,transit.tchaourou@transit.tchaourou.bj,,TPE (<10),B2B,LinkedIn,,Actif,2026-06-29T00:14:36.027365,moyenne
BJ-D283DC05,Transport Urgent,Transport & Logistique,Tchaourou,+229 38 99 36 96,,,Grande (>200),B2B,LinkedIn,,Actif,2026-06-29T00:14:36.027375,basse
BJ-443FD0DC,Delivery Déménagement Delivery Tchaourou,Transport & Logistique,Tchaourou,+229 80 19 61 65,delivery.déménagement.delivery.tchaourou@delivery.déménagement.delivery.tchaourou.net,deliverydéménagementdeliverytchaourou.bj,TPE (<10),B2C,LinkedIn,,Actif,2026-06-29T00:14:36.027388,haute
BJ-F3CAE5C7,Groupe Cargo Transport,Transport & Logistique,Bétérou,+229 99 62 83 16,groupe.cargo.transport@groupe.cargo.transport.benin,groupecargotransport.bj,TPE (<10),B2C,LinkedIn,,Actif,2026-06-29T00:14:36.027405,haute
BJ-5B9E62EE,Transport Aérien Transport,Transport & Logistique,Bétérou,+229 71 70 58 56,transport.aérien.transport@transport.aérien.transport.com,transportaérientransport.bj,TPE (<10),B2C,LinkedIn,,Actif,2026-06-29T00:14:36.027418,haute
BJ-FEC6BBB6,Urgent SARL,Transport & Logistique,Bétérou,+229 37 56 16 72,,urgentsarl.bj,PME (50-200),B2C,LinkedIn,,Actif,2026-06-29T00:14:36.027429,moyenne
BJ-C5A110DB,Route SARL,Transport & Logistique,Bétérou,+229 22 56 89 96,route.sarl@route.sarl.net,,PME (50-200),B2C,LinkedIn,,Actif,2026-06-29T00:14:36.027443,moyenne
BJ-513D16B9,Express Route Bénin Bétérou,Transport & Logistique,Bétérou,+229 78 48 74 34,express.route.bénin.bétérou@express.route.bénin.bétérou.org,,TPE (<10),B2B,LinkedIn,,Actif,2026-06-29T00:14:36.027456,moyenne
BJ-7EAFD407,Rapide Rapide,Transport & Logistique,Ouessè,+229 45 39 59 81,,,TPE (<10),B2C,LinkedIn,,Actif,2026-06-29T00:14:36.027472,basse
BJ-D659BCB0,Rapide Fret Bénin,Transport & Logistique,Ouessè,+229 21 19 35 67,,,PME (10-50),B2C,LinkedIn,,Actif,2026-06-29T00:14:36.027482,basse
BJ-82D14051,Express Urgent Bénin,Transport & Logistique,Ouessè,+229 58 16 78 46,,expressurgentbénin.bj,TPE (<10),B2C,LinkedIn,,Actif,2026-06-29T00:14:36.027493,moyenne
BJ-F3A378B0,Rapide Route International,Transport & Logistique,Ouessè,+229 65 93 71 24,rapide.route.international@rapide.route.international.bj,rapiderouteinternational.bj,PME (10-50),B2B,LinkedIn,,Actif,2026-06-29T00:14:36.027533,haute
BJ-30CD6F8B,Fret Glazoué,Transport & Logistique,Glazoué,+229 58 54 47 36,fret.glazoué@fret.glazoué.net,fretglazoué.bj,TPE (<10),B2C,LinkedIn,,Actif,2026-06-29T00:14:36.027552,haute
BJ-AC00C990,Delivery Livraison,Transport & Logistique,Glazoué,+229 73 56 81 73,delivery.livraison@delivery.livraison.benin,deliverylivraison.bj,TPE (<10),B2C,LinkedIn,,Actif,2026-06-29T00:14:36.027564,haute
BJ-B514BFBE,Delivery Courrier SARL,Transport & Logistique,Glazoué,+229 59 91 62 73,,,PME (50-200),B2B,LinkedIn,,Actif,2026-06-29T00:14:36.027574,basse
BJ-63EAEA37,Express Transport,Transport & Logistique,Glazoué,+229 59 65 49 92,,expresstransport.bj,PME (10-50),B2C,LinkedIn,,Actif,2026-06-29T00:14:36.027587,moyenne
BJ-1482C5A3,Livraison,Transport & Logistique,Glazoué,+229 59 68 94 28,livraison@livraison.benin,livraison.bj,PME (50-200),B2C,LinkedIn,,Actif,2026-06-29T00:14:36.027601,haute
BJ-98548A45,Rapide Bénin Dassa-Zoumè,Transport & Logistique,Dassa-Zoumè,+229 97 15 90 53,,rapidebénindassazoumè.bj,TPE (<10),B2C,LinkedIn,,Actif,2026-06-29T00:14:36.027663,moyenne
BJ-87A56BD5,Courrier Africa,Transport & Logistique,Dassa-Zoumè,+229 84 68 15 77,courrier.africa@courrier.africa.com,,TPE (<10),B2C,LinkedIn,,Actif,2026-06-29T00:14:36.027681,moyenne
BJ-10808167,Rapide Déménagement Transport Dassa-Zoumè,Transport & Logistique,Dassa-Zoumè,+229 28 59 91 94,,,PME (50-200),B2B,LinkedIn,,Actif,2026-06-29T00:14:36.027711,basse
BJ-F2CAEEA3,Groupe Route Savalou,Transport & Logistique,Savalou,+229 64 32 86 60,groupe.route.savalou@groupe.route.savalou.com,grouperoutesavalou.bj,PME (10-50),B2C,LinkedIn,,Actif,2026-06-29T00:14:36.027756,haute
BJ-38EDAB0B,Messagerie Transport,Transport & Logistique,Savalou,+229 79 67 39 12,,,PME (10-50),B2C,LinkedIn,,Actif,2026-06-29T00:14:36.027770,basse
BJ-4822486B,Express,Transport & Logistique,Savalou,+229 79 18 17 66,,express.bj,PME (10-50),B2B,LinkedIn,,Actif,2026-06-29T00:14:36.027782,moyenne
BJ-74D65AEE,Logistique Messagerie,Transport & Logistique,Savalou,+229 88 40 77 93,,,TPE (<10),B2C,LinkedIn,,Actif,2026-06-29T00:14:36.027811,basse
BJ-BD51EAB4,Express Delivery,Transport & Logistique,Bantè,+229 83 31 20 98,express.delivery@express.delivery.bj,expressdelivery.bj,TPE (<10),B2C,LinkedIn,,Actif,2026-06-29T00:14:36.027836,haute
BJ-24530278,Déménagement Express,Transport & Logistique,Bantè,+229 54 58 59 69,,déménagementexpress.bj,TPE (<10),B2C,LinkedIn,,Actif,2026-06-29T00:14:36.027860,moyenne
BJ-81CE58AD,Delivery Courrier,Transport & Logistique,Bantè,+229 21 61 28 80,delivery.courrier@delivery.courrier.net,,PME (10-50),B2B,LinkedIn,,Actif,2026-06-29T00:14:36.027883,moyenne
BJ-2B5252F6,Cargo Express Bantè,Transport & Logistique,Bantè,+229 78 86 44 28,cargo.express.bantè@cargo.express.bantè.com,,PME (50-200),B2B,LinkedIn,,Actif,2026-06-29T00:14:36.027915,moyenne
BJ-71414D05,Groupe Rapide Express,Transport & Logistique,Bantè,+229 79 85 56 74,groupe.rapide.express@groupe.rapide.express.com,grouperapideexpress.bj,TPE (<10),B2B,LinkedIn,,Actif,2026-06-29T00:14:36.027942,haute
BJ-5484B1D4,Livraison Express,Transport & Logistique,Djougou,+229 51 50 32 93,,,PME (10-50),B2B,LinkedIn,,Actif,2026-06-29T00:14:36.027964,basse
BJ-0C18CC3F,SARL Livraison Djougou,Transport & Logistique,Djougou,+229 26 54 72 51,sarl.livraison.djougou@sarl.livraison.djougou.benin,sarllivraisondjougou.bj,PME (10-50),B2B,LinkedIn,,Actif,2026-06-29T00:14:36.027978,haute
BJ-D95F1058,Express Rapide,Transport & Logistique,Djougou,+229 84 11 93 32,,expressrapide.bj,PME (50-200),B2C,LinkedIn,,Actif,2026-06-29T00:14:36.027989,moyenne
BJ-BE8BCF0D,Urgent Logistique,Transport & Logistique,Djougou,+229 73 89 71 91,,,PME (10-50),B2B,LinkedIn,,Actif,2026-06-29T00:14:36.028004,basse
BJ-83172696,Courrier Djougou,Transport & Logistique,Djougou,+229 28 57 28 33,,courrierdjougou.bj,PME (50-200),B2B,LinkedIn,,Actif,2026-06-29T00:14:36.028015,moyenne
BJ-F7FC5B03,Groupe Aérien,Transport & Logistique,Ouèssè,+229 43 93 44 81,,,TPE (<10),B2B,LinkedIn,,Actif,2026-06-29T00:14:36.028032,basse
BJ-2F23C407,Rapide Livraison,Transport & Logistique,Ouèssè,+229 77 57 98 45,,,PME (10-50),B2C,LinkedIn,,Actif,2026-06-29T00:14:36.028043,basse
BJ-A2D02974,Maritime Ouèssè,Transport & Logistique,Ouèssè,+229 51 55 24 23,maritime.ouèssè@maritime.ouèssè.com,,TPE (<10),B2C,LinkedIn,,Actif,2026-06-29T00:14:36.028056,moyenne
BJ-28489258,Groupe Messagerie,Transport & Logistique,Ouèssè,+229 70 54 23 28,groupe.messagerie@groupe.messagerie.bj,groupemessagerie.bj,TPE (<10),B2B,LinkedIn,,Actif,2026-06-29T00:14:36.028073,haute
BJ-8B552911,Route,Transport & Logistique,Ouèssè,+229 68 61 97 77,route@route.com,route.bj,PME (10-50),B2C,LinkedIn,,Actif,2026-06-29T00:14:36.028102,haute
BJ-CA5D8314,Transport Cargo Express,Transport & Logistique,Bassila,+229 42 73 65 77,transport.cargo.express@transport.cargo.express.bj,,Grande (>200),B2C,LinkedIn,,Actif,2026-06-29T00:14:36.028120,moyenne
BJ-BE51AC41,Groupe Déménagement Logistique Bassila,Transport & Logistique,Bassila,+229 29 84 88 73,groupe.déménagement.logistique.bassila@groupe.déménagement.logistique.bassila.org,groupedéménagementlogistiquebassila.bj,Grande (>200),B2B,LinkedIn,,Actif,2026-06-29T00:14:36.028135,haute
BJ-291B18A4,SARL Livraison SARL,Transport & Logistique,Bassila,+229 48 77 13 21,sarl.livraison.sarl@sarl.livraison.sarl.org,,PME (50-200),B2C,LinkedIn,,Actif,2026-06-29T00:14:36.028146,moyenne
BJ-04A12C66,Logistique Maritime,Transport & Logistique,Bassila,+229 60 60 12 32,logistique.maritime@logistique.maritime.net,logistiquemaritime.bj,TPE (<10),B2C,LinkedIn,,Actif,2026-06-29T00:14:36.028162,haute
BJ-08382582,SARL Aérien Bénin Bassila,Transport & Logistique,Bassila,+229 93 70 37 38,,sarlaérienbéninbassila.bj,PME (10-50),B2C,LinkedIn,,Actif,2026-06-29T00:14:36.028176,moyenne
BJ-8BD5861F,Express,Transport & Logistique,Pehunco,+229 44 76 52 75,,express.bj,PME (10-50),B2C,LinkedIn,,Actif,2026-06-29T00:14:36.028193,moyenne
BJ-B449B7F2,Rapide International Pehunco,Transport & Logistique,Pehunco,+229 68 26 28 39,,rapideinternationalpehunco.bj,PME (10-50),B2C,LinkedIn,,Actif,2026-06-29T00:14:36.028205,moyenne
BJ-889FC6BA,Messagerie,Transport & Logistique,Pehunco,+229 55 17 31 19,messagerie@messagerie.org,messagerie.bj,TPE (<10),B2C,LinkedIn,,Actif,2026-06-29T00:14:36.028217,haute
BJ-6D7475FF,Urgent Bénin,Transport & Logistique,Pehunco,+229 59 79 50 52,urgent.bénin@urgent.bénin.org,,PME (50-200),B2C,LinkedIn,,Actif,2026-06-29T00:14:36.028240,moyenne
BJ-5182D269,Express Distribution Africa,Transport & Logistique,Copargo,+229 68 71 26 21,express.distribution.africa@express.distribution.africa.org,,TPE (<10),B2C,LinkedIn,,Actif,2026-06-29T00:14:36.028261,moyenne
BJ-678420C5,Route Africa Copargo,Transport & Logistique,Copargo,+229 81 69 60 81,,routeafricacopargo.bj,PME (50-200),B2B,LinkedIn,,Actif,2026-06-29T00:14:36.028273,moyenne
BJ-3F704F81,SARL Courrier Africa Copargo,Transport & Logistique,Copargo,+229 59 23 35 11,,,PME (10-50),B2C,LinkedIn,,Actif,2026-06-29T00:14:36.028284,basse
BJ-2B14B172,Courrier Logistique,Transport & Logistique,Copargo,+229 82 11 91 16,courrier.logistique@courrier.logistique.com,,Grande (>200),B2B,LinkedIn,,Actif,2026-06-29T00:14:36.028318,moyenne
BJ-AF0D1B80,Delivery Cargo International Copargo,Transport & Logistique,Copargo,+229 97 89 56 93,,,TPE (<10),B2C,LinkedIn,,Actif,2026-06-29T00:14:36.028342,basse
BJ-A53D3213,Mobile Cotonou,Télécommunications,Cotonou,+229 20 95 70 86,,,PME (50-200),B2C,LinkedIn,,Actif,2026-06-29T00:14:36.028374,basse
BJ-1E134EB9,Réseau Data,Télécommunications,Cotonou,+229 21 18 97 83,réseau.data@réseau.data.com,réseaudata.bj,PME (10-50),B2C,LinkedIn,,Actif,2026-06-29T00:14:36.028412,haute
BJ-D3E4B0C9,Communication Groupe,Télécommunications,Cotonou,+229 83 82 68 37,communication.groupe@communication.groupe.net,,PME (50-200),B2B,LinkedIn,,Actif,2026-06-29T00:14:36.028440,moyenne
BJ-C2BE1C7B,Digital Internet Africa,Télécommunications,Cotonou,+229 37 73 83 55,digital.internet.africa@digital.internet.africa.net,digitalinternetafrica.bj,TPE (<10),B2C,LinkedIn,,Actif,2026-06-29T00:14:36.028468,haute
BJ-B5737D72,Digital Fiber International,Télécommunications,Cotonou,+229 31 30 81 83,digital.fiber.international@digital.fiber.international.com,digitalfiberinternational.bj,TPE (<10),B2C,LinkedIn,,Actif,2026-06-29T00:14:36.028500,haute
BJ-CBC941D2,Connect,Télécommunications,Abomey-Calavi,+229 62 21 28 62,connect@connect.com,connect.bj,PME (10-50),B2C,LinkedIn,,Actif,2026-06-29T00:14:36.028539,haute
BJ-23D468E1,Mobile Connect Telecom,Télécommunications,Abomey-Calavi,+229 72 43 86 33,mobile.connect.telecom@mobile.connect.telecom.benin,mobileconnecttelecom.bj,PME (50-200),B2C,LinkedIn,,Actif,2026-06-29T00:14:36.028568,haute
BJ-C80C8AC4,Internet Communication International,Télécommunications,Abomey-Calavi,+229 30 85 37 71,,internetcommunicationinternational.bj,TPE (<10),B2B,LinkedIn,,Actif,2026-06-29T00:14:36.028594,moyenne
BJ-52A2C9FC,Wireless,Télécommunications,Abomey-Calavi,+229 25 22 89 25,wireless@wireless.org,,PME (50-200),B2B,LinkedIn,,Actif,2026-06-29T00:14:36.028621,moyenne
BJ-5B134699,Connect Telecom Abomey-Calavi,Télécommunications,Abomey-Calavi,+229 38 83 53 45,connect.telecom.abomeycalavi@connect.telecom.abomeycalavi.benin,connecttelecomabomeycalavi.bj,PME (10-50),B2C,LinkedIn,,Actif,2026-06-29T00:14:36.028650,haute
BJ-DFCA410E,Télécom Réseau Telecom,Télécommunications,Porto-Novo,+229 69 67 39 69,télécom.réseau.telecom@télécom.réseau.telecom.bj,télécomréseautelecom.bj,TPE (<10),B2B,LinkedIn,,Actif,2026-06-29T00:14:36.028699,haute
BJ-002ECB6A,Satellite,Télécommunications,Porto-Novo,+229 44 48 28 61,satellite@satellite.net,satellite.bj,Grande (>200),B2B,LinkedIn,,Actif,2026-06-29T00:14:36.028732,haute
BJ-3003BEB1,Mobile Internet SA,Télécommunications,Porto-Novo,+229 56 83 51 27,mobile.internet.sa@mobile.internet.sa.benin,mobileinternetsa.bj,PME (50-200),B2B,LinkedIn,,Actif,2026-06-29T00:14:36.028764,haute
BJ-F751DA98,Digital Wireless SARL,Télécommunications,Porto-Novo,+229 57 80 75 35,digital.wireless.sarl@digital.wireless.sarl.bj,digitalwirelesssarl.bj,TPE (<10),B2C,LinkedIn,,Actif,2026-06-29T00:14:36.028794,haute
BJ-45FA6FFF,Fiber,Télécommunications,Porto-Novo,+229 39 47 59 65,fiber@fiber.org,,TPE (<10),B2C,LinkedIn,,Actif,2026-06-29T00:14:36.028821,moyenne
BJ-18268703,Internet Wireless Africa,Télécommunications,Parakou,+229 40 39 94 13,internet.wireless.africa@internet.wireless.africa.benin,internetwirelessafrica.bj,PME (10-50),B2C,LinkedIn,,Actif,2026-06-29T00:14:36.028863,haute
BJ-A60A253B,Mobile Fiber International,Télécommunications,Parakou,+229 84 44 52 81,mobile.fiber.international@mobile.fiber.international.com,mobilefiberinternational.bj,PME (10-50),B2C,LinkedIn,,Actif,2026-06-29T00:14:36.028911,haute
BJ-D4C800E9,Satellite Telecom,Télécommunications,Parakou,+229 97 91 54 27,satellite.telecom@satellite.telecom.bj,satellitetelecom.bj,TPE (<10),B2C,LinkedIn,,Actif,2026-06-29T00:14:36.028941,haute
BJ-F028B875,Digital Internet,Télécommunications,Parakou,+229 75 86 20 91,digital.internet@digital.internet.org,digitalinternet.bj,PME (10-50),B2B,LinkedIn,,Actif,2026-06-29T00:14:36.028962,haute
BJ-BB252E56,Voice Africa Parakou,Télécommunications,Parakou,+229 78 29 59 80,voice.africa.parakou@voice.africa.parakou.org,voiceafricaparakou.bj,Grande (>200),B2B,LinkedIn,,Actif,2026-06-29T00:14:36.028977,haute
BJ-FC09F296,Télécom Connect SA,Télécommunications,Bohicon,+229 88 70 77 34,télécom.connect.sa@télécom.connect.sa.bj,télécomconnectsa.bj,PME (50-200),B2C,LinkedIn,,Actif,2026-06-29T00:14:36.029006,haute
BJ-B1E9161D,Fiber Telecom,Télécommunications,Bohicon,+229 55 32 81 37,fiber.telecom@fiber.telecom.net,,Grande (>200),B2B,LinkedIn,,Actif,2026-06-29T00:14:36.029020,moyenne
BJ-55C44E83,Voice Bohicon,Télécommunications,Bohicon,+229 96 11 18 41,voice.bohicon@voice.bohicon.org,,PME (10-50),B2B,LinkedIn,,Actif,2026-06-29T00:14:36.029049,moyenne
BJ-EE38C937,Connect Mobile Telecom,Télécommunications,Bohicon,+229 31 26 50 52,connect.mobile.telecom@connect.mobile.telecom.benin,connectmobiletelecom.bj,Grande (>200),B2B,LinkedIn,,Actif,2026-06-29T00:14:36.029085,haute
BJ-B0B2B87E,Mobile Natitingou,Télécommunications,Natitingou,+229 88 20 99 67,mobile.natitingou@mobile.natitingou.benin,mobilenatitingou.bj,PME (50-200),B2C,LinkedIn,,Actif,2026-06-29T00:14:36.029137,haute
BJ-17A696CD,Mobile Connect Africa,Télécommunications,Natitingou,+229 33 10 63 67,,mobileconnectafrica.bj,PME (10-50),B2B,LinkedIn,,Actif,2026-06-29T00:14:36.029191,moyenne
BJ-8194B821,Télécom Africa,Télécommunications,Natitingou,+229 97 50 64 79,télécom.africa@télécom.africa.com,,PME (10-50),B2B,LinkedIn,,Actif,2026-06-29T00:14:36.029225,moyenne
BJ-F9263F9E,Satellite Natitingou,Télécommunications,Natitingou,+229 40 28 76 98,satellite.natitingou@satellite.natitingou.org,satellitenatitingou.bj,Grande (>200),B2C,LinkedIn,,Actif,2026-06-29T00:14:36.029267,haute
BJ-69511D12,Réseau Fiber SA Lokossa,Télécommunications,Lokossa,+229 66 59 13 66,,réseaufibersalokossa.bj,TPE (<10),B2B,LinkedIn,,Actif,2026-06-29T00:14:36.029350,moyenne
BJ-C57E7BEF,Voice Groupe,Télécommunications,Lokossa,+229 29 81 28 80,voice.groupe@voice.groupe.benin,voicegroupe.bj,PME (10-50),B2B,LinkedIn,,Actif,2026-06-29T00:14:36.029386,haute
BJ-2DCCBD2E,Réseau Communication SARL,Télécommunications,Lokossa,+229 29 28 92 73,réseau.communication.sarl@réseau.communication.sarl.org,réseaucommunicationsarl.bj,PME (10-50),B2B,LinkedIn,,Actif,2026-06-29T00:14:36.029417,haute
BJ-DB889BC3,Télécom Réseau Bénin,Télécommunications,Lokossa,+229 27 77 62 56,télécom.réseau.bénin@télécom.réseau.bénin.org,,TPE (<10),B2C,LinkedIn,,Actif,2026-06-29T00:14:36.029451,moyenne
BJ-AE7424CF,Internet Mobile Africa,Télécommunications,Lokossa,+229 56 95 80 81,internet.mobile.africa@internet.mobile.africa.benin,internetmobileafrica.bj,PME (10-50),B2B,LinkedIn,,Actif,2026-06-29T00:14:36.029485,haute
BJ-136C723F,Satellite Ouidah,Télécommunications,Ouidah,+229 66 53 95 74,,satelliteouidah.bj,TPE (<10),B2C,LinkedIn,,Actif,2026-06-29T00:14:36.029568,moyenne
BJ-43424DBC,Mobile Data SARL,Télécommunications,Ouidah,+229 24 62 52 55,mobile.data.sarl@mobile.data.sarl.com,mobiledatasarl.bj,PME (10-50),B2B,LinkedIn,,Actif,2026-06-29T00:14:36.029596,haute
BJ-D34A3B7E,Internet Groupe,Télécommunications,Ouidah,+229 81 62 64 75,internet.groupe@internet.groupe.org,internetgroupe.bj,TPE (<10),B2C,LinkedIn,,Actif,2026-06-29T00:14:36.029632,haute
BJ-5CFDE38A,Digital Voice Telecom,Télécommunications,Savalou,+229 35 54 67 90,digital.voice.telecom@digital.voice.telecom.org,digitalvoicetelecom.bj,Grande (>200),B2C,LinkedIn,,Actif,2026-06-29T00:14:36.029700,haute
BJ-BDA59551,Réseau Digital International,Télécommunications,Savalou,+229 29 58 60 81,réseau.digital.international@réseau.digital.international.bj,réseaudigitalinternational.bj,Grande (>200),B2B,LinkedIn,,Actif,2026-06-29T00:14:36.029756,haute
BJ-1A7470FC,Mobile Satellite Africa,Télécommunications,Savalou,+229 50 34 94 89,mobile.satellite.africa@mobile.satellite.africa.bj,,PME (10-50),B2B,LinkedIn,,Actif,2026-06-29T00:14:36.029783,moyenne
BJ-D99EB170,Internet Connect International,Télécommunications,Savalou,+229 22 38 62 75,internet.connect.international@internet.connect.international.org,internetconnectinternational.bj,TPE (<10),B2B,LinkedIn,,Actif,2026-06-29T00:14:36.029816,haute
BJ-5ECADAC9,Mobile Wireless,Télécommunications,Dassa-Zoumè,+229 67 26 16 29,,mobilewireless.bj,TPE (<10),B2C,LinkedIn,,Actif,2026-06-29T00:14:36.029859,moyenne
BJ-8BEABEC0,Satellite,Télécommunications,Dassa-Zoumè,+229 84 12 32 27,satellite@satellite.bj,,PME (50-200),B2B,LinkedIn,,Actif,2026-06-29T00:14:36.029916,moyenne
BJ-D35F5F6B,Voice,Télécommunications,Dassa-Zoumè,+229 21 28 68 51,voice@voice.org,voice.bj,TPE (<10),B2B,LinkedIn,,Actif,2026-06-29T00:14:36.029948,haute
BJ-66A8B42E,Communication Dassa-Zoumè,Télécommunications,Dassa-Zoumè,+229 59 24 95 43,communication.dassazoumè@communication.dassazoumè.net,,PME (10-50),B2C,LinkedIn,,Actif,2026-06-29T00:14:36.029983,moyenne
BJ-80DF454F,Télécom Groupe,Télécommunications,Kétou,+229 89 69 16 60,télécom.groupe@télécom.groupe.benin,télécomgroupe.bj,TPE (<10),B2C,LinkedIn,,Actif,2026-06-29T00:14:36.030012,haute
BJ-AB100674,Digital Réseau,Télécommunications,Kétou,+229 84 99 89 79,digital.réseau@digital.réseau.bj,digitalréseau.bj,TPE (<10),B2C,LinkedIn,,Actif,2026-06-29T00:14:36.030026,haute
BJ-F34DF11A,Digital Voice,Télécommunications,Kétou,+229 55 14 65 98,digital.voice@digital.voice.com,,Grande (>200),B2B,LinkedIn,,Actif,2026-06-29T00:14:36.030038,moyenne
BJ-08221FAA,Digital Africa Kétou,Télécommunications,Kétou,+229 92 32 99 72,digital.africa.kétou@digital.africa.kétou.net,,TPE (<10),B2C,LinkedIn,,Actif,2026-06-29T00:14:36.030051,moyenne
BJ-4AB4C49E,Fiber International,Télécommunications,Kétou,+229 45 13 57 15,,fiberinternational.bj,TPE (<10),B2B,LinkedIn,,Actif,2026-06-29T00:14:36.030062,moyenne
BJ-67D280C5,Internet Télécom Groupe Covè,Télécommunications,Covè,+229 47 52 49 65,internet.télécom.groupe.covè@internet.télécom.groupe.covè.benin,internettélécomgroupecovè.bj,PME (10-50),B2B,LinkedIn,,Actif,2026-06-29T00:14:36.030083,haute
BJ-6C23A00C,Internet,Télécommunications,Covè,+229 83 11 60 49,,internet.bj,Grande (>200),B2B,LinkedIn,,Actif,2026-06-29T00:14:36.030095,moyenne
BJ-712865D9,Digital Digital Groupe,Télécommunications,Covè,+229 83 35 58 19,digital.digital.groupe@digital.digital.groupe.net,digitaldigitalgroupe.bj,TPE (<10),B2C,LinkedIn,,Actif,2026-06-29T00:14:36.030109,haute
BJ-73FD1CB3,Tech,Télécommunications,Covè,+229 32 80 68 89,,tech.bj,TPE (<10),B2B,LinkedIn,,Actif,2026-06-29T00:14:36.030125,moyenne
BJ-E2ACAE44,Mobile Fiber Covè,Télécommunications,Covè,+229 81 57 24 93,mobile.fiber.covè@mobile.fiber.covè.net,mobilefibercovè.bj,TPE (<10),B2B,LinkedIn,,Actif,2026-06-29T00:14:36.030139,haute
BJ-9D17975B,Digital Digital Telecom,Télécommunications,Pobè,+229 92 76 48 30,digital.digital.telecom@digital.digital.telecom.net,digitaldigitaltelecom.bj,PME (50-200),B2B,LinkedIn,,Actif,2026-06-29T00:14:36.030162,haute
BJ-6BA7E144,Connect Groupe Pobè,Télécommunications,Pobè,+229 77 45 88 37,connect.groupe.pobè@connect.groupe.pobè.bj,connectgroupepobè.bj,PME (10-50),B2B,LinkedIn,,Actif,2026-06-29T00:14:36.030176,haute
BJ-25D433D5,Fiber Pobè,Télécommunications,Pobè,+229 30 83 76 11,fiber.pobè@fiber.pobè.net,fiberpobè.bj,TPE (<10),B2B,LinkedIn,,Actif,2026-06-29T00:14:36.030190,haute
BJ-6904A848,Digital Connect,Télécommunications,Pobè,+229 43 60 97 14,digital.connect@digital.connect.net,digitalconnect.bj,PME (10-50),B2C,LinkedIn,,Actif,2026-06-29T00:14:36.030204,haute
BJ-07E87D2F,Réseau SA,Télécommunications,Pobè,+229 26 30 98 24,,réseausa.bj,Grande (>200),B2B,LinkedIn,,Actif,2026-06-29T00:14:36.030216,moyenne
BJ-4CCE0DEC,Communication International,Télécommunications,Sakété,+229 44 85 95 22,,,PME (10-50),B2C,LinkedIn,,Actif,2026-06-29T00:14:36.030251,basse
BJ-C20268D2,Mobile Satellite Telecom Sakété,Télécommunications,Sakété,+229 49 64 69 54,mobile.satellite.telecom.sakété@mobile.satellite.telecom.sakété.com,mobilesatellitetelecomsakété.bj,TPE (<10),B2C,LinkedIn,,Actif,2026-06-29T00:14:36.030266,haute
BJ-91A43B09,Communication Groupe,Télécommunications,Sakété,+229 40 56 90 40,communication.groupe@communication.groupe.com,communicationgroupe.bj,PME (10-50),B2B,LinkedIn,,Actif,2026-06-29T00:14:36.030282,haute
BJ-8F888B02,Internet Fiber,Télécommunications,Sakété,+229 75 79 23 94,internet.fiber@internet.fiber.net,internetfiber.bj,PME (10-50),B2B,LinkedIn,,Actif,2026-06-29T00:14:36.030296,haute
BJ-D47447C0,Data,Télécommunications,Adjara,+229 87 22 75 36,,data.bj,TPE (<10),B2C,LinkedIn,,Actif,2026-06-29T00:14:36.030317,moyenne
BJ-5D76DC46,Digital Groupe,Télécommunications,Adjara,+229 89 44 60 27,digital.groupe@digital.groupe.org,,Grande (>200),B2B,LinkedIn,,Actif,2026-06-29T00:14:36.030329,moyenne
BJ-63F2D412,Mobile Mobile Bénin,Télécommunications,Adjara,+229 58 30 64 24,mobile.mobile.bénin@mobile.mobile.bénin.org,,PME (10-50),B2C,LinkedIn,,Actif,2026-06-29T00:14:36.030342,moyenne
BJ-FFC4FFD9,Data Africa Adjara,Télécommunications,Adjara,+229 80 38 38 77,data.africa.adjara@data.africa.adjara.com,dataafricaadjara.bj,TPE (<10),B2B,LinkedIn,,Actif,2026-06-29T00:14:36.030356,haute
BJ-FDC3F4B0,Connect Satellite,Télécommunications,Adjara,+229 85 35 61 67,connect.satellite@connect.satellite.bj,connectsatellite.bj,TPE (<10),B2B,LinkedIn,,Actif,2026-06-29T00:14:36.030368,haute
BJ-907CD7A3,Mobile Data Africa,Télécommunications,Allada,+229 98 41 70 23,,mobiledataafrica.bj,TPE (<10),B2C,LinkedIn,,Actif,2026-06-29T00:14:36.030386,moyenne
BJ-AF6CE524,Connect Télécom SA Allada,Télécommunications,Allada,+229 32 83 35 56,connect.télécom.sa.allada@connect.télécom.sa.allada.benin,,PME (50-200),B2C,LinkedIn,,Actif,2026-06-29T00:14:36.030404,moyenne
BJ-0756BF5F,Connect Data Telecom,Télécommunications,Allada,+229 51 85 59 54,,connectdatatelecom.bj,TPE (<10),B2B,LinkedIn,,Actif,2026-06-29T00:14:36.030420,moyenne
BJ-B29CC93A,Internet Réseau,Télécommunications,Allada,+229 24 54 75 50,internet.réseau@internet.réseau.benin,internetréseau.bj,PME (10-50),B2B,LinkedIn,,Actif,2026-06-29T00:14:36.030439,haute
BJ-3437C6AE,Digital Mobile,Télécommunications,Allada,+229 74 30 82 64,,digitalmobile.bj,PME (10-50),B2C,LinkedIn,,Actif,2026-06-29T00:14:36.030460,moyenne
BJ-2F13794C,Réseau,Télécommunications,Aplahoué,+229 76 84 12 47,réseau@réseau.bj,réseau.bj,PME (10-50),B2C,LinkedIn,,Actif,2026-06-29T00:14:36.030525,haute
BJ-E6FFAC03,Internet Mobile Groupe,Télécommunications,Aplahoué,+229 49 90 47 36,internet.mobile.groupe@internet.mobile.groupe.net,,PME (10-50),B2B,LinkedIn,,Actif,2026-06-29T00:14:36.030561,moyenne
BJ-9FC7BE31,Internet Wireless Groupe Aplahoué,Télécommunications,Aplahoué,+229 35 45 70 64,,internetwirelessgroupeaplahoué.bj,PME (10-50),B2B,LinkedIn,,Actif,2026-06-29T00:14:36.030603,moyenne
BJ-71CDF998,Télécom Internet Telecom,Télécommunications,Aplahoué,+229 32 96 26 69,télécom.internet.telecom@télécom.internet.telecom.bj,,TPE (<10),B2B,LinkedIn,,Actif,2026-06-29T00:14:36.030640,moyenne
BJ-5A793B32,Fiber Africa,Télécommunications,Aplahoué,+229 63 59 58 52,,fiberafrica.bj,TPE (<10),B2C,LinkedIn,,Actif,2026-06-29T00:14:36.030667,moyenne
BJ-2F73D416,Connect Communication Groupe,Télécommunications,Dogbo-Tota,+229 33 28 95 73,,connectcommunicationgroupe.bj,PME (50-200),B2C,LinkedIn,,Actif,2026-06-29T00:14:36.030709,moyenne
BJ-CF60ADA8,Satellite SA,Télécommunications,Dogbo-Tota,+229 28 10 68 63,satellite.sa@satellite.sa.net,satellitesa.bj,PME (10-50),B2C,LinkedIn,,Actif,2026-06-29T00:14:36.030743,haute
BJ-7610FF32,Télécom Satellite,Télécommunications,Dogbo-Tota,+229 92 66 54 34,télécom.satellite@télécom.satellite.com,télécomsatellite.bj,PME (10-50),B2C,LinkedIn,,Actif,2026-06-29T00:14:36.030775,haute
BJ-4F9969F2,Télécom Wireless,Télécommunications,Dogbo-Tota,+229 56 45 58 45,télécom.wireless@télécom.wireless.bj,télécomwireless.bj,PME (10-50),B2B,LinkedIn,,Actif,2026-06-29T00:14:36.030814,haute
BJ-706BC235,Fiber,Télécommunications,Dogbo-Tota,+229 26 77 46 45,fiber@fiber.bj,fiber.bj,PME (50-200),B2B,LinkedIn,,Actif,2026-06-29T00:14:36.030847,haute
BJ-BD5C6877,Internet Fiber,Télécommunications,Kpomassè,+229 23 40 89 88,internet.fiber@internet.fiber.bj,internetfiber.bj,PME (50-200),B2C,LinkedIn,,Actif,2026-06-29T00:14:36.030888,haute
BJ-68C7422E,Mobile,Télécommunications,Kpomassè,+229 27 55 74 22,,mobile.bj,Grande (>200),B2B,LinkedIn,,Actif,2026-06-29T00:14:36.030943,moyenne
BJ-3FF76B6A,Digital,Télécommunications,Kpomassè,+229 87 82 86 44,digital@digital.benin,,PME (50-200),B2C,LinkedIn,,Actif,2026-06-29T00:14:36.030972,moyenne
BJ-C095CE70,Internet Réseau,Télécommunications,Kpomassè,+229 66 69 42 25,internet.réseau@internet.réseau.org,internetréseau.bj,PME (50-200),B2C,LinkedIn,,Actif,2026-06-29T00:14:36.031003,haute
BJ-DEFBAEE8,Connect,Télécommunications,Kpomassè,+229 93 84 42 61,connect@connect.com,connect.bj,PME (10-50),B2B,LinkedIn,,Actif,2026-06-29T00:14:36.031018,haute
BJ-41FCA18A,Télécom Connect,Télécommunications,Tori-Bossito,+229 33 76 62 87,,,PME (10-50),B2C,LinkedIn,,Actif,2026-06-29T00:14:36.031038,basse
BJ-CE91817D,Connect Voice SA,Télécommunications,Tori-Bossito,+229 80 11 35 41,connect.voice.sa@connect.voice.sa.benin,connectvoicesa.bj,TPE (<10),B2C,LinkedIn,,Actif,2026-06-29T00:14:36.031064,haute
BJ-C52793C1,Télécom,Télécommunications,Tori-Bossito,+229 39 99 99 42,,télécom.bj,PME (10-50),B2B,LinkedIn,,Actif,2026-06-29T00:14:36.031081,moyenne
BJ-6BD8D46B,Connect Satellite,Télécommunications,Grand-Popo,+229 34 52 55 96,,connectsatellite.bj,PME (50-200),B2B,LinkedIn,,Actif,2026-06-29T00:14:36.031113,moyenne
BJ-43AE2F20,Télécom Connect International,Télécommunications,Grand-Popo,+229 71 98 43 80,,télécomconnectinternational.bj,PME (10-50),B2B,LinkedIn,,Actif,2026-06-29T00:14:36.031128,moyenne
BJ-061B77B7,Connect Internet Grand-Popo,Télécommunications,Grand-Popo,+229 22 71 84 78,connect.internet.grandpopo@connect.internet.grandpopo.net,connectinternetgrandpopo.bj,PME (10-50),B2C,LinkedIn,,Actif,2026-06-29T00:14:36.031145,haute
BJ-CF3F91E1,Digital Voice Africa,Télécommunications,Grand-Popo,+229 99 18 64 15,digital.voice.africa@digital.voice.africa.bj,digitalvoiceafrica.bj,PME (10-50),B2B,LinkedIn,,Actif,2026-06-29T00:14:36.031157,haute
BJ-FAAD32BD,Télécom Télécom International,Télécommunications,Grand-Popo,+229 85 36 26 75,,,TPE (<10),B2B,LinkedIn,,Actif,2026-06-29T00:14:36.031168,basse
BJ-EE25720E,Connect Satellite,Télécommunications,Athiémé,+229 70 89 17 84,,connectsatellite.bj,TPE (<10),B2C,LinkedIn,,Actif,2026-06-29T00:14:36.031196,moyenne
BJ-7CF67AD1,Connect Communication Bénin,Télécommunications,Athiémé,+229 77 88 63 19,,connectcommunicationbénin.bj,TPE (<10),B2C,LinkedIn,,Actif,2026-06-29T00:14:36.031230,moyenne
BJ-A02DB058,Communication Africa,Télécommunications,Athiémé,+229 73 29 47 97,communication.africa@communication.africa.benin,communicationafrica.bj,PME (10-50),B2C,LinkedIn,,Actif,2026-06-29T00:14:36.031260,haute
BJ-7A0C01C9,Voice,Télécommunications,Athiémé,+229 79 81 87 64,,voice.bj,TPE (<10),B2C,LinkedIn,,Actif,2026-06-29T00:14:36.031294,moyenne
BJ-9CDFF7FD,Fiber Telecom,Télécommunications,Athiémé,+229 81 11 20 23,,fibertelecom.bj,TPE (<10),B2C,LinkedIn,,Actif,2026-06-29T00:14:36.031320,moyenne
BJ-47B8B180,Internet Internet SARL,Télécommunications,Bopa,+229 92 14 54 68,,internetinternetsarl.bj,PME (50-200),B2B,LinkedIn,,Actif,2026-06-29T00:14:36.031356,moyenne
BJ-F484E79B,Internet Data International Bopa,Télécommunications,Bopa,+229 84 96 64 11,internet.data.international.bopa@internet.data.international.bopa.com,internetdatainternationalbopa.bj,TPE (<10),B2C,LinkedIn,,Actif,2026-06-29T00:14:36.031385,haute
BJ-8461E47B,Internet Fiber,Télécommunications,Bopa,+229 59 65 78 68,internet.fiber@internet.fiber.net,internetfiber.bj,TPE (<10),B2C,LinkedIn,,Actif,2026-06-29T00:14:36.031412,haute
BJ-68CFF709,Fiber SARL,Télécommunications,Bopa,+229 43 86 87 15,,,TPE (<10),B2C,LinkedIn,,Actif,2026-06-29T00:14:36.031436,basse
BJ-53D14DA5,Voice SARL,Télécommunications,Bopa,+229 75 66 18 63,,voicesarl.bj,TPE (<10),B2C,LinkedIn,,Actif,2026-06-29T00:14:36.031461,moyenne
BJ-9F2FE3CC,Data SA,Télécommunications,Houéyogbé,+229 66 87 33 20,data.sa@data.sa.net,datasa.bj,Grande (>200),B2B,LinkedIn,,Actif,2026-06-29T00:14:36.031496,haute
BJ-D6603625,Réseau SARL,Télécommunications,Houéyogbé,+229 88 92 38 80,réseau.sarl@réseau.sarl.com,,TPE (<10),B2B,LinkedIn,,Actif,2026-06-29T00:14:36.031524,moyenne
BJ-C959848F,Mobile Connect Houéyogbé,Télécommunications,Houéyogbé,+229 94 29 32 81,mobile.connect.houéyogbé@mobile.connect.houéyogbé.net,mobileconnecthouéyogbé.bj,PME (10-50),B2C,LinkedIn,,Actif,2026-06-29T00:14:36.031558,haute
BJ-D59D8204,Internet Fiber,Télécommunications,Houéyogbé,+229 22 72 30 11,internet.fiber@internet.fiber.com,internetfiber.bj,TPE (<10),B2B,LinkedIn,,Actif,2026-06-29T00:14:36.031621,haute
BJ-24D2E051,Wireless Bénin,Télécommunications,Malanville,+229 30 92 48 45,wireless.bénin@wireless.bénin.net,wirelessbénin.bj,TPE (<10),B2C,LinkedIn,,Actif,2026-06-29T00:14:36.031658,haute
BJ-EF6A70FC,Data Africa Malanville,Télécommunications,Malanville,+229 57 71 11 32,,dataafricamalanville.bj,PME (10-50),B2B,LinkedIn,,Actif,2026-06-29T00:14:36.031708,moyenne
BJ-3EAD0408,Data Africa,Télécommunications,Malanville,+229 84 32 17 43,data.africa@data.africa.org,dataafrica.bj,Grande (>200),B2C,LinkedIn,,Actif,2026-06-29T00:14:36.031761,haute
BJ-A147EB5F,Réseau Satellite Bénin,Télécommunications,Malanville,+229 85 52 96 97,réseau.satellite.bénin@réseau.satellite.bénin.bj,réseausatellitebénin.bj,PME (50-200),B2B,LinkedIn,,Actif,2026-06-29T00:14:36.031790,haute
BJ-A2198792,Wireless,Télécommunications,Kandi,+229 60 99 72 90,wireless@wireless.benin,wireless.bj,TPE (<10),B2B,LinkedIn,,Actif,2026-06-29T00:14:36.031829,haute
BJ-FE992FE6,Mobile Mobile Kandi,Télécommunications,Kandi,+229 42 84 42 79,mobile.mobile.kandi@mobile.mobile.kandi.benin,mobilemobilekandi.bj,TPE (<10),B2B,LinkedIn,,Actif,2026-06-29T00:14:36.031960,haute
BJ-ED44E80A,Réseau Digital,Télécommunications,Banikoara,+229 63 76 16 49,réseau.digital@réseau.digital.net,réseaudigital.bj,PME (50-200),B2B,LinkedIn,,Actif,2026-06-29T00:14:36.031997,haute
BJ-B8D513E5,Réseau Groupe,Télécommunications,Banikoara,+229 93 59 28 22,,,PME (10-50),B2B,LinkedIn,,Actif,2026-06-29T00:14:36.032022,basse
BJ-540D40C6,Tech International,Télécommunications,Banikoara,+229 49 87 79 19,tech.international@tech.international.net,techinternational.bj,PME (50-200),B2C,LinkedIn,,Actif,2026-06-29T00:14:36.032053,haute
BJ-381B1B95,Digital Tech,Télécommunications,Banikoara,+229 74 89 55 53,,,TPE (<10),B2C,LinkedIn,,Actif,2026-06-29T00:14:36.032078,basse
BJ-8645FD3D,Réseau Télécom,Télécommunications,Banikoara,+229 31 16 17 15,réseau.télécom@réseau.télécom.bj,,PME (50-200),B2C,LinkedIn,,Actif,2026-06-29T00:14:36.032104,moyenne
BJ-191B2CD5,Télécom Communication Telecom,Télécommunications,Ségbana,+229 89 49 35 63,télécom.communication.telecom@télécom.communication.telecom.net,télécomcommunicationtelecom.bj,Grande (>200),B2C,LinkedIn,,Actif,2026-06-29T00:14:36.032151,haute
BJ-122908F2,Télécom Internet,Télécommunications,Ségbana,+229 61 74 14 24,télécom.internet@télécom.internet.com,télécominternet.bj,TPE (<10),B2C,LinkedIn,,Actif,2026-06-29T00:14:36.032179,haute
BJ-D7F2C0EB,Réseau Groupe,Télécommunications,Ségbana,+229 95 59 96 39,réseau.groupe@réseau.groupe.bj,réseaugroupe.bj,TPE (<10),B2B,LinkedIn,,Actif,2026-06-29T00:14:36.032211,haute
BJ-C39DBE69,Digital International,Télécommunications,Ségbana,+229 70 65 55 49,digital.international@digital.international.net,digitalinternational.bj,TPE (<10),B2B,LinkedIn,,Actif,2026-06-29T00:14:36.032270,haute
BJ-B9C13597,Fiber International,Télécommunications,Karimama,+229 26 50 56 21,fiber.international@fiber.international.bj,fiberinternational.bj,TPE (<10),B2C,LinkedIn,,Actif,2026-06-29T00:14:36.032308,haute
BJ-F7715C4F,Télécom Voice,Télécommunications,Karimama,+229 55 41 62 87,télécom.voice@télécom.voice.org,télécomvoice.bj,TPE (<10),B2B,LinkedIn,,Actif,2026-06-29T00:14:36.032336,haute
BJ-3EB502B5,Wireless,Télécommunications,Karimama,+229 85 14 50 75,wireless@wireless.com,,TPE (<10),B2C,LinkedIn,,Actif,2026-06-29T00:14:36.032362,moyenne
BJ-AF57BCC1,Connect SA Karimama,Télécommunications,Karimama,+229 33 82 86 40,connect.sa.karimama@connect.sa.karimama.net,connectsakarimama.bj,PME (10-50),B2B,LinkedIn,,Actif,2026-06-29T00:14:36.032390,haute
BJ-E54CAD29,Communication SARL,Télécommunications,Karimama,+229 34 72 95 21,communication.sarl@communication.sarl.com,communicationsarl.bj,Grande (>200),B2B,LinkedIn,,Actif,2026-06-29T00:14:36.032417,haute
BJ-B70A41B1,Télécom Satellite,Télécommunications,Gogounou,+229 97 43 86 91,télécom.satellite@télécom.satellite.org,,TPE (<10),B2B,LinkedIn,,Actif,2026-06-29T00:14:36.032459,moyenne
BJ-78FFA608,Data,Télécommunications,Gogounou,+229 88 85 99 98,data@data.bj,data.bj,PME (10-50),B2B,LinkedIn,,Actif,2026-06-29T00:14:36.032486,haute
BJ-FB45CDF3,Connect Wireless Gogounou,Télécommunications,Gogounou,+229 50 54 74 27,connect.wireless.gogounou@connect.wireless.gogounou.benin,connectwirelessgogounou.bj,Grande (>200),B2C,LinkedIn,,Actif,2026-06-29T00:14:36.032514,haute
BJ-7370887A,Internet Mobile International,Télécommunications,Gogounou,+229 57 50 43 37,internet.mobile.international@internet.mobile.international.bj,internetmobileinternational.bj,TPE (<10),B2C,LinkedIn,,Actif,2026-06-29T00:14:36.032545,haute
BJ-F510399D,Mobile,Télécommunications,Gogounou,+229 57 62 31 49,,mobile.bj,PME (10-50),B2C,LinkedIn,,Actif,2026-06-29T00:14:36.032571,moyenne
BJ-5523E47C,Satellite SARL,Télécommunications,Cobly,+229 24 95 90 70,satellite.sarl@satellite.sarl.org,satellitesarl.bj,PME (50-200),B2C,LinkedIn,,Actif,2026-06-29T00:14:36.032607,haute
BJ-4070DF3D,Fiber Groupe,Télécommunications,Cobly,+229 70 50 38 61,fiber.groupe@fiber.groupe.benin,fibergroupe.bj,TPE (<10),B2B,LinkedIn,,Actif,2026-06-29T00:14:36.032637,haute
BJ-BBE33134,Mobile Fiber Groupe,Télécommunications,Cobly,+229 71 71 44 45,mobile.fiber.groupe@mobile.fiber.groupe.org,mobilefibergroupe.bj,TPE (<10),B2B,LinkedIn,,Actif,2026-06-29T00:14:36.032664,haute
BJ-428DC121,Connect Data,Télécommunications,Cobly,+229 65 91 61 16,connect.data@connect.data.bj,connectdata.bj,PME (10-50),B2B,LinkedIn,,Actif,2026-06-29T00:14:36.032690,haute
BJ-7DC4E602,Télécom Réseau,Télécommunications,Cobly,+229 83 54 94 65,télécom.réseau@télécom.réseau.benin,,TPE (<10),B2B,LinkedIn,,Actif,2026-06-29T00:14:36.032716,moyenne
BJ-E0192694,Voice International,Télécommunications,Tanguiéta,+229 79 62 66 99,voice.international@voice.international.net,voiceinternational.bj,PME (10-50),B2B,LinkedIn,,Actif,2026-06-29T00:14:36.032752,haute
BJ-2851FA91,Connect Réseau,Télécommunications,Tanguiéta,+229 24 11 89 23,,connectréseau.bj,TPE (<10),B2C,LinkedIn,,Actif,2026-06-29T00:14:36.032777,moyenne
BJ-852E0D53,Réseau Tech,Télécommunications,Tanguiéta,+229 82 71 20 89,réseau.tech@réseau.tech.net,réseautech.bj,TPE (<10),B2B,LinkedIn,,Actif,2026-06-29T00:14:36.032807,haute
BJ-01F80416,Satellite Telecom,Télécommunications,Tanguiéta,+229 42 20 86 65,satellite.telecom@satellite.telecom.benin,satellitetelecom.bj,PME (50-200),B2B,LinkedIn,,Actif,2026-06-29T00:14:36.032837,haute
BJ-DA8C89FE,Digital SA,Télécommunications,Tanguiéta,+229 69 68 79 84,digital.sa@digital.sa.benin,digitalsa.bj,PME (10-50),B2C,LinkedIn,,Actif,2026-06-29T00:14:36.032864,haute
BJ-8D9CC7B5,Digital Tech International,Télécommunications,Matéri,+229 25 32 35 33,,digitaltechinternational.bj,PME (10-50),B2B,LinkedIn,,Actif,2026-06-29T00:14:36.032931,moyenne
BJ-ABDFA87E,Internet Digital Bénin,Télécommunications,Matéri,+229 76 90 37 92,,internetdigitalbénin.bj,TPE (<10),B2B,LinkedIn,,Actif,2026-06-29T00:14:36.032959,moyenne
BJ-0A38C986,Fiber,Télécommunications,Matéri,+229 42 43 95 74,fiber@fiber.com,fiber.bj,TPE (<10),B2B,LinkedIn,,Actif,2026-06-29T00:14:36.032986,haute
BJ-922F0148,Internet Satellite Africa,Télécommunications,Matéri,+229 74 83 86 55,internet.satellite.africa@internet.satellite.africa.com,internetsatelliteafrica.bj,TPE (<10),B2C,LinkedIn,,Actif,2026-06-29T00:14:36.033013,haute
BJ-7D8C6E6D,Internet Tech SARL,Télécommunications,Matéri,+229 97 31 55 95,internet.tech.sarl@internet.tech.sarl.org,internettechsarl.bj,TPE (<10),B2C,LinkedIn,,Actif,2026-06-29T00:14:36.033038,haute
BJ-EA37FC8A,Mobile Connect Telecom Natitingou,Télécommunications,Natitingou,+229 97 37 75 31,,mobileconnecttelecomnatitingou.bj,PME (50-200),B2C,LinkedIn,,Actif,2026-06-29T00:14:36.033108,moyenne
BJ-ECC252FA,Connect Tech Natitingou,Télécommunications,Natitingou,+229 95 77 10 62,,connecttechnatitingou.bj,TPE (<10),B2C,LinkedIn,,Actif,2026-06-29T00:14:36.033134,moyenne
BJ-D4EF3465,Connect SARL,Télécommunications,Natitingou,+229 63 24 30 96,connect.sarl@connect.sarl.net,,PME (10-50),B2B,LinkedIn,,Actif,2026-06-29T00:14:36.033163,moyenne
BJ-77B928E2,Wireless International,Télécommunications,Toucountouna,+229 86 70 34 21,,wirelessinternational.bj,Grande (>200),B2C,LinkedIn,,Actif,2026-06-29T00:14:36.033229,moyenne
BJ-D9356BBB,Réseau Digital,Télécommunications,Toucountouna,+229 58 11 19 84,réseau.digital@réseau.digital.bj,réseaudigital.bj,PME (50-200),B2B,LinkedIn,,Actif,2026-06-29T00:14:36.033265,haute
BJ-06AE9DB8,Tech,Télécommunications,Toucountouna,+229 94 74 47 78,tech@tech.net,tech.bj,TPE (<10),B2C,LinkedIn,,Actif,2026-06-29T00:14:36.033293,haute
BJ-085E6966,Internet Fiber,Télécommunications,Toucountouna,+229 50 42 62 82,internet.fiber@internet.fiber.benin,internetfiber.bj,PME (10-50),B2B,LinkedIn,,Actif,2026-06-29T00:14:36.033310,haute
BJ-594EEA3E,Wireless Groupe Boukoumbé,Télécommunications,Boukoumbé,+229 64 90 14 47,wireless.groupe.boukoumbé@wireless.groupe.boukoumbé.org,wirelessgroupeboukoumbé.bj,PME (10-50),B2B,LinkedIn,,Actif,2026-06-29T00:14:36.033346,haute
BJ-A21B29FF,Mobile Internet,Télécommunications,Boukoumbé,+229 67 59 17 74,mobile.internet@mobile.internet.net,,PME (10-50),B2C,LinkedIn,,Actif,2026-06-29T00:14:36.033359,moyenne
BJ-7FF6A927,Fiber Boukoumbé,Télécommunications,Boukoumbé,+229 84 84 28 24,fiber.boukoumbé@fiber.boukoumbé.com,,PME (50-200),B2C,LinkedIn,,Actif,2026-06-29T00:14:36.033371,moyenne
BJ-F561FF51,Mobile Tech,Télécommunications,Boukoumbé,+229 32 96 62 59,mobile.tech@mobile.tech.net,,Grande (>200),B2B,LinkedIn,,Actif,2026-06-29T00:14:36.033388,moyenne
BJ-842AD2C5,Connect Fiber Bénin,Télécommunications,Boukoumbé,+229 91 82 81 13,connect.fiber.bénin@connect.fiber.bénin.net,connectfiberbénin.bj,PME (10-50),B2B,LinkedIn,,Actif,2026-06-29T00:14:36.033402,haute
BJ-19EB3600,Wireless Groupe Kouandé,Télécommunications,Kouandé,+229 66 65 51 25,wireless.groupe.kouandé@wireless.groupe.kouandé.org,wirelessgroupekouandé.bj,TPE (<10),B2B,LinkedIn,,Actif,2026-06-29T00:14:36.033422,haute
BJ-C0929AF2,Mobile Data,Télécommunications,Kouandé,+229 64 12 42 14,mobile.data@mobile.data.bj,mobiledata.bj,Grande (>200),B2B,LinkedIn,,Actif,2026-06-29T00:14:36.033434,haute
BJ-365BAB19,Connect Tech Kouandé,Télécommunications,Kouandé,+229 23 48 19 67,connect.tech.kouandé@connect.tech.kouandé.org,connecttechkouandé.bj,PME (50-200),B2B,LinkedIn,,Actif,2026-06-29T00:14:36.033454,haute
BJ-C340F7B4,Télécom Fiber Africa,Télécommunications,Kouandé,+229 71 87 90 64,télécom.fiber.africa@télécom.fiber.africa.com,télécomfiberafrica.bj,PME (10-50),B2C,LinkedIn,,Actif,2026-06-29T00:14:36.033466,haute
BJ-184F6423,Mobile Péhunco,Télécommunications,Péhunco,+229 55 31 37 74,mobile.péhunco@mobile.péhunco.benin,mobilepéhunco.bj,TPE (<10),B2C,LinkedIn,,Actif,2026-06-29T00:14:36.033508,haute
BJ-465BD885,Télécom Groupe,Télécommunications,Péhunco,+229 80 93 75 44,télécom.groupe@télécom.groupe.org,télécomgroupe.bj,PME (50-200),B2C,LinkedIn,,Actif,2026-06-29T00:14:36.033520,haute
BJ-A50E59D4,Voice Groupe,Télécommunications,Péhunco,+229 24 75 97 84,voice.groupe@voice.groupe.bj,,PME (10-50),B2B,LinkedIn,,Actif,2026-06-29T00:14:36.033535,moyenne
BJ-F615FF7F,Connect Mobile,Télécommunications,Péhunco,+229 59 42 49 89,connect.mobile@connect.mobile.com,,Grande (>200),B2B,LinkedIn,,Actif,2026-06-29T00:14:36.033547,moyenne
BJ-71F7EAB0,Internet SARL,Télécommunications,Tchaourou,+229 51 53 15 14,,internetsarl.bj,PME (10-50),B2C,LinkedIn,,Actif,2026-06-29T00:14:36.033564,moyenne
BJ-0418ECCA,Réseau Tech,Télécommunications,Tchaourou,+229 92 49 11 24,réseau.tech@réseau.tech.org,réseautech.bj,PME (10-50),B2C,LinkedIn,,Actif,2026-06-29T00:14:36.033576,haute
BJ-864C6F14,Mobile Connect,Télécommunications,Tchaourou,+229 82 79 41 47,mobile.connect@mobile.connect.net,mobileconnect.bj,PME (10-50),B2C,LinkedIn,,Actif,2026-06-29T00:14:36.033588,haute
BJ-528FC2FE,Internet Groupe,Télécommunications,Nikki,+229 24 23 69 56,internet.groupe@internet.groupe.benin,internetgroupe.bj,Grande (>200),B2B,LinkedIn,,Actif,2026-06-29T00:14:36.033627,haute
BJ-8D084A52,Réseau Fiber Telecom,Télécommunications,Nikki,+229 59 16 64 37,,réseaufibertelecom.bj,TPE (<10),B2B,LinkedIn,,Actif,2026-06-29T00:14:36.033638,moyenne
BJ-91B10655,Fiber Nikki,Télécommunications,Nikki,+229 26 77 97 91,fiber.nikki@fiber.nikki.bj,fibernikki.bj,PME (10-50),B2C,LinkedIn,,Actif,2026-06-29T00:14:36.033654,haute
BJ-92DA45D1,Télécom Mobile Nikki,Télécommunications,Nikki,+229 71 57 50 99,télécom.mobile.nikki@télécom.mobile.nikki.bj,télécommobilenikki.bj,TPE (<10),B2C,LinkedIn,,Actif,2026-06-29T00:14:36.033669,haute
BJ-7FE99C0E,Internet Satellite SA,Télécommunications,Nikki,+229 25 17 21 84,internet.satellite.sa@internet.satellite.sa.com,internetsatellitesa.bj,TPE (<10),B2C,LinkedIn,,Actif,2026-06-29T00:14:36.033682,haute
BJ-E6289A90,Mobile Data Bembéréké,Télécommunications,Bembéréké,+229 51 47 84 60,mobile.data.bembéréké@mobile.data.bembéréké.benin,mobiledatabembéréké.bj,Grande (>200),B2C,LinkedIn,,Actif,2026-06-29T00:14:36.033713,haute
BJ-0199D401,Fiber Africa Bembéréké,Télécommunications,Bembéréké,+229 26 83 96 44,fiber.africa.bembéréké@fiber.africa.bembéréké.com,,PME (50-200),B2B,LinkedIn,,Actif,2026-06-29T00:14:36.033724,moyenne
BJ-8D12E617,Réseau Communication,Télécommunications,Bembéréké,+229 36 92 39 66,réseau.communication@réseau.communication.com,réseaucommunication.bj,PME (10-50),B2C,LinkedIn,,Actif,2026-06-29T00:14:36.033743,haute
BJ-E9CB2AAF,Réseau Data Groupe,Télécommunications,Bembéréké,+229 76 10 12 68,réseau.data.groupe@réseau.data.groupe.net,réseaudatagroupe.bj,PME (10-50),B2B,LinkedIn,,Actif,2026-06-29T00:14:36.033755,haute
BJ-516A1363,Internet Réseau,Télécommunications,Kalalé,+229 28 35 94 24,internet.réseau@internet.réseau.net,internetréseau.bj,TPE (<10),B2C,LinkedIn,,Actif,2026-06-29T00:14:36.033774,haute
BJ-049ED1B4,Digital,Télécommunications,Kalalé,+229 85 62 68 80,digital@digital.org,digital.bj,PME (50-200),B2B,LinkedIn,,Actif,2026-06-29T00:14:36.033786,haute
BJ-5F2624FB,Digital Internet Telecom Kalalé,Télécommunications,Kalalé,+229 56 49 58 22,digital.internet.telecom.kalalé@digital.internet.telecom.kalalé.net,digitalinternettelecomkalalé.bj,PME (10-50),B2B,LinkedIn,,Actif,2026-06-29T00:14:36.033800,haute
BJ-D414C8B1,Télécom Internet,Télécommunications,Kalalé,+229 82 41 21 52,télécom.internet@télécom.internet.benin,télécominternet.bj,PME (50-200),B2C,LinkedIn,,Actif,2026-06-29T00:14:36.033815,haute
BJ-5C03CD6F,Mobile Connect,Télécommunications,Kalalé,+229 75 34 22 27,,mobileconnect.bj,Grande (>200),B2B,LinkedIn,,Actif,2026-06-29T00:14:36.033826,moyenne
BJ-591D1F7E,Internet Tech SA,Télécommunications,Ndali,+229 32 65 16 21,internet.tech.sa@internet.tech.sa.benin,internettechsa.bj,PME (10-50),B2C,LinkedIn,,Actif,2026-06-29T00:14:36.033844,haute
BJ-31185867,Internet Telecom,Télécommunications,Ndali,+229 24 86 13 95,internet.telecom@internet.telecom.net,internettelecom.bj,PME (10-50),B2B,LinkedIn,,Actif,2026-06-29T00:14:36.033857,haute
BJ-96CF8068,Internet,Télécommunications,Ndali,+229 60 21 47 44,internet@internet.com,internet.bj,PME (10-50),B2C,LinkedIn,,Actif,2026-06-29T00:14:36.033868,haute
BJ-BB33854E,Télécom Réseau SARL,Télécommunications,Ndali,+229 20 48 96 91,télécom.réseau.sarl@télécom.réseau.sarl.org,télécomréseausarl.bj,PME (50-200),B2C,LinkedIn,,Actif,2026-06-29T00:14:36.033881,haute
BJ-005A4E1E,Satellite SARL,Télécommunications,Ndali,+229 60 24 56 46,satellite.sarl@satellite.sarl.benin,satellitesarl.bj,TPE (<10),B2B,LinkedIn,,Actif,2026-06-29T00:14:36.033920,haute
BJ-A9E0C0FB,Digital Satellite,Télécommunications,Ségbana,+229 80 85 90 28,digital.satellite@digital.satellite.benin,digitalsatellite.bj,Grande (>200),B2C,LinkedIn,,Actif,2026-06-29T00:14:36.033961,haute
BJ-21A7BA5C,Mobile Voice,Télécommunications,Ségbana,+229 84 85 71 14,mobile.voice@mobile.voice.net,mobilevoice.bj,PME (10-50),B2C,LinkedIn,,Actif,2026-06-29T00:14:36.033991,haute
BJ-359B3055,Mobile Réseau Bénin Ségbana,Télécommunications,Ségbana,+229 65 63 89 75,mobile.réseau.bénin.ségbana@mobile.réseau.bénin.ségbana.org,mobileréseaubéninségbana.bj,PME (50-200),B2B,LinkedIn,,Actif,2026-06-29T00:14:36.034022,haute
BJ-0677F117,Connect Connect,Télécommunications,Ségbana,+229 26 96 39 71,connect.connect@connect.connect.org,connectconnect.bj,PME (50-200),B2C,LinkedIn,,Actif,2026-06-29T00:14:36.034055,haute
BJ-2C5C4DC9,Télécom Ségbana,Télécommunications,Ségbana,+229 80 40 97 60,télécom.ségbana@télécom.ségbana.net,télécomségbana.bj,TPE (<10),B2C,LinkedIn,,Actif,2026-06-29T00:14:36.034085,haute
BJ-1541F9DA,Voice Telecom,Télécommunications,Tchaourou,+229 29 31 19 87,,voicetelecom.bj,PME (10-50),B2B,LinkedIn,,Actif,2026-06-29T00:14:36.034196,moyenne
BJ-D80F38B6,Mobile,Télécommunications,Tchaourou,+229 29 26 23 20,mobile@mobile.bj,mobile.bj,PME (10-50),B2C,LinkedIn,,Actif,2026-06-29T00:14:36.034233,haute
BJ-5D5402CB,Connect Internet Africa,Télécommunications,Bétérou,+229 75 23 79 47,connect.internet.africa@connect.internet.africa.org,,PME (50-200),B2B,LinkedIn,,Actif,2026-06-29T00:14:36.034266,moyenne
BJ-0B5B1A25,Digital Africa,Télécommunications,Bétérou,+229 80 40 63 44,digital.africa@digital.africa.benin,digitalafrica.bj,PME (10-50),B2C,LinkedIn,,Actif,2026-06-29T00:14:36.034298,haute
BJ-D983134B,Connect,Télécommunications,Bétérou,+229 32 30 81 81,connect@connect.bj,,PME (10-50),B2B,LinkedIn,,Actif,2026-06-29T00:14:36.034318,moyenne
BJ-3663259D,Internet Data International,Télécommunications,Bétérou,+229 31 62 83 68,,internetdatainternational.bj,TPE (<10),B2C,LinkedIn,,Actif,2026-06-29T00:14:36.034334,moyenne
BJ-CA5B7162,Réseau Wireless Africa,Télécommunications,Bétérou,+229 53 98 44 85,réseau.wireless.africa@réseau.wireless.africa.net,,PME (10-50),B2C,LinkedIn,,Actif,2026-06-29T00:14:36.034348,moyenne
BJ-BD291C8F,Internet Communication Africa,Télécommunications,Ouessè,+229 59 11 29 57,internet.communication.africa@internet.communication.africa.com,internetcommunicationafrica.bj,PME (10-50),B2C,LinkedIn,,Actif,2026-06-29T00:14:36.034389,haute
BJ-40C80D3D,Satellite Bénin,Télécommunications,Ouessè,+229 60 43 58 91,,satellitebénin.bj,PME (10-50),B2B,LinkedIn,,Actif,2026-06-29T00:14:36.034401,moyenne
BJ-B5D55729,Réseau Réseau,Télécommunications,Ouessè,+229 93 84 23 75,réseau.réseau@réseau.réseau.bj,réseauréseau.bj,TPE (<10),B2B,LinkedIn,,Actif,2026-06-29T00:14:36.034415,haute
BJ-5955C9D8,Internet International,Télécommunications,Ouessè,+229 76 87 10 27,internet.international@internet.international.org,internetinternational.bj,PME (10-50),B2B,LinkedIn,,Actif,2026-06-29T00:14:36.034427,haute
BJ-CA19D684,Digital Tech Africa,Télécommunications,Glazoué,+229 88 14 82 89,digital.tech.africa@digital.tech.africa.benin,digitaltechafrica.bj,TPE (<10),B2B,LinkedIn,,Actif,2026-06-29T00:14:36.034446,haute
BJ-0A85C9A5,Mobile Fiber Telecom Glazoué,Télécommunications,Glazoué,+229 82 54 70 60,,mobilefibertelecomglazoué.bj,PME (10-50),B2B,LinkedIn,,Actif,2026-06-29T00:14:36.034458,moyenne
BJ-4D171B03,Internet Digital,Télécommunications,Glazoué,+229 59 40 65 98,internet.digital@internet.digital.org,internetdigital.bj,TPE (<10),B2C,LinkedIn,,Actif,2026-06-29T00:14:36.034470,haute
BJ-331224E1,Satellite Groupe,Télécommunications,Glazoué,+229 65 73 65 36,satellite.groupe@satellite.groupe.net,,PME (50-200),B2B,LinkedIn,,Actif,2026-06-29T00:14:36.034485,moyenne
BJ-6278CE86,Voice,Télécommunications,Glazoué,+229 79 99 82 56,voice@voice.bj,voice.bj,TPE (<10),B2B,LinkedIn,,Actif,2026-06-29T00:14:36.034498,haute
BJ-F1B69688,Tech International,Télécommunications,Dassa-Zoumè,+229 31 16 14 30,tech.international@tech.international.net,techinternational.bj,PME (50-200),B2C,LinkedIn,,Actif,2026-06-29T00:14:36.034516,haute
BJ-BE2387BB,Digital Data SARL,Télécommunications,Dassa-Zoumè,+229 91 76 78 79,digital.data.sarl@digital.data.sarl.com,digitaldatasarl.bj,TPE (<10),B2C,LinkedIn,,Actif,2026-06-29T00:14:36.034528,haute
BJ-93244FB4,Mobile Télécom Telecom,Télécommunications,Dassa-Zoumè,+229 88 28 59 10,mobile.télécom.telecom@mobile.télécom.telecom.bj,mobiletélécomtelecom.bj,TPE (<10),B2C,LinkedIn,,Actif,2026-06-29T00:14:36.034568,haute
BJ-C2BA37E1,Satellite International,Télécommunications,Savalou,+229 92 24 64 14,satellite.international@satellite.international.net,satelliteinternational.bj,TPE (<10),B2C,LinkedIn,,Actif,2026-06-29T00:14:36.034586,haute
BJ-39FECEDC,Télécom Tech,Télécommunications,Savalou,+229 36 46 55 27,télécom.tech@télécom.tech.bj,télécomtech.bj,PME (10-50),B2B,LinkedIn,,Actif,2026-06-29T00:14:36.034599,haute
BJ-0E9E0BF0,Fiber International Savalou,Télécommunications,Savalou,+229 54 82 91 75,fiber.international.savalou@fiber.international.savalou.com,fiberinternationalsavalou.bj,PME (10-50),B2B,LinkedIn,,Actif,2026-06-29T00:14:36.034626,haute
BJ-A6A86CEB,Réseau Africa Savalou,Télécommunications,Savalou,+229 94 52 47 65,réseau.africa.savalou@réseau.africa.savalou.benin,réseauafricasavalou.bj,Grande (>200),B2C,LinkedIn,,Actif,2026-06-29T00:14:36.034639,haute
BJ-E022177E,Digital Télécom Bantè,Télécommunications,Bantè,+229 20 95 83 25,digital.télécom.bantè@digital.télécom.bantè.com,digitaltélécombantè.bj,TPE (<10),B2B,LinkedIn,,Actif,2026-06-29T00:14:36.034661,haute
BJ-BE67A8E8,Voice,Télécommunications,Bantè,+229 22 44 87 64,voice@voice.org,voice.bj,TPE (<10),B2B,LinkedIn,,Actif,2026-06-29T00:14:36.034674,haute
BJ-4674D37F,Digital Satellite Telecom,Télécommunications,Bantè,+229 59 97 10 75,digital.satellite.telecom@digital.satellite.telecom.benin,digitalsatellitetelecom.bj,PME (50-200),B2C,LinkedIn,,Actif,2026-06-29T00:14:36.034685,haute
BJ-E73F24F3,Connect Digital,Télécommunications,Bantè,+229 92 85 68 70,connect.digital@connect.digital.bj,connectdigital.bj,TPE (<10),B2C,LinkedIn,,Actif,2026-06-29T00:14:36.034698,haute
BJ-255DAAD3,Mobile Tech SARL Bantè,Télécommunications,Bantè,+229 27 56 96 51,mobile.tech.sarl.bantè@mobile.tech.sarl.bantè.com,mobiletechsarlbantè.bj,Grande (>200),B2B,LinkedIn,,Actif,2026-06-29T00:14:36.034711,haute
BJ-53E4B135,Digital Fiber Africa,Télécommunications,Djougou,+229 43 59 30 67,,digitalfiberafrica.bj,TPE (<10),B2C,LinkedIn,,Actif,2026-06-29T00:14:36.034728,moyenne
BJ-13A1E4A0,Connect Data Africa,Télécommunications,Djougou,+229 21 50 93 18,connect.data.africa@connect.data.africa.benin,connectdataafrica.bj,PME (10-50),B2C,LinkedIn,,Actif,2026-06-29T00:14:36.034740,haute
BJ-16544989,Réseau,Télécommunications,Djougou,+229 34 57 59 23,réseau@réseau.org,réseau.bj,TPE (<10),B2C,LinkedIn,,Actif,2026-06-29T00:14:36.034752,haute
BJ-74AAEA40,Digital SARL,Télécommunications,Djougou,+229 82 92 19 28,,,TPE (<10),B2B,LinkedIn,,Actif,2026-06-29T00:14:36.034766,basse
BJ-FC67F262,Connect,Télécommunications,Djougou,+229 42 89 98 36,connect@connect.bj,connect.bj,PME (10-50),B2B,LinkedIn,,Actif,2026-06-29T00:14:36.034783,haute
BJ-3D1C6787,Mobile Bénin,Télécommunications,Ouèssè,+229 37 26 56 30,,mobilebénin.bj,TPE (<10),B2C,LinkedIn,,Actif,2026-06-29T00:14:36.034809,moyenne
BJ-63AFFB24,Mobile Communication SARL,Télécommunications,Ouèssè,+229 67 44 41 95,mobile.communication.sarl@mobile.communication.sarl.net,,PME (10-50),B2C,LinkedIn,,Actif,2026-06-29T00:14:36.034822,moyenne
BJ-00023AF1,Fiber,Télécommunications,Ouèssè,+229 74 17 89 30,fiber@fiber.bj,fiber.bj,PME (10-50),B2C,LinkedIn,,Actif,2026-06-29T00:14:36.034835,haute
BJ-F3C08F94,Connect Mobile Bénin,Télécommunications,Ouèssè,+229 66 82 55 38,connect.mobile.bénin@connect.mobile.bénin.com,,Grande (>200),B2C,LinkedIn,,Actif,2026-06-29T00:14:36.034859,moyenne
BJ-7647D5A4,Internet SA,Télécommunications,Bassila,+229 83 78 75 89,internet.sa@internet.sa.org,internetsa.bj,PME (50-200),B2C,LinkedIn,,Actif,2026-06-29T00:14:36.034877,haute
BJ-AC9457E1,Mobile Connect Bassila,Télécommunications,Bassila,+229 33 93 91 55,mobile.connect.bassila@mobile.connect.bassila.benin,mobileconnectbassila.bj,TPE (<10),B2C,LinkedIn,,Actif,2026-06-29T00:14:36.034904,haute
BJ-DD91DC93,Télécom Bassila,Télécommunications,Bassila,+229 55 14 28 24,télécom.bassila@télécom.bassila.org,télécombassila.bj,TPE (<10),B2B,LinkedIn,,Actif,2026-06-29T00:14:36.034920,haute
BJ-ED834624,Fiber SA,Télécommunications,Bassila,+229 34 60 24 63,fiber.sa@fiber.sa.org,fibersa.bj,PME (10-50),B2C,LinkedIn,,Actif,2026-06-29T00:14:36.034936,haute
BJ-FF86421D,Voice,Télécommunications,Bassila,+229 74 14 39 59,voice@voice.net,voice.bj,PME (50-200),B2B,LinkedIn,,Actif,2026-06-29T00:14:36.034948,haute
BJ-9F582641,Télécom,Télécommunications,Pehunco,+229 38 92 51 21,télécom@télécom.bj,télécom.bj,PME (50-200),B2B,LinkedIn,,Actif,2026-06-29T00:14:36.034967,haute
BJ-457F7A42,Internet Fiber,Télécommunications,Pehunco,+229 90 52 73 31,,internetfiber.bj,PME (10-50),B2B,LinkedIn,,Actif,2026-06-29T00:14:36.034978,moyenne
BJ-435DF141,Télécom Wireless International,Télécommunications,Pehunco,+229 74 47 63 84,télécom.wireless.international@télécom.wireless.international.org,,TPE (<10),B2B,LinkedIn,,Actif,2026-06-29T00:14:36.034991,moyenne
BJ-C39616AC,Mobile Voice Groupe,Télécommunications,Pehunco,+229 78 23 94 76,mobile.voice.groupe@mobile.voice.groupe.net,,PME (50-200),B2B,LinkedIn,,Actif,2026-06-29T00:14:36.035007,moyenne
BJ-85410997,Connect Communication,Télécommunications,Copargo,+229 64 33 78 81,connect.communication@connect.communication.bj,connectcommunication.bj,TPE (<10),B2B,LinkedIn,,Actif,2026-06-29T00:14:36.035037,haute
BJ-3605694F,Internet Réseau Copargo,Télécommunications,Copargo,+229 53 28 55 88,internet.réseau.copargo@internet.réseau.copargo.org,internetréseaucopargo.bj,PME (10-50),B2C,LinkedIn,,Actif,2026-06-29T00:14:36.035076,haute
BJ-BA7B884B,Télécom Connect,Télécommunications,Copargo,+229 52 55 34 75,télécom.connect@télécom.connect.bj,télécomconnect.bj,TPE (<10),B2C,LinkedIn,,Actif,2026-06-29T00:14:36.035091,haute
BJ-DA4940C0,Plantation Élevage,Agriculture & Agroalimentaire,Cotonou,+229 24 62 57 95,plantation.élevage@plantation.élevage.org,plantationélevage.bj,TPE (<10),B2C,LinkedIn,,Actif,2026-06-29T00:14:36.035112,haute
BJ-84AB96AA,Ferme Transformation Plantation Cotonou,Agriculture & Agroalimentaire,Cotonou,+229 44 54 65 39,ferme.transformation.plantation.cotonou@ferme.transformation.plantation.cotonou.net,fermetransformationplantationcotonou.bj,Grande (>200),B2C,LinkedIn,,Actif,2026-06-29T00:14:36.035125,haute
BJ-8A646B9E,Céréale Cotonou,Agriculture & Agroalimentaire,Cotonou,+229 49 60 63 90,,,Grande (>200),B2C,LinkedIn,,Actif,2026-06-29T00:14:36.035136,basse
BJ-9CFEC613,Production Pêche Africa Cotonou,Agriculture & Agroalimentaire,Cotonou,+229 63 65 11 90,,,PME (50-200),B2C,LinkedIn,,Actif,2026-06-29T00:14:36.035146,basse
BJ-3A7B0036,Plantation,Agriculture & Agroalimentaire,Cotonou,+229 22 94 96 84,plantation@plantation.org,,TPE (<10),B2B,LinkedIn,,Actif,2026-06-29T00:14:36.035158,moyenne
BJ-EBF33BB7,Groupe Céréale Africa,Agriculture & Agroalimentaire,Abomey-Calavi,+229 40 86 97 92,,,Grande (>200),B2C,LinkedIn,,Actif,2026-06-29T00:14:36.035174,basse
BJ-F428E87E,Ferme Alimentaire SARL,Agriculture & Agroalimentaire,Abomey-Calavi,+229 21 72 53 50,,fermealimentairesarl.bj,PME (50-200),B2C,LinkedIn,,Actif,2026-06-29T00:14:36.035185,moyenne
BJ-218A9030,Plantation Céréale Africa,Agriculture & Agroalimentaire,Abomey-Calavi,+229 82 91 49 92,plantation.céréale.africa@plantation.céréale.africa.bj,plantationcéréaleafrica.bj,TPE (<10),B2C,LinkedIn,,Actif,2026-06-29T00:14:36.035199,haute
BJ-342E0169,Bétail Farm,Agriculture & Agroalimentaire,Abomey-Calavi,+229 96 59 62 66,bétail.farm@bétail.farm.bj,bétailfarm.bj,TPE (<10),B2B,LinkedIn,,Actif,2026-06-29T00:14:36.035215,haute
BJ-48B92243,Pêche SARL,Agriculture & Agroalimentaire,Abomey-Calavi,+229 30 72 26 14,,,PME (10-50),B2B,LinkedIn,,Actif,2026-06-29T00:14:36.035226,basse
BJ-FF52F9B5,SARL Ferme,Agriculture & Agroalimentaire,Porto-Novo,+229 20 46 20 96,,,PME (10-50),B2C,LinkedIn,,Actif,2026-06-29T00:14:36.035243,basse
BJ-696E4B86,Agro,Agriculture & Agroalimentaire,Porto-Novo,+229 92 92 24 83,agro@agro.net,,TPE (<10),B2B,LinkedIn,,Actif,2026-06-29T00:14:36.035258,moyenne
BJ-948F89F4,Industrie Plantation,Agriculture & Agroalimentaire,Porto-Novo,+229 81 40 94 23,,,PME (10-50),B2B,LinkedIn,,Actif,2026-06-29T00:14:36.035269,basse
BJ-9A96F871,Plantation Légume Ets Porto-Novo,Agriculture & Agroalimentaire,Porto-Novo,+229 64 97 84 76,plantation.légume.ets.portonovo@plantation.légume.ets.portonovo.benin,,TPE (<10),B2B,LinkedIn,,Actif,2026-06-29T00:14:36.035282,moyenne
BJ-D17AA593,Industrie Africa,Agriculture & Agroalimentaire,Porto-Novo,+229 77 30 33 34,,industrieafrica.bj,TPE (<10),B2B,LinkedIn,,Actif,2026-06-29T00:14:36.035293,moyenne
BJ-FDB38CC2,Transformation Groupe,Agriculture & Agroalimentaire,Parakou,+229 52 68 84 99,,,TPE (<10),B2B,LinkedIn,,Actif,2026-06-29T00:14:36.035310,basse
BJ-076C83C5,Ferme Farm,Agriculture & Agroalimentaire,Parakou,+229 70 59 15 14,ferme.farm@ferme.farm.org,fermefarm.bj,PME (10-50),B2C,LinkedIn,,Actif,2026-06-29T00:14:36.035323,haute
BJ-9FFE8C78,Céréale Agro,Agriculture & Agroalimentaire,Parakou,+229 93 69 31 94,,céréaleagro.bj,PME (50-200),B2B,LinkedIn,,Actif,2026-06-29T00:14:36.035334,moyenne
BJ-7D1A0B8C,SARL Céréale Parakou,Agriculture & Agroalimentaire,Parakou,+229 99 84 71 41,,sarlcéréaleparakou.bj,Grande (>200),B2B,LinkedIn,,Actif,2026-06-29T00:14:36.035349,moyenne
BJ-08211F47,Ferme Céréale Bénin,Agriculture & Agroalimentaire,Parakou,+229 88 67 66 91,ferme.céréale.bénin@ferme.céréale.bénin.benin,,PME (10-50),B2C,LinkedIn,,Actif,2026-06-29T00:14:36.035362,moyenne
BJ-CADBA663,Pêche Bohicon,Agriculture & Agroalimentaire,Bohicon,+229 49 83 84 32,pêche.bohicon@pêche.bohicon.com,,PME (50-200),B2C,LinkedIn,,Actif,2026-06-29T00:14:36.035380,moyenne
BJ-7BD46658,Pêche Africa,Agriculture & Agroalimentaire,Bohicon,+229 73 40 81 80,,pêcheafrica.bj,PME (50-200),B2C,LinkedIn,,Actif,2026-06-29T00:14:36.035392,moyenne
BJ-87FA6935,Agro Fruit Plantation Bohicon,Agriculture & Agroalimentaire,Bohicon,+229 54 82 69 91,,,PME (50-200),B2C,LinkedIn,,Actif,2026-06-29T00:14:36.035403,basse
BJ-34E44516,Groupe Bétail,Agriculture & Agroalimentaire,Bohicon,+229 54 83 90 48,groupe.bétail@groupe.bétail.benin,,PME (50-200),B2B,LinkedIn,,Actif,2026-06-29T00:14:36.035418,moyenne
BJ-11133673,Groupe Agriculture Bohicon,Agriculture & Agroalimentaire,Bohicon,+229 58 11 54 79,,groupeagriculturebohicon.bj,TPE (<10),B2C,LinkedIn,,Actif,2026-06-29T00:14:36.035430,moyenne
BJ-C038E174,Alimentaire Plantation,Agriculture & Agroalimentaire,Natitingou,+229 83 11 55 87,alimentaire.plantation@alimentaire.plantation.benin,,PME (10-50),B2C,LinkedIn,,Actif,2026-06-29T00:14:36.035448,moyenne
BJ-7D4E9F85,Élevage Ets,Agriculture & Agroalimentaire,Natitingou,+229 73 35 61 16,,,PME (10-50),B2B,LinkedIn,,Actif,2026-06-29T00:14:36.035472,basse
BJ-CB60F414,Production Céréale Groupe,Agriculture & Agroalimentaire,Natitingou,+229 46 86 64 38,production.céréale.groupe@production.céréale.groupe.net,productioncéréalegroupe.bj,Grande (>200),B2C,LinkedIn,,Actif,2026-06-29T00:14:36.035492,haute
BJ-6D6CDF14,Industrie,Agriculture & Agroalimentaire,Natitingou,+229 24 37 18 29,,,TPE (<10),B2B,LinkedIn,,Actif,2026-06-29T00:14:36.035504,basse
BJ-6A3B51F9,Ets Pêche,Agriculture & Agroalimentaire,Lokossa,+229 43 42 53 92,ets.pêche@ets.pêche.bj,,PME (50-200),B2B,LinkedIn,,Actif,2026-06-29T00:14:36.035523,moyenne
BJ-83F92877,Ferme Africa Lokossa,Agriculture & Agroalimentaire,Lokossa,+229 49 83 17 42,ferme.africa.lokossa@ferme.africa.lokossa.bj,fermeafricalokossa.bj,PME (50-200),B2B,LinkedIn,,Actif,2026-06-29T00:14:36.035536,haute
BJ-93832524,Légume Agro Lokossa,Agriculture & Agroalimentaire,Lokossa,+229 49 35 99 55,légume.agro.lokossa@légume.agro.lokossa.com,,TPE (<10),B2B,LinkedIn,,Actif,2026-06-29T00:14:36.035548,moyenne
BJ-CE583F15,Agro Industrie,Agriculture & Agroalimentaire,Lokossa,+229 90 37 14 86,agro.industrie@agro.industrie.net,,PME (50-200),B2C,LinkedIn,,Actif,2026-06-29T00:14:36.035560,moyenne
BJ-91139EF0,Production Ferme,Agriculture & Agroalimentaire,Lokossa,+229 22 39 62 63,,,TPE (<10),B2B,LinkedIn,,Actif,2026-06-29T00:14:36.035571,basse
BJ-CAD20CCF,Aquaculture,Agriculture & Agroalimentaire,Ouidah,+229 77 86 18 32,aquaculture@aquaculture.com,aquaculture.bj,PME (10-50),B2C,LinkedIn,,Actif,2026-06-29T00:14:36.035589,haute
BJ-BB35B158,SARL Aquaculture Agro Ouidah,Agriculture & Agroalimentaire,Ouidah,+229 85 34 11 83,,,PME (10-50),B2B,LinkedIn,,Actif,2026-06-29T00:14:36.035600,basse
BJ-1D734EBD,Aquaculture Ouidah,Agriculture & Agroalimentaire,Ouidah,+229 83 86 54 69,aquaculture.ouidah@aquaculture.ouidah.bj,,PME (50-200),B2B,LinkedIn,,Actif,2026-06-29T00:14:36.035612,moyenne
BJ-15F56843,Production Alimentaire,Agriculture & Agroalimentaire,Ouidah,+229 86 42 77 71,,,TPE (<10),B2B,LinkedIn,,Actif,2026-06-29T00:14:36.035627,basse
BJ-E99A2EFD,Élevage,Agriculture & Agroalimentaire,Ouidah,+229 99 69 11 24,,,Grande (>200),B2B,LinkedIn,,Actif,2026-06-29T00:14:36.035639,basse
BJ-42E70A28,Agro,Agriculture & Agroalimentaire,Savalou,+229 35 98 99 59,,,TPE (<10),B2C,LinkedIn,,Actif,2026-06-29T00:14:36.035656,basse
BJ-5164E79A,Pêche Savalou,Agriculture & Agroalimentaire,Savalou,+229 28 33 43 51,pêche.savalou@pêche.savalou.benin,pêchesavalou.bj,PME (10-50),B2C,LinkedIn,,Actif,2026-06-29T00:14:36.035671,haute
BJ-4B009922,Élevage Ets,Agriculture & Agroalimentaire,Savalou,+229 86 81 57 60,élevage.ets@élevage.ets.com,,PME (10-50),B2B,LinkedIn,,Actif,2026-06-29T00:14:36.035684,moyenne
BJ-6413FB1B,Agro Fruit SARL,Agriculture & Agroalimentaire,Savalou,+229 76 71 32 16,agro.fruit.sarl@agro.fruit.sarl.net,agrofruitsarl.bj,PME (10-50),B2C,LinkedIn,,Actif,2026-06-29T00:14:36.035697,haute
BJ-FB44C85B,Industrie Bénin,Agriculture & Agroalimentaire,Savalou,+229 59 89 40 39,,,Grande (>200),B2C,LinkedIn,,Actif,2026-06-29T00:14:36.035708,basse
BJ-D4BFEBA0,Fruit Africa,Agriculture & Agroalimentaire,Dassa-Zoumè,+229 88 64 66 54,,fruitafrica.bj,TPE (<10),B2B,LinkedIn,,Actif,2026-06-29T00:14:36.035730,moyenne
BJ-66ED7392,SARL Industrie Farm,Agriculture & Agroalimentaire,Dassa-Zoumè,+229 53 29 60 60,sarl.industrie.farm@sarl.industrie.farm.com,,PME (50-200),B2B,LinkedIn,,Actif,2026-06-29T00:14:36.035742,moyenne
BJ-F863844B,Agro Agro Dassa-Zoumè,Agriculture & Agroalimentaire,Dassa-Zoumè,+229 96 52 15 34,,,TPE (<10),B2B,LinkedIn,,Actif,2026-06-29T00:14:36.035753,basse
BJ-DD86B25E,Production Fruit Ets,Agriculture & Agroalimentaire,Dassa-Zoumè,+229 23 88 11 97,production.fruit.ets@production.fruit.ets.benin,productionfruitets.bj,PME (50-200),B2B,LinkedIn,,Actif,2026-06-29T00:14:36.035768,haute
BJ-E8B6045F,Groupe Alimentaire,Agriculture & Agroalimentaire,Dassa-Zoumè,+229 51 46 86 26,,,TPE (<10),B2B,LinkedIn,,Actif,2026-06-29T00:14:36.035779,basse
BJ-CC0F6919,Élevage Farm,Agriculture & Agroalimentaire,Kétou,+229 86 30 35 44,élevage.farm@élevage.farm.bj,,PME (50-200),B2B,LinkedIn,,Actif,2026-06-29T00:14:36.035797,moyenne
BJ-88F0E9E4,Industrie Farm,Agriculture & Agroalimentaire,Kétou,+229 44 90 58 38,industrie.farm@industrie.farm.benin,industriefarm.bj,TPE (<10),B2B,LinkedIn,,Actif,2026-06-29T00:14:36.035810,haute
BJ-17F73972,Industrie Kétou,Agriculture & Agroalimentaire,Kétou,+229 40 66 50 37,industrie.kétou@industrie.kétou.com,industriekétou.bj,Grande (>200),B2B,LinkedIn,,Actif,2026-06-29T00:14:36.035826,haute
BJ-52950EFB,SARL Agriculture,Agriculture & Agroalimentaire,Kétou,+229 20 86 50 81,sarl.agriculture@sarl.agriculture.net,sarlagriculture.bj,PME (10-50),B2C,LinkedIn,,Actif,2026-06-29T00:14:36.035838,haute
BJ-C8E65C4C,Bétail Agro Kétou,Agriculture & Agroalimentaire,Kétou,+229 80 23 25 34,bétail.agro.kétou@bétail.agro.kétou.org,,PME (10-50),B2C,LinkedIn,,Actif,2026-06-29T00:14:36.035850,moyenne
BJ-5EFDF7CE,SARL Légume,Agriculture & Agroalimentaire,Covè,+229 73 50 45 57,sarl.légume@sarl.légume.net,sarllégume.bj,PME (10-50),B2C,LinkedIn,,Actif,2026-06-29T00:14:36.035869,haute
BJ-109D5CCD,Agriculture Farm Covè,Agriculture & Agroalimentaire,Covè,+229 80 64 45 86,agriculture.farm.covè@agriculture.farm.covè.com,,Grande (>200),B2B,LinkedIn,,Actif,2026-06-29T00:14:36.035881,moyenne
BJ-5D5519AD,Production Légume,Agriculture & Agroalimentaire,Covè,+229 30 55 24 37,,,PME (10-50),B2B,LinkedIn,,Actif,2026-06-29T00:14:36.035904,basse
BJ-8C1DED9F,Ferme Aquaculture Covè,Agriculture & Agroalimentaire,Covè,+229 89 47 33 64,,,PME (10-50),B2B,LinkedIn,,Actif,2026-06-29T00:14:36.035920,basse
BJ-6C28AF03,Groupe Agro,Agriculture & Agroalimentaire,Pobè,+229 32 69 74 90,,,PME (10-50),B2B,LinkedIn,,Actif,2026-06-29T00:14:36.035950,basse
BJ-CF001048,Alimentaire Plantation Pobè,Agriculture & Agroalimentaire,Pobè,+229 92 99 56 82,alimentaire.plantation.pobè@alimentaire.plantation.pobè.net,,TPE (<10),B2C,LinkedIn,,Actif,2026-06-29T00:14:36.035965,moyenne
BJ-20573B0E,Agro Ferme Africa,Agriculture & Agroalimentaire,Pobè,+229 59 64 49 44,agro.ferme.africa@agro.ferme.africa.benin,agrofermeafrica.bj,TPE (<10),B2B,LinkedIn,,Actif,2026-06-29T00:14:36.035978,haute
BJ-BFD4693D,Production Bétail,Agriculture & Agroalimentaire,Pobè,+229 25 45 41 78,production.bétail@production.bétail.com,,PME (50-200),B2B,LinkedIn,,Actif,2026-06-29T00:14:36.035989,moyenne
BJ-8B9620DE,Agriculture Bénin Pobè,Agriculture & Agroalimentaire,Pobè,+229 22 65 73 52,,agriculturebéninpobè.bj,PME (10-50),B2C,LinkedIn,,Actif,2026-06-29T00:14:36.036001,moyenne
BJ-F98C1393,Ferme SARL,Agriculture & Agroalimentaire,Sakété,+229 82 89 55 81,ferme.sarl@ferme.sarl.org,fermesarl.bj,PME (10-50),B2B,LinkedIn,,Actif,2026-06-29T00:14:36.036018,haute
BJ-3FE7CF5C,Céréale Africa,Agriculture & Agroalimentaire,Sakété,+229 67 32 70 72,,,TPE (<10),B2C,LinkedIn,,Actif,2026-06-29T00:14:36.036029,basse
BJ-4FA5AE73,Alimentaire Ets,Agriculture & Agroalimentaire,Sakété,+229 69 47 53 95,,,PME (50-200),B2C,LinkedIn,,Actif,2026-06-29T00:14:36.036039,basse
BJ-2BB04207,SARL Transformation Plantation,Agriculture & Agroalimentaire,Sakété,+229 72 10 66 30,,sarltransformationplantation.bj,TPE (<10),B2B,LinkedIn,,Actif,2026-06-29T00:14:36.036052,moyenne
BJ-BF16175E,Alimentaire Sakété,Agriculture & Agroalimentaire,Sakété,+229 63 45 42 63,,alimentairesakété.bj,TPE (<10),B2C,LinkedIn,,Actif,2026-06-29T00:14:36.036064,moyenne
BJ-F7771667,Transformation Agro,Agriculture & Agroalimentaire,Adjara,+229 67 18 26 11,transformation.agro@transformation.agro.net,,PME (50-200),B2B,LinkedIn,,Actif,2026-06-29T00:14:36.036081,moyenne
BJ-8C1333D9,Aquaculture Adjara,Agriculture & Agroalimentaire,Adjara,+229 25 15 30 43,,aquacultureadjara.bj,TPE (<10),B2C,LinkedIn,,Actif,2026-06-29T00:14:36.036092,moyenne
BJ-8DD0C393,Agro,Agriculture & Agroalimentaire,Adjara,+229 35 51 81 27,,,PME (10-50),B2C,LinkedIn,,Actif,2026-06-29T00:14:36.036102,basse
BJ-914D31FE,Agro Alimentaire,Agriculture & Agroalimentaire,Adjara,+229 33 80 20 41,,,TPE (<10),B2C,LinkedIn,,Actif,2026-06-29T00:14:36.036112,basse
BJ-B2038D0B,Ets Alimentaire Farm,Agriculture & Agroalimentaire,Allada,+229 85 76 80 54,,,TPE (<10),B2C,LinkedIn,,Actif,2026-06-29T00:14:36.036137,basse
BJ-1E0B5009,Groupe Industrie,Agriculture & Agroalimentaire,Allada,+229 98 53 50 19,groupe.industrie@groupe.industrie.benin,,Grande (>200),B2C,LinkedIn,,Actif,2026-06-29T00:14:36.036148,moyenne
BJ-44C576F5,Bétail,Agriculture & Agroalimentaire,Allada,+229 97 23 58 27,,,Grande (>200),B2B,LinkedIn,,Actif,2026-06-29T00:14:36.036162,basse
BJ-0CB32F8A,Ferme Agro,Agriculture & Agroalimentaire,Allada,+229 87 66 90 29,ferme.agro@ferme.agro.bj,fermeagro.bj,PME (10-50),B2C,LinkedIn,,Actif,2026-06-29T00:14:36.036180,haute
BJ-DCEC5EC9,Production Transformation,Agriculture & Agroalimentaire,Allada,+229 52 97 32 41,production.transformation@production.transformation.net,,PME (10-50),B2C,LinkedIn,,Actif,2026-06-29T00:14:36.036192,moyenne
BJ-4085D87D,Ets Transformation Agro,Agriculture & Agroalimentaire,Aplahoué,+229 27 24 56 17,,,PME (10-50),B2C,LinkedIn,,Actif,2026-06-29T00:14:36.036213,basse
BJ-6D5400D6,Agro Fruit Bénin Aplahoué,Agriculture & Agroalimentaire,Aplahoué,+229 64 69 20 50,,,TPE (<10),B2C,LinkedIn,,Actif,2026-06-29T00:14:36.036224,basse
BJ-E3BDB5EF,Plantation Alimentaire Ets,Agriculture & Agroalimentaire,Aplahoué,+229 38 62 66 96,plantation.alimentaire.ets@plantation.alimentaire.ets.benin,plantationalimentaireets.bj,TPE (<10),B2B,LinkedIn,,Actif,2026-06-29T00:14:36.036236,haute
BJ-2CC391CC,Ets Industrie,Agriculture & Agroalimentaire,Aplahoué,+229 23 53 49 25,,,PME (50-200),B2C,LinkedIn,,Actif,2026-06-29T00:14:36.036246,basse
BJ-C39192BE,Production Céréale SARL,Agriculture & Agroalimentaire,Aplahoué,+229 83 24 22 48,,,PME (10-50),B2C,LinkedIn,,Actif,2026-06-29T00:14:36.036256,basse
BJ-89B02971,Ferme Farm Dogbo-Tota,Agriculture & Agroalimentaire,Dogbo-Tota,+229 32 85 65 37,ferme.farm.dogbotota@ferme.farm.dogbotota.org,fermefarmdogbotota.bj,TPE (<10),B2B,LinkedIn,,Actif,2026-06-29T00:14:36.036304,haute
BJ-9A29803D,Agro,Agriculture & Agroalimentaire,Dogbo-Tota,+229 58 61 49 31,agro@agro.org,,PME (10-50),B2B,LinkedIn,,Actif,2026-06-29T00:14:36.036322,moyenne
BJ-18987845,Bétail Bénin,Agriculture & Agroalimentaire,Dogbo-Tota,+229 39 72 30 95,bétail.bénin@bétail.bénin.benin,,TPE (<10),B2C,LinkedIn,,Actif,2026-06-29T00:14:36.036353,moyenne
BJ-0FB8D552,Ferme Fruit Dogbo-Tota,Agriculture & Agroalimentaire,Dogbo-Tota,+229 43 11 47 96,,fermefruitdogbotota.bj,TPE (<10),B2B,LinkedIn,,Actif,2026-06-29T00:14:36.036365,moyenne
BJ-FDC5243B,Transformation Kpomassè,Agriculture & Agroalimentaire,Kpomassè,+229 87 47 43 60,transformation.kpomassè@transformation.kpomassè.org,,PME (10-50),B2B,LinkedIn,,Actif,2026-06-29T00:14:36.036385,moyenne
BJ-B2152AB7,Industrie Farm,Agriculture & Agroalimentaire,Kpomassè,+229 31 10 65 93,industrie.farm@industrie.farm.benin,,PME (10-50),B2B,LinkedIn,,Actif,2026-06-29T00:14:36.036397,moyenne
BJ-975B25F7,Ferme,Agriculture & Agroalimentaire,Kpomassè,+229 95 82 31 87,ferme@ferme.net,,TPE (<10),B2B,LinkedIn,,Actif,2026-06-29T00:14:36.036408,moyenne
BJ-A864CE2B,Transformation Ets,Agriculture & Agroalimentaire,Kpomassè,+229 64 62 23 94,transformation.ets@transformation.ets.benin,transformationets.bj,PME (10-50),B2C,LinkedIn,,Actif,2026-06-29T00:14:36.036424,haute
BJ-E54AF3AB,Ferme Céréale,Agriculture & Agroalimentaire,Kpomassè,+229 77 37 76 59,,,PME (50-200),B2B,LinkedIn,,Actif,2026-06-29T00:14:36.036435,basse
BJ-FB541302,Plantation Bétail,Agriculture & Agroalimentaire,Tori-Bossito,+229 98 63 69 75,plantation.bétail@plantation.bétail.benin,plantationbétail.bj,PME (50-200),B2B,LinkedIn,,Actif,2026-06-29T00:14:36.036453,haute
BJ-4821F5EB,Groupe Agro Africa,Agriculture & Agroalimentaire,Tori-Bossito,+229 21 70 70 30,,groupeagroafrica.bj,PME (10-50),B2B,LinkedIn,,Actif,2026-06-29T00:14:36.036465,moyenne
BJ-5B2556E4,Agro Transformation Farm Tori-Bossito,Agriculture & Agroalimentaire,Tori-Bossito,+229 36 56 50 65,agro.transformation.farm.toribossito@agro.transformation.farm.toribossito.bj,agrotransformationfarmtoribossito.bj,PME (50-200),B2B,LinkedIn,,Actif,2026-06-29T00:14:36.036478,haute
BJ-5A184EC0,Plantation Bétail SARL,Agriculture & Agroalimentaire,Tori-Bossito,+229 98 28 17 60,,,PME (50-200),B2B,LinkedIn,,Actif,2026-06-29T00:14:36.036491,basse
BJ-B33D6862,Ets Agriculture,Agriculture & Agroalimentaire,Tori-Bossito,+229 29 25 27 23,,etsagriculture.bj,TPE (<10),B2C,LinkedIn,,Actif,2026-06-29T00:14:36.036502,moyenne
BJ-BA77A3A6,SARL Agriculture,Agriculture & Agroalimentaire,Grand-Popo,+229 29 70 44 47,sarl.agriculture@sarl.agriculture.com,sarlagriculture.bj,PME (50-200),B2C,LinkedIn,,Actif,2026-06-29T00:14:36.036520,haute
BJ-B00F2F25,Transformation,Agriculture & Agroalimentaire,Grand-Popo,+229 77 69 75 71,,,Grande (>200),B2C,LinkedIn,,Actif,2026-06-29T00:14:36.036530,basse
BJ-36B3EA24,Ferme,Agriculture & Agroalimentaire,Grand-Popo,+229 41 97 29 73,,ferme.bj,PME (10-50),B2B,LinkedIn,,Actif,2026-06-29T00:14:36.036541,moyenne
BJ-913A1D84,Production Aquaculture Grand-Popo,Agriculture & Agroalimentaire,Grand-Popo,+229 72 50 24 79,production.aquaculture.grandpopo@production.aquaculture.grandpopo.net,,PME (10-50),B2B,LinkedIn,,Actif,2026-06-29T00:14:36.036552,moyenne
BJ-B723D252,Industrie,Agriculture & Agroalimentaire,Grand-Popo,+229 67 60 84 77,,industrie.bj,TPE (<10),B2C,LinkedIn,,Actif,2026-06-29T00:14:36.036563,moyenne
BJ-78A6A4AE,Transformation SARL,Agriculture & Agroalimentaire,Athiémé,+229 86 42 75 56,,,PME (10-50),B2B,LinkedIn,,Actif,2026-06-29T00:14:36.036578,basse
BJ-9C15E4AE,Ferme,Agriculture & Agroalimentaire,Athiémé,+229 83 62 63 19,,,TPE (<10),B2C,LinkedIn,,Actif,2026-06-29T00:14:36.036589,basse
BJ-DD6E1FB3,Plantation Agriculture Groupe,Agriculture & Agroalimentaire,Athiémé,+229 90 78 20 90,plantation.agriculture.groupe@plantation.agriculture.groupe.bj,,PME (50-200),B2C,LinkedIn,,Actif,2026-06-29T00:14:36.036604,moyenne
BJ-14A38526,Transformation Ets,Agriculture & Agroalimentaire,Athiémé,+229 49 35 43 19,transformation.ets@transformation.ets.benin,transformationets.bj,PME (10-50),B2C,LinkedIn,,Actif,2026-06-29T00:14:36.036619,haute
BJ-E0771EE8,Agro Ferme Bénin,Agriculture & Agroalimentaire,Athiémé,+229 78 80 98 32,,,TPE (<10),B2C,LinkedIn,,Actif,2026-06-29T00:14:36.036632,basse
BJ-CCDB668B,Groupe Pêche SARL Bopa,Agriculture & Agroalimentaire,Bopa,+229 23 58 34 65,,groupepêchesarlbopa.bj,Grande (>200),B2C,LinkedIn,,Actif,2026-06-29T00:14:36.036651,moyenne
BJ-6BD6EBD8,Pêche,Agriculture & Agroalimentaire,Bopa,+229 57 26 42 23,pêche@pêche.net,,PME (10-50),B2C,LinkedIn,,Actif,2026-06-29T00:14:36.036662,moyenne
BJ-F78F9796,Ets Industrie Groupe,Agriculture & Agroalimentaire,Bopa,+229 43 45 67 25,,,TPE (<10),B2B,LinkedIn,,Actif,2026-06-29T00:14:36.036673,basse
BJ-61F976B9,Aquaculture,Agriculture & Agroalimentaire,Bopa,+229 61 84 30 49,aquaculture@aquaculture.net,aquaculture.bj,PME (50-200),B2C,LinkedIn,,Actif,2026-06-29T00:14:36.036684,haute
BJ-28C751CF,Groupe Aquaculture Agro,Agriculture & Agroalimentaire,Bopa,+229 80 76 61 51,,groupeaquacultureagro.bj,TPE (<10),B2B,LinkedIn,,Actif,2026-06-29T00:14:36.036695,moyenne
BJ-5F0CD7FA,Groupe Fruit,Agriculture & Agroalimentaire,Houéyogbé,+229 48 30 57 22,,,TPE (<10),B2B,LinkedIn,,Actif,2026-06-29T00:14:36.036711,basse
BJ-F51C008A,Plantation Transformation,Agriculture & Agroalimentaire,Houéyogbé,+229 79 64 97 25,plantation.transformation@plantation.transformation.benin,plantationtransformation.bj,PME (50-200),B2C,LinkedIn,,Actif,2026-06-29T00:14:36.036723,haute
BJ-C78B8D8C,Plantation Agro,Agriculture & Agroalimentaire,Houéyogbé,+229 28 82 35 55,plantation.agro@plantation.agro.org,,PME (50-200),B2B,LinkedIn,,Actif,2026-06-29T00:14:36.036735,moyenne
BJ-C099C0FC,Bétail Houéyogbé,Agriculture & Agroalimentaire,Houéyogbé,+229 41 17 75 25,,bétailhouéyogbé.bj,PME (50-200),B2C,LinkedIn,,Actif,2026-06-29T00:14:36.036750,moyenne
BJ-D33A1062,Plantation Ferme Plantation,Agriculture & Agroalimentaire,Houéyogbé,+229 55 74 60 92,,,TPE (<10),B2C,LinkedIn,,Actif,2026-06-29T00:14:36.036761,basse
BJ-CDC526B5,Élevage Ets Malanville,Agriculture & Agroalimentaire,Malanville,+229 77 27 52 12,élevage.ets.malanville@élevage.ets.malanville.bj,,TPE (<10),B2B,LinkedIn,,Actif,2026-06-29T00:14:36.036779,moyenne
BJ-11B337A1,Élevage,Agriculture & Agroalimentaire,Malanville,+229 74 86 11 76,élevage@élevage.net,élevage.bj,PME (50-200),B2B,LinkedIn,,Actif,2026-06-29T00:14:36.036804,haute
BJ-A3F4EEC4,Plantation Plantation,Agriculture & Agroalimentaire,Malanville,+229 80 70 42 54,,,TPE (<10),B2B,LinkedIn,,Actif,2026-06-29T00:14:36.036814,basse
BJ-5ECAC942,Alimentaire,Agriculture & Agroalimentaire,Malanville,+229 20 77 64 50,alimentaire@alimentaire.com,alimentaire.bj,PME (10-50),B2B,LinkedIn,,Actif,2026-06-29T00:14:36.036825,haute
BJ-B39FF065,Production Céréale,Agriculture & Agroalimentaire,Malanville,+229 85 65 87 24,,productioncéréale.bj,PME (10-50),B2C,LinkedIn,,Actif,2026-06-29T00:14:36.036835,moyenne
BJ-D413E5B4,SARL Légume Ets,Agriculture & Agroalimentaire,Kandi,+229 57 56 82 67,sarl.légume.ets@sarl.légume.ets.benin,,Grande (>200),B2C,LinkedIn,,Actif,2026-06-29T00:14:36.036852,moyenne
BJ-6F71319C,Agriculture Groupe,Agriculture & Agroalimentaire,Kandi,+229 71 25 14 12,,,TPE (<10),B2B,LinkedIn,,Actif,2026-06-29T00:14:36.036875,basse
BJ-9C73891C,Agro Groupe Kandi,Agriculture & Agroalimentaire,Kandi,+229 77 42 89 26,agro.groupe.kandi@agro.groupe.kandi.benin,,PME (10-50),B2C,LinkedIn,,Actif,2026-06-29T00:14:36.036932,moyenne
BJ-EFF83603,Plantation Céréale Groupe,Agriculture & Agroalimentaire,Banikoara,+229 86 37 61 42,,,TPE (<10),B2B,LinkedIn,,Actif,2026-06-29T00:14:36.036965,basse
BJ-14D90820,Ets Pêche Banikoara,Agriculture & Agroalimentaire,Banikoara,+229 69 83 84 48,,,PME (50-200),B2C,LinkedIn,,Actif,2026-06-29T00:14:36.036978,basse
BJ-E130733C,Ferme Pêche,Agriculture & Agroalimentaire,Banikoara,+229 45 73 93 54,ferme.pêche@ferme.pêche.benin,fermepêche.bj,TPE (<10),B2B,LinkedIn,,Actif,2026-06-29T00:14:36.036991,haute
BJ-888ACE81,Pêche Bénin,Agriculture & Agroalimentaire,Banikoara,+229 24 43 84 50,,pêchebénin.bj,TPE (<10),B2C,LinkedIn,,Actif,2026-06-29T00:14:36.037003,moyenne
BJ-3D619D07,SARL Pêche,Agriculture & Agroalimentaire,Banikoara,+229 96 46 21 48,sarl.pêche@sarl.pêche.benin,sarlpêche.bj,PME (50-200),B2B,LinkedIn,,Actif,2026-06-29T00:14:36.037014,haute
BJ-79338FB0,Ferme Alimentaire Farm,Agriculture & Agroalimentaire,Ségbana,+229 32 74 62 97,ferme.alimentaire.farm@ferme.alimentaire.farm.bj,,PME (10-50),B2B,LinkedIn,,Actif,2026-06-29T00:14:36.037031,moyenne
BJ-1E5579EF,Agro Plantation Ségbana,Agriculture & Agroalimentaire,Ségbana,+229 52 30 70 83,agro.plantation.ségbana@agro.plantation.ségbana.benin,agroplantationségbana.bj,TPE (<10),B2C,LinkedIn,,Actif,2026-06-29T00:14:36.037043,haute
BJ-4DC75A7D,SARL Ferme,Agriculture & Agroalimentaire,Ségbana,+229 86 55 55 82,sarl.ferme@sarl.ferme.net,sarlferme.bj,Grande (>200),B2C,LinkedIn,,Actif,2026-06-29T00:14:36.037055,haute
BJ-094AD39E,Groupe Alimentaire,Agriculture & Agroalimentaire,Ségbana,+229 91 58 23 69,groupe.alimentaire@groupe.alimentaire.benin,,TPE (<10),B2C,LinkedIn,,Actif,2026-06-29T00:14:36.037069,moyenne
BJ-CE9130A6,Plantation Africa,Agriculture & Agroalimentaire,Ségbana,+229 25 81 14 69,,plantationafrica.bj,TPE (<10),B2C,LinkedIn,,Actif,2026-06-29T00:14:36.037080,moyenne
BJ-9FE8D8E0,Céréale,Agriculture & Agroalimentaire,Karimama,+229 88 65 34 71,,céréale.bj,TPE (<10),B2C,LinkedIn,,Actif,2026-06-29T00:14:36.037096,moyenne
BJ-7544E733,Ets Agriculture Karimama,Agriculture & Agroalimentaire,Karimama,+229 46 88 86 90,,,PME (10-50),B2C,LinkedIn,,Actif,2026-06-29T00:14:36.037107,basse
BJ-405160F1,Aquaculture Karimama,Agriculture & Agroalimentaire,Karimama,+229 88 26 63 82,aquaculture.karimama@aquaculture.karimama.bj,aquaculturekarimama.bj,TPE (<10),B2C,LinkedIn,,Actif,2026-06-29T00:14:36.037118,haute
BJ-935C62C0,Légume SARL Karimama,Agriculture & Agroalimentaire,Karimama,+229 38 38 47 36,,légumesarlkarimama.bj,TPE (<10),B2B,LinkedIn,,Actif,2026-06-29T00:14:36.037129,moyenne
BJ-12A71F71,Groupe Plantation Farm,Agriculture & Agroalimentaire,Karimama,+229 57 97 60 33,,,PME (50-200),B2C,LinkedIn,,Actif,2026-06-29T00:14:36.037142,basse
BJ-17558999,Agro Ferme Africa,Agriculture & Agroalimentaire,Gogounou,+229 97 93 53 73,,,TPE (<10),B2C,LinkedIn,,Actif,2026-06-29T00:14:36.037156,basse
BJ-89787D0F,Ferme Pêche,Agriculture & Agroalimentaire,Gogounou,+229 43 18 30 13,ferme.pêche@ferme.pêche.bj,fermepêche.bj,TPE (<10),B2C,LinkedIn,,Actif,2026-06-29T00:14:36.037169,haute
BJ-2D540993,Aquaculture Bénin,Agriculture & Agroalimentaire,Gogounou,+229 75 75 76 93,,,Grande (>200),B2B,LinkedIn,,Actif,2026-06-29T00:14:36.037178,basse
BJ-BFDE5BAE,Ferme Plantation Farm Gogounou,Agriculture & Agroalimentaire,Gogounou,+229 30 47 82 39,ferme.plantation.farm.gogounou@ferme.plantation.farm.gogounou.benin,,TPE (<10),B2C,LinkedIn,,Actif,2026-06-29T00:14:36.037192,moyenne
BJ-6333059B,Plantation Bétail Africa,Agriculture & Agroalimentaire,Gogounou,+229 47 61 82 26,plantation.bétail.africa@plantation.bétail.africa.bj,plantationbétailafrica.bj,Grande (>200),B2C,LinkedIn,,Actif,2026-06-29T00:14:36.037205,haute
BJ-128142B5,Agriculture,Agriculture & Agroalimentaire,Cobly,+229 37 60 28 62,,,PME (10-50),B2B,LinkedIn,,Actif,2026-06-29T00:14:36.037221,basse
BJ-7D4F3506,Groupe Agriculture Agro,Agriculture & Agroalimentaire,Cobly,+229 35 40 64 21,,,PME (10-50),B2B,LinkedIn,,Actif,2026-06-29T00:14:36.037231,basse
BJ-26D6EAE2,Plantation Bétail Agro,Agriculture & Agroalimentaire,Cobly,+229 20 54 74 35,plantation.bétail.agro@plantation.bétail.agro.benin,,TPE (<10),B2B,LinkedIn,,Actif,2026-06-29T00:14:36.037242,moyenne
BJ-EB29193C,Élevage,Agriculture & Agroalimentaire,Cobly,+229 77 22 90 90,élevage@élevage.bj,élevage.bj,TPE (<10),B2B,LinkedIn,,Actif,2026-06-29T00:14:36.037253,haute
BJ-CFAD2613,Aquaculture Farm,Agriculture & Agroalimentaire,Cobly,+229 81 30 38 56,,aquaculturefarm.bj,TPE (<10),B2C,LinkedIn,,Actif,2026-06-29T00:14:36.037264,moyenne
BJ-D1718564,Agro Aquaculture Groupe,Agriculture & Agroalimentaire,Tanguiéta,+229 36 39 61 43,agro.aquaculture.groupe@agro.aquaculture.groupe.net,agroaquaculturegroupe.bj,PME (50-200),B2B,LinkedIn,,Actif,2026-06-29T00:14:36.037280,haute
BJ-66A7C9D1,Ferme Élevage,Agriculture & Agroalimentaire,Tanguiéta,+229 63 46 38 92,,,Grande (>200),B2B,LinkedIn,,Actif,2026-06-29T00:14:36.037291,basse
BJ-B471A3D6,Agro Farm,Agriculture & Agroalimentaire,Tanguiéta,+229 24 16 54 39,agro.farm@agro.farm.bj,,PME (10-50),B2B,LinkedIn,,Actif,2026-06-29T00:14:36.037301,moyenne
BJ-35018715,Ferme Pêche,Agriculture & Agroalimentaire,Tanguiéta,+229 92 81 15 38,ferme.pêche@ferme.pêche.net,,PME (10-50),B2B,LinkedIn,,Actif,2026-06-29T00:14:36.037319,moyenne
BJ-DBA4F2B3,Pêche SARL Tanguiéta,Agriculture & Agroalimentaire,Tanguiéta,+229 82 42 17 85,,,TPE (<10),B2B,LinkedIn,,Actif,2026-06-29T00:14:36.037329,basse
BJ-B8943EC9,Transformation,Agriculture & Agroalimentaire,Matéri,+229 92 87 17 12,transformation@transformation.com,,Grande (>200),B2B,LinkedIn,,Actif,2026-06-29T00:14:36.037346,moyenne
BJ-2FD887C5,Production Industrie,Agriculture & Agroalimentaire,Matéri,+229 62 99 52 54,,productionindustrie.bj,TPE (<10),B2C,LinkedIn,,Actif,2026-06-29T00:14:36.037360,moyenne
BJ-F6AD58EC,Production Agriculture,Agriculture & Agroalimentaire,Matéri,+229 61 17 32 70,,productionagriculture.bj,Grande (>200),B2C,LinkedIn,,Actif,2026-06-29T00:14:36.037370,moyenne
BJ-35285F94,Ferme Bétail Ets Matéri,Agriculture & Agroalimentaire,Matéri,+229 94 89 55 88,,,PME (10-50),B2C,LinkedIn,,Actif,2026-06-29T00:14:36.037380,basse
BJ-520B834F,Transformation Groupe Matéri,Agriculture & Agroalimentaire,Matéri,+229 39 35 46 80,transformation.groupe.matéri@transformation.groupe.matéri.benin,,TPE (<10),B2C,LinkedIn,,Actif,2026-06-29T00:14:36.037392,moyenne
BJ-250B0B4A,Pêche Groupe Natitingou,Agriculture & Agroalimentaire,Natitingou,+229 97 51 40 88,pêche.groupe.natitingou@pêche.groupe.natitingou.bj,,PME (50-200),B2C,LinkedIn,,Actif,2026-06-29T00:14:36.037431,moyenne
BJ-7B0F876B,Groupe Pêche Toucountouna,Agriculture & Agroalimentaire,Toucountouna,+229 94 93 23 86,groupe.pêche.toucountouna@groupe.pêche.toucountouna.com,groupepêchetoucountouna.bj,TPE (<10),B2B,LinkedIn,,Actif,2026-06-29T00:14:36.037473,haute
BJ-D04229EE,Alimentaire Bénin,Agriculture & Agroalimentaire,Toucountouna,+229 85 19 70 32,alimentaire.bénin@alimentaire.bénin.benin,alimentairebénin.bj,TPE (<10),B2B,LinkedIn,,Actif,2026-06-29T00:14:36.037485,haute
BJ-CCE5E9B2,Ferme Africa Toucountouna,Agriculture & Agroalimentaire,Toucountouna,+229 64 21 11 83,,fermeafricatoucountouna.bj,TPE (<10),B2C,LinkedIn,,Actif,2026-06-29T00:14:36.037496,moyenne
BJ-19A0F620,SARL Agriculture,Agriculture & Agroalimentaire,Toucountouna,+229 52 61 21 11,sarl.agriculture@sarl.agriculture.net,,Grande (>200),B2C,LinkedIn,,Actif,2026-06-29T00:14:36.037507,moyenne
BJ-8BF78861,Groupe Plantation,Agriculture & Agroalimentaire,Toucountouna,+229 93 31 29 99,groupe.plantation@groupe.plantation.benin,groupeplantation.bj,TPE (<10),B2B,LinkedIn,,Actif,2026-06-29T00:14:36.037518,haute
BJ-634369C1,Agro Pêche Plantation,Agriculture & Agroalimentaire,Boukoumbé,+229 67 11 43 62,agro.pêche.plantation@agro.pêche.plantation.org,,Grande (>200),B2C,LinkedIn,,Actif,2026-06-29T00:14:36.037537,moyenne
BJ-32461E9F,Groupe Industrie,Agriculture & Agroalimentaire,Boukoumbé,+229 40 78 15 92,,,TPE (<10),B2B,LinkedIn,,Actif,2026-06-29T00:14:36.037548,basse
BJ-E4F5AD37,Alimentaire Boukoumbé,Agriculture & Agroalimentaire,Boukoumbé,+229 61 60 55 93,alimentaire.boukoumbé@alimentaire.boukoumbé.net,,TPE (<10),B2B,LinkedIn,,Actif,2026-06-29T00:14:36.037559,moyenne
BJ-492DBEED,Ferme Africa,Agriculture & Agroalimentaire,Boukoumbé,+229 40 18 14 73,ferme.africa@ferme.africa.bj,,TPE (<10),B2C,LinkedIn,,Actif,2026-06-29T00:14:36.037577,moyenne
BJ-577013CD,SARL Alimentaire,Agriculture & Agroalimentaire,Boukoumbé,+229 88 22 67 27,,,Grande (>200),B2C,LinkedIn,,Actif,2026-06-29T00:14:36.037588,basse
BJ-F4592DD8,Plantation Plantation,Agriculture & Agroalimentaire,Kouandé,+229 32 24 74 38,,,PME (10-50),B2B,LinkedIn,,Actif,2026-06-29T00:14:36.037603,basse
BJ-E431F12C,SARL Agriculture,Agriculture & Agroalimentaire,Kouandé,+229 94 51 57 66,,sarlagriculture.bj,PME (50-200),B2C,LinkedIn,,Actif,2026-06-29T00:14:36.037614,moyenne
BJ-5A09EFD0,Bétail Farm,Agriculture & Agroalimentaire,Kouandé,+229 32 82 49 88,bétail.farm@bétail.farm.benin,bétailfarm.bj,PME (10-50),B2C,LinkedIn,,Actif,2026-06-29T00:14:36.037629,haute
BJ-624F808F,Groupe Industrie,Agriculture & Agroalimentaire,Kouandé,+229 53 59 99 35,,groupeindustrie.bj,TPE (<10),B2B,LinkedIn,,Actif,2026-06-29T00:14:36.037640,moyenne
BJ-3658B892,Agro Fruit Groupe,Agriculture & Agroalimentaire,Kouandé,+229 74 90 88 76,,,TPE (<10),B2C,LinkedIn,,Actif,2026-06-29T00:14:36.037649,basse
BJ-69AE8444,Agro Céréale SARL,Agriculture & Agroalimentaire,Péhunco,+229 59 89 22 88,,agrocéréalesarl.bj,TPE (<10),B2B,LinkedIn,,Actif,2026-06-29T00:14:36.037665,moyenne
BJ-5CC465F8,Fruit,Agriculture & Agroalimentaire,Péhunco,+229 82 17 51 32,fruit@fruit.bj,fruit.bj,PME (10-50),B2C,LinkedIn,,Actif,2026-06-29T00:14:36.037676,haute
BJ-98026126,Ferme Groupe,Agriculture & Agroalimentaire,Péhunco,+229 90 95 39 45,,,TPE (<10),B2C,LinkedIn,,Actif,2026-06-29T00:14:36.037686,basse
BJ-65B3E30C,Pêche Plantation,Agriculture & Agroalimentaire,Péhunco,+229 81 31 55 16,,,PME (10-50),B2C,LinkedIn,,Actif,2026-06-29T00:14:36.037698,basse
BJ-0B1624A6,Légume,Agriculture & Agroalimentaire,Tchaourou,+229 28 81 75 24,légume@légume.bj,,PME (50-200),B2B,LinkedIn,,Actif,2026-06-29T00:14:36.037726,moyenne
BJ-1FC419CA,Agro Ets,Agriculture & Agroalimentaire,Tchaourou,+229 96 81 86 43,,,TPE (<10),B2B,LinkedIn,,Actif,2026-06-29T00:14:36.037746,basse
BJ-3513EC83,Production Ferme,Agriculture & Agroalimentaire,Tchaourou,+229 57 42 77 70,production.ferme@production.ferme.com,productionferme.bj,PME (50-200),B2B,LinkedIn,,Actif,2026-06-29T00:14:36.037760,haute
BJ-151A0604,Agro Légume,Agriculture & Agroalimentaire,Tchaourou,+229 83 23 18 29,agro.légume@agro.légume.net,agrolégume.bj,Grande (>200),B2C,LinkedIn,,Actif,2026-06-29T00:14:36.037772,haute
BJ-18000AF2,Production Aquaculture,Agriculture & Agroalimentaire,Nikki,+229 58 26 16 75,,productionaquaculture.bj,PME (10-50),B2B,LinkedIn,,Actif,2026-06-29T00:14:36.037788,moyenne
BJ-B3E4C846,Agriculture Groupe,Agriculture & Agroalimentaire,Nikki,+229 91 90 73 81,agriculture.groupe@agriculture.groupe.com,agriculturegroupe.bj,TPE (<10),B2C,LinkedIn,,Actif,2026-06-29T00:14:36.037799,haute
BJ-F994CCA6,SARL Bétail Agro,Agriculture & Agroalimentaire,Nikki,+229 77 15 74 19,sarl.bétail.agro@sarl.bétail.agro.com,,PME (10-50),B2C,LinkedIn,,Actif,2026-06-29T00:14:36.037810,moyenne
BJ-47F55AB3,Agro Transformation,Agriculture & Agroalimentaire,Nikki,+229 24 95 19 51,,,TPE (<10),B2C,LinkedIn,,Actif,2026-06-29T00:14:36.037823,basse
BJ-5F8412D6,Fruit Groupe,Agriculture & Agroalimentaire,Nikki,+229 93 58 97 32,fruit.groupe@fruit.groupe.org,,PME (10-50),B2C,LinkedIn,,Actif,2026-06-29T00:14:36.037834,moyenne
BJ-B7E024F0,Agriculture Bembéréké,Agriculture & Agroalimentaire,Bembéréké,+229 83 94 43 75,agriculture.bembéréké@agriculture.bembéréké.com,agriculturebembéréké.bj,PME (10-50),B2C,LinkedIn,,Actif,2026-06-29T00:14:36.037862,haute
BJ-133CCE41,Industrie Africa,Agriculture & Agroalimentaire,Bembéréké,+229 41 25 48 11,,industrieafrica.bj,Grande (>200),B2C,LinkedIn,,Actif,2026-06-29T00:14:36.037872,moyenne
BJ-82FDBAF4,Pêche Bénin Bembéréké,Agriculture & Agroalimentaire,Bembéréké,+229 93 45 82 58,,,PME (50-200),B2B,LinkedIn,,Actif,2026-06-29T00:14:36.037883,basse
BJ-614BEE72,SARL Légume,Agriculture & Agroalimentaire,Bembéréké,+229 53 15 94 14,,sarllégume.bj,TPE (<10),B2C,LinkedIn,,Actif,2026-06-29T00:14:36.037922,moyenne
BJ-79E39EDA,Aquaculture Agro,Agriculture & Agroalimentaire,Kalalé,+229 88 58 83 29,,aquacultureagro.bj,TPE (<10),B2C,LinkedIn,,Actif,2026-06-29T00:14:36.037940,moyenne
BJ-3ACE4C2C,Alimentaire Ets Kalalé,Agriculture & Agroalimentaire,Kalalé,+229 74 30 79 60,alimentaire.ets.kalalé@alimentaire.ets.kalalé.org,,Grande (>200),B2B,LinkedIn,,Actif,2026-06-29T00:14:36.037953,moyenne
BJ-73E119BD,Agro Aquaculture SARL,Agriculture & Agroalimentaire,Kalalé,+229 26 68 81 48,agro.aquaculture.sarl@agro.aquaculture.sarl.org,agroaquaculturesarl.bj,TPE (<10),B2C,LinkedIn,,Actif,2026-06-29T00:14:36.037980,haute
BJ-A00EB7F9,Groupe Ferme Farm,Agriculture & Agroalimentaire,Kalalé,+229 33 68 71 76,,groupefermefarm.bj,Grande (>200),B2C,LinkedIn,,Actif,2026-06-29T00:14:36.037997,moyenne
BJ-21005BE7,Agro,Agriculture & Agroalimentaire,Ndali,+229 71 90 61 22,agro@agro.org,agro.bj,TPE (<10),B2C,LinkedIn,,Actif,2026-06-29T00:14:36.038029,haute
BJ-E4E1EB07,Pêche,Agriculture & Agroalimentaire,Ndali,+229 92 84 44 45,pêche@pêche.benin,,PME (10-50),B2B,LinkedIn,,Actif,2026-06-29T00:14:36.038043,moyenne
BJ-7ECFE774,Plantation Alimentaire Bénin,Agriculture & Agroalimentaire,Ndali,+229 55 17 73 90,,,Grande (>200),B2C,LinkedIn,,Actif,2026-06-29T00:14:36.038054,basse
BJ-30E06F21,Production Élevage,Agriculture & Agroalimentaire,Ndali,+229 67 46 33 74,production.élevage@production.élevage.benin,,TPE (<10),B2C,LinkedIn,,Actif,2026-06-29T00:14:36.038065,moyenne
BJ-4C56162B,Agro Transformation Bénin,Agriculture & Agroalimentaire,Ndali,+229 92 56 91 33,agro.transformation.bénin@agro.transformation.bénin.com,,Grande (>200),B2B,LinkedIn,,Actif,2026-06-29T00:14:36.038076,moyenne
BJ-886894C2,SARL Légume,Agriculture & Agroalimentaire,Ségbana,+229 52 41 91 31,sarl.légume@sarl.légume.bj,sarllégume.bj,TPE (<10),B2C,LinkedIn,,Actif,2026-06-29T00:14:36.038105,haute
BJ-0E734B06,Agro Alimentaire SARL,Agriculture & Agroalimentaire,Ségbana,+229 92 79 76 39,,,TPE (<10),B2C,LinkedIn,,Actif,2026-06-29T00:14:36.038115,basse
BJ-99E6E441,Aquaculture Africa,Agriculture & Agroalimentaire,Ségbana,+229 21 55 87 29,aquaculture.africa@aquaculture.africa.net,,PME (10-50),B2B,LinkedIn,,Actif,2026-06-29T00:14:36.038129,moyenne
BJ-78DFEA55,Alimentaire Plantation,Agriculture & Agroalimentaire,Ségbana,+229 37 70 67 20,alimentaire.plantation@alimentaire.plantation.org,alimentaireplantation.bj,TPE (<10),B2B,LinkedIn,,Actif,2026-06-29T00:14:36.038141,haute
BJ-17113F56,Bétail Bénin,Agriculture & Agroalimentaire,Tchaourou,+229 42 46 81 71,,bétailbénin.bj,TPE (<10),B2C,LinkedIn,,Actif,2026-06-29T00:14:36.038167,moyenne
BJ-D775DFD7,Groupe Bétail,Agriculture & Agroalimentaire,Tchaourou,+229 54 29 44 30,groupe.bétail@groupe.bétail.bj,,Grande (>200),B2B,LinkedIn,,Actif,2026-06-29T00:14:36.038178,moyenne
BJ-95C55EF6,Production Agro,Agriculture & Agroalimentaire,Tchaourou,+229 74 74 13 63,production.agro@production.agro.org,productionagro.bj,PME (50-200),B2C,LinkedIn,,Actif,2026-06-29T00:14:36.038189,haute
BJ-AB81D682,Groupe Fruit,Agriculture & Agroalimentaire,Bétérou,+229 74 81 89 50,groupe.fruit@groupe.fruit.bj,groupefruit.bj,PME (50-200),B2C,LinkedIn,,Actif,2026-06-29T00:14:36.038215,haute
BJ-4A3CD6DF,SARL Légume Agro Bétérou,Agriculture & Agroalimentaire,Bétérou,+229 72 18 70 22,sarl.légume.agro.bétérou@sarl.légume.agro.bétérou.bj,,Grande (>200),B2C,LinkedIn,,Actif,2026-06-29T00:14:36.038240,moyenne
BJ-D3936B53,Transformation Bétérou,Agriculture & Agroalimentaire,Bétérou,+229 59 40 86 43,,,TPE (<10),B2B,LinkedIn,,Actif,2026-06-29T00:14:36.038253,basse
BJ-FF4F6801,Pêche SARL Bétérou,Agriculture & Agroalimentaire,Bétérou,+229 50 43 88 62,,pêchesarlbétérou.bj,TPE (<10),B2C,LinkedIn,,Actif,2026-06-29T00:14:36.038264,moyenne
BJ-EFAC4B45,Agro Agro,Agriculture & Agroalimentaire,Ouessè,+229 68 71 41 67,agro.agro@agro.agro.bj,,TPE (<10),B2C,LinkedIn,,Actif,2026-06-29T00:14:36.038281,moyenne
BJ-6C35D059,Ferme Industrie Plantation Ouessè,Agriculture & Agroalimentaire,Ouessè,+229 99 56 46 83,,,PME (50-200),B2B,LinkedIn,,Actif,2026-06-29T00:14:36.038291,basse
BJ-126F8715,Élevage,Agriculture & Agroalimentaire,Ouessè,+229 44 79 98 49,,,TPE (<10),B2B,LinkedIn,,Actif,2026-06-29T00:14:36.038302,basse
BJ-834FFA2D,Aquaculture,Agriculture & Agroalimentaire,Ouessè,+229 20 76 61 37,aquaculture@aquaculture.net,,TPE (<10),B2C,LinkedIn,,Actif,2026-06-29T00:14:36.038312,moyenne
BJ-B7318F31,Groupe Transformation Ets,Agriculture & Agroalimentaire,Ouessè,+229 56 79 85 42,,,PME (50-200),B2C,LinkedIn,,Actif,2026-06-29T00:14:36.038322,basse
BJ-DF88AF4B,Ets Agriculture Bénin,Agriculture & Agroalimentaire,Glazoué,+229 52 58 14 66,ets.agriculture.bénin@ets.agriculture.bénin.net,etsagriculturebénin.bj,PME (10-50),B2B,LinkedIn,,Actif,2026-06-29T00:14:36.038339,haute
BJ-80ECB27E,Élevage Agro,Agriculture & Agroalimentaire,Glazoué,+229 52 85 78 19,élevage.agro@élevage.agro.bj,élevageagro.bj,PME (10-50),B2C,LinkedIn,,Actif,2026-06-29T00:14:36.038354,haute
BJ-7BC5925D,Céréale,Agriculture & Agroalimentaire,Glazoué,+229 28 95 28 13,,,Grande (>200),B2C,LinkedIn,,Actif,2026-06-29T00:14:36.038364,basse
BJ-2F3AD979,Ferme,Agriculture & Agroalimentaire,Glazoué,+229 29 86 63 52,,ferme.bj,PME (10-50),B2B,LinkedIn,,Actif,2026-06-29T00:14:36.038377,moyenne
BJ-00317C7A,Agro Élevage Farm Glazoué,Agriculture & Agroalimentaire,Glazoué,+229 90 46 98 16,,agroélevagefarmglazoué.bj,PME (50-200),B2C,LinkedIn,,Actif,2026-06-29T00:14:36.038389,moyenne
BJ-556A8ADB,Transformation Plantation,Agriculture & Agroalimentaire,Dassa-Zoumè,+229 50 84 60 43,,transformationplantation.bj,PME (10-50),B2C,LinkedIn,,Actif,2026-06-29T00:14:36.038404,moyenne
BJ-39B2D8F2,Légume,Agriculture & Agroalimentaire,Dassa-Zoumè,+229 54 10 88 90,légume@légume.bj,,PME (10-50),B2B,LinkedIn,,Actif,2026-06-29T00:14:36.038428,moyenne
BJ-9F9AF7B5,Aquaculture Dassa-Zoumè,Agriculture & Agroalimentaire,Dassa-Zoumè,+229 62 19 48 19,,aquaculturedassazoumè.bj,PME (50-200),B2C,LinkedIn,,Actif,2026-06-29T00:14:36.038439,moyenne
BJ-A96F495D,Ferme Agro Bénin,Agriculture & Agroalimentaire,Dassa-Zoumè,+229 87 62 90 83,,,TPE (<10),B2C,LinkedIn,,Actif,2026-06-29T00:14:36.038449,basse
BJ-564A3225,SARL Agro,Agriculture & Agroalimentaire,Savalou,+229 47 92 76 10,sarl.agro@sarl.agro.benin,,TPE (<10),B2B,LinkedIn,,Actif,2026-06-29T00:14:36.038480,moyenne
BJ-3F56B5F9,Groupe Bétail Bénin,Agriculture & Agroalimentaire,Savalou,+229 30 93 97 79,groupe.bétail.bénin@groupe.bétail.bénin.com,groupebétailbénin.bj,Grande (>200),B2B,LinkedIn,,Actif,2026-06-29T00:14:36.038492,haute
BJ-57D32C51,Agro Agriculture Africa,Agriculture & Agroalimentaire,Savalou,+229 62 46 80 11,agro.agriculture.africa@agro.agriculture.africa.benin,,TPE (<10),B2B,LinkedIn,,Actif,2026-06-29T00:14:36.038506,moyenne
BJ-D996BA98,SARL Céréale,Agriculture & Agroalimentaire,Savalou,+229 93 27 38 22,,,TPE (<10),B2C,LinkedIn,,Actif,2026-06-29T00:14:36.038516,basse
BJ-E37343CE,Céréale Farm,Agriculture & Agroalimentaire,Bantè,+229 69 14 86 26,,céréalefarm.bj,Grande (>200),B2C,LinkedIn,,Actif,2026-06-29T00:14:36.038532,moyenne
BJ-11FB6460,Agro Agro,Agriculture & Agroalimentaire,Bantè,+229 44 84 37 33,agro.agro@agro.agro.benin,,TPE (<10),B2C,LinkedIn,,Actif,2026-06-29T00:14:36.038543,moyenne
BJ-E493F536,Ferme Pêche SARL,Agriculture & Agroalimentaire,Bantè,+229 59 44 80 49,,fermepêchesarl.bj,PME (10-50),B2B,LinkedIn,,Actif,2026-06-29T00:14:36.038554,moyenne
BJ-F3FBFC7D,Ferme Transformation Groupe,Agriculture & Agroalimentaire,Bantè,+229 43 76 22 49,ferme.transformation.groupe@ferme.transformation.groupe.bj,fermetransformationgroupe.bj,TPE (<10),B2B,LinkedIn,,Actif,2026-06-29T00:14:36.038568,haute
BJ-86C67EDB,Agro Agriculture Plantation,Agriculture & Agroalimentaire,Bantè,+229 99 89 59 70,,,PME (10-50),B2B,LinkedIn,,Actif,2026-06-29T00:14:36.038579,basse
BJ-42A9A058,Céréale Farm,Agriculture & Agroalimentaire,Djougou,+229 42 83 30 24,céréale.farm@céréale.farm.net,céréalefarm.bj,PME (10-50),B2C,LinkedIn,,Actif,2026-06-29T00:14:36.038598,haute
BJ-CDA032DB,Élevage Agro,Agriculture & Agroalimentaire,Djougou,+229 27 38 82 22,élevage.agro@élevage.agro.org,,TPE (<10),B2C,LinkedIn,,Actif,2026-06-29T00:14:36.038621,moyenne
BJ-A33C4D15,Industrie SARL Djougou,Agriculture & Agroalimentaire,Djougou,+229 22 75 92 60,,industriesarldjougou.bj,PME (10-50),B2C,LinkedIn,,Actif,2026-06-29T00:14:36.038639,moyenne
BJ-7E339785,Industrie,Agriculture & Agroalimentaire,Djougou,+229 53 37 31 18,industrie@industrie.org,,PME (10-50),B2C,LinkedIn,,Actif,2026-06-29T00:14:36.038654,moyenne
BJ-053393D2,SARL Élevage Farm,Agriculture & Agroalimentaire,Djougou,+229 55 48 17 45,sarl.élevage.farm@sarl.élevage.farm.com,sarlélevagefarm.bj,PME (10-50),B2C,LinkedIn,,Actif,2026-06-29T00:14:36.038670,haute
BJ-DF0FAFA4,Industrie Agro Ouèssè,Agriculture & Agroalimentaire,Ouèssè,+229 82 23 52 85,industrie.agro.ouèssè@industrie.agro.ouèssè.benin,industrieagroouèssè.bj,TPE (<10),B2B,LinkedIn,,Actif,2026-06-29T00:14:36.038689,haute
BJ-23688E53,Agro Pêche,Agriculture & Agroalimentaire,Ouèssè,+229 23 33 20 70,agro.pêche@agro.pêche.com,,TPE (<10),B2C,LinkedIn,,Actif,2026-06-29T00:14:36.038701,moyenne
BJ-E7A68677,Production Aquaculture,Agriculture & Agroalimentaire,Ouèssè,+229 37 37 36 70,,,PME (50-200),B2B,LinkedIn,,Actif,2026-06-29T00:14:36.038711,basse
BJ-118AFA15,Pêche,Agriculture & Agroalimentaire,Ouèssè,+229 77 60 43 58,pêche@pêche.org,pêche.bj,TPE (<10),B2B,LinkedIn,,Actif,2026-06-29T00:14:36.038725,haute
BJ-9B133D60,Plantation,Agriculture & Agroalimentaire,Ouèssè,+229 47 45 38 35,plantation@plantation.org,,PME (50-200),B2B,LinkedIn,,Actif,2026-06-29T00:14:36.038736,moyenne
BJ-4472BA4A,Ets Alimentaire,Agriculture & Agroalimentaire,Bassila,+229 21 65 20 67,ets.alimentaire@ets.alimentaire.bj,etsalimentaire.bj,PME (10-50),B2B,LinkedIn,,Actif,2026-06-29T00:14:36.038753,haute
BJ-4193F361,Plantation Agro SARL,Agriculture & Agroalimentaire,Bassila,+229 60 24 28 21,,,TPE (<10),B2B,LinkedIn,,Actif,2026-06-29T00:14:36.038763,basse
BJ-58BB730D,Agro Fruit Groupe,Agriculture & Agroalimentaire,Bassila,+229 83 41 87 24,agro.fruit.groupe@agro.fruit.groupe.org,,PME (10-50),B2B,LinkedIn,,Actif,2026-06-29T00:14:36.038791,moyenne
BJ-178F1D07,Agro Bassila,Agriculture & Agroalimentaire,Bassila,+229 61 78 95 86,agro.bassila@agro.bassila.org,,PME (10-50),B2B,LinkedIn,,Actif,2026-06-29T00:14:36.038803,moyenne
BJ-95AD6AF0,Plantation Plantation,Agriculture & Agroalimentaire,Pehunco,+229 28 92 20 48,plantation.plantation@plantation.plantation.org,,TPE (<10),B2B,LinkedIn,,Actif,2026-06-29T00:14:36.038820,moyenne
BJ-7BAD9A89,SARL Aquaculture Plantation,Agriculture & Agroalimentaire,Pehunco,+229 30 66 33 98,,,PME (10-50),B2C,LinkedIn,,Actif,2026-06-29T00:14:36.038830,basse
BJ-C3C51780,Agro Céréale Plantation,Agriculture & Agroalimentaire,Pehunco,+229 22 32 92 71,,,PME (50-200),B2B,LinkedIn,,Actif,2026-06-29T00:14:36.038840,basse
BJ-1737875A,Bétail Africa,Agriculture & Agroalimentaire,Pehunco,+229 33 26 62 54,bétail.africa@bétail.africa.com,bétailafrica.bj,PME (50-200),B2B,LinkedIn,,Actif,2026-06-29T00:14:36.038851,haute
BJ-3ED76828,Ferme Céréale,Agriculture & Agroalimentaire,Pehunco,+229 79 11 96 24,ferme.céréale@ferme.céréale.org,,TPE (<10),B2C,LinkedIn,,Actif,2026-06-29T00:14:36.038862,moyenne
BJ-C9E2BF92,Ets Alimentaire,Agriculture & Agroalimentaire,Copargo,+229 74 22 45 99,,,TPE (<10),B2B,LinkedIn,,Actif,2026-06-29T00:14:36.038881,basse
BJ-B67F6062,Production Fruit Ets,Agriculture & Agroalimentaire,Copargo,+229 99 68 29 96,,,PME (10-50),B2B,LinkedIn,,Actif,2026-06-29T00:14:36.038903,basse
BJ-2059EE95,Production Plantation,Agriculture & Agroalimentaire,Copargo,+229 75 31 51 63,production.plantation@production.plantation.org,,PME (50-200),B2B,LinkedIn,,Actif,2026-06-29T00:14:36.038947,moyenne
BJ-D4E02D27,Agro Copargo,Agriculture & Agroalimentaire,Copargo,+229 86 59 66 37,agro.copargo@agro.copargo.org,,PME (10-50),B2C,LinkedIn,,Actif,2026-06-29T00:14:36.038962,moyenne
BJ-06BEB550,Production Aquaculture SARL,Agriculture & Agroalimentaire,Copargo,+229 38 34 95 63,,,PME (50-200),B2C,LinkedIn,,Actif,2026-06-29T00:14:36.038975,basse
BJ-2E36E2BA,Institut Excellence École,Éducation & Formation,Cotonou,+229 91 38 73 69,,institutexcellenceécole.bj,PME (10-50),B2C,LinkedIn,,Actif,2026-06-29T00:14:36.039030,moyenne
BJ-BA9F667F,Institut Éducation Cotonou,Éducation & Formation,Cotonou,+229 80 71 47 36,institut.éducation.cotonou@institut.éducation.cotonou.benin,institutéducationcotonou.bj,PME (10-50),B2C,LinkedIn,,Actif,2026-06-29T00:14:36.039044,haute
BJ-90671C91,Centre Développement École Cotonou,Éducation & Formation,Cotonou,+229 84 70 99 15,centre.développement.école.cotonou@centre.développement.école.cotonou.org,,PME (50-200),B2C,LinkedIn,,Actif,2026-06-29T00:14:36.039059,moyenne
BJ-4652F28A,Éducation,Éducation & Formation,Abomey-Calavi,+229 65 18 19 46,,,TPE (<10),B2B,LinkedIn,,Actif,2026-06-29T00:14:36.039074,basse
BJ-0CB5E0CC,Collège Connaissance Academy,Éducation & Formation,Abomey-Calavi,+229 82 33 78 91,,,TPE (<10),B2B,LinkedIn,,Actif,2026-06-29T00:14:36.039085,basse
BJ-D09A2D69,Académie Apprentissage Academy,Éducation & Formation,Abomey-Calavi,+229 65 29 86 25,académie.apprentissage.academy@académie.apprentissage.academy.benin,académieapprentissageacademy.bj,TPE (<10),B2C,LinkedIn,,Actif,2026-06-29T00:14:36.039112,haute
BJ-074E26C4,Université Savoir Bénin,Éducation & Formation,Abomey-Calavi,+229 32 66 14 87,université.savoir.bénin@université.savoir.bénin.bj,universitésavoirbénin.bj,PME (50-200),B2B,LinkedIn,,Actif,2026-06-29T00:14:36.039125,haute
BJ-7375E658,Excellence,Éducation & Formation,Porto-Novo,+229 63 64 38 88,,excellence.bj,PME (10-50),B2B,LinkedIn,,Actif,2026-06-29T00:14:36.039141,moyenne
BJ-A8B08075,Lycée Privé Institute,Éducation & Formation,Porto-Novo,+229 69 35 78 91,,lycéeprivéinstitute.bj,TPE (<10),B2B,LinkedIn,,Actif,2026-06-29T00:14:36.039152,moyenne
BJ-6C3D7133,Centre Excellence,Éducation & Formation,Porto-Novo,+229 52 14 15 57,centre.excellence@centre.excellence.benin,centreexcellence.bj,PME (50-200),B2C,LinkedIn,,Actif,2026-06-29T00:14:36.039164,haute
BJ-9C355047,Excellence Lycée,Éducation & Formation,Porto-Novo,+229 63 97 89 25,,,PME (10-50),B2B,LinkedIn,,Actif,2026-06-29T00:14:36.039173,basse
BJ-4899E372,Privé Lycée Porto-Novo,Éducation & Formation,Porto-Novo,+229 36 77 88 10,privé.lycée.portonovo@privé.lycée.portonovo.bj,,PME (50-200),B2C,LinkedIn,,Actif,2026-06-29T00:14:36.039185,moyenne
BJ-024EF079,Savoir Academy,Éducation & Formation,Parakou,+229 42 94 11 73,savoir.academy@savoir.academy.org,,PME (10-50),B2B,LinkedIn,,Actif,2026-06-29T00:14:36.039201,moyenne
BJ-AB2EDE26,Académie National School Parakou,Éducation & Formation,Parakou,+229 83 87 21 44,académie.national.school.parakou@académie.national.school.parakou.net,académienationalschoolparakou.bj,PME (50-200),B2C,LinkedIn,,Actif,2026-06-29T00:14:36.039214,haute
BJ-B3F2308E,Collège Développement,Éducation & Formation,Parakou,+229 76 44 78 97,collège.développement@collège.développement.org,,PME (10-50),B2C,LinkedIn,,Actif,2026-06-29T00:14:36.039226,moyenne
BJ-BC47917E,Connaissance,Éducation & Formation,Parakou,+229 62 13 39 52,connaissance@connaissance.benin,,PME (10-50),B2C,LinkedIn,,Actif,2026-06-29T00:14:36.039242,moyenne
BJ-A75A829F,Lycée Formation,Éducation & Formation,Bohicon,+229 94 51 22 86,lycée.formation@lycée.formation.org,,TPE (<10),B2B,LinkedIn,,Actif,2026-06-29T00:14:36.039303,moyenne
BJ-73E4E609,Académie Excellence Bohicon,Éducation & Formation,Bohicon,+229 44 90 51 13,académie.excellence.bohicon@académie.excellence.bohicon.net,,TPE (<10),B2B,LinkedIn,,Actif,2026-06-29T00:14:36.039314,moyenne
BJ-2676EADD,Collège Excellence Bénin,Éducation & Formation,Natitingou,+229 55 17 26 63,collège.excellence.bénin@collège.excellence.bénin.bj,collègeexcellencebénin.bj,PME (50-200),B2B,LinkedIn,,Actif,2026-06-29T00:14:36.039343,haute
BJ-7EBACCBC,Protestant Natitingou,Éducation & Formation,Natitingou,+229 45 63 71 71,,protestantnatitingou.bj,TPE (<10),B2B,LinkedIn,,Actif,2026-06-29T00:14:36.039354,moyenne
BJ-64EB3465,Université Développement University Natitingou,Éducation & Formation,Natitingou,+229 76 92 82 88,,universitédéveloppementuniversitynatitingou.bj,TPE (<10),B2C,LinkedIn,,Actif,2026-06-29T00:14:36.039370,moyenne
BJ-73367900,Académie Développement École,Éducation & Formation,Lokossa,+229 64 70 80 18,académie.développement.école@académie.développement.école.org,académiedéveloppementécole.bj,TPE (<10),B2C,LinkedIn,,Actif,2026-06-29T00:14:36.039400,haute
BJ-7A15C63D,International,Éducation & Formation,Lokossa,+229 71 13 23 99,,international.bj,TPE (<10),B2C,LinkedIn,,Actif,2026-06-29T00:14:36.039410,moyenne
BJ-91EF0F5D,Apprentissage,Éducation & Formation,Lokossa,+229 59 84 10 58,apprentissage@apprentissage.org,apprentissage.bj,TPE (<10),B2C,LinkedIn,,Actif,2026-06-29T00:14:36.039422,haute
BJ-3A3F8D28,Centre Catholique,Éducation & Formation,Lokossa,+229 52 38 30 19,centre.catholique@centre.catholique.org,centrecatholique.bj,TPE (<10),B2C,LinkedIn,,Actif,2026-06-29T00:14:36.039436,haute
BJ-0FCDCB68,Liberté,Éducation & Formation,Lokossa,+229 41 54 63 98,liberté@liberté.benin,liberté.bj,TPE (<10),B2C,LinkedIn,,Actif,2026-06-29T00:14:36.039451,haute
BJ-C43B21CD,Catholique,Éducation & Formation,Ouidah,+229 67 62 16 65,catholique@catholique.benin,catholique.bj,PME (50-200),B2B,LinkedIn,,Actif,2026-06-29T00:14:36.039491,haute
BJ-94E7C8BA,École Privé École,Éducation & Formation,Ouidah,+229 82 70 11 38,école.privé.école@école.privé.école.benin,écoleprivéécole.bj,PME (50-200),B2B,LinkedIn,,Actif,2026-06-29T00:14:36.039506,haute
BJ-96E81A2B,Catholique École,Éducation & Formation,Ouidah,+229 28 68 44 94,catholique.école@catholique.école.org,,PME (10-50),B2C,LinkedIn,,Actif,2026-06-29T00:14:36.039518,moyenne
BJ-0F20E94C,Formation Academy,Éducation & Formation,Savalou,+229 68 65 34 50,formation.academy@formation.academy.bj,,TPE (<10),B2C,LinkedIn,,Actif,2026-06-29T00:14:36.039534,moyenne
BJ-84FA52B3,Lycée Connaissance Savalou,Éducation & Formation,Savalou,+229 67 10 63 89,lycée.connaissance.savalou@lycée.connaissance.savalou.net,,PME (10-50),B2B,LinkedIn,,Actif,2026-06-29T00:14:36.039546,moyenne
BJ-3A8D7BB5,Université Public Bénin,Éducation & Formation,Savalou,+229 53 19 94 20,,universitépublicbénin.bj,PME (10-50),B2B,LinkedIn,,Actif,2026-06-29T00:14:36.039558,moyenne
BJ-668F18CB,Lycée Éducation College,Éducation & Formation,Savalou,+229 47 15 51 62,lycée.éducation.college@lycée.éducation.college.bj,lycéeéducationcollege.bj,PME (50-200),B2B,LinkedIn,,Actif,2026-06-29T00:14:36.039580,haute
BJ-8D0715DC,Apprentissage Lycée Savalou,Éducation & Formation,Savalou,+229 64 50 81 32,apprentissage.lycée.savalou@apprentissage.lycée.savalou.bj,apprentissagelycéesavalou.bj,PME (10-50),B2B,LinkedIn,,Actif,2026-06-29T00:14:36.039602,haute
BJ-4A4BCA53,International Dassa-Zoumè,Éducation & Formation,Dassa-Zoumè,+229 98 61 16 97,,internationaldassazoumè.bj,Grande (>200),B2C,LinkedIn,,Actif,2026-06-29T00:14:36.039621,moyenne
BJ-7C92F840,Lycée Public,Éducation & Formation,Dassa-Zoumè,+229 99 74 17 55,,lycéepublic.bj,TPE (<10),B2B,LinkedIn,,Actif,2026-06-29T00:14:36.039637,moyenne
BJ-F6F4FA5C,Institut Excellence,Éducation & Formation,Dassa-Zoumè,+229 62 99 77 69,institut.excellence@institut.excellence.org,,PME (10-50),B2C,LinkedIn,,Actif,2026-06-29T00:14:36.039648,moyenne
BJ-854B9574,Protestant,Éducation & Formation,Dassa-Zoumè,+229 77 35 44 68,protestant@protestant.org,protestant.bj,Grande (>200),B2B,LinkedIn,,Actif,2026-06-29T00:14:36.039662,haute
BJ-4077EC63,Formation College,Éducation & Formation,Dassa-Zoumè,+229 91 83 74 16,formation.college@formation.college.org,formationcollege.bj,PME (10-50),B2B,LinkedIn,,Actif,2026-06-29T00:14:36.039674,haute
BJ-07EDA796,Institut Catholique,Éducation & Formation,Kétou,+229 84 71 75 12,institut.catholique@institut.catholique.com,institutcatholique.bj,Grande (>200),B2B,LinkedIn,,Actif,2026-06-29T00:14:36.039692,haute
BJ-919BE5CD,National University,Éducation & Formation,Kétou,+229 65 86 91 52,,nationaluniversity.bj,TPE (<10),B2C,LinkedIn,,Actif,2026-06-29T00:14:36.039716,moyenne
BJ-F4F8B6FF,Institut Protestant,Éducation & Formation,Kétou,+229 97 29 25 29,institut.protestant@institut.protestant.bj,institutprotestant.bj,PME (10-50),B2B,LinkedIn,,Actif,2026-06-29T00:14:36.039728,haute
BJ-DA958E8B,Excellence,Éducation & Formation,Kétou,+229 89 92 94 34,,excellence.bj,TPE (<10),B2B,LinkedIn,,Actif,2026-06-29T00:14:36.039738,moyenne
BJ-7AFC7631,Collège Éducation,Éducation & Formation,Covè,+229 77 33 11 71,collège.éducation@collège.éducation.benin,,TPE (<10),B2B,LinkedIn,,Actif,2026-06-29T00:14:36.039755,moyenne
BJ-A87F5688,Université Catholique,Éducation & Formation,Covè,+229 74 28 45 75,,universitécatholique.bj,PME (10-50),B2C,LinkedIn,,Actif,2026-06-29T00:14:36.039766,moyenne
BJ-EB704C71,Protestant University,Éducation & Formation,Covè,+229 26 77 46 62,,protestantuniversity.bj,TPE (<10),B2B,LinkedIn,,Actif,2026-06-29T00:14:36.039777,moyenne
BJ-F718251D,Apprentissage,Éducation & Formation,Covè,+229 33 18 23 79,apprentissage@apprentissage.com,apprentissage.bj,Grande (>200),B2B,LinkedIn,,Actif,2026-06-29T00:14:36.039791,haute
BJ-C9669D89,Université Éducation Covè,Éducation & Formation,Covè,+229 21 76 60 49,,universitééducationcovè.bj,PME (10-50),B2C,LinkedIn,,Actif,2026-06-29T00:14:36.039803,moyenne
BJ-833459A4,Liberté Pobè,Éducation & Formation,Pobè,+229 93 77 57 93,liberté.pobè@liberté.pobè.benin,,TPE (<10),B2B,LinkedIn,,Actif,2026-06-29T00:14:36.039823,moyenne
BJ-A1301BB9,Collège National,Éducation & Formation,Pobè,+229 46 64 17 86,collège.national@collège.national.bj,collègenational.bj,PME (10-50),B2C,LinkedIn,,Actif,2026-06-29T00:14:36.039836,haute
BJ-F553C3C6,Collège Formation École,Éducation & Formation,Pobè,+229 21 18 72 72,collège.formation.école@collège.formation.école.net,collègeformationécole.bj,TPE (<10),B2C,LinkedIn,,Actif,2026-06-29T00:14:36.039848,haute
BJ-D3544BB6,Institut Liberté Pobè,Éducation & Formation,Pobè,+229 98 59 77 59,institut.liberté.pobè@institut.liberté.pobè.com,,PME (50-200),B2C,LinkedIn,,Actif,2026-06-29T00:14:36.039859,moyenne
BJ-A6C2EB9B,Catholique,Éducation & Formation,Pobè,+229 34 11 31 72,,,PME (10-50),B2C,LinkedIn,,Actif,2026-06-29T00:14:36.039869,basse
BJ-DD4D1DEC,Privé School,Éducation & Formation,Sakété,+229 94 85 80 21,privé.school@privé.school.benin,privéschool.bj,TPE (<10),B2B,LinkedIn,,Actif,2026-06-29T00:14:36.039927,haute
BJ-FF192C11,Institut Savoir Sakété,Éducation & Formation,Sakété,+229 60 28 90 12,,institutsavoirsakété.bj,Grande (>200),B2C,LinkedIn,,Actif,2026-06-29T00:14:36.039974,moyenne
BJ-03274B0F,Lycée Excellence University,Éducation & Formation,Sakété,+229 65 37 78 49,,lycéeexcellenceuniversity.bj,TPE (<10),B2B,LinkedIn,,Actif,2026-06-29T00:14:36.039986,moyenne
BJ-96BF50AE,Université Développement Institute,Éducation & Formation,Adjara,+229 80 66 71 47,université.développement.institute@université.développement.institute.net,universitédéveloppementinstitute.bj,TPE (<10),B2B,LinkedIn,,Actif,2026-06-29T00:14:36.040017,haute
BJ-6EB24165,Connaissance Lycée,Éducation & Formation,Adjara,+229 74 27 84 35,connaissance.lycée@connaissance.lycée.com,connaissancelycée.bj,PME (10-50),B2B,LinkedIn,,Actif,2026-06-29T00:14:36.040039,haute
BJ-664BC8D0,Académie Public École,Éducation & Formation,Adjara,+229 84 69 23 41,académie.public.école@académie.public.école.org,,PME (10-50),B2C,LinkedIn,,Actif,2026-06-29T00:14:36.040050,moyenne
BJ-64E2200E,Institut Connaissance Lycée,Éducation & Formation,Allada,+229 52 92 95 49,institut.connaissance.lycée@institut.connaissance.lycée.com,institutconnaissancelycée.bj,PME (10-50),B2C,LinkedIn,,Actif,2026-06-29T00:14:36.040067,haute
BJ-FA2F8E5C,Liberté,Éducation & Formation,Allada,+229 52 68 78 69,liberté@liberté.com,liberté.bj,TPE (<10),B2B,LinkedIn,,Actif,2026-06-29T00:14:36.040079,haute
BJ-396ABE04,Institut National,Éducation & Formation,Allada,+229 90 44 34 55,institut.national@institut.national.net,institutnational.bj,Grande (>200),B2C,LinkedIn,,Actif,2026-06-29T00:14:36.040090,haute
BJ-751613A5,Institut Protestant University,Éducation & Formation,Allada,+229 81 76 15 62,institut.protestant.university@institut.protestant.university.net,institutprotestantuniversity.bj,PME (10-50),B2C,LinkedIn,,Actif,2026-06-29T00:14:36.040105,haute
BJ-A6631016,Institut Formation,Éducation & Formation,Allada,+229 35 14 65 99,institut.formation@institut.formation.bj,,PME (50-200),B2C,LinkedIn,,Actif,2026-06-29T00:14:36.040116,moyenne
BJ-223931D9,Université International School,Éducation & Formation,Aplahoué,+229 90 95 36 81,université.international.school@université.international.school.org,,TPE (<10),B2B,LinkedIn,,Actif,2026-06-29T00:14:36.040133,moyenne
BJ-7FA2CE24,Développement University,Éducation & Formation,Aplahoué,+229 65 62 82 16,développement.university@développement.university.com,développementuniversity.bj,PME (10-50),B2B,LinkedIn,,Actif,2026-06-29T00:14:36.040145,haute
BJ-6D2290B0,École Connaissance,Éducation & Formation,Aplahoué,+229 39 60 72 99,,écoleconnaissance.bj,PME (50-200),B2C,LinkedIn,,Actif,2026-06-29T00:14:36.040156,moyenne
BJ-99C4B4A1,Institut Excellence Bénin,Éducation & Formation,Aplahoué,+229 93 86 90 21,institut.excellence.bénin@institut.excellence.bénin.com,institutexcellencebénin.bj,PME (10-50),B2C,LinkedIn,,Actif,2026-06-29T00:14:36.040187,haute
BJ-56FB7EE9,Privé Academy,Éducation & Formation,Aplahoué,+229 48 21 74 34,privé.academy@privé.academy.org,privéacademy.bj,TPE (<10),B2B,LinkedIn,,Actif,2026-06-29T00:14:36.040203,haute
BJ-F5DDC1B2,Privé,Éducation & Formation,Dogbo-Tota,+229 33 40 86 11,privé@privé.com,privé.bj,TPE (<10),B2C,LinkedIn,,Actif,2026-06-29T00:14:36.040235,haute
BJ-460D1EC3,Savoir School,Éducation & Formation,Dogbo-Tota,+229 97 63 39 14,savoir.school@savoir.school.bj,savoirschool.bj,TPE (<10),B2B,LinkedIn,,Actif,2026-06-29T00:14:36.040247,haute
BJ-F6C4D49D,Université Formation Bénin Dogbo-Tota,Éducation & Formation,Dogbo-Tota,+229 49 70 57 53,,universitéformationbénindogbotota.bj,TPE (<10),B2B,LinkedIn,,Actif,2026-06-29T00:14:36.040261,moyenne
BJ-1461BA09,Institut Privé Lycée,Éducation & Formation,Dogbo-Tota,+229 89 22 84 50,,,Grande (>200),B2B,LinkedIn,,Actif,2026-06-29T00:14:36.040272,basse
BJ-204EB13B,Collège Public Academy Kpomassè,Éducation & Formation,Kpomassè,+229 34 30 76 66,,,PME (10-50),B2C,LinkedIn,,Actif,2026-06-29T00:14:36.040290,basse
BJ-3C30195C,Institut Formation,Éducation & Formation,Kpomassè,+229 60 45 94 61,institut.formation@institut.formation.com,institutformation.bj,TPE (<10),B2B,LinkedIn,,Actif,2026-06-29T00:14:36.040302,haute
BJ-A0D3D358,International School,Éducation & Formation,Kpomassè,+229 23 99 78 50,international.school@international.school.bj,internationalschool.bj,TPE (<10),B2B,LinkedIn,,Actif,2026-06-29T00:14:36.040314,haute
BJ-4F318459,École Liberté Academy,Éducation & Formation,Kpomassè,+229 39 63 45 61,école.liberté.academy@école.liberté.academy.com,écolelibertéacademy.bj,PME (10-50),B2C,LinkedIn,,Actif,2026-06-29T00:14:36.040325,haute
BJ-459BF9CF,International Academy,Éducation & Formation,Kpomassè,+229 73 29 34 93,,internationalacademy.bj,Grande (>200),B2B,LinkedIn,,Actif,2026-06-29T00:14:36.040335,moyenne
BJ-8D7B5B6B,Collège Éducation,Éducation & Formation,Tori-Bossito,+229 98 84 37 10,collège.éducation@collège.éducation.org,collègeéducation.bj,TPE (<10),B2C,LinkedIn,,Actif,2026-06-29T00:14:36.040353,haute
BJ-363F8452,Centre Savoir École Tori-Bossito,Éducation & Formation,Tori-Bossito,+229 51 18 63 17,,centresavoirécoletoribossito.bj,Grande (>200),B2C,LinkedIn,,Actif,2026-06-29T00:14:36.040364,moyenne
BJ-1A4E378A,Privé Bénin Tori-Bossito,Éducation & Formation,Tori-Bossito,+229 95 66 69 19,,privébénintoribossito.bj,TPE (<10),B2C,LinkedIn,,Actif,2026-06-29T00:14:36.040375,moyenne
BJ-290B9D17,Université International,Éducation & Formation,Tori-Bossito,+229 72 12 37 32,université.international@université.international.org,universitéinternational.bj,PME (10-50),B2C,LinkedIn,,Actif,2026-06-29T00:14:36.040390,haute
BJ-3A5F2648,École Apprentissage,Éducation & Formation,Tori-Bossito,+229 74 80 18 14,école.apprentissage@école.apprentissage.benin,,TPE (<10),B2B,LinkedIn,,Actif,2026-06-29T00:14:36.040402,moyenne
BJ-363FBDBF,Liberté College,Éducation & Formation,Grand-Popo,+229 30 82 98 71,liberté.college@liberté.college.org,libertécollege.bj,TPE (<10),B2C,LinkedIn,,Actif,2026-06-29T00:14:36.040419,haute
BJ-59BA15D8,Lycée Liberté,Éducation & Formation,Grand-Popo,+229 51 44 15 28,,lycéeliberté.bj,TPE (<10),B2C,LinkedIn,,Actif,2026-06-29T00:14:36.040441,moyenne
BJ-18E3CECA,Université Développement,Éducation & Formation,Grand-Popo,+229 67 81 62 21,université.développement@université.développement.benin,,PME (10-50),B2B,LinkedIn,,Actif,2026-06-29T00:14:36.040452,moyenne
BJ-B73814D6,Protestant École,Éducation & Formation,Grand-Popo,+229 81 28 53 60,protestant.école@protestant.école.bj,protestantécole.bj,TPE (<10),B2B,LinkedIn,,Actif,2026-06-29T00:14:36.040468,haute
BJ-E44A0EEC,Catholique University,Éducation & Formation,Athiémé,+229 97 45 30 40,catholique.university@catholique.university.org,catholiqueuniversity.bj,TPE (<10),B2B,LinkedIn,,Actif,2026-06-29T00:14:36.040485,haute
BJ-680C445E,Collège Catholique Athiémé,Éducation & Formation,Athiémé,+229 37 32 90 18,,collègecatholiqueathiémé.bj,TPE (<10),B2C,LinkedIn,,Actif,2026-06-29T00:14:36.040508,moyenne
BJ-C0A8CAB2,Lycée Formation Academy,Éducation & Formation,Athiémé,+229 33 87 25 10,,lycéeformationacademy.bj,TPE (<10),B2C,LinkedIn,,Actif,2026-06-29T00:14:36.040522,moyenne
BJ-9445490B,Liberté Lycée,Éducation & Formation,Bopa,+229 40 79 36 59,liberté.lycée@liberté.lycée.org,,TPE (<10),B2C,LinkedIn,,Actif,2026-06-29T00:14:36.040553,moyenne
BJ-5CB27FB1,Centre Privé University,Éducation & Formation,Bopa,+229 24 46 86 13,,centreprivéuniversity.bj,TPE (<10),B2C,LinkedIn,,Actif,2026-06-29T00:14:36.040574,moyenne
BJ-25189569,Connaissance,Éducation & Formation,Bopa,+229 33 80 32 97,,,PME (50-200),B2C,LinkedIn,,Actif,2026-06-29T00:14:36.040584,basse
BJ-60C453BD,Institut International Bopa,Éducation & Formation,Bopa,+229 22 70 13 32,institut.international.bopa@institut.international.bopa.net,institutinternationalbopa.bj,PME (10-50),B2B,LinkedIn,,Actif,2026-06-29T00:14:36.040596,haute
BJ-B688DACD,Protestant,Éducation & Formation,Houéyogbé,+229 45 87 82 42,,protestant.bj,PME (10-50),B2B,LinkedIn,,Actif,2026-06-29T00:14:36.040612,moyenne
BJ-919E533E,École National,Éducation & Formation,Houéyogbé,+229 26 80 49 56,,écolenational.bj,TPE (<10),B2B,LinkedIn,,Actif,2026-06-29T00:14:36.040623,moyenne
BJ-6711AA2B,École Protestant School,Éducation & Formation,Houéyogbé,+229 90 84 56 17,,,PME (10-50),B2C,LinkedIn,,Actif,2026-06-29T00:14:36.040632,basse
BJ-6B4CDB1C,Collège Formation École,Éducation & Formation,Houéyogbé,+229 44 37 41 75,,collègeformationécole.bj,Grande (>200),B2B,LinkedIn,,Actif,2026-06-29T00:14:36.040646,moyenne
BJ-E883D1DF,Éducation Academy,Éducation & Formation,Houéyogbé,+229 67 43 24 65,,,TPE (<10),B2C,LinkedIn,,Actif,2026-06-29T00:14:36.040656,basse
BJ-573CB200,Catholique Malanville,Éducation & Formation,Malanville,+229 50 52 38 18,catholique.malanville@catholique.malanville.net,,TPE (<10),B2C,LinkedIn,,Actif,2026-06-29T00:14:36.040672,moyenne
BJ-8E52A096,Apprentissage University,Éducation & Formation,Malanville,+229 32 56 88 72,apprentissage.university@apprentissage.university.com,apprentissageuniversity.bj,TPE (<10),B2C,LinkedIn,,Actif,2026-06-29T00:14:36.040698,haute
BJ-710CEC93,Institut International Lycée,Éducation & Formation,Malanville,+229 88 50 47 30,institut.international.lycée@institut.international.lycée.com,institutinternationallycée.bj,TPE (<10),B2B,LinkedIn,,Actif,2026-06-29T00:14:36.040711,haute
BJ-7E50EDFE,Institut International,Éducation & Formation,Malanville,+229 57 18 73 13,,institutinternational.bj,PME (50-200),B2C,LinkedIn,,Actif,2026-06-29T00:14:36.040721,moyenne
BJ-9B54472D,Académie Liberté Lycée,Éducation & Formation,Kandi,+229 52 70 11 64,académie.liberté.lycée@académie.liberté.lycée.net,académielibertélycée.bj,PME (10-50),B2C,LinkedIn,,Actif,2026-06-29T00:14:36.040740,haute
BJ-A770F385,Centre Privé Kandi,Éducation & Formation,Kandi,+229 20 73 50 99,centre.privé.kandi@centre.privé.kandi.org,centreprivékandi.bj,PME (50-200),B2B,LinkedIn,,Actif,2026-06-29T00:14:36.040752,haute
BJ-A976F509,National Bénin,Éducation & Formation,Kandi,+229 66 75 32 79,national.bénin@national.bénin.benin,,TPE (<10),B2B,LinkedIn,,Actif,2026-06-29T00:14:36.040763,moyenne
BJ-65BFCD5F,Académie Catholique Institute Kandi,Éducation & Formation,Kandi,+229 83 59 36 25,académie.catholique.institute.kandi@académie.catholique.institute.kandi.benin,académiecatholiqueinstitutekandi.bj,TPE (<10),B2C,LinkedIn,,Actif,2026-06-29T00:14:36.040785,haute
BJ-65326977,Lycée Catholique,Éducation & Formation,Kandi,+229 68 50 65 93,,,PME (10-50),B2C,LinkedIn,,Actif,2026-06-29T00:14:36.040796,basse
BJ-8D31EBAE,Collège Savoir School,Éducation & Formation,Banikoara,+229 27 75 56 19,,,PME (10-50),B2B,LinkedIn,,Actif,2026-06-29T00:14:36.040812,basse
BJ-7BE1CC8C,Collège Privé,Éducation & Formation,Banikoara,+229 24 83 71 21,collège.privé@collège.privé.org,collègeprivé.bj,PME (10-50),B2C,LinkedIn,,Actif,2026-06-29T00:14:36.040824,haute
BJ-9479FF14,Excellence,Éducation & Formation,Banikoara,+229 90 58 53 12,,excellence.bj,TPE (<10),B2C,LinkedIn,,Actif,2026-06-29T00:14:36.040834,moyenne
BJ-E53A24DD,Lycée Liberté University,Éducation & Formation,Banikoara,+229 99 84 44 50,lycée.liberté.university@lycée.liberté.university.benin,lycéelibertéuniversity.bj,Grande (>200),B2C,LinkedIn,,Actif,2026-06-29T00:14:36.040846,haute
BJ-1F1D163F,Académie Connaissance Institute,Éducation & Formation,Banikoara,+229 39 55 97 54,,académieconnaissanceinstitute.bj,TPE (<10),B2B,LinkedIn,,Actif,2026-06-29T00:14:36.040860,moyenne
BJ-4EE0BA75,École Excellence School,Éducation & Formation,Ségbana,+229 62 61 42 79,école.excellence.school@école.excellence.school.com,écoleexcellenceschool.bj,PME (10-50),B2C,LinkedIn,,Actif,2026-06-29T00:14:36.040877,haute
BJ-84C3D587,Université Liberté Lycée Ségbana,Éducation & Formation,Ségbana,+229 76 44 27 94,université.liberté.lycée.ségbana@université.liberté.lycée.ségbana.com,universitélibertélycéeségbana.bj,PME (50-200),B2C,LinkedIn,,Actif,2026-06-29T00:14:36.040899,haute
BJ-3E646823,Développement École,Éducation & Formation,Ségbana,+229 93 52 35 34,développement.école@développement.école.org,développementécole.bj,PME (10-50),B2C,LinkedIn,,Actif,2026-06-29T00:14:36.040930,haute
BJ-20F67911,Institut Public Academy Ségbana,Éducation & Formation,Ségbana,+229 68 78 93 38,institut.public.academy.ségbana@institut.public.academy.ségbana.net,institutpublicacademységbana.bj,PME (50-200),B2B,LinkedIn,,Actif,2026-06-29T00:14:36.040973,haute
BJ-0893A40E,Centre Savoir Bénin Karimama,Éducation & Formation,Karimama,+229 43 71 55 92,centre.savoir.bénin.karimama@centre.savoir.bénin.karimama.bj,centresavoirbéninkarimama.bj,PME (10-50),B2B,LinkedIn,,Actif,2026-06-29T00:14:36.040991,haute
BJ-A94B5848,International College Karimama,Éducation & Formation,Karimama,+229 49 32 24 59,international.college.karimama@international.college.karimama.bj,,PME (10-50),B2B,LinkedIn,,Actif,2026-06-29T00:14:36.041005,moyenne
BJ-8296B3DA,Centre Excellence Karimama,Éducation & Formation,Karimama,+229 29 28 69 29,centre.excellence.karimama@centre.excellence.karimama.benin,,TPE (<10),B2C,LinkedIn,,Actif,2026-06-29T00:14:36.041017,moyenne
BJ-2ACD549C,Développement Karimama,Éducation & Formation,Karimama,+229 22 99 54 98,développement.karimama@développement.karimama.benin,développementkarimama.bj,TPE (<10),B2C,LinkedIn,,Actif,2026-06-29T00:14:36.041040,haute
BJ-F5AEE9AE,Développement École,Éducation & Formation,Gogounou,+229 31 43 16 71,,,PME (10-50),B2C,LinkedIn,,Actif,2026-06-29T00:14:36.041058,basse
BJ-E3C143EF,École Public,Éducation & Formation,Gogounou,+229 56 32 77 89,école.public@école.public.bj,,PME (10-50),B2C,LinkedIn,,Actif,2026-06-29T00:14:36.041070,moyenne
BJ-F7C3AC31,Collège Développement,Éducation & Formation,Gogounou,+229 63 83 58 83,collège.développement@collège.développement.org,collègedéveloppement.bj,PME (10-50),B2C,LinkedIn,,Actif,2026-06-29T00:14:36.041094,haute
BJ-68967EDB,Liberté,Éducation & Formation,Gogounou,+229 37 38 77 25,liberté@liberté.net,liberté.bj,PME (50-200),B2C,LinkedIn,,Actif,2026-06-29T00:14:36.041106,haute
BJ-DCC77ABB,Savoir Cobly,Éducation & Formation,Cobly,+229 83 57 36 14,savoir.cobly@savoir.cobly.com,,TPE (<10),B2C,LinkedIn,,Actif,2026-06-29T00:14:36.041123,moyenne
BJ-94AA516B,Protestant College Cobly,Éducation & Formation,Cobly,+229 57 90 60 38,protestant.college.cobly@protestant.college.cobly.com,,PME (10-50),B2C,LinkedIn,,Actif,2026-06-29T00:14:36.041134,moyenne
BJ-D8015298,International École,Éducation & Formation,Cobly,+229 94 22 14 96,international.école@international.école.com,,PME (50-200),B2C,LinkedIn,,Actif,2026-06-29T00:14:36.041146,moyenne
BJ-B32E02A7,Protestant University Cobly,Éducation & Formation,Cobly,+229 82 45 89 36,protestant.university.cobly@protestant.university.cobly.com,,TPE (<10),B2B,LinkedIn,,Actif,2026-06-29T00:14:36.041157,moyenne
BJ-B3713C07,Catholique,Éducation & Formation,Tanguiéta,+229 51 74 82 66,catholique@catholique.benin,catholique.bj,TPE (<10),B2C,LinkedIn,,Actif,2026-06-29T00:14:36.041185,haute
BJ-0A501F96,Institut Éducation School,Éducation & Formation,Tanguiéta,+229 20 86 33 85,,,PME (10-50),B2B,LinkedIn,,Actif,2026-06-29T00:14:36.041195,basse
BJ-15B3384B,Éducation Bénin,Éducation & Formation,Tanguiéta,+229 63 10 76 84,éducation.bénin@éducation.bénin.com,éducationbénin.bj,Grande (>200),B2B,LinkedIn,,Actif,2026-06-29T00:14:36.041210,haute
BJ-0EE189ED,Lycée Excellence Tanguiéta,Éducation & Formation,Tanguiéta,+229 48 39 33 41,lycée.excellence.tanguiéta@lycée.excellence.tanguiéta.org,,PME (50-200),B2C,LinkedIn,,Actif,2026-06-29T00:14:36.041225,moyenne
BJ-0AEC93F9,Académie National Bénin,Éducation & Formation,Tanguiéta,+229 95 80 93 13,académie.national.bénin@académie.national.bénin.net,,TPE (<10),B2B,LinkedIn,,Actif,2026-06-29T00:14:36.041236,moyenne
BJ-EA4CA925,Institut Liberté Matéri,Éducation & Formation,Matéri,+229 71 10 85 24,institut.liberté.matéri@institut.liberté.matéri.org,institutlibertématéri.bj,TPE (<10),B2B,LinkedIn,,Actif,2026-06-29T00:14:36.041256,haute
BJ-092CE427,Connaissance,Éducation & Formation,Matéri,+229 49 69 77 30,connaissance@connaissance.com,connaissance.bj,Grande (>200),B2B,LinkedIn,,Actif,2026-06-29T00:14:36.041268,haute
BJ-10EF400D,Liberté,Éducation & Formation,Matéri,+229 67 65 88 97,liberté@liberté.com,liberté.bj,TPE (<10),B2C,LinkedIn,,Actif,2026-06-29T00:14:36.041280,haute
BJ-EBD0820A,Institut Catholique Matéri,Éducation & Formation,Matéri,+229 20 10 25 24,institut.catholique.matéri@institut.catholique.matéri.net,institutcatholiquematéri.bj,TPE (<10),B2C,LinkedIn,,Actif,2026-06-29T00:14:36.041303,haute
BJ-8F4D8467,Liberté School,Éducation & Formation,Natitingou,+229 22 64 56 45,,libertéschool.bj,TPE (<10),B2C,LinkedIn,,Actif,2026-06-29T00:14:36.041319,moyenne
BJ-FEDC6D8D,Université National,Éducation & Formation,Natitingou,+229 49 74 18 12,,,TPE (<10),B2B,LinkedIn,,Actif,2026-06-29T00:14:36.041329,basse
BJ-EF370C65,Privé Natitingou,Éducation & Formation,Natitingou,+229 70 77 57 51,privé.natitingou@privé.natitingou.net,privénatitingou.bj,TPE (<10),B2B,LinkedIn,,Actif,2026-06-29T00:14:36.041341,haute
BJ-68D495A7,Développement Lycée,Éducation & Formation,Natitingou,+229 78 89 32 61,développement.lycée@développement.lycée.net,développementlycée.bj,PME (10-50),B2C,LinkedIn,,Actif,2026-06-29T00:14:36.041356,haute
BJ-7497DB78,Lycée Catholique École,Éducation & Formation,Toucountouna,+229 87 89 83 56,lycée.catholique.école@lycée.catholique.école.net,lycéecatholiqueécole.bj,TPE (<10),B2B,LinkedIn,,Actif,2026-06-29T00:14:36.041400,haute
BJ-734B921A,Lycée Formation,Éducation & Formation,Toucountouna,+229 37 23 16 42,lycée.formation@lycée.formation.benin,,PME (50-200),B2C,LinkedIn,,Actif,2026-06-29T00:14:36.041411,moyenne
BJ-24E8A86E,Excellence Institute,Éducation & Formation,Toucountouna,+229 60 32 35 28,,excellenceinstitute.bj,PME (10-50),B2C,LinkedIn,,Actif,2026-06-29T00:14:36.041422,moyenne
BJ-FA5716D7,Éducation Academy Toucountouna,Éducation & Formation,Toucountouna,+229 77 11 70 87,éducation.academy.toucountouna@éducation.academy.toucountouna.bj,,PME (50-200),B2C,LinkedIn,,Actif,2026-06-29T00:14:36.041434,moyenne
BJ-F787C03A,Collège International Institute,Éducation & Formation,Toucountouna,+229 51 78 26 24,collège.international.institute@collège.international.institute.org,collègeinternationalinstitute.bj,TPE (<10),B2C,LinkedIn,,Actif,2026-06-29T00:14:36.041445,haute
BJ-3E6E762B,Collège Excellence Boukoumbé,Éducation & Formation,Boukoumbé,+229 62 41 89 13,,collègeexcellenceboukoumbé.bj,PME (50-200),B2B,LinkedIn,,Actif,2026-06-29T00:14:36.041461,moyenne
BJ-562D9839,Liberté College,Éducation & Formation,Boukoumbé,+229 49 74 71 24,,libertécollege.bj,PME (50-200),B2C,LinkedIn,,Actif,2026-06-29T00:14:36.041472,moyenne
BJ-2B15E326,Université Éducation,Éducation & Formation,Boukoumbé,+229 32 82 52 30,université.éducation@université.éducation.com,universitééducation.bj,PME (10-50),B2C,LinkedIn,,Actif,2026-06-29T00:14:36.041483,haute
BJ-FC913191,Catholique,Éducation & Formation,Boukoumbé,+229 56 82 28 56,catholique@catholique.net,catholique.bj,PME (50-200),B2B,LinkedIn,,Actif,2026-06-29T00:14:36.041500,haute
BJ-0AC0118D,Institut Éducation,Éducation & Formation,Boukoumbé,+229 89 34 17 40,institut.éducation@institut.éducation.org,,TPE (<10),B2B,LinkedIn,,Actif,2026-06-29T00:14:36.041513,moyenne
BJ-E352FDCD,École Développement Academy Kouandé,Éducation & Formation,Kouandé,+229 64 13 79 56,,écoledéveloppementacademykouandé.bj,PME (10-50),B2B,LinkedIn,,Actif,2026-06-29T00:14:36.041529,moyenne
BJ-DA7A5AB6,Savoir Academy Kouandé,Éducation & Formation,Kouandé,+229 73 20 74 38,savoir.academy.kouandé@savoir.academy.kouandé.org,,Grande (>200),B2C,LinkedIn,,Actif,2026-06-29T00:14:36.041544,moyenne
BJ-1E467923,Institut Public,Éducation & Formation,Kouandé,+229 45 75 66 27,institut.public@institut.public.org,institutpublic.bj,PME (50-200),B2B,LinkedIn,,Actif,2026-06-29T00:14:36.041557,haute
BJ-86E260B2,Catholique,Éducation & Formation,Kouandé,+229 95 25 64 73,,catholique.bj,PME (50-200),B2C,LinkedIn,,Actif,2026-06-29T00:14:36.041568,moyenne
BJ-15782CB3,Académie Connaissance,Éducation & Formation,Kouandé,+229 37 78 72 98,,académieconnaissance.bj,PME (50-200),B2B,LinkedIn,,Actif,2026-06-29T00:14:36.041578,moyenne
BJ-473E162E,Catholique School Péhunco,Éducation & Formation,Péhunco,+229 94 96 86 23,catholique.school.péhunco@catholique.school.péhunco.net,catholiqueschoolpéhunco.bj,TPE (<10),B2B,LinkedIn,,Actif,2026-06-29T00:14:36.041596,haute
BJ-6A80ADAA,Liberté University,Éducation & Formation,Péhunco,+229 69 74 47 71,liberté.university@liberté.university.benin,libertéuniversity.bj,PME (10-50),B2B,LinkedIn,,Actif,2026-06-29T00:14:36.041608,haute
BJ-19B4C982,Apprentissage École,Éducation & Formation,Péhunco,+229 68 66 99 37,apprentissage.école@apprentissage.école.benin,apprentissageécole.bj,Grande (>200),B2C,LinkedIn,,Actif,2026-06-29T00:14:36.041620,haute
BJ-A141EB8A,Institut Excellence Péhunco,Éducation & Formation,Péhunco,+229 92 21 51 63,institut.excellence.péhunco@institut.excellence.péhunco.bj,institutexcellencepéhunco.bj,PME (10-50),B2C,LinkedIn,,Actif,2026-06-29T00:14:36.041635,haute
BJ-BFFAD195,Institut National,Éducation & Formation,Péhunco,+229 63 91 81 72,institut.national@institut.national.benin,institutnational.bj,PME (50-200),B2C,LinkedIn,,Actif,2026-06-29T00:14:36.041646,haute
BJ-5C7BEFBB,Excellence,Éducation & Formation,Tchaourou,+229 46 47 22 49,excellence@excellence.com,excellence.bj,TPE (<10),B2C,LinkedIn,,Actif,2026-06-29T00:14:36.041678,haute
BJ-B3C74F63,Connaissance Bénin,Éducation & Formation,Tchaourou,+229 30 91 78 79,connaissance.bénin@connaissance.bénin.org,connaissancebénin.bj,PME (10-50),B2B,LinkedIn,,Actif,2026-06-29T00:14:36.041690,haute
BJ-652E4C4A,Centre Public,Éducation & Formation,Tchaourou,+229 21 60 84 80,,centrepublic.bj,TPE (<10),B2B,LinkedIn,,Actif,2026-06-29T00:14:36.041701,moyenne
BJ-40BC3CD8,Catholique École,Éducation & Formation,Tchaourou,+229 75 44 94 43,,,TPE (<10),B2C,LinkedIn,,Actif,2026-06-29T00:14:36.041710,basse
BJ-98AF11BE,Lycée Savoir,Éducation & Formation,Nikki,+229 52 79 72 20,lycée.savoir@lycée.savoir.org,,PME (10-50),B2B,LinkedIn,,Actif,2026-06-29T00:14:36.041727,moyenne
BJ-7D4C35E0,Institut Connaissance School,Éducation & Formation,Nikki,+229 77 99 37 85,institut.connaissance.school@institut.connaissance.school.net,institutconnaissanceschool.bj,PME (50-200),B2B,LinkedIn,,Actif,2026-06-29T00:14:36.041743,haute
BJ-20F71FDF,Savoir College Nikki,Éducation & Formation,Nikki,+229 85 29 45 71,savoir.college.nikki@savoir.college.nikki.org,savoircollegenikki.bj,PME (50-200),B2B,LinkedIn,,Actif,2026-06-29T00:14:36.041756,haute
BJ-243A2C87,Centre National,Éducation & Formation,Nikki,+229 34 30 33 82,centre.national@centre.national.com,,PME (10-50),B2C,LinkedIn,,Actif,2026-06-29T00:14:36.041781,moyenne
BJ-D75F75D4,Collège Catholique Lycée,Éducation & Formation,Bembéréké,+229 76 43 34 10,collège.catholique.lycée@collège.catholique.lycée.net,,Grande (>200),B2B,LinkedIn,,Actif,2026-06-29T00:14:36.041797,moyenne
BJ-98FF2D6A,Collège Éducation University,Éducation & Formation,Bembéréké,+229 62 79 69 87,,collègeéducationuniversity.bj,Grande (>200),B2B,LinkedIn,,Actif,2026-06-29T00:14:36.041812,moyenne
BJ-13114F20,Lycée Savoir Academy,Éducation & Formation,Bembéréké,+229 63 98 38 83,lycée.savoir.academy@lycée.savoir.academy.com,lycéesavoiracademy.bj,PME (10-50),B2C,LinkedIn,,Actif,2026-06-29T00:14:36.041824,haute
BJ-E2A0BADE,Catholique,Éducation & Formation,Bembéréké,+229 89 39 12 69,catholique@catholique.benin,,TPE (<10),B2B,LinkedIn,,Actif,2026-06-29T00:14:36.041835,moyenne
BJ-A547BC56,Lycée Liberté Lycée,Éducation & Formation,Bembéréké,+229 74 71 76 36,lycée.liberté.lycée@lycée.liberté.lycée.net,,TPE (<10),B2B,LinkedIn,,Actif,2026-06-29T00:14:36.041849,moyenne
BJ-C8D6E47F,Public,Éducation & Formation,Kalalé,+229 45 73 48 19,public@public.org,public.bj,TPE (<10),B2C,LinkedIn,,Actif,2026-06-29T00:14:36.041866,haute
BJ-43D33150,École Développement Academy Kalalé,Éducation & Formation,Kalalé,+229 69 44 42 57,école.développement.academy.kalalé@école.développement.academy.kalalé.org,,TPE (<10),B2B,LinkedIn,,Actif,2026-06-29T00:14:36.041878,moyenne
BJ-B008B367,Savoir,Éducation & Formation,Kalalé,+229 59 57 44 74,savoir@savoir.benin,savoir.bj,PME (10-50),B2C,LinkedIn,,Actif,2026-06-29T00:14:36.041897,haute
BJ-E68F564E,Institut Éducation,Éducation & Formation,Kalalé,+229 85 20 77 86,institut.éducation@institut.éducation.com,,PME (50-200),B2B,LinkedIn,,Actif,2026-06-29T00:14:36.041931,moyenne
BJ-C5D35F46,Collège Éducation,Éducation & Formation,Kalalé,+229 96 71 97 99,collège.éducation@collège.éducation.benin,,TPE (<10),B2C,LinkedIn,,Actif,2026-06-29T00:14:36.041957,moyenne
BJ-A3EC852F,Institut Liberté,Éducation & Formation,Ndali,+229 91 39 70 50,institut.liberté@institut.liberté.benin,institutliberté.bj,TPE (<10),B2C,LinkedIn,,Actif,2026-06-29T00:14:36.041975,haute
BJ-443705C4,Lycée Apprentissage,Éducation & Formation,Ndali,+229 68 43 96 91,lycée.apprentissage@lycée.apprentissage.org,,PME (10-50),B2B,LinkedIn,,Actif,2026-06-29T00:14:36.041987,moyenne
BJ-0DEB972A,Collège Apprentissage Lycée,Éducation & Formation,Ndali,+229 47 46 76 84,,,TPE (<10),B2C,LinkedIn,,Actif,2026-06-29T00:14:36.041997,basse
BJ-F6B4E652,Lycée Connaissance,Éducation & Formation,Ndali,+229 85 55 82 95,lycée.connaissance@lycée.connaissance.com,lycéeconnaissance.bj,PME (10-50),B2B,LinkedIn,,Actif,2026-06-29T00:14:36.042026,haute
BJ-D4DDF4A1,Excellence,Éducation & Formation,Ndali,+229 20 54 62 18,excellence@excellence.bj,excellence.bj,TPE (<10),B2C,LinkedIn,,Actif,2026-06-29T00:14:36.042037,haute
BJ-15BCF24B,Académie Liberté School,Éducation & Formation,Ségbana,+229 27 54 61 42,académie.liberté.school@académie.liberté.school.net,académielibertéschool.bj,Grande (>200),B2B,LinkedIn,,Actif,2026-06-29T00:14:36.042054,haute
BJ-5E95BF4D,Académie Formation Bénin Ségbana,Éducation & Formation,Ségbana,+229 21 42 90 23,académie.formation.bénin.ségbana@académie.formation.bénin.ségbana.org,académieformationbéninségbana.bj,TPE (<10),B2C,LinkedIn,,Actif,2026-06-29T00:14:36.042067,haute
BJ-3485CE5A,Centre Excellence École,Éducation & Formation,Ségbana,+229 25 81 99 54,centre.excellence.école@centre.excellence.école.net,,PME (50-200),B2B,LinkedIn,,Actif,2026-06-29T00:14:36.042078,moyenne
BJ-0D6401A6,Collège Formation Academy,Éducation & Formation,Ségbana,+229 92 31 39 41,,collègeformationacademy.bj,Grande (>200),B2C,LinkedIn,,Actif,2026-06-29T00:14:36.042091,moyenne
BJ-483E9591,Public Tchaourou,Éducation & Formation,Tchaourou,+229 75 27 35 54,,publictchaourou.bj,TPE (<10),B2B,LinkedIn,,Actif,2026-06-29T00:14:36.042120,moyenne
BJ-308879A4,International École,Éducation & Formation,Tchaourou,+229 65 22 66 50,international.école@international.école.net,internationalécole.bj,PME (10-50),B2C,LinkedIn,,Actif,2026-06-29T00:14:36.042131,haute
BJ-86BCB657,Excellence Tchaourou,Éducation & Formation,Tchaourou,+229 75 57 23 14,excellence.tchaourou@excellence.tchaourou.net,excellencetchaourou.bj,PME (50-200),B2C,LinkedIn,,Actif,2026-06-29T00:14:36.042143,haute
BJ-87904EB4,Public School,Éducation & Formation,Tchaourou,+229 74 68 31 33,public.school@public.school.org,publicschool.bj,Grande (>200),B2B,LinkedIn,,Actif,2026-06-29T00:14:36.042154,haute
BJ-4098AA0B,Université Catholique,Éducation & Formation,Tchaourou,+229 97 68 13 90,université.catholique@université.catholique.net,universitécatholique.bj,PME (10-50),B2B,LinkedIn,,Actif,2026-06-29T00:14:36.042166,haute
BJ-BB420658,Formation Lycée,Éducation & Formation,Bétérou,+229 81 97 80 48,formation.lycée@formation.lycée.org,formationlycée.bj,TPE (<10),B2B,LinkedIn,,Actif,2026-06-29T00:14:36.042183,haute
BJ-7FC4ACA7,Protestant School,Éducation & Formation,Bétérou,+229 82 59 62 90,protestant.school@protestant.school.net,protestantschool.bj,PME (50-200),B2C,LinkedIn,,Actif,2026-06-29T00:14:36.042194,haute
BJ-8C7A799E,Université Protestant,Éducation & Formation,Bétérou,+229 65 21 25 13,université.protestant@université.protestant.org,,Grande (>200),B2B,LinkedIn,,Actif,2026-06-29T00:14:36.042205,moyenne
BJ-9BF35C9E,Institut Savoir College Bétérou,Éducation & Formation,Bétérou,+229 61 59 58 64,,institutsavoircollegebétérou.bj,Grande (>200),B2C,LinkedIn,,Actif,2026-06-29T00:14:36.042219,moyenne
BJ-07E97CF9,Catholique Lycée,Éducation & Formation,Bétérou,+229 82 27 50 70,catholique.lycée@catholique.lycée.net,,TPE (<10),B2C,LinkedIn,,Actif,2026-06-29T00:14:36.042233,moyenne
BJ-16317A29,École Liberté,Éducation & Formation,Ouessè,+229 74 59 93 62,école.liberté@école.liberté.org,écoleliberté.bj,TPE (<10),B2C,LinkedIn,,Actif,2026-06-29T00:14:36.042250,haute
BJ-1B1D2025,Développement Lycée,Éducation & Formation,Ouessè,+229 62 94 21 86,,développementlycée.bj,Grande (>200),B2B,LinkedIn,,Actif,2026-06-29T00:14:36.042264,moyenne
BJ-41C2E096,Académie Excellence,Éducation & Formation,Ouessè,+229 85 38 91 88,,académieexcellence.bj,PME (10-50),B2C,LinkedIn,,Actif,2026-06-29T00:14:36.042275,moyenne
BJ-B9F09A65,Centre Développement Bénin,Éducation & Formation,Ouessè,+229 23 26 92 93,centre.développement.bénin@centre.développement.bénin.benin,centredéveloppementbénin.bj,PME (10-50),B2B,LinkedIn,,Actif,2026-06-29T00:14:36.042298,haute
BJ-C5B3A2DC,Centre Développement Bénin,Éducation & Formation,Glazoué,+229 72 99 40 58,,,PME (10-50),B2C,LinkedIn,,Actif,2026-06-29T00:14:36.042313,basse
BJ-56027A6C,Institut National,Éducation & Formation,Glazoué,+229 63 11 80 92,,institutnational.bj,PME (10-50),B2C,LinkedIn,,Actif,2026-06-29T00:14:36.042334,moyenne
BJ-222211D0,International Glazoué,Éducation & Formation,Glazoué,+229 47 64 70 58,international.glazoué@international.glazoué.bj,internationalglazoué.bj,TPE (<10),B2C,LinkedIn,,Actif,2026-06-29T00:14:36.042349,haute
BJ-CA1F3112,Protestant,Éducation & Formation,Glazoué,+229 53 19 70 28,,protestant.bj,PME (10-50),B2B,LinkedIn,,Actif,2026-06-29T00:14:36.042360,moyenne
BJ-EB6D4FE6,Collège National,Éducation & Formation,Dassa-Zoumè,+229 73 60 53 29,collège.national@collège.national.com,collègenational.bj,PME (50-200),B2B,LinkedIn,,Actif,2026-06-29T00:14:36.042377,haute
BJ-F5DFB141,Université Éducation,Éducation & Formation,Dassa-Zoumè,+229 60 44 74 49,université.éducation@université.éducation.benin,,PME (50-200),B2B,LinkedIn,,Actif,2026-06-29T00:14:36.042388,moyenne
BJ-A3CFB797,Centre Public Lycée,Éducation & Formation,Dassa-Zoumè,+229 25 40 65 96,centre.public.lycée@centre.public.lycée.bj,centrepubliclycée.bj,PME (10-50),B2B,LinkedIn,,Actif,2026-06-29T00:14:36.042399,haute
BJ-E671A753,Public School,Éducation & Formation,Dassa-Zoumè,+229 58 64 23 98,,,PME (50-200),B2C,LinkedIn,,Actif,2026-06-29T00:14:36.042409,basse
BJ-B34291E6,Liberté,Éducation & Formation,Dassa-Zoumè,+229 51 44 99 58,liberté@liberté.net,liberté.bj,PME (50-200),B2C,LinkedIn,,Actif,2026-06-29T00:14:36.042420,haute
BJ-702124A9,Catholique Savalou,Éducation & Formation,Savalou,+229 84 99 73 55,catholique.savalou@catholique.savalou.com,,Grande (>200),B2C,LinkedIn,,Actif,2026-06-29T00:14:36.042436,moyenne
BJ-72A3F0C4,Centre Public Savalou,Éducation & Formation,Savalou,+229 82 87 84 99,centre.public.savalou@centre.public.savalou.org,,PME (10-50),B2C,LinkedIn,,Actif,2026-06-29T00:14:36.042447,moyenne
BJ-BDE13E35,École Connaissance École Savalou,Éducation & Formation,Savalou,+229 20 34 79 29,,écoleconnaissanceécolesavalou.bj,TPE (<10),B2B,LinkedIn,,Actif,2026-06-29T00:14:36.042458,moyenne
BJ-7FFAC031,Lycée Éducation,Éducation & Formation,Savalou,+229 53 68 99 50,lycée.éducation@lycée.éducation.com,lycéeéducation.bj,PME (10-50),B2B,LinkedIn,,Actif,2026-06-29T00:14:36.042476,haute
BJ-18DC7085,École Privé Bénin Savalou,Éducation & Formation,Savalou,+229 87 59 11 61,,,TPE (<10),B2B,LinkedIn,,Actif,2026-06-29T00:14:36.042487,basse
BJ-7A5E38AD,Catholique,Éducation & Formation,Bantè,+229 97 55 28 13,catholique@catholique.net,catholique.bj,PME (50-200),B2C,LinkedIn,,Actif,2026-06-29T00:14:36.042503,haute
BJ-97689B73,Connaissance Bantè,Éducation & Formation,Bantè,+229 52 23 32 86,connaissance.bantè@connaissance.bantè.net,connaissancebantè.bj,TPE (<10),B2C,LinkedIn,,Actif,2026-06-29T00:14:36.042534,haute
BJ-3FFD2C87,Lycée Public,Éducation & Formation,Bantè,+229 50 88 30 80,lycée.public@lycée.public.com,lycéepublic.bj,TPE (<10),B2C,LinkedIn,,Actif,2026-06-29T00:14:36.042561,haute
BJ-551003E0,Privé,Éducation & Formation,Bantè,+229 73 75 86 40,privé@privé.org,,TPE (<10),B2C,LinkedIn,,Actif,2026-06-29T00:14:36.042606,moyenne
BJ-B31C096B,Académie Public Academy,Éducation & Formation,Djougou,+229 50 25 32 42,,académiepublicacademy.bj,Grande (>200),B2C,LinkedIn,,Actif,2026-06-29T00:14:36.042623,moyenne
BJ-DB6870ED,Université Protestant School,Éducation & Formation,Djougou,+229 22 63 72 53,université.protestant.school@université.protestant.school.bj,universitéprotestantschool.bj,TPE (<10),B2C,LinkedIn,,Actif,2026-06-29T00:14:36.042635,haute
BJ-7957B861,École Connaissance Institute Djougou,Éducation & Formation,Djougou,+229 86 72 30 96,école.connaissance.institute.djougou@école.connaissance.institute.djougou.benin,écoleconnaissanceinstitutedjougou.bj,TPE (<10),B2C,LinkedIn,,Actif,2026-06-29T00:14:36.042661,haute
BJ-52C842E1,Développement Academy Djougou,Éducation & Formation,Djougou,+229 61 35 92 20,développement.academy.djougou@développement.academy.djougou.benin,développementacademydjougou.bj,PME (10-50),B2B,LinkedIn,,Actif,2026-06-29T00:14:36.042690,haute
BJ-04642F24,Éducation Lycée,Éducation & Formation,Ouèssè,+229 22 94 22 16,éducation.lycée@éducation.lycée.benin,éducationlycée.bj,PME (50-200),B2B,LinkedIn,,Actif,2026-06-29T00:14:36.042708,haute
BJ-3E7256A5,Excellence Bénin,Éducation & Formation,Ouèssè,+229 46 88 87 89,excellence.bénin@excellence.bénin.bj,,PME (10-50),B2C,LinkedIn,,Actif,2026-06-29T00:14:36.042719,moyenne
BJ-3342ADA9,Éducation Academy,Éducation & Formation,Ouèssè,+229 75 85 32 36,éducation.academy@éducation.academy.org,éducationacademy.bj,Grande (>200),B2B,LinkedIn,,Actif,2026-06-29T00:14:36.042730,haute
BJ-F0901E69,Savoir Ouèssè,Éducation & Formation,Ouèssè,+229 79 52 10 85,,savoirouèssè.bj,PME (10-50),B2B,LinkedIn,,Actif,2026-06-29T00:14:36.042741,moyenne
BJ-CE193D0A,Collège Excellence Ouèssè,Éducation & Formation,Ouèssè,+229 84 95 34 65,,,PME (50-200),B2B,LinkedIn,,Actif,2026-06-29T00:14:36.042751,basse
BJ-F79E3D73,Collège Connaissance School Bassila,Éducation & Formation,Bassila,+229 71 16 70 19,collège.connaissance.school.bassila@collège.connaissance.school.bassila.net,collègeconnaissanceschoolbassila.bj,PME (50-200),B2C,LinkedIn,,Actif,2026-06-29T00:14:36.042769,haute
BJ-5B0AC992,Formation École Bassila,Éducation & Formation,Bassila,+229 53 99 55 25,formation.école.bassila@formation.école.bassila.org,formationécolebassila.bj,PME (50-200),B2C,LinkedIn,,Actif,2026-06-29T00:14:36.042781,haute
BJ-7C337C3E,Lycée Apprentissage,Éducation & Formation,Bassila,+229 64 67 34 54,lycée.apprentissage@lycée.apprentissage.com,lycéeapprentissage.bj,PME (10-50),B2C,LinkedIn,,Actif,2026-06-29T00:14:36.042799,haute
BJ-810EC199,Lycée Excellence École Bassila,Éducation & Formation,Bassila,+229 50 12 72 47,,lycéeexcellenceécolebassila.bj,PME (50-200),B2C,LinkedIn,,Actif,2026-06-29T00:14:36.042831,moyenne
BJ-944231AD,École Liberté Bénin,Éducation & Formation,Bassila,+229 73 29 26 12,,écolelibertébénin.bj,PME (10-50),B2B,LinkedIn,,Actif,2026-06-29T00:14:36.042844,moyenne
BJ-FC677788,Liberté,Éducation & Formation,Pehunco,+229 64 41 90 21,liberté@liberté.com,liberté.bj,PME (50-200),B2B,LinkedIn,,Actif,2026-06-29T00:14:36.042878,haute
BJ-C7403BC6,Centre Formation,Éducation & Formation,Pehunco,+229 88 34 62 23,centre.formation@centre.formation.benin,centreformation.bj,PME (50-200),B2B,LinkedIn,,Actif,2026-06-29T00:14:36.042902,haute
BJ-0F10DC30,Centre Protestant École,Éducation & Formation,Pehunco,+229 33 75 46 41,,centreprotestantécole.bj,PME (50-200),B2C,LinkedIn,,Actif,2026-06-29T00:14:36.042916,moyenne
BJ-01D08744,Académie Formation Pehunco,Éducation & Formation,Pehunco,+229 50 83 62 35,académie.formation.pehunco@académie.formation.pehunco.bj,,TPE (<10),B2C,LinkedIn,,Actif,2026-06-29T00:14:36.042932,moyenne
BJ-162B701E,Université Privé,Éducation & Formation,Pehunco,+229 84 41 31 63,université.privé@université.privé.org,universitéprivé.bj,Grande (>200),B2B,LinkedIn,,Actif,2026-06-29T00:14:36.042945,haute
BJ-E1D86FD3,Public,Éducation & Formation,Copargo,+229 36 89 87 93,,public.bj,PME (10-50),B2B,LinkedIn,,Actif,2026-06-29T00:14:36.042985,moyenne
BJ-49779CC6,École Privé Copargo,Éducation & Formation,Copargo,+229 78 58 79 74,école.privé.copargo@école.privé.copargo.net,écoleprivécopargo.bj,PME (10-50),B2B,LinkedIn,,Actif,2026-06-29T00:14:36.043007,haute
BJ-5063C1D8,National College,Éducation & Formation,Copargo,+229 57 38 66 93,national.college@national.college.net,nationalcollege.bj,TPE (<10),B2C,LinkedIn,,Actif,2026-06-29T00:14:36.043021,haute
BJ-6F076FCC,Public Copargo,Éducation & Formation,Copargo,+229 78 22 17 46,,publiccopargo.bj,PME (10-50),B2B,LinkedIn,,Actif,2026-06-29T00:14:36.043036,moyenne
BJ-07178646,Protestant Academy,Éducation & Formation,Copargo,+229 58 75 57 12,protestant.academy@protestant.academy.benin,protestantacademy.bj,TPE (<10),B2C,LinkedIn,,Actif,2026-06-29T00:14:36.043048,haute
BJ-3772FABC,Data AI International,Technologie & IT,Cotonou,+229 48 89 51 61,data.ai.international@data.ai.international.benin,dataaiinternational.bj,PME (50-200),B2C,LinkedIn,,Actif,2026-06-29T00:14:36.043068,haute
BJ-E574D1C7,Smart Intelligence International Cotonou,Technologie & IT,Cotonou,+229 60 47 95 53,smart.intelligence.international.cotonou@smart.intelligence.international.cotonou.net,smartintelligenceinternationalcotonou.bj,TPE (<10),B2B,LinkedIn,,Actif,2026-06-29T00:14:36.043085,haute
BJ-D5D4EC62,Soft Cloud,Technologie & IT,Cotonou,+229 76 88 60 16,soft.cloud@soft.cloud.com,softcloud.bj,Grande (>200),B2B,LinkedIn,,Actif,2026-06-29T00:14:36.043100,haute
BJ-8875BE6D,Soft Logiciel Systems,Technologie & IT,Cotonou,+229 34 18 96 73,soft.logiciel.systems@soft.logiciel.systems.benin,softlogicielsystems.bj,TPE (<10),B2B,LinkedIn,,Actif,2026-06-29T00:14:36.043125,haute
BJ-3AC6D967,Cloud Africa,Technologie & IT,Cotonou,+229 80 24 15 26,cloud.africa@cloud.africa.net,cloudafrica.bj,Grande (>200),B2B,LinkedIn,,Actif,2026-06-29T00:14:36.043138,haute
BJ-E9F30997,Cyber Solutions,Technologie & IT,Abomey-Calavi,+229 27 19 86 48,cyber.solutions@cyber.solutions.benin,cybersolutions.bj,TPE (<10),B2C,LinkedIn,,Actif,2026-06-29T00:14:36.043158,haute
BJ-36EAD5B3,Web Tech,Technologie & IT,Abomey-Calavi,+229 93 43 53 22,web.tech@web.tech.com,webtech.bj,TPE (<10),B2C,LinkedIn,,Actif,2026-06-29T00:14:36.043171,haute
BJ-DCC3416B,Cyber,Technologie & IT,Abomey-Calavi,+229 37 98 71 51,cyber@cyber.bj,cyber.bj,PME (10-50),B2B,LinkedIn,,Actif,2026-06-29T00:14:36.043182,haute
BJ-91CD02FD,Cyber Cloud Soft,Technologie & IT,Abomey-Calavi,+229 75 71 44 61,cyber.cloud.soft@cyber.cloud.soft.benin,,PME (50-200),B2B,LinkedIn,,Actif,2026-06-29T00:14:36.043196,moyenne
BJ-AF520909,Web,Technologie & IT,Abomey-Calavi,+229 39 44 57 57,web@web.net,web.bj,TPE (<10),B2B,LinkedIn,,Actif,2026-06-29T00:14:36.043207,haute
BJ-7E957C63,Tech Application Porto-Novo,Technologie & IT,Porto-Novo,+229 46 36 70 61,tech.application.portonovo@tech.application.portonovo.bj,techapplicationportonovo.bj,PME (50-200),B2C,LinkedIn,,Actif,2026-06-29T00:14:36.043225,haute
BJ-D84F1E14,Système Africa,Technologie & IT,Porto-Novo,+229 20 21 27 91,système.africa@système.africa.bj,systèmeafrica.bj,PME (10-50),B2B,LinkedIn,,Actif,2026-06-29T00:14:36.043238,haute
BJ-9AC322AE,Cloud Cloud Porto-Novo,Technologie & IT,Porto-Novo,+229 87 18 54 12,cloud.cloud.portonovo@cloud.cloud.portonovo.com,cloudcloudportonovo.bj,TPE (<10),B2B,LinkedIn,,Actif,2026-06-29T00:14:36.043250,haute
BJ-CAC56426,Tech Data,Technologie & IT,Porto-Novo,+229 53 41 59 62,tech.data@tech.data.benin,techdata.bj,TPE (<10),B2C,LinkedIn,,Actif,2026-06-29T00:14:36.043261,haute
BJ-EE21A786,Soft Security,Technologie & IT,Porto-Novo,+229 59 69 79 24,soft.security@soft.security.bj,softsecurity.bj,TPE (<10),B2B,LinkedIn,,Actif,2026-06-29T00:14:36.043272,haute
BJ-84C3C2C3,Smart Application,Technologie & IT,Parakou,+229 82 62 71 32,smart.application@smart.application.bj,,PME (10-50),B2C,LinkedIn,,Actif,2026-06-29T00:14:36.043289,moyenne
BJ-B1E9F6D8,Data Développement,Technologie & IT,Parakou,+229 63 35 84 18,data.développement@data.développement.com,datadéveloppement.bj,PME (10-50),B2C,LinkedIn,,Actif,2026-06-29T00:14:36.043315,haute
BJ-4E5F8780,Intelligence,Technologie & IT,Parakou,+229 41 49 80 98,intelligence@intelligence.net,intelligence.bj,PME (50-200),B2C,LinkedIn,,Actif,2026-06-29T00:14:36.043329,haute
BJ-1F1882A2,Network International,Technologie & IT,Parakou,+229 38 90 85 96,network.international@network.international.bj,networkinternational.bj,TPE (<10),B2C,LinkedIn,,Actif,2026-06-29T00:14:36.043341,haute
BJ-CCE34832,Soft Cloud,Technologie & IT,Bohicon,+229 85 77 72 42,soft.cloud@soft.cloud.org,softcloud.bj,PME (10-50),B2C,LinkedIn,,Actif,2026-06-29T00:14:36.043358,haute
BJ-AE621364,Smart AI Bénin,Technologie & IT,Bohicon,+229 90 90 13 72,smart.ai.bénin@smart.ai.bénin.org,smartaibénin.bj,TPE (<10),B2C,LinkedIn,,Actif,2026-06-29T00:14:36.043374,haute
BJ-4A2963DB,Digital Security,Technologie & IT,Bohicon,+229 58 23 47 23,digital.security@digital.security.net,digitalsecurity.bj,PME (10-50),B2B,LinkedIn,,Actif,2026-06-29T00:14:36.043385,haute
BJ-5A9B834A,Logiciel,Technologie & IT,Bohicon,+229 63 76 48 25,,logiciel.bj,PME (50-200),B2C,LinkedIn,,Actif,2026-06-29T00:14:36.043396,moyenne
BJ-A82877C2,Web Africa Bohicon,Technologie & IT,Bohicon,+229 70 38 70 28,web.africa.bohicon@web.africa.bohicon.com,webafricabohicon.bj,PME (10-50),B2B,LinkedIn,,Actif,2026-06-29T00:14:36.043407,haute
BJ-7A73A978,Digital Network Natitingou,Technologie & IT,Natitingou,+229 96 18 16 19,digital.network.natitingou@digital.network.natitingou.com,digitalnetworknatitingou.bj,TPE (<10),B2B,LinkedIn,,Actif,2026-06-29T00:14:36.043424,haute
BJ-10637CD4,Système Natitingou,Technologie & IT,Natitingou,+229 83 40 12 88,système.natitingou@système.natitingou.org,systèmenatitingou.bj,TPE (<10),B2C,LinkedIn,,Actif,2026-06-29T00:14:36.043437,haute
BJ-67A7FF4D,Cyber International,Technologie & IT,Natitingou,+229 24 50 72 68,cyber.international@cyber.international.net,cyberinternational.bj,PME (10-50),B2C,LinkedIn,,Actif,2026-06-29T00:14:36.043448,haute
BJ-69C7D4BB,Cloud Cyber SARL,Technologie & IT,Natitingou,+229 62 28 77 36,cloud.cyber.sarl@cloud.cyber.sarl.com,,PME (10-50),B2C,LinkedIn,,Actif,2026-06-29T00:14:36.043462,moyenne
BJ-142D8FD6,Tech Mobile Tech,Technologie & IT,Natitingou,+229 65 25 82 48,,techmobiletech.bj,PME (10-50),B2C,LinkedIn,,Actif,2026-06-29T00:14:36.043473,moyenne
BJ-8B34EDA5,Informatique Solutions,Technologie & IT,Lokossa,+229 72 68 92 70,informatique.solutions@informatique.solutions.bj,informatiquesolutions.bj,TPE (<10),B2C,LinkedIn,,Actif,2026-06-29T00:14:36.043489,haute
BJ-D5E9EAE5,Système,Technologie & IT,Lokossa,+229 44 94 14 42,système@système.com,système.bj,PME (10-50),B2C,LinkedIn,,Actif,2026-06-29T00:14:36.043505,haute
BJ-59D152AD,Tech Système,Technologie & IT,Lokossa,+229 37 42 24 54,tech.système@tech.système.com,techsystème.bj,TPE (<10),B2C,LinkedIn,,Actif,2026-06-29T00:14:36.043518,haute
BJ-32605B11,Cyber Lokossa,Technologie & IT,Lokossa,+229 26 17 59 36,cyber.lokossa@cyber.lokossa.bj,cyberlokossa.bj,PME (10-50),B2C,LinkedIn,,Actif,2026-06-29T00:14:36.043529,haute
BJ-F4131F81,Informatique Ouidah,Technologie & IT,Ouidah,+229 30 22 83 13,informatique.ouidah@informatique.ouidah.org,informatiqueouidah.bj,PME (10-50),B2B,LinkedIn,,Actif,2026-06-29T00:14:36.043557,haute
BJ-252F6168,Soft Logiciel Africa,Technologie & IT,Ouidah,+229 91 64 87 19,soft.logiciel.africa@soft.logiciel.africa.com,softlogicielafrica.bj,PME (10-50),B2C,LinkedIn,,Actif,2026-06-29T00:14:36.043569,haute
BJ-178CE246,Digital Digital,Technologie & IT,Ouidah,+229 98 98 67 25,digital.digital@digital.digital.benin,digitaldigital.bj,PME (50-200),B2B,LinkedIn,,Actif,2026-06-29T00:14:36.043580,haute
BJ-FE355FF9,Cyber Ouidah,Technologie & IT,Ouidah,+229 30 15 35 62,cyber.ouidah@cyber.ouidah.bj,cyberouidah.bj,TPE (<10),B2C,LinkedIn,,Actif,2026-06-29T00:14:36.043605,haute
BJ-72F24B40,Smart Security International,Technologie & IT,Savalou,+229 38 35 40 90,smart.security.international@smart.security.international.bj,smartsecurityinternational.bj,PME (50-200),B2B,LinkedIn,,Actif,2026-06-29T00:14:36.043622,haute
BJ-45F20FC4,Mobile International,Technologie & IT,Savalou,+229 76 70 51 16,mobile.international@mobile.international.benin,mobileinternational.bj,PME (50-200),B2B,LinkedIn,,Actif,2026-06-29T00:14:36.043633,haute
BJ-340DE5BB,Digital Digital,Technologie & IT,Savalou,+229 86 18 79 44,digital.digital@digital.digital.org,digitaldigital.bj,TPE (<10),B2C,LinkedIn,,Actif,2026-06-29T00:14:36.043658,haute
BJ-56159A24,Application Tech,Technologie & IT,Savalou,+229 83 77 61 64,application.tech@application.tech.benin,applicationtech.bj,TPE (<10),B2B,LinkedIn,,Actif,2026-06-29T00:14:36.043669,haute
BJ-DC89C0B5,Cloud Développement International,Technologie & IT,Dassa-Zoumè,+229 31 18 93 87,cloud.développement.international@cloud.développement.international.com,clouddéveloppementinternational.bj,PME (50-200),B2C,LinkedIn,,Actif,2026-06-29T00:14:36.043699,haute
BJ-1C368528,Cloud,Technologie & IT,Dassa-Zoumè,+229 69 54 30 27,cloud@cloud.net,cloud.bj,PME (50-200),B2B,LinkedIn,,Actif,2026-06-29T00:14:36.043710,haute
BJ-3591B5D4,Cyber Network,Technologie & IT,Dassa-Zoumè,+229 83 58 99 23,cyber.network@cyber.network.org,cybernetwork.bj,TPE (<10),B2B,LinkedIn,,Actif,2026-06-29T00:14:36.043724,haute
BJ-64817A34,Net Système Africa Kétou,Technologie & IT,Kétou,+229 67 30 51 27,net.système.africa.kétou@net.système.africa.kétou.bj,netsystèmeafricakétou.bj,PME (10-50),B2C,LinkedIn,,Actif,2026-06-29T00:14:36.043757,haute
BJ-91B9C1AB,Mobile Tech,Technologie & IT,Kétou,+229 48 98 89 74,mobile.tech@mobile.tech.bj,mobiletech.bj,TPE (<10),B2B,LinkedIn,,Actif,2026-06-29T00:14:36.043777,haute
BJ-93C775CA,Digital Mobile Kétou,Technologie & IT,Kétou,+229 48 47 91 77,digital.mobile.kétou@digital.mobile.kétou.net,digitalmobilekétou.bj,Grande (>200),B2B,LinkedIn,,Actif,2026-06-29T00:14:36.043838,haute
BJ-2D906A5A,Logiciel,Technologie & IT,Covè,+229 28 83 19 17,logiciel@logiciel.org,logiciel.bj,PME (10-50),B2C,LinkedIn,,Actif,2026-06-29T00:14:36.043943,haute
BJ-08E573EC,Network Systems Covè,Technologie & IT,Covè,+229 53 30 52 71,network.systems.covè@network.systems.covè.org,networksystemscovè.bj,PME (10-50),B2C,LinkedIn,,Actif,2026-06-29T00:14:36.043957,haute
BJ-EEF8E261,Digital Intelligence Africa,Technologie & IT,Covè,+229 59 26 29 48,digital.intelligence.africa@digital.intelligence.africa.benin,,PME (10-50),B2B,LinkedIn,,Actif,2026-06-29T00:14:36.043969,moyenne
BJ-6AF706A1,Solution Systems,Technologie & IT,Covè,+229 48 88 63 74,solution.systems@solution.systems.benin,solutionsystems.bj,PME (10-50),B2C,LinkedIn,,Actif,2026-06-29T00:14:36.043987,haute
BJ-D0BB3C54,Cloud Network Covè,Technologie & IT,Covè,+229 48 79 31 83,,cloudnetworkcovè.bj,PME (10-50),B2B,LinkedIn,,Actif,2026-06-29T00:14:36.043999,moyenne
BJ-D4225A46,Cloud Digital,Technologie & IT,Pobè,+229 53 48 40 88,cloud.digital@cloud.digital.net,clouddigital.bj,TPE (<10),B2C,LinkedIn,,Actif,2026-06-29T00:14:36.044018,haute
BJ-4571A47C,Tech Informatique,Technologie & IT,Pobè,+229 26 55 72 88,tech.informatique@tech.informatique.bj,techinformatique.bj,TPE (<10),B2C,LinkedIn,,Actif,2026-06-29T00:14:36.044030,haute
BJ-AC7479BC,Cloud Soft,Technologie & IT,Pobè,+229 41 38 33 66,cloud.soft@cloud.soft.org,cloudsoft.bj,TPE (<10),B2C,LinkedIn,,Actif,2026-06-29T00:14:36.044041,haute
BJ-8F2B5935,Digital,Technologie & IT,Pobè,+229 89 43 41 37,digital@digital.benin,digital.bj,TPE (<10),B2C,LinkedIn,,Actif,2026-06-29T00:14:36.044052,haute
BJ-9C89A540,Solution,Technologie & IT,Pobè,+229 59 83 57 56,solution@solution.org,solution.bj,TPE (<10),B2B,LinkedIn,,Actif,2026-06-29T00:14:36.044063,haute
BJ-94FE6755,Data Data Sakété,Technologie & IT,Sakété,+229 38 75 17 68,data.data.sakété@data.data.sakété.bj,datadatasakété.bj,TPE (<10),B2C,LinkedIn,,Actif,2026-06-29T00:14:36.044092,haute
BJ-088DC7E1,Technologie SARL,Technologie & IT,Sakété,+229 91 81 66 86,technologie.sarl@technologie.sarl.com,technologiesarl.bj,PME (50-200),B2C,LinkedIn,,Actif,2026-06-29T00:14:36.044104,haute
BJ-9EC72973,Cyber Application Tech,Technologie & IT,Sakété,+229 56 81 30 46,cyber.application.tech@cyber.application.tech.bj,cyberapplicationtech.bj,TPE (<10),B2B,LinkedIn,,Actif,2026-06-29T00:14:36.044118,haute
BJ-8CFCDE43,Smart AI,Technologie & IT,Sakété,+229 95 19 16 29,smart.ai@smart.ai.com,smartai.bj,PME (50-200),B2C,LinkedIn,,Actif,2026-06-29T00:14:36.044130,haute
BJ-8812A945,Cyber Informatique SARL,Technologie & IT,Adjara,+229 75 44 21 92,cyber.informatique.sarl@cyber.informatique.sarl.bj,cyberinformatiquesarl.bj,TPE (<10),B2C,LinkedIn,,Actif,2026-06-29T00:14:36.044159,haute
BJ-9806ABC4,Net Cloud,Technologie & IT,Adjara,+229 96 26 97 38,net.cloud@net.cloud.benin,,TPE (<10),B2C,LinkedIn,,Actif,2026-06-29T00:14:36.044185,moyenne
BJ-350FD9E7,Système Digital,Technologie & IT,Adjara,+229 28 89 80 98,système.digital@système.digital.org,systèmedigital.bj,Grande (>200),B2B,LinkedIn,,Actif,2026-06-29T00:14:36.044200,haute
BJ-9218E77A,Web Soft,Technologie & IT,Allada,+229 29 12 74 47,web.soft@web.soft.net,websoft.bj,TPE (<10),B2C,LinkedIn,,Actif,2026-06-29T00:14:36.044230,haute
BJ-6F7F2C8A,AI International,Technologie & IT,Allada,+229 75 18 40 66,ai.international@ai.international.bj,aiinternational.bj,TPE (<10),B2B,LinkedIn,,Actif,2026-06-29T00:14:36.044241,haute
BJ-7C29C99F,Digital Cloud,Technologie & IT,Allada,+229 94 95 84 12,digital.cloud@digital.cloud.benin,digitalcloud.bj,TPE (<10),B2C,LinkedIn,,Actif,2026-06-29T00:14:36.044255,haute
BJ-200A07CC,Digital Mobile Soft,Technologie & IT,Allada,+229 20 57 44 44,digital.mobile.soft@digital.mobile.soft.benin,digitalmobilesoft.bj,Grande (>200),B2C,LinkedIn,,Actif,2026-06-29T00:14:36.044302,haute
BJ-15CAD999,Cyber Mobile,Technologie & IT,Aplahoué,+229 43 80 13 63,cyber.mobile@cyber.mobile.benin,cybermobile.bj,TPE (<10),B2B,LinkedIn,,Actif,2026-06-29T00:14:36.044336,haute
BJ-18CD3D4A,Cloud Système Bénin Aplahoué,Technologie & IT,Aplahoué,+229 73 87 59 69,cloud.système.bénin.aplahoué@cloud.système.bénin.aplahoué.benin,cloudsystèmebéninaplahoué.bj,PME (10-50),B2C,LinkedIn,,Actif,2026-06-29T00:14:36.044379,haute
BJ-C50A9839,Digital Soft,Technologie & IT,Aplahoué,+229 50 77 88 43,digital.soft@digital.soft.org,,TPE (<10),B2B,LinkedIn,,Actif,2026-06-29T00:14:36.044391,moyenne
BJ-42634B5D,Web,Technologie & IT,Aplahoué,+229 56 24 48 84,web@web.bj,web.bj,PME (10-50),B2B,LinkedIn,,Actif,2026-06-29T00:14:36.044403,haute
BJ-3C947510,Security Bénin,Technologie & IT,Dogbo-Tota,+229 65 40 88 62,security.bénin@security.bénin.org,securitybénin.bj,PME (50-200),B2B,LinkedIn,,Actif,2026-06-29T00:14:36.044423,haute
BJ-F4BB755C,Cloud Informatique,Technologie & IT,Dogbo-Tota,+229 46 51 62 57,cloud.informatique@cloud.informatique.org,cloudinformatique.bj,PME (10-50),B2B,LinkedIn,,Actif,2026-06-29T00:14:36.044441,haute
BJ-D4710BBD,Cyber Cyber SARL,Technologie & IT,Dogbo-Tota,+229 89 72 87 75,cyber.cyber.sarl@cyber.cyber.sarl.com,cybercybersarl.bj,PME (50-200),B2B,LinkedIn,,Actif,2026-06-29T00:14:36.044468,haute
BJ-ABA84855,Network Solutions,Technologie & IT,Dogbo-Tota,+229 89 90 85 41,network.solutions@network.solutions.com,networksolutions.bj,TPE (<10),B2C,LinkedIn,,Actif,2026-06-29T00:14:36.044481,haute
BJ-4C913440,Soft AI Africa,Technologie & IT,Kpomassè,+229 49 71 73 12,soft.ai.africa@soft.ai.africa.benin,softaiafrica.bj,Grande (>200),B2B,LinkedIn,,Actif,2026-06-29T00:14:36.044510,haute
BJ-1D0C2011,Cloud Mobile Africa,Technologie & IT,Kpomassè,+229 82 26 63 13,cloud.mobile.africa@cloud.mobile.africa.com,cloudmobileafrica.bj,TPE (<10),B2B,LinkedIn,,Actif,2026-06-29T00:14:36.044534,haute
BJ-682F4452,Soft Solution,Technologie & IT,Kpomassè,+229 45 49 23 86,soft.solution@soft.solution.benin,softsolution.bj,Grande (>200),B2B,LinkedIn,,Actif,2026-06-29T00:14:36.044578,haute
BJ-81B9E66A,Cyber,Technologie & IT,Kpomassè,+229 43 44 61 81,cyber@cyber.benin,cyber.bj,PME (10-50),B2C,LinkedIn,,Actif,2026-06-29T00:14:36.044611,haute
BJ-6F0849E6,Solution Tori-Bossito,Technologie & IT,Tori-Bossito,+229 90 98 38 93,solution.toribossito@solution.toribossito.bj,solutiontoribossito.bj,TPE (<10),B2C,LinkedIn,,Actif,2026-06-29T00:14:36.044649,haute
BJ-9EF460D0,Smart Application,Technologie & IT,Tori-Bossito,+229 41 79 92 53,smart.application@smart.application.com,smartapplication.bj,PME (10-50),B2B,LinkedIn,,Actif,2026-06-29T00:14:36.044677,haute
BJ-A1D551BA,AI Solutions,Technologie & IT,Tori-Bossito,+229 71 61 12 71,ai.solutions@ai.solutions.org,,TPE (<10),B2B,LinkedIn,,Actif,2026-06-29T00:14:36.044703,moyenne
BJ-9874EED1,Cloud AI,Technologie & IT,Tori-Bossito,+229 58 77 97 47,cloud.ai@cloud.ai.net,cloudai.bj,TPE (<10),B2C,LinkedIn,,Actif,2026-06-29T00:14:36.044739,haute
BJ-B012DAD5,Web Africa Tori-Bossito,Technologie & IT,Tori-Bossito,+229 47 92 33 58,web.africa.toribossito@web.africa.toribossito.org,webafricatoribossito.bj,PME (10-50),B2B,LinkedIn,,Actif,2026-06-29T00:14:36.044769,haute
BJ-A8BEB04C,Cyber Intelligence International Grand-Popo,Technologie & IT,Grand-Popo,+229 24 27 32 75,cyber.intelligence.international.grandpopo@cyber.intelligence.international.grandpopo.com,cyberintelligenceinternationalgrandpopo.bj,TPE (<10),B2B,LinkedIn,,Actif,2026-06-29T00:14:36.044807,haute
BJ-A813FA7A,Smart Cloud Soft,Technologie & IT,Grand-Popo,+229 90 37 50 67,smart.cloud.soft@smart.cloud.soft.benin,smartcloudsoft.bj,PME (50-200),B2C,LinkedIn,,Actif,2026-06-29T00:14:36.044837,haute
BJ-CADC5A9F,Cyber Informatique Systems,Technologie & IT,Grand-Popo,+229 84 96 68 29,cyber.informatique.systems@cyber.informatique.systems.net,cyberinformatiquesystems.bj,PME (50-200),B2C,LinkedIn,,Actif,2026-06-29T00:14:36.044869,haute
BJ-F2DCD346,Cyber Web Systems,Technologie & IT,Grand-Popo,+229 82 34 67 19,cyber.web.systems@cyber.web.systems.net,cyberwebsystems.bj,PME (50-200),B2C,LinkedIn,,Actif,2026-06-29T00:14:36.044913,haute
BJ-5E71BDF0,Système Digital Grand-Popo,Technologie & IT,Grand-Popo,+229 90 58 74 64,système.digital.grandpopo@système.digital.grandpopo.bj,systèmedigitalgrandpopo.bj,PME (10-50),B2C,LinkedIn,,Actif,2026-06-29T00:14:36.044942,haute
BJ-56F5DAC1,Informatique,Technologie & IT,Athiémé,+229 94 12 58 76,informatique@informatique.bj,informatique.bj,TPE (<10),B2C,LinkedIn,,Actif,2026-06-29T00:14:36.044982,haute
BJ-413D37C1,Cyber Network,Technologie & IT,Athiémé,+229 68 35 53 46,cyber.network@cyber.network.bj,cybernetwork.bj,PME (50-200),B2B,LinkedIn,,Actif,2026-06-29T00:14:36.045029,haute
BJ-807326B8,Soft Mobile,Technologie & IT,Athiémé,+229 68 84 76 15,soft.mobile@soft.mobile.net,softmobile.bj,PME (10-50),B2B,LinkedIn,,Actif,2026-06-29T00:14:36.045055,haute
BJ-3AE6C66E,Cyber Web Bénin,Technologie & IT,Athiémé,+229 29 28 55 16,cyber.web.bénin@cyber.web.bénin.com,cyberwebbénin.bj,TPE (<10),B2C,LinkedIn,,Actif,2026-06-29T00:14:36.045100,haute
BJ-65309C30,Tech Digital Digital,Technologie & IT,Athiémé,+229 24 66 12 22,tech.digital.digital@tech.digital.digital.org,techdigitaldigital.bj,PME (50-200),B2B,LinkedIn,,Actif,2026-06-29T00:14:36.045130,haute
BJ-B0BA772D,Mobile Africa,Technologie & IT,Bopa,+229 22 45 45 82,mobile.africa@mobile.africa.bj,mobileafrica.bj,TPE (<10),B2B,LinkedIn,,Actif,2026-06-29T00:14:36.045176,haute
BJ-59A41DCF,Net Intelligence,Technologie & IT,Bopa,+229 35 91 91 66,net.intelligence@net.intelligence.net,netintelligence.bj,PME (10-50),B2B,LinkedIn,,Actif,2026-06-29T00:14:36.045201,haute
BJ-64608475,Network Bopa,Technologie & IT,Bopa,+229 52 20 99 67,network.bopa@network.bopa.com,networkbopa.bj,PME (50-200),B2B,LinkedIn,,Actif,2026-06-29T00:14:36.045229,haute
BJ-66CC846A,Digital Data Bopa,Technologie & IT,Bopa,+229 58 30 32 43,digital.data.bopa@digital.data.bopa.benin,digitaldatabopa.bj,TPE (<10),B2C,LinkedIn,,Actif,2026-06-29T00:14:36.045259,haute
BJ-47B2AEAE,AI Bopa,Technologie & IT,Bopa,+229 73 41 73 74,ai.bopa@ai.bopa.benin,aibopa.bj,TPE (<10),B2B,LinkedIn,,Actif,2026-06-29T00:14:36.045283,haute
BJ-3B751DD6,Digital Mobile Africa,Technologie & IT,Houéyogbé,+229 72 99 68 37,digital.mobile.africa@digital.mobile.africa.benin,,PME (50-200),B2B,LinkedIn,,Actif,2026-06-29T00:14:36.045362,moyenne
BJ-ECA236B6,Network Africa Houéyogbé,Technologie & IT,Houéyogbé,+229 61 32 36 73,network.africa.houéyogbé@network.africa.houéyogbé.benin,networkafricahouéyogbé.bj,Grande (>200),B2B,LinkedIn,,Actif,2026-06-29T00:14:36.045391,haute
BJ-693A0E50,Web Africa Houéyogbé,Technologie & IT,Houéyogbé,+229 31 25 71 77,web.africa.houéyogbé@web.africa.houéyogbé.benin,webafricahouéyogbé.bj,PME (50-200),B2C,LinkedIn,,Actif,2026-06-29T00:14:36.045426,haute
BJ-99CB896B,AI Houéyogbé,Technologie & IT,Houéyogbé,+229 93 46 58 13,ai.houéyogbé@ai.houéyogbé.com,aihouéyogbé.bj,TPE (<10),B2C,LinkedIn,,Actif,2026-06-29T00:14:36.045460,haute
BJ-1F99A352,Data Soft,Technologie & IT,Malanville,+229 52 30 90 77,data.soft@data.soft.org,datasoft.bj,PME (10-50),B2C,LinkedIn,,Actif,2026-06-29T00:14:36.045502,haute
BJ-F1C7854B,Tech Cloud,Technologie & IT,Malanville,+229 78 18 45 14,tech.cloud@tech.cloud.benin,techcloud.bj,PME (50-200),B2C,LinkedIn,,Actif,2026-06-29T00:14:36.045529,haute
BJ-C98E9919,Tech Informatique Systems,Technologie & IT,Malanville,+229 39 85 42 33,tech.informatique.systems@tech.informatique.systems.com,techinformatiquesystems.bj,PME (10-50),B2B,LinkedIn,,Actif,2026-06-29T00:14:36.045557,haute
BJ-5BD31EF1,Cloud,Technologie & IT,Malanville,+229 81 99 61 52,cloud@cloud.bj,cloud.bj,TPE (<10),B2B,LinkedIn,,Actif,2026-06-29T00:14:36.045585,haute
BJ-7E15D9E1,Mobile Digital,Technologie & IT,Malanville,+229 91 73 11 35,mobile.digital@mobile.digital.bj,mobiledigital.bj,PME (10-50),B2B,LinkedIn,,Actif,2026-06-29T00:14:36.045610,haute
BJ-C0581E3C,Data Data Kandi,Technologie & IT,Kandi,+229 99 91 55 39,data.data.kandi@data.data.kandi.com,datadatakandi.bj,TPE (<10),B2B,LinkedIn,,Actif,2026-06-29T00:14:36.045653,haute
BJ-78BFAD81,Network,Technologie & IT,Kandi,+229 24 94 48 63,network@network.com,network.bj,PME (10-50),B2B,LinkedIn,,Actif,2026-06-29T00:14:36.045684,haute
BJ-7099E5C4,AI,Technologie & IT,Kandi,+229 93 43 23 78,ai@ai.org,ai.bj,TPE (<10),B2B,LinkedIn,,Actif,2026-06-29T00:14:36.045732,haute
BJ-1F9A1504,Net Système,Technologie & IT,Kandi,+229 42 17 35 35,net.système@net.système.net,netsystème.bj,PME (10-50),B2B,LinkedIn,,Actif,2026-06-29T00:14:36.045773,haute
BJ-B1BEF231,Informatique,Technologie & IT,Kandi,+229 41 51 32 97,informatique@informatique.org,informatique.bj,PME (10-50),B2B,LinkedIn,,Actif,2026-06-29T00:14:36.045801,haute
BJ-C846519D,Digital,Technologie & IT,Banikoara,+229 82 68 69 95,digital@digital.benin,digital.bj,PME (10-50),B2B,LinkedIn,,Actif,2026-06-29T00:14:36.045848,haute
BJ-090C4664,Soft Technologie,Technologie & IT,Banikoara,+229 57 25 95 52,soft.technologie@soft.technologie.net,softtechnologie.bj,Grande (>200),B2C,LinkedIn,,Actif,2026-06-29T00:14:36.045883,haute
BJ-9E866A90,Solution,Technologie & IT,Banikoara,+229 78 79 64 89,,solution.bj,TPE (<10),B2C,LinkedIn,,Actif,2026-06-29T00:14:36.045920,moyenne
BJ-E7F95EE5,Cloud Système Africa,Technologie & IT,Banikoara,+229 38 68 18 62,cloud.système.africa@cloud.système.africa.bj,cloudsystèmeafrica.bj,PME (50-200),B2B,LinkedIn,,Actif,2026-06-29T00:14:36.045945,haute
BJ-D0C8E988,Technologie,Technologie & IT,Banikoara,+229 36 15 69 60,,technologie.bj,PME (10-50),B2B,LinkedIn,,Actif,2026-06-29T00:14:36.045964,moyenne
BJ-CE621D45,Network Systems Ségbana,Technologie & IT,Ségbana,+229 95 47 42 18,network.systems.ségbana@network.systems.ségbana.bj,networksystemsségbana.bj,Grande (>200),B2C,LinkedIn,,Actif,2026-06-29T00:14:36.046006,haute
BJ-1843BD56,Cloud Mobile Soft,Technologie & IT,Ségbana,+229 82 33 35 98,cloud.mobile.soft@cloud.mobile.soft.org,cloudmobilesoft.bj,TPE (<10),B2C,LinkedIn,,Actif,2026-06-29T00:14:36.046031,haute
BJ-26BF9705,Application Africa,Technologie & IT,Ségbana,+229 46 81 12 59,application.africa@application.africa.benin,applicationafrica.bj,TPE (<10),B2B,LinkedIn,,Actif,2026-06-29T00:14:36.046055,haute
BJ-3F943AE4,Solution Ségbana,Technologie & IT,Ségbana,+229 73 34 82 97,,solutionségbana.bj,PME (10-50),B2B,LinkedIn,,Actif,2026-06-29T00:14:36.046088,moyenne
BJ-AFB4DB7C,AI International,Technologie & IT,Ségbana,+229 80 74 52 68,ai.international@ai.international.bj,aiinternational.bj,PME (50-200),B2B,LinkedIn,,Actif,2026-06-29T00:14:36.046111,haute
BJ-38CAFFFD,Cyber AI Karimama,Technologie & IT,Karimama,+229 61 32 90 79,,cyberaikarimama.bj,PME (50-200),B2B,LinkedIn,,Actif,2026-06-29T00:14:36.046197,moyenne
BJ-2AF049FA,Network Africa Karimama,Technologie & IT,Karimama,+229 73 13 94 55,,networkafricakarimama.bj,PME (10-50),B2C,LinkedIn,,Actif,2026-06-29T00:14:36.046245,moyenne
BJ-12FB7D21,Développement,Technologie & IT,Karimama,+229 76 52 32 98,,développement.bj,TPE (<10),B2C,LinkedIn,,Actif,2026-06-29T00:14:36.046268,moyenne
BJ-8F8EEEEB,Système Solutions,Technologie & IT,Gogounou,+229 47 27 73 92,système.solutions@système.solutions.org,systèmesolutions.bj,TPE (<10),B2B,LinkedIn,,Actif,2026-06-29T00:14:36.046314,haute
BJ-F769E6BB,Soft AI Gogounou,Technologie & IT,Gogounou,+229 54 86 66 34,soft.ai.gogounou@soft.ai.gogounou.org,softaigogounou.bj,PME (10-50),B2C,LinkedIn,,Actif,2026-06-29T00:14:36.046347,haute
BJ-B4F6866E,Digital Application Africa Gogounou,Technologie & IT,Gogounou,+229 51 80 57 10,digital.application.africa.gogounou@digital.application.africa.gogounou.bj,digitalapplicationafricagogounou.bj,PME (50-200),B2C,LinkedIn,,Actif,2026-06-29T00:14:36.046371,haute
BJ-7AD2FE1A,Informatique Digital,Technologie & IT,Gogounou,+229 83 22 12 85,informatique.digital@informatique.digital.net,,TPE (<10),B2C,LinkedIn,,Actif,2026-06-29T00:14:36.046400,moyenne
BJ-3E304D74,Informatique Bénin,Technologie & IT,Gogounou,+229 43 38 49 12,informatique.bénin@informatique.bénin.net,informatiquebénin.bj,PME (10-50),B2C,LinkedIn,,Actif,2026-06-29T00:14:36.046424,haute
BJ-B096D59E,Data Cloud International,Technologie & IT,Cobly,+229 40 32 54 45,data.cloud.international@data.cloud.international.net,,TPE (<10),B2B,LinkedIn,,Actif,2026-06-29T00:14:36.046458,moyenne
BJ-89C1BACC,Smart Data Tech Cobly,Technologie & IT,Cobly,+229 25 99 61 66,smart.data.tech.cobly@smart.data.tech.cobly.bj,smartdatatechcobly.bj,TPE (<10),B2C,LinkedIn,,Actif,2026-06-29T00:14:36.046480,haute
BJ-6FD19558,Intelligence SARL,Technologie & IT,Cobly,+229 46 69 86 14,intelligence.sarl@intelligence.sarl.bj,intelligencesarl.bj,PME (50-200),B2B,LinkedIn,,Actif,2026-06-29T00:14:36.046514,haute
BJ-2D0A0CC7,Tech Développement Bénin Cobly,Technologie & IT,Cobly,+229 54 71 92 25,tech.développement.bénin.cobly@tech.développement.bénin.cobly.org,techdéveloppementbénincobly.bj,PME (10-50),B2C,LinkedIn,,Actif,2026-06-29T00:14:36.046540,haute
BJ-8907676E,Technologie Bénin,Technologie & IT,Cobly,+229 51 56 26 59,technologie.bénin@technologie.bénin.org,technologiebénin.bj,Grande (>200),B2C,LinkedIn,,Actif,2026-06-29T00:14:36.046567,haute
BJ-4DF7A4A8,Mobile,Technologie & IT,Tanguiéta,+229 50 37 18 20,,mobile.bj,TPE (<10),B2B,LinkedIn,,Actif,2026-06-29T00:14:36.046601,moyenne
BJ-F517250C,Solution Tech,Technologie & IT,Tanguiéta,+229 37 48 67 21,solution.tech@solution.tech.benin,solutiontech.bj,TPE (<10),B2B,LinkedIn,,Actif,2026-06-29T00:14:36.046622,haute
BJ-BF0AFF07,Développement,Technologie & IT,Tanguiéta,+229 91 22 35 35,développement@développement.com,développement.bj,TPE (<10),B2C,LinkedIn,,Actif,2026-06-29T00:14:36.046643,haute
BJ-5B97AD2D,Informatique International,Technologie & IT,Tanguiéta,+229 65 59 93 24,informatique.international@informatique.international.bj,informatiqueinternational.bj,PME (10-50),B2B,LinkedIn,,Actif,2026-06-29T00:14:36.046678,haute
BJ-2C0C4CB0,Net Développement,Technologie & IT,Tanguiéta,+229 35 88 21 30,net.développement@net.développement.bj,netdéveloppement.bj,PME (10-50),B2B,LinkedIn,,Actif,2026-06-29T00:14:36.046715,haute
BJ-F325F580,Logiciel Digital Matéri,Technologie & IT,Matéri,+229 34 95 27 26,logiciel.digital.matéri@logiciel.digital.matéri.benin,logicieldigitalmatéri.bj,PME (10-50),B2C,LinkedIn,,Actif,2026-06-29T00:14:36.046759,haute
BJ-7177AF85,Mobile,Technologie & IT,Matéri,+229 91 96 68 35,mobile@mobile.bj,mobile.bj,TPE (<10),B2C,LinkedIn,,Actif,2026-06-29T00:14:36.046788,haute
BJ-432BB161,Tech Security Digital,Technologie & IT,Matéri,+229 46 27 52 49,tech.security.digital@tech.security.digital.bj,techsecuritydigital.bj,TPE (<10),B2C,LinkedIn,,Actif,2026-06-29T00:14:36.046811,haute
BJ-8D2476AF,Smart Network,Technologie & IT,Matéri,+229 64 45 56 18,smart.network@smart.network.org,smartnetwork.bj,TPE (<10),B2C,LinkedIn,,Actif,2026-06-29T00:14:36.046831,haute
BJ-F89EC6F1,Data Digital Matéri,Technologie & IT,Matéri,+229 61 83 96 95,data.digital.matéri@data.digital.matéri.com,datadigitalmatéri.bj,TPE (<10),B2C,LinkedIn,,Actif,2026-06-29T00:14:36.046859,haute
BJ-897DD218,Cloud Network Tech,Technologie & IT,Natitingou,+229 98 76 88 48,cloud.network.tech@cloud.network.tech.bj,cloudnetworktech.bj,TPE (<10),B2C,LinkedIn,,Actif,2026-06-29T00:14:36.046916,haute
BJ-A94C2777,Tech Web International,Technologie & IT,Natitingou,+229 30 18 30 55,,techwebinternational.bj,Grande (>200),B2B,LinkedIn,,Actif,2026-06-29T00:14:36.046968,moyenne
BJ-35BBC28A,Smart Web,Technologie & IT,Natitingou,+229 63 60 29 16,smart.web@smart.web.org,smartweb.bj,TPE (<10),B2C,LinkedIn,,Actif,2026-06-29T00:14:36.046997,haute
BJ-CCEC569E,Soft Network International,Technologie & IT,Natitingou,+229 27 49 96 47,soft.network.international@soft.network.international.org,softnetworkinternational.bj,TPE (<10),B2B,LinkedIn,,Actif,2026-06-29T00:14:36.047019,haute
BJ-22F691D0,Soft Informatique,Technologie & IT,Toucountouna,+229 77 12 83 45,soft.informatique@soft.informatique.net,softinformatique.bj,TPE (<10),B2B,LinkedIn,,Actif,2026-06-29T00:14:36.047061,haute
BJ-F35AFA84,Security Soft,Technologie & IT,Toucountouna,+229 66 37 53 28,security.soft@security.soft.benin,securitysoft.bj,PME (50-200),B2C,LinkedIn,,Actif,2026-06-29T00:14:36.047102,haute
BJ-2760F77D,Data Soft,Technologie & IT,Toucountouna,+229 95 73 83 41,data.soft@data.soft.net,datasoft.bj,Grande (>200),B2C,LinkedIn,,Actif,2026-06-29T00:14:36.047138,haute
BJ-47DB7534,Net Technologie Toucountouna,Technologie & IT,Toucountouna,+229 78 26 30 71,net.technologie.toucountouna@net.technologie.toucountouna.net,nettechnologietoucountouna.bj,TPE (<10),B2B,LinkedIn,,Actif,2026-06-29T00:14:36.047159,haute
BJ-898A096F,Cloud Digital SARL,Technologie & IT,Toucountouna,+229 33 23 30 78,cloud.digital.sarl@cloud.digital.sarl.net,clouddigitalsarl.bj,TPE (<10),B2B,LinkedIn,,Actif,2026-06-29T00:14:36.047185,haute
BJ-78A73F2B,Cyber Solution Solutions Boukoumbé,Technologie & IT,Boukoumbé,+229 56 51 76 99,cyber.solution.solutions.boukoumbé@cyber.solution.solutions.boukoumbé.com,,PME (10-50),B2B,LinkedIn,,Actif,2026-06-29T00:14:36.047223,moyenne
BJ-91C8759E,Solution,Technologie & IT,Boukoumbé,+229 30 65 11 25,solution@solution.bj,solution.bj,PME (50-200),B2C,LinkedIn,,Actif,2026-06-29T00:14:36.047244,haute
BJ-8D52D5FC,Intelligence International,Technologie & IT,Boukoumbé,+229 42 12 62 67,intelligence.international@intelligence.international.benin,,TPE (<10),B2B,LinkedIn,,Actif,2026-06-29T00:14:36.047277,moyenne
BJ-FA2502C1,Security Bénin,Technologie & IT,Boukoumbé,+229 85 80 99 63,security.bénin@security.bénin.net,securitybénin.bj,PME (50-200),B2C,LinkedIn,,Actif,2026-06-29T00:14:36.047311,haute
BJ-40D696DD,Solution Digital,Technologie & IT,Boukoumbé,+229 92 73 62 58,solution.digital@solution.digital.benin,solutiondigital.bj,PME (50-200),B2B,LinkedIn,,Actif,2026-06-29T00:14:36.047357,haute
BJ-7D458A3F,AI,Technologie & IT,Kouandé,+229 97 31 33 57,ai@ai.bj,ai.bj,PME (10-50),B2B,LinkedIn,,Actif,2026-06-29T00:14:36.047415,haute
BJ-B346D6B8,Cyber Cloud SARL,Technologie & IT,Kouandé,+229 20 44 63 42,cyber.cloud.sarl@cyber.cloud.sarl.org,cybercloudsarl.bj,TPE (<10),B2B,LinkedIn,,Actif,2026-06-29T00:14:36.047450,haute
BJ-8B0C4276,Technologie,Technologie & IT,Kouandé,+229 66 69 43 98,technologie@technologie.net,technologie.bj,TPE (<10),B2B,LinkedIn,,Actif,2026-06-29T00:14:36.047475,haute
BJ-41C13823,Smart Network Digital Kouandé,Technologie & IT,Kouandé,+229 71 63 60 68,smart.network.digital.kouandé@smart.network.digital.kouandé.org,smartnetworkdigitalkouandé.bj,TPE (<10),B2B,LinkedIn,,Actif,2026-06-29T00:14:36.047499,haute
BJ-487F241B,Net Data,Technologie & IT,Kouandé,+229 75 81 48 74,net.data@net.data.org,,TPE (<10),B2C,LinkedIn,,Actif,2026-06-29T00:14:36.047519,moyenne
BJ-CF3ADB56,Technologie Soft,Technologie & IT,Péhunco,+229 23 22 25 67,technologie.soft@technologie.soft.bj,technologiesoft.bj,PME (10-50),B2C,LinkedIn,,Actif,2026-06-29T00:14:36.047566,haute
BJ-E20B4860,Cyber Solution Tech,Technologie & IT,Péhunco,+229 79 68 46 73,cyber.solution.tech@cyber.solution.tech.net,cybersolutiontech.bj,Grande (>200),B2C,LinkedIn,,Actif,2026-06-29T00:14:36.047604,haute
BJ-AD6C43BA,Tech Data SARL,Technologie & IT,Péhunco,+229 38 29 78 52,tech.data.sarl@tech.data.sarl.org,,TPE (<10),B2B,LinkedIn,,Actif,2026-06-29T00:14:36.047633,moyenne
BJ-B1208B77,Tech Système SARL,Technologie & IT,Péhunco,+229 61 26 42 75,tech.système.sarl@tech.système.sarl.benin,techsystèmesarl.bj,TPE (<10),B2B,LinkedIn,,Actif,2026-06-29T00:14:36.047666,haute
BJ-F91A46F8,Cloud Intelligence Solutions,Technologie & IT,Péhunco,+229 45 34 77 51,cloud.intelligence.solutions@cloud.intelligence.solutions.benin,cloudintelligencesolutions.bj,TPE (<10),B2B,LinkedIn,,Actif,2026-06-29T00:14:36.047694,haute
BJ-EFA88A7D,Cloud Cyber Soft,Technologie & IT,Tchaourou,+229 26 14 31 22,cloud.cyber.soft@cloud.cyber.soft.benin,,PME (50-200),B2C,LinkedIn,,Actif,2026-06-29T00:14:36.047730,moyenne
BJ-678AB870,Tech Data SARL,Technologie & IT,Tchaourou,+229 96 24 78 62,tech.data.sarl@tech.data.sarl.benin,techdatasarl.bj,PME (50-200),B2C,LinkedIn,,Actif,2026-06-29T00:14:36.047758,haute
BJ-BF93E78C,Digital Africa Tchaourou,Technologie & IT,Tchaourou,+229 77 64 52 59,digital.africa.tchaourou@digital.africa.tchaourou.com,digitalafricatchaourou.bj,PME (50-200),B2B,LinkedIn,,Actif,2026-06-29T00:14:36.047786,haute
BJ-90F0D322,Digital Tech,Technologie & IT,Tchaourou,+229 71 32 97 25,,digitaltech.bj,TPE (<10),B2B,LinkedIn,,Actif,2026-06-29T00:14:36.047811,moyenne
BJ-A88AB161,Logiciel Tchaourou,Technologie & IT,Tchaourou,+229 23 40 52 78,logiciel.tchaourou@logiciel.tchaourou.bj,logicieltchaourou.bj,PME (10-50),B2C,LinkedIn,,Actif,2026-06-29T00:14:36.047839,haute
BJ-B4AF82B5,Network International,Technologie & IT,Nikki,+229 36 40 36 66,network.international@network.international.org,networkinternational.bj,PME (50-200),B2B,LinkedIn,,Actif,2026-06-29T00:14:36.047875,haute
BJ-32D48E19,Smart Logiciel Soft,Technologie & IT,Nikki,+229 87 23 59 50,smart.logiciel.soft@smart.logiciel.soft.org,smartlogicielsoft.bj,TPE (<10),B2B,LinkedIn,,Actif,2026-06-29T00:14:36.047924,haute
BJ-A8197613,Digital Bénin,Technologie & IT,Nikki,+229 59 32 28 25,digital.bénin@digital.bénin.benin,digitalbénin.bj,PME (50-200),B2C,LinkedIn,,Actif,2026-06-29T00:14:36.047960,haute
BJ-74060784,Tech Système Nikki,Technologie & IT,Nikki,+229 85 74 98 18,tech.système.nikki@tech.système.nikki.net,techsystèmenikki.bj,TPE (<10),B2C,LinkedIn,,Actif,2026-06-29T00:14:36.048063,haute
BJ-3E5A2173,Data Développement,Technologie & IT,Bembéréké,+229 51 37 26 69,data.développement@data.développement.bj,datadéveloppement.bj,PME (10-50),B2C,LinkedIn,,Actif,2026-06-29T00:14:36.048122,haute
BJ-84E099FC,Intelligence Bembéréké,Technologie & IT,Bembéréké,+229 97 55 83 99,intelligence.bembéréké@intelligence.bembéréké.net,intelligencebembéréké.bj,PME (10-50),B2C,LinkedIn,,Actif,2026-06-29T00:14:36.048142,haute
BJ-69CC57A1,Cyber Data Digital,Technologie & IT,Bembéréké,+229 55 37 79 57,cyber.data.digital@cyber.data.digital.benin,cyberdatadigital.bj,PME (10-50),B2C,LinkedIn,,Actif,2026-06-29T00:14:36.048156,haute
BJ-6DD4A6D3,Cloud,Technologie & IT,Bembéréké,+229 47 17 28 72,cloud@cloud.org,cloud.bj,PME (10-50),B2B,LinkedIn,,Actif,2026-06-29T00:14:36.048188,haute
BJ-64A78EA2,Data Technologie,Technologie & IT,Bembéréké,+229 23 20 38 85,data.technologie@data.technologie.org,datatechnologie.bj,PME (10-50),B2C,LinkedIn,,Actif,2026-06-29T00:14:36.048222,haute
BJ-E91CFDF1,Solution Kalalé,Technologie & IT,Kalalé,+229 58 88 77 46,solution.kalalé@solution.kalalé.benin,solutionkalalé.bj,TPE (<10),B2B,LinkedIn,,Actif,2026-06-29T00:14:36.048248,haute
BJ-9A6BC0A2,Application,Technologie & IT,Kalalé,+229 62 15 89 72,application@application.net,application.bj,TPE (<10),B2C,LinkedIn,,Actif,2026-06-29T00:14:36.048263,haute
BJ-61F4469D,Security,Technologie & IT,Kalalé,+229 53 68 90 36,security@security.com,security.bj,TPE (<10),B2C,LinkedIn,,Actif,2026-06-29T00:14:36.048277,haute
BJ-FF1C7AE9,Net Informatique International,Technologie & IT,Kalalé,+229 42 69 99 98,,netinformatiqueinternational.bj,PME (50-200),B2B,LinkedIn,,Actif,2026-06-29T00:14:36.048293,moyenne
BJ-D0D97493,Cyber AI Systems,Technologie & IT,Kalalé,+229 60 76 78 64,cyber.ai.systems@cyber.ai.systems.bj,,PME (10-50),B2C,LinkedIn,,Actif,2026-06-29T00:14:36.048306,moyenne
BJ-9C44C1F2,Cloud Web SARL,Technologie & IT,Ndali,+229 69 78 31 30,cloud.web.sarl@cloud.web.sarl.org,cloudwebsarl.bj,PME (10-50),B2C,LinkedIn,,Actif,2026-06-29T00:14:36.048325,haute
BJ-F9BEBCA0,Mobile Tech,Technologie & IT,Ndali,+229 99 20 35 44,,mobiletech.bj,TPE (<10),B2B,LinkedIn,,Actif,2026-06-29T00:14:36.048336,moyenne
BJ-C80F6349,Cyber SARL,Technologie & IT,Ndali,+229 37 41 95 79,cyber.sarl@cyber.sarl.org,cybersarl.bj,PME (10-50),B2B,LinkedIn,,Actif,2026-06-29T00:14:36.048348,haute
BJ-C658E35A,Cloud AI,Technologie & IT,Ndali,+229 21 78 50 21,cloud.ai@cloud.ai.com,cloudai.bj,PME (10-50),B2B,LinkedIn,,Actif,2026-06-29T00:14:36.048361,haute
BJ-D30B1008,Digital Cloud,Technologie & IT,Ndali,+229 87 10 99 30,,digitalcloud.bj,TPE (<10),B2C,LinkedIn,,Actif,2026-06-29T00:14:36.048375,moyenne
BJ-13AF453C,Net Solution,Technologie & IT,Ségbana,+229 45 93 99 69,net.solution@net.solution.org,netsolution.bj,Grande (>200),B2B,LinkedIn,,Actif,2026-06-29T00:14:36.048395,haute
BJ-EB1EB6EB,Intelligence Solutions,Technologie & IT,Ségbana,+229 91 24 43 98,intelligence.solutions@intelligence.solutions.org,intelligencesolutions.bj,Grande (>200),B2C,LinkedIn,,Actif,2026-06-29T00:14:36.048407,haute
BJ-76CD944F,Digital Soft Ségbana,Technologie & IT,Ségbana,+229 75 17 30 65,digital.soft.ségbana@digital.soft.ségbana.org,digitalsoftségbana.bj,PME (10-50),B2C,LinkedIn,,Actif,2026-06-29T00:14:36.048421,haute
BJ-88F55620,Application,Technologie & IT,Ségbana,+229 57 14 89 62,application@application.com,application.bj,TPE (<10),B2B,LinkedIn,,Actif,2026-06-29T00:14:36.048448,haute
BJ-CE611C1A,Technologie Africa Ségbana,Technologie & IT,Ségbana,+229 90 56 82 56,technologie.africa.ségbana@technologie.africa.ségbana.benin,technologieafricaségbana.bj,PME (50-200),B2C,LinkedIn,,Actif,2026-06-29T00:14:36.048465,haute
BJ-34595C81,Security,Technologie & IT,Tchaourou,+229 65 63 78 85,security@security.net,security.bj,PME (10-50),B2C,LinkedIn,,Actif,2026-06-29T00:14:36.048484,haute
BJ-CFE775C0,Tech Data Africa,Technologie & IT,Tchaourou,+229 26 36 88 13,tech.data.africa@tech.data.africa.benin,techdataafrica.bj,PME (10-50),B2C,LinkedIn,,Actif,2026-06-29T00:14:36.048497,haute
BJ-A3CBAA5D,Mobile Tchaourou,Technologie & IT,Tchaourou,+229 20 48 44 67,mobile.tchaourou@mobile.tchaourou.bj,mobiletchaourou.bj,PME (10-50),B2B,LinkedIn,,Actif,2026-06-29T00:14:36.048509,haute
BJ-1C7FA475,Cloud Tchaourou,Technologie & IT,Tchaourou,+229 38 55 13 48,,cloudtchaourou.bj,TPE (<10),B2B,LinkedIn,,Actif,2026-06-29T00:14:36.048520,moyenne
BJ-8589E33F,Digital Data,Technologie & IT,Tchaourou,+229 51 24 67 16,digital.data@digital.data.org,digitaldata.bj,TPE (<10),B2C,LinkedIn,,Actif,2026-06-29T00:14:36.048531,haute
BJ-A0F78329,Système Tech,Technologie & IT,Bétérou,+229 56 46 93 50,système.tech@système.tech.benin,systèmetech.bj,Grande (>200),B2C,LinkedIn,,Actif,2026-06-29T00:14:36.048554,haute
BJ-B423629B,Data Security,Technologie & IT,Bétérou,+229 53 93 16 27,data.security@data.security.net,datasecurity.bj,TPE (<10),B2B,LinkedIn,,Actif,2026-06-29T00:14:36.048610,haute
BJ-97E45018,Solution,Technologie & IT,Ouessè,+229 52 14 95 75,solution@solution.org,solution.bj,TPE (<10),B2C,LinkedIn,,Actif,2026-06-29T00:14:36.048628,haute
BJ-79E15C6D,Cyber Informatique SARL,Technologie & IT,Ouessè,+229 94 86 94 21,cyber.informatique.sarl@cyber.informatique.sarl.com,cyberinformatiquesarl.bj,TPE (<10),B2C,LinkedIn,,Actif,2026-06-29T00:14:36.048641,haute
BJ-1C1BB475,Cloud Système Systems,Technologie & IT,Ouessè,+229 74 59 32 90,cloud.système.systems@cloud.système.systems.org,cloudsystèmesystems.bj,PME (10-50),B2B,LinkedIn,,Actif,2026-06-29T00:14:36.048653,haute
BJ-AEF50D9A,Smart Cloud Soft,Technologie & IT,Ouessè,+229 31 83 58 97,smart.cloud.soft@smart.cloud.soft.net,smartcloudsoft.bj,PME (50-200),B2C,LinkedIn,,Actif,2026-06-29T00:14:36.048666,haute
BJ-BE02EB3B,Application Ouessè,Technologie & IT,Ouessè,+229 41 81 65 92,,applicationouessè.bj,Grande (>200),B2B,LinkedIn,,Actif,2026-06-29T00:14:36.048690,moyenne
BJ-3976D536,Security Bénin,Technologie & IT,Glazoué,+229 47 44 99 33,security.bénin@security.bénin.bj,securitybénin.bj,TPE (<10),B2B,LinkedIn,,Actif,2026-06-29T00:14:36.048731,haute
BJ-3024C8EB,Data AI SARL,Technologie & IT,Glazoué,+229 40 41 39 93,data.ai.sarl@data.ai.sarl.bj,dataaisarl.bj,TPE (<10),B2B,LinkedIn,,Actif,2026-06-29T00:14:36.048758,haute
BJ-1BF4DA86,Informatique,Technologie & IT,Glazoué,+229 46 99 67 38,,informatique.bj,PME (10-50),B2C,LinkedIn,,Actif,2026-06-29T00:14:36.048782,moyenne
BJ-686FC0E6,Web,Technologie & IT,Glazoué,+229 95 88 68 72,web@web.org,web.bj,TPE (<10),B2C,LinkedIn,,Actif,2026-06-29T00:14:36.048815,haute
BJ-F7F97C0C,Intelligence Systems,Technologie & IT,Glazoué,+229 80 28 23 40,intelligence.systems@intelligence.systems.benin,intelligencesystems.bj,PME (10-50),B2C,LinkedIn,,Actif,2026-06-29T00:14:36.048843,haute
BJ-56AA55BC,Développement Soft,Technologie & IT,Dassa-Zoumè,+229 43 21 47 79,développement.soft@développement.soft.net,développementsoft.bj,Grande (>200),B2C,LinkedIn,,Actif,2026-06-29T00:14:36.048881,haute
BJ-1BAF1B06,Solution SARL,Technologie & IT,Dassa-Zoumè,+229 29 74 36 21,solution.sarl@solution.sarl.benin,,PME (10-50),B2C,LinkedIn,,Actif,2026-06-29T00:14:36.048917,moyenne
BJ-49D79D63,Développement Soft Dassa-Zoumè,Technologie & IT,Dassa-Zoumè,+229 89 91 76 44,développement.soft.dassazoumè@développement.soft.dassazoumè.net,développementsoftdassazoumè.bj,PME (50-200),B2B,LinkedIn,,Actif,2026-06-29T00:14:36.048938,haute
BJ-646A6CCA,Application,Technologie & IT,Dassa-Zoumè,+229 90 75 50 35,application@application.net,application.bj,PME (10-50),B2B,LinkedIn,,Actif,2026-06-29T00:14:36.048960,haute
BJ-AA20E221,Soft Cyber Tech,Technologie & IT,Dassa-Zoumè,+229 77 44 78 13,soft.cyber.tech@soft.cyber.tech.com,softcybertech.bj,Grande (>200),B2C,LinkedIn,,Actif,2026-06-29T00:14:36.048974,haute
BJ-E5547E9D,Net Network Savalou,Technologie & IT,Savalou,+229 59 56 93 14,net.network.savalou@net.network.savalou.org,netnetworksavalou.bj,TPE (<10),B2C,LinkedIn,,Actif,2026-06-29T00:14:36.048995,haute
BJ-561753D2,Smart Network,Technologie & IT,Savalou,+229 25 32 62 83,smart.network@smart.network.com,smartnetwork.bj,PME (50-200),B2B,LinkedIn,,Actif,2026-06-29T00:14:36.049007,haute
BJ-21D99DA8,Cyber Soft,Technologie & IT,Savalou,+229 54 32 74 94,cyber.soft@cyber.soft.benin,cybersoft.bj,TPE (<10),B2B,LinkedIn,,Actif,2026-06-29T00:14:36.049034,haute
BJ-3B6C0155,Cloud Digital,Technologie & IT,Bantè,+229 59 33 82 81,cloud.digital@cloud.digital.org,clouddigital.bj,TPE (<10),B2B,LinkedIn,,Actif,2026-06-29T00:14:36.049067,haute
BJ-6D5CE691,Technologie International,Technologie & IT,Bantè,+229 72 78 93 53,technologie.international@technologie.international.org,technologieinternational.bj,PME (50-200),B2C,LinkedIn,,Actif,2026-06-29T00:14:36.049084,haute
BJ-34AF5181,Security Bantè,Technologie & IT,Bantè,+229 72 32 60 45,security.bantè@security.bantè.net,securitybantè.bj,PME (10-50),B2B,LinkedIn,,Actif,2026-06-29T00:14:36.049096,haute
BJ-22750B3F,Net Système Soft,Technologie & IT,Bantè,+229 39 15 56 50,,netsystèmesoft.bj,TPE (<10),B2B,LinkedIn,,Actif,2026-06-29T00:14:36.049110,moyenne
BJ-33247C82,Soft Network Bénin,Technologie & IT,Bantè,+229 49 25 54 14,soft.network.bénin@soft.network.bénin.benin,softnetworkbénin.bj,PME (50-200),B2B,LinkedIn,,Actif,2026-06-29T00:14:36.049123,haute
BJ-344AA0D8,Digital Security Digital,Technologie & IT,Djougou,+229 73 30 62 18,,digitalsecuritydigital.bj,TPE (<10),B2B,LinkedIn,,Actif,2026-06-29T00:14:36.049141,moyenne
BJ-521D2004,Cloud Développement Djougou,Technologie & IT,Djougou,+229 48 63 53 78,cloud.développement.djougou@cloud.développement.djougou.bj,,PME (10-50),B2C,LinkedIn,,Actif,2026-06-29T00:14:36.049154,moyenne
BJ-AA272C69,Data Logiciel Solutions,Technologie & IT,Djougou,+229 57 86 93 38,data.logiciel.solutions@data.logiciel.solutions.org,datalogicielsolutions.bj,PME (50-200),B2C,LinkedIn,,Actif,2026-06-29T00:14:36.049167,haute
BJ-B13480BC,Mobile Djougou,Technologie & IT,Djougou,+229 59 89 24 43,mobile.djougou@mobile.djougou.com,mobiledjougou.bj,TPE (<10),B2C,LinkedIn,,Actif,2026-06-29T00:14:36.049186,haute
BJ-F571BB58,Net Logiciel Digital,Technologie & IT,Djougou,+229 39 27 95 99,net.logiciel.digital@net.logiciel.digital.com,netlogicieldigital.bj,PME (10-50),B2B,LinkedIn,,Actif,2026-06-29T00:14:36.049199,haute
BJ-80BE5A61,Mobile Digital,Technologie & IT,Ouèssè,+229 39 11 49 45,mobile.digital@mobile.digital.net,mobiledigital.bj,PME (50-200),B2C,LinkedIn,,Actif,2026-06-29T00:14:36.049218,haute
BJ-30E75CE1,Soft Système,Technologie & IT,Ouèssè,+229 86 38 45 95,soft.système@soft.système.net,softsystème.bj,TPE (<10),B2B,LinkedIn,,Actif,2026-06-29T00:14:36.049231,haute
BJ-6B60A828,Technologie SARL,Technologie & IT,Ouèssè,+229 42 26 20 60,technologie.sarl@technologie.sarl.benin,technologiesarl.bj,PME (10-50),B2C,LinkedIn,,Actif,2026-06-29T00:14:36.049243,haute
BJ-1CFDFBB5,Cloud AI Soft,Technologie & IT,Ouèssè,+229 46 77 19 70,,cloudaisoft.bj,PME (10-50),B2B,LinkedIn,,Actif,2026-06-29T00:14:36.049254,moyenne
BJ-8A55AFA0,Tech Intelligence Digital,Technologie & IT,Ouèssè,+229 24 65 54 83,tech.intelligence.digital@tech.intelligence.digital.com,,TPE (<10),B2C,LinkedIn,,Actif,2026-06-29T00:14:36.049266,moyenne
BJ-0B477409,Network,Technologie & IT,Bassila,+229 72 13 49 93,network@network.net,network.bj,PME (10-50),B2B,LinkedIn,,Actif,2026-06-29T00:14:36.049283,haute
BJ-DFEE5844,Digital Logiciel International Bassila,Technologie & IT,Bassila,+229 26 85 13 88,digital.logiciel.international.bassila@digital.logiciel.international.bassila.org,digitallogicielinternationalbassila.bj,TPE (<10),B2B,LinkedIn,,Actif,2026-06-29T00:14:36.049297,haute
BJ-DE65218A,Cyber Cloud Solutions,Technologie & IT,Bassila,+229 81 76 52 81,,cybercloudsolutions.bj,PME (50-200),B2C,LinkedIn,,Actif,2026-06-29T00:14:36.049308,moyenne
BJ-71E93822,Data Cloud Bassila,Technologie & IT,Bassila,+229 95 96 46 95,data.cloud.bassila@data.cloud.bassila.bj,datacloudbassila.bj,PME (10-50),B2C,LinkedIn,,Actif,2026-06-29T00:14:36.049323,haute
BJ-4CC75C46,Web International,Technologie & IT,Bassila,+229 83 45 22 53,web.international@web.international.org,webinternational.bj,PME (10-50),B2B,LinkedIn,,Actif,2026-06-29T00:14:36.049335,haute
BJ-009F9026,Network Pehunco,Technologie & IT,Pehunco,+229 67 75 49 71,network.pehunco@network.pehunco.com,networkpehunco.bj,PME (50-200),B2C,LinkedIn,,Actif,2026-06-29T00:14:36.049352,haute
BJ-0DE3BFCD,Soft Intelligence Tech,Technologie & IT,Pehunco,+229 92 85 19 98,soft.intelligence.tech@soft.intelligence.tech.bj,softintelligencetech.bj,PME (10-50),B2C,LinkedIn,,Actif,2026-06-29T00:14:36.049380,haute
BJ-1DFED002,Cyber,Technologie & IT,Pehunco,+229 88 18 73 49,cyber@cyber.org,cyber.bj,TPE (<10),B2B,LinkedIn,,Actif,2026-06-29T00:14:36.049391,haute
BJ-8E9DBEED,Intelligence Bénin,Technologie & IT,Pehunco,+229 71 80 74 86,intelligence.bénin@intelligence.bénin.com,intelligencebénin.bj,PME (50-200),B2C,LinkedIn,,Actif,2026-06-29T00:14:36.049403,haute
BJ-0E5A9C88,Informatique,Technologie & IT,Copargo,+229 88 40 71 54,informatique@informatique.bj,informatique.bj,PME (50-200),B2B,LinkedIn,,Actif,2026-06-29T00:14:36.049424,haute
BJ-EABA4E17,Tech Mobile,Technologie & IT,Copargo,+229 29 21 17 86,tech.mobile@tech.mobile.net,techmobile.bj,TPE (<10),B2C,LinkedIn,,Actif,2026-06-29T00:14:36.049436,haute
BJ-7D934937,Cloud AI,Technologie & IT,Copargo,+229 53 33 18 83,,cloudai.bj,TPE (<10),B2B,LinkedIn,,Actif,2026-06-29T00:14:36.049447,moyenne
BJ-D00C0AAC,Net Informatique,Technologie & IT,Copargo,+229 71 13 40 44,net.informatique@net.informatique.net,netinformatique.bj,Grande (>200),B2B,LinkedIn,,Actif,2026-06-29T00:14:36.049461,haute
BJ-EA74C4DB,Intelligence Bénin,Technologie & IT,Copargo,+229 89 92 25 11,intelligence.bénin@intelligence.bénin.bj,intelligencebénin.bj,TPE (<10),B2C,LinkedIn,,Actif,2026-06-29T00:14:36.049475,haute
BJ-4A670FD6,Alimentaire Groupe,Industrie & Manufacture,Cotonou,+229 60 85 22 11,alimentaire.groupe@alimentaire.groupe.net,alimentairegroupe.bj,TPE (<10),B2B,LinkedIn,,Actif,2026-06-29T00:14:36.049494,haute
BJ-230D1EB6,Métal,Industrie & Manufacture,Cotonou,+229 31 82 31 45,métal@métal.benin,,PME (10-50),B2B,LinkedIn,,Actif,2026-06-29T00:14:36.049506,moyenne
BJ-DEC15AE9,Manufacture Métal Factory,Industrie & Manufacture,Cotonou,+229 51 98 56 19,manufacture.métal.factory@manufacture.métal.factory.net,,PME (10-50),B2B,LinkedIn,,Actif,2026-06-29T00:14:36.049518,moyenne
BJ-0549814F,Industrie Automobile SA,Industrie & Manufacture,Cotonou,+229 50 74 86 68,industrie.automobile.sa@industrie.automobile.sa.bj,,Grande (>200),B2B,LinkedIn,,Actif,2026-06-29T00:14:36.049530,moyenne
BJ-C8709EB5,Fabrique Électronique Bénin,Industrie & Manufacture,Cotonou,+229 60 55 92 57,,fabriqueélectroniquebénin.bj,PME (10-50),B2B,LinkedIn,,Actif,2026-06-29T00:14:36.049542,moyenne
BJ-CA139FA7,Industrie Alimentaire Abomey-Calavi,Industrie & Manufacture,Abomey-Calavi,+229 39 54 24 67,industrie.alimentaire.abomeycalavi@industrie.alimentaire.abomeycalavi.benin,industriealimentaireabomeycalavi.bj,TPE (<10),B2B,LinkedIn,,Actif,2026-06-29T00:14:36.049564,haute
BJ-8B310400,Plastique Abomey-Calavi,Industrie & Manufacture,Abomey-Calavi,+229 72 59 16 31,plastique.abomeycalavi@plastique.abomeycalavi.net,,Grande (>200),B2B,LinkedIn,,Actif,2026-06-29T00:14:36.049577,moyenne
BJ-2711609B,Production Factory,Industrie & Manufacture,Abomey-Calavi,+229 21 21 15 19,,productionfactory.bj,PME (50-200),B2B,LinkedIn,,Actif,2026-06-29T00:14:36.049590,moyenne
BJ-9F7950B6,Production Groupe,Industrie & Manufacture,Abomey-Calavi,+229 71 38 33 38,production.groupe@production.groupe.com,,PME (10-50),B2B,LinkedIn,,Actif,2026-06-29T00:14:36.049605,moyenne
BJ-AEB23186,Mécanique SA,Industrie & Manufacture,Abomey-Calavi,+229 20 56 84 25,mécanique.sa@mécanique.sa.com,,TPE (<10),B2B,LinkedIn,,Actif,2026-06-29T00:14:36.049618,moyenne
BJ-3D373711,Production SA,Industrie & Manufacture,Porto-Novo,+229 96 19 72 38,production.sa@production.sa.benin,,PME (10-50),B2B,LinkedIn,,Actif,2026-06-29T00:14:36.049636,moyenne
BJ-907AA268,Production Textile,Industrie & Manufacture,Porto-Novo,+229 65 66 57 74,production.textile@production.textile.com,productiontextile.bj,TPE (<10),B2B,LinkedIn,,Actif,2026-06-29T00:14:36.049659,haute
BJ-EDF0141B,Atelier Bois SARL,Industrie & Manufacture,Porto-Novo,+229 40 28 77 97,,,Grande (>200),B2B,LinkedIn,,Actif,2026-06-29T00:14:36.049688,basse
BJ-46F7C71D,Production SARL,Industrie & Manufacture,Porto-Novo,+229 66 62 57 49,production.sarl@production.sarl.com,,PME (10-50),B2B,LinkedIn,,Actif,2026-06-29T00:14:36.049715,moyenne
BJ-386719D8,Fabrique Chimie SA,Industrie & Manufacture,Porto-Novo,+229 92 27 81 92,,,PME (10-50),B2B,LinkedIn,,Actif,2026-06-29T00:14:36.049738,basse
BJ-B284C74F,Plastique Groupe,Industrie & Manufacture,Parakou,+229 50 69 45 33,plastique.groupe@plastique.groupe.com,plastiquegroupe.bj,PME (50-200),B2B,LinkedIn,,Actif,2026-06-29T00:14:36.049773,haute
BJ-B8380A2B,Pharmaceutique,Industrie & Manufacture,Parakou,+229 24 81 40 73,,,PME (10-50),B2B,LinkedIn,,Actif,2026-06-29T00:14:36.049822,basse
BJ-8AEDD4B3,Mécanique,Industrie & Manufacture,Parakou,+229 97 22 36 94,mécanique@mécanique.benin,,PME (10-50),B2B,LinkedIn,,Actif,2026-06-29T00:14:36.049851,moyenne
BJ-D453CBA8,Production,Industrie & Manufacture,Parakou,+229 49 87 72 84,production@production.com,production.bj,PME (50-200),B2B,LinkedIn,,Actif,2026-06-29T00:14:36.049877,haute
BJ-E6B51BEA,Usine Électronique Groupe,Industrie & Manufacture,Bohicon,+229 71 82 45 17,usine.électronique.groupe@usine.électronique.groupe.net,,PME (50-200),B2B,LinkedIn,,Actif,2026-06-29T00:14:36.049922,moyenne
BJ-F8237DA4,Métal,Industrie & Manufacture,Bohicon,+229 23 94 38 54,,métal.bj,TPE (<10),B2B,LinkedIn,,Actif,2026-06-29T00:14:36.049936,moyenne
BJ-F4DC89C3,Production Métal Africa Bohicon,Industrie & Manufacture,Bohicon,+229 42 50 88 36,production.métal.africa.bohicon@production.métal.africa.bohicon.benin,productionmétalafricabohicon.bj,TPE (<10),B2B,LinkedIn,,Actif,2026-06-29T00:14:36.049951,haute
BJ-21E8A764,Industrie Fabrication Manufacture Bohicon,Industrie & Manufacture,Bohicon,+229 83 48 76 67,industrie.fabrication.manufacture.bohicon@industrie.fabrication.manufacture.bohicon.benin,,PME (10-50),B2B,LinkedIn,,Actif,2026-06-29T00:14:36.049983,moyenne
BJ-EA3041DF,Fabrique Plastique Manufacture Natitingou,Industrie & Manufacture,Natitingou,+229 49 17 56 39,fabrique.plastique.manufacture.natitingou@fabrique.plastique.manufacture.natitingou.benin,fabriqueplastiquemanufacturenatitingou.bj,PME (10-50),B2B,LinkedIn,,Actif,2026-06-29T00:14:36.050006,haute
BJ-A0A1DF44,Industrie Fabrication Africa,Industrie & Manufacture,Natitingou,+229 57 45 87 47,industrie.fabrication.africa@industrie.fabrication.africa.org,industriefabricationafrica.bj,PME (10-50),B2B,LinkedIn,,Actif,2026-06-29T00:14:36.050019,haute
BJ-3FFD2074,Fabrication Factory,Industrie & Manufacture,Natitingou,+229 51 74 24 93,fabrication.factory@fabrication.factory.bj,fabricationfactory.bj,TPE (<10),B2B,LinkedIn,,Actif,2026-06-29T00:14:36.050031,haute
BJ-67D42FD6,Industrie Alimentaire Bénin,Industrie & Manufacture,Natitingou,+229 61 86 70 95,,industriealimentairebénin.bj,TPE (<10),B2B,LinkedIn,,Actif,2026-06-29T00:14:36.050047,moyenne
BJ-10241081,Atelier Automobile Bénin Natitingou,Industrie & Manufacture,Natitingou,+229 74 77 40 29,atelier.automobile.bénin.natitingou@atelier.automobile.bénin.natitingou.net,,TPE (<10),B2B,LinkedIn,,Actif,2026-06-29T00:14:36.050061,moyenne
BJ-F7EED9D6,Atelier Chimie Manufacture,Industrie & Manufacture,Lokossa,+229 98 98 51 83,,,TPE (<10),B2B,LinkedIn,,Actif,2026-06-29T00:14:36.050078,basse
BJ-541802AA,Usine Plastique SARL,Industrie & Manufacture,Lokossa,+229 85 54 80 55,usine.plastique.sarl@usine.plastique.sarl.net,usineplastiquesarl.bj,PME (50-200),B2B,LinkedIn,,Actif,2026-06-29T00:14:36.050090,haute
BJ-49DA09DA,Fabrique Plastique SARL,Industrie & Manufacture,Lokossa,+229 89 49 23 87,,fabriqueplastiquesarl.bj,PME (10-50),B2B,LinkedIn,,Actif,2026-06-29T00:14:36.050101,moyenne
BJ-17C9C44A,Métal Industry,Industrie & Manufacture,Lokossa,+229 79 99 26 41,,métalindustry.bj,PME (50-200),B2B,LinkedIn,,Actif,2026-06-29T00:14:36.050113,moyenne
BJ-8D179416,Atelier Production Lokossa,Industrie & Manufacture,Lokossa,+229 56 72 19 43,atelier.production.lokossa@atelier.production.lokossa.benin,,PME (10-50),B2B,LinkedIn,,Actif,2026-06-29T00:14:36.050125,moyenne
BJ-1084EF9E,Atelier Plastique Africa Ouidah,Industrie & Manufacture,Ouidah,+229 20 54 24 89,,,TPE (<10),B2B,LinkedIn,,Actif,2026-06-29T00:14:36.050141,basse
BJ-EB55A658,Atelier Électronique Ouidah,Industrie & Manufacture,Ouidah,+229 22 31 98 57,,atelierélectroniqueouidah.bj,TPE (<10),B2B,LinkedIn,,Actif,2026-06-29T00:14:36.050165,moyenne
BJ-50076543,Industrie Pharmaceutique Factory,Industrie & Manufacture,Ouidah,+229 67 79 49 81,,,PME (50-200),B2B,LinkedIn,,Actif,2026-06-29T00:14:36.050178,basse
BJ-64F7079C,Manufacture Fabrication SA,Industrie & Manufacture,Ouidah,+229 25 49 10 12,manufacture.fabrication.sa@manufacture.fabrication.sa.benin,,TPE (<10),B2B,LinkedIn,,Actif,2026-06-29T00:14:36.050190,moyenne
BJ-4DC1BBB8,Mécanique,Industrie & Manufacture,Savalou,+229 88 46 16 89,mécanique@mécanique.benin,,PME (10-50),B2B,LinkedIn,,Actif,2026-06-29T00:14:36.050207,moyenne
BJ-25D3B93B,Industrie Alimentaire Africa,Industrie & Manufacture,Savalou,+229 42 44 90 98,industrie.alimentaire.africa@industrie.alimentaire.africa.org,,TPE (<10),B2B,LinkedIn,,Actif,2026-06-29T00:14:36.050219,moyenne
BJ-53C64463,Fabrique Transformation Factory,Industrie & Manufacture,Savalou,+229 42 14 23 35,fabrique.transformation.factory@fabrique.transformation.factory.org,,PME (10-50),B2B,LinkedIn,,Actif,2026-06-29T00:14:36.050230,moyenne
BJ-5F4DF1DB,Usine Électronique Groupe,Industrie & Manufacture,Savalou,+229 51 81 74 31,usine.électronique.groupe@usine.électronique.groupe.bj,usineélectroniquegroupe.bj,PME (10-50),B2B,LinkedIn,,Actif,2026-06-29T00:14:36.050247,haute
BJ-E2132C8F,Fabrique Alimentaire,Industrie & Manufacture,Dassa-Zoumè,+229 74 46 42 28,,fabriquealimentaire.bj,PME (50-200),B2B,LinkedIn,,Actif,2026-06-29T00:14:36.050276,moyenne
BJ-E911839B,Fabrique Pharmaceutique Factory,Industrie & Manufacture,Dassa-Zoumè,+229 89 53 88 95,fabrique.pharmaceutique.factory@fabrique.pharmaceutique.factory.net,,TPE (<10),B2B,LinkedIn,,Actif,2026-06-29T00:14:36.050288,moyenne
BJ-1644074F,Alimentaire Dassa-Zoumè,Industrie & Manufacture,Dassa-Zoumè,+229 33 77 87 39,,alimentairedassazoumè.bj,TPE (<10),B2B,LinkedIn,,Actif,2026-06-29T00:14:36.050300,moyenne
BJ-A78870E7,Fabrication Dassa-Zoumè,Industrie & Manufacture,Dassa-Zoumè,+229 35 18 58 73,fabrication.dassazoumè@fabrication.dassazoumè.bj,,PME (50-200),B2B,LinkedIn,,Actif,2026-06-29T00:14:36.050315,moyenne
BJ-2D5B8681,Textile Manufacture,Industrie & Manufacture,Dassa-Zoumè,+229 39 64 34 24,textile.manufacture@textile.manufacture.org,textilemanufacture.bj,TPE (<10),B2B,LinkedIn,,Actif,2026-06-29T00:14:36.050327,haute
BJ-349B60AE,Alimentaire Groupe,Industrie & Manufacture,Kétou,+229 57 98 16 47,,,PME (50-200),B2B,LinkedIn,,Actif,2026-06-29T00:14:36.050360,basse
BJ-48A779AC,Atelier Pharmaceutique Industry,Industrie & Manufacture,Kétou,+229 46 14 76 18,atelier.pharmaceutique.industry@atelier.pharmaceutique.industry.com,atelierpharmaceutiqueindustry.bj,TPE (<10),B2B,LinkedIn,,Actif,2026-06-29T00:14:36.050373,haute
BJ-BCA58CA4,Alimentaire SA,Industrie & Manufacture,Kétou,+229 29 16 60 61,alimentaire.sa@alimentaire.sa.org,,Grande (>200),B2B,LinkedIn,,Actif,2026-06-29T00:14:36.050384,moyenne
BJ-6D2F3E73,Atelier Pharmaceutique Factory,Industrie & Manufacture,Kétou,+229 77 93 91 18,,,PME (10-50),B2B,LinkedIn,,Actif,2026-06-29T00:14:36.050394,basse
BJ-C742BF1A,Industrie Chimie,Industrie & Manufacture,Covè,+229 34 35 18 38,industrie.chimie@industrie.chimie.net,,TPE (<10),B2B,LinkedIn,,Actif,2026-06-29T00:14:36.050411,moyenne
BJ-6FFD06F0,Manufacture Métal Factory Covè,Industrie & Manufacture,Covè,+229 29 70 38 34,,,TPE (<10),B2B,LinkedIn,,Actif,2026-06-29T00:14:36.050426,basse
BJ-151FFF83,Métal Industry,Industrie & Manufacture,Covè,+229 92 72 72 11,,,PME (50-200),B2B,LinkedIn,,Actif,2026-06-29T00:14:36.050436,basse
BJ-68F1FE23,Transformation Industry,Industrie & Manufacture,Covè,+229 79 49 16 23,transformation.industry@transformation.industry.benin,,TPE (<10),B2B,LinkedIn,,Actif,2026-06-29T00:14:36.050451,moyenne
BJ-74514BFB,Manufacture Mécanique,Industrie & Manufacture,Covè,+229 64 71 91 26,,manufacturemécanique.bj,TPE (<10),B2B,LinkedIn,,Actif,2026-06-29T00:14:36.050463,moyenne
BJ-75C3992C,Industrie Métal,Industrie & Manufacture,Pobè,+229 71 60 82 61,industrie.métal@industrie.métal.bj,,TPE (<10),B2B,LinkedIn,,Actif,2026-06-29T00:14:36.050481,moyenne
BJ-FD3AB02F,Production Bois,Industrie & Manufacture,Pobè,+229 56 79 45 90,production.bois@production.bois.benin,,Grande (>200),B2B,LinkedIn,,Actif,2026-06-29T00:14:36.050496,moyenne
BJ-9BAD6C80,Atelier Transformation,Industrie & Manufacture,Pobè,+229 31 30 30 32,,,TPE (<10),B2B,LinkedIn,,Actif,2026-06-29T00:14:36.050507,basse
BJ-C751CE74,Fabrique Textile Africa,Industrie & Manufacture,Pobè,+229 77 21 55 15,,,TPE (<10),B2B,LinkedIn,,Actif,2026-06-29T00:14:36.050517,basse
BJ-00B97B96,Fabrique Chimie,Industrie & Manufacture,Pobè,+229 86 28 74 29,,fabriquechimie.bj,TPE (<10),B2B,LinkedIn,,Actif,2026-06-29T00:14:36.050528,moyenne
BJ-9A33AC7A,Industrie Textile,Industrie & Manufacture,Sakété,+229 91 39 38 43,industrie.textile@industrie.textile.bj,industrietextile.bj,PME (10-50),B2B,LinkedIn,,Actif,2026-06-29T00:14:36.050545,haute
BJ-9B22B7F7,Industrie Mécanique,Industrie & Manufacture,Sakété,+229 72 54 53 14,industrie.mécanique@industrie.mécanique.com,industriemécanique.bj,TPE (<10),B2B,LinkedIn,,Actif,2026-06-29T00:14:36.050559,haute
BJ-C103D2DC,Bois,Industrie & Manufacture,Sakété,+229 53 37 44 74,bois@bois.com,,PME (50-200),B2B,LinkedIn,,Actif,2026-06-29T00:14:36.050570,moyenne
BJ-BF82E192,Chimie Africa,Industrie & Manufacture,Sakété,+229 36 78 73 50,chimie.africa@chimie.africa.com,chimieafrica.bj,TPE (<10),B2B,LinkedIn,,Actif,2026-06-29T00:14:36.050584,haute
BJ-93A03B12,Fabrication Sakété,Industrie & Manufacture,Sakété,+229 54 59 16 93,,fabricationsakété.bj,TPE (<10),B2B,LinkedIn,,Actif,2026-06-29T00:14:36.050596,moyenne
BJ-B849D598,Usine Mécanique SA Adjara,Industrie & Manufacture,Adjara,+229 36 57 55 34,,,PME (50-200),B2B,LinkedIn,,Actif,2026-06-29T00:14:36.050613,basse
BJ-FFDEE28D,Fabrication,Industrie & Manufacture,Adjara,+229 84 38 50 68,fabrication@fabrication.bj,fabrication.bj,TPE (<10),B2B,LinkedIn,,Actif,2026-06-29T00:14:36.050635,haute
BJ-5C314AB4,Mécanique Adjara,Industrie & Manufacture,Adjara,+229 90 22 83 22,,mécaniqueadjara.bj,PME (10-50),B2B,LinkedIn,,Actif,2026-06-29T00:14:36.050646,moyenne
BJ-3ACB1726,Industrie Transformation Factory,Industrie & Manufacture,Adjara,+229 32 54 63 97,industrie.transformation.factory@industrie.transformation.factory.benin,industrietransformationfactory.bj,TPE (<10),B2B,LinkedIn,,Actif,2026-06-29T00:14:36.050658,haute
BJ-56293A25,Industrie Alimentaire,Industrie & Manufacture,Allada,+229 61 48 22 30,,,PME (50-200),B2B,LinkedIn,,Actif,2026-06-29T00:14:36.050691,basse
BJ-ADB4BFFC,Production,Industrie & Manufacture,Allada,+229 43 17 95 32,,production.bj,PME (10-50),B2B,LinkedIn,,Actif,2026-06-29T00:14:36.050702,moyenne
BJ-4E66A0DF,Fabrication,Industrie & Manufacture,Allada,+229 80 65 80 18,fabrication@fabrication.benin,,PME (50-200),B2B,LinkedIn,,Actif,2026-06-29T00:14:36.050729,moyenne
BJ-43A51352,Production Transformation Groupe,Industrie & Manufacture,Aplahoué,+229 40 52 69 71,,,PME (10-50),B2B,LinkedIn,,Actif,2026-06-29T00:14:36.050745,basse
BJ-6C79815F,Usine Fabrication,Industrie & Manufacture,Aplahoué,+229 39 96 43 49,,usinefabrication.bj,PME (10-50),B2B,LinkedIn,,Actif,2026-06-29T00:14:36.050756,moyenne
BJ-43D877D6,Manufacture Métal Aplahoué,Industrie & Manufacture,Aplahoué,+229 95 91 38 29,,manufacturemétalaplahoué.bj,PME (10-50),B2B,LinkedIn,,Actif,2026-06-29T00:14:36.050768,moyenne
BJ-09F836E7,Production Bois,Industrie & Manufacture,Aplahoué,+229 45 77 14 61,production.bois@production.bois.net,,TPE (<10),B2B,LinkedIn,,Actif,2026-06-29T00:14:36.050780,moyenne
BJ-67E23F52,Textile,Industrie & Manufacture,Aplahoué,+229 62 84 65 34,,textile.bj,PME (10-50),B2B,LinkedIn,,Actif,2026-06-29T00:14:36.050791,moyenne
BJ-84035144,Production,Industrie & Manufacture,Dogbo-Tota,+229 75 39 41 82,production@production.com,production.bj,PME (10-50),B2B,LinkedIn,,Actif,2026-06-29T00:14:36.050807,haute
BJ-DF4CA8F7,Fabrique Transformation SA Dogbo-Tota,Industrie & Manufacture,Dogbo-Tota,+229 52 89 63 52,,,PME (10-50),B2B,LinkedIn,,Actif,2026-06-29T00:14:36.050817,basse
BJ-CA43D24D,Manufacture Production,Industrie & Manufacture,Dogbo-Tota,+229 87 10 64 76,manufacture.production@manufacture.production.org,manufactureproduction.bj,TPE (<10),B2B,LinkedIn,,Actif,2026-06-29T00:14:36.050831,haute
BJ-E92E6989,Fabrique Automobile Bénin,Industrie & Manufacture,Dogbo-Tota,+229 56 12 13 73,fabrique.automobile.bénin@fabrique.automobile.bénin.bj,fabriqueautomobilebénin.bj,TPE (<10),B2B,LinkedIn,,Actif,2026-06-29T00:14:36.050847,haute
BJ-DC564986,Électronique Dogbo-Tota,Industrie & Manufacture,Dogbo-Tota,+229 55 94 14 52,électronique.dogbotota@électronique.dogbotota.benin,,PME (10-50),B2B,LinkedIn,,Actif,2026-06-29T00:14:36.050860,moyenne
BJ-4EED517E,Chimie Kpomassè,Industrie & Manufacture,Kpomassè,+229 96 97 65 74,chimie.kpomassè@chimie.kpomassè.net,chimiekpomassè.bj,PME (10-50),B2B,LinkedIn,,Actif,2026-06-29T00:14:36.050878,haute
BJ-EEF5C62F,Pharmaceutique,Industrie & Manufacture,Kpomassè,+229 66 41 32 48,,,Grande (>200),B2B,LinkedIn,,Actif,2026-06-29T00:14:36.050897,basse
BJ-D1AEE4DF,Atelier Alimentaire,Industrie & Manufacture,Kpomassè,+229 30 10 32 81,,,TPE (<10),B2B,LinkedIn,,Actif,2026-06-29T00:14:36.050915,basse
BJ-42891F96,Fabrique Pharmaceutique,Industrie & Manufacture,Kpomassè,+229 66 50 30 69,fabrique.pharmaceutique@fabrique.pharmaceutique.bj,,PME (50-200),B2B,LinkedIn,,Actif,2026-06-29T00:14:36.050932,moyenne
BJ-E8909613,Atelier Plastique Groupe Kpomassè,Industrie & Manufacture,Kpomassè,+229 66 64 15 59,,,TPE (<10),B2B,LinkedIn,,Actif,2026-06-29T00:14:36.050944,basse
BJ-36F2D1C1,Automobile SARL,Industrie & Manufacture,Tori-Bossito,+229 93 22 20 65,,automobilesarl.bj,PME (10-50),B2B,LinkedIn,,Actif,2026-06-29T00:14:36.050962,moyenne
BJ-5B12B430,Industrie Bois,Industrie & Manufacture,Tori-Bossito,+229 78 47 75 13,,,PME (50-200),B2B,LinkedIn,,Actif,2026-06-29T00:14:36.050973,basse
BJ-6563B03A,Usine Pharmaceutique Bénin,Industrie & Manufacture,Tori-Bossito,+229 41 77 88 44,usine.pharmaceutique.bénin@usine.pharmaceutique.bénin.benin,,PME (10-50),B2B,LinkedIn,,Actif,2026-06-29T00:14:36.050985,moyenne
BJ-EED95449,Atelier Production,Industrie & Manufacture,Tori-Bossito,+229 40 56 54 44,atelier.production@atelier.production.benin,,PME (10-50),B2B,LinkedIn,,Actif,2026-06-29T00:14:36.050999,moyenne
BJ-55E6FCAE,Manufacture Plastique Tori-Bossito,Industrie & Manufacture,Tori-Bossito,+229 67 35 48 30,,,Grande (>200),B2B,LinkedIn,,Actif,2026-06-29T00:14:36.051011,basse
BJ-95E08383,Plastique,Industrie & Manufacture,Grand-Popo,+229 41 57 36 86,,,PME (10-50),B2B,LinkedIn,,Actif,2026-06-29T00:14:36.051027,basse
BJ-4536C3BC,Pharmaceutique,Industrie & Manufacture,Grand-Popo,+229 54 95 80 68,pharmaceutique@pharmaceutique.benin,,PME (50-200),B2B,LinkedIn,,Actif,2026-06-29T00:14:36.051039,moyenne
BJ-046867ED,Manufacture Textile Grand-Popo,Industrie & Manufacture,Grand-Popo,+229 31 53 46 70,manufacture.textile.grandpopo@manufacture.textile.grandpopo.bj,manufacturetextilegrandpopo.bj,TPE (<10),B2B,LinkedIn,,Actif,2026-06-29T00:14:36.051052,haute
BJ-1F7A196B,Manufacture Fabrication Grand-Popo,Industrie & Manufacture,Grand-Popo,+229 76 86 26 32,manufacture.fabrication.grandpopo@manufacture.fabrication.grandpopo.org,,TPE (<10),B2B,LinkedIn,,Actif,2026-06-29T00:14:36.051064,moyenne
BJ-A9231D62,Fabrique Alimentaire Africa,Industrie & Manufacture,Grand-Popo,+229 28 11 40 71,fabrique.alimentaire.africa@fabrique.alimentaire.africa.com,,TPE (<10),B2B,LinkedIn,,Actif,2026-06-29T00:14:36.051075,moyenne
BJ-E5B44990,Manufacture Métal Athiémé,Industrie & Manufacture,Athiémé,+229 47 40 80 14,,,PME (10-50),B2B,LinkedIn,,Actif,2026-06-29T00:14:36.051098,basse
BJ-CEAEC9F4,Bois Africa,Industrie & Manufacture,Athiémé,+229 20 19 94 80,,boisafrica.bj,PME (50-200),B2B,LinkedIn,,Actif,2026-06-29T00:14:36.051110,moyenne
BJ-389371E1,Chimie Bénin,Industrie & Manufacture,Athiémé,+229 54 77 85 48,,,TPE (<10),B2B,LinkedIn,,Actif,2026-06-29T00:14:36.051121,basse
BJ-275D1CC2,Usine Textile Bénin Athiémé,Industrie & Manufacture,Athiémé,+229 99 83 14 82,,usinetextilebéninathiémé.bj,PME (10-50),B2B,LinkedIn,,Actif,2026-06-29T00:14:36.051136,moyenne
BJ-BBAA2EBD,Atelier Métal,Industrie & Manufacture,Athiémé,+229 84 11 53 31,atelier.métal@atelier.métal.benin,ateliermétal.bj,PME (10-50),B2B,LinkedIn,,Actif,2026-06-29T00:14:36.051149,haute
BJ-1A275054,Production,Industrie & Manufacture,Bopa,+229 67 34 12 23,,,TPE (<10),B2B,LinkedIn,,Actif,2026-06-29T00:14:36.051165,basse
BJ-D3D95348,Manufacture Mécanique SA,Industrie & Manufacture,Bopa,+229 22 74 91 92,manufacture.mécanique.sa@manufacture.mécanique.sa.com,,TPE (<10),B2B,LinkedIn,,Actif,2026-06-29T00:14:36.051202,moyenne
BJ-7738756F,Fabrique Pharmaceutique Groupe Bopa,Industrie & Manufacture,Bopa,+229 48 72 88 97,fabrique.pharmaceutique.groupe.bopa@fabrique.pharmaceutique.groupe.bopa.net,fabriquepharmaceutiquegroupebopa.bj,PME (10-50),B2B,LinkedIn,,Actif,2026-06-29T00:14:36.051215,haute
BJ-24D7B54E,Alimentaire,Industrie & Manufacture,Houéyogbé,+229 45 98 49 10,alimentaire@alimentaire.bj,alimentaire.bj,PME (10-50),B2B,LinkedIn,,Actif,2026-06-29T00:14:36.051236,haute
BJ-66B7D641,Automobile,Industrie & Manufacture,Houéyogbé,+229 44 77 93 62,automobile@automobile.benin,,TPE (<10),B2B,LinkedIn,,Actif,2026-06-29T00:14:36.051247,moyenne
BJ-48D98B49,Électronique Factory,Industrie & Manufacture,Houéyogbé,+229 30 16 43 22,,électroniquefactory.bj,PME (50-200),B2B,LinkedIn,,Actif,2026-06-29T00:14:36.051259,moyenne
BJ-55E2348D,Atelier Pharmaceutique,Industrie & Manufacture,Houéyogbé,+229 59 79 46 43,atelier.pharmaceutique@atelier.pharmaceutique.org,,PME (10-50),B2B,LinkedIn,,Actif,2026-06-29T00:14:36.051274,moyenne
BJ-55EE2E8E,Industrie Alimentaire Industry,Industrie & Manufacture,Houéyogbé,+229 43 50 96 87,industrie.alimentaire.industry@industrie.alimentaire.industry.net,,PME (10-50),B2B,LinkedIn,,Actif,2026-06-29T00:14:36.051286,moyenne
BJ-167FC710,Production Textile Factory,Industrie & Manufacture,Malanville,+229 66 88 33 57,production.textile.factory@production.textile.factory.org,productiontextilefactory.bj,TPE (<10),B2B,LinkedIn,,Actif,2026-06-29T00:14:36.051304,haute
BJ-E6B02CB2,Production Alimentaire,Industrie & Manufacture,Malanville,+229 51 52 91 11,production.alimentaire@production.alimentaire.net,,PME (10-50),B2B,LinkedIn,,Actif,2026-06-29T00:14:36.051315,moyenne
BJ-DCCE2CB8,Industrie Production,Industrie & Manufacture,Malanville,+229 75 46 98 40,industrie.production@industrie.production.benin,,TPE (<10),B2B,LinkedIn,,Actif,2026-06-29T00:14:36.051326,moyenne
BJ-008D7F82,Atelier Électronique,Industrie & Manufacture,Malanville,+229 39 35 26 32,atelier.électronique@atelier.électronique.org,atelierélectronique.bj,TPE (<10),B2B,LinkedIn,,Actif,2026-06-29T00:14:36.051339,haute
BJ-2DF85AF3,Industrie Textile Malanville,Industrie & Manufacture,Malanville,+229 88 12 68 34,industrie.textile.malanville@industrie.textile.malanville.bj,industrietextilemalanville.bj,PME (10-50),B2B,LinkedIn,,Actif,2026-06-29T00:14:36.051351,haute
BJ-0A4CF7CA,Usine Pharmaceutique,Industrie & Manufacture,Kandi,+229 58 62 13 10,usine.pharmaceutique@usine.pharmaceutique.com,usinepharmaceutique.bj,PME (50-200),B2B,LinkedIn,,Actif,2026-06-29T00:14:36.051368,haute
BJ-0401DDDB,Usine Automobile Kandi,Industrie & Manufacture,Kandi,+229 90 16 64 45,,usineautomobilekandi.bj,TPE (<10),B2B,LinkedIn,,Actif,2026-06-29T00:14:36.051398,moyenne
BJ-2B75CDD3,Mécanique Bénin,Industrie & Manufacture,Kandi,+229 42 44 24 59,mécanique.bénin@mécanique.bénin.com,mécaniquebénin.bj,PME (10-50),B2B,LinkedIn,,Actif,2026-06-29T00:14:36.051415,haute
BJ-D841B957,Pharmaceutique Kandi,Industrie & Manufacture,Kandi,+229 93 48 73 81,,pharmaceutiquekandi.bj,PME (50-200),B2B,LinkedIn,,Actif,2026-06-29T00:14:36.051427,moyenne
BJ-B2BE84B3,Production Textile,Industrie & Manufacture,Banikoara,+229 29 88 27 73,production.textile@production.textile.com,,TPE (<10),B2B,LinkedIn,,Actif,2026-06-29T00:14:36.051445,moyenne
BJ-28F43DB5,Usine Métal,Industrie & Manufacture,Banikoara,+229 92 53 75 30,,,Grande (>200),B2B,LinkedIn,,Actif,2026-06-29T00:14:36.051461,basse
BJ-5FA37BDA,Atelier Fabrication Banikoara,Industrie & Manufacture,Banikoara,+229 47 14 36 95,atelier.fabrication.banikoara@atelier.fabrication.banikoara.org,atelierfabricationbanikoara.bj,TPE (<10),B2B,LinkedIn,,Actif,2026-06-29T00:14:36.051474,haute
BJ-759D8F9C,Fabrique Électronique Factory,Industrie & Manufacture,Banikoara,+229 99 10 14 29,fabrique.électronique.factory@fabrique.électronique.factory.com,,Grande (>200),B2B,LinkedIn,,Actif,2026-06-29T00:14:36.051487,moyenne
BJ-9FF8F8FF,Automobile Africa Banikoara,Industrie & Manufacture,Banikoara,+229 42 31 39 46,automobile.africa.banikoara@automobile.africa.banikoara.org,,PME (50-200),B2B,LinkedIn,,Actif,2026-06-29T00:14:36.051499,moyenne
BJ-2DC4BA85,Métal SA,Industrie & Manufacture,Ségbana,+229 67 92 41 82,métal.sa@métal.sa.org,métalsa.bj,PME (10-50),B2B,LinkedIn,,Actif,2026-06-29T00:14:36.051517,haute
BJ-4E8FC5AD,Industrie Pharmaceutique,Industrie & Manufacture,Ségbana,+229 46 26 43 74,industrie.pharmaceutique@industrie.pharmaceutique.net,industriepharmaceutique.bj,TPE (<10),B2B,LinkedIn,,Actif,2026-06-29T00:14:36.051530,haute
BJ-963FC5A5,Électronique Groupe Ségbana,Industrie & Manufacture,Ségbana,+229 58 46 72 60,,,PME (50-200),B2B,LinkedIn,,Actif,2026-06-29T00:14:36.051555,basse
BJ-76152E99,Atelier Alimentaire Manufacture,Industrie & Manufacture,Ségbana,+229 71 90 31 91,,,PME (50-200),B2B,LinkedIn,,Actif,2026-06-29T00:14:36.051566,basse
BJ-528FB9CC,Manufacture Alimentaire,Industrie & Manufacture,Karimama,+229 82 82 76 80,manufacture.alimentaire@manufacture.alimentaire.net,manufacturealimentaire.bj,PME (10-50),B2B,LinkedIn,,Actif,2026-06-29T00:14:36.051584,haute
BJ-891EC55C,Pharmaceutique Groupe,Industrie & Manufacture,Karimama,+229 39 38 32 60,,pharmaceutiquegroupe.bj,PME (10-50),B2B,LinkedIn,,Actif,2026-06-29T00:14:36.051594,moyenne
BJ-0C0D74E4,Plastique Africa,Industrie & Manufacture,Karimama,+229 42 42 52 27,plastique.africa@plastique.africa.org,plastiqueafrica.bj,PME (50-200),B2B,LinkedIn,,Actif,2026-06-29T00:14:36.051606,haute
BJ-97BB1450,Chimie Industry,Industrie & Manufacture,Karimama,+229 20 16 21 10,,,TPE (<10),B2B,LinkedIn,,Actif,2026-06-29T00:14:36.051619,basse
BJ-285AA83C,Industrie Bois,Industrie & Manufacture,Karimama,+229 74 20 86 81,industrie.bois@industrie.bois.bj,industriebois.bj,TPE (<10),B2B,LinkedIn,,Actif,2026-06-29T00:14:36.051632,haute
BJ-B9919D17,Production SA,Industrie & Manufacture,Gogounou,+229 81 98 52 71,production.sa@production.sa.com,productionsa.bj,PME (50-200),B2B,LinkedIn,,Actif,2026-06-29T00:14:36.051648,haute
BJ-56F2313B,Fabrique Bois SARL,Industrie & Manufacture,Gogounou,+229 74 31 54 41,fabrique.bois.sarl@fabrique.bois.sarl.net,fabriqueboissarl.bj,TPE (<10),B2B,LinkedIn,,Actif,2026-06-29T00:14:36.051686,haute
BJ-1D1E728C,Mécanique Gogounou,Industrie & Manufacture,Gogounou,+229 87 91 96 48,mécanique.gogounou@mécanique.gogounou.bj,mécaniquegogounou.bj,TPE (<10),B2B,LinkedIn,,Actif,2026-06-29T00:14:36.051699,haute
BJ-7C171CC2,Plastique,Industrie & Manufacture,Cobly,+229 73 61 70 19,,plastique.bj,TPE (<10),B2B,LinkedIn,,Actif,2026-06-29T00:14:36.051716,moyenne
BJ-0E149B43,Transformation SARL,Industrie & Manufacture,Cobly,+229 82 56 16 26,transformation.sarl@transformation.sarl.benin,,TPE (<10),B2B,LinkedIn,,Actif,2026-06-29T00:14:36.051728,moyenne
BJ-686EC6CC,Alimentaire Africa,Industrie & Manufacture,Cobly,+229 53 23 81 47,,,PME (50-200),B2B,LinkedIn,,Actif,2026-06-29T00:14:36.051738,basse
BJ-2B8105A2,Alimentaire Cobly,Industrie & Manufacture,Cobly,+229 59 59 59 23,alimentaire.cobly@alimentaire.cobly.net,,TPE (<10),B2B,LinkedIn,,Actif,2026-06-29T00:14:36.051750,moyenne
BJ-3592E6A7,Production Bois,Industrie & Manufacture,Cobly,+229 77 17 84 91,production.bois@production.bois.benin,,PME (10-50),B2B,LinkedIn,,Actif,2026-06-29T00:14:36.051761,moyenne
BJ-5A7DD522,Mécanique Bénin,Industrie & Manufacture,Tanguiéta,+229 22 73 46 91,mécanique.bénin@mécanique.bénin.org,mécaniquebénin.bj,TPE (<10),B2B,LinkedIn,,Actif,2026-06-29T00:14:36.051781,haute
BJ-88C017D3,Fabrication,Industrie & Manufacture,Tanguiéta,+229 54 32 30 38,fabrication@fabrication.benin,,TPE (<10),B2B,LinkedIn,,Actif,2026-06-29T00:14:36.051797,moyenne
BJ-4FC385D0,Atelier Chimie Groupe,Industrie & Manufacture,Tanguiéta,+229 24 63 26 93,atelier.chimie.groupe@atelier.chimie.groupe.com,,TPE (<10),B2B,LinkedIn,,Actif,2026-06-29T00:14:36.051809,moyenne
BJ-D8B02111,Production Alimentaire Bénin,Industrie & Manufacture,Tanguiéta,+229 42 80 33 13,production.alimentaire.bénin@production.alimentaire.bénin.org,productionalimentairebénin.bj,TPE (<10),B2B,LinkedIn,,Actif,2026-06-29T00:14:36.051825,haute
BJ-6AFAF843,Atelier Production,Industrie & Manufacture,Tanguiéta,+229 36 16 57 79,atelier.production@atelier.production.net,,PME (50-200),B2B,LinkedIn,,Actif,2026-06-29T00:14:36.051840,moyenne
BJ-87B4A783,Mécanique Bénin,Industrie & Manufacture,Matéri,+229 78 10 10 74,mécanique.bénin@mécanique.bénin.benin,mécaniquebénin.bj,TPE (<10),B2B,LinkedIn,,Actif,2026-06-29T00:14:36.051860,haute
BJ-4AE2EF00,Alimentaire Factory,Industrie & Manufacture,Matéri,+229 64 51 85 13,alimentaire.factory@alimentaire.factory.org,,PME (10-50),B2B,LinkedIn,,Actif,2026-06-29T00:14:36.051872,moyenne
BJ-66996CCF,Manufacture Alimentaire Bénin,Industrie & Manufacture,Matéri,+229 67 61 47 66,manufacture.alimentaire.bénin@manufacture.alimentaire.bénin.com,,TPE (<10),B2B,LinkedIn,,Actif,2026-06-29T00:14:36.051885,moyenne
BJ-7C13DFAD,Transformation Bénin Matéri,Industrie & Manufacture,Matéri,+229 32 34 59 32,,transformationbéninmatéri.bj,TPE (<10),B2B,LinkedIn,,Actif,2026-06-29T00:14:36.051918,moyenne
BJ-9BA22045,Industrie Électronique,Industrie & Manufacture,Matéri,+229 23 52 96 31,,industrieélectronique.bj,PME (50-200),B2B,LinkedIn,,Actif,2026-06-29T00:14:36.051931,moyenne
BJ-AAD6F7D1,Production,Industrie & Manufacture,Natitingou,+229 94 35 19 81,production@production.benin,,PME (50-200),B2B,LinkedIn,,Actif,2026-06-29T00:14:36.051962,moyenne
BJ-5E330D87,Bois Natitingou,Industrie & Manufacture,Natitingou,+229 57 64 50 33,bois.natitingou@bois.natitingou.bj,,TPE (<10),B2B,LinkedIn,,Actif,2026-06-29T00:14:36.051986,moyenne
BJ-69DBF5DC,Manufacture Fabrication Natitingou,Industrie & Manufacture,Natitingou,+229 52 41 76 71,manufacture.fabrication.natitingou@manufacture.fabrication.natitingou.net,manufacturefabricationnatitingou.bj,PME (50-200),B2B,LinkedIn,,Actif,2026-06-29T00:14:36.052030,haute
BJ-804049B0,Usine Transformation,Industrie & Manufacture,Natitingou,+229 79 52 42 66,usine.transformation@usine.transformation.bj,usinetransformation.bj,PME (50-200),B2B,LinkedIn,,Actif,2026-06-29T00:14:36.052061,haute
BJ-08DE2E28,Production Métal,Industrie & Manufacture,Toucountouna,+229 22 20 47 72,,,PME (10-50),B2B,LinkedIn,,Actif,2026-06-29T00:14:36.052099,basse
BJ-4088A4C9,Usine Chimie,Industrie & Manufacture,Toucountouna,+229 82 99 28 38,,,TPE (<10),B2B,LinkedIn,,Actif,2026-06-29T00:14:36.052126,basse
BJ-D4F364AA,Fabrique Métal Factory,Industrie & Manufacture,Toucountouna,+229 77 28 85 92,,,PME (50-200),B2B,LinkedIn,,Actif,2026-06-29T00:14:36.052180,basse
BJ-3CAE8250,Production Production Bénin,Industrie & Manufacture,Toucountouna,+229 54 51 72 10,,productionproductionbénin.bj,PME (10-50),B2B,LinkedIn,,Actif,2026-06-29T00:14:36.052205,moyenne
BJ-8B24249E,Production Automobile Industry Toucountouna,Industrie & Manufacture,Toucountouna,+229 69 83 64 38,production.automobile.industry.toucountouna@production.automobile.industry.toucountouna.com,productionautomobileindustrytoucountouna.bj,PME (10-50),B2B,LinkedIn,,Actif,2026-06-29T00:14:36.052232,haute
BJ-A68C9694,Automobile Africa Boukoumbé,Industrie & Manufacture,Boukoumbé,+229 46 36 55 95,automobile.africa.boukoumbé@automobile.africa.boukoumbé.bj,,PME (10-50),B2B,LinkedIn,,Actif,2026-06-29T00:14:36.052271,moyenne
BJ-4DBBBB93,Transformation Africa,Industrie & Manufacture,Boukoumbé,+229 34 68 17 87,,transformationafrica.bj,PME (10-50),B2B,LinkedIn,,Actif,2026-06-29T00:14:36.052298,moyenne
BJ-2DB3061D,Usine Pharmaceutique Africa Boukoumbé,Industrie & Manufacture,Boukoumbé,+229 71 39 91 22,usine.pharmaceutique.africa.boukoumbé@usine.pharmaceutique.africa.boukoumbé.com,,PME (10-50),B2B,LinkedIn,,Actif,2026-06-29T00:14:36.052358,moyenne
BJ-4F0C57E8,Usine Textile Africa Boukoumbé,Industrie & Manufacture,Boukoumbé,+229 20 92 57 13,usine.textile.africa.boukoumbé@usine.textile.africa.boukoumbé.org,,TPE (<10),B2B,LinkedIn,,Actif,2026-06-29T00:14:36.052386,moyenne
BJ-237B4BC1,Fabrique Chimie Manufacture,Industrie & Manufacture,Kouandé,+229 78 79 23 52,fabrique.chimie.manufacture@fabrique.chimie.manufacture.org,fabriquechimiemanufacture.bj,Grande (>200),B2B,LinkedIn,,Actif,2026-06-29T00:14:36.052424,haute
BJ-8027E5F5,Pharmaceutique Bénin,Industrie & Manufacture,Kouandé,+229 41 57 51 74,pharmaceutique.bénin@pharmaceutique.bénin.benin,,PME (10-50),B2B,LinkedIn,,Actif,2026-06-29T00:14:36.052439,moyenne
BJ-64C79F02,Industrie Textile,Industrie & Manufacture,Kouandé,+229 49 91 30 47,,industrietextile.bj,TPE (<10),B2B,LinkedIn,,Actif,2026-06-29T00:14:36.052451,moyenne
BJ-B1652465,Fabrication Factory,Industrie & Manufacture,Kouandé,+229 27 66 75 80,fabrication.factory@fabrication.factory.org,fabricationfactory.bj,TPE (<10),B2B,LinkedIn,,Actif,2026-06-29T00:14:36.052464,haute
BJ-8A3F8294,Chimie Bénin,Industrie & Manufacture,Kouandé,+229 48 70 62 42,,chimiebénin.bj,TPE (<10),B2B,LinkedIn,,Actif,2026-06-29T00:14:36.052475,moyenne
BJ-305B43EF,Plastique,Industrie & Manufacture,Péhunco,+229 38 69 50 30,,,TPE (<10),B2B,LinkedIn,,Actif,2026-06-29T00:14:36.052513,basse
BJ-04EA47F9,Usine Fabrication Bénin,Industrie & Manufacture,Péhunco,+229 92 53 26 16,,usinefabricationbénin.bj,PME (50-200),B2B,LinkedIn,,Actif,2026-06-29T00:14:36.052531,moyenne
BJ-C126B292,Fabrique Pharmaceutique Bénin,Industrie & Manufacture,Péhunco,+229 38 71 93 77,fabrique.pharmaceutique.bénin@fabrique.pharmaceutique.bénin.bj,fabriquepharmaceutiquebénin.bj,PME (10-50),B2B,LinkedIn,,Actif,2026-06-29T00:14:36.052545,haute
BJ-E3401E9F,Usine Plastique SARL,Industrie & Manufacture,Péhunco,+229 64 36 18 52,,usineplastiquesarl.bj,PME (50-200),B2B,LinkedIn,,Actif,2026-06-29T00:14:36.052560,moyenne
BJ-24E59B31,Industrie Électronique,Industrie & Manufacture,Péhunco,+229 80 58 15 92,industrie.électronique@industrie.électronique.com,industrieélectronique.bj,Grande (>200),B2B,LinkedIn,,Actif,2026-06-29T00:14:36.052573,haute
BJ-E719B6BB,Transformation Tchaourou,Industrie & Manufacture,Tchaourou,+229 64 33 70 64,,transformationtchaourou.bj,PME (10-50),B2B,LinkedIn,,Actif,2026-06-29T00:14:36.052591,moyenne
BJ-E3EAB043,Bois Tchaourou,Industrie & Manufacture,Tchaourou,+229 31 49 35 55,,,Grande (>200),B2B,LinkedIn,,Actif,2026-06-29T00:14:36.052622,basse
BJ-57D7C587,Production Plastique Tchaourou,Industrie & Manufacture,Tchaourou,+229 57 98 72 74,,productionplastiquetchaourou.bj,PME (50-200),B2B,LinkedIn,,Actif,2026-06-29T00:14:36.052636,moyenne
BJ-17BF307D,Usine Bois,Industrie & Manufacture,Nikki,+229 98 99 51 10,usine.bois@usine.bois.net,usinebois.bj,PME (10-50),B2B,LinkedIn,,Actif,2026-06-29T00:14:36.052653,haute
BJ-86D0BC7F,Métal Nikki,Industrie & Manufacture,Nikki,+229 51 90 96 99,,,TPE (<10),B2B,LinkedIn,,Actif,2026-06-29T00:14:36.052664,basse
BJ-1AA74519,Production Nikki,Industrie & Manufacture,Nikki,+229 81 15 62 29,production.nikki@production.nikki.net,,PME (10-50),B2B,LinkedIn,,Actif,2026-06-29T00:14:36.052675,moyenne
BJ-F01388D0,Mécanique Bénin,Industrie & Manufacture,Nikki,+229 58 64 41 76,,,PME (10-50),B2B,LinkedIn,,Actif,2026-06-29T00:14:36.052688,basse
BJ-EFEE38CF,Fabrique Bois,Industrie & Manufacture,Nikki,+229 66 97 33 87,,fabriquebois.bj,TPE (<10),B2B,LinkedIn,,Actif,2026-06-29T00:14:36.052699,moyenne
BJ-C8721659,Usine Alimentaire SARL,Industrie & Manufacture,Bembéréké,+229 36 86 40 87,,usinealimentairesarl.bj,TPE (<10),B2B,LinkedIn,,Actif,2026-06-29T00:14:36.052716,moyenne
BJ-C3012CC1,Transformation,Industrie & Manufacture,Bembéréké,+229 84 89 14 69,,,PME (50-200),B2B,LinkedIn,,Actif,2026-06-29T00:14:36.052726,basse
BJ-D3DA59EC,Transformation Factory,Industrie & Manufacture,Bembéréké,+229 86 95 15 41,transformation.factory@transformation.factory.net,transformationfactory.bj,PME (10-50),B2B,LinkedIn,,Actif,2026-06-29T00:14:36.052738,haute
BJ-C3AE7360,Bois,Industrie & Manufacture,Bembéréké,+229 20 54 92 35,bois@bois.bj,bois.bj,PME (50-200),B2B,LinkedIn,,Actif,2026-06-29T00:14:36.052749,haute
BJ-B38ADF22,Plastique,Industrie & Manufacture,Bembéréké,+229 57 36 98 51,plastique@plastique.com,plastique.bj,PME (10-50),B2B,LinkedIn,,Actif,2026-06-29T00:14:36.052760,haute
BJ-972ACE0B,Pharmaceutique Manufacture,Industrie & Manufacture,Kalalé,+229 83 68 33 46,pharmaceutique.manufacture@pharmaceutique.manufacture.benin,,TPE (<10),B2B,LinkedIn,,Actif,2026-06-29T00:14:36.052777,moyenne
BJ-73BFE424,Fabrique Pharmaceutique SA,Industrie & Manufacture,Kalalé,+229 99 91 65 39,fabrique.pharmaceutique.sa@fabrique.pharmaceutique.sa.com,fabriquepharmaceutiquesa.bj,PME (10-50),B2B,LinkedIn,,Actif,2026-06-29T00:14:36.052790,haute
BJ-386EDAF3,Usine Pharmaceutique,Industrie & Manufacture,Kalalé,+229 85 16 66 56,usine.pharmaceutique@usine.pharmaceutique.benin,,TPE (<10),B2B,LinkedIn,,Actif,2026-06-29T00:14:36.052801,moyenne
BJ-436D9FA2,Fabrique Production,Industrie & Manufacture,Kalalé,+229 47 47 55 42,,,PME (50-200),B2B,LinkedIn,,Actif,2026-06-29T00:14:36.052814,basse
BJ-99D9B36D,Atelier Pharmaceutique,Industrie & Manufacture,Kalalé,+229 65 65 40 32,atelier.pharmaceutique@atelier.pharmaceutique.net,atelierpharmaceutique.bj,TPE (<10),B2B,LinkedIn,,Actif,2026-06-29T00:14:36.052829,haute
BJ-2748EE8F,Industrie Alimentaire Ndali,Industrie & Manufacture,Ndali,+229 47 32 56 32,,,PME (10-50),B2B,LinkedIn,,Actif,2026-06-29T00:14:36.052845,basse
BJ-F4CADABE,Mécanique Industry,Industrie & Manufacture,Ndali,+229 87 36 60 74,mécanique.industry@mécanique.industry.com,mécaniqueindustry.bj,TPE (<10),B2B,LinkedIn,,Actif,2026-06-29T00:14:36.052861,haute
BJ-9E22B788,Usine Textile SA,Industrie & Manufacture,Ndali,+229 57 59 51 55,usine.textile.sa@usine.textile.sa.bj,,PME (10-50),B2B,LinkedIn,,Actif,2026-06-29T00:14:36.052872,moyenne
BJ-59B0F05F,Manufacture Bois,Industrie & Manufacture,Ndali,+229 93 53 45 93,,manufacturebois.bj,TPE (<10),B2B,LinkedIn,,Actif,2026-06-29T00:14:36.052883,moyenne
BJ-CD7C8BE9,Usine Bois Africa,Industrie & Manufacture,Ndali,+229 77 10 24 39,,usineboisafrica.bj,TPE (<10),B2B,LinkedIn,,Actif,2026-06-29T00:14:36.052932,moyenne
BJ-54F1F8AB,Alimentaire,Industrie & Manufacture,Ségbana,+229 74 47 97 74,alimentaire@alimentaire.benin,,PME (10-50),B2B,LinkedIn,,Actif,2026-06-29T00:14:36.052984,moyenne
BJ-84AABF94,Atelier Production SA,Industrie & Manufacture,Ségbana,+229 37 58 10 20,atelier.production.sa@atelier.production.sa.net,atelierproductionsa.bj,Grande (>200),B2B,LinkedIn,,Actif,2026-06-29T00:14:36.053010,haute
BJ-F82CD835,Fabrique Chimie Manufacture Ségbana,Industrie & Manufacture,Ségbana,+229 22 46 29 33,fabrique.chimie.manufacture.ségbana@fabrique.chimie.manufacture.ségbana.net,,PME (50-200),B2B,LinkedIn,,Actif,2026-06-29T00:14:36.053022,moyenne
BJ-2A82E76A,Production Manufacture,Industrie & Manufacture,Tchaourou,+229 97 65 39 76,production.manufacture@production.manufacture.bj,,TPE (<10),B2B,LinkedIn,,Actif,2026-06-29T00:14:36.053049,moyenne
BJ-A104154D,Fabrique Textile Bénin,Industrie & Manufacture,Tchaourou,+229 98 51 51 78,,fabriquetextilebénin.bj,TPE (<10),B2B,LinkedIn,,Actif,2026-06-29T00:14:36.053060,moyenne
BJ-99F44284,Usine Fabrication,Industrie & Manufacture,Tchaourou,+229 91 95 95 21,usine.fabrication@usine.fabrication.net,,PME (10-50),B2B,LinkedIn,,Actif,2026-06-29T00:14:36.053072,moyenne
BJ-A040B7CC,Production Fabrication,Industrie & Manufacture,Tchaourou,+229 38 13 97 27,production.fabrication@production.fabrication.org,productionfabrication.bj,PME (50-200),B2B,LinkedIn,,Actif,2026-06-29T00:14:36.053083,haute
BJ-57BBF4A3,Production Pharmaceutique,Industrie & Manufacture,Bétérou,+229 59 66 19 80,,productionpharmaceutique.bj,TPE (<10),B2B,LinkedIn,,Actif,2026-06-29T00:14:36.053099,moyenne
BJ-D17EB7E5,Pharmaceutique Bétérou,Industrie & Manufacture,Bétérou,+229 63 15 50 92,pharmaceutique.bétérou@pharmaceutique.bétérou.benin,,TPE (<10),B2B,LinkedIn,,Actif,2026-06-29T00:14:36.053125,moyenne
BJ-3ACA6164,Atelier Plastique,Industrie & Manufacture,Bétérou,+229 51 69 61 13,atelier.plastique@atelier.plastique.com,,TPE (<10),B2B,LinkedIn,,Actif,2026-06-29T00:14:36.053139,moyenne
BJ-F0D23C7A,Mécanique Bénin,Industrie & Manufacture,Bétérou,+229 43 68 89 53,mécanique.bénin@mécanique.bénin.bj,,PME (10-50),B2B,LinkedIn,,Actif,2026-06-29T00:14:36.053151,moyenne
BJ-0BD34CE6,Métal,Industrie & Manufacture,Ouessè,+229 94 73 30 64,,métal.bj,PME (10-50),B2B,LinkedIn,,Actif,2026-06-29T00:14:36.053168,moyenne
BJ-257F2F2B,Fabrication Bénin Ouessè,Industrie & Manufacture,Ouessè,+229 58 86 34 76,fabrication.bénin.ouessè@fabrication.bénin.ouessè.org,fabricationbéninouessè.bj,PME (50-200),B2B,LinkedIn,,Actif,2026-06-29T00:14:36.053180,haute
BJ-8D162DC5,Électronique,Industrie & Manufacture,Ouessè,+229 28 32 46 88,électronique@électronique.benin,,PME (10-50),B2B,LinkedIn,,Actif,2026-06-29T00:14:36.053191,moyenne
BJ-73B001D2,Atelier Alimentaire Africa,Industrie & Manufacture,Ouessè,+229 84 53 17 29,,atelieralimentaireafrica.bj,PME (10-50),B2B,LinkedIn,,Actif,2026-06-29T00:14:36.053202,moyenne
BJ-D97BFC97,Fabrique Production Ouessè,Industrie & Manufacture,Ouessè,+229 26 46 53 66,,fabriqueproductionouessè.bj,PME (10-50),B2B,LinkedIn,,Actif,2026-06-29T00:14:36.053213,moyenne
BJ-31BE8A16,Automobile,Industrie & Manufacture,Glazoué,+229 49 84 37 13,,,Grande (>200),B2B,LinkedIn,,Actif,2026-06-29T00:14:36.053228,basse
BJ-E0C2AF56,Industrie Métal Manufacture,Industrie & Manufacture,Glazoué,+229 40 81 79 28,,,PME (50-200),B2B,LinkedIn,,Actif,2026-06-29T00:14:36.053238,basse
BJ-52DCC485,Fabrication Bénin Glazoué,Industrie & Manufacture,Glazoué,+229 20 22 65 59,fabrication.bénin.glazoué@fabrication.bénin.glazoué.benin,fabricationbéninglazoué.bj,PME (10-50),B2B,LinkedIn,,Actif,2026-06-29T00:14:36.053266,haute
BJ-35630BB6,Fabrique Mécanique,Industrie & Manufacture,Glazoué,+229 81 17 19 68,fabrique.mécanique@fabrique.mécanique.com,fabriquemécanique.bj,PME (50-200),B2B,LinkedIn,,Actif,2026-06-29T00:14:36.053286,haute
BJ-BA4C769E,Industrie Plastique SA,Industrie & Manufacture,Dassa-Zoumè,+229 92 43 59 89,,industrieplastiquesa.bj,TPE (<10),B2B,LinkedIn,,Actif,2026-06-29T00:14:36.053303,moyenne
BJ-E3E3F798,Production Pharmaceutique,Industrie & Manufacture,Dassa-Zoumè,+229 54 21 12 60,production.pharmaceutique@production.pharmaceutique.net,,PME (10-50),B2B,LinkedIn,,Actif,2026-06-29T00:14:36.053315,moyenne
BJ-5008A078,Fabrique Textile Manufacture,Industrie & Manufacture,Dassa-Zoumè,+229 99 59 95 82,fabrique.textile.manufacture@fabrique.textile.manufacture.com,,PME (50-200),B2B,LinkedIn,,Actif,2026-06-29T00:14:36.053326,moyenne
BJ-C6E5D0B1,Atelier Électronique Factory,Industrie & Manufacture,Dassa-Zoumè,+229 31 92 36 36,atelier.électronique.factory@atelier.électronique.factory.net,,TPE (<10),B2B,LinkedIn,,Actif,2026-06-29T00:14:36.053338,moyenne
BJ-0F12C8BD,Production,Industrie & Manufacture,Dassa-Zoumè,+229 50 27 32 17,production@production.com,production.bj,PME (10-50),B2B,LinkedIn,,Actif,2026-06-29T00:14:36.053352,haute
BJ-04A18E4B,Textile Industry,Industrie & Manufacture,Savalou,+229 76 80 55 65,,textileindustry.bj,TPE (<10),B2B,LinkedIn,,Actif,2026-06-29T00:14:36.053368,moyenne
BJ-45FF3DCE,Pharmaceutique Bénin,Industrie & Manufacture,Savalou,+229 34 80 14 63,,,PME (10-50),B2B,LinkedIn,,Actif,2026-06-29T00:14:36.053379,basse
BJ-965053D7,Transformation,Industrie & Manufacture,Savalou,+229 75 27 71 28,,,TPE (<10),B2B,LinkedIn,,Actif,2026-06-29T00:14:36.053389,basse
BJ-06BF047E,Électronique Bantè,Industrie & Manufacture,Bantè,+229 85 86 21 95,électronique.bantè@électronique.bantè.net,,TPE (<10),B2B,LinkedIn,,Actif,2026-06-29T00:14:36.053430,moyenne
BJ-0C08808A,Atelier Alimentaire,Industrie & Manufacture,Bantè,+229 38 37 24 84,atelier.alimentaire@atelier.alimentaire.org,,TPE (<10),B2B,LinkedIn,,Actif,2026-06-29T00:14:36.053442,moyenne
BJ-C6F17053,Fabrique Production,Industrie & Manufacture,Bantè,+229 48 78 44 55,,fabriqueproduction.bj,PME (10-50),B2B,LinkedIn,,Actif,2026-06-29T00:14:36.053452,moyenne
BJ-3DC41096,Alimentaire Industry,Industrie & Manufacture,Bantè,+229 52 44 68 55,,,PME (50-200),B2B,LinkedIn,,Actif,2026-06-29T00:14:36.053462,basse
BJ-DEC37F15,Métal SA,Industrie & Manufacture,Bantè,+229 62 75 52 90,,,PME (50-200),B2B,LinkedIn,,Actif,2026-06-29T00:14:36.053472,basse
BJ-633B40DE,Fabrique Électronique,Industrie & Manufacture,Djougou,+229 26 59 87 26,fabrique.électronique@fabrique.électronique.net,,TPE (<10),B2B,LinkedIn,,Actif,2026-06-29T00:14:36.053489,moyenne
BJ-02083588,Bois Africa,Industrie & Manufacture,Djougou,+229 35 55 32 70,bois.africa@bois.africa.org,boisafrica.bj,PME (10-50),B2B,LinkedIn,,Actif,2026-06-29T00:14:36.053500,haute
BJ-561A0EA0,Plastique Groupe Djougou,Industrie & Manufacture,Djougou,+229 76 70 68 90,plastique.groupe.djougou@plastique.groupe.djougou.bj,,TPE (<10),B2B,LinkedIn,,Actif,2026-06-29T00:14:36.053511,moyenne
BJ-FA88A294,Atelier Mécanique,Industrie & Manufacture,Djougou,+229 77 40 53 30,atelier.mécanique@atelier.mécanique.bj,ateliermécanique.bj,PME (10-50),B2B,LinkedIn,,Actif,2026-06-29T00:14:36.053527,haute
BJ-9D6D2CC5,Chimie Factory,Industrie & Manufacture,Djougou,+229 37 74 49 63,,chimiefactory.bj,PME (10-50),B2B,LinkedIn,,Actif,2026-06-29T00:14:36.053538,moyenne
BJ-E648657F,Fabrique Pharmaceutique,Industrie & Manufacture,Ouèssè,+229 86 52 24 23,fabrique.pharmaceutique@fabrique.pharmaceutique.net,,TPE (<10),B2B,LinkedIn,,Actif,2026-06-29T00:14:36.053558,moyenne
BJ-6D3186EB,Bois,Industrie & Manufacture,Ouèssè,+229 31 97 37 73,,bois.bj,TPE (<10),B2B,LinkedIn,,Actif,2026-06-29T00:14:36.053572,moyenne
BJ-BCDC8A53,Électronique Groupe,Industrie & Manufacture,Ouèssè,+229 65 76 77 70,électronique.groupe@électronique.groupe.benin,électroniquegroupe.bj,PME (10-50),B2B,LinkedIn,,Actif,2026-06-29T00:14:36.053584,haute
BJ-37D46485,Pharmaceutique Manufacture Ouèssè,Industrie & Manufacture,Ouèssè,+229 92 30 17 10,,pharmaceutiquemanufactureouèssè.bj,TPE (<10),B2B,LinkedIn,,Actif,2026-06-29T00:14:36.053596,moyenne
BJ-5BC49540,Transformation Manufacture,Industrie & Manufacture,Ouèssè,+229 90 73 16 28,transformation.manufacture@transformation.manufacture.bj,,TPE (<10),B2B,LinkedIn,,Actif,2026-06-29T00:14:36.053607,moyenne
BJ-550C485A,Manufacture Bois,Industrie & Manufacture,Bassila,+229 26 25 81 43,,manufacturebois.bj,TPE (<10),B2B,LinkedIn,,Actif,2026-06-29T00:14:36.053623,moyenne
BJ-01674B8D,Manufacture Automobile,Industrie & Manufacture,Bassila,+229 24 64 29 19,manufacture.automobile@manufacture.automobile.bj,,Grande (>200),B2B,LinkedIn,,Actif,2026-06-29T00:14:36.053634,moyenne
BJ-21C69A5E,Production Production,Industrie & Manufacture,Bassila,+229 61 61 81 16,,productionproduction.bj,TPE (<10),B2B,LinkedIn,,Actif,2026-06-29T00:14:36.053644,moyenne
BJ-6C280F5F,Atelier Automobile Bassila,Industrie & Manufacture,Bassila,+229 31 76 50 10,,atelierautomobilebassila.bj,PME (10-50),B2B,LinkedIn,,Actif,2026-06-29T00:14:36.053662,moyenne
BJ-B5A00817,Manufacture Chimie Groupe Bassila,Industrie & Manufacture,Bassila,+229 34 26 66 56,manufacture.chimie.groupe.bassila@manufacture.chimie.groupe.bassila.com,manufacturechimiegroupebassila.bj,TPE (<10),B2B,LinkedIn,,Actif,2026-06-29T00:14:36.053675,haute
BJ-9B386E2E,Industrie Bois Factory,Industrie & Manufacture,Pehunco,+229 37 97 22 58,,,TPE (<10),B2B,LinkedIn,,Actif,2026-06-29T00:14:36.053690,basse
BJ-E43F1A06,Pharmaceutique Pehunco,Industrie & Manufacture,Pehunco,+229 99 27 13 86,pharmaceutique.pehunco@pharmaceutique.pehunco.com,pharmaceutiquepehunco.bj,TPE (<10),B2B,LinkedIn,,Actif,2026-06-29T00:14:36.053717,haute
BJ-026AC72D,Industrie Fabrication,Industrie & Manufacture,Pehunco,+229 30 61 37 13,industrie.fabrication@industrie.fabrication.com,industriefabrication.bj,PME (10-50),B2B,LinkedIn,,Actif,2026-06-29T00:14:36.053728,haute
BJ-5250AE4E,Fabrication,Industrie & Manufacture,Pehunco,+229 45 62 23 33,,fabrication.bj,TPE (<10),B2B,LinkedIn,,Actif,2026-06-29T00:14:36.053738,moyenne
BJ-0D6EB8F5,Textile Groupe,Industrie & Manufacture,Pehunco,+229 20 17 31 25,,textilegroupe.bj,PME (10-50),B2B,LinkedIn,,Actif,2026-06-29T00:14:36.053748,moyenne
BJ-7A0DE351,Atelier Mécanique Groupe,Industrie & Manufacture,Copargo,+229 61 18 62 30,atelier.mécanique.groupe@atelier.mécanique.groupe.net,ateliermécaniquegroupe.bj,PME (50-200),B2B,LinkedIn,,Actif,2026-06-29T00:14:36.053780,haute
BJ-6ED56B78,Usine Électronique,Industrie & Manufacture,Copargo,+229 85 25 65 35,usine.électronique@usine.électronique.net,,PME (10-50),B2B,LinkedIn,,Actif,2026-06-29T00:14:36.053795,moyenne
BJ-FB8618A8,Manufacture Plastique Manufacture,Industrie & Manufacture,Copargo,+229 96 88 66 44,manufacture.plastique.manufacture@manufacture.plastique.manufacture.org,manufactureplastiquemanufacture.bj,PME (10-50),B2B,LinkedIn,,Actif,2026-06-29T00:14:36.053809,haute
BJ-507B00D1,Industrie Transformation,Industrie & Manufacture,Copargo,+229 63 33 67 55,,industrietransformation.bj,PME (10-50),B2B,LinkedIn,,Actif,2026-06-29T00:14:36.053820,moyenne
BJ-C4CF8312,Fiscal,Services aux entreprises,Cotonou,+229 72 78 45 82,,fiscal.bj,TPE (<10),B2B,LinkedIn,,Actif,2026-06-29T00:14:36.053847,moyenne
BJ-5099E66D,Stratégie,Services aux entreprises,Cotonou,+229 66 55 58 32,stratégie@stratégie.com,,PME (50-200),B2B,LinkedIn,,Actif,2026-06-29T00:14:36.053859,moyenne
BJ-057D3512,Business,Services aux entreprises,Cotonou,+229 57 11 42 71,business@business.bj,business.bj,PME (10-50),B2B,LinkedIn,,Actif,2026-06-29T00:14:36.053870,haute
BJ-DCFEF5B0,Marketing Cotonou,Services aux entreprises,Cotonou,+229 64 19 18 56,marketing.cotonou@marketing.cotonou.com,,PME (10-50),B2B,LinkedIn,,Actif,2026-06-29T00:14:36.053881,moyenne
BJ-B5816320,Consulting Formation Bénin,Services aux entreprises,Abomey-Calavi,+229 78 53 50 34,consulting.formation.bénin@consulting.formation.bénin.com,,PME (10-50),B2B,LinkedIn,,Actif,2026-06-29T00:14:36.053925,moyenne
BJ-C3DF9CEE,Expert,Services aux entreprises,Abomey-Calavi,+229 38 37 12 60,,expert.bj,Grande (>200),B2B,LinkedIn,,Actif,2026-06-29T00:14:36.053937,moyenne
BJ-3D1BE3A5,Agence Business International,Services aux entreprises,Abomey-Calavi,+229 55 49 33 85,agence.business.international@agence.business.international.benin,,PME (50-200),B2B,LinkedIn,,Actif,2026-06-29T00:14:36.053948,moyenne
BJ-314AF747,Consulting Formation Cabinet,Services aux entreprises,Abomey-Calavi,+229 66 51 31 98,,,PME (50-200),B2B,LinkedIn,,Actif,2026-06-29T00:14:36.053961,basse
BJ-45581A13,Expert Comptable Consulting Abomey-Calavi,Services aux entreprises,Abomey-Calavi,+229 38 77 28 83,expert.comptable.consulting.abomeycalavi@expert.comptable.consulting.abomeycalavi.org,expertcomptableconsultingabomeycalavi.bj,PME (50-200),B2B,LinkedIn,,Actif,2026-06-29T00:14:36.053990,haute
BJ-C22B069A,RH Bureau,Services aux entreprises,Porto-Novo,+229 46 96 51 17,rh.bureau@rh.bureau.bj,rhbureau.bj,TPE (<10),B2B,LinkedIn,,Actif,2026-06-29T00:14:36.054018,haute
BJ-B6CB1DB1,Consulting Porto-Novo,Services aux entreprises,Porto-Novo,+229 53 74 89 43,consulting.portonovo@consulting.portonovo.com,consultingportonovo.bj,TPE (<10),B2B,LinkedIn,,Actif,2026-06-29T00:14:36.054033,haute
BJ-18CE4DFF,Communication Advisory,Services aux entreprises,Porto-Novo,+229 73 48 28 23,communication.advisory@communication.advisory.com,communicationadvisory.bj,PME (50-200),B2B,LinkedIn,,Actif,2026-06-29T00:14:36.054044,haute
BJ-FA4FF0AA,Marketing,Services aux entreprises,Parakou,+229 46 44 99 60,marketing@marketing.net,marketing.bj,PME (10-50),B2B,LinkedIn,,Actif,2026-06-29T00:14:36.054072,haute
BJ-A7FB62B8,Stratégie Advisory,Services aux entreprises,Parakou,+229 28 57 59 75,stratégie.advisory@stratégie.advisory.net,stratégieadvisory.bj,PME (50-200),B2B,LinkedIn,,Actif,2026-06-29T00:14:36.054087,haute
BJ-87F48683,Juridique,Services aux entreprises,Parakou,+229 78 41 10 78,,,PME (50-200),B2B,LinkedIn,,Actif,2026-06-29T00:14:36.054097,basse
BJ-42FBB0C4,Consulting Stratégie Cabinet,Services aux entreprises,Parakou,+229 85 44 58 49,consulting.stratégie.cabinet@consulting.stratégie.cabinet.bj,,TPE (<10),B2B,LinkedIn,,Actif,2026-06-29T00:14:36.054123,moyenne
BJ-FC1B008E,Bureau Management,Services aux entreprises,Bohicon,+229 33 85 22 68,,bureaumanagement.bj,PME (10-50),B2B,LinkedIn,,Actif,2026-06-29T00:14:36.054139,moyenne
BJ-3CE421DD,Bureau Expert Africa,Services aux entreprises,Bohicon,+229 56 92 90 33,bureau.expert.africa@bureau.expert.africa.bj,bureauexpertafrica.bj,Grande (>200),B2B,LinkedIn,,Actif,2026-06-29T00:14:36.054150,haute
BJ-8B0A2443,Cabinet Communication Bureau,Services aux entreprises,Bohicon,+229 47 66 18 32,cabinet.communication.bureau@cabinet.communication.bureau.org,cabinetcommunicationbureau.bj,TPE (<10),B2B,LinkedIn,,Actif,2026-06-29T00:14:36.054161,haute
BJ-C829ABD2,Conseil Africa,Services aux entreprises,Bohicon,+229 44 55 73 34,conseil.africa@conseil.africa.net,,PME (50-200),B2B,LinkedIn,,Actif,2026-06-29T00:14:36.054171,moyenne
BJ-5466279A,Bureau Business Cabinet Bohicon,Services aux entreprises,Bohicon,+229 34 49 56 33,,,PME (10-50),B2B,LinkedIn,,Actif,2026-06-29T00:14:36.054181,basse
BJ-FF45BC01,Conseil Africa,Services aux entreprises,Natitingou,+229 34 95 31 53,conseil.africa@conseil.africa.benin,conseilafrica.bj,PME (10-50),B2B,LinkedIn,,Actif,2026-06-29T00:14:36.054198,haute
BJ-3C6E022B,Expert Consulting Natitingou,Services aux entreprises,Natitingou,+229 89 22 16 77,,expertconsultingnatitingou.bj,PME (50-200),B2B,LinkedIn,,Actif,2026-06-29T00:14:36.054209,moyenne
BJ-6AD79FA4,Expert,Services aux entreprises,Natitingou,+229 56 19 60 33,expert@expert.org,expert.bj,PME (10-50),B2B,LinkedIn,,Actif,2026-06-29T00:14:36.054223,haute
BJ-D9AB8962,Consulting Lokossa,Services aux entreprises,Lokossa,+229 60 55 97 47,consulting.lokossa@consulting.lokossa.org,consultinglokossa.bj,TPE (<10),B2B,LinkedIn,,Actif,2026-06-29T00:14:36.054269,haute
BJ-BDB03203,Expert Communication,Services aux entreprises,Lokossa,+229 63 83 26 49,expert.communication@expert.communication.org,expertcommunication.bj,PME (50-200),B2B,LinkedIn,,Actif,2026-06-29T00:14:36.054281,haute
BJ-6EFE2DA9,Agence Communication,Services aux entreprises,Lokossa,+229 58 79 77 76,agence.communication@agence.communication.net,agencecommunication.bj,PME (10-50),B2B,LinkedIn,,Actif,2026-06-29T00:14:36.054292,haute
BJ-83005144,Expert,Services aux entreprises,Lokossa,+229 28 91 32 41,expert@expert.benin,expert.bj,Grande (>200),B2B,LinkedIn,,Actif,2026-06-29T00:14:36.054303,haute
BJ-EAC2BADC,Business Ouidah,Services aux entreprises,Ouidah,+229 22 42 83 29,business.ouidah@business.ouidah.org,businessouidah.bj,TPE (<10),B2B,LinkedIn,,Actif,2026-06-29T00:14:36.054330,haute
BJ-80A72102,Marketing Africa,Services aux entreprises,Ouidah,+229 72 71 42 14,marketing.africa@marketing.africa.net,,PME (10-50),B2B,LinkedIn,,Actif,2026-06-29T00:14:36.054341,moyenne
BJ-4451289B,Stratégie,Services aux entreprises,Ouidah,+229 46 75 23 80,stratégie@stratégie.org,stratégie.bj,TPE (<10),B2B,LinkedIn,,Actif,2026-06-29T00:14:36.054352,haute
BJ-5BC70389,Conseil RH Cabinet,Services aux entreprises,Ouidah,+229 91 52 40 21,conseil.rh.cabinet@conseil.rh.cabinet.org,,PME (50-200),B2B,LinkedIn,,Actif,2026-06-29T00:14:36.054367,moyenne
BJ-81AEB739,Conseil Consulting Advisory,Services aux entreprises,Ouidah,+229 95 93 23 15,conseil.consulting.advisory@conseil.consulting.advisory.bj,conseilconsultingadvisory.bj,TPE (<10),B2B,LinkedIn,,Actif,2026-06-29T00:14:36.054379,haute
BJ-8A119DEC,Consulting Management,Services aux entreprises,Savalou,+229 21 59 43 31,consulting.management@consulting.management.org,consultingmanagement.bj,TPE (<10),B2B,LinkedIn,,Actif,2026-06-29T00:14:36.054395,haute
BJ-18BBE3B1,Bureau Conseil,Services aux entreprises,Savalou,+229 44 79 37 15,bureau.conseil@bureau.conseil.org,bureauconseil.bj,TPE (<10),B2B,LinkedIn,,Actif,2026-06-29T00:14:36.054410,haute
BJ-3502EA48,Business,Services aux entreprises,Savalou,+229 77 64 26 74,business@business.org,,PME (50-200),B2B,LinkedIn,,Actif,2026-06-29T00:14:36.054420,moyenne
BJ-BA69147B,Bureau Audit,Services aux entreprises,Savalou,+229 82 15 21 23,bureau.audit@bureau.audit.benin,bureauaudit.bj,TPE (<10),B2B,LinkedIn,,Actif,2026-06-29T00:14:36.054431,haute
BJ-C6881CF0,Consulting Partners,Services aux entreprises,Savalou,+229 62 46 35 83,consulting.partners@consulting.partners.bj,,PME (10-50),B2B,LinkedIn,,Actif,2026-06-29T00:14:36.054444,moyenne
BJ-94DC6B5A,Business,Services aux entreprises,Dassa-Zoumè,+229 30 42 65 90,business@business.org,business.bj,TPE (<10),B2B,LinkedIn,,Actif,2026-06-29T00:14:36.054461,haute
BJ-92F824BE,Juridique Partners Dassa-Zoumè,Services aux entreprises,Dassa-Zoumè,+229 27 98 90 89,juridique.partners.dassazoumè@juridique.partners.dassazoumè.benin,,PME (50-200),B2B,LinkedIn,,Actif,2026-06-29T00:14:36.054473,moyenne
BJ-3D582A07,Cabinet Consulting Dassa-Zoumè,Services aux entreprises,Dassa-Zoumè,+229 64 86 26 62,cabinet.consulting.dassazoumè@cabinet.consulting.dassazoumè.bj,,TPE (<10),B2B,LinkedIn,,Actif,2026-06-29T00:14:36.054485,moyenne
BJ-0BB34DCF,Communication Advisory,Services aux entreprises,Dassa-Zoumè,+229 80 15 83 70,communication.advisory@communication.advisory.net,,TPE (<10),B2B,LinkedIn,,Actif,2026-06-29T00:14:36.054498,moyenne
BJ-0FC25C2C,Marketing Consulting,Services aux entreprises,Kétou,+229 82 97 49 85,marketing.consulting@marketing.consulting.benin,,PME (10-50),B2B,LinkedIn,,Actif,2026-06-29T00:14:36.054526,moyenne
BJ-3BD61A57,Cabinet Marketing,Services aux entreprises,Kétou,+229 61 82 66 31,cabinet.marketing@cabinet.marketing.benin,,PME (10-50),B2B,LinkedIn,,Actif,2026-06-29T00:14:36.054537,moyenne
BJ-4CC2F2C8,Audit Stratégie Bureau,Services aux entreprises,Kétou,+229 96 16 10 87,,,PME (50-200),B2B,LinkedIn,,Actif,2026-06-29T00:14:36.054547,basse
BJ-B2F2D8AE,Bureau Stratégie,Services aux entreprises,Kétou,+229 99 49 85 74,,bureaustratégie.bj,TPE (<10),B2B,LinkedIn,,Actif,2026-06-29T00:14:36.054558,moyenne
BJ-2141F042,Fiscal,Services aux entreprises,Kétou,+229 98 64 70 34,fiscal@fiscal.benin,fiscal.bj,PME (50-200),B2B,LinkedIn,,Actif,2026-06-29T00:14:36.054570,haute
BJ-60E19A9F,Expert Juridique International,Services aux entreprises,Covè,+229 76 59 50 80,expert.juridique.international@expert.juridique.international.org,expertjuridiqueinternational.bj,PME (10-50),B2B,LinkedIn,,Actif,2026-06-29T00:14:36.054586,haute
BJ-50A848F7,Bureau Audit,Services aux entreprises,Covè,+229 82 93 87 30,bureau.audit@bureau.audit.bj,bureauaudit.bj,TPE (<10),B2B,LinkedIn,,Actif,2026-06-29T00:14:36.054601,haute
BJ-D51C09DE,Expert Stratégie Partners,Services aux entreprises,Covè,+229 57 54 87 99,expert.stratégie.partners@expert.stratégie.partners.benin,expertstratégiepartners.bj,TPE (<10),B2B,LinkedIn,,Actif,2026-06-29T00:14:36.054614,haute
BJ-8C342D77,Marketing Partners Covè,Services aux entreprises,Covè,+229 24 87 50 74,marketing.partners.covè@marketing.partners.covè.org,marketingpartnerscovè.bj,PME (10-50),B2B,LinkedIn,,Actif,2026-06-29T00:14:36.054640,haute
BJ-E42F5635,Management Pobè,Services aux entreprises,Pobè,+229 59 92 37 78,management.pobè@management.pobè.bj,managementpobè.bj,TPE (<10),B2B,LinkedIn,,Actif,2026-06-29T00:14:36.054658,haute
BJ-75CAEB3B,Cabinet Juridique,Services aux entreprises,Pobè,+229 97 22 41 22,cabinet.juridique@cabinet.juridique.com,cabinetjuridique.bj,TPE (<10),B2B,LinkedIn,,Actif,2026-06-29T00:14:36.054669,haute
BJ-6AFEA083,Conseil Conseil,Services aux entreprises,Pobè,+229 22 70 57 67,conseil.conseil@conseil.conseil.benin,conseilconseil.bj,PME (50-200),B2B,LinkedIn,,Actif,2026-06-29T00:14:36.054681,haute
BJ-054DDAE3,Business,Services aux entreprises,Pobè,+229 51 32 38 16,business@business.net,business.bj,PME (10-50),B2B,LinkedIn,,Actif,2026-06-29T00:14:36.054693,haute
BJ-ED6B4FE7,Expert Formation,Services aux entreprises,Pobè,+229 82 10 33 94,expert.formation@expert.formation.com,expertformation.bj,PME (10-50),B2B,LinkedIn,,Actif,2026-06-29T00:14:36.054703,haute
BJ-BBBBE312,Expert Cabinet,Services aux entreprises,Sakété,+229 27 90 59 58,expert.cabinet@expert.cabinet.net,,PME (10-50),B2B,LinkedIn,,Actif,2026-06-29T00:14:36.054719,moyenne
BJ-E4F01AA9,Business Advisory,Services aux entreprises,Sakété,+229 37 82 25 20,business.advisory@business.advisory.bj,,TPE (<10),B2B,LinkedIn,,Actif,2026-06-29T00:14:36.054731,moyenne
BJ-172B8C6D,Bureau Business,Services aux entreprises,Sakété,+229 75 39 91 99,bureau.business@bureau.business.benin,bureaubusiness.bj,TPE (<10),B2B,LinkedIn,,Actif,2026-06-29T00:14:36.054741,haute
BJ-4899DA20,Juridique Sakété,Services aux entreprises,Sakété,+229 83 89 32 57,,,PME (10-50),B2B,LinkedIn,,Actif,2026-06-29T00:14:36.054754,basse
BJ-43EED17C,Cabinet Consulting Advisory,Services aux entreprises,Sakété,+229 71 22 57 27,cabinet.consulting.advisory@cabinet.consulting.advisory.bj,cabinetconsultingadvisory.bj,TPE (<10),B2B,LinkedIn,,Actif,2026-06-29T00:14:36.054766,haute
BJ-513EBDAB,Conseil Communication Cabinet Adjara,Services aux entreprises,Adjara,+229 32 83 21 30,conseil.communication.cabinet.adjara@conseil.communication.cabinet.adjara.com,conseilcommunicationcabinetadjara.bj,PME (10-50),B2B,LinkedIn,,Actif,2026-06-29T00:14:36.054786,haute
BJ-01A0C66D,Cabinet Formation,Services aux entreprises,Adjara,+229 86 93 39 77,cabinet.formation@cabinet.formation.com,cabinetformation.bj,PME (50-200),B2B,LinkedIn,,Actif,2026-06-29T00:14:36.054801,haute
BJ-A8653C94,Conseil Adjara,Services aux entreprises,Adjara,+229 61 11 32 21,conseil.adjara@conseil.adjara.net,conseiladjara.bj,PME (10-50),B2B,LinkedIn,,Actif,2026-06-29T00:14:36.054812,haute
BJ-A36F2F29,Bureau RH,Services aux entreprises,Adjara,+229 77 86 14 77,bureau.rh@bureau.rh.benin,,Grande (>200),B2B,LinkedIn,,Actif,2026-06-29T00:14:36.054833,moyenne
BJ-3C1D810F,Comptable,Services aux entreprises,Allada,+229 86 54 77 73,comptable@comptable.org,comptable.bj,TPE (<10),B2B,LinkedIn,,Actif,2026-06-29T00:14:36.054849,haute
BJ-061FC094,Juridique Advisory,Services aux entreprises,Allada,+229 62 42 29 30,,juridiqueadvisory.bj,TPE (<10),B2B,LinkedIn,,Actif,2026-06-29T00:14:36.054859,moyenne
BJ-6C99D8F1,Business Africa,Services aux entreprises,Allada,+229 44 57 54 55,,businessafrica.bj,PME (10-50),B2B,LinkedIn,,Actif,2026-06-29T00:14:36.054870,moyenne
BJ-FDFB22FC,Conseil Conseil,Services aux entreprises,Allada,+229 36 35 93 28,conseil.conseil@conseil.conseil.bj,conseilconseil.bj,TPE (<10),B2B,LinkedIn,,Actif,2026-06-29T00:14:36.054884,haute
BJ-D3A79688,Stratégie Bureau,Services aux entreprises,Aplahoué,+229 74 17 29 65,stratégie.bureau@stratégie.bureau.com,stratégiebureau.bj,Grande (>200),B2B,LinkedIn,,Actif,2026-06-29T00:14:36.054955,haute
BJ-3C16E038,Consulting,Services aux entreprises,Aplahoué,+229 50 95 58 48,consulting@consulting.net,consulting.bj,PME (10-50),B2B,LinkedIn,,Actif,2026-06-29T00:14:36.054967,haute
BJ-28389099,Expert Cabinet,Services aux entreprises,Aplahoué,+229 39 82 86 91,expert.cabinet@expert.cabinet.org,,TPE (<10),B2B,LinkedIn,,Actif,2026-06-29T00:14:36.054994,moyenne
BJ-D52E0A46,Communication Advisory,Services aux entreprises,Aplahoué,+229 71 91 75 72,communication.advisory@communication.advisory.com,communicationadvisory.bj,TPE (<10),B2B,LinkedIn,,Actif,2026-06-29T00:14:36.055006,haute
BJ-F0A87776,Conseil Advisory,Services aux entreprises,Aplahoué,+229 72 60 33 80,conseil.advisory@conseil.advisory.org,conseiladvisory.bj,PME (10-50),B2B,LinkedIn,,Actif,2026-06-29T00:14:36.055030,haute
BJ-CBF3A39D,Audit Formation,Services aux entreprises,Dogbo-Tota,+229 77 38 21 68,,auditformation.bj,PME (10-50),B2B,LinkedIn,,Actif,2026-06-29T00:14:36.055050,moyenne
BJ-85598985,Bureau Business Dogbo-Tota,Services aux entreprises,Dogbo-Tota,+229 41 32 73 41,bureau.business.dogbotota@bureau.business.dogbotota.benin,bureaubusinessdogbotota.bj,TPE (<10),B2B,LinkedIn,,Actif,2026-06-29T00:14:36.055062,haute
BJ-803376E2,Management,Services aux entreprises,Dogbo-Tota,+229 83 48 19 75,management@management.com,management.bj,Grande (>200),B2B,LinkedIn,,Actif,2026-06-29T00:14:36.055073,haute
BJ-AB1013A3,Expert,Services aux entreprises,Dogbo-Tota,+229 30 95 82 23,expert@expert.org,expert.bj,PME (50-200),B2B,LinkedIn,,Actif,2026-06-29T00:14:36.055088,haute
BJ-CA88B229,RH International Dogbo-Tota,Services aux entreprises,Dogbo-Tota,+229 28 62 69 89,rh.international.dogbotota@rh.international.dogbotota.net,,TPE (<10),B2B,LinkedIn,,Actif,2026-06-29T00:14:36.055101,moyenne
BJ-739FF1FB,Audit Africa,Services aux entreprises,Kpomassè,+229 65 18 42 27,audit.africa@audit.africa.bj,,PME (50-200),B2B,LinkedIn,,Actif,2026-06-29T00:14:36.055117,moyenne
BJ-5A25A256,Audit Conseil,Services aux entreprises,Kpomassè,+229 79 67 97 55,audit.conseil@audit.conseil.net,auditconseil.bj,PME (50-200),B2B,LinkedIn,,Actif,2026-06-29T00:14:36.055129,haute
BJ-65A3F07C,Consulting Audit Bureau,Services aux entreprises,Kpomassè,+229 95 47 50 56,consulting.audit.bureau@consulting.audit.bureau.com,,PME (10-50),B2B,LinkedIn,,Actif,2026-06-29T00:14:36.055139,moyenne
BJ-79062E9F,Audit,Services aux entreprises,Kpomassè,+229 23 68 71 38,,audit.bj,TPE (<10),B2B,LinkedIn,,Actif,2026-06-29T00:14:36.055150,moyenne
BJ-F1989F99,Consulting Advisory,Services aux entreprises,Kpomassè,+229 89 89 68 59,consulting.advisory@consulting.advisory.bj,consultingadvisory.bj,PME (50-200),B2B,LinkedIn,,Actif,2026-06-29T00:14:36.055161,haute
BJ-00FF1675,RH,Services aux entreprises,Tori-Bossito,+229 46 76 55 69,rh@rh.org,rh.bj,TPE (<10),B2B,LinkedIn,,Actif,2026-06-29T00:14:36.055177,haute
BJ-DDA19DBD,Conseil Formation Consulting,Services aux entreprises,Tori-Bossito,+229 87 62 83 89,conseil.formation.consulting@conseil.formation.consulting.benin,,TPE (<10),B2B,LinkedIn,,Actif,2026-06-29T00:14:36.055188,moyenne
BJ-563A7253,Communication Africa,Services aux entreprises,Tori-Bossito,+229 93 40 59 73,,communicationafrica.bj,PME (50-200),B2B,LinkedIn,,Actif,2026-06-29T00:14:36.055202,moyenne
BJ-7470080E,Expert,Services aux entreprises,Tori-Bossito,+229 42 81 82 68,expert@expert.net,,PME (10-50),B2B,LinkedIn,,Actif,2026-06-29T00:14:36.055219,moyenne
BJ-CCEA326A,Business,Services aux entreprises,Tori-Bossito,+229 92 71 15 14,business@business.org,business.bj,TPE (<10),B2B,LinkedIn,,Actif,2026-06-29T00:14:36.055233,haute
BJ-B4B99C75,Conseil Audit,Services aux entreprises,Grand-Popo,+229 57 12 90 56,conseil.audit@conseil.audit.org,conseilaudit.bj,PME (10-50),B2B,LinkedIn,,Actif,2026-06-29T00:14:36.055250,haute
BJ-08535F2E,Expert Partners,Services aux entreprises,Grand-Popo,+229 48 42 27 85,expert.partners@expert.partners.bj,expertpartners.bj,PME (50-200),B2B,LinkedIn,,Actif,2026-06-29T00:14:36.055262,haute
BJ-5691DA05,Consulting Business,Services aux entreprises,Grand-Popo,+229 75 12 74 18,consulting.business@consulting.business.net,,PME (50-200),B2B,LinkedIn,,Actif,2026-06-29T00:14:36.055272,moyenne
BJ-B1B12A94,Cabinet Fiscal Bénin,Services aux entreprises,Grand-Popo,+229 64 78 12 46,,cabinetfiscalbénin.bj,TPE (<10),B2B,LinkedIn,,Actif,2026-06-29T00:14:36.055284,moyenne
BJ-E7ED9B5C,Expert Formation Africa Grand-Popo,Services aux entreprises,Grand-Popo,+229 31 47 14 90,expert.formation.africa.grandpopo@expert.formation.africa.grandpopo.org,expertformationafricagrandpopo.bj,Grande (>200),B2B,LinkedIn,,Actif,2026-06-29T00:14:36.055296,haute
BJ-FAB37B70,Juridique,Services aux entreprises,Athiémé,+229 20 96 89 63,juridique@juridique.org,juridique.bj,Grande (>200),B2B,LinkedIn,,Actif,2026-06-29T00:14:36.055312,haute
BJ-19976B67,Fiscal,Services aux entreprises,Athiémé,+229 65 18 92 85,fiscal@fiscal.net,,Grande (>200),B2B,LinkedIn,,Actif,2026-06-29T00:14:36.055323,moyenne
BJ-C7655553,Agence Expert,Services aux entreprises,Athiémé,+229 69 37 75 23,agence.expert@agence.expert.bj,agenceexpert.bj,TPE (<10),B2B,LinkedIn,,Actif,2026-06-29T00:14:36.055335,haute
BJ-180E85D2,Comptable Cabinet,Services aux entreprises,Athiémé,+229 89 90 58 68,comptable.cabinet@comptable.cabinet.benin,comptablecabinet.bj,PME (50-200),B2B,LinkedIn,,Actif,2026-06-29T00:14:36.055349,haute
BJ-DCA1BCED,Marketing,Services aux entreprises,Athiémé,+229 36 16 92 65,marketing@marketing.benin,,PME (10-50),B2B,LinkedIn,,Actif,2026-06-29T00:14:36.055360,moyenne
BJ-AB9B6FEC,Agence Business,Services aux entreprises,Bopa,+229 79 25 15 49,agence.business@agence.business.benin,agencebusiness.bj,PME (10-50),B2B,LinkedIn,,Actif,2026-06-29T00:14:36.055377,haute
BJ-F41A0B4A,Comptable Bureau,Services aux entreprises,Bopa,+229 52 17 16 14,comptable.bureau@comptable.bureau.net,comptablebureau.bj,PME (10-50),B2B,LinkedIn,,Actif,2026-06-29T00:14:36.055388,haute
BJ-ACC7FA3E,Cabinet Expert Africa,Services aux entreprises,Bopa,+229 36 93 96 68,cabinet.expert.africa@cabinet.expert.africa.bj,cabinetexpertafrica.bj,PME (10-50),B2B,LinkedIn,,Actif,2026-06-29T00:14:36.055399,haute
BJ-9FC5B48C,Stratégie Consulting Bopa,Services aux entreprises,Bopa,+229 99 35 67 60,stratégie.consulting.bopa@stratégie.consulting.bopa.com,stratégieconsultingbopa.bj,PME (50-200),B2B,LinkedIn,,Actif,2026-06-29T00:14:36.055411,haute
BJ-5F1CA7B7,Expert RH Consulting,Services aux entreprises,Bopa,+229 51 67 10 56,expert.rh.consulting@expert.rh.consulting.net,expertrhconsulting.bj,Grande (>200),B2B,LinkedIn,,Actif,2026-06-29T00:14:36.055425,haute
BJ-1850ECB3,Audit Conseil Houéyogbé,Services aux entreprises,Houéyogbé,+229 74 99 47 49,audit.conseil.houéyogbé@audit.conseil.houéyogbé.benin,auditconseilhouéyogbé.bj,PME (50-200),B2B,LinkedIn,,Actif,2026-06-29T00:14:36.055443,haute
BJ-EE3D2B34,Stratégie Bénin,Services aux entreprises,Houéyogbé,+229 56 83 28 17,stratégie.bénin@stratégie.bénin.benin,stratégiebénin.bj,PME (10-50),B2B,LinkedIn,,Actif,2026-06-29T00:14:36.055456,haute
BJ-43ECFDFE,Consulting Bureau,Services aux entreprises,Houéyogbé,+229 60 66 19 30,consulting.bureau@consulting.bureau.com,,PME (10-50),B2B,LinkedIn,,Actif,2026-06-29T00:14:36.055467,moyenne
BJ-F3416EBD,Stratégie,Services aux entreprises,Houéyogbé,+229 36 48 15 38,stratégie@stratégie.benin,stratégie.bj,TPE (<10),B2B,LinkedIn,,Actif,2026-06-29T00:14:36.055481,haute
BJ-66961AB4,Expert,Services aux entreprises,Houéyogbé,+229 45 77 68 47,,expert.bj,TPE (<10),B2B,LinkedIn,,Actif,2026-06-29T00:14:36.055492,moyenne
BJ-A2062F27,Agence Audit Bénin,Services aux entreprises,Malanville,+229 45 53 77 14,agence.audit.bénin@agence.audit.bénin.org,agenceauditbénin.bj,TPE (<10),B2B,LinkedIn,,Actif,2026-06-29T00:14:36.055510,haute
BJ-4B51D415,Formation Consulting,Services aux entreprises,Malanville,+229 22 94 91 53,formation.consulting@formation.consulting.bj,formationconsulting.bj,TPE (<10),B2B,LinkedIn,,Actif,2026-06-29T00:14:36.055522,haute
BJ-28124648,Formation,Services aux entreprises,Malanville,+229 82 26 42 97,formation@formation.benin,formation.bj,PME (10-50),B2B,LinkedIn,,Actif,2026-06-29T00:14:36.055532,haute
BJ-18BC32A1,Agence Business,Services aux entreprises,Malanville,+229 81 20 72 44,agence.business@agence.business.benin,agencebusiness.bj,PME (50-200),B2B,LinkedIn,,Actif,2026-06-29T00:14:36.055543,haute
BJ-E00B5B4C,Marketing,Services aux entreprises,Malanville,+229 95 95 10 74,marketing@marketing.bj,marketing.bj,PME (50-200),B2B,LinkedIn,,Actif,2026-06-29T00:14:36.055557,haute
BJ-C4D54252,Conseil Africa,Services aux entreprises,Kandi,+229 45 92 54 56,conseil.africa@conseil.africa.benin,,TPE (<10),B2B,LinkedIn,,Actif,2026-06-29T00:14:36.055575,moyenne
BJ-D55ECB1B,Expert Conseil,Services aux entreprises,Kandi,+229 21 91 71 26,expert.conseil@expert.conseil.com,,TPE (<10),B2B,LinkedIn,,Actif,2026-06-29T00:14:36.055586,moyenne
BJ-9FA9696C,Bureau Formation,Services aux entreprises,Kandi,+229 62 40 68 71,bureau.formation@bureau.formation.org,,PME (10-50),B2B,LinkedIn,,Actif,2026-06-29T00:14:36.055596,moyenne
BJ-7954DBC5,Marketing,Services aux entreprises,Kandi,+229 47 63 46 87,,marketing.bj,PME (50-200),B2B,LinkedIn,,Actif,2026-06-29T00:14:36.055612,moyenne
BJ-B15E9A7D,Communication Africa,Services aux entreprises,Kandi,+229 70 99 57 19,communication.africa@communication.africa.org,,PME (10-50),B2B,LinkedIn,,Actif,2026-06-29T00:14:36.055623,moyenne
BJ-13D303D4,RH,Services aux entreprises,Banikoara,+229 35 24 33 53,rh@rh.bj,rh.bj,Grande (>200),B2B,LinkedIn,,Actif,2026-06-29T00:14:36.055643,haute
BJ-FF02DCC7,Comptable International Banikoara,Services aux entreprises,Banikoara,+229 50 82 63 26,comptable.international.banikoara@comptable.international.banikoara.com,comptableinternationalbanikoara.bj,TPE (<10),B2B,LinkedIn,,Actif,2026-06-29T00:14:36.055655,haute
BJ-2D0A2B30,Cabinet Formation,Services aux entreprises,Banikoara,+229 73 41 44 47,,cabinetformation.bj,TPE (<10),B2B,LinkedIn,,Actif,2026-06-29T00:14:36.055666,moyenne
BJ-90297632,Stratégie,Services aux entreprises,Banikoara,+229 31 75 10 69,,stratégie.bj,PME (10-50),B2B,LinkedIn,,Actif,2026-06-29T00:14:36.055677,moyenne
BJ-FC102A3B,Expert Business Banikoara,Services aux entreprises,Banikoara,+229 31 33 37 69,,,PME (10-50),B2B,LinkedIn,,Actif,2026-06-29T00:14:36.055687,basse
BJ-4BF9A2F1,Communication Ségbana,Services aux entreprises,Ségbana,+229 22 95 11 34,communication.ségbana@communication.ségbana.net,,Grande (>200),B2B,LinkedIn,,Actif,2026-06-29T00:14:36.055705,moyenne
BJ-977CD837,Conseil RH Consulting,Services aux entreprises,Ségbana,+229 38 40 50 51,conseil.rh.consulting@conseil.rh.consulting.benin,,PME (10-50),B2B,LinkedIn,,Actif,2026-06-29T00:14:36.055716,moyenne
BJ-86D4AA37,Conseil Audit Cabinet Ségbana,Services aux entreprises,Ségbana,+229 20 47 96 11,conseil.audit.cabinet.ségbana@conseil.audit.cabinet.ségbana.net,conseilauditcabinetségbana.bj,TPE (<10),B2B,LinkedIn,,Actif,2026-06-29T00:14:36.055743,haute
BJ-482B6FDF,Audit Stratégie Africa,Services aux entreprises,Ségbana,+229 54 97 11 33,audit.stratégie.africa@audit.stratégie.africa.org,,TPE (<10),B2B,LinkedIn,,Actif,2026-06-29T00:14:36.055755,moyenne
BJ-6E10F2A8,Audit Communication,Services aux entreprises,Karimama,+229 35 95 58 49,audit.communication@audit.communication.benin,auditcommunication.bj,PME (50-200),B2B,LinkedIn,,Actif,2026-06-29T00:14:36.055772,haute
BJ-27880C6E,Audit Karimama,Services aux entreprises,Karimama,+229 91 59 62 74,audit.karimama@audit.karimama.bj,auditkarimama.bj,TPE (<10),B2B,LinkedIn,,Actif,2026-06-29T00:14:36.055784,haute
BJ-643A40FF,Conseil Karimama,Services aux entreprises,Karimama,+229 25 65 94 70,conseil.karimama@conseil.karimama.bj,conseilkarimama.bj,PME (10-50),B2B,LinkedIn,,Actif,2026-06-29T00:14:36.055795,haute
BJ-BC8F1C9C,Business Africa,Services aux entreprises,Karimama,+229 58 49 56 99,business.africa@business.africa.org,,TPE (<10),B2B,LinkedIn,,Actif,2026-06-29T00:14:36.055805,moyenne
BJ-C07F9129,Expert Consulting Partners,Services aux entreprises,Karimama,+229 47 15 26 95,expert.consulting.partners@expert.consulting.partners.net,expertconsultingpartners.bj,TPE (<10),B2B,LinkedIn,,Actif,2026-06-29T00:14:36.055820,haute
BJ-40965F87,Expert Comptable,Services aux entreprises,Gogounou,+229 81 77 86 49,expert.comptable@expert.comptable.benin,expertcomptable.bj,TPE (<10),B2B,LinkedIn,,Actif,2026-06-29T00:14:36.055837,haute
BJ-38F9ECB2,Expert Formation Bureau,Services aux entreprises,Gogounou,+229 38 54 12 41,expert.formation.bureau@expert.formation.bureau.net,expertformationbureau.bj,TPE (<10),B2B,LinkedIn,,Actif,2026-06-29T00:14:36.055848,haute
BJ-B057BF23,Business Africa,Services aux entreprises,Gogounou,+229 93 33 51 66,,businessafrica.bj,PME (50-200),B2B,LinkedIn,,Actif,2026-06-29T00:14:36.055872,moyenne
BJ-2627E111,Conseil Conseil,Services aux entreprises,Gogounou,+229 61 88 32 41,conseil.conseil@conseil.conseil.bj,,TPE (<10),B2B,LinkedIn,,Actif,2026-06-29T00:14:36.055883,moyenne
BJ-7D1D8BAE,Agence Comptable Africa,Services aux entreprises,Cobly,+229 55 83 47 76,agence.comptable.africa@agence.comptable.africa.net,,PME (10-50),B2B,LinkedIn,,Actif,2026-06-29T00:14:36.055931,moyenne
BJ-A724CB48,RH,Services aux entreprises,Cobly,+229 63 28 85 65,rh@rh.net,rh.bj,TPE (<10),B2B,LinkedIn,,Actif,2026-06-29T00:14:36.055959,haute
BJ-763B92D4,Conseil RH Bénin,Services aux entreprises,Cobly,+229 77 94 85 27,conseil.rh.bénin@conseil.rh.bénin.org,,PME (50-200),B2B,LinkedIn,,Actif,2026-06-29T00:14:36.055975,moyenne
BJ-8C9017D4,Fiscal,Services aux entreprises,Cobly,+229 62 11 87 96,fiscal@fiscal.bj,,PME (10-50),B2B,LinkedIn,,Actif,2026-06-29T00:14:36.055986,moyenne
BJ-CBE30A7F,Expert Bureau,Services aux entreprises,Cobly,+229 44 87 55 37,expert.bureau@expert.bureau.org,expertbureau.bj,PME (10-50),B2B,LinkedIn,,Actif,2026-06-29T00:14:36.055996,haute
BJ-92316F29,Marketing Bureau,Services aux entreprises,Tanguiéta,+229 25 35 26 28,marketing.bureau@marketing.bureau.org,marketingbureau.bj,PME (10-50),B2B,LinkedIn,,Actif,2026-06-29T00:14:36.056017,haute
BJ-A28807A9,Communication Bureau,Services aux entreprises,Tanguiéta,+229 60 79 40 38,communication.bureau@communication.bureau.net,,PME (50-200),B2B,LinkedIn,,Actif,2026-06-29T00:14:36.056029,moyenne
BJ-40CF0D54,Agence Management,Services aux entreprises,Tanguiéta,+229 67 49 78 18,agence.management@agence.management.bj,agencemanagement.bj,PME (10-50),B2B,LinkedIn,,Actif,2026-06-29T00:14:36.056040,haute
BJ-055B861D,Audit Communication Bureau,Services aux entreprises,Tanguiéta,+229 92 41 26 48,,,TPE (<10),B2B,LinkedIn,,Actif,2026-06-29T00:14:36.056055,basse
BJ-B80C31F2,Expert Management,Services aux entreprises,Tanguiéta,+229 95 29 61 98,expert.management@expert.management.com,expertmanagement.bj,PME (50-200),B2B,LinkedIn,,Actif,2026-06-29T00:14:36.056066,haute
BJ-3065CB2A,Management,Services aux entreprises,Matéri,+229 27 36 15 35,management@management.org,management.bj,PME (50-200),B2B,LinkedIn,,Actif,2026-06-29T00:14:36.056082,haute
BJ-5BFDDC43,Agence Audit Consulting,Services aux entreprises,Matéri,+229 99 50 84 47,agence.audit.consulting@agence.audit.consulting.benin,agenceauditconsulting.bj,TPE (<10),B2B,LinkedIn,,Actif,2026-06-29T00:14:36.056094,haute
BJ-889D26F6,Bureau Marketing Cabinet,Services aux entreprises,Matéri,+229 93 72 55 46,bureau.marketing.cabinet@bureau.marketing.cabinet.benin,bureaumarketingcabinet.bj,PME (10-50),B2B,LinkedIn,,Actif,2026-06-29T00:14:36.056106,haute
BJ-74828D31,Expert Fiscal Bénin Matéri,Services aux entreprises,Matéri,+229 36 77 37 65,expert.fiscal.bénin.matéri@expert.fiscal.bénin.matéri.bj,,TPE (<10),B2B,LinkedIn,,Actif,2026-06-29T00:14:36.056121,moyenne
BJ-A60E032D,Cabinet Formation International,Services aux entreprises,Matéri,+229 21 37 73 22,cabinet.formation.international@cabinet.formation.international.org,cabinetformationinternational.bj,PME (10-50),B2B,LinkedIn,,Actif,2026-06-29T00:14:36.056132,haute
BJ-930741D5,Agence Stratégie Africa,Services aux entreprises,Natitingou,+229 87 85 74 91,agence.stratégie.africa@agence.stratégie.africa.org,agencestratégieafrica.bj,TPE (<10),B2B,LinkedIn,,Actif,2026-06-29T00:14:36.056165,haute
BJ-2B1C4C81,Formation,Services aux entreprises,Natitingou,+229 57 25 84 45,formation@formation.bj,,TPE (<10),B2B,LinkedIn,,Actif,2026-06-29T00:14:36.056176,moyenne
BJ-49929B59,Marketing Africa Natitingou,Services aux entreprises,Natitingou,+229 32 96 94 27,,marketingafricanatitingou.bj,PME (10-50),B2B,LinkedIn,,Actif,2026-06-29T00:14:36.056188,moyenne
BJ-952091F7,Consulting Conseil Bénin,Services aux entreprises,Natitingou,+229 34 93 53 71,consulting.conseil.bénin@consulting.conseil.bénin.org,consultingconseilbénin.bj,TPE (<10),B2B,LinkedIn,,Actif,2026-06-29T00:14:36.056203,haute
BJ-E5FC943C,Expert Juridique Toucountouna,Services aux entreprises,Toucountouna,+229 28 39 30 50,expert.juridique.toucountouna@expert.juridique.toucountouna.net,expertjuridiquetoucountouna.bj,PME (10-50),B2B,LinkedIn,,Actif,2026-06-29T00:14:36.056233,haute
BJ-6106227A,Audit Business Advisory,Services aux entreprises,Toucountouna,+229 22 14 48 11,audit.business.advisory@audit.business.advisory.net,,TPE (<10),B2B,LinkedIn,,Actif,2026-06-29T00:14:36.056244,moyenne
BJ-331B3629,Conseil RH Partners,Services aux entreprises,Toucountouna,+229 30 95 12 85,,conseilrhpartners.bj,TPE (<10),B2B,LinkedIn,,Actif,2026-06-29T00:14:36.056254,moyenne
BJ-962EA132,Consulting Communication,Services aux entreprises,Toucountouna,+229 73 83 33 89,consulting.communication@consulting.communication.com,consultingcommunication.bj,Grande (>200),B2B,LinkedIn,,Actif,2026-06-29T00:14:36.056265,haute
BJ-451749D3,Marketing Consulting Toucountouna,Services aux entreprises,Toucountouna,+229 99 85 97 70,marketing.consulting.toucountouna@marketing.consulting.toucountouna.org,marketingconsultingtoucountouna.bj,TPE (<10),B2B,LinkedIn,,Actif,2026-06-29T00:14:36.056276,haute
BJ-B0CA3FAE,Juridique Cabinet,Services aux entreprises,Boukoumbé,+229 65 98 44 48,juridique.cabinet@juridique.cabinet.benin,,TPE (<10),B2B,LinkedIn,,Actif,2026-06-29T00:14:36.056292,moyenne
BJ-B7E34166,Audit Expert,Services aux entreprises,Boukoumbé,+229 77 80 39 98,audit.expert@audit.expert.net,auditexpert.bj,PME (50-200),B2B,LinkedIn,,Actif,2026-06-29T00:14:36.056306,haute
BJ-37F4F5D3,Audit Communication Consulting,Services aux entreprises,Boukoumbé,+229 58 19 46 33,audit.communication.consulting@audit.communication.consulting.bj,auditcommunicationconsulting.bj,PME (50-200),B2B,LinkedIn,,Actif,2026-06-29T00:14:36.056320,haute
BJ-4A78F02B,Cabinet Juridique International,Services aux entreprises,Boukoumbé,+229 61 14 56 61,cabinet.juridique.international@cabinet.juridique.international.benin,cabinetjuridiqueinternational.bj,TPE (<10),B2B,LinkedIn,,Actif,2026-06-29T00:14:36.056335,haute
BJ-3021D72E,Consulting Business,Services aux entreprises,Boukoumbé,+229 61 52 81 84,,consultingbusiness.bj,PME (10-50),B2B,LinkedIn,,Actif,2026-06-29T00:14:36.056346,moyenne
BJ-73A0CE68,Business Africa,Services aux entreprises,Kouandé,+229 33 92 96 70,business.africa@business.africa.org,,TPE (<10),B2B,LinkedIn,,Actif,2026-06-29T00:14:36.056363,moyenne
BJ-7E234FE4,Agence Communication,Services aux entreprises,Kouandé,+229 56 76 66 79,,,TPE (<10),B2B,LinkedIn,,Actif,2026-06-29T00:14:36.056372,basse
BJ-164829B2,Management,Services aux entreprises,Kouandé,+229 50 68 86 76,management@management.bj,management.bj,PME (10-50),B2B,LinkedIn,,Actif,2026-06-29T00:14:36.056383,haute
BJ-84296144,Communication Consulting,Services aux entreprises,Kouandé,+229 45 93 69 94,communication.consulting@communication.consulting.bj,communicationconsulting.bj,TPE (<10),B2B,LinkedIn,,Actif,2026-06-29T00:14:36.056395,haute
BJ-44F1459E,Marketing Advisory,Services aux entreprises,Kouandé,+229 39 84 46 89,marketing.advisory@marketing.advisory.org,marketingadvisory.bj,TPE (<10),B2B,LinkedIn,,Actif,2026-06-29T00:14:36.056406,haute
BJ-883E4991,Conseil Bénin,Services aux entreprises,Péhunco,+229 82 35 25 96,conseil.bénin@conseil.bénin.bj,conseilbénin.bj,TPE (<10),B2B,LinkedIn,,Actif,2026-06-29T00:14:36.056423,haute
BJ-2EE9ECC7,Management Partners,Services aux entreprises,Péhunco,+229 37 27 80 73,management.partners@management.partners.net,,TPE (<10),B2B,LinkedIn,,Actif,2026-06-29T00:14:36.056434,moyenne
BJ-C7B1F9B4,Consulting Business,Services aux entreprises,Péhunco,+229 62 36 71 58,consulting.business@consulting.business.bj,,PME (50-200),B2B,LinkedIn,,Actif,2026-06-29T00:14:36.056444,moyenne
BJ-713D295B,Expert Comptable Advisory,Services aux entreprises,Péhunco,+229 54 24 23 61,expert.comptable.advisory@expert.comptable.advisory.com,expertcomptableadvisory.bj,Grande (>200),B2B,LinkedIn,,Actif,2026-06-29T00:14:36.056458,haute
BJ-A2DF613D,Marketing,Services aux entreprises,Péhunco,+229 53 88 91 21,marketing@marketing.bj,marketing.bj,PME (10-50),B2B,LinkedIn,,Actif,2026-06-29T00:14:36.056470,haute
BJ-4F68537B,Agence Juridique,Services aux entreprises,Tchaourou,+229 20 48 65 76,,agencejuridique.bj,TPE (<10),B2B,LinkedIn,,Actif,2026-06-29T00:14:36.056485,moyenne
BJ-3039EF33,Bureau Stratégie,Services aux entreprises,Tchaourou,+229 25 84 24 85,bureau.stratégie@bureau.stratégie.org,,TPE (<10),B2B,LinkedIn,,Actif,2026-06-29T00:14:36.056497,moyenne
BJ-DB995624,Juridique Bureau,Services aux entreprises,Tchaourou,+229 56 11 37 49,juridique.bureau@juridique.bureau.benin,,PME (10-50),B2B,LinkedIn,,Actif,2026-06-29T00:14:36.056511,moyenne
BJ-5FCA4092,Agence Comptable Bureau,Services aux entreprises,Tchaourou,+229 71 84 35 81,agence.comptable.bureau@agence.comptable.bureau.org,,Grande (>200),B2B,LinkedIn,,Actif,2026-06-29T00:14:36.056532,moyenne
BJ-D87D1504,Communication,Services aux entreprises,Nikki,+229 50 77 80 84,communication@communication.benin,,PME (50-200),B2B,LinkedIn,,Actif,2026-06-29T00:14:36.056559,moyenne
BJ-2CD13F14,Business,Services aux entreprises,Nikki,+229 65 64 97 36,business@business.com,business.bj,TPE (<10),B2B,LinkedIn,,Actif,2026-06-29T00:14:36.056570,haute
BJ-8B3986E3,Agence Fiscal,Services aux entreprises,Nikki,+229 40 82 84 10,agence.fiscal@agence.fiscal.bj,,PME (50-200),B2B,LinkedIn,,Actif,2026-06-29T00:14:36.056583,moyenne
BJ-5B7D0224,Consulting Marketing,Services aux entreprises,Nikki,+229 81 27 25 41,consulting.marketing@consulting.marketing.benin,consultingmarketing.bj,PME (10-50),B2B,LinkedIn,,Actif,2026-06-29T00:14:36.056594,haute
BJ-63B8CE8F,RH,Services aux entreprises,Bembéréké,+229 84 63 51 21,rh@rh.net,,PME (10-50),B2B,LinkedIn,,Actif,2026-06-29T00:14:36.056610,moyenne
BJ-000B7EBE,Conseil Formation Bureau,Services aux entreprises,Bembéréké,+229 42 82 10 21,,,PME (10-50),B2B,LinkedIn,,Actif,2026-06-29T00:14:36.056620,basse
BJ-A9728C44,Audit Partners,Services aux entreprises,Bembéréké,+229 57 74 90 89,audit.partners@audit.partners.com,auditpartners.bj,PME (50-200),B2B,LinkedIn,,Actif,2026-06-29T00:14:36.056632,haute
BJ-68C4B64A,Conseil Business Bembéréké,Services aux entreprises,Bembéréké,+229 87 61 92 11,conseil.business.bembéréké@conseil.business.bembéréké.com,conseilbusinessbembéréké.bj,Grande (>200),B2B,LinkedIn,,Actif,2026-06-29T00:14:36.056644,haute
BJ-346C8E5F,Fiscal Cabinet,Services aux entreprises,Bembéréké,+229 22 97 94 55,fiscal.cabinet@fiscal.cabinet.com,fiscalcabinet.bj,PME (10-50),B2B,LinkedIn,,Actif,2026-06-29T00:14:36.056658,haute
BJ-274E0E5D,Conseil Partners Kalalé,Services aux entreprises,Kalalé,+229 84 38 89 31,conseil.partners.kalalé@conseil.partners.kalalé.com,conseilpartnerskalalé.bj,Grande (>200),B2B,LinkedIn,,Actif,2026-06-29T00:14:36.056676,haute
BJ-32D45530,Agence Consulting,Services aux entreprises,Kalalé,+229 81 65 40 44,agence.consulting@agence.consulting.bj,agenceconsulting.bj,PME (10-50),B2B,LinkedIn,,Actif,2026-06-29T00:14:36.056704,haute
BJ-DD61DD96,Consulting Conseil Bénin Kalalé,Services aux entreprises,Kalalé,+229 47 53 75 30,consulting.conseil.bénin.kalalé@consulting.conseil.bénin.kalalé.benin,,TPE (<10),B2B,LinkedIn,,Actif,2026-06-29T00:14:36.056719,moyenne
BJ-581DC7D3,Communication Partners,Services aux entreprises,Kalalé,+229 51 76 63 77,communication.partners@communication.partners.org,,PME (50-200),B2B,LinkedIn,,Actif,2026-06-29T00:14:36.056730,moyenne
BJ-359B9802,Expert Juridique Partners,Services aux entreprises,Ndali,+229 83 64 71 27,expert.juridique.partners@expert.juridique.partners.bj,expertjuridiquepartners.bj,PME (50-200),B2B,LinkedIn,,Actif,2026-06-29T00:14:36.056747,haute
BJ-854896CB,Stratégie Cabinet,Services aux entreprises,Ndali,+229 23 84 98 22,stratégie.cabinet@stratégie.cabinet.org,,TPE (<10),B2B,LinkedIn,,Actif,2026-06-29T00:14:36.056758,moyenne
BJ-D046380E,Stratégie,Services aux entreprises,Ndali,+229 49 24 53 62,stratégie@stratégie.benin,,TPE (<10),B2B,LinkedIn,,Actif,2026-06-29T00:14:36.056769,moyenne
BJ-39F576BA,Consulting Comptable International,Services aux entreprises,Ndali,+229 27 56 55 44,consulting.comptable.international@consulting.comptable.international.com,consultingcomptableinternational.bj,PME (10-50),B2B,LinkedIn,,Actif,2026-06-29T00:14:36.056780,haute
BJ-D849405B,Expert RH,Services aux entreprises,Ndali,+229 64 19 73 75,expert.rh@expert.rh.org,expertrh.bj,TPE (<10),B2B,LinkedIn,,Actif,2026-06-29T00:14:36.056792,haute
BJ-4426F477,Management Consulting,Services aux entreprises,Ségbana,+229 35 59 79 34,management.consulting@management.consulting.bj,managementconsulting.bj,PME (10-50),B2B,LinkedIn,,Actif,2026-06-29T00:14:36.056820,haute
BJ-DA588818,Conseil Juridique Cabinet,Services aux entreprises,Ségbana,+229 48 92 21 36,conseil.juridique.cabinet@conseil.juridique.cabinet.net,conseiljuridiquecabinet.bj,TPE (<10),B2B,LinkedIn,,Actif,2026-06-29T00:14:36.056831,haute
BJ-DA468920,Cabinet Fiscal Cabinet,Services aux entreprises,Ségbana,+229 98 14 17 56,cabinet.fiscal.cabinet@cabinet.fiscal.cabinet.com,cabinetfiscalcabinet.bj,PME (10-50),B2B,LinkedIn,,Actif,2026-06-29T00:14:36.056845,haute
BJ-8D1BFE16,Consulting Fiscal Tchaourou,Services aux entreprises,Tchaourou,+229 75 17 48 73,consulting.fiscal.tchaourou@consulting.fiscal.tchaourou.com,consultingfiscaltchaourou.bj,PME (50-200),B2B,LinkedIn,,Actif,2026-06-29T00:14:36.056874,haute
BJ-4FD417FA,Consulting Marketing Tchaourou,Services aux entreprises,Tchaourou,+229 81 98 45 42,consulting.marketing.tchaourou@consulting.marketing.tchaourou.org,,PME (10-50),B2B,LinkedIn,,Actif,2026-06-29T00:14:36.056927,moyenne
BJ-75F29708,Agence Comptable,Services aux entreprises,Tchaourou,+229 78 57 36 13,agence.comptable@agence.comptable.benin,agencecomptable.bj,TPE (<10),B2B,LinkedIn,,Actif,2026-06-29T00:14:36.056966,haute
BJ-5C84A714,Agence Conseil,Services aux entreprises,Bétérou,+229 71 37 92 66,,agenceconseil.bj,PME (10-50),B2B,LinkedIn,,Actif,2026-06-29T00:14:36.056989,moyenne
BJ-AABB4190,Audit,Services aux entreprises,Bétérou,+229 85 65 31 41,audit@audit.bj,audit.bj,Grande (>200),B2B,LinkedIn,,Actif,2026-06-29T00:14:36.057001,haute
BJ-084B8687,Formation Consulting,Services aux entreprises,Bétérou,+229 69 27 38 24,,formationconsulting.bj,PME (50-200),B2B,LinkedIn,,Actif,2026-06-29T00:14:36.057012,moyenne
BJ-A8BBCE6D,Audit Business Consulting Bétérou,Services aux entreprises,Bétérou,+229 30 97 54 95,audit.business.consulting.bétérou@audit.business.consulting.bétérou.net,auditbusinessconsultingbétérou.bj,TPE (<10),B2B,LinkedIn,,Actif,2026-06-29T00:14:36.057032,haute
BJ-15473387,Expert Bureau,Services aux entreprises,Bétérou,+229 74 90 65 32,expert.bureau@expert.bureau.net,expertbureau.bj,Grande (>200),B2B,LinkedIn,,Actif,2026-06-29T00:14:36.057043,haute
BJ-E7C1E622,Cabinet Management,Services aux entreprises,Ouessè,+229 40 81 30 74,cabinet.management@cabinet.management.bj,cabinetmanagement.bj,TPE (<10),B2B,LinkedIn,,Actif,2026-06-29T00:14:36.057063,haute
BJ-F14ACA3F,Conseil Business Ouessè,Services aux entreprises,Ouessè,+229 92 39 44 47,conseil.business.ouessè@conseil.business.ouessè.com,conseilbusinessouessè.bj,TPE (<10),B2B,LinkedIn,,Actif,2026-06-29T00:14:36.057076,haute
BJ-50CCBD40,RH International,Services aux entreprises,Ouessè,+229 45 86 71 32,rh.international@rh.international.net,rhinternational.bj,PME (50-200),B2B,LinkedIn,,Actif,2026-06-29T00:14:36.057087,haute
BJ-2023B724,Consulting Stratégie Ouessè,Services aux entreprises,Ouessè,+229 29 86 99 81,consulting.stratégie.ouessè@consulting.stratégie.ouessè.org,consultingstratégieouessè.bj,TPE (<10),B2B,LinkedIn,,Actif,2026-06-29T00:14:36.057102,haute
BJ-A7D7E7A6,Expert Consulting,Services aux entreprises,Ouessè,+229 76 40 14 96,expert.consulting@expert.consulting.bj,expertconsulting.bj,Grande (>200),B2B,LinkedIn,,Actif,2026-06-29T00:14:36.057113,haute
BJ-46717A70,RH International,Services aux entreprises,Glazoué,+229 69 96 93 38,rh.international@rh.international.benin,rhinternational.bj,TPE (<10),B2B,LinkedIn,,Actif,2026-06-29T00:14:36.057130,haute
BJ-50BE908B,Consulting Comptable Bénin,Services aux entreprises,Glazoué,+229 65 92 38 83,consulting.comptable.bénin@consulting.comptable.bénin.com,,TPE (<10),B2B,LinkedIn,,Actif,2026-06-29T00:14:36.057144,moyenne
BJ-7A747B53,Formation Advisory Glazoué,Services aux entreprises,Glazoué,+229 38 51 63 80,formation.advisory.glazoué@formation.advisory.glazoué.org,,PME (10-50),B2B,LinkedIn,,Actif,2026-06-29T00:14:36.057156,moyenne
BJ-8003C8E7,Audit Conseil Africa,Services aux entreprises,Glazoué,+229 36 88 98 56,audit.conseil.africa@audit.conseil.africa.org,auditconseilafrica.bj,PME (10-50),B2B,LinkedIn,,Actif,2026-06-29T00:14:36.057170,haute
BJ-B79D1F39,Juridique Glazoué,Services aux entreprises,Glazoué,+229 21 91 46 31,juridique.glazoué@juridique.glazoué.bj,juridiqueglazoué.bj,PME (10-50),B2B,LinkedIn,,Actif,2026-06-29T00:14:36.057182,haute
BJ-97EA1971,Management,Services aux entreprises,Dassa-Zoumè,+229 99 32 51 46,,management.bj,PME (50-200),B2B,LinkedIn,,Actif,2026-06-29T00:14:36.057198,moyenne
BJ-7831C237,Audit Consulting,Services aux entreprises,Dassa-Zoumè,+229 53 52 44 98,audit.consulting@audit.consulting.bj,,TPE (<10),B2B,LinkedIn,,Actif,2026-06-29T00:14:36.057209,moyenne
BJ-066F95AD,Audit Expert Bureau,Services aux entreprises,Dassa-Zoumè,+229 43 78 35 79,audit.expert.bureau@audit.expert.bureau.com,auditexpertbureau.bj,TPE (<10),B2B,LinkedIn,,Actif,2026-06-29T00:14:36.057221,haute
BJ-7C678141,Formation Bureau,Services aux entreprises,Dassa-Zoumè,+229 33 91 20 69,formation.bureau@formation.bureau.benin,formationbureau.bj,PME (10-50),B2B,LinkedIn,,Actif,2026-06-29T00:14:36.057231,haute
BJ-E241ABDA,Management Advisory Dassa-Zoumè,Services aux entreprises,Dassa-Zoumè,+229 46 27 83 27,management.advisory.dassazoumè@management.advisory.dassazoumè.com,,PME (10-50),B2B,LinkedIn,,Actif,2026-06-29T00:14:36.057243,moyenne
BJ-29FB3E5F,Fiscal Bureau,Services aux entreprises,Savalou,+229 25 87 13 84,fiscal.bureau@fiscal.bureau.org,,TPE (<10),B2B,LinkedIn,,Actif,2026-06-29T00:14:36.057259,moyenne
BJ-D1AA9637,Expert Management,Services aux entreprises,Savalou,+229 88 33 68 87,expert.management@expert.management.bj,,PME (10-50),B2B,LinkedIn,,Actif,2026-06-29T00:14:36.057269,moyenne
BJ-90C14822,Expert,Services aux entreprises,Savalou,+229 39 27 46 24,expert@expert.com,expert.bj,PME (50-200),B2B,LinkedIn,,Actif,2026-06-29T00:14:36.057280,haute
BJ-CC0F8F90,Business Partners Savalou,Services aux entreprises,Savalou,+229 22 35 30 21,business.partners.savalou@business.partners.savalou.com,businesspartnerssavalou.bj,TPE (<10),B2B,LinkedIn,,Actif,2026-06-29T00:14:36.057295,haute
BJ-FF80BABA,Conseil RH Savalou,Services aux entreprises,Savalou,+229 32 31 51 60,conseil.rh.savalou@conseil.rh.savalou.com,conseilrhsavalou.bj,TPE (<10),B2B,LinkedIn,,Actif,2026-06-29T00:14:36.057306,haute
BJ-7BD44E39,Bureau Formation Advisory,Services aux entreprises,Bantè,+229 95 27 80 83,bureau.formation.advisory@bureau.formation.advisory.benin,bureauformationadvisory.bj,PME (10-50),B2B,LinkedIn,,Actif,2026-06-29T00:14:36.057322,haute
BJ-77512EEE,Cabinet Business,Services aux entreprises,Bantè,+229 81 22 57 23,cabinet.business@cabinet.business.com,,PME (50-200),B2B,LinkedIn,,Actif,2026-06-29T00:14:36.057336,moyenne
BJ-AF8278D9,Formation Bénin,Services aux entreprises,Bantè,+229 66 16 86 75,formation.bénin@formation.bénin.com,formationbénin.bj,PME (10-50),B2B,LinkedIn,,Actif,2026-06-29T00:14:36.057364,haute
BJ-FCEC6FA9,Bureau Business,Services aux entreprises,Bantè,+229 58 33 62 95,,bureaubusiness.bj,PME (50-200),B2B,LinkedIn,,Actif,2026-06-29T00:14:36.057374,moyenne
BJ-1B1C734D,Marketing,Services aux entreprises,Bantè,+229 29 20 53 45,marketing@marketing.com,,PME (50-200),B2B,LinkedIn,,Actif,2026-06-29T00:14:36.057385,moyenne
BJ-B01FF7CC,Consulting Juridique International,Services aux entreprises,Djougou,+229 67 94 60 81,,consultingjuridiqueinternational.bj,PME (10-50),B2B,LinkedIn,,Actif,2026-06-29T00:14:36.057401,moyenne
BJ-16DF6A6B,Formation Djougou,Services aux entreprises,Djougou,+229 24 51 24 72,formation.djougou@formation.djougou.org,,TPE (<10),B2B,LinkedIn,,Actif,2026-06-29T00:14:36.057415,moyenne
BJ-7E43BD06,Marketing International,Services aux entreprises,Djougou,+229 83 74 56 86,marketing.international@marketing.international.benin,marketinginternational.bj,PME (50-200),B2B,LinkedIn,,Actif,2026-06-29T00:14:36.057426,haute
BJ-81E636B4,Bureau Fiscal Advisory Djougou,Services aux entreprises,Djougou,+229 84 52 80 44,bureau.fiscal.advisory.djougou@bureau.fiscal.advisory.djougou.benin,,TPE (<10),B2B,LinkedIn,,Actif,2026-06-29T00:14:36.057440,moyenne
BJ-FFA29B11,Conseil Fiscal Djougou,Services aux entreprises,Djougou,+229 42 23 65 75,conseil.fiscal.djougou@conseil.fiscal.djougou.org,conseilfiscaldjougou.bj,TPE (<10),B2B,LinkedIn,,Actif,2026-06-29T00:14:36.057451,haute
BJ-FC689B2D,Expert Bénin,Services aux entreprises,Ouèssè,+229 95 45 36 47,expert.bénin@expert.bénin.com,expertbénin.bj,PME (50-200),B2B,LinkedIn,,Actif,2026-06-29T00:14:36.057469,haute
BJ-78D664BD,Fiscal,Services aux entreprises,Ouèssè,+229 70 39 77 79,,fiscal.bj,Grande (>200),B2B,LinkedIn,,Actif,2026-06-29T00:14:36.057479,moyenne
BJ-1F2532A7,Expert Africa Ouèssè,Services aux entreprises,Ouèssè,+229 28 72 80 50,expert.africa.ouèssè@expert.africa.ouèssè.benin,,TPE (<10),B2B,LinkedIn,,Actif,2026-06-29T00:14:36.057491,moyenne
BJ-A821A33F,Audit Management Cabinet,Services aux entreprises,Ouèssè,+229 62 58 37 86,audit.management.cabinet@audit.management.cabinet.bj,auditmanagementcabinet.bj,PME (10-50),B2B,LinkedIn,,Actif,2026-06-29T00:14:36.057502,haute
BJ-816261AF,Cabinet Expert Bureau,Services aux entreprises,Ouèssè,+229 95 26 64 10,cabinet.expert.bureau@cabinet.expert.bureau.benin,cabinetexpertbureau.bj,TPE (<10),B2B,LinkedIn,,Actif,2026-06-29T00:14:36.057514,haute
BJ-36A65ADF,Communication Advisory,Services aux entreprises,Bassila,+229 39 63 53 17,,communicationadvisory.bj,TPE (<10),B2B,LinkedIn,,Actif,2026-06-29T00:14:36.057553,moyenne
BJ-839E8D3F,Stratégie,Services aux entreprises,Bassila,+229 68 74 25 30,stratégie@stratégie.bj,,PME (10-50),B2B,LinkedIn,,Actif,2026-06-29T00:14:36.057567,moyenne
BJ-A6537697,Conseil Africa,Services aux entreprises,Bassila,+229 59 63 46 75,conseil.africa@conseil.africa.com,conseilafrica.bj,PME (10-50),B2B,LinkedIn,,Actif,2026-06-29T00:14:36.057579,haute
BJ-A07B35E6,Cabinet Conseil Bénin,Services aux entreprises,Pehunco,+229 52 69 32 46,cabinet.conseil.bénin@cabinet.conseil.bénin.com,,Grande (>200),B2B,LinkedIn,,Actif,2026-06-29T00:14:36.057596,moyenne
BJ-2372D817,Communication,Services aux entreprises,Pehunco,+229 99 24 39 81,communication@communication.benin,communication.bj,PME (10-50),B2B,LinkedIn,,Actif,2026-06-29T00:14:36.057607,haute
BJ-30D4049B,Audit Conseil Partners,Services aux entreprises,Pehunco,+229 81 32 27 92,audit.conseil.partners@audit.conseil.partners.bj,auditconseilpartners.bj,TPE (<10),B2B,LinkedIn,,Actif,2026-06-29T00:14:36.057618,haute
BJ-B40DDF98,Formation Partners,Services aux entreprises,Pehunco,+229 96 55 90 73,formation.partners@formation.partners.com,,Grande (>200),B2B,LinkedIn,,Actif,2026-06-29T00:14:36.057629,moyenne
BJ-4C4A2B57,Fiscal Partners,Services aux entreprises,Pehunco,+229 35 82 44 21,fiscal.partners@fiscal.partners.bj,fiscalpartners.bj,PME (10-50),B2B,LinkedIn,,Actif,2026-06-29T00:14:36.057640,haute
BJ-FA9B26BD,Management Copargo,Services aux entreprises,Copargo,+229 93 64 31 42,management.copargo@management.copargo.bj,,PME (50-200),B2B,LinkedIn,,Actif,2026-06-29T00:14:36.057656,moyenne
BJ-D550FDE7,Cabinet Consulting,Services aux entreprises,Copargo,+229 32 35 44 98,,cabinetconsulting.bj,PME (50-200),B2B,LinkedIn,,Actif,2026-06-29T00:14:36.057667,moyenne
BJ-7C5411FB,Comptable,Services aux entreprises,Copargo,+229 90 92 12 20,comptable@comptable.bj,comptable.bj,TPE (<10),B2B,LinkedIn,,Actif,2026-06-29T00:14:36.057678,haute
BJ-829A0E65,Audit Cabinet,Services aux entreprises,Copargo,+229 94 75 85 13,,auditcabinet.bj,TPE (<10),B2B,LinkedIn,,Actif,2026-06-29T00:14:36.057690,moyenne
BJ-E115C380,Audit Comptable,Services aux entreprises,Copargo,+229 33 34 93 37,audit.comptable@audit.comptable.net,auditcomptable.bj,Grande (>200),B2B,LinkedIn,,Actif,2026-06-29T00:14:36.057702,haute
BJ-86E84E27,Eau Eau Environment,Énergie & Environnement,Cotonou,+229 94 42 50 62,,eaueauenvironment.bj,Grande (>200),B2B,LinkedIn,,Actif,2026-06-29T00:14:36.057718,moyenne
BJ-38798BFC,Environnement Power Cotonou,Énergie & Environnement,Cotonou,+229 27 54 21 79,environnement.power.cotonou@environnement.power.cotonou.bj,environnementpowercotonou.bj,TPE (<10),B2B,LinkedIn,,Actif,2026-06-29T00:14:36.057734,haute
BJ-03C29C59,Hydraulique,Énergie & Environnement,Cotonou,+229 48 29 80 50,hydraulique@hydraulique.com,hydraulique.bj,TPE (<10),B2B,LinkedIn,,Actif,2026-06-29T00:14:36.057745,haute
BJ-2468AB5C,Power,Énergie & Environnement,Cotonou,+229 78 12 33 32,power@power.org,power.bj,TPE (<10),B2B,LinkedIn,,Actif,2026-06-29T00:14:36.057755,haute
BJ-DCC7BBA3,Éolien Eau Africa,Énergie & Environnement,Abomey-Calavi,+229 54 35 38 77,éolien.eau.africa@éolien.eau.africa.org,,TPE (<10),B2C,LinkedIn,,Actif,2026-06-29T00:14:36.057787,moyenne
BJ-0788AA1D,Vert Énergie Power,Énergie & Environnement,Abomey-Calavi,+229 60 42 80 20,vert.énergie.power@vert.énergie.power.benin,verténergiepower.bj,PME (10-50),B2C,LinkedIn,,Actif,2026-06-29T00:14:36.057800,haute
BJ-C49EAD14,Power,Énergie & Environnement,Abomey-Calavi,+229 61 56 52 96,power@power.org,power.bj,PME (10-50),B2C,LinkedIn,,Actif,2026-06-29T00:14:36.057811,haute
BJ-04018038,Environnement Porto-Novo,Énergie & Environnement,Porto-Novo,+229 46 90 19 65,,environnementportonovo.bj,TPE (<10),B2B,LinkedIn,,Actif,2026-06-29T00:14:36.057852,moyenne
BJ-726A802D,Éolien,Énergie & Environnement,Porto-Novo,+229 67 99 33 29,,,TPE (<10),B2C,LinkedIn,,Actif,2026-06-29T00:14:36.057862,basse
BJ-5B7B3CEB,Solar Hydraulique SARL,Énergie & Environnement,Porto-Novo,+229 67 96 97 47,solar.hydraulique.sarl@solar.hydraulique.sarl.bj,solarhydrauliquesarl.bj,PME (10-50),B2C,LinkedIn,,Actif,2026-06-29T00:14:36.057874,haute
BJ-34344126,Clean Power,Énergie & Environnement,Porto-Novo,+229 52 78 40 64,clean.power@clean.power.org,cleanpower.bj,TPE (<10),B2C,LinkedIn,,Actif,2026-06-29T00:14:36.057885,haute
BJ-6D58ED84,Éolien Écologie,Énergie & Environnement,Porto-Novo,+229 45 65 32 92,éolien.écologie@éolien.écologie.net,,PME (10-50),B2B,LinkedIn,,Actif,2026-06-29T00:14:36.057923,moyenne
BJ-D70491F8,Énergie Vert,Énergie & Environnement,Parakou,+229 54 35 45 42,énergie.vert@énergie.vert.com,énergievert.bj,Grande (>200),B2C,LinkedIn,,Actif,2026-06-29T00:14:36.057956,haute
BJ-DAFB2C77,Renouvelable Power,Énergie & Environnement,Parakou,+229 92 83 12 66,,,PME (50-200),B2C,LinkedIn,,Actif,2026-06-29T00:14:36.057982,basse
BJ-3B6A3BA3,Eau Environnement Energy,Énergie & Environnement,Parakou,+229 62 39 26 79,eau.environnement.energy@eau.environnement.energy.benin,,TPE (<10),B2B,LinkedIn,,Actif,2026-06-29T00:14:36.057995,moyenne
BJ-C89E45B7,Eau Assainissement,Énergie & Environnement,Parakou,+229 46 13 56 73,,eauassainissement.bj,TPE (<10),B2C,LinkedIn,,Actif,2026-06-29T00:14:36.058019,moyenne
BJ-013B8C54,Vert Environment,Énergie & Environnement,Bohicon,+229 37 94 37 54,vert.environment@vert.environment.bj,,PME (50-200),B2B,LinkedIn,,Actif,2026-06-29T00:14:36.058035,moyenne
BJ-AB53358D,Vert Eau SARL,Énergie & Environnement,Bohicon,+229 97 95 46 81,vert.eau.sarl@vert.eau.sarl.com,,Grande (>200),B2B,LinkedIn,,Actif,2026-06-29T00:14:36.058046,moyenne
BJ-0EFDDFCB,Renouvelable SARL,Énergie & Environnement,Bohicon,+229 40 51 31 23,,,TPE (<10),B2B,LinkedIn,,Actif,2026-06-29T00:14:36.058056,basse
BJ-A79A706C,Éolien Assainissement Power Bohicon,Énergie & Environnement,Bohicon,+229 58 42 67 30,éolien.assainissement.power.bohicon@éolien.assainissement.power.bohicon.benin,éolienassainissementpowerbohicon.bj,TPE (<10),B2C,LinkedIn,,Actif,2026-06-29T00:14:36.058069,haute
BJ-BDC675B0,Eau Environnement,Énergie & Environnement,Bohicon,+229 31 11 36 22,eau.environnement@eau.environnement.org,eauenvironnement.bj,PME (50-200),B2B,LinkedIn,,Actif,2026-06-29T00:14:36.058080,haute
BJ-418A043C,Solar Renouvelable Bénin,Énergie & Environnement,Natitingou,+229 21 63 21 40,solar.renouvelable.bénin@solar.renouvelable.bénin.org,solarrenouvelablebénin.bj,TPE (<10),B2B,LinkedIn,,Actif,2026-06-29T00:14:36.058097,haute
BJ-403A495E,Power Environment,Énergie & Environnement,Natitingou,+229 68 89 60 57,power.environment@power.environment.benin,powerenvironment.bj,PME (10-50),B2C,LinkedIn,,Actif,2026-06-29T00:14:36.058108,haute
BJ-A337DD4C,Énergie,Énergie & Environnement,Natitingou,+229 20 81 87 81,énergie@énergie.com,énergie.bj,PME (10-50),B2C,LinkedIn,,Actif,2026-06-29T00:14:36.058120,haute
BJ-BD2F90DE,Éolien Assainissement,Énergie & Environnement,Natitingou,+229 35 79 34 47,éolien.assainissement@éolien.assainissement.bj,éolienassainissement.bj,PME (50-200),B2B,LinkedIn,,Actif,2026-06-29T00:14:36.058136,haute
BJ-63B90FFC,Eau Vert Bénin,Énergie & Environnement,Natitingou,+229 70 86 11 45,eau.vert.bénin@eau.vert.bénin.com,eauvertbénin.bj,PME (50-200),B2B,LinkedIn,,Actif,2026-06-29T00:14:36.058151,haute
BJ-A18BF265,Hydraulique,Énergie & Environnement,Lokossa,+229 39 59 61 59,,,PME (50-200),B2C,LinkedIn,,Actif,2026-06-29T00:14:36.058166,basse
BJ-818141DA,Eau Renouvelable,Énergie & Environnement,Lokossa,+229 29 12 76 24,eau.renouvelable@eau.renouvelable.com,eaurenouvelable.bj,TPE (<10),B2B,LinkedIn,,Actif,2026-06-29T00:14:36.058177,haute
BJ-52C2746D,Énergie Solaire Water,Énergie & Environnement,Lokossa,+229 27 24 62 20,énergie.solaire.water@énergie.solaire.water.org,énergiesolairewater.bj,TPE (<10),B2C,LinkedIn,,Actif,2026-06-29T00:14:36.058203,haute
BJ-9DDAC693,Solaire,Énergie & Environnement,Lokossa,+229 58 56 60 17,,solaire.bj,PME (50-200),B2B,LinkedIn,,Actif,2026-06-29T00:14:36.058213,moyenne
BJ-239845C1,Environnement,Énergie & Environnement,Ouidah,+229 71 64 74 79,,environnement.bj,TPE (<10),B2C,LinkedIn,,Actif,2026-06-29T00:14:36.058228,moyenne
BJ-6281661A,Clean Africa Ouidah,Énergie & Environnement,Ouidah,+229 66 75 16 35,clean.africa.ouidah@clean.africa.ouidah.benin,cleanafricaouidah.bj,PME (50-200),B2B,LinkedIn,,Actif,2026-06-29T00:14:36.058240,haute
BJ-90FC4513,Power Éolien Environment,Énergie & Environnement,Ouidah,+229 48 25 30 60,,,TPE (<10),B2C,LinkedIn,,Actif,2026-06-29T00:14:36.058250,basse
BJ-E0CC4611,Vert,Énergie & Environnement,Ouidah,+229 45 74 52 76,vert@vert.com,vert.bj,PME (10-50),B2C,LinkedIn,,Actif,2026-06-29T00:14:36.058264,haute
BJ-CB5DE885,Solar Eau Ouidah,Énergie & Environnement,Ouidah,+229 79 87 52 20,,solareauouidah.bj,PME (50-200),B2C,LinkedIn,,Actif,2026-06-29T00:14:36.058275,moyenne
BJ-3E054277,Assainissement,Énergie & Environnement,Savalou,+229 79 68 60 38,,assainissement.bj,PME (10-50),B2B,LinkedIn,,Actif,2026-06-29T00:14:36.058312,moyenne
BJ-822CEBD1,Solar Eau,Énergie & Environnement,Savalou,+229 94 22 57 43,solar.eau@solar.eau.benin,solareau.bj,PME (10-50),B2B,LinkedIn,,Actif,2026-06-29T00:14:36.058322,haute
BJ-D6CA34C3,Écologie,Énergie & Environnement,Savalou,+229 28 70 54 42,écologie@écologie.net,écologie.bj,PME (10-50),B2C,LinkedIn,,Actif,2026-06-29T00:14:36.058334,haute
BJ-FCBC5AA3,Power Renouvelable,Énergie & Environnement,Dassa-Zoumè,+229 83 72 85 50,power.renouvelable@power.renouvelable.net,,TPE (<10),B2B,LinkedIn,,Actif,2026-06-29T00:14:36.058353,moyenne
BJ-706D2971,Éolien Durable,Énergie & Environnement,Dassa-Zoumè,+229 24 53 62 33,éolien.durable@éolien.durable.com,éoliendurable.bj,PME (10-50),B2B,LinkedIn,,Actif,2026-06-29T00:14:36.058366,haute
BJ-FD9948A5,Vert Clean,Énergie & Environnement,Dassa-Zoumè,+229 81 74 18 72,,vertclean.bj,TPE (<10),B2C,LinkedIn,,Actif,2026-06-29T00:14:36.058379,moyenne
BJ-7CA203BC,Énergie,Énergie & Environnement,Dassa-Zoumè,+229 62 49 22 32,énergie@énergie.benin,,PME (50-200),B2B,LinkedIn,,Actif,2026-06-29T00:14:36.058394,moyenne
BJ-9DBEE697,Éolien Power Kétou,Énergie & Environnement,Kétou,+229 40 24 96 49,éolien.power.kétou@éolien.power.kétou.com,,TPE (<10),B2C,LinkedIn,,Actif,2026-06-29T00:14:36.058422,moyenne
BJ-59C61131,Eau Renouvelable,Énergie & Environnement,Kétou,+229 71 39 74 62,eau.renouvelable@eau.renouvelable.benin,eaurenouvelable.bj,TPE (<10),B2C,LinkedIn,,Actif,2026-06-29T00:14:36.058434,haute
BJ-F4E04D7D,Environnement Solaire Environment Kétou,Énergie & Environnement,Kétou,+229 90 85 22 21,environnement.solaire.environment.kétou@environnement.solaire.environment.kétou.net,,PME (50-200),B2B,LinkedIn,,Actif,2026-06-29T00:14:36.058446,moyenne
BJ-A15AAC05,Vert Clean Solar,Énergie & Environnement,Kétou,+229 71 88 57 61,vert.clean.solar@vert.clean.solar.org,,PME (50-200),B2B,LinkedIn,,Actif,2026-06-29T00:14:36.058467,moyenne
BJ-B28E1758,Éolien Eau Africa,Énergie & Environnement,Covè,+229 82 78 30 52,éolien.eau.africa@éolien.eau.africa.benin,,PME (10-50),B2C,LinkedIn,,Actif,2026-06-29T00:14:36.058484,moyenne
BJ-6B7F8D21,Éolien Éolien,Énergie & Environnement,Covè,+229 49 44 52 84,éolien.éolien@éolien.éolien.bj,éolienéolien.bj,PME (50-200),B2B,LinkedIn,,Actif,2026-06-29T00:14:36.058499,haute
BJ-74418283,Énergie Écologie SARL,Énergie & Environnement,Covè,+229 21 88 20 54,énergie.écologie.sarl@énergie.écologie.sarl.benin,énergieécologiesarl.bj,Grande (>200),B2B,LinkedIn,,Actif,2026-06-29T00:14:36.058512,haute
BJ-45FBB088,Eau Énergie Water,Énergie & Environnement,Covè,+229 43 36 36 55,,eauénergiewater.bj,PME (10-50),B2C,LinkedIn,,Actif,2026-06-29T00:14:36.058525,moyenne
BJ-49358998,Éolien Solar Covè,Énergie & Environnement,Covè,+229 43 72 95 66,éolien.solar.covè@éolien.solar.covè.org,éoliensolarcovè.bj,TPE (<10),B2B,LinkedIn,,Actif,2026-06-29T00:14:36.058538,haute
BJ-869A7E6B,Solar Solaire Power,Énergie & Environnement,Pobè,+229 90 45 40 26,solar.solaire.power@solar.solaire.power.org,,TPE (<10),B2B,LinkedIn,,Actif,2026-06-29T00:14:36.058555,moyenne
BJ-13EEB17D,Écologie,Énergie & Environnement,Pobè,+229 31 78 71 66,écologie@écologie.net,écologie.bj,PME (10-50),B2B,LinkedIn,,Actif,2026-06-29T00:14:36.058586,haute
BJ-24ED5398,Clean,Énergie & Environnement,Pobè,+229 27 15 21 39,clean@clean.bj,,TPE (<10),B2C,LinkedIn,,Actif,2026-06-29T00:14:36.058597,moyenne
BJ-54006D2C,Eau,Énergie & Environnement,Pobè,+229 49 50 23 34,eau@eau.benin,eau.bj,PME (10-50),B2C,LinkedIn,,Actif,2026-06-29T00:14:36.058608,haute
BJ-4A0AC0CF,Vert Écologie SARL,Énergie & Environnement,Pobè,+229 33 27 90 68,vert.écologie.sarl@vert.écologie.sarl.net,vertécologiesarl.bj,TPE (<10),B2B,LinkedIn,,Actif,2026-06-29T00:14:36.058620,haute
BJ-F58DDE42,Power Power,Énergie & Environnement,Sakété,+229 87 75 26 65,power.power@power.power.benin,powerpower.bj,TPE (<10),B2C,LinkedIn,,Actif,2026-06-29T00:14:36.058669,haute
BJ-51BEC294,Solaire,Énergie & Environnement,Sakété,+229 69 26 23 94,solaire@solaire.benin,solaire.bj,TPE (<10),B2B,LinkedIn,,Actif,2026-06-29T00:14:36.058694,haute
BJ-1D42D7B6,Eau Solar,Énergie & Environnement,Sakété,+229 97 10 69 86,eau.solar@eau.solar.net,eausolar.bj,PME (50-200),B2B,LinkedIn,,Actif,2026-06-29T00:14:36.058708,haute
BJ-29EA5DB4,Énergie Sakété,Énergie & Environnement,Sakété,+229 73 16 28 67,énergie.sakété@énergie.sakété.net,,PME (50-200),B2C,LinkedIn,,Actif,2026-06-29T00:14:36.058721,moyenne
BJ-2E1FD2F7,Clean,Énergie & Environnement,Adjara,+229 81 49 49 77,clean@clean.bj,clean.bj,Grande (>200),B2C,LinkedIn,,Actif,2026-06-29T00:14:36.058738,haute
BJ-019CD90E,Environnement Power,Énergie & Environnement,Adjara,+229 65 84 19 33,environnement.power@environnement.power.org,environnementpower.bj,PME (10-50),B2C,LinkedIn,,Actif,2026-06-29T00:14:36.058755,haute
BJ-C12D8596,Éolien Assainissement,Énergie & Environnement,Adjara,+229 91 76 75 57,,éolienassainissement.bj,Grande (>200),B2B,LinkedIn,,Actif,2026-06-29T00:14:36.058792,moyenne
BJ-B35A2657,Environnement Hydraulique Energy,Énergie & Environnement,Adjara,+229 77 11 57 28,environnement.hydraulique.energy@environnement.hydraulique.energy.bj,environnementhydrauliqueenergy.bj,PME (10-50),B2B,LinkedIn,,Actif,2026-06-29T00:14:36.058834,haute
BJ-1A16E1BC,Power Power Solar,Énergie & Environnement,Adjara,+229 67 54 87 61,power.power.solar@power.power.solar.benin,powerpowersolar.bj,TPE (<10),B2C,LinkedIn,,Actif,2026-06-29T00:14:36.058859,haute
BJ-C397EB0B,Eau,Énergie & Environnement,Allada,+229 31 80 54 68,eau@eau.org,eau.bj,PME (10-50),B2C,LinkedIn,,Actif,2026-06-29T00:14:36.058901,haute
BJ-D996FA8A,Environnement Assainissement,Énergie & Environnement,Allada,+229 78 73 51 56,environnement.assainissement@environnement.assainissement.net,environnementassainissement.bj,TPE (<10),B2B,LinkedIn,,Actif,2026-06-29T00:14:36.058930,haute
BJ-B85C8EF0,Éolien Écologie Solar,Énergie & Environnement,Allada,+229 48 99 36 95,,éolienécologiesolar.bj,PME (10-50),B2C,LinkedIn,,Actif,2026-06-29T00:14:36.058976,moyenne
BJ-5FA4638E,Eau Éolien Power,Énergie & Environnement,Allada,+229 98 79 99 49,eau.éolien.power@eau.éolien.power.bj,eauéolienpower.bj,PME (50-200),B2B,LinkedIn,,Actif,2026-06-29T00:14:36.058992,haute
BJ-ECB2CD82,Éolien Durable,Énergie & Environnement,Aplahoué,+229 72 34 65 91,,éoliendurable.bj,PME (10-50),B2C,LinkedIn,,Actif,2026-06-29T00:14:36.059011,moyenne
BJ-FBE49378,Éolien Éolien SARL,Énergie & Environnement,Aplahoué,+229 78 77 98 43,éolien.éolien.sarl@éolien.éolien.sarl.com,éolienéoliensarl.bj,PME (50-200),B2B,LinkedIn,,Actif,2026-06-29T00:14:36.059027,haute
BJ-EBFDDA6F,Éolien Hydraulique Energy,Énergie & Environnement,Aplahoué,+229 83 74 26 33,éolien.hydraulique.energy@éolien.hydraulique.energy.bj,éolienhydrauliqueenergy.bj,TPE (<10),B2C,LinkedIn,,Actif,2026-06-29T00:14:36.059047,haute
BJ-5E3A06CC,Environnement Clean,Énergie & Environnement,Aplahoué,+229 38 32 80 66,environnement.clean@environnement.clean.benin,environnementclean.bj,PME (10-50),B2B,LinkedIn,,Actif,2026-06-29T00:14:36.059059,haute
BJ-3C60A0FD,Power,Énergie & Environnement,Dogbo-Tota,+229 45 21 56 60,,power.bj,PME (10-50),B2B,LinkedIn,,Actif,2026-06-29T00:14:36.059088,moyenne
BJ-083A5D3E,Environnement Éolien Energy,Énergie & Environnement,Dogbo-Tota,+229 31 46 74 39,environnement.éolien.energy@environnement.éolien.energy.org,,PME (10-50),B2C,LinkedIn,,Actif,2026-06-29T00:14:36.059100,moyenne
BJ-5FC1F435,Environnement,Énergie & Environnement,Dogbo-Tota,+229 50 59 24 37,environnement@environnement.com,environnement.bj,PME (10-50),B2B,LinkedIn,,Actif,2026-06-29T00:14:36.059112,haute
BJ-3B322DD1,Eau Vert SARL,Énergie & Environnement,Dogbo-Tota,+229 24 40 82 99,eau.vert.sarl@eau.vert.sarl.bj,eauvertsarl.bj,PME (50-200),B2B,LinkedIn,,Actif,2026-06-29T00:14:36.059126,haute
BJ-DEA1D389,Écologie Water,Énergie & Environnement,Dogbo-Tota,+229 44 72 13 92,,écologiewater.bj,PME (50-200),B2B,LinkedIn,,Actif,2026-06-29T00:14:36.059138,moyenne
BJ-EBE01B88,Assainissement,Énergie & Environnement,Kpomassè,+229 28 11 30 71,assainissement@assainissement.com,assainissement.bj,TPE (<10),B2B,LinkedIn,,Actif,2026-06-29T00:14:36.059155,haute
BJ-4D5D4698,Durable SARL,Énergie & Environnement,Kpomassè,+229 25 37 33 77,durable.sarl@durable.sarl.net,,Grande (>200),B2C,LinkedIn,,Actif,2026-06-29T00:14:36.059167,moyenne
BJ-8F7A880F,Hydraulique Energy,Énergie & Environnement,Kpomassè,+229 25 83 75 87,hydraulique.energy@hydraulique.energy.bj,hydrauliqueenergy.bj,TPE (<10),B2C,LinkedIn,,Actif,2026-06-29T00:14:36.059178,haute
BJ-640E8845,Power Éolien,Énergie & Environnement,Kpomassè,+229 65 50 62 77,power.éolien@power.éolien.org,poweréolien.bj,TPE (<10),B2C,LinkedIn,,Actif,2026-06-29T00:14:36.059194,haute
BJ-CEF4A326,Power Assainissement Water,Énergie & Environnement,Kpomassè,+229 21 40 51 19,power.assainissement.water@power.assainissement.water.benin,powerassainissementwater.bj,Grande (>200),B2B,LinkedIn,,Actif,2026-06-29T00:14:36.059206,haute
BJ-E1C94C6D,Power Environnement,Énergie & Environnement,Tori-Bossito,+229 91 71 56 42,power.environnement@power.environnement.org,powerenvironnement.bj,PME (10-50),B2B,LinkedIn,,Actif,2026-06-29T00:14:36.059223,haute
BJ-A0CFE74B,Durable Power,Énergie & Environnement,Tori-Bossito,+229 99 27 68 64,,durablepower.bj,PME (10-50),B2B,LinkedIn,,Actif,2026-06-29T00:14:36.059237,moyenne
BJ-5AC734C8,Power Clean Solar,Énergie & Environnement,Tori-Bossito,+229 59 63 83 47,power.clean.solar@power.clean.solar.benin,powercleansolar.bj,PME (10-50),B2C,LinkedIn,,Actif,2026-06-29T00:14:36.059249,haute
BJ-3CE9500B,Power Durable Solar,Énergie & Environnement,Tori-Bossito,+229 90 77 59 84,power.durable.solar@power.durable.solar.bj,,Grande (>200),B2C,LinkedIn,,Actif,2026-06-29T00:14:36.059263,moyenne
BJ-F57F9862,Clean Bénin,Énergie & Environnement,Tori-Bossito,+229 31 35 77 83,clean.bénin@clean.bénin.org,cleanbénin.bj,Grande (>200),B2C,LinkedIn,,Actif,2026-06-29T00:14:36.059276,haute
BJ-3102BC5B,Vert Environnement Africa,Énergie & Environnement,Grand-Popo,+229 70 26 74 64,vert.environnement.africa@vert.environnement.africa.bj,,TPE (<10),B2C,LinkedIn,,Actif,2026-06-29T00:14:36.059293,moyenne
BJ-5B76D348,Vert Environment,Énergie & Environnement,Grand-Popo,+229 50 55 83 70,vert.environment@vert.environment.net,,PME (10-50),B2C,LinkedIn,,Actif,2026-06-29T00:14:36.059304,moyenne
BJ-2B986511,Hydraulique Solar,Énergie & Environnement,Grand-Popo,+229 99 27 36 16,,,PME (10-50),B2C,LinkedIn,,Actif,2026-06-29T00:14:36.059314,basse
BJ-B3C9B2E9,Éolien Bénin,Énergie & Environnement,Grand-Popo,+229 34 59 76 87,éolien.bénin@éolien.bénin.net,,PME (10-50),B2B,LinkedIn,,Actif,2026-06-29T00:14:36.059326,moyenne
BJ-4AFD32B7,Eau Solaire SARL,Énergie & Environnement,Grand-Popo,+229 38 48 15 27,eau.solaire.sarl@eau.solaire.sarl.com,,TPE (<10),B2B,LinkedIn,,Actif,2026-06-29T00:14:36.059337,moyenne
BJ-454B3B96,Power Énergie Athiémé,Énergie & Environnement,Athiémé,+229 80 59 56 76,,powerénergieathiémé.bj,TPE (<10),B2C,LinkedIn,,Actif,2026-06-29T00:14:36.059357,moyenne
BJ-B698704C,Environnement Environnement,Énergie & Environnement,Athiémé,+229 59 98 90 23,,environnementenvironnement.bj,TPE (<10),B2C,LinkedIn,,Actif,2026-06-29T00:14:36.059369,moyenne
BJ-1F815E54,Power Durable,Énergie & Environnement,Athiémé,+229 39 20 92 42,,powerdurable.bj,PME (10-50),B2C,LinkedIn,,Actif,2026-06-29T00:14:36.059379,moyenne
BJ-77A6A5C0,Eau Éolien Africa,Énergie & Environnement,Athiémé,+229 74 43 23 19,eau.éolien.africa@eau.éolien.africa.net,eauéolienafrica.bj,PME (10-50),B2C,LinkedIn,,Actif,2026-06-29T00:14:36.059394,haute
BJ-26EA4ABC,Environnement Africa Athiémé,Énergie & Environnement,Athiémé,+229 94 10 44 69,environnement.africa.athiémé@environnement.africa.athiémé.benin,environnementafricaathiémé.bj,PME (10-50),B2C,LinkedIn,,Actif,2026-06-29T00:14:36.059407,haute
BJ-8691F39C,Éolien Clean Bopa,Énergie & Environnement,Bopa,+229 75 39 48 70,,éoliencleanbopa.bj,PME (10-50),B2C,LinkedIn,,Actif,2026-06-29T00:14:36.059424,moyenne
BJ-CDA839F8,Eau Éolien Energy,Énergie & Environnement,Bopa,+229 52 55 34 78,eau.éolien.energy@eau.éolien.energy.org,,PME (10-50),B2C,LinkedIn,,Actif,2026-06-29T00:14:36.059448,moyenne
BJ-38EA906D,Renouvelable SARL Bopa,Énergie & Environnement,Bopa,+229 93 31 64 79,renouvelable.sarl.bopa@renouvelable.sarl.bopa.org,renouvelablesarlbopa.bj,PME (50-200),B2B,LinkedIn,,Actif,2026-06-29T00:14:36.059463,haute
BJ-4F7907EC,Solaire,Énergie & Environnement,Bopa,+229 43 14 68 10,solaire@solaire.com,,PME (10-50),B2B,LinkedIn,,Actif,2026-06-29T00:14:36.059492,moyenne
BJ-C4ABB782,Renouvelable,Énergie & Environnement,Houéyogbé,+229 54 50 96 68,renouvelable@renouvelable.bj,,PME (10-50),B2B,LinkedIn,,Actif,2026-06-29T00:14:36.059510,moyenne
BJ-0773E689,Écologie,Énergie & Environnement,Houéyogbé,+229 96 74 18 76,,écologie.bj,PME (10-50),B2B,LinkedIn,,Actif,2026-06-29T00:14:36.059521,moyenne
BJ-2A92D172,Clean Water,Énergie & Environnement,Houéyogbé,+229 66 77 74 62,,,TPE (<10),B2B,LinkedIn,,Actif,2026-06-29T00:14:36.059561,basse
BJ-909305E3,Eau Vert,Énergie & Environnement,Houéyogbé,+229 65 69 78 67,,eauvert.bj,TPE (<10),B2B,LinkedIn,,Actif,2026-06-29T00:14:36.059573,moyenne
BJ-7AAABA74,Énergie Assainissement,Énergie & Environnement,Malanville,+229 33 36 13 74,énergie.assainissement@énergie.assainissement.org,énergieassainissement.bj,PME (10-50),B2C,LinkedIn,,Actif,2026-06-29T00:14:36.059592,haute
BJ-2B3114EE,Vert Durable Energy,Énergie & Environnement,Malanville,+229 33 26 34 25,vert.durable.energy@vert.durable.energy.org,vertdurableenergy.bj,Grande (>200),B2C,LinkedIn,,Actif,2026-06-29T00:14:36.059618,haute
BJ-BA43EE7D,Renouvelable SARL,Énergie & Environnement,Malanville,+229 97 38 91 77,renouvelable.sarl@renouvelable.sarl.benin,renouvelablesarl.bj,PME (10-50),B2B,LinkedIn,,Actif,2026-06-29T00:14:36.059652,haute
BJ-3B0A7646,Power Solar Malanville,Énergie & Environnement,Malanville,+229 99 86 32 40,,powersolarmalanville.bj,PME (50-200),B2C,LinkedIn,,Actif,2026-06-29T00:14:36.059678,moyenne
BJ-D06418D3,Power Environnement Malanville,Énergie & Environnement,Malanville,+229 91 98 36 85,power.environnement.malanville@power.environnement.malanville.bj,powerenvironnementmalanville.bj,Grande (>200),B2C,LinkedIn,,Actif,2026-06-29T00:14:36.059706,haute
BJ-2DB1BC14,Environnement Eau Power,Énergie & Environnement,Kandi,+229 93 15 27 18,environnement.eau.power@environnement.eau.power.bj,environnementeaupower.bj,TPE (<10),B2C,LinkedIn,,Actif,2026-06-29T00:14:36.059746,haute
BJ-8203CCBE,Éolien Environnement Solar,Énergie & Environnement,Kandi,+229 53 71 63 86,éolien.environnement.solar@éolien.environnement.solar.benin,,Grande (>200),B2C,LinkedIn,,Actif,2026-06-29T00:14:36.059775,moyenne
BJ-D775AF5E,Solar Solaire Africa,Énergie & Environnement,Kandi,+229 94 31 55 26,solar.solaire.africa@solar.solaire.africa.org,,PME (50-200),B2B,LinkedIn,,Actif,2026-06-29T00:14:36.059813,moyenne
BJ-4B31F7C5,Eau Énergie,Énergie & Environnement,Kandi,+229 31 60 91 38,,eauénergie.bj,PME (10-50),B2B,LinkedIn,,Actif,2026-06-29T00:14:36.059841,moyenne
BJ-D39D1AD1,Solaire Solar,Énergie & Environnement,Kandi,+229 38 94 43 54,solaire.solar@solaire.solar.bj,solairesolar.bj,TPE (<10),B2C,LinkedIn,,Actif,2026-06-29T00:14:36.059874,haute
BJ-EA6E7DB8,Eau Hydraulique Water,Énergie & Environnement,Banikoara,+229 69 60 96 18,eau.hydraulique.water@eau.hydraulique.water.com,eauhydrauliquewater.bj,PME (10-50),B2B,LinkedIn,,Actif,2026-06-29T00:14:36.059932,haute
BJ-B7845AA1,Hydraulique,Énergie & Environnement,Banikoara,+229 71 33 27 85,hydraulique@hydraulique.org,,TPE (<10),B2C,LinkedIn,,Actif,2026-06-29T00:14:36.059976,moyenne
BJ-7709BBF9,Solar Clean Water,Énergie & Environnement,Banikoara,+229 83 86 93 31,,,PME (10-50),B2C,LinkedIn,,Actif,2026-06-29T00:14:36.059986,basse
BJ-FF07D586,Éolien Vert,Énergie & Environnement,Banikoara,+229 43 92 54 85,,,TPE (<10),B2B,LinkedIn,,Actif,2026-06-29T00:14:36.059997,basse
BJ-E8D1053A,Énergie Renouvelable Ségbana,Énergie & Environnement,Ségbana,+229 83 59 55 16,,,TPE (<10),B2C,LinkedIn,,Actif,2026-06-29T00:14:36.060014,basse
BJ-79651A6B,Durable Environment Ségbana,Énergie & Environnement,Ségbana,+229 87 83 19 18,durable.environment.ségbana@durable.environment.ségbana.net,durableenvironmentségbana.bj,Grande (>200),B2B,LinkedIn,,Actif,2026-06-29T00:14:36.060028,haute
BJ-1E522F30,Eau Solar,Énergie & Environnement,Ségbana,+229 64 18 95 45,eau.solar@eau.solar.org,eausolar.bj,PME (10-50),B2C,LinkedIn,,Actif,2026-06-29T00:14:36.060040,haute
BJ-862C12A8,Power Environment,Énergie & Environnement,Ségbana,+229 61 39 65 34,power.environment@power.environment.org,powerenvironment.bj,TPE (<10),B2B,LinkedIn,,Actif,2026-06-29T00:14:36.060056,haute
BJ-8A8BF95E,Solar Solaire Environment,Énergie & Environnement,Ségbana,+229 84 37 16 73,solar.solaire.environment@solar.solaire.environment.benin,solarsolaireenvironment.bj,PME (10-50),B2B,LinkedIn,,Actif,2026-06-29T00:14:36.060068,haute
BJ-EEF3D362,Power Renouvelable Africa,Énergie & Environnement,Karimama,+229 29 87 76 85,,powerrenouvelableafrica.bj,Grande (>200),B2C,LinkedIn,,Actif,2026-06-29T00:14:36.060088,moyenne
BJ-6AADDC6C,Power Power,Énergie & Environnement,Karimama,+229 52 60 27 84,power.power@power.power.com,,PME (50-200),B2B,LinkedIn,,Actif,2026-06-29T00:14:36.060099,moyenne
BJ-38B17D5F,Solaire SARL,Énergie & Environnement,Karimama,+229 68 75 99 56,solaire.sarl@solaire.sarl.org,,PME (50-200),B2B,LinkedIn,,Actif,2026-06-29T00:14:36.060111,moyenne
BJ-277781A2,Eau Durable,Énergie & Environnement,Karimama,+229 30 30 34 27,eau.durable@eau.durable.org,eaudurable.bj,PME (10-50),B2B,LinkedIn,,Actif,2026-06-29T00:14:36.060126,haute
BJ-DB5E60F1,Environnement Énergie Power,Énergie & Environnement,Karimama,+229 26 83 78 57,,,TPE (<10),B2B,LinkedIn,,Actif,2026-06-29T00:14:36.060136,basse
BJ-D755C918,Solar Solaire,Énergie & Environnement,Gogounou,+229 56 94 43 96,solar.solaire@solar.solaire.benin,solarsolaire.bj,TPE (<10),B2C,LinkedIn,,Actif,2026-06-29T00:14:36.060153,haute
BJ-376AE7BC,Power Éolien,Énergie & Environnement,Gogounou,+229 57 13 33 43,,poweréolien.bj,PME (10-50),B2C,LinkedIn,,Actif,2026-06-29T00:14:36.060165,moyenne
BJ-5F206013,Renouvelable Environment,Énergie & Environnement,Gogounou,+229 89 96 63 22,renouvelable.environment@renouvelable.environment.net,renouvelableenvironment.bj,PME (10-50),B2C,LinkedIn,,Actif,2026-06-29T00:14:36.060177,haute
BJ-BCF880FB,Éolien Solar Gogounou,Énergie & Environnement,Gogounou,+229 64 48 27 15,éolien.solar.gogounou@éolien.solar.gogounou.benin,,PME (10-50),B2B,LinkedIn,,Actif,2026-06-29T00:14:36.060191,moyenne
BJ-BE1529AD,Eau Hydraulique,Énergie & Environnement,Cobly,+229 62 51 41 90,eau.hydraulique@eau.hydraulique.bj,eauhydraulique.bj,TPE (<10),B2B,LinkedIn,,Actif,2026-06-29T00:14:36.060234,haute
BJ-A2DCF792,Vert Eau,Énergie & Environnement,Cobly,+229 47 22 26 28,,verteau.bj,Grande (>200),B2B,LinkedIn,,Actif,2026-06-29T00:14:36.060245,moyenne
BJ-F17803F3,Énergie,Énergie & Environnement,Cobly,+229 39 37 79 35,,énergie.bj,PME (50-200),B2B,LinkedIn,,Actif,2026-06-29T00:14:36.060256,moyenne
BJ-169CF955,Eau Renouvelable Solar,Énergie & Environnement,Cobly,+229 52 36 11 94,eau.renouvelable.solar@eau.renouvelable.solar.net,,PME (50-200),B2C,LinkedIn,,Actif,2026-06-29T00:14:36.060267,moyenne
BJ-8A69DD41,Hydraulique Africa,Énergie & Environnement,Tanguiéta,+229 52 21 26 28,hydraulique.africa@hydraulique.africa.org,hydrauliqueafrica.bj,TPE (<10),B2B,LinkedIn,,Actif,2026-06-29T00:14:36.060288,haute
BJ-B0206D38,Power Vert Energy,Énergie & Environnement,Tanguiéta,+229 74 13 33 82,power.vert.energy@power.vert.energy.benin,powervertenergy.bj,TPE (<10),B2C,LinkedIn,,Actif,2026-06-29T00:14:36.060299,haute
BJ-10B651F6,Éolien Hydraulique,Énergie & Environnement,Tanguiéta,+229 28 85 97 65,éolien.hydraulique@éolien.hydraulique.benin,éolienhydraulique.bj,TPE (<10),B2B,LinkedIn,,Actif,2026-06-29T00:14:36.060312,haute
BJ-0CF63B1C,Énergie Eau Africa Tanguiéta,Énergie & Environnement,Tanguiéta,+229 37 89 89 72,énergie.eau.africa.tanguiéta@énergie.eau.africa.tanguiéta.org,énergieeauafricatanguiéta.bj,TPE (<10),B2B,LinkedIn,,Actif,2026-06-29T00:14:36.060327,haute
BJ-DB521D50,Durable SARL,Énergie & Environnement,Matéri,+229 81 11 62 28,durable.sarl@durable.sarl.net,,TPE (<10),B2C,LinkedIn,,Actif,2026-06-29T00:14:36.060359,moyenne
BJ-B8311D26,Écologie Power,Énergie & Environnement,Matéri,+229 27 43 97 25,,écologiepower.bj,PME (10-50),B2B,LinkedIn,,Actif,2026-06-29T00:14:36.060371,moyenne
BJ-D647B9E1,Vert Matéri,Énergie & Environnement,Matéri,+229 29 53 38 17,vert.matéri@vert.matéri.benin,,PME (10-50),B2C,LinkedIn,,Actif,2026-06-29T00:14:36.060382,moyenne
BJ-2D928D77,Assainissement Bénin,Énergie & Environnement,Matéri,+229 29 37 64 91,assainissement.bénin@assainissement.bénin.com,,Grande (>200),B2B,LinkedIn,,Actif,2026-06-29T00:14:36.060394,moyenne
BJ-23788A51,Vert Éolien Power,Énergie & Environnement,Matéri,+229 45 63 13 38,,vertéolienpower.bj,Grande (>200),B2B,LinkedIn,,Actif,2026-06-29T00:14:36.060405,moyenne
BJ-49E4F95C,Vert Écologie Africa,Énergie & Environnement,Natitingou,+229 47 93 95 59,vert.écologie.africa@vert.écologie.africa.com,vertécologieafrica.bj,TPE (<10),B2C,LinkedIn,,Actif,2026-06-29T00:14:36.060423,haute
BJ-8191B4C2,Solaire,Énergie & Environnement,Natitingou,+229 26 67 99 42,solaire@solaire.benin,solaire.bj,TPE (<10),B2B,LinkedIn,,Actif,2026-06-29T00:14:36.060434,haute
BJ-08F19EBD,Éolien Solar,Énergie & Environnement,Natitingou,+229 66 90 77 54,éolien.solar@éolien.solar.com,éoliensolar.bj,Grande (>200),B2B,LinkedIn,,Actif,2026-06-29T00:14:36.060460,haute
BJ-76CC9E1A,Power Energy Toucountouna,Énergie & Environnement,Toucountouna,+229 78 21 19 40,power.energy.toucountouna@power.energy.toucountouna.net,powerenergytoucountouna.bj,PME (10-50),B2B,LinkedIn,,Actif,2026-06-29T00:14:36.060491,haute
BJ-0267965B,Énergie Eau SARL Toucountouna,Énergie & Environnement,Toucountouna,+229 30 95 79 65,énergie.eau.sarl.toucountouna@énergie.eau.sarl.toucountouna.benin,énergieeausarltoucountouna.bj,PME (10-50),B2C,LinkedIn,,Actif,2026-06-29T00:14:36.060504,haute
BJ-2BD80E38,Solaire Solar Toucountouna,Énergie & Environnement,Toucountouna,+229 29 54 74 56,,,PME (50-200),B2C,LinkedIn,,Actif,2026-06-29T00:14:36.060514,basse
BJ-36BAB03A,Clean Toucountouna,Énergie & Environnement,Toucountouna,+229 39 83 53 93,,cleantoucountouna.bj,PME (10-50),B2B,LinkedIn,,Actif,2026-06-29T00:14:36.060525,moyenne
BJ-0548C08F,Énergie,Énergie & Environnement,Toucountouna,+229 44 48 36 38,énergie@énergie.org,énergie.bj,PME (50-200),B2B,LinkedIn,,Actif,2026-06-29T00:14:36.060537,haute
BJ-7C825EC7,Éolien Vert Bénin,Énergie & Environnement,Boukoumbé,+229 41 93 16 20,éolien.vert.bénin@éolien.vert.bénin.org,,TPE (<10),B2C,LinkedIn,,Actif,2026-06-29T00:14:36.060554,moyenne
BJ-CDFE36C8,Vert,Énergie & Environnement,Boukoumbé,+229 44 17 87 81,,vert.bj,PME (10-50),B2B,LinkedIn,,Actif,2026-06-29T00:14:36.060565,moyenne
BJ-C2491E19,Éolien Boukoumbé,Énergie & Environnement,Boukoumbé,+229 55 22 97 20,éolien.boukoumbé@éolien.boukoumbé.bj,éolienboukoumbé.bj,PME (10-50),B2B,LinkedIn,,Actif,2026-06-29T00:14:36.060580,haute
BJ-7CFE17C8,Power,Énergie & Environnement,Boukoumbé,+229 77 28 76 86,power@power.com,power.bj,Grande (>200),B2B,LinkedIn,,Actif,2026-06-29T00:14:36.060610,haute
BJ-9B68C10E,Eau Vert Water,Énergie & Environnement,Kouandé,+229 75 44 68 18,,eauvertwater.bj,PME (10-50),B2B,LinkedIn,,Actif,2026-06-29T00:14:36.060626,moyenne
BJ-674C7F14,Eau Énergie,Énergie & Environnement,Kouandé,+229 73 31 71 58,eau.énergie@eau.énergie.benin,,TPE (<10),B2B,LinkedIn,,Actif,2026-06-29T00:14:36.060638,moyenne
BJ-278146B5,Éolien Écologie Bénin,Énergie & Environnement,Kouandé,+229 64 88 90 52,éolien.écologie.bénin@éolien.écologie.bénin.com,éolienécologiebénin.bj,PME (10-50),B2C,LinkedIn,,Actif,2026-06-29T00:14:36.060650,haute
BJ-C74F4441,Vert Power Kouandé,Énergie & Environnement,Kouandé,+229 46 21 78 78,vert.power.kouandé@vert.power.kouandé.com,vertpowerkouandé.bj,PME (10-50),B2B,LinkedIn,,Actif,2026-06-29T00:14:36.060662,haute
BJ-4A2C3B54,Hydraulique SARL,Énergie & Environnement,Kouandé,+229 65 13 48 44,hydraulique.sarl@hydraulique.sarl.org,hydrauliquesarl.bj,PME (50-200),B2C,LinkedIn,,Actif,2026-06-29T00:14:36.060673,haute
BJ-A273762B,Power Energy Péhunco,Énergie & Environnement,Péhunco,+229 62 79 26 72,,powerenergypéhunco.bj,Grande (>200),B2C,LinkedIn,,Actif,2026-06-29T00:14:36.060690,moyenne
BJ-2E969D9C,Solaire,Énergie & Environnement,Péhunco,+229 75 96 96 38,solaire@solaire.org,,PME (50-200),B2B,LinkedIn,,Actif,2026-06-29T00:14:36.060701,moyenne
BJ-89907B4D,Écologie Energy,Énergie & Environnement,Péhunco,+229 53 34 95 34,écologie.energy@écologie.energy.bj,,PME (10-50),B2C,LinkedIn,,Actif,2026-06-29T00:14:36.060712,moyenne
BJ-75809EDA,Énergie Assainissement,Énergie & Environnement,Péhunco,+229 96 55 19 27,énergie.assainissement@énergie.assainissement.benin,énergieassainissement.bj,TPE (<10),B2C,LinkedIn,,Actif,2026-06-29T00:14:36.060730,haute
BJ-4F0404D8,Énergie Renouvelable,Énergie & Environnement,Tchaourou,+229 69 91 97 59,,énergierenouvelable.bj,PME (10-50),B2C,LinkedIn,,Actif,2026-06-29T00:14:36.060759,moyenne
BJ-6CD857E8,Power Eau,Énergie & Environnement,Tchaourou,+229 61 48 94 91,,powereau.bj,PME (50-200),B2C,LinkedIn,,Actif,2026-06-29T00:14:36.060770,moyenne
BJ-2BFD3F9F,Écologie Power,Énergie & Environnement,Tchaourou,+229 39 73 49 58,,,TPE (<10),B2C,LinkedIn,,Actif,2026-06-29T00:14:36.060789,basse
BJ-AFB02340,Environnement Hydraulique,Énergie & Environnement,Tchaourou,+229 89 25 59 12,environnement.hydraulique@environnement.hydraulique.com,,PME (50-200),B2B,LinkedIn,,Actif,2026-06-29T00:14:36.060803,moyenne
BJ-EEE725F0,Énergie Power Africa,Énergie & Environnement,Nikki,+229 45 80 52 93,énergie.power.africa@énergie.power.africa.net,,TPE (<10),B2C,LinkedIn,,Actif,2026-06-29T00:14:36.060820,moyenne
BJ-A7EB70AA,Eau Solaire Water,Énergie & Environnement,Nikki,+229 84 59 91 70,eau.solaire.water@eau.solaire.water.com,eausolairewater.bj,PME (10-50),B2C,LinkedIn,,Actif,2026-06-29T00:14:36.060845,haute
BJ-0816A4A3,Power Eau,Énergie & Environnement,Nikki,+229 37 61 27 66,power.eau@power.eau.bj,powereau.bj,TPE (<10),B2B,LinkedIn,,Actif,2026-06-29T00:14:36.060859,haute
BJ-73632824,Solar Éolien,Énergie & Environnement,Nikki,+229 66 79 80 26,solar.éolien@solar.éolien.bj,solaréolien.bj,TPE (<10),B2B,LinkedIn,,Actif,2026-06-29T00:14:36.060871,haute
BJ-E0D91DF9,Eau Solaire,Énergie & Environnement,Bembéréké,+229 98 41 75 49,,eausolaire.bj,Grande (>200),B2B,LinkedIn,,Actif,2026-06-29T00:14:36.060934,moyenne
BJ-0D57F29B,Power Assainissement,Énergie & Environnement,Bembéréké,+229 49 87 91 74,power.assainissement@power.assainissement.org,,TPE (<10),B2C,LinkedIn,,Actif,2026-06-29T00:14:36.060980,moyenne
BJ-14B693C7,Vert,Énergie & Environnement,Bembéréké,+229 58 36 17 73,,vert.bj,PME (10-50),B2C,LinkedIn,,Actif,2026-06-29T00:14:36.061005,moyenne
BJ-7F77DDC7,Vert Énergie Bembéréké,Énergie & Environnement,Bembéréké,+229 51 39 56 94,vert.énergie.bembéréké@vert.énergie.bembéréké.benin,verténergiebembéréké.bj,TPE (<10),B2B,LinkedIn,,Actif,2026-06-29T00:14:36.061020,haute
BJ-55EE821A,Éolien Clean Bénin,Énergie & Environnement,Kalalé,+229 89 95 98 91,éolien.clean.bénin@éolien.clean.bénin.org,éoliencleanbénin.bj,Grande (>200),B2B,LinkedIn,,Actif,2026-06-29T00:14:36.061041,haute
BJ-34F288F1,Power Bénin,Énergie & Environnement,Kalalé,+229 81 16 19 84,power.bénin@power.bénin.bj,powerbénin.bj,TPE (<10),B2C,LinkedIn,,Actif,2026-06-29T00:14:36.061055,haute
BJ-C77EE131,Environnement SARL Kalalé,Énergie & Environnement,Kalalé,+229 67 25 96 78,environnement.sarl.kalalé@environnement.sarl.kalalé.bj,,PME (10-50),B2B,LinkedIn,,Actif,2026-06-29T00:14:36.061068,moyenne
BJ-16208D0A,Solaire,Énergie & Environnement,Kalalé,+229 48 35 34 68,,,PME (50-200),B2B,LinkedIn,,Actif,2026-06-29T00:14:36.061081,basse
BJ-B4E91246,Eau Solaire,Énergie & Environnement,Kalalé,+229 95 60 20 37,eau.solaire@eau.solaire.benin,eausolaire.bj,PME (50-200),B2C,LinkedIn,,Actif,2026-06-29T00:14:36.061094,haute
BJ-7D330CD6,Power Écologie,Énergie & Environnement,Ndali,+229 30 94 25 97,power.écologie@power.écologie.org,,PME (10-50),B2C,LinkedIn,,Actif,2026-06-29T00:14:36.061114,moyenne
BJ-0056249A,Vert,Énergie & Environnement,Ndali,+229 99 14 94 88,vert@vert.org,vert.bj,PME (50-200),B2B,LinkedIn,,Actif,2026-06-29T00:14:36.061132,haute
BJ-08EFDE7E,Durable Power,Énergie & Environnement,Ndali,+229 52 96 33 38,,durablepower.bj,TPE (<10),B2B,LinkedIn,,Actif,2026-06-29T00:14:36.061179,moyenne
BJ-80963E78,Assainissement,Énergie & Environnement,Ndali,+229 99 72 50 20,assainissement@assainissement.net,assainissement.bj,PME (10-50),B2C,LinkedIn,,Actif,2026-06-29T00:14:36.061199,haute
BJ-ED137CFA,Power Énergie,Énergie & Environnement,Ségbana,+229 88 72 91 76,,,PME (10-50),B2C,LinkedIn,,Actif,2026-06-29T00:14:36.061236,basse
BJ-2D96F0CD,Hydraulique,Énergie & Environnement,Ségbana,+229 29 16 57 46,,hydraulique.bj,PME (10-50),B2C,LinkedIn,,Actif,2026-06-29T00:14:36.061264,moyenne
BJ-A0BBAE1B,Hydraulique SARL,Énergie & Environnement,Ségbana,+229 78 44 12 27,hydraulique.sarl@hydraulique.sarl.net,hydrauliquesarl.bj,Grande (>200),B2B,LinkedIn,,Actif,2026-06-29T00:14:36.061328,haute
BJ-25B44628,Hydraulique Solar,Énergie & Environnement,Ségbana,+229 61 75 35 84,,,TPE (<10),B2B,LinkedIn,,Actif,2026-06-29T00:14:36.061354,basse
BJ-CC578D25,Power Éolien,Énergie & Environnement,Tchaourou,+229 64 69 13 45,,,PME (10-50),B2B,LinkedIn,,Actif,2026-06-29T00:14:36.061388,basse
BJ-09809306,Solaire Water,Énergie & Environnement,Tchaourou,+229 25 30 16 91,solaire.water@solaire.water.org,solairewater.bj,TPE (<10),B2C,LinkedIn,,Actif,2026-06-29T00:14:36.061470,haute
BJ-A0F4BD9A,Solaire Tchaourou,Énergie & Environnement,Tchaourou,+229 97 62 53 24,solaire.tchaourou@solaire.tchaourou.net,solairetchaourou.bj,PME (10-50),B2B,LinkedIn,,Actif,2026-06-29T00:14:36.061497,haute
BJ-A3F54D0A,Solaire Power Bétérou,Énergie & Environnement,Bétérou,+229 44 73 70 86,,solairepowerbétérou.bj,PME (10-50),B2C,LinkedIn,,Actif,2026-06-29T00:14:36.061533,moyenne
BJ-5439E9E5,Solar Renouvelable,Énergie & Environnement,Bétérou,+229 75 95 67 40,,solarrenouvelable.bj,TPE (<10),B2B,LinkedIn,,Actif,2026-06-29T00:14:36.061565,moyenne
BJ-7FA3B7CC,Environnement,Énergie & Environnement,Bétérou,+229 52 95 80 34,environnement@environnement.benin,environnement.bj,PME (10-50),B2B,LinkedIn,,Actif,2026-06-29T00:14:36.061594,haute
BJ-AE8D4082,Clean,Énergie & Environnement,Bétérou,+229 45 99 57 56,clean@clean.com,clean.bj,TPE (<10),B2B,LinkedIn,,Actif,2026-06-29T00:14:36.061623,haute
BJ-C9A80D6E,Solar Environnement,Énergie & Environnement,Ouessè,+229 99 38 67 19,,,PME (50-200),B2C,LinkedIn,,Actif,2026-06-29T00:14:36.061695,basse
BJ-9ED74622,Assainissement Water,Énergie & Environnement,Ouessè,+229 21 30 47 23,assainissement.water@assainissement.water.com,assainissementwater.bj,TPE (<10),B2C,LinkedIn,,Actif,2026-06-29T00:14:36.061725,haute
BJ-5633949E,Écologie Water,Énergie & Environnement,Ouessè,+229 98 50 52 31,,écologiewater.bj,PME (10-50),B2B,LinkedIn,,Actif,2026-06-29T00:14:36.061749,moyenne
BJ-289741CF,Eau Assainissement,Énergie & Environnement,Ouessè,+229 57 98 66 86,eau.assainissement@eau.assainissement.com,eauassainissement.bj,TPE (<10),B2C,LinkedIn,,Actif,2026-06-29T00:14:36.061771,haute
BJ-B7774937,Vert Durable Water,Énergie & Environnement,Ouessè,+229 64 70 40 38,,vertdurablewater.bj,Grande (>200),B2C,LinkedIn,,Actif,2026-06-29T00:14:36.061796,moyenne
BJ-145F5D8D,Assainissement Power,Énergie & Environnement,Glazoué,+229 81 65 90 24,assainissement.power@assainissement.power.net,assainissementpower.bj,TPE (<10),B2C,LinkedIn,,Actif,2026-06-29T00:14:36.061847,haute
BJ-605167AC,Environnement Durable,Énergie & Environnement,Glazoué,+229 97 75 99 24,,environnementdurable.bj,TPE (<10),B2B,LinkedIn,,Actif,2026-06-29T00:14:36.061878,moyenne
BJ-C4C7A506,Environnement Vert Africa Glazoué,Énergie & Environnement,Glazoué,+229 91 32 67 64,,,TPE (<10),B2B,LinkedIn,,Actif,2026-06-29T00:14:36.061922,basse
BJ-271CF14D,Renouvelable Africa,Énergie & Environnement,Glazoué,+229 74 71 90 86,renouvelable.africa@renouvelable.africa.com,,PME (10-50),B2B,LinkedIn,,Actif,2026-06-29T00:14:36.062000,moyenne
BJ-07BA49CD,Solaire Water Dassa-Zoumè,Énergie & Environnement,Dassa-Zoumè,+229 32 47 22 55,,,TPE (<10),B2C,LinkedIn,,Actif,2026-06-29T00:14:36.062051,basse
BJ-01C9839B,Solar Environnement,Énergie & Environnement,Dassa-Zoumè,+229 24 51 39 49,solar.environnement@solar.environnement.com,solarenvironnement.bj,PME (50-200),B2C,LinkedIn,,Actif,2026-06-29T00:14:36.062124,haute
BJ-4B3E46D6,Eau Eau Energy,Énergie & Environnement,Dassa-Zoumè,+229 26 10 60 76,eau.eau.energy@eau.eau.energy.net,,PME (50-200),B2B,LinkedIn,,Actif,2026-06-29T00:14:36.062179,moyenne
BJ-5AE5148B,Vert Renouvelable Savalou,Énergie & Environnement,Savalou,+229 82 63 82 26,vert.renouvelable.savalou@vert.renouvelable.savalou.org,,PME (10-50),B2B,LinkedIn,,Actif,2026-06-29T00:14:36.062205,moyenne
BJ-A0469676,Power Écologie Water Savalou,Énergie & Environnement,Savalou,+229 84 64 66 96,,powerécologiewatersavalou.bj,PME (10-50),B2B,LinkedIn,,Actif,2026-06-29T00:14:36.062219,moyenne
BJ-3289E8E5,Renouvelable Water,Énergie & Environnement,Savalou,+229 27 70 73 73,,,PME (50-200),B2C,LinkedIn,,Actif,2026-06-29T00:14:36.062230,basse
BJ-06E1977D,Écologie Savalou,Énergie & Environnement,Savalou,+229 69 51 43 94,écologie.savalou@écologie.savalou.com,écologiesavalou.bj,PME (10-50),B2C,LinkedIn,,Actif,2026-06-29T00:14:36.062253,haute
BJ-F1A69895,Vert,Énergie & Environnement,Bantè,+229 88 14 89 40,,vert.bj,TPE (<10),B2C,LinkedIn,,Actif,2026-06-29T00:14:36.062386,moyenne
BJ-E1636945,Solar Énergie Energy,Énergie & Environnement,Bantè,+229 81 51 54 13,solar.énergie.energy@solar.énergie.energy.com,,TPE (<10),B2B,LinkedIn,,Actif,2026-06-29T00:14:36.062415,moyenne
BJ-C90D4200,Éolien Power Power,Énergie & Environnement,Bantè,+229 52 67 11 88,,éolienpowerpower.bj,PME (10-50),B2C,LinkedIn,,Actif,2026-06-29T00:14:36.062442,moyenne
BJ-726DBE08,Eau Environnement Africa,Énergie & Environnement,Djougou,+229 30 83 93 17,eau.environnement.africa@eau.environnement.africa.org,eauenvironnementafrica.bj,TPE (<10),B2C,LinkedIn,,Actif,2026-06-29T00:14:36.062483,haute
BJ-5A80F477,Eau Eau,Énergie & Environnement,Djougou,+229 61 18 51 76,,,TPE (<10),B2C,LinkedIn,,Actif,2026-06-29T00:14:36.062520,basse
BJ-67B2C274,Solar Écologie,Énergie & Environnement,Djougou,+229 31 66 93 75,solar.écologie@solar.écologie.com,,PME (10-50),B2B,LinkedIn,,Actif,2026-06-29T00:14:36.062554,moyenne
BJ-F8875869,Énergie SARL,Énergie & Environnement,Djougou,+229 78 22 15 41,énergie.sarl@énergie.sarl.com,énergiesarl.bj,Grande (>200),B2C,LinkedIn,,Actif,2026-06-29T00:14:36.062592,haute
BJ-32AF59F5,Vert Solaire Africa,Énergie & Environnement,Djougou,+229 62 68 12 44,vert.solaire.africa@vert.solaire.africa.benin,vertsolaireafrica.bj,PME (50-200),B2C,LinkedIn,,Actif,2026-06-29T00:14:36.062622,haute
BJ-3AE54E9E,Environnement Assainissement,Énergie & Environnement,Ouèssè,+229 60 92 24 10,environnement.assainissement@environnement.assainissement.com,environnementassainissement.bj,PME (10-50),B2B,LinkedIn,,Actif,2026-06-29T00:14:36.062667,haute
BJ-B22F779E,Eau Durable Solar,Énergie & Environnement,Ouèssè,+229 87 67 24 87,eau.durable.solar@eau.durable.solar.org,eaudurablesolar.bj,Grande (>200),B2C,LinkedIn,,Actif,2026-06-29T00:14:36.062702,haute
BJ-6E3BE016,Eau Eau Water,Énergie & Environnement,Ouèssè,+229 51 20 48 79,eau.eau.water@eau.eau.water.net,eaueauwater.bj,TPE (<10),B2C,LinkedIn,,Actif,2026-06-29T00:14:36.062732,haute
BJ-71DC15D3,Power Africa Ouèssè,Énergie & Environnement,Ouèssè,+229 22 67 39 86,power.africa.ouèssè@power.africa.ouèssè.net,powerafricaouèssè.bj,TPE (<10),B2B,LinkedIn,,Actif,2026-06-29T00:14:36.062776,haute
BJ-4A8A4CAD,Solaire Energy,Énergie & Environnement,Ouèssè,+229 54 72 33 41,,solaireenergy.bj,PME (10-50),B2B,LinkedIn,,Actif,2026-06-29T00:14:36.062818,moyenne
BJ-A32C196B,Hydraulique,Énergie & Environnement,Bassila,+229 92 97 77 76,,hydraulique.bj,PME (10-50),B2B,LinkedIn,,Actif,2026-06-29T00:14:36.062871,moyenne
BJ-C8E6A596,Environnement Hydraulique SARL,Énergie & Environnement,Bassila,+229 42 40 12 24,environnement.hydraulique.sarl@environnement.hydraulique.sarl.com,,PME (50-200),B2B,LinkedIn,,Actif,2026-06-29T00:14:36.062918,moyenne
BJ-936E77AB,Solaire Energy,Énergie & Environnement,Bassila,+229 97 18 54 50,,,TPE (<10),B2B,LinkedIn,,Actif,2026-06-29T00:14:36.062977,basse
BJ-7026F152,Énergie Écologie,Énergie & Environnement,Bassila,+229 76 91 86 87,,,TPE (<10),B2B,LinkedIn,,Actif,2026-06-29T00:14:36.063004,basse
BJ-C30EF838,Environnement Renouvelable,Énergie & Environnement,Pehunco,+229 51 55 13 56,,,PME (10-50),B2B,LinkedIn,,Actif,2026-06-29T00:14:36.063040,basse
BJ-B18B115C,Solar Clean,Énergie & Environnement,Pehunco,+229 66 95 20 19,solar.clean@solar.clean.org,,PME (10-50),B2B,LinkedIn,,Actif,2026-06-29T00:14:36.063069,moyenne
BJ-6BA5ADA9,Éolien Éolien Energy,Énergie & Environnement,Pehunco,+229 30 95 27 66,,,PME (10-50),B2C,LinkedIn,,Actif,2026-06-29T00:14:36.063097,basse
BJ-A08FE395,Vert Renouvelable,Énergie & Environnement,Pehunco,+229 33 61 59 29,,,PME (50-200),B2C,LinkedIn,,Actif,2026-06-29T00:14:36.063127,basse
BJ-312630AC,Power,Énergie & Environnement,Pehunco,+229 90 53 31 84,power@power.bj,power.bj,Grande (>200),B2B,LinkedIn,,Actif,2026-06-29T00:14:36.063154,haute
BJ-3459DDC5,Durable Environment,Énergie & Environnement,Copargo,+229 31 89 65 93,durable.environment@durable.environment.com,,TPE (<10),B2B,LinkedIn,,Actif,2026-06-29T00:14:36.063194,moyenne
BJ-6FEE0C1E,Renouvelable,Énergie & Environnement,Copargo,+229 24 63 50 57,renouvelable@renouvelable.bj,,TPE (<10),B2B,LinkedIn,,Actif,2026-06-29T00:14:36.063258,moyenne
BJ-83B0E7A3,Éolien Eau Copargo,Énergie & Environnement,Copargo,+229 75 81 26 10,,éolieneaucopargo.bj,PME (10-50),B2B,LinkedIn,,Actif,2026-06-29T00:14:36.063294,moyenne
BJ-2C49FFA0,Solaire,Énergie & Environnement,Copargo,+229 42 63 42 43,,solaire.bj,TPE (<10),B2C,LinkedIn,,Actif,2026-06-29T00:14:36.063321,moyenne
BJ-5C039F06,Actualité,Médias & Communication,Cotonou,+229 73 48 27 48,,actualité.bj,TPE (<10),B2B,LinkedIn,,Actif,2026-06-29T00:14:36.063359,moyenne
BJ-C39A3AA7,TV Liberté,Médias & Communication,Cotonou,+229 82 45 64 22,,tvliberté.bj,PME (50-200),B2C,LinkedIn,,Actif,2026-06-29T00:14:36.063391,moyenne
BJ-38106899,Journal Information,Médias & Communication,Cotonou,+229 33 47 56 39,,journalinformation.bj,PME (10-50),B2B,LinkedIn,,Actif,2026-06-29T00:14:36.063422,moyenne
BJ-D2CB64E8,Presse National Cotonou,Médias & Communication,Cotonou,+229 30 65 16 16,,,TPE (<10),B2B,LinkedIn,,Actif,2026-06-29T00:14:36.063479,basse
BJ-C6B6BBF2,Radio Démocratie Press,Médias & Communication,Abomey-Calavi,+229 86 13 77 38,radio.démocratie.press@radio.démocratie.press.net,,TPE (<10),B2B,LinkedIn,,Actif,2026-06-29T00:14:36.063519,moyenne
BJ-FDAA27C6,Presse Media,Médias & Communication,Abomey-Calavi,+229 40 51 15 56,presse.media@presse.media.bj,pressemedia.bj,PME (10-50),B2C,LinkedIn,,Actif,2026-06-29T00:14:36.063549,haute
BJ-33282005,Média,Médias & Communication,Abomey-Calavi,+229 51 61 87 32,,média.bj,Grande (>200),B2C,LinkedIn,,Actif,2026-06-29T00:14:36.063580,moyenne
BJ-A8F79E12,TV Actualité TV,Médias & Communication,Abomey-Calavi,+229 31 12 57 97,,tvactualitétv.bj,Grande (>200),B2B,LinkedIn,,Actif,2026-06-29T00:14:36.063612,moyenne
BJ-053EED75,TV Liberté,Médias & Communication,Abomey-Calavi,+229 31 91 47 77,tv.liberté@tv.liberté.bj,tvliberté.bj,PME (50-200),B2B,LinkedIn,,Actif,2026-06-29T00:14:36.063645,haute
BJ-3AD4A705,Liberté TV,Médias & Communication,Porto-Novo,+229 93 54 55 54,,libertétv.bj,TPE (<10),B2B,LinkedIn,,Actif,2026-06-29T00:14:36.063683,moyenne
BJ-B72BA723,Radio Démocratie,Médias & Communication,Porto-Novo,+229 50 90 50 93,radio.démocratie@radio.démocratie.org,,PME (50-200),B2B,LinkedIn,,Actif,2026-06-29T00:14:36.063713,moyenne
BJ-98667339,Média Journal Media,Médias & Communication,Porto-Novo,+229 47 60 32 87,média.journal.media@média.journal.media.com,médiajournalmedia.bj,PME (10-50),B2C,LinkedIn,,Actif,2026-06-29T00:14:36.063742,haute
BJ-84580589,TV Télévision,Médias & Communication,Porto-Novo,+229 99 10 88 44,,tvtélévision.bj,TPE (<10),B2B,LinkedIn,,Actif,2026-06-29T00:14:36.063768,moyenne
BJ-72E33ECF,TV Radio,Médias & Communication,Porto-Novo,+229 50 16 29 85,,tvradio.bj,TPE (<10),B2B,LinkedIn,,Actif,2026-06-29T00:14:36.063793,moyenne
BJ-7D5130C1,Liberté Parakou,Médias & Communication,Parakou,+229 50 79 66 42,,libertéparakou.bj,TPE (<10),B2B,LinkedIn,,Actif,2026-06-29T00:14:36.063830,moyenne
BJ-589DFAE4,Journal Démocratie TV,Médias & Communication,Parakou,+229 34 75 91 45,,journaldémocratietv.bj,TPE (<10),B2C,LinkedIn,,Actif,2026-06-29T00:14:36.063871,moyenne
BJ-3C381BE4,Radio Actualité Radio Parakou,Médias & Communication,Parakou,+229 90 22 99 33,radio.actualité.radio.parakou@radio.actualité.radio.parakou.net,,Grande (>200),B2B,LinkedIn,,Actif,2026-06-29T00:14:36.063924,moyenne
BJ-33E5F211,Radio Parakou,Médias & Communication,Parakou,+229 25 14 13 30,radio.parakou@radio.parakou.net,radioparakou.bj,TPE (<10),B2B,LinkedIn,,Actif,2026-06-29T00:14:36.063962,haute
BJ-09B183B6,Radio Actualité Parakou,Médias & Communication,Parakou,+229 42 61 66 38,radio.actualité.parakou@radio.actualité.parakou.org,,TPE (<10),B2B,LinkedIn,,Actif,2026-06-29T00:14:36.064001,moyenne
BJ-741727FF,Radio Information Africa,Médias & Communication,Bohicon,+229 95 98 42 53,radio.information.africa@radio.information.africa.com,,PME (50-200),B2B,LinkedIn,,Actif,2026-06-29T00:14:36.064049,moyenne
BJ-DD819B4F,Radio National,Médias & Communication,Bohicon,+229 45 45 51 32,radio.national@radio.national.org,,PME (10-50),B2B,LinkedIn,,Actif,2026-06-29T00:14:36.064077,moyenne
BJ-69E5AE6D,Radio Nouvelles,Médias & Communication,Bohicon,+229 63 66 90 29,,radionouvelles.bj,PME (50-200),B2C,LinkedIn,,Actif,2026-06-29T00:14:36.064102,moyenne
BJ-E3006F78,TV Télévision Bohicon,Médias & Communication,Bohicon,+229 37 33 66 85,,tvtélévisionbohicon.bj,TPE (<10),B2B,LinkedIn,,Actif,2026-06-29T00:14:36.064136,moyenne
BJ-B36870B6,TV Presse Press,Médias & Communication,Natitingou,+229 63 19 17 81,,tvpressepress.bj,TPE (<10),B2B,LinkedIn,,Actif,2026-06-29T00:14:36.064230,moyenne
BJ-ECAE69C5,Agence Publicité TV,Médias & Communication,Natitingou,+229 32 17 39 10,,agencepublicitétv.bj,TPE (<10),B2B,LinkedIn,,Actif,2026-06-29T00:14:36.064257,moyenne
BJ-16CABABC,Communication,Médias & Communication,Natitingou,+229 80 71 64 65,,communication.bj,PME (10-50),B2B,LinkedIn,,Actif,2026-06-29T00:14:36.064286,moyenne
BJ-CBBD56C0,Communication Démocratie Natitingou,Médias & Communication,Natitingou,+229 62 26 69 85,,,PME (50-200),B2B,LinkedIn,,Actif,2026-06-29T00:14:36.064312,basse
BJ-CC2613F6,Information,Médias & Communication,Lokossa,+229 25 65 94 16,,information.bj,Grande (>200),B2C,LinkedIn,,Actif,2026-06-29T00:14:36.064350,moyenne
BJ-60EFFD0A,Radio Radio,Médias & Communication,Lokossa,+229 31 81 84 78,radio.radio@radio.radio.com,radioradio.bj,Grande (>200),B2B,LinkedIn,,Actif,2026-06-29T00:14:36.064379,haute
BJ-8B991E23,TV Information TV,Médias & Communication,Lokossa,+229 58 78 18 10,,,TPE (<10),B2B,LinkedIn,,Actif,2026-06-29T00:14:36.064404,basse
BJ-D0576BD9,Actualité Media,Médias & Communication,Lokossa,+229 43 28 33 22,actualité.media@actualité.media.benin,actualitémedia.bj,PME (10-50),B2B,LinkedIn,,Actif,2026-06-29T00:14:36.064433,haute
BJ-250B8784,Presse Démocratie TV,Médias & Communication,Ouidah,+229 88 99 14 54,,pressedémocratietv.bj,PME (10-50),B2C,LinkedIn,,Actif,2026-06-29T00:14:36.064506,moyenne
BJ-51BD3AF2,Radio Média,Médias & Communication,Ouidah,+229 51 68 12 50,radio.média@radio.média.benin,,PME (10-50),B2B,LinkedIn,,Actif,2026-06-29T00:14:36.064539,moyenne
BJ-9E880C97,Radio Nouvelles,Médias & Communication,Ouidah,+229 37 46 81 70,radio.nouvelles@radio.nouvelles.net,radionouvelles.bj,TPE (<10),B2C,LinkedIn,,Actif,2026-06-29T00:14:36.064570,haute
BJ-2DF5769C,Média Liberté Media,Médias & Communication,Ouidah,+229 20 21 92 89,média.liberté.media@média.liberté.media.org,,TPE (<10),B2B,LinkedIn,,Actif,2026-06-29T00:14:36.064610,moyenne
BJ-5D34E8E9,TV Télévision,Médias & Communication,Ouidah,+229 52 97 59 12,tv.télévision@tv.télévision.net,,PME (10-50),B2B,LinkedIn,,Actif,2026-06-29T00:14:36.064636,moyenne
BJ-B0C9320B,International Radio,Médias & Communication,Savalou,+229 93 38 58 34,,internationalradio.bj,Grande (>200),B2C,LinkedIn,,Actif,2026-06-29T00:14:36.064669,moyenne
BJ-CC3D12FA,National,Médias & Communication,Savalou,+229 62 83 62 90,national@national.bj,national.bj,TPE (<10),B2C,LinkedIn,,Actif,2026-06-29T00:14:36.064705,haute
BJ-50E11800,Presse Journal,Médias & Communication,Savalou,+229 85 45 13 60,presse.journal@presse.journal.benin,pressejournal.bj,TPE (<10),B2C,LinkedIn,,Actif,2026-06-29T00:14:36.064776,haute
BJ-3E4B8768,Radio,Médias & Communication,Savalou,+229 79 59 29 16,,radio.bj,PME (50-200),B2C,LinkedIn,,Actif,2026-06-29T00:14:36.064800,moyenne
BJ-2718F226,Presse Démocratie,Médias & Communication,Dassa-Zoumè,+229 69 45 84 22,presse.démocratie@presse.démocratie.org,pressedémocratie.bj,PME (50-200),B2C,LinkedIn,,Actif,2026-06-29T00:14:36.064852,haute
BJ-3521E784,Publicité Radio,Médias & Communication,Dassa-Zoumè,+229 59 45 46 20,publicité.radio@publicité.radio.benin,publicitéradio.bj,PME (10-50),B2C,LinkedIn,,Actif,2026-06-29T00:14:36.064885,haute
BJ-2A450559,Média,Médias & Communication,Dassa-Zoumè,+229 40 83 95 83,média@média.org,média.bj,PME (10-50),B2C,LinkedIn,,Actif,2026-06-29T00:14:36.064942,haute
BJ-9EB2492E,TV Journal,Médias & Communication,Dassa-Zoumè,+229 75 43 33 64,tv.journal@tv.journal.org,tvjournal.bj,PME (10-50),B2C,LinkedIn,,Actif,2026-06-29T00:14:36.064982,haute
BJ-D9068F8B,Communication Nouvelles Dassa-Zoumè,Médias & Communication,Dassa-Zoumè,+229 70 24 39 27,,communicationnouvellesdassazoumè.bj,PME (10-50),B2C,LinkedIn,,Actif,2026-06-29T00:14:36.065001,moyenne
BJ-DA81AC06,TV Information Press,Médias & Communication,Kétou,+229 24 16 17 59,,,PME (10-50),B2B,LinkedIn,,Actif,2026-06-29T00:14:36.065022,basse
BJ-E08ACDD5,Journal Communication Radio,Médias & Communication,Kétou,+229 24 33 58 74,journal.communication.radio@journal.communication.radio.benin,journalcommunicationradio.bj,TPE (<10),B2C,LinkedIn,,Actif,2026-06-29T00:14:36.065036,haute
BJ-A43F9646,Journal Publicité,Médias & Communication,Kétou,+229 51 79 19 53,,journalpublicité.bj,TPE (<10),B2C,LinkedIn,,Actif,2026-06-29T00:14:36.065049,moyenne
BJ-BDC59A98,Journal Média,Médias & Communication,Kétou,+229 93 50 20 31,,,TPE (<10),B2B,LinkedIn,,Actif,2026-06-29T00:14:36.065060,basse
BJ-428DA77B,Publicité Media,Médias & Communication,Kétou,+229 30 57 33 15,publicité.media@publicité.media.benin,publicitémedia.bj,TPE (<10),B2B,LinkedIn,,Actif,2026-06-29T00:14:36.065073,haute
BJ-80034CA7,Liberté Bénin Covè,Médias & Communication,Covè,+229 38 10 25 34,liberté.bénin.covè@liberté.bénin.covè.net,,TPE (<10),B2C,LinkedIn,,Actif,2026-06-29T00:14:36.065095,moyenne
BJ-462C75DF,TV Information,Médias & Communication,Covè,+229 27 73 99 88,,,TPE (<10),B2C,LinkedIn,,Actif,2026-06-29T00:14:36.065119,basse
BJ-B5EDF4A7,Presse Journal Communication,Médias & Communication,Covè,+229 41 83 26 12,presse.journal.communication@presse.journal.communication.com,pressejournalcommunication.bj,PME (10-50),B2C,LinkedIn,,Actif,2026-06-29T00:14:36.065137,haute
BJ-E70FF194,Média Télévision,Médias & Communication,Covè,+229 74 62 11 39,,médiatélévision.bj,PME (50-200),B2C,LinkedIn,,Actif,2026-06-29T00:14:36.065150,moyenne
BJ-F0B8C963,Information Press,Médias & Communication,Pobè,+229 31 44 86 65,information.press@information.press.bj,informationpress.bj,PME (50-200),B2B,LinkedIn,,Actif,2026-06-29T00:14:36.065169,haute
BJ-8E1CCDDA,Média Démocratie Pobè,Médias & Communication,Pobè,+229 83 98 98 67,,médiadémocratiepobè.bj,Grande (>200),B2C,LinkedIn,,Actif,2026-06-29T00:14:36.065181,moyenne
BJ-2A7CCF93,Journal Communication Press Pobè,Médias & Communication,Pobè,+229 64 21 17 65,journal.communication.press.pobè@journal.communication.press.pobè.bj,journalcommunicationpresspobè.bj,PME (50-200),B2B,LinkedIn,,Actif,2026-06-29T00:14:36.065195,haute
BJ-BEE5C5B4,Communication TV,Médias & Communication,Pobè,+229 93 19 33 69,communication.tv@communication.tv.com,communicationtv.bj,Grande (>200),B2C,LinkedIn,,Actif,2026-06-29T00:14:36.065207,haute
BJ-42A9CEF6,Radio,Médias & Communication,Pobè,+229 38 49 32 54,,radio.bj,PME (50-200),B2B,LinkedIn,,Actif,2026-06-29T00:14:36.065218,moyenne
BJ-63E5B7F1,Presse National,Médias & Communication,Sakété,+229 57 70 98 27,presse.national@presse.national.net,pressenational.bj,PME (10-50),B2C,LinkedIn,,Actif,2026-06-29T00:14:36.065236,haute
BJ-B95C2787,Média,Médias & Communication,Sakété,+229 87 30 68 89,,média.bj,PME (50-200),B2C,LinkedIn,,Actif,2026-06-29T00:14:36.065249,moyenne
BJ-A01A6FAE,TV Publicité,Médias & Communication,Sakété,+229 40 30 53 27,tv.publicité@tv.publicité.org,tvpublicité.bj,PME (10-50),B2B,LinkedIn,,Actif,2026-06-29T00:14:36.065262,haute
BJ-D10846E6,Journal Communication,Médias & Communication,Sakété,+229 85 67 50 57,,journalcommunication.bj,PME (50-200),B2C,LinkedIn,,Actif,2026-06-29T00:14:36.065276,moyenne
BJ-1B660B7C,Information,Médias & Communication,Sakété,+229 58 22 27 71,,information.bj,TPE (<10),B2C,LinkedIn,,Actif,2026-06-29T00:14:36.065288,moyenne
BJ-BD290F6F,Journal Communication,Médias & Communication,Adjara,+229 85 54 23 41,,,PME (10-50),B2C,LinkedIn,,Actif,2026-06-29T00:14:36.065305,basse
BJ-B6112F6C,TV Communication Radio,Médias & Communication,Adjara,+229 33 96 94 62,tv.communication.radio@tv.communication.radio.benin,tvcommunicationradio.bj,Grande (>200),B2C,LinkedIn,,Actif,2026-06-29T00:14:36.065317,haute
BJ-958857C1,Liberté,Médias & Communication,Adjara,+229 25 34 23 35,,,Grande (>200),B2B,LinkedIn,,Actif,2026-06-29T00:14:36.065328,basse
BJ-B058A4AA,Démocratie,Médias & Communication,Adjara,+229 35 45 15 69,démocratie@démocratie.net,démocratie.bj,Grande (>200),B2B,LinkedIn,,Actif,2026-06-29T00:14:36.065344,haute
BJ-CDE3ABCB,National News,Médias & Communication,Adjara,+229 55 78 54 94,national.news@national.news.net,,PME (10-50),B2C,LinkedIn,,Actif,2026-06-29T00:14:36.065364,moyenne
BJ-729E01D7,Journal Média,Médias & Communication,Allada,+229 72 63 82 77,,journalmédia.bj,TPE (<10),B2C,LinkedIn,,Actif,2026-06-29T00:14:36.065383,moyenne
BJ-84FD7E2F,Journal Liberté Media,Médias & Communication,Allada,+229 87 43 45 56,,journallibertémedia.bj,PME (10-50),B2B,LinkedIn,,Actif,2026-06-29T00:14:36.065399,moyenne
BJ-8FAB1D33,Publicité Africa,Médias & Communication,Allada,+229 29 71 63 74,,publicitéafrica.bj,PME (50-200),B2C,LinkedIn,,Actif,2026-06-29T00:14:36.065411,moyenne
BJ-6F0BB691,TV Journal Radio,Médias & Communication,Allada,+229 34 40 53 53,,tvjournalradio.bj,Grande (>200),B2C,LinkedIn,,Actif,2026-06-29T00:14:36.065426,moyenne
BJ-2FD6A71E,Information Allada,Médias & Communication,Allada,+229 86 19 43 55,,informationallada.bj,PME (50-200),B2C,LinkedIn,,Actif,2026-06-29T00:14:36.065438,moyenne
BJ-FBA1C6AB,Communication Média TV,Médias & Communication,Aplahoué,+229 51 85 40 79,,communicationmédiatv.bj,TPE (<10),B2C,LinkedIn,,Actif,2026-06-29T00:14:36.065457,moyenne
BJ-268A36BD,Journal National,Médias & Communication,Aplahoué,+229 33 11 99 39,journal.national@journal.national.net,,TPE (<10),B2C,LinkedIn,,Actif,2026-06-29T00:14:36.065469,moyenne
BJ-FC518575,Communication News Aplahoué,Médias & Communication,Aplahoué,+229 37 38 88 79,communication.news.aplahoué@communication.news.aplahoué.com,,PME (10-50),B2C,LinkedIn,,Actif,2026-06-29T00:14:36.065482,moyenne
BJ-13A6F5BA,Radio,Médias & Communication,Aplahoué,+229 24 86 15 19,radio@radio.bj,radio.bj,PME (50-200),B2B,LinkedIn,,Actif,2026-06-29T00:14:36.065494,haute
BJ-80EF62CC,International,Médias & Communication,Aplahoué,+229 91 43 47 39,international@international.com,international.bj,Grande (>200),B2C,LinkedIn,,Actif,2026-06-29T00:14:36.065506,haute
BJ-E81DFAE9,Média Liberté Radio,Médias & Communication,Dogbo-Tota,+229 84 51 98 60,,médialibertéradio.bj,TPE (<10),B2B,LinkedIn,,Actif,2026-06-29T00:14:36.065524,moyenne
BJ-B6E8AFA8,Communication Communication Dogbo-Tota,Médias & Communication,Dogbo-Tota,+229 84 53 18 26,,,PME (10-50),B2C,LinkedIn,,Actif,2026-06-29T00:14:36.065535,basse
BJ-C552C97D,Presse News,Médias & Communication,Dogbo-Tota,+229 98 93 99 67,,pressenews.bj,PME (10-50),B2B,LinkedIn,,Actif,2026-06-29T00:14:36.065547,moyenne
BJ-2800C212,Média News,Médias & Communication,Dogbo-Tota,+229 26 77 78 15,,,PME (50-200),B2C,LinkedIn,,Actif,2026-06-29T00:14:36.065560,basse
BJ-AEDB3BF1,Média Information Dogbo-Tota,Médias & Communication,Dogbo-Tota,+229 93 43 27 55,média.information.dogbotota@média.information.dogbotota.net,médiainformationdogbotota.bj,PME (50-200),B2C,LinkedIn,,Actif,2026-06-29T00:14:36.065575,haute
BJ-0542A984,Communication Actualité,Médias & Communication,Kpomassè,+229 34 64 34 84,communication.actualité@communication.actualité.bj,communicationactualité.bj,PME (10-50),B2C,LinkedIn,,Actif,2026-06-29T00:14:36.065595,haute
BJ-B34039B1,Radio National,Médias & Communication,Kpomassè,+229 24 13 16 75,radio.national@radio.national.org,radionational.bj,Grande (>200),B2C,LinkedIn,,Actif,2026-06-29T00:14:36.065611,haute
BJ-312D88BA,Liberté Media Kpomassè,Médias & Communication,Kpomassè,+229 20 33 98 87,liberté.media.kpomassè@liberté.media.kpomassè.org,libertémediakpomassè.bj,PME (10-50),B2C,LinkedIn,,Actif,2026-06-29T00:14:36.065625,haute
BJ-1F885DB9,Agence Communication,Médias & Communication,Kpomassè,+229 63 97 82 77,agence.communication@agence.communication.com,agencecommunication.bj,PME (10-50),B2B,LinkedIn,,Actif,2026-06-29T00:14:36.065638,haute
BJ-D6F46CB4,TV Télévision,Médias & Communication,Tori-Bossito,+229 80 66 88 44,,tvtélévision.bj,Grande (>200),B2B,LinkedIn,,Actif,2026-06-29T00:14:36.065673,moyenne
BJ-369D92CA,Radio Information,Médias & Communication,Tori-Bossito,+229 43 30 19 10,radio.information@radio.information.benin,radioinformation.bj,PME (10-50),B2C,LinkedIn,,Actif,2026-06-29T00:14:36.065698,haute
BJ-F673ECDD,Nouvelles,Médias & Communication,Tori-Bossito,+229 81 61 69 41,,nouvelles.bj,TPE (<10),B2C,LinkedIn,,Actif,2026-06-29T00:14:36.065712,moyenne
BJ-EAB6F2D8,Communication TV Tori-Bossito,Médias & Communication,Tori-Bossito,+229 96 68 50 25,communication.tv.toribossito@communication.tv.toribossito.com,communicationtvtoribossito.bj,TPE (<10),B2B,LinkedIn,,Actif,2026-06-29T00:14:36.065725,haute
BJ-52CEFCE8,Communication Journal Bénin,Médias & Communication,Grand-Popo,+229 53 80 53 45,,communicationjournalbénin.bj,Grande (>200),B2B,LinkedIn,,Actif,2026-06-29T00:14:36.065743,moyenne
BJ-78DCBB58,Agence Démocratie,Médias & Communication,Grand-Popo,+229 70 74 83 73,agence.démocratie@agence.démocratie.bj,agencedémocratie.bj,PME (10-50),B2C,LinkedIn,,Actif,2026-06-29T00:14:36.065756,haute
BJ-C5F1592B,Actualité Communication Grand-Popo,Médias & Communication,Grand-Popo,+229 84 15 85 20,actualité.communication.grandpopo@actualité.communication.grandpopo.org,,PME (10-50),B2C,LinkedIn,,Actif,2026-06-29T00:14:36.065769,moyenne
BJ-F29F1613,Publicité,Médias & Communication,Grand-Popo,+229 45 16 81 35,publicité@publicité.net,publicité.bj,Grande (>200),B2C,LinkedIn,,Actif,2026-06-29T00:14:36.065781,haute
BJ-F698039A,Presse International,Médias & Communication,Athiémé,+229 71 69 11 10,presse.international@presse.international.bj,presseinternational.bj,PME (10-50),B2B,LinkedIn,,Actif,2026-06-29T00:14:36.065811,haute
BJ-6A509025,Liberté Communication,Médias & Communication,Athiémé,+229 48 69 41 38,,,PME (10-50),B2B,LinkedIn,,Actif,2026-06-29T00:14:36.065822,basse
BJ-E7146C05,Média Nouvelles,Médias & Communication,Athiémé,+229 97 33 21 62,média.nouvelles@média.nouvelles.com,médianouvelles.bj,TPE (<10),B2C,LinkedIn,,Actif,2026-06-29T00:14:36.065835,haute
BJ-394105B0,Agence Liberté,Médias & Communication,Athiémé,+229 34 89 81 42,agence.liberté@agence.liberté.com,agenceliberté.bj,TPE (<10),B2B,LinkedIn,,Actif,2026-06-29T00:14:36.065871,haute
BJ-B919B7E8,Journal News,Médias & Communication,Bopa,+229 75 33 10 30,journal.news@journal.news.com,,TPE (<10),B2B,LinkedIn,,Actif,2026-06-29T00:14:36.065917,moyenne
BJ-6EB75282,Nouvelles Bopa,Médias & Communication,Bopa,+229 65 35 26 65,nouvelles.bopa@nouvelles.bopa.org,nouvellesbopa.bj,TPE (<10),B2C,LinkedIn,,Actif,2026-06-29T00:14:36.065929,haute
BJ-7CF7CF33,Presse Nouvelles,Médias & Communication,Bopa,+229 35 38 91 28,presse.nouvelles@presse.nouvelles.bj,pressenouvelles.bj,PME (10-50),B2B,LinkedIn,,Actif,2026-06-29T00:14:36.065953,haute
BJ-590F8635,TV Publicité Media,Médias & Communication,Bopa,+229 27 39 14 44,tv.publicité.media@tv.publicité.media.bj,tvpublicitémedia.bj,TPE (<10),B2C,LinkedIn,,Actif,2026-06-29T00:14:36.065966,haute
BJ-F79596FB,Journal Publicité Press,Médias & Communication,Houéyogbé,+229 88 81 61 98,journal.publicité.press@journal.publicité.press.net,,PME (50-200),B2B,LinkedIn,,Actif,2026-06-29T00:14:36.065984,moyenne
BJ-3E4EC89E,Journal Démocratie Communication,Médias & Communication,Houéyogbé,+229 64 99 40 19,journal.démocratie.communication@journal.démocratie.communication.org,journaldémocratiecommunication.bj,PME (50-200),B2C,LinkedIn,,Actif,2026-06-29T00:14:36.065997,haute
BJ-8991416F,Radio International Press,Médias & Communication,Houéyogbé,+229 52 17 24 73,,,PME (10-50),B2B,LinkedIn,,Actif,2026-06-29T00:14:36.066007,basse
BJ-8F18C8FB,Presse Nouvelles,Médias & Communication,Malanville,+229 37 83 76 32,presse.nouvelles@presse.nouvelles.org,pressenouvelles.bj,Grande (>200),B2B,LinkedIn,,Actif,2026-06-29T00:14:36.066051,haute
BJ-3EAC46FF,Agence Liberté,Médias & Communication,Malanville,+229 89 79 85 64,agence.liberté@agence.liberté.net,agenceliberté.bj,Grande (>200),B2B,LinkedIn,,Actif,2026-06-29T00:14:36.066067,haute
BJ-7D44F720,Liberté News Malanville,Médias & Communication,Malanville,+229 87 76 22 97,liberté.news.malanville@liberté.news.malanville.net,liberténewsmalanville.bj,TPE (<10),B2B,LinkedIn,,Actif,2026-06-29T00:14:36.066080,haute
BJ-C24B00B5,Radio Media,Médias & Communication,Malanville,+229 36 78 36 72,radio.media@radio.media.bj,,Grande (>200),B2B,LinkedIn,,Actif,2026-06-29T00:14:36.066094,moyenne
BJ-4A25AED0,Média Communication,Médias & Communication,Malanville,+229 36 86 31 55,,médiacommunication.bj,TPE (<10),B2C,LinkedIn,,Actif,2026-06-29T00:14:36.066106,moyenne
BJ-98D9AAFE,Presse Liberté Press,Médias & Communication,Kandi,+229 52 88 29 18,,,PME (50-200),B2C,LinkedIn,,Actif,2026-06-29T00:14:36.066134,basse
BJ-5B285283,Nouvelles Communication,Médias & Communication,Kandi,+229 31 71 73 83,nouvelles.communication@nouvelles.communication.bj,nouvellescommunication.bj,TPE (<10),B2C,LinkedIn,,Actif,2026-06-29T00:14:36.066146,haute
BJ-905CD6E5,Publicité,Médias & Communication,Kandi,+229 27 30 39 29,,,PME (50-200),B2C,LinkedIn,,Actif,2026-06-29T00:14:36.066171,basse
BJ-2592D557,Média Journal Banikoara,Médias & Communication,Banikoara,+229 50 48 29 24,,médiajournalbanikoara.bj,PME (10-50),B2B,LinkedIn,,Actif,2026-06-29T00:14:36.066188,moyenne
BJ-9059B795,Information Banikoara,Médias & Communication,Banikoara,+229 61 93 62 32,information.banikoara@information.banikoara.com,informationbanikoara.bj,PME (50-200),B2B,LinkedIn,,Actif,2026-06-29T00:14:36.066201,haute
BJ-E98D6F03,Publicité Radio,Médias & Communication,Banikoara,+229 42 28 93 75,,publicitéradio.bj,TPE (<10),B2B,LinkedIn,,Actif,2026-06-29T00:14:36.066223,moyenne
BJ-76732711,Média TV,Médias & Communication,Banikoara,+229 60 27 89 34,média.tv@média.tv.bj,médiatv.bj,TPE (<10),B2B,LinkedIn,,Actif,2026-06-29T00:14:36.066235,haute
BJ-4EEEECAA,TV Journal Radio,Médias & Communication,Ségbana,+229 20 94 76 16,tv.journal.radio@tv.journal.radio.org,tvjournalradio.bj,PME (10-50),B2B,LinkedIn,,Actif,2026-06-29T00:14:36.066252,haute
BJ-EAFD112C,Publicité Ségbana,Médias & Communication,Ségbana,+229 94 84 10 46,publicité.ségbana@publicité.ségbana.bj,publicitéségbana.bj,TPE (<10),B2B,LinkedIn,,Actif,2026-06-29T00:14:36.066265,haute
BJ-399177E4,Média Presse TV,Médias & Communication,Ségbana,+229 97 57 82 91,,,PME (10-50),B2B,LinkedIn,,Actif,2026-06-29T00:14:36.066275,basse
BJ-F2FD1A03,Journal News,Médias & Communication,Ségbana,+229 38 90 48 34,journal.news@journal.news.benin,journalnews.bj,TPE (<10),B2B,LinkedIn,,Actif,2026-06-29T00:14:36.066290,haute
BJ-656B10CB,Nouvelles Bénin,Médias & Communication,Ségbana,+229 61 23 32 68,nouvelles.bénin@nouvelles.bénin.benin,,TPE (<10),B2B,LinkedIn,,Actif,2026-06-29T00:14:36.066305,moyenne
BJ-805B6087,Média Communication,Médias & Communication,Karimama,+229 20 83 15 26,média.communication@média.communication.net,,TPE (<10),B2B,LinkedIn,,Actif,2026-06-29T00:14:36.066349,moyenne
BJ-8D5D1D08,Presse Presse,Médias & Communication,Karimama,+229 92 57 32 64,,,PME (50-200),B2C,LinkedIn,,Actif,2026-06-29T00:14:36.066359,basse
BJ-E04EBA8A,Média International Media,Médias & Communication,Karimama,+229 32 40 36 43,média.international.media@média.international.media.benin,médiainternationalmedia.bj,PME (10-50),B2B,LinkedIn,,Actif,2026-06-29T00:14:36.066372,haute
BJ-17281023,Liberté TV,Médias & Communication,Gogounou,+229 23 86 76 76,,libertétv.bj,Grande (>200),B2B,LinkedIn,,Actif,2026-06-29T00:14:36.066390,moyenne
BJ-C7721AF8,Média Information News,Médias & Communication,Gogounou,+229 41 60 68 53,,médiainformationnews.bj,PME (10-50),B2B,LinkedIn,,Actif,2026-06-29T00:14:36.066402,moyenne
BJ-544C9C57,Communication Press Gogounou,Médias & Communication,Gogounou,+229 65 99 24 62,communication.press.gogounou@communication.press.gogounou.org,communicationpressgogounou.bj,PME (10-50),B2B,LinkedIn,,Actif,2026-06-29T00:14:36.066415,haute
BJ-9D40E9D4,Média,Médias & Communication,Gogounou,+229 49 25 88 77,média@média.net,média.bj,TPE (<10),B2B,LinkedIn,,Actif,2026-06-29T00:14:36.066430,haute
BJ-9D824EBE,Média News,Médias & Communication,Gogounou,+229 98 70 41 11,,,PME (10-50),B2C,LinkedIn,,Actif,2026-06-29T00:14:36.066441,basse
BJ-292B49CA,Actualité Media Cobly,Médias & Communication,Cobly,+229 58 21 62 15,,actualitémediacobly.bj,PME (50-200),B2C,LinkedIn,,Actif,2026-06-29T00:14:36.066459,moyenne
BJ-69D3B398,Agence Média Cobly,Médias & Communication,Cobly,+229 58 59 19 80,agence.média.cobly@agence.média.cobly.net,agencemédiacobly.bj,TPE (<10),B2C,LinkedIn,,Actif,2026-06-29T00:14:36.066472,haute
BJ-EFF010F6,Radio,Médias & Communication,Cobly,+229 39 12 65 43,radio@radio.org,,PME (50-200),B2C,LinkedIn,,Actif,2026-06-29T00:14:36.066483,moyenne
BJ-5D221C85,Radio National Cobly,Médias & Communication,Cobly,+229 30 13 41 99,radio.national.cobly@radio.national.cobly.net,radionationalcobly.bj,TPE (<10),B2B,LinkedIn,,Actif,2026-06-29T00:14:36.066495,haute
BJ-AC7BAA40,Actualité,Médias & Communication,Cobly,+229 60 74 69 61,actualité@actualité.benin,actualité.bj,Grande (>200),B2C,LinkedIn,,Actif,2026-06-29T00:14:36.066507,haute
BJ-3FB001D5,Information Press Tanguiéta,Médias & Communication,Tanguiéta,+229 44 40 42 71,information.press.tanguiéta@information.press.tanguiéta.com,informationpresstanguiéta.bj,PME (10-50),B2C,LinkedIn,,Actif,2026-06-29T00:14:36.066528,haute
BJ-3C5CB6C7,Information Radio Tanguiéta,Médias & Communication,Tanguiéta,+229 95 86 53 13,,,PME (10-50),B2C,LinkedIn,,Actif,2026-06-29T00:14:36.066540,basse
BJ-48BB3447,Radio Télévision Africa,Médias & Communication,Tanguiéta,+229 25 15 29 20,radio.télévision.africa@radio.télévision.africa.net,radiotélévisionafrica.bj,TPE (<10),B2B,LinkedIn,,Actif,2026-06-29T00:14:36.066553,haute
BJ-692EEA2D,Radio Publicité Tanguiéta,Médias & Communication,Tanguiéta,+229 95 63 37 73,radio.publicité.tanguiéta@radio.publicité.tanguiéta.benin,radiopublicitétanguiéta.bj,PME (10-50),B2B,LinkedIn,,Actif,2026-06-29T00:14:36.066568,haute
BJ-AB4746A4,TV Liberté Radio Tanguiéta,Médias & Communication,Tanguiéta,+229 94 65 43 30,,tvlibertéradiotanguiéta.bj,PME (50-200),B2B,LinkedIn,,Actif,2026-06-29T00:14:36.066584,moyenne
BJ-E3981103,Journal Information Matéri,Médias & Communication,Matéri,+229 68 95 66 81,,journalinformationmatéri.bj,PME (10-50),B2B,LinkedIn,,Actif,2026-06-29T00:14:36.066602,moyenne
BJ-8082503D,TV Publicité,Médias & Communication,Matéri,+229 54 95 95 48,tv.publicité@tv.publicité.net,tvpublicité.bj,PME (10-50),B2C,LinkedIn,,Actif,2026-06-29T00:14:36.066615,haute
BJ-D46D7512,National Communication,Médias & Communication,Matéri,+229 50 27 11 33,national.communication@national.communication.org,nationalcommunication.bj,TPE (<10),B2B,LinkedIn,,Actif,2026-06-29T00:14:36.066627,haute
BJ-CC1CFBD9,Communication Actualité,Médias & Communication,Matéri,+229 40 39 12 70,communication.actualité@communication.actualité.net,,PME (10-50),B2B,LinkedIn,,Actif,2026-06-29T00:14:36.066642,moyenne
BJ-FF098B36,Publicité Matéri,Médias & Communication,Matéri,+229 69 46 69 69,publicité.matéri@publicité.matéri.net,,TPE (<10),B2B,LinkedIn,,Actif,2026-06-29T00:14:36.066653,moyenne
BJ-09EE3241,Journal,Médias & Communication,Natitingou,+229 70 30 92 16,journal@journal.com,journal.bj,TPE (<10),B2B,LinkedIn,,Actif,2026-06-29T00:14:36.066672,haute
BJ-A5C40AC5,Nouvelles Press,Médias & Communication,Natitingou,+229 62 17 77 49,,nouvellespress.bj,TPE (<10),B2C,LinkedIn,,Actif,2026-06-29T00:14:36.066684,moyenne
BJ-919EF543,Presse,Médias & Communication,Natitingou,+229 50 39 33 80,presse@presse.benin,presse.bj,PME (50-200),B2B,LinkedIn,,Actif,2026-06-29T00:14:36.066695,haute
BJ-62416247,Journal Radio,Médias & Communication,Natitingou,+229 40 40 72 73,,,PME (50-200),B2B,LinkedIn,,Actif,2026-06-29T00:14:36.066708,basse
BJ-0E2E7C2E,Radio Média,Médias & Communication,Natitingou,+229 42 16 14 94,,,PME (10-50),B2C,LinkedIn,,Actif,2026-06-29T00:14:36.066722,basse
BJ-DA617F2E,TV Démocratie Press,Médias & Communication,Toucountouna,+229 93 90 65 82,tv.démocratie.press@tv.démocratie.press.net,tvdémocratiepress.bj,PME (10-50),B2B,LinkedIn,,Actif,2026-06-29T00:14:36.066752,haute
BJ-B5948E2B,Information Toucountouna,Médias & Communication,Toucountouna,+229 87 10 17 49,,informationtoucountouna.bj,TPE (<10),B2C,LinkedIn,,Actif,2026-06-29T00:14:36.066763,moyenne
BJ-DB59D627,Démocratie Africa,Médias & Communication,Toucountouna,+229 28 19 33 34,démocratie.africa@démocratie.africa.benin,démocratieafrica.bj,TPE (<10),B2B,LinkedIn,,Actif,2026-06-29T00:14:36.066775,haute
BJ-5FA39090,Radio,Médias & Communication,Toucountouna,+229 40 44 48 57,radio@radio.org,radio.bj,PME (10-50),B2C,LinkedIn,,Actif,2026-06-29T00:14:36.066791,haute
BJ-D6DACED1,Publicité TV,Médias & Communication,Boukoumbé,+229 44 96 20 78,publicité.tv@publicité.tv.bj,,TPE (<10),B2B,LinkedIn,,Actif,2026-06-29T00:14:36.066809,moyenne
BJ-D48854A2,TV Télévision,Médias & Communication,Boukoumbé,+229 79 76 79 21,,tvtélévision.bj,PME (50-200),B2B,LinkedIn,,Actif,2026-06-29T00:14:36.066821,moyenne
BJ-055E398E,International,Médias & Communication,Boukoumbé,+229 51 42 78 63,international@international.net,international.bj,PME (10-50),B2C,LinkedIn,,Actif,2026-06-29T00:14:36.066833,haute
BJ-4D2F12CD,Presse Bénin,Médias & Communication,Boukoumbé,+229 96 71 65 12,,pressebénin.bj,PME (10-50),B2B,LinkedIn,,Actif,2026-06-29T00:14:36.066848,moyenne
BJ-66D5E3A5,Journal National TV,Médias & Communication,Boukoumbé,+229 76 59 52 21,journal.national.tv@journal.national.tv.benin,journalnationaltv.bj,TPE (<10),B2B,LinkedIn,,Actif,2026-06-29T00:14:36.066860,haute
BJ-3BB2371E,Média Média Africa Kouandé,Médias & Communication,Kouandé,+229 57 51 73 43,média.média.africa.kouandé@média.média.africa.kouandé.benin,médiamédiaafricakouandé.bj,TPE (<10),B2C,LinkedIn,,Actif,2026-06-29T00:14:36.066880,haute
BJ-42D2D0DC,Actualité,Médias & Communication,Kouandé,+229 59 34 11 80,,actualité.bj,TPE (<10),B2C,LinkedIn,,Actif,2026-06-29T00:14:36.066905,moyenne
BJ-A8473A30,Radio Information News,Médias & Communication,Kouandé,+229 36 25 97 44,,,TPE (<10),B2B,LinkedIn,,Actif,2026-06-29T00:14:36.066930,basse
BJ-FC3C41A5,Publicité Kouandé,Médias & Communication,Kouandé,+229 75 89 88 65,,,PME (50-200),B2C,LinkedIn,,Actif,2026-06-29T00:14:36.066954,basse
BJ-C77F6BBF,Média National Bénin,Médias & Communication,Péhunco,+229 20 78 21 99,,médianationalbénin.bj,PME (50-200),B2C,LinkedIn,,Actif,2026-06-29T00:14:36.067018,moyenne
BJ-20134464,Agence Démocratie,Médias & Communication,Péhunco,+229 36 19 45 51,,,Grande (>200),B2C,LinkedIn,,Actif,2026-06-29T00:14:36.067043,basse
BJ-05F9D158,Agence Journal Media,Médias & Communication,Péhunco,+229 46 96 60 68,agence.journal.media@agence.journal.media.net,agencejournalmedia.bj,TPE (<10),B2C,LinkedIn,,Actif,2026-06-29T00:14:36.067069,haute
BJ-7A81854E,Agence Télévision,Médias & Communication,Péhunco,+229 22 27 54 67,agence.télévision@agence.télévision.com,agencetélévision.bj,PME (50-200),B2B,LinkedIn,,Actif,2026-06-29T00:14:36.067100,haute
BJ-B6B96539,Presse Presse Media,Médias & Communication,Péhunco,+229 90 12 75 31,,pressepressemedia.bj,PME (10-50),B2B,LinkedIn,,Actif,2026-06-29T00:14:36.067127,moyenne
BJ-4BC35E7D,Démocratie Press,Médias & Communication,Tchaourou,+229 40 15 42 45,démocratie.press@démocratie.press.net,,TPE (<10),B2B,LinkedIn,,Actif,2026-06-29T00:14:36.067188,moyenne
BJ-9A261D8A,TV National Tchaourou,Médias & Communication,Tchaourou,+229 64 29 93 76,tv.national.tchaourou@tv.national.tchaourou.bj,tvnationaltchaourou.bj,PME (10-50),B2C,LinkedIn,,Actif,2026-06-29T00:14:36.067222,haute
BJ-2480911F,Communication Actualité Communication,Médias & Communication,Tchaourou,+229 81 46 32 48,,,TPE (<10),B2B,LinkedIn,,Actif,2026-06-29T00:14:36.067250,basse
BJ-8CC70CE5,Communication News,Médias & Communication,Tchaourou,+229 90 42 83 67,,,TPE (<10),B2C,LinkedIn,,Actif,2026-06-29T00:14:36.067261,basse
BJ-E6D3A12C,Presse International,Médias & Communication,Nikki,+229 49 74 81 48,presse.international@presse.international.org,presseinternational.bj,PME (50-200),B2C,LinkedIn,,Actif,2026-06-29T00:14:36.067282,haute
BJ-06362C13,Presse Nouvelles,Médias & Communication,Nikki,+229 46 91 34 79,presse.nouvelles@presse.nouvelles.benin,pressenouvelles.bj,PME (50-200),B2C,LinkedIn,,Actif,2026-06-29T00:14:36.067294,haute
BJ-E1F11479,Journal Télévision Radio,Médias & Communication,Nikki,+229 54 46 39 21,journal.télévision.radio@journal.télévision.radio.benin,journaltélévisionradio.bj,PME (10-50),B2C,LinkedIn,,Actif,2026-06-29T00:14:36.067308,haute
BJ-FB279C50,Radio Télévision,Médias & Communication,Nikki,+229 44 36 72 84,radio.télévision@radio.télévision.com,,PME (10-50),B2C,LinkedIn,,Actif,2026-06-29T00:14:36.067323,moyenne
BJ-E8907B5A,Presse Actualité Communication,Médias & Communication,Nikki,+229 20 31 68 52,presse.actualité.communication@presse.actualité.communication.benin,presseactualitécommunication.bj,Grande (>200),B2B,LinkedIn,,Actif,2026-06-29T00:14:36.067337,haute
BJ-CC50EB55,Information,Médias & Communication,Bembéréké,+229 75 21 23 81,,information.bj,TPE (<10),B2B,LinkedIn,,Actif,2026-06-29T00:14:36.067355,moyenne
BJ-E531F369,Radio Bénin Bembéréké,Médias & Communication,Bembéréké,+229 66 95 99 44,,radiobéninbembéréké.bj,Grande (>200),B2C,LinkedIn,,Actif,2026-06-29T00:14:36.067368,moyenne
BJ-411F945C,Journal Media,Médias & Communication,Bembéréké,+229 23 62 21 33,journal.media@journal.media.com,journalmedia.bj,PME (10-50),B2C,LinkedIn,,Actif,2026-06-29T00:14:36.067380,haute
BJ-A34FA5EE,Presse Radio Africa,Médias & Communication,Bembéréké,+229 85 30 15 48,presse.radio.africa@presse.radio.africa.benin,,TPE (<10),B2C,LinkedIn,,Actif,2026-06-29T00:14:36.067392,moyenne
BJ-ADA1886F,Radio Communication Media Bembéréké,Médias & Communication,Bembéréké,+229 27 73 89 72,radio.communication.media.bembéréké@radio.communication.media.bembéréké.org,radiocommunicationmediabembéréké.bj,PME (10-50),B2C,LinkedIn,,Actif,2026-06-29T00:14:36.067405,haute
BJ-D9AA6CDA,Communication Communication,Médias & Communication,Kalalé,+229 60 94 53 94,,communicationcommunication.bj,PME (50-200),B2C,LinkedIn,,Actif,2026-06-29T00:14:36.067423,moyenne
BJ-72227DC7,Liberté,Médias & Communication,Kalalé,+229 38 32 42 48,,liberté.bj,Grande (>200),B2C,LinkedIn,,Actif,2026-06-29T00:14:36.067434,moyenne
BJ-24A5AD6C,Communication National,Médias & Communication,Kalalé,+229 84 33 21 15,,communicationnational.bj,PME (10-50),B2C,LinkedIn,,Actif,2026-06-29T00:14:36.067445,moyenne
BJ-9B441FD7,Publicité,Médias & Communication,Kalalé,+229 51 75 47 67,publicité@publicité.bj,,TPE (<10),B2C,LinkedIn,,Actif,2026-06-29T00:14:36.067467,moyenne
BJ-541D3DEF,Presse Radio,Médias & Communication,Kalalé,+229 30 62 64 50,,presseradio.bj,TPE (<10),B2B,LinkedIn,,Actif,2026-06-29T00:14:36.067479,moyenne
BJ-AB1B7D69,Publicité Radio,Médias & Communication,Ndali,+229 75 30 23 53,publicité.radio@publicité.radio.benin,,Grande (>200),B2B,LinkedIn,,Actif,2026-06-29T00:14:36.067498,moyenne
BJ-BE472D5F,Presse Nouvelles,Médias & Communication,Ndali,+229 63 49 42 34,presse.nouvelles@presse.nouvelles.benin,pressenouvelles.bj,TPE (<10),B2C,LinkedIn,,Actif,2026-06-29T00:14:36.067510,haute
BJ-F25FC49E,International Ndali,Médias & Communication,Ndali,+229 32 93 82 50,,internationalndali.bj,PME (10-50),B2C,LinkedIn,,Actif,2026-06-29T00:14:36.067533,moyenne
BJ-0BA35382,Publicité Ndali,Médias & Communication,Ndali,+229 75 32 88 55,publicité.ndali@publicité.ndali.bj,,PME (10-50),B2B,LinkedIn,,Actif,2026-06-29T00:14:36.067544,moyenne
BJ-49C81757,Agence International,Médias & Communication,Ségbana,+229 31 90 32 52,agence.international@agence.international.net,agenceinternational.bj,TPE (<10),B2C,LinkedIn,,Actif,2026-06-29T00:14:36.067573,haute
BJ-11A97E5A,TV Publicité TV,Médias & Communication,Ségbana,+229 60 62 59 12,tv.publicité.tv@tv.publicité.tv.net,tvpublicitétv.bj,TPE (<10),B2C,LinkedIn,,Actif,2026-06-29T00:14:36.067632,haute
BJ-60F0DD4E,Média Journal Tchaourou,Médias & Communication,Tchaourou,+229 21 36 71 16,média.journal.tchaourou@média.journal.tchaourou.bj,,PME (50-200),B2C,LinkedIn,,Actif,2026-06-29T00:14:36.067663,moyenne
BJ-F06167BB,Presse Information,Médias & Communication,Tchaourou,+229 93 90 49 19,presse.information@presse.information.net,presseinformation.bj,PME (50-200),B2C,LinkedIn,,Actif,2026-06-29T00:14:36.067678,haute
BJ-F1BECDE4,Média International News,Médias & Communication,Tchaourou,+229 60 77 37 51,,médiainternationalnews.bj,PME (50-200),B2C,LinkedIn,,Actif,2026-06-29T00:14:36.067691,moyenne
BJ-570680BF,Média Média,Médias & Communication,Tchaourou,+229 96 52 79 19,média.média@média.média.net,médiamédia.bj,PME (10-50),B2B,LinkedIn,,Actif,2026-06-29T00:14:36.067704,haute
BJ-6995AAD7,Média Presse Communication,Médias & Communication,Bétérou,+229 72 66 91 85,,médiapressecommunication.bj,PME (10-50),B2C,LinkedIn,,Actif,2026-06-29T00:14:36.067722,moyenne
BJ-41FBEF57,International News Bétérou,Médias & Communication,Bétérou,+229 62 24 63 84,international.news.bétérou@international.news.bétérou.org,internationalnewsbétérou.bj,TPE (<10),B2C,LinkedIn,,Actif,2026-06-29T00:14:36.067735,haute
BJ-8CD7D025,Presse Press,Médias & Communication,Bétérou,+229 56 62 75 79,presse.press@presse.press.com,pressepress.bj,PME (10-50),B2B,LinkedIn,,Actif,2026-06-29T00:14:36.067762,haute
BJ-051667C1,TV Journal,Médias & Communication,Bétérou,+229 89 82 39 75,,tvjournal.bj,Grande (>200),B2C,LinkedIn,,Actif,2026-06-29T00:14:36.067773,moyenne
BJ-D11083E9,Agence Publicité,Médias & Communication,Ouessè,+229 94 60 80 86,agence.publicité@agence.publicité.com,,TPE (<10),B2B,LinkedIn,,Actif,2026-06-29T00:14:36.067791,moyenne
BJ-7383E306,Presse Radio,Médias & Communication,Ouessè,+229 25 43 49 51,,,PME (50-200),B2C,LinkedIn,,Actif,2026-06-29T00:14:36.067802,basse
BJ-AC603D15,Communication Radio,Médias & Communication,Ouessè,+229 94 20 93 78,,communicationradio.bj,PME (10-50),B2C,LinkedIn,,Actif,2026-06-29T00:14:36.067812,moyenne
BJ-9383A4B1,Média Journal Press,Médias & Communication,Ouessè,+229 41 67 81 63,,médiajournalpress.bj,PME (10-50),B2B,LinkedIn,,Actif,2026-06-29T00:14:36.067823,moyenne
BJ-3992D78C,Média Nouvelles Bénin,Médias & Communication,Ouessè,+229 53 69 25 59,média.nouvelles.bénin@média.nouvelles.bénin.com,médianouvellesbénin.bj,PME (50-200),B2C,LinkedIn,,Actif,2026-06-29T00:14:36.067836,haute
BJ-40E997D5,Télévision,Médias & Communication,Glazoué,+229 46 30 31 80,,télévision.bj,Grande (>200),B2B,LinkedIn,,Actif,2026-06-29T00:14:36.067853,moyenne
BJ-296137AE,Communication,Médias & Communication,Glazoué,+229 43 99 70 54,communication@communication.com,communication.bj,PME (10-50),B2C,LinkedIn,,Actif,2026-06-29T00:14:36.067905,haute
BJ-72CBCB45,TV Actualité,Médias & Communication,Glazoué,+229 49 74 31 36,,tvactualité.bj,PME (50-200),B2C,LinkedIn,,Actif,2026-06-29T00:14:36.067921,moyenne
BJ-15AE87F9,Journal Press Dassa-Zoumè,Médias & Communication,Dassa-Zoumè,+229 59 65 15 10,journal.press.dassazoumè@journal.press.dassazoumè.org,journalpressdassazoumè.bj,TPE (<10),B2B,LinkedIn,,Actif,2026-06-29T00:14:36.067942,haute
BJ-E1191849,Communication Télévision Bénin,Médias & Communication,Dassa-Zoumè,+229 43 69 84 88,,communicationtélévisionbénin.bj,TPE (<10),B2B,LinkedIn,,Actif,2026-06-29T00:14:36.067957,moyenne
BJ-AB555683,Presse Information Dassa-Zoumè,Médias & Communication,Dassa-Zoumè,+229 44 11 72 20,presse.information.dassazoumè@presse.information.dassazoumè.bj,,PME (10-50),B2C,LinkedIn,,Actif,2026-06-29T00:14:36.067969,moyenne
BJ-96C2E412,TV Communication,Médias & Communication,Dassa-Zoumè,+229 53 48 25 16,tv.communication@tv.communication.com,tvcommunication.bj,PME (10-50),B2C,LinkedIn,,Actif,2026-06-29T00:14:36.067982,haute
BJ-12BDB3F6,Actualité Communication Dassa-Zoumè,Médias & Communication,Dassa-Zoumè,+229 55 31 64 19,,,TPE (<10),B2C,LinkedIn,,Actif,2026-06-29T00:14:36.067992,basse
BJ-6BBB33AE,TV Démocratie TV,Médias & Communication,Savalou,+229 36 73 14 30,,,TPE (<10),B2C,LinkedIn,,Actif,2026-06-29T00:14:36.068009,basse
BJ-0C1A5721,Communication Actualité,Médias & Communication,Savalou,+229 79 73 10 86,communication.actualité@communication.actualité.benin,communicationactualité.bj,PME (10-50),B2C,LinkedIn,,Actif,2026-06-29T00:14:36.068037,haute
BJ-A7ABBCDA,Agence International Communication Savalou,Médias & Communication,Savalou,+229 34 18 90 68,agence.international.communication.savalou@agence.international.communication.savalou.net,agenceinternationalcommunicationsavalou.bj,TPE (<10),B2B,LinkedIn,,Actif,2026-06-29T00:14:36.068056,haute
BJ-F5B3FB39,Démocratie,Médias & Communication,Savalou,+229 24 97 33 57,démocratie@démocratie.net,démocratie.bj,PME (50-200),B2B,LinkedIn,,Actif,2026-06-29T00:14:36.068068,haute
BJ-B9E7FAF2,Communication Publicité,Médias & Communication,Bantè,+229 32 58 34 88,communication.publicité@communication.publicité.net,communicationpublicité.bj,TPE (<10),B2B,LinkedIn,,Actif,2026-06-29T00:14:36.068089,haute
BJ-752B79C7,Agence Communication,Médias & Communication,Bantè,+229 67 46 29 10,,,Grande (>200),B2B,LinkedIn,,Actif,2026-06-29T00:14:36.068100,basse
BJ-EF314D1C,Communication Liberté TV Bantè,Médias & Communication,Bantè,+229 71 80 95 71,communication.liberté.tv.bantè@communication.liberté.tv.bantè.org,communicationlibertétvbantè.bj,PME (50-200),B2B,LinkedIn,,Actif,2026-06-29T00:14:36.068113,haute
BJ-AA4194AF,Information,Médias & Communication,Bantè,+229 76 43 30 95,information@information.bj,information.bj,TPE (<10),B2B,LinkedIn,,Actif,2026-06-29T00:14:36.068125,haute
BJ-C6D90DCF,Média Nouvelles,Médias & Communication,Djougou,+229 23 20 60 10,,,PME (10-50),B2B,LinkedIn,,Actif,2026-06-29T00:14:36.068153,basse
BJ-6D9F507C,Presse National Media,Médias & Communication,Djougou,+229 86 89 31 41,,pressenationalmedia.bj,PME (10-50),B2C,LinkedIn,,Actif,2026-06-29T00:14:36.068164,moyenne
BJ-F31B23B4,Communication Information,Médias & Communication,Djougou,+229 25 22 44 49,,communicationinformation.bj,Grande (>200),B2B,LinkedIn,,Actif,2026-06-29T00:14:36.068176,moyenne
BJ-6AE5F152,Communication Liberté Africa,Médias & Communication,Djougou,+229 88 39 12 30,communication.liberté.africa@communication.liberté.africa.benin,communicationlibertéafrica.bj,PME (50-200),B2B,LinkedIn,,Actif,2026-06-29T00:14:36.068195,haute
BJ-6DA4B668,Journal Nouvelles Media,Médias & Communication,Djougou,+229 64 42 57 34,journal.nouvelles.media@journal.nouvelles.media.org,journalnouvellesmedia.bj,TPE (<10),B2B,LinkedIn,,Actif,2026-06-29T00:14:36.068208,haute
BJ-3E84C17A,Journal Ouèssè,Médias & Communication,Ouèssè,+229 93 87 77 76,,journalouèssè.bj,TPE (<10),B2C,LinkedIn,,Actif,2026-06-29T00:14:36.068226,moyenne
BJ-C499ACE5,Démocratie Africa,Médias & Communication,Ouèssè,+229 38 12 49 92,démocratie.africa@démocratie.africa.benin,démocratieafrica.bj,PME (10-50),B2C,LinkedIn,,Actif,2026-06-29T00:14:36.068238,haute
BJ-241ED7E2,Média International Bénin Ouèssè,Médias & Communication,Ouèssè,+229 30 14 64 90,média.international.bénin.ouèssè@média.international.bénin.ouèssè.com,médiainternationalbéninouèssè.bj,PME (10-50),B2C,LinkedIn,,Actif,2026-06-29T00:14:36.068252,haute
BJ-A5AA3907,Agence Liberté,Médias & Communication,Ouèssè,+229 41 25 59 97,agence.liberté@agence.liberté.com,agenceliberté.bj,PME (10-50),B2B,LinkedIn,,Actif,2026-06-29T00:14:36.068264,haute
BJ-5A7D7EDA,Presse Liberté,Médias & Communication,Ouèssè,+229 94 58 63 18,presse.liberté@presse.liberté.com,presseliberté.bj,PME (10-50),B2B,LinkedIn,,Actif,2026-06-29T00:14:36.068277,haute
BJ-90BA77C2,Média Radio News,Médias & Communication,Bassila,+229 68 44 11 72,média.radio.news@média.radio.news.net,médiaradionews.bj,PME (10-50),B2C,LinkedIn,,Actif,2026-06-29T00:14:36.068295,haute
BJ-6E415115,Radio TV,Médias & Communication,Bassila,+229 76 72 33 44,,,PME (10-50),B2C,LinkedIn,,Actif,2026-06-29T00:14:36.068306,basse
BJ-0E071E3A,Agence Liberté Press,Médias & Communication,Bassila,+229 57 64 70 14,agence.liberté.press@agence.liberté.press.net,agencelibertépress.bj,TPE (<10),B2C,LinkedIn,,Actif,2026-06-29T00:14:36.068319,haute
BJ-51E945B5,Média Communication Press,Médias & Communication,Bassila,+229 22 28 46 98,,,PME (10-50),B2B,LinkedIn,,Actif,2026-06-29T00:14:36.068351,basse
BJ-F051559B,Journal Publicité Bénin Bassila,Médias & Communication,Bassila,+229 44 60 74 91,,journalpublicitébéninbassila.bj,TPE (<10),B2B,LinkedIn,,Actif,2026-06-29T00:14:36.068367,moyenne
BJ-830892C3,TV Actualité Pehunco,Médias & Communication,Pehunco,+229 33 34 54 39,tv.actualité.pehunco@tv.actualité.pehunco.benin,tvactualitépehunco.bj,TPE (<10),B2B,LinkedIn,,Actif,2026-06-29T00:14:36.068388,haute
BJ-32F01CFB,Journal Nouvelles Press Pehunco,Médias & Communication,Pehunco,+229 29 27 74 37,journal.nouvelles.press.pehunco@journal.nouvelles.press.pehunco.com,journalnouvellespresspehunco.bj,Grande (>200),B2B,LinkedIn,,Actif,2026-06-29T00:14:36.068401,haute
BJ-42EA4EC5,Liberté TV,Médias & Communication,Pehunco,+229 31 30 53 11,liberté.tv@liberté.tv.net,libertétv.bj,Grande (>200),B2C,LinkedIn,,Actif,2026-06-29T00:14:36.068413,haute
BJ-85D69144,Radio TV,Médias & Communication,Pehunco,+229 38 68 75 45,radio.tv@radio.tv.net,radiotv.bj,PME (50-200),B2B,LinkedIn,,Actif,2026-06-29T00:14:36.068426,haute
BJ-4125E656,Média Presse TV,Médias & Communication,Pehunco,+229 73 24 52 69,média.presse.tv@média.presse.tv.bj,,Grande (>200),B2C,LinkedIn,,Actif,2026-06-29T00:14:36.068438,moyenne
BJ-97C54CC6,International Radio,Médias & Communication,Copargo,+229 36 27 87 52,,internationalradio.bj,TPE (<10),B2C,LinkedIn,,Actif,2026-06-29T00:14:36.068454,moyenne
BJ-1A3268B5,Publicité TV,Médias & Communication,Copargo,+229 71 22 83 22,publicité.tv@publicité.tv.net,publicitétv.bj,TPE (<10),B2C,LinkedIn,,Actif,2026-06-29T00:14:36.068470,haute
BJ-16900FEB,Actualité Africa Copargo,Médias & Communication,Copargo,+229 50 99 27 23,,actualitéafricacopargo.bj,TPE (<10),B2C,LinkedIn,,Actif,2026-06-29T00:14:36.068482,moyenne
BJ-DA63DF00,TV Média,Médias & Communication,Copargo,+229 63 75 61 29,tv.média@tv.média.org,tvmédia.bj,TPE (<10),B2C,LinkedIn,,Actif,2026-06-29T00:14:36.068513,haute
BJ-9DCE2BBB,Publicité Copargo,Médias & Communication,Copargo,+229 57 18 53 82,,,TPE (<10),B2C,LinkedIn,,Actif,2026-06-29T00:14:36.068548,basse
BJ-BD7E935C,Femme Organisation,ONG & Associations,Cotonou,+229 47 73 31 79,,femmeorganisation.bj,TPE (<10),B2C,LinkedIn,,Actif,2026-06-29T00:14:36.068592,moyenne
BJ-E49354B3,Club Santé,ONG & Associations,Cotonou,+229 90 52 36 36,club.santé@club.santé.benin,,PME (50-200),B2B,LinkedIn,,Actif,2026-06-29T00:14:36.068620,moyenne
BJ-AF2B5521,Association Femme,ONG & Associations,Cotonou,+229 84 99 40 83,,,PME (50-200),B2B,LinkedIn,,Actif,2026-06-29T00:14:36.068646,basse
BJ-72A9000A,Social Cotonou,ONG & Associations,Cotonou,+229 91 39 25 31,,socialcotonou.bj,TPE (<10),B2B,LinkedIn,,Actif,2026-06-29T00:14:36.068674,moyenne
BJ-D2F03C7D,ONG Développement,ONG & Associations,Abomey-Calavi,+229 24 90 17 57,ong.développement@ong.développement.org,,PME (10-50),B2B,LinkedIn,,Actif,2026-06-29T00:14:36.068749,moyenne
BJ-03676083,Fondation Aide Association Abomey-Calavi,ONG & Associations,Abomey-Calavi,+229 83 95 58 88,fondation.aide.association.abomeycalavi@fondation.aide.association.abomeycalavi.bj,fondationaideassociationabomeycalavi.bj,PME (10-50),B2C,LinkedIn,,Actif,2026-06-29T00:14:36.068779,haute
BJ-D069B218,Social ONG Abomey-Calavi,ONG & Associations,Abomey-Calavi,+229 52 95 99 24,social.ong.abomeycalavi@social.ong.abomeycalavi.net,socialongabomeycalavi.bj,TPE (<10),B2C,LinkedIn,,Actif,2026-06-29T00:14:36.068821,haute
BJ-37243953,Santé,ONG & Associations,Abomey-Calavi,+229 56 60 60 21,santé@santé.benin,santé.bj,TPE (<10),B2C,LinkedIn,,Actif,2026-06-29T00:14:36.068881,haute
BJ-8CB1007A,Aide Organisation,ONG & Associations,Porto-Novo,+229 21 45 51 73,,,PME (50-200),B2C,LinkedIn,,Actif,2026-06-29T00:14:36.068933,basse
BJ-5DC770E6,Enfant Fondation Porto-Novo,ONG & Associations,Porto-Novo,+229 61 33 44 25,,enfantfondationportonovo.bj,PME (10-50),B2B,LinkedIn,,Actif,2026-06-29T00:14:36.068961,moyenne
BJ-AE668E19,Société Environnement Porto-Novo,ONG & Associations,Porto-Novo,+229 85 81 30 22,,sociétéenvironnementportonovo.bj,PME (50-200),B2B,LinkedIn,,Actif,2026-06-29T00:14:36.068978,moyenne
BJ-45A4FDAB,Club Enfant Association,ONG & Associations,Porto-Novo,+229 97 97 20 82,,clubenfantassociation.bj,TPE (<10),B2C,LinkedIn,,Actif,2026-06-29T00:14:36.068996,moyenne
BJ-8AF3593C,Enfant Organisation,ONG & Associations,Porto-Novo,+229 81 90 38 51,enfant.organisation@enfant.organisation.com,enfantorganisation.bj,Grande (>200),B2C,LinkedIn,,Actif,2026-06-29T00:14:36.069009,haute
BJ-47EAAB06,Jeunesse,ONG & Associations,Parakou,+229 23 57 42 72,jeunesse@jeunesse.org,,PME (10-50),B2B,LinkedIn,,Actif,2026-06-29T00:14:36.069032,moyenne
BJ-E6F6AAC9,Association Santé,ONG & Associations,Parakou,+229 54 55 94 77,,associationsanté.bj,Grande (>200),B2B,LinkedIn,,Actif,2026-06-29T00:14:36.069045,moyenne
BJ-25F682CB,ONG Aide ONG,ONG & Associations,Parakou,+229 49 67 73 54,,,TPE (<10),B2B,LinkedIn,,Actif,2026-06-29T00:14:36.069068,basse
BJ-96275075,Association Enfant,ONG & Associations,Bohicon,+229 95 40 16 68,association.enfant@association.enfant.benin,,PME (10-50),B2C,LinkedIn,,Actif,2026-06-29T00:14:36.069108,moyenne
BJ-87F7D2FB,Organisation Santé Africa,ONG & Associations,Bohicon,+229 50 35 48 63,,,TPE (<10),B2B,LinkedIn,,Actif,2026-06-29T00:14:36.069119,basse
BJ-4E28FDF5,Femme,ONG & Associations,Bohicon,+229 64 29 82 21,,,PME (10-50),B2B,LinkedIn,,Actif,2026-06-29T00:14:36.069129,basse
BJ-F1AAA340,Association Sport,ONG & Associations,Bohicon,+229 48 29 24 26,,,Grande (>200),B2C,LinkedIn,,Actif,2026-06-29T00:14:36.069139,basse
BJ-31ABEB49,Association Enfant Organisation,ONG & Associations,Natitingou,+229 48 24 23 62,,,TPE (<10),B2B,LinkedIn,,Actif,2026-06-29T00:14:36.069155,basse
BJ-3F05185E,ONG Éducation,ONG & Associations,Natitingou,+229 37 26 72 70,,,TPE (<10),B2C,LinkedIn,,Actif,2026-06-29T00:14:36.069166,basse
BJ-E1237B39,Organisation Femme Africa,ONG & Associations,Natitingou,+229 76 82 45 35,,organisationfemmeafrica.bj,PME (10-50),B2C,LinkedIn,,Actif,2026-06-29T00:14:36.069176,moyenne
BJ-FA447218,Culture Natitingou,ONG & Associations,Natitingou,+229 68 83 38 33,,culturenatitingou.bj,TPE (<10),B2C,LinkedIn,,Actif,2026-06-29T00:14:36.069204,moyenne
BJ-95BA563A,ONG Droits Association,ONG & Associations,Lokossa,+229 86 68 84 56,ong.droits.association@ong.droits.association.org,,Grande (>200),B2B,LinkedIn,,Actif,2026-06-29T00:14:36.069234,moyenne
BJ-F80B88BD,Femme Fondation,ONG & Associations,Lokossa,+229 39 98 13 35,femme.fondation@femme.fondation.org,,PME (10-50),B2C,LinkedIn,,Actif,2026-06-29T00:14:36.069245,moyenne
BJ-98C0252B,Éducation Bénin,ONG & Associations,Lokossa,+229 60 79 35 52,éducation.bénin@éducation.bénin.org,éducationbénin.bj,PME (10-50),B2B,LinkedIn,,Actif,2026-06-29T00:14:36.069259,haute
BJ-AB7EED52,Enfant Bénin,ONG & Associations,Lokossa,+229 76 17 42 22,enfant.bénin@enfant.bénin.bj,,TPE (<10),B2C,LinkedIn,,Actif,2026-06-29T00:14:36.069273,moyenne
BJ-F95D39A0,Organisation Femme Fondation,ONG & Associations,Ouidah,+229 97 52 21 64,organisation.femme.fondation@organisation.femme.fondation.com,organisationfemmefondation.bj,TPE (<10),B2C,LinkedIn,,Actif,2026-06-29T00:14:36.069291,haute
BJ-51CF9E1D,Club Droits Fondation,ONG & Associations,Ouidah,+229 53 96 47 76,,,TPE (<10),B2B,LinkedIn,,Actif,2026-06-29T00:14:36.069301,basse
BJ-C6EEAE81,Association Social Bénin,ONG & Associations,Ouidah,+229 54 78 64 42,association.social.bénin@association.social.bénin.net,,TPE (<10),B2C,LinkedIn,,Actif,2026-06-29T00:14:36.069313,moyenne
BJ-A42E1995,Association Développement Africa,ONG & Associations,Ouidah,+229 93 49 14 61,,,TPE (<10),B2B,LinkedIn,,Actif,2026-06-29T00:14:36.069327,basse
BJ-89E51974,Fondation Éducation,ONG & Associations,Ouidah,+229 95 51 45 86,,fondationéducation.bj,TPE (<10),B2B,LinkedIn,,Actif,2026-06-29T00:14:36.069339,moyenne
BJ-932AAB73,Fondation Enfant Organisation,ONG & Associations,Savalou,+229 37 93 12 19,fondation.enfant.organisation@fondation.enfant.organisation.benin,,TPE (<10),B2B,LinkedIn,,Actif,2026-06-29T00:14:36.069356,moyenne
BJ-B94F96E9,Association Culture,ONG & Associations,Savalou,+229 24 53 71 94,,,PME (50-200),B2B,LinkedIn,,Actif,2026-06-29T00:14:36.069366,basse
BJ-9926A4E4,Organisation Culture,ONG & Associations,Savalou,+229 94 86 21 23,organisation.culture@organisation.culture.net,,TPE (<10),B2C,LinkedIn,,Actif,2026-06-29T00:14:36.069377,moyenne
BJ-D5B2DD10,Droits,ONG & Associations,Savalou,+229 65 87 46 84,droits@droits.com,,PME (10-50),B2C,LinkedIn,,Actif,2026-06-29T00:14:36.069388,moyenne
BJ-CE580276,Humanitaire Organisation,ONG & Associations,Savalou,+229 56 58 18 50,,humanitaireorganisation.bj,PME (10-50),B2B,LinkedIn,,Actif,2026-06-29T00:14:36.069402,moyenne
BJ-4CD827D7,Social,ONG & Associations,Dassa-Zoumè,+229 47 36 43 46,,,TPE (<10),B2C,LinkedIn,,Actif,2026-06-29T00:14:36.069418,basse
BJ-DE795BDA,Enfant,ONG & Associations,Dassa-Zoumè,+229 61 60 74 89,,,PME (10-50),B2C,LinkedIn,,Actif,2026-06-29T00:14:36.069429,basse
BJ-EA1AB375,Fondation Santé Fondation,ONG & Associations,Dassa-Zoumè,+229 54 23 18 78,,fondationsantéfondation.bj,TPE (<10),B2C,LinkedIn,,Actif,2026-06-29T00:14:36.069441,moyenne
BJ-A5B5881A,Association Aide Association,ONG & Associations,Dassa-Zoumè,+229 56 69 56 43,association.aide.association@association.aide.association.benin,associationaideassociation.bj,TPE (<10),B2C,LinkedIn,,Actif,2026-06-29T00:14:36.069459,haute
BJ-B1ABFF19,Fondation Jeunesse Bénin,ONG & Associations,Dassa-Zoumè,+229 87 95 20 46,,,TPE (<10),B2B,LinkedIn,,Actif,2026-06-29T00:14:36.069470,basse
BJ-F7A89252,Éducation ONG Kétou,ONG & Associations,Kétou,+229 21 76 26 65,éducation.ong.kétou@éducation.ong.kétou.benin,,PME (50-200),B2B,LinkedIn,,Actif,2026-06-29T00:14:36.069502,moyenne
BJ-1A4657AB,Fondation Développement Organisation,ONG & Associations,Kétou,+229 28 61 30 83,,,PME (10-50),B2B,LinkedIn,,Actif,2026-06-29T00:14:36.069513,basse
BJ-A19BBFFF,Social,ONG & Associations,Kétou,+229 23 22 72 96,,social.bj,TPE (<10),B2B,LinkedIn,,Actif,2026-06-29T00:14:36.069541,moyenne
BJ-316A6BBE,Société Aide Kétou,ONG & Associations,Kétou,+229 73 49 60 38,société.aide.kétou@société.aide.kétou.bj,,Grande (>200),B2C,LinkedIn,,Actif,2026-06-29T00:14:36.069553,moyenne
BJ-B8CE8A99,Sport International,ONG & Associations,Covè,+229 76 49 82 60,,,PME (50-200),B2B,LinkedIn,,Actif,2026-06-29T00:14:36.069569,basse
BJ-C0DEE5C4,ONG Jeunesse,ONG & Associations,Covè,+229 77 79 86 46,ong.jeunesse@ong.jeunesse.org,,TPE (<10),B2C,LinkedIn,,Actif,2026-06-29T00:14:36.069580,moyenne
BJ-0CB3D150,Sport ONG,ONG & Associations,Covè,+229 65 53 15 86,sport.ong@sport.ong.net,,TPE (<10),B2C,LinkedIn,,Actif,2026-06-29T00:14:36.069591,moyenne
BJ-89310551,Société Sport ONG,ONG & Associations,Covè,+229 69 97 41 70,,,TPE (<10),B2B,LinkedIn,,Actif,2026-06-29T00:14:36.069604,basse
BJ-4DD1FB92,Fondation Aide,ONG & Associations,Covè,+229 77 87 76 74,,fondationaide.bj,TPE (<10),B2B,LinkedIn,,Actif,2026-06-29T00:14:36.069616,moyenne
BJ-E9131A78,Social,ONG & Associations,Pobè,+229 58 89 93 18,,social.bj,TPE (<10),B2C,LinkedIn,,Actif,2026-06-29T00:14:36.069633,moyenne
BJ-B0052602,Club Humanitaire Pobè,ONG & Associations,Pobè,+229 74 41 31 22,,clubhumanitairepobè.bj,PME (10-50),B2B,LinkedIn,,Actif,2026-06-29T00:14:36.069655,moyenne
BJ-2835B8E7,Femme,ONG & Associations,Pobè,+229 60 20 40 24,,femme.bj,PME (10-50),B2C,LinkedIn,,Actif,2026-06-29T00:14:36.069680,moyenne
BJ-7A88BF3E,Organisation Santé,ONG & Associations,Sakété,+229 37 80 94 15,,organisationsanté.bj,PME (10-50),B2C,LinkedIn,,Actif,2026-06-29T00:14:36.069713,moyenne
BJ-0CEC6B45,Association Enfant,ONG & Associations,Sakété,+229 65 94 17 32,,,Grande (>200),B2B,LinkedIn,,Actif,2026-06-29T00:14:36.069723,basse
BJ-16F14079,Fondation Femme,ONG & Associations,Sakété,+229 86 44 37 78,,,PME (50-200),B2C,LinkedIn,,Actif,2026-06-29T00:14:36.069741,basse
BJ-A6D7EFA0,Société Développement Organisation Sakété,ONG & Associations,Sakété,+229 22 77 88 71,société.développement.organisation.sakété@société.développement.organisation.sakété.bj,sociétédéveloppementorganisationsakété.bj,TPE (<10),B2C,LinkedIn,,Actif,2026-06-29T00:14:36.069756,haute
BJ-2449F5B1,Social,ONG & Associations,Adjara,+229 78 41 68 46,social@social.org,social.bj,PME (50-200),B2B,LinkedIn,,Actif,2026-06-29T00:14:36.069776,haute
BJ-6B8723C9,ONG Environnement Association,ONG & Associations,Adjara,+229 80 55 10 11,ong.environnement.association@ong.environnement.association.org,,TPE (<10),B2C,LinkedIn,,Actif,2026-06-29T00:14:36.069854,moyenne
BJ-225003C0,Solidarité ONG,ONG & Associations,Adjara,+229 60 89 50 44,solidarité.ong@solidarité.ong.benin,solidaritéong.bj,TPE (<10),B2C,LinkedIn,,Actif,2026-06-29T00:14:36.069888,haute
BJ-11624082,Humanitaire Bénin,ONG & Associations,Adjara,+229 72 54 73 98,humanitaire.bénin@humanitaire.bénin.benin,,TPE (<10),B2C,LinkedIn,,Actif,2026-06-29T00:14:36.069933,moyenne
BJ-88A68ED5,Solidarité Organisation,ONG & Associations,Allada,+229 33 80 52 19,solidarité.organisation@solidarité.organisation.org,solidaritéorganisation.bj,TPE (<10),B2B,LinkedIn,,Actif,2026-06-29T00:14:36.069983,haute
BJ-FADC31E9,Droits,ONG & Associations,Allada,+229 85 60 81 60,,droits.bj,TPE (<10),B2B,LinkedIn,,Actif,2026-06-29T00:14:36.069994,moyenne
BJ-36DDFE4B,Sport Allada,ONG & Associations,Allada,+229 94 95 57 12,sport.allada@sport.allada.org,sportallada.bj,PME (50-200),B2C,LinkedIn,,Actif,2026-06-29T00:14:36.070008,haute
BJ-1B5D5A41,Club Enfant Organisation,ONG & Associations,Allada,+229 98 34 39 31,,,Grande (>200),B2C,LinkedIn,,Actif,2026-06-29T00:14:36.070021,basse
BJ-CB04E3F9,Association Culture Organisation,ONG & Associations,Aplahoué,+229 73 48 54 60,,,PME (10-50),B2C,LinkedIn,,Actif,2026-06-29T00:14:36.070049,basse
BJ-1AF2F4D3,Femme Africa,ONG & Associations,Aplahoué,+229 98 12 75 10,,femmeafrica.bj,PME (10-50),B2C,LinkedIn,,Actif,2026-06-29T00:14:36.070063,moyenne
BJ-870C6259,ONG Aide,ONG & Associations,Aplahoué,+229 69 70 23 11,,,PME (10-50),B2C,LinkedIn,,Actif,2026-06-29T00:14:36.070074,basse
BJ-921B2114,Organisation Sport,ONG & Associations,Aplahoué,+229 92 17 53 93,organisation.sport@organisation.sport.net,,TPE (<10),B2B,LinkedIn,,Actif,2026-06-29T00:14:36.070085,moyenne
BJ-7BDB2A60,Club Jeunesse Aplahoué,ONG & Associations,Aplahoué,+229 77 87 65 47,,clubjeunesseaplahoué.bj,TPE (<10),B2B,LinkedIn,,Actif,2026-06-29T00:14:36.070097,moyenne
BJ-0F2AD224,Solidarité,ONG & Associations,Dogbo-Tota,+229 40 81 86 84,solidarité@solidarité.com,solidarité.bj,PME (10-50),B2C,LinkedIn,,Actif,2026-06-29T00:14:36.070119,haute
BJ-24D2EDA4,Société Enfant Africa Dogbo-Tota,ONG & Associations,Dogbo-Tota,+229 89 38 15 84,société.enfant.africa.dogbotota@société.enfant.africa.dogbotota.benin,,PME (10-50),B2C,LinkedIn,,Actif,2026-06-29T00:14:36.070132,moyenne
BJ-6B75059A,ONG Solidarité,ONG & Associations,Dogbo-Tota,+229 97 69 18 42,,,PME (10-50),B2C,LinkedIn,,Actif,2026-06-29T00:14:36.070142,basse
BJ-F3ADD9F9,Aide,ONG & Associations,Dogbo-Tota,+229 37 69 87 92,,aide.bj,TPE (<10),B2C,LinkedIn,,Actif,2026-06-29T00:14:36.070167,moyenne
BJ-6B7E2748,Environnement Africa,ONG & Associations,Kpomassè,+229 95 55 97 17,,,TPE (<10),B2C,LinkedIn,,Actif,2026-06-29T00:14:36.070183,basse
BJ-25DD0E20,Solidarité International,ONG & Associations,Kpomassè,+229 89 26 44 77,,,TPE (<10),B2B,LinkedIn,,Actif,2026-06-29T00:14:36.070193,basse
BJ-3745635C,Club Humanitaire Kpomassè,ONG & Associations,Kpomassè,+229 59 66 38 36,,,TPE (<10),B2C,LinkedIn,,Actif,2026-06-29T00:14:36.070203,basse
BJ-3F7A71E0,Social ONG,ONG & Associations,Kpomassè,+229 65 68 23 77,,,PME (10-50),B2C,LinkedIn,,Actif,2026-06-29T00:14:36.070212,basse
BJ-E2DFD2D1,Environnement,ONG & Associations,Tori-Bossito,+229 23 70 12 36,environnement@environnement.benin,,TPE (<10),B2C,LinkedIn,,Actif,2026-06-29T00:14:36.070237,moyenne
BJ-43590DD9,Éducation,ONG & Associations,Tori-Bossito,+229 99 53 91 69,,éducation.bj,PME (50-200),B2B,LinkedIn,,Actif,2026-06-29T00:14:36.070248,moyenne
BJ-8EC189FF,Environnement Tori-Bossito,ONG & Associations,Tori-Bossito,+229 53 36 18 51,,,PME (10-50),B2C,LinkedIn,,Actif,2026-06-29T00:14:36.070349,basse
BJ-D570D51F,Social,ONG & Associations,Grand-Popo,+229 96 49 17 78,social@social.benin,,PME (50-200),B2B,LinkedIn,,Actif,2026-06-29T00:14:36.070395,moyenne
BJ-99F37380,Éducation ONG,ONG & Associations,Grand-Popo,+229 77 13 52 21,éducation.ong@éducation.ong.org,éducationong.bj,PME (50-200),B2B,LinkedIn,,Actif,2026-06-29T00:14:36.070422,haute
BJ-2D4EDED1,Fondation Droits,ONG & Associations,Grand-Popo,+229 29 29 46 77,fondation.droits@fondation.droits.org,,TPE (<10),B2C,LinkedIn,,Actif,2026-06-29T00:14:36.070442,moyenne
BJ-63B929EB,Société Jeunesse,ONG & Associations,Grand-Popo,+229 98 19 79 10,,,PME (50-200),B2C,LinkedIn,,Actif,2026-06-29T00:14:36.070461,basse
BJ-CD5F3731,Sport Africa,ONG & Associations,Grand-Popo,+229 49 87 35 76,,sportafrica.bj,PME (10-50),B2B,LinkedIn,,Actif,2026-06-29T00:14:36.070481,moyenne
BJ-6B9035AB,ONG Sport,ONG & Associations,Athiémé,+229 85 10 64 69,,ongsport.bj,TPE (<10),B2C,LinkedIn,,Actif,2026-06-29T00:14:36.070509,moyenne
BJ-5CEDC6BD,Club Jeunesse Fondation Athiémé,ONG & Associations,Athiémé,+229 98 24 42 88,,,TPE (<10),B2B,LinkedIn,,Actif,2026-06-29T00:14:36.070527,basse
BJ-5C42FF6F,Social,ONG & Associations,Athiémé,+229 99 60 87 24,social@social.net,social.bj,TPE (<10),B2C,LinkedIn,,Actif,2026-06-29T00:14:36.070547,haute
BJ-078F671E,Fondation Enfant,ONG & Associations,Athiémé,+229 78 56 75 48,fondation.enfant@fondation.enfant.benin,fondationenfant.bj,PME (10-50),B2C,LinkedIn,,Actif,2026-06-29T00:14:36.070571,haute
BJ-7C4C8487,Club Humanitaire Association,ONG & Associations,Athiémé,+229 27 61 24 33,,clubhumanitaireassociation.bj,PME (10-50),B2C,LinkedIn,,Actif,2026-06-29T00:14:36.070591,moyenne
BJ-77E596F5,Association Enfant ONG,ONG & Associations,Bopa,+229 82 97 21 57,association.enfant.ong@association.enfant.ong.org,associationenfantong.bj,TPE (<10),B2C,LinkedIn,,Actif,2026-06-29T00:14:36.070621,haute
BJ-0F5406D7,Association Éducation,ONG & Associations,Bopa,+229 79 49 60 36,association.éducation@association.éducation.net,,Grande (>200),B2B,LinkedIn,,Actif,2026-06-29T00:14:36.070662,moyenne
BJ-D85F6073,Association Social Fondation Bopa,ONG & Associations,Bopa,+229 96 92 57 64,association.social.fondation.bopa@association.social.fondation.bopa.bj,,TPE (<10),B2B,LinkedIn,,Actif,2026-06-29T00:14:36.070690,moyenne
BJ-36A92D6A,Environnement,ONG & Associations,Bopa,+229 37 26 21 59,environnement@environnement.org,environnement.bj,PME (10-50),B2C,LinkedIn,,Actif,2026-06-29T00:14:36.070705,haute
BJ-81955685,Fondation Éducation,ONG & Associations,Houéyogbé,+229 98 34 96 13,,,TPE (<10),B2C,LinkedIn,,Actif,2026-06-29T00:14:36.070751,basse
BJ-B1B8EA2C,Solidarité,ONG & Associations,Houéyogbé,+229 67 25 55 82,,solidarité.bj,TPE (<10),B2B,LinkedIn,,Actif,2026-06-29T00:14:36.070762,moyenne
BJ-6798881A,Droits Houéyogbé,ONG & Associations,Houéyogbé,+229 94 96 92 58,droits.houéyogbé@droits.houéyogbé.net,,PME (50-200),B2B,LinkedIn,,Actif,2026-06-29T00:14:36.070777,moyenne
BJ-7659A2A9,Social Africa Houéyogbé,ONG & Associations,Houéyogbé,+229 68 75 15 71,social.africa.houéyogbé@social.africa.houéyogbé.bj,,PME (10-50),B2B,LinkedIn,,Actif,2026-06-29T00:14:36.070790,moyenne
BJ-92060306,Développement Association,ONG & Associations,Malanville,+229 78 54 12 77,,,PME (10-50),B2B,LinkedIn,,Actif,2026-06-29T00:14:36.070806,basse
BJ-18216CF5,Éducation International Malanville,ONG & Associations,Malanville,+229 20 43 74 65,,éducationinternationalmalanville.bj,TPE (<10),B2B,LinkedIn,,Actif,2026-06-29T00:14:36.070818,moyenne
BJ-9828365B,Culture International,ONG & Associations,Malanville,+229 91 21 49 72,culture.international@culture.international.benin,cultureinternational.bj,PME (50-200),B2B,LinkedIn,,Actif,2026-06-29T00:14:36.070830,haute
BJ-3DD499DB,Fondation Aide,ONG & Associations,Malanville,+229 87 94 65 84,,,PME (50-200),B2B,LinkedIn,,Actif,2026-06-29T00:14:36.070852,basse
BJ-8E08941B,Société Environnement ONG Kandi,ONG & Associations,Kandi,+229 50 69 71 97,,,TPE (<10),B2B,LinkedIn,,Actif,2026-06-29T00:14:36.070867,basse
BJ-3ADDC886,Organisation Développement Bénin Kandi,ONG & Associations,Kandi,+229 74 64 37 65,,organisationdéveloppementbéninkandi.bj,TPE (<10),B2B,LinkedIn,,Actif,2026-06-29T00:14:36.070880,moyenne
BJ-BB885507,Club Environnement Kandi,ONG & Associations,Kandi,+229 38 82 69 23,,,PME (50-200),B2C,LinkedIn,,Actif,2026-06-29T00:14:36.070899,basse
BJ-BF7564F0,ONG Social,ONG & Associations,Kandi,+229 86 73 26 70,,,TPE (<10),B2B,LinkedIn,,Actif,2026-06-29T00:14:36.070932,basse
BJ-BEB56BD3,Association Développement Bénin,ONG & Associations,Kandi,+229 29 94 12 73,association.développement.bénin@association.développement.bénin.bj,associationdéveloppementbénin.bj,TPE (<10),B2C,LinkedIn,,Actif,2026-06-29T00:14:36.070959,haute
BJ-1F5498DC,Club Femme Banikoara,ONG & Associations,Banikoara,+229 42 57 57 18,,,PME (10-50),B2B,LinkedIn,,Actif,2026-06-29T00:14:36.070977,basse
BJ-43EAF14E,Société Sport Bénin Banikoara,ONG & Associations,Banikoara,+229 90 62 90 60,,,TPE (<10),B2B,LinkedIn,,Actif,2026-06-29T00:14:36.070991,basse
BJ-7D23BAA0,Éducation Organisation Banikoara,ONG & Associations,Banikoara,+229 58 91 74 21,éducation.organisation.banikoara@éducation.organisation.banikoara.org,,Grande (>200),B2B,LinkedIn,,Actif,2026-06-29T00:14:36.071006,moyenne
BJ-29EE9D80,Droits Africa,ONG & Associations,Banikoara,+229 60 95 48 69,,,Grande (>200),B2C,LinkedIn,,Actif,2026-06-29T00:14:36.071017,basse
BJ-4388CC0C,Solidarité Bénin,ONG & Associations,Banikoara,+229 86 13 85 85,,,PME (50-200),B2B,LinkedIn,,Actif,2026-06-29T00:14:36.071027,basse
BJ-125EA6EB,Association Santé Association Ségbana,ONG & Associations,Ségbana,+229 58 87 16 86,association.santé.association.ségbana@association.santé.association.ségbana.com,,TPE (<10),B2C,LinkedIn,,Actif,2026-06-29T00:14:36.071044,moyenne
BJ-C3D92483,Santé Africa,ONG & Associations,Ségbana,+229 61 27 57 75,,santéafrica.bj,TPE (<10),B2C,LinkedIn,,Actif,2026-06-29T00:14:36.071055,moyenne
BJ-4557A1BB,Éducation Africa,ONG & Associations,Ségbana,+229 71 33 69 13,éducation.africa@éducation.africa.com,éducationafrica.bj,PME (50-200),B2C,LinkedIn,,Actif,2026-06-29T00:14:36.071067,haute
BJ-32C1F654,Santé Association,ONG & Associations,Ségbana,+229 97 79 78 86,,santéassociation.bj,PME (50-200),B2B,LinkedIn,,Actif,2026-06-29T00:14:36.071081,moyenne
BJ-F0DD32A1,Environnement Association Ségbana,ONG & Associations,Ségbana,+229 34 83 85 66,environnement.association.ségbana@environnement.association.ségbana.net,,PME (10-50),B2C,LinkedIn,,Actif,2026-06-29T00:14:36.071093,moyenne
BJ-1C2372C9,Social Organisation,ONG & Associations,Karimama,+229 61 45 30 26,social.organisation@social.organisation.org,,PME (10-50),B2C,LinkedIn,,Actif,2026-06-29T00:14:36.071109,moyenne
BJ-7B5414E2,Club Femme Fondation,ONG & Associations,Karimama,+229 69 94 32 57,,,PME (10-50),B2B,LinkedIn,,Actif,2026-06-29T00:14:36.071119,basse
BJ-85EBCC72,Sport Africa,ONG & Associations,Karimama,+229 38 83 84 71,,sportafrica.bj,TPE (<10),B2C,LinkedIn,,Actif,2026-06-29T00:14:36.071130,moyenne
BJ-7C19C42E,Club Sport,ONG & Associations,Karimama,+229 35 53 84 24,club.sport@club.sport.org,,PME (10-50),B2C,LinkedIn,,Actif,2026-06-29T00:14:36.071141,moyenne
BJ-88F91DAD,Organisation Solidarité,ONG & Associations,Gogounou,+229 92 45 58 94,organisation.solidarité@organisation.solidarité.org,organisationsolidarité.bj,Grande (>200),B2C,LinkedIn,,Actif,2026-06-29T00:14:36.071169,haute
BJ-13EEF012,Fondation Culture,ONG & Associations,Gogounou,+229 25 11 58 44,fondation.culture@fondation.culture.bj,,Grande (>200),B2C,LinkedIn,,Actif,2026-06-29T00:14:36.071180,moyenne
BJ-B5982BC6,Association Droits,ONG & Associations,Gogounou,+229 23 14 31 27,association.droits@association.droits.benin,associationdroits.bj,TPE (<10),B2C,LinkedIn,,Actif,2026-06-29T00:14:36.071191,haute
BJ-4E59D7DD,ONG Jeunesse,ONG & Associations,Gogounou,+229 29 62 91 99,ong.jeunesse@ong.jeunesse.org,,TPE (<10),B2C,LinkedIn,,Actif,2026-06-29T00:14:36.071209,moyenne
BJ-2BF579FD,Association Social Bénin,ONG & Associations,Gogounou,+229 61 42 14 69,association.social.bénin@association.social.bénin.org,,TPE (<10),B2C,LinkedIn,,Actif,2026-06-29T00:14:36.071221,moyenne
BJ-25975B26,Droits Fondation Cobly,ONG & Associations,Cobly,+229 41 75 45 70,,,TPE (<10),B2C,LinkedIn,,Actif,2026-06-29T00:14:36.071237,basse
BJ-3FD39663,Droits ONG Cobly,ONG & Associations,Cobly,+229 41 49 41 64,,,PME (10-50),B2B,LinkedIn,,Actif,2026-06-29T00:14:36.071247,basse
BJ-ECD2BB77,Humanitaire,ONG & Associations,Cobly,+229 27 84 72 73,,,PME (10-50),B2C,LinkedIn,,Actif,2026-06-29T00:14:36.071256,basse
BJ-5D3A1894,Santé International,ONG & Associations,Cobly,+229 25 59 63 56,santé.international@santé.international.bj,,PME (10-50),B2B,LinkedIn,,Actif,2026-06-29T00:14:36.071267,moyenne
BJ-DA6FD450,Fondation Femme Association Tanguiéta,ONG & Associations,Tanguiéta,+229 54 99 42 45,fondation.femme.association.tanguiéta@fondation.femme.association.tanguiéta.com,,Grande (>200),B2C,LinkedIn,,Actif,2026-06-29T00:14:36.071320,moyenne
BJ-D66BB241,Enfant,ONG & Associations,Tanguiéta,+229 74 26 86 63,enfant@enfant.com,enfant.bj,PME (10-50),B2C,LinkedIn,,Actif,2026-06-29T00:14:36.071345,haute
BJ-2AE1EFD3,Club Aide Association,ONG & Associations,Tanguiéta,+229 99 69 32 56,club.aide.association@club.aide.association.org,,TPE (<10),B2B,LinkedIn,,Actif,2026-06-29T00:14:36.071359,moyenne
BJ-BED20165,Fondation Éducation,ONG & Associations,Tanguiéta,+229 97 36 23 40,fondation.éducation@fondation.éducation.com,fondationéducation.bj,PME (10-50),B2C,LinkedIn,,Actif,2026-06-29T00:14:36.071372,haute
BJ-2E07AC07,Solidarité Association,ONG & Associations,Matéri,+229 76 77 31 13,solidarité.association@solidarité.association.com,,PME (10-50),B2B,LinkedIn,,Actif,2026-06-29T00:14:36.071394,moyenne
BJ-2ECAE7E4,Club Jeunesse Fondation Matéri,ONG & Associations,Matéri,+229 27 79 99 85,club.jeunesse.fondation.matéri@club.jeunesse.fondation.matéri.org,,PME (10-50),B2C,LinkedIn,,Actif,2026-06-29T00:14:36.071420,moyenne
BJ-897F45B7,ONG Enfant Association,ONG & Associations,Matéri,+229 25 68 46 76,ong.enfant.association@ong.enfant.association.net,,TPE (<10),B2C,LinkedIn,,Actif,2026-06-29T00:14:36.071442,moyenne
BJ-0CB4C4D0,Organisation Environnement Matéri,ONG & Associations,Matéri,+229 70 93 67 79,,,TPE (<10),B2B,LinkedIn,,Actif,2026-06-29T00:14:36.071452,basse
BJ-50E24888,Humanitaire Fondation,ONG & Associations,Natitingou,+229 20 17 62 16,,,TPE (<10),B2C,LinkedIn,,Actif,2026-06-29T00:14:36.071470,basse
BJ-184095E0,Sport ONG,ONG & Associations,Natitingou,+229 44 35 84 61,sport.ong@sport.ong.org,,TPE (<10),B2B,LinkedIn,,Actif,2026-06-29T00:14:36.071484,moyenne
BJ-FD181E1A,ONG Solidarité Association,ONG & Associations,Natitingou,+229 86 88 54 69,,ongsolidaritéassociation.bj,PME (10-50),B2B,LinkedIn,,Actif,2026-06-29T00:14:36.071495,moyenne
BJ-53447467,Fondation Éducation Bénin,ONG & Associations,Natitingou,+229 41 54 41 54,fondation.éducation.bénin@fondation.éducation.bénin.benin,fondationéducationbénin.bj,PME (10-50),B2C,LinkedIn,,Actif,2026-06-29T00:14:36.071511,haute
BJ-F0A256F6,Femme,ONG & Associations,Natitingou,+229 24 66 16 76,femme@femme.benin,,TPE (<10),B2B,LinkedIn,,Actif,2026-06-29T00:14:36.071522,moyenne
BJ-D4A3FCE8,Fondation Sport,ONG & Associations,Toucountouna,+229 68 84 55 68,,,PME (50-200),B2C,LinkedIn,,Actif,2026-06-29T00:14:36.071537,basse
BJ-8399A697,Droits International,ONG & Associations,Toucountouna,+229 27 80 44 12,droits.international@droits.international.com,,PME (50-200),B2C,LinkedIn,,Actif,2026-06-29T00:14:36.071548,moyenne
BJ-9CBF66E1,Santé,ONG & Associations,Toucountouna,+229 22 64 26 80,santé@santé.bj,santé.bj,PME (50-200),B2C,LinkedIn,,Actif,2026-06-29T00:14:36.071582,haute
BJ-4A0E8663,Solidarité,ONG & Associations,Boukoumbé,+229 58 80 52 37,,solidarité.bj,TPE (<10),B2C,LinkedIn,,Actif,2026-06-29T00:14:36.071599,moyenne
BJ-C2277B9B,Éducation International Boukoumbé,ONG & Associations,Boukoumbé,+229 30 50 63 74,,éducationinternationalboukoumbé.bj,PME (50-200),B2B,LinkedIn,,Actif,2026-06-29T00:14:36.071614,moyenne
BJ-C1A056C2,Fondation Enfant Bénin,ONG & Associations,Boukoumbé,+229 83 75 26 52,fondation.enfant.bénin@fondation.enfant.bénin.net,,TPE (<10),B2B,LinkedIn,,Actif,2026-06-29T00:14:36.071625,moyenne
BJ-698FF3A3,Jeunesse International,ONG & Associations,Boukoumbé,+229 33 31 66 34,jeunesse.international@jeunesse.international.benin,,PME (10-50),B2C,LinkedIn,,Actif,2026-06-29T00:14:36.071639,moyenne
BJ-190A4931,Droits Bénin,ONG & Associations,Boukoumbé,+229 85 34 40 94,,droitsbénin.bj,TPE (<10),B2B,LinkedIn,,Actif,2026-06-29T00:14:36.071650,moyenne
BJ-1DAFD82A,Société Humanitaire,ONG & Associations,Kouandé,+229 91 23 66 95,,,PME (10-50),B2C,LinkedIn,,Actif,2026-06-29T00:14:36.071677,basse
BJ-FB1E32E8,Société Droits,ONG & Associations,Kouandé,+229 87 91 94 57,société.droits@société.droits.bj,,TPE (<10),B2B,LinkedIn,,Actif,2026-06-29T00:14:36.071704,moyenne
BJ-22E3C54C,Solidarité,ONG & Associations,Kouandé,+229 60 26 31 83,,,TPE (<10),B2B,LinkedIn,,Actif,2026-06-29T00:14:36.071714,basse
BJ-28438B41,Éducation Association,ONG & Associations,Péhunco,+229 35 22 59 33,éducation.association@éducation.association.net,éducationassociation.bj,PME (10-50),B2B,LinkedIn,,Actif,2026-06-29T00:14:36.071732,haute
BJ-0607E7BA,Jeunesse Organisation,ONG & Associations,Péhunco,+229 27 69 47 94,jeunesse.organisation@jeunesse.organisation.org,,PME (50-200),B2C,LinkedIn,,Actif,2026-06-29T00:14:36.071743,moyenne
BJ-74BDAC29,Société Culture Fondation,ONG & Associations,Péhunco,+229 29 86 44 38,,sociétéculturefondation.bj,TPE (<10),B2C,LinkedIn,,Actif,2026-06-29T00:14:36.071753,moyenne
BJ-AF4BB7D5,Social Bénin,ONG & Associations,Péhunco,+229 68 18 33 34,,,PME (10-50),B2B,LinkedIn,,Actif,2026-06-29T00:14:36.071766,basse
BJ-9B421946,Développement Péhunco,ONG & Associations,Péhunco,+229 94 35 22 47,,développementpéhunco.bj,PME (10-50),B2B,LinkedIn,,Actif,2026-06-29T00:14:36.071778,moyenne
BJ-18B8FAD4,Société Environnement International,ONG & Associations,Tchaourou,+229 51 90 17 41,,,TPE (<10),B2C,LinkedIn,,Actif,2026-06-29T00:14:36.071796,basse
BJ-409A4AAF,Fondation Santé,ONG & Associations,Tchaourou,+229 95 33 42 30,fondation.santé@fondation.santé.com,,PME (10-50),B2B,LinkedIn,,Actif,2026-06-29T00:14:36.071808,moyenne
BJ-143EF6BB,Humanitaire ONG Tchaourou,ONG & Associations,Tchaourou,+229 26 29 76 42,,humanitaireongtchaourou.bj,TPE (<10),B2B,LinkedIn,,Actif,2026-06-29T00:14:36.071820,moyenne
BJ-A7D17E71,Fondation Environnement Tchaourou,ONG & Associations,Tchaourou,+229 77 31 98 89,,fondationenvironnementtchaourou.bj,TPE (<10),B2B,LinkedIn,,Actif,2026-06-29T00:14:36.071830,moyenne
BJ-E7AB1075,Société Santé,ONG & Associations,Nikki,+229 70 96 88 87,,sociétésanté.bj,Grande (>200),B2B,LinkedIn,,Actif,2026-06-29T00:14:36.071857,moyenne
BJ-BA052287,Club Santé,ONG & Associations,Nikki,+229 99 85 29 15,,clubsanté.bj,PME (10-50),B2C,LinkedIn,,Actif,2026-06-29T00:14:36.071868,moyenne
BJ-F5EE7823,Organisation Humanitaire,ONG & Associations,Nikki,+229 58 46 32 89,organisation.humanitaire@organisation.humanitaire.org,,TPE (<10),B2B,LinkedIn,,Actif,2026-06-29T00:14:36.071878,moyenne
BJ-83C1E023,Association Environnement,ONG & Associations,Nikki,+229 43 97 77 66,,associationenvironnement.bj,PME (10-50),B2B,LinkedIn,,Actif,2026-06-29T00:14:36.071968,moyenne
BJ-881B10FA,Club Environnement Fondation,ONG & Associations,Bembéréké,+229 31 69 84 91,,,TPE (<10),B2B,LinkedIn,,Actif,2026-06-29T00:14:36.071985,basse
BJ-16AFB5B8,Fondation Culture,ONG & Associations,Bembéréké,+229 37 44 87 13,,fondationculture.bj,PME (10-50),B2B,LinkedIn,,Actif,2026-06-29T00:14:36.071999,moyenne
BJ-C3C6D741,Fondation Humanitaire Bénin,ONG & Associations,Bembéréké,+229 46 50 16 15,fondation.humanitaire.bénin@fondation.humanitaire.bénin.net,,PME (50-200),B2C,LinkedIn,,Actif,2026-06-29T00:14:36.072011,moyenne
BJ-FF36F343,ONG Éducation ONG,ONG & Associations,Bembéréké,+229 32 35 74 89,,,PME (10-50),B2B,LinkedIn,,Actif,2026-06-29T00:14:36.072022,basse
BJ-B3C48B2C,Association Éducation Organisation,ONG & Associations,Bembéréké,+229 31 36 49 31,,associationéducationorganisation.bj,PME (10-50),B2C,LinkedIn,,Actif,2026-06-29T00:14:36.072032,moyenne
BJ-631F3D0E,ONG Femme,ONG & Associations,Kalalé,+229 56 78 86 75,,,Grande (>200),B2B,LinkedIn,,Actif,2026-06-29T00:14:36.072048,basse
BJ-F4A5E893,Culture,ONG & Associations,Kalalé,+229 22 80 74 30,,,PME (10-50),B2C,LinkedIn,,Actif,2026-06-29T00:14:36.072058,basse
BJ-2AB7F38E,Organisation Environnement Africa,ONG & Associations,Kalalé,+229 34 21 63 85,organisation.environnement.africa@organisation.environnement.africa.bj,organisationenvironnementafrica.bj,PME (10-50),B2C,LinkedIn,,Actif,2026-06-29T00:14:36.072070,haute
BJ-71D5BDA4,Organisation Environnement ONG,ONG & Associations,Kalalé,+229 23 83 40 32,organisation.environnement.ong@organisation.environnement.ong.org,,PME (10-50),B2B,LinkedIn,,Actif,2026-06-29T00:14:36.072088,moyenne
BJ-75F3D13D,Société Social Organisation,ONG & Associations,Kalalé,+229 61 93 86 73,société.social.organisation@société.social.organisation.com,sociétésocialorganisation.bj,PME (10-50),B2C,LinkedIn,,Actif,2026-06-29T00:14:36.072101,haute
BJ-FF449E6C,Enfant Africa,ONG & Associations,Ndali,+229 79 75 54 84,enfant.africa@enfant.africa.benin,,PME (10-50),B2B,LinkedIn,,Actif,2026-06-29T00:14:36.072118,moyenne
BJ-37D0917C,ONG Humanitaire Bénin,ONG & Associations,Ndali,+229 20 22 20 28,,,TPE (<10),B2B,LinkedIn,,Actif,2026-06-29T00:14:36.072128,basse
BJ-3661601E,Solidarité Ndali,ONG & Associations,Ndali,+229 80 62 51 51,solidarité.ndali@solidarité.ndali.benin,solidariténdali.bj,PME (10-50),B2C,LinkedIn,,Actif,2026-06-29T00:14:36.072140,haute
BJ-654165F0,ONG Aide Fondation,ONG & Associations,Ndali,+229 23 55 63 26,ong.aide.fondation@ong.aide.fondation.com,ongaidefondation.bj,Grande (>200),B2B,LinkedIn,,Actif,2026-06-29T00:14:36.072166,haute
BJ-34930AAE,Culture,ONG & Associations,Ségbana,+229 58 97 82 97,culture@culture.bj,,PME (10-50),B2C,LinkedIn,,Actif,2026-06-29T00:14:36.072182,moyenne
BJ-C2055BB3,ONG Santé,ONG & Associations,Ségbana,+229 76 37 68 85,ong.santé@ong.santé.com,ongsanté.bj,PME (50-200),B2B,LinkedIn,,Actif,2026-06-29T00:14:36.072194,haute
BJ-5DB38360,Culture ONG,ONG & Associations,Ségbana,+229 58 91 19 16,culture.ong@culture.ong.com,cultureong.bj,PME (10-50),B2B,LinkedIn,,Actif,2026-06-29T00:14:36.072205,haute
BJ-A51EA7E7,Association Humanitaire Bénin Ségbana,ONG & Associations,Ségbana,+229 79 41 26 31,,associationhumanitairebéninségbana.bj,PME (50-200),B2B,LinkedIn,,Actif,2026-06-29T00:14:36.072222,moyenne
BJ-55A377FC,Organisation Culture International Tchaourou,ONG & Associations,Tchaourou,+229 22 86 30 83,organisation.culture.international.tchaourou@organisation.culture.international.tchaourou.benin,organisationcultureinternationaltchaourou.bj,PME (10-50),B2C,LinkedIn,,Actif,2026-06-29T00:14:36.072252,haute
BJ-4D109F93,Club Enfant Fondation,ONG & Associations,Tchaourou,+229 61 59 29 87,,,PME (10-50),B2B,LinkedIn,,Actif,2026-06-29T00:14:36.072262,basse
BJ-2E695116,Organisation Sport Bénin Tchaourou,ONG & Associations,Tchaourou,+229 37 57 63 85,,,PME (50-200),B2B,LinkedIn,,Actif,2026-06-29T00:14:36.072272,basse
BJ-BC7853FB,Club Solidarité,ONG & Associations,Tchaourou,+229 73 33 83 69,,,Grande (>200),B2C,LinkedIn,,Actif,2026-06-29T00:14:36.072282,basse
BJ-F71BCC68,Aide International Tchaourou,ONG & Associations,Tchaourou,+229 46 67 17 23,,aideinternationaltchaourou.bj,TPE (<10),B2C,LinkedIn,,Actif,2026-06-29T00:14:36.072293,moyenne
BJ-2516DDDA,Solidarité Africa,ONG & Associations,Bétérou,+229 73 43 47 64,solidarité.africa@solidarité.africa.net,,TPE (<10),B2B,LinkedIn,,Actif,2026-06-29T00:14:36.072310,moyenne
BJ-FE9D8BB5,Culture Bétérou,ONG & Associations,Bétérou,+229 40 10 13 78,culture.bétérou@culture.bétérou.benin,,TPE (<10),B2C,LinkedIn,,Actif,2026-06-29T00:14:36.072322,moyenne
BJ-A051629D,Société Aide,ONG & Associations,Bétérou,+229 66 77 31 52,société.aide@société.aide.bj,,TPE (<10),B2B,LinkedIn,,Actif,2026-06-29T00:14:36.072334,moyenne
BJ-BAAD2D92,Droits Africa,ONG & Associations,Bétérou,+229 73 74 14 55,droits.africa@droits.africa.bj,,Grande (>200),B2B,LinkedIn,,Actif,2026-06-29T00:14:36.072348,moyenne
BJ-CCD4DA2A,Droits,ONG & Associations,Bétérou,+229 50 53 14 65,droits@droits.org,droits.bj,PME (10-50),B2B,LinkedIn,,Actif,2026-06-29T00:14:36.072359,haute
BJ-C2BFE757,Association Développement International,ONG & Associations,Ouessè,+229 82 58 18 99,,,PME (10-50),B2B,LinkedIn,,Actif,2026-06-29T00:14:36.072375,basse
BJ-B5DEFF5E,Fondation Environnement,ONG & Associations,Ouessè,+229 41 64 84 60,fondation.environnement@fondation.environnement.org,,PME (10-50),B2C,LinkedIn,,Actif,2026-06-29T00:14:36.072385,moyenne
BJ-FB41C963,Humanitaire Organisation,ONG & Associations,Ouessè,+229 74 70 26 39,,,PME (10-50),B2C,LinkedIn,,Actif,2026-06-29T00:14:36.072395,basse
BJ-53B6784B,Aide,ONG & Associations,Ouessè,+229 33 90 58 62,aide@aide.benin,aide.bj,TPE (<10),B2B,LinkedIn,,Actif,2026-06-29T00:14:36.072406,haute
BJ-58200C01,Société Santé,ONG & Associations,Ouessè,+229 61 48 12 46,,,PME (10-50),B2B,LinkedIn,,Actif,2026-06-29T00:14:36.072415,basse
BJ-F492A0A1,Femme,ONG & Associations,Glazoué,+229 30 87 29 73,femme@femme.org,,TPE (<10),B2C,LinkedIn,,Actif,2026-06-29T00:14:36.072431,moyenne
BJ-78F94056,Société Social Glazoué,ONG & Associations,Glazoué,+229 73 74 27 86,société.social.glazoué@société.social.glazoué.net,,PME (10-50),B2B,LinkedIn,,Actif,2026-06-29T00:14:36.072446,moyenne
BJ-08321D2E,Fondation Enfant,ONG & Associations,Glazoué,+229 89 12 63 50,,,PME (50-200),B2B,LinkedIn,,Actif,2026-06-29T00:14:36.072456,basse
BJ-C6679064,Jeunesse,ONG & Associations,Glazoué,+229 27 70 41 89,jeunesse@jeunesse.net,,PME (10-50),B2C,LinkedIn,,Actif,2026-06-29T00:14:36.072469,moyenne
BJ-E817380C,Jeunesse Glazoué,ONG & Associations,Glazoué,+229 41 21 72 52,jeunesse.glazoué@jeunesse.glazoué.com,jeunesseglazoué.bj,PME (50-200),B2B,LinkedIn,,Actif,2026-06-29T00:14:36.072482,haute
BJ-F7227AF5,Fondation Santé,ONG & Associations,Dassa-Zoumè,+229 63 43 63 65,,fondationsanté.bj,PME (50-200),B2B,LinkedIn,,Actif,2026-06-29T00:14:36.072498,moyenne
BJ-EED4561B,Droits Dassa-Zoumè,ONG & Associations,Dassa-Zoumè,+229 47 48 10 80,droits.dassazoumè@droits.dassazoumè.net,droitsdassazoumè.bj,PME (10-50),B2C,LinkedIn,,Actif,2026-06-29T00:14:36.072514,haute
BJ-D064F4CB,Fondation Aide Dassa-Zoumè,ONG & Associations,Dassa-Zoumè,+229 29 21 74 65,fondation.aide.dassazoumè@fondation.aide.dassazoumè.bj,fondationaidedassazoumè.bj,TPE (<10),B2B,LinkedIn,,Actif,2026-06-29T00:14:36.072537,haute
BJ-473AD704,Jeunesse Association Dassa-Zoumè,ONG & Associations,Dassa-Zoumè,+229 97 50 44 86,,,TPE (<10),B2B,LinkedIn,,Actif,2026-06-29T00:14:36.072547,basse
BJ-531CC3D6,Fondation Social Association,ONG & Associations,Savalou,+229 73 34 68 99,fondation.social.association@fondation.social.association.com,,TPE (<10),B2C,LinkedIn,,Actif,2026-06-29T00:14:36.072563,moyenne
BJ-65A4552E,Solidarité,ONG & Associations,Savalou,+229 94 30 88 75,solidarité@solidarité.net,,Grande (>200),B2B,LinkedIn,,Actif,2026-06-29T00:14:36.072575,moyenne
BJ-9A2CD7B7,Droits Fondation,ONG & Associations,Savalou,+229 61 65 62 72,,,PME (10-50),B2B,LinkedIn,,Actif,2026-06-29T00:14:36.072598,basse
BJ-D4869655,Aide Association,ONG & Associations,Savalou,+229 62 10 65 70,aide.association@aide.association.org,,TPE (<10),B2B,LinkedIn,,Actif,2026-06-29T00:14:36.072609,moyenne
BJ-5BC9532A,Santé,ONG & Associations,Bantè,+229 34 52 13 27,,santé.bj,PME (50-200),B2C,LinkedIn,,Actif,2026-06-29T00:14:36.072625,moyenne
BJ-49339F36,Solidarité,ONG & Associations,Bantè,+229 88 48 42 12,solidarité@solidarité.benin,solidarité.bj,TPE (<10),B2B,LinkedIn,,Actif,2026-06-29T00:14:36.072671,haute
BJ-30BA1293,Association Sport,ONG & Associations,Djougou,+229 60 46 82 43,association.sport@association.sport.bj,,PME (50-200),B2C,LinkedIn,,Actif,2026-06-29T00:14:36.072688,moyenne
BJ-F6F98506,Environnement Africa,ONG & Associations,Djougou,+229 92 99 59 20,,,PME (10-50),B2C,LinkedIn,,Actif,2026-06-29T00:14:36.072698,basse
BJ-8A597737,Club Social Africa Djougou,ONG & Associations,Djougou,+229 35 92 98 83,club.social.africa.djougou@club.social.africa.djougou.org,,PME (10-50),B2B,LinkedIn,,Actif,2026-06-29T00:14:36.072710,moyenne
BJ-6FD6392F,Aide,ONG & Associations,Djougou,+229 57 32 22 57,,aide.bj,Grande (>200),B2B,LinkedIn,,Actif,2026-06-29T00:14:36.072722,moyenne
BJ-B8662322,Éducation Organisation,ONG & Associations,Djougou,+229 28 84 56 28,,éducationorganisation.bj,TPE (<10),B2C,LinkedIn,,Actif,2026-06-29T00:14:36.072734,moyenne
BJ-E4CE9811,Culture,ONG & Associations,Ouèssè,+229 61 31 74 76,culture@culture.net,culture.bj,PME (50-200),B2B,LinkedIn,,Actif,2026-06-29T00:14:36.072750,haute
BJ-4178ADD7,Femme Africa Ouèssè,ONG & Associations,Ouèssè,+229 93 27 58 24,,,Grande (>200),B2C,LinkedIn,,Actif,2026-06-29T00:14:36.072760,basse
BJ-CFFE0905,Solidarité ONG,ONG & Associations,Ouèssè,+229 46 49 85 58,,,TPE (<10),B2B,LinkedIn,,Actif,2026-06-29T00:14:36.072770,basse
BJ-C35F53A7,ONG Culture Ouèssè,ONG & Associations,Ouèssè,+229 39 10 65 58,,ongcultureouèssè.bj,PME (10-50),B2B,LinkedIn,,Actif,2026-06-29T00:14:36.072781,moyenne
BJ-07B890BF,Social,ONG & Associations,Ouèssè,+229 70 44 98 21,social@social.org,,TPE (<10),B2C,LinkedIn,,Actif,2026-06-29T00:14:36.072791,moyenne
BJ-8208E8B9,Club Femme Bassila,ONG & Associations,Bassila,+229 88 53 32 93,,,PME (10-50),B2C,LinkedIn,,Actif,2026-06-29T00:14:36.072809,basse
BJ-6094A996,Développement Fondation,ONG & Associations,Bassila,+229 31 22 40 38,,,TPE (<10),B2C,LinkedIn,,Actif,2026-06-29T00:14:36.072819,basse
BJ-4B447B10,Association Éducation Bassila,ONG & Associations,Bassila,+229 76 94 66 93,association.éducation.bassila@association.éducation.bassila.net,associationéducationbassila.bj,PME (10-50),B2C,LinkedIn,,Actif,2026-06-29T00:14:36.072832,haute
BJ-5CFDFD5F,Club Femme ONG Bassila,ONG & Associations,Bassila,+229 27 16 85 81,club.femme.ong.bassila@club.femme.ong.bassila.benin,,PME (10-50),B2B,LinkedIn,,Actif,2026-06-29T00:14:36.072845,moyenne
BJ-40911F3A,Association Femme,ONG & Associations,Bassila,+229 30 15 97 73,,associationfemme.bj,TPE (<10),B2B,LinkedIn,,Actif,2026-06-29T00:14:36.072857,moyenne
BJ-50BD82AF,Humanitaire,ONG & Associations,Pehunco,+229 70 93 59 48,,,Grande (>200),B2B,LinkedIn,,Actif,2026-06-29T00:14:36.072876,basse
BJ-AE6D66B5,Fondation Aide Association,ONG & Associations,Pehunco,+229 63 77 84 34,,fondationaideassociation.bj,PME (50-200),B2C,LinkedIn,,Actif,2026-06-29T00:14:36.072900,moyenne
BJ-7D9FE7F1,Club Environnement Pehunco,ONG & Associations,Pehunco,+229 87 92 24 89,,,TPE (<10),B2B,LinkedIn,,Actif,2026-06-29T00:14:36.072931,basse
BJ-C5AD2256,Droits Fondation Pehunco,ONG & Associations,Pehunco,+229 68 28 97 71,,droitsfondationpehunco.bj,TPE (<10),B2C,LinkedIn,,Actif,2026-06-29T00:14:36.072942,moyenne
BJ-E8D14F96,Organisation Santé,ONG & Associations,Pehunco,+229 29 86 88 82,,organisationsanté.bj,TPE (<10),B2B,LinkedIn,,Actif,2026-06-29T00:14:36.072969,moyenne
BJ-8DA85BB4,Social Organisation,ONG & Associations,Copargo,+229 38 16 13 36,social.organisation@social.organisation.org,socialorganisation.bj,TPE (<10),B2C,LinkedIn,,Actif,2026-06-29T00:14:36.072986,haute
BJ-3077976E,Club Sport Fondation Copargo,ONG & Associations,Copargo,+229 23 91 87 67,club.sport.fondation.copargo@club.sport.fondation.copargo.benin,,PME (50-200),B2C,LinkedIn,,Actif,2026-06-29T00:14:36.073001,moyenne
BJ-0744A654,Club Environnement Association Copargo,ONG & Associations,Copargo,+229 53 12 17 22,club.environnement.association.copargo@club.environnement.association.copargo.org,clubenvironnementassociationcopargo.bj,PME (10-50),B2C,LinkedIn,,Actif,2026-06-29T00:14:36.073013,haute
BJ-34C60EBC,Club Développement ONG,ONG & Associations,Copargo,+229 41 74 33 89,,,PME (10-50),B2B,LinkedIn,,Actif,2026-06-29T00:14:36.073026,basse
BJ-F2B00DDD,Fondation Culture,ONG & Associations,Copargo,+229 44 35 39 12,,,PME (10-50),B2B,LinkedIn,,Actif,2026-06-29T00:14:36.073036,basse
BJ-B9B2C7CB,Architecte Groupe,BTP & Immobilier,Cotonou,+229 33 13 86 32,architecte.groupe@architecte.groupe.org,architectegroupe.bj,TPE (<10),B2C,Google Maps,3.7,Actif,2026-06-29T00:15:34.135349,haute
BJ-20A8392F,Bâtiment,BTP & Immobilier,Cotonou,+229 74 41 50 11,,bâtiment.bj,PME (10-50),B2C,Google Maps,4.4,Actif,2026-06-29T00:15:34.135395,moyenne
BJ-85DC7F59,Maison Cotonou,BTP & Immobilier,Cotonou,+229 25 77 89 28,,maisoncotonou.bj,TPE (<10),B2C,Google Maps,3.3,Actif,2026-06-29T00:15:34.135414,moyenne
BJ-3366DB43,Structure,BTP & Immobilier,Cotonou,+229 31 83 63 14,structure@structure.bj,structure.bj,Grande (>200),B2C,Google Maps,3.6,Actif,2026-06-29T00:15:34.135431,haute
BJ-B7B6CB9B,Cabinet Habitat SARL,BTP & Immobilier,Cotonou,+229 86 29 13 24,cabinet.habitat.sarl@cabinet.habitat.sarl.net,,PME (50-200),B2B,Google Maps,3.9,Actif,2026-06-29T00:15:34.135446,moyenne
BJ-2F26E577,Fondation,BTP & Immobilier,Abomey-Calavi,+229 90 81 52 66,fondation@fondation.com,fondation.bj,PME (10-50),B2B,Google Maps,4.4,Actif,2026-06-29T00:15:34.135490,haute
BJ-FCE09DFD,Cabinet Plomberie,BTP & Immobilier,Abomey-Calavi,+229 71 13 89 28,cabinet.plomberie@cabinet.plomberie.bj,,PME (10-50),B2C,Google Maps,4.2,Actif,2026-06-29T00:15:34.135519,moyenne
BJ-DD0FD436,SCI Structure Ets,BTP & Immobilier,Abomey-Calavi,+229 22 92 40 31,,,PME (10-50),B2C,Google Maps,4.9,Actif,2026-06-29T00:15:34.135531,basse
BJ-4552EE0B,SARL Maison,BTP & Immobilier,Porto-Novo,+229 36 90 37 50,,sarlmaison.bj,PME (10-50),B2B,Google Maps,4.7,Actif,2026-06-29T00:15:34.135567,moyenne
BJ-B210C32E,Électricité Ets Porto-Novo,BTP & Immobilier,Porto-Novo,+229 61 40 83 49,électricité.ets.portonovo@électricité.ets.portonovo.bj,,TPE (<10),B2C,Google Maps,4.5,Actif,2026-06-29T00:15:34.135587,moyenne
BJ-C9E50AE1,Bâtiment Cabinet,BTP & Immobilier,Porto-Novo,+229 55 68 73 40,bâtiment.cabinet@bâtiment.cabinet.net,bâtimentcabinet.bj,Grande (>200),B2C,Google Maps,4.8,Actif,2026-06-29T00:15:34.135606,haute
BJ-F089F5D1,Groupe Électricité,BTP & Immobilier,Porto-Novo,+229 72 11 85 72,,groupeélectricité.bj,PME (10-50),B2C,Google Maps,3.1,Actif,2026-06-29T00:15:34.135621,moyenne
BJ-38367C0A,BTP Travaux SA,BTP & Immobilier,Porto-Novo,+229 96 43 18 73,btp.travaux.sa@btp.travaux.sa.bj,btptravauxsa.bj,PME (50-200),B2C,Google Maps,4.3,Actif,2026-06-29T00:15:34.135636,haute
BJ-DA050658,Groupe Toiture Ets,BTP & Immobilier,Parakou,+229 97 73 35 66,groupe.toiture.ets@groupe.toiture.ets.benin,groupetoitureets.bj,TPE (<10),B2B,Google Maps,3.7,Actif,2026-06-29T00:15:34.135657,haute
BJ-C40580A2,SO Toiture SARL,BTP & Immobilier,Parakou,+229 97 12 51 71,,,PME (10-50),B2C,Google Maps,3.6,Actif,2026-06-29T00:15:34.135670,basse
BJ-6283A3F0,Électricité International,BTP & Immobilier,Parakou,+229 69 63 53 77,électricité.international@électricité.international.com,,PME (10-50),B2B,Google Maps,4.8,Actif,2026-06-29T00:15:34.135685,moyenne
BJ-6E3A5956,Cabinet Structure,BTP & Immobilier,Parakou,+229 37 44 59 70,,,TPE (<10),B2B,Google Maps,3.1,Actif,2026-06-29T00:15:34.135698,basse
BJ-6E38E2E1,Toiture Parakou,BTP & Immobilier,Parakou,+229 55 58 82 26,toiture.parakou@toiture.parakou.org,toitureparakou.bj,Grande (>200),B2B,Google Maps,3.1,Actif,2026-06-29T00:15:34.135712,haute
BJ-88253AD0,Groupe Structure,BTP & Immobilier,Bohicon,+229 82 90 83 61,groupe.structure@groupe.structure.com,groupestructure.bj,PME (10-50),B2B,Google Maps,4.2,Actif,2026-06-29T00:15:34.135733,haute
BJ-D947F653,Cabinet Électricité Bénin,BTP & Immobilier,Bohicon,+229 44 41 13 77,cabinet.électricité.bénin@cabinet.électricité.bénin.benin,cabinetélectricitébénin.bj,TPE (<10),B2C,Google Maps,4.2,Actif,2026-06-29T00:15:34.135755,haute
BJ-A31CA68B,SA Plomberie Bohicon,BTP & Immobilier,Bohicon,+229 59 56 39 86,,,PME (10-50),B2B,Google Maps,3.1,Actif,2026-06-29T00:15:34.135768,basse
BJ-9D826EEF,BTP Bâtiment,BTP & Immobilier,Bohicon,+229 73 13 41 25,btp.bâtiment@btp.bâtiment.com,btpbâtiment.bj,PME (10-50),B2C,Google Maps,4.5,Actif,2026-06-29T00:15:34.135784,haute
BJ-3A3A3B47,SARL Architecte,BTP & Immobilier,Bohicon,+229 23 55 14 98,sarl.architecte@sarl.architecte.benin,sarlarchitecte.bj,TPE (<10),B2C,Google Maps,4.6,Actif,2026-06-29T00:15:34.135798,haute
BJ-6841E22D,Urbanisme International,BTP & Immobilier,Natitingou,+229 26 11 63 93,,,PME (50-200),B2B,Google Maps,5.0,Actif,2026-06-29T00:15:34.135818,basse
BJ-98960DEA,Ets Électricité,BTP & Immobilier,Natitingou,+229 47 19 60 61,ets.électricité@ets.électricité.bj,,TPE (<10),B2B,Google Maps,4.2,Actif,2026-06-29T00:15:34.135848,moyenne
BJ-F66D00C0,Groupe Architecte International Natitingou,BTP & Immobilier,Natitingou,+229 48 42 91 49,groupe.architecte.international.natitingou@groupe.architecte.international.natitingou.org,groupearchitecteinternationalnatitingou.bj,PME (50-200),B2C,Google Maps,4.9,Actif,2026-06-29T00:15:34.135866,haute
BJ-1AE69967,Groupe Immobilier,BTP & Immobilier,Natitingou,+229 26 31 56 72,,groupeimmobilier.bj,PME (50-200),B2B,Google Maps,4.1,Actif,2026-06-29T00:15:34.135880,moyenne
BJ-DBE9A380,Béton Bénin,BTP & Immobilier,Lokossa,+229 48 78 77 53,béton.bénin@béton.bénin.com,,TPE (<10),B2C,Google Maps,3.6,Actif,2026-06-29T00:15:34.135924,moyenne
BJ-27775C57,Béton Services,BTP & Immobilier,Lokossa,+229 25 52 13 31,,bétonservices.bj,PME (10-50),B2C,Google Maps,3.6,Actif,2026-06-29T00:15:34.135944,moyenne
BJ-96722098,Urbanisme,BTP & Immobilier,Lokossa,+229 46 14 13 44,urbanisme@urbanisme.bj,,TPE (<10),B2C,Google Maps,3.9,Actif,2026-06-29T00:15:34.135959,moyenne
BJ-5D1D7BA3,SA Architecte,BTP & Immobilier,Lokossa,+229 95 31 48 78,,,TPE (<10),B2B,Google Maps,3.7,Actif,2026-06-29T00:15:34.135971,basse
BJ-4BC23736,Bâtiment Lokossa,BTP & Immobilier,Lokossa,+229 95 86 31 64,bâtiment.lokossa@bâtiment.lokossa.com,,PME (10-50),B2C,Google Maps,3.1,Actif,2026-06-29T00:15:34.135985,moyenne
BJ-A336F9A7,BTP Plomberie,BTP & Immobilier,Ouidah,+229 34 39 54 39,btp.plomberie@btp.plomberie.benin,btpplomberie.bj,PME (10-50),B2B,Google Maps,3.7,Actif,2026-06-29T00:15:34.136005,haute
BJ-3D9010D4,BTP Toiture,BTP & Immobilier,Ouidah,+229 70 30 40 84,btp.toiture@btp.toiture.bj,,TPE (<10),B2B,Google Maps,3.1,Actif,2026-06-29T00:15:34.136018,moyenne
BJ-505B6313,Ingénierie,BTP & Immobilier,Ouidah,+229 65 99 33 24,ingénierie@ingénierie.net,,TPE (<10),B2C,Google Maps,4.1,Actif,2026-06-29T00:15:34.136032,moyenne
BJ-E3514092,SARL Construction Africa,BTP & Immobilier,Ouidah,+229 39 79 47 71,sarl.construction.africa@sarl.construction.africa.benin,sarlconstructionafrica.bj,PME (50-200),B2B,Google Maps,4.8,Actif,2026-06-29T00:15:34.136046,haute
BJ-9B365443,Ingénierie SA,BTP & Immobilier,Savalou,+229 42 36 14 94,ingénierie.sa@ingénierie.sa.benin,ingénieriesa.bj,PME (10-50),B2B,Google Maps,4.6,Actif,2026-06-29T00:15:34.136086,haute
BJ-A8F58BB9,Groupe Bâtiment,BTP & Immobilier,Savalou,+229 88 95 53 13,groupe.bâtiment@groupe.bâtiment.benin,,TPE (<10),B2C,Google Maps,3.3,Actif,2026-06-29T00:15:34.136103,moyenne
BJ-9849BE39,Toiture Groupe,BTP & Immobilier,Savalou,+229 61 96 17 94,toiture.groupe@toiture.groupe.com,,TPE (<10),B2B,Google Maps,3.9,Actif,2026-06-29T00:15:34.136116,moyenne
BJ-FA1EEC1A,Architecte SARL,BTP & Immobilier,Savalou,+229 22 17 44 13,,architectesarl.bj,PME (50-200),B2C,Google Maps,3.5,Actif,2026-06-29T00:15:34.136129,moyenne
BJ-70EB9851,Groupe Maison,BTP & Immobilier,Savalou,+229 57 62 26 77,groupe.maison@groupe.maison.org,,PME (10-50),B2B,Google Maps,4.5,Actif,2026-06-29T00:15:34.136142,moyenne
BJ-A68B0BD6,SCI Bâtiment,BTP & Immobilier,Dassa-Zoumè,+229 39 87 22 49,,scibâtiment.bj,Grande (>200),B2C,Google Maps,4.6,Actif,2026-06-29T00:15:34.136161,moyenne
BJ-BE3A6C2E,BTP Toiture Dassa-Zoumè,BTP & Immobilier,Dassa-Zoumè,+229 33 53 57 35,,,TPE (<10),B2C,Google Maps,3.9,Actif,2026-06-29T00:15:34.136173,basse
BJ-2EF2625B,Cabinet Urbanisme Groupe,BTP & Immobilier,Dassa-Zoumè,+229 29 50 64 44,,cabineturbanismegroupe.bj,Grande (>200),B2C,Google Maps,3.2,Actif,2026-06-29T00:15:34.136186,moyenne
BJ-168DAB50,Électricité,BTP & Immobilier,Dassa-Zoumè,+229 36 67 71 97,électricité@électricité.net,,PME (50-200),B2B,Google Maps,4.5,Actif,2026-06-29T00:15:34.136214,moyenne
BJ-0A3AF007,BTP Électricité Services,BTP & Immobilier,Kétou,+229 80 62 77 33,btp.électricité.services@btp.électricité.services.benin,,Grande (>200),B2C,Google Maps,4.7,Actif,2026-06-29T00:15:34.136234,moyenne
BJ-6784E44F,SA Fondation SARL,BTP & Immobilier,Kétou,+229 81 80 45 40,sa.fondation.sarl@sa.fondation.sarl.com,safondationsarl.bj,PME (50-200),B2B,Google Maps,3.8,Actif,2026-06-29T00:15:34.136252,haute
BJ-70EF2C04,BTP Structure,BTP & Immobilier,Kétou,+229 95 49 46 83,btp.structure@btp.structure.benin,btpstructure.bj,PME (50-200),B2B,Google Maps,4.8,Actif,2026-06-29T00:15:34.136266,haute
BJ-E58B748B,Structure,BTP & Immobilier,Kétou,+229 42 74 50 72,structure@structure.org,,PME (10-50),B2C,Google Maps,4.9,Actif,2026-06-29T00:15:34.136280,moyenne
BJ-EE7A9345,Architecte Kétou,BTP & Immobilier,Kétou,+229 50 10 91 54,architecte.kétou@architecte.kétou.org,architectekétou.bj,Grande (>200),B2B,Google Maps,3.6,Actif,2026-06-29T00:15:34.136294,haute
BJ-41913111,Ets Structure,BTP & Immobilier,Covè,+229 67 54 78 51,,,PME (50-200),B2C,Google Maps,3.7,Actif,2026-06-29T00:15:34.136312,basse
BJ-6CA3DD56,SARL Habitat,BTP & Immobilier,Covè,+229 92 14 60 16,,sarlhabitat.bj,PME (10-50),B2C,Google Maps,4.5,Actif,2026-06-29T00:15:34.136337,moyenne
BJ-7467E69E,Groupe Fondation Covè,BTP & Immobilier,Covè,+229 41 24 33 42,groupe.fondation.covè@groupe.fondation.covè.bj,groupefondationcovè.bj,PME (10-50),B2B,Google Maps,3.2,Actif,2026-06-29T00:15:34.136353,haute
BJ-52D8A8E4,Béton,BTP & Immobilier,Covè,+229 92 80 63 90,béton@béton.com,béton.bj,TPE (<10),B2B,Google Maps,4.8,Actif,2026-06-29T00:15:34.136368,haute
BJ-BE1FABF9,Urbanisme SARL,BTP & Immobilier,Pobè,+229 70 60 93 42,,urbanismesarl.bj,PME (10-50),B2B,Google Maps,4.4,Actif,2026-06-29T00:15:34.136386,moyenne
BJ-93414DD1,Ingénierie Solutions,BTP & Immobilier,Pobè,+229 91 57 92 74,ingénierie.solutions@ingénierie.solutions.net,,TPE (<10),B2B,Google Maps,4.5,Actif,2026-06-29T00:15:34.136403,moyenne
BJ-D67A4D12,Cabinet Fondation,BTP & Immobilier,Pobè,+229 29 13 35 99,cabinet.fondation@cabinet.fondation.com,,TPE (<10),B2B,Google Maps,4.9,Actif,2026-06-29T00:15:34.136417,moyenne
BJ-A3A1B907,Architecte Cabinet,BTP & Immobilier,Pobè,+229 74 88 97 86,architecte.cabinet@architecte.cabinet.bj,,TPE (<10),B2C,Google Maps,3.5,Actif,2026-06-29T00:15:34.136431,moyenne
BJ-F1F473FE,Électricité SARL,BTP & Immobilier,Pobè,+229 95 38 70 23,électricité.sarl@électricité.sarl.com,,PME (50-200),B2C,Google Maps,4.6,Actif,2026-06-29T00:15:34.136449,moyenne
BJ-C6075644,Plomberie Groupe Sakété,BTP & Immobilier,Sakété,+229 94 28 24 78,,,PME (50-200),B2C,Google Maps,3.8,Actif,2026-06-29T00:15:34.136469,basse
BJ-7A9768F9,SA Immobilier,BTP & Immobilier,Sakété,+229 93 10 81 17,,,PME (50-200),B2C,Google Maps,3.7,Actif,2026-06-29T00:15:34.136482,basse
BJ-B2C2F229,Plomberie Groupe,BTP & Immobilier,Sakété,+229 78 53 83 79,,,Grande (>200),B2C,Google Maps,3.7,Actif,2026-06-29T00:15:34.136494,basse
BJ-326D9958,Électricité Africa Sakété,BTP & Immobilier,Sakété,+229 60 14 52 33,électricité.africa.sakété@électricité.africa.sakété.benin,,TPE (<10),B2B,Google Maps,3.7,Actif,2026-06-29T00:15:34.136509,moyenne
BJ-C67D9296,SO Architecte Groupe Sakété,BTP & Immobilier,Sakété,+229 20 10 46 37,,,TPE (<10),B2C,Google Maps,4.2,Actif,2026-06-29T00:15:34.136521,basse
BJ-657F1C40,Fondation Cabinet,BTP & Immobilier,Adjara,+229 61 49 41 46,,fondationcabinet.bj,PME (10-50),B2B,Google Maps,4.3,Actif,2026-06-29T00:15:34.136540,moyenne
BJ-044D3CDF,Travaux Services Adjara,BTP & Immobilier,Adjara,+229 98 19 18 65,travaux.services.adjara@travaux.services.adjara.org,travauxservicesadjara.bj,PME (10-50),B2C,Google Maps,4.8,Actif,2026-06-29T00:15:34.136564,haute
BJ-F26C7B63,Groupe Structure Groupe,BTP & Immobilier,Adjara,+229 26 89 67 24,,,PME (10-50),B2B,Google Maps,3.0,Actif,2026-06-29T00:15:34.136579,basse
BJ-F6DDF5F0,Ets Toiture Solutions,BTP & Immobilier,Adjara,+229 82 62 83 33,ets.toiture.solutions@ets.toiture.solutions.bj,etstoituresolutions.bj,TPE (<10),B2B,Google Maps,4.2,Actif,2026-06-29T00:15:34.136594,haute
BJ-790DE901,Bâtiment Ets,BTP & Immobilier,Adjara,+229 98 92 47 84,,bâtimentets.bj,PME (50-200),B2B,Google Maps,4.6,Actif,2026-06-29T00:15:34.136609,moyenne
BJ-97523BF0,Urbanisme Services,BTP & Immobilier,Allada,+229 23 15 74 35,,urbanismeservices.bj,Grande (>200),B2C,Google Maps,3.8,Actif,2026-06-29T00:15:34.136629,moyenne
BJ-1D947E6C,SARL Toiture Cabinet,BTP & Immobilier,Allada,+229 22 24 93 18,,sarltoiturecabinet.bj,TPE (<10),B2B,Google Maps,3.5,Actif,2026-06-29T00:15:34.136643,moyenne
BJ-444183FF,Ingénierie,BTP & Immobilier,Allada,+229 78 29 92 66,ingénierie@ingénierie.org,,PME (10-50),B2B,Google Maps,4.3,Actif,2026-06-29T00:15:34.136657,moyenne
BJ-94B91AB5,SCI Architecte Services Allada,BTP & Immobilier,Allada,+229 37 10 10 50,,sciarchitecteservicesallada.bj,PME (10-50),B2C,Google Maps,4.5,Actif,2026-06-29T00:15:34.136671,moyenne
BJ-CDE83D98,Immobilier,BTP & Immobilier,Allada,+229 56 46 20 92,,immobilier.bj,PME (50-200),B2B,Google Maps,3.9,Actif,2026-06-29T00:15:34.136683,moyenne
BJ-3C08C215,SCI Fondation Solutions,BTP & Immobilier,Aplahoué,+229 42 55 20 42,,scifondationsolutions.bj,TPE (<10),B2B,Google Maps,3.0,Actif,2026-06-29T00:15:34.136704,moyenne
BJ-FFF3F1C8,SA Ingénierie,BTP & Immobilier,Aplahoué,+229 50 68 81 57,sa.ingénierie@sa.ingénierie.benin,saingénierie.bj,PME (10-50),B2B,Google Maps,3.5,Actif,2026-06-29T00:15:34.136723,haute
BJ-F9278503,SA Travaux Bénin,BTP & Immobilier,Aplahoué,+229 21 39 23 71,sa.travaux.bénin@sa.travaux.bénin.net,satravauxbénin.bj,PME (50-200),B2C,Google Maps,3.4,Actif,2026-06-29T00:15:34.136739,haute
BJ-0D88DA54,SO Architecte SARL Aplahoué,BTP & Immobilier,Aplahoué,+229 52 34 64 47,,,PME (10-50),B2C,Google Maps,3.7,Actif,2026-06-29T00:15:34.136753,basse
BJ-AAA7ED92,Urbanisme SARL,BTP & Immobilier,Dogbo-Tota,+229 73 70 80 11,urbanisme.sarl@urbanisme.sarl.org,,TPE (<10),B2B,Google Maps,3.1,Actif,2026-06-29T00:15:34.136787,moyenne
BJ-11028075,Urbanisme,BTP & Immobilier,Dogbo-Tota,+229 81 36 59 69,urbanisme@urbanisme.org,urbanisme.bj,TPE (<10),B2B,Google Maps,3.8,Actif,2026-06-29T00:15:34.136804,haute
BJ-454C78B1,Cabinet Béton Services Dogbo-Tota,BTP & Immobilier,Dogbo-Tota,+229 75 86 46 40,,cabinetbétonservicesdogbotota.bj,PME (10-50),B2B,Google Maps,4.9,Actif,2026-06-29T00:15:34.136819,moyenne
BJ-217F509A,Habitat,BTP & Immobilier,Dogbo-Tota,+229 79 90 37 37,,habitat.bj,Grande (>200),B2C,Google Maps,3.2,Actif,2026-06-29T00:15:34.136833,moyenne
BJ-287B064F,Structure Dogbo-Tota,BTP & Immobilier,Dogbo-Tota,+229 46 83 73 59,structure.dogbotota@structure.dogbotota.org,structuredogbotota.bj,TPE (<10),B2B,Google Maps,3.4,Actif,2026-06-29T00:15:34.136848,haute
BJ-C6BD527A,Maison SARL,BTP & Immobilier,Kpomassè,+229 91 68 20 95,,,PME (50-200),B2C,Google Maps,3.2,Actif,2026-06-29T00:15:34.136867,basse
BJ-9FF7AEA8,Habitat,BTP & Immobilier,Kpomassè,+229 50 65 42 13,habitat@habitat.org,,TPE (<10),B2C,Google Maps,3.4,Actif,2026-06-29T00:15:34.136885,moyenne
BJ-F6690A24,Urbanisme Kpomassè,BTP & Immobilier,Kpomassè,+229 87 67 91 14,urbanisme.kpomassè@urbanisme.kpomassè.net,urbanismekpomassè.bj,PME (10-50),B2C,Google Maps,3.2,Actif,2026-06-29T00:15:34.136928,haute
BJ-08AC2C45,Toiture,BTP & Immobilier,Kpomassè,+229 49 56 50 61,toiture@toiture.net,toiture.bj,Grande (>200),B2B,Google Maps,3.5,Actif,2026-06-29T00:15:34.136963,haute
BJ-424DBFBA,Urbanisme Tori-Bossito,BTP & Immobilier,Tori-Bossito,+229 68 34 97 84,,,PME (10-50),B2C,Google Maps,4.8,Actif,2026-06-29T00:15:34.136983,basse
BJ-9D3DA976,BTP Toiture,BTP & Immobilier,Tori-Bossito,+229 46 96 79 74,,,PME (10-50),B2B,Google Maps,4.1,Actif,2026-06-29T00:15:34.136995,basse
BJ-AD311331,SO Travaux Ets,BTP & Immobilier,Tori-Bossito,+229 47 37 89 48,so.travaux.ets@so.travaux.ets.benin,,PME (10-50),B2C,Google Maps,4.9,Actif,2026-06-29T00:15:34.137022,moyenne
BJ-7CDF00CA,Ets Plomberie SA Tori-Bossito,BTP & Immobilier,Tori-Bossito,+229 41 49 80 95,,,PME (50-200),B2B,Google Maps,4.8,Actif,2026-06-29T00:15:34.137034,basse
BJ-1C72A8E9,Plomberie Ets,BTP & Immobilier,Grand-Popo,+229 49 17 97 25,plomberie.ets@plomberie.ets.net,,Grande (>200),B2C,Google Maps,4.8,Actif,2026-06-29T00:15:34.137054,moyenne
BJ-E2560894,Ingénierie,BTP & Immobilier,Grand-Popo,+229 36 59 99 42,ingénierie@ingénierie.bj,,TPE (<10),B2C,Google Maps,3.5,Actif,2026-06-29T00:15:34.137071,moyenne
BJ-D06AEB72,SARL Urbanisme Africa,BTP & Immobilier,Grand-Popo,+229 96 63 95 53,sarl.urbanisme.africa@sarl.urbanisme.africa.bj,,PME (10-50),B2C,Google Maps,3.5,Actif,2026-06-29T00:15:34.137088,moyenne
BJ-4FCDE6F8,Habitat Cabinet,BTP & Immobilier,Grand-Popo,+229 41 37 94 56,,,TPE (<10),B2B,Google Maps,3.3,Actif,2026-06-29T00:15:34.137100,basse
BJ-D6615B60,Urbanisme,BTP & Immobilier,Athiémé,+229 32 43 14 91,,,PME (10-50),B2C,Google Maps,3.8,Actif,2026-06-29T00:15:34.137131,basse
BJ-8118AB6D,SCI Toiture,BTP & Immobilier,Athiémé,+229 41 85 40 55,,,PME (10-50),B2C,Google Maps,3.5,Actif,2026-06-29T00:15:34.137143,basse
BJ-E0A9B923,Ets Habitat,BTP & Immobilier,Athiémé,+229 80 41 25 77,ets.habitat@ets.habitat.org,,PME (50-200),B2B,Google Maps,3.2,Actif,2026-06-29T00:15:34.137156,moyenne
BJ-139D72E8,SO Habitat SARL,BTP & Immobilier,Athiémé,+229 37 70 35 87,so.habitat.sarl@so.habitat.sarl.org,sohabitatsarl.bj,PME (50-200),B2B,Google Maps,4.0,Actif,2026-06-29T00:15:34.137170,haute
BJ-B38C641B,Maison,BTP & Immobilier,Athiémé,+229 34 28 42 12,maison@maison.net,,TPE (<10),B2B,Google Maps,4.4,Actif,2026-06-29T00:15:34.137184,moyenne
BJ-23A15262,SO Maison,BTP & Immobilier,Bopa,+229 76 29 69 93,so.maison@so.maison.benin,,Grande (>200),B2C,Google Maps,3.1,Actif,2026-06-29T00:15:34.137203,moyenne
BJ-B3228DC9,SO Construction,BTP & Immobilier,Bopa,+229 51 53 74 89,,,PME (10-50),B2B,Google Maps,3.3,Actif,2026-06-29T00:15:34.137218,basse
BJ-AFBDBFCA,Travaux,BTP & Immobilier,Bopa,+229 37 33 56 87,,travaux.bj,PME (10-50),B2B,Google Maps,4.3,Actif,2026-06-29T00:15:34.137231,moyenne
BJ-1A2F043C,Groupe Bâtiment Groupe,BTP & Immobilier,Bopa,+229 64 24 44 77,groupe.bâtiment.groupe@groupe.bâtiment.groupe.bj,,PME (50-200),B2B,Google Maps,3.2,Actif,2026-06-29T00:15:34.137245,moyenne
BJ-1E3E5740,Immobilier,BTP & Immobilier,Bopa,+229 66 39 39 12,immobilier@immobilier.com,immobilier.bj,TPE (<10),B2B,Google Maps,4.6,Actif,2026-06-29T00:15:34.137258,haute
BJ-0284BCC8,Architecte Houéyogbé,BTP & Immobilier,Houéyogbé,+229 88 93 82 49,,architectehouéyogbé.bj,TPE (<10),B2C,Google Maps,3.8,Actif,2026-06-29T00:15:34.137281,moyenne
BJ-627F17EC,SCI Maison International Houéyogbé,BTP & Immobilier,Houéyogbé,+229 95 92 54 61,sci.maison.international.houéyogbé@sci.maison.international.houéyogbé.benin,scimaisoninternationalhouéyogbé.bj,PME (10-50),B2B,Google Maps,3.9,Actif,2026-06-29T00:15:34.137311,haute
BJ-B1794081,SARL Plomberie,BTP & Immobilier,Houéyogbé,+229 80 74 27 87,,sarlplomberie.bj,PME (10-50),B2B,Google Maps,4.9,Actif,2026-06-29T00:15:34.137333,moyenne
BJ-01BECD2E,Construction,BTP & Immobilier,Houéyogbé,+229 20 98 65 14,,construction.bj,TPE (<10),B2B,Google Maps,3.4,Actif,2026-06-29T00:15:34.137347,moyenne
BJ-90105017,SARL Maison SARL,BTP & Immobilier,Malanville,+229 42 27 25 18,sarl.maison.sarl@sarl.maison.sarl.com,,PME (10-50),B2B,Google Maps,4.2,Actif,2026-06-29T00:15:34.137366,moyenne
BJ-B469D0C6,Cabinet Immobilier,BTP & Immobilier,Malanville,+229 34 35 84 41,cabinet.immobilier@cabinet.immobilier.com,,PME (10-50),B2C,Google Maps,5.0,Actif,2026-06-29T00:15:34.137401,moyenne
BJ-DEFD3A70,Ets Immobilier,BTP & Immobilier,Malanville,+229 45 37 16 66,,etsimmobilier.bj,Grande (>200),B2C,Google Maps,3.9,Actif,2026-06-29T00:15:34.137413,moyenne
BJ-23DD67C7,Construction Ets,BTP & Immobilier,Malanville,+229 42 24 82 42,construction.ets@construction.ets.org,constructionets.bj,PME (50-200),B2B,Google Maps,4.6,Actif,2026-06-29T00:15:34.137427,haute
BJ-187A067C,Ingénierie Africa,BTP & Immobilier,Kandi,+229 54 52 25 17,ingénierie.africa@ingénierie.africa.benin,ingénierieafrica.bj,PME (50-200),B2B,Google Maps,4.8,Actif,2026-06-29T00:15:34.137448,haute
BJ-CD927F57,Bâtiment Cabinet,BTP & Immobilier,Kandi,+229 76 71 59 80,bâtiment.cabinet@bâtiment.cabinet.org,bâtimentcabinet.bj,PME (50-200),B2B,Google Maps,4.4,Actif,2026-06-29T00:15:34.137463,haute
BJ-45EB7B55,Ets Architecte International,BTP & Immobilier,Kandi,+229 81 59 19 89,ets.architecte.international@ets.architecte.international.bj,etsarchitecteinternational.bj,TPE (<10),B2C,Google Maps,3.9,Actif,2026-06-29T00:15:34.137477,haute
BJ-B95F8360,SA Fondation,BTP & Immobilier,Kandi,+229 84 70 37 71,sa.fondation@sa.fondation.org,,Grande (>200),B2B,Google Maps,4.8,Actif,2026-06-29T00:15:34.137490,moyenne
BJ-E74A5A46,Fondation Groupe Banikoara,BTP & Immobilier,Banikoara,+229 29 94 68 15,,,TPE (<10),B2B,Google Maps,3.2,Actif,2026-06-29T00:15:34.137522,basse
BJ-AA828476,Ingénierie,BTP & Immobilier,Banikoara,+229 72 63 26 74,ingénierie@ingénierie.org,,TPE (<10),B2C,Google Maps,4.8,Actif,2026-06-29T00:15:34.137539,moyenne
BJ-DE7CB32A,SO Toiture Groupe,BTP & Immobilier,Banikoara,+229 85 68 11 33,so.toiture.groupe@so.toiture.groupe.net,sotoituregroupe.bj,PME (10-50),B2C,Google Maps,4.6,Actif,2026-06-29T00:15:34.137553,haute
BJ-CA5A59B3,Béton,BTP & Immobilier,Banikoara,+229 87 92 46 76,,,PME (10-50),B2C,Google Maps,3.6,Actif,2026-06-29T00:15:34.137565,basse
BJ-D98B2FC0,SO Toiture,BTP & Immobilier,Banikoara,+229 94 50 30 91,so.toiture@so.toiture.benin,sotoiture.bj,PME (10-50),B2B,Google Maps,4.0,Actif,2026-06-29T00:15:34.137583,haute
BJ-1CD1101C,SO Maison Ségbana,BTP & Immobilier,Ségbana,+229 50 67 57 36,,,PME (10-50),B2B,Google Maps,3.9,Actif,2026-06-29T00:15:34.137602,basse
BJ-D3091CD3,Cabinet Construction Groupe,BTP & Immobilier,Ségbana,+229 24 73 26 88,cabinet.construction.groupe@cabinet.construction.groupe.com,cabinetconstructiongroupe.bj,PME (50-200),B2B,Google Maps,4.8,Actif,2026-06-29T00:15:34.137617,haute
BJ-BFB3AFC0,Travaux Groupe,BTP & Immobilier,Ségbana,+229 38 81 11 65,,,Grande (>200),B2C,Google Maps,4.1,Actif,2026-06-29T00:15:34.137630,basse
BJ-4099498D,Plomberie,BTP & Immobilier,Ségbana,+229 23 92 80 31,,plomberie.bj,PME (10-50),B2C,Google Maps,3.7,Actif,2026-06-29T00:15:34.137642,moyenne
BJ-7F9827A0,Groupe Fondation Solutions Karimama,BTP & Immobilier,Karimama,+229 90 46 41 24,groupe.fondation.solutions.karimama@groupe.fondation.solutions.karimama.benin,groupefondationsolutionskarimama.bj,Grande (>200),B2B,Google Maps,3.3,Actif,2026-06-29T00:15:34.137675,haute
BJ-3E139624,Travaux,BTP & Immobilier,Karimama,+229 99 93 10 77,,travaux.bj,TPE (<10),B2C,Google Maps,4.1,Actif,2026-06-29T00:15:34.137691,moyenne
BJ-3E33514F,Habitat SARL,BTP & Immobilier,Karimama,+229 50 49 46 27,habitat.sarl@habitat.sarl.benin,habitatsarl.bj,PME (50-200),B2C,Google Maps,4.9,Actif,2026-06-29T00:15:34.137705,haute
BJ-6000053D,SA Fondation Karimama,BTP & Immobilier,Karimama,+229 51 97 19 97,,safondationkarimama.bj,PME (50-200),B2B,Google Maps,4.3,Actif,2026-06-29T00:15:34.137718,moyenne
BJ-D82CD769,SO Électricité,BTP & Immobilier,Karimama,+229 99 47 11 96,,soélectricité.bj,PME (50-200),B2B,Google Maps,4.5,Actif,2026-06-29T00:15:34.137731,moyenne
BJ-334D6163,Urbanisme Solutions Gogounou,BTP & Immobilier,Gogounou,+229 40 84 75 47,urbanisme.solutions.gogounou@urbanisme.solutions.gogounou.com,,TPE (<10),B2B,Google Maps,3.7,Actif,2026-06-29T00:15:34.137754,moyenne
BJ-D51A38ED,BTP Construction Ets,BTP & Immobilier,Gogounou,+229 52 46 61 17,btp.construction.ets@btp.construction.ets.com,,Grande (>200),B2C,Google Maps,4.7,Actif,2026-06-29T00:15:34.137768,moyenne
BJ-7BC581EA,Ingénierie SA Gogounou,BTP & Immobilier,Gogounou,+229 58 24 90 51,,,PME (10-50),B2C,Google Maps,3.3,Actif,2026-06-29T00:15:34.137780,basse
BJ-A9C16D7E,SO Immobilier Ets,BTP & Immobilier,Gogounou,+229 22 50 95 50,,soimmobilierets.bj,PME (10-50),B2C,Google Maps,3.8,Actif,2026-06-29T00:15:34.137792,moyenne
BJ-75F4FD35,SCI Plomberie,BTP & Immobilier,Cobly,+229 92 25 59 19,,sciplomberie.bj,TPE (<10),B2C,Google Maps,3.2,Actif,2026-06-29T00:15:34.137844,moyenne
BJ-611ECE16,Travaux International,BTP & Immobilier,Cobly,+229 49 22 51 11,,,TPE (<10),B2B,Google Maps,3.7,Actif,2026-06-29T00:15:34.137856,basse
BJ-60E23886,SARL Travaux Solutions,BTP & Immobilier,Cobly,+229 66 93 73 43,sarl.travaux.solutions@sarl.travaux.solutions.com,sarltravauxsolutions.bj,PME (10-50),B2B,Google Maps,4.7,Actif,2026-06-29T00:15:34.137869,haute
BJ-83133614,SA Travaux,BTP & Immobilier,Cobly,+229 77 32 90 60,,,TPE (<10),B2C,Google Maps,4.2,Actif,2026-06-29T00:15:34.137881,basse
BJ-B12DECDE,Bâtiment,BTP & Immobilier,Tanguiéta,+229 88 39 11 15,bâtiment@bâtiment.net,bâtiment.bj,Grande (>200),B2B,Google Maps,4.8,Actif,2026-06-29T00:15:34.137919,haute
BJ-9960F783,Construction,BTP & Immobilier,Tanguiéta,+229 58 26 10 17,construction@construction.benin,construction.bj,PME (50-200),B2B,Google Maps,3.9,Actif,2026-06-29T00:15:34.137933,haute
BJ-BDEF2836,SA Architecte Bénin Tanguiéta,BTP & Immobilier,Tanguiéta,+229 73 23 79 54,sa.architecte.bénin.tanguiéta@sa.architecte.bénin.tanguiéta.org,saarchitectebénintanguiéta.bj,Grande (>200),B2C,Google Maps,4.6,Actif,2026-06-29T00:15:34.137949,haute
BJ-C91D390D,Travaux Tanguiéta,BTP & Immobilier,Tanguiéta,+229 69 21 55 37,travaux.tanguiéta@travaux.tanguiéta.com,,PME (10-50),B2B,Google Maps,3.1,Actif,2026-06-29T00:15:34.137962,moyenne
BJ-2BDCF59F,Bâtiment Solutions,BTP & Immobilier,Tanguiéta,+229 35 71 68 25,,bâtimentsolutions.bj,TPE (<10),B2B,Google Maps,3.8,Actif,2026-06-29T00:15:34.137975,moyenne
BJ-0F796640,Cabinet Plomberie,BTP & Immobilier,Matéri,+229 79 97 71 26,cabinet.plomberie@cabinet.plomberie.benin,,PME (10-50),B2B,Google Maps,4.6,Actif,2026-06-29T00:15:34.137995,moyenne
BJ-F08ADE42,Maison Africa,BTP & Immobilier,Matéri,+229 75 91 83 33,,maisonafrica.bj,PME (10-50),B2C,Google Maps,4.1,Actif,2026-06-29T00:15:34.138012,moyenne
BJ-FBBE96F8,SO Maison International,BTP & Immobilier,Matéri,+229 60 99 27 93,so.maison.international@so.maison.international.org,,TPE (<10),B2C,Google Maps,3.2,Actif,2026-06-29T00:15:34.138025,moyenne
BJ-178F44BD,Structure Matéri,BTP & Immobilier,Matéri,+229 97 97 97 24,,,PME (10-50),B2C,Google Maps,3.1,Actif,2026-06-29T00:15:34.138037,basse
BJ-26A0838D,Immobilier Solutions Matéri,BTP & Immobilier,Matéri,+229 45 96 46 79,,immobiliersolutionsmatéri.bj,TPE (<10),B2B,Google Maps,4.5,Actif,2026-06-29T00:15:34.138051,moyenne
BJ-6432ECF8,Maison Ets,BTP & Immobilier,Natitingou,+229 35 70 14 69,,maisonets.bj,TPE (<10),B2B,Google Maps,3.2,Actif,2026-06-29T00:15:34.138087,moyenne
BJ-E9A4A41C,Ingénierie,BTP & Immobilier,Natitingou,+229 79 90 38 86,,ingénierie.bj,PME (50-200),B2B,Google Maps,3.5,Actif,2026-06-29T00:15:34.138100,moyenne
BJ-8748F05A,Travaux Solutions,BTP & Immobilier,Natitingou,+229 39 91 17 16,travaux.solutions@travaux.solutions.net,,PME (50-200),B2B,Google Maps,3.2,Actif,2026-06-29T00:15:34.138113,moyenne
BJ-6EABC956,Groupe Maison,BTP & Immobilier,Natitingou,+229 59 29 53 77,,,PME (50-200),B2B,Google Maps,4.4,Actif,2026-06-29T00:15:34.138126,basse
BJ-6411212E,Plomberie,BTP & Immobilier,Toucountouna,+229 55 58 79 30,,plomberie.bj,PME (10-50),B2B,Google Maps,4.1,Actif,2026-06-29T00:15:34.138144,moyenne
BJ-8EC4186C,SA Habitat Solutions,BTP & Immobilier,Toucountouna,+229 27 89 96 59,,sahabitatsolutions.bj,TPE (<10),B2C,Google Maps,4.3,Actif,2026-06-29T00:15:34.138175,moyenne
BJ-C55EDD04,Ets Fondation,BTP & Immobilier,Toucountouna,+229 54 38 76 40,,etsfondation.bj,TPE (<10),B2B,Google Maps,3.2,Actif,2026-06-29T00:15:34.138187,moyenne
BJ-0CD9D1A9,Habitat,BTP & Immobilier,Toucountouna,+229 40 21 20 24,habitat@habitat.bj,habitat.bj,TPE (<10),B2C,Google Maps,5.0,Actif,2026-06-29T00:15:34.138200,haute
BJ-E9E54183,Maison Cabinet,BTP & Immobilier,Boukoumbé,+229 70 12 15 43,maison.cabinet@maison.cabinet.org,,TPE (<10),B2B,Google Maps,3.5,Actif,2026-06-29T00:15:34.138219,moyenne
BJ-B350589D,Habitat SARL Boukoumbé,BTP & Immobilier,Boukoumbé,+229 69 23 76 30,habitat.sarl.boukoumbé@habitat.sarl.boukoumbé.org,,PME (10-50),B2C,Google Maps,3.9,Actif,2026-06-29T00:15:34.138233,moyenne
BJ-9E4F1B81,SCI Habitat,BTP & Immobilier,Boukoumbé,+229 25 58 63 93,sci.habitat@sci.habitat.net,,PME (10-50),B2C,Google Maps,4.1,Actif,2026-06-29T00:15:34.138263,moyenne
BJ-8FA01A52,Construction Cabinet Boukoumbé,BTP & Immobilier,Boukoumbé,+229 55 89 72 47,construction.cabinet.boukoumbé@construction.cabinet.boukoumbé.org,constructioncabinetboukoumbé.bj,PME (50-200),B2C,Google Maps,3.2,Actif,2026-06-29T00:15:34.138282,haute
BJ-51733EB3,Maison Groupe,BTP & Immobilier,Kouandé,+229 92 89 14 75,maison.groupe@maison.groupe.benin,maisongroupe.bj,Grande (>200),B2C,Google Maps,4.5,Actif,2026-06-29T00:15:34.138320,haute
BJ-2A0BAE9A,Toiture,BTP & Immobilier,Kouandé,+229 86 53 99 66,toiture@toiture.org,,PME (50-200),B2C,Google Maps,3.5,Actif,2026-06-29T00:15:34.138334,moyenne
BJ-2EB09341,Immobilier Ets Kouandé,BTP & Immobilier,Kouandé,+229 31 97 83 13,,,TPE (<10),B2C,Google Maps,4.3,Actif,2026-06-29T00:15:34.138345,basse
BJ-238A37F4,Groupe Ingénierie,BTP & Immobilier,Kouandé,+229 25 27 22 92,groupe.ingénierie@groupe.ingénierie.benin,,PME (50-200),B2C,Google Maps,4.6,Actif,2026-06-29T00:15:34.138359,moyenne
BJ-FCBF3C6B,Fondation Ets,BTP & Immobilier,Péhunco,+229 39 81 42 20,fondation.ets@fondation.ets.benin,,PME (10-50),B2B,Google Maps,4.8,Actif,2026-06-29T00:15:34.138378,moyenne
BJ-196E950C,BTP Immobilier,BTP & Immobilier,Péhunco,+229 88 34 12 39,,btpimmobilier.bj,PME (50-200),B2C,Google Maps,3.6,Actif,2026-06-29T00:15:34.138403,moyenne
BJ-D206110B,Bâtiment International,BTP & Immobilier,Péhunco,+229 98 59 16 25,,bâtimentinternational.bj,Grande (>200),B2C,Google Maps,3.9,Actif,2026-06-29T00:15:34.138417,moyenne
BJ-9BA380BC,Plomberie Groupe Péhunco,BTP & Immobilier,Péhunco,+229 65 17 96 61,plomberie.groupe.péhunco@plomberie.groupe.péhunco.com,,TPE (<10),B2B,Google Maps,3.2,Actif,2026-06-29T00:15:34.138430,moyenne
BJ-7641A625,Toiture,BTP & Immobilier,Tchaourou,+229 49 15 30 33,toiture@toiture.bj,toiture.bj,PME (50-200),B2B,Google Maps,3.7,Actif,2026-06-29T00:15:34.138465,haute
BJ-2A859C54,Électricité,BTP & Immobilier,Tchaourou,+229 75 34 49 91,électricité@électricité.benin,électricité.bj,TPE (<10),B2B,Google Maps,4.1,Actif,2026-06-29T00:15:34.138480,haute
BJ-87864A0C,SO Bâtiment,BTP & Immobilier,Tchaourou,+229 22 81 48 74,,,TPE (<10),B2C,Google Maps,4.6,Actif,2026-06-29T00:15:34.138505,basse
BJ-B0A8CA72,Habitat,BTP & Immobilier,Nikki,+229 54 18 25 31,,habitat.bj,TPE (<10),B2B,Google Maps,4.5,Actif,2026-06-29T00:15:34.138523,moyenne
BJ-AA80C0E5,Construction Services,BTP & Immobilier,Nikki,+229 62 54 92 51,construction.services@construction.services.org,,PME (10-50),B2B,Google Maps,4.7,Actif,2026-06-29T00:15:34.138544,moyenne
BJ-C36AF7B3,SCI Béton,BTP & Immobilier,Nikki,+229 34 95 35 83,,,TPE (<10),B2C,Google Maps,3.6,Actif,2026-06-29T00:15:34.138572,basse
BJ-8EAED7C6,Bâtiment Nikki,BTP & Immobilier,Nikki,+229 60 53 79 48,,bâtimentnikki.bj,TPE (<10),B2B,Google Maps,4.0,Actif,2026-06-29T00:15:34.138593,moyenne
BJ-503D88AE,Urbanisme Solutions,BTP & Immobilier,Bembéréké,+229 25 95 77 64,urbanisme.solutions@urbanisme.solutions.org,,TPE (<10),B2B,Google Maps,3.8,Actif,2026-06-29T00:15:34.138631,moyenne
BJ-6376748B,Fondation,BTP & Immobilier,Bembéréké,+229 61 38 74 19,,,TPE (<10),B2C,Google Maps,4.9,Actif,2026-06-29T00:15:34.138648,basse
BJ-7EA6B6B4,Électricité Cabinet,BTP & Immobilier,Bembéréké,+229 65 44 84 91,électricité.cabinet@électricité.cabinet.bj,,PME (50-200),B2B,Google Maps,4.6,Actif,2026-06-29T00:15:34.138676,moyenne
BJ-3E024594,BTP Architecte Bembéréké,BTP & Immobilier,Bembéréké,+229 74 79 72 96,btp.architecte.bembéréké@btp.architecte.bembéréké.net,,PME (10-50),B2C,Google Maps,3.2,Actif,2026-06-29T00:15:34.138690,moyenne
BJ-87906A51,Cabinet Plomberie International,BTP & Immobilier,Kalalé,+229 58 87 57 59,cabinet.plomberie.international@cabinet.plomberie.international.com,cabinetplomberieinternational.bj,TPE (<10),B2B,Google Maps,3.4,Actif,2026-06-29T00:15:34.138711,haute
BJ-7660624B,Habitat Kalalé,BTP & Immobilier,Kalalé,+229 39 25 29 18,habitat.kalalé@habitat.kalalé.org,habitatkalalé.bj,PME (10-50),B2B,Google Maps,4.2,Actif,2026-06-29T00:15:34.138730,haute
BJ-47D840E3,Ingénierie Solutions,BTP & Immobilier,Kalalé,+229 39 32 16 43,ingénierie.solutions@ingénierie.solutions.net,,PME (10-50),B2B,Google Maps,4.6,Actif,2026-06-29T00:15:34.138745,moyenne
BJ-D2E5D3AB,BTP Électricité SARL,BTP & Immobilier,Kalalé,+229 83 61 15 43,,btpélectricitésarl.bj,TPE (<10),B2B,Google Maps,4.1,Actif,2026-06-29T00:15:34.138758,moyenne
BJ-0778B469,Travaux,BTP & Immobilier,Kalalé,+229 66 54 38 99,,,TPE (<10),B2B,Google Maps,3.9,Actif,2026-06-29T00:15:34.138770,basse
BJ-9B59F582,Construction Groupe,BTP & Immobilier,Ndali,+229 40 59 68 81,construction.groupe@construction.groupe.net,,PME (10-50),B2C,Google Maps,3.7,Actif,2026-06-29T00:15:34.138809,moyenne
BJ-B3FBA6CE,Groupe Fondation Ets,BTP & Immobilier,Ndali,+229 48 33 17 75,groupe.fondation.ets@groupe.fondation.ets.net,,Grande (>200),B2B,Google Maps,4.6,Actif,2026-06-29T00:15:34.138823,moyenne
BJ-12E271C6,Travaux SA,BTP & Immobilier,Ndali,+229 24 11 54 42,,,TPE (<10),B2C,Google Maps,4.3,Actif,2026-06-29T00:15:34.138835,basse
BJ-F2CE8A10,Plomberie Ndali,BTP & Immobilier,Ndali,+229 82 64 50 28,,plomberiendali.bj,TPE (<10),B2B,Google Maps,3.1,Actif,2026-06-29T00:15:34.138851,moyenne
BJ-CA076064,Cabinet Habitat International,BTP & Immobilier,Ségbana,+229 29 27 73 78,cabinet.habitat.international@cabinet.habitat.international.benin,cabinethabitatinternational.bj,TPE (<10),B2B,Google Maps,4.6,Actif,2026-06-29T00:15:34.138887,haute
BJ-50D1FE95,SO Maison Groupe Ségbana,BTP & Immobilier,Ségbana,+229 63 79 83 18,,somaisongroupeségbana.bj,PME (10-50),B2B,Google Maps,3.7,Actif,2026-06-29T00:15:34.138922,moyenne
BJ-D749385B,SO Bâtiment SARL,BTP & Immobilier,Ségbana,+229 95 14 75 91,so.bâtiment.sarl@so.bâtiment.sarl.com,,TPE (<10),B2C,Google Maps,4.2,Actif,2026-06-29T00:15:34.138955,moyenne
BJ-56369C65,Architecte Tchaourou,BTP & Immobilier,Tchaourou,+229 58 72 74 65,,architectetchaourou.bj,TPE (<10),B2C,Google Maps,5.0,Actif,2026-06-29T00:15:34.138976,moyenne
BJ-7CB46154,SARL Urbanisme,BTP & Immobilier,Tchaourou,+229 73 59 82 89,,sarlurbanisme.bj,TPE (<10),B2B,Google Maps,4.4,Actif,2026-06-29T00:15:34.138992,moyenne
BJ-35BDD8DC,SO Habitat,BTP & Immobilier,Tchaourou,+229 70 15 55 35,so.habitat@so.habitat.com,,TPE (<10),B2C,Google Maps,4.4,Actif,2026-06-29T00:15:34.139006,moyenne
BJ-78A225DC,SA Fondation Tchaourou,BTP & Immobilier,Tchaourou,+229 39 84 36 38,,safondationtchaourou.bj,PME (50-200),B2C,Google Maps,4.1,Actif,2026-06-29T00:15:34.139019,moyenne
BJ-E130E546,Architecte Cabinet,BTP & Immobilier,Tchaourou,+229 23 75 83 96,architecte.cabinet@architecte.cabinet.benin,architectecabinet.bj,PME (50-200),B2C,Google Maps,4.8,Actif,2026-06-29T00:15:34.139032,haute
BJ-387A1796,Groupe Maison Africa,BTP & Immobilier,Bétérou,+229 66 46 14 44,groupe.maison.africa@groupe.maison.africa.com,groupemaisonafrica.bj,TPE (<10),B2B,Google Maps,3.6,Actif,2026-06-29T00:15:34.139053,haute
BJ-A0ABEA14,Travaux,BTP & Immobilier,Bétérou,+229 40 45 52 44,,travaux.bj,PME (50-200),B2C,Google Maps,3.1,Actif,2026-06-29T00:15:34.139066,moyenne
BJ-A890BE92,SA Bâtiment Cabinet,BTP & Immobilier,Bétérou,+229 52 68 41 69,sa.bâtiment.cabinet@sa.bâtiment.cabinet.benin,,Grande (>200),B2C,Google Maps,3.4,Actif,2026-06-29T00:15:34.139091,moyenne
BJ-68A60517,Cabinet Plomberie Africa,BTP & Immobilier,Bétérou,+229 74 66 18 71,cabinet.plomberie.africa@cabinet.plomberie.africa.org,cabinetplomberieafrica.bj,TPE (<10),B2B,Google Maps,3.4,Actif,2026-06-29T00:15:34.139105,haute
BJ-E65C51BA,SO Maison,BTP & Immobilier,Ouessè,+229 94 32 31 15,,somaison.bj,PME (50-200),B2B,Google Maps,3.4,Actif,2026-06-29T00:15:34.139124,moyenne
BJ-653BA3C9,Cabinet Électricité Services,BTP & Immobilier,Ouessè,+229 40 82 21 31,,,TPE (<10),B2C,Google Maps,3.9,Actif,2026-06-29T00:15:34.139157,basse
BJ-83474CC7,Béton,BTP & Immobilier,Ouessè,+229 86 38 17 31,,,PME (10-50),B2B,Google Maps,3.3,Actif,2026-06-29T00:15:34.139169,basse
BJ-6153B64F,SARL Maison SA,BTP & Immobilier,Ouessè,+229 86 59 14 94,sarl.maison.sa@sarl.maison.sa.net,,PME (10-50),B2B,Google Maps,3.3,Actif,2026-06-29T00:15:34.139182,moyenne
BJ-5BD999CB,BTP Urbanisme Services,BTP & Immobilier,Glazoué,+229 97 84 51 37,,btpurbanismeservices.bj,TPE (<10),B2C,Google Maps,3.3,Actif,2026-06-29T00:15:34.139201,moyenne
BJ-24311970,Structure Glazoué,BTP & Immobilier,Glazoué,+229 76 43 45 77,structure.glazoué@structure.glazoué.org,structureglazoué.bj,TPE (<10),B2C,Google Maps,3.4,Actif,2026-06-29T00:15:34.139219,haute
BJ-35B4FEDD,Groupe Habitat International,BTP & Immobilier,Glazoué,+229 80 47 46 72,groupe.habitat.international@groupe.habitat.international.bj,groupehabitatinternational.bj,TPE (<10),B2B,Google Maps,3.5,Actif,2026-06-29T00:15:34.139247,haute
BJ-B15DE646,Toiture,BTP & Immobilier,Glazoué,+229 63 67 96 15,toiture@toiture.benin,,PME (50-200),B2B,Google Maps,3.0,Actif,2026-06-29T00:15:34.139260,moyenne
BJ-C5080B9B,Habitat,BTP & Immobilier,Dassa-Zoumè,+229 53 67 95 55,habitat@habitat.bj,habitat.bj,PME (50-200),B2C,Google Maps,4.4,Actif,2026-06-29T00:15:34.139279,haute
BJ-409C2C34,BTP Structure,BTP & Immobilier,Dassa-Zoumè,+229 77 88 19 23,,btpstructure.bj,PME (10-50),B2B,Google Maps,4.7,Actif,2026-06-29T00:15:34.139296,moyenne
BJ-CC584E82,BTP Fondation,BTP & Immobilier,Dassa-Zoumè,+229 31 71 49 77,,,PME (10-50),B2C,Google Maps,4.1,Actif,2026-06-29T00:15:34.139309,basse
BJ-08983713,SARL Structure Groupe,BTP & Immobilier,Dassa-Zoumè,+229 85 13 66 66,sarl.structure.groupe@sarl.structure.groupe.com,sarlstructuregroupe.bj,PME (10-50),B2C,Google Maps,3.7,Actif,2026-06-29T00:15:34.139323,haute
BJ-1E3119B9,BTP Habitat,BTP & Immobilier,Dassa-Zoumè,+229 94 41 72 20,btp.habitat@btp.habitat.com,,PME (10-50),B2B,Google Maps,3.5,Actif,2026-06-29T00:15:34.139336,moyenne
BJ-1ADEA082,SA Fondation,BTP & Immobilier,Savalou,+229 76 22 93 62,sa.fondation@sa.fondation.org,safondation.bj,PME (50-200),B2C,Google Maps,4.8,Actif,2026-06-29T00:15:34.139356,haute
BJ-8BBAB2C0,SARL Structure,BTP & Immobilier,Savalou,+229 82 49 46 30,,sarlstructure.bj,TPE (<10),B2B,Google Maps,4.2,Actif,2026-06-29T00:15:34.139379,moyenne
BJ-DC213B93,Architecte Bénin,BTP & Immobilier,Savalou,+229 32 80 66 46,,,PME (50-200),B2C,Google Maps,4.0,Actif,2026-06-29T00:15:34.139423,basse
BJ-BA861C55,Urbanisme Bantè,BTP & Immobilier,Bantè,+229 28 31 81 27,,,TPE (<10),B2B,Google Maps,4.1,Actif,2026-06-29T00:15:34.139455,basse
BJ-8674569F,Habitat Cabinet,BTP & Immobilier,Bantè,+229 82 39 64 23,habitat.cabinet@habitat.cabinet.bj,,PME (50-200),B2C,Google Maps,3.5,Actif,2026-06-29T00:15:34.139489,moyenne
BJ-D8804FBA,Cabinet Construction Ets,BTP & Immobilier,Bantè,+229 46 62 50 56,cabinet.construction.ets@cabinet.construction.ets.net,cabinetconstructionets.bj,PME (50-200),B2B,Google Maps,3.2,Actif,2026-06-29T00:15:34.139503,haute
BJ-A01040C1,SA Construction,BTP & Immobilier,Bantè,+229 74 99 22 90,sa.construction@sa.construction.bj,saconstruction.bj,TPE (<10),B2C,Google Maps,4.6,Actif,2026-06-29T00:15:34.139517,haute
BJ-B92C5436,Groupe Fondation SA Djougou,BTP & Immobilier,Djougou,+229 73 50 54 27,,groupefondationsadjougou.bj,PME (10-50),B2B,Google Maps,3.8,Actif,2026-06-29T00:15:34.139536,moyenne
BJ-77973EEE,Travaux Services,BTP & Immobilier,Djougou,+229 76 19 46 86,travaux.services@travaux.services.com,,PME (10-50),B2B,Google Maps,3.4,Actif,2026-06-29T00:15:34.139550,moyenne
BJ-D132B908,SARL Immobilier Cabinet,BTP & Immobilier,Djougou,+229 20 34 13 88,sarl.immobilier.cabinet@sarl.immobilier.cabinet.bj,,PME (10-50),B2B,Google Maps,4.4,Actif,2026-06-29T00:15:34.139563,moyenne
BJ-A6778043,SO Fondation,BTP & Immobilier,Djougou,+229 92 91 36 86,,,PME (50-200),B2B,Google Maps,4.5,Actif,2026-06-29T00:15:34.139575,basse
BJ-80A2C61C,SA Bâtiment,BTP & Immobilier,Djougou,+229 46 15 55 67,sa.bâtiment@sa.bâtiment.com,sabâtiment.bj,TPE (<10),B2C,Google Maps,4.6,Actif,2026-06-29T00:15:34.139591,haute
BJ-A7564C86,SA Architecte,BTP & Immobilier,Ouèssè,+229 76 48 32 58,,,TPE (<10),B2B,Google Maps,3.6,Actif,2026-06-29T00:15:34.139637,basse
BJ-58882FF6,Ets Urbanisme Africa,BTP & Immobilier,Ouèssè,+229 48 24 63 58,,,TPE (<10),B2C,Google Maps,4.5,Actif,2026-06-29T00:15:34.139653,basse
BJ-4429478A,Fondation Africa Ouèssè,BTP & Immobilier,Ouèssè,+229 33 44 19 69,fondation.africa.ouèssè@fondation.africa.ouèssè.com,fondationafricaouèssè.bj,PME (50-200),B2C,Google Maps,4.2,Actif,2026-06-29T00:15:34.139669,haute
BJ-7F06B677,Immobilier Bénin,BTP & Immobilier,Ouèssè,+229 20 92 49 66,,,TPE (<10),B2C,Google Maps,4.9,Actif,2026-06-29T00:15:34.139682,basse
BJ-FBE89934,SARL Immobilier,BTP & Immobilier,Bassila,+229 83 95 37 79,sarl.immobilier@sarl.immobilier.org,,PME (10-50),B2B,Google Maps,3.2,Actif,2026-06-29T00:15:34.139704,moyenne
BJ-1C69F54F,SO Habitat,BTP & Immobilier,Bassila,+229 52 67 56 47,so.habitat@so.habitat.org,,TPE (<10),B2B,Google Maps,4.8,Actif,2026-06-29T00:15:34.139718,moyenne
BJ-B87D9534,SO Bâtiment,BTP & Immobilier,Bassila,+229 81 20 35 94,so.bâtiment@so.bâtiment.com,,PME (50-200),B2B,Google Maps,3.5,Actif,2026-06-29T00:15:34.139733,moyenne
BJ-6DAEDC00,Habitat Cabinet Bassila,BTP & Immobilier,Bassila,+229 55 81 96 14,habitat.cabinet.bassila@habitat.cabinet.bassila.org,habitatcabinetbassila.bj,Grande (>200),B2B,Google Maps,4.5,Actif,2026-06-29T00:15:34.139747,haute
BJ-90378C34,Urbanisme,BTP & Immobilier,Pehunco,+229 64 72 99 33,,urbanisme.bj,PME (10-50),B2B,Google Maps,4.8,Actif,2026-06-29T00:15:34.139780,moyenne
BJ-6B1833E7,Fondation,BTP & Immobilier,Pehunco,+229 91 25 94 67,fondation@fondation.benin,fondation.bj,TPE (<10),B2C,Google Maps,3.4,Actif,2026-06-29T00:15:34.139811,haute
BJ-9092BD1E,SO Maison,BTP & Immobilier,Pehunco,+229 65 87 80 50,so.maison@so.maison.bj,somaison.bj,PME (50-200),B2C,Google Maps,4.1,Actif,2026-06-29T00:15:34.139825,haute
BJ-F5524263,Travaux,BTP & Immobilier,Pehunco,+229 93 79 63 83,,travaux.bj,PME (50-200),B2C,Google Maps,3.4,Actif,2026-06-29T00:15:34.139838,moyenne
BJ-01CD0935,SARL Électricité,BTP & Immobilier,Copargo,+229 31 49 32 28,sarl.électricité@sarl.électricité.org,,Grande (>200),B2C,Google Maps,4.7,Actif,2026-06-29T00:15:34.139859,moyenne
BJ-011CDBCF,SA Bâtiment,BTP & Immobilier,Copargo,+229 85 32 10 54,,sabâtiment.bj,TPE (<10),B2C,Google Maps,4.4,Actif,2026-06-29T00:15:34.139874,moyenne
BJ-6C02280D,Cabinet Béton Groupe Copargo,BTP & Immobilier,Copargo,+229 70 20 79 96,,,TPE (<10),B2C,Google Maps,4.4,Actif,2026-06-29T00:15:34.139887,basse
BJ-7723C325,Bâtiment,BTP & Immobilier,Copargo,+229 30 36 10 53,,bâtiment.bj,PME (10-50),B2B,Google Maps,3.9,Actif,2026-06-29T00:15:34.139922,moyenne
BJ-2DADA325,Électricité Solutions,BTP & Immobilier,Copargo,+229 49 25 43 62,électricité.solutions@électricité.solutions.net,électricitésolutions.bj,PME (10-50),B2C,Google Maps,3.7,Actif,2026-06-29T00:15:34.139942,haute
BJ-0B474B85,Alimentaire Market,Commerce & Distribution,Cotonou,+229 38 64 32 72,,,PME (10-50),B2B/B2C,Google Maps,4.3,Actif,2026-06-29T00:15:34.139965,basse
BJ-E59149D3,Groupe Magasin Shop,Commerce & Distribution,Cotonou,+229 80 58 28 41,,,PME (50-200),B2C,Google Maps,3.2,Actif,2026-06-29T00:15:34.139981,basse
BJ-DA1A8DFF,Commerce Bénin Cotonou,Commerce & Distribution,Cotonou,+229 57 85 80 26,commerce.bénin.cotonou@commerce.bénin.cotonou.com,,PME (50-200),B2C,Google Maps,4.1,Actif,2026-06-29T00:15:34.139996,moyenne
BJ-4FDA9387,Magasin,Commerce & Distribution,Cotonou,+229 89 35 55 28,magasin@magasin.bj,,Grande (>200),B2C,Google Maps,3.7,Actif,2026-06-29T00:15:34.140010,moyenne
BJ-54115B16,Marché Épicerie Bénin,Commerce & Distribution,Cotonou,+229 28 85 54 17,,marchéépiceriebénin.bj,PME (50-200),B2C,Google Maps,3.1,Actif,2026-06-29T00:15:34.140025,moyenne
BJ-A8487F0C,Distribution Supermarché Abomey-Calavi,Commerce & Distribution,Abomey-Calavi,+229 64 21 99 85,distribution.supermarché.abomeycalavi@distribution.supermarché.abomeycalavi.bj,,PME (50-200),B2B/B2C,Google Maps,4.6,Actif,2026-06-29T00:15:34.140046,moyenne
BJ-7CAB3A9C,Marché Alimentaire,Commerce & Distribution,Abomey-Calavi,+229 43 31 53 60,,,PME (10-50),B2C,Google Maps,4.5,Actif,2026-06-29T00:15:34.140060,basse
BJ-F976705B,Groupe Alimentaire Shop,Commerce & Distribution,Abomey-Calavi,+229 83 27 13 78,,,TPE (<10),B2B/B2C,Google Maps,3.5,Actif,2026-06-29T00:15:34.140073,basse
BJ-0E9B4C87,Magasin,Commerce & Distribution,Abomey-Calavi,+229 59 21 77 36,magasin@magasin.org,,PME (10-50),B2B/B2C,Google Maps,4.1,Actif,2026-06-29T00:15:34.140087,moyenne
BJ-BC4F5A18,Provision Ets,Commerce & Distribution,Abomey-Calavi,+229 73 13 62 66,provision.ets@provision.ets.bj,provisionets.bj,PME (10-50),B2C,Google Maps,4.7,Actif,2026-06-29T00:15:34.140102,haute
BJ-A2D30059,Ets Supply,Commerce & Distribution,Porto-Novo,+229 93 89 56 23,,,PME (50-200),B2B/B2C,Google Maps,3.7,Actif,2026-06-29T00:15:34.140125,basse
BJ-07BC76A0,Marché Supply Porto-Novo,Commerce & Distribution,Porto-Novo,+229 34 43 98 85,,,TPE (<10),B2B/B2C,Google Maps,4.9,Actif,2026-06-29T00:15:34.140142,basse
BJ-1E100B77,Distribution International,Commerce & Distribution,Porto-Novo,+229 47 34 98 24,,,PME (50-200),B2B/B2C,Google Maps,3.3,Actif,2026-06-29T00:15:34.140156,basse
BJ-D30FF614,Distribution Détaillant,Commerce & Distribution,Porto-Novo,+229 54 60 31 33,,,TPE (<10),B2B/B2C,Google Maps,4.0,Actif,2026-06-29T00:15:34.140170,basse
BJ-91163657,Groupe Magasin Groupe Porto-Novo,Commerce & Distribution,Porto-Novo,+229 58 15 67 73,,,TPE (<10),B2B/B2C,Google Maps,3.2,Actif,2026-06-29T00:15:34.140183,basse
BJ-9863CD87,Centre Grossiste International,Commerce & Distribution,Parakou,+229 77 19 48 90,,,PME (10-50),B2B/B2C,Google Maps,3.3,Actif,2026-06-29T00:15:34.140206,basse
BJ-C7C3A192,Distribution Supermarché Ets,Commerce & Distribution,Parakou,+229 91 43 17 61,,,PME (50-200),B2C,Google Maps,4.7,Actif,2026-06-29T00:15:34.140220,basse
BJ-7C21E881,Super Supermarché Bénin,Commerce & Distribution,Parakou,+229 96 99 49 59,,supersupermarchébénin.bj,TPE (<10),B2B/B2C,Google Maps,4.2,Actif,2026-06-29T00:15:34.140239,moyenne
BJ-A76A15FF,Grossiste Market Parakou,Commerce & Distribution,Parakou,+229 87 53 76 16,grossiste.market.parakou@grossiste.market.parakou.com,grossistemarketparakou.bj,TPE (<10),B2B/B2C,Google Maps,4.0,Actif,2026-06-29T00:15:34.140254,haute
BJ-7C81C9C7,Super Alimentaire Store,Commerce & Distribution,Parakou,+229 25 63 82 69,,superalimentairestore.bj,PME (10-50),B2B/B2C,Google Maps,5.0,Actif,2026-06-29T00:15:34.140267,moyenne
BJ-F6781CBE,Ets Boutique,Commerce & Distribution,Bohicon,+229 37 96 50 37,,etsboutique.bj,TPE (<10),B2B/B2C,Google Maps,4.9,Actif,2026-06-29T00:15:34.140286,moyenne
BJ-A020B319,Centre Supermarché,Commerce & Distribution,Bohicon,+229 92 88 85 12,centre.supermarché@centre.supermarché.net,,TPE (<10),B2B/B2C,Google Maps,4.8,Actif,2026-06-29T00:15:34.140304,moyenne
BJ-D3E9B1A8,Détaillant Market,Commerce & Distribution,Bohicon,+229 92 22 82 80,,détaillantmarket.bj,TPE (<10),B2B/B2C,Google Maps,4.7,Actif,2026-06-29T00:15:34.140331,moyenne
BJ-7EECFE28,Commerce Distribution Ets,Commerce & Distribution,Bohicon,+229 26 14 87 37,commerce.distribution.ets@commerce.distribution.ets.org,commercedistributionets.bj,Grande (>200),B2C,Google Maps,4.0,Actif,2026-06-29T00:15:34.140345,haute
BJ-20D9D131,Stock,Commerce & Distribution,Natitingou,+229 97 21 68 12,,,TPE (<10),B2B/B2C,Google Maps,4.8,Actif,2026-06-29T00:15:34.140364,basse
BJ-0599F192,SARL Boutique International Natitingou,Commerce & Distribution,Natitingou,+229 71 24 92 75,sarl.boutique.international.natitingou@sarl.boutique.international.natitingou.bj,,PME (50-200),B2C,Google Maps,3.2,Actif,2026-06-29T00:15:34.140377,moyenne
BJ-640281F7,Magasin International,Commerce & Distribution,Natitingou,+229 71 72 77 15,,,TPE (<10),B2C,Google Maps,4.1,Actif,2026-06-29T00:15:34.140390,basse
BJ-FA6C4A66,Détaillant Market,Commerce & Distribution,Natitingou,+229 20 86 54 36,,détaillantmarket.bj,TPE (<10),B2C,Google Maps,4.0,Actif,2026-06-29T00:15:34.140403,moyenne
BJ-9DEDB616,Épicerie International Natitingou,Commerce & Distribution,Natitingou,+229 28 30 23 21,épicerie.international.natitingou@épicerie.international.natitingou.bj,,PME (50-200),B2C,Google Maps,4.4,Actif,2026-06-29T00:15:34.140417,moyenne
BJ-9EF6D4D8,SARL Commerce Lokossa,Commerce & Distribution,Lokossa,+229 32 67 96 31,,,Grande (>200),B2C,Google Maps,4.3,Actif,2026-06-29T00:15:34.140439,basse
BJ-8A4D3BCF,Marché Commerce,Commerce & Distribution,Lokossa,+229 28 71 94 59,marché.commerce@marché.commerce.bj,,PME (10-50),B2B/B2C,Google Maps,3.7,Actif,2026-06-29T00:15:34.140457,moyenne
BJ-227CA504,Marché Supply Bénin,Commerce & Distribution,Lokossa,+229 88 91 83 74,,,Grande (>200),B2C,Google Maps,4.7,Actif,2026-06-29T00:15:34.140470,basse
BJ-A38C2008,Ets Provision Groupe,Commerce & Distribution,Lokossa,+229 76 88 55 53,ets.provision.groupe@ets.provision.groupe.net,,TPE (<10),B2C,Google Maps,3.9,Actif,2026-06-29T00:15:34.140487,moyenne
BJ-AC1AC206,Super Détaillant,Commerce & Distribution,Lokossa,+229 59 35 67 36,,superdétaillant.bj,TPE (<10),B2C,Google Maps,3.6,Actif,2026-06-29T00:15:34.140503,moyenne
BJ-BA1DCBBB,Groupe Épicerie,Commerce & Distribution,Ouidah,+229 95 55 95 24,,groupeépicerie.bj,TPE (<10),B2B/B2C,Google Maps,4.9,Actif,2026-06-29T00:15:34.140522,moyenne
BJ-1A6A94F1,Super Commerce Groupe,Commerce & Distribution,Ouidah,+229 79 59 17 81,super.commerce.groupe@super.commerce.groupe.org,,Grande (>200),B2B/B2C,Google Maps,4.5,Actif,2026-06-29T00:15:34.140536,moyenne
BJ-7821EE0B,Ets Supermarché Market Ouidah,Commerce & Distribution,Ouidah,+229 75 16 60 84,ets.supermarché.market.ouidah@ets.supermarché.market.ouidah.benin,etssupermarchémarketouidah.bj,PME (10-50),B2C,Google Maps,4.6,Actif,2026-06-29T00:15:34.140555,haute
BJ-083A11A8,Distribution Provision,Commerce & Distribution,Ouidah,+229 97 45 31 51,distribution.provision@distribution.provision.net,distributionprovision.bj,PME (50-200),B2B/B2C,Google Maps,4.4,Actif,2026-06-29T00:15:34.140569,haute
BJ-8CD593D8,Commerce Magasin Shop,Commerce & Distribution,Ouidah,+229 37 87 67 77,commerce.magasin.shop@commerce.magasin.shop.benin,,PME (10-50),B2C,Google Maps,3.9,Actif,2026-06-29T00:15:34.140582,moyenne
BJ-D6CD2F93,Supply Store Savalou,Commerce & Distribution,Savalou,+229 45 74 48 55,,,TPE (<10),B2C,Google Maps,4.8,Actif,2026-06-29T00:15:34.140599,basse
BJ-ED21E92D,Distribution Stock,Commerce & Distribution,Savalou,+229 57 64 82 34,,distributionstock.bj,TPE (<10),B2C,Google Maps,4.3,Actif,2026-06-29T00:15:34.140629,moyenne
BJ-CB68A3D5,Supermarché,Commerce & Distribution,Savalou,+229 28 94 73 39,supermarché@supermarché.benin,,PME (10-50),B2B/B2C,Google Maps,4.3,Actif,2026-06-29T00:15:34.140643,moyenne
BJ-3FC8A1E0,Commerce Détaillant,Commerce & Distribution,Savalou,+229 39 80 93 14,commerce.détaillant@commerce.détaillant.net,commercedétaillant.bj,TPE (<10),B2C,Google Maps,3.7,Actif,2026-06-29T00:15:34.140657,haute
BJ-275A0B28,Alimentaire Bénin,Commerce & Distribution,Dassa-Zoumè,+229 80 47 65 69,,alimentairebénin.bj,TPE (<10),B2B/B2C,Google Maps,4.9,Actif,2026-06-29T00:15:34.140678,moyenne
BJ-C54A2849,Marché Shop,Commerce & Distribution,Dassa-Zoumè,+229 41 55 36 48,,,TPE (<10),B2B/B2C,Google Maps,4.7,Actif,2026-06-29T00:15:34.140691,basse
BJ-BFFC895B,Distribution Commerce Dassa-Zoumè,Commerce & Distribution,Dassa-Zoumè,+229 72 89 58 54,,,PME (10-50),B2B/B2C,Google Maps,5.0,Actif,2026-06-29T00:15:34.140703,basse
BJ-FD249964,Ets Distribution SARL,Commerce & Distribution,Dassa-Zoumè,+229 70 96 37 76,ets.distribution.sarl@ets.distribution.sarl.benin,,PME (50-200),B2C,Google Maps,4.2,Actif,2026-06-29T00:15:34.140717,moyenne
BJ-3E7D5246,SARL Marché Store,Commerce & Distribution,Dassa-Zoumè,+229 32 21 98 26,,,Grande (>200),B2B/B2C,Google Maps,3.7,Actif,2026-06-29T00:15:34.140729,basse
BJ-6A793392,Détaillant,Commerce & Distribution,Kétou,+229 84 86 90 27,,,PME (10-50),B2B/B2C,Google Maps,3.5,Actif,2026-06-29T00:15:34.140747,basse
BJ-A0618E73,SARL Détaillant Ets,Commerce & Distribution,Kétou,+229 75 75 94 44,sarl.détaillant.ets@sarl.détaillant.ets.bj,,TPE (<10),B2C,Google Maps,4.9,Actif,2026-06-29T00:15:34.140763,moyenne
BJ-B796DBDA,Super Boutique Kétou,Commerce & Distribution,Kétou,+229 33 40 83 76,,superboutiquekétou.bj,TPE (<10),B2C,Google Maps,3.0,Actif,2026-06-29T00:15:34.140781,moyenne
BJ-E4BD64DB,Boutique Kétou,Commerce & Distribution,Kétou,+229 71 46 54 14,boutique.kétou@boutique.kétou.org,,Grande (>200),B2B/B2C,Google Maps,5.0,Actif,2026-06-29T00:15:34.140796,moyenne
BJ-EAEB1B2A,Centre Supply Market,Commerce & Distribution,Kétou,+229 59 28 35 64,centre.supply.market@centre.supply.market.bj,centresupplymarket.bj,Grande (>200),B2C,Google Maps,3.8,Actif,2026-06-29T00:15:34.140810,haute
BJ-2E4D2179,SARL Magasin Market,Commerce & Distribution,Covè,+229 77 16 97 26,,,TPE (<10),B2B/B2C,Google Maps,3.8,Actif,2026-06-29T00:15:34.140841,basse
BJ-FB0E9832,Distribution Provision,Commerce & Distribution,Covè,+229 75 82 17 81,,distributionprovision.bj,PME (50-200),B2B/B2C,Google Maps,4.9,Actif,2026-06-29T00:15:34.140854,moyenne
BJ-6B55C076,Commerce,Commerce & Distribution,Covè,+229 93 87 76 18,,commerce.bj,PME (50-200),B2B/B2C,Google Maps,4.2,Actif,2026-06-29T00:15:34.140867,moyenne
BJ-F54A3E19,Ets Magasin,Commerce & Distribution,Covè,+229 55 56 47 90,,,TPE (<10),B2C,Google Maps,4.1,Actif,2026-06-29T00:15:34.140880,basse
BJ-65B60D1B,Distribution Détaillant,Commerce & Distribution,Pobè,+229 67 96 29 62,,,TPE (<10),B2C,Google Maps,3.9,Actif,2026-06-29T00:15:34.140932,basse
BJ-FD1E407C,Marché Épicerie Market Pobè,Commerce & Distribution,Pobè,+229 41 75 11 21,,,PME (10-50),B2B/B2C,Google Maps,4.6,Actif,2026-06-29T00:15:34.140945,basse
BJ-9B14CC77,Boutique Market,Commerce & Distribution,Pobè,+229 86 85 14 32,boutique.market@boutique.market.net,,PME (10-50),B2C,Google Maps,4.3,Actif,2026-06-29T00:15:34.140972,moyenne
BJ-28B1BE5A,Marché Détaillant Shop,Commerce & Distribution,Sakété,+229 88 84 19 11,,,TPE (<10),B2B/B2C,Google Maps,3.0,Actif,2026-06-29T00:15:34.140991,basse
BJ-5A7C79D8,Marché Détaillant,Commerce & Distribution,Sakété,+229 58 82 90 84,marché.détaillant@marché.détaillant.org,marchédétaillant.bj,TPE (<10),B2B/B2C,Google Maps,4.3,Actif,2026-06-29T00:15:34.141006,haute
BJ-A4BE91F3,Magasin Shop,Commerce & Distribution,Sakété,+229 23 54 78 30,,magasinshop.bj,PME (10-50),B2C,Google Maps,4.4,Actif,2026-06-29T00:15:34.141022,moyenne
BJ-E12B5E2D,Groupe Grossiste Ets,Commerce & Distribution,Sakété,+229 61 81 58 87,,groupegrossisteets.bj,TPE (<10),B2C,Google Maps,4.3,Actif,2026-06-29T00:15:34.141035,moyenne
BJ-641BB20E,Distribution Distribution,Commerce & Distribution,Sakété,+229 27 20 68 37,,,PME (10-50),B2C,Google Maps,3.8,Actif,2026-06-29T00:15:34.141047,basse
BJ-6950EF42,Épicerie International,Commerce & Distribution,Adjara,+229 39 77 16 84,,épicerieinternational.bj,PME (50-200),B2C,Google Maps,4.3,Actif,2026-06-29T00:15:34.141067,moyenne
BJ-33B93BE7,Centre Provision International,Commerce & Distribution,Adjara,+229 35 67 65 88,,centreprovisioninternational.bj,PME (10-50),B2B/B2C,Google Maps,4.0,Actif,2026-06-29T00:15:34.141083,moyenne
BJ-363AC71B,SARL Supermarché,Commerce & Distribution,Adjara,+229 58 55 48 62,sarl.supermarché@sarl.supermarché.benin,,PME (10-50),B2C,Google Maps,4.4,Actif,2026-06-29T00:15:34.141098,moyenne
BJ-C5E6C4C2,Centre Détaillant,Commerce & Distribution,Adjara,+229 59 73 10 13,,,PME (50-200),B2C,Google Maps,4.7,Actif,2026-06-29T00:15:34.141109,basse
BJ-3FB2F310,Commerce,Commerce & Distribution,Adjara,+229 84 58 94 55,,,PME (10-50),B2B/B2C,Google Maps,4.3,Actif,2026-06-29T00:15:34.141122,basse
BJ-0DD33B78,Super Alimentaire,Commerce & Distribution,Allada,+229 70 62 48 93,super.alimentaire@super.alimentaire.benin,superalimentaire.bj,TPE (<10),B2C,Google Maps,4.7,Actif,2026-06-29T00:15:34.141141,haute
BJ-238DD86B,Boutique,Commerce & Distribution,Allada,+229 56 23 43 12,,,TPE (<10),B2C,Google Maps,3.5,Actif,2026-06-29T00:15:34.141167,basse
BJ-440E25CA,SARL Commerce,Commerce & Distribution,Allada,+229 60 85 53 75,sarl.commerce@sarl.commerce.org,,TPE (<10),B2C,Google Maps,4.8,Actif,2026-06-29T00:15:34.141180,moyenne
BJ-AD47E1E0,Super Commerce International,Commerce & Distribution,Allada,+229 72 71 81 85,super.commerce.international@super.commerce.international.bj,supercommerceinternational.bj,PME (50-200),B2C,Google Maps,4.5,Actif,2026-06-29T00:15:34.141194,haute
BJ-98191FFA,SARL Provision,Commerce & Distribution,Aplahoué,+229 80 49 97 14,,,TPE (<10),B2C,Google Maps,3.0,Actif,2026-06-29T00:15:34.141212,basse
BJ-F7DCEF06,Grossiste Store Aplahoué,Commerce & Distribution,Aplahoué,+229 98 83 95 93,,grossistestoreaplahoué.bj,PME (10-50),B2C,Google Maps,3.7,Actif,2026-06-29T00:15:34.141230,moyenne
BJ-EAD38268,Super Provision,Commerce & Distribution,Aplahoué,+229 55 89 98 17,,superprovision.bj,TPE (<10),B2C,Google Maps,3.4,Actif,2026-06-29T00:15:34.141271,moyenne
BJ-F9FBFF6B,Grossiste Bénin,Commerce & Distribution,Dogbo-Tota,+229 23 78 40 35,,,PME (10-50),B2B/B2C,Google Maps,4.3,Actif,2026-06-29T00:15:34.141289,basse
BJ-4E5FD0B7,Commerce Stock Dogbo-Tota,Commerce & Distribution,Dogbo-Tota,+229 49 60 37 93,,,TPE (<10),B2C,Google Maps,3.5,Actif,2026-06-29T00:15:34.141315,basse
BJ-D28DE421,Stock Ets,Commerce & Distribution,Dogbo-Tota,+229 59 94 78 69,,,PME (10-50),B2C,Google Maps,5.0,Actif,2026-06-29T00:15:34.141327,basse
BJ-D9E2C4B2,Centre Supply Dogbo-Tota,Commerce & Distribution,Dogbo-Tota,+229 84 52 32 59,,centresupplydogbotota.bj,PME (10-50),B2C,Google Maps,3.2,Actif,2026-06-29T00:15:34.141344,moyenne
BJ-045F12ED,Marché Provision,Commerce & Distribution,Kpomassè,+229 53 33 83 84,,marchéprovision.bj,PME (10-50),B2C,Google Maps,4.7,Actif,2026-06-29T00:15:34.141364,moyenne
BJ-7FAF381E,SARL Détaillant Ets,Commerce & Distribution,Kpomassè,+229 89 80 40 35,,,PME (50-200),B2C,Google Maps,3.2,Actif,2026-06-29T00:15:34.141382,basse
BJ-D35C6C77,Marché Supermarché,Commerce & Distribution,Kpomassè,+229 69 29 97 89,marché.supermarché@marché.supermarché.net,marchésupermarché.bj,PME (50-200),B2C,Google Maps,4.4,Actif,2026-06-29T00:15:34.141397,haute
BJ-0A83D7D0,Marché Boutique Ets,Commerce & Distribution,Kpomassè,+229 68 80 34 14,,,TPE (<10),B2B/B2C,Google Maps,4.0,Actif,2026-06-29T00:15:34.141410,basse
BJ-CFDE70F0,Commerce Provision SARL,Commerce & Distribution,Kpomassè,+229 77 40 36 40,commerce.provision.sarl@commerce.provision.sarl.org,,PME (10-50),B2C,Google Maps,4.8,Actif,2026-06-29T00:15:34.141423,moyenne
BJ-67F6E265,Supply Groupe,Commerce & Distribution,Tori-Bossito,+229 47 49 13 16,,,TPE (<10),B2B/B2C,Google Maps,3.7,Actif,2026-06-29T00:15:34.141455,basse
BJ-F0535A5D,Supermarché,Commerce & Distribution,Tori-Bossito,+229 87 69 25 74,supermarché@supermarché.com,,PME (10-50),B2C,Google Maps,3.9,Actif,2026-06-29T00:15:34.141468,moyenne
BJ-F4C37B4C,Épicerie Ets Tori-Bossito,Commerce & Distribution,Tori-Bossito,+229 87 73 83 79,,,TPE (<10),B2B/B2C,Google Maps,4.4,Actif,2026-06-29T00:15:34.141480,basse
BJ-2F721276,Boutique,Commerce & Distribution,Tori-Bossito,+229 79 10 67 50,,,PME (10-50),B2C,Google Maps,3.9,Actif,2026-06-29T00:15:34.141492,basse
BJ-24F1C556,Alimentaire Bénin,Commerce & Distribution,Grand-Popo,+229 52 88 27 88,,,Grande (>200),B2C,Google Maps,3.7,Actif,2026-06-29T00:15:34.141510,basse
BJ-9A0025CF,SARL Épicerie Grand-Popo,Commerce & Distribution,Grand-Popo,+229 95 67 70 11,sarl.épicerie.grandpopo@sarl.épicerie.grandpopo.bj,sarlépiceriegrandpopo.bj,PME (50-200),B2C,Google Maps,4.5,Actif,2026-06-29T00:15:34.141529,haute
BJ-ACF4FA62,Marché Détaillant Groupe,Commerce & Distribution,Grand-Popo,+229 22 98 50 69,,marchédétaillantgroupe.bj,PME (10-50),B2B/B2C,Google Maps,3.9,Actif,2026-06-29T00:15:34.141543,moyenne
BJ-0725E02C,Ets Boutique,Commerce & Distribution,Grand-Popo,+229 44 23 70 35,,,PME (10-50),B2C,Google Maps,4.1,Actif,2026-06-29T00:15:34.141558,basse
BJ-936CCDFD,Détaillant Bénin,Commerce & Distribution,Grand-Popo,+229 78 48 10 56,détaillant.bénin@détaillant.bénin.net,,Grande (>200),B2C,Google Maps,4.0,Actif,2026-06-29T00:15:34.141572,moyenne
BJ-2D98E20A,Marché Distribution,Commerce & Distribution,Athiémé,+229 59 19 53 24,,marchédistribution.bj,PME (10-50),B2B/B2C,Google Maps,3.1,Actif,2026-06-29T00:15:34.141591,moyenne
BJ-951AB680,Ets Alimentaire,Commerce & Distribution,Athiémé,+229 28 73 94 66,ets.alimentaire@ets.alimentaire.benin,,TPE (<10),B2C,Google Maps,4.8,Actif,2026-06-29T00:15:34.141605,moyenne
BJ-7C537034,Ets Stock,Commerce & Distribution,Athiémé,+229 34 40 30 23,ets.stock@ets.stock.benin,,PME (50-200),B2C,Google Maps,5.0,Actif,2026-06-29T00:15:34.141618,moyenne
BJ-F786501A,Super Épicerie,Commerce & Distribution,Athiémé,+229 44 88 66 31,super.épicerie@super.épicerie.bj,,PME (50-200),B2B/B2C,Google Maps,4.0,Actif,2026-06-29T00:15:34.141631,moyenne
BJ-717FD9B4,Stock SARL Athiémé,Commerce & Distribution,Athiémé,+229 47 28 84 91,stock.sarl.athiémé@stock.sarl.athiémé.com,stocksarlathiémé.bj,PME (50-200),B2C,Google Maps,3.4,Actif,2026-06-29T00:15:34.141645,haute
BJ-4C2D3677,Épicerie Ets,Commerce & Distribution,Bopa,+229 21 59 93 21,épicerie.ets@épicerie.ets.bj,épicerieets.bj,PME (50-200),B2C,Google Maps,3.8,Actif,2026-06-29T00:15:34.141665,haute
BJ-FCF29F52,Provision,Commerce & Distribution,Bopa,+229 81 19 45 91,,provision.bj,PME (10-50),B2B/B2C,Google Maps,4.9,Actif,2026-06-29T00:15:34.141695,moyenne
BJ-C9256774,Centre Supermarché Bénin,Commerce & Distribution,Bopa,+229 64 82 18 15,,,TPE (<10),B2B/B2C,Google Maps,3.1,Actif,2026-06-29T00:15:34.141729,basse
BJ-76B245DF,Grossiste Store,Commerce & Distribution,Houéyogbé,+229 75 50 28 90,grossiste.store@grossiste.store.com,grossistestore.bj,PME (50-200),B2B/B2C,Google Maps,5.0,Actif,2026-06-29T00:15:34.141749,haute
BJ-53B9AFC0,Marché,Commerce & Distribution,Houéyogbé,+229 37 83 76 83,,marché.bj,TPE (<10),B2B/B2C,Google Maps,4.7,Actif,2026-06-29T00:15:34.141777,moyenne
BJ-C82DF055,Centre Supermarché Houéyogbé,Commerce & Distribution,Houéyogbé,+229 44 53 95 62,centre.supermarché.houéyogbé@centre.supermarché.houéyogbé.com,,PME (10-50),B2C,Google Maps,3.2,Actif,2026-06-29T00:15:34.141791,moyenne
BJ-D81BFFC9,SARL Commerce International Houéyogbé,Commerce & Distribution,Houéyogbé,+229 85 66 99 50,,,PME (10-50),B2B/B2C,Google Maps,4.3,Actif,2026-06-29T00:15:34.141804,basse
BJ-43A0C696,Super Marché SARL,Commerce & Distribution,Malanville,+229 50 76 60 13,,supermarchésarl.bj,TPE (<10),B2C,Google Maps,3.9,Actif,2026-06-29T00:15:34.141854,moyenne
BJ-C8D908CB,Boutique Ets,Commerce & Distribution,Malanville,+229 23 19 43 15,,boutiqueets.bj,PME (10-50),B2C,Google Maps,4.5,Actif,2026-06-29T00:15:34.141868,moyenne
BJ-FBEDCD80,Distribution Supermarché,Commerce & Distribution,Malanville,+229 25 59 59 11,distribution.supermarché@distribution.supermarché.net,,Grande (>200),B2B/B2C,Google Maps,3.7,Actif,2026-06-29T00:15:34.141881,moyenne
BJ-285D1B8F,Marché Supply Kandi,Commerce & Distribution,Kandi,+229 99 25 16 72,,,PME (50-200),B2B/B2C,Google Maps,3.6,Actif,2026-06-29T00:15:34.141914,basse
BJ-3509337C,Commerce Alimentaire Market,Commerce & Distribution,Kandi,+229 98 84 31 98,commerce.alimentaire.market@commerce.alimentaire.market.com,,PME (50-200),B2B/B2C,Google Maps,4.5,Actif,2026-06-29T00:15:34.141956,moyenne
BJ-65DAB71D,Stock Groupe,Commerce & Distribution,Kandi,+229 71 92 74 80,stock.groupe@stock.groupe.bj,,TPE (<10),B2B/B2C,Google Maps,3.0,Actif,2026-06-29T00:15:34.141969,moyenne
BJ-C265D993,Marché Bénin,Commerce & Distribution,Banikoara,+229 46 55 66 53,marché.bénin@marché.bénin.net,,PME (10-50),B2B/B2C,Google Maps,3.6,Actif,2026-06-29T00:15:34.141990,moyenne
BJ-6C3EDB16,Épicerie Groupe,Commerce & Distribution,Banikoara,+229 89 15 20 93,,,PME (50-200),B2B/B2C,Google Maps,3.0,Actif,2026-06-29T00:15:34.142005,basse
BJ-994893AC,Super Marché,Commerce & Distribution,Banikoara,+229 37 31 26 11,,,PME (10-50),B2B/B2C,Google Maps,4.1,Actif,2026-06-29T00:15:34.142031,basse
BJ-A7580883,Alimentaire,Commerce & Distribution,Banikoara,+229 99 59 18 38,,alimentaire.bj,PME (10-50),B2B/B2C,Google Maps,4.9,Actif,2026-06-29T00:15:34.142044,moyenne
BJ-CEDD503F,Centre Épicerie Shop Ségbana,Commerce & Distribution,Ségbana,+229 23 40 20 46,,,TPE (<10),B2C,Google Maps,4.5,Actif,2026-06-29T00:15:34.142062,basse
BJ-6D2919FA,SARL Supply International,Commerce & Distribution,Ségbana,+229 97 78 82 52,,,TPE (<10),B2B/B2C,Google Maps,3.2,Actif,2026-06-29T00:15:34.142074,basse
BJ-EB96E346,Provision Market,Commerce & Distribution,Ségbana,+229 86 16 42 80,,provisionmarket.bj,TPE (<10),B2C,Google Maps,5.0,Actif,2026-06-29T00:15:34.142114,moyenne
BJ-F8E97BCC,SARL Grossiste,Commerce & Distribution,Karimama,+229 83 87 77 36,sarl.grossiste@sarl.grossiste.bj,sarlgrossiste.bj,PME (50-200),B2B/B2C,Google Maps,4.1,Actif,2026-06-29T00:15:34.142133,haute
BJ-21243C90,Centre Marché,Commerce & Distribution,Karimama,+229 36 89 11 67,,,PME (10-50),B2C,Google Maps,3.7,Actif,2026-06-29T00:15:34.142165,basse
BJ-84295851,Commerce Supermarché,Commerce & Distribution,Karimama,+229 45 74 65 51,commerce.supermarché@commerce.supermarché.net,commercesupermarché.bj,PME (10-50),B2B/B2C,Google Maps,3.6,Actif,2026-06-29T00:15:34.142179,haute
BJ-0A5C3398,Super Magasin International,Commerce & Distribution,Karimama,+229 59 48 63 90,super.magasin.international@super.magasin.international.bj,,TPE (<10),B2B/B2C,Google Maps,4.3,Actif,2026-06-29T00:15:34.142198,moyenne
BJ-F8DC6821,Magasin,Commerce & Distribution,Gogounou,+229 55 14 19 65,,magasin.bj,TPE (<10),B2C,Google Maps,4.7,Actif,2026-06-29T00:15:34.142216,moyenne
BJ-DAC5BA8F,Ets Épicerie Store,Commerce & Distribution,Gogounou,+229 68 88 36 72,,,PME (50-200),B2B/B2C,Google Maps,4.4,Actif,2026-06-29T00:15:34.142230,basse
BJ-B2AEABDB,SARL Grossiste International Gogounou,Commerce & Distribution,Gogounou,+229 64 85 48 15,,sarlgrossisteinternationalgogounou.bj,PME (10-50),B2B/B2C,Google Maps,3.1,Actif,2026-06-29T00:15:34.142243,moyenne
BJ-79C3D7BF,SARL Épicerie,Commerce & Distribution,Gogounou,+229 36 81 58 28,sarl.épicerie@sarl.épicerie.bj,,PME (50-200),B2C,Google Maps,3.2,Actif,2026-06-29T00:15:34.142256,moyenne
BJ-0EF97D81,Magasin Groupe,Commerce & Distribution,Gogounou,+229 82 86 46 30,,,PME (50-200),B2C,Google Maps,4.1,Actif,2026-06-29T00:15:34.142268,basse
BJ-B1BCA393,Marché Store,Commerce & Distribution,Cobly,+229 40 16 81 85,,marchéstore.bj,Grande (>200),B2B/B2C,Google Maps,4.9,Actif,2026-06-29T00:15:34.142288,moyenne
BJ-F165EEDA,Supply Groupe,Commerce & Distribution,Cobly,+229 96 10 38 71,supply.groupe@supply.groupe.net,,PME (50-200),B2C,Google Maps,3.9,Actif,2026-06-29T00:15:34.142305,moyenne
BJ-21563421,Distribution Marché,Commerce & Distribution,Cobly,+229 26 29 64 51,,,PME (50-200),B2C,Google Maps,4.1,Actif,2026-06-29T00:15:34.142318,basse
BJ-18F3D357,Épicerie International,Commerce & Distribution,Cobly,+229 97 85 54 53,,épicerieinternational.bj,TPE (<10),B2C,Google Maps,4.5,Actif,2026-06-29T00:15:34.142331,moyenne
BJ-04711053,Provision,Commerce & Distribution,Cobly,+229 84 83 77 24,,,PME (10-50),B2C,Google Maps,4.4,Actif,2026-06-29T00:15:34.142343,basse
BJ-48F53184,SARL Stock,Commerce & Distribution,Tanguiéta,+229 83 60 24 12,,sarlstock.bj,Grande (>200),B2C,Google Maps,4.1,Actif,2026-06-29T00:15:34.142361,moyenne
BJ-F01112A1,Marché,Commerce & Distribution,Tanguiéta,+229 21 51 54 52,,marché.bj,PME (10-50),B2B/B2C,Google Maps,4.4,Actif,2026-06-29T00:15:34.142375,moyenne
BJ-390FA508,Magasin Market,Commerce & Distribution,Tanguiéta,+229 53 52 19 12,,,Grande (>200),B2B/B2C,Google Maps,3.8,Actif,2026-06-29T00:15:34.142390,basse
BJ-B07864DB,Marché Boutique,Commerce & Distribution,Tanguiéta,+229 81 42 81 14,marché.boutique@marché.boutique.bj,,TPE (<10),B2C,Google Maps,3.7,Actif,2026-06-29T00:15:34.142405,moyenne
BJ-A3EF5454,Stock Shop,Commerce & Distribution,Tanguiéta,+229 53 79 19 15,,stockshop.bj,TPE (<10),B2C,Google Maps,3.1,Actif,2026-06-29T00:15:34.142418,moyenne
BJ-F831B5AB,Magasin Store,Commerce & Distribution,Matéri,+229 51 37 56 67,magasin.store@magasin.store.net,,Grande (>200),B2B/B2C,Google Maps,3.1,Actif,2026-06-29T00:15:34.142437,moyenne
BJ-2B8A88D3,Commerce,Commerce & Distribution,Matéri,+229 97 40 95 36,,,Grande (>200),B2B/B2C,Google Maps,4.2,Actif,2026-06-29T00:15:34.142453,basse
BJ-A913BE3C,Ets Magasin,Commerce & Distribution,Matéri,+229 30 32 31 69,,,TPE (<10),B2C,Google Maps,3.9,Actif,2026-06-29T00:15:34.142468,basse
BJ-9A6B0072,Grossiste Matéri,Commerce & Distribution,Matéri,+229 81 85 97 36,grossiste.matéri@grossiste.matéri.org,grossistematéri.bj,PME (10-50),B2C,Google Maps,3.9,Actif,2026-06-29T00:15:34.142484,haute
BJ-25515CC9,Groupe Grossiste,Commerce & Distribution,Natitingou,+229 42 72 94 30,,,PME (50-200),B2B/B2C,Google Maps,4.0,Actif,2026-06-29T00:15:34.142527,basse
BJ-8C8CD5BB,Distribution Store,Commerce & Distribution,Natitingou,+229 79 65 98 85,,,PME (10-50),B2B/B2C,Google Maps,4.5,Actif,2026-06-29T00:15:34.142538,basse
BJ-828AA0FE,SARL Distribution Market Natitingou,Commerce & Distribution,Natitingou,+229 31 43 52 20,,,TPE (<10),B2B/B2C,Google Maps,3.3,Actif,2026-06-29T00:15:34.142551,basse
BJ-AC852F00,Commerce Marché,Commerce & Distribution,Toucountouna,+229 63 80 40 16,commerce.marché@commerce.marché.benin,,PME (10-50),B2B/B2C,Google Maps,3.3,Actif,2026-06-29T00:15:34.142585,moyenne
BJ-8A9BECDB,Centre Alimentaire,Commerce & Distribution,Toucountouna,+229 45 72 63 95,,,PME (50-200),B2C,Google Maps,3.6,Actif,2026-06-29T00:15:34.142601,basse
BJ-C977FED4,Détaillant Store Toucountouna,Commerce & Distribution,Toucountouna,+229 87 15 75 85,,détaillantstoretoucountouna.bj,PME (10-50),B2C,Google Maps,3.5,Actif,2026-06-29T00:15:34.142616,moyenne
BJ-C7CECB1D,Commerce Bénin,Commerce & Distribution,Toucountouna,+229 26 32 44 26,,commercebénin.bj,TPE (<10),B2C,Google Maps,3.3,Actif,2026-06-29T00:15:34.142632,moyenne
BJ-4A9CE985,Marché Marché,Commerce & Distribution,Toucountouna,+229 71 99 63 70,,,TPE (<10),B2B/B2C,Google Maps,3.8,Actif,2026-06-29T00:15:34.142644,basse
BJ-0CADFB77,Marché,Commerce & Distribution,Boukoumbé,+229 51 88 75 84,marché@marché.com,,TPE (<10),B2C,Google Maps,4.9,Actif,2026-06-29T00:15:34.142664,moyenne
BJ-D37D04A2,SARL Stock Groupe Boukoumbé,Commerce & Distribution,Boukoumbé,+229 73 63 28 76,,sarlstockgroupeboukoumbé.bj,PME (50-200),B2C,Google Maps,3.8,Actif,2026-06-29T00:15:34.142678,moyenne
BJ-A47463B3,Alimentaire Market Boukoumbé,Commerce & Distribution,Boukoumbé,+229 78 79 34 72,alimentaire.market.boukoumbé@alimentaire.market.boukoumbé.benin,alimentairemarketboukoumbé.bj,TPE (<10),B2C,Google Maps,4.6,Actif,2026-06-29T00:15:34.142699,haute
BJ-210C2FB0,SARL Marché Store,Commerce & Distribution,Boukoumbé,+229 85 46 92 73,sarl.marché.store@sarl.marché.store.com,,PME (10-50),B2B/B2C,Google Maps,4.4,Actif,2026-06-29T00:15:34.142712,moyenne
BJ-6851ABAB,SARL Provision International Boukoumbé,Commerce & Distribution,Boukoumbé,+229 62 88 75 61,,sarlprovisioninternationalboukoumbé.bj,TPE (<10),B2C,Google Maps,4.8,Actif,2026-06-29T00:15:34.142726,moyenne
BJ-B654A17A,Supply SARL,Commerce & Distribution,Kouandé,+229 99 59 96 84,supply.sarl@supply.sarl.net,,Grande (>200),B2B/B2C,Google Maps,3.8,Actif,2026-06-29T00:15:34.142745,moyenne
BJ-A218422E,Super Commerce Kouandé,Commerce & Distribution,Kouandé,+229 37 92 78 22,super.commerce.kouandé@super.commerce.kouandé.benin,,PME (10-50),B2B/B2C,Google Maps,3.6,Actif,2026-06-29T00:15:34.142763,moyenne
BJ-C1A075C3,Marché Provision Kouandé,Commerce & Distribution,Kouandé,+229 95 73 91 33,marché.provision.kouandé@marché.provision.kouandé.bj,marchéprovisionkouandé.bj,TPE (<10),B2B/B2C,Google Maps,3.2,Actif,2026-06-29T00:15:34.142778,haute
BJ-F61F8113,Marché Distribution Bénin,Commerce & Distribution,Kouandé,+229 83 93 94 58,marché.distribution.bénin@marché.distribution.bénin.com,,PME (10-50),B2C,Google Maps,3.4,Actif,2026-06-29T00:15:34.142792,moyenne
BJ-38CB3272,Centre Stock,Commerce & Distribution,Kouandé,+229 56 48 99 36,,centrestock.bj,PME (10-50),B2C,Google Maps,4.2,Actif,2026-06-29T00:15:34.142805,moyenne
BJ-97A0AAF5,Boutique,Commerce & Distribution,Péhunco,+229 75 48 25 90,,boutique.bj,Grande (>200),B2C,Google Maps,4.5,Actif,2026-06-29T00:15:34.142823,moyenne
BJ-FD64F20A,Ets Boutique,Commerce & Distribution,Péhunco,+229 65 67 21 65,,,TPE (<10),B2C,Google Maps,4.9,Actif,2026-06-29T00:15:34.142835,basse
BJ-B2651291,Stock,Commerce & Distribution,Péhunco,+229 98 29 19 36,,stock.bj,TPE (<10),B2C,Google Maps,5.0,Actif,2026-06-29T00:15:34.142848,moyenne
BJ-1110DBD8,Boutique Bénin,Commerce & Distribution,Péhunco,+229 43 37 72 74,boutique.bénin@boutique.bénin.org,,TPE (<10),B2C,Google Maps,4.0,Actif,2026-06-29T00:15:34.142861,moyenne
BJ-6A598D62,Centre Détaillant Péhunco,Commerce & Distribution,Péhunco,+229 49 62 34 96,,,TPE (<10),B2B/B2C,Google Maps,3.1,Actif,2026-06-29T00:15:34.142874,basse
BJ-236AFDB4,Distribution Stock,Commerce & Distribution,Tchaourou,+229 41 18 35 84,,,TPE (<10),B2B/B2C,Google Maps,3.8,Actif,2026-06-29T00:15:34.142901,basse
BJ-A94D226D,Centre Détaillant,Commerce & Distribution,Tchaourou,+229 95 90 74 65,centre.détaillant@centre.détaillant.com,,Grande (>200),B2B/B2C,Google Maps,3.3,Actif,2026-06-29T00:15:34.142938,moyenne
BJ-13833EE3,SARL Boutique Ets,Commerce & Distribution,Tchaourou,+229 70 68 51 54,,,TPE (<10),B2C,Google Maps,3.3,Actif,2026-06-29T00:15:34.142950,basse
BJ-E97DA16E,Marché Boutique,Commerce & Distribution,Tchaourou,+229 41 41 47 49,,marchéboutique.bj,PME (10-50),B2C,Google Maps,4.2,Actif,2026-06-29T00:15:34.142963,moyenne
BJ-967A1E13,Groupe Grossiste Store,Commerce & Distribution,Nikki,+229 70 28 26 37,,groupegrossistestore.bj,Grande (>200),B2C,Google Maps,3.2,Actif,2026-06-29T00:15:34.142983,moyenne
BJ-6BB6F39F,Magasin Store Nikki,Commerce & Distribution,Nikki,+229 87 68 42 46,,,TPE (<10),B2B/B2C,Google Maps,3.5,Actif,2026-06-29T00:15:34.142995,basse
BJ-35853D94,Groupe Commerce International,Commerce & Distribution,Nikki,+229 38 50 18 42,groupe.commerce.international@groupe.commerce.international.org,,PME (10-50),B2B/B2C,Google Maps,3.4,Actif,2026-06-29T00:15:34.143009,moyenne
BJ-37B6B657,Distribution SARL,Commerce & Distribution,Nikki,+229 48 35 62 30,,distributionsarl.bj,PME (50-200),B2B/B2C,Google Maps,3.3,Actif,2026-06-29T00:15:34.143021,moyenne
BJ-266D6060,Marché Boutique International,Commerce & Distribution,Nikki,+229 35 29 97 18,,marchéboutiqueinternational.bj,TPE (<10),B2C,Google Maps,3.6,Actif,2026-06-29T00:15:34.143034,moyenne
BJ-C322750E,Commerce,Commerce & Distribution,Bembéréké,+229 99 88 18 60,,,PME (50-200),B2B/B2C,Google Maps,4.2,Actif,2026-06-29T00:15:34.143052,basse
BJ-263D0C1F,Distribution Ets,Commerce & Distribution,Bembéréké,+229 95 54 93 73,distribution.ets@distribution.ets.bj,distributionets.bj,TPE (<10),B2C,Google Maps,4.0,Actif,2026-06-29T00:15:34.143073,haute
BJ-D5FABB77,Ets Distribution,Commerce & Distribution,Bembéréké,+229 50 43 80 48,ets.distribution@ets.distribution.com,etsdistribution.bj,TPE (<10),B2B/B2C,Google Maps,4.2,Actif,2026-06-29T00:15:34.143088,haute
BJ-001F06A6,Ets Grossiste,Commerce & Distribution,Bembéréké,+229 22 65 69 11,,,TPE (<10),B2B/B2C,Google Maps,4.7,Actif,2026-06-29T00:15:34.143100,basse
BJ-0461463A,Groupe Supermarché,Commerce & Distribution,Bembéréké,+229 20 85 36 15,,groupesupermarché.bj,PME (10-50),B2C,Google Maps,3.4,Actif,2026-06-29T00:15:34.143113,moyenne
BJ-27051C0F,Centre Marché,Commerce & Distribution,Kalalé,+229 60 37 18 83,centre.marché@centre.marché.net,,PME (50-200),B2C,Google Maps,4.9,Actif,2026-06-29T00:15:34.143133,moyenne
BJ-0E486115,SARL Distribution Ets,Commerce & Distribution,Kalalé,+229 94 10 24 13,,,PME (50-200),B2C,Google Maps,3.5,Actif,2026-06-29T00:15:34.143145,basse
BJ-0CF8087D,Super Provision,Commerce & Distribution,Kalalé,+229 80 85 19 58,,,TPE (<10),B2B/B2C,Google Maps,4.3,Actif,2026-06-29T00:15:34.143160,basse
BJ-0844D56D,Groupe Commerce SARL,Commerce & Distribution,Kalalé,+229 59 31 49 83,groupe.commerce.sarl@groupe.commerce.sarl.org,,TPE (<10),B2C,Google Maps,5.0,Actif,2026-06-29T00:15:34.143173,moyenne
BJ-14F09607,Marché Boutique,Commerce & Distribution,Kalalé,+229 65 79 52 96,marché.boutique@marché.boutique.com,,PME (10-50),B2C,Google Maps,3.8,Actif,2026-06-29T00:15:34.143186,moyenne
BJ-29D1D639,Boutique Ets,Commerce & Distribution,Ndali,+229 85 60 38 51,boutique.ets@boutique.ets.org,,PME (50-200),B2C,Google Maps,3.5,Actif,2026-06-29T00:15:34.143205,moyenne
BJ-8F7F2676,Ets Alimentaire Ets,Commerce & Distribution,Ndali,+229 22 74 92 56,,,PME (10-50),B2B/B2C,Google Maps,3.9,Actif,2026-06-29T00:15:34.143221,basse
BJ-3128914D,Groupe Boutique,Commerce & Distribution,Ndali,+229 41 36 10 75,,,PME (10-50),B2C,Google Maps,3.2,Actif,2026-06-29T00:15:34.143233,basse
BJ-B651318E,Groupe Supply,Commerce & Distribution,Ndali,+229 85 64 10 61,,,TPE (<10),B2B/B2C,Google Maps,3.7,Actif,2026-06-29T00:15:34.143245,basse
BJ-48C9F73C,Commerce Provision,Commerce & Distribution,Ndali,+229 95 48 63 93,,,Grande (>200),B2C,Google Maps,4.5,Actif,2026-06-29T00:15:34.143256,basse
BJ-1367C385,Groupe Boutique Bénin Ségbana,Commerce & Distribution,Ségbana,+229 81 29 65 15,groupe.boutique.bénin.ségbana@groupe.boutique.bénin.ségbana.benin,,TPE (<10),B2B/B2C,Google Maps,4.1,Actif,2026-06-29T00:15:34.143276,moyenne
BJ-AA9C3A74,Distribution Shop Ségbana,Commerce & Distribution,Ségbana,+229 97 79 56 83,distribution.shop.ségbana@distribution.shop.ségbana.com,,TPE (<10),B2B/B2C,Google Maps,3.1,Actif,2026-06-29T00:15:34.143290,moyenne
BJ-5867BBC1,Grossiste Ségbana,Commerce & Distribution,Ségbana,+229 41 84 16 54,grossiste.ségbana@grossiste.ségbana.bj,,TPE (<10),B2B/B2C,Google Maps,4.6,Actif,2026-06-29T00:15:34.143303,moyenne
BJ-2FE44500,SARL Boutique Store,Commerce & Distribution,Ségbana,+229 51 53 40 99,sarl.boutique.store@sarl.boutique.store.bj,sarlboutiquestore.bj,TPE (<10),B2B/B2C,Google Maps,3.6,Actif,2026-06-29T00:15:34.143317,haute
BJ-38868913,Commerce Ets Ségbana,Commerce & Distribution,Ségbana,+229 21 93 48 30,,commerceetsségbana.bj,PME (10-50),B2C,Google Maps,4.4,Actif,2026-06-29T00:15:34.143330,moyenne
BJ-E859B5CC,Groupe Stock Store,Commerce & Distribution,Tchaourou,+229 21 88 53 84,groupe.stock.store@groupe.stock.store.com,groupestockstore.bj,PME (10-50),B2C,Google Maps,3.1,Actif,2026-06-29T00:15:34.143350,haute
BJ-0E04198C,SARL Alimentaire Tchaourou,Commerce & Distribution,Tchaourou,+229 76 20 65 58,,,PME (10-50),B2B/B2C,Google Maps,3.7,Actif,2026-06-29T00:15:34.143366,basse
BJ-2564386B,Commerce SARL Tchaourou,Commerce & Distribution,Tchaourou,+229 97 56 67 29,,,PME (10-50),B2C,Google Maps,3.1,Actif,2026-06-29T00:15:34.143381,basse
BJ-9B7C1A01,Ets Supermarché Groupe,Commerce & Distribution,Tchaourou,+229 78 61 93 10,,,PME (10-50),B2C,Google Maps,4.7,Actif,2026-06-29T00:15:34.143393,basse
BJ-589E0255,Super Marché Bénin,Commerce & Distribution,Tchaourou,+229 57 33 84 69,,,TPE (<10),B2C,Google Maps,3.8,Actif,2026-06-29T00:15:34.143406,basse
BJ-F5294A83,Détaillant Store,Commerce & Distribution,Bétérou,+229 33 97 86 28,,détaillantstore.bj,Grande (>200),B2B/B2C,Google Maps,4.6,Actif,2026-06-29T00:15:34.143443,moyenne
BJ-8F62CEC6,Super Provision International,Commerce & Distribution,Bétérou,+229 64 48 34 98,,,PME (50-200),B2B/B2C,Google Maps,3.8,Actif,2026-06-29T00:15:34.143455,basse
BJ-7FEF32D4,Marché Stock,Commerce & Distribution,Bétérou,+229 90 52 74 88,,marchéstock.bj,PME (10-50),B2B/B2C,Google Maps,4.5,Actif,2026-06-29T00:15:34.143469,moyenne
BJ-E4025293,Commerce Store,Commerce & Distribution,Bétérou,+229 86 30 72 82,,,Grande (>200),B2B/B2C,Google Maps,3.6,Actif,2026-06-29T00:15:34.143481,basse
BJ-251B0BC4,Provision Groupe Ouessè,Commerce & Distribution,Ouessè,+229 38 46 39 50,,provisiongroupeouessè.bj,TPE (<10),B2B/B2C,Google Maps,4.2,Actif,2026-06-29T00:15:34.143504,moyenne
BJ-DC10025A,Grossiste Ouessè,Commerce & Distribution,Ouessè,+229 42 75 96 30,,grossisteouessè.bj,PME (10-50),B2B/B2C,Google Maps,3.4,Actif,2026-06-29T00:15:34.143521,moyenne
BJ-D0485864,Magasin Market,Commerce & Distribution,Ouessè,+229 92 55 74 71,,magasinmarket.bj,TPE (<10),B2C,Google Maps,4.3,Actif,2026-06-29T00:15:34.143535,moyenne
BJ-69133F92,Commerce Grossiste Ets,Commerce & Distribution,Ouessè,+229 41 21 81 35,,,PME (10-50),B2B/B2C,Google Maps,4.8,Actif,2026-06-29T00:15:34.143547,basse
BJ-737E5775,Épicerie,Commerce & Distribution,Ouessè,+229 70 26 25 47,,épicerie.bj,TPE (<10),B2C,Google Maps,4.0,Actif,2026-06-29T00:15:34.143560,moyenne
BJ-3E27C7C1,Marché Boutique Shop,Commerce & Distribution,Glazoué,+229 63 97 79 37,,,PME (10-50),B2C,Google Maps,3.3,Actif,2026-06-29T00:15:34.143577,basse
BJ-3BB427C5,Commerce,Commerce & Distribution,Glazoué,+229 32 39 76 34,commerce@commerce.benin,,PME (50-200),B2C,Google Maps,3.4,Actif,2026-06-29T00:15:34.143591,moyenne
BJ-1B2493E4,Distribution Grossiste Ets,Commerce & Distribution,Glazoué,+229 63 70 55 70,,,Grande (>200),B2B/B2C,Google Maps,3.4,Actif,2026-06-29T00:15:34.143603,basse
BJ-F88C8EAE,Super Épicerie,Commerce & Distribution,Glazoué,+229 45 86 80 26,super.épicerie@super.épicerie.net,,TPE (<10),B2B/B2C,Google Maps,4.1,Actif,2026-06-29T00:15:34.143617,moyenne
BJ-D40B389C,Marché Détaillant Market,Commerce & Distribution,Glazoué,+229 77 62 53 23,,,PME (10-50),B2B/B2C,Google Maps,4.8,Actif,2026-06-29T00:15:34.143633,basse
BJ-D95D606B,Marché Épicerie,Commerce & Distribution,Dassa-Zoumè,+229 83 81 81 64,,,PME (10-50),B2C,Google Maps,3.9,Actif,2026-06-29T00:15:34.143652,basse
BJ-C3FFADFA,Distribution Grossiste Dassa-Zoumè,Commerce & Distribution,Dassa-Zoumè,+229 25 78 58 29,,,PME (50-200),B2B/B2C,Google Maps,3.2,Actif,2026-06-29T00:15:34.143672,basse
BJ-B46622DD,Ets Magasin Market Dassa-Zoumè,Commerce & Distribution,Dassa-Zoumè,+229 68 53 97 29,ets.magasin.market.dassazoumè@ets.magasin.market.dassazoumè.benin,,PME (10-50),B2C,Google Maps,4.9,Actif,2026-06-29T00:15:34.143691,moyenne
BJ-EA3B6217,Super Magasin Shop,Commerce & Distribution,Dassa-Zoumè,+229 33 97 77 55,,supermagasinshop.bj,PME (10-50),B2B/B2C,Google Maps,3.9,Actif,2026-06-29T00:15:34.143704,moyenne
BJ-A1E68574,SARL Grossiste,Commerce & Distribution,Dassa-Zoumè,+229 27 39 86 45,,,TPE (<10),B2B/B2C,Google Maps,4.0,Actif,2026-06-29T00:15:34.143716,basse
BJ-ED596AD4,Super Supply Savalou,Commerce & Distribution,Savalou,+229 43 49 19 79,,,PME (10-50),B2B/B2C,Google Maps,3.1,Actif,2026-06-29T00:15:34.143773,basse
BJ-24EEEC82,Provision,Commerce & Distribution,Savalou,+229 92 94 71 28,,,Grande (>200),B2B/B2C,Google Maps,3.6,Actif,2026-06-29T00:15:34.143785,basse
BJ-E07AEC36,Ets Stock Bénin,Commerce & Distribution,Bantè,+229 71 72 78 80,ets.stock.bénin@ets.stock.bénin.benin,,PME (50-200),B2B/B2C,Google Maps,4.4,Actif,2026-06-29T00:15:34.143804,moyenne
BJ-D55B6306,Stock Market,Commerce & Distribution,Bantè,+229 57 98 49 82,,,PME (10-50),B2B/B2C,Google Maps,3.2,Actif,2026-06-29T00:15:34.143820,basse
BJ-E8687C9A,Boutique International,Commerce & Distribution,Bantè,+229 71 43 26 53,,,PME (50-200),B2B/B2C,Google Maps,3.6,Actif,2026-06-29T00:15:34.143833,basse
BJ-66ED8192,Magasin Bantè,Commerce & Distribution,Bantè,+229 74 93 50 16,,magasinbantè.bj,PME (50-200),B2C,Google Maps,4.3,Actif,2026-06-29T00:15:34.143846,moyenne
BJ-80E721F5,Boutique,Commerce & Distribution,Bantè,+229 30 62 31 35,,boutique.bj,TPE (<10),B2B/B2C,Google Maps,3.5,Actif,2026-06-29T00:15:34.143858,moyenne
BJ-B7B6ECEA,Épicerie Shop,Commerce & Distribution,Djougou,+229 70 52 76 96,,épicerieshop.bj,TPE (<10),B2B/B2C,Google Maps,4.0,Actif,2026-06-29T00:15:34.143877,moyenne
BJ-E535CD49,Groupe Commerce Shop Djougou,Commerce & Distribution,Djougou,+229 81 70 16 12,,,PME (10-50),B2C,Google Maps,4.7,Actif,2026-06-29T00:15:34.143898,basse
BJ-54AF0B84,Ets Supply,Commerce & Distribution,Djougou,+229 50 35 82 38,ets.supply@ets.supply.benin,,TPE (<10),B2B/B2C,Google Maps,3.5,Actif,2026-06-29T00:15:34.143936,moyenne
BJ-E6FB3130,Centre Marché Ets,Commerce & Distribution,Djougou,+229 56 38 67 93,centre.marché.ets@centre.marché.ets.benin,,PME (10-50),B2B/B2C,Google Maps,3.5,Actif,2026-06-29T00:15:34.143955,moyenne
BJ-7C037CCB,Commerce Grossiste Market,Commerce & Distribution,Djougou,+229 29 84 13 89,,commercegrossistemarket.bj,PME (10-50),B2B/B2C,Google Maps,4.7,Actif,2026-06-29T00:15:34.143975,moyenne
BJ-36D98CDF,Détaillant Bénin,Commerce & Distribution,Ouèssè,+229 35 51 66 69,,,TPE (<10),B2C,Google Maps,3.6,Actif,2026-06-29T00:15:34.143995,basse
BJ-21C8308C,Marché Grossiste,Commerce & Distribution,Ouèssè,+229 54 77 57 70,,,PME (10-50),B2B/B2C,Google Maps,3.8,Actif,2026-06-29T00:15:34.144011,basse
BJ-89E440B3,Épicerie Ouèssè,Commerce & Distribution,Ouèssè,+229 40 73 36 44,épicerie.ouèssè@épicerie.ouèssè.com,,PME (10-50),B2C,Google Maps,3.6,Actif,2026-06-29T00:15:34.144027,moyenne
BJ-8FB917AE,Commerce,Commerce & Distribution,Ouèssè,+229 73 19 67 40,,,PME (50-200),B2C,Google Maps,4.4,Actif,2026-06-29T00:15:34.144040,basse
BJ-CA0EA0FA,Grossiste,Commerce & Distribution,Bassila,+229 26 73 86 68,grossiste@grossiste.org,,PME (10-50),B2C,Google Maps,4.9,Actif,2026-06-29T00:15:34.144072,moyenne
BJ-5E0A347B,Ets Alimentaire SARL,Commerce & Distribution,Bassila,+229 99 50 84 42,,,PME (10-50),B2B/B2C,Google Maps,3.6,Actif,2026-06-29T00:15:34.144085,basse
BJ-FFE9EF66,Commerce Boutique Store,Commerce & Distribution,Bassila,+229 38 47 81 59,commerce.boutique.store@commerce.boutique.store.benin,,TPE (<10),B2B/B2C,Google Maps,4.6,Actif,2026-06-29T00:15:34.144098,moyenne
BJ-868C04C6,Distribution Market,Commerce & Distribution,Bassila,+229 39 29 38 83,distribution.market@distribution.market.org,distributionmarket.bj,PME (50-200),B2B/B2C,Google Maps,4.6,Actif,2026-06-29T00:15:34.144112,haute
BJ-9E1FCD65,Ets Supermarché Ets,Commerce & Distribution,Bassila,+229 62 12 26 47,,,TPE (<10),B2C,Google Maps,4.6,Actif,2026-06-29T00:15:34.144125,basse
BJ-E9F45F6E,Marché Distribution Store,Commerce & Distribution,Pehunco,+229 33 97 70 88,marché.distribution.store@marché.distribution.store.org,,PME (50-200),B2B/B2C,Google Maps,4.7,Actif,2026-06-29T00:15:34.144145,moyenne
BJ-E456D67E,Commerce Market,Commerce & Distribution,Pehunco,+229 98 58 56 41,commerce.market@commerce.market.org,,TPE (<10),B2B/B2C,Google Maps,3.2,Actif,2026-06-29T00:15:34.144162,moyenne
BJ-6BC67231,Centre Distribution SARL,Commerce & Distribution,Pehunco,+229 51 15 62 19,centre.distribution.sarl@centre.distribution.sarl.org,,PME (10-50),B2B/B2C,Google Maps,3.7,Actif,2026-06-29T00:15:34.144176,moyenne
BJ-DF5BD050,Commerce Magasin,Commerce & Distribution,Pehunco,+229 71 25 59 23,,,PME (10-50),B2C,Google Maps,3.6,Actif,2026-06-29T00:15:34.144188,basse
BJ-7CC7FFD8,Groupe Provision Shop,Commerce & Distribution,Pehunco,+229 48 43 27 34,,,PME (10-50),B2C,Google Maps,4.6,Actif,2026-06-29T00:15:34.144200,basse
BJ-7FEA45F3,Provision Market Copargo,Commerce & Distribution,Copargo,+229 64 74 71 84,,,PME (10-50),B2C,Google Maps,3.5,Actif,2026-06-29T00:15:34.144218,basse
BJ-D94BF2F6,SARL Marché,Commerce & Distribution,Copargo,+229 79 36 14 92,,sarlmarché.bj,PME (10-50),B2C,Google Maps,4.9,Actif,2026-06-29T00:15:34.144231,moyenne
BJ-CF60F53C,SARL Grossiste,Commerce & Distribution,Copargo,+229 80 58 54 48,sarl.grossiste@sarl.grossiste.benin,,PME (10-50),B2C,Google Maps,3.2,Actif,2026-06-29T00:15:34.144248,moyenne
BJ-F68806ED,Ets Supermarché Ets,Commerce & Distribution,Copargo,+229 99 19 96 67,,etssupermarchéets.bj,TPE (<10),B2B/B2C,Google Maps,3.8,Actif,2026-06-29T00:15:34.144261,moyenne
BJ-245BCC3E,Boutique,Commerce & Distribution,Copargo,+229 76 32 98 34,,,PME (50-200),B2B/B2C,Google Maps,4.9,Actif,2026-06-29T00:15:34.144273,basse
BJ-6A29689D,Royal,Restauration & Hôtellerie,Cotonou,+229 56 81 21 10,,royal.bj,Grande (>200),B2C,Google Maps,3.1,Actif,2026-06-29T00:15:34.144293,moyenne
BJ-ABDD7B11,Café Goût Bénin,Restauration & Hôtellerie,Cotonou,+229 82 57 77 33,,cafégoûtbénin.bj,TPE (<10),B2C,Google Maps,3.0,Actif,2026-06-29T00:15:34.144310,moyenne
BJ-6EB72068,Hôtel Mer Brasserie,Restauration & Hôtellerie,Cotonou,+229 95 21 78 59,hôtel.mer.brasserie@hôtel.mer.brasserie.benin,hôtelmerbrasserie.bj,TPE (<10),B2C,Google Maps,3.6,Actif,2026-06-29T00:15:34.144326,haute
BJ-95861EB1,Gourmet Inn,Restauration & Hôtellerie,Cotonou,+229 78 63 44 48,,gourmetinn.bj,PME (10-50),B2C,Google Maps,4.0,Actif,2026-06-29T00:15:34.144343,moyenne
BJ-94EE096D,Table Palace,Restauration & Hôtellerie,Cotonou,+229 89 86 87 92,,tablepalace.bj,Grande (>200),B2C,Google Maps,3.1,Actif,2026-06-29T00:15:34.144356,moyenne
BJ-57DC58EC,Goût,Restauration & Hôtellerie,Abomey-Calavi,+229 57 24 25 79,,,PME (10-50),B2C,Google Maps,3.1,Actif,2026-06-29T00:15:34.144375,basse
BJ-722424AB,Café Mer,Restauration & Hôtellerie,Abomey-Calavi,+229 94 53 25 83,café.mer@café.mer.org,cafémer.bj,PME (10-50),B2C,Google Maps,3.8,Actif,2026-06-29T00:15:34.144389,haute
BJ-4FCFE04C,Café Ambiance Bénin,Restauration & Hôtellerie,Abomey-Calavi,+229 96 56 34 40,,caféambiancebénin.bj,PME (10-50),B2C,Google Maps,4.0,Actif,2026-06-29T00:15:34.144403,moyenne
BJ-49E0BA62,Restaurant Nouveau Restaurant,Restauration & Hôtellerie,Abomey-Calavi,+229 27 16 91 71,,,PME (50-200),B2C,Google Maps,3.7,Actif,2026-06-29T00:15:34.144416,basse
BJ-F69FC4A6,Mer,Restauration & Hôtellerie,Abomey-Calavi,+229 61 85 38 54,,mer.bj,TPE (<10),B2C,Google Maps,3.7,Actif,2026-06-29T00:15:34.144428,moyenne
BJ-37B44AEE,Restaurant Table,Restauration & Hôtellerie,Porto-Novo,+229 55 41 64 76,restaurant.table@restaurant.table.bj,,PME (10-50),B2C,Google Maps,4.8,Actif,2026-06-29T00:15:34.144447,moyenne
BJ-FC7FFB33,Gourmet Palace,Restauration & Hôtellerie,Porto-Novo,+229 54 54 26 53,,gourmetpalace.bj,Grande (>200),B2C,Google Maps,4.9,Actif,2026-06-29T00:15:34.144463,moyenne
BJ-4FEB25E0,Hôtel Table,Restauration & Hôtellerie,Porto-Novo,+229 64 22 69 32,,,PME (10-50),B2C,Google Maps,3.9,Actif,2026-06-29T00:15:34.144476,basse
BJ-4F4F527F,Hôtel Goût International Porto-Novo,Restauration & Hôtellerie,Porto-Novo,+229 85 43 69 42,,hôtelgoûtinternationalportonovo.bj,PME (10-50),B2C,Google Maps,4.2,Actif,2026-06-29T00:15:34.144495,moyenne
BJ-59A74473,Jardin Café,Restauration & Hôtellerie,Porto-Novo,+229 38 23 66 61,,,TPE (<10),B2C,Google Maps,3.0,Actif,2026-06-29T00:15:34.144507,basse
BJ-F2A29374,Pension Table Café,Restauration & Hôtellerie,Parakou,+229 29 33 41 17,,pensiontablecafé.bj,TPE (<10),B2C,Google Maps,4.5,Actif,2026-06-29T00:15:34.144527,moyenne
BJ-7FB2FDD0,Brasserie Détente Inn Parakou,Restauration & Hôtellerie,Parakou,+229 60 87 89 22,brasserie.détente.inn.parakou@brasserie.détente.inn.parakou.com,,PME (50-200),B2C,Google Maps,3.9,Actif,2026-06-29T00:15:34.144541,moyenne
BJ-7B578000,Gourmet Brasserie,Restauration & Hôtellerie,Parakou,+229 23 91 75 44,,gourmetbrasserie.bj,PME (10-50),B2C,Google Maps,3.3,Actif,2026-06-29T00:15:34.144554,moyenne
BJ-C363DEF0,Café Saveur,Restauration & Hôtellerie,Parakou,+229 59 52 11 67,café.saveur@café.saveur.com,cafésaveur.bj,PME (50-200),B2C,Google Maps,5.0,Actif,2026-06-29T00:15:34.144568,haute
BJ-C62C4BE6,Table Café Parakou,Restauration & Hôtellerie,Parakou,+229 94 38 56 11,,tablecaféparakou.bj,TPE (<10),B2C,Google Maps,4.1,Actif,2026-06-29T00:15:34.144581,moyenne
BJ-B9718785,Pension Mer Restaurant,Restauration & Hôtellerie,Bohicon,+229 68 84 45 38,pension.mer.restaurant@pension.mer.restaurant.net,,PME (10-50),B2C,Google Maps,3.2,Actif,2026-06-29T00:15:34.144599,moyenne
BJ-40B6A404,Plage,Restauration & Hôtellerie,Bohicon,+229 27 35 98 85,plage@plage.net,,PME (10-50),B2C,Google Maps,4.4,Actif,2026-06-29T00:15:34.144617,moyenne
BJ-84671DDE,Jardin Palace,Restauration & Hôtellerie,Bohicon,+229 95 32 77 35,,jardinpalace.bj,PME (50-200),B2C,Google Maps,4.2,Actif,2026-06-29T00:15:34.144630,moyenne
BJ-F182EFC0,Bar Table Café Bohicon,Restauration & Hôtellerie,Bohicon,+229 32 74 30 53,bar.table.café.bohicon@bar.table.café.bohicon.net,bartablecafébohicon.bj,TPE (<10),B2C,Google Maps,3.1,Actif,2026-06-29T00:15:34.144646,haute
BJ-F97131C1,Village,Restauration & Hôtellerie,Natitingou,+229 55 29 43 79,village@village.benin,village.bj,TPE (<10),B2C,Google Maps,3.9,Actif,2026-06-29T00:15:34.144679,haute
BJ-5320E220,Bar Table Inn Natitingou,Restauration & Hôtellerie,Natitingou,+229 68 62 58 44,bar.table.inn.natitingou@bar.table.inn.natitingou.org,,PME (50-200),B2C,Google Maps,4.5,Actif,2026-06-29T00:15:34.144692,moyenne
BJ-2290EEB6,Pension Lac,Restauration & Hôtellerie,Natitingou,+229 89 36 97 84,pension.lac@pension.lac.benin,pensionlac.bj,TPE (<10),B2C,Google Maps,3.0,Actif,2026-06-29T00:15:34.144706,haute
BJ-23A35AC7,Goût,Restauration & Hôtellerie,Natitingou,+229 45 51 64 84,goût@goût.com,,TPE (<10),B2C,Google Maps,4.3,Actif,2026-06-29T00:15:34.144720,moyenne
BJ-533DFD8A,Pension Détente,Restauration & Hôtellerie,Lokossa,+229 54 77 16 70,,pensiondétente.bj,TPE (<10),B2C,Google Maps,4.1,Actif,2026-06-29T00:15:34.144760,moyenne
BJ-1500096F,Bar Table Bénin,Restauration & Hôtellerie,Lokossa,+229 58 26 69 82,,,PME (50-200),B2C,Google Maps,3.8,Actif,2026-06-29T00:15:34.144776,basse
BJ-34F0AD96,Café Gourmet International,Restauration & Hôtellerie,Lokossa,+229 83 48 97 28,café.gourmet.international@café.gourmet.international.com,cafégourmetinternational.bj,TPE (<10),B2C,Google Maps,4.6,Actif,2026-06-29T00:15:34.144791,haute
BJ-194EE114,Village,Restauration & Hôtellerie,Lokossa,+229 20 92 42 53,village@village.net,village.bj,PME (10-50),B2C,Google Maps,3.9,Actif,2026-06-29T00:15:34.144804,haute
BJ-C64C2258,Brasserie Palace Restaurant,Restauration & Hôtellerie,Lokossa,+229 55 93 29 75,brasserie.palace.restaurant@brasserie.palace.restaurant.net,brasseriepalacerestaurant.bj,TPE (<10),B2C,Google Maps,4.5,Actif,2026-06-29T00:15:34.144818,haute
BJ-D5D0FB5C,Auberge Lac Hotel,Restauration & Hôtellerie,Ouidah,+229 62 94 41 72,auberge.lac.hotel@auberge.lac.hotel.com,,PME (50-200),B2C,Google Maps,5.0,Actif,2026-06-29T00:15:34.144837,moyenne
BJ-D8DECC7B,Détente,Restauration & Hôtellerie,Ouidah,+229 81 16 23 85,,détente.bj,TPE (<10),B2C,Google Maps,4.3,Actif,2026-06-29T00:15:34.144850,moyenne
BJ-18DD205F,Brasserie Goût,Restauration & Hôtellerie,Ouidah,+229 63 49 34 87,,,PME (10-50),B2C,Google Maps,3.6,Actif,2026-06-29T00:15:34.144862,basse
BJ-9A62C8B0,Café Jardin,Restauration & Hôtellerie,Ouidah,+229 28 93 91 19,,caféjardin.bj,TPE (<10),B2C,Google Maps,5.0,Actif,2026-06-29T00:15:34.144875,moyenne
BJ-3EA4C026,Bar Lac,Restauration & Hôtellerie,Ouidah,+229 46 82 12 29,,barlac.bj,PME (50-200),B2C,Google Maps,4.6,Actif,2026-06-29T00:15:34.144887,moyenne
BJ-B206F110,Auberge Jardin,Restauration & Hôtellerie,Savalou,+229 36 47 43 60,auberge.jardin@auberge.jardin.net,aubergejardin.bj,PME (50-200),B2C,Google Maps,4.7,Actif,2026-06-29T00:15:34.144923,haute
BJ-F4A0ADD6,Bar Royal,Restauration & Hôtellerie,Savalou,+229 29 80 89 45,,,PME (50-200),B2C,Google Maps,3.0,Actif,2026-06-29T00:15:34.144939,basse
BJ-FC12F05F,Bar Jardin Hotel Savalou,Restauration & Hôtellerie,Savalou,+229 71 92 41 27,,barjardinhotelsavalou.bj,PME (50-200),B2C,Google Maps,4.6,Actif,2026-06-29T00:15:34.144953,moyenne
BJ-3AAA177B,Bar Saveur,Restauration & Hôtellerie,Savalou,+229 43 64 71 71,,barsaveur.bj,TPE (<10),B2C,Google Maps,4.5,Actif,2026-06-29T00:15:34.144965,moyenne
BJ-51A738C3,Auberge Goût Café,Restauration & Hôtellerie,Savalou,+229 66 24 45 33,,aubergegoûtcafé.bj,PME (10-50),B2C,Google Maps,4.9,Actif,2026-06-29T00:15:34.144979,moyenne
BJ-F15D2DE6,Hôtel Royal Café,Restauration & Hôtellerie,Dassa-Zoumè,+229 62 20 57 17,,,Grande (>200),B2C,Google Maps,3.1,Actif,2026-06-29T00:15:34.144997,basse
BJ-EDA6CFCD,Brasserie Plage Hotel,Restauration & Hôtellerie,Dassa-Zoumè,+229 92 33 95 83,,brasserieplagehotel.bj,PME (10-50),B2C,Google Maps,4.3,Actif,2026-06-29T00:15:34.145014,moyenne
BJ-309C6376,Jardin Dassa-Zoumè,Restauration & Hôtellerie,Dassa-Zoumè,+229 46 56 25 23,jardin.dassazoumè@jardin.dassazoumè.bj,,PME (50-200),B2C,Google Maps,4.9,Actif,2026-06-29T00:15:34.145029,moyenne
BJ-D210019A,Mer Brasserie,Restauration & Hôtellerie,Dassa-Zoumè,+229 51 95 99 17,,merbrasserie.bj,PME (50-200),B2C,Google Maps,4.7,Actif,2026-06-29T00:15:34.145053,moyenne
BJ-5EC0A083,Auberge Ambiance Kétou,Restauration & Hôtellerie,Kétou,+229 90 57 12 83,,aubergeambiancekétou.bj,PME (10-50),B2C,Google Maps,3.5,Actif,2026-06-29T00:15:34.145072,moyenne
BJ-89DC5D2F,Restaurant Royal,Restauration & Hôtellerie,Kétou,+229 83 94 80 20,restaurant.royal@restaurant.royal.benin,,TPE (<10),B2C,Google Maps,4.1,Actif,2026-06-29T00:15:34.145089,moyenne
BJ-A6544614,Pension Jardin Inn,Restauration & Hôtellerie,Kétou,+229 57 62 65 54,pension.jardin.inn@pension.jardin.inn.net,pensionjardininn.bj,PME (50-200),B2C,Google Maps,4.4,Actif,2026-06-29T00:15:34.145104,haute
BJ-A41A97B2,Nouveau Kétou,Restauration & Hôtellerie,Kétou,+229 53 63 28 11,,nouveaukétou.bj,TPE (<10),B2C,Google Maps,3.8,Actif,2026-06-29T00:15:34.145118,moyenne
BJ-B8DBFCE3,Auberge Jardin Hotel,Restauration & Hôtellerie,Covè,+229 66 71 97 91,,aubergejardinhotel.bj,PME (10-50),B2C,Google Maps,3.7,Actif,2026-06-29T00:15:34.145155,moyenne
BJ-047E47EC,Lac Brasserie Covè,Restauration & Hôtellerie,Covè,+229 45 18 11 32,,lacbrasseriecovè.bj,Grande (>200),B2C,Google Maps,3.9,Actif,2026-06-29T00:15:34.145169,moyenne
BJ-A39D61BC,Jardin International,Restauration & Hôtellerie,Covè,+229 50 18 36 63,jardin.international@jardin.international.net,,PME (50-200),B2C,Google Maps,4.2,Actif,2026-06-29T00:15:34.145182,moyenne
BJ-A5B73791,Pension Goût International,Restauration & Hôtellerie,Covè,+229 81 44 80 24,,pensiongoûtinternational.bj,PME (10-50),B2C,Google Maps,4.5,Actif,2026-06-29T00:15:34.145199,moyenne
BJ-AF4917C0,Détente,Restauration & Hôtellerie,Pobè,+229 98 77 29 20,détente@détente.org,,PME (50-200),B2C,Google Maps,3.1,Actif,2026-06-29T00:15:34.145233,moyenne
BJ-4A964B78,Pension Table,Restauration & Hôtellerie,Pobè,+229 21 30 54 69,,pensiontable.bj,TPE (<10),B2C,Google Maps,3.7,Actif,2026-06-29T00:15:34.145252,moyenne
BJ-C50A8604,Grand Inn,Restauration & Hôtellerie,Pobè,+229 71 98 55 19,grand.inn@grand.inn.com,,PME (10-50),B2C,Google Maps,3.9,Actif,2026-06-29T00:15:34.145266,moyenne
BJ-64214B8D,Plage Palace,Restauration & Hôtellerie,Pobè,+229 82 67 87 58,,,TPE (<10),B2C,Google Maps,3.8,Actif,2026-06-29T00:15:34.145277,basse
BJ-DED2BE89,Auberge Gourmet,Restauration & Hôtellerie,Pobè,+229 26 40 33 80,,aubergegourmet.bj,PME (10-50),B2C,Google Maps,3.0,Actif,2026-06-29T00:15:34.145290,moyenne
BJ-F63B7AD1,Auberge Palace,Restauration & Hôtellerie,Sakété,+229 75 56 35 36,auberge.palace@auberge.palace.org,,TPE (<10),B2C,Google Maps,4.2,Actif,2026-06-29T00:15:34.145321,moyenne
BJ-1D87C104,Nouveau,Restauration & Hôtellerie,Sakété,+229 84 62 18 83,nouveau@nouveau.bj,,PME (50-200),B2C,Google Maps,4.6,Actif,2026-06-29T00:15:34.145334,moyenne
BJ-8EEADE05,Restaurant Goût,Restauration & Hôtellerie,Sakété,+229 60 22 99 15,restaurant.goût@restaurant.goût.bj,restaurantgoût.bj,PME (10-50),B2C,Google Maps,3.9,Actif,2026-06-29T00:15:34.145348,haute
BJ-6858B315,Plage,Restauration & Hôtellerie,Sakété,+229 50 33 90 20,,,TPE (<10),B2C,Google Maps,3.8,Actif,2026-06-29T00:15:34.145360,basse
BJ-8EBE0AAE,Lac Palace,Restauration & Hôtellerie,Adjara,+229 87 64 11 86,lac.palace@lac.palace.benin,lacpalace.bj,PME (50-200),B2C,Google Maps,4.3,Actif,2026-06-29T00:15:34.145378,haute
BJ-AA53CB2F,Gourmet Bénin Adjara,Restauration & Hôtellerie,Adjara,+229 34 79 63 38,,gourmetbéninadjara.bj,TPE (<10),B2C,Google Maps,3.2,Actif,2026-06-29T00:15:34.145410,moyenne
BJ-616F2A05,Auberge Nouveau,Restauration & Hôtellerie,Adjara,+229 82 56 85 47,auberge.nouveau@auberge.nouveau.org,aubergenouveau.bj,PME (10-50),B2C,Google Maps,4.1,Actif,2026-06-29T00:15:34.145423,haute
BJ-0DFE5A3F,Jardin Brasserie,Restauration & Hôtellerie,Adjara,+229 91 35 78 38,,jardinbrasserie.bj,TPE (<10),B2C,Google Maps,3.8,Actif,2026-06-29T00:15:34.145436,moyenne
BJ-6DB052F9,Restaurant Lac Restaurant,Restauration & Hôtellerie,Allada,+229 33 60 10 46,restaurant.lac.restaurant@restaurant.lac.restaurant.net,,TPE (<10),B2C,Google Maps,4.6,Actif,2026-06-29T00:15:34.145455,moyenne
BJ-3C34C69E,Hôtel Ambiance,Restauration & Hôtellerie,Allada,+229 50 64 34 26,,,PME (50-200),B2C,Google Maps,3.6,Actif,2026-06-29T00:15:34.145470,basse
BJ-8EB910E9,Café Royal,Restauration & Hôtellerie,Allada,+229 85 82 11 89,,caféroyal.bj,PME (10-50),B2C,Google Maps,4.7,Actif,2026-06-29T00:15:34.145485,moyenne
BJ-62B866DA,Bar Nouveau Allada,Restauration & Hôtellerie,Allada,+229 20 73 41 50,bar.nouveau.allada@bar.nouveau.allada.com,barnouveauallada.bj,PME (10-50),B2C,Google Maps,4.0,Actif,2026-06-29T00:15:34.145499,haute
BJ-5EACEE0E,Mer Café Allada,Restauration & Hôtellerie,Allada,+229 38 99 13 83,mer.café.allada@mer.café.allada.benin,,TPE (<10),B2C,Google Maps,3.3,Actif,2026-06-29T00:15:34.145512,moyenne
BJ-1F19F363,Bar Nouveau,Restauration & Hôtellerie,Aplahoué,+229 60 69 44 50,,,Grande (>200),B2C,Google Maps,4.3,Actif,2026-06-29T00:15:34.145530,basse
BJ-05C6E293,Jardin Hotel,Restauration & Hôtellerie,Aplahoué,+229 26 82 74 21,,,Grande (>200),B2C,Google Maps,3.5,Actif,2026-06-29T00:15:34.145545,basse
BJ-FC7635B0,Bar Lac,Restauration & Hôtellerie,Aplahoué,+229 89 58 24 45,,barlac.bj,PME (10-50),B2C,Google Maps,4.4,Actif,2026-06-29T00:15:34.145571,moyenne
BJ-430D9776,Lac Brasserie Aplahoué,Restauration & Hôtellerie,Aplahoué,+229 41 21 10 28,,lacbrasserieaplahoué.bj,TPE (<10),B2C,Google Maps,4.4,Actif,2026-06-29T00:15:34.145588,moyenne
BJ-C4880783,Détente Inn,Restauration & Hôtellerie,Dogbo-Tota,+229 23 79 48 96,détente.inn@détente.inn.benin,détenteinn.bj,TPE (<10),B2C,Google Maps,4.9,Actif,2026-06-29T00:15:34.145608,haute
BJ-D4F64027,Auberge Goût,Restauration & Hôtellerie,Dogbo-Tota,+229 91 12 52 89,,aubergegoût.bj,TPE (<10),B2C,Google Maps,4.9,Actif,2026-06-29T00:15:34.145622,moyenne
BJ-78957717,Gourmet Bénin,Restauration & Hôtellerie,Dogbo-Tota,+229 41 81 87 77,gourmet.bénin@gourmet.bénin.bj,gourmetbénin.bj,PME (10-50),B2C,Google Maps,4.4,Actif,2026-06-29T00:15:34.145636,haute
BJ-9C475B68,Pension Détente Brasserie,Restauration & Hôtellerie,Dogbo-Tota,+229 98 25 16 54,,pensiondétentebrasserie.bj,TPE (<10),B2C,Google Maps,4.8,Actif,2026-06-29T00:15:34.145649,moyenne
BJ-41C4317B,Pension Plage,Restauration & Hôtellerie,Dogbo-Tota,+229 61 81 55 81,pension.plage@pension.plage.net,pensionplage.bj,PME (10-50),B2C,Google Maps,3.7,Actif,2026-06-29T00:15:34.145663,haute
BJ-7125228B,Lac International,Restauration & Hôtellerie,Kpomassè,+229 63 53 74 16,,lacinternational.bj,TPE (<10),B2C,Google Maps,4.7,Actif,2026-06-29T00:15:34.145682,moyenne
BJ-DA72955A,Pension Lac,Restauration & Hôtellerie,Kpomassè,+229 76 33 89 35,pension.lac@pension.lac.org,,PME (10-50),B2C,Google Maps,4.6,Actif,2026-06-29T00:15:34.145698,moyenne
BJ-CEBE4D4D,Nouveau Kpomassè,Restauration & Hôtellerie,Kpomassè,+229 96 81 27 56,,,TPE (<10),B2C,Google Maps,5.0,Actif,2026-06-29T00:15:34.145716,basse
BJ-F7913AC7,Restaurant Palace,Restauration & Hôtellerie,Kpomassè,+229 40 87 38 41,restaurant.palace@restaurant.palace.benin,restaurantpalace.bj,TPE (<10),B2C,Google Maps,4.3,Actif,2026-06-29T00:15:34.145730,haute
BJ-4FFF4844,Royal International,Restauration & Hôtellerie,Kpomassè,+229 25 81 60 78,,,PME (10-50),B2C,Google Maps,4.1,Actif,2026-06-29T00:15:34.145741,basse
BJ-4303C160,Détente Brasserie,Restauration & Hôtellerie,Tori-Bossito,+229 83 46 38 97,détente.brasserie@détente.brasserie.bj,détentebrasserie.bj,TPE (<10),B2C,Google Maps,4.4,Actif,2026-06-29T00:15:34.145761,haute
BJ-F87A1D2E,Hôtel Détente International,Restauration & Hôtellerie,Tori-Bossito,+229 76 90 37 64,hôtel.détente.international@hôtel.détente.international.benin,hôteldétenteinternational.bj,TPE (<10),B2C,Google Maps,4.4,Actif,2026-06-29T00:15:34.145776,haute
BJ-80EEA7F3,Table Palace Tori-Bossito,Restauration & Hôtellerie,Tori-Bossito,+229 95 31 27 96,table.palace.toribossito@table.palace.toribossito.com,,PME (10-50),B2C,Google Maps,4.1,Actif,2026-06-29T00:15:34.145790,moyenne
BJ-0C68865D,Hôtel Table,Restauration & Hôtellerie,Tori-Bossito,+229 34 56 18 36,,hôteltable.bj,Grande (>200),B2C,Google Maps,3.4,Actif,2026-06-29T00:15:34.145803,moyenne
BJ-EBFD7D16,Jardin Café,Restauration & Hôtellerie,Tori-Bossito,+229 46 11 83 63,,jardincafé.bj,TPE (<10),B2C,Google Maps,4.2,Actif,2026-06-29T00:15:34.145816,moyenne
BJ-23845C58,Restaurant Ambiance Café Grand-Popo,Restauration & Hôtellerie,Grand-Popo,+229 96 77 89 95,restaurant.ambiance.café.grandpopo@restaurant.ambiance.café.grandpopo.benin,restaurantambiancecafégrandpopo.bj,PME (50-200),B2C,Google Maps,3.2,Actif,2026-06-29T00:15:34.145837,haute
BJ-EDE09384,Royal,Restauration & Hôtellerie,Grand-Popo,+229 44 94 59 77,royal@royal.benin,,TPE (<10),B2C,Google Maps,3.5,Actif,2026-06-29T00:15:34.145858,moyenne
BJ-404CAB62,Auberge Village Grand-Popo,Restauration & Hôtellerie,Grand-Popo,+229 28 63 40 31,,,TPE (<10),B2C,Google Maps,3.6,Actif,2026-06-29T00:15:34.145871,basse
BJ-AB9EFE4B,Gourmet,Restauration & Hôtellerie,Grand-Popo,+229 34 60 49 75,gourmet@gourmet.bj,,TPE (<10),B2C,Google Maps,4.7,Actif,2026-06-29T00:15:34.145884,moyenne
BJ-C7659B15,Goût International,Restauration & Hôtellerie,Grand-Popo,+229 72 58 96 38,,,TPE (<10),B2C,Google Maps,4.7,Actif,2026-06-29T00:15:34.145906,basse
BJ-98BCC1C7,Saveur International Athiémé,Restauration & Hôtellerie,Athiémé,+229 39 24 77 31,,saveurinternationalathiémé.bj,TPE (<10),B2C,Google Maps,3.6,Actif,2026-06-29T00:15:34.145927,moyenne
BJ-D02BCCC8,Nouveau Brasserie,Restauration & Hôtellerie,Athiémé,+229 84 95 55 87,nouveau.brasserie@nouveau.brasserie.benin,,TPE (<10),B2C,Google Maps,3.7,Actif,2026-06-29T00:15:34.145940,moyenne
BJ-36D27A98,Café Grand Athiémé,Restauration & Hôtellerie,Athiémé,+229 59 65 68 61,,,PME (10-50),B2C,Google Maps,4.0,Actif,2026-06-29T00:15:34.145952,basse
BJ-BF2C360F,Bar Palace Palace,Restauration & Hôtellerie,Athiémé,+229 80 95 84 61,bar.palace.palace@bar.palace.palace.net,barpalacepalace.bj,PME (50-200),B2C,Google Maps,4.7,Actif,2026-06-29T00:15:34.145965,haute
BJ-91DA5B4F,Lac Athiémé,Restauration & Hôtellerie,Athiémé,+229 30 49 66 75,,,TPE (<10),B2C,Google Maps,3.2,Actif,2026-06-29T00:15:34.145987,basse
BJ-5A48F2D0,Hôtel Ambiance Bopa,Restauration & Hôtellerie,Bopa,+229 69 97 45 14,,hôtelambiancebopa.bj,TPE (<10),B2C,Google Maps,4.6,Actif,2026-06-29T00:15:34.146006,moyenne
BJ-CD1D082D,Détente Inn,Restauration & Hôtellerie,Bopa,+229 76 64 54 35,détente.inn@détente.inn.org,détenteinn.bj,PME (50-200),B2C,Google Maps,3.7,Actif,2026-06-29T00:15:34.146024,haute
BJ-D7C6F87B,Saveur,Restauration & Hôtellerie,Bopa,+229 72 16 59 15,saveur@saveur.bj,saveur.bj,PME (50-200),B2C,Google Maps,3.7,Actif,2026-06-29T00:15:34.146038,haute
BJ-5C79E5FB,Lac,Restauration & Hôtellerie,Bopa,+229 32 61 78 72,lac@lac.org,lac.bj,Grande (>200),B2C,Google Maps,3.5,Actif,2026-06-29T00:15:34.146052,haute
BJ-415A1E74,Pension Plage Hotel Bopa,Restauration & Hôtellerie,Bopa,+229 42 12 93 12,,,PME (50-200),B2C,Google Maps,3.2,Actif,2026-06-29T00:15:34.146064,basse
BJ-B994F39F,Nouveau Houéyogbé,Restauration & Hôtellerie,Houéyogbé,+229 93 75 82 47,,,TPE (<10),B2C,Google Maps,4.5,Actif,2026-06-29T00:15:34.146082,basse
BJ-E3A7B838,Table,Restauration & Hôtellerie,Houéyogbé,+229 91 35 24 21,table@table.org,table.bj,PME (10-50),B2C,Google Maps,4.6,Actif,2026-06-29T00:15:34.146096,haute
BJ-CBEA6F2D,Goût Hotel,Restauration & Hôtellerie,Houéyogbé,+229 65 39 68 99,goût.hotel@goût.hotel.bj,,PME (10-50),B2C,Google Maps,3.3,Actif,2026-06-29T00:15:34.146109,moyenne
BJ-A2588A9A,Restaurant Village,Restauration & Hôtellerie,Houéyogbé,+229 66 11 99 52,,restaurantvillage.bj,PME (50-200),B2C,Google Maps,4.3,Actif,2026-06-29T00:15:34.146139,moyenne
BJ-EF3F5956,Pension Village,Restauration & Hôtellerie,Malanville,+229 20 38 49 14,pension.village@pension.village.org,pensionvillage.bj,PME (10-50),B2C,Google Maps,3.8,Actif,2026-06-29T00:15:34.146209,haute
BJ-7D9E23CC,Restaurant Palace Brasserie,Restauration & Hôtellerie,Malanville,+229 78 89 27 29,,restaurantpalacebrasserie.bj,PME (10-50),B2C,Google Maps,3.2,Actif,2026-06-29T00:15:34.146241,moyenne
BJ-4CD97A8F,Palace Brasserie Malanville,Restauration & Hôtellerie,Malanville,+229 52 24 71 65,palace.brasserie.malanville@palace.brasserie.malanville.net,palacebrasseriemalanville.bj,TPE (<10),B2C,Google Maps,4.6,Actif,2026-06-29T00:15:34.146271,haute
BJ-00D6992B,Pension Palace,Restauration & Hôtellerie,Malanville,+229 85 32 48 23,,,PME (50-200),B2C,Google Maps,4.7,Actif,2026-06-29T00:15:34.146299,basse
BJ-E69AF0C2,Hôtel Palace Café,Restauration & Hôtellerie,Malanville,+229 73 45 70 67,hôtel.palace.café@hôtel.palace.café.org,,TPE (<10),B2C,Google Maps,3.9,Actif,2026-06-29T00:15:34.146328,moyenne
BJ-2BA9F167,Royal,Restauration & Hôtellerie,Kandi,+229 42 50 74 41,royal@royal.org,royal.bj,PME (10-50),B2C,Google Maps,4.8,Actif,2026-06-29T00:15:34.146372,haute
BJ-112065EE,Plage Café,Restauration & Hôtellerie,Kandi,+229 21 83 20 14,,,PME (10-50),B2C,Google Maps,3.7,Actif,2026-06-29T00:15:34.146403,basse
BJ-757A0EF3,Mer Brasserie,Restauration & Hôtellerie,Kandi,+229 29 92 58 79,mer.brasserie@mer.brasserie.org,merbrasserie.bj,TPE (<10),B2C,Google Maps,3.9,Actif,2026-06-29T00:15:34.146435,haute
BJ-4DC00FD7,Auberge Détente,Restauration & Hôtellerie,Kandi,+229 97 59 41 80,,aubergedétente.bj,Grande (>200),B2C,Google Maps,3.4,Actif,2026-06-29T00:15:34.146463,moyenne
BJ-3979818F,Palace,Restauration & Hôtellerie,Kandi,+229 69 26 21 44,,,Grande (>200),B2C,Google Maps,4.5,Actif,2026-06-29T00:15:34.146491,basse
BJ-57E3A590,Café Palace Restaurant,Restauration & Hôtellerie,Banikoara,+229 66 48 35 74,café.palace.restaurant@café.palace.restaurant.org,cafépalacerestaurant.bj,Grande (>200),B2C,Google Maps,4.5,Actif,2026-06-29T00:15:34.146536,haute
BJ-818CD645,Auberge Mer Banikoara,Restauration & Hôtellerie,Banikoara,+229 80 40 22 61,,aubergemerbanikoara.bj,TPE (<10),B2C,Google Maps,4.3,Actif,2026-06-29T00:15:34.146583,moyenne
BJ-B541AF0B,Brasserie Grand,Restauration & Hôtellerie,Banikoara,+229 68 94 49 55,brasserie.grand@brasserie.grand.net,brasseriegrand.bj,PME (10-50),B2C,Google Maps,4.7,Actif,2026-06-29T00:15:34.146624,haute
BJ-34924AC3,Jardin Café,Restauration & Hôtellerie,Banikoara,+229 40 20 10 14,,,Grande (>200),B2C,Google Maps,3.5,Actif,2026-06-29T00:15:34.146658,basse
BJ-2B823135,Jardin,Restauration & Hôtellerie,Banikoara,+229 28 57 59 27,,jardin.bj,PME (10-50),B2C,Google Maps,3.1,Actif,2026-06-29T00:15:34.146677,moyenne
BJ-F8246734,Royal Brasserie Ségbana,Restauration & Hôtellerie,Ségbana,+229 41 23 95 38,,royalbrasserieségbana.bj,PME (50-200),B2C,Google Maps,4.4,Actif,2026-06-29T00:15:34.146700,moyenne
BJ-9250BE5B,Hôtel Saveur Palace,Restauration & Hôtellerie,Ségbana,+229 82 47 96 18,,,PME (10-50),B2C,Google Maps,4.8,Actif,2026-06-29T00:15:34.146714,basse
BJ-D0C9EE52,Lac Ségbana,Restauration & Hôtellerie,Ségbana,+229 75 87 23 22,,lacségbana.bj,TPE (<10),B2C,Google Maps,3.6,Actif,2026-06-29T00:15:34.146727,moyenne
BJ-62D47174,Pension Table Hotel,Restauration & Hôtellerie,Ségbana,+229 40 12 47 62,,,PME (10-50),B2C,Google Maps,4.6,Actif,2026-06-29T00:15:34.146740,basse
BJ-891EF4BF,Brasserie Goût,Restauration & Hôtellerie,Ségbana,+229 96 31 29 75,,brasseriegoût.bj,PME (50-200),B2C,Google Maps,4.8,Actif,2026-06-29T00:15:34.146754,moyenne
BJ-366CF9CB,Plage Palace Karimama,Restauration & Hôtellerie,Karimama,+229 68 40 91 99,,plagepalacekarimama.bj,PME (10-50),B2C,Google Maps,4.5,Actif,2026-06-29T00:15:34.146779,moyenne
BJ-346AFD6A,Restaurant Royal Bénin,Restauration & Hôtellerie,Karimama,+229 62 20 33 70,,restaurantroyalbénin.bj,TPE (<10),B2C,Google Maps,3.4,Actif,2026-06-29T00:15:34.146798,moyenne
BJ-A818CF71,Bar Détente,Restauration & Hôtellerie,Karimama,+229 74 27 41 21,bar.détente@bar.détente.net,bardétente.bj,TPE (<10),B2C,Google Maps,4.9,Actif,2026-06-29T00:15:34.146814,haute
BJ-FD127E4E,Mer Café,Restauration & Hôtellerie,Karimama,+229 50 34 47 33,mer.café@mer.café.benin,,TPE (<10),B2C,Google Maps,4.1,Actif,2026-06-29T00:15:34.146831,moyenne
BJ-1A152C32,Restaurant Table Palace,Restauration & Hôtellerie,Gogounou,+229 72 93 12 27,,,TPE (<10),B2C,Google Maps,4.0,Actif,2026-06-29T00:15:34.146862,basse
BJ-98EAE18F,Grand Brasserie,Restauration & Hôtellerie,Gogounou,+229 20 45 42 80,grand.brasserie@grand.brasserie.com,grandbrasserie.bj,TPE (<10),B2C,Google Maps,4.0,Actif,2026-06-29T00:15:34.146877,haute
BJ-8F56A6C6,Mer Café,Restauration & Hôtellerie,Gogounou,+229 53 10 81 91,mer.café@mer.café.bj,,TPE (<10),B2C,Google Maps,3.1,Actif,2026-06-29T00:15:34.146906,moyenne
BJ-0F29AE86,Pension Table Brasserie Gogounou,Restauration & Hôtellerie,Gogounou,+229 51 49 37 38,,pensiontablebrasseriegogounou.bj,PME (10-50),B2C,Google Maps,4.3,Actif,2026-06-29T00:15:34.146923,moyenne
BJ-53A9CD19,Nouveau Gogounou,Restauration & Hôtellerie,Gogounou,+229 42 35 86 63,,nouveaugogounou.bj,TPE (<10),B2C,Google Maps,4.4,Actif,2026-06-29T00:15:34.146936,moyenne
BJ-6D3FD8FF,Pension Goût,Restauration & Hôtellerie,Cobly,+229 59 57 18 96,pension.goût@pension.goût.net,,TPE (<10),B2C,Google Maps,4.1,Actif,2026-06-29T00:15:34.146957,moyenne
BJ-08FA1236,Mer Palace,Restauration & Hôtellerie,Cobly,+229 48 25 43 19,,merpalace.bj,PME (50-200),B2C,Google Maps,3.6,Actif,2026-06-29T00:15:34.146975,moyenne
BJ-FD07B8B0,Ambiance Brasserie,Restauration & Hôtellerie,Cobly,+229 56 95 35 62,ambiance.brasserie@ambiance.brasserie.com,ambiancebrasserie.bj,PME (50-200),B2C,Google Maps,3.4,Actif,2026-06-29T00:15:34.146990,haute
BJ-51B89B56,Bar Table Cobly,Restauration & Hôtellerie,Cobly,+229 94 97 80 23,,,Grande (>200),B2C,Google Maps,3.2,Actif,2026-06-29T00:15:34.147002,basse
BJ-033E4D69,Nouveau,Restauration & Hôtellerie,Tanguiéta,+229 61 30 89 72,,nouveau.bj,PME (10-50),B2C,Google Maps,4.5,Actif,2026-06-29T00:15:34.147049,moyenne
BJ-483DDF5E,Auberge Palace Restaurant,Restauration & Hôtellerie,Tanguiéta,+229 71 79 45 68,auberge.palace.restaurant@auberge.palace.restaurant.com,aubergepalacerestaurant.bj,TPE (<10),B2C,Google Maps,3.5,Actif,2026-06-29T00:15:34.147064,haute
BJ-75A175F4,Auberge Royal Bénin,Restauration & Hôtellerie,Tanguiéta,+229 98 57 63 34,,aubergeroyalbénin.bj,TPE (<10),B2C,Google Maps,4.6,Actif,2026-06-29T00:15:34.147084,moyenne
BJ-1FA8500D,Restaurant Plage Tanguiéta,Restauration & Hôtellerie,Tanguiéta,+229 23 80 94 50,,,TPE (<10),B2C,Google Maps,4.8,Actif,2026-06-29T00:15:34.147097,basse
BJ-6621BD23,Plage International,Restauration & Hôtellerie,Matéri,+229 75 59 38 94,,plageinternational.bj,TPE (<10),B2C,Google Maps,4.6,Actif,2026-06-29T00:15:34.147117,moyenne
BJ-32E32601,Restaurant Table,Restauration & Hôtellerie,Matéri,+229 46 68 10 22,,restauranttable.bj,TPE (<10),B2C,Google Maps,4.3,Actif,2026-06-29T00:15:34.147132,moyenne
BJ-2FBA7EF1,Plage Café Matéri,Restauration & Hôtellerie,Matéri,+229 83 27 80 81,,plagecafématéri.bj,PME (10-50),B2C,Google Maps,3.8,Actif,2026-06-29T00:15:34.147147,moyenne
BJ-AAAAD6AE,Mer,Restauration & Hôtellerie,Matéri,+229 50 46 69 30,,mer.bj,PME (50-200),B2C,Google Maps,3.7,Actif,2026-06-29T00:15:34.147161,moyenne
BJ-7B140B8F,Hôtel Palace Bénin Matéri,Restauration & Hôtellerie,Matéri,+229 44 74 64 55,,hôtelpalacebéninmatéri.bj,PME (10-50),B2C,Google Maps,3.8,Actif,2026-06-29T00:15:34.147175,moyenne
BJ-813F5656,Ambiance Café,Restauration & Hôtellerie,Natitingou,+229 88 89 15 60,,,TPE (<10),B2C,Google Maps,4.4,Actif,2026-06-29T00:15:34.147194,basse
BJ-C53C762D,Goût Natitingou,Restauration & Hôtellerie,Natitingou,+229 57 25 47 72,goût.natitingou@goût.natitingou.net,goûtnatitingou.bj,PME (10-50),B2C,Google Maps,4.5,Actif,2026-06-29T00:15:34.147211,haute
BJ-33E55897,Café Goût Café Natitingou,Restauration & Hôtellerie,Natitingou,+229 42 61 81 41,café.goût.café.natitingou@café.goût.café.natitingou.com,cafégoûtcafénatitingou.bj,PME (10-50),B2C,Google Maps,3.0,Actif,2026-06-29T00:15:34.147240,haute
BJ-A3F0267D,Gourmet Palace,Restauration & Hôtellerie,Toucountouna,+229 54 53 19 79,gourmet.palace@gourmet.palace.com,gourmetpalace.bj,TPE (<10),B2C,Google Maps,4.6,Actif,2026-06-29T00:15:34.147274,haute
BJ-AF0C9AAD,Hôtel Ambiance,Restauration & Hôtellerie,Toucountouna,+229 28 98 67 88,,hôtelambiance.bj,TPE (<10),B2C,Google Maps,4.1,Actif,2026-06-29T00:15:34.147291,moyenne
BJ-8657F199,Jardin,Restauration & Hôtellerie,Toucountouna,+229 40 64 56 50,jardin@jardin.benin,,PME (50-200),B2C,Google Maps,3.8,Actif,2026-06-29T00:15:34.147305,moyenne
BJ-BACEF352,Saveur International,Restauration & Hôtellerie,Toucountouna,+229 61 32 78 49,,,TPE (<10),B2C,Google Maps,3.7,Actif,2026-06-29T00:15:34.147333,basse
BJ-B5B9AA04,Nouveau Boukoumbé,Restauration & Hôtellerie,Boukoumbé,+229 82 66 58 47,,nouveauboukoumbé.bj,TPE (<10),B2C,Google Maps,4.5,Actif,2026-06-29T00:15:34.147354,moyenne
BJ-BAA447F1,Gourmet,Restauration & Hôtellerie,Boukoumbé,+229 66 57 55 25,gourmet@gourmet.bj,,PME (50-200),B2C,Google Maps,4.1,Actif,2026-06-29T00:15:34.147372,moyenne
BJ-D5EF4F20,Restaurant Table,Restauration & Hôtellerie,Boukoumbé,+229 23 59 65 42,restaurant.table@restaurant.table.org,restauranttable.bj,TPE (<10),B2C,Google Maps,3.8,Actif,2026-06-29T00:15:34.147387,haute
BJ-EAD16F03,Hôtel Goût Palace,Restauration & Hôtellerie,Boukoumbé,+229 24 11 57 28,hôtel.goût.palace@hôtel.goût.palace.net,hôtelgoûtpalace.bj,TPE (<10),B2C,Google Maps,3.0,Actif,2026-06-29T00:15:34.147402,haute
BJ-2097E34C,Gourmet Restaurant,Restauration & Hôtellerie,Boukoumbé,+229 20 38 61 82,,gourmetrestaurant.bj,PME (50-200),B2C,Google Maps,3.5,Actif,2026-06-29T00:15:34.147417,moyenne
BJ-F82D3F50,Restaurant Village Bénin,Restauration & Hôtellerie,Kouandé,+229 33 64 59 89,restaurant.village.bénin@restaurant.village.bénin.bj,restaurantvillagebénin.bj,TPE (<10),B2C,Google Maps,4.9,Actif,2026-06-29T00:15:34.147439,haute
BJ-5F4DAB70,Hôtel Saveur Kouandé,Restauration & Hôtellerie,Kouandé,+229 42 15 54 93,,hôtelsaveurkouandé.bj,PME (50-200),B2C,Google Maps,3.4,Actif,2026-06-29T00:15:34.147457,moyenne
BJ-45981C00,Auberge Détente Restaurant,Restauration & Hôtellerie,Kouandé,+229 72 11 92 66,auberge.détente.restaurant@auberge.détente.restaurant.benin,aubergedétenterestaurant.bj,PME (50-200),B2C,Google Maps,4.4,Actif,2026-06-29T00:15:34.147473,haute
BJ-2E8EE675,Bar Détente Palace,Restauration & Hôtellerie,Kouandé,+229 46 63 10 12,bar.détente.palace@bar.détente.palace.net,bardétentepalace.bj,Grande (>200),B2C,Google Maps,3.5,Actif,2026-06-29T00:15:34.147492,haute
BJ-E7A1D899,Palace Kouandé,Restauration & Hôtellerie,Kouandé,+229 36 40 76 29,,palacekouandé.bj,PME (10-50),B2C,Google Maps,3.8,Actif,2026-06-29T00:15:34.147506,moyenne
BJ-5A3AD010,Gourmet Brasserie,Restauration & Hôtellerie,Péhunco,+229 97 74 56 28,gourmet.brasserie@gourmet.brasserie.net,,PME (10-50),B2C,Google Maps,3.5,Actif,2026-06-29T00:15:34.147528,moyenne
BJ-CF8C0476,Auberge Jardin Péhunco,Restauration & Hôtellerie,Péhunco,+229 83 28 24 90,,,PME (10-50),B2C,Google Maps,3.9,Actif,2026-06-29T00:15:34.147541,basse
BJ-0DC4541D,Goût Péhunco,Restauration & Hôtellerie,Péhunco,+229 81 73 95 52,goût.péhunco@goût.péhunco.net,goûtpéhunco.bj,TPE (<10),B2C,Google Maps,3.2,Actif,2026-06-29T00:15:34.147560,haute
BJ-1E103D43,Village Inn,Restauration & Hôtellerie,Péhunco,+229 47 58 91 25,village.inn@village.inn.org,villageinn.bj,TPE (<10),B2C,Google Maps,4.8,Actif,2026-06-29T00:15:34.147575,haute
BJ-FE93DAEB,Table Palace,Restauration & Hôtellerie,Péhunco,+229 99 68 96 83,table.palace@table.palace.benin,tablepalace.bj,TPE (<10),B2C,Google Maps,4.4,Actif,2026-06-29T00:15:34.147589,haute
BJ-30EE2E44,Pension Mer Inn,Restauration & Hôtellerie,Tchaourou,+229 86 23 45 91,pension.mer.inn@pension.mer.inn.benin,pensionmerinn.bj,TPE (<10),B2C,Google Maps,3.2,Actif,2026-06-29T00:15:34.147611,haute
BJ-87588EAA,Brasserie Lac International Tchaourou,Restauration & Hôtellerie,Tchaourou,+229 32 78 71 25,brasserie.lac.international.tchaourou@brasserie.lac.international.tchaourou.benin,brasserielacinternationaltchaourou.bj,TPE (<10),B2C,Google Maps,4.4,Actif,2026-06-29T00:15:34.147632,haute
BJ-033F290C,Bar Gourmet Inn,Restauration & Hôtellerie,Tchaourou,+229 67 74 70 43,,bargourmetinn.bj,TPE (<10),B2C,Google Maps,4.3,Actif,2026-06-29T00:15:34.147646,moyenne
BJ-EA989B33,Nouveau International,Restauration & Hôtellerie,Tchaourou,+229 57 95 45 51,,nouveauinternational.bj,Grande (>200),B2C,Google Maps,3.7,Actif,2026-06-29T00:15:34.147660,moyenne
BJ-A0361A19,Royal Brasserie Tchaourou,Restauration & Hôtellerie,Tchaourou,+229 62 56 13 14,royal.brasserie.tchaourou@royal.brasserie.tchaourou.benin,royalbrasserietchaourou.bj,TPE (<10),B2C,Google Maps,3.9,Actif,2026-06-29T00:15:34.147676,haute
BJ-629C862B,Jardin,Restauration & Hôtellerie,Nikki,+229 31 61 52 76,,jardin.bj,TPE (<10),B2C,Google Maps,3.6,Actif,2026-06-29T00:15:34.147696,moyenne
BJ-1F303461,Plage Palace Nikki,Restauration & Hôtellerie,Nikki,+229 22 24 40 12,plage.palace.nikki@plage.palace.nikki.net,,PME (10-50),B2C,Google Maps,4.9,Actif,2026-06-29T00:15:34.147709,moyenne
BJ-CE1C4D2A,Café Mer,Restauration & Hôtellerie,Nikki,+229 28 15 59 87,,,PME (10-50),B2C,Google Maps,4.8,Actif,2026-06-29T00:15:34.147723,basse
BJ-752EEA62,Grand Bénin Nikki,Restauration & Hôtellerie,Nikki,+229 44 30 64 90,grand.bénin.nikki@grand.bénin.nikki.benin,grandbéninnikki.bj,PME (10-50),B2C,Google Maps,4.5,Actif,2026-06-29T00:15:34.147739,haute
BJ-754BD848,Table Brasserie,Restauration & Hôtellerie,Nikki,+229 34 20 87 74,table.brasserie@table.brasserie.com,tablebrasserie.bj,PME (10-50),B2C,Google Maps,3.8,Actif,2026-06-29T00:15:34.147754,haute
BJ-416099A2,Grand,Restauration & Hôtellerie,Bembéréké,+229 20 90 13 98,,grand.bj,PME (50-200),B2C,Google Maps,3.0,Actif,2026-06-29T00:15:34.147773,moyenne
BJ-AE699E26,Lac Bénin Bembéréké,Restauration & Hôtellerie,Bembéréké,+229 46 82 50 22,lac.bénin.bembéréké@lac.bénin.bembéréké.com,lacbéninbembéréké.bj,TPE (<10),B2C,Google Maps,3.3,Actif,2026-06-29T00:15:34.147793,haute
BJ-70110060,Détente,Restauration & Hôtellerie,Bembéréké,+229 27 69 31 75,détente@détente.benin,,TPE (<10),B2C,Google Maps,4.6,Actif,2026-06-29T00:15:34.147808,moyenne
BJ-489CF84F,Café Plage Bembéréké,Restauration & Hôtellerie,Bembéréké,+229 70 58 42 29,café.plage.bembéréké@café.plage.bembéréké.net,caféplagebembéréké.bj,PME (10-50),B2C,Google Maps,4.2,Actif,2026-06-29T00:15:34.147823,haute
BJ-094CC801,Restaurant Palace Brasserie,Restauration & Hôtellerie,Bembéréké,+229 89 32 44 51,restaurant.palace.brasserie@restaurant.palace.brasserie.benin,restaurantpalacebrasserie.bj,TPE (<10),B2C,Google Maps,3.9,Actif,2026-06-29T00:15:34.147837,haute
BJ-072602E1,Bar Village Bénin,Restauration & Hôtellerie,Kalalé,+229 30 92 41 71,bar.village.bénin@bar.village.bénin.net,barvillagebénin.bj,TPE (<10),B2C,Google Maps,4.3,Actif,2026-06-29T00:15:34.147863,haute
BJ-66B1CF68,Palace Palace Kalalé,Restauration & Hôtellerie,Kalalé,+229 61 38 22 93,palace.palace.kalalé@palace.palace.kalalé.net,palacepalacekalalé.bj,PME (10-50),B2C,Google Maps,4.9,Actif,2026-06-29T00:15:34.147879,haute
BJ-B2B80EC5,Grand Brasserie Kalalé,Restauration & Hôtellerie,Kalalé,+229 84 53 54 38,grand.brasserie.kalalé@grand.brasserie.kalalé.benin,,TPE (<10),B2C,Google Maps,3.1,Actif,2026-06-29T00:15:34.147913,moyenne
BJ-7E5ED315,Brasserie Royal Café,Restauration & Hôtellerie,Kalalé,+229 52 30 45 90,brasserie.royal.café@brasserie.royal.café.com,,TPE (<10),B2C,Google Maps,4.7,Actif,2026-06-29T00:15:34.147934,moyenne
BJ-5263A2AD,Détente Kalalé,Restauration & Hôtellerie,Kalalé,+229 78 71 18 20,,détentekalalé.bj,PME (10-50),B2C,Google Maps,4.5,Actif,2026-06-29T00:15:34.147949,moyenne
BJ-8F0A59EF,Bar Jardin,Restauration & Hôtellerie,Ndali,+229 21 20 64 96,,barjardin.bj,PME (10-50),B2C,Google Maps,4.4,Actif,2026-06-29T00:15:34.147969,moyenne
BJ-F725AF4D,Hôtel Mer International,Restauration & Hôtellerie,Ndali,+229 27 90 44 25,hôtel.mer.international@hôtel.mer.international.benin,hôtelmerinternational.bj,Grande (>200),B2C,Google Maps,4.7,Actif,2026-06-29T00:15:34.147988,haute
BJ-8013DCF6,Plage Inn,Restauration & Hôtellerie,Ndali,+229 95 61 49 37,,plageinn.bj,TPE (<10),B2C,Google Maps,3.1,Actif,2026-06-29T00:15:34.148002,moyenne
BJ-BA2B8C9D,Jardin Ndali,Restauration & Hôtellerie,Ndali,+229 75 60 22 63,jardin.ndali@jardin.ndali.net,,TPE (<10),B2C,Google Maps,4.0,Actif,2026-06-29T00:15:34.148016,moyenne
BJ-3528E396,Restaurant Palace Palace Ndali,Restauration & Hôtellerie,Ndali,+229 28 22 36 57,restaurant.palace.palace.ndali@restaurant.palace.palace.ndali.benin,,PME (10-50),B2C,Google Maps,3.8,Actif,2026-06-29T00:15:34.148030,moyenne
BJ-B3161C4F,Pension Palace,Restauration & Hôtellerie,Ségbana,+229 38 84 42 62,pension.palace@pension.palace.benin,pensionpalace.bj,PME (10-50),B2C,Google Maps,4.4,Actif,2026-06-29T00:15:34.148063,haute
BJ-6A0641F3,Auberge Saveur Inn Ségbana,Restauration & Hôtellerie,Ségbana,+229 41 18 33 83,auberge.saveur.inn.ségbana@auberge.saveur.inn.ségbana.benin,,PME (10-50),B2C,Google Maps,3.9,Actif,2026-06-29T00:15:34.148081,moyenne
BJ-8B91E02D,Nouveau Inn,Restauration & Hôtellerie,Ségbana,+229 94 98 17 88,nouveau.inn@nouveau.inn.net,nouveauinn.bj,TPE (<10),B2C,Google Maps,3.1,Actif,2026-06-29T00:15:34.148095,haute
BJ-CF0DD0C7,Bar Royal,Restauration & Hôtellerie,Ségbana,+229 47 99 28 75,bar.royal@bar.royal.com,,PME (50-200),B2C,Google Maps,4.6,Actif,2026-06-29T00:15:34.148108,moyenne
BJ-01BF147B,Saveur Hotel,Restauration & Hôtellerie,Tchaourou,+229 25 99 19 37,saveur.hotel@saveur.hotel.org,,PME (10-50),B2C,Google Maps,3.8,Actif,2026-06-29T00:15:34.148128,moyenne
BJ-53B8040C,Hôtel Table Café,Restauration & Hôtellerie,Tchaourou,+229 77 71 34 20,,hôteltablecafé.bj,Grande (>200),B2C,Google Maps,3.4,Actif,2026-06-29T00:15:34.148172,moyenne
BJ-47D94582,Goût Bénin Tchaourou,Restauration & Hôtellerie,Tchaourou,+229 71 22 86 16,,,PME (10-50),B2C,Google Maps,3.8,Actif,2026-06-29T00:15:34.148204,basse
BJ-06A9B350,Bar Jardin International,Restauration & Hôtellerie,Tchaourou,+229 93 25 30 90,,barjardininternational.bj,TPE (<10),B2C,Google Maps,4.5,Actif,2026-06-29T00:15:34.148241,moyenne
BJ-121650E9,Ambiance,Restauration & Hôtellerie,Tchaourou,+229 74 51 80 84,,ambiance.bj,PME (10-50),B2C,Google Maps,3.2,Actif,2026-06-29T00:15:34.148276,moyenne
BJ-A42A5C23,Nouveau Hotel,Restauration & Hôtellerie,Bétérou,+229 37 10 98 62,nouveau.hotel@nouveau.hotel.benin,nouveauhotel.bj,PME (10-50),B2C,Google Maps,3.3,Actif,2026-06-29T00:15:34.148318,haute
BJ-28BD9AC0,Brasserie Nouveau,Restauration & Hôtellerie,Bétérou,+229 78 13 22 30,,,PME (10-50),B2C,Google Maps,4.3,Actif,2026-06-29T00:15:34.148447,basse
BJ-AADA91A0,Plage,Restauration & Hôtellerie,Ouessè,+229 56 49 61 10,,plage.bj,TPE (<10),B2C,Google Maps,4.5,Actif,2026-06-29T00:15:34.148485,moyenne
BJ-6B029DA0,Café Grand,Restauration & Hôtellerie,Ouessè,+229 82 13 67 26,,,TPE (<10),B2C,Google Maps,3.5,Actif,2026-06-29T00:15:34.148537,basse
BJ-4FA39BA3,Nouveau,Restauration & Hôtellerie,Ouessè,+229 99 77 94 87,,,TPE (<10),B2C,Google Maps,4.3,Actif,2026-06-29T00:15:34.148568,basse
BJ-83A50469,Restaurant Mer Inn,Restauration & Hôtellerie,Ouessè,+229 68 22 30 63,restaurant.mer.inn@restaurant.mer.inn.net,restaurantmerinn.bj,TPE (<10),B2C,Google Maps,4.4,Actif,2026-06-29T00:15:34.148629,haute
BJ-1E6C2F66,Ambiance Bénin,Restauration & Hôtellerie,Glazoué,+229 68 38 78 71,,ambiancebénin.bj,TPE (<10),B2C,Google Maps,3.3,Actif,2026-06-29T00:15:34.148683,moyenne
BJ-2589C0C6,Café Plage,Restauration & Hôtellerie,Glazoué,+229 96 93 58 15,café.plage@café.plage.com,caféplage.bj,TPE (<10),B2C,Google Maps,4.4,Actif,2026-06-29T00:15:34.148712,haute
BJ-D72CC658,Auberge Village,Restauration & Hôtellerie,Glazoué,+229 51 19 30 73,,aubergevillage.bj,TPE (<10),B2C,Google Maps,4.7,Actif,2026-06-29T00:15:34.148741,moyenne
BJ-790773CC,Goût Inn,Restauration & Hôtellerie,Glazoué,+229 47 26 47 29,goût.inn@goût.inn.com,goûtinn.bj,PME (50-200),B2C,Google Maps,3.7,Actif,2026-06-29T00:15:34.148819,haute
BJ-03618A32,Café Mer,Restauration & Hôtellerie,Dassa-Zoumè,+229 55 77 79 83,café.mer@café.mer.com,,TPE (<10),B2C,Google Maps,4.4,Actif,2026-06-29T00:15:34.148922,moyenne
BJ-10EDF5F3,Restaurant Jardin,Restauration & Hôtellerie,Dassa-Zoumè,+229 27 10 54 37,restaurant.jardin@restaurant.jardin.bj,,Grande (>200),B2C,Google Maps,3.4,Actif,2026-06-29T00:15:34.148939,moyenne
BJ-66FD91EB,Restaurant Lac Restaurant,Restauration & Hôtellerie,Dassa-Zoumè,+229 98 60 83 70,,restaurantlacrestaurant.bj,TPE (<10),B2C,Google Maps,3.4,Actif,2026-06-29T00:15:34.148954,moyenne
BJ-D255C6E8,Lac International,Restauration & Hôtellerie,Savalou,+229 93 99 49 82,,,PME (10-50),B2C,Google Maps,3.5,Actif,2026-06-29T00:15:34.148991,basse
BJ-B9D5A561,Pension Royal,Restauration & Hôtellerie,Savalou,+229 63 26 68 55,pension.royal@pension.royal.org,pensionroyal.bj,TPE (<10),B2C,Google Maps,4.9,Actif,2026-06-29T00:15:34.149034,haute
BJ-FFDDB82F,Bar Saveur Brasserie,Restauration & Hôtellerie,Savalou,+229 92 44 35 28,,,TPE (<10),B2C,Google Maps,4.3,Actif,2026-06-29T00:15:34.149060,basse
BJ-7EDF0177,Café Village Hotel,Restauration & Hôtellerie,Bantè,+229 67 62 12 35,,cafévillagehotel.bj,TPE (<10),B2C,Google Maps,4.0,Actif,2026-06-29T00:15:34.149112,moyenne
BJ-12C5BDD0,Plage Hotel,Restauration & Hôtellerie,Bantè,+229 51 76 94 16,plage.hotel@plage.hotel.net,plagehotel.bj,PME (10-50),B2C,Google Maps,3.8,Actif,2026-06-29T00:15:34.149153,haute
BJ-98FCB8D0,Gourmet Café Bantè,Restauration & Hôtellerie,Bantè,+229 23 12 28 82,,gourmetcafébantè.bj,TPE (<10),B2C,Google Maps,3.2,Actif,2026-06-29T00:15:34.149192,moyenne
BJ-A43B2ACB,Détente Palace,Restauration & Hôtellerie,Bantè,+229 55 88 14 50,détente.palace@détente.palace.com,détentepalace.bj,TPE (<10),B2C,Google Maps,4.4,Actif,2026-06-29T00:15:34.149227,haute
BJ-68E5B51D,Café Saveur Restaurant,Restauration & Hôtellerie,Djougou,+229 97 84 14 25,café.saveur.restaurant@café.saveur.restaurant.benin,cafésaveurrestaurant.bj,TPE (<10),B2C,Google Maps,3.4,Actif,2026-06-29T00:15:34.149323,haute
BJ-0191CB04,Auberge Ambiance,Restauration & Hôtellerie,Djougou,+229 29 37 98 68,,,PME (50-200),B2C,Google Maps,3.3,Actif,2026-06-29T00:15:34.149358,basse
BJ-414072F0,Bar Saveur Djougou,Restauration & Hôtellerie,Djougou,+229 97 33 50 82,bar.saveur.djougou@bar.saveur.djougou.com,barsaveurdjougou.bj,PME (10-50),B2C,Google Maps,3.5,Actif,2026-06-29T00:15:34.149390,haute
BJ-93833FAF,Brasserie Détente,Restauration & Hôtellerie,Djougou,+229 62 64 99 96,,brasseriedétente.bj,TPE (<10),B2C,Google Maps,3.7,Actif,2026-06-29T00:15:34.149420,moyenne
BJ-97E4BBAC,Table Djougou,Restauration & Hôtellerie,Djougou,+229 77 30 84 98,,tabledjougou.bj,PME (10-50),B2C,Google Maps,4.9,Actif,2026-06-29T00:15:34.149455,moyenne
BJ-4DE9935B,Grand,Restauration & Hôtellerie,Ouèssè,+229 29 71 76 87,,,PME (10-50),B2C,Google Maps,4.9,Actif,2026-06-29T00:15:34.149494,basse
BJ-688FAF1A,Bar Table,Restauration & Hôtellerie,Ouèssè,+229 20 71 34 80,bar.table@bar.table.com,,TPE (<10),B2C,Google Maps,3.8,Actif,2026-06-29T00:15:34.149520,moyenne
BJ-D662E4B5,Pension Lac,Restauration & Hôtellerie,Ouèssè,+229 74 25 65 65,pension.lac@pension.lac.bj,pensionlac.bj,PME (10-50),B2C,Google Maps,4.8,Actif,2026-06-29T00:15:34.149537,haute
BJ-5BB4A77D,Pension Gourmet Ouèssè,Restauration & Hôtellerie,Ouèssè,+229 35 15 69 68,pension.gourmet.ouèssè@pension.gourmet.ouèssè.benin,pensiongourmetouèssè.bj,PME (10-50),B2C,Google Maps,3.6,Actif,2026-06-29T00:15:34.149554,haute
BJ-F7AB47CD,Pension Ambiance,Restauration & Hôtellerie,Ouèssè,+229 21 30 61 32,pension.ambiance@pension.ambiance.benin,pensionambiance.bj,PME (10-50),B2C,Google Maps,4.2,Actif,2026-06-29T00:15:34.149570,haute
BJ-1315F6E1,Plage,Restauration & Hôtellerie,Bassila,+229 99 44 81 57,plage@plage.net,,TPE (<10),B2C,Google Maps,4.9,Actif,2026-06-29T00:15:34.149592,moyenne
BJ-D8445C80,Bar Village Bassila,Restauration & Hôtellerie,Bassila,+229 49 65 39 43,bar.village.bassila@bar.village.bassila.bj,barvillagebassila.bj,PME (50-200),B2C,Google Maps,4.7,Actif,2026-06-29T00:15:34.149621,haute
BJ-160CDFE2,Café Nouveau Inn,Restauration & Hôtellerie,Bassila,+229 54 84 95 84,café.nouveau.inn@café.nouveau.inn.org,cafénouveauinn.bj,TPE (<10),B2C,Google Maps,3.2,Actif,2026-06-29T00:15:34.149637,haute
BJ-06217C75,Pension Nouveau,Restauration & Hôtellerie,Pehunco,+229 57 64 86 67,,,PME (10-50),B2C,Google Maps,3.5,Actif,2026-06-29T00:15:34.149671,basse
BJ-970EE176,Brasserie Palace Restaurant,Restauration & Hôtellerie,Pehunco,+229 25 93 14 61,brasserie.palace.restaurant@brasserie.palace.restaurant.benin,,Grande (>200),B2C,Google Maps,4.7,Actif,2026-06-29T00:15:34.149695,moyenne
BJ-CBD675D5,Restaurant Mer Brasserie,Restauration & Hôtellerie,Pehunco,+229 62 55 30 53,,restaurantmerbrasserie.bj,TPE (<10),B2C,Google Maps,4.1,Actif,2026-06-29T00:15:34.149727,moyenne
BJ-66274C56,Brasserie Jardin,Restauration & Hôtellerie,Pehunco,+229 50 38 88 38,brasserie.jardin@brasserie.jardin.org,,TPE (<10),B2C,Google Maps,3.8,Actif,2026-06-29T00:15:34.149783,moyenne
BJ-FF51CCDB,Restaurant Gourmet Brasserie,Restauration & Hôtellerie,Copargo,+229 73 45 10 57,,,TPE (<10),B2C,Google Maps,3.0,Actif,2026-06-29T00:15:34.149822,basse
BJ-6C72858E,Ambiance Café Copargo,Restauration & Hôtellerie,Copargo,+229 86 10 25 43,,ambiancecafécopargo.bj,PME (10-50),B2C,Google Maps,4.8,Actif,2026-06-29T00:15:34.149855,moyenne
BJ-345390B9,Goût Palace,Restauration & Hôtellerie,Copargo,+229 56 75 53 21,goût.palace@goût.palace.benin,goûtpalace.bj,PME (50-200),B2C,Google Maps,4.3,Actif,2026-06-29T00:15:34.149886,haute
BJ-1C9F8EDE,Café Mer,Restauration & Hôtellerie,Copargo,+229 36 76 16 99,,cafémer.bj,TPE (<10),B2C,Google Maps,3.4,Actif,2026-06-29T00:15:34.149943,moyenne
BJ-7EC17D33,Pension Ambiance International,Restauration & Hôtellerie,Copargo,+229 76 78 57 74,pension.ambiance.international@pension.ambiance.international.bj,pensionambianceinternational.bj,PME (10-50),B2C,Google Maps,4.7,Actif,2026-06-29T00:15:34.149973,haute
BJ-02F06C80,Pharmacie Saint Pharmacie,Santé & Pharmacie,Cotonou,+229 81 21 33 66,pharmacie.saint.pharmacie@pharmacie.saint.pharmacie.org,pharmaciesaintpharmacie.bj,PME (10-50),B2C,Google Maps,3.7,Actif,2026-06-29T00:15:34.150019,haute
BJ-01BAE2E0,Cabinet Pharma Hôpital,Santé & Pharmacie,Cotonou,+229 39 43 24 63,,,TPE (<10),B2C,Google Maps,3.9,Actif,2026-06-29T00:15:34.150062,basse
BJ-0F2E8105,Pharmacie Urgence Cotonou,Santé & Pharmacie,Cotonou,+229 91 74 31 51,pharmacie.urgence.cotonou@pharmacie.urgence.cotonou.bj,pharmacieurgencecotonou.bj,TPE (<10),B2C,Google Maps,4.7,Actif,2026-06-29T00:15:34.150115,haute
BJ-9051DFC3,Laboratoire Saint,Santé & Pharmacie,Cotonou,+229 51 83 92 61,laboratoire.saint@laboratoire.saint.bj,laboratoiresaint.bj,PME (50-200),B2C,Google Maps,4.0,Actif,2026-06-29T00:15:34.150139,haute
BJ-DCBF595A,Laboratoire Médical,Santé & Pharmacie,Abomey-Calavi,+229 68 54 27 98,laboratoire.médical@laboratoire.médical.bj,,TPE (<10),B2C,Google Maps,3.1,Actif,2026-06-29T00:15:34.150184,moyenne
BJ-C3677087,Centre Guérison Centre,Santé & Pharmacie,Abomey-Calavi,+229 49 58 55 55,centre.guérison.centre@centre.guérison.centre.net,centreguérisoncentre.bj,TPE (<10),B2C,Google Maps,4.6,Actif,2026-06-29T00:15:34.150212,haute
BJ-2E5E1D4D,Médicament Medical,Santé & Pharmacie,Abomey-Calavi,+229 75 91 80 75,médicament.medical@médicament.medical.com,médicamentmedical.bj,TPE (<10),B2B,Google Maps,3.3,Actif,2026-06-29T00:15:34.150236,haute
BJ-95C20907,Laboratoire Médical Clinique,Santé & Pharmacie,Abomey-Calavi,+229 34 85 90 54,laboratoire.médical.clinique@laboratoire.médical.clinique.com,laboratoiremédicalclinique.bj,TPE (<10),B2B,Google Maps,3.2,Actif,2026-06-29T00:15:34.150262,haute
BJ-3D25A0E7,Pharmacie Sainte,Santé & Pharmacie,Abomey-Calavi,+229 93 21 90 15,pharmacie.sainte@pharmacie.sainte.bj,pharmaciesainte.bj,PME (50-200),B2C,Google Maps,3.5,Actif,2026-06-29T00:15:34.150298,haute
BJ-6CB06DEC,Centre Central Medical,Santé & Pharmacie,Porto-Novo,+229 25 37 25 23,centre.central.medical@centre.central.medical.net,centrecentralmedical.bj,PME (10-50),B2C,Google Maps,3.8,Actif,2026-06-29T00:15:34.150338,haute
BJ-DB340024,Clinique Médical Porto-Novo,Santé & Pharmacie,Porto-Novo,+229 73 89 26 53,clinique.médical.portonovo@clinique.médical.portonovo.org,cliniquemédicalportonovo.bj,TPE (<10),B2B,Google Maps,3.7,Actif,2026-06-29T00:15:34.150377,haute
BJ-57A1CED7,Cabinet Médicament,Santé & Pharmacie,Porto-Novo,+229 56 55 45 71,cabinet.médicament@cabinet.médicament.com,,PME (10-50),B2C,Google Maps,4.8,Actif,2026-06-29T00:15:34.150422,moyenne
BJ-663121C6,Médical Bénin,Santé & Pharmacie,Porto-Novo,+229 62 93 70 11,médical.bénin@médical.bénin.net,,PME (10-50),B2B,Google Maps,3.2,Actif,2026-06-29T00:15:34.150473,moyenne
BJ-0627C749,Pharmacie Médicament Cabinet,Santé & Pharmacie,Porto-Novo,+229 53 53 92 84,pharmacie.médicament.cabinet@pharmacie.médicament.cabinet.org,pharmaciemédicamentcabinet.bj,PME (50-200),B2B,Google Maps,4.7,Actif,2026-06-29T00:15:34.150508,haute
BJ-412220B7,Hôpital Urgence Clinique,Santé & Pharmacie,Parakou,+229 96 65 81 27,,,PME (10-50),B2C,Google Maps,3.9,Actif,2026-06-29T00:15:34.150554,basse
BJ-9257D42E,Laboratoire Vie Pharmacie Parakou,Santé & Pharmacie,Parakou,+229 82 90 66 22,laboratoire.vie.pharmacie.parakou@laboratoire.vie.pharmacie.parakou.bj,laboratoireviepharmacieparakou.bj,PME (10-50),B2B,Google Maps,3.8,Actif,2026-06-29T00:15:34.150590,haute
BJ-51E7217D,Saint International,Santé & Pharmacie,Parakou,+229 86 69 61 62,saint.international@saint.international.org,saintinternational.bj,TPE (<10),B2B,Google Maps,3.0,Actif,2026-06-29T00:15:34.150625,haute
BJ-C4CB1E0A,Soins,Santé & Pharmacie,Bohicon,+229 86 71 26 58,soins@soins.net,soins.bj,TPE (<10),B2C,Google Maps,4.8,Actif,2026-06-29T00:15:34.150755,haute
BJ-E3652E46,Vie Bénin,Santé & Pharmacie,Bohicon,+229 35 58 51 87,vie.bénin@vie.bénin.org,,TPE (<10),B2B,Google Maps,4.0,Actif,2026-06-29T00:15:34.150794,moyenne
BJ-8C6FBFB6,Cabinet Médical International,Santé & Pharmacie,Bohicon,+229 70 52 95 45,cabinet.médical.international@cabinet.médical.international.benin,,PME (10-50),B2B,Google Maps,3.9,Actif,2026-06-29T00:15:34.150864,moyenne
BJ-754A2CAA,Saint Medical,Santé & Pharmacie,Bohicon,+229 85 76 87 94,saint.medical@saint.medical.bj,saintmedical.bj,PME (50-200),B2B,Google Maps,4.9,Actif,2026-06-29T00:15:34.150906,haute
BJ-B396762E,Central Centre,Santé & Pharmacie,Natitingou,+229 36 48 89 81,central.centre@central.centre.net,,PME (10-50),B2C,Google Maps,3.9,Actif,2026-06-29T00:15:34.150981,moyenne
BJ-4F23268C,Clinique Santé,Santé & Pharmacie,Natitingou,+229 74 72 15 17,clinique.santé@clinique.santé.bj,cliniquesanté.bj,PME (10-50),B2B,Google Maps,4.1,Actif,2026-06-29T00:15:34.151007,haute
BJ-82F60D05,Clinique Soins Pharmacie,Santé & Pharmacie,Natitingou,+229 31 32 72 89,clinique.soins.pharmacie@clinique.soins.pharmacie.bj,cliniquesoinspharmacie.bj,TPE (<10),B2B,Google Maps,3.7,Actif,2026-06-29T00:15:34.151030,haute
BJ-286A6331,Hôpital Royal Cabinet Natitingou,Santé & Pharmacie,Natitingou,+229 95 17 35 89,hôpital.royal.cabinet.natitingou@hôpital.royal.cabinet.natitingou.bj,hôpitalroyalcabinetnatitingou.bj,PME (50-200),B2B,Google Maps,3.3,Actif,2026-06-29T00:15:34.151057,haute
BJ-A0DADA35,Saint Medical Lokossa,Santé & Pharmacie,Lokossa,+229 40 48 35 62,saint.medical.lokossa@saint.medical.lokossa.benin,saintmedicallokossa.bj,TPE (<10),B2B,Google Maps,3.9,Actif,2026-06-29T00:15:34.151105,haute
BJ-305A57DC,Laboratoire Guérison Bénin,Santé & Pharmacie,Lokossa,+229 76 43 61 46,,laboratoireguérisonbénin.bj,TPE (<10),B2B,Google Maps,3.7,Actif,2026-06-29T00:15:34.151153,moyenne
BJ-216CE515,Hôpital Médicament Pharmacie,Santé & Pharmacie,Lokossa,+229 87 71 99 13,,hôpitalmédicamentpharmacie.bj,PME (10-50),B2B,Google Maps,4.3,Actif,2026-06-29T00:15:34.151187,moyenne
BJ-93DE313F,Clinique Royal Lokossa,Santé & Pharmacie,Lokossa,+229 99 14 29 98,clinique.royal.lokossa@clinique.royal.lokossa.benin,cliniqueroyallokossa.bj,PME (10-50),B2B,Google Maps,3.8,Actif,2026-06-29T00:15:34.151216,haute
BJ-7D7D333C,Pharma,Santé & Pharmacie,Lokossa,+229 87 21 58 30,pharma@pharma.net,pharma.bj,PME (10-50),B2C,Google Maps,3.7,Actif,2026-06-29T00:15:34.151241,haute
BJ-DA8A532F,Laboratoire Pharma Hôpital,Santé & Pharmacie,Ouidah,+229 84 82 89 42,,laboratoirepharmahôpital.bj,TPE (<10),B2B,Google Maps,4.2,Actif,2026-06-29T00:15:34.151297,moyenne
BJ-40DDC372,Hôpital Vie Bénin,Santé & Pharmacie,Ouidah,+229 27 59 76 78,hôpital.vie.bénin@hôpital.vie.bénin.benin,hôpitalviebénin.bj,PME (50-200),B2C,Google Maps,4.2,Actif,2026-06-29T00:15:34.151329,haute
BJ-825ABFFE,Santé Bénin,Santé & Pharmacie,Ouidah,+229 96 93 70 72,santé.bénin@santé.bénin.org,,PME (10-50),B2C,Google Maps,4.7,Actif,2026-06-29T00:15:34.151397,moyenne
BJ-86A95FC9,Laboratoire Emergency Pharmacie Ouidah,Santé & Pharmacie,Ouidah,+229 38 25 36 82,laboratoire.emergency.pharmacie.ouidah@laboratoire.emergency.pharmacie.ouidah.org,laboratoireemergencypharmacieouidah.bj,TPE (<10),B2C,Google Maps,4.4,Actif,2026-06-29T00:15:34.151433,haute
BJ-3612DB8C,Pharmacie Royal Clinique,Santé & Pharmacie,Savalou,+229 53 59 83 52,pharmacie.royal.clinique@pharmacie.royal.clinique.benin,,PME (10-50),B2C,Google Maps,3.4,Actif,2026-06-29T00:15:34.151501,moyenne
BJ-AA6C572D,Laboratoire Nouveau Cabinet,Santé & Pharmacie,Savalou,+229 21 11 56 49,laboratoire.nouveau.cabinet@laboratoire.nouveau.cabinet.bj,laboratoirenouveaucabinet.bj,PME (10-50),B2C,Google Maps,3.1,Actif,2026-06-29T00:15:34.151555,haute
BJ-84EF7556,Hôpital Médicament Clinique,Santé & Pharmacie,Savalou,+229 37 71 66 94,hôpital.médicament.clinique@hôpital.médicament.clinique.org,hôpitalmédicamentclinique.bj,PME (10-50),B2B,Google Maps,3.7,Actif,2026-06-29T00:15:34.151605,haute
BJ-D43E6BB9,Nouveau,Santé & Pharmacie,Savalou,+229 48 95 59 36,,nouveau.bj,TPE (<10),B2B,Google Maps,3.9,Actif,2026-06-29T00:15:34.151648,moyenne
BJ-7AF23D80,Clinique Santé Pharmacie,Santé & Pharmacie,Savalou,+229 97 98 83 26,clinique.santé.pharmacie@clinique.santé.pharmacie.bj,cliniquesantépharmacie.bj,Grande (>200),B2B,Google Maps,4.3,Actif,2026-06-29T00:15:34.151678,haute
BJ-BB87CED6,Laboratoire Pharma Cabinet,Santé & Pharmacie,Dassa-Zoumè,+229 86 69 50 17,laboratoire.pharma.cabinet@laboratoire.pharma.cabinet.bj,laboratoirepharmacabinet.bj,TPE (<10),B2C,Google Maps,4.5,Actif,2026-06-29T00:15:34.151719,haute
BJ-106C6CE3,Hôpital Santé International,Santé & Pharmacie,Dassa-Zoumè,+229 59 73 64 25,hôpital.santé.international@hôpital.santé.international.org,hôpitalsantéinternational.bj,PME (10-50),B2C,Google Maps,3.8,Actif,2026-06-29T00:15:34.151757,haute
BJ-18163406,Centre Bien-être,Santé & Pharmacie,Kétou,+229 66 92 92 68,,,PME (50-200),B2C,Google Maps,4.6,Actif,2026-06-29T00:15:34.151904,basse
BJ-F54FA6C3,Hôpital Nouveau,Santé & Pharmacie,Kétou,+229 75 37 27 38,,,PME (10-50),B2C,Google Maps,3.1,Actif,2026-06-29T00:15:34.151938,basse
BJ-3221E160,Laboratoire Nouveau Clinique,Santé & Pharmacie,Kétou,+229 99 88 30 91,laboratoire.nouveau.clinique@laboratoire.nouveau.clinique.net,,PME (10-50),B2C,Google Maps,4.0,Actif,2026-06-29T00:15:34.151971,moyenne
BJ-F658931C,Central,Santé & Pharmacie,Kétou,+229 71 66 93 81,central@central.benin,central.bj,TPE (<10),B2C,Google Maps,4.8,Actif,2026-06-29T00:15:34.151988,haute
BJ-24183284,Clinique Nouveau,Santé & Pharmacie,Kétou,+229 27 84 33 65,clinique.nouveau@clinique.nouveau.com,,TPE (<10),B2B,Google Maps,4.2,Actif,2026-06-29T00:15:34.152007,moyenne
BJ-47F2A779,Santé Bénin Covè,Santé & Pharmacie,Covè,+229 34 25 23 30,santé.bénin.covè@santé.bénin.covè.org,,PME (50-200),B2B,Google Maps,4.1,Actif,2026-06-29T00:15:34.152035,moyenne
BJ-B7DAC795,Pharmacie Saint Medical,Santé & Pharmacie,Covè,+229 54 25 16 34,,,Grande (>200),B2C,Google Maps,3.8,Actif,2026-06-29T00:15:34.152063,basse
BJ-6D5A1C90,Nouveau Bénin,Santé & Pharmacie,Covè,+229 23 34 76 66,nouveau.bénin@nouveau.bénin.net,,PME (50-200),B2B,Google Maps,4.9,Actif,2026-06-29T00:15:34.152078,moyenne
BJ-2594D367,Clinique Médicament Clinique,Santé & Pharmacie,Covè,+229 69 59 12 34,,cliniquemédicamentclinique.bj,PME (10-50),B2B,Google Maps,3.7,Actif,2026-06-29T00:15:34.152092,moyenne
BJ-B3114C99,Urgence Cabinet,Santé & Pharmacie,Pobè,+229 42 20 62 88,urgence.cabinet@urgence.cabinet.net,urgencecabinet.bj,PME (10-50),B2B,Google Maps,4.4,Actif,2026-06-29T00:15:34.152118,haute
BJ-AC9E4C07,Emergency Pobè,Santé & Pharmacie,Pobè,+229 78 55 62 92,emergency.pobè@emergency.pobè.org,emergencypobè.bj,PME (10-50),B2C,Google Maps,3.9,Actif,2026-06-29T00:15:34.152138,haute
BJ-20682B65,Centre Saint,Santé & Pharmacie,Pobè,+229 29 37 31 17,centre.saint@centre.saint.bj,centresaint.bj,PME (50-200),B2B,Google Maps,3.6,Actif,2026-06-29T00:15:34.152153,haute
BJ-7643FE78,Royal,Santé & Pharmacie,Pobè,+229 31 42 70 87,royal@royal.com,,PME (50-200),B2C,Google Maps,3.7,Actif,2026-06-29T00:15:34.152167,moyenne
BJ-77AA62C2,Clinique Santé Hôpital Pobè,Santé & Pharmacie,Pobè,+229 78 95 48 44,,cliniquesantéhôpitalpobè.bj,TPE (<10),B2B,Google Maps,3.2,Actif,2026-06-29T00:15:34.152181,moyenne
BJ-9B124E61,Pharmacie Bien-être International,Santé & Pharmacie,Sakété,+229 22 45 47 51,pharmacie.bienêtre.international@pharmacie.bienêtre.international.org,pharmaciebienêtreinternational.bj,PME (50-200),B2B,Google Maps,3.5,Actif,2026-06-29T00:15:34.152203,haute
BJ-4D603B04,Pharmacie Vie Bénin,Santé & Pharmacie,Sakété,+229 76 16 76 76,pharmacie.vie.bénin@pharmacie.vie.bénin.benin,pharmacieviebénin.bj,TPE (<10),B2C,Google Maps,3.6,Actif,2026-06-29T00:15:34.152220,haute
BJ-A014C8A8,Pharmacie Médicament,Santé & Pharmacie,Sakété,+229 76 54 44 92,pharmacie.médicament@pharmacie.médicament.bj,pharmaciemédicament.bj,PME (50-200),B2C,Google Maps,4.5,Actif,2026-06-29T00:15:34.152234,haute
BJ-86E177AA,Médicament Sakété,Santé & Pharmacie,Sakété,+229 80 61 28 30,médicament.sakété@médicament.sakété.net,,Grande (>200),B2B,Google Maps,3.4,Actif,2026-06-29T00:15:34.152248,moyenne
BJ-307C753D,Bien-être,Santé & Pharmacie,Adjara,+229 64 76 71 32,bienêtre@bienêtre.net,,PME (10-50),B2C,Google Maps,4.3,Actif,2026-06-29T00:15:34.152283,moyenne
BJ-1F4D09BA,Laboratoire Sainte Bénin Adjara,Santé & Pharmacie,Adjara,+229 93 67 93 94,laboratoire.sainte.bénin.adjara@laboratoire.sainte.bénin.adjara.bj,laboratoiresaintebéninadjara.bj,PME (10-50),B2B,Google Maps,4.9,Actif,2026-06-29T00:15:34.152302,haute
BJ-6970A10A,Clinique Médical Bénin,Santé & Pharmacie,Adjara,+229 34 33 25 65,clinique.médical.bénin@clinique.médical.bénin.bj,cliniquemédicalbénin.bj,PME (50-200),B2B,Google Maps,4.7,Actif,2026-06-29T00:15:34.152318,haute
BJ-A8B5766D,Médical,Santé & Pharmacie,Adjara,+229 32 49 53 45,médical@médical.bj,médical.bj,PME (10-50),B2B,Google Maps,4.7,Actif,2026-06-29T00:15:34.152342,haute
BJ-77EB1826,Centre Nouveau Pharmacie,Santé & Pharmacie,Allada,+229 87 85 96 86,centre.nouveau.pharmacie@centre.nouveau.pharmacie.com,centrenouveaupharmacie.bj,TPE (<10),B2C,Google Maps,4.6,Actif,2026-06-29T00:15:34.152378,haute
BJ-79DA2124,Central,Santé & Pharmacie,Allada,+229 78 73 33 47,,central.bj,PME (50-200),B2C,Google Maps,4.1,Actif,2026-06-29T00:15:34.152391,moyenne
BJ-6608B8B6,Hôpital Médical Clinique,Santé & Pharmacie,Allada,+229 52 19 10 18,hôpital.médical.clinique@hôpital.médical.clinique.com,hôpitalmédicalclinique.bj,PME (50-200),B2B,Google Maps,4.8,Actif,2026-06-29T00:15:34.152406,haute
BJ-AB81763B,Guérison Bénin,Santé & Pharmacie,Allada,+229 52 44 92 88,guérison.bénin@guérison.bénin.bj,,PME (10-50),B2B,Google Maps,4.1,Actif,2026-06-29T00:15:34.152424,moyenne
BJ-8A66AFAC,Médical Pharmacie,Santé & Pharmacie,Aplahoué,+229 72 40 78 25,,médicalpharmacie.bj,PME (50-200),B2C,Google Maps,4.8,Actif,2026-06-29T00:15:34.152456,moyenne
BJ-F483BC71,Hôpital Santé International,Santé & Pharmacie,Aplahoué,+229 95 30 74 51,hôpital.santé.international@hôpital.santé.international.bj,hôpitalsantéinternational.bj,PME (10-50),B2C,Google Maps,4.9,Actif,2026-06-29T00:15:34.152475,haute
BJ-A73E6C8F,Royal,Santé & Pharmacie,Aplahoué,+229 90 48 83 98,,royal.bj,PME (10-50),B2C,Google Maps,3.6,Actif,2026-06-29T00:15:34.152489,moyenne
BJ-18135DF0,Clinique Urgence Centre,Santé & Pharmacie,Aplahoué,+229 75 99 79 80,clinique.urgence.centre@clinique.urgence.centre.com,,TPE (<10),B2B,Google Maps,4.4,Actif,2026-06-29T00:15:34.152502,moyenne
BJ-6874199E,Centre Pharma,Santé & Pharmacie,Aplahoué,+229 32 73 55 84,centre.pharma@centre.pharma.net,centrepharma.bj,TPE (<10),B2B,Google Maps,3.1,Actif,2026-06-29T00:15:34.152517,haute
BJ-D9684E76,Centre Urgence Cabinet,Santé & Pharmacie,Dogbo-Tota,+229 51 14 42 75,centre.urgence.cabinet@centre.urgence.cabinet.net,centreurgencecabinet.bj,PME (50-200),B2C,Google Maps,3.9,Actif,2026-06-29T00:15:34.152538,haute
BJ-3C0F593E,Centre Pharma Pharmacie,Santé & Pharmacie,Dogbo-Tota,+229 45 18 92 77,centre.pharma.pharmacie@centre.pharma.pharmacie.benin,,TPE (<10),B2B,Google Maps,3.2,Actif,2026-06-29T00:15:34.152551,moyenne
BJ-E795DA6F,Santé Bénin,Santé & Pharmacie,Dogbo-Tota,+229 75 56 64 72,santé.bénin@santé.bénin.com,santébénin.bj,Grande (>200),B2C,Google Maps,4.1,Actif,2026-06-29T00:15:34.152587,haute
BJ-079AD73D,Laboratoire Urgence Medical,Santé & Pharmacie,Dogbo-Tota,+229 69 54 50 95,,laboratoireurgencemedical.bj,Grande (>200),B2C,Google Maps,3.2,Actif,2026-06-29T00:15:34.152624,moyenne
BJ-361FCA06,Centre Saint,Santé & Pharmacie,Dogbo-Tota,+229 43 76 18 33,,,PME (50-200),B2B,Google Maps,4.3,Actif,2026-06-29T00:15:34.152647,basse
BJ-409336EB,Laboratoire Bien-être,Santé & Pharmacie,Kpomassè,+229 47 55 28 81,laboratoire.bienêtre@laboratoire.bienêtre.benin,laboratoirebienêtre.bj,PME (50-200),B2C,Google Maps,3.1,Actif,2026-06-29T00:15:34.152674,haute
BJ-3AE9092C,Soins,Santé & Pharmacie,Kpomassè,+229 37 39 72 61,soins@soins.bj,soins.bj,TPE (<10),B2C,Google Maps,3.7,Actif,2026-06-29T00:15:34.152711,haute
BJ-51A67CE1,Centre Médical International,Santé & Pharmacie,Kpomassè,+229 60 97 14 13,centre.médical.international@centre.médical.international.com,centremédicalinternational.bj,PME (50-200),B2B,Google Maps,3.3,Actif,2026-06-29T00:15:34.152727,haute
BJ-8FC0903A,Médicament,Santé & Pharmacie,Kpomassè,+229 77 67 43 78,médicament@médicament.bj,médicament.bj,TPE (<10),B2B,Google Maps,4.8,Actif,2026-06-29T00:15:34.152745,haute
BJ-9A5ABCAF,Centre Bien-être Bénin,Santé & Pharmacie,Tori-Bossito,+229 94 48 16 59,centre.bienêtre.bénin@centre.bienêtre.bénin.net,centrebienêtrebénin.bj,TPE (<10),B2C,Google Maps,5.0,Actif,2026-06-29T00:15:34.152767,haute
BJ-D9436CB9,Cabinet Pharma Hôpital Tori-Bossito,Santé & Pharmacie,Tori-Bossito,+229 64 76 46 14,cabinet.pharma.hôpital.toribossito@cabinet.pharma.hôpital.toribossito.benin,cabinetpharmahôpitaltoribossito.bj,PME (50-200),B2C,Google Maps,3.4,Actif,2026-06-29T00:15:34.152784,haute
BJ-38AEB6D5,Pharma Centre Tori-Bossito,Santé & Pharmacie,Tori-Bossito,+229 82 49 44 56,pharma.centre.toribossito@pharma.centre.toribossito.benin,,PME (50-200),B2B,Google Maps,3.1,Actif,2026-06-29T00:15:34.152798,moyenne
BJ-37ADC5D8,Hôpital Médical,Santé & Pharmacie,Tori-Bossito,+229 46 12 61 36,hôpital.médical@hôpital.médical.org,,TPE (<10),B2C,Google Maps,4.7,Actif,2026-06-29T00:15:34.152813,moyenne
BJ-C1B7C602,Laboratoire Emergency,Santé & Pharmacie,Tori-Bossito,+229 84 33 92 66,laboratoire.emergency@laboratoire.emergency.org,laboratoireemergency.bj,PME (50-200),B2C,Google Maps,3.6,Actif,2026-06-29T00:15:34.152827,haute
BJ-254564CE,Urgence Hôpital,Santé & Pharmacie,Grand-Popo,+229 31 53 85 81,urgence.hôpital@urgence.hôpital.net,urgencehôpital.bj,PME (50-200),B2B,Google Maps,4.3,Actif,2026-06-29T00:15:34.152852,haute
BJ-21DC3C13,Royal Medical,Santé & Pharmacie,Grand-Popo,+229 31 39 79 99,royal.medical@royal.medical.benin,,PME (50-200),B2B,Google Maps,4.2,Actif,2026-06-29T00:15:34.152870,moyenne
BJ-8257CF35,Centre Pharma,Santé & Pharmacie,Grand-Popo,+229 20 85 24 82,centre.pharma@centre.pharma.org,,PME (10-50),B2C,Google Maps,3.8,Actif,2026-06-29T00:15:34.152883,moyenne
BJ-AC4D51C3,Médicament Grand-Popo,Santé & Pharmacie,Grand-Popo,+229 45 52 68 29,médicament.grandpopo@médicament.grandpopo.com,médicamentgrandpopo.bj,TPE (<10),B2C,Google Maps,3.4,Actif,2026-06-29T00:15:34.152916,haute
BJ-AA4B2C23,Médical,Santé & Pharmacie,Grand-Popo,+229 31 38 81 18,,médical.bj,Grande (>200),B2B,Google Maps,3.5,Actif,2026-06-29T00:15:34.152930,moyenne
BJ-6A1774F9,Royal International Athiémé,Santé & Pharmacie,Athiémé,+229 32 84 15 51,royal.international.athiémé@royal.international.athiémé.benin,,TPE (<10),B2C,Google Maps,3.8,Actif,2026-06-29T00:15:34.152951,moyenne
BJ-797A3F06,Hôpital Pharma Athiémé,Santé & Pharmacie,Athiémé,+229 75 84 78 94,hôpital.pharma.athiémé@hôpital.pharma.athiémé.org,,TPE (<10),B2B,Google Maps,3.3,Actif,2026-06-29T00:15:34.152966,moyenne
BJ-9E35DFC5,Laboratoire Médicament Medical,Santé & Pharmacie,Athiémé,+229 36 77 48 22,laboratoire.médicament.medical@laboratoire.médicament.medical.benin,laboratoiremédicamentmedical.bj,Grande (>200),B2B,Google Maps,3.9,Actif,2026-06-29T00:15:34.152982,haute
BJ-2FCA7BD3,Pharmacie Vie Athiémé,Santé & Pharmacie,Athiémé,+229 63 65 50 88,,,PME (10-50),B2B,Google Maps,3.1,Actif,2026-06-29T00:15:34.152994,basse
BJ-0F8F3C35,Hôpital Urgence Athiémé,Santé & Pharmacie,Athiémé,+229 75 33 81 63,hôpital.urgence.athiémé@hôpital.urgence.athiémé.org,,PME (10-50),B2B,Google Maps,3.4,Actif,2026-06-29T00:15:34.153009,moyenne
BJ-FC0B3732,Centre Saint Hôpital,Santé & Pharmacie,Bopa,+229 28 57 35 78,centre.saint.hôpital@centre.saint.hôpital.net,centresainthôpital.bj,TPE (<10),B2C,Google Maps,4.3,Actif,2026-06-29T00:15:34.153031,haute
BJ-0A34956B,Médical Bopa,Santé & Pharmacie,Bopa,+229 57 11 60 57,médical.bopa@médical.bopa.benin,médicalbopa.bj,TPE (<10),B2C,Google Maps,3.3,Actif,2026-06-29T00:15:34.153051,haute
BJ-AE910F76,Pharmacie Vie Hôpital,Santé & Pharmacie,Bopa,+229 47 81 86 13,pharmacie.vie.hôpital@pharmacie.vie.hôpital.benin,,TPE (<10),B2B,Google Maps,4.8,Actif,2026-06-29T00:15:34.153065,moyenne
BJ-CA29E725,Laboratoire Urgence,Santé & Pharmacie,Bopa,+229 46 20 56 40,laboratoire.urgence@laboratoire.urgence.bj,laboratoireurgence.bj,PME (10-50),B2B,Google Maps,4.7,Actif,2026-06-29T00:15:34.153083,haute
BJ-C107F4DD,Vie Pharmacie Bopa,Santé & Pharmacie,Bopa,+229 71 52 50 61,,viepharmaciebopa.bj,TPE (<10),B2B,Google Maps,4.8,Actif,2026-06-29T00:15:34.153097,moyenne
BJ-1B86EC35,Médical,Santé & Pharmacie,Houéyogbé,+229 70 65 44 62,médical@médical.benin,,PME (10-50),B2B,Google Maps,4.8,Actif,2026-06-29T00:15:34.153131,moyenne
BJ-D9ECF4C4,Centre Vie,Santé & Pharmacie,Houéyogbé,+229 85 74 70 58,,centrevie.bj,PME (50-200),B2C,Google Maps,3.0,Actif,2026-06-29T00:15:34.153145,moyenne
BJ-C2ACB117,Saint,Santé & Pharmacie,Houéyogbé,+229 37 39 33 78,saint@saint.benin,,PME (10-50),B2C,Google Maps,4.2,Actif,2026-06-29T00:15:34.153158,moyenne
BJ-0C36C87A,Clinique Emergency International,Santé & Pharmacie,Houéyogbé,+229 44 18 98 11,clinique.emergency.international@clinique.emergency.international.org,,PME (10-50),B2C,Google Maps,4.5,Actif,2026-06-29T00:15:34.153172,moyenne
BJ-8031A735,Vie International,Santé & Pharmacie,Malanville,+229 48 48 44 70,vie.international@vie.international.benin,vieinternational.bj,Grande (>200),B2B,Google Maps,3.1,Actif,2026-06-29T00:15:34.153192,haute
BJ-BD2FE2EE,Pharmacie Vie,Santé & Pharmacie,Malanville,+229 49 73 76 29,pharmacie.vie@pharmacie.vie.benin,pharmacievie.bj,TPE (<10),B2B,Google Maps,3.0,Actif,2026-06-29T00:15:34.153210,haute
BJ-23700D27,Médicament Centre,Santé & Pharmacie,Malanville,+229 36 50 13 82,médicament.centre@médicament.centre.net,,PME (50-200),B2B,Google Maps,3.0,Actif,2026-06-29T00:15:34.153224,moyenne
BJ-EF9A3622,Emergency Malanville,Santé & Pharmacie,Malanville,+229 84 47 54 46,emergency.malanville@emergency.malanville.org,,TPE (<10),B2C,Google Maps,3.8,Actif,2026-06-29T00:15:34.153238,moyenne
BJ-7E9B166E,Centre Saint,Santé & Pharmacie,Malanville,+229 41 21 96 17,,centresaint.bj,PME (50-200),B2B,Google Maps,4.8,Actif,2026-06-29T00:15:34.153251,moyenne
BJ-5B9E62D1,Médical Medical,Santé & Pharmacie,Kandi,+229 50 94 10 35,médical.medical@médical.medical.org,,TPE (<10),B2B,Google Maps,3.2,Actif,2026-06-29T00:15:34.153274,moyenne
BJ-CDEB5EF0,Hôpital Médical Clinique Kandi,Santé & Pharmacie,Kandi,+229 44 93 25 93,hôpital.médical.clinique.kandi@hôpital.médical.clinique.kandi.bj,hôpitalmédicalcliniquekandi.bj,TPE (<10),B2B,Google Maps,4.3,Actif,2026-06-29T00:15:34.153293,haute
BJ-C3B7AD17,Central Medical,Santé & Pharmacie,Kandi,+229 88 65 36 40,central.medical@central.medical.org,,TPE (<10),B2B,Google Maps,3.1,Actif,2026-06-29T00:15:34.153309,moyenne
BJ-433DA421,Royal Clinique Kandi,Santé & Pharmacie,Kandi,+229 68 60 29 28,royal.clinique.kandi@royal.clinique.kandi.bj,,PME (10-50),B2C,Google Maps,4.6,Actif,2026-06-29T00:15:34.153323,moyenne
BJ-519BBEE6,Santé,Santé & Pharmacie,Kandi,+229 59 38 99 87,santé@santé.benin,santé.bj,TPE (<10),B2B,Google Maps,3.2,Actif,2026-06-29T00:15:34.153337,haute
BJ-22327DCB,Pharma Hôpital,Santé & Pharmacie,Banikoara,+229 31 12 84 10,pharma.hôpital@pharma.hôpital.org,pharmahôpital.bj,TPE (<10),B2C,Google Maps,4.9,Actif,2026-06-29T00:15:34.153358,haute
BJ-74560E3E,Cabinet Urgence,Santé & Pharmacie,Banikoara,+229 61 43 77 77,,,TPE (<10),B2B,Google Maps,4.3,Actif,2026-06-29T00:15:34.153376,basse
BJ-BD90E0F3,Laboratoire Bien-être,Santé & Pharmacie,Banikoara,+229 56 53 22 20,laboratoire.bienêtre@laboratoire.bienêtre.com,laboratoirebienêtre.bj,TPE (<10),B2B,Google Maps,4.3,Actif,2026-06-29T00:15:34.153405,haute
BJ-BCF49A4B,Cabinet Urgence Banikoara,Santé & Pharmacie,Banikoara,+229 33 64 44 65,,cabineturgencebanikoara.bj,TPE (<10),B2C,Google Maps,3.3,Actif,2026-06-29T00:15:34.153419,moyenne
BJ-E7478594,Clinique Médicament,Santé & Pharmacie,Ségbana,+229 57 98 90 81,clinique.médicament@clinique.médicament.bj,cliniquemédicament.bj,TPE (<10),B2B,Google Maps,4.3,Actif,2026-06-29T00:15:34.153440,haute
BJ-287828AA,Soins Centre,Santé & Pharmacie,Ségbana,+229 93 46 91 67,soins.centre@soins.centre.org,,PME (50-200),B2B,Google Maps,4.5,Actif,2026-06-29T00:15:34.153453,moyenne
BJ-EE62ED43,Royal Hôpital,Santé & Pharmacie,Ségbana,+229 40 30 84 30,royal.hôpital@royal.hôpital.org,royalhôpital.bj,PME (10-50),B2C,Google Maps,4.4,Actif,2026-06-29T00:15:34.153479,haute
BJ-85AB437B,Bien-être International,Santé & Pharmacie,Ségbana,+229 57 14 27 14,bienêtre.international@bienêtre.international.com,bienêtreinternational.bj,TPE (<10),B2C,Google Maps,5.0,Actif,2026-06-29T00:15:34.153494,haute
BJ-E58C598C,Laboratoire Urgence,Santé & Pharmacie,Karimama,+229 44 80 29 29,laboratoire.urgence@laboratoire.urgence.net,laboratoireurgence.bj,PME (10-50),B2C,Google Maps,5.0,Actif,2026-06-29T00:15:34.153513,haute
BJ-2F0DBE3F,Cabinet Soins,Santé & Pharmacie,Karimama,+229 31 56 88 17,,cabinetsoins.bj,TPE (<10),B2C,Google Maps,3.2,Actif,2026-06-29T00:15:34.153530,moyenne
BJ-A2DFA975,Soins,Santé & Pharmacie,Karimama,+229 80 66 78 18,soins@soins.net,,PME (50-200),B2C,Google Maps,3.9,Actif,2026-06-29T00:15:34.153543,moyenne
BJ-168674BB,Central Medical,Santé & Pharmacie,Karimama,+229 55 71 67 67,central.medical@central.medical.org,centralmedical.bj,PME (10-50),B2C,Google Maps,4.6,Actif,2026-06-29T00:15:34.153560,haute
BJ-C19EB75C,Nouveau,Santé & Pharmacie,Gogounou,+229 24 92 61 89,nouveau@nouveau.net,,Grande (>200),B2B,Google Maps,4.7,Actif,2026-06-29T00:15:34.153594,moyenne
BJ-187361B1,Cabinet Santé Cabinet,Santé & Pharmacie,Gogounou,+229 79 77 48 71,cabinet.santé.cabinet@cabinet.santé.cabinet.org,cabinetsantécabinet.bj,Grande (>200),B2C,Google Maps,4.1,Actif,2026-06-29T00:15:34.153609,haute
BJ-A61DEE41,Clinique Guérison Cabinet Gogounou,Santé & Pharmacie,Gogounou,+229 74 83 49 19,clinique.guérison.cabinet.gogounou@clinique.guérison.cabinet.gogounou.net,,PME (10-50),B2B,Google Maps,3.4,Actif,2026-06-29T00:15:34.153624,moyenne
BJ-649608FF,Sainte,Santé & Pharmacie,Gogounou,+229 93 29 57 79,,sainte.bj,PME (10-50),B2C,Google Maps,4.9,Actif,2026-06-29T00:15:34.153636,moyenne
BJ-6EB3A962,Clinique Guérison International,Santé & Pharmacie,Gogounou,+229 88 51 20 54,,cliniqueguérisoninternational.bj,PME (50-200),B2C,Google Maps,4.2,Actif,2026-06-29T00:15:34.153650,moyenne
BJ-4C7DBB11,Pharma,Santé & Pharmacie,Cobly,+229 43 89 21 69,pharma@pharma.net,pharma.bj,TPE (<10),B2B,Google Maps,3.3,Actif,2026-06-29T00:15:34.153673,haute
BJ-261A1A01,Laboratoire Médicament Cobly,Santé & Pharmacie,Cobly,+229 35 45 45 21,laboratoire.médicament.cobly@laboratoire.médicament.cobly.org,laboratoiremédicamentcobly.bj,PME (10-50),B2C,Google Maps,3.1,Actif,2026-06-29T00:15:34.153695,haute
BJ-66851FE8,Saint Clinique Cobly,Santé & Pharmacie,Cobly,+229 44 63 21 79,saint.clinique.cobly@saint.clinique.cobly.net,,PME (10-50),B2C,Google Maps,3.7,Actif,2026-06-29T00:15:34.153709,moyenne
BJ-1629C3AE,Pharmacie Médical Bénin Cobly,Santé & Pharmacie,Cobly,+229 86 10 50 36,pharmacie.médical.bénin.cobly@pharmacie.médical.bénin.cobly.org,pharmaciemédicalbénincobly.bj,PME (50-200),B2B,Google Maps,4.7,Actif,2026-06-29T00:15:34.153725,haute
BJ-9C98F546,Médicament Cabinet,Santé & Pharmacie,Cobly,+229 54 84 61 99,,,PME (10-50),B2C,Google Maps,3.4,Actif,2026-06-29T00:15:34.153737,basse
BJ-DFA2F8F0,Soins,Santé & Pharmacie,Tanguiéta,+229 37 54 35 31,,soins.bj,PME (50-200),B2C,Google Maps,3.5,Actif,2026-06-29T00:15:34.153770,moyenne
BJ-433CF8FD,Pharmacie Santé,Santé & Pharmacie,Tanguiéta,+229 49 28 85 52,pharmacie.santé@pharmacie.santé.bj,pharmaciesanté.bj,PME (10-50),B2C,Google Maps,4.8,Actif,2026-06-29T00:15:34.153784,haute
BJ-74C5885E,Laboratoire Pharma,Santé & Pharmacie,Tanguiéta,+229 65 98 78 66,,laboratoirepharma.bj,TPE (<10),B2C,Google Maps,3.2,Actif,2026-06-29T00:15:34.153796,moyenne
BJ-B27C2AC7,Soins Medical Tanguiéta,Santé & Pharmacie,Tanguiéta,+229 84 19 60 67,,,TPE (<10),B2C,Google Maps,3.4,Actif,2026-06-29T00:15:34.153808,basse
BJ-5384F762,Clinique Soins Hôpital Matéri,Santé & Pharmacie,Matéri,+229 53 83 72 93,,cliniquesoinshôpitalmatéri.bj,PME (10-50),B2B,Google Maps,4.2,Actif,2026-06-29T00:15:34.153828,moyenne
BJ-91F37D2A,Hôpital Médicament,Santé & Pharmacie,Matéri,+229 63 23 47 29,hôpital.médicament@hôpital.médicament.net,hôpitalmédicament.bj,TPE (<10),B2B,Google Maps,4.3,Actif,2026-06-29T00:15:34.153846,haute
BJ-1EBA433C,Laboratoire Médical Matéri,Santé & Pharmacie,Matéri,+229 28 31 29 19,,,Grande (>200),B2C,Google Maps,3.6,Actif,2026-06-29T00:15:34.153862,basse
BJ-293AA06A,Hôpital Central,Santé & Pharmacie,Matéri,+229 34 50 16 41,hôpital.central@hôpital.central.bj,hôpitalcentral.bj,TPE (<10),B2C,Google Maps,3.5,Actif,2026-06-29T00:15:34.153878,haute
BJ-CC9687F7,Hôpital Nouveau Centre,Santé & Pharmacie,Matéri,+229 90 66 80 91,hôpital.nouveau.centre@hôpital.nouveau.centre.org,hôpitalnouveaucentre.bj,PME (10-50),B2C,Google Maps,4.1,Actif,2026-06-29T00:15:34.153903,haute
BJ-16253237,Cabinet Soins Medical,Santé & Pharmacie,Natitingou,+229 49 46 16 87,,cabinetsoinsmedical.bj,PME (50-200),B2C,Google Maps,3.6,Actif,2026-06-29T00:15:34.153932,moyenne
BJ-5CF8EC4F,Soins Clinique,Santé & Pharmacie,Natitingou,+229 43 85 47 89,soins.clinique@soins.clinique.benin,soinsclinique.bj,Grande (>200),B2B,Google Maps,3.8,Actif,2026-06-29T00:15:34.153947,haute
BJ-D86BD8E7,Cabinet Nouveau Natitingou,Santé & Pharmacie,Natitingou,+229 80 98 14 86,cabinet.nouveau.natitingou@cabinet.nouveau.natitingou.net,cabinetnouveaunatitingou.bj,TPE (<10),B2C,Google Maps,4.5,Actif,2026-06-29T00:15:34.153962,haute
BJ-F061CDE8,Laboratoire Urgence Natitingou,Santé & Pharmacie,Natitingou,+229 53 41 59 77,laboratoire.urgence.natitingou@laboratoire.urgence.natitingou.com,laboratoireurgencenatitingou.bj,TPE (<10),B2B,Google Maps,4.8,Actif,2026-06-29T00:15:34.153976,haute
BJ-1740AF25,Saint International,Santé & Pharmacie,Natitingou,+229 36 41 28 39,saint.international@saint.international.org,,TPE (<10),B2B,Google Maps,4.5,Actif,2026-06-29T00:15:34.153989,moyenne
BJ-FFE3602F,Hôpital Royal,Santé & Pharmacie,Toucountouna,+229 42 26 26 55,hôpital.royal@hôpital.royal.benin,,PME (10-50),B2B,Google Maps,5.0,Actif,2026-06-29T00:15:34.154009,moyenne
BJ-E4D05AC9,Cabinet Emergency Medical,Santé & Pharmacie,Toucountouna,+229 91 54 83 43,cabinet.emergency.medical@cabinet.emergency.medical.org,cabinetemergencymedical.bj,Grande (>200),B2C,Google Maps,5.0,Actif,2026-06-29T00:15:34.154041,haute
BJ-935209F7,Soins,Santé & Pharmacie,Toucountouna,+229 61 56 20 32,,,TPE (<10),B2B,Google Maps,3.7,Actif,2026-06-29T00:15:34.154053,basse
BJ-B2B2F903,Pharma Centre,Santé & Pharmacie,Toucountouna,+229 67 73 61 44,,pharmacentre.bj,PME (10-50),B2C,Google Maps,4.1,Actif,2026-06-29T00:15:34.154066,moyenne
BJ-626AC060,Cabinet Royal,Santé & Pharmacie,Boukoumbé,+229 42 94 38 24,,cabinetroyal.bj,TPE (<10),B2B,Google Maps,4.4,Actif,2026-06-29T00:15:34.154084,moyenne
BJ-258F93B3,Centre Guérison Centre,Santé & Pharmacie,Boukoumbé,+229 65 79 50 28,centre.guérison.centre@centre.guérison.centre.org,,TPE (<10),B2C,Google Maps,3.9,Actif,2026-06-29T00:15:34.154100,moyenne
BJ-0E14E624,Pharmacie Pharma,Santé & Pharmacie,Boukoumbé,+229 55 20 84 10,pharmacie.pharma@pharmacie.pharma.benin,,TPE (<10),B2C,Google Maps,3.7,Actif,2026-06-29T00:15:34.154134,moyenne
BJ-57BABE1A,Pharmacie Santé International,Santé & Pharmacie,Boukoumbé,+229 60 13 23 13,,pharmaciesantéinternational.bj,TPE (<10),B2C,Google Maps,4.5,Actif,2026-06-29T00:15:34.154149,moyenne
BJ-FAC5CF76,Centre Urgence,Santé & Pharmacie,Kouandé,+229 26 81 93 33,,,PME (50-200),B2B,Google Maps,3.4,Actif,2026-06-29T00:15:34.154186,basse
BJ-77E02B5C,Royal Centre,Santé & Pharmacie,Kouandé,+229 91 78 44 72,royal.centre@royal.centre.com,,PME (10-50),B2B,Google Maps,3.9,Actif,2026-06-29T00:15:34.154212,moyenne
BJ-FF633378,Clinique Médical Bénin,Santé & Pharmacie,Kouandé,+229 33 25 89 79,clinique.médical.bénin@clinique.médical.bénin.com,,PME (10-50),B2C,Google Maps,4.5,Actif,2026-06-29T00:15:34.154225,moyenne
BJ-AA848FC3,Centre Sainte Clinique,Santé & Pharmacie,Péhunco,+229 86 18 38 56,centre.sainte.clinique@centre.sainte.clinique.com,centresainteclinique.bj,PME (10-50),B2C,Google Maps,4.6,Actif,2026-06-29T00:15:34.154245,haute
BJ-C748B8D4,Santé,Santé & Pharmacie,Péhunco,+229 78 40 23 66,santé@santé.bj,,PME (50-200),B2C,Google Maps,3.8,Actif,2026-06-29T00:15:34.154273,moyenne
BJ-DDAF6E9B,Central Péhunco,Santé & Pharmacie,Péhunco,+229 83 99 38 97,central.péhunco@central.péhunco.bj,,PME (10-50),B2C,Google Maps,4.1,Actif,2026-06-29T00:15:34.154287,moyenne
BJ-3B579FAB,Sainte Medical,Santé & Pharmacie,Péhunco,+229 44 72 51 29,,saintemedical.bj,PME (10-50),B2C,Google Maps,4.7,Actif,2026-06-29T00:15:34.154300,moyenne
BJ-B9A9AF87,Soins,Santé & Pharmacie,Tchaourou,+229 22 77 98 34,,soins.bj,PME (50-200),B2B,Google Maps,4.8,Actif,2026-06-29T00:15:34.154335,moyenne
BJ-71AD90C8,Clinique Santé,Santé & Pharmacie,Tchaourou,+229 51 34 83 58,clinique.santé@clinique.santé.bj,cliniquesanté.bj,PME (10-50),B2C,Google Maps,3.1,Actif,2026-06-29T00:15:34.154350,haute
BJ-35520325,Clinique Emergency,Santé & Pharmacie,Tchaourou,+229 43 43 65 15,clinique.emergency@clinique.emergency.org,cliniqueemergency.bj,Grande (>200),B2C,Google Maps,5.0,Actif,2026-06-29T00:15:34.154368,haute
BJ-74DE288D,Laboratoire Soins,Santé & Pharmacie,Tchaourou,+229 68 53 78 49,,,TPE (<10),B2B,Google Maps,4.3,Actif,2026-06-29T00:15:34.154380,basse
BJ-C9EAB044,Clinique Vie International,Santé & Pharmacie,Nikki,+229 57 82 32 29,clinique.vie.international@clinique.vie.international.com,,PME (50-200),B2B,Google Maps,3.3,Actif,2026-06-29T00:15:34.154399,moyenne
BJ-D0BF635F,Nouveau,Santé & Pharmacie,Nikki,+229 90 88 34 82,nouveau@nouveau.benin,nouveau.bj,TPE (<10),B2C,Google Maps,4.9,Actif,2026-06-29T00:15:34.154413,haute
BJ-7997285A,Pharmacie Soins,Santé & Pharmacie,Nikki,+229 63 51 83 39,,pharmaciesoins.bj,TPE (<10),B2B,Google Maps,3.6,Actif,2026-06-29T00:15:34.154426,moyenne
BJ-81DA628A,Saint Medical,Santé & Pharmacie,Nikki,+229 51 52 64 13,saint.medical@saint.medical.bj,,Grande (>200),B2B,Google Maps,3.5,Actif,2026-06-29T00:15:34.154439,moyenne
BJ-76F8BC6F,Clinique Central Clinique,Santé & Pharmacie,Nikki,+229 69 35 80 31,clinique.central.clinique@clinique.central.clinique.benin,cliniquecentralclinique.bj,Grande (>200),B2C,Google Maps,3.8,Actif,2026-06-29T00:15:34.154453,haute
BJ-B08F7DF2,Pharmacie Emergency,Santé & Pharmacie,Bembéréké,+229 52 75 48 19,pharmacie.emergency@pharmacie.emergency.bj,,PME (10-50),B2B,Google Maps,3.9,Actif,2026-06-29T00:15:34.154472,moyenne
BJ-A0C6BD5F,Clinique Guérison,Santé & Pharmacie,Bembéréké,+229 83 46 95 84,,,TPE (<10),B2C,Google Maps,4.2,Actif,2026-06-29T00:15:34.154488,basse
BJ-24B539F0,Clinique Vie Hôpital,Santé & Pharmacie,Bembéréké,+229 74 24 26 23,clinique.vie.hôpital@clinique.vie.hôpital.org,cliniqueviehôpital.bj,TPE (<10),B2C,Google Maps,4.1,Actif,2026-06-29T00:15:34.154504,haute
BJ-A5338782,Royal Bembéréké,Santé & Pharmacie,Bembéréké,+229 27 60 30 97,,,PME (10-50),B2C,Google Maps,4.5,Actif,2026-06-29T00:15:34.154518,basse
BJ-8C6780AA,Centre Emergency,Santé & Pharmacie,Bembéréké,+229 32 31 12 99,,centreemergency.bj,PME (50-200),B2C,Google Maps,3.8,Actif,2026-06-29T00:15:34.154535,moyenne
BJ-4EA3DF6A,Clinique Médicament,Santé & Pharmacie,Kalalé,+229 30 79 57 32,clinique.médicament@clinique.médicament.bj,,TPE (<10),B2B,Google Maps,3.4,Actif,2026-06-29T00:15:34.154556,moyenne
BJ-C879F9A0,Cabinet Santé Hôpital,Santé & Pharmacie,Kalalé,+229 73 61 39 52,cabinet.santé.hôpital@cabinet.santé.hôpital.net,cabinetsantéhôpital.bj,PME (10-50),B2C,Google Maps,4.0,Actif,2026-06-29T00:15:34.154572,haute
BJ-3D578304,Cabinet Soins Centre,Santé & Pharmacie,Kalalé,+229 95 93 29 24,,cabinetsoinscentre.bj,PME (10-50),B2B,Google Maps,3.7,Actif,2026-06-29T00:15:34.154585,moyenne
BJ-520D01D2,Central,Santé & Pharmacie,Kalalé,+229 87 88 45 17,central@central.benin,central.bj,PME (50-200),B2C,Google Maps,5.0,Actif,2026-06-29T00:15:34.154599,haute
BJ-06D0DD30,Nouveau International Kalalé,Santé & Pharmacie,Kalalé,+229 98 50 66 34,nouveau.international.kalalé@nouveau.international.kalalé.com,nouveauinternationalkalalé.bj,PME (50-200),B2C,Google Maps,4.9,Actif,2026-06-29T00:15:34.154624,haute
BJ-E035FAC2,Soins Medical,Santé & Pharmacie,Ndali,+229 96 14 77 61,soins.medical@soins.medical.benin,soinsmedical.bj,TPE (<10),B2B,Google Maps,4.9,Actif,2026-06-29T00:15:34.154645,haute
BJ-DC37C23C,Saint Centre Ndali,Santé & Pharmacie,Ndali,+229 92 74 26 68,saint.centre.ndali@saint.centre.ndali.net,saintcentrendali.bj,PME (10-50),B2C,Google Maps,4.4,Actif,2026-06-29T00:15:34.154663,haute
BJ-2D65D0D4,Clinique Guérison,Santé & Pharmacie,Ndali,+229 77 82 51 26,clinique.guérison@clinique.guérison.org,,TPE (<10),B2B,Google Maps,4.1,Actif,2026-06-29T00:15:34.154678,moyenne
BJ-93425C9D,Central Hôpital,Santé & Pharmacie,Ndali,+229 86 18 76 56,central.hôpital@central.hôpital.bj,,PME (50-200),B2B,Google Maps,3.2,Actif,2026-06-29T00:15:34.154709,moyenne
BJ-C8FB05D2,Laboratoire Urgence Hôpital Ségbana,Santé & Pharmacie,Ségbana,+229 77 90 56 99,,laboratoireurgencehôpitalségbana.bj,PME (10-50),B2C,Google Maps,3.0,Actif,2026-06-29T00:15:34.154733,moyenne
BJ-B421E25A,Laboratoire Guérison Cabinet,Santé & Pharmacie,Ségbana,+229 82 66 54 63,,laboratoireguérisoncabinet.bj,PME (10-50),B2C,Google Maps,4.7,Actif,2026-06-29T00:15:34.154748,moyenne
BJ-BD896659,Hôpital Pharma,Santé & Pharmacie,Ségbana,+229 86 83 24 31,hôpital.pharma@hôpital.pharma.org,hôpitalpharma.bj,TPE (<10),B2C,Google Maps,4.5,Actif,2026-06-29T00:15:34.154762,haute
BJ-77B5A1B9,Pharmacie Sainte Medical,Santé & Pharmacie,Ségbana,+229 78 61 28 80,pharmacie.sainte.medical@pharmacie.sainte.medical.benin,,PME (10-50),B2B,Google Maps,4.1,Actif,2026-06-29T00:15:34.154777,moyenne
BJ-2CF6CEDB,Urgence Cabinet,Santé & Pharmacie,Ségbana,+229 87 42 70 38,,urgencecabinet.bj,TPE (<10),B2B,Google Maps,3.1,Actif,2026-06-29T00:15:34.154791,moyenne
BJ-EE78FC6A,Soins Hôpital,Santé & Pharmacie,Tchaourou,+229 23 19 12 56,soins.hôpital@soins.hôpital.net,,PME (10-50),B2B,Google Maps,4.3,Actif,2026-06-29T00:15:34.154828,moyenne
BJ-26B850A9,Pharma Tchaourou,Santé & Pharmacie,Tchaourou,+229 46 39 71 66,,pharmatchaourou.bj,TPE (<10),B2B,Google Maps,5.0,Actif,2026-06-29T00:15:34.154843,moyenne
BJ-AEC981A3,Clinique Royal Medical,Santé & Pharmacie,Tchaourou,+229 22 75 90 37,clinique.royal.medical@clinique.royal.medical.net,cliniqueroyalmedical.bj,PME (50-200),B2C,Google Maps,3.1,Actif,2026-06-29T00:15:34.154860,haute
BJ-E55CF110,Centre Royal International,Santé & Pharmacie,Tchaourou,+229 38 99 87 87,,,PME (50-200),B2C,Google Maps,4.4,Actif,2026-06-29T00:15:34.154911,basse
BJ-9C2F4E21,Médical Bétérou,Santé & Pharmacie,Bétérou,+229 93 93 29 66,médical.bétérou@médical.bétérou.net,médicalbétérou.bj,PME (10-50),B2C,Google Maps,3.5,Actif,2026-06-29T00:15:34.154939,haute
BJ-6EE0110F,Clinique Santé,Santé & Pharmacie,Bétérou,+229 41 54 63 29,clinique.santé@clinique.santé.benin,,TPE (<10),B2C,Google Maps,3.2,Actif,2026-06-29T00:15:34.154954,moyenne
BJ-A9845BF7,Centre Central Clinique Bétérou,Santé & Pharmacie,Bétérou,+229 71 90 68 67,,centrecentralcliniquebétérou.bj,PME (10-50),B2B,Google Maps,4.5,Actif,2026-06-29T00:15:34.154969,moyenne
BJ-BC5C9FFC,Royal Medical,Santé & Pharmacie,Bétérou,+229 69 50 22 51,royal.medical@royal.medical.benin,royalmedical.bj,PME (50-200),B2B,Google Maps,4.1,Actif,2026-06-29T00:15:34.154998,haute
BJ-F4EDFCB9,Bien-être Bénin,Santé & Pharmacie,Ouessè,+229 45 65 97 94,,bienêtrebénin.bj,TPE (<10),B2C,Google Maps,4.4,Actif,2026-06-29T00:15:34.155019,moyenne
BJ-CB9856F8,Cabinet Nouveau Cabinet,Santé & Pharmacie,Ouessè,+229 97 51 47 61,,,Grande (>200),B2C,Google Maps,3.1,Actif,2026-06-29T00:15:34.155036,basse
BJ-EC68210A,Bien-être,Santé & Pharmacie,Ouessè,+229 97 64 88 49,,bienêtre.bj,PME (50-200),B2C,Google Maps,3.8,Actif,2026-06-29T00:15:34.155053,moyenne
BJ-EDEB5516,Laboratoire Central,Santé & Pharmacie,Ouessè,+229 56 87 91 35,laboratoire.central@laboratoire.central.net,laboratoirecentral.bj,TPE (<10),B2B,Google Maps,4.1,Actif,2026-06-29T00:15:34.155067,haute
BJ-ADDB27B9,Laboratoire Nouveau,Santé & Pharmacie,Ouessè,+229 20 34 93 12,laboratoire.nouveau@laboratoire.nouveau.com,laboratoirenouveau.bj,PME (50-200),B2B,Google Maps,4.8,Actif,2026-06-29T00:15:34.155082,haute
BJ-406B70D5,Pharmacie Vie Hôpital,Santé & Pharmacie,Glazoué,+229 74 42 14 32,,pharmacieviehôpital.bj,Grande (>200),B2B,Google Maps,3.1,Actif,2026-06-29T00:15:34.155102,moyenne
BJ-9BE3514C,Saint,Santé & Pharmacie,Glazoué,+229 59 20 81 25,,saint.bj,PME (50-200),B2B,Google Maps,4.8,Actif,2026-06-29T00:15:34.155115,moyenne
BJ-5C25694D,Hôpital Royal Centre,Santé & Pharmacie,Glazoué,+229 79 79 75 80,,hôpitalroyalcentre.bj,TPE (<10),B2C,Google Maps,3.8,Actif,2026-06-29T00:15:34.155143,moyenne
BJ-C445475D,Pharmacie Central Clinique Glazoué,Santé & Pharmacie,Glazoué,+229 75 61 13 86,,pharmaciecentralcliniqueglazoué.bj,PME (50-200),B2B,Google Maps,4.4,Actif,2026-06-29T00:15:34.155158,moyenne
BJ-8724974C,Pharma Pharmacie,Santé & Pharmacie,Dassa-Zoumè,+229 23 43 77 16,,,TPE (<10),B2B,Google Maps,4.2,Actif,2026-06-29T00:15:34.155176,basse
BJ-ED80EB9C,Centre Royal,Santé & Pharmacie,Dassa-Zoumè,+229 98 59 67 67,centre.royal@centre.royal.bj,,TPE (<10),B2C,Google Maps,4.6,Actif,2026-06-29T00:15:34.155196,moyenne
BJ-537EC450,Saint Centre,Santé & Pharmacie,Dassa-Zoumè,+229 50 21 66 95,saint.centre@saint.centre.com,,TPE (<10),B2C,Google Maps,4.2,Actif,2026-06-29T00:15:34.155210,moyenne
BJ-2EB2A8CE,Emergency Centre,Santé & Pharmacie,Dassa-Zoumè,+229 78 29 15 30,,emergencycentre.bj,TPE (<10),B2C,Google Maps,3.5,Actif,2026-06-29T00:15:34.155223,moyenne
BJ-2DF86461,Laboratoire Pharma,Santé & Pharmacie,Dassa-Zoumè,+229 45 41 24 31,,laboratoirepharma.bj,TPE (<10),B2B,Google Maps,3.1,Actif,2026-06-29T00:15:34.155236,moyenne
BJ-B38704D3,Hôpital Royal,Santé & Pharmacie,Savalou,+229 58 85 61 85,hôpital.royal@hôpital.royal.org,hôpitalroyal.bj,PME (10-50),B2B,Google Maps,4.9,Actif,2026-06-29T00:15:34.155257,haute
BJ-2DDE1AF1,Cabinet Nouveau Cabinet,Santé & Pharmacie,Savalou,+229 39 37 62 58,cabinet.nouveau.cabinet@cabinet.nouveau.cabinet.benin,cabinetnouveaucabinet.bj,Grande (>200),B2B,Google Maps,3.8,Actif,2026-06-29T00:15:34.155272,haute
BJ-815F3FB2,Bien-être Medical,Santé & Pharmacie,Savalou,+229 54 11 35 29,bienêtre.medical@bienêtre.medical.bj,bienêtremedical.bj,TPE (<10),B2C,Google Maps,4.2,Actif,2026-06-29T00:15:34.155288,haute
BJ-99FAB0C3,Pharmacie Urgence,Santé & Pharmacie,Savalou,+229 28 62 34 27,pharmacie.urgence@pharmacie.urgence.com,,TPE (<10),B2C,Google Maps,3.9,Actif,2026-06-29T00:15:34.155315,moyenne
BJ-27F33D23,Emergency Bénin Bantè,Santé & Pharmacie,Bantè,+229 89 41 31 74,emergency.bénin.bantè@emergency.bénin.bantè.bj,,PME (10-50),B2B,Google Maps,3.9,Actif,2026-06-29T00:15:34.155341,moyenne
BJ-E3928C9D,Santé Pharmacie,Santé & Pharmacie,Bantè,+229 89 55 70 89,,,Grande (>200),B2B,Google Maps,4.7,Actif,2026-06-29T00:15:34.155358,basse
BJ-6A2E91B2,Royal,Santé & Pharmacie,Bantè,+229 38 64 88 38,royal@royal.net,royal.bj,PME (50-200),B2B,Google Maps,4.4,Actif,2026-06-29T00:15:34.155376,haute
BJ-1D23AA45,Centre Saint Centre,Santé & Pharmacie,Bantè,+229 31 50 57 44,centre.saint.centre@centre.saint.centre.benin,centresaintcentre.bj,TPE (<10),B2B,Google Maps,3.2,Actif,2026-06-29T00:15:34.155391,haute
BJ-443911F2,Pharmacie Santé Clinique,Santé & Pharmacie,Bantè,+229 51 33 97 21,pharmacie.santé.clinique@pharmacie.santé.clinique.benin,,PME (10-50),B2C,Google Maps,3.4,Actif,2026-06-29T00:15:34.155405,moyenne
BJ-D95ADEAB,Cabinet Vie,Santé & Pharmacie,Djougou,+229 45 14 27 46,cabinet.vie@cabinet.vie.com,cabinetvie.bj,PME (50-200),B2B,Google Maps,4.8,Actif,2026-06-29T00:15:34.155427,haute
BJ-0A2AA5BC,Royal Cabinet Djougou,Santé & Pharmacie,Djougou,+229 90 54 72 62,,,PME (10-50),B2B,Google Maps,3.0,Actif,2026-06-29T00:15:34.155457,basse
BJ-02408B18,Cabinet Royal Clinique,Santé & Pharmacie,Djougou,+229 62 26 62 78,cabinet.royal.clinique@cabinet.royal.clinique.org,cabinetroyalclinique.bj,TPE (<10),B2C,Google Maps,4.9,Actif,2026-06-29T00:15:34.155486,haute
BJ-4FCF9633,Pharma Cabinet,Santé & Pharmacie,Ouèssè,+229 98 52 72 11,,pharmacabinet.bj,TPE (<10),B2C,Google Maps,3.8,Actif,2026-06-29T00:15:34.155508,moyenne
BJ-849DAC11,Clinique Soins Medical,Santé & Pharmacie,Ouèssè,+229 55 67 86 94,clinique.soins.medical@clinique.soins.medical.benin,,PME (10-50),B2B,Google Maps,4.9,Actif,2026-06-29T00:15:34.155527,moyenne
BJ-EA39939C,Médicament Centre Ouèssè,Santé & Pharmacie,Ouèssè,+229 96 25 61 37,,,PME (10-50),B2B,Google Maps,3.6,Actif,2026-06-29T00:15:34.155545,basse
BJ-09106A74,Cabinet Pharma Hôpital Ouèssè,Santé & Pharmacie,Ouèssè,+229 61 82 82 81,cabinet.pharma.hôpital.ouèssè@cabinet.pharma.hôpital.ouèssè.bj,cabinetpharmahôpitalouèssè.bj,TPE (<10),B2B,Google Maps,4.9,Actif,2026-06-29T00:15:34.155562,haute
BJ-35AFA93A,Urgence Bénin,Santé & Pharmacie,Ouèssè,+229 96 47 48 38,,urgencebénin.bj,Grande (>200),B2B,Google Maps,3.2,Actif,2026-06-29T00:15:34.155577,moyenne
BJ-1A1D565A,Centre Royal Bénin Bassila,Santé & Pharmacie,Bassila,+229 26 27 50 66,centre.royal.bénin.bassila@centre.royal.bénin.bassila.net,,TPE (<10),B2C,Google Maps,3.5,Actif,2026-06-29T00:15:34.155604,moyenne
BJ-138D3498,Pharma Hôpital,Santé & Pharmacie,Bassila,+229 34 16 70 54,pharma.hôpital@pharma.hôpital.net,pharmahôpital.bj,TPE (<10),B2B,Google Maps,4.3,Actif,2026-06-29T00:15:34.155622,haute
BJ-C297EA9E,Pharmacie Sainte Bénin,Santé & Pharmacie,Bassila,+229 80 72 56 32,,,TPE (<10),B2C,Google Maps,3.9,Actif,2026-06-29T00:15:34.155636,basse
BJ-A831A3CC,Saint Pharmacie,Santé & Pharmacie,Bassila,+229 29 27 41 34,saint.pharmacie@saint.pharmacie.benin,,TPE (<10),B2C,Google Maps,3.3,Actif,2026-06-29T00:15:34.155651,moyenne
BJ-EC1DD213,Médicament Bénin,Santé & Pharmacie,Bassila,+229 57 15 46 20,médicament.bénin@médicament.bénin.benin,médicamentbénin.bj,TPE (<10),B2B,Google Maps,4.5,Actif,2026-06-29T00:15:34.155667,haute
BJ-174AA3DB,Pharmacie Sainte Clinique,Santé & Pharmacie,Pehunco,+229 69 53 53 48,pharmacie.sainte.clinique@pharmacie.sainte.clinique.org,pharmaciesainteclinique.bj,PME (10-50),B2B,Google Maps,3.2,Actif,2026-06-29T00:15:34.155690,haute
BJ-2B57C72D,Hôpital Santé International,Santé & Pharmacie,Pehunco,+229 31 92 91 32,hôpital.santé.international@hôpital.santé.international.bj,hôpitalsantéinternational.bj,PME (10-50),B2B,Google Maps,4.4,Actif,2026-06-29T00:15:34.155711,haute
BJ-F3B97018,Hôpital Médicament Centre,Santé & Pharmacie,Pehunco,+229 59 22 75 49,,hôpitalmédicamentcentre.bj,PME (10-50),B2B,Google Maps,3.6,Actif,2026-06-29T00:15:34.155727,moyenne
BJ-1ECD78B2,Clinique Emergency Centre,Santé & Pharmacie,Pehunco,+229 31 54 47 29,,cliniqueemergencycentre.bj,Grande (>200),B2B,Google Maps,4.6,Actif,2026-06-29T00:15:34.155745,moyenne
BJ-BFF3F568,Hôpital Vie,Santé & Pharmacie,Copargo,+229 95 50 74 15,,hôpitalvie.bj,PME (10-50),B2C,Google Maps,4.2,Actif,2026-06-29T00:15:34.155781,moyenne
BJ-B35DA97C,Laboratoire Emergency Medical,Santé & Pharmacie,Copargo,+229 68 99 63 29,,laboratoireemergencymedical.bj,TPE (<10),B2C,Google Maps,3.9,Actif,2026-06-29T00:15:34.155794,moyenne
BJ-BA6773A5,Cabinet Vie International,Santé & Pharmacie,Copargo,+229 96 65 35 10,cabinet.vie.international@cabinet.vie.international.bj,cabinetvieinternational.bj,PME (50-200),B2C,Google Maps,3.3,Actif,2026-06-29T00:15:34.155808,haute
BJ-50A4522E,Hôpital Central Medical Copargo,Santé & Pharmacie,Copargo,+229 61 96 75 80,hôpital.central.medical.copargo@hôpital.central.medical.copargo.net,hôpitalcentralmedicalcopargo.bj,PME (10-50),B2C,Google Maps,4.0,Actif,2026-06-29T00:15:34.155823,haute
BJ-2E56D832,Centre Pharma,Santé & Pharmacie,Copargo,+229 78 37 30 59,,centrepharma.bj,PME (50-200),B2B,Google Maps,3.5,Actif,2026-06-29T00:15:34.155836,moyenne
BJ-A43BA08A,Assurance International Cotonou,Finance & Assurance,Cotonou,+229 38 48 89 46,assurance.international.cotonou@assurance.international.cotonou.com,assuranceinternationalcotonou.bj,Grande (>200),B2B,Google Maps,4.9,Actif,2026-06-29T00:15:34.155860,haute
BJ-E5A2625C,Africa,Finance & Assurance,Cotonou,+229 82 26 13 97,africa@africa.benin,,PME (50-200),B2B,Google Maps,3.9,Actif,2026-06-29T00:15:34.155878,moyenne
BJ-C531ABC3,Société Capital,Finance & Assurance,Cotonou,+229 38 83 85 35,,,TPE (<10),B2C,Google Maps,4.3,Actif,2026-06-29T00:15:34.155905,basse
BJ-BCA5F294,Banque Épargne Finance,Finance & Assurance,Cotonou,+229 33 87 23 89,banque.épargne.finance@banque.épargne.finance.bj,banqueépargnefinance.bj,TPE (<10),B2C,Google Maps,4.3,Actif,2026-06-29T00:15:34.155927,haute
BJ-18779F14,Société Assurance,Finance & Assurance,Abomey-Calavi,+229 85 50 81 46,société.assurance@société.assurance.net,sociétéassurance.bj,TPE (<10),B2C,Google Maps,3.7,Actif,2026-06-29T00:15:34.155966,haute
BJ-01F14A23,Investissement SA,Finance & Assurance,Abomey-Calavi,+229 86 98 54 90,investissement.sa@investissement.sa.org,investissementsa.bj,TPE (<10),B2C,Google Maps,3.3,Actif,2026-06-29T00:15:34.155980,haute
BJ-0232CE54,Banque Bénin,Finance & Assurance,Abomey-Calavi,+229 54 40 72 22,banque.bénin@banque.bénin.bj,,PME (50-200),B2C,Google Maps,3.6,Actif,2026-06-29T00:15:34.155994,moyenne
BJ-8595BE50,Investissement Assurances,Finance & Assurance,Abomey-Calavi,+229 33 26 31 72,investissement.assurances@investissement.assurances.net,investissementassurances.bj,TPE (<10),B2B,Google Maps,3.7,Actif,2026-06-29T00:15:34.156008,haute
BJ-8C6896AB,Crédit,Finance & Assurance,Abomey-Calavi,+229 63 88 10 60,crédit@crédit.benin,crédit.bj,PME (10-50),B2C,Google Maps,3.6,Actif,2026-06-29T00:15:34.156022,haute
BJ-3F618D51,Protection International Porto-Novo,Finance & Assurance,Porto-Novo,+229 59 57 94 38,protection.international.portonovo@protection.international.portonovo.org,protectioninternationalportonovo.bj,Grande (>200),B2C,Google Maps,4.4,Actif,2026-06-29T00:15:34.156047,haute
BJ-9117C756,Cabinet Capital Capital,Finance & Assurance,Porto-Novo,+229 93 93 33 36,,cabinetcapitalcapital.bj,TPE (<10),B2C,Google Maps,4.5,Actif,2026-06-29T00:15:34.156068,moyenne
BJ-138B1760,Bénin Bank,Finance & Assurance,Porto-Novo,+229 74 62 10 47,bénin.bank@bénin.bank.bj,béninbank.bj,TPE (<10),B2C,Google Maps,3.1,Actif,2026-06-29T00:15:34.156085,haute
BJ-D5458BE2,Crédit,Finance & Assurance,Porto-Novo,+229 73 53 38 13,,crédit.bj,TPE (<10),B2C,Google Maps,3.9,Actif,2026-06-29T00:15:34.156103,moyenne
BJ-1B6C6675,Africa Bank,Finance & Assurance,Porto-Novo,+229 98 94 38 17,,africabank.bj,TPE (<10),B2B,Google Maps,4.4,Actif,2026-06-29T00:15:34.156117,moyenne
BJ-AB1D9F96,Groupe National,Finance & Assurance,Parakou,+229 97 66 55 96,,groupenational.bj,TPE (<10),B2B,Google Maps,3.5,Actif,2026-06-29T00:15:34.156138,moyenne
BJ-1E299790,Groupe Épargne Finance Parakou,Finance & Assurance,Parakou,+229 80 16 46 73,groupe.épargne.finance.parakou@groupe.épargne.finance.parakou.bj,groupeépargnefinanceparakou.bj,PME (10-50),B2C,Google Maps,4.1,Actif,2026-06-29T00:15:34.156155,haute
BJ-058C61C8,Cabinet Investissement International,Finance & Assurance,Parakou,+229 91 65 39 33,cabinet.investissement.international@cabinet.investissement.international.org,cabinetinvestissementinternational.bj,PME (10-50),B2C,Google Maps,3.8,Actif,2026-06-29T00:15:34.156170,haute
BJ-B1DC36BB,Protection Invest,Finance & Assurance,Parakou,+229 79 61 27 71,,protectioninvest.bj,PME (50-200),B2B,Google Maps,3.2,Actif,2026-06-29T00:15:34.156183,moyenne
BJ-C3AEDCE5,Assurance Bénin,Finance & Assurance,Parakou,+229 22 60 83 31,assurance.bénin@assurance.bénin.org,assurancebénin.bj,PME (10-50),B2B,Google Maps,4.4,Actif,2026-06-29T00:15:34.156199,haute
BJ-4BA6C4DC,Cabinet Assurance Finance,Finance & Assurance,Bohicon,+229 25 75 90 19,cabinet.assurance.finance@cabinet.assurance.finance.com,,TPE (<10),B2C,Google Maps,4.2,Actif,2026-06-29T00:15:34.156230,moyenne
BJ-BD341AFC,Finance Santé,Finance & Assurance,Bohicon,+229 22 50 32 91,finance.santé@finance.santé.benin,financesanté.bj,PME (10-50),B2C,Google Maps,3.3,Actif,2026-06-29T00:15:34.156249,haute
BJ-4709D973,Cabinet West Bohicon,Finance & Assurance,Bohicon,+229 87 31 35 64,cabinet.west.bohicon@cabinet.west.bohicon.bj,,PME (10-50),B2C,Google Maps,5.0,Actif,2026-06-29T00:15:34.156264,moyenne
BJ-ABB12047,Africa Bank,Finance & Assurance,Bohicon,+229 77 95 48 37,africa.bank@africa.bank.benin,africabank.bj,Grande (>200),B2C,Google Maps,3.4,Actif,2026-06-29T00:15:34.156279,haute
BJ-D1C2B89A,Bénin,Finance & Assurance,Bohicon,+229 87 47 23 56,bénin@bénin.org,,TPE (<10),B2B,Google Maps,3.7,Actif,2026-06-29T00:15:34.156293,moyenne
BJ-5DFCCA1B,Crédit SARL,Finance & Assurance,Natitingou,+229 61 57 37 92,crédit.sarl@crédit.sarl.org,créditsarl.bj,TPE (<10),B2C,Google Maps,3.3,Actif,2026-06-29T00:15:34.156317,haute
BJ-77CFBF9F,Banque Santé SARL,Finance & Assurance,Natitingou,+229 24 28 93 29,banque.santé.sarl@banque.santé.sarl.benin,banquesantésarl.bj,TPE (<10),B2C,Google Maps,3.9,Actif,2026-06-29T00:15:34.156346,haute
BJ-8AB07CB9,West,Finance & Assurance,Natitingou,+229 35 37 48 91,west@west.bj,,PME (50-200),B2B,Google Maps,3.1,Actif,2026-06-29T00:15:34.156362,moyenne
BJ-CF4E744E,Banque Bénin SA,Finance & Assurance,Natitingou,+229 84 29 31 86,banque.bénin.sa@banque.bénin.sa.org,banquebéninsa.bj,TPE (<10),B2C,Google Maps,4.4,Actif,2026-06-29T00:15:34.156380,haute
BJ-D60A5800,Finance Vie,Finance & Assurance,Lokossa,+229 49 93 85 45,finance.vie@finance.vie.bj,financevie.bj,PME (10-50),B2B,Google Maps,4.4,Actif,2026-06-29T00:15:34.156401,haute
BJ-0E37C1A4,West Bank,Finance & Assurance,Lokossa,+229 94 32 94 69,,westbank.bj,PME (50-200),B2C,Google Maps,3.1,Actif,2026-06-29T00:15:34.156418,moyenne
BJ-06E1BFAA,Auto,Finance & Assurance,Lokossa,+229 21 81 74 92,auto@auto.bj,auto.bj,PME (50-200),B2B,Google Maps,4.6,Actif,2026-06-29T00:15:34.156432,haute
BJ-107352EA,Bénin International,Finance & Assurance,Lokossa,+229 87 66 92 77,bénin.international@bénin.international.bj,bénininternational.bj,PME (10-50),B2B,Google Maps,3.4,Actif,2026-06-29T00:15:34.156448,haute
BJ-C1D7DDD0,Africa Lokossa,Finance & Assurance,Lokossa,+229 53 88 44 71,africa.lokossa@africa.lokossa.org,,PME (50-200),B2B,Google Maps,3.3,Actif,2026-06-29T00:15:34.156461,moyenne
BJ-47823868,Sécurité,Finance & Assurance,Ouidah,+229 55 72 27 30,,sécurité.bj,TPE (<10),B2B,Google Maps,3.9,Actif,2026-06-29T00:15:34.156500,moyenne
BJ-CEE8A6D1,Banque Auto,Finance & Assurance,Ouidah,+229 45 77 66 49,banque.auto@banque.auto.org,,PME (10-50),B2C,Google Maps,4.7,Actif,2026-06-29T00:15:34.156513,moyenne
BJ-267B4AE7,Finance Protection Assurances,Finance & Assurance,Ouidah,+229 25 89 44 45,,,TPE (<10),B2C,Google Maps,3.7,Actif,2026-06-29T00:15:34.156524,basse
BJ-FF707145,Crédit Bank,Finance & Assurance,Ouidah,+229 67 72 84 32,crédit.bank@crédit.bank.bj,créditbank.bj,TPE (<10),B2C,Google Maps,3.0,Actif,2026-06-29T00:15:34.156538,haute
BJ-109EACB2,Bénin International,Finance & Assurance,Savalou,+229 80 40 44 83,bénin.international@bénin.international.net,bénininternational.bj,PME (10-50),B2C,Google Maps,4.3,Actif,2026-06-29T00:15:34.156560,haute
BJ-DD32DC70,Assurance Sécurité Capital Savalou,Finance & Assurance,Savalou,+229 71 27 52 90,assurance.sécurité.capital.savalou@assurance.sécurité.capital.savalou.benin,assurancesécuritécapitalsavalou.bj,PME (10-50),B2B,Google Maps,5.0,Actif,2026-06-29T00:15:34.156616,haute
BJ-68A31AED,Assurance Crédit Capital Savalou,Finance & Assurance,Savalou,+229 85 75 33 32,assurance.crédit.capital.savalou@assurance.crédit.capital.savalou.bj,assurancecréditcapitalsavalou.bj,TPE (<10),B2C,Google Maps,3.3,Actif,2026-06-29T00:15:34.156632,haute
BJ-C3CA628F,Finance Capital Bank Dassa-Zoumè,Finance & Assurance,Dassa-Zoumè,+229 61 88 24 81,finance.capital.bank.dassazoumè@finance.capital.bank.dassazoumè.org,financecapitalbankdassazoumè.bj,PME (10-50),B2C,Google Maps,3.7,Actif,2026-06-29T00:15:34.156690,haute
BJ-C9A3F991,Auto Groupe Dassa-Zoumè,Finance & Assurance,Dassa-Zoumè,+229 52 34 39 45,auto.groupe.dassazoumè@auto.groupe.dassazoumè.com,autogroupedassazoumè.bj,PME (50-200),B2C,Google Maps,4.0,Actif,2026-06-29T00:15:34.156710,haute
BJ-1482B9C5,Société Sécurité Capital Dassa-Zoumè,Finance & Assurance,Dassa-Zoumè,+229 98 95 95 99,,,TPE (<10),B2B,Google Maps,4.9,Actif,2026-06-29T00:15:34.156723,basse
BJ-50DED0AC,Assurance Assurance Kétou,Finance & Assurance,Kétou,+229 22 75 59 21,assurance.assurance.kétou@assurance.assurance.kétou.org,assuranceassurancekétou.bj,TPE (<10),B2C,Google Maps,3.8,Actif,2026-06-29T00:15:34.156745,haute
BJ-0BB38155,International Invest,Finance & Assurance,Kétou,+229 74 37 47 13,international.invest@international.invest.bj,,TPE (<10),B2C,Google Maps,5.0,Actif,2026-06-29T00:15:34.156762,moyenne
BJ-27BD8141,Africa Assurances,Finance & Assurance,Kétou,+229 37 11 58 11,africa.assurances@africa.assurances.bj,africaassurances.bj,PME (10-50),B2B,Google Maps,3.8,Actif,2026-06-29T00:15:34.156778,haute
BJ-8F8157DC,Groupe Vie Kétou,Finance & Assurance,Kétou,+229 43 83 10 92,groupe.vie.kétou@groupe.vie.kétou.net,groupeviekétou.bj,PME (50-200),B2B,Google Maps,3.1,Actif,2026-06-29T00:15:34.156793,haute
BJ-2A09AB0A,Assurance National Finance,Finance & Assurance,Kétou,+229 93 81 99 45,assurance.national.finance@assurance.national.finance.org,,TPE (<10),B2B,Google Maps,3.4,Actif,2026-06-29T00:15:34.156807,moyenne
BJ-C1108BAF,Finance Épargne Assurances,Finance & Assurance,Covè,+229 68 65 85 13,finance.épargne.assurances@finance.épargne.assurances.net,financeépargneassurances.bj,TPE (<10),B2C,Google Maps,4.0,Actif,2026-06-29T00:15:34.156828,haute
BJ-0B09EECB,Banque National,Finance & Assurance,Covè,+229 42 10 23 71,banque.national@banque.national.com,banquenational.bj,TPE (<10),B2C,Google Maps,3.7,Actif,2026-06-29T00:15:34.156842,haute
BJ-580EAACF,Groupe Auto Capital,Finance & Assurance,Covè,+229 80 57 20 94,groupe.auto.capital@groupe.auto.capital.benin,,Grande (>200),B2C,Google Maps,4.8,Actif,2026-06-29T00:15:34.156856,moyenne
BJ-A7260C8B,Sécurité Capital,Finance & Assurance,Covè,+229 62 78 38 19,sécurité.capital@sécurité.capital.bj,,Grande (>200),B2B,Google Maps,3.8,Actif,2026-06-29T00:15:34.156884,moyenne
BJ-12132F67,Groupe Crédit Capital,Finance & Assurance,Pobè,+229 32 76 13 87,groupe.crédit.capital@groupe.crédit.capital.net,,PME (10-50),B2C,Google Maps,3.7,Actif,2026-06-29T00:15:34.156926,moyenne
BJ-3336EB04,Investissement Bank,Finance & Assurance,Pobè,+229 66 19 91 75,investissement.bank@investissement.bank.org,,PME (50-200),B2C,Google Maps,3.7,Actif,2026-06-29T00:15:34.156944,moyenne
BJ-9D072AA1,Assurance Assurance International,Finance & Assurance,Pobè,+229 24 48 98 62,,assuranceassuranceinternational.bj,TPE (<10),B2C,Google Maps,3.1,Actif,2026-06-29T00:15:34.156961,moyenne
BJ-463FFD9B,National Invest,Finance & Assurance,Pobè,+229 30 59 85 72,,nationalinvest.bj,PME (50-200),B2C,Google Maps,3.2,Actif,2026-06-29T00:15:34.156975,moyenne
BJ-4F0F002B,Société Capital,Finance & Assurance,Pobè,+229 71 53 54 59,société.capital@société.capital.benin,sociétécapital.bj,PME (50-200),B2B,Google Maps,4.7,Actif,2026-06-29T00:15:34.156989,haute
BJ-DDCA5F86,Société International,Finance & Assurance,Sakété,+229 82 70 95 68,société.international@société.international.net,sociétéinternational.bj,TPE (<10),B2C,Google Maps,5.0,Actif,2026-06-29T00:15:34.157013,haute
BJ-D85E664E,Société Vie SA,Finance & Assurance,Sakété,+229 28 46 10 97,société.vie.sa@société.vie.sa.bj,,PME (50-200),B2C,Google Maps,3.3,Actif,2026-06-29T00:15:34.157029,moyenne
BJ-554A08C3,Africa Finance,Finance & Assurance,Sakété,+229 43 93 67 29,,africafinance.bj,PME (10-50),B2C,Google Maps,3.7,Actif,2026-06-29T00:15:34.157057,moyenne
BJ-6A7CF9DD,Finance Assurance,Finance & Assurance,Sakété,+229 87 59 15 40,finance.assurance@finance.assurance.com,financeassurance.bj,PME (10-50),B2B,Google Maps,3.3,Actif,2026-06-29T00:15:34.157070,haute
BJ-839FB882,Groupe Bénin Finance,Finance & Assurance,Adjara,+229 67 27 62 48,groupe.bénin.finance@groupe.bénin.finance.com,groupebéninfinance.bj,PME (50-200),B2B,Google Maps,3.0,Actif,2026-06-29T00:15:34.157108,haute
BJ-CC4038D7,Banque Assurance,Finance & Assurance,Adjara,+229 75 38 80 49,banque.assurance@banque.assurance.com,,Grande (>200),B2C,Google Maps,4.6,Actif,2026-06-29T00:15:34.157121,moyenne
BJ-DD1AEE34,Groupe Santé SARL Adjara,Finance & Assurance,Adjara,+229 40 81 75 49,groupe.santé.sarl.adjara@groupe.santé.sarl.adjara.org,,TPE (<10),B2B,Google Maps,4.2,Actif,2026-06-29T00:15:34.157139,moyenne
BJ-EFDE0A42,Assurance Protection,Finance & Assurance,Adjara,+229 85 13 58 21,,,Grande (>200),B2B,Google Maps,3.9,Actif,2026-06-29T00:15:34.157151,basse
BJ-DF149B69,Cabinet Africa,Finance & Assurance,Allada,+229 28 30 47 62,,,TPE (<10),B2B,Google Maps,4.9,Actif,2026-06-29T00:15:34.157169,basse
BJ-AECC4DBD,Banque Assurance Groupe,Finance & Assurance,Allada,+229 40 12 60 83,banque.assurance.groupe@banque.assurance.groupe.benin,,TPE (<10),B2B,Google Maps,3.1,Actif,2026-06-29T00:15:34.157183,moyenne
BJ-DCA51D2C,Assurance Épargne,Finance & Assurance,Allada,+229 58 10 93 70,assurance.épargne@assurance.épargne.org,assuranceépargne.bj,TPE (<10),B2B,Google Maps,3.7,Actif,2026-06-29T00:15:34.157197,haute
BJ-7740898B,Santé,Finance & Assurance,Allada,+229 81 18 63 83,,santé.bj,TPE (<10),B2C,Google Maps,3.8,Actif,2026-06-29T00:15:34.157214,moyenne
BJ-E665EF6E,Épargne Allada,Finance & Assurance,Allada,+229 66 83 14 92,,épargneallada.bj,TPE (<10),B2C,Google Maps,4.7,Actif,2026-06-29T00:15:34.157228,moyenne
BJ-4DC8122A,Groupe National Aplahoué,Finance & Assurance,Aplahoué,+229 71 22 54 47,groupe.national.aplahoué@groupe.national.aplahoué.net,groupenationalaplahoué.bj,PME (50-200),B2C,Google Maps,3.2,Actif,2026-06-29T00:15:34.157249,haute
BJ-4BC61FA6,Épargne,Finance & Assurance,Aplahoué,+229 30 66 82 69,épargne@épargne.benin,épargne.bj,TPE (<10),B2C,Google Maps,3.0,Actif,2026-06-29T00:15:34.157267,haute
BJ-6B466AE0,Capital SARL,Finance & Assurance,Aplahoué,+229 59 45 13 33,capital.sarl@capital.sarl.com,,PME (50-200),B2B,Google Maps,4.2,Actif,2026-06-29T00:15:34.157281,moyenne
BJ-A1B5F631,Santé International,Finance & Assurance,Aplahoué,+229 35 10 97 13,santé.international@santé.international.bj,,TPE (<10),B2B,Google Maps,4.3,Actif,2026-06-29T00:15:34.157296,moyenne
BJ-3F57D37E,Société Protection Bank,Finance & Assurance,Aplahoué,+229 90 63 23 70,,sociétéprotectionbank.bj,TPE (<10),B2B,Google Maps,4.6,Actif,2026-06-29T00:15:34.157311,moyenne
BJ-AF7B285F,Investissement SARL,Finance & Assurance,Dogbo-Tota,+229 63 88 62 57,investissement.sarl@investissement.sarl.benin,investissementsarl.bj,PME (10-50),B2B,Google Maps,4.6,Actif,2026-06-29T00:15:34.157340,haute
BJ-3A159504,Vie Dogbo-Tota,Finance & Assurance,Dogbo-Tota,+229 96 39 63 24,vie.dogbotota@vie.dogbotota.benin,viedogbotota.bj,TPE (<10),B2C,Google Maps,4.3,Actif,2026-06-29T00:15:34.157356,haute
BJ-021DF24A,Bénin SA,Finance & Assurance,Dogbo-Tota,+229 54 28 67 75,,béninsa.bj,TPE (<10),B2C,Google Maps,3.3,Actif,2026-06-29T00:15:34.157370,moyenne
BJ-4BF67A53,Cabinet Vie Bank,Finance & Assurance,Dogbo-Tota,+229 37 46 90 37,cabinet.vie.bank@cabinet.vie.bank.bj,cabinetviebank.bj,PME (10-50),B2C,Google Maps,3.9,Actif,2026-06-29T00:15:34.157384,haute
BJ-8E1CC3F7,Auto SARL,Finance & Assurance,Dogbo-Tota,+229 51 65 83 51,,autosarl.bj,PME (10-50),B2B,Google Maps,4.8,Actif,2026-06-29T00:15:34.157397,moyenne
BJ-86E80258,Auto Invest,Finance & Assurance,Kpomassè,+229 46 25 13 30,auto.invest@auto.invest.net,autoinvest.bj,PME (10-50),B2C,Google Maps,3.7,Actif,2026-06-29T00:15:34.157418,haute
BJ-BD75C98B,Santé,Finance & Assurance,Kpomassè,+229 89 18 74 86,,,TPE (<10),B2B,Google Maps,4.3,Actif,2026-06-29T00:15:34.157435,basse
BJ-B7972759,Auto Kpomassè,Finance & Assurance,Kpomassè,+229 78 51 74 72,auto.kpomassè@auto.kpomassè.net,autokpomassè.bj,TPE (<10),B2B,Google Maps,4.6,Actif,2026-06-29T00:15:34.157451,haute
BJ-C3072F33,Société Sécurité Finance,Finance & Assurance,Kpomassè,+229 49 13 38 38,société.sécurité.finance@société.sécurité.finance.bj,sociétésécuritéfinance.bj,TPE (<10),B2C,Google Maps,4.3,Actif,2026-06-29T00:15:34.157466,haute
BJ-41770DF9,Groupe Protection Invest,Finance & Assurance,Kpomassè,+229 24 22 64 19,,groupeprotectioninvest.bj,TPE (<10),B2B,Google Maps,3.8,Actif,2026-06-29T00:15:34.157483,moyenne
BJ-0B895344,Crédit,Finance & Assurance,Tori-Bossito,+229 38 61 13 58,crédit@crédit.bj,crédit.bj,PME (50-200),B2B,Google Maps,4.2,Actif,2026-06-29T00:15:34.157504,haute
BJ-8743E78D,Assurance Finance,Finance & Assurance,Tori-Bossito,+229 30 10 74 79,assurance.finance@assurance.finance.bj,assurancefinance.bj,PME (10-50),B2C,Google Maps,4.0,Actif,2026-06-29T00:15:34.157518,haute
BJ-470B05CB,Cabinet West,Finance & Assurance,Tori-Bossito,+229 31 35 59 41,cabinet.west@cabinet.west.com,,PME (50-200),B2B,Google Maps,4.4,Actif,2026-06-29T00:15:34.157532,moyenne
BJ-80EDA432,Santé Capital,Finance & Assurance,Tori-Bossito,+229 20 96 19 65,santé.capital@santé.capital.net,santécapital.bj,Grande (>200),B2B,Google Maps,3.6,Actif,2026-06-29T00:15:34.157551,haute
BJ-F1DE52EF,Capital,Finance & Assurance,Tori-Bossito,+229 95 99 69 97,,capital.bj,PME (50-200),B2B,Google Maps,4.2,Actif,2026-06-29T00:15:34.157565,moyenne
BJ-B63F1CAD,Assurance Bank,Finance & Assurance,Grand-Popo,+229 58 56 98 35,assurance.bank@assurance.bank.net,,Grande (>200),B2B,Google Maps,5.0,Actif,2026-06-29T00:15:34.157584,moyenne
BJ-D86CC52C,Crédit,Finance & Assurance,Grand-Popo,+229 98 98 46 72,crédit@crédit.benin,crédit.bj,TPE (<10),B2B,Google Maps,3.5,Actif,2026-06-29T00:15:34.157602,haute
BJ-7A436B3C,Groupe Sécurité Bank,Finance & Assurance,Grand-Popo,+229 51 73 77 63,groupe.sécurité.bank@groupe.sécurité.bank.benin,groupesécuritébank.bj,PME (50-200),B2B,Google Maps,3.2,Actif,2026-06-29T00:15:34.157618,haute
BJ-40AB908F,Protection,Finance & Assurance,Grand-Popo,+229 54 36 91 99,,protection.bj,TPE (<10),B2C,Google Maps,3.7,Actif,2026-06-29T00:15:34.157631,moyenne
BJ-8C57ABEA,Vie Invest,Finance & Assurance,Grand-Popo,+229 36 46 74 53,vie.invest@vie.invest.org,vieinvest.bj,PME (10-50),B2C,Google Maps,4.3,Actif,2026-06-29T00:15:34.157645,haute
BJ-3D34C5F4,Africa Bank,Finance & Assurance,Athiémé,+229 62 44 62 28,africa.bank@africa.bank.bj,africabank.bj,PME (10-50),B2C,Google Maps,3.3,Actif,2026-06-29T00:15:34.157665,haute
BJ-E24D60B0,Banque National,Finance & Assurance,Athiémé,+229 55 43 44 43,banque.national@banque.national.bj,banquenational.bj,PME (10-50),B2B,Google Maps,3.5,Actif,2026-06-29T00:15:34.157693,haute
BJ-F460ECBF,Finance Santé Assurances Athiémé,Finance & Assurance,Athiémé,+229 37 21 81 72,finance.santé.assurances.athiémé@finance.santé.assurances.athiémé.com,financesantéassurancesathiémé.bj,PME (50-200),B2B,Google Maps,3.4,Actif,2026-06-29T00:15:34.157708,haute
BJ-63118AA9,Groupe Bénin Invest,Finance & Assurance,Bopa,+229 97 98 81 87,groupe.bénin.invest@groupe.bénin.invest.com,groupebénininvest.bj,TPE (<10),B2B,Google Maps,4.3,Actif,2026-06-29T00:15:34.157763,haute
BJ-A9703482,Groupe Investissement,Finance & Assurance,Bopa,+229 63 54 14 35,groupe.investissement@groupe.investissement.benin,groupeinvestissement.bj,PME (50-200),B2C,Google Maps,3.1,Actif,2026-06-29T00:15:34.157777,haute
BJ-007BEC1A,Assurance Auto Assurances,Finance & Assurance,Bopa,+229 82 49 16 28,assurance.auto.assurances@assurance.auto.assurances.com,assuranceautoassurances.bj,PME (10-50),B2C,Google Maps,4.4,Actif,2026-06-29T00:15:34.157791,haute
BJ-553ED688,Société Épargne Bopa,Finance & Assurance,Bopa,+229 21 79 88 50,,sociétéépargnebopa.bj,PME (10-50),B2C,Google Maps,3.3,Actif,2026-06-29T00:15:34.157806,moyenne
BJ-C763F3C2,Banque West,Finance & Assurance,Houéyogbé,+229 35 12 64 36,,banquewest.bj,TPE (<10),B2B,Google Maps,3.0,Actif,2026-06-29T00:15:34.157824,moyenne
BJ-FBE4199E,Groupe Vie SA Houéyogbé,Finance & Assurance,Houéyogbé,+229 24 41 40 86,groupe.vie.sa.houéyogbé@groupe.vie.sa.houéyogbé.bj,,PME (10-50),B2C,Google Maps,3.7,Actif,2026-06-29T00:15:34.157839,moyenne
BJ-E7FB9825,Épargne,Finance & Assurance,Houéyogbé,+229 25 74 50 42,épargne@épargne.org,épargne.bj,TPE (<10),B2B,Google Maps,4.3,Actif,2026-06-29T00:15:34.157853,haute
BJ-2934422E,Banque Crédit Invest,Finance & Assurance,Houéyogbé,+229 20 51 42 97,banque.crédit.invest@banque.crédit.invest.net,,PME (50-200),B2C,Google Maps,4.9,Actif,2026-06-29T00:15:34.157867,moyenne
BJ-0B83A11B,Assurance Auto SARL,Finance & Assurance,Houéyogbé,+229 39 20 39 77,assurance.auto.sarl@assurance.auto.sarl.com,assuranceautosarl.bj,PME (50-200),B2C,Google Maps,3.7,Actif,2026-06-29T00:15:34.157880,haute
BJ-CAFEA80A,Banque International Capital,Finance & Assurance,Malanville,+229 77 49 19 74,banque.international.capital@banque.international.capital.benin,banqueinternationalcapital.bj,TPE (<10),B2C,Google Maps,4.4,Actif,2026-06-29T00:15:34.157936,haute
BJ-B3D022FD,Finance Assurance Finance,Finance & Assurance,Malanville,+229 26 43 40 57,finance.assurance.finance@finance.assurance.finance.com,financeassurancefinance.bj,PME (10-50),B2B,Google Maps,4.5,Actif,2026-06-29T00:15:34.157964,haute
BJ-EDA13411,Capital SARL,Finance & Assurance,Malanville,+229 77 81 19 25,capital.sarl@capital.sarl.bj,capitalsarl.bj,PME (50-200),B2C,Google Maps,4.4,Actif,2026-06-29T00:15:34.157977,haute
BJ-A72710D4,Africa Invest,Finance & Assurance,Kandi,+229 83 30 31 58,africa.invest@africa.invest.net,africainvest.bj,PME (50-200),B2B,Google Maps,4.5,Actif,2026-06-29T00:15:34.157996,haute
BJ-A1CA21C3,National Capital,Finance & Assurance,Kandi,+229 55 57 12 65,national.capital@national.capital.com,nationalcapital.bj,PME (50-200),B2C,Google Maps,4.2,Actif,2026-06-29T00:15:34.158013,haute
BJ-828BCF6D,Bénin Invest,Finance & Assurance,Kandi,+229 70 34 16 97,bénin.invest@bénin.invest.org,bénininvest.bj,PME (10-50),B2B,Google Maps,3.8,Actif,2026-06-29T00:15:34.158029,haute
BJ-55840705,Groupe Assurance Invest,Finance & Assurance,Kandi,+229 52 92 57 50,groupe.assurance.invest@groupe.assurance.invest.net,,PME (50-200),B2B,Google Maps,3.7,Actif,2026-06-29T00:15:34.158042,moyenne
BJ-5C8413A9,Société West,Finance & Assurance,Kandi,+229 58 40 46 13,société.west@société.west.benin,sociétéwest.bj,TPE (<10),B2B,Google Maps,3.5,Actif,2026-06-29T00:15:34.158056,haute
BJ-0DF40CE9,Finance Bénin Bank,Finance & Assurance,Banikoara,+229 49 62 20 29,finance.bénin.bank@finance.bénin.bank.org,financebéninbank.bj,TPE (<10),B2B,Google Maps,4.4,Actif,2026-06-29T00:15:34.158092,haute
BJ-C9D10BAC,Assurance,Finance & Assurance,Banikoara,+229 52 83 17 83,,assurance.bj,TPE (<10),B2C,Google Maps,4.0,Actif,2026-06-29T00:15:34.158105,moyenne
BJ-0B6E290D,Cabinet International Finance,Finance & Assurance,Banikoara,+229 74 23 52 56,,cabinetinternationalfinance.bj,PME (50-200),B2C,Google Maps,3.0,Actif,2026-06-29T00:15:34.158118,moyenne
BJ-89EAC180,Société Épargne International Banikoara,Finance & Assurance,Banikoara,+229 35 25 82 87,société.épargne.international.banikoara@société.épargne.international.banikoara.benin,sociétéépargneinternationalbanikoara.bj,PME (50-200),B2B,Google Maps,3.3,Actif,2026-06-29T00:15:34.158137,haute
BJ-17AB03B5,Banque Vie Capital,Finance & Assurance,Ségbana,+229 77 36 19 68,banque.vie.capital@banque.vie.capital.net,banqueviecapital.bj,PME (10-50),B2C,Google Maps,4.2,Actif,2026-06-29T00:15:34.158157,haute
BJ-46C8833F,West Bank,Finance & Assurance,Ségbana,+229 67 21 39 46,west.bank@west.bank.org,,Grande (>200),B2B,Google Maps,3.8,Actif,2026-06-29T00:15:34.158170,moyenne
BJ-F5FB8015,Santé,Finance & Assurance,Ségbana,+229 76 74 76 95,santé@santé.benin,santé.bj,PME (10-50),B2C,Google Maps,3.5,Actif,2026-06-29T00:15:34.158184,haute
BJ-22E48548,Investissement Finance Ségbana,Finance & Assurance,Ségbana,+229 41 12 94 37,investissement.finance.ségbana@investissement.finance.ségbana.org,investissementfinanceségbana.bj,PME (10-50),B2B,Google Maps,3.5,Actif,2026-06-29T00:15:34.158199,haute
BJ-3E4E5C5E,Vie,Finance & Assurance,Karimama,+229 95 25 10 45,vie@vie.net,vie.bj,Grande (>200),B2B,Google Maps,3.2,Actif,2026-06-29T00:15:34.158235,haute
BJ-78D2A46C,Finance Santé Invest Karimama,Finance & Assurance,Karimama,+229 70 11 99 87,finance.santé.invest.karimama@finance.santé.invest.karimama.com,financesantéinvestkarimama.bj,TPE (<10),B2C,Google Maps,4.1,Actif,2026-06-29T00:15:34.158254,haute
BJ-6016935A,Vie Invest,Finance & Assurance,Karimama,+229 46 28 65 55,vie.invest@vie.invest.org,vieinvest.bj,TPE (<10),B2C,Google Maps,3.2,Actif,2026-06-29T00:15:34.158272,haute
BJ-18589088,Groupe West Bank,Finance & Assurance,Karimama,+229 54 12 22 75,groupe.west.bank@groupe.west.bank.org,groupewestbank.bj,TPE (<10),B2C,Google Maps,4.7,Actif,2026-06-29T00:15:34.158287,haute
BJ-D5E8BFAD,Société National,Finance & Assurance,Karimama,+229 57 84 66 31,société.national@société.national.com,,PME (10-50),B2C,Google Maps,3.9,Actif,2026-06-29T00:15:34.158305,moyenne
BJ-E19BBB4D,Crédit Gogounou,Finance & Assurance,Gogounou,+229 30 35 56 57,crédit.gogounou@crédit.gogounou.benin,,TPE (<10),B2C,Google Maps,3.2,Actif,2026-06-29T00:15:34.158325,moyenne
BJ-36174827,Société Investissement Gogounou,Finance & Assurance,Gogounou,+229 73 11 40 81,,sociétéinvestissementgogounou.bj,PME (10-50),B2C,Google Maps,3.9,Actif,2026-06-29T00:15:34.158352,moyenne
BJ-1FB87A01,Vie,Finance & Assurance,Gogounou,+229 73 27 47 20,vie@vie.com,vie.bj,Grande (>200),B2B,Google Maps,4.0,Actif,2026-06-29T00:15:34.158366,haute
BJ-F6D98172,Groupe Investissement Bank,Finance & Assurance,Gogounou,+229 26 77 31 99,,groupeinvestissementbank.bj,TPE (<10),B2B,Google Maps,4.5,Actif,2026-06-29T00:15:34.158380,moyenne
BJ-1F358462,Crédit Bank,Finance & Assurance,Cobly,+229 34 46 52 97,crédit.bank@crédit.bank.benin,,PME (10-50),B2B,Google Maps,4.8,Actif,2026-06-29T00:15:34.158400,moyenne
BJ-05C80190,Bénin,Finance & Assurance,Cobly,+229 37 25 21 78,bénin@bénin.benin,bénin.bj,TPE (<10),B2C,Google Maps,3.1,Actif,2026-06-29T00:15:34.158418,haute
BJ-65518347,Assurance Crédit,Finance & Assurance,Cobly,+229 96 60 81 16,assurance.crédit@assurance.crédit.net,,PME (50-200),B2C,Google Maps,4.0,Actif,2026-06-29T00:15:34.158432,moyenne
BJ-085A21CD,Investissement,Finance & Assurance,Cobly,+229 88 95 13 68,investissement@investissement.bj,investissement.bj,PME (50-200),B2B,Google Maps,4.7,Actif,2026-06-29T00:15:34.158445,haute
BJ-163DC460,Cabinet Sécurité Finance,Finance & Assurance,Cobly,+229 61 92 48 36,cabinet.sécurité.finance@cabinet.sécurité.finance.org,,Grande (>200),B2B,Google Maps,4.1,Actif,2026-06-29T00:15:34.158458,moyenne
BJ-89494875,Assurance Assurance Bank,Finance & Assurance,Tanguiéta,+229 90 86 17 13,assurance.assurance.bank@assurance.assurance.bank.benin,,TPE (<10),B2C,Google Maps,4.7,Actif,2026-06-29T00:15:34.158477,moyenne
BJ-5CC355FA,Banque Crédit International,Finance & Assurance,Tanguiéta,+229 88 56 59 91,banque.crédit.international@banque.crédit.international.bj,banquecréditinternational.bj,Grande (>200),B2B,Google Maps,3.5,Actif,2026-06-29T00:15:34.158505,haute
BJ-DB761381,Épargne Tanguiéta,Finance & Assurance,Tanguiéta,+229 26 70 99 43,épargne.tanguiéta@épargne.tanguiéta.org,épargnetanguiéta.bj,TPE (<10),B2C,Google Maps,3.3,Actif,2026-06-29T00:15:34.158519,haute
BJ-C2A3C0D9,Cabinet Vie,Finance & Assurance,Matéri,+229 94 71 39 21,,cabinetvie.bj,PME (10-50),B2B,Google Maps,3.5,Actif,2026-06-29T00:15:34.158553,moyenne
BJ-AAEE1673,Capital,Finance & Assurance,Matéri,+229 77 69 29 50,capital@capital.bj,capital.bj,Grande (>200),B2C,Google Maps,3.9,Actif,2026-06-29T00:15:34.158574,haute
BJ-5147E59C,Crédit SARL,Finance & Assurance,Matéri,+229 60 28 75 21,,créditsarl.bj,TPE (<10),B2B,Google Maps,4.0,Actif,2026-06-29T00:15:34.158588,moyenne
BJ-B4AFBB4F,Cabinet Investissement SA,Finance & Assurance,Matéri,+229 47 80 92 54,cabinet.investissement.sa@cabinet.investissement.sa.org,,TPE (<10),B2C,Google Maps,4.8,Actif,2026-06-29T00:15:34.158603,moyenne
BJ-AA68013B,Sécurité,Finance & Assurance,Matéri,+229 84 76 94 78,sécurité@sécurité.com,,PME (10-50),B2B,Google Maps,3.3,Actif,2026-06-29T00:15:34.158616,moyenne
BJ-25267D02,Protection SARL,Finance & Assurance,Natitingou,+229 99 14 36 67,protection.sarl@protection.sarl.benin,,PME (10-50),B2B,Google Maps,3.4,Actif,2026-06-29T00:15:34.158638,moyenne
BJ-54D1290C,Banque West,Finance & Assurance,Natitingou,+229 41 23 75 49,banque.west@banque.west.com,banquewest.bj,Grande (>200),B2C,Google Maps,3.4,Actif,2026-06-29T00:15:34.158656,haute
BJ-4E2E00DA,Vie Natitingou,Finance & Assurance,Natitingou,+229 26 97 87 99,vie.natitingou@vie.natitingou.com,vienatitingou.bj,PME (10-50),B2B,Google Maps,3.7,Actif,2026-06-29T00:15:34.158670,haute
BJ-0371BEE7,Capital Natitingou,Finance & Assurance,Natitingou,+229 54 99 94 84,capital.natitingou@capital.natitingou.benin,,TPE (<10),B2B,Google Maps,4.9,Actif,2026-06-29T00:15:34.158684,moyenne
BJ-76941539,Société International,Finance & Assurance,Natitingou,+229 48 25 20 58,,,PME (10-50),B2B,Google Maps,3.2,Actif,2026-06-29T00:15:34.158739,basse
BJ-166D8627,Investissement,Finance & Assurance,Toucountouna,+229 72 21 71 63,investissement@investissement.org,,TPE (<10),B2C,Google Maps,3.2,Actif,2026-06-29T00:15:34.158788,moyenne
BJ-7384F83F,Vie,Finance & Assurance,Toucountouna,+229 47 86 74 77,vie@vie.com,vie.bj,PME (50-200),B2C,Google Maps,3.5,Actif,2026-06-29T00:15:34.158823,haute
BJ-E43BB8DA,Assurance Vie Assurances,Finance & Assurance,Toucountouna,+229 71 70 55 12,assurance.vie.assurances@assurance.vie.assurances.org,assurancevieassurances.bj,PME (50-200),B2B,Google Maps,4.5,Actif,2026-06-29T00:15:34.158855,haute
BJ-26BE6891,Protection,Finance & Assurance,Toucountouna,+229 77 48 21 16,,protection.bj,PME (50-200),B2B,Google Maps,3.5,Actif,2026-06-29T00:15:34.158883,moyenne
BJ-8B440688,Investissement Bank,Finance & Assurance,Toucountouna,+229 27 68 46 35,,,TPE (<10),B2C,Google Maps,3.6,Actif,2026-06-29T00:15:34.158912,basse
BJ-83EB6707,Bénin Groupe,Finance & Assurance,Boukoumbé,+229 98 42 75 25,bénin.groupe@bénin.groupe.net,béningroupe.bj,TPE (<10),B2C,Google Maps,5.0,Actif,2026-06-29T00:15:34.158937,haute
BJ-22A1F0BF,Finance National,Finance & Assurance,Boukoumbé,+229 59 60 11 38,,financenational.bj,TPE (<10),B2B,Google Maps,4.2,Actif,2026-06-29T00:15:34.158955,moyenne
BJ-B5FE66FA,Épargne Assurances,Finance & Assurance,Boukoumbé,+229 56 65 10 95,,épargneassurances.bj,TPE (<10),B2C,Google Maps,4.5,Actif,2026-06-29T00:15:34.158970,moyenne
BJ-D3D9C423,Groupe Investissement,Finance & Assurance,Boukoumbé,+229 70 87 96 85,groupe.investissement@groupe.investissement.org,groupeinvestissement.bj,TPE (<10),B2C,Google Maps,4.8,Actif,2026-06-29T00:15:34.158985,haute
BJ-21264E0A,Vie Boukoumbé,Finance & Assurance,Boukoumbé,+229 67 82 94 50,,vieboukoumbé.bj,TPE (<10),B2B,Google Maps,3.4,Actif,2026-06-29T00:15:34.158999,moyenne
BJ-2C482315,Finance Capital,Finance & Assurance,Kouandé,+229 52 95 31 33,finance.capital@finance.capital.com,financecapital.bj,PME (10-50),B2C,Google Maps,3.1,Actif,2026-06-29T00:15:34.159019,haute
BJ-A100C43E,Épargne,Finance & Assurance,Kouandé,+229 32 13 67 82,,,PME (10-50),B2B,Google Maps,3.5,Actif,2026-06-29T00:15:34.159037,basse
BJ-225BB4A4,Sécurité Kouandé,Finance & Assurance,Kouandé,+229 73 15 44 32,sécurité.kouandé@sécurité.kouandé.net,sécuritékouandé.bj,TPE (<10),B2B,Google Maps,3.0,Actif,2026-06-29T00:15:34.159053,haute
BJ-3DEBD934,Groupe Auto Assurances,Finance & Assurance,Kouandé,+229 83 91 69 71,,groupeautoassurances.bj,PME (10-50),B2B,Google Maps,4.1,Actif,2026-06-29T00:15:34.159067,moyenne
BJ-FB75E7CC,Finance Vie Kouandé,Finance & Assurance,Kouandé,+229 35 50 99 79,finance.vie.kouandé@finance.vie.kouandé.bj,financeviekouandé.bj,TPE (<10),B2C,Google Maps,4.4,Actif,2026-06-29T00:15:34.159082,haute
BJ-C4989448,National Capital Péhunco,Finance & Assurance,Péhunco,+229 62 76 68 31,national.capital.péhunco@national.capital.péhunco.bj,nationalcapitalpéhunco.bj,PME (50-200),B2B,Google Maps,3.6,Actif,2026-06-29T00:15:34.159119,haute
BJ-9101D4D9,Sécurité Assurances,Finance & Assurance,Péhunco,+229 45 93 45 59,sécurité.assurances@sécurité.assurances.org,,TPE (<10),B2C,Google Maps,4.4,Actif,2026-06-29T00:15:34.159133,moyenne
BJ-D7E5EB69,Cabinet Santé,Finance & Assurance,Péhunco,+229 66 90 23 92,cabinet.santé@cabinet.santé.benin,,PME (10-50),B2C,Google Maps,3.3,Actif,2026-06-29T00:15:34.159147,moyenne
BJ-5A0B92BD,Crédit Péhunco,Finance & Assurance,Péhunco,+229 41 31 44 58,,créditpéhunco.bj,PME (10-50),B2C,Google Maps,3.7,Actif,2026-06-29T00:15:34.159161,moyenne
BJ-DB1F177C,Crédit Invest Tchaourou,Finance & Assurance,Tchaourou,+229 97 46 98 84,crédit.invest.tchaourou@crédit.invest.tchaourou.net,,Grande (>200),B2C,Google Maps,3.2,Actif,2026-06-29T00:15:34.159181,moyenne
BJ-A85BC44C,Société Sécurité SA,Finance & Assurance,Tchaourou,+229 77 15 63 40,société.sécurité.sa@société.sécurité.sa.com,sociétésécuritésa.bj,PME (50-200),B2C,Google Maps,4.0,Actif,2026-06-29T00:15:34.159204,haute
BJ-E869C19B,Banque Crédit Groupe,Finance & Assurance,Tchaourou,+229 95 43 54 14,banque.crédit.groupe@banque.crédit.groupe.bj,banquecréditgroupe.bj,TPE (<10),B2C,Google Maps,4.3,Actif,2026-06-29T00:15:34.159220,haute
BJ-84F45C37,Africa,Finance & Assurance,Tchaourou,+229 47 84 29 23,africa@africa.bj,africa.bj,PME (10-50),B2B,Google Maps,4.5,Actif,2026-06-29T00:15:34.159238,haute
BJ-F1ACE46B,Assurance Assurances,Finance & Assurance,Nikki,+229 30 22 72 64,assurance.assurances@assurance.assurances.bj,assuranceassurances.bj,PME (10-50),B2B,Google Maps,3.1,Actif,2026-06-29T00:15:34.159273,haute
BJ-72C3B0C0,Assurance West,Finance & Assurance,Nikki,+229 48 61 56 51,assurance.west@assurance.west.bj,assurancewest.bj,PME (50-200),B2C,Google Maps,3.7,Actif,2026-06-29T00:15:34.159288,haute
BJ-BAAB5769,Africa International Nikki,Finance & Assurance,Nikki,+229 81 82 27 36,africa.international.nikki@africa.international.nikki.net,africainternationalnikki.bj,PME (10-50),B2B,Google Maps,4.0,Actif,2026-06-29T00:15:34.159302,haute
BJ-B2AA7968,Groupe Capital Capital,Finance & Assurance,Nikki,+229 46 58 14 26,groupe.capital.capital@groupe.capital.capital.net,groupecapitalcapital.bj,PME (50-200),B2B,Google Maps,3.7,Actif,2026-06-29T00:15:34.159315,haute
BJ-45EBDDF9,Société Santé Assurances,Finance & Assurance,Nikki,+229 36 36 49 87,société.santé.assurances@société.santé.assurances.com,sociétésantéassurances.bj,PME (50-200),B2C,Google Maps,3.3,Actif,2026-06-29T00:15:34.159331,haute
BJ-0323AA6E,Assurance Capital,Finance & Assurance,Bembéréké,+229 90 82 51 39,,,TPE (<10),B2C,Google Maps,4.1,Actif,2026-06-29T00:15:34.159350,basse
BJ-B0F0EF94,Sécurité,Finance & Assurance,Bembéréké,+229 37 27 22 92,sécurité@sécurité.benin,sécurité.bj,PME (10-50),B2B,Google Maps,3.7,Actif,2026-06-29T00:15:34.159368,haute
BJ-5A528A0B,Assurance Investissement International,Finance & Assurance,Bembéréké,+229 42 49 67 83,assurance.investissement.international@assurance.investissement.international.net,assuranceinvestissementinternational.bj,PME (50-200),B2B,Google Maps,4.2,Actif,2026-06-29T00:15:34.159383,haute
BJ-21AE3DB7,Capital SA,Finance & Assurance,Bembéréké,+229 29 33 50 73,capital.sa@capital.sa.bj,capitalsa.bj,TPE (<10),B2B,Google Maps,3.6,Actif,2026-06-29T00:15:34.159397,haute
BJ-ADD551DF,International Finance,Finance & Assurance,Bembéréké,+229 86 10 56 98,international.finance@international.finance.bj,internationalfinance.bj,PME (50-200),B2B,Google Maps,4.0,Actif,2026-06-29T00:15:34.159411,haute
BJ-C0393933,Cabinet Sécurité Assurances,Finance & Assurance,Kalalé,+229 65 61 59 90,cabinet.sécurité.assurances@cabinet.sécurité.assurances.bj,cabinetsécuritéassurances.bj,PME (10-50),B2C,Google Maps,3.2,Actif,2026-06-29T00:15:34.159448,haute
BJ-5E93463D,Banque National SA Kalalé,Finance & Assurance,Kalalé,+229 32 16 37 39,banque.national.sa.kalalé@banque.national.sa.kalalé.net,banquenationalsakalalé.bj,TPE (<10),B2C,Google Maps,3.4,Actif,2026-06-29T00:15:34.159463,haute
BJ-0CA7EF88,Assurance Bénin SA,Finance & Assurance,Kalalé,+229 35 98 49 78,assurance.bénin.sa@assurance.bénin.sa.org,,PME (50-200),B2C,Google Maps,4.0,Actif,2026-06-29T00:15:34.159477,moyenne
BJ-0101381F,Vie Capital,Finance & Assurance,Kalalé,+229 98 28 18 77,vie.capital@vie.capital.bj,viecapital.bj,PME (50-200),B2B,Google Maps,4.6,Actif,2026-06-29T00:15:34.159497,haute
BJ-85DFC03A,Auto SARL,Finance & Assurance,Ndali,+229 61 60 41 17,auto.sarl@auto.sarl.bj,autosarl.bj,TPE (<10),B2C,Google Maps,4.6,Actif,2026-06-29T00:15:34.159518,haute
BJ-083E1296,Santé Bank,Finance & Assurance,Ndali,+229 54 75 35 14,santé.bank@santé.bank.bj,,PME (10-50),B2B,Google Maps,4.6,Actif,2026-06-29T00:15:34.159549,moyenne
BJ-01E93CC7,Crédit Groupe Ndali,Finance & Assurance,Ndali,+229 94 88 17 97,crédit.groupe.ndali@crédit.groupe.ndali.net,créditgroupendali.bj,TPE (<10),B2C,Google Maps,4.9,Actif,2026-06-29T00:15:34.159592,haute
BJ-F1AC823A,Cabinet West Assurances Ndali,Finance & Assurance,Ndali,+229 40 51 19 53,cabinet.west.assurances.ndali@cabinet.west.assurances.ndali.org,cabinetwestassurancesndali.bj,TPE (<10),B2C,Google Maps,4.8,Actif,2026-06-29T00:15:34.159607,haute
BJ-8A52F4B3,Épargne Ségbana,Finance & Assurance,Ségbana,+229 40 92 31 29,épargne.ségbana@épargne.ségbana.com,épargneségbana.bj,Grande (>200),B2C,Google Maps,4.1,Actif,2026-06-29T00:15:34.159634,haute
BJ-6AC8149B,Crédit SA,Finance & Assurance,Ségbana,+229 99 28 84 67,crédit.sa@crédit.sa.com,,TPE (<10),B2B,Google Maps,4.7,Actif,2026-06-29T00:15:34.159649,moyenne
BJ-512F0C90,Capital Capital,Finance & Assurance,Ségbana,+229 36 38 13 34,capital.capital@capital.capital.org,capitalcapital.bj,TPE (<10),B2C,Google Maps,4.1,Actif,2026-06-29T00:15:34.159664,haute
BJ-94ECDB56,Finance Crédit Capital,Finance & Assurance,Ségbana,+229 62 60 45 20,finance.crédit.capital@finance.crédit.capital.org,,PME (50-200),B2B,Google Maps,3.9,Actif,2026-06-29T00:15:34.159678,moyenne
BJ-5EFDAF72,Cabinet Investissement Groupe,Finance & Assurance,Ségbana,+229 45 54 22 74,cabinet.investissement.groupe@cabinet.investissement.groupe.org,cabinetinvestissementgroupe.bj,PME (50-200),B2C,Google Maps,4.4,Actif,2026-06-29T00:15:34.159693,haute
BJ-AEF38A78,Société Crédit Groupe,Finance & Assurance,Tchaourou,+229 32 95 96 42,,,PME (50-200),B2B,Google Maps,4.9,Actif,2026-06-29T00:15:34.159730,basse
BJ-C625DB1F,Société Auto,Finance & Assurance,Tchaourou,+229 42 90 65 39,société.auto@société.auto.net,sociétéauto.bj,TPE (<10),B2C,Google Maps,5.0,Actif,2026-06-29T00:15:34.159746,haute
BJ-8379132C,Société Vie Groupe,Finance & Assurance,Tchaourou,+229 26 75 23 29,société.vie.groupe@société.vie.groupe.com,sociétéviegroupe.bj,PME (50-200),B2B,Google Maps,3.2,Actif,2026-06-29T00:15:34.159761,haute
BJ-25533AFF,Banque National,Finance & Assurance,Tchaourou,+229 30 92 16 12,banque.national@banque.national.benin,banquenational.bj,PME (10-50),B2B,Google Maps,3.2,Actif,2026-06-29T00:15:34.159775,haute
BJ-6F9181B0,Assurance West,Finance & Assurance,Bétérou,+229 73 25 21 18,,assurancewest.bj,PME (50-200),B2C,Google Maps,4.9,Actif,2026-06-29T00:15:34.159799,moyenne
BJ-CFDDEB86,Capital SARL,Finance & Assurance,Bétérou,+229 79 57 70 77,capital.sarl@capital.sarl.net,capitalsarl.bj,PME (50-200),B2C,Google Maps,4.5,Actif,2026-06-29T00:15:34.159831,haute
BJ-FB5F539F,Cabinet Bénin Bétérou,Finance & Assurance,Bétérou,+229 97 88 88 12,cabinet.bénin.bétérou@cabinet.bénin.bétérou.org,cabinetbéninbétérou.bj,TPE (<10),B2C,Google Maps,3.1,Actif,2026-06-29T00:15:34.159846,haute
BJ-CC810B54,Capital,Finance & Assurance,Ouessè,+229 61 22 79 43,capital@capital.org,capital.bj,TPE (<10),B2B,Google Maps,4.1,Actif,2026-06-29T00:15:34.159880,haute
BJ-203125D3,Assurance Santé,Finance & Assurance,Ouessè,+229 29 72 41 59,,assurancesanté.bj,TPE (<10),B2C,Google Maps,4.9,Actif,2026-06-29T00:15:34.159917,moyenne
BJ-2FB8A02C,Société Épargne Bank,Finance & Assurance,Ouessè,+229 94 41 68 69,société.épargne.bank@société.épargne.bank.com,sociétéépargnebank.bj,PME (50-200),B2C,Google Maps,5.0,Actif,2026-06-29T00:15:34.159936,haute
BJ-91BC0664,Cabinet Protection Groupe,Finance & Assurance,Ouessè,+229 33 45 55 19,cabinet.protection.groupe@cabinet.protection.groupe.bj,,PME (10-50),B2B,Google Maps,3.5,Actif,2026-06-29T00:15:34.159963,moyenne
BJ-87C27281,Investissement Capital,Finance & Assurance,Glazoué,+229 94 13 45 99,investissement.capital@investissement.capital.org,investissementcapital.bj,TPE (<10),B2C,Google Maps,3.6,Actif,2026-06-29T00:15:34.159984,haute
BJ-3E0C38E7,Protection Finance,Finance & Assurance,Glazoué,+229 27 43 22 31,protection.finance@protection.finance.net,protectionfinance.bj,TPE (<10),B2B,Google Maps,3.1,Actif,2026-06-29T00:15:34.159998,haute
BJ-3F9B9671,Bénin SARL,Finance & Assurance,Glazoué,+229 69 78 69 98,bénin.sarl@bénin.sarl.com,béninsarl.bj,TPE (<10),B2C,Google Maps,3.2,Actif,2026-06-29T00:15:34.160017,haute
BJ-82AE37A8,Assurance West Assurances,Finance & Assurance,Glazoué,+229 90 79 95 94,assurance.west.assurances@assurance.west.assurances.com,,PME (10-50),B2B,Google Maps,4.4,Actif,2026-06-29T00:15:34.160035,moyenne
BJ-D2D12E77,Vie SA,Finance & Assurance,Glazoué,+229 41 70 90 16,vie.sa@vie.sa.org,,Grande (>200),B2C,Google Maps,3.9,Actif,2026-06-29T00:15:34.160049,moyenne
BJ-F4CD0ABA,Assurance West,Finance & Assurance,Dassa-Zoumè,+229 73 66 36 79,assurance.west@assurance.west.net,,PME (10-50),B2B,Google Maps,4.8,Actif,2026-06-29T00:15:34.160069,moyenne
BJ-7E5DEC28,Groupe Épargne Bank,Finance & Assurance,Dassa-Zoumè,+229 66 44 74 14,groupe.épargne.bank@groupe.épargne.bank.bj,groupeépargnebank.bj,PME (10-50),B2B,Google Maps,3.5,Actif,2026-06-29T00:15:34.160091,haute
BJ-0968E06B,Banque Assurance SA Dassa-Zoumè,Finance & Assurance,Dassa-Zoumè,+229 24 49 18 89,,banqueassurancesadassazoumè.bj,PME (10-50),B2B,Google Maps,4.5,Actif,2026-06-29T00:15:34.160108,moyenne
BJ-BE14E4D3,Assurance Épargne Bank,Finance & Assurance,Dassa-Zoumè,+229 92 67 43 36,assurance.épargne.bank@assurance.épargne.bank.benin,assuranceépargnebank.bj,PME (50-200),B2B,Google Maps,4.6,Actif,2026-06-29T00:15:34.160122,haute
BJ-C278AFC5,Société National,Finance & Assurance,Dassa-Zoumè,+229 49 33 33 79,,sociéténational.bj,TPE (<10),B2B,Google Maps,4.3,Actif,2026-06-29T00:15:34.160135,moyenne
BJ-93FB240A,Finance International,Finance & Assurance,Savalou,+229 53 88 85 68,,,TPE (<10),B2B,Google Maps,4.3,Actif,2026-06-29T00:15:34.160154,basse
BJ-EE431AD6,Cabinet Vie,Finance & Assurance,Savalou,+229 71 87 35 61,cabinet.vie@cabinet.vie.net,cabinetvie.bj,TPE (<10),B2C,Google Maps,5.0,Actif,2026-06-29T00:15:34.160182,haute
BJ-96027AB7,Cabinet Sécurité,Finance & Assurance,Savalou,+229 58 80 18 36,cabinet.sécurité@cabinet.sécurité.org,,PME (50-200),B2C,Google Maps,3.3,Actif,2026-06-29T00:15:34.160196,moyenne
BJ-9DF96D95,Protection International Savalou,Finance & Assurance,Savalou,+229 40 14 74 64,protection.international.savalou@protection.international.savalou.benin,protectioninternationalsavalou.bj,PME (10-50),B2C,Google Maps,4.0,Actif,2026-06-29T00:15:34.160211,haute
BJ-4FB79D12,Investissement,Finance & Assurance,Bantè,+229 75 69 63 62,investissement@investissement.com,investissement.bj,TPE (<10),B2C,Google Maps,3.8,Actif,2026-06-29T00:15:34.160230,haute
BJ-42FAF46D,Épargne,Finance & Assurance,Bantè,+229 91 34 98 37,épargne@épargne.org,,TPE (<10),B2B,Google Maps,4.3,Actif,2026-06-29T00:15:34.160248,moyenne
BJ-7E508C30,Finance Assurance Bantè,Finance & Assurance,Bantè,+229 32 11 42 12,finance.assurance.bantè@finance.assurance.bantè.bj,financeassurancebantè.bj,Grande (>200),B2C,Google Maps,4.5,Actif,2026-06-29T00:15:34.160263,haute
BJ-188452C5,Capital Assurances,Finance & Assurance,Bantè,+229 30 16 72 55,capital.assurances@capital.assurances.com,capitalassurances.bj,TPE (<10),B2B,Google Maps,3.4,Actif,2026-06-29T00:15:34.160276,haute
BJ-9CDC243E,Banque Crédit,Finance & Assurance,Bantè,+229 33 24 53 66,banque.crédit@banque.crédit.org,,PME (50-200),B2C,Google Maps,4.3,Actif,2026-06-29T00:15:34.160290,moyenne
BJ-28EC1CDA,Bénin Djougou,Finance & Assurance,Djougou,+229 44 66 11 84,,bénindjougou.bj,TPE (<10),B2C,Google Maps,4.2,Actif,2026-06-29T00:15:34.160310,moyenne
BJ-8422BBE5,Sécurité Djougou,Finance & Assurance,Djougou,+229 78 89 88 18,sécurité.djougou@sécurité.djougou.com,,TPE (<10),B2B,Google Maps,4.4,Actif,2026-06-29T00:15:34.160326,moyenne
BJ-A86B2AEF,Cabinet Santé Assurances,Finance & Assurance,Djougou,+229 21 24 28 60,,cabinetsantéassurances.bj,TPE (<10),B2B,Google Maps,4.6,Actif,2026-06-29T00:15:34.160340,moyenne
BJ-D69BCDB3,National International,Finance & Assurance,Djougou,+229 54 74 67 40,national.international@national.international.org,,PME (10-50),B2B,Google Maps,3.0,Actif,2026-06-29T00:15:34.160353,moyenne
BJ-D1BA4CBF,West,Finance & Assurance,Djougou,+229 85 64 65 25,west@west.benin,west.bj,PME (50-200),B2B,Google Maps,3.6,Actif,2026-06-29T00:15:34.160372,haute
BJ-0C383B35,National Capital,Finance & Assurance,Ouèssè,+229 72 42 47 12,national.capital@national.capital.net,nationalcapital.bj,TPE (<10),B2C,Google Maps,3.9,Actif,2026-06-29T00:15:34.160396,haute
BJ-1D463F31,Assurance Capital International,Finance & Assurance,Ouèssè,+229 53 75 23 22,assurance.capital.international@assurance.capital.international.com,assurancecapitalinternational.bj,PME (10-50),B2C,Google Maps,3.3,Actif,2026-06-29T00:15:34.160418,haute
BJ-A43B797E,Assurance Protection Bank,Finance & Assurance,Ouèssè,+229 83 71 69 44,assurance.protection.bank@assurance.protection.bank.net,assuranceprotectionbank.bj,TPE (<10),B2C,Google Maps,4.4,Actif,2026-06-29T00:15:34.160433,haute
BJ-5E2DF9D9,Assurance Santé Capital Ouèssè,Finance & Assurance,Ouèssè,+229 79 87 41 74,assurance.santé.capital.ouèssè@assurance.santé.capital.ouèssè.net,assurancesantécapitalouèssè.bj,TPE (<10),B2C,Google Maps,4.7,Actif,2026-06-29T00:15:34.160464,haute
BJ-CDAE4829,Assurance Auto,Finance & Assurance,Bassila,+229 41 82 82 41,assurance.auto@assurance.auto.com,assuranceauto.bj,TPE (<10),B2B,Google Maps,4.5,Actif,2026-06-29T00:15:34.160484,haute
BJ-EAD52E74,Assurance Assurance International,Finance & Assurance,Bassila,+229 95 25 45 17,assurance.assurance.international@assurance.assurance.international.net,assuranceassuranceinternational.bj,TPE (<10),B2C,Google Maps,3.0,Actif,2026-06-29T00:15:34.160499,haute
BJ-D2D247A2,Cabinet National,Finance & Assurance,Bassila,+229 29 80 59 70,cabinet.national@cabinet.national.com,cabinetnational.bj,TPE (<10),B2B,Google Maps,4.0,Actif,2026-06-29T00:15:34.160512,haute
BJ-F389C539,National Assurances,Finance & Assurance,Bassila,+229 48 19 17 32,national.assurances@national.assurances.benin,,TPE (<10),B2B,Google Maps,3.5,Actif,2026-06-29T00:15:34.160524,moyenne
BJ-1AC6A9DE,Capital SA,Finance & Assurance,Bassila,+229 24 46 33 32,capital.sa@capital.sa.com,,PME (10-50),B2B,Google Maps,3.5,Actif,2026-06-29T00:15:34.160537,moyenne
BJ-8288ACCA,Santé Invest,Finance & Assurance,Pehunco,+229 40 45 31 11,santé.invest@santé.invest.com,,TPE (<10),B2B,Google Maps,3.3,Actif,2026-06-29T00:15:34.160557,moyenne
BJ-28804DCA,Capital Pehunco,Finance & Assurance,Pehunco,+229 23 14 56 79,,,PME (50-200),B2B,Google Maps,3.9,Actif,2026-06-29T00:15:34.160574,basse
BJ-B4DEBC60,Sécurité Pehunco,Finance & Assurance,Pehunco,+229 75 49 70 54,sécurité.pehunco@sécurité.pehunco.net,sécuritépehunco.bj,TPE (<10),B2C,Google Maps,4.9,Actif,2026-06-29T00:15:34.160589,haute
BJ-BA182EFD,Santé SA,Finance & Assurance,Pehunco,+229 67 27 22 54,,santésa.bj,PME (10-50),B2C,Google Maps,4.4,Actif,2026-06-29T00:15:34.160604,moyenne
BJ-19FA238F,Investissement,Finance & Assurance,Pehunco,+229 74 48 87 35,investissement@investissement.org,investissement.bj,PME (10-50),B2C,Google Maps,3.4,Actif,2026-06-29T00:15:34.160618,haute
BJ-1F6CFB3E,Assurance Bénin Capital,Finance & Assurance,Copargo,+229 36 90 26 93,,assurancebénincapital.bj,PME (50-200),B2B,Google Maps,5.0,Actif,2026-06-29T00:15:34.160638,moyenne
BJ-C5ACD19A,Bénin,Finance & Assurance,Copargo,+229 32 16 16 77,bénin@bénin.net,,PME (50-200),B2B,Google Maps,4.2,Actif,2026-06-29T00:15:34.160657,moyenne
BJ-841B532E,Finance Capital,Finance & Assurance,Copargo,+229 25 36 96 39,finance.capital@finance.capital.net,financecapital.bj,TPE (<10),B2B,Google Maps,3.9,Actif,2026-06-29T00:15:34.160672,haute
BJ-70BF727F,Finance Vie,Finance & Assurance,Copargo,+229 80 49 42 62,,financevie.bj,PME (50-200),B2B,Google Maps,4.1,Actif,2026-06-29T00:15:34.160685,moyenne
BJ-021F97E6,Assurance Assurance Finance Copargo,Finance & Assurance,Copargo,+229 97 78 12 88,assurance.assurance.finance.copargo@assurance.assurance.finance.copargo.bj,assuranceassurancefinancecopargo.bj,PME (10-50),B2C,Google Maps,4.2,Actif,2026-06-29T00:15:34.160700,haute
BJ-32E90C12,Express Courrier Cotonou,Transport & Logistique,Cotonou,+229 56 31 61 21,express.courrier.cotonou@express.courrier.cotonou.com,expresscourriercotonou.bj,PME (10-50),B2B,Google Maps,3.2,Actif,2026-06-29T00:15:34.160724,haute
BJ-F76A92F7,Delivery Transit,Transport & Logistique,Cotonou,+229 74 63 16 80,,,PME (50-200),B2C,Google Maps,3.1,Actif,2026-06-29T00:15:34.160742,basse
BJ-3C8F32DE,Delivery Urgent Cotonou,Transport & Logistique,Cotonou,+229 67 67 88 54,delivery.urgent.cotonou@delivery.urgent.cotonou.org,deliveryurgentcotonou.bj,TPE (<10),B2C,Google Maps,4.8,Actif,2026-06-29T00:15:34.160757,haute
BJ-1F563C78,Groupe Fret Cotonou,Transport & Logistique,Cotonou,+229 38 84 30 98,groupe.fret.cotonou@groupe.fret.cotonou.bj,,Grande (>200),B2B,Google Maps,4.0,Actif,2026-06-29T00:15:34.160773,moyenne
BJ-8DF240D2,Livraison Express,Transport & Logistique,Cotonou,+229 56 31 86 73,,,TPE (<10),B2C,Google Maps,3.5,Actif,2026-06-29T00:15:34.160785,basse
BJ-4D90DD91,Déménagement Transport,Transport & Logistique,Abomey-Calavi,+229 52 61 81 46,,,PME (10-50),B2B,Google Maps,4.9,Actif,2026-06-29T00:15:34.160811,basse
BJ-E947A96D,Delivery Livraison,Transport & Logistique,Abomey-Calavi,+229 99 33 56 57,,,TPE (<10),B2B,Google Maps,4.8,Actif,2026-06-29T00:15:34.160825,basse
BJ-F9A23289,Cargo,Transport & Logistique,Abomey-Calavi,+229 87 64 81 62,cargo@cargo.benin,cargo.bj,TPE (<10),B2C,Google Maps,3.1,Actif,2026-06-29T00:15:34.160840,haute
BJ-9003ABB3,Transport Livraison Delivery Abomey-Calavi,Transport & Logistique,Abomey-Calavi,+229 84 20 71 88,transport.livraison.delivery.abomeycalavi@transport.livraison.delivery.abomeycalavi.org,,PME (50-200),B2B,Google Maps,4.6,Actif,2026-06-29T00:15:34.160856,moyenne
BJ-4DADC184,Livraison Abomey-Calavi,Transport & Logistique,Abomey-Calavi,+229 54 71 90 19,,livraisonabomeycalavi.bj,TPE (<10),B2B,Google Maps,4.0,Actif,2026-06-29T00:15:34.160871,moyenne
BJ-2C7C4F13,Express Maritime Express,Transport & Logistique,Porto-Novo,+229 77 31 65 59,,expressmaritimeexpress.bj,TPE (<10),B2C,Google Maps,4.4,Actif,2026-06-29T00:15:34.160946,moyenne
BJ-14A2265B,Express Livraison Bénin Porto-Novo,Transport & Logistique,Porto-Novo,+229 58 25 47 50,express.livraison.bénin.portonovo@express.livraison.bénin.portonovo.net,expresslivraisonbéninportonovo.bj,PME (50-200),B2C,Google Maps,3.9,Actif,2026-06-29T00:15:34.160965,haute
BJ-EBD2EBB6,Transport Urgent,Transport & Logistique,Porto-Novo,+229 32 37 24 27,transport.urgent@transport.urgent.com,transporturgent.bj,TPE (<10),B2C,Google Maps,3.7,Actif,2026-06-29T00:15:34.160981,haute
BJ-786E608A,Urgent Bénin,Transport & Logistique,Porto-Novo,+229 89 49 59 39,urgent.bénin@urgent.bénin.com,,PME (50-200),B2B,Google Maps,4.0,Actif,2026-06-29T00:15:34.160995,moyenne
BJ-68B49007,Logistique Maritime,Transport & Logistique,Parakou,+229 26 53 19 10,,,TPE (<10),B2C,Google Maps,4.5,Actif,2026-06-29T00:15:34.161030,basse
BJ-E8BC1D05,Messagerie Express,Transport & Logistique,Parakou,+229 74 32 60 71,,,TPE (<10),B2B,Google Maps,3.9,Actif,2026-06-29T00:15:34.161043,basse
BJ-A50A97B4,Courrier Bénin,Transport & Logistique,Parakou,+229 41 56 70 20,,,PME (10-50),B2B,Google Maps,4.1,Actif,2026-06-29T00:15:34.161055,basse
BJ-59D563BF,Express Livraison Transport,Transport & Logistique,Parakou,+229 54 14 15 83,,,TPE (<10),B2B,Google Maps,3.8,Actif,2026-06-29T00:15:34.161067,basse
BJ-EE1D115D,Route Express,Transport & Logistique,Bohicon,+229 35 88 14 72,,routeexpress.bj,PME (50-200),B2C,Google Maps,3.5,Actif,2026-06-29T00:15:34.161086,moyenne
BJ-B273E80B,Express International,Transport & Logistique,Bohicon,+229 88 36 19 84,,expressinternational.bj,PME (50-200),B2C,Google Maps,3.9,Actif,2026-06-29T00:15:34.161103,moyenne
BJ-893DCE18,Express Delivery,Transport & Logistique,Bohicon,+229 89 17 63 24,,,TPE (<10),B2C,Google Maps,4.7,Actif,2026-06-29T00:15:34.161128,basse
BJ-68897B88,SARL Route,Transport & Logistique,Bohicon,+229 37 74 28 82,sarl.route@sarl.route.org,,TPE (<10),B2C,Google Maps,4.8,Actif,2026-06-29T00:15:34.161141,moyenne
BJ-B4C0758E,Delivery Route Transport Natitingou,Transport & Logistique,Natitingou,+229 52 18 99 48,,deliveryroutetransportnatitingou.bj,TPE (<10),B2B,Google Maps,3.5,Actif,2026-06-29T00:15:34.161162,moyenne
BJ-DEDAB912,Rapide Messagerie,Transport & Logistique,Natitingou,+229 52 26 70 84,rapide.messagerie@rapide.messagerie.net,rapidemessagerie.bj,PME (50-200),B2B,Google Maps,4.2,Actif,2026-06-29T00:15:34.161179,haute
BJ-41708616,Groupe Transit Africa,Transport & Logistique,Natitingou,+229 96 75 71 29,,,PME (10-50),B2B,Google Maps,3.1,Actif,2026-06-29T00:15:34.161192,basse
BJ-22F95BC6,Delivery Fret SARL Natitingou,Transport & Logistique,Natitingou,+229 60 39 65 35,delivery.fret.sarl.natitingou@delivery.fret.sarl.natitingou.com,deliveryfretsarlnatitingou.bj,PME (10-50),B2B,Google Maps,4.7,Actif,2026-06-29T00:15:34.161206,haute
BJ-B048DC7C,Déménagement Express,Transport & Logistique,Natitingou,+229 95 40 96 94,,déménagementexpress.bj,PME (10-50),B2C,Google Maps,4.1,Actif,2026-06-29T00:15:34.161221,moyenne
BJ-F3C390E3,Delivery Livraison,Transport & Logistique,Lokossa,+229 59 72 52 37,,deliverylivraison.bj,PME (50-200),B2C,Google Maps,4.0,Actif,2026-06-29T00:15:34.161240,moyenne
BJ-F507413A,Urgent Africa,Transport & Logistique,Lokossa,+229 47 37 20 37,urgent.africa@urgent.africa.com,,PME (50-200),B2B,Google Maps,4.2,Actif,2026-06-29T00:15:34.161257,moyenne
BJ-F269DF62,Maritime Transport,Transport & Logistique,Lokossa,+229 20 60 17 72,,maritimetransport.bj,PME (10-50),B2C,Google Maps,3.0,Actif,2026-06-29T00:15:34.161271,moyenne
BJ-705C3F7B,Rapide Urgent SARL,Transport & Logistique,Lokossa,+229 33 11 90 64,rapide.urgent.sarl@rapide.urgent.sarl.benin,rapideurgentsarl.bj,PME (50-200),B2B,Google Maps,4.4,Actif,2026-06-29T00:15:34.161286,haute
BJ-BF132EFC,Groupe Distribution Lokossa,Transport & Logistique,Lokossa,+229 86 30 69 25,groupe.distribution.lokossa@groupe.distribution.lokossa.bj,groupedistributionlokossa.bj,PME (50-200),B2C,Google Maps,3.7,Actif,2026-06-29T00:15:34.161304,haute
BJ-DA152616,Groupe Aérien Transport,Transport & Logistique,Ouidah,+229 44 18 19 74,,groupeaérientransport.bj,PME (50-200),B2C,Google Maps,4.2,Actif,2026-06-29T00:15:34.161325,moyenne
BJ-6B013273,SARL Fret,Transport & Logistique,Ouidah,+229 81 70 19 93,,sarlfret.bj,PME (10-50),B2C,Google Maps,4.9,Actif,2026-06-29T00:15:34.161338,moyenne
BJ-3180AB72,SARL Déménagement Transport Ouidah,Transport & Logistique,Ouidah,+229 79 19 35 75,sarl.déménagement.transport.ouidah@sarl.déménagement.transport.ouidah.net,,Grande (>200),B2C,Google Maps,3.2,Actif,2026-06-29T00:15:34.161353,moyenne
BJ-7816816E,Express Urgent Africa,Transport & Logistique,Ouidah,+229 90 57 80 21,,,TPE (<10),B2C,Google Maps,4.8,Actif,2026-06-29T00:15:34.161365,basse
BJ-1DE6CA62,SARL Livraison Ouidah,Transport & Logistique,Ouidah,+229 37 12 40 17,sarl.livraison.ouidah@sarl.livraison.ouidah.bj,,TPE (<10),B2C,Google Maps,3.3,Actif,2026-06-29T00:15:34.161384,moyenne
BJ-3F923496,SARL Transit Delivery,Transport & Logistique,Savalou,+229 91 84 88 24,,sarltransitdelivery.bj,TPE (<10),B2B,Google Maps,4.2,Actif,2026-06-29T00:15:34.161405,moyenne
BJ-C0A402DD,Rapide Express,Transport & Logistique,Savalou,+229 45 90 33 63,rapide.express@rapide.express.com,rapideexpress.bj,TPE (<10),B2C,Google Maps,3.2,Actif,2026-06-29T00:15:34.161427,haute
BJ-9E957829,Groupe Transit Delivery,Transport & Logistique,Savalou,+229 80 61 46 52,,,TPE (<10),B2B,Google Maps,3.8,Actif,2026-06-29T00:15:34.161440,basse
BJ-6D81482A,Groupe Rapide Transport,Transport & Logistique,Savalou,+229 98 53 58 10,groupe.rapide.transport@groupe.rapide.transport.bj,,PME (10-50),B2B,Google Maps,3.0,Actif,2026-06-29T00:15:34.161469,moyenne
BJ-F2771808,Messagerie Delivery Dassa-Zoumè,Transport & Logistique,Dassa-Zoumè,+229 29 82 61 77,,messageriedeliverydassazoumè.bj,PME (50-200),B2B,Google Maps,4.6,Actif,2026-06-29T00:15:34.161491,moyenne
BJ-29014155,Express,Transport & Logistique,Dassa-Zoumè,+229 58 43 22 51,express@express.benin,express.bj,TPE (<10),B2C,Google Maps,3.9,Actif,2026-06-29T00:15:34.161507,haute
BJ-0AA87223,SARL Courrier Transport Dassa-Zoumè,Transport & Logistique,Dassa-Zoumè,+229 72 22 15 59,,sarlcourriertransportdassazoumè.bj,TPE (<10),B2B,Google Maps,4.1,Actif,2026-06-29T00:15:34.161522,moyenne
BJ-6C2B5693,Express Transit Express,Transport & Logistique,Dassa-Zoumè,+229 81 77 19 18,,,PME (50-200),B2C,Google Maps,4.1,Actif,2026-06-29T00:15:34.161536,basse
BJ-C8A924D9,Logistique Urgent Delivery Dassa-Zoumè,Transport & Logistique,Dassa-Zoumè,+229 75 79 24 30,,logistiqueurgentdeliverydassazoumè.bj,TPE (<10),B2C,Google Maps,4.2,Actif,2026-06-29T00:15:34.161550,moyenne
BJ-C38363A2,Groupe Déménagement,Transport & Logistique,Kétou,+229 61 39 91 24,,groupedéménagement.bj,TPE (<10),B2C,Google Maps,3.3,Actif,2026-06-29T00:15:34.161570,moyenne
BJ-C2B60040,Aérien Africa Kétou,Transport & Logistique,Kétou,+229 35 16 46 56,,aérienafricakétou.bj,Grande (>200),B2B,Google Maps,4.0,Actif,2026-06-29T00:15:34.161588,moyenne
BJ-08263D87,Messagerie International,Transport & Logistique,Kétou,+229 96 24 36 97,,,TPE (<10),B2B,Google Maps,3.1,Actif,2026-06-29T00:15:34.161601,basse
BJ-491BF7A4,Fret Delivery,Transport & Logistique,Kétou,+229 29 80 76 35,,,PME (10-50),B2C,Google Maps,4.0,Actif,2026-06-29T00:15:34.161613,basse
BJ-EFB2B0CD,Urgent SARL,Transport & Logistique,Kétou,+229 88 96 93 25,urgent.sarl@urgent.sarl.org,urgentsarl.bj,PME (50-200),B2B,Google Maps,3.1,Actif,2026-06-29T00:15:34.161626,haute
BJ-23F93904,Aérien,Transport & Logistique,Covè,+229 30 94 19 35,aérien@aérien.benin,aérien.bj,TPE (<10),B2C,Google Maps,3.2,Actif,2026-06-29T00:15:34.161648,haute
BJ-0F772F5B,Transport Cargo Transport,Transport & Logistique,Covè,+229 24 32 77 30,transport.cargo.transport@transport.cargo.transport.org,,TPE (<10),B2C,Google Maps,4.6,Actif,2026-06-29T00:15:34.161662,moyenne
BJ-02D233A8,Logistique Maritime,Transport & Logistique,Covè,+229 80 96 74 95,logistique.maritime@logistique.maritime.com,,Grande (>200),B2C,Google Maps,4.9,Actif,2026-06-29T00:15:34.161675,moyenne
BJ-2B85530C,Déménagement SARL,Transport & Logistique,Covè,+229 38 10 81 28,,,Grande (>200),B2B,Google Maps,3.4,Actif,2026-06-29T00:15:34.161692,basse
BJ-78C84221,Livraison Africa Pobè,Transport & Logistique,Pobè,+229 40 77 34 65,livraison.africa.pobè@livraison.africa.pobè.com,livraisonafricapobè.bj,Grande (>200),B2C,Google Maps,3.2,Actif,2026-06-29T00:15:34.161727,haute
BJ-51346AC4,Déménagement,Transport & Logistique,Pobè,+229 71 41 44 35,,,TPE (<10),B2C,Google Maps,3.3,Actif,2026-06-29T00:15:34.161747,basse
BJ-16012800,Delivery Express,Transport & Logistique,Pobè,+229 41 87 73 87,delivery.express@delivery.express.bj,,TPE (<10),B2C,Google Maps,4.1,Actif,2026-06-29T00:15:34.161773,moyenne
BJ-CE2DAB81,Express Déménagement International,Transport & Logistique,Pobè,+229 46 10 59 49,express.déménagement.international@express.déménagement.international.benin,,PME (50-200),B2B,Google Maps,4.7,Actif,2026-06-29T00:15:34.161787,moyenne
BJ-2CCD0EE0,Déménagement Logistique,Transport & Logistique,Sakété,+229 32 30 10 56,déménagement.logistique@déménagement.logistique.net,déménagementlogistique.bj,PME (50-200),B2B,Google Maps,3.2,Actif,2026-06-29T00:15:34.161808,haute
BJ-766A29BC,Cargo Bénin,Transport & Logistique,Sakété,+229 79 49 17 85,cargo.bénin@cargo.bénin.benin,,PME (50-200),B2C,Google Maps,3.2,Actif,2026-06-29T00:15:34.161822,moyenne
BJ-28DD0887,Urgent International Sakété,Transport & Logistique,Sakété,+229 76 10 75 22,,,PME (10-50),B2C,Google Maps,4.4,Actif,2026-06-29T00:15:34.161838,basse
BJ-A865A6B4,Distribution Bénin,Transport & Logistique,Sakété,+229 20 13 97 42,distribution.bénin@distribution.bénin.benin,distributionbénin.bj,PME (10-50),B2B,Google Maps,4.1,Actif,2026-06-29T00:15:34.161854,haute
BJ-481AB972,Rapide Distribution Sakété,Transport & Logistique,Sakété,+229 28 44 98 43,rapide.distribution.sakété@rapide.distribution.sakété.org,rapidedistributionsakété.bj,TPE (<10),B2B,Google Maps,3.0,Actif,2026-06-29T00:15:34.161870,haute
BJ-24D8F150,Distribution,Transport & Logistique,Adjara,+229 58 38 90 89,distribution@distribution.org,distribution.bj,TPE (<10),B2C,Google Maps,3.4,Actif,2026-06-29T00:15:34.161903,haute
BJ-AB7A360E,Logistique Fret Delivery Adjara,Transport & Logistique,Adjara,+229 37 72 82 34,,,TPE (<10),B2B,Google Maps,4.7,Actif,2026-06-29T00:15:34.161921,basse
BJ-3A653D6D,SARL Fret,Transport & Logistique,Adjara,+229 87 81 94 61,sarl.fret@sarl.fret.com,,PME (10-50),B2C,Google Maps,3.6,Actif,2026-06-29T00:15:34.161936,moyenne
BJ-1D47292A,Transit Adjara,Transport & Logistique,Adjara,+229 34 74 98 49,transit.adjara@transit.adjara.org,transitadjara.bj,TPE (<10),B2C,Google Maps,4.9,Actif,2026-06-29T00:15:34.161968,haute
BJ-D552A466,Fret Transport,Transport & Logistique,Allada,+229 50 49 60 95,fret.transport@fret.transport.com,frettransport.bj,TPE (<10),B2B,Google Maps,3.8,Actif,2026-06-29T00:15:34.161989,haute
BJ-49812184,Transit International,Transport & Logistique,Allada,+229 44 20 49 65,,,TPE (<10),B2C,Google Maps,4.6,Actif,2026-06-29T00:15:34.162001,basse
BJ-3FDF8992,Maritime Express,Transport & Logistique,Allada,+229 27 92 15 47,maritime.express@maritime.express.org,,TPE (<10),B2B,Google Maps,3.7,Actif,2026-06-29T00:15:34.162014,moyenne
BJ-318A6506,Cargo Allada,Transport & Logistique,Allada,+229 49 44 29 27,,cargoallada.bj,Grande (>200),B2C,Google Maps,3.5,Actif,2026-06-29T00:15:34.162027,moyenne
BJ-4BA708EA,Rapide Livraison,Transport & Logistique,Aplahoué,+229 38 89 88 32,rapide.livraison@rapide.livraison.net,rapidelivraison.bj,TPE (<10),B2C,Google Maps,3.1,Actif,2026-06-29T00:15:34.162062,haute
BJ-CBC6C5C6,Rapide Rapide,Transport & Logistique,Aplahoué,+229 70 95 72 35,rapide.rapide@rapide.rapide.org,rapiderapide.bj,PME (50-200),B2B,Google Maps,4.0,Actif,2026-06-29T00:15:34.162093,haute
BJ-A29C5BAD,Livraison International,Transport & Logistique,Aplahoué,+229 36 30 96 75,livraison.international@livraison.international.bj,,PME (10-50),B2B,Google Maps,4.1,Actif,2026-06-29T00:15:34.162107,moyenne
BJ-D62448E7,Maritime Bénin Aplahoué,Transport & Logistique,Aplahoué,+229 94 21 43 20,,,PME (10-50),B2B,Google Maps,3.0,Actif,2026-06-29T00:15:34.162119,basse
BJ-2AB398CD,Groupe Messagerie Transport Dogbo-Tota,Transport & Logistique,Dogbo-Tota,+229 63 31 33 29,groupe.messagerie.transport.dogbotota@groupe.messagerie.transport.dogbotota.com,,TPE (<10),B2C,Google Maps,3.7,Actif,2026-06-29T00:15:34.162139,moyenne
BJ-BBBAF627,Aérien Africa Dogbo-Tota,Transport & Logistique,Dogbo-Tota,+229 37 64 78 18,aérien.africa.dogbotota@aérien.africa.dogbotota.org,aérienafricadogbotota.bj,TPE (<10),B2B,Google Maps,3.2,Actif,2026-06-29T00:15:34.162181,haute
BJ-8D2D9405,Transport Courrier Express,Transport & Logistique,Dogbo-Tota,+229 69 49 29 87,transport.courrier.express@transport.courrier.express.net,transportcourrierexpress.bj,Grande (>200),B2B,Google Maps,4.4,Actif,2026-06-29T00:15:34.162200,haute
BJ-3D57274C,Déménagement,Transport & Logistique,Kpomassè,+229 95 85 31 86,déménagement@déménagement.org,déménagement.bj,TPE (<10),B2C,Google Maps,3.1,Actif,2026-06-29T00:15:34.162221,haute
BJ-394F259D,Aérien,Transport & Logistique,Kpomassè,+229 88 64 32 95,aérien@aérien.com,,TPE (<10),B2B,Google Maps,3.2,Actif,2026-06-29T00:15:34.162238,moyenne
BJ-1707F5A1,Rapide Cargo Logistique,Transport & Logistique,Kpomassè,+229 43 93 14 33,,,Grande (>200),B2C,Google Maps,4.6,Actif,2026-06-29T00:15:34.162251,basse
BJ-EFC7199B,Delivery Livraison Delivery Kpomassè,Transport & Logistique,Kpomassè,+229 98 67 81 85,delivery.livraison.delivery.kpomassè@delivery.livraison.delivery.kpomassè.com,,TPE (<10),B2C,Google Maps,3.4,Actif,2026-06-29T00:15:34.162265,moyenne
BJ-6978C3AC,Logistique Rapide Logistique,Transport & Logistique,Tori-Bossito,+229 65 79 72 96,,,TPE (<10),B2B,Google Maps,3.1,Actif,2026-06-29T00:15:34.162296,basse
BJ-EC122FC6,Transport Rapide Africa,Transport & Logistique,Tori-Bossito,+229 72 88 42 95,,transportrapideafrica.bj,PME (10-50),B2B,Google Maps,3.4,Actif,2026-06-29T00:15:34.162310,moyenne
BJ-B71FE137,Messagerie,Transport & Logistique,Tori-Bossito,+229 23 92 53 19,messagerie@messagerie.benin,,TPE (<10),B2C,Google Maps,4.5,Actif,2026-06-29T00:15:34.162323,moyenne
BJ-96936D77,Express Maritime,Transport & Logistique,Tori-Bossito,+229 29 22 56 69,,expressmaritime.bj,PME (10-50),B2B,Google Maps,3.1,Actif,2026-06-29T00:15:34.162336,moyenne
BJ-0F607D43,Rapide Courrier,Transport & Logistique,Tori-Bossito,+229 43 58 96 27,rapide.courrier@rapide.courrier.com,,TPE (<10),B2B,Google Maps,4.7,Actif,2026-06-29T00:15:34.162349,moyenne
BJ-41E3CC50,SARL Déménagement Transport,Transport & Logistique,Grand-Popo,+229 44 66 71 67,sarl.déménagement.transport@sarl.déménagement.transport.benin,sarldéménagementtransport.bj,PME (50-200),B2B,Google Maps,5.0,Actif,2026-06-29T00:15:34.162370,haute
BJ-AFFB1C1E,Route SARL,Transport & Logistique,Grand-Popo,+229 23 14 95 96,route.sarl@route.sarl.com,routesarl.bj,PME (50-200),B2C,Google Maps,4.6,Actif,2026-06-29T00:15:34.162387,haute
BJ-122E61BD,Route International,Transport & Logistique,Grand-Popo,+229 65 36 44 16,route.international@route.international.benin,routeinternational.bj,PME (10-50),B2C,Google Maps,3.6,Actif,2026-06-29T00:15:34.162415,haute
BJ-40F411BA,Rapide Express,Transport & Logistique,Grand-Popo,+229 37 42 50 62,,rapideexpress.bj,PME (50-200),B2C,Google Maps,3.4,Actif,2026-06-29T00:15:34.162428,moyenne
BJ-FB382CF7,Groupe Fret,Transport & Logistique,Athiémé,+229 34 26 75 15,,,PME (10-50),B2B,Google Maps,4.1,Actif,2026-06-29T00:15:34.162446,basse
BJ-438E2D03,Rapide Messagerie Africa,Transport & Logistique,Athiémé,+229 65 11 59 29,rapide.messagerie.africa@rapide.messagerie.africa.org,rapidemessagerieafrica.bj,PME (10-50),B2B,Google Maps,3.2,Actif,2026-06-29T00:15:34.162464,haute
BJ-B7A45F1E,Déménagement Logistique,Transport & Logistique,Athiémé,+229 56 21 95 61,,,PME (10-50),B2B,Google Maps,4.2,Actif,2026-06-29T00:15:34.162476,basse
BJ-DB241E11,Courrier Africa,Transport & Logistique,Athiémé,+229 45 68 42 18,courrier.africa@courrier.africa.com,courrierafrica.bj,PME (10-50),B2C,Google Maps,3.2,Actif,2026-06-29T00:15:34.162503,haute
BJ-034EAE07,Delivery Courrier Transport,Transport & Logistique,Bopa,+229 89 90 98 65,delivery.courrier.transport@delivery.courrier.transport.benin,deliverycourriertransport.bj,TPE (<10),B2C,Google Maps,3.5,Actif,2026-06-29T00:15:34.162540,haute
BJ-9226BC0F,Transit Transport,Transport & Logistique,Bopa,+229 21 94 38 69,,,PME (50-200),B2C,Google Maps,4.1,Actif,2026-06-29T00:15:34.162555,basse
BJ-D6577CD5,Livraison,Transport & Logistique,Bopa,+229 71 36 54 88,livraison@livraison.bj,livraison.bj,TPE (<10),B2B,Google Maps,4.5,Actif,2026-06-29T00:15:34.162569,haute
BJ-AAD3357E,Express Courrier SARL,Transport & Logistique,Bopa,+229 79 80 36 19,express.courrier.sarl@express.courrier.sarl.bj,,PME (10-50),B2B,Google Maps,3.5,Actif,2026-06-29T00:15:34.162582,moyenne
BJ-255E3B40,SARL Distribution Houéyogbé,Transport & Logistique,Houéyogbé,+229 97 72 57 75,,sarldistributionhouéyogbé.bj,PME (50-200),B2B,Google Maps,4.5,Actif,2026-06-29T00:15:34.162602,moyenne
BJ-A797E5EA,Route,Transport & Logistique,Houéyogbé,+229 27 12 75 81,route@route.org,,TPE (<10),B2C,Google Maps,3.7,Actif,2026-06-29T00:15:34.162615,moyenne
BJ-A3775534,Livraison International,Transport & Logistique,Houéyogbé,+229 45 18 43 28,livraison.international@livraison.international.bj,livraisoninternational.bj,TPE (<10),B2B,Google Maps,3.9,Actif,2026-06-29T00:15:34.162629,haute
BJ-CB79B42F,Express Bénin,Transport & Logistique,Houéyogbé,+229 68 92 75 83,,,PME (50-200),B2B,Google Maps,4.7,Actif,2026-06-29T00:15:34.162642,basse
BJ-EDF8BCA9,Courrier Transport Houéyogbé,Transport & Logistique,Houéyogbé,+229 28 85 33 86,,courriertransporthouéyogbé.bj,PME (50-200),B2B,Google Maps,4.4,Actif,2026-06-29T00:15:34.162655,moyenne
BJ-04588D12,SARL Urgent Malanville,Transport & Logistique,Malanville,+229 78 23 15 89,sarl.urgent.malanville@sarl.urgent.malanville.com,,PME (50-200),B2C,Google Maps,4.5,Actif,2026-06-29T00:15:34.162678,moyenne
BJ-7F1BBB5D,Maritime Transport,Transport & Logistique,Malanville,+229 84 78 54 65,,maritimetransport.bj,TPE (<10),B2B,Google Maps,4.6,Actif,2026-06-29T00:15:34.162698,moyenne
BJ-BB2661AE,Delivery Fret,Transport & Logistique,Malanville,+229 25 90 30 53,,,PME (10-50),B2C,Google Maps,4.5,Actif,2026-06-29T00:15:34.162711,basse
BJ-76AE230B,Transport Courrier Logistique,Transport & Logistique,Malanville,+229 97 69 77 93,transport.courrier.logistique@transport.courrier.logistique.org,transportcourrierlogistique.bj,TPE (<10),B2B,Google Maps,3.5,Actif,2026-06-29T00:15:34.162725,haute
BJ-F6295EBF,Route,Transport & Logistique,Malanville,+229 59 87 89 24,route@route.net,route.bj,PME (10-50),B2C,Google Maps,4.0,Actif,2026-06-29T00:15:34.162738,haute
BJ-AD1CD75F,Rapide Déménagement,Transport & Logistique,Kandi,+229 96 22 68 75,,rapidedéménagement.bj,PME (10-50),B2C,Google Maps,4.2,Actif,2026-06-29T00:15:34.162758,moyenne
BJ-E30A05C7,Groupe Cargo Logistique,Transport & Logistique,Kandi,+229 82 15 76 83,groupe.cargo.logistique@groupe.cargo.logistique.benin,groupecargologistique.bj,TPE (<10),B2C,Google Maps,4.9,Actif,2026-06-29T00:15:34.162772,haute
BJ-1332F336,SARL Aérien,Transport & Logistique,Kandi,+229 39 86 87 61,,,PME (10-50),B2B,Google Maps,4.1,Actif,2026-06-29T00:15:34.162783,basse
BJ-4343180A,Rapide Livraison,Transport & Logistique,Kandi,+229 69 43 84 63,,rapidelivraison.bj,PME (50-200),B2C,Google Maps,4.3,Actif,2026-06-29T00:15:34.162796,moyenne
BJ-95786DF6,SARL Courrier Kandi,Transport & Logistique,Kandi,+229 49 76 49 46,,,PME (50-200),B2C,Google Maps,3.1,Actif,2026-06-29T00:15:34.162808,basse
BJ-DF7217F9,Rapide Express Banikoara,Transport & Logistique,Banikoara,+229 70 58 59 90,rapide.express.banikoara@rapide.express.banikoara.bj,,PME (10-50),B2C,Google Maps,4.9,Actif,2026-06-29T00:15:34.162826,moyenne
BJ-69FC6D91,Urgent Express,Transport & Logistique,Banikoara,+229 83 39 56 86,,urgentexpress.bj,PME (50-200),B2B,Google Maps,3.2,Actif,2026-06-29T00:15:34.162843,moyenne
BJ-C3982CC7,Delivery Messagerie,Transport & Logistique,Banikoara,+229 37 91 52 81,delivery.messagerie@delivery.messagerie.net,,PME (50-200),B2B,Google Maps,4.7,Actif,2026-06-29T00:15:34.162856,moyenne
BJ-C81EE16E,SARL Rapide Transport,Transport & Logistique,Banikoara,+229 79 52 23 18,sarl.rapide.transport@sarl.rapide.transport.com,,PME (10-50),B2C,Google Maps,3.1,Actif,2026-06-29T00:15:34.162869,moyenne
BJ-94E811FF,Urgent SARL,Transport & Logistique,Banikoara,+229 65 34 31 89,urgent.sarl@urgent.sarl.org,urgentsarl.bj,PME (10-50),B2C,Google Maps,3.7,Actif,2026-06-29T00:15:34.162882,haute
BJ-5215C24D,Delivery Déménagement Ségbana,Transport & Logistique,Ségbana,+229 55 55 44 93,delivery.déménagement.ségbana@delivery.déménagement.ségbana.bj,deliverydéménagementségbana.bj,PME (10-50),B2C,Google Maps,4.8,Actif,2026-06-29T00:15:34.162929,haute
BJ-EE5610F7,Express Delivery Ségbana,Transport & Logistique,Ségbana,+229 68 17 23 73,,expressdeliverységbana.bj,TPE (<10),B2C,Google Maps,4.2,Actif,2026-06-29T00:15:34.162960,moyenne
BJ-B10159FB,SARL Courrier SARL,Transport & Logistique,Ségbana,+229 22 13 16 46,,,PME (50-200),B2C,Google Maps,3.9,Actif,2026-06-29T00:15:34.162991,basse
BJ-D8D556A5,Courrier Africa,Transport & Logistique,Ségbana,+229 21 14 28 25,courrier.africa@courrier.africa.net,,PME (10-50),B2B,Google Maps,4.6,Actif,2026-06-29T00:15:34.163020,moyenne
BJ-8976A0E1,SARL Courrier,Transport & Logistique,Ségbana,+229 33 33 19 34,sarl.courrier@sarl.courrier.bj,,Grande (>200),B2C,Google Maps,3.1,Actif,2026-06-29T00:15:34.163050,moyenne
BJ-7E2A1C55,Groupe Transit Delivery,Transport & Logistique,Karimama,+229 32 13 27 86,groupe.transit.delivery@groupe.transit.delivery.org,groupetransitdelivery.bj,TPE (<10),B2B,Google Maps,3.2,Actif,2026-06-29T00:15:34.163089,haute
BJ-C8C0980F,Maritime Delivery Karimama,Transport & Logistique,Karimama,+229 57 20 90 55,maritime.delivery.karimama@maritime.delivery.karimama.bj,,TPE (<10),B2C,Google Maps,4.1,Actif,2026-06-29T00:15:34.163122,moyenne
BJ-6ADB9DB1,Aérien Transport,Transport & Logistique,Karimama,+229 66 52 97 46,aérien.transport@aérien.transport.net,aérientransport.bj,TPE (<10),B2B,Google Maps,4.5,Actif,2026-06-29T00:15:34.163156,haute
BJ-74BC3E67,Déménagement Transport Karimama,Transport & Logistique,Karimama,+229 69 29 50 12,,déménagementtransportkarimama.bj,PME (10-50),B2B,Google Maps,3.2,Actif,2026-06-29T00:15:34.163189,moyenne
BJ-8FAB405B,Route,Transport & Logistique,Karimama,+229 86 38 88 95,route@route.com,,TPE (<10),B2C,Google Maps,4.5,Actif,2026-06-29T00:15:34.163227,moyenne
BJ-2E9C6E34,Delivery Urgent,Transport & Logistique,Gogounou,+229 58 74 46 33,delivery.urgent@delivery.urgent.net,,PME (50-200),B2B,Google Maps,4.9,Actif,2026-06-29T00:15:34.163276,moyenne
BJ-6C50892C,Distribution Delivery,Transport & Logistique,Gogounou,+229 45 20 29 69,distribution.delivery@distribution.delivery.net,,TPE (<10),B2C,Google Maps,4.6,Actif,2026-06-29T00:15:34.163307,moyenne
BJ-1078DE6E,Route,Transport & Logistique,Gogounou,+229 65 20 41 28,route@route.org,route.bj,TPE (<10),B2B,Google Maps,4.8,Actif,2026-06-29T00:15:34.163324,haute
BJ-A4576BAD,Aérien Africa,Transport & Logistique,Gogounou,+229 50 69 94 73,aérien.africa@aérien.africa.benin,,TPE (<10),B2C,Google Maps,4.3,Actif,2026-06-29T00:15:34.163350,moyenne
BJ-6A2F7E57,Transport Maritime,Transport & Logistique,Gogounou,+229 69 19 50 93,transport.maritime@transport.maritime.benin,transportmaritime.bj,PME (10-50),B2B,Google Maps,3.2,Actif,2026-06-29T00:15:34.163366,haute
BJ-61575934,Rapide Messagerie,Transport & Logistique,Cobly,+229 78 96 52 69,,rapidemessagerie.bj,PME (50-200),B2B,Google Maps,4.2,Actif,2026-06-29T00:15:34.163388,moyenne
BJ-74E6479E,Distribution Express,Transport & Logistique,Cobly,+229 70 38 81 62,distribution.express@distribution.express.benin,,TPE (<10),B2B,Google Maps,3.7,Actif,2026-06-29T00:15:34.163411,moyenne
BJ-B85261CA,Maritime,Transport & Logistique,Cobly,+229 45 16 85 96,,,PME (50-200),B2B,Google Maps,4.1,Actif,2026-06-29T00:15:34.163428,basse
BJ-F68529E8,Rapide Maritime,Transport & Logistique,Cobly,+229 75 31 14 15,,rapidemaritime.bj,Grande (>200),B2B,Google Maps,3.7,Actif,2026-06-29T00:15:34.163442,moyenne
BJ-B1715C55,SARL Fret Logistique,Transport & Logistique,Cobly,+229 75 16 18 44,sarl.fret.logistique@sarl.fret.logistique.benin,sarlfretlogistique.bj,TPE (<10),B2C,Google Maps,3.5,Actif,2026-06-29T00:15:34.163455,haute
BJ-08C0369D,Delivery Transit,Transport & Logistique,Tanguiéta,+229 74 94 46 89,delivery.transit@delivery.transit.com,,TPE (<10),B2B,Google Maps,4.5,Actif,2026-06-29T00:15:34.163491,moyenne
BJ-7FE3E9AA,Transport Courrier SARL,Transport & Logistique,Tanguiéta,+229 91 23 41 50,transport.courrier.sarl@transport.courrier.sarl.bj,transportcourriersarl.bj,PME (10-50),B2C,Google Maps,3.4,Actif,2026-06-29T00:15:34.163505,haute
BJ-80074856,Express Urgent Transport,Transport & Logistique,Tanguiéta,+229 72 87 97 19,express.urgent.transport@express.urgent.transport.com,expressurgenttransport.bj,Grande (>200),B2B,Google Maps,3.9,Actif,2026-06-29T00:15:34.163519,haute
BJ-EB6EF03A,SARL Route Express,Transport & Logistique,Tanguiéta,+229 20 16 35 52,,sarlrouteexpress.bj,TPE (<10),B2C,Google Maps,4.3,Actif,2026-06-29T00:15:34.163533,moyenne
BJ-F61B1D9C,Distribution Transport,Transport & Logistique,Matéri,+229 43 63 71 10,,distributiontransport.bj,TPE (<10),B2C,Google Maps,4.1,Actif,2026-06-29T00:15:34.163552,moyenne
BJ-AD951E67,Express Maritime SARL,Transport & Logistique,Matéri,+229 60 30 37 88,express.maritime.sarl@express.maritime.sarl.benin,,PME (10-50),B2B,Google Maps,3.7,Actif,2026-06-29T00:15:34.163569,moyenne
BJ-AA5127FE,Transport Livraison Africa Matéri,Transport & Logistique,Matéri,+229 41 90 50 54,,transportlivraisonafricamatéri.bj,TPE (<10),B2C,Google Maps,4.8,Actif,2026-06-29T00:15:34.163584,moyenne
BJ-5B52BF4B,Delivery Express,Transport & Logistique,Matéri,+229 95 49 59 43,,deliveryexpress.bj,PME (50-200),B2C,Google Maps,4.9,Actif,2026-06-29T00:15:34.163598,moyenne
BJ-B0507AE9,Déménagement,Transport & Logistique,Matéri,+229 53 84 75 89,,,PME (10-50),B2B,Google Maps,4.3,Actif,2026-06-29T00:15:34.163610,basse
BJ-95E2ADE2,Logistique Courrier,Transport & Logistique,Natitingou,+229 90 53 96 35,,,Grande (>200),B2C,Google Maps,4.3,Actif,2026-06-29T00:15:34.163628,basse
BJ-790242D4,Groupe Messagerie,Transport & Logistique,Natitingou,+229 61 45 39 29,groupe.messagerie@groupe.messagerie.net,,PME (10-50),B2B,Google Maps,3.6,Actif,2026-06-29T00:15:34.163641,moyenne
BJ-E13767F4,Route Delivery,Transport & Logistique,Natitingou,+229 59 70 36 15,route.delivery@route.delivery.benin,routedelivery.bj,PME (10-50),B2B,Google Maps,3.9,Actif,2026-06-29T00:15:34.163672,haute
BJ-2EC6E6C2,Distribution Logistique Natitingou,Transport & Logistique,Natitingou,+229 87 39 86 40,distribution.logistique.natitingou@distribution.logistique.natitingou.benin,distributionlogistiquenatitingou.bj,TPE (<10),B2C,Google Maps,3.7,Actif,2026-06-29T00:15:34.163687,haute
BJ-DB1A85C2,Messagerie Express,Transport & Logistique,Toucountouna,+229 90 75 93 11,messagerie.express@messagerie.express.com,,TPE (<10),B2B,Google Maps,4.3,Actif,2026-06-29T00:15:34.163706,moyenne
BJ-40E272DF,Logistique Route Africa,Transport & Logistique,Toucountouna,+229 36 76 41 14,,,PME (50-200),B2C,Google Maps,3.0,Actif,2026-06-29T00:15:34.163722,basse
BJ-C02FE0F3,Express Livraison Bénin,Transport & Logistique,Toucountouna,+229 68 98 33 25,,expresslivraisonbénin.bj,PME (10-50),B2B,Google Maps,4.9,Actif,2026-06-29T00:15:34.163740,moyenne
BJ-F79322B8,Transport Maritime,Transport & Logistique,Toucountouna,+229 84 75 66 37,,transportmaritime.bj,PME (10-50),B2B,Google Maps,4.2,Actif,2026-06-29T00:15:34.163753,moyenne
BJ-3C5A89F5,Déménagement Toucountouna,Transport & Logistique,Toucountouna,+229 84 29 48 51,,,PME (50-200),B2B,Google Maps,5.0,Actif,2026-06-29T00:15:34.163766,basse
BJ-5344381E,Express Livraison Logistique,Transport & Logistique,Boukoumbé,+229 74 83 28 68,,expresslivraisonlogistique.bj,TPE (<10),B2B,Google Maps,4.9,Actif,2026-06-29T00:15:34.163789,moyenne
BJ-CEE26669,Rapide Livraison,Transport & Logistique,Boukoumbé,+229 75 60 74 27,rapide.livraison@rapide.livraison.com,,PME (50-200),B2B,Google Maps,3.6,Actif,2026-06-29T00:15:34.163814,moyenne
BJ-5EB4B225,Express Express Express,Transport & Logistique,Boukoumbé,+229 73 67 73 33,express.express.express@express.express.express.benin,,TPE (<10),B2B,Google Maps,3.1,Actif,2026-06-29T00:15:34.163827,moyenne
BJ-032B1B3A,Delivery Courrier Bénin,Transport & Logistique,Boukoumbé,+229 70 14 39 64,,deliverycourrierbénin.bj,TPE (<10),B2B,Google Maps,3.1,Actif,2026-06-29T00:15:34.163844,moyenne
BJ-0AB7333F,Logistique Transit,Transport & Logistique,Kouandé,+229 48 18 19 47,logistique.transit@logistique.transit.com,,TPE (<10),B2B,Google Maps,3.7,Actif,2026-06-29T00:15:34.163863,moyenne
BJ-C3F45F9A,SARL Maritime Logistique Kouandé,Transport & Logistique,Kouandé,+229 27 58 17 51,sarl.maritime.logistique.kouandé@sarl.maritime.logistique.kouandé.benin,,PME (10-50),B2C,Google Maps,3.2,Actif,2026-06-29T00:15:34.163881,moyenne
BJ-2AFD1E4F,SARL Livraison Express,Transport & Logistique,Kouandé,+229 50 47 11 29,,,PME (10-50),B2C,Google Maps,4.8,Actif,2026-06-29T00:15:34.163906,basse
BJ-D5752085,Urgent,Transport & Logistique,Kouandé,+229 95 21 53 42,,urgent.bj,TPE (<10),B2C,Google Maps,3.3,Actif,2026-06-29T00:15:34.163921,moyenne
BJ-B962220A,Messagerie Kouandé,Transport & Logistique,Kouandé,+229 82 12 41 91,,messageriekouandé.bj,PME (50-200),B2C,Google Maps,3.9,Actif,2026-06-29T00:15:34.163938,moyenne
BJ-D1A8E312,Logistique Rapide Delivery,Transport & Logistique,Péhunco,+229 37 22 54 75,,,TPE (<10),B2C,Google Maps,3.7,Actif,2026-06-29T00:15:34.163957,basse
BJ-7883E239,Logistique Transit,Transport & Logistique,Péhunco,+229 57 94 97 25,logistique.transit@logistique.transit.com,,Grande (>200),B2B,Google Maps,5.0,Actif,2026-06-29T00:15:34.163971,moyenne
BJ-2EBC2225,Groupe Aérien,Transport & Logistique,Péhunco,+229 68 18 74 34,groupe.aérien@groupe.aérien.net,,PME (10-50),B2C,Google Maps,4.5,Actif,2026-06-29T00:15:34.163985,moyenne
BJ-16F0515C,Express Express,Transport & Logistique,Péhunco,+229 63 35 13 98,,expressexpress.bj,TPE (<10),B2B,Google Maps,4.8,Actif,2026-06-29T00:15:34.163998,moyenne
BJ-B71E4454,SARL Transit,Transport & Logistique,Péhunco,+229 50 21 59 32,sarl.transit@sarl.transit.com,,PME (10-50),B2B,Google Maps,3.5,Actif,2026-06-29T00:15:34.164011,moyenne
BJ-0CBD1560,Transport Livraison Bénin Tchaourou,Transport & Logistique,Tchaourou,+229 60 40 32 38,transport.livraison.bénin.tchaourou@transport.livraison.bénin.tchaourou.com,,Grande (>200),B2C,Google Maps,3.1,Actif,2026-06-29T00:15:34.164035,moyenne
BJ-26015509,SARL Aérien Delivery,Transport & Logistique,Tchaourou,+229 44 17 81 57,sarl.aérien.delivery@sarl.aérien.delivery.org,,TPE (<10),B2B,Google Maps,4.7,Actif,2026-06-29T00:15:34.164052,moyenne
BJ-F1A4C25A,Express Messagerie,Transport & Logistique,Tchaourou,+229 98 37 95 47,,,PME (50-200),B2B,Google Maps,3.7,Actif,2026-06-29T00:15:34.164065,basse
BJ-E33050ED,Delivery Livraison,Transport & Logistique,Tchaourou,+229 75 41 19 51,,deliverylivraison.bj,TPE (<10),B2C,Google Maps,3.9,Actif,2026-06-29T00:15:34.164077,moyenne
BJ-6271B461,Express Urgent International,Transport & Logistique,Nikki,+229 26 22 17 56,express.urgent.international@express.urgent.international.benin,,TPE (<10),B2C,Google Maps,3.8,Actif,2026-06-29T00:15:34.164111,moyenne
BJ-88E47083,SARL Aérien International,Transport & Logistique,Nikki,+229 76 13 42 86,sarl.aérien.international@sarl.aérien.international.net,,TPE (<10),B2B,Google Maps,3.4,Actif,2026-06-29T00:15:34.164125,moyenne
BJ-4F3E8C74,Courrier Logistique,Transport & Logistique,Nikki,+229 40 30 66 28,,courrierlogistique.bj,TPE (<10),B2C,Google Maps,3.2,Actif,2026-06-29T00:15:34.164137,moyenne
BJ-26553CB7,Groupe Route,Transport & Logistique,Nikki,+229 78 34 87 68,groupe.route@groupe.route.bj,,PME (50-200),B2C,Google Maps,4.2,Actif,2026-06-29T00:15:34.164150,moyenne
BJ-B029687A,SARL Urgent SARL,Transport & Logistique,Nikki,+229 83 99 90 21,sarl.urgent.sarl@sarl.urgent.sarl.org,,PME (10-50),B2B,Google Maps,4.6,Actif,2026-06-29T00:15:34.164166,moyenne
BJ-D5E98D29,Fret Bembéréké,Transport & Logistique,Bembéréké,+229 66 31 76 12,,,PME (10-50),B2B,Google Maps,4.6,Actif,2026-06-29T00:15:34.164185,basse
BJ-168DF43D,Logistique Rapide Delivery,Transport & Logistique,Bembéréké,+229 48 93 90 48,logistique.rapide.delivery@logistique.rapide.delivery.org,,PME (50-200),B2B,Google Maps,4.6,Actif,2026-06-29T00:15:34.164203,moyenne
BJ-3DA7F627,Groupe Express,Transport & Logistique,Bembéréké,+229 40 90 57 90,,,PME (50-200),B2C,Google Maps,3.3,Actif,2026-06-29T00:15:34.164215,basse
BJ-504C85C0,Aérien Bembéréké,Transport & Logistique,Bembéréké,+229 77 19 53 60,,aérienbembéréké.bj,PME (50-200),B2B,Google Maps,3.3,Actif,2026-06-29T00:15:34.164229,moyenne
BJ-556E14CC,Delivery Maritime Bénin,Transport & Logistique,Bembéréké,+229 84 90 15 95,,deliverymaritimebénin.bj,PME (50-200),B2C,Google Maps,5.0,Actif,2026-06-29T00:15:34.164242,moyenne
BJ-ACD0C80C,Messagerie Logistique,Transport & Logistique,Kalalé,+229 57 33 33 80,messagerie.logistique@messagerie.logistique.bj,,PME (10-50),B2B,Google Maps,3.9,Actif,2026-06-29T00:15:34.164275,moyenne
BJ-6BFF6364,Rapide Aérien Express Kalalé,Transport & Logistique,Kalalé,+229 75 22 15 18,rapide.aérien.express.kalalé@rapide.aérien.express.kalalé.bj,rapideaérienexpresskalalé.bj,PME (50-200),B2B,Google Maps,3.7,Actif,2026-06-29T00:15:34.164290,haute
BJ-DD4529C1,Messagerie Express,Transport & Logistique,Kalalé,+229 21 19 92 33,messagerie.express@messagerie.express.com,,PME (50-200),B2C,Google Maps,4.9,Actif,2026-06-29T00:15:34.164307,moyenne
BJ-5047E62D,Rapide Express Kalalé,Transport & Logistique,Kalalé,+229 42 31 55 15,,,Grande (>200),B2C,Google Maps,3.4,Actif,2026-06-29T00:15:34.164328,basse
BJ-47396E63,Delivery Maritime,Transport & Logistique,Ndali,+229 62 38 37 10,delivery.maritime@delivery.maritime.net,deliverymaritime.bj,PME (10-50),B2B,Google Maps,3.2,Actif,2026-06-29T00:15:34.164360,haute
BJ-0C055B6D,Courrier,Transport & Logistique,Ndali,+229 37 59 78 90,courrier@courrier.com,courrier.bj,PME (10-50),B2C,Google Maps,3.8,Actif,2026-06-29T00:15:34.164379,haute
BJ-DFAB8F36,Courrier Transport Ndali,Transport & Logistique,Ndali,+229 58 53 28 73,,courriertransportndali.bj,TPE (<10),B2C,Google Maps,3.5,Actif,2026-06-29T00:15:34.164393,moyenne
BJ-9453C2E6,Express Africa,Transport & Logistique,Ndali,+229 80 52 17 69,,expressafrica.bj,TPE (<10),B2C,Google Maps,3.2,Actif,2026-06-29T00:15:34.164406,moyenne
BJ-3388A116,Aérien,Transport & Logistique,Ndali,+229 35 47 20 94,aérien@aérien.net,,PME (10-50),B2C,Google Maps,4.7,Actif,2026-06-29T00:15:34.164420,moyenne
BJ-A720D870,Logistique Courrier,Transport & Logistique,Ségbana,+229 39 72 43 70,logistique.courrier@logistique.courrier.benin,,TPE (<10),B2C,Google Maps,3.1,Actif,2026-06-29T00:15:34.164439,moyenne
BJ-07A56466,SARL Livraison,Transport & Logistique,Ségbana,+229 72 62 57 91,sarl.livraison@sarl.livraison.benin,sarllivraison.bj,PME (10-50),B2C,Google Maps,3.1,Actif,2026-06-29T00:15:34.164469,haute
BJ-FDD6A09D,Déménagement Logistique,Transport & Logistique,Ségbana,+229 95 49 69 97,,déménagementlogistique.bj,TPE (<10),B2B,Google Maps,3.5,Actif,2026-06-29T00:15:34.164497,moyenne
BJ-B8B0E2B5,SARL Aérien Bénin,Transport & Logistique,Tchaourou,+229 27 17 37 23,sarl.aérien.bénin@sarl.aérien.bénin.bj,sarlaérienbénin.bj,TPE (<10),B2C,Google Maps,4.8,Actif,2026-06-29T00:15:34.164518,haute
BJ-B85E2FE2,Transport Livraison International,Transport & Logistique,Tchaourou,+229 70 36 67 28,,transportlivraisoninternational.bj,TPE (<10),B2C,Google Maps,4.7,Actif,2026-06-29T00:15:34.164549,moyenne
BJ-6694E00E,Courrier SARL,Transport & Logistique,Tchaourou,+229 27 90 79 38,,,PME (50-200),B2C,Google Maps,3.1,Actif,2026-06-29T00:15:34.164561,basse
BJ-FD34BF6E,Delivery Fret SARL Tchaourou,Transport & Logistique,Tchaourou,+229 88 83 92 78,delivery.fret.sarl.tchaourou@delivery.fret.sarl.tchaourou.bj,deliveryfretsarltchaourou.bj,TPE (<10),B2B,Google Maps,5.0,Actif,2026-06-29T00:15:34.164575,haute
BJ-F12CD088,Groupe Express Logistique,Transport & Logistique,Bétérou,+229 54 47 24 30,groupe.express.logistique@groupe.express.logistique.net,groupeexpresslogistique.bj,TPE (<10),B2C,Google Maps,3.6,Actif,2026-06-29T00:15:34.164595,haute
BJ-FF28D56A,SARL Distribution,Transport & Logistique,Bétérou,+229 58 80 81 24,sarl.distribution@sarl.distribution.net,,PME (10-50),B2B,Google Maps,4.4,Actif,2026-06-29T00:15:34.164608,moyenne
BJ-4DCB64E8,Groupe Express Africa,Transport & Logistique,Bétérou,+229 73 87 85 69,groupe.express.africa@groupe.express.africa.bj,groupeexpressafrica.bj,PME (10-50),B2B,Google Maps,4.3,Actif,2026-06-29T00:15:34.164623,haute
BJ-F6EF8CE7,Express Route Africa,Transport & Logistique,Bétérou,+229 92 96 70 76,express.route.africa@express.route.africa.com,expressrouteafrica.bj,TPE (<10),B2C,Google Maps,4.8,Actif,2026-06-29T00:15:34.164637,haute
BJ-5E9F04BE,Fret Africa,Transport & Logistique,Bétérou,+229 39 55 33 32,fret.africa@fret.africa.com,fretafrica.bj,Grande (>200),B2C,Google Maps,4.7,Actif,2026-06-29T00:15:34.164651,haute
BJ-7FFD8111,Delivery Express,Transport & Logistique,Ouessè,+229 58 45 69 58,delivery.express@delivery.express.benin,,Grande (>200),B2C,Google Maps,4.7,Actif,2026-06-29T00:15:34.164669,moyenne
BJ-623229B9,Cargo SARL,Transport & Logistique,Ouessè,+229 39 30 30 71,,,PME (50-200),B2B,Google Maps,3.9,Actif,2026-06-29T00:15:34.164685,basse
BJ-6305D0FD,Groupe Déménagement Logistique,Transport & Logistique,Ouessè,+229 86 78 32 67,groupe.déménagement.logistique@groupe.déménagement.logistique.benin,groupedéménagementlogistique.bj,TPE (<10),B2B,Google Maps,4.7,Actif,2026-06-29T00:15:34.164700,haute
BJ-6FEA77E6,Groupe Express,Transport & Logistique,Ouessè,+229 39 90 97 40,groupe.express@groupe.express.benin,,TPE (<10),B2C,Google Maps,3.6,Actif,2026-06-29T00:15:34.164718,moyenne
BJ-937A430D,Groupe Urgent Bénin Ouessè,Transport & Logistique,Ouessè,+229 33 17 92 86,,,PME (50-200),B2B,Google Maps,4.0,Actif,2026-06-29T00:15:34.164731,basse
BJ-EC25CC36,Logistique Maritime Express Glazoué,Transport & Logistique,Glazoué,+229 80 78 99 42,logistique.maritime.express.glazoué@logistique.maritime.express.glazoué.com,,TPE (<10),B2B,Google Maps,3.9,Actif,2026-06-29T00:15:34.164751,moyenne
BJ-AF9F7516,Express Déménagement Delivery,Transport & Logistique,Glazoué,+229 25 31 52 88,,,PME (10-50),B2C,Google Maps,3.6,Actif,2026-06-29T00:15:34.164768,basse
BJ-C3D77E35,Transport Express,Transport & Logistique,Glazoué,+229 30 22 66 11,transport.express@transport.express.bj,,Grande (>200),B2B,Google Maps,3.3,Actif,2026-06-29T00:15:34.164781,moyenne
BJ-0B8133B4,Rapide Fret,Transport & Logistique,Glazoué,+229 92 10 91 53,rapide.fret@rapide.fret.com,rapidefret.bj,PME (10-50),B2B,Google Maps,4.9,Actif,2026-06-29T00:15:34.164807,haute
BJ-1AC415FE,Déménagement Delivery,Transport & Logistique,Glazoué,+229 70 16 82 37,déménagement.delivery@déménagement.delivery.com,déménagementdelivery.bj,PME (10-50),B2B,Google Maps,3.7,Actif,2026-06-29T00:15:34.164837,haute
BJ-E4A41927,Courrier Delivery,Transport & Logistique,Dassa-Zoumè,+229 78 18 29 79,,,PME (50-200),B2B,Google Maps,3.4,Actif,2026-06-29T00:15:34.164881,basse
BJ-E01B9CBF,Rapide Dassa-Zoumè,Transport & Logistique,Dassa-Zoumè,+229 66 85 52 38,rapide.dassazoumè@rapide.dassazoumè.org,rapidedassazoumè.bj,TPE (<10),B2C,Google Maps,4.1,Actif,2026-06-29T00:15:34.164938,haute
BJ-8F0639F6,Déménagement International,Transport & Logistique,Dassa-Zoumè,+229 81 97 26 96,,,PME (50-200),B2C,Google Maps,3.9,Actif,2026-06-29T00:15:34.164976,basse
BJ-DEB18C81,Cargo Africa,Transport & Logistique,Dassa-Zoumè,+229 47 96 13 25,,,PME (50-200),B2C,Google Maps,4.3,Actif,2026-06-29T00:15:34.165010,basse
BJ-D3D9D545,Transit,Transport & Logistique,Dassa-Zoumè,+229 91 70 97 51,transit@transit.net,,TPE (<10),B2C,Google Maps,4.7,Actif,2026-06-29T00:15:34.165040,moyenne
BJ-FCAD4FDD,Déménagement,Transport & Logistique,Savalou,+229 38 38 62 24,déménagement@déménagement.net,déménagement.bj,TPE (<10),B2B,Google Maps,3.1,Actif,2026-06-29T00:15:34.165081,haute
BJ-96D1ADE3,Distribution Logistique,Transport & Logistique,Savalou,+229 35 51 88 46,distribution.logistique@distribution.logistique.benin,,PME (50-200),B2B,Google Maps,4.9,Actif,2026-06-29T00:15:34.165111,moyenne
BJ-B0AAB4F8,Distribution Savalou,Transport & Logistique,Savalou,+229 63 74 15 16,,,Grande (>200),B2C,Google Maps,4.8,Actif,2026-06-29T00:15:34.165139,basse
BJ-6A8CBFEF,SARL Déménagement SARL,Transport & Logistique,Savalou,+229 49 82 85 41,sarl.déménagement.sarl@sarl.déménagement.sarl.net,sarldéménagementsarl.bj,Grande (>200),B2B,Google Maps,3.7,Actif,2026-06-29T00:15:34.165172,haute
BJ-CEA62F9A,Rapide Messagerie International,Transport & Logistique,Bantè,+229 97 36 99 25,,rapidemessagerieinternational.bj,TPE (<10),B2C,Google Maps,3.4,Actif,2026-06-29T00:15:34.165250,moyenne
BJ-EB26B872,Livraison,Transport & Logistique,Bantè,+229 74 70 90 53,livraison@livraison.bj,,TPE (<10),B2B,Google Maps,3.6,Actif,2026-06-29T00:15:34.165286,moyenne
BJ-A35BB8FD,Transport Route Transport,Transport & Logistique,Bantè,+229 95 23 48 26,,transportroutetransport.bj,TPE (<10),B2C,Google Maps,3.3,Actif,2026-06-29T00:15:34.165315,moyenne
BJ-C3691C78,Distribution,Transport & Logistique,Bantè,+229 25 30 85 59,distribution@distribution.benin,distribution.bj,TPE (<10),B2C,Google Maps,4.2,Actif,2026-06-29T00:15:34.165348,haute
BJ-11072F41,Express Cargo,Transport & Logistique,Bantè,+229 75 59 30 20,express.cargo@express.cargo.bj,expresscargo.bj,PME (50-200),B2B,Google Maps,5.0,Actif,2026-06-29T00:15:34.165374,haute
BJ-BBEEB416,Transport Transit Express,Transport & Logistique,Djougou,+229 22 45 98 21,,transporttransitexpress.bj,PME (10-50),B2C,Google Maps,4.2,Actif,2026-06-29T00:15:34.165416,moyenne
BJ-0B18C844,Cargo Djougou,Transport & Logistique,Djougou,+229 48 53 49 18,cargo.djougou@cargo.djougou.com,cargodjougou.bj,PME (10-50),B2B,Google Maps,3.0,Actif,2026-06-29T00:15:34.165446,haute
BJ-A35F25B0,Groupe Courrier Logistique Djougou,Transport & Logistique,Djougou,+229 40 36 19 52,groupe.courrier.logistique.djougou@groupe.courrier.logistique.djougou.org,,TPE (<10),B2B,Google Maps,4.0,Actif,2026-06-29T00:15:34.165463,moyenne
BJ-84D3F2E3,Groupe Messagerie Africa,Transport & Logistique,Djougou,+229 63 83 44 47,groupe.messagerie.africa@groupe.messagerie.africa.net,,TPE (<10),B2C,Google Maps,4.1,Actif,2026-06-29T00:15:34.165491,moyenne
BJ-23812CE3,Maritime Djougou,Transport & Logistique,Djougou,+229 64 86 40 17,maritime.djougou@maritime.djougou.com,,TPE (<10),B2C,Google Maps,4.2,Actif,2026-06-29T00:15:34.165518,moyenne
BJ-9C58509C,Groupe Aérien Ouèssè,Transport & Logistique,Ouèssè,+229 86 86 53 13,groupe.aérien.ouèssè@groupe.aérien.ouèssè.benin,groupeaérienouèssè.bj,TPE (<10),B2B,Google Maps,3.1,Actif,2026-06-29T00:15:34.165571,haute
BJ-51F671E5,Transport Déménagement Bénin,Transport & Logistique,Ouèssè,+229 46 58 20 37,,transportdéménagementbénin.bj,Grande (>200),B2B,Google Maps,3.4,Actif,2026-06-29T00:15:34.165609,moyenne
BJ-D43F1883,Transport Courrier Bénin,Transport & Logistique,Ouèssè,+229 64 67 54 60,,,TPE (<10),B2B,Google Maps,4.3,Actif,2026-06-29T00:15:34.165640,basse
BJ-654A8EBA,Logistique Messagerie,Transport & Logistique,Ouèssè,+229 47 12 36 44,,logistiquemessagerie.bj,Grande (>200),B2C,Google Maps,3.1,Actif,2026-06-29T00:15:34.165669,moyenne
BJ-1E99115E,Maritime,Transport & Logistique,Ouèssè,+229 30 63 30 64,maritime@maritime.bj,,TPE (<10),B2B,Google Maps,4.2,Actif,2026-06-29T00:15:34.165685,moyenne
BJ-13F76AC2,Route,Transport & Logistique,Bassila,+229 39 85 52 13,route@route.benin,route.bj,PME (50-200),B2C,Google Maps,4.6,Actif,2026-06-29T00:15:34.165762,haute
BJ-661C18BF,SARL Fret,Transport & Logistique,Bassila,+229 43 69 33 85,sarl.fret@sarl.fret.com,,TPE (<10),B2C,Google Maps,3.3,Actif,2026-06-29T00:15:34.165787,moyenne
BJ-1A28A388,Express Express,Transport & Logistique,Bassila,+229 36 58 81 61,,,TPE (<10),B2B,Google Maps,4.7,Actif,2026-06-29T00:15:34.165822,basse
BJ-C8A4964F,Groupe Déménagement Africa Pehunco,Transport & Logistique,Pehunco,+229 72 46 33 16,groupe.déménagement.africa.pehunco@groupe.déménagement.africa.pehunco.bj,,TPE (<10),B2C,Google Maps,3.7,Actif,2026-06-29T00:15:34.165931,moyenne
BJ-1F7ABCEB,Logistique Maritime Pehunco,Transport & Logistique,Pehunco,+229 27 63 71 21,logistique.maritime.pehunco@logistique.maritime.pehunco.net,,TPE (<10),B2B,Google Maps,4.0,Actif,2026-06-29T00:15:34.165965,moyenne
BJ-DA6E9401,Rapide Fret,Transport & Logistique,Pehunco,+229 62 46 97 30,,,TPE (<10),B2C,Google Maps,3.8,Actif,2026-06-29T00:15:34.166018,basse
BJ-77A846DB,Cargo,Transport & Logistique,Copargo,+229 79 49 74 87,,cargo.bj,PME (10-50),B2B,Google Maps,3.8,Actif,2026-06-29T00:15:34.166066,moyenne
BJ-6979C1CB,Rapide Messagerie,Transport & Logistique,Copargo,+229 38 70 19 24,rapide.messagerie@rapide.messagerie.net,,TPE (<10),B2C,Google Maps,4.1,Actif,2026-06-29T00:15:34.166110,moyenne
BJ-F7BB3E15,SARL Déménagement Copargo,Transport & Logistique,Copargo,+229 99 71 99 44,sarl.déménagement.copargo@sarl.déménagement.copargo.benin,sarldéménagementcopargo.bj,TPE (<10),B2B,Google Maps,3.8,Actif,2026-06-29T00:15:34.166150,haute
BJ-05EA5C48,Aérien Copargo,Transport & Logistique,Copargo,+229 84 50 22 14,aérien.copargo@aérien.copargo.org,aériencopargo.bj,TPE (<10),B2B,Google Maps,3.2,Actif,2026-06-29T00:15:34.166185,haute
BJ-16051DB9,Courrier Bénin Copargo,Transport & Logistique,Copargo,+229 44 44 89 67,,courrierbénincopargo.bj,PME (10-50),B2C,Google Maps,3.5,Actif,2026-06-29T00:15:34.166220,moyenne
BJ-131F28B2,Connect Telecom,Télécommunications,Cotonou,+229 91 42 51 72,connect.telecom@connect.telecom.net,,PME (10-50),B2B,Google Maps,4.6,Actif,2026-06-29T00:15:34.166271,moyenne
BJ-2629594D,Télécom Mobile,Télécommunications,Cotonou,+229 21 42 45 53,télécom.mobile@télécom.mobile.bj,télécommobile.bj,PME (10-50),B2B,Google Maps,3.2,Actif,2026-06-29T00:15:34.166323,haute
BJ-9031389D,Mobile Internet,Télécommunications,Cotonou,+229 62 70 22 80,,mobileinternet.bj,PME (50-200),B2C,Google Maps,3.3,Actif,2026-06-29T00:15:34.166376,moyenne
BJ-52A34689,Digital Internet Cotonou,Télécommunications,Cotonou,+229 48 72 82 54,digital.internet.cotonou@digital.internet.cotonou.net,digitalinternetcotonou.bj,PME (10-50),B2C,Google Maps,4.2,Actif,2026-06-29T00:15:34.166407,haute
BJ-B5B7A7C2,Connect Communication Africa Cotonou,Télécommunications,Cotonou,+229 67 33 70 98,connect.communication.africa.cotonou@connect.communication.africa.cotonou.benin,connectcommunicationafricacotonou.bj,PME (10-50),B2C,Google Maps,4.7,Actif,2026-06-29T00:15:34.166432,haute
BJ-0B0E9A68,Internet Mobile,Télécommunications,Abomey-Calavi,+229 71 64 59 20,,,PME (10-50),B2C,Google Maps,3.3,Actif,2026-06-29T00:15:34.166501,basse
BJ-0CB8CEBA,Fiber,Télécommunications,Abomey-Calavi,+229 65 19 41 67,fiber@fiber.com,fiber.bj,PME (10-50),B2C,Google Maps,4.4,Actif,2026-06-29T00:15:34.166525,haute
BJ-BBAF0621,Réseau Wireless,Télécommunications,Abomey-Calavi,+229 86 10 33 97,réseau.wireless@réseau.wireless.com,réseauwireless.bj,TPE (<10),B2B,Google Maps,3.5,Actif,2026-06-29T00:15:34.166577,haute
BJ-1373F4F3,Connect Digital SA,Télécommunications,Porto-Novo,+229 31 62 40 22,connect.digital.sa@connect.digital.sa.com,connectdigitalsa.bj,Grande (>200),B2B,Google Maps,3.3,Actif,2026-06-29T00:15:34.166614,haute
BJ-CFA18F3C,Réseau Voice,Télécommunications,Porto-Novo,+229 22 68 42 53,réseau.voice@réseau.voice.benin,réseauvoice.bj,PME (10-50),B2C,Google Maps,4.0,Actif,2026-06-29T00:15:34.166647,haute
BJ-510833E2,Télécom Satellite Africa Porto-Novo,Télécommunications,Porto-Novo,+229 76 72 53 16,télécom.satellite.africa.portonovo@télécom.satellite.africa.portonovo.org,télécomsatelliteafricaportonovo.bj,PME (50-200),B2C,Google Maps,4.0,Actif,2026-06-29T00:15:34.166684,haute
BJ-CFCC52DC,Télécom Digital Bénin,Télécommunications,Porto-Novo,+229 21 51 23 23,,télécomdigitalbénin.bj,PME (10-50),B2C,Google Maps,3.8,Actif,2026-06-29T00:15:34.166723,moyenne
BJ-3726AD38,Télécom Communication Africa,Télécommunications,Porto-Novo,+229 60 61 28 87,télécom.communication.africa@télécom.communication.africa.com,,TPE (<10),B2B,Google Maps,4.9,Actif,2026-06-29T00:15:34.166761,moyenne
BJ-9447EFE3,Internet Digital International,Télécommunications,Parakou,+229 51 24 93 80,,internetdigitalinternational.bj,PME (10-50),B2B,Google Maps,5.0,Actif,2026-06-29T00:15:34.166806,moyenne
BJ-1B012DCD,Mobile Tech SA Parakou,Télécommunications,Parakou,+229 77 66 98 37,,,PME (10-50),B2B,Google Maps,4.2,Actif,2026-06-29T00:15:34.166856,basse
BJ-7D953E1C,Mobile Digital SA,Télécommunications,Parakou,+229 94 87 27 88,mobile.digital.sa@mobile.digital.sa.com,mobiledigitalsa.bj,PME (50-200),B2C,Google Maps,3.1,Actif,2026-06-29T00:15:34.166949,haute
BJ-1B1C8698,Télécom Télécom,Télécommunications,Parakou,+229 27 32 30 94,télécom.télécom@télécom.télécom.com,télécomtélécom.bj,TPE (<10),B2C,Google Maps,3.2,Actif,2026-06-29T00:15:34.166996,haute
BJ-82F3AA43,Connect Internet Groupe,Télécommunications,Bohicon,+229 68 63 73 30,connect.internet.groupe@connect.internet.groupe.com,connectinternetgroupe.bj,PME (50-200),B2B,Google Maps,3.3,Actif,2026-06-29T00:15:34.167047,haute
BJ-89C85B8B,Télécom Data,Télécommunications,Bohicon,+229 28 52 57 50,,télécomdata.bj,Grande (>200),B2C,Google Maps,3.6,Actif,2026-06-29T00:15:34.167111,moyenne
BJ-31BD40B4,Réseau,Télécommunications,Bohicon,+229 25 89 17 11,,,PME (10-50),B2B,Google Maps,4.5,Actif,2026-06-29T00:15:34.167155,basse
BJ-17FB12ED,Data SA,Télécommunications,Bohicon,+229 75 26 60 93,,datasa.bj,PME (10-50),B2C,Google Maps,3.7,Actif,2026-06-29T00:15:34.167198,moyenne
BJ-AEE83E1B,Télécom Communication SARL,Télécommunications,Bohicon,+229 43 94 28 30,télécom.communication.sarl@télécom.communication.sarl.benin,télécomcommunicationsarl.bj,TPE (<10),B2C,Google Maps,3.6,Actif,2026-06-29T00:15:34.167236,haute
BJ-7574FFF5,Voice,Télécommunications,Natitingou,+229 31 84 43 26,voice@voice.org,voice.bj,PME (50-200),B2C,Google Maps,3.6,Actif,2026-06-29T00:15:34.167282,haute
BJ-33F33FF3,Mobile Mobile Natitingou,Télécommunications,Natitingou,+229 21 19 89 18,mobile.mobile.natitingou@mobile.mobile.natitingou.benin,mobilemobilenatitingou.bj,TPE (<10),B2C,Google Maps,4.0,Actif,2026-06-29T00:15:34.167351,haute
BJ-41BC7A8A,Télécom Télécom Natitingou,Télécommunications,Natitingou,+229 86 17 86 31,télécom.télécom.natitingou@télécom.télécom.natitingou.benin,,PME (50-200),B2B,Google Maps,3.2,Actif,2026-06-29T00:15:34.167378,moyenne
BJ-FEFC3D71,Connect Mobile Natitingou,Télécommunications,Natitingou,+229 75 98 51 53,,connectmobilenatitingou.bj,TPE (<10),B2B,Google Maps,4.5,Actif,2026-06-29T00:15:34.167403,moyenne
BJ-FDB4996C,Télécom Wireless Groupe,Télécommunications,Lokossa,+229 20 70 65 95,,,PME (10-50),B2C,Google Maps,3.8,Actif,2026-06-29T00:15:34.167485,basse
BJ-55211B04,Data SA,Télécommunications,Lokossa,+229 20 58 83 91,data.sa@data.sa.com,datasa.bj,PME (50-200),B2B,Google Maps,3.7,Actif,2026-06-29T00:15:34.167504,haute
BJ-3AB6CF86,Data,Télécommunications,Lokossa,+229 76 64 80 74,data@data.benin,data.bj,PME (10-50),B2B,Google Maps,4.8,Actif,2026-06-29T00:15:34.167520,haute
BJ-7A1E5342,Connect Communication,Télécommunications,Ouidah,+229 35 21 94 63,connect.communication@connect.communication.bj,connectcommunication.bj,PME (50-200),B2B,Google Maps,4.4,Actif,2026-06-29T00:15:34.167546,haute
BJ-F7E6B07E,Data International,Télécommunications,Ouidah,+229 51 98 57 47,data.international@data.international.benin,,PME (10-50),B2B,Google Maps,4.7,Actif,2026-06-29T00:15:34.167575,moyenne
BJ-D6F827F3,Wireless International Ouidah,Télécommunications,Ouidah,+229 73 40 30 31,wireless.international.ouidah@wireless.international.ouidah.net,wirelessinternationalouidah.bj,TPE (<10),B2B,Google Maps,4.1,Actif,2026-06-29T00:15:34.167589,haute
BJ-CD0DEBE9,Digital Télécom Savalou,Télécommunications,Savalou,+229 36 32 63 81,digital.télécom.savalou@digital.télécom.savalou.net,digitaltélécomsavalou.bj,TPE (<10),B2C,Google Maps,3.2,Actif,2026-06-29T00:15:34.167638,haute
BJ-93F3814A,Mobile Internet,Télécommunications,Savalou,+229 49 48 94 64,mobile.internet@mobile.internet.com,mobileinternet.bj,PME (10-50),B2B,Google Maps,4.6,Actif,2026-06-29T00:15:34.167712,haute
BJ-9713AD30,Connect Internet,Télécommunications,Savalou,+229 90 37 93 49,connect.internet@connect.internet.net,connectinternet.bj,TPE (<10),B2C,Google Maps,4.6,Actif,2026-06-29T00:15:34.167744,haute
BJ-721BED09,Wireless Africa,Télécommunications,Savalou,+229 83 58 69 52,wireless.africa@wireless.africa.benin,wirelessafrica.bj,PME (10-50),B2B,Google Maps,3.3,Actif,2026-06-29T00:15:34.167785,haute
BJ-C429FED8,Fiber SA,Télécommunications,Dassa-Zoumè,+229 96 72 38 94,,fibersa.bj,TPE (<10),B2B,Google Maps,4.7,Actif,2026-06-29T00:15:34.167838,moyenne
BJ-017E1B9D,Digital SA,Télécommunications,Dassa-Zoumè,+229 35 37 94 61,digital.sa@digital.sa.bj,digitalsa.bj,TPE (<10),B2C,Google Maps,4.2,Actif,2026-06-29T00:15:34.167869,haute
BJ-AD04D997,Connect Communication,Télécommunications,Dassa-Zoumè,+229 27 52 69 59,,connectcommunication.bj,PME (10-50),B2C,Google Maps,3.9,Actif,2026-06-29T00:15:34.167912,moyenne
BJ-6C8623F7,Réseau Bénin,Télécommunications,Dassa-Zoumè,+229 56 54 45 19,,,TPE (<10),B2B,Google Maps,3.6,Actif,2026-06-29T00:15:34.167944,basse
BJ-76630905,Data,Télécommunications,Dassa-Zoumè,+229 59 88 47 61,data@data.net,,TPE (<10),B2C,Google Maps,4.9,Actif,2026-06-29T00:15:34.167980,moyenne
BJ-E21D0C2F,Tech Telecom,Télécommunications,Kétou,+229 83 62 42 18,tech.telecom@tech.telecom.com,,PME (50-200),B2B,Google Maps,4.8,Actif,2026-06-29T00:15:34.168020,moyenne
BJ-2097231E,Digital Wireless,Télécommunications,Kétou,+229 63 46 18 49,digital.wireless@digital.wireless.com,digitalwireless.bj,PME (10-50),B2C,Google Maps,4.8,Actif,2026-06-29T00:15:34.168055,haute
BJ-6B11867B,Connect Data Bénin,Télécommunications,Kétou,+229 32 69 66 50,connect.data.bénin@connect.data.bénin.net,connectdatabénin.bj,TPE (<10),B2C,Google Maps,4.3,Actif,2026-06-29T00:15:34.168089,haute
BJ-62D9E95C,Télécom Télécom,Télécommunications,Kétou,+229 20 62 36 34,télécom.télécom@télécom.télécom.org,,PME (50-200),B2B,Google Maps,4.7,Actif,2026-06-29T00:15:34.168132,moyenne
BJ-E1357538,Tech SARL,Télécommunications,Kétou,+229 62 63 11 92,,,PME (50-200),B2C,Google Maps,5.0,Actif,2026-06-29T00:15:34.168165,basse
BJ-28411C04,Connect Connect Africa,Télécommunications,Covè,+229 91 61 68 48,,connectconnectafrica.bj,PME (10-50),B2C,Google Maps,3.9,Actif,2026-06-29T00:15:34.168206,moyenne
BJ-2E669700,Mobile Digital Africa,Télécommunications,Covè,+229 37 85 33 86,,mobiledigitalafrica.bj,TPE (<10),B2C,Google Maps,4.2,Actif,2026-06-29T00:15:34.168219,moyenne
BJ-8B00144E,Voice,Télécommunications,Covè,+229 89 39 76 36,voice@voice.com,voice.bj,TPE (<10),B2C,Google Maps,4.9,Actif,2026-06-29T00:15:34.168235,haute
BJ-E93D0CA6,Internet Voice,Télécommunications,Covè,+229 42 31 38 24,internet.voice@internet.voice.com,internetvoice.bj,TPE (<10),B2B,Google Maps,4.1,Actif,2026-06-29T00:15:34.168249,haute
BJ-148A87FB,Télécom SARL,Télécommunications,Pobè,+229 71 59 89 72,télécom.sarl@télécom.sarl.benin,télécomsarl.bj,Grande (>200),B2B,Google Maps,4.2,Actif,2026-06-29T00:15:34.168278,haute
BJ-D6E730EB,Mobile Digital Pobè,Télécommunications,Pobè,+229 20 52 77 12,,,TPE (<10),B2C,Google Maps,3.8,Actif,2026-06-29T00:15:34.168314,basse
BJ-4A596AA8,Télécom Mobile International,Télécommunications,Pobè,+229 77 15 52 68,télécom.mobile.international@télécom.mobile.international.com,télécommobileinternational.bj,PME (10-50),B2B,Google Maps,3.9,Actif,2026-06-29T00:15:34.168330,haute
BJ-2522CA78,Mobile SA,Télécommunications,Pobè,+229 54 53 95 40,,,PME (50-200),B2B,Google Maps,4.3,Actif,2026-06-29T00:15:34.168346,basse
BJ-49129F94,Mobile Voice Bénin,Télécommunications,Sakété,+229 95 32 87 25,mobile.voice.bénin@mobile.voice.bénin.bj,mobilevoicebénin.bj,Grande (>200),B2B,Google Maps,4.1,Actif,2026-06-29T00:15:34.168369,haute
BJ-6E990365,Mobile,Télécommunications,Sakété,+229 26 91 43 51,mobile@mobile.benin,mobile.bj,PME (50-200),B2C,Google Maps,4.7,Actif,2026-06-29T00:15:34.168384,haute
BJ-3CBE400E,Digital Tech,Télécommunications,Sakété,+229 36 87 52 32,,digitaltech.bj,Grande (>200),B2C,Google Maps,3.3,Actif,2026-06-29T00:15:34.168402,moyenne
BJ-E61DAB43,Connect Africa,Télécommunications,Sakété,+229 86 36 26 84,connect.africa@connect.africa.bj,connectafrica.bj,PME (10-50),B2B,Google Maps,3.3,Actif,2026-06-29T00:15:34.168418,haute
BJ-60A84EB9,Mobile Wireless Sakété,Télécommunications,Sakété,+229 55 42 92 74,mobile.wireless.sakété@mobile.wireless.sakété.org,,PME (10-50),B2B,Google Maps,4.5,Actif,2026-06-29T00:15:34.168433,moyenne
BJ-96684F74,Digital,Télécommunications,Adjara,+229 80 78 30 28,digital@digital.benin,digital.bj,PME (10-50),B2C,Google Maps,3.1,Actif,2026-06-29T00:15:34.168455,haute
BJ-C9292B02,Réseau Connect Bénin Adjara,Télécommunications,Adjara,+229 96 51 47 74,réseau.connect.bénin.adjara@réseau.connect.bénin.adjara.com,réseauconnectbéninadjara.bj,PME (50-200),B2C,Google Maps,3.2,Actif,2026-06-29T00:15:34.168475,haute
BJ-8B5ABC51,Digital Communication Africa Adjara,Télécommunications,Adjara,+229 83 38 20 90,digital.communication.africa.adjara@digital.communication.africa.adjara.benin,digitalcommunicationafricaadjara.bj,PME (50-200),B2B,Google Maps,3.7,Actif,2026-06-29T00:15:34.168491,haute
BJ-B71E2F5C,Télécom Digital,Télécommunications,Adjara,+229 35 81 97 51,,télécomdigital.bj,PME (10-50),B2B,Google Maps,4.4,Actif,2026-06-29T00:15:34.168505,moyenne
BJ-7EE24639,Digital Fiber Telecom Adjara,Télécommunications,Adjara,+229 55 42 55 36,digital.fiber.telecom.adjara@digital.fiber.telecom.adjara.benin,digitalfibertelecomadjara.bj,TPE (<10),B2C,Google Maps,3.8,Actif,2026-06-29T00:15:34.168520,haute
BJ-077C7D72,Télécom Réseau Bénin Allada,Télécommunications,Allada,+229 99 15 12 73,,,TPE (<10),B2B,Google Maps,4.6,Actif,2026-06-29T00:15:34.168540,basse
BJ-0EFEDFBF,Digital Connect,Télécommunications,Allada,+229 37 89 95 51,,digitalconnect.bj,PME (50-200),B2C,Google Maps,3.3,Actif,2026-06-29T00:15:34.168555,moyenne
BJ-6EA72F3E,Télécom SARL,Télécommunications,Allada,+229 61 33 36 12,,,TPE (<10),B2B,Google Maps,4.2,Actif,2026-06-29T00:15:34.168568,basse
BJ-3242D8D8,Internet Data,Télécommunications,Allada,+229 58 16 42 66,internet.data@internet.data.benin,internetdata.bj,PME (10-50),B2C,Google Maps,3.3,Actif,2026-06-29T00:15:34.168583,haute
BJ-8F366044,Internet SARL,Télécommunications,Allada,+229 36 52 36 91,internet.sarl@internet.sarl.com,,TPE (<10),B2C,Google Maps,4.7,Actif,2026-06-29T00:15:34.168602,moyenne
BJ-AD5CA65A,Connect Télécom,Télécommunications,Aplahoué,+229 88 84 45 81,connect.télécom@connect.télécom.benin,connecttélécom.bj,PME (50-200),B2B,Google Maps,3.3,Actif,2026-06-29T00:15:34.168624,haute
BJ-FB517F34,Digital Internet,Télécommunications,Aplahoué,+229 66 18 80 36,digital.internet@digital.internet.bj,,TPE (<10),B2B,Google Maps,3.7,Actif,2026-06-29T00:15:34.168643,moyenne
BJ-43E048D3,Mobile Digital Bénin,Télécommunications,Aplahoué,+229 32 41 31 62,mobile.digital.bénin@mobile.digital.bénin.bj,mobiledigitalbénin.bj,PME (10-50),B2C,Google Maps,3.0,Actif,2026-06-29T00:15:34.168660,haute
BJ-F50FF0E7,Voice,Télécommunications,Aplahoué,+229 78 98 50 63,voice@voice.com,voice.bj,PME (10-50),B2C,Google Maps,4.3,Actif,2026-06-29T00:15:34.168674,haute
BJ-4E1C8A2A,Internet,Télécommunications,Aplahoué,+229 33 75 31 22,,internet.bj,PME (50-200),B2B,Google Maps,4.2,Actif,2026-06-29T00:15:34.168687,moyenne
BJ-8AB43769,Communication Telecom,Télécommunications,Dogbo-Tota,+229 24 73 93 51,,communicationtelecom.bj,PME (10-50),B2B,Google Maps,4.8,Actif,2026-06-29T00:15:34.168709,moyenne
BJ-D2ECD18A,Digital Dogbo-Tota,Télécommunications,Dogbo-Tota,+229 40 32 11 75,digital.dogbotota@digital.dogbotota.com,digitaldogbotota.bj,PME (10-50),B2C,Google Maps,4.1,Actif,2026-06-29T00:15:34.168742,haute
BJ-9E537F57,Communication,Télécommunications,Dogbo-Tota,+229 27 50 28 30,communication@communication.bj,communication.bj,PME (10-50),B2B,Google Maps,3.7,Actif,2026-06-29T00:15:34.168773,haute
BJ-0CB0A19A,Mobile Tech Kpomassè,Télécommunications,Kpomassè,+229 55 54 69 64,mobile.tech.kpomassè@mobile.tech.kpomassè.bj,mobiletechkpomassè.bj,TPE (<10),B2C,Google Maps,3.1,Actif,2026-06-29T00:15:34.168839,haute
BJ-5A1D4572,Réseau Groupe,Télécommunications,Kpomassè,+229 95 73 79 98,réseau.groupe@réseau.groupe.com,réseaugroupe.bj,TPE (<10),B2C,Google Maps,3.9,Actif,2026-06-29T00:15:34.168878,haute
BJ-9974A041,Tech International,Télécommunications,Kpomassè,+229 43 83 83 55,tech.international@tech.international.net,,PME (50-200),B2B,Google Maps,3.7,Actif,2026-06-29T00:15:34.168916,moyenne
BJ-CD13D8F5,Réseau SA,Télécommunications,Kpomassè,+229 46 68 81 97,réseau.sa@réseau.sa.org,réseausa.bj,TPE (<10),B2C,Google Maps,4.6,Actif,2026-06-29T00:15:34.168938,haute
BJ-9ED2B01D,Internet Communication,Télécommunications,Kpomassè,+229 80 20 88 37,internet.communication@internet.communication.benin,internetcommunication.bj,TPE (<10),B2B,Google Maps,3.3,Actif,2026-06-29T00:15:34.168953,haute
BJ-85701112,Internet Fiber,Télécommunications,Tori-Bossito,+229 98 60 25 48,internet.fiber@internet.fiber.org,internetfiber.bj,TPE (<10),B2C,Google Maps,3.2,Actif,2026-06-29T00:15:34.168980,haute
BJ-AC4F7D69,Internet Tori-Bossito,Télécommunications,Tori-Bossito,+229 84 26 19 18,internet.toribossito@internet.toribossito.org,internettoribossito.bj,TPE (<10),B2B,Google Maps,3.1,Actif,2026-06-29T00:15:34.168996,haute
BJ-CCC88171,Internet Réseau SARL Tori-Bossito,Télécommunications,Tori-Bossito,+229 45 98 64 13,internet.réseau.sarl.toribossito@internet.réseau.sarl.toribossito.org,,TPE (<10),B2B,Google Maps,4.6,Actif,2026-06-29T00:15:34.169012,moyenne
BJ-8941013F,Digital International,Télécommunications,Tori-Bossito,+229 53 39 42 61,,digitalinternational.bj,PME (50-200),B2C,Google Maps,4.5,Actif,2026-06-29T00:15:34.169026,moyenne
BJ-0D98A9B8,Mobile Groupe,Télécommunications,Tori-Bossito,+229 29 72 90 32,mobile.groupe@mobile.groupe.net,,TPE (<10),B2B,Google Maps,3.8,Actif,2026-06-29T00:15:34.169040,moyenne
BJ-872031F5,Fiber International,Télécommunications,Grand-Popo,+229 39 84 90 75,fiber.international@fiber.international.benin,fiberinternational.bj,Grande (>200),B2B,Google Maps,3.6,Actif,2026-06-29T00:15:34.169060,haute
BJ-F9CCF1B2,Mobile Wireless,Télécommunications,Grand-Popo,+229 67 71 80 81,mobile.wireless@mobile.wireless.org,mobilewireless.bj,PME (10-50),B2B,Google Maps,3.9,Actif,2026-06-29T00:15:34.169078,haute
BJ-22D946A9,Satellite SA,Télécommunications,Grand-Popo,+229 41 74 50 71,satellite.sa@satellite.sa.net,satellitesa.bj,TPE (<10),B2B,Google Maps,4.6,Actif,2026-06-29T00:15:34.169093,haute
BJ-18DDC7B1,Fiber SA,Télécommunications,Grand-Popo,+229 37 93 40 53,,,TPE (<10),B2C,Google Maps,4.6,Actif,2026-06-29T00:15:34.169104,basse
BJ-71BF2BA9,Digital Communication Africa,Télécommunications,Grand-Popo,+229 34 50 72 46,digital.communication.africa@digital.communication.africa.benin,digitalcommunicationafrica.bj,TPE (<10),B2B,Google Maps,4.8,Actif,2026-06-29T00:15:34.169118,haute
BJ-E194CE6F,Mobile International,Télécommunications,Athiémé,+229 94 91 80 55,,mobileinternational.bj,PME (50-200),B2B,Google Maps,4.0,Actif,2026-06-29T00:15:34.169138,moyenne
BJ-77C793AA,Communication,Télécommunications,Athiémé,+229 54 83 71 11,,communication.bj,Grande (>200),B2B,Google Maps,4.1,Actif,2026-06-29T00:15:34.169151,moyenne
BJ-9A2913D2,Satellite,Télécommunications,Athiémé,+229 80 75 50 33,satellite@satellite.bj,satellite.bj,TPE (<10),B2C,Google Maps,4.3,Actif,2026-06-29T00:15:34.169165,haute
BJ-2F2F14C9,Communication SARL,Télécommunications,Athiémé,+229 86 89 82 27,,,PME (10-50),B2C,Google Maps,4.4,Actif,2026-06-29T00:15:34.169176,basse
BJ-32723D7F,Tech SA,Télécommunications,Athiémé,+229 75 92 56 97,,techsa.bj,PME (10-50),B2C,Google Maps,3.4,Actif,2026-06-29T00:15:34.169193,moyenne
BJ-D3116148,Satellite,Télécommunications,Bopa,+229 36 26 94 98,satellite@satellite.benin,satellite.bj,TPE (<10),B2B,Google Maps,3.8,Actif,2026-06-29T00:15:34.169213,haute
BJ-36DC4A07,Mobile Voice SARL,Télécommunications,Bopa,+229 54 55 75 78,mobile.voice.sarl@mobile.voice.sarl.com,mobilevoicesarl.bj,PME (10-50),B2B,Google Maps,3.4,Actif,2026-06-29T00:15:34.169244,haute
BJ-FA4B3C5C,Télécom,Télécommunications,Bopa,+229 22 87 77 83,télécom@télécom.net,télécom.bj,TPE (<10),B2B,Google Maps,3.9,Actif,2026-06-29T00:15:34.169262,haute
BJ-81B20EF9,Wireless SARL,Télécommunications,Bopa,+229 41 61 82 94,wireless.sarl@wireless.sarl.org,wirelesssarl.bj,Grande (>200),B2B,Google Maps,3.0,Actif,2026-06-29T00:15:34.169277,haute
BJ-5E232B4D,Connect Connect,Télécommunications,Houéyogbé,+229 82 95 20 82,connect.connect@connect.connect.bj,connectconnect.bj,PME (50-200),B2C,Google Maps,3.6,Actif,2026-06-29T00:15:34.169297,haute
BJ-F7AB1677,Réseau Data Telecom,Télécommunications,Houéyogbé,+229 66 96 16 90,réseau.data.telecom@réseau.data.telecom.net,réseaudatatelecom.bj,PME (50-200),B2C,Google Maps,4.4,Actif,2026-06-29T00:15:34.169313,haute
BJ-55EF4F00,Connect Voice Groupe Houéyogbé,Télécommunications,Houéyogbé,+229 79 48 72 99,connect.voice.groupe.houéyogbé@connect.voice.groupe.houéyogbé.org,connectvoicegroupehouéyogbé.bj,Grande (>200),B2B,Google Maps,4.9,Actif,2026-06-29T00:15:34.169329,haute
BJ-796C8EF9,Internet Télécom,Télécommunications,Houéyogbé,+229 96 84 70 86,internet.télécom@internet.télécom.org,internettélécom.bj,PME (50-200),B2B,Google Maps,4.2,Actif,2026-06-29T00:15:34.169344,haute
BJ-6A54FBCA,Mobile,Télécommunications,Houéyogbé,+229 63 55 50 90,mobile@mobile.net,mobile.bj,PME (50-200),B2B,Google Maps,4.9,Actif,2026-06-29T00:15:34.169358,haute
BJ-8FA92EA6,Télécom Fiber Africa,Télécommunications,Malanville,+229 62 77 50 94,télécom.fiber.africa@télécom.fiber.africa.bj,télécomfiberafrica.bj,PME (50-200),B2C,Google Maps,3.5,Actif,2026-06-29T00:15:34.169379,haute
BJ-15DA8A4C,Data Malanville,Télécommunications,Malanville,+229 59 97 10 47,data.malanville@data.malanville.org,datamalanville.bj,PME (50-200),B2B,Google Maps,3.5,Actif,2026-06-29T00:15:34.169398,haute
BJ-79B2A233,Télécom Internet Telecom,Télécommunications,Malanville,+229 72 49 12 41,télécom.internet.telecom@télécom.internet.telecom.net,télécominternettelecom.bj,PME (10-50),B2B,Google Maps,3.3,Actif,2026-06-29T00:15:34.169428,haute
BJ-3EBB6EE5,Mobile Internet SA Malanville,Télécommunications,Malanville,+229 87 67 76 56,mobile.internet.sa.malanville@mobile.internet.sa.malanville.bj,mobileinternetsamalanville.bj,PME (10-50),B2C,Google Maps,4.8,Actif,2026-06-29T00:15:34.169446,haute
BJ-0DED0B35,Mobile Communication,Télécommunications,Kandi,+229 28 52 29 34,mobile.communication@mobile.communication.bj,mobilecommunication.bj,TPE (<10),B2C,Google Maps,4.5,Actif,2026-06-29T00:15:34.169467,haute
BJ-B9B8A90D,Internet Internet,Télécommunications,Kandi,+229 43 79 61 30,internet.internet@internet.internet.benin,internetinternet.bj,TPE (<10),B2B,Google Maps,4.6,Actif,2026-06-29T00:15:34.169481,haute
BJ-FED2A1EF,Digital Réseau International,Télécommunications,Kandi,+229 20 67 81 21,digital.réseau.international@digital.réseau.international.benin,,PME (50-200),B2C,Google Maps,4.2,Actif,2026-06-29T00:15:34.169495,moyenne
BJ-5874D042,Data SA Kandi,Télécommunications,Kandi,+229 52 21 63 48,data.sa.kandi@data.sa.kandi.benin,datasakandi.bj,PME (10-50),B2B,Google Maps,3.3,Actif,2026-06-29T00:15:34.169510,haute
BJ-B688CBFB,Voice,Télécommunications,Kandi,+229 91 99 51 67,voice@voice.benin,,PME (10-50),B2C,Google Maps,3.6,Actif,2026-06-29T00:15:34.169523,moyenne
BJ-5DEAA7D3,Voice,Télécommunications,Banikoara,+229 20 40 42 26,voice@voice.benin,,PME (10-50),B2B,Google Maps,3.3,Actif,2026-06-29T00:15:34.169544,moyenne
BJ-1A67B9E9,Mobile Connect Bénin Banikoara,Télécommunications,Banikoara,+229 56 72 35 57,,mobileconnectbéninbanikoara.bj,TPE (<10),B2C,Google Maps,4.7,Actif,2026-06-29T00:15:34.169567,moyenne
BJ-C50FA39A,Télécom Fiber,Télécommunications,Banikoara,+229 43 81 10 33,télécom.fiber@télécom.fiber.org,télécomfiber.bj,TPE (<10),B2C,Google Maps,4.9,Actif,2026-06-29T00:15:34.169582,haute
BJ-021260DE,Connect Réseau Banikoara,Télécommunications,Banikoara,+229 85 56 15 34,connect.réseau.banikoara@connect.réseau.banikoara.org,connectréseaubanikoara.bj,PME (10-50),B2C,Google Maps,3.5,Actif,2026-06-29T00:15:34.169597,haute
BJ-C1493793,Réseau Connect SA,Télécommunications,Banikoara,+229 79 33 47 15,réseau.connect.sa@réseau.connect.sa.org,réseauconnectsa.bj,TPE (<10),B2C,Google Maps,4.5,Actif,2026-06-29T00:15:34.169635,haute
BJ-7984BB16,Digital Communication,Télécommunications,Ségbana,+229 78 77 31 86,digital.communication@digital.communication.com,,Grande (>200),B2B,Google Maps,4.1,Actif,2026-06-29T00:15:34.169675,moyenne
BJ-44ED6DC9,Télécom Satellite Bénin,Télécommunications,Ségbana,+229 42 75 67 32,télécom.satellite.bénin@télécom.satellite.bénin.bj,,PME (50-200),B2C,Google Maps,4.1,Actif,2026-06-29T00:15:34.169692,moyenne
BJ-31159546,Digital Connect Africa,Télécommunications,Ségbana,+229 26 36 86 28,digital.connect.africa@digital.connect.africa.org,digitalconnectafrica.bj,TPE (<10),B2B,Google Maps,3.8,Actif,2026-06-29T00:15:34.169712,haute
BJ-1C0D7797,Télécom Communication,Télécommunications,Ségbana,+229 49 56 96 15,,télécomcommunication.bj,TPE (<10),B2C,Google Maps,3.6,Actif,2026-06-29T00:15:34.169748,moyenne
BJ-CC6B3D22,Mobile Communication,Télécommunications,Karimama,+229 54 55 56 90,mobile.communication@mobile.communication.org,mobilecommunication.bj,PME (50-200),B2B,Google Maps,4.1,Actif,2026-06-29T00:15:34.169773,haute
BJ-1932A7D6,Satellite SARL,Télécommunications,Karimama,+229 57 33 67 48,satellite.sarl@satellite.sarl.org,,PME (50-200),B2C,Google Maps,4.4,Actif,2026-06-29T00:15:34.169790,moyenne
BJ-DE8E04A5,Réseau SARL,Télécommunications,Karimama,+229 28 86 87 15,réseau.sarl@réseau.sarl.benin,réseausarl.bj,PME (10-50),B2C,Google Maps,3.5,Actif,2026-06-29T00:15:34.169806,haute
BJ-83549776,Internet Wireless Africa,Télécommunications,Karimama,+229 67 63 90 55,internet.wireless.africa@internet.wireless.africa.net,internetwirelessafrica.bj,PME (10-50),B2B,Google Maps,3.2,Actif,2026-06-29T00:15:34.169821,haute
BJ-31133890,Connect Telecom,Télécommunications,Karimama,+229 56 88 14 82,connect.telecom@connect.telecom.net,,TPE (<10),B2C,Google Maps,3.1,Actif,2026-06-29T00:15:34.169834,moyenne
BJ-174DEDFB,Internet International Gogounou,Télécommunications,Gogounou,+229 89 96 44 59,internet.international.gogounou@internet.international.gogounou.org,internetinternationalgogounou.bj,PME (50-200),B2C,Google Maps,3.6,Actif,2026-06-29T00:15:34.169855,haute
BJ-F2311971,Digital Data,Télécommunications,Gogounou,+229 93 87 47 79,digital.data@digital.data.com,,TPE (<10),B2B,Google Maps,4.4,Actif,2026-06-29T00:15:34.169868,moyenne
BJ-6B5AB2A2,Internet Tech Groupe,Télécommunications,Gogounou,+229 98 22 28 42,internet.tech.groupe@internet.tech.groupe.net,internettechgroupe.bj,PME (50-200),B2C,Google Maps,3.5,Actif,2026-06-29T00:15:34.169882,haute
BJ-D3D56E88,Digital Internet Africa,Télécommunications,Gogounou,+229 82 33 31 16,,digitalinternetafrica.bj,PME (10-50),B2C,Google Maps,4.6,Actif,2026-06-29T00:15:34.169909,moyenne
BJ-494E134C,Réseau Internet,Télécommunications,Gogounou,+229 74 79 63 67,réseau.internet@réseau.internet.bj,réseauinternet.bj,TPE (<10),B2B,Google Maps,4.8,Actif,2026-06-29T00:15:34.169925,haute
BJ-D26BFCB6,Digital Satellite Groupe Cobly,Télécommunications,Cobly,+229 88 42 85 92,digital.satellite.groupe.cobly@digital.satellite.groupe.cobly.benin,digitalsatellitegroupecobly.bj,PME (50-200),B2B,Google Maps,3.4,Actif,2026-06-29T00:15:34.169946,haute
BJ-7076EA5E,Voice Groupe,Télécommunications,Cobly,+229 91 63 90 84,voice.groupe@voice.groupe.benin,voicegroupe.bj,TPE (<10),B2C,Google Maps,3.3,Actif,2026-06-29T00:15:34.169964,haute
BJ-FA4039FE,Réseau Africa,Télécommunications,Cobly,+229 21 95 72 35,,réseauafrica.bj,TPE (<10),B2B,Google Maps,3.5,Actif,2026-06-29T00:15:34.169978,moyenne
BJ-45D92606,Réseau,Télécommunications,Cobly,+229 72 25 52 62,réseau@réseau.com,réseau.bj,PME (50-200),B2B,Google Maps,4.1,Actif,2026-06-29T00:15:34.169993,haute
BJ-0761B14D,Voice,Télécommunications,Cobly,+229 56 60 50 37,voice@voice.bj,voice.bj,TPE (<10),B2B,Google Maps,3.4,Actif,2026-06-29T00:15:34.170008,haute
BJ-0881EE10,Voice Tanguiéta,Télécommunications,Tanguiéta,+229 76 73 13 45,voice.tanguiéta@voice.tanguiéta.net,voicetanguiéta.bj,Grande (>200),B2C,Google Maps,4.9,Actif,2026-06-29T00:15:34.170029,haute
BJ-D8AF0AF1,Data,Télécommunications,Tanguiéta,+229 83 95 56 74,data@data.net,data.bj,PME (50-200),B2B,Google Maps,4.8,Actif,2026-06-29T00:15:34.170062,haute
BJ-E3D7B256,Connect Data Groupe Tanguiéta,Télécommunications,Tanguiéta,+229 54 32 87 24,,connectdatagroupetanguiéta.bj,TPE (<10),B2B,Google Maps,4.1,Actif,2026-06-29T00:15:34.170077,moyenne
BJ-6022A11B,Réseau Réseau,Télécommunications,Tanguiéta,+229 38 14 67 93,réseau.réseau@réseau.réseau.benin,réseauréseau.bj,TPE (<10),B2B,Google Maps,4.9,Actif,2026-06-29T00:15:34.170096,haute
BJ-A556C57D,Mobile SA,Télécommunications,Matéri,+229 66 17 93 25,mobile.sa@mobile.sa.benin,mobilesa.bj,Grande (>200),B2C,Google Maps,3.7,Actif,2026-06-29T00:15:34.170118,haute
BJ-182232CD,Réseau Connect Africa,Télécommunications,Matéri,+229 42 99 31 86,réseau.connect.africa@réseau.connect.africa.bj,réseauconnectafrica.bj,PME (10-50),B2B,Google Maps,4.8,Actif,2026-06-29T00:15:34.170137,haute
BJ-B6670E3E,Télécom Tech,Télécommunications,Matéri,+229 29 11 32 50,télécom.tech@télécom.tech.benin,télécomtech.bj,PME (50-200),B2B,Google Maps,4.1,Actif,2026-06-29T00:15:34.170152,haute
BJ-45D0A74C,Télécom Tech International Matéri,Télécommunications,Matéri,+229 36 61 54 91,télécom.tech.international.matéri@télécom.tech.international.matéri.org,télécomtechinternationalmatéri.bj,PME (10-50),B2C,Google Maps,3.6,Actif,2026-06-29T00:15:34.170167,haute
BJ-1FA9BD59,Internet Télécom Matéri,Télécommunications,Matéri,+229 69 42 81 31,internet.télécom.matéri@internet.télécom.matéri.com,internettélécommatéri.bj,Grande (>200),B2C,Google Maps,4.4,Actif,2026-06-29T00:15:34.170182,haute
BJ-146813BE,Tech SA,Télécommunications,Natitingou,+229 56 84 78 89,tech.sa@tech.sa.org,techsa.bj,Grande (>200),B2C,Google Maps,4.6,Actif,2026-06-29T00:15:34.170203,haute
BJ-FD49494E,Télécom Satellite Groupe,Télécommunications,Natitingou,+229 47 65 50 88,télécom.satellite.groupe@télécom.satellite.groupe.bj,télécomsatellitegroupe.bj,PME (50-200),B2C,Google Maps,3.6,Actif,2026-06-29T00:15:34.170218,haute
BJ-68823F6C,Communication Africa,Télécommunications,Natitingou,+229 71 98 28 82,,,PME (50-200),B2C,Google Maps,4.4,Actif,2026-06-29T00:15:34.170244,basse
BJ-12FE69B1,Télécom Data,Télécommunications,Natitingou,+229 73 69 26 74,télécom.data@télécom.data.net,télécomdata.bj,TPE (<10),B2C,Google Maps,4.7,Actif,2026-06-29T00:15:34.170259,haute
BJ-63A825EB,Digital Mobile Bénin,Télécommunications,Toucountouna,+229 71 50 64 65,digital.mobile.bénin@digital.mobile.bénin.benin,digitalmobilebénin.bj,PME (50-200),B2B,Google Maps,3.1,Actif,2026-06-29T00:15:34.170280,haute
BJ-85BF6F64,Digital Wireless Bénin,Télécommunications,Toucountouna,+229 29 73 90 80,digital.wireless.bénin@digital.wireless.bénin.com,digitalwirelessbénin.bj,TPE (<10),B2C,Google Maps,3.6,Actif,2026-06-29T00:15:34.170299,haute
BJ-570A0AFF,Tech Groupe,Télécommunications,Toucountouna,+229 97 34 32 98,tech.groupe@tech.groupe.bj,,Grande (>200),B2B,Google Maps,4.7,Actif,2026-06-29T00:15:34.170313,moyenne
BJ-E7BD8BA2,Internet Communication Bénin,Télécommunications,Toucountouna,+229 34 22 77 39,internet.communication.bénin@internet.communication.bénin.bj,,PME (50-200),B2C,Google Maps,4.5,Actif,2026-06-29T00:15:34.170328,moyenne
BJ-35AB83EE,Data SARL,Télécommunications,Toucountouna,+229 22 49 55 97,data.sarl@data.sarl.bj,,TPE (<10),B2C,Google Maps,4.9,Actif,2026-06-29T00:15:34.170360,moyenne
BJ-06A46E15,Data Boukoumbé,Télécommunications,Boukoumbé,+229 73 82 10 92,data.boukoumbé@data.boukoumbé.bj,,TPE (<10),B2C,Google Maps,3.4,Actif,2026-06-29T00:15:34.170394,moyenne
BJ-2EF9AA20,Data SARL,Télécommunications,Boukoumbé,+229 66 93 67 98,,datasarl.bj,TPE (<10),B2C,Google Maps,4.1,Actif,2026-06-29T00:15:34.170424,moyenne
BJ-3D644877,Internet Télécom,Télécommunications,Boukoumbé,+229 85 93 38 58,internet.télécom@internet.télécom.org,,TPE (<10),B2C,Google Maps,3.7,Actif,2026-06-29T00:15:34.170440,moyenne
BJ-EC84B8B6,Internet Boukoumbé,Télécommunications,Boukoumbé,+229 43 92 15 39,internet.boukoumbé@internet.boukoumbé.benin,internetboukoumbé.bj,PME (50-200),B2B,Google Maps,3.8,Actif,2026-06-29T00:15:34.170456,haute
BJ-7E510823,Mobile,Télécommunications,Kouandé,+229 87 65 17 10,mobile@mobile.benin,,PME (10-50),B2B,Google Maps,4.4,Actif,2026-06-29T00:15:34.170495,moyenne
BJ-93C87E51,Télécom Digital,Télécommunications,Kouandé,+229 50 98 47 99,télécom.digital@télécom.digital.benin,télécomdigital.bj,PME (50-200),B2C,Google Maps,3.2,Actif,2026-06-29T00:15:34.170518,haute
BJ-8E51D1C7,Mobile Satellite SA,Télécommunications,Kouandé,+229 95 37 22 69,mobile.satellite.sa@mobile.satellite.sa.benin,mobilesatellitesa.bj,PME (50-200),B2B,Google Maps,3.8,Actif,2026-06-29T00:15:34.170533,haute
BJ-39D809F4,Réseau Data,Télécommunications,Kouandé,+229 30 90 45 56,,réseaudata.bj,PME (50-200),B2B,Google Maps,4.4,Actif,2026-06-29T00:15:34.170547,moyenne
BJ-F11182B9,Connect Bénin,Télécommunications,Kouandé,+229 76 91 20 34,connect.bénin@connect.bénin.org,connectbénin.bj,PME (10-50),B2C,Google Maps,3.4,Actif,2026-06-29T00:15:34.170561,haute
BJ-480226C8,Télécom Data SA,Télécommunications,Péhunco,+229 49 80 61 88,,télécomdatasa.bj,TPE (<10),B2C,Google Maps,3.5,Actif,2026-06-29T00:15:34.170586,moyenne
BJ-A53043A5,Digital Tech,Télécommunications,Péhunco,+229 20 93 94 41,digital.tech@digital.tech.org,digitaltech.bj,PME (10-50),B2B,Google Maps,3.4,Actif,2026-06-29T00:15:34.170601,haute
BJ-458BAEB1,Connect Télécom Péhunco,Télécommunications,Péhunco,+229 96 85 47 10,connect.télécom.péhunco@connect.télécom.péhunco.net,connecttélécompéhunco.bj,PME (50-200),B2C,Google Maps,5.0,Actif,2026-06-29T00:15:34.170616,haute
BJ-95DF4576,Data Péhunco,Télécommunications,Péhunco,+229 63 61 66 31,data.péhunco@data.péhunco.org,datapéhunco.bj,TPE (<10),B2B,Google Maps,3.8,Actif,2026-06-29T00:15:34.170631,haute
BJ-54974065,Communication SA Péhunco,Télécommunications,Péhunco,+229 76 25 56 20,communication.sa.péhunco@communication.sa.péhunco.benin,communicationsapéhunco.bj,PME (50-200),B2C,Google Maps,3.6,Actif,2026-06-29T00:15:34.170646,haute
BJ-53101A03,Connect Connect Africa,Télécommunications,Tchaourou,+229 58 67 75 96,connect.connect.africa@connect.connect.africa.benin,connectconnectafrica.bj,Grande (>200),B2B,Google Maps,3.0,Actif,2026-06-29T00:15:34.170672,haute
BJ-F7532F85,Connect SARL,Télécommunications,Tchaourou,+229 67 97 36 26,connect.sarl@connect.sarl.net,connectsarl.bj,TPE (<10),B2B,Google Maps,4.4,Actif,2026-06-29T00:15:34.170690,haute
BJ-F61F5B2B,Mobile Réseau SARL,Télécommunications,Tchaourou,+229 71 10 58 44,mobile.réseau.sarl@mobile.réseau.sarl.bj,mobileréseausarl.bj,TPE (<10),B2B,Google Maps,3.1,Actif,2026-06-29T00:15:34.170705,haute
BJ-2C850E0D,Digital Réseau SA,Télécommunications,Tchaourou,+229 45 92 92 10,digital.réseau.sa@digital.réseau.sa.com,digitalréseausa.bj,PME (10-50),B2B,Google Maps,4.4,Actif,2026-06-29T00:15:34.170719,haute
BJ-74A4E1A2,Réseau SARL,Télécommunications,Tchaourou,+229 74 81 27 62,réseau.sarl@réseau.sarl.bj,réseausarl.bj,PME (50-200),B2B,Google Maps,3.8,Actif,2026-06-29T00:15:34.170733,haute
BJ-DCA0CD08,Internet Voice Telecom,Télécommunications,Nikki,+229 82 78 42 58,internet.voice.telecom@internet.voice.telecom.net,,PME (10-50),B2B,Google Maps,4.5,Actif,2026-06-29T00:15:34.170751,moyenne
BJ-114E5855,Data Africa Nikki,Télécommunications,Nikki,+229 85 15 24 22,data.africa.nikki@data.africa.nikki.net,dataafricanikki.bj,Grande (>200),B2B,Google Maps,3.0,Actif,2026-06-29T00:15:34.170765,haute
BJ-DBF13AF1,Tech,Télécommunications,Nikki,+229 40 48 99 85,tech@tech.benin,,TPE (<10),B2B,Google Maps,3.2,Actif,2026-06-29T00:15:34.170778,moyenne
BJ-361E7B44,Connect Fiber Africa,Télécommunications,Bembéréké,+229 20 58 55 37,,connectfiberafrica.bj,PME (10-50),B2C,Google Maps,3.2,Actif,2026-06-29T00:15:34.170822,moyenne
BJ-2BC5E64F,Voice,Télécommunications,Bembéréké,+229 88 75 42 31,voice@voice.benin,voice.bj,TPE (<10),B2C,Google Maps,4.5,Actif,2026-06-29T00:15:34.170839,haute
BJ-27532479,Télécom,Télécommunications,Bembéréké,+229 32 65 69 55,télécom@télécom.bj,télécom.bj,PME (50-200),B2B,Google Maps,4.9,Actif,2026-06-29T00:15:34.170854,haute
BJ-C85F5654,Digital Connect SA,Télécommunications,Bembéréké,+229 70 45 69 61,digital.connect.sa@digital.connect.sa.benin,digitalconnectsa.bj,TPE (<10),B2C,Google Maps,4.2,Actif,2026-06-29T00:15:34.170868,haute
BJ-31D11B8F,Connect Fiber Telecom,Télécommunications,Kalalé,+229 88 60 40 66,,connectfibertelecom.bj,TPE (<10),B2B,Google Maps,3.3,Actif,2026-06-29T00:15:34.170922,moyenne
BJ-49FAF557,Communication Groupe,Télécommunications,Kalalé,+229 53 29 87 80,,communicationgroupe.bj,TPE (<10),B2B,Google Maps,5.0,Actif,2026-06-29T00:15:34.170936,moyenne
BJ-E59EEF9C,Tech SARL Kalalé,Télécommunications,Kalalé,+229 83 25 96 90,,,PME (10-50),B2B,Google Maps,4.1,Actif,2026-06-29T00:15:34.170948,basse
BJ-3E05D720,Internet SA,Télécommunications,Kalalé,+229 83 49 25 14,,internetsa.bj,Grande (>200),B2B,Google Maps,5.0,Actif,2026-06-29T00:15:34.170966,moyenne
BJ-0C1B466A,Internet Mobile,Télécommunications,Kalalé,+229 44 52 93 84,,internetmobile.bj,TPE (<10),B2B,Google Maps,3.1,Actif,2026-06-29T00:15:34.170979,moyenne
BJ-172FB82B,Digital Réseau SARL,Télécommunications,Ndali,+229 26 57 22 60,digital.réseau.sarl@digital.réseau.sarl.org,digitalréseausarl.bj,TPE (<10),B2C,Google Maps,4.9,Actif,2026-06-29T00:15:34.171000,haute
BJ-7F3F4A6E,Mobile Internet,Télécommunications,Ndali,+229 99 67 75 88,mobile.internet@mobile.internet.net,,PME (50-200),B2B,Google Maps,4.8,Actif,2026-06-29T00:15:34.171018,moyenne
BJ-FDC9347A,Digital Digital,Télécommunications,Ndali,+229 62 50 38 77,digital.digital@digital.digital.org,digitaldigital.bj,TPE (<10),B2C,Google Maps,3.1,Actif,2026-06-29T00:15:34.171036,haute
BJ-ED9B8B04,Mobile Groupe,Télécommunications,Ndali,+229 64 24 74 93,mobile.groupe@mobile.groupe.com,mobilegroupe.bj,PME (10-50),B2C,Google Maps,4.1,Actif,2026-06-29T00:15:34.171050,haute
BJ-C65062FD,Mobile,Télécommunications,Ndali,+229 47 87 50 94,mobile@mobile.bj,,PME (50-200),B2B,Google Maps,3.3,Actif,2026-06-29T00:15:34.171063,moyenne
BJ-2EFC7C15,Télécom Bénin,Télécommunications,Ségbana,+229 48 48 76 29,télécom.bénin@télécom.bénin.com,télécombénin.bj,Grande (>200),B2B,Google Maps,4.0,Actif,2026-06-29T00:15:34.171098,haute
BJ-9EF5A8E3,Wireless Africa Ségbana,Télécommunications,Ségbana,+229 92 64 89 56,wireless.africa.ségbana@wireless.africa.ségbana.com,wirelessafricaségbana.bj,TPE (<10),B2C,Google Maps,4.9,Actif,2026-06-29T00:15:34.171126,haute
BJ-13F15B90,Réseau Communication International,Télécommunications,Ségbana,+229 25 84 32 93,réseau.communication.international@réseau.communication.international.bj,réseaucommunicationinternational.bj,PME (50-200),B2B,Google Maps,4.5,Actif,2026-06-29T00:15:34.171141,haute
BJ-8ADF1300,Tech,Télécommunications,Tchaourou,+229 65 38 74 39,tech@tech.bj,tech.bj,PME (10-50),B2C,Google Maps,4.3,Actif,2026-06-29T00:15:34.171164,haute
BJ-313EF7CB,Connect Internet,Télécommunications,Tchaourou,+229 52 70 24 80,connect.internet@connect.internet.bj,connectinternet.bj,PME (10-50),B2B,Google Maps,4.4,Actif,2026-06-29T00:15:34.171222,haute
BJ-678DD043,Satellite Africa,Télécommunications,Bétérou,+229 95 21 91 38,satellite.africa@satellite.africa.net,satelliteafrica.bj,PME (50-200),B2B,Google Maps,4.1,Actif,2026-06-29T00:15:34.171242,haute
BJ-62B40F40,Tech,Télécommunications,Bétérou,+229 97 12 61 30,tech@tech.org,tech.bj,TPE (<10),B2B,Google Maps,4.0,Actif,2026-06-29T00:15:34.171257,haute
BJ-5E405731,Télécom Data,Télécommunications,Bétérou,+229 26 80 40 27,télécom.data@télécom.data.bj,,PME (10-50),B2B,Google Maps,3.7,Actif,2026-06-29T00:15:34.171270,moyenne
BJ-C4119251,Communication Groupe,Télécommunications,Bétérou,+229 85 24 64 73,communication.groupe@communication.groupe.com,communicationgroupe.bj,PME (10-50),B2B,Google Maps,3.7,Actif,2026-06-29T00:15:34.171284,haute
BJ-36359699,Télécom Communication Telecom,Télécommunications,Bétérou,+229 24 85 67 76,télécom.communication.telecom@télécom.communication.telecom.net,télécomcommunicationtelecom.bj,PME (50-200),B2C,Google Maps,4.4,Actif,2026-06-29T00:15:34.171302,haute
BJ-09A7A379,Internet Tech,Télécommunications,Ouessè,+229 67 45 42 70,internet.tech@internet.tech.bj,internettech.bj,TPE (<10),B2B,Google Maps,4.9,Actif,2026-06-29T00:15:34.171322,haute
BJ-832170CE,Télécom Wireless,Télécommunications,Ouessè,+229 96 76 94 36,télécom.wireless@télécom.wireless.com,télécomwireless.bj,PME (50-200),B2B,Google Maps,4.5,Actif,2026-06-29T00:15:34.171341,haute
BJ-207943EF,Wireless,Télécommunications,Ouessè,+229 71 18 61 90,wireless@wireless.org,wireless.bj,Grande (>200),B2C,Google Maps,3.6,Actif,2026-06-29T00:15:34.171356,haute
BJ-04E29834,Connect Télécom,Télécommunications,Ouessè,+229 34 79 21 13,connect.télécom@connect.télécom.benin,connecttélécom.bj,PME (10-50),B2C,Google Maps,3.4,Actif,2026-06-29T00:15:34.171373,haute
BJ-3BE4B2A2,Internet Télécom SA Ouessè,Télécommunications,Ouessè,+229 60 88 94 30,internet.télécom.sa.ouessè@internet.télécom.sa.ouessè.net,,TPE (<10),B2B,Google Maps,3.6,Actif,2026-06-29T00:15:34.171387,moyenne
BJ-CE1F4D42,Mobile,Télécommunications,Glazoué,+229 42 66 30 48,mobile@mobile.org,mobile.bj,TPE (<10),B2C,Google Maps,3.8,Actif,2026-06-29T00:15:34.171410,haute
BJ-5E834E2C,Internet Data,Télécommunications,Glazoué,+229 25 36 47 50,internet.data@internet.data.benin,,TPE (<10),B2B,Google Maps,3.6,Actif,2026-06-29T00:15:34.171424,moyenne
BJ-50483484,Digital Satellite SARL,Télécommunications,Glazoué,+229 78 69 32 32,digital.satellite.sarl@digital.satellite.sarl.bj,,TPE (<10),B2B,Google Maps,4.8,Actif,2026-06-29T00:15:34.171437,moyenne
BJ-1693945B,Connect Internet International,Télécommunications,Glazoué,+229 94 25 15 71,connect.internet.international@connect.internet.international.com,,PME (10-50),B2B,Google Maps,3.5,Actif,2026-06-29T00:15:34.171463,moyenne
BJ-F726E077,Data SARL,Télécommunications,Dassa-Zoumè,+229 23 20 85 86,data.sarl@data.sarl.benin,datasarl.bj,PME (10-50),B2C,Google Maps,3.1,Actif,2026-06-29T00:15:34.171482,haute
BJ-4C031AF1,Télécom Digital SARL Dassa-Zoumè,Télécommunications,Dassa-Zoumè,+229 41 80 62 68,télécom.digital.sarl.dassazoumè@télécom.digital.sarl.dassazoumè.bj,télécomdigitalsarldassazoumè.bj,TPE (<10),B2C,Google Maps,4.9,Actif,2026-06-29T00:15:34.171501,haute
BJ-E2B5D772,Fiber Groupe,Télécommunications,Dassa-Zoumè,+229 84 11 37 39,,fibergroupe.bj,PME (50-200),B2C,Google Maps,4.1,Actif,2026-06-29T00:15:34.171515,moyenne
BJ-6FA61213,Mobile Mobile,Télécommunications,Dassa-Zoumè,+229 72 99 83 19,,mobilemobile.bj,TPE (<10),B2B,Google Maps,4.5,Actif,2026-06-29T00:15:34.171540,moyenne
BJ-05C6349F,Data SA,Télécommunications,Savalou,+229 35 67 95 44,data.sa@data.sa.bj,,TPE (<10),B2C,Google Maps,4.6,Actif,2026-06-29T00:15:34.171559,moyenne
BJ-DED0503A,Wireless Groupe,Télécommunications,Savalou,+229 91 26 52 27,,wirelessgroupe.bj,PME (50-200),B2C,Google Maps,3.5,Actif,2026-06-29T00:15:34.171571,moyenne
BJ-01CA39D4,Télécom Mobile,Télécommunications,Savalou,+229 34 18 50 46,télécom.mobile@télécom.mobile.com,télécommobile.bj,PME (50-200),B2C,Google Maps,3.2,Actif,2026-06-29T00:15:34.171586,haute
BJ-69CDB114,Internet Tech,Télécommunications,Savalou,+229 90 45 24 30,internet.tech@internet.tech.com,internettech.bj,PME (10-50),B2C,Google Maps,5.0,Actif,2026-06-29T00:15:34.171599,haute
BJ-DD498F4B,Digital Télécom,Télécommunications,Savalou,+229 64 29 36 38,digital.télécom@digital.télécom.bj,digitaltélécom.bj,PME (10-50),B2B,Google Maps,4.3,Actif,2026-06-29T00:15:34.171613,haute
BJ-F1773741,Mobile Tech Bénin,Télécommunications,Bantè,+229 29 73 55 76,mobile.tech.bénin@mobile.tech.bénin.com,mobiletechbénin.bj,PME (10-50),B2B,Google Maps,3.1,Actif,2026-06-29T00:15:34.171636,haute
BJ-B90A8EFE,Réseau Satellite,Télécommunications,Bantè,+229 59 60 34 94,réseau.satellite@réseau.satellite.benin,,PME (50-200),B2B,Google Maps,3.7,Actif,2026-06-29T00:15:34.171659,moyenne
BJ-198836D0,Réseau Connect SA,Télécommunications,Bantè,+229 87 47 35 72,réseau.connect.sa@réseau.connect.sa.org,réseauconnectsa.bj,TPE (<10),B2C,Google Maps,3.0,Actif,2026-06-29T00:15:34.171673,haute
BJ-5521F016,Télécom Data,Télécommunications,Bantè,+229 90 48 10 48,télécom.data@télécom.data.bj,télécomdata.bj,PME (10-50),B2B,Google Maps,4.2,Actif,2026-06-29T00:15:34.171688,haute
BJ-4B2CF767,Télécom Digital,Télécommunications,Bantè,+229 77 98 75 81,télécom.digital@télécom.digital.bj,télécomdigital.bj,TPE (<10),B2B,Google Maps,4.8,Actif,2026-06-29T00:15:34.171701,haute
BJ-8069E931,Wireless Djougou,Télécommunications,Djougou,+229 54 37 41 45,wireless.djougou@wireless.djougou.net,wirelessdjougou.bj,PME (10-50),B2B,Google Maps,3.6,Actif,2026-06-29T00:15:34.171721,haute
BJ-03864176,Télécom Internet Africa,Télécommunications,Djougou,+229 31 10 29 63,télécom.internet.africa@télécom.internet.africa.com,,Grande (>200),B2B,Google Maps,4.6,Actif,2026-06-29T00:15:34.171736,moyenne
BJ-EA0CDFC9,Mobile Voice Groupe,Télécommunications,Djougou,+229 77 49 41 22,mobile.voice.groupe@mobile.voice.groupe.com,mobilevoicegroupe.bj,PME (50-200),B2C,Google Maps,3.7,Actif,2026-06-29T00:15:34.171749,haute
BJ-E6556D5B,Télécom Connect,Télécommunications,Djougou,+229 38 19 50 18,,télécomconnect.bj,PME (50-200),B2C,Google Maps,4.6,Actif,2026-06-29T00:15:34.171767,moyenne
BJ-DD03627C,Télécom Satellite Telecom,Télécommunications,Djougou,+229 22 52 87 20,télécom.satellite.telecom@télécom.satellite.telecom.benin,télécomsatellitetelecom.bj,PME (10-50),B2C,Google Maps,3.9,Actif,2026-06-29T00:15:34.171782,haute
BJ-51B2C283,Mobile International,Télécommunications,Ouèssè,+229 44 41 21 40,mobile.international@mobile.international.bj,mobileinternational.bj,PME (10-50),B2C,Google Maps,4.9,Actif,2026-06-29T00:15:34.171801,haute
BJ-F8A85EF3,Connect Wireless,Télécommunications,Ouèssè,+229 92 66 41 82,,connectwireless.bj,TPE (<10),B2B,Google Maps,4.4,Actif,2026-06-29T00:15:34.171818,moyenne
BJ-5CB19DD5,Mobile Satellite Africa,Télécommunications,Ouèssè,+229 55 64 24 17,mobile.satellite.africa@mobile.satellite.africa.com,,PME (10-50),B2C,Google Maps,3.4,Actif,2026-06-29T00:15:34.171832,moyenne
BJ-E33EE217,Communication SARL,Télécommunications,Ouèssè,+229 51 50 68 47,,communicationsarl.bj,PME (50-200),B2B,Google Maps,4.7,Actif,2026-06-29T00:15:34.171845,moyenne
BJ-F623656C,Mobile Ouèssè,Télécommunications,Ouèssè,+229 22 57 71 21,,,PME (10-50),B2B,Google Maps,3.3,Actif,2026-06-29T00:15:34.171857,basse
BJ-3E28C37E,Connect Mobile SARL,Télécommunications,Bassila,+229 98 88 66 79,connect.mobile.sarl@connect.mobile.sarl.net,connectmobilesarl.bj,PME (10-50),B2C,Google Maps,3.1,Actif,2026-06-29T00:15:34.171879,haute
BJ-11634310,Fiber,Télécommunications,Bassila,+229 95 36 86 25,fiber@fiber.bj,fiber.bj,PME (50-200),B2B,Google Maps,4.6,Actif,2026-06-29T00:15:34.171907,haute
BJ-0F31737F,Data Telecom,Télécommunications,Bassila,+229 98 94 85 30,,datatelecom.bj,PME (50-200),B2B,Google Maps,4.8,Actif,2026-06-29T00:15:34.171934,moyenne
BJ-D28E0256,Mobile Fiber,Télécommunications,Bassila,+229 94 93 82 60,,mobilefiber.bj,TPE (<10),B2B,Google Maps,4.2,Actif,2026-06-29T00:15:34.171947,moyenne
BJ-A04163ED,Wireless Pehunco,Télécommunications,Pehunco,+229 42 58 55 49,wireless.pehunco@wireless.pehunco.org,wirelesspehunco.bj,PME (50-200),B2B,Google Maps,3.9,Actif,2026-06-29T00:15:34.171966,haute
BJ-1B60B07C,Connect Réseau International,Télécommunications,Pehunco,+229 26 68 50 14,connect.réseau.international@connect.réseau.international.org,connectréseauinternational.bj,TPE (<10),B2B,Google Maps,4.3,Actif,2026-06-29T00:15:34.171985,haute
BJ-BF56A20E,Fiber Telecom Pehunco,Télécommunications,Pehunco,+229 93 83 89 13,fiber.telecom.pehunco@fiber.telecom.pehunco.net,fibertelecompehunco.bj,PME (50-200),B2B,Google Maps,3.4,Actif,2026-06-29T00:15:34.171999,haute
BJ-C4391D21,Communication SARL,Télécommunications,Pehunco,+229 65 23 27 79,communication.sarl@communication.sarl.bj,communicationsarl.bj,TPE (<10),B2C,Google Maps,4.6,Actif,2026-06-29T00:15:34.172012,haute
BJ-1E669029,Mobile Wireless,Télécommunications,Pehunco,+229 32 26 87 83,mobile.wireless@mobile.wireless.com,mobilewireless.bj,TPE (<10),B2C,Google Maps,4.4,Actif,2026-06-29T00:15:34.172026,haute
BJ-78D9925D,Connect Digital Telecom,Télécommunications,Copargo,+229 23 48 53 61,connect.digital.telecom@connect.digital.telecom.com,,Grande (>200),B2C,Google Maps,3.1,Actif,2026-06-29T00:15:34.172045,moyenne
BJ-4328005A,Télécom Satellite,Télécommunications,Copargo,+229 73 89 94 12,télécom.satellite@télécom.satellite.com,,Grande (>200),B2B,Google Maps,4.2,Actif,2026-06-29T00:15:34.172058,moyenne
BJ-B124C8D1,Réseau SARL,Télécommunications,Copargo,+229 72 32 91 54,réseau.sarl@réseau.sarl.bj,réseausarl.bj,TPE (<10),B2B,Google Maps,3.8,Actif,2026-06-29T00:15:34.172072,haute
BJ-E6918F6E,Internet Telecom,Télécommunications,Copargo,+229 86 17 85 45,internet.telecom@internet.telecom.com,internettelecom.bj,TPE (<10),B2C,Google Maps,3.4,Actif,2026-06-29T00:15:34.172086,haute
BJ-22789E23,Tech,Télécommunications,Copargo,+229 78 78 25 83,tech@tech.org,tech.bj,TPE (<10),B2B,Google Maps,4.9,Actif,2026-06-29T00:15:34.172103,haute
BJ-161A6AA0,Pêche,Agriculture & Agroalimentaire,Cotonou,+229 58 65 33 28,,,PME (10-50),B2C,Google Maps,3.4,Actif,2026-06-29T00:15:34.172123,basse
BJ-A14DEC07,Agro Cotonou,Agriculture & Agroalimentaire,Cotonou,+229 25 15 37 84,agro.cotonou@agro.cotonou.net,agrocotonou.bj,TPE (<10),B2C,Google Maps,4.0,Actif,2026-06-29T00:15:34.172140,haute
BJ-D678E4B8,Ferme Transformation,Agriculture & Agroalimentaire,Cotonou,+229 47 41 67 15,ferme.transformation@ferme.transformation.org,,TPE (<10),B2B,Google Maps,4.1,Actif,2026-06-29T00:15:34.172154,moyenne
BJ-731F9BF9,Fruit Bénin,Agriculture & Agroalimentaire,Abomey-Calavi,+229 96 68 89 63,fruit.bénin@fruit.bénin.benin,,TPE (<10),B2C,Google Maps,4.2,Actif,2026-06-29T00:15:34.172203,moyenne
BJ-8F42F574,Ferme Bénin,Agriculture & Agroalimentaire,Abomey-Calavi,+229 31 30 12 50,,,PME (10-50),B2C,Google Maps,3.3,Actif,2026-06-29T00:15:34.172216,basse
BJ-0D096734,Ferme Plantation,Agriculture & Agroalimentaire,Abomey-Calavi,+229 80 34 11 38,,,TPE (<10),B2B,Google Maps,3.9,Actif,2026-06-29T00:15:34.172231,basse
BJ-E19C35B5,Plantation Aquaculture Farm Abomey-Calavi,Agriculture & Agroalimentaire,Abomey-Calavi,+229 40 42 91 14,plantation.aquaculture.farm.abomeycalavi@plantation.aquaculture.farm.abomeycalavi.org,,PME (10-50),B2C,Google Maps,4.4,Actif,2026-06-29T00:15:34.172245,moyenne
BJ-FE016A91,SARL Pêche,Agriculture & Agroalimentaire,Abomey-Calavi,+229 59 34 73 79,sarl.pêche@sarl.pêche.net,sarlpêche.bj,TPE (<10),B2B,Google Maps,4.0,Actif,2026-06-29T00:15:34.172263,haute
BJ-6F130D92,Production Élevage,Agriculture & Agroalimentaire,Porto-Novo,+229 42 53 19 69,production.élevage@production.élevage.net,,PME (50-200),B2C,Google Maps,4.4,Actif,2026-06-29T00:15:34.172284,moyenne
BJ-ED720995,Plantation Agro Africa,Agriculture & Agroalimentaire,Porto-Novo,+229 50 41 93 74,plantation.agro.africa@plantation.agro.africa.benin,,TPE (<10),B2C,Google Maps,3.7,Actif,2026-06-29T00:15:34.172300,moyenne
BJ-A492F490,Agro Alimentaire Ets,Agriculture & Agroalimentaire,Porto-Novo,+229 73 41 84 62,,,TPE (<10),B2B,Google Maps,4.8,Actif,2026-06-29T00:15:34.172313,basse
BJ-44795565,Ferme Agriculture Africa,Agriculture & Agroalimentaire,Porto-Novo,+229 47 56 68 67,,fermeagricultureafrica.bj,PME (50-200),B2C,Google Maps,3.9,Actif,2026-06-29T00:15:34.172325,moyenne
BJ-4CE4DB5C,Groupe Bétail Plantation,Agriculture & Agroalimentaire,Porto-Novo,+229 49 17 74 76,groupe.bétail.plantation@groupe.bétail.plantation.com,,Grande (>200),B2C,Google Maps,4.4,Actif,2026-06-29T00:15:34.172340,moyenne
BJ-A2E25D4B,Pêche,Agriculture & Agroalimentaire,Parakou,+229 60 67 74 85,pêche@pêche.org,pêche.bj,PME (50-200),B2B,Google Maps,3.6,Actif,2026-06-29T00:15:34.172359,haute
BJ-850B922D,Groupe Pêche Agro,Agriculture & Agroalimentaire,Parakou,+229 98 19 56 61,groupe.pêche.agro@groupe.pêche.agro.org,,TPE (<10),B2C,Google Maps,4.1,Actif,2026-06-29T00:15:34.172373,moyenne
BJ-50B854D2,Bétail,Agriculture & Agroalimentaire,Parakou,+229 61 97 64 12,,,TPE (<10),B2C,Google Maps,3.7,Actif,2026-06-29T00:15:34.172388,basse
BJ-F0283910,Alimentaire Africa,Agriculture & Agroalimentaire,Parakou,+229 52 66 30 70,alimentaire.africa@alimentaire.africa.net,,TPE (<10),B2B,Google Maps,3.7,Actif,2026-06-29T00:15:34.172403,moyenne
BJ-F5592428,SARL Pêche SARL,Agriculture & Agroalimentaire,Parakou,+229 52 39 10 25,,sarlpêchesarl.bj,TPE (<10),B2B,Google Maps,4.6,Actif,2026-06-29T00:15:34.172416,moyenne
BJ-857193CA,Élevage Plantation,Agriculture & Agroalimentaire,Bohicon,+229 83 67 42 61,élevage.plantation@élevage.plantation.com,,Grande (>200),B2C,Google Maps,3.6,Actif,2026-06-29T00:15:34.172436,moyenne
BJ-49D25B65,Groupe Transformation,Agriculture & Agroalimentaire,Bohicon,+229 63 69 90 34,groupe.transformation@groupe.transformation.benin,,PME (50-200),B2C,Google Maps,4.1,Actif,2026-06-29T00:15:34.172452,moyenne
BJ-BD19E4DC,Transformation Plantation,Agriculture & Agroalimentaire,Bohicon,+229 94 90 73 52,transformation.plantation@transformation.plantation.com,,TPE (<10),B2B,Google Maps,4.7,Actif,2026-06-29T00:15:34.172466,moyenne
BJ-FA51D221,Groupe Industrie Africa,Agriculture & Agroalimentaire,Bohicon,+229 65 85 95 19,,,TPE (<10),B2B,Google Maps,4.1,Actif,2026-06-29T00:15:34.172477,basse
BJ-C443AA6C,Céréale SARL,Agriculture & Agroalimentaire,Bohicon,+229 50 32 19 13,,céréalesarl.bj,PME (10-50),B2C,Google Maps,3.2,Actif,2026-06-29T00:15:34.172490,moyenne
BJ-59FE43C6,Plantation Ets Natitingou,Agriculture & Agroalimentaire,Natitingou,+229 37 64 47 51,,plantationetsnatitingou.bj,PME (10-50),B2C,Google Maps,3.3,Actif,2026-06-29T00:15:34.172509,moyenne
BJ-AEFD6EC5,Légume Natitingou,Agriculture & Agroalimentaire,Natitingou,+229 41 88 41 35,,,PME (10-50),B2C,Google Maps,4.4,Actif,2026-06-29T00:15:34.172521,basse
BJ-8582CF9C,Groupe Fruit Bénin,Agriculture & Agroalimentaire,Natitingou,+229 87 38 18 49,,groupefruitbénin.bj,PME (50-200),B2B,Google Maps,3.9,Actif,2026-06-29T00:15:34.172534,moyenne
BJ-AAC82FC1,Aquaculture Farm,Agriculture & Agroalimentaire,Lokossa,+229 93 10 96 79,,,TPE (<10),B2C,Google Maps,3.1,Actif,2026-06-29T00:15:34.172576,basse
BJ-C193941C,Fruit Groupe Lokossa,Agriculture & Agroalimentaire,Lokossa,+229 50 20 44 99,fruit.groupe.lokossa@fruit.groupe.lokossa.net,fruitgroupelokossa.bj,TPE (<10),B2B,Google Maps,4.8,Actif,2026-06-29T00:15:34.172593,haute
BJ-F168815E,Ferme Lokossa,Agriculture & Agroalimentaire,Lokossa,+229 78 57 48 45,ferme.lokossa@ferme.lokossa.org,,PME (50-200),B2B,Google Maps,4.0,Actif,2026-06-29T00:15:34.172606,moyenne
BJ-68CA4483,SARL Élevage,Agriculture & Agroalimentaire,Lokossa,+229 56 44 44 22,,sarlélevage.bj,PME (10-50),B2B,Google Maps,4.0,Actif,2026-06-29T00:15:34.172623,moyenne
BJ-7414B8BE,Ferme Élevage Africa Lokossa,Agriculture & Agroalimentaire,Lokossa,+229 84 86 37 49,,fermeélevageafricalokossa.bj,TPE (<10),B2B,Google Maps,3.3,Actif,2026-06-29T00:15:34.172640,moyenne
BJ-AA68EBC0,Ferme Ouidah,Agriculture & Agroalimentaire,Ouidah,+229 20 44 64 80,ferme.ouidah@ferme.ouidah.benin,,Grande (>200),B2C,Google Maps,4.8,Actif,2026-06-29T00:15:34.172659,moyenne
BJ-4D1F155F,Plantation Ets,Agriculture & Agroalimentaire,Ouidah,+229 26 95 29 96,plantation.ets@plantation.ets.bj,plantationets.bj,PME (10-50),B2B,Google Maps,4.8,Actif,2026-06-29T00:15:34.172673,haute
BJ-29B73817,Agro SARL,Agriculture & Agroalimentaire,Ouidah,+229 63 68 64 26,,agrosarl.bj,PME (10-50),B2B,Google Maps,4.9,Actif,2026-06-29T00:15:34.172685,moyenne
BJ-E05BFB08,Agro Ferme SARL,Agriculture & Agroalimentaire,Ouidah,+229 54 35 95 12,agro.ferme.sarl@agro.ferme.sarl.com,agrofermesarl.bj,PME (10-50),B2C,Google Maps,3.8,Actif,2026-06-29T00:15:34.172699,haute
BJ-C357EB1F,Ferme Bétail Ouidah,Agriculture & Agroalimentaire,Ouidah,+229 40 41 20 49,ferme.bétail.ouidah@ferme.bétail.ouidah.org,,PME (50-200),B2C,Google Maps,3.1,Actif,2026-06-29T00:15:34.172713,moyenne
BJ-6C9376E0,Agro Africa,Agriculture & Agroalimentaire,Savalou,+229 57 10 61 14,agro.africa@agro.africa.org,,PME (10-50),B2C,Google Maps,3.7,Actif,2026-06-29T00:15:34.172731,moyenne
BJ-AA53DBB0,Groupe Agro,Agriculture & Agroalimentaire,Savalou,+229 99 74 75 71,,,PME (50-200),B2B,Google Maps,3.3,Actif,2026-06-29T00:15:34.172746,basse
BJ-AC42B2F6,Aquaculture Farm Savalou,Agriculture & Agroalimentaire,Savalou,+229 30 13 27 56,aquaculture.farm.savalou@aquaculture.farm.savalou.benin,,PME (10-50),B2B,Google Maps,3.1,Actif,2026-06-29T00:15:34.172760,moyenne
BJ-2365ABA9,Industrie Ets,Agriculture & Agroalimentaire,Savalou,+229 71 89 36 86,,industrieets.bj,PME (10-50),B2B,Google Maps,4.0,Actif,2026-06-29T00:15:34.172773,moyenne
BJ-FD6C837B,Agriculture Africa Savalou,Agriculture & Agroalimentaire,Savalou,+229 36 28 84 58,agriculture.africa.savalou@agriculture.africa.savalou.benin,,TPE (<10),B2C,Google Maps,4.8,Actif,2026-06-29T00:15:34.172787,moyenne
BJ-4F961B15,Transformation Agro,Agriculture & Agroalimentaire,Dassa-Zoumè,+229 46 79 27 48,,,PME (50-200),B2B,Google Maps,4.6,Actif,2026-06-29T00:15:34.172806,basse
BJ-94FAFB63,Aquaculture Groupe,Agriculture & Agroalimentaire,Dassa-Zoumè,+229 38 33 72 25,aquaculture.groupe@aquaculture.groupe.benin,,PME (50-200),B2B,Google Maps,3.8,Actif,2026-06-29T00:15:34.172819,moyenne
BJ-B8238AD9,Groupe Céréale,Agriculture & Agroalimentaire,Dassa-Zoumè,+229 79 99 62 62,groupe.céréale@groupe.céréale.org,groupecéréale.bj,TPE (<10),B2C,Google Maps,4.9,Actif,2026-06-29T00:15:34.172833,haute
BJ-5AAE1B49,Groupe Agro Plantation,Agriculture & Agroalimentaire,Dassa-Zoumè,+229 22 50 83 90,groupe.agro.plantation@groupe.agro.plantation.benin,groupeagroplantation.bj,PME (10-50),B2B,Google Maps,3.5,Actif,2026-06-29T00:15:34.172853,haute
BJ-1C238446,Agro,Agriculture & Agroalimentaire,Dassa-Zoumè,+229 74 13 41 83,agro@agro.bj,agro.bj,TPE (<10),B2C,Google Maps,4.3,Actif,2026-06-29T00:15:34.172866,haute
BJ-4B7A667B,Industrie Bénin,Agriculture & Agroalimentaire,Kétou,+229 60 17 67 57,,,PME (50-200),B2C,Google Maps,3.8,Actif,2026-06-29T00:15:34.172884,basse
BJ-50973162,Production Élevage Kétou,Agriculture & Agroalimentaire,Kétou,+229 94 95 97 76,,,PME (50-200),B2B,Google Maps,3.4,Actif,2026-06-29T00:15:34.172919,basse
BJ-AAE3A91F,SARL Industrie,Agriculture & Agroalimentaire,Kétou,+229 83 65 70 65,,sarlindustrie.bj,PME (10-50),B2C,Google Maps,4.0,Actif,2026-06-29T00:15:34.172934,moyenne
BJ-43C5DFF3,Pêche Groupe,Agriculture & Agroalimentaire,Kétou,+229 98 23 34 99,pêche.groupe@pêche.groupe.com,pêchegroupe.bj,PME (50-200),B2B,Google Maps,4.7,Actif,2026-06-29T00:15:34.172949,haute
BJ-618304A5,Groupe Alimentaire,Agriculture & Agroalimentaire,Kétou,+229 75 70 45 48,,,PME (50-200),B2C,Google Maps,4.4,Actif,2026-06-29T00:15:34.172966,basse
BJ-0EAB6C40,Agriculture,Agriculture & Agroalimentaire,Covè,+229 23 88 16 70,agriculture@agriculture.bj,,PME (10-50),B2C,Google Maps,3.3,Actif,2026-06-29T00:15:34.172986,moyenne
BJ-6FA61733,Aquaculture,Agriculture & Agroalimentaire,Covè,+229 49 75 52 96,aquaculture@aquaculture.bj,aquaculture.bj,TPE (<10),B2C,Google Maps,4.8,Actif,2026-06-29T00:15:34.173000,haute
BJ-4C920DE6,Légume Plantation,Agriculture & Agroalimentaire,Covè,+229 67 24 30 70,légume.plantation@légume.plantation.benin,,TPE (<10),B2C,Google Maps,3.5,Actif,2026-06-29T00:15:34.173013,moyenne
BJ-14BA0E3C,Production Plantation,Agriculture & Agroalimentaire,Covè,+229 43 45 15 31,production.plantation@production.plantation.net,productionplantation.bj,PME (10-50),B2C,Google Maps,4.1,Actif,2026-06-29T00:15:34.173039,haute
BJ-E114C114,Groupe Céréale,Agriculture & Agroalimentaire,Pobè,+229 38 57 80 53,groupe.céréale@groupe.céréale.benin,groupecéréale.bj,TPE (<10),B2B,Google Maps,4.7,Actif,2026-06-29T00:15:34.173062,haute
BJ-B921E3A0,Plantation Élevage,Agriculture & Agroalimentaire,Pobè,+229 98 86 83 30,plantation.élevage@plantation.élevage.benin,,TPE (<10),B2B,Google Maps,3.5,Actif,2026-06-29T00:15:34.173092,moyenne
BJ-C2B8BF1D,Bétail,Agriculture & Agroalimentaire,Pobè,+229 39 76 85 25,bétail@bétail.com,,TPE (<10),B2B,Google Maps,3.9,Actif,2026-06-29T00:15:34.173105,moyenne
BJ-C306A330,Groupe Aquaculture Agro,Agriculture & Agroalimentaire,Pobè,+229 28 22 10 48,groupe.aquaculture.agro@groupe.aquaculture.agro.bj,groupeaquacultureagro.bj,TPE (<10),B2B,Google Maps,4.0,Actif,2026-06-29T00:15:34.173119,haute
BJ-539B74BE,Groupe Alimentaire Bénin,Agriculture & Agroalimentaire,Sakété,+229 63 53 97 34,,groupealimentairebénin.bj,PME (50-200),B2C,Google Maps,3.6,Actif,2026-06-29T00:15:34.173139,moyenne
BJ-97E58D10,Ferme Élevage,Agriculture & Agroalimentaire,Sakété,+229 99 53 11 45,ferme.élevage@ferme.élevage.org,,PME (10-50),B2C,Google Maps,5.0,Actif,2026-06-29T00:15:34.173155,moyenne
BJ-BD7711F7,Élevage Agro,Agriculture & Agroalimentaire,Sakété,+229 91 11 26 24,,élevageagro.bj,PME (10-50),B2B,Google Maps,3.2,Actif,2026-06-29T00:15:34.173172,moyenne
BJ-DFB3BD2D,Agriculture Bénin,Agriculture & Agroalimentaire,Sakété,+229 41 42 75 73,,,PME (10-50),B2C,Google Maps,4.7,Actif,2026-06-29T00:15:34.173184,basse
BJ-84FCB256,Ets Bétail SARL,Agriculture & Agroalimentaire,Sakété,+229 61 16 96 19,ets.bétail.sarl@ets.bétail.sarl.benin,etsbétailsarl.bj,TPE (<10),B2B,Google Maps,3.3,Actif,2026-06-29T00:15:34.173198,haute
BJ-56124177,Production Agriculture Ets Adjara,Agriculture & Agroalimentaire,Adjara,+229 57 53 35 65,production.agriculture.ets.adjara@production.agriculture.ets.adjara.org,productionagricultureetsadjara.bj,TPE (<10),B2B,Google Maps,3.0,Actif,2026-06-29T00:15:34.173221,haute
BJ-5089C954,Production Céréale Bénin,Agriculture & Agroalimentaire,Adjara,+229 50 27 35 68,,,Grande (>200),B2B,Google Maps,3.1,Actif,2026-06-29T00:15:34.173238,basse
BJ-E8DD8771,Groupe Alimentaire Ets,Agriculture & Agroalimentaire,Adjara,+229 81 73 41 29,,,TPE (<10),B2B,Google Maps,3.7,Actif,2026-06-29T00:15:34.173251,basse
BJ-00EFE5DC,Ets Plantation,Agriculture & Agroalimentaire,Adjara,+229 89 14 56 12,,etsplantation.bj,PME (10-50),B2B,Google Maps,4.7,Actif,2026-06-29T00:15:34.173277,moyenne
BJ-4FB8AF3E,Agro Bétail Agro,Agriculture & Agroalimentaire,Allada,+229 99 77 92 49,,,PME (50-200),B2C,Google Maps,3.4,Actif,2026-06-29T00:15:34.173296,basse
BJ-451CDD18,Légume Agro Allada,Agriculture & Agroalimentaire,Allada,+229 20 64 17 26,,légumeagroallada.bj,Grande (>200),B2B,Google Maps,4.3,Actif,2026-06-29T00:15:34.173309,moyenne
BJ-B0A616BA,Légume Groupe,Agriculture & Agroalimentaire,Allada,+229 32 20 94 13,légume.groupe@légume.groupe.org,légumegroupe.bj,PME (10-50),B2C,Google Maps,4.0,Actif,2026-06-29T00:15:34.173343,haute
BJ-D824F026,Plantation Légume Allada,Agriculture & Agroalimentaire,Allada,+229 46 40 62 39,,,PME (50-200),B2B,Google Maps,3.5,Actif,2026-06-29T00:15:34.173381,basse
BJ-345F0D62,Ferme Légume Africa,Agriculture & Agroalimentaire,Aplahoué,+229 71 39 25 80,ferme.légume.africa@ferme.légume.africa.benin,,PME (10-50),B2C,Google Maps,4.2,Actif,2026-06-29T00:15:34.173459,moyenne
BJ-B6729819,Groupe Plantation,Agriculture & Agroalimentaire,Aplahoué,+229 61 50 50 76,,,PME (10-50),B2B,Google Maps,3.5,Actif,2026-06-29T00:15:34.173494,basse
BJ-6106DE6F,Alimentaire,Agriculture & Agroalimentaire,Aplahoué,+229 59 55 34 97,alimentaire@alimentaire.net,alimentaire.bj,PME (10-50),B2B,Google Maps,4.5,Actif,2026-06-29T00:15:34.173530,haute
BJ-5CBA3C04,Groupe Pêche Plantation Aplahoué,Agriculture & Agroalimentaire,Aplahoué,+229 90 72 10 81,groupe.pêche.plantation.aplahoué@groupe.pêche.plantation.aplahoué.bj,groupepêcheplantationaplahoué.bj,Grande (>200),B2B,Google Maps,3.8,Actif,2026-06-29T00:15:34.173566,haute
BJ-CD8827D4,Transformation Plantation,Agriculture & Agroalimentaire,Aplahoué,+229 85 44 71 48,transformation.plantation@transformation.plantation.benin,,PME (10-50),B2B,Google Maps,4.5,Actif,2026-06-29T00:15:34.173605,moyenne
BJ-FC45D839,Groupe Aquaculture,Agriculture & Agroalimentaire,Dogbo-Tota,+229 56 25 19 73,,,TPE (<10),B2C,Google Maps,3.5,Actif,2026-06-29T00:15:34.173648,basse
BJ-EBAB9D4B,Plantation Alimentaire,Agriculture & Agroalimentaire,Dogbo-Tota,+229 68 78 63 70,,,PME (10-50),B2C,Google Maps,4.0,Actif,2026-06-29T00:15:34.173674,basse
BJ-EB4CAAB1,Ferme Ferme Bénin,Agriculture & Agroalimentaire,Dogbo-Tota,+229 96 47 24 81,,,PME (50-200),B2C,Google Maps,4.0,Actif,2026-06-29T00:15:34.173701,basse
BJ-EDBE155F,Céréale,Agriculture & Agroalimentaire,Dogbo-Tota,+229 70 42 15 16,,céréale.bj,TPE (<10),B2C,Google Maps,4.3,Actif,2026-06-29T00:15:34.173739,moyenne
BJ-68293C92,Transformation Farm,Agriculture & Agroalimentaire,Dogbo-Tota,+229 24 13 32 20,transformation.farm@transformation.farm.com,transformationfarm.bj,PME (50-200),B2B,Google Maps,3.5,Actif,2026-06-29T00:15:34.173776,haute
BJ-B5802A67,Groupe Fruit Kpomassè,Agriculture & Agroalimentaire,Kpomassè,+229 93 27 18 97,,groupefruitkpomassè.bj,Grande (>200),B2B,Google Maps,4.5,Actif,2026-06-29T00:15:34.173851,moyenne
BJ-6A0A4F8D,Ferme Farm Kpomassè,Agriculture & Agroalimentaire,Kpomassè,+229 51 65 96 83,ferme.farm.kpomassè@ferme.farm.kpomassè.net,fermefarmkpomassè.bj,TPE (<10),B2B,Google Maps,3.6,Actif,2026-06-29T00:15:34.173884,haute
BJ-9BE859FD,Pêche Groupe,Agriculture & Agroalimentaire,Kpomassè,+229 84 60 66 44,pêche.groupe@pêche.groupe.net,,TPE (<10),B2C,Google Maps,4.9,Actif,2026-06-29T00:15:34.173927,moyenne
BJ-B0BEA66E,Ferme Agro,Agriculture & Agroalimentaire,Kpomassè,+229 28 44 41 27,,fermeagro.bj,TPE (<10),B2B,Google Maps,3.1,Actif,2026-06-29T00:15:34.173942,moyenne
BJ-741CAB63,Aquaculture SARL,Agriculture & Agroalimentaire,Tori-Bossito,+229 88 44 23 96,aquaculture.sarl@aquaculture.sarl.bj,,TPE (<10),B2C,Google Maps,4.8,Actif,2026-06-29T00:15:34.173977,moyenne
BJ-532CDA86,Transformation Farm,Agriculture & Agroalimentaire,Tori-Bossito,+229 50 21 57 28,,,PME (50-200),B2B,Google Maps,3.3,Actif,2026-06-29T00:15:34.173990,basse
BJ-5B6A35A0,Ferme,Agriculture & Agroalimentaire,Tori-Bossito,+229 75 62 99 70,ferme@ferme.bj,,PME (50-200),B2C,Google Maps,4.8,Actif,2026-06-29T00:15:34.174004,moyenne
BJ-F52D3238,Groupe Ferme,Agriculture & Agroalimentaire,Tori-Bossito,+229 95 35 34 79,groupe.ferme@groupe.ferme.net,groupeferme.bj,TPE (<10),B2C,Google Maps,4.5,Actif,2026-06-29T00:15:34.174018,haute
BJ-636C933E,Aquaculture Africa,Agriculture & Agroalimentaire,Grand-Popo,+229 85 15 63 87,,,PME (50-200),B2B,Google Maps,4.6,Actif,2026-06-29T00:15:34.174036,basse
BJ-C5EA5FBA,Production Bétail Plantation,Agriculture & Agroalimentaire,Grand-Popo,+229 82 93 11 70,production.bétail.plantation@production.bétail.plantation.bj,productionbétailplantation.bj,PME (10-50),B2B,Google Maps,4.5,Actif,2026-06-29T00:15:34.174059,haute
BJ-DC31C574,Agro Ferme Plantation,Agriculture & Agroalimentaire,Grand-Popo,+229 54 96 83 38,,,TPE (<10),B2C,Google Maps,4.7,Actif,2026-06-29T00:15:34.174086,basse
BJ-7935E69A,Fruit Plantation,Agriculture & Agroalimentaire,Grand-Popo,+229 20 60 58 76,,fruitplantation.bj,PME (10-50),B2C,Google Maps,3.6,Actif,2026-06-29T00:15:34.174099,moyenne
BJ-16750845,Agriculture,Agriculture & Agroalimentaire,Athiémé,+229 35 32 39 66,agriculture@agriculture.org,agriculture.bj,PME (10-50),B2B,Google Maps,3.1,Actif,2026-06-29T00:15:34.174128,haute
BJ-DD501C11,Ets Fruit Athiémé,Agriculture & Agroalimentaire,Athiémé,+229 40 18 84 40,,,PME (10-50),B2B,Google Maps,4.0,Actif,2026-06-29T00:15:34.174142,basse
BJ-1DC58013,Ferme Africa,Agriculture & Agroalimentaire,Athiémé,+229 27 80 29 25,,,PME (50-200),B2C,Google Maps,3.2,Actif,2026-06-29T00:15:34.174154,basse
BJ-FAEBEC35,Bétail,Agriculture & Agroalimentaire,Athiémé,+229 51 98 10 30,bétail@bétail.org,,PME (10-50),B2B,Google Maps,4.8,Actif,2026-06-29T00:15:34.174168,moyenne
BJ-ED34E853,Élevage,Agriculture & Agroalimentaire,Athiémé,+229 27 31 15 13,élevage@élevage.net,,PME (50-200),B2C,Google Maps,4.3,Actif,2026-06-29T00:15:34.174182,moyenne
BJ-1D95A9AF,Plantation Bopa,Agriculture & Agroalimentaire,Bopa,+229 59 77 34 16,plantation.bopa@plantation.bopa.org,,Grande (>200),B2C,Google Maps,4.4,Actif,2026-06-29T00:15:34.174201,moyenne
BJ-F07E0C2B,Plantation,Agriculture & Agroalimentaire,Bopa,+229 48 42 31 56,plantation@plantation.org,,PME (50-200),B2C,Google Maps,3.0,Actif,2026-06-29T00:15:34.174218,moyenne
BJ-FFBCF018,Groupe Aquaculture SARL,Agriculture & Agroalimentaire,Bopa,+229 35 45 83 56,groupe.aquaculture.sarl@groupe.aquaculture.sarl.net,,TPE (<10),B2B,Google Maps,3.9,Actif,2026-06-29T00:15:34.174244,moyenne
BJ-9F9B4013,Transformation Plantation Bopa,Agriculture & Agroalimentaire,Bopa,+229 22 91 97 38,transformation.plantation.bopa@transformation.plantation.bopa.com,transformationplantationbopa.bj,Grande (>200),B2C,Google Maps,4.7,Actif,2026-06-29T00:15:34.174262,haute
BJ-AD6B77E6,Agro Pêche,Agriculture & Agroalimentaire,Houéyogbé,+229 56 31 41 63,,,PME (50-200),B2B,Google Maps,3.0,Actif,2026-06-29T00:15:34.174281,basse
BJ-C0631764,Transformation Farm,Agriculture & Agroalimentaire,Houéyogbé,+229 32 79 76 48,,,PME (10-50),B2B,Google Maps,4.8,Actif,2026-06-29T00:15:34.174294,basse
BJ-672A7E7A,Légume SARL Houéyogbé,Agriculture & Agroalimentaire,Houéyogbé,+229 65 12 75 48,légume.sarl.houéyogbé@légume.sarl.houéyogbé.com,,TPE (<10),B2C,Google Maps,3.3,Actif,2026-06-29T00:15:34.174308,moyenne
BJ-3D605258,Plantation Pêche,Agriculture & Agroalimentaire,Houéyogbé,+229 24 22 54 89,plantation.pêche@plantation.pêche.benin,,TPE (<10),B2B,Google Maps,3.8,Actif,2026-06-29T00:15:34.174324,moyenne
BJ-8B4BB770,Plantation Bénin,Agriculture & Agroalimentaire,Houéyogbé,+229 24 80 39 36,plantation.bénin@plantation.bénin.org,,PME (10-50),B2C,Google Maps,3.7,Actif,2026-06-29T00:15:34.174338,moyenne
BJ-965B2C3E,Plantation Industrie,Agriculture & Agroalimentaire,Malanville,+229 23 39 22 95,,,TPE (<10),B2B,Google Maps,3.2,Actif,2026-06-29T00:15:34.174356,basse
BJ-2C84664D,Céréale Agro Malanville,Agriculture & Agroalimentaire,Malanville,+229 64 53 52 60,céréale.agro.malanville@céréale.agro.malanville.net,,PME (10-50),B2C,Google Maps,3.7,Actif,2026-06-29T00:15:34.174374,moyenne
BJ-8AE37811,Alimentaire Farm,Agriculture & Agroalimentaire,Malanville,+229 87 44 21 62,,alimentairefarm.bj,PME (10-50),B2B,Google Maps,4.8,Actif,2026-06-29T00:15:34.174399,moyenne
BJ-DCBD5D00,Groupe Ferme,Agriculture & Agroalimentaire,Malanville,+229 93 97 20 50,groupe.ferme@groupe.ferme.com,,PME (10-50),B2B,Google Maps,3.2,Actif,2026-06-29T00:15:34.174412,moyenne
BJ-8E685C46,SARL Agriculture,Agriculture & Agroalimentaire,Kandi,+229 75 13 84 97,,,Grande (>200),B2C,Google Maps,3.1,Actif,2026-06-29T00:15:34.174448,basse
BJ-1C5903C9,SARL Agriculture Ets,Agriculture & Agroalimentaire,Kandi,+229 35 17 40 51,,,PME (50-200),B2C,Google Maps,4.6,Actif,2026-06-29T00:15:34.174460,basse
BJ-2B5C3210,Élevage,Agriculture & Agroalimentaire,Kandi,+229 95 39 61 87,,,PME (10-50),B2B,Google Maps,4.7,Actif,2026-06-29T00:15:34.174472,basse
BJ-3B1C31F0,Pêche Bénin,Agriculture & Agroalimentaire,Kandi,+229 68 91 46 21,pêche.bénin@pêche.bénin.benin,,PME (50-200),B2B,Google Maps,4.0,Actif,2026-06-29T00:15:34.174486,moyenne
BJ-E026054B,Élevage,Agriculture & Agroalimentaire,Banikoara,+229 75 11 32 32,élevage@élevage.com,élevage.bj,PME (10-50),B2B,Google Maps,4.1,Actif,2026-06-29T00:15:34.174506,haute
BJ-E2FA5DBC,Ferme Agro Farm,Agriculture & Agroalimentaire,Banikoara,+229 56 30 74 66,ferme.agro.farm@ferme.agro.farm.org,fermeagrofarm.bj,TPE (<10),B2B,Google Maps,4.6,Actif,2026-06-29T00:15:34.174523,haute
BJ-43AEA179,Légume Plantation,Agriculture & Agroalimentaire,Banikoara,+229 63 14 67 43,,,TPE (<10),B2C,Google Maps,3.8,Actif,2026-06-29T00:15:34.174536,basse
BJ-C981429E,Groupe Céréale,Agriculture & Agroalimentaire,Banikoara,+229 83 83 29 71,groupe.céréale@groupe.céréale.benin,,TPE (<10),B2B,Google Maps,4.1,Actif,2026-06-29T00:15:34.174550,moyenne
BJ-F5050EC1,Céréale Africa Banikoara,Agriculture & Agroalimentaire,Banikoara,+229 58 93 43 45,céréale.africa.banikoara@céréale.africa.banikoara.net,céréaleafricabanikoara.bj,TPE (<10),B2C,Google Maps,4.3,Actif,2026-06-29T00:15:34.174565,haute
BJ-13A9B542,Transformation Africa Ségbana,Agriculture & Agroalimentaire,Ségbana,+229 36 85 40 40,,transformationafricaségbana.bj,TPE (<10),B2C,Google Maps,4.5,Actif,2026-06-29T00:15:34.174585,moyenne
BJ-79BD69E5,Bétail Groupe,Agriculture & Agroalimentaire,Ségbana,+229 95 52 16 16,,bétailgroupe.bj,PME (10-50),B2C,Google Maps,4.5,Actif,2026-06-29T00:15:34.174602,moyenne
BJ-E585405C,SARL Pêche,Agriculture & Agroalimentaire,Ségbana,+229 42 97 28 80,sarl.pêche@sarl.pêche.benin,sarlpêche.bj,TPE (<10),B2C,Google Maps,3.4,Actif,2026-06-29T00:15:34.174617,haute
BJ-B3CDAB51,Groupe Ferme,Agriculture & Agroalimentaire,Ségbana,+229 56 18 89 23,groupe.ferme@groupe.ferme.org,groupeferme.bj,PME (10-50),B2C,Google Maps,3.2,Actif,2026-06-29T00:15:34.174631,haute
BJ-5126BA30,Ferme Fruit Ségbana,Agriculture & Agroalimentaire,Ségbana,+229 59 71 75 81,,fermefruitségbana.bj,PME (10-50),B2B,Google Maps,4.5,Actif,2026-06-29T00:15:34.174644,moyenne
BJ-21A6ACF5,Production Légume Africa Karimama,Agriculture & Agroalimentaire,Karimama,+229 55 68 75 51,,,PME (50-200),B2B,Google Maps,4.3,Actif,2026-06-29T00:15:34.174666,basse
BJ-4EA6020C,Ets Bétail Groupe,Agriculture & Agroalimentaire,Karimama,+229 40 48 51 66,ets.bétail.groupe@ets.bétail.groupe.net,etsbétailgroupe.bj,TPE (<10),B2B,Google Maps,4.3,Actif,2026-06-29T00:15:34.174698,haute
BJ-E5783BDD,Fruit,Agriculture & Agroalimentaire,Karimama,+229 30 75 20 72,,,TPE (<10),B2C,Google Maps,5.0,Actif,2026-06-29T00:15:34.174713,basse
BJ-0485D43B,Aquaculture Ets,Agriculture & Agroalimentaire,Karimama,+229 94 87 34 52,,,PME (10-50),B2C,Google Maps,4.2,Actif,2026-06-29T00:15:34.174725,basse
BJ-2F3F2C82,Ferme,Agriculture & Agroalimentaire,Karimama,+229 36 58 11 28,ferme@ferme.org,ferme.bj,PME (10-50),B2B,Google Maps,3.3,Actif,2026-06-29T00:15:34.174738,haute
BJ-78B302F0,Transformation Gogounou,Agriculture & Agroalimentaire,Gogounou,+229 43 24 96 76,transformation.gogounou@transformation.gogounou.bj,,PME (10-50),B2C,Google Maps,4.5,Actif,2026-06-29T00:15:34.174764,moyenne
BJ-C11AFB66,Industrie,Agriculture & Agroalimentaire,Gogounou,+229 66 38 90 50,industrie@industrie.com,industrie.bj,Grande (>200),B2C,Google Maps,3.6,Actif,2026-06-29T00:15:34.174778,haute
BJ-92FE6CE2,Plantation Céréale SARL,Agriculture & Agroalimentaire,Gogounou,+229 70 53 99 88,,,PME (50-200),B2B,Google Maps,3.0,Actif,2026-06-29T00:15:34.174790,basse
BJ-91F8EA0F,Groupe Élevage,Agriculture & Agroalimentaire,Gogounou,+229 22 96 72 99,,groupeélevage.bj,PME (50-200),B2C,Google Maps,3.3,Actif,2026-06-29T00:15:34.174803,moyenne
BJ-4DD6976C,Groupe Agro,Agriculture & Agroalimentaire,Gogounou,+229 98 93 26 16,groupe.agro@groupe.agro.net,groupeagro.bj,PME (50-200),B2B,Google Maps,4.0,Actif,2026-06-29T00:15:34.174817,haute
BJ-D1D09EE8,Ferme Légume,Agriculture & Agroalimentaire,Cobly,+229 86 26 24 47,,,PME (10-50),B2C,Google Maps,4.4,Actif,2026-06-29T00:15:34.174835,basse
BJ-E5F5A4FD,Élevage SARL,Agriculture & Agroalimentaire,Cobly,+229 47 86 79 72,,élevagesarl.bj,Grande (>200),B2B,Google Maps,3.1,Actif,2026-06-29T00:15:34.174867,moyenne
BJ-07F70734,Groupe Pêche,Agriculture & Agroalimentaire,Cobly,+229 58 41 18 50,groupe.pêche@groupe.pêche.org,,TPE (<10),B2B,Google Maps,3.4,Actif,2026-06-29T00:15:34.174881,moyenne
BJ-464A4058,Agro Agro,Agriculture & Agroalimentaire,Tanguiéta,+229 85 10 79 56,agro.agro@agro.agro.net,agroagro.bj,TPE (<10),B2B,Google Maps,3.6,Actif,2026-06-29T00:15:34.174925,haute
BJ-01F13C87,Céréale,Agriculture & Agroalimentaire,Tanguiéta,+229 76 41 66 22,,céréale.bj,PME (10-50),B2B,Google Maps,3.6,Actif,2026-06-29T00:15:34.174939,moyenne
BJ-1EC54B56,SARL Transformation Groupe,Agriculture & Agroalimentaire,Tanguiéta,+229 36 77 56 48,sarl.transformation.groupe@sarl.transformation.groupe.com,,PME (10-50),B2B,Google Maps,4.8,Actif,2026-06-29T00:15:34.174964,moyenne
BJ-BF9172C7,Transformation Bénin,Agriculture & Agroalimentaire,Tanguiéta,+229 94 89 80 57,transformation.bénin@transformation.bénin.bj,,TPE (<10),B2B,Google Maps,4.5,Actif,2026-06-29T00:15:34.174978,moyenne
BJ-8E5AA28B,Industrie,Agriculture & Agroalimentaire,Matéri,+229 61 34 38 17,industrie@industrie.bj,,TPE (<10),B2C,Google Maps,4.7,Actif,2026-06-29T00:15:34.175000,moyenne
BJ-53A4C155,Agro Fruit Agro,Agriculture & Agroalimentaire,Matéri,+229 30 58 24 25,,agrofruitagro.bj,TPE (<10),B2B,Google Maps,4.2,Actif,2026-06-29T00:15:34.175017,moyenne
BJ-9AE35F22,Agro Légume Plantation,Agriculture & Agroalimentaire,Matéri,+229 76 84 76 93,,,TPE (<10),B2B,Google Maps,3.2,Actif,2026-06-29T00:15:34.175030,basse
BJ-802E2FBE,Ferme Alimentaire Agro,Agriculture & Agroalimentaire,Matéri,+229 38 72 51 27,,,TPE (<10),B2C,Google Maps,4.5,Actif,2026-06-29T00:15:34.175041,basse
BJ-6FD1882A,Production Bétail Ets,Agriculture & Agroalimentaire,Matéri,+229 76 17 34 52,production.bétail.ets@production.bétail.ets.benin,,TPE (<10),B2C,Google Maps,3.9,Actif,2026-06-29T00:15:34.175055,moyenne
BJ-5FBC8D71,SARL Pêche,Agriculture & Agroalimentaire,Natitingou,+229 22 44 94 53,sarl.pêche@sarl.pêche.com,,Grande (>200),B2B,Google Maps,3.5,Actif,2026-06-29T00:15:34.175074,moyenne
BJ-500B496C,Industrie Agro,Agriculture & Agroalimentaire,Natitingou,+229 46 26 21 72,industrie.agro@industrie.agro.com,,PME (10-50),B2B,Google Maps,3.3,Actif,2026-06-29T00:15:34.175087,moyenne
BJ-1C5F3609,Groupe Alimentaire,Agriculture & Agroalimentaire,Natitingou,+229 95 75 50 58,groupe.alimentaire@groupe.alimentaire.bj,,Grande (>200),B2C,Google Maps,4.6,Actif,2026-06-29T00:15:34.175116,moyenne
BJ-76AE163A,Agro,Agriculture & Agroalimentaire,Natitingou,+229 65 16 62 59,agro@agro.benin,agro.bj,PME (10-50),B2C,Google Maps,3.2,Actif,2026-06-29T00:15:34.175130,haute
BJ-52722E19,Industrie Africa Toucountouna,Agriculture & Agroalimentaire,Toucountouna,+229 20 96 74 46,,industrieafricatoucountouna.bj,PME (50-200),B2B,Google Maps,4.1,Actif,2026-06-29T00:15:34.175152,moyenne
BJ-7FA76E7D,Agro Agro,Agriculture & Agroalimentaire,Toucountouna,+229 67 67 18 93,,,TPE (<10),B2C,Google Maps,4.2,Actif,2026-06-29T00:15:34.175167,basse
BJ-1C835E06,Céréale Bénin,Agriculture & Agroalimentaire,Toucountouna,+229 83 71 51 44,,,PME (10-50),B2B,Google Maps,4.3,Actif,2026-06-29T00:15:34.175180,basse
BJ-C1361142,Bétail,Agriculture & Agroalimentaire,Toucountouna,+229 77 78 89 16,,,TPE (<10),B2B,Google Maps,4.1,Actif,2026-06-29T00:15:34.175192,basse
BJ-92ADC16A,Groupe Bétail,Agriculture & Agroalimentaire,Toucountouna,+229 24 45 72 92,groupe.bétail@groupe.bétail.benin,,TPE (<10),B2B,Google Maps,3.8,Actif,2026-06-29T00:15:34.175205,moyenne
BJ-8D80D5BE,Bétail,Agriculture & Agroalimentaire,Boukoumbé,+229 58 59 49 99,bétail@bétail.benin,,Grande (>200),B2B,Google Maps,3.9,Actif,2026-06-29T00:15:34.175224,moyenne
BJ-D353C4F7,Élevage SARL,Agriculture & Agroalimentaire,Boukoumbé,+229 35 31 50 96,élevage.sarl@élevage.sarl.org,élevagesarl.bj,Grande (>200),B2B,Google Maps,3.7,Actif,2026-06-29T00:15:34.175238,haute
BJ-947530E7,Légume Boukoumbé,Agriculture & Agroalimentaire,Boukoumbé,+229 50 89 36 98,légume.boukoumbé@légume.boukoumbé.benin,légumeboukoumbé.bj,PME (10-50),B2B,Google Maps,4.4,Actif,2026-06-29T00:15:34.175253,haute
BJ-547159BF,Élevage,Agriculture & Agroalimentaire,Boukoumbé,+229 45 86 37 82,,,PME (50-200),B2B,Google Maps,4.9,Actif,2026-06-29T00:15:34.175265,basse
BJ-42887737,Plantation,Agriculture & Agroalimentaire,Boukoumbé,+229 93 37 74 83,plantation@plantation.net,plantation.bj,Grande (>200),B2B,Google Maps,3.1,Actif,2026-06-29T00:15:34.175279,haute
BJ-CD511B69,Alimentaire Ets,Agriculture & Agroalimentaire,Kouandé,+229 62 88 84 19,,,TPE (<10),B2C,Google Maps,4.8,Actif,2026-06-29T00:15:34.175297,basse
BJ-BD38ECEA,Groupe Élevage Plantation,Agriculture & Agroalimentaire,Kouandé,+229 95 42 99 64,groupe.élevage.plantation@groupe.élevage.plantation.benin,,TPE (<10),B2C,Google Maps,3.8,Actif,2026-06-29T00:15:34.175319,moyenne
BJ-75222E7B,Ets Ferme,Agriculture & Agroalimentaire,Kouandé,+229 79 53 12 51,ets.ferme@ets.ferme.org,,TPE (<10),B2B,Google Maps,4.0,Actif,2026-06-29T00:15:34.175333,moyenne
BJ-A5F88511,Élevage,Agriculture & Agroalimentaire,Kouandé,+229 44 94 37 14,élevage@élevage.org,élevage.bj,Grande (>200),B2B,Google Maps,4.4,Actif,2026-06-29T00:15:34.175347,haute
BJ-0BD40406,Ets Agro SARL,Agriculture & Agroalimentaire,Kouandé,+229 44 60 52 79,,,TPE (<10),B2C,Google Maps,3.3,Actif,2026-06-29T00:15:34.175360,basse
BJ-30301F5F,Groupe Plantation Ets Péhunco,Agriculture & Agroalimentaire,Péhunco,+229 44 27 56 83,,,TPE (<10),B2C,Google Maps,4.5,Actif,2026-06-29T00:15:34.175378,basse
BJ-44796932,Aquaculture Plantation,Agriculture & Agroalimentaire,Péhunco,+229 95 47 87 12,,,PME (10-50),B2C,Google Maps,5.0,Actif,2026-06-29T00:15:34.175393,basse
BJ-31E85545,Groupe Ferme,Agriculture & Agroalimentaire,Péhunco,+229 76 77 96 17,groupe.ferme@groupe.ferme.benin,groupeferme.bj,TPE (<10),B2B,Google Maps,4.3,Actif,2026-06-29T00:15:34.175408,haute
BJ-04AF002C,Agro Groupe,Agriculture & Agroalimentaire,Péhunco,+229 88 35 58 98,,agrogroupe.bj,PME (50-200),B2C,Google Maps,3.5,Actif,2026-06-29T00:15:34.175421,moyenne
BJ-81A7E186,Plantation Plantation,Agriculture & Agroalimentaire,Péhunco,+229 25 19 74 47,,plantationplantation.bj,TPE (<10),B2C,Google Maps,3.4,Actif,2026-06-29T00:15:34.175434,moyenne
BJ-D94F5274,Transformation Farm,Agriculture & Agroalimentaire,Tchaourou,+229 96 81 68 81,transformation.farm@transformation.farm.com,,TPE (<10),B2B,Google Maps,4.6,Actif,2026-06-29T00:15:34.175452,moyenne
BJ-20C50B48,Industrie Groupe,Agriculture & Agroalimentaire,Tchaourou,+229 95 78 15 40,,industriegroupe.bj,PME (10-50),B2C,Google Maps,3.4,Actif,2026-06-29T00:15:34.175468,moyenne
BJ-7229F61A,SARL Transformation Farm Tchaourou,Agriculture & Agroalimentaire,Tchaourou,+229 46 67 30 73,sarl.transformation.farm.tchaourou@sarl.transformation.farm.tchaourou.org,,PME (10-50),B2C,Google Maps,4.8,Actif,2026-06-29T00:15:34.175482,moyenne
BJ-8848D231,Industrie Bénin,Agriculture & Agroalimentaire,Tchaourou,+229 53 66 49 98,industrie.bénin@industrie.bénin.net,,TPE (<10),B2C,Google Maps,4.2,Actif,2026-06-29T00:15:34.175496,moyenne
BJ-0E1D3432,Légume Tchaourou,Agriculture & Agroalimentaire,Tchaourou,+229 75 48 68 28,,,PME (50-200),B2B,Google Maps,3.7,Actif,2026-06-29T00:15:34.175508,basse
BJ-4FF705DA,Céréale,Agriculture & Agroalimentaire,Nikki,+229 41 33 43 36,céréale@céréale.org,,PME (50-200),B2B,Google Maps,3.9,Actif,2026-06-29T00:15:34.175528,moyenne
BJ-11D73247,Plantation,Agriculture & Agroalimentaire,Nikki,+229 30 81 45 15,,,Grande (>200),B2C,Google Maps,3.4,Actif,2026-06-29T00:15:34.175557,basse
BJ-224FB4AC,Groupe Agro Africa,Agriculture & Agroalimentaire,Nikki,+229 87 75 59 74,,,PME (10-50),B2B,Google Maps,4.6,Actif,2026-06-29T00:15:34.175582,basse
BJ-E57F08B3,Production Céréale,Agriculture & Agroalimentaire,Bembéréké,+229 26 88 10 57,,,PME (10-50),B2B,Google Maps,3.7,Actif,2026-06-29T00:15:34.175623,basse
BJ-89DA406D,Alimentaire Bembéréké,Agriculture & Agroalimentaire,Bembéréké,+229 84 15 26 56,alimentaire.bembéréké@alimentaire.bembéréké.bj,,PME (10-50),B2C,Google Maps,3.1,Actif,2026-06-29T00:15:34.175641,moyenne
BJ-433B745A,Ets Pêche Plantation,Agriculture & Agroalimentaire,Bembéréké,+229 54 57 13 77,ets.pêche.plantation@ets.pêche.plantation.org,etspêcheplantation.bj,TPE (<10),B2B,Google Maps,3.8,Actif,2026-06-29T00:15:34.175657,haute
BJ-81C8AA99,Ferme Plantation,Agriculture & Agroalimentaire,Bembéréké,+229 59 66 96 71,ferme.plantation@ferme.plantation.org,,Grande (>200),B2B,Google Maps,3.9,Actif,2026-06-29T00:15:34.175670,moyenne
BJ-C10D8769,Ferme Fruit Ets,Agriculture & Agroalimentaire,Kalalé,+229 89 58 99 62,,,PME (50-200),B2B,Google Maps,3.6,Actif,2026-06-29T00:15:34.175688,basse
BJ-CAC27162,Agro Pêche,Agriculture & Agroalimentaire,Kalalé,+229 56 88 57 76,,,PME (10-50),B2B,Google Maps,3.8,Actif,2026-06-29T00:15:34.175712,basse
BJ-C31DB409,Agro Fruit Groupe Kalalé,Agriculture & Agroalimentaire,Kalalé,+229 95 87 81 72,agro.fruit.groupe.kalalé@agro.fruit.groupe.kalalé.bj,agrofruitgroupekalalé.bj,PME (10-50),B2B,Google Maps,4.2,Actif,2026-06-29T00:15:34.175731,haute
BJ-FD59EF1E,SARL Agriculture SARL Kalalé,Agriculture & Agroalimentaire,Kalalé,+229 81 90 95 92,sarl.agriculture.sarl.kalalé@sarl.agriculture.sarl.kalalé.benin,,PME (50-200),B2C,Google Maps,4.7,Actif,2026-06-29T00:15:34.175744,moyenne
BJ-4B004510,Pêche Agro,Agriculture & Agroalimentaire,Ndali,+229 75 38 26 57,,,PME (10-50),B2B,Google Maps,3.4,Actif,2026-06-29T00:15:34.175762,basse
BJ-BFDDB4C5,SARL Plantation Farm Ndali,Agriculture & Agroalimentaire,Ndali,+229 33 58 48 47,sarl.plantation.farm.ndali@sarl.plantation.farm.ndali.org,,TPE (<10),B2C,Google Maps,4.1,Actif,2026-06-29T00:15:34.175778,moyenne
BJ-C4B2153B,Céréale Ets,Agriculture & Agroalimentaire,Ndali,+229 30 16 27 28,,céréaleets.bj,Grande (>200),B2B,Google Maps,3.4,Actif,2026-06-29T00:15:34.175793,moyenne
BJ-E088F320,SARL Alimentaire Ndali,Agriculture & Agroalimentaire,Ndali,+229 44 30 23 90,sarl.alimentaire.ndali@sarl.alimentaire.ndali.com,,PME (10-50),B2C,Google Maps,3.3,Actif,2026-06-29T00:15:34.175806,moyenne
BJ-7F1FBF63,Groupe Fruit,Agriculture & Agroalimentaire,Ndali,+229 31 68 56 33,,,TPE (<10),B2B,Google Maps,4.6,Actif,2026-06-29T00:15:34.175818,basse
BJ-8EA70ADC,Fruit Ségbana,Agriculture & Agroalimentaire,Ségbana,+229 80 48 33 72,,,TPE (<10),B2B,Google Maps,3.1,Actif,2026-06-29T00:15:34.175835,basse
BJ-A5FCFB32,Ets Élevage Ségbana,Agriculture & Agroalimentaire,Ségbana,+229 77 60 56 91,ets.élevage.ségbana@ets.élevage.ségbana.org,etsélevageségbana.bj,Grande (>200),B2C,Google Maps,3.6,Actif,2026-06-29T00:15:34.175850,haute
BJ-7B004901,Groupe Aquaculture Ségbana,Agriculture & Agroalimentaire,Ségbana,+229 76 61 48 99,groupe.aquaculture.ségbana@groupe.aquaculture.ségbana.com,,PME (50-200),B2B,Google Maps,3.9,Actif,2026-06-29T00:15:34.175864,moyenne
BJ-3CE1AA88,Ets Plantation Agro,Agriculture & Agroalimentaire,Ségbana,+229 53 90 77 76,ets.plantation.agro@ets.plantation.agro.com,etsplantationagro.bj,TPE (<10),B2C,Google Maps,3.5,Actif,2026-06-29T00:15:34.175881,haute
BJ-F73161AF,Fruit,Agriculture & Agroalimentaire,Tchaourou,+229 64 36 38 94,,,TPE (<10),B2C,Google Maps,4.3,Actif,2026-06-29T00:15:34.175971,basse
BJ-39821340,Ferme,Agriculture & Agroalimentaire,Tchaourou,+229 76 86 86 58,,,PME (50-200),B2C,Google Maps,3.0,Actif,2026-06-29T00:15:34.175983,basse
BJ-4F8C90CE,Production Plantation Agro Bétérou,Agriculture & Agroalimentaire,Bétérou,+229 84 25 80 37,production.plantation.agro.bétérou@production.plantation.agro.bétérou.com,,PME (50-200),B2B,Google Maps,3.2,Actif,2026-06-29T00:15:34.176002,moyenne
BJ-956EB519,Aquaculture Groupe,Agriculture & Agroalimentaire,Bétérou,+229 37 70 87 12,aquaculture.groupe@aquaculture.groupe.net,aquaculturegroupe.bj,PME (10-50),B2B,Google Maps,3.2,Actif,2026-06-29T00:15:34.176017,haute
BJ-80653189,Plantation Ferme,Agriculture & Agroalimentaire,Bétérou,+229 68 31 91 46,plantation.ferme@plantation.ferme.com,,PME (10-50),B2C,Google Maps,3.9,Actif,2026-06-29T00:15:34.176033,moyenne
BJ-D38FDB67,Agro Agro,Agriculture & Agroalimentaire,Bétérou,+229 32 95 56 41,,agroagro.bj,PME (10-50),B2C,Google Maps,3.9,Actif,2026-06-29T00:15:34.176046,moyenne
BJ-399D376E,Ferme Alimentaire Africa,Agriculture & Agroalimentaire,Bétérou,+229 24 85 29 86,ferme.alimentaire.africa@ferme.alimentaire.africa.benin,,TPE (<10),B2B,Google Maps,3.7,Actif,2026-06-29T00:15:34.176060,moyenne
BJ-3E185FD8,Ferme Légume SARL,Agriculture & Agroalimentaire,Ouessè,+229 36 81 69 90,,,PME (50-200),B2B,Google Maps,4.4,Actif,2026-06-29T00:15:34.176078,basse
BJ-611F477F,Agro,Agriculture & Agroalimentaire,Ouessè,+229 29 53 45 88,,agro.bj,TPE (<10),B2B,Google Maps,4.1,Actif,2026-06-29T00:15:34.176094,moyenne
BJ-C41248E4,Légume,Agriculture & Agroalimentaire,Ouessè,+229 32 51 34 24,légume@légume.benin,,PME (10-50),B2C,Google Maps,3.7,Actif,2026-06-29T00:15:34.176108,moyenne
BJ-526877DF,SARL Plantation Groupe,Agriculture & Agroalimentaire,Ouessè,+229 31 20 85 34,sarl.plantation.groupe@sarl.plantation.groupe.bj,,TPE (<10),B2B,Google Maps,4.6,Actif,2026-06-29T00:15:34.176124,moyenne
BJ-665D5F82,Fruit,Agriculture & Agroalimentaire,Ouessè,+229 76 37 93 92,fruit@fruit.org,,TPE (<10),B2C,Google Maps,3.4,Actif,2026-06-29T00:15:34.176137,moyenne
BJ-4B6AF8A8,Groupe Agro,Agriculture & Agroalimentaire,Glazoué,+229 82 88 52 42,,groupeagro.bj,PME (10-50),B2C,Google Maps,4.9,Actif,2026-06-29T00:15:34.176156,moyenne
BJ-4F2F66AE,Aquaculture SARL,Agriculture & Agroalimentaire,Glazoué,+229 83 21 26 19,aquaculture.sarl@aquaculture.sarl.bj,,TPE (<10),B2B,Google Maps,4.4,Actif,2026-06-29T00:15:34.176178,moyenne
BJ-ABB5541E,Ets Plantation Plantation,Agriculture & Agroalimentaire,Glazoué,+229 55 44 69 55,ets.plantation.plantation@ets.plantation.plantation.benin,,TPE (<10),B2B,Google Maps,3.1,Actif,2026-06-29T00:15:34.176192,moyenne
BJ-5AC56D6A,Fruit,Agriculture & Agroalimentaire,Glazoué,+229 37 20 34 77,fruit@fruit.org,fruit.bj,TPE (<10),B2B,Google Maps,4.4,Actif,2026-06-29T00:15:34.176205,haute
BJ-CD7186CE,Plantation,Agriculture & Agroalimentaire,Glazoué,+229 66 11 65 50,,,TPE (<10),B2B,Google Maps,4.9,Actif,2026-06-29T00:15:34.176217,basse
BJ-490C107A,Transformation Farm,Agriculture & Agroalimentaire,Dassa-Zoumè,+229 35 29 15 75,transformation.farm@transformation.farm.net,,PME (10-50),B2C,Google Maps,4.8,Actif,2026-06-29T00:15:34.176236,moyenne
BJ-EC1961E2,Bétail Dassa-Zoumè,Agriculture & Agroalimentaire,Dassa-Zoumè,+229 43 23 36 60,,,TPE (<10),B2C,Google Maps,3.2,Actif,2026-06-29T00:15:34.176253,basse
BJ-03F06383,Pêche Agro,Agriculture & Agroalimentaire,Dassa-Zoumè,+229 98 12 97 59,,pêcheagro.bj,PME (50-200),B2C,Google Maps,4.3,Actif,2026-06-29T00:15:34.176266,moyenne
BJ-B3AB6759,Production Agro Africa,Agriculture & Agroalimentaire,Dassa-Zoumè,+229 70 14 45 77,,productionagroafrica.bj,PME (10-50),B2C,Google Maps,3.4,Actif,2026-06-29T00:15:34.176279,moyenne
BJ-6CB3C4B6,Aquaculture,Agriculture & Agroalimentaire,Dassa-Zoumè,+229 47 84 65 61,aquaculture@aquaculture.org,,TPE (<10),B2B,Google Maps,4.8,Actif,2026-06-29T00:15:34.176292,moyenne
BJ-B60340DB,Ets Transformation,Agriculture & Agroalimentaire,Savalou,+229 80 76 61 90,,,TPE (<10),B2B,Google Maps,5.0,Actif,2026-06-29T00:15:34.176323,basse
BJ-C634FC8E,Ferme Transformation,Agriculture & Agroalimentaire,Savalou,+229 74 50 93 81,ferme.transformation@ferme.transformation.net,fermetransformation.bj,TPE (<10),B2B,Google Maps,3.4,Actif,2026-06-29T00:15:34.176337,haute
BJ-47994104,SARL Plantation,Agriculture & Agroalimentaire,Savalou,+229 96 17 33 52,sarl.plantation@sarl.plantation.org,,PME (10-50),B2C,Google Maps,4.1,Actif,2026-06-29T00:15:34.176361,moyenne
BJ-F2238BFB,Agro Légume Plantation,Agriculture & Agroalimentaire,Bantè,+229 72 14 20 86,,agrolégumeplantation.bj,PME (50-200),B2C,Google Maps,3.1,Actif,2026-06-29T00:15:34.176380,moyenne
BJ-CB0F747E,Plantation Élevage Groupe,Agriculture & Agroalimentaire,Bantè,+229 91 75 55 13,plantation.élevage.groupe@plantation.élevage.groupe.net,plantationélevagegroupe.bj,TPE (<10),B2B,Google Maps,4.1,Actif,2026-06-29T00:15:34.176399,haute
BJ-CDFE239D,Agro Plantation Farm Bantè,Agriculture & Agroalimentaire,Bantè,+229 68 32 52 15,agro.plantation.farm.bantè@agro.plantation.farm.bantè.org,,TPE (<10),B2C,Google Maps,4.5,Actif,2026-06-29T00:15:34.176416,moyenne
BJ-9C98B7ED,Ferme,Agriculture & Agroalimentaire,Bantè,+229 73 38 26 32,,,TPE (<10),B2B,Google Maps,4.9,Actif,2026-06-29T00:15:34.176428,basse
BJ-37CF6C3A,Groupe Transformation Agro,Agriculture & Agroalimentaire,Bantè,+229 25 30 13 99,groupe.transformation.agro@groupe.transformation.agro.benin,groupetransformationagro.bj,PME (50-200),B2C,Google Maps,4.7,Actif,2026-06-29T00:15:34.176442,haute
BJ-0454A64A,Groupe Ferme Ets,Agriculture & Agroalimentaire,Djougou,+229 84 52 71 39,groupe.ferme.ets@groupe.ferme.ets.bj,groupefermeets.bj,PME (10-50),B2B,Google Maps,3.5,Actif,2026-06-29T00:15:34.176468,haute
BJ-51BEAB6F,Agro,Agriculture & Agroalimentaire,Djougou,+229 99 57 21 47,,agro.bj,PME (10-50),B2C,Google Maps,3.7,Actif,2026-06-29T00:15:34.176484,moyenne
BJ-1170863D,SARL Pêche Agro,Agriculture & Agroalimentaire,Djougou,+229 81 49 47 17,,,PME (50-200),B2C,Google Maps,3.2,Actif,2026-06-29T00:15:34.176520,basse
BJ-77A75AF5,Pêche Africa,Agriculture & Agroalimentaire,Djougou,+229 94 30 21 27,,,PME (10-50),B2B,Google Maps,3.8,Actif,2026-06-29T00:15:34.176537,basse
BJ-A99098D2,Ferme Agriculture Bénin,Agriculture & Agroalimentaire,Djougou,+229 78 14 57 78,ferme.agriculture.bénin@ferme.agriculture.bénin.benin,,PME (10-50),B2B,Google Maps,4.5,Actif,2026-06-29T00:15:34.176554,moyenne
BJ-67C71180,Agriculture,Agriculture & Agroalimentaire,Ouèssè,+229 51 47 16 36,agriculture@agriculture.bj,,TPE (<10),B2C,Google Maps,4.7,Actif,2026-06-29T00:15:34.176576,moyenne
BJ-D59B9E03,Ferme Agriculture Ets,Agriculture & Agroalimentaire,Ouèssè,+229 62 72 97 48,ferme.agriculture.ets@ferme.agriculture.ets.com,,TPE (<10),B2B,Google Maps,4.3,Actif,2026-06-29T00:15:34.176595,moyenne
BJ-86F9191C,Ets Fruit,Agriculture & Agroalimentaire,Ouèssè,+229 49 94 56 38,ets.fruit@ets.fruit.bj,etsfruit.bj,TPE (<10),B2C,Google Maps,4.5,Actif,2026-06-29T00:15:34.176611,haute
BJ-702CE05F,Groupe Ferme Ets Ouèssè,Agriculture & Agroalimentaire,Ouèssè,+229 92 72 12 12,groupe.ferme.ets.ouèssè@groupe.ferme.ets.ouèssè.benin,,PME (10-50),B2C,Google Maps,3.3,Actif,2026-06-29T00:15:34.176626,moyenne
BJ-A4F428FC,Plantation Bétail Plantation,Agriculture & Agroalimentaire,Ouèssè,+229 97 93 74 58,,,PME (50-200),B2C,Google Maps,4.4,Actif,2026-06-29T00:15:34.176638,basse
BJ-02B0D162,Industrie,Agriculture & Agroalimentaire,Bassila,+229 21 96 69 45,industrie@industrie.benin,,PME (10-50),B2B,Google Maps,4.2,Actif,2026-06-29T00:15:34.176657,moyenne
BJ-602F2617,SARL Alimentaire Bassila,Agriculture & Agroalimentaire,Bassila,+229 95 69 59 61,,,TPE (<10),B2B,Google Maps,3.9,Actif,2026-06-29T00:15:34.176670,basse
BJ-EFA1155F,Groupe Fruit Africa,Agriculture & Agroalimentaire,Bassila,+229 78 66 67 68,,,TPE (<10),B2B,Google Maps,4.3,Actif,2026-06-29T00:15:34.176682,basse
BJ-81BB3180,Ferme,Agriculture & Agroalimentaire,Bassila,+229 70 86 23 92,,ferme.bj,TPE (<10),B2C,Google Maps,3.1,Actif,2026-06-29T00:15:34.176698,moyenne
BJ-0CD10AD6,Ets Transformation Africa,Agriculture & Agroalimentaire,Bassila,+229 75 65 54 48,,etstransformationafrica.bj,PME (10-50),B2B,Google Maps,4.4,Actif,2026-06-29T00:15:34.176712,moyenne
BJ-0D883ADE,Plantation Agriculture,Agriculture & Agroalimentaire,Pehunco,+229 40 36 83 54,plantation.agriculture@plantation.agriculture.benin,,PME (10-50),B2C,Google Maps,3.8,Actif,2026-06-29T00:15:34.176731,moyenne
BJ-6DE33D51,Agro Agriculture,Agriculture & Agroalimentaire,Pehunco,+229 62 31 27 44,,agroagriculture.bj,TPE (<10),B2B,Google Maps,4.5,Actif,2026-06-29T00:15:34.176748,moyenne
BJ-5CF2CE1B,Plantation,Agriculture & Agroalimentaire,Pehunco,+229 22 98 28 42,plantation@plantation.bj,,TPE (<10),B2B,Google Maps,4.6,Actif,2026-06-29T00:15:34.176761,moyenne
BJ-CD11F035,SARL Bétail,Agriculture & Agroalimentaire,Pehunco,+229 85 35 92 85,sarl.bétail@sarl.bétail.com,sarlbétail.bj,PME (10-50),B2B,Google Maps,3.2,Actif,2026-06-29T00:15:34.176777,haute
BJ-9BDDA778,Ferme Plantation,Agriculture & Agroalimentaire,Pehunco,+229 44 30 97 66,,fermeplantation.bj,PME (50-200),B2C,Google Maps,4.5,Actif,2026-06-29T00:15:34.176790,moyenne
BJ-D285EA78,Ferme Agriculture Plantation,Agriculture & Agroalimentaire,Copargo,+229 44 75 13 81,,,Grande (>200),B2C,Google Maps,4.9,Actif,2026-06-29T00:15:34.176808,basse
BJ-A3EB1953,Plantation,Agriculture & Agroalimentaire,Copargo,+229 74 98 10 90,plantation@plantation.com,,TPE (<10),B2B,Google Maps,4.5,Actif,2026-06-29T00:15:34.176821,moyenne
BJ-9CC917F6,Production Légume Plantation Copargo,Agriculture & Agroalimentaire,Copargo,+229 72 46 56 70,production.légume.plantation.copargo@production.légume.plantation.copargo.net,productionlégumeplantationcopargo.bj,Grande (>200),B2C,Google Maps,3.7,Actif,2026-06-29T00:15:34.176837,haute
BJ-0245C38C,Production Plantation Africa,Agriculture & Agroalimentaire,Copargo,+229 82 83 14 93,,,TPE (<10),B2B,Google Maps,3.1,Actif,2026-06-29T00:15:34.176849,basse
BJ-10F8B175,Élevage,Agriculture & Agroalimentaire,Copargo,+229 58 37 84 14,,,PME (50-200),B2B,Google Maps,4.1,Actif,2026-06-29T00:15:34.176861,basse
BJ-84FCF3F3,Formation College,Éducation & Formation,Cotonou,+229 60 12 13 68,formation.college@formation.college.benin,formationcollege.bj,Grande (>200),B2B,Google Maps,3.6,Actif,2026-06-29T00:15:34.176882,haute
BJ-A74FFB4B,École Excellence Cotonou,Éducation & Formation,Cotonou,+229 68 60 77 11,école.excellence.cotonou@école.excellence.cotonou.benin,,TPE (<10),B2B,Google Maps,4.6,Actif,2026-06-29T00:15:34.176916,moyenne
BJ-E413A1CF,Protestant,Éducation & Formation,Cotonou,+229 22 43 16 73,,protestant.bj,PME (50-200),B2C,Google Maps,3.0,Actif,2026-06-29T00:15:34.176931,moyenne
BJ-5F7E8F9D,National Bénin,Éducation & Formation,Cotonou,+229 45 70 40 20,national.bénin@national.bénin.bj,nationalbénin.bj,TPE (<10),B2B,Google Maps,4.5,Actif,2026-06-29T00:15:34.176950,haute
BJ-4F378349,Collège International Cotonou,Éducation & Formation,Cotonou,+229 35 84 85 92,collège.international.cotonou@collège.international.cotonou.bj,,PME (50-200),B2B,Google Maps,3.7,Actif,2026-06-29T00:15:34.176964,moyenne
BJ-CCE5382E,Excellence,Éducation & Formation,Abomey-Calavi,+229 55 87 59 97,,excellence.bj,PME (50-200),B2B,Google Maps,4.5,Actif,2026-06-29T00:15:34.176984,moyenne
BJ-512E2222,Centre Connaissance College,Éducation & Formation,Abomey-Calavi,+229 63 26 42 50,centre.connaissance.college@centre.connaissance.college.benin,centreconnaissancecollege.bj,PME (10-50),B2C,Google Maps,3.3,Actif,2026-06-29T00:15:34.177002,haute
BJ-FB73FF1C,Connaissance School,Éducation & Formation,Abomey-Calavi,+229 35 25 27 73,,connaissanceschool.bj,TPE (<10),B2B,Google Maps,4.8,Actif,2026-06-29T00:15:34.177015,moyenne
BJ-4472662A,École Protestant University Porto-Novo,Éducation & Formation,Porto-Novo,+229 65 41 10 51,école.protestant.university.portonovo@école.protestant.university.portonovo.bj,,TPE (<10),B2B,Google Maps,4.3,Actif,2026-06-29T00:15:34.177065,moyenne
BJ-347A4F26,Développement University Porto-Novo,Éducation & Formation,Porto-Novo,+229 83 78 23 66,développement.university.portonovo@développement.university.portonovo.net,,TPE (<10),B2B,Google Maps,4.0,Actif,2026-06-29T00:15:34.177086,moyenne
BJ-2C0D1EF6,Institut Éducation Bénin,Éducation & Formation,Porto-Novo,+229 43 19 72 98,institut.éducation.bénin@institut.éducation.bénin.com,,Grande (>200),B2B,Google Maps,4.6,Actif,2026-06-29T00:15:34.177101,moyenne
BJ-198C6FEF,Collège Protestant,Éducation & Formation,Porto-Novo,+229 25 10 55 77,,,Grande (>200),B2C,Google Maps,4.6,Actif,2026-06-29T00:15:34.177113,basse
BJ-7C87D2BE,Éducation University Porto-Novo,Éducation & Formation,Porto-Novo,+229 81 19 49 85,éducation.university.portonovo@éducation.university.portonovo.org,éducationuniversityportonovo.bj,TPE (<10),B2C,Google Maps,5.0,Actif,2026-06-29T00:15:34.177129,haute
BJ-85A63DFF,Développement Bénin,Éducation & Formation,Parakou,+229 90 64 38 28,,développementbénin.bj,TPE (<10),B2C,Google Maps,3.0,Actif,2026-06-29T00:15:34.177148,moyenne
BJ-45DAFD6D,Académie Public,Éducation & Formation,Parakou,+229 71 29 10 38,académie.public@académie.public.net,académiepublic.bj,TPE (<10),B2B,Google Maps,3.3,Actif,2026-06-29T00:15:34.177177,haute
BJ-79E58DA0,Protestant,Éducation & Formation,Parakou,+229 66 86 20 34,,,Grande (>200),B2C,Google Maps,4.7,Actif,2026-06-29T00:15:34.177189,basse
BJ-4ED4928C,Savoir School,Éducation & Formation,Parakou,+229 63 83 45 12,savoir.school@savoir.school.benin,savoirschool.bj,TPE (<10),B2B,Google Maps,4.3,Actif,2026-06-29T00:15:34.177203,haute
BJ-CFE60271,Formation Academy,Éducation & Formation,Bohicon,+229 67 83 42 24,formation.academy@formation.academy.com,formationacademy.bj,PME (10-50),B2B,Google Maps,3.5,Actif,2026-06-29T00:15:34.177226,haute
BJ-2DB3E54E,National Academy,Éducation & Formation,Bohicon,+229 93 95 43 91,national.academy@national.academy.bj,,TPE (<10),B2C,Google Maps,3.7,Actif,2026-06-29T00:15:34.177242,moyenne
BJ-FC205C8F,Université Privé,Éducation & Formation,Bohicon,+229 74 13 23 81,université.privé@université.privé.com,universitéprivé.bj,PME (10-50),B2B,Google Maps,3.8,Actif,2026-06-29T00:15:34.177258,haute
BJ-F024CB80,Institut Protestant,Éducation & Formation,Bohicon,+229 91 67 71 48,institut.protestant@institut.protestant.benin,,PME (10-50),B2C,Google Maps,3.3,Actif,2026-06-29T00:15:34.177274,moyenne
BJ-4F918C3A,Connaissance School,Éducation & Formation,Natitingou,+229 63 45 43 59,connaissance.school@connaissance.school.bj,connaissanceschool.bj,PME (10-50),B2C,Google Maps,3.5,Actif,2026-06-29T00:15:34.177306,haute
BJ-28165BE4,École National Bénin,Éducation & Formation,Natitingou,+229 65 58 37 75,école.national.bénin@école.national.bénin.com,écolenationalbénin.bj,TPE (<10),B2C,Google Maps,4.0,Actif,2026-06-29T00:15:34.177321,haute
BJ-70FB5571,Lycée Liberté,Éducation & Formation,Natitingou,+229 59 81 45 11,lycée.liberté@lycée.liberté.bj,lycéeliberté.bj,PME (50-200),B2B,Google Maps,5.0,Actif,2026-06-29T00:15:34.177339,haute
BJ-DB1FDA9E,Centre Éducation Institute,Éducation & Formation,Natitingou,+229 92 58 91 91,,centreéducationinstitute.bj,TPE (<10),B2C,Google Maps,4.8,Actif,2026-06-29T00:15:34.177357,moyenne
BJ-D8C1F449,National Institute,Éducation & Formation,Natitingou,+229 71 76 67 69,national.institute@national.institute.net,nationalinstitute.bj,PME (10-50),B2C,Google Maps,3.2,Actif,2026-06-29T00:15:34.177371,haute
BJ-157EF5CD,Université Savoir,Éducation & Formation,Lokossa,+229 74 88 83 14,université.savoir@université.savoir.com,universitésavoir.bj,TPE (<10),B2B,Google Maps,4.7,Actif,2026-06-29T00:15:34.177392,haute
BJ-81EB0F7E,Liberté Lokossa,Éducation & Formation,Lokossa,+229 87 53 57 20,liberté.lokossa@liberté.lokossa.com,,PME (10-50),B2B,Google Maps,3.7,Actif,2026-06-29T00:15:34.177423,moyenne
BJ-1304AC16,Développement École Lokossa,Éducation & Formation,Lokossa,+229 25 49 30 12,,,PME (10-50),B2C,Google Maps,3.3,Actif,2026-06-29T00:15:34.177439,basse
BJ-D28D8AC4,École Formation Lokossa,Éducation & Formation,Lokossa,+229 68 19 68 31,école.formation.lokossa@école.formation.lokossa.org,écoleformationlokossa.bj,Grande (>200),B2C,Google Maps,4.3,Actif,2026-06-29T00:15:34.177454,haute
BJ-ADE40626,Université Protestant,Éducation & Formation,Ouidah,+229 86 15 98 73,université.protestant@université.protestant.benin,universitéprotestant.bj,PME (50-200),B2B,Google Maps,4.3,Actif,2026-06-29T00:15:34.177474,haute
BJ-D79404D9,Collège Connaissance,Éducation & Formation,Ouidah,+229 56 90 99 45,,collègeconnaissance.bj,TPE (<10),B2B,Google Maps,3.6,Actif,2026-06-29T00:15:34.177488,moyenne
BJ-BBD662B2,Savoir College,Éducation & Formation,Ouidah,+229 60 28 54 94,savoir.college@savoir.college.net,savoircollege.bj,PME (10-50),B2B,Google Maps,3.9,Actif,2026-06-29T00:15:34.177502,haute
BJ-2AC0A9A8,Lycée Privé Lycée,Éducation & Formation,Ouidah,+229 49 47 94 69,,,PME (50-200),B2C,Google Maps,4.4,Actif,2026-06-29T00:15:34.177514,basse
BJ-57FF653F,Collège Connaissance School Ouidah,Éducation & Formation,Ouidah,+229 75 44 46 39,,,TPE (<10),B2B,Google Maps,3.6,Actif,2026-06-29T00:15:34.177529,basse
BJ-BEEA8F48,Collège Éducation School,Éducation & Formation,Savalou,+229 60 11 88 69,collège.éducation.school@collège.éducation.school.org,collègeéducationschool.bj,PME (50-200),B2B,Google Maps,3.9,Actif,2026-06-29T00:15:34.177550,haute
BJ-0AA96F31,National Institute,Éducation & Formation,Savalou,+229 28 86 19 55,,nationalinstitute.bj,TPE (<10),B2B,Google Maps,3.2,Actif,2026-06-29T00:15:34.177566,moyenne
BJ-3049E0BF,National Academy,Éducation & Formation,Savalou,+229 67 54 44 93,national.academy@national.academy.net,,PME (50-200),B2B,Google Maps,4.9,Actif,2026-06-29T00:15:34.177580,moyenne
BJ-4DF4D227,Liberté College Savalou,Éducation & Formation,Savalou,+229 69 98 22 55,,libertécollegesavalou.bj,TPE (<10),B2C,Google Maps,4.6,Actif,2026-06-29T00:15:34.177594,moyenne
BJ-5EA083D4,Collège Excellence École,Éducation & Formation,Savalou,+229 74 48 65 46,collège.excellence.école@collège.excellence.école.com,collègeexcellenceécole.bj,PME (10-50),B2C,Google Maps,3.9,Actif,2026-06-29T00:15:34.177608,haute
BJ-8942FDB8,Savoir University,Éducation & Formation,Dassa-Zoumè,+229 28 96 45 68,,savoiruniversity.bj,Grande (>200),B2C,Google Maps,3.6,Actif,2026-06-29T00:15:34.177627,moyenne
BJ-208DA556,Savoir,Éducation & Formation,Dassa-Zoumè,+229 42 67 34 73,savoir@savoir.bj,savoir.bj,TPE (<10),B2C,Google Maps,4.9,Actif,2026-06-29T00:15:34.177641,haute
BJ-2AFFD53F,Liberté School,Éducation & Formation,Dassa-Zoumè,+229 21 63 73 35,liberté.school@liberté.school.bj,libertéschool.bj,TPE (<10),B2B,Google Maps,4.4,Actif,2026-06-29T00:15:34.177656,haute
BJ-1DBB6470,Université Public School,Éducation & Formation,Dassa-Zoumè,+229 86 92 52 73,université.public.school@université.public.school.com,universitépublicschool.bj,PME (50-200),B2C,Google Maps,4.7,Actif,2026-06-29T00:15:34.177670,haute
BJ-823D3159,Catholique Bénin,Éducation & Formation,Kétou,+229 60 17 94 26,,,PME (50-200),B2C,Google Maps,4.4,Actif,2026-06-29T00:15:34.177702,basse
BJ-739AFF70,Public,Éducation & Formation,Kétou,+229 67 51 51 35,,public.bj,TPE (<10),B2B,Google Maps,3.3,Actif,2026-06-29T00:15:34.177719,moyenne
BJ-C8E80178,Collège Public Bénin,Éducation & Formation,Kétou,+229 32 19 41 78,collège.public.bénin@collège.public.bénin.com,,PME (50-200),B2C,Google Maps,4.6,Actif,2026-06-29T00:15:34.177733,moyenne
BJ-1A91A903,Centre Savoir Institute,Éducation & Formation,Kétou,+229 63 77 91 13,centre.savoir.institute@centre.savoir.institute.com,,Grande (>200),B2C,Google Maps,3.7,Actif,2026-06-29T00:15:34.177747,moyenne
BJ-26C6A524,École Catholique Kétou,Éducation & Formation,Kétou,+229 75 63 86 47,,écolecatholiquekétou.bj,PME (10-50),B2C,Google Maps,4.0,Actif,2026-06-29T00:15:34.177763,moyenne
BJ-5309F469,Collège Privé,Éducation & Formation,Covè,+229 65 24 74 43,collège.privé@collège.privé.bj,collègeprivé.bj,TPE (<10),B2C,Google Maps,4.5,Actif,2026-06-29T00:15:34.177797,haute
BJ-A0D594EA,Centre International University,Éducation & Formation,Covè,+229 82 77 94 44,,centreinternationaluniversity.bj,PME (10-50),B2C,Google Maps,4.1,Actif,2026-06-29T00:15:34.177814,moyenne
BJ-5DC2F124,Apprentissage College,Éducation & Formation,Covè,+229 80 25 18 46,apprentissage.college@apprentissage.college.com,,TPE (<10),B2B,Google Maps,3.4,Actif,2026-06-29T00:15:34.177828,moyenne
BJ-D028142F,Protestant Covè,Éducation & Formation,Covè,+229 61 44 43 51,protestant.covè@protestant.covè.org,,TPE (<10),B2B,Google Maps,4.0,Actif,2026-06-29T00:15:34.177841,moyenne
BJ-9ADD08F1,Formation École,Éducation & Formation,Pobè,+229 35 80 95 79,formation.école@formation.école.bj,formationécole.bj,PME (50-200),B2B,Google Maps,3.9,Actif,2026-06-29T00:15:34.177862,haute
BJ-4424072E,École Éducation École Pobè,Éducation & Formation,Pobè,+229 40 38 20 54,école.éducation.école.pobè@école.éducation.école.pobè.com,écoleéducationécolepobè.bj,TPE (<10),B2C,Google Maps,4.6,Actif,2026-06-29T00:15:34.177881,haute
BJ-A2EC6E55,Éducation College,Éducation & Formation,Pobè,+229 81 24 21 61,éducation.college@éducation.college.net,éducationcollege.bj,TPE (<10),B2C,Google Maps,4.4,Actif,2026-06-29T00:15:34.177907,haute
BJ-EC9D58EE,École Catholique,Éducation & Formation,Pobè,+229 33 68 43 60,école.catholique@école.catholique.benin,écolecatholique.bj,PME (10-50),B2B,Google Maps,3.3,Actif,2026-06-29T00:15:34.177922,haute
BJ-FA22D7F6,Savoir,Éducation & Formation,Pobè,+229 63 37 41 71,savoir@savoir.bj,,TPE (<10),B2C,Google Maps,3.8,Actif,2026-06-29T00:15:34.177935,moyenne
BJ-1E3B848C,Connaissance University Sakété,Éducation & Formation,Sakété,+229 61 51 33 65,,connaissanceuniversitysakété.bj,TPE (<10),B2C,Google Maps,3.5,Actif,2026-06-29T00:15:34.177955,moyenne
BJ-BBA9FCEA,Savoir College,Éducation & Formation,Sakété,+229 63 60 79 78,savoir.college@savoir.college.bj,savoircollege.bj,TPE (<10),B2C,Google Maps,3.4,Actif,2026-06-29T00:15:34.177970,haute
BJ-954C702F,Lycée Protestant,Éducation & Formation,Sakété,+229 85 34 93 21,,,PME (10-50),B2B,Google Maps,3.3,Actif,2026-06-29T00:15:34.177982,basse
BJ-5092256A,Université Public,Éducation & Formation,Sakété,+229 88 11 82 61,université.public@université.public.bj,universitépublic.bj,PME (10-50),B2C,Google Maps,3.8,Actif,2026-06-29T00:15:34.177996,haute
BJ-4921192B,École Catholique School,Éducation & Formation,Sakété,+229 44 21 97 62,école.catholique.school@école.catholique.school.benin,écolecatholiqueschool.bj,TPE (<10),B2B,Google Maps,3.2,Actif,2026-06-29T00:15:34.178010,haute
BJ-24D5B2E7,National Institute,Éducation & Formation,Adjara,+229 60 15 81 58,,nationalinstitute.bj,PME (10-50),B2C,Google Maps,3.1,Actif,2026-06-29T00:15:34.178029,moyenne
BJ-8BE62D73,Université Protestant,Éducation & Formation,Adjara,+229 24 55 65 47,,,PME (10-50),B2B,Google Maps,4.2,Actif,2026-06-29T00:15:34.178045,basse
BJ-E249BB5B,Centre Privé,Éducation & Formation,Adjara,+229 80 41 18 37,centre.privé@centre.privé.org,,TPE (<10),B2B,Google Maps,4.5,Actif,2026-06-29T00:15:34.178059,moyenne
BJ-B4745C1C,Centre Catholique Institute,Éducation & Formation,Adjara,+229 74 66 21 93,centre.catholique.institute@centre.catholique.institute.benin,,TPE (<10),B2B,Google Maps,4.0,Actif,2026-06-29T00:15:34.178073,moyenne
BJ-FEFD4572,Éducation Adjara,Éducation & Formation,Adjara,+229 56 90 69 73,,éducationadjara.bj,TPE (<10),B2C,Google Maps,3.3,Actif,2026-06-29T00:15:34.178086,moyenne
BJ-5AF8CE7A,École Privé,Éducation & Formation,Allada,+229 50 63 99 19,école.privé@école.privé.net,écoleprivé.bj,Grande (>200),B2B,Google Maps,4.0,Actif,2026-06-29T00:15:34.178110,haute
BJ-42E6ED30,École Développement Academy Allada,Éducation & Formation,Allada,+229 70 33 15 52,,,TPE (<10),B2C,Google Maps,3.5,Actif,2026-06-29T00:15:34.178126,basse
BJ-50FBFBBA,Université Développement College,Éducation & Formation,Allada,+229 31 42 15 82,université.développement.college@université.développement.college.benin,universitédéveloppementcollege.bj,TPE (<10),B2B,Google Maps,4.8,Actif,2026-06-29T00:15:34.178141,haute
BJ-4F4AA52B,Liberté Academy,Éducation & Formation,Allada,+229 63 21 20 79,liberté.academy@liberté.academy.org,,TPE (<10),B2C,Google Maps,3.5,Actif,2026-06-29T00:15:34.178154,moyenne
BJ-1969EEEB,Éducation École,Éducation & Formation,Allada,+229 56 41 28 52,éducation.école@éducation.école.benin,,TPE (<10),B2C,Google Maps,5.0,Actif,2026-06-29T00:15:34.178167,moyenne
BJ-DD206A8E,Institut Liberté,Éducation & Formation,Aplahoué,+229 84 53 24 21,,,TPE (<10),B2B,Google Maps,3.1,Actif,2026-06-29T00:15:34.178185,basse
BJ-55FBC0B9,École International College,Éducation & Formation,Aplahoué,+229 32 80 40 59,école.international.college@école.international.college.benin,écoleinternationalcollege.bj,PME (50-200),B2C,Google Maps,3.6,Actif,2026-06-29T00:15:34.178203,haute
BJ-8C7DC1D7,Formation,Éducation & Formation,Aplahoué,+229 63 10 15 14,,,TPE (<10),B2B,Google Maps,3.4,Actif,2026-06-29T00:15:34.178215,basse
BJ-1DF08A5F,Éducation Aplahoué,Éducation & Formation,Aplahoué,+229 25 74 35 10,,éducationaplahoué.bj,PME (50-200),B2C,Google Maps,4.4,Actif,2026-06-29T00:15:34.178229,moyenne
BJ-708FA9D0,Développement College,Éducation & Formation,Aplahoué,+229 22 41 72 51,développement.college@développement.college.com,développementcollege.bj,PME (50-200),B2B,Google Maps,3.6,Actif,2026-06-29T00:15:34.178243,haute
BJ-CD7CBE99,Excellence Lycée,Éducation & Formation,Dogbo-Tota,+229 97 19 66 64,,,PME (10-50),B2C,Google Maps,4.0,Actif,2026-06-29T00:15:34.178275,basse
BJ-076B6A2F,Centre Excellence Dogbo-Tota,Éducation & Formation,Dogbo-Tota,+229 65 99 73 13,centre.excellence.dogbotota@centre.excellence.dogbotota.benin,,PME (10-50),B2B,Google Maps,4.3,Actif,2026-06-29T00:15:34.178301,moyenne
BJ-2DEF4A22,Excellence,Éducation & Formation,Dogbo-Tota,+229 21 15 12 78,,excellence.bj,PME (50-200),B2B,Google Maps,4.5,Actif,2026-06-29T00:15:34.178314,moyenne
BJ-32B703DC,Institut Protestant School,Éducation & Formation,Kpomassè,+229 95 19 57 47,institut.protestant.school@institut.protestant.school.com,institutprotestantschool.bj,TPE (<10),B2B,Google Maps,4.8,Actif,2026-06-29T00:15:34.178334,haute
BJ-4DF4D0F0,Centre International Academy Kpomassè,Éducation & Formation,Kpomassè,+229 24 80 92 41,centre.international.academy.kpomassè@centre.international.academy.kpomassè.benin,centreinternationalacademykpomassè.bj,Grande (>200),B2B,Google Maps,4.9,Actif,2026-06-29T00:15:34.178366,haute
BJ-E09366ED,École Formation School,Éducation & Formation,Kpomassè,+229 65 43 91 74,école.formation.school@école.formation.school.bj,écoleformationschool.bj,Grande (>200),B2C,Google Maps,5.0,Actif,2026-06-29T00:15:34.178388,haute
BJ-80DA77E3,Université Savoir,Éducation & Formation,Kpomassè,+229 85 23 19 20,,universitésavoir.bj,PME (10-50),B2C,Google Maps,4.7,Actif,2026-06-29T00:15:34.178401,moyenne
BJ-698A8B16,Institut Connaissance University,Éducation & Formation,Tori-Bossito,+229 53 78 71 68,,,PME (10-50),B2C,Google Maps,3.5,Actif,2026-06-29T00:15:34.178419,basse
BJ-EE193FB4,International Academy,Éducation & Formation,Tori-Bossito,+229 92 15 89 22,international.academy@international.academy.com,internationalacademy.bj,Grande (>200),B2C,Google Maps,4.5,Actif,2026-06-29T00:15:34.178432,haute
BJ-FAF639B2,Formation School Tori-Bossito,Éducation & Formation,Tori-Bossito,+229 92 40 53 48,formation.school.toribossito@formation.school.toribossito.org,,PME (50-200),B2C,Google Maps,5.0,Actif,2026-06-29T00:15:34.178446,moyenne
BJ-0B645C32,Connaissance Bénin Tori-Bossito,Éducation & Formation,Tori-Bossito,+229 59 86 55 36,connaissance.bénin.toribossito@connaissance.bénin.toribossito.org,,TPE (<10),B2B,Google Maps,4.9,Actif,2026-06-29T00:15:34.178460,moyenne
BJ-CE2CA445,Collège International,Éducation & Formation,Tori-Bossito,+229 21 86 92 28,collège.international@collège.international.com,collègeinternational.bj,PME (10-50),B2C,Google Maps,3.5,Actif,2026-06-29T00:15:34.178474,haute
BJ-CCC1CA14,Excellence School,Éducation & Formation,Grand-Popo,+229 57 63 85 68,excellence.school@excellence.school.org,excellenceschool.bj,TPE (<10),B2B,Google Maps,4.7,Actif,2026-06-29T00:15:34.178493,haute
BJ-550C2037,Centre Privé Grand-Popo,Éducation & Formation,Grand-Popo,+229 76 42 43 61,centre.privé.grandpopo@centre.privé.grandpopo.benin,centreprivégrandpopo.bj,TPE (<10),B2B,Google Maps,3.2,Actif,2026-06-29T00:15:34.178515,haute
BJ-979BFAFB,Centre Privé Academy,Éducation & Formation,Grand-Popo,+229 99 57 76 76,centre.privé.academy@centre.privé.academy.bj,centreprivéacademy.bj,TPE (<10),B2B,Google Maps,4.6,Actif,2026-06-29T00:15:34.178529,haute
BJ-6F97FBB3,Protestant Institute,Éducation & Formation,Grand-Popo,+229 81 97 55 42,protestant.institute@protestant.institute.org,,PME (50-200),B2B,Google Maps,3.3,Actif,2026-06-29T00:15:34.178541,moyenne
BJ-16FA981B,Excellence College,Éducation & Formation,Grand-Popo,+229 23 58 88 14,excellence.college@excellence.college.benin,,PME (50-200),B2B,Google Maps,4.3,Actif,2026-06-29T00:15:34.178554,moyenne
BJ-173C4A4F,Université Développement Lycée,Éducation & Formation,Athiémé,+229 99 24 73 70,université.développement.lycée@université.développement.lycée.com,universitédéveloppementlycée.bj,TPE (<10),B2B,Google Maps,4.2,Actif,2026-06-29T00:15:34.178577,haute
BJ-AE8C6DF5,International Lycée Athiémé,Éducation & Formation,Athiémé,+229 56 43 29 80,,internationallycéeathiémé.bj,PME (10-50),B2B,Google Maps,4.9,Actif,2026-06-29T00:15:34.178592,moyenne
BJ-491FA265,Liberté Institute Athiémé,Éducation & Formation,Athiémé,+229 43 90 54 23,,libertéinstituteathiémé.bj,PME (10-50),B2B,Google Maps,4.9,Actif,2026-06-29T00:15:34.178609,moyenne
BJ-4782DFE8,Institut Apprentissage Lycée,Éducation & Formation,Athiémé,+229 41 38 88 51,institut.apprentissage.lycée@institut.apprentissage.lycée.bj,institutapprentissagelycée.bj,PME (50-200),B2B,Google Maps,3.6,Actif,2026-06-29T00:15:34.178624,haute
BJ-17915BE7,Académie Excellence Athiémé,Éducation & Formation,Athiémé,+229 79 14 32 40,,,PME (10-50),B2C,Google Maps,4.2,Actif,2026-06-29T00:15:34.178636,basse
BJ-5B07C5D1,Institut Développement Lycée,Éducation & Formation,Bopa,+229 35 42 78 51,,institutdéveloppementlycée.bj,Grande (>200),B2B,Google Maps,4.5,Actif,2026-06-29T00:15:34.178655,moyenne
BJ-6B4D8122,Public,Éducation & Formation,Bopa,+229 43 94 48 57,public@public.org,public.bj,TPE (<10),B2B,Google Maps,3.9,Actif,2026-06-29T00:15:34.178690,haute
BJ-607A5438,Public College,Éducation & Formation,Bopa,+229 78 24 92 87,,publiccollege.bj,TPE (<10),B2C,Google Maps,3.6,Actif,2026-06-29T00:15:34.178703,moyenne
BJ-DC2BAF23,Institut Développement,Éducation & Formation,Bopa,+229 42 25 55 15,institut.développement@institut.développement.org,institutdéveloppement.bj,TPE (<10),B2C,Google Maps,3.8,Actif,2026-06-29T00:15:34.178717,haute
BJ-48E1A901,Protestant University,Éducation & Formation,Houéyogbé,+229 35 35 56 33,protestant.university@protestant.university.benin,protestantuniversity.bj,TPE (<10),B2B,Google Maps,3.9,Actif,2026-06-29T00:15:34.178739,haute
BJ-A6EFD831,Privé University,Éducation & Formation,Houéyogbé,+229 34 88 51 50,privé.university@privé.university.net,privéuniversity.bj,TPE (<10),B2B,Google Maps,4.3,Actif,2026-06-29T00:15:34.178754,haute
BJ-645E8983,Lycée Éducation University,Éducation & Formation,Houéyogbé,+229 40 93 61 18,lycée.éducation.university@lycée.éducation.university.bj,lycéeéducationuniversity.bj,PME (50-200),B2C,Google Maps,3.9,Actif,2026-06-29T00:15:34.178769,haute
BJ-71224182,Académie International Houéyogbé,Éducation & Formation,Houéyogbé,+229 66 29 40 96,académie.international.houéyogbé@académie.international.houéyogbé.benin,,TPE (<10),B2B,Google Maps,4.5,Actif,2026-06-29T00:15:34.178782,moyenne
BJ-50C83B30,École International Bénin,Éducation & Formation,Houéyogbé,+229 90 42 86 74,école.international.bénin@école.international.bénin.benin,écoleinternationalbénin.bj,Grande (>200),B2B,Google Maps,4.4,Actif,2026-06-29T00:15:34.178797,haute
BJ-DC248EF6,Protestant,Éducation & Formation,Malanville,+229 61 41 13 45,protestant@protestant.com,protestant.bj,PME (10-50),B2B,Google Maps,4.3,Actif,2026-06-29T00:15:34.178817,haute
BJ-6AF04C58,Excellence School,Éducation & Formation,Malanville,+229 61 53 51 39,,excellenceschool.bj,PME (10-50),B2C,Google Maps,3.7,Actif,2026-06-29T00:15:34.178833,moyenne
BJ-AA0CBAF1,Collège Formation Lycée,Éducation & Formation,Malanville,+229 41 57 47 57,,collègeformationlycée.bj,PME (50-200),B2B,Google Maps,4.9,Actif,2026-06-29T00:15:34.178847,moyenne
BJ-6C0B9C08,Lycée Public,Éducation & Formation,Malanville,+229 49 20 59 11,lycée.public@lycée.public.com,,Grande (>200),B2C,Google Maps,3.1,Actif,2026-06-29T00:15:34.178864,moyenne
BJ-831E7B8F,Éducation Malanville,Éducation & Formation,Malanville,+229 22 37 78 86,éducation.malanville@éducation.malanville.net,,PME (10-50),B2B,Google Maps,4.3,Actif,2026-06-29T00:15:34.178903,moyenne
BJ-81793BDC,Lycée Connaissance College,Éducation & Formation,Kandi,+229 46 68 26 44,,lycéeconnaissancecollege.bj,PME (10-50),B2B,Google Maps,4.2,Actif,2026-06-29T00:15:34.178939,moyenne
BJ-33008EB9,Public École,Éducation & Formation,Kandi,+229 73 17 78 44,public.école@public.école.benin,publicécole.bj,TPE (<10),B2B,Google Maps,4.8,Actif,2026-06-29T00:15:34.178955,haute
BJ-E51668ED,Excellence Lycée,Éducation & Formation,Kandi,+229 95 74 87 41,excellence.lycée@excellence.lycée.org,,TPE (<10),B2C,Google Maps,3.9,Actif,2026-06-29T00:15:34.178983,moyenne
BJ-2A5141C2,École Apprentissage,Éducation & Formation,Kandi,+229 29 53 91 49,,écoleapprentissage.bj,TPE (<10),B2B,Google Maps,3.6,Actif,2026-06-29T00:15:34.179001,moyenne
BJ-B64B18CE,Centre Connaissance School,Éducation & Formation,Banikoara,+229 42 42 76 66,,,TPE (<10),B2B,Google Maps,4.1,Actif,2026-06-29T00:15:34.179039,basse
BJ-349E80BB,Connaissance School,Éducation & Formation,Banikoara,+229 83 94 23 82,connaissance.school@connaissance.school.org,connaissanceschool.bj,TPE (<10),B2B,Google Maps,3.4,Actif,2026-06-29T00:15:34.179054,haute
BJ-53673A97,École Privé College Banikoara,Éducation & Formation,Banikoara,+229 65 45 23 60,,écoleprivécollegebanikoara.bj,TPE (<10),B2C,Google Maps,3.3,Actif,2026-06-29T00:15:34.179068,moyenne
BJ-DB0A8A8A,Protestant College,Éducation & Formation,Banikoara,+229 66 37 25 24,protestant.college@protestant.college.com,protestantcollege.bj,Grande (>200),B2C,Google Maps,3.0,Actif,2026-06-29T00:15:34.179082,haute
BJ-5F711789,Excellence Ségbana,Éducation & Formation,Ségbana,+229 41 69 51 93,excellence.ségbana@excellence.ségbana.org,,PME (10-50),B2B,Google Maps,3.8,Actif,2026-06-29T00:15:34.179107,moyenne
BJ-5E354F71,Catholique Academy Ségbana,Éducation & Formation,Ségbana,+229 64 26 18 47,catholique.academy.ségbana@catholique.academy.ségbana.benin,catholiqueacademységbana.bj,PME (10-50),B2C,Google Maps,4.4,Actif,2026-06-29T00:15:34.179125,haute
BJ-9AECE28D,Savoir École Ségbana,Éducation & Formation,Ségbana,+229 83 80 63 60,,savoirécoleségbana.bj,TPE (<10),B2B,Google Maps,4.4,Actif,2026-06-29T00:15:34.179139,moyenne
BJ-6A53D11A,Liberté Institute Ségbana,Éducation & Formation,Ségbana,+229 29 10 62 17,,,TPE (<10),B2C,Google Maps,4.6,Actif,2026-06-29T00:15:34.179152,basse
BJ-283E9BA1,Université Liberté College,Éducation & Formation,Ségbana,+229 80 52 11 39,,universitélibertécollege.bj,TPE (<10),B2B,Google Maps,4.5,Actif,2026-06-29T00:15:34.179165,moyenne
BJ-F332795A,Centre International,Éducation & Formation,Karimama,+229 96 20 28 23,,centreinternational.bj,PME (10-50),B2C,Google Maps,4.4,Actif,2026-06-29T00:15:34.179184,moyenne
BJ-AFB12891,National Institute,Éducation & Formation,Karimama,+229 67 38 41 35,,nationalinstitute.bj,TPE (<10),B2B,Google Maps,4.4,Actif,2026-06-29T00:15:34.179200,moyenne
BJ-9CCC6978,Académie Excellence,Éducation & Formation,Karimama,+229 98 83 50 68,académie.excellence@académie.excellence.bj,académieexcellence.bj,PME (50-200),B2B,Google Maps,3.4,Actif,2026-06-29T00:15:34.179227,haute
BJ-21690C27,Développement University,Éducation & Formation,Karimama,+229 41 70 38 40,,développementuniversity.bj,PME (50-200),B2C,Google Maps,3.8,Actif,2026-06-29T00:15:34.179241,moyenne
BJ-2D1C4850,Public College,Éducation & Formation,Gogounou,+229 58 35 19 52,public.college@public.college.org,publiccollege.bj,PME (50-200),B2B,Google Maps,3.3,Actif,2026-06-29T00:15:34.179264,haute
BJ-E2C9B947,Catholique,Éducation & Formation,Gogounou,+229 97 61 15 20,,catholique.bj,TPE (<10),B2C,Google Maps,3.9,Actif,2026-06-29T00:15:34.179277,moyenne
BJ-DB7D529A,Excellence,Éducation & Formation,Gogounou,+229 36 25 10 79,excellence@excellence.bj,,PME (50-200),B2C,Google Maps,3.4,Actif,2026-06-29T00:15:34.179318,moyenne
BJ-A44D3A95,Catholique,Éducation & Formation,Cobly,+229 92 43 23 48,,catholique.bj,TPE (<10),B2B,Google Maps,4.7,Actif,2026-06-29T00:15:34.179336,moyenne
BJ-E6642F79,Développement Cobly,Éducation & Formation,Cobly,+229 44 15 53 71,développement.cobly@développement.cobly.bj,développementcobly.bj,PME (10-50),B2B,Google Maps,3.3,Actif,2026-06-29T00:15:34.179380,haute
BJ-87E3521A,Lycée Liberté,Éducation & Formation,Cobly,+229 74 88 89 88,lycée.liberté@lycée.liberté.benin,lycéeliberté.bj,Grande (>200),B2C,Google Maps,4.7,Actif,2026-06-29T00:15:34.179395,haute
BJ-37888701,Catholique University,Éducation & Formation,Tanguiéta,+229 46 72 92 39,catholique.university@catholique.university.com,catholiqueuniversity.bj,PME (10-50),B2B,Google Maps,3.5,Actif,2026-06-29T00:15:34.179415,haute
BJ-B0ECCB02,Privé School Tanguiéta,Éducation & Formation,Tanguiéta,+229 81 83 43 26,privé.school.tanguiéta@privé.school.tanguiéta.org,privéschooltanguiéta.bj,PME (10-50),B2B,Google Maps,3.3,Actif,2026-06-29T00:15:34.179448,haute
BJ-BDE41D42,Excellence Bénin Tanguiéta,Éducation & Formation,Tanguiéta,+229 35 49 89 98,,excellencebénintanguiéta.bj,PME (10-50),B2B,Google Maps,4.9,Actif,2026-06-29T00:15:34.179461,moyenne
BJ-9AB208DF,Collège Apprentissage,Éducation & Formation,Tanguiéta,+229 24 87 82 32,collège.apprentissage@collège.apprentissage.org,collègeapprentissage.bj,PME (10-50),B2C,Google Maps,3.9,Actif,2026-06-29T00:15:34.179476,haute
BJ-0CA0A4CB,National École,Éducation & Formation,Matéri,+229 23 54 66 38,,nationalécole.bj,TPE (<10),B2B,Google Maps,3.7,Actif,2026-06-29T00:15:34.179494,moyenne
BJ-4A0EA2AC,Excellence Institute,Éducation & Formation,Matéri,+229 80 34 39 66,excellence.institute@excellence.institute.com,excellenceinstitute.bj,PME (10-50),B2C,Google Maps,3.3,Actif,2026-06-29T00:15:34.179512,haute
BJ-D0F92742,International University,Éducation & Formation,Matéri,+229 48 46 46 23,,internationaluniversity.bj,TPE (<10),B2B,Google Maps,4.6,Actif,2026-06-29T00:15:34.179529,moyenne
BJ-B4A8FF37,Centre Liberté,Éducation & Formation,Matéri,+229 52 64 95 10,centre.liberté@centre.liberté.bj,centreliberté.bj,PME (10-50),B2C,Google Maps,3.8,Actif,2026-06-29T00:15:34.179543,haute
BJ-2FC194C2,Catholique,Éducation & Formation,Matéri,+229 92 23 14 57,catholique@catholique.org,catholique.bj,PME (50-200),B2B,Google Maps,3.6,Actif,2026-06-29T00:15:34.179557,haute
BJ-C8440289,Liberté Natitingou,Éducation & Formation,Natitingou,+229 36 58 21 88,liberté.natitingou@liberté.natitingou.com,,Grande (>200),B2C,Google Maps,4.3,Actif,2026-06-29T00:15:34.179577,moyenne
BJ-090942F8,Connaissance,Éducation & Formation,Natitingou,+229 45 39 10 66,connaissance@connaissance.org,connaissance.bj,PME (10-50),B2C,Google Maps,4.0,Actif,2026-06-29T00:15:34.179605,haute
BJ-F0E62687,Lycée Développement,Éducation & Formation,Natitingou,+229 66 50 73 52,lycée.développement@lycée.développement.org,,PME (10-50),B2C,Google Maps,3.6,Actif,2026-06-29T00:15:34.179618,moyenne
BJ-49861E57,Université Connaissance Institute,Éducation & Formation,Natitingou,+229 41 99 64 73,,universitéconnaissanceinstitute.bj,TPE (<10),B2C,Google Maps,3.3,Actif,2026-06-29T00:15:34.179635,moyenne
BJ-E35F3F5D,Collège Liberté,Éducation & Formation,Toucountouna,+229 32 60 16 32,collège.liberté@collège.liberté.org,collègeliberté.bj,PME (10-50),B2B,Google Maps,4.0,Actif,2026-06-29T00:15:34.179656,haute
BJ-B2E6413A,Université Excellence,Éducation & Formation,Toucountouna,+229 48 49 63 59,université.excellence@université.excellence.com,universitéexcellence.bj,TPE (<10),B2C,Google Maps,3.1,Actif,2026-06-29T00:15:34.179673,haute
BJ-A8C2EB3B,Excellence,Éducation & Formation,Toucountouna,+229 55 61 98 22,excellence@excellence.bj,excellence.bj,TPE (<10),B2B,Google Maps,4.4,Actif,2026-06-29T00:15:34.179687,haute
BJ-2C3CEB7A,Centre Savoir University Toucountouna,Éducation & Formation,Toucountouna,+229 84 15 43 68,centre.savoir.university.toucountouna@centre.savoir.university.toucountouna.net,centresavoiruniversitytoucountouna.bj,PME (10-50),B2C,Google Maps,4.7,Actif,2026-06-29T00:15:34.179705,haute
BJ-2A9F68A1,École Formation,Éducation & Formation,Toucountouna,+229 29 53 71 12,,écoleformation.bj,TPE (<10),B2C,Google Maps,4.2,Actif,2026-06-29T00:15:34.179729,moyenne
BJ-8917DF66,Protestant Boukoumbé,Éducation & Formation,Boukoumbé,+229 68 37 84 65,,,PME (10-50),B2C,Google Maps,4.2,Actif,2026-06-29T00:15:34.179770,basse
BJ-863046AF,Formation,Éducation & Formation,Boukoumbé,+229 95 36 20 47,,formation.bj,PME (10-50),B2B,Google Maps,5.0,Actif,2026-06-29T00:15:34.179800,moyenne
BJ-EFC649F0,Académie Excellence Institute Boukoumbé,Éducation & Formation,Boukoumbé,+229 38 56 97 12,académie.excellence.institute.boukoumbé@académie.excellence.institute.boukoumbé.bj,académieexcellenceinstituteboukoumbé.bj,PME (10-50),B2B,Google Maps,4.8,Actif,2026-06-29T00:15:34.179832,haute
BJ-DC89BCBC,Excellence Institute,Éducation & Formation,Boukoumbé,+229 38 60 31 40,,excellenceinstitute.bj,TPE (<10),B2C,Google Maps,4.2,Actif,2026-06-29T00:15:34.179876,moyenne
BJ-221B1A33,Connaissance,Éducation & Formation,Boukoumbé,+229 35 99 16 97,,connaissance.bj,TPE (<10),B2C,Google Maps,3.6,Actif,2026-06-29T00:15:34.179921,moyenne
BJ-8FD323B0,Excellence,Éducation & Formation,Kouandé,+229 92 65 48 11,,excellence.bj,PME (50-200),B2C,Google Maps,4.5,Actif,2026-06-29T00:15:34.179974,moyenne
BJ-BED9364A,Institut Éducation,Éducation & Formation,Kouandé,+229 94 61 36 56,institut.éducation@institut.éducation.com,,PME (10-50),B2B,Google Maps,4.0,Actif,2026-06-29T00:15:34.180000,moyenne
BJ-E37001A6,Centre Éducation,Éducation & Formation,Kouandé,+229 65 33 88 71,centre.éducation@centre.éducation.benin,centreéducation.bj,TPE (<10),B2B,Google Maps,3.6,Actif,2026-06-29T00:15:34.180017,haute
BJ-35A7301A,Académie International,Éducation & Formation,Kouandé,+229 64 44 82 56,,académieinternational.bj,PME (50-200),B2B,Google Maps,3.3,Actif,2026-06-29T00:15:34.180035,moyenne
BJ-2E656CFA,Centre Public Lycée,Éducation & Formation,Kouandé,+229 85 50 28 20,centre.public.lycée@centre.public.lycée.org,centrepubliclycée.bj,TPE (<10),B2C,Google Maps,4.6,Actif,2026-06-29T00:15:34.180051,haute
BJ-89C20269,Formation,Éducation & Formation,Péhunco,+229 21 36 70 89,,formation.bj,TPE (<10),B2B,Google Maps,4.3,Actif,2026-06-29T00:15:34.180071,moyenne
BJ-B865A1F0,École Catholique College,Éducation & Formation,Péhunco,+229 65 17 91 52,école.catholique.college@école.catholique.college.bj,écolecatholiquecollege.bj,TPE (<10),B2C,Google Maps,4.0,Actif,2026-06-29T00:15:34.180086,haute
BJ-E5B5478F,Lycée Catholique,Éducation & Formation,Péhunco,+229 59 60 56 79,lycée.catholique@lycée.catholique.benin,lycéecatholique.bj,PME (10-50),B2C,Google Maps,4.4,Actif,2026-06-29T00:15:34.180100,haute
BJ-782931E1,Collège Connaissance Lycée,Éducation & Formation,Péhunco,+229 99 28 11 29,,collègeconnaissancelycée.bj,TPE (<10),B2B,Google Maps,4.8,Actif,2026-06-29T00:15:34.180114,moyenne
BJ-519D8B80,Institut International Lycée,Éducation & Formation,Péhunco,+229 60 35 87 44,,institutinternationallycée.bj,TPE (<10),B2C,Google Maps,4.5,Actif,2026-06-29T00:15:34.180127,moyenne
BJ-E0258A70,Institut National Bénin,Éducation & Formation,Tchaourou,+229 30 15 52 42,institut.national.bénin@institut.national.bénin.net,,PME (10-50),B2B,Google Maps,3.9,Actif,2026-06-29T00:15:34.180147,moyenne
BJ-CAE78018,Protestant School,Éducation & Formation,Tchaourou,+229 56 32 66 22,,protestantschool.bj,PME (10-50),B2B,Google Maps,4.0,Actif,2026-06-29T00:15:34.180164,moyenne
BJ-F4534CB4,Collège Éducation College,Éducation & Formation,Tchaourou,+229 92 69 46 21,collège.éducation.college@collège.éducation.college.benin,,PME (10-50),B2B,Google Maps,4.3,Actif,2026-06-29T00:15:34.180178,moyenne
BJ-3FF32E9C,Centre Catholique,Éducation & Formation,Nikki,+229 47 88 23 90,centre.catholique@centre.catholique.bj,centrecatholique.bj,PME (50-200),B2C,Google Maps,4.1,Actif,2026-06-29T00:15:34.180225,haute
BJ-E5DD126B,Public,Éducation & Formation,Nikki,+229 33 51 90 13,public@public.net,public.bj,PME (10-50),B2C,Google Maps,4.1,Actif,2026-06-29T00:15:34.180239,haute
BJ-E37CB672,Apprentissage,Éducation & Formation,Nikki,+229 71 92 87 36,apprentissage@apprentissage.net,,PME (10-50),B2B,Google Maps,4.1,Actif,2026-06-29T00:15:34.180255,moyenne
BJ-2AEDD46C,Collège Privé,Éducation & Formation,Nikki,+229 64 47 98 83,collège.privé@collège.privé.com,,PME (10-50),B2C,Google Maps,3.8,Actif,2026-06-29T00:15:34.180270,moyenne
BJ-824C124A,Académie International Nikki,Éducation & Formation,Nikki,+229 56 30 55 12,académie.international.nikki@académie.international.nikki.org,,PME (50-200),B2C,Google Maps,4.7,Actif,2026-06-29T00:15:34.180284,moyenne
BJ-D5B3D9E7,Liberté École,Éducation & Formation,Bembéréké,+229 29 28 10 94,,libertéécole.bj,PME (50-200),B2B,Google Maps,3.2,Actif,2026-06-29T00:15:34.180323,moyenne
BJ-210E768C,Privé,Éducation & Formation,Bembéréké,+229 39 57 89 89,privé@privé.net,,TPE (<10),B2C,Google Maps,3.9,Actif,2026-06-29T00:15:34.180337,moyenne
BJ-73D5D81D,Formation Bénin,Éducation & Formation,Kalalé,+229 68 13 61 52,formation.bénin@formation.bénin.net,formationbénin.bj,PME (50-200),B2C,Google Maps,3.7,Actif,2026-06-29T00:15:34.180402,haute
BJ-A4625FDF,Lycée Public,Éducation & Formation,Kalalé,+229 58 96 81 77,,lycéepublic.bj,PME (50-200),B2B,Google Maps,5.0,Actif,2026-06-29T00:15:34.180415,moyenne
BJ-3A1486E9,Connaissance,Éducation & Formation,Kalalé,+229 97 16 60 45,connaissance@connaissance.net,,PME (10-50),B2B,Google Maps,3.4,Actif,2026-06-29T00:15:34.180428,moyenne
BJ-3DE3C0D7,International Lycée Kalalé,Éducation & Formation,Kalalé,+229 88 60 31 49,international.lycée.kalalé@international.lycée.kalalé.net,internationallycéekalalé.bj,TPE (<10),B2B,Google Maps,4.9,Actif,2026-06-29T00:15:34.180443,haute
BJ-456E3311,Public Ndali,Éducation & Formation,Ndali,+229 59 56 82 73,public.ndali@public.ndali.org,,TPE (<10),B2C,Google Maps,4.7,Actif,2026-06-29T00:15:34.180463,moyenne
BJ-AD0F1F15,Lycée Savoir,Éducation & Formation,Ndali,+229 71 33 84 46,lycée.savoir@lycée.savoir.benin,lycéesavoir.bj,Grande (>200),B2B,Google Maps,3.5,Actif,2026-06-29T00:15:34.180486,haute
BJ-D54AEFA9,Académie Excellence School,Éducation & Formation,Ndali,+229 80 38 14 90,académie.excellence.school@académie.excellence.school.bj,académieexcellenceschool.bj,TPE (<10),B2B,Google Maps,4.6,Actif,2026-06-29T00:15:34.180502,haute
BJ-E1F21930,Excellence Lycée Ndali,Éducation & Formation,Ndali,+229 73 63 23 95,excellence.lycée.ndali@excellence.lycée.ndali.net,excellencelycéendali.bj,TPE (<10),B2B,Google Maps,5.0,Actif,2026-06-29T00:15:34.180517,haute
BJ-6639D12F,Excellence École,Éducation & Formation,Ndali,+229 25 68 83 64,excellence.école@excellence.école.org,,Grande (>200),B2B,Google Maps,3.5,Actif,2026-06-29T00:15:34.180531,moyenne
BJ-FDBEEB75,National Bénin,Éducation & Formation,Ségbana,+229 47 29 66 84,national.bénin@national.bénin.net,nationalbénin.bj,PME (50-200),B2B,Google Maps,3.8,Actif,2026-06-29T00:15:34.180556,haute
BJ-EDBAA572,Université International,Éducation & Formation,Ségbana,+229 54 20 28 47,université.international@université.international.bj,,TPE (<10),B2C,Google Maps,3.7,Actif,2026-06-29T00:15:34.180583,moyenne
BJ-F982FC41,Privé School Ségbana,Éducation & Formation,Ségbana,+229 61 16 43 87,privé.school.ségbana@privé.school.ségbana.org,privéschoolségbana.bj,PME (10-50),B2B,Google Maps,3.3,Actif,2026-06-29T00:15:34.180616,haute
BJ-75E69C7A,Institut Catholique,Éducation & Formation,Ségbana,+229 70 23 75 45,,institutcatholique.bj,PME (10-50),B2C,Google Maps,3.9,Actif,2026-06-29T00:15:34.180629,moyenne
BJ-1BEF1D3D,Connaissance,Éducation & Formation,Tchaourou,+229 85 41 51 82,connaissance@connaissance.net,connaissance.bj,PME (10-50),B2B,Google Maps,3.2,Actif,2026-06-29T00:15:34.180649,haute
BJ-F7BA5E52,Institut Éducation University Tchaourou,Éducation & Formation,Tchaourou,+229 24 40 47 70,,,Grande (>200),B2B,Google Maps,4.1,Actif,2026-06-29T00:15:34.180664,basse
BJ-37CC34BE,Centre Excellence,Éducation & Formation,Tchaourou,+229 85 17 89 29,centre.excellence@centre.excellence.com,centreexcellence.bj,TPE (<10),B2C,Google Maps,4.6,Actif,2026-06-29T00:15:34.180678,haute
BJ-9D583822,Université Éducation,Éducation & Formation,Tchaourou,+229 70 46 16 32,université.éducation@université.éducation.org,,PME (10-50),B2B,Google Maps,3.9,Actif,2026-06-29T00:15:34.180691,moyenne
BJ-43017C67,Institut Apprentissage Bénin,Éducation & Formation,Tchaourou,+229 75 84 71 30,,institutapprentissagebénin.bj,Grande (>200),B2B,Google Maps,3.9,Actif,2026-06-29T00:15:34.180704,moyenne
BJ-EAC39EF2,Public Academy,Éducation & Formation,Bétérou,+229 86 87 33 86,public.academy@public.academy.bj,publicacademy.bj,TPE (<10),B2C,Google Maps,3.1,Actif,2026-06-29T00:15:34.180723,haute
BJ-D6CC8541,Centre Privé,Éducation & Formation,Bétérou,+229 78 89 99 78,centre.privé@centre.privé.org,centreprivé.bj,TPE (<10),B2B,Google Maps,3.2,Actif,2026-06-29T00:15:34.180742,haute
BJ-39DA7537,Université Savoir,Éducation & Formation,Bétérou,+229 49 97 82 51,,universitésavoir.bj,PME (10-50),B2C,Google Maps,3.2,Actif,2026-06-29T00:15:34.180755,moyenne
BJ-49A07F21,Académie National Lycée,Éducation & Formation,Bétérou,+229 46 34 32 25,académie.national.lycée@académie.national.lycée.net,académienationallycée.bj,PME (10-50),B2C,Google Maps,3.9,Actif,2026-06-29T00:15:34.180769,haute
BJ-76EA8DA3,Excellence,Éducation & Formation,Bétérou,+229 78 63 62 20,,,TPE (<10),B2C,Google Maps,4.8,Actif,2026-06-29T00:15:34.180781,basse
BJ-FEF7DDAC,Institut Protestant,Éducation & Formation,Ouessè,+229 60 70 56 13,institut.protestant@institut.protestant.net,institutprotestant.bj,Grande (>200),B2C,Google Maps,3.2,Actif,2026-06-29T00:15:34.180800,haute
BJ-F30EE730,International Institute,Éducation & Formation,Ouessè,+229 76 89 38 33,,internationalinstitute.bj,PME (50-200),B2B,Google Maps,4.7,Actif,2026-06-29T00:15:34.180816,moyenne
BJ-36D3F9CE,Centre Savoir Institute,Éducation & Formation,Ouessè,+229 65 52 19 87,centre.savoir.institute@centre.savoir.institute.com,centresavoirinstitute.bj,PME (10-50),B2C,Google Maps,4.2,Actif,2026-06-29T00:15:34.180833,haute
BJ-6870F4A2,Protestant Institute Ouessè,Éducation & Formation,Ouessè,+229 61 54 80 34,protestant.institute.ouessè@protestant.institute.ouessè.org,protestantinstituteouessè.bj,TPE (<10),B2C,Google Maps,3.3,Actif,2026-06-29T00:15:34.180847,haute
BJ-86F5C364,Université Connaissance,Éducation & Formation,Ouessè,+229 34 92 81 99,université.connaissance@université.connaissance.bj,universitéconnaissance.bj,PME (10-50),B2C,Google Maps,3.8,Actif,2026-06-29T00:15:34.180861,haute
BJ-D6CB065E,Lycée Liberté,Éducation & Formation,Glazoué,+229 87 32 47 21,lycée.liberté@lycée.liberté.bj,lycéeliberté.bj,TPE (<10),B2B,Google Maps,4.7,Actif,2026-06-29T00:15:34.180881,haute
BJ-436E36A6,Catholique Lycée,Éducation & Formation,Glazoué,+229 25 72 65 79,catholique.lycée@catholique.lycée.benin,,TPE (<10),B2B,Google Maps,4.7,Actif,2026-06-29T00:15:34.180906,moyenne
BJ-8F4A93B2,Éducation University,Éducation & Formation,Glazoué,+229 47 69 15 60,éducation.university@éducation.university.org,éducationuniversity.bj,TPE (<10),B2C,Google Maps,4.3,Actif,2026-06-29T00:15:34.180922,haute
BJ-C6A00F8B,Formation,Éducation & Formation,Glazoué,+229 85 11 88 17,formation@formation.bj,formation.bj,TPE (<10),B2B,Google Maps,3.1,Actif,2026-06-29T00:15:34.180935,haute
BJ-5DA1D466,Collège Catholique,Éducation & Formation,Glazoué,+229 50 72 90 58,,collègecatholique.bj,PME (10-50),B2C,Google Maps,3.3,Actif,2026-06-29T00:15:34.180948,moyenne
BJ-FAF36EB7,École National École,Éducation & Formation,Dassa-Zoumè,+229 91 51 57 52,,écolenationalécole.bj,PME (10-50),B2C,Google Maps,4.2,Actif,2026-06-29T00:15:34.180966,moyenne
BJ-D39AC4B0,Académie Connaissance College,Éducation & Formation,Dassa-Zoumè,+229 70 93 50 25,,,PME (10-50),B2B,Google Maps,3.9,Actif,2026-06-29T00:15:34.180982,basse
BJ-FF167591,Liberté University Dassa-Zoumè,Éducation & Formation,Dassa-Zoumè,+229 38 96 12 34,liberté.university.dassazoumè@liberté.university.dassazoumè.com,libertéuniversitydassazoumè.bj,PME (10-50),B2B,Google Maps,4.0,Actif,2026-06-29T00:15:34.180998,haute
BJ-E60E0E79,Collège Apprentissage School,Éducation & Formation,Dassa-Zoumè,+229 23 29 88 61,collège.apprentissage.school@collège.apprentissage.school.net,collègeapprentissageschool.bj,TPE (<10),B2C,Google Maps,3.2,Actif,2026-06-29T00:15:34.181027,haute
BJ-E882A8A3,Collège Protestant,Éducation & Formation,Savalou,+229 97 87 57 62,collège.protestant@collège.protestant.net,collègeprotestant.bj,TPE (<10),B2C,Google Maps,4.6,Actif,2026-06-29T00:15:34.181047,haute
BJ-881B81BE,Institut Excellence,Éducation & Formation,Savalou,+229 30 11 10 75,,institutexcellence.bj,TPE (<10),B2C,Google Maps,4.0,Actif,2026-06-29T00:15:34.181059,moyenne
BJ-BDEDCC3F,Catholique Institute Savalou,Éducation & Formation,Savalou,+229 73 43 99 23,catholique.institute.savalou@catholique.institute.savalou.benin,catholiqueinstitutesavalou.bj,Grande (>200),B2C,Google Maps,3.1,Actif,2026-06-29T00:15:34.181072,haute
BJ-4AEA318D,Académie Privé College,Éducation & Formation,Savalou,+229 96 30 73 67,académie.privé.college@académie.privé.college.bj,,PME (50-200),B2C,Google Maps,4.4,Actif,2026-06-29T00:15:34.181089,moyenne
BJ-4632D6DC,Collège Protestant University,Éducation & Formation,Savalou,+229 84 76 29 63,,,PME (50-200),B2C,Google Maps,4.5,Actif,2026-06-29T00:15:34.181100,basse
BJ-966955E1,École International College,Éducation & Formation,Bantè,+229 20 34 16 82,école.international.college@école.international.college.net,,PME (50-200),B2C,Google Maps,3.1,Actif,2026-06-29T00:15:34.181118,moyenne
BJ-FC1F59B6,Collège Apprentissage École,Éducation & Formation,Bantè,+229 22 60 64 38,collège.apprentissage.école@collège.apprentissage.école.benin,,Grande (>200),B2C,Google Maps,4.4,Actif,2026-06-29T00:15:34.181135,moyenne
BJ-F2C57A6F,Lycée National,Éducation & Formation,Bantè,+229 85 87 29 51,,,PME (10-50),B2C,Google Maps,4.1,Actif,2026-06-29T00:15:34.181150,basse
BJ-045EF2BD,Académie Développement,Éducation & Formation,Bantè,+229 73 37 98 48,académie.développement@académie.développement.bj,académiedéveloppement.bj,PME (10-50),B2B,Google Maps,3.1,Actif,2026-06-29T00:15:34.181164,haute
BJ-C3F160B6,École National,Éducation & Formation,Bantè,+229 81 89 86 75,,écolenational.bj,TPE (<10),B2B,Google Maps,3.8,Actif,2026-06-29T00:15:34.181177,moyenne
BJ-EB50149D,Formation,Éducation & Formation,Djougou,+229 48 42 23 70,formation@formation.net,formation.bj,TPE (<10),B2C,Google Maps,4.8,Actif,2026-06-29T00:15:34.181195,haute
BJ-72598628,Connaissance College,Éducation & Formation,Djougou,+229 30 23 46 46,connaissance.college@connaissance.college.bj,connaissancecollege.bj,Grande (>200),B2C,Google Maps,3.7,Actif,2026-06-29T00:15:34.181208,haute
BJ-D7394AB8,Savoir,Éducation & Formation,Djougou,+229 51 49 44 87,,,PME (50-200),B2B,Google Maps,3.7,Actif,2026-06-29T00:15:34.181220,basse
BJ-927C4549,Académie International,Éducation & Formation,Djougou,+229 82 52 65 25,,académieinternational.bj,TPE (<10),B2B,Google Maps,4.1,Actif,2026-06-29T00:15:34.181232,moyenne
BJ-A4873200,Académie Public,Éducation & Formation,Djougou,+229 92 81 45 23,,,TPE (<10),B2C,Google Maps,3.2,Actif,2026-06-29T00:15:34.181244,basse
BJ-38827047,Lycée Développement Ouèssè,Éducation & Formation,Ouèssè,+229 73 19 91 75,lycée.développement.ouèssè@lycée.développement.ouèssè.bj,,Grande (>200),B2B,Google Maps,3.1,Actif,2026-06-29T00:15:34.181262,moyenne
BJ-0B1030FE,École Liberté,Éducation & Formation,Ouèssè,+229 71 97 90 49,école.liberté@école.liberté.com,écoleliberté.bj,TPE (<10),B2B,Google Maps,3.3,Actif,2026-06-29T00:15:34.181280,haute
BJ-52B46F65,Institut Connaissance Lycée,Éducation & Formation,Ouèssè,+229 62 24 14 29,institut.connaissance.lycée@institut.connaissance.lycée.bj,institutconnaissancelycée.bj,TPE (<10),B2C,Google Maps,4.1,Actif,2026-06-29T00:15:34.181294,haute
BJ-D222DE86,Catholique Lycée,Éducation & Formation,Ouèssè,+229 54 54 78 27,catholique.lycée@catholique.lycée.org,catholiquelycée.bj,TPE (<10),B2C,Google Maps,4.7,Actif,2026-06-29T00:15:34.181311,haute
BJ-925A5762,Savoir University Bassila,Éducation & Formation,Bassila,+229 59 45 41 90,savoir.university.bassila@savoir.university.bassila.org,savoiruniversitybassila.bj,PME (10-50),B2B,Google Maps,3.3,Actif,2026-06-29T00:15:34.181343,haute
BJ-0F0850E6,Connaissance,Éducation & Formation,Bassila,+229 41 85 27 71,connaissance@connaissance.com,connaissance.bj,TPE (<10),B2B,Google Maps,4.3,Actif,2026-06-29T00:15:34.181357,haute
BJ-0437D498,Catholique University,Éducation & Formation,Bassila,+229 45 33 80 96,catholique.university@catholique.university.com,catholiqueuniversity.bj,TPE (<10),B2B,Google Maps,4.2,Actif,2026-06-29T00:15:34.181370,haute
BJ-CE935FA0,Protestant College Bassila,Éducation & Formation,Bassila,+229 28 82 47 27,protestant.college.bassila@protestant.college.bassila.benin,,TPE (<10),B2C,Google Maps,3.0,Actif,2026-06-29T00:15:34.181383,moyenne
BJ-089A9406,Institut Excellence Bénin Bassila,Éducation & Formation,Bassila,+229 78 94 56 60,institut.excellence.bénin.bassila@institut.excellence.bénin.bassila.com,,PME (10-50),B2C,Google Maps,3.6,Actif,2026-06-29T00:15:34.181401,moyenne
BJ-EC6FBD77,International Pehunco,Éducation & Formation,Pehunco,+229 83 79 24 41,international.pehunco@international.pehunco.com,internationalpehunco.bj,TPE (<10),B2C,Google Maps,3.4,Actif,2026-06-29T00:15:34.181421,haute
BJ-3156A0C8,Savoir Academy,Éducation & Formation,Pehunco,+229 52 23 97 75,savoir.academy@savoir.academy.org,savoiracademy.bj,TPE (<10),B2C,Google Maps,4.0,Actif,2026-06-29T00:15:34.181437,haute
BJ-5B4EC94B,École Privé,Éducation & Formation,Pehunco,+229 26 49 10 35,école.privé@école.privé.benin,,Grande (>200),B2B,Google Maps,3.5,Actif,2026-06-29T00:15:34.181464,moyenne
BJ-F8983882,Université Catholique Pehunco,Éducation & Formation,Pehunco,+229 89 84 50 87,,,PME (50-200),B2B,Google Maps,3.1,Actif,2026-06-29T00:15:34.181475,basse
BJ-A9F20C81,Privé Bénin,Éducation & Formation,Copargo,+229 76 22 50 67,privé.bénin@privé.bénin.org,privébénin.bj,Grande (>200),B2B,Google Maps,4.2,Actif,2026-06-29T00:15:34.181522,haute
BJ-6DC8A523,Académie Savoir School,Éducation & Formation,Copargo,+229 90 63 33 30,,,TPE (<10),B2B,Google Maps,4.1,Actif,2026-06-29T00:15:34.181542,basse
BJ-0993407D,Collège Développement,Éducation & Formation,Copargo,+229 40 79 27 10,,,Grande (>200),B2C,Google Maps,4.4,Actif,2026-06-29T00:15:34.181568,basse
BJ-F8FE3CDF,Protestant,Éducation & Formation,Copargo,+229 52 88 69 37,,protestant.bj,PME (10-50),B2C,Google Maps,3.5,Actif,2026-06-29T00:15:34.181581,moyenne
BJ-B1BA37A9,Intelligence Solutions,Technologie & IT,Cotonou,+229 75 98 73 97,intelligence.solutions@intelligence.solutions.benin,intelligencesolutions.bj,TPE (<10),B2B,Google Maps,3.6,Actif,2026-06-29T00:15:34.181603,haute
BJ-AD2FB22C,Data,Technologie & IT,Cotonou,+229 42 31 41 14,,,TPE (<10),B2C,Google Maps,3.1,Actif,2026-06-29T00:15:34.181623,basse
BJ-3F5E7552,Tech Cyber Solutions,Technologie & IT,Cotonou,+229 29 84 90 41,tech.cyber.solutions@tech.cyber.solutions.bj,techcybersolutions.bj,TPE (<10),B2C,Google Maps,4.4,Actif,2026-06-29T00:15:34.181653,haute
BJ-A80F2EF2,Data Web,Technologie & IT,Abomey-Calavi,+229 43 19 99 18,,dataweb.bj,PME (50-200),B2C,Google Maps,4.4,Actif,2026-06-29T00:15:34.181708,moyenne
BJ-2F234BBA,Soft Network SARL Abomey-Calavi,Technologie & IT,Abomey-Calavi,+229 56 61 43 62,soft.network.sarl.abomeycalavi@soft.network.sarl.abomeycalavi.com,softnetworksarlabomeycalavi.bj,TPE (<10),B2B,Google Maps,4.9,Actif,2026-06-29T00:15:34.181724,haute
BJ-32941EFD,Cyber Développement Tech,Technologie & IT,Abomey-Calavi,+229 79 93 26 27,cyber.développement.tech@cyber.développement.tech.net,cyberdéveloppementtech.bj,PME (10-50),B2B,Google Maps,3.3,Actif,2026-06-29T00:15:34.181741,haute
BJ-C070F3B1,Informatique,Technologie & IT,Porto-Novo,+229 21 33 67 28,informatique@informatique.benin,informatique.bj,Grande (>200),B2B,Google Maps,3.2,Actif,2026-06-29T00:15:34.181787,haute
BJ-CDD52350,Data Security Africa,Technologie & IT,Porto-Novo,+229 86 34 93 37,data.security.africa@data.security.africa.org,datasecurityafrica.bj,TPE (<10),B2C,Google Maps,4.6,Actif,2026-06-29T00:15:34.181805,haute
BJ-515A177C,Cloud Intelligence International Porto-Novo,Technologie & IT,Porto-Novo,+229 62 80 59 75,cloud.intelligence.international.portonovo@cloud.intelligence.international.portonovo.net,cloudintelligenceinternationalportonovo.bj,PME (10-50),B2B,Google Maps,3.8,Actif,2026-06-29T00:15:34.181820,haute
BJ-A7D887E6,Solution SARL Porto-Novo,Technologie & IT,Porto-Novo,+229 46 14 18 28,solution.sarl.portonovo@solution.sarl.portonovo.org,solutionsarlportonovo.bj,PME (50-200),B2B,Google Maps,3.1,Actif,2026-06-29T00:15:34.181834,haute
BJ-15CB3A5D,Cyber,Technologie & IT,Porto-Novo,+229 57 75 70 70,cyber@cyber.net,cyber.bj,PME (10-50),B2C,Google Maps,4.6,Actif,2026-06-29T00:15:34.181848,haute
BJ-E621242C,Système Parakou,Technologie & IT,Parakou,+229 75 56 71 96,système.parakou@système.parakou.benin,systèmeparakou.bj,PME (10-50),B2B,Google Maps,4.2,Actif,2026-06-29T00:15:34.181868,haute
BJ-CE7ED336,Tech Web,Technologie & IT,Parakou,+229 62 40 22 69,tech.web@tech.web.bj,techweb.bj,TPE (<10),B2B,Google Maps,4.2,Actif,2026-06-29T00:15:34.181883,haute
BJ-04481FCA,Tech Security Systems,Technologie & IT,Parakou,+229 73 63 87 33,tech.security.systems@tech.security.systems.net,techsecuritysystems.bj,TPE (<10),B2C,Google Maps,3.3,Actif,2026-06-29T00:15:34.181921,haute
BJ-4D4BB401,Tech Développement International,Technologie & IT,Parakou,+229 43 90 29 73,tech.développement.international@tech.développement.international.org,techdéveloppementinternational.bj,Grande (>200),B2C,Google Maps,4.0,Actif,2026-06-29T00:15:34.181954,haute
BJ-D4981BF7,Système,Technologie & IT,Parakou,+229 59 45 85 44,système@système.com,système.bj,PME (50-200),B2C,Google Maps,4.5,Actif,2026-06-29T00:15:34.181984,haute
BJ-69070501,Soft Network SARL,Technologie & IT,Bohicon,+229 73 42 33 75,soft.network.sarl@soft.network.sarl.bj,softnetworksarl.bj,Grande (>200),B2B,Google Maps,3.5,Actif,2026-06-29T00:15:34.182029,haute
BJ-6E08A3BD,Technologie,Technologie & IT,Bohicon,+229 70 73 57 70,technologie@technologie.benin,technologie.bj,PME (50-200),B2C,Google Maps,3.1,Actif,2026-06-29T00:15:34.182071,haute
BJ-5F598BE9,Intelligence Solutions,Technologie & IT,Bohicon,+229 26 30 57 71,intelligence.solutions@intelligence.solutions.benin,intelligencesolutions.bj,TPE (<10),B2B,Google Maps,3.4,Actif,2026-06-29T00:15:34.182115,haute
BJ-8225C090,Digital Technologie,Technologie & IT,Bohicon,+229 64 44 21 16,digital.technologie@digital.technologie.benin,digitaltechnologie.bj,TPE (<10),B2C,Google Maps,4.9,Actif,2026-06-29T00:15:34.182146,haute
BJ-540FAFF8,Cyber Solution Solutions,Technologie & IT,Bohicon,+229 34 90 90 95,cyber.solution.solutions@cyber.solution.solutions.benin,cybersolutionsolutions.bj,TPE (<10),B2C,Google Maps,4.3,Actif,2026-06-29T00:15:34.182187,haute
BJ-6AB7B61E,Cyber Security,Technologie & IT,Natitingou,+229 41 87 80 54,cyber.security@cyber.security.org,cybersecurity.bj,TPE (<10),B2C,Google Maps,4.8,Actif,2026-06-29T00:15:34.182243,haute
BJ-CDD55A03,Digital Système Solutions Natitingou,Technologie & IT,Natitingou,+229 66 97 92 66,,digitalsystèmesolutionsnatitingou.bj,PME (50-200),B2B,Google Maps,3.9,Actif,2026-06-29T00:15:34.182276,moyenne
BJ-892E702A,Smart Développement,Technologie & IT,Natitingou,+229 88 58 48 25,smart.développement@smart.développement.benin,smartdéveloppement.bj,PME (10-50),B2C,Google Maps,3.4,Actif,2026-06-29T00:15:34.182312,haute
BJ-F2BC4A57,Data Africa Natitingou,Technologie & IT,Natitingou,+229 87 16 61 45,data.africa.natitingou@data.africa.natitingou.bj,dataafricanatitingou.bj,PME (10-50),B2B,Google Maps,3.8,Actif,2026-06-29T00:15:34.182331,haute
BJ-A2D70477,Cyber AI,Technologie & IT,Natitingou,+229 68 86 46 81,cyber.ai@cyber.ai.net,cyberai.bj,PME (10-50),B2B,Google Maps,4.9,Actif,2026-06-29T00:15:34.182347,haute
BJ-632D6E86,Cyber Logiciel Lokossa,Technologie & IT,Lokossa,+229 87 91 83 11,cyber.logiciel.lokossa@cyber.logiciel.lokossa.com,cyberlogiciellokossa.bj,Grande (>200),B2C,Google Maps,3.1,Actif,2026-06-29T00:15:34.182376,haute
BJ-8D255318,Soft Cyber International,Technologie & IT,Lokossa,+229 90 96 32 24,,softcyberinternational.bj,PME (10-50),B2C,Google Maps,4.9,Actif,2026-06-29T00:15:34.182393,moyenne
BJ-5258124E,Tech Security Systems Lokossa,Technologie & IT,Lokossa,+229 45 78 35 89,tech.security.systems.lokossa@tech.security.systems.lokossa.com,techsecuritysystemslokossa.bj,TPE (<10),B2B,Google Maps,4.9,Actif,2026-06-29T00:15:34.182408,haute
BJ-1C7C51DA,Network Digital Lokossa,Technologie & IT,Lokossa,+229 51 26 98 25,,networkdigitallokossa.bj,PME (10-50),B2C,Google Maps,3.4,Actif,2026-06-29T00:15:34.182421,moyenne
BJ-C437BCDE,Smart Logiciel SARL,Technologie & IT,Lokossa,+229 39 79 36 64,smart.logiciel.sarl@smart.logiciel.sarl.org,smartlogicielsarl.bj,PME (10-50),B2B,Google Maps,3.5,Actif,2026-06-29T00:15:34.182438,haute
BJ-D7E91BE1,Technologie,Technologie & IT,Ouidah,+229 72 21 42 96,technologie@technologie.com,technologie.bj,Grande (>200),B2C,Google Maps,3.4,Actif,2026-06-29T00:15:34.182458,haute
BJ-EC6E6C7C,Security,Technologie & IT,Ouidah,+229 63 25 13 53,security@security.bj,security.bj,TPE (<10),B2B,Google Maps,4.8,Actif,2026-06-29T00:15:34.182486,haute
BJ-CEE97C43,Smart Système Ouidah,Technologie & IT,Ouidah,+229 48 41 49 44,smart.système.ouidah@smart.système.ouidah.benin,smartsystèmeouidah.bj,Grande (>200),B2B,Google Maps,4.8,Actif,2026-06-29T00:15:34.182502,haute
BJ-4DCC5779,Web Soft Ouidah,Technologie & IT,Ouidah,+229 39 73 89 75,web.soft.ouidah@web.soft.ouidah.com,websoftouidah.bj,PME (10-50),B2B,Google Maps,4.9,Actif,2026-06-29T00:15:34.182516,haute
BJ-496FBC11,Intelligence Tech Savalou,Technologie & IT,Savalou,+229 23 55 90 77,intelligence.tech.savalou@intelligence.tech.savalou.net,intelligencetechsavalou.bj,TPE (<10),B2C,Google Maps,4.8,Actif,2026-06-29T00:15:34.182559,haute
BJ-13B9BFBA,Tech Technologie Tech Savalou,Technologie & IT,Savalou,+229 36 65 94 62,tech.technologie.tech.savalou@tech.technologie.tech.savalou.benin,techtechnologietechsavalou.bj,TPE (<10),B2C,Google Maps,5.0,Actif,2026-06-29T00:15:34.182601,haute
BJ-3718D682,Soft Informatique Systems,Technologie & IT,Savalou,+229 53 51 85 65,soft.informatique.systems@soft.informatique.systems.org,softinformatiquesystems.bj,TPE (<10),B2C,Google Maps,4.7,Actif,2026-06-29T00:15:34.182634,haute
BJ-564AD37A,Tech Cyber Solutions,Technologie & IT,Savalou,+229 66 25 80 13,tech.cyber.solutions@tech.cyber.solutions.com,techcybersolutions.bj,TPE (<10),B2C,Google Maps,4.9,Actif,2026-06-29T00:15:34.182660,haute
BJ-32631421,Data Bénin,Technologie & IT,Savalou,+229 39 54 88 26,data.bénin@data.bénin.bj,databénin.bj,TPE (<10),B2C,Google Maps,5.0,Actif,2026-06-29T00:15:34.182686,haute
BJ-7C6BA924,Tech Security,Technologie & IT,Dassa-Zoumè,+229 20 23 28 23,tech.security@tech.security.bj,techsecurity.bj,PME (50-200),B2C,Google Maps,4.8,Actif,2026-06-29T00:15:34.182724,haute
BJ-59F69B42,Cloud Mobile,Technologie & IT,Dassa-Zoumè,+229 93 41 44 90,cloud.mobile@cloud.mobile.net,cloudmobile.bj,PME (10-50),B2C,Google Maps,3.7,Actif,2026-06-29T00:15:34.182753,haute
BJ-5FEA70F4,Soft Application,Technologie & IT,Dassa-Zoumè,+229 60 35 96 73,soft.application@soft.application.com,softapplication.bj,TPE (<10),B2C,Google Maps,3.4,Actif,2026-06-29T00:15:34.182780,haute
BJ-085901A8,Network Dassa-Zoumè,Technologie & IT,Dassa-Zoumè,+229 41 24 52 23,network.dassazoumè@network.dassazoumè.bj,networkdassazoumè.bj,TPE (<10),B2B,Google Maps,3.8,Actif,2026-06-29T00:15:34.182814,haute
BJ-9FEAEFD7,AI Soft,Technologie & IT,Dassa-Zoumè,+229 25 23 14 53,ai.soft@ai.soft.bj,aisoft.bj,TPE (<10),B2C,Google Maps,4.9,Actif,2026-06-29T00:15:34.182844,haute
BJ-EC63357A,Tech Mobile,Technologie & IT,Kétou,+229 22 39 33 46,tech.mobile@tech.mobile.benin,techmobile.bj,TPE (<10),B2B,Google Maps,3.7,Actif,2026-06-29T00:15:34.182886,haute
BJ-5AE1DFF8,Intelligence Kétou,Technologie & IT,Kétou,+229 84 98 11 23,intelligence.kétou@intelligence.kétou.net,intelligencekétou.bj,PME (10-50),B2C,Google Maps,4.7,Actif,2026-06-29T00:15:34.182937,haute
BJ-1B93962E,Digital Cyber Kétou,Technologie & IT,Kétou,+229 94 31 50 86,digital.cyber.kétou@digital.cyber.kétou.com,,PME (50-200),B2B,Google Maps,4.9,Actif,2026-06-29T00:15:34.182965,moyenne
BJ-6C7987B7,Security Tech,Technologie & IT,Kétou,+229 65 67 85 67,security.tech@security.tech.net,securitytech.bj,PME (10-50),B2B,Google Maps,3.8,Actif,2026-06-29T00:15:34.183023,haute
BJ-1A882C8F,Security Systems Covè,Technologie & IT,Covè,+229 59 21 19 83,security.systems.covè@security.systems.covè.benin,securitysystemscovè.bj,PME (50-200),B2B,Google Maps,3.8,Actif,2026-06-29T00:15:34.183077,haute
BJ-B55F0F26,Data Network,Technologie & IT,Covè,+229 39 99 89 95,data.network@data.network.com,,TPE (<10),B2B,Google Maps,4.2,Actif,2026-06-29T00:15:34.183110,moyenne
BJ-0884C363,Net Network,Technologie & IT,Covè,+229 67 26 41 62,,netnetwork.bj,TPE (<10),B2B,Google Maps,3.7,Actif,2026-06-29T00:15:34.183141,moyenne
BJ-84B63125,Soft Digital Tech,Technologie & IT,Covè,+229 98 15 88 31,soft.digital.tech@soft.digital.tech.benin,softdigitaltech.bj,TPE (<10),B2C,Google Maps,3.2,Actif,2026-06-29T00:15:34.183174,haute
BJ-013AB197,Data Mobile SARL,Technologie & IT,Covè,+229 73 72 58 46,data.mobile.sarl@data.mobile.sarl.benin,datamobilesarl.bj,PME (50-200),B2C,Google Maps,3.6,Actif,2026-06-29T00:15:34.183205,haute
BJ-8E5AE34E,Solution International,Technologie & IT,Pobè,+229 76 18 19 77,solution.international@solution.international.benin,solutioninternational.bj,TPE (<10),B2B,Google Maps,4.7,Actif,2026-06-29T00:15:34.183273,haute
BJ-F70A4E9E,AI,Technologie & IT,Pobè,+229 60 26 43 35,ai@ai.org,ai.bj,TPE (<10),B2C,Google Maps,3.7,Actif,2026-06-29T00:15:34.183314,haute
BJ-61C84794,Cloud Système International,Technologie & IT,Pobè,+229 89 38 45 36,cloud.système.international@cloud.système.international.org,cloudsystèmeinternational.bj,PME (10-50),B2C,Google Maps,3.0,Actif,2026-06-29T00:15:34.183351,haute
BJ-0150B9CB,Data Web,Technologie & IT,Pobè,+229 30 41 73 58,data.web@data.web.net,dataweb.bj,PME (10-50),B2B,Google Maps,4.9,Actif,2026-06-29T00:15:34.183416,haute
BJ-AEF37360,Smart Informatique,Technologie & IT,Sakété,+229 51 42 17 11,smart.informatique@smart.informatique.org,smartinformatique.bj,PME (10-50),B2B,Google Maps,4.3,Actif,2026-06-29T00:15:34.183499,haute
BJ-A5F48A52,Digital Informatique,Technologie & IT,Sakété,+229 65 40 57 18,digital.informatique@digital.informatique.bj,digitalinformatique.bj,TPE (<10),B2C,Google Maps,3.5,Actif,2026-06-29T00:15:34.183534,haute
BJ-D65205AC,Développement Africa,Technologie & IT,Sakété,+229 64 99 56 16,,développementafrica.bj,Grande (>200),B2C,Google Maps,4.4,Actif,2026-06-29T00:15:34.183590,moyenne
BJ-32EC3C55,Net Application Solutions,Technologie & IT,Sakété,+229 88 12 94 88,,netapplicationsolutions.bj,TPE (<10),B2B,Google Maps,3.0,Actif,2026-06-29T00:15:34.183623,moyenne
BJ-A8956B25,Système,Technologie & IT,Adjara,+229 55 58 33 17,système@système.com,système.bj,PME (10-50),B2B,Google Maps,3.4,Actif,2026-06-29T00:15:34.183670,haute
BJ-BB72BFA3,Tech Digital Adjara,Technologie & IT,Adjara,+229 32 50 27 34,tech.digital.adjara@tech.digital.adjara.bj,techdigitaladjara.bj,PME (10-50),B2C,Google Maps,3.2,Actif,2026-06-29T00:15:34.183710,haute
BJ-85007EFF,Soft Solution Africa,Technologie & IT,Adjara,+229 40 93 80 27,soft.solution.africa@soft.solution.africa.net,softsolutionafrica.bj,TPE (<10),B2B,Google Maps,3.7,Actif,2026-06-29T00:15:34.183766,haute
BJ-68477852,Network Adjara,Technologie & IT,Adjara,+229 34 60 62 10,,networkadjara.bj,TPE (<10),B2C,Google Maps,4.2,Actif,2026-06-29T00:15:34.183789,moyenne
BJ-D5A184F7,Cyber Technologie,Technologie & IT,Allada,+229 46 45 48 51,cyber.technologie@cyber.technologie.org,cybertechnologie.bj,TPE (<10),B2B,Google Maps,4.8,Actif,2026-06-29T00:15:34.183832,haute
BJ-945E856F,Soft Logiciel Digital Allada,Technologie & IT,Allada,+229 74 14 91 15,soft.logiciel.digital.allada@soft.logiciel.digital.allada.net,softlogicieldigitalallada.bj,PME (50-200),B2B,Google Maps,4.3,Actif,2026-06-29T00:15:34.183880,haute
BJ-1A47358D,Soft Web,Technologie & IT,Allada,+229 89 20 50 37,soft.web@soft.web.net,softweb.bj,TPE (<10),B2B,Google Maps,4.1,Actif,2026-06-29T00:15:34.183932,haute
BJ-15F6E30B,Network Solutions,Technologie & IT,Allada,+229 74 20 35 84,network.solutions@network.solutions.bj,networksolutions.bj,PME (10-50),B2C,Google Maps,3.4,Actif,2026-06-29T00:15:34.183960,haute
BJ-7D42F572,Développement Digital,Technologie & IT,Aplahoué,+229 99 47 34 42,développement.digital@développement.digital.org,développementdigital.bj,PME (10-50),B2C,Google Maps,3.2,Actif,2026-06-29T00:15:34.184004,haute
BJ-0E992C7F,Logiciel,Technologie & IT,Aplahoué,+229 95 14 68 72,logiciel@logiciel.bj,logiciel.bj,PME (10-50),B2C,Google Maps,4.9,Actif,2026-06-29T00:15:34.184061,haute
BJ-FACB4D38,Informatique Soft,Technologie & IT,Aplahoué,+229 64 46 92 60,informatique.soft@informatique.soft.com,informatiquesoft.bj,TPE (<10),B2C,Google Maps,3.7,Actif,2026-06-29T00:15:34.184089,haute
BJ-6A33DCFC,Net Logiciel,Technologie & IT,Aplahoué,+229 56 43 22 83,net.logiciel@net.logiciel.org,,TPE (<10),B2B,Google Maps,3.9,Actif,2026-06-29T00:15:34.184128,moyenne
BJ-FC78DB9D,Soft Network Solutions,Technologie & IT,Dogbo-Tota,+229 53 45 74 55,soft.network.solutions@soft.network.solutions.com,softnetworksolutions.bj,Grande (>200),B2C,Google Maps,3.6,Actif,2026-06-29T00:15:34.184182,haute
BJ-A32F2C64,Smart Digital,Technologie & IT,Dogbo-Tota,+229 53 43 97 27,smart.digital@smart.digital.org,smartdigital.bj,PME (10-50),B2C,Google Maps,3.7,Actif,2026-06-29T00:15:34.184216,haute
BJ-5FAB73B7,Intelligence,Technologie & IT,Dogbo-Tota,+229 35 57 15 85,intelligence@intelligence.net,intelligence.bj,Grande (>200),B2C,Google Maps,3.5,Actif,2026-06-29T00:15:34.184243,haute
BJ-8ABADE5F,Cyber Security Soft,Technologie & IT,Dogbo-Tota,+229 92 44 47 35,cyber.security.soft@cyber.security.soft.com,cybersecuritysoft.bj,PME (50-200),B2B,Google Maps,3.5,Actif,2026-06-29T00:15:34.184267,haute
BJ-DABD90A8,Smart Security SARL,Technologie & IT,Dogbo-Tota,+229 86 35 84 40,smart.security.sarl@smart.security.sarl.org,smartsecuritysarl.bj,PME (10-50),B2C,Google Maps,4.7,Actif,2026-06-29T00:15:34.184302,haute
BJ-8CD85DB8,Data Security Solutions,Technologie & IT,Kpomassè,+229 66 86 51 85,data.security.solutions@data.security.solutions.bj,datasecuritysolutions.bj,TPE (<10),B2C,Google Maps,3.5,Actif,2026-06-29T00:15:34.184387,haute
BJ-B9D1C456,Mobile Systems,Technologie & IT,Kpomassè,+229 80 17 10 93,mobile.systems@mobile.systems.com,mobilesystems.bj,TPE (<10),B2B,Google Maps,3.3,Actif,2026-06-29T00:15:34.184414,haute
BJ-D5E5AE96,Informatique,Technologie & IT,Kpomassè,+229 55 40 47 82,informatique@informatique.com,informatique.bj,PME (10-50),B2C,Google Maps,3.3,Actif,2026-06-29T00:15:34.184438,haute
BJ-A9305815,Digital AI,Technologie & IT,Kpomassè,+229 93 63 93 77,,digitalai.bj,TPE (<10),B2B,Google Maps,4.8,Actif,2026-06-29T00:15:34.184468,moyenne
BJ-C58B3745,Développement,Technologie & IT,Tori-Bossito,+229 28 79 31 62,développement@développement.bj,,TPE (<10),B2B,Google Maps,4.5,Actif,2026-06-29T00:15:34.184506,moyenne
BJ-9CD64291,Data Application,Technologie & IT,Tori-Bossito,+229 64 60 10 17,data.application@data.application.com,dataapplication.bj,PME (50-200),B2C,Google Maps,4.9,Actif,2026-06-29T00:15:34.184531,haute
BJ-82DC1600,Net Cloud,Technologie & IT,Tori-Bossito,+229 86 18 19 99,net.cloud@net.cloud.com,netcloud.bj,PME (50-200),B2C,Google Maps,4.7,Actif,2026-06-29T00:15:34.184555,haute
BJ-7D3079BD,Data Technologie,Technologie & IT,Tori-Bossito,+229 29 26 22 80,data.technologie@data.technologie.net,,PME (10-50),B2C,Google Maps,3.3,Actif,2026-06-29T00:15:34.184576,moyenne
BJ-1567045C,Tech Digital,Technologie & IT,Tori-Bossito,+229 47 22 28 35,tech.digital@tech.digital.bj,techdigital.bj,TPE (<10),B2C,Google Maps,4.1,Actif,2026-06-29T00:15:34.184608,haute
BJ-F8C56B0C,Cyber Mobile Grand-Popo,Technologie & IT,Grand-Popo,+229 80 82 80 59,cyber.mobile.grandpopo@cyber.mobile.grandpopo.com,cybermobilegrandpopo.bj,Grande (>200),B2B,Google Maps,4.1,Actif,2026-06-29T00:15:34.184643,haute
BJ-4487ED3F,Cloud,Technologie & IT,Grand-Popo,+229 47 37 80 57,cloud@cloud.bj,cloud.bj,TPE (<10),B2B,Google Maps,3.7,Actif,2026-06-29T00:15:34.184677,haute
BJ-E66FFF84,Net Logiciel Systems Grand-Popo,Technologie & IT,Grand-Popo,+229 91 77 99 53,net.logiciel.systems.grandpopo@net.logiciel.systems.grandpopo.com,netlogicielsystemsgrandpopo.bj,TPE (<10),B2C,Google Maps,4.4,Actif,2026-06-29T00:15:34.184763,haute
BJ-EC7AABCE,Solution,Technologie & IT,Athiémé,+229 74 36 19 85,solution@solution.org,solution.bj,Grande (>200),B2C,Google Maps,3.2,Actif,2026-06-29T00:15:34.184800,haute
BJ-F34309AB,Intelligence Digital,Technologie & IT,Athiémé,+229 99 83 20 70,intelligence.digital@intelligence.digital.bj,intelligencedigital.bj,TPE (<10),B2C,Google Maps,4.1,Actif,2026-06-29T00:15:34.184836,haute
BJ-9D2D9448,Smart Application Solutions,Technologie & IT,Athiémé,+229 62 79 21 40,smart.application.solutions@smart.application.solutions.org,smartapplicationsolutions.bj,PME (10-50),B2C,Google Maps,4.3,Actif,2026-06-29T00:15:34.184876,haute
BJ-BB815D46,Data Logiciel Africa Athiémé,Technologie & IT,Athiémé,+229 46 82 27 65,data.logiciel.africa.athiémé@data.logiciel.africa.athiémé.benin,,TPE (<10),B2C,Google Maps,4.2,Actif,2026-06-29T00:15:34.184923,moyenne
BJ-5E8B5502,Tech Technologie,Technologie & IT,Athiémé,+229 71 22 77 51,tech.technologie@tech.technologie.org,techtechnologie.bj,TPE (<10),B2C,Google Maps,4.5,Actif,2026-06-29T00:15:34.184954,haute
BJ-A1B1A833,Intelligence Tech,Technologie & IT,Bopa,+229 47 99 53 99,intelligence.tech@intelligence.tech.benin,intelligencetech.bj,PME (10-50),B2C,Google Maps,4.2,Actif,2026-06-29T00:15:34.184998,haute
BJ-86105709,Solution Soft Bopa,Technologie & IT,Bopa,+229 56 95 84 92,solution.soft.bopa@solution.soft.bopa.benin,solutionsoftbopa.bj,PME (50-200),B2B,Google Maps,3.9,Actif,2026-06-29T00:15:34.185034,haute
BJ-BC2A8F2C,Tech Cloud Systems Bopa,Technologie & IT,Bopa,+229 98 21 29 38,tech.cloud.systems.bopa@tech.cloud.systems.bopa.benin,techcloudsystemsbopa.bj,PME (10-50),B2B,Google Maps,4.8,Actif,2026-06-29T00:15:34.185079,haute
BJ-3FA123EB,Cloud Bopa,Technologie & IT,Bopa,+229 56 56 30 70,cloud.bopa@cloud.bopa.org,cloudbopa.bj,TPE (<10),B2B,Google Maps,4.1,Actif,2026-06-29T00:15:34.185122,haute
BJ-3F45063A,Net Cloud Systems,Technologie & IT,Bopa,+229 89 92 24 48,,netcloudsystems.bj,PME (10-50),B2C,Google Maps,4.1,Actif,2026-06-29T00:15:34.185164,moyenne
BJ-5758CF72,Soft Digital,Technologie & IT,Houéyogbé,+229 25 11 64 16,soft.digital@soft.digital.net,softdigital.bj,TPE (<10),B2B,Google Maps,3.9,Actif,2026-06-29T00:15:34.185216,haute
BJ-813E25BB,Net Développement Digital,Technologie & IT,Houéyogbé,+229 54 13 88 47,net.développement.digital@net.développement.digital.net,netdéveloppementdigital.bj,TPE (<10),B2B,Google Maps,4.2,Actif,2026-06-29T00:15:34.185239,haute
BJ-9647FE5B,Digital Développement Digital Houéyogbé,Technologie & IT,Houéyogbé,+229 69 14 81 38,digital.développement.digital.houéyogbé@digital.développement.digital.houéyogbé.benin,digitaldéveloppementdigitalhouéyogbé.bj,PME (10-50),B2B,Google Maps,4.2,Actif,2026-06-29T00:15:34.185258,haute
BJ-3D7F72F7,Smart Network Tech,Technologie & IT,Houéyogbé,+229 75 78 37 99,smart.network.tech@smart.network.tech.net,smartnetworktech.bj,PME (10-50),B2C,Google Maps,4.0,Actif,2026-06-29T00:15:34.185298,haute
BJ-14662F28,Soft Cyber Solutions,Technologie & IT,Malanville,+229 85 68 12 99,soft.cyber.solutions@soft.cyber.solutions.benin,,PME (10-50),B2C,Google Maps,3.3,Actif,2026-06-29T00:15:34.185320,moyenne
BJ-93E495F5,Digital Web,Technologie & IT,Malanville,+229 47 82 98 79,digital.web@digital.web.net,digitalweb.bj,PME (10-50),B2B,Google Maps,3.3,Actif,2026-06-29T00:15:34.185338,haute
BJ-0554F870,Application Malanville,Technologie & IT,Malanville,+229 96 41 29 56,,applicationmalanville.bj,Grande (>200),B2B,Google Maps,3.5,Actif,2026-06-29T00:15:34.185354,moyenne
BJ-276BD269,Cyber Technologie Malanville,Technologie & IT,Malanville,+229 26 14 55 47,cyber.technologie.malanville@cyber.technologie.malanville.com,cybertechnologiemalanville.bj,PME (50-200),B2C,Google Maps,3.2,Actif,2026-06-29T00:15:34.185368,haute
BJ-956BD3EC,Cloud Système Tech,Technologie & IT,Kandi,+229 77 81 92 43,cloud.système.tech@cloud.système.tech.net,cloudsystèmetech.bj,PME (50-200),B2C,Google Maps,3.6,Actif,2026-06-29T00:15:34.185420,haute
BJ-BE25A7D0,Web Kandi,Technologie & IT,Kandi,+229 36 81 22 62,web.kandi@web.kandi.org,webkandi.bj,PME (10-50),B2C,Google Maps,3.1,Actif,2026-06-29T00:15:34.185434,haute
BJ-E71CDB81,Système,Technologie & IT,Kandi,+229 20 72 20 54,système@système.bj,,PME (10-50),B2B,Google Maps,3.5,Actif,2026-06-29T00:15:34.185448,moyenne
BJ-E4FB9060,Cyber Solutions,Technologie & IT,Kandi,+229 62 59 47 20,cyber.solutions@cyber.solutions.benin,cybersolutions.bj,Grande (>200),B2B,Google Maps,5.0,Actif,2026-06-29T00:15:34.185462,haute
BJ-38F6102D,Mobile SARL Banikoara,Technologie & IT,Banikoara,+229 44 20 74 46,mobile.sarl.banikoara@mobile.sarl.banikoara.benin,mobilesarlbanikoara.bj,PME (50-200),B2C,Google Maps,3.5,Actif,2026-06-29T00:15:34.185487,haute
BJ-F5DE2A43,Cyber Cyber Africa,Technologie & IT,Banikoara,+229 73 47 12 17,cyber.cyber.africa@cyber.cyber.africa.org,cybercyberafrica.bj,TPE (<10),B2C,Google Maps,4.0,Actif,2026-06-29T00:15:34.185505,haute
BJ-31001822,Cloud AI Tech,Technologie & IT,Banikoara,+229 23 69 12 93,,cloudaitech.bj,PME (50-200),B2C,Google Maps,3.6,Actif,2026-06-29T00:15:34.185521,moyenne
BJ-44662091,Network SARL,Technologie & IT,Banikoara,+229 99 80 16 86,network.sarl@network.sarl.bj,,TPE (<10),B2C,Google Maps,4.7,Actif,2026-06-29T00:15:34.185535,moyenne
BJ-C5D01010,Cyber Bénin Banikoara,Technologie & IT,Banikoara,+229 34 14 87 99,cyber.bénin.banikoara@cyber.bénin.banikoara.org,cyberbéninbanikoara.bj,TPE (<10),B2B,Google Maps,3.5,Actif,2026-06-29T00:15:34.185554,haute
BJ-25C3F2EC,Smart Intelligence,Technologie & IT,Ségbana,+229 38 72 54 10,smart.intelligence@smart.intelligence.com,smartintelligence.bj,PME (10-50),B2C,Google Maps,4.4,Actif,2026-06-29T00:15:34.185579,haute
BJ-6FEB128D,Soft Logiciel Tech,Technologie & IT,Ségbana,+229 86 59 14 63,soft.logiciel.tech@soft.logiciel.tech.org,softlogicieltech.bj,Grande (>200),B2C,Google Maps,3.5,Actif,2026-06-29T00:15:34.185594,haute
BJ-AC42D952,Net Web Digital,Technologie & IT,Ségbana,+229 48 60 47 99,net.web.digital@net.web.digital.benin,netwebdigital.bj,Grande (>200),B2B,Google Maps,3.7,Actif,2026-06-29T00:15:34.185609,haute
BJ-D44C933F,Tech Solution,Technologie & IT,Ségbana,+229 32 10 97 56,tech.solution@tech.solution.benin,techsolution.bj,PME (50-200),B2C,Google Maps,3.9,Actif,2026-06-29T00:15:34.185623,haute
BJ-D466B90A,Data,Technologie & IT,Ségbana,+229 22 58 96 79,data@data.com,data.bj,TPE (<10),B2C,Google Maps,4.4,Actif,2026-06-29T00:15:34.185637,haute
BJ-2C23E2D6,Intelligence Karimama,Technologie & IT,Karimama,+229 54 60 76 13,intelligence.karimama@intelligence.karimama.benin,intelligencekarimama.bj,TPE (<10),B2B,Google Maps,3.6,Actif,2026-06-29T00:15:34.185658,haute
BJ-F4072F76,Digital Application,Technologie & IT,Karimama,+229 74 88 52 13,digital.application@digital.application.bj,digitalapplication.bj,TPE (<10),B2B,Google Maps,4.7,Actif,2026-06-29T00:15:34.185675,haute
BJ-338321E0,Soft Mobile,Technologie & IT,Karimama,+229 78 79 18 97,soft.mobile@soft.mobile.org,softmobile.bj,TPE (<10),B2B,Google Maps,4.9,Actif,2026-06-29T00:15:34.185691,haute
BJ-AE23ADA2,Data Logiciel,Technologie & IT,Karimama,+229 37 75 30 69,data.logiciel@data.logiciel.bj,datalogiciel.bj,TPE (<10),B2C,Google Maps,4.5,Actif,2026-06-29T00:15:34.185704,haute
BJ-1E313F2E,Application Karimama,Technologie & IT,Karimama,+229 88 79 85 56,application.karimama@application.karimama.bj,applicationkarimama.bj,TPE (<10),B2C,Google Maps,4.9,Actif,2026-06-29T00:15:34.185718,haute
BJ-FD07282F,Solution,Technologie & IT,Gogounou,+229 78 70 42 71,,solution.bj,TPE (<10),B2C,Google Maps,4.4,Actif,2026-06-29T00:15:34.185737,moyenne
BJ-41A0C9AD,Network Digital,Technologie & IT,Gogounou,+229 28 72 56 18,network.digital@network.digital.com,networkdigital.bj,PME (50-200),B2B,Google Maps,4.4,Actif,2026-06-29T00:15:34.185754,haute
BJ-D2CCCDB7,AI,Technologie & IT,Gogounou,+229 23 18 25 10,ai@ai.net,ai.bj,TPE (<10),B2B,Google Maps,3.9,Actif,2026-06-29T00:15:34.185769,haute
BJ-BB5A0C84,Informatique,Technologie & IT,Gogounou,+229 69 95 19 56,informatique@informatique.net,informatique.bj,PME (10-50),B2C,Google Maps,3.2,Actif,2026-06-29T00:15:34.185783,haute
BJ-8A0FA043,Smart Web,Technologie & IT,Gogounou,+229 91 14 52 87,smart.web@smart.web.com,smartweb.bj,TPE (<10),B2B,Google Maps,4.6,Actif,2026-06-29T00:15:34.185797,haute
BJ-6A04125A,Tech Data Soft Cobly,Technologie & IT,Cobly,+229 45 76 27 54,tech.data.soft.cobly@tech.data.soft.cobly.com,techdatasoftcobly.bj,PME (50-200),B2C,Google Maps,4.6,Actif,2026-06-29T00:15:34.185817,haute
BJ-77522FD4,Application Bénin,Technologie & IT,Cobly,+229 40 10 15 89,application.bénin@application.bénin.benin,,TPE (<10),B2C,Google Maps,4.5,Actif,2026-06-29T00:15:34.185836,moyenne
BJ-01AA654F,Mobile International,Technologie & IT,Cobly,+229 43 61 78 68,mobile.international@mobile.international.bj,mobileinternational.bj,PME (50-200),B2B,Google Maps,4.2,Actif,2026-06-29T00:15:34.185851,haute
BJ-84E23500,Net Solution Cobly,Technologie & IT,Cobly,+229 51 53 49 56,net.solution.cobly@net.solution.cobly.com,netsolutioncobly.bj,PME (10-50),B2C,Google Maps,4.2,Actif,2026-06-29T00:15:34.185865,haute
BJ-B9BB693C,Cloud Solution Africa,Technologie & IT,Tanguiéta,+229 99 23 51 27,cloud.solution.africa@cloud.solution.africa.net,cloudsolutionafrica.bj,Grande (>200),B2B,Google Maps,3.6,Actif,2026-06-29T00:15:34.185920,haute
BJ-6064340B,Security Systems,Technologie & IT,Tanguiéta,+229 21 44 53 96,security.systems@security.systems.com,securitysystems.bj,Grande (>200),B2B,Google Maps,4.5,Actif,2026-06-29T00:15:34.185935,haute
BJ-0DCE958F,Soft Security Systems,Technologie & IT,Tanguiéta,+229 45 88 44 18,soft.security.systems@soft.security.systems.org,softsecuritysystems.bj,PME (10-50),B2C,Google Maps,4.0,Actif,2026-06-29T00:15:34.185949,haute
BJ-E6DA54E1,Informatique,Technologie & IT,Tanguiéta,+229 45 76 76 53,informatique@informatique.org,informatique.bj,TPE (<10),B2B,Google Maps,3.7,Actif,2026-06-29T00:15:34.185967,haute
BJ-C5F9AEBF,Intelligence Solutions,Technologie & IT,Tanguiéta,+229 45 61 23 57,intelligence.solutions@intelligence.solutions.com,intelligencesolutions.bj,TPE (<10),B2B,Google Maps,4.2,Actif,2026-06-29T00:15:34.185982,haute
BJ-8A7B7AB6,Digital Solution,Technologie & IT,Matéri,+229 48 59 45 25,digital.solution@digital.solution.benin,digitalsolution.bj,PME (10-50),B2C,Google Maps,3.5,Actif,2026-06-29T00:15:34.186009,haute
BJ-8555902E,Cyber Data,Technologie & IT,Matéri,+229 67 20 49 29,cyber.data@cyber.data.bj,cyberdata.bj,Grande (>200),B2B,Google Maps,4.9,Actif,2026-06-29T00:15:34.186028,haute
BJ-F7D4239A,Digital Web,Technologie & IT,Matéri,+229 64 22 15 35,,,PME (50-200),B2C,Google Maps,5.0,Actif,2026-06-29T00:15:34.186043,basse
BJ-1DFAE322,Digital Tech,Technologie & IT,Matéri,+229 52 37 77 31,,digitaltech.bj,PME (50-200),B2B,Google Maps,3.8,Actif,2026-06-29T00:15:34.186056,moyenne
BJ-220411E3,Développement,Technologie & IT,Matéri,+229 33 25 14 22,,développement.bj,TPE (<10),B2B,Google Maps,3.7,Actif,2026-06-29T00:15:34.186074,moyenne
BJ-DD4989BD,Data Network,Technologie & IT,Natitingou,+229 44 63 15 82,data.network@data.network.net,datanetwork.bj,TPE (<10),B2C,Google Maps,4.6,Actif,2026-06-29T00:15:34.186111,haute
BJ-273C2874,Digital Informatique International,Technologie & IT,Natitingou,+229 93 66 80 73,digital.informatique.international@digital.informatique.international.com,digitalinformatiqueinternational.bj,TPE (<10),B2B,Google Maps,3.4,Actif,2026-06-29T00:15:34.186126,haute
BJ-B64505BC,Technologie Systems,Technologie & IT,Natitingou,+229 56 29 23 84,technologie.systems@technologie.systems.com,technologiesystems.bj,TPE (<10),B2C,Google Maps,3.6,Actif,2026-06-29T00:15:34.186140,haute
BJ-BAE5D596,Digital Application,Technologie & IT,Natitingou,+229 25 24 79 62,digital.application@digital.application.com,,TPE (<10),B2B,Google Maps,3.6,Actif,2026-06-29T00:15:34.186154,moyenne
BJ-4A9659F4,Solution,Technologie & IT,Toucountouna,+229 48 45 81 64,solution@solution.com,solution.bj,PME (10-50),B2B,Google Maps,5.0,Actif,2026-06-29T00:15:34.186174,haute
BJ-35D95846,Technologie,Technologie & IT,Toucountouna,+229 25 35 54 24,technologie@technologie.bj,technologie.bj,Grande (>200),B2C,Google Maps,4.0,Actif,2026-06-29T00:15:34.186206,haute
BJ-0AB1BB68,Web SARL Toucountouna,Technologie & IT,Toucountouna,+229 61 64 27 24,,websarltoucountouna.bj,PME (50-200),B2C,Google Maps,4.7,Actif,2026-06-29T00:15:34.186223,moyenne
BJ-D613701C,Digital Web Systems,Technologie & IT,Toucountouna,+229 41 91 26 94,digital.web.systems@digital.web.systems.com,digitalwebsystems.bj,PME (50-200),B2B,Google Maps,3.6,Actif,2026-06-29T00:15:34.186236,haute
BJ-58ECC8FF,Digital Mobile Africa Boukoumbé,Technologie & IT,Boukoumbé,+229 94 72 15 82,digital.mobile.africa.boukoumbé@digital.mobile.africa.boukoumbé.benin,digitalmobileafricaboukoumbé.bj,TPE (<10),B2C,Google Maps,3.3,Actif,2026-06-29T00:15:34.186263,haute
BJ-DEF27F4F,Net Data Tech,Technologie & IT,Boukoumbé,+229 59 53 40 33,net.data.tech@net.data.tech.net,netdatatech.bj,TPE (<10),B2C,Google Maps,4.4,Actif,2026-06-29T00:15:34.186278,haute
BJ-9088EF33,Intelligence Africa,Technologie & IT,Boukoumbé,+229 39 88 45 59,intelligence.africa@intelligence.africa.com,intelligenceafrica.bj,TPE (<10),B2B,Google Maps,3.2,Actif,2026-06-29T00:15:34.186293,haute
BJ-B91F8787,Informatique,Technologie & IT,Boukoumbé,+229 71 70 65 76,informatique@informatique.com,informatique.bj,TPE (<10),B2B,Google Maps,3.4,Actif,2026-06-29T00:15:34.186307,haute
BJ-470A241C,Tech AI,Technologie & IT,Boukoumbé,+229 27 87 38 12,tech.ai@tech.ai.benin,techai.bj,Grande (>200),B2C,Google Maps,3.6,Actif,2026-06-29T00:15:34.186321,haute
BJ-002D5DC9,Cloud Logiciel,Technologie & IT,Kouandé,+229 91 16 98 81,cloud.logiciel@cloud.logiciel.net,cloudlogiciel.bj,PME (50-200),B2B,Google Maps,3.3,Actif,2026-06-29T00:15:34.186341,haute
BJ-E7A9B53C,Web,Technologie & IT,Kouandé,+229 88 41 76 49,web@web.benin,,TPE (<10),B2B,Google Maps,3.9,Actif,2026-06-29T00:15:34.186380,moyenne
BJ-FC5D5375,Net Data SARL,Technologie & IT,Kouandé,+229 43 55 86 33,net.data.sarl@net.data.sarl.bj,netdatasarl.bj,PME (10-50),B2B,Google Maps,3.8,Actif,2026-06-29T00:15:34.186395,haute
BJ-F622BC35,Intelligence Bénin,Technologie & IT,Kouandé,+229 30 47 92 17,intelligence.bénin@intelligence.bénin.benin,intelligencebénin.bj,PME (10-50),B2B,Google Maps,4.9,Actif,2026-06-29T00:15:34.186410,haute
BJ-603DFB06,Cloud Network International Péhunco,Technologie & IT,Péhunco,+229 58 18 81 45,cloud.network.international.péhunco@cloud.network.international.péhunco.com,cloudnetworkinternationalpéhunco.bj,PME (50-200),B2C,Google Maps,3.2,Actif,2026-06-29T00:15:34.186432,haute
BJ-45408F3F,Tech Système,Technologie & IT,Péhunco,+229 34 19 44 14,tech.système@tech.système.bj,techsystème.bj,PME (50-200),B2C,Google Maps,3.4,Actif,2026-06-29T00:15:34.186447,haute
BJ-DD344714,Soft Cloud Tech Péhunco,Technologie & IT,Péhunco,+229 67 41 10 75,soft.cloud.tech.péhunco@soft.cloud.tech.péhunco.benin,,PME (10-50),B2B,Google Maps,4.4,Actif,2026-06-29T00:15:34.186461,moyenne
BJ-42CF1288,Tech Mobile Africa,Technologie & IT,Péhunco,+229 71 98 68 29,,techmobileafrica.bj,TPE (<10),B2C,Google Maps,3.2,Actif,2026-06-29T00:15:34.186478,moyenne
BJ-1CBD3091,Digital Data Soft,Technologie & IT,Péhunco,+229 71 20 36 24,digital.data.soft@digital.data.soft.com,digitaldatasoft.bj,PME (50-200),B2C,Google Maps,4.9,Actif,2026-06-29T00:15:34.186493,haute
BJ-CAA35B4D,Soft Cyber SARL,Technologie & IT,Tchaourou,+229 59 57 89 51,soft.cyber.sarl@soft.cyber.sarl.org,softcybersarl.bj,TPE (<10),B2B,Google Maps,3.7,Actif,2026-06-29T00:15:34.186512,haute
BJ-E59BF9F9,Tech Web Africa Tchaourou,Technologie & IT,Tchaourou,+229 90 93 43 78,tech.web.africa.tchaourou@tech.web.africa.tchaourou.benin,techwebafricatchaourou.bj,Grande (>200),B2C,Google Maps,3.3,Actif,2026-06-29T00:15:34.186533,haute
BJ-6D79FBD5,Smart Cloud,Technologie & IT,Tchaourou,+229 46 11 55 28,smart.cloud@smart.cloud.bj,smartcloud.bj,Grande (>200),B2B,Google Maps,4.2,Actif,2026-06-29T00:15:34.186547,haute
BJ-40E7D9F7,Data Informatique Solutions,Technologie & IT,Tchaourou,+229 79 39 61 78,data.informatique.solutions@data.informatique.solutions.bj,datainformatiquesolutions.bj,TPE (<10),B2B,Google Maps,3.9,Actif,2026-06-29T00:15:34.186561,haute
BJ-E1D59AAF,Net AI Tchaourou,Technologie & IT,Tchaourou,+229 60 98 96 92,net.ai.tchaourou@net.ai.tchaourou.org,,TPE (<10),B2B,Google Maps,3.4,Actif,2026-06-29T00:15:34.186574,moyenne
BJ-78C778C5,Système Africa Nikki,Technologie & IT,Nikki,+229 80 78 13 31,,systèmeafricanikki.bj,TPE (<10),B2C,Google Maps,3.3,Actif,2026-06-29T00:15:34.186593,moyenne
BJ-8DACF755,Tech Cyber Nikki,Technologie & IT,Nikki,+229 63 18 71 24,tech.cyber.nikki@tech.cyber.nikki.com,,TPE (<10),B2C,Google Maps,3.2,Actif,2026-06-29T00:15:34.186607,moyenne
BJ-21D0DC2E,Développement Solutions,Technologie & IT,Nikki,+229 80 57 46 16,développement.solutions@développement.solutions.net,développementsolutions.bj,PME (10-50),B2B,Google Maps,3.2,Actif,2026-06-29T00:15:34.186622,haute
BJ-E2CECBF7,Digital Network Solutions,Technologie & IT,Nikki,+229 87 69 93 20,digital.network.solutions@digital.network.solutions.bj,digitalnetworksolutions.bj,PME (10-50),B2B,Google Maps,3.6,Actif,2026-06-29T00:15:34.186635,haute
BJ-8B615B05,Soft Web,Technologie & IT,Nikki,+229 29 86 12 99,soft.web@soft.web.com,softweb.bj,TPE (<10),B2B,Google Maps,3.4,Actif,2026-06-29T00:15:34.186649,haute
BJ-DD6DB45A,Tech Logiciel Soft,Technologie & IT,Bembéréké,+229 51 84 50 28,tech.logiciel.soft@tech.logiciel.soft.org,techlogicielsoft.bj,TPE (<10),B2C,Google Maps,3.4,Actif,2026-06-29T00:15:34.186686,haute
BJ-FCCBE1FE,Cyber Cyber Solutions,Technologie & IT,Bembéréké,+229 89 73 91 74,cyber.cyber.solutions@cyber.cyber.solutions.bj,cybercybersolutions.bj,Grande (>200),B2C,Google Maps,3.6,Actif,2026-06-29T00:15:34.186703,haute
BJ-B2BB9D49,Net Web,Technologie & IT,Bembéréké,+229 83 85 13 85,net.web@net.web.benin,netweb.bj,PME (10-50),B2B,Google Maps,3.4,Actif,2026-06-29T00:15:34.186717,haute
BJ-71E061C6,Mobile,Technologie & IT,Kalalé,+229 52 49 13 87,,mobile.bj,Grande (>200),B2C,Google Maps,4.6,Actif,2026-06-29T00:15:34.186748,moyenne
BJ-DB7A44F1,Système,Technologie & IT,Kalalé,+229 71 42 76 68,,système.bj,PME (50-200),B2C,Google Maps,3.4,Actif,2026-06-29T00:15:34.186761,moyenne
BJ-41C71846,Digital Cyber Digital,Technologie & IT,Kalalé,+229 30 58 25 68,digital.cyber.digital@digital.cyber.digital.org,digitalcyberdigital.bj,TPE (<10),B2C,Google Maps,4.2,Actif,2026-06-29T00:15:34.186775,haute
BJ-1F4F3083,Net Digital Tech,Technologie & IT,Kalalé,+229 84 71 32 54,net.digital.tech@net.digital.tech.org,netdigitaltech.bj,PME (50-200),B2B,Google Maps,3.5,Actif,2026-06-29T00:15:34.186788,haute
BJ-8CC39E40,Cyber Cloud Africa,Technologie & IT,Kalalé,+229 52 23 66 89,cyber.cloud.africa@cyber.cloud.africa.net,cybercloudafrica.bj,PME (50-200),B2B,Google Maps,3.8,Actif,2026-06-29T00:15:34.186801,haute
BJ-0865E447,Solution Solutions,Technologie & IT,Ndali,+229 29 69 64 65,solution.solutions@solution.solutions.net,solutionsolutions.bj,PME (50-200),B2C,Google Maps,5.0,Actif,2026-06-29T00:15:34.186824,haute
BJ-F00CB153,Cloud Systems Ndali,Technologie & IT,Ndali,+229 54 55 37 96,cloud.systems.ndali@cloud.systems.ndali.net,cloudsystemsndali.bj,PME (10-50),B2C,Google Maps,3.3,Actif,2026-06-29T00:15:34.186841,haute
BJ-E06B519C,Cloud Digital Ndali,Technologie & IT,Ndali,+229 41 46 52 41,cloud.digital.ndali@cloud.digital.ndali.com,clouddigitalndali.bj,Grande (>200),B2C,Google Maps,3.8,Actif,2026-06-29T00:15:34.186856,haute
BJ-703B1876,Net Data Soft Ndali,Technologie & IT,Ndali,+229 58 36 85 40,net.data.soft.ndali@net.data.soft.ndali.org,netdatasoftndali.bj,PME (10-50),B2B,Google Maps,3.3,Actif,2026-06-29T00:15:34.186868,haute
BJ-C80C4D17,Digital Network,Technologie & IT,Ndali,+229 52 24 99 90,,digitalnetwork.bj,PME (50-200),B2B,Google Maps,4.3,Actif,2026-06-29T00:15:34.186881,moyenne
BJ-EA473771,Net Data Africa,Technologie & IT,Ségbana,+229 72 29 50 97,net.data.africa@net.data.africa.bj,,PME (50-200),B2C,Google Maps,4.5,Actif,2026-06-29T00:15:34.186914,moyenne
BJ-6ED06ABC,Cloud Intelligence,Technologie & IT,Ségbana,+229 42 81 55 58,cloud.intelligence@cloud.intelligence.net,cloudintelligence.bj,TPE (<10),B2B,Google Maps,4.6,Actif,2026-06-29T00:15:34.186947,haute
BJ-A4ECF95A,Digital Ségbana,Technologie & IT,Ségbana,+229 32 48 95 49,digital.ségbana@digital.ségbana.com,digitalségbana.bj,TPE (<10),B2B,Google Maps,4.9,Actif,2026-06-29T00:15:34.186962,haute
BJ-7D194819,Système Africa Ségbana,Technologie & IT,Ségbana,+229 25 23 50 19,système.africa.ségbana@système.africa.ségbana.org,systèmeafricaségbana.bj,TPE (<10),B2B,Google Maps,4.9,Actif,2026-06-29T00:15:34.186982,haute
BJ-69748A94,Soft Logiciel,Technologie & IT,Tchaourou,+229 69 30 85 99,,softlogiciel.bj,PME (10-50),B2B,Google Maps,4.5,Actif,2026-06-29T00:15:34.187001,moyenne
BJ-9E1364C6,AI Tchaourou,Technologie & IT,Tchaourou,+229 38 52 59 54,ai.tchaourou@ai.tchaourou.net,aitchaourou.bj,PME (10-50),B2C,Google Maps,4.9,Actif,2026-06-29T00:15:34.187019,haute
BJ-0C264168,Cloud Web,Technologie & IT,Tchaourou,+229 74 20 61 11,cloud.web@cloud.web.net,,Grande (>200),B2C,Google Maps,3.2,Actif,2026-06-29T00:15:34.187033,moyenne
BJ-957EF850,Cyber Digital Solutions,Technologie & IT,Tchaourou,+229 71 82 90 70,cyber.digital.solutions@cyber.digital.solutions.com,cyberdigitalsolutions.bj,TPE (<10),B2B,Google Maps,3.4,Actif,2026-06-29T00:15:34.187046,haute
BJ-764110D9,Cloud Africa,Technologie & IT,Tchaourou,+229 35 24 45 11,cloud.africa@cloud.africa.org,cloudafrica.bj,TPE (<10),B2C,Google Maps,4.1,Actif,2026-06-29T00:15:34.187060,haute
BJ-446D3257,Solution Soft,Technologie & IT,Bétérou,+229 63 75 51 49,solution.soft@solution.soft.com,solutionsoft.bj,PME (10-50),B2C,Google Maps,4.4,Actif,2026-06-29T00:15:34.187083,haute
BJ-79BA1FED,Système Bétérou,Technologie & IT,Bétérou,+229 99 34 27 38,système.bétérou@système.bétérou.bj,systèmebétérou.bj,PME (10-50),B2B,Google Maps,3.6,Actif,2026-06-29T00:15:34.187099,haute
BJ-70CC3B1E,Smart Technologie,Technologie & IT,Bétérou,+229 76 58 84 44,smart.technologie@smart.technologie.org,,PME (50-200),B2C,Google Maps,4.2,Actif,2026-06-29T00:15:34.187112,moyenne
BJ-AF052DE6,Data Intelligence Soft,Technologie & IT,Bétérou,+229 35 62 56 39,data.intelligence.soft@data.intelligence.soft.bj,,TPE (<10),B2C,Google Maps,3.2,Actif,2026-06-29T00:15:34.187125,moyenne
BJ-79008999,Intelligence,Technologie & IT,Bétérou,+229 85 59 84 69,intelligence@intelligence.benin,intelligence.bj,TPE (<10),B2B,Google Maps,3.3,Actif,2026-06-29T00:15:34.187142,haute
BJ-49F857BA,Cloud Cloud Systems Ouessè,Technologie & IT,Ouessè,+229 31 13 69 45,cloud.cloud.systems.ouessè@cloud.cloud.systems.ouessè.org,cloudcloudsystemsouessè.bj,TPE (<10),B2C,Google Maps,4.9,Actif,2026-06-29T00:15:34.187182,haute
BJ-E307DA86,Smart Mobile Digital Ouessè,Technologie & IT,Ouessè,+229 66 54 94 31,smart.mobile.digital.ouessè@smart.mobile.digital.ouessè.com,smartmobiledigitalouessè.bj,TPE (<10),B2C,Google Maps,3.8,Actif,2026-06-29T00:15:34.187197,haute
BJ-82D984B5,Data Cloud,Technologie & IT,Ouessè,+229 24 23 53 38,data.cloud@data.cloud.org,datacloud.bj,TPE (<10),B2C,Google Maps,3.8,Actif,2026-06-29T00:15:34.187211,haute
BJ-91FBE1EE,Système,Technologie & IT,Ouessè,+229 75 36 97 15,système@système.org,système.bj,TPE (<10),B2C,Google Maps,4.8,Actif,2026-06-29T00:15:34.187226,haute
BJ-F3794B65,Soft Logiciel,Technologie & IT,Glazoué,+229 82 48 23 49,soft.logiciel@soft.logiciel.net,softlogiciel.bj,PME (10-50),B2C,Google Maps,3.1,Actif,2026-06-29T00:15:34.187245,haute
BJ-51FC83E3,Application Soft,Technologie & IT,Glazoué,+229 98 30 92 42,application.soft@application.soft.bj,,PME (10-50),B2B,Google Maps,4.9,Actif,2026-06-29T00:15:34.187258,moyenne
BJ-321AB892,Data Développement Bénin Glazoué,Technologie & IT,Glazoué,+229 82 80 75 57,data.développement.bénin.glazoué@data.développement.bénin.glazoué.org,datadéveloppementbéninglazoué.bj,TPE (<10),B2C,Google Maps,3.8,Actif,2026-06-29T00:15:34.187287,haute
BJ-8AB246BD,Cyber Africa,Technologie & IT,Glazoué,+229 23 63 49 19,cyber.africa@cyber.africa.net,cyberafrica.bj,Grande (>200),B2B,Google Maps,3.2,Actif,2026-06-29T00:15:34.187301,haute
BJ-67F652B4,Cloud AI SARL,Technologie & IT,Dassa-Zoumè,+229 58 90 85 64,cloud.ai.sarl@cloud.ai.sarl.bj,cloudaisarl.bj,PME (10-50),B2B,Google Maps,4.8,Actif,2026-06-29T00:15:34.187320,haute
BJ-F7C9E014,Cloud AI,Technologie & IT,Dassa-Zoumè,+229 45 56 74 80,cloud.ai@cloud.ai.net,cloudai.bj,TPE (<10),B2B,Google Maps,3.0,Actif,2026-06-29T00:15:34.187337,haute
BJ-53D20ED7,Web Tech,Technologie & IT,Dassa-Zoumè,+229 57 19 95 60,web.tech@web.tech.com,webtech.bj,PME (50-200),B2B,Google Maps,3.1,Actif,2026-06-29T00:15:34.187351,haute
BJ-479CB208,Développement Systems,Technologie & IT,Dassa-Zoumè,+229 62 38 43 57,développement.systems@développement.systems.net,développementsystems.bj,PME (10-50),B2B,Google Maps,3.6,Actif,2026-06-29T00:15:34.187369,haute
BJ-0FE7FCDF,Cloud Mobile International,Technologie & IT,Dassa-Zoumè,+229 78 63 67 37,cloud.mobile.international@cloud.mobile.international.com,cloudmobileinternational.bj,TPE (<10),B2B,Google Maps,4.9,Actif,2026-06-29T00:15:34.187384,haute
BJ-4DB78D7C,Tech AI Solutions Savalou,Technologie & IT,Savalou,+229 53 34 38 22,,techaisolutionssavalou.bj,PME (10-50),B2B,Google Maps,3.2,Actif,2026-06-29T00:15:34.187406,moyenne
BJ-E4D3BCF6,Data Système Tech,Technologie & IT,Savalou,+229 89 28 91 68,,datasystèmetech.bj,PME (10-50),B2C,Google Maps,3.8,Actif,2026-06-29T00:15:34.187421,moyenne
BJ-715D60BB,Système,Technologie & IT,Savalou,+229 96 97 73 28,système@système.net,système.bj,TPE (<10),B2B,Google Maps,4.7,Actif,2026-06-29T00:15:34.187435,haute
BJ-69B087D3,Net Application,Technologie & IT,Savalou,+229 28 33 47 99,net.application@net.application.com,netapplication.bj,Grande (>200),B2B,Google Maps,4.1,Actif,2026-06-29T00:15:34.187449,haute
BJ-444B2327,Net AI,Technologie & IT,Bantè,+229 83 66 56 37,net.ai@net.ai.bj,netai.bj,PME (10-50),B2C,Google Maps,3.4,Actif,2026-06-29T00:15:34.187481,haute
BJ-BB408AB2,Cyber Mobile,Technologie & IT,Bantè,+229 84 80 91 99,cyber.mobile@cyber.mobile.org,,PME (10-50),B2C,Google Maps,3.8,Actif,2026-06-29T00:15:34.187498,moyenne
BJ-A128C06B,Cyber Data,Technologie & IT,Bantè,+229 47 66 85 15,cyber.data@cyber.data.benin,cyberdata.bj,TPE (<10),B2B,Google Maps,4.0,Actif,2026-06-29T00:15:34.187526,haute
BJ-52103186,AI Africa,Technologie & IT,Bantè,+229 85 82 32 59,ai.africa@ai.africa.org,aiafrica.bj,PME (10-50),B2C,Google Maps,4.6,Actif,2026-06-29T00:15:34.187539,haute
BJ-EB3A0CFF,Technologie,Technologie & IT,Djougou,+229 76 52 92 73,technologie@technologie.net,technologie.bj,PME (50-200),B2B,Google Maps,4.8,Actif,2026-06-29T00:15:34.187558,haute
BJ-21F02CD2,Security,Technologie & IT,Djougou,+229 46 75 56 99,security@security.org,security.bj,TPE (<10),B2B,Google Maps,4.6,Actif,2026-06-29T00:15:34.187572,haute
BJ-D23A6B1C,Solution,Technologie & IT,Djougou,+229 74 82 45 24,solution@solution.net,solution.bj,TPE (<10),B2B,Google Maps,4.9,Actif,2026-06-29T00:15:34.187598,haute
BJ-8E3C325E,Application Solutions,Technologie & IT,Djougou,+229 43 90 37 29,,applicationsolutions.bj,PME (10-50),B2C,Google Maps,3.9,Actif,2026-06-29T00:15:34.187614,moyenne
BJ-0410ACC6,Smart Digital Africa Ouèssè,Technologie & IT,Ouèssè,+229 63 45 73 71,smart.digital.africa.ouèssè@smart.digital.africa.ouèssè.org,smartdigitalafricaouèssè.bj,PME (10-50),B2C,Google Maps,4.0,Actif,2026-06-29T00:15:34.187635,haute
BJ-F5C7376A,Smart Cyber Digital,Technologie & IT,Ouèssè,+229 60 27 30 84,smart.cyber.digital@smart.cyber.digital.bj,smartcyberdigital.bj,TPE (<10),B2B,Google Maps,3.5,Actif,2026-06-29T00:15:34.187652,haute
BJ-B7683A4C,Digital Digital Bénin,Technologie & IT,Ouèssè,+229 40 56 85 84,digital.digital.bénin@digital.digital.bénin.bj,digitaldigitalbénin.bj,Grande (>200),B2C,Google Maps,4.7,Actif,2026-06-29T00:15:34.187667,haute
BJ-6916D852,Intelligence Systems,Technologie & IT,Ouèssè,+229 34 67 64 54,intelligence.systems@intelligence.systems.benin,intelligencesystems.bj,PME (50-200),B2B,Google Maps,3.1,Actif,2026-06-29T00:15:34.187681,haute
BJ-A5E697F9,Data Application,Technologie & IT,Ouèssè,+229 38 67 49 14,data.application@data.application.bj,dataapplication.bj,TPE (<10),B2B,Google Maps,4.0,Actif,2026-06-29T00:15:34.187694,haute
BJ-43BFA529,Data Security,Technologie & IT,Bassila,+229 86 43 95 51,data.security@data.security.benin,datasecurity.bj,TPE (<10),B2C,Google Maps,4.9,Actif,2026-06-29T00:15:34.187713,haute
BJ-E0FCE739,Cyber SARL,Technologie & IT,Bassila,+229 90 18 54 31,cyber.sarl@cyber.sarl.benin,cybersarl.bj,PME (10-50),B2B,Google Maps,3.6,Actif,2026-06-29T00:15:34.187727,haute
BJ-0ABA75E0,Tech Développement Soft Bassila,Technologie & IT,Bassila,+229 42 25 64 98,tech.développement.soft.bassila@tech.développement.soft.bassila.org,techdéveloppementsoftbassila.bj,PME (10-50),B2B,Google Maps,4.3,Actif,2026-06-29T00:15:34.187746,haute
BJ-AFE53913,Smart Data Bénin Bassila,Technologie & IT,Bassila,+229 66 43 98 99,smart.data.bénin.bassila@smart.data.bénin.bassila.org,smartdatabéninbassila.bj,TPE (<10),B2B,Google Maps,3.1,Actif,2026-06-29T00:15:34.187762,haute
BJ-9778A43D,Cloud Technologie Systems,Technologie & IT,Bassila,+229 25 72 14 55,cloud.technologie.systems@cloud.technologie.systems.org,cloudtechnologiesystems.bj,TPE (<10),B2B,Google Maps,4.4,Actif,2026-06-29T00:15:34.187781,haute
BJ-5D97D54F,Cloud Mobile,Technologie & IT,Pehunco,+229 76 19 89 50,cloud.mobile@cloud.mobile.net,cloudmobile.bj,PME (50-200),B2B,Google Maps,4.7,Actif,2026-06-29T00:15:34.187802,haute
BJ-B2CA999B,AI,Technologie & IT,Pehunco,+229 43 21 44 32,ai@ai.benin,ai.bj,TPE (<10),B2B,Google Maps,4.7,Actif,2026-06-29T00:15:34.187819,haute
BJ-73B72645,Digital Développement,Technologie & IT,Pehunco,+229 89 85 72 40,digital.développement@digital.développement.benin,,PME (10-50),B2C,Google Maps,3.3,Actif,2026-06-29T00:15:34.187833,moyenne
BJ-3A1A3FED,Logiciel,Technologie & IT,Pehunco,+229 90 17 71 39,logiciel@logiciel.com,logiciel.bj,PME (10-50),B2B,Google Maps,4.2,Actif,2026-06-29T00:15:34.187850,haute
BJ-5BD2393B,Security Africa,Technologie & IT,Pehunco,+229 33 66 36 69,security.africa@security.africa.benin,securityafrica.bj,PME (10-50),B2B,Google Maps,4.7,Actif,2026-06-29T00:15:34.187865,haute
BJ-407BA4BE,Cyber,Technologie & IT,Copargo,+229 27 31 53 61,cyber@cyber.net,cyber.bj,PME (10-50),B2C,Google Maps,4.3,Actif,2026-06-29T00:15:34.187885,haute
BJ-EDD66578,AI Copargo,Technologie & IT,Copargo,+229 64 86 69 80,ai.copargo@ai.copargo.org,aicopargo.bj,TPE (<10),B2C,Google Maps,5.0,Actif,2026-06-29T00:15:34.187912,haute
BJ-821E4A05,Technologie Copargo,Technologie & IT,Copargo,+229 77 17 82 77,technologie.copargo@technologie.copargo.bj,technologiecopargo.bj,TPE (<10),B2C,Google Maps,4.3,Actif,2026-06-29T00:15:34.187927,haute
BJ-3B420F2B,Net AI,Technologie & IT,Copargo,+229 73 15 68 61,net.ai@net.ai.bj,netai.bj,Grande (>200),B2B,Google Maps,3.4,Actif,2026-06-29T00:15:34.187940,haute
BJ-AEF1301C,Smart Logiciel Copargo,Technologie & IT,Copargo,+229 70 79 22 98,smart.logiciel.copargo@smart.logiciel.copargo.com,smartlogicielcopargo.bj,PME (50-200),B2C,Google Maps,4.7,Actif,2026-06-29T00:15:34.187953,haute
BJ-E0EA29C7,Industrie Alimentaire SA Cotonou,Industrie & Manufacture,Cotonou,+229 96 22 60 83,industrie.alimentaire.sa.cotonou@industrie.alimentaire.sa.cotonou.org,industriealimentairesacotonou.bj,TPE (<10),B2B,Google Maps,4.8,Actif,2026-06-29T00:15:34.187975,haute
BJ-8C8BBDD1,Alimentaire,Industrie & Manufacture,Cotonou,+229 64 41 74 56,,alimentaire.bj,TPE (<10),B2B,Google Maps,3.7,Actif,2026-06-29T00:15:34.188010,moyenne
BJ-628909F1,Production,Industrie & Manufacture,Cotonou,+229 67 38 62 62,production@production.benin,,TPE (<10),B2B,Google Maps,3.3,Actif,2026-06-29T00:15:34.188035,moyenne
BJ-F42B82AA,Fabrique Pharmaceutique,Industrie & Manufacture,Abomey-Calavi,+229 68 40 55 66,fabrique.pharmaceutique@fabrique.pharmaceutique.benin,fabriquepharmaceutique.bj,PME (10-50),B2B,Google Maps,4.2,Actif,2026-06-29T00:15:34.188055,haute
BJ-9B2B4830,Atelier Chimie Bénin Abomey-Calavi,Industrie & Manufacture,Abomey-Calavi,+229 47 46 48 83,atelier.chimie.bénin.abomeycalavi@atelier.chimie.bénin.abomeycalavi.net,,PME (10-50),B2B,Google Maps,4.9,Actif,2026-06-29T00:15:34.188074,moyenne
BJ-775A29F2,Textile Factory,Industrie & Manufacture,Abomey-Calavi,+229 39 21 37 40,,textilefactory.bj,Grande (>200),B2B,Google Maps,3.1,Actif,2026-06-29T00:15:34.188088,moyenne
BJ-B12F2062,Usine Pharmaceutique,Industrie & Manufacture,Abomey-Calavi,+229 61 26 64 99,,,PME (10-50),B2B,Google Maps,4.1,Actif,2026-06-29T00:15:34.188100,basse
BJ-11127952,Manufacture Automobile SA,Industrie & Manufacture,Abomey-Calavi,+229 20 58 44 45,,,TPE (<10),B2B,Google Maps,3.6,Actif,2026-06-29T00:15:34.188116,basse
BJ-827AAFBC,Fabrique Mécanique Porto-Novo,Industrie & Manufacture,Porto-Novo,+229 69 81 98 94,,,TPE (<10),B2B,Google Maps,3.5,Actif,2026-06-29T00:15:34.188135,basse
BJ-71DC27F8,Alimentaire Groupe,Industrie & Manufacture,Porto-Novo,+229 20 82 22 56,alimentaire.groupe@alimentaire.groupe.benin,,TPE (<10),B2B,Google Maps,3.8,Actif,2026-06-29T00:15:34.188152,moyenne
BJ-59D6A6D9,Atelier Fabrication,Industrie & Manufacture,Porto-Novo,+229 37 22 85 56,,atelierfabrication.bj,PME (50-200),B2B,Google Maps,3.2,Actif,2026-06-29T00:15:34.188166,moyenne
BJ-00D8DC6E,Bois Manufacture,Industrie & Manufacture,Porto-Novo,+229 89 10 84 24,bois.manufacture@bois.manufacture.bj,boismanufacture.bj,PME (50-200),B2B,Google Maps,4.9,Actif,2026-06-29T00:15:34.188179,haute
BJ-A04BA384,Manufacture Chimie Bénin,Industrie & Manufacture,Porto-Novo,+229 96 45 21 68,manufacture.chimie.bénin@manufacture.chimie.bénin.net,manufacturechimiebénin.bj,Grande (>200),B2B,Google Maps,4.8,Actif,2026-06-29T00:15:34.188195,haute
BJ-2F113173,Métal,Industrie & Manufacture,Parakou,+229 44 60 98 84,,,TPE (<10),B2B,Google Maps,4.6,Actif,2026-06-29T00:15:34.188214,basse
BJ-197BB53C,Production Alimentaire,Industrie & Manufacture,Parakou,+229 40 86 43 98,production.alimentaire@production.alimentaire.com,,PME (50-200),B2B,Google Maps,3.8,Actif,2026-06-29T00:15:34.188227,moyenne
BJ-DD972922,Manufacture Plastique,Industrie & Manufacture,Parakou,+229 57 11 69 39,,,PME (10-50),B2B,Google Maps,4.3,Actif,2026-06-29T00:15:34.188239,basse
BJ-88F86302,Pharmaceutique Industry,Industrie & Manufacture,Parakou,+229 86 48 78 12,,,PME (10-50),B2B,Google Maps,3.2,Actif,2026-06-29T00:15:34.188250,basse
BJ-3C2BEF19,Mécanique Factory,Industrie & Manufacture,Parakou,+229 43 69 85 67,mécanique.factory@mécanique.factory.net,mécaniquefactory.bj,TPE (<10),B2B,Google Maps,4.9,Actif,2026-06-29T00:15:34.188268,haute
BJ-8856B5D9,Atelier Alimentaire SA,Industrie & Manufacture,Bohicon,+229 82 84 85 70,atelier.alimentaire.sa@atelier.alimentaire.sa.benin,,PME (10-50),B2B,Google Maps,5.0,Actif,2026-06-29T00:15:34.188287,moyenne
BJ-694F6922,Usine Alimentaire SARL,Industrie & Manufacture,Bohicon,+229 96 34 88 99,,,TPE (<10),B2B,Google Maps,4.4,Actif,2026-06-29T00:15:34.188303,basse
BJ-01C27710,Automobile,Industrie & Manufacture,Bohicon,+229 42 80 23 76,,automobile.bj,PME (50-200),B2B,Google Maps,4.9,Actif,2026-06-29T00:15:34.188327,moyenne
BJ-C9A6389F,Transformation Industry,Industrie & Manufacture,Bohicon,+229 55 72 89 98,,transformationindustry.bj,PME (10-50),B2B,Google Maps,3.0,Actif,2026-06-29T00:15:34.188340,moyenne
BJ-5AD03317,Fabrication Groupe Natitingou,Industrie & Manufacture,Natitingou,+229 85 69 13 66,fabrication.groupe.natitingou@fabrication.groupe.natitingou.benin,,TPE (<10),B2B,Google Maps,3.7,Actif,2026-06-29T00:15:34.188376,moyenne
BJ-FC440532,Atelier Métal Manufacture,Industrie & Manufacture,Natitingou,+229 95 96 70 66,,,Grande (>200),B2B,Google Maps,4.7,Actif,2026-06-29T00:15:34.188389,basse
BJ-7FBA1F44,Usine Alimentaire Africa Natitingou,Industrie & Manufacture,Natitingou,+229 69 48 67 19,,usinealimentaireafricanatitingou.bj,PME (10-50),B2B,Google Maps,4.6,Actif,2026-06-29T00:15:34.188402,moyenne
BJ-E948E334,Manufacture Production SARL,Industrie & Manufacture,Natitingou,+229 21 71 33 41,manufacture.production.sarl@manufacture.production.sarl.org,,Grande (>200),B2B,Google Maps,3.8,Actif,2026-06-29T00:15:34.188415,moyenne
BJ-5F973E3F,Usine Transformation,Industrie & Manufacture,Lokossa,+229 99 42 22 44,,usinetransformation.bj,TPE (<10),B2B,Google Maps,3.3,Actif,2026-06-29T00:15:34.188433,moyenne
BJ-5142AFF2,Textile,Industrie & Manufacture,Lokossa,+229 64 17 65 36,textile@textile.org,,TPE (<10),B2B,Google Maps,3.3,Actif,2026-06-29T00:15:34.188455,moyenne
BJ-EBC49D54,Production Automobile Factory,Industrie & Manufacture,Lokossa,+229 65 54 39 75,,productionautomobilefactory.bj,PME (10-50),B2B,Google Maps,3.6,Actif,2026-06-29T00:15:34.188480,moyenne
BJ-05E3DD36,Atelier Électronique SARL Lokossa,Industrie & Manufacture,Lokossa,+229 58 55 38 85,atelier.électronique.sarl.lokossa@atelier.électronique.sarl.lokossa.benin,atelierélectroniquesarllokossa.bj,TPE (<10),B2B,Google Maps,4.1,Actif,2026-06-29T00:15:34.188497,haute
BJ-875E0459,Production Plastique,Industrie & Manufacture,Ouidah,+229 87 32 64 42,,,PME (50-200),B2B,Google Maps,3.3,Actif,2026-06-29T00:15:34.188514,basse
BJ-CB1A6D01,Fabrique Textile,Industrie & Manufacture,Ouidah,+229 49 12 67 12,fabrique.textile@fabrique.textile.bj,fabriquetextile.bj,PME (10-50),B2B,Google Maps,3.7,Actif,2026-06-29T00:15:34.188528,haute
BJ-AECDCBB3,Production Fabrication,Industrie & Manufacture,Ouidah,+229 50 19 64 47,production.fabrication@production.fabrication.net,,TPE (<10),B2B,Google Maps,3.3,Actif,2026-06-29T00:15:34.188541,moyenne
BJ-30CFC9B6,Automobile SARL,Industrie & Manufacture,Ouidah,+229 96 14 15 45,,,TPE (<10),B2B,Google Maps,4.5,Actif,2026-06-29T00:15:34.188553,basse
BJ-B33E476F,Pharmaceutique Factory,Industrie & Manufacture,Savalou,+229 88 48 70 36,pharmaceutique.factory@pharmaceutique.factory.benin,,TPE (<10),B2B,Google Maps,4.3,Actif,2026-06-29T00:15:34.188585,moyenne
BJ-DFD19802,Mécanique Factory,Industrie & Manufacture,Savalou,+229 88 22 63 20,mécanique.factory@mécanique.factory.com,,PME (10-50),B2B,Google Maps,3.1,Actif,2026-06-29T00:15:34.188602,moyenne
BJ-F89237CD,Industrie Fabrication Factory,Industrie & Manufacture,Savalou,+229 55 76 36 71,industrie.fabrication.factory@industrie.fabrication.factory.net,industriefabricationfactory.bj,TPE (<10),B2B,Google Maps,3.7,Actif,2026-06-29T00:15:34.188620,haute
BJ-163F1A3D,Plastique Industry,Industrie & Manufacture,Savalou,+229 80 81 27 37,plastique.industry@plastique.industry.benin,,TPE (<10),B2B,Google Maps,4.6,Actif,2026-06-29T00:15:34.188633,moyenne
BJ-98E906AB,Usine Métal Savalou,Industrie & Manufacture,Savalou,+229 48 30 30 27,usine.métal.savalou@usine.métal.savalou.net,,PME (50-200),B2B,Google Maps,4.2,Actif,2026-06-29T00:15:34.188647,moyenne
BJ-48804225,Fabrique Métal Dassa-Zoumè,Industrie & Manufacture,Dassa-Zoumè,+229 36 68 89 52,fabrique.métal.dassazoumè@fabrique.métal.dassazoumè.net,,TPE (<10),B2B,Google Maps,4.9,Actif,2026-06-29T00:15:34.188671,moyenne
BJ-7BF5870D,Automobile Manufacture,Industrie & Manufacture,Dassa-Zoumè,+229 44 67 50 89,automobile.manufacture@automobile.manufacture.com,,PME (50-200),B2B,Google Maps,4.5,Actif,2026-06-29T00:15:34.188686,moyenne
BJ-C202F66E,Usine Transformation SA Dassa-Zoumè,Industrie & Manufacture,Dassa-Zoumè,+229 87 59 96 85,usine.transformation.sa.dassazoumè@usine.transformation.sa.dassazoumè.benin,,TPE (<10),B2B,Google Maps,3.7,Actif,2026-06-29T00:15:34.188700,moyenne
BJ-6B049D03,Industrie Bois Factory Dassa-Zoumè,Industrie & Manufacture,Dassa-Zoumè,+229 51 57 54 12,industrie.bois.factory.dassazoumè@industrie.bois.factory.dassazoumè.benin,,TPE (<10),B2B,Google Maps,4.4,Actif,2026-06-29T00:15:34.188727,moyenne
BJ-9D08B677,Chimie Manufacture,Industrie & Manufacture,Kétou,+229 31 81 31 20,,chimiemanufacture.bj,Grande (>200),B2B,Google Maps,4.5,Actif,2026-06-29T00:15:34.188767,moyenne
BJ-D1DBA898,Production Bois,Industrie & Manufacture,Kétou,+229 87 29 86 64,production.bois@production.bois.net,,TPE (<10),B2B,Google Maps,3.6,Actif,2026-06-29T00:15:34.188781,moyenne
BJ-6F3FA4FB,Métal,Industrie & Manufacture,Kétou,+229 83 70 75 30,,métal.bj,PME (10-50),B2B,Google Maps,4.4,Actif,2026-06-29T00:15:34.188806,moyenne
BJ-CD846AE9,Atelier Électronique Covè,Industrie & Manufacture,Covè,+229 94 25 79 72,atelier.électronique.covè@atelier.électronique.covè.org,,Grande (>200),B2B,Google Maps,4.9,Actif,2026-06-29T00:15:34.188826,moyenne
BJ-D909B7FC,Fabrique Textile SA,Industrie & Manufacture,Covè,+229 77 13 24 71,fabrique.textile.sa@fabrique.textile.sa.com,fabriquetextilesa.bj,TPE (<10),B2B,Google Maps,3.3,Actif,2026-06-29T00:15:34.188841,haute
BJ-7D65A1A4,Électronique SARL,Industrie & Manufacture,Covè,+229 69 60 53 69,électronique.sarl@électronique.sarl.benin,,TPE (<10),B2B,Google Maps,3.1,Actif,2026-06-29T00:15:34.188855,moyenne
BJ-F67BB79A,Industrie Métal,Industrie & Manufacture,Covè,+229 77 10 59 83,,industriemétal.bj,PME (50-200),B2B,Google Maps,4.4,Actif,2026-06-29T00:15:34.188885,moyenne
BJ-AD99BF81,Transformation SARL Pobè,Industrie & Manufacture,Pobè,+229 23 48 38 58,transformation.sarl.pobè@transformation.sarl.pobè.com,transformationsarlpobè.bj,TPE (<10),B2B,Google Maps,3.7,Actif,2026-06-29T00:15:34.188937,haute
BJ-FBB2F34B,Manufacture Métal Bénin Pobè,Industrie & Manufacture,Pobè,+229 48 97 73 24,manufacture.métal.bénin.pobè@manufacture.métal.bénin.pobè.benin,manufacturemétalbéninpobè.bj,TPE (<10),B2B,Google Maps,3.3,Actif,2026-06-29T00:15:34.188960,haute
BJ-DDE9730D,Alimentaire Africa Pobè,Industrie & Manufacture,Pobè,+229 68 82 29 88,,,PME (10-50),B2B,Google Maps,3.0,Actif,2026-06-29T00:15:34.188975,basse
BJ-D42CF76B,Manufacture Chimie,Industrie & Manufacture,Pobè,+229 84 64 13 80,,manufacturechimie.bj,PME (50-200),B2B,Google Maps,3.7,Actif,2026-06-29T00:15:34.188988,moyenne
BJ-92D531BA,Production Électronique SA Sakété,Industrie & Manufacture,Sakété,+229 38 64 93 40,production.électronique.sa.sakété@production.électronique.sa.sakété.bj,productionélectroniquesasakété.bj,PME (10-50),B2B,Google Maps,4.5,Actif,2026-06-29T00:15:34.189022,haute
BJ-0B968C0C,Pharmaceutique Sakété,Industrie & Manufacture,Sakété,+229 61 12 48 15,pharmaceutique.sakété@pharmaceutique.sakété.benin,,PME (10-50),B2B,Google Maps,4.1,Actif,2026-06-29T00:15:34.189036,moyenne
BJ-2511B43F,Industrie Métal Manufacture,Industrie & Manufacture,Sakété,+229 33 26 35 14,industrie.métal.manufacture@industrie.métal.manufacture.com,industriemétalmanufacture.bj,Grande (>200),B2B,Google Maps,4.6,Actif,2026-06-29T00:15:34.189052,haute
BJ-8786E319,Manufacture Pharmaceutique Manufacture Sakété,Industrie & Manufacture,Sakété,+229 27 32 51 53,,manufacturepharmaceutiquemanufacturesakété.bj,PME (10-50),B2B,Google Maps,4.9,Actif,2026-06-29T00:15:34.189082,moyenne
BJ-AD39F35B,Production Production,Industrie & Manufacture,Adjara,+229 41 35 37 97,,productionproduction.bj,PME (50-200),B2B,Google Maps,3.3,Actif,2026-06-29T00:15:34.189101,moyenne
BJ-0E9EA517,Usine Fabrication,Industrie & Manufacture,Adjara,+229 70 82 39 44,,usinefabrication.bj,PME (10-50),B2B,Google Maps,4.9,Actif,2026-06-29T00:15:34.189117,moyenne
BJ-28F7B8B7,Pharmaceutique Groupe,Industrie & Manufacture,Adjara,+229 85 63 63 76,pharmaceutique.groupe@pharmaceutique.groupe.org,,PME (10-50),B2B,Google Maps,3.4,Actif,2026-06-29T00:15:34.189131,moyenne
BJ-7D9B17A4,Fabrique Mécanique Bénin,Industrie & Manufacture,Adjara,+229 58 70 10 57,,,PME (10-50),B2B,Google Maps,3.4,Actif,2026-06-29T00:15:34.189143,basse
BJ-6DAD9CCE,Usine Pharmaceutique Bénin,Industrie & Manufacture,Adjara,+229 98 55 39 61,usine.pharmaceutique.bénin@usine.pharmaceutique.bénin.com,usinepharmaceutiquebénin.bj,Grande (>200),B2B,Google Maps,4.8,Actif,2026-06-29T00:15:34.189158,haute
BJ-5BC5882B,Atelier Pharmaceutique Factory Allada,Industrie & Manufacture,Allada,+229 94 41 28 91,atelier.pharmaceutique.factory.allada@atelier.pharmaceutique.factory.allada.bj,atelierpharmaceutiquefactoryallada.bj,Grande (>200),B2B,Google Maps,3.9,Actif,2026-06-29T00:15:34.189178,haute
BJ-A6B62492,Manufacture Plastique,Industrie & Manufacture,Allada,+229 61 63 21 37,manufacture.plastique@manufacture.plastique.net,,Grande (>200),B2B,Google Maps,4.6,Actif,2026-06-29T00:15:34.189195,moyenne
BJ-61AEA230,Plastique Africa,Industrie & Manufacture,Allada,+229 99 48 41 49,plastique.africa@plastique.africa.org,plastiqueafrica.bj,PME (50-200),B2B,Google Maps,3.9,Actif,2026-06-29T00:15:34.189209,haute
BJ-4BE0F97A,Production Bois Industry,Industrie & Manufacture,Allada,+229 68 70 42 16,production.bois.industry@production.bois.industry.net,productionboisindustry.bj,PME (10-50),B2B,Google Maps,4.1,Actif,2026-06-29T00:15:34.189226,haute
BJ-78D10A73,Atelier Fabrication,Industrie & Manufacture,Allada,+229 27 76 89 18,atelier.fabrication@atelier.fabrication.bj,,PME (10-50),B2B,Google Maps,4.8,Actif,2026-06-29T00:15:34.189239,moyenne
BJ-FFB97BCD,Plastique,Industrie & Manufacture,Aplahoué,+229 55 65 18 33,plastique@plastique.com,plastique.bj,PME (10-50),B2B,Google Maps,4.6,Actif,2026-06-29T00:15:34.189259,haute
BJ-E3A7D3B2,Métal Groupe,Industrie & Manufacture,Aplahoué,+229 34 16 73 61,,métalgroupe.bj,PME (10-50),B2B,Google Maps,4.6,Actif,2026-06-29T00:15:34.189279,moyenne
BJ-0793B585,Plastique Aplahoué,Industrie & Manufacture,Aplahoué,+229 45 77 64 43,plastique.aplahoué@plastique.aplahoué.benin,plastiqueaplahoué.bj,TPE (<10),B2B,Google Maps,4.8,Actif,2026-06-29T00:15:34.189294,haute
BJ-AF3F092C,Pharmaceutique Aplahoué,Industrie & Manufacture,Aplahoué,+229 72 10 21 58,pharmaceutique.aplahoué@pharmaceutique.aplahoué.benin,,PME (50-200),B2B,Google Maps,3.8,Actif,2026-06-29T00:15:34.189321,moyenne
BJ-8D331E12,Fabrication,Industrie & Manufacture,Dogbo-Tota,+229 65 13 98 18,fabrication@fabrication.bj,,TPE (<10),B2B,Google Maps,3.4,Actif,2026-06-29T00:15:34.189340,moyenne
BJ-557C2720,Automobile,Industrie & Manufacture,Dogbo-Tota,+229 37 30 12 45,automobile@automobile.net,,TPE (<10),B2B,Google Maps,3.8,Actif,2026-06-29T00:15:34.189353,moyenne
BJ-C360B0FE,Fabrique Transformation SARL,Industrie & Manufacture,Dogbo-Tota,+229 35 45 20 17,,,TPE (<10),B2B,Google Maps,3.0,Actif,2026-06-29T00:15:34.189366,basse
BJ-2D3575FB,Fabrique Alimentaire,Industrie & Manufacture,Dogbo-Tota,+229 54 79 96 83,,fabriquealimentaire.bj,TPE (<10),B2B,Google Maps,3.8,Actif,2026-06-29T00:15:34.189391,moyenne
BJ-69BA1A34,Pharmaceutique Africa,Industrie & Manufacture,Kpomassè,+229 46 99 88 87,,,TPE (<10),B2B,Google Maps,4.7,Actif,2026-06-29T00:15:34.189408,basse
BJ-4A78C1F0,Production Plastique Kpomassè,Industrie & Manufacture,Kpomassè,+229 34 68 97 38,production.plastique.kpomassè@production.plastique.kpomassè.benin,,Grande (>200),B2B,Google Maps,3.0,Actif,2026-06-29T00:15:34.189426,moyenne
BJ-FC5AC262,Manufacture Métal SA,Industrie & Manufacture,Kpomassè,+229 61 61 29 62,,manufacturemétalsa.bj,PME (50-200),B2B,Google Maps,3.9,Actif,2026-06-29T00:15:34.189440,moyenne
BJ-EBC46AC9,Industrie Chimie Kpomassè,Industrie & Manufacture,Kpomassè,+229 74 98 84 71,industrie.chimie.kpomassè@industrie.chimie.kpomassè.org,industriechimiekpomassè.bj,TPE (<10),B2B,Google Maps,4.9,Actif,2026-06-29T00:15:34.189471,haute
BJ-8B8A0A98,Fabrique Fabrication Tori-Bossito,Industrie & Manufacture,Tori-Bossito,+229 99 44 82 63,,,PME (10-50),B2B,Google Maps,3.2,Actif,2026-06-29T00:15:34.189493,basse
BJ-627682DA,Industrie Transformation Tori-Bossito,Industrie & Manufacture,Tori-Bossito,+229 87 70 37 98,industrie.transformation.toribossito@industrie.transformation.toribossito.com,,Grande (>200),B2B,Google Maps,3.3,Actif,2026-06-29T00:15:34.189507,moyenne
BJ-C087BC58,Métal,Industrie & Manufacture,Tori-Bossito,+229 71 37 61 29,métal@métal.benin,métal.bj,PME (10-50),B2B,Google Maps,3.9,Actif,2026-06-29T00:15:34.189521,haute
BJ-57F076B8,Manufacture Alimentaire SA,Industrie & Manufacture,Tori-Bossito,+229 42 51 35 98,manufacture.alimentaire.sa@manufacture.alimentaire.sa.com,manufacturealimentairesa.bj,PME (50-200),B2B,Google Maps,3.7,Actif,2026-06-29T00:15:34.189535,haute
BJ-7CDD8789,Industrie Automobile SARL,Industrie & Manufacture,Tori-Bossito,+229 77 61 48 72,,,PME (10-50),B2B,Google Maps,4.7,Actif,2026-06-29T00:15:34.189547,basse
BJ-4B71AC7B,Mécanique SARL,Industrie & Manufacture,Grand-Popo,+229 52 74 13 10,mécanique.sarl@mécanique.sarl.org,mécaniquesarl.bj,PME (10-50),B2B,Google Maps,3.6,Actif,2026-06-29T00:15:34.189594,haute
BJ-CF5488B0,Bois,Industrie & Manufacture,Grand-Popo,+229 35 61 76 41,bois@bois.org,bois.bj,PME (10-50),B2B,Google Maps,5.0,Actif,2026-06-29T00:15:34.189656,haute
BJ-17B8658F,Usine Mécanique,Industrie & Manufacture,Grand-Popo,+229 83 91 96 39,,,TPE (<10),B2B,Google Maps,4.3,Actif,2026-06-29T00:15:34.189716,basse
BJ-ACDE765F,Atelier Mécanique SARL,Industrie & Manufacture,Athiémé,+229 37 14 60 91,atelier.mécanique.sarl@atelier.mécanique.sarl.net,ateliermécaniquesarl.bj,Grande (>200),B2B,Google Maps,3.1,Actif,2026-06-29T00:15:34.189763,haute
BJ-650E9886,Usine Alimentaire SARL,Industrie & Manufacture,Athiémé,+229 41 94 36 61,usine.alimentaire.sarl@usine.alimentaire.sarl.benin,usinealimentairesarl.bj,TPE (<10),B2B,Google Maps,3.9,Actif,2026-06-29T00:15:34.189795,haute
BJ-6A46F0FC,Production Fabrication Athiémé,Industrie & Manufacture,Athiémé,+229 51 25 58 86,production.fabrication.athiémé@production.fabrication.athiémé.com,,Grande (>200),B2B,Google Maps,4.0,Actif,2026-06-29T00:15:34.189834,moyenne
BJ-D685211C,Industrie Pharmaceutique Athiémé,Industrie & Manufacture,Athiémé,+229 88 69 12 97,,,TPE (<10),B2B,Google Maps,5.0,Actif,2026-06-29T00:15:34.189867,basse
BJ-C99A2F2E,Industrie Électronique Groupe Athiémé,Industrie & Manufacture,Athiémé,+229 45 63 62 75,,industrieélectroniquegroupeathiémé.bj,PME (10-50),B2B,Google Maps,4.9,Actif,2026-06-29T00:15:34.189913,moyenne
BJ-94FB76A3,Mécanique SA,Industrie & Manufacture,Bopa,+229 54 14 94 54,mécanique.sa@mécanique.sa.net,,PME (10-50),B2B,Google Maps,4.4,Actif,2026-06-29T00:15:34.189960,moyenne
BJ-F08124C0,Production Métal,Industrie & Manufacture,Bopa,+229 81 56 33 58,,,PME (10-50),B2B,Google Maps,4.8,Actif,2026-06-29T00:15:34.189992,basse
BJ-018C2AE3,Électronique Industry,Industrie & Manufacture,Bopa,+229 66 73 60 96,,,Grande (>200),B2B,Google Maps,4.4,Actif,2026-06-29T00:15:34.190024,basse
BJ-92CAC734,Manufacture Pharmaceutique Bopa,Industrie & Manufacture,Bopa,+229 89 50 96 54,manufacture.pharmaceutique.bopa@manufacture.pharmaceutique.bopa.benin,,PME (10-50),B2B,Google Maps,3.4,Actif,2026-06-29T00:15:34.190055,moyenne
BJ-6B108E34,Production Mécanique SA Bopa,Industrie & Manufacture,Bopa,+229 68 95 53 91,,,TPE (<10),B2B,Google Maps,3.4,Actif,2026-06-29T00:15:34.190089,basse
BJ-7B9EBE09,Électronique Groupe,Industrie & Manufacture,Houéyogbé,+229 48 15 57 39,,électroniquegroupe.bj,PME (50-200),B2B,Google Maps,4.9,Actif,2026-06-29T00:15:34.190158,moyenne
BJ-069797A1,Manufacture Électronique,Industrie & Manufacture,Houéyogbé,+229 95 62 28 98,,manufactureélectronique.bj,PME (50-200),B2B,Google Maps,4.2,Actif,2026-06-29T00:15:34.190194,moyenne
BJ-C6AA2D18,Mécanique Manufacture,Industrie & Manufacture,Houéyogbé,+229 87 35 49 98,,mécaniquemanufacture.bj,TPE (<10),B2B,Google Maps,4.0,Actif,2026-06-29T00:15:34.190222,moyenne
BJ-F92FE77F,Bois SA,Industrie & Manufacture,Houéyogbé,+229 24 59 39 11,,,PME (50-200),B2B,Google Maps,3.5,Actif,2026-06-29T00:15:34.190248,basse
BJ-46F938A0,Automobile,Industrie & Manufacture,Malanville,+229 44 36 10 60,automobile@automobile.org,,TPE (<10),B2B,Google Maps,4.5,Actif,2026-06-29T00:15:34.190271,moyenne
BJ-F466880D,Fabrication,Industrie & Manufacture,Malanville,+229 45 48 43 14,,,PME (50-200),B2B,Google Maps,3.1,Actif,2026-06-29T00:15:34.190331,basse
BJ-A92E506B,Alimentaire Factory,Industrie & Manufacture,Malanville,+229 44 32 57 79,alimentaire.factory@alimentaire.factory.benin,,PME (10-50),B2B,Google Maps,4.1,Actif,2026-06-29T00:15:34.190361,moyenne
BJ-372E037D,Manufacture Pharmaceutique,Industrie & Manufacture,Kandi,+229 64 77 91 81,manufacture.pharmaceutique@manufacture.pharmaceutique.com,manufacturepharmaceutique.bj,TPE (<10),B2B,Google Maps,4.5,Actif,2026-06-29T00:15:34.190383,haute
BJ-24CD165B,Industrie Pharmaceutique,Industrie & Manufacture,Kandi,+229 40 69 44 64,,industriepharmaceutique.bj,PME (10-50),B2B,Google Maps,4.2,Actif,2026-06-29T00:15:34.190410,moyenne
BJ-CD88769A,Fabrique Chimie SA,Industrie & Manufacture,Kandi,+229 52 33 53 96,,fabriquechimiesa.bj,TPE (<10),B2B,Google Maps,3.6,Actif,2026-06-29T00:15:34.190423,moyenne
BJ-AA63D5A8,Usine Électronique,Industrie & Manufacture,Kandi,+229 82 72 68 67,,usineélectronique.bj,PME (10-50),B2B,Google Maps,3.2,Actif,2026-06-29T00:15:34.190437,moyenne
BJ-35D1B330,Fabrique Production Banikoara,Industrie & Manufacture,Banikoara,+229 48 97 65 35,,fabriqueproductionbanikoara.bj,PME (50-200),B2B,Google Maps,4.0,Actif,2026-06-29T00:15:34.190464,moyenne
BJ-A3AF92FA,Fabrique Électronique,Industrie & Manufacture,Banikoara,+229 23 89 57 86,,,Grande (>200),B2B,Google Maps,4.6,Actif,2026-06-29T00:15:34.190481,basse
BJ-EEF1D4E1,Usine Chimie,Industrie & Manufacture,Banikoara,+229 55 51 80 13,,,TPE (<10),B2B,Google Maps,3.4,Actif,2026-06-29T00:15:34.190494,basse
BJ-E08328E0,Bois Africa,Industrie & Manufacture,Banikoara,+229 40 77 41 50,,,TPE (<10),B2B,Google Maps,4.3,Actif,2026-06-29T00:15:34.190505,basse
BJ-6A1AF7EB,Usine Mécanique Ségbana,Industrie & Manufacture,Ségbana,+229 55 90 59 83,usine.mécanique.ségbana@usine.mécanique.ségbana.org,,PME (10-50),B2B,Google Maps,4.4,Actif,2026-06-29T00:15:34.190538,moyenne
BJ-05C08C1A,Automobile Africa,Industrie & Manufacture,Ségbana,+229 52 88 40 36,automobile.africa@automobile.africa.org,,TPE (<10),B2B,Google Maps,4.1,Actif,2026-06-29T00:15:34.190552,moyenne
BJ-653BACFE,Manufacture Électronique Manufacture Ségbana,Industrie & Manufacture,Ségbana,+229 77 72 43 52,,,PME (10-50),B2B,Google Maps,3.3,Actif,2026-06-29T00:15:34.190565,basse
BJ-E79F4357,Manufacture Chimie Africa,Industrie & Manufacture,Ségbana,+229 66 17 96 23,manufacture.chimie.africa@manufacture.chimie.africa.net,manufacturechimieafrica.bj,PME (50-200),B2B,Google Maps,3.8,Actif,2026-06-29T00:15:34.190579,haute
BJ-4DBF7592,Alimentaire SA,Industrie & Manufacture,Karimama,+229 20 67 78 47,,alimentairesa.bj,Grande (>200),B2B,Google Maps,3.9,Actif,2026-06-29T00:15:34.190613,moyenne
BJ-73E9A0D4,Production Mécanique Groupe,Industrie & Manufacture,Karimama,+229 65 19 38 68,production.mécanique.groupe@production.mécanique.groupe.benin,productionmécaniquegroupe.bj,PME (10-50),B2B,Google Maps,4.2,Actif,2026-06-29T00:15:34.190634,haute
BJ-BC0321F6,Atelier Plastique,Industrie & Manufacture,Karimama,+229 31 49 78 83,atelier.plastique@atelier.plastique.benin,atelierplastique.bj,Grande (>200),B2B,Google Maps,4.9,Actif,2026-06-29T00:15:34.190648,haute
BJ-47472212,Production Automobile Manufacture,Industrie & Manufacture,Karimama,+229 67 19 35 90,production.automobile.manufacture@production.automobile.manufacture.benin,productionautomobilemanufacture.bj,TPE (<10),B2B,Google Maps,3.5,Actif,2026-06-29T00:15:34.190663,haute
BJ-37382B0E,Production Bois,Industrie & Manufacture,Karimama,+229 94 23 86 79,production.bois@production.bois.com,productionbois.bj,PME (50-200),B2B,Google Maps,4.4,Actif,2026-06-29T00:15:34.190677,haute
BJ-E03C7775,Fabrique Bois Bénin,Industrie & Manufacture,Gogounou,+229 52 64 92 90,fabrique.bois.bénin@fabrique.bois.bénin.com,,PME (10-50),B2B,Google Maps,4.8,Actif,2026-06-29T00:15:34.190697,moyenne
BJ-7910CFD8,Manufacture Textile,Industrie & Manufacture,Gogounou,+229 90 40 44 60,manufacture.textile@manufacture.textile.net,manufacturetextile.bj,PME (50-200),B2B,Google Maps,3.9,Actif,2026-06-29T00:15:34.190716,haute
BJ-48D33831,Production Africa,Industrie & Manufacture,Gogounou,+229 56 66 38 18,production.africa@production.africa.net,productionafrica.bj,TPE (<10),B2B,Google Maps,3.9,Actif,2026-06-29T00:15:34.190730,haute
BJ-C4905D43,Électronique SA Gogounou,Industrie & Manufacture,Gogounou,+229 55 40 89 45,électronique.sa.gogounou@électronique.sa.gogounou.net,,TPE (<10),B2B,Google Maps,4.8,Actif,2026-06-29T00:15:34.190758,moyenne
BJ-6A4259F6,Manufacture Transformation,Industrie & Manufacture,Cobly,+229 51 97 22 13,,,TPE (<10),B2B,Google Maps,4.8,Actif,2026-06-29T00:15:34.190775,basse
BJ-359881AD,Manufacture Automobile Bénin Cobly,Industrie & Manufacture,Cobly,+229 24 83 11 81,,manufactureautomobilebénincobly.bj,TPE (<10),B2B,Google Maps,5.0,Actif,2026-06-29T00:15:34.190793,moyenne
BJ-03BA8070,Production,Industrie & Manufacture,Cobly,+229 87 67 10 86,,production.bj,PME (50-200),B2B,Google Maps,4.9,Actif,2026-06-29T00:15:34.190806,moyenne
BJ-CC1752FE,Fabrication,Industrie & Manufacture,Cobly,+229 29 34 39 42,fabrication@fabrication.benin,,TPE (<10),B2B,Google Maps,3.3,Actif,2026-06-29T00:15:34.190819,moyenne
BJ-53DC33F7,Production Automobile Cobly,Industrie & Manufacture,Cobly,+229 45 24 91 71,production.automobile.cobly@production.automobile.cobly.net,,PME (50-200),B2B,Google Maps,4.5,Actif,2026-06-29T00:15:34.190837,moyenne
BJ-235CDB9A,Fabrication SA,Industrie & Manufacture,Tanguiéta,+229 37 46 27 26,,,PME (10-50),B2B,Google Maps,4.6,Actif,2026-06-29T00:15:34.190856,basse
BJ-A9A81B12,Électronique Tanguiéta,Industrie & Manufacture,Tanguiéta,+229 98 93 16 36,,,PME (10-50),B2B,Google Maps,3.7,Actif,2026-06-29T00:15:34.190869,basse
BJ-14B4F9D8,Usine Plastique Tanguiéta,Industrie & Manufacture,Tanguiéta,+229 67 97 22 21,usine.plastique.tanguiéta@usine.plastique.tanguiéta.net,,TPE (<10),B2B,Google Maps,4.0,Actif,2026-06-29T00:15:34.190884,moyenne
BJ-0A2ECD5C,Plastique,Industrie & Manufacture,Tanguiéta,+229 84 68 23 70,plastique@plastique.net,plastique.bj,PME (50-200),B2B,Google Maps,4.2,Actif,2026-06-29T00:15:34.190913,haute
BJ-22755B7F,Industrie Chimie,Industrie & Manufacture,Tanguiéta,+229 41 16 25 65,,industriechimie.bj,TPE (<10),B2B,Google Maps,4.4,Actif,2026-06-29T00:15:34.190938,moyenne
BJ-EDF4746D,Textile Bénin,Industrie & Manufacture,Matéri,+229 51 94 78 96,,textilebénin.bj,TPE (<10),B2B,Google Maps,3.2,Actif,2026-06-29T00:15:34.190959,moyenne
BJ-C561431E,Chimie Manufacture,Industrie & Manufacture,Matéri,+229 79 82 96 82,chimie.manufacture@chimie.manufacture.com,,PME (50-200),B2B,Google Maps,3.2,Actif,2026-06-29T00:15:34.190977,moyenne
BJ-4F787D9F,Atelier Automobile Groupe,Industrie & Manufacture,Matéri,+229 59 96 47 20,atelier.automobile.groupe@atelier.automobile.groupe.net,,PME (10-50),B2B,Google Maps,4.9,Actif,2026-06-29T00:15:34.190992,moyenne
BJ-6653006D,Production Fabrication,Industrie & Manufacture,Matéri,+229 24 74 88 83,,productionfabrication.bj,TPE (<10),B2B,Google Maps,3.8,Actif,2026-06-29T00:15:34.191008,moyenne
BJ-FF0FEF91,Plastique Industry Natitingou,Industrie & Manufacture,Natitingou,+229 72 91 21 39,plastique.industry.natitingou@plastique.industry.natitingou.org,,Grande (>200),B2B,Google Maps,4.6,Actif,2026-06-29T00:15:34.191042,moyenne
BJ-D13A1F3E,Chimie Industry,Industrie & Manufacture,Natitingou,+229 40 74 40 53,chimie.industry@chimie.industry.org,,PME (10-50),B2B,Google Maps,4.9,Actif,2026-06-29T00:15:34.191067,moyenne
BJ-E3205114,Électronique,Industrie & Manufacture,Natitingou,+229 62 10 14 28,électronique@électronique.benin,électronique.bj,PME (50-200),B2B,Google Maps,4.7,Actif,2026-06-29T00:15:34.191082,haute
BJ-B0B5324F,Mécanique Africa,Industrie & Manufacture,Natitingou,+229 97 64 94 86,mécanique.africa@mécanique.africa.com,mécaniqueafrica.bj,TPE (<10),B2B,Google Maps,3.4,Actif,2026-06-29T00:15:34.191096,haute
BJ-6DD49316,Manufacture Pharmaceutique SARL,Industrie & Manufacture,Toucountouna,+229 24 28 47 65,manufacture.pharmaceutique.sarl@manufacture.pharmaceutique.sarl.org,,TPE (<10),B2B,Google Maps,3.9,Actif,2026-06-29T00:15:34.191116,moyenne
BJ-2CA41188,Atelier Pharmaceutique,Industrie & Manufacture,Toucountouna,+229 90 39 68 69,,,Grande (>200),B2B,Google Maps,4.3,Actif,2026-06-29T00:15:34.191131,basse
BJ-A5D1F3EA,Transformation SARL,Industrie & Manufacture,Toucountouna,+229 58 14 65 87,transformation.sarl@transformation.sarl.org,transformationsarl.bj,PME (50-200),B2B,Google Maps,4.4,Actif,2026-06-29T00:15:34.191146,haute
BJ-91784695,Manufacture Automobile SA,Industrie & Manufacture,Toucountouna,+229 60 92 48 58,manufacture.automobile.sa@manufacture.automobile.sa.bj,,Grande (>200),B2B,Google Maps,4.5,Actif,2026-06-29T00:15:34.191159,moyenne
BJ-3ED0E4D4,Plastique,Industrie & Manufacture,Toucountouna,+229 40 69 22 13,plastique@plastique.net,,PME (10-50),B2B,Google Maps,3.6,Actif,2026-06-29T00:15:34.191172,moyenne
BJ-FE165D82,Atelier Textile Industry,Industrie & Manufacture,Boukoumbé,+229 94 78 48 26,atelier.textile.industry@atelier.textile.industry.org,ateliertextileindustry.bj,TPE (<10),B2B,Google Maps,4.1,Actif,2026-06-29T00:15:34.191191,haute
BJ-72A3F785,Transformation SA,Industrie & Manufacture,Boukoumbé,+229 76 41 53 63,,,TPE (<10),B2B,Google Maps,4.0,Actif,2026-06-29T00:15:34.191204,basse
BJ-3C3E6E00,Bois,Industrie & Manufacture,Boukoumbé,+229 85 27 66 46,bois@bois.org,,PME (10-50),B2B,Google Maps,3.9,Actif,2026-06-29T00:15:34.191217,moyenne
BJ-EA26F190,Chimie Boukoumbé,Industrie & Manufacture,Boukoumbé,+229 60 93 72 40,,,TPE (<10),B2B,Google Maps,3.5,Actif,2026-06-29T00:15:34.191229,basse
BJ-D069B54D,Usine Électronique SA,Industrie & Manufacture,Kouandé,+229 81 98 67 15,,usineélectroniquesa.bj,PME (50-200),B2B,Google Maps,3.2,Actif,2026-06-29T00:15:34.191262,moyenne
BJ-4A5CB029,Chimie Kouandé,Industrie & Manufacture,Kouandé,+229 60 75 36 82,chimie.kouandé@chimie.kouandé.com,chimiekouandé.bj,PME (10-50),B2B,Google Maps,3.8,Actif,2026-06-29T00:15:34.191283,haute
BJ-543E0A5D,Mécanique Groupe,Industrie & Manufacture,Kouandé,+229 92 33 28 84,mécanique.groupe@mécanique.groupe.com,,PME (10-50),B2B,Google Maps,3.3,Actif,2026-06-29T00:15:34.191297,moyenne
BJ-08E81528,Fabrique Mécanique,Industrie & Manufacture,Kouandé,+229 64 22 87 61,,fabriquemécanique.bj,PME (10-50),B2B,Google Maps,4.3,Actif,2026-06-29T00:15:34.191315,moyenne
BJ-8D3418E5,Industrie Bois Factory Péhunco,Industrie & Manufacture,Péhunco,+229 31 53 55 99,industrie.bois.factory.péhunco@industrie.bois.factory.péhunco.benin,industrieboisfactorypéhunco.bj,PME (50-200),B2B,Google Maps,3.5,Actif,2026-06-29T00:15:34.191360,haute
BJ-ECFF4F95,Production Métal Groupe,Industrie & Manufacture,Péhunco,+229 62 45 41 81,production.métal.groupe@production.métal.groupe.benin,,TPE (<10),B2B,Google Maps,3.4,Actif,2026-06-29T00:15:34.191374,moyenne
BJ-2C805F89,Mécanique Factory,Industrie & Manufacture,Péhunco,+229 77 85 50 17,mécanique.factory@mécanique.factory.benin,,PME (10-50),B2B,Google Maps,4.9,Actif,2026-06-29T00:15:34.191387,moyenne
BJ-72DD783A,Industrie Mécanique Bénin,Industrie & Manufacture,Péhunco,+229 32 28 55 16,industrie.mécanique.bénin@industrie.mécanique.bénin.net,,PME (10-50),B2B,Google Maps,4.9,Actif,2026-06-29T00:15:34.191401,moyenne
BJ-DEB343ED,Fabrique Métal Tchaourou,Industrie & Manufacture,Tchaourou,+229 55 10 29 28,,fabriquemétaltchaourou.bj,Grande (>200),B2B,Google Maps,4.2,Actif,2026-06-29T00:15:34.191435,moyenne
BJ-293EAC7E,Chimie SA,Industrie & Manufacture,Tchaourou,+229 34 44 24 52,,,Grande (>200),B2B,Google Maps,4.0,Actif,2026-06-29T00:15:34.191476,basse
BJ-672832D6,Chimie SARL,Industrie & Manufacture,Nikki,+229 79 30 72 11,,,PME (50-200),B2B,Google Maps,4.0,Actif,2026-06-29T00:15:34.191494,basse
BJ-184FA625,Production Africa,Industrie & Manufacture,Nikki,+229 97 52 58 16,,,PME (50-200),B2B,Google Maps,3.1,Actif,2026-06-29T00:15:34.191536,basse
BJ-B16EE3D6,Électronique Bénin Nikki,Industrie & Manufacture,Nikki,+229 68 81 30 56,électronique.bénin.nikki@électronique.bénin.nikki.org,électroniquebéninnikki.bj,PME (10-50),B2B,Google Maps,3.9,Actif,2026-06-29T00:15:34.191551,haute
BJ-FC56944C,Usine Chimie Bembéréké,Industrie & Manufacture,Bembéréké,+229 62 90 72 48,usine.chimie.bembéréké@usine.chimie.bembéréké.com,usinechimiebembéréké.bj,TPE (<10),B2B,Google Maps,3.1,Actif,2026-06-29T00:15:34.191572,haute
BJ-8CA98428,Pharmaceutique SARL Bembéréké,Industrie & Manufacture,Bembéréké,+229 84 77 41 77,pharmaceutique.sarl.bembéréké@pharmaceutique.sarl.bembéréké.com,pharmaceutiquesarlbembéréké.bj,Grande (>200),B2B,Google Maps,3.1,Actif,2026-06-29T00:15:34.191591,haute
BJ-7752083A,Usine Automobile,Industrie & Manufacture,Bembéréké,+229 70 92 41 54,usine.automobile@usine.automobile.org,,TPE (<10),B2B,Google Maps,3.8,Actif,2026-06-29T00:15:34.191605,moyenne
BJ-D85FD5A4,Atelier Plastique,Industrie & Manufacture,Bembéréké,+229 39 28 31 35,atelier.plastique@atelier.plastique.net,atelierplastique.bj,PME (10-50),B2B,Google Maps,4.1,Actif,2026-06-29T00:15:34.191619,haute
BJ-0F732C05,Mécanique Manufacture Bembéréké,Industrie & Manufacture,Bembéréké,+229 44 47 34 25,,,PME (50-200),B2B,Google Maps,3.3,Actif,2026-06-29T00:15:34.191631,basse
BJ-A345E7C0,Usine Mécanique Africa,Industrie & Manufacture,Kalalé,+229 81 76 16 74,usine.mécanique.africa@usine.mécanique.africa.com,,TPE (<10),B2B,Google Maps,4.2,Actif,2026-06-29T00:15:34.191650,moyenne
BJ-7898FD1E,Production Pharmaceutique,Industrie & Manufacture,Kalalé,+229 42 13 28 85,production.pharmaceutique@production.pharmaceutique.net,productionpharmaceutique.bj,PME (50-200),B2B,Google Maps,4.9,Actif,2026-06-29T00:15:34.191664,haute
BJ-D19D107D,Atelier Automobile,Industrie & Manufacture,Kalalé,+229 57 27 93 60,atelier.automobile@atelier.automobile.bj,atelierautomobile.bj,PME (50-200),B2B,Google Maps,4.9,Actif,2026-06-29T00:15:34.191678,haute
BJ-240028A9,Usine Plastique Groupe Kalalé,Industrie & Manufacture,Kalalé,+229 74 81 35 62,usine.plastique.groupe.kalalé@usine.plastique.groupe.kalalé.org,usineplastiquegroupekalalé.bj,TPE (<10),B2B,Google Maps,3.0,Actif,2026-06-29T00:15:34.191693,haute
BJ-3779FD1B,Électronique SARL,Industrie & Manufacture,Ndali,+229 99 21 39 47,,électroniquesarl.bj,PME (50-200),B2B,Google Maps,3.4,Actif,2026-06-29T00:15:34.191726,moyenne
BJ-4E45DC80,Fabrique Automobile,Industrie & Manufacture,Ndali,+229 73 39 56 63,fabrique.automobile@fabrique.automobile.net,fabriqueautomobile.bj,TPE (<10),B2B,Google Maps,3.9,Actif,2026-06-29T00:15:34.191744,haute
BJ-4D19F605,Électronique,Industrie & Manufacture,Ndali,+229 85 99 23 37,électronique@électronique.net,électronique.bj,TPE (<10),B2B,Google Maps,3.9,Actif,2026-06-29T00:15:34.191765,haute
BJ-36EA28CE,Textile Ndali,Industrie & Manufacture,Ndali,+229 57 97 77 87,,textilendali.bj,PME (10-50),B2B,Google Maps,3.3,Actif,2026-06-29T00:15:34.191778,moyenne
BJ-A1CD6F11,Chimie Ndali,Industrie & Manufacture,Ndali,+229 27 48 90 90,chimie.ndali@chimie.ndali.bj,chimiendali.bj,PME (50-200),B2B,Google Maps,3.5,Actif,2026-06-29T00:15:34.191796,haute
BJ-5C1A57D1,Bois,Industrie & Manufacture,Ségbana,+229 77 52 19 25,bois@bois.benin,bois.bj,Grande (>200),B2B,Google Maps,3.9,Actif,2026-06-29T00:15:34.191816,haute
BJ-6D921343,Pharmaceutique Bénin Ségbana,Industrie & Manufacture,Ségbana,+229 51 31 33 36,pharmaceutique.bénin.ségbana@pharmaceutique.bénin.ségbana.org,,PME (50-200),B2B,Google Maps,3.7,Actif,2026-06-29T00:15:34.191857,moyenne
BJ-DD047546,Usine Électronique Africa,Industrie & Manufacture,Ségbana,+229 67 35 37 92,usine.électronique.africa@usine.électronique.africa.com,,PME (50-200),B2B,Google Maps,3.0,Actif,2026-06-29T00:15:34.191871,moyenne
BJ-D581438F,Industrie Pharmaceutique Africa,Industrie & Manufacture,Tchaourou,+229 26 42 29 16,industrie.pharmaceutique.africa@industrie.pharmaceutique.africa.bj,industriepharmaceutiqueafrica.bj,Grande (>200),B2B,Google Maps,4.1,Actif,2026-06-29T00:15:34.191901,haute
BJ-B490ED1F,Atelier Alimentaire,Industrie & Manufacture,Tchaourou,+229 38 19 82 99,,,TPE (<10),B2B,Google Maps,3.2,Actif,2026-06-29T00:15:34.191919,basse
BJ-9C907A6C,Industrie Fabrication Industry,Industrie & Manufacture,Tchaourou,+229 25 41 25 29,industrie.fabrication.industry@industrie.fabrication.industry.com,industriefabricationindustry.bj,PME (50-200),B2B,Google Maps,3.4,Actif,2026-06-29T00:15:34.191934,haute
BJ-C6F2F56A,Textile Bénin,Industrie & Manufacture,Tchaourou,+229 45 64 35 54,,,PME (10-50),B2B,Google Maps,3.6,Actif,2026-06-29T00:15:34.191945,basse
BJ-57F0B661,Électronique SA,Industrie & Manufacture,Tchaourou,+229 57 89 65 74,électronique.sa@électronique.sa.com,,PME (50-200),B2B,Google Maps,3.9,Actif,2026-06-29T00:15:34.191959,moyenne
BJ-7508C29C,Plastique Bénin,Industrie & Manufacture,Bétérou,+229 22 89 35 12,plastique.bénin@plastique.bénin.bj,,PME (10-50),B2B,Google Maps,3.7,Actif,2026-06-29T00:15:34.191980,moyenne
BJ-7B32D4B3,Atelier Métal,Industrie & Manufacture,Bétérou,+229 32 60 25 34,,ateliermétal.bj,TPE (<10),B2B,Google Maps,3.7,Actif,2026-06-29T00:15:34.191993,moyenne
BJ-22ACE34E,Atelier Métal SA,Industrie & Manufacture,Bétérou,+229 43 93 91 79,,ateliermétalsa.bj,PME (10-50),B2B,Google Maps,3.3,Actif,2026-06-29T00:15:34.192007,moyenne
BJ-0EC13D13,Fabrication Manufacture,Industrie & Manufacture,Bétérou,+229 40 45 68 31,fabrication.manufacture@fabrication.manufacture.bj,fabricationmanufacture.bj,PME (50-200),B2B,Google Maps,4.7,Actif,2026-06-29T00:15:34.192020,haute
BJ-E7E983D7,Manufacture Bois,Industrie & Manufacture,Bétérou,+229 71 44 61 59,manufacture.bois@manufacture.bois.com,,PME (50-200),B2B,Google Maps,3.4,Actif,2026-06-29T00:15:34.192033,moyenne
BJ-FC1F200D,Usine Alimentaire SARL,Industrie & Manufacture,Ouessè,+229 90 76 70 31,usine.alimentaire.sarl@usine.alimentaire.sarl.benin,,TPE (<10),B2B,Google Maps,4.9,Actif,2026-06-29T00:15:34.192055,moyenne
BJ-0B61D845,Atelier Bois,Industrie & Manufacture,Ouessè,+229 47 59 46 63,,atelierbois.bj,PME (10-50),B2B,Google Maps,4.8,Actif,2026-06-29T00:15:34.192072,moyenne
BJ-850D7E1C,Fabrication Africa,Industrie & Manufacture,Ouessè,+229 59 41 54 94,fabrication.africa@fabrication.africa.bj,fabricationafrica.bj,PME (50-200),B2B,Google Maps,3.3,Actif,2026-06-29T00:15:34.192089,haute
BJ-3575183B,Usine Chimie,Industrie & Manufacture,Ouessè,+229 53 79 97 91,,usinechimie.bj,TPE (<10),B2B,Google Maps,4.0,Actif,2026-06-29T00:15:34.192101,moyenne
BJ-366C0C1B,Alimentaire,Industrie & Manufacture,Ouessè,+229 71 77 42 42,alimentaire@alimentaire.org,alimentaire.bj,TPE (<10),B2B,Google Maps,4.3,Actif,2026-06-29T00:15:34.192115,haute
BJ-EB8020D4,Manufacture Transformation,Industrie & Manufacture,Glazoué,+229 87 69 67 12,,manufacturetransformation.bj,PME (50-200),B2B,Google Maps,3.2,Actif,2026-06-29T00:15:34.192133,moyenne
BJ-4C49E17F,Automobile Groupe Glazoué,Industrie & Manufacture,Glazoué,+229 51 30 45 54,automobile.groupe.glazoué@automobile.groupe.glazoué.bj,,TPE (<10),B2B,Google Maps,4.2,Actif,2026-06-29T00:15:34.192147,moyenne
BJ-F94B10CD,Industrie Production,Industrie & Manufacture,Glazoué,+229 66 14 25 35,industrie.production@industrie.production.com,,TPE (<10),B2B,Google Maps,4.5,Actif,2026-06-29T00:15:34.192176,moyenne
BJ-44CA87C9,Manufacture Production,Industrie & Manufacture,Glazoué,+229 89 39 28 84,,,PME (10-50),B2B,Google Maps,4.9,Actif,2026-06-29T00:15:34.192187,basse
BJ-091E286B,Automobile,Industrie & Manufacture,Dassa-Zoumè,+229 22 75 69 59,,automobile.bj,TPE (<10),B2B,Google Maps,4.3,Actif,2026-06-29T00:15:34.192225,moyenne
BJ-C9720404,Usine Chimie SARL,Industrie & Manufacture,Dassa-Zoumè,+229 63 82 24 70,usine.chimie.sarl@usine.chimie.sarl.com,,Grande (>200),B2B,Google Maps,4.8,Actif,2026-06-29T00:15:34.192238,moyenne
BJ-D921E346,Atelier Transformation Bénin,Industrie & Manufacture,Dassa-Zoumè,+229 37 93 59 63,,,PME (10-50),B2B,Google Maps,3.1,Actif,2026-06-29T00:15:34.192264,basse
BJ-49BE12D2,Industrie Fabrication,Industrie & Manufacture,Savalou,+229 98 41 73 29,industrie.fabrication@industrie.fabrication.bj,industriefabrication.bj,TPE (<10),B2B,Google Maps,3.4,Actif,2026-06-29T00:15:34.192283,haute
BJ-29339607,Alimentaire Africa Savalou,Industrie & Manufacture,Savalou,+229 29 21 38 30,,alimentaireafricasavalou.bj,PME (10-50),B2B,Google Maps,4.1,Actif,2026-06-29T00:15:34.192297,moyenne
BJ-D125E411,Usine Bois,Industrie & Manufacture,Savalou,+229 98 93 73 81,,,Grande (>200),B2B,Google Maps,3.5,Actif,2026-06-29T00:15:34.192308,basse
BJ-DBD209EB,Fabrique Textile Industry,Industrie & Manufacture,Savalou,+229 52 40 30 76,fabrique.textile.industry@fabrique.textile.industry.net,,PME (10-50),B2B,Google Maps,3.1,Actif,2026-06-29T00:15:34.192324,moyenne
BJ-84C8BCB2,Atelier Production Bénin,Industrie & Manufacture,Savalou,+229 45 37 78 45,,atelierproductionbénin.bj,TPE (<10),B2B,Google Maps,5.0,Actif,2026-06-29T00:15:34.192338,moyenne
BJ-B533C580,Atelier Électronique,Industrie & Manufacture,Bantè,+229 66 49 15 64,atelier.électronique@atelier.électronique.com,,TPE (<10),B2B,Google Maps,3.3,Actif,2026-06-29T00:15:34.192357,moyenne
BJ-8AC688EC,Usine Alimentaire,Industrie & Manufacture,Bantè,+229 68 83 82 85,usine.alimentaire@usine.alimentaire.benin,usinealimentaire.bj,TPE (<10),B2B,Google Maps,3.2,Actif,2026-06-29T00:15:34.192374,haute
BJ-032A80B4,Fabrique Automobile Bantè,Industrie & Manufacture,Bantè,+229 33 32 75 66,fabrique.automobile.bantè@fabrique.automobile.bantè.bj,fabriqueautomobilebantè.bj,PME (10-50),B2B,Google Maps,4.8,Actif,2026-06-29T00:15:34.192389,haute
BJ-75C82AF7,Fabrique Bois Manufacture,Industrie & Manufacture,Bantè,+229 70 78 70 64,fabrique.bois.manufacture@fabrique.bois.manufacture.benin,,Grande (>200),B2B,Google Maps,4.7,Actif,2026-06-29T00:15:34.192402,moyenne
BJ-B0938A9B,Atelier Automobile,Industrie & Manufacture,Bantè,+229 47 64 57 91,atelier.automobile@atelier.automobile.bj,atelierautomobile.bj,PME (10-50),B2B,Google Maps,3.4,Actif,2026-06-29T00:15:34.192417,haute
BJ-78BC679D,Usine Chimie,Industrie & Manufacture,Djougou,+229 78 35 13 75,,,PME (10-50),B2B,Google Maps,4.3,Actif,2026-06-29T00:15:34.192435,basse
BJ-C09E183C,Industrie Pharmaceutique Africa Djougou,Industrie & Manufacture,Djougou,+229 38 97 31 63,industrie.pharmaceutique.africa.djougou@industrie.pharmaceutique.africa.djougou.benin,industriepharmaceutiqueafricadjougou.bj,PME (10-50),B2B,Google Maps,4.3,Actif,2026-06-29T00:15:34.192449,haute
BJ-7FCB26C9,Électronique,Industrie & Manufacture,Djougou,+229 75 42 80 19,électronique@électronique.benin,,PME (50-200),B2B,Google Maps,4.2,Actif,2026-06-29T00:15:34.192475,moyenne
BJ-A8BD41DC,Manufacture Bois,Industrie & Manufacture,Djougou,+229 59 31 74 24,manufacture.bois@manufacture.bois.benin,,PME (10-50),B2B,Google Maps,4.0,Actif,2026-06-29T00:15:34.192487,moyenne
BJ-765FFB51,Fabrique Pharmaceutique Africa,Industrie & Manufacture,Ouèssè,+229 74 99 40 41,,,TPE (<10),B2B,Google Maps,4.3,Actif,2026-06-29T00:15:34.192505,basse
BJ-3B542DD3,Fabrique Métal,Industrie & Manufacture,Ouèssè,+229 86 32 37 80,fabrique.métal@fabrique.métal.benin,fabriquemétal.bj,TPE (<10),B2B,Google Maps,4.8,Actif,2026-06-29T00:15:34.192523,haute
BJ-8ECBDC0C,Usine Textile,Industrie & Manufacture,Ouèssè,+229 30 83 87 47,usine.textile@usine.textile.bj,usinetextile.bj,TPE (<10),B2B,Google Maps,3.9,Actif,2026-06-29T00:15:34.192538,haute
BJ-A95E10EC,Automobile,Industrie & Manufacture,Ouèssè,+229 68 77 83 87,automobile@automobile.benin,,PME (10-50),B2B,Google Maps,3.9,Actif,2026-06-29T00:15:34.192550,moyenne
BJ-D6AAAFE6,Bois Manufacture,Industrie & Manufacture,Ouèssè,+229 93 51 39 66,bois.manufacture@bois.manufacture.com,,PME (10-50),B2B,Google Maps,4.7,Actif,2026-06-29T00:15:34.192567,moyenne
BJ-A387765C,Production Production Manufacture,Industrie & Manufacture,Bassila,+229 24 43 30 62,production.production.manufacture@production.production.manufacture.benin,productionproductionmanufacture.bj,PME (50-200),B2B,Google Maps,4.0,Actif,2026-06-29T00:15:34.192588,haute
BJ-C8792B24,Automobile SA,Industrie & Manufacture,Bassila,+229 41 21 15 19,,automobilesa.bj,PME (10-50),B2B,Google Maps,3.7,Actif,2026-06-29T00:15:34.192601,moyenne
BJ-C5562D6C,Électronique,Industrie & Manufacture,Bassila,+229 77 26 12 45,,,TPE (<10),B2B,Google Maps,3.8,Actif,2026-06-29T00:15:34.192616,basse
BJ-31ED963A,Usine Textile,Industrie & Manufacture,Bassila,+229 69 11 76 41,,usinetextile.bj,PME (50-200),B2B,Google Maps,4.5,Actif,2026-06-29T00:15:34.192629,moyenne
BJ-58526546,Bois Industry,Industrie & Manufacture,Bassila,+229 84 41 64 65,bois.industry@bois.industry.com,,PME (10-50),B2B,Google Maps,3.1,Actif,2026-06-29T00:15:34.192642,moyenne
BJ-639382D6,Manufacture Métal,Industrie & Manufacture,Pehunco,+229 46 64 92 36,,,PME (10-50),B2B,Google Maps,4.6,Actif,2026-06-29T00:15:34.192660,basse
BJ-A3A1F0F8,Plastique Bénin Pehunco,Industrie & Manufacture,Pehunco,+229 52 14 24 57,plastique.bénin.pehunco@plastique.bénin.pehunco.benin,,Grande (>200),B2B,Google Maps,3.9,Actif,2026-06-29T00:15:34.192677,moyenne
BJ-C498D02A,Métal Pehunco,Industrie & Manufacture,Pehunco,+229 20 43 58 73,,métalpehunco.bj,TPE (<10),B2B,Google Maps,4.9,Actif,2026-06-29T00:15:34.192692,moyenne
BJ-503B2D8A,Bois Pehunco,Industrie & Manufacture,Pehunco,+229 95 28 64 24,bois.pehunco@bois.pehunco.benin,boispehunco.bj,TPE (<10),B2B,Google Maps,4.6,Actif,2026-06-29T00:15:34.192705,haute
BJ-64739335,Transformation Manufacture,Industrie & Manufacture,Pehunco,+229 57 97 83 75,transformation.manufacture@transformation.manufacture.org,transformationmanufacture.bj,TPE (<10),B2B,Google Maps,4.6,Actif,2026-06-29T00:15:34.192719,haute
BJ-8BF12084,Mécanique,Industrie & Manufacture,Copargo,+229 25 42 88 11,mécanique@mécanique.com,mécanique.bj,PME (50-200),B2B,Google Maps,3.7,Actif,2026-06-29T00:15:34.192739,haute
BJ-C7C2D7E6,Industrie Mécanique Groupe,Industrie & Manufacture,Copargo,+229 93 59 81 73,,industriemécaniquegroupe.bj,TPE (<10),B2B,Google Maps,4.6,Actif,2026-06-29T00:15:34.192753,moyenne
BJ-0D2E0DB0,Pharmaceutique Factory,Industrie & Manufacture,Copargo,+229 49 82 22 82,pharmaceutique.factory@pharmaceutique.factory.bj,,PME (50-200),B2B,Google Maps,3.5,Actif,2026-06-29T00:15:34.192767,moyenne
BJ-2C4756C1,Industrie Alimentaire,Industrie & Manufacture,Copargo,+229 56 19 88 44,,,PME (10-50),B2B,Google Maps,4.5,Actif,2026-06-29T00:15:34.192779,basse
BJ-129717C2,Textile,Industrie & Manufacture,Copargo,+229 93 81 44 69,,textile.bj,PME (50-200),B2B,Google Maps,3.7,Actif,2026-06-29T00:15:34.192791,moyenne
BJ-2247EB53,Bureau Stratégie,Services aux entreprises,Cotonou,+229 72 49 83 64,bureau.stratégie@bureau.stratégie.org,,PME (50-200),B2B,Google Maps,4.0,Actif,2026-06-29T00:15:34.192829,moyenne
BJ-22563C3B,Formation,Services aux entreprises,Cotonou,+229 49 74 15 10,formation@formation.org,formation.bj,TPE (<10),B2B,Google Maps,3.4,Actif,2026-06-29T00:15:34.192846,haute
BJ-68DEB94F,Conseil Business International,Services aux entreprises,Cotonou,+229 81 27 11 16,,conseilbusinessinternational.bj,PME (50-200),B2B,Google Maps,4.2,Actif,2026-06-29T00:15:34.192858,moyenne
BJ-1269F3FB,RH,Services aux entreprises,Cotonou,+229 72 39 47 38,rh@rh.bj,rh.bj,TPE (<10),B2B,Google Maps,4.6,Actif,2026-06-29T00:15:34.192872,haute
BJ-6AF8A668,Conseil,Services aux entreprises,Abomey-Calavi,+229 47 36 63 66,conseil@conseil.com,,PME (50-200),B2B,Google Maps,4.4,Actif,2026-06-29T00:15:34.192899,moyenne
BJ-28575C7E,Expert Africa,Services aux entreprises,Abomey-Calavi,+229 73 55 67 58,,,TPE (<10),B2B,Google Maps,4.3,Actif,2026-06-29T00:15:34.192913,basse
BJ-D3C286B8,Expert Marketing,Services aux entreprises,Abomey-Calavi,+229 65 11 85 73,expert.marketing@expert.marketing.bj,expertmarketing.bj,TPE (<10),B2B,Google Maps,3.6,Actif,2026-06-29T00:15:34.192926,haute
BJ-D065A632,Comptable,Services aux entreprises,Abomey-Calavi,+229 92 40 41 28,comptable@comptable.com,comptable.bj,PME (50-200),B2B,Google Maps,4.8,Actif,2026-06-29T00:15:34.192940,haute
BJ-B8DD9679,Communication,Services aux entreprises,Abomey-Calavi,+229 53 43 52 63,communication@communication.bj,communication.bj,PME (50-200),B2B,Google Maps,3.3,Actif,2026-06-29T00:15:34.192952,haute
BJ-3BD74C44,Conseil Comptable,Services aux entreprises,Porto-Novo,+229 92 77 86 69,conseil.comptable@conseil.comptable.benin,,PME (10-50),B2B,Google Maps,4.3,Actif,2026-06-29T00:15:34.192971,moyenne
BJ-9C5781EC,Agence Marketing,Services aux entreprises,Porto-Novo,+229 65 19 98 80,,,TPE (<10),B2B,Google Maps,4.8,Actif,2026-06-29T00:15:34.192987,basse
BJ-7F30E267,RH Porto-Novo,Services aux entreprises,Porto-Novo,+229 24 40 82 99,rh.portonovo@rh.portonovo.bj,rhportonovo.bj,TPE (<10),B2B,Google Maps,3.4,Actif,2026-06-29T00:15:34.193013,haute
BJ-9072BC47,Audit Africa,Services aux entreprises,Porto-Novo,+229 98 33 19 79,,auditafrica.bj,PME (50-200),B2B,Google Maps,5.0,Actif,2026-06-29T00:15:34.193025,moyenne
BJ-D59382A6,Conseil Business,Services aux entreprises,Parakou,+229 35 35 53 99,conseil.business@conseil.business.org,conseilbusiness.bj,TPE (<10),B2B,Google Maps,4.7,Actif,2026-06-29T00:15:34.193048,haute
BJ-57D3293A,Audit Communication Bureau,Services aux entreprises,Parakou,+229 41 42 41 86,,,TPE (<10),B2B,Google Maps,4.8,Actif,2026-06-29T00:15:34.193067,basse
BJ-084CD3BC,Expert Parakou,Services aux entreprises,Parakou,+229 52 77 87 32,expert.parakou@expert.parakou.com,expertparakou.bj,TPE (<10),B2B,Google Maps,3.8,Actif,2026-06-29T00:15:34.193081,haute
BJ-226EE4D3,Management Advisory Parakou,Services aux entreprises,Parakou,+229 67 38 29 50,management.advisory.parakou@management.advisory.parakou.org,,Grande (>200),B2B,Google Maps,4.5,Actif,2026-06-29T00:15:34.193093,moyenne
BJ-D527BA31,Audit Audit Cabinet Bohicon,Services aux entreprises,Bohicon,+229 51 21 11 50,audit.audit.cabinet.bohicon@audit.audit.cabinet.bohicon.benin,auditauditcabinetbohicon.bj,TPE (<10),B2B,Google Maps,4.4,Actif,2026-06-29T00:15:34.193125,haute
BJ-18E04CDA,Consulting Marketing International,Services aux entreprises,Bohicon,+229 71 42 49 39,consulting.marketing.international@consulting.marketing.international.com,consultingmarketinginternational.bj,Grande (>200),B2B,Google Maps,4.6,Actif,2026-06-29T00:15:34.193143,haute
BJ-258B2E66,Conseil Conseil Bureau Bohicon,Services aux entreprises,Bohicon,+229 66 40 70 15,conseil.conseil.bureau.bohicon@conseil.conseil.bureau.bohicon.net,conseilconseilbureaubohicon.bj,Grande (>200),B2B,Google Maps,4.7,Actif,2026-06-29T00:15:34.193158,haute
BJ-46866BDC,Agence Juridique,Services aux entreprises,Bohicon,+229 78 44 38 50,agence.juridique@agence.juridique.bj,agencejuridique.bj,PME (50-200),B2B,Google Maps,4.0,Actif,2026-06-29T00:15:34.193184,haute
BJ-67D50D01,Bureau Conseil Natitingou,Services aux entreprises,Natitingou,+229 88 93 67 98,,bureauconseilnatitingou.bj,PME (10-50),B2B,Google Maps,4.9,Actif,2026-06-29T00:15:34.193202,moyenne
BJ-F20D020E,Expert Fiscal Consulting,Services aux entreprises,Natitingou,+229 51 76 28 36,expert.fiscal.consulting@expert.fiscal.consulting.bj,,TPE (<10),B2B,Google Maps,3.8,Actif,2026-06-29T00:15:34.193216,moyenne
BJ-4631B652,Conseil Audit Natitingou,Services aux entreprises,Natitingou,+229 26 75 71 14,conseil.audit.natitingou@conseil.audit.natitingou.com,,TPE (<10),B2B,Google Maps,4.7,Actif,2026-06-29T00:15:34.193244,moyenne
BJ-93345C82,Agence Comptable Cabinet,Services aux entreprises,Lokossa,+229 63 27 28 61,agence.comptable.cabinet@agence.comptable.cabinet.benin,,PME (10-50),B2B,Google Maps,3.0,Actif,2026-06-29T00:15:34.193275,moyenne
BJ-258B2C94,Juridique International,Services aux entreprises,Lokossa,+229 27 42 26 94,,juridiqueinternational.bj,PME (10-50),B2B,Google Maps,3.7,Actif,2026-06-29T00:15:34.193292,moyenne
BJ-F80A7629,Consulting Stratégie Lokossa,Services aux entreprises,Lokossa,+229 53 19 95 53,consulting.stratégie.lokossa@consulting.stratégie.lokossa.net,,TPE (<10),B2B,Google Maps,4.1,Actif,2026-06-29T00:15:34.193307,moyenne
BJ-A5573B8D,Agence Fiscal Lokossa,Services aux entreprises,Lokossa,+229 44 18 95 57,agence.fiscal.lokossa@agence.fiscal.lokossa.bj,agencefiscallokossa.bj,PME (10-50),B2B,Google Maps,3.9,Actif,2026-06-29T00:15:34.193324,haute
BJ-7D34E4D9,Audit Lokossa,Services aux entreprises,Lokossa,+229 92 30 69 95,audit.lokossa@audit.lokossa.bj,,PME (10-50),B2B,Google Maps,3.9,Actif,2026-06-29T00:15:34.193337,moyenne
BJ-80116C63,Agence Fiscal,Services aux entreprises,Ouidah,+229 55 39 15 95,agence.fiscal@agence.fiscal.org,agencefiscal.bj,Grande (>200),B2B,Google Maps,4.1,Actif,2026-06-29T00:15:34.193370,haute
BJ-E738BB84,RH Bénin,Services aux entreprises,Ouidah,+229 34 48 70 63,rh.bénin@rh.bénin.bj,rhbénin.bj,Grande (>200),B2B,Google Maps,4.4,Actif,2026-06-29T00:15:34.193384,haute
BJ-5F6342C1,Business Bureau,Services aux entreprises,Ouidah,+229 20 43 77 93,business.bureau@business.bureau.com,,TPE (<10),B2B,Google Maps,3.0,Actif,2026-06-29T00:15:34.193397,moyenne
BJ-5C251133,Audit RH Bureau,Services aux entreprises,Ouidah,+229 46 92 13 87,,auditrhbureau.bj,PME (10-50),B2B,Google Maps,3.4,Actif,2026-06-29T00:15:34.193410,moyenne
BJ-A0A9B944,Fiscal International Savalou,Services aux entreprises,Savalou,+229 43 43 44 22,fiscal.international.savalou@fiscal.international.savalou.benin,fiscalinternationalsavalou.bj,PME (10-50),B2B,Google Maps,4.0,Actif,2026-06-29T00:15:34.193433,haute
BJ-435D0DF0,Conseil Marketing,Services aux entreprises,Savalou,+229 66 73 32 42,conseil.marketing@conseil.marketing.benin,,PME (50-200),B2B,Google Maps,3.9,Actif,2026-06-29T00:15:34.193449,moyenne
BJ-0F567D45,Comptable Partners,Services aux entreprises,Savalou,+229 42 46 38 53,,comptablepartners.bj,TPE (<10),B2B,Google Maps,3.8,Actif,2026-06-29T00:15:34.193462,moyenne
BJ-55A8EC28,Cabinet Formation Partners,Services aux entreprises,Savalou,+229 34 93 29 44,cabinet.formation.partners@cabinet.formation.partners.com,cabinetformationpartners.bj,TPE (<10),B2B,Google Maps,3.3,Actif,2026-06-29T00:15:34.193475,haute
BJ-0ADD746F,Expert Comptable Bureau,Services aux entreprises,Dassa-Zoumè,+229 50 31 25 16,,,PME (50-200),B2B,Google Maps,3.7,Actif,2026-06-29T00:15:34.193506,basse
BJ-C7FC334E,Communication Cabinet,Services aux entreprises,Dassa-Zoumè,+229 81 69 14 43,communication.cabinet@communication.cabinet.benin,communicationcabinet.bj,Grande (>200),B2B,Google Maps,4.4,Actif,2026-06-29T00:15:34.193520,haute
BJ-97B9E09C,Agence Management Advisory,Services aux entreprises,Dassa-Zoumè,+229 64 76 70 56,agence.management.advisory@agence.management.advisory.benin,,PME (10-50),B2B,Google Maps,3.8,Actif,2026-06-29T00:15:34.193536,moyenne
BJ-19F0A76E,Cabinet Fiscal Bénin,Services aux entreprises,Dassa-Zoumè,+229 75 17 22 60,cabinet.fiscal.bénin@cabinet.fiscal.bénin.net,cabinetfiscalbénin.bj,PME (10-50),B2B,Google Maps,3.4,Actif,2026-06-29T00:15:34.193552,haute
BJ-A8A124A7,Cabinet Audit Bureau,Services aux entreprises,Dassa-Zoumè,+229 96 76 16 91,cabinet.audit.bureau@cabinet.audit.bureau.com,,TPE (<10),B2B,Google Maps,3.7,Actif,2026-06-29T00:15:34.193565,moyenne
BJ-11072B1D,Bureau Formation,Services aux entreprises,Kétou,+229 32 82 59 46,bureau.formation@bureau.formation.benin,bureauformation.bj,PME (50-200),B2B,Google Maps,3.9,Actif,2026-06-29T00:15:34.193605,haute
BJ-AB6538F7,Juridique Africa,Services aux entreprises,Kétou,+229 42 97 84 65,juridique.africa@juridique.africa.benin,juridiqueafrica.bj,PME (10-50),B2B,Google Maps,5.0,Actif,2026-06-29T00:15:34.193622,haute
BJ-D8EDEC37,Formation Advisory,Services aux entreprises,Kétou,+229 81 70 52 41,,,PME (50-200),B2B,Google Maps,4.3,Actif,2026-06-29T00:15:34.193633,basse
BJ-7BF68D75,Business Partners,Services aux entreprises,Kétou,+229 52 50 19 14,business.partners@business.partners.org,businesspartners.bj,TPE (<10),B2B,Google Maps,4.1,Actif,2026-06-29T00:15:34.193646,haute
BJ-4E763D27,RH Africa,Services aux entreprises,Kétou,+229 60 96 71 58,rh.africa@rh.africa.benin,rhafrica.bj,TPE (<10),B2B,Google Maps,3.5,Actif,2026-06-29T00:15:34.193660,haute
BJ-EA74D7F1,Formation Advisory Covè,Services aux entreprises,Covè,+229 80 82 74 14,formation.advisory.covè@formation.advisory.covè.org,formationadvisorycovè.bj,TPE (<10),B2B,Google Maps,3.1,Actif,2026-06-29T00:15:34.193683,haute
BJ-BEF822AA,Expert,Services aux entreprises,Covè,+229 58 20 50 26,expert@expert.net,expert.bj,PME (10-50),B2B,Google Maps,3.8,Actif,2026-06-29T00:15:34.193697,haute
BJ-5EA82B73,Comptable,Services aux entreprises,Covè,+229 61 99 88 42,,comptable.bj,Grande (>200),B2B,Google Maps,4.7,Actif,2026-06-29T00:15:34.193709,moyenne
BJ-1AF95D2B,Communication,Services aux entreprises,Covè,+229 31 49 33 79,communication@communication.benin,communication.bj,PME (10-50),B2B,Google Maps,3.8,Actif,2026-06-29T00:15:34.193721,haute
BJ-C303AFD9,Conseil Consulting,Services aux entreprises,Covè,+229 47 19 42 57,conseil.consulting@conseil.consulting.bj,conseilconsulting.bj,PME (50-200),B2B,Google Maps,4.9,Actif,2026-06-29T00:15:34.193734,haute
BJ-2B492937,Consulting Stratégie Bénin,Services aux entreprises,Pobè,+229 86 48 78 73,consulting.stratégie.bénin@consulting.stratégie.bénin.com,consultingstratégiebénin.bj,TPE (<10),B2B,Google Maps,4.2,Actif,2026-06-29T00:15:34.193754,haute
BJ-A08E0C63,Audit Juridique International,Services aux entreprises,Pobè,+229 39 82 45 77,audit.juridique.international@audit.juridique.international.org,auditjuridiqueinternational.bj,PME (10-50),B2B,Google Maps,3.3,Actif,2026-06-29T00:15:34.193770,haute
BJ-28A1F8BF,Agence Juridique,Services aux entreprises,Pobè,+229 22 45 13 60,agence.juridique@agence.juridique.com,,PME (50-200),B2B,Google Maps,4.7,Actif,2026-06-29T00:15:34.193786,moyenne
BJ-449EAA7B,Agence Management Pobè,Services aux entreprises,Pobè,+229 61 53 26 68,agence.management.pobè@agence.management.pobè.benin,agencemanagementpobè.bj,PME (50-200),B2B,Google Maps,4.8,Actif,2026-06-29T00:15:34.193800,haute
BJ-002DA944,Stratégie Cabinet,Services aux entreprises,Pobè,+229 22 80 50 23,,stratégiecabinet.bj,TPE (<10),B2B,Google Maps,3.5,Actif,2026-06-29T00:15:34.193815,moyenne
BJ-C4E35EC1,Expert Marketing,Services aux entreprises,Sakété,+229 81 75 74 61,expert.marketing@expert.marketing.com,expertmarketing.bj,PME (50-200),B2B,Google Maps,3.4,Actif,2026-06-29T00:15:34.193834,haute
BJ-EDB29E4D,Cabinet Audit Advisory Sakété,Services aux entreprises,Sakété,+229 70 56 23 20,cabinet.audit.advisory.sakété@cabinet.audit.advisory.sakété.benin,cabinetauditadvisorysakété.bj,PME (50-200),B2B,Google Maps,4.4,Actif,2026-06-29T00:15:34.193860,haute
BJ-D5E2A289,Audit,Services aux entreprises,Sakété,+229 58 39 83 65,audit@audit.org,audit.bj,TPE (<10),B2B,Google Maps,5.0,Actif,2026-06-29T00:15:34.193873,haute
BJ-54EB84CD,Management,Services aux entreprises,Sakété,+229 87 16 61 60,management@management.com,management.bj,PME (10-50),B2B,Google Maps,3.5,Actif,2026-06-29T00:15:34.193886,haute
BJ-582DCB27,Consulting RH,Services aux entreprises,Adjara,+229 74 62 12 88,,consultingrh.bj,PME (10-50),B2B,Google Maps,3.3,Actif,2026-06-29T00:15:34.193964,moyenne
BJ-5591945D,Cabinet Conseil,Services aux entreprises,Adjara,+229 88 61 87 16,cabinet.conseil@cabinet.conseil.com,cabinetconseil.bj,TPE (<10),B2B,Google Maps,3.0,Actif,2026-06-29T00:15:34.193993,haute
BJ-DDF6B2E2,Audit Conseil Africa,Services aux entreprises,Adjara,+229 55 79 93 85,audit.conseil.africa@audit.conseil.africa.bj,,Grande (>200),B2B,Google Maps,4.4,Actif,2026-06-29T00:15:34.194021,moyenne
BJ-FCF9264A,Conseil Expert Partners Adjara,Services aux entreprises,Adjara,+229 48 15 92 71,,conseilexpertpartnersadjara.bj,PME (50-200),B2B,Google Maps,4.7,Actif,2026-06-29T00:15:34.194049,moyenne
BJ-B041D5D2,Consulting Consulting,Services aux entreprises,Allada,+229 62 87 12 70,consulting.consulting@consulting.consulting.bj,consultingconsulting.bj,PME (10-50),B2B,Google Maps,3.1,Actif,2026-06-29T00:15:34.194085,haute
BJ-4164A8F4,Consulting Stratégie Allada,Services aux entreprises,Allada,+229 97 96 70 28,consulting.stratégie.allada@consulting.stratégie.allada.benin,consultingstratégieallada.bj,PME (50-200),B2B,Google Maps,4.1,Actif,2026-06-29T00:15:34.194120,haute
BJ-EFAEA478,Conseil RH Consulting,Services aux entreprises,Allada,+229 54 90 73 71,conseil.rh.consulting@conseil.rh.consulting.com,,TPE (<10),B2B,Google Maps,4.1,Actif,2026-06-29T00:15:34.194155,moyenne
BJ-6095354C,Conseil Consulting Bénin,Services aux entreprises,Allada,+229 36 98 63 81,conseil.consulting.bénin@conseil.consulting.bénin.benin,conseilconsultingbénin.bj,PME (50-200),B2B,Google Maps,3.2,Actif,2026-06-29T00:15:34.194191,haute
BJ-6B115CC5,Bureau Marketing,Services aux entreprises,Allada,+229 74 59 88 25,bureau.marketing@bureau.marketing.bj,,PME (10-50),B2B,Google Maps,4.2,Actif,2026-06-29T00:15:34.194227,moyenne
BJ-D2AF9FA6,Bureau Fiscal,Services aux entreprises,Aplahoué,+229 77 33 53 94,bureau.fiscal@bureau.fiscal.net,,TPE (<10),B2B,Google Maps,3.1,Actif,2026-06-29T00:15:34.194271,moyenne
BJ-02F39628,Management Partners Aplahoué,Services aux entreprises,Aplahoué,+229 45 66 27 55,management.partners.aplahoué@management.partners.aplahoué.com,,PME (10-50),B2B,Google Maps,4.5,Actif,2026-06-29T00:15:34.194294,moyenne
BJ-119DE377,Conseil Stratégie,Services aux entreprises,Aplahoué,+229 69 45 51 72,conseil.stratégie@conseil.stratégie.benin,conseilstratégie.bj,PME (10-50),B2B,Google Maps,3.6,Actif,2026-06-29T00:15:34.194310,haute
BJ-D67727E6,RH Aplahoué,Services aux entreprises,Aplahoué,+229 39 55 78 74,,,PME (10-50),B2B,Google Maps,3.0,Actif,2026-06-29T00:15:34.194323,basse
BJ-51C2F221,Cabinet RH Africa,Services aux entreprises,Aplahoué,+229 42 88 14 58,cabinet.rh.africa@cabinet.rh.africa.com,,PME (50-200),B2B,Google Maps,4.5,Actif,2026-06-29T00:15:34.194336,moyenne
BJ-59DBC7D1,Conseil Management,Services aux entreprises,Dogbo-Tota,+229 96 30 53 30,,,PME (10-50),B2B,Google Maps,4.4,Actif,2026-06-29T00:15:34.194368,basse
BJ-8A19757C,Consulting RH Cabinet,Services aux entreprises,Dogbo-Tota,+229 80 36 81 84,,,TPE (<10),B2B,Google Maps,3.9,Actif,2026-06-29T00:15:34.194380,basse
BJ-5B73DB6D,Conseil Communication Dogbo-Tota,Services aux entreprises,Dogbo-Tota,+229 98 59 46 16,conseil.communication.dogbotota@conseil.communication.dogbotota.net,conseilcommunicationdogbotota.bj,PME (10-50),B2B,Google Maps,3.6,Actif,2026-06-29T00:15:34.194393,haute
BJ-11C522A2,Expert Cabinet,Services aux entreprises,Dogbo-Tota,+229 87 44 89 99,expert.cabinet@expert.cabinet.net,,PME (50-200),B2B,Google Maps,4.8,Actif,2026-06-29T00:15:34.194407,moyenne
BJ-171F7A08,Audit Juridique,Services aux entreprises,Kpomassè,+229 31 98 44 28,audit.juridique@audit.juridique.benin,auditjuridique.bj,PME (10-50),B2B,Google Maps,3.1,Actif,2026-06-29T00:15:34.194426,haute
BJ-5BB82A21,Conseil International,Services aux entreprises,Kpomassè,+229 88 84 13 62,conseil.international@conseil.international.net,,PME (50-200),B2B,Google Maps,4.2,Actif,2026-06-29T00:15:34.194443,moyenne
BJ-A703A93B,Business Africa,Services aux entreprises,Kpomassè,+229 95 86 91 97,business.africa@business.africa.bj,businessafrica.bj,Grande (>200),B2B,Google Maps,3.7,Actif,2026-06-29T00:15:34.194457,haute
BJ-2866A661,Fiscal,Services aux entreprises,Kpomassè,+229 34 25 97 92,fiscal@fiscal.bj,,PME (10-50),B2B,Google Maps,3.7,Actif,2026-06-29T00:15:34.194476,moyenne
BJ-86724FF7,Audit Expert,Services aux entreprises,Kpomassè,+229 68 18 65 58,audit.expert@audit.expert.org,,TPE (<10),B2B,Google Maps,4.6,Actif,2026-06-29T00:15:34.194488,moyenne
BJ-31BACECE,Bureau Formation Advisory,Services aux entreprises,Tori-Bossito,+229 33 84 35 43,bureau.formation.advisory@bureau.formation.advisory.benin,bureauformationadvisory.bj,TPE (<10),B2B,Google Maps,4.3,Actif,2026-06-29T00:15:34.194508,haute
BJ-66934130,Bureau Juridique Bureau,Services aux entreprises,Tori-Bossito,+229 67 54 33 18,,bureaujuridiquebureau.bj,TPE (<10),B2B,Google Maps,4.2,Actif,2026-06-29T00:15:34.194521,moyenne
BJ-3997FBEB,Audit Conseil,Services aux entreprises,Tori-Bossito,+229 79 64 99 99,audit.conseil@audit.conseil.bj,auditconseil.bj,PME (50-200),B2B,Google Maps,4.6,Actif,2026-06-29T00:15:34.194534,haute
BJ-7C1EB12C,Consulting Expert Consulting,Services aux entreprises,Tori-Bossito,+229 78 81 97 35,consulting.expert.consulting@consulting.expert.consulting.org,,Grande (>200),B2B,Google Maps,3.6,Actif,2026-06-29T00:15:34.194560,moyenne
BJ-E3C3E74B,Formation Africa Grand-Popo,Services aux entreprises,Grand-Popo,+229 95 17 98 68,,formationafricagrandpopo.bj,TPE (<10),B2B,Google Maps,4.5,Actif,2026-06-29T00:15:34.194578,moyenne
BJ-D5B0C686,Juridique Advisory,Services aux entreprises,Grand-Popo,+229 44 73 95 57,juridique.advisory@juridique.advisory.com,juridiqueadvisory.bj,PME (50-200),B2B,Google Maps,3.8,Actif,2026-06-29T00:15:34.194611,haute
BJ-037FC3C1,Conseil Comptable,Services aux entreprises,Grand-Popo,+229 83 73 83 99,conseil.comptable@conseil.comptable.net,,PME (10-50),B2B,Google Maps,4.4,Actif,2026-06-29T00:15:34.194623,moyenne
BJ-DC2E9634,Bureau Stratégie,Services aux entreprises,Grand-Popo,+229 82 61 27 99,bureau.stratégie@bureau.stratégie.com,bureaustratégie.bj,TPE (<10),B2B,Google Maps,3.2,Actif,2026-06-29T00:15:34.194637,haute
BJ-2AEDF011,Agence Communication Consulting Athiémé,Services aux entreprises,Athiémé,+229 37 64 30 22,agence.communication.consulting.athiémé@agence.communication.consulting.athiémé.benin,,TPE (<10),B2B,Google Maps,3.8,Actif,2026-06-29T00:15:34.194657,moyenne
BJ-7B83C012,Cabinet Audit,Services aux entreprises,Athiémé,+229 99 20 57 56,cabinet.audit@cabinet.audit.org,,TPE (<10),B2B,Google Maps,4.1,Actif,2026-06-29T00:15:34.194670,moyenne
BJ-9BD9B0B5,Fiscal Bureau,Services aux entreprises,Athiémé,+229 45 76 63 55,fiscal.bureau@fiscal.bureau.com,fiscalbureau.bj,PME (50-200),B2B,Google Maps,3.6,Actif,2026-06-29T00:15:34.194691,haute
BJ-DCD2514F,Audit Communication Bureau Athiémé,Services aux entreprises,Athiémé,+229 85 43 27 55,audit.communication.bureau.athiémé@audit.communication.bureau.athiémé.net,auditcommunicationbureauathiémé.bj,Grande (>200),B2B,Google Maps,3.1,Actif,2026-06-29T00:15:34.194726,haute
BJ-110A41D5,Conseil Consulting Athiémé,Services aux entreprises,Athiémé,+229 64 83 33 97,conseil.consulting.athiémé@conseil.consulting.athiémé.benin,conseilconsultingathiémé.bj,PME (50-200),B2B,Google Maps,4.5,Actif,2026-06-29T00:15:34.194757,haute
BJ-D36DEC74,Bureau Consulting Bénin Bopa,Services aux entreprises,Bopa,+229 87 90 49 94,bureau.consulting.bénin.bopa@bureau.consulting.bénin.bopa.org,,TPE (<10),B2B,Google Maps,3.7,Actif,2026-06-29T00:15:34.194795,moyenne
BJ-D0FE7B55,Conseil Juridique Advisory Bopa,Services aux entreprises,Bopa,+229 73 48 86 96,,,TPE (<10),B2B,Google Maps,4.0,Actif,2026-06-29T00:15:34.194844,basse
BJ-215ADC0A,Fiscal Bénin Bopa,Services aux entreprises,Bopa,+229 88 11 63 73,fiscal.bénin.bopa@fiscal.bénin.bopa.org,fiscalbéninbopa.bj,PME (10-50),B2B,Google Maps,3.6,Actif,2026-06-29T00:15:34.194908,haute
BJ-CC745824,Audit Comptable Bopa,Services aux entreprises,Bopa,+229 32 94 10 49,audit.comptable.bopa@audit.comptable.bopa.benin,,TPE (<10),B2B,Google Maps,4.4,Actif,2026-06-29T00:15:34.194925,moyenne
BJ-2D98180E,Agence Management Africa Houéyogbé,Services aux entreprises,Houéyogbé,+229 67 94 59 85,,agencemanagementafricahouéyogbé.bj,PME (50-200),B2B,Google Maps,4.0,Actif,2026-06-29T00:15:34.194966,moyenne
BJ-9E5CFA08,Comptable,Services aux entreprises,Houéyogbé,+229 29 68 29 82,,,PME (10-50),B2B,Google Maps,4.3,Actif,2026-06-29T00:15:34.194978,basse
BJ-15ED8D4E,Cabinet Stratégie,Services aux entreprises,Houéyogbé,+229 93 35 70 19,cabinet.stratégie@cabinet.stratégie.org,cabinetstratégie.bj,TPE (<10),B2B,Google Maps,3.4,Actif,2026-06-29T00:15:34.194992,haute
BJ-26D893CA,Conseil Communication Consulting,Services aux entreprises,Houéyogbé,+229 45 61 48 83,conseil.communication.consulting@conseil.communication.consulting.com,,Grande (>200),B2B,Google Maps,3.9,Actif,2026-06-29T00:15:34.195005,moyenne
BJ-DD4BE3FB,Consulting Business Advisory,Services aux entreprises,Malanville,+229 30 75 36 25,consulting.business.advisory@consulting.business.advisory.bj,consultingbusinessadvisory.bj,TPE (<10),B2B,Google Maps,3.6,Actif,2026-06-29T00:15:34.195024,haute
BJ-E74D643F,Audit Audit,Services aux entreprises,Malanville,+229 84 57 22 29,audit.audit@audit.audit.net,,Grande (>200),B2B,Google Maps,4.4,Actif,2026-06-29T00:15:34.195041,moyenne
BJ-851015E9,Expert Comptable Consulting,Services aux entreprises,Malanville,+229 35 73 77 76,expert.comptable.consulting@expert.comptable.consulting.bj,,TPE (<10),B2B,Google Maps,4.1,Actif,2026-06-29T00:15:34.195055,moyenne
BJ-39C1A3B7,Fiscal Consulting,Services aux entreprises,Malanville,+229 31 23 17 67,fiscal.consulting@fiscal.consulting.com,fiscalconsulting.bj,PME (10-50),B2B,Google Maps,3.5,Actif,2026-06-29T00:15:34.195067,haute
BJ-5CDF779F,Comptable Consulting,Services aux entreprises,Malanville,+229 34 75 26 17,,comptableconsulting.bj,PME (50-200),B2B,Google Maps,5.0,Actif,2026-06-29T00:15:34.195080,moyenne
BJ-E99F42DE,Conseil Juridique,Services aux entreprises,Kandi,+229 20 34 90 14,conseil.juridique@conseil.juridique.org,,PME (10-50),B2B,Google Maps,3.6,Actif,2026-06-29T00:15:34.195098,moyenne
BJ-56F138AB,Expert Fiscal,Services aux entreprises,Kandi,+229 36 16 41 87,expert.fiscal@expert.fiscal.org,,PME (10-50),B2B,Google Maps,3.9,Actif,2026-06-29T00:15:34.195111,moyenne
BJ-5F738DC1,Bureau Expert,Services aux entreprises,Kandi,+229 59 94 67 22,bureau.expert@bureau.expert.bj,,TPE (<10),B2B,Google Maps,3.2,Actif,2026-06-29T00:15:34.195127,moyenne
BJ-A79F383C,Audit Formation,Services aux entreprises,Kandi,+229 35 61 31 96,audit.formation@audit.formation.benin,auditformation.bj,TPE (<10),B2B,Google Maps,4.5,Actif,2026-06-29T00:15:34.195153,haute
BJ-AE0902AE,Bureau Fiscal Advisory,Services aux entreprises,Banikoara,+229 36 11 34 48,bureau.fiscal.advisory@bureau.fiscal.advisory.net,bureaufiscaladvisory.bj,TPE (<10),B2B,Google Maps,3.6,Actif,2026-06-29T00:15:34.195172,haute
BJ-685CC49B,Business Bénin Banikoara,Services aux entreprises,Banikoara,+229 22 12 52 39,business.bénin.banikoara@business.bénin.banikoara.bj,,PME (50-200),B2B,Google Maps,4.8,Actif,2026-06-29T00:15:34.195189,moyenne
BJ-D4ED40AD,Expert Comptable Banikoara,Services aux entreprises,Banikoara,+229 48 51 48 92,expert.comptable.banikoara@expert.comptable.banikoara.benin,expertcomptablebanikoara.bj,TPE (<10),B2B,Google Maps,3.4,Actif,2026-06-29T00:15:34.195204,haute
BJ-D5DA4537,Expert,Services aux entreprises,Banikoara,+229 88 33 53 65,expert@expert.benin,expert.bj,PME (50-200),B2B,Google Maps,3.2,Actif,2026-06-29T00:15:34.195217,haute
BJ-7598D02A,Consulting Juridique,Services aux entreprises,Banikoara,+229 74 82 57 76,consulting.juridique@consulting.juridique.com,consultingjuridique.bj,TPE (<10),B2B,Google Maps,4.1,Actif,2026-06-29T00:15:34.195230,haute
BJ-2D42C3F4,Cabinet Marketing Bureau,Services aux entreprises,Ségbana,+229 82 59 51 45,,cabinetmarketingbureau.bj,PME (10-50),B2B,Google Maps,3.6,Actif,2026-06-29T00:15:34.195249,moyenne
BJ-5B6CEB33,Bureau Audit Africa,Services aux entreprises,Ségbana,+229 32 11 76 29,,bureauauditafrica.bj,TPE (<10),B2B,Google Maps,3.1,Actif,2026-06-29T00:15:34.195262,moyenne
BJ-B466DE59,Bureau Audit,Services aux entreprises,Ségbana,+229 79 70 71 35,,,TPE (<10),B2B,Google Maps,4.9,Actif,2026-06-29T00:15:34.195274,basse
BJ-A767F457,Juridique Ségbana,Services aux entreprises,Ségbana,+229 41 99 57 86,juridique.ségbana@juridique.ségbana.benin,,TPE (<10),B2B,Google Maps,4.4,Actif,2026-06-29T00:15:34.195287,moyenne
BJ-C993EDF7,Audit Partners,Services aux entreprises,Ségbana,+229 86 90 16 65,audit.partners@audit.partners.bj,auditpartners.bj,PME (50-200),B2B,Google Maps,3.1,Actif,2026-06-29T00:15:34.195301,haute
BJ-AB709924,Cabinet Comptable,Services aux entreprises,Karimama,+229 42 98 32 40,cabinet.comptable@cabinet.comptable.org,,PME (10-50),B2B,Google Maps,4.9,Actif,2026-06-29T00:15:34.195337,moyenne
BJ-0766CE2E,Communication Africa,Services aux entreprises,Karimama,+229 48 40 11 28,communication.africa@communication.africa.com,communicationafrica.bj,Grande (>200),B2B,Google Maps,4.9,Actif,2026-06-29T00:15:34.195372,haute
BJ-298ED533,Audit Stratégie Partners Karimama,Services aux entreprises,Karimama,+229 95 18 55 41,audit.stratégie.partners.karimama@audit.stratégie.partners.karimama.net,auditstratégiepartnerskarimama.bj,PME (10-50),B2B,Google Maps,4.0,Actif,2026-06-29T00:15:34.195387,haute
BJ-4AC18670,Stratégie Africa,Services aux entreprises,Gogounou,+229 66 94 78 27,,,Grande (>200),B2B,Google Maps,4.1,Actif,2026-06-29T00:15:34.195405,basse
BJ-36678832,Expert Fiscal,Services aux entreprises,Gogounou,+229 44 11 11 25,expert.fiscal@expert.fiscal.benin,expertfiscal.bj,Grande (>200),B2B,Google Maps,3.1,Actif,2026-06-29T00:15:34.195419,haute
BJ-EC906AF9,Expert Stratégie,Services aux entreprises,Gogounou,+229 37 78 33 82,expert.stratégie@expert.stratégie.benin,expertstratégie.bj,PME (10-50),B2B,Google Maps,4.0,Actif,2026-06-29T00:15:34.195433,haute
BJ-7DFB28F2,Communication Africa,Services aux entreprises,Gogounou,+229 65 68 54 46,communication.africa@communication.africa.net,communicationafrica.bj,TPE (<10),B2B,Google Maps,4.2,Actif,2026-06-29T00:15:34.195446,haute
BJ-2F17EF88,Expert Audit,Services aux entreprises,Gogounou,+229 95 17 88 49,expert.audit@expert.audit.com,,PME (50-200),B2B,Google Maps,3.3,Actif,2026-06-29T00:15:34.195459,moyenne
BJ-BA10CA5F,Juridique Consulting Cobly,Services aux entreprises,Cobly,+229 97 31 47 69,juridique.consulting.cobly@juridique.consulting.cobly.bj,,PME (50-200),B2B,Google Maps,3.7,Actif,2026-06-29T00:15:34.195477,moyenne
BJ-6A48DC07,Agence Management,Services aux entreprises,Cobly,+229 55 47 21 10,agence.management@agence.management.net,agencemanagement.bj,TPE (<10),B2B,Google Maps,3.4,Actif,2026-06-29T00:15:34.195493,haute
BJ-71148F2D,Expert Conseil Advisory Cobly,Services aux entreprises,Cobly,+229 34 59 26 43,expert.conseil.advisory.cobly@expert.conseil.advisory.cobly.benin,expertconseiladvisorycobly.bj,Grande (>200),B2B,Google Maps,4.7,Actif,2026-06-29T00:15:34.195508,haute
BJ-0DEC2D95,Management Africa,Services aux entreprises,Cobly,+229 99 96 49 76,,managementafrica.bj,Grande (>200),B2B,Google Maps,4.5,Actif,2026-06-29T00:15:34.195520,moyenne
BJ-9A84BCE4,Communication,Services aux entreprises,Tanguiéta,+229 52 67 66 34,communication@communication.net,communication.bj,PME (10-50),B2B,Google Maps,3.1,Actif,2026-06-29T00:15:34.195555,haute
BJ-0C1B8587,Fiscal International Tanguiéta,Services aux entreprises,Tanguiéta,+229 69 78 79 58,fiscal.international.tanguiéta@fiscal.international.tanguiéta.net,fiscalinternationaltanguiéta.bj,PME (10-50),B2B,Google Maps,4.0,Actif,2026-06-29T00:15:34.195601,haute
BJ-E2FC8DE6,Consulting Bénin,Services aux entreprises,Tanguiéta,+229 29 63 45 31,,consultingbénin.bj,TPE (<10),B2B,Google Maps,3.5,Actif,2026-06-29T00:15:34.195614,moyenne
BJ-B22B0DC3,Fiscal,Services aux entreprises,Tanguiéta,+229 90 93 55 97,fiscal@fiscal.bj,,TPE (<10),B2B,Google Maps,3.6,Actif,2026-06-29T00:15:34.195626,moyenne
BJ-C2C68AE1,Management Cabinet Matéri,Services aux entreprises,Matéri,+229 77 73 97 54,management.cabinet.matéri@management.cabinet.matéri.bj,managementcabinetmatéri.bj,Grande (>200),B2B,Google Maps,4.9,Actif,2026-06-29T00:15:34.195646,haute
BJ-15F918B1,Comptable Matéri,Services aux entreprises,Matéri,+229 62 52 70 85,comptable.matéri@comptable.matéri.com,comptablematéri.bj,PME (10-50),B2B,Google Maps,4.7,Actif,2026-06-29T00:15:34.195662,haute
BJ-5978CCC7,Conseil Management Consulting,Services aux entreprises,Matéri,+229 43 82 20 72,conseil.management.consulting@conseil.management.consulting.org,conseilmanagementconsulting.bj,TPE (<10),B2B,Google Maps,4.3,Actif,2026-06-29T00:15:34.195676,haute
BJ-D932503C,Marketing,Services aux entreprises,Matéri,+229 36 19 37 19,marketing@marketing.net,,PME (50-200),B2B,Google Maps,4.0,Actif,2026-06-29T00:15:34.195689,moyenne
BJ-A695CEB4,Bureau Marketing Natitingou,Services aux entreprises,Natitingou,+229 44 53 48 15,bureau.marketing.natitingou@bureau.marketing.natitingou.org,,PME (10-50),B2B,Google Maps,4.6,Actif,2026-06-29T00:15:34.195747,moyenne
BJ-3664B649,Conseil Partners Natitingou,Services aux entreprises,Natitingou,+229 68 77 27 49,,conseilpartnersnatitingou.bj,PME (10-50),B2B,Google Maps,4.1,Actif,2026-06-29T00:15:34.195772,moyenne
BJ-B4C8A310,Conseil Marketing Bureau,Services aux entreprises,Toucountouna,+229 86 11 91 87,,conseilmarketingbureau.bj,TPE (<10),B2B,Google Maps,3.0,Actif,2026-06-29T00:15:34.195807,moyenne
BJ-72AEC61E,Conseil Business,Services aux entreprises,Toucountouna,+229 85 24 86 23,conseil.business@conseil.business.net,conseilbusiness.bj,TPE (<10),B2B,Google Maps,4.1,Actif,2026-06-29T00:15:34.195823,haute
BJ-5F7274FF,Bureau Communication,Services aux entreprises,Toucountouna,+229 32 68 40 63,bureau.communication@bureau.communication.com,bureaucommunication.bj,PME (50-200),B2B,Google Maps,4.8,Actif,2026-06-29T00:15:34.195865,haute
BJ-4C6627F2,Stratégie,Services aux entreprises,Toucountouna,+229 81 31 52 49,stratégie@stratégie.com,stratégie.bj,PME (50-200),B2B,Google Maps,3.7,Actif,2026-06-29T00:15:34.195901,haute
BJ-9D038FBB,Stratégie International Boukoumbé,Services aux entreprises,Boukoumbé,+229 97 28 94 48,,,TPE (<10),B2B,Google Maps,3.9,Actif,2026-06-29T00:15:34.195973,basse
BJ-80BAD2B0,Management Boukoumbé,Services aux entreprises,Boukoumbé,+229 39 65 22 81,management.boukoumbé@management.boukoumbé.org,managementboukoumbé.bj,PME (50-200),B2B,Google Maps,3.3,Actif,2026-06-29T00:15:34.195988,haute
BJ-F7B6E9A3,Bureau Conseil Partners Boukoumbé,Services aux entreprises,Boukoumbé,+229 45 28 84 91,,,PME (50-200),B2B,Google Maps,4.5,Actif,2026-06-29T00:15:34.196001,basse
BJ-2CAFB1D6,Agence Management Bureau,Services aux entreprises,Boukoumbé,+229 66 91 74 43,,agencemanagementbureau.bj,TPE (<10),B2B,Google Maps,4.1,Actif,2026-06-29T00:15:34.196014,moyenne
BJ-1765CEC1,Agence Expert,Services aux entreprises,Boukoumbé,+229 63 45 99 92,agence.expert@agence.expert.benin,agenceexpert.bj,PME (10-50),B2B,Google Maps,3.6,Actif,2026-06-29T00:15:34.196027,haute
BJ-1B4A7D71,Cabinet Expert Advisory,Services aux entreprises,Kouandé,+229 56 89 50 49,cabinet.expert.advisory@cabinet.expert.advisory.benin,cabinetexpertadvisory.bj,TPE (<10),B2B,Google Maps,3.0,Actif,2026-06-29T00:15:34.196047,haute
BJ-8C6202CE,Conseil Communication,Services aux entreprises,Kouandé,+229 73 92 76 53,conseil.communication@conseil.communication.bj,conseilcommunication.bj,PME (10-50),B2B,Google Maps,4.4,Actif,2026-06-29T00:15:34.196063,haute
BJ-7CDFC92D,Bureau Conseil,Services aux entreprises,Kouandé,+229 60 19 71 52,,bureauconseil.bj,TPE (<10),B2B,Google Maps,5.0,Actif,2026-06-29T00:15:34.196077,moyenne
BJ-E66A5202,Fiscal,Services aux entreprises,Kouandé,+229 51 51 83 89,fiscal@fiscal.net,fiscal.bj,TPE (<10),B2B,Google Maps,4.5,Actif,2026-06-29T00:15:34.196089,haute
BJ-0A088C85,Cabinet Comptable,Services aux entreprises,Péhunco,+229 51 10 71 71,cabinet.comptable@cabinet.comptable.com,cabinetcomptable.bj,TPE (<10),B2B,Google Maps,3.6,Actif,2026-06-29T00:15:34.196123,haute
BJ-8234D695,Conseil Conseil Consulting,Services aux entreprises,Péhunco,+229 36 60 51 41,,conseilconseilconsulting.bj,PME (50-200),B2B,Google Maps,3.7,Actif,2026-06-29T00:15:34.196136,moyenne
BJ-86701EFD,Cabinet Comptable Africa,Services aux entreprises,Péhunco,+229 38 54 77 73,cabinet.comptable.africa@cabinet.comptable.africa.com,cabinetcomptableafrica.bj,PME (10-50),B2B,Google Maps,3.1,Actif,2026-06-29T00:15:34.196150,haute
BJ-36F66F45,Management Péhunco,Services aux entreprises,Péhunco,+229 55 54 28 21,management.péhunco@management.péhunco.com,,TPE (<10),B2B,Google Maps,3.3,Actif,2026-06-29T00:15:34.196163,moyenne
BJ-40BBDD13,Fiscal Consulting,Services aux entreprises,Péhunco,+229 88 95 65 70,fiscal.consulting@fiscal.consulting.benin,,TPE (<10),B2B,Google Maps,3.0,Actif,2026-06-29T00:15:34.196179,moyenne
BJ-F31BD1FC,Comptable Africa,Services aux entreprises,Tchaourou,+229 22 83 53 11,,,PME (50-200),B2B,Google Maps,3.6,Actif,2026-06-29T00:15:34.196196,basse
BJ-1139C5FA,Formation Advisory,Services aux entreprises,Tchaourou,+229 98 87 40 47,formation.advisory@formation.advisory.org,,TPE (<10),B2B,Google Maps,4.1,Actif,2026-06-29T00:15:34.196215,moyenne
BJ-64AFFE8A,Audit Audit Partners,Services aux entreprises,Tchaourou,+229 64 14 10 61,audit.audit.partners@audit.audit.partners.benin,auditauditpartners.bj,PME (10-50),B2B,Google Maps,3.0,Actif,2026-06-29T00:15:34.196229,haute
BJ-FE1DAC57,Marketing,Services aux entreprises,Tchaourou,+229 63 28 35 82,marketing@marketing.benin,,TPE (<10),B2B,Google Maps,3.9,Actif,2026-06-29T00:15:34.196241,moyenne
BJ-C697C43F,Audit Expert,Services aux entreprises,Tchaourou,+229 69 61 10 28,audit.expert@audit.expert.com,auditexpert.bj,TPE (<10),B2B,Google Maps,3.9,Actif,2026-06-29T00:15:34.196254,haute
BJ-5651B0B2,Agence Formation,Services aux entreprises,Nikki,+229 69 29 72 65,agence.formation@agence.formation.benin,agenceformation.bj,PME (10-50),B2B,Google Maps,4.4,Actif,2026-06-29T00:15:34.196272,haute
BJ-3430DAB9,Consulting Marketing Nikki,Services aux entreprises,Nikki,+229 89 32 94 94,consulting.marketing.nikki@consulting.marketing.nikki.net,,TPE (<10),B2B,Google Maps,3.3,Actif,2026-06-29T00:15:34.196284,moyenne
BJ-7BA219AB,Cabinet Juridique Nikki,Services aux entreprises,Nikki,+229 46 39 12 81,cabinet.juridique.nikki@cabinet.juridique.nikki.com,,TPE (<10),B2B,Google Maps,5.0,Actif,2026-06-29T00:15:34.196300,moyenne
BJ-45CDAF7E,Agence Business,Services aux entreprises,Nikki,+229 20 72 92 12,agence.business@agence.business.com,agencebusiness.bj,PME (10-50),B2B,Google Maps,4.4,Actif,2026-06-29T00:15:34.196313,haute
BJ-C06C0CE4,Consulting Management Bénin,Services aux entreprises,Nikki,+229 63 88 68 41,,consultingmanagementbénin.bj,PME (50-200),B2B,Google Maps,3.1,Actif,2026-06-29T00:15:34.196326,moyenne
BJ-740F3276,Conseil Consulting Bembéréké,Services aux entreprises,Bembéréké,+229 98 56 24 80,conseil.consulting.bembéréké@conseil.consulting.bembéréké.org,,TPE (<10),B2B,Google Maps,4.6,Actif,2026-06-29T00:15:34.196344,moyenne
BJ-9A2C7EBA,Management Bembéréké,Services aux entreprises,Bembéréké,+229 73 45 73 81,management.bembéréké@management.bembéréké.benin,,TPE (<10),B2B,Google Maps,3.1,Actif,2026-06-29T00:15:34.196360,moyenne
BJ-767680D0,Expert Comptable Africa,Services aux entreprises,Bembéréké,+229 62 83 40 33,expert.comptable.africa@expert.comptable.africa.bj,,PME (10-50),B2B,Google Maps,3.5,Actif,2026-06-29T00:15:34.196373,moyenne
BJ-B1FBDDC3,RH Bénin,Services aux entreprises,Bembéréké,+229 74 98 59 20,,rhbénin.bj,PME (10-50),B2B,Google Maps,3.6,Actif,2026-06-29T00:15:34.196386,moyenne
BJ-9CE23D8C,Cabinet Comptable Advisory,Services aux entreprises,Kalalé,+229 65 60 48 82,cabinet.comptable.advisory@cabinet.comptable.advisory.org,cabinetcomptableadvisory.bj,Grande (>200),B2B,Google Maps,3.1,Actif,2026-06-29T00:15:34.196420,haute
BJ-19F680C2,Expert Conseil,Services aux entreprises,Kalalé,+229 72 67 80 16,expert.conseil@expert.conseil.net,expertconseil.bj,Grande (>200),B2B,Google Maps,4.5,Actif,2026-06-29T00:15:34.196434,haute
BJ-63CE0E6F,Stratégie,Services aux entreprises,Kalalé,+229 33 89 72 83,stratégie@stratégie.benin,stratégie.bj,PME (10-50),B2B,Google Maps,4.4,Actif,2026-06-29T00:15:34.196456,haute
BJ-DEF0D25F,Consulting,Services aux entreprises,Kalalé,+229 93 55 15 76,consulting@consulting.net,consulting.bj,PME (10-50),B2B,Google Maps,4.1,Actif,2026-06-29T00:15:34.196478,haute
BJ-9283E0D0,Expert Juridique Africa Kalalé,Services aux entreprises,Kalalé,+229 50 72 73 19,expert.juridique.africa.kalalé@expert.juridique.africa.kalalé.com,,TPE (<10),B2B,Google Maps,4.9,Actif,2026-06-29T00:15:34.196512,moyenne
BJ-229DA0EF,Cabinet Fiscal,Services aux entreprises,Ndali,+229 56 46 55 97,cabinet.fiscal@cabinet.fiscal.com,,PME (10-50),B2B,Google Maps,4.9,Actif,2026-06-29T00:15:34.196558,moyenne
BJ-0F1DF275,Fiscal Ndali,Services aux entreprises,Ndali,+229 86 65 30 24,fiscal.ndali@fiscal.ndali.com,fiscalndali.bj,Grande (>200),B2B,Google Maps,4.0,Actif,2026-06-29T00:15:34.196610,haute
BJ-3F9941F6,Consulting Juridique Ndali,Services aux entreprises,Ndali,+229 78 62 90 82,consulting.juridique.ndali@consulting.juridique.ndali.bj,,TPE (<10),B2B,Google Maps,4.3,Actif,2026-06-29T00:15:34.196643,moyenne
BJ-6414B16D,Cabinet Conseil Africa,Services aux entreprises,Ndali,+229 52 47 80 58,cabinet.conseil.africa@cabinet.conseil.africa.org,,PME (10-50),B2B,Google Maps,3.2,Actif,2026-06-29T00:15:34.196673,moyenne
BJ-605B0AE5,Stratégie Consulting,Services aux entreprises,Ndali,+229 51 62 87 34,stratégie.consulting@stratégie.consulting.bj,stratégieconsulting.bj,PME (10-50),B2B,Google Maps,3.7,Actif,2026-06-29T00:15:34.196689,haute
BJ-7E8199E7,Expert Expert,Services aux entreprises,Ségbana,+229 38 39 58 53,expert.expert@expert.expert.org,expertexpert.bj,PME (50-200),B2B,Google Maps,5.0,Actif,2026-06-29T00:15:34.196711,haute
BJ-D5776F17,Formation Africa,Services aux entreprises,Ségbana,+229 93 95 96 45,formation.africa@formation.africa.bj,formationafrica.bj,PME (10-50),B2B,Google Maps,3.4,Actif,2026-06-29T00:15:34.196738,haute
BJ-8DF9C7FF,Agence Conseil Ségbana,Services aux entreprises,Ségbana,+229 27 11 97 84,agence.conseil.ségbana@agence.conseil.ségbana.benin,,PME (10-50),B2B,Google Maps,3.5,Actif,2026-06-29T00:15:34.196756,moyenne
BJ-40FA477C,Conseil Consulting,Services aux entreprises,Ségbana,+229 64 38 78 20,,conseilconsulting.bj,PME (10-50),B2B,Google Maps,4.8,Actif,2026-06-29T00:15:34.196768,moyenne
BJ-3364D8E2,Expert Juridique,Services aux entreprises,Ségbana,+229 37 21 99 12,expert.juridique@expert.juridique.bj,expertjuridique.bj,PME (50-200),B2B,Google Maps,3.4,Actif,2026-06-29T00:15:34.196781,haute
BJ-F9DC34FD,Formation International Tchaourou,Services aux entreprises,Tchaourou,+229 69 10 44 90,formation.international.tchaourou@formation.international.tchaourou.net,,TPE (<10),B2B,Google Maps,3.8,Actif,2026-06-29T00:15:34.196820,moyenne
BJ-AD998DD1,Cabinet Formation,Services aux entreprises,Tchaourou,+229 24 46 21 10,cabinet.formation@cabinet.formation.net,,PME (50-200),B2B,Google Maps,3.5,Actif,2026-06-29T00:15:34.196833,moyenne
BJ-629DE3B3,Comptable Bénin,Services aux entreprises,Tchaourou,+229 93 67 36 41,comptable.bénin@comptable.bénin.bj,comptablebénin.bj,TPE (<10),B2B,Google Maps,4.9,Actif,2026-06-29T00:15:34.196847,haute
BJ-785BDF44,Agence Business Consulting,Services aux entreprises,Tchaourou,+229 39 47 64 69,agence.business.consulting@agence.business.consulting.net,agencebusinessconsulting.bj,PME (50-200),B2B,Google Maps,4.5,Actif,2026-06-29T00:15:34.196860,haute
BJ-2BE5D067,Consulting Marketing Africa,Services aux entreprises,Bétérou,+229 39 48 17 59,consulting.marketing.africa@consulting.marketing.africa.bj,,TPE (<10),B2B,Google Maps,3.8,Actif,2026-06-29T00:15:34.196878,moyenne
BJ-A3FD1704,Cabinet Communication Consulting,Services aux entreprises,Bétérou,+229 87 44 49 71,cabinet.communication.consulting@cabinet.communication.consulting.benin,cabinetcommunicationconsulting.bj,PME (10-50),B2B,Google Maps,3.0,Actif,2026-06-29T00:15:34.196902,haute
BJ-384600A3,Management Consulting,Services aux entreprises,Bétérou,+229 71 71 50 65,management.consulting@management.consulting.com,managementconsulting.bj,TPE (<10),B2B,Google Maps,4.2,Actif,2026-06-29T00:15:34.196934,haute
BJ-A0DB2F14,Consulting Expert Consulting,Services aux entreprises,Bétérou,+229 38 95 14 19,consulting.expert.consulting@consulting.expert.consulting.bj,,PME (50-200),B2B,Google Maps,3.9,Actif,2026-06-29T00:15:34.196975,moyenne
BJ-40CA58D5,Audit Marketing,Services aux entreprises,Ouessè,+229 30 57 20 52,audit.marketing@audit.marketing.com,auditmarketing.bj,Grande (>200),B2B,Google Maps,4.1,Actif,2026-06-29T00:15:34.197011,haute
BJ-164DCADC,Cabinet Fiscal International,Services aux entreprises,Ouessè,+229 74 56 11 60,,cabinetfiscalinternational.bj,PME (10-50),B2B,Google Maps,4.2,Actif,2026-06-29T00:15:34.197046,moyenne
BJ-F87625F1,Management Bénin,Services aux entreprises,Ouessè,+229 55 24 27 44,management.bénin@management.bénin.benin,managementbénin.bj,Grande (>200),B2B,Google Maps,3.4,Actif,2026-06-29T00:15:34.197062,haute
BJ-BF2387FF,Marketing,Services aux entreprises,Ouessè,+229 73 49 36 29,marketing@marketing.com,marketing.bj,TPE (<10),B2B,Google Maps,3.2,Actif,2026-06-29T00:15:34.197075,haute
BJ-514BAE23,Conseil Juridique,Services aux entreprises,Ouessè,+229 84 14 77 53,,,PME (10-50),B2B,Google Maps,3.1,Actif,2026-06-29T00:15:34.197086,basse
BJ-153DD6BF,Cabinet Audit Cabinet Glazoué,Services aux entreprises,Glazoué,+229 85 21 90 39,cabinet.audit.cabinet.glazoué@cabinet.audit.cabinet.glazoué.com,cabinetauditcabinetglazoué.bj,TPE (<10),B2B,Google Maps,3.1,Actif,2026-06-29T00:15:34.197119,haute
BJ-B8CF89D6,Audit,Services aux entreprises,Glazoué,+229 40 14 89 57,,,PME (50-200),B2B,Google Maps,4.9,Actif,2026-06-29T00:15:34.197131,basse
BJ-65BE0811,RH International Glazoué,Services aux entreprises,Glazoué,+229 94 82 82 71,rh.international.glazoué@rh.international.glazoué.org,,TPE (<10),B2B,Google Maps,5.0,Actif,2026-06-29T00:15:34.197160,moyenne
BJ-9254FF66,Conseil RH,Services aux entreprises,Dassa-Zoumè,+229 54 43 93 78,conseil.rh@conseil.rh.benin,,TPE (<10),B2B,Google Maps,4.4,Actif,2026-06-29T00:15:34.197193,moyenne
BJ-ABDB9820,Conseil,Services aux entreprises,Dassa-Zoumè,+229 30 22 74 69,conseil@conseil.com,,TPE (<10),B2B,Google Maps,3.4,Actif,2026-06-29T00:15:34.197209,moyenne
BJ-E9AFA69A,Expert Partners,Services aux entreprises,Dassa-Zoumè,+229 28 95 39 76,expert.partners@expert.partners.net,expertpartners.bj,Grande (>200),B2B,Google Maps,3.8,Actif,2026-06-29T00:15:34.197222,haute
BJ-881C2CBE,Consulting,Services aux entreprises,Dassa-Zoumè,+229 41 91 38 70,consulting@consulting.net,consulting.bj,PME (50-200),B2B,Google Maps,4.7,Actif,2026-06-29T00:15:34.197238,haute
BJ-CA778BDA,Business Cabinet Savalou,Services aux entreprises,Savalou,+229 54 12 46 59,business.cabinet.savalou@business.cabinet.savalou.net,businesscabinetsavalou.bj,TPE (<10),B2B,Google Maps,3.5,Actif,2026-06-29T00:15:34.197282,haute
BJ-5751E6F3,Stratégie Bénin Savalou,Services aux entreprises,Savalou,+229 83 43 56 19,stratégie.bénin.savalou@stratégie.bénin.savalou.com,stratégiebéninsavalou.bj,TPE (<10),B2B,Google Maps,4.8,Actif,2026-06-29T00:15:34.197296,haute
BJ-3CF6E1F7,Conseil Stratégie,Services aux entreprises,Savalou,+229 99 90 18 14,conseil.stratégie@conseil.stratégie.com,conseilstratégie.bj,PME (10-50),B2B,Google Maps,3.7,Actif,2026-06-29T00:15:34.197311,haute
BJ-51D847FB,Management Cabinet,Services aux entreprises,Savalou,+229 39 84 76 32,,managementcabinet.bj,TPE (<10),B2B,Google Maps,4.1,Actif,2026-06-29T00:15:34.197325,moyenne
BJ-82BBCFD6,RH Bantè,Services aux entreprises,Bantè,+229 55 63 11 94,rh.bantè@rh.bantè.com,rhbantè.bj,PME (50-200),B2B,Google Maps,3.8,Actif,2026-06-29T00:15:34.197351,haute
BJ-8208805B,Expert Consulting,Services aux entreprises,Bantè,+229 93 96 60 79,expert.consulting@expert.consulting.benin,expertconsulting.bj,PME (10-50),B2B,Google Maps,5.0,Actif,2026-06-29T00:15:34.197368,haute
BJ-D14D0EB7,Consulting Communication International Bantè,Services aux entreprises,Bantè,+229 95 22 47 66,,consultingcommunicationinternationalbantè.bj,TPE (<10),B2B,Google Maps,3.9,Actif,2026-06-29T00:15:34.197401,moyenne
BJ-DB78951B,RH Consulting,Services aux entreprises,Bantè,+229 94 26 36 57,,,TPE (<10),B2B,Google Maps,3.6,Actif,2026-06-29T00:15:34.197413,basse
BJ-48A017C7,Bureau Consulting Cabinet,Services aux entreprises,Djougou,+229 42 24 79 45,bureau.consulting.cabinet@bureau.consulting.cabinet.org,,TPE (<10),B2B,Google Maps,4.4,Actif,2026-06-29T00:15:34.197431,moyenne
BJ-2EECDE30,Fiscal Advisory,Services aux entreprises,Djougou,+229 29 16 70 52,fiscal.advisory@fiscal.advisory.benin,,Grande (>200),B2B,Google Maps,3.8,Actif,2026-06-29T00:15:34.197444,moyenne
BJ-533F17DD,Consulting Consulting,Services aux entreprises,Djougou,+229 42 45 36 12,consulting.consulting@consulting.consulting.benin,consultingconsulting.bj,PME (50-200),B2B,Google Maps,3.5,Actif,2026-06-29T00:15:34.197481,haute
BJ-04C8C09F,Audit Business,Services aux entreprises,Ouèssè,+229 77 65 35 53,audit.business@audit.business.org,auditbusiness.bj,Grande (>200),B2B,Google Maps,3.8,Actif,2026-06-29T00:15:34.197500,haute
BJ-44BA0DE7,Consulting Bureau,Services aux entreprises,Ouèssè,+229 82 29 13 80,consulting.bureau@consulting.bureau.bj,consultingbureau.bj,PME (10-50),B2B,Google Maps,4.9,Actif,2026-06-29T00:15:34.197516,haute
BJ-3CAF33B7,Agence Management Consulting,Services aux entreprises,Ouèssè,+229 71 80 41 85,agence.management.consulting@agence.management.consulting.net,agencemanagementconsulting.bj,PME (10-50),B2B,Google Maps,4.5,Actif,2026-06-29T00:15:34.197542,haute
BJ-781C5BA8,Audit Fiscal,Services aux entreprises,Ouèssè,+229 34 77 32 29,audit.fiscal@audit.fiscal.com,auditfiscal.bj,TPE (<10),B2B,Google Maps,3.5,Actif,2026-06-29T00:15:34.197554,haute
BJ-64707F9C,Juridique Advisory,Services aux entreprises,Bassila,+229 67 41 62 68,juridique.advisory@juridique.advisory.net,,PME (10-50),B2B,Google Maps,3.1,Actif,2026-06-29T00:15:34.197572,moyenne
BJ-9BCB14E5,Fiscal Africa,Services aux entreprises,Bassila,+229 22 54 92 33,fiscal.africa@fiscal.africa.net,fiscalafrica.bj,PME (50-200),B2B,Google Maps,3.1,Actif,2026-06-29T00:15:34.197588,haute
BJ-3299B4AB,Conseil Comptable,Services aux entreprises,Bassila,+229 93 29 65 74,conseil.comptable@conseil.comptable.com,,TPE (<10),B2B,Google Maps,3.8,Actif,2026-06-29T00:15:34.197601,moyenne
BJ-A87F3A6A,Cabinet RH,Services aux entreprises,Bassila,+229 79 61 97 77,cabinet.rh@cabinet.rh.benin,cabinetrh.bj,PME (10-50),B2B,Google Maps,3.6,Actif,2026-06-29T00:15:34.197613,haute
BJ-60512A73,Cabinet Conseil,Services aux entreprises,Bassila,+229 55 46 48 38,,cabinetconseil.bj,PME (50-200),B2B,Google Maps,4.7,Actif,2026-06-29T00:15:34.197632,moyenne
BJ-2FD336A8,Agence Audit Pehunco,Services aux entreprises,Pehunco,+229 97 54 52 85,,,Grande (>200),B2B,Google Maps,3.8,Actif,2026-06-29T00:15:34.197650,basse
BJ-90A4850B,Consulting Juridique,Services aux entreprises,Pehunco,+229 39 77 55 40,consulting.juridique@consulting.juridique.benin,consultingjuridique.bj,PME (10-50),B2B,Google Maps,4.0,Actif,2026-06-29T00:15:34.197666,haute
BJ-6B3C1234,Cabinet Business,Services aux entreprises,Pehunco,+229 62 51 13 59,cabinet.business@cabinet.business.org,cabinetbusiness.bj,PME (50-200),B2B,Google Maps,4.2,Actif,2026-06-29T00:15:34.197679,haute
BJ-A54B41AC,Communication Bénin,Services aux entreprises,Pehunco,+229 95 87 11 37,communication.bénin@communication.bénin.net,communicationbénin.bj,Grande (>200),B2B,Google Maps,4.2,Actif,2026-06-29T00:15:34.197693,haute
BJ-CED79CAA,Juridique Advisory,Services aux entreprises,Pehunco,+229 58 42 96 69,juridique.advisory@juridique.advisory.benin,,PME (10-50),B2B,Google Maps,3.5,Actif,2026-06-29T00:15:34.197705,moyenne
BJ-21FB19D0,RH,Services aux entreprises,Copargo,+229 65 86 83 93,rh@rh.benin,,Grande (>200),B2B,Google Maps,3.2,Actif,2026-06-29T00:15:34.197722,moyenne
BJ-FC617D26,Agence Fiscal International,Services aux entreprises,Copargo,+229 49 65 44 79,,agencefiscalinternational.bj,PME (50-200),B2B,Google Maps,4.6,Actif,2026-06-29T00:15:34.197734,moyenne
BJ-192B37ED,Fiscal,Services aux entreprises,Copargo,+229 33 47 87 78,,,TPE (<10),B2B,Google Maps,3.1,Actif,2026-06-29T00:15:34.197745,basse
BJ-348D8C78,Formation International,Services aux entreprises,Copargo,+229 57 42 35 42,formation.international@formation.international.com,,TPE (<10),B2B,Google Maps,5.0,Actif,2026-06-29T00:15:34.197757,moyenne
BJ-D2C0AC3B,Fiscal Copargo,Services aux entreprises,Copargo,+229 29 69 23 14,,fiscalcopargo.bj,PME (50-200),B2B,Google Maps,3.7,Actif,2026-06-29T00:15:34.197769,moyenne
BJ-B84B508E,Eau Clean,Énergie & Environnement,Cotonou,+229 38 25 92 88,eau.clean@eau.clean.com,eauclean.bj,TPE (<10),B2C,Google Maps,3.0,Actif,2026-06-29T00:15:34.197806,haute
BJ-700DB787,Durable,Énergie & Environnement,Cotonou,+229 22 69 15 98,durable@durable.com,durable.bj,PME (10-50),B2C,Google Maps,4.2,Actif,2026-06-29T00:15:34.197819,haute
BJ-2DB18BC5,Éolien Water,Énergie & Environnement,Cotonou,+229 22 12 70 48,,,PME (10-50),B2C,Google Maps,4.3,Actif,2026-06-29T00:15:34.197830,basse
BJ-77C18F07,Éolien Écologie,Énergie & Environnement,Cotonou,+229 56 12 46 60,éolien.écologie@éolien.écologie.bj,éolienécologie.bj,Grande (>200),B2C,Google Maps,4.2,Actif,2026-06-29T00:15:34.197844,haute
BJ-0B508755,Éolien Énergie Abomey-Calavi,Énergie & Environnement,Abomey-Calavi,+229 32 90 55 94,,éolienénergieabomeycalavi.bj,PME (10-50),B2B,Google Maps,3.7,Actif,2026-06-29T00:15:34.197863,moyenne
BJ-24BBB6E9,Eau Environnement Solar,Énergie & Environnement,Abomey-Calavi,+229 88 83 59 17,,,PME (50-200),B2C,Google Maps,5.0,Actif,2026-06-29T00:15:34.197874,basse
BJ-154B943C,Écologie Abomey-Calavi,Énergie & Environnement,Abomey-Calavi,+229 43 17 19 98,,,Grande (>200),B2B,Google Maps,4.9,Actif,2026-06-29T00:15:34.197886,basse
BJ-A5C5E1D7,Vert Bénin,Énergie & Environnement,Abomey-Calavi,+229 20 70 47 40,,vertbénin.bj,PME (50-200),B2B,Google Maps,3.2,Actif,2026-06-29T00:15:34.197938,moyenne
BJ-F6E12089,Environnement,Énergie & Environnement,Abomey-Calavi,+229 43 79 52 65,,environnement.bj,TPE (<10),B2B,Google Maps,4.5,Actif,2026-06-29T00:15:34.197978,moyenne
BJ-1F5663A7,Environnement Écologie Environment,Énergie & Environnement,Porto-Novo,+229 53 63 86 58,environnement.écologie.environment@environnement.écologie.environment.com,environnementécologieenvironment.bj,PME (10-50),B2C,Google Maps,3.2,Actif,2026-06-29T00:15:34.198015,haute
BJ-E13C5BD2,Durable,Énergie & Environnement,Porto-Novo,+229 20 23 74 85,,,TPE (<10),B2B,Google Maps,3.4,Actif,2026-06-29T00:15:34.198048,basse
BJ-53DAF020,Renouvelable,Énergie & Environnement,Porto-Novo,+229 85 91 58 68,renouvelable@renouvelable.bj,renouvelable.bj,PME (50-200),B2C,Google Maps,4.4,Actif,2026-06-29T00:15:34.198088,haute
BJ-D934FD28,Power Vert SARL,Énergie & Environnement,Porto-Novo,+229 25 18 15 12,,powervertsarl.bj,Grande (>200),B2B,Google Maps,4.1,Actif,2026-06-29T00:15:34.198105,moyenne
BJ-81F43E81,Solar Clean SARL,Énergie & Environnement,Porto-Novo,+229 59 95 65 47,solar.clean.sarl@solar.clean.sarl.org,,TPE (<10),B2C,Google Maps,3.6,Actif,2026-06-29T00:15:34.198147,moyenne
BJ-EFD49AD5,Solar Power Water,Énergie & Environnement,Parakou,+229 59 67 17 94,solar.power.water@solar.power.water.benin,solarpowerwater.bj,PME (50-200),B2C,Google Maps,3.5,Actif,2026-06-29T00:15:34.198184,haute
BJ-462312A3,Éolien Écologie Africa,Énergie & Environnement,Parakou,+229 32 84 50 35,éolien.écologie.africa@éolien.écologie.africa.com,éolienécologieafrica.bj,PME (10-50),B2B,Google Maps,3.1,Actif,2026-06-29T00:15:34.198206,haute
BJ-BFE9D456,Environnement Assainissement Parakou,Énergie & Environnement,Parakou,+229 90 85 44 23,environnement.assainissement.parakou@environnement.assainissement.parakou.com,environnementassainissementparakou.bj,PME (50-200),B2B,Google Maps,4.9,Actif,2026-06-29T00:15:34.198225,haute
BJ-77C02EB8,Environnement Energy,Énergie & Environnement,Parakou,+229 85 63 60 95,environnement.energy@environnement.energy.com,environnementenergy.bj,TPE (<10),B2C,Google Maps,3.7,Actif,2026-06-29T00:15:34.198239,haute
BJ-4EEC1C01,Power,Énergie & Environnement,Parakou,+229 29 29 77 91,power@power.net,power.bj,TPE (<10),B2B,Google Maps,4.4,Actif,2026-06-29T00:15:34.198252,haute
BJ-EAB33554,Environnement Eau Bohicon,Énergie & Environnement,Bohicon,+229 86 94 65 66,environnement.eau.bohicon@environnement.eau.bohicon.com,environnementeaubohicon.bj,PME (50-200),B2C,Google Maps,4.8,Actif,2026-06-29T00:15:34.198311,haute
BJ-E369A983,Power Power Bohicon,Énergie & Environnement,Bohicon,+229 64 89 10 23,power.power.bohicon@power.power.bohicon.benin,,PME (10-50),B2C,Google Maps,4.4,Actif,2026-06-29T00:15:34.198342,moyenne
BJ-0FA58755,Eau SARL,Énergie & Environnement,Bohicon,+229 77 63 38 86,eau.sarl@eau.sarl.org,eausarl.bj,PME (10-50),B2C,Google Maps,4.4,Actif,2026-06-29T00:15:34.198356,haute
BJ-310CFA6B,Assainissement Bénin,Énergie & Environnement,Natitingou,+229 29 55 10 11,,assainissementbénin.bj,PME (10-50),B2C,Google Maps,4.1,Actif,2026-06-29T00:15:34.198377,moyenne
BJ-3D605F84,Éolien,Énergie & Environnement,Natitingou,+229 49 20 96 98,éolien@éolien.net,éolien.bj,TPE (<10),B2B,Google Maps,4.0,Actif,2026-06-29T00:15:34.198392,haute
BJ-80544A9E,Écologie SARL,Énergie & Environnement,Natitingou,+229 58 53 87 85,,écologiesarl.bj,Grande (>200),B2C,Google Maps,4.9,Actif,2026-06-29T00:15:34.198413,moyenne
BJ-4FBA73DD,Eau Durable Environment,Énergie & Environnement,Natitingou,+229 48 53 47 81,,eaudurableenvironment.bj,TPE (<10),B2C,Google Maps,4.5,Actif,2026-06-29T00:15:34.198442,moyenne
BJ-D1D42FEA,Power Power Bénin,Énergie & Environnement,Natitingou,+229 31 39 62 19,,powerpowerbénin.bj,PME (10-50),B2C,Google Maps,4.3,Actif,2026-06-29T00:15:34.198467,moyenne
BJ-C2067C44,Eau Water,Énergie & Environnement,Lokossa,+229 67 58 57 58,eau.water@eau.water.net,eauwater.bj,TPE (<10),B2C,Google Maps,4.0,Actif,2026-06-29T00:15:34.198506,haute
BJ-F529A23D,Hydraulique Environment,Énergie & Environnement,Lokossa,+229 85 58 88 97,,hydrauliqueenvironment.bj,Grande (>200),B2B,Google Maps,4.1,Actif,2026-06-29T00:15:34.198545,moyenne
BJ-BCCEAB40,Environnement Énergie Africa Lokossa,Énergie & Environnement,Lokossa,+229 91 19 31 34,environnement.énergie.africa.lokossa@environnement.énergie.africa.lokossa.benin,environnementénergieafricalokossa.bj,PME (50-200),B2C,Google Maps,3.6,Actif,2026-06-29T00:15:34.198581,haute
BJ-E580A7A2,Eau SARL,Énergie & Environnement,Lokossa,+229 32 89 85 23,eau.sarl@eau.sarl.net,eausarl.bj,PME (50-200),B2B,Google Maps,4.7,Actif,2026-06-29T00:15:34.198624,haute
BJ-7E29CE4A,Vert Énergie Bénin,Énergie & Environnement,Lokossa,+229 56 80 96 24,vert.énergie.bénin@vert.énergie.bénin.org,,TPE (<10),B2C,Google Maps,3.8,Actif,2026-06-29T00:15:34.198656,moyenne
BJ-918A27B6,Eau Éolien Power,Énergie & Environnement,Ouidah,+229 67 11 77 30,eau.éolien.power@eau.éolien.power.benin,eauéolienpower.bj,TPE (<10),B2B,Google Maps,4.7,Actif,2026-06-29T00:15:34.198697,haute
BJ-63D38530,Écologie Power,Énergie & Environnement,Ouidah,+229 47 12 92 40,écologie.power@écologie.power.benin,écologiepower.bj,PME (10-50),B2C,Google Maps,3.8,Actif,2026-06-29T00:15:34.198740,haute
BJ-9833158E,Environnement Ouidah,Énergie & Environnement,Ouidah,+229 63 26 62 12,,environnementouidah.bj,PME (10-50),B2C,Google Maps,3.1,Actif,2026-06-29T00:15:34.198775,moyenne
BJ-756DD69F,Solar Clean SARL,Énergie & Environnement,Ouidah,+229 29 25 86 16,solar.clean.sarl@solar.clean.sarl.com,solarcleansarl.bj,PME (10-50),B2B,Google Maps,3.2,Actif,2026-06-29T00:15:34.198807,haute
BJ-C856BD5F,Solaire Bénin,Énergie & Environnement,Ouidah,+229 28 26 85 42,solaire.bénin@solaire.bénin.bj,solairebénin.bj,TPE (<10),B2B,Google Maps,5.0,Actif,2026-06-29T00:15:34.198852,haute
BJ-ECB5A2E0,Solaire Energy Savalou,Énergie & Environnement,Savalou,+229 65 80 90 99,solaire.energy.savalou@solaire.energy.savalou.net,,PME (50-200),B2B,Google Maps,4.5,Actif,2026-06-29T00:15:34.198920,moyenne
BJ-0B5E3DB2,Énergie,Énergie & Environnement,Savalou,+229 32 89 54 52,énergie@énergie.benin,,TPE (<10),B2C,Google Maps,4.2,Actif,2026-06-29T00:15:34.198960,moyenne
BJ-973AD53C,Eau Environment,Énergie & Environnement,Savalou,+229 53 98 10 21,eau.environment@eau.environment.benin,eauenvironment.bj,TPE (<10),B2C,Google Maps,4.1,Actif,2026-06-29T00:15:34.198995,haute
BJ-7FF7A19C,Éolien Durable Water,Énergie & Environnement,Savalou,+229 82 10 21 27,éolien.durable.water@éolien.durable.water.com,,PME (10-50),B2C,Google Maps,4.9,Actif,2026-06-29T00:15:34.199028,moyenne
BJ-0718D8D1,Vert Écologie Africa,Énergie & Environnement,Dassa-Zoumè,+229 85 52 66 28,vert.écologie.africa@vert.écologie.africa.com,vertécologieafrica.bj,TPE (<10),B2B,Google Maps,3.4,Actif,2026-06-29T00:15:34.199107,haute
BJ-0A3A464A,Solaire Africa,Énergie & Environnement,Dassa-Zoumè,+229 70 23 31 52,,,PME (10-50),B2C,Google Maps,3.7,Actif,2026-06-29T00:15:34.199191,basse
BJ-9B765FE2,Écologie Solar,Énergie & Environnement,Dassa-Zoumè,+229 50 25 98 69,écologie.solar@écologie.solar.com,,PME (10-50),B2B,Google Maps,4.0,Actif,2026-06-29T00:15:34.199238,moyenne
BJ-0A53BF21,Assainissement Bénin,Énergie & Environnement,Dassa-Zoumè,+229 34 90 67 14,assainissement.bénin@assainissement.bénin.bj,,PME (50-200),B2B,Google Maps,3.2,Actif,2026-06-29T00:15:34.199270,moyenne
BJ-208EA60A,Solaire Environment,Énergie & Environnement,Kétou,+229 23 38 20 43,solaire.environment@solaire.environment.bj,solaireenvironment.bj,Grande (>200),B2B,Google Maps,3.6,Actif,2026-06-29T00:15:34.199327,haute
BJ-2249F893,Eau,Énergie & Environnement,Kétou,+229 81 67 11 92,eau@eau.benin,,TPE (<10),B2C,Google Maps,4.3,Actif,2026-06-29T00:15:34.199390,moyenne
BJ-3717F4CC,Eau SARL Kétou,Énergie & Environnement,Kétou,+229 52 60 51 90,eau.sarl.kétou@eau.sarl.kétou.net,,Grande (>200),B2C,Google Maps,4.1,Actif,2026-06-29T00:15:34.199419,moyenne
BJ-A567D15D,Hydraulique Bénin,Énergie & Environnement,Kétou,+229 74 92 15 37,hydraulique.bénin@hydraulique.bénin.bj,hydrauliquebénin.bj,TPE (<10),B2C,Google Maps,4.2,Actif,2026-06-29T00:15:34.199453,haute
BJ-A22CA83B,Power Covè,Énergie & Environnement,Covè,+229 98 50 41 42,power.covè@power.covè.benin,powercovè.bj,TPE (<10),B2B,Google Maps,3.8,Actif,2026-06-29T00:15:34.199501,haute
BJ-BC239301,Solaire,Énergie & Environnement,Covè,+229 63 51 87 16,solaire@solaire.bj,,PME (10-50),B2C,Google Maps,3.1,Actif,2026-06-29T00:15:34.199570,moyenne
BJ-14749F96,Environnement,Énergie & Environnement,Covè,+229 62 46 50 78,,,TPE (<10),B2B,Google Maps,4.8,Actif,2026-06-29T00:15:34.199595,basse
BJ-208C49CC,Énergie Énergie Environment,Énergie & Environnement,Covè,+229 46 12 42 31,énergie.énergie.environment@énergie.énergie.environment.benin,énergieénergieenvironment.bj,PME (10-50),B2B,Google Maps,3.7,Actif,2026-06-29T00:15:34.199626,haute
BJ-85348365,Power Power,Énergie & Environnement,Pobè,+229 89 53 62 49,power.power@power.power.com,powerpower.bj,TPE (<10),B2C,Google Maps,3.0,Actif,2026-06-29T00:15:34.199671,haute
BJ-7CD2B444,Environnement Hydraulique Bénin Pobè,Énergie & Environnement,Pobè,+229 33 53 62 40,environnement.hydraulique.bénin.pobè@environnement.hydraulique.bénin.pobè.org,,TPE (<10),B2B,Google Maps,4.6,Actif,2026-06-29T00:15:34.199713,moyenne
BJ-CD50843E,Eau Éolien,Énergie & Environnement,Pobè,+229 98 29 44 91,,,TPE (<10),B2B,Google Maps,4.4,Actif,2026-06-29T00:15:34.199738,basse
BJ-6D35B4A3,Énergie Power,Énergie & Environnement,Pobè,+229 28 18 91 96,énergie.power@énergie.power.org,,TPE (<10),B2B,Google Maps,4.9,Actif,2026-06-29T00:15:34.199785,moyenne
BJ-2BE17B48,Power Environnement Water,Énergie & Environnement,Sakété,+229 29 70 63 48,power.environnement.water@power.environnement.water.benin,,TPE (<10),B2B,Google Maps,4.8,Actif,2026-06-29T00:15:34.199824,moyenne
BJ-97C23B8A,Énergie,Énergie & Environnement,Sakété,+229 27 92 37 60,énergie@énergie.com,énergie.bj,TPE (<10),B2B,Google Maps,3.2,Actif,2026-06-29T00:15:34.199867,haute
BJ-A688AEC5,Eau,Énergie & Environnement,Sakété,+229 60 10 22 35,eau@eau.bj,,PME (10-50),B2C,Google Maps,3.1,Actif,2026-06-29T00:15:34.200012,moyenne
BJ-D4443C01,Eau Durable Water,Énergie & Environnement,Adjara,+229 33 56 14 70,eau.durable.water@eau.durable.water.com,eaudurablewater.bj,PME (10-50),B2B,Google Maps,4.4,Actif,2026-06-29T00:15:34.200056,haute
BJ-8B678E13,Eau Water,Énergie & Environnement,Adjara,+229 61 12 47 33,eau.water@eau.water.net,,PME (10-50),B2B,Google Maps,4.6,Actif,2026-06-29T00:15:34.200084,moyenne
BJ-9B0D2FC6,Environnement Vert Bénin,Énergie & Environnement,Adjara,+229 49 64 76 98,environnement.vert.bénin@environnement.vert.bénin.net,,Grande (>200),B2C,Google Maps,4.1,Actif,2026-06-29T00:15:34.200110,moyenne
BJ-D2A6F212,Éolien Environnement,Énergie & Environnement,Adjara,+229 88 69 61 29,éolien.environnement@éolien.environnement.net,,TPE (<10),B2B,Google Maps,4.9,Actif,2026-06-29T00:15:34.200134,moyenne
BJ-90AEA11C,Power Clean,Énergie & Environnement,Adjara,+229 51 44 30 26,power.clean@power.clean.net,powerclean.bj,PME (50-200),B2B,Google Maps,3.7,Actif,2026-06-29T00:15:34.200158,haute
BJ-2AA2FE02,Solar Power,Énergie & Environnement,Allada,+229 76 81 42 45,solar.power@solar.power.org,,TPE (<10),B2B,Google Maps,3.4,Actif,2026-06-29T00:15:34.200190,moyenne
BJ-91B237C6,Vert,Énergie & Environnement,Allada,+229 44 85 97 34,vert@vert.bj,vert.bj,PME (10-50),B2B,Google Maps,4.1,Actif,2026-06-29T00:15:34.200212,haute
BJ-B5AB5973,Écologie Energy,Énergie & Environnement,Allada,+229 96 55 54 30,,écologieenergy.bj,TPE (<10),B2C,Google Maps,3.8,Actif,2026-06-29T00:15:34.200235,moyenne
BJ-2F9A25AA,Vert Allada,Énergie & Environnement,Allada,+229 27 63 10 11,,vertallada.bj,PME (10-50),B2B,Google Maps,4.4,Actif,2026-06-29T00:15:34.200300,moyenne
BJ-1608E3AE,Vert Aplahoué,Énergie & Environnement,Aplahoué,+229 36 80 13 53,vert.aplahoué@vert.aplahoué.net,vertaplahoué.bj,TPE (<10),B2C,Google Maps,3.1,Actif,2026-06-29T00:15:34.200344,haute
BJ-498AEA1D,Vert Éolien,Énergie & Environnement,Aplahoué,+229 30 59 92 16,vert.éolien@vert.éolien.com,vertéolien.bj,TPE (<10),B2C,Google Maps,3.2,Actif,2026-06-29T00:15:34.200417,haute
BJ-72591C29,Solaire Africa,Énergie & Environnement,Aplahoué,+229 87 34 71 13,,solaireafrica.bj,PME (10-50),B2C,Google Maps,4.0,Actif,2026-06-29T00:15:34.200442,moyenne
BJ-E37479A1,Éolien Renouvelable,Énergie & Environnement,Dogbo-Tota,+229 50 57 20 73,éolien.renouvelable@éolien.renouvelable.com,éolienrenouvelable.bj,TPE (<10),B2C,Google Maps,3.0,Actif,2026-06-29T00:15:34.200547,haute
BJ-923FDC4D,Solar Écologie Environment,Énergie & Environnement,Dogbo-Tota,+229 24 58 31 54,solar.écologie.environment@solar.écologie.environment.benin,solarécologieenvironment.bj,TPE (<10),B2C,Google Maps,4.3,Actif,2026-06-29T00:15:34.200573,haute
BJ-CCB0AEA5,Vert Clean,Énergie & Environnement,Dogbo-Tota,+229 62 75 94 53,vert.clean@vert.clean.net,,PME (10-50),B2C,Google Maps,3.2,Actif,2026-06-29T00:15:34.200595,moyenne
BJ-54AD653B,Eau Éolien Solar,Énergie & Environnement,Dogbo-Tota,+229 50 72 87 70,eau.éolien.solar@eau.éolien.solar.bj,,PME (50-200),B2B,Google Maps,4.9,Actif,2026-06-29T00:15:34.200617,moyenne
BJ-E8D0B280,Solar Hydraulique,Énergie & Environnement,Dogbo-Tota,+229 72 74 93 90,,solarhydraulique.bj,PME (10-50),B2C,Google Maps,4.0,Actif,2026-06-29T00:15:34.200638,moyenne
BJ-151DC3DD,Écologie Environment,Énergie & Environnement,Kpomassè,+229 35 25 91 38,écologie.environment@écologie.environment.org,écologieenvironment.bj,Grande (>200),B2B,Google Maps,3.4,Actif,2026-06-29T00:15:34.200683,haute
BJ-1081B107,Renouvelable Power,Énergie & Environnement,Kpomassè,+229 20 19 99 14,,renouvelablepower.bj,PME (10-50),B2C,Google Maps,4.8,Actif,2026-06-29T00:15:34.200711,moyenne
BJ-1A7754CF,Power Solaire,Énergie & Environnement,Kpomassè,+229 40 28 39 55,power.solaire@power.solaire.benin,powersolaire.bj,TPE (<10),B2B,Google Maps,4.4,Actif,2026-06-29T00:15:34.200779,haute
BJ-338648A5,Power Vert Environment,Énergie & Environnement,Kpomassè,+229 33 57 38 98,power.vert.environment@power.vert.environment.org,powervertenvironment.bj,PME (50-200),B2B,Google Maps,4.9,Actif,2026-06-29T00:15:34.200812,haute
BJ-3E0B8FBB,Power Solaire Solar,Énergie & Environnement,Tori-Bossito,+229 68 40 33 81,,,TPE (<10),B2C,Google Maps,4.6,Actif,2026-06-29T00:15:34.200855,basse
BJ-6221BC40,Renouvelable Bénin Tori-Bossito,Énergie & Environnement,Tori-Bossito,+229 57 76 15 92,,renouvelablebénintoribossito.bj,Grande (>200),B2C,Google Maps,4.6,Actif,2026-06-29T00:15:34.200902,moyenne
BJ-C6237F62,Solaire,Énergie & Environnement,Tori-Bossito,+229 42 33 38 56,solaire@solaire.bj,,TPE (<10),B2C,Google Maps,3.6,Actif,2026-06-29T00:15:34.200937,moyenne
BJ-8C039823,Power Hydraulique Power,Énergie & Environnement,Tori-Bossito,+229 70 53 22 79,,,PME (50-200),B2B,Google Maps,3.1,Actif,2026-06-29T00:15:34.200972,basse
BJ-3EBCBDB3,Énergie,Énergie & Environnement,Tori-Bossito,+229 63 94 78 11,énergie@énergie.bj,,Grande (>200),B2B,Google Maps,5.0,Actif,2026-06-29T00:15:34.201002,moyenne
BJ-891E42B8,Solar Vert Environment,Énergie & Environnement,Grand-Popo,+229 96 57 80 43,solar.vert.environment@solar.vert.environment.net,solarvertenvironment.bj,PME (50-200),B2B,Google Maps,3.8,Actif,2026-06-29T00:15:34.201050,haute
BJ-F84EBF94,Eau Environnement,Énergie & Environnement,Grand-Popo,+229 31 53 86 80,eau.environnement@eau.environnement.bj,,PME (10-50),B2C,Google Maps,3.9,Actif,2026-06-29T00:15:34.201088,moyenne
BJ-2931233B,Renouvelable,Énergie & Environnement,Grand-Popo,+229 98 25 89 44,renouvelable@renouvelable.com,,PME (10-50),B2C,Google Maps,4.8,Actif,2026-06-29T00:15:34.201121,moyenne
BJ-2C307966,Solar Solaire Solar,Énergie & Environnement,Grand-Popo,+229 91 33 12 82,,solarsolairesolar.bj,TPE (<10),B2B,Google Maps,4.0,Actif,2026-06-29T00:15:34.201149,moyenne
BJ-7A4A3CFD,Eau Écologie Energy,Énergie & Environnement,Grand-Popo,+229 46 25 98 21,,eauécologieenergy.bj,TPE (<10),B2C,Google Maps,3.1,Actif,2026-06-29T00:15:34.201179,moyenne
BJ-6C738DB4,Solar Durable,Énergie & Environnement,Athiémé,+229 50 52 83 76,,,TPE (<10),B2C,Google Maps,3.4,Actif,2026-06-29T00:15:34.201223,basse
BJ-D407FDB2,Eau Power Environment,Énergie & Environnement,Athiémé,+229 85 29 15 35,eau.power.environment@eau.power.environment.net,,PME (50-200),B2B,Google Maps,4.7,Actif,2026-06-29T00:15:34.201258,moyenne
BJ-44D9C303,Environnement Énergie Bénin,Énergie & Environnement,Athiémé,+229 59 53 99 19,,environnementénergiebénin.bj,Grande (>200),B2B,Google Maps,4.8,Actif,2026-06-29T00:15:34.201292,moyenne
BJ-C67A28C7,Vert Durable,Énergie & Environnement,Athiémé,+229 31 90 24 41,,,PME (10-50),B2B,Google Maps,4.4,Actif,2026-06-29T00:15:34.201321,basse
BJ-3B246D43,Renouvelable,Énergie & Environnement,Athiémé,+229 28 98 82 80,renouvelable@renouvelable.net,,PME (10-50),B2B,Google Maps,3.2,Actif,2026-06-29T00:15:34.201362,moyenne
BJ-F5F32638,Renouvelable,Énergie & Environnement,Bopa,+229 57 93 19 42,renouvelable@renouvelable.net,,TPE (<10),B2C,Google Maps,3.5,Actif,2026-06-29T00:15:34.201416,moyenne
BJ-657BFE14,Éolien Hydraulique,Énergie & Environnement,Bopa,+229 49 76 58 65,,éolienhydraulique.bj,TPE (<10),B2B,Google Maps,4.5,Actif,2026-06-29T00:15:34.201462,moyenne
BJ-F44D5252,Solar Environnement,Énergie & Environnement,Bopa,+229 81 99 17 30,solar.environnement@solar.environnement.org,solarenvironnement.bj,TPE (<10),B2B,Google Maps,3.6,Actif,2026-06-29T00:15:34.201493,haute
BJ-F207DA12,Vert,Énergie & Environnement,Bopa,+229 63 24 63 10,vert@vert.com,vert.bj,Grande (>200),B2B,Google Maps,4.7,Actif,2026-06-29T00:15:34.201548,haute
BJ-75657A0F,Solaire,Énergie & Environnement,Houéyogbé,+229 44 70 47 23,solaire@solaire.benin,solaire.bj,TPE (<10),B2C,Google Maps,4.7,Actif,2026-06-29T00:15:34.201594,haute
BJ-E9E240E0,Eau Water,Énergie & Environnement,Houéyogbé,+229 95 32 63 99,eau.water@eau.water.com,,TPE (<10),B2B,Google Maps,3.5,Actif,2026-06-29T00:15:34.201618,moyenne
BJ-00756611,Power,Énergie & Environnement,Houéyogbé,+229 54 27 31 41,power@power.com,power.bj,PME (10-50),B2B,Google Maps,3.7,Actif,2026-06-29T00:15:34.201641,haute
BJ-ADD8B493,Power Eau Houéyogbé,Énergie & Environnement,Houéyogbé,+229 67 58 41 26,power.eau.houéyogbé@power.eau.houéyogbé.net,powereauhouéyogbé.bj,Grande (>200),B2B,Google Maps,3.3,Actif,2026-06-29T00:15:34.201673,haute
BJ-5B544383,Environnement Énergie Water Houéyogbé,Énergie & Environnement,Houéyogbé,+229 37 59 78 47,,environnementénergiewaterhouéyogbé.bj,TPE (<10),B2C,Google Maps,4.1,Actif,2026-06-29T00:15:34.201704,moyenne
BJ-0E2C5877,Environnement Éolien,Énergie & Environnement,Malanville,+229 73 28 64 91,environnement.éolien@environnement.éolien.benin,,PME (10-50),B2C,Google Maps,4.8,Actif,2026-06-29T00:15:34.201738,moyenne
BJ-288FCC2F,Éolien SARL,Énergie & Environnement,Malanville,+229 80 60 28 49,,éoliensarl.bj,PME (50-200),B2B,Google Maps,3.3,Actif,2026-06-29T00:15:34.201758,moyenne
BJ-1986A58A,Hydraulique Power,Énergie & Environnement,Malanville,+229 85 73 81 15,,hydrauliquepower.bj,PME (10-50),B2B,Google Maps,3.1,Actif,2026-06-29T00:15:34.201772,moyenne
BJ-6236823C,Éolien Water,Énergie & Environnement,Malanville,+229 41 99 76 17,éolien.water@éolien.water.net,,PME (10-50),B2C,Google Maps,4.0,Actif,2026-06-29T00:15:34.201787,moyenne
BJ-7735AC2F,Power Durable Power,Énergie & Environnement,Malanville,+229 77 60 55 51,,,PME (50-200),B2C,Google Maps,4.1,Actif,2026-06-29T00:15:34.201799,basse
BJ-AA54C5B7,Eau Clean SARL,Énergie & Environnement,Kandi,+229 26 36 51 79,eau.clean.sarl@eau.clean.sarl.benin,,PME (50-200),B2C,Google Maps,4.5,Actif,2026-06-29T00:15:34.201832,moyenne
BJ-D89814C8,Solar Énergie Bénin,Énergie & Environnement,Kandi,+229 37 32 80 17,solar.énergie.bénin@solar.énergie.bénin.org,solarénergiebénin.bj,PME (50-200),B2B,Google Maps,4.0,Actif,2026-06-29T00:15:34.201847,haute
BJ-C69411C2,Renouvelable Kandi,Énergie & Environnement,Kandi,+229 36 62 62 94,renouvelable.kandi@renouvelable.kandi.com,,TPE (<10),B2B,Google Maps,4.2,Actif,2026-06-29T00:15:34.201861,moyenne
BJ-F03BDB11,Éolien Environment Kandi,Énergie & Environnement,Kandi,+229 59 11 56 31,éolien.environment.kandi@éolien.environment.kandi.bj,,TPE (<10),B2C,Google Maps,4.8,Actif,2026-06-29T00:15:34.201875,moyenne
BJ-81615650,Énergie Environnement,Énergie & Environnement,Banikoara,+229 83 44 20 99,,,PME (50-200),B2B,Google Maps,3.9,Actif,2026-06-29T00:15:34.201913,basse
BJ-BB16F0A2,Durable Africa,Énergie & Environnement,Banikoara,+229 30 12 95 99,durable.africa@durable.africa.org,durableafrica.bj,TPE (<10),B2B,Google Maps,4.5,Actif,2026-06-29T00:15:34.201937,haute
BJ-6A12BE71,Environnement Power,Énergie & Environnement,Banikoara,+229 89 12 87 43,,environnementpower.bj,TPE (<10),B2C,Google Maps,4.1,Actif,2026-06-29T00:15:34.201950,moyenne
BJ-FB22D979,Power Assainissement,Énergie & Environnement,Banikoara,+229 74 27 23 64,power.assainissement@power.assainissement.benin,powerassainissement.bj,PME (10-50),B2C,Google Maps,3.2,Actif,2026-06-29T00:15:34.201964,haute
BJ-E57683A2,Vert Durable Banikoara,Énergie & Environnement,Banikoara,+229 25 46 92 90,vert.durable.banikoara@vert.durable.banikoara.bj,,PME (10-50),B2B,Google Maps,3.7,Actif,2026-06-29T00:15:34.201978,moyenne
BJ-0D24DD6C,Environnement Water Ségbana,Énergie & Environnement,Ségbana,+229 71 70 78 60,environnement.water.ségbana@environnement.water.ségbana.net,environnementwaterségbana.bj,PME (10-50),B2B,Google Maps,3.2,Actif,2026-06-29T00:15:34.202000,haute
BJ-42304820,Vert Vert,Énergie & Environnement,Ségbana,+229 33 91 89 94,vert.vert@vert.vert.com,vertvert.bj,PME (50-200),B2B,Google Maps,3.7,Actif,2026-06-29T00:15:34.202014,haute
BJ-8443F7FA,Écologie Africa Ségbana,Énergie & Environnement,Ségbana,+229 67 39 71 70,écologie.africa.ségbana@écologie.africa.ségbana.bj,écologieafricaségbana.bj,PME (10-50),B2C,Google Maps,3.1,Actif,2026-06-29T00:15:34.202029,haute
BJ-F8ADA38E,Énergie Bénin,Énergie & Environnement,Ségbana,+229 53 39 67 93,énergie.bénin@énergie.bénin.com,énergiebénin.bj,PME (10-50),B2C,Google Maps,3.0,Actif,2026-06-29T00:15:34.202044,haute
BJ-7B0E615F,Énergie Africa,Énergie & Environnement,Karimama,+229 38 10 46 47,énergie.africa@énergie.africa.bj,énergieafrica.bj,Grande (>200),B2C,Google Maps,3.0,Actif,2026-06-29T00:15:34.202096,haute
BJ-ED2D8015,Power Écologie Environment,Énergie & Environnement,Karimama,+229 25 79 95 54,power.écologie.environment@power.écologie.environment.bj,powerécologieenvironment.bj,PME (10-50),B2C,Google Maps,4.4,Actif,2026-06-29T00:15:34.202131,haute
BJ-6E978A8A,Power Solaire Solar Karimama,Énergie & Environnement,Karimama,+229 52 78 47 39,,powersolairesolarkarimama.bj,PME (10-50),B2C,Google Maps,4.7,Actif,2026-06-29T00:15:34.202144,moyenne
BJ-6CFA5BF0,Renouvelable SARL,Énergie & Environnement,Gogounou,+229 40 33 44 72,,renouvelablesarl.bj,PME (50-200),B2B,Google Maps,4.6,Actif,2026-06-29T00:15:34.202168,moyenne
BJ-BE699516,Éolien Vert,Énergie & Environnement,Gogounou,+229 39 79 75 43,éolien.vert@éolien.vert.org,éolienvert.bj,PME (50-200),B2C,Google Maps,3.5,Actif,2026-06-29T00:15:34.202186,haute
BJ-C47E2230,Écologie SARL,Énergie & Environnement,Gogounou,+229 52 84 96 98,,écologiesarl.bj,TPE (<10),B2C,Google Maps,4.2,Actif,2026-06-29T00:15:34.202214,moyenne
BJ-7CD2D341,Énergie Éolien,Énergie & Environnement,Gogounou,+229 89 84 24 85,,énergieéolien.bj,PME (10-50),B2B,Google Maps,4.4,Actif,2026-06-29T00:15:34.202228,moyenne
BJ-4D8BE7B6,Power Africa,Énergie & Environnement,Cobly,+229 97 13 67 98,power.africa@power.africa.com,powerafrica.bj,TPE (<10),B2C,Google Maps,3.6,Actif,2026-06-29T00:15:34.202248,haute
BJ-AB16AEEB,Éolien Hydraulique Water,Énergie & Environnement,Cobly,+229 53 65 98 87,éolien.hydraulique.water@éolien.hydraulique.water.benin,éolienhydrauliquewater.bj,TPE (<10),B2C,Google Maps,4.4,Actif,2026-06-29T00:15:34.202266,haute
BJ-7BC33143,Énergie Environnement,Énergie & Environnement,Cobly,+229 83 92 95 21,énergie.environnement@énergie.environnement.net,énergieenvironnement.bj,PME (50-200),B2C,Google Maps,3.8,Actif,2026-06-29T00:15:34.202281,haute
BJ-7A8D6CE6,Écologie Solar Cobly,Énergie & Environnement,Cobly,+229 34 89 49 65,écologie.solar.cobly@écologie.solar.cobly.benin,,PME (10-50),B2C,Google Maps,4.3,Actif,2026-06-29T00:15:34.202295,moyenne
BJ-7C3492AB,Solar Clean Cobly,Énergie & Environnement,Cobly,+229 96 88 34 93,,solarcleancobly.bj,Grande (>200),B2C,Google Maps,4.2,Actif,2026-06-29T00:15:34.202308,moyenne
BJ-E85C509C,Eau Environnement,Énergie & Environnement,Tanguiéta,+229 52 12 71 30,,eauenvironnement.bj,TPE (<10),B2B,Google Maps,4.6,Actif,2026-06-29T00:15:34.202327,moyenne
BJ-F9580D73,Vert Vert,Énergie & Environnement,Tanguiéta,+229 26 23 92 81,vert.vert@vert.vert.net,,PME (50-200),B2B,Google Maps,4.6,Actif,2026-06-29T00:15:34.202340,moyenne
BJ-B5CAFB69,Vert Écologie,Énergie & Environnement,Tanguiéta,+229 93 51 73 16,vert.écologie@vert.écologie.net,vertécologie.bj,TPE (<10),B2B,Google Maps,3.9,Actif,2026-06-29T00:15:34.202354,haute
BJ-ABC1439D,Énergie Durable Bénin,Énergie & Environnement,Tanguiéta,+229 66 25 47 78,,énergiedurablebénin.bj,TPE (<10),B2C,Google Maps,4.1,Actif,2026-06-29T00:15:34.202368,moyenne
BJ-89250043,Énergie Durable Africa,Énergie & Environnement,Tanguiéta,+229 22 45 84 90,énergie.durable.africa@énergie.durable.africa.org,,PME (10-50),B2B,Google Maps,4.5,Actif,2026-06-29T00:15:34.202382,moyenne
BJ-5260F5C7,Environnement Solaire Energy Matéri,Énergie & Environnement,Matéri,+229 33 91 52 48,environnement.solaire.energy.matéri@environnement.solaire.energy.matéri.bj,environnementsolaireenergymatéri.bj,PME (50-200),B2B,Google Maps,3.3,Actif,2026-06-29T00:15:34.202403,haute
BJ-E3A697DA,Éolien Hydraulique,Énergie & Environnement,Matéri,+229 53 45 67 56,éolien.hydraulique@éolien.hydraulique.net,,TPE (<10),B2B,Google Maps,4.2,Actif,2026-06-29T00:15:34.202422,moyenne
BJ-4C271B64,Power Renouvelable,Énergie & Environnement,Matéri,+229 54 44 16 42,power.renouvelable@power.renouvelable.bj,powerrenouvelable.bj,TPE (<10),B2C,Google Maps,4.7,Actif,2026-06-29T00:15:34.202440,haute
BJ-84866E9C,Environnement Écologie Power,Énergie & Environnement,Matéri,+229 37 72 89 20,environnement.écologie.power@environnement.écologie.power.net,,PME (10-50),B2B,Google Maps,3.6,Actif,2026-06-29T00:15:34.202459,moyenne
BJ-50F37C75,Environnement SARL Matéri,Énergie & Environnement,Matéri,+229 30 88 61 80,environnement.sarl.matéri@environnement.sarl.matéri.benin,environnementsarlmatéri.bj,PME (50-200),B2B,Google Maps,3.4,Actif,2026-06-29T00:15:34.202474,haute
BJ-E55B1FC2,Éolien Écologie Power,Énergie & Environnement,Natitingou,+229 80 47 54 10,,,TPE (<10),B2B,Google Maps,3.7,Actif,2026-06-29T00:15:34.202496,basse
BJ-4A014730,Eau Assainissement,Énergie & Environnement,Natitingou,+229 77 58 58 88,,eauassainissement.bj,Grande (>200),B2B,Google Maps,3.2,Actif,2026-06-29T00:15:34.202510,moyenne
BJ-9AC61903,Écologie,Énergie & Environnement,Natitingou,+229 60 76 34 84,écologie@écologie.bj,écologie.bj,PME (10-50),B2B,Google Maps,4.5,Actif,2026-06-29T00:15:34.202524,haute
BJ-E13DA0A2,Vert Écologie Natitingou,Énergie & Environnement,Natitingou,+229 49 71 85 43,vert.écologie.natitingou@vert.écologie.natitingou.bj,vertécologienatitingou.bj,TPE (<10),B2C,Google Maps,3.7,Actif,2026-06-29T00:15:34.202539,haute
BJ-E68EA2EF,Power,Énergie & Environnement,Natitingou,+229 78 27 42 50,power@power.org,,PME (50-200),B2B,Google Maps,3.1,Actif,2026-06-29T00:15:34.202565,moyenne
BJ-E76E0879,Eau Écologie,Énergie & Environnement,Toucountouna,+229 29 48 50 76,,eauécologie.bj,PME (50-200),B2C,Google Maps,3.8,Actif,2026-06-29T00:15:34.202585,moyenne
BJ-E8F1C1CC,Power,Énergie & Environnement,Toucountouna,+229 74 39 76 31,power@power.bj,power.bj,TPE (<10),B2B,Google Maps,3.2,Actif,2026-06-29T00:15:34.202603,haute
BJ-8D1760E0,Durable Bénin,Énergie & Environnement,Toucountouna,+229 48 27 82 66,durable.bénin@durable.bénin.benin,durablebénin.bj,Grande (>200),B2B,Google Maps,3.5,Actif,2026-06-29T00:15:34.202622,haute
BJ-C5449A81,Solar Vert Power,Énergie & Environnement,Toucountouna,+229 63 80 42 35,,,PME (10-50),B2C,Google Maps,3.5,Actif,2026-06-29T00:15:34.202635,basse
BJ-AF26CA3D,Solar Clean,Énergie & Environnement,Toucountouna,+229 76 50 88 67,solar.clean@solar.clean.benin,solarclean.bj,Grande (>200),B2B,Google Maps,3.7,Actif,2026-06-29T00:15:34.202650,haute
BJ-04189EDE,Eau Durable Energy Boukoumbé,Énergie & Environnement,Boukoumbé,+229 87 42 63 53,eau.durable.energy.boukoumbé@eau.durable.energy.boukoumbé.bj,eaudurableenergyboukoumbé.bj,PME (10-50),B2B,Google Maps,4.2,Actif,2026-06-29T00:15:34.202708,haute
BJ-B77DC2D0,Power Power Boukoumbé,Énergie & Environnement,Boukoumbé,+229 21 22 57 86,,powerpowerboukoumbé.bj,TPE (<10),B2C,Google Maps,4.9,Actif,2026-06-29T00:15:34.202753,moyenne
BJ-57BE0EA9,Énergie Clean SARL,Énergie & Environnement,Boukoumbé,+229 95 80 23 33,énergie.clean.sarl@énergie.clean.sarl.com,énergiecleansarl.bj,PME (50-200),B2B,Google Maps,4.7,Actif,2026-06-29T00:15:34.202786,haute
BJ-14B5D7B0,Eau Power Africa Boukoumbé,Énergie & Environnement,Boukoumbé,+229 91 51 95 25,eau.power.africa.boukoumbé@eau.power.africa.boukoumbé.com,eaupowerafricaboukoumbé.bj,PME (10-50),B2B,Google Maps,3.2,Actif,2026-06-29T00:15:34.202833,haute
BJ-8B3F4E8D,Écologie,Énergie & Environnement,Boukoumbé,+229 70 74 39 13,,écologie.bj,TPE (<10),B2C,Google Maps,4.1,Actif,2026-06-29T00:15:34.202864,moyenne
BJ-A376BD24,Assainissement,Énergie & Environnement,Kouandé,+229 77 57 97 28,,assainissement.bj,TPE (<10),B2B,Google Maps,3.6,Actif,2026-06-29T00:15:34.202927,moyenne
BJ-5694304B,Solaire Bénin Kouandé,Énergie & Environnement,Kouandé,+229 70 89 58 76,solaire.bénin.kouandé@solaire.bénin.kouandé.org,,PME (10-50),B2B,Google Maps,4.1,Actif,2026-06-29T00:15:34.202955,moyenne
BJ-5D85AEC1,Power Solaire Africa,Énergie & Environnement,Kouandé,+229 60 56 29 22,power.solaire.africa@power.solaire.africa.bj,powersolaireafrica.bj,PME (50-200),B2B,Google Maps,3.2,Actif,2026-06-29T00:15:34.202972,haute
BJ-4EE436B4,Écologie SARL Kouandé,Énergie & Environnement,Kouandé,+229 43 46 26 19,écologie.sarl.kouandé@écologie.sarl.kouandé.org,écologiesarlkouandé.bj,PME (50-200),B2B,Google Maps,4.2,Actif,2026-06-29T00:15:34.202988,haute
BJ-E341B687,Éolien Renouvelable Africa,Énergie & Environnement,Kouandé,+229 45 69 18 16,éolien.renouvelable.africa@éolien.renouvelable.africa.org,éolienrenouvelableafrica.bj,TPE (<10),B2B,Google Maps,4.9,Actif,2026-06-29T00:15:34.203004,haute
BJ-D514949F,Éolien Solar,Énergie & Environnement,Péhunco,+229 29 11 62 18,éolien.solar@éolien.solar.com,éoliensolar.bj,PME (50-200),B2B,Google Maps,4.7,Actif,2026-06-29T00:15:34.203026,haute
BJ-A658B527,Power Péhunco,Énergie & Environnement,Péhunco,+229 60 31 17 26,,powerpéhunco.bj,PME (50-200),B2B,Google Maps,4.3,Actif,2026-06-29T00:15:34.203041,moyenne
BJ-C8B1C8D4,Solar Assainissement Energy,Énergie & Environnement,Péhunco,+229 89 69 80 37,solar.assainissement.energy@solar.assainissement.energy.com,,PME (50-200),B2C,Google Maps,5.0,Actif,2026-06-29T00:15:34.203056,moyenne
BJ-B6838C09,Environnement Péhunco,Énergie & Environnement,Péhunco,+229 51 91 19 52,,,PME (50-200),B2C,Google Maps,3.8,Actif,2026-06-29T00:15:34.203068,basse
BJ-49E459AB,Power,Énergie & Environnement,Péhunco,+229 51 70 16 25,power@power.net,power.bj,TPE (<10),B2B,Google Maps,3.1,Actif,2026-06-29T00:15:34.203082,haute
BJ-565F683D,Eau Assainissement,Énergie & Environnement,Tchaourou,+229 58 54 73 78,eau.assainissement@eau.assainissement.org,eauassainissement.bj,PME (50-200),B2C,Google Maps,4.2,Actif,2026-06-29T00:15:34.203101,haute
BJ-41D42125,Solar Assainissement SARL,Énergie & Environnement,Tchaourou,+229 80 67 42 47,solar.assainissement.sarl@solar.assainissement.sarl.com,solarassainissementsarl.bj,PME (50-200),B2B,Google Maps,3.9,Actif,2026-06-29T00:15:34.203120,haute
BJ-4CD40518,Vert,Énergie & Environnement,Tchaourou,+229 71 52 90 83,,vert.bj,PME (10-50),B2B,Google Maps,3.9,Actif,2026-06-29T00:15:34.203134,moyenne
BJ-C077DE77,Power Hydraulique SARL,Énergie & Environnement,Tchaourou,+229 97 86 58 79,,powerhydrauliquesarl.bj,TPE (<10),B2B,Google Maps,4.7,Actif,2026-06-29T00:15:34.203146,moyenne
BJ-987B9124,Vert Durable Energy,Énergie & Environnement,Tchaourou,+229 30 91 97 19,vert.durable.energy@vert.durable.energy.net,vertdurableenergy.bj,TPE (<10),B2C,Google Maps,4.0,Actif,2026-06-29T00:15:34.203163,haute
BJ-AECA458F,Eau Renouvelable,Énergie & Environnement,Nikki,+229 67 30 69 15,eau.renouvelable@eau.renouvelable.org,,PME (10-50),B2B,Google Maps,4.4,Actif,2026-06-29T00:15:34.203184,moyenne
BJ-5509C3B1,Éolien Eau Water,Énergie & Environnement,Nikki,+229 83 34 84 34,,éolieneauwater.bj,PME (50-200),B2C,Google Maps,3.8,Actif,2026-06-29T00:15:34.203237,moyenne
BJ-EB9528D8,Éolien Écologie,Énergie & Environnement,Nikki,+229 71 83 64 73,éolien.écologie@éolien.écologie.bj,éolienécologie.bj,PME (10-50),B2B,Google Maps,3.3,Actif,2026-06-29T00:15:34.203252,haute
BJ-D2A545FD,Solar Environnement Power,Énergie & Environnement,Bembéréké,+229 42 16 51 30,solar.environnement.power@solar.environnement.power.bj,solarenvironnementpower.bj,PME (10-50),B2B,Google Maps,3.8,Actif,2026-06-29T00:15:34.203273,haute
BJ-4BB421A3,Power Renouvelable Water,Énergie & Environnement,Bembéréké,+229 24 31 61 48,power.renouvelable.water@power.renouvelable.water.org,powerrenouvelablewater.bj,Grande (>200),B2C,Google Maps,4.0,Actif,2026-06-29T00:15:34.203292,haute
BJ-BD5F6851,Solar Environnement Bembéréké,Énergie & Environnement,Bembéréké,+229 40 84 37 35,solar.environnement.bembéréké@solar.environnement.bembéréké.benin,,PME (50-200),B2B,Google Maps,4.6,Actif,2026-06-29T00:15:34.203312,moyenne
BJ-02C2D4DC,Eau Water,Énergie & Environnement,Bembéréké,+229 32 17 78 33,,eauwater.bj,PME (10-50),B2B,Google Maps,4.8,Actif,2026-06-29T00:15:34.203326,moyenne
BJ-F3D23B6F,Vert Écologie Solar,Énergie & Environnement,Bembéréké,+229 28 69 12 26,,,PME (10-50),B2C,Google Maps,4.2,Actif,2026-06-29T00:15:34.203339,basse
BJ-628350E7,Vert Durable Bénin,Énergie & Environnement,Kalalé,+229 95 60 63 95,vert.durable.bénin@vert.durable.bénin.net,vertdurablebénin.bj,TPE (<10),B2B,Google Maps,3.5,Actif,2026-06-29T00:15:34.203361,haute
BJ-1B1EEC49,Vert Durable,Énergie & Environnement,Kalalé,+229 99 38 23 29,vert.durable@vert.durable.benin,vertdurable.bj,TPE (<10),B2C,Google Maps,4.4,Actif,2026-06-29T00:15:34.203391,haute
BJ-1BC3D051,Eau Assainissement,Énergie & Environnement,Kalalé,+229 52 62 40 21,eau.assainissement@eau.assainissement.org,,TPE (<10),B2C,Google Maps,3.6,Actif,2026-06-29T00:15:34.203404,moyenne
BJ-E7D9B5FE,Durable Energy,Énergie & Environnement,Kalalé,+229 98 51 45 14,durable.energy@durable.energy.net,,PME (50-200),B2C,Google Maps,3.9,Actif,2026-06-29T00:15:34.203418,moyenne
BJ-5E86F8B7,Power Énergie,Énergie & Environnement,Ndali,+229 34 90 77 97,,powerénergie.bj,TPE (<10),B2B,Google Maps,3.6,Actif,2026-06-29T00:15:34.203439,moyenne
BJ-78181949,Clean SARL,Énergie & Environnement,Ndali,+229 93 62 66 48,clean.sarl@clean.sarl.org,cleansarl.bj,TPE (<10),B2B,Google Maps,4.0,Actif,2026-06-29T00:15:34.203475,haute
BJ-9EAD93EE,Environnement Hydraulique Ndali,Énergie & Environnement,Ndali,+229 64 76 63 19,environnement.hydraulique.ndali@environnement.hydraulique.ndali.com,,PME (50-200),B2B,Google Maps,3.5,Actif,2026-06-29T00:15:34.203489,moyenne
BJ-B3F87D96,Écologie Bénin,Énergie & Environnement,Ségbana,+229 73 69 56 11,écologie.bénin@écologie.bénin.org,,TPE (<10),B2B,Google Maps,3.4,Actif,2026-06-29T00:15:34.203525,moyenne
BJ-304EF712,Solar Vert,Énergie & Environnement,Ségbana,+229 54 37 92 23,solar.vert@solar.vert.benin,solarvert.bj,TPE (<10),B2C,Google Maps,3.5,Actif,2026-06-29T00:15:34.203540,haute
BJ-94485BF2,Renouvelable Bénin,Énergie & Environnement,Ségbana,+229 31 12 45 43,,,TPE (<10),B2B,Google Maps,4.2,Actif,2026-06-29T00:15:34.203553,basse
BJ-AA7B78F9,Environnement Écologie,Énergie & Environnement,Ségbana,+229 86 49 88 90,,environnementécologie.bj,PME (10-50),B2C,Google Maps,3.4,Actif,2026-06-29T00:15:34.203566,moyenne
BJ-D800AAD4,Hydraulique Africa,Énergie & Environnement,Ségbana,+229 71 78 82 51,hydraulique.africa@hydraulique.africa.com,,Grande (>200),B2B,Google Maps,4.3,Actif,2026-06-29T00:15:34.203580,moyenne
BJ-0DF3A1D9,Assainissement Energy Tchaourou,Énergie & Environnement,Tchaourou,+229 92 24 35 87,,assainissementenergytchaourou.bj,PME (10-50),B2B,Google Maps,3.6,Actif,2026-06-29T00:15:34.203604,moyenne
BJ-8C7E01DD,Eau Éolien Africa,Énergie & Environnement,Tchaourou,+229 45 60 10 86,eau.éolien.africa@eau.éolien.africa.net,eauéolienafrica.bj,TPE (<10),B2B,Google Maps,3.6,Actif,2026-06-29T00:15:34.203622,haute
BJ-756C0DFA,Eau Écologie Tchaourou,Énergie & Environnement,Tchaourou,+229 70 25 66 12,eau.écologie.tchaourou@eau.écologie.tchaourou.net,eauécologietchaourou.bj,TPE (<10),B2C,Google Maps,4.7,Actif,2026-06-29T00:15:34.203652,haute
BJ-9E6E15D9,Solar Solaire,Énergie & Environnement,Tchaourou,+229 86 41 47 34,solar.solaire@solar.solaire.org,solarsolaire.bj,PME (50-200),B2C,Google Maps,3.3,Actif,2026-06-29T00:15:34.203665,haute
BJ-8DBD5727,Solar Renouvelable Africa,Énergie & Environnement,Bétérou,+229 85 53 54 76,solar.renouvelable.africa@solar.renouvelable.africa.org,,PME (50-200),B2B,Google Maps,4.6,Actif,2026-06-29T00:15:34.203699,moyenne
BJ-5132D769,Hydraulique,Énergie & Environnement,Bétérou,+229 90 79 11 95,,,TPE (<10),B2C,Google Maps,3.0,Actif,2026-06-29T00:15:34.203711,basse
BJ-3CDA40DA,Éolien Power,Énergie & Environnement,Bétérou,+229 42 13 14 15,éolien.power@éolien.power.benin,,TPE (<10),B2B,Google Maps,4.9,Actif,2026-06-29T00:15:34.203725,moyenne
BJ-8B50A1F2,Énergie,Énergie & Environnement,Bétérou,+229 66 20 72 72,,énergie.bj,PME (50-200),B2C,Google Maps,4.1,Actif,2026-06-29T00:15:34.203742,moyenne
BJ-4D9DACC6,Énergie Vert,Énergie & Environnement,Ouessè,+229 53 60 54 49,énergie.vert@énergie.vert.net,énergievert.bj,TPE (<10),B2B,Google Maps,4.2,Actif,2026-06-29T00:15:34.203762,haute
BJ-720408A7,Power Renouvelable,Énergie & Environnement,Ouessè,+229 39 62 45 51,power.renouvelable@power.renouvelable.benin,,PME (50-200),B2B,Google Maps,4.9,Actif,2026-06-29T00:15:34.203779,moyenne
BJ-122C2BBF,Environnement Vert,Énergie & Environnement,Ouessè,+229 52 18 39 92,,environnementvert.bj,TPE (<10),B2B,Google Maps,4.6,Actif,2026-06-29T00:15:34.203793,moyenne
BJ-49D417F4,Écologie SARL,Énergie & Environnement,Ouessè,+229 68 56 37 15,,,PME (10-50),B2C,Google Maps,3.2,Actif,2026-06-29T00:15:34.203805,basse
BJ-DDAC2A46,Durable Water,Énergie & Environnement,Ouessè,+229 34 87 85 23,,durablewater.bj,TPE (<10),B2C,Google Maps,5.0,Actif,2026-06-29T00:15:34.203818,moyenne
BJ-E8EDC6B9,Environnement Environment,Énergie & Environnement,Glazoué,+229 86 65 24 37,,,PME (10-50),B2B,Google Maps,3.3,Actif,2026-06-29T00:15:34.203836,basse
BJ-00FC0BFC,Eau Environment,Énergie & Environnement,Glazoué,+229 62 10 93 18,eau.environment@eau.environment.bj,eauenvironment.bj,Grande (>200),B2B,Google Maps,4.5,Actif,2026-06-29T00:15:34.203850,haute
BJ-D981FAD8,Éolien Durable,Énergie & Environnement,Glazoué,+229 30 67 16 70,éolien.durable@éolien.durable.net,éoliendurable.bj,Grande (>200),B2C,Google Maps,3.9,Actif,2026-06-29T00:15:34.203865,haute
BJ-229AC028,Environnement,Énergie & Environnement,Glazoué,+229 78 49 27 36,environnement@environnement.net,environnement.bj,PME (10-50),B2C,Google Maps,3.6,Actif,2026-06-29T00:15:34.203879,haute
BJ-689ABB2F,Clean Africa,Énergie & Environnement,Glazoué,+229 76 80 55 59,clean.africa@clean.africa.org,cleanafrica.bj,PME (50-200),B2C,Google Maps,4.6,Actif,2026-06-29T00:15:34.203907,haute
BJ-CFF5A1D0,Power Solaire Solar,Énergie & Environnement,Dassa-Zoumè,+229 26 93 73 63,power.solaire.solar@power.solaire.solar.net,powersolairesolar.bj,PME (50-200),B2B,Google Maps,4.0,Actif,2026-06-29T00:15:34.203961,haute
BJ-F2CFD5E8,Renouvelable Water,Énergie & Environnement,Dassa-Zoumè,+229 52 18 18 59,renouvelable.water@renouvelable.water.com,renouvelablewater.bj,PME (10-50),B2B,Google Maps,5.0,Actif,2026-06-29T00:15:34.203975,haute
BJ-BF6E67AB,Clean Water,Énergie & Environnement,Dassa-Zoumè,+229 32 77 94 36,,cleanwater.bj,TPE (<10),B2C,Google Maps,3.1,Actif,2026-06-29T00:15:34.203990,moyenne
BJ-035FB682,Vert Clean Energy,Énergie & Environnement,Savalou,+229 61 60 98 42,vert.clean.energy@vert.clean.energy.org,vertcleanenergy.bj,PME (10-50),B2C,Google Maps,4.5,Actif,2026-06-29T00:15:34.204014,haute
BJ-376B58D2,Solaire Water,Énergie & Environnement,Savalou,+229 68 25 91 52,solaire.water@solaire.water.benin,,Grande (>200),B2B,Google Maps,4.1,Actif,2026-06-29T00:15:34.204027,moyenne
BJ-EB9F490C,Solar Power,Énergie & Environnement,Bantè,+229 81 10 67 94,,solarpower.bj,PME (10-50),B2B,Google Maps,4.7,Actif,2026-06-29T00:15:34.204084,moyenne
BJ-37A01222,Éolien Environnement Water,Énergie & Environnement,Bantè,+229 75 12 83 86,éolien.environnement.water@éolien.environnement.water.benin,éolienenvironnementwater.bj,TPE (<10),B2B,Google Maps,3.0,Actif,2026-06-29T00:15:34.204109,haute
BJ-884EE430,Assainissement,Énergie & Environnement,Bantè,+229 84 36 86 39,assainissement@assainissement.net,,TPE (<10),B2C,Google Maps,3.8,Actif,2026-06-29T00:15:34.204123,moyenne
BJ-3E155069,Solar Environnement,Énergie & Environnement,Bantè,+229 61 41 39 79,solar.environnement@solar.environnement.net,,PME (50-200),B2C,Google Maps,4.6,Actif,2026-06-29T00:15:34.204136,moyenne
BJ-0ACF5921,Éolien Bénin Bantè,Énergie & Environnement,Bantè,+229 40 15 99 46,,éolienbéninbantè.bj,TPE (<10),B2C,Google Maps,4.4,Actif,2026-06-29T00:15:34.204149,moyenne
BJ-DFF68C74,Environnement Environnement,Énergie & Environnement,Djougou,+229 65 52 75 73,environnement.environnement@environnement.environnement.bj,environnementenvironnement.bj,PME (10-50),B2C,Google Maps,3.9,Actif,2026-06-29T00:15:34.204169,haute
BJ-3B231009,Power Environment,Énergie & Environnement,Djougou,+229 21 47 77 37,,powerenvironment.bj,TPE (<10),B2B,Google Maps,4.9,Actif,2026-06-29T00:15:34.204183,moyenne
BJ-77425FBA,Solar Éolien Energy Djougou,Énergie & Environnement,Djougou,+229 91 97 46 71,,solaréolienenergydjougou.bj,TPE (<10),B2C,Google Maps,3.4,Actif,2026-06-29T00:15:34.204197,moyenne
BJ-92B5E658,Éolien Hydraulique SARL,Énergie & Environnement,Djougou,+229 74 39 98 25,éolien.hydraulique.sarl@éolien.hydraulique.sarl.org,éolienhydrauliquesarl.bj,TPE (<10),B2C,Google Maps,4.9,Actif,2026-06-29T00:15:34.204212,haute
BJ-D86B2FAB,Vert Solar Djougou,Énergie & Environnement,Djougou,+229 35 20 42 37,vert.solar.djougou@vert.solar.djougou.org,vertsolardjougou.bj,TPE (<10),B2B,Google Maps,4.8,Actif,2026-06-29T00:15:34.204229,haute
BJ-8AA276CB,Environnement Éolien Water Ouèssè,Énergie & Environnement,Ouèssè,+229 40 94 68 12,environnement.éolien.water.ouèssè@environnement.éolien.water.ouèssè.benin,environnementéolienwaterouèssè.bj,PME (50-200),B2B,Google Maps,4.2,Actif,2026-06-29T00:15:34.204255,haute
BJ-EF733295,Énergie Solaire Environment,Énergie & Environnement,Ouèssè,+229 88 12 59 53,énergie.solaire.environment@énergie.solaire.environment.benin,énergiesolaireenvironment.bj,PME (50-200),B2B,Google Maps,5.0,Actif,2026-06-29T00:15:34.204273,haute
BJ-7C721454,Hydraulique SARL,Énergie & Environnement,Ouèssè,+229 93 43 31 33,hydraulique.sarl@hydraulique.sarl.com,,TPE (<10),B2C,Google Maps,4.3,Actif,2026-06-29T00:15:34.204295,moyenne
BJ-9E431F80,Eau,Énergie & Environnement,Ouèssè,+229 68 26 18 15,eau@eau.net,eau.bj,PME (50-200),B2B,Google Maps,4.4,Actif,2026-06-29T00:15:34.204321,haute
BJ-B81F8ECB,Eau Éolien Power Ouèssè,Énergie & Environnement,Ouèssè,+229 80 78 85 85,eau.éolien.power.ouèssè@eau.éolien.power.ouèssè.org,,TPE (<10),B2B,Google Maps,4.5,Actif,2026-06-29T00:15:34.204336,moyenne
BJ-59D9B7A5,Hydraulique Bénin,Énergie & Environnement,Bassila,+229 40 31 98 66,hydraulique.bénin@hydraulique.bénin.org,hydrauliquebénin.bj,TPE (<10),B2B,Google Maps,3.3,Actif,2026-06-29T00:15:34.204366,haute
BJ-B221AB41,Énergie Assainissement Bassila,Énergie & Environnement,Bassila,+229 69 81 55 23,,,TPE (<10),B2C,Google Maps,3.7,Actif,2026-06-29T00:15:34.204379,basse
BJ-98494D70,Renouvelable SARL,Énergie & Environnement,Bassila,+229 89 66 22 95,renouvelable.sarl@renouvelable.sarl.benin,renouvelablesarl.bj,TPE (<10),B2C,Google Maps,4.6,Actif,2026-06-29T00:15:34.204393,haute
BJ-B8D6F6D5,Énergie Éolien Bassila,Énergie & Environnement,Bassila,+229 59 46 14 14,énergie.éolien.bassila@énergie.éolien.bassila.org,énergieéolienbassila.bj,PME (10-50),B2C,Google Maps,3.4,Actif,2026-06-29T00:15:34.204408,haute
BJ-2482BD58,Assainissement,Énergie & Environnement,Bassila,+229 64 66 63 49,assainissement@assainissement.com,assainissement.bj,TPE (<10),B2B,Google Maps,3.2,Actif,2026-06-29T00:15:34.204422,haute
BJ-D5596034,Énergie Bénin,Énergie & Environnement,Pehunco,+229 26 13 19 12,,,TPE (<10),B2B,Google Maps,3.4,Actif,2026-06-29T00:15:34.204440,basse
BJ-09D16489,Renouvelable,Énergie & Environnement,Pehunco,+229 63 38 56 45,,renouvelable.bj,PME (50-200),B2B,Google Maps,3.7,Actif,2026-06-29T00:15:34.204477,moyenne
BJ-14BF8661,Durable,Énergie & Environnement,Pehunco,+229 34 88 35 29,durable@durable.benin,durable.bj,PME (50-200),B2B,Google Maps,4.8,Actif,2026-06-29T00:15:34.204490,haute
BJ-A0D0541C,Eau Environnement,Énergie & Environnement,Pehunco,+229 66 66 83 24,eau.environnement@eau.environnement.benin,eauenvironnement.bj,TPE (<10),B2B,Google Maps,4.1,Actif,2026-06-29T00:15:34.204504,haute
BJ-AA31A5B0,Solaire Environment,Énergie & Environnement,Copargo,+229 56 13 57 63,solaire.environment@solaire.environment.com,solaireenvironment.bj,Grande (>200),B2C,Google Maps,3.9,Actif,2026-06-29T00:15:34.204525,haute
BJ-FC4BAF14,Solar Renouvelable,Énergie & Environnement,Copargo,+229 44 47 83 35,solar.renouvelable@solar.renouvelable.net,,PME (10-50),B2C,Google Maps,3.9,Actif,2026-06-29T00:15:34.204543,moyenne
BJ-8BF3B064,Eau Énergie,Énergie & Environnement,Copargo,+229 35 58 73 52,eau.énergie@eau.énergie.bj,eauénergie.bj,Grande (>200),B2C,Google Maps,4.7,Actif,2026-06-29T00:15:34.204558,haute
BJ-0C170D05,Éolien Eau,Énergie & Environnement,Copargo,+229 90 38 13 67,éolien.eau@éolien.eau.bj,éolieneau.bj,PME (10-50),B2C,Google Maps,3.6,Actif,2026-06-29T00:15:34.204572,haute
BJ-4DAC6A4E,Vert Éolien Bénin,Énergie & Environnement,Copargo,+229 29 88 89 24,vert.éolien.bénin@vert.éolien.bénin.net,vertéolienbénin.bj,TPE (<10),B2B,Google Maps,4.7,Actif,2026-06-29T00:15:34.204586,haute
BJ-4C58529D,Télévision Communication Cotonou,Médias & Communication,Cotonou,+229 75 68 54 86,télévision.communication.cotonou@télévision.communication.cotonou.benin,télévisioncommunicationcotonou.bj,TPE (<10),B2B,Google Maps,4.6,Actif,2026-06-29T00:15:34.204626,haute
BJ-E2F5589A,International Radio,Médias & Communication,Cotonou,+229 59 43 68 61,international.radio@international.radio.org,internationalradio.bj,Grande (>200),B2B,Google Maps,4.2,Actif,2026-06-29T00:15:34.204641,haute
BJ-9360A28E,TV Publicité Media Cotonou,Médias & Communication,Cotonou,+229 45 10 31 19,,tvpublicitémediacotonou.bj,Grande (>200),B2C,Google Maps,4.8,Actif,2026-06-29T00:15:34.204655,moyenne
BJ-5E8980BF,Média Média Africa,Médias & Communication,Cotonou,+229 62 91 68 62,média.média.africa@média.média.africa.benin,médiamédiaafrica.bj,Grande (>200),B2B,Google Maps,4.0,Actif,2026-06-29T00:15:34.204669,haute
BJ-48EF5B5B,Démocratie,Médias & Communication,Abomey-Calavi,+229 37 16 29 19,,démocratie.bj,TPE (<10),B2C,Google Maps,4.2,Actif,2026-06-29T00:15:34.204688,moyenne
BJ-40E76E40,TV Média Africa,Médias & Communication,Abomey-Calavi,+229 72 21 81 29,tv.média.africa@tv.média.africa.benin,tvmédiaafrica.bj,PME (50-200),B2C,Google Maps,4.1,Actif,2026-06-29T00:15:34.204703,haute
BJ-DD55A6CB,Démocratie Abomey-Calavi,Médias & Communication,Abomey-Calavi,+229 75 68 60 86,démocratie.abomeycalavi@démocratie.abomeycalavi.org,démocratieabomeycalavi.bj,TPE (<10),B2B,Google Maps,3.9,Actif,2026-06-29T00:15:34.204718,haute
BJ-0F832EB9,TV International,Médias & Communication,Abomey-Calavi,+229 82 69 55 73,tv.international@tv.international.benin,tvinternational.bj,TPE (<10),B2C,Google Maps,4.4,Actif,2026-06-29T00:15:34.204746,haute
BJ-A4B54C9F,National Africa,Médias & Communication,Porto-Novo,+229 99 24 47 73,national.africa@national.africa.net,nationalafrica.bj,TPE (<10),B2C,Google Maps,4.1,Actif,2026-06-29T00:15:34.204765,haute
BJ-11734885,Télévision Porto-Novo,Médias & Communication,Porto-Novo,+229 34 47 31 67,télévision.portonovo@télévision.portonovo.com,télévisionportonovo.bj,TPE (<10),B2B,Google Maps,3.6,Actif,2026-06-29T00:15:34.204783,haute
BJ-1F96FEAA,Média Presse Porto-Novo,Médias & Communication,Porto-Novo,+229 93 86 40 34,,,TPE (<10),B2C,Google Maps,4.3,Actif,2026-06-29T00:15:34.204796,basse
BJ-DFB56C36,Presse Nouvelles,Médias & Communication,Porto-Novo,+229 45 27 24 28,presse.nouvelles@presse.nouvelles.bj,,PME (10-50),B2B,Google Maps,5.0,Actif,2026-06-29T00:15:34.204813,moyenne
BJ-1C21B4C6,Journal National Africa,Médias & Communication,Porto-Novo,+229 35 52 47 20,journal.national.africa@journal.national.africa.bj,,PME (50-200),B2C,Google Maps,3.6,Actif,2026-06-29T00:15:34.204826,moyenne
BJ-8B2997EF,Journal Média,Médias & Communication,Parakou,+229 20 49 82 79,journal.média@journal.média.org,,TPE (<10),B2B,Google Maps,3.6,Actif,2026-06-29T00:15:34.204847,moyenne
BJ-A3E04AD0,Radio Média,Médias & Communication,Parakou,+229 96 72 12 97,,radiomédia.bj,PME (10-50),B2C,Google Maps,3.4,Actif,2026-06-29T00:15:34.204864,moyenne
BJ-FD42EC91,Communication Journal Bénin,Médias & Communication,Parakou,+229 26 85 23 24,communication.journal.bénin@communication.journal.bénin.benin,,TPE (<10),B2C,Google Maps,4.1,Actif,2026-06-29T00:15:34.204901,moyenne
BJ-105610A5,Démocratie,Médias & Communication,Parakou,+229 97 51 95 53,démocratie@démocratie.benin,démocratie.bj,PME (10-50),B2B,Google Maps,3.9,Actif,2026-06-29T00:15:34.204917,haute
BJ-DE372AA1,Nouvelles Bohicon,Médias & Communication,Bohicon,+229 65 89 41 42,nouvelles.bohicon@nouvelles.bohicon.benin,nouvellesbohicon.bj,TPE (<10),B2C,Google Maps,4.3,Actif,2026-06-29T00:15:34.204937,haute
BJ-3B4CB296,Agence International,Médias & Communication,Bohicon,+229 63 36 68 68,,agenceinternational.bj,PME (10-50),B2B,Google Maps,4.4,Actif,2026-06-29T00:15:34.204954,moyenne
BJ-15E7148C,Presse Radio News,Médias & Communication,Bohicon,+229 97 12 48 95,presse.radio.news@presse.radio.news.bj,presseradionews.bj,TPE (<10),B2C,Google Maps,4.5,Actif,2026-06-29T00:15:34.204968,haute
BJ-94983239,Journal National,Médias & Communication,Bohicon,+229 68 13 70 84,journal.national@journal.national.com,journalnational.bj,PME (50-200),B2C,Google Maps,4.4,Actif,2026-06-29T00:15:34.204981,haute
BJ-4FFC5324,Radio,Médias & Communication,Bohicon,+229 82 13 14 94,radio@radio.com,radio.bj,Grande (>200),B2C,Google Maps,4.2,Actif,2026-06-29T00:15:34.204994,haute
BJ-E0AF6752,Publicité Media Natitingou,Médias & Communication,Natitingou,+229 57 61 80 75,publicité.media.natitingou@publicité.media.natitingou.benin,,PME (50-200),B2B,Google Maps,4.5,Actif,2026-06-29T00:15:34.205015,moyenne
BJ-0533E2C3,TV Radio,Médias & Communication,Natitingou,+229 97 55 58 97,tv.radio@tv.radio.net,tvradio.bj,PME (10-50),B2B,Google Maps,4.0,Actif,2026-06-29T00:15:34.205041,haute
BJ-3D6053D6,Agence Nouvelles,Médias & Communication,Natitingou,+229 67 83 29 55,agence.nouvelles@agence.nouvelles.bj,agencenouvelles.bj,TPE (<10),B2C,Google Maps,4.7,Actif,2026-06-29T00:15:34.205058,haute
BJ-39256E3E,Média Média,Médias & Communication,Natitingou,+229 93 54 60 65,média.média@média.média.benin,médiamédia.bj,PME (10-50),B2C,Google Maps,3.8,Actif,2026-06-29T00:15:34.205073,haute
BJ-25A6757D,Journal Communication,Médias & Communication,Lokossa,+229 42 87 40 31,journal.communication@journal.communication.net,journalcommunication.bj,Grande (>200),B2B,Google Maps,3.7,Actif,2026-06-29T00:15:34.205092,haute
BJ-64C34EE5,Journal Communication Media,Médias & Communication,Lokossa,+229 70 10 74 60,,,PME (50-200),B2C,Google Maps,3.6,Actif,2026-06-29T00:15:34.205147,basse
BJ-151E3251,Média Actualité News,Médias & Communication,Ouidah,+229 42 41 95 42,,médiaactualiténews.bj,PME (50-200),B2B,Google Maps,3.3,Actif,2026-06-29T00:15:34.205166,moyenne
BJ-9E80CEA9,Information Africa,Médias & Communication,Ouidah,+229 72 42 14 47,,informationafrica.bj,PME (50-200),B2B,Google Maps,3.4,Actif,2026-06-29T00:15:34.205179,moyenne
BJ-BC801AB3,Média Radio,Médias & Communication,Ouidah,+229 56 32 87 23,,médiaradio.bj,PME (50-200),B2B,Google Maps,3.4,Actif,2026-06-29T00:15:34.205192,moyenne
BJ-C584573B,Communication Press Ouidah,Médias & Communication,Ouidah,+229 29 34 70 87,communication.press.ouidah@communication.press.ouidah.net,,TPE (<10),B2B,Google Maps,3.4,Actif,2026-06-29T00:15:34.205218,moyenne
BJ-08E8E722,National Media,Médias & Communication,Savalou,+229 79 48 14 60,national.media@national.media.bj,nationalmedia.bj,PME (50-200),B2B,Google Maps,4.6,Actif,2026-06-29T00:15:34.205254,haute
BJ-DBDAC96C,Presse International,Médias & Communication,Savalou,+229 59 63 62 39,presse.international@presse.international.net,presseinternational.bj,TPE (<10),B2C,Google Maps,4.2,Actif,2026-06-29T00:15:34.205288,haute
BJ-43A29130,Journal Publicité,Médias & Communication,Savalou,+229 98 75 10 60,journal.publicité@journal.publicité.benin,journalpublicité.bj,TPE (<10),B2B,Google Maps,4.4,Actif,2026-06-29T00:15:34.205303,haute
BJ-3D51F519,Média Communication,Médias & Communication,Dassa-Zoumè,+229 31 16 34 39,média.communication@média.communication.bj,médiacommunication.bj,PME (10-50),B2B,Google Maps,3.1,Actif,2026-06-29T00:15:34.205323,haute
BJ-0F0A524B,Presse,Médias & Communication,Dassa-Zoumè,+229 53 63 17 18,presse@presse.com,presse.bj,TPE (<10),B2B,Google Maps,4.8,Actif,2026-06-29T00:15:34.205350,haute
BJ-ADF6D3E5,Média TV,Médias & Communication,Dassa-Zoumè,+229 76 49 19 69,,médiatv.bj,PME (50-200),B2B,Google Maps,3.4,Actif,2026-06-29T00:15:34.205363,moyenne
BJ-6FD261EC,Communication Média Dassa-Zoumè,Médias & Communication,Dassa-Zoumè,+229 74 16 85 75,communication.média.dassazoumè@communication.média.dassazoumè.bj,communicationmédiadassazoumè.bj,TPE (<10),B2B,Google Maps,4.1,Actif,2026-06-29T00:15:34.205379,haute
BJ-5E737332,Communication National News,Médias & Communication,Kétou,+229 72 95 92 92,communication.national.news@communication.national.news.net,,PME (50-200),B2B,Google Maps,4.6,Actif,2026-06-29T00:15:34.205398,moyenne
BJ-5E7FE9FD,Radio Africa,Médias & Communication,Kétou,+229 37 21 12 75,radio.africa@radio.africa.net,radioafrica.bj,PME (50-200),B2C,Google Maps,4.2,Actif,2026-06-29T00:15:34.205415,haute
BJ-160ACAC2,National,Médias & Communication,Kétou,+229 40 16 43 22,national@national.bj,national.bj,PME (50-200),B2C,Google Maps,3.8,Actif,2026-06-29T00:15:34.205429,haute
BJ-F10705FE,TV International Bénin,Médias & Communication,Kétou,+229 67 25 91 33,tv.international.bénin@tv.international.bénin.net,tvinternationalbénin.bj,TPE (<10),B2B,Google Maps,3.6,Actif,2026-06-29T00:15:34.205444,haute
BJ-E392084A,Journal Télévision,Médias & Communication,Kétou,+229 84 53 87 51,journal.télévision@journal.télévision.org,,PME (50-200),B2C,Google Maps,4.0,Actif,2026-06-29T00:15:34.205457,moyenne
BJ-50DA3D81,Radio Liberté Radio,Médias & Communication,Covè,+229 31 96 38 57,,radiolibertéradio.bj,PME (10-50),B2B,Google Maps,5.0,Actif,2026-06-29T00:15:34.205476,moyenne
BJ-86ED3DC1,Publicité Radio Covè,Médias & Communication,Covè,+229 64 56 37 50,,,Grande (>200),B2B,Google Maps,4.3,Actif,2026-06-29T00:15:34.205489,basse
BJ-59AE3CF3,Radio,Médias & Communication,Covè,+229 36 56 10 14,radio@radio.benin,radio.bj,PME (10-50),B2C,Google Maps,4.0,Actif,2026-06-29T00:15:34.205503,haute
BJ-E2293CF9,Média Covè,Médias & Communication,Covè,+229 82 28 51 58,média.covè@média.covè.org,médiacovè.bj,PME (10-50),B2C,Google Maps,4.6,Actif,2026-06-29T00:15:34.205517,haute
BJ-F204FE35,Publicité Media,Médias & Communication,Covè,+229 26 33 31 44,publicité.media@publicité.media.bj,publicitémedia.bj,TPE (<10),B2C,Google Maps,4.1,Actif,2026-06-29T00:15:34.205531,haute
BJ-DEA4FF98,TV International,Médias & Communication,Pobè,+229 32 14 20 67,tv.international@tv.international.benin,tvinternational.bj,Grande (>200),B2B,Google Maps,3.6,Actif,2026-06-29T00:15:34.205554,haute
BJ-842A1DBF,Média Média Press,Médias & Communication,Pobè,+229 20 17 70 33,média.média.press@média.média.press.com,médiamédiapress.bj,PME (50-200),B2B,Google Maps,3.3,Actif,2026-06-29T00:15:34.205575,haute
BJ-62D987A0,Journal Démocratie Bénin,Médias & Communication,Pobè,+229 76 42 13 76,journal.démocratie.bénin@journal.démocratie.bénin.org,,PME (50-200),B2B,Google Maps,3.8,Actif,2026-06-29T00:15:34.205606,moyenne
BJ-83DFD9FE,Communication Africa,Médias & Communication,Pobè,+229 78 70 71 14,,communicationafrica.bj,PME (50-200),B2B,Google Maps,3.1,Actif,2026-06-29T00:15:34.205618,moyenne
BJ-762E7C2D,Journal Journal,Médias & Communication,Pobè,+229 42 10 92 96,,journaljournal.bj,Grande (>200),B2C,Google Maps,3.6,Actif,2026-06-29T00:15:34.205631,moyenne
BJ-F820F10C,Radio Africa,Médias & Communication,Sakété,+229 98 69 39 29,radio.africa@radio.africa.benin,radioafrica.bj,PME (10-50),B2B,Google Maps,4.7,Actif,2026-06-29T00:15:34.205650,haute
BJ-3EEC636A,Média Presse,Médias & Communication,Sakété,+229 43 55 41 11,média.presse@média.presse.net,,TPE (<10),B2B,Google Maps,4.5,Actif,2026-06-29T00:15:34.205667,moyenne
BJ-02EEB324,Journal Journal Sakété,Médias & Communication,Sakété,+229 30 97 38 54,,journaljournalsakété.bj,PME (10-50),B2C,Google Maps,4.2,Actif,2026-06-29T00:15:34.205693,moyenne
BJ-9FF10063,Presse,Médias & Communication,Sakété,+229 60 72 32 11,,,PME (50-200),B2B,Google Maps,4.0,Actif,2026-06-29T00:15:34.205705,basse
BJ-1256A704,Agence Communication Media,Médias & Communication,Adjara,+229 84 88 75 77,agence.communication.media@agence.communication.media.com,agencecommunicationmedia.bj,TPE (<10),B2C,Google Maps,3.6,Actif,2026-06-29T00:15:34.205744,haute
BJ-3A7120AC,International TV,Médias & Communication,Adjara,+229 93 31 43 37,international.tv@international.tv.bj,,TPE (<10),B2C,Google Maps,3.3,Actif,2026-06-29T00:15:34.205757,moyenne
BJ-128B0FF8,National Bénin,Médias & Communication,Adjara,+229 96 22 33 26,,nationalbénin.bj,TPE (<10),B2C,Google Maps,4.6,Actif,2026-06-29T00:15:34.205770,moyenne
BJ-6A7386A2,Journal Press,Médias & Communication,Adjara,+229 96 80 25 22,journal.press@journal.press.org,journalpress.bj,TPE (<10),B2C,Google Maps,3.4,Actif,2026-06-29T00:15:34.205783,haute
BJ-7500E9E2,Journal News Allada,Médias & Communication,Allada,+229 56 96 69 19,,journalnewsallada.bj,TPE (<10),B2B,Google Maps,4.9,Actif,2026-06-29T00:15:34.205804,moyenne
BJ-F17BB70D,Média News,Médias & Communication,Allada,+229 59 22 27 95,média.news@média.news.bj,médianews.bj,PME (10-50),B2B,Google Maps,3.3,Actif,2026-06-29T00:15:34.205819,haute
BJ-26072A7C,Radio Télévision,Médias & Communication,Allada,+229 87 64 13 51,radio.télévision@radio.télévision.org,radiotélévision.bj,PME (10-50),B2C,Google Maps,4.9,Actif,2026-06-29T00:15:34.205833,haute
BJ-410CF3E6,Télévision Media,Médias & Communication,Allada,+229 52 27 61 59,télévision.media@télévision.media.com,télévisionmedia.bj,PME (10-50),B2B,Google Maps,4.2,Actif,2026-06-29T00:15:34.205846,haute
BJ-BBE0BF82,Nouvelles Bénin,Médias & Communication,Aplahoué,+229 41 94 24 68,nouvelles.bénin@nouvelles.bénin.bj,nouvellesbénin.bj,TPE (<10),B2C,Google Maps,4.1,Actif,2026-06-29T00:15:34.205881,haute
BJ-D2564522,Presse,Médias & Communication,Aplahoué,+229 28 79 81 42,presse@presse.com,presse.bj,PME (10-50),B2B,Google Maps,3.3,Actif,2026-06-29T00:15:34.205912,haute
BJ-C5AAA669,Média Liberté Press Aplahoué,Médias & Communication,Aplahoué,+229 72 44 45 26,média.liberté.press.aplahoué@média.liberté.press.aplahoué.com,médialibertépressaplahoué.bj,Grande (>200),B2C,Google Maps,4.4,Actif,2026-06-29T00:15:34.205944,haute
BJ-E43BF7C2,Presse International Communication,Médias & Communication,Dogbo-Tota,+229 66 91 53 14,,presseinternationalcommunication.bj,TPE (<10),B2B,Google Maps,3.1,Actif,2026-06-29T00:15:34.205977,moyenne
BJ-B1875EAB,Presse Nouvelles Communication,Médias & Communication,Dogbo-Tota,+229 86 41 37 83,,pressenouvellescommunication.bj,PME (50-200),B2B,Google Maps,4.7,Actif,2026-06-29T00:15:34.205990,moyenne
BJ-876F8972,Nouvelles Radio,Médias & Communication,Dogbo-Tota,+229 90 92 76 92,nouvelles.radio@nouvelles.radio.benin,nouvellesradio.bj,PME (10-50),B2C,Google Maps,4.2,Actif,2026-06-29T00:15:34.206011,haute
BJ-ABD85DC6,Radio Communication Bénin Dogbo-Tota,Médias & Communication,Dogbo-Tota,+229 93 84 55 72,radio.communication.bénin.dogbotota@radio.communication.bénin.dogbotota.bj,radiocommunicationbénindogbotota.bj,Grande (>200),B2B,Google Maps,4.3,Actif,2026-06-29T00:15:34.206037,haute
BJ-21D5D64A,Communication Communication,Médias & Communication,Dogbo-Tota,+229 70 61 62 93,,communicationcommunication.bj,PME (10-50),B2B,Google Maps,3.1,Actif,2026-06-29T00:15:34.206066,moyenne
BJ-AB5A7C39,Radio,Médias & Communication,Kpomassè,+229 54 25 74 85,radio@radio.benin,radio.bj,PME (10-50),B2B,Google Maps,4.0,Actif,2026-06-29T00:15:34.206110,haute
BJ-43CB9DCA,Radio Liberté Media,Médias & Communication,Kpomassè,+229 74 69 66 43,radio.liberté.media@radio.liberté.media.benin,,PME (10-50),B2C,Google Maps,3.3,Actif,2026-06-29T00:15:34.206158,moyenne
BJ-18A27FCA,Presse Journal Kpomassè,Médias & Communication,Kpomassè,+229 42 59 26 39,,pressejournalkpomassè.bj,TPE (<10),B2C,Google Maps,4.2,Actif,2026-06-29T00:15:34.206201,moyenne
BJ-F0796616,Information Media,Médias & Communication,Kpomassè,+229 47 85 60 30,,,PME (10-50),B2B,Google Maps,4.8,Actif,2026-06-29T00:15:34.206260,basse
BJ-4A139D81,Communication Nouvelles,Médias & Communication,Tori-Bossito,+229 84 66 32 56,communication.nouvelles@communication.nouvelles.org,communicationnouvelles.bj,Grande (>200),B2C,Google Maps,3.4,Actif,2026-06-29T00:15:34.206300,haute
BJ-D3007BF5,Radio TV,Médias & Communication,Tori-Bossito,+229 60 76 35 77,radio.tv@radio.tv.bj,radiotv.bj,PME (10-50),B2C,Google Maps,3.6,Actif,2026-06-29T00:15:34.206330,haute
BJ-A39DB4FF,Actualité,Médias & Communication,Tori-Bossito,+229 28 62 35 87,,actualité.bj,PME (10-50),B2B,Google Maps,4.0,Actif,2026-06-29T00:15:34.206387,moyenne
BJ-4215C83C,Journal Télévision Media,Médias & Communication,Tori-Bossito,+229 92 64 79 27,,journaltélévisionmedia.bj,TPE (<10),B2B,Google Maps,3.1,Actif,2026-06-29T00:15:34.206416,moyenne
BJ-94D0F3E7,Actualité Press,Médias & Communication,Grand-Popo,+229 59 25 82 92,,actualitépress.bj,PME (10-50),B2C,Google Maps,4.8,Actif,2026-06-29T00:15:34.206453,moyenne
BJ-D6D287E7,Communication Télévision Media,Médias & Communication,Grand-Popo,+229 71 39 38 80,communication.télévision.media@communication.télévision.media.net,communicationtélévisionmedia.bj,TPE (<10),B2C,Google Maps,4.5,Actif,2026-06-29T00:15:34.206487,haute
BJ-FA48761A,Presse National TV,Médias & Communication,Grand-Popo,+229 66 68 63 15,,pressenationaltv.bj,Grande (>200),B2B,Google Maps,4.8,Actif,2026-06-29T00:15:34.206516,moyenne
BJ-1CCA888B,Média Liberté Press Grand-Popo,Médias & Communication,Grand-Popo,+229 34 73 62 93,média.liberté.press.grandpopo@média.liberté.press.grandpopo.com,médialibertépressgrandpopo.bj,TPE (<10),B2B,Google Maps,4.8,Actif,2026-06-29T00:15:34.206550,haute
BJ-7B0CA181,Radio Radio,Médias & Communication,Athiémé,+229 36 31 93 71,radio.radio@radio.radio.benin,radioradio.bj,PME (10-50),B2C,Google Maps,4.4,Actif,2026-06-29T00:15:34.206633,haute
BJ-2AB4F7F2,Presse Radio TV,Médias & Communication,Athiémé,+229 26 80 76 84,,presseradiotv.bj,PME (50-200),B2C,Google Maps,3.1,Actif,2026-06-29T00:15:34.206657,moyenne
BJ-BD9DCA09,Radio National,Médias & Communication,Athiémé,+229 30 20 16 10,radio.national@radio.national.com,,PME (10-50),B2C,Google Maps,3.6,Actif,2026-06-29T00:15:34.206678,moyenne
BJ-DF5FB1AB,International,Médias & Communication,Athiémé,+229 91 59 64 41,,international.bj,PME (10-50),B2C,Google Maps,4.7,Actif,2026-06-29T00:15:34.206692,moyenne
BJ-2760CBB0,Journal Communication Athiémé,Médias & Communication,Athiémé,+229 88 67 18 87,,journalcommunicationathiémé.bj,TPE (<10),B2B,Google Maps,4.8,Actif,2026-06-29T00:15:34.206706,moyenne
BJ-A98CBB24,Radio Media,Médias & Communication,Bopa,+229 55 37 16 38,radio.media@radio.media.net,radiomedia.bj,TPE (<10),B2C,Google Maps,4.2,Actif,2026-06-29T00:15:34.206728,haute
BJ-1047A711,TV International TV,Médias & Communication,Bopa,+229 59 12 27 94,,tvinternationaltv.bj,TPE (<10),B2C,Google Maps,3.0,Actif,2026-06-29T00:15:34.206744,moyenne
BJ-C56F7E53,Journal Média Bopa,Médias & Communication,Bopa,+229 21 83 52 28,,journalmédiabopa.bj,PME (50-200),B2C,Google Maps,4.5,Actif,2026-06-29T00:15:34.206759,moyenne
BJ-4BA5D9E0,TV Publicité Bopa,Médias & Communication,Bopa,+229 81 49 94 25,tv.publicité.bopa@tv.publicité.bopa.org,tvpublicitébopa.bj,PME (50-200),B2C,Google Maps,4.4,Actif,2026-06-29T00:15:34.206774,haute
BJ-248EAC37,International News,Médias & Communication,Bopa,+229 68 87 86 89,international.news@international.news.bj,internationalnews.bj,PME (10-50),B2B,Google Maps,3.3,Actif,2026-06-29T00:15:34.206792,haute
BJ-72580FDE,Presse,Médias & Communication,Houéyogbé,+229 66 99 18 97,presse@presse.com,,TPE (<10),B2B,Google Maps,4.2,Actif,2026-06-29T00:15:34.206811,moyenne
BJ-C0A68BCA,Journal Communication Houéyogbé,Médias & Communication,Houéyogbé,+229 97 11 64 24,journal.communication.houéyogbé@journal.communication.houéyogbé.bj,journalcommunicationhouéyogbé.bj,PME (10-50),B2C,Google Maps,3.2,Actif,2026-06-29T00:15:34.206839,haute
BJ-526A3AE7,Presse Démocratie Radio Houéyogbé,Médias & Communication,Houéyogbé,+229 53 63 72 91,presse.démocratie.radio.houéyogbé@presse.démocratie.radio.houéyogbé.com,pressedémocratieradiohouéyogbé.bj,TPE (<10),B2B,Google Maps,3.5,Actif,2026-06-29T00:15:34.206854,haute
BJ-F89027AE,TV National Press,Médias & Communication,Houéyogbé,+229 55 96 39 94,tv.national.press@tv.national.press.com,tvnationalpress.bj,PME (50-200),B2C,Google Maps,3.2,Actif,2026-06-29T00:15:34.206868,haute
BJ-5A8B6E51,Presse Journal,Médias & Communication,Malanville,+229 22 11 44 80,,,PME (10-50),B2B,Google Maps,4.2,Actif,2026-06-29T00:15:34.206886,basse
BJ-42EB542C,Démocratie Malanville,Médias & Communication,Malanville,+229 44 47 50 93,démocratie.malanville@démocratie.malanville.benin,démocratiemalanville.bj,PME (50-200),B2B,Google Maps,4.5,Actif,2026-06-29T00:15:34.206921,haute
BJ-1E784620,Démocratie TV,Médias & Communication,Malanville,+229 94 33 55 75,démocratie.tv@démocratie.tv.bj,démocratietv.bj,PME (10-50),B2C,Google Maps,4.1,Actif,2026-06-29T00:15:34.206938,haute
BJ-5AD5A42C,Presse National Communication Malanville,Médias & Communication,Malanville,+229 78 87 77 91,presse.national.communication.malanville@presse.national.communication.malanville.net,pressenationalcommunicationmalanville.bj,PME (10-50),B2B,Google Maps,3.3,Actif,2026-06-29T00:15:34.206952,haute
BJ-DA40A197,National Communication,Médias & Communication,Malanville,+229 57 47 75 35,,nationalcommunication.bj,TPE (<10),B2C,Google Maps,4.0,Actif,2026-06-29T00:15:34.206982,moyenne
BJ-39F9FA80,Presse Presse Bénin,Médias & Communication,Kandi,+229 55 49 79 57,presse.presse.bénin@presse.presse.bénin.bj,,PME (50-200),B2C,Google Maps,3.1,Actif,2026-06-29T00:15:34.207031,moyenne
BJ-0617910F,Communication Radio,Médias & Communication,Kandi,+229 66 19 97 99,communication.radio@communication.radio.net,communicationradio.bj,PME (10-50),B2B,Google Maps,4.7,Actif,2026-06-29T00:15:34.207064,haute
BJ-BCB719FA,Presse Bénin Kandi,Médias & Communication,Kandi,+229 37 21 87 66,presse.bénin.kandi@presse.bénin.kandi.com,,PME (50-200),B2C,Google Maps,4.2,Actif,2026-06-29T00:15:34.207126,moyenne
BJ-5AEEEC62,Communication Démocratie News,Médias & Communication,Kandi,+229 64 89 37 19,communication.démocratie.news@communication.démocratie.news.org,communicationdémocratienews.bj,PME (10-50),B2C,Google Maps,4.9,Actif,2026-06-29T00:15:34.207158,haute
BJ-83D7991E,Démocratie Media,Médias & Communication,Banikoara,+229 61 79 87 79,démocratie.media@démocratie.media.benin,démocratiemedia.bj,PME (10-50),B2B,Google Maps,4.6,Actif,2026-06-29T00:15:34.207238,haute
BJ-6A72E2E8,Actualité,Médias & Communication,Banikoara,+229 23 76 83 74,actualité@actualité.benin,actualité.bj,PME (10-50),B2C,Google Maps,5.0,Actif,2026-06-29T00:15:34.207272,haute
BJ-AB99A071,Presse Nouvelles,Médias & Communication,Banikoara,+229 54 76 88 43,,,Grande (>200),B2C,Google Maps,3.8,Actif,2026-06-29T00:15:34.207300,basse
BJ-FF895A11,Radio,Médias & Communication,Banikoara,+229 83 34 13 11,radio@radio.net,,TPE (<10),B2C,Google Maps,3.2,Actif,2026-06-29T00:15:34.207327,moyenne
BJ-3E7C318A,Presse Nouvelles TV,Médias & Communication,Ségbana,+229 79 72 80 93,presse.nouvelles.tv@presse.nouvelles.tv.net,,PME (10-50),B2B,Google Maps,5.0,Actif,2026-06-29T00:15:34.207365,moyenne
BJ-A28B4DBF,Radio Télévision,Médias & Communication,Ségbana,+229 60 79 86 67,,,PME (50-200),B2B,Google Maps,3.4,Actif,2026-06-29T00:15:34.207434,basse
BJ-237BC152,Presse Presse Press Ségbana,Médias & Communication,Ségbana,+229 42 29 83 67,presse.presse.press.ségbana@presse.presse.press.ségbana.org,pressepressepressségbana.bj,PME (50-200),B2B,Google Maps,4.6,Actif,2026-06-29T00:15:34.207450,haute
BJ-935A2B34,Journal,Médias & Communication,Karimama,+229 70 28 89 50,,journal.bj,Grande (>200),B2B,Google Maps,3.8,Actif,2026-06-29T00:15:34.207471,moyenne
BJ-746576B2,TV Télévision,Médias & Communication,Karimama,+229 30 71 13 53,,tvtélévision.bj,Grande (>200),B2C,Google Maps,4.8,Actif,2026-06-29T00:15:34.207490,moyenne
BJ-7EA7EC83,TV Nouvelles Press Karimama,Médias & Communication,Karimama,+229 46 61 28 78,tv.nouvelles.press.karimama@tv.nouvelles.press.karimama.net,tvnouvellespresskarimama.bj,Grande (>200),B2C,Google Maps,3.7,Actif,2026-06-29T00:15:34.207508,haute
BJ-EDF4F4E7,Média Presse,Médias & Communication,Karimama,+229 39 74 30 93,média.presse@média.presse.bj,médiapresse.bj,PME (10-50),B2C,Google Maps,4.0,Actif,2026-06-29T00:15:34.207526,haute
BJ-F8BF7393,Média Presse Radio,Médias & Communication,Karimama,+229 60 99 62 66,média.presse.radio@média.presse.radio.bj,,Grande (>200),B2B,Google Maps,3.5,Actif,2026-06-29T00:15:34.207540,moyenne
BJ-701E2D20,Presse Information,Médias & Communication,Gogounou,+229 39 30 63 29,,presseinformation.bj,PME (10-50),B2B,Google Maps,4.5,Actif,2026-06-29T00:15:34.207561,moyenne
BJ-6F216F40,Média Démocratie Bénin,Médias & Communication,Gogounou,+229 28 79 50 58,,,Grande (>200),B2C,Google Maps,4.3,Actif,2026-06-29T00:15:34.207577,basse
BJ-65F3B953,TV Média TV,Médias & Communication,Gogounou,+229 70 83 95 10,tv.média.tv@tv.média.tv.net,tvmédiatv.bj,TPE (<10),B2C,Google Maps,3.8,Actif,2026-06-29T00:15:34.207591,haute
BJ-67ACB3C5,Nouvelles TV,Médias & Communication,Gogounou,+229 33 92 33 27,,,PME (50-200),B2C,Google Maps,3.2,Actif,2026-06-29T00:15:34.207603,basse
BJ-67A5A787,Média,Médias & Communication,Cobly,+229 46 93 71 76,média@média.benin,média.bj,PME (10-50),B2C,Google Maps,3.4,Actif,2026-06-29T00:15:34.207637,haute
BJ-3D1B741F,Presse,Médias & Communication,Cobly,+229 28 65 45 19,,presse.bj,Grande (>200),B2C,Google Maps,4.2,Actif,2026-06-29T00:15:34.207667,moyenne
BJ-1EB7EE45,Radio Télévision Communication,Médias & Communication,Cobly,+229 27 22 68 75,,radiotélévisioncommunication.bj,PME (10-50),B2C,Google Maps,3.8,Actif,2026-06-29T00:15:34.207681,moyenne
BJ-79F521C1,Radio Press,Médias & Communication,Cobly,+229 36 69 45 63,,radiopress.bj,PME (10-50),B2B,Google Maps,4.8,Actif,2026-06-29T00:15:34.207694,moyenne
BJ-861035B2,Publicité,Médias & Communication,Tanguiéta,+229 65 75 81 14,publicité@publicité.benin,publicité.bj,PME (10-50),B2C,Google Maps,4.5,Actif,2026-06-29T00:15:34.207725,haute
BJ-7DC7232F,Radio National News Tanguiéta,Médias & Communication,Tanguiéta,+229 59 25 54 89,,radionationalnewstanguiéta.bj,PME (50-200),B2B,Google Maps,3.9,Actif,2026-06-29T00:15:34.207738,moyenne
BJ-FE3F5AB3,Journal Média TV,Médias & Communication,Tanguiéta,+229 51 89 89 40,,journalmédiatv.bj,PME (50-200),B2C,Google Maps,3.6,Actif,2026-06-29T00:15:34.207751,moyenne
BJ-4D7424A8,Média Communication Tanguiéta,Médias & Communication,Tanguiéta,+229 88 73 69 56,,médiacommunicationtanguiéta.bj,TPE (<10),B2C,Google Maps,4.1,Actif,2026-06-29T00:15:34.207771,moyenne
BJ-C49D3899,Journal Presse News,Médias & Communication,Matéri,+229 86 60 36 85,journal.presse.news@journal.presse.news.net,journalpressenews.bj,TPE (<10),B2B,Google Maps,3.7,Actif,2026-06-29T00:15:34.207790,haute
BJ-0793E120,Nouvelles TV Matéri,Médias & Communication,Matéri,+229 24 40 23 19,nouvelles.tv.matéri@nouvelles.tv.matéri.bj,nouvellestvmatéri.bj,PME (50-200),B2C,Google Maps,3.1,Actif,2026-06-29T00:15:34.207808,haute
BJ-7F83733F,Radio Radio Africa,Médias & Communication,Matéri,+229 88 13 73 34,radio.radio.africa@radio.radio.africa.net,radioradioafrica.bj,TPE (<10),B2B,Google Maps,4.5,Actif,2026-06-29T00:15:34.207822,haute
BJ-4EF97E48,Média Télévision News Matéri,Médias & Communication,Matéri,+229 50 70 11 39,,médiatélévisionnewsmatéri.bj,TPE (<10),B2C,Google Maps,4.2,Actif,2026-06-29T00:15:34.207835,moyenne
BJ-8903D911,Agence Nouvelles TV,Médias & Communication,Natitingou,+229 65 67 93 91,agence.nouvelles.tv@agence.nouvelles.tv.benin,agencenouvellestv.bj,Grande (>200),B2C,Google Maps,3.5,Actif,2026-06-29T00:15:34.207869,haute
BJ-BBDA396D,Journal Liberté Bénin,Médias & Communication,Natitingou,+229 20 92 40 52,journal.liberté.bénin@journal.liberté.bénin.com,journallibertébénin.bj,TPE (<10),B2C,Google Maps,4.9,Actif,2026-06-29T00:15:34.207884,haute
BJ-BD4B39BD,National Natitingou,Médias & Communication,Natitingou,+229 36 33 23 74,,nationalnatitingou.bj,TPE (<10),B2B,Google Maps,4.1,Actif,2026-06-29T00:15:34.207910,moyenne
BJ-57FFD7D5,Journal Media,Médias & Communication,Natitingou,+229 24 23 30 66,journal.media@journal.media.bj,journalmedia.bj,PME (10-50),B2B,Google Maps,4.6,Actif,2026-06-29T00:15:34.207924,haute
BJ-DAAC6835,Communication Démocratie Bénin Natitingou,Médias & Communication,Natitingou,+229 95 40 45 57,communication.démocratie.bénin.natitingou@communication.démocratie.bénin.natitingou.benin,communicationdémocratiebéninnatitingou.bj,PME (10-50),B2C,Google Maps,4.7,Actif,2026-06-29T00:15:34.207941,haute
BJ-C0166D3D,Communication Télévision Press,Médias & Communication,Toucountouna,+229 86 30 99 69,communication.télévision.press@communication.télévision.press.benin,communicationtélévisionpress.bj,PME (10-50),B2B,Google Maps,4.1,Actif,2026-06-29T00:15:34.207961,haute
BJ-97403798,Information TV,Médias & Communication,Toucountouna,+229 64 54 59 15,information.tv@information.tv.org,informationtv.bj,PME (10-50),B2C,Google Maps,3.6,Actif,2026-06-29T00:15:34.207981,haute
BJ-9E839ABF,Liberté,Médias & Communication,Toucountouna,+229 42 80 62 32,liberté@liberté.net,liberté.bj,TPE (<10),B2C,Google Maps,4.9,Actif,2026-06-29T00:15:34.207995,haute
BJ-55DD3D9B,Radio Nouvelles Communication Toucountouna,Médias & Communication,Toucountouna,+229 43 20 98 94,radio.nouvelles.communication.toucountouna@radio.nouvelles.communication.toucountouna.bj,radionouvellescommunicationtoucountouna.bj,TPE (<10),B2B,Google Maps,4.2,Actif,2026-06-29T00:15:34.208009,haute
BJ-8B2B3591,Média National,Médias & Communication,Toucountouna,+229 40 57 32 80,média.national@média.national.com,médianational.bj,PME (10-50),B2B,Google Maps,3.5,Actif,2026-06-29T00:15:34.208026,haute
BJ-24008479,National News,Médias & Communication,Boukoumbé,+229 43 37 18 18,national.news@national.news.benin,nationalnews.bj,PME (10-50),B2B,Google Maps,3.2,Actif,2026-06-29T00:15:34.208045,haute
BJ-90B0124C,Journal Liberté TV Boukoumbé,Médias & Communication,Boukoumbé,+229 75 50 91 31,journal.liberté.tv.boukoumbé@journal.liberté.tv.boukoumbé.net,,TPE (<10),B2B,Google Maps,4.6,Actif,2026-06-29T00:15:34.208059,moyenne
BJ-F154EB56,Radio Presse News,Médias & Communication,Boukoumbé,+229 82 33 46 34,radio.presse.news@radio.presse.news.net,radiopressenews.bj,TPE (<10),B2C,Google Maps,3.9,Actif,2026-06-29T00:15:34.208073,haute
BJ-1F688767,Information Africa Boukoumbé,Médias & Communication,Boukoumbé,+229 59 64 87 55,information.africa.boukoumbé@information.africa.boukoumbé.bj,informationafricaboukoumbé.bj,PME (10-50),B2B,Google Maps,3.9,Actif,2026-06-29T00:15:34.208087,haute
BJ-DEDB85C5,Actualité News,Médias & Communication,Boukoumbé,+229 76 84 61 40,actualité.news@actualité.news.bj,actualiténews.bj,TPE (<10),B2B,Google Maps,4.4,Actif,2026-06-29T00:15:34.208101,haute
BJ-4832A43D,Démocratie Media Kouandé,Médias & Communication,Kouandé,+229 86 33 75 36,,démocratiemediakouandé.bj,TPE (<10),B2B,Google Maps,3.2,Actif,2026-06-29T00:15:34.208122,moyenne
BJ-09C1AAFA,Radio,Médias & Communication,Kouandé,+229 40 59 62 15,radio@radio.org,radio.bj,PME (10-50),B2B,Google Maps,4.4,Actif,2026-06-29T00:15:34.208139,haute
BJ-92CC2AE2,Publicité Media,Médias & Communication,Kouandé,+229 78 53 59 19,publicité.media@publicité.media.org,,TPE (<10),B2C,Google Maps,4.4,Actif,2026-06-29T00:15:34.208154,moyenne
BJ-163FE054,Média Média,Médias & Communication,Kouandé,+229 23 99 26 10,média.média@média.média.bj,médiamédia.bj,TPE (<10),B2C,Google Maps,4.1,Actif,2026-06-29T00:15:34.208168,haute
BJ-BB8E5E03,TV Actualité Radio,Médias & Communication,Kouandé,+229 91 15 93 40,tv.actualité.radio@tv.actualité.radio.net,tvactualitéradio.bj,TPE (<10),B2B,Google Maps,3.1,Actif,2026-06-29T00:15:34.208182,haute
BJ-72CD3809,Liberté Africa,Médias & Communication,Péhunco,+229 25 78 91 29,,libertéafrica.bj,PME (10-50),B2C,Google Maps,3.3,Actif,2026-06-29T00:15:34.208200,moyenne
BJ-D39177A3,Communication Démocratie Bénin Péhunco,Médias & Communication,Péhunco,+229 53 20 47 76,,communicationdémocratiebéninpéhunco.bj,PME (10-50),B2C,Google Maps,3.1,Actif,2026-06-29T00:15:34.208214,moyenne
BJ-8FF6AF81,Radio Radio,Médias & Communication,Péhunco,+229 73 27 64 30,,,TPE (<10),B2C,Google Maps,3.2,Actif,2026-06-29T00:15:34.208225,basse
BJ-75060AFA,Presse Information,Médias & Communication,Péhunco,+229 56 65 78 69,presse.information@presse.information.net,presseinformation.bj,TPE (<10),B2B,Google Maps,3.8,Actif,2026-06-29T00:15:34.208238,haute
BJ-99EBD91A,Presse Communication Péhunco,Médias & Communication,Péhunco,+229 42 55 59 61,,pressecommunicationpéhunco.bj,PME (10-50),B2C,Google Maps,3.5,Actif,2026-06-29T00:15:34.208251,moyenne
BJ-C8EBC454,Média Nouvelles News,Médias & Communication,Tchaourou,+229 47 38 86 58,,médianouvellesnews.bj,TPE (<10),B2C,Google Maps,3.1,Actif,2026-06-29T00:15:34.208269,moyenne
BJ-707FB573,Nouvelles News Tchaourou,Médias & Communication,Tchaourou,+229 65 32 30 19,,,PME (10-50),B2C,Google Maps,4.9,Actif,2026-06-29T00:15:34.208316,basse
BJ-4B32D885,Agence Démocratie News Tchaourou,Médias & Communication,Tchaourou,+229 74 43 59 66,,,PME (10-50),B2C,Google Maps,3.3,Actif,2026-06-29T00:15:34.208328,basse
BJ-6872B2AA,Média Media,Médias & Communication,Nikki,+229 93 63 52 90,média.media@média.media.bj,médiamedia.bj,PME (10-50),B2C,Google Maps,3.9,Actif,2026-06-29T00:15:34.208351,haute
BJ-937DDF9A,Journal News,Médias & Communication,Nikki,+229 49 22 32 68,journal.news@journal.news.net,journalnews.bj,PME (50-200),B2C,Google Maps,3.7,Actif,2026-06-29T00:15:34.208365,haute
BJ-998682CF,TV Communication Press,Médias & Communication,Nikki,+229 84 35 48 80,tv.communication.press@tv.communication.press.bj,tvcommunicationpress.bj,TPE (<10),B2C,Google Maps,4.7,Actif,2026-06-29T00:15:34.208379,haute
BJ-121F8C54,Journal Média Africa,Médias & Communication,Nikki,+229 63 26 13 16,,journalmédiaafrica.bj,PME (10-50),B2C,Google Maps,4.7,Actif,2026-06-29T00:15:34.208391,moyenne
BJ-93C264D7,Liberté Radio,Médias & Communication,Nikki,+229 54 48 32 63,,,TPE (<10),B2C,Google Maps,4.3,Actif,2026-06-29T00:15:34.208403,basse
BJ-A7359C65,Communication Communication Press Bembéréké,Médias & Communication,Bembéréké,+229 91 83 89 19,communication.communication.press.bembéréké@communication.communication.press.bembéréké.benin,,TPE (<10),B2B,Google Maps,4.9,Actif,2026-06-29T00:15:34.208424,moyenne
BJ-9B200CB9,Radio Presse,Médias & Communication,Bembéréké,+229 73 91 94 20,,radiopresse.bj,TPE (<10),B2C,Google Maps,3.3,Actif,2026-06-29T00:15:34.208441,moyenne
BJ-878CC839,Radio Media,Médias & Communication,Bembéréké,+229 41 84 68 73,radio.media@radio.media.bj,radiomedia.bj,TPE (<10),B2B,Google Maps,4.3,Actif,2026-06-29T00:15:34.208454,haute
BJ-CA8B5799,Média Télévision,Médias & Communication,Bembéréké,+229 28 85 94 82,,médiatélévision.bj,PME (10-50),B2C,Google Maps,3.3,Actif,2026-06-29T00:15:34.208479,moyenne
BJ-F8BCA543,Information News,Médias & Communication,Kalalé,+229 33 97 58 78,information.news@information.news.net,informationnews.bj,PME (10-50),B2B,Google Maps,3.3,Actif,2026-06-29T00:15:34.208503,haute
BJ-D196E5F3,Presse National TV Kalalé,Médias & Communication,Kalalé,+229 83 49 93 99,presse.national.tv.kalalé@presse.national.tv.kalalé.benin,pressenationaltvkalalé.bj,PME (10-50),B2B,Google Maps,3.3,Actif,2026-06-29T00:15:34.208518,haute
BJ-4BEEAD72,Nouvelles Communication,Médias & Communication,Kalalé,+229 61 80 43 52,nouvelles.communication@nouvelles.communication.bj,nouvellescommunication.bj,TPE (<10),B2B,Google Maps,4.7,Actif,2026-06-29T00:15:34.208535,haute
BJ-33CCFC8B,Presse Presse Press,Médias & Communication,Kalalé,+229 31 28 44 64,presse.presse.press@presse.presse.press.org,pressepressepress.bj,Grande (>200),B2B,Google Maps,3.1,Actif,2026-06-29T00:15:34.208549,haute
BJ-B583B907,Télévision,Médias & Communication,Kalalé,+229 99 30 40 10,télévision@télévision.com,télévision.bj,PME (50-200),B2C,Google Maps,4.9,Actif,2026-06-29T00:15:34.208563,haute
BJ-3A6B9876,Télévision Media Ndali,Médias & Communication,Ndali,+229 29 83 20 54,télévision.media.ndali@télévision.media.ndali.bj,télévisionmediandali.bj,PME (10-50),B2C,Google Maps,3.1,Actif,2026-06-29T00:15:34.208583,haute
BJ-B159C835,Radio Liberté,Médias & Communication,Ndali,+229 77 41 88 48,radio.liberté@radio.liberté.bj,radioliberté.bj,TPE (<10),B2B,Google Maps,3.8,Actif,2026-06-29T00:15:34.208600,haute
BJ-4181AF3D,Radio Information TV Ndali,Médias & Communication,Ndali,+229 47 54 68 65,,,PME (10-50),B2C,Google Maps,3.0,Actif,2026-06-29T00:15:34.208613,basse
BJ-F64934F7,Média Radio Media,Médias & Communication,Ndali,+229 69 50 49 61,média.radio.media@média.radio.media.benin,,TPE (<10),B2C,Google Maps,3.6,Actif,2026-06-29T00:15:34.208626,moyenne
BJ-C2438516,Télévision Communication,Médias & Communication,Ndali,+229 80 38 12 36,,,TPE (<10),B2B,Google Maps,4.3,Actif,2026-06-29T00:15:34.208638,basse
BJ-D22C7375,Information Media,Médias & Communication,Ségbana,+229 32 50 27 25,information.media@information.media.org,informationmedia.bj,TPE (<10),B2B,Google Maps,3.5,Actif,2026-06-29T00:15:34.208656,haute
BJ-13D1C34D,Agence Démocratie Communication,Médias & Communication,Ségbana,+229 98 19 26 86,agence.démocratie.communication@agence.démocratie.communication.org,agencedémocratiecommunication.bj,TPE (<10),B2B,Google Maps,4.3,Actif,2026-06-29T00:15:34.208671,haute
BJ-0AFCC2B1,Télévision Ségbana,Médias & Communication,Ségbana,+229 27 84 78 74,télévision.ségbana@télévision.ségbana.com,télévisionségbana.bj,PME (10-50),B2B,Google Maps,4.6,Actif,2026-06-29T00:15:34.208685,haute
BJ-BE4164F0,National Press,Médias & Communication,Tchaourou,+229 55 58 78 11,national.press@national.press.benin,nationalpress.bj,PME (10-50),B2C,Google Maps,3.2,Actif,2026-06-29T00:15:34.208749,haute
BJ-265792B5,Journal TV,Médias & Communication,Tchaourou,+229 96 42 75 96,journal.tv@journal.tv.com,,TPE (<10),B2C,Google Maps,4.6,Actif,2026-06-29T00:15:34.208785,moyenne
BJ-43FFBCD5,Liberté Radio,Médias & Communication,Tchaourou,+229 91 97 44 99,liberté.radio@liberté.radio.org,libertéradio.bj,PME (10-50),B2B,Google Maps,3.8,Actif,2026-06-29T00:15:34.208799,haute
BJ-7AA3BB28,Journal TV,Médias & Communication,Bétérou,+229 33 34 67 44,,journaltv.bj,PME (10-50),B2B,Google Maps,4.9,Actif,2026-06-29T00:15:34.208821,moyenne
BJ-FCA028B7,Communication TV,Médias & Communication,Bétérou,+229 27 85 34 45,communication.tv@communication.tv.bj,communicationtv.bj,TPE (<10),B2C,Google Maps,5.0,Actif,2026-06-29T00:15:34.208836,haute
BJ-BB47A84D,Média Africa,Médias & Communication,Bétérou,+229 93 85 32 60,média.africa@média.africa.bj,médiaafrica.bj,TPE (<10),B2B,Google Maps,5.0,Actif,2026-06-29T00:15:34.208862,haute
BJ-B55D6ED7,TV Média News Bétérou,Médias & Communication,Bétérou,+229 35 57 46 53,tv.média.news.bétérou@tv.média.news.bétérou.org,tvmédianewsbétérou.bj,PME (10-50),B2C,Google Maps,3.4,Actif,2026-06-29T00:15:34.208876,haute
BJ-DEE2D041,International Radio,Médias & Communication,Ouessè,+229 79 24 97 49,,internationalradio.bj,PME (10-50),B2C,Google Maps,4.0,Actif,2026-06-29T00:15:34.208909,moyenne
BJ-9BB8DED8,Presse Communication News,Médias & Communication,Ouessè,+229 26 37 33 98,,pressecommunicationnews.bj,PME (10-50),B2B,Google Maps,3.2,Actif,2026-06-29T00:15:34.208941,moyenne
BJ-59E6BB0D,Agence Liberté,Médias & Communication,Ouessè,+229 23 89 57 46,agence.liberté@agence.liberté.com,agenceliberté.bj,TPE (<10),B2C,Google Maps,4.6,Actif,2026-06-29T00:15:34.208971,haute
BJ-FD55E7C5,Agence Démocratie,Médias & Communication,Ouessè,+229 62 21 79 82,agence.démocratie@agence.démocratie.net,agencedémocratie.bj,TPE (<10),B2B,Google Maps,4.9,Actif,2026-06-29T00:15:34.209002,haute
BJ-775B2F22,Communication Nouvelles Bénin Ouessè,Médias & Communication,Ouessè,+229 80 95 52 69,,communicationnouvellesbéninouessè.bj,TPE (<10),B2B,Google Maps,3.6,Actif,2026-06-29T00:15:34.209038,moyenne
BJ-94189E1E,Radio,Médias & Communication,Glazoué,+229 77 87 48 96,radio@radio.benin,radio.bj,TPE (<10),B2C,Google Maps,3.5,Actif,2026-06-29T00:15:34.209076,haute
BJ-9DC0C889,Liberté News,Médias & Communication,Glazoué,+229 43 35 57 41,liberté.news@liberté.news.org,,PME (50-200),B2C,Google Maps,3.0,Actif,2026-06-29T00:15:34.209112,moyenne
BJ-DBFDE609,Journal Communication Africa,Médias & Communication,Glazoué,+229 88 76 70 59,,journalcommunicationafrica.bj,PME (10-50),B2B,Google Maps,3.2,Actif,2026-06-29T00:15:34.209145,moyenne
BJ-85F2FB7E,Média Radio Press,Médias & Communication,Glazoué,+229 60 39 67 12,média.radio.press@média.radio.press.bj,médiaradiopress.bj,PME (10-50),B2B,Google Maps,3.2,Actif,2026-06-29T00:15:34.209164,haute
BJ-C082F688,National Press,Médias & Communication,Glazoué,+229 38 55 68 86,,,PME (10-50),B2C,Google Maps,3.7,Actif,2026-06-29T00:15:34.209177,basse
BJ-F43365E9,Média Dassa-Zoumè,Médias & Communication,Dassa-Zoumè,+229 45 90 18 97,média.dassazoumè@média.dassazoumè.com,,PME (10-50),B2B,Google Maps,4.2,Actif,2026-06-29T00:15:34.209205,moyenne
BJ-FA95C492,Média Bénin,Médias & Communication,Dassa-Zoumè,+229 22 33 15 79,,médiabénin.bj,TPE (<10),B2B,Google Maps,3.3,Actif,2026-06-29T00:15:34.209223,moyenne
BJ-EFA30A6D,Presse Presse Communication,Médias & Communication,Dassa-Zoumè,+229 26 25 12 96,,pressepressecommunication.bj,PME (50-200),B2B,Google Maps,3.2,Actif,2026-06-29T00:15:34.209240,moyenne
BJ-17DB10A0,TV National Bénin,Médias & Communication,Dassa-Zoumè,+229 52 54 36 55,tv.national.bénin@tv.national.bénin.benin,tvnationalbénin.bj,PME (10-50),B2C,Google Maps,3.8,Actif,2026-06-29T00:15:34.209254,haute
BJ-EA26E750,Communication Radio,Médias & Communication,Dassa-Zoumè,+229 81 59 94 81,communication.radio@communication.radio.net,communicationradio.bj,PME (10-50),B2B,Google Maps,3.2,Actif,2026-06-29T00:15:34.209268,haute
BJ-FC96FECD,Radio Média Radio,Médias & Communication,Savalou,+229 99 22 50 72,,radiomédiaradio.bj,TPE (<10),B2B,Google Maps,3.8,Actif,2026-06-29T00:15:34.209287,moyenne
BJ-FA206485,Journal Télévision,Médias & Communication,Savalou,+229 24 71 19 72,journal.télévision@journal.télévision.org,journaltélévision.bj,TPE (<10),B2B,Google Maps,4.0,Actif,2026-06-29T00:15:34.209328,haute
BJ-9818B4A7,International Africa,Médias & Communication,Bantè,+229 26 80 99 96,international.africa@international.africa.benin,internationalafrica.bj,PME (50-200),B2B,Google Maps,4.9,Actif,2026-06-29T00:15:34.209361,haute
BJ-67C67E59,Journal Press Bantè,Médias & Communication,Bantè,+229 97 71 96 70,,journalpressbantè.bj,PME (10-50),B2B,Google Maps,3.5,Actif,2026-06-29T00:15:34.209377,moyenne
BJ-0197CBAF,Radio Liberté News,Médias & Communication,Bantè,+229 21 20 83 76,,,TPE (<10),B2B,Google Maps,4.1,Actif,2026-06-29T00:15:34.209389,basse
BJ-0C20B95D,Média News,Médias & Communication,Bantè,+229 25 62 92 25,média.news@média.news.com,médianews.bj,Grande (>200),B2C,Google Maps,3.2,Actif,2026-06-29T00:15:34.209403,haute
BJ-325B306A,Radio Liberté Africa,Médias & Communication,Bantè,+229 99 96 96 19,radio.liberté.africa@radio.liberté.africa.com,radiolibertéafrica.bj,PME (50-200),B2B,Google Maps,3.1,Actif,2026-06-29T00:15:34.209417,haute
BJ-2AE81DDF,National,Médias & Communication,Djougou,+229 72 95 84 54,,national.bj,Grande (>200),B2B,Google Maps,4.1,Actif,2026-06-29T00:15:34.209435,moyenne
BJ-E819B56E,Radio Média News Djougou,Médias & Communication,Djougou,+229 63 63 92 87,radio.média.news.djougou@radio.média.news.djougou.org,radiomédianewsdjougou.bj,PME (50-200),B2B,Google Maps,3.2,Actif,2026-06-29T00:15:34.209449,haute
BJ-AD35A5DC,Journal Publicité Djougou,Médias & Communication,Djougou,+229 34 36 39 57,journal.publicité.djougou@journal.publicité.djougou.net,journalpublicitédjougou.bj,PME (10-50),B2B,Google Maps,3.6,Actif,2026-06-29T00:15:34.209464,haute
BJ-44E87B3C,TV Démocratie TV,Médias & Communication,Djougou,+229 31 41 34 42,tv.démocratie.tv@tv.démocratie.tv.benin,tvdémocratietv.bj,PME (10-50),B2B,Google Maps,3.5,Actif,2026-06-29T00:15:34.209478,haute
BJ-A3F871F6,Information,Médias & Communication,Djougou,+229 86 59 19 94,information@information.com,information.bj,TPE (<10),B2C,Google Maps,4.9,Actif,2026-06-29T00:15:34.209495,haute
BJ-562D7ACC,Journal Télévision Ouèssè,Médias & Communication,Ouèssè,+229 27 16 49 93,journal.télévision.ouèssè@journal.télévision.ouèssè.org,journaltélévisionouèssè.bj,PME (10-50),B2C,Google Maps,3.8,Actif,2026-06-29T00:15:34.209515,haute
BJ-AC8EABF0,Journal Journal Bénin,Médias & Communication,Ouèssè,+229 58 83 88 86,,journaljournalbénin.bj,PME (50-200),B2B,Google Maps,4.5,Actif,2026-06-29T00:15:34.209531,moyenne
BJ-35AFE904,Radio Bénin Ouèssè,Médias & Communication,Ouèssè,+229 71 99 48 61,radio.bénin.ouèssè@radio.bénin.ouèssè.benin,radiobéninouèssè.bj,TPE (<10),B2B,Google Maps,4.0,Actif,2026-06-29T00:15:34.209562,haute
BJ-42030894,Démocratie Media,Médias & Communication,Ouèssè,+229 73 30 85 87,démocratie.media@démocratie.media.net,démocratiemedia.bj,PME (10-50),B2B,Google Maps,3.5,Actif,2026-06-29T00:15:34.209576,haute
BJ-473CCF12,Radio,Médias & Communication,Bassila,+229 80 69 52 42,,radio.bj,PME (10-50),B2B,Google Maps,4.7,Actif,2026-06-29T00:15:34.209595,moyenne
BJ-7604ED6D,Agence Télévision Bassila,Médias & Communication,Bassila,+229 75 35 86 49,,agencetélévisionbassila.bj,TPE (<10),B2B,Google Maps,3.0,Actif,2026-06-29T00:15:34.209608,moyenne
BJ-F5941D71,Démocratie,Médias & Communication,Bassila,+229 82 13 54 81,,démocratie.bj,TPE (<10),B2C,Google Maps,4.1,Actif,2026-06-29T00:15:34.209621,moyenne
BJ-5DCAA00A,National Media,Médias & Communication,Bassila,+229 73 50 44 72,national.media@national.media.com,,PME (50-200),B2B,Google Maps,4.1,Actif,2026-06-29T00:15:34.209633,moyenne
BJ-667D65C1,Actualité Communication,Médias & Communication,Bassila,+229 65 95 47 72,actualité.communication@actualité.communication.bj,,PME (10-50),B2B,Google Maps,4.4,Actif,2026-06-29T00:15:34.209646,moyenne
BJ-369A4D6C,Agence National,Médias & Communication,Pehunco,+229 88 43 32 83,,agencenational.bj,PME (10-50),B2B,Google Maps,4.9,Actif,2026-06-29T00:15:34.209668,moyenne
BJ-1379697E,Média Communication,Médias & Communication,Pehunco,+229 48 28 12 15,média.communication@média.communication.bj,médiacommunication.bj,PME (10-50),B2C,Google Maps,4.3,Actif,2026-06-29T00:15:34.209685,haute
BJ-07CB0F24,Média Journal Media,Médias & Communication,Pehunco,+229 76 77 27 21,média.journal.media@média.journal.media.benin,médiajournalmedia.bj,Grande (>200),B2B,Google Maps,3.4,Actif,2026-06-29T00:15:34.209700,haute
BJ-2AA8A23F,Information,Médias & Communication,Pehunco,+229 69 67 78 50,information@information.org,information.bj,TPE (<10),B2C,Google Maps,3.8,Actif,2026-06-29T00:15:34.209713,haute
BJ-2D1948D5,Agence Actualité News Pehunco,Médias & Communication,Pehunco,+229 66 95 34 51,,agenceactualiténewspehunco.bj,TPE (<10),B2B,Google Maps,4.9,Actif,2026-06-29T00:15:34.209726,moyenne
BJ-52A9DB6B,Radio Media,Médias & Communication,Copargo,+229 96 56 92 26,radio.media@radio.media.benin,radiomedia.bj,PME (10-50),B2C,Google Maps,3.3,Actif,2026-06-29T00:15:34.209749,haute
BJ-706AEE25,Média International,Médias & Communication,Copargo,+229 77 79 94 45,média.international@média.international.org,,PME (50-200),B2C,Google Maps,4.1,Actif,2026-06-29T00:15:34.209763,moyenne
BJ-C001FA8C,Agence International Bénin,Médias & Communication,Copargo,+229 94 33 73 34,agence.international.bénin@agence.international.bénin.bj,agenceinternationalbénin.bj,PME (50-200),B2C,Google Maps,4.4,Actif,2026-06-29T00:15:34.209781,haute
BJ-E0CD97C7,Journal International,Médias & Communication,Copargo,+229 49 43 68 37,journal.international@journal.international.org,journalinternational.bj,TPE (<10),B2B,Google Maps,4.5,Actif,2026-06-29T00:15:34.209795,haute
BJ-CFCEF513,TV Nouvelles,Médias & Communication,Copargo,+229 23 29 97 38,,,TPE (<10),B2B,Google Maps,3.4,Actif,2026-06-29T00:15:34.209807,basse
BJ-20F0C7BD,Société Santé,ONG & Associations,Cotonou,+229 45 44 60 43,,,PME (10-50),B2B,Google Maps,3.9,Actif,2026-06-29T00:15:34.209826,basse
BJ-D10D1365,Humanitaire Fondation,ONG & Associations,Cotonou,+229 63 29 95 25,humanitaire.fondation@humanitaire.fondation.org,,PME (10-50),B2B,Google Maps,4.9,Actif,2026-06-29T00:15:34.209855,moyenne
BJ-022AA07D,ONG Environnement,ONG & Associations,Cotonou,+229 78 35 87 12,ong.environnement@ong.environnement.org,,TPE (<10),B2B,Google Maps,4.3,Actif,2026-06-29T00:15:34.209867,moyenne
BJ-44105A07,Société Sport,ONG & Associations,Cotonou,+229 24 83 45 58,,,PME (10-50),B2C,Google Maps,3.0,Actif,2026-06-29T00:15:34.209879,basse
BJ-0C7F02E7,Association Développement,ONG & Associations,Abomey-Calavi,+229 46 77 18 71,,,TPE (<10),B2B,Google Maps,3.8,Actif,2026-06-29T00:15:34.209917,basse
BJ-01A56E2B,Sport Africa,ONG & Associations,Abomey-Calavi,+229 87 88 98 17,sport.africa@sport.africa.org,,TPE (<10),B2B,Google Maps,3.8,Actif,2026-06-29T00:15:34.209940,moyenne
BJ-EAD1D126,Société Humanitaire Organisation Abomey-Calavi,ONG & Associations,Abomey-Calavi,+229 80 99 20 90,société.humanitaire.organisation.abomeycalavi@société.humanitaire.organisation.abomeycalavi.net,sociétéhumanitaireorganisationabomeycalavi.bj,TPE (<10),B2C,Google Maps,4.8,Actif,2026-06-29T00:15:34.209957,haute
BJ-D3DD038B,Fondation Éducation,ONG & Associations,Abomey-Calavi,+229 24 31 58 15,fondation.éducation@fondation.éducation.com,,TPE (<10),B2C,Google Maps,4.8,Actif,2026-06-29T00:15:34.209971,moyenne
BJ-231A92A7,Femme,ONG & Associations,Abomey-Calavi,+229 77 82 86 76,femme@femme.bj,femme.bj,Grande (>200),B2C,Google Maps,4.6,Actif,2026-06-29T00:15:34.209984,haute
BJ-18FAFE96,Société Environnement Association,ONG & Associations,Porto-Novo,+229 64 69 80 36,société.environnement.association@société.environnement.association.com,,PME (10-50),B2B,Google Maps,3.8,Actif,2026-06-29T00:15:34.210009,moyenne
BJ-76E91614,ONG Sport,ONG & Associations,Porto-Novo,+229 75 82 68 35,,,TPE (<10),B2C,Google Maps,3.3,Actif,2026-06-29T00:15:34.210025,basse
BJ-1E469600,ONG Sport Fondation,ONG & Associations,Porto-Novo,+229 40 64 65 68,ong.sport.fondation@ong.sport.fondation.bj,,Grande (>200),B2C,Google Maps,3.3,Actif,2026-06-29T00:15:34.210039,moyenne
BJ-9ECD4B3A,ONG Droits,ONG & Associations,Porto-Novo,+229 93 20 35 70,,,TPE (<10),B2C,Google Maps,5.0,Actif,2026-06-29T00:15:34.210053,basse
BJ-77262755,Club Santé,ONG & Associations,Porto-Novo,+229 70 48 98 11,club.santé@club.santé.bj,,PME (10-50),B2C,Google Maps,3.2,Actif,2026-06-29T00:15:34.210067,moyenne
BJ-C5E13438,Organisation Droits Association Parakou,ONG & Associations,Parakou,+229 51 45 19 54,organisation.droits.association.parakou@organisation.droits.association.parakou.com,,PME (50-200),B2C,Google Maps,4.2,Actif,2026-06-29T00:15:34.210086,moyenne
BJ-F0987B65,Club Santé,ONG & Associations,Parakou,+229 90 75 58 41,,clubsanté.bj,Grande (>200),B2B,Google Maps,4.1,Actif,2026-06-29T00:15:34.210099,moyenne
BJ-8A30A00D,Femme International,ONG & Associations,Parakou,+229 35 19 53 93,,,PME (50-200),B2C,Google Maps,3.1,Actif,2026-06-29T00:15:34.210111,basse
BJ-876E68EA,Fondation Humanitaire,ONG & Associations,Parakou,+229 69 62 28 31,,fondationhumanitaire.bj,PME (10-50),B2C,Google Maps,4.8,Actif,2026-06-29T00:15:34.210126,moyenne
BJ-7A1E9DB2,Société Humanitaire,ONG & Associations,Parakou,+229 49 52 93 63,société.humanitaire@société.humanitaire.com,,PME (10-50),B2B,Google Maps,4.3,Actif,2026-06-29T00:15:34.210140,moyenne
BJ-8B7196D5,Association Environnement,ONG & Associations,Bohicon,+229 68 74 26 95,association.environnement@association.environnement.net,,PME (50-200),B2C,Google Maps,3.9,Actif,2026-06-29T00:15:34.210158,moyenne
BJ-3BC5D264,Club Enfant Africa,ONG & Associations,Bohicon,+229 27 19 21 77,,,TPE (<10),B2C,Google Maps,3.4,Actif,2026-06-29T00:15:34.210173,basse
BJ-19CC5E51,Enfant Bénin,ONG & Associations,Bohicon,+229 47 60 98 63,,,PME (50-200),B2C,Google Maps,4.2,Actif,2026-06-29T00:15:34.210185,basse
BJ-EA0CED12,Fondation Éducation,ONG & Associations,Bohicon,+229 94 27 53 30,,,PME (10-50),B2C,Google Maps,4.3,Actif,2026-06-29T00:15:34.210197,basse
BJ-EB9DAA96,Aide Organisation,ONG & Associations,Bohicon,+229 80 84 38 54,,aideorganisation.bj,TPE (<10),B2B,Google Maps,4.5,Actif,2026-06-29T00:15:34.210209,moyenne
BJ-7367FBDD,Club Culture International Natitingou,ONG & Associations,Natitingou,+229 40 37 44 83,,clubcultureinternationalnatitingou.bj,TPE (<10),B2C,Google Maps,4.9,Actif,2026-06-29T00:15:34.210227,moyenne
BJ-6780D97C,Femme Fondation,ONG & Associations,Natitingou,+229 57 80 18 87,femme.fondation@femme.fondation.net,,TPE (<10),B2B,Google Maps,4.5,Actif,2026-06-29T00:15:34.210240,moyenne
BJ-DB71D8AA,Culture Fondation,ONG & Associations,Natitingou,+229 95 66 41 14,,,TPE (<10),B2B,Google Maps,3.5,Actif,2026-06-29T00:15:34.210265,basse
BJ-91B2394F,Développement Natitingou,ONG & Associations,Natitingou,+229 94 96 47 57,développement.natitingou@développement.natitingou.bj,,Grande (>200),B2C,Google Maps,4.6,Actif,2026-06-29T00:15:34.210278,moyenne
BJ-D2E93421,Jeunesse ONG,ONG & Associations,Lokossa,+229 29 53 73 23,jeunesse.ong@jeunesse.ong.net,,PME (50-200),B2C,Google Maps,4.3,Actif,2026-06-29T00:15:34.210296,moyenne
BJ-7C76518C,Social,ONG & Associations,Lokossa,+229 52 83 94 67,social@social.org,,PME (50-200),B2C,Google Maps,3.8,Actif,2026-06-29T00:15:34.210315,moyenne
BJ-3D0607C9,Club Éducation Organisation,ONG & Associations,Lokossa,+229 86 96 78 61,,,TPE (<10),B2C,Google Maps,3.4,Actif,2026-06-29T00:15:34.210327,basse
BJ-D24D9563,ONG Sport,ONG & Associations,Lokossa,+229 44 13 33 77,,,Grande (>200),B2C,Google Maps,4.1,Actif,2026-06-29T00:15:34.210340,basse
BJ-496D9F20,Solidarité Lokossa,ONG & Associations,Lokossa,+229 35 60 71 45,,solidaritélokossa.bj,TPE (<10),B2B,Google Maps,4.0,Actif,2026-06-29T00:15:34.210353,moyenne
BJ-DA7C0499,Jeunesse Ouidah,ONG & Associations,Ouidah,+229 28 86 25 76,jeunesse.ouidah@jeunesse.ouidah.org,,PME (10-50),B2B,Google Maps,5.0,Actif,2026-06-29T00:15:34.210371,moyenne
BJ-9B8CC948,ONG Culture,ONG & Associations,Ouidah,+229 98 75 18 47,ong.culture@ong.culture.org,ongculture.bj,PME (10-50),B2C,Google Maps,5.0,Actif,2026-06-29T00:15:34.210385,haute
BJ-5D78CD7D,Organisation Solidarité,ONG & Associations,Ouidah,+229 43 92 16 69,organisation.solidarité@organisation.solidarité.benin,,Grande (>200),B2B,Google Maps,3.1,Actif,2026-06-29T00:15:34.210401,moyenne
BJ-5ACCF12B,Société Jeunesse,ONG & Associations,Ouidah,+229 34 55 19 60,société.jeunesse@société.jeunesse.org,sociétéjeunesse.bj,PME (50-200),B2C,Google Maps,3.7,Actif,2026-06-29T00:15:34.210416,haute
BJ-40E3FEE6,Aide ONG,ONG & Associations,Ouidah,+229 81 37 10 51,,,TPE (<10),B2C,Google Maps,4.3,Actif,2026-06-29T00:15:34.210427,basse
BJ-6C760972,Société Enfant ONG,ONG & Associations,Savalou,+229 53 36 54 48,société.enfant.ong@société.enfant.ong.net,,PME (10-50),B2C,Google Maps,4.3,Actif,2026-06-29T00:15:34.210446,moyenne
BJ-E3A1C9E6,Société Humanitaire Africa,ONG & Associations,Savalou,+229 75 37 64 70,,sociétéhumanitaireafrica.bj,TPE (<10),B2B,Google Maps,4.5,Actif,2026-06-29T00:15:34.210462,moyenne
BJ-03A213D1,ONG Environnement International,ONG & Associations,Savalou,+229 83 20 34 48,,ongenvironnementinternational.bj,TPE (<10),B2B,Google Maps,3.4,Actif,2026-06-29T00:15:34.210487,moyenne
BJ-97E427C9,ONG Jeunesse Fondation,ONG & Associations,Savalou,+229 68 69 68 36,ong.jeunesse.fondation@ong.jeunesse.fondation.org,,PME (10-50),B2B,Google Maps,3.4,Actif,2026-06-29T00:15:34.210499,moyenne
BJ-A34E91FA,Fondation Enfant,ONG & Associations,Dassa-Zoumè,+229 46 35 45 82,fondation.enfant@fondation.enfant.bj,,TPE (<10),B2C,Google Maps,3.3,Actif,2026-06-29T00:15:34.210517,moyenne
BJ-9719F9B0,Culture,ONG & Associations,Dassa-Zoumè,+229 22 98 90 96,culture@culture.org,,TPE (<10),B2C,Google Maps,3.9,Actif,2026-06-29T00:15:34.210530,moyenne
BJ-E8C57DC8,Société Droits,ONG & Associations,Dassa-Zoumè,+229 84 85 66 49,société.droits@société.droits.net,sociétédroits.bj,TPE (<10),B2C,Google Maps,3.5,Actif,2026-06-29T00:15:34.210545,haute
BJ-6B50EF1C,Organisation Jeunesse Bénin,ONG & Associations,Dassa-Zoumè,+229 66 12 53 35,organisation.jeunesse.bénin@organisation.jeunesse.bénin.org,,PME (50-200),B2C,Google Maps,4.0,Actif,2026-06-29T00:15:34.210561,moyenne
BJ-36980A1D,Social Dassa-Zoumè,ONG & Associations,Dassa-Zoumè,+229 94 71 76 78,social.dassazoumè@social.dassazoumè.benin,,PME (10-50),B2C,Google Maps,4.1,Actif,2026-06-29T00:15:34.210575,moyenne
BJ-EEC94B41,Développement Kétou,ONG & Associations,Kétou,+229 37 86 42 90,,développementkétou.bj,TPE (<10),B2C,Google Maps,3.6,Actif,2026-06-29T00:15:34.210607,moyenne
BJ-CC8EEB7D,Club Développement,ONG & Associations,Kétou,+229 40 69 63 39,,clubdéveloppement.bj,PME (10-50),B2C,Google Maps,3.1,Actif,2026-06-29T00:15:34.210622,moyenne
BJ-5EE7D8F0,Fondation Aide,ONG & Associations,Kétou,+229 49 86 43 78,,,PME (50-200),B2B,Google Maps,4.7,Actif,2026-06-29T00:15:34.210634,basse
BJ-4F5EB41F,Santé,ONG & Associations,Kétou,+229 79 30 80 34,santé@santé.benin,,PME (10-50),B2B,Google Maps,4.8,Actif,2026-06-29T00:15:34.210646,moyenne
BJ-54009418,Femme Kétou,ONG & Associations,Kétou,+229 80 64 47 60,femme.kétou@femme.kétou.com,,TPE (<10),B2C,Google Maps,4.6,Actif,2026-06-29T00:15:34.210659,moyenne
BJ-3E707A1B,Club Sport Association,ONG & Associations,Covè,+229 74 11 34 89,club.sport.association@club.sport.association.net,,TPE (<10),B2B,Google Maps,3.6,Actif,2026-06-29T00:15:34.210677,moyenne
BJ-56992EB4,Société Éducation,ONG & Associations,Covè,+229 27 16 54 62,société.éducation@société.éducation.org,sociétééducation.bj,PME (10-50),B2B,Google Maps,4.0,Actif,2026-06-29T00:15:34.210690,haute
BJ-3C983B76,Aide Organisation Covè,ONG & Associations,Covè,+229 87 66 63 91,,aideorganisationcovè.bj,PME (10-50),B2C,Google Maps,4.6,Actif,2026-06-29T00:15:34.210703,moyenne
BJ-21D87542,Association Santé,ONG & Associations,Covè,+229 25 54 64 69,association.santé@association.santé.benin,associationsanté.bj,TPE (<10),B2C,Google Maps,4.3,Actif,2026-06-29T00:15:34.210716,haute
BJ-96043B62,Solidarité Organisation,ONG & Associations,Covè,+229 22 98 56 24,solidarité.organisation@solidarité.organisation.org,,Grande (>200),B2C,Google Maps,4.5,Actif,2026-06-29T00:15:34.210728,moyenne
BJ-AB4F9472,Enfant,ONG & Associations,Pobè,+229 92 36 65 94,,,TPE (<10),B2B,Google Maps,3.2,Actif,2026-06-29T00:15:34.210744,basse
BJ-CF3B07A0,Club Aide Association,ONG & Associations,Pobè,+229 47 88 88 27,,clubaideassociation.bj,TPE (<10),B2B,Google Maps,4.5,Actif,2026-06-29T00:15:34.210759,moyenne
BJ-E2570FD7,Société Aide,ONG & Associations,Pobè,+229 90 81 71 35,,,Grande (>200),B2C,Google Maps,4.8,Actif,2026-06-29T00:15:34.210774,basse
BJ-DFA32E79,Enfant ONG,ONG & Associations,Pobè,+229 83 16 31 97,,,TPE (<10),B2C,Google Maps,3.8,Actif,2026-06-29T00:15:34.210798,basse
BJ-EB6AFD06,Fondation Solidarité,ONG & Associations,Sakété,+229 98 38 59 13,,,TPE (<10),B2C,Google Maps,3.9,Actif,2026-06-29T00:15:34.210816,basse
BJ-3671CB14,Club Éducation Association,ONG & Associations,Sakété,+229 39 59 28 43,club.éducation.association@club.éducation.association.benin,,PME (10-50),B2B,Google Maps,4.2,Actif,2026-06-29T00:15:34.210832,moyenne
BJ-F44C19B3,Fondation Jeunesse Fondation Sakété,ONG & Associations,Sakété,+229 42 63 38 87,,fondationjeunessefondationsakété.bj,TPE (<10),B2B,Google Maps,3.4,Actif,2026-06-29T00:15:34.210848,moyenne
BJ-94956FD3,Organisation Jeunesse Africa Sakété,ONG & Associations,Sakété,+229 98 61 82 48,,,PME (50-200),B2C,Google Maps,4.0,Actif,2026-06-29T00:15:34.210859,basse
BJ-F97AB4D0,Femme,ONG & Associations,Sakété,+229 64 74 65 87,femme@femme.bj,,TPE (<10),B2C,Google Maps,3.8,Actif,2026-06-29T00:15:34.210871,moyenne
BJ-BC20C262,Fondation Humanitaire,ONG & Associations,Adjara,+229 92 17 13 85,,,PME (50-200),B2C,Google Maps,3.7,Actif,2026-06-29T00:15:34.210888,basse
BJ-284D552D,Association Droits ONG Adjara,ONG & Associations,Adjara,+229 83 49 25 51,,,Grande (>200),B2C,Google Maps,3.5,Actif,2026-06-29T00:15:34.210935,basse
BJ-8188EBFB,ONG Sport,ONG & Associations,Adjara,+229 82 80 11 76,,,PME (50-200),B2C,Google Maps,4.5,Actif,2026-06-29T00:15:34.210963,basse
BJ-F46D0B6E,Organisation Social,ONG & Associations,Adjara,+229 92 65 19 27,,organisationsocial.bj,PME (10-50),B2C,Google Maps,3.4,Actif,2026-06-29T00:15:34.210987,moyenne
BJ-28F32A70,Organisation Humanitaire,ONG & Associations,Allada,+229 81 68 40 25,,organisationhumanitaire.bj,TPE (<10),B2C,Google Maps,3.7,Actif,2026-06-29T00:15:34.211017,moyenne
BJ-D8FEA47E,Association Santé Fondation,ONG & Associations,Allada,+229 46 83 17 47,association.santé.fondation@association.santé.fondation.benin,,TPE (<10),B2B,Google Maps,4.0,Actif,2026-06-29T00:15:34.211030,moyenne
BJ-7FE7C31C,Association Jeunesse International,ONG & Associations,Allada,+229 57 94 97 91,association.jeunesse.international@association.jeunesse.international.bj,,PME (10-50),B2B,Google Maps,4.6,Actif,2026-06-29T00:15:34.211053,moyenne
BJ-41C3F892,Droits Association,ONG & Associations,Aplahoué,+229 77 91 21 74,,droitsassociation.bj,TPE (<10),B2B,Google Maps,4.7,Actif,2026-06-29T00:15:34.211070,moyenne
BJ-1BDC1C6E,Santé Organisation,ONG & Associations,Aplahoué,+229 87 93 10 50,,,PME (10-50),B2B,Google Maps,4.8,Actif,2026-06-29T00:15:34.211084,basse
BJ-CBA4FFEF,Fondation Humanitaire,ONG & Associations,Aplahoué,+229 22 89 45 13,,,TPE (<10),B2C,Google Maps,4.0,Actif,2026-06-29T00:15:34.211096,basse
BJ-3B2B868D,Santé Association,ONG & Associations,Aplahoué,+229 90 45 14 44,santé.association@santé.association.benin,,PME (50-200),B2C,Google Maps,4.6,Actif,2026-06-29T00:15:34.211111,moyenne
BJ-62ACB957,Fondation Droits,ONG & Associations,Aplahoué,+229 54 79 13 76,,,TPE (<10),B2B,Google Maps,3.8,Actif,2026-06-29T00:15:34.211122,basse
BJ-96076DD7,Social,ONG & Associations,Dogbo-Tota,+229 62 44 85 28,social@social.org,social.bj,PME (10-50),B2B,Google Maps,5.0,Actif,2026-06-29T00:15:34.211139,haute
BJ-14121B50,Association Sport Dogbo-Tota,ONG & Associations,Dogbo-Tota,+229 66 24 34 27,association.sport.dogbotota@association.sport.dogbotota.com,associationsportdogbotota.bj,Grande (>200),B2C,Google Maps,3.6,Actif,2026-06-29T00:15:34.211153,haute
BJ-8C4C8990,Droits,ONG & Associations,Dogbo-Tota,+229 33 31 22 50,,,TPE (<10),B2B,Google Maps,4.2,Actif,2026-06-29T00:15:34.211164,basse
BJ-383C9914,ONG Sport Dogbo-Tota,ONG & Associations,Dogbo-Tota,+229 87 79 20 44,,,PME (50-200),B2C,Google Maps,4.6,Actif,2026-06-29T00:15:34.211176,basse
BJ-19AB90BC,Jeunesse Organisation,ONG & Associations,Dogbo-Tota,+229 82 64 11 45,jeunesse.organisation@jeunesse.organisation.net,,PME (10-50),B2B,Google Maps,3.5,Actif,2026-06-29T00:15:34.211187,moyenne
BJ-7939EC8A,Association Droits International,ONG & Associations,Kpomassè,+229 52 98 79 27,,,TPE (<10),B2B,Google Maps,4.6,Actif,2026-06-29T00:15:34.211226,basse
BJ-16641D00,Association Culture Kpomassè,ONG & Associations,Kpomassè,+229 73 32 54 73,,,TPE (<10),B2B,Google Maps,4.6,Actif,2026-06-29T00:15:34.211238,basse
BJ-5DBF6DB5,Humanitaire Organisation,ONG & Associations,Kpomassè,+229 32 22 80 32,humanitaire.organisation@humanitaire.organisation.com,humanitaireorganisation.bj,PME (10-50),B2C,Google Maps,3.2,Actif,2026-06-29T00:15:34.211251,haute
BJ-6B209EC5,Organisation Social Bénin,ONG & Associations,Tori-Bossito,+229 70 27 42 49,,organisationsocialbénin.bj,TPE (<10),B2B,Google Maps,4.8,Actif,2026-06-29T00:15:34.211285,moyenne
BJ-AFE9C964,Femme Tori-Bossito,ONG & Associations,Tori-Bossito,+229 39 57 99 84,,,PME (10-50),B2B,Google Maps,3.6,Actif,2026-06-29T00:15:34.211297,basse
BJ-2B0A1A99,Culture Bénin,ONG & Associations,Tori-Bossito,+229 84 47 92 82,culture.bénin@culture.bénin.net,,TPE (<10),B2C,Google Maps,4.4,Actif,2026-06-29T00:15:34.211311,moyenne
BJ-EE5686D3,Sport Fondation,ONG & Associations,Tori-Bossito,+229 79 13 29 63,sport.fondation@sport.fondation.bj,sportfondation.bj,TPE (<10),B2B,Google Maps,3.4,Actif,2026-06-29T00:15:34.211323,haute
BJ-D23E4361,Organisation Enfant,ONG & Associations,Tori-Bossito,+229 35 40 35 75,,,PME (10-50),B2B,Google Maps,4.9,Actif,2026-06-29T00:15:34.211337,basse
BJ-6E925C2B,Femme Grand-Popo,ONG & Associations,Grand-Popo,+229 70 16 28 60,,femmegrandpopo.bj,PME (10-50),B2C,Google Maps,3.6,Actif,2026-06-29T00:15:34.211355,moyenne
BJ-14657225,Organisation Solidarité International Grand-Popo,ONG & Associations,Grand-Popo,+229 43 84 86 53,organisation.solidarité.international.grandpopo@organisation.solidarité.international.grandpopo.bj,,TPE (<10),B2B,Google Maps,3.9,Actif,2026-06-29T00:15:34.211373,moyenne
BJ-8F856049,Droits,ONG & Associations,Grand-Popo,+229 50 16 25 66,droits@droits.com,,PME (10-50),B2B,Google Maps,3.7,Actif,2026-06-29T00:15:34.211398,moyenne
BJ-6544EC71,Fondation Éducation Africa,ONG & Associations,Grand-Popo,+229 23 28 45 55,,fondationéducationafrica.bj,TPE (<10),B2B,Google Maps,3.6,Actif,2026-06-29T00:15:34.211410,moyenne
BJ-1D08D762,Humanitaire Organisation,ONG & Associations,Athiémé,+229 41 90 76 20,,humanitaireorganisation.bj,Grande (>200),B2B,Google Maps,4.4,Actif,2026-06-29T00:15:34.211427,moyenne
BJ-39D5C06F,Société Environnement Africa,ONG & Associations,Athiémé,+229 73 34 66 25,,sociétéenvironnementafrica.bj,TPE (<10),B2C,Google Maps,4.0,Actif,2026-06-29T00:15:34.211440,moyenne
BJ-A3DE6833,Jeunesse ONG,ONG & Associations,Athiémé,+229 48 55 89 23,,,PME (10-50),B2C,Google Maps,3.3,Actif,2026-06-29T00:15:34.211452,basse
BJ-6AC9628E,Association Éducation,ONG & Associations,Athiémé,+229 20 60 68 76,association.éducation@association.éducation.bj,,PME (10-50),B2C,Google Maps,4.2,Actif,2026-06-29T00:15:34.211465,moyenne
BJ-21A2CD10,Santé International Athiémé,ONG & Associations,Athiémé,+229 43 67 87 48,santé.international.athiémé@santé.international.athiémé.net,,TPE (<10),B2C,Google Maps,4.7,Actif,2026-06-29T00:15:34.211477,moyenne
BJ-602D4D64,Association Développement Bopa,ONG & Associations,Bopa,+229 58 26 68 51,,,TPE (<10),B2C,Google Maps,4.7,Actif,2026-06-29T00:15:34.211494,basse
BJ-08EA2079,Société Environnement Fondation,ONG & Associations,Bopa,+229 80 44 18 97,société.environnement.fondation@société.environnement.fondation.bj,sociétéenvironnementfondation.bj,Grande (>200),B2C,Google Maps,3.7,Actif,2026-06-29T00:15:34.211511,haute
BJ-2D622781,Club Éducation Organisation,ONG & Associations,Bopa,+229 55 62 25 49,club.éducation.organisation@club.éducation.organisation.benin,,PME (50-200),B2B,Google Maps,3.4,Actif,2026-06-29T00:15:34.211541,moyenne
BJ-B79159C6,Organisation Santé,ONG & Associations,Houéyogbé,+229 82 66 81 82,,,PME (10-50),B2B,Google Maps,4.1,Actif,2026-06-29T00:15:34.211600,basse
BJ-3C8737B4,Société Environnement,ONG & Associations,Houéyogbé,+229 45 54 93 98,,sociétéenvironnement.bj,TPE (<10),B2C,Google Maps,4.0,Actif,2026-06-29T00:15:34.211637,moyenne
BJ-7D4FA5FD,Culture International,ONG & Associations,Houéyogbé,+229 83 86 25 63,culture.international@culture.international.org,,TPE (<10),B2B,Google Maps,4.2,Actif,2026-06-29T00:15:34.211654,moyenne
BJ-E0A3D0FB,Développement International,ONG & Associations,Houéyogbé,+229 37 64 35 89,,,TPE (<10),B2C,Google Maps,3.9,Actif,2026-06-29T00:15:34.211665,basse
BJ-B13F7478,Organisation Jeunesse International,ONG & Associations,Malanville,+229 88 89 55 47,organisation.jeunesse.international@organisation.jeunesse.international.bj,organisationjeunesseinternational.bj,TPE (<10),B2B,Google Maps,4.9,Actif,2026-06-29T00:15:34.211684,haute
BJ-5C8DF318,Culture,ONG & Associations,Malanville,+229 24 33 33 41,,culture.bj,Grande (>200),B2C,Google Maps,3.2,Actif,2026-06-29T00:15:34.211714,moyenne
BJ-EB5FB60F,Fondation Enfant Malanville,ONG & Associations,Malanville,+229 33 70 38 97,fondation.enfant.malanville@fondation.enfant.malanville.net,,Grande (>200),B2B,Google Maps,4.1,Actif,2026-06-29T00:15:34.211726,moyenne
BJ-4121CF33,Sport Fondation,ONG & Associations,Malanville,+229 62 74 92 21,sport.fondation@sport.fondation.org,sportfondation.bj,Grande (>200),B2B,Google Maps,3.5,Actif,2026-06-29T00:15:34.211739,haute
BJ-3C9EB1E1,Solidarité,ONG & Associations,Kandi,+229 21 37 67 46,,solidarité.bj,TPE (<10),B2C,Google Maps,3.1,Actif,2026-06-29T00:15:34.211760,moyenne
BJ-1F6D407E,Club Droits Kandi,ONG & Associations,Kandi,+229 26 82 26 73,club.droits.kandi@club.droits.kandi.org,,TPE (<10),B2B,Google Maps,3.4,Actif,2026-06-29T00:15:34.211773,moyenne
BJ-E20DA145,Organisation Jeunesse Bénin,ONG & Associations,Kandi,+229 87 64 31 76,organisation.jeunesse.bénin@organisation.jeunesse.bénin.net,organisationjeunessebénin.bj,PME (10-50),B2C,Google Maps,3.9,Actif,2026-06-29T00:15:34.211787,haute
BJ-DEE5D739,Organisation Culture,ONG & Associations,Kandi,+229 33 83 71 60,,,PME (10-50),B2B,Google Maps,3.7,Actif,2026-06-29T00:15:34.211798,basse
BJ-7937FD57,Développement Fondation,ONG & Associations,Kandi,+229 63 57 49 88,développement.fondation@développement.fondation.org,,PME (50-200),B2C,Google Maps,3.3,Actif,2026-06-29T00:15:34.211810,moyenne
BJ-D613043C,Club Éducation Organisation Banikoara,ONG & Associations,Banikoara,+229 82 16 77 43,,,TPE (<10),B2B,Google Maps,4.1,Actif,2026-06-29T00:15:34.211855,basse
BJ-8AE1C18B,Droits,ONG & Associations,Banikoara,+229 27 61 14 24,,,PME (50-200),B2B,Google Maps,3.3,Actif,2026-06-29T00:15:34.211868,basse
BJ-5621ACE4,Solidarité Association,ONG & Associations,Banikoara,+229 41 31 88 68,solidarité.association@solidarité.association.bj,solidaritéassociation.bj,PME (50-200),B2B,Google Maps,3.3,Actif,2026-06-29T00:15:34.211882,haute
BJ-6D514D68,Social Association,ONG & Associations,Ségbana,+229 81 13 86 11,social.association@social.association.benin,socialassociation.bj,PME (10-50),B2C,Google Maps,4.5,Actif,2026-06-29T00:15:34.211928,haute
BJ-EF59398E,Développement,ONG & Associations,Ségbana,+229 34 16 62 26,,développement.bj,TPE (<10),B2C,Google Maps,3.1,Actif,2026-06-29T00:15:34.211942,moyenne
BJ-D645A9B2,Culture International,ONG & Associations,Ségbana,+229 78 14 25 18,,cultureinternational.bj,Grande (>200),B2C,Google Maps,4.6,Actif,2026-06-29T00:15:34.211970,moyenne
BJ-68787183,Société Développement Ségbana,ONG & Associations,Ségbana,+229 45 69 95 25,société.développement.ségbana@société.développement.ségbana.bj,,TPE (<10),B2B,Google Maps,4.9,Actif,2026-06-29T00:15:34.211983,moyenne
BJ-290F8292,Association Culture,ONG & Associations,Ségbana,+229 44 92 76 54,,,TPE (<10),B2B,Google Maps,4.9,Actif,2026-06-29T00:15:34.211993,basse
BJ-64B5DEF3,Enfant,ONG & Associations,Karimama,+229 73 47 99 53,,enfant.bj,PME (10-50),B2B,Google Maps,4.6,Actif,2026-06-29T00:15:34.212028,moyenne
BJ-135CC51B,Association Développement,ONG & Associations,Karimama,+229 26 78 16 21,association.développement@association.développement.bj,,PME (10-50),B2C,Google Maps,3.7,Actif,2026-06-29T00:15:34.212041,moyenne
BJ-4E5722F2,Solidarité International,ONG & Associations,Karimama,+229 66 85 39 45,solidarité.international@solidarité.international.bj,,TPE (<10),B2C,Google Maps,3.4,Actif,2026-06-29T00:15:34.212066,moyenne
BJ-76AE2C19,Organisation Humanitaire Africa,ONG & Associations,Gogounou,+229 94 52 64 55,,,TPE (<10),B2C,Google Maps,3.4,Actif,2026-06-29T00:15:34.212082,basse
BJ-AB05CEF5,Solidarité ONG,ONG & Associations,Gogounou,+229 36 69 65 71,solidarité.ong@solidarité.ong.benin,,PME (10-50),B2B,Google Maps,4.6,Actif,2026-06-29T00:15:34.212095,moyenne
BJ-031733AC,Société Éducation ONG,ONG & Associations,Gogounou,+229 22 91 51 87,société.éducation.ong@société.éducation.ong.org,,PME (10-50),B2C,Google Maps,3.8,Actif,2026-06-29T00:15:34.212107,moyenne
BJ-B3B6F929,Fondation Solidarité Fondation,ONG & Associations,Gogounou,+229 63 68 21 23,fondation.solidarité.fondation@fondation.solidarité.fondation.net,,TPE (<10),B2B,Google Maps,3.7,Actif,2026-06-29T00:15:34.212119,moyenne
BJ-DF2B5E26,ONG Social Fondation Cobly,ONG & Associations,Cobly,+229 96 72 52 85,ong.social.fondation.cobly@ong.social.fondation.cobly.net,,TPE (<10),B2C,Google Maps,3.4,Actif,2026-06-29T00:15:34.212147,moyenne
BJ-9A6EA2F1,Enfant,ONG & Associations,Cobly,+229 85 78 18 26,enfant@enfant.com,enfant.bj,TPE (<10),B2C,Google Maps,4.3,Actif,2026-06-29T00:15:34.212179,haute
BJ-15F7F261,Organisation Droits International,ONG & Associations,Cobly,+229 63 22 80 32,organisation.droits.international@organisation.droits.international.bj,,PME (50-200),B2C,Google Maps,4.6,Actif,2026-06-29T00:15:34.212194,moyenne
BJ-BA720F80,Droits,ONG & Associations,Cobly,+229 87 97 25 56,,,Grande (>200),B2B,Google Maps,3.8,Actif,2026-06-29T00:15:34.212205,basse
BJ-71AD4949,Culture Fondation,ONG & Associations,Tanguiéta,+229 26 79 63 24,,culturefondation.bj,TPE (<10),B2B,Google Maps,3.3,Actif,2026-06-29T00:15:34.212222,moyenne
BJ-D118368B,ONG Femme,ONG & Associations,Tanguiéta,+229 58 55 20 82,,,PME (10-50),B2C,Google Maps,4.0,Actif,2026-06-29T00:15:34.212246,basse
BJ-79FC4D3B,Organisation Développement Organisation,ONG & Associations,Tanguiéta,+229 73 88 94 14,,organisationdéveloppementorganisation.bj,PME (10-50),B2C,Google Maps,3.2,Actif,2026-06-29T00:15:34.212259,moyenne
BJ-A9D55926,Société Santé Bénin,ONG & Associations,Tanguiéta,+229 36 38 62 61,société.santé.bénin@société.santé.bénin.org,sociétésantébénin.bj,PME (50-200),B2B,Google Maps,3.9,Actif,2026-06-29T00:15:34.212272,haute
BJ-B7580208,Fondation Jeunesse Bénin Matéri,ONG & Associations,Matéri,+229 22 95 84 77,,fondationjeunessebéninmatéri.bj,PME (10-50),B2B,Google Maps,3.7,Actif,2026-06-29T00:15:34.212290,moyenne
BJ-B1FD7F4D,Fondation Environnement International,ONG & Associations,Matéri,+229 59 37 18 81,fondation.environnement.international@fondation.environnement.international.com,,PME (50-200),B2C,Google Maps,4.3,Actif,2026-06-29T00:15:34.212309,moyenne
BJ-48E844BB,Association Droits Matéri,ONG & Associations,Matéri,+229 21 47 62 23,,,PME (50-200),B2B,Google Maps,4.7,Actif,2026-06-29T00:15:34.212321,basse
BJ-9E3D4E38,Club Éducation Matéri,ONG & Associations,Matéri,+229 24 66 78 82,,,TPE (<10),B2B,Google Maps,3.5,Actif,2026-06-29T00:15:34.212332,basse
BJ-1209C880,Société Culture Association,ONG & Associations,Matéri,+229 96 43 22 70,société.culture.association@société.culture.association.benin,,PME (10-50),B2B,Google Maps,4.6,Actif,2026-06-29T00:15:34.212344,moyenne
BJ-454EC1D5,Association Éducation Africa,ONG & Associations,Natitingou,+229 35 14 61 40,association.éducation.africa@association.éducation.africa.net,associationéducationafrica.bj,PME (50-200),B2C,Google Maps,4.7,Actif,2026-06-29T00:15:34.212367,haute
BJ-F5A66FDF,Social Association,ONG & Associations,Natitingou,+229 24 74 12 98,,,TPE (<10),B2B,Google Maps,5.0,Actif,2026-06-29T00:15:34.212406,basse
BJ-FDEE4F47,Société Environnement ONG,ONG & Associations,Natitingou,+229 88 64 60 64,,,PME (50-200),B2C,Google Maps,4.5,Actif,2026-06-29T00:15:34.212417,basse
BJ-0345815F,Solidarité,ONG & Associations,Toucountouna,+229 28 58 35 49,solidarité@solidarité.net,,PME (50-200),B2C,Google Maps,4.9,Actif,2026-06-29T00:15:34.212435,moyenne
BJ-0ABCA8D0,Organisation Jeunesse Fondation,ONG & Associations,Toucountouna,+229 86 78 63 12,,,PME (10-50),B2C,Google Maps,3.6,Actif,2026-06-29T00:15:34.212450,basse
BJ-49193CDB,Humanitaire,ONG & Associations,Toucountouna,+229 72 49 90 41,humanitaire@humanitaire.org,,PME (50-200),B2B,Google Maps,3.9,Actif,2026-06-29T00:15:34.212462,moyenne
BJ-F1CC2C1B,Fondation Développement International,ONG & Associations,Toucountouna,+229 25 58 23 97,,fondationdéveloppementinternational.bj,TPE (<10),B2C,Google Maps,3.9,Actif,2026-06-29T00:15:34.212474,moyenne
BJ-04BA30F0,Association Aide Africa,ONG & Associations,Toucountouna,+229 94 81 52 54,association.aide.africa@association.aide.africa.net,associationaideafrica.bj,TPE (<10),B2C,Google Maps,4.9,Actif,2026-06-29T00:15:34.212487,haute
BJ-5D0A6D8C,Fondation Solidarité,ONG & Associations,Boukoumbé,+229 85 56 61 51,,fondationsolidarité.bj,PME (10-50),B2C,Google Maps,3.3,Actif,2026-06-29T00:15:34.212504,moyenne
BJ-DDABAC66,Association Santé,ONG & Associations,Boukoumbé,+229 55 14 34 27,association.santé@association.santé.net,associationsanté.bj,TPE (<10),B2B,Google Maps,3.6,Actif,2026-06-29T00:15:34.212518,haute
BJ-7EF19325,Femme,ONG & Associations,Boukoumbé,+229 22 60 57 38,femme@femme.benin,,TPE (<10),B2B,Google Maps,4.1,Actif,2026-06-29T00:15:34.212530,moyenne
BJ-44818ED1,Club Culture International Boukoumbé,ONG & Associations,Boukoumbé,+229 89 98 16 49,,,TPE (<10),B2C,Google Maps,3.9,Actif,2026-06-29T00:15:34.212542,basse
BJ-A71EA747,Société Social Bénin,ONG & Associations,Boukoumbé,+229 59 82 64 91,société.social.bénin@société.social.bénin.com,sociétésocialbénin.bj,PME (10-50),B2B,Google Maps,3.0,Actif,2026-06-29T00:15:34.212555,haute
BJ-8F6A4DFE,Société Enfant,ONG & Associations,Kouandé,+229 31 94 83 67,,,Grande (>200),B2B,Google Maps,3.3,Actif,2026-06-29T00:15:34.212588,basse
BJ-7A21471B,Organisation Santé Association,ONG & Associations,Kouandé,+229 57 18 33 19,organisation.santé.association@organisation.santé.association.benin,organisationsantéassociation.bj,Grande (>200),B2C,Google Maps,4.1,Actif,2026-06-29T00:15:34.212604,haute
BJ-331C3D90,ONG Développement Africa,ONG & Associations,Kouandé,+229 85 75 96 94,,,PME (50-200),B2C,Google Maps,4.4,Actif,2026-06-29T00:15:34.212616,basse
BJ-C7F71EAF,Droits Africa Kouandé,ONG & Associations,Kouandé,+229 50 80 50 47,,,TPE (<10),B2C,Google Maps,3.6,Actif,2026-06-29T00:15:34.212627,basse
BJ-7809CD61,Organisation Jeunesse,ONG & Associations,Péhunco,+229 36 26 78 79,,,TPE (<10),B2B,Google Maps,4.9,Actif,2026-06-29T00:15:34.212643,basse
BJ-7833FCFD,Enfant International,ONG & Associations,Péhunco,+229 65 18 54 58,enfant.international@enfant.international.bj,,PME (50-200),B2B,Google Maps,3.2,Actif,2026-06-29T00:15:34.212655,moyenne
BJ-E3E23F88,Club Femme International,ONG & Associations,Péhunco,+229 67 65 79 69,,,TPE (<10),B2B,Google Maps,3.1,Actif,2026-06-29T00:15:34.212669,basse
BJ-9B709ABC,Société Droits,ONG & Associations,Péhunco,+229 90 35 40 89,société.droits@société.droits.net,sociétédroits.bj,TPE (<10),B2C,Google Maps,3.7,Actif,2026-06-29T00:15:34.212683,haute
BJ-555CA33E,Développement,ONG & Associations,Péhunco,+229 57 26 76 82,développement@développement.net,développement.bj,PME (50-200),B2B,Google Maps,4.7,Actif,2026-06-29T00:15:34.212696,haute
BJ-1EAFD420,Jeunesse Bénin,ONG & Associations,Tchaourou,+229 32 10 30 17,jeunesse.bénin@jeunesse.bénin.com,,PME (50-200),B2B,Google Maps,3.9,Actif,2026-06-29T00:15:34.212717,moyenne
BJ-D5744207,Association Social Tchaourou,ONG & Associations,Tchaourou,+229 88 33 96 37,association.social.tchaourou@association.social.tchaourou.com,,TPE (<10),B2B,Google Maps,3.4,Actif,2026-06-29T00:15:34.212733,moyenne
BJ-D4E549D2,Social Bénin,ONG & Associations,Tchaourou,+229 82 64 48 15,,,TPE (<10),B2B,Google Maps,3.4,Actif,2026-06-29T00:15:34.212774,basse
BJ-EF965394,ONG Enfant,ONG & Associations,Tchaourou,+229 73 99 41 34,,ongenfant.bj,PME (10-50),B2C,Google Maps,3.0,Actif,2026-06-29T00:15:34.212786,moyenne
BJ-2CF66828,Association Jeunesse ONG,ONG & Associations,Nikki,+229 39 71 60 76,,associationjeunesseong.bj,TPE (<10),B2B,Google Maps,3.9,Actif,2026-06-29T00:15:34.212804,moyenne
BJ-075B4E92,Organisation Droits,ONG & Associations,Nikki,+229 33 33 57 85,organisation.droits@organisation.droits.com,,TPE (<10),B2B,Google Maps,4.8,Actif,2026-06-29T00:15:34.212816,moyenne
BJ-19D4BF52,Société Enfant ONG,ONG & Associations,Nikki,+229 27 13 95 55,société.enfant.ong@société.enfant.ong.org,,TPE (<10),B2B,Google Maps,4.6,Actif,2026-06-29T00:15:34.212829,moyenne
BJ-A8E77EBC,Fondation Aide,ONG & Associations,Nikki,+229 28 92 23 55,,fondationaide.bj,Grande (>200),B2B,Google Maps,3.9,Actif,2026-06-29T00:15:34.212841,moyenne
BJ-400D5863,Association Aide Africa,ONG & Associations,Nikki,+229 96 11 92 49,association.aide.africa@association.aide.africa.net,,PME (50-200),B2B,Google Maps,3.8,Actif,2026-06-29T00:15:34.212854,moyenne
BJ-BE557DA5,Association Enfant Organisation,ONG & Associations,Bembéréké,+229 40 93 64 30,association.enfant.organisation@association.enfant.organisation.benin,associationenfantorganisation.bj,PME (10-50),B2C,Google Maps,3.8,Actif,2026-06-29T00:15:34.212872,haute
BJ-463C04E5,Club Éducation Bembéréké,ONG & Associations,Bembéréké,+229 76 94 79 43,club.éducation.bembéréké@club.éducation.bembéréké.org,clubéducationbembéréké.bj,TPE (<10),B2B,Google Maps,4.2,Actif,2026-06-29T00:15:34.212902,haute
BJ-3825BB7E,Humanitaire Africa,ONG & Associations,Bembéréké,+229 97 25 26 12,,,TPE (<10),B2B,Google Maps,3.9,Actif,2026-06-29T00:15:34.212945,basse
BJ-E5DEB85E,Sport Bénin Bembéréké,ONG & Associations,Bembéréké,+229 52 15 15 31,,,PME (10-50),B2C,Google Maps,3.7,Actif,2026-06-29T00:15:34.212971,basse
BJ-DBD4DCCC,ONG Droits ONG,ONG & Associations,Bembéréké,+229 51 96 38 71,,,PME (10-50),B2B,Google Maps,3.5,Actif,2026-06-29T00:15:34.213004,basse
BJ-280EA33A,Femme,ONG & Associations,Kalalé,+229 30 85 66 61,femme@femme.benin,femme.bj,PME (50-200),B2B,Google Maps,3.5,Actif,2026-06-29T00:15:34.213041,haute
BJ-7673817C,Société Culture,ONG & Associations,Kalalé,+229 36 93 19 73,,,TPE (<10),B2B,Google Maps,4.2,Actif,2026-06-29T00:15:34.213067,basse
BJ-B3FE462C,Éducation International,ONG & Associations,Kalalé,+229 82 36 67 98,,éducationinternational.bj,TPE (<10),B2C,Google Maps,4.9,Actif,2026-06-29T00:15:34.213094,moyenne
BJ-182785D3,Association Santé Association,ONG & Associations,Kalalé,+229 82 31 12 22,,,PME (10-50),B2C,Google Maps,4.6,Actif,2026-06-29T00:15:34.213121,basse
BJ-8348B834,Société Droits Fondation,ONG & Associations,Kalalé,+229 57 56 78 78,,sociétédroitsfondation.bj,PME (50-200),B2C,Google Maps,3.3,Actif,2026-06-29T00:15:34.213145,moyenne
BJ-947FE390,Culture,ONG & Associations,Ndali,+229 23 98 17 98,,culture.bj,PME (10-50),B2C,Google Maps,3.1,Actif,2026-06-29T00:15:34.213191,moyenne
BJ-F80624D2,Club Social Ndali,ONG & Associations,Ndali,+229 27 17 83 56,,clubsocialndali.bj,PME (10-50),B2C,Google Maps,4.9,Actif,2026-06-29T00:15:34.213295,moyenne
BJ-6E1D7FE6,Santé International,ONG & Associations,Ndali,+229 50 55 43 83,santé.international@santé.international.bj,santéinternational.bj,PME (10-50),B2B,Google Maps,4.2,Actif,2026-06-29T00:15:34.213329,haute
BJ-9BF4DB24,Droits Association,ONG & Associations,Ségbana,+229 85 43 36 92,droits.association@droits.association.org,,TPE (<10),B2C,Google Maps,4.9,Actif,2026-06-29T00:15:34.213350,moyenne
BJ-437BC2D9,Association Social International,ONG & Associations,Ségbana,+229 47 15 27 95,,associationsocialinternational.bj,Grande (>200),B2B,Google Maps,4.4,Actif,2026-06-29T00:15:34.213364,moyenne
BJ-BF093FCF,Femme,ONG & Associations,Ségbana,+229 81 34 75 41,femme@femme.org,femme.bj,TPE (<10),B2B,Google Maps,3.3,Actif,2026-06-29T00:15:34.213390,haute
BJ-78E3D1BD,Fondation Développement,ONG & Associations,Ségbana,+229 56 62 31 84,fondation.développement@fondation.développement.benin,,TPE (<10),B2B,Google Maps,3.9,Actif,2026-06-29T00:15:34.213416,moyenne
BJ-B1A90556,Club Femme Fondation,ONG & Associations,Tchaourou,+229 58 71 44 20,club.femme.fondation@club.femme.fondation.com,,Grande (>200),B2C,Google Maps,3.2,Actif,2026-06-29T00:15:34.213434,moyenne
BJ-14438DE6,ONG Santé,ONG & Associations,Tchaourou,+229 50 30 63 67,,,PME (10-50),B2B,Google Maps,4.9,Actif,2026-06-29T00:15:34.213453,basse
BJ-32B8E0E3,ONG Social,ONG & Associations,Tchaourou,+229 40 91 33 72,,ongsocial.bj,PME (50-200),B2B,Google Maps,3.7,Actif,2026-06-29T00:15:34.213466,moyenne
BJ-A21DBC74,Société Santé International,ONG & Associations,Tchaourou,+229 52 64 58 86,société.santé.international@société.santé.international.org,sociétésantéinternational.bj,TPE (<10),B2C,Google Maps,3.6,Actif,2026-06-29T00:15:34.213480,haute
BJ-B755F866,Femme Bénin,ONG & Associations,Tchaourou,+229 42 15 80 68,femme.bénin@femme.bénin.bj,femmebénin.bj,PME (50-200),B2B,Google Maps,3.7,Actif,2026-06-29T00:15:34.213494,haute
BJ-10C68474,Femme Africa,ONG & Associations,Bétérou,+229 56 74 68 79,femme.africa@femme.africa.benin,,Grande (>200),B2C,Google Maps,4.8,Actif,2026-06-29T00:15:34.213512,moyenne
BJ-91401E1F,Développement International,ONG & Associations,Bétérou,+229 79 42 51 32,,,TPE (<10),B2B,Google Maps,4.2,Actif,2026-06-29T00:15:34.213524,basse
BJ-41BCCC4C,Aide Organisation,ONG & Associations,Bétérou,+229 74 32 27 13,aide.organisation@aide.organisation.benin,,PME (10-50),B2B,Google Maps,3.3,Actif,2026-06-29T00:15:34.213549,moyenne
BJ-B1F89213,Société Sport Association,ONG & Associations,Bétérou,+229 49 92 98 92,société.sport.association@société.sport.association.net,,PME (10-50),B2C,Google Maps,4.6,Actif,2026-06-29T00:15:34.213575,moyenne
BJ-AFDC8DCE,Club Santé Association,ONG & Associations,Ouessè,+229 35 16 24 99,club.santé.association@club.santé.association.org,,PME (10-50),B2C,Google Maps,3.5,Actif,2026-06-29T00:15:34.213616,moyenne
BJ-E502F8C0,Club Culture International,ONG & Associations,Ouessè,+229 59 37 92 63,,,PME (10-50),B2B,Google Maps,3.0,Actif,2026-06-29T00:15:34.213631,basse
BJ-F5327EEE,Société Éducation,ONG & Associations,Ouessè,+229 88 23 38 37,,,TPE (<10),B2B,Google Maps,4.1,Actif,2026-06-29T00:15:34.213643,basse
BJ-5D0477B1,Environnement International Ouessè,ONG & Associations,Ouessè,+229 59 49 30 91,environnement.international.ouessè@environnement.international.ouessè.benin,,PME (10-50),B2C,Google Maps,4.1,Actif,2026-06-29T00:15:34.213656,moyenne
BJ-16C47B7E,Développement,ONG & Associations,Ouessè,+229 36 60 87 60,,développement.bj,PME (50-200),B2B,Google Maps,3.8,Actif,2026-06-29T00:15:34.213669,moyenne
BJ-D4A6B7CA,Social International,ONG & Associations,Glazoué,+229 62 63 11 59,social.international@social.international.benin,socialinternational.bj,PME (50-200),B2B,Google Maps,4.6,Actif,2026-06-29T00:15:34.213687,haute
BJ-D7BF878F,Humanitaire International,ONG & Associations,Glazoué,+229 76 16 80 89,,humanitaireinternational.bj,TPE (<10),B2B,Google Maps,3.2,Actif,2026-06-29T00:15:34.213704,moyenne
BJ-B5BD4AF8,Société Social Africa,ONG & Associations,Glazoué,+229 27 14 88 89,,,PME (10-50),B2C,Google Maps,4.4,Actif,2026-06-29T00:15:34.213716,basse
BJ-29AB86C2,Club Femme Association,ONG & Associations,Glazoué,+229 63 53 76 97,,,PME (10-50),B2C,Google Maps,3.4,Actif,2026-06-29T00:15:34.213743,basse
BJ-F31FF7F2,Santé Organisation,ONG & Associations,Dassa-Zoumè,+229 36 10 35 40,santé.organisation@santé.organisation.net,,PME (10-50),B2B,Google Maps,4.2,Actif,2026-06-29T00:15:34.213766,moyenne
BJ-8E5AF0BB,Club Culture,ONG & Associations,Dassa-Zoumè,+229 41 38 80 99,club.culture@club.culture.org,,Grande (>200),B2C,Google Maps,4.1,Actif,2026-06-29T00:15:34.213782,moyenne
BJ-60BF1E9C,Club Jeunesse Fondation,ONG & Associations,Dassa-Zoumè,+229 77 98 70 83,club.jeunesse.fondation@club.jeunesse.fondation.benin,clubjeunessefondation.bj,PME (10-50),B2C,Google Maps,5.0,Actif,2026-06-29T00:15:34.213796,haute
BJ-6337BDB0,Fondation Jeunesse International Dassa-Zoumè,ONG & Associations,Dassa-Zoumè,+229 39 83 14 64,fondation.jeunesse.international.dassazoumè@fondation.jeunesse.international.dassazoumè.com,,PME (10-50),B2B,Google Maps,4.3,Actif,2026-06-29T00:15:34.213822,moyenne
BJ-8AF83391,Fondation Développement International,ONG & Associations,Savalou,+229 35 42 86 91,fondation.développement.international@fondation.développement.international.bj,,TPE (<10),B2B,Google Maps,4.1,Actif,2026-06-29T00:15:34.213841,moyenne
BJ-EFDE6D69,Société Éducation Fondation,ONG & Associations,Savalou,+229 74 49 88 29,société.éducation.fondation@société.éducation.fondation.benin,,TPE (<10),B2B,Google Maps,3.2,Actif,2026-06-29T00:15:34.213855,moyenne
BJ-599221E9,Organisation Solidarité Africa,ONG & Associations,Savalou,+229 71 78 78 87,organisation.solidarité.africa@organisation.solidarité.africa.benin,,Grande (>200),B2C,Google Maps,4.5,Actif,2026-06-29T00:15:34.213868,moyenne
BJ-522A008B,Santé ONG,ONG & Associations,Savalou,+229 38 35 34 76,,santéong.bj,Grande (>200),B2C,Google Maps,3.2,Actif,2026-06-29T00:15:34.213880,moyenne
BJ-09DB4F27,Solidarité ONG,ONG & Associations,Savalou,+229 20 66 25 32,solidarité.ong@solidarité.ong.benin,,TPE (<10),B2C,Google Maps,4.0,Actif,2026-06-29T00:15:34.213905,moyenne
BJ-A43DF83A,Club Développement Association,ONG & Associations,Bantè,+229 84 60 52 97,club.développement.association@club.développement.association.benin,clubdéveloppementassociation.bj,PME (50-200),B2C,Google Maps,4.5,Actif,2026-06-29T00:15:34.213946,haute
BJ-8B5AC0D7,Développement Bantè,ONG & Associations,Bantè,+229 93 43 42 24,,développementbantè.bj,PME (10-50),B2B,Google Maps,3.8,Actif,2026-06-29T00:15:34.213977,moyenne
BJ-F9231334,ONG Santé,ONG & Associations,Bantè,+229 45 96 66 16,,,TPE (<10),B2B,Google Maps,3.0,Actif,2026-06-29T00:15:34.213996,basse
BJ-B9F2AFD3,ONG Enfant,ONG & Associations,Bantè,+229 84 13 66 65,ong.enfant@ong.enfant.net,,TPE (<10),B2B,Google Maps,4.2,Actif,2026-06-29T00:15:34.214021,moyenne
BJ-0C0D38FF,Environnement Association,ONG & Associations,Bantè,+229 25 88 42 46,,,TPE (<10),B2B,Google Maps,3.2,Actif,2026-06-29T00:15:34.214035,basse
BJ-DCEE49B2,Environnement Association,ONG & Associations,Djougou,+229 34 44 87 70,,,PME (10-50),B2C,Google Maps,4.3,Actif,2026-06-29T00:15:34.214082,basse
BJ-3829D8ED,Solidarité Fondation,ONG & Associations,Djougou,+229 42 61 13 65,,,TPE (<10),B2B,Google Maps,4.9,Actif,2026-06-29T00:15:34.214094,basse
BJ-D1F2EB5D,Association Environnement Organisation,ONG & Associations,Djougou,+229 44 18 65 94,,associationenvironnementorganisation.bj,TPE (<10),B2C,Google Maps,4.2,Actif,2026-06-29T00:15:34.214122,moyenne
BJ-6AF90D94,Enfant ONG,ONG & Associations,Djougou,+229 77 80 99 89,,enfantong.bj,Grande (>200),B2B,Google Maps,5.0,Actif,2026-06-29T00:15:34.214134,moyenne
BJ-00DBBDDF,Organisation Environnement Association,ONG & Associations,Ouèssè,+229 77 63 10 74,,organisationenvironnementassociation.bj,TPE (<10),B2C,Google Maps,3.9,Actif,2026-06-29T00:15:34.214151,moyenne
BJ-8921719A,Solidarité ONG Ouèssè,ONG & Associations,Ouèssè,+229 95 52 80 27,,solidaritéongouèssè.bj,TPE (<10),B2B,Google Maps,4.1,Actif,2026-06-29T00:15:34.214181,moyenne
BJ-46E2CEC1,Éducation Bénin,ONG & Associations,Ouèssè,+229 31 39 17 67,,éducationbénin.bj,PME (10-50),B2C,Google Maps,4.8,Actif,2026-06-29T00:15:34.214209,moyenne
BJ-9DC8F787,Éducation,ONG & Associations,Bassila,+229 34 41 61 27,,,PME (10-50),B2B,Google Maps,3.4,Actif,2026-06-29T00:15:34.214226,basse
BJ-5EAD046B,Jeunesse Africa Bassila,ONG & Associations,Bassila,+229 36 67 48 90,jeunesse.africa.bassila@jeunesse.africa.bassila.benin,jeunesseafricabassila.bj,TPE (<10),B2C,Google Maps,4.8,Actif,2026-06-29T00:15:34.214239,haute
BJ-2E255A32,Club Humanitaire,ONG & Associations,Bassila,+229 40 95 40 75,club.humanitaire@club.humanitaire.net,clubhumanitaire.bj,TPE (<10),B2C,Google Maps,4.3,Actif,2026-06-29T00:15:34.214252,haute
BJ-978CE563,Fondation Sport,ONG & Associations,Bassila,+229 41 23 76 10,fondation.sport@fondation.sport.benin,fondationsport.bj,PME (10-50),B2C,Google Maps,3.8,Actif,2026-06-29T00:15:34.214265,haute
BJ-67EDBCA3,Environnement ONG,ONG & Associations,Bassila,+229 78 80 97 43,,,PME (10-50),B2B,Google Maps,4.4,Actif,2026-06-29T00:15:34.214275,basse
BJ-761C7194,Association Développement Bénin Pehunco,ONG & Associations,Pehunco,+229 61 14 84 30,association.développement.bénin.pehunco@association.développement.bénin.pehunco.benin,,PME (10-50),B2C,Google Maps,3.1,Actif,2026-06-29T00:15:34.214297,moyenne
BJ-40FB5AFC,Organisation Sport,ONG & Associations,Pehunco,+229 51 25 71 56,,,TPE (<10),B2B,Google Maps,4.6,Actif,2026-06-29T00:15:34.214312,basse
BJ-69D4FA1A,Éducation Bénin Pehunco,ONG & Associations,Pehunco,+229 57 66 58 54,éducation.bénin.pehunco@éducation.bénin.pehunco.benin,,PME (50-200),B2B,Google Maps,4.2,Actif,2026-06-29T00:15:34.214326,moyenne
BJ-DBAE7080,ONG Humanitaire Pehunco,ONG & Associations,Pehunco,+229 79 88 96 37,ong.humanitaire.pehunco@ong.humanitaire.pehunco.com,,TPE (<10),B2B,Google Maps,3.4,Actif,2026-06-29T00:15:34.214341,moyenne
BJ-4F142A67,ONG Environnement International Pehunco,ONG & Associations,Pehunco,+229 40 90 18 85,ong.environnement.international.pehunco@ong.environnement.international.pehunco.net,,TPE (<10),B2B,Google Maps,4.9,Actif,2026-06-29T00:15:34.214354,moyenne
BJ-3DC4B4E9,Sport,ONG & Associations,Copargo,+229 70 14 36 83,sport@sport.benin,sport.bj,TPE (<10),B2C,Google Maps,4.8,Actif,2026-06-29T00:15:34.214372,haute
BJ-3FDFB4D5,Société Culture Africa Copargo,ONG & Associations,Copargo,+229 51 62 15 98,,sociétécultureafricacopargo.bj,TPE (<10),B2B,Google Maps,4.5,Actif,2026-06-29T00:15:34.214386,moyenne
BJ-4A8BA429,Aide Fondation,ONG & Associations,Copargo,+229 86 31 83 25,aide.fondation@aide.fondation.bj,,TPE (<10),B2C,Google Maps,4.1,Actif,2026-06-29T00:15:34.214398,moyenne
BJ-AB2CF8D8,Environnement,ONG & Associations,Copargo,+229 94 39 90 40,,,TPE (<10),B2B,Google Maps,4.0,Actif,2026-06-29T00:15:34.214409,basse
BJ-110BC840,Culture International,ONG & Associations,Copargo,+229 22 91 26 47,,cultureinternational.bj,TPE (<10),B2B,Google Maps,4.3,Actif,2026-06-29T00:15:34.214421,moyenne
BJ-0AB54102,SO Architecte Services Cotonou,BTP & Immobilier,Cotonou,+229 34 45 86 45,so.architecte.services.cotonou@so.architecte.services.cotonou.benin,,PME (10-50),B2C,Facebook Pages,,Actif,2026-06-29T00:15:34.214440,moyenne
BJ-5260FCA2,Ingénierie,BTP & Immobilier,Cotonou,+229 72 71 95 16,ingénierie@ingénierie.com,ingénierie.bj,TPE (<10),B2B,Facebook Pages,,Actif,2026-06-29T00:15:34.214455,haute
BJ-244E23CC,SA Électricité,BTP & Immobilier,Cotonou,+229 97 24 12 95,,saélectricité.bj,Grande (>200),B2C,Facebook Pages,,Actif,2026-06-29T00:15:34.214467,moyenne
BJ-279A5088,Travaux,BTP & Immobilier,Cotonou,+229 51 23 53 85,travaux@travaux.org,,TPE (<10),B2B,Facebook Pages,,Actif,2026-06-29T00:15:34.214478,moyenne
BJ-B60A77D9,Béton,BTP & Immobilier,Cotonou,+229 45 10 71 75,béton@béton.org,,PME (50-200),B2B,Facebook Pages,,Actif,2026-06-29T00:15:34.214490,moyenne
BJ-5048E611,Habitat Abomey-Calavi,BTP & Immobilier,Abomey-Calavi,+229 41 84 27 56,habitat.abomeycalavi@habitat.abomeycalavi.benin,habitatabomeycalavi.bj,TPE (<10),B2C,Facebook Pages,,Actif,2026-06-29T00:15:34.214508,haute
BJ-25E7ACF9,Architecte,BTP & Immobilier,Abomey-Calavi,+229 65 22 45 32,architecte@architecte.com,,TPE (<10),B2B,Facebook Pages,,Actif,2026-06-29T00:15:34.214519,moyenne
BJ-F988F2FD,BTP Architecte,BTP & Immobilier,Abomey-Calavi,+229 56 38 31 48,,,TPE (<10),B2B,Facebook Pages,,Actif,2026-06-29T00:15:34.214529,basse
BJ-1DECC8CD,Fondation Abomey-Calavi,BTP & Immobilier,Abomey-Calavi,+229 73 79 76 26,,fondationabomeycalavi.bj,PME (10-50),B2C,Facebook Pages,,Actif,2026-06-29T00:15:34.214543,moyenne
BJ-5AE9BE8A,Fondation Cabinet,BTP & Immobilier,Porto-Novo,+229 88 73 47 26,,fondationcabinet.bj,PME (10-50),B2C,Facebook Pages,,Actif,2026-06-29T00:15:34.214572,moyenne
BJ-B9ECA30A,Ets Béton Ets,BTP & Immobilier,Porto-Novo,+229 93 36 86 37,ets.béton.ets@ets.béton.ets.bj,etsbétonets.bj,TPE (<10),B2C,Facebook Pages,,Actif,2026-06-29T00:15:34.214590,haute
BJ-ADD71DBD,Structure Cabinet,BTP & Immobilier,Porto-Novo,+229 49 24 10 50,structure.cabinet@structure.cabinet.net,structurecabinet.bj,PME (50-200),B2C,Facebook Pages,,Actif,2026-06-29T00:15:34.214602,haute
BJ-FE9FFD57,Maison Bénin,BTP & Immobilier,Porto-Novo,+229 87 89 35 13,maison.bénin@maison.bénin.benin,maisonbénin.bj,TPE (<10),B2C,Facebook Pages,,Actif,2026-06-29T00:15:34.214615,haute
BJ-5812E0E3,Ingénierie,BTP & Immobilier,Parakou,+229 90 46 68 50,ingénierie@ingénierie.bj,,PME (10-50),B2C,Facebook Pages,,Actif,2026-06-29T00:15:34.214642,moyenne
BJ-6505E139,Construction Cabinet,BTP & Immobilier,Parakou,+229 34 66 54 35,,constructioncabinet.bj,PME (10-50),B2C,Facebook Pages,,Actif,2026-06-29T00:15:34.214653,moyenne
BJ-282F2F3D,SA Travaux International,BTP & Immobilier,Parakou,+229 71 58 88 53,,satravauxinternational.bj,TPE (<10),B2C,Facebook Pages,,Actif,2026-06-29T00:15:34.214663,moyenne
BJ-3E2D06CD,SARL Immobilier SARL,BTP & Immobilier,Parakou,+229 23 89 77 57,,sarlimmobiliersarl.bj,Grande (>200),B2B,Facebook Pages,,Actif,2026-06-29T00:15:34.214674,moyenne
BJ-87394108,SARL Habitat Parakou,BTP & Immobilier,Parakou,+229 48 35 85 72,sarl.habitat.parakou@sarl.habitat.parakou.bj,,TPE (<10),B2B,Facebook Pages,,Actif,2026-06-29T00:15:34.214685,moyenne
BJ-6E93BAD0,SO Maison,BTP & Immobilier,Bohicon,+229 42 47 69 16,so.maison@so.maison.bj,,TPE (<10),B2B,Facebook Pages,,Actif,2026-06-29T00:15:34.214701,moyenne
BJ-622EF8C6,BTP Ingénierie Ets,BTP & Immobilier,Bohicon,+229 73 77 31 18,btp.ingénierie.ets@btp.ingénierie.ets.org,,TPE (<10),B2B,Facebook Pages,,Actif,2026-06-29T00:15:34.214716,moyenne
BJ-9B450DFF,Architecte Ets,BTP & Immobilier,Bohicon,+229 49 33 61 87,,,PME (10-50),B2C,Facebook Pages,,Actif,2026-06-29T00:15:34.214726,basse
BJ-12633903,SO Béton Bohicon,BTP & Immobilier,Bohicon,+229 35 97 55 47,,sobétonbohicon.bj,PME (50-200),B2C,Facebook Pages,,Actif,2026-06-29T00:15:34.214737,moyenne
BJ-7C752B0B,Groupe Habitat,BTP & Immobilier,Bohicon,+229 37 93 43 98,,,TPE (<10),B2B,Facebook Pages,,Actif,2026-06-29T00:15:34.214747,basse
BJ-DEF92EF3,Cabinet Habitat Cabinet,BTP & Immobilier,Natitingou,+229 99 56 18 15,cabinet.habitat.cabinet@cabinet.habitat.cabinet.com,,TPE (<10),B2C,Facebook Pages,,Actif,2026-06-29T00:15:34.214766,moyenne
BJ-63CEB197,SARL Travaux,BTP & Immobilier,Natitingou,+229 33 67 31 74,,sarltravaux.bj,PME (50-200),B2B,Facebook Pages,,Actif,2026-06-29T00:15:34.214797,moyenne
BJ-F406309D,Travaux Cabinet,BTP & Immobilier,Natitingou,+229 50 77 45 50,,,PME (10-50),B2C,Facebook Pages,,Actif,2026-06-29T00:15:34.214821,basse
BJ-2789ADCE,Immobilier,BTP & Immobilier,Natitingou,+229 78 50 66 80,immobilier@immobilier.org,immobilier.bj,TPE (<10),B2C,Facebook Pages,,Actif,2026-06-29T00:15:34.214864,haute
BJ-857D1451,Électricité,BTP & Immobilier,Lokossa,+229 69 72 49 60,électricité@électricité.org,électricité.bj,TPE (<10),B2B,Facebook Pages,,Actif,2026-06-29T00:15:34.214923,haute
BJ-036330E8,SCI Plomberie Cabinet,BTP & Immobilier,Lokossa,+229 21 19 34 88,,sciplomberiecabinet.bj,PME (10-50),B2C,Facebook Pages,,Actif,2026-06-29T00:15:34.214939,moyenne
BJ-E870BD85,Travaux,BTP & Immobilier,Lokossa,+229 64 41 49 37,travaux@travaux.com,travaux.bj,PME (10-50),B2B,Facebook Pages,,Actif,2026-06-29T00:15:34.214952,haute
BJ-05DEEEC4,Électricité SA Lokossa,BTP & Immobilier,Lokossa,+229 97 24 65 21,,,PME (50-200),B2B,Facebook Pages,,Actif,2026-06-29T00:15:34.214976,basse
BJ-F426720C,Ingénierie Ets Lokossa,BTP & Immobilier,Lokossa,+229 81 24 47 40,ingénierie.ets.lokossa@ingénierie.ets.lokossa.net,,TPE (<10),B2C,Facebook Pages,,Actif,2026-06-29T00:15:34.215008,moyenne
BJ-3CBFE176,SO Toiture,BTP & Immobilier,Ouidah,+229 98 92 76 31,so.toiture@so.toiture.org,,TPE (<10),B2C,Facebook Pages,,Actif,2026-06-29T00:15:34.215041,moyenne
BJ-1BE1DC11,Plomberie SA,BTP & Immobilier,Ouidah,+229 43 78 45 68,,,TPE (<10),B2B,Facebook Pages,,Actif,2026-06-29T00:15:34.215058,basse
BJ-0537AC66,Travaux International,BTP & Immobilier,Ouidah,+229 76 11 28 40,travaux.international@travaux.international.net,travauxinternational.bj,PME (10-50),B2B,Facebook Pages,,Actif,2026-06-29T00:15:34.215080,haute
BJ-19DB4ED1,BTP Plomberie SA,BTP & Immobilier,Ouidah,+229 47 91 94 18,btp.plomberie.sa@btp.plomberie.sa.org,,TPE (<10),B2C,Facebook Pages,,Actif,2026-06-29T00:15:34.215117,moyenne
BJ-CA978684,Travaux,BTP & Immobilier,Ouidah,+229 63 58 67 43,,travaux.bj,PME (50-200),B2B,Facebook Pages,,Actif,2026-06-29T00:15:34.215146,moyenne
BJ-E344135D,Ets Électricité Services,BTP & Immobilier,Savalou,+229 41 48 80 39,ets.électricité.services@ets.électricité.services.bj,,PME (50-200),B2C,Facebook Pages,,Actif,2026-06-29T00:15:34.215236,moyenne
BJ-F90ADF07,Béton Savalou,BTP & Immobilier,Savalou,+229 79 63 64 18,,bétonsavalou.bj,TPE (<10),B2C,Facebook Pages,,Actif,2026-06-29T00:15:34.215266,moyenne
BJ-7CD14CAD,BTP Architecte,BTP & Immobilier,Savalou,+229 66 58 62 13,,btparchitecte.bj,PME (50-200),B2C,Facebook Pages,,Actif,2026-06-29T00:15:34.215318,moyenne
BJ-A07D23F2,Travaux SARL Dassa-Zoumè,BTP & Immobilier,Dassa-Zoumè,+229 82 43 42 78,travaux.sarl.dassazoumè@travaux.sarl.dassazoumè.org,,TPE (<10),B2C,Facebook Pages,,Actif,2026-06-29T00:15:34.215355,moyenne
BJ-2C247C3B,SO Ingénierie Dassa-Zoumè,BTP & Immobilier,Dassa-Zoumè,+229 74 11 17 86,so.ingénierie.dassazoumè@so.ingénierie.dassazoumè.org,,PME (50-200),B2B,Facebook Pages,,Actif,2026-06-29T00:15:34.215414,moyenne
BJ-D9F1826A,Groupe Travaux Ets,BTP & Immobilier,Dassa-Zoumè,+229 65 46 11 69,,groupetravauxets.bj,TPE (<10),B2B,Facebook Pages,,Actif,2026-06-29T00:15:34.215439,moyenne
BJ-5EA9F1D2,Structure International,BTP & Immobilier,Dassa-Zoumè,+229 64 79 47 73,,,PME (50-200),B2B,Facebook Pages,,Actif,2026-06-29T00:15:34.215457,basse
BJ-44E50ED8,Construction Africa,BTP & Immobilier,Kétou,+229 74 56 40 93,,,PME (10-50),B2B,Facebook Pages,,Actif,2026-06-29T00:15:34.215490,basse
BJ-F7CA8839,Cabinet Travaux Africa,BTP & Immobilier,Kétou,+229 46 97 67 65,cabinet.travaux.africa@cabinet.travaux.africa.benin,,Grande (>200),B2B,Facebook Pages,,Actif,2026-06-29T00:15:34.215525,moyenne
BJ-24A70D6A,SO Habitat Solutions Kétou,BTP & Immobilier,Kétou,+229 93 79 75 96,so.habitat.solutions.kétou@so.habitat.solutions.kétou.org,sohabitatsolutionskétou.bj,Grande (>200),B2B,Facebook Pages,,Actif,2026-06-29T00:15:34.215544,haute
BJ-33FFC9BE,SCI Construction Solutions,BTP & Immobilier,Kétou,+229 72 25 20 11,sci.construction.solutions@sci.construction.solutions.bj,,PME (50-200),B2C,Facebook Pages,,Actif,2026-06-29T00:15:34.215579,moyenne
BJ-3895D420,Habitat Bénin,BTP & Immobilier,Covè,+229 71 20 47 54,,,TPE (<10),B2B,Facebook Pages,,Actif,2026-06-29T00:15:34.215614,basse
BJ-A7897FBA,Cabinet Urbanisme Services,BTP & Immobilier,Covè,+229 45 85 75 81,cabinet.urbanisme.services@cabinet.urbanisme.services.bj,cabineturbanismeservices.bj,PME (10-50),B2B,Facebook Pages,,Actif,2026-06-29T00:15:34.215639,haute
BJ-51F5E36D,Toiture International Covè,BTP & Immobilier,Covè,+229 73 29 93 93,toiture.international.covè@toiture.international.covè.net,toitureinternationalcovè.bj,PME (10-50),B2C,Facebook Pages,,Actif,2026-06-29T00:15:34.215723,haute
BJ-5A202485,Cabinet Fondation SA,BTP & Immobilier,Pobè,+229 29 61 33 12,,cabinetfondationsa.bj,TPE (<10),B2B,Facebook Pages,,Actif,2026-06-29T00:15:34.215765,moyenne
BJ-2D3E9AF9,SA Construction,BTP & Immobilier,Pobè,+229 93 82 11 93,,,PME (50-200),B2C,Facebook Pages,,Actif,2026-06-29T00:15:34.215803,basse
BJ-D13E9890,Ets Fondation Ets Pobè,BTP & Immobilier,Pobè,+229 44 14 98 72,,etsfondationetspobè.bj,PME (50-200),B2B,Facebook Pages,,Actif,2026-06-29T00:15:34.215833,moyenne
BJ-418C3ECF,Groupe Maison,BTP & Immobilier,Pobè,+229 58 50 64 77,groupe.maison@groupe.maison.benin,,TPE (<10),B2C,Facebook Pages,,Actif,2026-06-29T00:15:34.215861,moyenne
BJ-E5D2573C,SA Travaux Africa,BTP & Immobilier,Pobè,+229 37 28 95 75,sa.travaux.africa@sa.travaux.africa.com,,TPE (<10),B2C,Facebook Pages,,Actif,2026-06-29T00:15:34.215881,moyenne
BJ-DB4B0730,Travaux,BTP & Immobilier,Sakété,+229 76 74 31 34,travaux@travaux.org,travaux.bj,Grande (>200),B2C,Facebook Pages,,Actif,2026-06-29T00:15:34.215937,haute
BJ-6A5569D9,SA Urbanisme International,BTP & Immobilier,Sakété,+229 96 24 97 63,sa.urbanisme.international@sa.urbanisme.international.com,,TPE (<10),B2B,Facebook Pages,,Actif,2026-06-29T00:15:34.215968,moyenne
BJ-E1E96A33,SARL Béton International,BTP & Immobilier,Sakété,+229 70 13 37 28,sarl.béton.international@sarl.béton.international.benin,,PME (50-200),B2C,Facebook Pages,,Actif,2026-06-29T00:15:34.215997,moyenne
BJ-6D57DAA1,SARL Électricité SA Sakété,BTP & Immobilier,Sakété,+229 79 79 75 59,sarl.électricité.sa.sakété@sarl.électricité.sa.sakété.net,sarlélectricitésasakété.bj,TPE (<10),B2C,Facebook Pages,,Actif,2026-06-29T00:15:34.216029,haute
BJ-DD32B4D3,Fondation Africa,BTP & Immobilier,Sakété,+229 52 19 15 36,,,TPE (<10),B2B,Facebook Pages,,Actif,2026-06-29T00:15:34.216056,basse
BJ-100C73F2,Toiture,BTP & Immobilier,Adjara,+229 39 84 28 61,,toiture.bj,PME (10-50),B2C,Facebook Pages,,Actif,2026-06-29T00:15:34.216097,moyenne
BJ-55EAC7F0,Cabinet Ingénierie,BTP & Immobilier,Adjara,+229 83 84 83 95,cabinet.ingénierie@cabinet.ingénierie.org,,PME (10-50),B2B,Facebook Pages,,Actif,2026-06-29T00:15:34.216160,moyenne
BJ-D388BE0A,Ets Béton,BTP & Immobilier,Adjara,+229 72 33 98 29,,etsbéton.bj,TPE (<10),B2B,Facebook Pages,,Actif,2026-06-29T00:15:34.216190,moyenne
BJ-F51379CE,Bâtiment,BTP & Immobilier,Adjara,+229 42 25 86 40,bâtiment@bâtiment.benin,bâtiment.bj,PME (50-200),B2B,Facebook Pages,,Actif,2026-06-29T00:15:34.216214,haute
BJ-67F59B3E,Immobilier Ets,BTP & Immobilier,Adjara,+229 38 84 80 36,,,TPE (<10),B2B,Facebook Pages,,Actif,2026-06-29T00:15:34.216258,basse
BJ-30F8556B,SARL Immobilier,BTP & Immobilier,Allada,+229 65 26 13 97,sarl.immobilier@sarl.immobilier.com,,PME (10-50),B2B,Facebook Pages,,Actif,2026-06-29T00:15:34.216313,moyenne
BJ-0BB0A168,SARL Maison Ets,BTP & Immobilier,Allada,+229 24 42 13 15,,,TPE (<10),B2C,Facebook Pages,,Actif,2026-06-29T00:15:34.216334,basse
BJ-48B118D1,Urbanisme,BTP & Immobilier,Allada,+229 71 51 26 53,urbanisme@urbanisme.bj,,TPE (<10),B2C,Facebook Pages,,Actif,2026-06-29T00:15:34.216368,moyenne
BJ-5FC8AC80,SO Construction Allada,BTP & Immobilier,Allada,+229 83 40 69 11,so.construction.allada@so.construction.allada.net,,TPE (<10),B2C,Facebook Pages,,Actif,2026-06-29T00:15:34.216395,moyenne
BJ-EE5DEF82,Travaux Cabinet,BTP & Immobilier,Allada,+229 98 25 84 29,travaux.cabinet@travaux.cabinet.com,,PME (10-50),B2B,Facebook Pages,,Actif,2026-06-29T00:15:34.216421,moyenne
BJ-8BBE8881,Fondation,BTP & Immobilier,Aplahoué,+229 45 25 46 92,fondation@fondation.bj,fondation.bj,PME (10-50),B2C,Facebook Pages,,Actif,2026-06-29T00:15:34.216464,haute
BJ-C58061EF,Habitat International,BTP & Immobilier,Aplahoué,+229 37 75 37 90,habitat.international@habitat.international.benin,,TPE (<10),B2C,Facebook Pages,,Actif,2026-06-29T00:15:34.216507,moyenne
BJ-B743AB44,Immobilier,BTP & Immobilier,Aplahoué,+229 72 92 26 94,immobilier@immobilier.com,immobilier.bj,PME (10-50),B2B,Facebook Pages,,Actif,2026-06-29T00:15:34.216539,haute
BJ-58D08BDD,Électricité Bénin,BTP & Immobilier,Aplahoué,+229 40 94 81 62,,électricitébénin.bj,PME (50-200),B2B,Facebook Pages,,Actif,2026-06-29T00:15:34.216569,moyenne
BJ-0E45A765,Construction,BTP & Immobilier,Aplahoué,+229 40 15 37 44,construction@construction.org,construction.bj,PME (10-50),B2C,Facebook Pages,,Actif,2026-06-29T00:15:34.216599,haute
BJ-0860E4DE,SO Habitat Dogbo-Tota,BTP & Immobilier,Dogbo-Tota,+229 74 66 31 98,so.habitat.dogbotota@so.habitat.dogbotota.net,,TPE (<10),B2C,Facebook Pages,,Actif,2026-06-29T00:15:34.216666,moyenne
BJ-E81B5668,SO Plomberie SA,BTP & Immobilier,Dogbo-Tota,+229 97 94 68 62,so.plomberie.sa@so.plomberie.sa.org,,TPE (<10),B2B,Facebook Pages,,Actif,2026-06-29T00:15:34.216729,moyenne
BJ-8B5FEB30,Structure,BTP & Immobilier,Dogbo-Tota,+229 57 87 26 22,,structure.bj,Grande (>200),B2C,Facebook Pages,,Actif,2026-06-29T00:15:34.216757,moyenne
BJ-F0C326FE,SO Bâtiment,BTP & Immobilier,Kpomassè,+229 97 77 35 94,so.bâtiment@so.bâtiment.net,,PME (10-50),B2B,Facebook Pages,,Actif,2026-06-29T00:15:34.216802,moyenne
BJ-4B4EE22F,SO Architecte Services,BTP & Immobilier,Kpomassè,+229 76 72 31 56,so.architecte.services@so.architecte.services.com,,PME (10-50),B2C,Facebook Pages,,Actif,2026-06-29T00:15:34.216839,moyenne
BJ-0B0C88F8,SCI Travaux Bénin Kpomassè,BTP & Immobilier,Kpomassè,+229 71 70 31 61,,,PME (50-200),B2C,Facebook Pages,,Actif,2026-06-29T00:15:34.216867,basse
BJ-5CED86C5,BTP Immobilier Ets,BTP & Immobilier,Kpomassè,+229 87 50 22 74,,btpimmobilierets.bj,Grande (>200),B2B,Facebook Pages,,Actif,2026-06-29T00:15:34.216910,moyenne
BJ-2C36C675,BTP Structure Groupe,BTP & Immobilier,Kpomassè,+229 52 55 63 85,,btpstructuregroupe.bj,TPE (<10),B2B,Facebook Pages,,Actif,2026-06-29T00:15:34.216941,moyenne
BJ-E683DB4A,SO Bâtiment Services Tori-Bossito,BTP & Immobilier,Tori-Bossito,+229 45 34 22 72,so.bâtiment.services.toribossito@so.bâtiment.services.toribossito.bj,sobâtimentservicestoribossito.bj,PME (50-200),B2C,Facebook Pages,,Actif,2026-06-29T00:15:34.216989,haute
BJ-2F5455E6,Bâtiment Bénin,BTP & Immobilier,Tori-Bossito,+229 83 76 43 57,,,PME (10-50),B2B,Facebook Pages,,Actif,2026-06-29T00:15:34.217026,basse
BJ-49381812,SO Plomberie,BTP & Immobilier,Tori-Bossito,+229 94 64 26 16,so.plomberie@so.plomberie.benin,,PME (10-50),B2B,Facebook Pages,,Actif,2026-06-29T00:15:34.217061,moyenne
BJ-48DEE247,Cabinet Béton International,BTP & Immobilier,Tori-Bossito,+229 55 30 25 47,cabinet.béton.international@cabinet.béton.international.benin,,TPE (<10),B2B,Facebook Pages,,Actif,2026-06-29T00:15:34.217085,moyenne
BJ-37C85058,SO Architecte,BTP & Immobilier,Tori-Bossito,+229 75 85 91 59,,,PME (10-50),B2C,Facebook Pages,,Actif,2026-06-29T00:15:34.217103,basse
BJ-ADE87016,Maison SARL,BTP & Immobilier,Grand-Popo,+229 57 33 55 44,,maisonsarl.bj,TPE (<10),B2C,Facebook Pages,,Actif,2026-06-29T00:15:34.217163,moyenne
BJ-B76A4C4F,Cabinet Urbanisme,BTP & Immobilier,Grand-Popo,+229 99 69 69 16,cabinet.urbanisme@cabinet.urbanisme.benin,,PME (10-50),B2C,Facebook Pages,,Actif,2026-06-29T00:15:34.217184,moyenne
BJ-C638FE62,Habitat International,BTP & Immobilier,Grand-Popo,+229 33 53 60 53,,habitatinternational.bj,PME (10-50),B2B,Facebook Pages,,Actif,2026-06-29T00:15:34.217211,moyenne
BJ-D5B03C40,Ingénierie Grand-Popo,BTP & Immobilier,Grand-Popo,+229 37 42 13 21,,,PME (10-50),B2B,Facebook Pages,,Actif,2026-06-29T00:15:34.217231,basse
BJ-9945E381,Structure Ets,BTP & Immobilier,Athiémé,+229 83 48 64 16,,structureets.bj,PME (10-50),B2C,Facebook Pages,,Actif,2026-06-29T00:15:34.217286,moyenne
BJ-6BCF9FC2,Béton Cabinet,BTP & Immobilier,Athiémé,+229 20 41 25 10,béton.cabinet@béton.cabinet.benin,bétoncabinet.bj,PME (10-50),B2B,Facebook Pages,,Actif,2026-06-29T00:15:34.217333,haute
BJ-D1CB27E1,Ingénierie Athiémé,BTP & Immobilier,Athiémé,+229 30 31 32 13,ingénierie.athiémé@ingénierie.athiémé.net,ingénierieathiémé.bj,TPE (<10),B2C,Facebook Pages,,Actif,2026-06-29T00:15:34.217362,haute
BJ-C1C6F921,SA Toiture,BTP & Immobilier,Athiémé,+229 80 24 28 90,,,TPE (<10),B2C,Facebook Pages,,Actif,2026-06-29T00:15:34.217393,basse
BJ-4251A3A5,Urbanisme SA,BTP & Immobilier,Bopa,+229 31 38 78 42,,urbanismesa.bj,TPE (<10),B2B,Facebook Pages,,Actif,2026-06-29T00:15:34.217435,moyenne
BJ-300BE947,Groupe Urbanisme,BTP & Immobilier,Bopa,+229 40 83 76 13,groupe.urbanisme@groupe.urbanisme.net,groupeurbanisme.bj,PME (10-50),B2B,Facebook Pages,,Actif,2026-06-29T00:15:34.217473,haute
BJ-355BB2AB,Ets Béton,BTP & Immobilier,Bopa,+229 25 76 65 98,,etsbéton.bj,TPE (<10),B2C,Facebook Pages,,Actif,2026-06-29T00:15:34.217496,moyenne
BJ-8B3C86B5,Plomberie Solutions,BTP & Immobilier,Bopa,+229 22 71 18 55,plomberie.solutions@plomberie.solutions.com,plomberiesolutions.bj,TPE (<10),B2C,Facebook Pages,,Actif,2026-06-29T00:15:34.217518,haute
BJ-789D342A,Immobilier Solutions,BTP & Immobilier,Bopa,+229 87 53 15 52,,,TPE (<10),B2B,Facebook Pages,,Actif,2026-06-29T00:15:34.217543,basse
BJ-7158A633,Travaux Services,BTP & Immobilier,Houéyogbé,+229 72 86 34 40,travaux.services@travaux.services.net,travauxservices.bj,TPE (<10),B2B,Facebook Pages,,Actif,2026-06-29T00:15:34.217582,haute
BJ-420E0360,Travaux,BTP & Immobilier,Houéyogbé,+229 89 96 96 45,,travaux.bj,TPE (<10),B2C,Facebook Pages,,Actif,2026-06-29T00:15:34.217609,moyenne
BJ-75F25FB5,Groupe Construction Groupe,BTP & Immobilier,Houéyogbé,+229 36 32 42 52,,groupeconstructiongroupe.bj,PME (50-200),B2C,Facebook Pages,,Actif,2026-06-29T00:15:34.217631,moyenne
BJ-1E74BCB1,Électricité SA Houéyogbé,BTP & Immobilier,Houéyogbé,+229 43 42 58 84,,,PME (10-50),B2B,Facebook Pages,,Actif,2026-06-29T00:15:34.217679,basse
BJ-B5681BAE,SA Construction Services Malanville,BTP & Immobilier,Malanville,+229 64 86 56 88,,,PME (10-50),B2C,Facebook Pages,,Actif,2026-06-29T00:15:34.217719,basse
BJ-F6FE4001,Structure,BTP & Immobilier,Malanville,+229 44 45 59 38,,structure.bj,PME (50-200),B2C,Facebook Pages,,Actif,2026-06-29T00:15:34.217743,moyenne
BJ-2A163DCF,Immobilier Malanville,BTP & Immobilier,Malanville,+229 38 26 57 13,immobilier.malanville@immobilier.malanville.net,immobiliermalanville.bj,TPE (<10),B2B,Facebook Pages,,Actif,2026-06-29T00:15:34.217804,haute
BJ-617F55FD,Fondation,BTP & Immobilier,Kandi,+229 58 44 32 96,,,PME (10-50),B2B,Facebook Pages,,Actif,2026-06-29T00:15:34.217833,basse
BJ-BD40E7E0,Immobilier Solutions,BTP & Immobilier,Kandi,+229 29 74 41 81,,immobiliersolutions.bj,PME (50-200),B2C,Facebook Pages,,Actif,2026-06-29T00:15:34.217853,moyenne
BJ-DAB7F7EA,SO Toiture Africa,BTP & Immobilier,Kandi,+229 47 32 57 50,,sotoitureafrica.bj,TPE (<10),B2C,Facebook Pages,,Actif,2026-06-29T00:15:34.217875,moyenne
BJ-3F8ACDFF,SO Toiture,BTP & Immobilier,Kandi,+229 30 88 50 14,so.toiture@so.toiture.net,sotoiture.bj,TPE (<10),B2C,Facebook Pages,,Actif,2026-06-29T00:15:34.217924,haute
BJ-DD7A74E4,Maison Groupe,BTP & Immobilier,Kandi,+229 90 89 99 19,maison.groupe@maison.groupe.com,,Grande (>200),B2B,Facebook Pages,,Actif,2026-06-29T00:15:34.217946,moyenne
BJ-EF31EE4E,SCI Béton,BTP & Immobilier,Banikoara,+229 56 79 20 57,sci.béton@sci.béton.benin,scibéton.bj,TPE (<10),B2C,Facebook Pages,,Actif,2026-06-29T00:15:34.218040,haute
BJ-7B95A28A,Ets Habitat,BTP & Immobilier,Banikoara,+229 20 99 85 11,,etshabitat.bj,PME (10-50),B2B,Facebook Pages,,Actif,2026-06-29T00:15:34.218077,moyenne
BJ-FC269438,Maison Bénin,BTP & Immobilier,Banikoara,+229 67 72 49 88,maison.bénin@maison.bénin.com,,TPE (<10),B2C,Facebook Pages,,Actif,2026-06-29T00:15:34.218105,moyenne
BJ-B0B8D088,Travaux Ets Banikoara,BTP & Immobilier,Banikoara,+229 34 21 57 57,,,TPE (<10),B2B,Facebook Pages,,Actif,2026-06-29T00:15:34.218127,basse
BJ-F55C2494,SARL Immobilier Ets,BTP & Immobilier,Banikoara,+229 43 28 63 49,sarl.immobilier.ets@sarl.immobilier.ets.bj,sarlimmobilierets.bj,Grande (>200),B2B,Facebook Pages,,Actif,2026-06-29T00:15:34.218155,haute
BJ-91F4B422,Immobilier International,BTP & Immobilier,Ségbana,+229 63 60 95 94,,,PME (50-200),B2B,Facebook Pages,,Actif,2026-06-29T00:15:34.218190,basse
BJ-80B373DB,Fondation,BTP & Immobilier,Ségbana,+229 24 52 99 79,,,Grande (>200),B2B,Facebook Pages,,Actif,2026-06-29T00:15:34.218219,basse
BJ-18A02B64,Groupe Immobilier,BTP & Immobilier,Ségbana,+229 53 49 56 64,,groupeimmobilier.bj,TPE (<10),B2C,Facebook Pages,,Actif,2026-06-29T00:15:34.218250,moyenne
BJ-3656689A,SCI Ingénierie,BTP & Immobilier,Ségbana,+229 30 79 87 79,sci.ingénierie@sci.ingénierie.org,sciingénierie.bj,TPE (<10),B2C,Facebook Pages,,Actif,2026-06-29T00:15:34.218282,haute
BJ-47B16DDC,Construction,BTP & Immobilier,Karimama,+229 90 71 83 16,construction@construction.net,construction.bj,TPE (<10),B2B,Facebook Pages,,Actif,2026-06-29T00:15:34.218371,haute
BJ-C96B8984,SCI Toiture Karimama,BTP & Immobilier,Karimama,+229 31 71 52 44,,scitoiturekarimama.bj,PME (50-200),B2B,Facebook Pages,,Actif,2026-06-29T00:15:34.218406,moyenne
BJ-0338E696,Cabinet Urbanisme Bénin,BTP & Immobilier,Karimama,+229 20 13 97 72,cabinet.urbanisme.bénin@cabinet.urbanisme.bénin.com,cabineturbanismebénin.bj,PME (10-50),B2B,Facebook Pages,,Actif,2026-06-29T00:15:34.218433,haute
BJ-35B4D889,Structure,BTP & Immobilier,Karimama,+229 56 82 16 19,,,PME (10-50),B2C,Facebook Pages,,Actif,2026-06-29T00:15:34.218452,basse
BJ-298EFB4A,SO Habitat Solutions,BTP & Immobilier,Karimama,+229 63 76 53 87,so.habitat.solutions@so.habitat.solutions.org,,TPE (<10),B2C,Facebook Pages,,Actif,2026-06-29T00:15:34.218473,moyenne
BJ-6211F7F4,Cabinet Fondation Bénin,BTP & Immobilier,Gogounou,+229 54 74 19 41,cabinet.fondation.bénin@cabinet.fondation.bénin.org,,Grande (>200),B2B,Facebook Pages,,Actif,2026-06-29T00:15:34.218521,moyenne
BJ-573D251E,Ingénierie,BTP & Immobilier,Gogounou,+229 85 53 16 34,,,Grande (>200),B2B,Facebook Pages,,Actif,2026-06-29T00:15:34.218576,basse
BJ-CDDD0A3A,Fondation,BTP & Immobilier,Gogounou,+229 64 29 89 26,,,TPE (<10),B2B,Facebook Pages,,Actif,2026-06-29T00:15:34.218599,basse
BJ-A1B02D61,Béton Services,BTP & Immobilier,Cobly,+229 25 70 51 62,béton.services@béton.services.bj,,PME (10-50),B2C,Facebook Pages,,Actif,2026-06-29T00:15:34.218660,moyenne
BJ-7DEA9D67,Ets Maison,BTP & Immobilier,Cobly,+229 80 31 42 43,ets.maison@ets.maison.net,etsmaison.bj,TPE (<10),B2C,Facebook Pages,,Actif,2026-06-29T00:15:34.218701,haute
BJ-D2379902,Ingénierie International,BTP & Immobilier,Cobly,+229 88 99 11 83,ingénierie.international@ingénierie.international.org,ingénierieinternational.bj,PME (50-200),B2B,Facebook Pages,,Actif,2026-06-29T00:15:34.218756,haute
BJ-910AC09F,Cabinet Structure SA Cobly,BTP & Immobilier,Cobly,+229 78 93 51 42,cabinet.structure.sa.cobly@cabinet.structure.sa.cobly.benin,cabinetstructuresacobly.bj,Grande (>200),B2C,Facebook Pages,,Actif,2026-06-29T00:15:34.218784,haute
BJ-6F3A5424,Groupe Béton,BTP & Immobilier,Tanguiéta,+229 52 34 78 40,,,TPE (<10),B2C,Facebook Pages,,Actif,2026-06-29T00:15:34.218818,basse
BJ-948B9E90,Cabinet Béton,BTP & Immobilier,Tanguiéta,+229 72 94 96 52,cabinet.béton@cabinet.béton.benin,cabinetbéton.bj,TPE (<10),B2C,Facebook Pages,,Actif,2026-06-29T00:15:34.218852,haute
BJ-0366C427,SO Construction SARL,BTP & Immobilier,Tanguiéta,+229 89 46 67 80,,soconstructionsarl.bj,PME (10-50),B2B,Facebook Pages,,Actif,2026-06-29T00:15:34.218877,moyenne
BJ-6901BC28,SO Architecte Groupe,BTP & Immobilier,Tanguiéta,+229 31 78 16 49,,soarchitectegroupe.bj,TPE (<10),B2B,Facebook Pages,,Actif,2026-06-29T00:15:34.218918,moyenne
BJ-FA3E1DAC,Groupe Travaux,BTP & Immobilier,Tanguiéta,+229 67 14 42 90,groupe.travaux@groupe.travaux.com,groupetravaux.bj,PME (10-50),B2B,Facebook Pages,,Actif,2026-06-29T00:15:34.218946,haute
BJ-72A77756,Cabinet Travaux Matéri,BTP & Immobilier,Matéri,+229 87 70 29 39,cabinet.travaux.matéri@cabinet.travaux.matéri.org,cabinettravauxmatéri.bj,Grande (>200),B2B,Facebook Pages,,Actif,2026-06-29T00:15:34.218984,haute
BJ-CCF7D7BB,Groupe Habitat,BTP & Immobilier,Matéri,+229 94 43 19 23,groupe.habitat@groupe.habitat.bj,,PME (10-50),B2B,Facebook Pages,,Actif,2026-06-29T00:15:34.219013,moyenne
BJ-FD1A415F,Urbanisme Matéri,BTP & Immobilier,Matéri,+229 34 38 70 42,urbanisme.matéri@urbanisme.matéri.com,urbanismematéri.bj,PME (10-50),B2C,Facebook Pages,,Actif,2026-06-29T00:15:34.219041,haute
BJ-2F18CD44,Fondation Bénin,BTP & Immobilier,Matéri,+229 96 59 92 78,,,Grande (>200),B2C,Facebook Pages,,Actif,2026-06-29T00:15:34.219065,basse
BJ-0F22BE7F,Architecte Services,BTP & Immobilier,Matéri,+229 83 11 22 88,,architecteservices.bj,PME (10-50),B2C,Facebook Pages,,Actif,2026-06-29T00:15:34.219090,moyenne
BJ-EB314B05,Fondation International,BTP & Immobilier,Natitingou,+229 33 89 94 20,,,PME (10-50),B2B,Facebook Pages,,Actif,2026-06-29T00:15:34.219123,basse
BJ-FC53E97E,BTP Toiture,BTP & Immobilier,Natitingou,+229 84 95 70 67,btp.toiture@btp.toiture.com,,Grande (>200),B2C,Facebook Pages,,Actif,2026-06-29T00:15:34.219148,moyenne
BJ-1E9FDA68,BTP Construction,BTP & Immobilier,Natitingou,+229 24 62 92 60,,,PME (50-200),B2B,Facebook Pages,,Actif,2026-06-29T00:15:34.219178,basse
BJ-17AFDC7D,Bâtiment,BTP & Immobilier,Natitingou,+229 48 40 58 57,bâtiment@bâtiment.net,bâtiment.bj,PME (10-50),B2C,Facebook Pages,,Actif,2026-06-29T00:15:34.219224,haute
BJ-ADF54982,Électricité Bénin Toucountouna,BTP & Immobilier,Toucountouna,+229 80 90 70 97,,électricitébénintoucountouna.bj,PME (10-50),B2C,Facebook Pages,,Actif,2026-06-29T00:15:34.219247,moyenne
BJ-0494FAF3,Fondation,BTP & Immobilier,Toucountouna,+229 44 40 87 65,,,PME (10-50),B2B,Facebook Pages,,Actif,2026-06-29T00:15:34.219262,basse
BJ-3393AF2B,BTP Électricité SARL,BTP & Immobilier,Toucountouna,+229 33 11 17 27,btp.électricité.sarl@btp.électricité.sarl.net,,TPE (<10),B2B,Facebook Pages,,Actif,2026-06-29T00:15:34.219288,moyenne
BJ-8C2E56A9,Ets Plomberie SARL,BTP & Immobilier,Toucountouna,+229 55 26 51 41,,,Grande (>200),B2B,Facebook Pages,,Actif,2026-06-29T00:15:34.219299,basse
BJ-6373CC4F,Habitat Solutions Boukoumbé,BTP & Immobilier,Boukoumbé,+229 83 96 38 35,habitat.solutions.boukoumbé@habitat.solutions.boukoumbé.com,habitatsolutionsboukoumbé.bj,PME (10-50),B2B,Facebook Pages,,Actif,2026-06-29T00:15:34.219320,haute
BJ-0F760A9A,SO Bâtiment International,BTP & Immobilier,Boukoumbé,+229 32 44 29 69,,sobâtimentinternational.bj,TPE (<10),B2C,Facebook Pages,,Actif,2026-06-29T00:15:34.219333,moyenne
BJ-1DE317F0,Groupe Plomberie Cabinet,BTP & Immobilier,Boukoumbé,+229 81 45 13 59,,groupeplomberiecabinet.bj,PME (10-50),B2B,Facebook Pages,,Actif,2026-06-29T00:15:34.219345,moyenne
BJ-52E394DD,Ingénierie International,BTP & Immobilier,Boukoumbé,+229 70 40 94 54,ingénierie.international@ingénierie.international.net,,PME (10-50),B2B,Facebook Pages,,Actif,2026-06-29T00:15:34.219369,moyenne
BJ-0F2E49C7,Béton Africa,BTP & Immobilier,Kouandé,+229 46 11 13 98,béton.africa@béton.africa.bj,bétonafrica.bj,TPE (<10),B2C,Facebook Pages,,Actif,2026-06-29T00:15:34.219388,haute
BJ-BA4E8370,Urbanisme,BTP & Immobilier,Kouandé,+229 41 31 63 93,urbanisme@urbanisme.net,urbanisme.bj,Grande (>200),B2B,Facebook Pages,,Actif,2026-06-29T00:15:34.219404,haute
BJ-D2E3A917,Groupe Fondation Services,BTP & Immobilier,Kouandé,+229 50 44 45 29,,groupefondationservices.bj,PME (10-50),B2C,Facebook Pages,,Actif,2026-06-29T00:15:34.219416,moyenne
BJ-0620E79C,Construction Ets,BTP & Immobilier,Kouandé,+229 60 32 52 79,,constructionets.bj,TPE (<10),B2B,Facebook Pages,,Actif,2026-06-29T00:15:34.219427,moyenne
BJ-F6F1273A,Toiture Africa,BTP & Immobilier,Kouandé,+229 33 66 15 28,toiture.africa@toiture.africa.com,toitureafrica.bj,TPE (<10),B2B,Facebook Pages,,Actif,2026-06-29T00:15:34.219443,haute
BJ-DA6B87A8,Immobilier,BTP & Immobilier,Péhunco,+229 77 13 11 32,immobilier@immobilier.bj,immobilier.bj,PME (10-50),B2B,Facebook Pages,,Actif,2026-06-29T00:15:34.219465,haute
BJ-44FD41A7,Urbanisme Africa,BTP & Immobilier,Péhunco,+229 83 42 35 41,,,PME (10-50),B2B,Facebook Pages,,Actif,2026-06-29T00:15:34.219476,basse
BJ-1712B2E9,SARL Urbanisme Africa,BTP & Immobilier,Péhunco,+229 81 50 24 69,,sarlurbanismeafrica.bj,PME (10-50),B2B,Facebook Pages,,Actif,2026-06-29T00:15:34.219488,moyenne
BJ-882DA145,Électricité Cabinet,BTP & Immobilier,Péhunco,+229 82 43 76 97,,,PME (10-50),B2B,Facebook Pages,,Actif,2026-06-29T00:15:34.219499,basse
BJ-B96B91C6,Immobilier Cabinet,BTP & Immobilier,Péhunco,+229 54 48 25 97,immobilier.cabinet@immobilier.cabinet.com,immobiliercabinet.bj,PME (10-50),B2B,Facebook Pages,,Actif,2026-06-29T00:15:34.219511,haute
BJ-85D99688,Béton Solutions,BTP & Immobilier,Tchaourou,+229 70 42 98 91,béton.solutions@béton.solutions.bj,,TPE (<10),B2C,Facebook Pages,,Actif,2026-06-29T00:15:34.219529,moyenne
BJ-A2E48E2F,Groupe Architecte Bénin,BTP & Immobilier,Tchaourou,+229 44 15 80 80,groupe.architecte.bénin@groupe.architecte.bénin.com,groupearchitectebénin.bj,PME (10-50),B2B,Facebook Pages,,Actif,2026-06-29T00:15:34.219546,haute
BJ-ABB807F5,Cabinet Toiture,BTP & Immobilier,Tchaourou,+229 53 51 53 81,,cabinettoiture.bj,PME (10-50),B2B,Facebook Pages,,Actif,2026-06-29T00:15:34.219558,moyenne
BJ-1E1F30F9,Cabinet Électricité,BTP & Immobilier,Tchaourou,+229 96 24 59 93,cabinet.électricité@cabinet.électricité.benin,,TPE (<10),B2B,Facebook Pages,,Actif,2026-06-29T00:15:34.219570,moyenne
BJ-57F1FEE1,Habitat Nikki,BTP & Immobilier,Nikki,+229 29 57 89 46,habitat.nikki@habitat.nikki.benin,,PME (10-50),B2C,Facebook Pages,,Actif,2026-06-29T00:15:34.219599,moyenne
BJ-6FECFEAB,Groupe Ingénierie,BTP & Immobilier,Nikki,+229 70 27 21 15,groupe.ingénierie@groupe.ingénierie.net,,PME (10-50),B2C,Facebook Pages,,Actif,2026-06-29T00:15:34.219611,moyenne
BJ-1C06336D,Structure Africa Nikki,BTP & Immobilier,Nikki,+229 35 73 18 93,,,TPE (<10),B2B,Facebook Pages,,Actif,2026-06-29T00:15:34.219621,basse
BJ-BB00062F,Architecte Groupe,BTP & Immobilier,Nikki,+229 80 43 67 86,architecte.groupe@architecte.groupe.com,,PME (50-200),B2B,Facebook Pages,,Actif,2026-06-29T00:15:34.219632,moyenne
BJ-CCAF5DF3,Ets Maison Ets,BTP & Immobilier,Nikki,+229 38 16 57 40,,,PME (10-50),B2B,Facebook Pages,,Actif,2026-06-29T00:15:34.219646,basse
BJ-DE518FA4,Travaux Solutions Bembéréké,BTP & Immobilier,Bembéréké,+229 69 67 94 37,,,PME (50-200),B2B,Facebook Pages,,Actif,2026-06-29T00:15:34.219663,basse
BJ-1C05F511,SA Architecte SA,BTP & Immobilier,Bembéréké,+229 35 74 62 35,,,TPE (<10),B2B,Facebook Pages,,Actif,2026-06-29T00:15:34.219677,basse
BJ-7CE67E3C,Habitat Solutions Bembéréké,BTP & Immobilier,Bembéréké,+229 31 39 60 16,habitat.solutions.bembéréké@habitat.solutions.bembéréké.net,,TPE (<10),B2B,Facebook Pages,,Actif,2026-06-29T00:15:34.219690,moyenne
BJ-7E47A022,SO Structure Services,BTP & Immobilier,Bembéréké,+229 52 29 50 33,so.structure.services@so.structure.services.com,,TPE (<10),B2C,Facebook Pages,,Actif,2026-06-29T00:15:34.219701,moyenne
BJ-0E3E4C3F,SARL Architecte Africa,BTP & Immobilier,Bembéréké,+229 42 76 92 49,,sarlarchitecteafrica.bj,PME (50-200),B2C,Facebook Pages,,Actif,2026-06-29T00:15:34.219712,moyenne
BJ-DFF6D551,Ingénierie,BTP & Immobilier,Kalalé,+229 50 24 41 73,,ingénierie.bj,TPE (<10),B2B,Facebook Pages,,Actif,2026-06-29T00:15:34.219733,moyenne
BJ-7E4CE581,Plomberie,BTP & Immobilier,Kalalé,+229 82 87 64 68,plomberie@plomberie.net,,Grande (>200),B2C,Facebook Pages,,Actif,2026-06-29T00:15:34.219747,moyenne
BJ-77C14F06,Ets Toiture,BTP & Immobilier,Kalalé,+229 60 86 86 12,ets.toiture@ets.toiture.net,etstoiture.bj,PME (10-50),B2C,Facebook Pages,,Actif,2026-06-29T00:15:34.219759,haute
BJ-07A8F149,Urbanisme Bénin,BTP & Immobilier,Kalalé,+229 99 79 82 96,,,TPE (<10),B2C,Facebook Pages,,Actif,2026-06-29T00:15:34.219771,basse
BJ-42E6C862,Électricité SA,BTP & Immobilier,Kalalé,+229 92 61 93 17,électricité.sa@électricité.sa.com,,TPE (<10),B2B,Facebook Pages,,Actif,2026-06-29T00:15:34.219783,moyenne
BJ-C6B10E94,Cabinet Travaux Ets,BTP & Immobilier,Ndali,+229 41 27 37 78,cabinet.travaux.ets@cabinet.travaux.ets.com,,TPE (<10),B2C,Facebook Pages,,Actif,2026-06-29T00:15:34.219802,moyenne
BJ-0B5E6271,Urbanisme,BTP & Immobilier,Ndali,+229 95 51 69 29,,,Grande (>200),B2B,Facebook Pages,,Actif,2026-06-29T00:15:34.219816,basse
BJ-FC47C9C9,SARL Maison,BTP & Immobilier,Ndali,+229 99 17 63 86,,sarlmaison.bj,PME (50-200),B2B,Facebook Pages,,Actif,2026-06-29T00:15:34.219851,moyenne
BJ-9A1D1CA3,SCI Électricité,BTP & Immobilier,Ségbana,+229 23 79 98 56,sci.électricité@sci.électricité.benin,,Grande (>200),B2B,Facebook Pages,,Actif,2026-06-29T00:15:34.219872,moyenne
BJ-FD173C52,SO Travaux Ségbana,BTP & Immobilier,Ségbana,+229 62 12 35 99,so.travaux.ségbana@so.travaux.ségbana.org,sotravauxségbana.bj,PME (10-50),B2B,Facebook Pages,,Actif,2026-06-29T00:15:34.219903,haute
BJ-C17C6744,Immobilier Bénin,BTP & Immobilier,Ségbana,+229 88 33 29 78,immobilier.bénin@immobilier.bénin.org,immobilierbénin.bj,TPE (<10),B2B,Facebook Pages,,Actif,2026-06-29T00:15:34.219959,haute
BJ-D0D36E7D,Cabinet Ingénierie Groupe,BTP & Immobilier,Tchaourou,+229 94 80 11 14,,cabinetingénieriegroupe.bj,TPE (<10),B2C,Facebook Pages,,Actif,2026-06-29T00:15:34.220025,moyenne
BJ-1722D709,Fondation Cabinet,BTP & Immobilier,Tchaourou,+229 31 77 56 88,fondation.cabinet@fondation.cabinet.bj,fondationcabinet.bj,PME (50-200),B2C,Facebook Pages,,Actif,2026-06-29T00:15:34.220045,haute
BJ-FA40A0C8,Ingénierie Solutions,BTP & Immobilier,Tchaourou,+229 90 66 13 13,ingénierie.solutions@ingénierie.solutions.net,,PME (50-200),B2B,Facebook Pages,,Actif,2026-06-29T00:15:34.220060,moyenne
BJ-75ECA436,Travaux Cabinet Tchaourou,BTP & Immobilier,Tchaourou,+229 76 20 54 59,travaux.cabinet.tchaourou@travaux.cabinet.tchaourou.bj,,Grande (>200),B2B,Facebook Pages,,Actif,2026-06-29T00:15:34.220086,moyenne
BJ-22539454,SO Urbanisme,BTP & Immobilier,Bétérou,+229 22 43 68 33,so.urbanisme@so.urbanisme.net,sourbanisme.bj,PME (50-200),B2C,Facebook Pages,,Actif,2026-06-29T00:15:34.220105,haute
BJ-CD2DD089,SARL Architecte,BTP & Immobilier,Bétérou,+229 70 96 26 60,sarl.architecte@sarl.architecte.org,,TPE (<10),B2C,Facebook Pages,,Actif,2026-06-29T00:15:34.220117,moyenne
BJ-92890291,Bâtiment Ets,BTP & Immobilier,Bétérou,+229 28 12 41 33,,bâtimentets.bj,TPE (<10),B2C,Facebook Pages,,Actif,2026-06-29T00:15:34.220128,moyenne
BJ-AC1D0787,SO Toiture Africa,BTP & Immobilier,Bétérou,+229 20 30 47 79,so.toiture.africa@so.toiture.africa.com,,PME (50-200),B2B,Facebook Pages,,Actif,2026-06-29T00:15:34.220139,moyenne
BJ-B264B523,Groupe Construction International,BTP & Immobilier,Bétérou,+229 99 33 66 68,groupe.construction.international@groupe.construction.international.org,groupeconstructioninternational.bj,PME (10-50),B2C,Facebook Pages,,Actif,2026-06-29T00:15:34.220152,haute
BJ-ABCE1645,Fondation International Ouessè,BTP & Immobilier,Ouessè,+229 78 62 54 72,fondation.international.ouessè@fondation.international.ouessè.org,fondationinternationalouessè.bj,PME (50-200),B2B,Facebook Pages,,Actif,2026-06-29T00:15:34.220197,haute
BJ-BA2DF8FB,Fondation Groupe,BTP & Immobilier,Ouessè,+229 53 42 74 98,fondation.groupe@fondation.groupe.benin,,PME (50-200),B2B,Facebook Pages,,Actif,2026-06-29T00:15:34.220212,moyenne
BJ-C98C1F87,Urbanisme Ets,BTP & Immobilier,Ouessè,+229 30 17 99 72,,urbanismeets.bj,TPE (<10),B2B,Facebook Pages,,Actif,2026-06-29T00:15:34.220223,moyenne
BJ-9AEE691C,SARL Urbanisme,BTP & Immobilier,Glazoué,+229 40 25 85 81,sarl.urbanisme@sarl.urbanisme.benin,,TPE (<10),B2B,Facebook Pages,,Actif,2026-06-29T00:15:34.220241,moyenne
BJ-5BDA3DFB,Toiture Cabinet,BTP & Immobilier,Glazoué,+229 51 61 89 70,toiture.cabinet@toiture.cabinet.org,,TPE (<10),B2B,Facebook Pages,,Actif,2026-06-29T00:15:34.220253,moyenne
BJ-92982112,Architecte SA,BTP & Immobilier,Glazoué,+229 67 57 26 25,architecte.sa@architecte.sa.org,,TPE (<10),B2B,Facebook Pages,,Actif,2026-06-29T00:15:34.220264,moyenne
BJ-7200507A,Ingénierie Bénin,BTP & Immobilier,Glazoué,+229 38 56 95 92,,ingénieriebénin.bj,Grande (>200),B2B,Facebook Pages,,Actif,2026-06-29T00:15:34.220278,moyenne
BJ-0253E740,Groupe Travaux Dassa-Zoumè,BTP & Immobilier,Dassa-Zoumè,+229 96 75 47 24,,groupetravauxdassazoumè.bj,TPE (<10),B2C,Facebook Pages,,Actif,2026-06-29T00:15:34.220309,moyenne
BJ-0E375C4D,BTP Électricité,BTP & Immobilier,Dassa-Zoumè,+229 39 71 34 25,btp.électricité@btp.électricité.bj,,PME (50-200),B2C,Facebook Pages,,Actif,2026-06-29T00:15:34.220348,moyenne
BJ-48F1EB0B,Travaux,BTP & Immobilier,Dassa-Zoumè,+229 22 77 66 16,travaux@travaux.com,travaux.bj,PME (10-50),B2C,Facebook Pages,,Actif,2026-06-29T00:15:34.220360,haute
BJ-C158ADBE,Bâtiment,BTP & Immobilier,Savalou,+229 80 20 45 25,,bâtiment.bj,PME (10-50),B2B,Facebook Pages,,Actif,2026-06-29T00:15:34.220377,moyenne
BJ-F99426E9,SA Bâtiment SARL,BTP & Immobilier,Savalou,+229 35 90 21 54,sa.bâtiment.sarl@sa.bâtiment.sarl.com,,TPE (<10),B2B,Facebook Pages,,Actif,2026-06-29T00:15:34.220388,moyenne
BJ-CF1D242D,Électricité SARL,BTP & Immobilier,Savalou,+229 40 46 75 35,électricité.sarl@électricité.sarl.org,,PME (10-50),B2B,Facebook Pages,,Actif,2026-06-29T00:15:34.220400,moyenne
BJ-5F824113,Ets Plomberie Cabinet,BTP & Immobilier,Savalou,+229 28 84 93 50,,,PME (50-200),B2C,Facebook Pages,,Actif,2026-06-29T00:15:34.220413,basse
BJ-FA220FB4,SARL Immobilier,BTP & Immobilier,Savalou,+229 81 19 33 12,sarl.immobilier@sarl.immobilier.com,,TPE (<10),B2B,Facebook Pages,,Actif,2026-06-29T00:15:34.220425,moyenne
BJ-FD9F04E3,Structure SA,BTP & Immobilier,Bantè,+229 21 64 21 65,,structuresa.bj,TPE (<10),B2B,Facebook Pages,,Actif,2026-06-29T00:15:34.220442,moyenne
BJ-F367B614,Ets Habitat Solutions,BTP & Immobilier,Bantè,+229 70 74 42 84,,,Grande (>200),B2B,Facebook Pages,,Actif,2026-06-29T00:15:34.220477,basse
BJ-97918F97,Ets Bâtiment,BTP & Immobilier,Bantè,+229 39 28 82 47,ets.bâtiment@ets.bâtiment.org,etsbâtiment.bj,TPE (<10),B2B,Facebook Pages,,Actif,2026-06-29T00:15:34.220498,haute
BJ-ED33490E,Maison Cabinet,BTP & Immobilier,Bantè,+229 59 65 44 46,maison.cabinet@maison.cabinet.com,maisoncabinet.bj,PME (10-50),B2C,Facebook Pages,,Actif,2026-06-29T00:15:34.220522,haute
BJ-F33A41E3,Fondation Cabinet,BTP & Immobilier,Djougou,+229 47 42 14 66,fondation.cabinet@fondation.cabinet.benin,fondationcabinet.bj,Grande (>200),B2B,Facebook Pages,,Actif,2026-06-29T00:15:34.220557,haute
BJ-FDDB5440,Groupe Électricité Services,BTP & Immobilier,Djougou,+229 71 36 38 53,groupe.électricité.services@groupe.électricité.services.bj,groupeélectricitéservices.bj,TPE (<10),B2C,Facebook Pages,,Actif,2026-06-29T00:15:34.220575,haute
BJ-2D29C223,Électricité,BTP & Immobilier,Djougou,+229 88 71 68 80,,,Grande (>200),B2C,Facebook Pages,,Actif,2026-06-29T00:15:34.220585,basse
BJ-183B15D7,Bâtiment Djougou,BTP & Immobilier,Djougou,+229 20 22 55 51,bâtiment.djougou@bâtiment.djougou.org,,PME (10-50),B2C,Facebook Pages,,Actif,2026-06-29T00:15:34.220598,moyenne
BJ-8C606D6F,Ingénierie,BTP & Immobilier,Djougou,+229 47 76 97 71,ingénierie@ingénierie.com,ingénierie.bj,TPE (<10),B2C,Facebook Pages,,Actif,2026-06-29T00:15:34.220610,haute
BJ-03FEFD8F,Ets Bâtiment Bénin,BTP & Immobilier,Ouèssè,+229 77 49 19 78,,,PME (50-200),B2B,Facebook Pages,,Actif,2026-06-29T00:15:34.220627,basse
BJ-95B37D7D,SCI Structure Ouèssè,BTP & Immobilier,Ouèssè,+229 46 56 37 67,,,PME (50-200),B2B,Facebook Pages,,Actif,2026-06-29T00:15:34.220641,basse
BJ-15F7B3E8,SA Construction Groupe Ouèssè,BTP & Immobilier,Ouèssè,+229 57 17 81 35,,,PME (10-50),B2C,Facebook Pages,,Actif,2026-06-29T00:15:34.220652,basse
BJ-777730A6,Immobilier,BTP & Immobilier,Ouèssè,+229 43 89 90 43,immobilier@immobilier.org,immobilier.bj,TPE (<10),B2C,Facebook Pages,,Actif,2026-06-29T00:15:34.220663,haute
BJ-76A40BDD,Plomberie Ouèssè,BTP & Immobilier,Ouèssè,+229 33 92 49 62,plomberie.ouèssè@plomberie.ouèssè.bj,,TPE (<10),B2C,Facebook Pages,,Actif,2026-06-29T00:15:34.220675,moyenne
BJ-488F1928,SO Immobilier Bassila,BTP & Immobilier,Bassila,+229 77 38 20 19,,soimmobilierbassila.bj,PME (50-200),B2C,Facebook Pages,,Actif,2026-06-29T00:15:34.220695,moyenne
BJ-FB41EB4C,SO Ingénierie,BTP & Immobilier,Bassila,+229 43 71 69 63,,soingénierie.bj,PME (10-50),B2B,Facebook Pages,,Actif,2026-06-29T00:15:34.220711,moyenne
BJ-968A8D37,SO Béton Bénin,BTP & Immobilier,Bassila,+229 52 73 16 16,,sobétonbénin.bj,PME (50-200),B2B,Facebook Pages,,Actif,2026-06-29T00:15:34.220723,moyenne
BJ-044F4CE3,Ets Urbanisme Services Bassila,BTP & Immobilier,Bassila,+229 32 86 97 30,,,TPE (<10),B2B,Facebook Pages,,Actif,2026-06-29T00:15:34.220733,basse
BJ-770E798F,SA Structure Bassila,BTP & Immobilier,Bassila,+229 74 26 51 94,,sastructurebassila.bj,PME (10-50),B2C,Facebook Pages,,Actif,2026-06-29T00:15:34.220744,moyenne
BJ-692CDB55,SARL Béton Pehunco,BTP & Immobilier,Pehunco,+229 30 46 62 75,sarl.béton.pehunco@sarl.béton.pehunco.bj,sarlbétonpehunco.bj,PME (10-50),B2B,Facebook Pages,,Actif,2026-06-29T00:15:34.220763,haute
BJ-A0E718D8,Maison Solutions,BTP & Immobilier,Pehunco,+229 57 69 57 71,maison.solutions@maison.solutions.com,,PME (50-200),B2B,Facebook Pages,,Actif,2026-06-29T00:15:34.220778,moyenne
BJ-53C5E0F2,Cabinet Maison Services,BTP & Immobilier,Pehunco,+229 61 83 65 34,cabinet.maison.services@cabinet.maison.services.benin,,PME (10-50),B2C,Facebook Pages,,Actif,2026-06-29T00:15:34.220790,moyenne
BJ-1AA8302B,SO Béton Ets,BTP & Immobilier,Pehunco,+229 53 62 95 97,,sobétonets.bj,TPE (<10),B2C,Facebook Pages,,Actif,2026-06-29T00:15:34.220812,moyenne
BJ-201583F9,SARL Urbanisme SA Copargo,BTP & Immobilier,Copargo,+229 42 89 83 41,sarl.urbanisme.sa.copargo@sarl.urbanisme.sa.copargo.com,sarlurbanismesacopargo.bj,TPE (<10),B2B,Facebook Pages,,Actif,2026-06-29T00:15:34.220830,haute
BJ-4604EA9B,Ets Travaux Africa,BTP & Immobilier,Copargo,+229 51 36 42 93,,,PME (50-200),B2B,Facebook Pages,,Actif,2026-06-29T00:15:34.220841,basse
BJ-8F543F1E,Structure Solutions Copargo,BTP & Immobilier,Copargo,+229 66 28 30 86,,,PME (10-50),B2C,Facebook Pages,,Actif,2026-06-29T00:15:34.220851,basse
BJ-CA22553C,Construction Solutions,BTP & Immobilier,Copargo,+229 78 26 71 84,construction.solutions@construction.solutions.org,constructionsolutions.bj,TPE (<10),B2C,Facebook Pages,,Actif,2026-06-29T00:15:34.220862,haute
BJ-D112D83B,Plomberie Copargo,BTP & Immobilier,Copargo,+229 79 30 53 52,plomberie.copargo@plomberie.copargo.com,plomberiecopargo.bj,TPE (<10),B2B,Facebook Pages,,Actif,2026-06-29T00:15:34.220874,haute
BJ-DB12E998,Boutique SARL Cotonou,Commerce & Distribution,Cotonou,+229 37 48 15 19,,,TPE (<10),B2C,Facebook Pages,,Actif,2026-06-29T00:15:34.220901,basse
BJ-A792A708,Supermarché Bénin,Commerce & Distribution,Cotonou,+229 33 43 21 25,supermarché.bénin@supermarché.bénin.net,,PME (50-200),B2C,Facebook Pages,,Actif,2026-06-29T00:15:34.220919,moyenne
BJ-20F7F844,Centre Épicerie Store,Commerce & Distribution,Cotonou,+229 57 93 24 16,,,TPE (<10),B2C,Facebook Pages,,Actif,2026-06-29T00:15:34.220931,basse
BJ-1EDFE106,Épicerie SARL,Commerce & Distribution,Cotonou,+229 88 82 83 28,,épiceriesarl.bj,PME (10-50),B2B/B2C,Facebook Pages,,Actif,2026-06-29T00:15:34.220956,moyenne
BJ-AD790355,Ets Supply Store,Commerce & Distribution,Abomey-Calavi,+229 61 52 68 31,,,PME (10-50),B2C,Facebook Pages,,Actif,2026-06-29T00:15:34.220972,basse
BJ-39C9EF9E,Supply Shop Abomey-Calavi,Commerce & Distribution,Abomey-Calavi,+229 94 80 66 18,,,PME (10-50),B2B/B2C,Facebook Pages,,Actif,2026-06-29T00:15:34.220983,basse
BJ-4591B3D1,Distribution Détaillant Bénin,Commerce & Distribution,Abomey-Calavi,+229 64 43 12 32,,distributiondétaillantbénin.bj,PME (50-200),B2C,Facebook Pages,,Actif,2026-06-29T00:15:34.220996,moyenne
BJ-83FF5DD7,SARL Détaillant International,Commerce & Distribution,Abomey-Calavi,+229 75 10 17 59,,sarldétaillantinternational.bj,TPE (<10),B2C,Facebook Pages,,Actif,2026-06-29T00:15:34.221007,moyenne
BJ-8042B3AD,SARL Supermarché Shop,Commerce & Distribution,Abomey-Calavi,+229 42 37 48 48,sarl.supermarché.shop@sarl.supermarché.shop.com,,PME (10-50),B2C,Facebook Pages,,Actif,2026-06-29T00:15:34.221019,moyenne
BJ-F151CFAA,Centre Grossiste SARL,Commerce & Distribution,Porto-Novo,+229 65 93 68 38,,,PME (10-50),B2C,Facebook Pages,,Actif,2026-06-29T00:15:34.221034,basse
BJ-2BA2668D,Supply,Commerce & Distribution,Porto-Novo,+229 66 28 64 66,,supply.bj,PME (50-200),B2C,Facebook Pages,,Actif,2026-06-29T00:15:34.221053,moyenne
BJ-8B77669F,Commerce Supermarché,Commerce & Distribution,Porto-Novo,+229 69 58 90 90,,,TPE (<10),B2B/B2C,Facebook Pages,,Actif,2026-06-29T00:15:34.221065,basse
BJ-446B4F93,Provision,Commerce & Distribution,Porto-Novo,+229 49 91 16 85,provision@provision.bj,,PME (50-200),B2C,Facebook Pages,,Actif,2026-06-29T00:15:34.221079,moyenne
BJ-C3AE64CC,Marché Magasin Porto-Novo,Commerce & Distribution,Porto-Novo,+229 27 75 78 79,,,TPE (<10),B2C,Facebook Pages,,Actif,2026-06-29T00:15:34.221090,basse
BJ-39CE34C9,Super Commerce Market,Commerce & Distribution,Parakou,+229 66 16 14 56,super.commerce.market@super.commerce.market.com,,PME (50-200),B2B/B2C,Facebook Pages,,Actif,2026-06-29T00:15:34.221107,moyenne
BJ-FDEB40CE,Commerce,Commerce & Distribution,Parakou,+229 69 24 88 22,,commerce.bj,PME (10-50),B2C,Facebook Pages,,Actif,2026-06-29T00:15:34.221118,moyenne
BJ-96F3A243,Supermarché Groupe,Commerce & Distribution,Parakou,+229 22 26 11 19,supermarché.groupe@supermarché.groupe.bj,supermarchégroupe.bj,PME (50-200),B2C,Facebook Pages,,Actif,2026-06-29T00:15:34.221130,haute
BJ-A59CDC96,Alimentaire SARL,Commerce & Distribution,Parakou,+229 62 45 64 71,,,Grande (>200),B2C,Facebook Pages,,Actif,2026-06-29T00:15:34.221141,basse
BJ-F509A971,SARL Provision,Commerce & Distribution,Parakou,+229 48 98 99 68,,sarlprovision.bj,TPE (<10),B2C,Facebook Pages,,Actif,2026-06-29T00:15:34.221155,moyenne
BJ-9679D6C8,Supply Groupe,Commerce & Distribution,Bohicon,+229 87 38 68 73,supply.groupe@supply.groupe.net,,TPE (<10),B2B/B2C,Facebook Pages,,Actif,2026-06-29T00:15:34.221175,moyenne
BJ-E3EBEF05,SARL Grossiste Ets,Commerce & Distribution,Bohicon,+229 79 67 64 83,,,TPE (<10),B2B/B2C,Facebook Pages,,Actif,2026-06-29T00:15:34.221189,basse
BJ-673C11D9,Ets Provision,Commerce & Distribution,Bohicon,+229 69 33 75 68,ets.provision@ets.provision.net,etsprovision.bj,PME (10-50),B2B/B2C,Facebook Pages,,Actif,2026-06-29T00:15:34.221202,haute
BJ-ACD4891E,Supermarché Groupe,Commerce & Distribution,Bohicon,+229 97 23 94 39,,,PME (10-50),B2B/B2C,Facebook Pages,,Actif,2026-06-29T00:15:34.221212,basse
BJ-78F2259C,Commerce Magasin Market,Commerce & Distribution,Bohicon,+229 59 45 13 21,commerce.magasin.market@commerce.magasin.market.org,,TPE (<10),B2B/B2C,Facebook Pages,,Actif,2026-06-29T00:15:34.221223,moyenne
BJ-66BD35B5,Stock Store,Commerce & Distribution,Natitingou,+229 33 14 71 31,,,PME (10-50),B2B/B2C,Facebook Pages,,Actif,2026-06-29T00:15:34.221251,basse
BJ-0105D2D4,Commerce Magasin Store Natitingou,Commerce & Distribution,Natitingou,+229 39 24 11 32,commerce.magasin.store.natitingou@commerce.magasin.store.natitingou.benin,commercemagasinstorenatitingou.bj,TPE (<10),B2C,Facebook Pages,,Actif,2026-06-29T00:15:34.221264,haute
BJ-82D52E8D,Grossiste,Commerce & Distribution,Lokossa,+229 30 77 97 26,,grossiste.bj,PME (10-50),B2C,Facebook Pages,,Actif,2026-06-29T00:15:34.221300,moyenne
BJ-0D864F68,Commerce Supermarché Ets,Commerce & Distribution,Lokossa,+229 60 50 93 65,,,PME (10-50),B2C,Facebook Pages,,Actif,2026-06-29T00:15:34.221314,basse
BJ-B3B95A9E,Commerce Supply,Commerce & Distribution,Lokossa,+229 32 91 37 37,commerce.supply@commerce.supply.net,,Grande (>200),B2C,Facebook Pages,,Actif,2026-06-29T00:15:34.221325,moyenne
BJ-46D7E0ED,Supply Bénin Lokossa,Commerce & Distribution,Lokossa,+229 81 85 94 36,,,TPE (<10),B2C,Facebook Pages,,Actif,2026-06-29T00:15:34.221345,basse
BJ-E16B76F2,Supply Ets,Commerce & Distribution,Ouidah,+229 58 57 64 87,supply.ets@supply.ets.bj,,PME (50-200),B2C,Facebook Pages,,Actif,2026-06-29T00:15:34.221375,moyenne
BJ-2A8EF4B4,Super Commerce Ouidah,Commerce & Distribution,Ouidah,+229 60 54 74 31,super.commerce.ouidah@super.commerce.ouidah.benin,,PME (50-200),B2C,Facebook Pages,,Actif,2026-06-29T00:15:34.221386,moyenne
BJ-C1846EFC,Stock International,Commerce & Distribution,Ouidah,+229 98 71 46 19,,stockinternational.bj,PME (10-50),B2B/B2C,Facebook Pages,,Actif,2026-06-29T00:15:34.221397,moyenne
BJ-C66E4373,Stock,Commerce & Distribution,Ouidah,+229 48 33 30 56,,,Grande (>200),B2C,Facebook Pages,,Actif,2026-06-29T00:15:34.221408,basse
BJ-40C55549,Alimentaire Shop Savalou,Commerce & Distribution,Savalou,+229 61 80 70 82,alimentaire.shop.savalou@alimentaire.shop.savalou.benin,alimentaireshopsavalou.bj,PME (10-50),B2B/B2C,Facebook Pages,,Actif,2026-06-29T00:15:34.221425,haute
BJ-A813354F,Boutique Store,Commerce & Distribution,Savalou,+229 99 24 87 58,,boutiquestore.bj,PME (50-200),B2C,Facebook Pages,,Actif,2026-06-29T00:15:34.221439,moyenne
BJ-258107DC,Boutique SARL,Commerce & Distribution,Savalou,+229 86 58 23 83,,boutiquesarl.bj,Grande (>200),B2B/B2C,Facebook Pages,,Actif,2026-06-29T00:15:34.221450,moyenne
BJ-B85BE71E,Épicerie Ets,Commerce & Distribution,Savalou,+229 61 27 30 39,,épicerieets.bj,PME (50-200),B2B/B2C,Facebook Pages,,Actif,2026-06-29T00:15:34.221466,moyenne
BJ-820206AB,Super Distribution Ets,Commerce & Distribution,Savalou,+229 28 29 75 39,,,TPE (<10),B2C,Facebook Pages,,Actif,2026-06-29T00:15:34.221476,basse
BJ-0C32C99E,Marché Supermarché,Commerce & Distribution,Dassa-Zoumè,+229 96 90 81 37,,,TPE (<10),B2B/B2C,Facebook Pages,,Actif,2026-06-29T00:15:34.221492,basse
BJ-C68F5E3A,Marché Boutique,Commerce & Distribution,Dassa-Zoumè,+229 43 19 39 94,marché.boutique@marché.boutique.bj,marchéboutique.bj,PME (10-50),B2B/B2C,Facebook Pages,,Actif,2026-06-29T00:15:34.221505,haute
BJ-165CF5F9,Grossiste,Commerce & Distribution,Dassa-Zoumè,+229 85 92 57 19,,grossiste.bj,TPE (<10),B2C,Facebook Pages,,Actif,2026-06-29T00:15:34.221516,moyenne
BJ-695FE135,Marché Commerce,Commerce & Distribution,Dassa-Zoumè,+229 68 16 43 90,,,PME (10-50),B2C,Facebook Pages,,Actif,2026-06-29T00:15:34.221526,basse
BJ-DEB0B9A9,Provision Bénin,Commerce & Distribution,Dassa-Zoumè,+229 87 89 76 96,,provisionbénin.bj,TPE (<10),B2C,Facebook Pages,,Actif,2026-06-29T00:15:34.221536,moyenne
BJ-BA4F7A36,Épicerie SARL,Commerce & Distribution,Kétou,+229 31 61 19 61,épicerie.sarl@épicerie.sarl.net,,TPE (<10),B2B/B2C,Facebook Pages,,Actif,2026-06-29T00:15:34.221553,moyenne
BJ-15D7D061,Magasin,Commerce & Distribution,Kétou,+229 53 99 22 58,magasin@magasin.benin,,TPE (<10),B2C,Facebook Pages,,Actif,2026-06-29T00:15:34.221568,moyenne
BJ-F587C30F,Épicerie International,Commerce & Distribution,Kétou,+229 98 98 50 49,,épicerieinternational.bj,PME (50-200),B2C,Facebook Pages,,Actif,2026-06-29T00:15:34.221581,moyenne
BJ-397DB9DA,Marché Grossiste SARL,Commerce & Distribution,Kétou,+229 48 96 52 36,marché.grossiste.sarl@marché.grossiste.sarl.benin,,TPE (<10),B2C,Facebook Pages,,Actif,2026-06-29T00:15:34.221608,moyenne
BJ-DED36FCE,Marché Boutique,Commerce & Distribution,Covè,+229 71 46 78 17,,,TPE (<10),B2C,Facebook Pages,,Actif,2026-06-29T00:15:34.221624,basse
BJ-39D95BD4,Super Grossiste Shop,Commerce & Distribution,Covè,+229 38 50 42 88,super.grossiste.shop@super.grossiste.shop.bj,,TPE (<10),B2C,Facebook Pages,,Actif,2026-06-29T00:15:34.221636,moyenne
BJ-3A33E3EA,Distribution Commerce Ets,Commerce & Distribution,Covè,+229 21 53 93 19,distribution.commerce.ets@distribution.commerce.ets.com,,PME (10-50),B2B/B2C,Facebook Pages,,Actif,2026-06-29T00:15:34.221647,moyenne
BJ-18C28F58,Supply Store,Commerce & Distribution,Covè,+229 96 21 11 97,,,TPE (<10),B2B/B2C,Facebook Pages,,Actif,2026-06-29T00:15:34.221657,basse
BJ-8CE00C1C,Provision Groupe,Commerce & Distribution,Covè,+229 39 65 19 47,provision.groupe@provision.groupe.net,,TPE (<10),B2C,Facebook Pages,,Actif,2026-06-29T00:15:34.221668,moyenne
BJ-6EFBC196,Groupe Épicerie Shop Pobè,Commerce & Distribution,Pobè,+229 87 20 58 20,,,TPE (<10),B2B/B2C,Facebook Pages,,Actif,2026-06-29T00:15:34.221684,basse
BJ-14CDEBF0,Ets Marché SARL,Commerce & Distribution,Pobè,+229 34 52 30 57,,,PME (10-50),B2B/B2C,Facebook Pages,,Actif,2026-06-29T00:15:34.221697,basse
BJ-5CFDC5D3,Commerce Alimentaire Ets,Commerce & Distribution,Pobè,+229 31 97 22 12,commerce.alimentaire.ets@commerce.alimentaire.ets.benin,,PME (50-200),B2B/B2C,Facebook Pages,,Actif,2026-06-29T00:15:34.221709,moyenne
BJ-2AF96F13,Super Supermarché,Commerce & Distribution,Pobè,+229 96 36 38 26,super.supermarché@super.supermarché.bj,,PME (50-200),B2C,Facebook Pages,,Actif,2026-06-29T00:15:34.221720,moyenne
BJ-95C49377,Commerce Supermarché Store Pobè,Commerce & Distribution,Pobè,+229 93 15 64 47,,,TPE (<10),B2C,Facebook Pages,,Actif,2026-06-29T00:15:34.221732,basse
BJ-A520C225,Commerce,Commerce & Distribution,Sakété,+229 61 78 28 86,,,PME (10-50),B2C,Facebook Pages,,Actif,2026-06-29T00:15:34.221748,basse
BJ-CC12A914,Supermarché Shop Sakété,Commerce & Distribution,Sakété,+229 93 71 98 44,,,TPE (<10),B2B/B2C,Facebook Pages,,Actif,2026-06-29T00:15:34.221758,basse
BJ-A13C627D,Distribution Sakété,Commerce & Distribution,Sakété,+229 45 96 25 23,distribution.sakété@distribution.sakété.net,distributionsakété.bj,TPE (<10),B2C,Facebook Pages,,Actif,2026-06-29T00:15:34.221771,haute
BJ-B81ECE70,SARL Supermarché Market,Commerce & Distribution,Sakété,+229 45 31 52 85,sarl.supermarché.market@sarl.supermarché.market.benin,sarlsupermarchémarket.bj,TPE (<10),B2B/B2C,Facebook Pages,,Actif,2026-06-29T00:15:34.221787,haute
BJ-617ED38C,Boutique Ets,Commerce & Distribution,Adjara,+229 51 36 49 18,,boutiqueets.bj,PME (10-50),B2C,Facebook Pages,,Actif,2026-06-29T00:15:34.221816,moyenne
BJ-7CBAB062,Grossiste Groupe Adjara,Commerce & Distribution,Adjara,+229 47 56 39 98,,,PME (10-50),B2B/B2C,Facebook Pages,,Actif,2026-06-29T00:15:34.221833,basse
BJ-EBF8940B,Supermarché,Commerce & Distribution,Adjara,+229 97 89 94 22,supermarché@supermarché.net,,PME (10-50),B2C,Facebook Pages,,Actif,2026-06-29T00:15:34.221845,moyenne
BJ-6F058C72,Distribution Grossiste Bénin,Commerce & Distribution,Adjara,+229 74 56 23 56,,distributiongrossistebénin.bj,TPE (<10),B2C,Facebook Pages,,Actif,2026-06-29T00:15:34.221857,moyenne
BJ-0F55D729,SARL Supply Shop,Commerce & Distribution,Adjara,+229 91 93 29 65,,,TPE (<10),B2B/B2C,Facebook Pages,,Actif,2026-06-29T00:15:34.221867,basse
BJ-2983073E,SARL Détaillant Ets,Commerce & Distribution,Allada,+229 97 57 58 88,sarl.détaillant.ets@sarl.détaillant.ets.benin,sarldétaillantets.bj,PME (50-200),B2C,Facebook Pages,,Actif,2026-06-29T00:15:34.221886,haute
BJ-7931AD01,Commerce Boutique,Commerce & Distribution,Allada,+229 83 38 11 81,,commerceboutique.bj,PME (10-50),B2C,Facebook Pages,,Actif,2026-06-29T00:15:34.221908,moyenne
BJ-4DA60E3E,Supermarché Groupe,Commerce & Distribution,Allada,+229 86 63 45 27,supermarché.groupe@supermarché.groupe.org,,PME (10-50),B2C,Facebook Pages,,Actif,2026-06-29T00:15:34.221925,moyenne
BJ-87479E19,Magasin Store Allada,Commerce & Distribution,Allada,+229 84 85 21 55,magasin.store.allada@magasin.store.allada.benin,,PME (10-50),B2B/B2C,Facebook Pages,,Actif,2026-06-29T00:15:34.221937,moyenne
BJ-ECA901C3,Commerce Grossiste,Commerce & Distribution,Allada,+229 28 57 71 46,,,TPE (<10),B2B/B2C,Facebook Pages,,Actif,2026-06-29T00:15:34.221947,basse
BJ-BF3498A9,Commerce Détaillant,Commerce & Distribution,Aplahoué,+229 58 65 84 64,commerce.détaillant@commerce.détaillant.net,,TPE (<10),B2C,Facebook Pages,,Actif,2026-06-29T00:15:34.221966,moyenne
BJ-06F9B315,Épicerie Shop Aplahoué,Commerce & Distribution,Aplahoué,+229 51 17 78 19,,,TPE (<10),B2C,Facebook Pages,,Actif,2026-06-29T00:15:34.221993,basse
BJ-6BCC5E1C,Groupe Commerce SARL,Commerce & Distribution,Aplahoué,+229 48 82 49 96,,,Grande (>200),B2B/B2C,Facebook Pages,,Actif,2026-06-29T00:15:34.222003,basse
BJ-25E52142,Marché Épicerie Store,Commerce & Distribution,Aplahoué,+229 66 37 71 85,marché.épicerie.store@marché.épicerie.store.benin,,Grande (>200),B2C,Facebook Pages,,Actif,2026-06-29T00:15:34.222014,moyenne
BJ-DC592C5D,SARL Distribution International,Commerce & Distribution,Dogbo-Tota,+229 62 64 71 34,sarl.distribution.international@sarl.distribution.international.benin,,Grande (>200),B2B/B2C,Facebook Pages,,Actif,2026-06-29T00:15:34.222032,moyenne
BJ-AA6324D6,Supply Groupe,Commerce & Distribution,Dogbo-Tota,+229 87 67 39 20,supply.groupe@supply.groupe.org,supplygroupe.bj,PME (50-200),B2B/B2C,Facebook Pages,,Actif,2026-06-29T00:15:34.222044,haute
BJ-E518FFFF,Détaillant Shop,Commerce & Distribution,Dogbo-Tota,+229 99 26 47 22,,,PME (10-50),B2B/B2C,Facebook Pages,,Actif,2026-06-29T00:15:34.222055,basse
BJ-7E5DF6F7,Marché Shop,Commerce & Distribution,Dogbo-Tota,+229 40 79 19 59,,,PME (50-200),B2B/B2C,Facebook Pages,,Actif,2026-06-29T00:15:34.222068,basse
BJ-6492C985,Commerce,Commerce & Distribution,Kpomassè,+229 26 96 18 68,,commerce.bj,PME (50-200),B2B/B2C,Facebook Pages,,Actif,2026-06-29T00:15:34.222097,moyenne
BJ-2CBA3B2B,Groupe Commerce Shop,Commerce & Distribution,Kpomassè,+229 79 85 15 20,groupe.commerce.shop@groupe.commerce.shop.org,,PME (50-200),B2B/B2C,Facebook Pages,,Actif,2026-06-29T00:15:34.222111,moyenne
BJ-10D4AEF1,Distribution Stock Store,Commerce & Distribution,Kpomassè,+229 40 35 21 48,distribution.stock.store@distribution.stock.store.benin,distributionstockstore.bj,PME (10-50),B2B/B2C,Facebook Pages,,Actif,2026-06-29T00:15:34.222124,haute
BJ-B370ABB0,Groupe Distribution,Commerce & Distribution,Kpomassè,+229 51 14 47 43,groupe.distribution@groupe.distribution.org,,TPE (<10),B2C,Facebook Pages,,Actif,2026-06-29T00:15:34.222135,moyenne
BJ-5ACBDE47,Stock Ets,Commerce & Distribution,Kpomassè,+229 73 79 73 10,stock.ets@stock.ets.org,,PME (50-200),B2C,Facebook Pages,,Actif,2026-06-29T00:15:34.222146,moyenne
BJ-7988CE9E,Supply Bénin,Commerce & Distribution,Tori-Bossito,+229 92 43 65 30,supply.bénin@supply.bénin.net,,PME (50-200),B2B/B2C,Facebook Pages,,Actif,2026-06-29T00:15:34.222180,moyenne
BJ-5054189F,Ets Magasin,Commerce & Distribution,Tori-Bossito,+229 40 97 44 95,,,PME (50-200),B2B/B2C,Facebook Pages,,Actif,2026-06-29T00:15:34.222190,basse
BJ-29734980,Commerce Stock Tori-Bossito,Commerce & Distribution,Tori-Bossito,+229 45 90 51 50,,,PME (50-200),B2C,Facebook Pages,,Actif,2026-06-29T00:15:34.222200,basse
BJ-6F6DBEF4,Grossiste Shop Grand-Popo,Commerce & Distribution,Grand-Popo,+229 72 65 82 29,,,TPE (<10),B2B/B2C,Facebook Pages,,Actif,2026-06-29T00:15:34.222227,basse
BJ-28FD9DF3,Groupe Boutique,Commerce & Distribution,Grand-Popo,+229 32 79 42 69,groupe.boutique@groupe.boutique.net,groupeboutique.bj,TPE (<10),B2C,Facebook Pages,,Actif,2026-06-29T00:15:34.222243,haute
BJ-68758D04,Alimentaire Shop,Commerce & Distribution,Grand-Popo,+229 34 26 82 29,,,TPE (<10),B2C,Facebook Pages,,Actif,2026-06-29T00:15:34.222266,basse
BJ-35E96793,Super Magasin,Commerce & Distribution,Grand-Popo,+229 78 97 50 33,,,Grande (>200),B2B/B2C,Facebook Pages,,Actif,2026-06-29T00:15:34.222277,basse
BJ-FF71E3FD,Grossiste Shop,Commerce & Distribution,Athiémé,+229 45 22 57 99,grossiste.shop@grossiste.shop.org,,PME (10-50),B2B/B2C,Facebook Pages,,Actif,2026-06-29T00:15:34.222294,moyenne
BJ-CBDAD80E,Centre Détaillant,Commerce & Distribution,Athiémé,+229 64 70 84 90,centre.détaillant@centre.détaillant.bj,,PME (10-50),B2C,Facebook Pages,,Actif,2026-06-29T00:15:34.222306,moyenne
BJ-B71D0DD1,Centre Commerce SARL,Commerce & Distribution,Athiémé,+229 69 84 56 88,centre.commerce.sarl@centre.commerce.sarl.com,,PME (50-200),B2B/B2C,Facebook Pages,,Actif,2026-06-29T00:15:34.222318,moyenne
BJ-52AFAB66,Commerce Bénin Athiémé,Commerce & Distribution,Athiémé,+229 76 33 47 78,,commercebéninathiémé.bj,TPE (<10),B2B/B2C,Facebook Pages,,Actif,2026-06-29T00:15:34.222329,moyenne
BJ-B2D78969,Super Supermarché SARL,Commerce & Distribution,Athiémé,+229 68 93 56 33,,,PME (50-200),B2C,Facebook Pages,,Actif,2026-06-29T00:15:34.222340,basse
BJ-26FCE92D,Commerce Bénin,Commerce & Distribution,Bopa,+229 33 27 78 33,,,PME (10-50),B2B/B2C,Facebook Pages,,Actif,2026-06-29T00:15:34.222355,basse
BJ-4AFF5BED,Centre Commerce SARL,Commerce & Distribution,Bopa,+229 35 31 23 33,centre.commerce.sarl@centre.commerce.sarl.org,,TPE (<10),B2B/B2C,Facebook Pages,,Actif,2026-06-29T00:15:34.222369,moyenne
BJ-94C46693,Super Grossiste Groupe,Commerce & Distribution,Bopa,+229 91 11 99 17,super.grossiste.groupe@super.grossiste.groupe.net,supergrossistegroupe.bj,TPE (<10),B2C,Facebook Pages,,Actif,2026-06-29T00:15:34.222382,haute
BJ-45618E73,Groupe Épicerie,Commerce & Distribution,Bopa,+229 73 14 27 93,,,PME (10-50),B2B/B2C,Facebook Pages,,Actif,2026-06-29T00:15:34.222392,basse
BJ-431E15A0,Centre Boutique Shop,Commerce & Distribution,Bopa,+229 57 37 33 62,,,TPE (<10),B2B/B2C,Facebook Pages,,Actif,2026-06-29T00:15:34.222402,basse
BJ-A624409B,SARL Stock Shop Houéyogbé,Commerce & Distribution,Houéyogbé,+229 23 74 13 39,sarl.stock.shop.houéyogbé@sarl.stock.shop.houéyogbé.bj,,PME (10-50),B2C,Facebook Pages,,Actif,2026-06-29T00:15:34.222420,moyenne
BJ-A6AD9BFE,Boutique Market Houéyogbé,Commerce & Distribution,Houéyogbé,+229 53 63 79 99,,,PME (10-50),B2B/B2C,Facebook Pages,,Actif,2026-06-29T00:15:34.222442,basse
BJ-780E6057,Marché Market Houéyogbé,Commerce & Distribution,Houéyogbé,+229 57 52 25 26,,,TPE (<10),B2C,Facebook Pages,,Actif,2026-06-29T00:15:34.222452,basse
BJ-0B270C8D,Marché Shop,Commerce & Distribution,Houéyogbé,+229 28 43 85 54,marché.shop@marché.shop.com,marchéshop.bj,TPE (<10),B2C,Facebook Pages,,Actif,2026-06-29T00:15:34.222464,haute
BJ-337774C0,Marché,Commerce & Distribution,Malanville,+229 92 28 68 36,,,TPE (<10),B2B/B2C,Facebook Pages,,Actif,2026-06-29T00:15:34.222484,basse
BJ-1D4E7644,Ets Détaillant,Commerce & Distribution,Malanville,+229 50 96 77 27,ets.détaillant@ets.détaillant.net,,TPE (<10),B2B/B2C,Facebook Pages,,Actif,2026-06-29T00:15:34.222502,moyenne
BJ-B7874B80,SARL Marché Malanville,Commerce & Distribution,Malanville,+229 90 57 50 85,sarl.marché.malanville@sarl.marché.malanville.net,,PME (10-50),B2B/B2C,Facebook Pages,,Actif,2026-06-29T00:15:34.222528,moyenne
BJ-C493084D,Supermarché International,Commerce & Distribution,Kandi,+229 39 40 72 30,supermarché.international@supermarché.international.net,,Grande (>200),B2B/B2C,Facebook Pages,,Actif,2026-06-29T00:15:34.222560,moyenne
BJ-6047AF51,Centre Distribution,Commerce & Distribution,Kandi,+229 83 55 44 25,,,TPE (<10),B2B/B2C,Facebook Pages,,Actif,2026-06-29T00:15:34.222571,basse
BJ-671CF56E,Alimentaire Shop,Commerce & Distribution,Kandi,+229 59 42 62 37,,,PME (10-50),B2B/B2C,Facebook Pages,,Actif,2026-06-29T00:15:34.222603,basse
BJ-F7473387,SARL Marché Banikoara,Commerce & Distribution,Banikoara,+229 81 12 71 63,,,TPE (<10),B2C,Facebook Pages,,Actif,2026-06-29T00:15:34.222618,basse
BJ-6BE60D20,Commerce,Commerce & Distribution,Banikoara,+229 35 23 58 23,,commerce.bj,PME (10-50),B2C,Facebook Pages,,Actif,2026-06-29T00:15:34.222632,moyenne
BJ-B38BC384,Groupe Magasin SARL,Commerce & Distribution,Banikoara,+229 82 16 40 57,,,PME (50-200),B2B/B2C,Facebook Pages,,Actif,2026-06-29T00:15:34.222642,basse
BJ-20F7CF27,Épicerie Bénin,Commerce & Distribution,Banikoara,+229 47 51 13 70,,,PME (50-200),B2B/B2C,Facebook Pages,,Actif,2026-06-29T00:15:34.222653,basse
BJ-7DA748E6,Magasin,Commerce & Distribution,Banikoara,+229 21 80 66 93,magasin@magasin.bj,magasin.bj,Grande (>200),B2C,Facebook Pages,,Actif,2026-06-29T00:15:34.222665,haute
BJ-8CD7769E,SARL Distribution,Commerce & Distribution,Ségbana,+229 79 80 39 53,sarl.distribution@sarl.distribution.bj,sarldistribution.bj,PME (50-200),B2C,Facebook Pages,,Actif,2026-06-29T00:15:34.222682,haute
BJ-953B38A3,Distribution Grossiste Shop,Commerce & Distribution,Ségbana,+229 29 55 97 60,,,PME (50-200),B2C,Facebook Pages,,Actif,2026-06-29T00:15:34.222694,basse
BJ-886568D2,Grossiste Shop,Commerce & Distribution,Ségbana,+229 87 11 71 12,grossiste.shop@grossiste.shop.bj,,Grande (>200),B2C,Facebook Pages,,Actif,2026-06-29T00:15:34.222709,moyenne
BJ-727B8DD4,Centre Magasin International Ségbana,Commerce & Distribution,Ségbana,+229 39 96 77 67,,,TPE (<10),B2B/B2C,Facebook Pages,,Actif,2026-06-29T00:15:34.222720,basse
BJ-12277FDA,Super Boutique,Commerce & Distribution,Ségbana,+229 65 55 57 71,super.boutique@super.boutique.bj,,Grande (>200),B2B/B2C,Facebook Pages,,Actif,2026-06-29T00:15:34.222731,moyenne
BJ-833B6C08,Distribution Détaillant,Commerce & Distribution,Karimama,+229 26 98 63 35,,distributiondétaillant.bj,TPE (<10),B2C,Facebook Pages,,Actif,2026-06-29T00:15:34.222748,moyenne
BJ-C26F24DB,Distribution Stock Store,Commerce & Distribution,Karimama,+229 74 78 22 59,,,PME (10-50),B2C,Facebook Pages,,Actif,2026-06-29T00:15:34.222762,basse
BJ-4FF72934,Alimentaire Market,Commerce & Distribution,Karimama,+229 47 22 20 58,,,PME (50-200),B2C,Facebook Pages,,Actif,2026-06-29T00:15:34.222773,basse
BJ-A5FC9DDB,Marché,Commerce & Distribution,Karimama,+229 27 20 18 15,marché@marché.bj,,TPE (<10),B2B/B2C,Facebook Pages,,Actif,2026-06-29T00:15:34.222786,moyenne
BJ-D516783E,Ets Épicerie,Commerce & Distribution,Karimama,+229 33 94 57 60,,,TPE (<10),B2C,Facebook Pages,,Actif,2026-06-29T00:15:34.222798,basse
BJ-0780EB4D,Centre Alimentaire,Commerce & Distribution,Gogounou,+229 79 54 48 83,centre.alimentaire@centre.alimentaire.benin,,PME (10-50),B2C,Facebook Pages,,Actif,2026-06-29T00:15:34.222815,moyenne
BJ-BADC62EA,Provision Gogounou,Commerce & Distribution,Gogounou,+229 67 94 68 93,provision.gogounou@provision.gogounou.benin,,PME (10-50),B2C,Facebook Pages,,Actif,2026-06-29T00:15:34.222827,moyenne
BJ-6F896DE2,Super Distribution Store,Commerce & Distribution,Gogounou,+229 73 79 39 98,,,Grande (>200),B2B/B2C,Facebook Pages,,Actif,2026-06-29T00:15:34.222838,basse
BJ-64856B7D,Centre Provision International Gogounou,Commerce & Distribution,Gogounou,+229 91 48 92 59,centre.provision.international.gogounou@centre.provision.international.gogounou.com,centreprovisioninternationalgogounou.bj,PME (50-200),B2B/B2C,Facebook Pages,,Actif,2026-06-29T00:15:34.222851,haute
BJ-EB9E6D99,Supermarché,Commerce & Distribution,Gogounou,+229 68 28 77 93,,supermarché.bj,PME (10-50),B2C,Facebook Pages,,Actif,2026-06-29T00:15:34.222863,moyenne
BJ-6DAA9BE4,Supermarché Shop,Commerce & Distribution,Cobly,+229 45 58 86 59,supermarché.shop@supermarché.shop.org,,PME (10-50),B2C,Facebook Pages,,Actif,2026-06-29T00:15:34.222881,moyenne
BJ-148AB60D,SARL Magasin Store,Commerce & Distribution,Cobly,+229 94 49 48 64,,,TPE (<10),B2B/B2C,Facebook Pages,,Actif,2026-06-29T00:15:34.222922,basse
BJ-FBC91E8D,Groupe Distribution SARL,Commerce & Distribution,Cobly,+229 99 69 96 92,,,TPE (<10),B2B/B2C,Facebook Pages,,Actif,2026-06-29T00:15:34.222988,basse
BJ-99BBB020,Commerce Alimentaire,Commerce & Distribution,Cobly,+229 49 41 32 90,,commercealimentaire.bj,Grande (>200),B2C,Facebook Pages,,Actif,2026-06-29T00:15:34.223017,moyenne
BJ-9412EA94,Marché SARL Tanguiéta,Commerce & Distribution,Tanguiéta,+229 36 11 24 86,marché.sarl.tanguiéta@marché.sarl.tanguiéta.bj,,Grande (>200),B2C,Facebook Pages,,Actif,2026-06-29T00:15:34.223069,moyenne
BJ-A01C217D,SARL Supermarché Store,Commerce & Distribution,Tanguiéta,+229 37 71 33 89,,,PME (10-50),B2C,Facebook Pages,,Actif,2026-06-29T00:15:34.223100,basse
BJ-AC02D70C,Distribution SARL,Commerce & Distribution,Tanguiéta,+229 66 34 79 48,distribution.sarl@distribution.sarl.benin,distributionsarl.bj,PME (10-50),B2C,Facebook Pages,,Actif,2026-06-29T00:15:34.223127,haute
BJ-223FCF7D,Stock Market,Commerce & Distribution,Tanguiéta,+229 29 73 70 63,,stockmarket.bj,Grande (>200),B2B/B2C,Facebook Pages,,Actif,2026-06-29T00:15:34.223153,moyenne
BJ-E639A88C,Stock,Commerce & Distribution,Tanguiéta,+229 92 61 59 70,stock@stock.com,,TPE (<10),B2C,Facebook Pages,,Actif,2026-06-29T00:15:34.223182,moyenne
BJ-58BC8903,Super Magasin Store,Commerce & Distribution,Matéri,+229 38 22 75 52,,,PME (50-200),B2B/B2C,Facebook Pages,,Actif,2026-06-29T00:15:34.223221,basse
BJ-D11E359A,Marché Marché,Commerce & Distribution,Matéri,+229 46 29 63 61,marché.marché@marché.marché.bj,,PME (10-50),B2C,Facebook Pages,,Actif,2026-06-29T00:15:34.223276,moyenne
BJ-BDE3518E,Marché Distribution,Commerce & Distribution,Matéri,+229 35 78 46 60,,marchédistribution.bj,PME (50-200),B2C,Facebook Pages,,Actif,2026-06-29T00:15:34.223301,moyenne
BJ-7ABC6773,Ets Stock,Commerce & Distribution,Matéri,+229 84 76 93 54,ets.stock@ets.stock.bj,etsstock.bj,TPE (<10),B2B/B2C,Facebook Pages,,Actif,2026-06-29T00:15:34.223332,haute
BJ-0CE8A28D,Marché Détaillant Shop,Commerce & Distribution,Natitingou,+229 57 25 50 31,marché.détaillant.shop@marché.détaillant.shop.benin,,PME (50-200),B2B/B2C,Facebook Pages,,Actif,2026-06-29T00:15:34.223362,moyenne
BJ-07154938,SARL Supply,Commerce & Distribution,Natitingou,+229 53 12 72 95,,,TPE (<10),B2B/B2C,Facebook Pages,,Actif,2026-06-29T00:15:34.223374,basse
BJ-F6F52666,Stock Bénin,Commerce & Distribution,Natitingou,+229 62 27 38 57,,stockbénin.bj,Grande (>200),B2C,Facebook Pages,,Actif,2026-06-29T00:15:34.223399,moyenne
BJ-82587A67,Commerce Alimentaire,Commerce & Distribution,Natitingou,+229 94 58 20 11,,,PME (10-50),B2B/B2C,Facebook Pages,,Actif,2026-06-29T00:15:34.223409,basse
BJ-AF391A2C,Centre Alimentaire Ets Toucountouna,Commerce & Distribution,Toucountouna,+229 68 82 23 80,centre.alimentaire.ets.toucountouna@centre.alimentaire.ets.toucountouna.net,,PME (10-50),B2C,Facebook Pages,,Actif,2026-06-29T00:15:34.223428,moyenne
BJ-4D82D209,Marché Supermarché SARL,Commerce & Distribution,Toucountouna,+229 53 35 90 36,marché.supermarché.sarl@marché.supermarché.sarl.org,,PME (50-200),B2B/B2C,Facebook Pages,,Actif,2026-06-29T00:15:34.223445,moyenne
BJ-35F22DA6,Groupe Supermarché Toucountouna,Commerce & Distribution,Toucountouna,+229 60 48 62 39,,,TPE (<10),B2C,Facebook Pages,,Actif,2026-06-29T00:15:34.223481,basse
BJ-8C3D2F38,Alimentaire Store,Commerce & Distribution,Boukoumbé,+229 46 44 22 24,,,Grande (>200),B2C,Facebook Pages,,Actif,2026-06-29T00:15:34.223497,basse
BJ-BF1AA766,Distribution Détaillant Ets,Commerce & Distribution,Boukoumbé,+229 70 44 94 95,,,TPE (<10),B2B/B2C,Facebook Pages,,Actif,2026-06-29T00:15:34.223508,basse
BJ-406AD1B5,Marché Magasin International,Commerce & Distribution,Boukoumbé,+229 83 50 19 15,marché.magasin.international@marché.magasin.international.net,,TPE (<10),B2B/B2C,Facebook Pages,,Actif,2026-06-29T00:15:34.223520,moyenne
BJ-C5320FE6,Boutique,Commerce & Distribution,Boukoumbé,+229 97 23 88 83,,,PME (10-50),B2C,Facebook Pages,,Actif,2026-06-29T00:15:34.223530,basse
BJ-F06DABAF,Marché Supermarché,Commerce & Distribution,Kouandé,+229 49 25 75 26,,,PME (10-50),B2C,Facebook Pages,,Actif,2026-06-29T00:15:34.223558,basse
BJ-5DC81CB6,Épicerie,Commerce & Distribution,Kouandé,+229 43 31 77 22,,épicerie.bj,TPE (<10),B2C,Facebook Pages,,Actif,2026-06-29T00:15:34.223573,moyenne
BJ-F3216512,Ets Stock,Commerce & Distribution,Kouandé,+229 93 72 44 32,,,Grande (>200),B2C,Facebook Pages,,Actif,2026-06-29T00:15:34.223584,basse
BJ-AE9231D6,Alimentaire International,Commerce & Distribution,Kouandé,+229 96 51 92 61,alimentaire.international@alimentaire.international.bj,,PME (10-50),B2B/B2C,Facebook Pages,,Actif,2026-06-29T00:15:34.223595,moyenne
BJ-941B466C,Distribution Kouandé,Commerce & Distribution,Kouandé,+229 40 63 67 29,,,TPE (<10),B2B/B2C,Facebook Pages,,Actif,2026-06-29T00:15:34.223610,basse
BJ-BC0913A5,SARL Épicerie Péhunco,Commerce & Distribution,Péhunco,+229 98 56 21 77,,sarlépiceriepéhunco.bj,TPE (<10),B2B/B2C,Facebook Pages,,Actif,2026-06-29T00:15:34.223628,moyenne
BJ-7E912004,Commerce International Péhunco,Commerce & Distribution,Péhunco,+229 57 73 56 11,,,TPE (<10),B2C,Facebook Pages,,Actif,2026-06-29T00:15:34.223638,basse
BJ-EE469A79,Marché Shop,Commerce & Distribution,Péhunco,+229 53 77 82 19,,,TPE (<10),B2C,Facebook Pages,,Actif,2026-06-29T00:15:34.223660,basse
BJ-3B6D4EB2,Stock Store Péhunco,Commerce & Distribution,Péhunco,+229 65 58 36 64,,,TPE (<10),B2C,Facebook Pages,,Actif,2026-06-29T00:15:34.223673,basse
BJ-CBED67CB,Centre Boutique Tchaourou,Commerce & Distribution,Tchaourou,+229 95 57 90 49,,,PME (50-200),B2C,Facebook Pages,,Actif,2026-06-29T00:15:34.223689,basse
BJ-A5EFE4FF,Super Boutique Tchaourou,Commerce & Distribution,Tchaourou,+229 46 69 46 30,super.boutique.tchaourou@super.boutique.tchaourou.org,superboutiquetchaourou.bj,PME (10-50),B2B/B2C,Facebook Pages,,Actif,2026-06-29T00:15:34.223717,haute
BJ-66C1EFD0,Distribution,Commerce & Distribution,Tchaourou,+229 47 87 59 15,,,Grande (>200),B2C,Facebook Pages,,Actif,2026-06-29T00:15:34.223727,basse
BJ-FE74266C,Détaillant Bénin,Commerce & Distribution,Tchaourou,+229 34 71 85 86,détaillant.bénin@détaillant.bénin.net,détaillantbénin.bj,PME (50-200),B2C,Facebook Pages,,Actif,2026-06-29T00:15:34.223741,haute
BJ-B512FCF7,Supermarché Store,Commerce & Distribution,Nikki,+229 46 10 36 21,,,TPE (<10),B2C,Facebook Pages,,Actif,2026-06-29T00:15:34.223757,basse
BJ-E776B844,Centre Supply,Commerce & Distribution,Nikki,+229 77 50 33 53,centre.supply@centre.supply.bj,,TPE (<10),B2C,Facebook Pages,,Actif,2026-06-29T00:15:34.223769,moyenne
BJ-33460CA2,Ets Épicerie,Commerce & Distribution,Nikki,+229 94 35 13 14,ets.épicerie@ets.épicerie.bj,,PME (10-50),B2B/B2C,Facebook Pages,,Actif,2026-06-29T00:15:34.223781,moyenne
BJ-93A39B48,Provision,Commerce & Distribution,Nikki,+229 43 38 54 80,,provision.bj,TPE (<10),B2C,Facebook Pages,,Actif,2026-06-29T00:15:34.223792,moyenne
BJ-3A3AEF34,Ets Distribution Shop,Commerce & Distribution,Nikki,+229 88 45 18 89,,,TPE (<10),B2C,Facebook Pages,,Actif,2026-06-29T00:15:34.223802,basse
BJ-31EEF2FC,Détaillant Market,Commerce & Distribution,Bembéréké,+229 38 62 24 38,détaillant.market@détaillant.market.bj,,TPE (<10),B2C,Facebook Pages,,Actif,2026-06-29T00:15:34.223819,moyenne
BJ-5DFFCAD4,Centre Stock Ets Bembéréké,Commerce & Distribution,Bembéréké,+229 51 35 58 62,centre.stock.ets.bembéréké@centre.stock.ets.bembéréké.org,,Grande (>200),B2B/B2C,Facebook Pages,,Actif,2026-06-29T00:15:34.223835,moyenne
BJ-1272C54B,Épicerie Store,Commerce & Distribution,Bembéréké,+229 30 43 26 61,,,TPE (<10),B2B/B2C,Facebook Pages,,Actif,2026-06-29T00:15:34.223846,basse
BJ-3C0D56CC,Groupe Supermarché SARL Bembéréké,Commerce & Distribution,Bembéréké,+229 35 52 13 31,,,PME (50-200),B2B/B2C,Facebook Pages,,Actif,2026-06-29T00:15:34.223867,basse
BJ-280E29BF,Super Détaillant Kalalé,Commerce & Distribution,Kalalé,+229 92 91 31 98,,,PME (50-200),B2B/B2C,Facebook Pages,,Actif,2026-06-29T00:15:34.223884,basse
BJ-5925A9A9,Marché Détaillant,Commerce & Distribution,Kalalé,+229 80 84 18 82,,,PME (10-50),B2C,Facebook Pages,,Actif,2026-06-29T00:15:34.223911,basse
BJ-F66FC715,Groupe Distribution Store,Commerce & Distribution,Kalalé,+229 67 54 98 20,,,TPE (<10),B2C,Facebook Pages,,Actif,2026-06-29T00:15:34.223923,basse
BJ-500F5D73,Provision International,Commerce & Distribution,Kalalé,+229 27 23 72 24,provision.international@provision.international.com,,TPE (<10),B2B/B2C,Facebook Pages,,Actif,2026-06-29T00:15:34.223937,moyenne
BJ-302423C2,SARL Supermarché Shop Kalalé,Commerce & Distribution,Kalalé,+229 76 83 75 46,,sarlsupermarchéshopkalalé.bj,TPE (<10),B2C,Facebook Pages,,Actif,2026-06-29T00:15:34.223951,moyenne
BJ-AF8726B9,Supermarché International,Commerce & Distribution,Ndali,+229 27 18 43 33,supermarché.international@supermarché.international.org,supermarchéinternational.bj,PME (50-200),B2C,Facebook Pages,,Actif,2026-06-29T00:15:34.223971,haute
BJ-8F5DA7A9,Distribution Épicerie International,Commerce & Distribution,Ndali,+229 94 23 69 62,distribution.épicerie.international@distribution.épicerie.international.com,,PME (10-50),B2B/B2C,Facebook Pages,,Actif,2026-06-29T00:15:34.223986,moyenne
BJ-7F797673,Magasin Ndali,Commerce & Distribution,Ndali,+229 92 65 48 44,magasin.ndali@magasin.ndali.bj,,PME (10-50),B2B/B2C,Facebook Pages,,Actif,2026-06-29T00:15:34.224012,moyenne
BJ-A46694BB,Ets Magasin SARL,Commerce & Distribution,Ndali,+229 40 65 11 61,,,TPE (<10),B2C,Facebook Pages,,Actif,2026-06-29T00:15:34.224023,basse
BJ-5AAAA436,SARL Détaillant Store,Commerce & Distribution,Ségbana,+229 75 17 16 45,,,TPE (<10),B2B/B2C,Facebook Pages,,Actif,2026-06-29T00:15:34.224041,basse
BJ-14AE85AB,Supply Ségbana,Commerce & Distribution,Ségbana,+229 72 30 29 36,,,TPE (<10),B2B/B2C,Facebook Pages,,Actif,2026-06-29T00:15:34.224063,basse
BJ-1037668A,Centre Épicerie International,Commerce & Distribution,Ségbana,+229 96 72 76 51,,,PME (10-50),B2C,Facebook Pages,,Actif,2026-06-29T00:15:34.224085,basse
BJ-105745B1,Marché Stock Tchaourou,Commerce & Distribution,Tchaourou,+229 83 90 23 67,,,TPE (<10),B2B/B2C,Facebook Pages,,Actif,2026-06-29T00:15:34.224101,basse
BJ-147E37A9,SARL Détaillant,Commerce & Distribution,Tchaourou,+229 99 32 81 38,sarl.détaillant@sarl.détaillant.com,,Grande (>200),B2B/B2C,Facebook Pages,,Actif,2026-06-29T00:15:34.224116,moyenne
BJ-62E9295C,Groupe Détaillant International,Commerce & Distribution,Tchaourou,+229 38 25 12 18,,,PME (50-200),B2B/B2C,Facebook Pages,,Actif,2026-06-29T00:15:34.224127,basse
BJ-28CAA73C,Supermarché,Commerce & Distribution,Tchaourou,+229 60 57 89 34,,supermarché.bj,TPE (<10),B2B/B2C,Facebook Pages,,Actif,2026-06-29T00:15:34.224138,moyenne
BJ-40274FA8,Centre Marché,Commerce & Distribution,Tchaourou,+229 54 56 31 24,centre.marché@centre.marché.net,,Grande (>200),B2C,Facebook Pages,,Actif,2026-06-29T00:15:34.224150,moyenne
BJ-0BF8631B,Groupe Grossiste International Bétérou,Commerce & Distribution,Bétérou,+229 61 87 21 57,,,PME (10-50),B2C,Facebook Pages,,Actif,2026-06-29T00:15:34.224179,basse
BJ-B49218B3,Supermarché SARL,Commerce & Distribution,Bétérou,+229 59 57 25 62,,,TPE (<10),B2B/B2C,Facebook Pages,,Actif,2026-06-29T00:15:34.224203,basse
BJ-0480F89F,Boutique,Commerce & Distribution,Bétérou,+229 21 59 69 96,boutique@boutique.com,,Grande (>200),B2B/B2C,Facebook Pages,,Actif,2026-06-29T00:15:34.224215,moyenne
BJ-E3EC1D60,Centre Stock Ouessè,Commerce & Distribution,Ouessè,+229 78 50 65 29,,,Grande (>200),B2B/B2C,Facebook Pages,,Actif,2026-06-29T00:15:34.224231,basse
BJ-ECB4164D,Boutique Shop,Commerce & Distribution,Ouessè,+229 49 17 92 50,,boutiqueshop.bj,TPE (<10),B2C,Facebook Pages,,Actif,2026-06-29T00:15:34.224245,moyenne
BJ-9EAA1A42,SARL Épicerie Bénin,Commerce & Distribution,Ouessè,+229 75 62 13 77,,sarlépiceriebénin.bj,PME (10-50),B2C,Facebook Pages,,Actif,2026-06-29T00:15:34.224257,moyenne
BJ-3E0BE8A0,Provision,Commerce & Distribution,Ouessè,+229 89 15 52 69,,,TPE (<10),B2B/B2C,Facebook Pages,,Actif,2026-06-29T00:15:34.224267,basse
BJ-366F109B,Marché Grossiste Ouessè,Commerce & Distribution,Ouessè,+229 91 27 19 79,,,PME (50-200),B2B/B2C,Facebook Pages,,Actif,2026-06-29T00:15:34.224277,basse
BJ-B97756B5,Groupe Provision,Commerce & Distribution,Glazoué,+229 35 29 66 69,,,TPE (<10),B2C,Facebook Pages,,Actif,2026-06-29T00:15:34.224292,basse
BJ-BE653599,Alimentaire International,Commerce & Distribution,Glazoué,+229 91 28 34 13,alimentaire.international@alimentaire.international.benin,,PME (10-50),B2B/B2C,Facebook Pages,,Actif,2026-06-29T00:15:34.224304,moyenne
BJ-7330CDB1,Épicerie,Commerce & Distribution,Glazoué,+229 45 27 17 67,,,TPE (<10),B2B/B2C,Facebook Pages,,Actif,2026-06-29T00:15:34.224314,basse
BJ-B1E167C7,Marché,Commerce & Distribution,Glazoué,+229 90 57 40 36,,marché.bj,PME (10-50),B2B/B2C,Facebook Pages,,Actif,2026-06-29T00:15:34.224325,moyenne
BJ-AD4FFB7C,Provision,Commerce & Distribution,Glazoué,+229 55 59 55 21,,,TPE (<10),B2C,Facebook Pages,,Actif,2026-06-29T00:15:34.224335,basse
BJ-C30A1BE1,Ets Supermarché,Commerce & Distribution,Dassa-Zoumè,+229 71 63 75 46,ets.supermarché@ets.supermarché.benin,etssupermarché.bj,TPE (<10),B2C,Facebook Pages,,Actif,2026-06-29T00:15:34.224357,haute
BJ-2F4D0ABF,SARL Stock SARL,Commerce & Distribution,Dassa-Zoumè,+229 68 54 37 53,,,TPE (<10),B2C,Facebook Pages,,Actif,2026-06-29T00:15:34.224382,basse
BJ-B9472F9D,Super Supermarché,Commerce & Distribution,Dassa-Zoumè,+229 27 77 14 75,super.supermarché@super.supermarché.benin,,PME (10-50),B2C,Facebook Pages,,Actif,2026-06-29T00:15:34.224393,moyenne
BJ-503F289D,Centre Supply Savalou,Commerce & Distribution,Savalou,+229 75 31 66 41,centre.supply.savalou@centre.supply.savalou.benin,,TPE (<10),B2C,Facebook Pages,,Actif,2026-06-29T00:15:34.224425,moyenne
BJ-3F7D2ECB,Stock Groupe,Commerce & Distribution,Savalou,+229 40 81 96 94,,,PME (10-50),B2C,Facebook Pages,,Actif,2026-06-29T00:15:34.224436,basse
BJ-77A93D50,Supermarché SARL,Commerce & Distribution,Savalou,+229 69 92 16 27,supermarché.sarl@supermarché.sarl.benin,,TPE (<10),B2B/B2C,Facebook Pages,,Actif,2026-06-29T00:15:34.224447,moyenne
BJ-D3FD1A88,Supply Market,Commerce & Distribution,Savalou,+229 41 73 39 23,,supplymarket.bj,TPE (<10),B2C,Facebook Pages,,Actif,2026-06-29T00:15:34.224457,moyenne
BJ-279F211A,Marché Commerce Groupe Savalou,Commerce & Distribution,Savalou,+229 85 68 12 76,marché.commerce.groupe.savalou@marché.commerce.groupe.savalou.org,,TPE (<10),B2B/B2C,Facebook Pages,,Actif,2026-06-29T00:15:34.224469,moyenne
BJ-BF027DAA,Épicerie Ets Bantè,Commerce & Distribution,Bantè,+229 91 97 53 47,,,TPE (<10),B2B/B2C,Facebook Pages,,Actif,2026-06-29T00:15:34.224486,basse
BJ-4F18A5EF,Alimentaire,Commerce & Distribution,Bantè,+229 84 66 31 32,,,TPE (<10),B2B/B2C,Facebook Pages,,Actif,2026-06-29T00:15:34.224511,basse
BJ-567B24D8,Ets Boutique Bénin,Commerce & Distribution,Bantè,+229 77 38 72 26,,,PME (10-50),B2C,Facebook Pages,,Actif,2026-06-29T00:15:34.224521,basse
BJ-9E2E7990,Groupe Boutique,Commerce & Distribution,Bantè,+229 40 42 66 57,groupe.boutique@groupe.boutique.org,,TPE (<10),B2C,Facebook Pages,,Actif,2026-06-29T00:15:34.224531,moyenne
BJ-B423AC69,Détaillant Ets Djougou,Commerce & Distribution,Djougou,+229 65 62 95 29,détaillant.ets.djougou@détaillant.ets.djougou.benin,,TPE (<10),B2C,Facebook Pages,,Actif,2026-06-29T00:15:34.224548,moyenne
BJ-374F2AD3,Commerce Supermarché,Commerce & Distribution,Djougou,+229 44 78 97 35,,,TPE (<10),B2B/B2C,Facebook Pages,,Actif,2026-06-29T00:15:34.224572,basse
BJ-4F4DA658,Distribution Marché,Commerce & Distribution,Djougou,+229 49 84 11 99,,distributionmarché.bj,Grande (>200),B2B/B2C,Facebook Pages,,Actif,2026-06-29T00:15:34.224583,moyenne
BJ-EBF9CA66,Provision SARL Djougou,Commerce & Distribution,Djougou,+229 42 65 63 91,,,PME (10-50),B2B/B2C,Facebook Pages,,Actif,2026-06-29T00:15:34.224593,basse
BJ-A9F68976,Distribution Commerce,Commerce & Distribution,Djougou,+229 55 73 45 97,distribution.commerce@distribution.commerce.org,,Grande (>200),B2B/B2C,Facebook Pages,,Actif,2026-06-29T00:15:34.224604,moyenne
BJ-E8D44915,Commerce International,Commerce & Distribution,Ouèssè,+229 96 18 91 77,commerce.international@commerce.international.org,,PME (10-50),B2B/B2C,Facebook Pages,,Actif,2026-06-29T00:15:34.224637,moyenne
BJ-53690641,Supermarché Bénin,Commerce & Distribution,Ouèssè,+229 67 36 26 59,,supermarchébénin.bj,TPE (<10),B2C,Facebook Pages,,Actif,2026-06-29T00:15:34.224652,moyenne
BJ-48B5A1DD,Alimentaire,Commerce & Distribution,Ouèssè,+229 84 88 24 27,,,PME (50-200),B2C,Facebook Pages,,Actif,2026-06-29T00:15:34.224679,basse
BJ-1730C471,Supply Shop Ouèssè,Commerce & Distribution,Ouèssè,+229 96 50 95 49,,supplyshopouèssè.bj,PME (10-50),B2B/B2C,Facebook Pages,,Actif,2026-06-29T00:15:34.224691,moyenne
BJ-1942B21D,Magasin,Commerce & Distribution,Bassila,+229 47 80 95 77,,,TPE (<10),B2C,Facebook Pages,,Actif,2026-06-29T00:15:34.224718,basse
BJ-52E227C3,Supply,Commerce & Distribution,Bassila,+229 30 37 30 81,supply@supply.bj,,TPE (<10),B2B/B2C,Facebook Pages,,Actif,2026-06-29T00:15:34.224729,moyenne
BJ-0D549C28,Super Grossiste Store,Commerce & Distribution,Bassila,+229 28 99 43 35,super.grossiste.store@super.grossiste.store.benin,,TPE (<10),B2B/B2C,Facebook Pages,,Actif,2026-06-29T00:15:34.224739,moyenne
BJ-DE0F1834,Centre Provision Store,Commerce & Distribution,Bassila,+229 95 81 87 20,centre.provision.store@centre.provision.store.org,,TPE (<10),B2C,Facebook Pages,,Actif,2026-06-29T00:15:34.224754,moyenne
BJ-D33B5A70,SARL Commerce Store,Commerce & Distribution,Bassila,+229 45 48 74 54,,sarlcommercestore.bj,PME (10-50),B2C,Facebook Pages,,Actif,2026-06-29T00:15:34.224765,moyenne
BJ-FA8AEAD4,Marché Marché,Commerce & Distribution,Pehunco,+229 37 51 74 77,,,TPE (<10),B2B/B2C,Facebook Pages,,Actif,2026-06-29T00:15:34.224784,basse
BJ-7FDD88FD,Alimentaire,Commerce & Distribution,Pehunco,+229 39 54 64 51,alimentaire@alimentaire.benin,,PME (10-50),B2B/B2C,Facebook Pages,,Actif,2026-06-29T00:15:34.224798,moyenne
BJ-3DF7F5C5,Commerce Supermarché,Commerce & Distribution,Pehunco,+229 49 83 69 80,,commercesupermarché.bj,Grande (>200),B2C,Facebook Pages,,Actif,2026-06-29T00:15:34.224810,moyenne
BJ-1F813543,Épicerie,Commerce & Distribution,Pehunco,+229 88 33 44 50,épicerie@épicerie.net,,TPE (<10),B2C,Facebook Pages,,Actif,2026-06-29T00:15:34.224821,moyenne
BJ-695F8ABD,Grossiste Store,Commerce & Distribution,Pehunco,+229 37 39 83 11,grossiste.store@grossiste.store.net,grossistestore.bj,PME (50-200),B2C,Facebook Pages,,Actif,2026-06-29T00:15:34.224833,haute
BJ-BC01B50A,Stock Shop,Commerce & Distribution,Copargo,+229 75 33 46 21,stock.shop@stock.shop.net,stockshop.bj,PME (10-50),B2B/B2C,Facebook Pages,,Actif,2026-06-29T00:15:34.224850,haute
BJ-56D97B14,Ets Boutique Ets,Commerce & Distribution,Copargo,+229 65 48 40 41,ets.boutique.ets@ets.boutique.ets.org,etsboutiqueets.bj,PME (10-50),B2B/B2C,Facebook Pages,,Actif,2026-06-29T00:15:34.224862,haute
BJ-C3CA888C,Alimentaire Market Copargo,Commerce & Distribution,Copargo,+229 96 79 51 27,,alimentairemarketcopargo.bj,TPE (<10),B2B/B2C,Facebook Pages,,Actif,2026-06-29T00:15:34.224874,moyenne
BJ-BF8392F0,Distribution Détaillant SARL Copargo,Commerce & Distribution,Copargo,+229 87 59 49 24,distribution.détaillant.sarl.copargo@distribution.détaillant.sarl.copargo.com,,PME (10-50),B2B/B2C,Facebook Pages,,Actif,2026-06-29T00:15:34.224912,moyenne
BJ-DC693BD7,Auberge Lac Bénin,Restauration & Hôtellerie,Cotonou,+229 87 50 87 11,,aubergelacbénin.bj,Grande (>200),B2C,Facebook Pages,,Actif,2026-06-29T00:15:34.224932,moyenne
BJ-4604A514,Lac Bénin,Restauration & Hôtellerie,Cotonou,+229 87 31 72 29,lac.bénin@lac.bénin.bj,lacbénin.bj,PME (10-50),B2C,Facebook Pages,,Actif,2026-06-29T00:15:34.224948,haute
BJ-1645FB7C,Table Inn Cotonou,Restauration & Hôtellerie,Cotonou,+229 62 83 80 78,,tableinncotonou.bj,TPE (<10),B2C,Facebook Pages,,Actif,2026-06-29T00:15:34.224960,moyenne
BJ-5BA7D9FF,Gourmet Hotel,Restauration & Hôtellerie,Cotonou,+229 45 33 44 40,,gourmethotel.bj,PME (10-50),B2C,Facebook Pages,,Actif,2026-06-29T00:15:34.224983,moyenne
BJ-EE362D5C,Nouveau Cotonou,Restauration & Hôtellerie,Cotonou,+229 67 77 95 61,nouveau.cotonou@nouveau.cotonou.org,nouveaucotonou.bj,TPE (<10),B2C,Facebook Pages,,Actif,2026-06-29T00:15:34.224994,haute
BJ-F85AD5EB,Bar Goût International,Restauration & Hôtellerie,Abomey-Calavi,+229 96 28 69 61,,bargoûtinternational.bj,PME (50-200),B2C,Facebook Pages,,Actif,2026-06-29T00:15:34.225011,moyenne
BJ-10C0F6FA,Plage,Restauration & Hôtellerie,Abomey-Calavi,+229 98 16 72 61,plage@plage.org,,Grande (>200),B2C,Facebook Pages,,Actif,2026-06-29T00:15:34.225022,moyenne
BJ-C33BDCCA,Palace,Restauration & Hôtellerie,Abomey-Calavi,+229 38 25 86 86,palace@palace.org,palace.bj,PME (10-50),B2C,Facebook Pages,,Actif,2026-06-29T00:15:34.225043,haute
BJ-EFA929D5,Café Royal,Restauration & Hôtellerie,Abomey-Calavi,+229 38 98 29 73,,,PME (10-50),B2C,Facebook Pages,,Actif,2026-06-29T00:15:34.225053,basse
BJ-A724DD2D,Auberge Saveur International,Restauration & Hôtellerie,Porto-Novo,+229 46 12 51 53,,aubergesaveurinternational.bj,TPE (<10),B2C,Facebook Pages,,Actif,2026-06-29T00:15:34.225068,moyenne
BJ-F7AAABEB,Café Palace,Restauration & Hôtellerie,Porto-Novo,+229 24 55 52 10,café.palace@café.palace.org,cafépalace.bj,PME (10-50),B2C,Facebook Pages,,Actif,2026-06-29T00:15:34.225086,haute
BJ-09690A9F,Palace Hotel,Restauration & Hôtellerie,Porto-Novo,+229 99 35 83 62,,palacehotel.bj,PME (10-50),B2C,Facebook Pages,,Actif,2026-06-29T00:15:34.225114,moyenne
BJ-873F22BA,Brasserie Ambiance,Restauration & Hôtellerie,Porto-Novo,+229 68 46 14 84,,brasserieambiance.bj,PME (50-200),B2C,Facebook Pages,,Actif,2026-06-29T00:15:34.225146,moyenne
BJ-DA4D41B5,Palace Porto-Novo,Restauration & Hôtellerie,Porto-Novo,+229 20 21 81 96,palace.portonovo@palace.portonovo.org,palaceportonovo.bj,PME (10-50),B2C,Facebook Pages,,Actif,2026-06-29T00:15:34.225160,haute
BJ-B46BAC8D,Brasserie Lac International,Restauration & Hôtellerie,Parakou,+229 55 97 24 38,brasserie.lac.international@brasserie.lac.international.net,brasserielacinternational.bj,TPE (<10),B2C,Facebook Pages,,Actif,2026-06-29T00:15:34.225178,haute
BJ-DA060FD3,Pension Saveur Hotel,Restauration & Hôtellerie,Parakou,+229 24 13 34 46,pension.saveur.hotel@pension.saveur.hotel.bj,pensionsaveurhotel.bj,TPE (<10),B2C,Facebook Pages,,Actif,2026-06-29T00:15:34.225190,haute
BJ-0231DBC5,Hôtel Nouveau Palace,Restauration & Hôtellerie,Parakou,+229 79 13 87 55,,hôtelnouveaupalace.bj,TPE (<10),B2C,Facebook Pages,,Actif,2026-06-29T00:15:34.225225,moyenne
BJ-00DD8E3A,Auberge Village Brasserie Parakou,Restauration & Hôtellerie,Parakou,+229 82 64 93 74,auberge.village.brasserie.parakou@auberge.village.brasserie.parakou.benin,aubergevillagebrasserieparakou.bj,PME (50-200),B2C,Facebook Pages,,Actif,2026-06-29T00:15:34.225237,haute
BJ-D4CD6879,Jardin Bénin,Restauration & Hôtellerie,Bohicon,+229 32 67 62 28,,jardinbénin.bj,Grande (>200),B2C,Facebook Pages,,Actif,2026-06-29T00:15:34.225253,moyenne
BJ-64FCE806,Ambiance Café,Restauration & Hôtellerie,Bohicon,+229 21 95 80 45,ambiance.café@ambiance.café.bj,ambiancecafé.bj,TPE (<10),B2C,Facebook Pages,,Actif,2026-06-29T00:15:34.225268,haute
BJ-B4E112E4,Pension Grand Inn,Restauration & Hôtellerie,Bohicon,+229 24 59 77 73,,pensiongrandinn.bj,PME (10-50),B2C,Facebook Pages,,Actif,2026-06-29T00:15:34.225279,moyenne
BJ-504C7F93,Royal International,Restauration & Hôtellerie,Bohicon,+229 59 25 46 61,,royalinternational.bj,PME (10-50),B2C,Facebook Pages,,Actif,2026-06-29T00:15:34.225289,moyenne
BJ-4928C874,Restaurant Nouveau Brasserie,Restauration & Hôtellerie,Bohicon,+229 87 33 16 99,,restaurantnouveaubrasserie.bj,PME (50-200),B2C,Facebook Pages,,Actif,2026-06-29T00:15:34.225299,moyenne
BJ-75AB863A,Ambiance Brasserie,Restauration & Hôtellerie,Natitingou,+229 75 39 57 56,,ambiancebrasserie.bj,PME (10-50),B2C,Facebook Pages,,Actif,2026-06-29T00:15:34.225326,moyenne
BJ-A8E97DC3,Bar Ambiance Natitingou,Restauration & Hôtellerie,Natitingou,+229 53 32 51 26,bar.ambiance.natitingou@bar.ambiance.natitingou.benin,,TPE (<10),B2C,Facebook Pages,,Actif,2026-06-29T00:15:34.225359,moyenne
BJ-90973C59,Hôtel Plage,Restauration & Hôtellerie,Lokossa,+229 20 33 87 40,,,PME (50-200),B2C,Facebook Pages,,Actif,2026-06-29T00:15:34.225375,basse
BJ-E57C7702,Café Saveur Lokossa,Restauration & Hôtellerie,Lokossa,+229 21 75 71 56,,,TPE (<10),B2C,Facebook Pages,,Actif,2026-06-29T00:15:34.225388,basse
BJ-9CB531EE,Café Ambiance,Restauration & Hôtellerie,Lokossa,+229 72 50 56 22,café.ambiance@café.ambiance.net,caféambiance.bj,PME (10-50),B2C,Facebook Pages,,Actif,2026-06-29T00:15:34.225401,haute
BJ-69AB75E9,Restaurant Détente International,Restauration & Hôtellerie,Lokossa,+229 93 31 70 49,restaurant.détente.international@restaurant.détente.international.net,restaurantdétenteinternational.bj,PME (10-50),B2C,Facebook Pages,,Actif,2026-06-29T00:15:34.225413,haute
BJ-DAEDF357,Auberge Plage Inn,Restauration & Hôtellerie,Lokossa,+229 32 81 60 76,auberge.plage.inn@auberge.plage.inn.net,aubergeplageinn.bj,Grande (>200),B2C,Facebook Pages,,Actif,2026-06-29T00:15:34.225425,haute
BJ-95755344,Gourmet Brasserie,Restauration & Hôtellerie,Ouidah,+229 94 42 65 49,,,Grande (>200),B2C,Facebook Pages,,Actif,2026-06-29T00:15:34.225443,basse
BJ-E2BD65EE,Gourmet Inn,Restauration & Hôtellerie,Ouidah,+229 99 75 81 99,,,PME (50-200),B2C,Facebook Pages,,Actif,2026-06-29T00:15:34.225454,basse
BJ-029AC863,Lac,Restauration & Hôtellerie,Ouidah,+229 99 44 87 42,lac@lac.com,lac.bj,PME (50-200),B2C,Facebook Pages,,Actif,2026-06-29T00:15:34.225465,haute
BJ-8297FCBE,Brasserie Détente,Restauration & Hôtellerie,Ouidah,+229 42 22 62 49,,brasseriedétente.bj,PME (10-50),B2C,Facebook Pages,,Actif,2026-06-29T00:15:34.225478,moyenne
BJ-1017E3C5,Bar Nouveau Inn,Restauration & Hôtellerie,Ouidah,+229 42 14 22 31,,barnouveauinn.bj,Grande (>200),B2C,Facebook Pages,,Actif,2026-06-29T00:15:34.225489,moyenne
BJ-ED363F36,Gourmet Bénin,Restauration & Hôtellerie,Savalou,+229 83 54 71 59,,,PME (50-200),B2C,Facebook Pages,,Actif,2026-06-29T00:15:34.225505,basse
BJ-ACA437BA,Pension Plage Restaurant,Restauration & Hôtellerie,Savalou,+229 39 49 21 72,,pensionplagerestaurant.bj,PME (10-50),B2C,Facebook Pages,,Actif,2026-06-29T00:15:34.225518,moyenne
BJ-1AF45E45,Brasserie Lac Palace,Restauration & Hôtellerie,Savalou,+229 62 37 46 65,brasserie.lac.palace@brasserie.lac.palace.benin,,TPE (<10),B2C,Facebook Pages,,Actif,2026-06-29T00:15:34.225529,moyenne
BJ-B4248341,Café Village International,Restauration & Hôtellerie,Savalou,+229 89 37 43 82,café.village.international@café.village.international.net,cafévillageinternational.bj,PME (10-50),B2C,Facebook Pages,,Actif,2026-06-29T00:15:34.225542,haute
BJ-B8252232,Bar Gourmet Inn,Restauration & Hôtellerie,Savalou,+229 43 33 34 66,bar.gourmet.inn@bar.gourmet.inn.com,bargourmetinn.bj,PME (50-200),B2C,Facebook Pages,,Actif,2026-06-29T00:15:34.225553,haute
BJ-93D6163A,Ambiance Dassa-Zoumè,Restauration & Hôtellerie,Dassa-Zoumè,+229 64 61 71 48,,ambiancedassazoumè.bj,Grande (>200),B2C,Facebook Pages,,Actif,2026-06-29T00:15:34.225569,moyenne
BJ-29B34676,Pension Lac International,Restauration & Hôtellerie,Dassa-Zoumè,+229 99 77 68 14,pension.lac.international@pension.lac.international.bj,pensionlacinternational.bj,PME (50-200),B2C,Facebook Pages,,Actif,2026-06-29T00:15:34.225625,haute
BJ-2314A486,Bar Table Hotel,Restauration & Hôtellerie,Dassa-Zoumè,+229 90 50 13 25,,,TPE (<10),B2C,Facebook Pages,,Actif,2026-06-29T00:15:34.225635,basse
BJ-17BB8A6C,Hôtel Jardin,Restauration & Hôtellerie,Dassa-Zoumè,+229 80 96 49 76,,,TPE (<10),B2C,Facebook Pages,,Actif,2026-06-29T00:15:34.225658,basse
BJ-F7593245,Pension Ambiance Bénin,Restauration & Hôtellerie,Kétou,+229 52 53 88 69,pension.ambiance.bénin@pension.ambiance.bénin.bj,,PME (10-50),B2C,Facebook Pages,,Actif,2026-06-29T00:15:34.225676,moyenne
BJ-B22DCDA1,Pension Royal Café,Restauration & Hôtellerie,Kétou,+229 80 66 91 79,,,PME (10-50),B2C,Facebook Pages,,Actif,2026-06-29T00:15:34.225691,basse
BJ-8D44295A,Bar Plage,Restauration & Hôtellerie,Kétou,+229 46 15 73 14,,barplage.bj,PME (50-200),B2C,Facebook Pages,,Actif,2026-06-29T00:15:34.225702,moyenne
BJ-01E24E28,Grand Hotel,Restauration & Hôtellerie,Kétou,+229 99 54 96 79,grand.hotel@grand.hotel.bj,grandhotel.bj,PME (10-50),B2C,Facebook Pages,,Actif,2026-06-29T00:15:34.225714,haute
BJ-B91D8745,Pension Table Bénin,Restauration & Hôtellerie,Covè,+229 30 28 72 69,pension.table.bénin@pension.table.bénin.bj,pensiontablebénin.bj,TPE (<10),B2C,Facebook Pages,,Actif,2026-06-29T00:15:34.225755,haute
BJ-E485B8E0,Bar Grand,Restauration & Hôtellerie,Covè,+229 73 10 53 99,bar.grand@bar.grand.com,bargrand.bj,Grande (>200),B2C,Facebook Pages,,Actif,2026-06-29T00:15:34.225776,haute
BJ-BECDDE64,Brasserie Plage Inn,Restauration & Hôtellerie,Covè,+229 30 16 65 46,brasserie.plage.inn@brasserie.plage.inn.bj,brasserieplageinn.bj,TPE (<10),B2C,Facebook Pages,,Actif,2026-06-29T00:15:34.225788,haute
BJ-283B97AE,Pension Royal,Restauration & Hôtellerie,Covè,+229 40 76 34 34,,,PME (10-50),B2C,Facebook Pages,,Actif,2026-06-29T00:15:34.225797,basse
BJ-C2AB9465,Brasserie Goût Inn,Restauration & Hôtellerie,Pobè,+229 50 12 95 30,brasserie.goût.inn@brasserie.goût.inn.com,brasseriegoûtinn.bj,TPE (<10),B2C,Facebook Pages,,Actif,2026-06-29T00:15:34.225813,haute
BJ-F6F03546,Plage Pobè,Restauration & Hôtellerie,Pobè,+229 43 25 64 88,plage.pobè@plage.pobè.com,plagepobè.bj,TPE (<10),B2C,Facebook Pages,,Actif,2026-06-29T00:15:34.225828,haute
BJ-C176A666,Bar Nouveau,Restauration & Hôtellerie,Pobè,+229 23 66 52 81,bar.nouveau@bar.nouveau.benin,,PME (10-50),B2C,Facebook Pages,,Actif,2026-06-29T00:15:34.225843,moyenne
BJ-3843120D,Mer Palace,Restauration & Hôtellerie,Pobè,+229 74 48 34 87,mer.palace@mer.palace.com,,TPE (<10),B2C,Facebook Pages,,Actif,2026-06-29T00:15:34.225858,moyenne
BJ-711F9F7B,Brasserie Grand,Restauration & Hôtellerie,Pobè,+229 31 68 10 15,,brasseriegrand.bj,PME (10-50),B2C,Facebook Pages,,Actif,2026-06-29T00:15:34.225870,moyenne
BJ-0A73535A,Brasserie Saveur International,Restauration & Hôtellerie,Sakété,+229 71 34 99 12,brasserie.saveur.international@brasserie.saveur.international.benin,brasseriesaveurinternational.bj,PME (10-50),B2C,Facebook Pages,,Actif,2026-06-29T00:15:34.225920,haute
BJ-074A6A5B,Gourmet,Restauration & Hôtellerie,Sakété,+229 80 43 84 79,,gourmet.bj,PME (50-200),B2C,Facebook Pages,,Actif,2026-06-29T00:15:34.225932,moyenne
BJ-80E7DC95,Auberge Grand Brasserie,Restauration & Hôtellerie,Sakété,+229 71 90 42 98,,aubergegrandbrasserie.bj,Grande (>200),B2C,Facebook Pages,,Actif,2026-06-29T00:15:34.225943,moyenne
BJ-77CEDC3E,Auberge Royal Sakété,Restauration & Hôtellerie,Sakété,+229 23 99 49 87,auberge.royal.sakété@auberge.royal.sakété.com,aubergeroyalsakété.bj,TPE (<10),B2C,Facebook Pages,,Actif,2026-06-29T00:15:34.225955,haute
BJ-8D8EDD33,Bar Jardin International,Restauration & Hôtellerie,Adjara,+229 22 44 43 28,bar.jardin.international@bar.jardin.international.benin,barjardininternational.bj,PME (50-200),B2C,Facebook Pages,,Actif,2026-06-29T00:15:34.225973,haute
BJ-B6BBE265,Goût Bénin,Restauration & Hôtellerie,Adjara,+229 25 78 34 15,goût.bénin@goût.bénin.bj,goûtbénin.bj,PME (50-200),B2C,Facebook Pages,,Actif,2026-06-29T00:15:34.225989,haute
BJ-43573B8C,Village Inn,Restauration & Hôtellerie,Adjara,+229 62 48 78 54,,,TPE (<10),B2C,Facebook Pages,,Actif,2026-06-29T00:15:34.226000,basse
BJ-417C6F3B,Pension Table,Restauration & Hôtellerie,Adjara,+229 29 11 98 41,,,TPE (<10),B2C,Facebook Pages,,Actif,2026-06-29T00:15:34.226010,basse
BJ-69626FAC,Restaurant Saveur Bénin,Restauration & Hôtellerie,Adjara,+229 81 62 63 65,restaurant.saveur.bénin@restaurant.saveur.bénin.net,,PME (10-50),B2C,Facebook Pages,,Actif,2026-06-29T00:15:34.226022,moyenne
BJ-72D96460,Auberge Palace Café,Restauration & Hôtellerie,Allada,+229 99 59 71 59,auberge.palace.café@auberge.palace.café.net,,TPE (<10),B2C,Facebook Pages,,Actif,2026-06-29T00:15:34.226039,moyenne
BJ-687237AB,Goût Café Allada,Restauration & Hôtellerie,Allada,+229 49 12 98 65,,goûtcaféallada.bj,TPE (<10),B2C,Facebook Pages,,Actif,2026-06-29T00:15:34.226051,moyenne
BJ-1258A129,Brasserie Grand,Restauration & Hôtellerie,Allada,+229 57 10 68 21,brasserie.grand@brasserie.grand.com,brasseriegrand.bj,TPE (<10),B2C,Facebook Pages,,Actif,2026-06-29T00:15:34.226063,haute
BJ-13C74B99,Grand,Restauration & Hôtellerie,Allada,+229 67 10 73 20,grand@grand.org,grand.bj,Grande (>200),B2C,Facebook Pages,,Actif,2026-06-29T00:15:34.226079,haute
BJ-0340BF21,Café Village Allada,Restauration & Hôtellerie,Allada,+229 28 10 84 67,café.village.allada@café.village.allada.bj,cafévillageallada.bj,Grande (>200),B2C,Facebook Pages,,Actif,2026-06-29T00:15:34.226092,haute
BJ-4E9D15A8,Pension Goût Palace,Restauration & Hôtellerie,Aplahoué,+229 27 84 14 95,,pensiongoûtpalace.bj,TPE (<10),B2C,Facebook Pages,,Actif,2026-06-29T00:15:34.226109,moyenne
BJ-9AF62BCB,Goût,Restauration & Hôtellerie,Aplahoué,+229 70 62 27 84,,goût.bj,PME (50-200),B2C,Facebook Pages,,Actif,2026-06-29T00:15:34.226123,moyenne
BJ-A12BA97A,Grand,Restauration & Hôtellerie,Aplahoué,+229 20 58 15 96,grand@grand.benin,,TPE (<10),B2C,Facebook Pages,,Actif,2026-06-29T00:15:34.226135,moyenne
BJ-6A93B436,Jardin Café,Restauration & Hôtellerie,Aplahoué,+229 49 14 33 95,jardin.café@jardin.café.org,jardincafé.bj,PME (10-50),B2C,Facebook Pages,,Actif,2026-06-29T00:15:34.226159,haute
BJ-C7F7C5CF,Auberge Mer Hotel,Restauration & Hôtellerie,Dogbo-Tota,+229 60 30 98 12,auberge.mer.hotel@auberge.mer.hotel.benin,aubergemerhotel.bj,TPE (<10),B2C,Facebook Pages,,Actif,2026-06-29T00:15:34.226177,haute
BJ-2448EC45,Plage,Restauration & Hôtellerie,Dogbo-Tota,+229 46 20 27 89,,plage.bj,PME (50-200),B2C,Facebook Pages,,Actif,2026-06-29T00:15:34.226202,moyenne
BJ-348A26FE,Lac,Restauration & Hôtellerie,Dogbo-Tota,+229 74 25 86 39,,lac.bj,PME (10-50),B2C,Facebook Pages,,Actif,2026-06-29T00:15:34.226212,moyenne
BJ-420DD897,Jardin,Restauration & Hôtellerie,Kpomassè,+229 49 74 77 34,,,PME (10-50),B2C,Facebook Pages,,Actif,2026-06-29T00:15:34.226252,basse
BJ-E5FB6841,Auberge Table International,Restauration & Hôtellerie,Kpomassè,+229 96 20 39 76,,aubergetableinternational.bj,PME (10-50),B2C,Facebook Pages,,Actif,2026-06-29T00:15:34.226265,moyenne
BJ-97CF185A,Gourmet Inn,Restauration & Hôtellerie,Kpomassè,+229 23 14 18 22,gourmet.inn@gourmet.inn.org,gourmetinn.bj,TPE (<10),B2C,Facebook Pages,,Actif,2026-06-29T00:15:34.226278,haute
BJ-FCB08193,Pension Royal,Restauration & Hôtellerie,Kpomassè,+229 25 24 38 55,,pensionroyal.bj,PME (10-50),B2C,Facebook Pages,,Actif,2026-06-29T00:15:34.226291,moyenne
BJ-CA900380,Pension Nouveau,Restauration & Hôtellerie,Kpomassè,+229 78 71 75 60,pension.nouveau@pension.nouveau.net,pensionnouveau.bj,PME (10-50),B2C,Facebook Pages,,Actif,2026-06-29T00:15:34.226303,haute
BJ-29F40FE6,Bar Plage,Restauration & Hôtellerie,Tori-Bossito,+229 82 79 72 84,bar.plage@bar.plage.bj,barplage.bj,PME (50-200),B2C,Facebook Pages,,Actif,2026-06-29T00:15:34.226375,haute
BJ-CEA4BD29,Café Grand Tori-Bossito,Restauration & Hôtellerie,Tori-Bossito,+229 55 26 64 88,café.grand.toribossito@café.grand.toribossito.benin,,PME (10-50),B2C,Facebook Pages,,Actif,2026-06-29T00:15:34.226387,moyenne
BJ-2E579947,Brasserie Saveur Bénin,Restauration & Hôtellerie,Tori-Bossito,+229 31 51 79 24,,,PME (50-200),B2C,Facebook Pages,,Actif,2026-06-29T00:15:34.226397,basse
BJ-9B27A191,Pension Ambiance Brasserie Tori-Bossito,Restauration & Hôtellerie,Tori-Bossito,+229 83 96 23 93,pension.ambiance.brasserie.toribossito@pension.ambiance.brasserie.toribossito.net,,TPE (<10),B2C,Facebook Pages,,Actif,2026-06-29T00:15:34.226409,moyenne
BJ-FB32F12D,Pension Goût Inn,Restauration & Hôtellerie,Grand-Popo,+229 58 91 47 33,pension.goût.inn@pension.goût.inn.benin,,TPE (<10),B2C,Facebook Pages,,Actif,2026-06-29T00:15:34.226426,moyenne
BJ-D0818061,Brasserie Goût Bénin,Restauration & Hôtellerie,Grand-Popo,+229 72 22 65 74,brasserie.goût.bénin@brasserie.goût.bénin.bj,brasseriegoûtbénin.bj,Grande (>200),B2C,Facebook Pages,,Actif,2026-06-29T00:15:34.226464,haute
BJ-A351C9D4,Jardin Restaurant,Restauration & Hôtellerie,Grand-Popo,+229 63 97 55 62,,jardinrestaurant.bj,PME (50-200),B2C,Facebook Pages,,Actif,2026-06-29T00:15:34.226475,moyenne
BJ-EA8DE437,Grand,Restauration & Hôtellerie,Grand-Popo,+229 57 84 18 31,grand@grand.benin,,TPE (<10),B2C,Facebook Pages,,Actif,2026-06-29T00:15:34.226486,moyenne
BJ-34471F3F,Pension Table,Restauration & Hôtellerie,Athiémé,+229 94 60 38 96,pension.table@pension.table.org,pensiontable.bj,TPE (<10),B2C,Facebook Pages,,Actif,2026-06-29T00:15:34.226505,haute
BJ-372216D7,Café Goût Palace,Restauration & Hôtellerie,Athiémé,+229 75 13 75 83,,,TPE (<10),B2C,Facebook Pages,,Actif,2026-06-29T00:15:34.226515,basse
BJ-EDBA5221,Auberge Grand Bénin,Restauration & Hôtellerie,Athiémé,+229 20 77 80 16,auberge.grand.bénin@auberge.grand.bénin.net,aubergegrandbénin.bj,TPE (<10),B2C,Facebook Pages,,Actif,2026-06-29T00:15:34.226527,haute
BJ-B8308FDC,Café Table,Restauration & Hôtellerie,Athiémé,+229 72 96 59 53,,,TPE (<10),B2C,Facebook Pages,,Actif,2026-06-29T00:15:34.226536,basse
BJ-30AE0EDC,Ambiance Café,Restauration & Hôtellerie,Athiémé,+229 70 92 95 93,,,PME (10-50),B2C,Facebook Pages,,Actif,2026-06-29T00:15:34.226546,basse
BJ-08501FA2,Jardin,Restauration & Hôtellerie,Bopa,+229 87 67 59 64,,jardin.bj,TPE (<10),B2C,Facebook Pages,,Actif,2026-06-29T00:15:34.226562,moyenne
BJ-7D388A37,Auberge Palace,Restauration & Hôtellerie,Bopa,+229 26 77 54 80,,aubergepalace.bj,PME (50-200),B2C,Facebook Pages,,Actif,2026-06-29T00:15:34.226578,moyenne
BJ-FEB1F6C0,Table,Restauration & Hôtellerie,Bopa,+229 47 93 47 34,,table.bj,Grande (>200),B2C,Facebook Pages,,Actif,2026-06-29T00:15:34.226588,moyenne
BJ-950F759C,Ambiance Bopa,Restauration & Hôtellerie,Bopa,+229 73 80 21 30,,ambiancebopa.bj,TPE (<10),B2C,Facebook Pages,,Actif,2026-06-29T00:15:34.226598,moyenne
BJ-A0780C65,Palace Hotel,Restauration & Hôtellerie,Bopa,+229 62 30 32 81,,,PME (10-50),B2C,Facebook Pages,,Actif,2026-06-29T00:15:34.226608,basse
BJ-392CE69D,Royal Palace Houéyogbé,Restauration & Hôtellerie,Houéyogbé,+229 23 69 43 97,,royalpalacehouéyogbé.bj,PME (10-50),B2C,Facebook Pages,,Actif,2026-06-29T00:15:34.226628,moyenne
BJ-D82E8103,Lac Houéyogbé,Restauration & Hôtellerie,Houéyogbé,+229 20 78 41 57,,,TPE (<10),B2C,Facebook Pages,,Actif,2026-06-29T00:15:34.226639,basse
BJ-D6510AEE,Bar Ambiance Inn,Restauration & Hôtellerie,Houéyogbé,+229 65 35 82 74,bar.ambiance.inn@bar.ambiance.inn.net,barambianceinn.bj,TPE (<10),B2C,Facebook Pages,,Actif,2026-06-29T00:15:34.226650,haute
BJ-D10DF7B5,Goût,Restauration & Hôtellerie,Houéyogbé,+229 91 19 98 17,goût@goût.org,,TPE (<10),B2C,Facebook Pages,,Actif,2026-06-29T00:15:34.226661,moyenne
BJ-77A6D30A,Grand Café,Restauration & Hôtellerie,Malanville,+229 87 92 64 97,grand.café@grand.café.benin,grandcafé.bj,PME (50-200),B2C,Facebook Pages,,Actif,2026-06-29T00:15:34.226693,haute
BJ-FD6ED292,Ambiance,Restauration & Hôtellerie,Malanville,+229 79 66 20 69,ambiance@ambiance.com,,PME (10-50),B2C,Facebook Pages,,Actif,2026-06-29T00:15:34.226706,moyenne
BJ-57E94823,Restaurant Mer Hotel,Restauration & Hôtellerie,Malanville,+229 39 74 96 48,restaurant.mer.hotel@restaurant.mer.hotel.com,,PME (10-50),B2C,Facebook Pages,,Actif,2026-06-29T00:15:34.226718,moyenne
BJ-972B0E37,Bar Détente Hotel,Restauration & Hôtellerie,Malanville,+229 39 87 15 89,,,TPE (<10),B2C,Facebook Pages,,Actif,2026-06-29T00:15:34.226727,basse
BJ-38CB9E1F,Auberge Nouveau,Restauration & Hôtellerie,Kandi,+229 39 26 44 22,auberge.nouveau@auberge.nouveau.net,aubergenouveau.bj,PME (10-50),B2C,Facebook Pages,,Actif,2026-06-29T00:15:34.226754,haute
BJ-1545C5EF,Lac Restaurant,Restauration & Hôtellerie,Kandi,+229 46 91 80 35,lac.restaurant@lac.restaurant.benin,,PME (10-50),B2C,Facebook Pages,,Actif,2026-06-29T00:15:34.226767,moyenne
BJ-6EA86548,Palace Restaurant,Restauration & Hôtellerie,Kandi,+229 63 55 49 49,,palacerestaurant.bj,TPE (<10),B2C,Facebook Pages,,Actif,2026-06-29T00:15:34.226778,moyenne
BJ-B1178E8B,Bar Jardin Palace Kandi,Restauration & Hôtellerie,Kandi,+229 37 95 37 97,bar.jardin.palace.kandi@bar.jardin.palace.kandi.org,barjardinpalacekandi.bj,TPE (<10),B2C,Facebook Pages,,Actif,2026-06-29T00:15:34.226789,haute
BJ-33073B27,Jardin International,Restauration & Hôtellerie,Kandi,+229 95 19 22 67,,jardininternational.bj,TPE (<10),B2C,Facebook Pages,,Actif,2026-06-29T00:15:34.226799,moyenne
BJ-69C53810,Mer,Restauration & Hôtellerie,Banikoara,+229 65 65 56 56,,mer.bj,Grande (>200),B2C,Facebook Pages,,Actif,2026-06-29T00:15:34.226817,moyenne
BJ-352E1A7C,Restaurant Gourmet,Restauration & Hôtellerie,Banikoara,+229 31 24 12 32,restaurant.gourmet@restaurant.gourmet.org,restaurantgourmet.bj,TPE (<10),B2C,Facebook Pages,,Actif,2026-06-29T00:15:34.226832,haute
BJ-F5CFE50C,Grand,Restauration & Hôtellerie,Banikoara,+229 83 55 65 75,grand@grand.org,,PME (10-50),B2C,Facebook Pages,,Actif,2026-06-29T00:15:34.226843,moyenne
BJ-D0F7E8C4,Restaurant Jardin Ségbana,Restauration & Hôtellerie,Ségbana,+229 22 73 49 49,restaurant.jardin.ségbana@restaurant.jardin.ségbana.bj,restaurantjardinségbana.bj,TPE (<10),B2C,Facebook Pages,,Actif,2026-06-29T00:15:34.226884,haute
BJ-B1650125,Bar Royal Hotel,Restauration & Hôtellerie,Ségbana,+229 51 50 86 28,bar.royal.hotel@bar.royal.hotel.org,barroyalhotel.bj,Grande (>200),B2C,Facebook Pages,,Actif,2026-06-29T00:15:34.226924,haute
BJ-13C87BD6,Brasserie Jardin Restaurant Ségbana,Restauration & Hôtellerie,Ségbana,+229 49 21 88 19,,,TPE (<10),B2C,Facebook Pages,,Actif,2026-06-29T00:15:34.226950,basse
BJ-0C80C25B,Café Saveur,Restauration & Hôtellerie,Karimama,+229 59 97 12 42,café.saveur@café.saveur.net,cafésaveur.bj,Grande (>200),B2C,Facebook Pages,,Actif,2026-06-29T00:15:34.226991,haute
BJ-2211A2C9,Pension Jardin Café,Restauration & Hôtellerie,Karimama,+229 75 99 49 38,pension.jardin.café@pension.jardin.café.net,,PME (10-50),B2C,Facebook Pages,,Actif,2026-06-29T00:15:34.227009,moyenne
BJ-7355F420,Brasserie Détente Brasserie,Restauration & Hôtellerie,Karimama,+229 82 87 47 62,,,TPE (<10),B2C,Facebook Pages,,Actif,2026-06-29T00:15:34.227033,basse
BJ-F77081FF,Auberge Plage,Restauration & Hôtellerie,Karimama,+229 57 48 99 43,auberge.plage@auberge.plage.net,aubergeplage.bj,PME (50-200),B2C,Facebook Pages,,Actif,2026-06-29T00:15:34.227047,haute
BJ-52D3E8CE,Plage,Restauration & Hôtellerie,Karimama,+229 23 92 56 42,plage@plage.net,plage.bj,TPE (<10),B2C,Facebook Pages,,Actif,2026-06-29T00:15:34.227058,haute
BJ-0A523301,Bar Village Hotel Gogounou,Restauration & Hôtellerie,Gogounou,+229 79 65 96 41,,barvillagehotelgogounou.bj,TPE (<10),B2C,Facebook Pages,,Actif,2026-06-29T00:15:34.227084,moyenne
BJ-0FE2D158,Bar Nouveau,Restauration & Hôtellerie,Gogounou,+229 61 34 80 44,,barnouveau.bj,PME (10-50),B2C,Facebook Pages,,Actif,2026-06-29T00:15:34.227095,moyenne
BJ-5438B499,Café Détente Brasserie,Restauration & Hôtellerie,Gogounou,+229 29 62 13 81,café.détente.brasserie@café.détente.brasserie.com,cafédétentebrasserie.bj,PME (50-200),B2C,Facebook Pages,,Actif,2026-06-29T00:15:34.227108,haute
BJ-F4FD2379,Bar Village Inn,Restauration & Hôtellerie,Gogounou,+229 30 14 76 95,bar.village.inn@bar.village.inn.net,,PME (10-50),B2C,Facebook Pages,,Actif,2026-06-29T00:15:34.227119,moyenne
BJ-0022010B,Grand Bénin,Restauration & Hôtellerie,Cobly,+229 21 70 28 82,grand.bénin@grand.bénin.benin,,Grande (>200),B2C,Facebook Pages,,Actif,2026-06-29T00:15:34.227161,moyenne
BJ-C2EEB7D0,Ambiance Hotel,Restauration & Hôtellerie,Cobly,+229 29 32 53 12,ambiance.hotel@ambiance.hotel.net,,TPE (<10),B2C,Facebook Pages,,Actif,2026-06-29T00:15:34.227173,moyenne
BJ-324C0B85,Plage,Restauration & Hôtellerie,Cobly,+229 69 30 43 17,,plage.bj,TPE (<10),B2C,Facebook Pages,,Actif,2026-06-29T00:15:34.227217,moyenne
BJ-8A928468,Pension Lac Cobly,Restauration & Hôtellerie,Cobly,+229 88 21 45 82,,,PME (50-200),B2C,Facebook Pages,,Actif,2026-06-29T00:15:34.227237,basse
BJ-2E3E7314,Pension Détente Palace,Restauration & Hôtellerie,Tanguiéta,+229 33 90 45 23,,pensiondétentepalace.bj,PME (10-50),B2C,Facebook Pages,,Actif,2026-06-29T00:15:34.227272,moyenne
BJ-8CE2D77D,Auberge Lac,Restauration & Hôtellerie,Tanguiéta,+229 34 65 69 58,,aubergelac.bj,TPE (<10),B2C,Facebook Pages,,Actif,2026-06-29T00:15:34.227285,moyenne
BJ-8D2E7937,Village International,Restauration & Hôtellerie,Tanguiéta,+229 34 66 15 51,village.international@village.international.net,villageinternational.bj,PME (10-50),B2C,Facebook Pages,,Actif,2026-06-29T00:15:34.227306,haute
BJ-A8FAC124,Détente Restaurant,Restauration & Hôtellerie,Tanguiéta,+229 78 28 11 73,détente.restaurant@détente.restaurant.org,,PME (10-50),B2C,Facebook Pages,,Actif,2026-06-29T00:15:34.227318,moyenne
BJ-8896EAA9,Lac Restaurant,Restauration & Hôtellerie,Tanguiéta,+229 41 55 49 63,lac.restaurant@lac.restaurant.org,,PME (50-200),B2C,Facebook Pages,,Actif,2026-06-29T00:15:34.227330,moyenne
BJ-FB2F3D58,Hôtel Grand Hotel,Restauration & Hôtellerie,Matéri,+229 57 31 37 12,,hôtelgrandhotel.bj,TPE (<10),B2C,Facebook Pages,,Actif,2026-06-29T00:15:34.227348,moyenne
BJ-905282DC,Plage Café,Restauration & Hôtellerie,Matéri,+229 47 19 92 38,,plagecafé.bj,PME (10-50),B2C,Facebook Pages,,Actif,2026-06-29T00:15:34.227363,moyenne
BJ-B0EB4B41,Jardin Bénin,Restauration & Hôtellerie,Matéri,+229 88 19 82 41,jardin.bénin@jardin.bénin.benin,jardinbénin.bj,PME (10-50),B2C,Facebook Pages,,Actif,2026-06-29T00:15:34.227375,haute
BJ-DE40A68A,Restaurant Mer Matéri,Restauration & Hôtellerie,Matéri,+229 98 36 35 65,,restaurantmermatéri.bj,PME (10-50),B2C,Facebook Pages,,Actif,2026-06-29T00:15:34.227386,moyenne
BJ-D83F562E,Plage Restaurant,Restauration & Hôtellerie,Matéri,+229 38 73 10 83,plage.restaurant@plage.restaurant.org,,PME (10-50),B2C,Facebook Pages,,Actif,2026-06-29T00:15:34.227397,moyenne
BJ-435E0E87,Pension Royal Inn,Restauration & Hôtellerie,Natitingou,+229 28 40 49 39,,,PME (50-200),B2C,Facebook Pages,,Actif,2026-06-29T00:15:34.227413,basse
BJ-BEFDAA8B,Restaurant Mer Inn,Restauration & Hôtellerie,Natitingou,+229 87 47 57 32,restaurant.mer.inn@restaurant.mer.inn.com,restaurantmerinn.bj,PME (50-200),B2C,Facebook Pages,,Actif,2026-06-29T00:15:34.227425,haute
BJ-53CA2BC0,Restaurant Jardin Restaurant,Restauration & Hôtellerie,Natitingou,+229 28 22 82 89,restaurant.jardin.restaurant@restaurant.jardin.restaurant.com,restaurantjardinrestaurant.bj,TPE (<10),B2C,Facebook Pages,,Actif,2026-06-29T00:15:34.227437,haute
BJ-764D5CF6,Bar Mer Brasserie,Restauration & Hôtellerie,Natitingou,+229 46 81 50 81,bar.mer.brasserie@bar.mer.brasserie.net,,PME (10-50),B2C,Facebook Pages,,Actif,2026-06-29T00:15:34.227448,moyenne
BJ-E4B61AC0,Ambiance,Restauration & Hôtellerie,Natitingou,+229 66 23 63 25,ambiance@ambiance.benin,,PME (50-200),B2C,Facebook Pages,,Actif,2026-06-29T00:15:34.227463,moyenne
BJ-DE0ABDAA,Restaurant Ambiance International,Restauration & Hôtellerie,Toucountouna,+229 36 18 35 40,restaurant.ambiance.international@restaurant.ambiance.international.net,restaurantambianceinternational.bj,PME (10-50),B2C,Facebook Pages,,Actif,2026-06-29T00:15:34.227481,haute
BJ-58485B07,Jardin Restaurant,Restauration & Hôtellerie,Toucountouna,+229 86 34 94 64,jardin.restaurant@jardin.restaurant.org,,TPE (<10),B2C,Facebook Pages,,Actif,2026-06-29T00:15:34.227495,moyenne
BJ-E01BD4CA,Lac Palace,Restauration & Hôtellerie,Toucountouna,+229 45 47 93 92,,lacpalace.bj,PME (10-50),B2C,Facebook Pages,,Actif,2026-06-29T00:15:34.227509,moyenne
BJ-A967EF12,Table Bénin,Restauration & Hôtellerie,Toucountouna,+229 44 22 39 59,table.bénin@table.bénin.bj,tablebénin.bj,TPE (<10),B2C,Facebook Pages,,Actif,2026-06-29T00:15:34.227522,haute
BJ-5DAC7AEF,Nouveau Café,Restauration & Hôtellerie,Toucountouna,+229 63 92 23 91,,nouveaucafé.bj,Grande (>200),B2C,Facebook Pages,,Actif,2026-06-29T00:15:34.227533,moyenne
BJ-6EC4FAC7,Nouveau Inn Boukoumbé,Restauration & Hôtellerie,Boukoumbé,+229 21 74 73 48,nouveau.inn.boukoumbé@nouveau.inn.boukoumbé.net,,TPE (<10),B2C,Facebook Pages,,Actif,2026-06-29T00:15:34.227550,moyenne
BJ-CD1EE67C,Nouveau Brasserie,Restauration & Hôtellerie,Boukoumbé,+229 73 62 86 98,nouveau.brasserie@nouveau.brasserie.bj,nouveaubrasserie.bj,Grande (>200),B2C,Facebook Pages,,Actif,2026-06-29T00:15:34.227562,haute
BJ-8D5E6150,Bar Mer International,Restauration & Hôtellerie,Boukoumbé,+229 29 56 53 15,bar.mer.international@bar.mer.international.org,,PME (10-50),B2C,Facebook Pages,,Actif,2026-06-29T00:15:34.227573,moyenne
BJ-4DD2CBE2,Auberge Gourmet Boukoumbé,Restauration & Hôtellerie,Boukoumbé,+229 63 50 16 11,auberge.gourmet.boukoumbé@auberge.gourmet.boukoumbé.benin,,PME (50-200),B2C,Facebook Pages,,Actif,2026-06-29T00:15:34.227585,moyenne
BJ-DCDF5D95,Hôtel Saveur,Restauration & Hôtellerie,Boukoumbé,+229 55 23 14 41,,,PME (10-50),B2C,Facebook Pages,,Actif,2026-06-29T00:15:34.227595,basse
BJ-9A6D28D7,Restaurant Village,Restauration & Hôtellerie,Kouandé,+229 50 61 54 63,,,PME (10-50),B2C,Facebook Pages,,Actif,2026-06-29T00:15:34.227609,basse
BJ-1E998B6F,Hôtel Plage Café,Restauration & Hôtellerie,Kouandé,+229 28 19 87 34,hôtel.plage.café@hôtel.plage.café.net,hôtelplagecafé.bj,TPE (<10),B2C,Facebook Pages,,Actif,2026-06-29T00:15:34.227624,haute
BJ-E63CD0DF,Auberge Grand Inn,Restauration & Hôtellerie,Kouandé,+229 45 14 90 44,auberge.grand.inn@auberge.grand.inn.bj,aubergegrandinn.bj,TPE (<10),B2C,Facebook Pages,,Actif,2026-06-29T00:15:34.227636,haute
BJ-88091234,Saveur,Restauration & Hôtellerie,Kouandé,+229 58 59 21 52,,saveur.bj,PME (10-50),B2C,Facebook Pages,,Actif,2026-06-29T00:15:34.227658,moyenne
BJ-3D839E3E,Hôtel Plage Restaurant Péhunco,Restauration & Hôtellerie,Péhunco,+229 69 70 70 90,,hôtelplagerestaurantpéhunco.bj,TPE (<10),B2C,Facebook Pages,,Actif,2026-06-29T00:15:34.227675,moyenne
BJ-0DDE96E4,Village Hotel,Restauration & Hôtellerie,Péhunco,+229 78 10 77 19,village.hotel@village.hotel.net,,Grande (>200),B2C,Facebook Pages,,Actif,2026-06-29T00:15:34.227686,moyenne
BJ-8581BF6A,Goût Restaurant Péhunco,Restauration & Hôtellerie,Péhunco,+229 36 22 47 62,goût.restaurant.péhunco@goût.restaurant.péhunco.benin,,PME (50-200),B2C,Facebook Pages,,Actif,2026-06-29T00:15:34.227698,moyenne
BJ-9827B0F7,Café Ambiance Restaurant,Restauration & Hôtellerie,Péhunco,+229 63 52 56 79,,,TPE (<10),B2C,Facebook Pages,,Actif,2026-06-29T00:15:34.227708,basse
BJ-F95881B8,Gourmet,Restauration & Hôtellerie,Péhunco,+229 66 42 99 43,gourmet@gourmet.org,,PME (50-200),B2C,Facebook Pages,,Actif,2026-06-29T00:15:34.227719,moyenne
BJ-A434C1FB,Pension Nouveau Brasserie,Restauration & Hôtellerie,Tchaourou,+229 93 31 91 85,,,Grande (>200),B2C,Facebook Pages,,Actif,2026-06-29T00:15:34.227740,basse
BJ-85DF6235,Pension Nouveau Café,Restauration & Hôtellerie,Tchaourou,+229 87 92 68 96,,,PME (50-200),B2C,Facebook Pages,,Actif,2026-06-29T00:15:34.227765,basse
BJ-F78A1690,Brasserie Saveur Inn Tchaourou,Restauration & Hôtellerie,Tchaourou,+229 56 68 15 75,,brasseriesaveurinntchaourou.bj,TPE (<10),B2C,Facebook Pages,,Actif,2026-06-29T00:15:34.227776,moyenne
BJ-E8C01B60,Nouveau Tchaourou,Restauration & Hôtellerie,Tchaourou,+229 95 86 91 45,nouveau.tchaourou@nouveau.tchaourou.bj,nouveautchaourou.bj,TPE (<10),B2C,Facebook Pages,,Actif,2026-06-29T00:15:34.227790,haute
BJ-C3025F63,Saveur Hotel,Restauration & Hôtellerie,Nikki,+229 62 20 98 25,,saveurhotel.bj,TPE (<10),B2C,Facebook Pages,,Actif,2026-06-29T00:15:34.227806,moyenne
BJ-A9DF075A,Plage Nikki,Restauration & Hôtellerie,Nikki,+229 44 90 12 73,,,PME (10-50),B2C,Facebook Pages,,Actif,2026-06-29T00:15:34.227817,basse
BJ-6E356D9A,Grand International,Restauration & Hôtellerie,Nikki,+229 46 58 59 70,grand.international@grand.international.org,grandinternational.bj,PME (10-50),B2C,Facebook Pages,,Actif,2026-06-29T00:15:34.227828,haute
BJ-D6738A6C,Nouveau Bénin,Restauration & Hôtellerie,Nikki,+229 24 88 15 97,,,TPE (<10),B2C,Facebook Pages,,Actif,2026-06-29T00:15:34.227837,basse
BJ-4FEF1848,Goût Hotel,Restauration & Hôtellerie,Nikki,+229 46 71 51 29,,goûthotel.bj,PME (50-200),B2C,Facebook Pages,,Actif,2026-06-29T00:15:34.227851,moyenne
BJ-AE4AAD13,Table International,Restauration & Hôtellerie,Bembéréké,+229 64 62 21 63,table.international@table.international.benin,,TPE (<10),B2C,Facebook Pages,,Actif,2026-06-29T00:15:34.227871,moyenne
BJ-7731F3E7,Café Goût,Restauration & Hôtellerie,Bembéréké,+229 60 52 92 34,café.goût@café.goût.net,,Grande (>200),B2C,Facebook Pages,,Actif,2026-06-29T00:15:34.227885,moyenne
BJ-34523180,Plage,Restauration & Hôtellerie,Bembéréké,+229 66 31 18 35,plage@plage.net,plage.bj,PME (10-50),B2C,Facebook Pages,,Actif,2026-06-29T00:15:34.227928,haute
BJ-3BAB7B6C,Café Royal Inn,Restauration & Hôtellerie,Bembéréké,+229 73 27 15 12,,caféroyalinn.bj,PME (10-50),B2C,Facebook Pages,,Actif,2026-06-29T00:15:34.227941,moyenne
BJ-7578CD1D,Jardin Palace,Restauration & Hôtellerie,Bembéréké,+229 91 97 96 70,jardin.palace@jardin.palace.benin,jardinpalace.bj,PME (10-50),B2C,Facebook Pages,,Actif,2026-06-29T00:15:34.227953,haute
BJ-3E4E0B12,Bar Ambiance Inn Kalalé,Restauration & Hôtellerie,Kalalé,+229 31 30 98 85,bar.ambiance.inn.kalalé@bar.ambiance.inn.kalalé.benin,barambianceinnkalalé.bj,PME (10-50),B2C,Facebook Pages,,Actif,2026-06-29T00:15:34.227974,haute
BJ-6417B595,Saveur International Kalalé,Restauration & Hôtellerie,Kalalé,+229 96 90 70 66,saveur.international.kalalé@saveur.international.kalalé.com,saveurinternationalkalalé.bj,TPE (<10),B2C,Facebook Pages,,Actif,2026-06-29T00:15:34.227992,haute
BJ-F5B3EE56,Auberge Saveur Kalalé,Restauration & Hôtellerie,Kalalé,+229 48 92 10 52,auberge.saveur.kalalé@auberge.saveur.kalalé.org,aubergesaveurkalalé.bj,PME (10-50),B2C,Facebook Pages,,Actif,2026-06-29T00:15:34.228004,haute
BJ-4DFEE94C,Lac Kalalé,Restauration & Hôtellerie,Kalalé,+229 52 92 27 69,,lackalalé.bj,TPE (<10),B2C,Facebook Pages,,Actif,2026-06-29T00:15:34.228016,moyenne
BJ-43FA1CC7,Plage Brasserie,Restauration & Hôtellerie,Kalalé,+229 50 28 14 98,plage.brasserie@plage.brasserie.org,,PME (10-50),B2C,Facebook Pages,,Actif,2026-06-29T00:15:34.228027,moyenne
BJ-EFA3024D,Auberge Palace,Restauration & Hôtellerie,Ndali,+229 47 79 27 46,,,TPE (<10),B2C,Facebook Pages,,Actif,2026-06-29T00:15:34.228057,basse
BJ-6FCCCD37,Plage Brasserie Ndali,Restauration & Hôtellerie,Ndali,+229 76 45 23 48,plage.brasserie.ndali@plage.brasserie.ndali.net,plagebrasseriendali.bj,PME (10-50),B2C,Facebook Pages,,Actif,2026-06-29T00:15:34.228073,haute
BJ-4DDCADEF,Café Nouveau Palace Ndali,Restauration & Hôtellerie,Ndali,+229 62 55 18 10,café.nouveau.palace.ndali@café.nouveau.palace.ndali.com,cafénouveaupalacendali.bj,PME (10-50),B2C,Facebook Pages,,Actif,2026-06-29T00:15:34.228087,haute
BJ-FAB73576,Bar Goût Inn Ndali,Restauration & Hôtellerie,Ndali,+229 40 77 18 17,bar.goût.inn.ndali@bar.goût.inn.ndali.org,bargoûtinnndali.bj,PME (10-50),B2C,Facebook Pages,,Actif,2026-06-29T00:15:34.228100,haute
BJ-2AB76D32,Palace Brasserie,Restauration & Hôtellerie,Ndali,+229 95 31 27 41,palace.brasserie@palace.brasserie.com,palacebrasserie.bj,TPE (<10),B2C,Facebook Pages,,Actif,2026-06-29T00:15:34.228118,haute
BJ-AE7D04B8,Saveur Bénin,Restauration & Hôtellerie,Ségbana,+229 81 33 18 24,saveur.bénin@saveur.bénin.bj,saveurbénin.bj,PME (50-200),B2C,Facebook Pages,,Actif,2026-06-29T00:15:34.228153,haute
BJ-F07E3024,Auberge Jardin Brasserie,Restauration & Hôtellerie,Ségbana,+229 24 76 86 34,auberge.jardin.brasserie@auberge.jardin.brasserie.org,aubergejardinbrasserie.bj,TPE (<10),B2C,Facebook Pages,,Actif,2026-06-29T00:15:34.228179,haute
BJ-55BE25CF,Brasserie Palace,Restauration & Hôtellerie,Ségbana,+229 94 65 58 96,brasserie.palace@brasserie.palace.bj,brasseriepalace.bj,Grande (>200),B2C,Facebook Pages,,Actif,2026-06-29T00:15:34.228210,haute
BJ-50D1F611,Café Gourmet,Restauration & Hôtellerie,Ségbana,+229 60 46 33 35,café.gourmet@café.gourmet.org,cafégourmet.bj,TPE (<10),B2C,Facebook Pages,,Actif,2026-06-29T00:15:34.228253,haute
BJ-9ECD34CB,Restaurant Mer Inn,Restauration & Hôtellerie,Ségbana,+229 66 22 79 70,,,PME (10-50),B2C,Facebook Pages,,Actif,2026-06-29T00:15:34.228270,basse
BJ-AA9B8F85,Grand Tchaourou,Restauration & Hôtellerie,Tchaourou,+229 55 96 66 68,,grandtchaourou.bj,PME (50-200),B2C,Facebook Pages,,Actif,2026-06-29T00:15:34.228305,moyenne
BJ-8A8018EC,Jardin Palace Tchaourou,Restauration & Hôtellerie,Tchaourou,+229 61 32 33 30,jardin.palace.tchaourou@jardin.palace.tchaourou.org,jardinpalacetchaourou.bj,PME (50-200),B2C,Facebook Pages,,Actif,2026-06-29T00:15:34.228320,haute
BJ-D20B3830,Auberge Mer,Restauration & Hôtellerie,Tchaourou,+229 28 71 71 26,auberge.mer@auberge.mer.com,,PME (50-200),B2C,Facebook Pages,,Actif,2026-06-29T00:15:34.228331,moyenne
BJ-7908FD69,Table Hotel,Restauration & Hôtellerie,Bétérou,+229 76 19 32 89,table.hotel@table.hotel.benin,,TPE (<10),B2C,Facebook Pages,,Actif,2026-06-29T00:15:34.228361,moyenne
BJ-1A340E66,Restaurant Palace Inn,Restauration & Hôtellerie,Bétérou,+229 50 32 77 37,,restaurantpalaceinn.bj,PME (50-200),B2C,Facebook Pages,,Actif,2026-06-29T00:15:34.228372,moyenne
BJ-B2EEEBE4,Bar Jardin Bétérou,Restauration & Hôtellerie,Bétérou,+229 31 26 26 39,,barjardinbétérou.bj,TPE (<10),B2C,Facebook Pages,,Actif,2026-06-29T00:15:34.228383,moyenne
BJ-A2F96457,Brasserie Jardin Inn,Restauration & Hôtellerie,Bétérou,+229 41 68 69 33,brasserie.jardin.inn@brasserie.jardin.inn.com,,PME (50-200),B2C,Facebook Pages,,Actif,2026-06-29T00:15:34.228394,moyenne
BJ-DE740BA6,Plage Brasserie,Restauration & Hôtellerie,Ouessè,+229 97 14 32 48,,,TPE (<10),B2C,Facebook Pages,,Actif,2026-06-29T00:15:34.228422,basse
BJ-83C0D3BA,Goût,Restauration & Hôtellerie,Ouessè,+229 58 69 99 47,,,PME (10-50),B2C,Facebook Pages,,Actif,2026-06-29T00:15:34.228436,basse
BJ-1DAFA107,Royal International Ouessè,Restauration & Hôtellerie,Ouessè,+229 35 45 92 90,royal.international.ouessè@royal.international.ouessè.benin,royalinternationalouessè.bj,Grande (>200),B2C,Facebook Pages,,Actif,2026-06-29T00:15:34.228450,haute
BJ-0175A9BB,Café Détente Hotel,Restauration & Hôtellerie,Ouessè,+229 31 34 44 10,,cafédétentehotel.bj,PME (50-200),B2C,Facebook Pages,,Actif,2026-06-29T00:15:34.228461,moyenne
BJ-31B43EEE,Village Glazoué,Restauration & Hôtellerie,Glazoué,+229 36 18 83 56,village.glazoué@village.glazoué.bj,villageglazoué.bj,Grande (>200),B2C,Facebook Pages,,Actif,2026-06-29T00:15:34.228491,haute
BJ-C37064BA,Village Palace,Restauration & Hôtellerie,Glazoué,+229 48 52 82 45,,,PME (50-200),B2C,Facebook Pages,,Actif,2026-06-29T00:15:34.228501,basse
BJ-285B5A7A,Brasserie Jardin,Restauration & Hôtellerie,Glazoué,+229 69 28 66 63,brasserie.jardin@brasserie.jardin.net,,TPE (<10),B2C,Facebook Pages,,Actif,2026-06-29T00:15:34.228512,moyenne
BJ-C40DFC85,Nouveau Restaurant,Restauration & Hôtellerie,Glazoué,+229 50 91 62 61,nouveau.restaurant@nouveau.restaurant.com,nouveaurestaurant.bj,PME (10-50),B2C,Facebook Pages,,Actif,2026-06-29T00:15:34.228527,haute
BJ-1399D0FE,Bar Lac Glazoué,Restauration & Hôtellerie,Glazoué,+229 67 32 91 49,,barlacglazoué.bj,TPE (<10),B2C,Facebook Pages,,Actif,2026-06-29T00:15:34.228540,moyenne
BJ-9BC7D653,Gourmet,Restauration & Hôtellerie,Dassa-Zoumè,+229 71 55 88 61,,,TPE (<10),B2C,Facebook Pages,,Actif,2026-06-29T00:15:34.228556,basse
BJ-97430C5E,Bar Mer,Restauration & Hôtellerie,Dassa-Zoumè,+229 52 17 72 49,,barmer.bj,TPE (<10),B2C,Facebook Pages,,Actif,2026-06-29T00:15:34.228569,moyenne
BJ-7ACEEEAE,Hôtel Gourmet Café Dassa-Zoumè,Restauration & Hôtellerie,Dassa-Zoumè,+229 54 92 69 18,hôtel.gourmet.café.dassazoumè@hôtel.gourmet.café.dassazoumè.net,,TPE (<10),B2C,Facebook Pages,,Actif,2026-06-29T00:15:34.228582,moyenne
BJ-35030DCD,Brasserie Saveur,Restauration & Hôtellerie,Dassa-Zoumè,+229 38 82 22 41,brasserie.saveur@brasserie.saveur.bj,brasseriesaveur.bj,TPE (<10),B2C,Facebook Pages,,Actif,2026-06-29T00:15:34.228594,haute
BJ-24F452CA,Royal Bénin,Restauration & Hôtellerie,Dassa-Zoumè,+229 58 95 67 63,royal.bénin@royal.bénin.bj,,TPE (<10),B2C,Facebook Pages,,Actif,2026-06-29T00:15:34.228605,moyenne
BJ-2A4190E2,Hôtel Grand Savalou,Restauration & Hôtellerie,Savalou,+229 55 94 38 77,hôtel.grand.savalou@hôtel.grand.savalou.com,hôtelgrandsavalou.bj,TPE (<10),B2C,Facebook Pages,,Actif,2026-06-29T00:15:34.228626,haute
BJ-47A7FB28,Grand,Restauration & Hôtellerie,Savalou,+229 91 88 42 65,grand@grand.bj,,PME (10-50),B2C,Facebook Pages,,Actif,2026-06-29T00:15:34.228638,moyenne
BJ-ED7A9509,Royal Restaurant,Restauration & Hôtellerie,Savalou,+229 56 92 89 17,,,TPE (<10),B2C,Facebook Pages,,Actif,2026-06-29T00:15:34.228648,basse
BJ-7A0A42C2,Restaurant Village Palace,Restauration & Hôtellerie,Savalou,+229 33 33 76 32,,restaurantvillagepalace.bj,PME (10-50),B2C,Facebook Pages,,Actif,2026-06-29T00:15:34.228658,moyenne
BJ-70049485,Pension Saveur,Restauration & Hôtellerie,Savalou,+229 25 74 50 80,,,PME (50-200),B2C,Facebook Pages,,Actif,2026-06-29T00:15:34.228668,basse
BJ-362CB323,Pension Plage,Restauration & Hôtellerie,Bantè,+229 51 58 32 74,,pensionplage.bj,PME (10-50),B2C,Facebook Pages,,Actif,2026-06-29T00:15:34.228684,moyenne
BJ-667135C4,Restaurant Grand,Restauration & Hôtellerie,Bantè,+229 89 95 64 65,restaurant.grand@restaurant.grand.com,restaurantgrand.bj,TPE (<10),B2C,Facebook Pages,,Actif,2026-06-29T00:15:34.228699,haute
BJ-668ACD7D,Auberge Table,Restauration & Hôtellerie,Bantè,+229 43 27 49 25,auberge.table@auberge.table.bj,,TPE (<10),B2C,Facebook Pages,,Actif,2026-06-29T00:15:34.228710,moyenne
BJ-7A891064,Ambiance Bénin Bantè,Restauration & Hôtellerie,Bantè,+229 42 60 31 75,ambiance.bénin.bantè@ambiance.bénin.bantè.benin,,PME (10-50),B2C,Facebook Pages,,Actif,2026-06-29T00:15:34.228722,moyenne
BJ-936B5872,Table International,Restauration & Hôtellerie,Djougou,+229 46 81 57 24,table.international@table.international.org,,TPE (<10),B2C,Facebook Pages,,Actif,2026-06-29T00:15:34.228751,moyenne
BJ-A9BE000D,Café Goût Palace,Restauration & Hôtellerie,Djougou,+229 96 57 69 87,,cafégoûtpalace.bj,TPE (<10),B2C,Facebook Pages,,Actif,2026-06-29T00:15:34.228773,moyenne
BJ-18A64B7E,Village Inn,Restauration & Hôtellerie,Djougou,+229 31 73 24 14,village.inn@village.inn.com,villageinn.bj,TPE (<10),B2C,Facebook Pages,,Actif,2026-06-29T00:15:34.228784,haute
BJ-1B66075D,Café Lac Café,Restauration & Hôtellerie,Djougou,+229 84 34 49 68,café.lac.café@café.lac.café.benin,,PME (10-50),B2C,Facebook Pages,,Actif,2026-06-29T00:15:34.228796,moyenne
BJ-109AA8C3,Hôtel Détente Brasserie,Restauration & Hôtellerie,Ouèssè,+229 87 91 62 52,hôtel.détente.brasserie@hôtel.détente.brasserie.benin,hôteldétentebrasserie.bj,TPE (<10),B2C,Facebook Pages,,Actif,2026-06-29T00:15:34.228813,haute
BJ-D01B9B9B,Café Goût Ouèssè,Restauration & Hôtellerie,Ouèssè,+229 58 12 32 36,café.goût.ouèssè@café.goût.ouèssè.bj,,PME (10-50),B2C,Facebook Pages,,Actif,2026-06-29T00:15:34.228827,moyenne
BJ-5D60FBE7,Gourmet Palace,Restauration & Hôtellerie,Ouèssè,+229 34 21 99 30,,gourmetpalace.bj,TPE (<10),B2C,Facebook Pages,,Actif,2026-06-29T00:15:34.228838,moyenne
BJ-97C52C8B,Lac Restaurant,Restauration & Hôtellerie,Ouèssè,+229 26 59 39 25,lac.restaurant@lac.restaurant.benin,lacrestaurant.bj,PME (10-50),B2C,Facebook Pages,,Actif,2026-06-29T00:15:34.228861,haute
BJ-653E325F,Ambiance Inn,Restauration & Hôtellerie,Bassila,+229 39 12 82 76,,ambianceinn.bj,TPE (<10),B2C,Facebook Pages,,Actif,2026-06-29T00:15:34.228878,moyenne
BJ-28977632,Café Gourmet Inn,Restauration & Hôtellerie,Bassila,+229 44 81 29 60,café.gourmet.inn@café.gourmet.inn.org,cafégourmetinn.bj,PME (10-50),B2C,Facebook Pages,,Actif,2026-06-29T00:15:34.228902,haute
BJ-C31529D0,Restaurant Lac Bassila,Restauration & Hôtellerie,Bassila,+229 74 53 27 88,restaurant.lac.bassila@restaurant.lac.bassila.com,restaurantlacbassila.bj,TPE (<10),B2C,Facebook Pages,,Actif,2026-06-29T00:15:34.228964,haute
BJ-34A2CCB5,Bar Village International Bassila,Restauration & Hôtellerie,Bassila,+229 44 99 17 17,bar.village.international.bassila@bar.village.international.bassila.bj,,PME (10-50),B2C,Facebook Pages,,Actif,2026-06-29T00:15:34.229021,moyenne
BJ-B7DE112D,Royal Palace,Restauration & Hôtellerie,Pehunco,+229 92 90 52 32,,,TPE (<10),B2C,Facebook Pages,,Actif,2026-06-29T00:15:34.229066,basse
BJ-0686F50C,Palace,Restauration & Hôtellerie,Pehunco,+229 32 87 39 65,palace@palace.net,,Grande (>200),B2C,Facebook Pages,,Actif,2026-06-29T00:15:34.229095,moyenne
BJ-80FF754A,Village Palace Pehunco,Restauration & Hôtellerie,Pehunco,+229 21 84 95 20,,villagepalacepehunco.bj,TPE (<10),B2C,Facebook Pages,,Actif,2026-06-29T00:15:34.229120,moyenne
BJ-5F15AE8F,Auberge Grand,Restauration & Hôtellerie,Pehunco,+229 31 90 66 11,auberge.grand@auberge.grand.bj,aubergegrand.bj,TPE (<10),B2C,Facebook Pages,,Actif,2026-06-29T00:15:34.229149,haute
BJ-6D766EA3,Ambiance Inn,Restauration & Hôtellerie,Copargo,+229 36 36 52 67,,,PME (10-50),B2C,Facebook Pages,,Actif,2026-06-29T00:15:34.229204,basse
BJ-8F2077DA,Table Brasserie,Restauration & Hôtellerie,Copargo,+229 41 84 81 10,table.brasserie@table.brasserie.bj,,TPE (<10),B2C,Facebook Pages,,Actif,2026-06-29T00:15:34.229229,moyenne
BJ-D4CB7B49,Brasserie Nouveau,Restauration & Hôtellerie,Copargo,+229 49 13 94 92,,,PME (10-50),B2C,Facebook Pages,,Actif,2026-06-29T00:15:34.229254,basse
BJ-67390B21,Jardin Restaurant Copargo,Restauration & Hôtellerie,Copargo,+229 78 94 29 38,,jardinrestaurantcopargo.bj,PME (50-200),B2C,Facebook Pages,,Actif,2026-06-29T00:15:34.229276,moyenne
BJ-308509F5,Auberge Village Restaurant,Restauration & Hôtellerie,Copargo,+229 63 74 98 79,auberge.village.restaurant@auberge.village.restaurant.com,,PME (50-200),B2C,Facebook Pages,,Actif,2026-06-29T00:15:34.229289,moyenne
BJ-540D34FA,Saint,Santé & Pharmacie,Cotonou,+229 62 75 74 96,saint@saint.bj,saint.bj,PME (10-50),B2B,Facebook Pages,,Actif,2026-06-29T00:15:34.229310,haute
BJ-3138AB31,Hôpital Guérison International,Santé & Pharmacie,Cotonou,+229 36 12 17 17,hôpital.guérison.international@hôpital.guérison.international.net,,PME (50-200),B2B,Facebook Pages,,Actif,2026-06-29T00:15:34.229326,moyenne
BJ-790C0014,Pharma Medical,Santé & Pharmacie,Cotonou,+229 46 80 46 90,,,TPE (<10),B2C,Facebook Pages,,Actif,2026-06-29T00:15:34.229349,basse
BJ-31933A07,Centre Soins,Santé & Pharmacie,Cotonou,+229 99 96 44 25,centre.soins@centre.soins.bj,centresoins.bj,TPE (<10),B2C,Facebook Pages,,Actif,2026-06-29T00:15:34.229364,haute
BJ-FD8CA03D,Clinique Nouveau International Abomey-Calavi,Santé & Pharmacie,Abomey-Calavi,+229 29 55 73 71,clinique.nouveau.international.abomeycalavi@clinique.nouveau.international.abomeycalavi.bj,,Grande (>200),B2C,Facebook Pages,,Actif,2026-06-29T00:15:34.229382,moyenne
BJ-605B8C7B,Pharmacie Santé Centre Abomey-Calavi,Santé & Pharmacie,Abomey-Calavi,+229 55 15 90 53,pharmacie.santé.centre.abomeycalavi@pharmacie.santé.centre.abomeycalavi.net,,TPE (<10),B2C,Facebook Pages,,Actif,2026-06-29T00:15:34.229395,moyenne
BJ-9971742D,Guérison Pharmacie Abomey-Calavi,Santé & Pharmacie,Abomey-Calavi,+229 56 25 78 12,guérison.pharmacie.abomeycalavi@guérison.pharmacie.abomeycalavi.benin,guérisonpharmacieabomeycalavi.bj,Grande (>200),B2C,Facebook Pages,,Actif,2026-06-29T00:15:34.229408,haute
BJ-F376844C,Santé Centre,Santé & Pharmacie,Abomey-Calavi,+229 53 95 73 47,santé.centre@santé.centre.net,santécentre.bj,TPE (<10),B2B,Facebook Pages,,Actif,2026-06-29T00:15:34.229420,haute
BJ-5147D012,Guérison Bénin Abomey-Calavi,Santé & Pharmacie,Abomey-Calavi,+229 29 26 44 31,guérison.bénin.abomeycalavi@guérison.bénin.abomeycalavi.org,guérisonbéninabomeycalavi.bj,PME (10-50),B2C,Facebook Pages,,Actif,2026-06-29T00:15:34.229433,haute
BJ-EF64A88F,Laboratoire Sainte Hôpital Porto-Novo,Santé & Pharmacie,Porto-Novo,+229 52 58 40 22,laboratoire.sainte.hôpital.portonovo@laboratoire.sainte.hôpital.portonovo.org,,PME (10-50),B2C,Facebook Pages,,Actif,2026-06-29T00:15:34.229451,moyenne
BJ-0624783E,Médical Medical,Santé & Pharmacie,Porto-Novo,+229 25 43 26 16,médical.medical@médical.medical.net,médicalmedical.bj,PME (10-50),B2B,Facebook Pages,,Actif,2026-06-29T00:15:34.229470,haute
BJ-71D1CBFE,Médicament Pharmacie,Santé & Pharmacie,Porto-Novo,+229 71 82 76 46,médicament.pharmacie@médicament.pharmacie.bj,médicamentpharmacie.bj,TPE (<10),B2B,Facebook Pages,,Actif,2026-06-29T00:15:34.229484,haute
BJ-7BAD514B,Cabinet Emergency,Santé & Pharmacie,Porto-Novo,+229 37 79 22 54,cabinet.emergency@cabinet.emergency.org,cabinetemergency.bj,PME (50-200),B2B,Facebook Pages,,Actif,2026-06-29T00:15:34.229496,haute
BJ-B82267C4,Centre Guérison,Santé & Pharmacie,Porto-Novo,+229 25 58 16 45,,centreguérison.bj,TPE (<10),B2B,Facebook Pages,,Actif,2026-06-29T00:15:34.229507,moyenne
BJ-0D57ABD4,Clinique Médicament,Santé & Pharmacie,Parakou,+229 78 84 95 49,,,TPE (<10),B2C,Facebook Pages,,Actif,2026-06-29T00:15:34.229523,basse
BJ-7CBFA17E,Clinique Royal Hôpital,Santé & Pharmacie,Parakou,+229 69 29 38 61,,,PME (10-50),B2C,Facebook Pages,,Actif,2026-06-29T00:15:34.229533,basse
BJ-0242EA22,Cabinet Royal International,Santé & Pharmacie,Parakou,+229 25 26 29 64,,,TPE (<10),B2B,Facebook Pages,,Actif,2026-06-29T00:15:34.229543,basse
BJ-00A00693,Guérison Clinique,Santé & Pharmacie,Parakou,+229 67 20 89 23,,,TPE (<10),B2B,Facebook Pages,,Actif,2026-06-29T00:15:34.229556,basse
BJ-43063CEA,Emergency Pharmacie,Santé & Pharmacie,Bohicon,+229 72 10 69 32,emergency.pharmacie@emergency.pharmacie.com,,PME (10-50),B2C,Facebook Pages,,Actif,2026-06-29T00:15:34.229582,moyenne
BJ-FBDD843E,Vie,Santé & Pharmacie,Bohicon,+229 69 72 23 27,vie@vie.com,vie.bj,Grande (>200),B2C,Facebook Pages,,Actif,2026-06-29T00:15:34.229597,haute
BJ-11A7B086,Santé Cabinet Bohicon,Santé & Pharmacie,Bohicon,+229 98 26 93 77,santé.cabinet.bohicon@santé.cabinet.bohicon.net,,PME (50-200),B2C,Facebook Pages,,Actif,2026-06-29T00:15:34.229609,moyenne
BJ-C032C452,Centre Saint Medical,Santé & Pharmacie,Bohicon,+229 33 78 35 66,centre.saint.medical@centre.saint.medical.com,centresaintmedical.bj,PME (10-50),B2B,Facebook Pages,,Actif,2026-06-29T00:15:34.229623,haute
BJ-52CFE792,Saint Hôpital,Santé & Pharmacie,Bohicon,+229 57 39 12 84,saint.hôpital@saint.hôpital.benin,,PME (50-200),B2B,Facebook Pages,,Actif,2026-06-29T00:15:34.229635,moyenne
BJ-80A569DE,Centre Médical Centre,Santé & Pharmacie,Natitingou,+229 56 36 51 19,centre.médical.centre@centre.médical.centre.benin,,TPE (<10),B2B,Facebook Pages,,Actif,2026-06-29T00:15:34.229663,moyenne
BJ-0EA13E9D,Soins Hôpital,Santé & Pharmacie,Natitingou,+229 68 49 14 53,soins.hôpital@soins.hôpital.bj,,TPE (<10),B2B,Facebook Pages,,Actif,2026-06-29T00:15:34.229674,moyenne
BJ-2C1FD012,Laboratoire Bien-être Natitingou,Santé & Pharmacie,Natitingou,+229 98 69 88 56,,laboratoirebienêtrenatitingou.bj,PME (50-200),B2C,Facebook Pages,,Actif,2026-06-29T00:15:34.229685,moyenne
BJ-96227B2C,Emergency Cabinet,Santé & Pharmacie,Natitingou,+229 98 68 90 53,emergency.cabinet@emergency.cabinet.bj,,TPE (<10),B2C,Facebook Pages,,Actif,2026-06-29T00:15:34.229696,moyenne
BJ-D9A16DA4,Centre Sainte Pharmacie,Santé & Pharmacie,Lokossa,+229 40 73 30 63,centre.sainte.pharmacie@centre.sainte.pharmacie.org,centresaintepharmacie.bj,Grande (>200),B2B,Facebook Pages,,Actif,2026-06-29T00:15:34.229713,haute
BJ-C796A878,Hôpital Sainte,Santé & Pharmacie,Lokossa,+229 92 62 99 53,hôpital.sainte@hôpital.sainte.net,,PME (10-50),B2C,Facebook Pages,,Actif,2026-06-29T00:15:34.229726,moyenne
BJ-7FCA04F0,Sainte Hôpital,Santé & Pharmacie,Lokossa,+229 46 82 25 81,,,PME (10-50),B2C,Facebook Pages,,Actif,2026-06-29T00:15:34.229737,basse
BJ-CA18C4C3,Cabinet Emergency Lokossa,Santé & Pharmacie,Lokossa,+229 38 73 38 23,,cabinetemergencylokossa.bj,TPE (<10),B2C,Facebook Pages,,Actif,2026-06-29T00:15:34.229751,moyenne
BJ-9EA011C0,Saint,Santé & Pharmacie,Ouidah,+229 36 55 31 69,,saint.bj,PME (50-200),B2C,Facebook Pages,,Actif,2026-06-29T00:15:34.229798,moyenne
BJ-3057AAD0,Saint Ouidah,Santé & Pharmacie,Ouidah,+229 46 57 16 14,saint.ouidah@saint.ouidah.benin,saintouidah.bj,PME (50-200),B2C,Facebook Pages,,Actif,2026-06-29T00:15:34.229857,haute
BJ-DAD6D706,Laboratoire Pharma Pharmacie Ouidah,Santé & Pharmacie,Ouidah,+229 82 73 29 59,laboratoire.pharma.pharmacie.ouidah@laboratoire.pharma.pharmacie.ouidah.com,laboratoirepharmapharmacieouidah.bj,TPE (<10),B2C,Facebook Pages,,Actif,2026-06-29T00:15:34.229888,haute
BJ-9641B7D9,Vie Ouidah,Santé & Pharmacie,Ouidah,+229 34 59 34 92,,vieouidah.bj,PME (10-50),B2C,Facebook Pages,,Actif,2026-06-29T00:15:34.229949,moyenne
BJ-C17EBBDF,Laboratoire Central Medical,Santé & Pharmacie,Savalou,+229 31 51 74 55,laboratoire.central.medical@laboratoire.central.medical.org,,TPE (<10),B2C,Facebook Pages,,Actif,2026-06-29T00:15:34.230006,moyenne
BJ-E7894D74,Centre Guérison,Santé & Pharmacie,Savalou,+229 61 74 84 67,centre.guérison@centre.guérison.benin,centreguérison.bj,PME (50-200),B2C,Facebook Pages,,Actif,2026-06-29T00:15:34.230079,haute
BJ-0CD4BA16,Central Clinique,Santé & Pharmacie,Savalou,+229 96 95 29 10,,centralclinique.bj,TPE (<10),B2C,Facebook Pages,,Actif,2026-06-29T00:15:34.230102,moyenne
BJ-6F610ED7,Cabinet Nouveau,Santé & Pharmacie,Savalou,+229 56 31 57 55,cabinet.nouveau@cabinet.nouveau.benin,cabinetnouveau.bj,TPE (<10),B2B,Facebook Pages,,Actif,2026-06-29T00:15:34.230116,haute
BJ-A0F589E7,Cabinet Central Clinique Dassa-Zoumè,Santé & Pharmacie,Dassa-Zoumè,+229 53 14 21 92,,cabinetcentralcliniquedassazoumè.bj,PME (50-200),B2B,Facebook Pages,,Actif,2026-06-29T00:15:34.230139,moyenne
BJ-DD336166,Santé Clinique,Santé & Pharmacie,Dassa-Zoumè,+229 85 99 30 91,santé.clinique@santé.clinique.net,santéclinique.bj,PME (10-50),B2B,Facebook Pages,,Actif,2026-06-29T00:15:34.230153,haute
BJ-867CB6D9,Laboratoire Guérison,Santé & Pharmacie,Dassa-Zoumè,+229 68 87 47 20,,laboratoireguérison.bj,PME (50-200),B2B,Facebook Pages,,Actif,2026-06-29T00:15:34.230165,moyenne
BJ-F3F711CA,Pharma Hôpital,Santé & Pharmacie,Dassa-Zoumè,+229 21 21 26 97,pharma.hôpital@pharma.hôpital.com,pharmahôpital.bj,TPE (<10),B2B,Facebook Pages,,Actif,2026-06-29T00:15:34.230177,haute
BJ-CC06133F,Pharmacie Médical,Santé & Pharmacie,Kétou,+229 75 70 99 29,pharmacie.médical@pharmacie.médical.net,,PME (50-200),B2C,Facebook Pages,,Actif,2026-06-29T00:15:34.230235,moyenne
BJ-6935A116,Santé Pharmacie Kétou,Santé & Pharmacie,Kétou,+229 53 80 15 43,santé.pharmacie.kétou@santé.pharmacie.kétou.benin,,PME (10-50),B2C,Facebook Pages,,Actif,2026-06-29T00:15:34.230246,moyenne
BJ-F85246C6,Urgence,Santé & Pharmacie,Kétou,+229 42 24 31 33,urgence@urgence.com,,TPE (<10),B2B,Facebook Pages,,Actif,2026-06-29T00:15:34.230257,moyenne
BJ-F75321D2,Guérison Pharmacie,Santé & Pharmacie,Covè,+229 96 78 13 49,guérison.pharmacie@guérison.pharmacie.com,guérisonpharmacie.bj,PME (10-50),B2C,Facebook Pages,,Actif,2026-06-29T00:15:34.230275,haute
BJ-2BC2FCF6,Clinique Soins,Santé & Pharmacie,Covè,+229 33 76 18 61,clinique.soins@clinique.soins.benin,,PME (50-200),B2B,Facebook Pages,,Actif,2026-06-29T00:15:34.230302,moyenne
BJ-83DAF9F0,Cabinet Guérison Cabinet,Santé & Pharmacie,Covè,+229 50 11 67 40,cabinet.guérison.cabinet@cabinet.guérison.cabinet.benin,cabinetguérisoncabinet.bj,PME (50-200),B2C,Facebook Pages,,Actif,2026-06-29T00:15:34.230315,haute
BJ-6338EC61,Cabinet Sainte,Santé & Pharmacie,Covè,+229 30 81 71 78,cabinet.sainte@cabinet.sainte.benin,,TPE (<10),B2B,Facebook Pages,,Actif,2026-06-29T00:15:34.230326,moyenne
BJ-46A07AD4,Bien-être Pharmacie,Santé & Pharmacie,Pobè,+229 22 34 31 26,,bienêtrepharmacie.bj,PME (10-50),B2C,Facebook Pages,,Actif,2026-06-29T00:15:34.230342,moyenne
BJ-1D678733,Laboratoire Médical Bénin,Santé & Pharmacie,Pobè,+229 58 31 84 14,laboratoire.médical.bénin@laboratoire.médical.bénin.com,laboratoiremédicalbénin.bj,TPE (<10),B2C,Facebook Pages,,Actif,2026-06-29T00:15:34.230358,haute
BJ-8A5D5C01,Clinique Central Cabinet,Santé & Pharmacie,Pobè,+229 35 34 33 91,clinique.central.cabinet@clinique.central.cabinet.bj,,TPE (<10),B2C,Facebook Pages,,Actif,2026-06-29T00:15:34.230370,moyenne
BJ-DD461536,Clinique Médical Clinique,Santé & Pharmacie,Pobè,+229 78 19 54 68,clinique.médical.clinique@clinique.médical.clinique.benin,cliniquemédicalclinique.bj,TPE (<10),B2B,Facebook Pages,,Actif,2026-06-29T00:15:34.230382,haute
BJ-0A221991,Centre Bien-être Pobè,Santé & Pharmacie,Pobè,+229 48 86 93 29,,,TPE (<10),B2C,Facebook Pages,,Actif,2026-06-29T00:15:34.230392,basse
BJ-743F066D,Guérison Cabinet,Santé & Pharmacie,Sakété,+229 31 92 92 58,guérison.cabinet@guérison.cabinet.com,guérisoncabinet.bj,PME (10-50),B2B,Facebook Pages,,Actif,2026-06-29T00:15:34.230410,haute
BJ-62979813,Clinique Vie,Santé & Pharmacie,Sakété,+229 99 57 12 41,,,PME (10-50),B2C,Facebook Pages,,Actif,2026-06-29T00:15:34.230421,basse
BJ-64C899EB,Cabinet Nouveau International,Santé & Pharmacie,Sakété,+229 42 88 95 86,cabinet.nouveau.international@cabinet.nouveau.international.benin,cabinetnouveauinternational.bj,Grande (>200),B2C,Facebook Pages,,Actif,2026-06-29T00:15:34.230434,haute
BJ-3D1450CA,Clinique Sainte,Santé & Pharmacie,Sakété,+229 61 11 77 63,,cliniquesainte.bj,TPE (<10),B2B,Facebook Pages,,Actif,2026-06-29T00:15:34.230444,moyenne
BJ-C701D3AB,Santé Centre,Santé & Pharmacie,Sakété,+229 45 25 13 26,santé.centre@santé.centre.com,,Grande (>200),B2B,Facebook Pages,,Actif,2026-06-29T00:15:34.230459,moyenne
BJ-5BF22644,Urgence,Santé & Pharmacie,Adjara,+229 21 66 49 65,,,Grande (>200),B2B,Facebook Pages,,Actif,2026-06-29T00:15:34.230475,basse
BJ-D7CE865B,Centre Emergency,Santé & Pharmacie,Adjara,+229 83 96 65 14,,centreemergency.bj,PME (10-50),B2B,Facebook Pages,,Actif,2026-06-29T00:15:34.230489,moyenne
BJ-DEC3E762,Médicament Pharmacie,Santé & Pharmacie,Adjara,+229 27 62 81 25,médicament.pharmacie@médicament.pharmacie.net,médicamentpharmacie.bj,PME (10-50),B2B,Facebook Pages,,Actif,2026-06-29T00:15:34.230502,haute
BJ-BC6BF892,Royal Clinique,Santé & Pharmacie,Adjara,+229 89 41 53 74,royal.clinique@royal.clinique.net,,PME (50-200),B2C,Facebook Pages,,Actif,2026-06-29T00:15:34.230513,moyenne
BJ-E9B420DB,Urgence Centre,Santé & Pharmacie,Adjara,+229 45 47 90 62,urgence.centre@urgence.centre.com,urgencecentre.bj,PME (10-50),B2C,Facebook Pages,,Actif,2026-06-29T00:15:34.230528,haute
BJ-1EBD47BE,Clinique Emergency Pharmacie,Santé & Pharmacie,Allada,+229 80 78 68 68,clinique.emergency.pharmacie@clinique.emergency.pharmacie.com,cliniqueemergencypharmacie.bj,TPE (<10),B2B,Facebook Pages,,Actif,2026-06-29T00:15:34.230546,haute
BJ-9143ECB4,Santé Pharmacie Allada,Santé & Pharmacie,Allada,+229 93 63 36 87,santé.pharmacie.allada@santé.pharmacie.allada.bj,santépharmacieallada.bj,PME (50-200),B2C,Facebook Pages,,Actif,2026-06-29T00:15:34.230558,haute
BJ-6634B283,Pharmacie Médicament Cabinet,Santé & Pharmacie,Allada,+229 88 12 29 73,,pharmaciemédicamentcabinet.bj,PME (10-50),B2B,Facebook Pages,,Actif,2026-06-29T00:15:34.230569,moyenne
BJ-F95C7217,Pharmacie Vie Hôpital,Santé & Pharmacie,Allada,+229 47 95 24 65,pharmacie.vie.hôpital@pharmacie.vie.hôpital.org,pharmacieviehôpital.bj,PME (50-200),B2B,Facebook Pages,,Actif,2026-06-29T00:15:34.230581,haute
BJ-F79143EE,Sainte Hôpital,Santé & Pharmacie,Allada,+229 83 80 27 83,sainte.hôpital@sainte.hôpital.net,,PME (10-50),B2C,Facebook Pages,,Actif,2026-06-29T00:15:34.230593,moyenne
BJ-6566C954,Clinique Médical Pharmacie,Santé & Pharmacie,Aplahoué,+229 53 10 92 87,clinique.médical.pharmacie@clinique.médical.pharmacie.com,cliniquemédicalpharmacie.bj,PME (50-200),B2B,Facebook Pages,,Actif,2026-06-29T00:15:34.230610,haute
BJ-12C34F63,Central Bénin,Santé & Pharmacie,Aplahoué,+229 43 76 70 23,central.bénin@central.bénin.net,centralbénin.bj,PME (10-50),B2B,Facebook Pages,,Actif,2026-06-29T00:15:34.230625,haute
BJ-A5CB9456,Sainte,Santé & Pharmacie,Aplahoué,+229 79 15 60 99,sainte@sainte.org,sainte.bj,TPE (<10),B2C,Facebook Pages,,Actif,2026-06-29T00:15:34.230637,haute
BJ-6E28B71F,Pharma Cabinet Aplahoué,Santé & Pharmacie,Aplahoué,+229 68 13 54 80,,pharmacabinetaplahoué.bj,PME (50-200),B2C,Facebook Pages,,Actif,2026-06-29T00:15:34.230648,moyenne
BJ-980FD7DB,Clinique Royal,Santé & Pharmacie,Aplahoué,+229 84 48 71 16,clinique.royal@clinique.royal.benin,,TPE (<10),B2B,Facebook Pages,,Actif,2026-06-29T00:15:34.230659,moyenne
BJ-9054EE5B,Centre Médicament Clinique Dogbo-Tota,Santé & Pharmacie,Dogbo-Tota,+229 29 99 52 25,centre.médicament.clinique.dogbotota@centre.médicament.clinique.dogbotota.org,centremédicamentcliniquedogbotota.bj,TPE (<10),B2B,Facebook Pages,,Actif,2026-06-29T00:15:34.230690,haute
BJ-328213E0,Hôpital Sainte Pharmacie,Santé & Pharmacie,Dogbo-Tota,+229 90 13 51 83,,hôpitalsaintepharmacie.bj,PME (50-200),B2B,Facebook Pages,,Actif,2026-06-29T00:15:34.230701,moyenne
BJ-3C16D107,Cabinet Santé Pharmacie,Santé & Pharmacie,Dogbo-Tota,+229 78 72 37 50,cabinet.santé.pharmacie@cabinet.santé.pharmacie.benin,cabinetsantépharmacie.bj,PME (50-200),B2C,Facebook Pages,,Actif,2026-06-29T00:15:34.230713,haute
BJ-0E4C792E,Urgence International,Santé & Pharmacie,Dogbo-Tota,+229 36 91 80 89,urgence.international@urgence.international.net,urgenceinternational.bj,Grande (>200),B2B,Facebook Pages,,Actif,2026-06-29T00:15:34.230723,haute
BJ-AE06EA2B,Soins Kpomassè,Santé & Pharmacie,Kpomassè,+229 80 94 87 80,soins.kpomassè@soins.kpomassè.bj,soinskpomassè.bj,TPE (<10),B2B,Facebook Pages,,Actif,2026-06-29T00:15:34.230741,haute
BJ-99F23A3B,Pharma Centre,Santé & Pharmacie,Kpomassè,+229 36 24 47 30,pharma.centre@pharma.centre.bj,pharmacentre.bj,PME (50-200),B2C,Facebook Pages,,Actif,2026-06-29T00:15:34.230759,haute
BJ-859F9931,Laboratoire Médical Kpomassè,Santé & Pharmacie,Kpomassè,+229 76 81 84 60,,laboratoiremédicalkpomassè.bj,TPE (<10),B2B,Facebook Pages,,Actif,2026-06-29T00:15:34.230770,moyenne
BJ-268AAF45,Clinique Pharma,Santé & Pharmacie,Kpomassè,+229 42 77 78 37,clinique.pharma@clinique.pharma.bj,cliniquepharma.bj,TPE (<10),B2B,Facebook Pages,,Actif,2026-06-29T00:15:34.230781,haute
BJ-D34B69A6,Saint Cabinet,Santé & Pharmacie,Kpomassè,+229 31 32 78 89,saint.cabinet@saint.cabinet.com,saintcabinet.bj,Grande (>200),B2C,Facebook Pages,,Actif,2026-06-29T00:15:34.230793,haute
BJ-8781976E,Hôpital Santé Centre,Santé & Pharmacie,Tori-Bossito,+229 33 83 96 10,hôpital.santé.centre@hôpital.santé.centre.bj,hôpitalsantécentre.bj,TPE (<10),B2B,Facebook Pages,,Actif,2026-06-29T00:15:34.230813,haute
BJ-9708B3D1,Médical,Santé & Pharmacie,Tori-Bossito,+229 33 98 57 44,médical@médical.net,,PME (10-50),B2B,Facebook Pages,,Actif,2026-06-29T00:15:34.230825,moyenne
BJ-66C9358C,Hôpital Sainte Centre,Santé & Pharmacie,Tori-Bossito,+229 62 66 41 54,hôpital.sainte.centre@hôpital.sainte.centre.benin,,PME (10-50),B2C,Facebook Pages,,Actif,2026-06-29T00:15:34.230836,moyenne
BJ-2D035F59,Pharma Bénin,Santé & Pharmacie,Tori-Bossito,+229 55 62 51 84,pharma.bénin@pharma.bénin.bj,pharmabénin.bj,TPE (<10),B2B,Facebook Pages,,Actif,2026-06-29T00:15:34.230848,haute
BJ-94E51C05,Hôpital Royal,Santé & Pharmacie,Tori-Bossito,+229 96 25 59 64,,hôpitalroyal.bj,TPE (<10),B2B,Facebook Pages,,Actif,2026-06-29T00:15:34.230859,moyenne
BJ-26CFD6B3,Vie,Santé & Pharmacie,Grand-Popo,+229 80 57 48 41,vie@vie.bj,,TPE (<10),B2B,Facebook Pages,,Actif,2026-06-29T00:15:34.230875,moyenne
BJ-80FA34D3,Clinique Médicament Clinique Grand-Popo,Santé & Pharmacie,Grand-Popo,+229 71 54 69 14,clinique.médicament.clinique.grandpopo@clinique.médicament.clinique.grandpopo.com,cliniquemédicamentcliniquegrandpopo.bj,PME (50-200),B2C,Facebook Pages,,Actif,2026-06-29T00:15:34.230969,haute
BJ-E524B8E3,Médical Centre,Santé & Pharmacie,Athiémé,+229 86 53 73 21,médical.centre@médical.centre.org,,PME (50-200),B2B,Facebook Pages,,Actif,2026-06-29T00:15:34.230987,moyenne
BJ-9A84CE82,Clinique Saint Cabinet,Santé & Pharmacie,Athiémé,+229 44 33 13 17,clinique.saint.cabinet@clinique.saint.cabinet.net,cliniquesaintcabinet.bj,PME (50-200),B2C,Facebook Pages,,Actif,2026-06-29T00:15:34.230999,haute
BJ-7215ACE0,Laboratoire Bien-être,Santé & Pharmacie,Athiémé,+229 88 98 20 12,laboratoire.bienêtre@laboratoire.bienêtre.org,laboratoirebienêtre.bj,PME (10-50),B2C,Facebook Pages,,Actif,2026-06-29T00:15:34.231011,haute
BJ-5A6FBE9D,Urgence Cabinet,Santé & Pharmacie,Athiémé,+229 32 18 53 73,urgence.cabinet@urgence.cabinet.net,urgencecabinet.bj,TPE (<10),B2B,Facebook Pages,,Actif,2026-06-29T00:15:34.231051,haute
BJ-9DE47972,Bien-être Bopa,Santé & Pharmacie,Bopa,+229 75 36 71 63,bienêtre.bopa@bienêtre.bopa.net,bienêtrebopa.bj,PME (10-50),B2C,Facebook Pages,,Actif,2026-06-29T00:15:34.231068,haute
BJ-4A2E93D0,Central,Santé & Pharmacie,Bopa,+229 92 56 46 87,central@central.benin,,PME (10-50),B2C,Facebook Pages,,Actif,2026-06-29T00:15:34.231082,moyenne
BJ-DC0735B1,Hôpital Santé,Santé & Pharmacie,Bopa,+229 33 19 97 30,,hôpitalsanté.bj,PME (10-50),B2B,Facebook Pages,,Actif,2026-06-29T00:15:34.231093,moyenne
BJ-A8FAA41D,Royal Medical,Santé & Pharmacie,Bopa,+229 77 98 14 96,,,TPE (<10),B2C,Facebook Pages,,Actif,2026-06-29T00:15:34.231103,basse
BJ-9615E4BE,Saint Medical,Santé & Pharmacie,Bopa,+229 32 38 89 56,,saintmedical.bj,PME (50-200),B2C,Facebook Pages,,Actif,2026-06-29T00:15:34.231113,moyenne
BJ-6984C4E9,Cabinet Médicament,Santé & Pharmacie,Houéyogbé,+229 73 50 19 58,,cabinetmédicament.bj,PME (50-200),B2B,Facebook Pages,,Actif,2026-06-29T00:15:34.231143,moyenne
BJ-B264E443,Sainte,Santé & Pharmacie,Houéyogbé,+229 21 62 97 45,sainte@sainte.com,sainte.bj,PME (10-50),B2B,Facebook Pages,,Actif,2026-06-29T00:15:34.231154,haute
BJ-1FBE34F5,Royal Hôpital,Santé & Pharmacie,Houéyogbé,+229 96 69 65 45,royal.hôpital@royal.hôpital.org,,TPE (<10),B2C,Facebook Pages,,Actif,2026-06-29T00:15:34.231166,moyenne
BJ-26C23938,Hôpital Emergency Bénin Houéyogbé,Santé & Pharmacie,Houéyogbé,+229 45 51 17 37,,hôpitalemergencybéninhouéyogbé.bj,PME (10-50),B2B,Facebook Pages,,Actif,2026-06-29T00:15:34.231180,moyenne
BJ-1D1EA974,Bien-être Bénin,Santé & Pharmacie,Malanville,+229 67 38 89 17,bienêtre.bénin@bienêtre.bénin.benin,bienêtrebénin.bj,TPE (<10),B2C,Facebook Pages,,Actif,2026-06-29T00:15:34.231198,haute
BJ-49032E1E,Emergency,Santé & Pharmacie,Malanville,+229 47 89 79 40,emergency@emergency.bj,,TPE (<10),B2B,Facebook Pages,,Actif,2026-06-29T00:15:34.231223,moyenne
BJ-7F428881,Médical,Santé & Pharmacie,Malanville,+229 89 68 42 34,,,Grande (>200),B2B,Facebook Pages,,Actif,2026-06-29T00:15:34.231233,basse
BJ-69A31512,Pharmacie Saint Medical,Santé & Pharmacie,Malanville,+229 69 77 65 16,pharmacie.saint.medical@pharmacie.saint.medical.org,pharmaciesaintmedical.bj,PME (10-50),B2C,Facebook Pages,,Actif,2026-06-29T00:15:34.231247,haute
BJ-49BB26FC,Royal Cabinet,Santé & Pharmacie,Kandi,+229 53 66 78 45,royal.cabinet@royal.cabinet.com,royalcabinet.bj,PME (50-200),B2B,Facebook Pages,,Actif,2026-06-29T00:15:34.231264,haute
BJ-9156C67A,Laboratoire Central,Santé & Pharmacie,Kandi,+229 99 48 18 46,laboratoire.central@laboratoire.central.bj,laboratoirecentral.bj,PME (10-50),B2B,Facebook Pages,,Actif,2026-06-29T00:15:34.231276,haute
BJ-7EEC9458,Médicament Pharmacie,Santé & Pharmacie,Kandi,+229 20 42 33 76,médicament.pharmacie@médicament.pharmacie.org,médicamentpharmacie.bj,TPE (<10),B2B,Facebook Pages,,Actif,2026-06-29T00:15:34.231288,haute
BJ-810DA7F1,Médicament Medical,Santé & Pharmacie,Kandi,+229 83 96 19 55,,médicamentmedical.bj,PME (10-50),B2C,Facebook Pages,,Actif,2026-06-29T00:15:34.231298,moyenne
BJ-D3B5EE79,Soins Bénin,Santé & Pharmacie,Kandi,+229 90 17 61 41,,soinsbénin.bj,PME (50-200),B2C,Facebook Pages,,Actif,2026-06-29T00:15:34.231313,moyenne
BJ-72B8142B,Médical Banikoara,Santé & Pharmacie,Banikoara,+229 37 54 88 51,médical.banikoara@médical.banikoara.com,médicalbanikoara.bj,PME (50-200),B2B,Facebook Pages,,Actif,2026-06-29T00:15:34.231331,haute
BJ-56E6D3C9,Hôpital Guérison,Santé & Pharmacie,Banikoara,+229 22 28 80 75,,,TPE (<10),B2C,Facebook Pages,,Actif,2026-06-29T00:15:34.231344,basse
BJ-3823D97C,Bien-être,Santé & Pharmacie,Banikoara,+229 73 66 64 89,,,TPE (<10),B2B,Facebook Pages,,Actif,2026-06-29T00:15:34.231354,basse
BJ-626A9875,Laboratoire Central Bénin,Santé & Pharmacie,Banikoara,+229 79 95 61 78,laboratoire.central.bénin@laboratoire.central.bénin.benin,laboratoirecentralbénin.bj,TPE (<10),B2C,Facebook Pages,,Actif,2026-06-29T00:15:34.231366,haute
BJ-A2F425B7,Cabinet Sainte,Santé & Pharmacie,Banikoara,+229 47 67 43 85,cabinet.sainte@cabinet.sainte.benin,,PME (10-50),B2B,Facebook Pages,,Actif,2026-06-29T00:15:34.231377,moyenne
BJ-DB9E512D,Vie Bénin Ségbana,Santé & Pharmacie,Ségbana,+229 41 13 49 85,vie.bénin.ségbana@vie.bénin.ségbana.benin,viebéninségbana.bj,TPE (<10),B2C,Facebook Pages,,Actif,2026-06-29T00:15:34.231406,haute
BJ-685EC145,Soins,Santé & Pharmacie,Ségbana,+229 94 76 44 42,soins@soins.bj,soins.bj,PME (50-200),B2C,Facebook Pages,,Actif,2026-06-29T00:15:34.231417,haute
BJ-EA68E464,Centre Urgence Hôpital,Santé & Pharmacie,Ségbana,+229 43 46 69 42,centre.urgence.hôpital@centre.urgence.hôpital.com,centreurgencehôpital.bj,PME (10-50),B2C,Facebook Pages,,Actif,2026-06-29T00:15:34.231446,haute
BJ-5525C44F,Clinique Royal Cabinet Ségbana,Santé & Pharmacie,Ségbana,+229 72 38 68 14,clinique.royal.cabinet.ségbana@clinique.royal.cabinet.ségbana.bj,,PME (10-50),B2B,Facebook Pages,,Actif,2026-06-29T00:15:34.231479,moyenne
BJ-7567DE1E,Santé Pharmacie,Santé & Pharmacie,Karimama,+229 28 84 36 41,santé.pharmacie@santé.pharmacie.benin,santépharmacie.bj,PME (50-200),B2B,Facebook Pages,,Actif,2026-06-29T00:15:34.231525,haute
BJ-A0E6584B,Centre Santé Hôpital,Santé & Pharmacie,Karimama,+229 27 91 51 28,,centresantéhôpital.bj,PME (10-50),B2C,Facebook Pages,,Actif,2026-06-29T00:15:34.231548,moyenne
BJ-D91820B1,Cabinet Central,Santé & Pharmacie,Karimama,+229 71 45 60 41,cabinet.central@cabinet.central.bj,,PME (50-200),B2C,Facebook Pages,,Actif,2026-06-29T00:15:34.231564,moyenne
BJ-CDAB987C,Hôpital Nouveau,Santé & Pharmacie,Karimama,+229 87 36 56 67,hôpital.nouveau@hôpital.nouveau.org,,TPE (<10),B2C,Facebook Pages,,Actif,2026-06-29T00:15:34.231575,moyenne
BJ-32FF7F5A,Laboratoire Central,Santé & Pharmacie,Karimama,+229 24 35 78 62,laboratoire.central@laboratoire.central.bj,laboratoirecentral.bj,PME (50-200),B2C,Facebook Pages,,Actif,2026-06-29T00:15:34.231587,haute
BJ-B52248B6,Centre Urgence Cabinet,Santé & Pharmacie,Gogounou,+229 20 83 98 81,centre.urgence.cabinet@centre.urgence.cabinet.net,centreurgencecabinet.bj,PME (50-200),B2B,Facebook Pages,,Actif,2026-06-29T00:15:34.231612,haute
BJ-A6784AA0,Hôpital Emergency International,Santé & Pharmacie,Gogounou,+229 23 33 27 43,hôpital.emergency.international@hôpital.emergency.international.net,hôpitalemergencyinternational.bj,PME (10-50),B2B,Facebook Pages,,Actif,2026-06-29T00:15:34.231643,haute
BJ-973F65F2,Saint Hôpital,Santé & Pharmacie,Gogounou,+229 88 23 94 21,,,TPE (<10),B2B,Facebook Pages,,Actif,2026-06-29T00:15:34.231656,basse
BJ-86D16D98,Clinique Santé Gogounou,Santé & Pharmacie,Gogounou,+229 88 16 57 81,clinique.santé.gogounou@clinique.santé.gogounou.net,cliniquesantégogounou.bj,Grande (>200),B2C,Facebook Pages,,Actif,2026-06-29T00:15:34.231670,haute
BJ-1A6EAB74,Urgence,Santé & Pharmacie,Gogounou,+229 84 26 20 28,urgence@urgence.com,,PME (10-50),B2C,Facebook Pages,,Actif,2026-06-29T00:15:34.231682,moyenne
BJ-1525D914,Cabinet Bien-être Hôpital,Santé & Pharmacie,Cobly,+229 67 51 52 46,,cabinetbienêtrehôpital.bj,PME (10-50),B2C,Facebook Pages,,Actif,2026-06-29T00:15:34.231717,moyenne
BJ-470DAD74,Royal Medical,Santé & Pharmacie,Cobly,+229 82 79 59 49,royal.medical@royal.medical.benin,royalmedical.bj,PME (10-50),B2B,Facebook Pages,,Actif,2026-06-29T00:15:34.231731,haute
BJ-80231131,Royal Pharmacie,Santé & Pharmacie,Cobly,+229 79 94 86 52,,royalpharmacie.bj,PME (10-50),B2B,Facebook Pages,,Actif,2026-06-29T00:15:34.231742,moyenne
BJ-D4BEE72E,Clinique Santé,Santé & Pharmacie,Cobly,+229 74 12 56 27,,cliniquesanté.bj,PME (50-200),B2B,Facebook Pages,,Actif,2026-06-29T00:15:34.231754,moyenne
BJ-CDBCC66D,Cabinet Nouveau Tanguiéta,Santé & Pharmacie,Tanguiéta,+229 98 89 29 29,cabinet.nouveau.tanguiéta@cabinet.nouveau.tanguiéta.com,cabinetnouveautanguiéta.bj,TPE (<10),B2C,Facebook Pages,,Actif,2026-06-29T00:15:34.231786,haute
BJ-D633C009,Clinique Bien-être,Santé & Pharmacie,Tanguiéta,+229 23 36 12 64,clinique.bienêtre@clinique.bienêtre.com,,PME (10-50),B2B,Facebook Pages,,Actif,2026-06-29T00:15:34.231798,moyenne
BJ-CF1D1B80,Clinique Sainte International,Santé & Pharmacie,Tanguiéta,+229 89 68 77 27,,,PME (10-50),B2C,Facebook Pages,,Actif,2026-06-29T00:15:34.231812,basse
BJ-1C8FFB26,Centre Royal Centre Tanguiéta,Santé & Pharmacie,Tanguiéta,+229 80 62 71 47,centre.royal.centre.tanguiéta@centre.royal.centre.tanguiéta.benin,centreroyalcentretanguiéta.bj,PME (50-200),B2C,Facebook Pages,,Actif,2026-06-29T00:15:34.231825,haute
BJ-93B18B13,Pharmacie Santé,Santé & Pharmacie,Matéri,+229 83 69 16 89,,pharmaciesanté.bj,PME (10-50),B2B,Facebook Pages,,Actif,2026-06-29T00:15:34.231843,moyenne
BJ-03131434,Soins International,Santé & Pharmacie,Matéri,+229 33 34 84 49,soins.international@soins.international.com,,TPE (<10),B2C,Facebook Pages,,Actif,2026-06-29T00:15:34.231859,moyenne
BJ-84C744EC,Guérison,Santé & Pharmacie,Matéri,+229 36 86 44 52,,,Grande (>200),B2B,Facebook Pages,,Actif,2026-06-29T00:15:34.231870,basse
BJ-1E5611B6,Saint Cabinet,Santé & Pharmacie,Matéri,+229 88 70 90 92,saint.cabinet@saint.cabinet.bj,saintcabinet.bj,TPE (<10),B2C,Facebook Pages,,Actif,2026-06-29T00:15:34.231882,haute
BJ-B0CE1805,Pharmacie Sainte,Santé & Pharmacie,Matéri,+229 43 17 19 97,pharmacie.sainte@pharmacie.sainte.net,pharmaciesainte.bj,PME (50-200),B2B,Facebook Pages,,Actif,2026-06-29T00:15:34.231910,haute
BJ-AAA092A2,Royal Bénin,Santé & Pharmacie,Natitingou,+229 32 23 19 29,,,TPE (<10),B2B,Facebook Pages,,Actif,2026-06-29T00:15:34.231945,basse
BJ-654EB5C1,Clinique Nouveau International,Santé & Pharmacie,Natitingou,+229 52 77 87 93,,cliniquenouveauinternational.bj,PME (10-50),B2C,Facebook Pages,,Actif,2026-06-29T00:15:34.231957,moyenne
BJ-84821034,Médicament,Santé & Pharmacie,Natitingou,+229 58 77 75 85,,,PME (50-200),B2B,Facebook Pages,,Actif,2026-06-29T00:15:34.231967,basse
BJ-E157F3CF,Royal,Santé & Pharmacie,Toucountouna,+229 64 75 82 92,royal@royal.benin,,TPE (<10),B2B,Facebook Pages,,Actif,2026-06-29T00:15:34.232012,moyenne
BJ-00C58EF6,Clinique Central Clinique,Santé & Pharmacie,Toucountouna,+229 90 46 49 69,,,TPE (<10),B2B,Facebook Pages,,Actif,2026-06-29T00:15:34.232024,basse
BJ-E5B32D06,Clinique Pharma,Santé & Pharmacie,Toucountouna,+229 75 74 35 35,clinique.pharma@clinique.pharma.net,,TPE (<10),B2B,Facebook Pages,,Actif,2026-06-29T00:15:34.232036,moyenne
BJ-E5C1D2C9,Clinique Guérison,Santé & Pharmacie,Toucountouna,+229 93 61 79 84,clinique.guérison@clinique.guérison.bj,,TPE (<10),B2B,Facebook Pages,,Actif,2026-06-29T00:15:34.232048,moyenne
BJ-C4ABA4AF,Médical Centre,Santé & Pharmacie,Boukoumbé,+229 35 66 42 40,médical.centre@médical.centre.org,médicalcentre.bj,PME (10-50),B2B,Facebook Pages,,Actif,2026-06-29T00:15:34.232076,haute
BJ-B79BCDEA,Hôpital Guérison,Santé & Pharmacie,Boukoumbé,+229 63 81 35 19,hôpital.guérison@hôpital.guérison.com,hôpitalguérison.bj,PME (50-200),B2C,Facebook Pages,,Actif,2026-06-29T00:15:34.232103,haute
BJ-EF357410,Pharma Boukoumbé,Santé & Pharmacie,Boukoumbé,+229 67 28 93 95,pharma.boukoumbé@pharma.boukoumbé.bj,,PME (50-200),B2C,Facebook Pages,,Actif,2026-06-29T00:15:34.232122,moyenne
BJ-66C39F91,Clinique Guérison Bénin,Santé & Pharmacie,Boukoumbé,+229 80 39 36 49,clinique.guérison.bénin@clinique.guérison.bénin.com,,PME (50-200),B2B,Facebook Pages,,Actif,2026-06-29T00:15:34.232168,moyenne
BJ-0D7AF48F,Hôpital Urgence Pharmacie Kouandé,Santé & Pharmacie,Kouandé,+229 93 24 19 72,hôpital.urgence.pharmacie.kouandé@hôpital.urgence.pharmacie.kouandé.org,,PME (10-50),B2C,Facebook Pages,,Actif,2026-06-29T00:15:34.232215,moyenne
BJ-22D68057,Hôpital Bien-être Bénin,Santé & Pharmacie,Kouandé,+229 37 16 10 15,hôpital.bienêtre.bénin@hôpital.bienêtre.bénin.org,,PME (10-50),B2B,Facebook Pages,,Actif,2026-06-29T00:15:34.232247,moyenne
BJ-0958488C,Centre Médical,Santé & Pharmacie,Kouandé,+229 42 54 42 21,centre.médical@centre.médical.bj,centremédical.bj,TPE (<10),B2B,Facebook Pages,,Actif,2026-06-29T00:15:34.232272,haute
BJ-A507E177,Royal,Santé & Pharmacie,Kouandé,+229 40 49 89 92,royal@royal.bj,,Grande (>200),B2C,Facebook Pages,,Actif,2026-06-29T00:15:34.232299,moyenne
BJ-8A56DC1D,Cabinet Royal Medical,Santé & Pharmacie,Kouandé,+229 61 65 21 31,,cabinetroyalmedical.bj,PME (10-50),B2C,Facebook Pages,,Actif,2026-06-29T00:15:34.232324,moyenne
BJ-A6867DC4,Urgence Cabinet,Santé & Pharmacie,Péhunco,+229 51 68 43 68,urgence.cabinet@urgence.cabinet.benin,,PME (10-50),B2B,Facebook Pages,,Actif,2026-06-29T00:15:34.232363,moyenne
BJ-6BC048F0,Guérison Hôpital,Santé & Pharmacie,Péhunco,+229 48 74 79 93,guérison.hôpital@guérison.hôpital.com,guérisonhôpital.bj,PME (10-50),B2C,Facebook Pages,,Actif,2026-06-29T00:15:34.232388,haute
BJ-4AC42C70,Santé Clinique,Santé & Pharmacie,Péhunco,+229 23 80 71 37,,,TPE (<10),B2C,Facebook Pages,,Actif,2026-06-29T00:15:34.232401,basse
BJ-AC35756F,Laboratoire Bien-être Medical,Santé & Pharmacie,Péhunco,+229 28 73 11 34,,,TPE (<10),B2B,Facebook Pages,,Actif,2026-06-29T00:15:34.232412,basse
BJ-F422D5F6,Laboratoire Emergency Cabinet,Santé & Pharmacie,Péhunco,+229 48 45 49 76,laboratoire.emergency.cabinet@laboratoire.emergency.cabinet.bj,laboratoireemergencycabinet.bj,TPE (<10),B2B,Facebook Pages,,Actif,2026-06-29T00:15:34.232425,haute
BJ-257FCE99,Guérison Tchaourou,Santé & Pharmacie,Tchaourou,+229 85 13 62 21,,,TPE (<10),B2C,Facebook Pages,,Actif,2026-06-29T00:15:34.232450,basse
BJ-90E451D6,Centre Royal Pharmacie Tchaourou,Santé & Pharmacie,Tchaourou,+229 62 84 94 47,centre.royal.pharmacie.tchaourou@centre.royal.pharmacie.tchaourou.net,centreroyalpharmacietchaourou.bj,PME (10-50),B2B,Facebook Pages,,Actif,2026-06-29T00:15:34.232476,haute
BJ-976142CB,Centre Guérison Pharmacie Tchaourou,Santé & Pharmacie,Tchaourou,+229 83 19 73 12,,centreguérisonpharmacietchaourou.bj,PME (50-200),B2C,Facebook Pages,,Actif,2026-06-29T00:15:34.232503,moyenne
BJ-C820BDF7,Emergency Centre,Santé & Pharmacie,Tchaourou,+229 65 43 88 62,emergency.centre@emergency.centre.benin,emergencycentre.bj,TPE (<10),B2B,Facebook Pages,,Actif,2026-06-29T00:15:34.232529,haute
BJ-2CF667D9,Laboratoire Urgence Tchaourou,Santé & Pharmacie,Tchaourou,+229 69 28 40 44,,,PME (10-50),B2B,Facebook Pages,,Actif,2026-06-29T00:15:34.232552,basse
BJ-BE9112B3,Hôpital Soins,Santé & Pharmacie,Nikki,+229 34 73 44 41,,hôpitalsoins.bj,PME (50-200),B2C,Facebook Pages,,Actif,2026-06-29T00:15:34.232594,moyenne
BJ-3FEB6447,Royal,Santé & Pharmacie,Nikki,+229 54 99 97 18,royal@royal.bj,,TPE (<10),B2C,Facebook Pages,,Actif,2026-06-29T00:15:34.232616,moyenne
BJ-12FE0168,Laboratoire Vie,Santé & Pharmacie,Nikki,+229 79 31 73 80,,laboratoirevie.bj,PME (10-50),B2B,Facebook Pages,,Actif,2026-06-29T00:15:34.232640,moyenne
BJ-06FEC487,Pharma Clinique Nikki,Santé & Pharmacie,Nikki,+229 40 65 92 93,pharma.clinique.nikki@pharma.clinique.nikki.bj,pharmacliniquenikki.bj,Grande (>200),B2B,Facebook Pages,,Actif,2026-06-29T00:15:34.232666,haute
BJ-191CE475,Clinique Pharma,Santé & Pharmacie,Nikki,+229 71 93 20 61,clinique.pharma@clinique.pharma.net,cliniquepharma.bj,Grande (>200),B2B,Facebook Pages,,Actif,2026-06-29T00:15:34.232693,haute
BJ-DEAC705B,Laboratoire Médical,Santé & Pharmacie,Bembéréké,+229 96 95 63 91,laboratoire.médical@laboratoire.médical.net,laboratoiremédical.bj,TPE (<10),B2C,Facebook Pages,,Actif,2026-06-29T00:15:34.232729,haute
BJ-DEEB397C,Pharmacie Saint,Santé & Pharmacie,Bembéréké,+229 69 99 15 75,,,PME (10-50),B2C,Facebook Pages,,Actif,2026-06-29T00:15:34.232755,basse
BJ-8F2193BF,Cabinet Urgence Centre Bembéréké,Santé & Pharmacie,Bembéréké,+229 73 28 97 77,cabinet.urgence.centre.bembéréké@cabinet.urgence.centre.bembéréké.benin,cabineturgencecentrebembéréké.bj,TPE (<10),B2B,Facebook Pages,,Actif,2026-06-29T00:15:34.232779,haute
BJ-7B56E468,Urgence Bembéréké,Santé & Pharmacie,Bembéréké,+229 53 13 66 51,,,Grande (>200),B2C,Facebook Pages,,Actif,2026-06-29T00:15:34.232804,basse
BJ-4EF7C341,Laboratoire Nouveau Centre,Santé & Pharmacie,Bembéréké,+229 76 36 11 93,laboratoire.nouveau.centre@laboratoire.nouveau.centre.com,laboratoirenouveaucentre.bj,Grande (>200),B2B,Facebook Pages,,Actif,2026-06-29T00:15:34.232827,haute
BJ-162D0E15,Hôpital Médicament,Santé & Pharmacie,Kalalé,+229 34 29 75 16,hôpital.médicament@hôpital.médicament.bj,,PME (10-50),B2B,Facebook Pages,,Actif,2026-06-29T00:15:34.232873,moyenne
BJ-6392EB43,Médicament,Santé & Pharmacie,Kalalé,+229 71 57 63 57,,médicament.bj,TPE (<10),B2C,Facebook Pages,,Actif,2026-06-29T00:15:34.232906,moyenne
BJ-87AC6E94,Pharmacie Central,Santé & Pharmacie,Kalalé,+229 60 61 64 66,,,PME (10-50),B2C,Facebook Pages,,Actif,2026-06-29T00:15:34.232927,basse
BJ-359C80D5,Clinique Emergency,Santé & Pharmacie,Kalalé,+229 34 35 42 26,,cliniqueemergency.bj,TPE (<10),B2B,Facebook Pages,,Actif,2026-06-29T00:15:34.232951,moyenne
BJ-6FFC986B,Nouveau,Santé & Pharmacie,Ndali,+229 94 47 35 57,nouveau@nouveau.benin,,PME (50-200),B2C,Facebook Pages,,Actif,2026-06-29T00:15:34.233007,moyenne
BJ-7F780921,Centre Urgence International Ndali,Santé & Pharmacie,Ndali,+229 42 77 35 88,,centreurgenceinternationalndali.bj,TPE (<10),B2B,Facebook Pages,,Actif,2026-06-29T00:15:34.233035,moyenne
BJ-7D2584F7,Médical,Santé & Pharmacie,Ndali,+229 86 55 83 81,,médical.bj,TPE (<10),B2C,Facebook Pages,,Actif,2026-06-29T00:15:34.233075,moyenne
BJ-5165FB5F,Santé Medical,Santé & Pharmacie,Ndali,+229 44 94 82 86,,,PME (50-200),B2B,Facebook Pages,,Actif,2026-06-29T00:15:34.233108,basse
BJ-2C002737,Vie Ndali,Santé & Pharmacie,Ndali,+229 94 80 68 47,vie.ndali@vie.ndali.com,,TPE (<10),B2B,Facebook Pages,,Actif,2026-06-29T00:15:34.233136,moyenne
BJ-2A6676AD,Médicament Centre,Santé & Pharmacie,Ségbana,+229 31 70 33 49,médicament.centre@médicament.centre.bj,médicamentcentre.bj,TPE (<10),B2C,Facebook Pages,,Actif,2026-06-29T00:15:34.233182,haute
BJ-3EA4BFA6,Nouveau Centre,Santé & Pharmacie,Ségbana,+229 81 57 43 84,,nouveaucentre.bj,TPE (<10),B2C,Facebook Pages,,Actif,2026-06-29T00:15:34.233210,moyenne
BJ-4DC0F329,Bien-être Ségbana,Santé & Pharmacie,Ségbana,+229 20 46 65 85,bienêtre.ségbana@bienêtre.ségbana.com,bienêtreségbana.bj,TPE (<10),B2C,Facebook Pages,,Actif,2026-06-29T00:15:34.233240,haute
BJ-243E2C86,Cabinet Sainte,Santé & Pharmacie,Ségbana,+229 52 38 17 96,cabinet.sainte@cabinet.sainte.org,cabinetsainte.bj,PME (10-50),B2C,Facebook Pages,,Actif,2026-06-29T00:15:34.233274,haute
BJ-F4777150,Saint Medical,Santé & Pharmacie,Ségbana,+229 65 86 58 54,saint.medical@saint.medical.org,,PME (10-50),B2B,Facebook Pages,,Actif,2026-06-29T00:15:34.233311,moyenne
BJ-7A9F4B6A,Clinique Urgence Medical,Santé & Pharmacie,Tchaourou,+229 63 46 12 92,clinique.urgence.medical@clinique.urgence.medical.org,cliniqueurgencemedical.bj,TPE (<10),B2C,Facebook Pages,,Actif,2026-06-29T00:15:34.233357,haute
BJ-B3F1FCA8,Cabinet Guérison Tchaourou,Santé & Pharmacie,Tchaourou,+229 22 32 33 95,cabinet.guérison.tchaourou@cabinet.guérison.tchaourou.benin,cabinetguérisontchaourou.bj,PME (50-200),B2C,Facebook Pages,,Actif,2026-06-29T00:15:34.233415,haute
BJ-B04F089F,Cabinet Royal International Tchaourou,Santé & Pharmacie,Tchaourou,+229 45 34 31 74,cabinet.royal.international.tchaourou@cabinet.royal.international.tchaourou.bj,cabinetroyalinternationaltchaourou.bj,PME (10-50),B2C,Facebook Pages,,Actif,2026-06-29T00:15:34.233436,haute
BJ-D7CF8332,Urgence,Santé & Pharmacie,Tchaourou,+229 25 24 28 73,urgence@urgence.com,urgence.bj,TPE (<10),B2C,Facebook Pages,,Actif,2026-06-29T00:15:34.233461,haute
BJ-CD0A0780,Laboratoire Médicament Bétérou,Santé & Pharmacie,Bétérou,+229 80 42 52 30,laboratoire.médicament.bétérou@laboratoire.médicament.bétérou.com,,PME (50-200),B2B,Facebook Pages,,Actif,2026-06-29T00:15:34.233521,moyenne
BJ-2A6F4BA4,Pharmacie Bien-être Medical,Santé & Pharmacie,Bétérou,+229 98 34 23 43,,pharmaciebienêtremedical.bj,TPE (<10),B2B,Facebook Pages,,Actif,2026-06-29T00:15:34.233550,moyenne
BJ-CD605E70,Laboratoire Guérison Clinique Bétérou,Santé & Pharmacie,Bétérou,+229 33 29 42 73,,laboratoireguérisoncliniquebétérou.bj,TPE (<10),B2C,Facebook Pages,,Actif,2026-06-29T00:15:34.233570,moyenne
BJ-63799A48,Urgence,Santé & Pharmacie,Bétérou,+229 39 92 25 38,urgence@urgence.org,,TPE (<10),B2C,Facebook Pages,,Actif,2026-06-29T00:15:34.233589,moyenne
BJ-A45C3782,Santé Clinique,Santé & Pharmacie,Ouessè,+229 21 77 61 16,santé.clinique@santé.clinique.bj,,Grande (>200),B2C,Facebook Pages,,Actif,2026-06-29T00:15:34.233625,moyenne
BJ-D2DD361C,Soins International,Santé & Pharmacie,Ouessè,+229 23 58 30 71,soins.international@soins.international.net,soinsinternational.bj,PME (50-200),B2C,Facebook Pages,,Actif,2026-06-29T00:15:34.233659,haute
BJ-CF3C69A8,Pharmacie Médicament,Santé & Pharmacie,Ouessè,+229 90 14 74 73,pharmacie.médicament@pharmacie.médicament.com,,PME (10-50),B2B,Facebook Pages,,Actif,2026-06-29T00:15:34.233696,moyenne
BJ-5CC9853D,Centre Vie Bénin,Santé & Pharmacie,Ouessè,+229 56 57 74 54,centre.vie.bénin@centre.vie.bénin.bj,,PME (50-200),B2C,Facebook Pages,,Actif,2026-06-29T00:15:34.233731,moyenne
BJ-5FCF23D0,Emergency Ouessè,Santé & Pharmacie,Ouessè,+229 61 15 17 63,emergency.ouessè@emergency.ouessè.net,emergencyouessè.bj,PME (10-50),B2C,Facebook Pages,,Actif,2026-06-29T00:15:34.233757,haute
BJ-4C931998,Clinique Bien-être,Santé & Pharmacie,Glazoué,+229 80 99 75 96,clinique.bienêtre@clinique.bienêtre.org,,TPE (<10),B2B,Facebook Pages,,Actif,2026-06-29T00:15:34.233797,moyenne
BJ-EDBC97CE,Cabinet Soins Clinique,Santé & Pharmacie,Glazoué,+229 45 20 90 42,cabinet.soins.clinique@cabinet.soins.clinique.bj,,Grande (>200),B2C,Facebook Pages,,Actif,2026-06-29T00:15:34.233819,moyenne
BJ-53031745,Urgence International,Santé & Pharmacie,Glazoué,+229 46 13 28 59,urgence.international@urgence.international.benin,urgenceinternational.bj,PME (50-200),B2B,Facebook Pages,,Actif,2026-06-29T00:15:34.233843,haute
BJ-7D06773F,Pharma,Santé & Pharmacie,Glazoué,+229 94 11 77 74,pharma@pharma.com,pharma.bj,PME (50-200),B2C,Facebook Pages,,Actif,2026-06-29T00:15:34.233871,haute
BJ-7A9F7C68,Saint Centre,Santé & Pharmacie,Glazoué,+229 76 74 84 22,saint.centre@saint.centre.org,saintcentre.bj,Grande (>200),B2C,Facebook Pages,,Actif,2026-06-29T00:15:34.233909,haute
BJ-37BFE930,Urgence Dassa-Zoumè,Santé & Pharmacie,Dassa-Zoumè,+229 85 54 98 69,urgence.dassazoumè@urgence.dassazoumè.net,,Grande (>200),B2B,Facebook Pages,,Actif,2026-06-29T00:15:34.233980,moyenne
BJ-9D99324A,Cabinet Urgence Cabinet,Santé & Pharmacie,Dassa-Zoumè,+229 99 74 49 27,,cabineturgencecabinet.bj,TPE (<10),B2B,Facebook Pages,,Actif,2026-06-29T00:15:34.234018,moyenne
BJ-73712C75,Hôpital Médical Centre Dassa-Zoumè,Santé & Pharmacie,Dassa-Zoumè,+229 93 78 84 18,hôpital.médical.centre.dassazoumè@hôpital.médical.centre.dassazoumè.org,hôpitalmédicalcentredassazoumè.bj,PME (50-200),B2B,Facebook Pages,,Actif,2026-06-29T00:15:34.234054,haute
BJ-DC422282,Hôpital Guérison Clinique,Santé & Pharmacie,Dassa-Zoumè,+229 26 43 63 49,hôpital.guérison.clinique@hôpital.guérison.clinique.benin,,TPE (<10),B2B,Facebook Pages,,Actif,2026-06-29T00:15:34.234095,moyenne
BJ-88D66B88,Saint,Santé & Pharmacie,Dassa-Zoumè,+229 74 68 98 78,,saint.bj,TPE (<10),B2B,Facebook Pages,,Actif,2026-06-29T00:15:34.234129,moyenne
BJ-5F548BE6,Cabinet Sainte,Santé & Pharmacie,Savalou,+229 92 45 53 95,cabinet.sainte@cabinet.sainte.com,,Grande (>200),B2B,Facebook Pages,,Actif,2026-06-29T00:15:34.234159,moyenne
BJ-ECD45948,Royal International,Santé & Pharmacie,Savalou,+229 74 42 44 83,,,PME (10-50),B2B,Facebook Pages,,Actif,2026-06-29T00:15:34.234170,basse
BJ-E900402D,Centre Santé,Santé & Pharmacie,Savalou,+229 23 59 14 56,,,PME (10-50),B2B,Facebook Pages,,Actif,2026-06-29T00:15:34.234182,basse
BJ-18A0E485,Cabinet Pharma Savalou,Santé & Pharmacie,Savalou,+229 42 13 96 18,,cabinetpharmasavalou.bj,TPE (<10),B2C,Facebook Pages,,Actif,2026-06-29T00:15:34.234205,moyenne
BJ-A3097D7A,Hôpital Central Medical,Santé & Pharmacie,Bantè,+229 77 59 39 85,hôpital.central.medical@hôpital.central.medical.net,,PME (10-50),B2C,Facebook Pages,,Actif,2026-06-29T00:15:34.234223,moyenne
BJ-A80BB645,Cabinet Guérison,Santé & Pharmacie,Bantè,+229 62 72 91 19,cabinet.guérison@cabinet.guérison.net,,TPE (<10),B2B,Facebook Pages,,Actif,2026-06-29T00:15:34.234241,moyenne
BJ-72C95CDE,Sainte Centre,Santé & Pharmacie,Bantè,+229 69 90 30 17,sainte.centre@sainte.centre.com,,PME (10-50),B2B,Facebook Pages,,Actif,2026-06-29T00:15:34.234254,moyenne
BJ-664F488D,Hôpital Médicament Pharmacie,Santé & Pharmacie,Djougou,+229 94 53 37 26,hôpital.médicament.pharmacie@hôpital.médicament.pharmacie.com,,PME (50-200),B2C,Facebook Pages,,Actif,2026-06-29T00:15:34.234298,moyenne
BJ-775D3801,Hôpital Emergency,Santé & Pharmacie,Djougou,+229 30 83 94 97,hôpital.emergency@hôpital.emergency.bj,hôpitalemergency.bj,TPE (<10),B2C,Facebook Pages,,Actif,2026-06-29T00:15:34.234311,haute
BJ-5819027C,Soins,Santé & Pharmacie,Djougou,+229 85 61 25 12,soins@soins.net,,TPE (<10),B2C,Facebook Pages,,Actif,2026-06-29T00:15:34.234323,moyenne
BJ-6549D21C,Hôpital Vie,Santé & Pharmacie,Djougou,+229 26 67 96 32,hôpital.vie@hôpital.vie.bj,hôpitalvie.bj,TPE (<10),B2C,Facebook Pages,,Actif,2026-06-29T00:15:34.234341,haute
BJ-5CB2A2F6,Laboratoire Saint Bénin,Santé & Pharmacie,Djougou,+229 91 66 92 71,,laboratoiresaintbénin.bj,PME (10-50),B2C,Facebook Pages,,Actif,2026-06-29T00:15:34.234355,moyenne
BJ-81E384CF,Médicament Bénin,Santé & Pharmacie,Ouèssè,+229 59 90 48 32,médicament.bénin@médicament.bénin.org,,PME (50-200),B2C,Facebook Pages,,Actif,2026-06-29T00:15:34.234374,moyenne
BJ-FA2B2161,Hôpital Central Ouèssè,Santé & Pharmacie,Ouèssè,+229 77 58 53 52,hôpital.central.ouèssè@hôpital.central.ouèssè.org,hôpitalcentralouèssè.bj,TPE (<10),B2B,Facebook Pages,,Actif,2026-06-29T00:15:34.234392,haute
BJ-088930E3,Médicament International,Santé & Pharmacie,Ouèssè,+229 50 39 67 79,médicament.international@médicament.international.org,médicamentinternational.bj,PME (10-50),B2B,Facebook Pages,,Actif,2026-06-29T00:15:34.234420,haute
BJ-A22F8811,Centre Nouveau,Santé & Pharmacie,Ouèssè,+229 65 61 65 32,,centrenouveau.bj,PME (50-200),B2B,Facebook Pages,,Actif,2026-06-29T00:15:34.234431,moyenne
BJ-212765BD,Laboratoire Sainte Hôpital,Santé & Pharmacie,Bassila,+229 38 68 87 87,laboratoire.sainte.hôpital@laboratoire.sainte.hôpital.org,laboratoiresaintehôpital.bj,Grande (>200),B2B,Facebook Pages,,Actif,2026-06-29T00:15:34.234451,haute
BJ-97A45035,Médicament,Santé & Pharmacie,Bassila,+229 22 90 30 26,médicament@médicament.org,,TPE (<10),B2B,Facebook Pages,,Actif,2026-06-29T00:15:34.234464,moyenne
BJ-C0C46363,Nouveau International,Santé & Pharmacie,Bassila,+229 41 45 95 93,nouveau.international@nouveau.international.bj,nouveauinternational.bj,PME (10-50),B2C,Facebook Pages,,Actif,2026-06-29T00:15:34.234477,haute
BJ-3CE644A9,Centre Emergency Centre,Santé & Pharmacie,Bassila,+229 78 34 83 94,centre.emergency.centre@centre.emergency.centre.org,centreemergencycentre.bj,PME (10-50),B2B,Facebook Pages,,Actif,2026-06-29T00:15:34.234490,haute
BJ-DF12D2B0,Clinique Central International,Santé & Pharmacie,Pehunco,+229 94 41 38 45,clinique.central.international@clinique.central.international.org,,PME (50-200),B2C,Facebook Pages,,Actif,2026-06-29T00:15:34.234525,moyenne
BJ-8282FD2E,Pharmacie Royal,Santé & Pharmacie,Pehunco,+229 75 44 69 93,pharmacie.royal@pharmacie.royal.bj,pharmacieroyal.bj,TPE (<10),B2C,Facebook Pages,,Actif,2026-06-29T00:15:34.234542,haute
BJ-CBD9AB95,Urgence Bénin,Santé & Pharmacie,Pehunco,+229 89 98 76 68,,urgencebénin.bj,TPE (<10),B2B,Facebook Pages,,Actif,2026-06-29T00:15:34.234556,moyenne
BJ-E4FEF10A,Vie Pharmacie,Santé & Pharmacie,Pehunco,+229 34 42 25 79,vie.pharmacie@vie.pharmacie.bj,,PME (10-50),B2C,Facebook Pages,,Actif,2026-06-29T00:15:34.234569,moyenne
BJ-B9892D52,Santé,Santé & Pharmacie,Pehunco,+229 51 26 58 63,santé@santé.bj,,TPE (<10),B2B,Facebook Pages,,Actif,2026-06-29T00:15:34.234581,moyenne
BJ-7E006D4C,Clinique Soins Copargo,Santé & Pharmacie,Copargo,+229 81 80 26 87,clinique.soins.copargo@clinique.soins.copargo.org,,PME (50-200),B2C,Facebook Pages,,Actif,2026-06-29T00:15:34.234610,moyenne
BJ-3D57130C,Nouveau Hôpital,Santé & Pharmacie,Copargo,+229 92 53 56 15,,,PME (10-50),B2B,Facebook Pages,,Actif,2026-06-29T00:15:34.234637,basse
BJ-A371DA52,Médical Centre,Santé & Pharmacie,Copargo,+229 97 94 87 67,,médicalcentre.bj,TPE (<10),B2B,Facebook Pages,,Actif,2026-06-29T00:15:34.234659,moyenne
BJ-FC6BF9B6,Centre Saint Cabinet,Santé & Pharmacie,Copargo,+229 69 81 61 41,centre.saint.cabinet@centre.saint.cabinet.benin,centresaintcabinet.bj,TPE (<10),B2C,Facebook Pages,,Actif,2026-06-29T00:15:34.234679,haute
BJ-708FA672,Pharmacie Nouveau,Santé & Pharmacie,Copargo,+229 83 58 24 28,,pharmacienouveau.bj,TPE (<10),B2C,Facebook Pages,,Actif,2026-06-29T00:15:34.234700,moyenne
BJ-250A4F01,Vie Cotonou,Finance & Assurance,Cotonou,+229 42 86 42 14,vie.cotonou@vie.cotonou.bj,,Grande (>200),B2B,Facebook Pages,,Actif,2026-06-29T00:15:34.234742,moyenne
BJ-BEC1FCC2,West Assurances,Finance & Assurance,Cotonou,+229 83 26 42 90,west.assurances@west.assurances.bj,westassurances.bj,PME (10-50),B2C,Facebook Pages,,Actif,2026-06-29T00:15:34.234778,haute
BJ-5E56EFB6,Capital Groupe,Finance & Assurance,Cotonou,+229 75 14 35 90,capital.groupe@capital.groupe.org,capitalgroupe.bj,Grande (>200),B2C,Facebook Pages,,Actif,2026-06-29T00:15:34.234805,haute
BJ-4D481FD7,Sécurité Cotonou,Finance & Assurance,Cotonou,+229 59 60 68 85,,,Grande (>200),B2B,Facebook Pages,,Actif,2026-06-29T00:15:34.234830,basse
BJ-65C49ED3,Groupe Capital,Finance & Assurance,Cotonou,+229 26 47 74 83,groupe.capital@groupe.capital.bj,groupecapital.bj,TPE (<10),B2B,Facebook Pages,,Actif,2026-06-29T00:15:34.234858,haute
BJ-F69DEE4A,Cabinet Protection Abomey-Calavi,Finance & Assurance,Abomey-Calavi,+229 52 13 89 61,cabinet.protection.abomeycalavi@cabinet.protection.abomeycalavi.bj,,PME (50-200),B2C,Facebook Pages,,Actif,2026-06-29T00:15:34.234910,moyenne
BJ-71591C75,Société Auto,Finance & Assurance,Abomey-Calavi,+229 91 32 58 93,,,TPE (<10),B2B,Facebook Pages,,Actif,2026-06-29T00:15:34.234941,basse
BJ-09E68CFE,Auto,Finance & Assurance,Abomey-Calavi,+229 62 66 83 76,auto@auto.net,auto.bj,Grande (>200),B2B,Facebook Pages,,Actif,2026-06-29T00:15:34.234953,haute
BJ-7AB3CA94,Finance Capital SARL,Finance & Assurance,Abomey-Calavi,+229 62 54 83 79,finance.capital.sarl@finance.capital.sarl.org,,TPE (<10),B2C,Facebook Pages,,Actif,2026-06-29T00:15:34.234964,moyenne
BJ-338DBF22,Crédit Invest Porto-Novo,Finance & Assurance,Porto-Novo,+229 54 76 19 91,crédit.invest.portonovo@crédit.invest.portonovo.benin,créditinvestportonovo.bj,TPE (<10),B2B,Facebook Pages,,Actif,2026-06-29T00:15:34.234986,haute
BJ-6C06FA7E,Finance West,Finance & Assurance,Porto-Novo,+229 55 68 23 70,finance.west@finance.west.benin,financewest.bj,PME (10-50),B2C,Facebook Pages,,Actif,2026-06-29T00:15:34.235005,haute
BJ-F3647C91,Cabinet Capital Groupe,Finance & Assurance,Porto-Novo,+229 81 34 49 77,,,TPE (<10),B2B,Facebook Pages,,Actif,2026-06-29T00:15:34.235016,basse
BJ-F1B99DED,Auto,Finance & Assurance,Porto-Novo,+229 55 95 98 42,,auto.bj,TPE (<10),B2B,Facebook Pages,,Actif,2026-06-29T00:15:34.235027,moyenne
BJ-33056143,Investissement SARL Porto-Novo,Finance & Assurance,Porto-Novo,+229 56 90 44 54,investissement.sarl.portonovo@investissement.sarl.portonovo.com,investissementsarlportonovo.bj,PME (10-50),B2C,Facebook Pages,,Actif,2026-06-29T00:15:34.235044,haute
BJ-049F719C,West,Finance & Assurance,Parakou,+229 33 21 97 73,west@west.bj,west.bj,PME (10-50),B2C,Facebook Pages,,Actif,2026-06-29T00:15:34.235063,haute
BJ-43056990,Groupe National Finance,Finance & Assurance,Parakou,+229 27 32 97 69,groupe.national.finance@groupe.national.finance.net,,PME (10-50),B2C,Facebook Pages,,Actif,2026-06-29T00:15:34.235075,moyenne
BJ-41D04F5A,Assurance Crédit Bank,Finance & Assurance,Parakou,+229 98 81 16 88,assurance.crédit.bank@assurance.crédit.bank.org,assurancecréditbank.bj,PME (10-50),B2B,Facebook Pages,,Actif,2026-06-29T00:15:34.235089,haute
BJ-4A60BA26,West Parakou,Finance & Assurance,Parakou,+229 45 27 30 70,west.parakou@west.parakou.net,westparakou.bj,TPE (<10),B2B,Facebook Pages,,Actif,2026-06-29T00:15:34.235113,haute
BJ-7A36B1D6,Banque Auto Finance,Finance & Assurance,Bohicon,+229 68 36 14 26,,banqueautofinance.bj,PME (10-50),B2B,Facebook Pages,,Actif,2026-06-29T00:15:34.235130,moyenne
BJ-5462A12A,Cabinet International Groupe,Finance & Assurance,Bohicon,+229 55 18 47 86,cabinet.international.groupe@cabinet.international.groupe.bj,cabinetinternationalgroupe.bj,PME (50-200),B2C,Facebook Pages,,Actif,2026-06-29T00:15:34.235146,haute
BJ-8867942B,Cabinet Investissement,Finance & Assurance,Bohicon,+229 81 38 72 98,,,TPE (<10),B2B,Facebook Pages,,Actif,2026-06-29T00:15:34.235157,basse
BJ-94DC2D57,Cabinet Capital,Finance & Assurance,Bohicon,+229 73 71 74 80,cabinet.capital@cabinet.capital.org,cabinetcapital.bj,TPE (<10),B2C,Facebook Pages,,Actif,2026-06-29T00:15:34.235169,haute
BJ-3FF65009,Africa Groupe Bohicon,Finance & Assurance,Bohicon,+229 37 76 97 42,,,TPE (<10),B2B,Facebook Pages,,Actif,2026-06-29T00:15:34.235179,basse
BJ-892A7009,Finance Vie Capital,Finance & Assurance,Natitingou,+229 60 87 88 57,,financeviecapital.bj,PME (10-50),B2B,Facebook Pages,,Actif,2026-06-29T00:15:34.235196,moyenne
BJ-58C7FB40,Investissement,Finance & Assurance,Natitingou,+229 55 67 64 43,,investissement.bj,TPE (<10),B2B,Facebook Pages,,Actif,2026-06-29T00:15:34.235210,moyenne
BJ-4A39E636,Assurance,Finance & Assurance,Natitingou,+229 49 54 81 98,assurance@assurance.bj,assurance.bj,TPE (<10),B2B,Facebook Pages,,Actif,2026-06-29T00:15:34.235235,haute
BJ-F914ED83,Crédit,Finance & Assurance,Natitingou,+229 52 77 33 38,crédit@crédit.bj,,Grande (>200),B2B,Facebook Pages,,Actif,2026-06-29T00:15:34.235247,moyenne
BJ-0D36AA0B,Société Épargne,Finance & Assurance,Lokossa,+229 59 70 25 28,société.épargne@société.épargne.net,sociétéépargne.bj,TPE (<10),B2C,Facebook Pages,,Actif,2026-06-29T00:15:34.235283,haute
BJ-2915EA5C,Groupe International,Finance & Assurance,Lokossa,+229 77 97 83 15,groupe.international@groupe.international.bj,groupeinternational.bj,PME (50-200),B2B,Facebook Pages,,Actif,2026-06-29T00:15:34.235296,haute
BJ-4D06D37B,Vie SA,Finance & Assurance,Lokossa,+229 93 59 77 16,vie.sa@vie.sa.benin,,Grande (>200),B2C,Facebook Pages,,Actif,2026-06-29T00:15:34.235309,moyenne
BJ-9756E173,Santé Groupe,Finance & Assurance,Lokossa,+229 87 86 30 24,santé.groupe@santé.groupe.bj,santégroupe.bj,PME (50-200),B2B,Facebook Pages,,Actif,2026-06-29T00:15:34.235323,haute
BJ-C07EAA49,Société Vie Capital,Finance & Assurance,Ouidah,+229 32 68 99 47,société.vie.capital@société.vie.capital.net,,TPE (<10),B2C,Facebook Pages,,Actif,2026-06-29T00:15:34.235341,moyenne
BJ-1A5FA51A,Groupe Santé SARL,Finance & Assurance,Ouidah,+229 58 51 23 85,groupe.santé.sarl@groupe.santé.sarl.com,groupesantésarl.bj,TPE (<10),B2C,Facebook Pages,,Actif,2026-06-29T00:15:34.235355,haute
BJ-3CD37C2E,Finance Sécurité,Finance & Assurance,Ouidah,+229 27 52 45 93,,,PME (50-200),B2C,Facebook Pages,,Actif,2026-06-29T00:15:34.235370,basse
BJ-5E78CA3B,Capital,Finance & Assurance,Ouidah,+229 76 94 84 31,capital@capital.bj,capital.bj,TPE (<10),B2B,Facebook Pages,,Actif,2026-06-29T00:15:34.235382,haute
BJ-1D0C5F79,Protection SARL,Finance & Assurance,Ouidah,+229 50 61 75 88,protection.sarl@protection.sarl.com,protectionsarl.bj,PME (10-50),B2C,Facebook Pages,,Actif,2026-06-29T00:15:34.235395,haute
BJ-0C201754,Société Investissement Groupe,Finance & Assurance,Savalou,+229 31 64 90 14,société.investissement.groupe@société.investissement.groupe.benin,sociétéinvestissementgroupe.bj,PME (10-50),B2C,Facebook Pages,,Actif,2026-06-29T00:15:34.235419,haute
BJ-28550EAD,Assurance West Groupe,Finance & Assurance,Savalou,+229 25 25 79 61,assurance.west.groupe@assurance.west.groupe.benin,assurancewestgroupe.bj,PME (10-50),B2B,Facebook Pages,,Actif,2026-06-29T00:15:34.235434,haute
BJ-4ABC94A0,Assurance International Invest,Finance & Assurance,Savalou,+229 72 63 72 54,,,Grande (>200),B2C,Facebook Pages,,Actif,2026-06-29T00:15:34.235449,basse
BJ-C53D9781,Bénin Invest,Finance & Assurance,Savalou,+229 58 37 86 70,bénin.invest@bénin.invest.com,bénininvest.bj,PME (10-50),B2C,Facebook Pages,,Actif,2026-06-29T00:15:34.235462,haute
BJ-3EBB032C,Capital Capital,Finance & Assurance,Savalou,+229 89 64 58 90,capital.capital@capital.capital.benin,capitalcapital.bj,PME (50-200),B2B,Facebook Pages,,Actif,2026-06-29T00:15:34.235474,haute
BJ-C0D36319,Banque National,Finance & Assurance,Dassa-Zoumè,+229 25 68 46 52,banque.national@banque.national.bj,banquenational.bj,PME (10-50),B2C,Facebook Pages,,Actif,2026-06-29T00:15:34.235492,haute
BJ-3BDB7CC4,Cabinet Investissement SARL,Finance & Assurance,Dassa-Zoumè,+229 46 91 68 94,cabinet.investissement.sarl@cabinet.investissement.sarl.net,cabinetinvestissementsarl.bj,PME (50-200),B2C,Facebook Pages,,Actif,2026-06-29T00:15:34.235505,haute
BJ-83C094DC,Finance Épargne Capital,Finance & Assurance,Dassa-Zoumè,+229 93 44 53 76,finance.épargne.capital@finance.épargne.capital.benin,financeépargnecapital.bj,TPE (<10),B2B,Facebook Pages,,Actif,2026-06-29T00:15:34.235522,haute
BJ-AD0074DE,Cabinet Vie Finance,Finance & Assurance,Dassa-Zoumè,+229 91 41 33 13,cabinet.vie.finance@cabinet.vie.finance.com,cabinetviefinance.bj,TPE (<10),B2C,Facebook Pages,,Actif,2026-06-29T00:15:34.235547,haute
BJ-9C088218,Bénin,Finance & Assurance,Kétou,+229 21 40 73 45,,,PME (10-50),B2B,Facebook Pages,,Actif,2026-06-29T00:15:34.235563,basse
BJ-0999B3B2,Banque National Bank,Finance & Assurance,Kétou,+229 63 45 65 91,banque.national.bank@banque.national.bank.com,,PME (10-50),B2C,Facebook Pages,,Actif,2026-06-29T00:15:34.235578,moyenne
BJ-14CE3D0A,Banque Protection,Finance & Assurance,Kétou,+229 73 74 50 76,banque.protection@banque.protection.com,banqueprotection.bj,PME (50-200),B2B,Facebook Pages,,Actif,2026-06-29T00:15:34.235592,haute
BJ-C82D102A,Banque Vie,Finance & Assurance,Kétou,+229 92 20 85 21,banque.vie@banque.vie.bj,,TPE (<10),B2B,Facebook Pages,,Actif,2026-06-29T00:15:34.235603,moyenne
BJ-19D854FE,Sécurité SARL,Finance & Assurance,Kétou,+229 75 54 36 29,sécurité.sarl@sécurité.sarl.net,sécuritésarl.bj,PME (10-50),B2B,Facebook Pages,,Actif,2026-06-29T00:15:34.235616,haute
BJ-E97B67BC,National Groupe,Finance & Assurance,Covè,+229 57 55 33 11,,nationalgroupe.bj,TPE (<10),B2C,Facebook Pages,,Actif,2026-06-29T00:15:34.235635,moyenne
BJ-C5BC8E6A,Cabinet Capital International,Finance & Assurance,Covè,+229 23 15 37 85,,cabinetcapitalinternational.bj,Grande (>200),B2C,Facebook Pages,,Actif,2026-06-29T00:15:34.235646,moyenne
BJ-B2816D47,Finance Protection,Finance & Assurance,Covè,+229 94 30 85 10,,,PME (10-50),B2B,Facebook Pages,,Actif,2026-06-29T00:15:34.235657,basse
BJ-508F2C75,Société Protection Covè,Finance & Assurance,Covè,+229 40 66 92 37,société.protection.covè@société.protection.covè.net,,TPE (<10),B2C,Facebook Pages,,Actif,2026-06-29T00:15:34.235673,moyenne
BJ-C6C04B68,Banque West International,Finance & Assurance,Covè,+229 86 45 71 48,banque.west.international@banque.west.international.bj,banquewestinternational.bj,PME (10-50),B2B,Facebook Pages,,Actif,2026-06-29T00:15:34.235687,haute
BJ-6F41E76F,West International Pobè,Finance & Assurance,Pobè,+229 45 11 62 54,,,TPE (<10),B2B,Facebook Pages,,Actif,2026-06-29T00:15:34.235708,basse
BJ-71E10564,Capital Bank,Finance & Assurance,Pobè,+229 21 36 78 24,capital.bank@capital.bank.com,,PME (50-200),B2B,Facebook Pages,,Actif,2026-06-29T00:15:34.235737,moyenne
BJ-BEB41C59,Banque Investissement Capital,Finance & Assurance,Pobè,+229 91 99 82 28,banque.investissement.capital@banque.investissement.capital.com,banqueinvestissementcapital.bj,PME (10-50),B2B,Facebook Pages,,Actif,2026-06-29T00:15:34.235757,haute
BJ-E1FB990D,Société Santé Finance,Finance & Assurance,Pobè,+229 44 79 66 58,société.santé.finance@société.santé.finance.com,,PME (10-50),B2C,Facebook Pages,,Actif,2026-06-29T00:15:34.235769,moyenne
BJ-DF78E079,Sécurité,Finance & Assurance,Pobè,+229 33 47 67 58,,sécurité.bj,PME (10-50),B2B,Facebook Pages,,Actif,2026-06-29T00:15:34.235781,moyenne
BJ-92085F4C,Société Épargne Invest,Finance & Assurance,Sakété,+229 54 88 87 40,société.épargne.invest@société.épargne.invest.org,sociétéépargneinvest.bj,PME (10-50),B2B,Facebook Pages,,Actif,2026-06-29T00:15:34.235801,haute
BJ-7A174DB2,Groupe Investissement International,Finance & Assurance,Sakété,+229 91 61 19 88,groupe.investissement.international@groupe.investissement.international.bj,groupeinvestissementinternational.bj,TPE (<10),B2B,Facebook Pages,,Actif,2026-06-29T00:15:34.235814,haute
BJ-59A0FE7B,Épargne,Finance & Assurance,Sakété,+229 80 11 73 44,,épargne.bj,PME (50-200),B2B,Facebook Pages,,Actif,2026-06-29T00:15:34.235826,moyenne
BJ-D9D12BE1,Cabinet Crédit,Finance & Assurance,Sakété,+229 52 67 83 78,,cabinetcrédit.bj,PME (50-200),B2B,Facebook Pages,,Actif,2026-06-29T00:15:34.235849,moyenne
BJ-9D657198,Cabinet Capital Groupe,Finance & Assurance,Adjara,+229 89 20 65 61,cabinet.capital.groupe@cabinet.capital.groupe.net,,TPE (<10),B2C,Facebook Pages,,Actif,2026-06-29T00:15:34.235867,moyenne
BJ-9DE7396D,Groupe Bénin,Finance & Assurance,Adjara,+229 35 14 70 29,groupe.bénin@groupe.bénin.bj,groupebénin.bj,PME (10-50),B2C,Facebook Pages,,Actif,2026-06-29T00:15:34.235884,haute
BJ-0E4CDEFF,Crédit Assurances,Finance & Assurance,Adjara,+229 35 31 63 46,crédit.assurances@crédit.assurances.org,créditassurances.bj,Grande (>200),B2B,Facebook Pages,,Actif,2026-06-29T00:15:34.235980,haute
BJ-CE16C989,Cabinet Auto,Finance & Assurance,Allada,+229 33 84 83 54,cabinet.auto@cabinet.auto.net,,PME (10-50),B2B,Facebook Pages,,Actif,2026-06-29T00:15:34.236017,moyenne
BJ-EA02CE57,Investissement,Finance & Assurance,Allada,+229 89 18 54 86,investissement@investissement.benin,investissement.bj,TPE (<10),B2B,Facebook Pages,,Actif,2026-06-29T00:15:34.236047,haute
BJ-F2A6FDAB,Sécurité,Finance & Assurance,Allada,+229 62 51 48 62,sécurité@sécurité.com,sécurité.bj,Grande (>200),B2C,Facebook Pages,,Actif,2026-06-29T00:15:34.236074,haute
BJ-3D72E0B7,Bénin Groupe,Finance & Assurance,Allada,+229 80 55 84 15,bénin.groupe@bénin.groupe.com,béningroupe.bj,TPE (<10),B2B,Facebook Pages,,Actif,2026-06-29T00:15:34.236113,haute
BJ-6E16D42E,Société International,Finance & Assurance,Allada,+229 96 33 72 37,,,TPE (<10),B2C,Facebook Pages,,Actif,2026-06-29T00:15:34.236143,basse
BJ-37759ABE,Auto Groupe Aplahoué,Finance & Assurance,Aplahoué,+229 43 75 95 27,,autogroupeaplahoué.bj,PME (10-50),B2B,Facebook Pages,,Actif,2026-06-29T00:15:34.236186,moyenne
BJ-715A8368,Banque Africa SARL Aplahoué,Finance & Assurance,Aplahoué,+229 40 66 59 80,banque.africa.sarl.aplahoué@banque.africa.sarl.aplahoué.org,,PME (10-50),B2B,Facebook Pages,,Actif,2026-06-29T00:15:34.236201,moyenne
BJ-EA96D959,Bénin Assurances,Finance & Assurance,Aplahoué,+229 86 18 13 49,bénin.assurances@bénin.assurances.bj,béninassurances.bj,TPE (<10),B2C,Facebook Pages,,Actif,2026-06-29T00:15:34.236217,haute
BJ-749C88FA,Investissement Finance,Finance & Assurance,Aplahoué,+229 75 23 41 69,investissement.finance@investissement.finance.net,investissementfinance.bj,TPE (<10),B2B,Facebook Pages,,Actif,2026-06-29T00:15:34.236230,haute
BJ-DE19ED7F,Assurance Santé Dogbo-Tota,Finance & Assurance,Dogbo-Tota,+229 21 31 61 35,assurance.santé.dogbotota@assurance.santé.dogbotota.org,assurancesantédogbotota.bj,PME (50-200),B2C,Facebook Pages,,Actif,2026-06-29T00:15:34.236251,haute
BJ-4F715595,Banque Bénin Assurances,Finance & Assurance,Dogbo-Tota,+229 45 45 17 70,banque.bénin.assurances@banque.bénin.assurances.com,,PME (10-50),B2B,Facebook Pages,,Actif,2026-06-29T00:15:34.236264,moyenne
BJ-DFD77157,International SA,Finance & Assurance,Dogbo-Tota,+229 70 25 92 12,international.sa@international.sa.com,internationalsa.bj,TPE (<10),B2B,Facebook Pages,,Actif,2026-06-29T00:15:34.236276,haute
BJ-43924218,Sécurité,Finance & Assurance,Dogbo-Tota,+229 94 31 26 82,sécurité@sécurité.com,sécurité.bj,TPE (<10),B2B,Facebook Pages,,Actif,2026-06-29T00:15:34.236288,haute
BJ-A4F6BA22,Cabinet National,Finance & Assurance,Dogbo-Tota,+229 92 96 30 99,cabinet.national@cabinet.national.benin,cabinetnational.bj,PME (10-50),B2B,Facebook Pages,,Actif,2026-06-29T00:15:34.236300,haute
BJ-F5A3DE7B,Finance Sécurité Kpomassè,Finance & Assurance,Kpomassè,+229 74 91 70 14,finance.sécurité.kpomassè@finance.sécurité.kpomassè.org,financesécuritékpomassè.bj,TPE (<10),B2C,Facebook Pages,,Actif,2026-06-29T00:15:34.236319,haute
BJ-0A156005,Épargne Kpomassè,Finance & Assurance,Kpomassè,+229 68 62 12 56,épargne.kpomassè@épargne.kpomassè.net,épargnekpomassè.bj,Grande (>200),B2C,Facebook Pages,,Actif,2026-06-29T00:15:34.236335,haute
BJ-84D124BF,Cabinet Santé Kpomassè,Finance & Assurance,Kpomassè,+229 52 45 87 71,cabinet.santé.kpomassè@cabinet.santé.kpomassè.org,cabinetsantékpomassè.bj,Grande (>200),B2C,Facebook Pages,,Actif,2026-06-29T00:15:34.236348,haute
BJ-171E3440,Cabinet Vie,Finance & Assurance,Kpomassè,+229 37 31 50 64,cabinet.vie@cabinet.vie.org,cabinetvie.bj,PME (10-50),B2B,Facebook Pages,,Actif,2026-06-29T00:15:34.236362,haute
BJ-CE7714DD,Sécurité Kpomassè,Finance & Assurance,Kpomassè,+229 87 85 73 26,sécurité.kpomassè@sécurité.kpomassè.org,sécuritékpomassè.bj,PME (10-50),B2B,Facebook Pages,,Actif,2026-06-29T00:15:34.236375,haute
BJ-289706FD,West Invest,Finance & Assurance,Tori-Bossito,+229 81 23 59 54,west.invest@west.invest.benin,,PME (10-50),B2C,Facebook Pages,,Actif,2026-06-29T00:15:34.236404,moyenne
BJ-B6E3B921,Cabinet Vie,Finance & Assurance,Tori-Bossito,+229 34 90 94 32,cabinet.vie@cabinet.vie.org,,PME (10-50),B2B,Facebook Pages,,Actif,2026-06-29T00:15:34.236415,moyenne
BJ-A1F23823,Société Vie Assurances,Finance & Assurance,Tori-Bossito,+229 79 93 15 41,société.vie.assurances@société.vie.assurances.net,,PME (50-200),B2C,Facebook Pages,,Actif,2026-06-29T00:15:34.236427,moyenne
BJ-BC209EEC,Investissement,Finance & Assurance,Tori-Bossito,+229 46 70 32 67,,investissement.bj,PME (10-50),B2B,Facebook Pages,,Actif,2026-06-29T00:15:34.236438,moyenne
BJ-DEEC6573,Bénin Assurances,Finance & Assurance,Grand-Popo,+229 83 38 19 53,bénin.assurances@bénin.assurances.com,,TPE (<10),B2B,Facebook Pages,,Actif,2026-06-29T00:15:34.236456,moyenne
BJ-B86E5A20,Banque Épargne,Finance & Assurance,Grand-Popo,+229 94 66 86 43,banque.épargne@banque.épargne.bj,banqueépargne.bj,TPE (<10),B2C,Facebook Pages,,Actif,2026-06-29T00:15:34.236472,haute
BJ-4A07B96D,Cabinet Bénin Invest Grand-Popo,Finance & Assurance,Grand-Popo,+229 22 15 49 90,cabinet.bénin.invest.grandpopo@cabinet.bénin.invest.grandpopo.bj,,TPE (<10),B2C,Facebook Pages,,Actif,2026-06-29T00:15:34.236485,moyenne
BJ-8DB1A6D7,West,Finance & Assurance,Grand-Popo,+229 90 74 50 59,,,TPE (<10),B2C,Facebook Pages,,Actif,2026-06-29T00:15:34.236496,basse
BJ-1D2971BA,Société Africa Assurances,Finance & Assurance,Grand-Popo,+229 43 29 85 35,société.africa.assurances@société.africa.assurances.bj,sociétéafricaassurances.bj,PME (50-200),B2B,Facebook Pages,,Actif,2026-06-29T00:15:34.236508,haute
BJ-D6FFF17E,Auto,Finance & Assurance,Athiémé,+229 73 12 27 80,,auto.bj,TPE (<10),B2B,Facebook Pages,,Actif,2026-06-29T00:15:34.236525,moyenne
BJ-29F448F4,West,Finance & Assurance,Athiémé,+229 32 59 66 35,,west.bj,PME (10-50),B2C,Facebook Pages,,Actif,2026-06-29T00:15:34.236536,moyenne
BJ-8217E521,Groupe Épargne,Finance & Assurance,Athiémé,+229 69 99 35 25,groupe.épargne@groupe.épargne.bj,groupeépargne.bj,Grande (>200),B2C,Facebook Pages,,Actif,2026-06-29T00:15:34.236552,haute
BJ-4F0EBD65,Groupe Bénin,Finance & Assurance,Athiémé,+229 93 88 38 99,groupe.bénin@groupe.bénin.bj,,PME (10-50),B2C,Facebook Pages,,Actif,2026-06-29T00:15:34.236565,moyenne
BJ-BD288F45,Société Santé SARL Athiémé,Finance & Assurance,Athiémé,+229 33 14 26 28,société.santé.sarl.athiémé@société.santé.sarl.athiémé.com,sociétésantésarlathiémé.bj,PME (10-50),B2B,Facebook Pages,,Actif,2026-06-29T00:15:34.236578,haute
BJ-5C6C3A59,Banque Bénin Bank,Finance & Assurance,Bopa,+229 73 97 10 99,banque.bénin.bank@banque.bénin.bank.net,banquebéninbank.bj,Grande (>200),B2C,Facebook Pages,,Actif,2026-06-29T00:15:34.236596,haute
BJ-D9528060,Auto SARL,Finance & Assurance,Bopa,+229 91 58 47 78,auto.sarl@auto.sarl.benin,autosarl.bj,TPE (<10),B2C,Facebook Pages,,Actif,2026-06-29T00:15:34.236615,haute
BJ-1595E1F1,Santé International Bopa,Finance & Assurance,Bopa,+229 83 60 34 86,,santéinternationalbopa.bj,TPE (<10),B2B,Facebook Pages,,Actif,2026-06-29T00:15:34.236629,moyenne
BJ-F246A39B,Société Investissement,Finance & Assurance,Bopa,+229 61 94 10 34,,,PME (10-50),B2B,Facebook Pages,,Actif,2026-06-29T00:15:34.236640,basse
BJ-8D41B14B,Auto Invest,Finance & Assurance,Bopa,+229 94 57 45 49,auto.invest@auto.invest.com,autoinvest.bj,TPE (<10),B2B,Facebook Pages,,Actif,2026-06-29T00:15:34.236652,haute
BJ-40A46305,Groupe Épargne,Finance & Assurance,Houéyogbé,+229 44 98 84 33,groupe.épargne@groupe.épargne.com,groupeépargne.bj,TPE (<10),B2B,Facebook Pages,,Actif,2026-06-29T00:15:34.236672,haute
BJ-0A7D9232,Épargne Assurances,Finance & Assurance,Houéyogbé,+229 72 93 80 79,épargne.assurances@épargne.assurances.benin,épargneassurances.bj,TPE (<10),B2B,Facebook Pages,,Actif,2026-06-29T00:15:34.236699,haute
BJ-2AC1AFA4,Finance Vie,Finance & Assurance,Houéyogbé,+229 92 60 86 75,,financevie.bj,PME (10-50),B2B,Facebook Pages,,Actif,2026-06-29T00:15:34.236723,moyenne
BJ-885281CA,Groupe Vie Finance,Finance & Assurance,Malanville,+229 65 78 43 66,groupe.vie.finance@groupe.vie.finance.benin,groupeviefinance.bj,PME (10-50),B2C,Facebook Pages,,Actif,2026-06-29T00:15:34.236740,haute
BJ-08B6A47A,West International,Finance & Assurance,Malanville,+229 35 49 73 41,west.international@west.international.net,,PME (10-50),B2B,Facebook Pages,,Actif,2026-06-29T00:15:34.236757,moyenne
BJ-35F5645E,Crédit Malanville,Finance & Assurance,Malanville,+229 91 55 80 28,crédit.malanville@crédit.malanville.benin,,PME (10-50),B2C,Facebook Pages,,Actif,2026-06-29T00:15:34.236770,moyenne
BJ-FA155584,Banque Investissement,Finance & Assurance,Malanville,+229 39 51 62 17,banque.investissement@banque.investissement.bj,banqueinvestissement.bj,TPE (<10),B2B,Facebook Pages,,Actif,2026-06-29T00:15:34.236782,haute
BJ-9CA3D5C4,Auto,Finance & Assurance,Malanville,+229 33 25 45 77,,auto.bj,TPE (<10),B2B,Facebook Pages,,Actif,2026-06-29T00:15:34.236793,moyenne
BJ-28020275,Banque Africa International,Finance & Assurance,Kandi,+229 29 66 57 84,banque.africa.international@banque.africa.international.org,,PME (10-50),B2C,Facebook Pages,,Actif,2026-06-29T00:15:34.236811,moyenne
BJ-67D112A3,Finance Capital Groupe,Finance & Assurance,Kandi,+229 99 79 41 18,finance.capital.groupe@finance.capital.groupe.bj,financecapitalgroupe.bj,TPE (<10),B2C,Facebook Pages,,Actif,2026-06-29T00:15:34.236823,haute
BJ-9CB8C37E,Finance Vie,Finance & Assurance,Kandi,+229 70 61 30 43,,financevie.bj,TPE (<10),B2B,Facebook Pages,,Actif,2026-06-29T00:15:34.236838,moyenne
BJ-C98AAAFB,Cabinet West Kandi,Finance & Assurance,Kandi,+229 65 80 72 78,cabinet.west.kandi@cabinet.west.kandi.org,cabinetwestkandi.bj,PME (10-50),B2C,Facebook Pages,,Actif,2026-06-29T00:15:34.236850,haute
BJ-33115E45,Cabinet International,Finance & Assurance,Banikoara,+229 56 60 16 37,cabinet.international@cabinet.international.bj,cabinetinternational.bj,PME (10-50),B2C,Facebook Pages,,Actif,2026-06-29T00:15:34.236880,haute
BJ-E1867FE7,Groupe Sécurité International,Finance & Assurance,Banikoara,+229 44 82 71 78,groupe.sécurité.international@groupe.sécurité.international.bj,groupesécuritéinternational.bj,PME (10-50),B2C,Facebook Pages,,Actif,2026-06-29T00:15:34.236915,haute
BJ-4662BA45,Société Protection SARL,Finance & Assurance,Banikoara,+229 91 17 67 75,,sociétéprotectionsarl.bj,PME (10-50),B2C,Facebook Pages,,Actif,2026-06-29T00:15:34.236929,moyenne
BJ-EB264649,Africa Assurances,Finance & Assurance,Banikoara,+229 57 46 45 77,africa.assurances@africa.assurances.org,africaassurances.bj,TPE (<10),B2B,Facebook Pages,,Actif,2026-06-29T00:15:34.236941,haute
BJ-0B342517,Groupe Investissement Banikoara,Finance & Assurance,Banikoara,+229 57 80 42 87,groupe.investissement.banikoara@groupe.investissement.banikoara.bj,,PME (10-50),B2B,Facebook Pages,,Actif,2026-06-29T00:15:34.236952,moyenne
BJ-3B80E8FC,International Ségbana,Finance & Assurance,Ségbana,+229 87 38 58 14,international.ségbana@international.ségbana.benin,internationalségbana.bj,TPE (<10),B2C,Facebook Pages,,Actif,2026-06-29T00:15:34.236980,haute
BJ-5905F459,Société Auto Finance,Finance & Assurance,Ségbana,+229 50 97 46 83,société.auto.finance@société.auto.finance.benin,sociétéautofinance.bj,TPE (<10),B2B,Facebook Pages,,Actif,2026-06-29T00:15:34.237016,haute
BJ-8CEAD30E,Groupe Sécurité SARL Ségbana,Finance & Assurance,Ségbana,+229 73 85 23 80,groupe.sécurité.sarl.ségbana@groupe.sécurité.sarl.ségbana.com,groupesécuritésarlségbana.bj,PME (50-200),B2C,Facebook Pages,,Actif,2026-06-29T00:15:34.237029,haute
BJ-758B1814,Bénin Invest,Finance & Assurance,Karimama,+229 82 22 11 33,,bénininvest.bj,PME (10-50),B2B,Facebook Pages,,Actif,2026-06-29T00:15:34.237046,moyenne
BJ-144AB254,Société Assurance Capital,Finance & Assurance,Karimama,+229 58 76 58 39,société.assurance.capital@société.assurance.capital.bj,,PME (50-200),B2C,Facebook Pages,,Actif,2026-06-29T00:15:34.237061,moyenne
BJ-28C05B79,Cabinet Auto Groupe,Finance & Assurance,Karimama,+229 20 95 69 28,cabinet.auto.groupe@cabinet.auto.groupe.benin,cabinetautogroupe.bj,PME (50-200),B2B,Facebook Pages,,Actif,2026-06-29T00:15:34.237087,haute
BJ-D483F6D5,Épargne Groupe,Finance & Assurance,Karimama,+229 99 56 51 29,épargne.groupe@épargne.groupe.bj,épargnegroupe.bj,PME (10-50),B2C,Facebook Pages,,Actif,2026-06-29T00:15:34.237100,haute
BJ-6F64DA1C,Cabinet Africa Gogounou,Finance & Assurance,Gogounou,+229 20 10 61 95,,cabinetafricagogounou.bj,TPE (<10),B2B,Facebook Pages,,Actif,2026-06-29T00:15:34.237116,moyenne
BJ-61788CEF,Finance Crédit Bank,Finance & Assurance,Gogounou,+229 90 40 62 64,,,PME (10-50),B2B,Facebook Pages,,Actif,2026-06-29T00:15:34.237126,basse
BJ-0FADEFDC,Sécurité SA,Finance & Assurance,Gogounou,+229 82 90 32 21,sécurité.sa@sécurité.sa.org,sécuritésa.bj,PME (50-200),B2B,Facebook Pages,,Actif,2026-06-29T00:15:34.237138,haute
BJ-25CA0023,Banque West,Finance & Assurance,Gogounou,+229 69 95 92 58,banque.west@banque.west.com,banquewest.bj,TPE (<10),B2B,Facebook Pages,,Actif,2026-06-29T00:15:34.237161,haute
BJ-CCDCF2CA,Finance Africa Capital,Finance & Assurance,Cobly,+229 91 33 82 53,finance.africa.capital@finance.africa.capital.benin,financeafricacapital.bj,PME (10-50),B2C,Facebook Pages,,Actif,2026-06-29T00:15:34.237178,haute
BJ-26C2BDCF,West,Finance & Assurance,Cobly,+229 58 74 28 42,west@west.com,west.bj,TPE (<10),B2B,Facebook Pages,,Actif,2026-06-29T00:15:34.237193,haute
BJ-8FD88349,Assurance,Finance & Assurance,Cobly,+229 39 99 92 83,,assurance.bj,PME (10-50),B2B,Facebook Pages,,Actif,2026-06-29T00:15:34.237204,moyenne
BJ-CB6E3F50,Groupe Protection,Finance & Assurance,Cobly,+229 24 15 27 30,groupe.protection@groupe.protection.net,groupeprotection.bj,Grande (>200),B2B,Facebook Pages,,Actif,2026-06-29T00:15:34.237215,haute
BJ-82E2462F,Finance Investissement SA Cobly,Finance & Assurance,Cobly,+229 74 18 63 65,,financeinvestissementsacobly.bj,TPE (<10),B2C,Facebook Pages,,Actif,2026-06-29T00:15:34.237226,moyenne
BJ-4CB8AF32,Assurance Épargne Finance,Finance & Assurance,Tanguiéta,+229 74 52 68 31,assurance.épargne.finance@assurance.épargne.finance.benin,assuranceépargnefinance.bj,PME (10-50),B2C,Facebook Pages,,Actif,2026-06-29T00:15:34.237247,haute
BJ-0C2157F5,Assurance Bank,Finance & Assurance,Tanguiéta,+229 24 13 74 95,assurance.bank@assurance.bank.bj,assurancebank.bj,TPE (<10),B2C,Facebook Pages,,Actif,2026-06-29T00:15:34.237260,haute
BJ-0A47E9B9,Banque Auto,Finance & Assurance,Tanguiéta,+229 68 70 60 58,banque.auto@banque.auto.org,banqueauto.bj,PME (50-200),B2B,Facebook Pages,,Actif,2026-06-29T00:15:34.237271,haute
BJ-D8FD6527,Sécurité Capital,Finance & Assurance,Tanguiéta,+229 57 33 31 20,,sécuritécapital.bj,PME (50-200),B2B,Facebook Pages,,Actif,2026-06-29T00:15:34.237286,moyenne
BJ-5F1E7FBF,Cabinet Protection Capital Matéri,Finance & Assurance,Matéri,+229 39 37 18 64,cabinet.protection.capital.matéri@cabinet.protection.capital.matéri.benin,cabinetprotectioncapitalmatéri.bj,PME (50-200),B2C,Facebook Pages,,Actif,2026-06-29T00:15:34.237319,haute
BJ-8C63662F,Assurance Finance Matéri,Finance & Assurance,Matéri,+229 67 85 68 51,assurance.finance.matéri@assurance.finance.matéri.com,assurancefinancematéri.bj,PME (10-50),B2B,Facebook Pages,,Actif,2026-06-29T00:15:34.237335,haute
BJ-58C673F7,Finance Sécurité,Finance & Assurance,Matéri,+229 79 67 75 74,finance.sécurité@finance.sécurité.benin,,PME (50-200),B2C,Facebook Pages,,Actif,2026-06-29T00:15:34.237347,moyenne
BJ-69F0EB50,Finance Crédit Matéri,Finance & Assurance,Matéri,+229 51 25 19 39,finance.crédit.matéri@finance.crédit.matéri.benin,,TPE (<10),B2B,Facebook Pages,,Actif,2026-06-29T00:15:34.237359,moyenne
BJ-ABD6DDC0,Société International SARL,Finance & Assurance,Matéri,+229 98 29 20 83,société.international.sarl@société.international.sarl.bj,,Grande (>200),B2B,Facebook Pages,,Actif,2026-06-29T00:15:34.237371,moyenne
BJ-BCD3487D,Cabinet Bénin Groupe,Finance & Assurance,Natitingou,+229 75 42 91 78,cabinet.bénin.groupe@cabinet.bénin.groupe.net,,Grande (>200),B2C,Facebook Pages,,Actif,2026-06-29T00:15:34.237401,moyenne
BJ-04BFEFDE,Assurance Protection Groupe,Finance & Assurance,Natitingou,+229 20 32 35 41,assurance.protection.groupe@assurance.protection.groupe.net,assuranceprotectiongroupe.bj,TPE (<10),B2B,Facebook Pages,,Actif,2026-06-29T00:15:34.237413,haute
BJ-41F569D1,Banque Protection Natitingou,Finance & Assurance,Natitingou,+229 66 86 83 15,banque.protection.natitingou@banque.protection.natitingou.org,banqueprotectionnatitingou.bj,Grande (>200),B2C,Facebook Pages,,Actif,2026-06-29T00:15:34.237428,haute
BJ-B7293E0A,Vie,Finance & Assurance,Natitingou,+229 25 63 27 83,vie@vie.net,vie.bj,TPE (<10),B2B,Facebook Pages,,Actif,2026-06-29T00:15:34.237440,haute
BJ-376EF6F0,Société Auto SARL,Finance & Assurance,Toucountouna,+229 92 91 76 24,société.auto.sarl@société.auto.sarl.benin,sociétéautosarl.bj,TPE (<10),B2C,Facebook Pages,,Actif,2026-06-29T00:15:34.237458,haute
BJ-2B707499,Banque Assurance,Finance & Assurance,Toucountouna,+229 86 48 83 53,banque.assurance@banque.assurance.com,banqueassurance.bj,PME (10-50),B2B,Facebook Pages,,Actif,2026-06-29T00:15:34.237472,haute
BJ-6D4767D0,Cabinet Crédit Finance,Finance & Assurance,Toucountouna,+229 86 13 36 61,cabinet.crédit.finance@cabinet.crédit.finance.bj,,PME (10-50),B2B,Facebook Pages,,Actif,2026-06-29T00:15:34.237485,moyenne
BJ-D3A3B32F,Banque Santé Capital,Finance & Assurance,Toucountouna,+229 69 72 58 25,banque.santé.capital@banque.santé.capital.bj,banquesantécapital.bj,PME (50-200),B2B,Facebook Pages,,Actif,2026-06-29T00:15:34.237497,haute
BJ-BDAD5B3A,National Capital Boukoumbé,Finance & Assurance,Boukoumbé,+229 74 66 20 21,national.capital.boukoumbé@national.capital.boukoumbé.bj,nationalcapitalboukoumbé.bj,PME (10-50),B2B,Facebook Pages,,Actif,2026-06-29T00:15:34.237530,haute
BJ-BF1C0C6A,Banque Protection Groupe,Finance & Assurance,Boukoumbé,+229 67 46 32 80,banque.protection.groupe@banque.protection.groupe.net,banqueprotectiongroupe.bj,TPE (<10),B2B,Facebook Pages,,Actif,2026-06-29T00:15:34.237568,haute
BJ-92F00225,Épargne Invest,Finance & Assurance,Boukoumbé,+229 77 58 53 24,épargne.invest@épargne.invest.bj,épargneinvest.bj,TPE (<10),B2C,Facebook Pages,,Actif,2026-06-29T00:15:34.237580,haute
BJ-58AB534B,Finance Africa,Finance & Assurance,Kouandé,+229 40 89 22 43,finance.africa@finance.africa.com,,TPE (<10),B2B,Facebook Pages,,Actif,2026-06-29T00:15:34.237602,moyenne
BJ-2F4D6E2D,Auto Groupe Kouandé,Finance & Assurance,Kouandé,+229 36 25 50 37,,autogroupekouandé.bj,TPE (<10),B2B,Facebook Pages,,Actif,2026-06-29T00:15:34.237617,moyenne
BJ-510ABAE9,Capital,Finance & Assurance,Kouandé,+229 72 39 43 25,capital@capital.com,,TPE (<10),B2B,Facebook Pages,,Actif,2026-06-29T00:15:34.237629,moyenne
BJ-64111CB0,Société Bénin,Finance & Assurance,Kouandé,+229 71 39 42 37,société.bénin@société.bénin.net,,PME (10-50),B2B,Facebook Pages,,Actif,2026-06-29T00:15:34.237643,moyenne
BJ-D5DA4313,Banque Auto Assurances Kouandé,Finance & Assurance,Kouandé,+229 33 45 85 61,banque.auto.assurances.kouandé@banque.auto.assurances.kouandé.com,banqueautoassuranceskouandé.bj,Grande (>200),B2B,Facebook Pages,,Actif,2026-06-29T00:15:34.237656,haute
BJ-C929649A,Vie Bank,Finance & Assurance,Péhunco,+229 90 48 34 80,vie.bank@vie.bank.bj,viebank.bj,Grande (>200),B2C,Facebook Pages,,Actif,2026-06-29T00:15:34.237674,haute
BJ-40481ADA,Banque Vie Groupe,Finance & Assurance,Péhunco,+229 83 51 87 91,banque.vie.groupe@banque.vie.groupe.benin,,PME (10-50),B2B,Facebook Pages,,Actif,2026-06-29T00:15:34.237686,moyenne
BJ-0FC1E7DA,Banque Sécurité SARL,Finance & Assurance,Péhunco,+229 91 25 62 24,,banquesécuritésarl.bj,Grande (>200),B2C,Facebook Pages,,Actif,2026-06-29T00:15:34.237697,moyenne
BJ-D66D3D64,Finance Bénin Invest,Finance & Assurance,Péhunco,+229 34 34 61 80,finance.bénin.invest@finance.bénin.invest.benin,financebénininvest.bj,PME (50-200),B2C,Facebook Pages,,Actif,2026-06-29T00:15:34.237709,haute
BJ-F67A3DAE,Assurance National Assurances,Finance & Assurance,Péhunco,+229 25 49 42 97,,assurancenationalassurances.bj,TPE (<10),B2B,Facebook Pages,,Actif,2026-06-29T00:15:34.237720,moyenne
BJ-29E2DB2D,Banque West Tchaourou,Finance & Assurance,Tchaourou,+229 52 46 39 16,banque.west.tchaourou@banque.west.tchaourou.benin,,PME (10-50),B2C,Facebook Pages,,Actif,2026-06-29T00:15:34.237737,moyenne
BJ-2309C743,Santé International,Finance & Assurance,Tchaourou,+229 79 22 52 66,santé.international@santé.international.net,santéinternational.bj,TPE (<10),B2C,Facebook Pages,,Actif,2026-06-29T00:15:34.237765,haute
BJ-04F89FF6,Société Santé,Finance & Assurance,Tchaourou,+229 68 72 35 81,,sociétésanté.bj,TPE (<10),B2C,Facebook Pages,,Actif,2026-06-29T00:15:34.237776,moyenne
BJ-447F2FF4,Africa Tchaourou,Finance & Assurance,Tchaourou,+229 77 66 85 17,africa.tchaourou@africa.tchaourou.bj,africatchaourou.bj,PME (10-50),B2B,Facebook Pages,,Actif,2026-06-29T00:15:34.237792,haute
BJ-B0AA513C,West,Finance & Assurance,Nikki,+229 62 24 17 83,west@west.net,west.bj,TPE (<10),B2B,Facebook Pages,,Actif,2026-06-29T00:15:34.237809,haute
BJ-35588B41,Finance Capital Nikki,Finance & Assurance,Nikki,+229 44 10 80 60,finance.capital.nikki@finance.capital.nikki.bj,financecapitalnikki.bj,TPE (<10),B2B,Facebook Pages,,Actif,2026-06-29T00:15:34.237832,haute
BJ-7993A004,Société Sécurité,Finance & Assurance,Nikki,+229 49 11 55 72,,sociétésécurité.bj,Grande (>200),B2B,Facebook Pages,,Actif,2026-06-29T00:15:34.237843,moyenne
BJ-DDCAE8F9,Société Épargne International Nikki,Finance & Assurance,Nikki,+229 41 11 17 20,société.épargne.international.nikki@société.épargne.international.nikki.benin,,TPE (<10),B2B,Facebook Pages,,Actif,2026-06-29T00:15:34.237855,moyenne
BJ-024EF316,Sécurité International,Finance & Assurance,Bembéréké,+229 57 28 96 68,,sécuritéinternational.bj,TPE (<10),B2C,Facebook Pages,,Actif,2026-06-29T00:15:34.237872,moyenne
BJ-8E03F693,Africa Groupe,Finance & Assurance,Bembéréké,+229 53 31 61 15,africa.groupe@africa.groupe.com,africagroupe.bj,PME (10-50),B2C,Facebook Pages,,Actif,2026-06-29T00:15:34.237887,haute
BJ-D2BDB668,West SARL,Finance & Assurance,Bembéréké,+229 79 76 35 53,,westsarl.bj,PME (50-200),B2C,Facebook Pages,,Actif,2026-06-29T00:15:34.237922,moyenne
BJ-687DB43F,Assurance SARL,Finance & Assurance,Bembéréké,+229 30 14 23 74,assurance.sarl@assurance.sarl.benin,,PME (10-50),B2C,Facebook Pages,,Actif,2026-06-29T00:15:34.237933,moyenne
BJ-D1D75C08,Cabinet Investissement Finance Kalalé,Finance & Assurance,Kalalé,+229 99 66 93 13,cabinet.investissement.finance.kalalé@cabinet.investissement.finance.kalalé.com,cabinetinvestissementfinancekalalé.bj,PME (50-200),B2B,Facebook Pages,,Actif,2026-06-29T00:15:34.237953,haute
BJ-90848751,Assurance Assurances,Finance & Assurance,Kalalé,+229 97 42 83 11,assurance.assurances@assurance.assurances.net,,TPE (<10),B2B,Facebook Pages,,Actif,2026-06-29T00:15:34.237976,moyenne
BJ-70F37E11,Banque Assurance,Finance & Assurance,Kalalé,+229 86 27 50 97,banque.assurance@banque.assurance.org,banqueassurance.bj,PME (50-200),B2B,Facebook Pages,,Actif,2026-06-29T00:15:34.238004,haute
BJ-F0A0F9FC,Société Africa Groupe,Finance & Assurance,Ndali,+229 81 14 65 83,société.africa.groupe@société.africa.groupe.net,,PME (10-50),B2B,Facebook Pages,,Actif,2026-06-29T00:15:34.238026,moyenne
BJ-FEFE8950,Protection,Finance & Assurance,Ndali,+229 99 16 62 42,protection@protection.bj,protection.bj,TPE (<10),B2B,Facebook Pages,,Actif,2026-06-29T00:15:34.238041,haute
BJ-C979A100,Épargne Invest,Finance & Assurance,Ndali,+229 27 64 51 57,épargne.invest@épargne.invest.bj,épargneinvest.bj,TPE (<10),B2C,Facebook Pages,,Actif,2026-06-29T00:15:34.238054,haute
BJ-F5597FAA,Capital Capital Ndali,Finance & Assurance,Ndali,+229 66 31 69 49,,capitalcapitalndali.bj,PME (10-50),B2B,Facebook Pages,,Actif,2026-06-29T00:15:34.238076,moyenne
BJ-3BAF4C9C,Banque Crédit Assurances,Finance & Assurance,Ségbana,+229 83 61 51 16,,banquecréditassurances.bj,TPE (<10),B2B,Facebook Pages,,Actif,2026-06-29T00:15:34.238094,moyenne
BJ-EEBF1BB6,Banque Assurance Invest,Finance & Assurance,Ségbana,+229 36 44 90 51,banque.assurance.invest@banque.assurance.invest.bj,banqueassuranceinvest.bj,PME (50-200),B2C,Facebook Pages,,Actif,2026-06-29T00:15:34.238106,haute
BJ-82F3C3E9,Africa Bank,Finance & Assurance,Ségbana,+229 98 83 26 77,africa.bank@africa.bank.benin,,TPE (<10),B2C,Facebook Pages,,Actif,2026-06-29T00:15:34.238117,moyenne
BJ-E0A9959E,Protection SA,Finance & Assurance,Ségbana,+229 34 38 69 30,protection.sa@protection.sa.benin,,PME (50-200),B2C,Facebook Pages,,Actif,2026-06-29T00:15:34.238128,moyenne
BJ-F7937177,Finance Vie Ségbana,Finance & Assurance,Ségbana,+229 68 31 45 48,finance.vie.ségbana@finance.vie.ségbana.com,financevieségbana.bj,TPE (<10),B2C,Facebook Pages,,Actif,2026-06-29T00:15:34.238141,haute
BJ-296CAC28,Cabinet International,Finance & Assurance,Tchaourou,+229 89 42 77 69,cabinet.international@cabinet.international.benin,cabinetinternational.bj,PME (10-50),B2C,Facebook Pages,,Actif,2026-06-29T00:15:34.238158,haute
BJ-A4844C10,Finance Crédit Tchaourou,Finance & Assurance,Tchaourou,+229 35 16 85 92,finance.crédit.tchaourou@finance.crédit.tchaourou.bj,financecrédittchaourou.bj,Grande (>200),B2B,Facebook Pages,,Actif,2026-06-29T00:15:34.238174,haute
BJ-DB5DC841,International Finance,Finance & Assurance,Tchaourou,+229 97 72 29 11,international.finance@international.finance.bj,,PME (10-50),B2C,Facebook Pages,,Actif,2026-06-29T00:15:34.238186,moyenne
BJ-718F2234,International Assurances Tchaourou,Finance & Assurance,Tchaourou,+229 25 14 55 73,international.assurances.tchaourou@international.assurances.tchaourou.org,,TPE (<10),B2C,Facebook Pages,,Actif,2026-06-29T00:15:34.238211,moyenne
BJ-0D8B6192,Assurance Bénin Bank,Finance & Assurance,Bétérou,+229 39 74 60 68,,assurancebéninbank.bj,PME (10-50),B2B,Facebook Pages,,Actif,2026-06-29T00:15:34.238228,moyenne
BJ-692A242A,Groupe Protection Bétérou,Finance & Assurance,Bétérou,+229 85 15 56 46,groupe.protection.bétérou@groupe.protection.bétérou.benin,,TPE (<10),B2B,Facebook Pages,,Actif,2026-06-29T00:15:34.238241,moyenne
BJ-C6EF56F6,Sécurité SA,Finance & Assurance,Bétérou,+229 88 34 76 96,,sécuritésa.bj,PME (10-50),B2C,Facebook Pages,,Actif,2026-06-29T00:15:34.238252,moyenne
BJ-5285A0A5,Cabinet Protection,Finance & Assurance,Bétérou,+229 69 39 30 50,,cabinetprotection.bj,PME (10-50),B2B,Facebook Pages,,Actif,2026-06-29T00:15:34.238263,moyenne
BJ-7D43566A,Crédit Invest Ouessè,Finance & Assurance,Ouessè,+229 36 92 54 87,crédit.invest.ouessè@crédit.invest.ouessè.benin,,PME (10-50),B2B,Facebook Pages,,Actif,2026-06-29T00:15:34.238290,moyenne
BJ-9C8FE698,Assurance Bénin Ouessè,Finance & Assurance,Ouessè,+229 41 22 72 54,assurance.bénin.ouessè@assurance.bénin.ouessè.net,assurancebéninouessè.bj,TPE (<10),B2B,Facebook Pages,,Actif,2026-06-29T00:15:34.238319,haute
BJ-FED323EA,Banque Africa Ouessè,Finance & Assurance,Ouessè,+229 32 80 40 36,banque.africa.ouessè@banque.africa.ouessè.com,banqueafricaouessè.bj,PME (10-50),B2B,Facebook Pages,,Actif,2026-06-29T00:15:34.238331,haute
BJ-9F8D5AEA,Société Crédit Glazoué,Finance & Assurance,Glazoué,+229 92 44 83 17,société.crédit.glazoué@société.crédit.glazoué.com,sociétécréditglazoué.bj,PME (10-50),B2B,Facebook Pages,,Actif,2026-06-29T00:15:34.238365,haute
BJ-9DD27843,Banque Bénin,Finance & Assurance,Glazoué,+229 86 38 54 19,banque.bénin@banque.bénin.org,banquebénin.bj,TPE (<10),B2B,Facebook Pages,,Actif,2026-06-29T00:15:34.238377,haute
BJ-E7D0B0B4,Assurance Investissement Bank,Finance & Assurance,Glazoué,+229 62 46 34 56,assurance.investissement.bank@assurance.investissement.bank.com,assuranceinvestissementbank.bj,TPE (<10),B2B,Facebook Pages,,Actif,2026-06-29T00:15:34.238389,haute
BJ-B0CC7702,Finance Bénin SA,Finance & Assurance,Glazoué,+229 77 79 87 45,finance.bénin.sa@finance.bénin.sa.com,financebéninsa.bj,PME (10-50),B2B,Facebook Pages,,Actif,2026-06-29T00:15:34.238402,haute
BJ-5C82743B,Assurance Glazoué,Finance & Assurance,Glazoué,+229 68 89 19 97,assurance.glazoué@assurance.glazoué.net,,PME (10-50),B2C,Facebook Pages,,Actif,2026-06-29T00:15:34.238417,moyenne
BJ-4D2967A8,Finance Assurance Capital,Finance & Assurance,Dassa-Zoumè,+229 23 10 68 54,finance.assurance.capital@finance.assurance.capital.com,financeassurancecapital.bj,PME (50-200),B2C,Facebook Pages,,Actif,2026-06-29T00:15:34.238434,haute
BJ-776BFCB6,West,Finance & Assurance,Dassa-Zoumè,+229 68 37 24 69,west@west.net,west.bj,Grande (>200),B2B,Facebook Pages,,Actif,2026-06-29T00:15:34.238449,haute
BJ-84C54FAA,Finance Assurance,Finance & Assurance,Dassa-Zoumè,+229 90 69 85 83,finance.assurance@finance.assurance.org,,TPE (<10),B2B,Facebook Pages,,Actif,2026-06-29T00:15:34.238464,moyenne
BJ-E3881790,Vie Assurances,Finance & Assurance,Dassa-Zoumè,+229 95 14 57 87,vie.assurances@vie.assurances.org,,TPE (<10),B2C,Facebook Pages,,Actif,2026-06-29T00:15:34.238476,moyenne
BJ-9D3067D8,Cabinet Santé,Finance & Assurance,Dassa-Zoumè,+229 41 97 72 86,cabinet.santé@cabinet.santé.benin,cabinetsanté.bj,TPE (<10),B2B,Facebook Pages,,Actif,2026-06-29T00:15:34.238488,haute
BJ-98EF0159,Banque Assurance,Finance & Assurance,Savalou,+229 55 68 78 92,,,TPE (<10),B2B,Facebook Pages,,Actif,2026-06-29T00:15:34.238517,basse
BJ-A076F407,Banque Capital SA,Finance & Assurance,Savalou,+229 21 35 58 48,banque.capital.sa@banque.capital.sa.bj,banquecapitalsa.bj,PME (10-50),B2B,Facebook Pages,,Actif,2026-06-29T00:15:34.238530,haute
BJ-AC1583C3,Épargne,Finance & Assurance,Savalou,+229 40 88 51 62,épargne@épargne.benin,épargne.bj,PME (10-50),B2C,Facebook Pages,,Actif,2026-06-29T00:15:34.238541,haute
BJ-5EF0932D,Groupe Protection Bank,Finance & Assurance,Savalou,+229 47 69 98 89,groupe.protection.bank@groupe.protection.bank.bj,groupeprotectionbank.bj,PME (10-50),B2C,Facebook Pages,,Actif,2026-06-29T00:15:34.238553,haute
BJ-D7E92CCB,Banque Africa,Finance & Assurance,Bantè,+229 68 77 24 78,,banqueafrica.bj,PME (50-200),B2C,Facebook Pages,,Actif,2026-06-29T00:15:34.238569,moyenne
BJ-CED14B11,Protection,Finance & Assurance,Bantè,+229 56 38 52 12,protection@protection.com,,TPE (<10),B2B,Facebook Pages,,Actif,2026-06-29T00:15:34.238596,moyenne
BJ-026C5C68,Société Vie,Finance & Assurance,Bantè,+229 26 39 20 59,société.vie@société.vie.com,sociétévie.bj,Grande (>200),B2B,Facebook Pages,,Actif,2026-06-29T00:15:34.238608,haute
BJ-2B78426A,Banque West,Finance & Assurance,Bantè,+229 23 24 33 75,,banquewest.bj,TPE (<10),B2C,Facebook Pages,,Actif,2026-06-29T00:15:34.238619,moyenne
BJ-D6BA5543,Bénin Groupe,Finance & Assurance,Djougou,+229 22 50 79 97,bénin.groupe@bénin.groupe.com,,PME (10-50),B2B,Facebook Pages,,Actif,2026-06-29T00:15:34.238643,moyenne
BJ-0061B2BD,Assurance,Finance & Assurance,Djougou,+229 34 95 29 15,assurance@assurance.net,,TPE (<10),B2C,Facebook Pages,,Actif,2026-06-29T00:15:34.238655,moyenne
BJ-0870290F,Crédit,Finance & Assurance,Djougou,+229 76 16 35 23,crédit@crédit.org,,TPE (<10),B2B,Facebook Pages,,Actif,2026-06-29T00:15:34.238667,moyenne
BJ-F4638ABF,Crédit SA Djougou,Finance & Assurance,Djougou,+229 45 49 12 75,crédit.sa.djougou@crédit.sa.djougou.bj,,TPE (<10),B2C,Facebook Pages,,Actif,2026-06-29T00:15:34.238698,moyenne
BJ-083821E9,Assurance Sécurité,Finance & Assurance,Ouèssè,+229 42 22 24 34,assurance.sécurité@assurance.sécurité.benin,assurancesécurité.bj,PME (10-50),B2B,Facebook Pages,,Actif,2026-06-29T00:15:34.238717,haute
BJ-9615B822,International Groupe,Finance & Assurance,Ouèssè,+229 97 51 77 85,international.groupe@international.groupe.net,internationalgroupe.bj,PME (10-50),B2B,Facebook Pages,,Actif,2026-06-29T00:15:34.238732,haute
BJ-67E8D2C0,Bénin SARL Ouèssè,Finance & Assurance,Ouèssè,+229 37 53 89 70,,,PME (50-200),B2C,Facebook Pages,,Actif,2026-06-29T00:15:34.238755,basse
BJ-CD07874B,Protection,Finance & Assurance,Ouèssè,+229 75 78 59 67,protection@protection.net,protection.bj,PME (50-200),B2B,Facebook Pages,,Actif,2026-06-29T00:15:34.238766,haute
BJ-FE1CEC41,Auto SA Bassila,Finance & Assurance,Bassila,+229 26 43 85 13,auto.sa.bassila@auto.sa.bassila.benin,autosabassila.bj,PME (10-50),B2C,Facebook Pages,,Actif,2026-06-29T00:15:34.238784,haute
BJ-E937D2BA,International Bassila,Finance & Assurance,Bassila,+229 30 11 20 44,international.bassila@international.bassila.bj,,TPE (<10),B2B,Facebook Pages,,Actif,2026-06-29T00:15:34.238807,moyenne
BJ-C71F08E5,Crédit SA,Finance & Assurance,Bassila,+229 63 61 16 91,,créditsa.bj,TPE (<10),B2B,Facebook Pages,,Actif,2026-06-29T00:15:34.238818,moyenne
BJ-5C0D6A49,Cabinet Africa SA,Finance & Assurance,Bassila,+229 85 45 41 66,,cabinetafricasa.bj,TPE (<10),B2B,Facebook Pages,,Actif,2026-06-29T00:15:34.238829,moyenne
BJ-8BB345E8,Assurance Bank,Finance & Assurance,Pehunco,+229 63 19 93 21,assurance.bank@assurance.bank.org,assurancebank.bj,PME (10-50),B2C,Facebook Pages,,Actif,2026-06-29T00:15:34.238862,haute
BJ-C4BCE313,Société Capital Capital Pehunco,Finance & Assurance,Pehunco,+229 51 96 73 58,société.capital.capital.pehunco@société.capital.capital.pehunco.net,,PME (10-50),B2C,Facebook Pages,,Actif,2026-06-29T00:15:34.238875,moyenne
BJ-CBD45AC9,Société Sécurité,Finance & Assurance,Pehunco,+229 91 67 27 42,société.sécurité@société.sécurité.net,sociétésécurité.bj,PME (50-200),B2C,Facebook Pages,,Actif,2026-06-29T00:15:34.238888,haute
BJ-0BF5403E,Société Auto Capital,Finance & Assurance,Pehunco,+229 53 41 74 61,,sociétéautocapital.bj,TPE (<10),B2B,Facebook Pages,,Actif,2026-06-29T00:15:34.238915,moyenne
BJ-ADD31BB5,Cabinet National,Finance & Assurance,Copargo,+229 56 44 33 22,cabinet.national@cabinet.national.net,cabinetnational.bj,TPE (<10),B2C,Facebook Pages,,Actif,2026-06-29T00:15:34.238933,haute
BJ-C4456C54,Groupe Auto Copargo,Finance & Assurance,Copargo,+229 82 98 43 98,groupe.auto.copargo@groupe.auto.copargo.bj,groupeautocopargo.bj,TPE (<10),B2C,Facebook Pages,,Actif,2026-06-29T00:15:34.238957,haute
BJ-F11F9F1D,Assurance,Finance & Assurance,Copargo,+229 87 69 68 43,assurance@assurance.net,assurance.bj,PME (10-50),B2C,Facebook Pages,,Actif,2026-06-29T00:15:34.238968,haute
BJ-EC8B6FE6,Africa Invest,Finance & Assurance,Copargo,+229 55 47 99 74,africa.invest@africa.invest.benin,,PME (50-200),B2B,Facebook Pages,,Actif,2026-06-29T00:15:34.238979,moyenne
BJ-CD2499BB,SARL Déménagement Cotonou,Transport & Logistique,Cotonou,+229 89 50 51 68,sarl.déménagement.cotonou@sarl.déménagement.cotonou.net,sarldéménagementcotonou.bj,TPE (<10),B2B,Facebook Pages,,Actif,2026-06-29T00:15:34.239002,haute
BJ-0186EECE,Route,Transport & Logistique,Cotonou,+229 42 42 48 70,,,TPE (<10),B2C,Facebook Pages,,Actif,2026-06-29T00:15:34.239016,basse
BJ-AF656269,Transit Delivery,Transport & Logistique,Cotonou,+229 49 76 20 56,transit.delivery@transit.delivery.benin,transitdelivery.bj,PME (10-50),B2C,Facebook Pages,,Actif,2026-06-29T00:15:34.239029,haute
BJ-1B24F049,Logistique Transit,Transport & Logistique,Cotonou,+229 68 76 35 73,logistique.transit@logistique.transit.bj,logistiquetransit.bj,TPE (<10),B2B,Facebook Pages,,Actif,2026-06-29T00:15:34.239040,haute
BJ-1659253B,Groupe Messagerie SARL Cotonou,Transport & Logistique,Cotonou,+229 90 39 85 80,groupe.messagerie.sarl.cotonou@groupe.messagerie.sarl.cotonou.org,groupemessageriesarlcotonou.bj,PME (10-50),B2C,Facebook Pages,,Actif,2026-06-29T00:15:34.239052,haute
BJ-FD628BB8,Rapide Express,Transport & Logistique,Abomey-Calavi,+229 86 29 51 68,,,TPE (<10),B2B,Facebook Pages,,Actif,2026-06-29T00:15:34.239068,basse
BJ-B14A4721,Messagerie Delivery,Transport & Logistique,Abomey-Calavi,+229 55 43 87 48,,messageriedelivery.bj,TPE (<10),B2C,Facebook Pages,,Actif,2026-06-29T00:15:34.239090,moyenne
BJ-E121B636,Transport Livraison,Transport & Logistique,Abomey-Calavi,+229 65 75 47 93,transport.livraison@transport.livraison.org,,PME (50-200),B2C,Facebook Pages,,Actif,2026-06-29T00:15:34.239104,moyenne
BJ-D34C94C6,Logistique Rapide,Transport & Logistique,Abomey-Calavi,+229 89 22 40 20,,,PME (10-50),B2B,Facebook Pages,,Actif,2026-06-29T00:15:34.239115,basse
BJ-193C4352,Fret Express,Transport & Logistique,Porto-Novo,+229 74 34 90 64,fret.express@fret.express.com,fretexpress.bj,PME (50-200),B2B,Facebook Pages,,Actif,2026-06-29T00:15:34.239147,haute
BJ-ABC3E9B9,Courrier,Transport & Logistique,Porto-Novo,+229 86 68 10 49,courrier@courrier.com,,TPE (<10),B2B,Facebook Pages,,Actif,2026-06-29T00:15:34.239158,moyenne
BJ-D4E1F29E,Express Distribution,Transport & Logistique,Porto-Novo,+229 75 22 18 24,express.distribution@express.distribution.bj,,PME (10-50),B2C,Facebook Pages,,Actif,2026-06-29T00:15:34.239170,moyenne
BJ-B80465EB,SARL Transit Delivery,Transport & Logistique,Parakou,+229 76 48 43 41,,sarltransitdelivery.bj,TPE (<10),B2C,Facebook Pages,,Actif,2026-06-29T00:15:34.239197,moyenne
BJ-42D0517E,SARL Fret Transport,Transport & Logistique,Parakou,+229 88 56 72 43,sarl.fret.transport@sarl.fret.transport.benin,,Grande (>200),B2B,Facebook Pages,,Actif,2026-06-29T00:15:34.239208,moyenne
BJ-893F6477,Express Maritime International Parakou,Transport & Logistique,Parakou,+229 62 65 40 49,,,PME (10-50),B2C,Facebook Pages,,Actif,2026-06-29T00:15:34.239219,basse
BJ-D1108B7B,Express Messagerie Transport Parakou,Transport & Logistique,Parakou,+229 88 31 77 91,express.messagerie.transport.parakou@express.messagerie.transport.parakou.net,,PME (10-50),B2B,Facebook Pages,,Actif,2026-06-29T00:15:34.239230,moyenne
BJ-A7CE2347,Logistique Route,Transport & Logistique,Parakou,+229 74 82 49 38,logistique.route@logistique.route.net,logistiqueroute.bj,PME (50-200),B2C,Facebook Pages,,Actif,2026-06-29T00:15:34.239242,haute
BJ-C4BE6B79,Groupe Maritime Express,Transport & Logistique,Bohicon,+229 47 15 77 95,groupe.maritime.express@groupe.maritime.express.net,,TPE (<10),B2C,Facebook Pages,,Actif,2026-06-29T00:15:34.239258,moyenne
BJ-E9FF2E10,Groupe Route Bohicon,Transport & Logistique,Bohicon,+229 90 88 88 20,groupe.route.bohicon@groupe.route.bohicon.bj,,PME (10-50),B2B,Facebook Pages,,Actif,2026-06-29T00:15:34.239272,moyenne
BJ-129E02FE,SARL Fret Logistique,Transport & Logistique,Bohicon,+229 57 41 60 39,sarl.fret.logistique@sarl.fret.logistique.net,sarlfretlogistique.bj,Grande (>200),B2C,Facebook Pages,,Actif,2026-06-29T00:15:34.239287,haute
BJ-0AFD26E2,Cargo Bénin,Transport & Logistique,Bohicon,+229 49 29 63 39,,cargobénin.bj,PME (50-200),B2B,Facebook Pages,,Actif,2026-06-29T00:15:34.239299,moyenne
BJ-12D1C2D3,SARL Rapide,Transport & Logistique,Bohicon,+229 20 96 51 97,,sarlrapide.bj,PME (10-50),B2B,Facebook Pages,,Actif,2026-06-29T00:15:34.239310,moyenne
BJ-F9D91E98,Route SARL,Transport & Logistique,Natitingou,+229 64 27 18 66,,,TPE (<10),B2B,Facebook Pages,,Actif,2026-06-29T00:15:34.239347,basse
BJ-3DD2799C,Courrier,Transport & Logistique,Natitingou,+229 40 80 34 50,,courrier.bj,PME (50-200),B2C,Facebook Pages,,Actif,2026-06-29T00:15:34.239390,moyenne
BJ-40EF513E,Cargo Bénin,Transport & Logistique,Natitingou,+229 63 69 94 66,cargo.bénin@cargo.bénin.com,,PME (10-50),B2B,Facebook Pages,,Actif,2026-06-29T00:15:34.239403,moyenne
BJ-7DC40DC9,Distribution Natitingou,Transport & Logistique,Natitingou,+229 27 43 30 93,,distributionnatitingou.bj,PME (10-50),B2B,Facebook Pages,,Actif,2026-06-29T00:15:34.239416,moyenne
BJ-EFCC659B,Transport Transit,Transport & Logistique,Lokossa,+229 34 52 17 65,transport.transit@transport.transit.bj,,TPE (<10),B2C,Facebook Pages,,Actif,2026-06-29T00:15:34.239436,moyenne
BJ-FDCE6216,Rapide Déménagement International,Transport & Logistique,Lokossa,+229 72 66 29 15,rapide.déménagement.international@rapide.déménagement.international.org,,PME (10-50),B2C,Facebook Pages,,Actif,2026-06-29T00:15:34.239467,moyenne
BJ-F1165ADD,Aérien,Transport & Logistique,Lokossa,+229 60 44 39 33,,aérien.bj,TPE (<10),B2C,Facebook Pages,,Actif,2026-06-29T00:15:34.239482,moyenne
BJ-38BBF877,Express Maritime,Transport & Logistique,Lokossa,+229 69 36 42 77,,,PME (50-200),B2C,Facebook Pages,,Actif,2026-06-29T00:15:34.239493,basse
BJ-E65396C5,Déménagement,Transport & Logistique,Ouidah,+229 33 13 73 88,,déménagement.bj,Grande (>200),B2B,Facebook Pages,,Actif,2026-06-29T00:15:34.239511,moyenne
BJ-D7549956,Express,Transport & Logistique,Ouidah,+229 35 80 56 84,,,TPE (<10),B2C,Facebook Pages,,Actif,2026-06-29T00:15:34.239521,basse
BJ-EE30EE2C,SARL Déménagement Logistique,Transport & Logistique,Ouidah,+229 78 45 67 31,,sarldéménagementlogistique.bj,PME (10-50),B2B,Facebook Pages,,Actif,2026-06-29T00:15:34.239534,moyenne
BJ-3F47B080,Distribution,Transport & Logistique,Ouidah,+229 94 78 86 10,,,TPE (<10),B2B,Facebook Pages,,Actif,2026-06-29T00:15:34.239545,basse
BJ-E5374AAB,Urgent SARL,Transport & Logistique,Savalou,+229 61 96 51 14,urgent.sarl@urgent.sarl.benin,,PME (10-50),B2C,Facebook Pages,,Actif,2026-06-29T00:15:34.239579,moyenne
BJ-9C63989E,Messagerie,Transport & Logistique,Savalou,+229 23 26 25 47,,,PME (50-200),B2C,Facebook Pages,,Actif,2026-06-29T00:15:34.239593,basse
BJ-452A8D7F,Rapide Messagerie Bénin Savalou,Transport & Logistique,Savalou,+229 82 41 39 17,,rapidemessageriebéninsavalou.bj,PME (10-50),B2B,Facebook Pages,,Actif,2026-06-29T00:15:34.239606,moyenne
BJ-F8C2F497,Rapide Africa Savalou,Transport & Logistique,Savalou,+229 44 40 51 26,,,TPE (<10),B2B,Facebook Pages,,Actif,2026-06-29T00:15:34.239616,basse
BJ-B731B87D,Fret Bénin,Transport & Logistique,Savalou,+229 25 78 16 56,fret.bénin@fret.bénin.net,,PME (50-200),B2B,Facebook Pages,,Actif,2026-06-29T00:15:34.239628,moyenne
BJ-ABF68D52,Messagerie SARL,Transport & Logistique,Dassa-Zoumè,+229 93 16 65 88,,,PME (50-200),B2C,Facebook Pages,,Actif,2026-06-29T00:15:34.239644,basse
BJ-118BF7B3,Route,Transport & Logistique,Dassa-Zoumè,+229 99 84 72 31,,,TPE (<10),B2C,Facebook Pages,,Actif,2026-06-29T00:15:34.239655,basse
BJ-54EDB286,Logistique Courrier Logistique,Transport & Logistique,Dassa-Zoumè,+229 30 45 28 41,logistique.courrier.logistique@logistique.courrier.logistique.benin,,PME (10-50),B2C,Facebook Pages,,Actif,2026-06-29T00:15:34.239667,moyenne
BJ-7942B2A9,Transport Express Dassa-Zoumè,Transport & Logistique,Dassa-Zoumè,+229 31 25 24 55,transport.express.dassazoumè@transport.express.dassazoumè.org,transportexpressdassazoumè.bj,PME (10-50),B2B,Facebook Pages,,Actif,2026-06-29T00:15:34.239681,haute
BJ-7BFFFF49,Groupe Express Express,Transport & Logistique,Kétou,+229 59 36 13 93,groupe.express.express@groupe.express.express.benin,,PME (10-50),B2B,Facebook Pages,,Actif,2026-06-29T00:15:34.239709,moyenne
BJ-A1BBCDB0,Transport Transit Delivery,Transport & Logistique,Kétou,+229 85 84 98 35,,,PME (50-200),B2B,Facebook Pages,,Actif,2026-06-29T00:15:34.239723,basse
BJ-3B61CD40,Rapide Logistique Kétou,Transport & Logistique,Kétou,+229 64 69 88 54,rapide.logistique.kétou@rapide.logistique.kétou.bj,,PME (50-200),B2C,Facebook Pages,,Actif,2026-06-29T00:15:34.239736,moyenne
BJ-E259B0A0,Express Livraison,Transport & Logistique,Kétou,+229 51 27 40 73,express.livraison@express.livraison.net,,PME (10-50),B2B,Facebook Pages,,Actif,2026-06-29T00:15:34.239747,moyenne
BJ-E9A17A46,Urgent,Transport & Logistique,Kétou,+229 56 19 30 48,urgent@urgent.org,urgent.bj,TPE (<10),B2C,Facebook Pages,,Actif,2026-06-29T00:15:34.239758,haute
BJ-C3EFC755,Logistique Messagerie Logistique Covè,Transport & Logistique,Covè,+229 34 59 82 54,,logistiquemessagerielogistiquecovè.bj,PME (50-200),B2B,Facebook Pages,,Actif,2026-06-29T00:15:34.239777,moyenne
BJ-A5D139E4,Urgent,Transport & Logistique,Covè,+229 32 91 14 84,urgent@urgent.bj,urgent.bj,PME (10-50),B2B,Facebook Pages,,Actif,2026-06-29T00:15:34.239804,haute
BJ-CE25CABF,Urgent Transport,Transport & Logistique,Covè,+229 85 37 91 91,,,PME (50-200),B2C,Facebook Pages,,Actif,2026-06-29T00:15:34.239815,basse
BJ-96C5F753,SARL Fret Delivery,Transport & Logistique,Covè,+229 80 93 37 72,,,TPE (<10),B2C,Facebook Pages,,Actif,2026-06-29T00:15:34.239825,basse
BJ-7FC22C43,Rapide Express Pobè,Transport & Logistique,Pobè,+229 58 52 72 56,rapide.express.pobè@rapide.express.pobè.bj,rapideexpresspobè.bj,PME (10-50),B2B,Facebook Pages,,Actif,2026-06-29T00:15:34.239845,haute
BJ-3E387EBD,Rapide Aérien,Transport & Logistique,Pobè,+229 98 53 49 82,rapide.aérien@rapide.aérien.benin,,TPE (<10),B2B,Facebook Pages,,Actif,2026-06-29T00:15:34.239862,moyenne
BJ-F74CB996,Logistique Fret,Transport & Logistique,Pobè,+229 92 45 64 47,logistique.fret@logistique.fret.net,logistiquefret.bj,PME (10-50),B2B,Facebook Pages,,Actif,2026-06-29T00:15:34.239876,haute
BJ-672B6523,Cargo Transport Pobè,Transport & Logistique,Pobè,+229 93 46 17 72,cargo.transport.pobè@cargo.transport.pobè.net,cargotransportpobè.bj,TPE (<10),B2B,Facebook Pages,,Actif,2026-06-29T00:15:34.239903,haute
BJ-4301964F,Express Transit,Transport & Logistique,Pobè,+229 45 80 24 14,express.transit@express.transit.bj,expresstransit.bj,PME (10-50),B2C,Facebook Pages,,Actif,2026-06-29T00:15:34.239938,haute
BJ-BC8C05A8,Livraison Express,Transport & Logistique,Sakété,+229 83 79 89 22,livraison.express@livraison.express.bj,,TPE (<10),B2B,Facebook Pages,,Actif,2026-06-29T00:15:34.239975,moyenne
BJ-F9D4C031,SARL Courrier,Transport & Logistique,Sakété,+229 54 62 22 57,sarl.courrier@sarl.courrier.com,sarlcourrier.bj,PME (50-200),B2C,Facebook Pages,,Actif,2026-06-29T00:15:34.240003,haute
BJ-B23610E2,Urgent Delivery,Transport & Logistique,Sakété,+229 20 90 21 33,urgent.delivery@urgent.delivery.net,,TPE (<10),B2C,Facebook Pages,,Actif,2026-06-29T00:15:34.240029,moyenne
BJ-BD9B0CBB,Aérien,Transport & Logistique,Sakété,+229 37 67 17 26,aérien@aérien.com,aérien.bj,TPE (<10),B2B,Facebook Pages,,Actif,2026-06-29T00:15:34.240057,haute
BJ-D68C96B3,Transport Route Africa,Transport & Logistique,Adjara,+229 37 94 24 89,transport.route.africa@transport.route.africa.bj,,TPE (<10),B2B,Facebook Pages,,Actif,2026-06-29T00:15:34.240124,moyenne
BJ-5BBE9C9B,SARL Express Transport,Transport & Logistique,Adjara,+229 27 21 46 25,,,PME (10-50),B2C,Facebook Pages,,Actif,2026-06-29T00:15:34.240156,basse
BJ-AA4DF9C1,Delivery Express Logistique,Transport & Logistique,Adjara,+229 35 68 56 88,,,PME (50-200),B2C,Facebook Pages,,Actif,2026-06-29T00:15:34.240182,basse
BJ-41B246F6,Messagerie,Transport & Logistique,Adjara,+229 25 19 27 86,,,PME (10-50),B2B,Facebook Pages,,Actif,2026-06-29T00:15:34.240207,basse
BJ-2DBAC79D,Express Urgent,Transport & Logistique,Adjara,+229 20 98 98 46,,expressurgent.bj,PME (50-200),B2C,Facebook Pages,,Actif,2026-06-29T00:15:34.240219,moyenne
BJ-E12F132B,Logistique Déménagement,Transport & Logistique,Allada,+229 97 78 33 17,logistique.déménagement@logistique.déménagement.bj,,TPE (<10),B2B,Facebook Pages,,Actif,2026-06-29T00:15:34.240238,moyenne
BJ-CE07317B,Delivery Transit,Transport & Logistique,Allada,+229 29 98 73 12,delivery.transit@delivery.transit.org,,Grande (>200),B2B,Facebook Pages,,Actif,2026-06-29T00:15:34.240250,moyenne
BJ-6169A042,Rapide,Transport & Logistique,Allada,+229 21 94 58 69,rapide@rapide.org,rapide.bj,TPE (<10),B2B,Facebook Pages,,Actif,2026-06-29T00:15:34.240262,haute
BJ-F3BD8984,Route Transport Allada,Transport & Logistique,Allada,+229 26 49 46 52,route.transport.allada@route.transport.allada.com,routetransportallada.bj,Grande (>200),B2B,Facebook Pages,,Actif,2026-06-29T00:15:34.240274,haute
BJ-74751BA8,SARL Aérien,Transport & Logistique,Allada,+229 91 43 89 32,sarl.aérien@sarl.aérien.net,,PME (50-200),B2B,Facebook Pages,,Actif,2026-06-29T00:15:34.240285,moyenne
BJ-DA3B3174,Express Rapide Transport,Transport & Logistique,Aplahoué,+229 68 45 60 22,express.rapide.transport@express.rapide.transport.org,,PME (10-50),B2B,Facebook Pages,,Actif,2026-06-29T00:15:34.240302,moyenne
BJ-C82F9C3C,Route,Transport & Logistique,Aplahoué,+229 88 10 38 42,route@route.org,,PME (50-200),B2B,Facebook Pages,,Actif,2026-06-29T00:15:34.240317,moyenne
BJ-F9FD639A,Route Aplahoué,Transport & Logistique,Aplahoué,+229 64 82 37 94,route.aplahoué@route.aplahoué.com,,TPE (<10),B2C,Facebook Pages,,Actif,2026-06-29T00:15:34.240329,moyenne
BJ-356C5470,Transport Déménagement Aplahoué,Transport & Logistique,Aplahoué,+229 67 43 53 57,,transportdéménagementaplahoué.bj,TPE (<10),B2B,Facebook Pages,,Actif,2026-06-29T00:15:34.240344,moyenne
BJ-3F0F658F,Déménagement Africa,Transport & Logistique,Aplahoué,+229 30 83 50 42,,déménagementafrica.bj,PME (50-200),B2C,Facebook Pages,,Actif,2026-06-29T00:15:34.240355,moyenne
BJ-736446A3,Delivery Messagerie,Transport & Logistique,Dogbo-Tota,+229 99 79 88 47,delivery.messagerie@delivery.messagerie.benin,deliverymessagerie.bj,Grande (>200),B2B,Facebook Pages,,Actif,2026-06-29T00:15:34.240372,haute
BJ-572E07CF,Route Dogbo-Tota,Transport & Logistique,Dogbo-Tota,+229 97 70 10 47,,,PME (50-200),B2B,Facebook Pages,,Actif,2026-06-29T00:15:34.240382,basse
BJ-6405EF24,Groupe Route,Transport & Logistique,Dogbo-Tota,+229 51 45 32 83,,,PME (50-200),B2B,Facebook Pages,,Actif,2026-06-29T00:15:34.240395,basse
BJ-3D202C81,Messagerie International,Transport & Logistique,Dogbo-Tota,+229 47 39 20 80,,,TPE (<10),B2B,Facebook Pages,,Actif,2026-06-29T00:15:34.240406,basse
BJ-8B7EE8DA,Rapide Aérien,Transport & Logistique,Dogbo-Tota,+229 77 70 71 81,rapide.aérien@rapide.aérien.com,rapideaérien.bj,TPE (<10),B2B,Facebook Pages,,Actif,2026-06-29T00:15:34.240419,haute
BJ-D1289C67,SARL Transit,Transport & Logistique,Kpomassè,+229 49 78 18 94,sarl.transit@sarl.transit.benin,,PME (10-50),B2B,Facebook Pages,,Actif,2026-06-29T00:15:34.240436,moyenne
BJ-30AFA8BE,Rapide Livraison SARL,Transport & Logistique,Kpomassè,+229 92 49 89 92,,rapidelivraisonsarl.bj,TPE (<10),B2B,Facebook Pages,,Actif,2026-06-29T00:15:34.240449,moyenne
BJ-36939FB7,Groupe Transit Kpomassè,Transport & Logistique,Kpomassè,+229 23 32 54 33,groupe.transit.kpomassè@groupe.transit.kpomassè.bj,groupetransitkpomassè.bj,PME (10-50),B2B,Facebook Pages,,Actif,2026-06-29T00:15:34.240465,haute
BJ-3B3808CB,Maritime,Transport & Logistique,Kpomassè,+229 86 19 74 28,maritime@maritime.org,,PME (10-50),B2B,Facebook Pages,,Actif,2026-06-29T00:15:34.240477,moyenne
BJ-8741D9E9,Express Courrier,Transport & Logistique,Kpomassè,+229 70 30 58 68,express.courrier@express.courrier.org,expresscourrier.bj,TPE (<10),B2B,Facebook Pages,,Actif,2026-06-29T00:15:34.240488,haute
BJ-F14E8D45,Route,Transport & Logistique,Tori-Bossito,+229 27 19 90 81,,,TPE (<10),B2B,Facebook Pages,,Actif,2026-06-29T00:15:34.240504,basse
BJ-1BE890E7,Express Cargo,Transport & Logistique,Tori-Bossito,+229 91 82 24 43,,expresscargo.bj,TPE (<10),B2C,Facebook Pages,,Actif,2026-06-29T00:15:34.240515,moyenne
BJ-18B719B2,Route Logistique Tori-Bossito,Transport & Logistique,Tori-Bossito,+229 39 11 65 32,route.logistique.toribossito@route.logistique.toribossito.com,routelogistiquetoribossito.bj,TPE (<10),B2C,Facebook Pages,,Actif,2026-06-29T00:15:34.240536,haute
BJ-AECE41E3,Cargo Express,Transport & Logistique,Tori-Bossito,+229 87 99 68 78,,cargoexpress.bj,PME (10-50),B2C,Facebook Pages,,Actif,2026-06-29T00:15:34.240547,moyenne
BJ-4207266A,Livraison,Transport & Logistique,Grand-Popo,+229 39 81 35 94,,,PME (50-200),B2B,Facebook Pages,,Actif,2026-06-29T00:15:34.240562,basse
BJ-5810B65F,Courrier Africa,Transport & Logistique,Grand-Popo,+229 48 83 46 92,,,TPE (<10),B2C,Facebook Pages,,Actif,2026-06-29T00:15:34.240575,basse
BJ-E9F0B5AC,Logistique Messagerie,Transport & Logistique,Grand-Popo,+229 85 75 75 96,,,PME (10-50),B2B,Facebook Pages,,Actif,2026-06-29T00:15:34.240585,basse
BJ-A5AA8230,Express Fret,Transport & Logistique,Grand-Popo,+229 59 70 20 87,,,PME (10-50),B2C,Facebook Pages,,Actif,2026-06-29T00:15:34.240595,basse
BJ-EA236AF5,Delivery Fret Africa Grand-Popo,Transport & Logistique,Grand-Popo,+229 71 58 92 13,delivery.fret.africa.grandpopo@delivery.fret.africa.grandpopo.benin,deliveryfretafricagrandpopo.bj,PME (50-200),B2B,Facebook Pages,,Actif,2026-06-29T00:15:34.240609,haute
BJ-414F0CCC,Delivery Route Athiémé,Transport & Logistique,Athiémé,+229 55 36 64 75,,,PME (10-50),B2B,Facebook Pages,,Actif,2026-06-29T00:15:34.240625,basse
BJ-34E3FB9D,Distribution Bénin,Transport & Logistique,Athiémé,+229 61 69 22 85,,distributionbénin.bj,PME (10-50),B2C,Facebook Pages,,Actif,2026-06-29T00:15:34.240637,moyenne
BJ-C703F15E,Express SARL,Transport & Logistique,Athiémé,+229 59 24 45 55,,,PME (50-200),B2C,Facebook Pages,,Actif,2026-06-29T00:15:34.240647,basse
BJ-1747C338,SARL Livraison Transport,Transport & Logistique,Athiémé,+229 70 33 32 51,,sarllivraisontransport.bj,PME (50-200),B2B,Facebook Pages,,Actif,2026-06-29T00:15:34.240657,moyenne
BJ-E9F7B3D9,Courrier,Transport & Logistique,Athiémé,+229 65 10 37 27,courrier@courrier.benin,courrier.bj,PME (10-50),B2C,Facebook Pages,,Actif,2026-06-29T00:15:34.240668,haute
BJ-71408B8E,Urgent Bopa,Transport & Logistique,Bopa,+229 51 59 35 86,urgent.bopa@urgent.bopa.com,urgentbopa.bj,TPE (<10),B2B,Facebook Pages,,Actif,2026-06-29T00:15:34.240685,haute
BJ-EF14539A,Transport Aérien Bénin,Transport & Logistique,Bopa,+229 65 51 28 92,transport.aérien.bénin@transport.aérien.bénin.net,transportaérienbénin.bj,TPE (<10),B2B,Facebook Pages,,Actif,2026-06-29T00:15:34.240700,haute
BJ-1EEB4A8A,Rapide,Transport & Logistique,Bopa,+229 20 70 48 70,rapide@rapide.benin,rapide.bj,PME (10-50),B2B,Facebook Pages,,Actif,2026-06-29T00:15:34.240712,haute
BJ-2FC37D18,Fret Express,Transport & Logistique,Bopa,+229 29 54 24 87,,,PME (10-50),B2B,Facebook Pages,,Actif,2026-06-29T00:15:34.240732,basse
BJ-A8F411A1,Maritime,Transport & Logistique,Houéyogbé,+229 43 16 64 14,maritime@maritime.net,maritime.bj,TPE (<10),B2C,Facebook Pages,,Actif,2026-06-29T00:15:34.240749,haute
BJ-370FD25F,Logistique Route,Transport & Logistique,Houéyogbé,+229 79 82 74 51,logistique.route@logistique.route.org,,PME (10-50),B2B,Facebook Pages,,Actif,2026-06-29T00:15:34.240784,moyenne
BJ-51E0B009,Transit Bénin,Transport & Logistique,Houéyogbé,+229 98 87 86 57,,,PME (10-50),B2C,Facebook Pages,,Actif,2026-06-29T00:15:34.240794,basse
BJ-502B2F33,Delivery Urgent,Transport & Logistique,Malanville,+229 80 19 29 79,delivery.urgent@delivery.urgent.com,deliveryurgent.bj,TPE (<10),B2C,Facebook Pages,,Actif,2026-06-29T00:15:34.240811,haute
BJ-4883CE04,Cargo Africa Malanville,Transport & Logistique,Malanville,+229 56 73 29 78,cargo.africa.malanville@cargo.africa.malanville.org,,TPE (<10),B2C,Facebook Pages,,Actif,2026-06-29T00:15:34.240833,moyenne
BJ-B9EAA377,Messagerie,Transport & Logistique,Malanville,+229 52 88 89 38,,,TPE (<10),B2C,Facebook Pages,,Actif,2026-06-29T00:15:34.240844,basse
BJ-1BB0A274,Express International,Transport & Logistique,Malanville,+229 36 97 52 67,express.international@express.international.bj,expressinternational.bj,PME (10-50),B2C,Facebook Pages,,Actif,2026-06-29T00:15:34.240855,haute
BJ-E81BEA0B,Cargo Bénin,Transport & Logistique,Malanville,+229 75 50 73 98,cargo.bénin@cargo.bénin.com,,TPE (<10),B2B,Facebook Pages,,Actif,2026-06-29T00:15:34.240866,moyenne
BJ-6F94818A,Logistique Aérien Delivery Kandi,Transport & Logistique,Kandi,+229 57 41 56 55,logistique.aérien.delivery.kandi@logistique.aérien.delivery.kandi.com,logistiqueaériendeliverykandi.bj,PME (10-50),B2B,Facebook Pages,,Actif,2026-06-29T00:15:34.240885,haute
BJ-7B8C4DD9,Delivery Route,Transport & Logistique,Kandi,+229 59 39 70 64,,,PME (50-200),B2B,Facebook Pages,,Actif,2026-06-29T00:15:34.240925,basse
BJ-4A7F12E6,SARL Courrier Bénin Kandi,Transport & Logistique,Kandi,+229 67 61 18 42,sarl.courrier.bénin.kandi@sarl.courrier.bénin.kandi.net,sarlcourrierbéninkandi.bj,TPE (<10),B2B,Facebook Pages,,Actif,2026-06-29T00:15:34.240938,haute
BJ-4E074E50,Express Express,Transport & Logistique,Kandi,+229 83 93 79 39,express.express@express.express.net,,TPE (<10),B2B,Facebook Pages,,Actif,2026-06-29T00:15:34.240950,moyenne
BJ-426C502B,SARL Urgent Bénin,Transport & Logistique,Kandi,+229 75 23 99 89,sarl.urgent.bénin@sarl.urgent.bénin.benin,,TPE (<10),B2B,Facebook Pages,,Actif,2026-06-29T00:15:34.240977,moyenne
BJ-4EDB6C27,Transport Déménagement International,Transport & Logistique,Banikoara,+229 49 91 14 95,transport.déménagement.international@transport.déménagement.international.net,,PME (10-50),B2B,Facebook Pages,,Actif,2026-06-29T00:15:34.240995,moyenne
BJ-2C1762F7,Fret International,Transport & Logistique,Banikoara,+229 72 25 27 71,fret.international@fret.international.com,fretinternational.bj,PME (10-50),B2C,Facebook Pages,,Actif,2026-06-29T00:15:34.241023,haute
BJ-BDA04321,Rapide Fret,Transport & Logistique,Banikoara,+229 42 35 12 53,,,Grande (>200),B2C,Facebook Pages,,Actif,2026-06-29T00:15:34.241032,basse
BJ-ED3C3CBA,Rapide Distribution,Transport & Logistique,Banikoara,+229 99 47 29 29,,,TPE (<10),B2B,Facebook Pages,,Actif,2026-06-29T00:15:34.241045,basse
BJ-844DA827,Transport Cargo,Transport & Logistique,Ségbana,+229 83 92 56 51,transport.cargo@transport.cargo.com,transportcargo.bj,TPE (<10),B2C,Facebook Pages,,Actif,2026-06-29T00:15:34.241062,haute
BJ-2F46A63D,Logistique Déménagement International Ségbana,Transport & Logistique,Ségbana,+229 96 88 73 11,,,TPE (<10),B2C,Facebook Pages,,Actif,2026-06-29T00:15:34.241073,basse
BJ-0BC1D263,Delivery Cargo Ségbana,Transport & Logistique,Ségbana,+229 68 12 92 52,delivery.cargo.ségbana@delivery.cargo.ségbana.org,deliverycargoségbana.bj,TPE (<10),B2B,Facebook Pages,,Actif,2026-06-29T00:15:34.241085,haute
BJ-9DC3B933,Logistique Livraison,Transport & Logistique,Ségbana,+229 73 52 98 88,,logistiquelivraison.bj,Grande (>200),B2B,Facebook Pages,,Actif,2026-06-29T00:15:34.241095,moyenne
BJ-6AC169EE,Fret,Transport & Logistique,Karimama,+229 89 24 73 63,,fret.bj,PME (50-200),B2C,Facebook Pages,,Actif,2026-06-29T00:15:34.241121,moyenne
BJ-A58FBFFB,Transport Distribution,Transport & Logistique,Karimama,+229 61 74 70 79,,transportdistribution.bj,TPE (<10),B2B,Facebook Pages,,Actif,2026-06-29T00:15:34.241147,moyenne
BJ-5B3D6D93,Delivery Express,Transport & Logistique,Karimama,+229 46 79 48 21,delivery.express@delivery.express.bj,,PME (10-50),B2C,Facebook Pages,,Actif,2026-06-29T00:15:34.241157,moyenne
BJ-E682A51F,Courrier Bénin,Transport & Logistique,Gogounou,+229 36 57 33 40,,,PME (50-200),B2C,Facebook Pages,,Actif,2026-06-29T00:15:34.241184,basse
BJ-5B2390AA,Transit Transport Gogounou,Transport & Logistique,Gogounou,+229 69 95 43 94,transit.transport.gogounou@transit.transport.gogounou.benin,,TPE (<10),B2B,Facebook Pages,,Actif,2026-06-29T00:15:34.241195,moyenne
BJ-42C73FE7,Rapide Rapide,Transport & Logistique,Gogounou,+229 52 69 21 55,rapide.rapide@rapide.rapide.com,rapiderapide.bj,Grande (>200),B2B,Facebook Pages,,Actif,2026-06-29T00:15:34.241206,haute
BJ-0D97F4D0,Transit Africa,Transport & Logistique,Gogounou,+229 52 70 91 90,transit.africa@transit.africa.com,,TPE (<10),B2C,Facebook Pages,,Actif,2026-06-29T00:15:34.241227,moyenne
BJ-D9E4F704,Logistique Maritime SARL,Transport & Logistique,Cobly,+229 87 83 97 88,logistique.maritime.sarl@logistique.maritime.sarl.net,,Grande (>200),B2B,Facebook Pages,,Actif,2026-06-29T00:15:34.241262,moyenne
BJ-E0F4E4D6,Express Livraison,Transport & Logistique,Cobly,+229 38 75 73 36,express.livraison@express.livraison.benin,,TPE (<10),B2B,Facebook Pages,,Actif,2026-06-29T00:15:34.241273,moyenne
BJ-464DB207,Logistique Route Africa,Transport & Logistique,Cobly,+229 87 53 51 77,logistique.route.africa@logistique.route.africa.com,logistiquerouteafrica.bj,TPE (<10),B2C,Facebook Pages,,Actif,2026-06-29T00:15:34.241285,haute
BJ-E8721045,SARL Urgent,Transport & Logistique,Cobly,+229 59 99 55 36,sarl.urgent@sarl.urgent.net,,PME (10-50),B2B,Facebook Pages,,Actif,2026-06-29T00:15:34.241295,moyenne
BJ-05497012,SARL Courrier,Transport & Logistique,Tanguiéta,+229 70 48 23 83,,,PME (10-50),B2B,Facebook Pages,,Actif,2026-06-29T00:15:34.241310,basse
BJ-81AEC828,Rapide Cargo Africa,Transport & Logistique,Tanguiéta,+229 53 25 74 19,,,PME (10-50),B2C,Facebook Pages,,Actif,2026-06-29T00:15:34.241322,basse
BJ-0654BFE7,Express Rapide Transport,Transport & Logistique,Tanguiéta,+229 93 24 40 20,,expressrapidetransport.bj,PME (50-200),B2C,Facebook Pages,,Actif,2026-06-29T00:15:34.241332,moyenne
BJ-C7C4F799,Groupe Maritime Africa,Transport & Logistique,Tanguiéta,+229 43 70 76 14,,,TPE (<10),B2C,Facebook Pages,,Actif,2026-06-29T00:15:34.241342,basse
BJ-98638F60,Aérien Delivery,Transport & Logistique,Tanguiéta,+229 89 50 46 68,,,TPE (<10),B2B,Facebook Pages,,Actif,2026-06-29T00:15:34.241351,basse
BJ-65DA4A5E,Livraison,Transport & Logistique,Matéri,+229 56 72 11 13,livraison@livraison.bj,livraison.bj,Grande (>200),B2C,Facebook Pages,,Actif,2026-06-29T00:15:34.241367,haute
BJ-CA0B4126,Distribution Africa,Transport & Logistique,Matéri,+229 59 28 63 67,distribution.africa@distribution.africa.benin,,PME (10-50),B2B,Facebook Pages,,Actif,2026-06-29T00:15:34.241381,moyenne
BJ-1E28C8E9,Rapide Livraison Express,Transport & Logistique,Matéri,+229 41 96 32 69,rapide.livraison.express@rapide.livraison.express.com,rapidelivraisonexpress.bj,TPE (<10),B2B,Facebook Pages,,Actif,2026-06-29T00:15:34.241393,haute
BJ-C94A9F74,Aérien,Transport & Logistique,Matéri,+229 51 90 91 28,,aérien.bj,PME (50-200),B2B,Facebook Pages,,Actif,2026-06-29T00:15:34.241404,moyenne
BJ-CE8D76E1,Delivery Route,Transport & Logistique,Matéri,+229 98 63 37 16,,deliveryroute.bj,TPE (<10),B2B,Facebook Pages,,Actif,2026-06-29T00:15:34.241414,moyenne
BJ-AE5E356A,Messagerie Bénin,Transport & Logistique,Natitingou,+229 39 24 36 60,messagerie.bénin@messagerie.bénin.benin,messageriebénin.bj,TPE (<10),B2B,Facebook Pages,,Actif,2026-06-29T00:15:34.241432,haute
BJ-9C713CF0,Distribution Bénin,Transport & Logistique,Natitingou,+229 62 66 44 89,distribution.bénin@distribution.bénin.org,distributionbénin.bj,PME (10-50),B2B,Facebook Pages,,Actif,2026-06-29T00:15:34.241444,haute
BJ-D864010A,Aérien Transport,Transport & Logistique,Natitingou,+229 86 99 18 64,aérien.transport@aérien.transport.benin,,PME (50-200),B2C,Facebook Pages,,Actif,2026-06-29T00:15:34.241458,moyenne
BJ-544D8D41,SARL Messagerie,Transport & Logistique,Natitingou,+229 42 86 91 57,sarl.messagerie@sarl.messagerie.com,,PME (10-50),B2B,Facebook Pages,,Actif,2026-06-29T00:15:34.241469,moyenne
BJ-A9B2877E,Distribution International,Transport & Logistique,Natitingou,+229 27 27 40 72,distribution.international@distribution.international.benin,distributioninternational.bj,TPE (<10),B2C,Facebook Pages,,Actif,2026-06-29T00:15:34.241480,haute
BJ-8318CF21,Fret International,Transport & Logistique,Toucountouna,+229 59 26 80 22,fret.international@fret.international.com,fretinternational.bj,PME (10-50),B2C,Facebook Pages,,Actif,2026-06-29T00:15:34.241499,haute
BJ-A9527530,Aérien,Transport & Logistique,Toucountouna,+229 42 21 36 59,,aérien.bj,PME (10-50),B2C,Facebook Pages,,Actif,2026-06-29T00:15:34.241513,moyenne
BJ-CF880FD1,Distribution International,Transport & Logistique,Toucountouna,+229 69 24 55 12,distribution.international@distribution.international.org,distributioninternational.bj,PME (10-50),B2B,Facebook Pages,,Actif,2026-06-29T00:15:34.241525,haute
BJ-A7B80187,SARL Aérien Toucountouna,Transport & Logistique,Toucountouna,+229 76 72 93 14,sarl.aérien.toucountouna@sarl.aérien.toucountouna.bj,sarlaérientoucountouna.bj,Grande (>200),B2C,Facebook Pages,,Actif,2026-06-29T00:15:34.241538,haute
BJ-3C147351,Messagerie Delivery Toucountouna,Transport & Logistique,Toucountouna,+229 60 93 85 36,messagerie.delivery.toucountouna@messagerie.delivery.toucountouna.org,messageriedeliverytoucountouna.bj,PME (10-50),B2B,Facebook Pages,,Actif,2026-06-29T00:15:34.241552,haute
BJ-E343AC98,Express Urgent Express,Transport & Logistique,Boukoumbé,+229 26 86 97 79,,expressurgentexpress.bj,Grande (>200),B2B,Facebook Pages,,Actif,2026-06-29T00:15:34.241571,moyenne
BJ-04371B8F,Rapide Distribution SARL,Transport & Logistique,Boukoumbé,+229 87 43 35 78,rapide.distribution.sarl@rapide.distribution.sarl.com,rapidedistributionsarl.bj,PME (50-200),B2C,Facebook Pages,,Actif,2026-06-29T00:15:34.241583,haute
BJ-D8D5AF30,Logistique Urgent,Transport & Logistique,Boukoumbé,+229 77 89 82 81,,,PME (10-50),B2B,Facebook Pages,,Actif,2026-06-29T00:15:34.241592,basse
BJ-F8975B57,Logistique Distribution,Transport & Logistique,Boukoumbé,+229 77 50 19 92,logistique.distribution@logistique.distribution.benin,logistiquedistribution.bj,TPE (<10),B2B,Facebook Pages,,Actif,2026-06-29T00:15:34.241604,haute
BJ-72332DB0,Déménagement,Transport & Logistique,Boukoumbé,+229 81 25 18 93,,,TPE (<10),B2C,Facebook Pages,,Actif,2026-06-29T00:15:34.241614,basse
BJ-F2A9D281,Route Delivery,Transport & Logistique,Kouandé,+229 66 47 53 10,,routedelivery.bj,PME (10-50),B2B,Facebook Pages,,Actif,2026-06-29T00:15:34.241653,moyenne
BJ-1BD83C09,Déménagement Africa,Transport & Logistique,Kouandé,+229 24 99 46 49,déménagement.africa@déménagement.africa.org,,TPE (<10),B2C,Facebook Pages,,Actif,2026-06-29T00:15:34.241667,moyenne
BJ-53AFA4E6,Express Maritime,Transport & Logistique,Kouandé,+229 81 61 87 93,express.maritime@express.maritime.benin,expressmaritime.bj,PME (10-50),B2C,Facebook Pages,,Actif,2026-06-29T00:15:34.241679,haute
BJ-AF5D538A,SARL Aérien Péhunco,Transport & Logistique,Péhunco,+229 41 59 23 99,sarl.aérien.péhunco@sarl.aérien.péhunco.benin,sarlaérienpéhunco.bj,TPE (<10),B2B,Facebook Pages,,Actif,2026-06-29T00:15:34.241697,haute
BJ-D97B203E,Transport Messagerie,Transport & Logistique,Péhunco,+229 70 53 94 13,transport.messagerie@transport.messagerie.org,transportmessagerie.bj,PME (50-200),B2C,Facebook Pages,,Actif,2026-06-29T00:15:34.241709,haute
BJ-61D91A35,Déménagement Africa,Transport & Logistique,Péhunco,+229 80 91 13 72,,,TPE (<10),B2C,Facebook Pages,,Actif,2026-06-29T00:15:34.241718,basse
BJ-624F6162,Transport Route,Transport & Logistique,Péhunco,+229 37 82 91 44,,,PME (10-50),B2C,Facebook Pages,,Actif,2026-06-29T00:15:34.241728,basse
BJ-DE864EF9,SARL Rapide Logistique,Transport & Logistique,Péhunco,+229 43 17 57 54,sarl.rapide.logistique@sarl.rapide.logistique.bj,,TPE (<10),B2B,Facebook Pages,,Actif,2026-06-29T00:15:34.241739,moyenne
BJ-D067E18A,Déménagement,Transport & Logistique,Tchaourou,+229 69 19 79 72,,,PME (10-50),B2C,Facebook Pages,,Actif,2026-06-29T00:15:34.241754,basse
BJ-549CC4DD,Rapide Maritime International,Transport & Logistique,Tchaourou,+229 26 43 66 23,,,PME (10-50),B2B,Facebook Pages,,Actif,2026-06-29T00:15:34.241768,basse
BJ-5D9C2E53,Urgent,Transport & Logistique,Tchaourou,+229 96 46 20 27,,urgent.bj,PME (10-50),B2B,Facebook Pages,,Actif,2026-06-29T00:15:34.241779,moyenne
BJ-60262F58,Fret Tchaourou,Transport & Logistique,Tchaourou,+229 97 65 32 94,fret.tchaourou@fret.tchaourou.net,,TPE (<10),B2B,Facebook Pages,,Actif,2026-06-29T00:15:34.241800,moyenne
BJ-D3D3457A,Urgent,Transport & Logistique,Nikki,+229 38 50 58 11,urgent@urgent.bj,,PME (50-200),B2B,Facebook Pages,,Actif,2026-06-29T00:15:34.241815,moyenne
BJ-294627DF,Rapide Distribution Delivery,Transport & Logistique,Nikki,+229 45 61 21 83,,rapidedistributiondelivery.bj,TPE (<10),B2C,Facebook Pages,,Actif,2026-06-29T00:15:34.241827,moyenne
BJ-9BB907ED,Transport Fret Bénin,Transport & Logistique,Nikki,+229 72 22 36 31,transport.fret.bénin@transport.fret.bénin.bj,transportfretbénin.bj,PME (10-50),B2C,Facebook Pages,,Actif,2026-06-29T00:15:34.241839,haute
BJ-54BF9B49,Aérien Bénin,Transport & Logistique,Nikki,+229 86 27 52 81,aérien.bénin@aérien.bénin.com,aérienbénin.bj,PME (50-200),B2C,Facebook Pages,,Actif,2026-06-29T00:15:34.241851,haute
BJ-D2E07E23,Express Transit,Transport & Logistique,Nikki,+229 91 96 21 53,express.transit@express.transit.com,expresstransit.bj,Grande (>200),B2B,Facebook Pages,,Actif,2026-06-29T00:15:34.241865,haute
BJ-F9E3E830,Delivery Express Transport,Transport & Logistique,Bembéréké,+229 24 20 81 22,delivery.express.transport@delivery.express.transport.net,,PME (10-50),B2C,Facebook Pages,,Actif,2026-06-29T00:15:34.241882,moyenne
BJ-1B336355,Messagerie Delivery,Transport & Logistique,Bembéréké,+229 40 52 33 42,messagerie.delivery@messagerie.delivery.net,messageriedelivery.bj,PME (50-200),B2C,Facebook Pages,,Actif,2026-06-29T00:15:34.241923,haute
BJ-CB9E4256,Express Distribution Africa,Transport & Logistique,Bembéréké,+229 92 73 27 93,express.distribution.africa@express.distribution.africa.com,,TPE (<10),B2C,Facebook Pages,,Actif,2026-06-29T00:15:34.241955,moyenne
BJ-105234D6,Déménagement Transport,Transport & Logistique,Bembéréké,+229 86 57 83 77,déménagement.transport@déménagement.transport.com,,PME (10-50),B2B,Facebook Pages,,Actif,2026-06-29T00:15:34.241979,moyenne
BJ-64AA169C,Urgent,Transport & Logistique,Bembéréké,+229 59 73 68 15,urgent@urgent.org,,TPE (<10),B2C,Facebook Pages,,Actif,2026-06-29T00:15:34.241990,moyenne
BJ-AE8C52B6,Rapide Transit,Transport & Logistique,Kalalé,+229 61 99 40 66,rapide.transit@rapide.transit.org,,PME (50-200),B2C,Facebook Pages,,Actif,2026-06-29T00:15:34.242006,moyenne
BJ-FE299B9E,Cargo,Transport & Logistique,Kalalé,+229 30 91 90 54,cargo@cargo.net,,TPE (<10),B2C,Facebook Pages,,Actif,2026-06-29T00:15:34.242017,moyenne
BJ-CC2BD4F2,Express Kalalé,Transport & Logistique,Kalalé,+229 70 44 56 52,express.kalalé@express.kalalé.com,,TPE (<10),B2B,Facebook Pages,,Actif,2026-06-29T00:15:34.242028,moyenne
BJ-5C0D596C,Rapide Messagerie International,Transport & Logistique,Kalalé,+229 91 36 40 21,rapide.messagerie.international@rapide.messagerie.international.bj,,TPE (<10),B2B,Facebook Pages,,Actif,2026-06-29T00:15:34.242038,moyenne
BJ-455C960D,Cargo Africa Kalalé,Transport & Logistique,Kalalé,+229 34 71 81 50,,,Grande (>200),B2B,Facebook Pages,,Actif,2026-06-29T00:15:34.242049,basse
BJ-F0742B25,Route Bénin,Transport & Logistique,Ndali,+229 57 67 93 12,,,TPE (<10),B2C,Facebook Pages,,Actif,2026-06-29T00:15:34.242063,basse
BJ-FA6D619A,Rapide SARL Ndali,Transport & Logistique,Ndali,+229 97 27 61 74,rapide.sarl.ndali@rapide.sarl.ndali.bj,,Grande (>200),B2C,Facebook Pages,,Actif,2026-06-29T00:15:34.242077,moyenne
BJ-F56136D0,Groupe Fret Express,Transport & Logistique,Ndali,+229 39 81 82 71,groupe.fret.express@groupe.fret.express.com,,TPE (<10),B2C,Facebook Pages,,Actif,2026-06-29T00:15:34.242099,moyenne
BJ-F4AA2B79,Maritime,Transport & Logistique,Ndali,+229 87 16 93 65,maritime@maritime.net,,PME (10-50),B2C,Facebook Pages,,Actif,2026-06-29T00:15:34.242109,moyenne
BJ-83CD32D8,Rapide Déménagement,Transport & Logistique,Ségbana,+229 58 71 80 68,rapide.déménagement@rapide.déménagement.bj,rapidedéménagement.bj,PME (50-200),B2B,Facebook Pages,,Actif,2026-06-29T00:15:34.242137,haute
BJ-CE250122,Rapide Logistique Ségbana,Transport & Logistique,Ségbana,+229 61 52 75 68,rapide.logistique.ségbana@rapide.logistique.ségbana.org,,Grande (>200),B2B,Facebook Pages,,Actif,2026-06-29T00:15:34.242152,moyenne
BJ-F326091F,Express Courrier,Transport & Logistique,Ségbana,+229 33 43 23 61,express.courrier@express.courrier.com,expresscourrier.bj,Grande (>200),B2C,Facebook Pages,,Actif,2026-06-29T00:15:34.242163,haute
BJ-BDB34D32,Route Africa,Transport & Logistique,Ségbana,+229 21 28 18 21,,,TPE (<10),B2B,Facebook Pages,,Actif,2026-06-29T00:15:34.242173,basse
BJ-EA4833D7,Courrier,Transport & Logistique,Tchaourou,+229 94 49 89 30,courrier@courrier.net,courrier.bj,TPE (<10),B2C,Facebook Pages,,Actif,2026-06-29T00:15:34.242215,haute
BJ-A1FEDAE5,Aérien Africa,Transport & Logistique,Tchaourou,+229 29 57 79 24,,,PME (10-50),B2B,Facebook Pages,,Actif,2026-06-29T00:15:34.242234,basse
BJ-95E64C8C,Route,Transport & Logistique,Bétérou,+229 34 15 13 74,route@route.com,,TPE (<10),B2C,Facebook Pages,,Actif,2026-06-29T00:15:34.242250,moyenne
BJ-3C05CDEA,Express Cargo,Transport & Logistique,Bétérou,+229 58 16 86 71,express.cargo@express.cargo.benin,,PME (50-200),B2B,Facebook Pages,,Actif,2026-06-29T00:15:34.242262,moyenne
BJ-637BE34E,Urgent,Transport & Logistique,Bétérou,+229 58 22 78 13,urgent@urgent.bj,urgent.bj,TPE (<10),B2B,Facebook Pages,,Actif,2026-06-29T00:15:34.242281,haute
BJ-6E9F26DC,Logistique Maritime SARL Bétérou,Transport & Logistique,Bétérou,+229 93 98 61 73,logistique.maritime.sarl.bétérou@logistique.maritime.sarl.bétérou.com,,TPE (<10),B2C,Facebook Pages,,Actif,2026-06-29T00:15:34.242294,moyenne
BJ-62B058DB,Messagerie,Transport & Logistique,Ouessè,+229 95 85 48 45,messagerie@messagerie.net,,TPE (<10),B2B,Facebook Pages,,Actif,2026-06-29T00:15:34.242310,moyenne
BJ-BF7CE6F6,Livraison Ouessè,Transport & Logistique,Ouessè,+229 21 20 21 87,livraison.ouessè@livraison.ouessè.net,,TPE (<10),B2B,Facebook Pages,,Actif,2026-06-29T00:15:34.242324,moyenne
BJ-EDE0253F,SARL Maritime Delivery,Transport & Logistique,Ouessè,+229 27 33 93 66,,,Grande (>200),B2C,Facebook Pages,,Actif,2026-06-29T00:15:34.242339,basse
BJ-ABFBD696,Express Transport,Transport & Logistique,Ouessè,+229 78 58 21 63,express.transport@express.transport.com,,PME (10-50),B2C,Facebook Pages,,Actif,2026-06-29T00:15:34.242350,moyenne
BJ-126BC3C7,Rapide Express Logistique,Transport & Logistique,Ouessè,+229 66 55 93 74,,rapideexpresslogistique.bj,TPE (<10),B2C,Facebook Pages,,Actif,2026-06-29T00:15:34.242360,moyenne
BJ-1F70264F,SARL Distribution Express,Transport & Logistique,Glazoué,+229 50 65 20 27,sarl.distribution.express@sarl.distribution.express.bj,sarldistributionexpress.bj,PME (50-200),B2C,Facebook Pages,,Actif,2026-06-29T00:15:34.242377,haute
BJ-BF86AA9E,Transport Livraison International Glazoué,Transport & Logistique,Glazoué,+229 28 58 78 21,,transportlivraisoninternationalglazoué.bj,PME (10-50),B2C,Facebook Pages,,Actif,2026-06-29T00:15:34.242390,moyenne
BJ-AB7593DC,Maritime International,Transport & Logistique,Glazoué,+229 58 52 34 60,maritime.international@maritime.international.benin,,PME (50-200),B2C,Facebook Pages,,Actif,2026-06-29T00:15:34.242400,moyenne
BJ-EC2A0FC4,Transit,Transport & Logistique,Glazoué,+229 82 19 77 72,transit@transit.org,transit.bj,TPE (<10),B2C,Facebook Pages,,Actif,2026-06-29T00:15:34.242420,haute
BJ-D4B872A9,Cargo Transport,Transport & Logistique,Dassa-Zoumè,+229 69 28 30 56,cargo.transport@cargo.transport.bj,cargotransport.bj,PME (10-50),B2B,Facebook Pages,,Actif,2026-06-29T00:15:34.242436,haute
BJ-A5F54314,Déménagement Bénin Dassa-Zoumè,Transport & Logistique,Dassa-Zoumè,+229 98 59 47 80,déménagement.bénin.dassazoumè@déménagement.bénin.dassazoumè.com,,Grande (>200),B2B,Facebook Pages,,Actif,2026-06-29T00:15:34.242452,moyenne
BJ-C7387FC2,Cargo Bénin,Transport & Logistique,Dassa-Zoumè,+229 51 16 15 21,cargo.bénin@cargo.bénin.net,,TPE (<10),B2C,Facebook Pages,,Actif,2026-06-29T00:15:34.242463,moyenne
BJ-720DCE0D,Express Africa,Transport & Logistique,Dassa-Zoumè,+229 26 91 58 75,express.africa@express.africa.bj,,PME (50-200),B2B,Facebook Pages,,Actif,2026-06-29T00:15:34.242473,moyenne
BJ-4CB5A0EF,Delivery Maritime Delivery,Transport & Logistique,Dassa-Zoumè,+229 46 75 50 95,delivery.maritime.delivery@delivery.maritime.delivery.benin,deliverymaritimedelivery.bj,TPE (<10),B2B,Facebook Pages,,Actif,2026-06-29T00:15:34.242485,haute
BJ-2EAB5882,Transport Express,Transport & Logistique,Savalou,+229 79 10 57 93,transport.express@transport.express.org,,PME (50-200),B2C,Facebook Pages,,Actif,2026-06-29T00:15:34.242501,moyenne
BJ-E90286CB,Livraison Express,Transport & Logistique,Savalou,+229 33 25 21 19,,livraisonexpress.bj,PME (10-50),B2B,Facebook Pages,,Actif,2026-06-29T00:15:34.242512,moyenne
BJ-F1CFBF02,Route,Transport & Logistique,Savalou,+229 62 53 59 96,route@route.com,route.bj,PME (10-50),B2B,Facebook Pages,,Actif,2026-06-29T00:15:34.242523,haute
BJ-88B8CBCC,Transport Livraison SARL Bantè,Transport & Logistique,Bantè,+229 69 99 76 33,transport.livraison.sarl.bantè@transport.livraison.sarl.bantè.net,transportlivraisonsarlbantè.bj,PME (10-50),B2B,Facebook Pages,,Actif,2026-06-29T00:15:34.242565,haute
BJ-6568B312,Express Transport,Transport & Logistique,Bantè,+229 97 68 18 46,express.transport@express.transport.net,expresstransport.bj,PME (10-50),B2C,Facebook Pages,,Actif,2026-06-29T00:15:34.242579,haute
BJ-469FD4E9,Transit,Transport & Logistique,Bantè,+229 92 95 76 44,transit@transit.net,transit.bj,PME (50-200),B2B,Facebook Pages,,Actif,2026-06-29T00:15:34.242591,haute
BJ-58226BBA,Rapide Urgent Transport,Transport & Logistique,Bantè,+229 80 23 97 92,,,PME (10-50),B2C,Facebook Pages,,Actif,2026-06-29T00:15:34.242600,basse
BJ-50D7EDBB,Express Distribution Logistique Bantè,Transport & Logistique,Bantè,+229 25 41 77 65,,expressdistributionlogistiquebantè.bj,TPE (<10),B2B,Facebook Pages,,Actif,2026-06-29T00:15:34.242612,moyenne
BJ-F0254910,Rapide,Transport & Logistique,Djougou,+229 28 21 80 73,rapide@rapide.org,,PME (50-200),B2B,Facebook Pages,,Actif,2026-06-29T00:15:34.242628,moyenne
BJ-E23DD7F2,Messagerie International,Transport & Logistique,Djougou,+229 70 92 74 25,messagerie.international@messagerie.international.net,,TPE (<10),B2C,Facebook Pages,,Actif,2026-06-29T00:15:34.242639,moyenne
BJ-6498DB8E,Logistique Express Africa,Transport & Logistique,Djougou,+229 27 54 25 15,logistique.express.africa@logistique.express.africa.org,,TPE (<10),B2C,Facebook Pages,,Actif,2026-06-29T00:15:34.242652,moyenne
BJ-1005F519,Transport Déménagement SARL Djougou,Transport & Logistique,Djougou,+229 85 28 70 24,,transportdéménagementsarldjougou.bj,TPE (<10),B2C,Facebook Pages,,Actif,2026-06-29T00:15:34.242674,moyenne
BJ-6FA4C0C7,Rapide Transit,Transport & Logistique,Ouèssè,+229 31 55 34 98,rapide.transit@rapide.transit.net,rapidetransit.bj,PME (10-50),B2B,Facebook Pages,,Actif,2026-06-29T00:15:34.242690,haute
BJ-A281FD9D,Logistique Distribution,Transport & Logistique,Ouèssè,+229 65 53 68 71,logistique.distribution@logistique.distribution.benin,,PME (50-200),B2B,Facebook Pages,,Actif,2026-06-29T00:15:34.242705,moyenne
BJ-2D97D546,SARL Courrier Africa Ouèssè,Transport & Logistique,Ouèssè,+229 76 32 35 87,sarl.courrier.africa.ouèssè@sarl.courrier.africa.ouèssè.net,,TPE (<10),B2C,Facebook Pages,,Actif,2026-06-29T00:15:34.242737,moyenne
BJ-F9F786F2,Aérien,Transport & Logistique,Ouèssè,+229 33 38 48 81,aérien@aérien.bj,aérien.bj,TPE (<10),B2B,Facebook Pages,,Actif,2026-06-29T00:15:34.242749,haute
BJ-3F66FD73,Cargo,Transport & Logistique,Bassila,+229 58 66 13 42,cargo@cargo.net,cargo.bj,TPE (<10),B2C,Facebook Pages,,Actif,2026-06-29T00:15:34.242769,haute
BJ-C6CC8A5A,Distribution,Transport & Logistique,Bassila,+229 68 87 67 37,,distribution.bj,PME (10-50),B2C,Facebook Pages,,Actif,2026-06-29T00:15:34.242780,moyenne
BJ-04244ECC,Express Express Delivery,Transport & Logistique,Bassila,+229 89 43 34 50,express.express.delivery@express.express.delivery.com,expressexpressdelivery.bj,PME (10-50),B2C,Facebook Pages,,Actif,2026-06-29T00:15:34.242792,haute
BJ-623EFA7C,Messagerie,Transport & Logistique,Bassila,+229 56 92 41 49,messagerie@messagerie.com,,TPE (<10),B2B,Facebook Pages,,Actif,2026-06-29T00:15:34.242812,moyenne
BJ-0ACBDF21,Delivery Rapide Transport Pehunco,Transport & Logistique,Pehunco,+229 34 99 22 42,,,TPE (<10),B2B,Facebook Pages,,Actif,2026-06-29T00:15:34.242828,basse
BJ-BD7785DD,Urgent SARL,Transport & Logistique,Pehunco,+229 97 39 36 11,urgent.sarl@urgent.sarl.net,urgentsarl.bj,TPE (<10),B2B,Facebook Pages,,Actif,2026-06-29T00:15:34.242842,haute
BJ-C1F1FA4D,Express Aérien,Transport & Logistique,Pehunco,+229 40 87 43 84,express.aérien@express.aérien.net,expressaérien.bj,PME (10-50),B2C,Facebook Pages,,Actif,2026-06-29T00:15:34.242855,haute
BJ-9C2E3F91,Groupe Maritime,Transport & Logistique,Pehunco,+229 58 40 56 47,,,PME (10-50),B2C,Facebook Pages,,Actif,2026-06-29T00:15:34.242864,basse
BJ-588D9552,Route,Transport & Logistique,Pehunco,+229 96 50 99 16,,route.bj,PME (50-200),B2C,Facebook Pages,,Actif,2026-06-29T00:15:34.242874,moyenne
BJ-C7B6D2D6,Rapide Rapide,Transport & Logistique,Copargo,+229 70 32 17 43,,rapiderapide.bj,TPE (<10),B2B,Facebook Pages,,Actif,2026-06-29T00:15:34.242900,moyenne
BJ-70968848,Courrier Africa,Transport & Logistique,Copargo,+229 43 91 13 45,courrier.africa@courrier.africa.com,courrierafrica.bj,PME (10-50),B2C,Facebook Pages,,Actif,2026-06-29T00:15:34.242932,haute
BJ-57EAEEB9,Transport Maritime,Transport & Logistique,Copargo,+229 69 48 19 72,,transportmaritime.bj,PME (10-50),B2B,Facebook Pages,,Actif,2026-06-29T00:15:34.242956,moyenne
BJ-1876551B,Rapide Cargo Logistique Copargo,Transport & Logistique,Copargo,+229 52 48 67 32,rapide.cargo.logistique.copargo@rapide.cargo.logistique.copargo.bj,rapidecargologistiquecopargo.bj,PME (10-50),B2C,Facebook Pages,,Actif,2026-06-29T00:15:34.242967,haute
BJ-1415758B,Transport Courrier Bénin,Transport & Logistique,Copargo,+229 43 64 48 72,transport.courrier.bénin@transport.courrier.bénin.bj,,PME (50-200),B2C,Facebook Pages,,Actif,2026-06-29T00:15:34.242979,moyenne
BJ-16A5FA30,Communication Africa Cotonou,Télécommunications,Cotonou,+229 55 85 80 52,,,PME (10-50),B2B,Facebook Pages,,Actif,2026-06-29T00:15:34.242999,basse
BJ-50A86BB4,Connect International,Télécommunications,Cotonou,+229 60 38 47 22,connect.international@connect.international.bj,connectinternational.bj,TPE (<10),B2C,Facebook Pages,,Actif,2026-06-29T00:15:34.243014,haute
BJ-CBE2BF1C,Connect Groupe Cotonou,Télécommunications,Cotonou,+229 96 22 17 31,connect.groupe.cotonou@connect.groupe.cotonou.com,connectgroupecotonou.bj,PME (50-200),B2B,Facebook Pages,,Actif,2026-06-29T00:15:34.243026,haute
BJ-F5C6E2EF,Télécom Fiber,Télécommunications,Cotonou,+229 81 87 31 80,télécom.fiber@télécom.fiber.net,télécomfiber.bj,TPE (<10),B2C,Facebook Pages,,Actif,2026-06-29T00:15:34.243038,haute
BJ-C040D3CE,Digital SA Abomey-Calavi,Télécommunications,Abomey-Calavi,+229 50 80 40 27,digital.sa.abomeycalavi@digital.sa.abomeycalavi.benin,digitalsaabomeycalavi.bj,TPE (<10),B2C,Facebook Pages,,Actif,2026-06-29T00:15:34.243071,haute
BJ-4E7B6F9C,Digital Télécom Abomey-Calavi,Télécommunications,Abomey-Calavi,+229 29 21 27 96,digital.télécom.abomeycalavi@digital.télécom.abomeycalavi.benin,digitaltélécomabomeycalavi.bj,TPE (<10),B2B,Facebook Pages,,Actif,2026-06-29T00:15:34.243085,haute
BJ-CFED6C3D,Télécom Connect Abomey-Calavi,Télécommunications,Abomey-Calavi,+229 52 38 29 23,télécom.connect.abomeycalavi@télécom.connect.abomeycalavi.com,télécomconnectabomeycalavi.bj,TPE (<10),B2C,Facebook Pages,,Actif,2026-06-29T00:15:34.243100,haute
BJ-0CE8D0AA,Réseau Réseau,Télécommunications,Abomey-Calavi,+229 77 74 93 13,réseau.réseau@réseau.réseau.benin,,TPE (<10),B2B,Facebook Pages,,Actif,2026-06-29T00:15:34.243112,moyenne
BJ-86A99BE8,Mobile Internet Africa,Télécommunications,Porto-Novo,+229 39 49 13 39,mobile.internet.africa@mobile.internet.africa.com,,PME (10-50),B2C,Facebook Pages,,Actif,2026-06-29T00:15:34.243141,moyenne
BJ-B8166C4C,Connect SA,Télécommunications,Porto-Novo,+229 81 21 93 37,,connectsa.bj,TPE (<10),B2C,Facebook Pages,,Actif,2026-06-29T00:15:34.243166,moyenne
BJ-79AD4DAC,Mobile Wireless Groupe,Télécommunications,Porto-Novo,+229 24 93 96 62,,mobilewirelessgroupe.bj,PME (10-50),B2C,Facebook Pages,,Actif,2026-06-29T00:15:34.243176,moyenne
BJ-C51EEAAA,Fiber International,Télécommunications,Porto-Novo,+229 46 50 79 90,fiber.international@fiber.international.bj,fiberinternational.bj,PME (50-200),B2C,Facebook Pages,,Actif,2026-06-29T00:15:34.243187,haute
BJ-CE59B2D0,Fiber SARL,Télécommunications,Parakou,+229 57 44 62 67,fiber.sarl@fiber.sarl.com,fibersarl.bj,Grande (>200),B2C,Facebook Pages,,Actif,2026-06-29T00:15:34.243219,haute
BJ-86E75AE5,Mobile Voice SARL,Télécommunications,Parakou,+229 45 62 56 77,mobile.voice.sarl@mobile.voice.sarl.com,mobilevoicesarl.bj,PME (50-200),B2B,Facebook Pages,,Actif,2026-06-29T00:15:34.243230,haute
BJ-8728C23E,Wireless Parakou,Télécommunications,Parakou,+229 68 69 19 77,,wirelessparakou.bj,PME (10-50),B2C,Facebook Pages,,Actif,2026-06-29T00:15:34.243252,moyenne
BJ-56377CAD,Mobile,Télécommunications,Bohicon,+229 94 76 51 29,mobile@mobile.com,mobile.bj,PME (10-50),B2B,Facebook Pages,,Actif,2026-06-29T00:15:34.243281,haute
BJ-7FF39C6E,Communication International Bohicon,Télécommunications,Bohicon,+229 69 92 45 47,communication.international.bohicon@communication.international.bohicon.bj,communicationinternationalbohicon.bj,Grande (>200),B2C,Facebook Pages,,Actif,2026-06-29T00:15:34.243294,haute
BJ-B517756F,Internet Wireless SARL,Télécommunications,Bohicon,+229 37 94 34 65,,internetwirelesssarl.bj,PME (50-200),B2C,Facebook Pages,,Actif,2026-06-29T00:15:34.243318,moyenne
BJ-22D59B86,Data SARL,Télécommunications,Bohicon,+229 42 56 80 37,data.sarl@data.sarl.bj,,PME (10-50),B2C,Facebook Pages,,Actif,2026-06-29T00:15:34.243329,moyenne
BJ-17C64D06,Wireless Bohicon,Télécommunications,Bohicon,+229 68 90 95 54,wireless.bohicon@wireless.bohicon.bj,,TPE (<10),B2C,Facebook Pages,,Actif,2026-06-29T00:15:34.243341,moyenne
BJ-EB014BFA,Internet Groupe,Télécommunications,Natitingou,+229 96 63 58 90,internet.groupe@internet.groupe.org,internetgroupe.bj,TPE (<10),B2C,Facebook Pages,,Actif,2026-06-29T00:15:34.243373,haute
BJ-9F13A54D,Digital Wireless,Télécommunications,Natitingou,+229 22 32 36 71,digital.wireless@digital.wireless.net,digitalwireless.bj,TPE (<10),B2C,Facebook Pages,,Actif,2026-06-29T00:15:34.243397,haute
BJ-651E5970,Télécom Satellite SARL,Télécommunications,Natitingou,+229 71 77 24 62,télécom.satellite.sarl@télécom.satellite.sarl.net,télécomsatellitesarl.bj,PME (50-200),B2C,Facebook Pages,,Actif,2026-06-29T00:15:34.243423,haute
BJ-8F934FAC,Mobile Fiber Lokossa,Télécommunications,Lokossa,+229 90 65 74 43,,mobilefiberlokossa.bj,PME (10-50),B2B,Facebook Pages,,Actif,2026-06-29T00:15:34.243438,moyenne
BJ-AB73D880,Satellite,Télécommunications,Lokossa,+229 51 31 32 80,satellite@satellite.net,,TPE (<10),B2B,Facebook Pages,,Actif,2026-06-29T00:15:34.243452,moyenne
BJ-1BBE2D41,Internet Data,Télécommunications,Lokossa,+229 59 84 61 15,internet.data@internet.data.com,,PME (10-50),B2C,Facebook Pages,,Actif,2026-06-29T00:15:34.243463,moyenne
BJ-16B406A7,Connect,Télécommunications,Lokossa,+229 36 44 36 56,connect@connect.com,connect.bj,TPE (<10),B2B,Facebook Pages,,Actif,2026-06-29T00:15:34.243474,haute
BJ-892EFA40,Télécom Internet International,Télécommunications,Lokossa,+229 66 25 44 86,,télécominternetinternational.bj,TPE (<10),B2C,Facebook Pages,,Actif,2026-06-29T00:15:34.243486,moyenne
BJ-D581A7CC,Internet Satellite,Télécommunications,Ouidah,+229 53 75 85 26,internet.satellite@internet.satellite.org,internetsatellite.bj,TPE (<10),B2C,Facebook Pages,,Actif,2026-06-29T00:15:34.243502,haute
BJ-04E02725,Tech Ouidah,Télécommunications,Ouidah,+229 26 50 65 98,,techouidah.bj,PME (10-50),B2B,Facebook Pages,,Actif,2026-06-29T00:15:34.243524,moyenne
BJ-AFC0C3DD,Communication Groupe Ouidah,Télécommunications,Ouidah,+229 56 14 37 35,communication.groupe.ouidah@communication.groupe.ouidah.benin,communicationgroupeouidah.bj,TPE (<10),B2B,Facebook Pages,,Actif,2026-06-29T00:15:34.243538,haute
BJ-4CFDB2FF,Digital Internet SA,Télécommunications,Ouidah,+229 66 16 79 76,digital.internet.sa@digital.internet.sa.org,digitalinternetsa.bj,PME (50-200),B2B,Facebook Pages,,Actif,2026-06-29T00:15:34.243549,haute
BJ-A9BF8BF3,Internet Voice,Télécommunications,Savalou,+229 60 26 32 97,internet.voice@internet.voice.org,internetvoice.bj,TPE (<10),B2B,Facebook Pages,,Actif,2026-06-29T00:15:34.243566,haute
BJ-16F2A0A3,Internet Wireless,Télécommunications,Savalou,+229 97 86 12 64,internet.wireless@internet.wireless.net,internetwireless.bj,TPE (<10),B2B,Facebook Pages,,Actif,2026-06-29T00:15:34.243579,haute
BJ-9297CB2D,Télécom Bénin,Télécommunications,Savalou,+229 93 61 71 38,télécom.bénin@télécom.bénin.benin,télécombénin.bj,PME (10-50),B2B,Facebook Pages,,Actif,2026-06-29T00:15:34.243592,haute
BJ-E0968611,Mobile Telecom,Télécommunications,Savalou,+229 60 57 47 73,mobile.telecom@mobile.telecom.benin,mobiletelecom.bj,PME (10-50),B2C,Facebook Pages,,Actif,2026-06-29T00:15:34.243606,haute
BJ-3194BB6B,Internet Wireless SA Savalou,Télécommunications,Savalou,+229 97 77 20 85,internet.wireless.sa.savalou@internet.wireless.sa.savalou.benin,internetwirelesssasavalou.bj,TPE (<10),B2B,Facebook Pages,,Actif,2026-06-29T00:15:34.243617,haute
BJ-A346F0A8,Digital Tech Groupe Dassa-Zoumè,Télécommunications,Dassa-Zoumè,+229 72 34 24 48,digital.tech.groupe.dassazoumè@digital.tech.groupe.dassazoumè.benin,digitaltechgroupedassazoumè.bj,TPE (<10),B2C,Facebook Pages,,Actif,2026-06-29T00:15:34.243635,haute
BJ-25D63B17,Réseau Dassa-Zoumè,Télécommunications,Dassa-Zoumè,+229 73 95 49 91,réseau.dassazoumè@réseau.dassazoumè.org,réseaudassazoumè.bj,TPE (<10),B2B,Facebook Pages,,Actif,2026-06-29T00:15:34.243647,haute
BJ-74E5EFC9,Digital Connect Africa,Télécommunications,Dassa-Zoumè,+229 92 13 87 75,digital.connect.africa@digital.connect.africa.net,digitalconnectafrica.bj,PME (50-200),B2B,Facebook Pages,,Actif,2026-06-29T00:15:34.243659,haute
BJ-E59CA7DA,Internet Dassa-Zoumè,Télécommunications,Dassa-Zoumè,+229 25 57 60 95,internet.dassazoumè@internet.dassazoumè.com,internetdassazoumè.bj,PME (50-200),B2C,Facebook Pages,,Actif,2026-06-29T00:15:34.243681,haute
BJ-D06454D6,Mobile Satellite,Télécommunications,Kétou,+229 60 66 24 22,mobile.satellite@mobile.satellite.bj,mobilesatellite.bj,Grande (>200),B2B,Facebook Pages,,Actif,2026-06-29T00:15:34.243697,haute
BJ-FE1FC6B6,Digital Kétou,Télécommunications,Kétou,+229 90 86 49 37,,digitalkétou.bj,PME (50-200),B2B,Facebook Pages,,Actif,2026-06-29T00:15:34.243712,moyenne
BJ-FD33EA45,Internet Connect,Télécommunications,Kétou,+229 41 74 34 28,internet.connect@internet.connect.com,internetconnect.bj,PME (10-50),B2C,Facebook Pages,,Actif,2026-06-29T00:15:34.243723,haute
BJ-AAF063B9,Télécom Tech SA,Télécommunications,Kétou,+229 66 17 38 19,télécom.tech.sa@télécom.tech.sa.com,télécomtechsa.bj,Grande (>200),B2C,Facebook Pages,,Actif,2026-06-29T00:15:34.243735,haute
BJ-DA473862,Télécom Connect,Télécommunications,Covè,+229 26 12 24 25,télécom.connect@télécom.connect.org,télécomconnect.bj,TPE (<10),B2B,Facebook Pages,,Actif,2026-06-29T00:15:34.243763,haute
BJ-2B5AEC19,Réseau Africa Covè,Télécommunications,Covè,+229 66 49 59 72,réseau.africa.covè@réseau.africa.covè.org,réseauafricacovè.bj,PME (10-50),B2B,Facebook Pages,,Actif,2026-06-29T00:15:34.243775,haute
BJ-7FF5B6C1,Mobile Tech Groupe,Télécommunications,Covè,+229 24 32 98 86,mobile.tech.groupe@mobile.tech.groupe.com,,PME (50-200),B2C,Facebook Pages,,Actif,2026-06-29T00:15:34.243797,moyenne
BJ-CF9AC003,Internet SARL,Télécommunications,Covè,+229 49 40 62 29,internet.sarl@internet.sarl.benin,internetsarl.bj,PME (10-50),B2B,Facebook Pages,,Actif,2026-06-29T00:15:34.243808,haute
BJ-A697D56E,Communication International,Télécommunications,Pobè,+229 44 36 57 95,communication.international@communication.international.com,communicationinternational.bj,PME (50-200),B2B,Facebook Pages,,Actif,2026-06-29T00:15:34.243829,haute
BJ-061DAB46,Mobile Fiber,Télécommunications,Pobè,+229 83 61 22 18,mobile.fiber@mobile.fiber.net,,TPE (<10),B2C,Facebook Pages,,Actif,2026-06-29T00:15:34.243896,moyenne
BJ-5FF1F734,Data Telecom,Télécommunications,Pobè,+229 60 75 32 61,data.telecom@data.telecom.benin,datatelecom.bj,PME (10-50),B2B,Facebook Pages,,Actif,2026-06-29T00:15:34.243913,haute
BJ-592E00D4,Internet Connect,Télécommunications,Sakété,+229 43 69 73 43,internet.connect@internet.connect.com,internetconnect.bj,TPE (<10),B2C,Facebook Pages,,Actif,2026-06-29T00:15:34.243948,haute
BJ-5FA21888,Mobile Tech SARL Sakété,Télécommunications,Sakété,+229 88 96 22 99,,mobiletechsarlsakété.bj,TPE (<10),B2B,Facebook Pages,,Actif,2026-06-29T00:15:34.243984,moyenne
BJ-5956F715,Connect Réseau International Sakété,Télécommunications,Sakété,+229 42 42 30 77,connect.réseau.international.sakété@connect.réseau.international.sakété.bj,,PME (10-50),B2C,Facebook Pages,,Actif,2026-06-29T00:15:34.244006,moyenne
BJ-032A8FC7,Internet Internet Adjara,Télécommunications,Adjara,+229 87 29 98 81,internet.internet.adjara@internet.internet.adjara.benin,internetinternetadjara.bj,PME (50-200),B2B,Facebook Pages,,Actif,2026-06-29T00:15:34.244023,haute
BJ-ADC5C8EC,Télécom Bénin,Télécommunications,Adjara,+229 27 32 66 72,,télécombénin.bj,Grande (>200),B2B,Facebook Pages,,Actif,2026-06-29T00:15:34.244037,moyenne
BJ-FFB16F56,Digital Réseau,Télécommunications,Adjara,+229 30 17 83 89,digital.réseau@digital.réseau.benin,digitalréseau.bj,PME (50-200),B2B,Facebook Pages,,Actif,2026-06-29T00:15:34.244050,haute
BJ-29EBFC88,Tech,Télécommunications,Adjara,+229 57 18 18 73,tech@tech.com,tech.bj,TPE (<10),B2C,Facebook Pages,,Actif,2026-06-29T00:15:34.244061,haute
BJ-03831CB9,Digital Satellite,Télécommunications,Adjara,+229 36 26 80 52,digital.satellite@digital.satellite.bj,digitalsatellite.bj,PME (10-50),B2B,Facebook Pages,,Actif,2026-06-29T00:15:34.244075,haute
BJ-7C9C3FB3,Réseau Tech,Télécommunications,Allada,+229 75 69 38 71,réseau.tech@réseau.tech.com,,TPE (<10),B2B,Facebook Pages,,Actif,2026-06-29T00:15:34.244092,moyenne
BJ-4B6DB017,Mobile Communication,Télécommunications,Allada,+229 41 71 80 16,mobile.communication@mobile.communication.org,,PME (10-50),B2C,Facebook Pages,,Actif,2026-06-29T00:15:34.244104,moyenne
BJ-0DC86B1E,Wireless SA Allada,Télécommunications,Allada,+229 50 94 51 38,wireless.sa.allada@wireless.sa.allada.net,wirelesssaallada.bj,PME (50-200),B2C,Facebook Pages,,Actif,2026-06-29T00:15:34.244115,haute
BJ-7E4F9BE4,Digital Fiber Bénin,Télécommunications,Allada,+229 23 97 98 43,digital.fiber.bénin@digital.fiber.bénin.benin,,TPE (<10),B2B,Facebook Pages,,Actif,2026-06-29T00:15:34.244126,moyenne
BJ-C62E5836,Réseau SARL,Télécommunications,Allada,+229 31 33 68 54,réseau.sarl@réseau.sarl.bj,réseausarl.bj,TPE (<10),B2C,Facebook Pages,,Actif,2026-06-29T00:15:34.244138,haute
BJ-D5B8D189,Digital Communication International,Télécommunications,Aplahoué,+229 93 75 99 31,,digitalcommunicationinternational.bj,TPE (<10),B2C,Facebook Pages,,Actif,2026-06-29T00:15:34.244154,moyenne
BJ-01E33890,Internet Bénin,Télécommunications,Aplahoué,+229 99 85 11 14,internet.bénin@internet.bénin.com,internetbénin.bj,PME (10-50),B2C,Facebook Pages,,Actif,2026-06-29T00:15:34.244169,haute
BJ-2DF77002,Mobile Connect Aplahoué,Télécommunications,Aplahoué,+229 59 60 75 51,mobile.connect.aplahoué@mobile.connect.aplahoué.org,mobileconnectaplahoué.bj,TPE (<10),B2C,Facebook Pages,,Actif,2026-06-29T00:15:34.244185,haute
BJ-5F4333BB,Télécom Télécom International,Télécommunications,Aplahoué,+229 77 16 59 97,télécom.télécom.international@télécom.télécom.international.net,télécomtélécominternational.bj,TPE (<10),B2B,Facebook Pages,,Actif,2026-06-29T00:15:34.244200,haute
BJ-2CED9DB9,Connect Réseau,Télécommunications,Aplahoué,+229 54 67 88 53,connect.réseau@connect.réseau.com,connectréseau.bj,TPE (<10),B2C,Facebook Pages,,Actif,2026-06-29T00:15:34.244213,haute
BJ-2D01C002,Data SARL,Télécommunications,Dogbo-Tota,+229 46 76 42 95,data.sarl@data.sarl.benin,,PME (50-200),B2B,Facebook Pages,,Actif,2026-06-29T00:15:34.244230,moyenne
BJ-7075422E,Digital Communication,Télécommunications,Dogbo-Tota,+229 88 43 48 98,digital.communication@digital.communication.bj,digitalcommunication.bj,PME (50-200),B2C,Facebook Pages,,Actif,2026-06-29T00:15:34.244241,haute
BJ-475A23B7,Mobile Réseau Bénin,Télécommunications,Dogbo-Tota,+229 80 31 25 22,mobile.réseau.bénin@mobile.réseau.bénin.bj,mobileréseaubénin.bj,PME (10-50),B2C,Facebook Pages,,Actif,2026-06-29T00:15:34.244254,haute
BJ-BFCB51D6,Réseau Internet,Télécommunications,Dogbo-Tota,+229 35 82 83 94,,réseauinternet.bj,PME (50-200),B2B,Facebook Pages,,Actif,2026-06-29T00:15:34.244264,moyenne
BJ-6C43CE6C,Réseau Dogbo-Tota,Télécommunications,Dogbo-Tota,+229 32 19 70 12,réseau.dogbotota@réseau.dogbotota.com,,TPE (<10),B2C,Facebook Pages,,Actif,2026-06-29T00:15:34.244275,moyenne
BJ-C28919CB,Tech,Télécommunications,Kpomassè,+229 56 39 88 66,tech@tech.com,,PME (10-50),B2C,Facebook Pages,,Actif,2026-06-29T00:15:34.244295,moyenne
BJ-E2213D5A,Réseau Mobile Bénin Kpomassè,Télécommunications,Kpomassè,+229 54 85 51 87,réseau.mobile.bénin.kpomassè@réseau.mobile.bénin.kpomassè.com,,Grande (>200),B2C,Facebook Pages,,Actif,2026-06-29T00:15:34.244310,moyenne
BJ-CDF2CF9A,Télécom Tech Africa,Télécommunications,Kpomassè,+229 55 65 16 69,télécom.tech.africa@télécom.tech.africa.benin,télécomtechafrica.bj,Grande (>200),B2C,Facebook Pages,,Actif,2026-06-29T00:15:34.244339,haute
BJ-FA6F0A59,Mobile Voice,Télécommunications,Kpomassè,+229 76 92 22 74,mobile.voice@mobile.voice.net,mobilevoice.bj,PME (50-200),B2B,Facebook Pages,,Actif,2026-06-29T00:15:34.244351,haute
BJ-E568242F,Satellite,Télécommunications,Tori-Bossito,+229 60 54 55 56,satellite@satellite.bj,satellite.bj,TPE (<10),B2B,Facebook Pages,,Actif,2026-06-29T00:15:34.244385,haute
BJ-7A81DB8E,Télécom Réseau Bénin,Télécommunications,Tori-Bossito,+229 27 82 76 47,télécom.réseau.bénin@télécom.réseau.bénin.benin,télécomréseaubénin.bj,PME (10-50),B2C,Facebook Pages,,Actif,2026-06-29T00:15:34.244411,haute
BJ-E6DB870E,Internet Internet,Télécommunications,Tori-Bossito,+229 48 38 35 77,internet.internet@internet.internet.com,internetinternet.bj,PME (50-200),B2C,Facebook Pages,,Actif,2026-06-29T00:15:34.244430,haute
BJ-0A8C793E,Satellite SARL,Télécommunications,Tori-Bossito,+229 80 65 99 19,satellite.sarl@satellite.sarl.bj,satellitesarl.bj,PME (10-50),B2C,Facebook Pages,,Actif,2026-06-29T00:15:34.244455,haute
BJ-FE16DBE9,Réseau Digital Groupe,Télécommunications,Tori-Bossito,+229 83 55 21 16,réseau.digital.groupe@réseau.digital.groupe.net,réseaudigitalgroupe.bj,PME (10-50),B2C,Facebook Pages,,Actif,2026-06-29T00:15:34.244469,haute
BJ-A7ABD369,Mobile Satellite,Télécommunications,Grand-Popo,+229 99 92 38 85,,mobilesatellite.bj,TPE (<10),B2B,Facebook Pages,,Actif,2026-06-29T00:15:34.244489,moyenne
BJ-D07399AE,Tech International,Télécommunications,Grand-Popo,+229 23 69 40 60,tech.international@tech.international.benin,techinternational.bj,PME (50-200),B2C,Facebook Pages,,Actif,2026-06-29T00:15:34.244517,haute
BJ-3D6E8F83,Digital Digital Bénin,Télécommunications,Grand-Popo,+229 69 18 34 62,digital.digital.bénin@digital.digital.bénin.benin,,TPE (<10),B2C,Facebook Pages,,Actif,2026-06-29T00:15:34.244530,moyenne
BJ-2C28CF30,Data Africa Grand-Popo,Télécommunications,Grand-Popo,+229 53 87 94 63,,dataafricagrandpopo.bj,Grande (>200),B2C,Facebook Pages,,Actif,2026-06-29T00:15:34.244541,moyenne
BJ-9B22CBBF,Digital Africa,Télécommunications,Athiémé,+229 53 81 57 44,digital.africa@digital.africa.benin,digitalafrica.bj,TPE (<10),B2C,Facebook Pages,,Actif,2026-06-29T00:15:34.244559,haute
BJ-8BAA488B,Réseau Réseau,Télécommunications,Athiémé,+229 78 76 18 11,réseau.réseau@réseau.réseau.net,réseauréseau.bj,PME (10-50),B2B,Facebook Pages,,Actif,2026-06-29T00:15:34.244574,haute
BJ-B0ED0ACE,Connect Wireless SARL,Télécommunications,Athiémé,+229 32 93 11 84,connect.wireless.sarl@connect.wireless.sarl.net,connectwirelesssarl.bj,TPE (<10),B2C,Facebook Pages,,Actif,2026-06-29T00:15:34.244602,haute
BJ-0DEDC99F,Internet Télécom Bénin,Télécommunications,Athiémé,+229 29 95 49 31,internet.télécom.bénin@internet.télécom.bénin.bj,internettélécombénin.bj,TPE (<10),B2C,Facebook Pages,,Actif,2026-06-29T00:15:34.244615,haute
BJ-2A63CFED,Internet Connect,Télécommunications,Athiémé,+229 77 99 17 39,,,TPE (<10),B2C,Facebook Pages,,Actif,2026-06-29T00:15:34.244625,basse
BJ-BEF424A5,Fiber,Télécommunications,Bopa,+229 84 40 96 60,fiber@fiber.net,fiber.bj,TPE (<10),B2B,Facebook Pages,,Actif,2026-06-29T00:15:34.244642,haute
BJ-1C452CC6,Digital Connect,Télécommunications,Bopa,+229 91 26 83 93,digital.connect@digital.connect.benin,digitalconnect.bj,PME (10-50),B2B,Facebook Pages,,Actif,2026-06-29T00:15:34.244661,haute
BJ-1746F53E,Tech Bénin Bopa,Télécommunications,Bopa,+229 42 30 23 90,,techbéninbopa.bj,TPE (<10),B2C,Facebook Pages,,Actif,2026-06-29T00:15:34.244673,moyenne
BJ-D74E1004,Data Telecom,Télécommunications,Bopa,+229 21 89 32 39,data.telecom@data.telecom.com,datatelecom.bj,Grande (>200),B2B,Facebook Pages,,Actif,2026-06-29T00:15:34.244684,haute
BJ-2B102198,Tech,Télécommunications,Bopa,+229 99 63 60 21,,,PME (50-200),B2C,Facebook Pages,,Actif,2026-06-29T00:15:34.244694,basse
BJ-5298BBAD,Réseau Digital SA,Télécommunications,Houéyogbé,+229 34 59 68 98,réseau.digital.sa@réseau.digital.sa.com,réseaudigitalsa.bj,PME (10-50),B2C,Facebook Pages,,Actif,2026-06-29T00:15:34.244712,haute
BJ-E81203BF,Digital Voice,Télécommunications,Houéyogbé,+229 89 54 54 57,digital.voice@digital.voice.bj,digitalvoice.bj,TPE (<10),B2C,Facebook Pages,,Actif,2026-06-29T00:15:34.244724,haute
BJ-E71B18AB,Internet Internet SA,Télécommunications,Houéyogbé,+229 54 11 58 19,internet.internet.sa@internet.internet.sa.net,internetinternetsa.bj,PME (50-200),B2C,Facebook Pages,,Actif,2026-06-29T00:15:34.244735,haute
BJ-602955E9,Télécom Houéyogbé,Télécommunications,Houéyogbé,+229 60 46 53 28,télécom.houéyogbé@télécom.houéyogbé.bj,télécomhouéyogbé.bj,PME (10-50),B2C,Facebook Pages,,Actif,2026-06-29T00:15:34.244747,haute
BJ-582DD0ED,Réseau Communication SARL Houéyogbé,Télécommunications,Houéyogbé,+229 77 73 22 87,réseau.communication.sarl.houéyogbé@réseau.communication.sarl.houéyogbé.com,réseaucommunicationsarlhouéyogbé.bj,TPE (<10),B2B,Facebook Pages,,Actif,2026-06-29T00:15:34.244759,haute
BJ-BE10F61C,Digital Communication,Télécommunications,Malanville,+229 87 41 32 38,digital.communication@digital.communication.bj,digitalcommunication.bj,PME (10-50),B2C,Facebook Pages,,Actif,2026-06-29T00:15:34.244776,haute
BJ-950CB677,Digital Bénin Malanville,Télécommunications,Malanville,+229 43 17 19 81,digital.bénin.malanville@digital.bénin.malanville.com,,PME (10-50),B2C,Facebook Pages,,Actif,2026-06-29T00:15:34.244791,moyenne
BJ-7394DFCD,Télécom SA Malanville,Télécommunications,Malanville,+229 63 10 39 25,,,PME (10-50),B2C,Facebook Pages,,Actif,2026-06-29T00:15:34.244807,basse
BJ-F44634C6,Télécom Tech Bénin,Télécommunications,Malanville,+229 56 44 46 59,télécom.tech.bénin@télécom.tech.bénin.bj,,PME (10-50),B2B,Facebook Pages,,Actif,2026-06-29T00:15:34.244819,moyenne
BJ-8A6FA30D,Mobile Satellite,Télécommunications,Malanville,+229 44 47 86 13,mobile.satellite@mobile.satellite.bj,mobilesatellite.bj,PME (10-50),B2C,Facebook Pages,,Actif,2026-06-29T00:15:34.244830,haute
BJ-FF1B8676,Digital Kandi,Télécommunications,Kandi,+229 59 38 33 77,digital.kandi@digital.kandi.net,digitalkandi.bj,Grande (>200),B2B,Facebook Pages,,Actif,2026-06-29T00:15:34.244847,haute
BJ-5876B761,Digital Internet International,Télécommunications,Kandi,+229 51 38 52 94,,digitalinternetinternational.bj,PME (10-50),B2C,Facebook Pages,,Actif,2026-06-29T00:15:34.244857,moyenne
BJ-0202CAEA,Télécom Communication,Télécommunications,Kandi,+229 28 93 58 94,télécom.communication@télécom.communication.bj,,PME (10-50),B2B,Facebook Pages,,Actif,2026-06-29T00:15:34.244868,moyenne
BJ-05AA4896,Tech,Télécommunications,Kandi,+229 52 77 42 44,,,TPE (<10),B2B,Facebook Pages,,Actif,2026-06-29T00:15:34.244878,basse
BJ-D4D8062B,Connect Communication Kandi,Télécommunications,Kandi,+229 26 73 38 67,connect.communication.kandi@connect.communication.kandi.org,connectcommunicationkandi.bj,Grande (>200),B2C,Facebook Pages,,Actif,2026-06-29T00:15:34.244898,haute
BJ-90026E13,Digital Communication,Télécommunications,Banikoara,+229 67 42 97 65,,,TPE (<10),B2C,Facebook Pages,,Actif,2026-06-29T00:15:34.244947,basse
BJ-25B195BE,Digital Internet SA Banikoara,Télécommunications,Banikoara,+229 70 25 92 94,digital.internet.sa.banikoara@digital.internet.sa.banikoara.benin,digitalinternetsabanikoara.bj,PME (10-50),B2B,Facebook Pages,,Actif,2026-06-29T00:15:34.244966,haute
BJ-D2332315,Satellite,Télécommunications,Banikoara,+229 21 52 24 26,satellite@satellite.org,,PME (50-200),B2B,Facebook Pages,,Actif,2026-06-29T00:15:34.244977,moyenne
BJ-BBE0604B,Connect SA,Télécommunications,Banikoara,+229 76 52 64 67,connect.sa@connect.sa.net,connectsa.bj,TPE (<10),B2C,Facebook Pages,,Actif,2026-06-29T00:15:34.244988,haute
BJ-E0CB2E66,Réseau International,Télécommunications,Banikoara,+229 85 88 35 18,réseau.international@réseau.international.net,réseauinternational.bj,TPE (<10),B2B,Facebook Pages,,Actif,2026-06-29T00:15:34.245014,haute
BJ-04AB3BD6,Réseau Wireless Ségbana,Télécommunications,Ségbana,+229 92 40 85 40,réseau.wireless.ségbana@réseau.wireless.ségbana.org,réseauwirelessségbana.bj,TPE (<10),B2C,Facebook Pages,,Actif,2026-06-29T00:15:34.245033,haute
BJ-E9496260,Satellite Ségbana,Télécommunications,Ségbana,+229 77 63 70 95,,satelliteségbana.bj,PME (50-200),B2C,Facebook Pages,,Actif,2026-06-29T00:15:34.245045,moyenne
BJ-D3D679E4,Connect Communication,Télécommunications,Ségbana,+229 82 84 58 21,connect.communication@connect.communication.com,connectcommunication.bj,TPE (<10),B2B,Facebook Pages,,Actif,2026-06-29T00:15:34.245056,haute
BJ-66AB91FB,Télécom Tech,Télécommunications,Ségbana,+229 44 35 55 48,télécom.tech@télécom.tech.bj,télécomtech.bj,PME (10-50),B2B,Facebook Pages,,Actif,2026-06-29T00:15:34.245071,haute
BJ-AB71EE59,Télécom Wireless,Télécommunications,Ségbana,+229 38 21 53 10,télécom.wireless@télécom.wireless.bj,télécomwireless.bj,PME (50-200),B2C,Facebook Pages,,Actif,2026-06-29T00:15:34.245083,haute
BJ-500BE50A,Internet Digital Africa Karimama,Télécommunications,Karimama,+229 84 74 83 24,internet.digital.africa.karimama@internet.digital.africa.karimama.benin,internetdigitalafricakarimama.bj,PME (50-200),B2C,Facebook Pages,,Actif,2026-06-29T00:15:34.245104,haute
BJ-121D2BC4,Réseau Mobile Africa Karimama,Télécommunications,Karimama,+229 30 46 52 96,réseau.mobile.africa.karimama@réseau.mobile.africa.karimama.net,,PME (10-50),B2B,Facebook Pages,,Actif,2026-06-29T00:15:34.245116,moyenne
BJ-3611D275,Réseau Communication Groupe,Télécommunications,Karimama,+229 65 35 55 56,réseau.communication.groupe@réseau.communication.groupe.org,réseaucommunicationgroupe.bj,PME (10-50),B2C,Facebook Pages,,Actif,2026-06-29T00:15:34.245131,haute
BJ-84630DD4,Digital Internet SA,Télécommunications,Karimama,+229 64 21 49 19,digital.internet.sa@digital.internet.sa.benin,digitalinternetsa.bj,PME (50-200),B2B,Facebook Pages,,Actif,2026-06-29T00:15:34.245142,haute
BJ-175369E4,Data Africa,Télécommunications,Karimama,+229 31 18 56 20,data.africa@data.africa.com,,TPE (<10),B2C,Facebook Pages,,Actif,2026-06-29T00:15:34.245153,moyenne
BJ-979AB01D,Satellite,Télécommunications,Gogounou,+229 94 32 17 70,satellite@satellite.net,,PME (10-50),B2B,Facebook Pages,,Actif,2026-06-29T00:15:34.245169,moyenne
BJ-514D8AF8,Télécom Télécom Groupe,Télécommunications,Gogounou,+229 26 95 99 38,télécom.télécom.groupe@télécom.télécom.groupe.net,télécomtélécomgroupe.bj,PME (10-50),B2C,Facebook Pages,,Actif,2026-06-29T00:15:34.245181,haute
BJ-A373E745,Réseau Tech,Télécommunications,Gogounou,+229 34 72 40 44,réseau.tech@réseau.tech.net,réseautech.bj,TPE (<10),B2B,Facebook Pages,,Actif,2026-06-29T00:15:34.245204,haute
BJ-9056A621,Data Gogounou,Télécommunications,Gogounou,+229 74 17 41 25,,,TPE (<10),B2B,Facebook Pages,,Actif,2026-06-29T00:15:34.245213,basse
BJ-FE184D63,Internet Voice,Télécommunications,Cobly,+229 38 94 77 76,,internetvoice.bj,PME (10-50),B2B,Facebook Pages,,Actif,2026-06-29T00:15:34.245257,moyenne
BJ-2DC8C370,Digital Internet,Télécommunications,Cobly,+229 85 21 86 56,digital.internet@digital.internet.org,digitalinternet.bj,TPE (<10),B2B,Facebook Pages,,Actif,2026-06-29T00:15:34.245268,haute
BJ-EE438873,Internet Bénin,Télécommunications,Cobly,+229 36 50 55 91,internet.bénin@internet.bénin.bj,internetbénin.bj,Grande (>200),B2C,Facebook Pages,,Actif,2026-06-29T00:15:34.245280,haute
BJ-AFA9D759,Satellite Tanguiéta,Télécommunications,Tanguiéta,+229 99 25 51 27,satellite.tanguiéta@satellite.tanguiéta.net,,TPE (<10),B2B,Facebook Pages,,Actif,2026-06-29T00:15:34.245302,moyenne
BJ-897F1722,Internet Data,Télécommunications,Tanguiéta,+229 59 76 63 55,internet.data@internet.data.com,internetdata.bj,PME (10-50),B2C,Facebook Pages,,Actif,2026-06-29T00:15:34.245314,haute
BJ-1A1A6F03,Réseau Satellite,Télécommunications,Tanguiéta,+229 43 89 80 52,réseau.satellite@réseau.satellite.org,,TPE (<10),B2B,Facebook Pages,,Actif,2026-06-29T00:15:34.245326,moyenne
BJ-D18A7786,Tech,Télécommunications,Tanguiéta,+229 94 92 29 57,tech@tech.bj,,TPE (<10),B2C,Facebook Pages,,Actif,2026-06-29T00:15:34.245337,moyenne
BJ-138309A5,Internet Connect,Télécommunications,Tanguiéta,+229 55 28 71 90,internet.connect@internet.connect.com,internetconnect.bj,PME (50-200),B2B,Facebook Pages,,Actif,2026-06-29T00:15:34.245348,haute
BJ-12C9EDA8,Connect Fiber Africa Matéri,Télécommunications,Matéri,+229 58 31 64 56,connect.fiber.africa.matéri@connect.fiber.africa.matéri.com,connectfiberafricamatéri.bj,TPE (<10),B2C,Facebook Pages,,Actif,2026-06-29T00:15:34.245366,haute
BJ-B5180AD6,Télécom Internet SARL Matéri,Télécommunications,Matéri,+229 47 10 22 80,télécom.internet.sarl.matéri@télécom.internet.sarl.matéri.org,télécominternetsarlmatéri.bj,TPE (<10),B2C,Facebook Pages,,Actif,2026-06-29T00:15:34.245382,haute
BJ-A6E4DDC5,Voice Bénin Matéri,Télécommunications,Matéri,+229 49 31 12 51,,,TPE (<10),B2B,Facebook Pages,,Actif,2026-06-29T00:15:34.245392,basse
BJ-DDDA60A8,Réseau Voice Bénin,Télécommunications,Matéri,+229 59 78 48 32,réseau.voice.bénin@réseau.voice.bénin.org,réseauvoicebénin.bj,PME (10-50),B2B,Facebook Pages,,Actif,2026-06-29T00:15:34.245404,haute
BJ-05CEA8A0,Tech,Télécommunications,Matéri,+229 46 19 22 93,tech@tech.org,tech.bj,PME (50-200),B2C,Facebook Pages,,Actif,2026-06-29T00:15:34.245415,haute
BJ-DCA17EBC,Internet Data SA,Télécommunications,Natitingou,+229 94 79 51 22,internet.data.sa@internet.data.sa.bj,,TPE (<10),B2C,Facebook Pages,,Actif,2026-06-29T00:15:34.245454,moyenne
BJ-71AE7CEF,Internet Africa,Télécommunications,Natitingou,+229 22 34 27 85,,internetafrica.bj,TPE (<10),B2B,Facebook Pages,,Actif,2026-06-29T00:15:34.245464,moyenne
BJ-794BCCE3,Internet Tech,Télécommunications,Natitingou,+229 34 11 16 56,internet.tech@internet.tech.benin,internettech.bj,TPE (<10),B2C,Facebook Pages,,Actif,2026-06-29T00:15:34.245478,haute
BJ-76E7D9B6,Voice Toucountouna,Télécommunications,Toucountouna,+229 51 48 84 98,,,PME (50-200),B2C,Facebook Pages,,Actif,2026-06-29T00:15:34.245494,basse
BJ-77842FC9,Télécom Tech Telecom,Télécommunications,Toucountouna,+229 78 15 39 63,télécom.tech.telecom@télécom.tech.telecom.com,,TPE (<10),B2B,Facebook Pages,,Actif,2026-06-29T00:15:34.245508,moyenne
BJ-01E8EA89,Connect Voice,Télécommunications,Toucountouna,+229 69 64 82 17,,connectvoice.bj,TPE (<10),B2B,Facebook Pages,,Actif,2026-06-29T00:15:34.245519,moyenne
BJ-0C5AE906,Télécom Communication Bénin,Télécommunications,Toucountouna,+229 97 64 67 24,,télécomcommunicationbénin.bj,TPE (<10),B2B,Facebook Pages,,Actif,2026-06-29T00:15:34.245547,moyenne
BJ-8C982242,Télécom Satellite SA,Télécommunications,Toucountouna,+229 82 64 11 83,télécom.satellite.sa@télécom.satellite.sa.bj,télécomsatellitesa.bj,TPE (<10),B2C,Facebook Pages,,Actif,2026-06-29T00:15:34.245573,haute
BJ-54D1AB36,Wireless International,Télécommunications,Boukoumbé,+229 47 50 50 50,wireless.international@wireless.international.bj,wirelessinternational.bj,PME (10-50),B2C,Facebook Pages,,Actif,2026-06-29T00:15:34.245604,haute
BJ-6AAAB74A,Communication Bénin,Télécommunications,Boukoumbé,+229 42 22 53 83,communication.bénin@communication.bénin.com,communicationbénin.bj,TPE (<10),B2B,Facebook Pages,,Actif,2026-06-29T00:15:34.245618,haute
BJ-AFF5824C,Data SA,Télécommunications,Boukoumbé,+229 88 99 86 15,,datasa.bj,TPE (<10),B2C,Facebook Pages,,Actif,2026-06-29T00:15:34.245654,moyenne
BJ-F4819C3F,Digital Télécom Boukoumbé,Télécommunications,Boukoumbé,+229 77 97 91 20,digital.télécom.boukoumbé@digital.télécom.boukoumbé.org,digitaltélécomboukoumbé.bj,PME (10-50),B2C,Facebook Pages,,Actif,2026-06-29T00:15:34.245667,haute
BJ-E7F16134,Internet Mobile,Télécommunications,Kouandé,+229 63 90 31 64,internet.mobile@internet.mobile.org,internetmobile.bj,PME (10-50),B2B,Facebook Pages,,Actif,2026-06-29T00:15:34.245688,haute
BJ-28567CFB,Connect,Télécommunications,Kouandé,+229 22 41 59 59,connect@connect.bj,connect.bj,TPE (<10),B2C,Facebook Pages,,Actif,2026-06-29T00:15:34.245703,haute
BJ-63B8869A,Mobile Fiber,Télécommunications,Kouandé,+229 37 86 41 19,mobile.fiber@mobile.fiber.org,mobilefiber.bj,PME (50-200),B2B,Facebook Pages,,Actif,2026-06-29T00:15:34.245715,haute
BJ-CE133152,Télécom Telecom,Télécommunications,Kouandé,+229 24 76 79 39,télécom.telecom@télécom.telecom.net,télécomtelecom.bj,TPE (<10),B2C,Facebook Pages,,Actif,2026-06-29T00:15:34.245731,haute
BJ-0A10F685,Télécom Bénin,Télécommunications,Kouandé,+229 99 31 35 42,télécom.bénin@télécom.bénin.benin,télécombénin.bj,TPE (<10),B2C,Facebook Pages,,Actif,2026-06-29T00:15:34.245743,haute
BJ-4176A1BB,Télécom Télécom International,Télécommunications,Péhunco,+229 79 99 26 26,télécom.télécom.international@télécom.télécom.international.com,télécomtélécominternational.bj,TPE (<10),B2B,Facebook Pages,,Actif,2026-06-29T00:15:34.245762,haute
BJ-17E26762,Réseau,Télécommunications,Péhunco,+229 24 30 18 91,réseau@réseau.com,réseau.bj,PME (10-50),B2C,Facebook Pages,,Actif,2026-06-29T00:15:34.245789,haute
BJ-9F80FB90,Télécom Data SARL,Télécommunications,Péhunco,+229 24 41 96 61,télécom.data.sarl@télécom.data.sarl.com,télécomdatasarl.bj,TPE (<10),B2B,Facebook Pages,,Actif,2026-06-29T00:15:34.245801,haute
BJ-B4B7386E,Communication,Télécommunications,Péhunco,+229 99 22 38 49,,communication.bj,PME (10-50),B2B,Facebook Pages,,Actif,2026-06-29T00:15:34.245812,moyenne
BJ-74A12DA8,Fiber Telecom Tchaourou,Télécommunications,Tchaourou,+229 49 86 58 80,fiber.telecom.tchaourou@fiber.telecom.tchaourou.com,fibertelecomtchaourou.bj,TPE (<10),B2B,Facebook Pages,,Actif,2026-06-29T00:15:34.245830,haute
BJ-5315BCB8,Télécom Télécom,Télécommunications,Tchaourou,+229 69 99 16 18,télécom.télécom@télécom.télécom.net,télécomtélécom.bj,TPE (<10),B2B,Facebook Pages,,Actif,2026-06-29T00:15:34.245860,haute
BJ-9F6594C7,Mobile Groupe,Télécommunications,Tchaourou,+229 34 42 34 76,,mobilegroupe.bj,PME (50-200),B2B,Facebook Pages,,Actif,2026-06-29T00:15:34.245871,moyenne
BJ-A5CD50A0,Mobile Bénin,Télécommunications,Tchaourou,+229 58 62 64 34,mobile.bénin@mobile.bénin.net,mobilebénin.bj,TPE (<10),B2B,Facebook Pages,,Actif,2026-06-29T00:15:34.245883,haute
BJ-88EF755F,Data Africa,Télécommunications,Nikki,+229 58 75 17 78,data.africa@data.africa.bj,dataafrica.bj,TPE (<10),B2C,Facebook Pages,,Actif,2026-06-29T00:15:34.245928,haute
BJ-B282F061,Internet,Télécommunications,Nikki,+229 35 87 67 90,internet@internet.net,internet.bj,TPE (<10),B2C,Facebook Pages,,Actif,2026-06-29T00:15:34.245941,haute
BJ-B3F8D409,Réseau Connect Nikki,Télécommunications,Nikki,+229 80 58 11 13,,réseauconnectnikki.bj,TPE (<10),B2C,Facebook Pages,,Actif,2026-06-29T00:15:34.245952,moyenne
BJ-6C835215,Internet Tech Africa,Télécommunications,Nikki,+229 78 74 41 80,internet.tech.africa@internet.tech.africa.benin,internettechafrica.bj,PME (10-50),B2B,Facebook Pages,,Actif,2026-06-29T00:15:34.245980,haute
BJ-02854209,Connect,Télécommunications,Nikki,+229 35 34 57 18,connect@connect.com,connect.bj,Grande (>200),B2C,Facebook Pages,,Actif,2026-06-29T00:15:34.245992,haute
BJ-BADE6C13,Connect Communication,Télécommunications,Bembéréké,+229 70 53 84 50,connect.communication@connect.communication.net,,TPE (<10),B2B,Facebook Pages,,Actif,2026-06-29T00:15:34.246009,moyenne
BJ-9F105040,Télécom Télécom Telecom,Télécommunications,Bembéréké,+229 71 84 99 71,télécom.télécom.telecom@télécom.télécom.telecom.org,,TPE (<10),B2B,Facebook Pages,,Actif,2026-06-29T00:15:34.246026,moyenne
BJ-3AF401FC,Connect Fiber Telecom Bembéréké,Télécommunications,Bembéréké,+229 82 95 86 40,,connectfibertelecombembéréké.bj,PME (50-200),B2C,Facebook Pages,,Actif,2026-06-29T00:15:34.246038,moyenne
BJ-CFB25085,Connect Wireless International,Télécommunications,Bembéréké,+229 20 74 14 77,connect.wireless.international@connect.wireless.international.net,connectwirelessinternational.bj,PME (10-50),B2B,Facebook Pages,,Actif,2026-06-29T00:15:34.246062,haute
BJ-31AD6D07,Internet Fiber International,Télécommunications,Kalalé,+229 82 80 83 98,,internetfiberinternational.bj,TPE (<10),B2B,Facebook Pages,,Actif,2026-06-29T00:15:34.246079,moyenne
BJ-F35C0858,Télécom Réseau,Télécommunications,Kalalé,+229 76 49 93 82,télécom.réseau@télécom.réseau.bj,télécomréseau.bj,TPE (<10),B2B,Facebook Pages,,Actif,2026-06-29T00:15:34.246094,haute
BJ-FD09C957,Satellite Africa Kalalé,Télécommunications,Kalalé,+229 87 95 33 31,satellite.africa.kalalé@satellite.africa.kalalé.com,satelliteafricakalalé.bj,PME (50-200),B2C,Facebook Pages,,Actif,2026-06-29T00:15:34.246107,haute
BJ-8E7AF2E6,Réseau Internet,Télécommunications,Kalalé,+229 25 57 59 70,réseau.internet@réseau.internet.bj,réseauinternet.bj,PME (50-200),B2C,Facebook Pages,,Actif,2026-06-29T00:15:34.246119,haute
BJ-E51E06D1,Internet,Télécommunications,Kalalé,+229 73 20 94 73,internet@internet.bj,internet.bj,Grande (>200),B2C,Facebook Pages,,Actif,2026-06-29T00:15:34.246130,haute
BJ-69092870,Télécom Réseau Telecom,Télécommunications,Ndali,+229 44 17 85 47,télécom.réseau.telecom@télécom.réseau.telecom.org,télécomréseautelecom.bj,Grande (>200),B2B,Facebook Pages,,Actif,2026-06-29T00:15:34.246162,haute
BJ-D8A3E25B,Internet Fiber Ndali,Télécommunications,Ndali,+229 46 55 58 86,,internetfiberndali.bj,TPE (<10),B2B,Facebook Pages,,Actif,2026-06-29T00:15:34.246173,moyenne
BJ-48466678,Réseau Digital Ndali,Télécommunications,Ndali,+229 44 83 97 23,réseau.digital.ndali@réseau.digital.ndali.bj,réseaudigitalndali.bj,TPE (<10),B2C,Facebook Pages,,Actif,2026-06-29T00:15:34.246185,haute
BJ-FE44710B,Fiber Groupe,Télécommunications,Ndali,+229 25 62 47 91,fiber.groupe@fiber.groupe.benin,fibergroupe.bj,TPE (<10),B2C,Facebook Pages,,Actif,2026-06-29T00:15:34.246197,haute
BJ-1356C186,Internet Communication,Télécommunications,Ségbana,+229 87 61 61 41,internet.communication@internet.communication.net,,TPE (<10),B2B,Facebook Pages,,Actif,2026-06-29T00:15:34.246239,moyenne
BJ-502CE377,Digital Communication Groupe,Télécommunications,Ségbana,+229 29 63 24 73,digital.communication.groupe@digital.communication.groupe.net,digitalcommunicationgroupe.bj,PME (10-50),B2B,Facebook Pages,,Actif,2026-06-29T00:15:34.246250,haute
BJ-2C23FE0D,Digital Wireless Ségbana,Télécommunications,Ségbana,+229 99 30 91 90,,digitalwirelessségbana.bj,PME (50-200),B2B,Facebook Pages,,Actif,2026-06-29T00:15:34.246262,moyenne
BJ-76DCB0E8,Mobile Tech Tchaourou,Télécommunications,Tchaourou,+229 88 21 56 60,,mobiletechtchaourou.bj,PME (50-200),B2C,Facebook Pages,,Actif,2026-06-29T00:15:34.246278,moyenne
BJ-4DE06B8B,Internet,Télécommunications,Tchaourou,+229 62 89 90 41,,internet.bj,TPE (<10),B2C,Facebook Pages,,Actif,2026-06-29T00:15:34.246291,moyenne
BJ-6C7C352F,Voice Tchaourou,Télécommunications,Tchaourou,+229 94 99 95 71,voice.tchaourou@voice.tchaourou.org,,TPE (<10),B2C,Facebook Pages,,Actif,2026-06-29T00:15:34.246303,moyenne
BJ-D1854A8E,Internet Satellite Tchaourou,Télécommunications,Tchaourou,+229 38 70 94 27,internet.satellite.tchaourou@internet.satellite.tchaourou.org,internetsatellitetchaourou.bj,TPE (<10),B2C,Facebook Pages,,Actif,2026-06-29T00:15:34.246314,haute
BJ-8FC7F14F,Wireless Bénin,Télécommunications,Tchaourou,+229 48 69 25 54,wireless.bénin@wireless.bénin.org,,TPE (<10),B2C,Facebook Pages,,Actif,2026-06-29T00:15:34.246326,moyenne
BJ-FE1ED69A,Connect SA,Télécommunications,Bétérou,+229 71 22 79 77,connect.sa@connect.sa.bj,connectsa.bj,TPE (<10),B2C,Facebook Pages,,Actif,2026-06-29T00:15:34.246343,haute
BJ-FE467948,Connect Satellite,Télécommunications,Bétérou,+229 98 46 47 21,connect.satellite@connect.satellite.org,connectsatellite.bj,TPE (<10),B2C,Facebook Pages,,Actif,2026-06-29T00:15:34.246354,haute
BJ-7C000B26,Communication Telecom,Télécommunications,Bétérou,+229 37 42 26 17,communication.telecom@communication.telecom.benin,,PME (50-200),B2B,Facebook Pages,,Actif,2026-06-29T00:15:34.246375,moyenne
BJ-FB01051F,Satellite Bénin,Télécommunications,Bétérou,+229 96 32 47 35,satellite.bénin@satellite.bénin.net,satellitebénin.bj,TPE (<10),B2B,Facebook Pages,,Actif,2026-06-29T00:15:34.246387,haute
BJ-1BE81138,Internet Connect,Télécommunications,Ouessè,+229 53 86 84 40,internet.connect@internet.connect.com,,PME (50-200),B2B,Facebook Pages,,Actif,2026-06-29T00:15:34.246449,moyenne
BJ-B281A6BE,Internet,Télécommunications,Ouessè,+229 75 58 97 83,,internet.bj,TPE (<10),B2C,Facebook Pages,,Actif,2026-06-29T00:15:34.246473,moyenne
BJ-0CEC5FEA,Télécom Télécom,Télécommunications,Glazoué,+229 62 13 83 66,télécom.télécom@télécom.télécom.net,télécomtélécom.bj,PME (10-50),B2B,Facebook Pages,,Actif,2026-06-29T00:15:34.246609,haute
BJ-06FC2840,Connect Mobile SARL Glazoué,Télécommunications,Glazoué,+229 20 69 96 94,connect.mobile.sarl.glazoué@connect.mobile.sarl.glazoué.bj,,PME (50-200),B2C,Facebook Pages,,Actif,2026-06-29T00:15:34.246636,moyenne
BJ-1B86859B,Tech SARL Glazoué,Télécommunications,Glazoué,+229 27 34 12 46,tech.sarl.glazoué@tech.sarl.glazoué.benin,techsarlglazoué.bj,PME (50-200),B2C,Facebook Pages,,Actif,2026-06-29T00:15:34.246652,haute
BJ-76E137CC,Digital Connect,Télécommunications,Glazoué,+229 79 74 62 88,digital.connect@digital.connect.benin,digitalconnect.bj,PME (10-50),B2C,Facebook Pages,,Actif,2026-06-29T00:15:34.246664,haute
BJ-A56736E8,Tech,Télécommunications,Dassa-Zoumè,+229 95 27 33 11,tech@tech.benin,tech.bj,TPE (<10),B2B,Facebook Pages,,Actif,2026-06-29T00:15:34.246685,haute
BJ-511B3CA3,Connect Data,Télécommunications,Dassa-Zoumè,+229 50 99 12 58,connect.data@connect.data.benin,connectdata.bj,PME (50-200),B2C,Facebook Pages,,Actif,2026-06-29T00:15:34.246703,haute
BJ-0F8458F9,Réseau Groupe,Télécommunications,Dassa-Zoumè,+229 74 67 64 58,,réseaugroupe.bj,Grande (>200),B2B,Facebook Pages,,Actif,2026-06-29T00:15:34.246716,moyenne
BJ-29A44DC5,Télécom Data Groupe,Télécommunications,Dassa-Zoumè,+229 45 81 69 14,télécom.data.groupe@télécom.data.groupe.bj,télécomdatagroupe.bj,PME (10-50),B2B,Facebook Pages,,Actif,2026-06-29T00:15:34.246742,haute
BJ-9E13D7BD,Satellite Africa,Télécommunications,Dassa-Zoumè,+229 59 68 84 20,satellite.africa@satellite.africa.benin,satelliteafrica.bj,PME (10-50),B2B,Facebook Pages,,Actif,2026-06-29T00:15:34.246754,haute
BJ-B8A0F8F8,Internet Satellite,Télécommunications,Savalou,+229 29 22 60 20,internet.satellite@internet.satellite.com,internetsatellite.bj,TPE (<10),B2C,Facebook Pages,,Actif,2026-06-29T00:15:34.246771,haute
BJ-27830C72,Internet International,Télécommunications,Savalou,+229 58 25 82 22,internet.international@internet.international.net,internetinternational.bj,TPE (<10),B2B,Facebook Pages,,Actif,2026-06-29T00:15:34.246783,haute
BJ-1CB23CE3,Tech Bénin Savalou,Télécommunications,Savalou,+229 82 38 29 75,tech.bénin.savalou@tech.bénin.savalou.benin,techbéninsavalou.bj,PME (50-200),B2C,Facebook Pages,,Actif,2026-06-29T00:15:34.246796,haute
BJ-466CE184,Digital Voice Africa,Télécommunications,Savalou,+229 60 44 29 60,digital.voice.africa@digital.voice.africa.org,digitalvoiceafrica.bj,PME (10-50),B2C,Facebook Pages,,Actif,2026-06-29T00:15:34.246811,haute
BJ-A8018002,Mobile Mobile,Télécommunications,Savalou,+229 74 15 50 49,mobile.mobile@mobile.mobile.com,mobilemobile.bj,TPE (<10),B2B,Facebook Pages,,Actif,2026-06-29T00:15:34.246823,haute
BJ-A094BAA9,Digital Tech Africa Bantè,Télécommunications,Bantè,+229 41 23 91 59,digital.tech.africa.bantè@digital.tech.africa.bantè.benin,,PME (50-200),B2B,Facebook Pages,,Actif,2026-06-29T00:15:34.246860,moyenne
BJ-F89FCBA1,Wireless SARL,Télécommunications,Bantè,+229 44 46 58 47,wireless.sarl@wireless.sarl.net,wirelesssarl.bj,PME (50-200),B2B,Facebook Pages,,Actif,2026-06-29T00:15:34.246872,haute
BJ-2C8FA6EB,Fiber International,Télécommunications,Bantè,+229 78 80 63 81,fiber.international@fiber.international.com,fiberinternational.bj,TPE (<10),B2B,Facebook Pages,,Actif,2026-06-29T00:15:34.246883,haute
BJ-F1D6DFCF,Internet Wireless Groupe,Télécommunications,Bantè,+229 23 79 75 57,internet.wireless.groupe@internet.wireless.groupe.benin,internetwirelessgroupe.bj,PME (50-200),B2C,Facebook Pages,,Actif,2026-06-29T00:15:34.246923,haute
BJ-94A95173,Communication International Djougou,Télécommunications,Djougou,+229 56 97 95 26,communication.international.djougou@communication.international.djougou.bj,communicationinternationaldjougou.bj,Grande (>200),B2B,Facebook Pages,,Actif,2026-06-29T00:15:34.246963,haute
BJ-B7F2188C,Tech,Télécommunications,Djougou,+229 45 77 63 87,tech@tech.com,tech.bj,TPE (<10),B2C,Facebook Pages,,Actif,2026-06-29T00:15:34.246975,haute
BJ-9755FCE5,Data Groupe,Télécommunications,Djougou,+229 65 61 98 73,data.groupe@data.groupe.benin,datagroupe.bj,TPE (<10),B2B,Facebook Pages,,Actif,2026-06-29T00:15:34.246987,haute
BJ-2FD28BF6,Connect Réseau,Télécommunications,Djougou,+229 82 62 70 92,connect.réseau@connect.réseau.com,connectréseau.bj,PME (10-50),B2B,Facebook Pages,,Actif,2026-06-29T00:15:34.246999,haute
BJ-CB35C53D,Mobile Satellite,Télécommunications,Djougou,+229 75 17 50 33,mobile.satellite@mobile.satellite.benin,,TPE (<10),B2B,Facebook Pages,,Actif,2026-06-29T00:15:34.247010,moyenne
BJ-CDE6562D,Internet Voice Africa,Télécommunications,Ouèssè,+229 90 87 67 53,,,PME (10-50),B2B,Facebook Pages,,Actif,2026-06-29T00:15:34.247026,basse
BJ-5A0D4852,Digital Réseau,Télécommunications,Ouèssè,+229 63 43 48 34,digital.réseau@digital.réseau.org,digitalréseau.bj,PME (10-50),B2C,Facebook Pages,,Actif,2026-06-29T00:15:34.247054,haute
BJ-A20D3650,Télécom Mobile Bénin,Télécommunications,Ouèssè,+229 96 61 78 68,,télécommobilebénin.bj,TPE (<10),B2B,Facebook Pages,,Actif,2026-06-29T00:15:34.247079,moyenne
BJ-E05C03C8,Internet Connect,Télécommunications,Bassila,+229 76 44 26 26,internet.connect@internet.connect.bj,internetconnect.bj,PME (10-50),B2B,Facebook Pages,,Actif,2026-06-29T00:15:34.247097,haute
BJ-48BA21CC,Communication SARL Bassila,Télécommunications,Bassila,+229 88 23 51 56,communication.sarl.bassila@communication.sarl.bassila.net,communicationsarlbassila.bj,PME (50-200),B2C,Facebook Pages,,Actif,2026-06-29T00:15:34.247120,haute
BJ-0F6D7EC5,Tech International Bassila,Télécommunications,Bassila,+229 41 95 52 18,tech.international.bassila@tech.international.bassila.com,,TPE (<10),B2B,Facebook Pages,,Actif,2026-06-29T00:15:34.247159,moyenne
BJ-083B21C5,Communication Telecom Pehunco,Télécommunications,Pehunco,+229 56 64 81 43,communication.telecom.pehunco@communication.telecom.pehunco.bj,communicationtelecompehunco.bj,PME (10-50),B2B,Facebook Pages,,Actif,2026-06-29T00:15:34.247177,haute
BJ-286B5CC2,Internet Digital Pehunco,Télécommunications,Pehunco,+229 32 15 25 42,internet.digital.pehunco@internet.digital.pehunco.bj,internetdigitalpehunco.bj,TPE (<10),B2B,Facebook Pages,,Actif,2026-06-29T00:15:34.247205,haute
BJ-2E4076E2,Voice Bénin,Télécommunications,Pehunco,+229 81 55 74 84,voice.bénin@voice.bénin.com,voicebénin.bj,PME (10-50),B2B,Facebook Pages,,Actif,2026-06-29T00:15:34.247218,haute
BJ-BF72B517,Tech Africa,Télécommunications,Pehunco,+229 30 84 57 81,tech.africa@tech.africa.org,techafrica.bj,TPE (<10),B2C,Facebook Pages,,Actif,2026-06-29T00:15:34.247230,haute
BJ-3F61F24E,Wireless,Télécommunications,Copargo,+229 71 82 13 48,wireless@wireless.net,wireless.bj,PME (50-200),B2C,Facebook Pages,,Actif,2026-06-29T00:15:34.247257,haute
BJ-685934BE,Réseau Tech,Télécommunications,Copargo,+229 26 83 98 99,réseau.tech@réseau.tech.bj,réseautech.bj,PME (50-200),B2C,Facebook Pages,,Actif,2026-06-29T00:15:34.247294,haute
BJ-77C0D6C0,Data Africa,Télécommunications,Copargo,+229 24 21 23 57,data.africa@data.africa.org,dataafrica.bj,TPE (<10),B2C,Facebook Pages,,Actif,2026-06-29T00:15:34.247309,haute
BJ-C7D543F6,Connect Wireless Copargo,Télécommunications,Copargo,+229 91 21 46 31,connect.wireless.copargo@connect.wireless.copargo.com,connectwirelesscopargo.bj,PME (10-50),B2B,Facebook Pages,,Actif,2026-06-29T00:15:34.247323,haute
BJ-DE8C53CC,Industrie Plantation,Agriculture & Agroalimentaire,Cotonou,+229 63 64 89 68,,industrieplantation.bj,PME (10-50),B2B,Facebook Pages,,Actif,2026-06-29T00:15:34.247344,moyenne
BJ-55BF484D,Agro,Agriculture & Agroalimentaire,Cotonou,+229 97 42 41 82,agro@agro.org,,TPE (<10),B2C,Facebook Pages,,Actif,2026-06-29T00:15:34.247358,moyenne
BJ-5DC7897D,Groupe Agriculture Groupe,Agriculture & Agroalimentaire,Cotonou,+229 48 76 79 86,groupe.agriculture.groupe@groupe.agriculture.groupe.bj,,TPE (<10),B2C,Facebook Pages,,Actif,2026-06-29T00:15:34.247370,moyenne
BJ-D4109C17,Plantation Bétail Agro Cotonou,Agriculture & Agroalimentaire,Cotonou,+229 22 18 31 91,,plantationbétailagrocotonou.bj,PME (10-50),B2C,Facebook Pages,,Actif,2026-06-29T00:15:34.247383,moyenne
BJ-89E2911F,Groupe Ferme Plantation,Agriculture & Agroalimentaire,Cotonou,+229 68 40 76 51,,,PME (10-50),B2B,Facebook Pages,,Actif,2026-06-29T00:15:34.247393,basse
BJ-9B29C48B,Élevage,Agriculture & Agroalimentaire,Abomey-Calavi,+229 85 88 29 76,,élevage.bj,Grande (>200),B2C,Facebook Pages,,Actif,2026-06-29T00:15:34.247410,moyenne
BJ-E2E0047C,Agro Céréale Agro,Agriculture & Agroalimentaire,Abomey-Calavi,+229 53 45 81 39,,agrocéréaleagro.bj,PME (10-50),B2C,Facebook Pages,,Actif,2026-06-29T00:15:34.247421,moyenne
BJ-ED7421FD,Agro Pêche Farm,Agriculture & Agroalimentaire,Abomey-Calavi,+229 58 53 73 47,,,TPE (<10),B2C,Facebook Pages,,Actif,2026-06-29T00:15:34.247432,basse
BJ-2654D0EF,Alimentaire Africa,Agriculture & Agroalimentaire,Abomey-Calavi,+229 75 13 90 51,alimentaire.africa@alimentaire.africa.benin,alimentaireafrica.bj,TPE (<10),B2B,Facebook Pages,,Actif,2026-06-29T00:15:34.247443,haute
BJ-044B8DEA,Agro Africa Abomey-Calavi,Agriculture & Agroalimentaire,Abomey-Calavi,+229 35 31 12 24,agro.africa.abomeycalavi@agro.africa.abomeycalavi.net,,PME (10-50),B2B,Facebook Pages,,Actif,2026-06-29T00:15:34.247455,moyenne
BJ-8BFA98B2,Céréale,Agriculture & Agroalimentaire,Porto-Novo,+229 26 93 87 86,céréale@céréale.com,céréale.bj,PME (10-50),B2C,Facebook Pages,,Actif,2026-06-29T00:15:34.247472,haute
BJ-32C3D24A,Production Aquaculture Africa,Agriculture & Agroalimentaire,Porto-Novo,+229 69 62 38 70,production.aquaculture.africa@production.aquaculture.africa.net,,TPE (<10),B2C,Facebook Pages,,Actif,2026-06-29T00:15:34.247487,moyenne
BJ-52F38F01,Légume Agro,Agriculture & Agroalimentaire,Porto-Novo,+229 96 20 22 49,légume.agro@légume.agro.bj,légumeagro.bj,Grande (>200),B2C,Facebook Pages,,Actif,2026-06-29T00:15:34.247500,haute
BJ-D8F50B92,Agro Farm,Agriculture & Agroalimentaire,Porto-Novo,+229 73 35 99 18,agro.farm@agro.farm.net,,PME (50-200),B2C,Facebook Pages,,Actif,2026-06-29T00:15:34.247521,moyenne
BJ-81F9AD58,Plantation Agro Agro Parakou,Agriculture & Agroalimentaire,Parakou,+229 39 51 15 73,plantation.agro.agro.parakou@plantation.agro.agro.parakou.net,,TPE (<10),B2C,Facebook Pages,,Actif,2026-06-29T00:15:34.247538,moyenne
BJ-81934CFF,Ferme Africa,Agriculture & Agroalimentaire,Parakou,+229 57 13 31 93,,,TPE (<10),B2B,Facebook Pages,,Actif,2026-06-29T00:15:34.247562,basse
BJ-617C06B2,Ets Légume,Agriculture & Agroalimentaire,Parakou,+229 36 32 34 63,,,PME (10-50),B2C,Facebook Pages,,Actif,2026-06-29T00:15:34.247572,basse
BJ-8C01AE65,SARL Bétail Farm Parakou,Agriculture & Agroalimentaire,Parakou,+229 61 11 39 31,,,PME (50-200),B2C,Facebook Pages,,Actif,2026-06-29T00:15:34.247582,basse
BJ-34460611,Plantation Ets,Agriculture & Agroalimentaire,Bohicon,+229 93 50 39 50,,,PME (10-50),B2B,Facebook Pages,,Actif,2026-06-29T00:15:34.247597,basse
BJ-CB0AAB54,Agro,Agriculture & Agroalimentaire,Bohicon,+229 43 55 84 39,agro@agro.com,,PME (50-200),B2B,Facebook Pages,,Actif,2026-06-29T00:15:34.247611,moyenne
BJ-EBD18D91,Ets Industrie Bénin,Agriculture & Agroalimentaire,Bohicon,+229 93 62 32 66,,etsindustriebénin.bj,TPE (<10),B2B,Facebook Pages,,Actif,2026-06-29T00:15:34.247623,moyenne
BJ-A7DE0B50,Pêche Groupe,Agriculture & Agroalimentaire,Bohicon,+229 62 93 30 33,pêche.groupe@pêche.groupe.bj,pêchegroupe.bj,PME (50-200),B2C,Facebook Pages,,Actif,2026-06-29T00:15:34.247638,haute
BJ-75966264,Production Légume,Agriculture & Agroalimentaire,Bohicon,+229 96 94 77 89,,,TPE (<10),B2B,Facebook Pages,,Actif,2026-06-29T00:15:34.247648,basse
BJ-F94B5F6B,Agro Élevage Natitingou,Agriculture & Agroalimentaire,Natitingou,+229 53 99 73 43,,agroélevagenatitingou.bj,PME (10-50),B2C,Facebook Pages,,Actif,2026-06-29T00:15:34.247665,moyenne
BJ-8C1E3024,Agro Natitingou,Agriculture & Agroalimentaire,Natitingou,+229 36 73 96 93,agro.natitingou@agro.natitingou.benin,agronatitingou.bj,TPE (<10),B2C,Facebook Pages,,Actif,2026-06-29T00:15:34.247677,haute
BJ-EED93C62,SARL Transformation Natitingou,Agriculture & Agroalimentaire,Natitingou,+229 34 84 86 45,sarl.transformation.natitingou@sarl.transformation.natitingou.bj,,TPE (<10),B2B,Facebook Pages,,Actif,2026-06-29T00:15:34.247688,moyenne
BJ-67F354D6,Ferme Agriculture,Agriculture & Agroalimentaire,Natitingou,+229 40 37 47 96,ferme.agriculture@ferme.agriculture.bj,fermeagriculture.bj,Grande (>200),B2B,Facebook Pages,,Actif,2026-06-29T00:15:34.247699,haute
BJ-14FDFDA9,Production Transformation,Agriculture & Agroalimentaire,Natitingou,+229 44 72 64 34,production.transformation@production.transformation.bj,,Grande (>200),B2B,Facebook Pages,,Actif,2026-06-29T00:15:34.247710,moyenne
BJ-771CF54E,Plantation Plantation Farm,Agriculture & Agroalimentaire,Lokossa,+229 73 72 40 67,,,PME (10-50),B2B,Facebook Pages,,Actif,2026-06-29T00:15:34.247725,basse
BJ-CD654A68,Production Fruit Plantation,Agriculture & Agroalimentaire,Lokossa,+229 62 10 54 59,production.fruit.plantation@production.fruit.plantation.bj,,Grande (>200),B2B,Facebook Pages,,Actif,2026-06-29T00:15:34.247750,moyenne
BJ-3FF63C97,Plantation Légume Farm,Agriculture & Agroalimentaire,Lokossa,+229 55 91 47 39,,plantationlégumefarm.bj,TPE (<10),B2C,Facebook Pages,,Actif,2026-06-29T00:15:34.247762,moyenne
BJ-AEC3F0DF,Céréale,Agriculture & Agroalimentaire,Ouidah,+229 62 45 83 59,céréale@céréale.org,céréale.bj,TPE (<10),B2B,Facebook Pages,,Actif,2026-06-29T00:15:34.247797,haute
BJ-58AAFE40,Plantation Alimentaire,Agriculture & Agroalimentaire,Ouidah,+229 83 80 41 74,plantation.alimentaire@plantation.alimentaire.bj,,PME (50-200),B2C,Facebook Pages,,Actif,2026-06-29T00:15:34.247808,moyenne
BJ-72321E58,Plantation Agriculture Groupe,Agriculture & Agroalimentaire,Ouidah,+229 98 49 91 82,plantation.agriculture.groupe@plantation.agriculture.groupe.com,plantationagriculturegroupe.bj,PME (10-50),B2C,Facebook Pages,,Actif,2026-06-29T00:15:34.247820,haute
BJ-C799DD35,Élevage Bénin,Agriculture & Agroalimentaire,Ouidah,+229 28 97 20 15,élevage.bénin@élevage.bénin.com,,PME (10-50),B2C,Facebook Pages,,Actif,2026-06-29T00:15:34.247831,moyenne
BJ-5F521CB9,Groupe Élevage,Agriculture & Agroalimentaire,Ouidah,+229 68 67 67 72,,,TPE (<10),B2C,Facebook Pages,,Actif,2026-06-29T00:15:34.247841,basse
BJ-0CAE53D6,Agro Fruit Farm,Agriculture & Agroalimentaire,Savalou,+229 57 32 38 94,,,PME (10-50),B2B,Facebook Pages,,Actif,2026-06-29T00:15:34.247856,basse
BJ-81360D36,Légume Agro,Agriculture & Agroalimentaire,Savalou,+229 46 40 91 26,,,PME (10-50),B2B,Facebook Pages,,Actif,2026-06-29T00:15:34.247869,basse
BJ-FCAD79D7,Production Céréale Savalou,Agriculture & Agroalimentaire,Savalou,+229 96 35 37 28,,,PME (10-50),B2B,Facebook Pages,,Actif,2026-06-29T00:15:34.247882,basse
BJ-7E781084,Ferme Agriculture,Agriculture & Agroalimentaire,Savalou,+229 88 42 94 44,,,PME (10-50),B2B,Facebook Pages,,Actif,2026-06-29T00:15:34.247903,basse
BJ-E825E342,Plantation Céréale Africa,Agriculture & Agroalimentaire,Dassa-Zoumè,+229 62 20 21 70,,plantationcéréaleafrica.bj,TPE (<10),B2C,Facebook Pages,,Actif,2026-06-29T00:15:34.247964,moyenne
BJ-80C6FBF9,Pêche,Agriculture & Agroalimentaire,Dassa-Zoumè,+229 57 20 88 87,pêche@pêche.org,pêche.bj,TPE (<10),B2B,Facebook Pages,,Actif,2026-06-29T00:15:34.247976,haute
BJ-8F15A5E4,Agro Ferme,Agriculture & Agroalimentaire,Dassa-Zoumè,+229 31 25 24 91,agro.ferme@agro.ferme.bj,agroferme.bj,TPE (<10),B2B,Facebook Pages,,Actif,2026-06-29T00:15:34.247998,haute
BJ-3C18162E,Ets Fruit Farm Kétou,Agriculture & Agroalimentaire,Kétou,+229 78 85 96 31,,etsfruitfarmkétou.bj,PME (50-200),B2B,Facebook Pages,,Actif,2026-06-29T00:15:34.248072,moyenne
BJ-C4214D7B,Agro Bétail Farm,Agriculture & Agroalimentaire,Kétou,+229 56 40 52 72,,,Grande (>200),B2C,Facebook Pages,,Actif,2026-06-29T00:15:34.248082,basse
BJ-F410F0F4,Transformation Plantation,Agriculture & Agroalimentaire,Kétou,+229 53 87 57 55,transformation.plantation@transformation.plantation.bj,,TPE (<10),B2C,Facebook Pages,,Actif,2026-06-29T00:15:34.248124,moyenne
BJ-EB98F03F,Agro Légume Bénin,Agriculture & Agroalimentaire,Covè,+229 93 46 24 15,,agrolégumebénin.bj,TPE (<10),B2C,Facebook Pages,,Actif,2026-06-29T00:15:34.248160,moyenne
BJ-47C35B23,Pêche,Agriculture & Agroalimentaire,Covè,+229 51 92 64 14,pêche@pêche.benin,,TPE (<10),B2B,Facebook Pages,,Actif,2026-06-29T00:15:34.248187,moyenne
BJ-0A0172E0,Ferme Aquaculture Africa,Agriculture & Agroalimentaire,Covè,+229 25 73 41 91,,,TPE (<10),B2C,Facebook Pages,,Actif,2026-06-29T00:15:34.248200,basse
BJ-0CDF297A,Agriculture Agro,Agriculture & Agroalimentaire,Covè,+229 52 65 70 94,agriculture.agro@agriculture.agro.com,agricultureagro.bj,PME (10-50),B2C,Facebook Pages,,Actif,2026-06-29T00:15:34.248212,haute
BJ-0B813F9B,Ets Agro,Agriculture & Agroalimentaire,Covè,+229 37 28 27 89,ets.agro@ets.agro.com,,TPE (<10),B2C,Facebook Pages,,Actif,2026-06-29T00:15:34.248224,moyenne
BJ-6074FFB5,Plantation,Agriculture & Agroalimentaire,Pobè,+229 32 48 72 79,,plantation.bj,TPE (<10),B2B,Facebook Pages,,Actif,2026-06-29T00:15:34.248242,moyenne
BJ-00E1AEF1,Pêche Farm,Agriculture & Agroalimentaire,Pobè,+229 45 61 11 45,pêche.farm@pêche.farm.org,pêchefarm.bj,PME (10-50),B2C,Facebook Pages,,Actif,2026-06-29T00:15:34.248260,haute
BJ-CF8442B9,Fruit Ets Pobè,Agriculture & Agroalimentaire,Pobè,+229 40 40 23 23,fruit.ets.pobè@fruit.ets.pobè.com,,Grande (>200),B2C,Facebook Pages,,Actif,2026-06-29T00:15:34.248286,moyenne
BJ-4F831203,Plantation Transformation SARL,Agriculture & Agroalimentaire,Pobè,+229 35 99 84 96,,,PME (10-50),B2B,Facebook Pages,,Actif,2026-06-29T00:15:34.248314,basse
BJ-92DB296A,Élevage Bénin Pobè,Agriculture & Agroalimentaire,Pobè,+229 25 28 44 84,,élevagebéninpobè.bj,TPE (<10),B2C,Facebook Pages,,Actif,2026-06-29T00:15:34.248337,moyenne
BJ-76D82757,Fruit,Agriculture & Agroalimentaire,Sakété,+229 51 21 49 49,fruit@fruit.net,,PME (10-50),B2B,Facebook Pages,,Actif,2026-06-29T00:15:34.248370,moyenne
BJ-0747E743,Légume Plantation Sakété,Agriculture & Agroalimentaire,Sakété,+229 54 91 97 89,,,TPE (<10),B2C,Facebook Pages,,Actif,2026-06-29T00:15:34.248393,basse
BJ-5492194D,Ferme,Agriculture & Agroalimentaire,Sakété,+229 50 22 31 64,,ferme.bj,PME (50-200),B2C,Facebook Pages,,Actif,2026-06-29T00:15:34.248406,moyenne
BJ-B969CB1F,Agriculture,Agriculture & Agroalimentaire,Sakété,+229 67 71 77 45,agriculture@agriculture.org,agriculture.bj,PME (50-200),B2C,Facebook Pages,,Actif,2026-06-29T00:15:34.248423,haute
BJ-0A335C1C,Ets Agriculture Sakété,Agriculture & Agroalimentaire,Sakété,+229 55 46 68 85,,etsagriculturesakété.bj,TPE (<10),B2B,Facebook Pages,,Actif,2026-06-29T00:15:34.248436,moyenne
BJ-6B21BE51,Ferme Adjara,Agriculture & Agroalimentaire,Adjara,+229 61 38 40 10,ferme.adjara@ferme.adjara.benin,fermeadjara.bj,PME (50-200),B2C,Facebook Pages,,Actif,2026-06-29T00:15:34.248457,haute
BJ-423B6AF7,Groupe Ferme Farm,Agriculture & Agroalimentaire,Adjara,+229 65 14 15 96,,,TPE (<10),B2C,Facebook Pages,,Actif,2026-06-29T00:15:34.248471,basse
BJ-36E6862E,Ets Agriculture Plantation,Agriculture & Agroalimentaire,Adjara,+229 72 43 13 12,,,PME (50-200),B2C,Facebook Pages,,Actif,2026-06-29T00:15:34.248482,basse
BJ-DDCE5823,SARL Aquaculture,Agriculture & Agroalimentaire,Adjara,+229 23 10 52 15,sarl.aquaculture@sarl.aquaculture.org,,TPE (<10),B2B,Facebook Pages,,Actif,2026-06-29T00:15:34.248494,moyenne
BJ-30292660,Plantation Légume,Agriculture & Agroalimentaire,Adjara,+229 50 15 56 77,,plantationlégume.bj,PME (50-200),B2C,Facebook Pages,,Actif,2026-06-29T00:15:34.248509,moyenne
BJ-19027D1E,Agro Plantation Agro,Agriculture & Agroalimentaire,Allada,+229 73 37 86 31,,,Grande (>200),B2C,Facebook Pages,,Actif,2026-06-29T00:15:34.248526,basse
BJ-B3CAB570,Ferme Plantation Ets Allada,Agriculture & Agroalimentaire,Allada,+229 24 69 64 83,ferme.plantation.ets.allada@ferme.plantation.ets.allada.org,,Grande (>200),B2B,Facebook Pages,,Actif,2026-06-29T00:15:34.248549,moyenne
BJ-311B3A08,Ferme,Agriculture & Agroalimentaire,Allada,+229 63 75 59 38,,,TPE (<10),B2C,Facebook Pages,,Actif,2026-06-29T00:15:34.248560,basse
BJ-9DE8CCB1,Production Élevage SARL,Agriculture & Agroalimentaire,Allada,+229 69 93 77 54,production.élevage.sarl@production.élevage.sarl.org,,TPE (<10),B2C,Facebook Pages,,Actif,2026-06-29T00:15:34.248572,moyenne
BJ-F7B0AD96,SARL Fruit Farm,Agriculture & Agroalimentaire,Aplahoué,+229 51 62 50 67,,sarlfruitfarm.bj,Grande (>200),B2C,Facebook Pages,,Actif,2026-06-29T00:15:34.248590,moyenne
BJ-4EFF6E35,Ferme Pêche Plantation,Agriculture & Agroalimentaire,Aplahoué,+229 85 31 65 94,,,TPE (<10),B2C,Facebook Pages,,Actif,2026-06-29T00:15:34.248618,basse
BJ-748060CC,Fruit Ets,Agriculture & Agroalimentaire,Aplahoué,+229 47 94 82 97,fruit.ets@fruit.ets.org,,PME (10-50),B2B,Facebook Pages,,Actif,2026-06-29T00:15:34.248631,moyenne
BJ-3FD3096D,Ets Aquaculture Aplahoué,Agriculture & Agroalimentaire,Aplahoué,+229 22 22 99 44,ets.aquaculture.aplahoué@ets.aquaculture.aplahoué.com,,Grande (>200),B2B,Facebook Pages,,Actif,2026-06-29T00:15:34.248644,moyenne
BJ-409DB3DD,Agriculture SARL,Agriculture & Agroalimentaire,Dogbo-Tota,+229 52 78 82 52,,,PME (50-200),B2B,Facebook Pages,,Actif,2026-06-29T00:15:34.248662,basse
BJ-C4B63148,Agro Farm,Agriculture & Agroalimentaire,Dogbo-Tota,+229 77 12 65 69,agro.farm@agro.farm.org,agrofarm.bj,TPE (<10),B2B,Facebook Pages,,Actif,2026-06-29T00:15:34.248679,haute
BJ-0B1CFF41,SARL Fruit,Agriculture & Agroalimentaire,Dogbo-Tota,+229 67 87 10 67,sarl.fruit@sarl.fruit.net,,PME (50-200),B2B,Facebook Pages,,Actif,2026-06-29T00:15:34.248717,moyenne
BJ-D6FDFC02,Bétail,Agriculture & Agroalimentaire,Kpomassè,+229 57 46 41 62,,bétail.bj,TPE (<10),B2B,Facebook Pages,,Actif,2026-06-29T00:15:34.248830,moyenne
BJ-FF6F77E6,Ferme Légume Farm,Agriculture & Agroalimentaire,Kpomassè,+229 58 94 30 65,ferme.légume.farm@ferme.légume.farm.net,,PME (50-200),B2B,Facebook Pages,,Actif,2026-06-29T00:15:34.248867,moyenne
BJ-BB3ECCA4,SARL Élevage Groupe,Agriculture & Agroalimentaire,Kpomassè,+229 46 46 70 61,sarl.élevage.groupe@sarl.élevage.groupe.benin,sarlélevagegroupe.bj,PME (10-50),B2C,Facebook Pages,,Actif,2026-06-29T00:15:34.248916,haute
BJ-A6BD8060,Ets Industrie,Agriculture & Agroalimentaire,Kpomassè,+229 77 52 54 97,ets.industrie@ets.industrie.org,etsindustrie.bj,TPE (<10),B2C,Facebook Pages,,Actif,2026-06-29T00:15:34.248947,haute
BJ-5DD32860,Groupe Aquaculture SARL,Agriculture & Agroalimentaire,Tori-Bossito,+229 86 53 72 29,groupe.aquaculture.sarl@groupe.aquaculture.sarl.com,groupeaquaculturesarl.bj,Grande (>200),B2B,Facebook Pages,,Actif,2026-06-29T00:15:34.249019,haute
BJ-7CCB0F92,Plantation Ferme,Agriculture & Agroalimentaire,Tori-Bossito,+229 41 78 31 44,,plantationferme.bj,TPE (<10),B2B,Facebook Pages,,Actif,2026-06-29T00:15:34.249034,moyenne
BJ-94400B29,Ferme Légume Agro,Agriculture & Agroalimentaire,Tori-Bossito,+229 49 30 36 63,,,TPE (<10),B2C,Facebook Pages,,Actif,2026-06-29T00:15:34.249052,basse
BJ-7FB638E4,Production Céréale Ets,Agriculture & Agroalimentaire,Tori-Bossito,+229 26 13 33 27,production.céréale.ets@production.céréale.ets.benin,,PME (50-200),B2C,Facebook Pages,,Actif,2026-06-29T00:15:34.249080,moyenne
BJ-21EBF920,Groupe Pêche,Agriculture & Agroalimentaire,Tori-Bossito,+229 44 39 83 69,,,PME (10-50),B2C,Facebook Pages,,Actif,2026-06-29T00:15:34.249105,basse
BJ-522B893D,Fruit,Agriculture & Agroalimentaire,Grand-Popo,+229 48 78 78 49,fruit@fruit.org,,PME (10-50),B2C,Facebook Pages,,Actif,2026-06-29T00:15:34.249146,moyenne
BJ-EB572CD0,SARL Légume SARL,Agriculture & Agroalimentaire,Grand-Popo,+229 62 83 68 27,sarl.légume.sarl@sarl.légume.sarl.bj,sarllégumesarl.bj,TPE (<10),B2B,Facebook Pages,,Actif,2026-06-29T00:15:34.249186,haute
BJ-78134259,Légume,Agriculture & Agroalimentaire,Grand-Popo,+229 65 83 35 96,,légume.bj,TPE (<10),B2B,Facebook Pages,,Actif,2026-06-29T00:15:34.249226,moyenne
BJ-312BD08A,Production Industrie,Agriculture & Agroalimentaire,Grand-Popo,+229 48 30 33 88,production.industrie@production.industrie.org,,PME (10-50),B2C,Facebook Pages,,Actif,2026-06-29T00:15:34.249251,moyenne
BJ-04020005,Plantation Légume,Agriculture & Agroalimentaire,Athiémé,+229 41 67 43 24,plantation.légume@plantation.légume.net,,PME (10-50),B2C,Facebook Pages,,Actif,2026-06-29T00:15:34.249321,moyenne
BJ-35D746A6,Céréale,Agriculture & Agroalimentaire,Athiémé,+229 84 41 47 86,céréale@céréale.bj,,PME (10-50),B2C,Facebook Pages,,Actif,2026-06-29T00:15:34.249345,moyenne
BJ-D9F546C8,SARL Plantation Plantation,Agriculture & Agroalimentaire,Athiémé,+229 55 96 68 67,sarl.plantation.plantation@sarl.plantation.plantation.benin,sarlplantationplantation.bj,PME (10-50),B2C,Facebook Pages,,Actif,2026-06-29T00:15:34.249373,haute
BJ-9AC30115,Production Élevage,Agriculture & Agroalimentaire,Athiémé,+229 53 21 50 27,,productionélevage.bj,PME (50-200),B2B,Facebook Pages,,Actif,2026-06-29T00:15:34.249433,moyenne
BJ-BF82E8FC,Groupe Alimentaire Farm,Agriculture & Agroalimentaire,Bopa,+229 23 55 28 82,,groupealimentairefarm.bj,PME (10-50),B2C,Facebook Pages,,Actif,2026-06-29T00:15:34.249471,moyenne
BJ-EDB5C040,SARL Transformation Farm,Agriculture & Agroalimentaire,Bopa,+229 89 65 14 45,sarl.transformation.farm@sarl.transformation.farm.org,,PME (10-50),B2C,Facebook Pages,,Actif,2026-06-29T00:15:34.249516,moyenne
BJ-C359F301,Ets Alimentaire,Agriculture & Agroalimentaire,Bopa,+229 71 10 56 29,ets.alimentaire@ets.alimentaire.net,,PME (10-50),B2B,Facebook Pages,,Actif,2026-06-29T00:15:34.249547,moyenne
BJ-83963E37,Ets Transformation Farm Bopa,Agriculture & Agroalimentaire,Bopa,+229 92 72 79 12,ets.transformation.farm.bopa@ets.transformation.farm.bopa.org,etstransformationfarmbopa.bj,Grande (>200),B2B,Facebook Pages,,Actif,2026-06-29T00:15:34.249587,haute
BJ-5622E475,Légume Bénin,Agriculture & Agroalimentaire,Houéyogbé,+229 74 54 54 57,légume.bénin@légume.bénin.benin,,PME (10-50),B2B,Facebook Pages,,Actif,2026-06-29T00:15:34.249624,moyenne
BJ-67CDF882,Groupe Pêche Houéyogbé,Agriculture & Agroalimentaire,Houéyogbé,+229 26 56 43 26,groupe.pêche.houéyogbé@groupe.pêche.houéyogbé.benin,,PME (10-50),B2C,Facebook Pages,,Actif,2026-06-29T00:15:34.249647,moyenne
BJ-9A5C9C89,Transformation,Agriculture & Agroalimentaire,Houéyogbé,+229 73 72 33 27,transformation@transformation.bj,,PME (50-200),B2C,Facebook Pages,,Actif,2026-06-29T00:15:34.249671,moyenne
BJ-86816FE2,Alimentaire Bénin,Agriculture & Agroalimentaire,Houéyogbé,+229 31 67 35 39,alimentaire.bénin@alimentaire.bénin.net,alimentairebénin.bj,PME (50-200),B2C,Facebook Pages,,Actif,2026-06-29T00:15:34.249697,haute
BJ-08329E70,Ferme Bétail Ets,Agriculture & Agroalimentaire,Malanville,+229 65 23 40 67,,,TPE (<10),B2B,Facebook Pages,,Actif,2026-06-29T00:15:34.249759,basse
BJ-6D3FBA2E,Ferme Agro,Agriculture & Agroalimentaire,Malanville,+229 29 54 62 54,ferme.agro@ferme.agro.bj,,TPE (<10),B2C,Facebook Pages,,Actif,2026-06-29T00:15:34.249804,moyenne
BJ-86756DD4,Agro Aquaculture SARL,Agriculture & Agroalimentaire,Malanville,+229 29 70 98 24,,agroaquaculturesarl.bj,TPE (<10),B2C,Facebook Pages,,Actif,2026-06-29T00:15:34.249824,moyenne
BJ-E24B4718,Agro Industrie Malanville,Agriculture & Agroalimentaire,Malanville,+229 65 53 83 14,agro.industrie.malanville@agro.industrie.malanville.org,,PME (50-200),B2C,Facebook Pages,,Actif,2026-06-29T00:15:34.249851,moyenne
BJ-DB1ACC00,Groupe Céréale SARL,Agriculture & Agroalimentaire,Kandi,+229 27 10 37 21,,,TPE (<10),B2B,Facebook Pages,,Actif,2026-06-29T00:15:34.249888,basse
BJ-446768C4,Alimentaire,Agriculture & Agroalimentaire,Kandi,+229 77 70 85 91,alimentaire@alimentaire.net,alimentaire.bj,PME (50-200),B2B,Facebook Pages,,Actif,2026-06-29T00:15:34.249976,haute
BJ-10BA09B7,Transformation Ets Kandi,Agriculture & Agroalimentaire,Kandi,+229 92 66 95 72,transformation.ets.kandi@transformation.ets.kandi.net,,Grande (>200),B2B,Facebook Pages,,Actif,2026-06-29T00:15:34.250003,moyenne
BJ-373C940E,Agriculture SARL,Agriculture & Agroalimentaire,Kandi,+229 27 23 87 89,,agriculturesarl.bj,Grande (>200),B2C,Facebook Pages,,Actif,2026-06-29T00:15:34.250030,moyenne
BJ-F16907A1,Pêche,Agriculture & Agroalimentaire,Banikoara,+229 90 25 85 65,,,PME (10-50),B2B,Facebook Pages,,Actif,2026-06-29T00:15:34.250070,basse
BJ-23C0C69B,Fruit Agro,Agriculture & Agroalimentaire,Banikoara,+229 83 58 12 21,,fruitagro.bj,TPE (<10),B2C,Facebook Pages,,Actif,2026-06-29T00:15:34.250106,moyenne
BJ-EFFDABB5,Légume Africa Banikoara,Agriculture & Agroalimentaire,Banikoara,+229 54 98 10 12,légume.africa.banikoara@légume.africa.banikoara.bj,,PME (10-50),B2C,Facebook Pages,,Actif,2026-06-29T00:15:34.250145,moyenne
BJ-CB4B4B3E,Production Industrie Banikoara,Agriculture & Agroalimentaire,Banikoara,+229 88 58 56 76,production.industrie.banikoara@production.industrie.banikoara.com,productionindustriebanikoara.bj,PME (10-50),B2B,Facebook Pages,,Actif,2026-06-29T00:15:34.250184,haute
BJ-E965B9DF,Alimentaire Ets,Agriculture & Agroalimentaire,Banikoara,+229 97 70 48 72,alimentaire.ets@alimentaire.ets.org,,TPE (<10),B2C,Facebook Pages,,Actif,2026-06-29T00:15:34.250215,moyenne
BJ-A0806C34,Élevage Bénin,Agriculture & Agroalimentaire,Ségbana,+229 81 89 26 49,,,PME (10-50),B2C,Facebook Pages,,Actif,2026-06-29T00:15:34.250277,basse
BJ-D5033B7D,Ets Agriculture Africa,Agriculture & Agroalimentaire,Ségbana,+229 24 92 42 57,,etsagricultureafrica.bj,TPE (<10),B2C,Facebook Pages,,Actif,2026-06-29T00:15:34.250342,moyenne
BJ-5E9E30D8,Élevage,Agriculture & Agroalimentaire,Ségbana,+229 47 72 12 71,élevage@élevage.benin,élevage.bj,TPE (<10),B2B,Facebook Pages,,Actif,2026-06-29T00:15:34.250364,haute
BJ-F9E500AD,Plantation Alimentaire,Agriculture & Agroalimentaire,Karimama,+229 30 88 32 34,,,PME (50-200),B2B,Facebook Pages,,Actif,2026-06-29T00:15:34.250407,basse
BJ-9E899650,Production Ferme Karimama,Agriculture & Agroalimentaire,Karimama,+229 70 49 68 25,,,Grande (>200),B2B,Facebook Pages,,Actif,2026-06-29T00:15:34.250432,basse
BJ-E0C51377,Ferme Céréale Karimama,Agriculture & Agroalimentaire,Karimama,+229 88 95 58 54,ferme.céréale.karimama@ferme.céréale.karimama.bj,fermecéréalekarimama.bj,TPE (<10),B2C,Facebook Pages,,Actif,2026-06-29T00:15:34.250458,haute
BJ-29552B6C,Pêche Groupe,Agriculture & Agroalimentaire,Karimama,+229 64 44 76 40,pêche.groupe@pêche.groupe.bj,pêchegroupe.bj,TPE (<10),B2C,Facebook Pages,,Actif,2026-06-29T00:15:34.250481,haute
BJ-7151A91D,Céréale Bénin,Agriculture & Agroalimentaire,Gogounou,+229 27 15 68 59,céréale.bénin@céréale.bénin.net,,TPE (<10),B2B,Facebook Pages,,Actif,2026-06-29T00:15:34.250558,moyenne
BJ-85BFC816,Plantation Légume,Agriculture & Agroalimentaire,Gogounou,+229 81 48 17 97,plantation.légume@plantation.légume.com,,TPE (<10),B2B,Facebook Pages,,Actif,2026-06-29T00:15:34.250584,moyenne
BJ-AD32F660,Plantation Groupe Gogounou,Agriculture & Agroalimentaire,Gogounou,+229 54 99 25 57,,,PME (10-50),B2B,Facebook Pages,,Actif,2026-06-29T00:15:34.250605,basse
BJ-D60964D7,Ferme Ferme Plantation,Agriculture & Agroalimentaire,Cobly,+229 43 98 29 31,ferme.ferme.plantation@ferme.ferme.plantation.org,fermefermeplantation.bj,TPE (<10),B2B,Facebook Pages,,Actif,2026-06-29T00:15:34.250686,haute
BJ-596BF14E,SARL Agro Bénin,Agriculture & Agroalimentaire,Cobly,+229 34 57 91 12,sarl.agro.bénin@sarl.agro.bénin.benin,sarlagrobénin.bj,PME (10-50),B2B,Facebook Pages,,Actif,2026-06-29T00:15:34.250721,haute
BJ-140E3183,Ets Agriculture Cobly,Agriculture & Agroalimentaire,Cobly,+229 42 86 23 38,ets.agriculture.cobly@ets.agriculture.cobly.com,etsagriculturecobly.bj,TPE (<10),B2B,Facebook Pages,,Actif,2026-06-29T00:15:34.250749,haute
BJ-A19EF5E9,Ets Pêche Cobly,Agriculture & Agroalimentaire,Cobly,+229 49 22 99 45,ets.pêche.cobly@ets.pêche.cobly.benin,,TPE (<10),B2B,Facebook Pages,,Actif,2026-06-29T00:15:34.250800,moyenne
BJ-200C4172,Élevage,Agriculture & Agroalimentaire,Tanguiéta,+229 52 50 51 70,,élevage.bj,TPE (<10),B2B,Facebook Pages,,Actif,2026-06-29T00:15:34.250835,moyenne
BJ-A6F3CEB7,Ets Fruit,Agriculture & Agroalimentaire,Tanguiéta,+229 39 17 30 44,ets.fruit@ets.fruit.net,,PME (50-200),B2C,Facebook Pages,,Actif,2026-06-29T00:15:34.250865,moyenne
BJ-7EE93257,Ets Légume Bénin Tanguiéta,Agriculture & Agroalimentaire,Tanguiéta,+229 32 46 30 75,,,TPE (<10),B2B,Facebook Pages,,Actif,2026-06-29T00:15:34.250903,basse
BJ-E1A4D68A,SARL Fruit,Agriculture & Agroalimentaire,Tanguiéta,+229 98 39 80 84,sarl.fruit@sarl.fruit.benin,,TPE (<10),B2C,Facebook Pages,,Actif,2026-06-29T00:15:34.250927,moyenne
BJ-D1FE36F8,Plantation Groupe Tanguiéta,Agriculture & Agroalimentaire,Tanguiéta,+229 28 57 77 67,plantation.groupe.tanguiéta@plantation.groupe.tanguiéta.bj,,TPE (<10),B2B,Facebook Pages,,Actif,2026-06-29T00:15:34.250949,moyenne
BJ-1D5F4AF7,Légume Groupe,Agriculture & Agroalimentaire,Matéri,+229 24 42 47 17,,,PME (50-200),B2B,Facebook Pages,,Actif,2026-06-29T00:15:34.251021,basse
BJ-F34FFD5E,Céréale SARL,Agriculture & Agroalimentaire,Matéri,+229 85 96 87 38,,céréalesarl.bj,TPE (<10),B2C,Facebook Pages,,Actif,2026-06-29T00:15:34.251054,moyenne
BJ-B7C539E0,Agro,Agriculture & Agroalimentaire,Matéri,+229 68 84 81 25,agro@agro.org,,TPE (<10),B2C,Facebook Pages,,Actif,2026-06-29T00:15:34.251082,moyenne
BJ-22E9EC06,Ets Légume Plantation Matéri,Agriculture & Agroalimentaire,Matéri,+229 76 95 81 61,,,Grande (>200),B2C,Facebook Pages,,Actif,2026-06-29T00:15:34.251110,basse
BJ-0FEF1687,SARL Ferme,Agriculture & Agroalimentaire,Natitingou,+229 35 20 37 42,sarl.ferme@sarl.ferme.benin,,TPE (<10),B2B,Facebook Pages,,Actif,2026-06-29T00:15:34.251162,moyenne
BJ-7CC38E83,Plantation Industrie,Agriculture & Agroalimentaire,Natitingou,+229 40 94 77 95,plantation.industrie@plantation.industrie.bj,,PME (10-50),B2B,Facebook Pages,,Actif,2026-06-29T00:15:34.251186,moyenne
BJ-75D9893C,Plantation SARL,Agriculture & Agroalimentaire,Natitingou,+229 78 19 28 70,,,TPE (<10),B2B,Facebook Pages,,Actif,2026-06-29T00:15:34.251207,basse
BJ-6189ACA5,Agro Légume SARL,Agriculture & Agroalimentaire,Natitingou,+229 72 52 86 78,agro.légume.sarl@agro.légume.sarl.bj,,TPE (<10),B2C,Facebook Pages,,Actif,2026-06-29T00:15:34.251231,moyenne
BJ-24F1D95E,Plantation Agriculture,Agriculture & Agroalimentaire,Natitingou,+229 86 31 80 29,plantation.agriculture@plantation.agriculture.bj,plantationagriculture.bj,Grande (>200),B2B,Facebook Pages,,Actif,2026-06-29T00:15:34.251262,haute
BJ-46BD7B01,Agro Groupe Toucountouna,Agriculture & Agroalimentaire,Toucountouna,+229 67 64 45 99,agro.groupe.toucountouna@agro.groupe.toucountouna.com,,PME (10-50),B2B,Facebook Pages,,Actif,2026-06-29T00:15:34.251293,moyenne
BJ-FF244A5D,SARL Plantation Ets,Agriculture & Agroalimentaire,Toucountouna,+229 98 11 72 26,sarl.plantation.ets@sarl.plantation.ets.bj,,PME (50-200),B2C,Facebook Pages,,Actif,2026-06-29T00:15:34.251316,moyenne
BJ-800A9430,Ets Industrie Bénin,Agriculture & Agroalimentaire,Toucountouna,+229 46 26 55 74,,,Grande (>200),B2B,Facebook Pages,,Actif,2026-06-29T00:15:34.251340,basse
BJ-D27EC6B9,Légume Ets Toucountouna,Agriculture & Agroalimentaire,Toucountouna,+229 59 11 23 64,,légumeetstoucountouna.bj,PME (50-200),B2B,Facebook Pages,,Actif,2026-06-29T00:15:34.251356,moyenne
BJ-50FB88FB,SARL Bétail SARL,Agriculture & Agroalimentaire,Boukoumbé,+229 24 66 21 53,sarl.bétail.sarl@sarl.bétail.sarl.bj,sarlbétailsarl.bj,PME (10-50),B2C,Facebook Pages,,Actif,2026-06-29T00:15:34.251377,haute
BJ-3218AB27,Production Élevage,Agriculture & Agroalimentaire,Boukoumbé,+229 79 81 67 42,production.élevage@production.élevage.com,,PME (10-50),B2B,Facebook Pages,,Actif,2026-06-29T00:15:34.251403,moyenne
BJ-0FD28C73,Ferme Aquaculture Groupe,Agriculture & Agroalimentaire,Boukoumbé,+229 77 18 79 80,ferme.aquaculture.groupe@ferme.aquaculture.groupe.com,fermeaquaculturegroupe.bj,TPE (<10),B2C,Facebook Pages,,Actif,2026-06-29T00:15:34.251416,haute
BJ-69660663,Agro Agriculture,Agriculture & Agroalimentaire,Kouandé,+229 73 81 58 60,agro.agriculture@agro.agriculture.benin,,PME (10-50),B2C,Facebook Pages,,Actif,2026-06-29T00:15:34.251445,moyenne
BJ-7E6AEB7C,Transformation Farm,Agriculture & Agroalimentaire,Kouandé,+229 82 16 21 13,,,TPE (<10),B2B,Facebook Pages,,Actif,2026-06-29T00:15:34.251460,basse
BJ-F13B4F11,Production Bétail,Agriculture & Agroalimentaire,Kouandé,+229 83 61 46 77,production.bétail@production.bétail.net,productionbétail.bj,Grande (>200),B2C,Facebook Pages,,Actif,2026-06-29T00:15:34.251474,haute
BJ-A9397D9E,Agro Fruit Kouandé,Agriculture & Agroalimentaire,Kouandé,+229 60 53 13 60,,agrofruitkouandé.bj,Grande (>200),B2B,Facebook Pages,,Actif,2026-06-29T00:15:34.251486,moyenne
BJ-D6B173D3,Agro Élevage Africa,Agriculture & Agroalimentaire,Kouandé,+229 54 86 67 84,agro.élevage.africa@agro.élevage.africa.com,,TPE (<10),B2B,Facebook Pages,,Actif,2026-06-29T00:15:34.251499,moyenne
BJ-4E5EA727,Bétail Ets,Agriculture & Agroalimentaire,Péhunco,+229 94 71 30 37,bétail.ets@bétail.ets.org,bétailets.bj,TPE (<10),B2C,Facebook Pages,,Actif,2026-06-29T00:15:34.251518,haute
BJ-C08F23CF,Pêche,Agriculture & Agroalimentaire,Péhunco,+229 76 20 40 52,,,TPE (<10),B2B,Facebook Pages,,Actif,2026-06-29T00:15:34.251529,basse
BJ-5BC73199,SARL Aquaculture Agro,Agriculture & Agroalimentaire,Péhunco,+229 85 64 47 22,sarl.aquaculture.agro@sarl.aquaculture.agro.net,,TPE (<10),B2B,Facebook Pages,,Actif,2026-06-29T00:15:34.251541,moyenne
BJ-2EE1A7BB,Agriculture,Agriculture & Agroalimentaire,Péhunco,+229 58 66 51 13,agriculture@agriculture.bj,agriculture.bj,PME (10-50),B2B,Facebook Pages,,Actif,2026-06-29T00:15:34.251557,haute
BJ-FEAD7BAB,Groupe Ferme Bénin,Agriculture & Agroalimentaire,Péhunco,+229 40 21 59 43,groupe.ferme.bénin@groupe.ferme.bénin.bj,groupefermebénin.bj,PME (10-50),B2B,Facebook Pages,,Actif,2026-06-29T00:15:34.251570,haute
BJ-C6A343FB,Céréale Tchaourou,Agriculture & Agroalimentaire,Tchaourou,+229 81 91 71 24,céréale.tchaourou@céréale.tchaourou.benin,céréaletchaourou.bj,PME (10-50),B2B,Facebook Pages,,Actif,2026-06-29T00:15:34.251589,haute
BJ-6A055360,Agriculture Farm,Agriculture & Agroalimentaire,Tchaourou,+229 76 81 45 42,,agriculturefarm.bj,PME (50-200),B2C,Facebook Pages,,Actif,2026-06-29T00:15:34.251604,moyenne
BJ-0EB5F169,Pêche Bénin,Agriculture & Agroalimentaire,Tchaourou,+229 64 69 79 98,pêche.bénin@pêche.bénin.com,pêchebénin.bj,TPE (<10),B2B,Facebook Pages,,Actif,2026-06-29T00:15:34.251630,haute
BJ-B09693A7,SARL Aquaculture Ets,Agriculture & Agroalimentaire,Tchaourou,+229 62 42 18 91,sarl.aquaculture.ets@sarl.aquaculture.ets.bj,sarlaquacultureets.bj,PME (10-50),B2B,Facebook Pages,,Actif,2026-06-29T00:15:34.251643,haute
BJ-5728CB31,Agro Céréale Farm,Agriculture & Agroalimentaire,Nikki,+229 80 86 55 91,,,TPE (<10),B2B,Facebook Pages,,Actif,2026-06-29T00:15:34.251664,basse
BJ-064BC703,SARL Céréale Plantation,Agriculture & Agroalimentaire,Nikki,+229 62 75 38 22,,sarlcéréaleplantation.bj,TPE (<10),B2C,Facebook Pages,,Actif,2026-06-29T00:15:34.251680,moyenne
BJ-A624F6EF,Transformation Bénin,Agriculture & Agroalimentaire,Nikki,+229 56 37 43 73,transformation.bénin@transformation.bénin.com,,TPE (<10),B2B,Facebook Pages,,Actif,2026-06-29T00:15:34.251696,moyenne
BJ-1EC7B6B5,Plantation Céréale Bénin,Agriculture & Agroalimentaire,Nikki,+229 40 39 45 25,,,PME (10-50),B2C,Facebook Pages,,Actif,2026-06-29T00:15:34.251709,basse
BJ-2C30925E,Ferme Industrie Plantation,Agriculture & Agroalimentaire,Nikki,+229 30 67 89 17,ferme.industrie.plantation@ferme.industrie.plantation.com,,TPE (<10),B2C,Facebook Pages,,Actif,2026-06-29T00:15:34.251721,moyenne
BJ-61A5F0A4,Industrie,Agriculture & Agroalimentaire,Bembéréké,+229 27 80 51 72,industrie@industrie.net,industrie.bj,PME (10-50),B2B,Facebook Pages,,Actif,2026-06-29T00:15:34.251739,haute
BJ-4191FEF6,Agro Céréale SARL,Agriculture & Agroalimentaire,Bembéréké,+229 54 12 55 19,,,TPE (<10),B2C,Facebook Pages,,Actif,2026-06-29T00:15:34.251754,basse
BJ-9E65BB34,Ferme Céréale,Agriculture & Agroalimentaire,Bembéréké,+229 50 56 39 86,ferme.céréale@ferme.céréale.com,fermecéréale.bj,PME (10-50),B2B,Facebook Pages,,Actif,2026-06-29T00:15:34.251767,haute
BJ-235CF6C9,Plantation Agriculture Groupe,Agriculture & Agroalimentaire,Bembéréké,+229 36 44 61 33,plantation.agriculture.groupe@plantation.agriculture.groupe.net,,PME (50-200),B2B,Facebook Pages,,Actif,2026-06-29T00:15:34.251779,moyenne
BJ-287B1CEA,SARL Légume Ets,Agriculture & Agroalimentaire,Bembéréké,+229 61 64 40 99,sarl.légume.ets@sarl.légume.ets.com,sarllégumeets.bj,PME (50-200),B2B,Facebook Pages,,Actif,2026-06-29T00:15:34.251791,haute
BJ-AC5099B4,SARL Ferme Bénin Kalalé,Agriculture & Agroalimentaire,Kalalé,+229 66 39 75 31,,,TPE (<10),B2C,Facebook Pages,,Actif,2026-06-29T00:15:34.251812,basse
BJ-48ADDECC,Production Pêche Farm,Agriculture & Agroalimentaire,Kalalé,+229 40 20 99 68,production.pêche.farm@production.pêche.farm.benin,productionpêchefarm.bj,TPE (<10),B2C,Facebook Pages,,Actif,2026-06-29T00:15:34.251825,haute
BJ-73EF29B4,Agro Plantation,Agriculture & Agroalimentaire,Kalalé,+229 64 30 38 22,,agroplantation.bj,TPE (<10),B2C,Facebook Pages,,Actif,2026-06-29T00:15:34.251840,moyenne
BJ-966A0853,Ets Fruit,Agriculture & Agroalimentaire,Kalalé,+229 21 19 18 14,ets.fruit@ets.fruit.com,etsfruit.bj,PME (50-200),B2B,Facebook Pages,,Actif,2026-06-29T00:15:34.251853,haute
BJ-DDB32D58,Légume,Agriculture & Agroalimentaire,Kalalé,+229 48 51 71 49,légume@légume.bj,,TPE (<10),B2B,Facebook Pages,,Actif,2026-06-29T00:15:34.251864,moyenne
BJ-16164BA9,Agriculture Agro,Agriculture & Agroalimentaire,Ndali,+229 43 12 17 43,,,Grande (>200),B2B,Facebook Pages,,Actif,2026-06-29T00:15:34.251881,basse
BJ-9C66DD77,SARL Ferme,Agriculture & Agroalimentaire,Ndali,+229 84 16 17 88,sarl.ferme@sarl.ferme.org,,TPE (<10),B2C,Facebook Pages,,Actif,2026-06-29T00:15:34.251920,moyenne
BJ-83E0C839,Agro Transformation Agro Ndali,Agriculture & Agroalimentaire,Ndali,+229 70 21 69 23,,agrotransformationagrondali.bj,TPE (<10),B2C,Facebook Pages,,Actif,2026-06-29T00:15:34.251935,moyenne
BJ-7C87518A,Pêche Ndali,Agriculture & Agroalimentaire,Ndali,+229 60 65 84 42,pêche.ndali@pêche.ndali.benin,pêchendali.bj,TPE (<10),B2B,Facebook Pages,,Actif,2026-06-29T00:15:34.251949,haute
BJ-2FF60E1E,Légume,Agriculture & Agroalimentaire,Ndali,+229 58 15 31 83,légume@légume.net,légume.bj,PME (10-50),B2B,Facebook Pages,,Actif,2026-06-29T00:15:34.251962,haute
BJ-291147F9,Ets Transformation,Agriculture & Agroalimentaire,Ségbana,+229 49 53 89 89,ets.transformation@ets.transformation.net,etstransformation.bj,PME (50-200),B2B,Facebook Pages,,Actif,2026-06-29T00:15:34.251982,haute
BJ-5A35EDF5,SARL Élevage Plantation,Agriculture & Agroalimentaire,Ségbana,+229 52 36 29 12,,,TPE (<10),B2B,Facebook Pages,,Actif,2026-06-29T00:15:34.251994,basse
BJ-BE6CB30A,Ferme Industrie Bénin,Agriculture & Agroalimentaire,Ségbana,+229 73 31 17 85,,fermeindustriebénin.bj,PME (10-50),B2C,Facebook Pages,,Actif,2026-06-29T00:15:34.252005,moyenne
BJ-9C31052C,SARL Agro Farm,Agriculture & Agroalimentaire,Ségbana,+229 86 38 69 98,,,PME (10-50),B2C,Facebook Pages,,Actif,2026-06-29T00:15:34.252016,basse
BJ-D765852E,SARL Transformation Ets,Agriculture & Agroalimentaire,Ségbana,+229 49 35 98 29,sarl.transformation.ets@sarl.transformation.ets.benin,,TPE (<10),B2C,Facebook Pages,,Actif,2026-06-29T00:15:34.252028,moyenne
BJ-90B08EB7,Ferme Agro,Agriculture & Agroalimentaire,Tchaourou,+229 26 94 74 43,ferme.agro@ferme.agro.net,fermeagro.bj,PME (10-50),B2C,Facebook Pages,,Actif,2026-06-29T00:15:34.252050,haute
BJ-DA3D8A22,Plantation Agro SARL,Agriculture & Agroalimentaire,Tchaourou,+229 75 53 18 35,plantation.agro.sarl@plantation.agro.sarl.org,plantationagrosarl.bj,PME (50-200),B2B,Facebook Pages,,Actif,2026-06-29T00:15:34.252066,haute
BJ-F33F15F2,Ferme Alimentaire Plantation,Agriculture & Agroalimentaire,Tchaourou,+229 88 23 64 81,ferme.alimentaire.plantation@ferme.alimentaire.plantation.benin,fermealimentaireplantation.bj,PME (10-50),B2B,Facebook Pages,,Actif,2026-06-29T00:15:34.252079,haute
BJ-2B6F3583,Groupe Ferme,Agriculture & Agroalimentaire,Tchaourou,+229 58 53 94 10,groupe.ferme@groupe.ferme.bj,groupeferme.bj,PME (50-200),B2C,Facebook Pages,,Actif,2026-06-29T00:15:34.252098,haute
BJ-BD39274C,Agro Agro,Agriculture & Agroalimentaire,Tchaourou,+229 41 85 15 30,,,TPE (<10),B2C,Facebook Pages,,Actif,2026-06-29T00:15:34.252108,basse
BJ-64554BB1,Groupe Légume SARL,Agriculture & Agroalimentaire,Bétérou,+229 57 21 31 59,,,PME (10-50),B2C,Facebook Pages,,Actif,2026-06-29T00:15:34.252125,basse
BJ-AD20EC96,Ets Légume,Agriculture & Agroalimentaire,Bétérou,+229 64 93 91 35,ets.légume@ets.légume.bj,etslégume.bj,PME (10-50),B2B,Facebook Pages,,Actif,2026-06-29T00:15:34.252138,haute
BJ-4C3AA6D6,Agro Aquaculture Ets Bétérou,Agriculture & Agroalimentaire,Bétérou,+229 32 16 25 99,,agroaquacultureetsbétérou.bj,TPE (<10),B2C,Facebook Pages,,Actif,2026-06-29T00:15:34.252151,moyenne
BJ-0D944745,Agro Groupe,Agriculture & Agroalimentaire,Bétérou,+229 69 54 97 77,,,TPE (<10),B2B,Facebook Pages,,Actif,2026-06-29T00:15:34.252161,basse
BJ-0B3562FE,Industrie Bétérou,Agriculture & Agroalimentaire,Bétérou,+229 60 57 99 31,industrie.bétérou@industrie.bétérou.benin,,PME (10-50),B2B,Facebook Pages,,Actif,2026-06-29T00:15:34.252174,moyenne
BJ-C904D62D,Ets Agriculture Ouessè,Agriculture & Agroalimentaire,Ouessè,+229 56 44 12 51,,,TPE (<10),B2B,Facebook Pages,,Actif,2026-06-29T00:15:34.252191,basse
BJ-3AE88205,SARL Agriculture Farm Ouessè,Agriculture & Agroalimentaire,Ouessè,+229 82 77 19 53,,,TPE (<10),B2B,Facebook Pages,,Actif,2026-06-29T00:15:34.252216,basse
BJ-CAC0CD66,Ferme Légume Agro,Agriculture & Agroalimentaire,Ouessè,+229 91 46 79 47,ferme.légume.agro@ferme.légume.agro.benin,fermelégumeagro.bj,TPE (<10),B2B,Facebook Pages,,Actif,2026-06-29T00:15:34.252240,haute
BJ-0A19EBB9,Pêche,Agriculture & Agroalimentaire,Glazoué,+229 45 49 68 88,pêche@pêche.net,pêche.bj,PME (10-50),B2C,Facebook Pages,,Actif,2026-06-29T00:15:34.252258,haute
BJ-A14B8210,Ets Bétail Plantation,Agriculture & Agroalimentaire,Glazoué,+229 44 11 38 82,ets.bétail.plantation@ets.bétail.plantation.benin,etsbétailplantation.bj,TPE (<10),B2C,Facebook Pages,,Actif,2026-06-29T00:15:34.252272,haute
BJ-E2BCF56C,Pêche Ets,Agriculture & Agroalimentaire,Glazoué,+229 56 60 90 77,pêche.ets@pêche.ets.com,pêcheets.bj,PME (10-50),B2C,Facebook Pages,,Actif,2026-06-29T00:15:34.252285,haute
BJ-81AFF540,Légume,Agriculture & Agroalimentaire,Glazoué,+229 66 40 46 52,légume@légume.benin,,TPE (<10),B2B,Facebook Pages,,Actif,2026-06-29T00:15:34.252297,moyenne
BJ-524CBC91,SARL Fruit Agro,Agriculture & Agroalimentaire,Glazoué,+229 52 71 99 41,sarl.fruit.agro@sarl.fruit.agro.com,sarlfruitagro.bj,PME (50-200),B2C,Facebook Pages,,Actif,2026-06-29T00:15:34.252310,haute
BJ-510C62BF,Production Aquaculture,Agriculture & Agroalimentaire,Dassa-Zoumè,+229 99 56 86 53,production.aquaculture@production.aquaculture.com,productionaquaculture.bj,PME (50-200),B2B,Facebook Pages,,Actif,2026-06-29T00:15:34.252328,haute
BJ-22BD5DC0,Plantation Aquaculture Farm,Agriculture & Agroalimentaire,Dassa-Zoumè,+229 31 78 50 21,plantation.aquaculture.farm@plantation.aquaculture.farm.benin,,TPE (<10),B2C,Facebook Pages,,Actif,2026-06-29T00:15:34.252353,moyenne
BJ-71587E4F,Production Agriculture Ets,Agriculture & Agroalimentaire,Dassa-Zoumè,+229 39 86 58 65,,,PME (10-50),B2C,Facebook Pages,,Actif,2026-06-29T00:15:34.252366,basse
BJ-B09FCBBA,Plantation Céréale,Agriculture & Agroalimentaire,Dassa-Zoumè,+229 93 82 46 26,plantation.céréale@plantation.céréale.org,plantationcéréale.bj,TPE (<10),B2C,Facebook Pages,,Actif,2026-06-29T00:15:34.252393,haute
BJ-F604EB22,Agro Élevage Ets,Agriculture & Agroalimentaire,Savalou,+229 64 77 54 61,agro.élevage.ets@agro.élevage.ets.com,,PME (10-50),B2C,Facebook Pages,,Actif,2026-06-29T00:15:34.252426,moyenne
BJ-24F950EF,SARL Fruit Bénin,Agriculture & Agroalimentaire,Savalou,+229 97 30 13 70,,,TPE (<10),B2B,Facebook Pages,,Actif,2026-06-29T00:15:34.252450,basse
BJ-CDF7CD20,Groupe Ferme,Agriculture & Agroalimentaire,Savalou,+229 49 83 72 25,,,TPE (<10),B2C,Facebook Pages,,Actif,2026-06-29T00:15:34.252461,basse
BJ-7BD6735B,Groupe Aquaculture,Agriculture & Agroalimentaire,Bantè,+229 89 46 37 43,,,TPE (<10),B2C,Facebook Pages,,Actif,2026-06-29T00:15:34.252478,basse
BJ-46424A4F,Agro Plantation Bantè,Agriculture & Agroalimentaire,Bantè,+229 95 24 61 67,agro.plantation.bantè@agro.plantation.bantè.org,,PME (10-50),B2C,Facebook Pages,,Actif,2026-06-29T00:15:34.252506,moyenne
BJ-D6143A98,Agro Alimentaire Africa,Agriculture & Agroalimentaire,Bantè,+229 77 10 36 33,agro.alimentaire.africa@agro.alimentaire.africa.bj,agroalimentaireafrica.bj,TPE (<10),B2B,Facebook Pages,,Actif,2026-06-29T00:15:34.252518,haute
BJ-E96E2993,Plantation Industrie Bantè,Agriculture & Agroalimentaire,Bantè,+229 56 68 33 91,,plantationindustriebantè.bj,TPE (<10),B2C,Facebook Pages,,Actif,2026-06-29T00:15:34.252531,moyenne
BJ-E1089755,Ferme Transformation Ets,Agriculture & Agroalimentaire,Djougou,+229 94 11 38 62,,fermetransformationets.bj,Grande (>200),B2B,Facebook Pages,,Actif,2026-06-29T00:15:34.252549,moyenne
BJ-1923EF61,Bétail Africa Djougou,Agriculture & Agroalimentaire,Djougou,+229 20 68 69 82,bétail.africa.djougou@bétail.africa.djougou.com,,Grande (>200),B2C,Facebook Pages,,Actif,2026-06-29T00:15:34.252561,moyenne
BJ-02007CB3,Ferme Transformation,Agriculture & Agroalimentaire,Djougou,+229 52 69 48 49,,,PME (50-200),B2C,Facebook Pages,,Actif,2026-06-29T00:15:34.252571,basse
BJ-0C76674D,Ets Agriculture SARL,Agriculture & Agroalimentaire,Djougou,+229 36 58 67 22,ets.agriculture.sarl@ets.agriculture.sarl.benin,,Grande (>200),B2C,Facebook Pages,,Actif,2026-06-29T00:15:34.252586,moyenne
BJ-9DC8F544,Agro Bétail,Agriculture & Agroalimentaire,Djougou,+229 73 96 96 37,,,TPE (<10),B2B,Facebook Pages,,Actif,2026-06-29T00:15:34.252597,basse
BJ-18808737,Production Fruit Ouèssè,Agriculture & Agroalimentaire,Ouèssè,+229 54 96 64 79,,productionfruitouèssè.bj,PME (50-200),B2B,Facebook Pages,,Actif,2026-06-29T00:15:34.252615,moyenne
BJ-AECCF9AF,Agriculture Bénin,Agriculture & Agroalimentaire,Ouèssè,+229 77 99 21 92,,agriculturebénin.bj,TPE (<10),B2C,Facebook Pages,,Actif,2026-06-29T00:15:34.252631,moyenne
BJ-AB7FBD4C,Industrie,Agriculture & Agroalimentaire,Ouèssè,+229 61 44 84 42,industrie@industrie.bj,,PME (50-200),B2B,Facebook Pages,,Actif,2026-06-29T00:15:34.252643,moyenne
BJ-3143600C,Agro Industrie Bénin,Agriculture & Agroalimentaire,Ouèssè,+229 27 14 32 94,agro.industrie.bénin@agro.industrie.bénin.org,agroindustriebénin.bj,TPE (<10),B2C,Facebook Pages,,Actif,2026-06-29T00:15:34.252668,haute
BJ-466C212B,Industrie Bénin,Agriculture & Agroalimentaire,Bassila,+229 84 93 44 20,,,TPE (<10),B2B,Facebook Pages,,Actif,2026-06-29T00:15:34.252684,basse
BJ-378EDAF4,Céréale Groupe,Agriculture & Agroalimentaire,Bassila,+229 59 85 83 37,céréale.groupe@céréale.groupe.com,céréalegroupe.bj,PME (10-50),B2C,Facebook Pages,,Actif,2026-06-29T00:15:34.252697,haute
BJ-7DBAB8BD,Groupe Aquaculture Bénin Bassila,Agriculture & Agroalimentaire,Bassila,+229 89 53 28 87,,groupeaquaculturebéninbassila.bj,PME (50-200),B2C,Facebook Pages,,Actif,2026-06-29T00:15:34.252713,moyenne
BJ-12DDAA6D,Agriculture Ets,Agriculture & Agroalimentaire,Bassila,+229 31 94 62 24,agriculture.ets@agriculture.ets.bj,,TPE (<10),B2B,Facebook Pages,,Actif,2026-06-29T00:15:34.252725,moyenne
BJ-54266826,SARL Plantation,Agriculture & Agroalimentaire,Bassila,+229 49 46 79 22,,,Grande (>200),B2B,Facebook Pages,,Actif,2026-06-29T00:15:34.252735,basse
BJ-2EAB70CE,Agro Africa,Agriculture & Agroalimentaire,Pehunco,+229 38 69 52 86,,,PME (10-50),B2C,Facebook Pages,,Actif,2026-06-29T00:15:34.252753,basse
BJ-DA393E8E,Ferme Transformation,Agriculture & Agroalimentaire,Pehunco,+229 51 21 10 72,ferme.transformation@ferme.transformation.bj,fermetransformation.bj,Grande (>200),B2C,Facebook Pages,,Actif,2026-06-29T00:15:34.252794,haute
BJ-F6D13616,Ets Pêche SARL,Agriculture & Agroalimentaire,Pehunco,+229 49 31 70 63,ets.pêche.sarl@ets.pêche.sarl.bj,,PME (10-50),B2C,Facebook Pages,,Actif,2026-06-29T00:15:34.252860,moyenne
BJ-B2909473,Agriculture SARL,Agriculture & Agroalimentaire,Pehunco,+229 26 80 23 29,agriculture.sarl@agriculture.sarl.net,,PME (10-50),B2B,Facebook Pages,,Actif,2026-06-29T00:15:34.252903,moyenne
BJ-1EE870E8,SARL Aquaculture Bénin,Agriculture & Agroalimentaire,Copargo,+229 87 42 65 63,sarl.aquaculture.bénin@sarl.aquaculture.bénin.bj,,PME (10-50),B2B,Facebook Pages,,Actif,2026-06-29T00:15:34.252932,moyenne
BJ-1313166D,Agro Agriculture Africa,Agriculture & Agroalimentaire,Copargo,+229 62 61 79 55,,agroagricultureafrica.bj,PME (50-200),B2C,Facebook Pages,,Actif,2026-06-29T00:15:34.252961,moyenne
BJ-26D9A06C,Ets Ferme Groupe,Agriculture & Agroalimentaire,Copargo,+229 99 28 97 49,,,PME (50-200),B2C,Facebook Pages,,Actif,2026-06-29T00:15:34.252972,basse
BJ-991C6738,Alimentaire Farm,Agriculture & Agroalimentaire,Copargo,+229 46 98 76 57,alimentaire.farm@alimentaire.farm.org,,Grande (>200),B2C,Facebook Pages,,Actif,2026-06-29T00:15:34.252983,moyenne
BJ-0249EAAA,Université Développement,Éducation & Formation,Cotonou,+229 28 60 99 38,université.développement@université.développement.bj,universitédéveloppement.bj,PME (10-50),B2C,Facebook Pages,,Actif,2026-06-29T00:15:34.253022,haute
BJ-EEEBA50A,International,Éducation & Formation,Cotonou,+229 60 86 67 94,,international.bj,PME (10-50),B2B,Facebook Pages,,Actif,2026-06-29T00:15:34.253034,moyenne
BJ-2FDB54D6,Université Liberté College,Éducation & Formation,Cotonou,+229 49 99 74 35,,universitélibertécollege.bj,TPE (<10),B2C,Facebook Pages,,Actif,2026-06-29T00:15:34.253047,moyenne
BJ-6FFF5E57,Liberté,Éducation & Formation,Cotonou,+229 23 75 51 36,liberté@liberté.net,liberté.bj,PME (50-200),B2C,Facebook Pages,,Actif,2026-06-29T00:15:34.253060,haute
BJ-7EF61313,Académie Excellence University,Éducation & Formation,Abomey-Calavi,+229 22 50 13 20,académie.excellence.university@académie.excellence.university.benin,académieexcellenceuniversity.bj,PME (10-50),B2C,Facebook Pages,,Actif,2026-06-29T00:15:34.253080,haute
BJ-C898D6BC,Académie Catholique,Éducation & Formation,Abomey-Calavi,+229 61 23 20 36,académie.catholique@académie.catholique.net,,Grande (>200),B2B,Facebook Pages,,Actif,2026-06-29T00:15:34.253105,moyenne
BJ-42FF0A65,Université Apprentissage University,Éducation & Formation,Abomey-Calavi,+229 80 42 13 62,,universitéapprentissageuniversity.bj,PME (10-50),B2C,Facebook Pages,,Actif,2026-06-29T00:15:34.253117,moyenne
BJ-2D056E8F,Université Développement,Éducation & Formation,Abomey-Calavi,+229 22 82 49 11,université.développement@université.développement.net,universitédéveloppement.bj,TPE (<10),B2B,Facebook Pages,,Actif,2026-06-29T00:15:34.253130,haute
BJ-40DAD382,Institut Excellence Academy,Éducation & Formation,Porto-Novo,+229 99 90 12 62,institut.excellence.academy@institut.excellence.academy.bj,institutexcellenceacademy.bj,TPE (<10),B2B,Facebook Pages,,Actif,2026-06-29T00:15:34.253151,haute
BJ-DE699681,Catholique,Éducation & Formation,Porto-Novo,+229 62 84 65 32,catholique@catholique.bj,catholique.bj,PME (10-50),B2C,Facebook Pages,,Actif,2026-06-29T00:15:34.253167,haute
BJ-240A969F,Centre Privé Institute Porto-Novo,Éducation & Formation,Porto-Novo,+229 66 30 87 70,centre.privé.institute.portonovo@centre.privé.institute.portonovo.bj,centreprivéinstituteportonovo.bj,TPE (<10),B2B,Facebook Pages,,Actif,2026-06-29T00:15:34.253182,haute
BJ-FF9A6FE9,Savoir,Éducation & Formation,Porto-Novo,+229 22 74 75 64,savoir@savoir.org,savoir.bj,TPE (<10),B2B,Facebook Pages,,Actif,2026-06-29T00:15:34.253198,haute
BJ-C959F9D5,Académie Protestant,Éducation & Formation,Parakou,+229 20 36 91 28,académie.protestant@académie.protestant.bj,académieprotestant.bj,Grande (>200),B2C,Facebook Pages,,Actif,2026-06-29T00:15:34.253242,haute
BJ-981D19B4,Liberté,Éducation & Formation,Parakou,+229 98 81 35 25,,liberté.bj,TPE (<10),B2B,Facebook Pages,,Actif,2026-06-29T00:15:34.253258,moyenne
BJ-B7B0D26E,Apprentissage,Éducation & Formation,Parakou,+229 76 68 79 93,apprentissage@apprentissage.benin,,PME (50-200),B2C,Facebook Pages,,Actif,2026-06-29T00:15:34.253270,moyenne
BJ-4D3D4576,Lycée International Lycée,Éducation & Formation,Parakou,+229 40 19 68 41,lycée.international.lycée@lycée.international.lycée.net,lycéeinternationallycée.bj,TPE (<10),B2B,Facebook Pages,,Actif,2026-06-29T00:15:34.253283,haute
BJ-C15744A6,Académie Développement École Bohicon,Éducation & Formation,Bohicon,+229 79 92 45 65,académie.développement.école.bohicon@académie.développement.école.bohicon.net,académiedéveloppementécolebohicon.bj,PME (10-50),B2B,Facebook Pages,,Actif,2026-06-29T00:15:34.253305,haute
BJ-5FBB21EC,Université National,Éducation & Formation,Bohicon,+229 53 40 32 72,université.national@université.national.net,universiténational.bj,TPE (<10),B2B,Facebook Pages,,Actif,2026-06-29T00:15:34.253321,haute
BJ-E09087C4,Liberté School Bohicon,Éducation & Formation,Bohicon,+229 29 81 15 52,liberté.school.bohicon@liberté.school.bohicon.org,libertéschoolbohicon.bj,TPE (<10),B2B,Facebook Pages,,Actif,2026-06-29T00:15:34.253336,haute
BJ-83A153C9,École Liberté,Éducation & Formation,Bohicon,+229 62 30 64 53,école.liberté@école.liberté.com,écoleliberté.bj,PME (10-50),B2B,Facebook Pages,,Actif,2026-06-29T00:15:34.253349,haute
BJ-26319D40,Collège Éducation School,Éducation & Formation,Bohicon,+229 44 82 24 53,,collègeéducationschool.bj,TPE (<10),B2B,Facebook Pages,,Actif,2026-06-29T00:15:34.253361,moyenne
BJ-03AFE64A,École Privé Bénin,Éducation & Formation,Natitingou,+229 71 45 60 19,,écoleprivébénin.bj,TPE (<10),B2C,Facebook Pages,,Actif,2026-06-29T00:15:34.253379,moyenne
BJ-D56268F7,Académie Protestant Lycée,Éducation & Formation,Natitingou,+229 81 85 79 87,académie.protestant.lycée@académie.protestant.lycée.net,académieprotestantlycée.bj,PME (10-50),B2B,Facebook Pages,,Actif,2026-06-29T00:15:34.253391,haute
BJ-F7499637,Savoir,Éducation & Formation,Natitingou,+229 94 11 91 28,savoir@savoir.bj,savoir.bj,PME (10-50),B2B,Facebook Pages,,Actif,2026-06-29T00:15:34.253403,haute
BJ-F20E0AEC,École International,Éducation & Formation,Natitingou,+229 69 53 94 18,école.international@école.international.net,écoleinternational.bj,TPE (<10),B2C,Facebook Pages,,Actif,2026-06-29T00:15:34.253416,haute
BJ-0E2845F5,Collège Catholique,Éducation & Formation,Natitingou,+229 46 98 59 82,,collègecatholique.bj,PME (10-50),B2B,Facebook Pages,,Actif,2026-06-29T00:15:34.253428,moyenne
BJ-5F7D6FFE,École Connaissance,Éducation & Formation,Lokossa,+229 57 23 81 73,école.connaissance@école.connaissance.org,écoleconnaissance.bj,PME (10-50),B2C,Facebook Pages,,Actif,2026-06-29T00:15:34.253446,haute
BJ-65249BCB,Centre Excellence École,Éducation & Formation,Lokossa,+229 75 27 76 94,centre.excellence.école@centre.excellence.école.com,centreexcellenceécole.bj,TPE (<10),B2C,Facebook Pages,,Actif,2026-06-29T00:15:34.253480,haute
BJ-44E06620,Collège Excellence,Éducation & Formation,Lokossa,+229 64 81 69 61,collège.excellence@collège.excellence.org,collègeexcellence.bj,PME (50-200),B2C,Facebook Pages,,Actif,2026-06-29T00:15:34.253495,haute
BJ-862C2BF8,Collège International College,Éducation & Formation,Lokossa,+229 36 29 61 40,collège.international.college@collège.international.college.org,,PME (10-50),B2C,Facebook Pages,,Actif,2026-06-29T00:15:34.253508,moyenne
BJ-C10B77B1,Connaissance Ouidah,Éducation & Formation,Ouidah,+229 52 69 93 66,,connaissanceouidah.bj,TPE (<10),B2B,Facebook Pages,,Actif,2026-06-29T00:15:34.253538,moyenne
BJ-3E13F00B,École Catholique School,Éducation & Formation,Ouidah,+229 75 34 47 39,école.catholique.school@école.catholique.school.benin,écolecatholiqueschool.bj,PME (10-50),B2C,Facebook Pages,,Actif,2026-06-29T00:15:34.253551,haute
BJ-053D27AD,Connaissance,Éducation & Formation,Ouidah,+229 32 55 55 38,connaissance@connaissance.benin,connaissance.bj,TPE (<10),B2B,Facebook Pages,,Actif,2026-06-29T00:15:34.253563,haute
BJ-2BCC1DF1,International École Ouidah,Éducation & Formation,Ouidah,+229 76 77 23 61,international.école.ouidah@international.école.ouidah.com,,PME (10-50),B2C,Facebook Pages,,Actif,2026-06-29T00:15:34.253576,moyenne
BJ-691EEE36,Lycée National,Éducation & Formation,Ouidah,+229 51 42 67 66,lycée.national@lycée.national.bj,lycéenational.bj,TPE (<10),B2B,Facebook Pages,,Actif,2026-06-29T00:15:34.253592,haute
BJ-47FFA6DA,École International University,Éducation & Formation,Savalou,+229 87 35 52 63,école.international.university@école.international.university.benin,écoleinternationaluniversity.bj,TPE (<10),B2C,Facebook Pages,,Actif,2026-06-29T00:15:34.253615,haute
BJ-2596BFE9,Centre International University,Éducation & Formation,Savalou,+229 44 75 95 56,centre.international.university@centre.international.university.com,,PME (50-200),B2C,Facebook Pages,,Actif,2026-06-29T00:15:34.253630,moyenne
BJ-6E1FBA44,Catholique Institute,Éducation & Formation,Savalou,+229 78 32 94 42,,catholiqueinstitute.bj,PME (10-50),B2B,Facebook Pages,,Actif,2026-06-29T00:15:34.253642,moyenne
BJ-36934B17,Université Protestant Institute,Éducation & Formation,Savalou,+229 38 86 71 79,,universitéprotestantinstitute.bj,TPE (<10),B2B,Facebook Pages,,Actif,2026-06-29T00:15:34.253654,moyenne
BJ-817E3325,Académie Éducation École Savalou,Éducation & Formation,Savalou,+229 74 72 49 61,académie.éducation.école.savalou@académie.éducation.école.savalou.org,académieéducationécolesavalou.bj,PME (10-50),B2B,Facebook Pages,,Actif,2026-06-29T00:15:34.253667,haute
BJ-9D36B71C,Protestant School,Éducation & Formation,Dassa-Zoumè,+229 98 48 48 33,protestant.school@protestant.school.benin,,TPE (<10),B2C,Facebook Pages,,Actif,2026-06-29T00:15:34.253685,moyenne
BJ-D12BE41A,École National Academy,Éducation & Formation,Dassa-Zoumè,+229 38 32 37 58,école.national.academy@école.national.academy.benin,écolenationalacademy.bj,TPE (<10),B2C,Facebook Pages,,Actif,2026-06-29T00:15:34.253698,haute
BJ-6072797E,Savoir Institute,Éducation & Formation,Dassa-Zoumè,+229 20 61 20 37,savoir.institute@savoir.institute.net,,PME (50-200),B2B,Facebook Pages,,Actif,2026-06-29T00:15:34.253710,moyenne
BJ-AE6D1F02,Formation School,Éducation & Formation,Dassa-Zoumè,+229 98 35 88 81,formation.school@formation.school.benin,formationschool.bj,PME (50-200),B2B,Facebook Pages,,Actif,2026-06-29T00:15:34.253728,haute
BJ-ECDD60CE,Académie Apprentissage University,Éducation & Formation,Dassa-Zoumè,+229 20 54 59 47,académie.apprentissage.university@académie.apprentissage.university.org,,TPE (<10),B2C,Facebook Pages,,Actif,2026-06-29T00:15:34.253766,moyenne
BJ-E4AC5159,Institut Développement College Kétou,Éducation & Formation,Kétou,+229 47 43 59 54,,institutdéveloppementcollegekétou.bj,TPE (<10),B2C,Facebook Pages,,Actif,2026-06-29T00:15:34.253806,moyenne
BJ-203DF08F,Apprentissage Bénin,Éducation & Formation,Kétou,+229 77 31 34 31,apprentissage.bénin@apprentissage.bénin.com,,TPE (<10),B2B,Facebook Pages,,Actif,2026-06-29T00:15:34.253864,moyenne
BJ-D1249F78,Institut Excellence Academy Kétou,Éducation & Formation,Kétou,+229 70 38 98 78,institut.excellence.academy.kétou@institut.excellence.academy.kétou.net,,PME (10-50),B2C,Facebook Pages,,Actif,2026-06-29T00:15:34.253901,moyenne
BJ-831EF083,Formation Academy,Éducation & Formation,Covè,+229 72 85 12 80,formation.academy@formation.academy.benin,formationacademy.bj,Grande (>200),B2B,Facebook Pages,,Actif,2026-06-29T00:15:34.253942,haute
BJ-30E1587A,Institut Excellence,Éducation & Formation,Covè,+229 85 91 62 64,institut.excellence@institut.excellence.com,,TPE (<10),B2C,Facebook Pages,,Actif,2026-06-29T00:15:34.253955,moyenne
BJ-FA989E46,École Éducation College Covè,Éducation & Formation,Covè,+229 74 36 23 44,école.éducation.college.covè@école.éducation.college.covè.benin,écoleéducationcollegecovè.bj,TPE (<10),B2B,Facebook Pages,,Actif,2026-06-29T00:15:34.253969,haute
BJ-7BDD18DF,International Institute,Éducation & Formation,Covè,+229 61 96 81 65,international.institute@international.institute.org,internationalinstitute.bj,PME (10-50),B2B,Facebook Pages,,Actif,2026-06-29T00:15:34.253992,haute
BJ-39B99B1B,Éducation University,Éducation & Formation,Pobè,+229 77 97 18 33,éducation.university@éducation.university.benin,éducationuniversity.bj,PME (50-200),B2C,Facebook Pages,,Actif,2026-06-29T00:15:34.254012,haute
BJ-3CBD67F3,Université Liberté,Éducation & Formation,Pobè,+229 40 98 41 40,université.liberté@université.liberté.bj,,PME (50-200),B2C,Facebook Pages,,Actif,2026-06-29T00:15:34.254028,moyenne
BJ-FF3BCD79,Université Éducation,Éducation & Formation,Pobè,+229 81 19 62 19,,universitééducation.bj,TPE (<10),B2B,Facebook Pages,,Actif,2026-06-29T00:15:34.254040,moyenne
BJ-18F57EF6,Protestant,Éducation & Formation,Pobè,+229 87 90 56 92,protestant@protestant.org,protestant.bj,TPE (<10),B2B,Facebook Pages,,Actif,2026-06-29T00:15:34.254053,haute
BJ-028D6725,Lycée Privé,Éducation & Formation,Sakété,+229 74 13 32 62,lycée.privé@lycée.privé.benin,lycéeprivé.bj,PME (10-50),B2C,Facebook Pages,,Actif,2026-06-29T00:15:34.254088,haute
BJ-C9A4C341,Savoir,Éducation & Formation,Sakété,+229 62 80 45 29,,savoir.bj,PME (10-50),B2B,Facebook Pages,,Actif,2026-06-29T00:15:34.254103,moyenne
BJ-5551BF55,École National,Éducation & Formation,Sakété,+229 96 29 46 90,,,TPE (<10),B2B,Facebook Pages,,Actif,2026-06-29T00:15:34.254114,basse
BJ-30AA031B,École Formation,Éducation & Formation,Sakété,+229 50 32 45 72,,,TPE (<10),B2C,Facebook Pages,,Actif,2026-06-29T00:15:34.254124,basse
BJ-F7068A5D,International École,Éducation & Formation,Sakété,+229 42 87 23 83,international.école@international.école.bj,internationalécole.bj,TPE (<10),B2C,Facebook Pages,,Actif,2026-06-29T00:15:34.254137,haute
BJ-7A8BF7CD,Développement Academy,Éducation & Formation,Adjara,+229 31 84 32 77,,développementacademy.bj,PME (10-50),B2C,Facebook Pages,,Actif,2026-06-29T00:15:34.254155,moyenne
BJ-550076F9,Collège Privé University,Éducation & Formation,Adjara,+229 96 65 60 86,collège.privé.university@collège.privé.university.org,collègeprivéuniversity.bj,PME (50-200),B2B,Facebook Pages,,Actif,2026-06-29T00:15:34.254171,haute
BJ-6E306D9F,Institut Éducation,Éducation & Formation,Adjara,+229 49 46 96 84,,,PME (50-200),B2B,Facebook Pages,,Actif,2026-06-29T00:15:34.254194,basse
BJ-BA95C7C1,Protestant,Éducation & Formation,Adjara,+229 47 42 60 34,protestant@protestant.org,,TPE (<10),B2C,Facebook Pages,,Actif,2026-06-29T00:15:34.254205,moyenne
BJ-E9D376C9,Éducation Academy,Éducation & Formation,Allada,+229 89 96 11 47,éducation.academy@éducation.academy.bj,éducationacademy.bj,TPE (<10),B2B,Facebook Pages,,Actif,2026-06-29T00:15:34.254224,haute
BJ-DE2A788D,Académie Liberté Bénin,Éducation & Formation,Allada,+229 83 61 34 87,,académielibertébénin.bj,PME (50-200),B2B,Facebook Pages,,Actif,2026-06-29T00:15:34.254236,moyenne
BJ-3941DA90,Université Apprentissage,Éducation & Formation,Allada,+229 95 90 89 48,université.apprentissage@université.apprentissage.org,universitéapprentissage.bj,TPE (<10),B2C,Facebook Pages,,Actif,2026-06-29T00:15:34.254249,haute
BJ-7CD48321,Privé Allada,Éducation & Formation,Allada,+229 78 14 37 47,privé.allada@privé.allada.com,privéallada.bj,TPE (<10),B2B,Facebook Pages,,Actif,2026-06-29T00:15:34.254262,haute
BJ-6975AE9D,Université Développement,Éducation & Formation,Allada,+229 55 62 95 29,université.développement@université.développement.com,universitédéveloppement.bj,TPE (<10),B2C,Facebook Pages,,Actif,2026-06-29T00:15:34.254274,haute
BJ-29337AB1,Apprentissage Aplahoué,Éducation & Formation,Aplahoué,+229 62 57 83 39,apprentissage.aplahoué@apprentissage.aplahoué.net,apprentissageaplahoué.bj,PME (10-50),B2C,Facebook Pages,,Actif,2026-06-29T00:15:34.254293,haute
BJ-F20D6F0F,Formation College,Éducation & Formation,Aplahoué,+229 63 72 30 75,,formationcollege.bj,PME (50-200),B2B,Facebook Pages,,Actif,2026-06-29T00:15:34.254307,moyenne
BJ-09D925EF,Lycée Protestant University,Éducation & Formation,Aplahoué,+229 31 83 34 88,lycée.protestant.university@lycée.protestant.university.org,,TPE (<10),B2B,Facebook Pages,,Actif,2026-06-29T00:15:34.254319,moyenne
BJ-609E29EA,Catholique Aplahoué,Éducation & Formation,Aplahoué,+229 55 11 65 65,,catholiqueaplahoué.bj,PME (10-50),B2C,Facebook Pages,,Actif,2026-06-29T00:15:34.254331,moyenne
BJ-ABF656AC,Centre Formation Aplahoué,Éducation & Formation,Aplahoué,+229 67 82 74 28,centre.formation.aplahoué@centre.formation.aplahoué.net,centreformationaplahoué.bj,PME (50-200),B2C,Facebook Pages,,Actif,2026-06-29T00:15:34.254347,haute
BJ-8CD971A8,Institut Privé,Éducation & Formation,Dogbo-Tota,+229 62 72 78 42,institut.privé@institut.privé.benin,institutprivé.bj,TPE (<10),B2B,Facebook Pages,,Actif,2026-06-29T00:15:34.254366,haute
BJ-E9CF3DD6,École Savoir Bénin Dogbo-Tota,Éducation & Formation,Dogbo-Tota,+229 81 82 94 16,école.savoir.bénin.dogbotota@école.savoir.bénin.dogbotota.com,écolesavoirbénindogbotota.bj,TPE (<10),B2B,Facebook Pages,,Actif,2026-06-29T00:15:34.254383,haute
BJ-DFEFBBE3,International Academy,Éducation & Formation,Dogbo-Tota,+229 70 86 70 15,international.academy@international.academy.com,,TPE (<10),B2C,Facebook Pages,,Actif,2026-06-29T00:15:34.254395,moyenne
BJ-7B764B6A,Centre Liberté Dogbo-Tota,Éducation & Formation,Dogbo-Tota,+229 28 48 52 69,centre.liberté.dogbotota@centre.liberté.dogbotota.org,,PME (50-200),B2C,Facebook Pages,,Actif,2026-06-29T00:15:34.254408,moyenne
BJ-B2EA1931,Université Éducation,Éducation & Formation,Dogbo-Tota,+229 33 43 89 31,université.éducation@université.éducation.com,,PME (50-200),B2C,Facebook Pages,,Actif,2026-06-29T00:15:34.254419,moyenne
BJ-76B2F010,Catholique Institute,Éducation & Formation,Kpomassè,+229 66 79 63 81,catholique.institute@catholique.institute.com,catholiqueinstitute.bj,PME (10-50),B2B,Facebook Pages,,Actif,2026-06-29T00:15:34.254437,haute
BJ-7A3C68A4,Collège National,Éducation & Formation,Kpomassè,+229 25 16 52 40,,,PME (10-50),B2B,Facebook Pages,,Actif,2026-06-29T00:15:34.254455,basse
BJ-C505F86D,Apprentissage Institute,Éducation & Formation,Kpomassè,+229 93 65 65 48,apprentissage.institute@apprentissage.institute.com,apprentissageinstitute.bj,PME (10-50),B2C,Facebook Pages,,Actif,2026-06-29T00:15:34.254471,haute
BJ-8307EAAD,Formation,Éducation & Formation,Kpomassè,+229 27 69 33 96,formation@formation.com,,TPE (<10),B2C,Facebook Pages,,Actif,2026-06-29T00:15:34.254482,moyenne
BJ-5E79B54F,Collège Apprentissage École,Éducation & Formation,Kpomassè,+229 66 98 54 65,collège.apprentissage.école@collège.apprentissage.école.net,collègeapprentissageécole.bj,PME (50-200),B2C,Facebook Pages,,Actif,2026-06-29T00:15:34.254495,haute
BJ-8FEBF7E0,Académie Développement Academy,Éducation & Formation,Tori-Bossito,+229 80 72 47 69,,académiedéveloppementacademy.bj,Grande (>200),B2B,Facebook Pages,,Actif,2026-06-29T00:15:34.254512,moyenne
BJ-B178838D,Développement Institute,Éducation & Formation,Tori-Bossito,+229 82 71 26 29,développement.institute@développement.institute.org,développementinstitute.bj,PME (50-200),B2B,Facebook Pages,,Actif,2026-06-29T00:15:34.254525,haute
BJ-CA96F66A,Protestant,Éducation & Formation,Tori-Bossito,+229 78 71 72 65,protestant@protestant.com,protestant.bj,Grande (>200),B2B,Facebook Pages,,Actif,2026-06-29T00:15:34.254537,haute
BJ-1B645854,Lycée Privé Academy,Éducation & Formation,Tori-Bossito,+229 61 85 60 42,lycée.privé.academy@lycée.privé.academy.com,lycéeprivéacademy.bj,TPE (<10),B2C,Facebook Pages,,Actif,2026-06-29T00:15:34.254549,haute
BJ-4AEA1930,Lycée National,Éducation & Formation,Tori-Bossito,+229 59 67 83 47,lycée.national@lycée.national.com,lycéenational.bj,TPE (<10),B2B,Facebook Pages,,Actif,2026-06-29T00:15:34.254562,haute
BJ-2E5BC9BB,Institut Protestant,Éducation & Formation,Grand-Popo,+229 33 43 18 19,institut.protestant@institut.protestant.bj,institutprotestant.bj,PME (10-50),B2B,Facebook Pages,,Actif,2026-06-29T00:15:34.254580,haute
BJ-9936569D,Centre Formation,Éducation & Formation,Grand-Popo,+229 56 67 79 51,centre.formation@centre.formation.benin,centreformation.bj,TPE (<10),B2B,Facebook Pages,,Actif,2026-06-29T00:15:34.254599,haute
BJ-4C0824DE,Académie Développement Bénin,Éducation & Formation,Grand-Popo,+229 36 86 87 83,académie.développement.bénin@académie.développement.bénin.net,académiedéveloppementbénin.bj,TPE (<10),B2B,Facebook Pages,,Actif,2026-06-29T00:15:34.254613,haute
BJ-AA86DF9D,Savoir,Éducation & Formation,Athiémé,+229 79 46 67 77,savoir@savoir.net,savoir.bj,PME (10-50),B2C,Facebook Pages,,Actif,2026-06-29T00:15:34.254655,haute
BJ-409D2F2B,Connaissance Academy,Éducation & Formation,Athiémé,+229 22 76 35 27,connaissance.academy@connaissance.academy.bj,connaissanceacademy.bj,Grande (>200),B2B,Facebook Pages,,Actif,2026-06-29T00:15:34.254667,haute
BJ-D9F1B844,Apprentissage,Éducation & Formation,Athiémé,+229 23 92 37 52,apprentissage@apprentissage.com,,TPE (<10),B2C,Facebook Pages,,Actif,2026-06-29T00:15:34.254679,moyenne
BJ-3F68E064,Université Liberté École,Éducation & Formation,Athiémé,+229 55 87 76 88,université.liberté.école@université.liberté.école.org,universitélibertéécole.bj,TPE (<10),B2B,Facebook Pages,,Actif,2026-06-29T00:15:34.254692,haute
BJ-AB777AF9,Privé Bénin,Éducation & Formation,Athiémé,+229 78 75 53 26,,privébénin.bj,PME (50-200),B2B,Facebook Pages,,Actif,2026-06-29T00:15:34.254703,moyenne
BJ-76746FB4,Collège Apprentissage École,Éducation & Formation,Bopa,+229 53 58 88 79,collège.apprentissage.école@collège.apprentissage.école.benin,,PME (10-50),B2C,Facebook Pages,,Actif,2026-06-29T00:15:34.254725,moyenne
BJ-F055159E,Institut Apprentissage,Éducation & Formation,Bopa,+229 66 22 23 52,institut.apprentissage@institut.apprentissage.org,institutapprentissage.bj,TPE (<10),B2C,Facebook Pages,,Actif,2026-06-29T00:15:34.254740,haute
BJ-C44AE657,Excellence Academy Bopa,Éducation & Formation,Bopa,+229 27 78 96 84,excellence.academy.bopa@excellence.academy.bopa.bj,excellenceacademybopa.bj,TPE (<10),B2B,Facebook Pages,,Actif,2026-06-29T00:15:34.254752,haute
BJ-46CAB78B,International School,Éducation & Formation,Bopa,+229 61 45 59 56,,,TPE (<10),B2B,Facebook Pages,,Actif,2026-06-29T00:15:34.254774,basse
BJ-CE4F57B3,École Liberté Lycée,Éducation & Formation,Houéyogbé,+229 26 55 75 80,école.liberté.lycée@école.liberté.lycée.bj,écolelibertélycée.bj,PME (10-50),B2B,Facebook Pages,,Actif,2026-06-29T00:15:34.254806,haute
BJ-CD72E228,Excellence Lycée,Éducation & Formation,Houéyogbé,+229 53 95 29 48,,excellencelycée.bj,TPE (<10),B2B,Facebook Pages,,Actif,2026-06-29T00:15:34.254821,moyenne
BJ-3A17606A,Centre Liberté Lycée,Éducation & Formation,Houéyogbé,+229 89 29 84 25,centre.liberté.lycée@centre.liberté.lycée.net,centrelibertélycée.bj,TPE (<10),B2B,Facebook Pages,,Actif,2026-06-29T00:15:34.254849,haute
BJ-8375167A,École Apprentissage,Éducation & Formation,Malanville,+229 75 40 61 64,école.apprentissage@école.apprentissage.benin,écoleapprentissage.bj,PME (50-200),B2C,Facebook Pages,,Actif,2026-06-29T00:15:34.254868,haute
BJ-8645B0B5,Protestant Bénin,Éducation & Formation,Malanville,+229 81 14 96 61,protestant.bénin@protestant.bénin.org,protestantbénin.bj,Grande (>200),B2C,Facebook Pages,,Actif,2026-06-29T00:15:34.254883,haute
BJ-B052421F,Centre Catholique,Éducation & Formation,Malanville,+229 77 57 91 67,centre.catholique@centre.catholique.benin,centrecatholique.bj,PME (50-200),B2C,Facebook Pages,,Actif,2026-06-29T00:15:34.254907,haute
BJ-D4AC0D2F,Institut Savoir University,Éducation & Formation,Malanville,+229 98 99 38 62,,institutsavoiruniversity.bj,PME (10-50),B2B,Facebook Pages,,Actif,2026-06-29T00:15:34.254919,moyenne
BJ-78BED3D8,Institut National Malanville,Éducation & Formation,Malanville,+229 91 64 49 42,institut.national.malanville@institut.national.malanville.net,,PME (10-50),B2C,Facebook Pages,,Actif,2026-06-29T00:15:34.254931,moyenne
BJ-92E2A397,Éducation,Éducation & Formation,Kandi,+229 53 15 64 75,éducation@éducation.net,éducation.bj,PME (10-50),B2C,Facebook Pages,,Actif,2026-06-29T00:15:34.254950,haute
BJ-C047E7AA,Université Protestant École,Éducation & Formation,Kandi,+229 27 68 16 73,université.protestant.école@université.protestant.école.bj,universitéprotestantécole.bj,TPE (<10),B2B,Facebook Pages,,Actif,2026-06-29T00:15:34.254964,haute
BJ-8D451007,École Éducation Institute,Éducation & Formation,Kandi,+229 66 79 90 38,,,PME (10-50),B2C,Facebook Pages,,Actif,2026-06-29T00:15:34.254974,basse
BJ-6277A98E,Lycée Privé Bénin Kandi,Éducation & Formation,Kandi,+229 65 41 99 57,lycée.privé.bénin.kandi@lycée.privé.bénin.kandi.org,lycéeprivébéninkandi.bj,PME (10-50),B2C,Facebook Pages,,Actif,2026-06-29T00:15:34.254988,haute
BJ-D9606C09,École Protestant College,Éducation & Formation,Kandi,+229 44 65 73 51,école.protestant.college@école.protestant.college.org,écoleprotestantcollege.bj,TPE (<10),B2B,Facebook Pages,,Actif,2026-06-29T00:15:34.255000,haute
BJ-078889A8,Lycée Formation,Éducation & Formation,Banikoara,+229 52 95 20 51,lycée.formation@lycée.formation.net,,TPE (<10),B2C,Facebook Pages,,Actif,2026-06-29T00:15:34.255017,moyenne
BJ-7230A9FF,Université International,Éducation & Formation,Banikoara,+229 42 39 18 81,université.international@université.international.com,universitéinternational.bj,TPE (<10),B2B,Facebook Pages,,Actif,2026-06-29T00:15:34.255033,haute
BJ-E85E08E9,Centre Liberté,Éducation & Formation,Banikoara,+229 39 18 24 84,centre.liberté@centre.liberté.bj,,PME (10-50),B2C,Facebook Pages,,Actif,2026-06-29T00:15:34.255058,moyenne
BJ-58777BC4,Savoir,Éducation & Formation,Banikoara,+229 98 86 87 16,,,Grande (>200),B2C,Facebook Pages,,Actif,2026-06-29T00:15:34.255069,basse
BJ-4FECB010,Catholique School,Éducation & Formation,Ségbana,+229 79 50 55 84,catholique.school@catholique.school.benin,catholiqueschool.bj,TPE (<10),B2B,Facebook Pages,,Actif,2026-06-29T00:15:34.255102,haute
BJ-9D8B5F7E,Académie International,Éducation & Formation,Ségbana,+229 40 74 51 75,académie.international@académie.international.bj,académieinternational.bj,TPE (<10),B2B,Facebook Pages,,Actif,2026-06-29T00:15:34.255126,haute
BJ-E390AE33,National School,Éducation & Formation,Ségbana,+229 39 79 32 71,national.school@national.school.net,nationalschool.bj,PME (50-200),B2B,Facebook Pages,,Actif,2026-06-29T00:15:34.255138,haute
BJ-221D308A,Public Karimama,Éducation & Formation,Karimama,+229 80 31 50 65,,publickarimama.bj,TPE (<10),B2C,Facebook Pages,,Actif,2026-06-29T00:15:34.255174,moyenne
BJ-2FECCFF8,Université Apprentissage Institute,Éducation & Formation,Karimama,+229 22 49 96 89,,universitéapprentissageinstitute.bj,PME (50-200),B2B,Facebook Pages,,Actif,2026-06-29T00:15:34.255186,moyenne
BJ-4880B005,Académie Éducation College,Éducation & Formation,Karimama,+229 61 98 73 53,,académieéducationcollege.bj,PME (10-50),B2C,Facebook Pages,,Actif,2026-06-29T00:15:34.255198,moyenne
BJ-392928B8,Université Liberté,Éducation & Formation,Karimama,+229 78 10 88 56,,universitéliberté.bj,PME (10-50),B2C,Facebook Pages,,Actif,2026-06-29T00:15:34.255209,moyenne
BJ-EA49634D,Collège Catholique School,Éducation & Formation,Gogounou,+229 74 96 69 29,collège.catholique.school@collège.catholique.school.net,,PME (10-50),B2B,Facebook Pages,,Actif,2026-06-29T00:15:34.255226,moyenne
BJ-B17C9C4C,Institut Formation École,Éducation & Formation,Gogounou,+229 20 26 71 91,institut.formation.école@institut.formation.école.bj,institutformationécole.bj,TPE (<10),B2B,Facebook Pages,,Actif,2026-06-29T00:15:34.255239,haute
BJ-468D1F0A,Éducation College Gogounou,Éducation & Formation,Gogounou,+229 55 84 15 94,éducation.college.gogounou@éducation.college.gogounou.benin,éducationcollegegogounou.bj,PME (50-200),B2C,Facebook Pages,,Actif,2026-06-29T00:15:34.255255,haute
BJ-61B740B0,Formation Institute,Éducation & Formation,Gogounou,+229 98 35 62 75,,formationinstitute.bj,PME (10-50),B2B,Facebook Pages,,Actif,2026-06-29T00:15:34.255266,moyenne
BJ-992D7E2C,Collège Liberté,Éducation & Formation,Gogounou,+229 86 36 28 70,,,PME (50-200),B2C,Facebook Pages,,Actif,2026-06-29T00:15:34.255276,basse
BJ-635B0DF7,Savoir,Éducation & Formation,Cobly,+229 61 48 15 39,,savoir.bj,PME (10-50),B2B,Facebook Pages,,Actif,2026-06-29T00:15:34.255294,moyenne
BJ-E6B7CBCA,Catholique Bénin,Éducation & Formation,Cobly,+229 70 17 32 62,catholique.bénin@catholique.bénin.bj,,TPE (<10),B2C,Facebook Pages,,Actif,2026-06-29T00:15:34.255309,moyenne
BJ-663EEB7A,Université Catholique,Éducation & Formation,Cobly,+229 49 47 11 40,université.catholique@université.catholique.com,universitécatholique.bj,Grande (>200),B2B,Facebook Pages,,Actif,2026-06-29T00:15:34.255322,haute
BJ-EB3128CC,Formation College,Éducation & Formation,Cobly,+229 37 80 83 16,formation.college@formation.college.net,,TPE (<10),B2C,Facebook Pages,,Actif,2026-06-29T00:15:34.255336,moyenne
BJ-01E936EF,Centre Développement,Éducation & Formation,Cobly,+229 50 27 42 47,centre.développement@centre.développement.benin,,TPE (<10),B2C,Facebook Pages,,Actif,2026-06-29T00:15:34.255348,moyenne
BJ-35D5AAF2,École Savoir University,Éducation & Formation,Tanguiéta,+229 82 68 21 55,école.savoir.university@école.savoir.university.net,écolesavoiruniversity.bj,TPE (<10),B2B,Facebook Pages,,Actif,2026-06-29T00:15:34.255366,haute
BJ-033BE02D,École Formation University,Éducation & Formation,Tanguiéta,+229 55 23 53 57,école.formation.university@école.formation.university.net,écoleformationuniversity.bj,PME (50-200),B2B,Facebook Pages,,Actif,2026-06-29T00:15:34.255380,haute
BJ-4545B705,Liberté Tanguiéta,Éducation & Formation,Tanguiéta,+229 92 77 97 19,liberté.tanguiéta@liberté.tanguiéta.bj,,TPE (<10),B2B,Facebook Pages,,Actif,2026-06-29T00:15:34.255391,moyenne
BJ-80C5F1E5,Connaissance Academy Tanguiéta,Éducation & Formation,Tanguiéta,+229 36 69 75 20,connaissance.academy.tanguiéta@connaissance.academy.tanguiéta.benin,connaissanceacademytanguiéta.bj,TPE (<10),B2C,Facebook Pages,,Actif,2026-06-29T00:15:34.255404,haute
BJ-6E82C912,Éducation École,Éducation & Formation,Tanguiéta,+229 92 15 65 86,,,TPE (<10),B2C,Facebook Pages,,Actif,2026-06-29T00:15:34.255415,basse
BJ-DBE54B9C,Savoir Institute,Éducation & Formation,Matéri,+229 34 26 90 31,savoir.institute@savoir.institute.org,savoirinstitute.bj,TPE (<10),B2C,Facebook Pages,,Actif,2026-06-29T00:15:34.255433,haute
BJ-D475E3E4,Formation School,Éducation & Formation,Matéri,+229 30 29 38 99,formation.school@formation.school.org,formationschool.bj,PME (50-200),B2B,Facebook Pages,,Actif,2026-06-29T00:15:34.255472,haute
BJ-5D7721C7,Lycée National,Éducation & Formation,Matéri,+229 32 52 96 44,lycée.national@lycée.national.net,,PME (50-200),B2B,Facebook Pages,,Actif,2026-06-29T00:15:34.255483,moyenne
BJ-430AF351,Éducation,Éducation & Formation,Natitingou,+229 54 43 39 40,,éducation.bj,PME (10-50),B2C,Facebook Pages,,Actif,2026-06-29T00:15:34.255529,moyenne
BJ-EA4092A9,Institut Savoir,Éducation & Formation,Natitingou,+229 73 12 47 71,,institutsavoir.bj,Grande (>200),B2C,Facebook Pages,,Actif,2026-06-29T00:15:34.255541,moyenne
BJ-FBBB6CE7,Académie Connaissance École,Éducation & Formation,Natitingou,+229 47 60 85 60,académie.connaissance.école@académie.connaissance.école.org,,PME (10-50),B2C,Facebook Pages,,Actif,2026-06-29T00:15:34.255552,moyenne
BJ-7EAE038B,École Connaissance,Éducation & Formation,Toucountouna,+229 93 47 74 79,école.connaissance@école.connaissance.org,écoleconnaissance.bj,TPE (<10),B2C,Facebook Pages,,Actif,2026-06-29T00:15:34.255571,haute
BJ-A3870413,Lycée Apprentissage University,Éducation & Formation,Toucountouna,+229 72 54 56 92,lycée.apprentissage.university@lycée.apprentissage.university.org,lycéeapprentissageuniversity.bj,Grande (>200),B2C,Facebook Pages,,Actif,2026-06-29T00:15:34.255589,haute
BJ-7B8D3E9A,Formation College,Éducation & Formation,Toucountouna,+229 95 95 80 43,formation.college@formation.college.com,,TPE (<10),B2B,Facebook Pages,,Actif,2026-06-29T00:15:34.255601,moyenne
BJ-33D2D8A3,Collège Développement,Éducation & Formation,Toucountouna,+229 31 69 32 89,collège.développement@collège.développement.com,collègedéveloppement.bj,TPE (<10),B2C,Facebook Pages,,Actif,2026-06-29T00:15:34.255614,haute
BJ-D93CEA1B,Liberté Lycée,Éducation & Formation,Toucountouna,+229 74 86 16 25,liberté.lycée@liberté.lycée.com,libertélycée.bj,PME (50-200),B2B,Facebook Pages,,Actif,2026-06-29T00:15:34.255626,haute
BJ-89BAA84A,Institut Éducation École Boukoumbé,Éducation & Formation,Boukoumbé,+229 38 27 29 97,institut.éducation.école.boukoumbé@institut.éducation.école.boukoumbé.benin,institutéducationécoleboukoumbé.bj,PME (10-50),B2C,Facebook Pages,,Actif,2026-06-29T00:15:34.255646,haute
BJ-AA9B5A7D,Savoir,Éducation & Formation,Boukoumbé,+229 77 46 11 74,savoir@savoir.org,,PME (10-50),B2B,Facebook Pages,,Actif,2026-06-29T00:15:34.255658,moyenne
BJ-F0E0289F,Protestant Institute,Éducation & Formation,Boukoumbé,+229 60 93 99 20,,protestantinstitute.bj,PME (50-200),B2B,Facebook Pages,,Actif,2026-06-29T00:15:34.255693,moyenne
BJ-28F162A5,Éducation Institute Kouandé,Éducation & Formation,Kouandé,+229 40 21 98 75,éducation.institute.kouandé@éducation.institute.kouandé.benin,éducationinstitutekouandé.bj,PME (50-200),B2B,Facebook Pages,,Actif,2026-06-29T00:15:34.255713,haute
BJ-46687DBD,Apprentissage,Éducation & Formation,Kouandé,+229 32 28 88 55,,,PME (10-50),B2B,Facebook Pages,,Actif,2026-06-29T00:15:34.255727,basse
BJ-5E8711EC,Lycée Formation College,Éducation & Formation,Kouandé,+229 98 74 36 97,,lycéeformationcollege.bj,PME (10-50),B2B,Facebook Pages,,Actif,2026-06-29T00:15:34.255739,moyenne
BJ-A32CE601,Savoir University Kouandé,Éducation & Formation,Kouandé,+229 71 35 49 89,savoir.university.kouandé@savoir.university.kouandé.benin,savoiruniversitykouandé.bj,PME (50-200),B2B,Facebook Pages,,Actif,2026-06-29T00:15:34.255753,haute
BJ-8F910CC0,Institut Liberté Institute Kouandé,Éducation & Formation,Kouandé,+229 31 45 56 22,institut.liberté.institute.kouandé@institut.liberté.institute.kouandé.org,institutlibertéinstitutekouandé.bj,Grande (>200),B2B,Facebook Pages,,Actif,2026-06-29T00:15:34.255767,haute
BJ-3B44C426,Collège International Lycée Péhunco,Éducation & Formation,Péhunco,+229 21 58 68 49,collège.international.lycée.péhunco@collège.international.lycée.péhunco.org,collègeinternationallycéepéhunco.bj,PME (10-50),B2B,Facebook Pages,,Actif,2026-06-29T00:15:34.255787,haute
BJ-86E08C5F,Connaissance Bénin,Éducation & Formation,Péhunco,+229 42 48 41 54,connaissance.bénin@connaissance.bénin.net,,TPE (<10),B2B,Facebook Pages,,Actif,2026-06-29T00:15:34.255799,moyenne
BJ-5F1D515A,Excellence,Éducation & Formation,Péhunco,+229 76 29 91 19,excellence@excellence.benin,excellence.bj,TPE (<10),B2C,Facebook Pages,,Actif,2026-06-29T00:15:34.255812,haute
BJ-0033A1F9,Collège Liberté College,Éducation & Formation,Péhunco,+229 95 60 80 53,,collègelibertécollege.bj,TPE (<10),B2B,Facebook Pages,,Actif,2026-06-29T00:15:34.255827,moyenne
BJ-7372BF85,Savoir Institute,Éducation & Formation,Péhunco,+229 55 96 60 83,savoir.institute@savoir.institute.benin,,TPE (<10),B2C,Facebook Pages,,Actif,2026-06-29T00:15:34.255839,moyenne
BJ-908445CF,Université Catholique Academy,Éducation & Formation,Tchaourou,+229 61 67 49 22,université.catholique.academy@université.catholique.academy.com,universitécatholiqueacademy.bj,PME (10-50),B2B,Facebook Pages,,Actif,2026-06-29T00:15:34.255860,haute
BJ-ABF7E63B,Liberté College Tchaourou,Éducation & Formation,Tchaourou,+229 57 35 46 58,liberté.college.tchaourou@liberté.college.tchaourou.net,libertécollegetchaourou.bj,TPE (<10),B2B,Facebook Pages,,Actif,2026-06-29T00:15:34.255877,haute
BJ-903A2B75,Université Privé,Éducation & Formation,Tchaourou,+229 23 83 89 30,,universitéprivé.bj,PME (10-50),B2C,Facebook Pages,,Actif,2026-06-29T00:15:34.255902,moyenne
BJ-EE639BA8,Formation College,Éducation & Formation,Tchaourou,+229 56 58 58 90,formation.college@formation.college.bj,formationcollege.bj,TPE (<10),B2C,Facebook Pages,,Actif,2026-06-29T00:15:34.255943,haute
BJ-8EC0A80B,Formation,Éducation & Formation,Nikki,+229 42 60 56 63,formation@formation.org,,TPE (<10),B2C,Facebook Pages,,Actif,2026-06-29T00:15:34.255968,moyenne
BJ-2BCD5E48,Institut National School,Éducation & Formation,Nikki,+229 91 23 57 50,institut.national.school@institut.national.school.com,institutnationalschool.bj,TPE (<10),B2B,Facebook Pages,,Actif,2026-06-29T00:15:34.255982,haute
BJ-8597809A,National School,Éducation & Formation,Nikki,+229 31 99 32 46,national.school@national.school.benin,nationalschool.bj,Grande (>200),B2B,Facebook Pages,,Actif,2026-06-29T00:15:34.255994,haute
BJ-F88BA396,Lycée Privé École,Éducation & Formation,Nikki,+229 41 43 74 92,,lycéeprivéécole.bj,TPE (<10),B2B,Facebook Pages,,Actif,2026-06-29T00:15:34.256007,moyenne
BJ-FED3AA66,Catholique College,Éducation & Formation,Nikki,+229 30 25 95 71,catholique.college@catholique.college.net,catholiquecollege.bj,PME (50-200),B2B,Facebook Pages,,Actif,2026-06-29T00:15:34.256020,haute
BJ-03BA268E,Université Développement,Éducation & Formation,Bembéréké,+229 33 29 64 34,université.développement@université.développement.bj,universitédéveloppement.bj,TPE (<10),B2C,Facebook Pages,,Actif,2026-06-29T00:15:34.256040,haute
BJ-83669106,Privé Institute,Éducation & Formation,Bembéréké,+229 71 44 61 81,,privéinstitute.bj,PME (10-50),B2B,Facebook Pages,,Actif,2026-06-29T00:15:34.256056,moyenne
BJ-7B114944,Université Apprentissage Bembéréké,Éducation & Formation,Bembéréké,+229 48 56 51 50,,universitéapprentissagebembéréké.bj,TPE (<10),B2C,Facebook Pages,,Actif,2026-06-29T00:15:34.256069,moyenne
BJ-606E8A3D,Institut Développement Institute Bembéréké,Éducation & Formation,Bembéréké,+229 39 96 90 46,institut.développement.institute.bembéréké@institut.développement.institute.bembéréké.bj,,TPE (<10),B2C,Facebook Pages,,Actif,2026-06-29T00:15:34.256083,moyenne
BJ-B4FD7171,Collège Liberté,Éducation & Formation,Kalalé,+229 77 57 18 34,collège.liberté@collège.liberté.net,,PME (50-200),B2C,Facebook Pages,,Actif,2026-06-29T00:15:34.256119,moyenne
BJ-23FD261A,International Kalalé,Éducation & Formation,Kalalé,+229 37 62 76 30,international.kalalé@international.kalalé.net,internationalkalalé.bj,PME (10-50),B2B,Facebook Pages,,Actif,2026-06-29T00:15:34.256136,haute
BJ-7DEBCD94,École Formation Lycée,Éducation & Formation,Kalalé,+229 78 13 37 19,école.formation.lycée@école.formation.lycée.benin,écoleformationlycée.bj,PME (10-50),B2C,Facebook Pages,,Actif,2026-06-29T00:15:34.256149,haute
BJ-38E6C9B4,Université Catholique University,Éducation & Formation,Kalalé,+229 68 39 45 71,université.catholique.university@université.catholique.university.bj,universitécatholiqueuniversity.bj,PME (10-50),B2C,Facebook Pages,,Actif,2026-06-29T00:15:34.256163,haute
BJ-57626FFC,Institut Public,Éducation & Formation,Kalalé,+229 89 72 25 61,institut.public@institut.public.benin,institutpublic.bj,TPE (<10),B2C,Facebook Pages,,Actif,2026-06-29T00:15:34.256176,haute
BJ-31DDC76A,Institut Formation School Ndali,Éducation & Formation,Ndali,+229 95 88 93 28,,institutformationschoolndali.bj,PME (50-200),B2C,Facebook Pages,,Actif,2026-06-29T00:15:34.256211,moyenne
BJ-8F60D6DE,Lycée Public Institute,Éducation & Formation,Ndali,+229 81 73 25 42,lycée.public.institute@lycée.public.institute.bj,,Grande (>200),B2B,Facebook Pages,,Actif,2026-06-29T00:15:34.256226,moyenne
BJ-DE028F2C,Collège Public Ndali,Éducation & Formation,Ndali,+229 63 27 47 74,collège.public.ndali@collège.public.ndali.com,collègepublicndali.bj,PME (50-200),B2B,Facebook Pages,,Actif,2026-06-29T00:15:34.256242,haute
BJ-900E5DEB,Public Academy,Éducation & Formation,Ndali,+229 77 29 21 49,public.academy@public.academy.org,,TPE (<10),B2B,Facebook Pages,,Actif,2026-06-29T00:15:34.256254,moyenne
BJ-A794900E,Collège Privé Institute Ségbana,Éducation & Formation,Ségbana,+229 45 42 61 26,collège.privé.institute.ségbana@collège.privé.institute.ségbana.org,collègeprivéinstituteségbana.bj,PME (10-50),B2B,Facebook Pages,,Actif,2026-06-29T00:15:34.256275,haute
BJ-04A4F913,Public Academy,Éducation & Formation,Ségbana,+229 33 86 55 99,public.academy@public.academy.org,publicacademy.bj,PME (50-200),B2C,Facebook Pages,,Actif,2026-06-29T00:15:34.256288,haute
BJ-16FEE648,Université Apprentissage College,Éducation & Formation,Ségbana,+229 98 72 71 57,université.apprentissage.college@université.apprentissage.college.benin,universitéapprentissagecollege.bj,PME (50-200),B2B,Facebook Pages,,Actif,2026-06-29T00:15:34.256305,haute
BJ-489AA3EE,Université Connaissance,Éducation & Formation,Ségbana,+229 77 65 86 69,université.connaissance@université.connaissance.benin,,PME (10-50),B2C,Facebook Pages,,Actif,2026-06-29T00:15:34.256319,moyenne
BJ-6E08A42C,École Savoir College,Éducation & Formation,Ségbana,+229 22 91 98 57,école.savoir.college@école.savoir.college.org,écolesavoircollege.bj,PME (50-200),B2B,Facebook Pages,,Actif,2026-06-29T00:15:34.256335,haute
BJ-76CE709E,École International Tchaourou,Éducation & Formation,Tchaourou,+229 78 47 19 79,école.international.tchaourou@école.international.tchaourou.bj,écoleinternationaltchaourou.bj,PME (10-50),B2C,Facebook Pages,,Actif,2026-06-29T00:15:34.256356,haute
BJ-F74F5308,Public,Éducation & Formation,Tchaourou,+229 51 43 36 38,public@public.benin,public.bj,TPE (<10),B2C,Facebook Pages,,Actif,2026-06-29T00:15:34.256376,haute
BJ-5DFF26AA,Lycée Éducation,Éducation & Formation,Tchaourou,+229 25 77 34 79,lycée.éducation@lycée.éducation.org,,TPE (<10),B2C,Facebook Pages,,Actif,2026-06-29T00:15:34.256390,moyenne
BJ-455A7458,Université Développement Academy,Éducation & Formation,Tchaourou,+229 21 57 95 48,,universitédéveloppementacademy.bj,TPE (<10),B2B,Facebook Pages,,Actif,2026-06-29T00:15:34.256420,moyenne
BJ-E85C78A8,Protestant École,Éducation & Formation,Tchaourou,+229 70 58 10 39,protestant.école@protestant.école.benin,protestantécole.bj,PME (10-50),B2C,Facebook Pages,,Actif,2026-06-29T00:15:34.256433,haute
BJ-7019C503,Université National,Éducation & Formation,Bétérou,+229 24 22 26 12,,universiténational.bj,TPE (<10),B2B,Facebook Pages,,Actif,2026-06-29T00:15:34.256451,moyenne
BJ-89ADE656,Centre Formation Academy,Éducation & Formation,Bétérou,+229 48 39 98 35,centre.formation.academy@centre.formation.academy.benin,centreformationacademy.bj,Grande (>200),B2C,Facebook Pages,,Actif,2026-06-29T00:15:34.256464,haute
BJ-70A93667,Apprentissage Academy,Éducation & Formation,Bétérou,+229 44 13 14 95,,apprentissageacademy.bj,TPE (<10),B2C,Facebook Pages,,Actif,2026-06-29T00:15:34.256475,moyenne
BJ-2468DA2E,Centre International,Éducation & Formation,Bétérou,+229 25 31 59 25,centre.international@centre.international.org,centreinternational.bj,TPE (<10),B2C,Facebook Pages,,Actif,2026-06-29T00:15:34.256487,haute
BJ-1D9AABBA,Institut Développement,Éducation & Formation,Bétérou,+229 95 86 62 78,institut.développement@institut.développement.bj,,TPE (<10),B2B,Facebook Pages,,Actif,2026-06-29T00:15:34.256499,moyenne
BJ-32962208,Privé,Éducation & Formation,Ouessè,+229 35 68 63 72,privé@privé.benin,privé.bj,TPE (<10),B2B,Facebook Pages,,Actif,2026-06-29T00:15:34.256517,haute
BJ-9FE826C7,Public École,Éducation & Formation,Ouessè,+229 76 16 65 80,public.école@public.école.org,publicécole.bj,PME (50-200),B2B,Facebook Pages,,Actif,2026-06-29T00:15:34.256533,haute
BJ-D14C5051,Développement University,Éducation & Formation,Ouessè,+229 88 66 76 41,développement.university@développement.university.net,développementuniversity.bj,PME (10-50),B2B,Facebook Pages,,Actif,2026-06-29T00:15:34.256546,haute
BJ-7CBD3475,Savoir Academy,Éducation & Formation,Ouessè,+229 82 44 54 23,savoir.academy@savoir.academy.org,savoiracademy.bj,TPE (<10),B2B,Facebook Pages,,Actif,2026-06-29T00:15:34.256559,haute
BJ-B19B2F4A,Connaissance École,Éducation & Formation,Ouessè,+229 34 65 82 52,connaissance.école@connaissance.école.com,,PME (10-50),B2C,Facebook Pages,,Actif,2026-06-29T00:15:34.256570,moyenne
BJ-4FEDEBB8,Académie Éducation,Éducation & Formation,Glazoué,+229 70 57 33 32,,académieéducation.bj,PME (50-200),B2B,Facebook Pages,,Actif,2026-06-29T00:15:34.256600,moyenne
BJ-7E071846,Collège Catholique École,Éducation & Formation,Glazoué,+229 92 66 15 38,,,PME (50-200),B2C,Facebook Pages,,Actif,2026-06-29T00:15:34.256610,basse
BJ-389993DC,Apprentissage University,Éducation & Formation,Glazoué,+229 71 92 95 14,apprentissage.university@apprentissage.university.net,apprentissageuniversity.bj,TPE (<10),B2B,Facebook Pages,,Actif,2026-06-29T00:15:34.256622,haute
BJ-7FEE4618,Excellence Glazoué,Éducation & Formation,Glazoué,+229 94 92 32 93,excellence.glazoué@excellence.glazoué.benin,,PME (10-50),B2B,Facebook Pages,,Actif,2026-06-29T00:15:34.256635,moyenne
BJ-33104082,Lycée Formation Academy,Éducation & Formation,Dassa-Zoumè,+229 74 44 62 16,,lycéeformationacademy.bj,Grande (>200),B2B,Facebook Pages,,Actif,2026-06-29T00:15:34.256652,moyenne
BJ-ECE4AFE6,Savoir Academy,Éducation & Formation,Dassa-Zoumè,+229 24 50 65 57,savoir.academy@savoir.academy.bj,savoiracademy.bj,PME (50-200),B2C,Facebook Pages,,Actif,2026-06-29T00:15:34.256671,haute
BJ-76A6598A,Connaissance,Éducation & Formation,Dassa-Zoumè,+229 86 14 41 54,connaissance@connaissance.benin,connaissance.bj,TPE (<10),B2B,Facebook Pages,,Actif,2026-06-29T00:15:34.256686,haute
BJ-70C5AEB2,Académie Éducation,Éducation & Formation,Dassa-Zoumè,+229 29 18 73 60,académie.éducation@académie.éducation.benin,académieéducation.bj,TPE (<10),B2C,Facebook Pages,,Actif,2026-06-29T00:15:34.256710,haute
BJ-AA0ADFA3,Académie Apprentissage Institute,Éducation & Formation,Savalou,+229 44 97 40 98,,,TPE (<10),B2B,Facebook Pages,,Actif,2026-06-29T00:15:34.256727,basse
BJ-8B70BF10,Collège Savoir Academy,Éducation & Formation,Savalou,+229 32 66 68 67,,,PME (50-200),B2C,Facebook Pages,,Actif,2026-06-29T00:15:34.256739,basse
BJ-E43837CA,International College,Éducation & Formation,Savalou,+229 81 84 96 98,international.college@international.college.org,internationalcollege.bj,TPE (<10),B2B,Facebook Pages,,Actif,2026-06-29T00:15:34.256751,haute
BJ-D707044A,Connaissance,Éducation & Formation,Savalou,+229 46 42 44 33,connaissance@connaissance.com,connaissance.bj,PME (10-50),B2B,Facebook Pages,,Actif,2026-06-29T00:15:34.256773,haute
BJ-17CB58D4,Apprentissage Bantè,Éducation & Formation,Bantè,+229 82 73 55 40,apprentissage.bantè@apprentissage.bantè.com,apprentissagebantè.bj,TPE (<10),B2B,Facebook Pages,,Actif,2026-06-29T00:15:34.256791,haute
BJ-7A02D26B,Université Catholique Lycée,Éducation & Formation,Bantè,+229 23 28 59 40,université.catholique.lycée@université.catholique.lycée.org,universitécatholiquelycée.bj,TPE (<10),B2B,Facebook Pages,,Actif,2026-06-29T00:15:34.256808,haute
BJ-22F357BD,Connaissance,Éducation & Formation,Bantè,+229 37 45 84 45,connaissance@connaissance.bj,connaissance.bj,PME (50-200),B2B,Facebook Pages,,Actif,2026-06-29T00:15:34.256820,haute
BJ-F1BD0C66,Développement École,Éducation & Formation,Bantè,+229 44 42 98 43,développement.école@développement.école.bj,,PME (10-50),B2B,Facebook Pages,,Actif,2026-06-29T00:15:34.256832,moyenne
BJ-02D50318,Protestant École,Éducation & Formation,Djougou,+229 98 19 73 56,protestant.école@protestant.école.net,protestantécole.bj,Grande (>200),B2C,Facebook Pages,,Actif,2026-06-29T00:15:34.256862,haute
BJ-B01B6CCA,Apprentissage University,Éducation & Formation,Djougou,+229 72 84 10 18,,,TPE (<10),B2B,Facebook Pages,,Actif,2026-06-29T00:15:34.256884,basse
BJ-381D292E,Privé Lycée,Éducation & Formation,Djougou,+229 24 93 54 68,,privélycée.bj,Grande (>200),B2B,Facebook Pages,,Actif,2026-06-29T00:15:34.256926,moyenne
BJ-F223D55C,Public École,Éducation & Formation,Ouèssè,+229 32 58 16 46,,publicécole.bj,PME (10-50),B2C,Facebook Pages,,Actif,2026-06-29T00:15:34.256957,moyenne
BJ-566A30A3,Université Public Bénin,Éducation & Formation,Ouèssè,+229 53 36 96 16,université.public.bénin@université.public.bénin.bj,universitépublicbénin.bj,PME (50-200),B2C,Facebook Pages,,Actif,2026-06-29T00:15:34.256986,haute
BJ-B7F11A8F,Institut Privé,Éducation & Formation,Ouèssè,+229 46 72 56 77,institut.privé@institut.privé.net,institutprivé.bj,TPE (<10),B2B,Facebook Pages,,Actif,2026-06-29T00:15:34.257000,haute
BJ-CED0C690,Académie Apprentissage,Éducation & Formation,Ouèssè,+229 99 76 52 32,,académieapprentissage.bj,PME (10-50),B2B,Facebook Pages,,Actif,2026-06-29T00:15:34.257013,moyenne
BJ-75C4452F,Privé Ouèssè,Éducation & Formation,Ouèssè,+229 45 55 81 24,privé.ouèssè@privé.ouèssè.bj,privéouèssè.bj,PME (50-200),B2B,Facebook Pages,,Actif,2026-06-29T00:15:34.257028,haute
BJ-2C291BA5,Protestant Lycée,Éducation & Formation,Bassila,+229 72 48 24 87,protestant.lycée@protestant.lycée.org,protestantlycée.bj,TPE (<10),B2C,Facebook Pages,,Actif,2026-06-29T00:15:34.257048,haute
BJ-C8D82A69,Public,Éducation & Formation,Bassila,+229 90 78 99 59,,,TPE (<10),B2C,Facebook Pages,,Actif,2026-06-29T00:15:34.257058,basse
BJ-4F1C3635,Lycée Liberté,Éducation & Formation,Bassila,+229 34 56 14 60,lycée.liberté@lycée.liberté.net,lycéeliberté.bj,PME (10-50),B2B,Facebook Pages,,Actif,2026-06-29T00:15:34.257071,haute
BJ-22D9E222,Université Éducation,Éducation & Formation,Bassila,+229 74 75 22 77,,universitééducation.bj,PME (50-200),B2C,Facebook Pages,,Actif,2026-06-29T00:15:34.257082,moyenne
BJ-6D0B0828,Université Protestant,Éducation & Formation,Bassila,+229 36 24 11 54,,universitéprotestant.bj,PME (10-50),B2B,Facebook Pages,,Actif,2026-06-29T00:15:34.257093,moyenne
BJ-B840AAC9,Centre Éducation University,Éducation & Formation,Pehunco,+229 99 31 43 98,,,PME (10-50),B2B,Facebook Pages,,Actif,2026-06-29T00:15:34.257125,basse
BJ-175B31AA,École Connaissance Lycée,Éducation & Formation,Pehunco,+229 95 87 55 10,école.connaissance.lycée@école.connaissance.lycée.net,écoleconnaissancelycée.bj,TPE (<10),B2B,Facebook Pages,,Actif,2026-06-29T00:15:34.257138,haute
BJ-0253076C,Lycée Catholique,Éducation & Formation,Pehunco,+229 32 42 98 42,,lycéecatholique.bj,TPE (<10),B2B,Facebook Pages,,Actif,2026-06-29T00:15:34.257150,moyenne
BJ-797857CF,Éducation Lycée Pehunco,Éducation & Formation,Pehunco,+229 64 51 45 50,éducation.lycée.pehunco@éducation.lycée.pehunco.org,éducationlycéepehunco.bj,TPE (<10),B2C,Facebook Pages,,Actif,2026-06-29T00:15:34.257163,haute
BJ-D068BDB3,Développement University,Éducation & Formation,Copargo,+229 65 44 79 42,développement.university@développement.university.com,,TPE (<10),B2B,Facebook Pages,,Actif,2026-06-29T00:15:34.257180,moyenne
BJ-3511EDE1,Collège Savoir,Éducation & Formation,Copargo,+229 98 13 70 33,,collègesavoir.bj,TPE (<10),B2B,Facebook Pages,,Actif,2026-06-29T00:15:34.257191,moyenne
BJ-34ECD329,Académie Formation,Éducation & Formation,Copargo,+229 81 93 78 30,académie.formation@académie.formation.benin,académieformation.bj,PME (50-200),B2C,Facebook Pages,,Actif,2026-06-29T00:15:34.257207,haute
BJ-981A3168,École Excellence Copargo,Éducation & Formation,Copargo,+229 78 48 47 68,école.excellence.copargo@école.excellence.copargo.net,écoleexcellencecopargo.bj,TPE (<10),B2B,Facebook Pages,,Actif,2026-06-29T00:15:34.257220,haute
BJ-1D0E1DA1,Excellence Copargo,Éducation & Formation,Copargo,+229 59 85 18 32,excellence.copargo@excellence.copargo.net,excellencecopargo.bj,PME (10-50),B2C,Facebook Pages,,Actif,2026-06-29T00:15:34.257232,haute
BJ-4B6D11DC,Digital,Technologie & IT,Cotonou,+229 58 52 60 21,digital@digital.benin,digital.bj,PME (10-50),B2B,Facebook Pages,,Actif,2026-06-29T00:15:34.257252,haute
BJ-D78EE8C4,Smart Système,Technologie & IT,Cotonou,+229 94 75 14 57,,smartsystème.bj,TPE (<10),B2C,Facebook Pages,,Actif,2026-06-29T00:15:34.257269,moyenne
BJ-A8C46EBD,Soft Digital SARL,Technologie & IT,Cotonou,+229 67 43 86 68,soft.digital.sarl@soft.digital.sarl.org,softdigitalsarl.bj,TPE (<10),B2C,Facebook Pages,,Actif,2026-06-29T00:15:34.257283,haute
BJ-0ABC7AD0,Informatique,Technologie & IT,Cotonou,+229 76 72 77 74,informatique@informatique.org,,PME (10-50),B2B,Facebook Pages,,Actif,2026-06-29T00:15:34.257295,moyenne
BJ-BDEFF299,Digital Technologie Systems,Technologie & IT,Cotonou,+229 27 45 61 85,digital.technologie.systems@digital.technologie.systems.com,digitaltechnologiesystems.bj,PME (10-50),B2C,Facebook Pages,,Actif,2026-06-29T00:15:34.257307,haute
BJ-718B421B,Digital Soft,Technologie & IT,Abomey-Calavi,+229 79 40 14 73,digital.soft@digital.soft.bj,digitalsoft.bj,TPE (<10),B2B,Facebook Pages,,Actif,2026-06-29T00:15:34.257326,haute
BJ-BDC1501F,Data Solution Africa,Technologie & IT,Abomey-Calavi,+229 26 33 97 56,data.solution.africa@data.solution.africa.com,datasolutionafrica.bj,PME (50-200),B2C,Facebook Pages,,Actif,2026-06-29T00:15:34.257338,haute
BJ-489F8FDF,Informatique Bénin,Technologie & IT,Abomey-Calavi,+229 52 84 51 19,,informatiquebénin.bj,TPE (<10),B2C,Facebook Pages,,Actif,2026-06-29T00:15:34.257353,moyenne
BJ-55D422C9,Cyber Bénin,Technologie & IT,Abomey-Calavi,+229 51 14 98 85,cyber.bénin@cyber.bénin.bj,cyberbénin.bj,TPE (<10),B2C,Facebook Pages,,Actif,2026-06-29T00:15:34.257379,haute
BJ-724A3464,Logiciel Porto-Novo,Technologie & IT,Porto-Novo,+229 68 82 12 85,logiciel.portonovo@logiciel.portonovo.benin,logicielportonovo.bj,TPE (<10),B2C,Facebook Pages,,Actif,2026-06-29T00:15:34.257397,haute
BJ-1E7BC467,Digital AI Solutions,Technologie & IT,Porto-Novo,+229 66 79 31 93,digital.ai.solutions@digital.ai.solutions.net,digitalaisolutions.bj,PME (10-50),B2C,Facebook Pages,,Actif,2026-06-29T00:15:34.257412,haute
BJ-5EE0262A,Digital AI,Technologie & IT,Porto-Novo,+229 87 40 73 58,digital.ai@digital.ai.bj,digitalai.bj,PME (10-50),B2B,Facebook Pages,,Actif,2026-06-29T00:15:34.257427,haute
BJ-7A2D2B44,Web Porto-Novo,Technologie & IT,Porto-Novo,+229 92 76 19 15,web.portonovo@web.portonovo.benin,webportonovo.bj,PME (10-50),B2C,Facebook Pages,,Actif,2026-06-29T00:15:34.257440,haute
BJ-7FDA87D7,Mobile,Technologie & IT,Porto-Novo,+229 77 62 16 44,mobile@mobile.bj,mobile.bj,TPE (<10),B2C,Facebook Pages,,Actif,2026-06-29T00:15:34.257452,haute
BJ-34D81D6B,Intelligence Soft,Technologie & IT,Parakou,+229 60 31 74 26,intelligence.soft@intelligence.soft.com,intelligencesoft.bj,TPE (<10),B2C,Facebook Pages,,Actif,2026-06-29T00:15:34.257470,haute
BJ-FABBCD8A,Cyber,Technologie & IT,Parakou,+229 97 55 60 39,cyber@cyber.net,,PME (10-50),B2B,Facebook Pages,,Actif,2026-06-29T00:15:34.257493,moyenne
BJ-4A02854B,Intelligence Systems,Technologie & IT,Parakou,+229 26 16 15 79,intelligence.systems@intelligence.systems.net,intelligencesystems.bj,PME (10-50),B2B,Facebook Pages,,Actif,2026-06-29T00:15:34.257505,haute
BJ-C6CE6A5C,Net Network,Technologie & IT,Parakou,+229 38 24 65 88,net.network@net.network.benin,netnetwork.bj,PME (10-50),B2B,Facebook Pages,,Actif,2026-06-29T00:15:34.257517,haute
BJ-F195CA81,Soft Logiciel,Technologie & IT,Bohicon,+229 92 65 55 49,soft.logiciel@soft.logiciel.benin,softlogiciel.bj,TPE (<10),B2B,Facebook Pages,,Actif,2026-06-29T00:15:34.257534,haute
BJ-91AB238B,Cyber Mobile SARL Bohicon,Technologie & IT,Bohicon,+229 86 14 74 85,cyber.mobile.sarl.bohicon@cyber.mobile.sarl.bohicon.com,,TPE (<10),B2B,Facebook Pages,,Actif,2026-06-29T00:15:34.257549,moyenne
BJ-0AF79940,Security Bohicon,Technologie & IT,Bohicon,+229 57 92 58 54,security.bohicon@security.bohicon.org,securitybohicon.bj,TPE (<10),B2B,Facebook Pages,,Actif,2026-06-29T00:15:34.257561,haute
BJ-9A0645EB,Système Digital,Technologie & IT,Bohicon,+229 75 88 75 57,système.digital@système.digital.benin,systèmedigital.bj,TPE (<10),B2B,Facebook Pages,,Actif,2026-06-29T00:15:34.257574,haute
BJ-68106051,Mobile Africa,Technologie & IT,Natitingou,+229 63 80 36 75,,mobileafrica.bj,PME (50-200),B2C,Facebook Pages,,Actif,2026-06-29T00:15:34.257609,moyenne
BJ-8010C2D1,Digital Cloud International,Technologie & IT,Natitingou,+229 68 84 72 85,,digitalcloudinternational.bj,PME (10-50),B2C,Facebook Pages,,Actif,2026-06-29T00:15:34.257646,moyenne
BJ-00D05112,Smart Cyber Systems,Technologie & IT,Natitingou,+229 29 99 82 24,smart.cyber.systems@smart.cyber.systems.org,,TPE (<10),B2B,Facebook Pages,,Actif,2026-06-29T00:15:34.257657,moyenne
BJ-3159F18E,Soft Technologie,Technologie & IT,Lokossa,+229 66 34 78 46,soft.technologie@soft.technologie.org,softtechnologie.bj,TPE (<10),B2C,Facebook Pages,,Actif,2026-06-29T00:15:34.257676,haute
BJ-06F29372,Cloud Lokossa,Technologie & IT,Lokossa,+229 37 42 34 83,cloud.lokossa@cloud.lokossa.benin,cloudlokossa.bj,PME (10-50),B2B,Facebook Pages,,Actif,2026-06-29T00:15:34.257691,haute
BJ-E4FA441A,Cloud Digital Tech,Technologie & IT,Lokossa,+229 75 94 16 29,cloud.digital.tech@cloud.digital.tech.org,,PME (10-50),B2C,Facebook Pages,,Actif,2026-06-29T00:15:34.257703,moyenne
BJ-DE5401D8,Net Développement,Technologie & IT,Lokossa,+229 27 77 16 16,net.développement@net.développement.com,netdéveloppement.bj,TPE (<10),B2B,Facebook Pages,,Actif,2026-06-29T00:15:34.257719,haute
BJ-0D11DA33,Développement Solutions,Technologie & IT,Lokossa,+229 47 20 67 63,développement.solutions@développement.solutions.com,développementsolutions.bj,PME (10-50),B2B,Facebook Pages,,Actif,2026-06-29T00:15:34.257736,haute
BJ-DDDEFACB,Soft Développement Solutions,Technologie & IT,Ouidah,+229 96 42 12 83,soft.développement.solutions@soft.développement.solutions.net,,TPE (<10),B2C,Facebook Pages,,Actif,2026-06-29T00:15:34.257755,moyenne
BJ-CC7E18F7,Système Systems,Technologie & IT,Ouidah,+229 48 36 73 88,système.systems@système.systems.benin,systèmesystems.bj,PME (50-200),B2C,Facebook Pages,,Actif,2026-06-29T00:15:34.257780,haute
BJ-FC412BDE,Soft Digital SARL,Technologie & IT,Ouidah,+229 33 26 42 47,soft.digital.sarl@soft.digital.sarl.bj,softdigitalsarl.bj,PME (10-50),B2C,Facebook Pages,,Actif,2026-06-29T00:15:34.257792,haute
BJ-9D73F50B,Data Data Africa,Technologie & IT,Ouidah,+229 94 52 79 66,data.data.africa@data.data.africa.net,datadataafrica.bj,PME (10-50),B2B,Facebook Pages,,Actif,2026-06-29T00:15:34.257807,haute
BJ-6D45344C,Cyber,Technologie & IT,Savalou,+229 82 19 32 53,cyber@cyber.bj,cyber.bj,Grande (>200),B2B,Facebook Pages,,Actif,2026-06-29T00:15:34.257826,haute
BJ-4F84C0E7,Net Data,Technologie & IT,Savalou,+229 41 27 56 28,net.data@net.data.benin,netdata.bj,Grande (>200),B2C,Facebook Pages,,Actif,2026-06-29T00:15:34.257843,haute
BJ-964CAC23,Cloud Logiciel,Technologie & IT,Savalou,+229 33 32 25 83,cloud.logiciel@cloud.logiciel.net,cloudlogiciel.bj,TPE (<10),B2C,Facebook Pages,,Actif,2026-06-29T00:15:34.257855,haute
BJ-A74B5847,Web Africa,Technologie & IT,Savalou,+229 29 27 65 45,web.africa@web.africa.net,webafrica.bj,TPE (<10),B2C,Facebook Pages,,Actif,2026-06-29T00:15:34.257867,haute
BJ-A7181CD9,Cloud AI Soft,Technologie & IT,Savalou,+229 61 78 38 60,cloud.ai.soft@cloud.ai.soft.net,cloudaisoft.bj,TPE (<10),B2C,Facebook Pages,,Actif,2026-06-29T00:15:34.257879,haute
BJ-AC738318,Cloud Systems,Technologie & IT,Dassa-Zoumè,+229 23 71 23 88,cloud.systems@cloud.systems.benin,cloudsystems.bj,PME (50-200),B2B,Facebook Pages,,Actif,2026-06-29T00:15:34.257935,haute
BJ-9A1BC819,Cyber Security,Technologie & IT,Dassa-Zoumè,+229 73 84 64 82,cyber.security@cyber.security.bj,cybersecurity.bj,TPE (<10),B2C,Facebook Pages,,Actif,2026-06-29T00:15:34.257946,haute
BJ-40EC2E46,Net Logiciel Africa,Technologie & IT,Dassa-Zoumè,+229 73 36 69 57,net.logiciel.africa@net.logiciel.africa.net,netlogicielafrica.bj,PME (50-200),B2B,Facebook Pages,,Actif,2026-06-29T00:15:34.257958,haute
BJ-DB1D03B2,Digital Application Systems,Technologie & IT,Dassa-Zoumè,+229 81 63 28 16,digital.application.systems@digital.application.systems.com,digitalapplicationsystems.bj,PME (10-50),B2C,Facebook Pages,,Actif,2026-06-29T00:15:34.257970,haute
BJ-E14F2149,Cyber Kétou,Technologie & IT,Kétou,+229 48 46 78 88,cyber.kétou@cyber.kétou.benin,cyberkétou.bj,TPE (<10),B2B,Facebook Pages,,Actif,2026-06-29T00:15:34.257988,haute
BJ-167532B5,Soft Solution,Technologie & IT,Kétou,+229 66 78 45 82,soft.solution@soft.solution.benin,,PME (10-50),B2C,Facebook Pages,,Actif,2026-06-29T00:15:34.258003,moyenne
BJ-C2EAAE9A,Net Cloud,Technologie & IT,Kétou,+229 82 97 83 71,net.cloud@net.cloud.com,netcloud.bj,PME (50-200),B2C,Facebook Pages,,Actif,2026-06-29T00:15:34.258015,haute
BJ-FDB3F50E,Cloud Security Digital Kétou,Technologie & IT,Kétou,+229 82 78 19 19,cloud.security.digital.kétou@cloud.security.digital.kétou.com,,TPE (<10),B2B,Facebook Pages,,Actif,2026-06-29T00:15:34.258030,moyenne
BJ-AFBB91B4,Data Network,Technologie & IT,Kétou,+229 42 35 80 42,data.network@data.network.benin,datanetwork.bj,TPE (<10),B2B,Facebook Pages,,Actif,2026-06-29T00:15:34.258041,haute
BJ-747EA418,Data Data Solutions,Technologie & IT,Covè,+229 32 39 87 96,data.data.solutions@data.data.solutions.bj,datadatasolutions.bj,PME (10-50),B2B,Facebook Pages,,Actif,2026-06-29T00:15:34.258059,haute
BJ-454B1762,Data,Technologie & IT,Covè,+229 31 51 27 31,data@data.org,data.bj,Grande (>200),B2B,Facebook Pages,,Actif,2026-06-29T00:15:34.258070,haute
BJ-1DF01F59,Application,Technologie & IT,Covè,+229 40 43 26 59,application@application.net,application.bj,PME (10-50),B2B,Facebook Pages,,Actif,2026-06-29T00:15:34.258082,haute
BJ-94A25C2A,Cyber Logiciel,Technologie & IT,Covè,+229 75 39 29 87,cyber.logiciel@cyber.logiciel.org,cyberlogiciel.bj,PME (50-200),B2C,Facebook Pages,,Actif,2026-06-29T00:15:34.258093,haute
BJ-E98C1B18,Cloud Mobile,Technologie & IT,Covè,+229 27 88 45 17,cloud.mobile@cloud.mobile.benin,cloudmobile.bj,Grande (>200),B2C,Facebook Pages,,Actif,2026-06-29T00:15:34.258104,haute
BJ-D517B680,Tech Data,Technologie & IT,Pobè,+229 70 68 56 93,tech.data@tech.data.benin,techdata.bj,Grande (>200),B2C,Facebook Pages,,Actif,2026-06-29T00:15:34.258125,haute
BJ-F8DA181F,Cyber Technologie,Technologie & IT,Pobè,+229 55 81 84 88,cyber.technologie@cyber.technologie.net,cybertechnologie.bj,PME (10-50),B2B,Facebook Pages,,Actif,2026-06-29T00:15:34.258141,haute
BJ-DAFD7E5F,Informatique,Technologie & IT,Pobè,+229 54 68 55 63,informatique@informatique.org,informatique.bj,TPE (<10),B2C,Facebook Pages,,Actif,2026-06-29T00:15:34.258153,haute
BJ-0CE56A80,Intelligence SARL,Technologie & IT,Pobè,+229 25 18 58 14,intelligence.sarl@intelligence.sarl.com,intelligencesarl.bj,PME (10-50),B2C,Facebook Pages,,Actif,2026-06-29T00:15:34.258164,haute
BJ-A0BEB312,Cloud Tech,Technologie & IT,Pobè,+229 76 39 47 99,cloud.tech@cloud.tech.net,cloudtech.bj,PME (10-50),B2C,Facebook Pages,,Actif,2026-06-29T00:15:34.258193,haute
BJ-7597DF52,Application SARL,Technologie & IT,Sakété,+229 68 56 27 39,application.sarl@application.sarl.com,applicationsarl.bj,Grande (>200),B2C,Facebook Pages,,Actif,2026-06-29T00:15:34.258224,haute
BJ-EA09581C,Smart Web SARL,Technologie & IT,Sakété,+229 54 50 57 97,smart.web.sarl@smart.web.sarl.net,smartwebsarl.bj,TPE (<10),B2C,Facebook Pages,,Actif,2026-06-29T00:15:34.258239,haute
BJ-FF41018C,Cyber Solutions,Technologie & IT,Sakété,+229 99 94 75 57,cyber.solutions@cyber.solutions.bj,cybersolutions.bj,PME (10-50),B2C,Facebook Pages,,Actif,2026-06-29T00:15:34.258251,haute
BJ-F2778DE1,Développement SARL,Technologie & IT,Sakété,+229 44 48 68 47,développement.sarl@développement.sarl.org,développementsarl.bj,PME (50-200),B2C,Facebook Pages,,Actif,2026-06-29T00:15:34.258264,haute
BJ-3E9ABF7B,Tech Système,Technologie & IT,Sakété,+229 96 85 30 44,tech.système@tech.système.org,techsystème.bj,TPE (<10),B2B,Facebook Pages,,Actif,2026-06-29T00:15:34.258277,haute
BJ-E3CA58F6,Network SARL,Technologie & IT,Adjara,+229 97 16 76 97,network.sarl@network.sarl.bj,networksarl.bj,TPE (<10),B2C,Facebook Pages,,Actif,2026-06-29T00:15:34.258307,haute
BJ-C014019A,Soft Système Tech,Technologie & IT,Adjara,+229 49 65 24 95,soft.système.tech@soft.système.tech.benin,softsystèmetech.bj,TPE (<10),B2C,Facebook Pages,,Actif,2026-06-29T00:15:34.258322,haute
BJ-17BCB898,Digital AI Solutions,Technologie & IT,Adjara,+229 69 39 64 17,,digitalaisolutions.bj,TPE (<10),B2C,Facebook Pages,,Actif,2026-06-29T00:15:34.258334,moyenne
BJ-1A47703F,Intelligence Systems Adjara,Technologie & IT,Adjara,+229 70 48 28 77,intelligence.systems.adjara@intelligence.systems.adjara.net,intelligencesystemsadjara.bj,TPE (<10),B2C,Facebook Pages,,Actif,2026-06-29T00:15:34.258347,haute
BJ-9F440361,Application SARL,Technologie & IT,Adjara,+229 86 11 70 80,application.sarl@application.sarl.bj,,PME (10-50),B2B,Facebook Pages,,Actif,2026-06-29T00:15:34.258357,moyenne
BJ-9C6CD8F5,Soft Data International Allada,Technologie & IT,Allada,+229 99 87 74 31,soft.data.international.allada@soft.data.international.allada.net,softdatainternationalallada.bj,Grande (>200),B2C,Facebook Pages,,Actif,2026-06-29T00:15:34.258374,haute
BJ-81070D7C,Net Security,Technologie & IT,Allada,+229 91 35 93 93,net.security@net.security.bj,netsecurity.bj,PME (10-50),B2C,Facebook Pages,,Actif,2026-06-29T00:15:34.258386,haute
BJ-0BC5FCDD,Data Application Systems Allada,Technologie & IT,Allada,+229 73 21 69 23,data.application.systems.allada@data.application.systems.allada.com,dataapplicationsystemsallada.bj,TPE (<10),B2B,Facebook Pages,,Actif,2026-06-29T00:15:34.258398,haute
BJ-32506EBC,Data Informatique Bénin Allada,Technologie & IT,Allada,+229 26 50 43 70,data.informatique.bénin.allada@data.informatique.bénin.allada.org,datainformatiquebéninallada.bj,TPE (<10),B2C,Facebook Pages,,Actif,2026-06-29T00:15:34.258411,haute
BJ-06344A84,Net Technologie Allada,Technologie & IT,Allada,+229 67 87 66 67,net.technologie.allada@net.technologie.allada.benin,nettechnologieallada.bj,PME (10-50),B2C,Facebook Pages,,Actif,2026-06-29T00:15:34.258423,haute
BJ-E8A39919,Soft Cyber,Technologie & IT,Aplahoué,+229 28 71 90 59,soft.cyber@soft.cyber.bj,softcyber.bj,PME (50-200),B2C,Facebook Pages,,Actif,2026-06-29T00:15:34.258439,haute
BJ-202105E8,Technologie Solutions,Technologie & IT,Aplahoué,+229 78 47 34 66,technologie.solutions@technologie.solutions.com,,TPE (<10),B2B,Facebook Pages,,Actif,2026-06-29T00:15:34.258463,moyenne
BJ-B9848C3A,Smart Informatique,Technologie & IT,Aplahoué,+229 90 50 13 69,,smartinformatique.bj,PME (50-200),B2C,Facebook Pages,,Actif,2026-06-29T00:15:34.258474,moyenne
BJ-42D8D739,Smart Intelligence Tech Aplahoué,Technologie & IT,Aplahoué,+229 62 12 14 95,smart.intelligence.tech.aplahoué@smart.intelligence.tech.aplahoué.net,,PME (10-50),B2C,Facebook Pages,,Actif,2026-06-29T00:15:34.258486,moyenne
BJ-6F45D57A,Smart Technologie Solutions,Technologie & IT,Aplahoué,+229 82 69 59 55,smart.technologie.solutions@smart.technologie.solutions.org,smarttechnologiesolutions.bj,PME (50-200),B2B,Facebook Pages,,Actif,2026-06-29T00:15:34.258498,haute
BJ-26AE1175,Application Systems,Technologie & IT,Dogbo-Tota,+229 84 87 17 47,application.systems@application.systems.bj,applicationsystems.bj,PME (10-50),B2C,Facebook Pages,,Actif,2026-06-29T00:15:34.258516,haute
BJ-8C16BD5A,Cloud Cloud Soft,Technologie & IT,Dogbo-Tota,+229 71 20 43 94,cloud.cloud.soft@cloud.cloud.soft.net,cloudcloudsoft.bj,TPE (<10),B2B,Facebook Pages,,Actif,2026-06-29T00:15:34.258527,haute
BJ-13893987,Digital Mobile,Technologie & IT,Dogbo-Tota,+229 60 17 58 35,,digitalmobile.bj,PME (50-200),B2B,Facebook Pages,,Actif,2026-06-29T00:15:34.258538,moyenne
BJ-5A7C2A0B,Net Digital Solutions Dogbo-Tota,Technologie & IT,Dogbo-Tota,+229 88 81 49 42,,netdigitalsolutionsdogbotota.bj,Grande (>200),B2B,Facebook Pages,,Actif,2026-06-29T00:15:34.258550,moyenne
BJ-C5E74DC4,Network,Technologie & IT,Dogbo-Tota,+229 91 40 13 68,network@network.net,network.bj,TPE (<10),B2C,Facebook Pages,,Actif,2026-06-29T00:15:34.258562,haute
BJ-8136A960,Web Soft,Technologie & IT,Kpomassè,+229 98 55 19 46,web.soft@web.soft.com,websoft.bj,TPE (<10),B2C,Facebook Pages,,Actif,2026-06-29T00:15:34.258579,haute
BJ-76C504F5,Digital Tech,Technologie & IT,Kpomassè,+229 37 80 90 78,digital.tech@digital.tech.benin,digitaltech.bj,TPE (<10),B2C,Facebook Pages,,Actif,2026-06-29T00:15:34.258594,haute
BJ-88655A7F,Logiciel International,Technologie & IT,Kpomassè,+229 82 66 80 16,logiciel.international@logiciel.international.org,logicielinternational.bj,TPE (<10),B2B,Facebook Pages,,Actif,2026-06-29T00:15:34.258606,haute
BJ-EB7BAE4D,Solution Digital Kpomassè,Technologie & IT,Kpomassè,+229 95 12 31 15,solution.digital.kpomassè@solution.digital.kpomassè.bj,solutiondigitalkpomassè.bj,Grande (>200),B2C,Facebook Pages,,Actif,2026-06-29T00:15:34.258619,haute
BJ-79E42051,Smart Data Bénin,Technologie & IT,Kpomassè,+229 35 50 98 68,smart.data.bénin@smart.data.bénin.net,smartdatabénin.bj,PME (50-200),B2C,Facebook Pages,,Actif,2026-06-29T00:15:34.258631,haute
BJ-EB901E19,Web Systems,Technologie & IT,Tori-Bossito,+229 48 64 93 52,web.systems@web.systems.org,websystems.bj,TPE (<10),B2B,Facebook Pages,,Actif,2026-06-29T00:15:34.258652,haute
BJ-EF8B1538,Cloud Informatique Digital Tori-Bossito,Technologie & IT,Tori-Bossito,+229 81 50 44 63,cloud.informatique.digital.toribossito@cloud.informatique.digital.toribossito.org,cloudinformatiquedigitaltoribossito.bj,TPE (<10),B2B,Facebook Pages,,Actif,2026-06-29T00:15:34.258664,haute
BJ-2AD79FCA,Smart Data SARL,Technologie & IT,Tori-Bossito,+229 57 84 25 27,smart.data.sarl@smart.data.sarl.net,smartdatasarl.bj,PME (10-50),B2B,Facebook Pages,,Actif,2026-06-29T00:15:34.258676,haute
BJ-AB0C59C8,Digital Logiciel,Technologie & IT,Tori-Bossito,+229 93 19 62 81,digital.logiciel@digital.logiciel.net,digitallogiciel.bj,TPE (<10),B2C,Facebook Pages,,Actif,2026-06-29T00:15:34.258687,haute
BJ-68A6FB96,Cyber Mobile,Technologie & IT,Tori-Bossito,+229 62 17 62 75,cyber.mobile@cyber.mobile.com,cybermobile.bj,TPE (<10),B2B,Facebook Pages,,Actif,2026-06-29T00:15:34.258698,haute
BJ-75DF2D3E,Tech Développement,Technologie & IT,Grand-Popo,+229 67 98 20 84,tech.développement@tech.développement.net,techdéveloppement.bj,PME (10-50),B2B,Facebook Pages,,Actif,2026-06-29T00:15:34.258715,haute
BJ-B52D1F5D,Logiciel International,Technologie & IT,Grand-Popo,+229 72 59 54 60,logiciel.international@logiciel.international.benin,logicielinternational.bj,PME (10-50),B2B,Facebook Pages,,Actif,2026-06-29T00:15:34.258730,haute
BJ-A5FEAC6C,Web,Technologie & IT,Grand-Popo,+229 52 80 76 64,web@web.bj,,TPE (<10),B2B,Facebook Pages,,Actif,2026-06-29T00:15:34.258741,moyenne
BJ-C2309593,Mobile,Technologie & IT,Grand-Popo,+229 67 80 14 89,mobile@mobile.bj,mobile.bj,PME (50-200),B2B,Facebook Pages,,Actif,2026-06-29T00:15:34.258753,haute
BJ-CD18E6D2,Data Cyber Systems,Technologie & IT,Grand-Popo,+229 79 35 21 56,data.cyber.systems@data.cyber.systems.net,datacybersystems.bj,TPE (<10),B2B,Facebook Pages,,Actif,2026-06-29T00:15:34.258765,haute
BJ-5B6EDA50,Cloud,Technologie & IT,Athiémé,+229 63 92 29 77,cloud@cloud.com,cloud.bj,TPE (<10),B2C,Facebook Pages,,Actif,2026-06-29T00:15:34.258782,haute
BJ-83FC17CA,Net Système Athiémé,Technologie & IT,Athiémé,+229 37 44 84 80,net.système.athiémé@net.système.athiémé.com,netsystèmeathiémé.bj,TPE (<10),B2B,Facebook Pages,,Actif,2026-06-29T00:15:34.258798,haute
BJ-41DE59C3,Cloud Bénin Athiémé,Technologie & IT,Athiémé,+229 62 62 99 66,cloud.bénin.athiémé@cloud.bénin.athiémé.com,cloudbéninathiémé.bj,PME (10-50),B2C,Facebook Pages,,Actif,2026-06-29T00:15:34.258810,haute
BJ-4E63A55B,Intelligence,Technologie & IT,Athiémé,+229 71 87 79 99,intelligence@intelligence.benin,intelligence.bj,TPE (<10),B2B,Facebook Pages,,Actif,2026-06-29T00:15:34.258836,haute
BJ-40D1C32A,Tech Cyber Bopa,Technologie & IT,Bopa,+229 85 32 96 85,tech.cyber.bopa@tech.cyber.bopa.org,techcyberbopa.bj,PME (50-200),B2B,Facebook Pages,,Actif,2026-06-29T00:15:34.258854,haute
BJ-CA03B247,Soft Système Systems,Technologie & IT,Bopa,+229 80 89 91 65,soft.système.systems@soft.système.systems.net,softsystèmesystems.bj,PME (50-200),B2C,Facebook Pages,,Actif,2026-06-29T00:15:34.258870,haute
BJ-E5C841C7,Digital,Technologie & IT,Bopa,+229 34 51 96 47,digital@digital.bj,digital.bj,PME (50-200),B2C,Facebook Pages,,Actif,2026-06-29T00:15:34.258922,haute
BJ-91961641,Security,Technologie & IT,Bopa,+229 61 96 89 39,security@security.org,,PME (10-50),B2C,Facebook Pages,,Actif,2026-06-29T00:15:34.258934,moyenne
BJ-A0FE60BD,Net Développement,Technologie & IT,Houéyogbé,+229 40 22 13 11,net.développement@net.développement.org,netdéveloppement.bj,PME (10-50),B2C,Facebook Pages,,Actif,2026-06-29T00:15:34.258969,haute
BJ-9DA040C7,AI Africa,Technologie & IT,Houéyogbé,+229 91 18 83 27,ai.africa@ai.africa.org,aiafrica.bj,Grande (>200),B2B,Facebook Pages,,Actif,2026-06-29T00:15:34.259004,haute
BJ-9A9D2D45,Développement Houéyogbé,Technologie & IT,Houéyogbé,+229 99 91 98 87,développement.houéyogbé@développement.houéyogbé.net,,TPE (<10),B2B,Facebook Pages,,Actif,2026-06-29T00:15:34.259015,moyenne
BJ-A8D7B121,Tech Data Digital Malanville,Technologie & IT,Malanville,+229 46 33 63 44,tech.data.digital.malanville@tech.data.digital.malanville.com,,TPE (<10),B2B,Facebook Pages,,Actif,2026-06-29T00:15:34.259035,moyenne
BJ-75808BE7,Data,Technologie & IT,Malanville,+229 36 75 41 91,data@data.bj,,TPE (<10),B2B,Facebook Pages,,Actif,2026-06-29T00:15:34.259049,moyenne
BJ-812EC528,Net Solution Digital Malanville,Technologie & IT,Malanville,+229 85 46 22 14,net.solution.digital.malanville@net.solution.digital.malanville.benin,netsolutiondigitalmalanville.bj,TPE (<10),B2B,Facebook Pages,,Actif,2026-06-29T00:15:34.259074,haute
BJ-6D3B0804,Cyber Malanville,Technologie & IT,Malanville,+229 40 95 59 96,cyber.malanville@cyber.malanville.com,,PME (50-200),B2C,Facebook Pages,,Actif,2026-06-29T00:15:34.259087,moyenne
BJ-D8A272AB,Data Technologie International,Technologie & IT,Kandi,+229 96 30 96 18,data.technologie.international@data.technologie.international.bj,datatechnologieinternational.bj,PME (50-200),B2C,Facebook Pages,,Actif,2026-06-29T00:15:34.259105,haute
BJ-E8A4DB12,Solution Bénin,Technologie & IT,Kandi,+229 79 67 27 40,solution.bénin@solution.bénin.net,solutionbénin.bj,PME (10-50),B2B,Facebook Pages,,Actif,2026-06-29T00:15:34.259117,haute
BJ-CDBBFD1C,Solution,Technologie & IT,Kandi,+229 81 89 18 64,,solution.bj,TPE (<10),B2B,Facebook Pages,,Actif,2026-06-29T00:15:34.259128,moyenne
BJ-D66988F0,Système Kandi,Technologie & IT,Kandi,+229 80 77 21 67,système.kandi@système.kandi.bj,systèmekandi.bj,TPE (<10),B2C,Facebook Pages,,Actif,2026-06-29T00:15:34.259140,haute
BJ-029322CA,Smart Mobile,Technologie & IT,Kandi,+229 89 83 33 34,smart.mobile@smart.mobile.net,,PME (10-50),B2C,Facebook Pages,,Actif,2026-06-29T00:15:34.259151,moyenne
BJ-EB52D743,Smart Data,Technologie & IT,Banikoara,+229 28 69 29 90,,smartdata.bj,TPE (<10),B2B,Facebook Pages,,Actif,2026-06-29T00:15:34.259167,moyenne
BJ-4C231516,Net Système Banikoara,Technologie & IT,Banikoara,+229 94 51 17 91,,netsystèmebanikoara.bj,TPE (<10),B2B,Facebook Pages,,Actif,2026-06-29T00:15:34.259185,moyenne
BJ-5462E60D,Security Bénin,Technologie & IT,Banikoara,+229 56 94 98 99,security.bénin@security.bénin.net,securitybénin.bj,Grande (>200),B2B,Facebook Pages,,Actif,2026-06-29T00:15:34.259198,haute
BJ-A4336624,Cloud Application Bénin Banikoara,Technologie & IT,Banikoara,+229 61 62 91 41,cloud.application.bénin.banikoara@cloud.application.bénin.banikoara.com,,PME (50-200),B2C,Facebook Pages,,Actif,2026-06-29T00:15:34.259210,moyenne
BJ-7D1A2EBF,Data Digital Banikoara,Technologie & IT,Banikoara,+229 39 63 21 51,,datadigitalbanikoara.bj,TPE (<10),B2C,Facebook Pages,,Actif,2026-06-29T00:15:34.259221,moyenne
BJ-43418E4E,Security,Technologie & IT,Ségbana,+229 61 44 78 45,security@security.benin,security.bj,TPE (<10),B2C,Facebook Pages,,Actif,2026-06-29T00:15:34.259249,haute
BJ-311E048A,Intelligence Systems,Technologie & IT,Ségbana,+229 50 37 14 39,,intelligencesystems.bj,Grande (>200),B2B,Facebook Pages,,Actif,2026-06-29T00:15:34.259260,moyenne
BJ-6297C39F,Cloud Bénin,Technologie & IT,Ségbana,+229 67 25 86 56,cloud.bénin@cloud.bénin.com,cloudbénin.bj,PME (10-50),B2B,Facebook Pages,,Actif,2026-06-29T00:15:34.259273,haute
BJ-CAE1A356,Smart Intelligence International,Technologie & IT,Ségbana,+229 47 18 30 65,smart.intelligence.international@smart.intelligence.international.net,smartintelligenceinternational.bj,TPE (<10),B2B,Facebook Pages,,Actif,2026-06-29T00:15:34.259284,haute
BJ-323735FB,Data Système Bénin,Technologie & IT,Karimama,+229 75 30 34 55,,datasystèmebénin.bj,TPE (<10),B2C,Facebook Pages,,Actif,2026-06-29T00:15:34.259301,moyenne
BJ-78EDF33F,Système International,Technologie & IT,Karimama,+229 81 81 23 55,système.international@système.international.benin,systèmeinternational.bj,Grande (>200),B2B,Facebook Pages,,Actif,2026-06-29T00:15:34.259332,haute
BJ-EDF14E11,Security Soft,Technologie & IT,Karimama,+229 97 28 96 35,security.soft@security.soft.com,securitysoft.bj,PME (10-50),B2C,Facebook Pages,,Actif,2026-06-29T00:15:34.259344,haute
BJ-78D121EA,Cloud Cloud,Technologie & IT,Karimama,+229 75 79 62 69,cloud.cloud@cloud.cloud.org,cloudcloud.bj,TPE (<10),B2B,Facebook Pages,,Actif,2026-06-29T00:15:34.259373,haute
BJ-69D51545,Data Technologie Africa Gogounou,Technologie & IT,Gogounou,+229 76 62 89 94,data.technologie.africa.gogounou@data.technologie.africa.gogounou.com,datatechnologieafricagogounou.bj,Grande (>200),B2B,Facebook Pages,,Actif,2026-06-29T00:15:34.259423,haute
BJ-93654795,Tech Technologie,Technologie & IT,Gogounou,+229 26 29 57 61,tech.technologie@tech.technologie.bj,techtechnologie.bj,PME (50-200),B2B,Facebook Pages,,Actif,2026-06-29T00:15:34.259434,haute
BJ-927C091D,Net Technologie International,Technologie & IT,Gogounou,+229 61 52 12 11,net.technologie.international@net.technologie.international.com,,TPE (<10),B2B,Facebook Pages,,Actif,2026-06-29T00:15:34.259445,moyenne
BJ-C53AEA7B,Technologie,Technologie & IT,Gogounou,+229 73 32 27 72,technologie@technologie.bj,technologie.bj,PME (10-50),B2C,Facebook Pages,,Actif,2026-06-29T00:15:34.259456,haute
BJ-2F92E006,Informatique,Technologie & IT,Cobly,+229 55 21 85 72,informatique@informatique.bj,informatique.bj,PME (10-50),B2C,Facebook Pages,,Actif,2026-06-29T00:15:34.259472,haute
BJ-4740C8D0,Logiciel,Technologie & IT,Cobly,+229 88 75 46 41,logiciel@logiciel.com,logiciel.bj,TPE (<10),B2C,Facebook Pages,,Actif,2026-06-29T00:15:34.259530,haute
BJ-F2B98443,Informatique Tech,Technologie & IT,Cobly,+229 49 90 32 84,informatique.tech@informatique.tech.benin,informatiquetech.bj,TPE (<10),B2B,Facebook Pages,,Actif,2026-06-29T00:15:34.259557,haute
BJ-84780E15,Cyber Digital,Technologie & IT,Cobly,+229 46 53 75 28,cyber.digital@cyber.digital.net,cyberdigital.bj,TPE (<10),B2C,Facebook Pages,,Actif,2026-06-29T00:15:34.259583,haute
BJ-9A0FF387,Tech Cloud Bénin,Technologie & IT,Tanguiéta,+229 41 17 65 74,,techcloudbénin.bj,TPE (<10),B2B,Facebook Pages,,Actif,2026-06-29T00:15:34.259621,moyenne
BJ-78E35CC4,Système Digital,Technologie & IT,Tanguiéta,+229 99 61 43 93,système.digital@système.digital.net,systèmedigital.bj,PME (50-200),B2C,Facebook Pages,,Actif,2026-06-29T00:15:34.259648,haute
BJ-8BAF8954,Web,Technologie & IT,Tanguiéta,+229 76 93 58 71,web@web.net,web.bj,PME (10-50),B2B,Facebook Pages,,Actif,2026-06-29T00:15:34.259676,haute
BJ-F550C5F6,Net Network Tech,Technologie & IT,Tanguiéta,+229 76 29 23 86,,netnetworktech.bj,PME (50-200),B2C,Facebook Pages,,Actif,2026-06-29T00:15:34.259701,moyenne
BJ-A0748D5B,Système,Technologie & IT,Matéri,+229 50 30 27 84,système@système.com,système.bj,TPE (<10),B2C,Facebook Pages,,Actif,2026-06-29T00:15:34.259760,haute
BJ-DFABA241,Data Network Digital Matéri,Technologie & IT,Matéri,+229 50 71 10 70,data.network.digital.matéri@data.network.digital.matéri.benin,,TPE (<10),B2C,Facebook Pages,,Actif,2026-06-29T00:15:34.259789,moyenne
BJ-2C2C1939,Tech Web,Technologie & IT,Matéri,+229 87 13 84 24,tech.web@tech.web.benin,techweb.bj,PME (10-50),B2B,Facebook Pages,,Actif,2026-06-29T00:15:34.259817,haute
BJ-86CA8D3E,Tech Application,Technologie & IT,Matéri,+229 84 59 38 13,tech.application@tech.application.org,techapplication.bj,TPE (<10),B2C,Facebook Pages,,Actif,2026-06-29T00:15:34.259869,haute
BJ-16DECBE2,Technologie Natitingou,Technologie & IT,Natitingou,+229 74 87 95 59,technologie.natitingou@technologie.natitingou.bj,technologienatitingou.bj,TPE (<10),B2B,Facebook Pages,,Actif,2026-06-29T00:15:34.259931,haute
BJ-0BB1817C,Digital Logiciel,Technologie & IT,Natitingou,+229 41 24 87 69,digital.logiciel@digital.logiciel.org,digitallogiciel.bj,PME (10-50),B2C,Facebook Pages,,Actif,2026-06-29T00:15:34.259949,haute
BJ-205F8FA9,Net Application,Technologie & IT,Natitingou,+229 89 48 57 34,net.application@net.application.bj,netapplication.bj,PME (10-50),B2C,Facebook Pages,,Actif,2026-06-29T00:15:34.259962,haute
BJ-B2CFE283,Cyber Intelligence Africa,Technologie & IT,Toucountouna,+229 56 96 81 63,cyber.intelligence.africa@cyber.intelligence.africa.org,cyberintelligenceafrica.bj,Grande (>200),B2C,Facebook Pages,,Actif,2026-06-29T00:15:34.260041,haute
BJ-2BB2BAD4,Application Toucountouna,Technologie & IT,Toucountouna,+229 90 57 82 56,application.toucountouna@application.toucountouna.com,applicationtoucountouna.bj,Grande (>200),B2C,Facebook Pages,,Actif,2026-06-29T00:15:34.260054,haute
BJ-132BE730,Soft Informatique SARL,Technologie & IT,Toucountouna,+229 25 32 30 15,,softinformatiquesarl.bj,PME (10-50),B2C,Facebook Pages,,Actif,2026-06-29T00:15:34.260066,moyenne
BJ-4615BEE3,Soft Informatique Systems Toucountouna,Technologie & IT,Toucountouna,+229 61 71 84 24,,softinformatiquesystemstoucountouna.bj,PME (10-50),B2B,Facebook Pages,,Actif,2026-06-29T00:15:34.260077,moyenne
BJ-2C26EB2B,Digital Système Tech Boukoumbé,Technologie & IT,Boukoumbé,+229 84 80 40 46,digital.système.tech.boukoumbé@digital.système.tech.boukoumbé.benin,digitalsystèmetechboukoumbé.bj,PME (50-200),B2B,Facebook Pages,,Actif,2026-06-29T00:15:34.260100,haute
BJ-75B264E0,Net Solution Boukoumbé,Technologie & IT,Boukoumbé,+229 40 89 36 34,net.solution.boukoumbé@net.solution.boukoumbé.com,netsolutionboukoumbé.bj,Grande (>200),B2C,Facebook Pages,,Actif,2026-06-29T00:15:34.260114,haute
BJ-FC2BB521,Technologie Digital,Technologie & IT,Boukoumbé,+229 70 52 62 36,technologie.digital@technologie.digital.net,technologiedigital.bj,Grande (>200),B2C,Facebook Pages,,Actif,2026-06-29T00:15:34.260126,haute
BJ-BDD89AFE,Cyber Logiciel,Technologie & IT,Boukoumbé,+229 34 82 71 67,cyber.logiciel@cyber.logiciel.org,cyberlogiciel.bj,TPE (<10),B2C,Facebook Pages,,Actif,2026-06-29T00:15:34.260138,haute
BJ-1353F152,Digital Système,Technologie & IT,Boukoumbé,+229 81 45 55 28,digital.système@digital.système.com,digitalsystème.bj,PME (10-50),B2C,Facebook Pages,,Actif,2026-06-29T00:15:34.260153,haute
BJ-AD1C96E4,Application International,Technologie & IT,Kouandé,+229 42 74 80 29,,applicationinternational.bj,PME (10-50),B2B,Facebook Pages,,Actif,2026-06-29T00:15:34.260170,moyenne
BJ-7DD21A46,Intelligence,Technologie & IT,Kouandé,+229 22 31 91 53,intelligence@intelligence.com,,TPE (<10),B2B,Facebook Pages,,Actif,2026-06-29T00:15:34.260184,moyenne
BJ-D20AB432,Cyber Mobile,Technologie & IT,Kouandé,+229 83 18 27 45,cyber.mobile@cyber.mobile.org,cybermobile.bj,PME (10-50),B2C,Facebook Pages,,Actif,2026-06-29T00:15:34.260196,haute
BJ-564EBD8B,Soft Data Solutions,Technologie & IT,Kouandé,+229 52 37 50 44,,softdatasolutions.bj,PME (50-200),B2C,Facebook Pages,,Actif,2026-06-29T00:15:34.260208,moyenne
BJ-05EB9DF1,Intelligence Africa,Technologie & IT,Kouandé,+229 52 65 56 27,intelligence.africa@intelligence.africa.benin,intelligenceafrica.bj,PME (50-200),B2C,Facebook Pages,,Actif,2026-06-29T00:15:34.260219,haute
BJ-F21CCAE3,Informatique,Technologie & IT,Péhunco,+229 68 10 48 16,informatique@informatique.net,informatique.bj,PME (10-50),B2C,Facebook Pages,,Actif,2026-06-29T00:15:34.260236,haute
BJ-ED049252,Informatique SARL,Technologie & IT,Péhunco,+229 44 74 24 86,informatique.sarl@informatique.sarl.benin,informatiquesarl.bj,Grande (>200),B2C,Facebook Pages,,Actif,2026-06-29T00:15:34.260264,haute
BJ-F607B1E4,Cloud Cloud Africa,Technologie & IT,Péhunco,+229 58 78 57 35,cloud.cloud.africa@cloud.cloud.africa.net,cloudcloudafrica.bj,TPE (<10),B2B,Facebook Pages,,Actif,2026-06-29T00:15:34.260276,haute
BJ-BD4DBD61,Soft AI,Technologie & IT,Péhunco,+229 79 98 76 81,soft.ai@soft.ai.com,softai.bj,PME (10-50),B2B,Facebook Pages,,Actif,2026-06-29T00:15:34.260288,haute
BJ-7F75AE96,Soft Cyber Systems,Technologie & IT,Tchaourou,+229 69 53 50 48,soft.cyber.systems@soft.cyber.systems.com,softcybersystems.bj,Grande (>200),B2B,Facebook Pages,,Actif,2026-06-29T00:15:34.260305,haute
BJ-B9B2B106,AI Systems Tchaourou,Technologie & IT,Tchaourou,+229 87 74 24 47,ai.systems.tchaourou@ai.systems.tchaourou.net,aisystemstchaourou.bj,Grande (>200),B2B,Facebook Pages,,Actif,2026-06-29T00:15:34.260322,haute
BJ-23FB0721,Cloud Informatique Africa,Technologie & IT,Tchaourou,+229 67 94 79 94,cloud.informatique.africa@cloud.informatique.africa.net,,TPE (<10),B2C,Facebook Pages,,Actif,2026-06-29T00:15:34.260334,moyenne
BJ-F7AF26D7,Cyber Bénin,Technologie & IT,Tchaourou,+229 71 27 66 14,cyber.bénin@cyber.bénin.com,,PME (50-200),B2C,Facebook Pages,,Actif,2026-06-29T00:15:34.260346,moyenne
BJ-9F0814FA,Smart Intelligence Solutions,Technologie & IT,Tchaourou,+229 65 50 18 78,smart.intelligence.solutions@smart.intelligence.solutions.bj,smartintelligencesolutions.bj,TPE (<10),B2C,Facebook Pages,,Actif,2026-06-29T00:15:34.260358,haute
BJ-3749AA4F,Network Nikki,Technologie & IT,Nikki,+229 38 87 54 57,network.nikki@network.nikki.com,networknikki.bj,TPE (<10),B2B,Facebook Pages,,Actif,2026-06-29T00:15:34.260375,haute
BJ-93794D72,Network Systems,Technologie & IT,Nikki,+229 95 61 86 31,network.systems@network.systems.benin,networksystems.bj,PME (10-50),B2B,Facebook Pages,,Actif,2026-06-29T00:15:34.260386,haute
BJ-42947D59,AI,Technologie & IT,Nikki,+229 94 30 38 48,ai@ai.bj,ai.bj,PME (10-50),B2C,Facebook Pages,,Actif,2026-06-29T00:15:34.260397,haute
BJ-70B2727B,Informatique Nikki,Technologie & IT,Nikki,+229 44 25 98 37,informatique.nikki@informatique.nikki.net,informatiquenikki.bj,PME (50-200),B2C,Facebook Pages,,Actif,2026-06-29T00:15:34.260409,haute
BJ-61BDF6C5,Data AI,Technologie & IT,Nikki,+229 61 55 41 10,data.ai@data.ai.benin,dataai.bj,TPE (<10),B2C,Facebook Pages,,Actif,2026-06-29T00:15:34.260420,haute
BJ-4447E4A2,Cyber Cloud Tech Bembéréké,Technologie & IT,Bembéréké,+229 81 73 45 81,cyber.cloud.tech.bembéréké@cyber.cloud.tech.bembéréké.bj,cybercloudtechbembéréké.bj,PME (10-50),B2C,Facebook Pages,,Actif,2026-06-29T00:15:34.260442,haute
BJ-6BD16C18,Data Logiciel Africa,Technologie & IT,Bembéréké,+229 66 77 64 79,data.logiciel.africa@data.logiciel.africa.org,,PME (10-50),B2B,Facebook Pages,,Actif,2026-06-29T00:15:34.260457,moyenne
BJ-5C76F2C3,Net Data Africa,Technologie & IT,Bembéréké,+229 55 36 76 71,,netdataafrica.bj,PME (10-50),B2C,Facebook Pages,,Actif,2026-06-29T00:15:34.260468,moyenne
BJ-64535E18,Digital,Technologie & IT,Bembéréké,+229 56 41 18 39,,digital.bj,TPE (<10),B2B,Facebook Pages,,Actif,2026-06-29T00:15:34.260479,moyenne
BJ-86357683,Cloud AI,Technologie & IT,Bembéréké,+229 49 61 83 76,,,PME (50-200),B2B,Facebook Pages,,Actif,2026-06-29T00:15:34.260489,basse
BJ-5D1A0CC9,Cyber Digital Soft,Technologie & IT,Kalalé,+229 67 75 34 43,,cyberdigitalsoft.bj,TPE (<10),B2C,Facebook Pages,,Actif,2026-06-29T00:15:34.260506,moyenne
BJ-CA246E79,Security Africa,Technologie & IT,Kalalé,+229 88 60 63 88,security.africa@security.africa.net,securityafrica.bj,TPE (<10),B2B,Facebook Pages,,Actif,2026-06-29T00:15:34.260517,haute
BJ-4C85C914,Cloud AI,Technologie & IT,Kalalé,+229 58 29 69 68,,cloudai.bj,PME (10-50),B2B,Facebook Pages,,Actif,2026-06-29T00:15:34.260528,moyenne
BJ-6FE47F42,Intelligence,Technologie & IT,Kalalé,+229 24 92 22 37,intelligence@intelligence.benin,intelligence.bj,TPE (<10),B2B,Facebook Pages,,Actif,2026-06-29T00:15:34.260543,haute
BJ-D31DE7DC,Data Cyber,Technologie & IT,Kalalé,+229 60 90 64 41,data.cyber@data.cyber.com,datacyber.bj,PME (50-200),B2C,Facebook Pages,,Actif,2026-06-29T00:15:34.260572,haute
BJ-B8D21DD7,Soft Intelligence SARL,Technologie & IT,Ndali,+229 28 43 72 33,soft.intelligence.sarl@soft.intelligence.sarl.bj,softintelligencesarl.bj,TPE (<10),B2C,Facebook Pages,,Actif,2026-06-29T00:15:34.260590,haute
BJ-5FD9630F,Solution International,Technologie & IT,Ndali,+229 83 95 38 32,solution.international@solution.international.com,solutioninternational.bj,TPE (<10),B2C,Facebook Pages,,Actif,2026-06-29T00:15:34.260636,haute
BJ-50CCA21D,Application Systems Ndali,Technologie & IT,Ndali,+229 36 40 14 63,application.systems.ndali@application.systems.ndali.benin,,PME (10-50),B2B,Facebook Pages,,Actif,2026-06-29T00:15:34.260649,moyenne
BJ-F6D12891,Net AI,Technologie & IT,Ndali,+229 41 25 78 15,net.ai@net.ai.bj,netai.bj,TPE (<10),B2C,Facebook Pages,,Actif,2026-06-29T00:15:34.260661,haute
BJ-99C75FEC,Smart Data,Technologie & IT,Ségbana,+229 33 84 96 21,smart.data@smart.data.benin,smartdata.bj,PME (50-200),B2B,Facebook Pages,,Actif,2026-06-29T00:15:34.260679,haute
BJ-403A297E,Tech Technologie International,Technologie & IT,Ségbana,+229 97 45 21 65,tech.technologie.international@tech.technologie.international.benin,techtechnologieinternational.bj,TPE (<10),B2C,Facebook Pages,,Actif,2026-06-29T00:15:34.260691,haute
BJ-9FC93893,Soft Informatique Bénin Ségbana,Technologie & IT,Ségbana,+229 35 22 70 54,soft.informatique.bénin.ségbana@soft.informatique.bénin.ségbana.org,softinformatiquebéninségbana.bj,TPE (<10),B2B,Facebook Pages,,Actif,2026-06-29T00:15:34.260704,haute
BJ-B2F288F3,Net Data Systems,Technologie & IT,Ségbana,+229 31 88 49 64,net.data.systems@net.data.systems.benin,,TPE (<10),B2B,Facebook Pages,,Actif,2026-06-29T00:15:34.260715,moyenne
BJ-3DFC4B49,Cloud Développement Solutions,Technologie & IT,Ségbana,+229 93 61 36 36,cloud.développement.solutions@cloud.développement.solutions.bj,clouddéveloppementsolutions.bj,PME (50-200),B2B,Facebook Pages,,Actif,2026-06-29T00:15:34.260728,haute
BJ-08D1A7D5,Soft Informatique,Technologie & IT,Tchaourou,+229 70 12 23 20,soft.informatique@soft.informatique.org,softinformatique.bj,Grande (>200),B2B,Facebook Pages,,Actif,2026-06-29T00:15:34.260748,haute
BJ-96847B04,Data Data Soft Tchaourou,Technologie & IT,Tchaourou,+229 69 42 57 36,data.data.soft.tchaourou@data.data.soft.tchaourou.bj,datadatasofttchaourou.bj,PME (10-50),B2C,Facebook Pages,,Actif,2026-06-29T00:15:34.260763,haute
BJ-75EC9CF5,Digital Soft,Technologie & IT,Tchaourou,+229 83 30 18 45,digital.soft@digital.soft.net,digitalsoft.bj,PME (10-50),B2C,Facebook Pages,,Actif,2026-06-29T00:15:34.260775,haute
BJ-D25C5283,Cloud,Technologie & IT,Tchaourou,+229 22 83 53 55,cloud@cloud.net,cloud.bj,TPE (<10),B2B,Facebook Pages,,Actif,2026-06-29T00:15:34.260786,haute
BJ-C063FA9F,Tech Système,Technologie & IT,Tchaourou,+229 83 92 15 71,tech.système@tech.système.bj,techsystème.bj,PME (50-200),B2C,Facebook Pages,,Actif,2026-06-29T00:15:34.260798,haute
BJ-25B0C991,Logiciel Soft Bétérou,Technologie & IT,Bétérou,+229 32 85 21 79,logiciel.soft.bétérou@logiciel.soft.bétérou.com,logicielsoftbétérou.bj,PME (50-200),B2C,Facebook Pages,,Actif,2026-06-29T00:15:34.260816,haute
BJ-9A12CED5,Cloud International,Technologie & IT,Bétérou,+229 98 96 80 22,cloud.international@cloud.international.net,cloudinternational.bj,PME (50-200),B2B,Facebook Pages,,Actif,2026-06-29T00:15:34.260828,haute
BJ-1C2319A9,Développement,Technologie & IT,Bétérou,+229 95 36 91 85,développement@développement.bj,développement.bj,PME (10-50),B2C,Facebook Pages,,Actif,2026-06-29T00:15:34.260863,haute
BJ-D7D1B4D8,Net Data Solutions,Technologie & IT,Ouessè,+229 49 30 38 11,net.data.solutions@net.data.solutions.bj,netdatasolutions.bj,TPE (<10),B2C,Facebook Pages,,Actif,2026-06-29T00:15:34.260884,haute
BJ-0D19FEB3,Net Mobile Solutions,Technologie & IT,Ouessè,+229 42 61 99 83,net.mobile.solutions@net.mobile.solutions.org,netmobilesolutions.bj,PME (50-200),B2B,Facebook Pages,,Actif,2026-06-29T00:15:34.260934,haute
BJ-938B5ADE,Digital,Technologie & IT,Ouessè,+229 63 19 83 64,digital@digital.org,digital.bj,TPE (<10),B2C,Facebook Pages,,Actif,2026-06-29T00:15:34.260969,haute
BJ-1FDEDF92,Tech Informatique Bénin,Technologie & IT,Ouessè,+229 53 36 17 41,tech.informatique.bénin@tech.informatique.bénin.bj,techinformatiquebénin.bj,PME (50-200),B2B,Facebook Pages,,Actif,2026-06-29T00:15:34.260983,haute
BJ-576387C5,Cloud Data Systems,Technologie & IT,Ouessè,+229 66 26 23 56,cloud.data.systems@cloud.data.systems.benin,clouddatasystems.bj,PME (10-50),B2B,Facebook Pages,,Actif,2026-06-29T00:15:34.260994,haute
BJ-4A3DFE88,Soft Développement SARL,Technologie & IT,Glazoué,+229 81 39 75 63,soft.développement.sarl@soft.développement.sarl.org,softdéveloppementsarl.bj,PME (50-200),B2C,Facebook Pages,,Actif,2026-06-29T00:15:34.261017,haute
BJ-3AB36492,Cloud Bénin,Technologie & IT,Glazoué,+229 41 66 21 47,cloud.bénin@cloud.bénin.bj,cloudbénin.bj,PME (10-50),B2C,Facebook Pages,,Actif,2026-06-29T00:15:34.261030,haute
BJ-2EAEDD6A,Data Intelligence Bénin,Technologie & IT,Glazoué,+229 94 91 80 89,data.intelligence.bénin@data.intelligence.bénin.net,dataintelligencebénin.bj,TPE (<10),B2C,Facebook Pages,,Actif,2026-06-29T00:15:34.261043,haute
BJ-A41C610F,Cloud Application Digital Glazoué,Technologie & IT,Glazoué,+229 67 93 38 45,cloud.application.digital.glazoué@cloud.application.digital.glazoué.benin,cloudapplicationdigitalglazoué.bj,PME (10-50),B2C,Facebook Pages,,Actif,2026-06-29T00:15:34.261055,haute
BJ-C9389F25,Technologie Digital,Technologie & IT,Glazoué,+229 67 56 50 37,technologie.digital@technologie.digital.benin,technologiedigital.bj,Grande (>200),B2C,Facebook Pages,,Actif,2026-06-29T00:15:34.261066,haute
BJ-41B576CE,Network Solutions,Technologie & IT,Dassa-Zoumè,+229 76 73 55 99,network.solutions@network.solutions.bj,networksolutions.bj,PME (10-50),B2C,Facebook Pages,,Actif,2026-06-29T00:15:34.261084,haute
BJ-9F25B36A,Data Security,Technologie & IT,Dassa-Zoumè,+229 65 39 25 38,data.security@data.security.benin,datasecurity.bj,TPE (<10),B2C,Facebook Pages,,Actif,2026-06-29T00:15:34.261111,haute
BJ-E761EB50,Technologie Soft,Technologie & IT,Dassa-Zoumè,+229 44 79 37 20,technologie.soft@technologie.soft.bj,technologiesoft.bj,TPE (<10),B2C,Facebook Pages,,Actif,2026-06-29T00:15:34.261125,haute
BJ-AE3F3056,Cloud Digital Dassa-Zoumè,Technologie & IT,Dassa-Zoumè,+229 34 26 97 86,cloud.digital.dassazoumè@cloud.digital.dassazoumè.bj,clouddigitaldassazoumè.bj,PME (10-50),B2C,Facebook Pages,,Actif,2026-06-29T00:15:34.261138,haute
BJ-F03381D7,Data Application Solutions,Technologie & IT,Savalou,+229 98 66 62 38,data.application.solutions@data.application.solutions.com,dataapplicationsolutions.bj,PME (10-50),B2B,Facebook Pages,,Actif,2026-06-29T00:15:34.261156,haute
BJ-6F90D034,Net Security,Technologie & IT,Savalou,+229 88 23 11 75,,netsecurity.bj,Grande (>200),B2C,Facebook Pages,,Actif,2026-06-29T00:15:34.261178,moyenne
BJ-2E7E982C,Data Web Tech,Technologie & IT,Savalou,+229 46 53 44 73,data.web.tech@data.web.tech.org,datawebtech.bj,PME (10-50),B2B,Facebook Pages,,Actif,2026-06-29T00:15:34.261200,haute
BJ-43AFE91C,Digital SARL Bantè,Technologie & IT,Bantè,+229 49 93 68 74,digital.sarl.bantè@digital.sarl.bantè.com,digitalsarlbantè.bj,PME (50-200),B2C,Facebook Pages,,Actif,2026-06-29T00:15:34.261218,haute
BJ-31CFA5B7,Security,Technologie & IT,Bantè,+229 38 27 10 91,security@security.bj,security.bj,PME (50-200),B2C,Facebook Pages,,Actif,2026-06-29T00:15:34.261234,haute
BJ-9369E39E,Application International,Technologie & IT,Bantè,+229 86 85 28 77,application.international@application.international.org,applicationinternational.bj,PME (50-200),B2C,Facebook Pages,,Actif,2026-06-29T00:15:34.261246,haute
BJ-6643705F,Cloud Cyber Solutions,Technologie & IT,Bantè,+229 90 91 50 34,cloud.cyber.solutions@cloud.cyber.solutions.benin,,TPE (<10),B2C,Facebook Pages,,Actif,2026-06-29T00:15:34.261257,moyenne
BJ-815A0E7A,Smart Digital International,Technologie & IT,Bantè,+229 61 85 29 54,smart.digital.international@smart.digital.international.benin,smartdigitalinternational.bj,TPE (<10),B2C,Facebook Pages,,Actif,2026-06-29T00:15:34.261268,haute
BJ-CAE6B73F,Logiciel Africa,Technologie & IT,Djougou,+229 23 45 22 16,logiciel.africa@logiciel.africa.net,,TPE (<10),B2C,Facebook Pages,,Actif,2026-06-29T00:15:34.261301,moyenne
BJ-1EB52DBF,Tech Data Solutions,Technologie & IT,Djougou,+229 31 40 60 87,tech.data.solutions@tech.data.solutions.bj,,TPE (<10),B2C,Facebook Pages,,Actif,2026-06-29T00:15:34.261312,moyenne
BJ-44F2E5C5,Cloud Mobile,Technologie & IT,Djougou,+229 43 10 14 63,cloud.mobile@cloud.mobile.bj,cloudmobile.bj,PME (50-200),B2B,Facebook Pages,,Actif,2026-06-29T00:15:34.261327,haute
BJ-22A7A36B,Soft Digital Soft Djougou,Technologie & IT,Djougou,+229 80 66 64 63,soft.digital.soft.djougou@soft.digital.soft.djougou.bj,softdigitalsoftdjougou.bj,PME (50-200),B2B,Facebook Pages,,Actif,2026-06-29T00:15:34.261342,haute
BJ-619A819E,Data Solution Systems,Technologie & IT,Ouèssè,+229 49 79 92 46,data.solution.systems@data.solution.systems.bj,datasolutionsystems.bj,Grande (>200),B2C,Facebook Pages,,Actif,2026-06-29T00:15:34.261360,haute
BJ-F7CA7BB2,Application International,Technologie & IT,Ouèssè,+229 43 25 86 82,application.international@application.international.com,applicationinternational.bj,PME (10-50),B2B,Facebook Pages,,Actif,2026-06-29T00:15:34.261375,haute
BJ-76B0F345,Technologie Systems,Technologie & IT,Ouèssè,+229 31 60 59 95,technologie.systems@technologie.systems.org,technologiesystems.bj,TPE (<10),B2C,Facebook Pages,,Actif,2026-06-29T00:15:34.261387,haute
BJ-B85DD86B,Cloud Solutions,Technologie & IT,Ouèssè,+229 63 70 26 43,cloud.solutions@cloud.solutions.net,,TPE (<10),B2B,Facebook Pages,,Actif,2026-06-29T00:15:34.261398,moyenne
BJ-C68F701F,Cyber Technologie Tech Ouèssè,Technologie & IT,Ouèssè,+229 87 43 37 98,cyber.technologie.tech.ouèssè@cyber.technologie.tech.ouèssè.benin,,PME (10-50),B2C,Facebook Pages,,Actif,2026-06-29T00:15:34.261410,moyenne
BJ-C70ACE1F,Tech Application,Technologie & IT,Bassila,+229 20 99 31 74,tech.application@tech.application.org,techapplication.bj,PME (50-200),B2C,Facebook Pages,,Actif,2026-06-29T00:15:34.261427,haute
BJ-E510C2C0,Digital Mobile Bénin,Technologie & IT,Bassila,+229 25 45 92 52,digital.mobile.bénin@digital.mobile.bénin.net,digitalmobilebénin.bj,TPE (<10),B2B,Facebook Pages,,Actif,2026-06-29T00:15:34.261441,haute
BJ-CA1C7513,Digital Web,Technologie & IT,Bassila,+229 85 78 81 19,digital.web@digital.web.benin,,TPE (<10),B2B,Facebook Pages,,Actif,2026-06-29T00:15:34.261452,moyenne
BJ-F93E08F5,AI Africa,Technologie & IT,Bassila,+229 26 32 68 83,ai.africa@ai.africa.net,,TPE (<10),B2B,Facebook Pages,,Actif,2026-06-29T00:15:34.261463,moyenne
BJ-7D6D66AD,Tech Logiciel Bassila,Technologie & IT,Bassila,+229 97 12 56 60,tech.logiciel.bassila@tech.logiciel.bassila.net,techlogicielbassila.bj,PME (10-50),B2B,Facebook Pages,,Actif,2026-06-29T00:15:34.261474,haute
BJ-BCF3356D,Cyber Digital,Technologie & IT,Pehunco,+229 58 49 51 66,cyber.digital@cyber.digital.bj,cyberdigital.bj,PME (10-50),B2B,Facebook Pages,,Actif,2026-06-29T00:15:34.261491,haute
BJ-D09088DC,Security Soft,Technologie & IT,Pehunco,+229 87 23 10 90,security.soft@security.soft.net,securitysoft.bj,PME (50-200),B2B,Facebook Pages,,Actif,2026-06-29T00:15:34.261506,haute
BJ-712B39C6,Développement,Technologie & IT,Pehunco,+229 83 28 60 46,développement@développement.bj,développement.bj,PME (10-50),B2B,Facebook Pages,,Actif,2026-06-29T00:15:34.261518,haute
BJ-4B1339CC,Intelligence,Technologie & IT,Pehunco,+229 36 50 74 52,intelligence@intelligence.com,intelligence.bj,PME (10-50),B2B,Facebook Pages,,Actif,2026-06-29T00:15:34.261532,haute
BJ-E38D86D6,AI Solutions,Technologie & IT,Pehunco,+229 36 82 23 47,ai.solutions@ai.solutions.bj,aisolutions.bj,PME (10-50),B2C,Facebook Pages,,Actif,2026-06-29T00:15:34.261543,haute
BJ-3E6CF687,Cloud Web,Technologie & IT,Copargo,+229 66 56 43 87,cloud.web@cloud.web.bj,cloudweb.bj,Grande (>200),B2B,Facebook Pages,,Actif,2026-06-29T00:15:34.261560,haute
BJ-B09B7E8C,Soft Cyber Soft,Technologie & IT,Copargo,+229 91 56 62 62,,,TPE (<10),B2B,Facebook Pages,,Actif,2026-06-29T00:15:34.261570,basse
BJ-B38711DF,Tech Security Soft,Technologie & IT,Copargo,+229 27 38 79 46,tech.security.soft@tech.security.soft.org,techsecuritysoft.bj,TPE (<10),B2B,Facebook Pages,,Actif,2026-06-29T00:15:34.261593,haute
BJ-A1EAB1E8,Cloud Technologie Solutions,Technologie & IT,Copargo,+229 96 21 66 15,,cloudtechnologiesolutions.bj,PME (10-50),B2B,Facebook Pages,,Actif,2026-06-29T00:15:34.261603,moyenne
BJ-8314B25A,Chimie Africa,Industrie & Manufacture,Cotonou,+229 54 25 66 49,chimie.africa@chimie.africa.org,chimieafrica.bj,TPE (<10),B2B,Facebook Pages,,Actif,2026-06-29T00:15:34.261621,haute
BJ-53F2DD16,Fabrique Fabrication Bénin,Industrie & Manufacture,Cotonou,+229 68 76 87 64,,fabriquefabricationbénin.bj,TPE (<10),B2B,Facebook Pages,,Actif,2026-06-29T00:15:34.261640,moyenne
BJ-FD043CB9,Manufacture Alimentaire Africa Cotonou,Industrie & Manufacture,Cotonou,+229 96 70 25 55,manufacture.alimentaire.africa.cotonou@manufacture.alimentaire.africa.cotonou.org,,PME (10-50),B2B,Facebook Pages,,Actif,2026-06-29T00:15:34.261652,moyenne
BJ-4EA5C9AD,Industrie Production Africa,Industrie & Manufacture,Cotonou,+229 20 32 15 78,industrie.production.africa@industrie.production.africa.com,industrieproductionafrica.bj,PME (50-200),B2B,Facebook Pages,,Actif,2026-06-29T00:15:34.261664,haute
BJ-5C20D6E6,Atelier Chimie Africa,Industrie & Manufacture,Cotonou,+229 81 72 29 58,atelier.chimie.africa@atelier.chimie.africa.com,atelierchimieafrica.bj,PME (10-50),B2B,Facebook Pages,,Actif,2026-06-29T00:15:34.261675,haute
BJ-D39C9B2F,Atelier Production,Industrie & Manufacture,Abomey-Calavi,+229 53 80 62 46,atelier.production@atelier.production.benin,,TPE (<10),B2B,Facebook Pages,,Actif,2026-06-29T00:15:34.261692,moyenne
BJ-48CB08F9,Industrie Mécanique SARL,Industrie & Manufacture,Abomey-Calavi,+229 69 25 42 74,,industriemécaniquesarl.bj,TPE (<10),B2B,Facebook Pages,,Actif,2026-06-29T00:15:34.261706,moyenne
BJ-5339B1A0,Production,Industrie & Manufacture,Abomey-Calavi,+229 57 70 68 88,production@production.net,,PME (10-50),B2B,Facebook Pages,,Actif,2026-06-29T00:15:34.261717,moyenne
BJ-9C2C143A,Usine Chimie SA,Industrie & Manufacture,Abomey-Calavi,+229 56 58 26 82,usine.chimie.sa@usine.chimie.sa.net,,PME (50-200),B2B,Facebook Pages,,Actif,2026-06-29T00:15:34.261766,moyenne
BJ-6942F273,Atelier Mécanique Africa Abomey-Calavi,Industrie & Manufacture,Abomey-Calavi,+229 21 47 78 58,atelier.mécanique.africa.abomeycalavi@atelier.mécanique.africa.abomeycalavi.benin,,PME (10-50),B2B,Facebook Pages,,Actif,2026-06-29T00:15:34.261779,moyenne
BJ-B5DD405D,Atelier Automobile Industry,Industrie & Manufacture,Porto-Novo,+229 72 19 66 72,,atelierautomobileindustry.bj,PME (10-50),B2B,Facebook Pages,,Actif,2026-06-29T00:15:34.261796,moyenne
BJ-2FCAE946,Fabrique Transformation SARL,Industrie & Manufacture,Porto-Novo,+229 53 12 67 46,fabrique.transformation.sarl@fabrique.transformation.sarl.com,,PME (50-200),B2B,Facebook Pages,,Actif,2026-06-29T00:15:34.261810,moyenne
BJ-00EC50E1,Industrie Production Bénin,Industrie & Manufacture,Porto-Novo,+229 58 33 35 83,industrie.production.bénin@industrie.production.bénin.org,industrieproductionbénin.bj,TPE (<10),B2B,Facebook Pages,,Actif,2026-06-29T00:15:34.261837,haute
BJ-4A4D1888,Électronique Porto-Novo,Industrie & Manufacture,Porto-Novo,+229 31 78 24 52,électronique.portonovo@électronique.portonovo.com,électroniqueportonovo.bj,PME (50-200),B2B,Facebook Pages,,Actif,2026-06-29T00:15:34.261851,haute
BJ-84245014,Mécanique SARL,Industrie & Manufacture,Porto-Novo,+229 79 54 67 23,,,TPE (<10),B2B,Facebook Pages,,Actif,2026-06-29T00:15:34.261862,basse
BJ-611AA233,Manufacture Plastique Manufacture,Industrie & Manufacture,Parakou,+229 77 45 52 87,manufacture.plastique.manufacture@manufacture.plastique.manufacture.com,manufactureplastiquemanufacture.bj,PME (10-50),B2B,Facebook Pages,,Actif,2026-06-29T00:15:34.261880,haute
BJ-93EBE246,Atelier Métal Bénin,Industrie & Manufacture,Parakou,+229 29 65 59 62,atelier.métal.bénin@atelier.métal.bénin.org,,PME (50-200),B2B,Facebook Pages,,Actif,2026-06-29T00:15:34.261901,moyenne
BJ-F8222A1B,Usine Fabrication Factory Parakou,Industrie & Manufacture,Parakou,+229 25 48 64 31,,usinefabricationfactoryparakou.bj,TPE (<10),B2B,Facebook Pages,,Actif,2026-06-29T00:15:34.261929,moyenne
BJ-0000ABD4,Atelier Chimie Parakou,Industrie & Manufacture,Parakou,+229 78 96 30 49,atelier.chimie.parakou@atelier.chimie.parakou.benin,atelierchimieparakou.bj,TPE (<10),B2B,Facebook Pages,,Actif,2026-06-29T00:15:34.261941,haute
BJ-1A73F692,Transformation,Industrie & Manufacture,Parakou,+229 64 75 59 40,transformation@transformation.org,transformation.bj,TPE (<10),B2B,Facebook Pages,,Actif,2026-06-29T00:15:34.261952,haute
BJ-74494CEB,Métal Bohicon,Industrie & Manufacture,Bohicon,+229 67 32 27 98,métal.bohicon@métal.bohicon.bj,métalbohicon.bj,PME (10-50),B2B,Facebook Pages,,Actif,2026-06-29T00:15:34.261971,haute
BJ-421F8053,Fabrication,Industrie & Manufacture,Bohicon,+229 30 93 32 79,,,TPE (<10),B2B,Facebook Pages,,Actif,2026-06-29T00:15:34.261984,basse
BJ-6DF6506B,Pharmaceutique,Industrie & Manufacture,Bohicon,+229 38 48 94 11,,pharmaceutique.bj,PME (50-200),B2B,Facebook Pages,,Actif,2026-06-29T00:15:34.261995,moyenne
BJ-2AA1A33F,Alimentaire SA,Industrie & Manufacture,Bohicon,+229 87 92 37 30,,alimentairesa.bj,Grande (>200),B2B,Facebook Pages,,Actif,2026-06-29T00:15:34.262006,moyenne
BJ-73754DA8,Production Électronique Groupe,Industrie & Manufacture,Bohicon,+229 84 41 41 88,production.électronique.groupe@production.électronique.groupe.org,,PME (10-50),B2B,Facebook Pages,,Actif,2026-06-29T00:15:34.262018,moyenne
BJ-1C69ABB8,Métal SA,Industrie & Manufacture,Natitingou,+229 24 44 16 65,,métalsa.bj,PME (10-50),B2B,Facebook Pages,,Actif,2026-06-29T00:15:34.262036,moyenne
BJ-52AE30F8,Métal Industry,Industrie & Manufacture,Natitingou,+229 41 17 47 77,,,TPE (<10),B2B,Facebook Pages,,Actif,2026-06-29T00:15:34.262059,basse
BJ-F0BF04F8,Fabrique Fabrication Industry,Industrie & Manufacture,Natitingou,+229 62 20 39 75,fabrique.fabrication.industry@fabrique.fabrication.industry.org,fabriquefabricationindustry.bj,PME (10-50),B2B,Facebook Pages,,Actif,2026-06-29T00:15:34.262071,haute
BJ-1CA05CB5,Production Plastique,Industrie & Manufacture,Lokossa,+229 79 82 32 28,,productionplastique.bj,PME (50-200),B2B,Facebook Pages,,Actif,2026-06-29T00:15:34.262101,moyenne
BJ-97AAA8A6,Bois Industry Lokossa,Industrie & Manufacture,Lokossa,+229 57 97 61 27,bois.industry.lokossa@bois.industry.lokossa.com,,PME (50-200),B2B,Facebook Pages,,Actif,2026-06-29T00:15:34.262116,moyenne
BJ-D1C9D93A,Industrie Mécanique Lokossa,Industrie & Manufacture,Lokossa,+229 82 49 35 64,,industriemécaniquelokossa.bj,TPE (<10),B2B,Facebook Pages,,Actif,2026-06-29T00:15:34.262128,moyenne
BJ-075540AE,Production Textile Groupe,Industrie & Manufacture,Lokossa,+229 34 37 24 15,production.textile.groupe@production.textile.groupe.net,,PME (50-200),B2B,Facebook Pages,,Actif,2026-06-29T00:15:34.262139,moyenne
BJ-1E605221,Transformation,Industrie & Manufacture,Ouidah,+229 52 57 35 71,transformation@transformation.org,,Grande (>200),B2B,Facebook Pages,,Actif,2026-06-29T00:15:34.262169,moyenne
BJ-E46137E5,Automobile Industry,Industrie & Manufacture,Ouidah,+229 77 96 47 77,,,PME (10-50),B2B,Facebook Pages,,Actif,2026-06-29T00:15:34.262179,basse
BJ-AB20C413,Manufacture Automobile Ouidah,Industrie & Manufacture,Ouidah,+229 82 17 25 95,,,TPE (<10),B2B,Facebook Pages,,Actif,2026-06-29T00:15:34.262189,basse
BJ-E625C1FD,Textile Manufacture,Industrie & Manufacture,Ouidah,+229 60 22 17 47,textile.manufacture@textile.manufacture.bj,textilemanufacture.bj,PME (10-50),B2B,Facebook Pages,,Actif,2026-06-29T00:15:34.262201,haute
BJ-EBF656B8,Production Textile Manufacture Ouidah,Industrie & Manufacture,Ouidah,+229 55 28 34 65,production.textile.manufacture.ouidah@production.textile.manufacture.ouidah.benin,,PME (10-50),B2B,Facebook Pages,,Actif,2026-06-29T00:15:34.262212,moyenne
BJ-0D4F0577,Métal SA,Industrie & Manufacture,Savalou,+229 27 65 28 66,,métalsa.bj,PME (10-50),B2B,Facebook Pages,,Actif,2026-06-29T00:15:34.262229,moyenne
BJ-5F72555C,Plastique Factory,Industrie & Manufacture,Savalou,+229 21 96 35 36,plastique.factory@plastique.factory.org,,TPE (<10),B2B,Facebook Pages,,Actif,2026-06-29T00:15:34.262244,moyenne
BJ-F345C43B,Production Bois Industry,Industrie & Manufacture,Savalou,+229 58 40 61 99,production.bois.industry@production.bois.industry.benin,productionboisindustry.bj,PME (50-200),B2B,Facebook Pages,,Actif,2026-06-29T00:15:34.262256,haute
BJ-6706F1D7,Manufacture Production Bénin,Industrie & Manufacture,Savalou,+229 97 65 58 58,,,PME (10-50),B2B,Facebook Pages,,Actif,2026-06-29T00:15:34.262266,basse
BJ-4AE14DB8,Atelier Production Manufacture,Industrie & Manufacture,Savalou,+229 48 50 93 81,atelier.production.manufacture@atelier.production.manufacture.bj,,PME (10-50),B2B,Facebook Pages,,Actif,2026-06-29T00:15:34.262281,moyenne
BJ-5CE04E69,Alimentaire Industry,Industrie & Manufacture,Dassa-Zoumè,+229 31 66 11 96,alimentaire.industry@alimentaire.industry.benin,,PME (50-200),B2B,Facebook Pages,,Actif,2026-06-29T00:15:34.262309,moyenne
BJ-EE782C8C,Fabrique Métal SA,Industrie & Manufacture,Dassa-Zoumè,+229 24 62 63 69,,fabriquemétalsa.bj,Grande (>200),B2B,Facebook Pages,,Actif,2026-06-29T00:15:34.262320,moyenne
BJ-40BC6BE5,Mécanique,Industrie & Manufacture,Dassa-Zoumè,+229 45 26 25 56,,mécanique.bj,PME (10-50),B2B,Facebook Pages,,Actif,2026-06-29T00:15:34.262331,moyenne
BJ-FD8D09E3,Textile Groupe,Industrie & Manufacture,Dassa-Zoumè,+229 73 54 97 53,textile.groupe@textile.groupe.org,textilegroupe.bj,TPE (<10),B2B,Facebook Pages,,Actif,2026-06-29T00:15:34.262343,haute
BJ-88309593,Usine Chimie,Industrie & Manufacture,Kétou,+229 61 57 15 72,usine.chimie@usine.chimie.bj,,PME (50-200),B2B,Facebook Pages,,Actif,2026-06-29T00:15:34.262359,moyenne
BJ-88EC416B,Fabrication,Industrie & Manufacture,Kétou,+229 23 53 71 30,,fabrication.bj,TPE (<10),B2B,Facebook Pages,,Actif,2026-06-29T00:15:34.262373,moyenne
BJ-059243ED,Usine Transformation Manufacture Kétou,Industrie & Manufacture,Kétou,+229 54 66 26 82,usine.transformation.manufacture.kétou@usine.transformation.manufacture.kétou.bj,,TPE (<10),B2B,Facebook Pages,,Actif,2026-06-29T00:15:34.262385,moyenne
BJ-BCB2CB20,Usine Chimie Manufacture,Industrie & Manufacture,Kétou,+229 65 95 41 35,usine.chimie.manufacture@usine.chimie.manufacture.net,,PME (50-200),B2B,Facebook Pages,,Actif,2026-06-29T00:15:34.262396,moyenne
BJ-2FBE544A,Fabrique Fabrication,Industrie & Manufacture,Kétou,+229 46 76 39 24,fabrique.fabrication@fabrique.fabrication.net,,PME (50-200),B2B,Facebook Pages,,Actif,2026-06-29T00:15:34.262407,moyenne
BJ-B6D0CDE1,Chimie SA,Industrie & Manufacture,Covè,+229 86 13 13 34,chimie.sa@chimie.sa.org,chimiesa.bj,PME (50-200),B2B,Facebook Pages,,Actif,2026-06-29T00:15:34.262424,haute
BJ-18050E07,Production Manufacture Covè,Industrie & Manufacture,Covè,+229 56 21 98 90,production.manufacture.covè@production.manufacture.covè.com,,TPE (<10),B2B,Facebook Pages,,Actif,2026-06-29T00:15:34.262446,moyenne
BJ-AEF7FAF0,Usine Pharmaceutique,Industrie & Manufacture,Covè,+229 82 63 31 53,usine.pharmaceutique@usine.pharmaceutique.com,usinepharmaceutique.bj,TPE (<10),B2B,Facebook Pages,,Actif,2026-06-29T00:15:34.262457,haute
BJ-D30FD0D1,Usine Bois Industry Covè,Industrie & Manufacture,Covè,+229 97 84 75 56,usine.bois.industry.covè@usine.bois.industry.covè.bj,usineboisindustrycovè.bj,TPE (<10),B2B,Facebook Pages,,Actif,2026-06-29T00:15:34.262470,haute
BJ-471703FD,Fabrique Pharmaceutique Industry,Industrie & Manufacture,Pobè,+229 60 15 24 74,fabrique.pharmaceutique.industry@fabrique.pharmaceutique.industry.net,,PME (10-50),B2B,Facebook Pages,,Actif,2026-06-29T00:15:34.262512,moyenne
BJ-31F03103,Manufacture Bois SA,Industrie & Manufacture,Pobè,+229 81 86 29 33,manufacture.bois.sa@manufacture.bois.sa.benin,manufactureboissa.bj,PME (50-200),B2B,Facebook Pages,,Actif,2026-06-29T00:15:34.262536,haute
BJ-902B6F77,Mécanique Bénin,Industrie & Manufacture,Pobè,+229 83 35 40 46,,mécaniquebénin.bj,PME (50-200),B2B,Facebook Pages,,Actif,2026-06-29T00:15:34.262547,moyenne
BJ-985675B2,Chimie Bénin,Industrie & Manufacture,Sakété,+229 35 93 76 87,chimie.bénin@chimie.bénin.bj,,TPE (<10),B2B,Facebook Pages,,Actif,2026-06-29T00:15:34.262565,moyenne
BJ-0DF95B28,Automobile Sakété,Industrie & Manufacture,Sakété,+229 77 92 16 25,automobile.sakété@automobile.sakété.net,,PME (10-50),B2B,Facebook Pages,,Actif,2026-06-29T00:15:34.262577,moyenne
BJ-30401BD5,Automobile SARL,Industrie & Manufacture,Sakété,+229 52 37 62 99,,automobilesarl.bj,TPE (<10),B2B,Facebook Pages,,Actif,2026-06-29T00:15:34.262588,moyenne
BJ-A919ABAB,Chimie,Industrie & Manufacture,Sakété,+229 75 36 36 69,,chimie.bj,PME (50-200),B2B,Facebook Pages,,Actif,2026-06-29T00:15:34.262599,moyenne
BJ-F7E473ED,Industrie Électronique Groupe,Industrie & Manufacture,Sakété,+229 45 60 76 42,industrie.électronique.groupe@industrie.électronique.groupe.org,,PME (10-50),B2B,Facebook Pages,,Actif,2026-06-29T00:15:34.262611,moyenne
BJ-C679F33B,Bois SA,Industrie & Manufacture,Adjara,+229 24 41 62 29,,,PME (10-50),B2B,Facebook Pages,,Actif,2026-06-29T00:15:34.262626,basse
BJ-528F853A,Manufacture Électronique Groupe,Industrie & Manufacture,Adjara,+229 82 66 50 66,manufacture.électronique.groupe@manufacture.électronique.groupe.benin,,TPE (<10),B2B,Facebook Pages,,Actif,2026-06-29T00:15:34.262641,moyenne
BJ-20FD240D,Mécanique Manufacture,Industrie & Manufacture,Adjara,+229 74 87 55 46,,mécaniquemanufacture.bj,PME (10-50),B2B,Facebook Pages,,Actif,2026-06-29T00:15:34.262671,moyenne
BJ-8AA9D960,Alimentaire Bénin,Industrie & Manufacture,Adjara,+229 65 72 75 53,alimentaire.bénin@alimentaire.bénin.benin,,PME (50-200),B2B,Facebook Pages,,Actif,2026-06-29T00:15:34.262683,moyenne
BJ-7E321E87,Chimie SARL,Industrie & Manufacture,Adjara,+229 23 57 89 17,chimie.sarl@chimie.sarl.benin,,Grande (>200),B2B,Facebook Pages,,Actif,2026-06-29T00:15:34.262694,moyenne
BJ-709DDEAD,Manufacture Plastique Allada,Industrie & Manufacture,Allada,+229 23 92 17 54,manufacture.plastique.allada@manufacture.plastique.allada.net,manufactureplastiqueallada.bj,PME (10-50),B2B,Facebook Pages,,Actif,2026-06-29T00:15:34.262725,haute
BJ-23E74BAE,Production Textile,Industrie & Manufacture,Allada,+229 83 25 43 10,,,PME (10-50),B2B,Facebook Pages,,Actif,2026-06-29T00:15:34.262735,basse
BJ-B6F77440,Chimie Africa Allada,Industrie & Manufacture,Allada,+229 26 16 83 19,chimie.africa.allada@chimie.africa.allada.org,,PME (50-200),B2B,Facebook Pages,,Actif,2026-06-29T00:15:34.262749,moyenne
BJ-0C373DD8,Industrie Bois Africa,Industrie & Manufacture,Allada,+229 82 41 44 48,industrie.bois.africa@industrie.bois.africa.bj,,PME (10-50),B2B,Facebook Pages,,Actif,2026-06-29T00:15:34.262760,moyenne
BJ-10F1B2D7,Production Plastique,Industrie & Manufacture,Allada,+229 38 12 29 46,,,PME (50-200),B2B,Facebook Pages,,Actif,2026-06-29T00:15:34.262769,basse
BJ-F8439930,Plastique Bénin,Industrie & Manufacture,Aplahoué,+229 61 26 42 73,plastique.bénin@plastique.bénin.benin,plastiquebénin.bj,TPE (<10),B2B,Facebook Pages,,Actif,2026-06-29T00:15:34.262786,haute
BJ-E4757EEE,Chimie,Industrie & Manufacture,Aplahoué,+229 68 90 21 47,chimie@chimie.org,,TPE (<10),B2B,Facebook Pages,,Actif,2026-06-29T00:15:34.262800,moyenne
BJ-8D22552E,Fabrique Mécanique,Industrie & Manufacture,Aplahoué,+229 41 74 78 39,,,PME (50-200),B2B,Facebook Pages,,Actif,2026-06-29T00:15:34.262811,basse
BJ-7B69E7C7,Métal SA,Industrie & Manufacture,Aplahoué,+229 47 35 89 38,métal.sa@métal.sa.org,,PME (50-200),B2B,Facebook Pages,,Actif,2026-06-29T00:15:34.262823,moyenne
BJ-06F89946,Production Manufacture,Industrie & Manufacture,Dogbo-Tota,+229 83 57 55 85,production.manufacture@production.manufacture.bj,,TPE (<10),B2B,Facebook Pages,,Actif,2026-06-29T00:15:34.262851,moyenne
BJ-95179854,Textile,Industrie & Manufacture,Dogbo-Tota,+229 42 35 57 73,,,PME (50-200),B2B,Facebook Pages,,Actif,2026-06-29T00:15:34.262861,basse
BJ-69AB9BFE,Automobile Bénin,Industrie & Manufacture,Dogbo-Tota,+229 90 99 80 52,,,TPE (<10),B2B,Facebook Pages,,Actif,2026-06-29T00:15:34.262874,basse
BJ-3F566A6D,Atelier Plastique Dogbo-Tota,Industrie & Manufacture,Dogbo-Tota,+229 33 57 82 47,atelier.plastique.dogbotota@atelier.plastique.dogbotota.benin,,PME (50-200),B2B,Facebook Pages,,Actif,2026-06-29T00:15:34.262886,moyenne
BJ-77BBF7A6,Électronique Groupe,Industrie & Manufacture,Dogbo-Tota,+229 69 24 32 80,électronique.groupe@électronique.groupe.com,électroniquegroupe.bj,Grande (>200),B2B,Facebook Pages,,Actif,2026-06-29T00:15:34.262932,haute
BJ-364447F1,Électronique,Industrie & Manufacture,Kpomassè,+229 86 24 29 26,électronique@électronique.com,,TPE (<10),B2B,Facebook Pages,,Actif,2026-06-29T00:15:34.262984,moyenne
BJ-5A3D2D0E,Alimentaire Africa,Industrie & Manufacture,Kpomassè,+229 42 72 21 47,alimentaire.africa@alimentaire.africa.com,,PME (10-50),B2B,Facebook Pages,,Actif,2026-06-29T00:15:34.263012,moyenne
BJ-81D5EE78,Manufacture Chimie Factory Kpomassè,Industrie & Manufacture,Kpomassè,+229 32 36 85 90,manufacture.chimie.factory.kpomassè@manufacture.chimie.factory.kpomassè.net,,TPE (<10),B2B,Facebook Pages,,Actif,2026-06-29T00:15:34.263039,moyenne
BJ-C6AF2140,Bois Groupe,Industrie & Manufacture,Kpomassè,+229 75 99 49 46,bois.groupe@bois.groupe.bj,boisgroupe.bj,Grande (>200),B2B,Facebook Pages,,Actif,2026-06-29T00:15:34.263068,haute
BJ-C5B65B5D,Fabrique Chimie Manufacture,Industrie & Manufacture,Kpomassè,+229 75 48 57 42,fabrique.chimie.manufacture@fabrique.chimie.manufacture.bj,,TPE (<10),B2B,Facebook Pages,,Actif,2026-06-29T00:15:34.263095,moyenne
BJ-80C77B27,Fabrique Fabrication SA,Industrie & Manufacture,Tori-Bossito,+229 43 87 11 97,fabrique.fabrication.sa@fabrique.fabrication.sa.net,,PME (10-50),B2B,Facebook Pages,,Actif,2026-06-29T00:15:34.263157,moyenne
BJ-0D6C62E2,Production Bois Bénin Tori-Bossito,Industrie & Manufacture,Tori-Bossito,+229 94 32 95 54,production.bois.bénin.toribossito@production.bois.bénin.toribossito.benin,,PME (10-50),B2B,Facebook Pages,,Actif,2026-06-29T00:15:34.263189,moyenne
BJ-E681B76A,Manufacture Chimie,Industrie & Manufacture,Tori-Bossito,+229 53 84 72 28,,,PME (10-50),B2B,Facebook Pages,,Actif,2026-06-29T00:15:34.263272,basse
BJ-5114FD13,Usine Alimentaire Industry,Industrie & Manufacture,Grand-Popo,+229 87 71 28 78,usine.alimentaire.industry@usine.alimentaire.industry.net,,PME (10-50),B2B,Facebook Pages,,Actif,2026-06-29T00:15:34.263303,moyenne
BJ-408C4541,Usine Bois Industry,Industrie & Manufacture,Grand-Popo,+229 54 68 28 91,,usineboisindustry.bj,PME (10-50),B2B,Facebook Pages,,Actif,2026-06-29T00:15:34.263320,moyenne
BJ-B7A73E8D,Textile Africa,Industrie & Manufacture,Grand-Popo,+229 48 10 99 81,textile.africa@textile.africa.com,,TPE (<10),B2B,Facebook Pages,,Actif,2026-06-29T00:15:34.263333,moyenne
BJ-47F664BF,Métal SA,Industrie & Manufacture,Grand-Popo,+229 66 51 58 75,métal.sa@métal.sa.com,,TPE (<10),B2B,Facebook Pages,,Actif,2026-06-29T00:15:34.263346,moyenne
BJ-B2302F18,Usine Production Groupe,Industrie & Manufacture,Grand-Popo,+229 53 95 38 83,usine.production.groupe@usine.production.groupe.bj,usineproductiongroupe.bj,Grande (>200),B2B,Facebook Pages,,Actif,2026-06-29T00:15:34.263358,haute
BJ-C3AEC40A,Usine Mécanique Africa,Industrie & Manufacture,Athiémé,+229 98 34 50 89,usine.mécanique.africa@usine.mécanique.africa.org,,TPE (<10),B2B,Facebook Pages,,Actif,2026-06-29T00:15:34.263376,moyenne
BJ-4EF371F9,Transformation Factory Athiémé,Industrie & Manufacture,Athiémé,+229 68 59 40 93,,transformationfactoryathiémé.bj,PME (50-200),B2B,Facebook Pages,,Actif,2026-06-29T00:15:34.263405,moyenne
BJ-F36CF0AF,Usine Production Athiémé,Industrie & Manufacture,Athiémé,+229 98 59 14 86,usine.production.athiémé@usine.production.athiémé.com,,TPE (<10),B2B,Facebook Pages,,Actif,2026-06-29T00:15:34.263417,moyenne
BJ-1FCF986B,Production Production Athiémé,Industrie & Manufacture,Athiémé,+229 80 71 93 12,,,PME (10-50),B2B,Facebook Pages,,Actif,2026-06-29T00:15:34.263427,basse
BJ-D428AC22,Fabrication SARL Bopa,Industrie & Manufacture,Bopa,+229 61 22 60 89,fabrication.sarl.bopa@fabrication.sarl.bopa.com,fabricationsarlbopa.bj,PME (10-50),B2B,Facebook Pages,,Actif,2026-06-29T00:15:34.263457,haute
BJ-87CF84F9,Atelier Textile,Industrie & Manufacture,Bopa,+229 62 46 55 25,atelier.textile@atelier.textile.bj,ateliertextile.bj,PME (10-50),B2B,Facebook Pages,,Actif,2026-06-29T00:15:34.263475,haute
BJ-8E59151C,Manufacture Chimie Bopa,Industrie & Manufacture,Bopa,+229 53 21 44 28,,,TPE (<10),B2B,Facebook Pages,,Actif,2026-06-29T00:15:34.263486,basse
BJ-64F8E46F,Transformation Factory Bopa,Industrie & Manufacture,Bopa,+229 81 78 15 80,transformation.factory.bopa@transformation.factory.bopa.org,,TPE (<10),B2B,Facebook Pages,,Actif,2026-06-29T00:15:34.263497,moyenne
BJ-1B23B945,Bois Manufacture Bopa,Industrie & Manufacture,Bopa,+229 40 74 65 61,,boismanufacturebopa.bj,TPE (<10),B2B,Facebook Pages,,Actif,2026-06-29T00:15:34.263508,moyenne
BJ-91B60CD7,Fabrique Bois Africa Houéyogbé,Industrie & Manufacture,Houéyogbé,+229 52 39 21 29,fabrique.bois.africa.houéyogbé@fabrique.bois.africa.houéyogbé.com,fabriqueboisafricahouéyogbé.bj,Grande (>200),B2B,Facebook Pages,,Actif,2026-06-29T00:15:34.263526,haute
BJ-791AF78F,Métal SA Houéyogbé,Industrie & Manufacture,Houéyogbé,+229 48 33 25 74,métal.sa.houéyogbé@métal.sa.houéyogbé.com,,PME (10-50),B2B,Facebook Pages,,Actif,2026-06-29T00:15:34.263542,moyenne
BJ-B016EA6E,Production Automobile,Industrie & Manufacture,Houéyogbé,+229 87 64 64 92,production.automobile@production.automobile.org,,TPE (<10),B2B,Facebook Pages,,Actif,2026-06-29T00:15:34.263579,moyenne
BJ-BB859FBC,Métal Factory,Industrie & Manufacture,Malanville,+229 63 13 36 60,,métalfactory.bj,TPE (<10),B2B,Facebook Pages,,Actif,2026-06-29T00:15:34.263626,moyenne
BJ-766B2962,Mécanique,Industrie & Manufacture,Malanville,+229 85 95 25 58,mécanique@mécanique.benin,mécanique.bj,PME (10-50),B2B,Facebook Pages,,Actif,2026-06-29T00:15:34.263639,haute
BJ-507D5584,Atelier Production Manufacture,Industrie & Manufacture,Malanville,+229 40 38 59 90,atelier.production.manufacture@atelier.production.manufacture.org,,Grande (>200),B2B,Facebook Pages,,Actif,2026-06-29T00:15:34.263651,moyenne
BJ-B6F1A4E5,Atelier Mécanique,Industrie & Manufacture,Malanville,+229 32 67 50 96,atelier.mécanique@atelier.mécanique.org,ateliermécanique.bj,TPE (<10),B2B,Facebook Pages,,Actif,2026-06-29T00:15:34.263663,haute
BJ-AD9B1A7B,Chimie SARL,Industrie & Manufacture,Kandi,+229 96 64 93 49,,,PME (10-50),B2B,Facebook Pages,,Actif,2026-06-29T00:15:34.263683,basse
BJ-DAEF5475,Électronique,Industrie & Manufacture,Kandi,+229 81 13 71 99,,,TPE (<10),B2B,Facebook Pages,,Actif,2026-06-29T00:15:34.263694,basse
BJ-27ADD341,Manufacture Automobile Groupe,Industrie & Manufacture,Kandi,+229 62 38 88 50,manufacture.automobile.groupe@manufacture.automobile.groupe.bj,,PME (50-200),B2B,Facebook Pages,,Actif,2026-06-29T00:15:34.263705,moyenne
BJ-978189B8,Métal,Industrie & Manufacture,Kandi,+229 48 44 74 69,métal@métal.org,métal.bj,PME (50-200),B2B,Facebook Pages,,Actif,2026-06-29T00:15:34.263720,haute
BJ-EDD09884,Industrie Électronique Factory Kandi,Industrie & Manufacture,Kandi,+229 97 93 76 74,industrie.électronique.factory.kandi@industrie.électronique.factory.kandi.com,,PME (50-200),B2B,Facebook Pages,,Actif,2026-06-29T00:15:34.263733,moyenne
BJ-FE079C0F,Fabrique Plastique Banikoara,Industrie & Manufacture,Banikoara,+229 65 62 42 67,fabrique.plastique.banikoara@fabrique.plastique.banikoara.bj,fabriqueplastiquebanikoara.bj,TPE (<10),B2B,Facebook Pages,,Actif,2026-06-29T00:15:34.263751,haute
BJ-5D2BBC77,Production Banikoara,Industrie & Manufacture,Banikoara,+229 91 77 84 99,,productionbanikoara.bj,TPE (<10),B2B,Facebook Pages,,Actif,2026-06-29T00:15:34.263778,moyenne
BJ-F6E0E267,Électronique Industry Banikoara,Industrie & Manufacture,Banikoara,+229 64 89 28 54,,,TPE (<10),B2B,Facebook Pages,,Actif,2026-06-29T00:15:34.263820,basse
BJ-FB148728,Industrie Textile,Industrie & Manufacture,Banikoara,+229 42 34 27 71,industrie.textile@industrie.textile.bj,industrietextile.bj,Grande (>200),B2B,Facebook Pages,,Actif,2026-06-29T00:15:34.263847,haute
BJ-58F0D7D3,Production,Industrie & Manufacture,Banikoara,+229 49 36 64 18,production@production.benin,,TPE (<10),B2B,Facebook Pages,,Actif,2026-06-29T00:15:34.263887,moyenne
BJ-DEE8E279,Pharmaceutique SARL,Industrie & Manufacture,Ségbana,+229 89 33 44 95,pharmaceutique.sarl@pharmaceutique.sarl.org,,PME (50-200),B2B,Facebook Pages,,Actif,2026-06-29T00:15:34.263941,moyenne
BJ-25C36989,Industrie Pharmaceutique Groupe,Industrie & Manufacture,Ségbana,+229 28 81 97 67,,industriepharmaceutiquegroupe.bj,PME (10-50),B2B,Facebook Pages,,Actif,2026-06-29T00:15:34.263954,moyenne
BJ-0B00123F,Usine Plastique,Industrie & Manufacture,Ségbana,+229 56 83 82 60,usine.plastique@usine.plastique.com,,Grande (>200),B2B,Facebook Pages,,Actif,2026-06-29T00:15:34.263966,moyenne
BJ-34664B8A,Textile,Industrie & Manufacture,Ségbana,+229 92 27 85 92,textile@textile.net,,TPE (<10),B2B,Facebook Pages,,Actif,2026-06-29T00:15:34.263978,moyenne
BJ-427BEC50,Industrie Plastique Bénin,Industrie & Manufacture,Karimama,+229 97 95 44 44,,,Grande (>200),B2B,Facebook Pages,,Actif,2026-06-29T00:15:34.264032,basse
BJ-1DEB937F,Atelier Textile Manufacture,Industrie & Manufacture,Karimama,+229 28 38 17 38,,,TPE (<10),B2B,Facebook Pages,,Actif,2026-06-29T00:15:34.264045,basse
BJ-E6FA8D2C,Manufacture Bois,Industrie & Manufacture,Karimama,+229 38 62 57 61,manufacture.bois@manufacture.bois.net,manufacturebois.bj,TPE (<10),B2B,Facebook Pages,,Actif,2026-06-29T00:15:34.264060,haute
BJ-33405567,Bois,Industrie & Manufacture,Gogounou,+229 50 55 55 76,,bois.bj,PME (50-200),B2B,Facebook Pages,,Actif,2026-06-29T00:15:34.264077,moyenne
BJ-468C7A57,Usine Plastique,Industrie & Manufacture,Gogounou,+229 98 88 29 23,usine.plastique@usine.plastique.bj,,PME (50-200),B2B,Facebook Pages,,Actif,2026-06-29T00:15:34.264088,moyenne
BJ-055BE97F,Mécanique,Industrie & Manufacture,Gogounou,+229 35 16 64 40,,mécanique.bj,TPE (<10),B2B,Facebook Pages,,Actif,2026-06-29T00:15:34.264099,moyenne
BJ-0EDB692C,Fabrique Électronique SA Gogounou,Industrie & Manufacture,Gogounou,+229 73 73 63 34,,,TPE (<10),B2B,Facebook Pages,,Actif,2026-06-29T00:15:34.264128,basse
BJ-5EE10FA9,Industrie Métal Industry,Industrie & Manufacture,Gogounou,+229 40 45 16 15,,industriemétalindustry.bj,TPE (<10),B2B,Facebook Pages,,Actif,2026-06-29T00:15:34.264154,moyenne
BJ-73E60824,Chimie,Industrie & Manufacture,Cobly,+229 23 21 93 43,,,PME (50-200),B2B,Facebook Pages,,Actif,2026-06-29T00:15:34.264171,basse
BJ-6BF2BAE3,Bois,Industrie & Manufacture,Cobly,+229 57 10 78 28,,bois.bj,PME (50-200),B2B,Facebook Pages,,Actif,2026-06-29T00:15:34.264184,moyenne
BJ-62B90E21,Transformation,Industrie & Manufacture,Cobly,+229 20 27 62 10,,,Grande (>200),B2B,Facebook Pages,,Actif,2026-06-29T00:15:34.264195,basse
BJ-805390A4,Métal,Industrie & Manufacture,Cobly,+229 72 23 33 14,métal@métal.org,métal.bj,PME (10-50),B2B,Facebook Pages,,Actif,2026-06-29T00:15:34.264207,haute
BJ-7AE388BD,Fabrication Industry,Industrie & Manufacture,Cobly,+229 32 83 60 98,,,TPE (<10),B2B,Facebook Pages,,Actif,2026-06-29T00:15:34.264230,basse
BJ-8F1997E6,Manufacture Électronique Bénin,Industrie & Manufacture,Tanguiéta,+229 67 77 98 59,manufacture.électronique.bénin@manufacture.électronique.bénin.net,,PME (10-50),B2B,Facebook Pages,,Actif,2026-06-29T00:15:34.264248,moyenne
BJ-F695C7A5,Textile,Industrie & Manufacture,Tanguiéta,+229 40 49 65 81,textile@textile.net,textile.bj,Grande (>200),B2B,Facebook Pages,,Actif,2026-06-29T00:15:34.264261,haute
BJ-DE880DB0,Plastique Industry Tanguiéta,Industrie & Manufacture,Tanguiéta,+229 45 81 28 37,plastique.industry.tanguiéta@plastique.industry.tanguiéta.com,,TPE (<10),B2B,Facebook Pages,,Actif,2026-06-29T00:15:34.264273,moyenne
BJ-9A594922,Fabrique Métal Industry,Industrie & Manufacture,Tanguiéta,+229 37 24 43 44,,,TPE (<10),B2B,Facebook Pages,,Actif,2026-06-29T00:15:34.264283,basse
BJ-7A138B36,Usine Transformation Manufacture,Industrie & Manufacture,Tanguiéta,+229 57 72 19 47,usine.transformation.manufacture@usine.transformation.manufacture.bj,,Grande (>200),B2B,Facebook Pages,,Actif,2026-06-29T00:15:34.264294,moyenne
BJ-6B3CC076,Atelier Textile,Industrie & Manufacture,Matéri,+229 96 26 91 91,atelier.textile@atelier.textile.net,ateliertextile.bj,PME (10-50),B2B,Facebook Pages,,Actif,2026-06-29T00:15:34.264311,haute
BJ-38791C63,Manufacture Textile,Industrie & Manufacture,Matéri,+229 90 50 79 14,,,PME (10-50),B2B,Facebook Pages,,Actif,2026-06-29T00:15:34.264324,basse
BJ-5FF51912,Usine Automobile Groupe,Industrie & Manufacture,Matéri,+229 90 19 35 45,usine.automobile.groupe@usine.automobile.groupe.benin,usineautomobilegroupe.bj,Grande (>200),B2B,Facebook Pages,,Actif,2026-06-29T00:15:34.264339,haute
BJ-7ED8644C,Atelier Automobile,Industrie & Manufacture,Matéri,+229 36 66 60 91,,atelierautomobile.bj,PME (10-50),B2B,Facebook Pages,,Actif,2026-06-29T00:15:34.264349,moyenne
BJ-265998E9,Production Matéri,Industrie & Manufacture,Matéri,+229 55 74 96 23,,productionmatéri.bj,PME (10-50),B2B,Facebook Pages,,Actif,2026-06-29T00:15:34.264360,moyenne
BJ-3618E2B3,Industrie Plastique Natitingou,Industrie & Manufacture,Natitingou,+229 49 11 44 85,industrie.plastique.natitingou@industrie.plastique.natitingou.net,,PME (10-50),B2B,Facebook Pages,,Actif,2026-06-29T00:15:34.264377,moyenne
BJ-C0D5EF66,Industrie Chimie,Industrie & Manufacture,Natitingou,+229 98 48 83 39,,industriechimie.bj,TPE (<10),B2B,Facebook Pages,,Actif,2026-06-29T00:15:34.264388,moyenne
BJ-4269C3F8,Mécanique Bénin,Industrie & Manufacture,Natitingou,+229 72 40 92 59,,mécaniquebénin.bj,PME (10-50),B2B,Facebook Pages,,Actif,2026-06-29T00:15:34.264399,moyenne
BJ-25174B62,Métal SARL,Industrie & Manufacture,Natitingou,+229 28 83 62 19,,métalsarl.bj,TPE (<10),B2B,Facebook Pages,,Actif,2026-06-29T00:15:34.264410,moyenne
BJ-0488420E,Production Factory,Industrie & Manufacture,Natitingou,+229 21 48 92 47,,productionfactory.bj,Grande (>200),B2B,Facebook Pages,,Actif,2026-06-29T00:15:34.264421,moyenne
BJ-C3CC780E,Mécanique SARL,Industrie & Manufacture,Toucountouna,+229 33 73 45 43,,mécaniquesarl.bj,PME (10-50),B2B,Facebook Pages,,Actif,2026-06-29T00:15:34.264441,moyenne
BJ-45CB3020,Alimentaire Toucountouna,Industrie & Manufacture,Toucountouna,+229 81 88 65 18,alimentaire.toucountouna@alimentaire.toucountouna.benin,,TPE (<10),B2B,Facebook Pages,,Actif,2026-06-29T00:15:34.264456,moyenne
BJ-7ACF5743,Production,Industrie & Manufacture,Toucountouna,+229 29 90 50 74,,production.bj,PME (10-50),B2B,Facebook Pages,,Actif,2026-06-29T00:15:34.264467,moyenne
BJ-9EC529F6,Industrie Mécanique,Industrie & Manufacture,Toucountouna,+229 60 93 73 38,,industriemécanique.bj,TPE (<10),B2B,Facebook Pages,,Actif,2026-06-29T00:15:34.264478,moyenne
BJ-1D593032,Production Factory,Industrie & Manufacture,Toucountouna,+229 83 20 78 68,production.factory@production.factory.bj,productionfactory.bj,TPE (<10),B2B,Facebook Pages,,Actif,2026-06-29T00:15:34.264490,haute
BJ-F7C8B667,Production Électronique Factory,Industrie & Manufacture,Boukoumbé,+229 80 46 23 16,production.électronique.factory@production.électronique.factory.bj,,TPE (<10),B2B,Facebook Pages,,Actif,2026-06-29T00:15:34.264507,moyenne
BJ-F58F1F1A,Manufacture Chimie,Industrie & Manufacture,Boukoumbé,+229 76 91 65 95,manufacture.chimie@manufacture.chimie.bj,,TPE (<10),B2B,Facebook Pages,,Actif,2026-06-29T00:15:34.264520,moyenne
BJ-94E12382,Atelier Automobile SA Boukoumbé,Industrie & Manufacture,Boukoumbé,+229 71 53 83 78,,,PME (50-200),B2B,Facebook Pages,,Actif,2026-06-29T00:15:34.264530,basse
BJ-72325A63,Industrie Transformation Industry,Industrie & Manufacture,Boukoumbé,+229 25 10 27 66,,,PME (50-200),B2B,Facebook Pages,,Actif,2026-06-29T00:15:34.264540,basse
BJ-0F5BE0AA,Industrie Fabrication Bénin Boukoumbé,Industrie & Manufacture,Boukoumbé,+229 72 54 74 80,,industriefabricationbéninboukoumbé.bj,PME (10-50),B2B,Facebook Pages,,Actif,2026-06-29T00:15:34.264555,moyenne
BJ-F9BCA934,Production,Industrie & Manufacture,Kouandé,+229 24 42 94 25,,,TPE (<10),B2B,Facebook Pages,,Actif,2026-06-29T00:15:34.264571,basse
BJ-41F132B7,Pharmaceutique,Industrie & Manufacture,Kouandé,+229 50 32 76 29,pharmaceutique@pharmaceutique.bj,,TPE (<10),B2B,Facebook Pages,,Actif,2026-06-29T00:15:34.264586,moyenne
BJ-33016FDB,Textile Kouandé,Industrie & Manufacture,Kouandé,+229 85 94 39 43,textile.kouandé@textile.kouandé.benin,textilekouandé.bj,TPE (<10),B2B,Facebook Pages,,Actif,2026-06-29T00:15:34.264599,haute
BJ-CC15C39E,Chimie Africa,Industrie & Manufacture,Péhunco,+229 51 19 53 30,chimie.africa@chimie.africa.net,,TPE (<10),B2B,Facebook Pages,,Actif,2026-06-29T00:15:34.264638,moyenne
BJ-F66216FB,Pharmaceutique Péhunco,Industrie & Manufacture,Péhunco,+229 46 14 19 88,pharmaceutique.péhunco@pharmaceutique.péhunco.bj,,TPE (<10),B2B,Facebook Pages,,Actif,2026-06-29T00:15:34.264651,moyenne
BJ-14438040,Électronique,Industrie & Manufacture,Péhunco,+229 90 82 98 60,,,Grande (>200),B2B,Facebook Pages,,Actif,2026-06-29T00:15:34.264661,basse
BJ-BFAF7C32,Transformation Bénin,Industrie & Manufacture,Péhunco,+229 44 34 18 98,transformation.bénin@transformation.bénin.com,,PME (50-200),B2B,Facebook Pages,,Actif,2026-06-29T00:15:34.264672,moyenne
BJ-96790ECA,Production Textile,Industrie & Manufacture,Péhunco,+229 66 93 78 10,,productiontextile.bj,Grande (>200),B2B,Facebook Pages,,Actif,2026-06-29T00:15:34.264683,moyenne
BJ-B0003EB1,Bois Industry,Industrie & Manufacture,Tchaourou,+229 98 95 49 32,bois.industry@bois.industry.com,,TPE (<10),B2B,Facebook Pages,,Actif,2026-06-29T00:15:34.264699,moyenne
BJ-9B02AC84,Atelier Pharmaceutique,Industrie & Manufacture,Tchaourou,+229 23 86 41 56,,atelierpharmaceutique.bj,PME (10-50),B2B,Facebook Pages,,Actif,2026-06-29T00:15:34.264713,moyenne
BJ-6751A7D2,Fabrique Métal Africa,Industrie & Manufacture,Tchaourou,+229 86 29 43 13,fabrique.métal.africa@fabrique.métal.africa.org,fabriquemétalafrica.bj,TPE (<10),B2B,Facebook Pages,,Actif,2026-06-29T00:15:34.264727,haute
BJ-071336A3,Alimentaire Manufacture,Industrie & Manufacture,Tchaourou,+229 99 71 71 84,alimentaire.manufacture@alimentaire.manufacture.com,alimentairemanufacture.bj,TPE (<10),B2B,Facebook Pages,,Actif,2026-06-29T00:15:34.264739,haute
BJ-88080D5A,Plastique,Industrie & Manufacture,Tchaourou,+229 29 94 27 37,,,TPE (<10),B2B,Facebook Pages,,Actif,2026-06-29T00:15:34.264767,basse
BJ-3CEC96B8,Production Fabrication,Industrie & Manufacture,Nikki,+229 56 55 85 21,production.fabrication@production.fabrication.org,productionfabrication.bj,PME (10-50),B2B,Facebook Pages,,Actif,2026-06-29T00:15:34.264816,haute
BJ-9A3A5620,Usine Mécanique Groupe,Industrie & Manufacture,Nikki,+229 22 62 92 57,usine.mécanique.groupe@usine.mécanique.groupe.net,usinemécaniquegroupe.bj,PME (10-50),B2B,Facebook Pages,,Actif,2026-06-29T00:15:34.264854,haute
BJ-F4D0DC50,Mécanique Industry Nikki,Industrie & Manufacture,Nikki,+229 30 80 87 29,mécanique.industry.nikki@mécanique.industry.nikki.benin,,PME (50-200),B2B,Facebook Pages,,Actif,2026-06-29T00:15:34.264919,moyenne
BJ-1A3CF611,Électronique Africa,Industrie & Manufacture,Nikki,+229 50 51 92 10,électronique.africa@électronique.africa.bj,,PME (50-200),B2B,Facebook Pages,,Actif,2026-06-29T00:15:34.264947,moyenne
BJ-DDBF57EE,Production Manufacture,Industrie & Manufacture,Bembéréké,+229 74 75 84 79,production.manufacture@production.manufacture.bj,productionmanufacture.bj,PME (10-50),B2B,Facebook Pages,,Actif,2026-06-29T00:15:34.264990,haute
BJ-464651BA,Chimie SA,Industrie & Manufacture,Bembéréké,+229 87 74 96 33,chimie.sa@chimie.sa.org,chimiesa.bj,PME (50-200),B2B,Facebook Pages,,Actif,2026-06-29T00:15:34.265028,haute
BJ-5F7063A3,Électronique Bénin,Industrie & Manufacture,Bembéréké,+229 83 51 56 41,,,PME (50-200),B2B,Facebook Pages,,Actif,2026-06-29T00:15:34.265052,basse
BJ-FCFE6514,Usine Métal Groupe,Industrie & Manufacture,Bembéréké,+229 46 59 70 23,usine.métal.groupe@usine.métal.groupe.benin,usinemétalgroupe.bj,TPE (<10),B2B,Facebook Pages,,Actif,2026-06-29T00:15:34.265085,haute
BJ-63ECD086,Plastique Manufacture,Industrie & Manufacture,Bembéréké,+229 91 10 72 24,,,TPE (<10),B2B,Facebook Pages,,Actif,2026-06-29T00:15:34.265110,basse
BJ-C0930BFE,Manufacture Plastique SA Kalalé,Industrie & Manufacture,Kalalé,+229 41 98 79 37,,manufactureplastiquesakalalé.bj,PME (10-50),B2B,Facebook Pages,,Actif,2026-06-29T00:15:34.265148,moyenne
BJ-8E273C9A,Automobile,Industrie & Manufacture,Kalalé,+229 21 87 11 74,,,PME (50-200),B2B,Facebook Pages,,Actif,2026-06-29T00:15:34.265172,basse
BJ-CC92E155,Production Pharmaceutique Manufacture,Industrie & Manufacture,Kalalé,+229 22 47 38 33,production.pharmaceutique.manufacture@production.pharmaceutique.manufacture.org,,Grande (>200),B2B,Facebook Pages,,Actif,2026-06-29T00:15:34.265198,moyenne
BJ-1DF6C0B5,Transformation SA,Industrie & Manufacture,Kalalé,+229 45 40 67 14,,transformationsa.bj,PME (10-50),B2B,Facebook Pages,,Actif,2026-06-29T00:15:34.265224,moyenne
BJ-5B5BB44F,Industrie Bois Groupe,Industrie & Manufacture,Kalalé,+229 84 70 78 78,industrie.bois.groupe@industrie.bois.groupe.net,,PME (10-50),B2B,Facebook Pages,,Actif,2026-06-29T00:15:34.265251,moyenne
BJ-FE06DE49,Textile,Industrie & Manufacture,Ndali,+229 41 11 74 71,,,Grande (>200),B2B,Facebook Pages,,Actif,2026-06-29T00:15:34.265286,basse
BJ-55BAF180,Plastique Manufacture,Industrie & Manufacture,Ndali,+229 25 46 37 54,plastique.manufacture@plastique.manufacture.bj,plastiquemanufacture.bj,TPE (<10),B2B,Facebook Pages,,Actif,2026-06-29T00:15:34.265314,haute
BJ-1A36C125,Textile SA Ndali,Industrie & Manufacture,Ndali,+229 96 19 47 68,textile.sa.ndali@textile.sa.ndali.benin,textilesandali.bj,PME (10-50),B2B,Facebook Pages,,Actif,2026-06-29T00:15:34.265347,haute
BJ-19640649,Fabrique Automobile Industry,Industrie & Manufacture,Ndali,+229 98 96 88 65,fabrique.automobile.industry@fabrique.automobile.industry.net,fabriqueautomobileindustry.bj,PME (10-50),B2B,Facebook Pages,,Actif,2026-06-29T00:15:34.265388,haute
BJ-8CA4346D,Manufacture Fabrication Africa Ségbana,Industrie & Manufacture,Ségbana,+229 26 80 46 78,manufacture.fabrication.africa.ségbana@manufacture.fabrication.africa.ségbana.net,,PME (50-200),B2B,Facebook Pages,,Actif,2026-06-29T00:15:34.265411,moyenne
BJ-CF6D154D,Plastique,Industrie & Manufacture,Ségbana,+229 33 31 41 33,plastique@plastique.org,plastique.bj,PME (50-200),B2B,Facebook Pages,,Actif,2026-06-29T00:15:34.265425,haute
BJ-1A03F69E,Production Mécanique,Industrie & Manufacture,Ségbana,+229 68 86 51 50,,,PME (50-200),B2B,Facebook Pages,,Actif,2026-06-29T00:15:34.265451,basse
BJ-C0A8562F,Production Factory,Industrie & Manufacture,Ségbana,+229 81 74 24 75,production.factory@production.factory.net,productionfactory.bj,PME (50-200),B2B,Facebook Pages,,Actif,2026-06-29T00:15:34.265477,haute
BJ-01A4E57C,Atelier Bois Bénin,Industrie & Manufacture,Tchaourou,+229 78 42 82 54,atelier.bois.bénin@atelier.bois.bénin.benin,atelierboisbénin.bj,Grande (>200),B2B,Facebook Pages,,Actif,2026-06-29T00:15:34.265538,haute
BJ-AEBF9A24,Pharmaceutique Tchaourou,Industrie & Manufacture,Tchaourou,+229 87 29 26 12,,pharmaceutiquetchaourou.bj,PME (10-50),B2B,Facebook Pages,,Actif,2026-06-29T00:15:34.265574,moyenne
BJ-F6320DA7,Atelier Textile Groupe,Industrie & Manufacture,Tchaourou,+229 96 31 46 74,,ateliertextilegroupe.bj,TPE (<10),B2B,Facebook Pages,,Actif,2026-06-29T00:15:34.265601,moyenne
BJ-257FF63E,Alimentaire Tchaourou,Industrie & Manufacture,Tchaourou,+229 58 94 48 86,alimentaire.tchaourou@alimentaire.tchaourou.benin,alimentairetchaourou.bj,TPE (<10),B2B,Facebook Pages,,Actif,2026-06-29T00:15:34.265633,haute
BJ-AA68ABBC,Usine Textile Industry,Industrie & Manufacture,Tchaourou,+229 20 38 87 14,usine.textile.industry@usine.textile.industry.com,,PME (10-50),B2B,Facebook Pages,,Actif,2026-06-29T00:15:34.265656,moyenne
BJ-CC3B5A96,Atelier Automobile Bétérou,Industrie & Manufacture,Bétérou,+229 59 49 41 53,,atelierautomobilebétérou.bj,PME (10-50),B2B,Facebook Pages,,Actif,2026-06-29T00:15:34.265736,moyenne
BJ-C01B72CB,Bois,Industrie & Manufacture,Bétérou,+229 93 87 44 84,bois@bois.org,,PME (50-200),B2B,Facebook Pages,,Actif,2026-06-29T00:15:34.265792,moyenne
BJ-E9AC017E,Électronique Groupe,Industrie & Manufacture,Bétérou,+229 87 52 63 45,électronique.groupe@électronique.groupe.bj,,PME (10-50),B2B,Facebook Pages,,Actif,2026-06-29T00:15:34.265831,moyenne
BJ-716CE886,Fabrication Manufacture,Industrie & Manufacture,Ouessè,+229 75 10 99 21,,fabricationmanufacture.bj,TPE (<10),B2B,Facebook Pages,,Actif,2026-06-29T00:15:34.265930,moyenne
BJ-AF443A5A,Automobile Bénin Ouessè,Industrie & Manufacture,Ouessè,+229 27 36 38 20,automobile.bénin.ouessè@automobile.bénin.ouessè.net,,PME (10-50),B2B,Facebook Pages,,Actif,2026-06-29T00:15:34.265967,moyenne
BJ-8716CF40,Métal Factory,Industrie & Manufacture,Ouessè,+229 38 51 93 55,métal.factory@métal.factory.org,métalfactory.bj,Grande (>200),B2B,Facebook Pages,,Actif,2026-06-29T00:15:34.265996,haute
BJ-7008D470,Production Plastique,Industrie & Manufacture,Ouessè,+229 43 63 77 87,production.plastique@production.plastique.benin,productionplastique.bj,Grande (>200),B2B,Facebook Pages,,Actif,2026-06-29T00:15:34.266021,haute
BJ-E241473B,Fabrication SARL,Industrie & Manufacture,Ouessè,+229 51 41 31 26,fabrication.sarl@fabrication.sarl.benin,fabricationsarl.bj,PME (50-200),B2B,Facebook Pages,,Actif,2026-06-29T00:15:34.266051,haute
BJ-0079F895,Usine Fabrication,Industrie & Manufacture,Glazoué,+229 71 87 99 31,,,PME (10-50),B2B,Facebook Pages,,Actif,2026-06-29T00:15:34.266087,basse
BJ-91BB9342,Production Production,Industrie & Manufacture,Glazoué,+229 72 32 94 10,production.production@production.production.net,productionproduction.bj,PME (10-50),B2B,Facebook Pages,,Actif,2026-06-29T00:15:34.266114,haute
BJ-319E7D3F,Usine Bois,Industrie & Manufacture,Glazoué,+229 60 57 72 99,usine.bois@usine.bois.net,usinebois.bj,PME (50-200),B2B,Facebook Pages,,Actif,2026-06-29T00:15:34.266143,haute
BJ-35E44069,Fabrication Africa,Industrie & Manufacture,Glazoué,+229 96 35 46 57,,,PME (10-50),B2B,Facebook Pages,,Actif,2026-06-29T00:15:34.266169,basse
BJ-65DA9EC6,Industrie Textile Africa Glazoué,Industrie & Manufacture,Glazoué,+229 33 43 59 29,industrie.textile.africa.glazoué@industrie.textile.africa.glazoué.org,industrietextileafricaglazoué.bj,PME (10-50),B2B,Facebook Pages,,Actif,2026-06-29T00:15:34.266198,haute
BJ-FAE88CBA,Métal Africa Dassa-Zoumè,Industrie & Manufacture,Dassa-Zoumè,+229 67 82 77 92,métal.africa.dassazoumè@métal.africa.dassazoumè.com,métalafricadassazoumè.bj,PME (10-50),B2B,Facebook Pages,,Actif,2026-06-29T00:15:34.266233,haute
BJ-34960799,Usine Bois,Industrie & Manufacture,Dassa-Zoumè,+229 21 95 87 53,usine.bois@usine.bois.benin,usinebois.bj,PME (10-50),B2B,Facebook Pages,,Actif,2026-06-29T00:15:34.266261,haute
BJ-3885ED9F,Transformation Africa,Industrie & Manufacture,Dassa-Zoumè,+229 27 95 40 30,transformation.africa@transformation.africa.benin,,PME (10-50),B2B,Facebook Pages,,Actif,2026-06-29T00:15:34.266283,moyenne
BJ-76CC4922,Usine Chimie Groupe,Industrie & Manufacture,Dassa-Zoumè,+229 92 55 48 12,,,TPE (<10),B2B,Facebook Pages,,Actif,2026-06-29T00:15:34.266308,basse
BJ-293235ED,Manufacture Électronique Groupe Dassa-Zoumè,Industrie & Manufacture,Dassa-Zoumè,+229 66 54 14 11,,manufactureélectroniquegroupedassazoumè.bj,TPE (<10),B2B,Facebook Pages,,Actif,2026-06-29T00:15:34.266336,moyenne
BJ-EB7C43EF,Production Chimie SARL,Industrie & Manufacture,Savalou,+229 79 78 79 55,production.chimie.sarl@production.chimie.sarl.com,,TPE (<10),B2B,Facebook Pages,,Actif,2026-06-29T00:15:34.266406,moyenne
BJ-B117DAB8,Production Manufacture,Industrie & Manufacture,Savalou,+229 65 81 44 47,production.manufacture@production.manufacture.com,productionmanufacture.bj,TPE (<10),B2B,Facebook Pages,,Actif,2026-06-29T00:15:34.266425,haute
BJ-48DDD1A5,Pharmaceutique,Industrie & Manufacture,Savalou,+229 89 27 54 11,pharmaceutique@pharmaceutique.net,pharmaceutique.bj,PME (10-50),B2B,Facebook Pages,,Actif,2026-06-29T00:15:34.266446,haute
BJ-C1B09231,Automobile,Industrie & Manufacture,Bantè,+229 71 94 26 22,automobile@automobile.benin,,Grande (>200),B2B,Facebook Pages,,Actif,2026-06-29T00:15:34.266477,moyenne
BJ-82531BAD,Production Bénin,Industrie & Manufacture,Bantè,+229 26 78 80 83,,,PME (50-200),B2B,Facebook Pages,,Actif,2026-06-29T00:15:34.266505,basse
BJ-4A635C07,Mécanique Africa Bantè,Industrie & Manufacture,Bantè,+229 35 36 92 79,,,PME (50-200),B2B,Facebook Pages,,Actif,2026-06-29T00:15:34.266544,basse
BJ-1C7877BA,Électronique,Industrie & Manufacture,Bantè,+229 45 88 91 44,électronique@électronique.bj,électronique.bj,Grande (>200),B2B,Facebook Pages,,Actif,2026-06-29T00:15:34.266576,haute
BJ-0B3EC450,Industrie Mécanique,Industrie & Manufacture,Djougou,+229 77 75 77 94,industrie.mécanique@industrie.mécanique.net,industriemécanique.bj,PME (10-50),B2B,Facebook Pages,,Actif,2026-06-29T00:15:34.266649,haute
BJ-5909A39E,Fabrique Plastique,Industrie & Manufacture,Djougou,+229 24 84 52 58,,fabriqueplastique.bj,TPE (<10),B2B,Facebook Pages,,Actif,2026-06-29T00:15:34.266676,moyenne
BJ-B526C7C5,Manufacture Métal,Industrie & Manufacture,Djougou,+229 20 61 44 42,manufacture.métal@manufacture.métal.net,,PME (10-50),B2B,Facebook Pages,,Actif,2026-06-29T00:15:34.266705,moyenne
BJ-40384834,Métal Bénin,Industrie & Manufacture,Djougou,+229 32 39 32 93,,,PME (50-200),B2B,Facebook Pages,,Actif,2026-06-29T00:15:34.266733,basse
BJ-AE0C8F98,Automobile,Industrie & Manufacture,Djougou,+229 70 17 80 24,automobile@automobile.benin,,TPE (<10),B2B,Facebook Pages,,Actif,2026-06-29T00:15:34.266765,moyenne
BJ-E0C4A7AC,Mécanique Groupe,Industrie & Manufacture,Ouèssè,+229 48 94 51 84,,,PME (10-50),B2B,Facebook Pages,,Actif,2026-06-29T00:15:34.266806,basse
BJ-08635B2D,Fabrique Production Factory,Industrie & Manufacture,Ouèssè,+229 79 71 30 19,,fabriqueproductionfactory.bj,TPE (<10),B2B,Facebook Pages,,Actif,2026-06-29T00:15:34.266845,moyenne
BJ-71386B6B,Production Textile Ouèssè,Industrie & Manufacture,Ouèssè,+229 73 66 70 16,production.textile.ouèssè@production.textile.ouèssè.bj,,PME (50-200),B2B,Facebook Pages,,Actif,2026-06-29T00:15:34.266910,moyenne
BJ-69230764,Usine Automobile,Industrie & Manufacture,Ouèssè,+229 21 37 78 12,usine.automobile@usine.automobile.org,usineautomobile.bj,TPE (<10),B2B,Facebook Pages,,Actif,2026-06-29T00:15:34.266953,haute
BJ-AAE869C2,Usine Chimie SARL Ouèssè,Industrie & Manufacture,Ouèssè,+229 86 49 82 90,,usinechimiesarlouèssè.bj,PME (50-200),B2B,Facebook Pages,,Actif,2026-06-29T00:15:34.267039,moyenne
BJ-5EE08D9D,Usine Production SARL,Industrie & Manufacture,Bassila,+229 23 96 96 77,usine.production.sarl@usine.production.sarl.org,usineproductionsarl.bj,TPE (<10),B2B,Facebook Pages,,Actif,2026-06-29T00:15:34.267085,haute
BJ-2F1A7B28,Manufacture Électronique,Industrie & Manufacture,Bassila,+229 60 31 38 98,manufacture.électronique@manufacture.électronique.net,manufactureélectronique.bj,Grande (>200),B2B,Facebook Pages,,Actif,2026-06-29T00:15:34.267125,haute
BJ-2F14D75B,Électronique SARL,Industrie & Manufacture,Bassila,+229 28 44 92 15,,électroniquesarl.bj,PME (50-200),B2B,Facebook Pages,,Actif,2026-06-29T00:15:34.267155,moyenne
BJ-AFEBAFB8,Métal Factory,Industrie & Manufacture,Bassila,+229 87 19 90 49,,métalfactory.bj,PME (10-50),B2B,Facebook Pages,,Actif,2026-06-29T00:15:34.267176,moyenne
BJ-AD2C8F6A,Industrie Bois,Industrie & Manufacture,Bassila,+229 88 91 95 49,,,PME (10-50),B2B,Facebook Pages,,Actif,2026-06-29T00:15:34.267197,basse
BJ-1F5895EF,Production Industry,Industrie & Manufacture,Pehunco,+229 90 90 61 13,,productionindustry.bj,PME (10-50),B2B,Facebook Pages,,Actif,2026-06-29T00:15:34.267229,moyenne
BJ-44F7DB6B,Plastique SARL Pehunco,Industrie & Manufacture,Pehunco,+229 76 35 82 30,plastique.sarl.pehunco@plastique.sarl.pehunco.org,,TPE (<10),B2B,Facebook Pages,,Actif,2026-06-29T00:15:34.267261,moyenne
BJ-D7B7332B,Textile,Industrie & Manufacture,Pehunco,+229 57 99 75 27,,,PME (50-200),B2B,Facebook Pages,,Actif,2026-06-29T00:15:34.267281,basse
BJ-28B57C1F,Bois,Industrie & Manufacture,Pehunco,+229 34 97 37 79,bois@bois.benin,bois.bj,PME (50-200),B2B,Facebook Pages,,Actif,2026-06-29T00:15:34.267301,haute
BJ-A5015D0D,Manufacture Mécanique Groupe,Industrie & Manufacture,Pehunco,+229 60 12 43 56,,,PME (10-50),B2B,Facebook Pages,,Actif,2026-06-29T00:15:34.267322,basse
BJ-966BC803,Métal,Industrie & Manufacture,Copargo,+229 66 75 43 61,métal@métal.org,métal.bj,Grande (>200),B2B,Facebook Pages,,Actif,2026-06-29T00:15:34.267360,haute
BJ-4719D5EA,Chimie Groupe Copargo,Industrie & Manufacture,Copargo,+229 36 17 35 13,,chimiegroupecopargo.bj,TPE (<10),B2B,Facebook Pages,,Actif,2026-06-29T00:15:34.267402,moyenne
BJ-09952885,Bois SA Copargo,Industrie & Manufacture,Copargo,+229 26 44 70 15,bois.sa.copargo@bois.sa.copargo.net,,TPE (<10),B2B,Facebook Pages,,Actif,2026-06-29T00:15:34.267433,moyenne
BJ-9865617F,Communication Partners,Services aux entreprises,Cotonou,+229 25 22 21 67,communication.partners@communication.partners.org,,TPE (<10),B2B,Facebook Pages,,Actif,2026-06-29T00:15:34.267521,moyenne
BJ-6C2331A7,Consulting Consulting,Services aux entreprises,Cotonou,+229 29 35 59 11,consulting.consulting@consulting.consulting.bj,consultingconsulting.bj,PME (50-200),B2B,Facebook Pages,,Actif,2026-06-29T00:15:34.267559,haute
BJ-7096A9D8,Management,Services aux entreprises,Cotonou,+229 28 51 17 70,management@management.com,management.bj,TPE (<10),B2B,Facebook Pages,,Actif,2026-06-29T00:15:34.267583,haute
BJ-C440DCC9,Consulting Cotonou,Services aux entreprises,Cotonou,+229 62 62 49 78,consulting.cotonou@consulting.cotonou.com,consultingcotonou.bj,PME (10-50),B2B,Facebook Pages,,Actif,2026-06-29T00:15:34.267610,haute
BJ-AEB35020,Business Consulting,Services aux entreprises,Cotonou,+229 86 30 31 93,,,PME (10-50),B2B,Facebook Pages,,Actif,2026-06-29T00:15:34.267628,basse
BJ-06337FA6,Business Consulting,Services aux entreprises,Abomey-Calavi,+229 90 11 18 41,business.consulting@business.consulting.net,businessconsulting.bj,PME (10-50),B2B,Facebook Pages,,Actif,2026-06-29T00:15:34.267666,haute
BJ-C5A271E1,Expert Communication,Services aux entreprises,Abomey-Calavi,+229 73 80 70 92,expert.communication@expert.communication.net,,PME (10-50),B2B,Facebook Pages,,Actif,2026-06-29T00:15:34.267680,moyenne
BJ-38E45006,Consulting Comptable,Services aux entreprises,Abomey-Calavi,+229 54 68 70 95,consulting.comptable@consulting.comptable.bj,consultingcomptable.bj,PME (10-50),B2B,Facebook Pages,,Actif,2026-06-29T00:15:34.267706,haute
BJ-67FDAD3E,Bureau Marketing Africa Abomey-Calavi,Services aux entreprises,Abomey-Calavi,+229 69 70 17 61,,,Grande (>200),B2B,Facebook Pages,,Actif,2026-06-29T00:15:34.267717,basse
BJ-658EF07F,Communication Bureau Porto-Novo,Services aux entreprises,Porto-Novo,+229 46 17 84 43,communication.bureau.portonovo@communication.bureau.portonovo.org,communicationbureauportonovo.bj,TPE (<10),B2B,Facebook Pages,,Actif,2026-06-29T00:15:34.267737,haute
BJ-3D96BCC3,Expert Fiscal International Porto-Novo,Services aux entreprises,Porto-Novo,+229 68 41 82 15,expert.fiscal.international.portonovo@expert.fiscal.international.portonovo.net,expertfiscalinternationalportonovo.bj,PME (10-50),B2B,Facebook Pages,,Actif,2026-06-29T00:15:34.267757,haute
BJ-E6903B1A,Formation Africa,Services aux entreprises,Porto-Novo,+229 50 81 99 22,formation.africa@formation.africa.benin,formationafrica.bj,PME (10-50),B2B,Facebook Pages,,Actif,2026-06-29T00:15:34.267770,haute
BJ-2CD5879A,RH Cabinet Porto-Novo,Services aux entreprises,Porto-Novo,+229 47 60 71 50,rh.cabinet.portonovo@rh.cabinet.portonovo.benin,rhcabinetportonovo.bj,TPE (<10),B2B,Facebook Pages,,Actif,2026-06-29T00:15:34.267787,haute
BJ-9F06CA74,Expert Expert Bureau,Services aux entreprises,Porto-Novo,+229 24 69 38 16,expert.expert.bureau@expert.expert.bureau.com,expertexpertbureau.bj,TPE (<10),B2B,Facebook Pages,,Actif,2026-06-29T00:15:34.267799,haute
BJ-97552948,Consulting,Services aux entreprises,Parakou,+229 92 12 81 12,consulting@consulting.com,,Grande (>200),B2B,Facebook Pages,,Actif,2026-06-29T00:15:34.267818,moyenne
BJ-A9AAA066,Marketing Parakou,Services aux entreprises,Parakou,+229 93 33 40 76,,,PME (50-200),B2B,Facebook Pages,,Actif,2026-06-29T00:15:34.267830,basse
BJ-D8E13914,Expert Bénin Parakou,Services aux entreprises,Parakou,+229 35 58 65 41,expert.bénin.parakou@expert.bénin.parakou.benin,expertbéninparakou.bj,Grande (>200),B2B,Facebook Pages,,Actif,2026-06-29T00:15:34.267845,haute
BJ-91302739,Bureau Marketing Parakou,Services aux entreprises,Parakou,+229 41 72 24 83,,bureaumarketingparakou.bj,PME (10-50),B2B,Facebook Pages,,Actif,2026-06-29T00:15:34.267857,moyenne
BJ-C5228521,Conseil,Services aux entreprises,Parakou,+229 54 73 62 47,conseil@conseil.net,conseil.bj,TPE (<10),B2B,Facebook Pages,,Actif,2026-06-29T00:15:34.267870,haute
BJ-5DABC389,Agence Marketing Consulting,Services aux entreprises,Bohicon,+229 95 18 63 54,agence.marketing.consulting@agence.marketing.consulting.bj,agencemarketingconsulting.bj,PME (50-200),B2B,Facebook Pages,,Actif,2026-06-29T00:15:34.267908,haute
BJ-581A0B8D,Expert,Services aux entreprises,Bohicon,+229 59 34 44 64,expert@expert.org,expert.bj,TPE (<10),B2B,Facebook Pages,,Actif,2026-06-29T00:15:34.267942,haute
BJ-B25664FC,Juridique Bureau,Services aux entreprises,Bohicon,+229 49 76 94 61,juridique.bureau@juridique.bureau.bj,,TPE (<10),B2B,Facebook Pages,,Actif,2026-06-29T00:15:34.267965,moyenne
BJ-2A8E5F78,Consulting Consulting,Services aux entreprises,Bohicon,+229 24 20 64 18,,,TPE (<10),B2B,Facebook Pages,,Actif,2026-06-29T00:15:34.267983,basse
BJ-7949C698,Conseil RH International,Services aux entreprises,Bohicon,+229 63 89 46 39,conseil.rh.international@conseil.rh.international.benin,,TPE (<10),B2B,Facebook Pages,,Actif,2026-06-29T00:15:34.268002,moyenne
BJ-B390FFA6,Expert Formation Natitingou,Services aux entreprises,Natitingou,+229 48 47 86 39,,expertformationnatitingou.bj,PME (50-200),B2B,Facebook Pages,,Actif,2026-06-29T00:15:34.268043,moyenne
BJ-2485A24B,Agence Management International,Services aux entreprises,Natitingou,+229 99 33 22 18,,agencemanagementinternational.bj,PME (10-50),B2B,Facebook Pages,,Actif,2026-06-29T00:15:34.268057,moyenne
BJ-CB3B97DA,Consulting Communication Bureau,Services aux entreprises,Natitingou,+229 33 97 40 82,,consultingcommunicationbureau.bj,PME (10-50),B2B,Facebook Pages,,Actif,2026-06-29T00:15:34.268068,moyenne
BJ-4D2E74ED,Conseil Cabinet,Services aux entreprises,Natitingou,+229 80 77 17 19,,conseilcabinet.bj,PME (10-50),B2B,Facebook Pages,,Actif,2026-06-29T00:15:34.268080,moyenne
BJ-E8C7BB0F,RH Advisory,Services aux entreprises,Natitingou,+229 53 89 25 97,rh.advisory@rh.advisory.net,rhadvisory.bj,TPE (<10),B2B,Facebook Pages,,Actif,2026-06-29T00:15:34.268096,haute
BJ-7E1F6A3C,Audit Consulting,Services aux entreprises,Lokossa,+229 84 43 75 72,,auditconsulting.bj,TPE (<10),B2B,Facebook Pages,,Actif,2026-06-29T00:15:34.268117,moyenne
BJ-F7730DE4,Consulting Expert,Services aux entreprises,Lokossa,+229 90 17 54 76,consulting.expert@consulting.expert.org,consultingexpert.bj,TPE (<10),B2B,Facebook Pages,,Actif,2026-06-29T00:15:34.268132,haute
BJ-2DB273E2,Expert Juridique Advisory,Services aux entreprises,Lokossa,+229 84 31 55 24,expert.juridique.advisory@expert.juridique.advisory.org,expertjuridiqueadvisory.bj,TPE (<10),B2B,Facebook Pages,,Actif,2026-06-29T00:15:34.268146,haute
BJ-511B04BE,Fiscal International,Services aux entreprises,Lokossa,+229 55 71 34 23,fiscal.international@fiscal.international.bj,,TPE (<10),B2B,Facebook Pages,,Actif,2026-06-29T00:15:34.268158,moyenne
BJ-4E14F0E0,Consulting Communication Bénin,Services aux entreprises,Lokossa,+229 77 57 78 13,,,TPE (<10),B2B,Facebook Pages,,Actif,2026-06-29T00:15:34.268169,basse
BJ-F00605E5,Expert Management Ouidah,Services aux entreprises,Ouidah,+229 22 74 23 12,expert.management.ouidah@expert.management.ouidah.com,,PME (10-50),B2B,Facebook Pages,,Actif,2026-06-29T00:15:34.268187,moyenne
BJ-66C04961,Comptable,Services aux entreprises,Ouidah,+229 38 11 10 98,comptable@comptable.bj,comptable.bj,TPE (<10),B2B,Facebook Pages,,Actif,2026-06-29T00:15:34.268198,haute
BJ-BD111AC6,Consulting Consulting,Services aux entreprises,Ouidah,+229 59 56 88 25,consulting.consulting@consulting.consulting.net,consultingconsulting.bj,TPE (<10),B2B,Facebook Pages,,Actif,2026-06-29T00:15:34.268210,haute
BJ-4C88F993,Conseil Audit Bénin,Services aux entreprises,Ouidah,+229 82 30 90 36,conseil.audit.bénin@conseil.audit.bénin.bj,,PME (10-50),B2B,Facebook Pages,,Actif,2026-06-29T00:15:34.268223,moyenne
BJ-8757B80F,RH Consulting,Services aux entreprises,Ouidah,+229 69 13 30 96,rh.consulting@rh.consulting.org,,PME (10-50),B2B,Facebook Pages,,Actif,2026-06-29T00:15:34.268234,moyenne
BJ-0E9CEA99,Marketing Cabinet,Services aux entreprises,Savalou,+229 22 87 50 94,marketing.cabinet@marketing.cabinet.bj,marketingcabinet.bj,PME (10-50),B2B,Facebook Pages,,Actif,2026-06-29T00:15:34.268253,haute
BJ-3D14D12B,Conseil Consulting,Services aux entreprises,Savalou,+229 20 81 90 89,conseil.consulting@conseil.consulting.net,,PME (50-200),B2B,Facebook Pages,,Actif,2026-06-29T00:15:34.268268,moyenne
BJ-5052BDC4,Agence Business,Services aux entreprises,Savalou,+229 28 42 27 63,,agencebusiness.bj,TPE (<10),B2B,Facebook Pages,,Actif,2026-06-29T00:15:34.268279,moyenne
BJ-C2B5A2FD,Fiscal,Services aux entreprises,Savalou,+229 28 51 95 51,fiscal@fiscal.org,fiscal.bj,TPE (<10),B2B,Facebook Pages,,Actif,2026-06-29T00:15:34.268294,haute
BJ-730EBAB2,Communication Partners,Services aux entreprises,Savalou,+229 73 14 38 66,communication.partners@communication.partners.bj,communicationpartners.bj,PME (50-200),B2B,Facebook Pages,,Actif,2026-06-29T00:15:34.268306,haute
BJ-7CF5ACD6,Cabinet Business International Dassa-Zoumè,Services aux entreprises,Dassa-Zoumè,+229 20 33 90 48,cabinet.business.international.dassazoumè@cabinet.business.international.dassazoumè.org,cabinetbusinessinternationaldassazoumè.bj,PME (50-200),B2B,Facebook Pages,,Actif,2026-06-29T00:15:34.268327,haute
BJ-00722A61,Marketing Africa,Services aux entreprises,Dassa-Zoumè,+229 32 32 70 64,marketing.africa@marketing.africa.org,,TPE (<10),B2B,Facebook Pages,,Actif,2026-06-29T00:15:34.268339,moyenne
BJ-7596E89E,Agence Marketing,Services aux entreprises,Dassa-Zoumè,+229 73 78 18 61,agence.marketing@agence.marketing.net,,PME (50-200),B2B,Facebook Pages,,Actif,2026-06-29T00:15:34.268350,moyenne
BJ-FCDFBCEA,Agence Consulting,Services aux entreprises,Dassa-Zoumè,+229 46 11 50 77,agence.consulting@agence.consulting.com,agenceconsulting.bj,PME (10-50),B2B,Facebook Pages,,Actif,2026-06-29T00:15:34.268362,haute
BJ-7877957D,Bureau Management Bureau,Services aux entreprises,Dassa-Zoumè,+229 45 85 16 62,,bureaumanagementbureau.bj,TPE (<10),B2B,Facebook Pages,,Actif,2026-06-29T00:15:34.268373,moyenne
BJ-76C3418E,Bureau Juridique,Services aux entreprises,Kétou,+229 33 14 99 12,bureau.juridique@bureau.juridique.org,,Grande (>200),B2B,Facebook Pages,,Actif,2026-06-29T00:15:34.268398,moyenne
BJ-983459B8,Marketing,Services aux entreprises,Kétou,+229 63 90 37 67,marketing@marketing.com,,TPE (<10),B2B,Facebook Pages,,Actif,2026-06-29T00:15:34.268413,moyenne
BJ-BC7E1EA6,Consulting Formation,Services aux entreprises,Kétou,+229 58 51 14 58,consulting.formation@consulting.formation.com,consultingformation.bj,PME (10-50),B2B,Facebook Pages,,Actif,2026-06-29T00:15:34.268425,haute
BJ-123CC71D,Agence Comptable Cabinet,Services aux entreprises,Kétou,+229 66 86 83 71,agence.comptable.cabinet@agence.comptable.cabinet.org,,TPE (<10),B2B,Facebook Pages,,Actif,2026-06-29T00:15:34.268437,moyenne
BJ-31994AC1,Comptable Partners,Services aux entreprises,Kétou,+229 76 63 53 22,comptable.partners@comptable.partners.net,comptablepartners.bj,TPE (<10),B2B,Facebook Pages,,Actif,2026-06-29T00:15:34.268448,haute
BJ-BA291CF9,Consulting,Services aux entreprises,Covè,+229 78 30 77 62,consulting@consulting.org,consulting.bj,PME (10-50),B2B,Facebook Pages,,Actif,2026-06-29T00:15:34.268477,haute
BJ-1E4E3B81,Juridique Africa,Services aux entreprises,Covè,+229 61 58 67 90,juridique.africa@juridique.africa.net,juridiqueafrica.bj,PME (10-50),B2B,Facebook Pages,,Actif,2026-06-29T00:15:34.268489,haute
BJ-C351D815,Expert Formation Cabinet Covè,Services aux entreprises,Covè,+229 46 99 81 40,expert.formation.cabinet.covè@expert.formation.cabinet.covè.net,expertformationcabinetcovè.bj,TPE (<10),B2B,Facebook Pages,,Actif,2026-06-29T00:15:34.268516,haute
BJ-33CD1DF7,Conseil Juridique Advisory,Services aux entreprises,Covè,+229 65 85 73 31,conseil.juridique.advisory@conseil.juridique.advisory.com,conseiljuridiqueadvisory.bj,TPE (<10),B2B,Facebook Pages,,Actif,2026-06-29T00:15:34.268529,haute
BJ-D5C4D053,Comptable Pobè,Services aux entreprises,Pobè,+229 76 28 75 62,comptable.pobè@comptable.pobè.com,comptablepobè.bj,PME (50-200),B2B,Facebook Pages,,Actif,2026-06-29T00:15:34.268549,haute
BJ-66ED0C75,RH,Services aux entreprises,Pobè,+229 37 48 56 73,rh@rh.bj,rh.bj,TPE (<10),B2B,Facebook Pages,,Actif,2026-06-29T00:15:34.268578,haute
BJ-7B742A21,Agence Management,Services aux entreprises,Pobè,+229 27 72 73 43,agence.management@agence.management.benin,agencemanagement.bj,PME (10-50),B2B,Facebook Pages,,Actif,2026-06-29T00:15:34.268592,haute
BJ-90964212,Expert Africa,Services aux entreprises,Pobè,+229 99 11 93 42,expert.africa@expert.africa.com,expertafrica.bj,Grande (>200),B2B,Facebook Pages,,Actif,2026-06-29T00:15:34.268605,haute
BJ-9F2A1ACB,Cabinet Juridique Consulting,Services aux entreprises,Sakété,+229 21 36 53 30,cabinet.juridique.consulting@cabinet.juridique.consulting.bj,cabinetjuridiqueconsulting.bj,TPE (<10),B2B,Facebook Pages,,Actif,2026-06-29T00:15:34.268638,haute
BJ-A030D400,Fiscal Africa,Services aux entreprises,Sakété,+229 23 40 31 45,,,PME (10-50),B2B,Facebook Pages,,Actif,2026-06-29T00:15:34.268662,basse
BJ-B7A60FE1,Consulting Advisory,Services aux entreprises,Sakété,+229 40 62 16 62,consulting.advisory@consulting.advisory.net,consultingadvisory.bj,Grande (>200),B2B,Facebook Pages,,Actif,2026-06-29T00:15:34.268675,haute
BJ-CA485EBB,Expert Formation Cabinet Adjara,Services aux entreprises,Adjara,+229 25 43 79 82,expert.formation.cabinet.adjara@expert.formation.cabinet.adjara.bj,expertformationcabinetadjara.bj,PME (50-200),B2B,Facebook Pages,,Actif,2026-06-29T00:15:34.268694,haute
BJ-FC7C373D,Juridique Advisory,Services aux entreprises,Adjara,+229 45 42 54 69,,juridiqueadvisory.bj,TPE (<10),B2B,Facebook Pages,,Actif,2026-06-29T00:15:34.268711,moyenne
BJ-46C24820,Agence Business,Services aux entreprises,Adjara,+229 35 41 74 63,agence.business@agence.business.benin,agencebusiness.bj,PME (10-50),B2B,Facebook Pages,,Actif,2026-06-29T00:15:34.268729,haute
BJ-CB7F7A27,Agence Expert Consulting,Services aux entreprises,Adjara,+229 60 68 54 56,agence.expert.consulting@agence.expert.consulting.com,agenceexpertconsulting.bj,TPE (<10),B2B,Facebook Pages,,Actif,2026-06-29T00:15:34.268744,haute
BJ-63A12718,Consulting Comptable Africa,Services aux entreprises,Adjara,+229 46 89 74 57,consulting.comptable.africa@consulting.comptable.africa.net,consultingcomptableafrica.bj,Grande (>200),B2B,Facebook Pages,,Actif,2026-06-29T00:15:34.268760,haute
BJ-BD449673,Bureau Communication,Services aux entreprises,Allada,+229 33 60 42 61,bureau.communication@bureau.communication.benin,bureaucommunication.bj,PME (10-50),B2B,Facebook Pages,,Actif,2026-06-29T00:15:34.268790,haute
BJ-E15C9644,Juridique Allada,Services aux entreprises,Allada,+229 58 79 32 92,juridique.allada@juridique.allada.com,juridiqueallada.bj,PME (50-200),B2B,Facebook Pages,,Actif,2026-06-29T00:15:34.268802,haute
BJ-91A63938,Expert Allada,Services aux entreprises,Allada,+229 40 91 10 61,expert.allada@expert.allada.org,,TPE (<10),B2B,Facebook Pages,,Actif,2026-06-29T00:15:34.268814,moyenne
BJ-1FF4AEDB,Agence Audit Bureau,Services aux entreprises,Allada,+229 47 76 28 25,agence.audit.bureau@agence.audit.bureau.benin,,TPE (<10),B2B,Facebook Pages,,Actif,2026-06-29T00:15:34.268826,moyenne
BJ-A40DEEF0,Business,Services aux entreprises,Aplahoué,+229 32 13 87 84,,business.bj,PME (10-50),B2B,Facebook Pages,,Actif,2026-06-29T00:15:34.268842,moyenne
BJ-F8745AAA,Expert Audit,Services aux entreprises,Aplahoué,+229 59 64 34 17,expert.audit@expert.audit.net,expertaudit.bj,Grande (>200),B2B,Facebook Pages,,Actif,2026-06-29T00:15:34.268858,haute
BJ-9B2929F1,Audit Partners,Services aux entreprises,Aplahoué,+229 55 54 69 63,audit.partners@audit.partners.bj,,TPE (<10),B2B,Facebook Pages,,Actif,2026-06-29T00:15:34.268870,moyenne
BJ-3A294A98,Communication Bureau,Services aux entreprises,Aplahoué,+229 38 25 20 28,communication.bureau@communication.bureau.org,communicationbureau.bj,TPE (<10),B2B,Facebook Pages,,Actif,2026-06-29T00:15:34.268882,haute
BJ-7D32F17D,Audit Business,Services aux entreprises,Aplahoué,+229 79 53 63 36,audit.business@audit.business.net,,TPE (<10),B2B,Facebook Pages,,Actif,2026-06-29T00:15:34.268920,moyenne
BJ-5E599478,Consulting Stratégie Consulting,Services aux entreprises,Dogbo-Tota,+229 41 52 57 88,consulting.stratégie.consulting@consulting.stratégie.consulting.bj,consultingstratégieconsulting.bj,TPE (<10),B2B,Facebook Pages,,Actif,2026-06-29T00:15:34.268946,haute
BJ-C801DA06,Consulting Stratégie,Services aux entreprises,Dogbo-Tota,+229 62 79 11 51,consulting.stratégie@consulting.stratégie.net,consultingstratégie.bj,PME (10-50),B2B,Facebook Pages,,Actif,2026-06-29T00:15:34.268960,haute
BJ-6DF6231F,Audit Business,Services aux entreprises,Dogbo-Tota,+229 67 77 35 66,,,PME (10-50),B2B,Facebook Pages,,Actif,2026-06-29T00:15:34.268971,basse
BJ-31F2F136,Consulting,Services aux entreprises,Dogbo-Tota,+229 31 79 80 95,consulting@consulting.org,,TPE (<10),B2B,Facebook Pages,,Actif,2026-06-29T00:15:34.268987,moyenne
BJ-1DE14973,Communication Bureau Dogbo-Tota,Services aux entreprises,Dogbo-Tota,+229 60 64 76 85,communication.bureau.dogbotota@communication.bureau.dogbotota.net,communicationbureaudogbotota.bj,PME (10-50),B2B,Facebook Pages,,Actif,2026-06-29T00:15:34.269000,haute
BJ-D119AD21,Marketing International Kpomassè,Services aux entreprises,Kpomassè,+229 94 39 19 55,,marketinginternationalkpomassè.bj,TPE (<10),B2B,Facebook Pages,,Actif,2026-06-29T00:15:34.269018,moyenne
BJ-ECA1F164,Juridique,Services aux entreprises,Kpomassè,+229 72 30 90 82,juridique@juridique.benin,,PME (10-50),B2B,Facebook Pages,,Actif,2026-06-29T00:15:34.269033,moyenne
BJ-2A7CE0CA,Conseil Kpomassè,Services aux entreprises,Kpomassè,+229 89 78 54 92,conseil.kpomassè@conseil.kpomassè.net,,TPE (<10),B2B,Facebook Pages,,Actif,2026-06-29T00:15:34.269046,moyenne
BJ-2E0912DD,Audit Bureau,Services aux entreprises,Kpomassè,+229 51 72 23 70,audit.bureau@audit.bureau.com,auditbureau.bj,TPE (<10),B2B,Facebook Pages,,Actif,2026-06-29T00:15:34.269058,haute
BJ-63BA97EC,Consulting Audit Bénin,Services aux entreprises,Kpomassè,+229 86 63 64 23,consulting.audit.bénin@consulting.audit.bénin.com,consultingauditbénin.bj,PME (50-200),B2B,Facebook Pages,,Actif,2026-06-29T00:15:34.269071,haute
BJ-088620CD,Conseil Expert,Services aux entreprises,Tori-Bossito,+229 43 74 71 34,,,TPE (<10),B2B,Facebook Pages,,Actif,2026-06-29T00:15:34.269088,basse
BJ-56C17550,Audit International Tori-Bossito,Services aux entreprises,Tori-Bossito,+229 28 34 42 25,audit.international.toribossito@audit.international.toribossito.bj,auditinternationaltoribossito.bj,TPE (<10),B2B,Facebook Pages,,Actif,2026-06-29T00:15:34.269101,haute
BJ-AE8F1787,Stratégie Bénin,Services aux entreprises,Tori-Bossito,+229 85 80 57 85,stratégie.bénin@stratégie.bénin.benin,stratégiebénin.bj,TPE (<10),B2B,Facebook Pages,,Actif,2026-06-29T00:15:34.269113,haute
BJ-30E994A0,Marketing Tori-Bossito,Services aux entreprises,Tori-Bossito,+229 45 49 17 36,marketing.toribossito@marketing.toribossito.net,marketingtoribossito.bj,Grande (>200),B2B,Facebook Pages,,Actif,2026-06-29T00:15:34.269125,haute
BJ-716E1BC5,RH Partners,Services aux entreprises,Tori-Bossito,+229 70 41 96 26,rh.partners@rh.partners.bj,rhpartners.bj,TPE (<10),B2B,Facebook Pages,,Actif,2026-06-29T00:15:34.269137,haute
BJ-98DA0EC5,Consulting Juridique,Services aux entreprises,Grand-Popo,+229 84 83 71 56,consulting.juridique@consulting.juridique.com,,Grande (>200),B2B,Facebook Pages,,Actif,2026-06-29T00:15:34.269157,moyenne
BJ-1B28F601,Business Africa,Services aux entreprises,Grand-Popo,+229 67 59 42 20,business.africa@business.africa.bj,businessafrica.bj,PME (10-50),B2B,Facebook Pages,,Actif,2026-06-29T00:15:34.269172,haute
BJ-44437C4B,Marketing Bureau,Services aux entreprises,Grand-Popo,+229 97 98 77 96,,marketingbureau.bj,TPE (<10),B2B,Facebook Pages,,Actif,2026-06-29T00:15:34.269186,moyenne
BJ-DA576514,Audit Conseil,Services aux entreprises,Grand-Popo,+229 60 90 85 69,,auditconseil.bj,PME (50-200),B2B,Facebook Pages,,Actif,2026-06-29T00:15:34.269198,moyenne
BJ-D4C306E4,Cabinet Audit,Services aux entreprises,Grand-Popo,+229 61 52 96 41,cabinet.audit@cabinet.audit.net,cabinetaudit.bj,PME (50-200),B2B,Facebook Pages,,Actif,2026-06-29T00:15:34.269212,haute
BJ-F5C1BE73,Cabinet Fiscal,Services aux entreprises,Athiémé,+229 25 69 11 40,cabinet.fiscal@cabinet.fiscal.benin,cabinetfiscal.bj,PME (10-50),B2B,Facebook Pages,,Actif,2026-06-29T00:15:34.269234,haute
BJ-16301AF8,Agence Marketing,Services aux entreprises,Athiémé,+229 68 91 16 80,agence.marketing@agence.marketing.bj,agencemarketing.bj,PME (50-200),B2B,Facebook Pages,,Actif,2026-06-29T00:15:34.269247,haute
BJ-DE2F85CB,Expert Management,Services aux entreprises,Athiémé,+229 93 53 73 52,expert.management@expert.management.bj,expertmanagement.bj,PME (50-200),B2B,Facebook Pages,,Actif,2026-06-29T00:15:34.269258,haute
BJ-B0DFDA7C,Stratégie,Services aux entreprises,Athiémé,+229 90 67 40 35,stratégie@stratégie.com,stratégie.bj,PME (10-50),B2B,Facebook Pages,,Actif,2026-06-29T00:15:34.269271,haute
BJ-52321E38,Consulting Comptable,Services aux entreprises,Athiémé,+229 48 95 70 25,consulting.comptable@consulting.comptable.com,consultingcomptable.bj,PME (10-50),B2B,Facebook Pages,,Actif,2026-06-29T00:15:34.269283,haute
BJ-C2656BBD,Expert,Services aux entreprises,Bopa,+229 25 95 64 18,,expert.bj,PME (50-200),B2B,Facebook Pages,,Actif,2026-06-29T00:15:34.269315,moyenne
BJ-57215488,Marketing Bénin Bopa,Services aux entreprises,Bopa,+229 42 32 22 88,marketing.bénin.bopa@marketing.bénin.bopa.com,marketingbéninbopa.bj,PME (50-200),B2B,Facebook Pages,,Actif,2026-06-29T00:15:34.269329,haute
BJ-207150BF,Consulting Bopa,Services aux entreprises,Bopa,+229 84 69 96 65,,,TPE (<10),B2B,Facebook Pages,,Actif,2026-06-29T00:15:34.269340,basse
BJ-BFE22580,Consulting RH,Services aux entreprises,Bopa,+229 46 57 97 88,consulting.rh@consulting.rh.org,consultingrh.bj,TPE (<10),B2B,Facebook Pages,,Actif,2026-06-29T00:15:34.269351,haute
BJ-FEAB08A2,Consulting Marketing Advisory,Services aux entreprises,Houéyogbé,+229 64 11 20 50,consulting.marketing.advisory@consulting.marketing.advisory.benin,consultingmarketingadvisory.bj,TPE (<10),B2B,Facebook Pages,,Actif,2026-06-29T00:15:34.269369,haute
BJ-DAA2EDBB,Cabinet Fiscal,Services aux entreprises,Houéyogbé,+229 85 57 12 44,cabinet.fiscal@cabinet.fiscal.com,,TPE (<10),B2B,Facebook Pages,,Actif,2026-06-29T00:15:34.269380,moyenne
BJ-9AFFB8B3,Consulting Houéyogbé,Services aux entreprises,Houéyogbé,+229 20 65 10 38,,consultinghouéyogbé.bj,TPE (<10),B2B,Facebook Pages,,Actif,2026-06-29T00:15:34.269392,moyenne
BJ-DF950696,Cabinet Juridique,Services aux entreprises,Houéyogbé,+229 61 14 90 71,cabinet.juridique@cabinet.juridique.bj,cabinetjuridique.bj,PME (10-50),B2B,Facebook Pages,,Actif,2026-06-29T00:15:34.269407,haute
BJ-4A199549,Business International,Services aux entreprises,Houéyogbé,+229 26 87 29 59,business.international@business.international.bj,businessinternational.bj,PME (50-200),B2B,Facebook Pages,,Actif,2026-06-29T00:15:34.269418,haute
BJ-AC77F155,Audit Juridique International Malanville,Services aux entreprises,Malanville,+229 37 78 41 74,audit.juridique.international.malanville@audit.juridique.international.malanville.bj,auditjuridiqueinternationalmalanville.bj,TPE (<10),B2B,Facebook Pages,,Actif,2026-06-29T00:15:34.269437,haute
BJ-7739D51D,Consulting RH,Services aux entreprises,Malanville,+229 37 46 69 94,consulting.rh@consulting.rh.benin,consultingrh.bj,PME (10-50),B2B,Facebook Pages,,Actif,2026-06-29T00:15:34.269464,haute
BJ-B3FE1849,Comptable Advisory Malanville,Services aux entreprises,Malanville,+229 92 68 81 26,comptable.advisory.malanville@comptable.advisory.malanville.org,comptableadvisorymalanville.bj,TPE (<10),B2B,Facebook Pages,,Actif,2026-06-29T00:15:34.269480,haute
BJ-5135DD09,Agence Marketing International,Services aux entreprises,Malanville,+229 33 16 76 84,,,PME (10-50),B2B,Facebook Pages,,Actif,2026-06-29T00:15:34.269491,basse
BJ-A0585BD7,Conseil,Services aux entreprises,Kandi,+229 51 72 82 14,conseil@conseil.net,conseil.bj,PME (50-200),B2B,Facebook Pages,,Actif,2026-06-29T00:15:34.269508,haute
BJ-4BA02CB9,Conseil Fiscal Partners,Services aux entreprises,Kandi,+229 93 32 47 85,,conseilfiscalpartners.bj,TPE (<10),B2B,Facebook Pages,,Actif,2026-06-29T00:15:34.269520,moyenne
BJ-25FD5F55,Conseil Communication Kandi,Services aux entreprises,Kandi,+229 98 20 97 24,,conseilcommunicationkandi.bj,PME (10-50),B2B,Facebook Pages,,Actif,2026-06-29T00:15:34.269531,moyenne
BJ-E18522C2,Audit Comptable,Services aux entreprises,Kandi,+229 54 30 38 76,,auditcomptable.bj,TPE (<10),B2B,Facebook Pages,,Actif,2026-06-29T00:15:34.269542,moyenne
BJ-A30BD7F5,Consulting Audit,Services aux entreprises,Kandi,+229 72 88 70 49,consulting.audit@consulting.audit.benin,consultingaudit.bj,PME (10-50),B2B,Facebook Pages,,Actif,2026-06-29T00:15:34.269560,haute
BJ-6DDA108C,Communication Banikoara,Services aux entreprises,Banikoara,+229 39 49 87 52,communication.banikoara@communication.banikoara.benin,communicationbanikoara.bj,Grande (>200),B2B,Facebook Pages,,Actif,2026-06-29T00:15:34.269608,haute
BJ-8C5EDFD9,Consulting Consulting Partners Banikoara,Services aux entreprises,Banikoara,+229 24 92 97 41,consulting.consulting.partners.banikoara@consulting.consulting.partners.banikoara.bj,,PME (10-50),B2B,Facebook Pages,,Actif,2026-06-29T00:15:34.269631,moyenne
BJ-D03A7BFC,Conseil Fiscal Banikoara,Services aux entreprises,Banikoara,+229 47 35 91 96,conseil.fiscal.banikoara@conseil.fiscal.banikoara.com,,PME (50-200),B2B,Facebook Pages,,Actif,2026-06-29T00:15:34.269644,moyenne
BJ-9FAD2261,Consulting Fiscal Banikoara,Services aux entreprises,Banikoara,+229 87 36 10 41,consulting.fiscal.banikoara@consulting.fiscal.banikoara.net,,PME (10-50),B2B,Facebook Pages,,Actif,2026-06-29T00:15:34.269657,moyenne
BJ-9C9221D1,Consulting Juridique Consulting Banikoara,Services aux entreprises,Banikoara,+229 43 64 44 12,consulting.juridique.consulting.banikoara@consulting.juridique.consulting.banikoara.com,consultingjuridiqueconsultingbanikoara.bj,PME (10-50),B2B,Facebook Pages,,Actif,2026-06-29T00:15:34.269670,haute
BJ-CF3AD797,Agence Comptable Partners,Services aux entreprises,Ségbana,+229 59 61 92 93,agence.comptable.partners@agence.comptable.partners.benin,agencecomptablepartners.bj,PME (50-200),B2B,Facebook Pages,,Actif,2026-06-29T00:15:34.269692,haute
BJ-13AF505E,Management,Services aux entreprises,Ségbana,+229 71 83 22 38,management@management.benin,management.bj,PME (10-50),B2B,Facebook Pages,,Actif,2026-06-29T00:15:34.269705,haute
BJ-5C5D4CB4,Conseil Expert International,Services aux entreprises,Ségbana,+229 30 21 58 64,conseil.expert.international@conseil.expert.international.org,,PME (50-200),B2B,Facebook Pages,,Actif,2026-06-29T00:15:34.269717,moyenne
BJ-B7F02723,Fiscal Africa Ségbana,Services aux entreprises,Ségbana,+229 51 85 40 95,fiscal.africa.ségbana@fiscal.africa.ségbana.org,fiscalafricaségbana.bj,TPE (<10),B2B,Facebook Pages,,Actif,2026-06-29T00:15:34.269731,haute
BJ-C1E547AD,Expert Expert Partners,Services aux entreprises,Karimama,+229 49 44 33 91,expert.expert.partners@expert.expert.partners.org,expertexpertpartners.bj,TPE (<10),B2B,Facebook Pages,,Actif,2026-06-29T00:15:34.269761,haute
BJ-CB06FE3D,Audit Fiscal,Services aux entreprises,Karimama,+229 31 89 90 38,audit.fiscal@audit.fiscal.bj,,PME (10-50),B2B,Facebook Pages,,Actif,2026-06-29T00:15:34.269776,moyenne
BJ-60FB710F,Expert Juridique Partners,Services aux entreprises,Karimama,+229 42 79 87 36,expert.juridique.partners@expert.juridique.partners.org,expertjuridiquepartners.bj,TPE (<10),B2B,Facebook Pages,,Actif,2026-06-29T00:15:34.269789,haute
BJ-C8A68746,Conseil,Services aux entreprises,Karimama,+229 71 34 10 74,,conseil.bj,Grande (>200),B2B,Facebook Pages,,Actif,2026-06-29T00:15:34.269800,moyenne
BJ-93B75FFA,Comptable,Services aux entreprises,Karimama,+229 52 61 43 13,comptable@comptable.bj,comptable.bj,PME (10-50),B2B,Facebook Pages,,Actif,2026-06-29T00:15:34.269811,haute
BJ-56BA646E,Bureau Audit Partners,Services aux entreprises,Gogounou,+229 73 49 11 84,,bureauauditpartners.bj,TPE (<10),B2B,Facebook Pages,,Actif,2026-06-29T00:15:34.269843,moyenne
BJ-4FCE864B,Business Advisory Gogounou,Services aux entreprises,Gogounou,+229 20 76 30 64,business.advisory.gogounou@business.advisory.gogounou.com,businessadvisorygogounou.bj,Grande (>200),B2B,Facebook Pages,,Actif,2026-06-29T00:15:34.269855,haute
BJ-BC19AF5B,Consulting Communication,Services aux entreprises,Gogounou,+229 94 39 32 81,consulting.communication@consulting.communication.org,,Grande (>200),B2B,Facebook Pages,,Actif,2026-06-29T00:15:34.269870,moyenne
BJ-2BB5ECFC,Cabinet Formation,Services aux entreprises,Gogounou,+229 90 64 47 60,cabinet.formation@cabinet.formation.org,cabinetformation.bj,PME (10-50),B2B,Facebook Pages,,Actif,2026-06-29T00:15:34.269882,haute
BJ-6D4D2235,Comptable,Services aux entreprises,Cobly,+229 85 28 24 12,comptable@comptable.benin,comptable.bj,TPE (<10),B2B,Facebook Pages,,Actif,2026-06-29T00:15:34.269917,haute
BJ-38C0CDA1,Marketing Bénin Cobly,Services aux entreprises,Cobly,+229 86 52 18 86,marketing.bénin.cobly@marketing.bénin.cobly.org,marketingbénincobly.bj,PME (50-200),B2B,Facebook Pages,,Actif,2026-06-29T00:15:34.269935,haute
BJ-E7B7D2E4,Bureau Conseil,Services aux entreprises,Cobly,+229 33 95 18 30,bureau.conseil@bureau.conseil.org,,PME (10-50),B2B,Facebook Pages,,Actif,2026-06-29T00:15:34.269947,moyenne
BJ-B4E5E36D,RH Consulting,Services aux entreprises,Cobly,+229 47 74 37 72,rh.consulting@rh.consulting.org,rhconsulting.bj,PME (10-50),B2B,Facebook Pages,,Actif,2026-06-29T00:15:34.269971,haute
BJ-AC2DD4C7,Cabinet Communication Tanguiéta,Services aux entreprises,Tanguiéta,+229 91 59 20 88,,cabinetcommunicationtanguiéta.bj,TPE (<10),B2B,Facebook Pages,,Actif,2026-06-29T00:15:34.269991,moyenne
BJ-4E15D4D8,Cabinet Expert International,Services aux entreprises,Tanguiéta,+229 71 49 48 74,,cabinetexpertinternational.bj,TPE (<10),B2B,Facebook Pages,,Actif,2026-06-29T00:15:34.270003,moyenne
BJ-91C7E7B1,Conseil Africa,Services aux entreprises,Tanguiéta,+229 66 11 27 14,conseil.africa@conseil.africa.org,conseilafrica.bj,TPE (<10),B2B,Facebook Pages,,Actif,2026-06-29T00:15:34.270015,haute
BJ-FD489379,Formation Bureau,Services aux entreprises,Tanguiéta,+229 88 38 20 31,formation.bureau@formation.bureau.net,formationbureau.bj,TPE (<10),B2B,Facebook Pages,,Actif,2026-06-29T00:15:34.270027,haute
BJ-3C5FF97A,Audit Tanguiéta,Services aux entreprises,Tanguiéta,+229 82 89 91 73,audit.tanguiéta@audit.tanguiéta.org,audittanguiéta.bj,TPE (<10),B2B,Facebook Pages,,Actif,2026-06-29T00:15:34.270040,haute
BJ-7B55CC5F,Consulting Marketing Bénin,Services aux entreprises,Matéri,+229 87 88 66 23,consulting.marketing.bénin@consulting.marketing.bénin.benin,consultingmarketingbénin.bj,PME (10-50),B2B,Facebook Pages,,Actif,2026-06-29T00:15:34.270075,haute
BJ-B9D0619B,Management Cabinet,Services aux entreprises,Matéri,+229 32 24 99 27,management.cabinet@management.cabinet.com,,PME (50-200),B2B,Facebook Pages,,Actif,2026-06-29T00:15:34.270100,moyenne
BJ-DB925DA5,Conseil Expert Bénin,Services aux entreprises,Natitingou,+229 61 47 21 57,conseil.expert.bénin@conseil.expert.bénin.bj,conseilexpertbénin.bj,TPE (<10),B2B,Facebook Pages,,Actif,2026-06-29T00:15:34.270129,haute
BJ-ADD650DC,Stratégie Consulting Natitingou,Services aux entreprises,Natitingou,+229 99 75 55 70,stratégie.consulting.natitingou@stratégie.consulting.natitingou.com,stratégieconsultingnatitingou.bj,PME (10-50),B2B,Facebook Pages,,Actif,2026-06-29T00:15:34.270143,haute
BJ-C78E38DF,Cabinet Fiscal,Services aux entreprises,Natitingou,+229 96 24 86 61,cabinet.fiscal@cabinet.fiscal.benin,cabinetfiscal.bj,TPE (<10),B2B,Facebook Pages,,Actif,2026-06-29T00:15:34.270158,haute
BJ-F35B8FE1,Bureau Management Natitingou,Services aux entreprises,Natitingou,+229 34 13 35 59,bureau.management.natitingou@bureau.management.natitingou.bj,bureaumanagementnatitingou.bj,PME (50-200),B2B,Facebook Pages,,Actif,2026-06-29T00:15:34.270171,haute
BJ-BC696993,Cabinet Expert Cabinet,Services aux entreprises,Toucountouna,+229 92 10 53 94,,cabinetexpertcabinet.bj,PME (10-50),B2B,Facebook Pages,,Actif,2026-06-29T00:15:34.270199,moyenne
BJ-301ED34B,Business Bénin,Services aux entreprises,Toucountouna,+229 62 42 13 82,business.bénin@business.bénin.bj,businessbénin.bj,PME (50-200),B2B,Facebook Pages,,Actif,2026-06-29T00:15:34.270216,haute
BJ-22EC726D,Conseil Fiscal,Services aux entreprises,Toucountouna,+229 84 61 30 96,conseil.fiscal@conseil.fiscal.bj,,TPE (<10),B2B,Facebook Pages,,Actif,2026-06-29T00:15:34.270240,moyenne
BJ-15FAEAE9,Audit Juridique,Services aux entreprises,Toucountouna,+229 35 70 19 80,,auditjuridique.bj,PME (10-50),B2B,Facebook Pages,,Actif,2026-06-29T00:15:34.270251,moyenne
BJ-3D3AEA90,Audit Consulting Cabinet,Services aux entreprises,Boukoumbé,+229 31 11 15 95,audit.consulting.cabinet@audit.consulting.cabinet.org,,PME (10-50),B2B,Facebook Pages,,Actif,2026-06-29T00:15:34.270272,moyenne
BJ-FC7A9ED0,Cabinet Business,Services aux entreprises,Boukoumbé,+229 50 52 88 67,cabinet.business@cabinet.business.com,cabinetbusiness.bj,PME (10-50),B2B,Facebook Pages,,Actif,2026-06-29T00:15:34.270285,haute
BJ-A0930A25,Business Advisory,Services aux entreprises,Boukoumbé,+229 99 99 90 34,,businessadvisory.bj,Grande (>200),B2B,Facebook Pages,,Actif,2026-06-29T00:15:34.270296,moyenne
BJ-9AEA7FBE,Audit Bureau,Services aux entreprises,Boukoumbé,+229 82 39 48 79,,auditbureau.bj,PME (10-50),B2B,Facebook Pages,,Actif,2026-06-29T00:15:34.270307,moyenne
BJ-D884DECF,Marketing Bureau,Services aux entreprises,Boukoumbé,+229 30 71 77 47,,marketingbureau.bj,PME (50-200),B2B,Facebook Pages,,Actif,2026-06-29T00:15:34.270319,moyenne
BJ-D0257B51,Conseil,Services aux entreprises,Kouandé,+229 90 51 36 65,conseil@conseil.org,conseil.bj,TPE (<10),B2B,Facebook Pages,,Actif,2026-06-29T00:15:34.270336,haute
BJ-B7FF7695,Business,Services aux entreprises,Kouandé,+229 88 46 81 63,business@business.net,,PME (10-50),B2B,Facebook Pages,,Actif,2026-06-29T00:15:34.270354,moyenne
BJ-E2E4086D,Comptable Cabinet Kouandé,Services aux entreprises,Kouandé,+229 32 70 76 34,comptable.cabinet.kouandé@comptable.cabinet.kouandé.benin,comptablecabinetkouandé.bj,TPE (<10),B2B,Facebook Pages,,Actif,2026-06-29T00:15:34.270371,haute
BJ-C03AEDB7,Audit,Services aux entreprises,Kouandé,+229 72 76 50 77,audit@audit.org,,TPE (<10),B2B,Facebook Pages,,Actif,2026-06-29T00:15:34.270383,moyenne
BJ-35DEEC8B,Business Bénin Kouandé,Services aux entreprises,Kouandé,+229 80 92 33 23,business.bénin.kouandé@business.bénin.kouandé.benin,businessbéninkouandé.bj,PME (50-200),B2B,Facebook Pages,,Actif,2026-06-29T00:15:34.270397,haute
BJ-6A739FF5,Stratégie,Services aux entreprises,Péhunco,+229 21 59 80 65,stratégie@stratégie.org,,TPE (<10),B2B,Facebook Pages,,Actif,2026-06-29T00:15:34.270416,moyenne
BJ-00C82E3C,Audit Consulting,Services aux entreprises,Péhunco,+229 64 50 89 68,audit.consulting@audit.consulting.com,,TPE (<10),B2B,Facebook Pages,,Actif,2026-06-29T00:15:34.270430,moyenne
BJ-7BBD2675,Agence Business Advisory Péhunco,Services aux entreprises,Péhunco,+229 85 11 27 68,agence.business.advisory.péhunco@agence.business.advisory.péhunco.org,agencebusinessadvisorypéhunco.bj,TPE (<10),B2B,Facebook Pages,,Actif,2026-06-29T00:15:34.270444,haute
BJ-1A22DAC1,Bureau Consulting,Services aux entreprises,Péhunco,+229 51 16 42 55,,,TPE (<10),B2B,Facebook Pages,,Actif,2026-06-29T00:15:34.270455,basse
BJ-F9631E0C,Communication Bureau,Services aux entreprises,Péhunco,+229 38 39 72 38,communication.bureau@communication.bureau.org,communicationbureau.bj,PME (50-200),B2B,Facebook Pages,,Actif,2026-06-29T00:15:34.270467,haute
BJ-096B267B,Stratégie Partners,Services aux entreprises,Tchaourou,+229 76 67 27 55,,stratégiepartners.bj,PME (10-50),B2B,Facebook Pages,,Actif,2026-06-29T00:15:34.270485,moyenne
BJ-2BEB8DB3,Business International,Services aux entreprises,Tchaourou,+229 81 57 22 39,business.international@business.international.net,businessinternational.bj,PME (10-50),B2B,Facebook Pages,,Actif,2026-06-29T00:15:34.270500,haute
BJ-62FFEC62,Audit Communication Bénin,Services aux entreprises,Tchaourou,+229 77 79 78 69,audit.communication.bénin@audit.communication.bénin.bj,,TPE (<10),B2B,Facebook Pages,,Actif,2026-06-29T00:15:34.270513,moyenne
BJ-0DA6B915,Formation Consulting,Services aux entreprises,Tchaourou,+229 72 35 60 25,formation.consulting@formation.consulting.benin,,TPE (<10),B2B,Facebook Pages,,Actif,2026-06-29T00:15:34.270525,moyenne
BJ-0DFE5D3F,Consulting Partners,Services aux entreprises,Tchaourou,+229 57 83 27 35,consulting.partners@consulting.partners.benin,,Grande (>200),B2B,Facebook Pages,,Actif,2026-06-29T00:15:34.270536,moyenne
BJ-312DC545,Management Partners,Services aux entreprises,Nikki,+229 32 47 84 71,management.partners@management.partners.bj,managementpartners.bj,PME (10-50),B2B,Facebook Pages,,Actif,2026-06-29T00:15:34.270574,haute
BJ-8475C371,Expert Expert Cabinet,Services aux entreprises,Nikki,+229 65 80 92 30,expert.expert.cabinet@expert.expert.cabinet.bj,,TPE (<10),B2B,Facebook Pages,,Actif,2026-06-29T00:15:34.270608,moyenne
BJ-4D450DDA,Fiscal Nikki,Services aux entreprises,Nikki,+229 40 71 18 78,,fiscalnikki.bj,PME (50-200),B2B,Facebook Pages,,Actif,2026-06-29T00:15:34.270626,moyenne
BJ-AAB6DC19,Consulting Bénin,Services aux entreprises,Nikki,+229 44 19 59 46,consulting.bénin@consulting.bénin.net,consultingbénin.bj,TPE (<10),B2B,Facebook Pages,,Actif,2026-06-29T00:15:34.270660,haute
BJ-1242F2C2,Juridique,Services aux entreprises,Bembéréké,+229 30 89 18 52,juridique@juridique.com,,TPE (<10),B2B,Facebook Pages,,Actif,2026-06-29T00:15:34.270697,moyenne
BJ-77160740,Conseil Stratégie,Services aux entreprises,Bembéréké,+229 73 64 26 51,conseil.stratégie@conseil.stratégie.bj,conseilstratégie.bj,PME (10-50),B2B,Facebook Pages,,Actif,2026-06-29T00:15:34.270729,haute
BJ-ECFB5CCB,Cabinet Stratégie Partners,Services aux entreprises,Bembéréké,+229 23 46 42 49,cabinet.stratégie.partners@cabinet.stratégie.partners.org,,Grande (>200),B2B,Facebook Pages,,Actif,2026-06-29T00:15:34.270755,moyenne
BJ-1E2DCF02,Cabinet Marketing,Services aux entreprises,Bembéréké,+229 48 35 13 74,cabinet.marketing@cabinet.marketing.net,cabinetmarketing.bj,TPE (<10),B2B,Facebook Pages,,Actif,2026-06-29T00:15:34.270782,haute
BJ-671E12AE,Cabinet Conseil,Services aux entreprises,Kalalé,+229 26 81 99 60,cabinet.conseil@cabinet.conseil.bj,,PME (10-50),B2B,Facebook Pages,,Actif,2026-06-29T00:15:34.270846,moyenne
BJ-C1CABD69,Agence Formation Kalalé,Services aux entreprises,Kalalé,+229 28 48 43 69,,,TPE (<10),B2B,Facebook Pages,,Actif,2026-06-29T00:15:34.270870,basse
BJ-EE879CD8,Audit Management,Services aux entreprises,Kalalé,+229 52 59 26 21,audit.management@audit.management.benin,,PME (10-50),B2B,Facebook Pages,,Actif,2026-06-29T00:15:34.270909,moyenne
BJ-5C7DFCBA,Agence Marketing,Services aux entreprises,Kalalé,+229 28 71 79 75,agence.marketing@agence.marketing.net,agencemarketing.bj,TPE (<10),B2B,Facebook Pages,,Actif,2026-06-29T00:15:34.270938,haute
BJ-88F6D0FC,Agence Consulting Bénin,Services aux entreprises,Ndali,+229 52 93 21 61,,,TPE (<10),B2B,Facebook Pages,,Actif,2026-06-29T00:15:34.270999,basse
BJ-A7AA5EA3,Business,Services aux entreprises,Ndali,+229 62 95 53 20,,business.bj,Grande (>200),B2B,Facebook Pages,,Actif,2026-06-29T00:15:34.271027,moyenne
BJ-9D32E7FF,Cabinet Juridique Cabinet,Services aux entreprises,Ndali,+229 51 56 74 80,cabinet.juridique.cabinet@cabinet.juridique.cabinet.net,,PME (10-50),B2B,Facebook Pages,,Actif,2026-06-29T00:15:34.271043,moyenne
BJ-64A59675,Audit Communication Africa Ndali,Services aux entreprises,Ndali,+229 86 28 79 69,audit.communication.africa.ndali@audit.communication.africa.ndali.org,,TPE (<10),B2B,Facebook Pages,,Actif,2026-06-29T00:15:34.271059,moyenne
BJ-1F00FBBE,Conseil RH,Services aux entreprises,Ndali,+229 51 60 99 20,conseil.rh@conseil.rh.benin,conseilrh.bj,TPE (<10),B2B,Facebook Pages,,Actif,2026-06-29T00:15:34.271072,haute
BJ-2ADCEC9A,Agence Conseil Bureau,Services aux entreprises,Ségbana,+229 90 49 90 62,,,PME (10-50),B2B,Facebook Pages,,Actif,2026-06-29T00:15:34.271091,basse
BJ-1024FB9C,Bureau Communication Bénin,Services aux entreprises,Ségbana,+229 60 70 17 22,bureau.communication.bénin@bureau.communication.bénin.org,bureaucommunicationbénin.bj,Grande (>200),B2B,Facebook Pages,,Actif,2026-06-29T00:15:34.271106,haute
BJ-F20416B9,Bureau Business,Services aux entreprises,Ségbana,+229 47 70 14 96,bureau.business@bureau.business.benin,,TPE (<10),B2B,Facebook Pages,,Actif,2026-06-29T00:15:34.271117,moyenne
BJ-BEC9C1F8,Juridique International,Services aux entreprises,Ségbana,+229 50 47 56 97,,juridiqueinternational.bj,TPE (<10),B2B,Facebook Pages,,Actif,2026-06-29T00:15:34.271129,moyenne
BJ-E09646DA,Consulting International,Services aux entreprises,Ségbana,+229 27 63 35 85,consulting.international@consulting.international.com,consultinginternational.bj,PME (50-200),B2B,Facebook Pages,,Actif,2026-06-29T00:15:34.271140,haute
BJ-01B3B360,Conseil Juridique Consulting,Services aux entreprises,Tchaourou,+229 94 23 43 72,conseil.juridique.consulting@conseil.juridique.consulting.bj,conseiljuridiqueconsulting.bj,TPE (<10),B2B,Facebook Pages,,Actif,2026-06-29T00:15:34.271158,haute
BJ-E6CD6EAE,Formation,Services aux entreprises,Tchaourou,+229 83 50 36 79,formation@formation.com,formation.bj,TPE (<10),B2B,Facebook Pages,,Actif,2026-06-29T00:15:34.271174,haute
BJ-0165A68D,Expert Cabinet,Services aux entreprises,Tchaourou,+229 46 29 62 76,,expertcabinet.bj,PME (10-50),B2B,Facebook Pages,,Actif,2026-06-29T00:15:34.271196,moyenne
BJ-BD1E052E,Expert Fiscal Bureau,Services aux entreprises,Bétérou,+229 36 77 79 62,expert.fiscal.bureau@expert.fiscal.bureau.com,expertfiscalbureau.bj,Grande (>200),B2B,Facebook Pages,,Actif,2026-06-29T00:15:34.271225,haute
BJ-ED6F2378,Expert Comptable,Services aux entreprises,Bétérou,+229 57 85 40 99,,expertcomptable.bj,PME (10-50),B2B,Facebook Pages,,Actif,2026-06-29T00:15:34.271236,moyenne
BJ-6E21E3B5,Fiscal Cabinet,Services aux entreprises,Bétérou,+229 33 36 95 40,fiscal.cabinet@fiscal.cabinet.com,fiscalcabinet.bj,PME (10-50),B2B,Facebook Pages,,Actif,2026-06-29T00:15:34.271251,haute
BJ-C2DFBED8,Consulting Communication Partners,Services aux entreprises,Bétérou,+229 84 98 69 74,,,PME (50-200),B2B,Facebook Pages,,Actif,2026-06-29T00:15:34.271261,basse
BJ-C0E4C78B,Bureau Audit Consulting,Services aux entreprises,Bétérou,+229 93 81 55 63,bureau.audit.consulting@bureau.audit.consulting.benin,bureauauditconsulting.bj,TPE (<10),B2B,Facebook Pages,,Actif,2026-06-29T00:15:34.271273,haute
BJ-ECD4B1AF,Conseil Business International Ouessè,Services aux entreprises,Ouessè,+229 32 53 65 55,,conseilbusinessinternationalouessè.bj,TPE (<10),B2B,Facebook Pages,,Actif,2026-06-29T00:15:34.271292,moyenne
BJ-2FEEABEF,Stratégie Bureau Ouessè,Services aux entreprises,Ouessè,+229 84 51 91 78,,stratégiebureauouessè.bj,Grande (>200),B2B,Facebook Pages,,Actif,2026-06-29T00:15:34.271311,moyenne
BJ-30F98877,Bureau Business Africa,Services aux entreprises,Ouessè,+229 63 28 48 99,,,PME (10-50),B2B,Facebook Pages,,Actif,2026-06-29T00:15:34.271321,basse
BJ-D8D900ED,Agence Expert Bureau,Services aux entreprises,Ouessè,+229 97 56 55 25,,agenceexpertbureau.bj,PME (10-50),B2B,Facebook Pages,,Actif,2026-06-29T00:15:34.271332,moyenne
BJ-E6A77AF4,RH,Services aux entreprises,Glazoué,+229 30 50 68 66,rh@rh.org,rh.bj,PME (10-50),B2B,Facebook Pages,,Actif,2026-06-29T00:15:34.271361,haute
BJ-C1531921,Management,Services aux entreprises,Glazoué,+229 97 99 67 78,,management.bj,TPE (<10),B2B,Facebook Pages,,Actif,2026-06-29T00:15:34.271384,moyenne
BJ-BCCFA013,Cabinet Communication Consulting,Services aux entreprises,Glazoué,+229 35 10 48 61,cabinet.communication.consulting@cabinet.communication.consulting.org,cabinetcommunicationconsulting.bj,PME (50-200),B2B,Facebook Pages,,Actif,2026-06-29T00:15:34.271397,haute
BJ-86C3B276,Audit Bénin,Services aux entreprises,Glazoué,+229 21 64 25 96,audit.bénin@audit.bénin.benin,,PME (10-50),B2B,Facebook Pages,,Actif,2026-06-29T00:15:34.271409,moyenne
BJ-9C7F6DD7,Expert Management,Services aux entreprises,Dassa-Zoumè,+229 24 34 60 47,expert.management@expert.management.org,,TPE (<10),B2B,Facebook Pages,,Actif,2026-06-29T00:15:34.271441,moyenne
BJ-0F4801D6,Agence Conseil,Services aux entreprises,Dassa-Zoumè,+229 82 56 82 50,agence.conseil@agence.conseil.net,,Grande (>200),B2B,Facebook Pages,,Actif,2026-06-29T00:15:34.271480,moyenne
BJ-2D537CEE,Expert Consulting,Services aux entreprises,Savalou,+229 36 73 21 39,expert.consulting@expert.consulting.net,,TPE (<10),B2B,Facebook Pages,,Actif,2026-06-29T00:15:34.271514,moyenne
BJ-D0D47DEF,Consulting Audit Partners,Services aux entreprises,Savalou,+229 92 22 77 79,consulting.audit.partners@consulting.audit.partners.net,consultingauditpartners.bj,PME (50-200),B2B,Facebook Pages,,Actif,2026-06-29T00:15:34.271526,haute
BJ-D56E497E,Expert Stratégie Bantè,Services aux entreprises,Bantè,+229 32 92 71 92,expert.stratégie.bantè@expert.stratégie.bantè.bj,expertstratégiebantè.bj,TPE (<10),B2B,Facebook Pages,,Actif,2026-06-29T00:15:34.271566,haute
BJ-7E20549F,Consulting Africa,Services aux entreprises,Bantè,+229 85 80 44 90,consulting.africa@consulting.africa.bj,consultingafrica.bj,PME (10-50),B2B,Facebook Pages,,Actif,2026-06-29T00:15:34.271581,haute
BJ-6A86F3A3,Agence Communication Advisory,Services aux entreprises,Bantè,+229 64 50 28 64,,,TPE (<10),B2B,Facebook Pages,,Actif,2026-06-29T00:15:34.271592,basse
BJ-E1344F69,Bureau Conseil,Services aux entreprises,Bantè,+229 96 68 19 86,bureau.conseil@bureau.conseil.benin,,PME (50-200),B2B,Facebook Pages,,Actif,2026-06-29T00:15:34.271603,moyenne
BJ-234A2255,Expert Expert Africa,Services aux entreprises,Bantè,+229 85 66 16 95,expert.expert.africa@expert.expert.africa.net,expertexpertafrica.bj,TPE (<10),B2B,Facebook Pages,,Actif,2026-06-29T00:15:34.271615,haute
BJ-DF41AB1D,Expert Comptable Bénin,Services aux entreprises,Djougou,+229 28 74 53 31,expert.comptable.bénin@expert.comptable.bénin.com,expertcomptablebénin.bj,PME (50-200),B2B,Facebook Pages,,Actif,2026-06-29T00:15:34.271633,haute
BJ-97A1BC71,Cabinet Management Djougou,Services aux entreprises,Djougou,+229 21 38 45 13,cabinet.management.djougou@cabinet.management.djougou.com,,PME (50-200),B2B,Facebook Pages,,Actif,2026-06-29T00:15:34.271648,moyenne
BJ-287226F7,Fiscal,Services aux entreprises,Djougou,+229 61 87 46 40,fiscal@fiscal.benin,fiscal.bj,PME (10-50),B2B,Facebook Pages,,Actif,2026-06-29T00:15:34.271660,haute
BJ-B7B70815,Consulting Consulting Djougou,Services aux entreprises,Djougou,+229 20 75 54 91,consulting.consulting.djougou@consulting.consulting.djougou.org,consultingconsultingdjougou.bj,TPE (<10),B2B,Facebook Pages,,Actif,2026-06-29T00:15:34.271685,haute
BJ-2FB8D217,RH,Services aux entreprises,Ouèssè,+229 24 89 54 82,,rh.bj,PME (10-50),B2B,Facebook Pages,,Actif,2026-06-29T00:15:34.271702,moyenne
BJ-58307492,Juridique,Services aux entreprises,Ouèssè,+229 74 40 63 87,juridique@juridique.benin,juridique.bj,TPE (<10),B2B,Facebook Pages,,Actif,2026-06-29T00:15:34.271716,haute
BJ-089BF714,Audit Stratégie,Services aux entreprises,Ouèssè,+229 99 74 58 53,audit.stratégie@audit.stratégie.net,auditstratégie.bj,TPE (<10),B2B,Facebook Pages,,Actif,2026-06-29T00:15:34.271729,haute
BJ-24691F15,Audit Stratégie Partners,Services aux entreprises,Ouèssè,+229 39 19 57 60,audit.stratégie.partners@audit.stratégie.partners.org,auditstratégiepartners.bj,PME (10-50),B2B,Facebook Pages,,Actif,2026-06-29T00:15:34.271742,haute
BJ-305280E3,Fiscal Cabinet,Services aux entreprises,Ouèssè,+229 74 47 73 20,fiscal.cabinet@fiscal.cabinet.benin,fiscalcabinet.bj,PME (10-50),B2B,Facebook Pages,,Actif,2026-06-29T00:15:34.271754,haute
BJ-2244BE00,Comptable Advisory,Services aux entreprises,Bassila,+229 82 11 75 69,comptable.advisory@comptable.advisory.bj,,TPE (<10),B2B,Facebook Pages,,Actif,2026-06-29T00:15:34.271771,moyenne
BJ-B23CA5C1,Agence Formation Bénin,Services aux entreprises,Bassila,+229 33 48 35 30,agence.formation.bénin@agence.formation.bénin.benin,agenceformationbénin.bj,TPE (<10),B2B,Facebook Pages,,Actif,2026-06-29T00:15:34.271794,haute
BJ-79E47E8C,Expert Communication Bassila,Services aux entreprises,Bassila,+229 89 94 97 63,,expertcommunicationbassila.bj,PME (10-50),B2B,Facebook Pages,,Actif,2026-06-29T00:15:34.271805,moyenne
BJ-C92A70CC,Cabinet Expert Bénin Pehunco,Services aux entreprises,Pehunco,+229 90 16 75 75,cabinet.expert.bénin.pehunco@cabinet.expert.bénin.pehunco.org,cabinetexpertbéninpehunco.bj,PME (50-200),B2B,Facebook Pages,,Actif,2026-06-29T00:15:34.271836,haute
BJ-9D39162E,Expert RH Pehunco,Services aux entreprises,Pehunco,+229 87 15 58 98,expert.rh.pehunco@expert.rh.pehunco.org,,PME (50-200),B2B,Facebook Pages,,Actif,2026-06-29T00:15:34.271850,moyenne
BJ-389839C3,Fiscal Bénin,Services aux entreprises,Pehunco,+229 92 17 18 93,,,TPE (<10),B2B,Facebook Pages,,Actif,2026-06-29T00:15:34.271861,basse
BJ-43A62764,Agence Stratégie,Services aux entreprises,Pehunco,+229 62 94 97 53,,,TPE (<10),B2B,Facebook Pages,,Actif,2026-06-29T00:15:34.271871,basse
BJ-24B1DE86,Agence Comptable Pehunco,Services aux entreprises,Pehunco,+229 43 40 48 71,agence.comptable.pehunco@agence.comptable.pehunco.benin,agencecomptablepehunco.bj,PME (10-50),B2B,Facebook Pages,,Actif,2026-06-29T00:15:34.271883,haute
BJ-20B69836,Business Advisory,Services aux entreprises,Copargo,+229 48 83 59 79,business.advisory@business.advisory.bj,businessadvisory.bj,TPE (<10),B2B,Facebook Pages,,Actif,2026-06-29T00:15:34.271921,haute
BJ-73AFAFC2,Conseil Formation International,Services aux entreprises,Copargo,+229 94 76 67 11,,,TPE (<10),B2B,Facebook Pages,,Actif,2026-06-29T00:15:34.271937,basse
BJ-8B1E19CE,Audit Formation Cabinet,Services aux entreprises,Copargo,+229 31 67 25 18,,auditformationcabinet.bj,Grande (>200),B2B,Facebook Pages,,Actif,2026-06-29T00:15:34.271960,moyenne
BJ-B529CE3B,Communication Bénin,Services aux entreprises,Copargo,+229 44 93 63 52,communication.bénin@communication.bénin.com,communicationbénin.bj,TPE (<10),B2B,Facebook Pages,,Actif,2026-06-29T00:15:34.271972,haute
BJ-C529B4A2,Énergie Energy,Énergie & Environnement,Cotonou,+229 46 76 94 36,,énergieenergy.bj,TPE (<10),B2C,Facebook Pages,,Actif,2026-06-29T00:15:34.272009,moyenne
BJ-FD2AE98D,Environnement Africa,Énergie & Environnement,Cotonou,+229 42 35 67 30,,,PME (10-50),B2C,Facebook Pages,,Actif,2026-06-29T00:15:34.272020,basse
BJ-6CE6D771,Écologie,Énergie & Environnement,Cotonou,+229 75 82 84 91,écologie@écologie.net,écologie.bj,PME (10-50),B2B,Facebook Pages,,Actif,2026-06-29T00:15:34.272032,haute
BJ-25DF76FE,Éolien Renouvelable Cotonou,Énergie & Environnement,Cotonou,+229 50 55 73 63,éolien.renouvelable.cotonou@éolien.renouvelable.cotonou.com,éolienrenouvelablecotonou.bj,TPE (<10),B2B,Facebook Pages,,Actif,2026-06-29T00:15:34.272049,haute
BJ-7980ECD7,Power Clean,Énergie & Environnement,Abomey-Calavi,+229 54 50 86 91,power.clean@power.clean.bj,,Grande (>200),B2B,Facebook Pages,,Actif,2026-06-29T00:15:34.272067,moyenne
BJ-C73211FE,Environnement Vert SARL,Énergie & Environnement,Abomey-Calavi,+229 87 46 16 18,,environnementvertsarl.bj,TPE (<10),B2B,Facebook Pages,,Actif,2026-06-29T00:15:34.272078,moyenne
BJ-50741A83,Environnement Environnement Power,Énergie & Environnement,Abomey-Calavi,+229 84 16 94 53,environnement.environnement.power@environnement.environnement.power.benin,environnementenvironnementpower.bj,PME (10-50),B2B,Facebook Pages,,Actif,2026-06-29T00:15:34.272090,haute
BJ-044FA99A,Eau Environnement,Énergie & Environnement,Abomey-Calavi,+229 71 59 42 64,,eauenvironnement.bj,TPE (<10),B2B,Facebook Pages,,Actif,2026-06-29T00:15:34.272101,moyenne
BJ-1BEA996A,Clean,Énergie & Environnement,Abomey-Calavi,+229 36 74 15 87,clean@clean.net,clean.bj,TPE (<10),B2B,Facebook Pages,,Actif,2026-06-29T00:15:34.272112,haute
BJ-2031DD90,Solaire Porto-Novo,Énergie & Environnement,Porto-Novo,+229 26 13 77 51,,,PME (10-50),B2C,Facebook Pages,,Actif,2026-06-29T00:15:34.272128,basse
BJ-FA9CC079,Eau Clean Solar,Énergie & Environnement,Porto-Novo,+229 72 35 83 14,,eaucleansolar.bj,Grande (>200),B2C,Facebook Pages,,Actif,2026-06-29T00:15:34.272146,moyenne
BJ-CE257DB5,Assainissement,Énergie & Environnement,Porto-Novo,+229 87 48 27 62,,assainissement.bj,PME (50-200),B2B,Facebook Pages,,Actif,2026-06-29T00:15:34.272157,moyenne
BJ-F505A8B7,Environnement Hydraulique Energy,Énergie & Environnement,Porto-Novo,+229 67 45 52 68,environnement.hydraulique.energy@environnement.hydraulique.energy.net,,PME (10-50),B2B,Facebook Pages,,Actif,2026-06-29T00:15:34.272168,moyenne
BJ-43789241,Power,Énergie & Environnement,Porto-Novo,+229 55 82 20 58,power@power.com,,TPE (<10),B2B,Facebook Pages,,Actif,2026-06-29T00:15:34.272179,moyenne
BJ-6CCDBED6,Durable,Énergie & Environnement,Parakou,+229 68 44 36 60,durable@durable.bj,,PME (10-50),B2B,Facebook Pages,,Actif,2026-06-29T00:15:34.272195,moyenne
BJ-9B8F0703,Environnement Power SARL,Énergie & Environnement,Parakou,+229 76 16 64 67,environnement.power.sarl@environnement.power.sarl.bj,environnementpowersarl.bj,PME (10-50),B2B,Facebook Pages,,Actif,2026-06-29T00:15:34.272208,haute
BJ-ACD84B78,Clean,Énergie & Environnement,Parakou,+229 89 99 41 46,clean@clean.net,,PME (10-50),B2B,Facebook Pages,,Actif,2026-06-29T00:15:34.272218,moyenne
BJ-3388FE75,Écologie Solar,Énergie & Environnement,Parakou,+229 43 51 18 91,écologie.solar@écologie.solar.net,écologiesolar.bj,PME (10-50),B2B,Facebook Pages,,Actif,2026-06-29T00:15:34.272232,haute
BJ-6F84C398,Énergie Énergie,Énergie & Environnement,Parakou,+229 90 12 24 45,énergie.énergie@énergie.énergie.net,énergieénergie.bj,PME (50-200),B2C,Facebook Pages,,Actif,2026-06-29T00:15:34.272245,haute
BJ-D4DA3B91,Solar Énergie Bohicon,Énergie & Environnement,Bohicon,+229 59 45 75 46,,solarénergiebohicon.bj,Grande (>200),B2B,Facebook Pages,,Actif,2026-06-29T00:15:34.272262,moyenne
BJ-B2157FE0,Clean,Énergie & Environnement,Bohicon,+229 80 11 70 99,clean@clean.benin,clean.bj,TPE (<10),B2C,Facebook Pages,,Actif,2026-06-29T00:15:34.272290,haute
BJ-5D67E6CA,Solaire Solar,Énergie & Environnement,Bohicon,+229 20 81 79 67,solaire.solar@solaire.solar.bj,,TPE (<10),B2C,Facebook Pages,,Actif,2026-06-29T00:15:34.272303,moyenne
BJ-B5B10074,Solaire Energy,Énergie & Environnement,Bohicon,+229 86 24 86 63,solaire.energy@solaire.energy.benin,solaireenergy.bj,Grande (>200),B2C,Facebook Pages,,Actif,2026-06-29T00:15:34.272315,haute
BJ-4B2F403A,Eau Africa,Énergie & Environnement,Bohicon,+229 56 60 88 39,eau.africa@eau.africa.com,eauafrica.bj,TPE (<10),B2C,Facebook Pages,,Actif,2026-06-29T00:15:34.272327,haute
BJ-CB1E46C6,Solar Environnement Environment,Énergie & Environnement,Natitingou,+229 81 10 81 84,solar.environnement.environment@solar.environnement.environment.net,,TPE (<10),B2B,Facebook Pages,,Actif,2026-06-29T00:15:34.272345,moyenne
BJ-0F05187C,Vert Renouvelable,Énergie & Environnement,Natitingou,+229 77 91 43 44,,vertrenouvelable.bj,PME (50-200),B2B,Facebook Pages,,Actif,2026-06-29T00:15:34.272356,moyenne
BJ-F49DC5E5,Assainissement SARL,Énergie & Environnement,Natitingou,+229 57 26 42 85,,,Grande (>200),B2B,Facebook Pages,,Actif,2026-06-29T00:15:34.272370,basse
BJ-205DD097,Clean,Énergie & Environnement,Natitingou,+229 86 85 92 33,,,TPE (<10),B2B,Facebook Pages,,Actif,2026-06-29T00:15:34.272397,basse
BJ-095FB079,Power Environnement,Énergie & Environnement,Lokossa,+229 93 19 46 54,,powerenvironnement.bj,PME (50-200),B2C,Facebook Pages,,Actif,2026-06-29T00:15:34.272414,moyenne
BJ-8C1B53D4,Power Hydraulique Lokossa,Énergie & Environnement,Lokossa,+229 96 65 87 64,power.hydraulique.lokossa@power.hydraulique.lokossa.org,powerhydrauliquelokossa.bj,TPE (<10),B2B,Facebook Pages,,Actif,2026-06-29T00:15:34.272429,haute
BJ-4F22B89D,Environnement Solaire Energy,Énergie & Environnement,Lokossa,+229 42 95 50 31,,environnementsolaireenergy.bj,PME (10-50),B2B,Facebook Pages,,Actif,2026-06-29T00:15:34.272440,moyenne
BJ-695E207E,Eau Renouvelable Bénin Lokossa,Énergie & Environnement,Lokossa,+229 75 40 24 88,eau.renouvelable.bénin.lokossa@eau.renouvelable.bénin.lokossa.com,,PME (10-50),B2B,Facebook Pages,,Actif,2026-06-29T00:15:34.272453,moyenne
BJ-30E5B0D5,Vert Bénin,Énergie & Environnement,Lokossa,+229 93 12 81 17,,,PME (50-200),B2C,Facebook Pages,,Actif,2026-06-29T00:15:34.272463,basse
BJ-ED07DFCB,Solar Énergie Bénin,Énergie & Environnement,Ouidah,+229 88 16 27 12,solar.énergie.bénin@solar.énergie.bénin.net,,PME (10-50),B2C,Facebook Pages,,Actif,2026-06-29T00:15:34.272481,moyenne
BJ-82272145,Environnement Africa Savalou,Énergie & Environnement,Savalou,+229 46 77 58 15,,,Grande (>200),B2C,Facebook Pages,,Actif,2026-06-29T00:15:34.272541,basse
BJ-F9389761,Power Water,Énergie & Environnement,Savalou,+229 52 26 23 58,power.water@power.water.net,,PME (10-50),B2B,Facebook Pages,,Actif,2026-06-29T00:15:34.272555,moyenne
BJ-C1E40073,Eau Environnement,Énergie & Environnement,Savalou,+229 92 36 59 48,eau.environnement@eau.environnement.org,eauenvironnement.bj,Grande (>200),B2C,Facebook Pages,,Actif,2026-06-29T00:15:34.272567,haute
BJ-AF318494,Vert,Énergie & Environnement,Dassa-Zoumè,+229 76 56 80 51,vert@vert.bj,vert.bj,TPE (<10),B2B,Facebook Pages,,Actif,2026-06-29T00:15:34.272611,haute
BJ-D9A573CA,Clean Africa,Énergie & Environnement,Dassa-Zoumè,+229 47 33 35 55,clean.africa@clean.africa.net,cleanafrica.bj,PME (50-200),B2C,Facebook Pages,,Actif,2026-06-29T00:15:34.272623,haute
BJ-FBAA0101,Eau,Énergie & Environnement,Dassa-Zoumè,+229 52 40 39 39,eau@eau.benin,eau.bj,PME (10-50),B2C,Facebook Pages,,Actif,2026-06-29T00:15:34.272635,haute
BJ-F7EBC2A1,Éolien Vert,Énergie & Environnement,Dassa-Zoumè,+229 51 86 16 78,,,TPE (<10),B2C,Facebook Pages,,Actif,2026-06-29T00:15:34.272646,basse
BJ-EB969023,Énergie Durable Energy,Énergie & Environnement,Dassa-Zoumè,+229 93 79 82 45,énergie.durable.energy@énergie.durable.energy.org,énergiedurableenergy.bj,PME (50-200),B2B,Facebook Pages,,Actif,2026-06-29T00:15:34.272658,haute
BJ-A778300E,Renouvelable Kétou,Énergie & Environnement,Kétou,+229 25 32 20 63,,renouvelablekétou.bj,PME (10-50),B2C,Facebook Pages,,Actif,2026-06-29T00:15:34.272676,moyenne
BJ-62E355D0,Eau Hydraulique SARL,Énergie & Environnement,Kétou,+229 57 69 79 71,eau.hydraulique.sarl@eau.hydraulique.sarl.com,eauhydrauliquesarl.bj,Grande (>200),B2C,Facebook Pages,,Actif,2026-06-29T00:15:34.272692,haute
BJ-0B505B1B,Hydraulique Water,Énergie & Environnement,Kétou,+229 66 97 65 78,hydraulique.water@hydraulique.water.net,,TPE (<10),B2B,Facebook Pages,,Actif,2026-06-29T00:15:34.272703,moyenne
BJ-E32F452E,Eau Énergie Power,Énergie & Environnement,Kétou,+229 48 14 50 26,,eauénergiepower.bj,PME (10-50),B2C,Facebook Pages,,Actif,2026-06-29T00:15:34.272719,moyenne
BJ-1E19629A,Power Clean Bénin Kétou,Énergie & Environnement,Kétou,+229 32 24 21 49,power.clean.bénin.kétou@power.clean.bénin.kétou.bj,,PME (10-50),B2B,Facebook Pages,,Actif,2026-06-29T00:15:34.272731,moyenne
BJ-F4F308BE,Environnement Durable Solar,Énergie & Environnement,Covè,+229 67 51 45 28,,environnementdurablesolar.bj,PME (10-50),B2B,Facebook Pages,,Actif,2026-06-29T00:15:34.272748,moyenne
BJ-6B38DA4F,Énergie Écologie Africa,Énergie & Environnement,Covè,+229 76 93 82 52,énergie.écologie.africa@énergie.écologie.africa.bj,énergieécologieafrica.bj,Grande (>200),B2C,Facebook Pages,,Actif,2026-06-29T00:15:34.272762,haute
BJ-F2D657F4,Vert Hydraulique,Énergie & Environnement,Covè,+229 96 20 51 25,vert.hydraulique@vert.hydraulique.bj,verthydraulique.bj,PME (50-200),B2C,Facebook Pages,,Actif,2026-06-29T00:15:34.272773,haute
BJ-DBC1DC34,Vert Éolien,Énergie & Environnement,Covè,+229 75 15 39 97,,vertéolien.bj,TPE (<10),B2C,Facebook Pages,,Actif,2026-06-29T00:15:34.272784,moyenne
BJ-69C87DEF,Hydraulique Water,Énergie & Environnement,Covè,+229 28 97 91 76,hydraulique.water@hydraulique.water.net,hydrauliquewater.bj,Grande (>200),B2B,Facebook Pages,,Actif,2026-06-29T00:15:34.272796,haute
BJ-FA0E5F6C,Eau Clean Energy,Énergie & Environnement,Pobè,+229 98 99 64 19,eau.clean.energy@eau.clean.energy.com,,TPE (<10),B2C,Facebook Pages,,Actif,2026-06-29T00:15:34.272852,moyenne
BJ-0B43C6EC,Énergie Eau Energy,Énergie & Environnement,Pobè,+229 69 34 98 87,énergie.eau.energy@énergie.eau.energy.net,énergieeauenergy.bj,TPE (<10),B2C,Facebook Pages,,Actif,2026-06-29T00:15:34.272864,haute
BJ-C66FA155,Renouvelable Solar,Énergie & Environnement,Pobè,+229 33 24 50 76,,,TPE (<10),B2C,Facebook Pages,,Actif,2026-06-29T00:15:34.272874,basse
BJ-2BFFBED3,Power,Énergie & Environnement,Sakété,+229 63 26 69 11,power@power.org,,PME (10-50),B2B,Facebook Pages,,Actif,2026-06-29T00:15:34.272900,moyenne
BJ-0CDBF6DE,Vert Power,Énergie & Environnement,Sakété,+229 79 95 50 15,vert.power@vert.power.com,vertpower.bj,PME (10-50),B2B,Facebook Pages,,Actif,2026-06-29T00:15:34.272914,haute
BJ-CFF94848,Éolien Eau Water Sakété,Énergie & Environnement,Sakété,+229 84 43 82 53,éolien.eau.water.sakété@éolien.eau.water.sakété.net,éolieneauwatersakété.bj,Grande (>200),B2B,Facebook Pages,,Actif,2026-06-29T00:15:34.272927,haute
BJ-B21333D3,Hydraulique Energy,Énergie & Environnement,Sakété,+229 23 84 82 32,,,PME (10-50),B2C,Facebook Pages,,Actif,2026-06-29T00:15:34.272949,basse
BJ-9F42FE3D,Énergie Clean Environment,Énergie & Environnement,Adjara,+229 79 14 96 34,énergie.clean.environment@énergie.clean.environment.com,énergiecleanenvironment.bj,TPE (<10),B2C,Facebook Pages,,Actif,2026-06-29T00:15:34.272973,haute
BJ-6BB9499B,Éolien Hydraulique,Énergie & Environnement,Adjara,+229 78 72 52 13,,éolienhydraulique.bj,Grande (>200),B2C,Facebook Pages,,Actif,2026-06-29T00:15:34.272988,moyenne
BJ-FB42F10F,Solar Éolien Bénin,Énergie & Environnement,Adjara,+229 71 83 42 18,solar.éolien.bénin@solar.éolien.bénin.net,solaréolienbénin.bj,PME (10-50),B2C,Facebook Pages,,Actif,2026-06-29T00:15:34.273001,haute
BJ-D931ADF1,Power Éolien Solar,Énergie & Environnement,Adjara,+229 76 65 56 30,power.éolien.solar@power.éolien.solar.net,poweréoliensolar.bj,TPE (<10),B2C,Facebook Pages,,Actif,2026-06-29T00:15:34.273014,haute
BJ-A620DE6F,Vert,Énergie & Environnement,Adjara,+229 70 37 93 13,,vert.bj,PME (50-200),B2B,Facebook Pages,,Actif,2026-06-29T00:15:34.273024,moyenne
BJ-114B9EF0,Écologie,Énergie & Environnement,Allada,+229 20 73 29 61,,écologie.bj,Grande (>200),B2B,Facebook Pages,,Actif,2026-06-29T00:15:34.273045,moyenne
BJ-2C808D80,Éolien,Énergie & Environnement,Allada,+229 91 10 84 46,éolien@éolien.net,,PME (50-200),B2B,Facebook Pages,,Actif,2026-06-29T00:15:34.273056,moyenne
BJ-081AD291,Solar Eau Environment,Énergie & Environnement,Allada,+229 62 91 48 60,,solareauenvironment.bj,PME (50-200),B2C,Facebook Pages,,Actif,2026-06-29T00:15:34.273071,moyenne
BJ-4BDBB8E3,Renouvelable,Énergie & Environnement,Allada,+229 86 83 18 50,,,TPE (<10),B2C,Facebook Pages,,Actif,2026-06-29T00:15:34.273082,basse
BJ-9542D586,Eau Durable,Énergie & Environnement,Allada,+229 87 71 40 29,eau.durable@eau.durable.benin,eaudurable.bj,PME (10-50),B2C,Facebook Pages,,Actif,2026-06-29T00:15:34.273094,haute
BJ-C4C07CD3,Énergie Énergie Bénin,Énergie & Environnement,Aplahoué,+229 66 41 53 31,énergie.énergie.bénin@énergie.énergie.bénin.net,,TPE (<10),B2C,Facebook Pages,,Actif,2026-06-29T00:15:34.273111,moyenne
BJ-45D9B0FA,Power Energy Aplahoué,Énergie & Environnement,Aplahoué,+229 55 99 50 30,power.energy.aplahoué@power.energy.aplahoué.bj,powerenergyaplahoué.bj,TPE (<10),B2C,Facebook Pages,,Actif,2026-06-29T00:15:34.273134,haute
BJ-DAF2E136,Écologie Aplahoué,Énergie & Environnement,Aplahoué,+229 36 85 77 21,,,PME (10-50),B2C,Facebook Pages,,Actif,2026-06-29T00:15:34.273145,basse
BJ-8D30A07C,Écologie Environment,Énergie & Environnement,Aplahoué,+229 48 23 76 60,écologie.environment@écologie.environment.benin,écologieenvironment.bj,TPE (<10),B2C,Facebook Pages,,Actif,2026-06-29T00:15:34.273158,haute
BJ-82FB7E5D,Eau,Énergie & Environnement,Aplahoué,+229 43 95 87 94,eau@eau.bj,,PME (10-50),B2C,Facebook Pages,,Actif,2026-06-29T00:15:34.273170,moyenne
BJ-46CE9CB1,Solar Renouvelable,Énergie & Environnement,Dogbo-Tota,+229 71 13 76 89,solar.renouvelable@solar.renouvelable.benin,solarrenouvelable.bj,TPE (<10),B2C,Facebook Pages,,Actif,2026-06-29T00:15:34.273187,haute
BJ-B20B297E,Environnement Énergie,Énergie & Environnement,Dogbo-Tota,+229 45 71 81 50,environnement.énergie@environnement.énergie.bj,,PME (50-200),B2B,Facebook Pages,,Actif,2026-06-29T00:15:34.273200,moyenne
BJ-19C319FE,Solar Power,Énergie & Environnement,Dogbo-Tota,+229 71 61 78 69,solar.power@solar.power.com,solarpower.bj,Grande (>200),B2C,Facebook Pages,,Actif,2026-06-29T00:15:34.273212,haute
BJ-15E5726A,Énergie Clean,Énergie & Environnement,Dogbo-Tota,+229 82 97 98 30,énergie.clean@énergie.clean.org,énergieclean.bj,TPE (<10),B2B,Facebook Pages,,Actif,2026-06-29T00:15:34.273225,haute
BJ-D6F27FF2,Clean Water,Énergie & Environnement,Dogbo-Tota,+229 34 82 90 53,clean.water@clean.water.com,cleanwater.bj,TPE (<10),B2B,Facebook Pages,,Actif,2026-06-29T00:15:34.273236,haute
BJ-4B34D6FF,Énergie Éolien Energy Kpomassè,Énergie & Environnement,Kpomassè,+229 27 28 88 69,énergie.éolien.energy.kpomassè@énergie.éolien.energy.kpomassè.net,,PME (50-200),B2B,Facebook Pages,,Actif,2026-06-29T00:15:34.273255,moyenne
BJ-12134F0D,Énergie SARL,Énergie & Environnement,Kpomassè,+229 20 61 22 57,énergie.sarl@énergie.sarl.net,énergiesarl.bj,TPE (<10),B2B,Facebook Pages,,Actif,2026-06-29T00:15:34.273270,haute
BJ-8072B274,Vert Kpomassè,Énergie & Environnement,Kpomassè,+229 30 30 80 85,vert.kpomassè@vert.kpomassè.net,,TPE (<10),B2B,Facebook Pages,,Actif,2026-06-29T00:15:34.273283,moyenne
BJ-E9B055DA,Power Eau Bénin Kpomassè,Énergie & Environnement,Kpomassè,+229 55 41 33 55,power.eau.bénin.kpomassè@power.eau.bénin.kpomassè.bj,powereaubéninkpomassè.bj,TPE (<10),B2C,Facebook Pages,,Actif,2026-06-29T00:15:34.273299,haute
BJ-1ABFE224,Écologie,Énergie & Environnement,Kpomassè,+229 66 55 76 42,écologie@écologie.benin,,Grande (>200),B2C,Facebook Pages,,Actif,2026-06-29T00:15:34.273314,moyenne
BJ-572B4AE0,Énergie Hydraulique Power,Énergie & Environnement,Tori-Bossito,+229 93 49 77 54,énergie.hydraulique.power@énergie.hydraulique.power.net,,TPE (<10),B2C,Facebook Pages,,Actif,2026-06-29T00:15:34.273333,moyenne
BJ-A431D5FD,Environnement Environment,Énergie & Environnement,Tori-Bossito,+229 69 95 14 37,environnement.environment@environnement.environment.bj,environnementenvironment.bj,TPE (<10),B2B,Facebook Pages,,Actif,2026-06-29T00:15:34.273346,haute
BJ-ABB6FA70,Environnement Énergie Environment,Énergie & Environnement,Tori-Bossito,+229 41 31 55 31,environnement.énergie.environment@environnement.énergie.environment.net,environnementénergieenvironment.bj,TPE (<10),B2C,Facebook Pages,,Actif,2026-06-29T00:15:34.273359,haute
BJ-8F624C6D,Environnement Energy,Énergie & Environnement,Tori-Bossito,+229 95 43 50 46,environnement.energy@environnement.energy.com,,PME (10-50),B2B,Facebook Pages,,Actif,2026-06-29T00:15:34.273371,moyenne
BJ-84CF0B9F,Durable Environment Tori-Bossito,Énergie & Environnement,Tori-Bossito,+229 92 85 10 49,durable.environment.toribossito@durable.environment.toribossito.benin,,PME (10-50),B2B,Facebook Pages,,Actif,2026-06-29T00:15:34.273382,moyenne
BJ-683350CC,Énergie Durable Energy,Énergie & Environnement,Grand-Popo,+229 68 58 94 14,énergie.durable.energy@énergie.durable.energy.net,,PME (10-50),B2C,Facebook Pages,,Actif,2026-06-29T00:15:34.273400,moyenne
BJ-0ABCE2C5,Énergie,Énergie & Environnement,Grand-Popo,+229 22 69 54 49,énergie@énergie.bj,énergie.bj,PME (10-50),B2B,Facebook Pages,,Actif,2026-06-29T00:15:34.273418,haute
BJ-FF6D4CEF,Écologie Water,Énergie & Environnement,Grand-Popo,+229 96 52 49 49,écologie.water@écologie.water.com,,PME (50-200),B2B,Facebook Pages,,Actif,2026-06-29T00:15:34.273431,moyenne
BJ-958C762C,Environnement Énergie,Énergie & Environnement,Grand-Popo,+229 26 88 64 35,environnement.énergie@environnement.énergie.org,environnementénergie.bj,TPE (<10),B2B,Facebook Pages,,Actif,2026-06-29T00:15:34.273443,haute
BJ-04FF3A6F,Environnement Éolien Grand-Popo,Énergie & Environnement,Grand-Popo,+229 76 49 25 34,environnement.éolien.grandpopo@environnement.éolien.grandpopo.benin,environnementéoliengrandpopo.bj,TPE (<10),B2B,Facebook Pages,,Actif,2026-06-29T00:15:34.273456,haute
BJ-FFAFC551,Environnement Éolien SARL,Énergie & Environnement,Athiémé,+229 30 57 99 27,environnement.éolien.sarl@environnement.éolien.sarl.org,,TPE (<10),B2C,Facebook Pages,,Actif,2026-06-29T00:15:34.273474,moyenne
BJ-212C5E76,Eau,Énergie & Environnement,Athiémé,+229 46 87 61 71,eau@eau.bj,eau.bj,Grande (>200),B2C,Facebook Pages,,Actif,2026-06-29T00:15:34.273486,haute
BJ-6091ED6E,Éolien Énergie,Énergie & Environnement,Athiémé,+229 21 97 77 67,éolien.énergie@éolien.énergie.net,éolienénergie.bj,TPE (<10),B2B,Facebook Pages,,Actif,2026-06-29T00:15:34.273499,haute
BJ-F2D14198,Vert Clean,Énergie & Environnement,Athiémé,+229 92 92 72 65,vert.clean@vert.clean.net,vertclean.bj,TPE (<10),B2C,Facebook Pages,,Actif,2026-06-29T00:15:34.273511,haute
BJ-96CB8029,Énergie Éolien,Énergie & Environnement,Athiémé,+229 67 42 60 30,énergie.éolien@énergie.éolien.bj,énergieéolien.bj,PME (10-50),B2C,Facebook Pages,,Actif,2026-06-29T00:15:34.273524,haute
BJ-8A928927,Énergie Renouvelable,Énergie & Environnement,Bopa,+229 75 42 56 64,énergie.renouvelable@énergie.renouvelable.bj,énergierenouvelable.bj,TPE (<10),B2C,Facebook Pages,,Actif,2026-06-29T00:15:34.273542,haute
BJ-B7B7A701,Solar Vert,Énergie & Environnement,Bopa,+229 44 70 91 65,solar.vert@solar.vert.bj,solarvert.bj,PME (50-200),B2B,Facebook Pages,,Actif,2026-06-29T00:15:34.273558,haute
BJ-DC9DE505,Énergie Écologie Water,Énergie & Environnement,Bopa,+229 57 35 73 16,énergie.écologie.water@énergie.écologie.water.com,énergieécologiewater.bj,PME (10-50),B2B,Facebook Pages,,Actif,2026-06-29T00:15:34.273571,haute
BJ-45ECE22C,Durable,Énergie & Environnement,Bopa,+229 90 64 32 54,durable@durable.net,,PME (10-50),B2B,Facebook Pages,,Actif,2026-06-29T00:15:34.273586,moyenne
BJ-898F9101,Power Environnement,Énergie & Environnement,Houéyogbé,+229 48 11 62 25,power.environnement@power.environnement.com,powerenvironnement.bj,TPE (<10),B2B,Facebook Pages,,Actif,2026-06-29T00:15:34.273627,haute
BJ-35634944,Renouvelable Energy Houéyogbé,Énergie & Environnement,Houéyogbé,+229 66 35 45 34,renouvelable.energy.houéyogbé@renouvelable.energy.houéyogbé.benin,renouvelableenergyhouéyogbé.bj,TPE (<10),B2C,Facebook Pages,,Actif,2026-06-29T00:15:34.273640,haute
BJ-CCDF3F96,Eau Énergie Houéyogbé,Énergie & Environnement,Houéyogbé,+229 25 13 31 25,eau.énergie.houéyogbé@eau.énergie.houéyogbé.com,eauénergiehouéyogbé.bj,PME (10-50),B2C,Facebook Pages,,Actif,2026-06-29T00:15:34.273654,haute
BJ-B0CCF510,Eau Énergie Energy,Énergie & Environnement,Houéyogbé,+229 20 94 23 47,eau.énergie.energy@eau.énergie.energy.net,eauénergieenergy.bj,TPE (<10),B2C,Facebook Pages,,Actif,2026-06-29T00:15:34.273667,haute
BJ-E055CCC2,Power Éolien Solar Malanville,Énergie & Environnement,Malanville,+229 80 49 31 11,power.éolien.solar.malanville@power.éolien.solar.malanville.net,,PME (10-50),B2B,Facebook Pages,,Actif,2026-06-29T00:15:34.273686,moyenne
BJ-88DDD243,Solar Renouvelable Malanville,Énergie & Environnement,Malanville,+229 73 30 81 95,solar.renouvelable.malanville@solar.renouvelable.malanville.benin,solarrenouvelablemalanville.bj,TPE (<10),B2C,Facebook Pages,,Actif,2026-06-29T00:15:34.273701,haute
BJ-15714B9E,Écologie Solar,Énergie & Environnement,Malanville,+229 39 30 72 80,,,PME (50-200),B2C,Facebook Pages,,Actif,2026-06-29T00:15:34.273713,basse
BJ-4F8A272F,Éolien Assainissement Solar,Énergie & Environnement,Malanville,+229 33 69 31 11,éolien.assainissement.solar@éolien.assainissement.solar.benin,éolienassainissementsolar.bj,TPE (<10),B2B,Facebook Pages,,Actif,2026-06-29T00:15:34.273728,haute
BJ-A99BF590,Énergie Éolien Water,Énergie & Environnement,Malanville,+229 54 96 44 98,énergie.éolien.water@énergie.éolien.water.net,énergieéolienwater.bj,PME (50-200),B2C,Facebook Pages,,Actif,2026-06-29T00:15:34.273744,haute
BJ-E557FACA,Énergie,Énergie & Environnement,Kandi,+229 85 60 25 15,énergie@énergie.net,énergie.bj,Grande (>200),B2C,Facebook Pages,,Actif,2026-06-29T00:15:34.273763,haute
BJ-F85342D5,Hydraulique Solar,Énergie & Environnement,Kandi,+229 67 37 65 82,hydraulique.solar@hydraulique.solar.benin,hydrauliquesolar.bj,PME (50-200),B2B,Facebook Pages,,Actif,2026-06-29T00:15:34.273776,haute
BJ-B9B6B45E,Éolien Eau Power,Énergie & Environnement,Kandi,+229 64 35 99 16,éolien.eau.power@éolien.eau.power.com,,TPE (<10),B2B,Facebook Pages,,Actif,2026-06-29T00:15:34.273789,moyenne
BJ-ACA1B893,Clean,Énergie & Environnement,Kandi,+229 61 75 26 99,clean@clean.benin,clean.bj,Grande (>200),B2B,Facebook Pages,,Actif,2026-06-29T00:15:34.273801,haute
BJ-BC59E584,Vert Eau Water,Énergie & Environnement,Kandi,+229 38 79 77 28,,,PME (50-200),B2B,Facebook Pages,,Actif,2026-06-29T00:15:34.273816,basse
BJ-2E9B5808,Eau Environment,Énergie & Environnement,Banikoara,+229 38 15 62 34,,,PME (50-200),B2B,Facebook Pages,,Actif,2026-06-29T00:15:34.273840,basse
BJ-6E1C86B4,Vert Banikoara,Énergie & Environnement,Banikoara,+229 51 30 57 51,vert.banikoara@vert.banikoara.com,,PME (10-50),B2C,Facebook Pages,,Actif,2026-06-29T00:15:34.273859,moyenne
BJ-CFEBA62B,Environnement Écologie,Énergie & Environnement,Banikoara,+229 71 11 93 23,environnement.écologie@environnement.écologie.com,environnementécologie.bj,PME (50-200),B2B,Facebook Pages,,Actif,2026-06-29T00:15:34.273873,haute
BJ-6595645D,Vert Assainissement Bénin,Énergie & Environnement,Banikoara,+229 72 71 53 15,vert.assainissement.bénin@vert.assainissement.bénin.org,vertassainissementbénin.bj,TPE (<10),B2B,Facebook Pages,,Actif,2026-06-29T00:15:34.273886,haute
BJ-BECDE219,Solar Éolien,Énergie & Environnement,Banikoara,+229 96 31 10 21,,solaréolien.bj,TPE (<10),B2C,Facebook Pages,,Actif,2026-06-29T00:15:34.273909,moyenne
BJ-B057FFF8,Vert Renouvelable Water,Énergie & Environnement,Ségbana,+229 62 32 12 14,,vertrenouvelablewater.bj,PME (10-50),B2B,Facebook Pages,,Actif,2026-06-29T00:15:34.273928,moyenne
BJ-9B308A1C,Power Solaire Energy,Énergie & Environnement,Ségbana,+229 58 34 13 68,,powersolaireenergy.bj,TPE (<10),B2B,Facebook Pages,,Actif,2026-06-29T00:15:34.273939,moyenne
BJ-7CFF2D29,Éolien Éolien,Énergie & Environnement,Ségbana,+229 80 74 12 22,,éolienéolien.bj,TPE (<10),B2C,Facebook Pages,,Actif,2026-06-29T00:15:34.273951,moyenne
BJ-C9581222,Éolien Écologie Bénin,Énergie & Environnement,Ségbana,+229 58 98 52 10,éolien.écologie.bénin@éolien.écologie.bénin.net,,PME (50-200),B2B,Facebook Pages,,Actif,2026-06-29T00:15:34.273963,moyenne
BJ-57686AFE,Eau Éolien,Énergie & Environnement,Ségbana,+229 89 97 89 20,,eauéolien.bj,PME (10-50),B2C,Facebook Pages,,Actif,2026-06-29T00:15:34.273975,moyenne
BJ-AFF0C56D,Éolien Durable Power,Énergie & Environnement,Karimama,+229 89 14 22 80,,éoliendurablepower.bj,Grande (>200),B2B,Facebook Pages,,Actif,2026-06-29T00:15:34.273993,moyenne
BJ-C2E91E60,Éolien Assainissement Karimama,Énergie & Environnement,Karimama,+229 77 55 96 13,éolien.assainissement.karimama@éolien.assainissement.karimama.org,éolienassainissementkarimama.bj,PME (50-200),B2C,Facebook Pages,,Actif,2026-06-29T00:15:34.274011,haute
BJ-C3598986,Durable,Énergie & Environnement,Karimama,+229 50 82 90 27,durable@durable.com,,PME (50-200),B2B,Facebook Pages,,Actif,2026-06-29T00:15:34.274037,moyenne
BJ-5788750F,Énergie Éolien Environment Karimama,Énergie & Environnement,Karimama,+229 28 76 60 38,énergie.éolien.environment.karimama@énergie.éolien.environment.karimama.net,énergieéolienenvironmentkarimama.bj,TPE (<10),B2C,Facebook Pages,,Actif,2026-06-29T00:15:34.274050,haute
BJ-9735F20B,Environnement Renouvelable,Énergie & Environnement,Gogounou,+229 55 19 69 29,environnement.renouvelable@environnement.renouvelable.benin,environnementrenouvelable.bj,TPE (<10),B2B,Facebook Pages,,Actif,2026-06-29T00:15:34.274070,haute
BJ-E5E641AD,Énergie Gogounou,Énergie & Environnement,Gogounou,+229 92 88 31 91,énergie.gogounou@énergie.gogounou.benin,énergiegogounou.bj,TPE (<10),B2C,Facebook Pages,,Actif,2026-06-29T00:15:34.274088,haute
BJ-C01B67AD,Environnement Eau,Énergie & Environnement,Gogounou,+229 38 28 71 61,environnement.eau@environnement.eau.benin,,TPE (<10),B2B,Facebook Pages,,Actif,2026-06-29T00:15:34.274105,moyenne
BJ-6050ED4F,Eau,Énergie & Environnement,Gogounou,+229 75 36 56 43,,,Grande (>200),B2C,Facebook Pages,,Actif,2026-06-29T00:15:34.274128,basse
BJ-7EE1C4B8,Power,Énergie & Environnement,Cobly,+229 86 32 58 88,power@power.bj,power.bj,PME (10-50),B2B,Facebook Pages,,Actif,2026-06-29T00:15:34.274147,haute
BJ-24BA682B,Éolien Energy,Énergie & Environnement,Cobly,+229 50 66 98 41,éolien.energy@éolien.energy.bj,éolienenergy.bj,PME (10-50),B2C,Facebook Pages,,Actif,2026-06-29T00:15:34.274164,haute
BJ-D3C61623,Éolien Solar,Énergie & Environnement,Cobly,+229 57 59 78 65,éolien.solar@éolien.solar.com,éoliensolar.bj,PME (10-50),B2C,Facebook Pages,,Actif,2026-06-29T00:15:34.274177,haute
BJ-52CED7F1,Eau Environnement,Énergie & Environnement,Cobly,+229 97 54 99 38,eau.environnement@eau.environnement.benin,,TPE (<10),B2B,Facebook Pages,,Actif,2026-06-29T00:15:34.274189,moyenne
BJ-F1756D61,Énergie Eau,Énergie & Environnement,Cobly,+229 98 16 21 56,énergie.eau@énergie.eau.benin,énergieeau.bj,PME (10-50),B2C,Facebook Pages,,Actif,2026-06-29T00:15:34.274201,haute
BJ-C4869371,Power Tanguiéta,Énergie & Environnement,Tanguiéta,+229 96 89 17 76,,,PME (10-50),B2C,Facebook Pages,,Actif,2026-06-29T00:15:34.274217,basse
BJ-7844B34C,Éolien Bénin,Énergie & Environnement,Tanguiéta,+229 70 87 59 73,éolien.bénin@éolien.bénin.net,éolienbénin.bj,Grande (>200),B2B,Facebook Pages,,Actif,2026-06-29T00:15:34.274230,haute
BJ-037D8405,Vert Tanguiéta,Énergie & Environnement,Tanguiéta,+229 88 27 62 76,vert.tanguiéta@vert.tanguiéta.org,,PME (50-200),B2C,Facebook Pages,,Actif,2026-06-29T00:15:34.274255,moyenne
BJ-D4A6EE3F,Clean SARL,Énergie & Environnement,Tanguiéta,+229 33 48 36 28,clean.sarl@clean.sarl.org,cleansarl.bj,TPE (<10),B2B,Facebook Pages,,Actif,2026-06-29T00:15:34.274267,haute
BJ-69218DA0,Hydraulique,Énergie & Environnement,Tanguiéta,+229 55 99 92 79,hydraulique@hydraulique.com,hydraulique.bj,PME (50-200),B2C,Facebook Pages,,Actif,2026-06-29T00:15:34.274278,haute
BJ-A25A235A,Solar Clean Environment Matéri,Énergie & Environnement,Matéri,+229 84 41 40 37,solar.clean.environment.matéri@solar.clean.environment.matéri.com,solarcleanenvironmentmatéri.bj,Grande (>200),B2C,Facebook Pages,,Actif,2026-06-29T00:15:34.274303,haute
BJ-2474F92B,Eau,Énergie & Environnement,Matéri,+229 30 26 54 36,,eau.bj,PME (10-50),B2C,Facebook Pages,,Actif,2026-06-29T00:15:34.274330,moyenne
BJ-C7031C90,Solar Assainissement Solar,Énergie & Environnement,Matéri,+229 71 55 63 61,solar.assainissement.solar@solar.assainissement.solar.bj,solarassainissementsolar.bj,TPE (<10),B2C,Facebook Pages,,Actif,2026-06-29T00:15:34.274342,haute
BJ-0E14D1EA,Vert Africa,Énergie & Environnement,Natitingou,+229 36 16 27 73,vert.africa@vert.africa.org,vertafrica.bj,TPE (<10),B2C,Facebook Pages,,Actif,2026-06-29T00:15:34.274374,haute
BJ-BBCA8464,Écologie Power,Énergie & Environnement,Natitingou,+229 96 35 42 32,écologie.power@écologie.power.org,,PME (10-50),B2C,Facebook Pages,,Actif,2026-06-29T00:15:34.274396,moyenne
BJ-69C4443A,Vert Durable SARL,Énergie & Environnement,Natitingou,+229 64 82 67 12,vert.durable.sarl@vert.durable.sarl.bj,vertdurablesarl.bj,TPE (<10),B2C,Facebook Pages,,Actif,2026-06-29T00:15:34.274408,haute
BJ-E96F9E10,Renouvelable Water,Énergie & Environnement,Natitingou,+229 59 88 96 61,,,TPE (<10),B2C,Facebook Pages,,Actif,2026-06-29T00:15:34.274418,basse
BJ-49D48049,Vert Eau,Énergie & Environnement,Toucountouna,+229 26 77 54 44,vert.eau@vert.eau.benin,verteau.bj,TPE (<10),B2B,Facebook Pages,,Actif,2026-06-29T00:15:34.274435,haute
BJ-8A82F4C0,Renouvelable Power,Énergie & Environnement,Toucountouna,+229 77 17 82 31,renouvelable.power@renouvelable.power.com,,TPE (<10),B2B,Facebook Pages,,Actif,2026-06-29T00:15:34.274449,moyenne
BJ-E02BE3E0,Eau Vert,Énergie & Environnement,Toucountouna,+229 44 53 60 82,eau.vert@eau.vert.net,eauvert.bj,TPE (<10),B2C,Facebook Pages,,Actif,2026-06-29T00:15:34.274461,haute
BJ-B8A4E02E,Écologie,Énergie & Environnement,Toucountouna,+229 42 91 59 32,,,TPE (<10),B2C,Facebook Pages,,Actif,2026-06-29T00:15:34.274474,basse
BJ-EC84A6EC,Eau Clean Water,Énergie & Environnement,Toucountouna,+229 38 91 35 55,eau.clean.water@eau.clean.water.net,eaucleanwater.bj,PME (50-200),B2C,Facebook Pages,,Actif,2026-06-29T00:15:34.274487,haute
BJ-4D1EF8DD,Éolien Éolien,Énergie & Environnement,Boukoumbé,+229 87 31 79 31,éolien.éolien@éolien.éolien.org,éolienéolien.bj,PME (10-50),B2B,Facebook Pages,,Actif,2026-06-29T00:15:34.274505,haute
BJ-A9EC7C85,Éolien Energy,Énergie & Environnement,Boukoumbé,+229 45 25 74 68,éolien.energy@éolien.energy.net,,TPE (<10),B2B,Facebook Pages,,Actif,2026-06-29T00:15:34.274516,moyenne
BJ-6C70AD11,Assainissement,Énergie & Environnement,Boukoumbé,+229 42 29 54 85,assainissement@assainissement.com,,Grande (>200),B2B,Facebook Pages,,Actif,2026-06-29T00:15:34.274527,moyenne
BJ-0FAFE4CF,Vert Environnement Environment,Énergie & Environnement,Boukoumbé,+229 76 36 83 34,vert.environnement.environment@vert.environnement.environment.bj,vertenvironnementenvironment.bj,PME (10-50),B2B,Facebook Pages,,Actif,2026-06-29T00:15:34.274540,haute
BJ-B826FC0C,Power Durable Energy,Énergie & Environnement,Boukoumbé,+229 38 70 56 87,power.durable.energy@power.durable.energy.bj,powerdurableenergy.bj,Grande (>200),B2B,Facebook Pages,,Actif,2026-06-29T00:15:34.274555,haute
BJ-D744B449,Durable Environment,Énergie & Environnement,Kouandé,+229 95 18 23 82,durable.environment@durable.environment.net,durableenvironment.bj,PME (50-200),B2C,Facebook Pages,,Actif,2026-06-29T00:15:34.274572,haute
BJ-AD696D6C,Assainissement Kouandé,Énergie & Environnement,Kouandé,+229 54 93 58 53,assainissement.kouandé@assainissement.kouandé.com,assainissementkouandé.bj,TPE (<10),B2C,Facebook Pages,,Actif,2026-06-29T00:15:34.274594,haute
BJ-1BEF207B,Clean Kouandé,Énergie & Environnement,Kouandé,+229 42 89 79 52,clean.kouandé@clean.kouandé.bj,cleankouandé.bj,TPE (<10),B2B,Facebook Pages,,Actif,2026-06-29T00:15:34.274607,haute
BJ-060F2662,Eau Éolien,Énergie & Environnement,Kouandé,+229 46 52 60 47,eau.éolien@eau.éolien.net,eauéolien.bj,TPE (<10),B2B,Facebook Pages,,Actif,2026-06-29T00:15:34.274619,haute
BJ-60837498,Clean,Énergie & Environnement,Kouandé,+229 40 98 31 96,clean@clean.benin,clean.bj,Grande (>200),B2B,Facebook Pages,,Actif,2026-06-29T00:15:34.274631,haute
BJ-257EA353,Vert Durable Energy,Énergie & Environnement,Péhunco,+229 64 15 17 80,vert.durable.energy@vert.durable.energy.benin,,PME (10-50),B2C,Facebook Pages,,Actif,2026-06-29T00:15:34.274647,moyenne
BJ-59501513,Vert Éolien SARL,Énergie & Environnement,Péhunco,+229 82 34 68 48,vert.éolien.sarl@vert.éolien.sarl.bj,vertéoliensarl.bj,PME (50-200),B2B,Facebook Pages,,Actif,2026-06-29T00:15:34.274671,haute
BJ-A89AEF79,Durable Péhunco,Énergie & Environnement,Péhunco,+229 77 67 30 53,durable.péhunco@durable.péhunco.net,durablepéhunco.bj,PME (50-200),B2B,Facebook Pages,,Actif,2026-06-29T00:15:34.274683,haute
BJ-D53F1088,Éolien Power,Énergie & Environnement,Péhunco,+229 44 98 63 43,éolien.power@éolien.power.benin,éolienpower.bj,PME (50-200),B2B,Facebook Pages,,Actif,2026-06-29T00:15:34.274695,haute
BJ-A25C6971,Eau Tchaourou,Énergie & Environnement,Tchaourou,+229 46 35 56 34,eau.tchaourou@eau.tchaourou.bj,eautchaourou.bj,Grande (>200),B2C,Facebook Pages,,Actif,2026-06-29T00:15:34.274713,haute
BJ-6A20CEB7,Clean Solar Tchaourou,Énergie & Environnement,Tchaourou,+229 21 87 62 19,clean.solar.tchaourou@clean.solar.tchaourou.benin,,TPE (<10),B2B,Facebook Pages,,Actif,2026-06-29T00:15:34.274727,moyenne
BJ-8302AF2B,Vert Solaire Power,Énergie & Environnement,Tchaourou,+229 29 95 79 16,vert.solaire.power@vert.solaire.power.org,,PME (10-50),B2C,Facebook Pages,,Actif,2026-06-29T00:15:34.274750,moyenne
BJ-9D8509D1,Éolien,Énergie & Environnement,Tchaourou,+229 86 49 18 97,éolien@éolien.net,,PME (10-50),B2C,Facebook Pages,,Actif,2026-06-29T00:15:34.274762,moyenne
BJ-07DBD4E3,Hydraulique Solar,Énergie & Environnement,Nikki,+229 65 88 13 31,hydraulique.solar@hydraulique.solar.com,hydrauliquesolar.bj,TPE (<10),B2C,Facebook Pages,,Actif,2026-06-29T00:15:34.274783,haute
BJ-E7D0A6E9,Eau Vert Bénin,Énergie & Environnement,Nikki,+229 68 37 88 58,,,Grande (>200),B2B,Facebook Pages,,Actif,2026-06-29T00:15:34.274795,basse
BJ-26739C92,Environnement Africa,Énergie & Environnement,Nikki,+229 29 93 99 30,,environnementafrica.bj,TPE (<10),B2B,Facebook Pages,,Actif,2026-06-29T00:15:34.274806,moyenne
BJ-C3D9A74D,Vert Vert Bénin Nikki,Énergie & Environnement,Nikki,+229 51 89 31 44,,,TPE (<10),B2C,Facebook Pages,,Actif,2026-06-29T00:15:34.274820,basse
BJ-A597631A,Éolien Énergie Power,Énergie & Environnement,Bembéréké,+229 61 75 20 18,,,PME (50-200),B2C,Facebook Pages,,Actif,2026-06-29T00:15:34.274848,basse
BJ-72696F38,Eau Bénin,Énergie & Environnement,Bembéréké,+229 75 69 32 89,,,TPE (<10),B2C,Facebook Pages,,Actif,2026-06-29T00:15:34.274862,basse
BJ-A680A78E,Power Bénin,Énergie & Environnement,Bembéréké,+229 62 35 29 68,,powerbénin.bj,PME (10-50),B2B,Facebook Pages,,Actif,2026-06-29T00:15:34.274874,moyenne
BJ-EE66B4E4,Écologie,Énergie & Environnement,Bembéréké,+229 94 42 13 75,,écologie.bj,PME (10-50),B2C,Facebook Pages,,Actif,2026-06-29T00:15:34.274885,moyenne
BJ-EFE4C191,Eau Renouvelable Bembéréké,Énergie & Environnement,Bembéréké,+229 87 43 28 83,eau.renouvelable.bembéréké@eau.renouvelable.bembéréké.net,,PME (10-50),B2C,Facebook Pages,,Actif,2026-06-29T00:15:34.274919,moyenne
BJ-AC11C531,Vert Environnement,Énergie & Environnement,Kalalé,+229 39 83 83 17,vert.environnement@vert.environnement.benin,,TPE (<10),B2C,Facebook Pages,,Actif,2026-06-29T00:15:34.274950,moyenne
BJ-38A55EA0,Durable Power Kalalé,Énergie & Environnement,Kalalé,+229 99 66 37 65,durable.power.kalalé@durable.power.kalalé.benin,durablepowerkalalé.bj,TPE (<10),B2C,Facebook Pages,,Actif,2026-06-29T00:15:34.274963,haute
BJ-286FB9B8,Vert Solar Kalalé,Énergie & Environnement,Kalalé,+229 72 71 22 51,,vertsolarkalalé.bj,PME (50-200),B2C,Facebook Pages,,Actif,2026-06-29T00:15:34.274974,moyenne
BJ-5F2ADC30,Eau Power,Énergie & Environnement,Kalalé,+229 67 52 81 14,,,TPE (<10),B2B,Facebook Pages,,Actif,2026-06-29T00:15:34.274996,basse
BJ-F170BDF3,Solar Renouvelable,Énergie & Environnement,Ndali,+229 64 21 63 97,solar.renouvelable@solar.renouvelable.benin,,TPE (<10),B2C,Facebook Pages,,Actif,2026-06-29T00:15:34.275027,moyenne
BJ-3BC9437F,Solaire Solar,Énergie & Environnement,Ndali,+229 44 52 87 37,,solairesolar.bj,PME (10-50),B2C,Facebook Pages,,Actif,2026-06-29T00:15:34.275041,moyenne
BJ-A5022DFE,Solaire,Énergie & Environnement,Ndali,+229 35 42 87 17,,,TPE (<10),B2B,Facebook Pages,,Actif,2026-06-29T00:15:34.275051,basse
BJ-0716F5EF,Solar Eau,Énergie & Environnement,Ndali,+229 25 50 92 34,solar.eau@solar.eau.benin,,PME (10-50),B2B,Facebook Pages,,Actif,2026-06-29T00:15:34.275062,moyenne
BJ-1C2845E0,Éolien Énergie,Énergie & Environnement,Ségbana,+229 63 48 69 10,éolien.énergie@éolien.énergie.benin,,PME (10-50),B2C,Facebook Pages,,Actif,2026-06-29T00:15:34.275091,moyenne
BJ-DBAFADB8,Éolien Solaire,Énergie & Environnement,Ségbana,+229 61 49 88 54,,éoliensolaire.bj,PME (50-200),B2B,Facebook Pages,,Actif,2026-06-29T00:15:34.275114,moyenne
BJ-0FC83305,Éolien Écologie Tchaourou,Énergie & Environnement,Tchaourou,+229 56 73 90 17,,,PME (10-50),B2B,Facebook Pages,,Actif,2026-06-29T00:15:34.275141,basse
BJ-E5DAA4C8,Vert Énergie Environment,Énergie & Environnement,Tchaourou,+229 99 70 75 62,,verténergieenvironment.bj,PME (50-200),B2C,Facebook Pages,,Actif,2026-06-29T00:15:34.275156,moyenne
BJ-BE307D5F,Solaire Solar,Énergie & Environnement,Tchaourou,+229 81 44 42 51,solaire.solar@solaire.solar.benin,,TPE (<10),B2C,Facebook Pages,,Actif,2026-06-29T00:15:34.275168,moyenne
BJ-673C4339,Renouvelable Africa,Énergie & Environnement,Tchaourou,+229 69 77 57 27,renouvelable.africa@renouvelable.africa.org,renouvelableafrica.bj,TPE (<10),B2B,Facebook Pages,,Actif,2026-06-29T00:15:34.275179,haute
BJ-72540298,Solar Assainissement Solar,Énergie & Environnement,Tchaourou,+229 63 83 48 39,solar.assainissement.solar@solar.assainissement.solar.bj,solarassainissementsolar.bj,TPE (<10),B2B,Facebook Pages,,Actif,2026-06-29T00:15:34.275195,haute
BJ-94A909D5,Solar Solaire Bétérou,Énergie & Environnement,Bétérou,+229 76 52 82 59,solar.solaire.bétérou@solar.solaire.bétérou.benin,solarsolairebétérou.bj,PME (50-200),B2B,Facebook Pages,,Actif,2026-06-29T00:15:34.275213,haute
BJ-5026FFE3,Eau Renouvelable,Énergie & Environnement,Bétérou,+229 58 25 94 68,eau.renouvelable@eau.renouvelable.net,eaurenouvelable.bj,Grande (>200),B2B,Facebook Pages,,Actif,2026-06-29T00:15:34.275236,haute
BJ-E6D3242C,Éolien Vert Energy Bétérou,Énergie & Environnement,Bétérou,+229 40 19 13 44,éolien.vert.energy.bétérou@éolien.vert.energy.bétérou.bj,,TPE (<10),B2B,Facebook Pages,,Actif,2026-06-29T00:15:34.275251,moyenne
BJ-32F44347,Vert Clean,Énergie & Environnement,Ouessè,+229 45 63 96 55,vert.clean@vert.clean.com,vertclean.bj,PME (10-50),B2C,Facebook Pages,,Actif,2026-06-29T00:15:34.275280,haute
BJ-040F28B1,Eau Environnement,Énergie & Environnement,Ouessè,+229 44 64 38 28,,eauenvironnement.bj,PME (10-50),B2C,Facebook Pages,,Actif,2026-06-29T00:15:34.275294,moyenne
BJ-E419686F,Eau Solaire,Énergie & Environnement,Ouessè,+229 78 59 90 55,,eausolaire.bj,Grande (>200),B2B,Facebook Pages,,Actif,2026-06-29T00:15:34.275305,moyenne
BJ-70649322,Solar Assainissement,Énergie & Environnement,Ouessè,+229 21 92 81 78,,solarassainissement.bj,Grande (>200),B2B,Facebook Pages,,Actif,2026-06-29T00:15:34.275316,moyenne
BJ-B7ED5AD6,Power Durable,Énergie & Environnement,Ouessè,+229 46 99 61 47,power.durable@power.durable.bj,powerdurable.bj,Grande (>200),B2C,Facebook Pages,,Actif,2026-06-29T00:15:34.275327,haute
BJ-24D063FC,Vert Écologie,Énergie & Environnement,Glazoué,+229 36 76 57 30,vert.écologie@vert.écologie.org,vertécologie.bj,PME (10-50),B2C,Facebook Pages,,Actif,2026-06-29T00:15:34.275346,haute
BJ-42FEED64,Vert Renouvelable,Énergie & Environnement,Glazoué,+229 30 18 80 93,vert.renouvelable@vert.renouvelable.net,vertrenouvelable.bj,Grande (>200),B2C,Facebook Pages,,Actif,2026-06-29T00:15:34.275358,haute
BJ-13A1168B,Power Clean,Énergie & Environnement,Glazoué,+229 81 16 83 45,,powerclean.bj,TPE (<10),B2B,Facebook Pages,,Actif,2026-06-29T00:15:34.275369,moyenne
BJ-49CE2779,Solar Environnement,Énergie & Environnement,Glazoué,+229 58 11 97 50,solar.environnement@solar.environnement.com,,PME (10-50),B2B,Facebook Pages,,Actif,2026-06-29T00:15:34.275380,moyenne
BJ-D532122A,Power Glazoué,Énergie & Environnement,Glazoué,+229 75 55 94 72,power.glazoué@power.glazoué.com,powerglazoué.bj,PME (50-200),B2C,Facebook Pages,,Actif,2026-06-29T00:15:34.275393,haute
BJ-AB95518E,Assainissement Water,Énergie & Environnement,Dassa-Zoumè,+229 79 44 84 35,assainissement.water@assainissement.water.com,assainissementwater.bj,PME (10-50),B2C,Facebook Pages,,Actif,2026-06-29T00:15:34.275438,haute
BJ-65FBDF03,Assainissement Dassa-Zoumè,Énergie & Environnement,Dassa-Zoumè,+229 88 17 88 28,assainissement.dassazoumè@assainissement.dassazoumè.benin,,TPE (<10),B2C,Facebook Pages,,Actif,2026-06-29T00:15:34.275452,moyenne
BJ-0161D8A1,Solar Vert Environment Dassa-Zoumè,Énergie & Environnement,Dassa-Zoumè,+229 69 16 37 14,solar.vert.environment.dassazoumè@solar.vert.environment.dassazoumè.bj,solarvertenvironmentdassazoumè.bj,PME (10-50),B2C,Facebook Pages,,Actif,2026-06-29T00:15:34.275481,haute
BJ-F463CE55,Éolien Power Africa,Énergie & Environnement,Savalou,+229 34 77 27 66,éolien.power.africa@éolien.power.africa.org,éolienpowerafrica.bj,TPE (<10),B2C,Facebook Pages,,Actif,2026-06-29T00:15:34.275512,haute
BJ-1CACF942,Éolien Environnement,Énergie & Environnement,Savalou,+229 40 44 11 29,,éolienenvironnement.bj,PME (10-50),B2B,Facebook Pages,,Actif,2026-06-29T00:15:34.275523,moyenne
BJ-3A453801,Énergie Power,Énergie & Environnement,Savalou,+229 73 21 55 90,énergie.power@énergie.power.bj,énergiepower.bj,PME (50-200),B2C,Facebook Pages,,Actif,2026-06-29T00:15:34.275535,haute
BJ-3BF65524,Eau Énergie,Énergie & Environnement,Savalou,+229 86 95 90 28,,eauénergie.bj,PME (10-50),B2B,Facebook Pages,,Actif,2026-06-29T00:15:34.275551,moyenne
BJ-1B39C26C,Énergie Clean Africa,Énergie & Environnement,Savalou,+229 54 88 21 16,énergie.clean.africa@énergie.clean.africa.bj,,TPE (<10),B2B,Facebook Pages,,Actif,2026-06-29T00:15:34.275563,moyenne
BJ-DB2747B8,Vert Power,Énergie & Environnement,Bantè,+229 91 69 25 82,vert.power@vert.power.bj,,Grande (>200),B2C,Facebook Pages,,Actif,2026-06-29T00:15:34.275580,moyenne
BJ-CE92DC35,Power Environnement Energy,Énergie & Environnement,Bantè,+229 83 75 17 91,power.environnement.energy@power.environnement.energy.bj,powerenvironnementenergy.bj,TPE (<10),B2C,Facebook Pages,,Actif,2026-06-29T00:15:34.275595,haute
BJ-A7F24E37,Power Power,Énergie & Environnement,Bantè,+229 36 88 16 44,power.power@power.power.benin,,PME (50-200),B2B,Facebook Pages,,Actif,2026-06-29T00:15:34.275618,moyenne
BJ-D670687D,Eau Solar,Énergie & Environnement,Bantè,+229 87 50 40 57,,eausolar.bj,Grande (>200),B2C,Facebook Pages,,Actif,2026-06-29T00:15:34.275629,moyenne
BJ-F7A78EA0,Environnement Eau,Énergie & Environnement,Djougou,+229 25 78 92 78,,,PME (10-50),B2B,Facebook Pages,,Actif,2026-06-29T00:15:34.275648,basse
BJ-A8F4DD2B,Eau Solaire,Énergie & Environnement,Djougou,+229 59 28 85 82,eau.solaire@eau.solaire.bj,eausolaire.bj,TPE (<10),B2C,Facebook Pages,,Actif,2026-06-29T00:15:34.275660,haute
BJ-A67801CC,Eau Environnement Power,Énergie & Environnement,Djougou,+229 25 98 22 82,eau.environnement.power@eau.environnement.power.org,eauenvironnementpower.bj,Grande (>200),B2C,Facebook Pages,,Actif,2026-06-29T00:15:34.275672,haute
BJ-D1AFBD88,Environnement Eau Energy,Énergie & Environnement,Djougou,+229 71 28 99 89,environnement.eau.energy@environnement.eau.energy.org,environnementeauenergy.bj,PME (10-50),B2B,Facebook Pages,,Actif,2026-06-29T00:15:34.275688,haute
BJ-16104382,Renouvelable,Énergie & Environnement,Djougou,+229 36 84 52 19,renouvelable@renouvelable.org,,TPE (<10),B2B,Facebook Pages,,Actif,2026-06-29T00:15:34.275700,moyenne
BJ-D736D372,Clean Environment,Énergie & Environnement,Ouèssè,+229 78 39 98 94,,,PME (10-50),B2C,Facebook Pages,,Actif,2026-06-29T00:15:34.275716,basse
BJ-1AA05392,Renouvelable Ouèssè,Énergie & Environnement,Ouèssè,+229 40 17 82 18,renouvelable.ouèssè@renouvelable.ouèssè.bj,renouvelableouèssè.bj,TPE (<10),B2C,Facebook Pages,,Actif,2026-06-29T00:15:34.275732,haute
BJ-7CDD336E,Solaire Bénin Ouèssè,Énergie & Environnement,Ouèssè,+229 73 65 13 18,solaire.bénin.ouèssè@solaire.bénin.ouèssè.net,solairebéninouèssè.bj,PME (50-200),B2B,Facebook Pages,,Actif,2026-06-29T00:15:34.275745,haute
BJ-0F90E862,Énergie,Énergie & Environnement,Ouèssè,+229 94 30 72 69,énergie@énergie.benin,,PME (50-200),B2C,Facebook Pages,,Actif,2026-06-29T00:15:34.275768,moyenne
BJ-2E8A017C,Vert,Énergie & Environnement,Bassila,+229 50 71 51 81,vert@vert.org,,PME (50-200),B2C,Facebook Pages,,Actif,2026-06-29T00:15:34.275785,moyenne
BJ-AA67823F,Éolien Environnement SARL,Énergie & Environnement,Bassila,+229 29 53 20 56,éolien.environnement.sarl@éolien.environnement.sarl.org,éolienenvironnementsarl.bj,TPE (<10),B2C,Facebook Pages,,Actif,2026-06-29T00:15:34.275797,haute
BJ-3C7CCC23,Éolien Energy Bassila,Énergie & Environnement,Bassila,+229 64 65 42 79,,éolienenergybassila.bj,TPE (<10),B2C,Facebook Pages,,Actif,2026-06-29T00:15:34.275809,moyenne
BJ-E1B0797F,Hydraulique Environment Bassila,Énergie & Environnement,Bassila,+229 87 95 42 93,,,PME (50-200),B2B,Facebook Pages,,Actif,2026-06-29T00:15:34.275819,basse
BJ-C2415849,Éolien Hydraulique Pehunco,Énergie & Environnement,Pehunco,+229 37 30 35 51,éolien.hydraulique.pehunco@éolien.hydraulique.pehunco.benin,éolienhydrauliquepehunco.bj,PME (50-200),B2C,Facebook Pages,,Actif,2026-06-29T00:15:34.275854,haute
BJ-77ABFFDC,Power SARL,Énergie & Environnement,Pehunco,+229 58 18 17 76,power.sarl@power.sarl.benin,powersarl.bj,TPE (<10),B2B,Facebook Pages,,Actif,2026-06-29T00:15:34.275883,haute
BJ-C3D5923D,Assainissement Solar,Énergie & Environnement,Pehunco,+229 49 90 13 40,assainissement.solar@assainissement.solar.com,assainissementsolar.bj,PME (50-200),B2C,Facebook Pages,,Actif,2026-06-29T00:15:34.275925,haute
BJ-8F2FBC3A,Vert Vert Bénin,Énergie & Environnement,Pehunco,+229 57 90 89 29,,vertvertbénin.bj,PME (50-200),B2C,Facebook Pages,,Actif,2026-06-29T00:15:34.275943,moyenne
BJ-773E5F8B,Vert Énergie,Énergie & Environnement,Pehunco,+229 98 63 29 25,,verténergie.bj,TPE (<10),B2C,Facebook Pages,,Actif,2026-06-29T00:15:34.275955,moyenne
BJ-66D253F7,Solar Vert Africa Copargo,Énergie & Environnement,Copargo,+229 44 66 94 54,solar.vert.africa.copargo@solar.vert.africa.copargo.net,,PME (50-200),B2B,Facebook Pages,,Actif,2026-06-29T00:15:34.275973,moyenne
BJ-70D0A64A,Énergie Renouvelable Environment Copargo,Énergie & Environnement,Copargo,+229 72 68 83 32,énergie.renouvelable.environment.copargo@énergie.renouvelable.environment.copargo.org,,PME (10-50),B2B,Facebook Pages,,Actif,2026-06-29T00:15:34.275986,moyenne
BJ-F3CD2E79,Éolien Écologie,Énergie & Environnement,Copargo,+229 98 80 94 63,éolien.écologie@éolien.écologie.com,,TPE (<10),B2C,Facebook Pages,,Actif,2026-06-29T00:15:34.276001,moyenne
BJ-98F88220,Eau Renouvelable Environment,Énergie & Environnement,Copargo,+229 75 27 38 55,eau.renouvelable.environment@eau.renouvelable.environment.com,eaurenouvelableenvironment.bj,PME (10-50),B2B,Facebook Pages,,Actif,2026-06-29T00:15:34.276014,haute
BJ-76DF8952,Eau Éolien,Énergie & Environnement,Copargo,+229 34 47 17 76,,eauéolien.bj,TPE (<10),B2B,Facebook Pages,,Actif,2026-06-29T00:15:34.276025,moyenne
BJ-7F228D19,Presse Télévision Cotonou,Médias & Communication,Cotonou,+229 53 10 98 22,,pressetélévisioncotonou.bj,PME (10-50),B2C,Facebook Pages,,Actif,2026-06-29T00:15:34.276044,moyenne
BJ-89CBA86A,Journal National,Médias & Communication,Cotonou,+229 70 93 20 47,,journalnational.bj,PME (50-200),B2C,Facebook Pages,,Actif,2026-06-29T00:15:34.276070,moyenne
BJ-0DD3C03A,Nouvelles,Médias & Communication,Cotonou,+229 54 90 94 98,nouvelles@nouvelles.org,,TPE (<10),B2C,Facebook Pages,,Actif,2026-06-29T00:15:34.276082,moyenne
BJ-8F3B3B8F,Journal International,Médias & Communication,Abomey-Calavi,+229 51 60 13 86,,journalinternational.bj,TPE (<10),B2C,Facebook Pages,,Actif,2026-06-29T00:15:34.276112,moyenne
BJ-641CD216,TV Publicité,Médias & Communication,Abomey-Calavi,+229 35 66 59 28,,,PME (50-200),B2B,Facebook Pages,,Actif,2026-06-29T00:15:34.276123,basse
BJ-C2F3C31F,Radio Presse,Médias & Communication,Abomey-Calavi,+229 70 24 48 28,radio.presse@radio.presse.benin,radiopresse.bj,TPE (<10),B2B,Facebook Pages,,Actif,2026-06-29T00:15:34.276134,haute
BJ-D250F34D,Presse Communication Bénin,Médias & Communication,Abomey-Calavi,+229 56 30 20 88,presse.communication.bénin@presse.communication.bénin.org,pressecommunicationbénin.bj,PME (50-200),B2C,Facebook Pages,,Actif,2026-06-29T00:15:34.276147,haute
BJ-035D4944,Communication Communication,Médias & Communication,Porto-Novo,+229 85 76 19 69,communication.communication@communication.communication.com,communicationcommunication.bj,TPE (<10),B2B,Facebook Pages,,Actif,2026-06-29T00:15:34.276191,haute
BJ-03A24FF1,TV Démocratie TV,Médias & Communication,Porto-Novo,+229 79 17 99 16,tv.démocratie.tv@tv.démocratie.tv.net,tvdémocratietv.bj,PME (10-50),B2B,Facebook Pages,,Actif,2026-06-29T00:15:34.276207,haute
BJ-2FA7BE9B,Radio,Médias & Communication,Porto-Novo,+229 78 39 65 52,radio@radio.net,radio.bj,TPE (<10),B2B,Facebook Pages,,Actif,2026-06-29T00:15:34.276222,haute
BJ-FBB9DB99,Radio Média Communication Porto-Novo,Médias & Communication,Porto-Novo,+229 68 74 89 75,radio.média.communication.portonovo@radio.média.communication.portonovo.net,radiomédiacommunicationportonovo.bj,PME (50-200),B2C,Facebook Pages,,Actif,2026-06-29T00:15:34.276249,haute
BJ-619D7827,TV Nouvelles,Médias & Communication,Porto-Novo,+229 99 87 69 93,,tvnouvelles.bj,Grande (>200),B2B,Facebook Pages,,Actif,2026-06-29T00:15:34.276260,moyenne
BJ-52A6DA05,Média Média Radio Parakou,Médias & Communication,Parakou,+229 55 35 98 83,média.média.radio.parakou@média.média.radio.parakou.com,médiamédiaradioparakou.bj,PME (50-200),B2B,Facebook Pages,,Actif,2026-06-29T00:15:34.276285,haute
BJ-655C7C7E,Journal,Médias & Communication,Parakou,+229 50 50 34 84,journal@journal.benin,journal.bj,PME (10-50),B2C,Facebook Pages,,Actif,2026-06-29T00:15:34.276297,haute
BJ-7C13FCAB,Actualité Press Parakou,Médias & Communication,Parakou,+229 40 73 63 93,actualité.press.parakou@actualité.press.parakou.org,actualitépressparakou.bj,PME (50-200),B2B,Facebook Pages,,Actif,2026-06-29T00:15:34.276313,haute
BJ-DCAB0BB1,TV Nouvelles Media,Médias & Communication,Parakou,+229 61 94 25 97,tv.nouvelles.media@tv.nouvelles.media.com,tvnouvellesmedia.bj,TPE (<10),B2B,Facebook Pages,,Actif,2026-06-29T00:15:34.276325,haute
BJ-A1DB4C3F,Média Média Radio,Médias & Communication,Bohicon,+229 72 23 34 49,,médiamédiaradio.bj,TPE (<10),B2B,Facebook Pages,,Actif,2026-06-29T00:15:34.276370,moyenne
BJ-66AC89F2,TV Média Press Bohicon,Médias & Communication,Bohicon,+229 64 54 77 74,tv.média.press.bohicon@tv.média.press.bohicon.bj,,TPE (<10),B2B,Facebook Pages,,Actif,2026-06-29T00:15:34.276383,moyenne
BJ-FF00A405,Publicité Africa Bohicon,Médias & Communication,Bohicon,+229 53 64 88 24,publicité.africa.bohicon@publicité.africa.bohicon.com,publicitéafricabohicon.bj,PME (50-200),B2B,Facebook Pages,,Actif,2026-06-29T00:15:34.276408,haute
BJ-00555593,Média Télévision Africa,Médias & Communication,Natitingou,+229 26 24 64 40,,médiatélévisionafrica.bj,PME (10-50),B2B,Facebook Pages,,Actif,2026-06-29T00:15:34.276425,moyenne
BJ-A0836F36,Média International Bénin,Médias & Communication,Natitingou,+229 38 54 22 72,média.international.bénin@média.international.bénin.benin,médiainternationalbénin.bj,TPE (<10),B2C,Facebook Pages,,Actif,2026-06-29T00:15:34.276438,haute
BJ-CF3D9ACE,Agence Liberté Natitingou,Médias & Communication,Natitingou,+229 37 55 46 82,agence.liberté.natitingou@agence.liberté.natitingou.com,agenceliberténatitingou.bj,PME (10-50),B2B,Facebook Pages,,Actif,2026-06-29T00:15:34.276462,haute
BJ-6055F8CF,Presse,Médias & Communication,Lokossa,+229 52 13 61 91,presse@presse.com,,PME (10-50),B2B,Facebook Pages,,Actif,2026-06-29T00:15:34.276509,moyenne
BJ-9BB39B7F,Nouvelles Press,Médias & Communication,Lokossa,+229 60 47 65 10,nouvelles.press@nouvelles.press.org,nouvellespress.bj,TPE (<10),B2B,Facebook Pages,,Actif,2026-06-29T00:15:34.276521,haute
BJ-6BDF1BB7,Agence National Communication,Médias & Communication,Lokossa,+229 75 43 51 14,agence.national.communication@agence.national.communication.org,,TPE (<10),B2C,Facebook Pages,,Actif,2026-06-29T00:15:34.276532,moyenne
BJ-8AF4D03B,Presse National Bénin,Médias & Communication,Ouidah,+229 47 47 26 35,,pressenationalbénin.bj,TPE (<10),B2C,Facebook Pages,,Actif,2026-06-29T00:15:34.276561,moyenne
BJ-4AB41007,Publicité Press,Médias & Communication,Ouidah,+229 60 13 79 74,publicité.press@publicité.press.bj,publicitépress.bj,PME (10-50),B2B,Facebook Pages,,Actif,2026-06-29T00:15:34.276573,haute
BJ-84C0E1B4,Information Ouidah,Médias & Communication,Ouidah,+229 43 80 42 67,,informationouidah.bj,TPE (<10),B2B,Facebook Pages,,Actif,2026-06-29T00:15:34.276595,moyenne
BJ-F25B1AC3,Information,Médias & Communication,Ouidah,+229 81 57 52 10,information@information.net,information.bj,TPE (<10),B2B,Facebook Pages,,Actif,2026-06-29T00:15:34.276606,haute
BJ-9E0BD1E2,Presse,Médias & Communication,Savalou,+229 54 97 78 52,presse@presse.bj,presse.bj,PME (10-50),B2C,Facebook Pages,,Actif,2026-06-29T00:15:34.276623,haute
BJ-586974F1,Radio International Radio,Médias & Communication,Savalou,+229 30 59 49 49,,radiointernationalradio.bj,PME (50-200),B2C,Facebook Pages,,Actif,2026-06-29T00:15:34.276641,moyenne
BJ-5391D8AA,Journal Communication Radio,Médias & Communication,Savalou,+229 98 48 70 42,,,PME (10-50),B2C,Facebook Pages,,Actif,2026-06-29T00:15:34.276652,basse
BJ-F1F3A714,Liberté,Médias & Communication,Savalou,+229 31 79 20 61,liberté@liberté.com,liberté.bj,TPE (<10),B2B,Facebook Pages,,Actif,2026-06-29T00:15:34.276664,haute
BJ-07B0A000,Presse Télévision Africa,Médias & Communication,Dassa-Zoumè,+229 85 21 81 21,presse.télévision.africa@presse.télévision.africa.com,pressetélévisionafrica.bj,PME (10-50),B2B,Facebook Pages,,Actif,2026-06-29T00:15:34.276698,haute
BJ-E6E11FBF,Presse Actualité News Dassa-Zoumè,Médias & Communication,Dassa-Zoumè,+229 94 23 59 30,presse.actualité.news.dassazoumè@presse.actualité.news.dassazoumè.com,presseactualiténewsdassazoumè.bj,Grande (>200),B2B,Facebook Pages,,Actif,2026-06-29T00:15:34.276739,haute
BJ-440416B4,TV Communication Africa,Médias & Communication,Kétou,+229 95 69 19 32,tv.communication.africa@tv.communication.africa.org,tvcommunicationafrica.bj,TPE (<10),B2C,Facebook Pages,,Actif,2026-06-29T00:15:34.276770,haute
BJ-3FBA70B7,Journal Journal Press,Médias & Communication,Kétou,+229 71 66 56 20,journal.journal.press@journal.journal.press.org,journaljournalpress.bj,TPE (<10),B2C,Facebook Pages,,Actif,2026-06-29T00:15:34.276785,haute
BJ-21146A27,TV Presse Radio,Médias & Communication,Kétou,+229 57 33 63 26,,tvpresseradio.bj,TPE (<10),B2B,Facebook Pages,,Actif,2026-06-29T00:15:34.276809,moyenne
BJ-45D9C55C,TV Publicité Kétou,Médias & Communication,Kétou,+229 74 37 87 29,,tvpublicitékétou.bj,PME (50-200),B2B,Facebook Pages,,Actif,2026-06-29T00:15:34.276820,moyenne
BJ-6767C8DF,Information Media,Médias & Communication,Covè,+229 51 22 24 48,information.media@information.media.org,informationmedia.bj,TPE (<10),B2C,Facebook Pages,,Actif,2026-06-29T00:15:34.276838,haute
BJ-AF145FEA,Radio Journal,Médias & Communication,Covè,+229 63 91 49 44,radio.journal@radio.journal.org,,TPE (<10),B2C,Facebook Pages,,Actif,2026-06-29T00:15:34.276849,moyenne
BJ-950C6710,Communication International Media,Médias & Communication,Covè,+229 83 52 20 66,,communicationinternationalmedia.bj,Grande (>200),B2C,Facebook Pages,,Actif,2026-06-29T00:15:34.276860,moyenne
BJ-EAB00C19,Agence Journal Bénin,Médias & Communication,Covè,+229 37 37 40 68,agence.journal.bénin@agence.journal.bénin.net,agencejournalbénin.bj,Grande (>200),B2B,Facebook Pages,,Actif,2026-06-29T00:15:34.276873,haute
BJ-6468461F,Presse Information,Médias & Communication,Covè,+229 78 31 92 86,presse.information@presse.information.benin,,TPE (<10),B2C,Facebook Pages,,Actif,2026-06-29T00:15:34.276884,moyenne
BJ-016CC365,Presse Radio,Médias & Communication,Pobè,+229 32 23 78 20,,presseradio.bj,Grande (>200),B2C,Facebook Pages,,Actif,2026-06-29T00:15:34.276931,moyenne
BJ-FB71995A,Radio Communication Africa Pobè,Médias & Communication,Pobè,+229 44 80 87 45,radio.communication.africa.pobè@radio.communication.africa.pobè.org,radiocommunicationafricapobè.bj,PME (50-200),B2B,Facebook Pages,,Actif,2026-06-29T00:15:34.276962,haute
BJ-37A57F4B,Presse Média News,Médias & Communication,Pobè,+229 47 33 66 89,presse.média.news@presse.média.news.bj,pressemédianews.bj,Grande (>200),B2B,Facebook Pages,,Actif,2026-06-29T00:15:34.276988,haute
BJ-A2A1B803,Démocratie Communication,Médias & Communication,Pobè,+229 44 52 55 67,,démocratiecommunication.bj,Grande (>200),B2C,Facebook Pages,,Actif,2026-06-29T00:15:34.277000,moyenne
BJ-48CDB4EF,Presse Bénin,Médias & Communication,Pobè,+229 20 85 73 57,presse.bénin@presse.bénin.benin,pressebénin.bj,PME (50-200),B2C,Facebook Pages,,Actif,2026-06-29T00:15:34.277013,haute
BJ-2A31925D,Radio,Médias & Communication,Sakété,+229 37 14 57 92,radio@radio.com,radio.bj,PME (10-50),B2B,Facebook Pages,,Actif,2026-06-29T00:15:34.277034,haute
BJ-CDC4BE47,Média Liberté,Médias & Communication,Sakété,+229 99 52 51 95,média.liberté@média.liberté.benin,médialiberté.bj,TPE (<10),B2C,Facebook Pages,,Actif,2026-06-29T00:15:34.277047,haute
BJ-CD32ADE0,Communication Bénin Sakété,Médias & Communication,Sakété,+229 39 27 85 29,communication.bénin.sakété@communication.bénin.sakété.bj,communicationbéninsakété.bj,PME (10-50),B2C,Facebook Pages,,Actif,2026-06-29T00:15:34.277059,haute
BJ-A91897C4,Agence National Sakété,Médias & Communication,Sakété,+229 69 97 20 63,agence.national.sakété@agence.national.sakété.net,agencenationalsakété.bj,TPE (<10),B2C,Facebook Pages,,Actif,2026-06-29T00:15:34.277072,haute
BJ-A979EA72,Presse Information,Médias & Communication,Sakété,+229 79 30 12 47,,,PME (10-50),B2C,Facebook Pages,,Actif,2026-06-29T00:15:34.277085,basse
BJ-D8CDC0C6,Agence Média Press,Médias & Communication,Adjara,+229 33 45 78 53,agence.média.press@agence.média.press.com,agencemédiapress.bj,PME (50-200),B2C,Facebook Pages,,Actif,2026-06-29T00:15:34.277104,haute
BJ-109D7A12,Agence Télévision Africa,Médias & Communication,Adjara,+229 80 17 41 87,agence.télévision.africa@agence.télévision.africa.net,,Grande (>200),B2C,Facebook Pages,,Actif,2026-06-29T00:15:34.277118,moyenne
BJ-0703E835,TV Radio,Médias & Communication,Adjara,+229 72 57 26 41,tv.radio@tv.radio.com,,TPE (<10),B2B,Facebook Pages,,Actif,2026-06-29T00:15:34.277130,moyenne
BJ-A7AA05BB,Communication Média Africa,Médias & Communication,Adjara,+229 96 71 13 59,communication.média.africa@communication.média.africa.net,,TPE (<10),B2B,Facebook Pages,,Actif,2026-06-29T00:15:34.277141,moyenne
BJ-45DB2534,Journal Radio,Médias & Communication,Adjara,+229 91 77 13 16,journal.radio@journal.radio.org,journalradio.bj,TPE (<10),B2B,Facebook Pages,,Actif,2026-06-29T00:15:34.277153,haute
BJ-A3232D5E,Communication Information Media,Médias & Communication,Allada,+229 30 21 77 92,communication.information.media@communication.information.media.org,,PME (10-50),B2B,Facebook Pages,,Actif,2026-06-29T00:15:34.277172,moyenne
BJ-99C5A882,Presse Radio Africa,Médias & Communication,Allada,+229 43 80 69 84,presse.radio.africa@presse.radio.africa.org,presseradioafrica.bj,PME (10-50),B2B,Facebook Pages,,Actif,2026-06-29T00:15:34.277184,haute
BJ-BABDD919,Communication Communication Bénin,Médias & Communication,Allada,+229 34 57 96 50,communication.communication.bénin@communication.communication.bénin.benin,,PME (10-50),B2B,Facebook Pages,,Actif,2026-06-29T00:15:34.277199,moyenne
BJ-F61D7B1A,Communication Press,Médias & Communication,Allada,+229 68 77 34 26,communication.press@communication.press.org,,TPE (<10),B2B,Facebook Pages,,Actif,2026-06-29T00:15:34.277213,moyenne
BJ-1D3AA6EB,Média,Médias & Communication,Allada,+229 82 34 58 36,média@média.com,média.bj,PME (10-50),B2C,Facebook Pages,,Actif,2026-06-29T00:15:34.277225,haute
BJ-C590023D,Presse Communication,Médias & Communication,Aplahoué,+229 35 69 70 96,presse.communication@presse.communication.org,,TPE (<10),B2B,Facebook Pages,,Actif,2026-06-29T00:15:34.277242,moyenne
BJ-F312A664,Journal Press,Médias & Communication,Aplahoué,+229 43 65 57 12,journal.press@journal.press.bj,journalpress.bj,PME (50-200),B2B,Facebook Pages,,Actif,2026-06-29T00:15:34.277258,haute
BJ-695F9388,Média Radio,Médias & Communication,Aplahoué,+229 75 99 23 24,média.radio@média.radio.benin,médiaradio.bj,PME (50-200),B2B,Facebook Pages,,Actif,2026-06-29T00:15:34.277270,haute
BJ-CE69B893,Actualité,Médias & Communication,Aplahoué,+229 95 85 75 28,actualité@actualité.bj,,TPE (<10),B2B,Facebook Pages,,Actif,2026-06-29T00:15:34.277281,moyenne
BJ-80DE421E,Information Aplahoué,Médias & Communication,Aplahoué,+229 70 56 80 33,information.aplahoué@information.aplahoué.net,informationaplahoué.bj,PME (50-200),B2C,Facebook Pages,,Actif,2026-06-29T00:15:34.277294,haute
BJ-6479C9C3,Agence National,Médias & Communication,Dogbo-Tota,+229 91 73 68 30,agence.national@agence.national.benin,agencenational.bj,PME (10-50),B2C,Facebook Pages,,Actif,2026-06-29T00:15:34.277312,haute
BJ-64CF461D,Information,Médias & Communication,Dogbo-Tota,+229 36 43 21 53,,information.bj,TPE (<10),B2C,Facebook Pages,,Actif,2026-06-29T00:15:34.277323,moyenne
BJ-DB000FBA,TV Communication TV,Médias & Communication,Dogbo-Tota,+229 67 64 52 79,tv.communication.tv@tv.communication.tv.org,tvcommunicationtv.bj,TPE (<10),B2C,Facebook Pages,,Actif,2026-06-29T00:15:34.277347,haute
BJ-984E9F5C,Radio Actualité Press,Médias & Communication,Dogbo-Tota,+229 52 86 10 75,radio.actualité.press@radio.actualité.press.net,radioactualitépress.bj,PME (50-200),B2C,Facebook Pages,,Actif,2026-06-29T00:15:34.277359,haute
BJ-4783C942,TV Information Bénin,Médias & Communication,Kpomassè,+229 80 86 54 84,tv.information.bénin@tv.information.bénin.org,tvinformationbénin.bj,TPE (<10),B2B,Facebook Pages,,Actif,2026-06-29T00:15:34.277394,haute
BJ-F317BBFA,Télévision Africa,Médias & Communication,Kpomassè,+229 75 57 70 64,télévision.africa@télévision.africa.com,télévisionafrica.bj,TPE (<10),B2B,Facebook Pages,,Actif,2026-06-29T00:15:34.277409,haute
BJ-AD2B8E25,Média Actualité,Médias & Communication,Kpomassè,+229 79 82 75 34,média.actualité@média.actualité.bj,médiaactualité.bj,PME (10-50),B2B,Facebook Pages,,Actif,2026-06-29T00:15:34.277440,haute
BJ-2A1D3A89,Communication Communication TV,Médias & Communication,Kpomassè,+229 35 43 75 31,communication.communication.tv@communication.communication.tv.com,communicationcommunicationtv.bj,TPE (<10),B2B,Facebook Pages,,Actif,2026-06-29T00:15:34.277463,haute
BJ-7109AD12,Télévision Tori-Bossito,Médias & Communication,Tori-Bossito,+229 46 10 18 36,télévision.toribossito@télévision.toribossito.com,,TPE (<10),B2C,Facebook Pages,,Actif,2026-06-29T00:15:34.277480,moyenne
BJ-7567DC8F,Agence Journal News Tori-Bossito,Médias & Communication,Tori-Bossito,+229 44 29 19 38,agence.journal.news.toribossito@agence.journal.news.toribossito.bj,agencejournalnewstoribossito.bj,TPE (<10),B2C,Facebook Pages,,Actif,2026-06-29T00:15:34.277497,haute
BJ-C0FCE557,Radio,Médias & Communication,Tori-Bossito,+229 88 40 37 64,,radio.bj,TPE (<10),B2B,Facebook Pages,,Actif,2026-06-29T00:15:34.277507,moyenne
BJ-AEAE18D1,Publicité,Médias & Communication,Tori-Bossito,+229 63 33 93 67,publicité@publicité.com,,PME (10-50),B2B,Facebook Pages,,Actif,2026-06-29T00:15:34.277518,moyenne
BJ-8802BFB4,Liberté Communication,Médias & Communication,Tori-Bossito,+229 83 62 38 93,,libertécommunication.bj,TPE (<10),B2C,Facebook Pages,,Actif,2026-06-29T00:15:34.277529,moyenne
BJ-9D5C8FE3,Presse Grand-Popo,Médias & Communication,Grand-Popo,+229 42 33 77 18,presse.grandpopo@presse.grandpopo.org,pressegrandpopo.bj,PME (50-200),B2C,Facebook Pages,,Actif,2026-06-29T00:15:34.277546,haute
BJ-6F152FEF,Journal Démocratie,Médias & Communication,Grand-Popo,+229 33 95 45 15,journal.démocratie@journal.démocratie.com,journaldémocratie.bj,TPE (<10),B2B,Facebook Pages,,Actif,2026-06-29T00:15:34.277560,haute
BJ-1C87C0B9,Démocratie Grand-Popo,Médias & Communication,Grand-Popo,+229 28 64 32 66,,démocratiegrandpopo.bj,PME (50-200),B2B,Facebook Pages,,Actif,2026-06-29T00:15:34.277584,moyenne
BJ-B9080AE6,Presse International,Médias & Communication,Grand-Popo,+229 96 77 27 64,,presseinternational.bj,PME (10-50),B2B,Facebook Pages,,Actif,2026-06-29T00:15:34.277594,moyenne
BJ-C4D6DC99,Publicité,Médias & Communication,Athiémé,+229 33 22 87 18,,publicité.bj,PME (10-50),B2B,Facebook Pages,,Actif,2026-06-29T00:15:34.277609,moyenne
BJ-2175EBA0,Radio Presse,Médias & Communication,Athiémé,+229 48 89 71 63,radio.presse@radio.presse.org,,PME (10-50),B2B,Facebook Pages,,Actif,2026-06-29T00:15:34.277621,moyenne
BJ-E9740432,Radio Télévision,Médias & Communication,Athiémé,+229 90 41 33 96,radio.télévision@radio.télévision.net,,TPE (<10),B2B,Facebook Pages,,Actif,2026-06-29T00:15:34.277632,moyenne
BJ-7395DE64,Publicité Media,Médias & Communication,Athiémé,+229 96 20 27 78,publicité.media@publicité.media.bj,publicitémedia.bj,TPE (<10),B2B,Facebook Pages,,Actif,2026-06-29T00:15:34.277644,haute
BJ-25D62EC6,Média TV,Médias & Communication,Athiémé,+229 75 67 50 85,,médiatv.bj,PME (10-50),B2B,Facebook Pages,,Actif,2026-06-29T00:15:34.277655,moyenne
BJ-FFE24196,Communication Média,Médias & Communication,Bopa,+229 49 31 71 15,communication.média@communication.média.org,communicationmédia.bj,PME (10-50),B2B,Facebook Pages,,Actif,2026-06-29T00:15:34.277672,haute
BJ-1C8007F1,Presse News Bopa,Médias & Communication,Bopa,+229 59 86 81 28,presse.news.bopa@presse.news.bopa.benin,pressenewsbopa.bj,TPE (<10),B2C,Facebook Pages,,Actif,2026-06-29T00:15:34.277690,haute
BJ-D79D7897,Actualité TV,Médias & Communication,Bopa,+229 27 98 90 49,,actualitétv.bj,PME (10-50),B2C,Facebook Pages,,Actif,2026-06-29T00:15:34.277702,moyenne
BJ-DF004DE6,Presse Démocratie,Médias & Communication,Bopa,+229 50 33 71 57,,pressedémocratie.bj,Grande (>200),B2B,Facebook Pages,,Actif,2026-06-29T00:15:34.277727,moyenne
BJ-BB5F0A71,Communication Presse Houéyogbé,Médias & Communication,Houéyogbé,+229 26 41 58 23,,,TPE (<10),B2B,Facebook Pages,,Actif,2026-06-29T00:15:34.277742,basse
BJ-F6B28418,Communication Radio Houéyogbé,Médias & Communication,Houéyogbé,+229 30 34 25 66,communication.radio.houéyogbé@communication.radio.houéyogbé.benin,communicationradiohouéyogbé.bj,PME (50-200),B2C,Facebook Pages,,Actif,2026-06-29T00:15:34.277756,haute
BJ-16ECD164,Démocratie Radio,Médias & Communication,Houéyogbé,+229 48 17 74 36,démocratie.radio@démocratie.radio.bj,démocratieradio.bj,TPE (<10),B2C,Facebook Pages,,Actif,2026-06-29T00:15:34.277767,haute
BJ-A43748A4,Presse International Media,Médias & Communication,Houéyogbé,+229 84 84 55 89,,presseinternationalmedia.bj,TPE (<10),B2B,Facebook Pages,,Actif,2026-06-29T00:15:34.277789,moyenne
BJ-5E0CCE71,Média Média Radio Malanville,Médias & Communication,Malanville,+229 33 39 65 22,média.média.radio.malanville@média.média.radio.malanville.bj,médiamédiaradiomalanville.bj,PME (10-50),B2C,Facebook Pages,,Actif,2026-06-29T00:15:34.277807,haute
BJ-122ABD3F,Liberté Media,Médias & Communication,Malanville,+229 57 12 90 85,liberté.media@liberté.media.com,,TPE (<10),B2C,Facebook Pages,,Actif,2026-06-29T00:15:34.277821,moyenne
BJ-D20E6A07,Communication National Press Malanville,Médias & Communication,Malanville,+229 70 82 13 65,communication.national.press.malanville@communication.national.press.malanville.org,communicationnationalpressmalanville.bj,Grande (>200),B2B,Facebook Pages,,Actif,2026-06-29T00:15:34.277834,haute
BJ-42B2CB15,Liberté Communication,Médias & Communication,Malanville,+229 47 11 24 38,,libertécommunication.bj,Grande (>200),B2B,Facebook Pages,,Actif,2026-06-29T00:15:34.277846,moyenne
BJ-7FFF0001,Radio National,Médias & Communication,Malanville,+229 29 53 48 17,,radionational.bj,PME (10-50),B2B,Facebook Pages,,Actif,2026-06-29T00:15:34.277856,moyenne
BJ-3E80DB33,Radio Communication,Médias & Communication,Kandi,+229 97 16 13 43,,radiocommunication.bj,TPE (<10),B2C,Facebook Pages,,Actif,2026-06-29T00:15:34.277872,moyenne
BJ-E147FEFF,Presse International News,Médias & Communication,Kandi,+229 86 70 88 37,,presseinternationalnews.bj,TPE (<10),B2C,Facebook Pages,,Actif,2026-06-29T00:15:34.277883,moyenne
BJ-D870D41E,Nouvelles,Médias & Communication,Kandi,+229 93 33 70 89,,nouvelles.bj,PME (10-50),B2C,Facebook Pages,,Actif,2026-06-29T00:15:34.277903,moyenne
BJ-69BB2B57,Presse Bénin,Médias & Communication,Kandi,+229 57 80 85 90,presse.bénin@presse.bénin.org,pressebénin.bj,TPE (<10),B2B,Facebook Pages,,Actif,2026-06-29T00:15:34.277947,haute
BJ-D6700E63,Presse International,Médias & Communication,Banikoara,+229 57 47 41 43,presse.international@presse.international.bj,,PME (10-50),B2B,Facebook Pages,,Actif,2026-06-29T00:15:34.277981,moyenne
BJ-F08199A2,Journal Presse News,Médias & Communication,Banikoara,+229 84 96 80 45,journal.presse.news@journal.presse.news.com,journalpressenews.bj,TPE (<10),B2C,Facebook Pages,,Actif,2026-06-29T00:15:34.278020,haute
BJ-DE55A8D9,Presse Média Banikoara,Médias & Communication,Banikoara,+229 63 30 87 13,presse.média.banikoara@presse.média.banikoara.com,,Grande (>200),B2B,Facebook Pages,,Actif,2026-06-29T00:15:34.278032,moyenne
BJ-3C4889A8,TV Média TV Banikoara,Médias & Communication,Banikoara,+229 42 77 50 66,tv.média.tv.banikoara@tv.média.tv.banikoara.com,tvmédiatvbanikoara.bj,PME (10-50),B2B,Facebook Pages,,Actif,2026-06-29T00:15:34.278044,haute
BJ-3F245BB8,Média International TV,Médias & Communication,Ségbana,+229 99 66 49 32,média.international.tv@média.international.tv.com,médiainternationaltv.bj,TPE (<10),B2B,Facebook Pages,,Actif,2026-06-29T00:15:34.278066,haute
BJ-1E9C8D34,Communication Média Radio,Médias & Communication,Ségbana,+229 86 40 93 33,,communicationmédiaradio.bj,TPE (<10),B2C,Facebook Pages,,Actif,2026-06-29T00:15:34.278090,moyenne
BJ-D09215A5,Information,Médias & Communication,Ségbana,+229 26 97 65 62,information@information.net,information.bj,TPE (<10),B2C,Facebook Pages,,Actif,2026-06-29T00:15:34.278102,haute
BJ-DF395602,Communication Media,Médias & Communication,Ségbana,+229 33 49 98 65,,communicationmedia.bj,TPE (<10),B2B,Facebook Pages,,Actif,2026-06-29T00:15:34.278112,moyenne
BJ-E7F2AE31,Presse Démocratie TV Karimama,Médias & Communication,Karimama,+229 26 58 24 52,presse.démocratie.tv.karimama@presse.démocratie.tv.karimama.net,pressedémocratietvkarimama.bj,TPE (<10),B2B,Facebook Pages,,Actif,2026-06-29T00:15:34.278130,haute
BJ-C3AA3B71,Nouvelles Communication,Médias & Communication,Karimama,+229 79 53 24 98,nouvelles.communication@nouvelles.communication.benin,nouvellescommunication.bj,PME (10-50),B2B,Facebook Pages,,Actif,2026-06-29T00:15:34.278144,haute
BJ-F9C0F937,Presse Radio,Médias & Communication,Karimama,+229 55 70 92 98,presse.radio@presse.radio.benin,presseradio.bj,TPE (<10),B2C,Facebook Pages,,Actif,2026-06-29T00:15:34.278156,haute
BJ-2517BEEB,Démocratie Karimama,Médias & Communication,Karimama,+229 43 13 40 98,,démocratiekarimama.bj,TPE (<10),B2C,Facebook Pages,,Actif,2026-06-29T00:15:34.278168,moyenne
BJ-D9A04A06,Actualité,Médias & Communication,Karimama,+229 55 13 93 36,,,Grande (>200),B2C,Facebook Pages,,Actif,2026-06-29T00:15:34.278177,basse
BJ-294DCF4A,Agence Média,Médias & Communication,Gogounou,+229 62 98 31 29,agence.média@agence.média.org,agencemédia.bj,PME (10-50),B2B,Facebook Pages,,Actif,2026-06-29T00:15:34.278195,haute
BJ-3178EC24,Agence Nouvelles,Médias & Communication,Gogounou,+229 27 81 11 69,agence.nouvelles@agence.nouvelles.com,agencenouvelles.bj,Grande (>200),B2B,Facebook Pages,,Actif,2026-06-29T00:15:34.278209,haute
BJ-FA9D2F02,Agence Liberté Radio,Médias & Communication,Gogounou,+229 80 26 73 89,,agencelibertéradio.bj,TPE (<10),B2B,Facebook Pages,,Actif,2026-06-29T00:15:34.278220,moyenne
BJ-2F9466F0,Démocratie News,Médias & Communication,Gogounou,+229 76 11 74 65,,,TPE (<10),B2B,Facebook Pages,,Actif,2026-06-29T00:15:34.278230,basse
BJ-A30FCF68,National Radio,Médias & Communication,Gogounou,+229 99 89 12 17,national.radio@national.radio.benin,nationalradio.bj,PME (50-200),B2B,Facebook Pages,,Actif,2026-06-29T00:15:34.278242,haute
BJ-2C65D439,Information Radio,Médias & Communication,Cobly,+229 75 62 52 64,,informationradio.bj,TPE (<10),B2B,Facebook Pages,,Actif,2026-06-29T00:15:34.278257,moyenne
BJ-0FEC153E,Journal,Médias & Communication,Cobly,+229 97 94 27 77,journal@journal.com,journal.bj,PME (10-50),B2B,Facebook Pages,,Actif,2026-06-29T00:15:34.278293,haute
BJ-CAB56868,Journal Télévision,Médias & Communication,Cobly,+229 47 36 22 28,,journaltélévision.bj,PME (10-50),B2C,Facebook Pages,,Actif,2026-06-29T00:15:34.278304,moyenne
BJ-8042282C,Communication Média,Médias & Communication,Tanguiéta,+229 56 82 97 56,communication.média@communication.média.benin,communicationmédia.bj,PME (50-200),B2C,Facebook Pages,,Actif,2026-06-29T00:15:34.278321,haute
BJ-DF653921,TV Publicité News,Médias & Communication,Tanguiéta,+229 37 93 96 34,tv.publicité.news@tv.publicité.news.bj,tvpubliciténews.bj,TPE (<10),B2B,Facebook Pages,,Actif,2026-06-29T00:15:34.278333,haute
BJ-A0F945EF,TV Publicité Bénin,Médias & Communication,Tanguiéta,+229 71 42 89 89,tv.publicité.bénin@tv.publicité.bénin.com,tvpublicitébénin.bj,PME (10-50),B2B,Facebook Pages,,Actif,2026-06-29T00:15:34.278348,haute
BJ-E6AE8FF1,Information,Médias & Communication,Tanguiéta,+229 38 13 80 64,information@information.bj,information.bj,PME (10-50),B2B,Facebook Pages,,Actif,2026-06-29T00:15:34.278359,haute
BJ-643C6545,Radio Démocratie,Médias & Communication,Tanguiéta,+229 47 61 52 25,radio.démocratie@radio.démocratie.com,radiodémocratie.bj,TPE (<10),B2B,Facebook Pages,,Actif,2026-06-29T00:15:34.278371,haute
BJ-104E5DA6,Journal Presse,Médias & Communication,Matéri,+229 60 80 53 27,journal.presse@journal.presse.bj,,Grande (>200),B2B,Facebook Pages,,Actif,2026-06-29T00:15:34.278387,moyenne
BJ-E901D726,Presse Communication,Médias & Communication,Matéri,+229 32 99 57 54,,,PME (50-200),B2B,Facebook Pages,,Actif,2026-06-29T00:15:34.278400,basse
BJ-6B34DF37,Actualité Radio,Médias & Communication,Matéri,+229 31 75 59 74,,actualitéradio.bj,PME (10-50),B2C,Facebook Pages,,Actif,2026-06-29T00:15:34.278425,moyenne
BJ-192093D8,TV Nouvelles Africa,Médias & Communication,Matéri,+229 75 10 43 86,tv.nouvelles.africa@tv.nouvelles.africa.org,tvnouvellesafrica.bj,Grande (>200),B2B,Facebook Pages,,Actif,2026-06-29T00:15:34.278436,haute
BJ-57076770,Actualité,Médias & Communication,Natitingou,+229 49 20 61 10,actualité@actualité.org,,PME (10-50),B2B,Facebook Pages,,Actif,2026-06-29T00:15:34.278453,moyenne
BJ-CB37E289,Média Journal TV,Médias & Communication,Natitingou,+229 46 62 74 37,,médiajournaltv.bj,PME (10-50),B2B,Facebook Pages,,Actif,2026-06-29T00:15:34.278464,moyenne
BJ-8F925675,Publicité Communication Natitingou,Médias & Communication,Natitingou,+229 50 60 79 85,,publicitécommunicationnatitingou.bj,PME (10-50),B2B,Facebook Pages,,Actif,2026-06-29T00:15:34.278475,moyenne
BJ-B264D878,Presse Communication Press,Médias & Communication,Natitingou,+229 30 24 88 60,,,PME (10-50),B2C,Facebook Pages,,Actif,2026-06-29T00:15:34.278485,basse
BJ-28FC3FB7,TV Démocratie Radio Toucountouna,Médias & Communication,Toucountouna,+229 70 90 21 29,tv.démocratie.radio.toucountouna@tv.démocratie.radio.toucountouna.com,,PME (10-50),B2B,Facebook Pages,,Actif,2026-06-29T00:15:34.278515,moyenne
BJ-5C5617EC,Information News Toucountouna,Médias & Communication,Toucountouna,+229 42 93 89 91,,informationnewstoucountouna.bj,TPE (<10),B2B,Facebook Pages,,Actif,2026-06-29T00:15:34.278533,moyenne
BJ-292F9C5C,Radio International News,Médias & Communication,Toucountouna,+229 70 18 16 80,radio.international.news@radio.international.news.benin,,Grande (>200),B2C,Facebook Pages,,Actif,2026-06-29T00:15:34.278544,moyenne
BJ-B81EF7C6,Communication Démocratie,Médias & Communication,Toucountouna,+229 24 96 88 13,communication.démocratie@communication.démocratie.com,,TPE (<10),B2B,Facebook Pages,,Actif,2026-06-29T00:15:34.278555,moyenne
BJ-00C40A68,Radio Presse Toucountouna,Médias & Communication,Toucountouna,+229 36 91 85 96,radio.presse.toucountouna@radio.presse.toucountouna.net,,Grande (>200),B2C,Facebook Pages,,Actif,2026-06-29T00:15:34.278567,moyenne
BJ-5B224DE0,Démocratie,Médias & Communication,Boukoumbé,+229 67 40 32 44,démocratie@démocratie.bj,,PME (50-200),B2B,Facebook Pages,,Actif,2026-06-29T00:15:34.278583,moyenne
BJ-94DCE6EE,Média Liberté TV,Médias & Communication,Boukoumbé,+229 84 76 58 79,média.liberté.tv@média.liberté.tv.benin,médialibertétv.bj,TPE (<10),B2C,Facebook Pages,,Actif,2026-06-29T00:15:34.278595,haute
BJ-83628C75,Communication Communication Africa,Médias & Communication,Boukoumbé,+229 71 32 98 89,communication.communication.africa@communication.communication.africa.net,communicationcommunicationafrica.bj,TPE (<10),B2B,Facebook Pages,,Actif,2026-06-29T00:15:34.278607,haute
BJ-41218D99,TV Communication,Médias & Communication,Boukoumbé,+229 77 57 79 37,tv.communication@tv.communication.org,tvcommunication.bj,Grande (>200),B2B,Facebook Pages,,Actif,2026-06-29T00:15:34.278619,haute
BJ-3E9E2065,Presse International Radio,Médias & Communication,Boukoumbé,+229 74 36 42 63,,presseinternationalradio.bj,PME (50-200),B2B,Facebook Pages,,Actif,2026-06-29T00:15:34.278629,moyenne
BJ-49AE31CA,Nouvelles TV,Médias & Communication,Kouandé,+229 96 57 43 35,nouvelles.tv@nouvelles.tv.org,nouvellestv.bj,PME (50-200),B2C,Facebook Pages,,Actif,2026-06-29T00:15:34.278649,haute
BJ-917C7A53,Média International Media Kouandé,Médias & Communication,Kouandé,+229 96 50 43 13,,,TPE (<10),B2C,Facebook Pages,,Actif,2026-06-29T00:15:34.278663,basse
BJ-3F8C0FE0,Publicité Press,Médias & Communication,Kouandé,+229 74 67 93 92,,,PME (10-50),B2B,Facebook Pages,,Actif,2026-06-29T00:15:34.278676,basse
BJ-9A79DA58,Démocratie,Médias & Communication,Kouandé,+229 79 66 97 34,,démocratie.bj,PME (10-50),B2B,Facebook Pages,,Actif,2026-06-29T00:15:34.278698,moyenne
BJ-E7AB87CC,Démocratie News Péhunco,Médias & Communication,Péhunco,+229 68 42 61 53,,,TPE (<10),B2B,Facebook Pages,,Actif,2026-06-29T00:15:34.278714,basse
BJ-FA633654,Actualité,Médias & Communication,Péhunco,+229 86 53 97 75,actualité@actualité.bj,,PME (50-200),B2C,Facebook Pages,,Actif,2026-06-29T00:15:34.278725,moyenne
BJ-2148C080,Radio Nouvelles,Médias & Communication,Péhunco,+229 68 13 32 89,radio.nouvelles@radio.nouvelles.net,,PME (10-50),B2C,Facebook Pages,,Actif,2026-06-29T00:15:34.278736,moyenne
BJ-26C87C5E,Média Journal Africa,Médias & Communication,Péhunco,+229 54 96 50 84,,médiajournalafrica.bj,TPE (<10),B2C,Facebook Pages,,Actif,2026-06-29T00:15:34.278747,moyenne
BJ-E69149BD,Journal Télévision News Péhunco,Médias & Communication,Péhunco,+229 26 66 41 94,journal.télévision.news.péhunco@journal.télévision.news.péhunco.bj,journaltélévisionnewspéhunco.bj,TPE (<10),B2B,Facebook Pages,,Actif,2026-06-29T00:15:34.278762,haute
BJ-488B434B,Média TV,Médias & Communication,Tchaourou,+229 36 45 51 95,média.tv@média.tv.bj,médiatv.bj,PME (10-50),B2B,Facebook Pages,,Actif,2026-06-29T00:15:34.278780,haute
BJ-3E94B116,Presse,Médias & Communication,Tchaourou,+229 83 44 12 13,,presse.bj,PME (10-50),B2B,Facebook Pages,,Actif,2026-06-29T00:15:34.278805,moyenne
BJ-85B0CC07,Journal Radio,Médias & Communication,Tchaourou,+229 65 56 84 78,,journalradio.bj,TPE (<10),B2B,Facebook Pages,,Actif,2026-06-29T00:15:34.278816,moyenne
BJ-375A639A,Média Radio,Médias & Communication,Tchaourou,+229 50 60 27 67,média.radio@média.radio.com,,TPE (<10),B2C,Facebook Pages,,Actif,2026-06-29T00:15:34.278827,moyenne
BJ-AE2650DE,TV National,Médias & Communication,Nikki,+229 25 21 28 53,tv.national@tv.national.net,tvnational.bj,Grande (>200),B2C,Facebook Pages,,Actif,2026-06-29T00:15:34.278844,haute
BJ-214E182D,Agence Démocratie,Médias & Communication,Nikki,+229 40 57 84 12,agence.démocratie@agence.démocratie.com,agencedémocratie.bj,PME (50-200),B2B,Facebook Pages,,Actif,2026-06-29T00:15:34.278867,haute
BJ-7C6116FB,Publicité Communication,Médias & Communication,Nikki,+229 78 34 58 68,publicité.communication@publicité.communication.benin,publicitécommunication.bj,TPE (<10),B2B,Facebook Pages,,Actif,2026-06-29T00:15:34.278901,haute
BJ-B781BBFC,Média Radio News Bembéréké,Médias & Communication,Bembéréké,+229 26 78 99 25,média.radio.news.bembéréké@média.radio.news.bembéréké.com,médiaradionewsbembéréké.bj,TPE (<10),B2B,Facebook Pages,,Actif,2026-06-29T00:15:34.278939,haute
BJ-2C30AAA6,Média TV Bembéréké,Médias & Communication,Bembéréké,+229 58 53 87 26,média.tv.bembéréké@média.tv.bembéréké.bj,médiatvbembéréké.bj,TPE (<10),B2B,Facebook Pages,,Actif,2026-06-29T00:15:34.278995,haute
BJ-759B3DD7,Presse Presse,Médias & Communication,Bembéréké,+229 89 45 55 28,presse.presse@presse.presse.benin,pressepresse.bj,PME (50-200),B2B,Facebook Pages,,Actif,2026-06-29T00:15:34.279007,haute
BJ-080F53F0,Média Liberté TV,Médias & Communication,Bembéréké,+229 84 83 73 30,,médialibertétv.bj,PME (10-50),B2C,Facebook Pages,,Actif,2026-06-29T00:15:34.279021,moyenne
BJ-37F90D4C,Média Bénin Kalalé,Médias & Communication,Kalalé,+229 39 95 56 41,,médiabéninkalalé.bj,TPE (<10),B2B,Facebook Pages,,Actif,2026-06-29T00:15:34.279038,moyenne
BJ-C7631CB3,Journal Communication TV,Médias & Communication,Kalalé,+229 56 40 73 75,journal.communication.tv@journal.communication.tv.org,journalcommunicationtv.bj,PME (10-50),B2B,Facebook Pages,,Actif,2026-06-29T00:15:34.279049,haute
BJ-DAF10F12,Journal Liberté News,Médias & Communication,Kalalé,+229 77 87 66 99,journal.liberté.news@journal.liberté.news.com,journalliberténews.bj,PME (10-50),B2C,Facebook Pages,,Actif,2026-06-29T00:15:34.279061,haute
BJ-0A1DAFC5,TV International Communication Kalalé,Médias & Communication,Kalalé,+229 72 25 83 43,tv.international.communication.kalalé@tv.international.communication.kalalé.benin,tvinternationalcommunicationkalalé.bj,TPE (<10),B2C,Facebook Pages,,Actif,2026-06-29T00:15:34.279074,haute
BJ-A3BF8876,Presse Media,Médias & Communication,Kalalé,+229 41 11 98 62,,pressemedia.bj,TPE (<10),B2B,Facebook Pages,,Actif,2026-06-29T00:15:34.279085,moyenne
BJ-19933AAA,Information Media Ndali,Médias & Communication,Ndali,+229 42 81 36 20,information.media.ndali@information.media.ndali.net,,TPE (<10),B2B,Facebook Pages,,Actif,2026-06-29T00:15:34.279113,moyenne
BJ-0D3CB837,Presse Media,Médias & Communication,Ndali,+229 85 48 21 97,,,PME (10-50),B2C,Facebook Pages,,Actif,2026-06-29T00:15:34.279124,basse
BJ-8C73804C,Liberté,Médias & Communication,Ndali,+229 44 85 69 49,liberté@liberté.com,liberté.bj,PME (50-200),B2C,Facebook Pages,,Actif,2026-06-29T00:15:34.279135,haute
BJ-CB2859A3,Démocratie,Médias & Communication,Ndali,+229 74 64 81 50,,démocratie.bj,PME (10-50),B2C,Facebook Pages,,Actif,2026-06-29T00:15:34.279146,moyenne
BJ-BB0FBE9B,Agence Journal Communication,Médias & Communication,Ségbana,+229 99 51 74 60,agence.journal.communication@agence.journal.communication.net,agencejournalcommunication.bj,TPE (<10),B2C,Facebook Pages,,Actif,2026-06-29T00:15:34.279163,haute
BJ-910B0433,Télévision Africa,Médias & Communication,Ségbana,+229 44 21 15 51,télévision.africa@télévision.africa.com,,TPE (<10),B2B,Facebook Pages,,Actif,2026-06-29T00:15:34.279177,moyenne
BJ-CFBAE0D4,Journal Africa,Médias & Communication,Ségbana,+229 85 16 43 54,journal.africa@journal.africa.com,journalafrica.bj,TPE (<10),B2C,Facebook Pages,,Actif,2026-06-29T00:15:34.279188,haute
BJ-3D44B32F,Journal Journal News,Médias & Communication,Ségbana,+229 36 88 13 12,,,PME (50-200),B2B,Facebook Pages,,Actif,2026-06-29T00:15:34.279198,basse
BJ-C814661A,Radio Communication,Médias & Communication,Ségbana,+229 64 20 30 56,radio.communication@radio.communication.com,radiocommunication.bj,TPE (<10),B2B,Facebook Pages,,Actif,2026-06-29T00:15:34.279209,haute
BJ-3EF10803,Presse National Radio,Médias & Communication,Tchaourou,+229 52 15 74 24,,pressenationalradio.bj,PME (10-50),B2C,Facebook Pages,,Actif,2026-06-29T00:15:34.279224,moyenne
BJ-41A38BED,Média Tchaourou,Médias & Communication,Tchaourou,+229 51 87 88 58,média.tchaourou@média.tchaourou.com,médiatchaourou.bj,PME (10-50),B2B,Facebook Pages,,Actif,2026-06-29T00:15:34.279240,haute
BJ-366F9B00,Agence Démocratie Africa Tchaourou,Médias & Communication,Tchaourou,+229 66 23 73 16,,,TPE (<10),B2B,Facebook Pages,,Actif,2026-06-29T00:15:34.279251,basse
BJ-37E127C8,Presse Bénin,Médias & Communication,Bétérou,+229 63 66 97 90,presse.bénin@presse.bénin.benin,pressebénin.bj,PME (10-50),B2C,Facebook Pages,,Actif,2026-06-29T00:15:34.279302,haute
BJ-48EB99D1,Journal News Bétérou,Médias & Communication,Bétérou,+229 88 14 85 48,,,PME (10-50),B2B,Facebook Pages,,Actif,2026-06-29T00:15:34.279312,basse
BJ-2A8B6DC1,Agence Liberté,Médias & Communication,Bétérou,+229 37 34 23 96,,agenceliberté.bj,PME (10-50),B2B,Facebook Pages,,Actif,2026-06-29T00:15:34.279326,moyenne
BJ-BBD2ACC7,Journal News,Médias & Communication,Bétérou,+229 70 89 73 94,journal.news@journal.news.org,journalnews.bj,PME (50-200),B2C,Facebook Pages,,Actif,2026-06-29T00:15:34.279339,haute
BJ-857079C8,Média Télévision,Médias & Communication,Ouessè,+229 85 87 40 72,média.télévision@média.télévision.com,médiatélévision.bj,PME (50-200),B2B,Facebook Pages,,Actif,2026-06-29T00:15:34.279356,haute
BJ-8624106D,TV Presse Ouessè,Médias & Communication,Ouessè,+229 39 87 40 13,,tvpresseouessè.bj,PME (10-50),B2C,Facebook Pages,,Actif,2026-06-29T00:15:34.279383,moyenne
BJ-2F12C086,Télévision Bénin,Médias & Communication,Ouessè,+229 90 23 63 35,télévision.bénin@télévision.bénin.benin,télévisionbénin.bj,PME (10-50),B2C,Facebook Pages,,Actif,2026-06-29T00:15:34.279395,haute
BJ-132B4F81,Actualité News,Médias & Communication,Ouessè,+229 99 38 54 20,actualité.news@actualité.news.org,actualiténews.bj,TPE (<10),B2C,Facebook Pages,,Actif,2026-06-29T00:15:34.279407,haute
BJ-1E7FA2BE,Communication Presse Glazoué,Médias & Communication,Glazoué,+229 69 36 18 16,communication.presse.glazoué@communication.presse.glazoué.benin,communicationpresseglazoué.bj,TPE (<10),B2C,Facebook Pages,,Actif,2026-06-29T00:15:34.279425,haute
BJ-72EB79A4,Information Africa,Médias & Communication,Glazoué,+229 55 49 43 46,,,PME (10-50),B2B,Facebook Pages,,Actif,2026-06-29T00:15:34.279435,basse
BJ-835C94E9,Agence International TV,Médias & Communication,Glazoué,+229 23 57 67 81,agence.international.tv@agence.international.tv.net,agenceinternationaltv.bj,PME (50-200),B2C,Facebook Pages,,Actif,2026-06-29T00:15:34.279446,haute
BJ-E9F1A976,Agence Journal Glazoué,Médias & Communication,Glazoué,+229 39 79 65 63,agence.journal.glazoué@agence.journal.glazoué.bj,,PME (50-200),B2B,Facebook Pages,,Actif,2026-06-29T00:15:34.279457,moyenne
BJ-2977BDFC,Presse Media Dassa-Zoumè,Médias & Communication,Dassa-Zoumè,+229 34 20 87 59,presse.media.dassazoumè@presse.media.dassazoumè.bj,pressemediadassazoumè.bj,TPE (<10),B2C,Facebook Pages,,Actif,2026-06-29T00:15:34.279499,haute
BJ-CBE17790,Radio National TV,Médias & Communication,Dassa-Zoumè,+229 25 12 84 49,,,PME (50-200),B2B,Facebook Pages,,Actif,2026-06-29T00:15:34.279509,basse
BJ-699F5CEB,Télévision Bénin,Médias & Communication,Savalou,+229 28 25 12 23,,,Grande (>200),B2B,Facebook Pages,,Actif,2026-06-29T00:15:34.279547,basse
BJ-6AC11073,Communication Africa,Médias & Communication,Savalou,+229 40 40 41 25,communication.africa@communication.africa.benin,,PME (50-200),B2B,Facebook Pages,,Actif,2026-06-29T00:15:34.279558,moyenne
BJ-AF1C0053,Média,Médias & Communication,Savalou,+229 33 10 98 36,média@média.com,média.bj,TPE (<10),B2C,Facebook Pages,,Actif,2026-06-29T00:15:34.279569,haute
BJ-C3C6CEED,TV Actualité,Médias & Communication,Savalou,+229 60 87 86 13,,tvactualité.bj,PME (50-200),B2B,Facebook Pages,,Actif,2026-06-29T00:15:34.279580,moyenne
BJ-0EF7F11A,Publicité Savalou,Médias & Communication,Savalou,+229 23 63 45 10,publicité.savalou@publicité.savalou.bj,publicitésavalou.bj,TPE (<10),B2B,Facebook Pages,,Actif,2026-06-29T00:15:34.279592,haute
BJ-20C2E8A3,Communication International Media Bantè,Médias & Communication,Bantè,+229 51 52 28 98,communication.international.media.bantè@communication.international.media.bantè.org,communicationinternationalmediabantè.bj,TPE (<10),B2B,Facebook Pages,,Actif,2026-06-29T00:15:34.279612,haute
BJ-E3C2A591,National Bénin,Médias & Communication,Bantè,+229 96 66 91 16,,nationalbénin.bj,PME (10-50),B2C,Facebook Pages,,Actif,2026-06-29T00:15:34.279629,moyenne
BJ-8C8BE37F,Actualité,Médias & Communication,Bantè,+229 60 47 65 85,actualité@actualité.org,actualité.bj,PME (10-50),B2B,Facebook Pages,,Actif,2026-06-29T00:15:34.279641,haute
BJ-CFC85D02,Média Media,Médias & Communication,Bantè,+229 23 38 89 80,média.media@média.media.bj,médiamedia.bj,PME (50-200),B2B,Facebook Pages,,Actif,2026-06-29T00:15:34.279661,haute
BJ-89D2F0D8,Journal Communication News,Médias & Communication,Bantè,+229 54 44 43 71,,,TPE (<10),B2B,Facebook Pages,,Actif,2026-06-29T00:15:34.279684,basse
BJ-D2B156E3,Radio Djougou,Médias & Communication,Djougou,+229 48 40 53 85,radio.djougou@radio.djougou.org,,TPE (<10),B2B,Facebook Pages,,Actif,2026-06-29T00:15:34.279719,moyenne
BJ-D571C31D,Communication International,Médias & Communication,Djougou,+229 21 64 74 40,communication.international@communication.international.bj,communicationinternational.bj,TPE (<10),B2B,Facebook Pages,,Actif,2026-06-29T00:15:34.279748,haute
BJ-90EBCBFF,Journal Média,Médias & Communication,Djougou,+229 89 51 68 61,journal.média@journal.média.org,journalmédia.bj,TPE (<10),B2C,Facebook Pages,,Actif,2026-06-29T00:15:34.279801,haute
BJ-42A256F9,Publicité,Médias & Communication,Djougou,+229 61 77 74 65,publicité@publicité.benin,publicité.bj,PME (10-50),B2C,Facebook Pages,,Actif,2026-06-29T00:15:34.279833,haute
BJ-3393C1D7,National Bénin Ouèssè,Médias & Communication,Ouèssè,+229 48 86 11 15,,nationalbéninouèssè.bj,TPE (<10),B2B,Facebook Pages,,Actif,2026-06-29T00:15:34.279900,moyenne
BJ-C3A7F76B,Liberté Communication,Médias & Communication,Ouèssè,+229 60 79 74 99,,,PME (10-50),B2C,Facebook Pages,,Actif,2026-06-29T00:15:34.279978,basse
BJ-3AF1AFFA,Agence Média,Médias & Communication,Ouèssè,+229 26 65 14 87,,agencemédia.bj,PME (50-200),B2C,Facebook Pages,,Actif,2026-06-29T00:15:34.279992,moyenne
BJ-368B0777,Presse Presse,Médias & Communication,Ouèssè,+229 26 23 92 24,,pressepresse.bj,TPE (<10),B2B,Facebook Pages,,Actif,2026-06-29T00:15:34.280004,moyenne
BJ-F640C626,Radio National,Médias & Communication,Bassila,+229 32 95 27 55,,,PME (10-50),B2B,Facebook Pages,,Actif,2026-06-29T00:15:34.280022,basse
BJ-FD87E15B,Information Press,Médias & Communication,Bassila,+229 27 13 22 64,,informationpress.bj,PME (10-50),B2B,Facebook Pages,,Actif,2026-06-29T00:15:34.280033,moyenne
BJ-57BEAB6D,Information,Médias & Communication,Bassila,+229 77 52 21 46,information@information.org,information.bj,PME (10-50),B2C,Facebook Pages,,Actif,2026-06-29T00:15:34.280062,haute
BJ-70FC6F3D,Journal Radio,Médias & Communication,Bassila,+229 62 53 68 34,,journalradio.bj,PME (50-200),B2C,Facebook Pages,,Actif,2026-06-29T00:15:34.280073,moyenne
BJ-9A672986,Radio,Médias & Communication,Pehunco,+229 79 21 54 19,,radio.bj,Grande (>200),B2B,Facebook Pages,,Actif,2026-06-29T00:15:34.280103,moyenne
BJ-6BCAB5BD,Journal,Médias & Communication,Pehunco,+229 89 61 11 56,,,PME (10-50),B2B,Facebook Pages,,Actif,2026-06-29T00:15:34.280117,basse
BJ-4227A0E7,Radio Information Bénin,Médias & Communication,Pehunco,+229 69 80 81 23,radio.information.bénin@radio.information.bénin.benin,radioinformationbénin.bj,TPE (<10),B2C,Facebook Pages,,Actif,2026-06-29T00:15:34.280130,haute
BJ-E71BE5E6,Journal Média Pehunco,Médias & Communication,Pehunco,+229 92 92 42 83,journal.média.pehunco@journal.média.pehunco.net,journalmédiapehunco.bj,PME (10-50),B2C,Facebook Pages,,Actif,2026-06-29T00:15:34.280146,haute
BJ-15A698C2,Presse International Press,Médias & Communication,Pehunco,+229 48 66 52 36,,presseinternationalpress.bj,PME (10-50),B2B,Facebook Pages,,Actif,2026-06-29T00:15:34.280157,moyenne
BJ-0A712F03,TV Presse Africa,Médias & Communication,Copargo,+229 89 51 10 19,,tvpresseafrica.bj,TPE (<10),B2C,Facebook Pages,,Actif,2026-06-29T00:15:34.280174,moyenne
BJ-29C8AE67,Nouvelles Copargo,Médias & Communication,Copargo,+229 71 59 71 98,nouvelles.copargo@nouvelles.copargo.org,,PME (10-50),B2B,Facebook Pages,,Actif,2026-06-29T00:15:34.280185,moyenne
BJ-E177A7C9,Média Press,Médias & Communication,Copargo,+229 53 14 53 25,,,PME (50-200),B2C,Facebook Pages,,Actif,2026-06-29T00:15:34.280195,basse
BJ-CD279DFE,Communication,Médias & Communication,Copargo,+229 97 37 85 61,,communication.bj,TPE (<10),B2B,Facebook Pages,,Actif,2026-06-29T00:15:34.280216,moyenne
BJ-2B31E26D,Club Environnement,ONG & Associations,Cotonou,+229 95 59 10 28,,clubenvironnement.bj,PME (10-50),B2C,Facebook Pages,,Actif,2026-06-29T00:15:34.280234,moyenne
BJ-B0D3EEA8,Organisation Éducation,ONG & Associations,Cotonou,+229 61 62 56 70,,,TPE (<10),B2B,Facebook Pages,,Actif,2026-06-29T00:15:34.280247,basse
BJ-537E775F,Fondation Solidarité,ONG & Associations,Cotonou,+229 69 75 86 49,,,Grande (>200),B2C,Facebook Pages,,Actif,2026-06-29T00:15:34.280258,basse
BJ-80980452,Société Enfant ONG Cotonou,ONG & Associations,Cotonou,+229 86 52 42 32,,,PME (10-50),B2B,Facebook Pages,,Actif,2026-06-29T00:15:34.280268,basse
BJ-1916D423,Jeunesse Organisation,ONG & Associations,Cotonou,+229 56 52 15 52,,,TPE (<10),B2C,Facebook Pages,,Actif,2026-06-29T00:15:34.280281,basse
BJ-A45EEA28,ONG Développement Africa,ONG & Associations,Abomey-Calavi,+229 21 47 90 93,ong.développement.africa@ong.développement.africa.bj,ongdéveloppementafrica.bj,Grande (>200),B2C,Facebook Pages,,Actif,2026-06-29T00:15:34.280300,haute
BJ-8D6E70FA,Développement ONG,ONG & Associations,Abomey-Calavi,+229 88 59 69 31,,,PME (10-50),B2B,Facebook Pages,,Actif,2026-06-29T00:15:34.280310,basse
BJ-4EABE56B,Club Environnement Organisation,ONG & Associations,Abomey-Calavi,+229 22 44 70 34,club.environnement.organisation@club.environnement.organisation.org,clubenvironnementorganisation.bj,TPE (<10),B2C,Facebook Pages,,Actif,2026-06-29T00:15:34.280333,haute
BJ-4AD63D80,Association Jeunesse,ONG & Associations,Porto-Novo,+229 89 78 41 59,association.jeunesse@association.jeunesse.com,,TPE (<10),B2C,Facebook Pages,,Actif,2026-06-29T00:15:34.280360,moyenne
BJ-27689F32,Aide ONG Porto-Novo,ONG & Associations,Porto-Novo,+229 41 73 73 76,aide.ong.portonovo@aide.ong.portonovo.net,aideongportonovo.bj,PME (50-200),B2C,Facebook Pages,,Actif,2026-06-29T00:15:34.280375,haute
BJ-64CF8B78,Société Développement Africa,ONG & Associations,Porto-Novo,+229 48 27 21 32,,,PME (50-200),B2C,Facebook Pages,,Actif,2026-06-29T00:15:34.280386,basse
BJ-C772A1B6,Droits Fondation,ONG & Associations,Porto-Novo,+229 22 46 29 67,,droitsfondation.bj,TPE (<10),B2C,Facebook Pages,,Actif,2026-06-29T00:15:34.280396,moyenne
BJ-E30147CC,Social,ONG & Associations,Parakou,+229 41 30 78 37,,social.bj,TPE (<10),B2B,Facebook Pages,,Actif,2026-06-29T00:15:34.280422,moyenne
BJ-C42587A3,Organisation Sport Organisation,ONG & Associations,Parakou,+229 57 95 22 14,organisation.sport.organisation@organisation.sport.organisation.org,organisationsportorganisation.bj,PME (50-200),B2B,Facebook Pages,,Actif,2026-06-29T00:15:34.280434,haute
BJ-4F4B7FC8,Club Éducation,ONG & Associations,Parakou,+229 61 93 53 17,club.éducation@club.éducation.org,,PME (10-50),B2B,Facebook Pages,,Actif,2026-06-29T00:15:34.280446,moyenne
BJ-3AF63473,ONG Sport,ONG & Associations,Parakou,+229 73 93 48 54,ong.sport@ong.sport.org,,TPE (<10),B2B,Facebook Pages,,Actif,2026-06-29T00:15:34.280457,moyenne
BJ-2B57696B,Société Enfant Africa Parakou,ONG & Associations,Parakou,+229 62 56 39 24,,sociétéenfantafricaparakou.bj,TPE (<10),B2C,Facebook Pages,,Actif,2026-06-29T00:15:34.280468,moyenne
BJ-7BF5A199,Sport,ONG & Associations,Bohicon,+229 86 33 68 22,sport@sport.com,,PME (10-50),B2C,Facebook Pages,,Actif,2026-06-29T00:15:34.280490,moyenne
BJ-4CBD1D5A,Solidarité,ONG & Associations,Bohicon,+229 87 51 17 59,solidarité@solidarité.benin,solidarité.bj,PME (10-50),B2B,Facebook Pages,,Actif,2026-06-29T00:15:34.280508,haute
BJ-FE9EDEAF,Club Humanitaire Fondation Bohicon,ONG & Associations,Bohicon,+229 40 34 45 82,club.humanitaire.fondation.bohicon@club.humanitaire.fondation.bohicon.benin,,PME (10-50),B2B,Facebook Pages,,Actif,2026-06-29T00:15:34.280520,moyenne
BJ-E1CB0DDA,Fondation Santé Bénin Bohicon,ONG & Associations,Bohicon,+229 84 57 84 43,fondation.santé.bénin.bohicon@fondation.santé.bénin.bohicon.net,fondationsantébéninbohicon.bj,PME (10-50),B2B,Facebook Pages,,Actif,2026-06-29T00:15:34.280543,haute
BJ-F3E11514,Culture ONG Bohicon,ONG & Associations,Bohicon,+229 96 46 55 25,,cultureongbohicon.bj,TPE (<10),B2C,Facebook Pages,,Actif,2026-06-29T00:15:34.280554,moyenne
BJ-3BEA490E,ONG Aide ONG Natitingou,ONG & Associations,Natitingou,+229 83 70 41 47,,,TPE (<10),B2B,Facebook Pages,,Actif,2026-06-29T00:15:34.280570,basse
BJ-41B732BC,Jeunesse Natitingou,ONG & Associations,Natitingou,+229 95 90 61 69,jeunesse.natitingou@jeunesse.natitingou.bj,,TPE (<10),B2B,Facebook Pages,,Actif,2026-06-29T00:15:34.280581,moyenne
BJ-E86A09FF,Fondation Culture,ONG & Associations,Natitingou,+229 40 49 87 13,fondation.culture@fondation.culture.com,fondationculture.bj,PME (10-50),B2B,Facebook Pages,,Actif,2026-06-29T00:15:34.280603,haute
BJ-AE8E0D88,ONG Culture Bénin,ONG & Associations,Natitingou,+229 62 40 50 69,,,PME (50-200),B2B,Facebook Pages,,Actif,2026-06-29T00:15:34.280613,basse
BJ-601ED9FC,Solidarité,ONG & Associations,Lokossa,+229 71 17 91 61,solidarité@solidarité.net,,TPE (<10),B2B,Facebook Pages,,Actif,2026-06-29T00:15:34.280630,moyenne
BJ-2B10FF0E,Organisation Santé Lokossa,ONG & Associations,Lokossa,+229 36 44 60 48,,,TPE (<10),B2C,Facebook Pages,,Actif,2026-06-29T00:15:34.280644,basse
BJ-CA4051EE,Société Femme,ONG & Associations,Lokossa,+229 87 27 64 16,société.femme@société.femme.benin,,PME (10-50),B2B,Facebook Pages,,Actif,2026-06-29T00:15:34.280667,moyenne
BJ-634EA082,Éducation,ONG & Associations,Lokossa,+229 67 70 52 66,,éducation.bj,TPE (<10),B2C,Facebook Pages,,Actif,2026-06-29T00:15:34.280677,moyenne
BJ-647BC082,Organisation Culture International,ONG & Associations,Ouidah,+229 72 55 71 38,,,PME (10-50),B2C,Facebook Pages,,Actif,2026-06-29T00:15:34.280692,basse
BJ-0A25DF94,Organisation Aide,ONG & Associations,Ouidah,+229 73 22 28 63,organisation.aide@organisation.aide.com,,TPE (<10),B2B,Facebook Pages,,Actif,2026-06-29T00:15:34.280703,moyenne
BJ-36B15249,Environnement Fondation Ouidah,ONG & Associations,Ouidah,+229 49 71 74 61,environnement.fondation.ouidah@environnement.fondation.ouidah.org,environnementfondationouidah.bj,PME (50-200),B2C,Facebook Pages,,Actif,2026-06-29T00:15:34.280715,haute
BJ-D350C0DD,Association Femme Ouidah,ONG & Associations,Ouidah,+229 49 70 44 41,,associationfemmeouidah.bj,PME (50-200),B2C,Facebook Pages,,Actif,2026-06-29T00:15:34.280729,moyenne
BJ-26FBAC7C,Société Aide Association,ONG & Associations,Ouidah,+229 55 55 57 33,,,TPE (<10),B2B,Facebook Pages,,Actif,2026-06-29T00:15:34.280740,basse
BJ-787A658A,Sport International,ONG & Associations,Savalou,+229 78 32 50 69,,,TPE (<10),B2B,Facebook Pages,,Actif,2026-06-29T00:15:34.280755,basse
BJ-DFB4BFA6,Association Sport,ONG & Associations,Savalou,+229 54 49 49 83,,,PME (10-50),B2B,Facebook Pages,,Actif,2026-06-29T00:15:34.280768,basse
BJ-7F1FEDBF,Club Enfant Africa,ONG & Associations,Savalou,+229 30 62 99 68,club.enfant.africa@club.enfant.africa.benin,,TPE (<10),B2B,Facebook Pages,,Actif,2026-06-29T00:15:34.280778,moyenne
BJ-443BC87E,Jeunesse,ONG & Associations,Savalou,+229 64 45 50 49,jeunesse@jeunesse.benin,,PME (10-50),B2C,Facebook Pages,,Actif,2026-06-29T00:15:34.280789,moyenne
BJ-BDE0FC30,ONG Environnement Africa,ONG & Associations,Savalou,+229 21 51 37 98,,,PME (10-50),B2B,Facebook Pages,,Actif,2026-06-29T00:15:34.280799,basse
BJ-CF8F9283,Aide Association Dassa-Zoumè,ONG & Associations,Dassa-Zoumè,+229 59 60 25 27,,,Grande (>200),B2C,Facebook Pages,,Actif,2026-06-29T00:15:34.280836,basse
BJ-D7ACA6B9,Club Humanitaire Fondation,ONG & Associations,Dassa-Zoumè,+229 66 72 78 21,club.humanitaire.fondation@club.humanitaire.fondation.net,clubhumanitairefondation.bj,PME (50-200),B2C,Facebook Pages,,Actif,2026-06-29T00:15:34.280847,haute
BJ-724F8EB7,Solidarité Association Dassa-Zoumè,ONG & Associations,Dassa-Zoumè,+229 27 55 11 27,,solidaritéassociationdassazoumè.bj,TPE (<10),B2B,Facebook Pages,,Actif,2026-06-29T00:15:34.280859,moyenne
BJ-6E831894,Société Humanitaire Kétou,ONG & Associations,Kétou,+229 61 16 54 60,société.humanitaire.kétou@société.humanitaire.kétou.benin,sociétéhumanitairekétou.bj,Grande (>200),B2C,Facebook Pages,,Actif,2026-06-29T00:15:34.280878,haute
BJ-3713D5F6,Humanitaire Association,ONG & Associations,Kétou,+229 99 38 55 59,,humanitaireassociation.bj,Grande (>200),B2C,Facebook Pages,,Actif,2026-06-29T00:15:34.280922,moyenne
BJ-D985038D,Environnement Kétou,ONG & Associations,Kétou,+229 61 17 13 35,environnement.kétou@environnement.kétou.net,,TPE (<10),B2C,Facebook Pages,,Actif,2026-06-29T00:15:34.280969,moyenne
BJ-606C3B1F,Organisation Éducation,ONG & Associations,Kétou,+229 95 12 96 26,,,PME (10-50),B2C,Facebook Pages,,Actif,2026-06-29T00:15:34.280994,basse
BJ-9A2CCA2A,Association Social Organisation,ONG & Associations,Kétou,+229 40 99 97 87,association.social.organisation@association.social.organisation.org,associationsocialorganisation.bj,PME (50-200),B2C,Facebook Pages,,Actif,2026-06-29T00:15:34.281033,haute
BJ-E5ADE8F4,Social ONG,ONG & Associations,Covè,+229 26 91 98 61,social.ong@social.ong.benin,,PME (10-50),B2B,Facebook Pages,,Actif,2026-06-29T00:15:34.281072,moyenne
BJ-1F1FBFEF,Enfant International,ONG & Associations,Covè,+229 92 77 50 51,enfant.international@enfant.international.com,enfantinternational.bj,TPE (<10),B2B,Facebook Pages,,Actif,2026-06-29T00:15:34.281094,haute
BJ-BFDE3732,Association Aide International,ONG & Associations,Covè,+229 54 90 17 59,association.aide.international@association.aide.international.bj,,TPE (<10),B2B,Facebook Pages,,Actif,2026-06-29T00:15:34.281108,moyenne
BJ-33374DFB,Sport,ONG & Associations,Covè,+229 65 98 31 57,sport@sport.org,,PME (10-50),B2C,Facebook Pages,,Actif,2026-06-29T00:15:34.281119,moyenne
BJ-EA8FCBAA,ONG Environnement,ONG & Associations,Covè,+229 66 72 17 81,,,PME (50-200),B2C,Facebook Pages,,Actif,2026-06-29T00:15:34.281129,basse
BJ-202681EC,Culture Fondation,ONG & Associations,Pobè,+229 75 19 48 42,,,TPE (<10),B2B,Facebook Pages,,Actif,2026-06-29T00:15:34.281147,basse
BJ-849AA9D2,Association Culture Pobè,ONG & Associations,Pobè,+229 69 64 97 84,,associationculturepobè.bj,PME (10-50),B2C,Facebook Pages,,Actif,2026-06-29T00:15:34.281162,moyenne
BJ-38B7F57C,Fondation Culture Association Pobè,ONG & Associations,Pobè,+229 98 16 48 14,,fondationcultureassociationpobè.bj,TPE (<10),B2B,Facebook Pages,,Actif,2026-06-29T00:15:34.281175,moyenne
BJ-FECF3FBA,Sport,ONG & Associations,Pobè,+229 25 20 63 42,sport@sport.org,,PME (50-200),B2B,Facebook Pages,,Actif,2026-06-29T00:15:34.281197,moyenne
BJ-302A1911,Social,ONG & Associations,Sakété,+229 63 74 53 36,social@social.benin,,Grande (>200),B2B,Facebook Pages,,Actif,2026-06-29T00:15:34.281215,moyenne
BJ-15D9FFD0,Fondation Éducation,ONG & Associations,Sakété,+229 87 37 59 69,fondation.éducation@fondation.éducation.benin,,PME (50-200),B2B,Facebook Pages,,Actif,2026-06-29T00:15:34.281228,moyenne
BJ-FFAC90AD,Société Environnement Fondation,ONG & Associations,Sakété,+229 80 90 28 63,,sociétéenvironnementfondation.bj,PME (50-200),B2B,Facebook Pages,,Actif,2026-06-29T00:15:34.281239,moyenne
BJ-B90C11D0,Social Bénin Sakété,ONG & Associations,Sakété,+229 78 36 31 81,social.bénin.sakété@social.bénin.sakété.benin,,TPE (<10),B2B,Facebook Pages,,Actif,2026-06-29T00:15:34.281250,moyenne
BJ-7A2ADF3B,Organisation Enfant Bénin,ONG & Associations,Adjara,+229 79 91 66 59,organisation.enfant.bénin@organisation.enfant.bénin.benin,,PME (50-200),B2B,Facebook Pages,,Actif,2026-06-29T00:15:34.281280,moyenne
BJ-F08B6BE8,Fondation Femme,ONG & Associations,Adjara,+229 25 86 95 64,,fondationfemme.bj,TPE (<10),B2C,Facebook Pages,,Actif,2026-06-29T00:15:34.281294,moyenne
BJ-410BF6ED,Société Sport Organisation,ONG & Associations,Adjara,+229 44 29 21 66,société.sport.organisation@société.sport.organisation.net,sociétésportorganisation.bj,PME (50-200),B2B,Facebook Pages,,Actif,2026-06-29T00:15:34.281307,haute
BJ-9C79540F,Organisation Aide Bénin,ONG & Associations,Adjara,+229 71 29 77 50,organisation.aide.bénin@organisation.aide.bénin.benin,organisationaidebénin.bj,TPE (<10),B2B,Facebook Pages,,Actif,2026-06-29T00:15:34.281322,haute
BJ-5DB503CA,Sport International Adjara,ONG & Associations,Adjara,+229 88 11 38 43,sport.international.adjara@sport.international.adjara.bj,,PME (50-200),B2C,Facebook Pages,,Actif,2026-06-29T00:15:34.281334,moyenne
BJ-208FA6C6,Aide Allada,ONG & Associations,Allada,+229 87 43 57 50,aide.allada@aide.allada.org,,TPE (<10),B2C,Facebook Pages,,Actif,2026-06-29T00:15:34.281351,moyenne
BJ-AD29923E,Organisation Culture ONG,ONG & Associations,Allada,+229 96 23 23 11,,,PME (50-200),B2C,Facebook Pages,,Actif,2026-06-29T00:15:34.281361,basse
BJ-AFA27558,Social Bénin Allada,ONG & Associations,Allada,+229 46 24 90 58,social.bénin.allada@social.bénin.allada.com,,TPE (<10),B2B,Facebook Pages,,Actif,2026-06-29T00:15:34.281415,moyenne
BJ-D811DB08,Club Sport Bénin Aplahoué,ONG & Associations,Aplahoué,+229 41 15 78 42,,clubsportbéninaplahoué.bj,PME (10-50),B2C,Facebook Pages,,Actif,2026-06-29T00:15:34.281440,moyenne
BJ-FE62E476,Aide Aplahoué,ONG & Associations,Aplahoué,+229 97 15 21 19,aide.aplahoué@aide.aplahoué.com,,TPE (<10),B2C,Facebook Pages,,Actif,2026-06-29T00:15:34.281486,moyenne
BJ-05FD94D2,Fondation Femme,ONG & Associations,Aplahoué,+229 38 40 24 10,fondation.femme@fondation.femme.org,,PME (50-200),B2C,Facebook Pages,,Actif,2026-06-29T00:15:34.281504,moyenne
BJ-02D6D169,Aide Fondation,ONG & Associations,Aplahoué,+229 96 16 27 30,aide.fondation@aide.fondation.net,aidefondation.bj,PME (50-200),B2C,Facebook Pages,,Actif,2026-06-29T00:15:34.281517,haute
BJ-E16681ED,Club Développement Association Dogbo-Tota,ONG & Associations,Dogbo-Tota,+229 83 47 75 20,,,PME (10-50),B2B,Facebook Pages,,Actif,2026-06-29T00:15:34.281549,basse
BJ-208FD568,Environnement Africa,ONG & Associations,Dogbo-Tota,+229 54 63 25 67,,,PME (10-50),B2B,Facebook Pages,,Actif,2026-06-29T00:15:34.281561,basse
BJ-94630C23,Sport ONG,ONG & Associations,Dogbo-Tota,+229 95 77 14 17,,,PME (10-50),B2B,Facebook Pages,,Actif,2026-06-29T00:15:34.281571,basse
BJ-34ED684C,Santé Organisation,ONG & Associations,Dogbo-Tota,+229 81 24 14 73,santé.organisation@santé.organisation.net,santéorganisation.bj,TPE (<10),B2B,Facebook Pages,,Actif,2026-06-29T00:15:34.281622,haute
BJ-9DD73181,Association Femme,ONG & Associations,Kpomassè,+229 97 98 67 31,association.femme@association.femme.bj,associationfemme.bj,TPE (<10),B2C,Facebook Pages,,Actif,2026-06-29T00:15:34.281663,haute
BJ-74AB50ED,Social Organisation,ONG & Associations,Kpomassè,+229 95 80 50 26,,socialorganisation.bj,PME (10-50),B2C,Facebook Pages,,Actif,2026-06-29T00:15:34.281689,moyenne
BJ-316AF6E6,ONG Solidarité Fondation,ONG & Associations,Kpomassè,+229 42 57 40 10,,,PME (10-50),B2B,Facebook Pages,,Actif,2026-06-29T00:15:34.281719,basse
BJ-B3F11215,Éducation,ONG & Associations,Kpomassè,+229 62 46 56 55,éducation@éducation.net,,TPE (<10),B2C,Facebook Pages,,Actif,2026-06-29T00:15:34.281747,moyenne
BJ-30809FBE,Fondation Santé International Kpomassè,ONG & Associations,Kpomassè,+229 76 37 11 94,,,PME (50-200),B2C,Facebook Pages,,Actif,2026-06-29T00:15:34.281772,basse
BJ-5E4E2620,Association Social Association,ONG & Associations,Tori-Bossito,+229 46 82 68 87,association.social.association@association.social.association.bj,associationsocialassociation.bj,PME (10-50),B2B,Facebook Pages,,Actif,2026-06-29T00:15:34.281810,haute
BJ-C03EC929,Droits Organisation Tori-Bossito,ONG & Associations,Tori-Bossito,+229 30 93 48 66,,droitsorganisationtoribossito.bj,TPE (<10),B2C,Facebook Pages,,Actif,2026-06-29T00:15:34.281836,moyenne
BJ-CFD5A513,Société Humanitaire Association,ONG & Associations,Tori-Bossito,+229 29 95 64 52,,sociétéhumanitaireassociation.bj,TPE (<10),B2C,Facebook Pages,,Actif,2026-06-29T00:15:34.281863,moyenne
BJ-EC0DA50E,Jeunesse,ONG & Associations,Tori-Bossito,+229 54 20 99 33,jeunesse@jeunesse.benin,,TPE (<10),B2B,Facebook Pages,,Actif,2026-06-29T00:15:34.281900,moyenne
BJ-4F7275B7,Environnement Africa,ONG & Associations,Grand-Popo,+229 72 62 73 80,,,TPE (<10),B2C,Facebook Pages,,Actif,2026-06-29T00:15:34.281953,basse
BJ-E851AAB1,Association Santé,ONG & Associations,Grand-Popo,+229 38 91 39 35,,,TPE (<10),B2C,Facebook Pages,,Actif,2026-06-29T00:15:34.282034,basse
BJ-3FAFB15D,Fondation Aide,ONG & Associations,Grand-Popo,+229 77 85 68 87,fondation.aide@fondation.aide.com,,Grande (>200),B2C,Facebook Pages,,Actif,2026-06-29T00:15:34.282061,moyenne
BJ-BC618AB1,Santé,ONG & Associations,Athiémé,+229 53 20 39 21,,,PME (50-200),B2C,Facebook Pages,,Actif,2026-06-29T00:15:34.282092,basse
BJ-EC506322,Fondation Social Bénin,ONG & Associations,Athiémé,+229 46 89 70 71,fondation.social.bénin@fondation.social.bénin.org,,PME (50-200),B2B,Facebook Pages,,Actif,2026-06-29T00:15:34.282117,moyenne
BJ-9B4A7993,Association Aide,ONG & Associations,Athiémé,+229 56 67 14 64,,,TPE (<10),B2B,Facebook Pages,,Actif,2026-06-29T00:15:34.282142,basse
BJ-ABD7C8AB,Fondation Sport Athiémé,ONG & Associations,Athiémé,+229 76 79 76 76,,,TPE (<10),B2B,Facebook Pages,,Actif,2026-06-29T00:15:34.282178,basse
BJ-36EAD01F,Enfant,ONG & Associations,Athiémé,+229 44 96 30 44,enfant@enfant.bj,,PME (50-200),B2C,Facebook Pages,,Actif,2026-06-29T00:15:34.282199,moyenne
BJ-B70732F2,Association Solidarité,ONG & Associations,Bopa,+229 69 40 18 96,,,TPE (<10),B2C,Facebook Pages,,Actif,2026-06-29T00:15:34.282242,basse
BJ-055BC9E0,Enfant,ONG & Associations,Bopa,+229 77 27 39 20,,,PME (50-200),B2C,Facebook Pages,,Actif,2026-06-29T00:15:34.282270,basse
BJ-7EE5D6CD,Social Association,ONG & Associations,Bopa,+229 62 62 21 82,,socialassociation.bj,PME (10-50),B2B,Facebook Pages,,Actif,2026-06-29T00:15:34.282302,moyenne
BJ-EDCF9A57,Humanitaire,ONG & Associations,Bopa,+229 33 37 62 98,humanitaire@humanitaire.com,,PME (10-50),B2C,Facebook Pages,,Actif,2026-06-29T00:15:34.282337,moyenne
BJ-7649243A,Fondation Jeunesse Bénin Bopa,ONG & Associations,Bopa,+229 50 46 24 72,fondation.jeunesse.bénin.bopa@fondation.jeunesse.bénin.bopa.com,fondationjeunessebéninbopa.bj,TPE (<10),B2C,Facebook Pages,,Actif,2026-06-29T00:15:34.282369,haute
BJ-4648DB2C,Association Humanitaire ONG,ONG & Associations,Houéyogbé,+229 61 15 92 12,association.humanitaire.ong@association.humanitaire.ong.benin,,PME (50-200),B2C,Facebook Pages,,Actif,2026-06-29T00:15:34.282411,moyenne
BJ-B1B19E96,Jeunesse Association,ONG & Associations,Houéyogbé,+229 90 40 18 92,jeunesse.association@jeunesse.association.net,,TPE (<10),B2C,Facebook Pages,,Actif,2026-06-29T00:15:34.282445,moyenne
BJ-CFD91227,Droits,ONG & Associations,Houéyogbé,+229 79 22 10 77,droits@droits.benin,,TPE (<10),B2B,Facebook Pages,,Actif,2026-06-29T00:15:34.282480,moyenne
BJ-3CAC7BD8,Humanitaire ONG,ONG & Associations,Houéyogbé,+229 44 50 29 97,humanitaire.ong@humanitaire.ong.net,humanitaireong.bj,PME (10-50),B2C,Facebook Pages,,Actif,2026-06-29T00:15:34.282511,haute
BJ-53798D38,ONG Jeunesse Fondation,ONG & Associations,Houéyogbé,+229 86 12 37 43,,,PME (10-50),B2B,Facebook Pages,,Actif,2026-06-29T00:15:34.282534,basse
BJ-05DC69E4,Société Social,ONG & Associations,Malanville,+229 32 60 35 99,,,Grande (>200),B2B,Facebook Pages,,Actif,2026-06-29T00:15:34.282576,basse
BJ-B935A076,ONG Culture,ONG & Associations,Malanville,+229 22 42 70 80,ong.culture@ong.culture.bj,ongculture.bj,PME (50-200),B2B,Facebook Pages,,Actif,2026-06-29T00:15:34.282610,haute
BJ-9404D7E5,Club Culture Organisation Malanville,ONG & Associations,Malanville,+229 88 82 60 49,club.culture.organisation.malanville@club.culture.organisation.malanville.benin,clubcultureorganisationmalanville.bj,PME (10-50),B2B,Facebook Pages,,Actif,2026-06-29T00:15:34.282638,haute
BJ-3FA9AE12,Fondation Social,ONG & Associations,Malanville,+229 76 50 48 28,fondation.social@fondation.social.com,fondationsocial.bj,TPE (<10),B2C,Facebook Pages,,Actif,2026-06-29T00:15:34.282722,haute
BJ-F3059AFC,Club Jeunesse ONG Malanville,ONG & Associations,Malanville,+229 38 81 61 31,club.jeunesse.ong.malanville@club.jeunesse.ong.malanville.org,,TPE (<10),B2C,Facebook Pages,,Actif,2026-06-29T00:15:34.282746,moyenne
BJ-28AA0673,ONG Droits,ONG & Associations,Kandi,+229 87 16 16 10,,ongdroits.bj,TPE (<10),B2C,Facebook Pages,,Actif,2026-06-29T00:15:34.282784,moyenne
BJ-EF419A0F,Organisation Humanitaire Kandi,ONG & Associations,Kandi,+229 73 23 84 88,organisation.humanitaire.kandi@organisation.humanitaire.kandi.org,organisationhumanitairekandi.bj,PME (10-50),B2C,Facebook Pages,,Actif,2026-06-29T00:15:34.282805,haute
BJ-56A4C9D9,Société Sport Kandi,ONG & Associations,Kandi,+229 45 88 90 69,,,PME (50-200),B2B,Facebook Pages,,Actif,2026-06-29T00:15:34.282845,basse
BJ-3DD304D0,Social Bénin Kandi,ONG & Associations,Kandi,+229 90 91 34 91,,,TPE (<10),B2B,Facebook Pages,,Actif,2026-06-29T00:15:34.282863,basse
BJ-A86D1D53,Jeunesse Africa,ONG & Associations,Banikoara,+229 51 24 19 98,,,TPE (<10),B2B,Facebook Pages,,Actif,2026-06-29T00:15:34.282907,basse
BJ-357D7464,ONG Social,ONG & Associations,Banikoara,+229 20 13 92 37,ong.social@ong.social.com,ongsocial.bj,PME (10-50),B2C,Facebook Pages,,Actif,2026-06-29T00:15:34.282938,haute
BJ-72A06EE1,Club Social International Banikoara,ONG & Associations,Banikoara,+229 84 73 28 95,club.social.international.banikoara@club.social.international.banikoara.bj,,PME (10-50),B2C,Facebook Pages,,Actif,2026-06-29T00:15:34.282961,moyenne
BJ-E318042D,ONG Santé ONG,ONG & Associations,Banikoara,+229 47 94 68 31,ong.santé.ong@ong.santé.ong.benin,,PME (10-50),B2B,Facebook Pages,,Actif,2026-06-29T00:15:34.282983,moyenne
BJ-C014556C,Fondation Développement,ONG & Associations,Banikoara,+229 32 11 25 59,fondation.développement@fondation.développement.net,,TPE (<10),B2C,Facebook Pages,,Actif,2026-06-29T00:15:34.283004,moyenne
BJ-9FA0AC7F,Sport,ONG & Associations,Ségbana,+229 98 26 52 68,,,PME (10-50),B2B,Facebook Pages,,Actif,2026-06-29T00:15:34.283036,basse
BJ-41F71351,Santé ONG,ONG & Associations,Ségbana,+229 95 39 71 68,,,TPE (<10),B2C,Facebook Pages,,Actif,2026-06-29T00:15:34.283056,basse
BJ-BE8FD030,Société Femme,ONG & Associations,Ségbana,+229 95 68 78 80,société.femme@société.femme.benin,sociétéfemme.bj,PME (10-50),B2C,Facebook Pages,,Actif,2026-06-29T00:15:34.283087,haute
BJ-2307BCD1,Organisation Social Organisation Ségbana,ONG & Associations,Ségbana,+229 74 31 49 63,,,PME (10-50),B2C,Facebook Pages,,Actif,2026-06-29T00:15:34.283111,basse
BJ-7A686305,Club Aide Organisation,ONG & Associations,Ségbana,+229 83 75 12 29,club.aide.organisation@club.aide.organisation.org,clubaideorganisation.bj,PME (10-50),B2B,Facebook Pages,,Actif,2026-06-29T00:15:34.283138,haute
BJ-409742BE,Environnement Bénin,ONG & Associations,Karimama,+229 92 92 94 62,environnement.bénin@environnement.bénin.com,,Grande (>200),B2B,Facebook Pages,,Actif,2026-06-29T00:15:34.283176,moyenne
BJ-6596C6A8,Santé Organisation,ONG & Associations,Karimama,+229 58 72 20 50,santé.organisation@santé.organisation.benin,santéorganisation.bj,PME (10-50),B2C,Facebook Pages,,Actif,2026-06-29T00:15:34.283229,haute
BJ-B4A9BD75,ONG Jeunesse Karimama,ONG & Associations,Karimama,+229 64 27 14 36,ong.jeunesse.karimama@ong.jeunesse.karimama.net,ongjeunessekarimama.bj,PME (10-50),B2C,Facebook Pages,,Actif,2026-06-29T00:15:34.283249,haute
BJ-377C913E,Aide Africa,ONG & Associations,Gogounou,+229 44 30 36 90,aide.africa@aide.africa.com,,TPE (<10),B2B,Facebook Pages,,Actif,2026-06-29T00:15:34.283301,moyenne
BJ-BBE0EAB7,Aide,ONG & Associations,Gogounou,+229 38 33 23 79,,,PME (50-200),B2B,Facebook Pages,,Actif,2026-06-29T00:15:34.283320,basse
BJ-F55BC38F,ONG Enfant,ONG & Associations,Gogounou,+229 39 94 91 41,,ongenfant.bj,PME (10-50),B2C,Facebook Pages,,Actif,2026-06-29T00:15:34.283358,moyenne
BJ-DABAACC2,Jeunesse Organisation,ONG & Associations,Gogounou,+229 70 58 52 61,,,PME (50-200),B2B,Facebook Pages,,Actif,2026-06-29T00:15:34.283376,basse
BJ-3B27B60F,Association Droits Cobly,ONG & Associations,Cobly,+229 72 10 13 94,association.droits.cobly@association.droits.cobly.net,associationdroitscobly.bj,PME (10-50),B2B,Facebook Pages,,Actif,2026-06-29T00:15:34.283408,haute
BJ-C721F944,Association Jeunesse,ONG & Associations,Cobly,+229 25 34 59 50,association.jeunesse@association.jeunesse.bj,associationjeunesse.bj,Grande (>200),B2C,Facebook Pages,,Actif,2026-06-29T00:15:34.283437,haute
BJ-E561BB70,Club Femme Cobly,ONG & Associations,Cobly,+229 33 10 21 98,,,PME (50-200),B2C,Facebook Pages,,Actif,2026-06-29T00:15:34.283464,basse
BJ-F379B93B,Société Culture,ONG & Associations,Cobly,+229 74 29 61 51,société.culture@société.culture.benin,sociétéculture.bj,PME (10-50),B2C,Facebook Pages,,Actif,2026-06-29T00:15:34.283502,haute
BJ-84EDF028,Club Aide Bénin,ONG & Associations,Cobly,+229 44 74 17 12,club.aide.bénin@club.aide.bénin.benin,,PME (10-50),B2C,Facebook Pages,,Actif,2026-06-29T00:15:34.283535,moyenne
BJ-AE2110E8,Association Social Bénin,ONG & Associations,Tanguiéta,+229 29 32 28 62,,associationsocialbénin.bj,PME (10-50),B2C,Facebook Pages,,Actif,2026-06-29T00:15:34.283582,moyenne
BJ-223B18D6,Club Solidarité Africa,ONG & Associations,Tanguiéta,+229 63 79 53 86,club.solidarité.africa@club.solidarité.africa.com,,Grande (>200),B2B,Facebook Pages,,Actif,2026-06-29T00:15:34.283604,moyenne
BJ-6D9BBAB3,Droits,ONG & Associations,Tanguiéta,+229 99 69 41 20,droits@droits.net,,PME (10-50),B2C,Facebook Pages,,Actif,2026-06-29T00:15:34.283624,moyenne
BJ-D6CFF1C4,Enfant Africa,ONG & Associations,Tanguiéta,+229 67 64 89 81,,enfantafrica.bj,PME (10-50),B2B,Facebook Pages,,Actif,2026-06-29T00:15:34.283656,moyenne
BJ-C20A0C58,Organisation Femme Fondation,ONG & Associations,Tanguiéta,+229 82 94 84 63,organisation.femme.fondation@organisation.femme.fondation.com,,PME (10-50),B2B,Facebook Pages,,Actif,2026-06-29T00:15:34.283682,moyenne
BJ-C5EE60F8,Enfant Bénin,ONG & Associations,Matéri,+229 54 86 79 33,enfant.bénin@enfant.bénin.net,,TPE (<10),B2B,Facebook Pages,,Actif,2026-06-29T00:15:34.283718,moyenne
BJ-01EC07FF,Organisation Aide Africa Matéri,ONG & Associations,Matéri,+229 74 20 18 78,,,PME (10-50),B2C,Facebook Pages,,Actif,2026-06-29T00:15:34.283763,basse
BJ-5BA5B633,Femme,ONG & Associations,Matéri,+229 93 47 77 36,,femme.bj,PME (10-50),B2B,Facebook Pages,,Actif,2026-06-29T00:15:34.283798,moyenne
BJ-55097651,Enfant,ONG & Associations,Matéri,+229 82 83 24 85,enfant@enfant.net,,PME (50-200),B2C,Facebook Pages,,Actif,2026-06-29T00:15:34.283828,moyenne
BJ-0136F0B0,Association Aide,ONG & Associations,Natitingou,+229 40 35 60 69,,,PME (10-50),B2C,Facebook Pages,,Actif,2026-06-29T00:15:34.283917,basse
BJ-68281480,Club Femme ONG Natitingou,ONG & Associations,Natitingou,+229 69 69 65 60,,clubfemmeongnatitingou.bj,PME (50-200),B2C,Facebook Pages,,Actif,2026-06-29T00:15:34.283956,moyenne
BJ-A044D741,Société Femme Fondation,ONG & Associations,Natitingou,+229 21 84 11 36,,,PME (10-50),B2C,Facebook Pages,,Actif,2026-06-29T00:15:34.283976,basse
BJ-43D2894F,Enfant,ONG & Associations,Natitingou,+229 65 38 83 73,,,PME (10-50),B2C,Facebook Pages,,Actif,2026-06-29T00:15:34.284001,basse
BJ-A3D4448E,Fondation Développement International,ONG & Associations,Natitingou,+229 93 49 15 13,fondation.développement.international@fondation.développement.international.benin,,Grande (>200),B2B,Facebook Pages,,Actif,2026-06-29T00:15:34.284024,moyenne
BJ-C7B5BCE6,Organisation Environnement Bénin,ONG & Associations,Toucountouna,+229 56 86 32 52,,organisationenvironnementbénin.bj,PME (10-50),B2B,Facebook Pages,,Actif,2026-06-29T00:15:34.284060,moyenne
BJ-8890166B,Humanitaire International,ONG & Associations,Toucountouna,+229 69 18 60 69,humanitaire.international@humanitaire.international.benin,,TPE (<10),B2B,Facebook Pages,,Actif,2026-06-29T00:15:34.284128,moyenne
BJ-6B0C7282,Aide ONG,ONG & Associations,Toucountouna,+229 75 69 30 95,,,TPE (<10),B2C,Facebook Pages,,Actif,2026-06-29T00:15:34.284139,basse
BJ-0C9C0B59,Club Culture,ONG & Associations,Boukoumbé,+229 94 12 77 48,club.culture@club.culture.org,clubculture.bj,PME (50-200),B2B,Facebook Pages,,Actif,2026-06-29T00:15:34.284166,haute
BJ-28A77E5F,Humanitaire,ONG & Associations,Boukoumbé,+229 64 37 55 25,humanitaire@humanitaire.net,,TPE (<10),B2B,Facebook Pages,,Actif,2026-06-29T00:15:34.284191,moyenne
BJ-39A1827C,Aide Fondation,ONG & Associations,Boukoumbé,+229 52 31 49 52,,,PME (50-200),B2C,Facebook Pages,,Actif,2026-06-29T00:15:34.284201,basse
BJ-345D99A5,Développement International,ONG & Associations,Kouandé,+229 44 83 69 97,développement.international@développement.international.bj,développementinternational.bj,PME (10-50),B2B,Facebook Pages,,Actif,2026-06-29T00:15:34.284234,haute
BJ-BE55D259,Société Santé,ONG & Associations,Kouandé,+229 65 53 30 42,,,TPE (<10),B2B,Facebook Pages,,Actif,2026-06-29T00:15:34.284250,basse
BJ-02E13490,Club Aide Association Kouandé,ONG & Associations,Kouandé,+229 81 95 83 99,,,PME (10-50),B2C,Facebook Pages,,Actif,2026-06-29T00:15:34.284262,basse
BJ-0D4BCC07,ONG Jeunesse Bénin,ONG & Associations,Kouandé,+229 94 11 43 31,ong.jeunesse.bénin@ong.jeunesse.bénin.net,,TPE (<10),B2C,Facebook Pages,,Actif,2026-06-29T00:15:34.284275,moyenne
BJ-AEE24D36,Organisation Sport Organisation,ONG & Associations,Kouandé,+229 70 25 20 76,,organisationsportorganisation.bj,PME (50-200),B2C,Facebook Pages,,Actif,2026-06-29T00:15:34.284287,moyenne
BJ-C3629D1E,Sport Africa,ONG & Associations,Péhunco,+229 25 47 22 57,,sportafrica.bj,TPE (<10),B2C,Facebook Pages,,Actif,2026-06-29T00:15:34.284334,moyenne
BJ-0ECC1843,Fondation Développement Organisation Péhunco,ONG & Associations,Péhunco,+229 64 81 20 74,fondation.développement.organisation.péhunco@fondation.développement.organisation.péhunco.benin,,PME (10-50),B2C,Facebook Pages,,Actif,2026-06-29T00:15:34.284348,moyenne
BJ-C937CFF8,Enfant Association,ONG & Associations,Péhunco,+229 79 17 74 70,,,TPE (<10),B2C,Facebook Pages,,Actif,2026-06-29T00:15:34.284361,basse
BJ-93941E33,Association Solidarité Association Tchaourou,ONG & Associations,Tchaourou,+229 75 77 10 17,association.solidarité.association.tchaourou@association.solidarité.association.tchaourou.bj,associationsolidaritéassociationtchaourou.bj,TPE (<10),B2B,Facebook Pages,,Actif,2026-06-29T00:15:34.284382,haute
BJ-80C02608,Société Santé Association,ONG & Associations,Tchaourou,+229 48 33 34 26,,sociétésantéassociation.bj,PME (10-50),B2C,Facebook Pages,,Actif,2026-06-29T00:15:34.284399,moyenne
BJ-7DB82254,ONG Enfant Africa Tchaourou,ONG & Associations,Tchaourou,+229 71 75 39 21,ong.enfant.africa.tchaourou@ong.enfant.africa.tchaourou.net,ongenfantafricatchaourou.bj,TPE (<10),B2C,Facebook Pages,,Actif,2026-06-29T00:15:34.284416,haute
BJ-5F4A1551,Santé Fondation Tchaourou,ONG & Associations,Tchaourou,+229 30 26 86 33,santé.fondation.tchaourou@santé.fondation.tchaourou.com,,TPE (<10),B2C,Facebook Pages,,Actif,2026-06-29T00:15:34.284445,moyenne
BJ-EAF1EA5E,Humanitaire,ONG & Associations,Nikki,+229 31 14 47 98,,,TPE (<10),B2B,Facebook Pages,,Actif,2026-06-29T00:15:34.284464,basse
BJ-EAEC8D04,Jeunesse International,ONG & Associations,Nikki,+229 80 58 62 32,jeunesse.international@jeunesse.international.com,jeunesseinternational.bj,PME (10-50),B2B,Facebook Pages,,Actif,2026-06-29T00:15:34.284492,haute
BJ-6C3EFC87,Organisation Enfant,ONG & Associations,Nikki,+229 80 40 77 90,,organisationenfant.bj,PME (10-50),B2B,Facebook Pages,,Actif,2026-06-29T00:15:34.284514,moyenne
BJ-FC64A132,Organisation Développement,ONG & Associations,Nikki,+229 69 98 25 96,organisation.développement@organisation.développement.com,,PME (50-200),B2B,Facebook Pages,,Actif,2026-06-29T00:15:34.284547,moyenne
BJ-388C197D,Organisation Femme,ONG & Associations,Nikki,+229 92 55 92 27,,,PME (10-50),B2C,Facebook Pages,,Actif,2026-06-29T00:15:34.284565,basse
BJ-5F3F53F5,Société Sport Africa,ONG & Associations,Bembéréké,+229 41 60 31 53,société.sport.africa@société.sport.africa.org,,Grande (>200),B2B,Facebook Pages,,Actif,2026-06-29T00:15:34.284602,moyenne
BJ-FC2C35E9,Club Femme Association,ONG & Associations,Bembéréké,+229 52 56 19 24,,clubfemmeassociation.bj,PME (10-50),B2B,Facebook Pages,,Actif,2026-06-29T00:15:34.284636,moyenne
BJ-F50CEF19,Club Femme,ONG & Associations,Bembéréké,+229 38 33 54 35,,,Grande (>200),B2B,Facebook Pages,,Actif,2026-06-29T00:15:34.284651,basse
BJ-AEB4AC10,ONG Culture Africa,ONG & Associations,Bembéréké,+229 69 29 88 63,,,PME (10-50),B2C,Facebook Pages,,Actif,2026-06-29T00:15:34.284662,basse
BJ-7C4F5E9C,Environnement Bembéréké,ONG & Associations,Bembéréké,+229 21 20 27 15,,,PME (50-200),B2C,Facebook Pages,,Actif,2026-06-29T00:15:34.284673,basse
BJ-183A562C,Association Culture Africa,ONG & Associations,Kalalé,+229 25 37 61 28,association.culture.africa@association.culture.africa.benin,,TPE (<10),B2B,Facebook Pages,,Actif,2026-06-29T00:15:34.284694,moyenne
BJ-95505F66,Environnement Fondation,ONG & Associations,Kalalé,+229 74 91 72 18,environnement.fondation@environnement.fondation.bj,,TPE (<10),B2C,Facebook Pages,,Actif,2026-06-29T00:15:34.284706,moyenne
BJ-8EB95794,Environnement ONG Kalalé,ONG & Associations,Kalalé,+229 89 93 56 14,,environnementongkalalé.bj,TPE (<10),B2B,Facebook Pages,,Actif,2026-06-29T00:15:34.284719,moyenne
BJ-52DB153F,Social Kalalé,ONG & Associations,Kalalé,+229 62 73 97 83,social.kalalé@social.kalalé.bj,socialkalalé.bj,TPE (<10),B2B,Facebook Pages,,Actif,2026-06-29T00:15:34.284732,haute
BJ-C996F153,Organisation Environnement Association,ONG & Associations,Ndali,+229 65 85 35 52,,,PME (50-200),B2B,Facebook Pages,,Actif,2026-06-29T00:15:34.284765,basse
BJ-773A1486,Fondation Développement Ndali,ONG & Associations,Ndali,+229 83 28 42 18,,fondationdéveloppementndali.bj,PME (10-50),B2B,Facebook Pages,,Actif,2026-06-29T00:15:34.284780,moyenne
BJ-21754361,Association Femme,ONG & Associations,Ndali,+229 65 85 95 76,,associationfemme.bj,PME (10-50),B2C,Facebook Pages,,Actif,2026-06-29T00:15:34.284792,moyenne
BJ-A952EE40,Éducation,ONG & Associations,Ndali,+229 50 57 15 29,,,TPE (<10),B2C,Facebook Pages,,Actif,2026-06-29T00:15:34.284803,basse
BJ-78B0B645,Solidarité Association,ONG & Associations,Ndali,+229 61 95 79 27,,solidaritéassociation.bj,PME (10-50),B2C,Facebook Pages,,Actif,2026-06-29T00:15:34.284815,moyenne
BJ-56E1CF91,Sport Ségbana,ONG & Associations,Ségbana,+229 86 71 60 48,sport.ségbana@sport.ségbana.benin,sportségbana.bj,PME (10-50),B2C,Facebook Pages,,Actif,2026-06-29T00:15:34.284833,haute
BJ-263611BF,Organisation Aide ONG,ONG & Associations,Ségbana,+229 69 90 45 45,organisation.aide.ong@organisation.aide.ong.org,organisationaideong.bj,TPE (<10),B2C,Facebook Pages,,Actif,2026-06-29T00:15:34.284846,haute
BJ-840A0517,Société Développement Bénin,ONG & Associations,Ségbana,+229 44 95 83 79,société.développement.bénin@société.développement.bénin.com,sociétédéveloppementbénin.bj,PME (50-200),B2B,Facebook Pages,,Actif,2026-06-29T00:15:34.284860,haute
BJ-D67C93D7,Club Femme,ONG & Associations,Ségbana,+229 35 94 62 78,,,PME (10-50),B2C,Facebook Pages,,Actif,2026-06-29T00:15:34.284871,basse
BJ-BAEB3A9D,Sport International,ONG & Associations,Ségbana,+229 97 51 19 48,sport.international@sport.international.net,,PME (50-200),B2C,Facebook Pages,,Actif,2026-06-29T00:15:34.284883,moyenne
BJ-7C6CF063,Club Culture,ONG & Associations,Tchaourou,+229 58 91 43 68,,,TPE (<10),B2B,Facebook Pages,,Actif,2026-06-29T00:15:34.284919,basse
BJ-DC07A1A3,ONG Femme,ONG & Associations,Tchaourou,+229 67 19 87 51,,,TPE (<10),B2B,Facebook Pages,,Actif,2026-06-29T00:15:34.284935,basse
BJ-4848516C,Société Jeunesse Tchaourou,ONG & Associations,Tchaourou,+229 62 22 29 65,société.jeunesse.tchaourou@société.jeunesse.tchaourou.org,,PME (10-50),B2C,Facebook Pages,,Actif,2026-06-29T00:15:34.284948,moyenne
BJ-E34F5A3A,ONG Social International,ONG & Associations,Tchaourou,+229 72 93 15 36,ong.social.international@ong.social.international.net,ongsocialinternational.bj,TPE (<10),B2C,Facebook Pages,,Actif,2026-06-29T00:15:34.284961,haute
BJ-8E2443E9,Organisation Aide Tchaourou,ONG & Associations,Tchaourou,+229 25 45 53 96,,organisationaidetchaourou.bj,PME (50-200),B2C,Facebook Pages,,Actif,2026-06-29T00:15:34.284973,moyenne
BJ-148FE19D,Club Jeunesse,ONG & Associations,Bétérou,+229 92 48 61 14,club.jeunesse@club.jeunesse.org,,PME (10-50),B2B,Facebook Pages,,Actif,2026-06-29T00:15:34.284992,moyenne
BJ-C2857175,Social Association,ONG & Associations,Bétérou,+229 59 24 25 90,,socialassociation.bj,PME (10-50),B2C,Facebook Pages,,Actif,2026-06-29T00:15:34.285007,moyenne
BJ-82792CA6,Société Femme International,ONG & Associations,Bétérou,+229 71 96 67 23,,sociétéfemmeinternational.bj,PME (50-200),B2C,Facebook Pages,,Actif,2026-06-29T00:15:34.285023,moyenne
BJ-8F6E0E07,Association Sport Bénin Bétérou,ONG & Associations,Bétérou,+229 39 90 42 37,,,PME (10-50),B2B,Facebook Pages,,Actif,2026-06-29T00:15:34.285034,basse
BJ-EF32D019,Développement Bétérou,ONG & Associations,Bétérou,+229 73 35 70 92,,,PME (10-50),B2C,Facebook Pages,,Actif,2026-06-29T00:15:34.285045,basse
BJ-8C16291E,Association Environnement International,ONG & Associations,Ouessè,+229 44 53 92 33,association.environnement.international@association.environnement.international.benin,associationenvironnementinternational.bj,Grande (>200),B2C,Facebook Pages,,Actif,2026-06-29T00:15:34.285064,haute
BJ-423A20CA,Développement ONG,ONG & Associations,Ouessè,+229 25 91 72 63,,,PME (10-50),B2C,Facebook Pages,,Actif,2026-06-29T00:15:34.285079,basse
BJ-9170645D,Organisation Jeunesse International,ONG & Associations,Ouessè,+229 32 38 63 53,,,PME (50-200),B2B,Facebook Pages,,Actif,2026-06-29T00:15:34.285113,basse
BJ-82BCCB2C,Jeunesse Africa Glazoué,ONG & Associations,Glazoué,+229 41 26 34 97,,,PME (10-50),B2C,Facebook Pages,,Actif,2026-06-29T00:15:34.285129,basse
BJ-95275194,Jeunesse Association,ONG & Associations,Glazoué,+229 73 23 59 99,jeunesse.association@jeunesse.association.com,,TPE (<10),B2B,Facebook Pages,,Actif,2026-06-29T00:15:34.285141,moyenne
BJ-114C5111,Éducation ONG,ONG & Associations,Glazoué,+229 40 20 23 64,,éducationong.bj,TPE (<10),B2B,Facebook Pages,,Actif,2026-06-29T00:15:34.285163,moyenne
BJ-36498E75,Santé ONG,ONG & Associations,Glazoué,+229 98 20 86 70,santé.ong@santé.ong.bj,santéong.bj,Grande (>200),B2C,Facebook Pages,,Actif,2026-06-29T00:15:34.285176,haute
BJ-FCC8FBB7,Santé Africa,ONG & Associations,Dassa-Zoumè,+229 21 25 15 41,,,PME (50-200),B2C,Facebook Pages,,Actif,2026-06-29T00:15:34.285192,basse
BJ-C887C9CB,Fondation Sport Africa,ONG & Associations,Dassa-Zoumè,+229 54 57 27 57,fondation.sport.africa@fondation.sport.africa.org,fondationsportafrica.bj,PME (10-50),B2C,Facebook Pages,,Actif,2026-06-29T00:15:34.285233,haute
BJ-D4E04F24,Éducation ONG Dassa-Zoumè,ONG & Associations,Dassa-Zoumè,+229 91 10 18 21,éducation.ong.dassazoumè@éducation.ong.dassazoumè.org,éducationongdassazoumè.bj,PME (50-200),B2B,Facebook Pages,,Actif,2026-06-29T00:15:34.285247,haute
BJ-C132BA22,Fondation Environnement International Savalou,ONG & Associations,Savalou,+229 48 55 17 57,,,TPE (<10),B2C,Facebook Pages,,Actif,2026-06-29T00:15:34.285276,basse
BJ-8FF2B754,Enfant Africa,ONG & Associations,Savalou,+229 67 74 16 35,,enfantafrica.bj,TPE (<10),B2C,Facebook Pages,,Actif,2026-06-29T00:15:34.285287,moyenne
BJ-2BE5C488,Société Culture Organisation,ONG & Associations,Savalou,+229 39 17 99 16,société.culture.organisation@société.culture.organisation.net,sociétécultureorganisation.bj,PME (10-50),B2C,Facebook Pages,,Actif,2026-06-29T00:15:34.285304,haute
BJ-96B9FA79,Jeunesse Organisation,ONG & Associations,Bantè,+229 80 15 85 74,,,TPE (<10),B2C,Facebook Pages,,Actif,2026-06-29T00:15:34.285335,basse
BJ-7B91ACC4,Éducation Bénin,ONG & Associations,Bantè,+229 72 69 21 91,éducation.bénin@éducation.bénin.com,,PME (50-200),B2B,Facebook Pages,,Actif,2026-06-29T00:15:34.285351,moyenne
BJ-0070DFA7,Droits,ONG & Associations,Bantè,+229 66 13 93 96,droits@droits.benin,,Grande (>200),B2C,Facebook Pages,,Actif,2026-06-29T00:15:34.285363,moyenne
BJ-4B56D45F,Femme,ONG & Associations,Bantè,+229 27 83 98 90,femme@femme.org,femme.bj,TPE (<10),B2C,Facebook Pages,,Actif,2026-06-29T00:15:34.285375,haute
BJ-1249470E,Organisation Femme Association,ONG & Associations,Bantè,+229 64 27 83 12,,organisationfemmeassociation.bj,TPE (<10),B2C,Facebook Pages,,Actif,2026-06-29T00:15:34.285391,moyenne
BJ-78334C29,Société Femme Fondation,ONG & Associations,Djougou,+229 84 26 20 34,,,PME (10-50),B2C,Facebook Pages,,Actif,2026-06-29T00:15:34.285415,basse
BJ-0E1D6230,ONG Éducation Fondation,ONG & Associations,Djougou,+229 30 10 81 93,ong.éducation.fondation@ong.éducation.fondation.benin,ongéducationfondation.bj,PME (10-50),B2C,Facebook Pages,,Actif,2026-06-29T00:15:34.285429,haute
BJ-012F7FF2,Aide Djougou,ONG & Associations,Djougou,+229 95 44 29 63,aide.djougou@aide.djougou.bj,aidedjougou.bj,TPE (<10),B2C,Facebook Pages,,Actif,2026-06-29T00:15:34.285441,haute
BJ-A50B75DE,Culture Bénin,ONG & Associations,Djougou,+229 26 28 43 18,culture.bénin@culture.bénin.org,culturebénin.bj,TPE (<10),B2B,Facebook Pages,,Actif,2026-06-29T00:15:34.285454,haute
BJ-E5AA21DF,Association Jeunesse,ONG & Associations,Djougou,+229 85 14 96 76,association.jeunesse@association.jeunesse.com,,TPE (<10),B2C,Facebook Pages,,Actif,2026-06-29T00:15:34.285465,moyenne
BJ-63EDE248,Éducation,ONG & Associations,Ouèssè,+229 87 70 63 86,éducation@éducation.bj,éducation.bj,PME (50-200),B2B,Facebook Pages,,Actif,2026-06-29T00:15:34.285485,haute
BJ-3452C797,Club Droits,ONG & Associations,Ouèssè,+229 47 14 58 11,club.droits@club.droits.com,,PME (50-200),B2C,Facebook Pages,,Actif,2026-06-29T00:15:34.285503,moyenne
BJ-989EEB2E,Enfant,ONG & Associations,Ouèssè,+229 51 80 44 92,,,TPE (<10),B2B,Facebook Pages,,Actif,2026-06-29T00:15:34.285515,basse
BJ-09B54AC8,Jeunesse Ouèssè,ONG & Associations,Ouèssè,+229 70 27 95 41,,,TPE (<10),B2C,Facebook Pages,,Actif,2026-06-29T00:15:34.285525,basse
BJ-C145DD1C,Fondation Aide Association,ONG & Associations,Bassila,+229 37 21 36 41,fondation.aide.association@fondation.aide.association.benin,fondationaideassociation.bj,TPE (<10),B2C,Facebook Pages,,Actif,2026-06-29T00:15:34.285556,haute
BJ-8A45588E,ONG Santé Bassila,ONG & Associations,Bassila,+229 79 18 72 96,ong.santé.bassila@ong.santé.bassila.org,,PME (10-50),B2B,Facebook Pages,,Actif,2026-06-29T00:15:34.285569,moyenne
BJ-6FCC1DCB,Droits Bénin,ONG & Associations,Bassila,+229 20 49 67 43,,,TPE (<10),B2B,Facebook Pages,,Actif,2026-06-29T00:15:34.285580,basse
BJ-047C2D26,Organisation Jeunesse International,ONG & Associations,Bassila,+229 91 51 13 21,,,PME (10-50),B2C,Facebook Pages,,Actif,2026-06-29T00:15:34.285591,basse
BJ-FB129589,Fondation Santé Association,ONG & Associations,Bassila,+229 64 84 61 42,fondation.santé.association@fondation.santé.association.bj,,TPE (<10),B2C,Facebook Pages,,Actif,2026-06-29T00:15:34.285604,moyenne
BJ-98288ABC,Sport Fondation,ONG & Associations,Pehunco,+229 91 51 47 23,,,TPE (<10),B2C,Facebook Pages,,Actif,2026-06-29T00:15:34.285624,basse
BJ-40DE5BCF,Humanitaire ONG,ONG & Associations,Pehunco,+229 38 12 69 61,,humanitaireong.bj,PME (50-200),B2B,Facebook Pages,,Actif,2026-06-29T00:15:34.285640,moyenne
BJ-C3EB88C2,Fondation Social,ONG & Associations,Pehunco,+229 67 59 89 97,fondation.social@fondation.social.net,,Grande (>200),B2B,Facebook Pages,,Actif,2026-06-29T00:15:34.285653,moyenne
BJ-F66CFF2C,Club Social Fondation Pehunco,ONG & Associations,Pehunco,+229 55 54 34 27,,,Grande (>200),B2B,Facebook Pages,,Actif,2026-06-29T00:15:34.285663,basse
BJ-0EF651AE,Organisation Social Africa,ONG & Associations,Pehunco,+229 71 64 28 50,,,PME (10-50),B2B,Facebook Pages,,Actif,2026-06-29T00:15:34.285675,basse
BJ-B75A10E9,Club Culture,ONG & Associations,Copargo,+229 93 97 37 14,club.culture@club.culture.org,,TPE (<10),B2C,Facebook Pages,,Actif,2026-06-29T00:15:34.285692,moyenne
BJ-0B54CD6A,Femme Fondation,ONG & Associations,Copargo,+229 94 68 89 23,,,PME (50-200),B2B,Facebook Pages,,Actif,2026-06-29T00:15:34.285702,basse
BJ-CA250883,Social Africa,ONG & Associations,Copargo,+229 47 64 35 46,social.africa@social.africa.benin,socialafrica.bj,PME (10-50),B2C,Facebook Pages,,Actif,2026-06-29T00:15:34.285718,haute
BJ-078DCE58,Social Association Copargo,ONG & Associations,Copargo,+229 45 56 47 74,,,Grande (>200),B2C,Facebook Pages,,Actif,2026-06-29T00:15:34.285739,basse
BJ-473812ED,SARL Urbanisme,BTP & Immobilier,Cotonou,+229 38 69 13 29,sarl.urbanisme@sarl.urbanisme.net,sarlurbanisme.bj,Grande (>200),B2C,CCIB Annuaire,,Actif,2026-06-29T00:15:34.285779,haute
BJ-B23F6C08,Bâtiment Bénin Cotonou,BTP & Immobilier,Cotonou,+229 51 25 70 97,bâtiment.bénin.cotonou@bâtiment.bénin.cotonou.benin,,TPE (<10),B2B,CCIB Annuaire,,Actif,2026-06-29T00:15:34.285795,moyenne
BJ-4A78596C,BTP Plomberie,BTP & Immobilier,Cotonou,+229 92 53 51 32,btp.plomberie@btp.plomberie.benin,,PME (10-50),B2B,CCIB Annuaire,,Actif,2026-06-29T00:15:34.285808,moyenne
BJ-D53DEF8C,Fondation Bénin,BTP & Immobilier,Cotonou,+229 44 98 44 65,fondation.bénin@fondation.bénin.bj,fondationbénin.bj,PME (50-200),B2C,CCIB Annuaire,,Actif,2026-06-29T00:15:34.285821,haute
BJ-A97377C3,Toiture,BTP & Immobilier,Abomey-Calavi,+229 51 85 71 20,toiture@toiture.com,,PME (10-50),B2C,CCIB Annuaire,,Actif,2026-06-29T00:15:34.285839,moyenne
BJ-5E9408A8,Maison Solutions,BTP & Immobilier,Abomey-Calavi,+229 44 91 22 75,maison.solutions@maison.solutions.net,maisonsolutions.bj,PME (10-50),B2C,CCIB Annuaire,,Actif,2026-06-29T00:15:34.285851,haute
BJ-74A6BB75,Urbanisme Abomey-Calavi,BTP & Immobilier,Abomey-Calavi,+229 44 60 47 98,,,TPE (<10),B2B,CCIB Annuaire,,Actif,2026-06-29T00:15:34.285862,basse
BJ-358FC131,Groupe Béton SA Abomey-Calavi,BTP & Immobilier,Abomey-Calavi,+229 97 39 24 76,groupe.béton.sa.abomeycalavi@groupe.béton.sa.abomeycalavi.org,groupebétonsaabomeycalavi.bj,TPE (<10),B2C,CCIB Annuaire,,Actif,2026-06-29T00:15:34.285876,haute
BJ-04658CCD,Structure Bénin,BTP & Immobilier,Porto-Novo,+229 89 13 51 11,structure.bénin@structure.bénin.net,,PME (50-200),B2B,CCIB Annuaire,,Actif,2026-06-29T00:15:34.285923,moyenne
BJ-AFFDD6AE,SARL Immobilier,BTP & Immobilier,Porto-Novo,+229 51 36 20 18,,,Grande (>200),B2B,CCIB Annuaire,,Actif,2026-06-29T00:15:34.285938,basse
BJ-3D953739,Fondation SA Porto-Novo,BTP & Immobilier,Porto-Novo,+229 43 82 23 37,,,TPE (<10),B2C,CCIB Annuaire,,Actif,2026-06-29T00:15:34.285949,basse
BJ-7B83FD38,Ets Habitat Africa,BTP & Immobilier,Porto-Novo,+229 29 50 92 55,ets.habitat.africa@ets.habitat.africa.org,,PME (50-200),B2B,CCIB Annuaire,,Actif,2026-06-29T00:15:34.285963,moyenne
BJ-0F1ACE66,Béton,BTP & Immobilier,Porto-Novo,+229 75 83 99 33,béton@béton.org,,PME (10-50),B2B,CCIB Annuaire,,Actif,2026-06-29T00:15:34.285975,moyenne
BJ-3BFEC3C7,SARL Maison Groupe,BTP & Immobilier,Parakou,+229 51 14 10 63,sarl.maison.groupe@sarl.maison.groupe.com,sarlmaisongroupe.bj,PME (50-200),B2B,CCIB Annuaire,,Actif,2026-06-29T00:15:34.285993,haute
BJ-E6BE3397,SARL Fondation Africa,BTP & Immobilier,Parakou,+229 95 24 22 92,sarl.fondation.africa@sarl.fondation.africa.benin,sarlfondationafrica.bj,PME (50-200),B2C,CCIB Annuaire,,Actif,2026-06-29T00:15:34.286004,haute
BJ-3BC95D4D,Toiture Solutions,BTP & Immobilier,Parakou,+229 84 55 95 52,toiture.solutions@toiture.solutions.bj,toituresolutions.bj,PME (10-50),B2C,CCIB Annuaire,,Actif,2026-06-29T00:15:34.286027,haute
BJ-10F2903F,Groupe Structure SA,BTP & Immobilier,Parakou,+229 57 95 82 77,groupe.structure.sa@groupe.structure.sa.com,,TPE (<10),B2C,CCIB Annuaire,,Actif,2026-06-29T00:15:34.286039,moyenne
BJ-511BF571,Travaux Ets Bohicon,BTP & Immobilier,Bohicon,+229 28 30 62 29,travaux.ets.bohicon@travaux.ets.bohicon.net,travauxetsbohicon.bj,PME (50-200),B2C,CCIB Annuaire,,Actif,2026-06-29T00:15:34.286056,haute
BJ-74764C6F,Construction,BTP & Immobilier,Bohicon,+229 36 55 32 91,construction@construction.org,,TPE (<10),B2B,CCIB Annuaire,,Actif,2026-06-29T00:15:34.286083,moyenne
BJ-5087F0D1,SA Bâtiment Solutions Bohicon,BTP & Immobilier,Bohicon,+229 56 74 86 78,,,PME (50-200),B2C,CCIB Annuaire,,Actif,2026-06-29T00:15:34.286094,basse
BJ-AAC8D5ED,Cabinet Maison,BTP & Immobilier,Natitingou,+229 46 70 92 65,cabinet.maison@cabinet.maison.bj,cabinetmaison.bj,TPE (<10),B2C,CCIB Annuaire,,Actif,2026-06-29T00:15:34.286124,haute
BJ-9AC4D3E6,Habitat,BTP & Immobilier,Natitingou,+229 46 21 95 87,habitat@habitat.org,,TPE (<10),B2C,CCIB Annuaire,,Actif,2026-06-29T00:15:34.286136,moyenne
BJ-064C75A9,Groupe Fondation,BTP & Immobilier,Natitingou,+229 60 30 91 95,groupe.fondation@groupe.fondation.com,,TPE (<10),B2B,CCIB Annuaire,,Actif,2026-06-29T00:15:34.286146,moyenne
BJ-AEB80001,Plomberie Services,BTP & Immobilier,Natitingou,+229 31 84 31 15,,,PME (10-50),B2C,CCIB Annuaire,,Actif,2026-06-29T00:15:34.286165,basse
BJ-D01DB2A5,BTP Bâtiment,BTP & Immobilier,Natitingou,+229 43 29 35 65,btp.bâtiment@btp.bâtiment.benin,,PME (50-200),B2C,CCIB Annuaire,,Actif,2026-06-29T00:15:34.286182,moyenne
BJ-AE7D1EFA,SARL Structure Services,BTP & Immobilier,Lokossa,+229 84 29 76 34,sarl.structure.services@sarl.structure.services.net,,TPE (<10),B2B,CCIB Annuaire,,Actif,2026-06-29T00:15:34.286200,moyenne
BJ-D27A29FB,SO Toiture Groupe Lokossa,BTP & Immobilier,Lokossa,+229 46 92 66 13,so.toiture.groupe.lokossa@so.toiture.groupe.lokossa.bj,,PME (10-50),B2C,CCIB Annuaire,,Actif,2026-06-29T00:15:34.286214,moyenne
BJ-09C5E3CA,Ets Structure,BTP & Immobilier,Lokossa,+229 75 61 60 61,ets.structure@ets.structure.benin,etsstructure.bj,Grande (>200),B2C,CCIB Annuaire,,Actif,2026-06-29T00:15:34.286241,haute
BJ-324C5AF4,Cabinet Bâtiment SARL,BTP & Immobilier,Lokossa,+229 40 93 48 51,,,TPE (<10),B2B,CCIB Annuaire,,Actif,2026-06-29T00:15:34.286251,basse
BJ-838C244F,SA Habitat,BTP & Immobilier,Ouidah,+229 93 56 59 67,sa.habitat@sa.habitat.org,,PME (50-200),B2B,CCIB Annuaire,,Actif,2026-06-29T00:15:34.286268,moyenne
BJ-CAF70D58,Urbanisme,BTP & Immobilier,Ouidah,+229 25 78 69 38,,urbanisme.bj,PME (10-50),B2C,CCIB Annuaire,,Actif,2026-06-29T00:15:34.286279,moyenne
BJ-BBD72D99,Structure Ets,BTP & Immobilier,Ouidah,+229 99 48 88 64,structure.ets@structure.ets.benin,structureets.bj,PME (10-50),B2C,CCIB Annuaire,,Actif,2026-06-29T00:15:34.286291,haute
BJ-829603C1,Bâtiment Solutions,BTP & Immobilier,Ouidah,+229 59 71 33 58,,,PME (50-200),B2B,CCIB Annuaire,,Actif,2026-06-29T00:15:34.286302,basse
BJ-6438B0C4,Structure Services,BTP & Immobilier,Ouidah,+229 71 84 70 51,structure.services@structure.services.com,,PME (50-200),B2B,CCIB Annuaire,,Actif,2026-06-29T00:15:34.286314,moyenne
BJ-06FF711C,BTP Bâtiment,BTP & Immobilier,Savalou,+229 47 62 35 45,,btpbâtiment.bj,PME (10-50),B2C,CCIB Annuaire,,Actif,2026-06-29T00:15:34.286346,moyenne
BJ-9F307ECF,Ingénierie Cabinet,BTP & Immobilier,Savalou,+229 92 27 22 68,ingénierie.cabinet@ingénierie.cabinet.bj,,Grande (>200),B2C,CCIB Annuaire,,Actif,2026-06-29T00:15:34.286359,moyenne
BJ-78E11EC4,SCI Urbanisme Services,BTP & Immobilier,Savalou,+229 73 20 50 84,sci.urbanisme.services@sci.urbanisme.services.org,sciurbanismeservices.bj,PME (50-200),B2B,CCIB Annuaire,,Actif,2026-06-29T00:15:34.286372,haute
BJ-506C463A,Cabinet Urbanisme SARL,BTP & Immobilier,Dassa-Zoumè,+229 68 14 33 12,,,TPE (<10),B2B,CCIB Annuaire,,Actif,2026-06-29T00:15:34.286405,basse
BJ-50D44CFA,Maison Africa,BTP & Immobilier,Dassa-Zoumè,+229 50 85 62 91,,,PME (10-50),B2B,CCIB Annuaire,,Actif,2026-06-29T00:15:34.286428,basse
BJ-E0927D8B,SO Ingénierie,BTP & Immobilier,Dassa-Zoumè,+229 44 87 30 10,so.ingénierie@so.ingénierie.com,,TPE (<10),B2C,CCIB Annuaire,,Actif,2026-06-29T00:15:34.286452,moyenne
BJ-0B2CD553,SCI Architecte Groupe,BTP & Immobilier,Kétou,+229 21 40 85 22,sci.architecte.groupe@sci.architecte.groupe.bj,sciarchitectegroupe.bj,PME (10-50),B2B,CCIB Annuaire,,Actif,2026-06-29T00:15:34.286470,haute
BJ-09BE53F0,Béton Bénin Kétou,BTP & Immobilier,Kétou,+229 54 50 11 80,béton.bénin.kétou@béton.bénin.kétou.bj,bétonbéninkétou.bj,PME (10-50),B2C,CCIB Annuaire,,Actif,2026-06-29T00:15:34.286487,haute
BJ-F110F110,Habitat Ets Kétou,BTP & Immobilier,Kétou,+229 42 32 31 12,,,TPE (<10),B2C,CCIB Annuaire,,Actif,2026-06-29T00:15:34.286498,basse
BJ-1DFD4984,Groupe Bâtiment International Kétou,BTP & Immobilier,Kétou,+229 98 72 80 67,groupe.bâtiment.international.kétou@groupe.bâtiment.international.kétou.net,,PME (10-50),B2C,CCIB Annuaire,,Actif,2026-06-29T00:15:34.286511,moyenne
BJ-089E1140,SCI Électricité Kétou,BTP & Immobilier,Kétou,+229 49 94 53 87,sci.électricité.kétou@sci.électricité.kétou.bj,,PME (10-50),B2B,CCIB Annuaire,,Actif,2026-06-29T00:15:34.286524,moyenne
BJ-17073A89,Ets Toiture Covè,BTP & Immobilier,Covè,+229 35 83 58 30,ets.toiture.covè@ets.toiture.covè.com,,PME (10-50),B2B,CCIB Annuaire,,Actif,2026-06-29T00:15:34.286542,moyenne
BJ-842E379E,Groupe Architecte SA,BTP & Immobilier,Covè,+229 90 70 75 18,groupe.architecte.sa@groupe.architecte.sa.org,,Grande (>200),B2C,CCIB Annuaire,,Actif,2026-06-29T00:15:34.286554,moyenne
BJ-08DA804B,Immobilier Ets,BTP & Immobilier,Covè,+229 62 42 26 63,,,Grande (>200),B2C,CCIB Annuaire,,Actif,2026-06-29T00:15:34.286564,basse
BJ-B84CCE3C,Ets Ingénierie Groupe,BTP & Immobilier,Covè,+229 40 53 24 54,ets.ingénierie.groupe@ets.ingénierie.groupe.bj,etsingénieriegroupe.bj,PME (10-50),B2B,CCIB Annuaire,,Actif,2026-06-29T00:15:34.286581,haute
BJ-2FE3AACF,SCI Plomberie Solutions,BTP & Immobilier,Pobè,+229 68 57 58 64,sci.plomberie.solutions@sci.plomberie.solutions.benin,sciplomberiesolutions.bj,PME (50-200),B2C,CCIB Annuaire,,Actif,2026-06-29T00:15:34.286612,haute
BJ-19A9C298,Ets Travaux Services,BTP & Immobilier,Pobè,+229 38 21 29 63,,,TPE (<10),B2B,CCIB Annuaire,,Actif,2026-06-29T00:15:34.286629,basse
BJ-5D583734,BTP Bâtiment International Pobè,BTP & Immobilier,Pobè,+229 72 38 68 96,,,Grande (>200),B2B,CCIB Annuaire,,Actif,2026-06-29T00:15:34.286640,basse
BJ-0A8A6AEF,Cabinet Toiture Africa Pobè,BTP & Immobilier,Pobè,+229 40 38 41 82,,,PME (10-50),B2C,CCIB Annuaire,,Actif,2026-06-29T00:15:34.286651,basse
BJ-DEBE915B,SCI Bâtiment Bénin,BTP & Immobilier,Pobè,+229 77 78 56 56,sci.bâtiment.bénin@sci.bâtiment.bénin.net,,PME (10-50),B2C,CCIB Annuaire,,Actif,2026-06-29T00:15:34.286662,moyenne
BJ-01628738,Habitat Sakété,BTP & Immobilier,Sakété,+229 25 31 32 36,habitat.sakété@habitat.sakété.bj,,Grande (>200),B2B,CCIB Annuaire,,Actif,2026-06-29T00:15:34.286680,moyenne
BJ-C2790E64,Cabinet Construction International,BTP & Immobilier,Sakété,+229 74 16 20 87,cabinet.construction.international@cabinet.construction.international.org,,PME (50-200),B2B,CCIB Annuaire,,Actif,2026-06-29T00:15:34.286691,moyenne
BJ-A97A86AF,SARL Construction Bénin,BTP & Immobilier,Sakété,+229 74 12 39 11,sarl.construction.bénin@sarl.construction.bénin.org,sarlconstructionbénin.bj,PME (10-50),B2C,CCIB Annuaire,,Actif,2026-06-29T00:15:34.286704,haute
BJ-91011C76,SA Structure SA,BTP & Immobilier,Sakété,+229 27 88 20 77,,,TPE (<10),B2C,CCIB Annuaire,,Actif,2026-06-29T00:15:34.286714,basse
BJ-7CA5941B,Plomberie,BTP & Immobilier,Sakété,+229 22 69 47 91,plomberie@plomberie.com,,TPE (<10),B2C,CCIB Annuaire,,Actif,2026-06-29T00:15:34.286725,moyenne
BJ-1127B43C,SO Électricité Groupe,BTP & Immobilier,Adjara,+229 31 79 53 64,,soélectricitégroupe.bj,TPE (<10),B2C,CCIB Annuaire,,Actif,2026-06-29T00:15:34.286741,moyenne
BJ-0F282E34,Groupe Ingénierie Services,BTP & Immobilier,Adjara,+229 36 18 82 34,,,TPE (<10),B2C,CCIB Annuaire,,Actif,2026-06-29T00:15:34.286779,basse
BJ-2980A2F3,SARL Habitat Adjara,BTP & Immobilier,Adjara,+229 77 31 73 50,,sarlhabitatadjara.bj,PME (10-50),B2C,CCIB Annuaire,,Actif,2026-06-29T00:15:34.286790,moyenne
BJ-1CB68560,Immobilier International,BTP & Immobilier,Allada,+229 43 96 52 38,immobilier.international@immobilier.international.benin,immobilierinternational.bj,TPE (<10),B2C,CCIB Annuaire,,Actif,2026-06-29T00:15:34.286807,haute
BJ-D2ECE659,Béton Ets,BTP & Immobilier,Allada,+229 87 35 90 26,,bétonets.bj,PME (10-50),B2B,CCIB Annuaire,,Actif,2026-06-29T00:15:34.286819,moyenne
BJ-055E5FFA,Habitat SA,BTP & Immobilier,Allada,+229 42 22 87 90,,habitatsa.bj,TPE (<10),B2B,CCIB Annuaire,,Actif,2026-06-29T00:15:34.286830,moyenne
BJ-0BB32192,Ets Habitat Allada,BTP & Immobilier,Allada,+229 45 52 63 50,ets.habitat.allada@ets.habitat.allada.org,,TPE (<10),B2C,CCIB Annuaire,,Actif,2026-06-29T00:15:34.286855,moyenne
BJ-8C1EC918,SO Électricité,BTP & Immobilier,Aplahoué,+229 56 48 33 92,so.électricité@so.électricité.benin,,PME (50-200),B2C,CCIB Annuaire,,Actif,2026-06-29T00:15:34.286872,moyenne
BJ-92365810,BTP Ingénierie,BTP & Immobilier,Aplahoué,+229 73 96 19 83,btp.ingénierie@btp.ingénierie.net,btpingénierie.bj,PME (10-50),B2C,CCIB Annuaire,,Actif,2026-06-29T00:15:34.286887,haute
BJ-4C2E812D,Béton International,BTP & Immobilier,Aplahoué,+229 45 24 62 41,béton.international@béton.international.bj,bétoninternational.bj,PME (10-50),B2B,CCIB Annuaire,,Actif,2026-06-29T00:15:34.286918,haute
BJ-0FD7D63A,Toiture,BTP & Immobilier,Aplahoué,+229 45 96 44 56,,toiture.bj,PME (10-50),B2C,CCIB Annuaire,,Actif,2026-06-29T00:15:34.286929,moyenne
BJ-054E1DF6,Bâtiment Ets,BTP & Immobilier,Aplahoué,+229 46 51 85 90,,,PME (10-50),B2B,CCIB Annuaire,,Actif,2026-06-29T00:15:34.286940,basse
BJ-99F2BCAA,Plomberie,BTP & Immobilier,Dogbo-Tota,+229 85 30 68 97,plomberie@plomberie.net,plomberie.bj,TPE (<10),B2B,CCIB Annuaire,,Actif,2026-06-29T00:15:34.286957,haute
BJ-EFBC3637,Toiture Bénin Dogbo-Tota,BTP & Immobilier,Dogbo-Tota,+229 99 32 68 72,,,PME (10-50),B2C,CCIB Annuaire,,Actif,2026-06-29T00:15:34.286969,basse
BJ-950148F8,Ets Habitat Bénin,BTP & Immobilier,Dogbo-Tota,+229 57 53 42 75,ets.habitat.bénin@ets.habitat.bénin.bj,etshabitatbénin.bj,Grande (>200),B2B,CCIB Annuaire,,Actif,2026-06-29T00:15:34.286981,haute
BJ-DE2EB634,SO Béton Africa,BTP & Immobilier,Dogbo-Tota,+229 51 37 40 16,,,Grande (>200),B2B,CCIB Annuaire,,Actif,2026-06-29T00:15:34.287004,basse
BJ-EFB46934,SCI Habitat,BTP & Immobilier,Kpomassè,+229 75 52 87 75,sci.habitat@sci.habitat.com,,PME (50-200),B2B,CCIB Annuaire,,Actif,2026-06-29T00:15:34.287020,moyenne
BJ-4F05A999,Ets Construction Services,BTP & Immobilier,Kpomassè,+229 21 48 34 73,ets.construction.services@ets.construction.services.net,,TPE (<10),B2B,CCIB Annuaire,,Actif,2026-06-29T00:15:34.287038,moyenne
BJ-E81E780A,Plomberie Africa,BTP & Immobilier,Kpomassè,+229 57 60 36 81,plomberie.africa@plomberie.africa.net,plomberieafrica.bj,TPE (<10),B2B,CCIB Annuaire,,Actif,2026-06-29T00:15:34.287051,haute
BJ-7469BA22,Structure SARL,BTP & Immobilier,Kpomassè,+229 63 32 86 19,structure.sarl@structure.sarl.com,structuresarl.bj,PME (10-50),B2C,CCIB Annuaire,,Actif,2026-06-29T00:15:34.287063,haute
BJ-85F1F2E1,Cabinet Bâtiment Ets,BTP & Immobilier,Kpomassè,+229 80 11 67 38,cabinet.bâtiment.ets@cabinet.bâtiment.ets.benin,cabinetbâtimentets.bj,Grande (>200),B2B,CCIB Annuaire,,Actif,2026-06-29T00:15:34.287076,haute
BJ-1DC477B8,SCI Maison Cabinet,BTP & Immobilier,Tori-Bossito,+229 90 24 72 27,sci.maison.cabinet@sci.maison.cabinet.bj,scimaisoncabinet.bj,PME (50-200),B2B,CCIB Annuaire,,Actif,2026-06-29T00:15:34.287100,haute
BJ-3262A028,Ets Structure International,BTP & Immobilier,Tori-Bossito,+229 88 94 27 65,ets.structure.international@ets.structure.international.bj,,PME (10-50),B2C,CCIB Annuaire,,Actif,2026-06-29T00:15:34.287112,moyenne
BJ-961931B3,Plomberie,BTP & Immobilier,Tori-Bossito,+229 95 52 51 54,plomberie@plomberie.net,plomberie.bj,PME (50-200),B2C,CCIB Annuaire,,Actif,2026-06-29T00:15:34.287124,haute
BJ-747BFE59,SO Fondation International,BTP & Immobilier,Tori-Bossito,+229 87 64 40 84,so.fondation.international@so.fondation.international.com,sofondationinternational.bj,PME (10-50),B2C,CCIB Annuaire,,Actif,2026-06-29T00:15:34.287136,haute
BJ-393EBFB2,Toiture Groupe Tori-Bossito,BTP & Immobilier,Tori-Bossito,+229 74 68 12 73,toiture.groupe.toribossito@toiture.groupe.toribossito.bj,toituregroupetoribossito.bj,Grande (>200),B2B,CCIB Annuaire,,Actif,2026-06-29T00:15:34.287148,haute
BJ-60B1EF32,Maison Bénin,BTP & Immobilier,Grand-Popo,+229 70 61 95 75,maison.bénin@maison.bénin.com,,PME (10-50),B2C,CCIB Annuaire,,Actif,2026-06-29T00:15:34.287185,moyenne
BJ-9AD82D61,Travaux,BTP & Immobilier,Grand-Popo,+229 69 52 67 10,travaux@travaux.bj,,PME (10-50),B2B,CCIB Annuaire,,Actif,2026-06-29T00:15:34.287198,moyenne
BJ-C003B85A,Béton Bénin,BTP & Immobilier,Grand-Popo,+229 66 79 87 73,béton.bénin@béton.bénin.com,,TPE (<10),B2C,CCIB Annuaire,,Actif,2026-06-29T00:15:34.287210,moyenne
BJ-82D40974,SCI Toiture Solutions,BTP & Immobilier,Grand-Popo,+229 39 69 37 93,,,TPE (<10),B2C,CCIB Annuaire,,Actif,2026-06-29T00:15:34.287220,basse
BJ-4B799C51,SARL Béton,BTP & Immobilier,Athiémé,+229 28 84 15 77,,,TPE (<10),B2B,CCIB Annuaire,,Actif,2026-06-29T00:15:34.287236,basse
BJ-AE6F0C7B,Maison Athiémé,BTP & Immobilier,Athiémé,+229 32 54 94 44,maison.athiémé@maison.athiémé.benin,,PME (10-50),B2C,CCIB Annuaire,,Actif,2026-06-29T00:15:34.287248,moyenne
BJ-CE8F9D65,Plomberie,BTP & Immobilier,Athiémé,+229 84 10 11 62,,plomberie.bj,PME (10-50),B2B,CCIB Annuaire,,Actif,2026-06-29T00:15:34.287258,moyenne
BJ-B8E34584,Construction,BTP & Immobilier,Athiémé,+229 77 95 75 69,,construction.bj,Grande (>200),B2B,CCIB Annuaire,,Actif,2026-06-29T00:15:34.287269,moyenne
BJ-6F515C42,Construction SA,BTP & Immobilier,Bopa,+229 67 80 68 21,construction.sa@construction.sa.net,constructionsa.bj,TPE (<10),B2B,CCIB Annuaire,,Actif,2026-06-29T00:15:34.287303,haute
BJ-35F247EC,Ingénierie SA,BTP & Immobilier,Bopa,+229 78 72 39 76,,ingénieriesa.bj,PME (50-200),B2C,CCIB Annuaire,,Actif,2026-06-29T00:15:34.287318,moyenne
BJ-7F6C77E1,BTP Fondation SARL,BTP & Immobilier,Bopa,+229 96 71 94 84,,,Grande (>200),B2B,CCIB Annuaire,,Actif,2026-06-29T00:15:34.287331,basse
BJ-C21030BA,SO Plomberie Cabinet,BTP & Immobilier,Bopa,+229 42 84 72 29,so.plomberie.cabinet@so.plomberie.cabinet.com,soplomberiecabinet.bj,PME (50-200),B2C,CCIB Annuaire,,Actif,2026-06-29T00:15:34.287343,haute
BJ-A0803044,Béton,BTP & Immobilier,Bopa,+229 48 42 80 13,,,TPE (<10),B2B,CCIB Annuaire,,Actif,2026-06-29T00:15:34.287354,basse
BJ-84DC5C24,SARL Béton,BTP & Immobilier,Houéyogbé,+229 83 95 35 99,sarl.béton@sarl.béton.com,,PME (50-200),B2C,CCIB Annuaire,,Actif,2026-06-29T00:15:34.287371,moyenne
BJ-8509CB2A,SARL Bâtiment Africa,BTP & Immobilier,Houéyogbé,+229 43 46 58 29,,sarlbâtimentafrica.bj,TPE (<10),B2B,CCIB Annuaire,,Actif,2026-06-29T00:15:34.287382,moyenne
BJ-E7C5AE46,SCI Électricité Ets Houéyogbé,BTP & Immobilier,Houéyogbé,+229 68 35 41 85,sci.électricité.ets.houéyogbé@sci.électricité.ets.houéyogbé.com,,PME (10-50),B2C,CCIB Annuaire,,Actif,2026-06-29T00:15:34.287395,moyenne
BJ-163E5D67,Immobilier International,BTP & Immobilier,Houéyogbé,+229 40 22 87 24,,immobilierinternational.bj,TPE (<10),B2C,CCIB Annuaire,,Actif,2026-06-29T00:15:34.287406,moyenne
BJ-6FD0827D,Bâtiment International,BTP & Immobilier,Houéyogbé,+229 55 87 70 91,bâtiment.international@bâtiment.international.net,bâtimentinternational.bj,PME (10-50),B2C,CCIB Annuaire,,Actif,2026-06-29T00:15:34.287418,haute
BJ-9660228B,Maison Groupe Malanville,BTP & Immobilier,Malanville,+229 68 40 54 33,,,TPE (<10),B2B,CCIB Annuaire,,Actif,2026-06-29T00:15:34.287434,basse
BJ-D1DB4464,Ets Structure SA,BTP & Immobilier,Malanville,+229 86 79 51 87,,etsstructuresa.bj,TPE (<10),B2C,CCIB Annuaire,,Actif,2026-06-29T00:15:34.287448,moyenne
BJ-F608E4E8,SCI Structure,BTP & Immobilier,Malanville,+229 65 59 37 85,sci.structure@sci.structure.bj,scistructure.bj,TPE (<10),B2C,CCIB Annuaire,,Actif,2026-06-29T00:15:34.287460,haute
BJ-BC776FD3,Fondation Cabinet,BTP & Immobilier,Malanville,+229 22 42 66 69,fondation.cabinet@fondation.cabinet.benin,fondationcabinet.bj,PME (10-50),B2C,CCIB Annuaire,,Actif,2026-06-29T00:15:34.287472,haute
BJ-D2EAF89F,Architecte International,BTP & Immobilier,Malanville,+229 49 12 52 93,architecte.international@architecte.international.benin,architecteinternational.bj,TPE (<10),B2B,CCIB Annuaire,,Actif,2026-06-29T00:15:34.287484,haute
BJ-E057175B,Ets Électricité Bénin,BTP & Immobilier,Kandi,+229 36 78 76 14,,,PME (50-200),B2C,CCIB Annuaire,,Actif,2026-06-29T00:15:34.287500,basse
BJ-6C2286FE,Cabinet Plomberie,BTP & Immobilier,Kandi,+229 31 26 77 87,,,Grande (>200),B2B,CCIB Annuaire,,Actif,2026-06-29T00:15:34.287510,basse
BJ-48972B7A,SCI Plomberie,BTP & Immobilier,Kandi,+229 88 40 62 10,sci.plomberie@sci.plomberie.org,sciplomberie.bj,TPE (<10),B2B,CCIB Annuaire,,Actif,2026-06-29T00:15:34.287525,haute
BJ-8CF5C1DC,SARL Toiture,BTP & Immobilier,Kandi,+229 30 96 27 48,,,PME (50-200),B2B,CCIB Annuaire,,Actif,2026-06-29T00:15:34.287535,basse
BJ-538E2A7D,SCI Béton SARL,BTP & Immobilier,Kandi,+229 91 96 84 66,sci.béton.sarl@sci.béton.sarl.org,scibétonsarl.bj,PME (50-200),B2C,CCIB Annuaire,,Actif,2026-06-29T00:15:34.287548,haute
BJ-64B72126,Électricité Africa,BTP & Immobilier,Banikoara,+229 70 41 32 38,électricité.africa@électricité.africa.benin,électricitéafrica.bj,TPE (<10),B2C,CCIB Annuaire,,Actif,2026-06-29T00:15:34.287566,haute
BJ-62142904,SO Architecte Africa Banikoara,BTP & Immobilier,Banikoara,+229 71 97 64 32,,,TPE (<10),B2C,CCIB Annuaire,,Actif,2026-06-29T00:15:34.287582,basse
BJ-DCA4A6F5,SO Travaux,BTP & Immobilier,Banikoara,+229 79 65 11 62,so.travaux@so.travaux.org,sotravaux.bj,PME (10-50),B2C,CCIB Annuaire,,Actif,2026-06-29T00:15:34.287595,haute
BJ-5BD55B03,Urbanisme Groupe,BTP & Immobilier,Banikoara,+229 44 42 68 49,urbanisme.groupe@urbanisme.groupe.org,urbanismegroupe.bj,TPE (<10),B2C,CCIB Annuaire,,Actif,2026-06-29T00:15:34.287607,haute
BJ-2DA2E3CF,BTP Bâtiment Groupe,BTP & Immobilier,Banikoara,+229 68 45 16 81,btp.bâtiment.groupe@btp.bâtiment.groupe.benin,btpbâtimentgroupe.bj,Grande (>200),B2C,CCIB Annuaire,,Actif,2026-06-29T00:15:34.287619,haute
BJ-7814512C,Groupe Béton,BTP & Immobilier,Ségbana,+229 45 10 63 52,groupe.béton@groupe.béton.org,groupebéton.bj,PME (50-200),B2B,CCIB Annuaire,,Actif,2026-06-29T00:15:34.287637,haute
BJ-970FAB62,Ets Travaux,BTP & Immobilier,Ségbana,+229 20 32 16 33,,etstravaux.bj,PME (50-200),B2C,CCIB Annuaire,,Actif,2026-06-29T00:15:34.287649,moyenne
BJ-21224916,SARL Architecte,BTP & Immobilier,Ségbana,+229 80 55 72 77,sarl.architecte@sarl.architecte.net,sarlarchitecte.bj,TPE (<10),B2C,CCIB Annuaire,,Actif,2026-06-29T00:15:34.287661,haute
BJ-E76F075C,Cabinet Structure Services,BTP & Immobilier,Ségbana,+229 68 78 95 43,cabinet.structure.services@cabinet.structure.services.com,,Grande (>200),B2C,CCIB Annuaire,,Actif,2026-06-29T00:15:34.287673,moyenne
BJ-D85FA6CF,Fondation Cabinet,BTP & Immobilier,Ségbana,+229 28 57 16 84,,,PME (10-50),B2C,CCIB Annuaire,,Actif,2026-06-29T00:15:34.287683,basse
BJ-8DBBFE85,Structure Cabinet,BTP & Immobilier,Karimama,+229 74 82 95 12,structure.cabinet@structure.cabinet.com,structurecabinet.bj,PME (10-50),B2B,CCIB Annuaire,,Actif,2026-06-29T00:15:34.287714,haute
BJ-07871EE3,Maison,BTP & Immobilier,Karimama,+229 54 78 77 97,maison@maison.net,,Grande (>200),B2B,CCIB Annuaire,,Actif,2026-06-29T00:15:34.287741,moyenne
BJ-FEBE8F9E,Urbanisme,BTP & Immobilier,Karimama,+229 71 57 24 52,,urbanisme.bj,PME (10-50),B2B,CCIB Annuaire,,Actif,2026-06-29T00:15:34.287752,moyenne
BJ-230289A1,Béton Ets,BTP & Immobilier,Gogounou,+229 88 16 24 44,béton.ets@béton.ets.benin,,TPE (<10),B2C,CCIB Annuaire,,Actif,2026-06-29T00:15:34.287769,moyenne
BJ-56239D0C,Travaux International,BTP & Immobilier,Gogounou,+229 34 25 40 92,travaux.international@travaux.international.com,,Grande (>200),B2B,CCIB Annuaire,,Actif,2026-06-29T00:15:34.287780,moyenne
BJ-BB775D99,SCI Travaux Gogounou,BTP & Immobilier,Gogounou,+229 76 61 50 67,,scitravauxgogounou.bj,TPE (<10),B2B,CCIB Annuaire,,Actif,2026-06-29T00:15:34.287791,moyenne
BJ-F6AA5CCF,SA Travaux Groupe,BTP & Immobilier,Gogounou,+229 40 78 75 70,sa.travaux.groupe@sa.travaux.groupe.benin,satravauxgroupe.bj,PME (10-50),B2C,CCIB Annuaire,,Actif,2026-06-29T00:15:34.287803,haute
BJ-3B0B556B,Ets Plomberie Solutions,BTP & Immobilier,Gogounou,+229 27 34 31 74,ets.plomberie.solutions@ets.plomberie.solutions.bj,,TPE (<10),B2C,CCIB Annuaire,,Actif,2026-06-29T00:15:34.287814,moyenne
BJ-D07E2CAA,SA Structure Cobly,BTP & Immobilier,Cobly,+229 22 67 67 39,,sastructurecobly.bj,Grande (>200),B2C,CCIB Annuaire,,Actif,2026-06-29T00:15:34.287830,moyenne
BJ-F5AE3363,Plomberie,BTP & Immobilier,Cobly,+229 33 95 25 53,,plomberie.bj,TPE (<10),B2B,CCIB Annuaire,,Actif,2026-06-29T00:15:34.287867,moyenne
BJ-67A6F5FA,Plomberie Services,BTP & Immobilier,Cobly,+229 86 83 99 17,plomberie.services@plomberie.services.net,plomberieservices.bj,TPE (<10),B2B,CCIB Annuaire,,Actif,2026-06-29T00:15:34.287878,haute
BJ-36032BA9,Électricité Services,BTP & Immobilier,Tanguiéta,+229 27 82 21 21,,,PME (10-50),B2B,CCIB Annuaire,,Actif,2026-06-29T00:15:34.287906,basse
BJ-A2CEFBEA,Cabinet Maison,BTP & Immobilier,Tanguiéta,+229 63 64 50 32,cabinet.maison@cabinet.maison.bj,,TPE (<10),B2C,CCIB Annuaire,,Actif,2026-06-29T00:15:34.287919,moyenne
BJ-3D675652,Groupe Immobilier SARL,BTP & Immobilier,Tanguiéta,+229 67 13 79 83,groupe.immobilier.sarl@groupe.immobilier.sarl.org,groupeimmobiliersarl.bj,Grande (>200),B2C,CCIB Annuaire,,Actif,2026-06-29T00:15:34.287931,haute
BJ-B8BFD836,BTP Toiture International,BTP & Immobilier,Tanguiéta,+229 76 24 57 98,,btptoitureinternational.bj,Grande (>200),B2C,CCIB Annuaire,,Actif,2026-06-29T00:15:34.287946,moyenne
BJ-30F74332,Cabinet Plomberie,BTP & Immobilier,Tanguiéta,+229 22 45 21 73,cabinet.plomberie@cabinet.plomberie.org,,TPE (<10),B2B,CCIB Annuaire,,Actif,2026-06-29T00:15:34.287958,moyenne
BJ-90F2BCAC,Construction,BTP & Immobilier,Matéri,+229 59 25 75 18,construction@construction.org,construction.bj,PME (10-50),B2C,CCIB Annuaire,,Actif,2026-06-29T00:15:34.287979,haute
BJ-58077347,Toiture Cabinet,BTP & Immobilier,Matéri,+229 34 77 71 65,toiture.cabinet@toiture.cabinet.bj,,PME (50-200),B2C,CCIB Annuaire,,Actif,2026-06-29T00:15:34.287993,moyenne
BJ-B87087A9,Groupe Structure Services Matéri,BTP & Immobilier,Matéri,+229 58 72 23 63,,,TPE (<10),B2B,CCIB Annuaire,,Actif,2026-06-29T00:15:34.288017,basse
BJ-0F1D9CBC,Travaux,BTP & Immobilier,Matéri,+229 60 56 35 40,,,Grande (>200),B2B,CCIB Annuaire,,Actif,2026-06-29T00:15:34.288027,basse
BJ-C78426F0,SCI Habitat,BTP & Immobilier,Natitingou,+229 37 12 52 37,,scihabitat.bj,PME (10-50),B2B,CCIB Annuaire,,Actif,2026-06-29T00:15:34.288044,moyenne
BJ-0FE75A2B,SO Structure Bénin,BTP & Immobilier,Natitingou,+229 30 63 85 25,,,TPE (<10),B2C,CCIB Annuaire,,Actif,2026-06-29T00:15:34.288055,basse
BJ-35A6BECC,Cabinet Plomberie,BTP & Immobilier,Natitingou,+229 92 82 56 18,cabinet.plomberie@cabinet.plomberie.benin,cabinetplomberie.bj,PME (10-50),B2C,CCIB Annuaire,,Actif,2026-06-29T00:15:34.288066,haute
BJ-D079CBBD,SCI Plomberie Groupe,BTP & Immobilier,Natitingou,+229 33 71 41 83,sci.plomberie.groupe@sci.plomberie.groupe.com,sciplomberiegroupe.bj,TPE (<10),B2C,CCIB Annuaire,,Actif,2026-06-29T00:15:34.288078,haute
BJ-69A47741,Ingénierie Bénin,BTP & Immobilier,Natitingou,+229 72 96 23 18,,,TPE (<10),B2B,CCIB Annuaire,,Actif,2026-06-29T00:15:34.288088,basse
BJ-6FC9735F,SCI Urbanisme Africa,BTP & Immobilier,Toucountouna,+229 80 44 85 65,sci.urbanisme.africa@sci.urbanisme.africa.bj,,PME (50-200),B2C,CCIB Annuaire,,Actif,2026-06-29T00:15:34.288104,moyenne
BJ-A89026CB,Fondation Toucountouna,BTP & Immobilier,Toucountouna,+229 89 87 68 27,fondation.toucountouna@fondation.toucountouna.org,fondationtoucountouna.bj,PME (10-50),B2B,CCIB Annuaire,,Actif,2026-06-29T00:15:34.288124,haute
BJ-907E3455,Construction Services,BTP & Immobilier,Toucountouna,+229 76 26 71 34,construction.services@construction.services.bj,,PME (10-50),B2B,CCIB Annuaire,,Actif,2026-06-29T00:15:34.288136,moyenne
BJ-7E390E4F,Cabinet Béton SARL,BTP & Immobilier,Toucountouna,+229 44 81 11 20,cabinet.béton.sarl@cabinet.béton.sarl.org,cabinetbétonsarl.bj,PME (10-50),B2C,CCIB Annuaire,,Actif,2026-06-29T00:15:34.288148,haute
BJ-B99A4F47,SA Immobilier,BTP & Immobilier,Boukoumbé,+229 55 65 72 36,sa.immobilier@sa.immobilier.bj,,PME (50-200),B2B,CCIB Annuaire,,Actif,2026-06-29T00:15:34.288179,moyenne
BJ-FDD4312A,Construction Bénin Boukoumbé,BTP & Immobilier,Boukoumbé,+229 50 97 76 92,construction.bénin.boukoumbé@construction.bénin.boukoumbé.benin,,Grande (>200),B2B,CCIB Annuaire,,Actif,2026-06-29T00:15:34.288192,moyenne
BJ-2870BA8B,Maison,BTP & Immobilier,Boukoumbé,+229 60 18 41 62,,maison.bj,TPE (<10),B2C,CCIB Annuaire,,Actif,2026-06-29T00:15:34.288202,moyenne
BJ-DDFDBA6C,SCI Immobilier Services,BTP & Immobilier,Boukoumbé,+229 23 16 80 81,sci.immobilier.services@sci.immobilier.services.bj,sciimmobilierservices.bj,PME (10-50),B2C,CCIB Annuaire,,Actif,2026-06-29T00:15:34.288214,haute
BJ-7152DEAE,Construction SARL,BTP & Immobilier,Boukoumbé,+229 91 87 85 54,,,PME (10-50),B2C,CCIB Annuaire,,Actif,2026-06-29T00:15:34.288224,basse
BJ-17953B0D,Maison Bénin,BTP & Immobilier,Kouandé,+229 67 46 53 10,,maisonbénin.bj,PME (50-200),B2B,CCIB Annuaire,,Actif,2026-06-29T00:15:34.288240,moyenne
BJ-7E872E4F,Urbanisme Kouandé,BTP & Immobilier,Kouandé,+229 81 21 86 80,urbanisme.kouandé@urbanisme.kouandé.org,urbanismekouandé.bj,PME (50-200),B2B,CCIB Annuaire,,Actif,2026-06-29T00:15:34.288256,haute
BJ-D34B6D3B,Architecte Cabinet,BTP & Immobilier,Kouandé,+229 25 50 19 19,architecte.cabinet@architecte.cabinet.com,,PME (50-200),B2B,CCIB Annuaire,,Actif,2026-06-29T00:15:34.288267,moyenne
BJ-51B131B4,SA Béton,BTP & Immobilier,Kouandé,+229 95 38 75 43,sa.béton@sa.béton.org,sabéton.bj,TPE (<10),B2B,CCIB Annuaire,,Actif,2026-06-29T00:15:34.288280,haute
BJ-C2F31D1E,SARL Urbanisme,BTP & Immobilier,Kouandé,+229 59 84 48 29,sarl.urbanisme@sarl.urbanisme.benin,,PME (10-50),B2C,CCIB Annuaire,,Actif,2026-06-29T00:15:34.288291,moyenne
BJ-B0838FFC,BTP Structure International,BTP & Immobilier,Péhunco,+229 59 20 27 38,btp.structure.international@btp.structure.international.com,btpstructureinternational.bj,PME (50-200),B2C,CCIB Annuaire,,Actif,2026-06-29T00:15:34.288312,haute
BJ-95C9785F,Construction,BTP & Immobilier,Péhunco,+229 69 37 45 43,,,TPE (<10),B2C,CCIB Annuaire,,Actif,2026-06-29T00:15:34.288322,basse
BJ-A3959B68,SO Travaux Cabinet,BTP & Immobilier,Péhunco,+229 86 15 45 88,so.travaux.cabinet@so.travaux.cabinet.com,sotravauxcabinet.bj,TPE (<10),B2B,CCIB Annuaire,,Actif,2026-06-29T00:15:34.288335,haute
BJ-B33F83EC,Plomberie,BTP & Immobilier,Péhunco,+229 41 24 98 33,,,PME (10-50),B2B,CCIB Annuaire,,Actif,2026-06-29T00:15:34.288344,basse
BJ-89289255,Ets Ingénierie SARL,BTP & Immobilier,Péhunco,+229 32 50 31 29,,,PME (50-200),B2C,CCIB Annuaire,,Actif,2026-06-29T00:15:34.288355,basse
BJ-A9989DBC,Habitat SA,BTP & Immobilier,Tchaourou,+229 86 40 90 13,,,PME (50-200),B2C,CCIB Annuaire,,Actif,2026-06-29T00:15:34.288370,basse
BJ-C8BB36EF,Béton,BTP & Immobilier,Tchaourou,+229 78 44 89 73,,,PME (10-50),B2C,CCIB Annuaire,,Actif,2026-06-29T00:15:34.288383,basse
BJ-78FA6265,Immobilier Services Tchaourou,BTP & Immobilier,Tchaourou,+229 35 41 95 99,immobilier.services.tchaourou@immobilier.services.tchaourou.bj,,PME (10-50),B2B,CCIB Annuaire,,Actif,2026-06-29T00:15:34.288398,moyenne
BJ-3CBF8203,Ingénierie Services,BTP & Immobilier,Tchaourou,+229 73 17 42 61,,,PME (10-50),B2C,CCIB Annuaire,,Actif,2026-06-29T00:15:34.288408,basse
BJ-5EFCD2F2,Plomberie Solutions,BTP & Immobilier,Tchaourou,+229 75 56 26 51,,,PME (50-200),B2B,CCIB Annuaire,,Actif,2026-06-29T00:15:34.288418,basse
BJ-37DD0951,Béton Ets,BTP & Immobilier,Nikki,+229 77 51 98 43,béton.ets@béton.ets.com,,PME (50-200),B2B,CCIB Annuaire,,Actif,2026-06-29T00:15:34.288438,moyenne
BJ-E3BB7301,Urbanisme,BTP & Immobilier,Nikki,+229 40 91 62 27,urbanisme@urbanisme.benin,urbanisme.bj,TPE (<10),B2C,CCIB Annuaire,,Actif,2026-06-29T00:15:34.288451,haute
BJ-973BBBCB,Immobilier Africa,BTP & Immobilier,Nikki,+229 29 35 52 93,immobilier.africa@immobilier.africa.benin,immobilierafrica.bj,PME (10-50),B2C,CCIB Annuaire,,Actif,2026-06-29T00:15:34.288463,haute
BJ-AB4D9DBD,SA Immobilier,BTP & Immobilier,Nikki,+229 31 85 42 17,,saimmobilier.bj,PME (10-50),B2B,CCIB Annuaire,,Actif,2026-06-29T00:15:34.288474,moyenne
BJ-73E7F033,Cabinet Structure,BTP & Immobilier,Nikki,+229 62 12 98 87,,,TPE (<10),B2C,CCIB Annuaire,,Actif,2026-06-29T00:15:34.288484,basse
BJ-8E8F11C2,Béton International,BTP & Immobilier,Bembéréké,+229 77 59 24 30,,bétoninternational.bj,Grande (>200),B2C,CCIB Annuaire,,Actif,2026-06-29T00:15:34.288501,moyenne
BJ-15DCD022,Bâtiment Ets,BTP & Immobilier,Bembéréké,+229 29 56 50 96,bâtiment.ets@bâtiment.ets.com,bâtimentets.bj,TPE (<10),B2B,CCIB Annuaire,,Actif,2026-06-29T00:15:34.288516,haute
BJ-4AF9B67F,Cabinet Architecte Groupe,BTP & Immobilier,Bembéréké,+229 98 47 80 43,cabinet.architecte.groupe@cabinet.architecte.groupe.org,cabinetarchitectegroupe.bj,PME (10-50),B2B,CCIB Annuaire,,Actif,2026-06-29T00:15:34.288529,haute
BJ-3F31882C,Plomberie Solutions,BTP & Immobilier,Bembéréké,+229 52 71 80 57,plomberie.solutions@plomberie.solutions.benin,plomberiesolutions.bj,Grande (>200),B2C,CCIB Annuaire,,Actif,2026-06-29T00:15:34.288541,haute
BJ-F6D622DA,Urbanisme,BTP & Immobilier,Bembéréké,+229 68 30 55 91,,urbanisme.bj,PME (50-200),B2C,CCIB Annuaire,,Actif,2026-06-29T00:15:34.288551,moyenne
BJ-638B013A,Fondation Africa,BTP & Immobilier,Kalalé,+229 59 21 78 76,,,TPE (<10),B2B,CCIB Annuaire,,Actif,2026-06-29T00:15:34.288566,basse
BJ-4F5EE454,Électricité,BTP & Immobilier,Kalalé,+229 32 10 17 34,électricité@électricité.org,,TPE (<10),B2C,CCIB Annuaire,,Actif,2026-06-29T00:15:34.288590,moyenne
BJ-EB9A6DBA,Cabinet Ingénierie,BTP & Immobilier,Kalalé,+229 45 78 85 70,,,PME (10-50),B2C,CCIB Annuaire,,Actif,2026-06-29T00:15:34.288603,basse
BJ-714E39C2,Ets Habitat,BTP & Immobilier,Ndali,+229 94 82 82 35,,etshabitat.bj,TPE (<10),B2B,CCIB Annuaire,,Actif,2026-06-29T00:15:34.288632,moyenne
BJ-9116C0E4,SO Travaux Africa,BTP & Immobilier,Ndali,+229 30 37 23 80,so.travaux.africa@so.travaux.africa.benin,sotravauxafrica.bj,PME (10-50),B2C,CCIB Annuaire,,Actif,2026-06-29T00:15:34.288647,haute
BJ-0122D694,SARL Fondation,BTP & Immobilier,Ndali,+229 30 15 50 32,sarl.fondation@sarl.fondation.bj,sarlfondation.bj,PME (50-200),B2C,CCIB Annuaire,,Actif,2026-06-29T00:15:34.288671,haute
BJ-FA3FFCE2,Bâtiment,BTP & Immobilier,Ndali,+229 58 17 95 46,bâtiment@bâtiment.org,,PME (50-200),B2C,CCIB Annuaire,,Actif,2026-06-29T00:15:34.288686,moyenne
BJ-F4207C6C,Construction Solutions,BTP & Immobilier,Ségbana,+229 25 25 35 42,construction.solutions@construction.solutions.com,constructionsolutions.bj,TPE (<10),B2B,CCIB Annuaire,,Actif,2026-06-29T00:15:34.288703,haute
BJ-9AE076C3,SA Toiture Bénin,BTP & Immobilier,Ségbana,+229 21 72 88 41,sa.toiture.bénin@sa.toiture.bénin.org,satoiturebénin.bj,PME (10-50),B2C,CCIB Annuaire,,Actif,2026-06-29T00:15:34.288727,haute
BJ-824A1E09,Urbanisme,BTP & Immobilier,Ségbana,+229 92 91 83 24,urbanisme@urbanisme.bj,,PME (10-50),B2B,CCIB Annuaire,,Actif,2026-06-29T00:15:34.288738,moyenne
BJ-4824E085,SARL Électricité Africa,BTP & Immobilier,Ségbana,+229 23 14 17 36,sarl.électricité.africa@sarl.électricité.africa.bj,,PME (10-50),B2C,CCIB Annuaire,,Actif,2026-06-29T00:15:34.288750,moyenne
BJ-872B5A3E,Ets Électricité International,BTP & Immobilier,Tchaourou,+229 94 51 76 70,,,TPE (<10),B2C,CCIB Annuaire,,Actif,2026-06-29T00:15:34.288766,basse
BJ-1F1E51AF,Habitat SARL,BTP & Immobilier,Tchaourou,+229 82 73 67 89,habitat.sarl@habitat.sarl.benin,,PME (50-200),B2B,CCIB Annuaire,,Actif,2026-06-29T00:15:34.288780,moyenne
BJ-E43BD6F0,Toiture SARL,BTP & Immobilier,Tchaourou,+229 52 14 31 97,toiture.sarl@toiture.sarl.net,,TPE (<10),B2C,CCIB Annuaire,,Actif,2026-06-29T00:15:34.288792,moyenne
BJ-A7291937,Groupe Bâtiment Tchaourou,BTP & Immobilier,Tchaourou,+229 92 33 68 79,,groupebâtimenttchaourou.bj,PME (10-50),B2C,CCIB Annuaire,,Actif,2026-06-29T00:15:34.288814,moyenne
BJ-A7A98504,SA Construction,BTP & Immobilier,Tchaourou,+229 45 97 65 58,sa.construction@sa.construction.org,saconstruction.bj,TPE (<10),B2B,CCIB Annuaire,,Actif,2026-06-29T00:15:34.288827,haute
BJ-7F02F5B6,Ets Ingénierie Bénin,BTP & Immobilier,Bétérou,+229 78 55 13 48,,,TPE (<10),B2B,CCIB Annuaire,,Actif,2026-06-29T00:15:34.288843,basse
BJ-B18931CF,SA Habitat,BTP & Immobilier,Bétérou,+229 31 56 28 38,,sahabitat.bj,TPE (<10),B2B,CCIB Annuaire,,Actif,2026-06-29T00:15:34.288854,moyenne
BJ-DD965E57,SARL Maison International,BTP & Immobilier,Bétérou,+229 61 65 83 69,,sarlmaisoninternational.bj,Grande (>200),B2C,CCIB Annuaire,,Actif,2026-06-29T00:15:34.288865,moyenne
BJ-8D0A76D0,SO Structure,BTP & Immobilier,Bétérou,+229 62 74 97 92,,sostructure.bj,TPE (<10),B2B,CCIB Annuaire,,Actif,2026-06-29T00:15:34.288876,moyenne
BJ-1255EB0C,SCI Structure,BTP & Immobilier,Bétérou,+229 58 69 18 68,,scistructure.bj,PME (10-50),B2C,CCIB Annuaire,,Actif,2026-06-29T00:15:34.288886,moyenne
BJ-55097270,Plomberie Ouessè,BTP & Immobilier,Ouessè,+229 97 55 96 98,plomberie.ouessè@plomberie.ouessè.org,plomberieouessè.bj,TPE (<10),B2C,CCIB Annuaire,,Actif,2026-06-29T00:15:34.288935,haute
BJ-6C4B13A8,BTP Maison,BTP & Immobilier,Ouessè,+229 52 67 26 96,,btpmaison.bj,PME (50-200),B2C,CCIB Annuaire,,Actif,2026-06-29T00:15:34.288947,moyenne
BJ-5AA88BA9,SO Béton,BTP & Immobilier,Ouessè,+229 81 11 57 39,,sobéton.bj,TPE (<10),B2C,CCIB Annuaire,,Actif,2026-06-29T00:15:34.288959,moyenne
BJ-5272A5B7,SCI Ingénierie Ouessè,BTP & Immobilier,Ouessè,+229 96 97 76 87,sci.ingénierie.ouessè@sci.ingénierie.ouessè.net,,TPE (<10),B2C,CCIB Annuaire,,Actif,2026-06-29T00:15:34.288971,moyenne
BJ-3947C454,Groupe Construction Solutions Glazoué,BTP & Immobilier,Glazoué,+229 41 24 57 41,groupe.construction.solutions.glazoué@groupe.construction.solutions.glazoué.org,,PME (10-50),B2B,CCIB Annuaire,,Actif,2026-06-29T00:15:34.288989,moyenne
BJ-63382600,Cabinet Électricité,BTP & Immobilier,Glazoué,+229 52 29 49 28,,,TPE (<10),B2B,CCIB Annuaire,,Actif,2026-06-29T00:15:34.289000,basse
BJ-52D670C9,Ets Fondation SARL,BTP & Immobilier,Glazoué,+229 31 54 66 94,ets.fondation.sarl@ets.fondation.sarl.net,etsfondationsarl.bj,TPE (<10),B2C,CCIB Annuaire,,Actif,2026-06-29T00:15:34.289012,haute
BJ-BA0C208F,Ets Maison Glazoué,BTP & Immobilier,Glazoué,+229 86 84 86 35,ets.maison.glazoué@ets.maison.glazoué.net,,TPE (<10),B2C,CCIB Annuaire,,Actif,2026-06-29T00:15:34.289027,moyenne
BJ-83FE2F8A,Fondation,BTP & Immobilier,Glazoué,+229 58 32 83 49,,,Grande (>200),B2C,CCIB Annuaire,,Actif,2026-06-29T00:15:34.289037,basse
BJ-BCC1AB88,SARL Architecte Solutions Dassa-Zoumè,BTP & Immobilier,Dassa-Zoumè,+229 67 72 29 73,,sarlarchitectesolutionsdassazoumè.bj,PME (50-200),B2B,CCIB Annuaire,,Actif,2026-06-29T00:15:34.289055,moyenne
BJ-272B0D31,Cabinet Habitat Solutions,BTP & Immobilier,Dassa-Zoumè,+229 38 32 99 82,,cabinethabitatsolutions.bj,TPE (<10),B2C,CCIB Annuaire,,Actif,2026-06-29T00:15:34.289069,moyenne
BJ-F6F3434C,Maison Solutions,BTP & Immobilier,Dassa-Zoumè,+229 35 55 39 94,maison.solutions@maison.solutions.net,,PME (50-200),B2C,CCIB Annuaire,,Actif,2026-06-29T00:15:34.289084,moyenne
BJ-4CAF4D66,Architecte Africa,BTP & Immobilier,Dassa-Zoumè,+229 82 29 64 21,architecte.africa@architecte.africa.com,architecteafrica.bj,PME (10-50),B2B,CCIB Annuaire,,Actif,2026-06-29T00:15:34.289096,haute
BJ-A56869CA,Fondation SA,BTP & Immobilier,Savalou,+229 72 52 34 69,,fondationsa.bj,PME (10-50),B2B,CCIB Annuaire,,Actif,2026-06-29T00:15:34.289125,moyenne
BJ-F2D2FEE1,Ets Architecte,BTP & Immobilier,Savalou,+229 96 93 31 48,ets.architecte@ets.architecte.org,,Grande (>200),B2B,CCIB Annuaire,,Actif,2026-06-29T00:15:34.289136,moyenne
BJ-34C1C5C6,SA Travaux,BTP & Immobilier,Savalou,+229 74 68 87 17,,satravaux.bj,Grande (>200),B2C,CCIB Annuaire,,Actif,2026-06-29T00:15:34.289147,moyenne
BJ-B035B981,Plomberie Savalou,BTP & Immobilier,Savalou,+229 94 74 61 87,,,PME (10-50),B2B,CCIB Annuaire,,Actif,2026-06-29T00:15:34.289157,basse
BJ-A79EDA58,Cabinet Structure,BTP & Immobilier,Savalou,+229 72 86 10 25,,,PME (10-50),B2C,CCIB Annuaire,,Actif,2026-06-29T00:15:34.289167,basse
BJ-ED49EDC0,Architecte SARL,BTP & Immobilier,Bantè,+229 79 12 41 96,architecte.sarl@architecte.sarl.net,architectesarl.bj,PME (10-50),B2C,CCIB Annuaire,,Actif,2026-06-29T00:15:34.289185,haute
BJ-E30D5E06,Travaux Bantè,BTP & Immobilier,Bantè,+229 21 45 24 10,travaux.bantè@travaux.bantè.org,travauxbantè.bj,Grande (>200),B2B,CCIB Annuaire,,Actif,2026-06-29T00:15:34.289201,haute
BJ-C97AAE6E,Maison Groupe,BTP & Immobilier,Bantè,+229 42 29 83 13,maison.groupe@maison.groupe.com,maisongroupe.bj,TPE (<10),B2C,CCIB Annuaire,,Actif,2026-06-29T00:15:34.289214,haute
BJ-4521A479,Architecte Africa,BTP & Immobilier,Bantè,+229 94 76 48 10,architecte.africa@architecte.africa.com,architecteafrica.bj,TPE (<10),B2B,CCIB Annuaire,,Actif,2026-06-29T00:15:34.289228,haute
BJ-58057FE0,SO Bâtiment,BTP & Immobilier,Bantè,+229 35 29 59 47,,,PME (50-200),B2B,CCIB Annuaire,,Actif,2026-06-29T00:15:34.289239,basse
BJ-6752C86E,SARL Béton,BTP & Immobilier,Djougou,+229 63 78 46 45,sarl.béton@sarl.béton.benin,sarlbéton.bj,PME (10-50),B2C,CCIB Annuaire,,Actif,2026-06-29T00:15:34.289257,haute
BJ-C789B240,BTP Béton,BTP & Immobilier,Djougou,+229 20 67 35 44,,,TPE (<10),B2C,CCIB Annuaire,,Actif,2026-06-29T00:15:34.289267,basse
BJ-D0816C46,Fondation Djougou,BTP & Immobilier,Djougou,+229 36 73 53 53,fondation.djougou@fondation.djougou.com,fondationdjougou.bj,TPE (<10),B2C,CCIB Annuaire,,Actif,2026-06-29T00:15:34.289280,haute
BJ-437A1268,SCI Bâtiment Solutions,BTP & Immobilier,Djougou,+229 85 90 45 36,sci.bâtiment.solutions@sci.bâtiment.solutions.bj,,TPE (<10),B2B,CCIB Annuaire,,Actif,2026-06-29T00:15:34.289293,moyenne
BJ-2F9CC047,Bâtiment Groupe,BTP & Immobilier,Djougou,+229 82 73 77 31,,bâtimentgroupe.bj,PME (50-200),B2B,CCIB Annuaire,,Actif,2026-06-29T00:15:34.289304,moyenne
BJ-9D3A45E5,Architecte Ouèssè,BTP & Immobilier,Ouèssè,+229 46 29 89 24,architecte.ouèssè@architecte.ouèssè.benin,architecteouèssè.bj,TPE (<10),B2C,CCIB Annuaire,,Actif,2026-06-29T00:15:34.289336,haute
BJ-2CC775DE,Architecte Services,BTP & Immobilier,Ouèssè,+229 75 17 11 86,,,PME (10-50),B2C,CCIB Annuaire,,Actif,2026-06-29T00:15:34.289348,basse
BJ-FD3E725C,SARL Construction Ouèssè,BTP & Immobilier,Ouèssè,+229 58 32 26 77,sarl.construction.ouèssè@sarl.construction.ouèssè.org,sarlconstructionouèssè.bj,TPE (<10),B2C,CCIB Annuaire,,Actif,2026-06-29T00:15:34.289362,haute
BJ-50EF8800,SARL Habitat,BTP & Immobilier,Ouèssè,+229 40 19 62 23,,sarlhabitat.bj,TPE (<10),B2B,CCIB Annuaire,,Actif,2026-06-29T00:15:34.289373,moyenne
BJ-7039292D,Groupe Fondation SARL,BTP & Immobilier,Bassila,+229 36 75 80 78,groupe.fondation.sarl@groupe.fondation.sarl.com,,PME (10-50),B2B,CCIB Annuaire,,Actif,2026-06-29T00:15:34.289390,moyenne
BJ-A0F3B85E,Fondation Africa,BTP & Immobilier,Bassila,+229 62 94 38 97,,,TPE (<10),B2C,CCIB Annuaire,,Actif,2026-06-29T00:15:34.289401,basse
BJ-8733B165,SO Maison,BTP & Immobilier,Bassila,+229 24 25 74 30,so.maison@so.maison.com,,PME (10-50),B2B,CCIB Annuaire,,Actif,2026-06-29T00:15:34.289413,moyenne
BJ-3F902E32,Béton,BTP & Immobilier,Bassila,+229 34 90 51 16,béton@béton.benin,béton.bj,PME (50-200),B2B,CCIB Annuaire,,Actif,2026-06-29T00:15:34.289429,haute
BJ-82EB9DD8,SA Béton SARL,BTP & Immobilier,Bassila,+229 23 98 67 33,sa.béton.sarl@sa.béton.sarl.benin,,PME (10-50),B2B,CCIB Annuaire,,Actif,2026-06-29T00:15:34.289441,moyenne
BJ-564259B9,Plomberie SARL Pehunco,BTP & Immobilier,Pehunco,+229 81 30 38 45,,,TPE (<10),B2C,CCIB Annuaire,,Actif,2026-06-29T00:15:34.289457,basse
BJ-B7A3C5C8,SO Béton Cabinet,BTP & Immobilier,Pehunco,+229 69 24 88 80,,,PME (50-200),B2C,CCIB Annuaire,,Actif,2026-06-29T00:15:34.289473,basse
BJ-3CDD8256,Groupe Construction Pehunco,BTP & Immobilier,Pehunco,+229 28 31 59 14,groupe.construction.pehunco@groupe.construction.pehunco.benin,groupeconstructionpehunco.bj,Grande (>200),B2B,CCIB Annuaire,,Actif,2026-06-29T00:15:34.289487,haute
BJ-F3951467,Cabinet Toiture Services,BTP & Immobilier,Pehunco,+229 34 81 83 43,cabinet.toiture.services@cabinet.toiture.services.benin,cabinettoitureservices.bj,PME (10-50),B2C,CCIB Annuaire,,Actif,2026-06-29T00:15:34.289500,haute
BJ-8B6981B6,Maison,BTP & Immobilier,Pehunco,+229 40 29 62 29,,,TPE (<10),B2C,CCIB Annuaire,,Actif,2026-06-29T00:15:34.289511,basse
BJ-99F99101,Travaux,BTP & Immobilier,Copargo,+229 71 35 85 51,travaux@travaux.bj,travaux.bj,Grande (>200),B2B,CCIB Annuaire,,Actif,2026-06-29T00:15:34.289529,haute
BJ-A3CE131B,BTP Travaux,BTP & Immobilier,Copargo,+229 56 63 46 92,btp.travaux@btp.travaux.benin,btptravaux.bj,TPE (<10),B2B,CCIB Annuaire,,Actif,2026-06-29T00:15:34.289542,haute
BJ-83981F43,SARL Travaux,BTP & Immobilier,Copargo,+229 41 40 40 39,sarl.travaux@sarl.travaux.net,,PME (10-50),B2C,CCIB Annuaire,,Actif,2026-06-29T00:15:34.289553,moyenne
BJ-227B4A7D,Ingénierie,BTP & Immobilier,Copargo,+229 58 66 91 30,,ingénierie.bj,Grande (>200),B2B,CCIB Annuaire,,Actif,2026-06-29T00:15:34.289565,moyenne
BJ-0BA19575,Structure Groupe,BTP & Immobilier,Copargo,+229 54 66 69 37,structure.groupe@structure.groupe.com,,PME (50-200),B2C,CCIB Annuaire,,Actif,2026-06-29T00:15:34.289577,moyenne
BJ-3EBB9257,Marché Supply Market,Commerce & Distribution,Cotonou,+229 32 38 28 32,,,Grande (>200),B2B/B2C,CCIB Annuaire,,Actif,2026-06-29T00:15:34.289596,basse
BJ-627AB384,Marché,Commerce & Distribution,Cotonou,+229 58 15 48 28,marché@marché.com,,PME (10-50),B2C,CCIB Annuaire,,Actif,2026-06-29T00:15:34.289611,moyenne
BJ-CECAE8CF,Marché Bénin,Commerce & Distribution,Cotonou,+229 92 79 41 46,,,PME (10-50),B2C,CCIB Annuaire,,Actif,2026-06-29T00:15:34.289622,basse
BJ-C1A201A5,Ets Grossiste Shop,Commerce & Distribution,Cotonou,+229 38 89 81 64,ets.grossiste.shop@ets.grossiste.shop.benin,etsgrossisteshop.bj,TPE (<10),B2C,CCIB Annuaire,,Actif,2026-06-29T00:15:34.289634,haute
BJ-473C98BC,Distribution Détaillant Market,Commerce & Distribution,Cotonou,+229 29 24 57 60,,,TPE (<10),B2B/B2C,CCIB Annuaire,,Actif,2026-06-29T00:15:34.289645,basse
BJ-29EF712D,Marché Supermarché,Commerce & Distribution,Abomey-Calavi,+229 35 67 86 70,,marchésupermarché.bj,PME (10-50),B2C,CCIB Annuaire,,Actif,2026-06-29T00:15:34.289665,moyenne
BJ-E4A517FA,Commerce Ets,Commerce & Distribution,Abomey-Calavi,+229 20 59 27 72,,,PME (10-50),B2B/B2C,CCIB Annuaire,,Actif,2026-06-29T00:15:34.289677,basse
BJ-EADEAFF4,Centre Commerce,Commerce & Distribution,Abomey-Calavi,+229 87 68 19 85,centre.commerce@centre.commerce.com,centrecommerce.bj,TPE (<10),B2B/B2C,CCIB Annuaire,,Actif,2026-06-29T00:15:34.289693,haute
BJ-546E0FBE,Provision,Commerce & Distribution,Abomey-Calavi,+229 69 29 12 35,provision@provision.bj,,PME (10-50),B2C,CCIB Annuaire,,Actif,2026-06-29T00:15:34.289705,moyenne
BJ-7449DD6D,Commerce Grossiste,Commerce & Distribution,Abomey-Calavi,+229 24 98 20 34,,,PME (50-200),B2C,CCIB Annuaire,,Actif,2026-06-29T00:15:34.289718,basse
BJ-A759B481,Groupe Boutique Ets,Commerce & Distribution,Porto-Novo,+229 20 91 65 24,,,PME (50-200),B2C,CCIB Annuaire,,Actif,2026-06-29T00:15:34.289758,basse
BJ-006E8E0D,Commerce Épicerie Store,Commerce & Distribution,Porto-Novo,+229 90 18 18 81,,,Grande (>200),B2B/B2C,CCIB Annuaire,,Actif,2026-06-29T00:15:34.289791,basse
BJ-64C526A9,Ets Marché Market,Commerce & Distribution,Porto-Novo,+229 34 43 97 44,,etsmarchémarket.bj,TPE (<10),B2C,CCIB Annuaire,,Actif,2026-06-29T00:15:34.289822,moyenne
BJ-BAC796BF,Magasin Market,Commerce & Distribution,Porto-Novo,+229 30 44 26 95,magasin.market@magasin.market.net,magasinmarket.bj,TPE (<10),B2B/B2C,CCIB Annuaire,,Actif,2026-06-29T00:15:34.289850,haute
BJ-1825F81F,Ets Marché,Commerce & Distribution,Porto-Novo,+229 71 72 22 44,ets.marché@ets.marché.org,,PME (50-200),B2B/B2C,CCIB Annuaire,,Actif,2026-06-29T00:15:34.289876,moyenne
BJ-3D24F081,Distribution Alimentaire SARL Parakou,Commerce & Distribution,Parakou,+229 95 10 32 10,distribution.alimentaire.sarl.parakou@distribution.alimentaire.sarl.parakou.bj,,PME (50-200),B2B/B2C,CCIB Annuaire,,Actif,2026-06-29T00:15:34.289919,moyenne
BJ-74F934D8,Provision Bénin,Commerce & Distribution,Parakou,+229 93 89 37 47,provision.bénin@provision.bénin.com,,PME (50-200),B2B/B2C,CCIB Annuaire,,Actif,2026-06-29T00:15:34.289934,moyenne
BJ-97617F1E,Marché International Parakou,Commerce & Distribution,Parakou,+229 84 86 75 17,marché.international.parakou@marché.international.parakou.com,,PME (50-200),B2C,CCIB Annuaire,,Actif,2026-06-29T00:15:34.289948,moyenne
BJ-8A93970E,Marché Épicerie Store,Commerce & Distribution,Parakou,+229 60 90 33 36,,,TPE (<10),B2C,CCIB Annuaire,,Actif,2026-06-29T00:15:34.289959,basse
BJ-1B3C63DC,Centre Marché,Commerce & Distribution,Parakou,+229 36 34 64 70,centre.marché@centre.marché.benin,centremarché.bj,PME (50-200),B2C,CCIB Annuaire,,Actif,2026-06-29T00:15:34.289972,haute
BJ-5971DDAC,Distribution Supermarché Shop,Commerce & Distribution,Bohicon,+229 30 69 55 33,distribution.supermarché.shop@distribution.supermarché.shop.benin,distributionsupermarchéshop.bj,PME (10-50),B2B/B2C,CCIB Annuaire,,Actif,2026-06-29T00:15:34.290031,haute
BJ-38E4B346,Distribution Grossiste Bohicon,Commerce & Distribution,Bohicon,+229 40 51 18 84,,,PME (10-50),B2C,CCIB Annuaire,,Actif,2026-06-29T00:15:34.290045,basse
BJ-023C6D16,Stock Bohicon,Commerce & Distribution,Bohicon,+229 24 53 59 75,,stockbohicon.bj,TPE (<10),B2C,CCIB Annuaire,,Actif,2026-06-29T00:15:34.290070,moyenne
BJ-157B1C7B,Alimentaire Natitingou,Commerce & Distribution,Natitingou,+229 45 17 34 89,,,TPE (<10),B2C,CCIB Annuaire,,Actif,2026-06-29T00:15:34.290088,basse
BJ-7C3A540B,Distribution Provision,Commerce & Distribution,Natitingou,+229 77 48 49 38,distribution.provision@distribution.provision.net,distributionprovision.bj,TPE (<10),B2B/B2C,CCIB Annuaire,,Actif,2026-06-29T00:15:34.290100,haute
BJ-BE2EC6FE,Marché Supply Market,Commerce & Distribution,Natitingou,+229 45 89 88 23,marché.supply.market@marché.supply.market.benin,marchésupplymarket.bj,TPE (<10),B2C,CCIB Annuaire,,Actif,2026-06-29T00:15:34.290122,haute
BJ-40063436,Magasin,Commerce & Distribution,Natitingou,+229 51 10 22 19,magasin@magasin.org,magasin.bj,TPE (<10),B2B/B2C,CCIB Annuaire,,Actif,2026-06-29T00:15:34.290134,haute
BJ-C64CE072,Distribution Marché International,Commerce & Distribution,Lokossa,+229 97 53 83 58,,,PME (50-200),B2B/B2C,CCIB Annuaire,,Actif,2026-06-29T00:15:34.290150,basse
BJ-ED2765F0,Commerce Store Lokossa,Commerce & Distribution,Lokossa,+229 66 44 72 71,,commercestorelokossa.bj,PME (10-50),B2C,CCIB Annuaire,,Actif,2026-06-29T00:15:34.290170,moyenne
BJ-7D1A173B,Épicerie Lokossa,Commerce & Distribution,Lokossa,+229 26 10 99 70,épicerie.lokossa@épicerie.lokossa.com,,PME (10-50),B2C,CCIB Annuaire,,Actif,2026-06-29T00:15:34.290204,moyenne
BJ-2F6E8F61,Distribution Alimentaire Market Ouidah,Commerce & Distribution,Ouidah,+229 61 60 71 41,,,Grande (>200),B2B/B2C,CCIB Annuaire,,Actif,2026-06-29T00:15:34.290220,basse
BJ-206A5194,Grossiste,Commerce & Distribution,Ouidah,+229 56 98 56 39,,grossiste.bj,Grande (>200),B2B/B2C,CCIB Annuaire,,Actif,2026-06-29T00:15:34.290230,moyenne
BJ-CD24C011,Boutique,Commerce & Distribution,Ouidah,+229 44 16 74 43,,,PME (10-50),B2C,CCIB Annuaire,,Actif,2026-06-29T00:15:34.290240,basse
BJ-144EBEEA,Marché Ets,Commerce & Distribution,Ouidah,+229 79 21 17 10,marché.ets@marché.ets.net,marchéets.bj,PME (10-50),B2B/B2C,CCIB Annuaire,,Actif,2026-06-29T00:15:34.290252,haute
BJ-19A86534,Stock Groupe,Commerce & Distribution,Ouidah,+229 62 18 39 63,stock.groupe@stock.groupe.benin,,PME (10-50),B2C,CCIB Annuaire,,Actif,2026-06-29T00:15:34.290263,moyenne
BJ-AFB1BA38,Super Alimentaire,Commerce & Distribution,Savalou,+229 44 91 23 29,,superalimentaire.bj,TPE (<10),B2B/B2C,CCIB Annuaire,,Actif,2026-06-29T00:15:34.290279,moyenne
BJ-465AA075,Ets Supermarché,Commerce & Distribution,Savalou,+229 92 84 10 73,ets.supermarché@ets.supermarché.com,,PME (10-50),B2C,CCIB Annuaire,,Actif,2026-06-29T00:15:34.290310,moyenne
BJ-710D097F,Supply Ets,Commerce & Distribution,Savalou,+229 93 55 40 87,supply.ets@supply.ets.com,,TPE (<10),B2C,CCIB Annuaire,,Actif,2026-06-29T00:15:34.290333,moyenne
BJ-CF9FCB5B,Commerce Dassa-Zoumè,Commerce & Distribution,Dassa-Zoumè,+229 64 85 43 35,,,TPE (<10),B2B/B2C,CCIB Annuaire,,Actif,2026-06-29T00:15:34.290359,basse
BJ-E3FA3CFD,Magasin,Commerce & Distribution,Dassa-Zoumè,+229 48 30 39 33,,,TPE (<10),B2C,CCIB Annuaire,,Actif,2026-06-29T00:15:34.290369,basse
BJ-DCF5588F,Marché Dassa-Zoumè,Commerce & Distribution,Dassa-Zoumè,+229 62 66 88 99,marché.dassazoumè@marché.dassazoumè.bj,,PME (10-50),B2B/B2C,CCIB Annuaire,,Actif,2026-06-29T00:15:34.290381,moyenne
BJ-7F5022EE,Distribution Grossiste,Commerce & Distribution,Dassa-Zoumè,+229 72 51 35 25,,,TPE (<10),B2C,CCIB Annuaire,,Actif,2026-06-29T00:15:34.290391,basse
BJ-22601740,Centre Grossiste Shop,Commerce & Distribution,Kétou,+229 75 51 41 49,,,TPE (<10),B2B/B2C,CCIB Annuaire,,Actif,2026-06-29T00:15:34.290406,basse
BJ-4AA41411,Boutique Bénin,Commerce & Distribution,Kétou,+229 92 65 91 11,,,TPE (<10),B2B/B2C,CCIB Annuaire,,Actif,2026-06-29T00:15:34.290418,basse
BJ-FA848745,Centre Supply Store,Commerce & Distribution,Kétou,+229 77 75 85 45,,,TPE (<10),B2C,CCIB Annuaire,,Actif,2026-06-29T00:15:34.290429,basse
BJ-609DBA65,Super Magasin SARL,Commerce & Distribution,Kétou,+229 71 14 20 80,,,TPE (<10),B2B/B2C,CCIB Annuaire,,Actif,2026-06-29T00:15:34.290438,basse
BJ-FD5811A1,Marché Grossiste,Commerce & Distribution,Kétou,+229 74 70 26 14,marché.grossiste@marché.grossiste.net,,TPE (<10),B2C,CCIB Annuaire,,Actif,2026-06-29T00:15:34.290449,moyenne
BJ-C3701244,Commerce Covè,Commerce & Distribution,Covè,+229 55 15 20 78,,commercecovè.bj,TPE (<10),B2B/B2C,CCIB Annuaire,,Actif,2026-06-29T00:15:34.290465,moyenne
BJ-3237D696,Super Provision,Commerce & Distribution,Covè,+229 51 35 28 88,,,TPE (<10),B2C,CCIB Annuaire,,Actif,2026-06-29T00:15:34.290475,basse
BJ-5D8D13BC,Ets Grossiste International Covè,Commerce & Distribution,Covè,+229 61 81 34 81,ets.grossiste.international.covè@ets.grossiste.international.covè.bj,,Grande (>200),B2C,CCIB Annuaire,,Actif,2026-06-29T00:15:34.290487,moyenne
BJ-59E7DE06,Supermarché,Commerce & Distribution,Covè,+229 91 47 75 26,,supermarché.bj,PME (50-200),B2B/B2C,CCIB Annuaire,,Actif,2026-06-29T00:15:34.290515,moyenne
BJ-928AA01A,SARL Supply,Commerce & Distribution,Pobè,+229 74 84 70 30,sarl.supply@sarl.supply.benin,,TPE (<10),B2B/B2C,CCIB Annuaire,,Actif,2026-06-29T00:15:34.290531,moyenne
BJ-BF0936CD,Détaillant Bénin,Commerce & Distribution,Pobè,+229 97 92 60 77,détaillant.bénin@détaillant.bénin.benin,détaillantbénin.bj,PME (10-50),B2C,CCIB Annuaire,,Actif,2026-06-29T00:15:34.290548,haute
BJ-FD3DA5B1,Ets Supermarché,Commerce & Distribution,Pobè,+229 61 90 51 31,ets.supermarché@ets.supermarché.bj,,PME (10-50),B2B/B2C,CCIB Annuaire,,Actif,2026-06-29T00:15:34.290570,moyenne
BJ-2A0F296D,Commerce Commerce Groupe,Commerce & Distribution,Pobè,+229 42 69 83 63,commerce.commerce.groupe@commerce.commerce.groupe.bj,commercecommercegroupe.bj,TPE (<10),B2C,CCIB Annuaire,,Actif,2026-06-29T00:15:34.290582,haute
BJ-6B6D7B9E,Marché Marché Groupe,Commerce & Distribution,Sakété,+229 73 11 12 58,marché.marché.groupe@marché.marché.groupe.net,,TPE (<10),B2B/B2C,CCIB Annuaire,,Actif,2026-06-29T00:15:34.290599,moyenne
BJ-A5D084C0,Provision,Commerce & Distribution,Sakété,+229 98 47 32 27,provision@provision.net,,PME (50-200),B2C,CCIB Annuaire,,Actif,2026-06-29T00:15:34.290610,moyenne
BJ-B9411026,Commerce Store,Commerce & Distribution,Sakété,+229 96 20 20 23,commerce.store@commerce.store.com,commercestore.bj,TPE (<10),B2B/B2C,CCIB Annuaire,,Actif,2026-06-29T00:15:34.290622,haute
BJ-C9266822,Détaillant Store Sakété,Commerce & Distribution,Sakété,+229 38 65 89 58,détaillant.store.sakété@détaillant.store.sakété.bj,détaillantstoresakété.bj,TPE (<10),B2C,CCIB Annuaire,,Actif,2026-06-29T00:15:34.290639,haute
BJ-42D24E5D,Supply Sakété,Commerce & Distribution,Sakété,+229 90 83 46 11,supply.sakété@supply.sakété.bj,,TPE (<10),B2C,CCIB Annuaire,,Actif,2026-06-29T00:15:34.290650,moyenne
BJ-4D3FEF70,Centre Stock SARL,Commerce & Distribution,Adjara,+229 48 40 79 24,,centrestocksarl.bj,TPE (<10),B2C,CCIB Annuaire,,Actif,2026-06-29T00:15:34.290667,moyenne
BJ-3AEDA79F,Super Détaillant Market,Commerce & Distribution,Adjara,+229 28 45 57 46,,,PME (50-200),B2B/B2C,CCIB Annuaire,,Actif,2026-06-29T00:15:34.290680,basse
BJ-A7529D64,Épicerie Ets,Commerce & Distribution,Adjara,+229 80 73 94 72,,,Grande (>200),B2B/B2C,CCIB Annuaire,,Actif,2026-06-29T00:15:34.290691,basse
BJ-D883B74D,SARL Épicerie,Commerce & Distribution,Adjara,+229 27 38 97 77,sarl.épicerie@sarl.épicerie.org,,PME (10-50),B2B/B2C,CCIB Annuaire,,Actif,2026-06-29T00:15:34.290702,moyenne
BJ-B8C3A15D,Stock Store,Commerce & Distribution,Adjara,+229 77 16 64 79,stock.store@stock.store.bj,,TPE (<10),B2B/B2C,CCIB Annuaire,,Actif,2026-06-29T00:15:34.290713,moyenne
BJ-438485A7,Groupe Épicerie International,Commerce & Distribution,Allada,+229 39 61 11 47,groupe.épicerie.international@groupe.épicerie.international.bj,,Grande (>200),B2B/B2C,CCIB Annuaire,,Actif,2026-06-29T00:15:34.290730,moyenne
BJ-EDCEABF9,Grossiste Allada,Commerce & Distribution,Allada,+229 35 72 81 12,,grossisteallada.bj,PME (50-200),B2C,CCIB Annuaire,,Actif,2026-06-29T00:15:34.290744,moyenne
BJ-A8227D92,Super Alimentaire Market,Commerce & Distribution,Allada,+229 37 47 35 33,,,PME (10-50),B2C,CCIB Annuaire,,Actif,2026-06-29T00:15:34.290754,basse
BJ-52A01C66,Détaillant,Commerce & Distribution,Allada,+229 83 93 71 76,,détaillant.bj,Grande (>200),B2C,CCIB Annuaire,,Actif,2026-06-29T00:15:34.290766,moyenne
BJ-23F39FF6,Ets Commerce,Commerce & Distribution,Allada,+229 55 49 44 16,ets.commerce@ets.commerce.org,etscommerce.bj,PME (10-50),B2C,CCIB Annuaire,,Actif,2026-06-29T00:15:34.290777,haute
BJ-67B4101C,Super Marché Groupe,Commerce & Distribution,Aplahoué,+229 74 36 44 97,super.marché.groupe@super.marché.groupe.net,,TPE (<10),B2C,CCIB Annuaire,,Actif,2026-06-29T00:15:34.290794,moyenne
BJ-CD1BE837,Provision,Commerce & Distribution,Aplahoué,+229 73 28 81 45,provision@provision.bj,,TPE (<10),B2B/B2C,CCIB Annuaire,,Actif,2026-06-29T00:15:34.290808,moyenne
BJ-432F0513,Épicerie,Commerce & Distribution,Aplahoué,+229 51 50 89 18,,,PME (50-200),B2B/B2C,CCIB Annuaire,,Actif,2026-06-29T00:15:34.290819,basse
BJ-131EDE58,Distribution,Commerce & Distribution,Aplahoué,+229 22 23 68 39,distribution@distribution.org,,TPE (<10),B2B/B2C,CCIB Annuaire,,Actif,2026-06-29T00:15:34.290830,moyenne
BJ-05ADE0EA,Marché Épicerie Shop,Commerce & Distribution,Aplahoué,+229 78 40 92 58,marché.épicerie.shop@marché.épicerie.shop.net,marchéépicerieshop.bj,PME (10-50),B2B/B2C,CCIB Annuaire,,Actif,2026-06-29T00:15:34.290842,haute
BJ-86A7E04F,Supply,Commerce & Distribution,Dogbo-Tota,+229 62 37 28 49,,,PME (50-200),B2B/B2C,CCIB Annuaire,,Actif,2026-06-29T00:15:34.290858,basse
BJ-D5C51C28,Ets Provision,Commerce & Distribution,Dogbo-Tota,+229 65 27 21 36,ets.provision@ets.provision.benin,,PME (50-200),B2B/B2C,CCIB Annuaire,,Actif,2026-06-29T00:15:34.290870,moyenne
BJ-3DA542BC,Centre Stock Groupe,Commerce & Distribution,Dogbo-Tota,+229 68 84 16 71,,,PME (10-50),B2B/B2C,CCIB Annuaire,,Actif,2026-06-29T00:15:34.290880,basse
BJ-592D3EEA,Supermarché SARL,Commerce & Distribution,Dogbo-Tota,+229 50 82 15 55,,,PME (10-50),B2B/B2C,CCIB Annuaire,,Actif,2026-06-29T00:15:34.290902,basse
BJ-BD3A446C,Marché Commerce Dogbo-Tota,Commerce & Distribution,Dogbo-Tota,+229 20 82 85 20,,,TPE (<10),B2C,CCIB Annuaire,,Actif,2026-06-29T00:15:34.290960,basse
BJ-6618CFB4,Provision Bénin,Commerce & Distribution,Kpomassè,+229 35 88 11 42,,,TPE (<10),B2C,CCIB Annuaire,,Actif,2026-06-29T00:15:34.290992,basse
BJ-4543F6C5,Marché Supply SARL,Commerce & Distribution,Kpomassè,+229 24 47 37 35,,,PME (10-50),B2B/B2C,CCIB Annuaire,,Actif,2026-06-29T00:15:34.291045,basse
BJ-445DDBF2,SARL Grossiste,Commerce & Distribution,Kpomassè,+229 91 17 75 68,sarl.grossiste@sarl.grossiste.bj,,PME (10-50),B2C,CCIB Annuaire,,Actif,2026-06-29T00:15:34.291073,moyenne
BJ-C9B1D1D7,Distribution Kpomassè,Commerce & Distribution,Kpomassè,+229 31 91 83 59,distribution.kpomassè@distribution.kpomassè.net,distributionkpomassè.bj,PME (10-50),B2B/B2C,CCIB Annuaire,,Actif,2026-06-29T00:15:34.291103,haute
BJ-FF999865,Magasin Shop,Commerce & Distribution,Tori-Bossito,+229 41 37 55 76,,,TPE (<10),B2B/B2C,CCIB Annuaire,,Actif,2026-06-29T00:15:34.291137,basse
BJ-2871D94B,Magasin International,Commerce & Distribution,Tori-Bossito,+229 76 73 82 97,magasin.international@magasin.international.org,,TPE (<10),B2C,CCIB Annuaire,,Actif,2026-06-29T00:15:34.291161,moyenne
BJ-A84494EF,Commerce Magasin Market,Commerce & Distribution,Tori-Bossito,+229 59 93 95 90,,,TPE (<10),B2B/B2C,CCIB Annuaire,,Actif,2026-06-29T00:15:34.291174,basse
BJ-11AC2AF9,Marché Magasin,Commerce & Distribution,Tori-Bossito,+229 44 24 79 93,,,PME (10-50),B2C,CCIB Annuaire,,Actif,2026-06-29T00:15:34.291185,basse
BJ-8C00C257,Commerce Commerce,Commerce & Distribution,Tori-Bossito,+229 81 68 79 65,commerce.commerce@commerce.commerce.bj,,TPE (<10),B2C,CCIB Annuaire,,Actif,2026-06-29T00:15:34.291196,moyenne
BJ-625A34C6,Ets Supply Ets,Commerce & Distribution,Grand-Popo,+229 47 67 69 20,,,TPE (<10),B2C,CCIB Annuaire,,Actif,2026-06-29T00:15:34.291213,basse
BJ-E3B890AD,Commerce Distribution Store,Commerce & Distribution,Grand-Popo,+229 59 37 33 81,commerce.distribution.store@commerce.distribution.store.com,,TPE (<10),B2B/B2C,CCIB Annuaire,,Actif,2026-06-29T00:15:34.291240,moyenne
BJ-9ECA8004,Boutique Ets,Commerce & Distribution,Grand-Popo,+229 93 97 32 29,boutique.ets@boutique.ets.bj,,TPE (<10),B2C,CCIB Annuaire,,Actif,2026-06-29T00:15:34.291251,moyenne
BJ-8AC77F9C,Magasin Market,Commerce & Distribution,Grand-Popo,+229 21 98 55 14,,magasinmarket.bj,PME (10-50),B2C,CCIB Annuaire,,Actif,2026-06-29T00:15:34.291262,moyenne
BJ-8E7C532A,Marché Distribution Athiémé,Commerce & Distribution,Athiémé,+229 88 51 91 86,marché.distribution.athiémé@marché.distribution.athiémé.benin,marchédistributionathiémé.bj,PME (10-50),B2C,CCIB Annuaire,,Actif,2026-06-29T00:15:34.291296,haute
BJ-9DD31B28,Provision Store,Commerce & Distribution,Athiémé,+229 89 80 25 35,,,PME (50-200),B2C,CCIB Annuaire,,Actif,2026-06-29T00:15:34.291307,basse
BJ-29560274,Centre Boutique Shop Athiémé,Commerce & Distribution,Athiémé,+229 86 47 22 78,centre.boutique.shop.athiémé@centre.boutique.shop.athiémé.org,,TPE (<10),B2C,CCIB Annuaire,,Actif,2026-06-29T00:15:34.291319,moyenne
BJ-B00EC6B5,Centre Marché Shop Athiémé,Commerce & Distribution,Athiémé,+229 59 92 52 23,,centremarchéshopathiémé.bj,TPE (<10),B2C,CCIB Annuaire,,Actif,2026-06-29T00:15:34.291331,moyenne
BJ-06416D53,Distribution Provision,Commerce & Distribution,Bopa,+229 33 21 42 20,distribution.provision@distribution.provision.benin,,PME (10-50),B2B/B2C,CCIB Annuaire,,Actif,2026-06-29T00:15:34.291353,moyenne
BJ-6A0EB8EF,Centre Commerce International,Commerce & Distribution,Bopa,+229 75 92 63 33,centre.commerce.international@centre.commerce.international.bj,,PME (10-50),B2B/B2C,CCIB Annuaire,,Actif,2026-06-29T00:15:34.291368,moyenne
BJ-A70A05C3,SARL Commerce Ets Bopa,Commerce & Distribution,Bopa,+229 33 72 79 53,,,TPE (<10),B2B/B2C,CCIB Annuaire,,Actif,2026-06-29T00:15:34.291379,basse
BJ-AC05FB8B,Détaillant,Commerce & Distribution,Bopa,+229 44 71 64 95,,,PME (10-50),B2C,CCIB Annuaire,,Actif,2026-06-29T00:15:34.291389,basse
BJ-61865371,Ets Provision,Commerce & Distribution,Bopa,+229 57 18 45 63,,etsprovision.bj,PME (10-50),B2B/B2C,CCIB Annuaire,,Actif,2026-06-29T00:15:34.291400,moyenne
BJ-E84FB109,Marché Commerce Houéyogbé,Commerce & Distribution,Houéyogbé,+229 64 43 88 86,,,TPE (<10),B2B/B2C,CCIB Annuaire,,Actif,2026-06-29T00:15:34.291416,basse
BJ-2784A88C,Alimentaire Store,Commerce & Distribution,Houéyogbé,+229 25 10 11 66,alimentaire.store@alimentaire.store.bj,,TPE (<10),B2C,CCIB Annuaire,,Actif,2026-06-29T00:15:34.291427,moyenne
BJ-215DE1E4,Centre Distribution,Commerce & Distribution,Houéyogbé,+229 31 25 58 60,,centredistribution.bj,PME (50-200),B2C,CCIB Annuaire,,Actif,2026-06-29T00:15:34.291438,moyenne
BJ-012DC0F9,Centre Commerce Ets,Commerce & Distribution,Houéyogbé,+229 38 17 12 74,,,PME (50-200),B2C,CCIB Annuaire,,Actif,2026-06-29T00:15:34.291448,basse
BJ-C2DD97A0,Centre Magasin,Commerce & Distribution,Houéyogbé,+229 69 93 57 52,,,PME (50-200),B2C,CCIB Annuaire,,Actif,2026-06-29T00:15:34.291458,basse
BJ-BCBB71A8,SARL Marché SARL,Commerce & Distribution,Malanville,+229 90 77 25 29,,,PME (10-50),B2B/B2C,CCIB Annuaire,,Actif,2026-06-29T00:15:34.291473,basse
BJ-97B794EB,Marché Stock,Commerce & Distribution,Malanville,+229 59 82 49 17,,,TPE (<10),B2B/B2C,CCIB Annuaire,,Actif,2026-06-29T00:15:34.291487,basse
BJ-8DD04E81,Supermarché,Commerce & Distribution,Malanville,+229 47 43 17 47,,,TPE (<10),B2B/B2C,CCIB Annuaire,,Actif,2026-06-29T00:15:34.291511,basse
BJ-6E6E93C9,Boutique,Commerce & Distribution,Malanville,+229 34 34 73 18,boutique@boutique.com,,TPE (<10),B2B/B2C,CCIB Annuaire,,Actif,2026-06-29T00:15:34.291522,moyenne
BJ-4312931B,Super Provision International,Commerce & Distribution,Kandi,+229 62 58 40 47,super.provision.international@super.provision.international.bj,,Grande (>200),B2B/B2C,CCIB Annuaire,,Actif,2026-06-29T00:15:34.291538,moyenne
BJ-66DC0013,Commerce Groupe,Commerce & Distribution,Kandi,+229 72 45 95 43,,,PME (50-200),B2B/B2C,CCIB Annuaire,,Actif,2026-06-29T00:15:34.291548,basse
BJ-B572BCEB,Super Supermarché Kandi,Commerce & Distribution,Kandi,+229 54 79 82 31,,,TPE (<10),B2C,CCIB Annuaire,,Actif,2026-06-29T00:15:34.291562,basse
BJ-EEE44D01,Marché Market,Commerce & Distribution,Kandi,+229 49 67 43 59,,marchémarket.bj,PME (10-50),B2C,CCIB Annuaire,,Actif,2026-06-29T00:15:34.291573,moyenne
BJ-C3BB3D3D,Marché Distribution Kandi,Commerce & Distribution,Kandi,+229 25 37 39 66,,,Grande (>200),B2C,CCIB Annuaire,,Actif,2026-06-29T00:15:34.291583,basse
BJ-3C9644F2,Ets Supermarché Bénin,Commerce & Distribution,Banikoara,+229 75 22 32 68,,,PME (50-200),B2B/B2C,CCIB Annuaire,,Actif,2026-06-29T00:15:34.291603,basse
BJ-5F0ADA4E,Centre Provision,Commerce & Distribution,Banikoara,+229 94 32 79 64,,,PME (10-50),B2B/B2C,CCIB Annuaire,,Actif,2026-06-29T00:15:34.291615,basse
BJ-2EC4FD1F,Distribution Stock Groupe,Commerce & Distribution,Banikoara,+229 51 42 69 36,,,Grande (>200),B2C,CCIB Annuaire,,Actif,2026-06-29T00:15:34.291626,basse
BJ-47AB751B,Grossiste Banikoara,Commerce & Distribution,Banikoara,+229 77 50 52 85,,grossistebanikoara.bj,PME (50-200),B2B/B2C,CCIB Annuaire,,Actif,2026-06-29T00:15:34.291636,moyenne
BJ-7540AED1,Distribution Boutique,Commerce & Distribution,Ségbana,+229 35 64 18 28,distribution.boutique@distribution.boutique.benin,,TPE (<10),B2C,CCIB Annuaire,,Actif,2026-06-29T00:15:34.291662,moyenne
BJ-77794153,Centre Grossiste Bénin,Commerce & Distribution,Ségbana,+229 36 74 10 91,,,TPE (<10),B2C,CCIB Annuaire,,Actif,2026-06-29T00:15:34.291672,basse
BJ-DE8B3F18,Ets Distribution International,Commerce & Distribution,Ségbana,+229 73 79 21 37,ets.distribution.international@ets.distribution.international.com,,TPE (<10),B2C,CCIB Annuaire,,Actif,2026-06-29T00:15:34.291696,moyenne
BJ-72374DF6,Ets Alimentaire Karimama,Commerce & Distribution,Karimama,+229 68 96 71 68,,etsalimentairekarimama.bj,TPE (<10),B2C,CCIB Annuaire,,Actif,2026-06-29T00:15:34.291736,moyenne
BJ-E1161354,Grossiste Karimama,Commerce & Distribution,Karimama,+229 50 34 68 57,grossiste.karimama@grossiste.karimama.benin,grossistekarimama.bj,TPE (<10),B2B/B2C,CCIB Annuaire,,Actif,2026-06-29T00:15:34.291747,haute
BJ-59816A9D,Distribution Épicerie Market Karimama,Commerce & Distribution,Karimama,+229 68 63 44 41,,,TPE (<10),B2B/B2C,CCIB Annuaire,,Actif,2026-06-29T00:15:34.291758,basse
BJ-40932945,Ets Supply,Commerce & Distribution,Karimama,+229 27 88 80 44,,,TPE (<10),B2B/B2C,CCIB Annuaire,,Actif,2026-06-29T00:15:34.291771,basse
BJ-F32385DA,Supermarché Gogounou,Commerce & Distribution,Gogounou,+229 53 82 27 23,,,TPE (<10),B2C,CCIB Annuaire,,Actif,2026-06-29T00:15:34.291787,basse
BJ-173063EB,Centre Marché,Commerce & Distribution,Gogounou,+229 44 32 10 53,centre.marché@centre.marché.org,,PME (50-200),B2C,CCIB Annuaire,,Actif,2026-06-29T00:15:34.291799,moyenne
BJ-A241870A,Stock,Commerce & Distribution,Gogounou,+229 38 52 66 19,stock@stock.org,,PME (10-50),B2B/B2C,CCIB Annuaire,,Actif,2026-06-29T00:15:34.291810,moyenne
BJ-667DE217,SARL Distribution,Commerce & Distribution,Gogounou,+229 21 60 50 97,,sarldistribution.bj,PME (10-50),B2C,CCIB Annuaire,,Actif,2026-06-29T00:15:34.291820,moyenne
BJ-FB6B09D4,Distribution Store,Commerce & Distribution,Gogounou,+229 37 37 67 19,distribution.store@distribution.store.org,,PME (10-50),B2C,CCIB Annuaire,,Actif,2026-06-29T00:15:34.291831,moyenne
BJ-8CC429C1,SARL Commerce Cobly,Commerce & Distribution,Cobly,+229 48 49 87 20,sarl.commerce.cobly@sarl.commerce.cobly.benin,,Grande (>200),B2B/B2C,CCIB Annuaire,,Actif,2026-06-29T00:15:34.291848,moyenne
BJ-98F17C78,Magasin,Commerce & Distribution,Cobly,+229 39 51 38 41,magasin@magasin.benin,,TPE (<10),B2C,CCIB Annuaire,,Actif,2026-06-29T00:15:34.291861,moyenne
BJ-77EC0554,Centre Supermarché Bénin,Commerce & Distribution,Cobly,+229 99 71 33 31,,,PME (10-50),B2C,CCIB Annuaire,,Actif,2026-06-29T00:15:34.291883,basse
BJ-C2BE6EE3,Grossiste Cobly,Commerce & Distribution,Cobly,+229 27 33 31 66,,,PME (10-50),B2C,CCIB Annuaire,,Actif,2026-06-29T00:15:34.291902,basse
BJ-9EC48286,Supermarché,Commerce & Distribution,Tanguiéta,+229 21 19 63 78,,,PME (10-50),B2C,CCIB Annuaire,,Actif,2026-06-29T00:15:34.291953,basse
BJ-D3D97AAC,Commerce Alimentaire Store,Commerce & Distribution,Tanguiéta,+229 94 55 27 31,,commercealimentairestore.bj,TPE (<10),B2C,CCIB Annuaire,,Actif,2026-06-29T00:15:34.291981,moyenne
BJ-F1F70BFA,Marché Shop,Commerce & Distribution,Tanguiéta,+229 84 99 33 26,,,PME (50-200),B2B/B2C,CCIB Annuaire,,Actif,2026-06-29T00:15:34.291992,basse
BJ-D7771A2A,Alimentaire Shop,Commerce & Distribution,Tanguiéta,+229 93 44 55 14,alimentaire.shop@alimentaire.shop.benin,alimentaireshop.bj,TPE (<10),B2C,CCIB Annuaire,,Actif,2026-06-29T00:15:34.292004,haute
BJ-1ACE47DF,Marché Alimentaire Tanguiéta,Commerce & Distribution,Tanguiéta,+229 72 77 76 25,,,Grande (>200),B2C,CCIB Annuaire,,Actif,2026-06-29T00:15:34.292014,basse
BJ-267E59B2,Ets Provision Shop,Commerce & Distribution,Matéri,+229 50 41 75 27,ets.provision.shop@ets.provision.shop.org,,PME (50-200),B2B/B2C,CCIB Annuaire,,Actif,2026-06-29T00:15:34.292034,moyenne
BJ-CB1596FA,SARL Supermarché,Commerce & Distribution,Matéri,+229 83 74 63 20,sarl.supermarché@sarl.supermarché.com,sarlsupermarché.bj,PME (10-50),B2B/B2C,CCIB Annuaire,,Actif,2026-06-29T00:15:34.292049,haute
BJ-FF3F9A35,Centre Magasin International,Commerce & Distribution,Matéri,+229 52 95 25 60,,,PME (10-50),B2B/B2C,CCIB Annuaire,,Actif,2026-06-29T00:15:34.292060,basse
BJ-73A00AB6,Commerce Groupe,Commerce & Distribution,Matéri,+229 66 97 36 74,,,Grande (>200),B2C,CCIB Annuaire,,Actif,2026-06-29T00:15:34.292070,basse
BJ-0A471168,Groupe Distribution,Commerce & Distribution,Matéri,+229 63 39 85 15,groupe.distribution@groupe.distribution.benin,groupedistribution.bj,Grande (>200),B2C,CCIB Annuaire,,Actif,2026-06-29T00:15:34.292081,haute
BJ-1E65CFD3,Marché Marché,Commerce & Distribution,Natitingou,+229 77 65 52 30,,marchémarché.bj,TPE (<10),B2B/B2C,CCIB Annuaire,,Actif,2026-06-29T00:15:34.292099,moyenne
BJ-A497E148,Marché Ets,Commerce & Distribution,Natitingou,+229 25 63 36 51,,,PME (10-50),B2B/B2C,CCIB Annuaire,,Actif,2026-06-29T00:15:34.292109,basse
BJ-01F439DB,Super Commerce,Commerce & Distribution,Natitingou,+229 57 86 69 39,super.commerce@super.commerce.org,,TPE (<10),B2C,CCIB Annuaire,,Actif,2026-06-29T00:15:34.292120,moyenne
BJ-0B14EF6C,SARL Provision,Commerce & Distribution,Natitingou,+229 51 44 41 75,,,PME (50-200),B2C,CCIB Annuaire,,Actif,2026-06-29T00:15:34.292130,basse
BJ-AD983152,Épicerie Groupe,Commerce & Distribution,Natitingou,+229 81 79 44 14,,,Grande (>200),B2C,CCIB Annuaire,,Actif,2026-06-29T00:15:34.292139,basse
BJ-6D538F52,Groupe Boutique Toucountouna,Commerce & Distribution,Toucountouna,+229 47 99 90 88,groupe.boutique.toucountouna@groupe.boutique.toucountouna.benin,,TPE (<10),B2B/B2C,CCIB Annuaire,,Actif,2026-06-29T00:15:34.292156,moyenne
BJ-3FB427A4,Grossiste Market,Commerce & Distribution,Toucountouna,+229 66 33 53 70,grossiste.market@grossiste.market.benin,grossistemarket.bj,TPE (<10),B2C,CCIB Annuaire,,Actif,2026-06-29T00:15:34.292170,haute
BJ-7BF96060,Alimentaire Groupe,Commerce & Distribution,Toucountouna,+229 35 78 68 58,,,TPE (<10),B2B/B2C,CCIB Annuaire,,Actif,2026-06-29T00:15:34.292180,basse
BJ-14C4D5E4,Super Magasin International,Commerce & Distribution,Toucountouna,+229 99 55 78 17,,supermagasininternational.bj,PME (50-200),B2C,CCIB Annuaire,,Actif,2026-06-29T00:15:34.292191,moyenne
BJ-8B296246,Distribution Boutique Bénin,Commerce & Distribution,Toucountouna,+229 26 64 96 96,,,TPE (<10),B2C,CCIB Annuaire,,Actif,2026-06-29T00:15:34.292201,basse
BJ-02747960,Centre Provision Market,Commerce & Distribution,Boukoumbé,+229 43 29 68 82,centre.provision.market@centre.provision.market.org,,PME (50-200),B2C,CCIB Annuaire,,Actif,2026-06-29T00:15:34.292217,moyenne
BJ-17EEC99B,Groupe Marché International,Commerce & Distribution,Boukoumbé,+229 66 50 19 73,,,TPE (<10),B2B/B2C,CCIB Annuaire,,Actif,2026-06-29T00:15:34.292228,basse
BJ-2A85AAA6,Provision,Commerce & Distribution,Boukoumbé,+229 44 62 27 33,provision@provision.bj,,TPE (<10),B2C,CCIB Annuaire,,Actif,2026-06-29T00:15:34.292245,moyenne
BJ-0BBED9BB,Ets Alimentaire,Commerce & Distribution,Boukoumbé,+229 90 77 14 82,,,PME (10-50),B2B/B2C,CCIB Annuaire,,Actif,2026-06-29T00:15:34.292255,basse
BJ-11A31924,Commerce Magasin Groupe Boukoumbé,Commerce & Distribution,Boukoumbé,+229 37 45 57 39,,,TPE (<10),B2C,CCIB Annuaire,,Actif,2026-06-29T00:15:34.292265,basse
BJ-8F555E87,Centre Détaillant SARL,Commerce & Distribution,Kouandé,+229 43 64 18 76,,,TPE (<10),B2C,CCIB Annuaire,,Actif,2026-06-29T00:15:34.292280,basse
BJ-E1B93B66,Détaillant Bénin,Commerce & Distribution,Kouandé,+229 85 66 56 59,,détaillantbénin.bj,PME (10-50),B2B/B2C,CCIB Annuaire,,Actif,2026-06-29T00:15:34.292306,moyenne
BJ-8552DA5B,Groupe Supply Ets,Commerce & Distribution,Kouandé,+229 65 65 52 51,groupe.supply.ets@groupe.supply.ets.benin,,Grande (>200),B2B/B2C,CCIB Annuaire,,Actif,2026-06-29T00:15:34.292317,moyenne
BJ-36D008F7,Magasin Bénin,Commerce & Distribution,Kouandé,+229 37 17 40 30,,,TPE (<10),B2C,CCIB Annuaire,,Actif,2026-06-29T00:15:34.292327,basse
BJ-102F02B3,Provision Bénin,Commerce & Distribution,Péhunco,+229 44 74 45 12,,provisionbénin.bj,PME (10-50),B2C,CCIB Annuaire,,Actif,2026-06-29T00:15:34.292343,moyenne
BJ-8F98AA18,Marché Magasin Store,Commerce & Distribution,Péhunco,+229 36 51 81 93,,,PME (50-200),B2B/B2C,CCIB Annuaire,,Actif,2026-06-29T00:15:34.292353,basse
BJ-03785E15,Marché Stock Shop,Commerce & Distribution,Péhunco,+229 64 41 22 38,,,PME (10-50),B2B/B2C,CCIB Annuaire,,Actif,2026-06-29T00:15:34.292362,basse
BJ-E0CE0B17,Alimentaire International,Commerce & Distribution,Péhunco,+229 51 61 83 99,alimentaire.international@alimentaire.international.bj,,PME (10-50),B2B/B2C,CCIB Annuaire,,Actif,2026-06-29T00:15:34.292373,moyenne
BJ-16E19248,Groupe Magasin Péhunco,Commerce & Distribution,Péhunco,+229 82 29 31 83,groupe.magasin.péhunco@groupe.magasin.péhunco.bj,,PME (10-50),B2C,CCIB Annuaire,,Actif,2026-06-29T00:15:34.292384,moyenne
BJ-C7FB1AB4,Super Marché Market,Commerce & Distribution,Tchaourou,+229 95 83 48 10,super.marché.market@super.marché.market.net,,PME (50-200),B2B/B2C,CCIB Annuaire,,Actif,2026-06-29T00:15:34.292401,moyenne
BJ-894EEC5F,Ets Alimentaire SARL,Commerce & Distribution,Tchaourou,+229 91 68 22 52,ets.alimentaire.sarl@ets.alimentaire.sarl.com,,Grande (>200),B2B/B2C,CCIB Annuaire,,Actif,2026-06-29T00:15:34.292415,moyenne
BJ-0ACE6AFD,Centre Boutique Market,Commerce & Distribution,Tchaourou,+229 84 57 30 98,,centreboutiquemarket.bj,PME (10-50),B2C,CCIB Annuaire,,Actif,2026-06-29T00:15:34.292437,moyenne
BJ-6CE39488,Épicerie Tchaourou,Commerce & Distribution,Tchaourou,+229 64 78 70 78,,,Grande (>200),B2B/B2C,CCIB Annuaire,,Actif,2026-06-29T00:15:34.292447,basse
BJ-24FBD7D8,Ets Grossiste,Commerce & Distribution,Nikki,+229 97 63 63 76,ets.grossiste@ets.grossiste.org,,PME (50-200),B2B/B2C,CCIB Annuaire,,Actif,2026-06-29T00:15:34.292467,moyenne
BJ-F536251F,Stock,Commerce & Distribution,Nikki,+229 93 15 10 10,,,PME (10-50),B2C,CCIB Annuaire,,Actif,2026-06-29T00:15:34.292477,basse
BJ-139DAA1D,Magasin Nikki,Commerce & Distribution,Nikki,+229 75 99 56 70,,,PME (50-200),B2B/B2C,CCIB Annuaire,,Actif,2026-06-29T00:15:34.292487,basse
BJ-996EDDBE,Distribution Provision Groupe,Commerce & Distribution,Nikki,+229 91 52 93 62,,,PME (10-50),B2C,CCIB Annuaire,,Actif,2026-06-29T00:15:34.292497,basse
BJ-03AFBC60,Groupe Supermarché Nikki,Commerce & Distribution,Nikki,+229 47 98 89 74,,groupesupermarchénikki.bj,TPE (<10),B2C,CCIB Annuaire,,Actif,2026-06-29T00:15:34.292508,moyenne
BJ-AAE4C249,Centre Stock Store,Commerce & Distribution,Bembéréké,+229 46 67 38 77,centre.stock.store@centre.stock.store.org,,PME (50-200),B2C,CCIB Annuaire,,Actif,2026-06-29T00:15:34.292524,moyenne
BJ-06FFB692,Supermarché International Bembéréké,Commerce & Distribution,Bembéréké,+229 35 44 98 88,,supermarchéinternationalbembéréké.bj,PME (10-50),B2B/B2C,CCIB Annuaire,,Actif,2026-06-29T00:15:34.292549,moyenne
BJ-97A6B3D0,Marché Détaillant,Commerce & Distribution,Bembéréké,+229 90 29 28 54,,marchédétaillant.bj,PME (10-50),B2C,CCIB Annuaire,,Actif,2026-06-29T00:15:34.292561,moyenne
BJ-8938ED32,Marché,Commerce & Distribution,Bembéréké,+229 22 28 72 42,marché@marché.benin,,TPE (<10),B2C,CCIB Annuaire,,Actif,2026-06-29T00:15:34.292572,moyenne
BJ-0EE0FBC9,SARL Supermarché Groupe Kalalé,Commerce & Distribution,Kalalé,+229 81 66 97 95,sarl.supermarché.groupe.kalalé@sarl.supermarché.groupe.kalalé.bj,,PME (50-200),B2C,CCIB Annuaire,,Actif,2026-06-29T00:15:34.292590,moyenne
BJ-EFEE35C9,Commerce Market,Commerce & Distribution,Kalalé,+229 51 47 17 15,commerce.market@commerce.market.net,,TPE (<10),B2B/B2C,CCIB Annuaire,,Actif,2026-06-29T00:15:34.292601,moyenne
BJ-A499CBD6,Ets Marché Kalalé,Commerce & Distribution,Kalalé,+229 68 48 37 74,,,PME (10-50),B2C,CCIB Annuaire,,Actif,2026-06-29T00:15:34.292612,basse
BJ-BDF4AA06,Ets Commerce Shop,Commerce & Distribution,Kalalé,+229 60 85 77 25,,,PME (50-200),B2B/B2C,CCIB Annuaire,,Actif,2026-06-29T00:15:34.292622,basse
BJ-145C2EE8,Marché Kalalé,Commerce & Distribution,Kalalé,+229 81 70 85 49,,marchékalalé.bj,PME (10-50),B2C,CCIB Annuaire,,Actif,2026-06-29T00:15:34.292636,moyenne
BJ-310A5596,Supermarché,Commerce & Distribution,Ndali,+229 32 33 25 43,,,TPE (<10),B2B/B2C,CCIB Annuaire,,Actif,2026-06-29T00:15:34.292654,basse
BJ-BD4EB50C,Ets Marché SARL,Commerce & Distribution,Ndali,+229 98 65 17 80,,,TPE (<10),B2C,CCIB Annuaire,,Actif,2026-06-29T00:15:34.292668,basse
BJ-EF8EAB62,Super Distribution SARL,Commerce & Distribution,Ndali,+229 79 82 71 67,,superdistributionsarl.bj,TPE (<10),B2B/B2C,CCIB Annuaire,,Actif,2026-06-29T00:15:34.292679,moyenne
BJ-009ECDBD,Super Commerce,Commerce & Distribution,Ndali,+229 85 11 44 50,,,TPE (<10),B2C,CCIB Annuaire,,Actif,2026-06-29T00:15:34.292692,basse
BJ-3B210EF5,Épicerie Ndali,Commerce & Distribution,Ndali,+229 49 97 96 23,épicerie.ndali@épicerie.ndali.com,,TPE (<10),B2B/B2C,CCIB Annuaire,,Actif,2026-06-29T00:15:34.292704,moyenne
BJ-16AFA32F,Marché,Commerce & Distribution,Ségbana,+229 97 86 92 90,,marché.bj,PME (50-200),B2B/B2C,CCIB Annuaire,,Actif,2026-06-29T00:15:34.292720,moyenne
BJ-48C67AAD,Groupe Provision Store Ségbana,Commerce & Distribution,Ségbana,+229 67 69 16 17,,,Grande (>200),B2C,CCIB Annuaire,,Actif,2026-06-29T00:15:34.292732,basse
BJ-E8EA5C5C,Marché Stock Market,Commerce & Distribution,Ségbana,+229 75 83 21 88,,,Grande (>200),B2B/B2C,CCIB Annuaire,,Actif,2026-06-29T00:15:34.292741,basse
BJ-71362856,Détaillant Bénin,Commerce & Distribution,Ségbana,+229 58 86 51 70,,détaillantbénin.bj,TPE (<10),B2C,CCIB Annuaire,,Actif,2026-06-29T00:15:34.292763,moyenne
BJ-A7EDE7B1,SARL Distribution Store,Commerce & Distribution,Tchaourou,+229 68 46 55 71,sarl.distribution.store@sarl.distribution.store.com,,Grande (>200),B2B/B2C,CCIB Annuaire,,Actif,2026-06-29T00:15:34.292792,moyenne
BJ-90D8247E,Distribution Provision,Commerce & Distribution,Tchaourou,+229 30 50 19 39,,,PME (10-50),B2B/B2C,CCIB Annuaire,,Actif,2026-06-29T00:15:34.292803,basse
BJ-AC3089C4,Distribution Ets Tchaourou,Commerce & Distribution,Tchaourou,+229 93 13 47 54,,,PME (10-50),B2B/B2C,CCIB Annuaire,,Actif,2026-06-29T00:15:34.292813,basse
BJ-341FEB4F,Commerce Alimentaire Market,Commerce & Distribution,Tchaourou,+229 49 25 22 86,,,PME (10-50),B2B/B2C,CCIB Annuaire,,Actif,2026-06-29T00:15:34.292822,basse
BJ-444A501F,Marché Grossiste Market,Commerce & Distribution,Bétérou,+229 41 71 12 42,,,PME (50-200),B2C,CCIB Annuaire,,Actif,2026-06-29T00:15:34.292838,basse
BJ-87781471,SARL Stock SARL,Commerce & Distribution,Bétérou,+229 90 20 23 74,sarl.stock.sarl@sarl.stock.sarl.net,,TPE (<10),B2C,CCIB Annuaire,,Actif,2026-06-29T00:15:34.292849,moyenne
BJ-9B3A835F,Magasin Bétérou,Commerce & Distribution,Bétérou,+229 32 60 49 46,magasin.bétérou@magasin.bétérou.com,magasinbétérou.bj,TPE (<10),B2B/B2C,CCIB Annuaire,,Actif,2026-06-29T00:15:34.292861,haute
BJ-772F50F7,Groupe Stock Store,Commerce & Distribution,Bétérou,+229 95 26 17 22,groupe.stock.store@groupe.stock.store.bj,groupestockstore.bj,PME (10-50),B2B/B2C,CCIB Annuaire,,Actif,2026-06-29T00:15:34.292873,haute
BJ-DC82C2E9,SARL Supply International,Commerce & Distribution,Ouessè,+229 79 77 75 84,sarl.supply.international@sarl.supply.international.benin,sarlsupplyinternational.bj,PME (50-200),B2B/B2C,CCIB Annuaire,,Actif,2026-06-29T00:15:34.292935,haute
BJ-028207A5,Grossiste SARL,Commerce & Distribution,Ouessè,+229 99 17 14 97,,,TPE (<10),B2C,CCIB Annuaire,,Actif,2026-06-29T00:15:34.292949,basse
BJ-92D63CAE,Magasin SARL,Commerce & Distribution,Ouessè,+229 92 86 60 85,magasin.sarl@magasin.sarl.benin,,TPE (<10),B2B/B2C,CCIB Annuaire,,Actif,2026-06-29T00:15:34.292971,moyenne
BJ-B90127EE,Épicerie Bénin,Commerce & Distribution,Ouessè,+229 60 65 41 45,épicerie.bénin@épicerie.bénin.com,,PME (50-200),B2B/B2C,CCIB Annuaire,,Actif,2026-06-29T00:15:34.292984,moyenne
BJ-7DFE244B,Commerce Marché Ets,Commerce & Distribution,Glazoué,+229 46 95 79 28,,,PME (10-50),B2C,CCIB Annuaire,,Actif,2026-06-29T00:15:34.293000,basse
BJ-A170F544,Distribution Magasin Store,Commerce & Distribution,Glazoué,+229 50 46 88 87,,,PME (10-50),B2B/B2C,CCIB Annuaire,,Actif,2026-06-29T00:15:34.293011,basse
BJ-C0D80D95,Stock Bénin,Commerce & Distribution,Glazoué,+229 71 71 63 83,stock.bénin@stock.bénin.com,stockbénin.bj,TPE (<10),B2B/B2C,CCIB Annuaire,,Actif,2026-06-29T00:15:34.293042,haute
BJ-BE792FD5,Marché Supermarché International,Commerce & Distribution,Glazoué,+229 84 41 38 18,marché.supermarché.international@marché.supermarché.international.org,,Grande (>200),B2C,CCIB Annuaire,,Actif,2026-06-29T00:15:34.293055,moyenne
BJ-DDC35828,Distribution Détaillant,Commerce & Distribution,Glazoué,+229 50 62 31 66,,,PME (50-200),B2C,CCIB Annuaire,,Actif,2026-06-29T00:15:34.293065,basse
BJ-0EB1E385,Super Boutique Shop,Commerce & Distribution,Dassa-Zoumè,+229 88 44 48 55,,,TPE (<10),B2B/B2C,CCIB Annuaire,,Actif,2026-06-29T00:15:34.293080,basse
BJ-470BBDB1,Marché Distribution International Dassa-Zoumè,Commerce & Distribution,Dassa-Zoumè,+229 96 53 74 19,marché.distribution.international.dassazoumè@marché.distribution.international.dassazoumè.bj,marchédistributioninternationaldassazoumè.bj,Grande (>200),B2B/B2C,CCIB Annuaire,,Actif,2026-06-29T00:15:34.293100,haute
BJ-9D0E8991,Groupe Épicerie,Commerce & Distribution,Dassa-Zoumè,+229 92 33 73 16,groupe.épicerie@groupe.épicerie.net,groupeépicerie.bj,PME (10-50),B2B/B2C,CCIB Annuaire,,Actif,2026-06-29T00:15:34.293125,haute
BJ-EA2B92D1,Distribution Commerce Groupe,Commerce & Distribution,Savalou,+229 87 44 23 75,,,Grande (>200),B2C,CCIB Annuaire,,Actif,2026-06-29T00:15:34.293155,basse
BJ-8884519C,Distribution SARL Savalou,Commerce & Distribution,Savalou,+229 70 41 38 86,distribution.sarl.savalou@distribution.sarl.savalou.com,,PME (50-200),B2C,CCIB Annuaire,,Actif,2026-06-29T00:15:34.293178,moyenne
BJ-81815A39,Centre Provision,Commerce & Distribution,Savalou,+229 30 78 62 50,centre.provision@centre.provision.net,,TPE (<10),B2B/B2C,CCIB Annuaire,,Actif,2026-06-29T00:15:34.293192,moyenne
BJ-D6B5496F,Magasin Groupe,Commerce & Distribution,Savalou,+229 57 76 26 30,,,PME (10-50),B2B/B2C,CCIB Annuaire,,Actif,2026-06-29T00:15:34.293203,basse
BJ-6CA65E9C,SARL Grossiste,Commerce & Distribution,Bantè,+229 76 92 36 26,sarl.grossiste@sarl.grossiste.net,,PME (10-50),B2B/B2C,CCIB Annuaire,,Actif,2026-06-29T00:15:34.293219,moyenne
BJ-73EFFC11,Alimentaire Market,Commerce & Distribution,Bantè,+229 65 24 94 40,alimentaire.market@alimentaire.market.bj,,PME (10-50),B2B/B2C,CCIB Annuaire,,Actif,2026-06-29T00:15:34.293233,moyenne
BJ-0A4074AD,Distribution Store Bantè,Commerce & Distribution,Bantè,+229 22 52 62 24,,,TPE (<10),B2B/B2C,CCIB Annuaire,,Actif,2026-06-29T00:15:34.293258,basse
BJ-19FB25C8,Commerce Détaillant Ets,Commerce & Distribution,Bantè,+229 91 65 53 53,,,PME (50-200),B2C,CCIB Annuaire,,Actif,2026-06-29T00:15:34.293268,basse
BJ-BAD91724,Distribution Stock Bénin Djougou,Commerce & Distribution,Djougou,+229 31 82 32 85,,,TPE (<10),B2B/B2C,CCIB Annuaire,,Actif,2026-06-29T00:15:34.293284,basse
BJ-E55C7CA3,Provision Djougou,Commerce & Distribution,Djougou,+229 21 34 74 14,,,TPE (<10),B2B/B2C,CCIB Annuaire,,Actif,2026-06-29T00:15:34.293294,basse
BJ-A184A986,Super Marché Djougou,Commerce & Distribution,Djougou,+229 34 49 66 74,,supermarchédjougou.bj,PME (10-50),B2C,CCIB Annuaire,,Actif,2026-06-29T00:15:34.293324,moyenne
BJ-5A2E071F,Commerce Magasin Bénin,Commerce & Distribution,Ouèssè,+229 50 90 91 66,,,TPE (<10),B2C,CCIB Annuaire,,Actif,2026-06-29T00:15:34.293339,basse
BJ-D061B4DC,Grossiste Store,Commerce & Distribution,Ouèssè,+229 99 75 31 10,,,PME (50-200),B2B/B2C,CCIB Annuaire,,Actif,2026-06-29T00:15:34.293351,basse
BJ-A37759DF,Centre Magasin Shop,Commerce & Distribution,Ouèssè,+229 21 12 50 63,centre.magasin.shop@centre.magasin.shop.bj,centremagasinshop.bj,PME (10-50),B2B/B2C,CCIB Annuaire,,Actif,2026-06-29T00:15:34.293363,haute
BJ-CEFB8DFB,Marché Marché Store,Commerce & Distribution,Ouèssè,+229 55 38 64 66,,,TPE (<10),B2C,CCIB Annuaire,,Actif,2026-06-29T00:15:34.293374,basse
BJ-E90FE2FC,Groupe Supply,Commerce & Distribution,Ouèssè,+229 74 15 64 84,,,TPE (<10),B2B/B2C,CCIB Annuaire,,Actif,2026-06-29T00:15:34.293386,basse
BJ-0D1446DB,SARL Commerce,Commerce & Distribution,Bassila,+229 41 41 50 26,,,PME (10-50),B2B/B2C,CCIB Annuaire,,Actif,2026-06-29T00:15:34.293412,basse
BJ-D140FB8E,Commerce Alimentaire International,Commerce & Distribution,Bassila,+229 64 74 44 39,,commercealimentaireinternational.bj,TPE (<10),B2C,CCIB Annuaire,,Actif,2026-06-29T00:15:34.293426,moyenne
BJ-12EB1F53,Distribution Marché Groupe,Commerce & Distribution,Bassila,+229 59 54 73 55,,,TPE (<10),B2C,CCIB Annuaire,,Actif,2026-06-29T00:15:34.293447,basse
BJ-E092375E,Centre Stock Shop Pehunco,Commerce & Distribution,Pehunco,+229 43 59 39 35,centre.stock.shop.pehunco@centre.stock.shop.pehunco.org,,PME (50-200),B2B/B2C,CCIB Annuaire,,Actif,2026-06-29T00:15:34.293464,moyenne
BJ-79431488,Magasin Market Pehunco,Commerce & Distribution,Pehunco,+229 84 90 87 63,,,TPE (<10),B2B/B2C,CCIB Annuaire,,Actif,2026-06-29T00:15:34.293487,basse
BJ-921E6FF4,Ets Marché,Commerce & Distribution,Pehunco,+229 26 94 44 63,ets.marché@ets.marché.bj,,PME (50-200),B2B/B2C,CCIB Annuaire,,Actif,2026-06-29T00:15:34.293499,moyenne
BJ-DFE22DA6,Groupe Provision SARL,Commerce & Distribution,Pehunco,+229 63 59 96 73,groupe.provision.sarl@groupe.provision.sarl.benin,,TPE (<10),B2B/B2C,CCIB Annuaire,,Actif,2026-06-29T00:15:34.293510,moyenne
BJ-2588350C,Groupe Commerce,Commerce & Distribution,Copargo,+229 92 31 35 52,,,TPE (<10),B2B/B2C,CCIB Annuaire,,Actif,2026-06-29T00:15:34.293524,basse
BJ-1E4E5619,Marché Provision,Commerce & Distribution,Copargo,+229 55 36 33 25,marché.provision@marché.provision.benin,,PME (10-50),B2B/B2C,CCIB Annuaire,,Actif,2026-06-29T00:15:34.293536,moyenne
BJ-9286D6CA,Provision,Commerce & Distribution,Copargo,+229 58 28 68 90,provision@provision.benin,provision.bj,PME (10-50),B2C,CCIB Annuaire,,Actif,2026-06-29T00:15:34.293547,haute
BJ-D5A7E875,Commerce Alimentaire,Commerce & Distribution,Copargo,+229 86 65 97 94,commerce.alimentaire@commerce.alimentaire.org,commercealimentaire.bj,PME (50-200),B2C,CCIB Annuaire,,Actif,2026-06-29T00:15:34.293559,haute
BJ-48B76137,Groupe Grossiste Bénin,Commerce & Distribution,Copargo,+229 81 75 91 51,,,PME (50-200),B2C,CCIB Annuaire,,Actif,2026-06-29T00:15:34.293569,basse
BJ-BF6D0A77,Pension Détente Hotel,Restauration & Hôtellerie,Cotonou,+229 98 17 65 97,pension.détente.hotel@pension.détente.hotel.org,,PME (50-200),B2C,CCIB Annuaire,,Actif,2026-06-29T00:15:34.293586,moyenne
BJ-05E0B0EC,Plage,Restauration & Hôtellerie,Cotonou,+229 58 26 50 65,,plage.bj,PME (50-200),B2C,CCIB Annuaire,,Actif,2026-06-29T00:15:34.293600,moyenne
BJ-26A02946,Hôtel Table Inn Cotonou,Restauration & Hôtellerie,Cotonou,+229 43 80 31 31,,hôteltableinncotonou.bj,TPE (<10),B2C,CCIB Annuaire,,Actif,2026-06-29T00:15:34.293612,moyenne
BJ-4093D34F,Royal Inn Cotonou,Restauration & Hôtellerie,Cotonou,+229 89 10 55 92,,royalinncotonou.bj,TPE (<10),B2C,CCIB Annuaire,,Actif,2026-06-29T00:15:34.293625,moyenne
BJ-2BB98058,Détente Hotel,Restauration & Hôtellerie,Cotonou,+229 84 39 89 25,,détentehotel.bj,PME (10-50),B2C,CCIB Annuaire,,Actif,2026-06-29T00:15:34.293636,moyenne
BJ-5D34EC36,Brasserie Palace Bénin,Restauration & Hôtellerie,Abomey-Calavi,+229 90 63 96 45,,brasseriepalacebénin.bj,Grande (>200),B2C,CCIB Annuaire,,Actif,2026-06-29T00:15:34.293653,moyenne
BJ-339FE924,Table,Restauration & Hôtellerie,Abomey-Calavi,+229 59 72 50 63,table@table.net,table.bj,PME (10-50),B2C,CCIB Annuaire,,Actif,2026-06-29T00:15:34.293665,haute
BJ-84163E2C,Bar Palace Bénin,Restauration & Hôtellerie,Abomey-Calavi,+229 80 62 23 65,,,PME (10-50),B2C,CCIB Annuaire,,Actif,2026-06-29T00:15:34.293675,basse
BJ-B1A8E627,Goût Hotel,Restauration & Hôtellerie,Abomey-Calavi,+229 67 58 87 47,,goûthotel.bj,TPE (<10),B2C,CCIB Annuaire,,Actif,2026-06-29T00:15:34.293686,moyenne
BJ-6D4CE2EA,Village Bénin,Restauration & Hôtellerie,Abomey-Calavi,+229 37 79 78 62,village.bénin@village.bénin.net,,PME (50-200),B2C,CCIB Annuaire,,Actif,2026-06-29T00:15:34.293697,moyenne
BJ-C9BCD70A,Village Café,Restauration & Hôtellerie,Porto-Novo,+229 75 65 86 27,village.café@village.café.org,villagecafé.bj,PME (50-200),B2C,CCIB Annuaire,,Actif,2026-06-29T00:15:34.293714,haute
BJ-6A5710F2,Jardin Inn,Restauration & Hôtellerie,Porto-Novo,+229 97 94 21 58,jardin.inn@jardin.inn.net,jardininn.bj,PME (10-50),B2C,CCIB Annuaire,,Actif,2026-06-29T00:15:34.293729,haute
BJ-4D35B550,Café Lac Inn,Restauration & Hôtellerie,Porto-Novo,+229 89 76 99 95,café.lac.inn@café.lac.inn.bj,,TPE (<10),B2C,CCIB Annuaire,,Actif,2026-06-29T00:15:34.293743,moyenne
BJ-EF0ACCC3,Bar Détente Brasserie,Restauration & Hôtellerie,Porto-Novo,+229 60 73 74 88,bar.détente.brasserie@bar.détente.brasserie.com,bardétentebrasserie.bj,PME (50-200),B2C,CCIB Annuaire,,Actif,2026-06-29T00:15:34.293756,haute
BJ-954AD4E1,Brasserie Gourmet Palace,Restauration & Hôtellerie,Porto-Novo,+229 94 95 49 18,,,TPE (<10),B2C,CCIB Annuaire,,Actif,2026-06-29T00:15:34.293766,basse
BJ-27162C2A,Auberge Ambiance Palace,Restauration & Hôtellerie,Parakou,+229 43 67 25 16,,,PME (50-200),B2C,CCIB Annuaire,,Actif,2026-06-29T00:15:34.293781,basse
BJ-15619009,Table,Restauration & Hôtellerie,Parakou,+229 46 83 23 21,table@table.bj,table.bj,TPE (<10),B2C,CCIB Annuaire,,Actif,2026-06-29T00:15:34.293792,haute
BJ-7D04E8CB,Restaurant Royal,Restauration & Hôtellerie,Parakou,+229 95 12 95 62,restaurant.royal@restaurant.royal.bj,restaurantroyal.bj,TPE (<10),B2C,CCIB Annuaire,,Actif,2026-06-29T00:15:34.293803,haute
BJ-77843FED,Auberge Village,Restauration & Hôtellerie,Parakou,+229 70 17 47 92,,,PME (10-50),B2C,CCIB Annuaire,,Actif,2026-06-29T00:15:34.293817,basse
BJ-B574D5D1,Saveur Café,Restauration & Hôtellerie,Parakou,+229 43 90 74 82,,saveurcafé.bj,PME (10-50),B2C,CCIB Annuaire,,Actif,2026-06-29T00:15:34.293828,moyenne
BJ-C2951A98,Bar Saveur,Restauration & Hôtellerie,Bohicon,+229 31 72 22 97,,barsaveur.bj,TPE (<10),B2C,CCIB Annuaire,,Actif,2026-06-29T00:15:34.293862,moyenne
BJ-F3AA0A75,Café Nouveau,Restauration & Hôtellerie,Bohicon,+229 46 71 99 20,,,PME (50-200),B2C,CCIB Annuaire,,Actif,2026-06-29T00:15:34.293896,basse
BJ-F62028D8,Palace Brasserie,Restauration & Hôtellerie,Bohicon,+229 25 70 78 86,,palacebrasserie.bj,PME (10-50),B2C,CCIB Annuaire,,Actif,2026-06-29T00:15:34.293922,moyenne
BJ-6F427E96,Hôtel Royal,Restauration & Hôtellerie,Bohicon,+229 22 77 81 19,,hôtelroyal.bj,TPE (<10),B2C,CCIB Annuaire,,Actif,2026-06-29T00:15:34.293933,moyenne
BJ-547CFD0E,Restaurant Plage Restaurant,Restauration & Hôtellerie,Natitingou,+229 29 22 19 25,restaurant.plage.restaurant@restaurant.plage.restaurant.net,,PME (10-50),B2C,CCIB Annuaire,,Actif,2026-06-29T00:15:34.293990,moyenne
BJ-1A664E85,Village Brasserie,Restauration & Hôtellerie,Natitingou,+229 59 62 67 58,village.brasserie@village.brasserie.benin,,PME (50-200),B2C,CCIB Annuaire,,Actif,2026-06-29T00:15:34.294001,moyenne
BJ-3447352C,Bar Ambiance Palace,Restauration & Hôtellerie,Natitingou,+229 43 33 52 61,bar.ambiance.palace@bar.ambiance.palace.benin,barambiancepalace.bj,TPE (<10),B2C,CCIB Annuaire,,Actif,2026-06-29T00:15:34.294013,haute
BJ-EF5812A8,Brasserie Gourmet Bénin,Restauration & Hôtellerie,Lokossa,+229 48 30 42 61,brasserie.gourmet.bénin@brasserie.gourmet.bénin.net,,TPE (<10),B2C,CCIB Annuaire,,Actif,2026-06-29T00:15:34.294049,moyenne
BJ-367D5325,Restaurant Lac Inn,Restauration & Hôtellerie,Lokossa,+229 68 71 65 44,restaurant.lac.inn@restaurant.lac.inn.com,,TPE (<10),B2C,CCIB Annuaire,,Actif,2026-06-29T00:15:34.294061,moyenne
BJ-364D8499,Ambiance Brasserie Lokossa,Restauration & Hôtellerie,Lokossa,+229 98 59 92 41,,,PME (10-50),B2C,CCIB Annuaire,,Actif,2026-06-29T00:15:34.294082,basse
BJ-1E7A9BD7,Saveur Restaurant,Restauration & Hôtellerie,Ouidah,+229 53 59 33 58,,saveurrestaurant.bj,TPE (<10),B2C,CCIB Annuaire,,Actif,2026-06-29T00:15:34.294157,moyenne
BJ-BC63821E,Café Nouveau,Restauration & Hôtellerie,Ouidah,+229 91 92 70 47,,cafénouveau.bj,PME (10-50),B2C,CCIB Annuaire,,Actif,2026-06-29T00:15:34.294210,moyenne
BJ-5F49ABBB,Hôtel Mer Savalou,Restauration & Hôtellerie,Savalou,+229 87 65 88 83,,hôtelmersavalou.bj,TPE (<10),B2C,CCIB Annuaire,,Actif,2026-06-29T00:15:34.294237,moyenne
BJ-CBB8620A,Bar Jardin,Restauration & Hôtellerie,Savalou,+229 94 16 81 86,bar.jardin@bar.jardin.benin,barjardin.bj,TPE (<10),B2C,CCIB Annuaire,,Actif,2026-06-29T00:15:34.294252,haute
BJ-5F4E4BAC,Brasserie Saveur Brasserie,Restauration & Hôtellerie,Savalou,+229 34 24 81 23,brasserie.saveur.brasserie@brasserie.saveur.brasserie.com,,TPE (<10),B2C,CCIB Annuaire,,Actif,2026-06-29T00:15:34.294264,moyenne
BJ-BC4025EF,Ambiance,Restauration & Hôtellerie,Savalou,+229 21 67 38 18,,ambiance.bj,PME (10-50),B2C,CCIB Annuaire,,Actif,2026-06-29T00:15:34.294274,moyenne
BJ-DE4742C9,Royal Brasserie,Restauration & Hôtellerie,Savalou,+229 36 17 32 28,royal.brasserie@royal.brasserie.org,royalbrasserie.bj,PME (10-50),B2C,CCIB Annuaire,,Actif,2026-06-29T00:15:34.294286,haute
BJ-8754CA41,Café Royal Palace Dassa-Zoumè,Restauration & Hôtellerie,Dassa-Zoumè,+229 59 96 70 95,café.royal.palace.dassazoumè@café.royal.palace.dassazoumè.benin,,TPE (<10),B2C,CCIB Annuaire,,Actif,2026-06-29T00:15:34.294304,moyenne
BJ-F5AC0D25,Pension Gourmet Dassa-Zoumè,Restauration & Hôtellerie,Dassa-Zoumè,+229 35 88 24 26,pension.gourmet.dassazoumè@pension.gourmet.dassazoumè.bj,pensiongourmetdassazoumè.bj,PME (50-200),B2C,CCIB Annuaire,,Actif,2026-06-29T00:15:34.294317,haute
BJ-97F4C678,Bar Nouveau Dassa-Zoumè,Restauration & Hôtellerie,Dassa-Zoumè,+229 76 98 42 97,bar.nouveau.dassazoumè@bar.nouveau.dassazoumè.bj,barnouveaudassazoumè.bj,PME (10-50),B2C,CCIB Annuaire,,Actif,2026-06-29T00:15:34.294330,haute
BJ-97427ED5,Saveur Hotel Dassa-Zoumè,Restauration & Hôtellerie,Dassa-Zoumè,+229 21 11 28 78,,saveurhoteldassazoumè.bj,TPE (<10),B2C,CCIB Annuaire,,Actif,2026-06-29T00:15:34.294341,moyenne
BJ-47540D15,Grand Restaurant Dassa-Zoumè,Restauration & Hôtellerie,Dassa-Zoumè,+229 59 38 18 21,,,TPE (<10),B2C,CCIB Annuaire,,Actif,2026-06-29T00:15:34.294352,basse
BJ-03BF4337,Bar Grand Hotel,Restauration & Hôtellerie,Kétou,+229 74 37 63 53,,bargrandhotel.bj,PME (50-200),B2C,CCIB Annuaire,,Actif,2026-06-29T00:15:34.294371,moyenne
BJ-9582B263,Bar Saveur Bénin,Restauration & Hôtellerie,Kétou,+229 54 45 17 56,,barsaveurbénin.bj,Grande (>200),B2C,CCIB Annuaire,,Actif,2026-06-29T00:15:34.294386,moyenne
BJ-368AB302,Détente Hotel Kétou,Restauration & Hôtellerie,Kétou,+229 89 58 37 27,,détentehotelkétou.bj,TPE (<10),B2C,CCIB Annuaire,,Actif,2026-06-29T00:15:34.294397,moyenne
BJ-F87D9E13,Auberge Gourmet Brasserie,Restauration & Hôtellerie,Kétou,+229 42 24 45 29,auberge.gourmet.brasserie@auberge.gourmet.brasserie.org,aubergegourmetbrasserie.bj,PME (10-50),B2C,CCIB Annuaire,,Actif,2026-06-29T00:15:34.294409,haute
BJ-71FE289A,Pension Palace,Restauration & Hôtellerie,Kétou,+229 83 30 62 16,,pensionpalace.bj,PME (10-50),B2C,CCIB Annuaire,,Actif,2026-06-29T00:15:34.294419,moyenne
BJ-8F3385EC,Jardin Covè,Restauration & Hôtellerie,Covè,+229 77 80 58 59,,jardincovè.bj,PME (10-50),B2C,CCIB Annuaire,,Actif,2026-06-29T00:15:34.294436,moyenne
BJ-29C31E64,Bar Saveur,Restauration & Hôtellerie,Covè,+229 78 68 63 48,,,TPE (<10),B2C,CCIB Annuaire,,Actif,2026-06-29T00:15:34.294446,basse
BJ-0ED9CCC4,Plage Café,Restauration & Hôtellerie,Covè,+229 51 11 47 35,plage.café@plage.café.bj,plagecafé.bj,PME (10-50),B2C,CCIB Annuaire,,Actif,2026-06-29T00:15:34.294458,haute
BJ-7885BBAC,Auberge Table International,Restauration & Hôtellerie,Covè,+229 62 86 32 75,auberge.table.international@auberge.table.international.bj,aubergetableinternational.bj,PME (10-50),B2C,CCIB Annuaire,,Actif,2026-06-29T00:15:34.294470,haute
BJ-66503349,Auberge Plage Bénin,Restauration & Hôtellerie,Covè,+229 43 89 61 93,,,PME (10-50),B2C,CCIB Annuaire,,Actif,2026-06-29T00:15:34.294480,basse
BJ-78FD8F22,Auberge Nouveau Restaurant,Restauration & Hôtellerie,Pobè,+229 89 18 54 33,auberge.nouveau.restaurant@auberge.nouveau.restaurant.com,,PME (10-50),B2C,CCIB Annuaire,,Actif,2026-06-29T00:15:34.294495,moyenne
BJ-F5132573,Auberge Jardin Hotel,Restauration & Hôtellerie,Pobè,+229 60 26 44 20,auberge.jardin.hotel@auberge.jardin.hotel.bj,,TPE (<10),B2C,CCIB Annuaire,,Actif,2026-06-29T00:15:34.294509,moyenne
BJ-944DDCA5,Café Lac,Restauration & Hôtellerie,Pobè,+229 67 85 32 40,,,PME (50-200),B2C,CCIB Annuaire,,Actif,2026-06-29T00:15:34.294520,basse
BJ-58F5834A,Brasserie Ambiance Inn,Restauration & Hôtellerie,Pobè,+229 34 22 52 50,,brasserieambianceinn.bj,TPE (<10),B2C,CCIB Annuaire,,Actif,2026-06-29T00:15:34.294531,moyenne
BJ-AC4DCC93,Restaurant Lac,Restauration & Hôtellerie,Pobè,+229 77 88 62 93,,,PME (50-200),B2C,CCIB Annuaire,,Actif,2026-06-29T00:15:34.294544,basse
BJ-2AB0A75E,Table Restaurant,Restauration & Hôtellerie,Sakété,+229 21 42 24 58,,tablerestaurant.bj,TPE (<10),B2C,CCIB Annuaire,,Actif,2026-06-29T00:15:34.294561,moyenne
BJ-A5CF5138,Auberge Détente,Restauration & Hôtellerie,Sakété,+229 71 29 28 42,,aubergedétente.bj,Grande (>200),B2C,CCIB Annuaire,,Actif,2026-06-29T00:15:34.294572,moyenne
BJ-D100914B,Jardin Hotel,Restauration & Hôtellerie,Sakété,+229 59 54 40 55,jardin.hotel@jardin.hotel.net,jardinhotel.bj,TPE (<10),B2C,CCIB Annuaire,,Actif,2026-06-29T00:15:34.294599,haute
BJ-738E6DA4,Détente Hotel,Restauration & Hôtellerie,Sakété,+229 86 91 38 75,,détentehotel.bj,TPE (<10),B2C,CCIB Annuaire,,Actif,2026-06-29T00:15:34.294610,moyenne
BJ-85C10736,Palace Palace,Restauration & Hôtellerie,Adjara,+229 88 80 83 68,palace.palace@palace.palace.benin,,Grande (>200),B2C,CCIB Annuaire,,Actif,2026-06-29T00:15:34.294627,moyenne
BJ-27A35193,Bar Saveur Palace,Restauration & Hôtellerie,Adjara,+229 90 61 74 72,bar.saveur.palace@bar.saveur.palace.net,,PME (10-50),B2C,CCIB Annuaire,,Actif,2026-06-29T00:15:34.294641,moyenne
BJ-3B2C9841,Hôtel Mer,Restauration & Hôtellerie,Adjara,+229 63 92 56 90,hôtel.mer@hôtel.mer.org,hôtelmer.bj,Grande (>200),B2C,CCIB Annuaire,,Actif,2026-06-29T00:15:34.294654,haute
BJ-8CEF7EA1,Détente Adjara,Restauration & Hôtellerie,Adjara,+229 33 85 21 41,détente.adjara@détente.adjara.net,,PME (10-50),B2C,CCIB Annuaire,,Actif,2026-06-29T00:15:34.294666,moyenne
BJ-B36954A7,Restaurant Détente Adjara,Restauration & Hôtellerie,Adjara,+229 67 29 37 41,restaurant.détente.adjara@restaurant.détente.adjara.bj,restaurantdétenteadjara.bj,PME (10-50),B2C,CCIB Annuaire,,Actif,2026-06-29T00:15:34.294678,haute
BJ-2B321729,Ambiance,Restauration & Hôtellerie,Allada,+229 27 83 97 77,ambiance@ambiance.org,,Grande (>200),B2C,CCIB Annuaire,,Actif,2026-06-29T00:15:34.294694,moyenne
BJ-F2B36A0A,Ambiance Hotel,Restauration & Hôtellerie,Allada,+229 75 53 70 26,ambiance.hotel@ambiance.hotel.net,,TPE (<10),B2C,CCIB Annuaire,,Actif,2026-06-29T00:15:34.294706,moyenne
BJ-2B25AAA9,Goût,Restauration & Hôtellerie,Allada,+229 39 74 91 27,goût@goût.net,goût.bj,TPE (<10),B2C,CCIB Annuaire,,Actif,2026-06-29T00:15:34.294718,haute
BJ-24CDB9AB,Jardin Palace,Restauration & Hôtellerie,Allada,+229 52 72 57 97,jardin.palace@jardin.palace.net,jardinpalace.bj,PME (10-50),B2C,CCIB Annuaire,,Actif,2026-06-29T00:15:34.294729,haute
BJ-919FD138,Grand Restaurant,Restauration & Hôtellerie,Aplahoué,+229 95 40 38 59,grand.restaurant@grand.restaurant.org,grandrestaurant.bj,TPE (<10),B2C,CCIB Annuaire,,Actif,2026-06-29T00:15:34.294757,haute
BJ-6B761D66,Brasserie Nouveau,Restauration & Hôtellerie,Aplahoué,+229 74 74 60 30,,,PME (50-200),B2C,CCIB Annuaire,,Actif,2026-06-29T00:15:34.294770,basse
BJ-F389CD29,Gourmet,Restauration & Hôtellerie,Aplahoué,+229 91 81 40 79,,gourmet.bj,Grande (>200),B2C,CCIB Annuaire,,Actif,2026-06-29T00:15:34.294784,moyenne
BJ-423BAF10,Auberge Mer Inn,Restauration & Hôtellerie,Aplahoué,+229 87 52 33 89,auberge.mer.inn@auberge.mer.inn.org,aubergemerinn.bj,TPE (<10),B2C,CCIB Annuaire,,Actif,2026-06-29T00:15:34.294796,haute
BJ-70BDAA0A,Café Grand International,Restauration & Hôtellerie,Aplahoué,+229 72 20 33 98,café.grand.international@café.grand.international.bj,,PME (10-50),B2C,CCIB Annuaire,,Actif,2026-06-29T00:15:34.294808,moyenne
BJ-6838FFC2,Palace Bénin Dogbo-Tota,Restauration & Hôtellerie,Dogbo-Tota,+229 74 63 11 10,palace.bénin.dogbotota@palace.bénin.dogbotota.net,,PME (50-200),B2C,CCIB Annuaire,,Actif,2026-06-29T00:15:34.294826,moyenne
BJ-85420233,Goût Café,Restauration & Hôtellerie,Dogbo-Tota,+229 35 66 36 66,goût.café@goût.café.com,goûtcafé.bj,PME (10-50),B2C,CCIB Annuaire,,Actif,2026-06-29T00:15:34.294838,haute
BJ-BC26354E,Café Gourmet International,Restauration & Hôtellerie,Dogbo-Tota,+229 26 58 33 15,,,PME (50-200),B2C,CCIB Annuaire,,Actif,2026-06-29T00:15:34.294848,basse
BJ-7BDFFFDB,Auberge Royal Bénin,Restauration & Hôtellerie,Dogbo-Tota,+229 70 89 61 59,,,TPE (<10),B2C,CCIB Annuaire,,Actif,2026-06-29T00:15:34.294862,basse
BJ-B86F88D8,Auberge Nouveau,Restauration & Hôtellerie,Dogbo-Tota,+229 21 71 16 66,auberge.nouveau@auberge.nouveau.benin,aubergenouveau.bj,TPE (<10),B2C,CCIB Annuaire,,Actif,2026-06-29T00:15:34.294874,haute
BJ-FAFD8A39,Hôtel Table,Restauration & Hôtellerie,Kpomassè,+229 67 11 63 82,,hôteltable.bj,TPE (<10),B2C,CCIB Annuaire,,Actif,2026-06-29T00:15:34.294933,moyenne
BJ-F18FA6FF,Auberge Lac,Restauration & Hôtellerie,Kpomassè,+229 67 24 16 46,auberge.lac@auberge.lac.org,aubergelac.bj,PME (10-50),B2C,CCIB Annuaire,,Actif,2026-06-29T00:15:34.294970,haute
BJ-7A02A0A3,Brasserie Table Palace,Restauration & Hôtellerie,Tori-Bossito,+229 96 70 23 70,,brasserietablepalace.bj,PME (10-50),B2C,CCIB Annuaire,,Actif,2026-06-29T00:15:34.294998,moyenne
BJ-68970FAD,Bar Jardin,Restauration & Hôtellerie,Tori-Bossito,+229 88 77 96 90,,barjardin.bj,TPE (<10),B2C,CCIB Annuaire,,Actif,2026-06-29T00:15:34.295008,moyenne
BJ-011CDB4C,Restaurant Palace Restaurant,Restauration & Hôtellerie,Tori-Bossito,+229 99 46 79 37,,restaurantpalacerestaurant.bj,TPE (<10),B2C,CCIB Annuaire,,Actif,2026-06-29T00:15:34.295019,moyenne
BJ-22CBD79C,Ambiance Restaurant Tori-Bossito,Restauration & Hôtellerie,Tori-Bossito,+229 37 17 30 62,,ambiancerestauranttoribossito.bj,PME (50-200),B2C,CCIB Annuaire,,Actif,2026-06-29T00:15:34.295033,moyenne
BJ-68844FB6,Brasserie Mer International,Restauration & Hôtellerie,Tori-Bossito,+229 39 91 20 64,,brasseriemerinternational.bj,PME (10-50),B2C,CCIB Annuaire,,Actif,2026-06-29T00:15:34.295044,moyenne
BJ-E700A853,Palace Bénin Grand-Popo,Restauration & Hôtellerie,Grand-Popo,+229 62 80 60 36,,palacebéningrandpopo.bj,PME (50-200),B2C,CCIB Annuaire,,Actif,2026-06-29T00:15:34.295061,moyenne
BJ-40AA3AC2,Grand Inn,Restauration & Hôtellerie,Grand-Popo,+229 90 65 58 27,grand.inn@grand.inn.benin,,Grande (>200),B2C,CCIB Annuaire,,Actif,2026-06-29T00:15:34.295075,moyenne
BJ-56A555AA,Café Grand Brasserie,Restauration & Hôtellerie,Grand-Popo,+229 54 90 45 34,café.grand.brasserie@café.grand.brasserie.com,,PME (10-50),B2C,CCIB Annuaire,,Actif,2026-06-29T00:15:34.295086,moyenne
BJ-4459729F,Brasserie Grand Bénin Grand-Popo,Restauration & Hôtellerie,Grand-Popo,+229 74 53 83 96,brasserie.grand.bénin.grandpopo@brasserie.grand.bénin.grandpopo.org,brasseriegrandbéningrandpopo.bj,PME (10-50),B2C,CCIB Annuaire,,Actif,2026-06-29T00:15:34.295099,haute
BJ-BFACB677,Table Athiémé,Restauration & Hôtellerie,Athiémé,+229 88 54 95 58,table.athiémé@table.athiémé.benin,,PME (50-200),B2C,CCIB Annuaire,,Actif,2026-06-29T00:15:34.295127,moyenne
BJ-8A3F0C19,Restaurant Palace,Restauration & Hôtellerie,Athiémé,+229 83 88 16 47,restaurant.palace@restaurant.palace.benin,restaurantpalace.bj,PME (10-50),B2C,CCIB Annuaire,,Actif,2026-06-29T00:15:34.295139,haute
BJ-BF584E84,Lac,Restauration & Hôtellerie,Athiémé,+229 59 86 51 16,,,PME (10-50),B2C,CCIB Annuaire,,Actif,2026-06-29T00:15:34.295149,basse
BJ-ECBE4EE1,Goût Brasserie Athiémé,Restauration & Hôtellerie,Athiémé,+229 57 81 36 30,,goûtbrasserieathiémé.bj,TPE (<10),B2C,CCIB Annuaire,,Actif,2026-06-29T00:15:34.295160,moyenne
BJ-20076096,Auberge Ambiance Inn,Restauration & Hôtellerie,Athiémé,+229 89 22 29 17,,aubergeambianceinn.bj,PME (10-50),B2C,CCIB Annuaire,,Actif,2026-06-29T00:15:34.295171,moyenne
BJ-3FE95D0C,Auberge Ambiance Bopa,Restauration & Hôtellerie,Bopa,+229 35 95 82 25,,,PME (50-200),B2C,CCIB Annuaire,,Actif,2026-06-29T00:15:34.295186,basse
BJ-682468C3,Lac Inn Bopa,Restauration & Hôtellerie,Bopa,+229 76 94 49 33,lac.inn.bopa@lac.inn.bopa.org,lacinnbopa.bj,PME (10-50),B2C,CCIB Annuaire,,Actif,2026-06-29T00:15:34.295200,haute
BJ-BCCA885E,Pension Gourmet Restaurant,Restauration & Hôtellerie,Bopa,+229 29 70 31 93,pension.gourmet.restaurant@pension.gourmet.restaurant.bj,pensiongourmetrestaurant.bj,TPE (<10),B2C,CCIB Annuaire,,Actif,2026-06-29T00:15:34.295212,haute
BJ-CC33A6E9,Pension Saveur Brasserie,Restauration & Hôtellerie,Bopa,+229 30 39 32 20,pension.saveur.brasserie@pension.saveur.brasserie.net,,TPE (<10),B2C,CCIB Annuaire,,Actif,2026-06-29T00:15:34.295282,moyenne
BJ-70F76BAE,Gourmet Brasserie,Restauration & Hôtellerie,Houéyogbé,+229 66 10 22 48,gourmet.brasserie@gourmet.brasserie.net,gourmetbrasserie.bj,TPE (<10),B2C,CCIB Annuaire,,Actif,2026-06-29T00:15:34.295304,haute
BJ-6225508F,Restaurant Gourmet,Restauration & Hôtellerie,Houéyogbé,+229 92 60 26 17,restaurant.gourmet@restaurant.gourmet.net,restaurantgourmet.bj,PME (10-50),B2C,CCIB Annuaire,,Actif,2026-06-29T00:15:34.295316,haute
BJ-22B102E0,Saveur Café,Restauration & Hôtellerie,Houéyogbé,+229 70 85 68 24,saveur.café@saveur.café.benin,saveurcafé.bj,PME (50-200),B2C,CCIB Annuaire,,Actif,2026-06-29T00:15:34.295342,haute
BJ-6F85FBFB,Détente,Restauration & Hôtellerie,Houéyogbé,+229 70 96 32 61,,détente.bj,TPE (<10),B2C,CCIB Annuaire,,Actif,2026-06-29T00:15:34.295353,moyenne
BJ-F80E0295,Bar Village,Restauration & Hôtellerie,Houéyogbé,+229 53 45 27 64,,barvillage.bj,Grande (>200),B2C,CCIB Annuaire,,Actif,2026-06-29T00:15:34.295365,moyenne
BJ-61279FFF,Bar Nouveau,Restauration & Hôtellerie,Malanville,+229 60 76 55 87,,,TPE (<10),B2C,CCIB Annuaire,,Actif,2026-06-29T00:15:34.295381,basse
BJ-DE86BCF7,Table,Restauration & Hôtellerie,Malanville,+229 31 39 76 94,,,PME (10-50),B2C,CCIB Annuaire,,Actif,2026-06-29T00:15:34.295395,basse
BJ-27E0AFFF,Plage Inn Malanville,Restauration & Hôtellerie,Malanville,+229 52 64 32 21,plage.inn.malanville@plage.inn.malanville.org,plageinnmalanville.bj,TPE (<10),B2C,CCIB Annuaire,,Actif,2026-06-29T00:15:34.295418,haute
BJ-9B174F88,Palace Malanville,Restauration & Hôtellerie,Malanville,+229 41 18 86 46,,palacemalanville.bj,TPE (<10),B2C,CCIB Annuaire,,Actif,2026-06-29T00:15:34.295429,moyenne
BJ-A145DF56,Gourmet Restaurant,Restauration & Hôtellerie,Kandi,+229 31 94 61 58,,,PME (10-50),B2C,CCIB Annuaire,,Actif,2026-06-29T00:15:34.295447,basse
BJ-576D4CFE,Détente Bénin,Restauration & Hôtellerie,Kandi,+229 21 93 86 47,,détentebénin.bj,Grande (>200),B2C,CCIB Annuaire,,Actif,2026-06-29T00:15:34.295459,moyenne
BJ-427BD98E,Pension Plage Restaurant,Restauration & Hôtellerie,Kandi,+229 22 64 85 96,,pensionplagerestaurant.bj,PME (50-200),B2C,CCIB Annuaire,,Actif,2026-06-29T00:15:34.295470,moyenne
BJ-536B6A5E,Grand,Restauration & Hôtellerie,Kandi,+229 93 68 25 77,,,TPE (<10),B2C,CCIB Annuaire,,Actif,2026-06-29T00:15:34.295480,basse
BJ-BB8EC589,Nouveau Inn,Restauration & Hôtellerie,Kandi,+229 93 23 33 79,nouveau.inn@nouveau.inn.benin,,PME (10-50),B2C,CCIB Annuaire,,Actif,2026-06-29T00:15:34.295491,moyenne
BJ-9A311F2C,Palace,Restauration & Hôtellerie,Banikoara,+229 32 82 30 31,palace@palace.net,palace.bj,PME (10-50),B2C,CCIB Annuaire,,Actif,2026-06-29T00:15:34.295524,haute
BJ-4FD07FC9,Auberge Palace Restaurant,Restauration & Hôtellerie,Banikoara,+229 61 73 25 73,auberge.palace.restaurant@auberge.palace.restaurant.org,aubergepalacerestaurant.bj,TPE (<10),B2C,CCIB Annuaire,,Actif,2026-06-29T00:15:34.295536,haute
BJ-B5ED4C8E,Jardin Inn,Restauration & Hôtellerie,Banikoara,+229 83 65 22 35,,jardininn.bj,PME (10-50),B2C,CCIB Annuaire,,Actif,2026-06-29T00:15:34.295547,moyenne
BJ-D66E54AC,Brasserie Grand Café Banikoara,Restauration & Hôtellerie,Banikoara,+229 98 21 91 64,brasserie.grand.café.banikoara@brasserie.grand.café.banikoara.com,brasseriegrandcafébanikoara.bj,TPE (<10),B2C,CCIB Annuaire,,Actif,2026-06-29T00:15:34.295560,haute
BJ-FCA7210E,Palace,Restauration & Hôtellerie,Ségbana,+229 69 97 64 95,palace@palace.com,palace.bj,Grande (>200),B2C,CCIB Annuaire,,Actif,2026-06-29T00:15:34.295588,haute
BJ-5D58F41E,Pension Goût,Restauration & Hôtellerie,Ségbana,+229 52 28 42 54,,,PME (10-50),B2C,CCIB Annuaire,,Actif,2026-06-29T00:15:34.295598,basse
BJ-ED367725,Auberge Saveur,Restauration & Hôtellerie,Ségbana,+229 35 37 17 49,,aubergesaveur.bj,TPE (<10),B2C,CCIB Annuaire,,Actif,2026-06-29T00:15:34.295609,moyenne
BJ-23D208A2,Jardin,Restauration & Hôtellerie,Karimama,+229 83 14 17 25,jardin@jardin.org,jardin.bj,Grande (>200),B2C,CCIB Annuaire,,Actif,2026-06-29T00:15:34.295637,haute
BJ-384736FE,Hôtel Saveur,Restauration & Hôtellerie,Karimama,+229 25 35 73 80,hôtel.saveur@hôtel.saveur.com,hôtelsaveur.bj,TPE (<10),B2C,CCIB Annuaire,,Actif,2026-06-29T00:15:34.295657,haute
BJ-3551EBAE,Hôtel Mer,Restauration & Hôtellerie,Karimama,+229 65 85 34 31,hôtel.mer@hôtel.mer.bj,,PME (10-50),B2C,CCIB Annuaire,,Actif,2026-06-29T00:15:34.295669,moyenne
BJ-56BC47E9,Ambiance,Restauration & Hôtellerie,Karimama,+229 57 99 37 22,ambiance@ambiance.benin,ambiance.bj,PME (50-200),B2C,CCIB Annuaire,,Actif,2026-06-29T00:15:34.295680,haute
BJ-B2F2E12D,Table Café,Restauration & Hôtellerie,Karimama,+229 59 91 85 99,,tablecafé.bj,PME (50-200),B2C,CCIB Annuaire,,Actif,2026-06-29T00:15:34.295695,moyenne
BJ-3FC12EB6,Pension Jardin Hotel,Restauration & Hôtellerie,Gogounou,+229 41 97 69 60,pension.jardin.hotel@pension.jardin.hotel.bj,,TPE (<10),B2C,CCIB Annuaire,,Actif,2026-06-29T00:15:34.295715,moyenne
BJ-1A2495DD,Royal,Restauration & Hôtellerie,Gogounou,+229 87 47 50 81,,royal.bj,PME (10-50),B2C,CCIB Annuaire,,Actif,2026-06-29T00:15:34.295739,moyenne
BJ-F0D020EC,Bar Village Restaurant,Restauration & Hôtellerie,Gogounou,+229 57 83 30 17,bar.village.restaurant@bar.village.restaurant.benin,barvillagerestaurant.bj,TPE (<10),B2C,CCIB Annuaire,,Actif,2026-06-29T00:15:34.295751,haute
BJ-A51D4F5F,Café Royal Palace,Restauration & Hôtellerie,Gogounou,+229 82 95 48 20,café.royal.palace@café.royal.palace.net,caféroyalpalace.bj,Grande (>200),B2C,CCIB Annuaire,,Actif,2026-06-29T00:15:34.295764,haute
BJ-4982F1F4,Jardin Bénin Cobly,Restauration & Hôtellerie,Cobly,+229 69 99 77 70,jardin.bénin.cobly@jardin.bénin.cobly.com,jardinbénincobly.bj,TPE (<10),B2C,CCIB Annuaire,,Actif,2026-06-29T00:15:34.295782,haute
BJ-81F2DC9F,Palace Cobly,Restauration & Hôtellerie,Cobly,+229 53 21 82 29,,palacecobly.bj,PME (50-200),B2C,CCIB Annuaire,,Actif,2026-06-29T00:15:34.295796,moyenne
BJ-2A94984C,Restaurant Nouveau,Restauration & Hôtellerie,Cobly,+229 79 11 41 11,,,Grande (>200),B2C,CCIB Annuaire,,Actif,2026-06-29T00:15:34.295806,basse
BJ-A702BFFB,Grand,Restauration & Hôtellerie,Cobly,+229 43 52 42 60,,,TPE (<10),B2C,CCIB Annuaire,,Actif,2026-06-29T00:15:34.295817,basse
BJ-CCC4D4E2,Restaurant Village,Restauration & Hôtellerie,Cobly,+229 36 39 34 91,restaurant.village@restaurant.village.benin,,TPE (<10),B2C,CCIB Annuaire,,Actif,2026-06-29T00:15:34.295827,moyenne
BJ-7F9E3D1C,Hôtel Grand International,Restauration & Hôtellerie,Tanguiéta,+229 70 35 40 78,,hôtelgrandinternational.bj,TPE (<10),B2C,CCIB Annuaire,,Actif,2026-06-29T00:15:34.295844,moyenne
BJ-3B6D9B1B,Pension Plage International,Restauration & Hôtellerie,Tanguiéta,+229 82 82 17 75,,,TPE (<10),B2C,CCIB Annuaire,,Actif,2026-06-29T00:15:34.295855,basse
BJ-869156DF,Goût,Restauration & Hôtellerie,Tanguiéta,+229 67 45 71 58,,goût.bj,PME (10-50),B2C,CCIB Annuaire,,Actif,2026-06-29T00:15:34.295866,moyenne
BJ-6471CE26,Ambiance,Restauration & Hôtellerie,Tanguiéta,+229 34 67 45 61,ambiance@ambiance.com,ambiance.bj,PME (50-200),B2C,CCIB Annuaire,,Actif,2026-06-29T00:15:34.295877,haute
BJ-89AD6155,Mer Hotel,Restauration & Hôtellerie,Tanguiéta,+229 30 17 37 64,mer.hotel@mer.hotel.benin,merhotel.bj,PME (10-50),B2C,CCIB Annuaire,,Actif,2026-06-29T00:15:34.295897,haute
BJ-1A560579,Bar Table Palace,Restauration & Hôtellerie,Matéri,+229 25 80 51 73,,bartablepalace.bj,PME (10-50),B2C,CCIB Annuaire,,Actif,2026-06-29T00:15:34.295947,moyenne
BJ-8E48A7FC,Lac,Restauration & Hôtellerie,Matéri,+229 34 59 70 84,lac@lac.bj,lac.bj,TPE (<10),B2C,CCIB Annuaire,,Actif,2026-06-29T00:15:34.295966,haute
BJ-C55179CE,Nouveau Café,Restauration & Hôtellerie,Matéri,+229 91 87 90 85,nouveau.café@nouveau.café.com,nouveaucafé.bj,PME (50-200),B2C,CCIB Annuaire,,Actif,2026-06-29T00:15:34.295979,haute
BJ-876E21F6,Restaurant Mer,Restauration & Hôtellerie,Matéri,+229 54 79 74 16,,restaurantmer.bj,PME (10-50),B2C,CCIB Annuaire,,Actif,2026-06-29T00:15:34.296001,moyenne
BJ-5C23DDED,Auberge Nouveau Natitingou,Restauration & Hôtellerie,Natitingou,+229 32 77 86 34,,aubergenouveaunatitingou.bj,TPE (<10),B2C,CCIB Annuaire,,Actif,2026-06-29T00:15:34.296030,moyenne
BJ-AD6451AC,Bar Royal International,Restauration & Hôtellerie,Natitingou,+229 43 62 42 85,bar.royal.international@bar.royal.international.bj,barroyalinternational.bj,PME (50-200),B2C,CCIB Annuaire,,Actif,2026-06-29T00:15:34.296052,haute
BJ-73EC2B32,Hôtel Lac,Restauration & Hôtellerie,Toucountouna,+229 47 39 34 15,hôtel.lac@hôtel.lac.benin,hôtellac.bj,PME (10-50),B2C,CCIB Annuaire,,Actif,2026-06-29T00:15:34.296098,haute
BJ-82654BBB,Brasserie Mer,Restauration & Hôtellerie,Toucountouna,+229 59 77 94 63,brasserie.mer@brasserie.mer.org,brasseriemer.bj,TPE (<10),B2C,CCIB Annuaire,,Actif,2026-06-29T00:15:34.296116,haute
BJ-C10CCA16,Café Goût Toucountouna,Restauration & Hôtellerie,Toucountouna,+229 74 39 17 81,café.goût.toucountouna@café.goût.toucountouna.benin,,TPE (<10),B2C,CCIB Annuaire,,Actif,2026-06-29T00:15:34.296129,moyenne
BJ-F8B94F54,Détente Palace,Restauration & Hôtellerie,Toucountouna,+229 87 92 39 43,,,PME (50-200),B2C,CCIB Annuaire,,Actif,2026-06-29T00:15:34.296139,basse
BJ-20F6AA6C,Restaurant Jardin,Restauration & Hôtellerie,Boukoumbé,+229 40 38 68 34,,,PME (50-200),B2C,CCIB Annuaire,,Actif,2026-06-29T00:15:34.296166,basse
BJ-01B75597,Jardin Inn,Restauration & Hôtellerie,Boukoumbé,+229 65 10 45 50,,jardininn.bj,PME (50-200),B2C,CCIB Annuaire,,Actif,2026-06-29T00:15:34.296177,moyenne
BJ-F545E70E,Bar Goût,Restauration & Hôtellerie,Boukoumbé,+229 33 43 78 60,bar.goût@bar.goût.benin,bargoût.bj,TPE (<10),B2C,CCIB Annuaire,,Actif,2026-06-29T00:15:34.296189,haute
BJ-17FFAC44,Gourmet Restaurant Boukoumbé,Restauration & Hôtellerie,Boukoumbé,+229 60 61 18 73,gourmet.restaurant.boukoumbé@gourmet.restaurant.boukoumbé.net,gourmetrestaurantboukoumbé.bj,TPE (<10),B2C,CCIB Annuaire,,Actif,2026-06-29T00:15:34.296207,haute
BJ-383AD922,Bar Grand Café,Restauration & Hôtellerie,Boukoumbé,+229 94 59 64 85,bar.grand.café@bar.grand.café.bj,bargrandcafé.bj,PME (50-200),B2C,CCIB Annuaire,,Actif,2026-06-29T00:15:34.296219,haute
BJ-010175E4,Café Détente,Restauration & Hôtellerie,Kouandé,+229 89 43 19 31,café.détente@café.détente.bj,,TPE (<10),B2C,CCIB Annuaire,,Actif,2026-06-29T00:15:34.296236,moyenne
BJ-9A8F1DF9,Café Gourmet,Restauration & Hôtellerie,Kouandé,+229 34 43 25 63,café.gourmet@café.gourmet.bj,cafégourmet.bj,TPE (<10),B2C,CCIB Annuaire,,Actif,2026-06-29T00:15:34.296251,haute
BJ-C1B755E7,Café Royal Kouandé,Restauration & Hôtellerie,Kouandé,+229 42 97 85 50,,caféroyalkouandé.bj,PME (10-50),B2C,CCIB Annuaire,,Actif,2026-06-29T00:15:34.296275,moyenne
BJ-17C08094,Pension Ambiance Café Kouandé,Restauration & Hôtellerie,Kouandé,+229 70 17 81 73,pension.ambiance.café.kouandé@pension.ambiance.café.kouandé.com,pensionambiancecafékouandé.bj,PME (10-50),B2C,CCIB Annuaire,,Actif,2026-06-29T00:15:34.296288,haute
BJ-173F4B57,Pension Royal,Restauration & Hôtellerie,Péhunco,+229 67 40 54 14,,pensionroyal.bj,PME (10-50),B2C,CCIB Annuaire,,Actif,2026-06-29T00:15:34.296304,moyenne
BJ-116156B7,Auberge Jardin,Restauration & Hôtellerie,Péhunco,+229 68 45 85 11,auberge.jardin@auberge.jardin.net,aubergejardin.bj,TPE (<10),B2C,CCIB Annuaire,,Actif,2026-06-29T00:15:34.296315,haute
BJ-D8B9052A,Gourmet Hotel,Restauration & Hôtellerie,Péhunco,+229 77 36 76 37,,,TPE (<10),B2C,CCIB Annuaire,,Actif,2026-06-29T00:15:34.296325,basse
BJ-FA3F7405,Restaurant Goût,Restauration & Hôtellerie,Péhunco,+229 56 24 88 56,,,PME (50-200),B2C,CCIB Annuaire,,Actif,2026-06-29T00:15:34.296335,basse
BJ-B8045581,Nouveau International,Restauration & Hôtellerie,Péhunco,+229 33 37 39 26,,,PME (50-200),B2C,CCIB Annuaire,,Actif,2026-06-29T00:15:34.296345,basse
BJ-BD5AD6C5,Mer,Restauration & Hôtellerie,Tchaourou,+229 91 18 99 55,mer@mer.benin,mer.bj,PME (10-50),B2C,CCIB Annuaire,,Actif,2026-06-29T00:15:34.296361,haute
BJ-3D8A00A6,Pension Saveur Inn,Restauration & Hôtellerie,Tchaourou,+229 88 60 85 11,pension.saveur.inn@pension.saveur.inn.bj,pensionsaveurinn.bj,PME (50-200),B2C,CCIB Annuaire,,Actif,2026-06-29T00:15:34.296387,haute
BJ-345B4186,Hôtel Mer Restaurant,Restauration & Hôtellerie,Tchaourou,+229 85 61 81 14,hôtel.mer.restaurant@hôtel.mer.restaurant.org,hôtelmerrestaurant.bj,PME (10-50),B2C,CCIB Annuaire,,Actif,2026-06-29T00:15:34.296413,haute
BJ-6EDA432E,Brasserie Goût Tchaourou,Restauration & Hôtellerie,Tchaourou,+229 47 91 18 97,brasserie.goût.tchaourou@brasserie.goût.tchaourou.benin,brasseriegoûttchaourou.bj,PME (50-200),B2C,CCIB Annuaire,,Actif,2026-06-29T00:15:34.296443,haute
BJ-99E87A99,Saveur Café,Restauration & Hôtellerie,Nikki,+229 33 45 15 64,saveur.café@saveur.café.org,saveurcafé.bj,PME (10-50),B2C,CCIB Annuaire,,Actif,2026-06-29T00:15:34.296489,haute
BJ-0BE2B42C,Lac Palace,Restauration & Hôtellerie,Nikki,+229 33 28 93 36,,lacpalace.bj,PME (50-200),B2C,CCIB Annuaire,,Actif,2026-06-29T00:15:34.296520,moyenne
BJ-CAB7F2F0,Restaurant Ambiance,Restauration & Hôtellerie,Nikki,+229 68 45 39 35,,,PME (10-50),B2C,CCIB Annuaire,,Actif,2026-06-29T00:15:34.296561,basse
BJ-B1D0C0FA,Pension Saveur Nikki,Restauration & Hôtellerie,Nikki,+229 89 81 22 50,pension.saveur.nikki@pension.saveur.nikki.org,pensionsaveurnikki.bj,PME (10-50),B2C,CCIB Annuaire,,Actif,2026-06-29T00:15:34.296606,haute
BJ-756B4A68,Pension Plage,Restauration & Hôtellerie,Nikki,+229 75 17 13 73,pension.plage@pension.plage.benin,,TPE (<10),B2C,CCIB Annuaire,,Actif,2026-06-29T00:15:34.296623,moyenne
BJ-8C9CC697,Restaurant Ambiance,Restauration & Hôtellerie,Bembéréké,+229 53 95 67 62,restaurant.ambiance@restaurant.ambiance.net,restaurantambiance.bj,PME (10-50),B2C,CCIB Annuaire,,Actif,2026-06-29T00:15:34.296645,haute
BJ-5610A962,Village Palace,Restauration & Hôtellerie,Bembéréké,+229 52 69 55 45,,,TPE (<10),B2C,CCIB Annuaire,,Actif,2026-06-29T00:15:34.296660,basse
BJ-9CAE0A24,Hôtel Jardin Bénin Bembéréké,Restauration & Hôtellerie,Bembéréké,+229 51 23 54 47,,,PME (50-200),B2C,CCIB Annuaire,,Actif,2026-06-29T00:15:34.296685,basse
BJ-7F481EAD,Ambiance Café,Restauration & Hôtellerie,Kalalé,+229 54 44 34 70,,,PME (50-200),B2C,CCIB Annuaire,,Actif,2026-06-29T00:15:34.296726,basse
BJ-51FA24A2,Mer Brasserie Kalalé,Restauration & Hôtellerie,Kalalé,+229 87 76 84 12,mer.brasserie.kalalé@mer.brasserie.kalalé.org,,Grande (>200),B2C,CCIB Annuaire,,Actif,2026-06-29T00:15:34.296739,moyenne
BJ-3019081B,Gourmet Bénin,Restauration & Hôtellerie,Kalalé,+229 27 13 18 14,gourmet.bénin@gourmet.bénin.benin,gourmetbénin.bj,PME (10-50),B2C,CCIB Annuaire,,Actif,2026-06-29T00:15:34.296751,haute
BJ-9F1446D0,Mer International,Restauration & Hôtellerie,Kalalé,+229 79 76 66 33,mer.international@mer.international.benin,merinternational.bj,PME (50-200),B2C,CCIB Annuaire,,Actif,2026-06-29T00:15:34.296764,haute
BJ-B5B26536,Ambiance Palace,Restauration & Hôtellerie,Kalalé,+229 81 71 40 12,ambiance.palace@ambiance.palace.bj,ambiancepalace.bj,PME (10-50),B2C,CCIB Annuaire,,Actif,2026-06-29T00:15:34.296779,haute
BJ-F31F0B78,Brasserie Saveur Brasserie,Restauration & Hôtellerie,Ndali,+229 67 15 50 26,brasserie.saveur.brasserie@brasserie.saveur.brasserie.org,brasseriesaveurbrasserie.bj,TPE (<10),B2C,CCIB Annuaire,,Actif,2026-06-29T00:15:34.296797,haute
BJ-B25A3D69,Restaurant Mer Inn,Restauration & Hôtellerie,Ndali,+229 75 41 54 40,,,TPE (<10),B2C,CCIB Annuaire,,Actif,2026-06-29T00:15:34.296811,basse
BJ-F65B8E20,Gourmet Café,Restauration & Hôtellerie,Ndali,+229 23 65 27 83,gourmet.café@gourmet.café.net,,TPE (<10),B2C,CCIB Annuaire,,Actif,2026-06-29T00:15:34.296823,moyenne
BJ-FE8DB7BB,Hôtel Table Brasserie Ndali,Restauration & Hôtellerie,Ndali,+229 89 78 53 66,,hôteltablebrasseriendali.bj,PME (10-50),B2C,CCIB Annuaire,,Actif,2026-06-29T00:15:34.296835,moyenne
BJ-57331FDC,Lac Brasserie,Restauration & Hôtellerie,Ndali,+229 29 43 49 20,,,Grande (>200),B2C,CCIB Annuaire,,Actif,2026-06-29T00:15:34.296845,basse
BJ-9B19D246,Restaurant Plage Bénin,Restauration & Hôtellerie,Ségbana,+229 99 41 22 56,,,PME (10-50),B2C,CCIB Annuaire,,Actif,2026-06-29T00:15:34.296861,basse
BJ-F2BA55E4,Brasserie Gourmet Palace,Restauration & Hôtellerie,Ségbana,+229 51 64 93 96,,,PME (10-50),B2C,CCIB Annuaire,,Actif,2026-06-29T00:15:34.296900,basse
BJ-873DF8D5,Restaurant Plage,Restauration & Hôtellerie,Ségbana,+229 74 62 93 37,,,PME (50-200),B2C,CCIB Annuaire,,Actif,2026-06-29T00:15:34.296926,basse
BJ-E6B9782E,Ambiance,Restauration & Hôtellerie,Ségbana,+229 22 28 15 63,ambiance@ambiance.bj,,TPE (<10),B2C,CCIB Annuaire,,Actif,2026-06-29T00:15:34.296953,moyenne
BJ-3A65CCA4,Village International Tchaourou,Restauration & Hôtellerie,Tchaourou,+229 72 20 23 49,village.international.tchaourou@village.international.tchaourou.org,villageinternationaltchaourou.bj,TPE (<10),B2C,CCIB Annuaire,,Actif,2026-06-29T00:15:34.296978,haute
BJ-075C9BAA,Pension Détente Bénin,Restauration & Hôtellerie,Tchaourou,+229 94 76 36 94,,,TPE (<10),B2C,CCIB Annuaire,,Actif,2026-06-29T00:15:34.296992,basse
BJ-5D759FCE,Auberge Gourmet Tchaourou,Restauration & Hôtellerie,Tchaourou,+229 41 66 16 85,,,TPE (<10),B2C,CCIB Annuaire,,Actif,2026-06-29T00:15:34.297015,basse
BJ-6C03D644,Plage Brasserie,Restauration & Hôtellerie,Tchaourou,+229 76 11 84 10,,,PME (50-200),B2C,CCIB Annuaire,,Actif,2026-06-29T00:15:34.297025,basse
BJ-5CC39F7A,Goût Restaurant,Restauration & Hôtellerie,Bétérou,+229 47 84 33 84,goût.restaurant@goût.restaurant.bj,,Grande (>200),B2C,CCIB Annuaire,,Actif,2026-06-29T00:15:34.297043,moyenne
BJ-FFB8FFB7,Pension Village Brasserie,Restauration & Hôtellerie,Bétérou,+229 95 64 50 10,pension.village.brasserie@pension.village.brasserie.benin,,PME (10-50),B2C,CCIB Annuaire,,Actif,2026-06-29T00:15:34.297057,moyenne
BJ-63D17F72,Auberge Village Inn,Restauration & Hôtellerie,Bétérou,+229 46 28 64 96,auberge.village.inn@auberge.village.inn.com,aubergevillageinn.bj,PME (10-50),B2C,CCIB Annuaire,,Actif,2026-06-29T00:15:34.297070,haute
BJ-89C499E1,Goût,Restauration & Hôtellerie,Bétérou,+229 98 95 74 37,goût@goût.bj,goût.bj,Grande (>200),B2C,CCIB Annuaire,,Actif,2026-06-29T00:15:34.297082,haute
BJ-9D911BCE,Saveur,Restauration & Hôtellerie,Bétérou,+229 23 75 18 52,saveur@saveur.com,saveur.bj,TPE (<10),B2C,CCIB Annuaire,,Actif,2026-06-29T00:15:34.297094,haute
BJ-A8BEF40D,Pension Royal Brasserie Ouessè,Restauration & Hôtellerie,Ouessè,+229 43 16 34 84,,,TPE (<10),B2C,CCIB Annuaire,,Actif,2026-06-29T00:15:34.297110,basse
BJ-3B5C675C,Pension Village,Restauration & Hôtellerie,Ouessè,+229 60 89 13 19,pension.village@pension.village.net,,PME (50-200),B2C,CCIB Annuaire,,Actif,2026-06-29T00:15:34.297124,moyenne
BJ-B46B5468,Pension Mer,Restauration & Hôtellerie,Ouessè,+229 54 40 17 39,pension.mer@pension.mer.net,pensionmer.bj,TPE (<10),B2C,CCIB Annuaire,,Actif,2026-06-29T00:15:34.297136,haute
BJ-EEE27224,Village Brasserie,Restauration & Hôtellerie,Ouessè,+229 29 77 65 73,village.brasserie@village.brasserie.com,villagebrasserie.bj,TPE (<10),B2C,CCIB Annuaire,,Actif,2026-06-29T00:15:34.297147,haute
BJ-CA665450,Gourmet Restaurant,Restauration & Hôtellerie,Ouessè,+229 74 60 51 26,,gourmetrestaurant.bj,TPE (<10),B2C,CCIB Annuaire,,Actif,2026-06-29T00:15:34.297157,moyenne
BJ-66C74866,Restaurant Détente Brasserie,Restauration & Hôtellerie,Glazoué,+229 92 14 16 12,,restaurantdétentebrasserie.bj,TPE (<10),B2C,CCIB Annuaire,,Actif,2026-06-29T00:15:34.297175,moyenne
BJ-AC549C8B,Grand International,Restauration & Hôtellerie,Glazoué,+229 57 97 13 86,,grandinternational.bj,PME (10-50),B2C,CCIB Annuaire,,Actif,2026-06-29T00:15:34.297186,moyenne
BJ-EBBEB1B0,Plage Inn,Restauration & Hôtellerie,Glazoué,+229 37 21 23 16,,plageinn.bj,Grande (>200),B2C,CCIB Annuaire,,Actif,2026-06-29T00:15:34.297196,moyenne
BJ-9E6E37EC,Auberge Palace International Glazoué,Restauration & Hôtellerie,Glazoué,+229 57 36 68 50,auberge.palace.international.glazoué@auberge.palace.international.glazoué.bj,aubergepalaceinternationalglazoué.bj,PME (50-200),B2C,CCIB Annuaire,,Actif,2026-06-29T00:15:34.297210,haute
BJ-D29EDF3D,Palace,Restauration & Hôtellerie,Dassa-Zoumè,+229 49 58 44 21,palace@palace.bj,palace.bj,PME (10-50),B2C,CCIB Annuaire,,Actif,2026-06-29T00:15:34.297264,haute
BJ-19102E14,Mer Café Dassa-Zoumè,Restauration & Hôtellerie,Dassa-Zoumè,+229 39 32 39 76,,,PME (50-200),B2C,CCIB Annuaire,,Actif,2026-06-29T00:15:34.297275,basse
BJ-48E9E948,Royal,Restauration & Hôtellerie,Savalou,+229 89 69 56 43,royal@royal.com,royal.bj,TPE (<10),B2C,CCIB Annuaire,,Actif,2026-06-29T00:15:34.297303,haute
BJ-FC61396E,Grand International,Restauration & Hôtellerie,Savalou,+229 98 70 26 27,grand.international@grand.international.com,grandinternational.bj,Grande (>200),B2C,CCIB Annuaire,,Actif,2026-06-29T00:15:34.297315,haute
BJ-F96BB45C,Brasserie Saveur,Restauration & Hôtellerie,Savalou,+229 39 12 67 72,brasserie.saveur@brasserie.saveur.bj,brasseriesaveur.bj,TPE (<10),B2C,CCIB Annuaire,,Actif,2026-06-29T00:15:34.297326,haute
BJ-DC0BE810,Hôtel Nouveau Savalou,Restauration & Hôtellerie,Savalou,+229 52 28 25 18,,hôtelnouveausavalou.bj,TPE (<10),B2C,CCIB Annuaire,,Actif,2026-06-29T00:15:34.297337,moyenne
BJ-C01B97BA,Brasserie Table Café,Restauration & Hôtellerie,Savalou,+229 40 38 30 65,brasserie.table.café@brasserie.table.café.net,brasserietablecafé.bj,TPE (<10),B2C,CCIB Annuaire,,Actif,2026-06-29T00:15:34.297349,haute
BJ-FEC03401,Table Café Bantè,Restauration & Hôtellerie,Bantè,+229 31 62 42 23,table.café.bantè@table.café.bantè.org,,TPE (<10),B2C,CCIB Annuaire,,Actif,2026-06-29T00:15:34.297369,moyenne
BJ-63FA851B,Lac Restaurant,Restauration & Hôtellerie,Bantè,+229 75 12 17 90,lac.restaurant@lac.restaurant.bj,lacrestaurant.bj,TPE (<10),B2C,CCIB Annuaire,,Actif,2026-06-29T00:15:34.297384,haute
BJ-24CEE025,Café Jardin,Restauration & Hôtellerie,Bantè,+229 67 27 10 15,café.jardin@café.jardin.benin,,TPE (<10),B2C,CCIB Annuaire,,Actif,2026-06-29T00:15:34.297396,moyenne
BJ-D570D2F2,Mer Brasserie,Restauration & Hôtellerie,Bantè,+229 87 29 42 59,mer.brasserie@mer.brasserie.net,,PME (10-50),B2C,CCIB Annuaire,,Actif,2026-06-29T00:15:34.297407,moyenne
BJ-E8698B45,Jardin Bantè,Restauration & Hôtellerie,Bantè,+229 36 26 82 79,jardin.bantè@jardin.bantè.com,jardinbantè.bj,TPE (<10),B2C,CCIB Annuaire,,Actif,2026-06-29T00:15:34.297419,haute
BJ-B05E4C1E,Lac Palace,Restauration & Hôtellerie,Djougou,+229 48 87 92 87,,lacpalace.bj,TPE (<10),B2C,CCIB Annuaire,,Actif,2026-06-29T00:15:34.297439,moyenne
BJ-63DC1A6E,Pension Goût,Restauration & Hôtellerie,Djougou,+229 40 99 22 97,pension.goût@pension.goût.benin,pensiongoût.bj,PME (50-200),B2C,CCIB Annuaire,,Actif,2026-06-29T00:15:34.297451,haute
BJ-9F4C1914,Gourmet Restaurant,Restauration & Hôtellerie,Djougou,+229 36 21 86 53,,gourmetrestaurant.bj,TPE (<10),B2C,CCIB Annuaire,,Actif,2026-06-29T00:15:34.297462,moyenne
BJ-9D240AA8,Café Ambiance International Djougou,Restauration & Hôtellerie,Djougou,+229 49 42 14 76,café.ambiance.international.djougou@café.ambiance.international.djougou.bj,,PME (50-200),B2C,CCIB Annuaire,,Actif,2026-06-29T00:15:34.297475,moyenne
BJ-66EA6FE2,Gourmet Café,Restauration & Hôtellerie,Ouèssè,+229 97 31 66 96,gourmet.café@gourmet.café.bj,gourmetcafé.bj,Grande (>200),B2C,CCIB Annuaire,,Actif,2026-06-29T00:15:34.297507,haute
BJ-FDC7CD50,Brasserie Grand Ouèssè,Restauration & Hôtellerie,Ouèssè,+229 85 52 54 29,,brasseriegrandouèssè.bj,PME (10-50),B2C,CCIB Annuaire,,Actif,2026-06-29T00:15:34.297519,moyenne
BJ-8074B7AB,Palace Brasserie,Restauration & Hôtellerie,Ouèssè,+229 99 42 58 33,,palacebrasserie.bj,TPE (<10),B2C,CCIB Annuaire,,Actif,2026-06-29T00:15:34.297531,moyenne
BJ-CF6D14F2,Mer International,Restauration & Hôtellerie,Ouèssè,+229 32 85 25 92,mer.international@mer.international.bj,merinternational.bj,TPE (<10),B2C,CCIB Annuaire,,Actif,2026-06-29T00:15:34.297543,haute
BJ-605B4F17,Mer Café,Restauration & Hôtellerie,Ouèssè,+229 73 57 69 53,mer.café@mer.café.net,mercafé.bj,PME (10-50),B2C,CCIB Annuaire,,Actif,2026-06-29T00:15:34.297555,haute
BJ-A6D54A70,Bar Palace Bassila,Restauration & Hôtellerie,Bassila,+229 76 38 21 48,,barpalacebassila.bj,PME (50-200),B2C,CCIB Annuaire,,Actif,2026-06-29T00:15:34.297571,moyenne
BJ-8CE2939D,Hôtel Grand,Restauration & Hôtellerie,Bassila,+229 30 20 48 60,,,PME (10-50),B2C,CCIB Annuaire,,Actif,2026-06-29T00:15:34.297591,basse
BJ-C3E7935E,Bar Goût Bénin,Restauration & Hôtellerie,Bassila,+229 31 73 37 74,,bargoûtbénin.bj,PME (10-50),B2C,CCIB Annuaire,,Actif,2026-06-29T00:15:34.297603,moyenne
BJ-971759E5,Village Café,Restauration & Hôtellerie,Bassila,+229 63 57 45 68,,,PME (50-200),B2C,CCIB Annuaire,,Actif,2026-06-29T00:15:34.297613,basse
BJ-75C8EF26,Bar Table Hotel,Restauration & Hôtellerie,Pehunco,+229 51 37 42 76,,bartablehotel.bj,PME (10-50),B2C,CCIB Annuaire,,Actif,2026-06-29T00:15:34.297628,moyenne
BJ-958FA625,Grand Bénin,Restauration & Hôtellerie,Pehunco,+229 25 64 51 31,grand.bénin@grand.bénin.com,,PME (50-200),B2C,CCIB Annuaire,,Actif,2026-06-29T00:15:34.297646,moyenne
BJ-0CEF2D18,Détente Hotel Pehunco,Restauration & Hôtellerie,Pehunco,+229 91 88 81 33,détente.hotel.pehunco@détente.hotel.pehunco.org,détentehotelpehunco.bj,TPE (<10),B2C,CCIB Annuaire,,Actif,2026-06-29T00:15:34.297676,haute
BJ-327407E0,Jardin Brasserie,Restauration & Hôtellerie,Pehunco,+229 86 71 61 65,,jardinbrasserie.bj,TPE (<10),B2C,CCIB Annuaire,,Actif,2026-06-29T00:15:34.297687,moyenne
BJ-01AE71AF,Bar Plage International,Restauration & Hôtellerie,Copargo,+229 20 39 20 32,bar.plage.international@bar.plage.international.org,,PME (10-50),B2C,CCIB Annuaire,,Actif,2026-06-29T00:15:34.297704,moyenne
BJ-15BB7591,Bar Goût,Restauration & Hôtellerie,Copargo,+229 34 73 46 60,,bargoût.bj,PME (10-50),B2C,CCIB Annuaire,,Actif,2026-06-29T00:15:34.297729,moyenne
BJ-D1C239C3,Auberge Palace Restaurant,Restauration & Hôtellerie,Copargo,+229 99 59 45 78,,,PME (50-200),B2C,CCIB Annuaire,,Actif,2026-06-29T00:15:34.297739,basse
BJ-EFEB336F,Restaurant Table,Restauration & Hôtellerie,Copargo,+229 74 70 31 66,,,TPE (<10),B2C,CCIB Annuaire,,Actif,2026-06-29T00:15:34.297749,basse
BJ-DA733B49,Hôpital Médicament,Santé & Pharmacie,Cotonou,+229 34 29 85 31,hôpital.médicament@hôpital.médicament.org,,PME (10-50),B2C,CCIB Annuaire,,Actif,2026-06-29T00:15:34.297767,moyenne
BJ-8CC4DCE4,Royal Cotonou,Santé & Pharmacie,Cotonou,+229 43 92 47 20,royal.cotonou@royal.cotonou.bj,royalcotonou.bj,TPE (<10),B2B,CCIB Annuaire,,Actif,2026-06-29T00:15:34.297782,haute
BJ-6F7FF38F,Centre Guérison Cotonou,Santé & Pharmacie,Cotonou,+229 52 11 22 72,centre.guérison.cotonou@centre.guérison.cotonou.net,,PME (50-200),B2B,CCIB Annuaire,,Actif,2026-06-29T00:15:34.297795,moyenne
BJ-7159234A,Hôpital Royal Pharmacie,Santé & Pharmacie,Cotonou,+229 65 44 45 53,,hôpitalroyalpharmacie.bj,PME (10-50),B2B,CCIB Annuaire,,Actif,2026-06-29T00:15:34.297806,moyenne
BJ-738595C1,Clinique Royal,Santé & Pharmacie,Cotonou,+229 60 57 81 89,clinique.royal@clinique.royal.benin,cliniqueroyal.bj,Grande (>200),B2C,CCIB Annuaire,,Actif,2026-06-29T00:15:34.297818,haute
BJ-31C7C9C8,Soins,Santé & Pharmacie,Abomey-Calavi,+229 39 93 79 85,soins@soins.benin,,PME (50-200),B2C,CCIB Annuaire,,Actif,2026-06-29T00:15:34.297835,moyenne
BJ-DB0DCDC0,Pharma Centre,Santé & Pharmacie,Abomey-Calavi,+229 24 67 60 22,,pharmacentre.bj,TPE (<10),B2B,CCIB Annuaire,,Actif,2026-06-29T00:15:34.297845,moyenne
BJ-23E3AA43,Vie Abomey-Calavi,Santé & Pharmacie,Abomey-Calavi,+229 62 38 12 69,vie.abomeycalavi@vie.abomeycalavi.org,vieabomeycalavi.bj,PME (10-50),B2B,CCIB Annuaire,,Actif,2026-06-29T00:15:34.297860,haute
BJ-CF3ED67C,Clinique Vie Centre,Santé & Pharmacie,Abomey-Calavi,+229 37 15 79 78,,cliniqueviecentre.bj,PME (50-200),B2C,CCIB Annuaire,,Actif,2026-06-29T00:15:34.297871,moyenne
BJ-F1C69CE1,Laboratoire Urgence Cabinet,Santé & Pharmacie,Porto-Novo,+229 40 98 92 66,laboratoire.urgence.cabinet@laboratoire.urgence.cabinet.benin,laboratoireurgencecabinet.bj,TPE (<10),B2C,CCIB Annuaire,,Actif,2026-06-29T00:15:34.297955,haute
BJ-A69776E0,Centre Saint Medical,Santé & Pharmacie,Porto-Novo,+229 89 64 98 29,,,TPE (<10),B2B,CCIB Annuaire,,Actif,2026-06-29T00:15:34.297984,basse
BJ-82325DE1,Clinique Santé Clinique,Santé & Pharmacie,Porto-Novo,+229 56 13 49 44,clinique.santé.clinique@clinique.santé.clinique.net,cliniquesantéclinique.bj,PME (50-200),B2C,CCIB Annuaire,,Actif,2026-06-29T00:15:34.298026,haute
BJ-82909662,Laboratoire Médicament,Santé & Pharmacie,Porto-Novo,+229 21 28 82 28,laboratoire.médicament@laboratoire.médicament.com,laboratoiremédicament.bj,PME (10-50),B2B,CCIB Annuaire,,Actif,2026-06-29T00:15:34.298057,haute
BJ-98717FB9,Cabinet Soins International,Santé & Pharmacie,Porto-Novo,+229 74 85 89 20,cabinet.soins.international@cabinet.soins.international.bj,cabinetsoinsinternational.bj,PME (10-50),B2C,CCIB Annuaire,,Actif,2026-06-29T00:15:34.298099,haute
BJ-EC458057,Laboratoire Vie,Santé & Pharmacie,Parakou,+229 71 31 35 72,laboratoire.vie@laboratoire.vie.bj,,PME (10-50),B2B,CCIB Annuaire,,Actif,2026-06-29T00:15:34.298137,moyenne
BJ-32ADC435,Pharma Bénin,Santé & Pharmacie,Parakou,+229 79 20 87 88,pharma.bénin@pharma.bénin.net,pharmabénin.bj,TPE (<10),B2B,CCIB Annuaire,,Actif,2026-06-29T00:15:34.298180,haute
BJ-8290663C,Urgence,Santé & Pharmacie,Parakou,+229 28 66 15 74,urgence@urgence.benin,urgence.bj,PME (50-200),B2C,CCIB Annuaire,,Actif,2026-06-29T00:15:34.298193,haute
BJ-B4C4B1E0,Hôpital Central,Santé & Pharmacie,Parakou,+229 72 98 85 79,hôpital.central@hôpital.central.bj,hôpitalcentral.bj,TPE (<10),B2B,CCIB Annuaire,,Actif,2026-06-29T00:15:34.298207,haute
BJ-F6D9BCE4,Médicament Pharmacie,Santé & Pharmacie,Bohicon,+229 21 39 58 95,médicament.pharmacie@médicament.pharmacie.bj,,Grande (>200),B2B,CCIB Annuaire,,Actif,2026-06-29T00:15:34.298235,moyenne
BJ-E18E4A62,Cabinet Royal Bohicon,Santé & Pharmacie,Bohicon,+229 53 57 41 16,cabinet.royal.bohicon@cabinet.royal.bohicon.com,cabinetroyalbohicon.bj,Grande (>200),B2B,CCIB Annuaire,,Actif,2026-06-29T00:15:34.298274,haute
BJ-BE157F17,Pharmacie Bien-être,Santé & Pharmacie,Bohicon,+229 55 34 28 91,,,TPE (<10),B2B,CCIB Annuaire,,Actif,2026-06-29T00:15:34.298299,basse
BJ-ADC645AC,Bien-être Centre,Santé & Pharmacie,Bohicon,+229 76 51 23 29,bienêtre.centre@bienêtre.centre.bj,,TPE (<10),B2B,CCIB Annuaire,,Actif,2026-06-29T00:15:34.298365,moyenne
BJ-FF19728E,Cabinet Soins,Santé & Pharmacie,Natitingou,+229 53 31 71 90,cabinet.soins@cabinet.soins.com,,PME (50-200),B2C,CCIB Annuaire,,Actif,2026-06-29T00:15:34.298428,moyenne
BJ-6433AC68,Central International Natitingou,Santé & Pharmacie,Natitingou,+229 56 29 13 91,central.international.natitingou@central.international.natitingou.org,,PME (10-50),B2C,CCIB Annuaire,,Actif,2026-06-29T00:15:34.298454,moyenne
BJ-0D6E0E77,Pharmacie Saint,Santé & Pharmacie,Natitingou,+229 70 25 63 29,pharmacie.saint@pharmacie.saint.net,,PME (10-50),B2B,CCIB Annuaire,,Actif,2026-06-29T00:15:34.298505,moyenne
BJ-9C286175,Pharma Hôpital,Santé & Pharmacie,Lokossa,+229 60 31 64 71,pharma.hôpital@pharma.hôpital.bj,pharmahôpital.bj,PME (10-50),B2C,CCIB Annuaire,,Actif,2026-06-29T00:15:34.298542,haute
BJ-BBB54221,Central Lokossa,Santé & Pharmacie,Lokossa,+229 24 71 27 48,central.lokossa@central.lokossa.com,,TPE (<10),B2B,CCIB Annuaire,,Actif,2026-06-29T00:15:34.298575,moyenne
BJ-74C6E318,Cabinet Urgence Cabinet,Santé & Pharmacie,Lokossa,+229 81 42 67 53,cabinet.urgence.cabinet@cabinet.urgence.cabinet.bj,cabineturgencecabinet.bj,PME (10-50),B2B,CCIB Annuaire,,Actif,2026-06-29T00:15:34.298604,haute
BJ-10ABDC53,Hôpital Médicament,Santé & Pharmacie,Lokossa,+229 41 25 82 91,hôpital.médicament@hôpital.médicament.com,hôpitalmédicament.bj,TPE (<10),B2B,CCIB Annuaire,,Actif,2026-06-29T00:15:34.298627,haute
BJ-EBE4EDAD,Santé International,Santé & Pharmacie,Lokossa,+229 90 68 97 87,,,PME (50-200),B2C,CCIB Annuaire,,Actif,2026-06-29T00:15:34.298647,basse
BJ-1441B6BC,Central,Santé & Pharmacie,Ouidah,+229 77 69 25 99,central@central.benin,central.bj,TPE (<10),B2C,CCIB Annuaire,,Actif,2026-06-29T00:15:34.298693,haute
BJ-FD4B3ECB,Laboratoire Guérison Pharmacie,Santé & Pharmacie,Ouidah,+229 35 25 45 20,laboratoire.guérison.pharmacie@laboratoire.guérison.pharmacie.com,,PME (10-50),B2B,CCIB Annuaire,,Actif,2026-06-29T00:15:34.298722,moyenne
BJ-E6DD576E,Pharmacie Urgence Ouidah,Santé & Pharmacie,Ouidah,+229 44 41 62 74,pharmacie.urgence.ouidah@pharmacie.urgence.ouidah.org,,PME (50-200),B2B,CCIB Annuaire,,Actif,2026-06-29T00:15:34.298744,moyenne
BJ-97DF10BE,Soins Clinique,Santé & Pharmacie,Ouidah,+229 98 74 88 98,soins.clinique@soins.clinique.net,,TPE (<10),B2C,CCIB Annuaire,,Actif,2026-06-29T00:15:34.298772,moyenne
BJ-B8841A48,Cabinet Saint Medical,Santé & Pharmacie,Ouidah,+229 48 56 56 58,cabinet.saint.medical@cabinet.saint.medical.com,,TPE (<10),B2B,CCIB Annuaire,,Actif,2026-06-29T00:15:34.298798,moyenne
BJ-5ACC7C10,Central Hôpital,Santé & Pharmacie,Savalou,+229 34 80 34 85,central.hôpital@central.hôpital.org,,TPE (<10),B2B,CCIB Annuaire,,Actif,2026-06-29T00:15:34.298850,moyenne
BJ-26053CEE,Pharma Medical Savalou,Santé & Pharmacie,Savalou,+229 60 45 81 53,pharma.medical.savalou@pharma.medical.savalou.benin,pharmamedicalsavalou.bj,PME (10-50),B2B,CCIB Annuaire,,Actif,2026-06-29T00:15:34.298901,haute
BJ-76CCFF07,Vie Centre Savalou,Santé & Pharmacie,Savalou,+229 21 10 77 97,,viecentresavalou.bj,PME (10-50),B2B,CCIB Annuaire,,Actif,2026-06-29T00:15:34.298918,moyenne
BJ-28323033,Emergency Centre,Santé & Pharmacie,Savalou,+229 33 54 73 66,emergency.centre@emergency.centre.bj,,PME (10-50),B2C,CCIB Annuaire,,Actif,2026-06-29T00:15:34.298932,moyenne
BJ-703FEB2C,Clinique Emergency Cabinet,Santé & Pharmacie,Dassa-Zoumè,+229 50 43 45 83,clinique.emergency.cabinet@clinique.emergency.cabinet.benin,,TPE (<10),B2C,CCIB Annuaire,,Actif,2026-06-29T00:15:34.298999,moyenne
BJ-083866BF,Cabinet Santé Bénin,Santé & Pharmacie,Dassa-Zoumè,+229 67 62 58 21,cabinet.santé.bénin@cabinet.santé.bénin.org,cabinetsantébénin.bj,TPE (<10),B2B,CCIB Annuaire,,Actif,2026-06-29T00:15:34.299026,haute
BJ-62F63E61,Hôpital Santé,Santé & Pharmacie,Dassa-Zoumè,+229 97 32 59 55,hôpital.santé@hôpital.santé.net,hôpitalsanté.bj,TPE (<10),B2C,CCIB Annuaire,,Actif,2026-06-29T00:15:34.299054,haute
BJ-1781A8D6,Emergency,Santé & Pharmacie,Dassa-Zoumè,+229 92 65 54 86,emergency@emergency.bj,,PME (10-50),B2C,CCIB Annuaire,,Actif,2026-06-29T00:15:34.299083,moyenne
BJ-8F0E4227,Médical Clinique,Santé & Pharmacie,Kétou,+229 94 98 13 22,,médicalclinique.bj,TPE (<10),B2B,CCIB Annuaire,,Actif,2026-06-29T00:15:34.299149,moyenne
BJ-F8D1E3FA,Urgence Medical,Santé & Pharmacie,Kétou,+229 61 99 72 14,urgence.medical@urgence.medical.com,,TPE (<10),B2B,CCIB Annuaire,,Actif,2026-06-29T00:15:34.299181,moyenne
BJ-7124854D,Pharmacie Vie Kétou,Santé & Pharmacie,Kétou,+229 27 71 67 59,pharmacie.vie.kétou@pharmacie.vie.kétou.net,pharmacieviekétou.bj,TPE (<10),B2B,CCIB Annuaire,,Actif,2026-06-29T00:15:34.299214,haute
BJ-6AF11446,Centre Nouveau,Santé & Pharmacie,Kétou,+229 73 65 88 94,centre.nouveau@centre.nouveau.benin,centrenouveau.bj,PME (10-50),B2B,CCIB Annuaire,,Actif,2026-06-29T00:15:34.299243,haute
BJ-AFB97AC5,Pharmacie Médicament Bénin,Santé & Pharmacie,Covè,+229 92 99 88 57,,,TPE (<10),B2C,CCIB Annuaire,,Actif,2026-06-29T00:15:34.299305,basse
BJ-1E089CA1,Soins Medical Covè,Santé & Pharmacie,Covè,+229 32 69 81 67,soins.medical.covè@soins.medical.covè.org,,PME (10-50),B2B,CCIB Annuaire,,Actif,2026-06-29T00:15:34.299342,moyenne
BJ-82C11757,Sainte Cabinet,Santé & Pharmacie,Covè,+229 41 78 17 79,sainte.cabinet@sainte.cabinet.org,saintecabinet.bj,PME (10-50),B2C,CCIB Annuaire,,Actif,2026-06-29T00:15:34.299366,haute
BJ-CB0E2811,Laboratoire Pharma Hôpital Covè,Santé & Pharmacie,Covè,+229 55 30 38 58,laboratoire.pharma.hôpital.covè@laboratoire.pharma.hôpital.covè.bj,laboratoirepharmahôpitalcovè.bj,Grande (>200),B2B,CCIB Annuaire,,Actif,2026-06-29T00:15:34.299395,haute
BJ-2DC98C2A,Santé Clinique,Santé & Pharmacie,Covè,+229 39 26 89 30,,santéclinique.bj,TPE (<10),B2B,CCIB Annuaire,,Actif,2026-06-29T00:15:34.299421,moyenne
BJ-50EEADA2,Soins Centre,Santé & Pharmacie,Pobè,+229 95 82 91 63,soins.centre@soins.centre.org,soinscentre.bj,PME (50-200),B2C,CCIB Annuaire,,Actif,2026-06-29T00:15:34.299467,haute
BJ-3F3C9188,Centre Royal Bénin Pobè,Santé & Pharmacie,Pobè,+229 42 68 26 77,centre.royal.bénin.pobè@centre.royal.bénin.pobè.com,centreroyalbéninpobè.bj,TPE (<10),B2B,CCIB Annuaire,,Actif,2026-06-29T00:15:34.299504,haute
BJ-28FC264C,Hôpital Guérison,Santé & Pharmacie,Pobè,+229 24 86 95 75,,,PME (10-50),B2B,CCIB Annuaire,,Actif,2026-06-29T00:15:34.299531,basse
BJ-1E3E7E7D,Centre Santé Clinique,Santé & Pharmacie,Pobè,+229 79 75 95 48,centre.santé.clinique@centre.santé.clinique.benin,,PME (50-200),B2B,CCIB Annuaire,,Actif,2026-06-29T00:15:34.299559,moyenne
BJ-DDDF8DCC,Sainte Bénin,Santé & Pharmacie,Pobè,+229 20 72 11 30,,saintebénin.bj,TPE (<10),B2B,CCIB Annuaire,,Actif,2026-06-29T00:15:34.299590,moyenne
BJ-B32FE81B,Centre Urgence Cabinet Sakété,Santé & Pharmacie,Sakété,+229 85 54 37 32,,centreurgencecabinetsakété.bj,TPE (<10),B2C,CCIB Annuaire,,Actif,2026-06-29T00:15:34.299645,moyenne
BJ-51744375,Soins International,Santé & Pharmacie,Sakété,+229 62 49 23 54,soins.international@soins.international.benin,,PME (10-50),B2B,CCIB Annuaire,,Actif,2026-06-29T00:15:34.299671,moyenne
BJ-AF63A608,Laboratoire Soins International,Santé & Pharmacie,Sakété,+229 73 31 96 74,laboratoire.soins.international@laboratoire.soins.international.org,,TPE (<10),B2C,CCIB Annuaire,,Actif,2026-06-29T00:15:34.299691,moyenne
BJ-77B8CEF3,Soins Sakété,Santé & Pharmacie,Sakété,+229 29 35 50 86,soins.sakété@soins.sakété.net,,PME (50-200),B2B,CCIB Annuaire,,Actif,2026-06-29T00:15:34.299712,moyenne
BJ-7F07C7C6,Cabinet Central Hôpital Adjara,Santé & Pharmacie,Adjara,+229 20 96 91 10,cabinet.central.hôpital.adjara@cabinet.central.hôpital.adjara.bj,,Grande (>200),B2B,CCIB Annuaire,,Actif,2026-06-29T00:15:34.299749,moyenne
BJ-3EEDFA8B,Sainte Medical,Santé & Pharmacie,Adjara,+229 94 74 34 49,sainte.medical@sainte.medical.net,saintemedical.bj,PME (10-50),B2C,CCIB Annuaire,,Actif,2026-06-29T00:15:34.299778,haute
BJ-ACB59F2C,Clinique Saint Centre,Santé & Pharmacie,Adjara,+229 91 94 91 57,,cliniquesaintcentre.bj,TPE (<10),B2C,CCIB Annuaire,,Actif,2026-06-29T00:15:34.299805,moyenne
BJ-C828F1B5,Sainte,Santé & Pharmacie,Adjara,+229 97 65 10 59,,sainte.bj,PME (10-50),B2C,CCIB Annuaire,,Actif,2026-06-29T00:15:34.299830,moyenne
BJ-C5746293,Pharmacie Emergency Medical,Santé & Pharmacie,Adjara,+229 32 45 12 62,,pharmacieemergencymedical.bj,PME (10-50),B2C,CCIB Annuaire,,Actif,2026-06-29T00:15:34.299849,moyenne
BJ-C9005B52,Clinique Nouveau International,Santé & Pharmacie,Allada,+229 60 11 45 56,clinique.nouveau.international@clinique.nouveau.international.net,,PME (10-50),B2C,CCIB Annuaire,,Actif,2026-06-29T00:15:34.299882,moyenne
BJ-9FE1798F,Sainte,Santé & Pharmacie,Allada,+229 30 61 39 20,sainte@sainte.com,sainte.bj,TPE (<10),B2C,CCIB Annuaire,,Actif,2026-06-29T00:15:34.299925,haute
BJ-E1F4EECD,Pharmacie Vie Medical,Santé & Pharmacie,Allada,+229 27 28 98 43,pharmacie.vie.medical@pharmacie.vie.medical.bj,pharmacieviemedical.bj,TPE (<10),B2C,CCIB Annuaire,,Actif,2026-06-29T00:15:34.299961,haute
BJ-BE7BD3A8,Hôpital Sainte,Santé & Pharmacie,Allada,+229 66 78 63 75,,,PME (10-50),B2C,CCIB Annuaire,,Actif,2026-06-29T00:15:34.299991,basse
BJ-042D094B,Pharmacie Pharma Cabinet,Santé & Pharmacie,Aplahoué,+229 50 62 34 66,pharmacie.pharma.cabinet@pharmacie.pharma.cabinet.benin,pharmaciepharmacabinet.bj,Grande (>200),B2C,CCIB Annuaire,,Actif,2026-06-29T00:15:34.300057,haute
BJ-4E90F409,Laboratoire Sainte Pharmacie,Santé & Pharmacie,Aplahoué,+229 29 72 34 74,,,TPE (<10),B2C,CCIB Annuaire,,Actif,2026-06-29T00:15:34.300083,basse
BJ-B37539E1,Saint Pharmacie Aplahoué,Santé & Pharmacie,Aplahoué,+229 36 13 35 67,saint.pharmacie.aplahoué@saint.pharmacie.aplahoué.benin,,Grande (>200),B2B,CCIB Annuaire,,Actif,2026-06-29T00:15:34.300111,moyenne
BJ-5CDE6EFF,Hôpital Pharma Aplahoué,Santé & Pharmacie,Aplahoué,+229 88 63 82 56,,,TPE (<10),B2C,CCIB Annuaire,,Actif,2026-06-29T00:15:34.300131,basse
BJ-DFBAEB64,Centre Médical Bénin,Santé & Pharmacie,Aplahoué,+229 42 19 33 44,,centremédicalbénin.bj,PME (50-200),B2C,CCIB Annuaire,,Actif,2026-06-29T00:15:34.300157,moyenne
BJ-B11A3DAC,Santé International Dogbo-Tota,Santé & Pharmacie,Dogbo-Tota,+229 66 84 73 21,santé.international.dogbotota@santé.international.dogbotota.net,santéinternationaldogbotota.bj,Grande (>200),B2B,CCIB Annuaire,,Actif,2026-06-29T00:15:34.300198,haute
BJ-AA9F3F11,Clinique Santé,Santé & Pharmacie,Dogbo-Tota,+229 74 65 25 20,clinique.santé@clinique.santé.com,cliniquesanté.bj,TPE (<10),B2C,CCIB Annuaire,,Actif,2026-06-29T00:15:34.300223,haute
BJ-F35E425D,Cabinet Royal Bénin,Santé & Pharmacie,Dogbo-Tota,+229 97 46 54 20,cabinet.royal.bénin@cabinet.royal.bénin.com,cabinetroyalbénin.bj,PME (10-50),B2C,CCIB Annuaire,,Actif,2026-06-29T00:15:34.300253,haute
BJ-AEA45545,Clinique Emergency International,Santé & Pharmacie,Dogbo-Tota,+229 76 47 55 37,clinique.emergency.international@clinique.emergency.international.net,cliniqueemergencyinternational.bj,TPE (<10),B2B,CCIB Annuaire,,Actif,2026-06-29T00:15:34.300277,haute
BJ-9B466C7D,Soins Pharmacie,Santé & Pharmacie,Dogbo-Tota,+229 56 92 58 78,soins.pharmacie@soins.pharmacie.bj,soinspharmacie.bj,TPE (<10),B2B,CCIB Annuaire,,Actif,2026-06-29T00:15:34.300299,haute
BJ-072A542D,Centre Pharma Hôpital,Santé & Pharmacie,Kpomassè,+229 76 49 41 74,centre.pharma.hôpital@centre.pharma.hôpital.com,centrepharmahôpital.bj,TPE (<10),B2B,CCIB Annuaire,,Actif,2026-06-29T00:15:34.300364,haute
BJ-4748327E,Centre Royal Hôpital,Santé & Pharmacie,Kpomassè,+229 29 74 24 14,,centreroyalhôpital.bj,TPE (<10),B2C,CCIB Annuaire,,Actif,2026-06-29T00:15:34.300414,moyenne
BJ-016D5A79,Bien-être Bénin,Santé & Pharmacie,Kpomassè,+229 86 97 29 20,,,TPE (<10),B2B,CCIB Annuaire,,Actif,2026-06-29T00:15:34.300426,basse
BJ-12278EDE,Santé International,Santé & Pharmacie,Kpomassè,+229 32 82 25 79,,,PME (50-200),B2B,CCIB Annuaire,,Actif,2026-06-29T00:15:34.300437,basse
BJ-8230BC42,Emergency Pharmacie,Santé & Pharmacie,Tori-Bossito,+229 39 66 31 27,emergency.pharmacie@emergency.pharmacie.com,emergencypharmacie.bj,TPE (<10),B2B,CCIB Annuaire,,Actif,2026-06-29T00:15:34.300460,haute
BJ-713C63C1,Sainte Clinique,Santé & Pharmacie,Tori-Bossito,+229 20 20 12 86,sainte.clinique@sainte.clinique.bj,sainteclinique.bj,TPE (<10),B2C,CCIB Annuaire,,Actif,2026-06-29T00:15:34.300473,haute
BJ-4C5F0CB7,Laboratoire Nouveau,Santé & Pharmacie,Tori-Bossito,+229 33 72 89 60,,laboratoirenouveau.bj,TPE (<10),B2B,CCIB Annuaire,,Actif,2026-06-29T00:15:34.300485,moyenne
BJ-89B4E788,Pharma Pharmacie Tori-Bossito,Santé & Pharmacie,Tori-Bossito,+229 52 38 87 42,,,TPE (<10),B2B,CCIB Annuaire,,Actif,2026-06-29T00:15:34.300508,basse
BJ-9FC34C78,Royal International,Santé & Pharmacie,Grand-Popo,+229 49 20 48 50,,royalinternational.bj,Grande (>200),B2B,CCIB Annuaire,,Actif,2026-06-29T00:15:34.300526,moyenne
BJ-E0E86F5B,Cabinet Saint Hôpital,Santé & Pharmacie,Grand-Popo,+229 90 19 16 65,cabinet.saint.hôpital@cabinet.saint.hôpital.net,,TPE (<10),B2B,CCIB Annuaire,,Actif,2026-06-29T00:15:34.300539,moyenne
BJ-AB398663,Centre Pharma Centre,Santé & Pharmacie,Grand-Popo,+229 27 16 31 94,centre.pharma.centre@centre.pharma.centre.org,centrepharmacentre.bj,PME (50-200),B2C,CCIB Annuaire,,Actif,2026-06-29T00:15:34.300564,haute
BJ-BACDEADB,Guérison Clinique,Santé & Pharmacie,Grand-Popo,+229 69 47 32 21,guérison.clinique@guérison.clinique.com,,PME (50-200),B2B,CCIB Annuaire,,Actif,2026-06-29T00:15:34.300577,moyenne
BJ-59AF2C1B,Médical Pharmacie,Santé & Pharmacie,Athiémé,+229 23 42 85 89,médical.pharmacie@médical.pharmacie.org,médicalpharmacie.bj,PME (50-200),B2B,CCIB Annuaire,,Actif,2026-06-29T00:15:34.300635,haute
BJ-1629FB1C,Pharmacie Soins,Santé & Pharmacie,Athiémé,+229 67 46 59 95,pharmacie.soins@pharmacie.soins.org,pharmaciesoins.bj,TPE (<10),B2C,CCIB Annuaire,,Actif,2026-06-29T00:15:34.300665,haute
BJ-0217FE43,Urgence,Santé & Pharmacie,Athiémé,+229 87 40 65 44,urgence@urgence.com,,PME (10-50),B2B,CCIB Annuaire,,Actif,2026-06-29T00:15:34.300707,moyenne
BJ-58C13D36,Hôpital Emergency,Santé & Pharmacie,Bopa,+229 98 43 13 33,hôpital.emergency@hôpital.emergency.benin,hôpitalemergency.bj,PME (10-50),B2C,CCIB Annuaire,,Actif,2026-06-29T00:15:34.300799,haute
BJ-B2355CC2,Hôpital Sainte Centre,Santé & Pharmacie,Bopa,+229 41 77 30 76,,hôpitalsaintecentre.bj,PME (50-200),B2C,CCIB Annuaire,,Actif,2026-06-29T00:15:34.300821,moyenne
BJ-26D166A3,Médical Clinique,Santé & Pharmacie,Houéyogbé,+229 66 74 44 53,médical.clinique@médical.clinique.org,médicalclinique.bj,TPE (<10),B2C,CCIB Annuaire,,Actif,2026-06-29T00:15:34.300876,haute
BJ-5B833FC9,Cabinet Médical Medical,Santé & Pharmacie,Houéyogbé,+229 50 81 58 87,,,PME (10-50),B2C,CCIB Annuaire,,Actif,2026-06-29T00:15:34.300960,basse
BJ-14EB2CA4,Soins Cabinet,Santé & Pharmacie,Houéyogbé,+229 46 22 95 84,,soinscabinet.bj,PME (50-200),B2C,CCIB Annuaire,,Actif,2026-06-29T00:15:34.300996,moyenne
BJ-0EAE6248,Pharmacie Urgence Hôpital,Santé & Pharmacie,Houéyogbé,+229 29 56 29 91,pharmacie.urgence.hôpital@pharmacie.urgence.hôpital.com,pharmacieurgencehôpital.bj,PME (10-50),B2B,CCIB Annuaire,,Actif,2026-06-29T00:15:34.301033,haute
BJ-783FCA27,Médicament Pharmacie,Santé & Pharmacie,Malanville,+229 81 32 63 29,médicament.pharmacie@médicament.pharmacie.org,médicamentpharmacie.bj,TPE (<10),B2B,CCIB Annuaire,,Actif,2026-06-29T00:15:34.301080,haute
BJ-D545F45E,Centre Emergency Malanville,Santé & Pharmacie,Malanville,+229 69 12 71 12,centre.emergency.malanville@centre.emergency.malanville.org,centreemergencymalanville.bj,PME (50-200),B2B,CCIB Annuaire,,Actif,2026-06-29T00:15:34.301147,haute
BJ-31C37008,Pharmacie Santé,Santé & Pharmacie,Malanville,+229 23 32 51 78,,pharmaciesanté.bj,PME (10-50),B2B,CCIB Annuaire,,Actif,2026-06-29T00:15:34.301175,moyenne
BJ-2DB96B49,Laboratoire Urgence,Santé & Pharmacie,Malanville,+229 35 50 11 58,,laboratoireurgence.bj,PME (50-200),B2B,CCIB Annuaire,,Actif,2026-06-29T00:15:34.301206,moyenne
BJ-D0E9175D,Bien-être Centre,Santé & Pharmacie,Kandi,+229 38 90 26 33,bienêtre.centre@bienêtre.centre.bj,,TPE (<10),B2C,CCIB Annuaire,,Actif,2026-06-29T00:15:34.301261,moyenne
BJ-5327FEDB,Pharmacie Médicament,Santé & Pharmacie,Kandi,+229 35 34 58 33,,pharmaciemédicament.bj,PME (10-50),B2B,CCIB Annuaire,,Actif,2026-06-29T00:15:34.301294,moyenne
BJ-C6B8D3C5,Clinique Sainte Kandi,Santé & Pharmacie,Kandi,+229 37 85 17 27,clinique.sainte.kandi@clinique.sainte.kandi.com,cliniquesaintekandi.bj,Grande (>200),B2C,CCIB Annuaire,,Actif,2026-06-29T00:15:34.301350,haute
BJ-8FDA60F6,Clinique Médical,Santé & Pharmacie,Kandi,+229 61 11 53 86,,,PME (10-50),B2B,CCIB Annuaire,,Actif,2026-06-29T00:15:34.301374,basse
BJ-39CF289A,Emergency Centre,Santé & Pharmacie,Banikoara,+229 74 67 11 61,,,PME (10-50),B2B,CCIB Annuaire,,Actif,2026-06-29T00:15:34.301409,basse
BJ-56C2D5D7,Sainte Cabinet,Santé & Pharmacie,Banikoara,+229 83 29 82 81,sainte.cabinet@sainte.cabinet.bj,saintecabinet.bj,Grande (>200),B2B,CCIB Annuaire,,Actif,2026-06-29T00:15:34.301440,haute
BJ-23A55D67,Laboratoire Emergency,Santé & Pharmacie,Banikoara,+229 57 44 46 24,laboratoire.emergency@laboratoire.emergency.com,,PME (50-200),B2C,CCIB Annuaire,,Actif,2026-06-29T00:15:34.301466,moyenne
BJ-4F86FE1E,Guérison Medical,Santé & Pharmacie,Ségbana,+229 85 43 13 33,guérison.medical@guérison.medical.net,guérisonmedical.bj,TPE (<10),B2C,CCIB Annuaire,,Actif,2026-06-29T00:15:34.301614,haute
BJ-D21F6337,Cabinet Médical,Santé & Pharmacie,Ségbana,+229 80 25 37 49,cabinet.médical@cabinet.médical.benin,cabinetmédical.bj,TPE (<10),B2C,CCIB Annuaire,,Actif,2026-06-29T00:15:34.301632,haute
BJ-AD400950,Médical Ségbana,Santé & Pharmacie,Ségbana,+229 83 57 61 91,médical.ségbana@médical.ségbana.benin,médicalségbana.bj,PME (50-200),B2B,CCIB Annuaire,,Actif,2026-06-29T00:15:34.301650,haute
BJ-78C52CE1,Pharmacie Saint Cabinet,Santé & Pharmacie,Karimama,+229 93 76 39 78,pharmacie.saint.cabinet@pharmacie.saint.cabinet.com,pharmaciesaintcabinet.bj,TPE (<10),B2B,CCIB Annuaire,,Actif,2026-06-29T00:15:34.301688,haute
BJ-FE1FAC60,Urgence,Santé & Pharmacie,Karimama,+229 69 90 99 23,urgence@urgence.com,urgence.bj,TPE (<10),B2B,CCIB Annuaire,,Actif,2026-06-29T00:15:34.301704,haute
BJ-F1641673,Royal Clinique,Santé & Pharmacie,Karimama,+229 59 36 64 15,,,PME (50-200),B2B,CCIB Annuaire,,Actif,2026-06-29T00:15:34.301716,basse
BJ-95B0A351,Pharmacie Emergency,Santé & Pharmacie,Karimama,+229 83 71 92 53,pharmacie.emergency@pharmacie.emergency.org,pharmacieemergency.bj,TPE (<10),B2B,CCIB Annuaire,,Actif,2026-06-29T00:15:34.301729,haute
BJ-E69F8F56,Pharma Medical,Santé & Pharmacie,Karimama,+229 23 50 41 49,pharma.medical@pharma.medical.com,,PME (10-50),B2B,CCIB Annuaire,,Actif,2026-06-29T00:15:34.301741,moyenne
BJ-99F6CA59,Soins,Santé & Pharmacie,Gogounou,+229 66 22 24 69,soins@soins.benin,soins.bj,TPE (<10),B2C,CCIB Annuaire,,Actif,2026-06-29T00:15:34.301759,haute
BJ-48955DB5,Centre Saint Gogounou,Santé & Pharmacie,Gogounou,+229 84 19 61 48,centre.saint.gogounou@centre.saint.gogounou.benin,centresaintgogounou.bj,PME (10-50),B2C,CCIB Annuaire,,Actif,2026-06-29T00:15:34.301772,haute
BJ-C6227735,Nouveau Hôpital Gogounou,Santé & Pharmacie,Gogounou,+229 67 41 11 95,nouveau.hôpital.gogounou@nouveau.hôpital.gogounou.org,nouveauhôpitalgogounou.bj,TPE (<10),B2B,CCIB Annuaire,,Actif,2026-06-29T00:15:34.301785,haute
BJ-25F5A4C8,Pharmacie Médicament International,Santé & Pharmacie,Gogounou,+229 97 20 41 63,,,PME (50-200),B2B,CCIB Annuaire,,Actif,2026-06-29T00:15:34.301796,basse
BJ-8C62BF78,Clinique Vie Medical Gogounou,Santé & Pharmacie,Gogounou,+229 27 43 77 64,clinique.vie.medical.gogounou@clinique.vie.medical.gogounou.org,cliniqueviemedicalgogounou.bj,PME (10-50),B2B,CCIB Annuaire,,Actif,2026-06-29T00:15:34.301809,haute
BJ-3F980F2A,Hôpital Bien-être Clinique,Santé & Pharmacie,Cobly,+229 87 38 49 21,hôpital.bienêtre.clinique@hôpital.bienêtre.clinique.benin,hôpitalbienêtreclinique.bj,PME (50-200),B2B,CCIB Annuaire,,Actif,2026-06-29T00:15:34.301858,haute
BJ-62983196,Cabinet Sainte,Santé & Pharmacie,Cobly,+229 60 36 89 76,cabinet.sainte@cabinet.sainte.org,cabinetsainte.bj,TPE (<10),B2B,CCIB Annuaire,,Actif,2026-06-29T00:15:34.301870,haute
BJ-560C5A73,Nouveau Pharmacie,Santé & Pharmacie,Cobly,+229 29 75 95 83,nouveau.pharmacie@nouveau.pharmacie.net,nouveaupharmacie.bj,TPE (<10),B2C,CCIB Annuaire,,Actif,2026-06-29T00:15:34.301886,haute
BJ-37204437,Laboratoire Sainte Centre,Santé & Pharmacie,Tanguiéta,+229 85 26 74 39,,,PME (50-200),B2B,CCIB Annuaire,,Actif,2026-06-29T00:15:34.301922,basse
BJ-58CAECA8,Pharmacie Bien-être,Santé & Pharmacie,Tanguiéta,+229 54 14 98 96,,,TPE (<10),B2C,CCIB Annuaire,,Actif,2026-06-29T00:15:34.301934,basse
BJ-1249A583,Pharmacie Guérison,Santé & Pharmacie,Tanguiéta,+229 70 44 54 74,,pharmacieguérison.bj,PME (10-50),B2B,CCIB Annuaire,,Actif,2026-06-29T00:15:34.301946,moyenne
BJ-6638CDA5,Hôpital Royal Pharmacie,Santé & Pharmacie,Tanguiéta,+229 23 39 18 99,hôpital.royal.pharmacie@hôpital.royal.pharmacie.com,hôpitalroyalpharmacie.bj,PME (10-50),B2C,CCIB Annuaire,,Actif,2026-06-29T00:15:34.301959,haute
BJ-15702C8C,Médical Pharmacie,Santé & Pharmacie,Tanguiéta,+229 60 70 60 20,,médicalpharmacie.bj,PME (10-50),B2C,CCIB Annuaire,,Actif,2026-06-29T00:15:34.301971,moyenne
BJ-C799795E,Nouveau,Santé & Pharmacie,Matéri,+229 54 77 42 35,nouveau@nouveau.bj,nouveau.bj,Grande (>200),B2B,CCIB Annuaire,,Actif,2026-06-29T00:15:34.301989,haute
BJ-6F845210,Centre Vie Hôpital,Santé & Pharmacie,Matéri,+229 42 75 81 20,,,PME (50-200),B2C,CCIB Annuaire,,Actif,2026-06-29T00:15:34.302002,basse
BJ-DF54BC04,Vie Medical,Santé & Pharmacie,Natitingou,+229 90 47 97 87,,viemedical.bj,TPE (<10),B2C,CCIB Annuaire,,Actif,2026-06-29T00:15:34.302064,moyenne
BJ-99C64562,Hôpital Royal International,Santé & Pharmacie,Natitingou,+229 75 92 89 42,hôpital.royal.international@hôpital.royal.international.com,,TPE (<10),B2B,CCIB Annuaire,,Actif,2026-06-29T00:15:34.302090,moyenne
BJ-BADBA365,Guérison Natitingou,Santé & Pharmacie,Natitingou,+229 95 25 19 89,,guérisonnatitingou.bj,PME (50-200),B2B,CCIB Annuaire,,Actif,2026-06-29T00:15:34.302102,moyenne
BJ-2ADEE64D,Pharma Cabinet,Santé & Pharmacie,Toucountouna,+229 40 96 85 11,pharma.cabinet@pharma.cabinet.bj,pharmacabinet.bj,PME (10-50),B2B,CCIB Annuaire,,Actif,2026-06-29T00:15:34.302149,haute
BJ-6B64BC1E,Cabinet Sainte Clinique,Santé & Pharmacie,Toucountouna,+229 93 94 62 38,cabinet.sainte.clinique@cabinet.sainte.clinique.org,cabinetsainteclinique.bj,TPE (<10),B2B,CCIB Annuaire,,Actif,2026-06-29T00:15:34.302162,haute
BJ-8DBD8273,Clinique Guérison Medical,Santé & Pharmacie,Toucountouna,+229 78 80 86 64,clinique.guérison.medical@clinique.guérison.medical.benin,,PME (50-200),B2C,CCIB Annuaire,,Actif,2026-06-29T00:15:34.302175,moyenne
BJ-E161B7C4,Hôpital Guérison,Santé & Pharmacie,Toucountouna,+229 69 92 24 41,hôpital.guérison@hôpital.guérison.bj,hôpitalguérison.bj,PME (10-50),B2C,CCIB Annuaire,,Actif,2026-06-29T00:15:34.302188,haute
BJ-71380B05,Bien-être Cabinet,Santé & Pharmacie,Boukoumbé,+229 69 75 61 13,bienêtre.cabinet@bienêtre.cabinet.benin,bienêtrecabinet.bj,TPE (<10),B2B,CCIB Annuaire,,Actif,2026-06-29T00:15:34.302206,haute
BJ-432D2D5F,Pharmacie Nouveau Hôpital,Santé & Pharmacie,Boukoumbé,+229 84 53 85 93,,pharmacienouveauhôpital.bj,PME (50-200),B2B,CCIB Annuaire,,Actif,2026-06-29T00:15:34.302219,moyenne
BJ-030C94A7,Saint Centre,Santé & Pharmacie,Boukoumbé,+229 88 61 88 72,saint.centre@saint.centre.benin,saintcentre.bj,PME (50-200),B2C,CCIB Annuaire,,Actif,2026-06-29T00:15:34.302231,haute
BJ-F8E08D36,Clinique Soins Bénin,Santé & Pharmacie,Boukoumbé,+229 97 68 88 78,clinique.soins.bénin@clinique.soins.bénin.benin,cliniquesoinsbénin.bj,Grande (>200),B2B,CCIB Annuaire,,Actif,2026-06-29T00:15:34.302244,haute
BJ-3BDDA903,Centre Médical Clinique,Santé & Pharmacie,Boukoumbé,+229 37 84 51 61,centre.médical.clinique@centre.médical.clinique.bj,,TPE (<10),B2B,CCIB Annuaire,,Actif,2026-06-29T00:15:34.302256,moyenne
BJ-ABCA44EA,Hôpital Pharma Hôpital,Santé & Pharmacie,Kouandé,+229 55 18 64 95,hôpital.pharma.hôpital@hôpital.pharma.hôpital.com,,PME (50-200),B2C,CCIB Annuaire,,Actif,2026-06-29T00:15:34.302274,moyenne
BJ-427363AC,Centre Médical Medical,Santé & Pharmacie,Kouandé,+229 21 34 37 33,centre.médical.medical@centre.médical.medical.org,centremédicalmedical.bj,TPE (<10),B2C,CCIB Annuaire,,Actif,2026-06-29T00:15:34.302291,haute
BJ-BD397CBD,Centre Nouveau,Santé & Pharmacie,Kouandé,+229 39 52 99 42,centre.nouveau@centre.nouveau.org,,PME (50-200),B2B,CCIB Annuaire,,Actif,2026-06-29T00:15:34.302304,moyenne
BJ-18085F18,Médical Bénin Kouandé,Santé & Pharmacie,Kouandé,+229 37 11 46 39,médical.bénin.kouandé@médical.bénin.kouandé.benin,médicalbéninkouandé.bj,TPE (<10),B2B,CCIB Annuaire,,Actif,2026-06-29T00:15:34.302317,haute
BJ-2A89692E,Laboratoire Bien-être International,Santé & Pharmacie,Kouandé,+229 78 35 59 39,,,PME (10-50),B2C,CCIB Annuaire,,Actif,2026-06-29T00:15:34.302327,basse
BJ-501571E9,Pharmacie Emergency Cabinet,Santé & Pharmacie,Péhunco,+229 83 19 73 79,pharmacie.emergency.cabinet@pharmacie.emergency.cabinet.com,,TPE (<10),B2B,CCIB Annuaire,,Actif,2026-06-29T00:15:34.302345,moyenne
BJ-A5442E35,Médical,Santé & Pharmacie,Péhunco,+229 28 72 69 57,médical@médical.net,médical.bj,TPE (<10),B2C,CCIB Annuaire,,Actif,2026-06-29T00:15:34.302358,haute
BJ-B5DDC5C3,Saint,Santé & Pharmacie,Péhunco,+229 71 74 46 29,saint@saint.com,,TPE (<10),B2B,CCIB Annuaire,,Actif,2026-06-29T00:15:34.302369,moyenne
BJ-864DFD9D,Pharma,Santé & Pharmacie,Péhunco,+229 46 11 55 83,pharma@pharma.org,,TPE (<10),B2B,CCIB Annuaire,,Actif,2026-06-29T00:15:34.302385,moyenne
BJ-B90521CD,Centre Soins,Santé & Pharmacie,Péhunco,+229 45 35 87 52,centre.soins@centre.soins.bj,,PME (50-200),B2B,CCIB Annuaire,,Actif,2026-06-29T00:15:34.302399,moyenne
BJ-99C5B2CB,Soins International,Santé & Pharmacie,Tchaourou,+229 68 90 39 74,,soinsinternational.bj,TPE (<10),B2C,CCIB Annuaire,,Actif,2026-06-29T00:15:34.302417,moyenne
BJ-DBFF4578,Clinique Royal,Santé & Pharmacie,Tchaourou,+229 57 92 11 32,,cliniqueroyal.bj,PME (10-50),B2B,CCIB Annuaire,,Actif,2026-06-29T00:15:34.302445,moyenne
BJ-9F0F4BBC,Hôpital Nouveau Clinique,Santé & Pharmacie,Tchaourou,+229 63 75 91 14,,,Grande (>200),B2B,CCIB Annuaire,,Actif,2026-06-29T00:15:34.302456,basse
BJ-D4250FA2,Pharmacie Central,Santé & Pharmacie,Tchaourou,+229 47 98 25 22,,,PME (10-50),B2B,CCIB Annuaire,,Actif,2026-06-29T00:15:34.302466,basse
BJ-149C3F3B,Sainte Cabinet,Santé & Pharmacie,Nikki,+229 68 12 50 91,,,TPE (<10),B2B,CCIB Annuaire,,Actif,2026-06-29T00:15:34.302482,basse
BJ-193B78A4,Cabinet Médical Clinique,Santé & Pharmacie,Nikki,+229 95 95 58 54,cabinet.médical.clinique@cabinet.médical.clinique.bj,,Grande (>200),B2C,CCIB Annuaire,,Actif,2026-06-29T00:15:34.302495,moyenne
BJ-930235F1,Vie Nikki,Santé & Pharmacie,Nikki,+229 32 16 60 16,vie.nikki@vie.nikki.net,vienikki.bj,PME (10-50),B2C,CCIB Annuaire,,Actif,2026-06-29T00:15:34.302508,haute
BJ-F3347C54,Centre Santé Cabinet,Santé & Pharmacie,Nikki,+229 59 83 54 93,centre.santé.cabinet@centre.santé.cabinet.benin,centresantécabinet.bj,PME (50-200),B2C,CCIB Annuaire,,Actif,2026-06-29T00:15:34.302532,haute
BJ-735313E7,Clinique Urgence Centre Bembéréké,Santé & Pharmacie,Bembéréké,+229 78 81 80 44,clinique.urgence.centre.bembéréké@clinique.urgence.centre.bembéréké.com,cliniqueurgencecentrebembéréké.bj,PME (10-50),B2B,CCIB Annuaire,,Actif,2026-06-29T00:15:34.302552,haute
BJ-A7BDF0C8,Centre Soins Bembéréké,Santé & Pharmacie,Bembéréké,+229 51 66 13 96,centre.soins.bembéréké@centre.soins.bembéréké.net,centresoinsbembéréké.bj,TPE (<10),B2C,CCIB Annuaire,,Actif,2026-06-29T00:15:34.302568,haute
BJ-D7211EF2,Médicament Hôpital,Santé & Pharmacie,Bembéréké,+229 83 73 57 56,médicament.hôpital@médicament.hôpital.net,,Grande (>200),B2C,CCIB Annuaire,,Actif,2026-06-29T00:15:34.302582,moyenne
BJ-3FFE085E,Pharmacie Royal,Santé & Pharmacie,Bembéréké,+229 63 53 42 20,pharmacie.royal@pharmacie.royal.benin,pharmacieroyal.bj,PME (10-50),B2C,CCIB Annuaire,,Actif,2026-06-29T00:15:34.302596,haute
BJ-538230E6,Cabinet Royal Cabinet Bembéréké,Santé & Pharmacie,Bembéréké,+229 47 30 34 56,,cabinetroyalcabinetbembéréké.bj,TPE (<10),B2B,CCIB Annuaire,,Actif,2026-06-29T00:15:34.302610,moyenne
BJ-3CD7C2BE,Sainte Clinique,Santé & Pharmacie,Kalalé,+229 26 24 92 61,,sainteclinique.bj,PME (10-50),B2B,CCIB Annuaire,,Actif,2026-06-29T00:15:34.302629,moyenne
BJ-25ADC4A3,Hôpital Central,Santé & Pharmacie,Kalalé,+229 75 75 76 30,hôpital.central@hôpital.central.bj,,PME (10-50),B2B,CCIB Annuaire,,Actif,2026-06-29T00:15:34.302642,moyenne
BJ-B5CC1748,Centre Guérison International,Santé & Pharmacie,Kalalé,+229 66 68 20 43,centre.guérison.international@centre.guérison.international.org,centreguérisoninternational.bj,TPE (<10),B2C,CCIB Annuaire,,Actif,2026-06-29T00:15:34.302655,haute
BJ-62614415,Laboratoire Emergency Pharmacie,Santé & Pharmacie,Kalalé,+229 53 12 90 45,laboratoire.emergency.pharmacie@laboratoire.emergency.pharmacie.benin,,PME (10-50),B2C,CCIB Annuaire,,Actif,2026-06-29T00:15:34.302667,moyenne
BJ-EB8CD1A9,Pharmacie Sainte Kalalé,Santé & Pharmacie,Kalalé,+229 39 94 54 51,pharmacie.sainte.kalalé@pharmacie.sainte.kalalé.com,,PME (10-50),B2C,CCIB Annuaire,,Actif,2026-06-29T00:15:34.302682,moyenne
BJ-4931C1A2,Saint Cabinet,Santé & Pharmacie,Ndali,+229 86 75 11 48,saint.cabinet@saint.cabinet.com,saintcabinet.bj,PME (10-50),B2C,CCIB Annuaire,,Actif,2026-06-29T00:15:34.302701,haute
BJ-CBF0F09A,Pharmacie Médical Ndali,Santé & Pharmacie,Ndali,+229 54 63 21 37,pharmacie.médical.ndali@pharmacie.médical.ndali.com,,PME (10-50),B2C,CCIB Annuaire,,Actif,2026-06-29T00:15:34.302716,moyenne
BJ-E70770ED,Guérison Bénin,Santé & Pharmacie,Ndali,+229 20 23 14 50,guérison.bénin@guérison.bénin.com,guérisonbénin.bj,PME (50-200),B2C,CCIB Annuaire,,Actif,2026-06-29T00:15:34.302741,haute
BJ-7D04DC7E,Pharmacie Soins Cabinet,Santé & Pharmacie,Ndali,+229 85 21 74 23,pharmacie.soins.cabinet@pharmacie.soins.cabinet.net,pharmaciesoinscabinet.bj,PME (10-50),B2C,CCIB Annuaire,,Actif,2026-06-29T00:15:34.302753,haute
BJ-039E8C9B,Clinique Soins,Santé & Pharmacie,Ségbana,+229 80 31 54 83,clinique.soins@clinique.soins.bj,cliniquesoins.bj,PME (50-200),B2B,CCIB Annuaire,,Actif,2026-06-29T00:15:34.302771,haute
BJ-7BFC4714,Soins Bénin,Santé & Pharmacie,Ségbana,+229 62 20 31 72,soins.bénin@soins.bénin.net,soinsbénin.bj,PME (10-50),B2C,CCIB Annuaire,,Actif,2026-06-29T00:15:34.302788,haute
BJ-2184D75F,Vie Centre,Santé & Pharmacie,Ségbana,+229 99 93 92 43,,viecentre.bj,PME (50-200),B2B,CCIB Annuaire,,Actif,2026-06-29T00:15:34.302801,moyenne
BJ-D073F6CA,Médicament Tchaourou,Santé & Pharmacie,Tchaourou,+229 58 71 42 77,médicament.tchaourou@médicament.tchaourou.com,médicamenttchaourou.bj,PME (10-50),B2C,CCIB Annuaire,,Actif,2026-06-29T00:15:34.302845,haute
BJ-94BD6369,Pharma Medical,Santé & Pharmacie,Tchaourou,+229 97 64 85 34,pharma.medical@pharma.medical.net,pharmamedical.bj,TPE (<10),B2C,CCIB Annuaire,,Actif,2026-06-29T00:15:34.302866,haute
BJ-ACAB6021,Médicament Clinique,Santé & Pharmacie,Tchaourou,+229 54 96 11 79,,,PME (10-50),B2C,CCIB Annuaire,,Actif,2026-06-29T00:15:34.302905,basse
BJ-33FB793C,Cabinet Santé International,Santé & Pharmacie,Tchaourou,+229 54 53 72 34,cabinet.santé.international@cabinet.santé.international.org,cabinetsantéinternational.bj,PME (10-50),B2B,CCIB Annuaire,,Actif,2026-06-29T00:15:34.302974,haute
BJ-C89EF198,Médicament Bétérou,Santé & Pharmacie,Bétérou,+229 56 64 20 13,médicament.bétérou@médicament.bétérou.org,médicamentbétérou.bj,TPE (<10),B2C,CCIB Annuaire,,Actif,2026-06-29T00:15:34.302998,haute
BJ-EF430EEB,Laboratoire Médical,Santé & Pharmacie,Bétérou,+229 76 10 55 82,,laboratoiremédical.bj,TPE (<10),B2B,CCIB Annuaire,,Actif,2026-06-29T00:15:34.303011,moyenne
BJ-92987A3C,Pharmacie Urgence Pharmacie,Santé & Pharmacie,Bétérou,+229 82 32 96 74,pharmacie.urgence.pharmacie@pharmacie.urgence.pharmacie.benin,,TPE (<10),B2B,CCIB Annuaire,,Actif,2026-06-29T00:15:34.303024,moyenne
BJ-551223EF,Urgence Cabinet Bétérou,Santé & Pharmacie,Bétérou,+229 34 69 37 72,urgence.cabinet.bétérou@urgence.cabinet.bétérou.bj,urgencecabinetbétérou.bj,TPE (<10),B2C,CCIB Annuaire,,Actif,2026-06-29T00:15:34.303038,haute
BJ-5C5203C1,Vie Clinique,Santé & Pharmacie,Bétérou,+229 63 91 20 23,,vieclinique.bj,PME (50-200),B2C,CCIB Annuaire,,Actif,2026-06-29T00:15:34.303050,moyenne
BJ-DAFBE39C,Pharma Ouessè,Santé & Pharmacie,Ouessè,+229 38 10 48 99,pharma.ouessè@pharma.ouessè.net,,TPE (<10),B2B,CCIB Annuaire,,Actif,2026-06-29T00:15:34.303069,moyenne
BJ-0F62A5FC,Vie Medical Ouessè,Santé & Pharmacie,Ouessè,+229 44 40 36 41,vie.medical.ouessè@vie.medical.ouessè.bj,,TPE (<10),B2C,CCIB Annuaire,,Actif,2026-06-29T00:15:34.303086,moyenne
BJ-C4633D02,Hôpital Sainte,Santé & Pharmacie,Ouessè,+229 47 51 94 87,hôpital.sainte@hôpital.sainte.com,hôpitalsainte.bj,TPE (<10),B2C,CCIB Annuaire,,Actif,2026-06-29T00:15:34.303100,haute
BJ-CFB8559B,Hôpital Bien-être Ouessè,Santé & Pharmacie,Ouessè,+229 53 10 46 25,hôpital.bienêtre.ouessè@hôpital.bienêtre.ouessè.org,hôpitalbienêtreouessè.bj,TPE (<10),B2C,CCIB Annuaire,,Actif,2026-06-29T00:15:34.303114,haute
BJ-8CEF9F5A,Central,Santé & Pharmacie,Ouessè,+229 60 98 32 92,central@central.benin,central.bj,PME (50-200),B2C,CCIB Annuaire,,Actif,2026-06-29T00:15:34.303126,haute
BJ-40ADE624,Nouveau Hôpital,Santé & Pharmacie,Glazoué,+229 82 15 80 44,nouveau.hôpital@nouveau.hôpital.org,nouveauhôpital.bj,PME (50-200),B2B,CCIB Annuaire,,Actif,2026-06-29T00:15:34.303149,haute
BJ-5B715F3A,Clinique Urgence,Santé & Pharmacie,Glazoué,+229 20 19 56 17,clinique.urgence@clinique.urgence.com,,TPE (<10),B2C,CCIB Annuaire,,Actif,2026-06-29T00:15:34.303162,moyenne
BJ-C4E8AA01,Cabinet Santé International,Santé & Pharmacie,Glazoué,+229 25 13 55 50,cabinet.santé.international@cabinet.santé.international.org,,TPE (<10),B2B,CCIB Annuaire,,Actif,2026-06-29T00:15:34.303190,moyenne
BJ-5B62C315,Cabinet Nouveau Medical,Santé & Pharmacie,Glazoué,+229 39 65 57 46,,,PME (50-200),B2C,CCIB Annuaire,,Actif,2026-06-29T00:15:34.303204,basse
BJ-BDAA3BCF,Guérison,Santé & Pharmacie,Dassa-Zoumè,+229 57 48 23 66,guérison@guérison.benin,,TPE (<10),B2B,CCIB Annuaire,,Actif,2026-06-29T00:15:34.303240,moyenne
BJ-010BA70A,Laboratoire Santé Pharmacie,Santé & Pharmacie,Dassa-Zoumè,+229 43 14 97 87,laboratoire.santé.pharmacie@laboratoire.santé.pharmacie.benin,,TPE (<10),B2C,CCIB Annuaire,,Actif,2026-06-29T00:15:34.303255,moyenne
BJ-9811201B,Urgence Clinique,Santé & Pharmacie,Dassa-Zoumè,+229 50 10 20 30,urgence.clinique@urgence.clinique.org,urgenceclinique.bj,Grande (>200),B2B,CCIB Annuaire,,Actif,2026-06-29T00:15:34.303268,haute
BJ-BFB0D7BD,Laboratoire Santé,Santé & Pharmacie,Dassa-Zoumè,+229 57 50 66 83,,laboratoiresanté.bj,PME (10-50),B2B,CCIB Annuaire,,Actif,2026-06-29T00:15:34.303280,moyenne
BJ-F71B9039,Clinique Nouveau Cabinet Savalou,Santé & Pharmacie,Savalou,+229 30 60 49 52,clinique.nouveau.cabinet.savalou@clinique.nouveau.cabinet.savalou.benin,cliniquenouveaucabinetsavalou.bj,TPE (<10),B2B,CCIB Annuaire,,Actif,2026-06-29T00:15:34.303314,haute
BJ-22E425EC,Clinique Soins Centre Savalou,Santé & Pharmacie,Savalou,+229 42 84 88 78,clinique.soins.centre.savalou@clinique.soins.centre.savalou.benin,cliniquesoinscentresavalou.bj,TPE (<10),B2B,CCIB Annuaire,,Actif,2026-06-29T00:15:34.303327,haute
BJ-6FBEA824,Médical Clinique,Santé & Pharmacie,Savalou,+229 36 35 15 21,,,TPE (<10),B2C,CCIB Annuaire,,Actif,2026-06-29T00:15:34.303338,basse
BJ-0C85E259,Guérison Hôpital,Santé & Pharmacie,Savalou,+229 73 69 86 30,guérison.hôpital@guérison.hôpital.bj,guérisonhôpital.bj,Grande (>200),B2B,CCIB Annuaire,,Actif,2026-06-29T00:15:34.303350,haute
BJ-ADADBDF1,Bien-être Pharmacie,Santé & Pharmacie,Bantè,+229 69 45 95 10,bienêtre.pharmacie@bienêtre.pharmacie.net,bienêtrepharmacie.bj,TPE (<10),B2B,CCIB Annuaire,,Actif,2026-06-29T00:15:34.303371,haute
BJ-0B0E208D,Saint Centre,Santé & Pharmacie,Bantè,+229 68 65 30 98,saint.centre@saint.centre.net,saintcentre.bj,PME (50-200),B2C,CCIB Annuaire,,Actif,2026-06-29T00:15:34.303386,haute
BJ-6016294A,Hôpital Urgence International,Santé & Pharmacie,Bantè,+229 84 73 36 27,hôpital.urgence.international@hôpital.urgence.international.bj,hôpitalurgenceinternational.bj,Grande (>200),B2B,CCIB Annuaire,,Actif,2026-06-29T00:15:34.303401,haute
BJ-4CA71ED5,Cabinet Pharma Pharmacie,Santé & Pharmacie,Bantè,+229 34 63 78 29,cabinet.pharma.pharmacie@cabinet.pharma.pharmacie.bj,,PME (10-50),B2B,CCIB Annuaire,,Actif,2026-06-29T00:15:34.303413,moyenne
BJ-82F0BF6A,Soins,Santé & Pharmacie,Bantè,+229 88 74 83 74,soins@soins.bj,soins.bj,PME (10-50),B2C,CCIB Annuaire,,Actif,2026-06-29T00:15:34.303426,haute
BJ-EBD68DE3,Nouveau Cabinet,Santé & Pharmacie,Djougou,+229 34 46 51 24,nouveau.cabinet@nouveau.cabinet.benin,,TPE (<10),B2B,CCIB Annuaire,,Actif,2026-06-29T00:15:34.303444,moyenne
BJ-7CD1FB94,Cabinet Vie Clinique,Santé & Pharmacie,Djougou,+229 79 50 25 28,,,Grande (>200),B2B,CCIB Annuaire,,Actif,2026-06-29T00:15:34.303458,basse
BJ-7A1707CD,Hôpital Sainte,Santé & Pharmacie,Djougou,+229 81 22 35 98,hôpital.sainte@hôpital.sainte.net,hôpitalsainte.bj,TPE (<10),B2C,CCIB Annuaire,,Actif,2026-06-29T00:15:34.303472,haute
BJ-8251648C,Guérison Djougou,Santé & Pharmacie,Djougou,+229 26 53 62 58,,guérisondjougou.bj,PME (10-50),B2C,CCIB Annuaire,,Actif,2026-06-29T00:15:34.303484,moyenne
BJ-CAF880CF,Hôpital Santé Cabinet,Santé & Pharmacie,Djougou,+229 96 97 21 15,,hôpitalsantécabinet.bj,TPE (<10),B2B,CCIB Annuaire,,Actif,2026-06-29T00:15:34.303495,moyenne
BJ-888AD604,Centre Médical,Santé & Pharmacie,Ouèssè,+229 21 92 87 77,centre.médical@centre.médical.org,centremédical.bj,PME (50-200),B2C,CCIB Annuaire,,Actif,2026-06-29T00:15:34.303532,haute
BJ-118129EE,Cabinet Vie,Santé & Pharmacie,Ouèssè,+229 75 51 89 41,,cabinetvie.bj,TPE (<10),B2B,CCIB Annuaire,,Actif,2026-06-29T00:15:34.303544,moyenne
BJ-36BDB1B1,Centre Pharma,Santé & Pharmacie,Ouèssè,+229 33 63 58 50,centre.pharma@centre.pharma.bj,centrepharma.bj,TPE (<10),B2B,CCIB Annuaire,,Actif,2026-06-29T00:15:34.303556,haute
BJ-2CA2C945,Cabinet Médical,Santé & Pharmacie,Ouèssè,+229 69 70 89 99,,,TPE (<10),B2C,CCIB Annuaire,,Actif,2026-06-29T00:15:34.303566,basse
BJ-E228A026,Hôpital Bien-être Bénin Bassila,Santé & Pharmacie,Bassila,+229 44 32 53 16,hôpital.bienêtre.bénin.bassila@hôpital.bienêtre.bénin.bassila.com,,PME (50-200),B2B,CCIB Annuaire,,Actif,2026-06-29T00:15:34.303585,moyenne
BJ-FD78EA07,Laboratoire Sainte Cabinet,Santé & Pharmacie,Bassila,+229 37 89 10 75,,laboratoiresaintecabinet.bj,TPE (<10),B2C,CCIB Annuaire,,Actif,2026-06-29T00:15:34.303597,moyenne
BJ-C7A6C70A,Médical,Santé & Pharmacie,Bassila,+229 28 51 80 52,médical@médical.benin,,PME (50-200),B2B,CCIB Annuaire,,Actif,2026-06-29T00:15:34.303609,moyenne
BJ-191122BA,Pharmacie Santé,Santé & Pharmacie,Bassila,+229 82 81 94 11,pharmacie.santé@pharmacie.santé.com,,TPE (<10),B2B,CCIB Annuaire,,Actif,2026-06-29T00:15:34.303621,moyenne
BJ-AC412CD1,Soins,Santé & Pharmacie,Bassila,+229 92 28 17 28,soins@soins.bj,soins.bj,TPE (<10),B2B,CCIB Annuaire,,Actif,2026-06-29T00:15:34.303632,haute
BJ-6B374F30,Urgence Cabinet,Santé & Pharmacie,Pehunco,+229 27 75 35 34,urgence.cabinet@urgence.cabinet.benin,,PME (50-200),B2C,CCIB Annuaire,,Actif,2026-06-29T00:15:34.303663,moyenne
BJ-42ACB70E,Clinique Santé,Santé & Pharmacie,Pehunco,+229 77 62 92 84,clinique.santé@clinique.santé.net,cliniquesanté.bj,PME (10-50),B2C,CCIB Annuaire,,Actif,2026-06-29T00:15:34.303676,haute
BJ-09455B2A,Centre Pharma,Santé & Pharmacie,Pehunco,+229 36 88 74 70,centre.pharma@centre.pharma.org,,PME (50-200),B2C,CCIB Annuaire,,Actif,2026-06-29T00:15:34.303691,moyenne
BJ-71122CE9,Santé Pharmacie Pehunco,Santé & Pharmacie,Pehunco,+229 67 34 43 96,,,PME (50-200),B2B,CCIB Annuaire,,Actif,2026-06-29T00:15:34.303702,basse
BJ-802B49EF,Pharmacie Bien-être,Santé & Pharmacie,Copargo,+229 47 46 88 28,,pharmaciebienêtre.bj,PME (10-50),B2B,CCIB Annuaire,,Actif,2026-06-29T00:15:34.303719,moyenne
BJ-950BB2B5,Clinique Bien-être Centre Copargo,Santé & Pharmacie,Copargo,+229 62 14 21 91,clinique.bienêtre.centre.copargo@clinique.bienêtre.centre.copargo.org,cliniquebienêtrecentrecopargo.bj,PME (10-50),B2B,CCIB Annuaire,,Actif,2026-06-29T00:15:34.303733,haute
BJ-B2F73C59,Guérison Medical,Santé & Pharmacie,Copargo,+229 37 43 74 13,guérison.medical@guérison.medical.net,guérisonmedical.bj,PME (50-200),B2C,CCIB Annuaire,,Actif,2026-06-29T00:15:34.303746,haute
BJ-D188839E,Médical Copargo,Santé & Pharmacie,Copargo,+229 54 39 26 72,médical.copargo@médical.copargo.com,médicalcopargo.bj,TPE (<10),B2C,CCIB Annuaire,,Actif,2026-06-29T00:15:34.303759,haute
BJ-9B49048F,Hôpital Emergency,Santé & Pharmacie,Copargo,+229 32 17 82 30,hôpital.emergency@hôpital.emergency.com,hôpitalemergency.bj,TPE (<10),B2B,CCIB Annuaire,,Actif,2026-06-29T00:15:34.303771,haute
BJ-56DFE63A,Banque Capital,Finance & Assurance,Cotonou,+229 71 89 18 24,banque.capital@banque.capital.com,banquecapital.bj,TPE (<10),B2C,CCIB Annuaire,,Actif,2026-06-29T00:15:34.303790,haute
BJ-BCB4196F,Santé Invest,Finance & Assurance,Cotonou,+229 51 52 78 93,santé.invest@santé.invest.net,,PME (50-200),B2C,CCIB Annuaire,,Actif,2026-06-29T00:15:34.303823,moyenne
BJ-7E9B69C5,Assurance Santé Invest,Finance & Assurance,Cotonou,+229 29 78 55 52,assurance.santé.invest@assurance.santé.invest.org,assurancesantéinvest.bj,Grande (>200),B2C,CCIB Annuaire,,Actif,2026-06-29T00:15:34.303840,haute
BJ-05DD3233,Groupe International,Finance & Assurance,Cotonou,+229 89 11 15 49,groupe.international@groupe.international.benin,groupeinternational.bj,PME (10-50),B2C,CCIB Annuaire,,Actif,2026-06-29T00:15:34.303852,haute
BJ-AB6B0302,Assurance,Finance & Assurance,Abomey-Calavi,+229 50 23 95 94,assurance@assurance.bj,,TPE (<10),B2C,CCIB Annuaire,,Actif,2026-06-29T00:15:34.303882,moyenne
BJ-F8EAD674,Auto Invest,Finance & Assurance,Abomey-Calavi,+229 69 37 95 20,auto.invest@auto.invest.benin,autoinvest.bj,PME (10-50),B2B,CCIB Annuaire,,Actif,2026-06-29T00:15:34.303906,haute
BJ-AAAE63C0,Capital Abomey-Calavi,Finance & Assurance,Abomey-Calavi,+229 54 70 59 74,capital.abomeycalavi@capital.abomeycalavi.net,capitalabomeycalavi.bj,TPE (<10),B2C,CCIB Annuaire,,Actif,2026-06-29T00:15:34.303920,haute
BJ-BC6F2D1C,International,Finance & Assurance,Abomey-Calavi,+229 23 18 73 17,,international.bj,PME (50-200),B2C,CCIB Annuaire,,Actif,2026-06-29T00:15:34.303935,moyenne
BJ-36E6075A,Africa Invest,Finance & Assurance,Porto-Novo,+229 38 34 57 58,africa.invest@africa.invest.benin,africainvest.bj,TPE (<10),B2B,CCIB Annuaire,,Actif,2026-06-29T00:15:34.303953,haute
BJ-C2FC06B5,Investissement,Finance & Assurance,Porto-Novo,+229 52 56 31 52,investissement@investissement.org,investissement.bj,TPE (<10),B2B,CCIB Annuaire,,Actif,2026-06-29T00:15:34.303968,haute
BJ-7F3EF8FC,International,Finance & Assurance,Porto-Novo,+229 97 50 17 25,international@international.net,international.bj,TPE (<10),B2C,CCIB Annuaire,,Actif,2026-06-29T00:15:34.303980,haute
BJ-8985B4D2,Bénin SARL,Finance & Assurance,Porto-Novo,+229 50 35 76 75,bénin.sarl@bénin.sarl.benin,béninsarl.bj,PME (50-200),B2C,CCIB Annuaire,,Actif,2026-06-29T00:15:34.304004,haute
BJ-BF581F2F,Africa,Finance & Assurance,Parakou,+229 28 99 34 72,africa@africa.benin,,Grande (>200),B2C,CCIB Annuaire,,Actif,2026-06-29T00:15:34.304032,moyenne
BJ-A59F1139,Société Épargne,Finance & Assurance,Parakou,+229 67 23 24 68,société.épargne@société.épargne.bj,,PME (50-200),B2B,CCIB Annuaire,,Actif,2026-06-29T00:15:34.304055,moyenne
BJ-001A77FF,Groupe Vie,Finance & Assurance,Parakou,+229 99 17 84 65,,,PME (10-50),B2C,CCIB Annuaire,,Actif,2026-06-29T00:15:34.304065,basse
BJ-D82252C7,Assurance Protection,Finance & Assurance,Bohicon,+229 83 39 83 90,assurance.protection@assurance.protection.com,assuranceprotection.bj,TPE (<10),B2B,CCIB Annuaire,,Actif,2026-06-29T00:15:34.304082,haute
BJ-8ED04D6D,Banque Crédit Bank,Finance & Assurance,Bohicon,+229 82 36 80 87,banque.crédit.bank@banque.crédit.bank.com,banquecréditbank.bj,Grande (>200),B2B,CCIB Annuaire,,Actif,2026-06-29T00:15:34.304095,haute
BJ-ABD0E420,Bénin Bohicon,Finance & Assurance,Bohicon,+229 58 40 50 61,bénin.bohicon@bénin.bohicon.org,,TPE (<10),B2B,CCIB Annuaire,,Actif,2026-06-29T00:15:34.304108,moyenne
BJ-EAB796BA,Assurance Assurance,Finance & Assurance,Bohicon,+229 69 99 90 97,assurance.assurance@assurance.assurance.benin,assuranceassurance.bj,PME (10-50),B2B,CCIB Annuaire,,Actif,2026-06-29T00:15:34.304120,haute
BJ-0CC7DCA0,West,Finance & Assurance,Bohicon,+229 79 40 59 50,west@west.benin,,Grande (>200),B2B,CCIB Annuaire,,Actif,2026-06-29T00:15:34.304131,moyenne
BJ-341BE179,Sécurité Invest,Finance & Assurance,Natitingou,+229 45 86 92 63,,sécuritéinvest.bj,PME (10-50),B2B,CCIB Annuaire,,Actif,2026-06-29T00:15:34.304149,moyenne
BJ-34F3309B,Cabinet Santé SARL,Finance & Assurance,Natitingou,+229 32 99 59 12,cabinet.santé.sarl@cabinet.santé.sarl.benin,cabinetsantésarl.bj,TPE (<10),B2B,CCIB Annuaire,,Actif,2026-06-29T00:15:34.304182,haute
BJ-31953EB7,Africa Bank Natitingou,Finance & Assurance,Natitingou,+229 86 83 57 83,africa.bank.natitingou@africa.bank.natitingou.net,africabanknatitingou.bj,TPE (<10),B2C,CCIB Annuaire,,Actif,2026-06-29T00:15:34.304207,haute
BJ-EB097E52,Groupe Bénin SARL Lokossa,Finance & Assurance,Lokossa,+229 97 12 90 91,groupe.bénin.sarl.lokossa@groupe.bénin.sarl.lokossa.bj,groupebéninsarllokossa.bj,TPE (<10),B2B,CCIB Annuaire,,Actif,2026-06-29T00:15:34.304248,haute
BJ-9532405D,Capital Groupe,Finance & Assurance,Lokossa,+229 42 72 40 83,capital.groupe@capital.groupe.org,capitalgroupe.bj,TPE (<10),B2B,CCIB Annuaire,,Actif,2026-06-29T00:15:34.304262,haute
BJ-DD0FAE99,Assurance West,Finance & Assurance,Lokossa,+229 62 16 91 76,assurance.west@assurance.west.net,assurancewest.bj,PME (50-200),B2C,CCIB Annuaire,,Actif,2026-06-29T00:15:34.304274,haute
BJ-E554A99A,Groupe Assurance Finance Lokossa,Finance & Assurance,Lokossa,+229 87 46 37 17,groupe.assurance.finance.lokossa@groupe.assurance.finance.lokossa.net,groupeassurancefinancelokossa.bj,PME (50-200),B2C,CCIB Annuaire,,Actif,2026-06-29T00:15:34.304287,haute
BJ-7B5FDB4B,National Assurances,Finance & Assurance,Ouidah,+229 89 31 34 84,national.assurances@national.assurances.bj,nationalassurances.bj,PME (50-200),B2C,CCIB Annuaire,,Actif,2026-06-29T00:15:34.304305,haute
BJ-B00ACA73,International,Finance & Assurance,Ouidah,+229 98 57 89 51,international@international.net,international.bj,TPE (<10),B2C,CCIB Annuaire,,Actif,2026-06-29T00:15:34.304327,haute
BJ-585FFE66,Crédit,Finance & Assurance,Ouidah,+229 31 53 31 33,crédit@crédit.com,crédit.bj,PME (10-50),B2C,CCIB Annuaire,,Actif,2026-06-29T00:15:34.304340,haute
BJ-DD916933,Épargne Finance,Finance & Assurance,Ouidah,+229 39 47 99 58,épargne.finance@épargne.finance.com,épargnefinance.bj,PME (10-50),B2B,CCIB Annuaire,,Actif,2026-06-29T00:15:34.304352,haute
BJ-B6CD65D6,Finance International International,Finance & Assurance,Savalou,+229 34 73 77 42,,financeinternationalinternational.bj,PME (10-50),B2B,CCIB Annuaire,,Actif,2026-06-29T00:15:34.304370,moyenne
BJ-6BD48D84,Société Bénin SARL Savalou,Finance & Assurance,Savalou,+229 87 45 12 59,,sociétébéninsarlsavalou.bj,PME (10-50),B2B,CCIB Annuaire,,Actif,2026-06-29T00:15:34.304385,moyenne
BJ-D0134DB3,West,Finance & Assurance,Savalou,+229 34 14 68 15,west@west.bj,west.bj,PME (50-200),B2C,CCIB Annuaire,,Actif,2026-06-29T00:15:34.304400,haute
BJ-B7B9DC95,Banque Auto Capital,Finance & Assurance,Savalou,+229 84 39 65 76,banque.auto.capital@banque.auto.capital.org,banqueautocapital.bj,TPE (<10),B2B,CCIB Annuaire,,Actif,2026-06-29T00:15:34.304423,haute
BJ-5D62713B,Banque Assurance,Finance & Assurance,Dassa-Zoumè,+229 90 55 45 27,,banqueassurance.bj,PME (10-50),B2B,CCIB Annuaire,,Actif,2026-06-29T00:15:34.304474,moyenne
BJ-3AC0A274,Société Sécurité Assurances,Finance & Assurance,Dassa-Zoumè,+229 97 91 78 61,société.sécurité.assurances@société.sécurité.assurances.bj,sociétésécuritéassurances.bj,PME (50-200),B2B,CCIB Annuaire,,Actif,2026-06-29T00:15:34.304509,haute
BJ-221132AA,Société Santé,Finance & Assurance,Dassa-Zoumè,+229 79 99 88 51,société.santé@société.santé.benin,,TPE (<10),B2C,CCIB Annuaire,,Actif,2026-06-29T00:15:34.304525,moyenne
BJ-19E1836C,Finance Santé International,Finance & Assurance,Kétou,+229 47 81 80 14,finance.santé.international@finance.santé.international.org,financesantéinternational.bj,PME (10-50),B2B,CCIB Annuaire,,Actif,2026-06-29T00:15:34.304583,haute
BJ-2ED9E114,Investissement,Finance & Assurance,Kétou,+229 85 47 31 69,investissement@investissement.org,investissement.bj,TPE (<10),B2C,CCIB Annuaire,,Actif,2026-06-29T00:15:34.304599,haute
BJ-89BCF43D,Banque West SA,Finance & Assurance,Kétou,+229 97 24 50 31,,banquewestsa.bj,TPE (<10),B2C,CCIB Annuaire,,Actif,2026-06-29T00:15:34.304612,moyenne
BJ-BB2F961B,Banque Santé,Finance & Assurance,Kétou,+229 63 44 44 42,banque.santé@banque.santé.org,banquesanté.bj,Grande (>200),B2C,CCIB Annuaire,,Actif,2026-06-29T00:15:34.304625,haute
BJ-324BB58F,Auto Groupe,Finance & Assurance,Kétou,+229 61 96 32 77,auto.groupe@auto.groupe.org,autogroupe.bj,Grande (>200),B2C,CCIB Annuaire,,Actif,2026-06-29T00:15:34.304637,haute
BJ-4C669D49,Finance Auto Finance,Finance & Assurance,Covè,+229 63 46 39 60,,financeautofinance.bj,TPE (<10),B2B,CCIB Annuaire,,Actif,2026-06-29T00:15:34.304655,moyenne
BJ-FED24F39,National,Finance & Assurance,Covè,+229 57 63 85 11,national@national.org,national.bj,TPE (<10),B2C,CCIB Annuaire,,Actif,2026-06-29T00:15:34.304667,haute
BJ-130C83A1,Cabinet Bénin Finance,Finance & Assurance,Covè,+229 95 10 78 35,cabinet.bénin.finance@cabinet.bénin.finance.net,cabinetbéninfinance.bj,TPE (<10),B2B,CCIB Annuaire,,Actif,2026-06-29T00:15:34.304683,haute
BJ-5D0515B2,Protection Capital,Finance & Assurance,Covè,+229 72 82 12 34,,protectioncapital.bj,PME (10-50),B2B,CCIB Annuaire,,Actif,2026-06-29T00:15:34.304698,moyenne
BJ-42462824,Finance Santé Covè,Finance & Assurance,Covè,+229 58 59 56 96,,financesantécovè.bj,TPE (<10),B2C,CCIB Annuaire,,Actif,2026-06-29T00:15:34.304710,moyenne
BJ-7BA135D6,Capital Capital Pobè,Finance & Assurance,Pobè,+229 29 73 83 50,capital.capital.pobè@capital.capital.pobè.org,capitalcapitalpobè.bj,TPE (<10),B2C,CCIB Annuaire,,Actif,2026-06-29T00:15:34.304729,haute
BJ-969A78C7,Banque Africa,Finance & Assurance,Pobè,+229 87 85 35 94,,,Grande (>200),B2B,CCIB Annuaire,,Actif,2026-06-29T00:15:34.304740,basse
BJ-6ED5EA5D,Assurance National SA,Finance & Assurance,Pobè,+229 67 39 87 19,assurance.national.sa@assurance.national.sa.bj,assurancenationalsa.bj,TPE (<10),B2C,CCIB Annuaire,,Actif,2026-06-29T00:15:34.304753,haute
BJ-300DB73B,Cabinet West Pobè,Finance & Assurance,Pobè,+229 39 87 96 96,cabinet.west.pobè@cabinet.west.pobè.com,cabinetwestpobè.bj,TPE (<10),B2B,CCIB Annuaire,,Actif,2026-06-29T00:15:34.304765,haute
BJ-8779EC3B,Protection Capital,Finance & Assurance,Pobè,+229 81 61 24 70,protection.capital@protection.capital.org,,TPE (<10),B2B,CCIB Annuaire,,Actif,2026-06-29T00:15:34.304776,moyenne
BJ-B5DAE073,Société Protection International,Finance & Assurance,Sakété,+229 65 61 17 97,société.protection.international@société.protection.international.org,sociétéprotectioninternational.bj,PME (50-200),B2B,CCIB Annuaire,,Actif,2026-06-29T00:15:34.304800,haute
BJ-5F02883F,National International,Finance & Assurance,Sakété,+229 80 59 45 22,national.international@national.international.net,nationalinternational.bj,PME (10-50),B2C,CCIB Annuaire,,Actif,2026-06-29T00:15:34.304813,haute
BJ-B1CCF6AC,Groupe Africa SA,Finance & Assurance,Sakété,+229 25 18 40 16,,,PME (50-200),B2B,CCIB Annuaire,,Actif,2026-06-29T00:15:34.304823,basse
BJ-9CF59319,Auto Groupe,Finance & Assurance,Sakété,+229 83 25 60 44,auto.groupe@auto.groupe.net,autogroupe.bj,PME (10-50),B2B,CCIB Annuaire,,Actif,2026-06-29T00:15:34.304836,haute
BJ-B56D8FEE,Cabinet Sécurité Assurances Sakété,Finance & Assurance,Sakété,+229 37 98 86 74,cabinet.sécurité.assurances.sakété@cabinet.sécurité.assurances.sakété.net,,PME (50-200),B2B,CCIB Annuaire,,Actif,2026-06-29T00:15:34.304852,moyenne
BJ-1B3AB899,Assurance Santé,Finance & Assurance,Adjara,+229 71 45 78 68,assurance.santé@assurance.santé.net,,TPE (<10),B2B,CCIB Annuaire,,Actif,2026-06-29T00:15:34.304870,moyenne
BJ-827AF971,Capital Invest,Finance & Assurance,Adjara,+229 81 32 74 48,,capitalinvest.bj,Grande (>200),B2B,CCIB Annuaire,,Actif,2026-06-29T00:15:34.304884,moyenne
BJ-62228561,Finance National,Finance & Assurance,Adjara,+229 22 69 37 13,finance.national@finance.national.org,financenational.bj,TPE (<10),B2B,CCIB Annuaire,,Actif,2026-06-29T00:15:34.304909,haute
BJ-D5B83763,West Assurances Adjara,Finance & Assurance,Adjara,+229 51 57 16 35,west.assurances.adjara@west.assurances.adjara.com,westassurancesadjara.bj,PME (50-200),B2B,CCIB Annuaire,,Actif,2026-06-29T00:15:34.304925,haute
BJ-CE415309,Bénin Bank,Finance & Assurance,Adjara,+229 60 10 29 25,bénin.bank@bénin.bank.benin,béninbank.bj,TPE (<10),B2B,CCIB Annuaire,,Actif,2026-06-29T00:15:34.304938,haute
BJ-CB1F3C22,Sécurité SA,Finance & Assurance,Allada,+229 93 69 82 92,sécurité.sa@sécurité.sa.bj,,Grande (>200),B2C,CCIB Annuaire,,Actif,2026-06-29T00:15:34.304956,moyenne
BJ-2935C3B4,Groupe Bénin Bank,Finance & Assurance,Allada,+229 66 82 89 51,,,PME (10-50),B2B,CCIB Annuaire,,Actif,2026-06-29T00:15:34.304991,basse
BJ-705B4AB6,Crédit Capital,Finance & Assurance,Aplahoué,+229 36 62 60 12,crédit.capital@crédit.capital.org,,PME (50-200),B2B,CCIB Annuaire,,Actif,2026-06-29T00:15:34.305019,moyenne
BJ-D40E5223,Banque Bénin International,Finance & Assurance,Aplahoué,+229 42 12 52 87,banque.bénin.international@banque.bénin.international.benin,banquebénininternational.bj,TPE (<10),B2B,CCIB Annuaire,,Actif,2026-06-29T00:15:34.305046,haute
BJ-ABE9A7A2,National SA,Finance & Assurance,Aplahoué,+229 71 40 35 92,national.sa@national.sa.benin,nationalsa.bj,PME (10-50),B2B,CCIB Annuaire,,Actif,2026-06-29T00:15:34.305068,haute
BJ-7B3005E0,Assurance,Finance & Assurance,Aplahoué,+229 70 83 36 13,assurance@assurance.bj,,PME (10-50),B2C,CCIB Annuaire,,Actif,2026-06-29T00:15:34.305081,moyenne
BJ-8459D88C,Investissement Bank,Finance & Assurance,Aplahoué,+229 68 85 48 54,,,PME (10-50),B2B,CCIB Annuaire,,Actif,2026-06-29T00:15:34.305091,basse
BJ-91618300,Cabinet Assurance,Finance & Assurance,Dogbo-Tota,+229 56 81 35 33,cabinet.assurance@cabinet.assurance.benin,,Grande (>200),B2C,CCIB Annuaire,,Actif,2026-06-29T00:15:34.305109,moyenne
BJ-53356A07,Vie International,Finance & Assurance,Dogbo-Tota,+229 50 69 85 85,vie.international@vie.international.bj,,TPE (<10),B2C,CCIB Annuaire,,Actif,2026-06-29T00:15:34.305121,moyenne
BJ-264A2A4D,Cabinet Sécurité,Finance & Assurance,Dogbo-Tota,+229 68 71 34 88,,cabinetsécurité.bj,TPE (<10),B2C,CCIB Annuaire,,Actif,2026-06-29T00:15:34.305132,moyenne
BJ-EB139A88,Vie,Finance & Assurance,Dogbo-Tota,+229 47 32 66 39,vie@vie.benin,vie.bj,PME (50-200),B2B,CCIB Annuaire,,Actif,2026-06-29T00:15:34.305144,haute
BJ-EB83E71B,Capital,Finance & Assurance,Dogbo-Tota,+229 66 73 74 54,capital@capital.com,capital.bj,Grande (>200),B2B,CCIB Annuaire,,Actif,2026-06-29T00:15:34.305160,haute
BJ-D9B21144,Société Santé Invest,Finance & Assurance,Kpomassè,+229 97 13 75 76,société.santé.invest@société.santé.invest.org,sociétésantéinvest.bj,PME (10-50),B2C,CCIB Annuaire,,Actif,2026-06-29T00:15:34.305179,haute
BJ-F1539C1B,Banque Bénin Bank,Finance & Assurance,Kpomassè,+229 30 17 97 90,banque.bénin.bank@banque.bénin.bank.com,banquebéninbank.bj,TPE (<10),B2C,CCIB Annuaire,,Actif,2026-06-29T00:15:34.305207,haute
BJ-836BCB34,Capital SARL,Finance & Assurance,Kpomassè,+229 60 43 45 17,capital.sarl@capital.sarl.org,capitalsarl.bj,TPE (<10),B2B,CCIB Annuaire,,Actif,2026-06-29T00:15:34.305219,haute
BJ-0D11B110,Groupe Africa SARL,Finance & Assurance,Kpomassè,+229 39 25 20 98,groupe.africa.sarl@groupe.africa.sarl.org,groupeafricasarl.bj,TPE (<10),B2C,CCIB Annuaire,,Actif,2026-06-29T00:15:34.305232,haute
BJ-2E4395EB,Bénin,Finance & Assurance,Tori-Bossito,+229 54 87 67 92,bénin@bénin.net,bénin.bj,TPE (<10),B2C,CCIB Annuaire,,Actif,2026-06-29T00:15:34.305249,haute
BJ-D0EE622A,Crédit Capital,Finance & Assurance,Tori-Bossito,+229 80 67 96 13,crédit.capital@crédit.capital.org,créditcapital.bj,PME (10-50),B2C,CCIB Annuaire,,Actif,2026-06-29T00:15:34.305263,haute
BJ-DD74292E,Cabinet Vie International,Finance & Assurance,Tori-Bossito,+229 85 29 27 43,cabinet.vie.international@cabinet.vie.international.com,,PME (10-50),B2C,CCIB Annuaire,,Actif,2026-06-29T00:15:34.305275,moyenne
BJ-9D2BAF22,Banque Crédit Tori-Bossito,Finance & Assurance,Tori-Bossito,+229 24 58 82 22,banque.crédit.toribossito@banque.crédit.toribossito.net,banquecrédittoribossito.bj,TPE (<10),B2C,CCIB Annuaire,,Actif,2026-06-29T00:15:34.305300,haute
BJ-C2B38C24,Cabinet Santé SA,Finance & Assurance,Grand-Popo,+229 76 93 94 98,,,PME (10-50),B2B,CCIB Annuaire,,Actif,2026-06-29T00:15:34.305316,basse
BJ-0B1DECF1,Santé Capital,Finance & Assurance,Grand-Popo,+229 30 95 19 10,,santécapital.bj,PME (10-50),B2B,CCIB Annuaire,,Actif,2026-06-29T00:15:34.305331,moyenne
BJ-398D0CBE,Assurance National Bank,Finance & Assurance,Grand-Popo,+229 54 70 84 86,assurance.national.bank@assurance.national.bank.com,assurancenationalbank.bj,PME (10-50),B2B,CCIB Annuaire,,Actif,2026-06-29T00:15:34.305343,haute
BJ-F751EF01,Investissement Invest,Finance & Assurance,Grand-Popo,+229 24 41 41 41,investissement.invest@investissement.invest.benin,investissementinvest.bj,PME (10-50),B2C,CCIB Annuaire,,Actif,2026-06-29T00:15:34.305355,haute
BJ-8EB89DF4,Santé Groupe,Finance & Assurance,Grand-Popo,+229 73 68 47 73,,santégroupe.bj,TPE (<10),B2B,CCIB Annuaire,,Actif,2026-06-29T00:15:34.305367,moyenne
BJ-BE665D5B,International SA,Finance & Assurance,Athiémé,+229 36 74 99 29,international.sa@international.sa.net,internationalsa.bj,TPE (<10),B2B,CCIB Annuaire,,Actif,2026-06-29T00:15:34.305385,haute
BJ-754DDB46,Finance Santé,Finance & Assurance,Athiémé,+229 56 89 50 59,,financesanté.bj,TPE (<10),B2B,CCIB Annuaire,,Actif,2026-06-29T00:15:34.305402,moyenne
BJ-FB8C7291,Banque Auto Finance,Finance & Assurance,Athiémé,+229 92 65 61 68,banque.auto.finance@banque.auto.finance.org,banqueautofinance.bj,PME (10-50),B2B,CCIB Annuaire,,Actif,2026-06-29T00:15:34.305426,haute
BJ-E077CD50,Société West Athiémé,Finance & Assurance,Athiémé,+229 58 12 15 58,société.west.athiémé@société.west.athiémé.com,sociétéwestathiémé.bj,PME (50-200),B2C,CCIB Annuaire,,Actif,2026-06-29T00:15:34.305439,haute
BJ-153B9C1B,Banque West,Finance & Assurance,Bopa,+229 68 68 74 89,banque.west@banque.west.com,banquewest.bj,PME (10-50),B2C,CCIB Annuaire,,Actif,2026-06-29T00:15:34.305457,haute
BJ-D24AEF55,Auto Bopa,Finance & Assurance,Bopa,+229 37 75 18 51,auto.bopa@auto.bopa.net,,TPE (<10),B2C,CCIB Annuaire,,Actif,2026-06-29T00:15:34.305484,moyenne
BJ-939EA340,Assurance Santé Bopa,Finance & Assurance,Bopa,+229 33 23 96 96,assurance.santé.bopa@assurance.santé.bopa.benin,assurancesantébopa.bj,TPE (<10),B2B,CCIB Annuaire,,Actif,2026-06-29T00:15:34.305496,haute
BJ-44475DBB,Sécurité,Finance & Assurance,Bopa,+229 37 16 83 20,sécurité@sécurité.com,sécurité.bj,TPE (<10),B2C,CCIB Annuaire,,Actif,2026-06-29T00:15:34.305508,haute
BJ-A4560C1D,Banque Protection Houéyogbé,Finance & Assurance,Houéyogbé,+229 40 58 21 61,,,PME (50-200),B2C,CCIB Annuaire,,Actif,2026-06-29T00:15:34.305525,basse
BJ-53F73576,Société Assurance Invest,Finance & Assurance,Houéyogbé,+229 87 90 19 40,,sociétéassuranceinvest.bj,TPE (<10),B2B,CCIB Annuaire,,Actif,2026-06-29T00:15:34.305537,moyenne
BJ-12AF7AA4,Auto,Finance & Assurance,Houéyogbé,+229 45 51 15 55,auto@auto.com,,TPE (<10),B2C,CCIB Annuaire,,Actif,2026-06-29T00:15:34.305548,moyenne
BJ-D6AA884B,Assurance National Finance,Finance & Assurance,Houéyogbé,+229 58 66 97 27,assurance.national.finance@assurance.national.finance.bj,assurancenationalfinance.bj,PME (10-50),B2B,CCIB Annuaire,,Actif,2026-06-29T00:15:34.305561,haute
BJ-EFC35A4B,Sécurité International Houéyogbé,Finance & Assurance,Houéyogbé,+229 75 15 38 56,sécurité.international.houéyogbé@sécurité.international.houéyogbé.bj,sécuritéinternationalhouéyogbé.bj,TPE (<10),B2B,CCIB Annuaire,,Actif,2026-06-29T00:15:34.305574,haute
BJ-F614AD4C,West Assurances,Finance & Assurance,Malanville,+229 89 81 73 61,west.assurances@west.assurances.bj,,TPE (<10),B2C,CCIB Annuaire,,Actif,2026-06-29T00:15:34.305592,moyenne
BJ-CEC830F5,Assurance Vie Bank,Finance & Assurance,Malanville,+229 99 16 24 84,assurance.vie.bank@assurance.vie.bank.bj,assuranceviebank.bj,TPE (<10),B2C,CCIB Annuaire,,Actif,2026-06-29T00:15:34.305610,haute
BJ-664E2104,Banque Capital,Finance & Assurance,Malanville,+229 86 99 15 50,banque.capital@banque.capital.benin,banquecapital.bj,Grande (>200),B2B,CCIB Annuaire,,Actif,2026-06-29T00:15:34.305622,haute
BJ-46B6B3D8,Société Capital Finance,Finance & Assurance,Malanville,+229 98 60 22 13,,sociétécapitalfinance.bj,TPE (<10),B2C,CCIB Annuaire,,Actif,2026-06-29T00:15:34.305633,moyenne
BJ-FD265D26,Sécurité,Finance & Assurance,Malanville,+229 84 53 13 52,sécurité@sécurité.com,sécurité.bj,PME (10-50),B2C,CCIB Annuaire,,Actif,2026-06-29T00:15:34.305645,haute
BJ-F2177B6F,Assurance Capital International Kandi,Finance & Assurance,Kandi,+229 57 37 17 76,,assurancecapitalinternationalkandi.bj,PME (50-200),B2B,CCIB Annuaire,,Actif,2026-06-29T00:15:34.305662,moyenne
BJ-D9CD9141,Finance Auto,Finance & Assurance,Kandi,+229 97 22 97 85,finance.auto@finance.auto.net,financeauto.bj,PME (10-50),B2B,CCIB Annuaire,,Actif,2026-06-29T00:15:34.305699,haute
BJ-87F25818,Groupe Bénin SA,Finance & Assurance,Kandi,+229 22 90 39 20,groupe.bénin.sa@groupe.bénin.sa.net,,TPE (<10),B2C,CCIB Annuaire,,Actif,2026-06-29T00:15:34.305732,moyenne
BJ-89C351D4,Capital Kandi,Finance & Assurance,Kandi,+229 24 85 15 63,,,TPE (<10),B2C,CCIB Annuaire,,Actif,2026-06-29T00:15:34.305759,basse
BJ-16B3DAC0,Société Auto,Finance & Assurance,Kandi,+229 42 51 96 96,société.auto@société.auto.net,sociétéauto.bj,PME (50-200),B2C,CCIB Annuaire,,Actif,2026-06-29T00:15:34.305786,haute
BJ-F20E1DC2,Finance Protection,Finance & Assurance,Banikoara,+229 86 90 74 94,,financeprotection.bj,PME (10-50),B2B,CCIB Annuaire,,Actif,2026-06-29T00:15:34.305822,moyenne
BJ-D8DD7DCE,Cabinet Protection,Finance & Assurance,Banikoara,+229 59 26 11 60,cabinet.protection@cabinet.protection.org,cabinetprotection.bj,TPE (<10),B2C,CCIB Annuaire,,Actif,2026-06-29T00:15:34.305854,haute
BJ-3D5FC812,Banque West,Finance & Assurance,Banikoara,+229 26 90 95 71,banque.west@banque.west.bj,banquewest.bj,PME (50-200),B2B,CCIB Annuaire,,Actif,2026-06-29T00:15:34.305884,haute
BJ-A07502A8,Société Africa International,Finance & Assurance,Banikoara,+229 60 20 74 86,,sociétéafricainternational.bj,PME (50-200),B2B,CCIB Annuaire,,Actif,2026-06-29T00:15:34.305929,moyenne
BJ-DD6B11AD,Cabinet Assurance,Finance & Assurance,Ségbana,+229 51 29 83 49,cabinet.assurance@cabinet.assurance.benin,cabinetassurance.bj,PME (50-200),B2B,CCIB Annuaire,,Actif,2026-06-29T00:15:34.305949,haute
BJ-DCB6DD4D,Assurance Crédit,Finance & Assurance,Ségbana,+229 91 82 16 98,,,TPE (<10),B2C,CCIB Annuaire,,Actif,2026-06-29T00:15:34.305961,basse
BJ-511F7216,Banque Vie,Finance & Assurance,Ségbana,+229 34 54 85 87,banque.vie@banque.vie.benin,banquevie.bj,TPE (<10),B2B,CCIB Annuaire,,Actif,2026-06-29T00:15:34.305977,haute
BJ-7C660011,Épargne International,Finance & Assurance,Ségbana,+229 38 24 60 71,épargne.international@épargne.international.bj,épargneinternational.bj,PME (10-50),B2C,CCIB Annuaire,,Actif,2026-06-29T00:15:34.305991,haute
BJ-77DD8848,Groupe Crédit Karimama,Finance & Assurance,Karimama,+229 85 85 10 61,groupe.crédit.karimama@groupe.crédit.karimama.com,groupecréditkarimama.bj,TPE (<10),B2C,CCIB Annuaire,,Actif,2026-06-29T00:15:34.306023,haute
BJ-7BB101DE,Vie Karimama,Finance & Assurance,Karimama,+229 50 44 13 49,vie.karimama@vie.karimama.bj,viekarimama.bj,PME (50-200),B2B,CCIB Annuaire,,Actif,2026-06-29T00:15:34.306051,haute
BJ-A0A72E2C,Société Protection International,Finance & Assurance,Karimama,+229 87 37 65 72,société.protection.international@société.protection.international.benin,sociétéprotectioninternational.bj,PME (50-200),B2B,CCIB Annuaire,,Actif,2026-06-29T00:15:34.306064,haute
BJ-9EA406F0,Groupe Protection,Finance & Assurance,Karimama,+229 68 45 55 95,groupe.protection@groupe.protection.net,groupeprotection.bj,Grande (>200),B2B,CCIB Annuaire,,Actif,2026-06-29T00:15:34.306076,haute
BJ-4B983863,Banque Investissement Invest,Finance & Assurance,Gogounou,+229 55 44 12 52,banque.investissement.invest@banque.investissement.invest.org,banqueinvestissementinvest.bj,PME (10-50),B2B,CCIB Annuaire,,Actif,2026-06-29T00:15:34.306094,haute
BJ-14FF9475,Société Épargne Gogounou,Finance & Assurance,Gogounou,+229 46 57 57 27,,sociétéépargnegogounou.bj,TPE (<10),B2C,CCIB Annuaire,,Actif,2026-06-29T00:15:34.306107,moyenne
BJ-21E3E18E,Cabinet Assurance,Finance & Assurance,Gogounou,+229 51 39 96 10,cabinet.assurance@cabinet.assurance.bj,cabinetassurance.bj,TPE (<10),B2B,CCIB Annuaire,,Actif,2026-06-29T00:15:34.306119,haute
BJ-574F2AA1,Banque Protection,Finance & Assurance,Gogounou,+229 81 93 27 13,banque.protection@banque.protection.com,banqueprotection.bj,PME (50-200),B2B,CCIB Annuaire,,Actif,2026-06-29T00:15:34.306130,haute
BJ-921B15F0,Banque National,Finance & Assurance,Gogounou,+229 70 55 60 43,,banquenational.bj,Grande (>200),B2C,CCIB Annuaire,,Actif,2026-06-29T00:15:34.306141,moyenne
BJ-C9245D9D,Cabinet Capital International,Finance & Assurance,Cobly,+229 47 97 97 99,,cabinetcapitalinternational.bj,PME (50-200),B2C,CCIB Annuaire,,Actif,2026-06-29T00:15:34.306175,moyenne
BJ-2D88E478,Banque Africa,Finance & Assurance,Cobly,+229 35 34 92 37,banque.africa@banque.africa.net,,Grande (>200),B2B,CCIB Annuaire,,Actif,2026-06-29T00:15:34.306196,moyenne
BJ-8F5887D4,Société Protection SARL,Finance & Assurance,Cobly,+229 43 82 11 66,société.protection.sarl@société.protection.sarl.org,sociétéprotectionsarl.bj,TPE (<10),B2B,CCIB Annuaire,,Actif,2026-06-29T00:15:34.306209,haute
BJ-BC47E775,Cabinet International SA,Finance & Assurance,Cobly,+229 65 86 44 35,,cabinetinternationalsa.bj,TPE (<10),B2B,CCIB Annuaire,,Actif,2026-06-29T00:15:34.306221,moyenne
BJ-4DAF288A,Capital Tanguiéta,Finance & Assurance,Tanguiéta,+229 37 45 95 39,capital.tanguiéta@capital.tanguiéta.benin,,TPE (<10),B2B,CCIB Annuaire,,Actif,2026-06-29T00:15:34.306239,moyenne
BJ-42907073,Africa,Finance & Assurance,Tanguiéta,+229 38 41 94 27,africa@africa.bj,africa.bj,TPE (<10),B2C,CCIB Annuaire,,Actif,2026-06-29T00:15:34.306251,haute
BJ-EF531500,Cabinet Bénin SARL,Finance & Assurance,Tanguiéta,+229 80 21 61 17,cabinet.bénin.sarl@cabinet.bénin.sarl.bj,,TPE (<10),B2B,CCIB Annuaire,,Actif,2026-06-29T00:15:34.306267,moyenne
BJ-177D1C39,Investissement,Finance & Assurance,Tanguiéta,+229 85 32 27 54,investissement@investissement.bj,,PME (50-200),B2C,CCIB Annuaire,,Actif,2026-06-29T00:15:34.306279,moyenne
BJ-776D65A7,Société National,Finance & Assurance,Tanguiéta,+229 89 87 12 78,société.national@société.national.benin,sociéténational.bj,TPE (<10),B2C,CCIB Annuaire,,Actif,2026-06-29T00:15:34.306292,haute
BJ-A169C64D,Protection Assurances Matéri,Finance & Assurance,Matéri,+229 22 87 43 64,protection.assurances.matéri@protection.assurances.matéri.net,protectionassurancesmatéri.bj,PME (10-50),B2B,CCIB Annuaire,,Actif,2026-06-29T00:15:34.306314,haute
BJ-60A4A98E,Crédit International,Finance & Assurance,Matéri,+229 28 93 85 95,crédit.international@crédit.international.benin,créditinternational.bj,TPE (<10),B2C,CCIB Annuaire,,Actif,2026-06-29T00:15:34.306330,haute
BJ-C49C4D14,Africa,Finance & Assurance,Matéri,+229 29 21 47 20,,africa.bj,Grande (>200),B2B,CCIB Annuaire,,Actif,2026-06-29T00:15:34.306342,moyenne
BJ-E2539396,Investissement Invest Matéri,Finance & Assurance,Matéri,+229 49 22 70 35,,investissementinvestmatéri.bj,PME (50-200),B2C,CCIB Annuaire,,Actif,2026-06-29T00:15:34.306354,moyenne
BJ-60C8A569,Investissement International,Finance & Assurance,Matéri,+229 66 23 38 25,investissement.international@investissement.international.benin,,PME (50-200),B2C,CCIB Annuaire,,Actif,2026-06-29T00:15:34.306366,moyenne
BJ-FA225422,Protection Natitingou,Finance & Assurance,Natitingou,+229 59 93 34 30,protection.natitingou@protection.natitingou.net,,PME (10-50),B2C,CCIB Annuaire,,Actif,2026-06-29T00:15:34.306383,moyenne
BJ-FD83D651,Groupe Africa,Finance & Assurance,Natitingou,+229 46 95 29 74,groupe.africa@groupe.africa.net,,PME (10-50),B2C,CCIB Annuaire,,Actif,2026-06-29T00:15:34.306394,moyenne
BJ-B3567345,Finance Auto,Finance & Assurance,Natitingou,+229 91 90 99 85,finance.auto@finance.auto.net,financeauto.bj,Grande (>200),B2C,CCIB Annuaire,,Actif,2026-06-29T00:15:34.306434,haute
BJ-0F3F9D33,Finance Crédit Toucountouna,Finance & Assurance,Toucountouna,+229 47 27 61 63,finance.crédit.toucountouna@finance.crédit.toucountouna.org,financecrédittoucountouna.bj,TPE (<10),B2B,CCIB Annuaire,,Actif,2026-06-29T00:15:34.306453,haute
BJ-FDE8F2DC,Épargne,Finance & Assurance,Toucountouna,+229 54 60 81 40,épargne@épargne.net,,PME (10-50),B2B,CCIB Annuaire,,Actif,2026-06-29T00:15:34.306492,moyenne
BJ-BFE55550,National Boukoumbé,Finance & Assurance,Boukoumbé,+229 81 21 18 33,national.boukoumbé@national.boukoumbé.net,nationalboukoumbé.bj,TPE (<10),B2B,CCIB Annuaire,,Actif,2026-06-29T00:15:34.306524,haute
BJ-CD2E5A32,Épargne Groupe,Finance & Assurance,Boukoumbé,+229 73 17 72 52,,épargnegroupe.bj,PME (10-50),B2C,CCIB Annuaire,,Actif,2026-06-29T00:15:34.306536,moyenne
BJ-4C38AA66,National Finance,Finance & Assurance,Boukoumbé,+229 76 96 88 35,,nationalfinance.bj,PME (10-50),B2C,CCIB Annuaire,,Actif,2026-06-29T00:15:34.306547,moyenne
BJ-28761027,Crédit Assurances Boukoumbé,Finance & Assurance,Boukoumbé,+229 53 93 71 53,crédit.assurances.boukoumbé@crédit.assurances.boukoumbé.org,,TPE (<10),B2C,CCIB Annuaire,,Actif,2026-06-29T00:15:34.306560,moyenne
BJ-F4BBF58A,Assurance,Finance & Assurance,Boukoumbé,+229 71 28 25 86,assurance@assurance.org,assurance.bj,TPE (<10),B2B,CCIB Annuaire,,Actif,2026-06-29T00:15:34.306572,haute
BJ-AE30CE98,Crédit Assurances,Finance & Assurance,Kouandé,+229 63 19 95 80,crédit.assurances@crédit.assurances.benin,,PME (50-200),B2B,CCIB Annuaire,,Actif,2026-06-29T00:15:34.306610,moyenne
BJ-F52F70B9,Auto Groupe,Finance & Assurance,Kouandé,+229 54 67 67 18,auto.groupe@auto.groupe.net,autogroupe.bj,TPE (<10),B2B,CCIB Annuaire,,Actif,2026-06-29T00:15:34.306623,haute
BJ-1259B1A7,Capital Invest,Finance & Assurance,Kouandé,+229 60 37 64 20,capital.invest@capital.invest.benin,capitalinvest.bj,TPE (<10),B2B,CCIB Annuaire,,Actif,2026-06-29T00:15:34.306636,haute
BJ-4C3C3F66,Banque Crédit Invest,Finance & Assurance,Kouandé,+229 30 56 92 88,banque.crédit.invest@banque.crédit.invest.bj,banquecréditinvest.bj,TPE (<10),B2C,CCIB Annuaire,,Actif,2026-06-29T00:15:34.306648,haute
BJ-E7425941,Finance Santé,Finance & Assurance,Péhunco,+229 30 42 81 85,finance.santé@finance.santé.net,,TPE (<10),B2C,CCIB Annuaire,,Actif,2026-06-29T00:15:34.306672,moyenne
BJ-AEBCA8AC,Auto Bank,Finance & Assurance,Péhunco,+229 78 29 47 82,auto.bank@auto.bank.com,,PME (10-50),B2B,CCIB Annuaire,,Actif,2026-06-29T00:15:34.306687,moyenne
BJ-D65EFF0A,Société Épargne,Finance & Assurance,Péhunco,+229 64 40 77 66,société.épargne@société.épargne.benin,,Grande (>200),B2B,CCIB Annuaire,,Actif,2026-06-29T00:15:34.306700,moyenne
BJ-9CA7D4CC,Banque Africa,Finance & Assurance,Péhunco,+229 37 11 35 75,banque.africa@banque.africa.net,,PME (50-200),B2C,CCIB Annuaire,,Actif,2026-06-29T00:15:34.306711,moyenne
BJ-4706A42F,Protection Finance,Finance & Assurance,Tchaourou,+229 85 21 41 30,,protectionfinance.bj,TPE (<10),B2C,CCIB Annuaire,,Actif,2026-06-29T00:15:34.306740,moyenne
BJ-CD9F2919,Épargne SARL,Finance & Assurance,Tchaourou,+229 62 68 75 82,épargne.sarl@épargne.sarl.bj,épargnesarl.bj,PME (10-50),B2B,CCIB Annuaire,,Actif,2026-06-29T00:15:34.306757,haute
BJ-31B8606D,Sécurité International,Finance & Assurance,Tchaourou,+229 88 79 54 98,sécurité.international@sécurité.international.bj,sécuritéinternational.bj,TPE (<10),B2B,CCIB Annuaire,,Actif,2026-06-29T00:15:34.306771,haute
BJ-D1025EC2,Banque Protection Bank,Finance & Assurance,Tchaourou,+229 70 28 91 88,banque.protection.bank@banque.protection.bank.com,,TPE (<10),B2C,CCIB Annuaire,,Actif,2026-06-29T00:15:34.306785,moyenne
BJ-7C97B6E4,Cabinet Protection Groupe,Finance & Assurance,Tchaourou,+229 63 13 85 48,,cabinetprotectiongroupe.bj,TPE (<10),B2C,CCIB Annuaire,,Actif,2026-06-29T00:15:34.306797,moyenne
BJ-FE07EC3B,Finance Investissement Finance,Finance & Assurance,Nikki,+229 65 10 45 73,finance.investissement.finance@finance.investissement.finance.org,,PME (10-50),B2C,CCIB Annuaire,,Actif,2026-06-29T00:15:34.306815,moyenne
BJ-29E43BEA,Investissement Nikki,Finance & Assurance,Nikki,+229 40 73 90 68,investissement.nikki@investissement.nikki.bj,investissementnikki.bj,PME (10-50),B2B,CCIB Annuaire,,Actif,2026-06-29T00:15:34.306839,haute
BJ-CF7D4292,Société Santé Invest Nikki,Finance & Assurance,Nikki,+229 70 29 99 92,société.santé.invest.nikki@société.santé.invest.nikki.bj,sociétésantéinvestnikki.bj,PME (50-200),B2B,CCIB Annuaire,,Actif,2026-06-29T00:15:34.306854,haute
BJ-6844B868,Finance Crédit,Finance & Assurance,Nikki,+229 84 36 21 25,finance.crédit@finance.crédit.benin,financecrédit.bj,PME (50-200),B2C,CCIB Annuaire,,Actif,2026-06-29T00:15:34.306866,haute
BJ-DB8ABE18,Africa Assurances,Finance & Assurance,Bembéréké,+229 56 33 32 30,,africaassurances.bj,PME (50-200),B2C,CCIB Annuaire,,Actif,2026-06-29T00:15:34.306884,moyenne
BJ-BA498950,Crédit Bembéréké,Finance & Assurance,Bembéréké,+229 36 85 88 97,,créditbembéréké.bj,TPE (<10),B2C,CCIB Annuaire,,Actif,2026-06-29T00:15:34.306934,moyenne
BJ-EF751186,Cabinet Protection Assurances,Finance & Assurance,Bembéréké,+229 27 10 25 44,cabinet.protection.assurances@cabinet.protection.assurances.benin,,PME (10-50),B2C,CCIB Annuaire,,Actif,2026-06-29T00:15:34.306962,moyenne
BJ-079EEE73,Banque Crédit,Finance & Assurance,Kalalé,+229 54 94 95 68,banque.crédit@banque.crédit.org,banquecrédit.bj,TPE (<10),B2C,CCIB Annuaire,,Actif,2026-06-29T00:15:34.306983,haute
BJ-BDA7DF21,Épargne,Finance & Assurance,Kalalé,+229 87 77 54 10,,épargne.bj,PME (10-50),B2C,CCIB Annuaire,,Actif,2026-06-29T00:15:34.306996,moyenne
BJ-8B9AD4D5,Banque West,Finance & Assurance,Kalalé,+229 57 21 23 35,banque.west@banque.west.net,,PME (50-200),B2B,CCIB Annuaire,,Actif,2026-06-29T00:15:34.307008,moyenne
BJ-5CAE708A,Groupe Assurance,Finance & Assurance,Kalalé,+229 43 78 93 17,groupe.assurance@groupe.assurance.com,groupeassurance.bj,TPE (<10),B2B,CCIB Annuaire,,Actif,2026-06-29T00:15:34.307022,haute
BJ-D0C36C5C,Société Africa,Finance & Assurance,Kalalé,+229 50 64 57 40,,sociétéafrica.bj,Grande (>200),B2C,CCIB Annuaire,,Actif,2026-06-29T00:15:34.307033,moyenne
BJ-3F7534A2,Crédit SARL,Finance & Assurance,Ndali,+229 78 25 94 60,crédit.sarl@crédit.sarl.bj,créditsarl.bj,TPE (<10),B2C,CCIB Annuaire,,Actif,2026-06-29T00:15:34.307053,haute
BJ-48F8AE1F,Groupe Protection Bank,Finance & Assurance,Ndali,+229 30 53 73 92,groupe.protection.bank@groupe.protection.bank.org,groupeprotectionbank.bj,PME (10-50),B2B,CCIB Annuaire,,Actif,2026-06-29T00:15:34.307069,haute
BJ-713D13FB,Cabinet Épargne,Finance & Assurance,Ndali,+229 64 24 67 79,,cabinetépargne.bj,TPE (<10),B2C,CCIB Annuaire,,Actif,2026-06-29T00:15:34.307094,moyenne
BJ-9F09F106,Banque Investissement,Finance & Assurance,Ndali,+229 77 83 77 72,banque.investissement@banque.investissement.bj,banqueinvestissement.bj,PME (10-50),B2B,CCIB Annuaire,,Actif,2026-06-29T00:15:34.307106,haute
BJ-24C7D6E0,Finance Auto,Finance & Assurance,Ségbana,+229 59 22 79 72,finance.auto@finance.auto.net,,TPE (<10),B2C,CCIB Annuaire,,Actif,2026-06-29T00:15:34.307135,moyenne
BJ-672F598A,Sécurité International,Finance & Assurance,Ségbana,+229 27 48 88 16,sécurité.international@sécurité.international.net,sécuritéinternational.bj,TPE (<10),B2B,CCIB Annuaire,,Actif,2026-06-29T00:15:34.307148,haute
BJ-F0840555,Sécurité Ségbana,Finance & Assurance,Ségbana,+229 68 53 37 21,,,TPE (<10),B2B,CCIB Annuaire,,Actif,2026-06-29T00:15:34.307159,basse
BJ-F8A016A8,Banque Auto,Finance & Assurance,Ségbana,+229 20 23 50 14,banque.auto@banque.auto.com,banqueauto.bj,PME (10-50),B2C,CCIB Annuaire,,Actif,2026-06-29T00:15:34.307170,haute
BJ-D5121593,Cabinet Capital,Finance & Assurance,Tchaourou,+229 26 73 71 44,cabinet.capital@cabinet.capital.bj,cabinetcapital.bj,TPE (<10),B2C,CCIB Annuaire,,Actif,2026-06-29T00:15:34.307202,haute
BJ-EDDDAFF2,Banque Africa,Finance & Assurance,Tchaourou,+229 74 10 84 39,banque.africa@banque.africa.bj,,TPE (<10),B2C,CCIB Annuaire,,Actif,2026-06-29T00:15:34.307216,moyenne
BJ-65E505B0,Santé SA,Finance & Assurance,Tchaourou,+229 51 52 91 44,santé.sa@santé.sa.com,santésa.bj,TPE (<10),B2C,CCIB Annuaire,,Actif,2026-06-29T00:15:34.307229,haute
BJ-A54D60D0,Finance Auto SA,Finance & Assurance,Tchaourou,+229 55 24 75 72,finance.auto.sa@finance.auto.sa.bj,,TPE (<10),B2C,CCIB Annuaire,,Actif,2026-06-29T00:15:34.307240,moyenne
BJ-8811DD5A,Cabinet Crédit Bétérou,Finance & Assurance,Bétérou,+229 35 67 75 36,cabinet.crédit.bétérou@cabinet.crédit.bétérou.bj,cabinetcréditbétérou.bj,PME (50-200),B2B,CCIB Annuaire,,Actif,2026-06-29T00:15:34.307273,haute
BJ-F4F10C8C,Cabinet Protection Bank,Finance & Assurance,Bétérou,+229 48 32 89 33,cabinet.protection.bank@cabinet.protection.bank.benin,cabinetprotectionbank.bj,PME (10-50),B2C,CCIB Annuaire,,Actif,2026-06-29T00:15:34.307285,haute
BJ-51A3142C,Sécurité Bank,Finance & Assurance,Bétérou,+229 63 22 18 13,sécurité.bank@sécurité.bank.net,sécuritébank.bj,PME (10-50),B2B,CCIB Annuaire,,Actif,2026-06-29T00:15:34.307297,haute
BJ-B490D927,Finance Protection,Finance & Assurance,Bétérou,+229 96 67 24 99,finance.protection@finance.protection.bj,financeprotection.bj,PME (10-50),B2C,CCIB Annuaire,,Actif,2026-06-29T00:15:34.307319,haute
BJ-D5BDE1F5,National Capital,Finance & Assurance,Ouessè,+229 70 64 69 33,national.capital@national.capital.net,nationalcapital.bj,TPE (<10),B2C,CCIB Annuaire,,Actif,2026-06-29T00:15:34.307336,haute
BJ-045CA3D3,Sécurité International,Finance & Assurance,Ouessè,+229 75 31 32 49,sécurité.international@sécurité.international.bj,sécuritéinternational.bj,PME (10-50),B2C,CCIB Annuaire,,Actif,2026-06-29T00:15:34.307351,haute
BJ-84387CDE,Finance Crédit Ouessè,Finance & Assurance,Ouessè,+229 36 56 13 41,,financecréditouessè.bj,PME (50-200),B2B,CCIB Annuaire,,Actif,2026-06-29T00:15:34.307363,moyenne
BJ-37E0776B,Finance Santé,Finance & Assurance,Ouessè,+229 59 75 16 57,finance.santé@finance.santé.benin,,TPE (<10),B2C,CCIB Annuaire,,Actif,2026-06-29T00:15:34.307374,moyenne
BJ-7E8FCA0B,Groupe International,Finance & Assurance,Glazoué,+229 73 52 67 24,groupe.international@groupe.international.com,groupeinternational.bj,PME (50-200),B2C,CCIB Annuaire,,Actif,2026-06-29T00:15:34.307405,haute
BJ-6DF41F78,Assurance Capital International,Finance & Assurance,Glazoué,+229 21 77 19 32,assurance.capital.international@assurance.capital.international.bj,,PME (50-200),B2B,CCIB Annuaire,,Actif,2026-06-29T00:15:34.307441,moyenne
BJ-3AFE0179,Cabinet Assurance Capital,Finance & Assurance,Glazoué,+229 35 73 57 98,cabinet.assurance.capital@cabinet.assurance.capital.com,cabinetassurancecapital.bj,TPE (<10),B2C,CCIB Annuaire,,Actif,2026-06-29T00:15:34.307453,haute
BJ-3135FA7E,Bénin,Finance & Assurance,Dassa-Zoumè,+229 99 80 81 85,bénin@bénin.net,bénin.bj,TPE (<10),B2B,CCIB Annuaire,,Actif,2026-06-29T00:15:34.307470,haute
BJ-2A7FC721,West Groupe,Finance & Assurance,Dassa-Zoumè,+229 81 24 65 71,west.groupe@west.groupe.benin,,Grande (>200),B2B,CCIB Annuaire,,Actif,2026-06-29T00:15:34.307484,moyenne
BJ-CEA1686F,Société Investissement Bank,Finance & Assurance,Dassa-Zoumè,+229 72 66 24 13,société.investissement.bank@société.investissement.bank.benin,,TPE (<10),B2B,CCIB Annuaire,,Actif,2026-06-29T00:15:34.307507,moyenne
BJ-1004F03E,Cabinet Protection,Finance & Assurance,Dassa-Zoumè,+229 30 85 82 37,,cabinetprotection.bj,PME (50-200),B2C,CCIB Annuaire,,Actif,2026-06-29T00:15:34.307518,moyenne
BJ-EBF5D420,Groupe Protection Assurances,Finance & Assurance,Savalou,+229 91 25 97 22,,groupeprotectionassurances.bj,Grande (>200),B2B,CCIB Annuaire,,Actif,2026-06-29T00:15:34.307536,moyenne
BJ-2E48EE36,West Bank,Finance & Assurance,Savalou,+229 81 40 96 31,west.bank@west.bank.com,westbank.bj,PME (50-200),B2C,CCIB Annuaire,,Actif,2026-06-29T00:15:34.307548,haute
BJ-0E4FE990,Protection Assurances,Finance & Assurance,Savalou,+229 89 32 74 88,protection.assurances@protection.assurances.benin,protectionassurances.bj,TPE (<10),B2C,CCIB Annuaire,,Actif,2026-06-29T00:15:34.307562,haute
BJ-94D36A9B,Cabinet Capital SA Savalou,Finance & Assurance,Savalou,+229 87 61 82 86,cabinet.capital.sa.savalou@cabinet.capital.sa.savalou.org,cabinetcapitalsasavalou.bj,TPE (<10),B2B,CCIB Annuaire,,Actif,2026-06-29T00:15:34.307574,haute
BJ-34972447,Assurance Invest,Finance & Assurance,Savalou,+229 90 44 99 77,,assuranceinvest.bj,TPE (<10),B2C,CCIB Annuaire,,Actif,2026-06-29T00:15:34.307584,moyenne
BJ-C7AD237A,Bénin,Finance & Assurance,Bantè,+229 65 64 11 65,bénin@bénin.bj,,PME (50-200),B2C,CCIB Annuaire,,Actif,2026-06-29T00:15:34.307601,moyenne
BJ-622AF85A,Assurance Santé International,Finance & Assurance,Bantè,+229 54 92 14 86,assurance.santé.international@assurance.santé.international.bj,assurancesantéinternational.bj,Grande (>200),B2C,CCIB Annuaire,,Actif,2026-06-29T00:15:34.307616,haute
BJ-EF29CF61,Assurance SA,Finance & Assurance,Bantè,+229 82 26 27 66,assurance.sa@assurance.sa.bj,assurancesa.bj,TPE (<10),B2B,CCIB Annuaire,,Actif,2026-06-29T00:15:34.307631,haute
BJ-563BBD50,Banque Assurance,Finance & Assurance,Bantè,+229 98 95 21 29,banque.assurance@banque.assurance.bj,banqueassurance.bj,TPE (<10),B2C,CCIB Annuaire,,Actif,2026-06-29T00:15:34.307643,haute
BJ-00960A1C,West Groupe Bantè,Finance & Assurance,Bantè,+229 53 57 94 58,west.groupe.bantè@west.groupe.bantè.benin,westgroupebantè.bj,TPE (<10),B2B,CCIB Annuaire,,Actif,2026-06-29T00:15:34.307655,haute
BJ-C4AA4768,Assurance Capital,Finance & Assurance,Djougou,+229 48 79 45 78,assurance.capital@assurance.capital.net,,PME (50-200),B2B,CCIB Annuaire,,Actif,2026-06-29T00:15:34.307671,moyenne
BJ-D3BC411A,Groupe Épargne Invest,Finance & Assurance,Djougou,+229 22 60 99 99,groupe.épargne.invest@groupe.épargne.invest.com,groupeépargneinvest.bj,Grande (>200),B2B,CCIB Annuaire,,Actif,2026-06-29T00:15:34.307683,haute
BJ-2E68982F,Assurance Assurance,Finance & Assurance,Djougou,+229 41 50 29 87,assurance.assurance@assurance.assurance.net,assuranceassurance.bj,PME (50-200),B2B,CCIB Annuaire,,Actif,2026-06-29T00:15:34.307694,haute
BJ-FA49F406,National Invest,Finance & Assurance,Djougou,+229 68 81 32 81,national.invest@national.invest.benin,nationalinvest.bj,TPE (<10),B2B,CCIB Annuaire,,Actif,2026-06-29T00:15:34.307706,haute
BJ-06027F3B,Auto,Finance & Assurance,Djougou,+229 88 10 28 35,auto@auto.net,,TPE (<10),B2B,CCIB Annuaire,,Actif,2026-06-29T00:15:34.307716,moyenne
BJ-351C0131,Finance International Groupe,Finance & Assurance,Ouèssè,+229 83 10 39 95,,financeinternationalgroupe.bj,TPE (<10),B2B,CCIB Annuaire,,Actif,2026-06-29T00:15:34.307732,moyenne
BJ-7DAC63AC,Groupe Investissement SA,Finance & Assurance,Ouèssè,+229 44 27 63 90,,,PME (10-50),B2C,CCIB Annuaire,,Actif,2026-06-29T00:15:34.307745,basse
BJ-FFB3E49D,Banque Capital,Finance & Assurance,Ouèssè,+229 42 37 52 51,banque.capital@banque.capital.bj,banquecapital.bj,TPE (<10),B2C,CCIB Annuaire,,Actif,2026-06-29T00:15:34.307757,haute
BJ-365DAEA2,Bénin Assurances,Finance & Assurance,Ouèssè,+229 96 66 89 91,bénin.assurances@bénin.assurances.benin,béninassurances.bj,TPE (<10),B2C,CCIB Annuaire,,Actif,2026-06-29T00:15:34.307769,haute
BJ-087068C3,Finance Bénin Ouèssè,Finance & Assurance,Ouèssè,+229 41 75 38 28,finance.bénin.ouèssè@finance.bénin.ouèssè.benin,,TPE (<10),B2B,CCIB Annuaire,,Actif,2026-06-29T00:15:34.307781,moyenne
BJ-347E68E1,Groupe Africa Invest,Finance & Assurance,Bassila,+229 46 16 50 30,groupe.africa.invest@groupe.africa.invest.bj,groupeafricainvest.bj,PME (10-50),B2C,CCIB Annuaire,,Actif,2026-06-29T00:15:34.307798,haute
BJ-C42048B5,Société Crédit SARL Bassila,Finance & Assurance,Bassila,+229 20 91 54 58,société.crédit.sarl.bassila@société.crédit.sarl.bassila.net,sociétécréditsarlbassila.bj,Grande (>200),B2B,CCIB Annuaire,,Actif,2026-06-29T00:15:34.307817,haute
BJ-4F1F35E1,Société Vie,Finance & Assurance,Bassila,+229 82 13 10 52,société.vie@société.vie.com,sociétévie.bj,TPE (<10),B2B,CCIB Annuaire,,Actif,2026-06-29T00:15:34.307832,haute
BJ-725486F7,National Invest,Finance & Assurance,Bassila,+229 69 13 29 65,national.invest@national.invest.com,,PME (50-200),B2B,CCIB Annuaire,,Actif,2026-06-29T00:15:34.307843,moyenne
BJ-92B797B8,Auto,Finance & Assurance,Pehunco,+229 64 98 24 22,auto@auto.net,auto.bj,PME (50-200),B2C,CCIB Annuaire,,Actif,2026-06-29T00:15:34.307870,haute
BJ-94492459,Vie International Pehunco,Finance & Assurance,Pehunco,+229 98 33 18 34,vie.international.pehunco@vie.international.pehunco.net,vieinternationalpehunco.bj,TPE (<10),B2B,CCIB Annuaire,,Actif,2026-06-29T00:15:34.307896,haute
BJ-0756D7B4,Groupe Protection,Finance & Assurance,Pehunco,+229 77 66 37 59,groupe.protection@groupe.protection.benin,,TPE (<10),B2B,CCIB Annuaire,,Actif,2026-06-29T00:15:34.307928,moyenne
BJ-DA6A8BDD,Bénin Capital,Finance & Assurance,Pehunco,+229 76 94 96 61,bénin.capital@bénin.capital.net,,Grande (>200),B2B,CCIB Annuaire,,Actif,2026-06-29T00:15:34.307965,moyenne
BJ-D9A20C99,Finance Auto SARL Copargo,Finance & Assurance,Copargo,+229 50 70 86 35,finance.auto.sarl.copargo@finance.auto.sarl.copargo.benin,,Grande (>200),B2C,CCIB Annuaire,,Actif,2026-06-29T00:15:34.307983,moyenne
BJ-38F940D0,Société Capital Invest,Finance & Assurance,Copargo,+229 79 86 23 43,société.capital.invest@société.capital.invest.org,sociétécapitalinvest.bj,Grande (>200),B2C,CCIB Annuaire,,Actif,2026-06-29T00:15:34.307996,haute
BJ-992266F8,Sécurité SARL,Finance & Assurance,Copargo,+229 85 72 60 74,sécurité.sarl@sécurité.sarl.bj,sécuritésarl.bj,TPE (<10),B2C,CCIB Annuaire,,Actif,2026-06-29T00:15:34.308008,haute
BJ-8D37CABC,Société Vie,Finance & Assurance,Copargo,+229 88 44 26 96,société.vie@société.vie.com,sociétévie.bj,TPE (<10),B2C,CCIB Annuaire,,Actif,2026-06-29T00:15:34.308043,haute
BJ-60C2DFAA,Delivery Cargo,Transport & Logistique,Cotonou,+229 73 35 81 89,,,PME (50-200),B2C,CCIB Annuaire,,Actif,2026-06-29T00:15:34.308060,basse
BJ-1BAE6E23,Transport Transit Cotonou,Transport & Logistique,Cotonou,+229 64 97 95 64,,,PME (10-50),B2B,CCIB Annuaire,,Actif,2026-06-29T00:15:34.308078,basse
BJ-9387EB81,Groupe Messagerie,Transport & Logistique,Cotonou,+229 95 14 91 79,,,PME (50-200),B2C,CCIB Annuaire,,Actif,2026-06-29T00:15:34.308088,basse
BJ-243DF600,Livraison Delivery,Transport & Logistique,Cotonou,+229 27 82 79 97,,livraisondelivery.bj,TPE (<10),B2C,CCIB Annuaire,,Actif,2026-06-29T00:15:34.308131,moyenne
BJ-58A7EA8E,Groupe Fret Logistique,Transport & Logistique,Abomey-Calavi,+229 63 15 38 70,groupe.fret.logistique@groupe.fret.logistique.bj,groupefretlogistique.bj,PME (10-50),B2C,CCIB Annuaire,,Actif,2026-06-29T00:15:34.308150,haute
BJ-E18EED4C,Urgent,Transport & Logistique,Abomey-Calavi,+229 54 69 11 36,urgent@urgent.org,,PME (10-50),B2B,CCIB Annuaire,,Actif,2026-06-29T00:15:34.308161,moyenne
BJ-12195384,Logistique Express Logistique,Transport & Logistique,Abomey-Calavi,+229 47 53 76 79,logistique.express.logistique@logistique.express.logistique.benin,,PME (10-50),B2B,CCIB Annuaire,,Actif,2026-06-29T00:15:34.308172,moyenne
BJ-33B85714,Groupe Transit Delivery Abomey-Calavi,Transport & Logistique,Abomey-Calavi,+229 85 11 89 62,,groupetransitdeliveryabomeycalavi.bj,TPE (<10),B2B,CCIB Annuaire,,Actif,2026-06-29T00:15:34.308182,moyenne
BJ-2B08D579,Rapide SARL,Transport & Logistique,Abomey-Calavi,+229 86 20 96 14,rapide.sarl@rapide.sarl.bj,rapidesarl.bj,PME (50-200),B2C,CCIB Annuaire,,Actif,2026-06-29T00:15:34.308194,haute
BJ-031EF714,Courrier SARL,Transport & Logistique,Porto-Novo,+229 26 21 99 62,courrier.sarl@courrier.sarl.benin,,PME (10-50),B2C,CCIB Annuaire,,Actif,2026-06-29T00:15:34.308236,moyenne
BJ-3710A731,Transport Route Logistique,Transport & Logistique,Porto-Novo,+229 20 32 87 21,transport.route.logistique@transport.route.logistique.bj,transportroutelogistique.bj,TPE (<10),B2B,CCIB Annuaire,,Actif,2026-06-29T00:15:34.308263,haute
BJ-52300398,Rapide Messagerie Express,Transport & Logistique,Porto-Novo,+229 95 59 83 81,,,TPE (<10),B2B,CCIB Annuaire,,Actif,2026-06-29T00:15:34.308274,basse
BJ-D08D76A6,Logistique Express Transport,Transport & Logistique,Porto-Novo,+229 60 26 36 94,,logistiqueexpresstransport.bj,Grande (>200),B2B,CCIB Annuaire,,Actif,2026-06-29T00:15:34.308284,moyenne
BJ-A3E24BCA,Livraison Logistique,Transport & Logistique,Parakou,+229 42 22 35 13,livraison.logistique@livraison.logistique.org,livraisonlogistique.bj,PME (10-50),B2C,CCIB Annuaire,,Actif,2026-06-29T00:15:34.308301,haute
BJ-EFA1B004,Urgent Bénin Parakou,Transport & Logistique,Parakou,+229 76 84 31 30,urgent.bénin.parakou@urgent.bénin.parakou.benin,,PME (50-200),B2C,CCIB Annuaire,,Actif,2026-06-29T00:15:34.308317,moyenne
BJ-B9D6CF81,Express,Transport & Logistique,Parakou,+229 48 76 24 62,,express.bj,TPE (<10),B2C,CCIB Annuaire,,Actif,2026-06-29T00:15:34.308340,moyenne
BJ-EA8D359A,Déménagement,Transport & Logistique,Parakou,+229 39 71 51 77,déménagement@déménagement.bj,,PME (50-200),B2B,CCIB Annuaire,,Actif,2026-06-29T00:15:34.308351,moyenne
BJ-3C014563,Route Transport,Transport & Logistique,Bohicon,+229 37 27 60 12,,routetransport.bj,PME (10-50),B2B,CCIB Annuaire,,Actif,2026-06-29T00:15:34.308382,moyenne
BJ-905D5B26,Delivery Route International,Transport & Logistique,Bohicon,+229 68 59 92 48,delivery.route.international@delivery.route.international.net,deliveryrouteinternational.bj,TPE (<10),B2B,CCIB Annuaire,,Actif,2026-06-29T00:15:34.308397,haute
BJ-AEBF65C2,Déménagement SARL Bohicon,Transport & Logistique,Bohicon,+229 25 32 92 21,déménagement.sarl.bohicon@déménagement.sarl.bohicon.bj,,PME (10-50),B2B,CCIB Annuaire,,Actif,2026-06-29T00:15:34.308409,moyenne
BJ-BE7409F7,Logistique Distribution,Transport & Logistique,Bohicon,+229 80 72 94 63,logistique.distribution@logistique.distribution.com,logistiquedistribution.bj,PME (10-50),B2B,CCIB Annuaire,,Actif,2026-06-29T00:15:34.308421,haute
BJ-AD16E753,Groupe Aérien,Transport & Logistique,Bohicon,+229 89 44 29 31,,,TPE (<10),B2C,CCIB Annuaire,,Actif,2026-06-29T00:15:34.308431,basse
BJ-FFCB6B42,Cargo,Transport & Logistique,Natitingou,+229 92 50 40 43,cargo@cargo.com,,TPE (<10),B2C,CCIB Annuaire,,Actif,2026-06-29T00:15:34.308446,moyenne
BJ-5392BA54,Urgent,Transport & Logistique,Natitingou,+229 59 24 40 45,,,PME (10-50),B2B,CCIB Annuaire,,Actif,2026-06-29T00:15:34.308456,basse
BJ-59715F7A,Rapide,Transport & Logistique,Natitingou,+229 60 71 19 98,rapide@rapide.bj,,TPE (<10),B2B,CCIB Annuaire,,Actif,2026-06-29T00:15:34.308467,moyenne
BJ-92E72312,Logistique Express,Transport & Logistique,Natitingou,+229 51 16 23 71,logistique.express@logistique.express.net,logistiqueexpress.bj,TPE (<10),B2B,CCIB Annuaire,,Actif,2026-06-29T00:15:34.308478,haute
BJ-6D3A0A1D,Logistique Courrier Logistique,Transport & Logistique,Lokossa,+229 71 57 52 19,,,PME (10-50),B2C,CCIB Annuaire,,Actif,2026-06-29T00:15:34.308503,basse
BJ-29E491AE,Aérien Delivery,Transport & Logistique,Lokossa,+229 59 41 43 76,,aériendelivery.bj,TPE (<10),B2C,CCIB Annuaire,,Actif,2026-06-29T00:15:34.308517,moyenne
BJ-A14480C9,Logistique Urgent Africa,Transport & Logistique,Lokossa,+229 33 92 70 35,logistique.urgent.africa@logistique.urgent.africa.bj,logistiqueurgentafrica.bj,TPE (<10),B2C,CCIB Annuaire,,Actif,2026-06-29T00:15:34.308529,haute
BJ-EFF6CC49,Rapide Aérien Transport Lokossa,Transport & Logistique,Lokossa,+229 90 65 40 55,,,PME (10-50),B2B,CCIB Annuaire,,Actif,2026-06-29T00:15:34.308539,basse
BJ-2637115B,Express Logistique Ouidah,Transport & Logistique,Ouidah,+229 82 45 76 51,express.logistique.ouidah@express.logistique.ouidah.bj,,PME (50-200),B2B,CCIB Annuaire,,Actif,2026-06-29T00:15:34.308567,moyenne
BJ-37475A36,Déménagement Transport,Transport & Logistique,Ouidah,+229 75 52 45 80,,déménagementtransport.bj,TPE (<10),B2C,CCIB Annuaire,,Actif,2026-06-29T00:15:34.308578,moyenne
BJ-8A0C53DB,SARL Distribution,Transport & Logistique,Ouidah,+229 76 67 39 44,,sarldistribution.bj,TPE (<10),B2C,CCIB Annuaire,,Actif,2026-06-29T00:15:34.308591,moyenne
BJ-4A24D4DD,Express Aérien Ouidah,Transport & Logistique,Ouidah,+229 85 89 21 72,express.aérien.ouidah@express.aérien.ouidah.bj,expressaérienouidah.bj,PME (50-200),B2B,CCIB Annuaire,,Actif,2026-06-29T00:15:34.308605,haute
BJ-902E56B0,Transport Transit,Transport & Logistique,Savalou,+229 32 43 18 37,,,TPE (<10),B2B,CCIB Annuaire,,Actif,2026-06-29T00:15:34.308632,basse
BJ-287FB8DD,Express Messagerie Delivery,Transport & Logistique,Savalou,+229 70 89 89 94,express.messagerie.delivery@express.messagerie.delivery.net,,PME (10-50),B2B,CCIB Annuaire,,Actif,2026-06-29T00:15:34.308645,moyenne
BJ-55278FD4,Fret SARL Savalou,Transport & Logistique,Savalou,+229 83 61 79 74,fret.sarl.savalou@fret.sarl.savalou.benin,,TPE (<10),B2B,CCIB Annuaire,,Actif,2026-06-29T00:15:34.308682,moyenne
BJ-E7DD8B53,Distribution Africa,Transport & Logistique,Dassa-Zoumè,+229 39 84 83 99,,,PME (10-50),B2B,CCIB Annuaire,,Actif,2026-06-29T00:15:34.308709,basse
BJ-BD7D68EC,Cargo Africa Dassa-Zoumè,Transport & Logistique,Dassa-Zoumè,+229 75 57 83 29,cargo.africa.dassazoumè@cargo.africa.dassazoumè.org,,PME (10-50),B2B,CCIB Annuaire,,Actif,2026-06-29T00:15:34.308721,moyenne
BJ-0BA64869,Delivery Fret,Transport & Logistique,Dassa-Zoumè,+229 66 71 52 54,delivery.fret@delivery.fret.org,deliveryfret.bj,PME (50-200),B2B,CCIB Annuaire,,Actif,2026-06-29T00:15:34.308732,haute
BJ-21756C59,Déménagement International Dassa-Zoumè,Transport & Logistique,Dassa-Zoumè,+229 82 35 66 59,,déménagementinternationaldassazoumè.bj,PME (10-50),B2C,CCIB Annuaire,,Actif,2026-06-29T00:15:34.308744,moyenne
BJ-E5B77925,Transport Route Delivery,Transport & Logistique,Kétou,+229 50 76 54 61,transport.route.delivery@transport.route.delivery.org,transportroutedelivery.bj,PME (50-200),B2C,CCIB Annuaire,,Actif,2026-06-29T00:15:34.308761,haute
BJ-0023B9CB,Distribution,Transport & Logistique,Kétou,+229 35 54 24 17,distribution@distribution.org,distribution.bj,PME (10-50),B2C,CCIB Annuaire,,Actif,2026-06-29T00:15:34.308775,haute
BJ-AC15A731,Logistique Urgent Kétou,Transport & Logistique,Kétou,+229 99 43 59 99,logistique.urgent.kétou@logistique.urgent.kétou.org,,PME (10-50),B2C,CCIB Annuaire,,Actif,2026-06-29T00:15:34.308787,moyenne
BJ-7F458B85,Distribution Africa Kétou,Transport & Logistique,Kétou,+229 70 49 21 30,distribution.africa.kétou@distribution.africa.kétou.benin,,TPE (<10),B2C,CCIB Annuaire,,Actif,2026-06-29T00:15:34.308802,moyenne
BJ-C2CA2010,Logistique Cargo Express Kétou,Transport & Logistique,Kétou,+229 67 80 85 76,logistique.cargo.express.kétou@logistique.cargo.express.kétou.com,logistiquecargoexpresskétou.bj,PME (10-50),B2C,CCIB Annuaire,,Actif,2026-06-29T00:15:34.308815,haute
BJ-915E8B3F,Route Africa,Transport & Logistique,Covè,+229 79 97 94 21,route.africa@route.africa.org,,PME (10-50),B2C,CCIB Annuaire,,Actif,2026-06-29T00:15:34.308831,moyenne
BJ-46249CFC,Groupe Express Express,Transport & Logistique,Covè,+229 64 28 95 78,groupe.express.express@groupe.express.express.bj,,Grande (>200),B2B,CCIB Annuaire,,Actif,2026-06-29T00:15:34.308841,moyenne
BJ-2FCD16B2,Urgent Africa Covè,Transport & Logistique,Covè,+229 31 36 22 66,urgent.africa.covè@urgent.africa.covè.net,urgentafricacovè.bj,TPE (<10),B2C,CCIB Annuaire,,Actif,2026-06-29T00:15:34.308854,haute
BJ-B8B22A82,Delivery Courrier,Transport & Logistique,Covè,+229 53 68 48 33,,,TPE (<10),B2C,CCIB Annuaire,,Actif,2026-06-29T00:15:34.308864,basse
BJ-9B1F0C14,Fret,Transport & Logistique,Pobè,+229 28 45 19 67,fret@fret.bj,,PME (10-50),B2C,CCIB Annuaire,,Actif,2026-06-29T00:15:34.308899,moyenne
BJ-1A12CF0E,Express Logistique,Transport & Logistique,Pobè,+229 53 67 19 33,express.logistique@express.logistique.org,,PME (10-50),B2C,CCIB Annuaire,,Actif,2026-06-29T00:15:34.308932,moyenne
BJ-2D65E5FC,Messagerie Pobè,Transport & Logistique,Pobè,+229 44 28 67 42,,,TPE (<10),B2C,CCIB Annuaire,,Actif,2026-06-29T00:15:34.308959,basse
BJ-5356DCAF,SARL Rapide,Transport & Logistique,Pobè,+229 60 54 63 28,sarl.rapide@sarl.rapide.bj,sarlrapide.bj,TPE (<10),B2C,CCIB Annuaire,,Actif,2026-06-29T00:15:34.308982,haute
BJ-9E0EF72A,Delivery Livraison Logistique,Transport & Logistique,Sakété,+229 42 61 85 25,delivery.livraison.logistique@delivery.livraison.logistique.bj,,TPE (<10),B2B,CCIB Annuaire,,Actif,2026-06-29T00:15:34.309002,moyenne
BJ-4B7C7802,Urgent,Transport & Logistique,Sakété,+229 83 77 44 37,urgent@urgent.bj,urgent.bj,PME (10-50),B2C,CCIB Annuaire,,Actif,2026-06-29T00:15:34.309015,haute
BJ-E5CEE452,Messagerie,Transport & Logistique,Sakété,+229 82 87 37 52,messagerie@messagerie.benin,,PME (50-200),B2C,CCIB Annuaire,,Actif,2026-06-29T00:15:34.309026,moyenne
BJ-0EC43862,Route Bénin,Transport & Logistique,Sakété,+229 68 61 59 26,route.bénin@route.bénin.bj,routebénin.bj,TPE (<10),B2C,CCIB Annuaire,,Actif,2026-06-29T00:15:34.309038,haute
BJ-7A4672A2,SARL Distribution,Transport & Logistique,Sakété,+229 27 67 69 29,sarl.distribution@sarl.distribution.net,sarldistribution.bj,PME (10-50),B2B,CCIB Annuaire,,Actif,2026-06-29T00:15:34.309054,haute
BJ-8B2BE4F9,Déménagement Africa,Transport & Logistique,Adjara,+229 63 45 56 94,,,PME (50-200),B2C,CCIB Annuaire,,Actif,2026-06-29T00:15:34.309070,basse
BJ-5C438456,Distribution Africa,Transport & Logistique,Adjara,+229 64 46 96 71,,distributionafrica.bj,PME (50-200),B2C,CCIB Annuaire,,Actif,2026-06-29T00:15:34.309087,moyenne
BJ-FF60C442,Groupe Transit,Transport & Logistique,Adjara,+229 54 32 22 45,,groupetransit.bj,PME (10-50),B2C,CCIB Annuaire,,Actif,2026-06-29T00:15:34.309098,moyenne
BJ-DD2E4DA0,Transit International,Transport & Logistique,Adjara,+229 93 61 55 76,transit.international@transit.international.bj,,PME (50-200),B2C,CCIB Annuaire,,Actif,2026-06-29T00:15:34.309109,moyenne
BJ-9048B0F8,Delivery Transit Bénin,Transport & Logistique,Adjara,+229 75 66 42 33,delivery.transit.bénin@delivery.transit.bénin.net,deliverytransitbénin.bj,TPE (<10),B2B,CCIB Annuaire,,Actif,2026-06-29T00:15:34.309121,haute
BJ-C186B068,Fret,Transport & Logistique,Allada,+229 53 77 43 80,fret@fret.net,,PME (50-200),B2C,CCIB Annuaire,,Actif,2026-06-29T00:15:34.309149,moyenne
BJ-1EFD637C,Courrier International Allada,Transport & Logistique,Allada,+229 70 49 94 84,courrier.international.allada@courrier.international.allada.net,,TPE (<10),B2B,CCIB Annuaire,,Actif,2026-06-29T00:15:34.309159,moyenne
BJ-B4FE7FE9,Maritime Express Allada,Transport & Logistique,Allada,+229 23 58 35 59,,,TPE (<10),B2C,CCIB Annuaire,,Actif,2026-06-29T00:15:34.309169,basse
BJ-A825F061,Transport Maritime Africa,Transport & Logistique,Aplahoué,+229 34 43 22 24,transport.maritime.africa@transport.maritime.africa.net,,PME (10-50),B2C,CCIB Annuaire,,Actif,2026-06-29T00:15:34.309196,moyenne
BJ-5D49E982,SARL Livraison,Transport & Logistique,Aplahoué,+229 22 66 74 80,sarl.livraison@sarl.livraison.org,,PME (10-50),B2B,CCIB Annuaire,,Actif,2026-06-29T00:15:34.309209,moyenne
BJ-0AF8CF55,Transport Rapide Aplahoué,Transport & Logistique,Aplahoué,+229 81 24 37 93,transport.rapide.aplahoué@transport.rapide.aplahoué.org,,TPE (<10),B2C,CCIB Annuaire,,Actif,2026-06-29T00:15:34.309222,moyenne
BJ-7494CA5F,Aérien,Transport & Logistique,Aplahoué,+229 28 40 42 18,aérien@aérien.benin,aérien.bj,PME (10-50),B2C,CCIB Annuaire,,Actif,2026-06-29T00:15:34.309233,haute
BJ-0C747B01,Aérien Transport,Transport & Logistique,Aplahoué,+229 48 14 91 97,,,PME (10-50),B2C,CCIB Annuaire,,Actif,2026-06-29T00:15:34.309243,basse
BJ-9D5A7400,Groupe Livraison,Transport & Logistique,Dogbo-Tota,+229 54 52 75 12,groupe.livraison@groupe.livraison.bj,,TPE (<10),B2C,CCIB Annuaire,,Actif,2026-06-29T00:15:34.309260,moyenne
BJ-CC0B0DD8,Déménagement Express,Transport & Logistique,Dogbo-Tota,+229 37 70 39 31,,,Grande (>200),B2B,CCIB Annuaire,,Actif,2026-06-29T00:15:34.309273,basse
BJ-EC98A216,Delivery Déménagement Delivery,Transport & Logistique,Dogbo-Tota,+229 40 29 57 54,delivery.déménagement.delivery@delivery.déménagement.delivery.net,deliverydéménagementdelivery.bj,PME (50-200),B2B,CCIB Annuaire,,Actif,2026-06-29T00:15:34.309286,haute
BJ-931B79DD,Delivery Messagerie Bénin,Transport & Logistique,Dogbo-Tota,+229 32 26 19 75,delivery.messagerie.bénin@delivery.messagerie.bénin.bj,,PME (50-200),B2C,CCIB Annuaire,,Actif,2026-06-29T00:15:34.309297,moyenne
BJ-F6DC9670,Rapide Dogbo-Tota,Transport & Logistique,Dogbo-Tota,+229 70 21 55 72,,rapidedogbotota.bj,TPE (<10),B2B,CCIB Annuaire,,Actif,2026-06-29T00:15:34.309308,moyenne
BJ-DC8487C7,Urgent,Transport & Logistique,Kpomassè,+229 79 55 64 73,urgent@urgent.org,,PME (10-50),B2C,CCIB Annuaire,,Actif,2026-06-29T00:15:34.309324,moyenne
BJ-46FA6D43,Transit Bénin,Transport & Logistique,Kpomassè,+229 22 75 69 35,transit.bénin@transit.bénin.org,transitbénin.bj,Grande (>200),B2C,CCIB Annuaire,,Actif,2026-06-29T00:15:34.309374,haute
BJ-4B5B885D,Rapide,Transport & Logistique,Tori-Bossito,+229 20 38 89 92,rapide@rapide.com,,PME (10-50),B2B,CCIB Annuaire,,Actif,2026-06-29T00:15:34.309390,moyenne
BJ-C1BFA86D,Express Route Tori-Bossito,Transport & Logistique,Tori-Bossito,+229 23 81 34 61,,expressroutetoribossito.bj,TPE (<10),B2C,CCIB Annuaire,,Actif,2026-06-29T00:15:34.309424,moyenne
BJ-6D688B40,Déménagement Logistique,Transport & Logistique,Tori-Bossito,+229 51 33 15 54,,,PME (10-50),B2C,CCIB Annuaire,,Actif,2026-06-29T00:15:34.309434,basse
BJ-CEBE1C9F,Rapide Distribution,Transport & Logistique,Grand-Popo,+229 39 70 51 47,,rapidedistribution.bj,TPE (<10),B2C,CCIB Annuaire,,Actif,2026-06-29T00:15:34.309450,moyenne
BJ-B3E32998,Route,Transport & Logistique,Grand-Popo,+229 74 69 29 24,route@route.bj,,TPE (<10),B2C,CCIB Annuaire,,Actif,2026-06-29T00:15:34.309464,moyenne
BJ-F5FDDE90,Distribution International,Transport & Logistique,Grand-Popo,+229 37 38 73 38,distribution.international@distribution.international.org,distributioninternational.bj,PME (10-50),B2B,CCIB Annuaire,,Actif,2026-06-29T00:15:34.309476,haute
BJ-8EBEFE8B,Transit Bénin,Transport & Logistique,Grand-Popo,+229 41 23 11 32,,transitbénin.bj,PME (10-50),B2C,CCIB Annuaire,,Actif,2026-06-29T00:15:34.309500,moyenne
BJ-A75A109D,Livraison Bénin,Transport & Logistique,Athiémé,+229 45 27 66 30,livraison.bénin@livraison.bénin.com,livraisonbénin.bj,TPE (<10),B2C,CCIB Annuaire,,Actif,2026-06-29T00:15:34.309518,haute
BJ-249C4788,Route,Transport & Logistique,Athiémé,+229 44 96 44 85,route@route.net,,PME (10-50),B2B,CCIB Annuaire,,Actif,2026-06-29T00:15:34.309529,moyenne
BJ-303A4111,Rapide Fret,Transport & Logistique,Athiémé,+229 90 86 61 27,rapide.fret@rapide.fret.bj,rapidefret.bj,PME (50-200),B2C,CCIB Annuaire,,Actif,2026-06-29T00:15:34.309540,haute
BJ-525A5D13,Groupe Cargo,Transport & Logistique,Athiémé,+229 60 94 58 14,,,TPE (<10),B2C,CCIB Annuaire,,Actif,2026-06-29T00:15:34.309550,basse
BJ-B421B1B5,Express Livraison,Transport & Logistique,Athiémé,+229 24 52 82 38,express.livraison@express.livraison.benin,,Grande (>200),B2B,CCIB Annuaire,,Actif,2026-06-29T00:15:34.309560,moyenne
BJ-329C2075,Express Aérien,Transport & Logistique,Bopa,+229 44 67 57 78,,,PME (50-200),B2C,CCIB Annuaire,,Actif,2026-06-29T00:15:34.309575,basse
BJ-08786AA4,Express,Transport & Logistique,Bopa,+229 35 70 33 65,,express.bj,TPE (<10),B2C,CCIB Annuaire,,Actif,2026-06-29T00:15:34.309589,moyenne
BJ-29D39C42,Delivery Fret Express,Transport & Logistique,Bopa,+229 68 25 58 99,delivery.fret.express@delivery.fret.express.benin,,TPE (<10),B2B,CCIB Annuaire,,Actif,2026-06-29T00:15:34.309600,moyenne
BJ-6B00996E,Delivery Route,Transport & Logistique,Bopa,+229 25 36 39 46,delivery.route@delivery.route.benin,deliveryroute.bj,TPE (<10),B2C,CCIB Annuaire,,Actif,2026-06-29T00:15:34.309621,haute
BJ-9F35398F,Aérien,Transport & Logistique,Houéyogbé,+229 38 24 19 12,aérien@aérien.com,,Grande (>200),B2B,CCIB Annuaire,,Actif,2026-06-29T00:15:34.309638,moyenne
BJ-43081DB0,Groupe Livraison Africa,Transport & Logistique,Houéyogbé,+229 49 20 32 65,groupe.livraison.africa@groupe.livraison.africa.com,,PME (10-50),B2C,CCIB Annuaire,,Actif,2026-06-29T00:15:34.309649,moyenne
BJ-DB7AAA9C,Delivery Fret Houéyogbé,Transport & Logistique,Houéyogbé,+229 45 99 34 99,delivery.fret.houéyogbé@delivery.fret.houéyogbé.bj,,TPE (<10),B2C,CCIB Annuaire,,Actif,2026-06-29T00:15:34.309660,moyenne
BJ-ECA59081,Rapide Aérien Transport,Transport & Logistique,Houéyogbé,+229 68 85 16 48,rapide.aérien.transport@rapide.aérien.transport.net,,PME (10-50),B2C,CCIB Annuaire,,Actif,2026-06-29T00:15:34.309682,moyenne
BJ-D2400A47,Distribution Transport,Transport & Logistique,Malanville,+229 61 68 14 34,,,PME (50-200),B2B,CCIB Annuaire,,Actif,2026-06-29T00:15:34.309700,basse
BJ-CC8CDACA,Distribution Express,Transport & Logistique,Malanville,+229 79 47 54 93,,distributionexpress.bj,PME (10-50),B2B,CCIB Annuaire,,Actif,2026-06-29T00:15:34.309714,moyenne
BJ-704A4E7E,Maritime Africa Malanville,Transport & Logistique,Malanville,+229 32 15 94 50,maritime.africa.malanville@maritime.africa.malanville.benin,maritimeafricamalanville.bj,PME (50-200),B2B,CCIB Annuaire,,Actif,2026-06-29T00:15:34.309726,haute
BJ-0BC3A798,Logistique Urgent Malanville,Transport & Logistique,Malanville,+229 98 62 84 23,logistique.urgent.malanville@logistique.urgent.malanville.org,,TPE (<10),B2C,CCIB Annuaire,,Actif,2026-06-29T00:15:34.309740,moyenne
BJ-00633D00,Groupe Déménagement Malanville,Transport & Logistique,Malanville,+229 80 87 33 22,groupe.déménagement.malanville@groupe.déménagement.malanville.net,,PME (10-50),B2C,CCIB Annuaire,,Actif,2026-06-29T00:15:34.309755,moyenne
BJ-2448C71F,Express,Transport & Logistique,Kandi,+229 63 32 16 86,,,Grande (>200),B2B,CCIB Annuaire,,Actif,2026-06-29T00:15:34.309781,basse
BJ-350937A1,Maritime,Transport & Logistique,Kandi,+229 85 93 40 85,maritime@maritime.bj,,TPE (<10),B2B,CCIB Annuaire,,Actif,2026-06-29T00:15:34.309802,moyenne
BJ-7EB7705E,Transport Route Transport,Transport & Logistique,Kandi,+229 85 79 96 13,,,TPE (<10),B2C,CCIB Annuaire,,Actif,2026-06-29T00:15:34.309812,basse
BJ-8109E076,Groupe Aérien,Transport & Logistique,Banikoara,+229 55 60 98 27,,groupeaérien.bj,PME (10-50),B2B,CCIB Annuaire,,Actif,2026-06-29T00:15:34.309831,moyenne
BJ-57179CA9,Rapide Déménagement Transport,Transport & Logistique,Banikoara,+229 88 59 38 38,rapide.déménagement.transport@rapide.déménagement.transport.org,rapidedéménagementtransport.bj,Grande (>200),B2C,CCIB Annuaire,,Actif,2026-06-29T00:15:34.309846,haute
BJ-C0431702,Livraison,Transport & Logistique,Banikoara,+229 84 48 14 68,livraison@livraison.bj,,PME (10-50),B2B,CCIB Annuaire,,Actif,2026-06-29T00:15:34.309857,moyenne
BJ-B9641DE7,Groupe Urgent,Transport & Logistique,Banikoara,+229 83 58 49 30,,,TPE (<10),B2C,CCIB Annuaire,,Actif,2026-06-29T00:15:34.309878,basse
BJ-4FF46C8F,Logistique Transit,Transport & Logistique,Ségbana,+229 81 54 86 38,logistique.transit@logistique.transit.org,logistiquetransit.bj,TPE (<10),B2B,CCIB Annuaire,,Actif,2026-06-29T00:15:34.309924,haute
BJ-40194FCD,Express Delivery,Transport & Logistique,Ségbana,+229 93 41 64 43,,expressdelivery.bj,PME (50-200),B2B,CCIB Annuaire,,Actif,2026-06-29T00:15:34.309954,moyenne
BJ-35724903,Route,Transport & Logistique,Ségbana,+229 22 49 50 23,,route.bj,PME (10-50),B2B,CCIB Annuaire,,Actif,2026-06-29T00:15:34.309966,moyenne
BJ-BC27BD99,Livraison Logistique,Transport & Logistique,Ségbana,+229 83 99 65 33,livraison.logistique@livraison.logistique.org,livraisonlogistique.bj,PME (10-50),B2B,CCIB Annuaire,,Actif,2026-06-29T00:15:34.309990,haute
BJ-7CBE6487,SARL Maritime Delivery,Transport & Logistique,Karimama,+229 80 12 83 78,sarl.maritime.delivery@sarl.maritime.delivery.benin,sarlmaritimedelivery.bj,PME (10-50),B2C,CCIB Annuaire,,Actif,2026-06-29T00:15:34.310037,haute
BJ-1289B3EA,Groupe Livraison Transport,Transport & Logistique,Karimama,+229 58 14 22 80,groupe.livraison.transport@groupe.livraison.transport.benin,groupelivraisontransport.bj,PME (10-50),B2B,CCIB Annuaire,,Actif,2026-06-29T00:15:34.310050,haute
BJ-795D138B,Rapide Express,Transport & Logistique,Karimama,+229 37 13 40 86,,rapideexpress.bj,TPE (<10),B2C,CCIB Annuaire,,Actif,2026-06-29T00:15:34.310074,moyenne
BJ-3C5F4648,Rapide Express Delivery Karimama,Transport & Logistique,Karimama,+229 88 46 76 94,rapide.express.delivery.karimama@rapide.express.delivery.karimama.benin,rapideexpressdeliverykarimama.bj,TPE (<10),B2B,CCIB Annuaire,,Actif,2026-06-29T00:15:34.310086,haute
BJ-E7AC58A1,Messagerie,Transport & Logistique,Gogounou,+229 99 34 96 45,messagerie@messagerie.net,messagerie.bj,PME (10-50),B2B,CCIB Annuaire,,Actif,2026-06-29T00:15:34.310115,haute
BJ-9C467174,Express Urgent,Transport & Logistique,Gogounou,+229 57 34 40 91,express.urgent@express.urgent.com,,PME (50-200),B2C,CCIB Annuaire,,Actif,2026-06-29T00:15:34.310127,moyenne
BJ-5CDA142B,Logistique Maritime Transport,Transport & Logistique,Gogounou,+229 55 64 97 68,logistique.maritime.transport@logistique.maritime.transport.benin,,TPE (<10),B2B,CCIB Annuaire,,Actif,2026-06-29T00:15:34.310138,moyenne
BJ-0BA0066C,Groupe Courrier,Transport & Logistique,Gogounou,+229 76 94 93 69,groupe.courrier@groupe.courrier.org,groupecourrier.bj,PME (10-50),B2B,CCIB Annuaire,,Actif,2026-06-29T00:15:34.310195,haute
BJ-2F971AD9,Messagerie Transport Cobly,Transport & Logistique,Cobly,+229 59 16 43 42,,,TPE (<10),B2C,CCIB Annuaire,,Actif,2026-06-29T00:15:34.310210,basse
BJ-6FD3D668,Logistique Fret Logistique Cobly,Transport & Logistique,Cobly,+229 29 42 64 33,logistique.fret.logistique.cobly@logistique.fret.logistique.cobly.net,,PME (50-200),B2C,CCIB Annuaire,,Actif,2026-06-29T00:15:34.310226,moyenne
BJ-AB58255C,Cargo,Transport & Logistique,Cobly,+229 25 20 46 10,cargo@cargo.bj,,PME (50-200),B2C,CCIB Annuaire,,Actif,2026-06-29T00:15:34.310237,moyenne
BJ-92A86568,Transport Courrier SARL,Transport & Logistique,Cobly,+229 78 74 31 67,transport.courrier.sarl@transport.courrier.sarl.benin,transportcourriersarl.bj,PME (10-50),B2B,CCIB Annuaire,,Actif,2026-06-29T00:15:34.310249,haute
BJ-F9CA1D4B,Transit Express,Transport & Logistique,Cobly,+229 64 44 65 34,transit.express@transit.express.net,transitexpress.bj,PME (10-50),B2C,CCIB Annuaire,,Actif,2026-06-29T00:15:34.310260,haute
BJ-1284F074,Transport Courrier SARL Tanguiéta,Transport & Logistique,Tanguiéta,+229 81 15 80 10,transport.courrier.sarl.tanguiéta@transport.courrier.sarl.tanguiéta.com,,PME (10-50),B2B,CCIB Annuaire,,Actif,2026-06-29T00:15:34.310278,moyenne
BJ-D5DA3FC0,Rapide Route Logistique,Transport & Logistique,Tanguiéta,+229 60 50 29 42,,rapideroutelogistique.bj,Grande (>200),B2C,CCIB Annuaire,,Actif,2026-06-29T00:15:34.310293,moyenne
BJ-14C7BF6B,Fret Express,Transport & Logistique,Tanguiéta,+229 44 42 95 81,fret.express@fret.express.net,fretexpress.bj,Grande (>200),B2B,CCIB Annuaire,,Actif,2026-06-29T00:15:34.310305,haute
BJ-0FA061BB,Maritime Africa,Transport & Logistique,Tanguiéta,+229 37 57 71 74,,,TPE (<10),B2B,CCIB Annuaire,,Actif,2026-06-29T00:15:34.310315,basse
BJ-DA7B5798,Logistique Distribution Express,Transport & Logistique,Tanguiéta,+229 88 54 84 24,,,TPE (<10),B2C,CCIB Annuaire,,Actif,2026-06-29T00:15:34.310324,basse
BJ-2F09DCF8,Express,Transport & Logistique,Matéri,+229 28 72 17 90,express@express.org,express.bj,PME (10-50),B2B,CCIB Annuaire,,Actif,2026-06-29T00:15:34.310356,haute
BJ-6FCAE156,Urgent International,Transport & Logistique,Matéri,+229 38 45 96 80,urgent.international@urgent.international.benin,,TPE (<10),B2B,CCIB Annuaire,,Actif,2026-06-29T00:15:34.310370,moyenne
BJ-2E25CAC2,Distribution,Transport & Logistique,Matéri,+229 94 64 18 45,distribution@distribution.benin,,TPE (<10),B2C,CCIB Annuaire,,Actif,2026-06-29T00:15:34.310381,moyenne
BJ-F5652A01,Cargo,Transport & Logistique,Matéri,+229 83 25 35 83,,,PME (10-50),B2C,CCIB Annuaire,,Actif,2026-06-29T00:15:34.310392,basse
BJ-63363ACA,Route Transport,Transport & Logistique,Matéri,+229 69 80 27 95,route.transport@route.transport.com,,PME (10-50),B2B,CCIB Annuaire,,Actif,2026-06-29T00:15:34.310402,moyenne
BJ-96C2CEED,Messagerie,Transport & Logistique,Natitingou,+229 51 68 98 89,messagerie@messagerie.net,messagerie.bj,TPE (<10),B2C,CCIB Annuaire,,Actif,2026-06-29T00:15:34.310419,haute
BJ-14035AAC,Fret Natitingou,Transport & Logistique,Natitingou,+229 92 76 45 53,,fretnatitingou.bj,PME (10-50),B2B,CCIB Annuaire,,Actif,2026-06-29T00:15:34.310433,moyenne
BJ-89D3D9C4,Transit,Transport & Logistique,Natitingou,+229 60 28 46 56,transit@transit.net,,TPE (<10),B2C,CCIB Annuaire,,Actif,2026-06-29T00:15:34.310443,moyenne
BJ-4C8F2F98,Delivery Aérien Express,Transport & Logistique,Natitingou,+229 35 40 78 74,delivery.aérien.express@delivery.aérien.express.org,deliveryaérienexpress.bj,Grande (>200),B2C,CCIB Annuaire,,Actif,2026-06-29T00:15:34.310456,haute
BJ-BBC30DE4,Déménagement Natitingou,Transport & Logistique,Natitingou,+229 53 38 10 64,,déménagementnatitingou.bj,TPE (<10),B2C,CCIB Annuaire,,Actif,2026-06-29T00:15:34.310467,moyenne
BJ-89E9F903,Transit Toucountouna,Transport & Logistique,Toucountouna,+229 21 61 10 49,,transittoucountouna.bj,TPE (<10),B2C,CCIB Annuaire,,Actif,2026-06-29T00:15:34.312869,moyenne
BJ-2D78C896,Rapide Courrier SARL Toucountouna,Transport & Logistique,Toucountouna,+229 41 90 78 62,rapide.courrier.sarl.toucountouna@rapide.courrier.sarl.toucountouna.net,rapidecourriersarltoucountouna.bj,PME (50-200),B2B,CCIB Annuaire,,Actif,2026-06-29T00:15:34.312924,haute
BJ-44A94F92,Express Bénin,Transport & Logistique,Toucountouna,+229 55 29 24 24,express.bénin@express.bénin.org,expressbénin.bj,TPE (<10),B2B,CCIB Annuaire,,Actif,2026-06-29T00:15:34.312956,haute
BJ-1608E740,Express Déménagement,Transport & Logistique,Toucountouna,+229 72 40 30 59,,,PME (10-50),B2B,CCIB Annuaire,,Actif,2026-06-29T00:15:34.312982,basse
BJ-18D61364,SARL Messagerie,Transport & Logistique,Toucountouna,+229 45 85 21 90,sarl.messagerie@sarl.messagerie.org,sarlmessagerie.bj,PME (10-50),B2B,CCIB Annuaire,,Actif,2026-06-29T00:15:34.313012,haute
BJ-511EE219,Logistique Rapide Transport,Transport & Logistique,Boukoumbé,+229 70 86 16 82,,,TPE (<10),B2B,CCIB Annuaire,,Actif,2026-06-29T00:15:34.313051,basse
BJ-A03C348B,Distribution,Transport & Logistique,Boukoumbé,+229 70 69 61 85,distribution@distribution.net,,PME (10-50),B2B,CCIB Annuaire,,Actif,2026-06-29T00:15:34.313106,moyenne
BJ-4F319C89,Transport Cargo Transport,Transport & Logistique,Boukoumbé,+229 46 73 28 22,transport.cargo.transport@transport.cargo.transport.com,,TPE (<10),B2B,CCIB Annuaire,,Actif,2026-06-29T00:15:34.313141,moyenne
BJ-7ECBE556,SARL Messagerie Africa,Transport & Logistique,Boukoumbé,+229 99 27 87 41,,sarlmessagerieafrica.bj,TPE (<10),B2B,CCIB Annuaire,,Actif,2026-06-29T00:15:34.313172,moyenne
BJ-D0C80BF7,Messagerie Express,Transport & Logistique,Kouandé,+229 57 58 98 42,messagerie.express@messagerie.express.org,,TPE (<10),B2C,CCIB Annuaire,,Actif,2026-06-29T00:15:34.313216,moyenne
BJ-5F503342,Delivery Fret International,Transport & Logistique,Kouandé,+229 97 88 47 30,,deliveryfretinternational.bj,TPE (<10),B2B,CCIB Annuaire,,Actif,2026-06-29T00:15:34.313251,moyenne
BJ-85A6F378,Déménagement Express,Transport & Logistique,Kouandé,+229 70 84 13 53,,déménagementexpress.bj,TPE (<10),B2C,CCIB Annuaire,,Actif,2026-06-29T00:15:34.313268,moyenne
BJ-7726A1B9,SARL Urgent Transport,Transport & Logistique,Kouandé,+229 78 52 57 19,sarl.urgent.transport@sarl.urgent.transport.bj,,TPE (<10),B2C,CCIB Annuaire,,Actif,2026-06-29T00:15:34.313298,moyenne
BJ-8B838083,Groupe Courrier,Transport & Logistique,Péhunco,+229 24 95 14 50,groupe.courrier@groupe.courrier.bj,groupecourrier.bj,TPE (<10),B2B,CCIB Annuaire,,Actif,2026-06-29T00:15:34.313319,haute
BJ-0499C60C,Express Messagerie International,Transport & Logistique,Péhunco,+229 64 31 67 95,express.messagerie.international@express.messagerie.international.org,,TPE (<10),B2B,CCIB Annuaire,,Actif,2026-06-29T00:15:34.313332,moyenne
BJ-6FF801E1,Logistique Cargo,Transport & Logistique,Péhunco,+229 53 99 13 29,logistique.cargo@logistique.cargo.net,logistiquecargo.bj,TPE (<10),B2B,CCIB Annuaire,,Actif,2026-06-29T00:15:34.313344,haute
BJ-52979627,Livraison,Transport & Logistique,Péhunco,+229 59 23 43 18,livraison@livraison.org,livraison.bj,TPE (<10),B2B,CCIB Annuaire,,Actif,2026-06-29T00:15:34.313369,haute
BJ-77A159B0,Logistique Distribution Express,Transport & Logistique,Tchaourou,+229 69 78 66 29,logistique.distribution.express@logistique.distribution.express.net,logistiquedistributionexpress.bj,Grande (>200),B2C,CCIB Annuaire,,Actif,2026-06-29T00:15:34.313388,haute
BJ-1FB5D6EF,Express Cargo,Transport & Logistique,Tchaourou,+229 32 66 79 96,,expresscargo.bj,PME (10-50),B2C,CCIB Annuaire,,Actif,2026-06-29T00:15:34.313403,moyenne
BJ-C76E12AD,Transit Bénin,Transport & Logistique,Tchaourou,+229 96 57 46 30,,transitbénin.bj,TPE (<10),B2C,CCIB Annuaire,,Actif,2026-06-29T00:15:34.313428,moyenne
BJ-5477A771,Express Cargo Logistique,Transport & Logistique,Nikki,+229 41 65 87 37,express.cargo.logistique@express.cargo.logistique.org,expresscargologistique.bj,Grande (>200),B2C,CCIB Annuaire,,Actif,2026-06-29T00:15:34.313459,haute
BJ-DEA712C2,Delivery Fret,Transport & Logistique,Nikki,+229 68 13 88 12,delivery.fret@delivery.fret.net,deliveryfret.bj,PME (50-200),B2B,CCIB Annuaire,,Actif,2026-06-29T00:15:34.313472,haute
BJ-94AC90E7,Cargo,Transport & Logistique,Nikki,+229 75 19 69 38,cargo@cargo.com,,TPE (<10),B2B,CCIB Annuaire,,Actif,2026-06-29T00:15:34.313488,moyenne
BJ-C5468A37,Maritime,Transport & Logistique,Nikki,+229 23 63 40 45,,,TPE (<10),B2B,CCIB Annuaire,,Actif,2026-06-29T00:15:34.313500,basse
BJ-3F01E559,Delivery Cargo Delivery,Transport & Logistique,Nikki,+229 76 10 79 71,,,PME (50-200),B2C,CCIB Annuaire,,Actif,2026-06-29T00:15:34.313512,basse
BJ-F0339E04,Courrier,Transport & Logistique,Bembéréké,+229 75 94 23 17,courrier@courrier.com,,TPE (<10),B2B,CCIB Annuaire,,Actif,2026-06-29T00:15:34.313530,moyenne
BJ-465B08E7,Livraison Express,Transport & Logistique,Bembéréké,+229 95 67 57 41,,,PME (10-50),B2C,CCIB Annuaire,,Actif,2026-06-29T00:15:34.313544,basse
BJ-D1928E8E,Fret Logistique,Transport & Logistique,Bembéréké,+229 24 84 86 87,,,TPE (<10),B2B,CCIB Annuaire,,Actif,2026-06-29T00:15:34.313555,basse
BJ-806B8DA0,Transport Maritime,Transport & Logistique,Bembéréké,+229 23 42 35 60,transport.maritime@transport.maritime.benin,,TPE (<10),B2C,CCIB Annuaire,,Actif,2026-06-29T00:15:34.313571,moyenne
BJ-8ADCC3DC,Delivery Messagerie Bénin,Transport & Logistique,Bembéréké,+229 28 92 63 42,,,TPE (<10),B2C,CCIB Annuaire,,Actif,2026-06-29T00:15:34.313583,basse
BJ-FB5D98A0,Rapide Route,Transport & Logistique,Kalalé,+229 99 63 39 26,rapide.route@rapide.route.com,rapideroute.bj,PME (10-50),B2C,CCIB Annuaire,,Actif,2026-06-29T00:15:34.313602,haute
BJ-02633F48,Transit Bénin,Transport & Logistique,Kalalé,+229 87 51 49 43,transit.bénin@transit.bénin.org,transitbénin.bj,Grande (>200),B2B,CCIB Annuaire,,Actif,2026-06-29T00:15:34.313616,haute
BJ-0AF2CA5A,Aérien,Transport & Logistique,Kalalé,+229 65 47 22 84,,aérien.bj,TPE (<10),B2B,CCIB Annuaire,,Actif,2026-06-29T00:15:34.313674,moyenne
BJ-B526F99D,Express Courrier,Transport & Logistique,Kalalé,+229 47 53 60 86,express.courrier@express.courrier.bj,expresscourrier.bj,PME (50-200),B2B,CCIB Annuaire,,Actif,2026-06-29T00:15:34.313689,haute
BJ-6B7AD874,Delivery Transit Logistique Ndali,Transport & Logistique,Ndali,+229 92 28 58 50,,deliverytransitlogistiquendali.bj,TPE (<10),B2B,CCIB Annuaire,,Actif,2026-06-29T00:15:34.313710,moyenne
BJ-A98D7081,Fret Africa,Transport & Logistique,Ndali,+229 81 47 79 88,fret.africa@fret.africa.org,fretafrica.bj,PME (10-50),B2B,CCIB Annuaire,,Actif,2026-06-29T00:15:34.313728,haute
BJ-6000DC48,Fret International,Transport & Logistique,Ndali,+229 37 21 60 25,fret.international@fret.international.bj,fretinternational.bj,PME (10-50),B2B,CCIB Annuaire,,Actif,2026-06-29T00:15:34.313741,haute
BJ-E9F46980,Delivery Rapide Transport,Transport & Logistique,Ndali,+229 44 37 25 53,,,TPE (<10),B2C,CCIB Annuaire,,Actif,2026-06-29T00:15:34.313756,basse
BJ-AF703519,Livraison,Transport & Logistique,Ndali,+229 54 65 79 94,livraison@livraison.org,,PME (50-200),B2B,CCIB Annuaire,,Actif,2026-06-29T00:15:34.313768,moyenne
BJ-049C3F49,Transport Express Africa,Transport & Logistique,Ségbana,+229 78 48 51 92,,transportexpressafrica.bj,PME (10-50),B2B,CCIB Annuaire,,Actif,2026-06-29T00:15:34.313786,moyenne
BJ-BC362702,Express Bénin,Transport & Logistique,Ségbana,+229 74 47 78 99,express.bénin@express.bénin.com,,PME (10-50),B2B,CCIB Annuaire,,Actif,2026-06-29T00:15:34.313799,moyenne
BJ-EC500A02,Rapide Delivery,Transport & Logistique,Ségbana,+229 52 38 78 52,rapide.delivery@rapide.delivery.com,rapidedelivery.bj,TPE (<10),B2C,CCIB Annuaire,,Actif,2026-06-29T00:15:34.313812,haute
BJ-91116F57,Déménagement SARL,Transport & Logistique,Ségbana,+229 35 96 47 70,déménagement.sarl@déménagement.sarl.benin,,PME (50-200),B2B,CCIB Annuaire,,Actif,2026-06-29T00:15:34.313824,moyenne
BJ-5474B6B5,Transport Livraison,Transport & Logistique,Ségbana,+229 81 29 13 40,transport.livraison@transport.livraison.com,transportlivraison.bj,PME (10-50),B2C,CCIB Annuaire,,Actif,2026-06-29T00:15:34.313836,haute
BJ-2EC0386D,Logistique Aérien Logistique Tchaourou,Transport & Logistique,Tchaourou,+229 65 48 15 54,logistique.aérien.logistique.tchaourou@logistique.aérien.logistique.tchaourou.bj,logistiqueaérienlogistiquetchaourou.bj,PME (10-50),B2B,CCIB Annuaire,,Actif,2026-06-29T00:15:34.313858,haute
BJ-DD81DC7D,Express Transit,Transport & Logistique,Tchaourou,+229 45 97 87 82,express.transit@express.transit.bj,expresstransit.bj,PME (10-50),B2B,CCIB Annuaire,,Actif,2026-06-29T00:15:34.313874,haute
BJ-77561B42,Groupe Rapide SARL,Transport & Logistique,Tchaourou,+229 33 17 86 79,groupe.rapide.sarl@groupe.rapide.sarl.org,,TPE (<10),B2C,CCIB Annuaire,,Actif,2026-06-29T00:15:34.313887,moyenne
BJ-9B4D2295,Express Courrier Transport,Transport & Logistique,Tchaourou,+229 75 50 97 60,express.courrier.transport@express.courrier.transport.bj,expresscourriertransport.bj,TPE (<10),B2B,CCIB Annuaire,,Actif,2026-06-29T00:15:34.313910,haute
BJ-F00C729B,Delivery Route SARL Tchaourou,Transport & Logistique,Tchaourou,+229 78 34 25 71,delivery.route.sarl.tchaourou@delivery.route.sarl.tchaourou.org,deliveryroutesarltchaourou.bj,Grande (>200),B2B,CCIB Annuaire,,Actif,2026-06-29T00:15:34.313923,haute
BJ-61FA793D,Rapide Rapide Bénin,Transport & Logistique,Bétérou,+229 35 19 97 74,rapide.rapide.bénin@rapide.rapide.bénin.net,rapiderapidebénin.bj,Grande (>200),B2C,CCIB Annuaire,,Actif,2026-06-29T00:15:34.313944,haute
BJ-46F5055D,Rapide Rapide Bétérou,Transport & Logistique,Bétérou,+229 28 29 82 65,rapide.rapide.bétérou@rapide.rapide.bétérou.benin,rapiderapidebétérou.bj,TPE (<10),B2C,CCIB Annuaire,,Actif,2026-06-29T00:15:34.313958,haute
BJ-1A97D24A,Rapide Déménagement,Transport & Logistique,Bétérou,+229 84 43 96 92,rapide.déménagement@rapide.déménagement.com,,PME (10-50),B2C,CCIB Annuaire,,Actif,2026-06-29T00:15:34.313970,moyenne
BJ-7298D443,Rapide Urgent,Transport & Logistique,Bétérou,+229 56 69 50 19,,,PME (10-50),B2B,CCIB Annuaire,,Actif,2026-06-29T00:15:34.313981,basse
BJ-B8EB7EA9,Aérien Bénin,Transport & Logistique,Bétérou,+229 78 76 56 32,aérien.bénin@aérien.bénin.org,aérienbénin.bj,TPE (<10),B2B,CCIB Annuaire,,Actif,2026-06-29T00:15:34.313994,haute
BJ-38A65012,Distribution Logistique Ouessè,Transport & Logistique,Ouessè,+229 23 42 36 16,,distributionlogistiqueouessè.bj,PME (50-200),B2B,CCIB Annuaire,,Actif,2026-06-29T00:15:34.314013,moyenne
BJ-F5191C2D,Express Fret,Transport & Logistique,Ouessè,+229 50 20 94 64,,expressfret.bj,PME (10-50),B2B,CCIB Annuaire,,Actif,2026-06-29T00:15:34.314033,moyenne
BJ-C9EF0250,Transport Livraison International Ouessè,Transport & Logistique,Ouessè,+229 87 54 34 14,,transportlivraisoninternationalouessè.bj,PME (50-200),B2C,CCIB Annuaire,,Actif,2026-06-29T00:15:34.314046,moyenne
BJ-C93BD42A,Transport Livraison Transport Ouessè,Transport & Logistique,Ouessè,+229 25 40 15 91,transport.livraison.transport.ouessè@transport.livraison.transport.ouessè.benin,transportlivraisontransportouessè.bj,TPE (<10),B2B,CCIB Annuaire,,Actif,2026-06-29T00:15:34.314063,haute
BJ-DA3CAB9B,Cargo,Transport & Logistique,Ouessè,+229 95 37 33 90,cargo@cargo.benin,,TPE (<10),B2B,CCIB Annuaire,,Actif,2026-06-29T00:15:34.314075,moyenne
BJ-DD942976,Logistique Déménagement Transport,Transport & Logistique,Glazoué,+229 89 80 54 19,logistique.déménagement.transport@logistique.déménagement.transport.org,,TPE (<10),B2C,CCIB Annuaire,,Actif,2026-06-29T00:15:34.314106,moyenne
BJ-96543DCA,Rapide Transit SARL,Transport & Logistique,Glazoué,+229 45 81 73 35,,rapidetransitsarl.bj,TPE (<10),B2C,CCIB Annuaire,,Actif,2026-06-29T00:15:34.314118,moyenne
BJ-845EC2FF,Fret,Transport & Logistique,Glazoué,+229 37 21 85 43,fret@fret.benin,,Grande (>200),B2C,CCIB Annuaire,,Actif,2026-06-29T00:15:34.314129,moyenne
BJ-FADB0751,Maritime Logistique,Transport & Logistique,Glazoué,+229 73 49 20 79,maritime.logistique@maritime.logistique.org,maritimelogistique.bj,TPE (<10),B2C,CCIB Annuaire,,Actif,2026-06-29T00:15:34.314141,haute
BJ-1478ADF6,Express Livraison International,Transport & Logistique,Dassa-Zoumè,+229 62 12 89 72,express.livraison.international@express.livraison.international.benin,,TPE (<10),B2B,CCIB Annuaire,,Actif,2026-06-29T00:15:34.314160,moyenne
BJ-CAC05C59,Groupe Livraison,Transport & Logistique,Dassa-Zoumè,+229 73 53 40 16,groupe.livraison@groupe.livraison.org,,TPE (<10),B2B,CCIB Annuaire,,Actif,2026-06-29T00:15:34.314175,moyenne
BJ-8EC7A9E5,Delivery Rapide SARL,Transport & Logistique,Dassa-Zoumè,+229 87 93 34 20,delivery.rapide.sarl@delivery.rapide.sarl.net,,TPE (<10),B2C,CCIB Annuaire,,Actif,2026-06-29T00:15:34.314187,moyenne
BJ-DD71FADB,Rapide Courrier,Transport & Logistique,Dassa-Zoumè,+229 59 42 71 97,rapide.courrier@rapide.courrier.net,,PME (50-200),B2C,CCIB Annuaire,,Actif,2026-06-29T00:15:34.314199,moyenne
BJ-5CFBBF84,Transport Cargo,Transport & Logistique,Dassa-Zoumè,+229 21 11 63 53,transport.cargo@transport.cargo.com,,TPE (<10),B2C,CCIB Annuaire,,Actif,2026-06-29T00:15:34.314210,moyenne
BJ-98FD1BBB,Logistique Express,Transport & Logistique,Savalou,+229 52 28 73 89,logistique.express@logistique.express.com,,PME (50-200),B2C,CCIB Annuaire,,Actif,2026-06-29T00:15:34.314228,moyenne
BJ-141241C8,Transit,Transport & Logistique,Savalou,+229 80 48 73 83,,transit.bj,PME (10-50),B2B,CCIB Annuaire,,Actif,2026-06-29T00:15:34.314243,moyenne
BJ-6F952C9C,Courrier Delivery,Transport & Logistique,Savalou,+229 97 13 29 32,courrier.delivery@courrier.delivery.org,courrierdelivery.bj,PME (10-50),B2B,CCIB Annuaire,,Actif,2026-06-29T00:15:34.314255,haute
BJ-EA4DB773,Rapide Aérien Bénin,Transport & Logistique,Savalou,+229 76 66 10 53,rapide.aérien.bénin@rapide.aérien.bénin.com,,PME (50-200),B2C,CCIB Annuaire,,Actif,2026-06-29T00:15:34.314268,moyenne
BJ-8E731ED2,SARL Express,Transport & Logistique,Savalou,+229 85 67 31 55,sarl.express@sarl.express.bj,,PME (50-200),B2C,CCIB Annuaire,,Actif,2026-06-29T00:15:34.314279,moyenne
BJ-920E893D,Urgent,Transport & Logistique,Bantè,+229 74 92 11 14,,,PME (10-50),B2B,CCIB Annuaire,,Actif,2026-06-29T00:15:34.314296,basse
BJ-B8DAACF3,Rapide Route International Bantè,Transport & Logistique,Bantè,+229 23 42 40 48,rapide.route.international.bantè@rapide.route.international.bantè.bj,,Grande (>200),B2B,CCIB Annuaire,,Actif,2026-06-29T00:15:34.314325,moyenne
BJ-1C44DC6A,Distribution Transport,Transport & Logistique,Bantè,+229 39 10 16 57,distribution.transport@distribution.transport.bj,,TPE (<10),B2B,CCIB Annuaire,,Actif,2026-06-29T00:15:34.314336,moyenne
BJ-65983A1B,Rapide Route SARL,Transport & Logistique,Bantè,+229 94 66 31 67,rapide.route.sarl@rapide.route.sarl.bj,,Grande (>200),B2C,CCIB Annuaire,,Actif,2026-06-29T00:15:34.314348,moyenne
BJ-6115F5FD,Livraison Djougou,Transport & Logistique,Djougou,+229 87 57 89 86,,livraisondjougou.bj,Grande (>200),B2B,CCIB Annuaire,,Actif,2026-06-29T00:15:34.314365,moyenne
BJ-13E566DA,Groupe Distribution International,Transport & Logistique,Djougou,+229 22 65 89 66,groupe.distribution.international@groupe.distribution.international.net,groupedistributioninternational.bj,PME (10-50),B2B,CCIB Annuaire,,Actif,2026-06-29T00:15:34.314390,haute
BJ-FFE65057,Express Livraison Express Djougou,Transport & Logistique,Djougou,+229 69 91 95 56,express.livraison.express.djougou@express.livraison.express.djougou.org,expresslivraisonexpressdjougou.bj,PME (10-50),B2B,CCIB Annuaire,,Actif,2026-06-29T00:15:34.314403,haute
BJ-613FF042,Logistique Livraison,Transport & Logistique,Djougou,+229 39 83 48 78,logistique.livraison@logistique.livraison.com,logistiquelivraison.bj,TPE (<10),B2B,CCIB Annuaire,,Actif,2026-06-29T00:15:34.314415,haute
BJ-0FCAF69E,Delivery Déménagement International,Transport & Logistique,Ouèssè,+229 98 95 83 25,,,Grande (>200),B2B,CCIB Annuaire,,Actif,2026-06-29T00:15:34.314451,basse
BJ-0D5E5BEB,Transport Messagerie,Transport & Logistique,Ouèssè,+229 66 12 64 87,transport.messagerie@transport.messagerie.net,transportmessagerie.bj,PME (10-50),B2B,CCIB Annuaire,,Actif,2026-06-29T00:15:34.314485,haute
BJ-74B12557,Rapide Bénin,Transport & Logistique,Ouèssè,+229 22 16 25 88,,,TPE (<10),B2C,CCIB Annuaire,,Actif,2026-06-29T00:15:34.314497,basse
BJ-5438797F,Delivery Express Logistique,Transport & Logistique,Bassila,+229 66 77 61 76,,deliveryexpresslogistique.bj,PME (50-200),B2C,CCIB Annuaire,,Actif,2026-06-29T00:15:34.314515,moyenne
BJ-722E802C,Livraison Express,Transport & Logistique,Bassila,+229 83 62 79 38,,,PME (10-50),B2C,CCIB Annuaire,,Actif,2026-06-29T00:15:34.314526,basse
BJ-9FEB786B,Transit SARL Bassila,Transport & Logistique,Bassila,+229 43 34 64 14,,,PME (10-50),B2C,CCIB Annuaire,,Actif,2026-06-29T00:15:34.314536,basse
BJ-02D82C90,Rapide Aérien Transport,Transport & Logistique,Bassila,+229 78 92 27 87,rapide.aérien.transport@rapide.aérien.transport.com,rapideaérientransport.bj,PME (50-200),B2B,CCIB Annuaire,,Actif,2026-06-29T00:15:34.314550,haute
BJ-B827E532,Maritime Delivery,Transport & Logistique,Pehunco,+229 88 52 20 98,,maritimedelivery.bj,TPE (<10),B2C,CCIB Annuaire,,Actif,2026-06-29T00:15:34.314578,moyenne
BJ-2676D624,Transit Africa,Transport & Logistique,Pehunco,+229 54 17 73 54,transit.africa@transit.africa.benin,,Grande (>200),B2B,CCIB Annuaire,,Actif,2026-06-29T00:15:34.314605,moyenne
BJ-B56613B4,Logistique Fret Delivery Pehunco,Transport & Logistique,Pehunco,+229 56 33 21 54,,,PME (10-50),B2B,CCIB Annuaire,,Actif,2026-06-29T00:15:34.314616,basse
BJ-BB4F20E5,Transit International,Transport & Logistique,Pehunco,+229 33 30 57 58,,,TPE (<10),B2B,CCIB Annuaire,,Actif,2026-06-29T00:15:34.314626,basse
BJ-0E4299DB,SARL Urgent,Transport & Logistique,Copargo,+229 60 11 34 14,sarl.urgent@sarl.urgent.bj,sarlurgent.bj,TPE (<10),B2C,CCIB Annuaire,,Actif,2026-06-29T00:15:34.314644,haute
BJ-2102B442,Transit,Transport & Logistique,Copargo,+229 97 44 30 88,transit@transit.com,transit.bj,PME (50-200),B2C,CCIB Annuaire,,Actif,2026-06-29T00:15:34.314656,haute
BJ-E0B81480,Distribution Delivery,Transport & Logistique,Copargo,+229 21 90 54 33,distribution.delivery@distribution.delivery.com,,TPE (<10),B2C,CCIB Annuaire,,Actif,2026-06-29T00:15:34.314672,moyenne
BJ-F6749E3B,Livraison Copargo,Transport & Logistique,Copargo,+229 82 72 21 17,livraison.copargo@livraison.copargo.bj,livraisoncopargo.bj,PME (50-200),B2B,CCIB Annuaire,,Actif,2026-06-29T00:15:34.314684,haute
BJ-9488F67D,Rapide Rapide International,Transport & Logistique,Copargo,+229 95 43 74 53,rapide.rapide.international@rapide.rapide.international.bj,rapiderapideinternational.bj,Grande (>200),B2B,CCIB Annuaire,,Actif,2026-06-29T00:15:34.314696,haute
BJ-9F1016E2,Mobile Télécom Africa,Télécommunications,Cotonou,+229 85 22 11 15,mobile.télécom.africa@mobile.télécom.africa.com,,TPE (<10),B2B,CCIB Annuaire,,Actif,2026-06-29T00:15:34.314729,moyenne
BJ-9FF73BA3,Digital Fiber Bénin,Télécommunications,Cotonou,+229 45 35 15 85,digital.fiber.bénin@digital.fiber.bénin.org,digitalfiberbénin.bj,TPE (<10),B2C,CCIB Annuaire,,Actif,2026-06-29T00:15:34.314770,haute
BJ-83715F2F,Télécom,Télécommunications,Cotonou,+229 80 70 29 16,télécom@télécom.benin,,PME (50-200),B2B,CCIB Annuaire,,Actif,2026-06-29T00:15:34.314803,moyenne
BJ-5BE21D3F,Fiber,Télécommunications,Cotonou,+229 42 21 10 36,fiber@fiber.benin,fiber.bj,PME (10-50),B2B,CCIB Annuaire,,Actif,2026-06-29T00:15:34.314831,haute
BJ-D7CDD348,Satellite Telecom,Télécommunications,Cotonou,+229 49 32 38 30,satellite.telecom@satellite.telecom.benin,,PME (10-50),B2C,CCIB Annuaire,,Actif,2026-06-29T00:15:34.314858,moyenne
BJ-7FC4E1B2,Connect Réseau,Télécommunications,Abomey-Calavi,+229 75 14 63 68,connect.réseau@connect.réseau.org,connectréseau.bj,PME (10-50),B2C,CCIB Annuaire,,Actif,2026-06-29T00:15:34.314944,haute
BJ-0F71AA53,Internet Data International Abomey-Calavi,Télécommunications,Abomey-Calavi,+229 24 78 70 59,internet.data.international.abomeycalavi@internet.data.international.abomeycalavi.bj,internetdatainternationalabomeycalavi.bj,TPE (<10),B2C,CCIB Annuaire,,Actif,2026-06-29T00:15:34.314966,haute
BJ-6041D608,Satellite Africa,Télécommunications,Abomey-Calavi,+229 57 29 71 72,satellite.africa@satellite.africa.benin,satelliteafrica.bj,PME (10-50),B2C,CCIB Annuaire,,Actif,2026-06-29T00:15:34.314993,haute
BJ-B45271EB,Internet Wireless,Télécommunications,Abomey-Calavi,+229 21 86 47 31,internet.wireless@internet.wireless.bj,internetwireless.bj,TPE (<10),B2B,CCIB Annuaire,,Actif,2026-06-29T00:15:34.315014,haute
BJ-BFC96CA3,Digital Connect,Télécommunications,Porto-Novo,+229 95 15 43 34,digital.connect@digital.connect.bj,digitalconnect.bj,PME (10-50),B2C,CCIB Annuaire,,Actif,2026-06-29T00:15:34.315041,haute
BJ-BBA862BA,Digital Satellite Porto-Novo,Télécommunications,Porto-Novo,+229 40 65 29 79,digital.satellite.portonovo@digital.satellite.portonovo.com,digitalsatelliteportonovo.bj,Grande (>200),B2C,CCIB Annuaire,,Actif,2026-06-29T00:15:34.315059,haute
BJ-C4767BDE,Mobile Digital,Télécommunications,Porto-Novo,+229 79 26 15 21,mobile.digital@mobile.digital.org,,TPE (<10),B2B,CCIB Annuaire,,Actif,2026-06-29T00:15:34.315089,moyenne
BJ-086B1D90,Réseau,Télécommunications,Porto-Novo,+229 41 80 65 52,,réseau.bj,TPE (<10),B2C,CCIB Annuaire,,Actif,2026-06-29T00:15:34.315102,moyenne
BJ-85882339,Télécom Bénin,Télécommunications,Parakou,+229 63 33 54 13,télécom.bénin@télécom.bénin.benin,télécombénin.bj,TPE (<10),B2B,CCIB Annuaire,,Actif,2026-06-29T00:15:34.315123,haute
BJ-93F9AA66,Internet Mobile SARL,Télécommunications,Parakou,+229 69 48 86 61,internet.mobile.sarl@internet.mobile.sarl.com,,PME (50-200),B2B,CCIB Annuaire,,Actif,2026-06-29T00:15:34.315135,moyenne
BJ-B5AEEFC2,Data Africa,Télécommunications,Parakou,+229 33 56 22 36,data.africa@data.africa.net,dataafrica.bj,TPE (<10),B2C,CCIB Annuaire,,Actif,2026-06-29T00:15:34.315148,haute
BJ-5EACC933,Fiber SA Parakou,Télécommunications,Parakou,+229 80 99 93 63,,fibersaparakou.bj,PME (10-50),B2B,CCIB Annuaire,,Actif,2026-06-29T00:15:34.315172,moyenne
BJ-8E0163D2,Wireless Africa,Télécommunications,Bohicon,+229 39 13 54 89,wireless.africa@wireless.africa.org,wirelessafrica.bj,TPE (<10),B2C,CCIB Annuaire,,Actif,2026-06-29T00:15:34.315191,haute
BJ-27EF738A,Communication Bohicon,Télécommunications,Bohicon,+229 39 36 87 80,,communicationbohicon.bj,TPE (<10),B2C,CCIB Annuaire,,Actif,2026-06-29T00:15:34.315206,moyenne
BJ-275E6E69,Réseau Data SARL,Télécommunications,Bohicon,+229 54 80 31 47,,réseaudatasarl.bj,Grande (>200),B2B,CCIB Annuaire,,Actif,2026-06-29T00:15:34.315220,moyenne
BJ-476C30E5,Voice,Télécommunications,Bohicon,+229 44 72 82 69,voice@voice.net,,PME (10-50),B2B,CCIB Annuaire,,Actif,2026-06-29T00:15:34.315232,moyenne
BJ-66CA944A,Internet Mobile Africa,Télécommunications,Natitingou,+229 96 81 21 50,,,PME (10-50),B2C,CCIB Annuaire,,Actif,2026-06-29T00:15:34.315263,basse
BJ-4AB2383F,Digital Data,Télécommunications,Natitingou,+229 77 96 74 28,digital.data@digital.data.benin,digitaldata.bj,TPE (<10),B2B,CCIB Annuaire,,Actif,2026-06-29T00:15:34.315280,haute
BJ-42DFA924,Télécom SARL,Télécommunications,Natitingou,+229 99 46 29 46,télécom.sarl@télécom.sarl.org,télécomsarl.bj,TPE (<10),B2C,CCIB Annuaire,,Actif,2026-06-29T00:15:34.315293,haute
BJ-FF00ED76,Réseau Voice Groupe,Télécommunications,Natitingou,+229 76 91 68 23,réseau.voice.groupe@réseau.voice.groupe.org,réseauvoicegroupe.bj,Grande (>200),B2B,CCIB Annuaire,,Actif,2026-06-29T00:15:34.315308,haute
BJ-5E033C34,Réseau SA,Télécommunications,Lokossa,+229 73 74 37 48,réseau.sa@réseau.sa.benin,réseausa.bj,Grande (>200),B2C,CCIB Annuaire,,Actif,2026-06-29T00:15:34.315341,haute
BJ-083C2155,Mobile Voice Bénin,Télécommunications,Lokossa,+229 24 27 87 55,mobile.voice.bénin@mobile.voice.bénin.benin,mobilevoicebénin.bj,TPE (<10),B2C,CCIB Annuaire,,Actif,2026-06-29T00:15:34.315374,haute
BJ-A6A897B2,Connect Connect Africa,Télécommunications,Lokossa,+229 26 41 57 28,,connectconnectafrica.bj,PME (50-200),B2B,CCIB Annuaire,,Actif,2026-06-29T00:15:34.315387,moyenne
BJ-C409BD65,Digital Fiber Telecom,Télécommunications,Lokossa,+229 69 16 18 55,digital.fiber.telecom@digital.fiber.telecom.org,,PME (50-200),B2C,CCIB Annuaire,,Actif,2026-06-29T00:15:34.315413,moyenne
BJ-FBBDD5D2,Mobile Data,Télécommunications,Ouidah,+229 40 24 61 27,mobile.data@mobile.data.benin,mobiledata.bj,PME (10-50),B2C,CCIB Annuaire,,Actif,2026-06-29T00:15:34.315450,haute
BJ-E311B1D2,Digital Internet Bénin Ouidah,Télécommunications,Ouidah,+229 86 80 72 62,,digitalinternetbéninouidah.bj,TPE (<10),B2C,CCIB Annuaire,,Actif,2026-06-29T00:15:34.315482,moyenne
BJ-54354D02,Digital Wireless Africa Ouidah,Télécommunications,Ouidah,+229 46 70 57 51,,,PME (50-200),B2B,CCIB Annuaire,,Actif,2026-06-29T00:15:34.315509,basse
BJ-3262A79A,Télécom Bénin,Télécommunications,Ouidah,+229 67 53 58 15,télécom.bénin@télécom.bénin.benin,télécombénin.bj,TPE (<10),B2C,CCIB Annuaire,,Actif,2026-06-29T00:15:34.315538,haute
BJ-0B28381A,Télécom Mobile,Télécommunications,Ouidah,+229 53 82 38 65,télécom.mobile@télécom.mobile.bj,télécommobile.bj,PME (10-50),B2C,CCIB Annuaire,,Actif,2026-06-29T00:15:34.315577,haute
BJ-6A9DE588,Mobile Connect SARL,Télécommunications,Savalou,+229 36 64 60 15,mobile.connect.sarl@mobile.connect.sarl.org,,PME (50-200),B2B,CCIB Annuaire,,Actif,2026-06-29T00:15:34.315628,moyenne
BJ-A4FD871A,Connect Tech,Télécommunications,Savalou,+229 96 61 71 29,,connecttech.bj,TPE (<10),B2B,CCIB Annuaire,,Actif,2026-06-29T00:15:34.315696,moyenne
BJ-C90A219B,Internet Data Africa,Télécommunications,Savalou,+229 63 92 39 51,internet.data.africa@internet.data.africa.net,internetdataafrica.bj,PME (10-50),B2C,CCIB Annuaire,,Actif,2026-06-29T00:15:34.315772,haute
BJ-B5018AA5,Connect Voice Dassa-Zoumè,Télécommunications,Dassa-Zoumè,+229 81 11 85 65,,,TPE (<10),B2B,CCIB Annuaire,,Actif,2026-06-29T00:15:34.315849,basse
BJ-8B26B3B9,Réseau Satellite Groupe,Télécommunications,Dassa-Zoumè,+229 62 26 91 35,réseau.satellite.groupe@réseau.satellite.groupe.org,,PME (50-200),B2B,CCIB Annuaire,,Actif,2026-06-29T00:15:34.315875,moyenne
BJ-A5E73C0E,Réseau Mobile,Télécommunications,Dassa-Zoumè,+229 56 66 69 17,réseau.mobile@réseau.mobile.net,réseaumobile.bj,TPE (<10),B2C,CCIB Annuaire,,Actif,2026-06-29T00:15:34.315920,haute
BJ-FE15AD1E,Connect Mobile SA,Télécommunications,Kétou,+229 39 35 12 61,connect.mobile.sa@connect.mobile.sa.bj,,PME (10-50),B2C,CCIB Annuaire,,Actif,2026-06-29T00:15:34.315990,moyenne
BJ-A613CCA8,Mobile Wireless Telecom,Télécommunications,Kétou,+229 89 51 42 57,mobile.wireless.telecom@mobile.wireless.telecom.bj,mobilewirelesstelecom.bj,TPE (<10),B2C,CCIB Annuaire,,Actif,2026-06-29T00:15:34.316072,haute
BJ-3C61E9F8,Tech International,Télécommunications,Kétou,+229 51 45 46 27,tech.international@tech.international.benin,techinternational.bj,TPE (<10),B2C,CCIB Annuaire,,Actif,2026-06-29T00:15:34.316095,haute
BJ-28CCA67F,Digital Internet Covè,Télécommunications,Covè,+229 54 86 94 53,digital.internet.covè@digital.internet.covè.benin,digitalinternetcovè.bj,Grande (>200),B2B,CCIB Annuaire,,Actif,2026-06-29T00:15:34.316136,haute
BJ-D9A2DA42,Connect Groupe,Télécommunications,Covè,+229 84 48 36 74,connect.groupe@connect.groupe.benin,connectgroupe.bj,PME (50-200),B2C,CCIB Annuaire,,Actif,2026-06-29T00:15:34.316160,haute
BJ-A585E4C5,Digital Africa,Télécommunications,Covè,+229 64 11 78 76,digital.africa@digital.africa.org,digitalafrica.bj,PME (10-50),B2B,CCIB Annuaire,,Actif,2026-06-29T00:15:34.316188,haute
BJ-90ACEBA1,Wireless SA,Télécommunications,Covè,+229 87 72 86 86,wireless.sa@wireless.sa.com,wirelesssa.bj,PME (10-50),B2B,CCIB Annuaire,,Actif,2026-06-29T00:15:34.316210,haute
BJ-D50BC291,Télécom,Télécommunications,Pobè,+229 87 22 45 31,télécom@télécom.bj,télécom.bj,PME (10-50),B2B,CCIB Annuaire,,Actif,2026-06-29T00:15:34.316273,haute
BJ-FA3CBD05,Télécom Réseau SA,Télécommunications,Pobè,+229 97 63 65 79,télécom.réseau.sa@télécom.réseau.sa.org,,TPE (<10),B2C,CCIB Annuaire,,Actif,2026-06-29T00:15:34.316303,moyenne
BJ-67B1CDA5,Voice Bénin Pobè,Télécommunications,Pobè,+229 45 89 43 69,,voicebéninpobè.bj,Grande (>200),B2C,CCIB Annuaire,,Actif,2026-06-29T00:15:34.316328,moyenne
BJ-E53AF283,Télécom Connect SARL,Télécommunications,Pobè,+229 28 79 27 49,,télécomconnectsarl.bj,PME (50-200),B2C,CCIB Annuaire,,Actif,2026-06-29T00:15:34.316350,moyenne
BJ-2E710D0E,Mobile Connect,Télécommunications,Pobè,+229 45 48 92 56,mobile.connect@mobile.connect.benin,mobileconnect.bj,PME (10-50),B2C,CCIB Annuaire,,Actif,2026-06-29T00:15:34.316383,haute
BJ-885271F1,Wireless,Télécommunications,Sakété,+229 43 35 50 42,wireless@wireless.bj,wireless.bj,TPE (<10),B2B,CCIB Annuaire,,Actif,2026-06-29T00:15:34.316418,haute
BJ-7FDC82B9,Mobile Réseau Telecom,Télécommunications,Sakété,+229 90 94 30 64,mobile.réseau.telecom@mobile.réseau.telecom.org,mobileréseautelecom.bj,PME (50-200),B2B,CCIB Annuaire,,Actif,2026-06-29T00:15:34.316448,haute
BJ-4C190F0B,Internet Wireless Africa,Télécommunications,Sakété,+229 50 49 28 43,internet.wireless.africa@internet.wireless.africa.com,internetwirelessafrica.bj,PME (50-200),B2C,CCIB Annuaire,,Actif,2026-06-29T00:15:34.316475,haute
BJ-16AB46A6,Télécom Communication SA Sakété,Télécommunications,Sakété,+229 47 32 63 68,,télécomcommunicationsasakété.bj,TPE (<10),B2B,CCIB Annuaire,,Actif,2026-06-29T00:15:34.316499,moyenne
BJ-00D3B2DA,Connect Wireless SA,Télécommunications,Sakété,+229 63 55 77 60,connect.wireless.sa@connect.wireless.sa.bj,connectwirelesssa.bj,Grande (>200),B2C,CCIB Annuaire,,Actif,2026-06-29T00:15:34.316527,haute
BJ-0B8CF26D,Satellite Telecom,Télécommunications,Adjara,+229 74 65 52 62,satellite.telecom@satellite.telecom.org,,PME (10-50),B2C,CCIB Annuaire,,Actif,2026-06-29T00:15:34.316563,moyenne
BJ-26262AEF,Réseau Africa,Télécommunications,Adjara,+229 50 14 87 40,réseau.africa@réseau.africa.org,réseauafrica.bj,PME (10-50),B2B,CCIB Annuaire,,Actif,2026-06-29T00:15:34.316596,haute
BJ-1B698DC1,Internet Communication Africa,Télécommunications,Adjara,+229 63 61 49 88,,internetcommunicationafrica.bj,TPE (<10),B2B,CCIB Annuaire,,Actif,2026-06-29T00:15:34.316620,moyenne
BJ-EC067FF0,Internet,Télécommunications,Adjara,+229 71 37 74 39,internet@internet.org,internet.bj,TPE (<10),B2C,CCIB Annuaire,,Actif,2026-06-29T00:15:34.316679,haute
BJ-317839A5,Fiber,Télécommunications,Allada,+229 50 14 30 33,fiber@fiber.bj,fiber.bj,TPE (<10),B2B,CCIB Annuaire,,Actif,2026-06-29T00:15:34.316721,haute
BJ-3DD155D2,Voice Bénin Allada,Télécommunications,Allada,+229 73 14 76 43,voice.bénin.allada@voice.bénin.allada.org,voicebéninallada.bj,PME (10-50),B2B,CCIB Annuaire,,Actif,2026-06-29T00:15:34.316747,haute
BJ-7DE63179,Mobile Internet Allada,Télécommunications,Allada,+229 35 58 86 19,mobile.internet.allada@mobile.internet.allada.com,mobileinternetallada.bj,PME (10-50),B2B,CCIB Annuaire,,Actif,2026-06-29T00:15:34.316769,haute
BJ-35404015,Tech,Télécommunications,Allada,+229 28 74 83 50,tech@tech.com,tech.bj,TPE (<10),B2C,CCIB Annuaire,,Actif,2026-06-29T00:15:34.316791,haute
BJ-68CAED86,Connect,Télécommunications,Allada,+229 54 33 43 46,connect@connect.net,,TPE (<10),B2B,CCIB Annuaire,,Actif,2026-06-29T00:15:34.316812,moyenne
BJ-5E912E08,Connect Mobile Bénin,Télécommunications,Aplahoué,+229 86 27 63 83,connect.mobile.bénin@connect.mobile.bénin.bj,connectmobilebénin.bj,PME (10-50),B2C,CCIB Annuaire,,Actif,2026-06-29T00:15:34.316886,haute
BJ-F5427013,Wireless International,Télécommunications,Aplahoué,+229 99 62 69 56,wireless.international@wireless.international.bj,wirelessinternational.bj,PME (50-200),B2C,CCIB Annuaire,,Actif,2026-06-29T00:15:34.316938,haute
BJ-F84D0652,Connect Communication SA,Télécommunications,Aplahoué,+229 90 44 35 88,,connectcommunicationsa.bj,PME (10-50),B2B,CCIB Annuaire,,Actif,2026-06-29T00:15:34.316960,moyenne
BJ-CFE6C799,Internet Télécom,Télécommunications,Aplahoué,+229 40 76 67 50,internet.télécom@internet.télécom.benin,internettélécom.bj,TPE (<10),B2B,CCIB Annuaire,,Actif,2026-06-29T00:15:34.316993,haute
BJ-6C9420C8,Réseau Satellite SA,Télécommunications,Dogbo-Tota,+229 60 12 21 12,réseau.satellite.sa@réseau.satellite.sa.com,réseausatellitesa.bj,TPE (<10),B2B,CCIB Annuaire,,Actif,2026-06-29T00:15:34.317087,haute
BJ-1FD42719,Data Groupe,Télécommunications,Dogbo-Tota,+229 83 60 29 76,data.groupe@data.groupe.benin,datagroupe.bj,TPE (<10),B2B,CCIB Annuaire,,Actif,2026-06-29T00:15:34.317113,haute
BJ-D92B0CC9,Télécom Groupe Kpomassè,Télécommunications,Kpomassè,+229 51 51 62 20,télécom.groupe.kpomassè@télécom.groupe.kpomassè.benin,,TPE (<10),B2C,CCIB Annuaire,,Actif,2026-06-29T00:15:34.317178,moyenne
BJ-2748BD77,Wireless,Télécommunications,Kpomassè,+229 42 43 28 35,wireless@wireless.com,wireless.bj,PME (50-200),B2C,CCIB Annuaire,,Actif,2026-06-29T00:15:34.317200,haute
BJ-8578F75C,Réseau Kpomassè,Télécommunications,Kpomassè,+229 24 87 58 68,,réseaukpomassè.bj,TPE (<10),B2C,CCIB Annuaire,,Actif,2026-06-29T00:15:34.317221,moyenne
BJ-4795E14E,Mobile Satellite Africa,Télécommunications,Kpomassè,+229 49 58 35 53,mobile.satellite.africa@mobile.satellite.africa.bj,mobilesatelliteafrica.bj,PME (10-50),B2C,CCIB Annuaire,,Actif,2026-06-29T00:15:34.317244,haute
BJ-D925751E,Télécom Tech,Télécommunications,Tori-Bossito,+229 36 49 29 98,télécom.tech@télécom.tech.bj,télécomtech.bj,TPE (<10),B2C,CCIB Annuaire,,Actif,2026-06-29T00:15:34.317292,haute
BJ-B2B127D4,Internet Satellite,Télécommunications,Tori-Bossito,+229 50 16 41 14,internet.satellite@internet.satellite.org,internetsatellite.bj,PME (50-200),B2C,CCIB Annuaire,,Actif,2026-06-29T00:15:34.317328,haute
BJ-FDE6BFDD,Connect Tori-Bossito,Télécommunications,Tori-Bossito,+229 52 48 72 44,connect.toribossito@connect.toribossito.com,connecttoribossito.bj,TPE (<10),B2B,CCIB Annuaire,,Actif,2026-06-29T00:15:34.317354,haute
BJ-6E6398E7,Mobile Mobile,Télécommunications,Tori-Bossito,+229 82 86 21 53,mobile.mobile@mobile.mobile.bj,mobilemobile.bj,TPE (<10),B2B,CCIB Annuaire,,Actif,2026-06-29T00:15:34.317382,haute
BJ-20E4E1F8,Connect Voice Bénin,Télécommunications,Tori-Bossito,+229 97 51 42 47,connect.voice.bénin@connect.voice.bénin.benin,connectvoicebénin.bj,TPE (<10),B2C,CCIB Annuaire,,Actif,2026-06-29T00:15:34.317405,haute
BJ-C19E798C,Tech Telecom,Télécommunications,Grand-Popo,+229 23 89 57 67,tech.telecom@tech.telecom.net,techtelecom.bj,PME (50-200),B2C,CCIB Annuaire,,Actif,2026-06-29T00:15:34.317445,haute
BJ-FB3EA19B,Internet Télécom,Télécommunications,Grand-Popo,+229 67 34 95 88,internet.télécom@internet.télécom.net,internettélécom.bj,TPE (<10),B2C,CCIB Annuaire,,Actif,2026-06-29T00:15:34.317479,haute
BJ-24211800,Mobile Fiber,Télécommunications,Grand-Popo,+229 75 86 24 39,mobile.fiber@mobile.fiber.benin,mobilefiber.bj,PME (10-50),B2C,CCIB Annuaire,,Actif,2026-06-29T00:15:34.317508,haute
BJ-416F7A0D,Télécom,Télécommunications,Grand-Popo,+229 31 21 14 42,télécom@télécom.org,télécom.bj,PME (50-200),B2B,CCIB Annuaire,,Actif,2026-06-29T00:15:34.317535,haute
BJ-676B033B,Wireless Telecom,Télécommunications,Grand-Popo,+229 43 37 36 10,,wirelesstelecom.bj,PME (10-50),B2C,CCIB Annuaire,,Actif,2026-06-29T00:15:34.317558,moyenne
BJ-D8FD796F,Télécom Télécom SARL,Télécommunications,Athiémé,+229 70 69 55 78,télécom.télécom.sarl@télécom.télécom.sarl.org,,PME (10-50),B2B,CCIB Annuaire,,Actif,2026-06-29T00:15:34.317598,moyenne
BJ-C729206D,Digital Tech Groupe,Télécommunications,Athiémé,+229 97 23 13 88,digital.tech.groupe@digital.tech.groupe.com,,TPE (<10),B2C,CCIB Annuaire,,Actif,2026-06-29T00:15:34.317619,moyenne
BJ-64A9512A,Mobile Fiber,Télécommunications,Athiémé,+229 22 56 60 49,,mobilefiber.bj,TPE (<10),B2B,CCIB Annuaire,,Actif,2026-06-29T00:15:34.317639,moyenne
BJ-1C2BDE9B,Mobile,Télécommunications,Athiémé,+229 64 66 39 61,mobile@mobile.benin,mobile.bj,TPE (<10),B2C,CCIB Annuaire,,Actif,2026-06-29T00:15:34.317661,haute
BJ-70D75235,Digital Réseau Groupe Bopa,Télécommunications,Bopa,+229 40 11 13 93,digital.réseau.groupe.bopa@digital.réseau.groupe.bopa.net,,Grande (>200),B2B,CCIB Annuaire,,Actif,2026-06-29T00:15:34.317755,moyenne
BJ-35B0916C,Internet Réseau Telecom,Télécommunications,Bopa,+229 92 15 36 17,internet.réseau.telecom@internet.réseau.telecom.benin,internetréseautelecom.bj,PME (10-50),B2B,CCIB Annuaire,,Actif,2026-06-29T00:15:34.317781,haute
BJ-F8DB7F4A,Réseau Wireless Bopa,Télécommunications,Bopa,+229 28 79 16 90,réseau.wireless.bopa@réseau.wireless.bopa.com,,PME (50-200),B2C,CCIB Annuaire,,Actif,2026-06-29T00:15:34.317808,moyenne
BJ-A9F117C3,Internet Bopa,Télécommunications,Bopa,+229 50 81 38 96,,internetbopa.bj,TPE (<10),B2B,CCIB Annuaire,,Actif,2026-06-29T00:15:34.317830,moyenne
BJ-2D3A255F,Digital Internet,Télécommunications,Houéyogbé,+229 95 70 30 68,digital.internet@digital.internet.bj,digitalinternet.bj,TPE (<10),B2B,CCIB Annuaire,,Actif,2026-06-29T00:15:34.317885,haute
BJ-745EFF77,Digital International,Télécommunications,Houéyogbé,+229 63 53 68 95,digital.international@digital.international.net,digitalinternational.bj,TPE (<10),B2C,CCIB Annuaire,,Actif,2026-06-29T00:15:34.317934,haute
BJ-EF459ACC,Télécom Satellite,Télécommunications,Houéyogbé,+229 95 91 41 35,télécom.satellite@télécom.satellite.net,,TPE (<10),B2C,CCIB Annuaire,,Actif,2026-06-29T00:15:34.317961,moyenne
BJ-C0B129D1,Mobile Wireless SARL,Télécommunications,Houéyogbé,+229 78 36 30 84,mobile.wireless.sarl@mobile.wireless.sarl.bj,mobilewirelesssarl.bj,TPE (<10),B2B,CCIB Annuaire,,Actif,2026-06-29T00:15:34.317998,haute
BJ-D7D0914B,Fiber,Télécommunications,Houéyogbé,+229 45 12 18 46,fiber@fiber.com,fiber.bj,TPE (<10),B2C,CCIB Annuaire,,Actif,2026-06-29T00:15:34.318019,haute
BJ-CEF28B28,Digital Data,Télécommunications,Malanville,+229 27 36 72 60,digital.data@digital.data.com,digitaldata.bj,TPE (<10),B2B,CCIB Annuaire,,Actif,2026-06-29T00:15:34.318062,haute
BJ-C81B7C37,Télécom,Télécommunications,Malanville,+229 97 96 19 60,,télécom.bj,TPE (<10),B2B,CCIB Annuaire,,Actif,2026-06-29T00:15:34.318090,moyenne
BJ-9E07BE8A,Digital Wireless,Télécommunications,Malanville,+229 47 83 28 32,digital.wireless@digital.wireless.com,,TPE (<10),B2C,CCIB Annuaire,,Actif,2026-06-29T00:15:34.318189,moyenne
BJ-85E855B5,Réseau Réseau,Télécommunications,Kandi,+229 46 44 98 26,réseau.réseau@réseau.réseau.com,réseauréseau.bj,TPE (<10),B2B,CCIB Annuaire,,Actif,2026-06-29T00:15:34.318236,haute
BJ-5A1C52E3,Fiber,Télécommunications,Kandi,+229 25 79 58 59,fiber@fiber.com,fiber.bj,PME (10-50),B2C,CCIB Annuaire,,Actif,2026-06-29T00:15:34.318266,haute
BJ-244289EF,Voice Telecom,Télécommunications,Kandi,+229 58 87 21 17,voice.telecom@voice.telecom.bj,voicetelecom.bj,TPE (<10),B2B,CCIB Annuaire,,Actif,2026-06-29T00:15:34.318325,haute
BJ-5919D50C,Tech Kandi,Télécommunications,Kandi,+229 67 41 31 95,tech.kandi@tech.kandi.benin,techkandi.bj,PME (10-50),B2B,CCIB Annuaire,,Actif,2026-06-29T00:15:34.318360,haute
BJ-A44FE0A0,Fiber SA,Télécommunications,Banikoara,+229 29 36 58 28,fiber.sa@fiber.sa.net,,TPE (<10),B2B,CCIB Annuaire,,Actif,2026-06-29T00:15:34.318480,moyenne
BJ-4F0BE26B,Wireless,Télécommunications,Banikoara,+229 36 74 89 97,wireless@wireless.net,wireless.bj,Grande (>200),B2B,CCIB Annuaire,,Actif,2026-06-29T00:15:34.318548,haute
BJ-E78154F9,Internet Mobile Africa Ségbana,Télécommunications,Ségbana,+229 70 42 67 23,internet.mobile.africa.ségbana@internet.mobile.africa.ségbana.net,internetmobileafricaségbana.bj,PME (10-50),B2C,CCIB Annuaire,,Actif,2026-06-29T00:15:34.318602,haute
BJ-4B31DE01,Réseau Internet,Télécommunications,Ségbana,+229 50 76 29 12,réseau.internet@réseau.internet.bj,réseauinternet.bj,PME (50-200),B2B,CCIB Annuaire,,Actif,2026-06-29T00:15:34.318667,haute
BJ-16F27547,Mobile Mobile Groupe,Télécommunications,Ségbana,+229 41 44 50 55,mobile.mobile.groupe@mobile.mobile.groupe.org,mobilemobilegroupe.bj,PME (50-200),B2B,CCIB Annuaire,,Actif,2026-06-29T00:15:34.318718,haute
BJ-7E6EFBD2,Réseau Réseau SA Karimama,Télécommunications,Karimama,+229 79 37 29 12,réseau.réseau.sa.karimama@réseau.réseau.sa.karimama.benin,réseauréseausakarimama.bj,TPE (<10),B2C,CCIB Annuaire,,Actif,2026-06-29T00:15:34.318763,haute
BJ-89551C51,Wireless SARL,Télécommunications,Karimama,+229 49 98 96 58,wireless.sarl@wireless.sarl.com,wirelesssarl.bj,PME (10-50),B2C,CCIB Annuaire,,Actif,2026-06-29T00:15:34.318797,haute
BJ-0C5C8701,Réseau Mobile,Télécommunications,Karimama,+229 63 29 33 29,réseau.mobile@réseau.mobile.bj,,TPE (<10),B2B,CCIB Annuaire,,Actif,2026-06-29T00:15:34.318821,moyenne
BJ-32CE646D,Satellite Groupe Karimama,Télécommunications,Karimama,+229 87 47 40 17,satellite.groupe.karimama@satellite.groupe.karimama.benin,,TPE (<10),B2C,CCIB Annuaire,,Actif,2026-06-29T00:15:34.318842,moyenne
BJ-BC0ADCC6,Connect Data,Télécommunications,Karimama,+229 91 27 63 65,connect.data@connect.data.benin,,PME (10-50),B2C,CCIB Annuaire,,Actif,2026-06-29T00:15:34.318871,moyenne
BJ-358EE550,Mobile Telecom,Télécommunications,Gogounou,+229 82 79 40 62,mobile.telecom@mobile.telecom.net,mobiletelecom.bj,PME (10-50),B2B,CCIB Annuaire,,Actif,2026-06-29T00:15:34.318920,haute
BJ-D15BAF27,Connect Internet,Télécommunications,Gogounou,+229 30 63 27 45,connect.internet@connect.internet.org,connectinternet.bj,Grande (>200),B2C,CCIB Annuaire,,Actif,2026-06-29T00:15:34.318939,haute
BJ-2E0D4555,Fiber Groupe Gogounou,Télécommunications,Gogounou,+229 45 35 79 17,fiber.groupe.gogounou@fiber.groupe.gogounou.org,fibergroupegogounou.bj,PME (10-50),B2C,CCIB Annuaire,,Actif,2026-06-29T00:15:34.318954,haute
BJ-995724E8,Connect,Télécommunications,Gogounou,+229 50 94 42 56,connect@connect.org,connect.bj,PME (10-50),B2B,CCIB Annuaire,,Actif,2026-06-29T00:15:34.318967,haute
BJ-11EF2853,Réseau,Télécommunications,Gogounou,+229 31 15 53 75,réseau@réseau.org,réseau.bj,PME (10-50),B2B,CCIB Annuaire,,Actif,2026-06-29T00:15:34.318981,haute
BJ-EF74020A,Mobile Digital Africa,Télécommunications,Cobly,+229 87 64 98 14,mobile.digital.africa@mobile.digital.africa.bj,mobiledigitalafrica.bj,TPE (<10),B2B,CCIB Annuaire,,Actif,2026-06-29T00:15:34.319019,haute
BJ-D75F8021,Internet Telecom Cobly,Télécommunications,Cobly,+229 41 96 97 19,internet.telecom.cobly@internet.telecom.cobly.net,internettelecomcobly.bj,Grande (>200),B2C,CCIB Annuaire,,Actif,2026-06-29T00:15:34.319032,haute
BJ-494B7BBE,Internet International,Télécommunications,Cobly,+229 58 71 49 41,internet.international@internet.international.benin,internetinternational.bj,PME (10-50),B2C,CCIB Annuaire,,Actif,2026-06-29T00:15:34.319045,haute
BJ-3048023A,Internet Digital,Télécommunications,Cobly,+229 45 20 26 96,internet.digital@internet.digital.org,internetdigital.bj,PME (10-50),B2B,CCIB Annuaire,,Actif,2026-06-29T00:15:34.319057,haute
BJ-276A91F7,Réseau Mobile Groupe,Télécommunications,Tanguiéta,+229 51 69 29 46,réseau.mobile.groupe@réseau.mobile.groupe.com,réseaumobilegroupe.bj,PME (50-200),B2C,CCIB Annuaire,,Actif,2026-06-29T00:15:34.319077,haute
BJ-24D5D596,Internet Wireless,Télécommunications,Tanguiéta,+229 75 69 98 69,internet.wireless@internet.wireless.net,internetwireless.bj,TPE (<10),B2B,CCIB Annuaire,,Actif,2026-06-29T00:15:34.319117,haute
BJ-E5F6037E,Connect Africa Tanguiéta,Télécommunications,Tanguiéta,+229 38 50 83 26,connect.africa.tanguiéta@connect.africa.tanguiéta.com,connectafricatanguiéta.bj,TPE (<10),B2B,CCIB Annuaire,,Actif,2026-06-29T00:15:34.319131,haute
BJ-8B35209A,Mobile Matéri,Télécommunications,Matéri,+229 82 77 39 33,mobile.matéri@mobile.matéri.net,,PME (10-50),B2C,CCIB Annuaire,,Actif,2026-06-29T00:15:34.319151,moyenne
BJ-10745DB5,Télécom Mobile Groupe,Télécommunications,Matéri,+229 24 34 78 29,télécom.mobile.groupe@télécom.mobile.groupe.bj,,PME (10-50),B2B,CCIB Annuaire,,Actif,2026-06-29T00:15:34.319167,moyenne
BJ-F8831920,Digital Communication International,Télécommunications,Matéri,+229 84 26 51 69,digital.communication.international@digital.communication.international.net,digitalcommunicationinternational.bj,TPE (<10),B2B,CCIB Annuaire,,Actif,2026-06-29T00:15:34.319215,haute
BJ-7716E7F7,Télécom Internet,Télécommunications,Natitingou,+229 41 64 57 19,télécom.internet@télécom.internet.benin,télécominternet.bj,PME (50-200),B2B,CCIB Annuaire,,Actif,2026-06-29T00:15:34.319249,haute
BJ-A92B50A7,Mobile Data Natitingou,Télécommunications,Natitingou,+229 78 45 25 13,mobile.data.natitingou@mobile.data.natitingou.bj,,TPE (<10),B2C,CCIB Annuaire,,Actif,2026-06-29T00:15:34.319275,moyenne
BJ-ECEFB0B4,Digital Télécom Natitingou,Télécommunications,Natitingou,+229 41 33 95 15,,digitaltélécomnatitingou.bj,TPE (<10),B2B,CCIB Annuaire,,Actif,2026-06-29T00:15:34.319288,moyenne
BJ-48A7C741,Fiber Africa,Télécommunications,Toucountouna,+229 47 23 69 18,fiber.africa@fiber.africa.com,fiberafrica.bj,PME (10-50),B2B,CCIB Annuaire,,Actif,2026-06-29T00:15:34.319306,haute
BJ-F1AA5E19,Mobile Voice SARL,Télécommunications,Toucountouna,+229 95 65 95 73,mobile.voice.sarl@mobile.voice.sarl.benin,mobilevoicesarl.bj,PME (10-50),B2C,CCIB Annuaire,,Actif,2026-06-29T00:15:34.319322,haute
BJ-8DC2CD98,Digital Data,Télécommunications,Toucountouna,+229 77 39 16 33,digital.data@digital.data.org,digitaldata.bj,TPE (<10),B2C,CCIB Annuaire,,Actif,2026-06-29T00:15:34.319335,haute
BJ-AE53AB1E,Réseau,Télécommunications,Toucountouna,+229 74 20 64 56,réseau@réseau.com,,PME (10-50),B2B,CCIB Annuaire,,Actif,2026-06-29T00:15:34.319348,moyenne
BJ-FDF4FEE9,Digital Réseau International,Télécommunications,Boukoumbé,+229 85 23 45 38,digital.réseau.international@digital.réseau.international.org,,TPE (<10),B2C,CCIB Annuaire,,Actif,2026-06-29T00:15:34.319382,moyenne
BJ-C9E822BE,Wireless,Télécommunications,Boukoumbé,+229 84 20 59 53,wireless@wireless.bj,wireless.bj,PME (10-50),B2C,CCIB Annuaire,,Actif,2026-06-29T00:15:34.319399,haute
BJ-11AD334B,Télécom Mobile SARL,Télécommunications,Boukoumbé,+229 74 27 64 56,,télécommobilesarl.bj,TPE (<10),B2B,CCIB Annuaire,,Actif,2026-06-29T00:15:34.319411,moyenne
BJ-71222F04,Connect Mobile International Boukoumbé,Télécommunications,Boukoumbé,+229 96 62 87 23,connect.mobile.international.boukoumbé@connect.mobile.international.boukoumbé.bj,,PME (10-50),B2C,CCIB Annuaire,,Actif,2026-06-29T00:15:34.319425,moyenne
BJ-34BF74DE,Internet Tech SA,Télécommunications,Boukoumbé,+229 98 19 93 95,internet.tech.sa@internet.tech.sa.bj,internettechsa.bj,TPE (<10),B2C,CCIB Annuaire,,Actif,2026-06-29T00:15:34.319438,haute
BJ-5CCF0697,Télécom Satellite Africa,Télécommunications,Kouandé,+229 67 12 35 82,télécom.satellite.africa@télécom.satellite.africa.benin,télécomsatelliteafrica.bj,TPE (<10),B2C,CCIB Annuaire,,Actif,2026-06-29T00:15:34.319458,haute
BJ-1500E512,Data Africa,Télécommunications,Kouandé,+229 84 53 69 70,,,TPE (<10),B2B,CCIB Annuaire,,Actif,2026-06-29T00:15:34.319472,basse
BJ-E6247391,Satellite Africa Kouandé,Télécommunications,Kouandé,+229 55 11 21 52,satellite.africa.kouandé@satellite.africa.kouandé.com,satelliteafricakouandé.bj,TPE (<10),B2C,CCIB Annuaire,,Actif,2026-06-29T00:15:34.319486,haute
BJ-C62AB9DE,Wireless SARL,Télécommunications,Kouandé,+229 34 20 19 16,,wirelesssarl.bj,TPE (<10),B2C,CCIB Annuaire,,Actif,2026-06-29T00:15:34.319498,moyenne
BJ-69860FD8,Télécom Data Telecom,Télécommunications,Kouandé,+229 32 34 84 91,télécom.data.telecom@télécom.data.telecom.benin,télécomdatatelecom.bj,PME (50-200),B2B,CCIB Annuaire,,Actif,2026-06-29T00:15:34.319511,haute
BJ-894073A6,Satellite SARL,Télécommunications,Péhunco,+229 47 37 73 32,satellite.sarl@satellite.sarl.benin,,TPE (<10),B2C,CCIB Annuaire,,Actif,2026-06-29T00:15:34.319529,moyenne
BJ-D99265FF,Connect Wireless Péhunco,Télécommunications,Péhunco,+229 39 13 87 94,connect.wireless.péhunco@connect.wireless.péhunco.com,,TPE (<10),B2B,CCIB Annuaire,,Actif,2026-06-29T00:15:34.319542,moyenne
BJ-E04856EA,Mobile Télécom Bénin,Télécommunications,Péhunco,+229 35 71 29 36,mobile.télécom.bénin@mobile.télécom.bénin.benin,mobiletélécombénin.bj,PME (50-200),B2B,CCIB Annuaire,,Actif,2026-06-29T00:15:34.319555,haute
BJ-781201E7,Réseau Groupe Péhunco,Télécommunications,Péhunco,+229 36 54 24 31,réseau.groupe.péhunco@réseau.groupe.péhunco.org,réseaugroupepéhunco.bj,TPE (<10),B2B,CCIB Annuaire,,Actif,2026-06-29T00:15:34.319574,haute
BJ-08F5AEE3,Mobile Internet SA Tchaourou,Télécommunications,Tchaourou,+229 92 31 27 43,mobile.internet.sa.tchaourou@mobile.internet.sa.tchaourou.org,mobileinternetsatchaourou.bj,PME (10-50),B2B,CCIB Annuaire,,Actif,2026-06-29T00:15:34.319606,haute
BJ-03619D0D,Satellite Tchaourou,Télécommunications,Tchaourou,+229 78 23 82 69,,,PME (10-50),B2B,CCIB Annuaire,,Actif,2026-06-29T00:15:34.319621,basse
BJ-1197FA72,Digital Digital Tchaourou,Télécommunications,Tchaourou,+229 93 89 61 32,,digitaldigitaltchaourou.bj,PME (50-200),B2B,CCIB Annuaire,,Actif,2026-06-29T00:15:34.319633,moyenne
BJ-F2B3EB06,Digital Mobile,Télécommunications,Tchaourou,+229 84 50 94 41,digital.mobile@digital.mobile.com,digitalmobile.bj,TPE (<10),B2C,CCIB Annuaire,,Actif,2026-06-29T00:15:34.319649,haute
BJ-39B16749,Internet Internet Groupe,Télécommunications,Tchaourou,+229 48 98 75 81,internet.internet.groupe@internet.internet.groupe.benin,internetinternetgroupe.bj,Grande (>200),B2C,CCIB Annuaire,,Actif,2026-06-29T00:15:34.319662,haute
BJ-5A676B02,Réseau Satellite Nikki,Télécommunications,Nikki,+229 75 76 35 24,réseau.satellite.nikki@réseau.satellite.nikki.benin,réseausatellitenikki.bj,TPE (<10),B2B,CCIB Annuaire,,Actif,2026-06-29T00:15:34.319682,haute
BJ-67AE373F,Digital Mobile,Télécommunications,Nikki,+229 87 20 80 88,,,Grande (>200),B2B,CCIB Annuaire,,Actif,2026-06-29T00:15:34.319693,basse
BJ-5E9EDFB0,Digital Data SARL,Télécommunications,Nikki,+229 98 49 53 28,digital.data.sarl@digital.data.sarl.bj,,TPE (<10),B2B,CCIB Annuaire,,Actif,2026-06-29T00:15:34.319717,moyenne
BJ-C7C962F1,Internet Mobile Groupe,Télécommunications,Nikki,+229 30 33 45 26,internet.mobile.groupe@internet.mobile.groupe.com,internetmobilegroupe.bj,PME (10-50),B2C,CCIB Annuaire,,Actif,2026-06-29T00:15:34.319730,haute
BJ-B9625AE2,Mobile Wireless,Télécommunications,Bembéréké,+229 62 11 76 92,mobile.wireless@mobile.wireless.org,,PME (50-200),B2B,CCIB Annuaire,,Actif,2026-06-29T00:15:34.319762,moyenne
BJ-D417AFDA,Mobile Télécom Africa Bembéréké,Télécommunications,Bembéréké,+229 94 81 90 81,mobile.télécom.africa.bembéréké@mobile.télécom.africa.bembéréké.bj,,PME (50-200),B2B,CCIB Annuaire,,Actif,2026-06-29T00:15:34.319776,moyenne
BJ-6558FAA8,Mobile Connect,Télécommunications,Bembéréké,+229 31 56 74 56,mobile.connect@mobile.connect.net,,PME (50-200),B2C,CCIB Annuaire,,Actif,2026-06-29T00:15:34.319788,moyenne
BJ-25FF9EBC,Télécom Mobile Bembéréké,Télécommunications,Bembéréké,+229 96 24 33 62,télécom.mobile.bembéréké@télécom.mobile.bembéréké.benin,télécommobilebembéréké.bj,PME (10-50),B2B,CCIB Annuaire,,Actif,2026-06-29T00:15:34.319801,haute
BJ-AA55D970,Mobile International,Télécommunications,Kalalé,+229 62 79 67 61,mobile.international@mobile.international.com,mobileinternational.bj,TPE (<10),B2B,CCIB Annuaire,,Actif,2026-06-29T00:15:34.319819,haute
BJ-9E9D4F41,Connect Telecom Kalalé,Télécommunications,Kalalé,+229 73 97 40 44,connect.telecom.kalalé@connect.telecom.kalalé.org,connecttelecomkalalé.bj,PME (10-50),B2B,CCIB Annuaire,,Actif,2026-06-29T00:15:34.319832,haute
BJ-8B84B36C,Mobile Mobile International Kalalé,Télécommunications,Kalalé,+229 74 55 34 81,mobile.mobile.international.kalalé@mobile.mobile.international.kalalé.org,mobilemobileinternationalkalalé.bj,TPE (<10),B2B,CCIB Annuaire,,Actif,2026-06-29T00:15:34.319846,haute
BJ-6C5234A6,Réseau Télécom Africa,Télécommunications,Kalalé,+229 48 84 36 32,réseau.télécom.africa@réseau.télécom.africa.org,réseautélécomafrica.bj,TPE (<10),B2B,CCIB Annuaire,,Actif,2026-06-29T00:15:34.319870,haute
BJ-2847CDF0,Mobile Communication,Télécommunications,Ndali,+229 65 63 65 95,mobile.communication@mobile.communication.bj,mobilecommunication.bj,PME (10-50),B2B,CCIB Annuaire,,Actif,2026-06-29T00:15:34.319903,haute
BJ-48CF6165,Internet Wireless,Télécommunications,Ndali,+229 77 64 35 71,internet.wireless@internet.wireless.bj,,TPE (<10),B2C,CCIB Annuaire,,Actif,2026-06-29T00:15:34.319920,moyenne
BJ-DA86A3E6,Digital Tech SARL,Télécommunications,Ndali,+229 55 34 67 68,digital.tech.sarl@digital.tech.sarl.bj,digitaltechsarl.bj,TPE (<10),B2B,CCIB Annuaire,,Actif,2026-06-29T00:15:34.319933,haute
BJ-700F167A,Internet Réseau Ndali,Télécommunications,Ndali,+229 86 77 55 48,internet.réseau.ndali@internet.réseau.ndali.benin,internetréseaundali.bj,PME (10-50),B2B,CCIB Annuaire,,Actif,2026-06-29T00:15:34.319950,haute
BJ-92343FB0,Digital Tech Africa,Télécommunications,Ndali,+229 70 71 90 12,digital.tech.africa@digital.tech.africa.com,digitaltechafrica.bj,TPE (<10),B2B,CCIB Annuaire,,Actif,2026-06-29T00:15:34.319962,haute
BJ-0F7F5DDE,Tech SARL,Télécommunications,Ségbana,+229 67 37 46 51,tech.sarl@tech.sarl.benin,,PME (10-50),B2B,CCIB Annuaire,,Actif,2026-06-29T00:15:34.319980,moyenne
BJ-8A66E8EC,Internet Telecom,Télécommunications,Ségbana,+229 26 92 79 97,internet.telecom@internet.telecom.org,,PME (50-200),B2C,CCIB Annuaire,,Actif,2026-06-29T00:15:34.319992,moyenne
BJ-C35AB5C3,Réseau SA,Télécommunications,Ségbana,+229 72 79 36 19,réseau.sa@réseau.sa.org,,PME (10-50),B2B,CCIB Annuaire,,Actif,2026-06-29T00:15:34.320006,moyenne
BJ-6256B0FA,Connect SA,Télécommunications,Ségbana,+229 52 92 60 91,connect.sa@connect.sa.net,connectsa.bj,PME (50-200),B2B,CCIB Annuaire,,Actif,2026-06-29T00:15:34.320019,haute
BJ-1ED30085,Fiber Tchaourou,Télécommunications,Tchaourou,+229 89 37 74 76,fiber.tchaourou@fiber.tchaourou.bj,fibertchaourou.bj,TPE (<10),B2C,CCIB Annuaire,,Actif,2026-06-29T00:15:34.320049,haute
BJ-06708395,Digital Voice Africa,Télécommunications,Tchaourou,+229 93 20 64 70,digital.voice.africa@digital.voice.africa.bj,digitalvoiceafrica.bj,TPE (<10),B2C,CCIB Annuaire,,Actif,2026-06-29T00:15:34.320075,haute
BJ-32986153,Réseau Télécom,Télécommunications,Tchaourou,+229 31 27 68 68,réseau.télécom@réseau.télécom.bj,,PME (10-50),B2C,CCIB Annuaire,,Actif,2026-06-29T00:15:34.320097,moyenne
BJ-6E033661,Connect Connect,Télécommunications,Tchaourou,+229 51 80 96 58,connect.connect@connect.connect.bj,connectconnect.bj,TPE (<10),B2C,CCIB Annuaire,,Actif,2026-06-29T00:15:34.320127,haute
BJ-3338826F,Réseau Satellite Groupe,Télécommunications,Tchaourou,+229 53 82 50 43,réseau.satellite.groupe@réseau.satellite.groupe.benin,réseausatellitegroupe.bj,PME (50-200),B2B,CCIB Annuaire,,Actif,2026-06-29T00:15:34.320149,haute
BJ-6D5D9694,Digital Voice,Télécommunications,Bétérou,+229 98 18 15 55,digital.voice@digital.voice.org,digitalvoice.bj,TPE (<10),B2C,CCIB Annuaire,,Actif,2026-06-29T00:15:34.320184,haute
BJ-34AE6BBB,Voice Groupe,Télécommunications,Ouessè,+229 31 80 24 47,,voicegroupe.bj,Grande (>200),B2B,CCIB Annuaire,,Actif,2026-06-29T00:15:34.320240,moyenne
BJ-D718EA71,Télécom Ouessè,Télécommunications,Ouessè,+229 21 97 83 33,télécom.ouessè@télécom.ouessè.bj,télécomouessè.bj,TPE (<10),B2C,CCIB Annuaire,,Actif,2026-06-29T00:15:34.320257,haute
BJ-FF2468C6,Communication SARL Ouessè,Télécommunications,Ouessè,+229 21 53 11 73,communication.sarl.ouessè@communication.sarl.ouessè.net,communicationsarlouessè.bj,TPE (<10),B2C,CCIB Annuaire,,Actif,2026-06-29T00:15:34.320272,haute
BJ-D06CDCA7,Télécom Réseau International,Télécommunications,Ouessè,+229 21 39 85 29,télécom.réseau.international@télécom.réseau.international.bj,,TPE (<10),B2B,CCIB Annuaire,,Actif,2026-06-29T00:15:34.320285,moyenne
BJ-6EAD847C,Télécom Satellite Africa Ouessè,Télécommunications,Ouessè,+229 60 48 53 85,,télécomsatelliteafricaouessè.bj,PME (10-50),B2C,CCIB Annuaire,,Actif,2026-06-29T00:15:34.320298,moyenne
BJ-E38DBC2C,Internet SA,Télécommunications,Glazoué,+229 74 68 37 14,internet.sa@internet.sa.bj,internetsa.bj,TPE (<10),B2B,CCIB Annuaire,,Actif,2026-06-29T00:15:34.320317,haute
BJ-E4F8AF33,Réseau Satellite SA,Télécommunications,Glazoué,+229 97 99 87 61,,,TPE (<10),B2B,CCIB Annuaire,,Actif,2026-06-29T00:15:34.320328,basse
BJ-5EA2FDFC,Réseau Wireless,Télécommunications,Glazoué,+229 25 81 74 10,,réseauwireless.bj,TPE (<10),B2B,CCIB Annuaire,,Actif,2026-06-29T00:15:34.320340,moyenne
BJ-B10AD08B,Data Africa,Télécommunications,Glazoué,+229 33 39 97 99,data.africa@data.africa.com,dataafrica.bj,TPE (<10),B2B,CCIB Annuaire,,Actif,2026-06-29T00:15:34.320353,haute
BJ-1875EC08,Réseau Groupe Glazoué,Télécommunications,Glazoué,+229 27 91 60 34,réseau.groupe.glazoué@réseau.groupe.glazoué.benin,,PME (10-50),B2B,CCIB Annuaire,,Actif,2026-06-29T00:15:34.320370,moyenne
BJ-0313E6B4,Télécom Voice Telecom,Télécommunications,Dassa-Zoumè,+229 55 67 55 13,télécom.voice.telecom@télécom.voice.telecom.bj,télécomvoicetelecom.bj,PME (50-200),B2B,CCIB Annuaire,,Actif,2026-06-29T00:15:34.320389,haute
BJ-E8FEF9DE,Internet Wireless,Télécommunications,Dassa-Zoumè,+229 78 25 33 83,internet.wireless@internet.wireless.com,internetwireless.bj,TPE (<10),B2C,CCIB Annuaire,,Actif,2026-06-29T00:15:34.320422,haute
BJ-18A3B697,Fiber Telecom Dassa-Zoumè,Télécommunications,Dassa-Zoumè,+229 57 66 91 67,,,TPE (<10),B2C,CCIB Annuaire,,Actif,2026-06-29T00:15:34.320433,basse
BJ-E2355D5B,Wireless,Télécommunications,Savalou,+229 91 92 99 55,wireless@wireless.benin,wireless.bj,Grande (>200),B2C,CCIB Annuaire,,Actif,2026-06-29T00:15:34.320476,haute
BJ-7EA5E254,Internet Data,Télécommunications,Savalou,+229 64 27 74 99,internet.data@internet.data.com,internetdata.bj,PME (10-50),B2B,CCIB Annuaire,,Actif,2026-06-29T00:15:34.320500,haute
BJ-CA056D39,Connect,Télécommunications,Bantè,+229 35 38 15 69,connect@connect.bj,connect.bj,PME (10-50),B2B,CCIB Annuaire,,Actif,2026-06-29T00:15:34.320529,haute
BJ-946DBFB9,Télécom Internet,Télécommunications,Bantè,+229 92 40 81 44,télécom.internet@télécom.internet.com,,TPE (<10),B2B,CCIB Annuaire,,Actif,2026-06-29T00:15:34.320558,moyenne
BJ-E38E9E2F,Digital Connect,Télécommunications,Bantè,+229 37 90 18 30,digital.connect@digital.connect.net,digitalconnect.bj,PME (10-50),B2C,CCIB Annuaire,,Actif,2026-06-29T00:15:34.320570,haute
BJ-A70F76BE,Internet Satellite Bénin,Télécommunications,Bantè,+229 73 17 50 25,internet.satellite.bénin@internet.satellite.bénin.bj,internetsatellitebénin.bj,PME (10-50),B2B,CCIB Annuaire,,Actif,2026-06-29T00:15:34.320586,haute
BJ-160E4494,Data Djougou,Télécommunications,Djougou,+229 89 67 47 75,data.djougou@data.djougou.net,datadjougou.bj,Grande (>200),B2C,CCIB Annuaire,,Actif,2026-06-29T00:15:34.320605,haute
BJ-28A10DA2,Digital Communication SARL,Télécommunications,Djougou,+229 45 79 39 38,digital.communication.sarl@digital.communication.sarl.bj,digitalcommunicationsarl.bj,TPE (<10),B2B,CCIB Annuaire,,Actif,2026-06-29T00:15:34.320618,haute
BJ-2F4D771D,Internet Voice,Télécommunications,Djougou,+229 37 94 96 10,internet.voice@internet.voice.net,,PME (10-50),B2B,CCIB Annuaire,,Actif,2026-06-29T00:15:34.320641,moyenne
BJ-E8700E7B,Connect Wireless Africa,Télécommunications,Djougou,+229 20 14 84 12,connect.wireless.africa@connect.wireless.africa.benin,connectwirelessafrica.bj,TPE (<10),B2C,CCIB Annuaire,,Actif,2026-06-29T00:15:34.320653,haute
BJ-7A794B3D,Internet Tech,Télécommunications,Ouèssè,+229 90 16 18 98,internet.tech@internet.tech.bj,internettech.bj,PME (10-50),B2B,CCIB Annuaire,,Actif,2026-06-29T00:15:34.320671,haute
BJ-EAA7C01B,Connect,Télécommunications,Ouèssè,+229 24 74 82 58,,connect.bj,TPE (<10),B2B,CCIB Annuaire,,Actif,2026-06-29T00:15:34.320699,moyenne
BJ-A26140EA,Connect Télécom,Télécommunications,Ouèssè,+229 58 79 50 97,,connecttélécom.bj,TPE (<10),B2C,CCIB Annuaire,,Actif,2026-06-29T00:15:34.320720,moyenne
BJ-7B2A80A8,Digital Télécom,Télécommunications,Ouèssè,+229 96 75 53 84,digital.télécom@digital.télécom.benin,,PME (10-50),B2C,CCIB Annuaire,,Actif,2026-06-29T00:15:34.320750,moyenne
BJ-5B98B861,Télécom,Télécommunications,Ouèssè,+229 22 97 21 18,télécom@télécom.org,,PME (10-50),B2B,CCIB Annuaire,,Actif,2026-06-29T00:15:34.320778,moyenne
BJ-EC81350B,Tech Groupe Bassila,Télécommunications,Bassila,+229 98 89 26 48,tech.groupe.bassila@tech.groupe.bassila.net,techgroupebassila.bj,Grande (>200),B2C,CCIB Annuaire,,Actif,2026-06-29T00:15:34.320816,haute
BJ-12E5A973,Connect Réseau,Télécommunications,Bassila,+229 90 70 20 55,connect.réseau@connect.réseau.org,connectréseau.bj,PME (10-50),B2C,CCIB Annuaire,,Actif,2026-06-29T00:15:34.320875,haute
BJ-DF4E0595,Voice SARL,Télécommunications,Bassila,+229 60 71 41 96,voice.sarl@voice.sarl.net,voicesarl.bj,PME (10-50),B2B,CCIB Annuaire,,Actif,2026-06-29T00:15:34.320907,haute
BJ-CC5F7B99,Internet Telecom Bassila,Télécommunications,Bassila,+229 93 53 25 56,internet.telecom.bassila@internet.telecom.bassila.com,internettelecombassila.bj,TPE (<10),B2B,CCIB Annuaire,,Actif,2026-06-29T00:15:34.320922,haute
BJ-CA16759F,Réseau SARL,Télécommunications,Pehunco,+229 60 92 37 61,,réseausarl.bj,PME (50-200),B2C,CCIB Annuaire,,Actif,2026-06-29T00:15:34.320946,moyenne
BJ-71ACD3CB,Connect SA,Télécommunications,Pehunco,+229 36 73 43 90,,connectsa.bj,PME (50-200),B2B,CCIB Annuaire,,Actif,2026-06-29T00:15:34.320970,moyenne
BJ-78D508BA,Data Pehunco,Télécommunications,Pehunco,+229 45 66 62 96,data.pehunco@data.pehunco.benin,,PME (10-50),B2B,CCIB Annuaire,,Actif,2026-06-29T00:15:34.320984,moyenne
BJ-BE75FA03,Réseau Connect,Télécommunications,Pehunco,+229 25 96 60 60,réseau.connect@réseau.connect.net,,PME (50-200),B2C,CCIB Annuaire,,Actif,2026-06-29T00:15:34.320997,moyenne
BJ-A71A080C,Réseau Communication SA,Télécommunications,Pehunco,+229 59 14 62 43,réseau.communication.sa@réseau.communication.sa.net,,TPE (<10),B2B,CCIB Annuaire,,Actif,2026-06-29T00:15:34.321009,moyenne
BJ-3B3182F4,Digital Wireless,Télécommunications,Copargo,+229 75 52 39 72,,digitalwireless.bj,PME (10-50),B2B,CCIB Annuaire,,Actif,2026-06-29T00:15:34.321028,moyenne
BJ-63C09898,Digital International,Télécommunications,Copargo,+229 55 57 34 21,,digitalinternational.bj,PME (50-200),B2B,CCIB Annuaire,,Actif,2026-06-29T00:15:34.321040,moyenne
BJ-069F4EC7,Réseau Satellite,Télécommunications,Copargo,+229 50 64 70 71,réseau.satellite@réseau.satellite.org,réseausatellite.bj,PME (50-200),B2B,CCIB Annuaire,,Actif,2026-06-29T00:15:34.321053,haute
BJ-CF8E4A12,Voice International,Télécommunications,Copargo,+229 95 14 36 66,voice.international@voice.international.net,,PME (10-50),B2C,CCIB Annuaire,,Actif,2026-06-29T00:15:34.321065,moyenne
BJ-1C8903F0,Data,Télécommunications,Copargo,+229 43 92 47 90,data@data.com,data.bj,TPE (<10),B2C,CCIB Annuaire,,Actif,2026-06-29T00:15:34.321078,haute
BJ-1A820456,Agriculture Bénin,Agriculture & Agroalimentaire,Cotonou,+229 46 16 74 28,agriculture.bénin@agriculture.bénin.bj,,PME (10-50),B2B,CCIB Annuaire,,Actif,2026-06-29T00:15:34.321098,moyenne
BJ-2657E662,Ets Aquaculture,Agriculture & Agroalimentaire,Cotonou,+229 31 83 68 21,ets.aquaculture@ets.aquaculture.com,etsaquaculture.bj,PME (10-50),B2B,CCIB Annuaire,,Actif,2026-06-29T00:15:34.321116,haute
BJ-0FCC9762,SARL Agro Farm,Agriculture & Agroalimentaire,Cotonou,+229 64 32 39 34,,,TPE (<10),B2B,CCIB Annuaire,,Actif,2026-06-29T00:15:34.321138,basse
BJ-04C94778,Plantation Ferme Groupe,Agriculture & Agroalimentaire,Cotonou,+229 35 24 15 19,,,PME (10-50),B2B,CCIB Annuaire,,Actif,2026-06-29T00:15:34.321148,basse
BJ-7B205D2D,Aquaculture,Agriculture & Agroalimentaire,Abomey-Calavi,+229 90 99 73 48,aquaculture@aquaculture.bj,,PME (10-50),B2B,CCIB Annuaire,,Actif,2026-06-29T00:15:34.321166,moyenne
BJ-AE3DC28E,Ets Agro Abomey-Calavi,Agriculture & Agroalimentaire,Abomey-Calavi,+229 77 76 87 47,ets.agro.abomeycalavi@ets.agro.abomeycalavi.net,,PME (10-50),B2B,CCIB Annuaire,,Actif,2026-06-29T00:15:34.321183,moyenne
BJ-1843C348,Production Plantation,Agriculture & Agroalimentaire,Abomey-Calavi,+229 42 13 98 26,production.plantation@production.plantation.com,,Grande (>200),B2B,CCIB Annuaire,,Actif,2026-06-29T00:15:34.321218,moyenne
BJ-C6191AAA,Légume Plantation,Agriculture & Agroalimentaire,Porto-Novo,+229 68 72 32 32,légume.plantation@légume.plantation.org,légumeplantation.bj,PME (50-200),B2B,CCIB Annuaire,,Actif,2026-06-29T00:15:34.321238,haute
BJ-929885A5,Ets Bétail Farm Porto-Novo,Agriculture & Agroalimentaire,Porto-Novo,+229 63 80 19 41,,,PME (10-50),B2C,CCIB Annuaire,,Actif,2026-06-29T00:15:34.321254,basse
BJ-976254EF,Ferme Plantation Porto-Novo,Agriculture & Agroalimentaire,Porto-Novo,+229 94 20 48 15,,,TPE (<10),B2C,CCIB Annuaire,,Actif,2026-06-29T00:15:34.321265,basse
BJ-8F8CEAE5,Production Aquaculture Ets,Agriculture & Agroalimentaire,Porto-Novo,+229 63 90 55 86,,,PME (10-50),B2B,CCIB Annuaire,,Actif,2026-06-29T00:15:34.321276,basse
BJ-ED33078A,Élevage SARL Porto-Novo,Agriculture & Agroalimentaire,Porto-Novo,+229 68 48 64 74,,élevagesarlportonovo.bj,PME (50-200),B2B,CCIB Annuaire,,Actif,2026-06-29T00:15:34.321292,moyenne
BJ-A538BF51,Groupe Aquaculture Parakou,Agriculture & Agroalimentaire,Parakou,+229 74 36 96 39,groupe.aquaculture.parakou@groupe.aquaculture.parakou.com,,TPE (<10),B2B,CCIB Annuaire,,Actif,2026-06-29T00:15:34.321311,moyenne
BJ-0993175B,Céréale SARL,Agriculture & Agroalimentaire,Parakou,+229 82 18 29 35,,céréalesarl.bj,TPE (<10),B2C,CCIB Annuaire,,Actif,2026-06-29T00:15:34.321324,moyenne
BJ-18B5B947,Plantation Pêche Ets,Agriculture & Agroalimentaire,Parakou,+229 92 90 80 67,,,PME (50-200),B2B,CCIB Annuaire,,Actif,2026-06-29T00:15:34.321346,basse
BJ-A32CBAD3,Agro Agro,Agriculture & Agroalimentaire,Parakou,+229 92 97 82 93,,agroagro.bj,PME (50-200),B2B,CCIB Annuaire,,Actif,2026-06-29T00:15:34.321358,moyenne
BJ-99A0F6B4,Plantation Fruit,Agriculture & Agroalimentaire,Bohicon,+229 60 90 84 15,,,TPE (<10),B2B,CCIB Annuaire,,Actif,2026-06-29T00:15:34.321375,basse
BJ-E0AB1403,Ferme Aquaculture Bohicon,Agriculture & Agroalimentaire,Bohicon,+229 23 86 69 18,ferme.aquaculture.bohicon@ferme.aquaculture.bohicon.org,fermeaquaculturebohicon.bj,PME (10-50),B2C,CCIB Annuaire,,Actif,2026-06-29T00:15:34.321392,haute
BJ-B047E90F,Aquaculture Groupe,Agriculture & Agroalimentaire,Bohicon,+229 35 92 99 11,,,PME (10-50),B2C,CCIB Annuaire,,Actif,2026-06-29T00:15:34.321415,basse
BJ-4A41B900,Production Transformation SARL,Agriculture & Agroalimentaire,Bohicon,+229 72 91 31 90,production.transformation.sarl@production.transformation.sarl.bj,,Grande (>200),B2B,CCIB Annuaire,,Actif,2026-06-29T00:15:34.321443,moyenne
BJ-53FA0198,Alimentaire Africa,Agriculture & Agroalimentaire,Bohicon,+229 83 40 58 53,,alimentaireafrica.bj,TPE (<10),B2C,CCIB Annuaire,,Actif,2026-06-29T00:15:34.321458,moyenne
BJ-BFE29A89,Ferme Ets,Agriculture & Agroalimentaire,Natitingou,+229 64 65 75 89,,fermeets.bj,TPE (<10),B2B,CCIB Annuaire,,Actif,2026-06-29T00:15:34.321478,moyenne
BJ-93F42FBD,Ets Bétail,Agriculture & Agroalimentaire,Natitingou,+229 52 26 99 44,ets.bétail@ets.bétail.bj,etsbétail.bj,TPE (<10),B2B,CCIB Annuaire,,Actif,2026-06-29T00:15:34.321492,haute
BJ-C2661D75,Production Aquaculture Bénin,Agriculture & Agroalimentaire,Natitingou,+229 80 63 78 23,production.aquaculture.bénin@production.aquaculture.bénin.bj,productionaquaculturebénin.bj,PME (50-200),B2C,CCIB Annuaire,,Actif,2026-06-29T00:15:34.321506,haute
BJ-AEB3B558,Fruit Agro Natitingou,Agriculture & Agroalimentaire,Natitingou,+229 50 27 80 21,,fruitagronatitingou.bj,PME (10-50),B2C,CCIB Annuaire,,Actif,2026-06-29T00:15:34.321518,moyenne
BJ-7A042106,Groupe Aquaculture Lokossa,Agriculture & Agroalimentaire,Lokossa,+229 29 88 32 84,groupe.aquaculture.lokossa@groupe.aquaculture.lokossa.benin,groupeaquaculturelokossa.bj,PME (50-200),B2B,CCIB Annuaire,,Actif,2026-06-29T00:15:34.321548,haute
BJ-6A611FBC,Plantation Industrie Ets,Agriculture & Agroalimentaire,Lokossa,+229 98 48 73 57,plantation.industrie.ets@plantation.industrie.ets.benin,plantationindustrieets.bj,PME (10-50),B2C,CCIB Annuaire,,Actif,2026-06-29T00:15:34.321564,haute
BJ-4A861EB4,Plantation Lokossa,Agriculture & Agroalimentaire,Lokossa,+229 92 38 34 22,,plantationlokossa.bj,Grande (>200),B2B,CCIB Annuaire,,Actif,2026-06-29T00:15:34.321576,moyenne
BJ-76D661DB,Légume Plantation,Agriculture & Agroalimentaire,Lokossa,+229 64 42 62 99,légume.plantation@légume.plantation.benin,,TPE (<10),B2B,CCIB Annuaire,,Actif,2026-06-29T00:15:34.321588,moyenne
BJ-24B36F75,Ferme Agriculture,Agriculture & Agroalimentaire,Lokossa,+229 35 79 30 88,,,TPE (<10),B2B,CCIB Annuaire,,Actif,2026-06-29T00:15:34.321599,basse
BJ-BCF11A56,Ferme Fruit Agro,Agriculture & Agroalimentaire,Ouidah,+229 71 33 97 25,,fermefruitagro.bj,PME (50-200),B2B,CCIB Annuaire,,Actif,2026-06-29T00:15:34.321628,moyenne
BJ-648E00AE,SARL Élevage Groupe,Agriculture & Agroalimentaire,Ouidah,+229 64 38 45 63,,,TPE (<10),B2B,CCIB Annuaire,,Actif,2026-06-29T00:15:34.321638,basse
BJ-4E259203,Bétail Bénin,Agriculture & Agroalimentaire,Ouidah,+229 78 81 99 83,,bétailbénin.bj,PME (10-50),B2B,CCIB Annuaire,,Actif,2026-06-29T00:15:34.321650,moyenne
BJ-BCA0D9CB,Industrie Plantation,Agriculture & Agroalimentaire,Savalou,+229 42 32 81 68,,industrieplantation.bj,TPE (<10),B2B,CCIB Annuaire,,Actif,2026-06-29T00:15:34.321685,moyenne
BJ-3AA0DF91,Plantation Farm,Agriculture & Agroalimentaire,Savalou,+229 28 90 99 36,plantation.farm@plantation.farm.com,plantationfarm.bj,TPE (<10),B2B,CCIB Annuaire,,Actif,2026-06-29T00:15:34.321700,haute
BJ-20FF97A7,SARL Aquaculture,Agriculture & Agroalimentaire,Savalou,+229 22 26 39 83,,,TPE (<10),B2B,CCIB Annuaire,,Actif,2026-06-29T00:15:34.321711,basse
BJ-80FA72F2,Pêche,Agriculture & Agroalimentaire,Savalou,+229 46 52 38 76,pêche@pêche.bj,,TPE (<10),B2B,CCIB Annuaire,,Actif,2026-06-29T00:15:34.321723,moyenne
BJ-F3E46896,Plantation,Agriculture & Agroalimentaire,Savalou,+229 59 25 64 50,,plantation.bj,TPE (<10),B2C,CCIB Annuaire,,Actif,2026-06-29T00:15:34.321735,moyenne
BJ-89C7EDB8,Légume Bénin,Agriculture & Agroalimentaire,Dassa-Zoumè,+229 41 44 86 56,,,PME (10-50),B2C,CCIB Annuaire,,Actif,2026-06-29T00:15:34.321751,basse
BJ-C58F91FB,Agro Céréale,Agriculture & Agroalimentaire,Dassa-Zoumè,+229 99 81 10 20,agro.céréale@agro.céréale.bj,,Grande (>200),B2B,CCIB Annuaire,,Actif,2026-06-29T00:15:34.321778,moyenne
BJ-145E2A1B,Ferme Farm,Agriculture & Agroalimentaire,Dassa-Zoumè,+229 20 22 53 74,ferme.farm@ferme.farm.com,,TPE (<10),B2C,CCIB Annuaire,,Actif,2026-06-29T00:15:34.321790,moyenne
BJ-2489F9A7,Élevage Bénin Dassa-Zoumè,Agriculture & Agroalimentaire,Dassa-Zoumè,+229 88 97 19 89,élevage.bénin.dassazoumè@élevage.bénin.dassazoumè.com,élevagebénindassazoumè.bj,PME (10-50),B2C,CCIB Annuaire,,Actif,2026-06-29T00:15:34.321804,haute
BJ-F5B002A2,Céréale Groupe,Agriculture & Agroalimentaire,Kétou,+229 50 11 80 99,céréale.groupe@céréale.groupe.org,,TPE (<10),B2B,CCIB Annuaire,,Actif,2026-06-29T00:15:34.321822,moyenne
BJ-692040E7,SARL Industrie Kétou,Agriculture & Agroalimentaire,Kétou,+229 54 92 71 35,,,PME (50-200),B2B,CCIB Annuaire,,Actif,2026-06-29T00:15:34.321836,basse
BJ-84FDE615,Ets Légume Kétou,Agriculture & Agroalimentaire,Kétou,+229 91 47 93 71,ets.légume.kétou@ets.légume.kétou.net,etslégumekétou.bj,PME (10-50),B2B,CCIB Annuaire,,Actif,2026-06-29T00:15:34.321850,haute
BJ-09457E02,Industrie Ets,Agriculture & Agroalimentaire,Kétou,+229 25 62 98 21,,industrieets.bj,TPE (<10),B2C,CCIB Annuaire,,Actif,2026-06-29T00:15:34.321862,moyenne
BJ-11BFC624,Ets Alimentaire,Agriculture & Agroalimentaire,Kétou,+229 24 78 71 27,ets.alimentaire@ets.alimentaire.benin,,TPE (<10),B2C,CCIB Annuaire,,Actif,2026-06-29T00:15:34.321875,moyenne
BJ-305F3E94,Agro Agro Agro,Agriculture & Agroalimentaire,Covè,+229 79 72 19 94,,,TPE (<10),B2B,CCIB Annuaire,,Actif,2026-06-29T00:15:34.321903,basse
BJ-902BD190,Légume,Agriculture & Agroalimentaire,Covè,+229 55 90 40 32,légume@légume.benin,légume.bj,PME (50-200),B2C,CCIB Annuaire,,Actif,2026-06-29T00:15:34.321918,haute
BJ-FC393371,Ferme,Agriculture & Agroalimentaire,Covè,+229 81 10 38 30,ferme@ferme.net,,TPE (<10),B2C,CCIB Annuaire,,Actif,2026-06-29T00:15:34.321933,moyenne
BJ-26102B85,Bétail Bénin,Agriculture & Agroalimentaire,Covè,+229 81 87 33 98,,,Grande (>200),B2C,CCIB Annuaire,,Actif,2026-06-29T00:15:34.321944,basse
BJ-D2F7EE27,Ets Pêche,Agriculture & Agroalimentaire,Covè,+229 38 10 91 10,ets.pêche@ets.pêche.benin,etspêche.bj,PME (10-50),B2C,CCIB Annuaire,,Actif,2026-06-29T00:15:34.321957,haute
BJ-252EE7BE,Aquaculture SARL,Agriculture & Agroalimentaire,Pobè,+229 54 87 96 88,,aquaculturesarl.bj,PME (10-50),B2B,CCIB Annuaire,,Actif,2026-06-29T00:15:34.321975,moyenne
BJ-32A4FFB5,Céréale Farm,Agriculture & Agroalimentaire,Pobè,+229 55 18 13 75,céréale.farm@céréale.farm.org,,TPE (<10),B2B,CCIB Annuaire,,Actif,2026-06-29T00:15:34.321991,moyenne
BJ-851D1015,Plantation Pêche SARL Pobè,Agriculture & Agroalimentaire,Pobè,+229 69 43 61 23,plantation.pêche.sarl.pobè@plantation.pêche.sarl.pobè.com,,PME (50-200),B2C,CCIB Annuaire,,Actif,2026-06-29T00:15:34.322004,moyenne
BJ-3D3034F2,Plantation Fruit,Agriculture & Agroalimentaire,Pobè,+229 80 10 68 82,,plantationfruit.bj,TPE (<10),B2C,CCIB Annuaire,,Actif,2026-06-29T00:15:34.322016,moyenne
BJ-2431DA1E,Plantation Bétail Agro,Agriculture & Agroalimentaire,Pobè,+229 72 89 76 10,,,PME (10-50),B2B,CCIB Annuaire,,Actif,2026-06-29T00:15:34.322026,basse
BJ-1D3666CB,SARL Agro Sakété,Agriculture & Agroalimentaire,Sakété,+229 74 20 77 44,,sarlagrosakété.bj,PME (10-50),B2B,CCIB Annuaire,,Actif,2026-06-29T00:15:34.322047,moyenne
BJ-DCDC1A87,Plantation Plantation Ets,Agriculture & Agroalimentaire,Sakété,+229 99 91 67 37,,,TPE (<10),B2C,CCIB Annuaire,,Actif,2026-06-29T00:15:34.322059,basse
BJ-F657522B,Ferme Alimentaire,Agriculture & Agroalimentaire,Sakété,+229 45 18 96 40,ferme.alimentaire@ferme.alimentaire.com,,PME (50-200),B2B,CCIB Annuaire,,Actif,2026-06-29T00:15:34.322070,moyenne
BJ-1104756F,Industrie Farm,Agriculture & Agroalimentaire,Sakété,+229 65 15 72 47,industrie.farm@industrie.farm.net,,PME (10-50),B2B,CCIB Annuaire,,Actif,2026-06-29T00:15:34.322083,moyenne
BJ-59673D4F,Bétail Groupe,Agriculture & Agroalimentaire,Adjara,+229 63 59 36 95,,bétailgroupe.bj,TPE (<10),B2B,CCIB Annuaire,,Actif,2026-06-29T00:15:34.322115,moyenne
BJ-427CDD88,SARL Céréale Farm,Agriculture & Agroalimentaire,Adjara,+229 48 93 57 94,sarl.céréale.farm@sarl.céréale.farm.net,,PME (50-200),B2C,CCIB Annuaire,,Actif,2026-06-29T00:15:34.322131,moyenne
BJ-05337859,Ets Bétail,Agriculture & Agroalimentaire,Adjara,+229 75 50 85 12,ets.bétail@ets.bétail.org,,PME (50-200),B2B,CCIB Annuaire,,Actif,2026-06-29T00:15:34.322155,moyenne
BJ-6C715518,Groupe Plantation,Agriculture & Agroalimentaire,Allada,+229 71 43 32 70,groupe.plantation@groupe.plantation.bj,groupeplantation.bj,TPE (<10),B2C,CCIB Annuaire,,Actif,2026-06-29T00:15:34.322192,haute
BJ-01C371AA,Agro,Agriculture & Agroalimentaire,Allada,+229 92 97 88 15,,,PME (50-200),B2C,CCIB Annuaire,,Actif,2026-06-29T00:15:34.322203,basse
BJ-27031B11,Céréale Allada,Agriculture & Agroalimentaire,Allada,+229 57 19 55 59,,céréaleallada.bj,Grande (>200),B2B,CCIB Annuaire,,Actif,2026-06-29T00:15:34.322215,moyenne
BJ-A7F886AE,Plantation,Agriculture & Agroalimentaire,Allada,+229 22 70 91 29,plantation@plantation.benin,plantation.bj,PME (10-50),B2C,CCIB Annuaire,,Actif,2026-06-29T00:15:34.322227,haute
BJ-6E933CE9,Céréale,Agriculture & Agroalimentaire,Allada,+229 25 82 89 49,céréale@céréale.bj,,TPE (<10),B2B,CCIB Annuaire,,Actif,2026-06-29T00:15:34.322240,moyenne
BJ-3EC90DFC,Production Légume Bénin Aplahoué,Agriculture & Agroalimentaire,Aplahoué,+229 26 32 14 58,,productionlégumebéninaplahoué.bj,PME (10-50),B2B,CCIB Annuaire,,Actif,2026-06-29T00:15:34.322263,moyenne
BJ-81ED84B3,Ferme Aquaculture,Agriculture & Agroalimentaire,Aplahoué,+229 66 11 51 95,,,Grande (>200),B2B,CCIB Annuaire,,Actif,2026-06-29T00:15:34.322278,basse
BJ-7EBFFAF1,Groupe Aquaculture Groupe,Agriculture & Agroalimentaire,Aplahoué,+229 69 41 55 83,,,PME (50-200),B2B,CCIB Annuaire,,Actif,2026-06-29T00:15:34.322290,basse
BJ-4CF2D936,Bétail Africa Aplahoué,Agriculture & Agroalimentaire,Aplahoué,+229 84 25 73 83,,,TPE (<10),B2C,CCIB Annuaire,,Actif,2026-06-29T00:15:34.322300,basse
BJ-C60A0DB9,Ferme Ferme Africa,Agriculture & Agroalimentaire,Aplahoué,+229 77 32 45 61,ferme.ferme.africa@ferme.ferme.africa.benin,,PME (10-50),B2C,CCIB Annuaire,,Actif,2026-06-29T00:15:34.322312,moyenne
BJ-3B564E9D,Agriculture Farm Dogbo-Tota,Agriculture & Agroalimentaire,Dogbo-Tota,+229 93 80 81 58,,,PME (50-200),B2C,CCIB Annuaire,,Actif,2026-06-29T00:15:34.322329,basse
BJ-88688AF3,Légume SARL,Agriculture & Agroalimentaire,Dogbo-Tota,+229 97 68 69 62,légume.sarl@légume.sarl.net,légumesarl.bj,PME (10-50),B2B,CCIB Annuaire,,Actif,2026-06-29T00:15:34.322343,haute
BJ-3CD981B3,Ets Fruit,Agriculture & Agroalimentaire,Dogbo-Tota,+229 94 42 55 58,ets.fruit@ets.fruit.net,,PME (50-200),B2C,CCIB Annuaire,,Actif,2026-06-29T00:15:34.322355,moyenne
BJ-2F118E8F,Plantation Céréale,Agriculture & Agroalimentaire,Dogbo-Tota,+229 88 49 10 75,plantation.céréale@plantation.céréale.com,plantationcéréale.bj,PME (10-50),B2C,CCIB Annuaire,,Actif,2026-06-29T00:15:34.322369,haute
BJ-70300DE6,Ferme Agriculture Farm,Agriculture & Agroalimentaire,Dogbo-Tota,+229 24 48 24 62,,fermeagriculturefarm.bj,PME (50-200),B2B,CCIB Annuaire,,Actif,2026-06-29T00:15:34.322381,moyenne
BJ-36A01BDF,SARL Plantation,Agriculture & Agroalimentaire,Kpomassè,+229 49 13 70 25,,,TPE (<10),B2C,CCIB Annuaire,,Actif,2026-06-29T00:15:34.322401,basse
BJ-791DF48A,Agro Pêche Farm,Agriculture & Agroalimentaire,Kpomassè,+229 80 18 68 35,agro.pêche.farm@agro.pêche.farm.bj,,TPE (<10),B2B,CCIB Annuaire,,Actif,2026-06-29T00:15:34.322421,moyenne
BJ-342ACEC0,Production Transformation,Agriculture & Agroalimentaire,Kpomassè,+229 98 96 61 58,production.transformation@production.transformation.benin,,PME (50-200),B2C,CCIB Annuaire,,Actif,2026-06-29T00:15:34.322449,moyenne
BJ-800DBB72,Groupe Agriculture Kpomassè,Agriculture & Agroalimentaire,Kpomassè,+229 65 28 79 31,groupe.agriculture.kpomassè@groupe.agriculture.kpomassè.net,groupeagriculturekpomassè.bj,PME (10-50),B2B,CCIB Annuaire,,Actif,2026-06-29T00:15:34.322463,haute
BJ-4F89F7C0,Pêche Tori-Bossito,Agriculture & Agroalimentaire,Tori-Bossito,+229 72 99 34 55,,pêchetoribossito.bj,PME (50-200),B2B,CCIB Annuaire,,Actif,2026-06-29T00:15:34.322495,moyenne
BJ-CD57596C,Fruit Africa Tori-Bossito,Agriculture & Agroalimentaire,Tori-Bossito,+229 96 84 97 74,,,TPE (<10),B2B,CCIB Annuaire,,Actif,2026-06-29T00:15:34.322507,basse
BJ-01ADC6A7,Aquaculture Tori-Bossito,Agriculture & Agroalimentaire,Tori-Bossito,+229 81 69 43 52,,aquaculturetoribossito.bj,TPE (<10),B2B,CCIB Annuaire,,Actif,2026-06-29T00:15:34.322519,moyenne
BJ-A0B3646F,Agro Ferme,Agriculture & Agroalimentaire,Tori-Bossito,+229 65 28 40 45,agro.ferme@agro.ferme.org,agroferme.bj,PME (10-50),B2C,CCIB Annuaire,,Actif,2026-06-29T00:15:34.322532,haute
BJ-278079DD,Production Légume,Agriculture & Agroalimentaire,Grand-Popo,+229 99 93 79 85,,,PME (10-50),B2B,CCIB Annuaire,,Actif,2026-06-29T00:15:34.322550,basse
BJ-754EB9F6,Production Élevage,Agriculture & Agroalimentaire,Grand-Popo,+229 45 87 62 17,,productionélevage.bj,PME (50-200),B2B,CCIB Annuaire,,Actif,2026-06-29T00:15:34.322566,moyenne
BJ-0E11EF4C,Agriculture Plantation,Agriculture & Agroalimentaire,Grand-Popo,+229 95 47 56 97,agriculture.plantation@agriculture.plantation.com,,PME (10-50),B2C,CCIB Annuaire,,Actif,2026-06-29T00:15:34.322580,moyenne
BJ-8043E7EA,Ferme Ferme,Agriculture & Agroalimentaire,Grand-Popo,+229 34 49 67 58,ferme.ferme@ferme.ferme.bj,,TPE (<10),B2B,CCIB Annuaire,,Actif,2026-06-29T00:15:34.322605,moyenne
BJ-F905056D,Agriculture Farm,Agriculture & Agroalimentaire,Athiémé,+229 81 68 97 28,agriculture.farm@agriculture.farm.bj,,PME (50-200),B2B,CCIB Annuaire,,Actif,2026-06-29T00:15:34.322625,moyenne
BJ-2FEBE101,Plantation Élevage,Agriculture & Agroalimentaire,Athiémé,+229 39 54 98 50,,,TPE (<10),B2C,CCIB Annuaire,,Actif,2026-06-29T00:15:34.322637,basse
BJ-0A440D76,Industrie Groupe,Agriculture & Agroalimentaire,Athiémé,+229 50 61 96 82,,,Grande (>200),B2B,CCIB Annuaire,,Actif,2026-06-29T00:15:34.322649,basse
BJ-38EABA46,Plantation Pêche,Agriculture & Agroalimentaire,Athiémé,+229 38 89 87 25,plantation.pêche@plantation.pêche.benin,plantationpêche.bj,Grande (>200),B2C,CCIB Annuaire,,Actif,2026-06-29T00:15:34.322667,haute
BJ-4B94EAB3,Production Légume Athiémé,Agriculture & Agroalimentaire,Athiémé,+229 32 63 68 43,,,PME (10-50),B2B,CCIB Annuaire,,Actif,2026-06-29T00:15:34.322679,basse
BJ-E46B96D7,Fruit Groupe,Agriculture & Agroalimentaire,Bopa,+229 64 80 66 45,fruit.groupe@fruit.groupe.bj,fruitgroupe.bj,TPE (<10),B2C,CCIB Annuaire,,Actif,2026-06-29T00:15:34.322699,haute
BJ-D9E548E5,Élevage Bénin,Agriculture & Agroalimentaire,Bopa,+229 91 64 30 26,élevage.bénin@élevage.bénin.com,,PME (10-50),B2C,CCIB Annuaire,,Actif,2026-06-29T00:15:34.322715,moyenne
BJ-50B32B56,Agro Africa Bopa,Agriculture & Agroalimentaire,Bopa,+229 28 90 82 60,agro.africa.bopa@agro.africa.bopa.benin,agroafricabopa.bj,PME (50-200),B2B,CCIB Annuaire,,Actif,2026-06-29T00:15:34.322751,haute
BJ-6B8CE1C8,Agro Ferme Plantation Houéyogbé,Agriculture & Agroalimentaire,Houéyogbé,+229 69 68 68 88,,,PME (10-50),B2B,CCIB Annuaire,,Actif,2026-06-29T00:15:34.322784,basse
BJ-D1DDE80B,SARL Bétail Farm,Agriculture & Agroalimentaire,Houéyogbé,+229 31 64 11 56,sarl.bétail.farm@sarl.bétail.farm.benin,sarlbétailfarm.bj,TPE (<10),B2C,CCIB Annuaire,,Actif,2026-06-29T00:15:34.322797,haute
BJ-F4B15E2C,Légume SARL,Agriculture & Agroalimentaire,Houéyogbé,+229 99 29 27 36,,,PME (50-200),B2B,CCIB Annuaire,,Actif,2026-06-29T00:15:34.322808,basse
BJ-644CF776,Agro Alimentaire,Agriculture & Agroalimentaire,Houéyogbé,+229 57 52 49 45,agro.alimentaire@agro.alimentaire.org,agroalimentaire.bj,PME (10-50),B2C,CCIB Annuaire,,Actif,2026-06-29T00:15:34.322821,haute
BJ-7C77088D,Groupe Aquaculture Groupe,Agriculture & Agroalimentaire,Malanville,+229 93 69 90 17,groupe.aquaculture.groupe@groupe.aquaculture.groupe.org,groupeaquaculturegroupe.bj,PME (50-200),B2C,CCIB Annuaire,,Actif,2026-06-29T00:15:34.322839,haute
BJ-43855366,Élevage Groupe Malanville,Agriculture & Agroalimentaire,Malanville,+229 40 62 97 69,élevage.groupe.malanville@élevage.groupe.malanville.net,,PME (50-200),B2C,CCIB Annuaire,,Actif,2026-06-29T00:15:34.322855,moyenne
BJ-5BB8935A,Pêche Ets,Agriculture & Agroalimentaire,Malanville,+229 51 68 42 17,,pêcheets.bj,PME (50-200),B2C,CCIB Annuaire,,Actif,2026-06-29T00:15:34.322867,moyenne
BJ-218F83C8,Industrie Ets Malanville,Agriculture & Agroalimentaire,Malanville,+229 52 49 49 36,industrie.ets.malanville@industrie.ets.malanville.net,industrieetsmalanville.bj,TPE (<10),B2C,CCIB Annuaire,,Actif,2026-06-29T00:15:34.322907,haute
BJ-199B7056,Ferme Industrie Agro,Agriculture & Agroalimentaire,Kandi,+229 62 16 82 82,,,PME (10-50),B2B,CCIB Annuaire,,Actif,2026-06-29T00:15:34.322928,basse
BJ-E955A439,Plantation Bétail,Agriculture & Agroalimentaire,Kandi,+229 51 27 23 42,plantation.bétail@plantation.bétail.com,,Grande (>200),B2B,CCIB Annuaire,,Actif,2026-06-29T00:15:34.322940,moyenne
BJ-891FAE15,Légume Agro,Agriculture & Agroalimentaire,Kandi,+229 56 90 73 28,,,Grande (>200),B2B,CCIB Annuaire,,Actif,2026-06-29T00:15:34.322968,basse
BJ-1F893348,Pêche,Agriculture & Agroalimentaire,Kandi,+229 75 51 62 85,pêche@pêche.benin,pêche.bj,PME (10-50),B2C,CCIB Annuaire,,Actif,2026-06-29T00:15:34.322981,haute
BJ-964478D2,Fruit Agro Banikoara,Agriculture & Agroalimentaire,Banikoara,+229 98 40 82 85,,fruitagrobanikoara.bj,TPE (<10),B2C,CCIB Annuaire,,Actif,2026-06-29T00:15:34.322998,moyenne
BJ-38209AFB,Agro Plantation Plantation,Agriculture & Agroalimentaire,Banikoara,+229 54 99 28 18,,,TPE (<10),B2C,CCIB Annuaire,,Actif,2026-06-29T00:15:34.323011,basse
BJ-163ABF02,SARL Pêche Africa Banikoara,Agriculture & Agroalimentaire,Banikoara,+229 62 93 17 77,,sarlpêcheafricabanikoara.bj,PME (10-50),B2B,CCIB Annuaire,,Actif,2026-06-29T00:15:34.323036,moyenne
BJ-523BA021,Plantation Élevage Farm Banikoara,Agriculture & Agroalimentaire,Banikoara,+229 49 34 71 35,,,TPE (<10),B2B,CCIB Annuaire,,Actif,2026-06-29T00:15:34.323047,basse
BJ-2F0181D1,Alimentaire Ets,Agriculture & Agroalimentaire,Ségbana,+229 58 76 61 21,alimentaire.ets@alimentaire.ets.com,,Grande (>200),B2C,CCIB Annuaire,,Actif,2026-06-29T00:15:34.323064,moyenne
BJ-CAC06B8B,Plantation Bétail Ségbana,Agriculture & Agroalimentaire,Ségbana,+229 40 64 75 44,plantation.bétail.ségbana@plantation.bétail.ségbana.com,plantationbétailségbana.bj,TPE (<10),B2C,CCIB Annuaire,,Actif,2026-06-29T00:15:34.323078,haute
BJ-240C836F,Bétail Ségbana,Agriculture & Agroalimentaire,Ségbana,+229 30 30 16 83,,,PME (10-50),B2C,CCIB Annuaire,,Actif,2026-06-29T00:15:34.323090,basse
BJ-203FCF76,Céréale,Agriculture & Agroalimentaire,Ségbana,+229 45 34 99 89,,,TPE (<10),B2B,CCIB Annuaire,,Actif,2026-06-29T00:15:34.323112,basse
BJ-84F144A3,Céréale Karimama,Agriculture & Agroalimentaire,Karimama,+229 88 92 38 21,céréale.karimama@céréale.karimama.com,céréalekarimama.bj,TPE (<10),B2B,CCIB Annuaire,,Actif,2026-06-29T00:15:34.323140,haute
BJ-C39FD983,Agro Agro Farm,Agriculture & Agroalimentaire,Karimama,+229 79 59 22 18,,,TPE (<10),B2B,CCIB Annuaire,,Actif,2026-06-29T00:15:34.323154,basse
BJ-29ABB61D,Élevage Plantation,Agriculture & Agroalimentaire,Karimama,+229 41 14 68 85,élevage.plantation@élevage.plantation.com,,Grande (>200),B2C,CCIB Annuaire,,Actif,2026-06-29T00:15:34.323167,moyenne
BJ-EF415862,Aquaculture Groupe,Agriculture & Agroalimentaire,Karimama,+229 55 58 37 85,aquaculture.groupe@aquaculture.groupe.com,aquaculturegroupe.bj,PME (10-50),B2C,CCIB Annuaire,,Actif,2026-06-29T00:15:34.323195,haute
BJ-8D34616F,Fruit Groupe,Agriculture & Agroalimentaire,Gogounou,+229 59 81 56 43,fruit.groupe@fruit.groupe.bj,,PME (10-50),B2C,CCIB Annuaire,,Actif,2026-06-29T00:15:34.323213,moyenne
BJ-615A63F9,Élevage,Agriculture & Agroalimentaire,Gogounou,+229 93 32 67 70,,,TPE (<10),B2C,CCIB Annuaire,,Actif,2026-06-29T00:15:34.323224,basse
BJ-C8640051,SARL Agro Gogounou,Agriculture & Agroalimentaire,Gogounou,+229 41 28 93 17,sarl.agro.gogounou@sarl.agro.gogounou.benin,,TPE (<10),B2B,CCIB Annuaire,,Actif,2026-06-29T00:15:34.323246,moyenne
BJ-864CB5A1,Ferme SARL,Agriculture & Agroalimentaire,Gogounou,+229 45 91 77 14,,fermesarl.bj,Grande (>200),B2C,CCIB Annuaire,,Actif,2026-06-29T00:15:34.323257,moyenne
BJ-8D653EB6,Fruit Africa,Agriculture & Agroalimentaire,Cobly,+229 55 82 25 27,fruit.africa@fruit.africa.benin,,TPE (<10),B2B,CCIB Annuaire,,Actif,2026-06-29T00:15:34.323274,moyenne
BJ-094D1733,SARL Fruit Bénin Cobly,Agriculture & Agroalimentaire,Cobly,+229 28 99 22 82,,,PME (50-200),B2C,CCIB Annuaire,,Actif,2026-06-29T00:15:34.323289,basse
BJ-7D35189A,Industrie Africa,Agriculture & Agroalimentaire,Cobly,+229 46 88 20 13,industrie.africa@industrie.africa.bj,industrieafrica.bj,PME (50-200),B2B,CCIB Annuaire,,Actif,2026-06-29T00:15:34.323302,haute
BJ-9DBA8ACA,Agriculture SARL Cobly,Agriculture & Agroalimentaire,Cobly,+229 47 65 91 90,,,TPE (<10),B2C,CCIB Annuaire,,Actif,2026-06-29T00:15:34.323313,basse
BJ-A43E8FD0,Ferme Plantation SARL,Agriculture & Agroalimentaire,Cobly,+229 86 13 64 51,ferme.plantation.sarl@ferme.plantation.sarl.bj,fermeplantationsarl.bj,PME (10-50),B2B,CCIB Annuaire,,Actif,2026-06-29T00:15:34.323325,haute
BJ-85F65B66,Plantation Céréale,Agriculture & Agroalimentaire,Tanguiéta,+229 93 57 12 91,plantation.céréale@plantation.céréale.bj,,PME (10-50),B2B,CCIB Annuaire,,Actif,2026-06-29T00:15:34.323354,moyenne
BJ-A5618952,Groupe Plantation Africa,Agriculture & Agroalimentaire,Tanguiéta,+229 29 17 17 73,groupe.plantation.africa@groupe.plantation.africa.bj,,PME (50-200),B2B,CCIB Annuaire,,Actif,2026-06-29T00:15:34.323366,moyenne
BJ-73B2D895,Ferme,Agriculture & Agroalimentaire,Tanguiéta,+229 44 20 55 43,ferme@ferme.net,,Grande (>200),B2B,CCIB Annuaire,,Actif,2026-06-29T00:15:34.323380,moyenne
BJ-D1D6CDAE,Groupe Aquaculture SARL,Agriculture & Agroalimentaire,Tanguiéta,+229 73 20 34 93,,,TPE (<10),B2C,CCIB Annuaire,,Actif,2026-06-29T00:15:34.323391,basse
BJ-D75ECE97,Bétail,Agriculture & Agroalimentaire,Matéri,+229 46 44 44 54,bétail@bétail.benin,,TPE (<10),B2C,CCIB Annuaire,,Actif,2026-06-29T00:15:34.323409,moyenne
BJ-539111F1,Fruit Matéri,Agriculture & Agroalimentaire,Matéri,+229 85 22 38 75,,,PME (50-200),B2B,CCIB Annuaire,,Actif,2026-06-29T00:15:34.323423,basse
BJ-EE4E2AAC,Agriculture,Agriculture & Agroalimentaire,Matéri,+229 96 56 50 74,agriculture@agriculture.net,,PME (50-200),B2C,CCIB Annuaire,,Actif,2026-06-29T00:15:34.323435,moyenne
BJ-85992E1A,Agro Pêche Agro Matéri,Agriculture & Agroalimentaire,Matéri,+229 43 63 85 86,,,TPE (<10),B2B,CCIB Annuaire,,Actif,2026-06-29T00:15:34.323446,basse
BJ-CDFB3A24,Ets Transformation Ets,Agriculture & Agroalimentaire,Matéri,+229 47 75 54 71,,,TPE (<10),B2B,CCIB Annuaire,,Actif,2026-06-29T00:15:34.323457,basse
BJ-12B0266C,Ferme Bétail,Agriculture & Agroalimentaire,Natitingou,+229 70 37 85 65,ferme.bétail@ferme.bétail.com,fermebétail.bj,PME (50-200),B2C,CCIB Annuaire,,Actif,2026-06-29T00:15:34.323475,haute
BJ-5951FF92,Ferme Industrie Farm,Agriculture & Agroalimentaire,Natitingou,+229 41 89 42 99,ferme.industrie.farm@ferme.industrie.farm.net,fermeindustriefarm.bj,TPE (<10),B2B,CCIB Annuaire,,Actif,2026-06-29T00:15:34.323488,haute
BJ-B38CE74D,Plantation Bétail Ets,Agriculture & Agroalimentaire,Natitingou,+229 55 43 88 78,plantation.bétail.ets@plantation.bétail.ets.net,,PME (10-50),B2B,CCIB Annuaire,,Actif,2026-06-29T00:15:34.323515,moyenne
BJ-BE151F7A,Ferme Céréale Natitingou,Agriculture & Agroalimentaire,Natitingou,+229 58 68 29 45,ferme.céréale.natitingou@ferme.céréale.natitingou.net,,PME (50-200),B2C,CCIB Annuaire,,Actif,2026-06-29T00:15:34.323531,moyenne
BJ-6781BE74,Groupe Agriculture Ets,Agriculture & Agroalimentaire,Toucountouna,+229 88 46 62 17,groupe.agriculture.ets@groupe.agriculture.ets.org,,PME (10-50),B2B,CCIB Annuaire,,Actif,2026-06-29T00:15:34.323548,moyenne
BJ-26F5C8BF,Agro Farm,Agriculture & Agroalimentaire,Toucountouna,+229 29 51 85 88,agro.farm@agro.farm.benin,,PME (50-200),B2B,CCIB Annuaire,,Actif,2026-06-29T00:15:34.323563,moyenne
BJ-4E4D20B7,Ferme Ets,Agriculture & Agroalimentaire,Toucountouna,+229 88 50 53 76,,,PME (10-50),B2C,CCIB Annuaire,,Actif,2026-06-29T00:15:34.323574,basse
BJ-1E52D86C,Pêche Plantation,Agriculture & Agroalimentaire,Toucountouna,+229 32 35 23 94,,,TPE (<10),B2C,CCIB Annuaire,,Actif,2026-06-29T00:15:34.323597,basse
BJ-C348FCA8,SARL Alimentaire Groupe Boukoumbé,Agriculture & Agroalimentaire,Boukoumbé,+229 62 26 49 89,,sarlalimentairegroupeboukoumbé.bj,Grande (>200),B2C,CCIB Annuaire,,Actif,2026-06-29T00:15:34.323615,moyenne
BJ-700F48BF,Groupe Agriculture SARL,Agriculture & Agroalimentaire,Boukoumbé,+229 65 42 34 73,groupe.agriculture.sarl@groupe.agriculture.sarl.com,,PME (10-50),B2C,CCIB Annuaire,,Actif,2026-06-29T00:15:34.323630,moyenne
BJ-16352F71,Production Pêche Ets,Agriculture & Agroalimentaire,Boukoumbé,+229 56 41 42 34,,,PME (10-50),B2B,CCIB Annuaire,,Actif,2026-06-29T00:15:34.323641,basse
BJ-33BB4AF3,Production Fruit Plantation,Agriculture & Agroalimentaire,Boukoumbé,+229 47 93 37 86,,productionfruitplantation.bj,PME (10-50),B2C,CCIB Annuaire,,Actif,2026-06-29T00:15:34.323652,moyenne
BJ-2DA45E85,Agro Agro,Agriculture & Agroalimentaire,Boukoumbé,+229 64 38 87 15,agro.agro@agro.agro.org,agroagro.bj,Grande (>200),B2C,CCIB Annuaire,,Actif,2026-06-29T00:15:34.323664,haute
BJ-0E8AC2C3,Groupe Transformation Bénin,Agriculture & Agroalimentaire,Kouandé,+229 55 70 53 80,,,TPE (<10),B2B,CCIB Annuaire,,Actif,2026-06-29T00:15:34.323681,basse
BJ-F9C4966C,Plantation,Agriculture & Agroalimentaire,Kouandé,+229 22 27 29 76,plantation@plantation.org,,PME (10-50),B2B,CCIB Annuaire,,Actif,2026-06-29T00:15:34.323696,moyenne
BJ-F1AE2A92,Légume,Agriculture & Agroalimentaire,Kouandé,+229 29 26 69 52,légume@légume.bj,légume.bj,PME (10-50),B2C,CCIB Annuaire,,Actif,2026-06-29T00:15:34.323709,haute
BJ-F570CA31,Agro Aquaculture Agro,Agriculture & Agroalimentaire,Kouandé,+229 68 34 23 96,agro.aquaculture.agro@agro.aquaculture.agro.benin,agroaquacultureagro.bj,Grande (>200),B2B,CCIB Annuaire,,Actif,2026-06-29T00:15:34.323721,haute
BJ-517E3655,Groupe Légume,Agriculture & Agroalimentaire,Kouandé,+229 22 75 65 21,,,TPE (<10),B2C,CCIB Annuaire,,Actif,2026-06-29T00:15:34.323731,basse
BJ-C2964227,Élevage SARL Péhunco,Agriculture & Agroalimentaire,Péhunco,+229 37 80 93 53,élevage.sarl.péhunco@élevage.sarl.péhunco.net,,PME (50-200),B2B,CCIB Annuaire,,Actif,2026-06-29T00:15:34.323752,moyenne
BJ-713D1759,Groupe Pêche Africa,Agriculture & Agroalimentaire,Péhunco,+229 65 24 65 26,,groupepêcheafrica.bj,PME (10-50),B2C,CCIB Annuaire,,Actif,2026-06-29T00:15:34.323764,moyenne
BJ-A401DAB8,Ferme Ferme Africa,Agriculture & Agroalimentaire,Péhunco,+229 60 90 34 79,,fermefermeafrica.bj,PME (50-200),B2C,CCIB Annuaire,,Actif,2026-06-29T00:15:34.323776,moyenne
BJ-A8AE0CB2,Transformation Plantation,Agriculture & Agroalimentaire,Péhunco,+229 29 90 21 41,,,TPE (<10),B2B,CCIB Annuaire,,Actif,2026-06-29T00:15:34.323786,basse
BJ-AB59AF0A,Production Ferme Africa,Agriculture & Agroalimentaire,Péhunco,+229 25 89 74 58,production.ferme.africa@production.ferme.africa.benin,productionfermeafrica.bj,TPE (<10),B2C,CCIB Annuaire,,Actif,2026-06-29T00:15:34.323798,haute
BJ-FC900F5B,Production Élevage Africa,Agriculture & Agroalimentaire,Tchaourou,+229 32 44 76 91,,,PME (50-200),B2C,CCIB Annuaire,,Actif,2026-06-29T00:15:34.323814,basse
BJ-85FD3175,SARL Pêche,Agriculture & Agroalimentaire,Tchaourou,+229 87 79 74 60,sarl.pêche@sarl.pêche.bj,,PME (50-200),B2B,CCIB Annuaire,,Actif,2026-06-29T00:15:34.323830,moyenne
BJ-F07AD0C1,Ferme Plantation,Agriculture & Agroalimentaire,Tchaourou,+229 79 80 84 22,ferme.plantation@ferme.plantation.net,fermeplantation.bj,TPE (<10),B2B,CCIB Annuaire,,Actif,2026-06-29T00:15:34.323845,haute
BJ-B8338E83,SARL Industrie Farm,Agriculture & Agroalimentaire,Tchaourou,+229 37 91 76 51,sarl.industrie.farm@sarl.industrie.farm.org,,TPE (<10),B2B,CCIB Annuaire,,Actif,2026-06-29T00:15:34.323856,moyenne
BJ-FDC2495D,Ets Transformation Groupe,Agriculture & Agroalimentaire,Tchaourou,+229 74 17 98 80,,etstransformationgroupe.bj,Grande (>200),B2B,CCIB Annuaire,,Actif,2026-06-29T00:15:34.323868,moyenne
BJ-47A47F6D,SARL Transformation Nikki,Agriculture & Agroalimentaire,Nikki,+229 51 53 63 66,sarl.transformation.nikki@sarl.transformation.nikki.bj,sarltransformationnikki.bj,TPE (<10),B2C,CCIB Annuaire,,Actif,2026-06-29T00:15:34.323898,haute
BJ-655AA5F4,Agriculture,Agriculture & Agroalimentaire,Nikki,+229 82 76 48 38,,agriculture.bj,PME (50-200),B2B,CCIB Annuaire,,Actif,2026-06-29T00:15:34.323911,moyenne
BJ-A3588D37,Production Légume SARL,Agriculture & Agroalimentaire,Nikki,+229 96 87 65 49,production.légume.sarl@production.légume.sarl.benin,,Grande (>200),B2B,CCIB Annuaire,,Actif,2026-06-29T00:15:34.323923,moyenne
BJ-054B82C6,Industrie,Agriculture & Agroalimentaire,Nikki,+229 22 99 11 31,,industrie.bj,TPE (<10),B2B,CCIB Annuaire,,Actif,2026-06-29T00:15:34.323934,moyenne
BJ-771AD0D8,Production Agriculture Agro,Agriculture & Agroalimentaire,Nikki,+229 82 18 21 76,production.agriculture.agro@production.agriculture.agro.org,,TPE (<10),B2C,CCIB Annuaire,,Actif,2026-06-29T00:15:34.323946,moyenne
BJ-1B93B686,Ets Plantation,Agriculture & Agroalimentaire,Bembéréké,+229 87 98 57 12,,,PME (10-50),B2C,CCIB Annuaire,,Actif,2026-06-29T00:15:34.323977,basse
BJ-CE19F2E2,Alimentaire Africa,Agriculture & Agroalimentaire,Kalalé,+229 88 96 31 87,,alimentaireafrica.bj,PME (10-50),B2C,CCIB Annuaire,,Actif,2026-06-29T00:15:34.324026,moyenne
BJ-E16BBB25,Alimentaire Bénin,Agriculture & Agroalimentaire,Kalalé,+229 93 25 93 67,,,PME (50-200),B2C,CCIB Annuaire,,Actif,2026-06-29T00:15:34.324037,basse
BJ-CC621AA4,Plantation Transformation SARL,Agriculture & Agroalimentaire,Kalalé,+229 53 98 66 13,,,PME (10-50),B2C,CCIB Annuaire,,Actif,2026-06-29T00:15:34.324047,basse
BJ-BD01C24F,Élevage Bénin,Agriculture & Agroalimentaire,Kalalé,+229 59 96 79 15,,,TPE (<10),B2B,CCIB Annuaire,,Actif,2026-06-29T00:15:34.324057,basse
BJ-9B1D49BE,Aquaculture,Agriculture & Agroalimentaire,Kalalé,+229 74 24 97 42,aquaculture@aquaculture.org,aquaculture.bj,Grande (>200),B2B,CCIB Annuaire,,Actif,2026-06-29T00:15:34.324072,haute
BJ-68DE3F97,Bétail Ets Ndali,Agriculture & Agroalimentaire,Ndali,+229 25 96 26 28,bétail.ets.ndali@bétail.ets.ndali.benin,,TPE (<10),B2C,CCIB Annuaire,,Actif,2026-06-29T00:15:34.324091,moyenne
BJ-DA9B963C,Plantation Bénin,Agriculture & Agroalimentaire,Ndali,+229 98 51 66 97,,plantationbénin.bj,PME (10-50),B2C,CCIB Annuaire,,Actif,2026-06-29T00:15:34.324106,moyenne
BJ-E8FB1C85,Agro Céréale,Agriculture & Agroalimentaire,Ndali,+229 26 29 97 49,agro.céréale@agro.céréale.net,,PME (10-50),B2C,CCIB Annuaire,,Actif,2026-06-29T00:15:34.324119,moyenne
BJ-CDB390A8,Ferme Bénin Ndali,Agriculture & Agroalimentaire,Ndali,+229 72 80 13 68,,,TPE (<10),B2C,CCIB Annuaire,,Actif,2026-06-29T00:15:34.324130,basse
BJ-F846B93C,Légume Africa,Agriculture & Agroalimentaire,Ndali,+229 64 55 43 25,légume.africa@légume.africa.com,,Grande (>200),B2B,CCIB Annuaire,,Actif,2026-06-29T00:15:34.324142,moyenne
BJ-0C5C82FB,SARL Légume Ségbana,Agriculture & Agroalimentaire,Ségbana,+229 53 63 28 10,,sarllégumeségbana.bj,PME (50-200),B2C,CCIB Annuaire,,Actif,2026-06-29T00:15:34.324160,moyenne
BJ-F81974FD,Ets Légume Agro,Agriculture & Agroalimentaire,Ségbana,+229 24 38 70 59,ets.légume.agro@ets.légume.agro.bj,,TPE (<10),B2B,CCIB Annuaire,,Actif,2026-06-29T00:15:34.324172,moyenne
BJ-DD2AF6DA,Légume Ségbana,Agriculture & Agroalimentaire,Ségbana,+229 61 93 43 83,légume.ségbana@légume.ségbana.bj,,PME (10-50),B2B,CCIB Annuaire,,Actif,2026-06-29T00:15:34.324210,moyenne
BJ-A853A465,Ferme Tchaourou,Agriculture & Agroalimentaire,Tchaourou,+229 41 41 33 90,,,Grande (>200),B2C,CCIB Annuaire,,Actif,2026-06-29T00:15:34.324227,basse
BJ-C9E8C30C,Agro SARL,Agriculture & Agroalimentaire,Tchaourou,+229 94 94 95 97,,agrosarl.bj,PME (50-200),B2C,CCIB Annuaire,,Actif,2026-06-29T00:15:34.324242,moyenne
BJ-F964D63F,Groupe Alimentaire,Agriculture & Agroalimentaire,Tchaourou,+229 37 59 87 70,groupe.alimentaire@groupe.alimentaire.com,groupealimentaire.bj,PME (50-200),B2C,CCIB Annuaire,,Actif,2026-06-29T00:15:34.324254,haute
BJ-D308380A,Industrie,Agriculture & Agroalimentaire,Tchaourou,+229 91 92 21 34,industrie@industrie.org,industrie.bj,PME (10-50),B2C,CCIB Annuaire,,Actif,2026-06-29T00:15:34.324282,haute
BJ-F825D588,Agro Agro Africa,Agriculture & Agroalimentaire,Bétérou,+229 80 44 21 87,,,PME (50-200),B2C,CCIB Annuaire,,Actif,2026-06-29T00:15:34.324299,basse
BJ-52CCA99A,SARL Légume,Agriculture & Agroalimentaire,Bétérou,+229 62 39 36 81,,,PME (50-200),B2C,CCIB Annuaire,,Actif,2026-06-29T00:15:34.324310,basse
BJ-46336128,Groupe Agriculture,Agriculture & Agroalimentaire,Bétérou,+229 45 38 16 26,groupe.agriculture@groupe.agriculture.com,,TPE (<10),B2B,CCIB Annuaire,,Actif,2026-06-29T00:15:34.324336,moyenne
BJ-688FBB90,Plantation Ferme Ouessè,Agriculture & Agroalimentaire,Ouessè,+229 75 98 39 14,,,PME (10-50),B2C,CCIB Annuaire,,Actif,2026-06-29T00:15:34.324379,basse
BJ-482FCD47,Ets Transformation,Agriculture & Agroalimentaire,Ouessè,+229 58 88 29 57,,etstransformation.bj,TPE (<10),B2B,CCIB Annuaire,,Actif,2026-06-29T00:15:34.324391,moyenne
BJ-A35DF2F8,Agro Plantation,Agriculture & Agroalimentaire,Ouessè,+229 97 40 58 41,,,PME (10-50),B2C,CCIB Annuaire,,Actif,2026-06-29T00:15:34.324402,basse
BJ-1D670F20,Ferme Alimentaire Groupe,Agriculture & Agroalimentaire,Ouessè,+229 95 56 88 82,ferme.alimentaire.groupe@ferme.alimentaire.groupe.com,,PME (10-50),B2C,CCIB Annuaire,,Actif,2026-06-29T00:15:34.324413,moyenne
BJ-1B949927,Agro Plantation,Agriculture & Agroalimentaire,Glazoué,+229 94 52 98 27,agro.plantation@agro.plantation.bj,agroplantation.bj,TPE (<10),B2C,CCIB Annuaire,,Actif,2026-06-29T00:15:34.324431,haute
BJ-7FE95109,Alimentaire Africa,Agriculture & Agroalimentaire,Glazoué,+229 78 21 20 32,alimentaire.africa@alimentaire.africa.bj,alimentaireafrica.bj,PME (50-200),B2C,CCIB Annuaire,,Actif,2026-06-29T00:15:34.324443,haute
BJ-4612F5A5,Ets Agriculture Farm,Agriculture & Agroalimentaire,Glazoué,+229 84 31 77 28,,,PME (10-50),B2B,CCIB Annuaire,,Actif,2026-06-29T00:15:34.324454,basse
BJ-7B90747B,Bétail Agro,Agriculture & Agroalimentaire,Glazoué,+229 29 92 99 13,,bétailagro.bj,PME (50-200),B2B,CCIB Annuaire,,Actif,2026-06-29T00:15:34.324465,moyenne
BJ-C363281F,Ferme Dassa-Zoumè,Agriculture & Agroalimentaire,Dassa-Zoumè,+229 87 35 42 25,ferme.dassazoumè@ferme.dassazoumè.com,fermedassazoumè.bj,TPE (<10),B2C,CCIB Annuaire,,Actif,2026-06-29T00:15:34.324512,haute
BJ-106EB38B,SARL Pêche Farm,Agriculture & Agroalimentaire,Dassa-Zoumè,+229 97 74 75 77,sarl.pêche.farm@sarl.pêche.farm.bj,,PME (10-50),B2B,CCIB Annuaire,,Actif,2026-06-29T00:15:34.324525,moyenne
BJ-559BAF8A,Groupe Céréale Africa,Agriculture & Agroalimentaire,Dassa-Zoumè,+229 97 39 84 88,groupe.céréale.africa@groupe.céréale.africa.org,,PME (10-50),B2C,CCIB Annuaire,,Actif,2026-06-29T00:15:34.324540,moyenne
BJ-1EDA10A6,Production Pêche,Agriculture & Agroalimentaire,Savalou,+229 49 32 32 62,,productionpêche.bj,PME (10-50),B2C,CCIB Annuaire,,Actif,2026-06-29T00:15:34.324580,moyenne
BJ-2BEA8734,Élevage Agro Savalou,Agriculture & Agroalimentaire,Savalou,+229 70 37 50 60,élevage.agro.savalou@élevage.agro.savalou.bj,,TPE (<10),B2C,CCIB Annuaire,,Actif,2026-06-29T00:15:34.324602,moyenne
BJ-5FAB88D3,Ferme Industrie Plantation,Agriculture & Agroalimentaire,Savalou,+229 99 41 32 25,,,TPE (<10),B2C,CCIB Annuaire,,Actif,2026-06-29T00:15:34.324613,basse
BJ-D0EBF0CF,Ferme Agro Bantè,Agriculture & Agroalimentaire,Bantè,+229 67 82 24 41,,,TPE (<10),B2C,CCIB Annuaire,,Actif,2026-06-29T00:15:34.324629,basse
BJ-036C49B9,Ferme Légume,Agriculture & Agroalimentaire,Bantè,+229 81 82 76 45,,,TPE (<10),B2C,CCIB Annuaire,,Actif,2026-06-29T00:15:34.324645,basse
BJ-F05A1B30,Transformation Agro Bantè,Agriculture & Agroalimentaire,Bantè,+229 38 88 28 97,,,PME (10-50),B2C,CCIB Annuaire,,Actif,2026-06-29T00:15:34.324657,basse
BJ-B8E3E69C,Élevage SARL Bantè,Agriculture & Agroalimentaire,Bantè,+229 55 19 84 54,élevage.sarl.bantè@élevage.sarl.bantè.org,,PME (50-200),B2C,CCIB Annuaire,,Actif,2026-06-29T00:15:34.324669,moyenne
BJ-D3048E71,Fruit Plantation Bantè,Agriculture & Agroalimentaire,Bantè,+229 27 94 60 82,,fruitplantationbantè.bj,PME (50-200),B2C,CCIB Annuaire,,Actif,2026-06-29T00:15:34.324680,moyenne
BJ-9E80BE89,Groupe Plantation Farm,Agriculture & Agroalimentaire,Djougou,+229 40 53 92 85,,,Grande (>200),B2C,CCIB Annuaire,,Actif,2026-06-29T00:15:34.324707,basse
BJ-7DF5711D,Ets Élevage,Agriculture & Agroalimentaire,Djougou,+229 54 19 69 78,,,PME (50-200),B2B,CCIB Annuaire,,Actif,2026-06-29T00:15:34.324717,basse
BJ-78CB67A8,Production Industrie Djougou,Agriculture & Agroalimentaire,Djougou,+229 90 99 29 38,production.industrie.djougou@production.industrie.djougou.org,productionindustriedjougou.bj,PME (10-50),B2B,CCIB Annuaire,,Actif,2026-06-29T00:15:34.324729,haute
BJ-B5CF4A01,SARL Pêche,Agriculture & Agroalimentaire,Djougou,+229 90 35 28 66,,,PME (50-200),B2C,CCIB Annuaire,,Actif,2026-06-29T00:15:34.324739,basse
BJ-A21C0F7E,SARL Agriculture,Agriculture & Agroalimentaire,Ouèssè,+229 72 62 93 91,sarl.agriculture@sarl.agriculture.benin,sarlagriculture.bj,TPE (<10),B2C,CCIB Annuaire,,Actif,2026-06-29T00:15:34.324756,haute
BJ-0ACBB9F9,Ets Bétail,Agriculture & Agroalimentaire,Ouèssè,+229 59 50 59 38,ets.bétail@ets.bétail.benin,,TPE (<10),B2C,CCIB Annuaire,,Actif,2026-06-29T00:15:34.324774,moyenne
BJ-B2884DB4,Ferme Fruit,Agriculture & Agroalimentaire,Ouèssè,+229 59 25 54 66,,,PME (50-200),B2B,CCIB Annuaire,,Actif,2026-06-29T00:15:34.324785,basse
BJ-976C5586,Élevage Bénin,Agriculture & Agroalimentaire,Ouèssè,+229 51 18 58 97,élevage.bénin@élevage.bénin.net,,PME (10-50),B2C,CCIB Annuaire,,Actif,2026-06-29T00:15:34.324809,moyenne
BJ-71266F7A,Ets Fruit,Agriculture & Agroalimentaire,Bassila,+229 48 20 30 61,,,PME (50-200),B2C,CCIB Annuaire,,Actif,2026-06-29T00:15:34.324825,basse
BJ-A0C3BA5A,Pêche Plantation Bassila,Agriculture & Agroalimentaire,Bassila,+229 21 72 94 52,pêche.plantation.bassila@pêche.plantation.bassila.benin,pêcheplantationbassila.bj,PME (50-200),B2C,CCIB Annuaire,,Actif,2026-06-29T00:15:34.324851,haute
BJ-8FBA476C,SARL Agriculture Ets Bassila,Agriculture & Agroalimentaire,Bassila,+229 59 39 70 32,,sarlagricultureetsbassila.bj,PME (10-50),B2B,CCIB Annuaire,,Actif,2026-06-29T00:15:34.324863,moyenne
BJ-50A85362,Agriculture,Agriculture & Agroalimentaire,Bassila,+229 93 72 18 44,agriculture@agriculture.com,agriculture.bj,TPE (<10),B2B,CCIB Annuaire,,Actif,2026-06-29T00:15:34.324874,haute
BJ-9C2CD798,Ferme Pehunco,Agriculture & Agroalimentaire,Pehunco,+229 52 61 10 59,,,TPE (<10),B2C,CCIB Annuaire,,Actif,2026-06-29T00:15:34.324899,basse
BJ-02217B45,Alimentaire Plantation,Agriculture & Agroalimentaire,Pehunco,+229 58 20 15 21,,,PME (50-200),B2C,CCIB Annuaire,,Actif,2026-06-29T00:15:34.324915,basse
BJ-2B6EB0F4,Bétail Farm,Agriculture & Agroalimentaire,Pehunco,+229 22 86 30 30,bétail.farm@bétail.farm.com,,PME (10-50),B2C,CCIB Annuaire,,Actif,2026-06-29T00:15:34.324938,moyenne
BJ-56AB9A9B,Légume,Agriculture & Agroalimentaire,Pehunco,+229 46 68 77 15,,,PME (10-50),B2C,CCIB Annuaire,,Actif,2026-06-29T00:15:34.324949,basse
BJ-790886CA,Plantation Plantation Agro,Agriculture & Agroalimentaire,Copargo,+229 32 15 49 86,plantation.plantation.agro@plantation.plantation.agro.benin,,TPE (<10),B2B,CCIB Annuaire,,Actif,2026-06-29T00:15:34.325009,moyenne
BJ-BCA395A6,Agriculture SARL,Agriculture & Agroalimentaire,Copargo,+229 28 91 38 36,agriculture.sarl@agriculture.sarl.benin,agriculturesarl.bj,PME (10-50),B2C,CCIB Annuaire,,Actif,2026-06-29T00:15:34.325022,haute
BJ-A454E721,Collège Éducation University,Éducation & Formation,Cotonou,+229 83 60 37 89,,collègeéducationuniversity.bj,TPE (<10),B2B,CCIB Annuaire,,Actif,2026-06-29T00:15:34.325042,moyenne
BJ-C89FE51A,Centre Apprentissage,Éducation & Formation,Cotonou,+229 50 43 94 65,centre.apprentissage@centre.apprentissage.bj,centreapprentissage.bj,PME (50-200),B2B,CCIB Annuaire,,Actif,2026-06-29T00:15:34.325058,haute
BJ-45AC0525,Lycée Formation Bénin,Éducation & Formation,Cotonou,+229 41 49 18 38,lycée.formation.bénin@lycée.formation.bénin.com,lycéeformationbénin.bj,PME (10-50),B2C,CCIB Annuaire,,Actif,2026-06-29T00:15:34.325084,haute
BJ-9F27242D,Centre Excellence University,Éducation & Formation,Cotonou,+229 70 53 54 58,centre.excellence.university@centre.excellence.university.benin,centreexcellenceuniversity.bj,PME (10-50),B2C,CCIB Annuaire,,Actif,2026-06-29T00:15:34.325096,haute
BJ-5C5495D5,Institut International Bénin,Éducation & Formation,Abomey-Calavi,+229 28 79 81 32,institut.international.bénin@institut.international.bénin.com,institutinternationalbénin.bj,PME (10-50),B2B,CCIB Annuaire,,Actif,2026-06-29T00:15:34.325120,haute
BJ-BFE9132A,Développement School,Éducation & Formation,Abomey-Calavi,+229 74 65 86 21,,développementschool.bj,PME (10-50),B2C,CCIB Annuaire,,Actif,2026-06-29T00:15:34.325133,moyenne
BJ-4C5A665F,Lycée Catholique,Éducation & Formation,Abomey-Calavi,+229 98 12 45 72,lycée.catholique@lycée.catholique.bj,lycéecatholique.bj,Grande (>200),B2C,CCIB Annuaire,,Actif,2026-06-29T00:15:34.325146,haute
BJ-8B281EC5,Université Public,Éducation & Formation,Abomey-Calavi,+229 72 86 56 65,université.public@université.public.net,,Grande (>200),B2C,CCIB Annuaire,,Actif,2026-06-29T00:15:34.325158,moyenne
BJ-B9C9B517,Institut Formation,Éducation & Formation,Abomey-Calavi,+229 77 81 34 99,,institutformation.bj,PME (10-50),B2B,CCIB Annuaire,,Actif,2026-06-29T00:15:34.325170,moyenne
BJ-DFF79AB2,Privé,Éducation & Formation,Porto-Novo,+229 88 94 32 66,,,TPE (<10),B2C,CCIB Annuaire,,Actif,2026-06-29T00:15:34.325186,basse
BJ-6C952996,Centre Privé School,Éducation & Formation,Porto-Novo,+229 55 44 70 98,centre.privé.school@centre.privé.school.com,centreprivéschool.bj,PME (10-50),B2B,CCIB Annuaire,,Actif,2026-06-29T00:15:34.325202,haute
BJ-4B203AF2,Privé Institute Porto-Novo,Éducation & Formation,Porto-Novo,+229 69 97 84 80,,privéinstituteportonovo.bj,PME (50-200),B2B,CCIB Annuaire,,Actif,2026-06-29T00:15:34.325216,moyenne
BJ-D06B2DD8,Institut International School,Éducation & Formation,Porto-Novo,+229 82 35 85 19,institut.international.school@institut.international.school.bj,institutinternationalschool.bj,TPE (<10),B2B,CCIB Annuaire,,Actif,2026-06-29T00:15:34.325241,haute
BJ-C31E6678,Institut Liberté Academy,Éducation & Formation,Parakou,+229 71 84 89 57,institut.liberté.academy@institut.liberté.academy.benin,,PME (50-200),B2C,CCIB Annuaire,,Actif,2026-06-29T00:15:34.325259,moyenne
BJ-2E9BA8B4,Privé College,Éducation & Formation,Parakou,+229 20 49 67 67,privé.college@privé.college.com,,Grande (>200),B2B,CCIB Annuaire,,Actif,2026-06-29T00:15:34.325271,moyenne
BJ-9793A327,Centre Privé School Parakou,Éducation & Formation,Parakou,+229 82 25 68 34,centre.privé.school.parakou@centre.privé.school.parakou.com,centreprivéschoolparakou.bj,TPE (<10),B2C,CCIB Annuaire,,Actif,2026-06-29T00:15:34.325287,haute
BJ-7F232DDF,Centre Privé Parakou,Éducation & Formation,Parakou,+229 25 47 33 62,centre.privé.parakou@centre.privé.parakou.org,centreprivéparakou.bj,PME (50-200),B2B,CCIB Annuaire,,Actif,2026-06-29T00:15:34.325300,haute
BJ-7ECBDC8F,Université Développement Institute,Éducation & Formation,Bohicon,+229 34 45 21 56,université.développement.institute@université.développement.institute.com,universitédéveloppementinstitute.bj,TPE (<10),B2B,CCIB Annuaire,,Actif,2026-06-29T00:15:34.325336,haute
BJ-C318DB6B,Institut Catholique,Éducation & Formation,Bohicon,+229 25 71 29 52,,institutcatholique.bj,PME (10-50),B2C,CCIB Annuaire,,Actif,2026-06-29T00:15:34.325350,moyenne
BJ-90F39A9F,Université Connaissance School,Éducation & Formation,Bohicon,+229 59 40 85 89,université.connaissance.school@université.connaissance.school.bj,universitéconnaissanceschool.bj,PME (50-200),B2C,CCIB Annuaire,,Actif,2026-06-29T00:15:34.325365,haute
BJ-1CB72C13,Université Connaissance Natitingou,Éducation & Formation,Natitingou,+229 65 21 79 66,,universitéconnaissancenatitingou.bj,PME (10-50),B2B,CCIB Annuaire,,Actif,2026-06-29T00:15:34.325407,moyenne
BJ-06468658,École Savoir College,Éducation & Formation,Natitingou,+229 53 49 77 98,école.savoir.college@école.savoir.college.net,,PME (10-50),B2B,CCIB Annuaire,,Actif,2026-06-29T00:15:34.325419,moyenne
BJ-6D032D43,Académie Formation,Éducation & Formation,Natitingou,+229 63 62 54 12,,académieformation.bj,TPE (<10),B2C,CCIB Annuaire,,Actif,2026-06-29T00:15:34.325431,moyenne
BJ-50F54818,Éducation Institute,Éducation & Formation,Natitingou,+229 50 44 76 27,éducation.institute@éducation.institute.com,éducationinstitute.bj,PME (10-50),B2B,CCIB Annuaire,,Actif,2026-06-29T00:15:34.325443,haute
BJ-3FBD169C,Savoir College,Éducation & Formation,Natitingou,+229 42 81 50 33,,savoircollege.bj,TPE (<10),B2B,CCIB Annuaire,,Actif,2026-06-29T00:15:34.325454,moyenne
BJ-1F2C7370,Protestant Academy Lokossa,Éducation & Formation,Lokossa,+229 69 64 68 45,protestant.academy.lokossa@protestant.academy.lokossa.benin,protestantacademylokossa.bj,PME (10-50),B2C,CCIB Annuaire,,Actif,2026-06-29T00:15:34.325472,haute
BJ-D5FDFC08,Savoir École,Éducation & Formation,Lokossa,+229 95 66 54 37,savoir.école@savoir.école.net,savoirécole.bj,TPE (<10),B2C,CCIB Annuaire,,Actif,2026-06-29T00:15:34.325489,haute
BJ-789D7F2A,Université Protestant Lycée,Éducation & Formation,Lokossa,+229 85 75 26 97,université.protestant.lycée@université.protestant.lycée.bj,universitéprotestantlycée.bj,PME (50-200),B2C,CCIB Annuaire,,Actif,2026-06-29T00:15:34.325502,haute
BJ-CC683555,Lycée Développement Institute,Éducation & Formation,Lokossa,+229 58 69 36 58,lycée.développement.institute@lycée.développement.institute.benin,,PME (10-50),B2B,CCIB Annuaire,,Actif,2026-06-29T00:15:34.325518,moyenne
BJ-BD34C76C,Catholique,Éducation & Formation,Lokossa,+229 37 50 18 51,,catholique.bj,PME (10-50),B2B,CCIB Annuaire,,Actif,2026-06-29T00:15:34.325534,moyenne
BJ-17B81ED6,Lycée Liberté College,Éducation & Formation,Ouidah,+229 65 96 45 13,lycée.liberté.college@lycée.liberté.college.benin,lycéelibertécollege.bj,Grande (>200),B2B,CCIB Annuaire,,Actif,2026-06-29T00:15:34.325565,haute
BJ-A7721765,École Catholique Lycée,Éducation & Formation,Ouidah,+229 29 97 33 59,école.catholique.lycée@école.catholique.lycée.net,écolecatholiquelycée.bj,PME (10-50),B2C,CCIB Annuaire,,Actif,2026-06-29T00:15:34.325577,haute
BJ-3074323A,Université Connaissance,Éducation & Formation,Ouidah,+229 28 31 96 76,université.connaissance@université.connaissance.org,universitéconnaissance.bj,PME (10-50),B2B,CCIB Annuaire,,Actif,2026-06-29T00:15:34.325602,haute
BJ-3B440C31,Lycée Public Bénin,Éducation & Formation,Savalou,+229 51 84 49 98,lycée.public.bénin@lycée.public.bénin.com,,PME (10-50),B2B,CCIB Annuaire,,Actif,2026-06-29T00:15:34.325620,moyenne
BJ-EFDD6D0A,Savoir College Savalou,Éducation & Formation,Savalou,+229 31 39 57 78,savoir.college.savalou@savoir.college.savalou.org,savoircollegesavalou.bj,Grande (>200),B2C,CCIB Annuaire,,Actif,2026-06-29T00:15:34.325635,haute
BJ-9E1F7BE1,Éducation Lycée Savalou,Éducation & Formation,Savalou,+229 74 30 78 50,éducation.lycée.savalou@éducation.lycée.savalou.benin,éducationlycéesavalou.bj,TPE (<10),B2C,CCIB Annuaire,,Actif,2026-06-29T00:15:34.325660,haute
BJ-45A98B3D,École Public,Éducation & Formation,Savalou,+229 86 29 55 41,école.public@école.public.com,,TPE (<10),B2B,CCIB Annuaire,,Actif,2026-06-29T00:15:34.325672,moyenne
BJ-0B663029,Collège Catholique,Éducation & Formation,Dassa-Zoumè,+229 40 86 49 28,,,PME (10-50),B2B,CCIB Annuaire,,Actif,2026-06-29T00:15:34.325689,basse
BJ-27BF8FC8,Liberté College,Éducation & Formation,Dassa-Zoumè,+229 88 84 87 54,liberté.college@liberté.college.com,libertécollege.bj,PME (10-50),B2B,CCIB Annuaire,,Actif,2026-06-29T00:15:34.325730,haute
BJ-A7E13FAA,Protestant University Dassa-Zoumè,Éducation & Formation,Dassa-Zoumè,+229 66 14 75 25,protestant.university.dassazoumè@protestant.university.dassazoumè.net,protestantuniversitydassazoumè.bj,Grande (>200),B2C,CCIB Annuaire,,Actif,2026-06-29T00:15:34.325792,haute
BJ-F2A79398,Éducation Bénin,Éducation & Formation,Kétou,+229 95 41 61 73,éducation.bénin@éducation.bénin.benin,éducationbénin.bj,PME (50-200),B2C,CCIB Annuaire,,Actif,2026-06-29T00:15:34.325830,haute
BJ-755B6AFE,Collège Privé,Éducation & Formation,Kétou,+229 97 90 54 92,collège.privé@collège.privé.org,collègeprivé.bj,TPE (<10),B2C,CCIB Annuaire,,Actif,2026-06-29T00:15:34.325863,haute
BJ-3289B998,Centre International Bénin,Éducation & Formation,Kétou,+229 80 49 34 37,centre.international.bénin@centre.international.bénin.benin,centreinternationalbénin.bj,TPE (<10),B2C,CCIB Annuaire,,Actif,2026-06-29T00:15:34.325901,haute
BJ-15385A72,Liberté Kétou,Éducation & Formation,Kétou,+229 73 52 27 60,liberté.kétou@liberté.kétou.net,libertékétou.bj,TPE (<10),B2C,CCIB Annuaire,,Actif,2026-06-29T00:15:34.325919,haute
BJ-8E4AED72,Public Covè,Éducation & Formation,Covè,+229 88 74 44 31,public.covè@public.covè.net,publiccovè.bj,PME (10-50),B2C,CCIB Annuaire,,Actif,2026-06-29T00:15:34.325953,haute
BJ-309FDA12,École Développement École,Éducation & Formation,Covè,+229 98 75 50 42,,écoledéveloppementécole.bj,PME (10-50),B2B,CCIB Annuaire,,Actif,2026-06-29T00:15:34.325966,moyenne
BJ-A5B4FABB,Éducation Lycée,Éducation & Formation,Covè,+229 37 23 64 98,éducation.lycée@éducation.lycée.org,éducationlycée.bj,Grande (>200),B2B,CCIB Annuaire,,Actif,2026-06-29T00:15:34.325979,haute
BJ-4FB4D2F2,Développement Bénin,Éducation & Formation,Covè,+229 47 81 38 40,développement.bénin@développement.bénin.bj,développementbénin.bj,PME (10-50),B2B,CCIB Annuaire,,Actif,2026-06-29T00:15:34.326005,haute
BJ-B8D21C24,Lycée National Pobè,Éducation & Formation,Pobè,+229 97 62 50 68,,lycéenationalpobè.bj,Grande (>200),B2C,CCIB Annuaire,,Actif,2026-06-29T00:15:34.326023,moyenne
BJ-CA786AFF,Protestant Lycée,Éducation & Formation,Pobè,+229 37 87 62 64,,,TPE (<10),B2C,CCIB Annuaire,,Actif,2026-06-29T00:15:34.326038,basse
BJ-E430EB69,Institut Connaissance Academy,Éducation & Formation,Pobè,+229 54 29 45 45,institut.connaissance.academy@institut.connaissance.academy.org,institutconnaissanceacademy.bj,PME (10-50),B2B,CCIB Annuaire,,Actif,2026-06-29T00:15:34.326052,haute
BJ-E2678D24,National Bénin,Éducation & Formation,Pobè,+229 39 92 69 70,national.bénin@national.bénin.bj,,PME (10-50),B2B,CCIB Annuaire,,Actif,2026-06-29T00:15:34.326064,moyenne
BJ-ECB8EF95,Collège Éducation Lycée,Éducation & Formation,Sakété,+229 55 14 58 69,collège.éducation.lycée@collège.éducation.lycée.com,collègeéducationlycée.bj,Grande (>200),B2B,CCIB Annuaire,,Actif,2026-06-29T00:15:34.326095,haute
BJ-C4621647,Lycée Connaissance Academy Sakété,Éducation & Formation,Sakété,+229 40 62 51 41,lycée.connaissance.academy.sakété@lycée.connaissance.academy.sakété.com,lycéeconnaissanceacademysakété.bj,PME (10-50),B2B,CCIB Annuaire,,Actif,2026-06-29T00:15:34.326110,haute
BJ-0E8B45F2,Public Lycée,Éducation & Formation,Sakété,+229 69 66 11 60,public.lycée@public.lycée.com,,TPE (<10),B2B,CCIB Annuaire,,Actif,2026-06-29T00:15:34.326122,moyenne
BJ-5AD25155,Académie Éducation,Éducation & Formation,Sakété,+229 60 15 26 83,,académieéducation.bj,PME (50-200),B2C,CCIB Annuaire,,Actif,2026-06-29T00:15:34.326138,moyenne
BJ-B3B1976A,Académie Privé Academy Sakété,Éducation & Formation,Sakété,+229 92 82 31 48,académie.privé.academy.sakété@académie.privé.academy.sakété.bj,académieprivéacademysakété.bj,TPE (<10),B2C,CCIB Annuaire,,Actif,2026-06-29T00:15:34.326152,haute
BJ-5A75F113,Développement University,Éducation & Formation,Adjara,+229 28 84 67 47,développement.university@développement.university.net,développementuniversity.bj,TPE (<10),B2B,CCIB Annuaire,,Actif,2026-06-29T00:15:34.326171,haute
BJ-E7FBFE43,Institut Formation,Éducation & Formation,Adjara,+229 43 47 57 54,,institutformation.bj,PME (50-200),B2B,CCIB Annuaire,,Actif,2026-06-29T00:15:34.326189,moyenne
BJ-AA2253D6,Académie International Lycée,Éducation & Formation,Adjara,+229 58 42 27 30,académie.international.lycée@académie.international.lycée.org,académieinternationallycée.bj,PME (10-50),B2C,CCIB Annuaire,,Actif,2026-06-29T00:15:34.326203,haute
BJ-A0AE3445,Université Développement Lycée,Éducation & Formation,Adjara,+229 35 82 58 57,université.développement.lycée@université.développement.lycée.benin,universitédéveloppementlycée.bj,PME (50-200),B2C,CCIB Annuaire,,Actif,2026-06-29T00:15:34.326217,haute
BJ-F636ADB2,Université Formation College,Éducation & Formation,Adjara,+229 60 48 63 94,université.formation.college@université.formation.college.com,universitéformationcollege.bj,Grande (>200),B2B,CCIB Annuaire,,Actif,2026-06-29T00:15:34.326229,haute
BJ-02AA6E7A,Public,Éducation & Formation,Allada,+229 78 68 15 96,,,PME (50-200),B2C,CCIB Annuaire,,Actif,2026-06-29T00:15:34.326247,basse
BJ-A98C59D4,Centre Apprentissage,Éducation & Formation,Allada,+229 75 35 65 53,centre.apprentissage@centre.apprentissage.bj,centreapprentissage.bj,PME (50-200),B2B,CCIB Annuaire,,Actif,2026-06-29T00:15:34.326259,haute
BJ-10ACB3B1,Institut Connaissance,Éducation & Formation,Allada,+229 22 56 96 34,institut.connaissance@institut.connaissance.benin,institutconnaissance.bj,TPE (<10),B2C,CCIB Annuaire,,Actif,2026-06-29T00:15:34.326272,haute
BJ-3E0FDFA6,Lycée Formation Institute Allada,Éducation & Formation,Allada,+229 87 99 55 19,lycée.formation.institute.allada@lycée.formation.institute.allada.bj,lycéeformationinstituteallada.bj,PME (10-50),B2C,CCIB Annuaire,,Actif,2026-06-29T00:15:34.326289,haute
BJ-BCAA55F9,École Catholique,Éducation & Formation,Allada,+229 63 23 97 23,école.catholique@école.catholique.benin,,TPE (<10),B2B,CCIB Annuaire,,Actif,2026-06-29T00:15:34.326301,moyenne
BJ-62017197,Collège Privé,Éducation & Formation,Aplahoué,+229 47 13 43 43,,collègeprivé.bj,PME (10-50),B2B,CCIB Annuaire,,Actif,2026-06-29T00:15:34.326319,moyenne
BJ-738AF00C,Privé,Éducation & Formation,Aplahoué,+229 58 30 65 59,privé@privé.net,,TPE (<10),B2B,CCIB Annuaire,,Actif,2026-06-29T00:15:34.326336,moyenne
BJ-5699A1E5,Protestant Bénin,Éducation & Formation,Aplahoué,+229 69 75 66 72,,,PME (10-50),B2B,CCIB Annuaire,,Actif,2026-06-29T00:15:34.326348,basse
BJ-8976FFC9,Apprentissage,Éducation & Formation,Aplahoué,+229 62 42 20 95,,apprentissage.bj,TPE (<10),B2C,CCIB Annuaire,,Actif,2026-06-29T00:15:34.326359,moyenne
BJ-26FF39E6,Lycée Public College,Éducation & Formation,Aplahoué,+229 62 32 57 79,lycée.public.college@lycée.public.college.org,lycéepubliccollege.bj,PME (10-50),B2C,CCIB Annuaire,,Actif,2026-06-29T00:15:34.326372,haute
BJ-24576763,Public Dogbo-Tota,Éducation & Formation,Dogbo-Tota,+229 28 68 77 47,,publicdogbotota.bj,PME (10-50),B2C,CCIB Annuaire,,Actif,2026-06-29T00:15:34.326390,moyenne
BJ-033D1859,Collège Privé,Éducation & Formation,Dogbo-Tota,+229 22 93 14 35,collège.privé@collège.privé.bj,,TPE (<10),B2B,CCIB Annuaire,,Actif,2026-06-29T00:15:34.326403,moyenne
BJ-1483895F,Centre Privé Bénin,Éducation & Formation,Dogbo-Tota,+229 23 17 21 56,,centreprivébénin.bj,TPE (<10),B2B,CCIB Annuaire,,Actif,2026-06-29T00:15:34.326414,moyenne
BJ-BB9E78C4,Lycée Public,Éducation & Formation,Dogbo-Tota,+229 86 82 48 56,lycée.public@lycée.public.com,lycéepublic.bj,PME (10-50),B2B,CCIB Annuaire,,Actif,2026-06-29T00:15:34.326443,haute
BJ-4492A3EF,Centre Excellence Bénin,Éducation & Formation,Kpomassè,+229 62 85 40 49,centre.excellence.bénin@centre.excellence.bénin.bj,centreexcellencebénin.bj,PME (50-200),B2B,CCIB Annuaire,,Actif,2026-06-29T00:15:34.326462,haute
BJ-477FE859,Collège Privé,Éducation & Formation,Kpomassè,+229 44 77 92 57,collège.privé@collège.privé.org,,PME (10-50),B2C,CCIB Annuaire,,Actif,2026-06-29T00:15:34.326477,moyenne
BJ-E7797822,Protestant,Éducation & Formation,Kpomassè,+229 42 38 60 70,protestant@protestant.com,protestant.bj,PME (10-50),B2B,CCIB Annuaire,,Actif,2026-06-29T00:15:34.326491,haute
BJ-CC50CCF3,Connaissance Lycée,Éducation & Formation,Kpomassè,+229 47 48 19 22,connaissance.lycée@connaissance.lycée.benin,connaissancelycée.bj,TPE (<10),B2B,CCIB Annuaire,,Actif,2026-06-29T00:15:34.326520,haute
BJ-CCAD6FAD,Collège Protestant Tori-Bossito,Éducation & Formation,Tori-Bossito,+229 97 12 47 35,,collègeprotestanttoribossito.bj,TPE (<10),B2B,CCIB Annuaire,,Actif,2026-06-29T00:15:34.326542,moyenne
BJ-60731D21,National École,Éducation & Formation,Tori-Bossito,+229 87 44 66 12,national.école@national.école.benin,nationalécole.bj,PME (50-200),B2B,CCIB Annuaire,,Actif,2026-06-29T00:15:34.326555,haute
BJ-FF02CBF5,École Catholique Institute,Éducation & Formation,Tori-Bossito,+229 47 78 46 82,école.catholique.institute@école.catholique.institute.benin,écolecatholiqueinstitute.bj,Grande (>200),B2C,CCIB Annuaire,,Actif,2026-06-29T00:15:34.326580,haute
BJ-FBA7EBBE,Université Catholique,Éducation & Formation,Tori-Bossito,+229 45 17 17 50,,universitécatholique.bj,TPE (<10),B2B,CCIB Annuaire,,Actif,2026-06-29T00:15:34.326592,moyenne
BJ-0C9EA567,Savoir,Éducation & Formation,Tori-Bossito,+229 77 20 15 64,savoir@savoir.bj,savoir.bj,PME (50-200),B2B,CCIB Annuaire,,Actif,2026-06-29T00:15:34.326603,haute
BJ-EE1A9E31,École Savoir University,Éducation & Formation,Grand-Popo,+229 64 82 31 21,école.savoir.university@école.savoir.university.benin,,PME (50-200),B2C,CCIB Annuaire,,Actif,2026-06-29T00:15:34.326640,moyenne
BJ-A3BC4F66,Lycée Éducation,Éducation & Formation,Grand-Popo,+229 23 75 71 10,lycée.éducation@lycée.éducation.com,lycéeéducation.bj,PME (10-50),B2C,CCIB Annuaire,,Actif,2026-06-29T00:15:34.326665,haute
BJ-11E27745,École Excellence École,Éducation & Formation,Grand-Popo,+229 28 55 31 43,école.excellence.école@école.excellence.école.org,écoleexcellenceécole.bj,PME (10-50),B2B,CCIB Annuaire,,Actif,2026-06-29T00:15:34.326677,haute
BJ-0E760C32,Académie Public Bénin,Éducation & Formation,Athiémé,+229 43 94 91 39,académie.public.bénin@académie.public.bénin.org,académiepublicbénin.bj,TPE (<10),B2B,CCIB Annuaire,,Actif,2026-06-29T00:15:34.326696,haute
BJ-1E982DA2,Université Éducation Athiémé,Éducation & Formation,Athiémé,+229 94 99 78 21,université.éducation.athiémé@université.éducation.athiémé.bj,,PME (50-200),B2C,CCIB Annuaire,,Actif,2026-06-29T00:15:34.326719,moyenne
BJ-B48C485A,Privé,Éducation & Formation,Athiémé,+229 81 14 33 34,privé@privé.bj,,TPE (<10),B2C,CCIB Annuaire,,Actif,2026-06-29T00:15:34.326746,moyenne
BJ-1228FAD7,Université National,Éducation & Formation,Bopa,+229 64 32 68 78,université.national@université.national.benin,universiténational.bj,PME (50-200),B2C,CCIB Annuaire,,Actif,2026-06-29T00:15:34.326767,haute
BJ-FB158FDA,École Privé College,Éducation & Formation,Bopa,+229 27 31 16 37,école.privé.college@école.privé.college.bj,écoleprivécollege.bj,TPE (<10),B2B,CCIB Annuaire,,Actif,2026-06-29T00:15:34.326784,haute
BJ-72D25F76,Éducation Bopa,Éducation & Formation,Bopa,+229 32 45 24 99,,éducationbopa.bj,TPE (<10),B2C,CCIB Annuaire,,Actif,2026-06-29T00:15:34.326810,moyenne
BJ-AC964E20,National,Éducation & Formation,Bopa,+229 45 77 42 61,,national.bj,Grande (>200),B2B,CCIB Annuaire,,Actif,2026-06-29T00:15:34.326839,moyenne
BJ-514C3603,Liberté Bopa,Éducation & Formation,Bopa,+229 52 99 20 71,liberté.bopa@liberté.bopa.bj,,TPE (<10),B2C,CCIB Annuaire,,Actif,2026-06-29T00:15:34.326870,moyenne
BJ-5242FBFB,Excellence Institute,Éducation & Formation,Houéyogbé,+229 72 76 25 39,excellence.institute@excellence.institute.benin,,PME (50-200),B2C,CCIB Annuaire,,Actif,2026-06-29T00:15:34.326913,moyenne
BJ-0C15F89F,Université Apprentissage,Éducation & Formation,Houéyogbé,+229 91 33 22 90,université.apprentissage@université.apprentissage.bj,,TPE (<10),B2C,CCIB Annuaire,,Actif,2026-06-29T00:15:34.326928,moyenne
BJ-92BD908F,Institut Formation,Éducation & Formation,Houéyogbé,+229 37 32 40 44,,institutformation.bj,PME (50-200),B2C,CCIB Annuaire,,Actif,2026-06-29T00:15:34.326940,moyenne
BJ-B9A6033D,Privé,Éducation & Formation,Houéyogbé,+229 56 87 91 26,privé@privé.org,privé.bj,PME (10-50),B2C,CCIB Annuaire,,Actif,2026-06-29T00:15:34.326958,haute
BJ-26B17489,Lycée Public,Éducation & Formation,Houéyogbé,+229 55 85 27 66,,lycéepublic.bj,TPE (<10),B2C,CCIB Annuaire,,Actif,2026-06-29T00:15:34.326970,moyenne
BJ-AABCED2E,Collège Développement,Éducation & Formation,Malanville,+229 31 63 43 86,collège.développement@collège.développement.bj,,PME (10-50),B2B,CCIB Annuaire,,Actif,2026-06-29T00:15:34.327017,moyenne
BJ-A9C1671F,Développement École,Éducation & Formation,Malanville,+229 82 16 69 69,développement.école@développement.école.benin,développementécole.bj,PME (50-200),B2C,CCIB Annuaire,,Actif,2026-06-29T00:15:34.327030,haute
BJ-0A05BE2C,National Institute,Éducation & Formation,Malanville,+229 24 47 50 20,national.institute@national.institute.bj,nationalinstitute.bj,TPE (<10),B2B,CCIB Annuaire,,Actif,2026-06-29T00:15:34.327049,haute
BJ-16789877,Apprentissage Institute,Éducation & Formation,Kandi,+229 38 40 63 47,apprentissage.institute@apprentissage.institute.bj,apprentissageinstitute.bj,Grande (>200),B2C,CCIB Annuaire,,Actif,2026-06-29T00:15:34.327068,haute
BJ-5099BF54,Lycée Public Kandi,Éducation & Formation,Kandi,+229 25 93 25 44,,lycéepublickandi.bj,PME (10-50),B2B,CCIB Annuaire,,Actif,2026-06-29T00:15:34.327080,moyenne
BJ-8CF43C36,Collège Liberté,Éducation & Formation,Kandi,+229 36 88 62 60,,,Grande (>200),B2B,CCIB Annuaire,,Actif,2026-06-29T00:15:34.327091,basse
BJ-2E4B46FD,Liberté École,Éducation & Formation,Kandi,+229 22 65 64 58,,,TPE (<10),B2B,CCIB Annuaire,,Actif,2026-06-29T00:15:34.327102,basse
BJ-018C75C5,Centre Protestant,Éducation & Formation,Kandi,+229 24 38 94 13,centre.protestant@centre.protestant.net,,TPE (<10),B2C,CCIB Annuaire,,Actif,2026-06-29T00:15:34.327113,moyenne
BJ-F211ED83,Public Banikoara,Éducation & Formation,Banikoara,+229 57 41 12 37,public.banikoara@public.banikoara.bj,publicbanikoara.bj,Grande (>200),B2C,CCIB Annuaire,,Actif,2026-06-29T00:15:34.327147,haute
BJ-2683F87D,Savoir Institute,Éducation & Formation,Banikoara,+229 75 21 60 42,,,TPE (<10),B2B,CCIB Annuaire,,Actif,2026-06-29T00:15:34.327158,basse
BJ-7CE38960,Privé Bénin,Éducation & Formation,Banikoara,+229 76 40 52 36,,privébénin.bj,TPE (<10),B2B,CCIB Annuaire,,Actif,2026-06-29T00:15:34.327181,moyenne
BJ-4C4AB733,Université Formation,Éducation & Formation,Ségbana,+229 94 19 50 96,université.formation@université.formation.com,universitéformation.bj,PME (10-50),B2B,CCIB Annuaire,,Actif,2026-06-29T00:15:34.327211,haute
BJ-8C2B1D86,Savoir,Éducation & Formation,Ségbana,+229 67 62 48 93,savoir@savoir.benin,,PME (50-200),B2C,CCIB Annuaire,,Actif,2026-06-29T00:15:34.327222,moyenne
BJ-04990B59,Institut Catholique Bénin,Éducation & Formation,Ségbana,+229 38 57 84 37,institut.catholique.bénin@institut.catholique.bénin.bj,institutcatholiquebénin.bj,TPE (<10),B2B,CCIB Annuaire,,Actif,2026-06-29T00:15:34.327235,haute
BJ-2A78C589,École Liberté,Éducation & Formation,Ségbana,+229 22 73 86 56,,écoleliberté.bj,TPE (<10),B2B,CCIB Annuaire,,Actif,2026-06-29T00:15:34.327247,moyenne
BJ-C18A27C2,Liberté École,Éducation & Formation,Karimama,+229 41 54 52 62,liberté.école@liberté.école.benin,,PME (10-50),B2B,CCIB Annuaire,,Actif,2026-06-29T00:15:34.327265,moyenne
BJ-E5D84EC8,Catholique,Éducation & Formation,Karimama,+229 61 57 66 82,,catholique.bj,TPE (<10),B2B,CCIB Annuaire,,Actif,2026-06-29T00:15:34.327283,moyenne
BJ-CA22F742,Académie International School,Éducation & Formation,Karimama,+229 75 39 59 35,académie.international.school@académie.international.school.bj,académieinternationalschool.bj,TPE (<10),B2B,CCIB Annuaire,,Actif,2026-06-29T00:15:34.327324,haute
BJ-7321AD09,Lycée Connaissance,Éducation & Formation,Gogounou,+229 47 10 61 97,lycée.connaissance@lycée.connaissance.net,,PME (10-50),B2C,CCIB Annuaire,,Actif,2026-06-29T00:15:34.327342,moyenne
BJ-876D4E2B,École Savoir,Éducation & Formation,Gogounou,+229 95 35 92 75,,écolesavoir.bj,PME (50-200),B2C,CCIB Annuaire,,Actif,2026-06-29T00:15:34.327354,moyenne
BJ-151633BC,Université Formation Bénin,Éducation & Formation,Gogounou,+229 85 49 46 17,université.formation.bénin@université.formation.bénin.bj,universitéformationbénin.bj,TPE (<10),B2C,CCIB Annuaire,,Actif,2026-06-29T00:15:34.327379,haute
BJ-DB7185B2,Centre National École,Éducation & Formation,Gogounou,+229 67 14 20 25,centre.national.école@centre.national.école.com,,TPE (<10),B2B,CCIB Annuaire,,Actif,2026-06-29T00:15:34.327390,moyenne
BJ-41B888F1,Académie Protestant,Éducation & Formation,Cobly,+229 72 73 67 85,académie.protestant@académie.protestant.org,académieprotestant.bj,PME (50-200),B2B,CCIB Annuaire,,Actif,2026-06-29T00:15:34.327409,haute
BJ-CEC3DCAE,Savoir École,Éducation & Formation,Cobly,+229 98 97 81 34,,savoirécole.bj,Grande (>200),B2B,CCIB Annuaire,,Actif,2026-06-29T00:15:34.327422,moyenne
BJ-4FF3C475,Liberté Academy Cobly,Éducation & Formation,Cobly,+229 56 29 18 98,liberté.academy.cobly@liberté.academy.cobly.bj,,Grande (>200),B2B,CCIB Annuaire,,Actif,2026-06-29T00:15:34.327435,moyenne
BJ-9A02E425,École Connaissance Cobly,Éducation & Formation,Cobly,+229 94 11 67 61,,,PME (10-50),B2C,CCIB Annuaire,,Actif,2026-06-29T00:15:34.327445,basse
BJ-CEAFD7B9,Centre Éducation Lycée,Éducation & Formation,Cobly,+229 54 93 17 48,centre.éducation.lycée@centre.éducation.lycée.net,centreéducationlycée.bj,TPE (<10),B2C,CCIB Annuaire,,Actif,2026-06-29T00:15:34.327458,haute
BJ-952117E6,Privé University,Éducation & Formation,Tanguiéta,+229 45 89 96 32,privé.university@privé.university.com,privéuniversity.bj,PME (10-50),B2C,CCIB Annuaire,,Actif,2026-06-29T00:15:34.327476,haute
BJ-177A753B,Excellence Lycée,Éducation & Formation,Tanguiéta,+229 54 91 38 31,excellence.lycée@excellence.lycée.net,excellencelycée.bj,Grande (>200),B2B,CCIB Annuaire,,Actif,2026-06-29T00:15:34.327488,haute
BJ-D4094758,Excellence,Éducation & Formation,Tanguiéta,+229 48 37 70 15,excellence@excellence.net,excellence.bj,TPE (<10),B2C,CCIB Annuaire,,Actif,2026-06-29T00:15:34.327500,haute
BJ-66DC397C,Connaissance,Éducation & Formation,Tanguiéta,+229 32 81 24 15,,connaissance.bj,PME (50-200),B2B,CCIB Annuaire,,Actif,2026-06-29T00:15:34.327511,moyenne
BJ-AD0C797F,Institut International,Éducation & Formation,Tanguiéta,+229 41 20 13 11,institut.international@institut.international.com,,TPE (<10),B2C,CCIB Annuaire,,Actif,2026-06-29T00:15:34.327523,moyenne
BJ-BE996774,Institut Apprentissage,Éducation & Formation,Matéri,+229 84 15 95 33,,,PME (50-200),B2B,CCIB Annuaire,,Actif,2026-06-29T00:15:34.327539,basse
BJ-F66A8D54,Collège Privé,Éducation & Formation,Matéri,+229 70 25 73 34,collège.privé@collège.privé.bj,collègeprivé.bj,TPE (<10),B2B,CCIB Annuaire,,Actif,2026-06-29T00:15:34.327556,haute
BJ-DD2EB645,Lycée Privé School Matéri,Éducation & Formation,Matéri,+229 60 84 98 49,,lycéeprivéschoolmatéri.bj,PME (50-200),B2C,CCIB Annuaire,,Actif,2026-06-29T00:15:34.327572,moyenne
BJ-AF63655C,International École,Éducation & Formation,Matéri,+229 21 76 93 34,,internationalécole.bj,PME (50-200),B2B,CCIB Annuaire,,Actif,2026-06-29T00:15:34.327583,moyenne
BJ-3EB3B518,Apprentissage Institute,Éducation & Formation,Matéri,+229 48 33 77 60,,apprentissageinstitute.bj,TPE (<10),B2C,CCIB Annuaire,,Actif,2026-06-29T00:15:34.327594,moyenne
BJ-13AD48FF,Développement University Natitingou,Éducation & Formation,Natitingou,+229 84 13 86 97,développement.university.natitingou@développement.university.natitingou.org,développementuniversitynatitingou.bj,PME (10-50),B2B,CCIB Annuaire,,Actif,2026-06-29T00:15:34.327613,haute
BJ-2DCAA7F7,Collège Public Institute,Éducation & Formation,Natitingou,+229 22 64 38 33,collège.public.institute@collège.public.institute.org,,TPE (<10),B2B,CCIB Annuaire,,Actif,2026-06-29T00:15:34.327637,moyenne
BJ-F6A7B391,Apprentissage Natitingou,Éducation & Formation,Natitingou,+229 86 91 75 61,apprentissage.natitingou@apprentissage.natitingou.benin,apprentissagenatitingou.bj,PME (10-50),B2C,CCIB Annuaire,,Actif,2026-06-29T00:15:34.327649,haute
BJ-21BA01C0,Lycée Connaissance École Toucountouna,Éducation & Formation,Toucountouna,+229 42 34 86 66,lycée.connaissance.école.toucountouna@lycée.connaissance.école.toucountouna.bj,lycéeconnaissanceécoletoucountouna.bj,PME (10-50),B2B,CCIB Annuaire,,Actif,2026-06-29T00:15:34.327680,haute
BJ-8BC0F42E,Protestant,Éducation & Formation,Toucountouna,+229 28 23 99 44,protestant@protestant.com,protestant.bj,TPE (<10),B2B,CCIB Annuaire,,Actif,2026-06-29T00:15:34.327695,haute
BJ-49555901,Centre Privé,Éducation & Formation,Toucountouna,+229 89 23 80 10,,centreprivé.bj,PME (50-200),B2B,CCIB Annuaire,,Actif,2026-06-29T00:15:34.327706,moyenne
BJ-C256E454,Université Catholique Lycée,Éducation & Formation,Toucountouna,+229 58 60 82 87,université.catholique.lycée@université.catholique.lycée.benin,universitécatholiquelycée.bj,Grande (>200),B2C,CCIB Annuaire,,Actif,2026-06-29T00:15:34.327719,haute
BJ-B5ED8407,Académie Catholique Academy Toucountouna,Éducation & Formation,Toucountouna,+229 60 79 24 88,académie.catholique.academy.toucountouna@académie.catholique.academy.toucountouna.benin,,TPE (<10),B2B,CCIB Annuaire,,Actif,2026-06-29T00:15:34.327731,moyenne
BJ-0C97356A,Formation École,Éducation & Formation,Boukoumbé,+229 63 52 21 29,,,PME (10-50),B2C,CCIB Annuaire,,Actif,2026-06-29T00:15:34.327747,basse
BJ-410BCBE6,École Formation School,Éducation & Formation,Boukoumbé,+229 33 31 97 32,école.formation.school@école.formation.school.bj,,PME (10-50),B2B,CCIB Annuaire,,Actif,2026-06-29T00:15:34.327759,moyenne
BJ-EF1FACAD,Catholique Academy,Éducation & Formation,Boukoumbé,+229 98 93 64 97,catholique.academy@catholique.academy.bj,,TPE (<10),B2C,CCIB Annuaire,,Actif,2026-06-29T00:15:34.327786,moyenne
BJ-FBC9B53F,Collège Formation Academy,Éducation & Formation,Boukoumbé,+229 50 53 27 11,collège.formation.academy@collège.formation.academy.org,collègeformationacademy.bj,PME (10-50),B2B,CCIB Annuaire,,Actif,2026-06-29T00:15:34.327799,haute
BJ-6FE5ED06,Institut Liberté,Éducation & Formation,Kouandé,+229 59 53 47 13,institut.liberté@institut.liberté.bj,institutliberté.bj,TPE (<10),B2C,CCIB Annuaire,,Actif,2026-06-29T00:15:34.327818,haute
BJ-A7DF9996,Université Excellence,Éducation & Formation,Kouandé,+229 66 12 79 19,université.excellence@université.excellence.com,universitéexcellence.bj,TPE (<10),B2B,CCIB Annuaire,,Actif,2026-06-29T00:15:34.327833,haute
BJ-1B4A273B,Centre Catholique Institute,Éducation & Formation,Kouandé,+229 88 67 59 57,centre.catholique.institute@centre.catholique.institute.org,centrecatholiqueinstitute.bj,TPE (<10),B2B,CCIB Annuaire,,Actif,2026-06-29T00:15:34.327846,haute
BJ-B85E92FD,Académie Savoir,Éducation & Formation,Kouandé,+229 20 60 18 34,académie.savoir@académie.savoir.com,académiesavoir.bj,TPE (<10),B2C,CCIB Annuaire,,Actif,2026-06-29T00:15:34.327858,haute
BJ-6BCED4C6,Excellence Kouandé,Éducation & Formation,Kouandé,+229 80 95 57 60,excellence.kouandé@excellence.kouandé.org,excellencekouandé.bj,PME (10-50),B2B,CCIB Annuaire,,Actif,2026-06-29T00:15:34.327871,haute
BJ-2E9C9E2D,Apprentissage,Éducation & Formation,Péhunco,+229 73 61 47 85,apprentissage@apprentissage.bj,apprentissage.bj,PME (50-200),B2C,CCIB Annuaire,,Actif,2026-06-29T00:15:34.327911,haute
BJ-03A44B66,Collège Savoir,Éducation & Formation,Péhunco,+229 61 74 35 48,collège.savoir@collège.savoir.benin,,PME (10-50),B2C,CCIB Annuaire,,Actif,2026-06-29T00:15:34.327938,moyenne
BJ-1214D81B,Université Excellence,Éducation & Formation,Péhunco,+229 53 33 94 17,université.excellence@université.excellence.org,universitéexcellence.bj,PME (50-200),B2C,CCIB Annuaire,,Actif,2026-06-29T00:15:34.327950,haute
BJ-10794497,Lycée Privé Institute,Éducation & Formation,Tchaourou,+229 63 18 65 82,lycée.privé.institute@lycée.privé.institute.benin,,PME (50-200),B2B,CCIB Annuaire,,Actif,2026-06-29T00:15:34.327968,moyenne
BJ-8701CD4C,Développement University Tchaourou,Éducation & Formation,Tchaourou,+229 27 64 71 13,développement.university.tchaourou@développement.university.tchaourou.bj,,Grande (>200),B2B,CCIB Annuaire,,Actif,2026-06-29T00:15:34.327988,moyenne
BJ-093350E1,Centre Protestant,Éducation & Formation,Tchaourou,+229 68 56 40 18,,,PME (10-50),B2C,CCIB Annuaire,,Actif,2026-06-29T00:15:34.327999,basse
BJ-0C5FBB7B,Université Liberté Tchaourou,Éducation & Formation,Tchaourou,+229 48 36 31 68,université.liberté.tchaourou@université.liberté.tchaourou.com,universitélibertétchaourou.bj,PME (50-200),B2C,CCIB Annuaire,,Actif,2026-06-29T00:15:34.328012,haute
BJ-F590C3ED,Apprentissage,Éducation & Formation,Tchaourou,+229 82 29 48 68,apprentissage@apprentissage.bj,apprentissage.bj,PME (10-50),B2B,CCIB Annuaire,,Actif,2026-06-29T00:15:34.328023,haute
BJ-228CB8DA,Centre Formation Institute,Éducation & Formation,Nikki,+229 91 68 62 67,centre.formation.institute@centre.formation.institute.org,centreformationinstitute.bj,PME (10-50),B2B,CCIB Annuaire,,Actif,2026-06-29T00:15:34.328068,haute
BJ-974EF100,Éducation University,Éducation & Formation,Nikki,+229 72 54 13 33,,éducationuniversity.bj,TPE (<10),B2B,CCIB Annuaire,,Actif,2026-06-29T00:15:34.328080,moyenne
BJ-F0C8FE84,Apprentissage Institute,Éducation & Formation,Bembéréké,+229 22 73 34 79,,apprentissageinstitute.bj,TPE (<10),B2B,CCIB Annuaire,,Actif,2026-06-29T00:15:34.328112,moyenne
BJ-A2B80B14,Centre Apprentissage Institute,Éducation & Formation,Bembéréké,+229 69 78 31 20,centre.apprentissage.institute@centre.apprentissage.institute.net,centreapprentissageinstitute.bj,TPE (<10),B2C,CCIB Annuaire,,Actif,2026-06-29T00:15:34.328151,haute
BJ-2DAC6C59,Excellence University,Éducation & Formation,Bembéréké,+229 23 12 38 47,excellence.university@excellence.university.com,excellenceuniversity.bj,TPE (<10),B2C,CCIB Annuaire,,Actif,2026-06-29T00:15:34.328162,haute
BJ-2A60BA3B,Lycée Privé Kalalé,Éducation & Formation,Kalalé,+229 37 12 37 61,lycée.privé.kalalé@lycée.privé.kalalé.net,lycéeprivékalalé.bj,PME (10-50),B2B,CCIB Annuaire,,Actif,2026-06-29T00:15:34.328181,haute
BJ-A3F0A241,École Public College,Éducation & Formation,Kalalé,+229 75 64 53 75,école.public.college@école.public.college.benin,écolepubliccollege.bj,TPE (<10),B2C,CCIB Annuaire,,Actif,2026-06-29T00:15:34.328193,haute
BJ-2172BB48,Formation Institute,Éducation & Formation,Kalalé,+229 26 12 57 35,formation.institute@formation.institute.bj,formationinstitute.bj,TPE (<10),B2C,CCIB Annuaire,,Actif,2026-06-29T00:15:34.328205,haute
BJ-5B94C7C6,Protestant Kalalé,Éducation & Formation,Kalalé,+229 54 42 64 24,protestant.kalalé@protestant.kalalé.org,protestantkalalé.bj,PME (10-50),B2B,CCIB Annuaire,,Actif,2026-06-29T00:15:34.328217,haute
BJ-C933F51D,Apprentissage Lycée,Éducation & Formation,Kalalé,+229 55 49 66 91,,apprentissagelycée.bj,TPE (<10),B2B,CCIB Annuaire,,Actif,2026-06-29T00:15:34.328231,moyenne
BJ-9BCFFF3A,Université Apprentissage École,Éducation & Formation,Ndali,+229 86 96 38 33,université.apprentissage.école@université.apprentissage.école.org,,TPE (<10),B2B,CCIB Annuaire,,Actif,2026-06-29T00:15:34.328248,moyenne
BJ-0233E6BC,École Connaissance School Ndali,Éducation & Formation,Ndali,+229 41 22 31 17,,écoleconnaissanceschoolndali.bj,PME (50-200),B2C,CCIB Annuaire,,Actif,2026-06-29T00:15:34.328263,moyenne
BJ-1494E473,Institut International,Éducation & Formation,Ndali,+229 85 51 48 85,institut.international@institut.international.net,,TPE (<10),B2B,CCIB Annuaire,,Actif,2026-06-29T00:15:34.328275,moyenne
BJ-4095274D,École Savoir,Éducation & Formation,Ndali,+229 21 75 86 27,école.savoir@école.savoir.bj,,PME (50-200),B2B,CCIB Annuaire,,Actif,2026-06-29T00:15:34.328286,moyenne
BJ-5B4ED805,Université Connaissance Bénin,Éducation & Formation,Ndali,+229 96 52 98 58,université.connaissance.bénin@université.connaissance.bénin.net,,PME (10-50),B2C,CCIB Annuaire,,Actif,2026-06-29T00:15:34.328298,moyenne
BJ-AB15EB1F,Académie Excellence,Éducation & Formation,Ségbana,+229 69 27 20 18,,,TPE (<10),B2C,CCIB Annuaire,,Actif,2026-06-29T00:15:34.328313,basse
BJ-8E13FD31,Académie Protestant University,Éducation & Formation,Ségbana,+229 95 59 13 26,académie.protestant.university@académie.protestant.university.org,académieprotestantuniversity.bj,TPE (<10),B2B,CCIB Annuaire,,Actif,2026-06-29T00:15:34.328330,haute
BJ-525A16DF,Éducation University,Éducation & Formation,Ségbana,+229 59 70 71 23,,éducationuniversity.bj,Grande (>200),B2C,CCIB Annuaire,,Actif,2026-06-29T00:15:34.328342,moyenne
BJ-6CC9C545,National Institute Tchaourou,Éducation & Formation,Tchaourou,+229 90 88 59 99,,nationalinstitutetchaourou.bj,PME (50-200),B2B,CCIB Annuaire,,Actif,2026-06-29T00:15:34.328394,moyenne
BJ-F4190867,Lycée Formation School,Éducation & Formation,Tchaourou,+229 82 41 65 47,lycée.formation.school@lycée.formation.school.com,,PME (50-200),B2C,CCIB Annuaire,,Actif,2026-06-29T00:15:34.328407,moyenne
BJ-28122557,Catholique Tchaourou,Éducation & Formation,Tchaourou,+229 81 38 20 48,catholique.tchaourou@catholique.tchaourou.com,catholiquetchaourou.bj,PME (10-50),B2C,CCIB Annuaire,,Actif,2026-06-29T00:15:34.328419,haute
BJ-28BD6FE2,Lycée Savoir Institute Tchaourou,Éducation & Formation,Tchaourou,+229 39 18 52 53,,lycéesavoirinstitutetchaourou.bj,PME (10-50),B2B,CCIB Annuaire,,Actif,2026-06-29T00:15:34.328430,moyenne
BJ-96ACE742,Centre Apprentissage,Éducation & Formation,Bétérou,+229 73 13 39 91,centre.apprentissage@centre.apprentissage.bj,centreapprentissage.bj,Grande (>200),B2B,CCIB Annuaire,,Actif,2026-06-29T00:15:34.328460,haute
BJ-FC94F0BA,Éducation,Éducation & Formation,Bétérou,+229 61 88 74 68,éducation@éducation.bj,,Grande (>200),B2B,CCIB Annuaire,,Actif,2026-06-29T00:15:34.328472,moyenne
BJ-F659B909,Institut Éducation Institute,Éducation & Formation,Bétérou,+229 75 93 12 64,institut.éducation.institute@institut.éducation.institute.com,institutéducationinstitute.bj,TPE (<10),B2C,CCIB Annuaire,,Actif,2026-06-29T00:15:34.328485,haute
BJ-9F46F7B0,Centre Formation,Éducation & Formation,Bétérou,+229 94 17 78 88,,centreformation.bj,PME (50-200),B2C,CCIB Annuaire,,Actif,2026-06-29T00:15:34.328496,moyenne
BJ-03269041,National Institute,Éducation & Formation,Ouessè,+229 32 76 17 78,national.institute@national.institute.net,nationalinstitute.bj,PME (50-200),B2B,CCIB Annuaire,,Actif,2026-06-29T00:15:34.328513,haute
BJ-7F90724A,Excellence University,Éducation & Formation,Ouessè,+229 79 43 37 85,excellence.university@excellence.university.org,excellenceuniversity.bj,TPE (<10),B2B,CCIB Annuaire,,Actif,2026-06-29T00:15:34.328531,haute
BJ-313346EF,Université Privé,Éducation & Formation,Ouessè,+229 68 90 65 96,université.privé@université.privé.com,universitéprivé.bj,PME (10-50),B2B,CCIB Annuaire,,Actif,2026-06-29T00:15:34.328544,haute
BJ-1A6DCF7B,Institut Formation,Éducation & Formation,Ouessè,+229 47 20 12 39,institut.formation@institut.formation.benin,institutformation.bj,PME (10-50),B2B,CCIB Annuaire,,Actif,2026-06-29T00:15:34.328556,haute
BJ-5116166B,Académie Public Academy,Éducation & Formation,Ouessè,+229 34 72 74 91,académie.public.academy@académie.public.academy.benin,académiepublicacademy.bj,TPE (<10),B2C,CCIB Annuaire,,Actif,2026-06-29T00:15:34.328568,haute
BJ-40F08305,Institut Excellence,Éducation & Formation,Glazoué,+229 98 98 54 13,institut.excellence@institut.excellence.benin,institutexcellence.bj,Grande (>200),B2C,CCIB Annuaire,,Actif,2026-06-29T00:15:34.328597,haute
BJ-35835CE6,National Lycée,Éducation & Formation,Glazoué,+229 59 86 26 15,national.lycée@national.lycée.net,nationallycée.bj,PME (50-200),B2B,CCIB Annuaire,,Actif,2026-06-29T00:15:34.328613,haute
BJ-A9B3020D,Académie Protestant,Éducation & Formation,Glazoué,+229 26 34 20 38,académie.protestant@académie.protestant.bj,,PME (10-50),B2C,CCIB Annuaire,,Actif,2026-06-29T00:15:34.328625,moyenne
BJ-CB53A7F5,Institut Formation College,Éducation & Formation,Glazoué,+229 63 75 71 92,institut.formation.college@institut.formation.college.com,institutformationcollege.bj,TPE (<10),B2B,CCIB Annuaire,,Actif,2026-06-29T00:15:34.328638,haute
BJ-9D05A9C9,Collège Catholique School Dassa-Zoumè,Éducation & Formation,Dassa-Zoumè,+229 79 99 95 50,collège.catholique.school.dassazoumè@collège.catholique.school.dassazoumè.bj,collègecatholiqueschooldassazoumè.bj,TPE (<10),B2C,CCIB Annuaire,,Actif,2026-06-29T00:15:34.328657,haute
BJ-62BB5A4E,Université National,Éducation & Formation,Dassa-Zoumè,+229 66 90 15 77,université.national@université.national.org,universiténational.bj,Grande (>200),B2B,CCIB Annuaire,,Actif,2026-06-29T00:15:34.328672,haute
BJ-332F3BB0,Institut Savoir Bénin,Éducation & Formation,Dassa-Zoumè,+229 94 81 36 26,,institutsavoirbénin.bj,PME (10-50),B2C,CCIB Annuaire,,Actif,2026-06-29T00:15:34.328696,moyenne
BJ-42AFC20A,Éducation,Éducation & Formation,Savalou,+229 47 78 87 69,éducation@éducation.bj,éducation.bj,TPE (<10),B2C,CCIB Annuaire,,Actif,2026-06-29T00:15:34.328736,haute
BJ-41E79B2D,Catholique École,Éducation & Formation,Savalou,+229 93 11 38 68,catholique.école@catholique.école.net,catholiqueécole.bj,TPE (<10),B2C,CCIB Annuaire,,Actif,2026-06-29T00:15:34.328747,haute
BJ-EAB98C08,Apprentissage University,Éducation & Formation,Savalou,+229 92 84 23 85,apprentissage.university@apprentissage.university.bj,apprentissageuniversity.bj,TPE (<10),B2C,CCIB Annuaire,,Actif,2026-06-29T00:15:34.328762,haute
BJ-20402E71,École Protestant Institute,Éducation & Formation,Savalou,+229 31 19 80 75,école.protestant.institute@école.protestant.institute.benin,,TPE (<10),B2C,CCIB Annuaire,,Actif,2026-06-29T00:15:34.328774,moyenne
BJ-75312336,Savoir,Éducation & Formation,Bantè,+229 50 94 58 13,savoir@savoir.com,savoir.bj,PME (50-200),B2B,CCIB Annuaire,,Actif,2026-06-29T00:15:34.328792,haute
BJ-34D65122,Connaissance Lycée,Éducation & Formation,Bantè,+229 94 14 32 26,connaissance.lycée@connaissance.lycée.benin,,PME (50-200),B2C,CCIB Annuaire,,Actif,2026-06-29T00:15:34.328807,moyenne
BJ-F216EB4C,Centre Apprentissage,Éducation & Formation,Bantè,+229 94 41 48 87,centre.apprentissage@centre.apprentissage.com,centreapprentissage.bj,PME (10-50),B2C,CCIB Annuaire,,Actif,2026-06-29T00:15:34.328820,haute
BJ-80BACF0B,Formation Bénin Bantè,Éducation & Formation,Bantè,+229 50 45 67 80,formation.bénin.bantè@formation.bénin.bantè.net,formationbéninbantè.bj,PME (10-50),B2C,CCIB Annuaire,,Actif,2026-06-29T00:15:34.328832,haute
BJ-4DCB2FE5,Savoir Lycée,Éducation & Formation,Bantè,+229 96 49 66 47,,savoirlycée.bj,PME (50-200),B2B,CCIB Annuaire,,Actif,2026-06-29T00:15:34.328843,moyenne
BJ-AEB5749A,Public Djougou,Éducation & Formation,Djougou,+229 28 95 47 51,public.djougou@public.djougou.com,publicdjougou.bj,PME (50-200),B2C,CCIB Annuaire,,Actif,2026-06-29T00:15:34.328865,haute
BJ-31B23DB4,Lycée Connaissance,Éducation & Formation,Djougou,+229 80 98 83 16,,,TPE (<10),B2B,CCIB Annuaire,,Actif,2026-06-29T00:15:34.328876,basse
BJ-076D4A8B,Excellence,Éducation & Formation,Djougou,+229 91 50 67 77,excellence@excellence.bj,,PME (10-50),B2B,CCIB Annuaire,,Actif,2026-06-29T00:15:34.328887,moyenne
BJ-4E8D51CE,Académie National Djougou,Éducation & Formation,Djougou,+229 49 38 45 84,académie.national.djougou@académie.national.djougou.benin,,PME (50-200),B2C,CCIB Annuaire,,Actif,2026-06-29T00:15:34.328909,moyenne
BJ-3F98755C,École Protestant University,Éducation & Formation,Djougou,+229 29 59 11 83,école.protestant.university@école.protestant.university.org,écoleprotestantuniversity.bj,PME (10-50),B2C,CCIB Annuaire,,Actif,2026-06-29T00:15:34.328922,haute
BJ-00389089,Institut Apprentissage,Éducation & Formation,Ouèssè,+229 40 63 85 23,institut.apprentissage@institut.apprentissage.com,institutapprentissage.bj,PME (10-50),B2B,CCIB Annuaire,,Actif,2026-06-29T00:15:34.328964,haute
BJ-7E99CD1A,Catholique Institute Ouèssè,Éducation & Formation,Ouèssè,+229 38 85 27 10,,catholiqueinstituteouèssè.bj,Grande (>200),B2C,CCIB Annuaire,,Actif,2026-06-29T00:15:34.328977,moyenne
BJ-00D0D00A,Lycée Connaissance École,Éducation & Formation,Ouèssè,+229 20 97 31 68,lycée.connaissance.école@lycée.connaissance.école.com,lycéeconnaissanceécole.bj,TPE (<10),B2B,CCIB Annuaire,,Actif,2026-06-29T00:15:34.328993,haute
BJ-4890E090,Collège Privé École,Éducation & Formation,Bassila,+229 35 14 81 45,collège.privé.école@collège.privé.école.benin,collègeprivéécole.bj,TPE (<10),B2C,CCIB Annuaire,,Actif,2026-06-29T00:15:34.329023,haute
BJ-8C45CC95,Protestant École,Éducation & Formation,Bassila,+229 86 52 60 77,protestant.école@protestant.école.benin,,PME (10-50),B2C,CCIB Annuaire,,Actif,2026-06-29T00:15:34.329034,moyenne
BJ-F7228A72,Collège Protestant,Éducation & Formation,Bassila,+229 78 72 12 37,collège.protestant@collège.protestant.benin,collègeprotestant.bj,PME (50-200),B2C,CCIB Annuaire,,Actif,2026-06-29T00:15:34.329050,haute
BJ-B7B6DB05,Apprentissage University,Éducation & Formation,Bassila,+229 26 17 38 83,apprentissage.university@apprentissage.university.com,,PME (10-50),B2C,CCIB Annuaire,,Actif,2026-06-29T00:15:34.329061,moyenne
BJ-FB7A7100,Institut Apprentissage Institute,Éducation & Formation,Bassila,+229 26 99 33 65,,institutapprentissageinstitute.bj,PME (50-200),B2B,CCIB Annuaire,,Actif,2026-06-29T00:15:34.329072,moyenne
BJ-223849DC,Excellence,Éducation & Formation,Pehunco,+229 60 22 30 44,excellence@excellence.benin,excellence.bj,TPE (<10),B2C,CCIB Annuaire,,Actif,2026-06-29T00:15:34.329090,haute
BJ-0E0D8CA1,Académie Catholique Bénin,Éducation & Formation,Pehunco,+229 76 53 71 89,,académiecatholiquebénin.bj,PME (10-50),B2B,CCIB Annuaire,,Actif,2026-06-29T00:15:34.329104,moyenne
BJ-6F2FA0BC,Développement Bénin,Éducation & Formation,Pehunco,+229 41 25 95 64,développement.bénin@développement.bénin.bj,développementbénin.bj,TPE (<10),B2C,CCIB Annuaire,,Actif,2026-06-29T00:15:34.329128,haute
BJ-B33F4801,Académie Apprentissage Copargo,Éducation & Formation,Copargo,+229 95 58 98 56,académie.apprentissage.copargo@académie.apprentissage.copargo.bj,académieapprentissagecopargo.bj,TPE (<10),B2B,CCIB Annuaire,,Actif,2026-06-29T00:15:34.329170,haute
BJ-0C7D4FBD,Apprentissage Lycée Copargo,Éducation & Formation,Copargo,+229 70 36 40 58,apprentissage.lycée.copargo@apprentissage.lycée.copargo.bj,apprentissagelycéecopargo.bj,PME (50-200),B2C,CCIB Annuaire,,Actif,2026-06-29T00:15:34.329182,haute
BJ-21BE54C9,Développement,Éducation & Formation,Copargo,+229 25 89 66 10,développement@développement.org,,PME (10-50),B2B,CCIB Annuaire,,Actif,2026-06-29T00:15:34.329206,moyenne
BJ-BD51E4D0,Cloud Network,Technologie & IT,Cotonou,+229 62 65 17 19,cloud.network@cloud.network.net,cloudnetwork.bj,TPE (<10),B2B,CCIB Annuaire,,Actif,2026-06-29T00:15:34.329224,haute
BJ-602A1781,Soft Security,Technologie & IT,Cotonou,+229 88 30 36 21,soft.security@soft.security.org,softsecurity.bj,TPE (<10),B2C,CCIB Annuaire,,Actif,2026-06-29T00:15:34.329239,haute
BJ-86242296,Smart Application Solutions,Technologie & IT,Cotonou,+229 74 75 96 70,,smartapplicationsolutions.bj,PME (10-50),B2B,CCIB Annuaire,,Actif,2026-06-29T00:15:34.329251,moyenne
BJ-1A326000,Intelligence,Technologie & IT,Cotonou,+229 31 69 56 98,intelligence@intelligence.org,intelligence.bj,PME (50-200),B2C,CCIB Annuaire,,Actif,2026-06-29T00:15:34.329282,haute
BJ-7CFE2C49,Système,Technologie & IT,Cotonou,+229 49 58 68 42,système@système.com,système.bj,PME (50-200),B2C,CCIB Annuaire,,Actif,2026-06-29T00:15:34.329296,haute
BJ-35D5356E,Soft Cyber,Technologie & IT,Abomey-Calavi,+229 36 24 77 48,soft.cyber@soft.cyber.bj,softcyber.bj,PME (10-50),B2B,CCIB Annuaire,,Actif,2026-06-29T00:15:34.329317,haute
BJ-F6567DAC,Smart Cloud,Technologie & IT,Abomey-Calavi,+229 50 52 90 43,smart.cloud@smart.cloud.benin,smartcloud.bj,PME (10-50),B2C,CCIB Annuaire,,Actif,2026-06-29T00:15:34.329365,haute
BJ-F99E9961,Application Porto-Novo,Technologie & IT,Porto-Novo,+229 92 34 23 53,application.portonovo@application.portonovo.org,applicationportonovo.bj,PME (10-50),B2B,CCIB Annuaire,,Actif,2026-06-29T00:15:34.329397,haute
BJ-30A5304E,Cyber Logiciel Digital Porto-Novo,Technologie & IT,Porto-Novo,+229 26 41 26 85,cyber.logiciel.digital.portonovo@cyber.logiciel.digital.portonovo.benin,cyberlogicieldigitalportonovo.bj,PME (10-50),B2C,CCIB Annuaire,,Actif,2026-06-29T00:15:34.329410,haute
BJ-92AFB91B,Digital Technologie,Technologie & IT,Porto-Novo,+229 54 72 74 47,digital.technologie@digital.technologie.net,digitaltechnologie.bj,TPE (<10),B2C,CCIB Annuaire,,Actif,2026-06-29T00:15:34.329422,haute
BJ-A92F96B6,Data Solution,Technologie & IT,Porto-Novo,+229 54 57 74 55,data.solution@data.solution.org,datasolution.bj,PME (50-200),B2C,CCIB Annuaire,,Actif,2026-06-29T00:15:34.329434,haute
BJ-2017C3AF,Cloud Application SARL Parakou,Technologie & IT,Parakou,+229 47 75 78 56,,cloudapplicationsarlparakou.bj,PME (50-200),B2B,CCIB Annuaire,,Actif,2026-06-29T00:15:34.329454,moyenne
BJ-34F25AA8,Cloud Digital,Technologie & IT,Parakou,+229 22 18 48 53,cloud.digital@cloud.digital.net,clouddigital.bj,TPE (<10),B2C,CCIB Annuaire,,Actif,2026-06-29T00:15:34.329481,haute
BJ-8621BD78,Smart Intelligence Solutions,Technologie & IT,Parakou,+229 85 92 19 64,smart.intelligence.solutions@smart.intelligence.solutions.com,smartintelligencesolutions.bj,TPE (<10),B2B,CCIB Annuaire,,Actif,2026-06-29T00:15:34.329493,haute
BJ-A27EBC0A,Smart Intelligence SARL,Technologie & IT,Parakou,+229 38 69 49 74,smart.intelligence.sarl@smart.intelligence.sarl.net,,TPE (<10),B2C,CCIB Annuaire,,Actif,2026-06-29T00:15:34.329504,moyenne
BJ-37EE66C8,Tech Mobile Digital,Technologie & IT,Bohicon,+229 46 41 24 51,tech.mobile.digital@tech.mobile.digital.bj,techmobiledigital.bj,PME (10-50),B2B,CCIB Annuaire,,Actif,2026-06-29T00:15:34.329522,haute
BJ-410B7E94,Smart Digital Tech,Technologie & IT,Bohicon,+229 46 65 23 27,smart.digital.tech@smart.digital.tech.bj,smartdigitaltech.bj,PME (50-200),B2C,CCIB Annuaire,,Actif,2026-06-29T00:15:34.329537,haute
BJ-147D973D,Informatique,Technologie & IT,Bohicon,+229 56 42 14 63,informatique@informatique.benin,informatique.bj,PME (50-200),B2C,CCIB Annuaire,,Actif,2026-06-29T00:15:34.329561,haute
BJ-B64A49C8,Data Technologie Systems,Technologie & IT,Natitingou,+229 57 20 37 58,data.technologie.systems@data.technologie.systems.org,datatechnologiesystems.bj,PME (50-200),B2C,CCIB Annuaire,,Actif,2026-06-29T00:15:34.329591,haute
BJ-2CDF3A18,Informatique Bénin,Technologie & IT,Natitingou,+229 38 75 21 70,informatique.bénin@informatique.bénin.benin,informatiquebénin.bj,TPE (<10),B2C,CCIB Annuaire,,Actif,2026-06-29T00:15:34.329628,haute
BJ-A8C5DDB6,Soft Digital,Technologie & IT,Natitingou,+229 47 62 12 43,soft.digital@soft.digital.org,softdigital.bj,TPE (<10),B2B,CCIB Annuaire,,Actif,2026-06-29T00:15:34.329651,haute
BJ-6DF382DC,Data Développement,Technologie & IT,Lokossa,+229 67 88 39 89,data.développement@data.développement.bj,datadéveloppement.bj,TPE (<10),B2C,CCIB Annuaire,,Actif,2026-06-29T00:15:34.329672,haute
BJ-6660A12A,Smart Intelligence Solutions,Technologie & IT,Lokossa,+229 65 38 12 23,smart.intelligence.solutions@smart.intelligence.solutions.net,smartintelligencesolutions.bj,PME (50-200),B2B,CCIB Annuaire,,Actif,2026-06-29T00:15:34.329687,haute
BJ-7D289DBD,Cyber,Technologie & IT,Lokossa,+229 70 61 20 71,cyber@cyber.net,cyber.bj,PME (10-50),B2B,CCIB Annuaire,,Actif,2026-06-29T00:15:34.329701,haute
BJ-D97AEED3,Net Digital,Technologie & IT,Lokossa,+229 45 26 40 18,net.digital@net.digital.net,netdigital.bj,TPE (<10),B2B,CCIB Annuaire,,Actif,2026-06-29T00:15:34.329744,haute
BJ-75564E71,Soft Technologie Digital,Technologie & IT,Ouidah,+229 51 30 78 94,soft.technologie.digital@soft.technologie.digital.org,softtechnologiedigital.bj,PME (10-50),B2B,CCIB Annuaire,,Actif,2026-06-29T00:15:34.329787,haute
BJ-3FE22B7F,Application Digital,Technologie & IT,Ouidah,+229 39 26 94 84,,applicationdigital.bj,PME (50-200),B2C,CCIB Annuaire,,Actif,2026-06-29T00:15:34.329818,moyenne
BJ-13376EAF,Cloud Mobile,Technologie & IT,Ouidah,+229 81 10 86 88,cloud.mobile@cloud.mobile.benin,,PME (50-200),B2B,CCIB Annuaire,,Actif,2026-06-29T00:15:34.329915,moyenne
BJ-C2B08F66,Tech Développement,Technologie & IT,Ouidah,+229 85 71 41 25,tech.développement@tech.développement.com,techdéveloppement.bj,PME (10-50),B2B,CCIB Annuaire,,Actif,2026-06-29T00:15:34.329950,haute
BJ-8834E9AC,Cloud Network,Technologie & IT,Savalou,+229 21 52 21 10,cloud.network@cloud.network.net,cloudnetwork.bj,TPE (<10),B2B,CCIB Annuaire,,Actif,2026-06-29T00:15:34.329987,haute
BJ-54817792,Cloud Application Systems,Technologie & IT,Savalou,+229 73 96 20 21,cloud.application.systems@cloud.application.systems.benin,,PME (10-50),B2C,CCIB Annuaire,,Actif,2026-06-29T00:15:34.330030,moyenne
BJ-304FFDE1,Cyber Cyber Tech,Technologie & IT,Savalou,+229 63 10 83 88,cyber.cyber.tech@cyber.cyber.tech.net,cybercybertech.bj,TPE (<10),B2B,CCIB Annuaire,,Actif,2026-06-29T00:15:34.330057,haute
BJ-F36AACD9,Security Solutions,Technologie & IT,Savalou,+229 54 63 77 97,security.solutions@security.solutions.org,securitysolutions.bj,PME (50-200),B2B,CCIB Annuaire,,Actif,2026-06-29T00:15:34.330082,haute
BJ-76A08E6B,AI,Technologie & IT,Savalou,+229 82 85 97 55,ai@ai.benin,ai.bj,PME (50-200),B2B,CCIB Annuaire,,Actif,2026-06-29T00:15:34.330108,haute
BJ-B648744B,Cloud Data,Technologie & IT,Dassa-Zoumè,+229 58 49 23 27,cloud.data@cloud.data.org,clouddata.bj,PME (10-50),B2C,CCIB Annuaire,,Actif,2026-06-29T00:15:34.330173,haute
BJ-5422956A,Application International,Technologie & IT,Dassa-Zoumè,+229 58 41 60 40,application.international@application.international.com,applicationinternational.bj,PME (50-200),B2C,CCIB Annuaire,,Actif,2026-06-29T00:15:34.330216,haute
BJ-36B399A4,Intelligence,Technologie & IT,Kétou,+229 43 19 98 13,intelligence@intelligence.bj,intelligence.bj,PME (10-50),B2C,CCIB Annuaire,,Actif,2026-06-29T00:15:34.330249,haute
BJ-45551C08,Web Bénin,Technologie & IT,Kétou,+229 75 20 92 50,web.bénin@web.bénin.bj,webbénin.bj,PME (50-200),B2B,CCIB Annuaire,,Actif,2026-06-29T00:15:34.330267,haute
BJ-C349805E,Logiciel,Technologie & IT,Kétou,+229 63 60 25 94,logiciel@logiciel.net,logiciel.bj,TPE (<10),B2B,CCIB Annuaire,,Actif,2026-06-29T00:15:34.330279,haute
BJ-D9E28D21,Cloud Mobile Digital,Technologie & IT,Kétou,+229 34 28 15 92,cloud.mobile.digital@cloud.mobile.digital.bj,cloudmobiledigital.bj,PME (10-50),B2C,CCIB Annuaire,,Actif,2026-06-29T00:15:34.330292,haute
BJ-A7133B02,Digital Solution Bénin,Technologie & IT,Kétou,+229 81 58 14 65,digital.solution.bénin@digital.solution.bénin.benin,digitalsolutionbénin.bj,PME (50-200),B2B,CCIB Annuaire,,Actif,2026-06-29T00:15:34.330304,haute
BJ-9DE798DB,Data Développement Africa Covè,Technologie & IT,Covè,+229 61 91 62 14,data.développement.africa.covè@data.développement.africa.covè.bj,datadéveloppementafricacovè.bj,Grande (>200),B2C,CCIB Annuaire,,Actif,2026-06-29T00:15:34.330324,haute
BJ-AED824F0,Net Data Africa,Technologie & IT,Covè,+229 46 99 13 33,net.data.africa@net.data.africa.com,netdataafrica.bj,PME (50-200),B2B,CCIB Annuaire,,Actif,2026-06-29T00:15:34.330338,haute
BJ-0441E6B7,Smart Développement,Technologie & IT,Covè,+229 20 69 67 53,smart.développement@smart.développement.com,smartdéveloppement.bj,PME (10-50),B2B,CCIB Annuaire,,Actif,2026-06-29T00:15:34.330354,haute
BJ-62EF97A0,Smart Cyber,Technologie & IT,Covè,+229 81 55 47 24,smart.cyber@smart.cyber.com,smartcyber.bj,Grande (>200),B2B,CCIB Annuaire,,Actif,2026-06-29T00:15:34.330366,haute
BJ-362DA1FE,Tech Informatique Soft Covè,Technologie & IT,Covè,+229 47 44 10 43,tech.informatique.soft.covè@tech.informatique.soft.covè.com,techinformatiquesoftcovè.bj,Grande (>200),B2C,CCIB Annuaire,,Actif,2026-06-29T00:15:34.330380,haute
BJ-3025CE47,Smart Solution Pobè,Technologie & IT,Pobè,+229 30 69 58 64,smart.solution.pobè@smart.solution.pobè.net,smartsolutionpobè.bj,PME (50-200),B2C,CCIB Annuaire,,Actif,2026-06-29T00:15:34.330398,haute
BJ-EB400FD8,Cloud Data,Technologie & IT,Pobè,+229 74 24 11 37,cloud.data@cloud.data.benin,clouddata.bj,Grande (>200),B2C,CCIB Annuaire,,Actif,2026-06-29T00:15:34.330416,haute
BJ-E9E7A31F,Tech Système Bénin,Technologie & IT,Pobè,+229 29 17 68 35,tech.système.bénin@tech.système.bénin.benin,techsystèmebénin.bj,Grande (>200),B2C,CCIB Annuaire,,Actif,2026-06-29T00:15:34.330429,haute
BJ-2E2F9BE8,Digital Développement Bénin,Technologie & IT,Pobè,+229 38 55 12 45,digital.développement.bénin@digital.développement.bénin.benin,digitaldéveloppementbénin.bj,PME (50-200),B2C,CCIB Annuaire,,Actif,2026-06-29T00:15:34.330442,haute
BJ-05AA3443,Système International Pobè,Technologie & IT,Pobè,+229 73 19 46 62,système.international.pobè@système.international.pobè.org,systèmeinternationalpobè.bj,TPE (<10),B2B,CCIB Annuaire,,Actif,2026-06-29T00:15:34.330455,haute
BJ-36079282,Net Cloud Sakété,Technologie & IT,Sakété,+229 44 29 58 48,net.cloud.sakété@net.cloud.sakété.benin,netcloudsakété.bj,PME (10-50),B2B,CCIB Annuaire,,Actif,2026-06-29T00:15:34.330473,haute
BJ-1F5CC1A8,Solution Bénin,Technologie & IT,Sakété,+229 71 71 34 44,solution.bénin@solution.bénin.bj,solutionbénin.bj,TPE (<10),B2B,CCIB Annuaire,,Actif,2026-06-29T00:15:34.330486,haute
BJ-368CB57A,Network Tech,Technologie & IT,Sakété,+229 97 68 11 70,network.tech@network.tech.benin,networktech.bj,PME (10-50),B2C,CCIB Annuaire,,Actif,2026-06-29T00:15:34.330497,haute
BJ-9652C710,Cyber Africa,Technologie & IT,Sakété,+229 44 55 90 45,cyber.africa@cyber.africa.benin,cyberafrica.bj,PME (50-200),B2B,CCIB Annuaire,,Actif,2026-06-29T00:15:34.330509,haute
BJ-3E7A2353,Intelligence Soft,Technologie & IT,Sakété,+229 88 78 26 34,intelligence.soft@intelligence.soft.net,intelligencesoft.bj,TPE (<10),B2B,CCIB Annuaire,,Actif,2026-06-29T00:15:34.330520,haute
BJ-A511A599,Digital Security Adjara,Technologie & IT,Adjara,+229 27 62 92 21,,digitalsecurityadjara.bj,PME (50-200),B2B,CCIB Annuaire,,Actif,2026-06-29T00:15:34.330553,moyenne
BJ-CD6CEA90,Net Digital Bénin,Technologie & IT,Adjara,+229 45 18 98 96,net.digital.bénin@net.digital.bénin.com,netdigitalbénin.bj,TPE (<10),B2B,CCIB Annuaire,,Actif,2026-06-29T00:15:34.330566,haute
BJ-EE3401A9,Smart Technologie Systems,Technologie & IT,Adjara,+229 65 94 81 62,smart.technologie.systems@smart.technologie.systems.bj,smarttechnologiesystems.bj,TPE (<10),B2B,CCIB Annuaire,,Actif,2026-06-29T00:15:34.330578,haute
BJ-70882E15,Solution,Technologie & IT,Adjara,+229 62 97 88 84,solution@solution.benin,,TPE (<10),B2B,CCIB Annuaire,,Actif,2026-06-29T00:15:34.330589,moyenne
BJ-779389AF,Informatique International Allada,Technologie & IT,Allada,+229 73 34 57 28,informatique.international.allada@informatique.international.allada.bj,informatiqueinternationalallada.bj,TPE (<10),B2C,CCIB Annuaire,,Actif,2026-06-29T00:15:34.330607,haute
BJ-AA820D5E,Data Security,Technologie & IT,Allada,+229 80 77 40 69,data.security@data.security.benin,datasecurity.bj,Grande (>200),B2C,CCIB Annuaire,,Actif,2026-06-29T00:15:34.330636,haute
BJ-57B76EF2,Net Application,Technologie & IT,Allada,+229 43 61 82 63,net.application@net.application.com,netapplication.bj,Grande (>200),B2C,CCIB Annuaire,,Actif,2026-06-29T00:15:34.330652,haute
BJ-F2827619,Tech Network Bénin Allada,Technologie & IT,Allada,+229 29 34 49 79,tech.network.bénin.allada@tech.network.bénin.allada.org,technetworkbéninallada.bj,Grande (>200),B2B,CCIB Annuaire,,Actif,2026-06-29T00:15:34.330665,haute
BJ-1944D1FC,Cloud Système,Technologie & IT,Aplahoué,+229 51 82 17 95,cloud.système@cloud.système.com,cloudsystème.bj,PME (50-200),B2C,CCIB Annuaire,,Actif,2026-06-29T00:15:34.330684,haute
BJ-BD6EF0D8,Web Soft,Technologie & IT,Aplahoué,+229 97 61 64 60,web.soft@web.soft.bj,websoft.bj,TPE (<10),B2B,CCIB Annuaire,,Actif,2026-06-29T00:15:34.330699,haute
BJ-C1C8AECA,Data Informatique,Technologie & IT,Aplahoué,+229 46 64 85 57,data.informatique@data.informatique.org,datainformatique.bj,PME (50-200),B2C,CCIB Annuaire,,Actif,2026-06-29T00:15:34.330711,haute
BJ-A9805DAC,Digital Network Bénin,Technologie & IT,Aplahoué,+229 71 60 77 74,digital.network.bénin@digital.network.bénin.bj,digitalnetworkbénin.bj,PME (10-50),B2B,CCIB Annuaire,,Actif,2026-06-29T00:15:34.330724,haute
BJ-BB1A2C4A,Développement,Technologie & IT,Aplahoué,+229 95 90 20 32,développement@développement.benin,développement.bj,PME (10-50),B2C,CCIB Annuaire,,Actif,2026-06-29T00:15:34.330736,haute
BJ-21F48A4C,Soft Application Dogbo-Tota,Technologie & IT,Dogbo-Tota,+229 53 75 67 63,soft.application.dogbotota@soft.application.dogbotota.org,softapplicationdogbotota.bj,TPE (<10),B2B,CCIB Annuaire,,Actif,2026-06-29T00:15:34.330754,haute
BJ-800E1A1A,Digital Système International,Technologie & IT,Dogbo-Tota,+229 65 62 57 18,digital.système.international@digital.système.international.bj,,PME (50-200),B2C,CCIB Annuaire,,Actif,2026-06-29T00:15:34.330766,moyenne
BJ-038D3E14,Intelligence SARL Dogbo-Tota,Technologie & IT,Dogbo-Tota,+229 64 69 68 99,intelligence.sarl.dogbotota@intelligence.sarl.dogbotota.net,intelligencesarldogbotota.bj,Grande (>200),B2B,CCIB Annuaire,,Actif,2026-06-29T00:15:34.330778,haute
BJ-5EFEE3BD,Digital Mobile Solutions,Technologie & IT,Dogbo-Tota,+229 38 98 77 57,digital.mobile.solutions@digital.mobile.solutions.net,digitalmobilesolutions.bj,TPE (<10),B2B,CCIB Annuaire,,Actif,2026-06-29T00:15:34.330790,haute
BJ-E887490D,Cyber Informatique Tech,Technologie & IT,Dogbo-Tota,+229 83 44 39 63,cyber.informatique.tech@cyber.informatique.tech.com,cyberinformatiquetech.bj,PME (50-200),B2B,CCIB Annuaire,,Actif,2026-06-29T00:15:34.330801,haute
BJ-E819A334,Soft Développement SARL Kpomassè,Technologie & IT,Kpomassè,+229 83 65 40 80,soft.développement.sarl.kpomassè@soft.développement.sarl.kpomassè.bj,softdéveloppementsarlkpomassè.bj,PME (10-50),B2C,CCIB Annuaire,,Actif,2026-06-29T00:15:34.330837,haute
BJ-4F8BB4F1,Cloud Network,Technologie & IT,Kpomassè,+229 71 77 29 21,cloud.network@cloud.network.com,cloudnetwork.bj,PME (10-50),B2C,CCIB Annuaire,,Actif,2026-06-29T00:15:34.330864,haute
BJ-9932F1F1,Smart Application,Technologie & IT,Kpomassè,+229 93 10 34 64,smart.application@smart.application.com,,TPE (<10),B2C,CCIB Annuaire,,Actif,2026-06-29T00:15:34.330875,moyenne
BJ-3C386F55,Tech Application,Technologie & IT,Tori-Bossito,+229 60 58 71 34,tech.application@tech.application.org,techapplication.bj,PME (50-200),B2C,CCIB Annuaire,,Actif,2026-06-29T00:15:34.330921,haute
BJ-96116E3B,Intelligence Solutions Tori-Bossito,Technologie & IT,Tori-Bossito,+229 48 86 69 22,intelligence.solutions.toribossito@intelligence.solutions.toribossito.org,intelligencesolutionstoribossito.bj,PME (50-200),B2C,CCIB Annuaire,,Actif,2026-06-29T00:15:34.330937,haute
BJ-CA9DAFB3,Intelligence,Technologie & IT,Tori-Bossito,+229 48 20 31 51,intelligence@intelligence.com,intelligence.bj,PME (50-200),B2C,CCIB Annuaire,,Actif,2026-06-29T00:15:34.330964,haute
BJ-9AC6FBCB,Digital Développement Tech,Technologie & IT,Tori-Bossito,+229 49 46 16 62,digital.développement.tech@digital.développement.tech.net,digitaldéveloppementtech.bj,PME (50-200),B2B,CCIB Annuaire,,Actif,2026-06-29T00:15:34.330977,haute
BJ-45DC1ADA,Web Soft,Technologie & IT,Tori-Bossito,+229 98 62 93 45,web.soft@web.soft.bj,websoft.bj,PME (10-50),B2C,CCIB Annuaire,,Actif,2026-06-29T00:15:34.330988,haute
BJ-824A149D,Net Cloud Grand-Popo,Technologie & IT,Grand-Popo,+229 87 82 27 70,net.cloud.grandpopo@net.cloud.grandpopo.com,netcloudgrandpopo.bj,PME (10-50),B2B,CCIB Annuaire,,Actif,2026-06-29T00:15:34.331007,haute
BJ-5AD9AB98,Intelligence,Technologie & IT,Grand-Popo,+229 62 93 43 87,intelligence@intelligence.net,intelligence.bj,TPE (<10),B2C,CCIB Annuaire,,Actif,2026-06-29T00:15:34.331022,haute
BJ-9C1F4760,Tech Système Soft,Technologie & IT,Grand-Popo,+229 50 86 68 85,tech.système.soft@tech.système.soft.benin,techsystèmesoft.bj,TPE (<10),B2C,CCIB Annuaire,,Actif,2026-06-29T00:15:34.331037,haute
BJ-FCCFD1F5,Cloud Intelligence Systems Grand-Popo,Technologie & IT,Grand-Popo,+229 49 26 26 90,cloud.intelligence.systems.grandpopo@cloud.intelligence.systems.grandpopo.org,cloudintelligencesystemsgrandpopo.bj,PME (10-50),B2C,CCIB Annuaire,,Actif,2026-06-29T00:15:34.331061,haute
BJ-F01861C2,Cloud Solution International Athiémé,Technologie & IT,Athiémé,+229 57 44 25 67,cloud.solution.international.athiémé@cloud.solution.international.athiémé.bj,cloudsolutioninternationalathiémé.bj,PME (10-50),B2C,CCIB Annuaire,,Actif,2026-06-29T00:15:34.331080,haute
BJ-D8DFFE59,Soft Application Tech,Technologie & IT,Athiémé,+229 59 96 23 21,soft.application.tech@soft.application.tech.com,softapplicationtech.bj,PME (50-200),B2C,CCIB Annuaire,,Actif,2026-06-29T00:15:34.331092,haute
BJ-DA0AD0EF,Tech Application Digital Athiémé,Technologie & IT,Athiémé,+229 29 74 94 46,tech.application.digital.athiémé@tech.application.digital.athiémé.org,techapplicationdigitalathiémé.bj,PME (10-50),B2C,CCIB Annuaire,,Actif,2026-06-29T00:15:34.331105,haute
BJ-60008F21,Solution International,Technologie & IT,Athiémé,+229 23 46 87 88,solution.international@solution.international.org,solutioninternational.bj,PME (10-50),B2C,CCIB Annuaire,,Actif,2026-06-29T00:15:34.331119,haute
BJ-233827FF,Soft Développement,Technologie & IT,Athiémé,+229 22 70 81 40,soft.développement@soft.développement.com,softdéveloppement.bj,PME (10-50),B2C,CCIB Annuaire,,Actif,2026-06-29T00:15:34.331131,haute
BJ-1C368C6D,Logiciel SARL,Technologie & IT,Bopa,+229 52 22 83 92,,logicielsarl.bj,PME (10-50),B2C,CCIB Annuaire,,Actif,2026-06-29T00:15:34.331148,moyenne
BJ-5CCE1638,Data Cloud,Technologie & IT,Bopa,+229 26 27 65 18,data.cloud@data.cloud.benin,datacloud.bj,TPE (<10),B2C,CCIB Annuaire,,Actif,2026-06-29T00:15:34.331162,haute
BJ-1D79C71C,Network,Technologie & IT,Bopa,+229 23 23 11 55,,network.bj,PME (10-50),B2C,CCIB Annuaire,,Actif,2026-06-29T00:15:34.331174,moyenne
BJ-CCD99D80,Cyber Système,Technologie & IT,Bopa,+229 36 37 28 94,cyber.système@cyber.système.net,cybersystème.bj,TPE (<10),B2B,CCIB Annuaire,,Actif,2026-06-29T00:15:34.331187,haute
BJ-71BAE011,Smart Solution Soft Bopa,Technologie & IT,Bopa,+229 43 12 75 72,smart.solution.soft.bopa@smart.solution.soft.bopa.net,smartsolutionsoftbopa.bj,Grande (>200),B2B,CCIB Annuaire,,Actif,2026-06-29T00:15:34.331198,haute
BJ-6BC5AF60,Tech Cloud,Technologie & IT,Houéyogbé,+229 82 87 80 25,tech.cloud@tech.cloud.bj,techcloud.bj,PME (10-50),B2C,CCIB Annuaire,,Actif,2026-06-29T00:15:34.331222,haute
BJ-3202E725,Cyber Data,Technologie & IT,Houéyogbé,+229 90 42 40 22,cyber.data@cyber.data.org,cyberdata.bj,TPE (<10),B2C,CCIB Annuaire,,Actif,2026-06-29T00:15:34.331248,haute
BJ-BDA23FAD,Digital Tech,Technologie & IT,Houéyogbé,+229 90 81 16 50,,digitaltech.bj,PME (50-200),B2C,CCIB Annuaire,,Actif,2026-06-29T00:15:34.331259,moyenne
BJ-96542754,Système Solutions,Technologie & IT,Houéyogbé,+229 98 56 75 45,système.solutions@système.solutions.org,systèmesolutions.bj,PME (50-200),B2C,CCIB Annuaire,,Actif,2026-06-29T00:15:34.331272,haute
BJ-C6F95B20,Digital Bénin,Technologie & IT,Malanville,+229 59 36 75 96,digital.bénin@digital.bénin.benin,digitalbénin.bj,PME (50-200),B2C,CCIB Annuaire,,Actif,2026-06-29T00:15:34.331289,haute
BJ-59E8A44A,Technologie Tech,Technologie & IT,Malanville,+229 59 80 50 12,technologie.tech@technologie.tech.bj,technologietech.bj,PME (50-200),B2C,CCIB Annuaire,,Actif,2026-06-29T00:15:34.331303,haute
BJ-8C357679,Logiciel Solutions,Technologie & IT,Malanville,+229 90 97 83 52,logiciel.solutions@logiciel.solutions.bj,logicielsolutions.bj,PME (10-50),B2C,CCIB Annuaire,,Actif,2026-06-29T00:15:34.331315,haute
BJ-76F39FF9,Tech AI,Technologie & IT,Malanville,+229 44 94 82 22,tech.ai@tech.ai.bj,techai.bj,TPE (<10),B2C,CCIB Annuaire,,Actif,2026-06-29T00:15:34.331330,haute
BJ-EF67CAA1,AI Malanville,Technologie & IT,Malanville,+229 23 63 24 64,ai.malanville@ai.malanville.benin,aimalanville.bj,PME (10-50),B2B,CCIB Annuaire,,Actif,2026-06-29T00:15:34.331343,haute
BJ-8A6306BE,Data Kandi,Technologie & IT,Kandi,+229 45 26 98 86,data.kandi@data.kandi.bj,datakandi.bj,PME (10-50),B2C,CCIB Annuaire,,Actif,2026-06-29T00:15:34.331360,haute
BJ-EFC5CF2B,Smart Cyber Kandi,Technologie & IT,Kandi,+229 88 51 20 39,smart.cyber.kandi@smart.cyber.kandi.com,smartcyberkandi.bj,Grande (>200),B2C,CCIB Annuaire,,Actif,2026-06-29T00:15:34.331408,haute
BJ-24523905,Net Technologie,Technologie & IT,Kandi,+229 38 67 24 94,net.technologie@net.technologie.com,nettechnologie.bj,Grande (>200),B2C,CCIB Annuaire,,Actif,2026-06-29T00:15:34.331448,haute
BJ-0644085B,Web Tech Kandi,Technologie & IT,Kandi,+229 86 44 41 23,web.tech.kandi@web.tech.kandi.bj,webtechkandi.bj,TPE (<10),B2C,CCIB Annuaire,,Actif,2026-06-29T00:15:34.331481,haute
BJ-7B5D6E88,Digital Security,Technologie & IT,Banikoara,+229 61 28 70 28,digital.security@digital.security.benin,digitalsecurity.bj,PME (10-50),B2B,CCIB Annuaire,,Actif,2026-06-29T00:15:34.331513,haute
BJ-F30980A7,Net Web,Technologie & IT,Banikoara,+229 56 70 25 41,net.web@net.web.org,netweb.bj,PME (10-50),B2C,CCIB Annuaire,,Actif,2026-06-29T00:15:34.331544,haute
BJ-22CA9B59,Smart AI Solutions Banikoara,Technologie & IT,Banikoara,+229 34 11 93 40,smart.ai.solutions.banikoara@smart.ai.solutions.banikoara.net,smartaisolutionsbanikoara.bj,PME (50-200),B2B,CCIB Annuaire,,Actif,2026-06-29T00:15:34.331563,haute
BJ-8350035A,Smart Cloud Tech,Technologie & IT,Banikoara,+229 51 39 24 34,smart.cloud.tech@smart.cloud.tech.com,smartcloudtech.bj,PME (50-200),B2B,CCIB Annuaire,,Actif,2026-06-29T00:15:34.331593,haute
BJ-A27944DD,Data Cyber Ségbana,Technologie & IT,Ségbana,+229 87 75 67 17,data.cyber.ségbana@data.cyber.ségbana.com,datacyberségbana.bj,PME (50-200),B2B,CCIB Annuaire,,Actif,2026-06-29T00:15:34.331633,haute
BJ-2FA24FCA,Développement Ségbana,Technologie & IT,Ségbana,+229 98 22 38 38,développement.ségbana@développement.ségbana.bj,développementségbana.bj,TPE (<10),B2C,CCIB Annuaire,,Actif,2026-06-29T00:15:34.331657,haute
BJ-0FCA9815,Cloud Tech Ségbana,Technologie & IT,Ségbana,+229 39 66 42 70,cloud.tech.ségbana@cloud.tech.ségbana.com,,TPE (<10),B2B,CCIB Annuaire,,Actif,2026-06-29T00:15:34.331691,moyenne
BJ-7AE33C93,Digital Security,Technologie & IT,Ségbana,+229 82 12 35 88,digital.security@digital.security.org,digitalsecurity.bj,PME (10-50),B2C,CCIB Annuaire,,Actif,2026-06-29T00:15:34.331747,haute
BJ-F474CA9B,Data Bénin Karimama,Technologie & IT,Karimama,+229 85 51 36 90,data.bénin.karimama@data.bénin.karimama.org,databéninkarimama.bj,PME (50-200),B2C,CCIB Annuaire,,Actif,2026-06-29T00:15:34.331785,haute
BJ-8B71CAC9,Cloud Intelligence International,Technologie & IT,Karimama,+229 39 25 38 22,cloud.intelligence.international@cloud.intelligence.international.bj,cloudintelligenceinternational.bj,TPE (<10),B2C,CCIB Annuaire,,Actif,2026-06-29T00:15:34.331817,haute
BJ-613E0152,Tech Développement,Technologie & IT,Karimama,+229 24 56 72 98,,techdéveloppement.bj,TPE (<10),B2C,CCIB Annuaire,,Actif,2026-06-29T00:15:34.331844,moyenne
BJ-B9955837,Digital Informatique Africa,Technologie & IT,Karimama,+229 25 38 83 70,,digitalinformatiqueafrica.bj,PME (10-50),B2C,CCIB Annuaire,,Actif,2026-06-29T00:15:34.331870,moyenne
BJ-A1C17459,Système,Technologie & IT,Karimama,+229 72 63 21 65,,système.bj,TPE (<10),B2B,CCIB Annuaire,,Actif,2026-06-29T00:15:34.331909,moyenne
BJ-EF4A5903,Cloud Africa,Technologie & IT,Gogounou,+229 47 57 87 59,cloud.africa@cloud.africa.com,cloudafrica.bj,TPE (<10),B2C,CCIB Annuaire,,Actif,2026-06-29T00:15:34.331948,haute
BJ-003E6C78,Cloud Digital,Technologie & IT,Gogounou,+229 64 34 86 60,cloud.digital@cloud.digital.org,clouddigital.bj,PME (10-50),B2C,CCIB Annuaire,,Actif,2026-06-29T00:15:34.331976,haute
BJ-472338C7,Soft Logiciel International Gogounou,Technologie & IT,Gogounou,+229 22 64 94 74,soft.logiciel.international.gogounou@soft.logiciel.international.gogounou.org,softlogicielinternationalgogounou.bj,PME (50-200),B2B,CCIB Annuaire,,Actif,2026-06-29T00:15:34.332041,haute
BJ-95A01563,Data Technologie,Technologie & IT,Gogounou,+229 27 39 55 43,data.technologie@data.technologie.net,datatechnologie.bj,PME (50-200),B2B,CCIB Annuaire,,Actif,2026-06-29T00:15:34.332064,haute
BJ-D0206453,Système Digital,Technologie & IT,Cobly,+229 60 30 11 92,système.digital@système.digital.org,systèmedigital.bj,TPE (<10),B2C,CCIB Annuaire,,Actif,2026-06-29T00:15:34.332101,haute
BJ-187DB56B,Data Security,Technologie & IT,Cobly,+229 57 29 54 75,data.security@data.security.net,datasecurity.bj,Grande (>200),B2B,CCIB Annuaire,,Actif,2026-06-29T00:15:34.332133,haute
BJ-22471706,Web,Technologie & IT,Cobly,+229 90 97 69 19,web@web.org,web.bj,TPE (<10),B2B,CCIB Annuaire,,Actif,2026-06-29T00:15:34.332159,haute
BJ-9930F242,Smart AI Soft,Technologie & IT,Cobly,+229 78 53 60 64,smart.ai.soft@smart.ai.soft.com,smartaisoft.bj,TPE (<10),B2C,CCIB Annuaire,,Actif,2026-06-29T00:15:34.332186,haute
BJ-5D7A7429,Smart Web,Technologie & IT,Cobly,+229 70 64 10 37,smart.web@smart.web.com,smartweb.bj,TPE (<10),B2B,CCIB Annuaire,,Actif,2026-06-29T00:15:34.332215,haute
BJ-5BE56BD0,Technologie,Technologie & IT,Tanguiéta,+229 64 37 62 74,technologie@technologie.benin,technologie.bj,PME (10-50),B2B,CCIB Annuaire,,Actif,2026-06-29T00:15:34.332257,haute
BJ-EA810C40,Smart Network,Technologie & IT,Tanguiéta,+229 77 38 10 26,smart.network@smart.network.org,smartnetwork.bj,PME (50-200),B2C,CCIB Annuaire,,Actif,2026-06-29T00:15:34.332287,haute
BJ-D71F3B35,Smart Technologie Digital,Technologie & IT,Tanguiéta,+229 85 88 85 41,smart.technologie.digital@smart.technologie.digital.bj,smarttechnologiedigital.bj,PME (50-200),B2C,CCIB Annuaire,,Actif,2026-06-29T00:15:34.332374,haute
BJ-88B602FA,Data Digital,Technologie & IT,Matéri,+229 53 56 30 83,data.digital@data.digital.benin,datadigital.bj,PME (10-50),B2C,CCIB Annuaire,,Actif,2026-06-29T00:15:34.332419,haute
BJ-6D344047,Tech Développement Africa,Technologie & IT,Matéri,+229 70 45 67 40,tech.développement.africa@tech.développement.africa.org,,PME (10-50),B2C,CCIB Annuaire,,Actif,2026-06-29T00:15:34.332464,moyenne
BJ-C4E5807A,Soft Technologie Bénin,Technologie & IT,Matéri,+229 39 74 40 88,soft.technologie.bénin@soft.technologie.bénin.com,softtechnologiebénin.bj,PME (10-50),B2B,CCIB Annuaire,,Actif,2026-06-29T00:15:34.332504,haute
BJ-56099A7A,Security Tech,Technologie & IT,Matéri,+229 26 62 88 20,,securitytech.bj,PME (50-200),B2C,CCIB Annuaire,,Actif,2026-06-29T00:15:34.332529,moyenne
BJ-CC3D97AD,Digital Digital,Technologie & IT,Matéri,+229 39 68 98 60,digital.digital@digital.digital.com,digitaldigital.bj,Grande (>200),B2C,CCIB Annuaire,,Actif,2026-06-29T00:15:34.332555,haute
BJ-B2CCD287,Security International Natitingou,Technologie & IT,Natitingou,+229 66 91 48 66,security.international.natitingou@security.international.natitingou.com,securityinternationalnatitingou.bj,PME (10-50),B2B,CCIB Annuaire,,Actif,2026-06-29T00:15:34.332599,haute
BJ-6CD3EFC5,Net Technologie Soft,Technologie & IT,Natitingou,+229 74 17 55 10,net.technologie.soft@net.technologie.soft.org,nettechnologiesoft.bj,TPE (<10),B2C,CCIB Annuaire,,Actif,2026-06-29T00:15:34.332621,haute
BJ-235117A3,Logiciel Tech Natitingou,Technologie & IT,Natitingou,+229 41 30 58 49,logiciel.tech.natitingou@logiciel.tech.natitingou.bj,logicieltechnatitingou.bj,PME (50-200),B2B,CCIB Annuaire,,Actif,2026-06-29T00:15:34.332649,haute
BJ-CCFE38C6,Cyber Solutions,Technologie & IT,Natitingou,+229 40 91 73 13,cyber.solutions@cyber.solutions.bj,cybersolutions.bj,TPE (<10),B2B,CCIB Annuaire,,Actif,2026-06-29T00:15:34.332708,haute
BJ-C80EB71B,Informatique Africa Toucountouna,Technologie & IT,Toucountouna,+229 50 91 84 68,,informatiqueafricatoucountouna.bj,PME (50-200),B2B,CCIB Annuaire,,Actif,2026-06-29T00:15:34.332811,moyenne
BJ-31985AAD,Web Africa,Technologie & IT,Toucountouna,+229 25 64 35 65,web.africa@web.africa.com,webafrica.bj,TPE (<10),B2C,CCIB Annuaire,,Actif,2026-06-29T00:15:34.332831,haute
BJ-86D0F5EF,Tech Technologie Toucountouna,Technologie & IT,Toucountouna,+229 57 22 80 92,tech.technologie.toucountouna@tech.technologie.toucountouna.bj,techtechnologietoucountouna.bj,PME (10-50),B2C,CCIB Annuaire,,Actif,2026-06-29T00:15:34.332851,haute
BJ-337983B5,Technologie Toucountouna,Technologie & IT,Toucountouna,+229 76 43 56 62,technologie.toucountouna@technologie.toucountouna.org,technologietoucountouna.bj,Grande (>200),B2C,CCIB Annuaire,,Actif,2026-06-29T00:15:34.332873,haute
BJ-A90A217E,Intelligence SARL,Technologie & IT,Boukoumbé,+229 23 77 66 16,intelligence.sarl@intelligence.sarl.org,intelligencesarl.bj,TPE (<10),B2C,CCIB Annuaire,,Actif,2026-06-29T00:15:34.332924,haute
BJ-5DF423C3,Data Cyber Africa,Technologie & IT,Boukoumbé,+229 37 28 94 47,,datacyberafrica.bj,PME (10-50),B2B,CCIB Annuaire,,Actif,2026-06-29T00:15:34.332945,moyenne
BJ-F73B02C5,Application,Technologie & IT,Boukoumbé,+229 61 45 98 51,,application.bj,TPE (<10),B2C,CCIB Annuaire,,Actif,2026-06-29T00:15:34.332997,moyenne
BJ-4DD5A05D,Tech Technologie Soft,Technologie & IT,Boukoumbé,+229 24 19 35 73,tech.technologie.soft@tech.technologie.soft.com,techtechnologiesoft.bj,PME (10-50),B2B,CCIB Annuaire,,Actif,2026-06-29T00:15:34.333018,haute
BJ-CA0E7D26,Data Technologie Digital,Technologie & IT,Kouandé,+229 70 89 40 50,data.technologie.digital@data.technologie.digital.com,datatechnologiedigital.bj,TPE (<10),B2C,CCIB Annuaire,,Actif,2026-06-29T00:15:34.333060,haute
BJ-67167359,Solution Kouandé,Technologie & IT,Kouandé,+229 84 50 66 69,solution.kouandé@solution.kouandé.net,solutionkouandé.bj,PME (50-200),B2B,CCIB Annuaire,,Actif,2026-06-29T00:15:34.333097,haute
BJ-85B6E870,Security Kouandé,Technologie & IT,Kouandé,+229 62 49 35 35,security.kouandé@security.kouandé.com,securitykouandé.bj,PME (10-50),B2C,CCIB Annuaire,,Actif,2026-06-29T00:15:34.333182,haute
BJ-24550417,Data Bénin,Technologie & IT,Péhunco,+229 20 98 70 64,data.bénin@data.bénin.com,databénin.bj,PME (50-200),B2B,CCIB Annuaire,,Actif,2026-06-29T00:15:34.333248,haute
BJ-CE9EECCB,Cloud Mobile Digital Péhunco,Technologie & IT,Péhunco,+229 82 31 37 47,cloud.mobile.digital.péhunco@cloud.mobile.digital.péhunco.benin,cloudmobiledigitalpéhunco.bj,PME (50-200),B2C,CCIB Annuaire,,Actif,2026-06-29T00:15:34.333291,haute
BJ-5D0B40EF,Intelligence,Technologie & IT,Péhunco,+229 79 31 90 93,intelligence@intelligence.net,intelligence.bj,TPE (<10),B2C,CCIB Annuaire,,Actif,2026-06-29T00:15:34.333320,haute
BJ-09B7E319,Digital Solution Péhunco,Technologie & IT,Péhunco,+229 82 88 80 95,digital.solution.péhunco@digital.solution.péhunco.benin,digitalsolutionpéhunco.bj,PME (10-50),B2C,CCIB Annuaire,,Actif,2026-06-29T00:15:34.333358,haute
BJ-2CC014CB,Digital SARL,Technologie & IT,Péhunco,+229 29 18 35 68,digital.sarl@digital.sarl.net,digitalsarl.bj,PME (50-200),B2C,CCIB Annuaire,,Actif,2026-06-29T00:15:34.333388,haute
BJ-12A991C8,Soft Mobile SARL,Technologie & IT,Tchaourou,+229 36 64 78 34,,,TPE (<10),B2C,CCIB Annuaire,,Actif,2026-06-29T00:15:34.333431,basse
BJ-6F9F5BFD,Net Système Tech,Technologie & IT,Tchaourou,+229 47 41 41 63,net.système.tech@net.système.tech.benin,netsystèmetech.bj,PME (50-200),B2B,CCIB Annuaire,,Actif,2026-06-29T00:15:34.333473,haute
BJ-32E11984,Data Cloud,Technologie & IT,Tchaourou,+229 53 67 65 25,data.cloud@data.cloud.bj,datacloud.bj,Grande (>200),B2C,CCIB Annuaire,,Actif,2026-06-29T00:15:34.333504,haute
BJ-E49FA55D,Digital Security Tchaourou,Technologie & IT,Tchaourou,+229 30 79 74 25,digital.security.tchaourou@digital.security.tchaourou.net,digitalsecuritytchaourou.bj,TPE (<10),B2B,CCIB Annuaire,,Actif,2026-06-29T00:15:34.333539,haute
BJ-A7C9BA8A,Soft Security Soft,Technologie & IT,Tchaourou,+229 73 85 12 87,soft.security.soft@soft.security.soft.bj,softsecuritysoft.bj,TPE (<10),B2B,CCIB Annuaire,,Actif,2026-06-29T00:15:34.333567,haute
BJ-5564A072,Solution SARL,Technologie & IT,Nikki,+229 33 27 25 50,solution.sarl@solution.sarl.com,solutionsarl.bj,PME (10-50),B2B,CCIB Annuaire,,Actif,2026-06-29T00:15:34.333610,haute
BJ-87F2FF5D,Mobile Systems,Technologie & IT,Nikki,+229 42 27 18 74,mobile.systems@mobile.systems.benin,mobilesystems.bj,TPE (<10),B2C,CCIB Annuaire,,Actif,2026-06-29T00:15:34.333639,haute
BJ-88483596,Cyber Cyber SARL,Technologie & IT,Nikki,+229 22 55 69 74,cyber.cyber.sarl@cyber.cyber.sarl.com,cybercybersarl.bj,Grande (>200),B2C,CCIB Annuaire,,Actif,2026-06-29T00:15:34.333665,haute
BJ-E80E1AC1,Digital Technologie Tech,Technologie & IT,Nikki,+229 22 95 81 78,digital.technologie.tech@digital.technologie.tech.com,digitaltechnologietech.bj,Grande (>200),B2B,CCIB Annuaire,,Actif,2026-06-29T00:15:34.333698,haute
BJ-D101CEF5,Soft AI,Technologie & IT,Nikki,+229 86 28 44 14,soft.ai@soft.ai.benin,softai.bj,PME (10-50),B2B,CCIB Annuaire,,Actif,2026-06-29T00:15:34.333733,haute
BJ-D57C036A,Technologie Bénin,Technologie & IT,Bembéréké,+229 60 61 94 79,technologie.bénin@technologie.bénin.net,technologiebénin.bj,PME (10-50),B2C,CCIB Annuaire,,Actif,2026-06-29T00:15:34.333780,haute
BJ-CA01BDC8,Cyber Technologie,Technologie & IT,Bembéréké,+229 58 50 66 58,cyber.technologie@cyber.technologie.org,cybertechnologie.bj,PME (10-50),B2B,CCIB Annuaire,,Actif,2026-06-29T00:15:34.333811,haute
BJ-6674EE96,Smart Solution SARL,Technologie & IT,Bembéréké,+229 45 70 46 21,smart.solution.sarl@smart.solution.sarl.com,smartsolutionsarl.bj,TPE (<10),B2C,CCIB Annuaire,,Actif,2026-06-29T00:15:34.333839,haute
BJ-DAE4124B,Digital Tech,Technologie & IT,Bembéréké,+229 77 15 88 17,digital.tech@digital.tech.bj,digitaltech.bj,PME (10-50),B2B,CCIB Annuaire,,Actif,2026-06-29T00:15:34.333865,haute
BJ-30470E80,Net Data Bembéréké,Technologie & IT,Bembéréké,+229 97 60 94 50,net.data.bembéréké@net.data.bembéréké.benin,netdatabembéréké.bj,PME (50-200),B2B,CCIB Annuaire,,Actif,2026-06-29T00:15:34.333887,haute
BJ-D337AB60,Informatique,Technologie & IT,Kalalé,+229 82 98 83 57,,informatique.bj,PME (10-50),B2C,CCIB Annuaire,,Actif,2026-06-29T00:15:34.333935,moyenne
BJ-FDFEF2B0,Technologie Africa,Technologie & IT,Kalalé,+229 26 89 94 87,technologie.africa@technologie.africa.com,technologieafrica.bj,PME (10-50),B2C,CCIB Annuaire,,Actif,2026-06-29T00:15:34.333957,haute
BJ-A9E20E04,Data Cloud,Technologie & IT,Kalalé,+229 35 66 89 54,data.cloud@data.cloud.com,datacloud.bj,TPE (<10),B2B,CCIB Annuaire,,Actif,2026-06-29T00:15:34.333981,haute
BJ-A8B7F13F,Cloud Développement Africa,Technologie & IT,Kalalé,+229 39 22 20 92,cloud.développement.africa@cloud.développement.africa.net,clouddéveloppementafrica.bj,PME (10-50),B2C,CCIB Annuaire,,Actif,2026-06-29T00:15:34.334038,haute
BJ-A941B3C1,Développement Ndali,Technologie & IT,Ndali,+229 59 88 38 70,développement.ndali@développement.ndali.org,développementndali.bj,TPE (<10),B2C,CCIB Annuaire,,Actif,2026-06-29T00:15:34.334078,haute
BJ-8712CADD,Data Application International,Technologie & IT,Ndali,+229 52 97 89 91,data.application.international@data.application.international.com,dataapplicationinternational.bj,PME (50-200),B2C,CCIB Annuaire,,Actif,2026-06-29T00:15:34.334109,haute
BJ-B51250EE,Intelligence,Technologie & IT,Ndali,+229 70 47 76 42,intelligence@intelligence.benin,intelligence.bj,TPE (<10),B2C,CCIB Annuaire,,Actif,2026-06-29T00:15:34.334208,haute
BJ-A37747D4,Tech Technologie,Technologie & IT,Ségbana,+229 64 46 28 78,tech.technologie@tech.technologie.bj,techtechnologie.bj,TPE (<10),B2B,CCIB Annuaire,,Actif,2026-06-29T00:15:34.334252,haute
BJ-D989BEC5,Net Digital SARL,Technologie & IT,Ségbana,+229 97 75 81 36,net.digital.sarl@net.digital.sarl.org,netdigitalsarl.bj,TPE (<10),B2C,CCIB Annuaire,,Actif,2026-06-29T00:15:34.334295,haute
BJ-461FEB08,Mobile Ségbana,Technologie & IT,Ségbana,+229 31 79 24 92,mobile.ségbana@mobile.ségbana.com,mobileségbana.bj,TPE (<10),B2B,CCIB Annuaire,,Actif,2026-06-29T00:15:34.334362,haute
BJ-311E0332,Informatique Tchaourou,Technologie & IT,Tchaourou,+229 64 76 94 13,informatique.tchaourou@informatique.tchaourou.net,informatiquetchaourou.bj,TPE (<10),B2C,CCIB Annuaire,,Actif,2026-06-29T00:15:34.334412,haute
BJ-F5F0FD69,Net Digital Soft Tchaourou,Technologie & IT,Tchaourou,+229 74 23 12 30,net.digital.soft.tchaourou@net.digital.soft.tchaourou.bj,netdigitalsofttchaourou.bj,TPE (<10),B2C,CCIB Annuaire,,Actif,2026-06-29T00:15:34.334450,haute
BJ-65B6B3A1,Cloud Soft,Technologie & IT,Tchaourou,+229 75 48 12 81,cloud.soft@cloud.soft.net,cloudsoft.bj,TPE (<10),B2B,CCIB Annuaire,,Actif,2026-06-29T00:15:34.334523,haute
BJ-F3C5BADD,Data AI,Technologie & IT,Tchaourou,+229 36 20 80 66,data.ai@data.ai.net,dataai.bj,PME (10-50),B2B,CCIB Annuaire,,Actif,2026-06-29T00:15:34.334547,haute
BJ-D86DF6CE,Cloud Data SARL,Technologie & IT,Bétérou,+229 21 26 22 80,cloud.data.sarl@cloud.data.sarl.net,clouddatasarl.bj,PME (10-50),B2B,CCIB Annuaire,,Actif,2026-06-29T00:15:34.334585,haute
BJ-5A576147,Tech Développement,Technologie & IT,Bétérou,+229 32 59 90 31,tech.développement@tech.développement.org,techdéveloppement.bj,PME (50-200),B2C,CCIB Annuaire,,Actif,2026-06-29T00:15:34.334617,haute
BJ-BFB63BE7,Informatique Digital,Technologie & IT,Bétérou,+229 62 56 92 64,informatique.digital@informatique.digital.bj,informatiquedigital.bj,Grande (>200),B2C,CCIB Annuaire,,Actif,2026-06-29T00:15:34.334646,haute
BJ-CB95C9F7,Cyber Système Bétérou,Technologie & IT,Bétérou,+229 75 48 65 59,cyber.système.bétérou@cyber.système.bétérou.com,cybersystèmebétérou.bj,PME (10-50),B2B,CCIB Annuaire,,Actif,2026-06-29T00:15:34.334663,haute
BJ-91A8ED2C,Net Cyber Bénin,Technologie & IT,Bétérou,+229 45 47 65 36,,netcyberbénin.bj,TPE (<10),B2B,CCIB Annuaire,,Actif,2026-06-29T00:15:34.334676,moyenne
BJ-632F265E,Web,Technologie & IT,Ouessè,+229 41 32 85 40,web@web.org,web.bj,TPE (<10),B2B,CCIB Annuaire,,Actif,2026-06-29T00:15:34.334714,haute
BJ-D804EC09,Smart Security Systems,Technologie & IT,Ouessè,+229 22 14 97 88,smart.security.systems@smart.security.systems.com,smartsecuritysystems.bj,TPE (<10),B2B,CCIB Annuaire,,Actif,2026-06-29T00:15:34.334727,haute
BJ-00A6946C,Data Logiciel Solutions,Technologie & IT,Ouessè,+229 43 51 77 72,data.logiciel.solutions@data.logiciel.solutions.com,datalogicielsolutions.bj,Grande (>200),B2C,CCIB Annuaire,,Actif,2026-06-29T00:15:34.334739,haute
BJ-AB43D371,Network Solutions,Technologie & IT,Ouessè,+229 56 66 99 28,network.solutions@network.solutions.org,networksolutions.bj,TPE (<10),B2B,CCIB Annuaire,,Actif,2026-06-29T00:15:34.334751,haute
BJ-DE723426,Soft Intelligence Bénin,Technologie & IT,Glazoué,+229 98 21 39 18,soft.intelligence.bénin@soft.intelligence.bénin.net,softintelligencebénin.bj,TPE (<10),B2C,CCIB Annuaire,,Actif,2026-06-29T00:15:34.334773,haute
BJ-F524FF1C,Security SARL Glazoué,Technologie & IT,Glazoué,+229 85 26 98 11,security.sarl.glazoué@security.sarl.glazoué.benin,securitysarlglazoué.bj,Grande (>200),B2C,CCIB Annuaire,,Actif,2026-06-29T00:15:34.334786,haute
BJ-5846151D,Digital Digital Solutions Glazoué,Technologie & IT,Glazoué,+229 75 36 18 56,digital.digital.solutions.glazoué@digital.digital.solutions.glazoué.org,digitaldigitalsolutionsglazoué.bj,PME (10-50),B2C,CCIB Annuaire,,Actif,2026-06-29T00:15:34.334800,haute
BJ-D18B6E3C,Cloud Security Glazoué,Technologie & IT,Glazoué,+229 40 19 94 57,cloud.security.glazoué@cloud.security.glazoué.org,cloudsecurityglazoué.bj,Grande (>200),B2C,CCIB Annuaire,,Actif,2026-06-29T00:15:34.334814,haute
BJ-04A6024F,Application,Technologie & IT,Glazoué,+229 59 96 50 35,application@application.bj,,PME (50-200),B2B,CCIB Annuaire,,Actif,2026-06-29T00:15:34.334825,moyenne
BJ-D21C895D,Cloud Intelligence Systems,Technologie & IT,Dassa-Zoumè,+229 65 39 71 73,cloud.intelligence.systems@cloud.intelligence.systems.org,cloudintelligencesystems.bj,PME (10-50),B2C,CCIB Annuaire,,Actif,2026-06-29T00:15:34.334845,haute
BJ-2060BE2F,Intelligence Bénin,Technologie & IT,Dassa-Zoumè,+229 47 49 59 15,intelligence.bénin@intelligence.bénin.net,,PME (10-50),B2C,CCIB Annuaire,,Actif,2026-06-29T00:15:34.334865,moyenne
BJ-91074D6B,Data Network,Technologie & IT,Dassa-Zoumè,+229 44 64 65 69,data.network@data.network.org,datanetwork.bj,Grande (>200),B2B,CCIB Annuaire,,Actif,2026-06-29T00:15:34.334879,haute
BJ-EF4F88D5,Digital Digital Dassa-Zoumè,Technologie & IT,Dassa-Zoumè,+229 95 67 32 25,digital.digital.dassazoumè@digital.digital.dassazoumè.net,,TPE (<10),B2B,CCIB Annuaire,,Actif,2026-06-29T00:15:34.334924,moyenne
BJ-76801BFD,Cyber Technologie,Technologie & IT,Dassa-Zoumè,+229 46 93 65 41,cyber.technologie@cyber.technologie.com,cybertechnologie.bj,TPE (<10),B2C,CCIB Annuaire,,Actif,2026-06-29T00:15:34.334940,haute
BJ-16445DEF,Intelligence,Technologie & IT,Savalou,+229 87 67 80 74,intelligence@intelligence.org,intelligence.bj,TPE (<10),B2C,CCIB Annuaire,,Actif,2026-06-29T00:15:34.334960,haute
BJ-A53DC83D,Digital Développement Tech,Technologie & IT,Savalou,+229 79 36 62 82,digital.développement.tech@digital.développement.tech.bj,digitaldéveloppementtech.bj,PME (10-50),B2C,CCIB Annuaire,,Actif,2026-06-29T00:15:34.334974,haute
BJ-A34CBC38,Technologie,Technologie & IT,Savalou,+229 71 75 43 25,technologie@technologie.org,technologie.bj,PME (50-200),B2C,CCIB Annuaire,,Actif,2026-06-29T00:15:34.334987,haute
BJ-28A03147,Cloud,Technologie & IT,Savalou,+229 76 15 64 37,cloud@cloud.com,cloud.bj,PME (10-50),B2C,CCIB Annuaire,,Actif,2026-06-29T00:15:34.335015,haute
BJ-0DAD89AF,Net Intelligence Solutions,Technologie & IT,Bantè,+229 73 70 48 14,,netintelligencesolutions.bj,PME (50-200),B2B,CCIB Annuaire,,Actif,2026-06-29T00:15:34.335035,moyenne
BJ-7CB13639,Data Informatique International,Technologie & IT,Bantè,+229 22 60 69 74,data.informatique.international@data.informatique.international.bj,datainformatiqueinternational.bj,PME (50-200),B2C,CCIB Annuaire,,Actif,2026-06-29T00:15:34.335051,haute
BJ-EABF4D0F,Soft Data Soft Bantè,Technologie & IT,Bantè,+229 56 35 73 69,soft.data.soft.bantè@soft.data.soft.bantè.com,softdatasoftbantè.bj,PME (50-200),B2B,CCIB Annuaire,,Actif,2026-06-29T00:15:34.335065,haute
BJ-BA358938,Solution International Bantè,Technologie & IT,Bantè,+229 78 52 94 72,solution.international.bantè@solution.international.bantè.net,solutioninternationalbantè.bj,PME (10-50),B2B,CCIB Annuaire,,Actif,2026-06-29T00:15:34.335078,haute
BJ-4E37A34A,Cloud Informatique,Technologie & IT,Bantè,+229 34 37 73 90,cloud.informatique@cloud.informatique.net,cloudinformatique.bj,TPE (<10),B2C,CCIB Annuaire,,Actif,2026-06-29T00:15:34.335089,haute
BJ-917CD3F5,Technologie Bénin,Technologie & IT,Djougou,+229 83 58 68 20,,technologiebénin.bj,PME (50-200),B2C,CCIB Annuaire,,Actif,2026-06-29T00:15:34.335107,moyenne
BJ-5BAFE4CB,Cloud Tech Djougou,Technologie & IT,Djougou,+229 62 38 85 80,cloud.tech.djougou@cloud.tech.djougou.com,cloudtechdjougou.bj,Grande (>200),B2C,CCIB Annuaire,,Actif,2026-06-29T00:15:34.335120,haute
BJ-DE016962,Network Djougou,Technologie & IT,Djougou,+229 25 23 39 69,network.djougou@network.djougou.benin,networkdjougou.bj,PME (10-50),B2C,CCIB Annuaire,,Actif,2026-06-29T00:15:34.335133,haute
BJ-57C85417,Digital Tech,Technologie & IT,Djougou,+229 84 26 27 94,digital.tech@digital.tech.net,digitaltech.bj,PME (10-50),B2B,CCIB Annuaire,,Actif,2026-06-29T00:15:34.335145,haute
BJ-BCD4A691,Développement Ouèssè,Technologie & IT,Ouèssè,+229 77 72 28 87,développement.ouèssè@développement.ouèssè.org,développementouèssè.bj,TPE (<10),B2C,CCIB Annuaire,,Actif,2026-06-29T00:15:34.335180,haute
BJ-92BED214,Data Cloud Ouèssè,Technologie & IT,Ouèssè,+229 45 11 43 61,data.cloud.ouèssè@data.cloud.ouèssè.org,datacloudouèssè.bj,PME (50-200),B2C,CCIB Annuaire,,Actif,2026-06-29T00:15:34.335196,haute
BJ-7F191AEE,Data,Technologie & IT,Ouèssè,+229 84 21 50 93,data@data.com,data.bj,TPE (<10),B2B,CCIB Annuaire,,Actif,2026-06-29T00:15:34.335224,haute
BJ-545B71D1,Système Soft,Technologie & IT,Ouèssè,+229 83 51 41 76,système.soft@système.soft.benin,systèmesoft.bj,PME (50-200),B2B,CCIB Annuaire,,Actif,2026-06-29T00:15:34.335237,haute
BJ-CFD4A59F,Tech Web Systems,Technologie & IT,Bassila,+229 27 49 10 59,tech.web.systems@tech.web.systems.net,techwebsystems.bj,PME (10-50),B2C,CCIB Annuaire,,Actif,2026-06-29T00:15:34.335255,haute
BJ-CA2D64D6,Soft AI Systems,Technologie & IT,Bassila,+229 81 61 65 51,soft.ai.systems@soft.ai.systems.com,,PME (10-50),B2C,CCIB Annuaire,,Actif,2026-06-29T00:15:34.335268,moyenne
BJ-C1C05044,Informatique,Technologie & IT,Bassila,+229 47 46 57 78,,informatique.bj,TPE (<10),B2C,CCIB Annuaire,,Actif,2026-06-29T00:15:34.335279,moyenne
BJ-8FFDFB2F,Mobile Bassila,Technologie & IT,Bassila,+229 26 60 66 64,mobile.bassila@mobile.bassila.com,mobilebassila.bj,Grande (>200),B2B,CCIB Annuaire,,Actif,2026-06-29T00:15:34.335291,haute
BJ-2F625145,AI SARL,Technologie & IT,Bassila,+229 66 77 63 80,ai.sarl@ai.sarl.org,aisarl.bj,TPE (<10),B2B,CCIB Annuaire,,Actif,2026-06-29T00:15:34.335304,haute
BJ-D84B20DE,Web,Technologie & IT,Pehunco,+229 54 74 62 64,web@web.net,web.bj,PME (10-50),B2B,CCIB Annuaire,,Actif,2026-06-29T00:15:34.335321,haute
BJ-B89E0455,Soft Mobile SARL,Technologie & IT,Pehunco,+229 77 77 76 58,soft.mobile.sarl@soft.mobile.sarl.net,softmobilesarl.bj,PME (10-50),B2C,CCIB Annuaire,,Actif,2026-06-29T00:15:34.335336,haute
BJ-08A54F2C,Cyber Solution,Technologie & IT,Pehunco,+229 26 59 97 13,cyber.solution@cyber.solution.benin,cybersolution.bj,PME (10-50),B2C,CCIB Annuaire,,Actif,2026-06-29T00:15:34.335364,haute
BJ-A5F0792E,Logiciel Tech Pehunco,Technologie & IT,Pehunco,+229 61 38 54 92,logiciel.tech.pehunco@logiciel.tech.pehunco.bj,,TPE (<10),B2C,CCIB Annuaire,,Actif,2026-06-29T00:15:34.335384,moyenne
BJ-32C48D5A,Système Copargo,Technologie & IT,Copargo,+229 51 32 69 19,système.copargo@système.copargo.benin,systèmecopargo.bj,TPE (<10),B2B,CCIB Annuaire,,Actif,2026-06-29T00:15:34.335404,haute
BJ-C2AABF50,Digital,Technologie & IT,Copargo,+229 77 29 58 46,digital@digital.benin,digital.bj,PME (50-200),B2C,CCIB Annuaire,,Actif,2026-06-29T00:15:34.335417,haute
BJ-746C531D,Logiciel,Technologie & IT,Copargo,+229 63 57 84 79,logiciel@logiciel.com,logiciel.bj,PME (10-50),B2B,CCIB Annuaire,,Actif,2026-06-29T00:15:34.335430,haute
BJ-1736259F,Security,Technologie & IT,Copargo,+229 55 73 65 26,security@security.org,security.bj,PME (50-200),B2B,CCIB Annuaire,,Actif,2026-06-29T00:15:34.335441,haute
BJ-EF510EEE,Smart Application Tech,Technologie & IT,Copargo,+229 40 31 85 17,,smartapplicationtech.bj,PME (10-50),B2B,CCIB Annuaire,,Actif,2026-06-29T00:15:34.335453,moyenne
BJ-FC3D080D,Chimie,Industrie & Manufacture,Cotonou,+229 78 65 81 25,,,PME (10-50),B2B,CCIB Annuaire,,Actif,2026-06-29T00:15:34.335471,basse
BJ-F044D39D,Transformation,Industrie & Manufacture,Cotonou,+229 79 22 26 12,,,PME (10-50),B2B,CCIB Annuaire,,Actif,2026-06-29T00:15:34.335485,basse
BJ-2D76DC08,Plastique Cotonou,Industrie & Manufacture,Cotonou,+229 20 29 15 25,plastique.cotonou@plastique.cotonou.benin,plastiquecotonou.bj,TPE (<10),B2B,CCIB Annuaire,,Actif,2026-06-29T00:15:34.335499,haute
BJ-A2B39ADA,Manufacture Transformation Manufacture Cotonou,Industrie & Manufacture,Cotonou,+229 27 70 23 63,manufacture.transformation.manufacture.cotonou@manufacture.transformation.manufacture.cotonou.benin,,PME (10-50),B2B,CCIB Annuaire,,Actif,2026-06-29T00:15:34.335511,moyenne
BJ-AF29239F,Industrie Pharmaceutique,Industrie & Manufacture,Cotonou,+229 64 84 62 84,industrie.pharmaceutique@industrie.pharmaceutique.bj,,TPE (<10),B2B,CCIB Annuaire,,Actif,2026-06-29T00:15:34.335523,moyenne
BJ-51E7257D,Alimentaire,Industrie & Manufacture,Abomey-Calavi,+229 49 48 93 73,,,PME (50-200),B2B,CCIB Annuaire,,Actif,2026-06-29T00:15:34.335550,basse
BJ-5EB904C0,Manufacture Chimie,Industrie & Manufacture,Abomey-Calavi,+229 32 12 46 75,manufacture.chimie@manufacture.chimie.benin,,PME (50-200),B2B,CCIB Annuaire,,Actif,2026-06-29T00:15:34.335562,moyenne
BJ-5299F1A8,Industrie Chimie Abomey-Calavi,Industrie & Manufacture,Abomey-Calavi,+229 63 44 28 17,industrie.chimie.abomeycalavi@industrie.chimie.abomeycalavi.com,,TPE (<10),B2B,CCIB Annuaire,,Actif,2026-06-29T00:15:34.335601,moyenne
BJ-E73E2AAA,Atelier Alimentaire,Industrie & Manufacture,Porto-Novo,+229 56 66 26 34,,atelieralimentaire.bj,PME (10-50),B2B,CCIB Annuaire,,Actif,2026-06-29T00:15:34.335623,moyenne
BJ-536C9220,Automobile Porto-Novo,Industrie & Manufacture,Porto-Novo,+229 81 59 74 25,,,Grande (>200),B2B,CCIB Annuaire,,Actif,2026-06-29T00:15:34.335638,basse
BJ-856FE310,Fabrique Électronique Porto-Novo,Industrie & Manufacture,Porto-Novo,+229 56 64 74 62,,fabriqueélectroniqueportonovo.bj,PME (10-50),B2B,CCIB Annuaire,,Actif,2026-06-29T00:15:34.335653,moyenne
BJ-3307C4EE,Manufacture Production,Industrie & Manufacture,Porto-Novo,+229 47 15 44 74,manufacture.production@manufacture.production.bj,manufactureproduction.bj,Grande (>200),B2B,CCIB Annuaire,,Actif,2026-06-29T00:15:34.335666,haute
BJ-AAA9A15B,Fabrique Chimie Africa Porto-Novo,Industrie & Manufacture,Porto-Novo,+229 76 17 79 55,,,PME (10-50),B2B,CCIB Annuaire,,Actif,2026-06-29T00:15:34.335677,basse
BJ-0CF95051,Métal Africa,Industrie & Manufacture,Parakou,+229 56 33 36 10,,métalafrica.bj,TPE (<10),B2B,CCIB Annuaire,,Actif,2026-06-29T00:15:34.335699,moyenne
BJ-E161FADC,Fabrication,Industrie & Manufacture,Parakou,+229 27 48 47 62,fabrication@fabrication.net,fabrication.bj,TPE (<10),B2B,CCIB Annuaire,,Actif,2026-06-29T00:15:34.335725,haute
BJ-37C7BF45,Transformation Industry,Industrie & Manufacture,Parakou,+229 29 60 32 44,transformation.industry@transformation.industry.org,transformationindustry.bj,PME (10-50),B2B,CCIB Annuaire,,Actif,2026-06-29T00:15:34.335739,haute
BJ-67AC18E5,Production Alimentaire,Industrie & Manufacture,Bohicon,+229 41 27 29 82,production.alimentaire@production.alimentaire.benin,,Grande (>200),B2B,CCIB Annuaire,,Actif,2026-06-29T00:15:34.335771,moyenne
BJ-6C9E2946,Fabrique Mécanique,Industrie & Manufacture,Bohicon,+229 24 81 86 70,fabrique.mécanique@fabrique.mécanique.bj,,TPE (<10),B2B,CCIB Annuaire,,Actif,2026-06-29T00:15:34.335787,moyenne
BJ-2D071337,Industrie Textile Groupe,Industrie & Manufacture,Bohicon,+229 91 18 72 80,,industrietextilegroupe.bj,TPE (<10),B2B,CCIB Annuaire,,Actif,2026-06-29T00:15:34.335800,moyenne
BJ-FCC59254,Bois Africa,Industrie & Manufacture,Bohicon,+229 87 70 46 50,bois.africa@bois.africa.net,boisafrica.bj,PME (10-50),B2B,CCIB Annuaire,,Actif,2026-06-29T00:15:34.335814,haute
BJ-528EFC51,Fabrique Chimie,Industrie & Manufacture,Bohicon,+229 86 22 63 33,fabrique.chimie@fabrique.chimie.org,fabriquechimie.bj,PME (10-50),B2B,CCIB Annuaire,,Actif,2026-06-29T00:15:34.335827,haute
BJ-66BB4624,Manufacture Chimie,Industrie & Manufacture,Natitingou,+229 55 79 83 19,,manufacturechimie.bj,PME (10-50),B2B,CCIB Annuaire,,Actif,2026-06-29T00:15:34.335844,moyenne
BJ-98B6E235,Textile Manufacture Natitingou,Industrie & Manufacture,Natitingou,+229 71 50 80 23,,textilemanufacturenatitingou.bj,Grande (>200),B2B,CCIB Annuaire,,Actif,2026-06-29T00:15:34.335857,moyenne
BJ-336E6D5B,Production Transformation Natitingou,Industrie & Manufacture,Natitingou,+229 26 23 64 65,production.transformation.natitingou@production.transformation.natitingou.org,productiontransformationnatitingou.bj,PME (50-200),B2B,CCIB Annuaire,,Actif,2026-06-29T00:15:34.335873,haute
BJ-3657867C,Atelier Transformation SA,Industrie & Manufacture,Natitingou,+229 50 74 70 87,,,PME (50-200),B2B,CCIB Annuaire,,Actif,2026-06-29T00:15:34.335912,basse
BJ-0B8D1710,Plastique,Industrie & Manufacture,Lokossa,+229 44 81 91 11,plastique@plastique.benin,,TPE (<10),B2B,CCIB Annuaire,,Actif,2026-06-29T00:15:34.335936,moyenne
BJ-A6F83D47,Alimentaire Factory,Industrie & Manufacture,Lokossa,+229 29 24 24 36,alimentaire.factory@alimentaire.factory.org,alimentairefactory.bj,PME (50-200),B2B,CCIB Annuaire,,Actif,2026-06-29T00:15:34.335952,haute
BJ-A09F87D7,Production Automobile,Industrie & Manufacture,Lokossa,+229 85 63 28 64,production.automobile@production.automobile.net,,PME (50-200),B2B,CCIB Annuaire,,Actif,2026-06-29T00:15:34.335964,moyenne
BJ-F9775F85,Fabrique Chimie,Industrie & Manufacture,Lokossa,+229 60 92 92 96,fabrique.chimie@fabrique.chimie.benin,,PME (50-200),B2B,CCIB Annuaire,,Actif,2026-06-29T00:15:34.335976,moyenne
BJ-622957D9,Transformation SA,Industrie & Manufacture,Lokossa,+229 91 36 64 58,,transformationsa.bj,PME (10-50),B2B,CCIB Annuaire,,Actif,2026-06-29T00:15:34.335987,moyenne
BJ-01095A73,Fabrique Textile Africa,Industrie & Manufacture,Ouidah,+229 75 55 50 92,,fabriquetextileafrica.bj,PME (50-200),B2B,CCIB Annuaire,,Actif,2026-06-29T00:15:34.336016,moyenne
BJ-F07847AC,Textile Manufacture Ouidah,Industrie & Manufacture,Ouidah,+229 23 78 80 10,,textilemanufactureouidah.bj,TPE (<10),B2B,CCIB Annuaire,,Actif,2026-06-29T00:15:34.336031,moyenne
BJ-487EE08E,Mécanique Groupe Ouidah,Industrie & Manufacture,Ouidah,+229 69 45 38 60,mécanique.groupe.ouidah@mécanique.groupe.ouidah.bj,mécaniquegroupeouidah.bj,TPE (<10),B2B,CCIB Annuaire,,Actif,2026-06-29T00:15:34.336046,haute
BJ-DF93B941,Textile Bénin Ouidah,Industrie & Manufacture,Ouidah,+229 27 81 64 98,textile.bénin.ouidah@textile.bénin.ouidah.org,,PME (50-200),B2B,CCIB Annuaire,,Actif,2026-06-29T00:15:34.336059,moyenne
BJ-5D98241C,Fabrication Bénin,Industrie & Manufacture,Savalou,+229 30 55 88 99,fabrication.bénin@fabrication.bénin.org,,PME (50-200),B2B,CCIB Annuaire,,Actif,2026-06-29T00:15:34.336077,moyenne
BJ-C49DE985,Textile Savalou,Industrie & Manufacture,Savalou,+229 37 27 53 29,,,Grande (>200),B2B,CCIB Annuaire,,Actif,2026-06-29T00:15:34.336092,basse
BJ-F28EAB57,Transformation SA,Industrie & Manufacture,Savalou,+229 50 71 33 89,transformation.sa@transformation.sa.com,transformationsa.bj,TPE (<10),B2B,CCIB Annuaire,,Actif,2026-06-29T00:15:34.336108,haute
BJ-0953A9F3,Production SARL Dassa-Zoumè,Industrie & Manufacture,Dassa-Zoumè,+229 61 38 39 29,,productionsarldassazoumè.bj,PME (10-50),B2B,CCIB Annuaire,,Actif,2026-06-29T00:15:34.336151,moyenne
BJ-10C562AE,Usine Alimentaire Industry,Industrie & Manufacture,Dassa-Zoumè,+229 45 43 26 52,,usinealimentaireindustry.bj,PME (10-50),B2B,CCIB Annuaire,,Actif,2026-06-29T00:15:34.336164,moyenne
BJ-0C53A91C,Fabrication SARL,Industrie & Manufacture,Dassa-Zoumè,+229 45 64 43 51,fabrication.sarl@fabrication.sarl.org,fabricationsarl.bj,PME (50-200),B2B,CCIB Annuaire,,Actif,2026-06-29T00:15:34.336177,haute
BJ-F28AA21F,Industrie Mécanique Factory,Industrie & Manufacture,Dassa-Zoumè,+229 56 93 39 34,industrie.mécanique.factory@industrie.mécanique.factory.bj,industriemécaniquefactory.bj,TPE (<10),B2B,CCIB Annuaire,,Actif,2026-06-29T00:15:34.336191,haute
BJ-51F44599,Électronique,Industrie & Manufacture,Dassa-Zoumè,+229 43 10 89 49,électronique@électronique.com,électronique.bj,PME (50-200),B2B,CCIB Annuaire,,Actif,2026-06-29T00:15:34.336204,haute
BJ-44E35D42,Industrie Production Groupe,Industrie & Manufacture,Kétou,+229 26 54 57 32,,industrieproductiongroupe.bj,PME (50-200),B2B,CCIB Annuaire,,Actif,2026-06-29T00:15:34.336224,moyenne
BJ-7080D376,Alimentaire Bénin Kétou,Industrie & Manufacture,Kétou,+229 73 35 59 66,,,TPE (<10),B2B,CCIB Annuaire,,Actif,2026-06-29T00:15:34.336251,basse
BJ-061D6BC3,Plastique Groupe Kétou,Industrie & Manufacture,Kétou,+229 41 69 11 67,plastique.groupe.kétou@plastique.groupe.kétou.com,,PME (10-50),B2B,CCIB Annuaire,,Actif,2026-06-29T00:15:34.336264,moyenne
BJ-DB07C871,Fabrique Production,Industrie & Manufacture,Kétou,+229 80 43 45 15,fabrique.production@fabrique.production.net,fabriqueproduction.bj,PME (50-200),B2B,CCIB Annuaire,,Actif,2026-06-29T00:15:34.336276,haute
BJ-0AD95D7F,Production SA,Industrie & Manufacture,Covè,+229 43 19 56 32,,,PME (50-200),B2B,CCIB Annuaire,,Actif,2026-06-29T00:15:34.336293,basse
BJ-90C46CF6,Pharmaceutique Covè,Industrie & Manufacture,Covè,+229 36 15 67 52,,pharmaceutiquecovè.bj,Grande (>200),B2B,CCIB Annuaire,,Actif,2026-06-29T00:15:34.336306,moyenne
BJ-79613373,Mécanique Manufacture,Industrie & Manufacture,Covè,+229 82 45 21 67,mécanique.manufacture@mécanique.manufacture.org,mécaniquemanufacture.bj,Grande (>200),B2B,CCIB Annuaire,,Actif,2026-06-29T00:15:34.336319,haute
BJ-B87B68F5,Textile Manufacture,Industrie & Manufacture,Covè,+229 66 33 41 17,,textilemanufacture.bj,PME (10-50),B2B,CCIB Annuaire,,Actif,2026-06-29T00:15:34.336330,moyenne
BJ-8A204DF4,Atelier Production,Industrie & Manufacture,Covè,+229 54 77 15 29,atelier.production@atelier.production.bj,atelierproduction.bj,PME (10-50),B2B,CCIB Annuaire,,Actif,2026-06-29T00:15:34.336346,haute
BJ-D0922024,Atelier Alimentaire Groupe,Industrie & Manufacture,Pobè,+229 66 84 30 52,,atelieralimentairegroupe.bj,PME (50-200),B2B,CCIB Annuaire,,Actif,2026-06-29T00:15:34.336365,moyenne
BJ-90600C52,Textile,Industrie & Manufacture,Pobè,+229 88 21 84 55,,textile.bj,Grande (>200),B2B,CCIB Annuaire,,Actif,2026-06-29T00:15:34.336393,moyenne
BJ-4B126681,Métal,Industrie & Manufacture,Pobè,+229 81 38 51 14,,métal.bj,PME (50-200),B2B,CCIB Annuaire,,Actif,2026-06-29T00:15:34.336406,moyenne
BJ-B0E93FF5,Usine Mécanique Bénin Pobè,Industrie & Manufacture,Pobè,+229 61 70 65 23,usine.mécanique.bénin.pobè@usine.mécanique.bénin.pobè.org,usinemécaniquebéninpobè.bj,TPE (<10),B2B,CCIB Annuaire,,Actif,2026-06-29T00:15:34.336428,haute
BJ-B81F74E5,Fabrication Groupe,Industrie & Manufacture,Sakété,+229 90 54 40 39,,,TPE (<10),B2B,CCIB Annuaire,,Actif,2026-06-29T00:15:34.336447,basse
BJ-8810F3E3,Chimie Sakété,Industrie & Manufacture,Sakété,+229 90 15 66 44,,,TPE (<10),B2B,CCIB Annuaire,,Actif,2026-06-29T00:15:34.336459,basse
BJ-89821167,Production Métal,Industrie & Manufacture,Sakété,+229 84 85 61 54,production.métal@production.métal.org,productionmétal.bj,Grande (>200),B2B,CCIB Annuaire,,Actif,2026-06-29T00:15:34.336473,haute
BJ-91034BE8,Mécanique Sakété,Industrie & Manufacture,Sakété,+229 51 25 96 94,,,TPE (<10),B2B,CCIB Annuaire,,Actif,2026-06-29T00:15:34.336496,basse
BJ-EF9535B7,Plastique Factory Adjara,Industrie & Manufacture,Adjara,+229 25 18 88 49,,,TPE (<10),B2B,CCIB Annuaire,,Actif,2026-06-29T00:15:34.336513,basse
BJ-15EEC62A,Atelier Textile Bénin,Industrie & Manufacture,Adjara,+229 91 23 55 40,atelier.textile.bénin@atelier.textile.bénin.org,ateliertextilebénin.bj,TPE (<10),B2B,CCIB Annuaire,,Actif,2026-06-29T00:15:34.336529,haute
BJ-DC574637,Fabrique Fabrication,Industrie & Manufacture,Adjara,+229 26 72 68 87,,fabriquefabrication.bj,TPE (<10),B2B,CCIB Annuaire,,Actif,2026-06-29T00:15:34.336541,moyenne
BJ-BB8C3233,Textile,Industrie & Manufacture,Adjara,+229 93 49 45 32,,textile.bj,Grande (>200),B2B,CCIB Annuaire,,Actif,2026-06-29T00:15:34.336552,moyenne
BJ-B419EC9F,Production Bois,Industrie & Manufacture,Adjara,+229 36 69 45 17,production.bois@production.bois.com,,PME (10-50),B2B,CCIB Annuaire,,Actif,2026-06-29T00:15:34.336564,moyenne
BJ-8E29E527,Mécanique,Industrie & Manufacture,Allada,+229 80 22 68 61,,mécanique.bj,PME (10-50),B2B,CCIB Annuaire,,Actif,2026-06-29T00:15:34.336582,moyenne
BJ-EE2E5A03,Alimentaire SARL Allada,Industrie & Manufacture,Allada,+229 77 27 14 55,alimentaire.sarl.allada@alimentaire.sarl.allada.com,alimentairesarlallada.bj,PME (10-50),B2B,CCIB Annuaire,,Actif,2026-06-29T00:15:34.336597,haute
BJ-BC8DA066,Métal,Industrie & Manufacture,Allada,+229 23 98 95 62,métal@métal.org,,PME (50-200),B2B,CCIB Annuaire,,Actif,2026-06-29T00:15:34.336610,moyenne
BJ-B1ADDA6F,Industrie Électronique Factory,Industrie & Manufacture,Allada,+229 50 78 62 60,,,PME (50-200),B2B,CCIB Annuaire,,Actif,2026-06-29T00:15:34.336620,basse
BJ-A5E0412C,Manufacture Bois,Industrie & Manufacture,Aplahoué,+229 66 27 62 40,manufacture.bois@manufacture.bois.net,manufacturebois.bj,PME (50-200),B2B,CCIB Annuaire,,Actif,2026-06-29T00:15:34.336649,haute
BJ-5646BE77,Production Transformation,Industrie & Manufacture,Aplahoué,+229 57 62 24 70,,productiontransformation.bj,Grande (>200),B2B,CCIB Annuaire,,Actif,2026-06-29T00:15:34.336689,moyenne
BJ-39A55245,Manufacture Transformation Dogbo-Tota,Industrie & Manufacture,Dogbo-Tota,+229 58 70 22 89,manufacture.transformation.dogbotota@manufacture.transformation.dogbotota.org,manufacturetransformationdogbotota.bj,Grande (>200),B2B,CCIB Annuaire,,Actif,2026-06-29T00:15:34.336718,haute
BJ-77E166F3,Production Mécanique Bénin Dogbo-Tota,Industrie & Manufacture,Dogbo-Tota,+229 32 22 94 55,production.mécanique.bénin.dogbotota@production.mécanique.bénin.dogbotota.bj,,PME (10-50),B2B,CCIB Annuaire,,Actif,2026-06-29T00:15:34.336731,moyenne
BJ-940A07A2,Pharmaceutique Dogbo-Tota,Industrie & Manufacture,Dogbo-Tota,+229 30 63 80 52,pharmaceutique.dogbotota@pharmaceutique.dogbotota.com,,PME (10-50),B2B,CCIB Annuaire,,Actif,2026-06-29T00:15:34.336746,moyenne
BJ-7F5A40BB,Atelier Électronique Bénin,Industrie & Manufacture,Dogbo-Tota,+229 72 15 34 83,atelier.électronique.bénin@atelier.électronique.bénin.org,atelierélectroniquebénin.bj,TPE (<10),B2B,CCIB Annuaire,,Actif,2026-06-29T00:15:34.336760,haute
BJ-C8E9A64A,Fabrique Alimentaire Manufacture,Industrie & Manufacture,Dogbo-Tota,+229 55 53 26 17,,,PME (10-50),B2B,CCIB Annuaire,,Actif,2026-06-29T00:15:34.336771,basse
BJ-D78029FA,Atelier Production Factory,Industrie & Manufacture,Kpomassè,+229 61 82 86 20,,,TPE (<10),B2B,CCIB Annuaire,,Actif,2026-06-29T00:15:34.336803,basse
BJ-B8F6628B,Production Électronique Manufacture Kpomassè,Industrie & Manufacture,Kpomassè,+229 59 57 52 27,production.électronique.manufacture.kpomassè@production.électronique.manufacture.kpomassè.net,,PME (10-50),B2B,CCIB Annuaire,,Actif,2026-06-29T00:15:34.336829,moyenne
BJ-EF5D25DB,Chimie Groupe,Industrie & Manufacture,Kpomassè,+229 65 39 37 64,chimie.groupe@chimie.groupe.bj,chimiegroupe.bj,TPE (<10),B2B,CCIB Annuaire,,Actif,2026-06-29T00:15:34.336845,haute
BJ-3F6541BF,Fabrique Fabrication Industry,Industrie & Manufacture,Tori-Bossito,+229 48 47 87 16,,fabriquefabricationindustry.bj,PME (10-50),B2B,CCIB Annuaire,,Actif,2026-06-29T00:15:34.336863,moyenne
BJ-49DEC699,Mécanique Bénin,Industrie & Manufacture,Tori-Bossito,+229 96 72 64 49,mécanique.bénin@mécanique.bénin.com,,PME (50-200),B2B,CCIB Annuaire,,Actif,2026-06-29T00:15:34.336875,moyenne
BJ-1A957E33,Industrie Fabrication Bénin,Industrie & Manufacture,Tori-Bossito,+229 86 73 69 46,,industriefabricationbénin.bj,Grande (>200),B2B,CCIB Annuaire,,Actif,2026-06-29T00:15:34.336888,moyenne
BJ-8DFED532,Bois Manufacture,Industrie & Manufacture,Tori-Bossito,+229 29 69 68 68,bois.manufacture@bois.manufacture.org,,PME (10-50),B2B,CCIB Annuaire,,Actif,2026-06-29T00:15:34.336913,moyenne
BJ-761877E4,Plastique Factory,Industrie & Manufacture,Tori-Bossito,+229 20 23 46 26,,,TPE (<10),B2B,CCIB Annuaire,,Actif,2026-06-29T00:15:34.336924,basse
BJ-01BD9234,Bois Grand-Popo,Industrie & Manufacture,Grand-Popo,+229 51 41 92 90,,,PME (50-200),B2B,CCIB Annuaire,,Actif,2026-06-29T00:15:34.336941,basse
BJ-1D4ECAC9,Industrie Automobile SA,Industrie & Manufacture,Grand-Popo,+229 70 74 26 39,industrie.automobile.sa@industrie.automobile.sa.com,industrieautomobilesa.bj,Grande (>200),B2B,CCIB Annuaire,,Actif,2026-06-29T00:15:34.336957,haute
BJ-435AAB77,Fabrique Production Africa Grand-Popo,Industrie & Manufacture,Grand-Popo,+229 23 66 75 91,fabrique.production.africa.grandpopo@fabrique.production.africa.grandpopo.org,,TPE (<10),B2B,CCIB Annuaire,,Actif,2026-06-29T00:15:34.336971,moyenne
BJ-154DFDE5,Usine Plastique,Industrie & Manufacture,Grand-Popo,+229 47 68 85 59,usine.plastique@usine.plastique.org,usineplastique.bj,TPE (<10),B2B,CCIB Annuaire,,Actif,2026-06-29T00:15:34.336994,haute
BJ-15A78CFA,Atelier Électronique Africa,Industrie & Manufacture,Athiémé,+229 84 46 38 48,,,TPE (<10),B2B,CCIB Annuaire,,Actif,2026-06-29T00:15:34.337011,basse
BJ-AB9CD18F,Production Mécanique SARL,Industrie & Manufacture,Athiémé,+229 40 21 11 95,production.mécanique.sarl@production.mécanique.sarl.bj,productionmécaniquesarl.bj,TPE (<10),B2B,CCIB Annuaire,,Actif,2026-06-29T00:15:34.337025,haute
BJ-02BCB98F,Usine Électronique Groupe,Industrie & Manufacture,Athiémé,+229 47 74 49 37,,,PME (10-50),B2B,CCIB Annuaire,,Actif,2026-06-29T00:15:34.337035,basse
BJ-348F5C84,Manufacture Chimie Industry,Industrie & Manufacture,Athiémé,+229 95 62 94 97,manufacture.chimie.industry@manufacture.chimie.industry.org,,PME (10-50),B2B,CCIB Annuaire,,Actif,2026-06-29T00:15:34.337047,moyenne
BJ-5975FC84,Industrie Transformation,Industrie & Manufacture,Athiémé,+229 51 72 64 17,,,PME (50-200),B2B,CCIB Annuaire,,Actif,2026-06-29T00:15:34.337058,basse
BJ-D3FD110C,Production Production SARL,Industrie & Manufacture,Bopa,+229 84 81 64 22,,,TPE (<10),B2B,CCIB Annuaire,,Actif,2026-06-29T00:15:34.337099,basse
BJ-C9FB8C9C,Fabrication Manufacture,Industrie & Manufacture,Bopa,+229 33 85 32 79,,fabricationmanufacture.bj,TPE (<10),B2B,CCIB Annuaire,,Actif,2026-06-29T00:15:34.337111,moyenne
BJ-D26A3977,Plastique,Industrie & Manufacture,Bopa,+229 40 10 93 90,plastique@plastique.net,,Grande (>200),B2B,CCIB Annuaire,,Actif,2026-06-29T00:15:34.337122,moyenne
BJ-7C7BFD56,Fabrique Métal Manufacture,Industrie & Manufacture,Houéyogbé,+229 50 85 64 38,fabrique.métal.manufacture@fabrique.métal.manufacture.org,fabriquemétalmanufacture.bj,TPE (<10),B2B,CCIB Annuaire,,Actif,2026-06-29T00:15:34.337153,haute
BJ-3B6EB4D9,Production Bois SA,Industrie & Manufacture,Houéyogbé,+229 89 55 12 64,production.bois.sa@production.bois.sa.bj,productionboissa.bj,TPE (<10),B2B,CCIB Annuaire,,Actif,2026-06-29T00:15:34.337166,haute
BJ-E587541C,Mécanique Bénin,Industrie & Manufacture,Houéyogbé,+229 82 30 59 64,,mécaniquebénin.bj,TPE (<10),B2B,CCIB Annuaire,,Actif,2026-06-29T00:15:34.337181,moyenne
BJ-F7685E46,Fabrique Métal,Industrie & Manufacture,Houéyogbé,+229 93 44 92 85,fabrique.métal@fabrique.métal.net,fabriquemétal.bj,TPE (<10),B2B,CCIB Annuaire,,Actif,2026-06-29T00:15:34.337194,haute
BJ-30843A59,Fabrication,Industrie & Manufacture,Houéyogbé,+229 34 85 35 52,,,PME (50-200),B2B,CCIB Annuaire,,Actif,2026-06-29T00:15:34.337205,basse
BJ-976A066E,Plastique Manufacture,Industrie & Manufacture,Malanville,+229 56 64 68 57,plastique.manufacture@plastique.manufacture.com,plastiquemanufacture.bj,TPE (<10),B2B,CCIB Annuaire,,Actif,2026-06-29T00:15:34.337223,haute
BJ-8C7BB09E,Production Bénin,Industrie & Manufacture,Malanville,+229 46 42 72 54,,productionbénin.bj,TPE (<10),B2B,CCIB Annuaire,,Actif,2026-06-29T00:15:34.337238,moyenne
BJ-9327B9B1,Industrie Mécanique Bénin,Industrie & Manufacture,Malanville,+229 44 22 23 53,,industriemécaniquebénin.bj,TPE (<10),B2B,CCIB Annuaire,,Actif,2026-06-29T00:15:34.337250,moyenne
BJ-13A9D56B,Fabrique Production Bénin,Industrie & Manufacture,Malanville,+229 74 85 79 54,,,PME (50-200),B2B,CCIB Annuaire,,Actif,2026-06-29T00:15:34.337261,basse
BJ-A59FDF67,Plastique,Industrie & Manufacture,Kandi,+229 31 61 63 13,,plastique.bj,TPE (<10),B2B,CCIB Annuaire,,Actif,2026-06-29T00:15:34.337293,moyenne
BJ-9382023D,Manufacture Métal SARL,Industrie & Manufacture,Kandi,+229 32 39 72 12,,,PME (10-50),B2B,CCIB Annuaire,,Actif,2026-06-29T00:15:34.337305,basse
BJ-A4BD87D2,Manufacture Chimie Groupe,Industrie & Manufacture,Kandi,+229 59 44 90 96,manufacture.chimie.groupe@manufacture.chimie.groupe.bj,,PME (10-50),B2B,CCIB Annuaire,,Actif,2026-06-29T00:15:34.337316,moyenne
BJ-AB097A1C,Textile,Industrie & Manufacture,Kandi,+229 32 91 51 68,,,TPE (<10),B2B,CCIB Annuaire,,Actif,2026-06-29T00:15:34.337330,basse
BJ-A495B00D,Pharmaceutique SARL,Industrie & Manufacture,Kandi,+229 22 38 97 94,pharmaceutique.sarl@pharmaceutique.sarl.net,pharmaceutiquesarl.bj,TPE (<10),B2B,CCIB Annuaire,,Actif,2026-06-29T00:15:34.337343,haute
BJ-3F35FAA0,Manufacture Métal Bénin,Industrie & Manufacture,Banikoara,+229 64 24 84 80,manufacture.métal.bénin@manufacture.métal.bénin.net,manufacturemétalbénin.bj,Grande (>200),B2B,CCIB Annuaire,,Actif,2026-06-29T00:15:34.337362,haute
BJ-812B196A,Automobile Africa,Industrie & Manufacture,Banikoara,+229 64 94 30 39,automobile.africa@automobile.africa.benin,automobileafrica.bj,TPE (<10),B2B,CCIB Annuaire,,Actif,2026-06-29T00:15:34.337377,haute
BJ-79AC1A28,Production Plastique,Industrie & Manufacture,Banikoara,+229 24 26 65 51,production.plastique@production.plastique.benin,,TPE (<10),B2B,CCIB Annuaire,,Actif,2026-06-29T00:15:34.337401,moyenne
BJ-1CE7607D,Industrie Chimie Factory,Industrie & Manufacture,Banikoara,+229 25 12 28 29,,,PME (10-50),B2B,CCIB Annuaire,,Actif,2026-06-29T00:15:34.337411,basse
BJ-FC04F02E,Bois Industry,Industrie & Manufacture,Ségbana,+229 30 47 75 39,bois.industry@bois.industry.benin,,TPE (<10),B2B,CCIB Annuaire,,Actif,2026-06-29T00:15:34.337441,moyenne
BJ-D9B75EE4,Automobile Ségbana,Industrie & Manufacture,Ségbana,+229 53 82 52 24,automobile.ségbana@automobile.ségbana.benin,,PME (50-200),B2B,CCIB Annuaire,,Actif,2026-06-29T00:15:34.337464,moyenne
BJ-D7F032E2,Textile Ségbana,Industrie & Manufacture,Ségbana,+229 81 65 19 15,textile.ségbana@textile.ségbana.net,textileségbana.bj,Grande (>200),B2B,CCIB Annuaire,,Actif,2026-06-29T00:15:34.337477,haute
BJ-864C0FF5,Usine Bois,Industrie & Manufacture,Karimama,+229 42 96 42 65,,usinebois.bj,TPE (<10),B2B,CCIB Annuaire,,Actif,2026-06-29T00:15:34.337494,moyenne
BJ-09FAA72B,Alimentaire Bénin,Industrie & Manufacture,Karimama,+229 59 73 31 72,,,PME (50-200),B2B,CCIB Annuaire,,Actif,2026-06-29T00:15:34.337508,basse
BJ-CEAE22D3,Transformation Manufacture,Industrie & Manufacture,Karimama,+229 59 66 61 54,transformation.manufacture@transformation.manufacture.bj,transformationmanufacture.bj,PME (10-50),B2B,CCIB Annuaire,,Actif,2026-06-29T00:15:34.337524,haute
BJ-13DDF82D,Mécanique Karimama,Industrie & Manufacture,Karimama,+229 50 31 50 38,mécanique.karimama@mécanique.karimama.org,,PME (10-50),B2B,CCIB Annuaire,,Actif,2026-06-29T00:15:34.337537,moyenne
BJ-32F379FE,Production Métal Karimama,Industrie & Manufacture,Karimama,+229 33 48 35 28,production.métal.karimama@production.métal.karimama.net,,PME (10-50),B2B,CCIB Annuaire,,Actif,2026-06-29T00:15:34.337550,moyenne
BJ-DF406437,Fabrique Automobile,Industrie & Manufacture,Gogounou,+229 99 63 36 43,,fabriqueautomobile.bj,PME (10-50),B2B,CCIB Annuaire,,Actif,2026-06-29T00:15:34.337570,moyenne
BJ-505C62B5,Chimie Groupe,Industrie & Manufacture,Gogounou,+229 59 12 72 86,chimie.groupe@chimie.groupe.net,chimiegroupe.bj,TPE (<10),B2B,CCIB Annuaire,,Actif,2026-06-29T00:15:34.337584,haute
BJ-F7A59932,Fabrique Production Groupe,Industrie & Manufacture,Gogounou,+229 22 43 46 55,fabrique.production.groupe@fabrique.production.groupe.org,,TPE (<10),B2B,CCIB Annuaire,,Actif,2026-06-29T00:15:34.337596,moyenne
BJ-9428130F,Fabrication Bénin,Industrie & Manufacture,Gogounou,+229 69 62 18 24,fabrication.bénin@fabrication.bénin.bj,,TPE (<10),B2B,CCIB Annuaire,,Actif,2026-06-29T00:15:34.337608,moyenne
BJ-E87EE51F,Manufacture Mécanique Groupe,Industrie & Manufacture,Gogounou,+229 24 88 47 72,,manufacturemécaniquegroupe.bj,TPE (<10),B2B,CCIB Annuaire,,Actif,2026-06-29T00:15:34.337620,moyenne
BJ-098ADBF6,Automobile,Industrie & Manufacture,Cobly,+229 71 76 69 28,automobile@automobile.com,automobile.bj,PME (10-50),B2B,CCIB Annuaire,,Actif,2026-06-29T00:15:34.337638,haute
BJ-5A5F7DCD,Production Alimentaire,Industrie & Manufacture,Cobly,+229 33 13 94 27,production.alimentaire@production.alimentaire.net,,PME (10-50),B2B,CCIB Annuaire,,Actif,2026-06-29T00:15:34.337667,moyenne
BJ-F48BF1F4,Usine Transformation Bénin,Industrie & Manufacture,Cobly,+229 34 14 37 52,usine.transformation.bénin@usine.transformation.bénin.com,usinetransformationbénin.bj,PME (10-50),B2B,CCIB Annuaire,,Actif,2026-06-29T00:15:34.337680,haute
BJ-2D83CB4B,Industrie Fabrication Industry Cobly,Industrie & Manufacture,Cobly,+229 43 84 40 34,,industriefabricationindustrycobly.bj,PME (10-50),B2B,CCIB Annuaire,,Actif,2026-06-29T00:15:34.337692,moyenne
BJ-B4726781,Fabrique Métal SARL,Industrie & Manufacture,Tanguiéta,+229 28 88 35 98,fabrique.métal.sarl@fabrique.métal.sarl.benin,fabriquemétalsarl.bj,PME (10-50),B2B,CCIB Annuaire,,Actif,2026-06-29T00:15:34.337711,haute
BJ-9EFFB7DE,Industrie Textile SA,Industrie & Manufacture,Tanguiéta,+229 58 21 31 91,industrie.textile.sa@industrie.textile.sa.bj,industrietextilesa.bj,PME (10-50),B2B,CCIB Annuaire,,Actif,2026-06-29T00:15:34.337723,haute
BJ-020CD2D7,Industrie Mécanique Industry,Industrie & Manufacture,Tanguiéta,+229 45 44 40 33,industrie.mécanique.industry@industrie.mécanique.industry.com,industriemécaniqueindustry.bj,TPE (<10),B2B,CCIB Annuaire,,Actif,2026-06-29T00:15:34.337740,haute
BJ-6502730E,Transformation Groupe,Industrie & Manufacture,Tanguiéta,+229 47 14 21 34,transformation.groupe@transformation.groupe.bj,transformationgroupe.bj,PME (10-50),B2B,CCIB Annuaire,,Actif,2026-06-29T00:15:34.337753,haute
BJ-E0A5CB34,Usine Alimentaire Manufacture Tanguiéta,Industrie & Manufacture,Tanguiéta,+229 53 28 36 94,,usinealimentairemanufacturetanguiéta.bj,PME (10-50),B2B,CCIB Annuaire,,Actif,2026-06-29T00:15:34.337766,moyenne
BJ-17156D0E,Manufacture Textile Bénin Matéri,Industrie & Manufacture,Matéri,+229 81 23 98 28,,manufacturetextilebéninmatéri.bj,PME (10-50),B2B,CCIB Annuaire,,Actif,2026-06-29T00:15:34.337784,moyenne
BJ-B352D677,Électronique,Industrie & Manufacture,Matéri,+229 69 89 59 97,électronique@électronique.net,,TPE (<10),B2B,CCIB Annuaire,,Actif,2026-06-29T00:15:34.337799,moyenne
BJ-77EBC308,Production Transformation Groupe Matéri,Industrie & Manufacture,Matéri,+229 62 35 63 56,,,TPE (<10),B2B,CCIB Annuaire,,Actif,2026-06-29T00:15:34.337811,basse
BJ-54B8AE4B,Chimie Industry,Industrie & Manufacture,Matéri,+229 92 93 26 38,chimie.industry@chimie.industry.bj,chimieindustry.bj,PME (50-200),B2B,CCIB Annuaire,,Actif,2026-06-29T00:15:34.337827,haute
BJ-6529EBBB,Fabrique Production,Industrie & Manufacture,Matéri,+229 79 73 11 56,,,TPE (<10),B2B,CCIB Annuaire,,Actif,2026-06-29T00:15:34.337837,basse
BJ-4F13F50E,Industrie Bois,Industrie & Manufacture,Natitingou,+229 81 46 40 94,,industriebois.bj,TPE (<10),B2B,CCIB Annuaire,,Actif,2026-06-29T00:15:34.337856,moyenne
BJ-C165195E,Manufacture Électronique,Industrie & Manufacture,Natitingou,+229 76 36 62 41,manufacture.électronique@manufacture.électronique.bj,manufactureélectronique.bj,Grande (>200),B2B,CCIB Annuaire,,Actif,2026-06-29T00:15:34.337870,haute
BJ-07AE4D58,Automobile Manufacture,Industrie & Manufacture,Natitingou,+229 28 90 93 84,,automobilemanufacture.bj,TPE (<10),B2B,CCIB Annuaire,,Actif,2026-06-29T00:15:34.337882,moyenne
BJ-0B25A9FB,Fabrique Textile Bénin Natitingou,Industrie & Manufacture,Natitingou,+229 27 54 15 88,fabrique.textile.bénin.natitingou@fabrique.textile.bénin.natitingou.org,,TPE (<10),B2B,CCIB Annuaire,,Actif,2026-06-29T00:15:34.337905,moyenne
BJ-C31FE7ED,Fabrique Pharmaceutique,Industrie & Manufacture,Toucountouna,+229 52 96 46 15,fabrique.pharmaceutique@fabrique.pharmaceutique.org,,PME (10-50),B2B,CCIB Annuaire,,Actif,2026-06-29T00:15:34.337937,moyenne
BJ-C3AFD893,Usine Production Industry,Industrie & Manufacture,Toucountouna,+229 27 71 96 34,,usineproductionindustry.bj,TPE (<10),B2B,CCIB Annuaire,,Actif,2026-06-29T00:15:34.337951,moyenne
BJ-5904353E,Électronique Manufacture,Industrie & Manufacture,Toucountouna,+229 73 83 66 63,électronique.manufacture@électronique.manufacture.com,électroniquemanufacture.bj,PME (10-50),B2B,CCIB Annuaire,,Actif,2026-06-29T00:15:34.337965,haute
BJ-EEC38810,Usine Plastique Groupe,Industrie & Manufacture,Toucountouna,+229 56 48 93 11,,,TPE (<10),B2B,CCIB Annuaire,,Actif,2026-06-29T00:15:34.337976,basse
BJ-A903E1D2,Industrie Électronique,Industrie & Manufacture,Toucountouna,+229 37 45 44 91,,,PME (10-50),B2B,CCIB Annuaire,,Actif,2026-06-29T00:15:34.337990,basse
BJ-BA81C258,Production Industry,Industrie & Manufacture,Boukoumbé,+229 27 78 90 59,,,TPE (<10),B2B,CCIB Annuaire,,Actif,2026-06-29T00:15:34.338007,basse
BJ-C4E506AC,Usine Fabrication SA Boukoumbé,Industrie & Manufacture,Boukoumbé,+229 36 83 65 87,usine.fabrication.sa.boukoumbé@usine.fabrication.sa.boukoumbé.benin,,PME (50-200),B2B,CCIB Annuaire,,Actif,2026-06-29T00:15:34.338019,moyenne
BJ-7140FAFB,Production Transformation Industry,Industrie & Manufacture,Boukoumbé,+229 42 38 85 18,production.transformation.industry@production.transformation.industry.benin,,TPE (<10),B2B,CCIB Annuaire,,Actif,2026-06-29T00:15:34.338031,moyenne
BJ-AB589A24,Atelier Production,Industrie & Manufacture,Boukoumbé,+229 82 39 45 88,,,PME (10-50),B2B,CCIB Annuaire,,Actif,2026-06-29T00:15:34.338042,basse
BJ-25B75344,Production Automobile Boukoumbé,Industrie & Manufacture,Boukoumbé,+229 69 23 50 27,,,PME (50-200),B2B,CCIB Annuaire,,Actif,2026-06-29T00:15:34.338056,basse
BJ-CDFB8500,Bois Factory,Industrie & Manufacture,Kouandé,+229 77 51 87 60,bois.factory@bois.factory.benin,,PME (10-50),B2B,CCIB Annuaire,,Actif,2026-06-29T00:15:34.338074,moyenne
BJ-61F7944A,Fabrique Transformation Groupe Kouandé,Industrie & Manufacture,Kouandé,+229 51 74 20 60,,,Grande (>200),B2B,CCIB Annuaire,,Actif,2026-06-29T00:15:34.338088,basse
BJ-A7B17598,Usine Chimie,Industrie & Manufacture,Kouandé,+229 71 85 72 48,usine.chimie@usine.chimie.bj,,PME (10-50),B2B,CCIB Annuaire,,Actif,2026-06-29T00:15:34.338100,moyenne
BJ-9D704D0C,Atelier Automobile Groupe Kouandé,Industrie & Manufacture,Kouandé,+229 54 68 92 87,,atelierautomobilegroupekouandé.bj,PME (50-200),B2B,CCIB Annuaire,,Actif,2026-06-29T00:15:34.338112,moyenne
BJ-EDC967DD,Métal Factory,Industrie & Manufacture,Kouandé,+229 23 72 24 47,,métalfactory.bj,PME (10-50),B2B,CCIB Annuaire,,Actif,2026-06-29T00:15:34.338124,moyenne
BJ-2CD9059A,Métal SARL Péhunco,Industrie & Manufacture,Péhunco,+229 81 60 10 99,métal.sarl.péhunco@métal.sarl.péhunco.bj,,PME (50-200),B2B,CCIB Annuaire,,Actif,2026-06-29T00:15:34.338142,moyenne
BJ-0ABD7898,Industrie Production,Industrie & Manufacture,Péhunco,+229 47 37 93 73,,industrieproduction.bj,PME (50-200),B2B,CCIB Annuaire,,Actif,2026-06-29T00:15:34.338154,moyenne
BJ-4B1BE51E,Atelier Textile,Industrie & Manufacture,Péhunco,+229 20 39 96 84,atelier.textile@atelier.textile.bj,,TPE (<10),B2B,CCIB Annuaire,,Actif,2026-06-29T00:15:34.338166,moyenne
BJ-AB3E68BD,Industrie Production,Industrie & Manufacture,Tchaourou,+229 97 75 42 54,industrie.production@industrie.production.benin,,TPE (<10),B2B,CCIB Annuaire,,Actif,2026-06-29T00:15:34.338220,moyenne
BJ-1052498E,Automobile SA Tchaourou,Industrie & Manufacture,Tchaourou,+229 41 87 43 36,automobile.sa.tchaourou@automobile.sa.tchaourou.org,,PME (50-200),B2B,CCIB Annuaire,,Actif,2026-06-29T00:15:34.338232,moyenne
BJ-B0A83FC2,Manufacture Chimie Factory,Industrie & Manufacture,Tchaourou,+229 23 78 51 12,manufacture.chimie.factory@manufacture.chimie.factory.org,manufacturechimiefactory.bj,PME (10-50),B2B,CCIB Annuaire,,Actif,2026-06-29T00:15:34.338244,haute
BJ-AB34461E,Production Électronique Manufacture,Industrie & Manufacture,Tchaourou,+229 92 91 17 90,,,TPE (<10),B2B,CCIB Annuaire,,Actif,2026-06-29T00:15:34.338255,basse
BJ-7730DE0A,Fabrique Automobile Bénin,Industrie & Manufacture,Nikki,+229 91 59 84 46,,,PME (50-200),B2B,CCIB Annuaire,,Actif,2026-06-29T00:15:34.338272,basse
BJ-62F46504,Atelier Bois SA,Industrie & Manufacture,Nikki,+229 64 88 86 54,atelier.bois.sa@atelier.bois.sa.bj,atelierboissa.bj,PME (10-50),B2B,CCIB Annuaire,,Actif,2026-06-29T00:15:34.338300,haute
BJ-BB732ECE,Usine Fabrication Nikki,Industrie & Manufacture,Nikki,+229 40 49 61 51,usine.fabrication.nikki@usine.fabrication.nikki.bj,usinefabricationnikki.bj,PME (10-50),B2B,CCIB Annuaire,,Actif,2026-06-29T00:15:34.338312,haute
BJ-D5F3255A,Mécanique Factory,Industrie & Manufacture,Nikki,+229 98 33 13 33,mécanique.factory@mécanique.factory.com,,PME (50-200),B2B,CCIB Annuaire,,Actif,2026-06-29T00:15:34.338324,moyenne
BJ-122E9D9D,Métal,Industrie & Manufacture,Bembéréké,+229 56 48 42 67,,métal.bj,TPE (<10),B2B,CCIB Annuaire,,Actif,2026-06-29T00:15:34.338341,moyenne
BJ-7F257AAE,Production,Industrie & Manufacture,Bembéréké,+229 50 35 31 22,,production.bj,TPE (<10),B2B,CCIB Annuaire,,Actif,2026-06-29T00:15:34.338371,moyenne
BJ-11A95100,Manufacture Bois Industry Bembéréké,Industrie & Manufacture,Bembéréké,+229 43 97 97 43,manufacture.bois.industry.bembéréké@manufacture.bois.industry.bembéréké.net,manufactureboisindustrybembéréké.bj,PME (10-50),B2B,CCIB Annuaire,,Actif,2026-06-29T00:15:34.338385,haute
BJ-EE216C7C,Industrie Production,Industrie & Manufacture,Kalalé,+229 32 64 83 12,industrie.production@industrie.production.org,,PME (10-50),B2B,CCIB Annuaire,,Actif,2026-06-29T00:15:34.338414,moyenne
BJ-04BD5B27,Usine Alimentaire Kalalé,Industrie & Manufacture,Kalalé,+229 81 99 90 23,usine.alimentaire.kalalé@usine.alimentaire.kalalé.com,,TPE (<10),B2B,CCIB Annuaire,,Actif,2026-06-29T00:15:34.338426,moyenne
BJ-4D4745A4,Industrie Pharmaceutique,Industrie & Manufacture,Kalalé,+229 90 22 62 52,industrie.pharmaceutique@industrie.pharmaceutique.benin,,PME (10-50),B2B,CCIB Annuaire,,Actif,2026-06-29T00:15:34.338438,moyenne
BJ-0128EFE8,Production Automobile,Industrie & Manufacture,Kalalé,+229 35 35 32 38,,,PME (50-200),B2B,CCIB Annuaire,,Actif,2026-06-29T00:15:34.338449,basse
BJ-1114AFC7,Alimentaire,Industrie & Manufacture,Kalalé,+229 35 46 76 92,alimentaire@alimentaire.benin,,TPE (<10),B2B,CCIB Annuaire,,Actif,2026-06-29T00:15:34.338460,moyenne
BJ-59450148,Fabrique Fabrication Groupe,Industrie & Manufacture,Ndali,+229 81 78 46 47,fabrique.fabrication.groupe@fabrique.fabrication.groupe.benin,fabriquefabricationgroupe.bj,TPE (<10),B2B,CCIB Annuaire,,Actif,2026-06-29T00:15:34.338478,haute
BJ-1EB8C375,Industrie Textile SA,Industrie & Manufacture,Ndali,+229 72 56 15 74,industrie.textile.sa@industrie.textile.sa.bj,industrietextilesa.bj,PME (10-50),B2B,CCIB Annuaire,,Actif,2026-06-29T00:15:34.338494,haute
BJ-410E8B2D,Mécanique Ndali,Industrie & Manufacture,Ndali,+229 93 87 13 26,mécanique.ndali@mécanique.ndali.org,mécaniquendali.bj,TPE (<10),B2B,CCIB Annuaire,,Actif,2026-06-29T00:15:34.338508,haute
BJ-58576F06,Production Transformation,Industrie & Manufacture,Ndali,+229 45 87 38 26,production.transformation@production.transformation.org,,TPE (<10),B2B,CCIB Annuaire,,Actif,2026-06-29T00:15:34.338522,moyenne
BJ-DBCE2F27,Usine Chimie,Industrie & Manufacture,Ndali,+229 71 90 25 44,usine.chimie@usine.chimie.com,usinechimie.bj,PME (10-50),B2B,CCIB Annuaire,,Actif,2026-06-29T00:15:34.338535,haute
BJ-48935276,Production Automobile Groupe,Industrie & Manufacture,Ségbana,+229 97 40 72 29,production.automobile.groupe@production.automobile.groupe.bj,,PME (10-50),B2B,CCIB Annuaire,,Actif,2026-06-29T00:15:34.338553,moyenne
BJ-87EF5158,Atelier Fabrication,Industrie & Manufacture,Ségbana,+229 61 63 99 82,atelier.fabrication@atelier.fabrication.com,,PME (50-200),B2B,CCIB Annuaire,,Actif,2026-06-29T00:15:34.338564,moyenne
BJ-FCBBB972,Usine Fabrication,Industrie & Manufacture,Ségbana,+229 34 59 12 94,usine.fabrication@usine.fabrication.org,usinefabrication.bj,PME (10-50),B2B,CCIB Annuaire,,Actif,2026-06-29T00:15:34.338614,haute
BJ-F1E80007,Production Bois Tchaourou,Industrie & Manufacture,Tchaourou,+229 49 87 86 18,production.bois.tchaourou@production.bois.tchaourou.benin,productionboistchaourou.bj,TPE (<10),B2B,CCIB Annuaire,,Actif,2026-06-29T00:15:34.338657,haute
BJ-0223C7C7,Automobile SARL Tchaourou,Industrie & Manufacture,Tchaourou,+229 65 84 89 25,automobile.sarl.tchaourou@automobile.sarl.tchaourou.bj,automobilesarltchaourou.bj,TPE (<10),B2B,CCIB Annuaire,,Actif,2026-06-29T00:15:34.338680,haute
BJ-989E6551,Pharmaceutique,Industrie & Manufacture,Bétérou,+229 22 25 72 33,pharmaceutique@pharmaceutique.benin,pharmaceutique.bj,TPE (<10),B2B,CCIB Annuaire,,Actif,2026-06-29T00:15:34.338704,haute
BJ-5A8A047C,Production Transformation,Industrie & Manufacture,Bétérou,+229 46 86 11 75,,productiontransformation.bj,PME (10-50),B2B,CCIB Annuaire,,Actif,2026-06-29T00:15:34.338730,moyenne
BJ-149ED3C3,Usine Plastique,Industrie & Manufacture,Bétérou,+229 22 30 65 45,,usineplastique.bj,TPE (<10),B2B,CCIB Annuaire,,Actif,2026-06-29T00:15:34.338742,moyenne
BJ-377BF736,Industrie Électronique Bétérou,Industrie & Manufacture,Bétérou,+229 98 62 37 35,industrie.électronique.bétérou@industrie.électronique.bétérou.benin,,Grande (>200),B2B,CCIB Annuaire,,Actif,2026-06-29T00:15:34.338754,moyenne
BJ-BC496923,Usine Automobile,Industrie & Manufacture,Ouessè,+229 48 27 16 76,usine.automobile@usine.automobile.bj,,Grande (>200),B2B,CCIB Annuaire,,Actif,2026-06-29T00:15:34.338776,moyenne
BJ-6BE954FA,Industrie Production Factory Ouessè,Industrie & Manufacture,Ouessè,+229 66 27 80 50,,industrieproductionfactoryouessè.bj,TPE (<10),B2B,CCIB Annuaire,,Actif,2026-06-29T00:15:34.338796,moyenne
BJ-F595E153,Industrie Pharmaceutique,Industrie & Manufacture,Ouessè,+229 87 15 60 90,industrie.pharmaceutique@industrie.pharmaceutique.org,,PME (10-50),B2B,CCIB Annuaire,,Actif,2026-06-29T00:15:34.338808,moyenne
BJ-C72346AB,Fabrique Pharmaceutique Ouessè,Industrie & Manufacture,Ouessè,+229 33 94 50 67,,,PME (10-50),B2B,CCIB Annuaire,,Actif,2026-06-29T00:15:34.338819,basse
BJ-19AF49B8,Production Électronique,Industrie & Manufacture,Ouessè,+229 58 19 84 86,,productionélectronique.bj,PME (10-50),B2B,CCIB Annuaire,,Actif,2026-06-29T00:15:34.338833,moyenne
BJ-DEAD0548,Manufacture Chimie Bénin,Industrie & Manufacture,Glazoué,+229 80 53 39 43,manufacture.chimie.bénin@manufacture.chimie.bénin.org,manufacturechimiebénin.bj,PME (10-50),B2B,CCIB Annuaire,,Actif,2026-06-29T00:15:34.338853,haute
BJ-59BBD134,Manufacture Métal,Industrie & Manufacture,Glazoué,+229 29 50 18 79,manufacture.métal@manufacture.métal.org,manufacturemétal.bj,TPE (<10),B2B,CCIB Annuaire,,Actif,2026-06-29T00:15:34.338866,haute
BJ-95E034EB,Production,Industrie & Manufacture,Glazoué,+229 80 38 42 66,production@production.net,production.bj,TPE (<10),B2B,CCIB Annuaire,,Actif,2026-06-29T00:15:34.338877,haute
BJ-A6A3BF2C,Plastique Factory Glazoué,Industrie & Manufacture,Glazoué,+229 93 10 75 87,,,Grande (>200),B2B,CCIB Annuaire,,Actif,2026-06-29T00:15:34.338897,basse
BJ-AB0CEE37,Automobile SARL Glazoué,Industrie & Manufacture,Glazoué,+229 92 32 24 87,,,PME (50-200),B2B,CCIB Annuaire,,Actif,2026-06-29T00:15:34.338915,basse
BJ-2200EA30,Production Fabrication,Industrie & Manufacture,Dassa-Zoumè,+229 22 19 66 55,production.fabrication@production.fabrication.bj,,PME (10-50),B2B,CCIB Annuaire,,Actif,2026-06-29T00:15:34.338933,moyenne
BJ-374960D0,Usine Chimie,Industrie & Manufacture,Dassa-Zoumè,+229 53 87 33 44,usine.chimie@usine.chimie.bj,usinechimie.bj,PME (10-50),B2B,CCIB Annuaire,,Actif,2026-06-29T00:15:34.338953,haute
BJ-A18AE263,Mécanique Bénin,Industrie & Manufacture,Dassa-Zoumè,+229 28 36 41 48,,,TPE (<10),B2B,CCIB Annuaire,,Actif,2026-06-29T00:15:34.338965,basse
BJ-DB6A426C,Industrie Chimie,Industrie & Manufacture,Dassa-Zoumè,+229 93 85 23 45,,industriechimie.bj,TPE (<10),B2B,CCIB Annuaire,,Actif,2026-06-29T00:15:34.338989,moyenne
BJ-4BEA6422,Usine Pharmaceutique,Industrie & Manufacture,Savalou,+229 88 19 61 92,,,TPE (<10),B2B,CCIB Annuaire,,Actif,2026-06-29T00:15:34.339005,basse
BJ-269F4491,Production Pharmaceutique SARL,Industrie & Manufacture,Savalou,+229 90 58 84 30,,,TPE (<10),B2B,CCIB Annuaire,,Actif,2026-06-29T00:15:34.339016,basse
BJ-38E35200,Industrie Automobile Savalou,Industrie & Manufacture,Savalou,+229 45 69 29 82,industrie.automobile.savalou@industrie.automobile.savalou.net,,PME (10-50),B2B,CCIB Annuaire,,Actif,2026-06-29T00:15:34.339030,moyenne
BJ-4041579B,Textile Africa,Industrie & Manufacture,Savalou,+229 36 33 55 47,,textileafrica.bj,TPE (<10),B2B,CCIB Annuaire,,Actif,2026-06-29T00:15:34.339041,moyenne
BJ-97D01F85,Fabrique Pharmaceutique Bénin,Industrie & Manufacture,Savalou,+229 85 29 68 76,,,PME (10-50),B2B,CCIB Annuaire,,Actif,2026-06-29T00:15:34.339052,basse
BJ-91A0E77F,Fabrication,Industrie & Manufacture,Bantè,+229 99 60 54 96,fabrication@fabrication.com,,TPE (<10),B2B,CCIB Annuaire,,Actif,2026-06-29T00:15:34.339069,moyenne
BJ-FBBA132E,Alimentaire SA,Industrie & Manufacture,Bantè,+229 56 76 29 33,,,PME (10-50),B2B,CCIB Annuaire,,Actif,2026-06-29T00:15:34.339082,basse
BJ-7C40B1C0,Industrie Bois Groupe,Industrie & Manufacture,Bantè,+229 38 88 74 87,industrie.bois.groupe@industrie.bois.groupe.net,,PME (50-200),B2B,CCIB Annuaire,,Actif,2026-06-29T00:15:34.339095,moyenne
BJ-8A2A30BF,Électronique Factory,Industrie & Manufacture,Bantè,+229 28 25 32 15,,électroniquefactory.bj,TPE (<10),B2B,CCIB Annuaire,,Actif,2026-06-29T00:15:34.339106,moyenne
BJ-D79BA228,Production Alimentaire Groupe Bantè,Industrie & Manufacture,Bantè,+229 61 32 37 18,production.alimentaire.groupe.bantè@production.alimentaire.groupe.bantè.org,productionalimentairegroupebantè.bj,Grande (>200),B2B,CCIB Annuaire,,Actif,2026-06-29T00:15:34.339119,haute
BJ-3E74B265,Fabrique Textile Industry,Industrie & Manufacture,Djougou,+229 98 55 53 39,fabrique.textile.industry@fabrique.textile.industry.com,,PME (10-50),B2B,CCIB Annuaire,,Actif,2026-06-29T00:15:34.339140,moyenne
BJ-A60EA660,Manufacture Alimentaire Bénin,Industrie & Manufacture,Djougou,+229 28 28 67 16,,manufacturealimentairebénin.bj,Grande (>200),B2B,CCIB Annuaire,,Actif,2026-06-29T00:15:34.339153,moyenne
BJ-43CAC682,Usine Alimentaire Factory,Industrie & Manufacture,Djougou,+229 76 65 57 27,,,TPE (<10),B2B,CCIB Annuaire,,Actif,2026-06-29T00:15:34.339164,basse
BJ-AD1E04FE,Fabrication,Industrie & Manufacture,Djougou,+229 88 79 98 20,fabrication@fabrication.org,fabrication.bj,Grande (>200),B2B,CCIB Annuaire,,Actif,2026-06-29T00:15:34.339176,haute
BJ-7E9DB5BA,Bois Djougou,Industrie & Manufacture,Djougou,+229 95 61 47 80,,boisdjougou.bj,PME (10-50),B2B,CCIB Annuaire,,Actif,2026-06-29T00:15:34.339187,moyenne
BJ-20B0FB49,Industrie Alimentaire,Industrie & Manufacture,Ouèssè,+229 37 27 67 80,industrie.alimentaire@industrie.alimentaire.com,industriealimentaire.bj,PME (10-50),B2B,CCIB Annuaire,,Actif,2026-06-29T00:15:34.339219,haute
BJ-A1708EE1,Production Alimentaire,Industrie & Manufacture,Ouèssè,+229 39 53 61 87,production.alimentaire@production.alimentaire.org,productionalimentaire.bj,PME (50-200),B2B,CCIB Annuaire,,Actif,2026-06-29T00:15:34.339232,haute
BJ-88A53423,Automobile Groupe,Industrie & Manufacture,Ouèssè,+229 34 17 32 79,automobile.groupe@automobile.groupe.net,,TPE (<10),B2B,CCIB Annuaire,,Actif,2026-06-29T00:15:34.339246,moyenne
BJ-704175E9,Production Bois SARL,Industrie & Manufacture,Bassila,+229 74 64 71 81,production.bois.sarl@production.bois.sarl.bj,,TPE (<10),B2B,CCIB Annuaire,,Actif,2026-06-29T00:15:34.339273,moyenne
BJ-D7966E66,Usine Métal Bassila,Industrie & Manufacture,Bassila,+229 35 70 71 55,,,PME (50-200),B2B,CCIB Annuaire,,Actif,2026-06-29T00:15:34.339296,basse
BJ-CE9EBA6D,Automobile SARL,Industrie & Manufacture,Bassila,+229 47 54 16 49,automobile.sarl@automobile.sarl.benin,,PME (10-50),B2B,CCIB Annuaire,,Actif,2026-06-29T00:15:34.339307,moyenne
BJ-36A8A5AD,Transformation Industry,Industrie & Manufacture,Bassila,+229 24 21 48 70,,transformationindustry.bj,PME (10-50),B2B,CCIB Annuaire,,Actif,2026-06-29T00:15:34.339317,moyenne
BJ-DF468571,Fabrique Fabrication Groupe,Industrie & Manufacture,Pehunco,+229 49 17 85 96,fabrique.fabrication.groupe@fabrique.fabrication.groupe.net,,PME (10-50),B2B,CCIB Annuaire,,Actif,2026-06-29T00:15:34.339334,moyenne
BJ-D7D9DFEB,Production Électronique Bénin,Industrie & Manufacture,Pehunco,+229 44 96 56 62,,,PME (10-50),B2B,CCIB Annuaire,,Actif,2026-06-29T00:15:34.339351,basse
BJ-D1D0066B,Production Plastique SA,Industrie & Manufacture,Pehunco,+229 38 44 54 43,,,TPE (<10),B2B,CCIB Annuaire,,Actif,2026-06-29T00:15:34.339374,basse
BJ-4DAE6DF5,Industrie Fabrication Groupe,Industrie & Manufacture,Pehunco,+229 42 10 44 81,industrie.fabrication.groupe@industrie.fabrication.groupe.net,industriefabricationgroupe.bj,TPE (<10),B2B,CCIB Annuaire,,Actif,2026-06-29T00:15:34.339385,haute
BJ-F76B852E,Transformation SA,Industrie & Manufacture,Copargo,+229 70 69 48 69,transformation.sa@transformation.sa.net,,TPE (<10),B2B,CCIB Annuaire,,Actif,2026-06-29T00:15:34.339403,moyenne
BJ-09BED8E9,Fabrique Pharmaceutique,Industrie & Manufacture,Copargo,+229 43 81 48 83,fabrique.pharmaceutique@fabrique.pharmaceutique.benin,fabriquepharmaceutique.bj,TPE (<10),B2B,CCIB Annuaire,,Actif,2026-06-29T00:15:34.339415,haute
BJ-C339419A,Métal Manufacture,Industrie & Manufacture,Copargo,+229 78 41 83 90,métal.manufacture@métal.manufacture.net,métalmanufacture.bj,PME (50-200),B2B,CCIB Annuaire,,Actif,2026-06-29T00:15:34.339428,haute
BJ-F24B9059,Manufacture Transformation,Industrie & Manufacture,Copargo,+229 86 41 20 13,,,PME (10-50),B2B,CCIB Annuaire,,Actif,2026-06-29T00:15:34.339439,basse
BJ-8853AB6A,Manufacture Bois Copargo,Industrie & Manufacture,Copargo,+229 31 91 23 46,,manufactureboiscopargo.bj,PME (10-50),B2B,CCIB Annuaire,,Actif,2026-06-29T00:15:34.339450,moyenne
BJ-E52D9B0D,Stratégie Cotonou,Services aux entreprises,Cotonou,+229 75 31 66 81,stratégie.cotonou@stratégie.cotonou.org,stratégiecotonou.bj,TPE (<10),B2B,CCIB Annuaire,,Actif,2026-06-29T00:15:34.339472,haute
BJ-68A40112,Expert Bénin,Services aux entreprises,Cotonou,+229 31 80 66 90,,,TPE (<10),B2B,CCIB Annuaire,,Actif,2026-06-29T00:15:34.339487,basse
BJ-EB4BAF3C,Comptable Partners,Services aux entreprises,Cotonou,+229 81 85 42 50,comptable.partners@comptable.partners.org,comptablepartners.bj,PME (50-200),B2B,CCIB Annuaire,,Actif,2026-06-29T00:15:34.339501,haute
BJ-F9F6B50D,Expert Communication,Services aux entreprises,Cotonou,+229 99 61 81 96,,expertcommunication.bj,PME (10-50),B2B,CCIB Annuaire,,Actif,2026-06-29T00:15:34.339514,moyenne
BJ-8555D013,Communication Cotonou,Services aux entreprises,Cotonou,+229 78 17 73 72,communication.cotonou@communication.cotonou.net,communicationcotonou.bj,TPE (<10),B2B,CCIB Annuaire,,Actif,2026-06-29T00:15:34.339526,haute
BJ-08908837,Juridique,Services aux entreprises,Abomey-Calavi,+229 23 95 13 10,,juridique.bj,PME (10-50),B2B,CCIB Annuaire,,Actif,2026-06-29T00:15:34.339544,moyenne
BJ-0842E4A9,Juridique Cabinet,Services aux entreprises,Abomey-Calavi,+229 70 15 66 48,juridique.cabinet@juridique.cabinet.bj,,Grande (>200),B2B,CCIB Annuaire,,Actif,2026-06-29T00:15:34.339555,moyenne
BJ-A6F85C0B,Fiscal,Services aux entreprises,Abomey-Calavi,+229 21 76 12 88,fiscal@fiscal.benin,fiscal.bj,PME (10-50),B2B,CCIB Annuaire,,Actif,2026-06-29T00:15:34.339578,haute
BJ-0E081D20,Stratégie Partners,Services aux entreprises,Abomey-Calavi,+229 77 89 78 37,stratégie.partners@stratégie.partners.com,stratégiepartners.bj,PME (10-50),B2B,CCIB Annuaire,,Actif,2026-06-29T00:15:34.339591,haute
BJ-038C8B5F,Bureau Communication Bénin,Services aux entreprises,Porto-Novo,+229 29 42 90 50,bureau.communication.bénin@bureau.communication.bénin.net,bureaucommunicationbénin.bj,TPE (<10),B2B,CCIB Annuaire,,Actif,2026-06-29T00:15:34.339610,haute
BJ-49ED3122,Business,Services aux entreprises,Porto-Novo,+229 97 15 46 88,business@business.org,,PME (10-50),B2B,CCIB Annuaire,,Actif,2026-06-29T00:15:34.339625,moyenne
BJ-A39AF0F4,Marketing Advisory,Services aux entreprises,Porto-Novo,+229 91 41 75 47,marketing.advisory@marketing.advisory.benin,,TPE (<10),B2B,CCIB Annuaire,,Actif,2026-06-29T00:15:34.339637,moyenne
BJ-619E00F9,Comptable Partners,Services aux entreprises,Porto-Novo,+229 46 92 53 30,comptable.partners@comptable.partners.bj,,PME (10-50),B2B,CCIB Annuaire,,Actif,2026-06-29T00:15:34.339648,moyenne
BJ-A58AA5B3,Expert Fiscal Africa,Services aux entreprises,Porto-Novo,+229 95 53 29 10,,expertfiscalafrica.bj,PME (10-50),B2B,CCIB Annuaire,,Actif,2026-06-29T00:15:34.339658,moyenne
BJ-2D13E0C3,Business Cabinet Parakou,Services aux entreprises,Parakou,+229 91 30 78 96,business.cabinet.parakou@business.cabinet.parakou.bj,,Grande (>200),B2B,CCIB Annuaire,,Actif,2026-06-29T00:15:34.339675,moyenne
BJ-CA245AAE,Conseil Communication,Services aux entreprises,Parakou,+229 33 87 82 98,,conseilcommunication.bj,TPE (<10),B2B,CCIB Annuaire,,Actif,2026-06-29T00:15:34.339692,moyenne
BJ-CCA43FC8,Audit Communication,Services aux entreprises,Parakou,+229 41 87 64 32,audit.communication@audit.communication.org,auditcommunication.bj,TPE (<10),B2B,CCIB Annuaire,,Actif,2026-06-29T00:15:34.339704,haute
BJ-70C06A95,Business International Parakou,Services aux entreprises,Parakou,+229 79 40 65 58,business.international.parakou@business.international.parakou.benin,businessinternationalparakou.bj,PME (10-50),B2B,CCIB Annuaire,,Actif,2026-06-29T00:15:34.339716,haute
BJ-50DAFDB6,Conseil Communication Consulting Parakou,Services aux entreprises,Parakou,+229 32 79 39 15,conseil.communication.consulting.parakou@conseil.communication.consulting.parakou.com,conseilcommunicationconsultingparakou.bj,TPE (<10),B2B,CCIB Annuaire,,Actif,2026-06-29T00:15:34.339728,haute
BJ-05B096EF,Expert RH Bureau,Services aux entreprises,Bohicon,+229 68 42 60 71,,,Grande (>200),B2B,CCIB Annuaire,,Actif,2026-06-29T00:15:34.339745,basse
BJ-FFF2D430,Expert Expert,Services aux entreprises,Bohicon,+229 29 61 15 35,expert.expert@expert.expert.bj,expertexpert.bj,PME (50-200),B2B,CCIB Annuaire,,Actif,2026-06-29T00:15:34.339760,haute
BJ-F0235FBC,Business,Services aux entreprises,Bohicon,+229 36 95 62 38,business@business.org,business.bj,PME (10-50),B2B,CCIB Annuaire,,Actif,2026-06-29T00:15:34.339775,haute
BJ-706BE2FA,Business Partners,Services aux entreprises,Bohicon,+229 72 56 12 36,business.partners@business.partners.com,businesspartners.bj,PME (50-200),B2B,CCIB Annuaire,,Actif,2026-06-29T00:15:34.339814,haute
BJ-260B72F7,Fiscal Bohicon,Services aux entreprises,Bohicon,+229 52 39 54 38,fiscal.bohicon@fiscal.bohicon.bj,fiscalbohicon.bj,Grande (>200),B2B,CCIB Annuaire,,Actif,2026-06-29T00:15:34.339847,haute
BJ-9AC63242,Conseil Communication Natitingou,Services aux entreprises,Natitingou,+229 59 95 17 77,conseil.communication.natitingou@conseil.communication.natitingou.benin,conseilcommunicationnatitingou.bj,PME (10-50),B2B,CCIB Annuaire,,Actif,2026-06-29T00:15:34.339901,haute
BJ-56348BF7,Audit Fiscal,Services aux entreprises,Natitingou,+229 36 58 68 14,audit.fiscal@audit.fiscal.bj,,PME (10-50),B2B,CCIB Annuaire,,Actif,2026-06-29T00:15:34.339932,moyenne
BJ-D094079C,Business,Services aux entreprises,Natitingou,+229 47 82 19 30,business@business.net,business.bj,PME (50-200),B2B,CCIB Annuaire,,Actif,2026-06-29T00:15:34.339960,haute
BJ-E702A5D2,Conseil Juridique,Services aux entreprises,Natitingou,+229 51 91 42 67,conseil.juridique@conseil.juridique.com,conseiljuridique.bj,PME (10-50),B2B,CCIB Annuaire,,Actif,2026-06-29T00:15:34.339987,haute
BJ-0A37B789,Expert Fiscal Natitingou,Services aux entreprises,Natitingou,+229 64 59 45 81,expert.fiscal.natitingou@expert.fiscal.natitingou.org,,PME (10-50),B2B,CCIB Annuaire,,Actif,2026-06-29T00:15:34.340022,moyenne
BJ-E95B0827,Fiscal Partners,Services aux entreprises,Lokossa,+229 30 92 36 61,fiscal.partners@fiscal.partners.com,,PME (10-50),B2B,CCIB Annuaire,,Actif,2026-06-29T00:15:34.340064,moyenne
BJ-A2C5539D,Conseil Fiscal Africa,Services aux entreprises,Lokossa,+229 74 44 81 36,,conseilfiscalafrica.bj,TPE (<10),B2B,CCIB Annuaire,,Actif,2026-06-29T00:15:34.340122,moyenne
BJ-BF428A8E,Juridique Bénin,Services aux entreprises,Lokossa,+229 21 71 70 78,juridique.bénin@juridique.bénin.com,,PME (10-50),B2B,CCIB Annuaire,,Actif,2026-06-29T00:15:34.340148,moyenne
BJ-D6069BEF,Audit,Services aux entreprises,Lokossa,+229 33 99 96 65,audit@audit.net,audit.bj,PME (50-200),B2B,CCIB Annuaire,,Actif,2026-06-29T00:15:34.340174,haute
BJ-825034B4,Bureau Expert,Services aux entreprises,Ouidah,+229 22 80 50 77,bureau.expert@bureau.expert.com,bureauexpert.bj,Grande (>200),B2B,CCIB Annuaire,,Actif,2026-06-29T00:15:34.340217,haute
BJ-E5458D03,Juridique International,Services aux entreprises,Ouidah,+229 51 71 90 80,juridique.international@juridique.international.net,juridiqueinternational.bj,PME (10-50),B2B,CCIB Annuaire,,Actif,2026-06-29T00:15:34.340247,haute
BJ-D48B84F3,Fiscal,Services aux entreprises,Ouidah,+229 86 39 55 17,,fiscal.bj,TPE (<10),B2B,CCIB Annuaire,,Actif,2026-06-29T00:15:34.340280,moyenne
BJ-10247BDF,Audit Management International,Services aux entreprises,Ouidah,+229 59 42 36 52,audit.management.international@audit.management.international.benin,auditmanagementinternational.bj,TPE (<10),B2B,CCIB Annuaire,,Actif,2026-06-29T00:15:34.340312,haute
BJ-0927E75E,RH Bénin,Services aux entreprises,Savalou,+229 87 83 91 17,rh.bénin@rh.bénin.bj,rhbénin.bj,PME (10-50),B2B,CCIB Annuaire,,Actif,2026-06-29T00:15:34.340340,haute
BJ-F95251B4,Bureau Marketing International,Services aux entreprises,Savalou,+229 61 78 39 66,bureau.marketing.international@bureau.marketing.international.org,bureaumarketinginternational.bj,PME (10-50),B2B,CCIB Annuaire,,Actif,2026-06-29T00:15:34.340357,haute
BJ-41C69EC7,Formation Cabinet,Services aux entreprises,Savalou,+229 73 33 44 32,formation.cabinet@formation.cabinet.net,,Grande (>200),B2B,CCIB Annuaire,,Actif,2026-06-29T00:15:34.340370,moyenne
BJ-1A586B1A,Conseil,Services aux entreprises,Savalou,+229 94 59 16 62,conseil@conseil.com,,PME (10-50),B2B,CCIB Annuaire,,Actif,2026-06-29T00:15:34.340381,moyenne
BJ-E2C9A51F,Expert International,Services aux entreprises,Dassa-Zoumè,+229 73 90 53 37,expert.international@expert.international.com,expertinternational.bj,TPE (<10),B2B,CCIB Annuaire,,Actif,2026-06-29T00:15:34.340416,haute
BJ-2F84B5E3,Consulting Marketing Consulting Dassa-Zoumè,Services aux entreprises,Dassa-Zoumè,+229 81 26 80 45,consulting.marketing.consulting.dassazoumè@consulting.marketing.consulting.dassazoumè.org,consultingmarketingconsultingdassazoumè.bj,TPE (<10),B2B,CCIB Annuaire,,Actif,2026-06-29T00:15:34.340431,haute
BJ-CC966456,Communication,Services aux entreprises,Dassa-Zoumè,+229 53 15 57 60,communication@communication.bj,communication.bj,PME (10-50),B2B,CCIB Annuaire,,Actif,2026-06-29T00:15:34.340444,haute
BJ-EE01EA00,Conseil Business Bénin,Services aux entreprises,Dassa-Zoumè,+229 26 53 92 94,,,TPE (<10),B2B,CCIB Annuaire,,Actif,2026-06-29T00:15:34.340454,basse
BJ-673AFEE6,RH Cabinet,Services aux entreprises,Dassa-Zoumè,+229 75 67 27 28,rh.cabinet@rh.cabinet.net,,TPE (<10),B2B,CCIB Annuaire,,Actif,2026-06-29T00:15:34.340466,moyenne
BJ-1D14CE18,Consulting Africa Kétou,Services aux entreprises,Kétou,+229 58 87 80 30,consulting.africa.kétou@consulting.africa.kétou.bj,consultingafricakétou.bj,PME (10-50),B2B,CCIB Annuaire,,Actif,2026-06-29T00:15:34.340503,haute
BJ-B67B63A2,Bureau Stratégie Africa,Services aux entreprises,Kétou,+229 45 34 91 90,bureau.stratégie.africa@bureau.stratégie.africa.benin,bureaustratégieafrica.bj,PME (50-200),B2B,CCIB Annuaire,,Actif,2026-06-29T00:15:34.340532,haute
BJ-03E1538F,Consulting,Services aux entreprises,Kétou,+229 85 51 45 44,consulting@consulting.net,,PME (10-50),B2B,CCIB Annuaire,,Actif,2026-06-29T00:15:34.340544,moyenne
BJ-B07B817D,Juridique Consulting,Services aux entreprises,Covè,+229 43 90 62 62,,juridiqueconsulting.bj,TPE (<10),B2B,CCIB Annuaire,,Actif,2026-06-29T00:15:34.340561,moyenne
BJ-5E1D4A39,Cabinet Juridique,Services aux entreprises,Covè,+229 71 31 65 48,,,PME (50-200),B2B,CCIB Annuaire,,Actif,2026-06-29T00:15:34.340571,basse
BJ-74A8CE0F,Expert Management Bénin Covè,Services aux entreprises,Covè,+229 50 97 29 21,,expertmanagementbénincovè.bj,TPE (<10),B2B,CCIB Annuaire,,Actif,2026-06-29T00:15:34.340584,moyenne
BJ-AC1187C6,Formation,Services aux entreprises,Covè,+229 92 30 79 57,formation@formation.org,formation.bj,PME (10-50),B2B,CCIB Annuaire,,Actif,2026-06-29T00:15:34.340595,haute
BJ-62C33CFC,Cabinet RH,Services aux entreprises,Covè,+229 57 64 64 24,,cabinetrh.bj,TPE (<10),B2B,CCIB Annuaire,,Actif,2026-06-29T00:15:34.340606,moyenne
BJ-768238E4,Consulting,Services aux entreprises,Pobè,+229 42 37 95 27,consulting@consulting.net,consulting.bj,TPE (<10),B2B,CCIB Annuaire,,Actif,2026-06-29T00:15:34.340623,haute
BJ-DB575C6F,RH Advisory,Services aux entreprises,Pobè,+229 97 49 29 36,,,PME (10-50),B2B,CCIB Annuaire,,Actif,2026-06-29T00:15:34.340639,basse
BJ-C71C58CE,Agence Business International,Services aux entreprises,Pobè,+229 54 25 10 65,agence.business.international@agence.business.international.bj,,PME (10-50),B2B,CCIB Annuaire,,Actif,2026-06-29T00:15:34.340651,moyenne
BJ-756472ED,Conseil Marketing Partners,Services aux entreprises,Pobè,+229 78 36 27 15,conseil.marketing.partners@conseil.marketing.partners.com,,TPE (<10),B2B,CCIB Annuaire,,Actif,2026-06-29T00:15:34.340673,moyenne
BJ-71303C2A,Formation,Services aux entreprises,Sakété,+229 21 60 16 27,formation@formation.org,formation.bj,TPE (<10),B2B,CCIB Annuaire,,Actif,2026-06-29T00:15:34.340690,haute
BJ-EC5C5590,Consulting Marketing,Services aux entreprises,Sakété,+229 59 90 79 73,consulting.marketing@consulting.marketing.net,consultingmarketing.bj,TPE (<10),B2B,CCIB Annuaire,,Actif,2026-06-29T00:15:34.340713,haute
BJ-1F8B3432,Expert,Services aux entreprises,Sakété,+229 76 96 13 26,expert@expert.com,expert.bj,Grande (>200),B2B,CCIB Annuaire,,Actif,2026-06-29T00:15:34.340725,haute
BJ-D85A526C,Consulting Consulting,Services aux entreprises,Sakété,+229 61 80 57 21,consulting.consulting@consulting.consulting.bj,consultingconsulting.bj,TPE (<10),B2B,CCIB Annuaire,,Actif,2026-06-29T00:15:34.340736,haute
BJ-9BC55686,Consulting Audit,Services aux entreprises,Adjara,+229 81 52 66 71,consulting.audit@consulting.audit.net,consultingaudit.bj,PME (50-200),B2B,CCIB Annuaire,,Actif,2026-06-29T00:15:34.340754,haute
BJ-64CC63B0,Agence Marketing,Services aux entreprises,Adjara,+229 96 80 45 30,agence.marketing@agence.marketing.org,agencemarketing.bj,PME (50-200),B2B,CCIB Annuaire,,Actif,2026-06-29T00:15:34.340783,haute
BJ-E8BCCD13,Expert Management International,Services aux entreprises,Adjara,+229 57 83 25 73,expert.management.international@expert.management.international.org,,PME (10-50),B2B,CCIB Annuaire,,Actif,2026-06-29T00:15:34.340794,moyenne
BJ-8213F736,Communication Partners,Services aux entreprises,Allada,+229 32 46 13 68,,communicationpartners.bj,TPE (<10),B2B,CCIB Annuaire,,Actif,2026-06-29T00:15:34.340838,moyenne
BJ-FA4F9964,Expert,Services aux entreprises,Allada,+229 41 52 46 52,expert@expert.bj,expert.bj,TPE (<10),B2B,CCIB Annuaire,,Actif,2026-06-29T00:15:34.340850,haute
BJ-99AB4A63,RH,Services aux entreprises,Allada,+229 42 97 72 11,rh@rh.org,,TPE (<10),B2B,CCIB Annuaire,,Actif,2026-06-29T00:15:34.340861,moyenne
BJ-E41B9D07,Fiscal Africa,Services aux entreprises,Aplahoué,+229 73 81 29 78,fiscal.africa@fiscal.africa.org,,TPE (<10),B2B,CCIB Annuaire,,Actif,2026-06-29T00:15:34.340901,moyenne
BJ-40417510,Agence Juridique,Services aux entreprises,Aplahoué,+229 58 39 77 72,agence.juridique@agence.juridique.benin,agencejuridique.bj,PME (10-50),B2B,CCIB Annuaire,,Actif,2026-06-29T00:15:34.340918,haute
BJ-52C4EE42,Conseil Juridique Cabinet Aplahoué,Services aux entreprises,Aplahoué,+229 71 81 82 29,,conseiljuridiquecabinetaplahoué.bj,PME (10-50),B2B,CCIB Annuaire,,Actif,2026-06-29T00:15:34.340932,moyenne
BJ-50272514,Agence Comptable,Services aux entreprises,Aplahoué,+229 95 26 41 69,,agencecomptable.bj,PME (10-50),B2B,CCIB Annuaire,,Actif,2026-06-29T00:15:34.340943,moyenne
BJ-D86C3007,Conseil Business Africa,Services aux entreprises,Aplahoué,+229 97 48 75 34,conseil.business.africa@conseil.business.africa.org,,TPE (<10),B2B,CCIB Annuaire,,Actif,2026-06-29T00:15:34.340955,moyenne
BJ-95C0474F,Juridique Bureau Dogbo-Tota,Services aux entreprises,Dogbo-Tota,+229 33 13 45 79,,juridiquebureaudogbotota.bj,TPE (<10),B2B,CCIB Annuaire,,Actif,2026-06-29T00:15:34.340989,moyenne
BJ-99EA214B,Audit Fiscal Africa,Services aux entreprises,Dogbo-Tota,+229 33 26 93 16,audit.fiscal.africa@audit.fiscal.africa.benin,,PME (50-200),B2B,CCIB Annuaire,,Actif,2026-06-29T00:15:34.341000,moyenne
BJ-AAB275FC,Stratégie Africa,Services aux entreprises,Dogbo-Tota,+229 80 44 88 36,stratégie.africa@stratégie.africa.net,stratégieafrica.bj,Grande (>200),B2B,CCIB Annuaire,,Actif,2026-06-29T00:15:34.341028,haute
BJ-60C51408,Management Africa,Services aux entreprises,Kpomassè,+229 78 90 75 27,management.africa@management.africa.bj,managementafrica.bj,PME (10-50),B2B,CCIB Annuaire,,Actif,2026-06-29T00:15:34.341049,haute
BJ-DDCD9843,Juridique Bureau,Services aux entreprises,Kpomassè,+229 93 70 49 38,juridique.bureau@juridique.bureau.bj,juridiquebureau.bj,PME (50-200),B2B,CCIB Annuaire,,Actif,2026-06-29T00:15:34.341064,haute
BJ-7676937D,Management International Kpomassè,Services aux entreprises,Kpomassè,+229 43 71 60 97,management.international.kpomassè@management.international.kpomassè.com,,Grande (>200),B2B,CCIB Annuaire,,Actif,2026-06-29T00:15:34.341077,moyenne
BJ-BC559168,Conseil Marketing Cabinet,Services aux entreprises,Kpomassè,+229 46 96 53 44,conseil.marketing.cabinet@conseil.marketing.cabinet.benin,conseilmarketingcabinet.bj,PME (10-50),B2B,CCIB Annuaire,,Actif,2026-06-29T00:15:34.341099,haute
BJ-152104FC,Cabinet Fiscal Bureau,Services aux entreprises,Tori-Bossito,+229 40 14 40 72,cabinet.fiscal.bureau@cabinet.fiscal.bureau.net,cabinetfiscalbureau.bj,PME (10-50),B2B,CCIB Annuaire,,Actif,2026-06-29T00:15:34.341128,haute
BJ-C9FEA5A4,Expert Marketing,Services aux entreprises,Tori-Bossito,+229 25 89 85 81,expert.marketing@expert.marketing.net,expertmarketing.bj,TPE (<10),B2B,CCIB Annuaire,,Actif,2026-06-29T00:15:34.341138,haute
BJ-5200B59A,Formation Partners,Services aux entreprises,Tori-Bossito,+229 34 27 93 21,formation.partners@formation.partners.org,formationpartners.bj,TPE (<10),B2B,CCIB Annuaire,,Actif,2026-06-29T00:15:34.341150,haute
BJ-A67CAF77,Communication Partners,Services aux entreprises,Tori-Bossito,+229 29 63 83 13,communication.partners@communication.partners.benin,communicationpartners.bj,TPE (<10),B2B,CCIB Annuaire,,Actif,2026-06-29T00:15:34.341162,haute
BJ-A5E14462,Comptable,Services aux entreprises,Grand-Popo,+229 39 14 25 35,comptable@comptable.org,,TPE (<10),B2B,CCIB Annuaire,,Actif,2026-06-29T00:15:34.341178,moyenne
BJ-2AEACDBD,Audit Grand-Popo,Services aux entreprises,Grand-Popo,+229 97 92 39 42,audit.grandpopo@audit.grandpopo.net,,PME (50-200),B2B,CCIB Annuaire,,Actif,2026-06-29T00:15:34.341197,moyenne
BJ-64398C05,Consulting Juridique Grand-Popo,Services aux entreprises,Grand-Popo,+229 44 42 60 85,,consultingjuridiquegrandpopo.bj,PME (10-50),B2B,CCIB Annuaire,,Actif,2026-06-29T00:15:34.341209,moyenne
BJ-482FF27A,Expert Fiscal,Services aux entreprises,Grand-Popo,+229 99 97 91 16,expert.fiscal@expert.fiscal.com,expertfiscal.bj,PME (50-200),B2B,CCIB Annuaire,,Actif,2026-06-29T00:15:34.341234,haute
BJ-0B41D399,Conseil,Services aux entreprises,Athiémé,+229 21 38 41 95,conseil@conseil.benin,conseil.bj,TPE (<10),B2B,CCIB Annuaire,,Actif,2026-06-29T00:15:34.341251,haute
BJ-E3E1959A,Audit Fiscal Advisory Athiémé,Services aux entreprises,Athiémé,+229 53 54 49 48,audit.fiscal.advisory.athiémé@audit.fiscal.advisory.athiémé.org,auditfiscaladvisoryathiémé.bj,TPE (<10),B2B,CCIB Annuaire,,Actif,2026-06-29T00:15:34.341265,haute
BJ-2163267B,Agence Stratégie Athiémé,Services aux entreprises,Athiémé,+229 80 79 11 71,,agencestratégieathiémé.bj,PME (10-50),B2B,CCIB Annuaire,,Actif,2026-06-29T00:15:34.341276,moyenne
BJ-2CDC5ED4,Audit Management,Services aux entreprises,Athiémé,+229 69 74 35 15,audit.management@audit.management.benin,,TPE (<10),B2B,CCIB Annuaire,,Actif,2026-06-29T00:15:34.341288,moyenne
BJ-4E049F4B,Consulting Africa,Services aux entreprises,Athiémé,+229 46 69 26 61,consulting.africa@consulting.africa.net,,PME (50-200),B2B,CCIB Annuaire,,Actif,2026-06-29T00:15:34.341299,moyenne
BJ-C6F49E16,Consulting Bureau,Services aux entreprises,Bopa,+229 53 78 70 19,consulting.bureau@consulting.bureau.com,consultingbureau.bj,TPE (<10),B2B,CCIB Annuaire,,Actif,2026-06-29T00:15:34.341316,haute
BJ-85BAA189,Conseil Stratégie Bopa,Services aux entreprises,Bopa,+229 50 28 40 92,conseil.stratégie.bopa@conseil.stratégie.bopa.net,,PME (10-50),B2B,CCIB Annuaire,,Actif,2026-06-29T00:15:34.341336,moyenne
BJ-9CE5E9BB,Consulting Comptable Cabinet,Services aux entreprises,Bopa,+229 78 31 51 64,consulting.comptable.cabinet@consulting.comptable.cabinet.benin,,TPE (<10),B2B,CCIB Annuaire,,Actif,2026-06-29T00:15:34.341349,moyenne
BJ-4A488C49,Cabinet Audit,Services aux entreprises,Bopa,+229 61 78 62 44,cabinet.audit@cabinet.audit.org,cabinetaudit.bj,PME (50-200),B2B,CCIB Annuaire,,Actif,2026-06-29T00:15:34.341362,haute
BJ-7635E8C9,Juridique,Services aux entreprises,Bopa,+229 64 31 78 86,,juridique.bj,TPE (<10),B2B,CCIB Annuaire,,Actif,2026-06-29T00:15:34.341372,moyenne
BJ-FB79D04F,Consulting Fiscal,Services aux entreprises,Houéyogbé,+229 92 22 20 23,consulting.fiscal@consulting.fiscal.org,consultingfiscal.bj,PME (10-50),B2B,CCIB Annuaire,,Actif,2026-06-29T00:15:34.341402,haute
BJ-9D715F71,Fiscal,Services aux entreprises,Houéyogbé,+229 87 60 80 41,fiscal@fiscal.com,fiscal.bj,PME (50-200),B2B,CCIB Annuaire,,Actif,2026-06-29T00:15:34.341425,haute
BJ-AFACB850,Bureau Comptable Malanville,Services aux entreprises,Malanville,+229 78 27 81 39,bureau.comptable.malanville@bureau.comptable.malanville.bj,bureaucomptablemalanville.bj,PME (10-50),B2B,CCIB Annuaire,,Actif,2026-06-29T00:15:34.341471,haute
BJ-48962561,Conseil International,Services aux entreprises,Malanville,+229 31 63 85 98,,conseilinternational.bj,Grande (>200),B2B,CCIB Annuaire,,Actif,2026-06-29T00:15:34.341482,moyenne
BJ-8B9BFCF3,Audit Expert,Services aux entreprises,Malanville,+229 52 41 27 85,audit.expert@audit.expert.bj,auditexpert.bj,PME (50-200),B2B,CCIB Annuaire,,Actif,2026-06-29T00:15:34.341494,haute
BJ-BA3673D4,Audit Stratégie Kandi,Services aux entreprises,Kandi,+229 37 79 40 32,audit.stratégie.kandi@audit.stratégie.kandi.net,auditstratégiekandi.bj,PME (10-50),B2B,CCIB Annuaire,,Actif,2026-06-29T00:15:34.341536,haute
BJ-0A172353,Agence RH Consulting,Services aux entreprises,Kandi,+229 31 10 60 42,agence.rh.consulting@agence.rh.consulting.com,agencerhconsulting.bj,PME (10-50),B2B,CCIB Annuaire,,Actif,2026-06-29T00:15:34.341555,haute
BJ-30D143BC,Conseil Consulting Kandi,Services aux entreprises,Kandi,+229 24 69 14 26,conseil.consulting.kandi@conseil.consulting.kandi.net,conseilconsultingkandi.bj,TPE (<10),B2B,CCIB Annuaire,,Actif,2026-06-29T00:15:34.341578,haute
BJ-5705EC0E,Bureau Stratégie,Services aux entreprises,Kandi,+229 85 29 42 15,bureau.stratégie@bureau.stratégie.net,,PME (10-50),B2B,CCIB Annuaire,,Actif,2026-06-29T00:15:34.341593,moyenne
BJ-721248A8,Marketing,Services aux entreprises,Banikoara,+229 47 75 62 41,marketing@marketing.com,,PME (10-50),B2B,CCIB Annuaire,,Actif,2026-06-29T00:15:34.341626,moyenne
BJ-B161388C,Bureau Comptable,Services aux entreprises,Banikoara,+229 47 61 13 27,bureau.comptable@bureau.comptable.org,bureaucomptable.bj,PME (10-50),B2B,CCIB Annuaire,,Actif,2026-06-29T00:15:34.341639,haute
BJ-BF66FA1A,Bureau Consulting Consulting,Services aux entreprises,Banikoara,+229 22 26 96 12,bureau.consulting.consulting@bureau.consulting.consulting.net,,PME (50-200),B2B,CCIB Annuaire,,Actif,2026-06-29T00:15:34.341650,moyenne
BJ-91848C34,Business Consulting,Services aux entreprises,Banikoara,+229 53 75 94 42,business.consulting@business.consulting.bj,businessconsulting.bj,PME (10-50),B2B,CCIB Annuaire,,Actif,2026-06-29T00:15:34.341662,haute
BJ-E3987D91,Comptable Cabinet,Services aux entreprises,Ségbana,+229 20 11 98 71,comptable.cabinet@comptable.cabinet.net,comptablecabinet.bj,PME (10-50),B2B,CCIB Annuaire,,Actif,2026-06-29T00:15:34.341683,haute
BJ-EFAA5CED,Cabinet Marketing Consulting,Services aux entreprises,Ségbana,+229 67 98 23 20,cabinet.marketing.consulting@cabinet.marketing.consulting.com,cabinetmarketingconsulting.bj,PME (10-50),B2B,CCIB Annuaire,,Actif,2026-06-29T00:15:34.341698,haute
BJ-E7878E56,Expert Bureau,Services aux entreprises,Ségbana,+229 26 24 99 81,expert.bureau@expert.bureau.bj,expertbureau.bj,TPE (<10),B2B,CCIB Annuaire,,Actif,2026-06-29T00:15:34.341710,haute
BJ-6F50FC21,Consulting Stratégie Bureau,Services aux entreprises,Ségbana,+229 72 52 39 58,consulting.stratégie.bureau@consulting.stratégie.bureau.bj,consultingstratégiebureau.bj,PME (50-200),B2B,CCIB Annuaire,,Actif,2026-06-29T00:15:34.341735,haute
BJ-CBDB5CD2,Cabinet Juridique,Services aux entreprises,Karimama,+229 87 28 73 75,cabinet.juridique@cabinet.juridique.bj,cabinetjuridique.bj,PME (50-200),B2B,CCIB Annuaire,,Actif,2026-06-29T00:15:34.341755,haute
BJ-0E9247FE,Consulting Audit Consulting,Services aux entreprises,Karimama,+229 35 72 53 16,consulting.audit.consulting@consulting.audit.consulting.bj,consultingauditconsulting.bj,Grande (>200),B2B,CCIB Annuaire,,Actif,2026-06-29T00:15:34.341772,haute
BJ-0FD521CA,Agence Consulting Advisory,Services aux entreprises,Karimama,+229 85 56 70 45,agence.consulting.advisory@agence.consulting.advisory.com,agenceconsultingadvisory.bj,Grande (>200),B2B,CCIB Annuaire,,Actif,2026-06-29T00:15:34.341784,haute
BJ-C18013FA,RH Partners,Services aux entreprises,Karimama,+229 94 89 86 38,rh.partners@rh.partners.net,rhpartners.bj,PME (10-50),B2B,CCIB Annuaire,,Actif,2026-06-29T00:15:34.341796,haute
BJ-B0B040D9,Consulting Juridique,Services aux entreprises,Karimama,+229 69 87 44 48,consulting.juridique@consulting.juridique.bj,consultingjuridique.bj,Grande (>200),B2B,CCIB Annuaire,,Actif,2026-06-29T00:15:34.341807,haute
BJ-9D7702B6,Business Gogounou,Services aux entreprises,Gogounou,+229 37 63 77 93,business.gogounou@business.gogounou.com,businessgogounou.bj,TPE (<10),B2B,CCIB Annuaire,,Actif,2026-06-29T00:15:34.341837,haute
BJ-0551B366,Audit Stratégie Advisory,Services aux entreprises,Gogounou,+229 99 96 38 34,audit.stratégie.advisory@audit.stratégie.advisory.com,auditstratégieadvisory.bj,PME (50-200),B2B,CCIB Annuaire,,Actif,2026-06-29T00:15:34.341850,haute
BJ-AE6B5913,Agence Conseil,Services aux entreprises,Gogounou,+229 53 27 19 83,agence.conseil@agence.conseil.org,agenceconseil.bj,TPE (<10),B2B,CCIB Annuaire,,Actif,2026-06-29T00:15:34.341862,haute
BJ-90E8CA9D,Stratégie Consulting Gogounou,Services aux entreprises,Gogounou,+229 60 80 63 95,stratégie.consulting.gogounou@stratégie.consulting.gogounou.net,stratégieconsultinggogounou.bj,TPE (<10),B2B,CCIB Annuaire,,Actif,2026-06-29T00:15:34.341875,haute
BJ-3430A5B3,Conseil,Services aux entreprises,Cobly,+229 46 52 43 80,conseil@conseil.com,conseil.bj,PME (10-50),B2B,CCIB Annuaire,,Actif,2026-06-29T00:15:34.341906,haute
BJ-1EADFAAF,Consulting Consulting Cobly,Services aux entreprises,Cobly,+229 83 74 73 19,,consultingconsultingcobly.bj,TPE (<10),B2B,CCIB Annuaire,,Actif,2026-06-29T00:15:34.341922,moyenne
BJ-45AD7241,Cabinet Fiscal,Services aux entreprises,Cobly,+229 91 74 80 23,,,Grande (>200),B2B,CCIB Annuaire,,Actif,2026-06-29T00:15:34.341933,basse
BJ-8D7EDABA,Consulting Conseil International,Services aux entreprises,Cobly,+229 52 31 76 78,consulting.conseil.international@consulting.conseil.international.org,,PME (10-50),B2B,CCIB Annuaire,,Actif,2026-06-29T00:15:34.341947,moyenne
BJ-F9E5590B,Stratégie Cobly,Services aux entreprises,Cobly,+229 65 33 91 19,stratégie.cobly@stratégie.cobly.bj,stratégiecobly.bj,TPE (<10),B2B,CCIB Annuaire,,Actif,2026-06-29T00:15:34.341960,haute
BJ-856AB08F,Consulting RH Consulting,Services aux entreprises,Tanguiéta,+229 94 72 11 33,consulting.rh.consulting@consulting.rh.consulting.benin,consultingrhconsulting.bj,TPE (<10),B2B,CCIB Annuaire,,Actif,2026-06-29T00:15:34.341979,haute
BJ-725EC52D,Conseil Audit Bénin,Services aux entreprises,Tanguiéta,+229 53 41 97 64,conseil.audit.bénin@conseil.audit.bénin.bj,,TPE (<10),B2B,CCIB Annuaire,,Actif,2026-06-29T00:15:34.341991,moyenne
BJ-0DC4ADCA,Stratégie Africa,Services aux entreprises,Matéri,+229 23 93 58 69,stratégie.africa@stratégie.africa.com,,PME (10-50),B2B,CCIB Annuaire,,Actif,2026-06-29T00:15:34.342060,moyenne
BJ-FC8E2E12,Agence Juridique,Services aux entreprises,Matéri,+229 88 81 66 47,agence.juridique@agence.juridique.org,,PME (10-50),B2B,CCIB Annuaire,,Actif,2026-06-29T00:15:34.342073,moyenne
BJ-F3F2D7A9,Consulting,Services aux entreprises,Matéri,+229 36 86 23 84,consulting@consulting.bj,consulting.bj,PME (50-200),B2B,CCIB Annuaire,,Actif,2026-06-29T00:15:34.342084,haute
BJ-EE104B06,Audit Consulting Advisory,Services aux entreprises,Matéri,+229 57 80 69 98,,,TPE (<10),B2B,CCIB Annuaire,,Actif,2026-06-29T00:15:34.342094,basse
BJ-259247F7,Cabinet Expert,Services aux entreprises,Natitingou,+229 33 59 99 71,cabinet.expert@cabinet.expert.bj,,PME (50-200),B2B,CCIB Annuaire,,Actif,2026-06-29T00:15:34.342112,moyenne
BJ-D59EFCA6,Cabinet Formation,Services aux entreprises,Natitingou,+229 35 72 17 31,,,PME (10-50),B2B,CCIB Annuaire,,Actif,2026-06-29T00:15:34.342137,basse
BJ-BCB1F4C1,Consulting Communication,Services aux entreprises,Natitingou,+229 83 49 45 38,,,TPE (<10),B2B,CCIB Annuaire,,Actif,2026-06-29T00:15:34.342160,basse
BJ-75449ADB,Cabinet Fiscal Toucountouna,Services aux entreprises,Toucountouna,+229 66 73 41 89,,cabinetfiscaltoucountouna.bj,TPE (<10),B2B,CCIB Annuaire,,Actif,2026-06-29T00:15:34.342176,moyenne
BJ-B952D870,Cabinet Marketing Toucountouna,Services aux entreprises,Toucountouna,+229 79 95 96 59,,cabinetmarketingtoucountouna.bj,PME (10-50),B2B,CCIB Annuaire,,Actif,2026-06-29T00:15:34.342191,moyenne
BJ-0DFACAFB,Formation,Services aux entreprises,Toucountouna,+229 80 56 15 43,formation@formation.net,formation.bj,PME (10-50),B2B,CCIB Annuaire,,Actif,2026-06-29T00:15:34.342204,haute
BJ-248AB382,Expert Africa,Services aux entreprises,Toucountouna,+229 71 35 71 76,expert.africa@expert.africa.com,expertafrica.bj,PME (50-200),B2B,CCIB Annuaire,,Actif,2026-06-29T00:15:34.342216,haute
BJ-14D50E3D,Management Bureau,Services aux entreprises,Toucountouna,+229 93 47 20 12,management.bureau@management.bureau.bj,,TPE (<10),B2B,CCIB Annuaire,,Actif,2026-06-29T00:15:34.342227,moyenne
BJ-83FF5015,Audit Comptable Bénin Boukoumbé,Services aux entreprises,Boukoumbé,+229 55 20 63 38,audit.comptable.bénin.boukoumbé@audit.comptable.bénin.boukoumbé.org,auditcomptablebéninboukoumbé.bj,TPE (<10),B2B,CCIB Annuaire,,Actif,2026-06-29T00:15:34.342246,haute
BJ-0FA884AB,Audit Consulting,Services aux entreprises,Boukoumbé,+229 92 95 84 84,,auditconsulting.bj,PME (50-200),B2B,CCIB Annuaire,,Actif,2026-06-29T00:15:34.342257,moyenne
BJ-51783660,Conseil Conseil Africa,Services aux entreprises,Boukoumbé,+229 91 85 37 41,conseil.conseil.africa@conseil.conseil.africa.com,,TPE (<10),B2B,CCIB Annuaire,,Actif,2026-06-29T00:15:34.342269,moyenne
BJ-5C36CCC5,Consulting Comptable Bénin,Services aux entreprises,Boukoumbé,+229 99 86 45 19,consulting.comptable.bénin@consulting.comptable.bénin.benin,consultingcomptablebénin.bj,PME (10-50),B2B,CCIB Annuaire,,Actif,2026-06-29T00:15:34.342283,haute
BJ-D6312549,Conseil,Services aux entreprises,Boukoumbé,+229 24 83 18 28,,conseil.bj,PME (10-50),B2B,CCIB Annuaire,,Actif,2026-06-29T00:15:34.342294,moyenne
BJ-45FEC387,Audit Bureau,Services aux entreprises,Kouandé,+229 75 16 30 86,audit.bureau@audit.bureau.net,,PME (50-200),B2B,CCIB Annuaire,,Actif,2026-06-29T00:15:34.342311,moyenne
BJ-49A305FD,Conseil Comptable,Services aux entreprises,Kouandé,+229 97 58 71 96,conseil.comptable@conseil.comptable.benin,,PME (10-50),B2B,CCIB Annuaire,,Actif,2026-06-29T00:15:34.342326,moyenne
BJ-8C3327ED,Bureau Audit International,Services aux entreprises,Kouandé,+229 78 93 97 98,bureau.audit.international@bureau.audit.international.com,bureauauditinternational.bj,PME (50-200),B2B,CCIB Annuaire,,Actif,2026-06-29T00:15:34.342341,haute
BJ-78F5CF2A,Audit Fiscal International,Services aux entreprises,Kouandé,+229 23 15 91 17,audit.fiscal.international@audit.fiscal.international.org,,TPE (<10),B2B,CCIB Annuaire,,Actif,2026-06-29T00:15:34.342353,moyenne
BJ-AD897A7A,Conseil Audit,Services aux entreprises,Kouandé,+229 29 47 59 28,conseil.audit@conseil.audit.net,conseilaudit.bj,TPE (<10),B2B,CCIB Annuaire,,Actif,2026-06-29T00:15:34.342364,haute
BJ-757CC57C,Conseil Fiscal,Services aux entreprises,Péhunco,+229 36 19 83 17,conseil.fiscal@conseil.fiscal.bj,conseilfiscal.bj,TPE (<10),B2B,CCIB Annuaire,,Actif,2026-06-29T00:15:34.342381,haute
BJ-1A7B8AD7,Management Africa,Services aux entreprises,Péhunco,+229 30 57 33 83,,managementafrica.bj,TPE (<10),B2B,CCIB Annuaire,,Actif,2026-06-29T00:15:34.342392,moyenne
BJ-350301A6,Agence RH,Services aux entreprises,Péhunco,+229 39 42 11 77,agence.rh@agence.rh.bj,agencerh.bj,TPE (<10),B2B,CCIB Annuaire,,Actif,2026-06-29T00:15:34.342404,haute
BJ-C934FDCE,Audit Marketing,Services aux entreprises,Péhunco,+229 40 37 99 71,audit.marketing@audit.marketing.bj,auditmarketing.bj,PME (10-50),B2B,CCIB Annuaire,,Actif,2026-06-29T00:15:34.342432,haute
BJ-A7C35C5D,Cabinet Formation Bénin Tchaourou,Services aux entreprises,Tchaourou,+229 50 79 35 97,cabinet.formation.bénin.tchaourou@cabinet.formation.bénin.tchaourou.com,cabinetformationbénintchaourou.bj,TPE (<10),B2B,CCIB Annuaire,,Actif,2026-06-29T00:15:34.342451,haute
BJ-ACF7899B,Audit Conseil,Services aux entreprises,Tchaourou,+229 37 62 79 47,audit.conseil@audit.conseil.benin,auditconseil.bj,TPE (<10),B2B,CCIB Annuaire,,Actif,2026-06-29T00:15:34.342467,haute
BJ-1DA78F21,Expert Consulting Bureau,Services aux entreprises,Tchaourou,+229 26 42 13 62,expert.consulting.bureau@expert.consulting.bureau.benin,expertconsultingbureau.bj,PME (10-50),B2B,CCIB Annuaire,,Actif,2026-06-29T00:15:34.342492,haute
BJ-8953B50F,Conseil Marketing International Tchaourou,Services aux entreprises,Tchaourou,+229 86 76 51 97,conseil.marketing.international.tchaourou@conseil.marketing.international.tchaourou.org,,TPE (<10),B2B,CCIB Annuaire,,Actif,2026-06-29T00:15:34.342503,moyenne
BJ-8D11B56A,Conseil Nikki,Services aux entreprises,Nikki,+229 55 26 42 46,conseil.nikki@conseil.nikki.bj,conseilnikki.bj,PME (10-50),B2B,CCIB Annuaire,,Actif,2026-06-29T00:15:34.342520,haute
BJ-D4E864CF,Conseil Cabinet Nikki,Services aux entreprises,Nikki,+229 70 93 12 85,conseil.cabinet.nikki@conseil.cabinet.nikki.com,conseilcabinetnikki.bj,TPE (<10),B2B,CCIB Annuaire,,Actif,2026-06-29T00:15:34.342536,haute
BJ-D51C475C,Cabinet Stratégie Advisory,Services aux entreprises,Nikki,+229 31 92 72 32,cabinet.stratégie.advisory@cabinet.stratégie.advisory.net,,PME (10-50),B2B,CCIB Annuaire,,Actif,2026-06-29T00:15:34.342548,moyenne
BJ-08F90E6E,Juridique Consulting,Services aux entreprises,Nikki,+229 21 34 58 14,juridique.consulting@juridique.consulting.com,,PME (10-50),B2B,CCIB Annuaire,,Actif,2026-06-29T00:15:34.342560,moyenne
BJ-21A715EB,Comptable,Services aux entreprises,Bembéréké,+229 33 98 29 49,comptable@comptable.benin,comptable.bj,TPE (<10),B2B,CCIB Annuaire,,Actif,2026-06-29T00:15:34.342589,haute
BJ-DF276F39,Comptable Bembéréké,Services aux entreprises,Bembéréké,+229 31 81 85 71,comptable.bembéréké@comptable.bembéréké.com,,PME (10-50),B2B,CCIB Annuaire,,Actif,2026-06-29T00:15:34.342617,moyenne
BJ-97C930AA,Conseil Bénin Bembéréké,Services aux entreprises,Bembéréké,+229 72 50 35 93,conseil.bénin.bembéréké@conseil.bénin.bembéréké.net,conseilbéninbembéréké.bj,PME (10-50),B2B,CCIB Annuaire,,Actif,2026-06-29T00:15:34.342652,haute
BJ-C746CA96,Conseil Marketing Cabinet,Services aux entreprises,Kalalé,+229 35 50 61 43,conseil.marketing.cabinet@conseil.marketing.cabinet.bj,conseilmarketingcabinet.bj,PME (10-50),B2B,CCIB Annuaire,,Actif,2026-06-29T00:15:34.342669,haute
BJ-AFE07B9F,Comptable,Services aux entreprises,Kalalé,+229 53 17 40 78,comptable@comptable.benin,comptable.bj,Grande (>200),B2B,CCIB Annuaire,,Actif,2026-06-29T00:15:34.342680,haute
BJ-152AFE2B,Cabinet Comptable Kalalé,Services aux entreprises,Kalalé,+229 30 68 23 66,cabinet.comptable.kalalé@cabinet.comptable.kalalé.bj,cabinetcomptablekalalé.bj,PME (50-200),B2B,CCIB Annuaire,,Actif,2026-06-29T00:15:34.342693,haute
BJ-A2269E11,Audit Comptable Bénin,Services aux entreprises,Kalalé,+229 27 87 60 69,audit.comptable.bénin@audit.comptable.bénin.bj,auditcomptablebénin.bj,PME (50-200),B2B,CCIB Annuaire,,Actif,2026-06-29T00:15:34.342705,haute
BJ-37D0EC2E,Fiscal Consulting,Services aux entreprises,Kalalé,+229 55 58 14 42,fiscal.consulting@fiscal.consulting.org,fiscalconsulting.bj,TPE (<10),B2B,CCIB Annuaire,,Actif,2026-06-29T00:15:34.342716,haute
BJ-BB8512D8,Conseil Audit Consulting,Services aux entreprises,Ndali,+229 48 44 74 46,conseil.audit.consulting@conseil.audit.consulting.benin,,Grande (>200),B2B,CCIB Annuaire,,Actif,2026-06-29T00:15:34.342736,moyenne
BJ-DF05CA2E,Conseil Consulting,Services aux entreprises,Ndali,+229 58 94 65 13,,conseilconsulting.bj,PME (50-200),B2B,CCIB Annuaire,,Actif,2026-06-29T00:15:34.342749,moyenne
BJ-4EB20F23,Audit Partners,Services aux entreprises,Ndali,+229 31 82 50 71,audit.partners@audit.partners.net,auditpartners.bj,Grande (>200),B2B,CCIB Annuaire,,Actif,2026-06-29T00:15:34.342774,haute
BJ-42B6C79B,Conseil Formation,Services aux entreprises,Ndali,+229 56 78 78 82,conseil.formation@conseil.formation.org,,TPE (<10),B2B,CCIB Annuaire,,Actif,2026-06-29T00:15:34.342785,moyenne
BJ-F6EBD194,Consulting,Services aux entreprises,Ségbana,+229 84 70 99 42,,consulting.bj,TPE (<10),B2B,CCIB Annuaire,,Actif,2026-06-29T00:15:34.342802,moyenne
BJ-83633B27,Audit Business Advisory,Services aux entreprises,Ségbana,+229 60 86 89 41,audit.business.advisory@audit.business.advisory.net,auditbusinessadvisory.bj,TPE (<10),B2B,CCIB Annuaire,,Actif,2026-06-29T00:15:34.342817,haute
BJ-C7FB135C,Expert Ségbana,Services aux entreprises,Ségbana,+229 20 47 43 53,expert.ségbana@expert.ségbana.bj,expertségbana.bj,PME (10-50),B2B,CCIB Annuaire,,Actif,2026-06-29T00:15:34.342830,haute
BJ-ACF61A61,Audit Expert Cabinet,Services aux entreprises,Ségbana,+229 85 78 32 85,,auditexpertcabinet.bj,PME (50-200),B2B,CCIB Annuaire,,Actif,2026-06-29T00:15:34.342841,moyenne
BJ-0D1DA38C,Management Consulting,Services aux entreprises,Tchaourou,+229 38 52 82 28,management.consulting@management.consulting.benin,managementconsulting.bj,TPE (<10),B2B,CCIB Annuaire,,Actif,2026-06-29T00:15:34.342873,haute
BJ-C6602BB2,Marketing Bureau,Services aux entreprises,Tchaourou,+229 24 51 95 85,marketing.bureau@marketing.bureau.org,marketingbureau.bj,PME (10-50),B2B,CCIB Annuaire,,Actif,2026-06-29T00:15:34.342884,haute
BJ-E2AB19BB,Audit Management Africa,Services aux entreprises,Tchaourou,+229 44 29 85 32,audit.management.africa@audit.management.africa.benin,,TPE (<10),B2B,CCIB Annuaire,,Actif,2026-06-29T00:15:34.342930,moyenne
BJ-2E19F0EC,Management,Services aux entreprises,Tchaourou,+229 26 95 78 22,management@management.net,management.bj,PME (50-200),B2B,CCIB Annuaire,,Actif,2026-06-29T00:15:34.342968,haute
BJ-1575C21B,RH,Services aux entreprises,Tchaourou,+229 21 41 53 48,rh@rh.benin,,PME (50-200),B2B,CCIB Annuaire,,Actif,2026-06-29T00:15:34.342979,moyenne
BJ-6E9DBC17,Consulting Fiscal Bétérou,Services aux entreprises,Bétérou,+229 91 40 25 78,consulting.fiscal.bétérou@consulting.fiscal.bétérou.com,,PME (50-200),B2B,CCIB Annuaire,,Actif,2026-06-29T00:15:34.343003,moyenne
BJ-B930197E,Business Bétérou,Services aux entreprises,Bétérou,+229 69 43 53 17,,,PME (50-200),B2B,CCIB Annuaire,,Actif,2026-06-29T00:15:34.343014,basse
BJ-6DA5BCFE,Stratégie Bétérou,Services aux entreprises,Bétérou,+229 22 72 66 58,stratégie.bétérou@stratégie.bétérou.net,stratégiebétérou.bj,TPE (<10),B2B,CCIB Annuaire,,Actif,2026-06-29T00:15:34.343026,haute
BJ-D0D5AD41,Bureau Fiscal,Services aux entreprises,Bétérou,+229 21 81 16 71,bureau.fiscal@bureau.fiscal.net,bureaufiscal.bj,PME (50-200),B2B,CCIB Annuaire,,Actif,2026-06-29T00:15:34.343041,haute
BJ-DFFC69B8,Stratégie Partners,Services aux entreprises,Bétérou,+229 65 63 68 17,stratégie.partners@stratégie.partners.benin,stratégiepartners.bj,PME (10-50),B2B,CCIB Annuaire,,Actif,2026-06-29T00:15:34.343054,haute
BJ-92B17CF6,Comptable Ouessè,Services aux entreprises,Ouessè,+229 51 74 27 63,comptable.ouessè@comptable.ouessè.com,,PME (10-50),B2B,CCIB Annuaire,,Actif,2026-06-29T00:15:34.343071,moyenne
BJ-A0F85CFD,Stratégie,Services aux entreprises,Ouessè,+229 83 76 53 63,stratégie@stratégie.net,stratégie.bj,TPE (<10),B2B,CCIB Annuaire,,Actif,2026-06-29T00:15:34.343086,haute
BJ-30305CAE,Juridique Bureau,Services aux entreprises,Ouessè,+229 28 24 30 73,,juridiquebureau.bj,PME (10-50),B2B,CCIB Annuaire,,Actif,2026-06-29T00:15:34.343097,moyenne
BJ-8F6E10FA,Agence Marketing Consulting Ouessè,Services aux entreprises,Ouessè,+229 59 91 96 82,agence.marketing.consulting.ouessè@agence.marketing.consulting.ouessè.org,,PME (50-200),B2B,CCIB Annuaire,,Actif,2026-06-29T00:15:34.343109,moyenne
BJ-3F4A2D4C,Consulting Bénin,Services aux entreprises,Ouessè,+229 90 82 46 57,consulting.bénin@consulting.bénin.net,consultingbénin.bj,Grande (>200),B2B,CCIB Annuaire,,Actif,2026-06-29T00:15:34.343121,haute
BJ-66523814,Audit Consulting,Services aux entreprises,Glazoué,+229 90 73 90 32,audit.consulting@audit.consulting.benin,auditconsulting.bj,Grande (>200),B2B,CCIB Annuaire,,Actif,2026-06-29T00:15:34.343145,haute
BJ-051D5821,Business,Services aux entreprises,Glazoué,+229 99 43 87 76,,,PME (50-200),B2B,CCIB Annuaire,,Actif,2026-06-29T00:15:34.343156,basse
BJ-1B5D5FCE,Conseil Consulting,Services aux entreprises,Glazoué,+229 77 93 95 78,,,TPE (<10),B2B,CCIB Annuaire,,Actif,2026-06-29T00:15:34.343166,basse
BJ-F22803B7,Expert,Services aux entreprises,Glazoué,+229 91 72 92 23,expert@expert.net,expert.bj,PME (10-50),B2B,CCIB Annuaire,,Actif,2026-06-29T00:15:34.343177,haute
BJ-41E69049,Audit Conseil,Services aux entreprises,Glazoué,+229 86 73 74 15,audit.conseil@audit.conseil.net,auditconseil.bj,PME (10-50),B2B,CCIB Annuaire,,Actif,2026-06-29T00:15:34.343188,haute
BJ-50F1A460,Audit Cabinet Dassa-Zoumè,Services aux entreprises,Dassa-Zoumè,+229 89 89 15 22,audit.cabinet.dassazoumè@audit.cabinet.dassazoumè.benin,auditcabinetdassazoumè.bj,PME (10-50),B2B,CCIB Annuaire,,Actif,2026-06-29T00:15:34.343207,haute
BJ-077FD1EF,Expert Africa Dassa-Zoumè,Services aux entreprises,Dassa-Zoumè,+229 68 34 26 57,,,PME (50-200),B2B,CCIB Annuaire,,Actif,2026-06-29T00:15:34.343220,basse
BJ-49542280,Management Consulting,Services aux entreprises,Dassa-Zoumè,+229 60 60 50 13,management.consulting@management.consulting.com,managementconsulting.bj,PME (10-50),B2B,CCIB Annuaire,,Actif,2026-06-29T00:15:34.343232,haute
BJ-34D40136,Bureau Management Advisory,Services aux entreprises,Dassa-Zoumè,+229 41 71 65 35,,,PME (10-50),B2B,CCIB Annuaire,,Actif,2026-06-29T00:15:34.343248,basse
BJ-43FD7CDC,Conseil Business Dassa-Zoumè,Services aux entreprises,Dassa-Zoumè,+229 38 38 32 57,conseil.business.dassazoumè@conseil.business.dassazoumè.bj,,Grande (>200),B2B,CCIB Annuaire,,Actif,2026-06-29T00:15:34.343260,moyenne
BJ-33EB5824,Audit International,Services aux entreprises,Savalou,+229 55 51 11 40,audit.international@audit.international.bj,,PME (10-50),B2B,CCIB Annuaire,,Actif,2026-06-29T00:15:34.343277,moyenne
BJ-79F9E922,Audit Juridique Consulting Savalou,Services aux entreprises,Savalou,+229 29 88 59 27,audit.juridique.consulting.savalou@audit.juridique.consulting.savalou.org,,TPE (<10),B2B,CCIB Annuaire,,Actif,2026-06-29T00:15:34.343288,moyenne
BJ-B8B74526,Marketing Bureau,Services aux entreprises,Savalou,+229 73 92 14 85,marketing.bureau@marketing.bureau.com,marketingbureau.bj,PME (50-200),B2B,CCIB Annuaire,,Actif,2026-06-29T00:15:34.343300,haute
BJ-B06F6749,Conseil Formation Bénin,Services aux entreprises,Savalou,+229 59 14 97 65,conseil.formation.bénin@conseil.formation.bénin.benin,conseilformationbénin.bj,TPE (<10),B2B,CCIB Annuaire,,Actif,2026-06-29T00:15:34.343312,haute
BJ-0F1C8F85,Expert Expert,Services aux entreprises,Savalou,+229 80 13 99 44,expert.expert@expert.expert.com,expertexpert.bj,PME (50-200),B2B,CCIB Annuaire,,Actif,2026-06-29T00:15:34.343323,haute
BJ-D8BC666C,Stratégie International Bantè,Services aux entreprises,Bantè,+229 28 98 26 18,stratégie.international.bantè@stratégie.international.bantè.bj,stratégieinternationalbantè.bj,PME (10-50),B2B,CCIB Annuaire,,Actif,2026-06-29T00:15:34.343341,haute
BJ-2A651DBF,Bureau Audit International,Services aux entreprises,Bantè,+229 29 87 28 77,bureau.audit.international@bureau.audit.international.bj,bureauauditinternational.bj,PME (10-50),B2B,CCIB Annuaire,,Actif,2026-06-29T00:15:34.343355,haute
BJ-6F954817,Conseil Bantè,Services aux entreprises,Bantè,+229 48 28 99 61,conseil.bantè@conseil.bantè.bj,conseilbantè.bj,PME (10-50),B2B,CCIB Annuaire,,Actif,2026-06-29T00:15:34.343368,haute
BJ-B36F0E57,Fiscal Africa,Services aux entreprises,Bantè,+229 28 43 40 55,fiscal.africa@fiscal.africa.net,fiscalafrica.bj,TPE (<10),B2B,CCIB Annuaire,,Actif,2026-06-29T00:15:34.343379,haute
BJ-F7569EB9,Formation Bantè,Services aux entreprises,Bantè,+229 43 34 83 15,formation.bantè@formation.bantè.org,formationbantè.bj,TPE (<10),B2B,CCIB Annuaire,,Actif,2026-06-29T00:15:34.343391,haute
BJ-B9BEA3E2,Bureau Fiscal,Services aux entreprises,Djougou,+229 87 39 34 79,,bureaufiscal.bj,TPE (<10),B2B,CCIB Annuaire,,Actif,2026-06-29T00:15:34.343407,moyenne
BJ-47DC4132,Consulting Marketing,Services aux entreprises,Djougou,+229 26 90 41 63,consulting.marketing@consulting.marketing.net,,PME (50-200),B2B,CCIB Annuaire,,Actif,2026-06-29T00:15:34.343418,moyenne
BJ-4931B46A,Expert Juridique Bureau Djougou,Services aux entreprises,Djougou,+229 81 74 14 12,expert.juridique.bureau.djougou@expert.juridique.bureau.djougou.bj,expertjuridiquebureaudjougou.bj,TPE (<10),B2B,CCIB Annuaire,,Actif,2026-06-29T00:15:34.343430,haute
BJ-EAC89B2B,Conseil Conseil,Services aux entreprises,Djougou,+229 95 81 45 58,conseil.conseil@conseil.conseil.org,,TPE (<10),B2B,CCIB Annuaire,,Actif,2026-06-29T00:15:34.343440,moyenne
BJ-BE17CC86,Agence RH Africa,Services aux entreprises,Ouèssè,+229 68 84 82 36,,agencerhafrica.bj,Grande (>200),B2B,CCIB Annuaire,,Actif,2026-06-29T00:15:34.343485,moyenne
BJ-382B8176,Bureau Expert,Services aux entreprises,Ouèssè,+229 55 33 65 67,bureau.expert@bureau.expert.benin,bureauexpert.bj,PME (50-200),B2B,CCIB Annuaire,,Actif,2026-06-29T00:15:34.343497,haute
BJ-E16B0F85,Consulting Fiscal,Services aux entreprises,Ouèssè,+229 76 74 35 62,,consultingfiscal.bj,TPE (<10),B2B,CCIB Annuaire,,Actif,2026-06-29T00:15:34.343507,moyenne
BJ-66993BB0,Conseil Audit Consulting,Services aux entreprises,Ouèssè,+229 93 99 76 87,,conseilauditconsulting.bj,TPE (<10),B2B,CCIB Annuaire,,Actif,2026-06-29T00:15:34.343518,moyenne
BJ-D613172A,Consulting Management International,Services aux entreprises,Bassila,+229 71 65 34 93,consulting.management.international@consulting.management.international.org,consultingmanagementinternational.bj,PME (10-50),B2B,CCIB Annuaire,,Actif,2026-06-29T00:15:34.343535,haute
BJ-4D629799,Conseil,Services aux entreprises,Bassila,+229 60 35 70 31,conseil@conseil.net,conseil.bj,Grande (>200),B2B,CCIB Annuaire,,Actif,2026-06-29T00:15:34.343546,haute
BJ-7A52537A,Expert Fiscal,Services aux entreprises,Bassila,+229 66 15 94 62,expert.fiscal@expert.fiscal.com,expertfiscal.bj,PME (10-50),B2B,CCIB Annuaire,,Actif,2026-06-29T00:15:34.343558,haute
BJ-DF087169,Audit Audit,Services aux entreprises,Bassila,+229 35 79 36 20,audit.audit@audit.audit.com,,TPE (<10),B2B,CCIB Annuaire,,Actif,2026-06-29T00:15:34.343584,moyenne
BJ-3FBCD0B8,Stratégie,Services aux entreprises,Pehunco,+229 87 64 12 18,stratégie@stratégie.net,stratégie.bj,TPE (<10),B2B,CCIB Annuaire,,Actif,2026-06-29T00:15:34.343603,haute
BJ-900DA113,Bureau Communication Bureau,Services aux entreprises,Pehunco,+229 98 68 83 83,bureau.communication.bureau@bureau.communication.bureau.net,bureaucommunicationbureau.bj,TPE (<10),B2B,CCIB Annuaire,,Actif,2026-06-29T00:15:34.343629,haute
BJ-09F198C2,Cabinet Juridique Bénin,Services aux entreprises,Pehunco,+229 75 73 77 68,cabinet.juridique.bénin@cabinet.juridique.bénin.com,cabinetjuridiquebénin.bj,Grande (>200),B2B,CCIB Annuaire,,Actif,2026-06-29T00:15:34.343641,haute
BJ-F0534E5F,Bureau Marketing Africa,Services aux entreprises,Pehunco,+229 80 23 61 75,,,Grande (>200),B2B,CCIB Annuaire,,Actif,2026-06-29T00:15:34.343652,basse
BJ-C757B0F3,Cabinet Conseil Advisory,Services aux entreprises,Copargo,+229 77 47 19 82,cabinet.conseil.advisory@cabinet.conseil.advisory.com,cabinetconseiladvisory.bj,PME (10-50),B2B,CCIB Annuaire,,Actif,2026-06-29T00:15:34.343671,haute
BJ-EB37EF86,Stratégie International,Services aux entreprises,Copargo,+229 95 28 31 43,stratégie.international@stratégie.international.org,,PME (10-50),B2B,CCIB Annuaire,,Actif,2026-06-29T00:15:34.343693,moyenne
BJ-42BBCA3F,Agence Business Consulting,Services aux entreprises,Copargo,+229 47 52 64 51,agence.business.consulting@agence.business.consulting.org,,Grande (>200),B2B,CCIB Annuaire,,Actif,2026-06-29T00:15:34.343704,moyenne
BJ-F7FC1CC3,Consulting Conseil,Services aux entreprises,Copargo,+229 73 73 64 38,consulting.conseil@consulting.conseil.benin,consultingconseil.bj,Grande (>200),B2B,CCIB Annuaire,,Actif,2026-06-29T00:15:34.343715,haute
BJ-0D0E4222,Eau Africa,Énergie & Environnement,Cotonou,+229 77 83 30 49,eau.africa@eau.africa.net,,PME (50-200),B2C,CCIB Annuaire,,Actif,2026-06-29T00:15:34.343732,moyenne
BJ-A53D3EBE,Clean,Énergie & Environnement,Cotonou,+229 47 62 31 65,clean@clean.com,,PME (10-50),B2B,CCIB Annuaire,,Actif,2026-06-29T00:15:34.343746,moyenne
BJ-009521EE,Énergie Clean Water,Énergie & Environnement,Cotonou,+229 50 67 64 51,énergie.clean.water@énergie.clean.water.bj,,TPE (<10),B2C,CCIB Annuaire,,Actif,2026-06-29T00:15:34.343758,moyenne
BJ-D74CF5C0,Environnement Écologie,Énergie & Environnement,Cotonou,+229 47 41 41 50,environnement.écologie@environnement.écologie.org,,PME (10-50),B2C,CCIB Annuaire,,Actif,2026-06-29T00:15:34.343770,moyenne
BJ-E46A6D0A,Éolien Water,Énergie & Environnement,Abomey-Calavi,+229 65 42 16 92,éolien.water@éolien.water.com,,TPE (<10),B2B,CCIB Annuaire,,Actif,2026-06-29T00:15:34.343799,moyenne
BJ-DC5B350A,Solaire Africa,Énergie & Environnement,Abomey-Calavi,+229 38 87 87 71,solaire.africa@solaire.africa.benin,,TPE (<10),B2B,CCIB Annuaire,,Actif,2026-06-29T00:15:34.343821,moyenne
BJ-EEB88A76,Solar Solaire,Énergie & Environnement,Abomey-Calavi,+229 60 51 37 64,solar.solaire@solar.solaire.org,solarsolaire.bj,TPE (<10),B2B,CCIB Annuaire,,Actif,2026-06-29T00:15:34.343850,haute
BJ-C43465E5,Énergie Clean,Énergie & Environnement,Porto-Novo,+229 93 12 60 82,,,TPE (<10),B2C,CCIB Annuaire,,Actif,2026-06-29T00:15:34.343876,basse
BJ-D58E1306,Solaire,Énergie & Environnement,Porto-Novo,+229 74 56 62 71,,,TPE (<10),B2C,CCIB Annuaire,,Actif,2026-06-29T00:15:34.343947,basse
BJ-27E9ED26,Power Écologie,Énergie & Environnement,Porto-Novo,+229 43 42 23 62,,powerécologie.bj,Grande (>200),B2B,CCIB Annuaire,,Actif,2026-06-29T00:15:34.343988,moyenne
BJ-8F618CE2,Éolien SARL,Énergie & Environnement,Porto-Novo,+229 92 56 49 62,éolien.sarl@éolien.sarl.net,éoliensarl.bj,PME (50-200),B2B,CCIB Annuaire,,Actif,2026-06-29T00:15:34.344015,haute
BJ-F7FB3AA1,Vert Renouvelable,Énergie & Environnement,Parakou,+229 52 19 64 97,vert.renouvelable@vert.renouvelable.bj,,Grande (>200),B2C,CCIB Annuaire,,Actif,2026-06-29T00:15:34.344060,moyenne
BJ-2FA2A4FE,Power Power Parakou,Énergie & Environnement,Parakou,+229 30 74 42 23,power.power.parakou@power.power.parakou.org,powerpowerparakou.bj,TPE (<10),B2B,CCIB Annuaire,,Actif,2026-06-29T00:15:34.344090,haute
BJ-ACCDA0F2,Vert Hydraulique Power,Énergie & Environnement,Parakou,+229 44 52 62 14,vert.hydraulique.power@vert.hydraulique.power.net,,PME (50-200),B2C,CCIB Annuaire,,Actif,2026-06-29T00:15:34.344102,moyenne
BJ-8C1E2F1E,Vert Énergie Water,Énergie & Environnement,Parakou,+229 97 40 52 85,vert.énergie.water@vert.énergie.water.org,verténergiewater.bj,TPE (<10),B2B,CCIB Annuaire,,Actif,2026-06-29T00:15:34.344115,haute
BJ-2E7C578D,Éolien Renouvelable,Énergie & Environnement,Parakou,+229 71 91 42 41,,,PME (50-200),B2C,CCIB Annuaire,,Actif,2026-06-29T00:15:34.344126,basse
BJ-1B4E2EFA,Énergie Durable Africa,Énergie & Environnement,Bohicon,+229 47 15 53 89,,énergiedurableafrica.bj,TPE (<10),B2B,CCIB Annuaire,,Actif,2026-06-29T00:15:34.344144,moyenne
BJ-0D64161F,Eau Solaire,Énergie & Environnement,Bohicon,+229 60 77 19 72,eau.solaire@eau.solaire.org,eausolaire.bj,TPE (<10),B2C,CCIB Annuaire,,Actif,2026-06-29T00:15:34.344184,haute
BJ-A4CDE815,Énergie Durable Solar,Énergie & Environnement,Natitingou,+229 79 48 58 53,énergie.durable.solar@énergie.durable.solar.com,énergiedurablesolar.bj,PME (50-200),B2C,CCIB Annuaire,,Actif,2026-06-29T00:15:34.344213,haute
BJ-F3D16DF4,Clean Africa,Énergie & Environnement,Natitingou,+229 90 59 58 74,clean.africa@clean.africa.net,cleanafrica.bj,PME (50-200),B2B,CCIB Annuaire,,Actif,2026-06-29T00:15:34.344225,haute
BJ-C5FA2303,Solaire Natitingou,Énergie & Environnement,Natitingou,+229 73 98 75 89,solaire.natitingou@solaire.natitingou.org,,PME (10-50),B2C,CCIB Annuaire,,Actif,2026-06-29T00:15:34.344264,moyenne
BJ-78CA2568,Écologie Power,Énergie & Environnement,Lokossa,+229 73 97 22 77,écologie.power@écologie.power.com,,TPE (<10),B2C,CCIB Annuaire,,Actif,2026-06-29T00:15:34.344281,moyenne
BJ-79FAFA78,Assainissement,Énergie & Environnement,Lokossa,+229 33 63 90 33,,,TPE (<10),B2C,CCIB Annuaire,,Actif,2026-06-29T00:15:34.344295,basse
BJ-4A25981A,Solar Éolien,Énergie & Environnement,Lokossa,+229 79 39 27 29,solar.éolien@solar.éolien.net,solaréolien.bj,PME (10-50),B2C,CCIB Annuaire,,Actif,2026-06-29T00:15:34.344308,haute
BJ-4403DB8D,Vert Environnement,Énergie & Environnement,Lokossa,+229 47 37 14 19,vert.environnement@vert.environnement.com,,TPE (<10),B2B,CCIB Annuaire,,Actif,2026-06-29T00:15:34.344319,moyenne
BJ-6C9CDE1C,Renouvelable Energy,Énergie & Environnement,Lokossa,+229 64 57 47 50,,renouvelableenergy.bj,PME (50-200),B2C,CCIB Annuaire,,Actif,2026-06-29T00:15:34.344330,moyenne
BJ-333F8325,Énergie Energy,Énergie & Environnement,Ouidah,+229 50 64 45 46,,,TPE (<10),B2C,CCIB Annuaire,,Actif,2026-06-29T00:15:34.344362,basse
BJ-89746F7B,Éolien Renouvelable Energy Ouidah,Énergie & Environnement,Ouidah,+229 20 35 27 82,éolien.renouvelable.energy.ouidah@éolien.renouvelable.energy.ouidah.bj,éolienrenouvelableenergyouidah.bj,PME (10-50),B2C,CCIB Annuaire,,Actif,2026-06-29T00:15:34.344375,haute
BJ-E3EB4075,Eau Solaire Africa Ouidah,Énergie & Environnement,Ouidah,+229 65 30 31 79,eau.solaire.africa.ouidah@eau.solaire.africa.ouidah.net,,Grande (>200),B2B,CCIB Annuaire,,Actif,2026-06-29T00:15:34.344387,moyenne
BJ-476F548B,Eau Hydraulique,Énergie & Environnement,Ouidah,+229 25 66 16 42,,,Grande (>200),B2B,CCIB Annuaire,,Actif,2026-06-29T00:15:34.344396,basse
BJ-45A41E2F,Vert Environnement,Énergie & Environnement,Savalou,+229 37 38 90 98,vert.environnement@vert.environnement.org,vertenvironnement.bj,PME (10-50),B2C,CCIB Annuaire,,Actif,2026-06-29T00:15:34.344413,haute
BJ-E597947C,Vert Savalou,Énergie & Environnement,Savalou,+229 33 11 21 91,vert.savalou@vert.savalou.com,vertsavalou.bj,Grande (>200),B2C,CCIB Annuaire,,Actif,2026-06-29T00:15:34.344428,haute
BJ-7AE7166D,Eau Durable Water Savalou,Énergie & Environnement,Savalou,+229 75 30 32 80,,eaudurablewatersavalou.bj,Grande (>200),B2C,CCIB Annuaire,,Actif,2026-06-29T00:15:34.344439,moyenne
BJ-39B3DF82,Eau Environnement Savalou,Énergie & Environnement,Savalou,+229 67 86 44 30,eau.environnement.savalou@eau.environnement.savalou.bj,eauenvironnementsavalou.bj,TPE (<10),B2C,CCIB Annuaire,,Actif,2026-06-29T00:15:34.344451,haute
BJ-BAB584DA,Environnement Hydraulique Bénin,Énergie & Environnement,Savalou,+229 86 63 19 68,environnement.hydraulique.bénin@environnement.hydraulique.bénin.benin,environnementhydrauliquebénin.bj,TPE (<10),B2B,CCIB Annuaire,,Actif,2026-06-29T00:15:34.344464,haute
BJ-0F848150,Éolien Power Energy,Énergie & Environnement,Dassa-Zoumè,+229 85 71 88 27,éolien.power.energy@éolien.power.energy.benin,,PME (10-50),B2C,CCIB Annuaire,,Actif,2026-06-29T00:15:34.344481,moyenne
BJ-75605D36,Durable Bénin,Énergie & Environnement,Dassa-Zoumè,+229 23 42 49 65,,durablebénin.bj,PME (50-200),B2C,CCIB Annuaire,,Actif,2026-06-29T00:15:34.344497,moyenne
BJ-44A9AB69,Vert Vert Energy,Énergie & Environnement,Dassa-Zoumè,+229 38 43 70 80,vert.vert.energy@vert.vert.energy.net,vertvertenergy.bj,PME (10-50),B2C,CCIB Annuaire,,Actif,2026-06-29T00:15:34.344509,haute
BJ-7B1BE61D,Eau Éolien,Énergie & Environnement,Dassa-Zoumè,+229 68 12 71 58,eau.éolien@eau.éolien.bj,,PME (10-50),B2B,CCIB Annuaire,,Actif,2026-06-29T00:15:34.344521,moyenne
BJ-0CCE5688,Solar Assainissement,Énergie & Environnement,Dassa-Zoumè,+229 84 97 39 31,solar.assainissement@solar.assainissement.bj,solarassainissement.bj,TPE (<10),B2B,CCIB Annuaire,,Actif,2026-06-29T00:15:34.344533,haute
BJ-55F5D677,Éolien Renouvelable Bénin,Énergie & Environnement,Kétou,+229 38 42 56 15,,éolienrenouvelablebénin.bj,PME (50-200),B2B,CCIB Annuaire,,Actif,2026-06-29T00:15:34.344553,moyenne
BJ-68D4154A,Renouvelable,Énergie & Environnement,Kétou,+229 82 41 88 54,renouvelable@renouvelable.com,renouvelable.bj,TPE (<10),B2B,CCIB Annuaire,,Actif,2026-06-29T00:15:34.344569,haute
BJ-0F99E935,Hydraulique Environment Kétou,Énergie & Environnement,Kétou,+229 46 97 32 62,hydraulique.environment.kétou@hydraulique.environment.kétou.org,hydrauliqueenvironmentkétou.bj,Grande (>200),B2C,CCIB Annuaire,,Actif,2026-06-29T00:15:34.344583,haute
BJ-4F2C7CAD,Power Clean Water,Énergie & Environnement,Kétou,+229 36 26 62 73,power.clean.water@power.clean.water.org,powercleanwater.bj,PME (10-50),B2B,CCIB Annuaire,,Actif,2026-06-29T00:15:34.344595,haute
BJ-BF5EE94F,Environnement Clean Solar,Énergie & Environnement,Kétou,+229 42 39 37 75,,environnementcleansolar.bj,TPE (<10),B2C,CCIB Annuaire,,Actif,2026-06-29T00:15:34.344606,moyenne
BJ-38333519,Éolien Covè,Énergie & Environnement,Covè,+229 62 64 17 74,éolien.covè@éolien.covè.bj,éoliencovè.bj,Grande (>200),B2B,CCIB Annuaire,,Actif,2026-06-29T00:15:34.344628,haute
BJ-5ED96306,Énergie Vert Energy,Énergie & Environnement,Covè,+229 53 54 78 59,énergie.vert.energy@énergie.vert.energy.com,énergievertenergy.bj,TPE (<10),B2C,CCIB Annuaire,,Actif,2026-06-29T00:15:34.344642,haute
BJ-AB162B4B,Hydraulique,Énergie & Environnement,Covè,+229 62 76 94 93,hydraulique@hydraulique.org,hydraulique.bj,TPE (<10),B2C,CCIB Annuaire,,Actif,2026-06-29T00:15:34.344653,haute
BJ-F169D3F9,Écologie Covè,Énergie & Environnement,Covè,+229 36 15 21 48,écologie.covè@écologie.covè.net,écologiecovè.bj,PME (50-200),B2C,CCIB Annuaire,,Actif,2026-06-29T00:15:34.344669,haute
BJ-6EF85202,Éolien Vert,Énergie & Environnement,Covè,+229 50 49 99 95,éolien.vert@éolien.vert.bj,éolienvert.bj,TPE (<10),B2B,CCIB Annuaire,,Actif,2026-06-29T00:15:34.344681,haute
BJ-E7533C5A,Éolien Clean Power,Énergie & Environnement,Pobè,+229 62 29 60 83,éolien.clean.power@éolien.clean.power.net,,TPE (<10),B2B,CCIB Annuaire,,Actif,2026-06-29T00:15:34.344699,moyenne
BJ-87C938C7,Éolien Solar,Énergie & Environnement,Pobè,+229 68 12 45 49,,éoliensolar.bj,TPE (<10),B2B,CCIB Annuaire,,Actif,2026-06-29T00:15:34.344713,moyenne
BJ-6A3EC53F,Renouvelable Water,Énergie & Environnement,Pobè,+229 34 17 18 82,,renouvelablewater.bj,TPE (<10),B2C,CCIB Annuaire,,Actif,2026-06-29T00:15:34.344727,moyenne
BJ-69B7D6F8,Environnement Solar Pobè,Énergie & Environnement,Pobè,+229 27 18 81 52,environnement.solar.pobè@environnement.solar.pobè.com,,PME (50-200),B2B,CCIB Annuaire,,Actif,2026-06-29T00:15:34.344740,moyenne
BJ-FC1BDFA9,Énergie Énergie Africa,Énergie & Environnement,Pobè,+229 35 21 14 97,énergie.énergie.africa@énergie.énergie.africa.benin,énergieénergieafrica.bj,PME (10-50),B2C,CCIB Annuaire,,Actif,2026-06-29T00:15:34.344752,haute
BJ-580E4692,Énergie Solaire Sakété,Énergie & Environnement,Sakété,+229 31 16 83 43,énergie.solaire.sakété@énergie.solaire.sakété.org,,TPE (<10),B2B,CCIB Annuaire,,Actif,2026-06-29T00:15:34.344769,moyenne
BJ-FE2B3AB3,Clean,Énergie & Environnement,Sakété,+229 77 87 62 27,clean@clean.com,clean.bj,PME (10-50),B2C,CCIB Annuaire,,Actif,2026-06-29T00:15:34.344781,haute
BJ-1AB4A75D,Écologie,Énergie & Environnement,Sakété,+229 62 82 46 28,écologie@écologie.org,écologie.bj,PME (10-50),B2C,CCIB Annuaire,,Actif,2026-06-29T00:15:34.344793,haute
BJ-FCEE7EDC,Solar Power Sakété,Énergie & Environnement,Sakété,+229 40 23 25 78,solar.power.sakété@solar.power.sakété.com,solarpowersakété.bj,PME (50-200),B2C,CCIB Annuaire,,Actif,2026-06-29T00:15:34.344805,haute
BJ-4960263F,Éolien Écologie,Énergie & Environnement,Sakété,+229 57 16 52 70,,éolienécologie.bj,TPE (<10),B2C,CCIB Annuaire,,Actif,2026-06-29T00:15:34.344816,moyenne
BJ-10682B08,Éolien Africa,Énergie & Environnement,Adjara,+229 58 14 28 29,,,TPE (<10),B2B,CCIB Annuaire,,Actif,2026-06-29T00:15:34.344832,basse
BJ-2D8F60C7,Renouvelable Africa,Énergie & Environnement,Adjara,+229 96 63 76 42,renouvelable.africa@renouvelable.africa.bj,,PME (10-50),B2B,CCIB Annuaire,,Actif,2026-06-29T00:15:34.344847,moyenne
BJ-4A4439B0,Eau Vert Energy Adjara,Énergie & Environnement,Adjara,+229 79 81 33 88,eau.vert.energy.adjara@eau.vert.energy.adjara.bj,eauvertenergyadjara.bj,PME (50-200),B2C,CCIB Annuaire,,Actif,2026-06-29T00:15:34.344859,haute
BJ-E65DDFF0,Environnement Hydraulique,Énergie & Environnement,Adjara,+229 22 46 87 50,environnement.hydraulique@environnement.hydraulique.bj,environnementhydraulique.bj,TPE (<10),B2C,CCIB Annuaire,,Actif,2026-06-29T00:15:34.344871,haute
BJ-B9B9271B,Environnement,Énergie & Environnement,Adjara,+229 67 93 87 51,environnement@environnement.org,environnement.bj,PME (10-50),B2C,CCIB Annuaire,,Actif,2026-06-29T00:15:34.344882,haute
BJ-1E9D14C4,Énergie Hydraulique,Énergie & Environnement,Allada,+229 32 44 64 93,,énergiehydraulique.bj,TPE (<10),B2C,CCIB Annuaire,,Actif,2026-06-29T00:15:34.344938,moyenne
BJ-6606E372,Énergie Énergie,Énergie & Environnement,Allada,+229 63 49 18 67,énergie.énergie@énergie.énergie.net,,TPE (<10),B2C,CCIB Annuaire,,Actif,2026-06-29T00:15:34.345007,moyenne
BJ-F885FE9E,Énergie Énergie Environment,Énergie & Environnement,Allada,+229 80 71 59 69,énergie.énergie.environment@énergie.énergie.environment.bj,,TPE (<10),B2B,CCIB Annuaire,,Actif,2026-06-29T00:15:34.345037,moyenne
BJ-FCFF8887,Hydraulique Bénin,Énergie & Environnement,Allada,+229 67 83 48 45,hydraulique.bénin@hydraulique.bénin.com,,PME (50-200),B2C,CCIB Annuaire,,Actif,2026-06-29T00:15:34.345062,moyenne
BJ-CAF2FE8C,Énergie Eau,Énergie & Environnement,Aplahoué,+229 28 79 78 40,énergie.eau@énergie.eau.org,énergieeau.bj,Grande (>200),B2B,CCIB Annuaire,,Actif,2026-06-29T00:15:34.345105,haute
BJ-F4EEDE60,Environnement Renouvelable Environment,Énergie & Environnement,Aplahoué,+229 73 73 96 95,environnement.renouvelable.environment@environnement.renouvelable.environment.bj,,TPE (<10),B2B,CCIB Annuaire,,Actif,2026-06-29T00:15:34.345148,moyenne
BJ-0867A811,Solaire Africa Aplahoué,Énergie & Environnement,Aplahoué,+229 84 83 87 32,solaire.africa.aplahoué@solaire.africa.aplahoué.benin,,TPE (<10),B2B,CCIB Annuaire,,Actif,2026-06-29T00:15:34.345160,moyenne
BJ-93034123,Power Environnement,Énergie & Environnement,Dogbo-Tota,+229 75 16 13 18,,powerenvironnement.bj,PME (50-200),B2C,CCIB Annuaire,,Actif,2026-06-29T00:15:34.345178,moyenne
BJ-FC7131C4,Énergie Éolien SARL,Énergie & Environnement,Dogbo-Tota,+229 93 65 29 94,énergie.éolien.sarl@énergie.éolien.sarl.org,,TPE (<10),B2C,CCIB Annuaire,,Actif,2026-06-29T00:15:34.345190,moyenne
BJ-0F04605B,Énergie SARL,Énergie & Environnement,Dogbo-Tota,+229 50 91 10 21,énergie.sarl@énergie.sarl.bj,énergiesarl.bj,PME (10-50),B2B,CCIB Annuaire,,Actif,2026-06-29T00:15:34.345213,haute
BJ-9F8B2838,Éolien Kpomassè,Énergie & Environnement,Kpomassè,+229 34 18 46 66,éolien.kpomassè@éolien.kpomassè.org,,TPE (<10),B2B,CCIB Annuaire,,Actif,2026-06-29T00:15:34.345241,moyenne
BJ-D74E86F4,Solaire,Énergie & Environnement,Kpomassè,+229 36 82 19 75,,solaire.bj,Grande (>200),B2B,CCIB Annuaire,,Actif,2026-06-29T00:15:34.345258,moyenne
BJ-7B6F3899,Power Solaire Kpomassè,Énergie & Environnement,Kpomassè,+229 21 61 75 14,power.solaire.kpomassè@power.solaire.kpomassè.net,,TPE (<10),B2B,CCIB Annuaire,,Actif,2026-06-29T00:15:34.345271,moyenne
BJ-FD1F1506,Environnement,Énergie & Environnement,Kpomassè,+229 72 51 40 12,environnement@environnement.bj,environnement.bj,Grande (>200),B2B,CCIB Annuaire,,Actif,2026-06-29T00:15:34.345294,haute
BJ-0C89BE37,Vert Power,Énergie & Environnement,Tori-Bossito,+229 80 39 80 93,vert.power@vert.power.benin,vertpower.bj,TPE (<10),B2C,CCIB Annuaire,,Actif,2026-06-29T00:15:34.345311,haute
BJ-9BD48C66,Vert Éolien,Énergie & Environnement,Tori-Bossito,+229 75 31 92 91,vert.éolien@vert.éolien.com,vertéolien.bj,PME (10-50),B2C,CCIB Annuaire,,Actif,2026-06-29T00:15:34.345324,haute
BJ-0BD3C939,Vert Énergie Africa,Énergie & Environnement,Tori-Bossito,+229 99 25 12 23,vert.énergie.africa@vert.énergie.africa.com,verténergieafrica.bj,TPE (<10),B2B,CCIB Annuaire,,Actif,2026-06-29T00:15:34.345350,haute
BJ-CB8AF274,Solar Hydraulique,Énergie & Environnement,Tori-Bossito,+229 72 12 45 31,solar.hydraulique@solar.hydraulique.net,,Grande (>200),B2C,CCIB Annuaire,,Actif,2026-06-29T00:15:34.345362,moyenne
BJ-10128009,Power Hydraulique Africa,Énergie & Environnement,Grand-Popo,+229 37 71 11 13,,powerhydrauliqueafrica.bj,TPE (<10),B2C,CCIB Annuaire,,Actif,2026-06-29T00:15:34.345394,moyenne
BJ-6CC34A42,Vert Environnement,Énergie & Environnement,Grand-Popo,+229 26 85 30 32,vert.environnement@vert.environnement.bj,,Grande (>200),B2B,CCIB Annuaire,,Actif,2026-06-29T00:15:34.345405,moyenne
BJ-2DB32D3A,Vert Eau,Énergie & Environnement,Grand-Popo,+229 86 79 34 19,vert.eau@vert.eau.com,verteau.bj,TPE (<10),B2B,CCIB Annuaire,,Actif,2026-06-29T00:15:34.345417,haute
BJ-5CD19A6D,Énergie Assainissement,Énergie & Environnement,Grand-Popo,+229 77 97 21 29,énergie.assainissement@énergie.assainissement.org,énergieassainissement.bj,PME (10-50),B2C,CCIB Annuaire,,Actif,2026-06-29T00:15:34.345432,haute
BJ-413366C8,Eau Eau,Énergie & Environnement,Athiémé,+229 84 35 40 97,eau.eau@eau.eau.benin,eaueau.bj,TPE (<10),B2C,CCIB Annuaire,,Actif,2026-06-29T00:15:34.345450,haute
BJ-87237F15,Vert Energy Athiémé,Énergie & Environnement,Athiémé,+229 89 38 23 19,,,PME (50-200),B2B,CCIB Annuaire,,Actif,2026-06-29T00:15:34.345460,basse
BJ-9ED6EBC0,Power Écologie Energy Athiémé,Énergie & Environnement,Athiémé,+229 22 37 35 88,power.écologie.energy.athiémé@power.écologie.energy.athiémé.benin,,PME (10-50),B2C,CCIB Annuaire,,Actif,2026-06-29T00:15:34.345472,moyenne
BJ-3282036F,Énergie Énergie,Énergie & Environnement,Athiémé,+229 27 58 34 91,énergie.énergie@énergie.énergie.bj,énergieénergie.bj,TPE (<10),B2C,CCIB Annuaire,,Actif,2026-06-29T00:15:34.345484,haute
BJ-E9339D5B,Éolien Durable,Énergie & Environnement,Athiémé,+229 35 75 13 22,éolien.durable@éolien.durable.net,,TPE (<10),B2B,CCIB Annuaire,,Actif,2026-06-29T00:15:34.345495,moyenne
BJ-A528B911,Environnement Énergie Bopa,Énergie & Environnement,Bopa,+229 52 79 47 65,,environnementénergiebopa.bj,TPE (<10),B2B,CCIB Annuaire,,Actif,2026-06-29T00:15:34.345512,moyenne
BJ-565FD370,Environnement Renouvelable Solar,Énergie & Environnement,Bopa,+229 78 58 92 75,environnement.renouvelable.solar@environnement.renouvelable.solar.benin,environnementrenouvelablesolar.bj,TPE (<10),B2C,CCIB Annuaire,,Actif,2026-06-29T00:15:34.345527,haute
BJ-94ACFD07,Éolien SARL,Énergie & Environnement,Bopa,+229 79 76 68 80,éolien.sarl@éolien.sarl.org,éoliensarl.bj,Grande (>200),B2B,CCIB Annuaire,,Actif,2026-06-29T00:15:34.345539,haute
BJ-4C3A58B5,Environnement Environnement,Énergie & Environnement,Bopa,+229 58 23 94 37,,environnementenvironnement.bj,PME (10-50),B2B,CCIB Annuaire,,Actif,2026-06-29T00:15:34.345550,moyenne
BJ-D5F29291,Vert Solaire Bénin Bopa,Énergie & Environnement,Bopa,+229 71 42 37 25,,vertsolairebéninbopa.bj,PME (50-200),B2B,CCIB Annuaire,,Actif,2026-06-29T00:15:34.345561,moyenne
BJ-E8ADFDB8,Power Énergie,Énergie & Environnement,Houéyogbé,+229 52 75 10 10,,,TPE (<10),B2B,CCIB Annuaire,,Actif,2026-06-29T00:15:34.345577,basse
BJ-78C183C7,Renouvelable Environment,Énergie & Environnement,Houéyogbé,+229 93 20 90 80,renouvelable.environment@renouvelable.environment.net,renouvelableenvironment.bj,TPE (<10),B2B,CCIB Annuaire,,Actif,2026-06-29T00:15:34.345604,haute
BJ-4DD85485,Éolien Renouvelable Bénin,Énergie & Environnement,Houéyogbé,+229 50 84 95 69,éolien.renouvelable.bénin@éolien.renouvelable.bénin.net,,PME (10-50),B2C,CCIB Annuaire,,Actif,2026-06-29T00:15:34.345616,moyenne
BJ-B3833ED6,Power Durable Power Houéyogbé,Énergie & Environnement,Houéyogbé,+229 22 64 89 81,power.durable.power.houéyogbé@power.durable.power.houéyogbé.org,powerdurablepowerhouéyogbé.bj,TPE (<10),B2C,CCIB Annuaire,,Actif,2026-06-29T00:15:34.345629,haute
BJ-2950E993,Éolien Éolien Malanville,Énergie & Environnement,Malanville,+229 75 35 83 16,éolien.éolien.malanville@éolien.éolien.malanville.benin,éolienéolienmalanville.bj,PME (10-50),B2B,CCIB Annuaire,,Actif,2026-06-29T00:15:34.345647,haute
BJ-09A2F0D6,Éolien Vert Environment,Énergie & Environnement,Malanville,+229 97 53 77 68,éolien.vert.environment@éolien.vert.environment.benin,éolienvertenvironment.bj,TPE (<10),B2C,CCIB Annuaire,,Actif,2026-06-29T00:15:34.345663,haute
BJ-5D7040E3,Renouvelable Power,Énergie & Environnement,Malanville,+229 51 71 32 48,renouvelable.power@renouvelable.power.benin,,PME (10-50),B2B,CCIB Annuaire,,Actif,2026-06-29T00:15:34.345675,moyenne
BJ-58A352C2,Vert Renouvelable Bénin,Énergie & Environnement,Malanville,+229 67 11 97 79,,vertrenouvelablebénin.bj,PME (10-50),B2C,CCIB Annuaire,,Actif,2026-06-29T00:15:34.345686,moyenne
BJ-9327159B,Eau Malanville,Énergie & Environnement,Malanville,+229 87 13 13 75,eau.malanville@eau.malanville.bj,,PME (10-50),B2B,CCIB Annuaire,,Actif,2026-06-29T00:15:34.345698,moyenne
BJ-BE241BF2,Écologie Kandi,Énergie & Environnement,Kandi,+229 73 43 47 77,écologie.kandi@écologie.kandi.benin,,TPE (<10),B2C,CCIB Annuaire,,Actif,2026-06-29T00:15:34.345715,moyenne
BJ-15559A30,Solar Environnement,Énergie & Environnement,Kandi,+229 54 75 90 11,,solarenvironnement.bj,PME (50-200),B2C,CCIB Annuaire,,Actif,2026-06-29T00:15:34.345738,moyenne
BJ-9E5482B5,Hydraulique Bénin,Énergie & Environnement,Kandi,+229 36 80 66 93,hydraulique.bénin@hydraulique.bénin.net,hydrauliquebénin.bj,Grande (>200),B2B,CCIB Annuaire,,Actif,2026-06-29T00:15:34.345754,haute
BJ-320D3DDE,Éolien Durable Africa Kandi,Énergie & Environnement,Kandi,+229 51 80 83 49,éolien.durable.africa.kandi@éolien.durable.africa.kandi.net,éoliendurableafricakandi.bj,PME (10-50),B2C,CCIB Annuaire,,Actif,2026-06-29T00:15:34.345768,haute
BJ-68BA343F,Clean Bénin,Énergie & Environnement,Banikoara,+229 53 43 51 18,clean.bénin@clean.bénin.net,cleanbénin.bj,PME (50-200),B2C,CCIB Annuaire,,Actif,2026-06-29T00:15:34.345785,haute
BJ-0F6B1663,Eau Water,Énergie & Environnement,Banikoara,+229 23 11 66 81,eau.water@eau.water.benin,eauwater.bj,TPE (<10),B2B,CCIB Annuaire,,Actif,2026-06-29T00:15:34.345800,haute
BJ-C4E7AB7E,Énergie Énergie Africa,Énergie & Environnement,Banikoara,+229 40 91 88 29,énergie.énergie.africa@énergie.énergie.africa.net,énergieénergieafrica.bj,Grande (>200),B2B,CCIB Annuaire,,Actif,2026-06-29T00:15:34.345813,haute
BJ-55426ECF,Solar Renouvelable,Énergie & Environnement,Banikoara,+229 53 32 26 43,,solarrenouvelable.bj,PME (10-50),B2C,CCIB Annuaire,,Actif,2026-06-29T00:15:34.345827,moyenne
BJ-A27D220A,Durable,Énergie & Environnement,Banikoara,+229 89 37 30 96,durable@durable.benin,durable.bj,TPE (<10),B2C,CCIB Annuaire,,Actif,2026-06-29T00:15:34.345839,haute
BJ-66FDE919,Énergie Water,Énergie & Environnement,Ségbana,+229 30 52 27 24,énergie.water@énergie.water.bj,,TPE (<10),B2C,CCIB Annuaire,,Actif,2026-06-29T00:15:34.345856,moyenne
BJ-188F2F02,Renouvelable,Énergie & Environnement,Ségbana,+229 87 59 59 44,renouvelable@renouvelable.benin,renouvelable.bj,PME (50-200),B2C,CCIB Annuaire,,Actif,2026-06-29T00:15:34.345867,haute
BJ-D2423B76,Environnement Éolien Africa,Énergie & Environnement,Ségbana,+229 89 37 79 80,environnement.éolien.africa@environnement.éolien.africa.bj,environnementéolienafrica.bj,TPE (<10),B2C,CCIB Annuaire,,Actif,2026-06-29T00:15:34.345882,haute
BJ-E8C7C47D,Énergie Clean Power,Énergie & Environnement,Karimama,+229 46 41 13 83,énergie.clean.power@énergie.clean.power.benin,énergiecleanpower.bj,TPE (<10),B2C,CCIB Annuaire,,Actif,2026-06-29T00:15:34.346004,haute
BJ-006C316C,Power Hydraulique Karimama,Énergie & Environnement,Karimama,+229 67 91 66 65,power.hydraulique.karimama@power.hydraulique.karimama.bj,,PME (10-50),B2C,CCIB Annuaire,,Actif,2026-06-29T00:15:34.346046,moyenne
BJ-6195A3D4,Éolien Assainissement Environment,Énergie & Environnement,Karimama,+229 43 23 63 46,,,TPE (<10),B2B,CCIB Annuaire,,Actif,2026-06-29T00:15:34.346093,basse
BJ-BE453790,Environnement Africa,Énergie & Environnement,Karimama,+229 63 32 56 53,,environnementafrica.bj,PME (50-200),B2C,CCIB Annuaire,,Actif,2026-06-29T00:15:34.346117,moyenne
BJ-C83B2EAB,Solaire SARL Gogounou,Énergie & Environnement,Gogounou,+229 95 13 42 85,solaire.sarl.gogounou@solaire.sarl.gogounou.net,solairesarlgogounou.bj,PME (10-50),B2C,CCIB Annuaire,,Actif,2026-06-29T00:15:34.346156,haute
BJ-196A53A9,Solaire Solar,Énergie & Environnement,Gogounou,+229 65 82 24 95,,solairesolar.bj,PME (10-50),B2C,CCIB Annuaire,,Actif,2026-06-29T00:15:34.346203,moyenne
BJ-EB2D43DB,Vert Énergie SARL,Énergie & Environnement,Gogounou,+229 44 59 32 77,vert.énergie.sarl@vert.énergie.sarl.com,verténergiesarl.bj,TPE (<10),B2C,CCIB Annuaire,,Actif,2026-06-29T00:15:34.346250,haute
BJ-88F38189,Assainissement Power,Énergie & Environnement,Gogounou,+229 27 44 90 61,assainissement.power@assainissement.power.com,,PME (50-200),B2B,CCIB Annuaire,,Actif,2026-06-29T00:15:34.346281,moyenne
BJ-2BADB42C,Éolien Vert Environment,Énergie & Environnement,Gogounou,+229 53 90 33 51,,éolienvertenvironment.bj,TPE (<10),B2B,CCIB Annuaire,,Actif,2026-06-29T00:15:34.346306,moyenne
BJ-B2DBF56C,Renouvelable,Énergie & Environnement,Cobly,+229 91 91 65 32,,,PME (10-50),B2C,CCIB Annuaire,,Actif,2026-06-29T00:15:34.346343,basse
BJ-644C7C10,Clean Africa,Énergie & Environnement,Cobly,+229 54 64 42 91,clean.africa@clean.africa.bj,,TPE (<10),B2C,CCIB Annuaire,,Actif,2026-06-29T00:15:34.346375,moyenne
BJ-BE675307,Environnement SARL,Énergie & Environnement,Cobly,+229 38 30 42 63,environnement.sarl@environnement.sarl.net,environnementsarl.bj,Grande (>200),B2C,CCIB Annuaire,,Actif,2026-06-29T00:15:34.346435,haute
BJ-769BA8ED,Assainissement Power,Énergie & Environnement,Cobly,+229 79 84 51 78,assainissement.power@assainissement.power.benin,,PME (10-50),B2B,CCIB Annuaire,,Actif,2026-06-29T00:15:34.346462,moyenne
BJ-9E08C871,Solar Clean Water,Énergie & Environnement,Cobly,+229 90 70 85 93,solar.clean.water@solar.clean.water.org,solarcleanwater.bj,PME (10-50),B2C,CCIB Annuaire,,Actif,2026-06-29T00:15:34.346477,haute
BJ-98B069B0,Vert Power,Énergie & Environnement,Tanguiéta,+229 78 36 35 81,vert.power@vert.power.net,vertpower.bj,TPE (<10),B2C,CCIB Annuaire,,Actif,2026-06-29T00:15:34.346498,haute
BJ-2608CE50,Écologie SARL Tanguiéta,Énergie & Environnement,Tanguiéta,+229 23 11 36 18,écologie.sarl.tanguiéta@écologie.sarl.tanguiéta.benin,,PME (50-200),B2C,CCIB Annuaire,,Actif,2026-06-29T00:15:34.346516,moyenne
BJ-208E83FD,Power Renouvelable Water,Énergie & Environnement,Tanguiéta,+229 66 41 59 85,,,Grande (>200),B2C,CCIB Annuaire,,Actif,2026-06-29T00:15:34.346528,basse
BJ-AD9720BB,Hydraulique Tanguiéta,Énergie & Environnement,Tanguiéta,+229 69 97 30 67,hydraulique.tanguiéta@hydraulique.tanguiéta.bj,,PME (50-200),B2C,CCIB Annuaire,,Actif,2026-06-29T00:15:34.346541,moyenne
BJ-8149C73E,Assainissement Africa,Énergie & Environnement,Tanguiéta,+229 47 72 27 73,,,PME (50-200),B2C,CCIB Annuaire,,Actif,2026-06-29T00:15:34.346566,basse
BJ-9193487C,Assainissement Matéri,Énergie & Environnement,Matéri,+229 66 76 18 45,,assainissementmatéri.bj,TPE (<10),B2B,CCIB Annuaire,,Actif,2026-06-29T00:15:34.346603,moyenne
BJ-96B017CC,Vert Renouvelable,Énergie & Environnement,Matéri,+229 90 14 38 35,vert.renouvelable@vert.renouvelable.org,vertrenouvelable.bj,PME (10-50),B2C,CCIB Annuaire,,Actif,2026-06-29T00:15:34.346633,haute
BJ-AA9CBDC2,Eau Hydraulique,Énergie & Environnement,Matéri,+229 66 19 48 93,,eauhydraulique.bj,TPE (<10),B2B,CCIB Annuaire,,Actif,2026-06-29T00:15:34.346676,moyenne
BJ-D707D148,Vert Environment,Énergie & Environnement,Matéri,+229 88 29 64 20,,,PME (10-50),B2B,CCIB Annuaire,,Actif,2026-06-29T00:15:34.346686,basse
BJ-C941DAB7,Power Africa,Énergie & Environnement,Natitingou,+229 73 74 83 88,power.africa@power.africa.bj,powerafrica.bj,PME (50-200),B2C,CCIB Annuaire,,Actif,2026-06-29T00:15:34.346705,haute
BJ-3BFA18FF,Vert Power Africa,Énergie & Environnement,Natitingou,+229 73 42 94 80,vert.power.africa@vert.power.africa.net,,PME (10-50),B2B,CCIB Annuaire,,Actif,2026-06-29T00:15:34.346717,moyenne
BJ-DE1AEF94,Énergie Solaire,Énergie & Environnement,Natitingou,+229 85 18 84 92,énergie.solaire@énergie.solaire.com,,PME (10-50),B2C,CCIB Annuaire,,Actif,2026-06-29T00:15:34.346729,moyenne
BJ-2C528ED7,Vert Power Natitingou,Énergie & Environnement,Natitingou,+229 52 67 75 15,vert.power.natitingou@vert.power.natitingou.com,vertpowernatitingou.bj,TPE (<10),B2B,CCIB Annuaire,,Actif,2026-06-29T00:15:34.346741,haute
BJ-362C97DA,Eau Clean Natitingou,Énergie & Environnement,Natitingou,+229 67 45 14 80,eau.clean.natitingou@eau.clean.natitingou.com,eaucleannatitingou.bj,PME (50-200),B2B,CCIB Annuaire,,Actif,2026-06-29T00:15:34.346752,haute
BJ-8BF6C855,Vert Environment,Énergie & Environnement,Toucountouna,+229 31 47 17 71,vert.environment@vert.environment.com,,TPE (<10),B2B,CCIB Annuaire,,Actif,2026-06-29T00:15:34.346768,moyenne
BJ-C10BFCD2,Vert,Énergie & Environnement,Toucountouna,+229 52 34 75 69,vert@vert.org,vert.bj,PME (10-50),B2B,CCIB Annuaire,,Actif,2026-06-29T00:15:34.346783,haute
BJ-381AD935,Eau Solaire Energy,Énergie & Environnement,Toucountouna,+229 35 10 73 89,eau.solaire.energy@eau.solaire.energy.net,eausolaireenergy.bj,Grande (>200),B2B,CCIB Annuaire,,Actif,2026-06-29T00:15:34.346806,haute
BJ-7E2BF4CD,Vert Renouvelable Toucountouna,Énergie & Environnement,Toucountouna,+229 79 34 47 23,vert.renouvelable.toucountouna@vert.renouvelable.toucountouna.benin,,TPE (<10),B2C,CCIB Annuaire,,Actif,2026-06-29T00:15:34.346817,moyenne
BJ-220D660B,Eau Énergie Energy Boukoumbé,Énergie & Environnement,Boukoumbé,+229 46 58 58 49,,,PME (50-200),B2B,CCIB Annuaire,,Actif,2026-06-29T00:15:34.346834,basse
BJ-CBC6E7BD,Clean Energy,Énergie & Environnement,Boukoumbé,+229 49 39 18 84,clean.energy@clean.energy.net,cleanenergy.bj,TPE (<10),B2B,CCIB Annuaire,,Actif,2026-06-29T00:15:34.346845,haute
BJ-28922376,Éolien Solaire,Énergie & Environnement,Boukoumbé,+229 39 27 42 29,éolien.solaire@éolien.solaire.com,,PME (10-50),B2C,CCIB Annuaire,,Actif,2026-06-29T00:15:34.346857,moyenne
BJ-DD0DB02D,Renouvelable Africa,Énergie & Environnement,Boukoumbé,+229 85 27 67 34,renouvelable.africa@renouvelable.africa.bj,,TPE (<10),B2C,CCIB Annuaire,,Actif,2026-06-29T00:15:34.346872,moyenne
BJ-EE1FFB6A,Eau Écologie,Énergie & Environnement,Boukoumbé,+229 98 57 42 89,eau.écologie@eau.écologie.bj,,PME (10-50),B2B,CCIB Annuaire,,Actif,2026-06-29T00:15:34.346884,moyenne
BJ-A9A3A82A,Environnement SARL Kouandé,Énergie & Environnement,Kouandé,+229 61 54 44 21,,environnementsarlkouandé.bj,TPE (<10),B2C,CCIB Annuaire,,Actif,2026-06-29T00:15:34.346948,moyenne
BJ-0A6E4A7A,Énergie Eau Power Kouandé,Énergie & Environnement,Kouandé,+229 61 98 13 36,énergie.eau.power.kouandé@énergie.eau.power.kouandé.net,,PME (10-50),B2B,CCIB Annuaire,,Actif,2026-06-29T00:15:34.346965,moyenne
BJ-B667BD7D,Power Écologie Power Kouandé,Énergie & Environnement,Kouandé,+229 59 12 84 10,power.écologie.power.kouandé@power.écologie.power.kouandé.benin,powerécologiepowerkouandé.bj,PME (50-200),B2C,CCIB Annuaire,,Actif,2026-06-29T00:15:34.346979,haute
BJ-B9BEEB3C,Énergie Éolien,Énergie & Environnement,Kouandé,+229 21 71 95 88,,énergieéolien.bj,Grande (>200),B2B,CCIB Annuaire,,Actif,2026-06-29T00:15:34.346994,moyenne
BJ-ACB721AF,Eau Durable,Énergie & Environnement,Kouandé,+229 59 69 45 19,eau.durable@eau.durable.benin,,PME (50-200),B2B,CCIB Annuaire,,Actif,2026-06-29T00:15:34.347018,moyenne
BJ-F9E05EB0,Énergie Environnement,Énergie & Environnement,Péhunco,+229 98 15 24 17,énergie.environnement@énergie.environnement.org,énergieenvironnement.bj,TPE (<10),B2C,CCIB Annuaire,,Actif,2026-06-29T00:15:34.347038,haute
BJ-8BA50408,Environnement Eau,Énergie & Environnement,Péhunco,+229 80 72 55 61,,environnementeau.bj,PME (50-200),B2C,CCIB Annuaire,,Actif,2026-06-29T00:15:34.347049,moyenne
BJ-A61D91FE,Renouvelable Environment,Énergie & Environnement,Péhunco,+229 82 18 20 56,renouvelable.environment@renouvelable.environment.net,renouvelableenvironment.bj,Grande (>200),B2B,CCIB Annuaire,,Actif,2026-06-29T00:15:34.347061,haute
BJ-F74F378D,Durable,Énergie & Environnement,Péhunco,+229 22 38 37 15,,,TPE (<10),B2C,CCIB Annuaire,,Actif,2026-06-29T00:15:34.347071,basse
BJ-187C8917,Énergie Écologie,Énergie & Environnement,Péhunco,+229 33 87 83 62,,énergieécologie.bj,TPE (<10),B2B,CCIB Annuaire,,Actif,2026-06-29T00:15:34.347083,moyenne
BJ-841BE8F9,Eau Assainissement Energy,Énergie & Environnement,Tchaourou,+229 67 94 26 29,eau.assainissement.energy@eau.assainissement.energy.net,eauassainissementenergy.bj,PME (10-50),B2C,CCIB Annuaire,,Actif,2026-06-29T00:15:34.347101,haute
BJ-5EDDEC22,Solar Éolien,Énergie & Environnement,Tchaourou,+229 34 95 61 77,,solaréolien.bj,PME (10-50),B2B,CCIB Annuaire,,Actif,2026-06-29T00:15:34.347127,moyenne
BJ-48DD3DFE,Power Durable Power,Énergie & Environnement,Tchaourou,+229 58 80 12 50,power.durable.power@power.durable.power.net,powerdurablepower.bj,TPE (<10),B2B,CCIB Annuaire,,Actif,2026-06-29T00:15:34.347139,haute
BJ-CE0BBD14,Vert Écologie,Énergie & Environnement,Nikki,+229 59 40 78 50,vert.écologie@vert.écologie.bj,vertécologie.bj,TPE (<10),B2B,CCIB Annuaire,,Actif,2026-06-29T00:15:34.347167,haute
BJ-9275DFCC,Power Energy,Énergie & Environnement,Nikki,+229 21 63 85 81,power.energy@power.energy.net,powerenergy.bj,PME (50-200),B2B,CCIB Annuaire,,Actif,2026-06-29T00:15:34.347182,haute
BJ-E333CAED,Eau,Énergie & Environnement,Nikki,+229 88 69 73 81,eau@eau.org,,TPE (<10),B2C,CCIB Annuaire,,Actif,2026-06-29T00:15:34.347193,moyenne
BJ-E35830E7,Durable Africa Nikki,Énergie & Environnement,Nikki,+229 41 24 54 94,,durableafricanikki.bj,TPE (<10),B2C,CCIB Annuaire,,Actif,2026-06-29T00:15:34.347204,moyenne
BJ-5A1B9C84,Power,Énergie & Environnement,Nikki,+229 91 35 66 93,power@power.bj,,PME (10-50),B2B,CCIB Annuaire,,Actif,2026-06-29T00:15:34.347215,moyenne
BJ-086472BC,Assainissement,Énergie & Environnement,Bembéréké,+229 97 98 38 68,assainissement@assainissement.com,assainissement.bj,TPE (<10),B2B,CCIB Annuaire,,Actif,2026-06-29T00:15:34.347232,haute
BJ-C9339787,Power Hydraulique Solar Bembéréké,Énergie & Environnement,Bembéréké,+229 94 22 25 65,power.hydraulique.solar.bembéréké@power.hydraulique.solar.bembéréké.net,powerhydrauliquesolarbembéréké.bj,PME (10-50),B2C,CCIB Annuaire,,Actif,2026-06-29T00:15:34.347248,haute
BJ-E2EBD987,Écologie Energy Bembéréké,Énergie & Environnement,Bembéréké,+229 30 85 95 24,,,PME (50-200),B2C,CCIB Annuaire,,Actif,2026-06-29T00:15:34.347259,basse
BJ-4A0AB53F,Solar Power Environment Bembéréké,Énergie & Environnement,Bembéréké,+229 72 80 76 90,,,PME (50-200),B2B,CCIB Annuaire,,Actif,2026-06-29T00:15:34.347269,basse
BJ-33747CB6,Durable,Énergie & Environnement,Kalalé,+229 32 61 58 75,,durable.bj,Grande (>200),B2C,CCIB Annuaire,,Actif,2026-06-29T00:15:34.347295,moyenne
BJ-07353DC9,Énergie Énergie Africa Kalalé,Énergie & Environnement,Kalalé,+229 39 21 17 81,énergie.énergie.africa.kalalé@énergie.énergie.africa.kalalé.benin,énergieénergieafricakalalé.bj,PME (10-50),B2C,CCIB Annuaire,,Actif,2026-06-29T00:15:34.347319,haute
BJ-16F4DB72,Énergie Énergie,Énergie & Environnement,Kalalé,+229 72 64 33 26,énergie.énergie@énergie.énergie.bj,,TPE (<10),B2C,CCIB Annuaire,,Actif,2026-06-29T00:15:34.347331,moyenne
BJ-EB9B3AF8,Eau Power,Énergie & Environnement,Ndali,+229 30 94 17 23,,eaupower.bj,TPE (<10),B2C,CCIB Annuaire,,Actif,2026-06-29T00:15:34.347357,moyenne
BJ-75456F6E,Eau SARL,Énergie & Environnement,Ndali,+229 85 11 42 61,eau.sarl@eau.sarl.net,,PME (10-50),B2C,CCIB Annuaire,,Actif,2026-06-29T00:15:34.347373,moyenne
BJ-191D94C0,Power Africa,Énergie & Environnement,Ndali,+229 27 89 26 40,power.africa@power.africa.com,,PME (50-200),B2C,CCIB Annuaire,,Actif,2026-06-29T00:15:34.347387,moyenne
BJ-4A1A7BC2,Solar Éolien SARL,Énergie & Environnement,Ndali,+229 48 78 94 80,solar.éolien.sarl@solar.éolien.sarl.bj,,Grande (>200),B2B,CCIB Annuaire,,Actif,2026-06-29T00:15:34.347398,moyenne
BJ-49BF29B3,Durable,Énergie & Environnement,Ndali,+229 44 56 37 66,durable@durable.org,durable.bj,PME (10-50),B2B,CCIB Annuaire,,Actif,2026-06-29T00:15:34.347409,haute
BJ-D6B2781F,Assainissement SARL,Énergie & Environnement,Ségbana,+229 32 87 17 38,assainissement.sarl@assainissement.sarl.net,,PME (50-200),B2B,CCIB Annuaire,,Actif,2026-06-29T00:15:34.347426,moyenne
BJ-D30014C4,Vert Éolien Power,Énergie & Environnement,Ségbana,+229 64 59 11 31,vert.éolien.power@vert.éolien.power.net,,PME (50-200),B2B,CCIB Annuaire,,Actif,2026-06-29T00:15:34.347448,moyenne
BJ-DF3F2018,Eau Durable Environment,Énergie & Environnement,Ségbana,+229 67 99 52 37,eau.durable.environment@eau.durable.environment.bj,eaudurableenvironment.bj,TPE (<10),B2B,CCIB Annuaire,,Actif,2026-06-29T00:15:34.347459,haute
BJ-CCF301CE,Écologie Environment,Énergie & Environnement,Ségbana,+229 32 90 41 63,écologie.environment@écologie.environment.org,,PME (10-50),B2C,CCIB Annuaire,,Actif,2026-06-29T00:15:34.347471,moyenne
BJ-74DEABD7,Eau Solar,Énergie & Environnement,Tchaourou,+229 61 42 21 42,eau.solar@eau.solar.com,eausolar.bj,PME (50-200),B2C,CCIB Annuaire,,Actif,2026-06-29T00:15:34.347488,haute
BJ-C61EE2B1,Renouvelable Tchaourou,Énergie & Environnement,Tchaourou,+229 54 35 95 59,,renouvelabletchaourou.bj,TPE (<10),B2C,CCIB Annuaire,,Actif,2026-06-29T00:15:34.347502,moyenne
BJ-0D145DD1,Eau Vert Energy,Énergie & Environnement,Tchaourou,+229 98 66 27 90,eau.vert.energy@eau.vert.energy.org,eauvertenergy.bj,TPE (<10),B2C,CCIB Annuaire,,Actif,2026-06-29T00:15:34.347514,haute
BJ-0CAFD2DB,Éolien Eau Solar,Énergie & Environnement,Tchaourou,+229 56 27 96 83,,éolieneausolar.bj,PME (50-200),B2C,CCIB Annuaire,,Actif,2026-06-29T00:15:34.347525,moyenne
BJ-A22A1272,Vert Solaire SARL,Énergie & Environnement,Bétérou,+229 88 96 32 80,vert.solaire.sarl@vert.solaire.sarl.net,vertsolairesarl.bj,PME (10-50),B2B,CCIB Annuaire,,Actif,2026-06-29T00:15:34.347552,haute
BJ-514FA8D9,Énergie Éolien Bénin,Énergie & Environnement,Bétérou,+229 28 18 45 93,énergie.éolien.bénin@énergie.éolien.bénin.com,énergieéolienbénin.bj,TPE (<10),B2B,CCIB Annuaire,,Actif,2026-06-29T00:15:34.347565,haute
BJ-493DA279,Eau Énergie,Énergie & Environnement,Bétérou,+229 53 53 86 10,,,PME (10-50),B2C,CCIB Annuaire,,Actif,2026-06-29T00:15:34.347575,basse
BJ-2A9C25BB,Clean Solar,Énergie & Environnement,Bétérou,+229 32 36 46 99,,cleansolar.bj,PME (10-50),B2B,CCIB Annuaire,,Actif,2026-06-29T00:15:34.347589,moyenne
BJ-464899C5,Power Vert,Énergie & Environnement,Bétérou,+229 25 75 71 99,,,TPE (<10),B2C,CCIB Annuaire,,Actif,2026-06-29T00:15:34.347599,basse
BJ-9F5FBDCF,Vert Clean Solar,Énergie & Environnement,Ouessè,+229 91 11 79 78,vert.clean.solar@vert.clean.solar.bj,,PME (10-50),B2C,CCIB Annuaire,,Actif,2026-06-29T00:15:34.347615,moyenne
BJ-E64D28DA,Environnement Renouvelable Ouessè,Énergie & Environnement,Ouessè,+229 59 18 83 64,,environnementrenouvelableouessè.bj,TPE (<10),B2B,CCIB Annuaire,,Actif,2026-06-29T00:15:34.347634,moyenne
BJ-EDBFE585,Vert Renouvelable Water,Énergie & Environnement,Ouessè,+229 75 42 49 56,,,TPE (<10),B2C,CCIB Annuaire,,Actif,2026-06-29T00:15:34.347645,basse
BJ-A36172BF,Power Vert Power,Énergie & Environnement,Ouessè,+229 48 15 79 74,power.vert.power@power.vert.power.bj,,PME (10-50),B2C,CCIB Annuaire,,Actif,2026-06-29T00:15:34.347667,moyenne
BJ-6C361C97,Eau Power Water,Énergie & Environnement,Glazoué,+229 57 62 63 56,eau.power.water@eau.power.water.benin,,PME (10-50),B2B,CCIB Annuaire,,Actif,2026-06-29T00:15:34.347684,moyenne
BJ-BC00724C,Solar Eau,Énergie & Environnement,Glazoué,+229 65 31 72 19,solar.eau@solar.eau.net,,TPE (<10),B2B,CCIB Annuaire,,Actif,2026-06-29T00:15:34.347695,moyenne
BJ-447F7CE3,Éolien Environment,Énergie & Environnement,Glazoué,+229 40 87 25 79,,éolienenvironment.bj,TPE (<10),B2B,CCIB Annuaire,,Actif,2026-06-29T00:15:34.347707,moyenne
BJ-9A2126CB,Power Power,Énergie & Environnement,Glazoué,+229 77 82 15 16,,powerpower.bj,TPE (<10),B2B,CCIB Annuaire,,Actif,2026-06-29T00:15:34.347717,moyenne
BJ-A72F65D7,Solaire,Énergie & Environnement,Glazoué,+229 30 25 37 17,,solaire.bj,PME (10-50),B2B,CCIB Annuaire,,Actif,2026-06-29T00:15:34.347731,moyenne
BJ-B1EFD28E,Énergie Eau,Énergie & Environnement,Dassa-Zoumè,+229 73 32 87 55,,,PME (10-50),B2B,CCIB Annuaire,,Actif,2026-06-29T00:15:34.347747,basse
BJ-ABB8FD64,Éolien Solaire,Énergie & Environnement,Dassa-Zoumè,+229 81 19 16 25,éolien.solaire@éolien.solaire.bj,éoliensolaire.bj,TPE (<10),B2B,CCIB Annuaire,,Actif,2026-06-29T00:15:34.347762,haute
BJ-CDDAF722,Hydraulique,Énergie & Environnement,Dassa-Zoumè,+229 59 80 94 91,,hydraulique.bj,TPE (<10),B2C,CCIB Annuaire,,Actif,2026-06-29T00:15:34.347790,moyenne
BJ-962CA6FA,Environnement Solaire SARL Dassa-Zoumè,Énergie & Environnement,Dassa-Zoumè,+229 72 92 92 82,,environnementsolairesarldassazoumè.bj,TPE (<10),B2C,CCIB Annuaire,,Actif,2026-06-29T00:15:34.347806,moyenne
BJ-DE912051,Power Savalou,Énergie & Environnement,Savalou,+229 92 87 46 99,,powersavalou.bj,PME (50-200),B2C,CCIB Annuaire,,Actif,2026-06-29T00:15:34.347836,moyenne
BJ-0AFBE216,Solar Clean,Énergie & Environnement,Savalou,+229 94 58 41 18,solar.clean@solar.clean.org,solarclean.bj,PME (10-50),B2C,CCIB Annuaire,,Actif,2026-06-29T00:15:34.347847,haute
BJ-8D6E6A55,Énergie Durable,Énergie & Environnement,Savalou,+229 39 39 82 64,énergie.durable@énergie.durable.benin,énergiedurable.bj,TPE (<10),B2C,CCIB Annuaire,,Actif,2026-06-29T00:15:34.347860,haute
BJ-49C981D1,Clean Bénin,Énergie & Environnement,Savalou,+229 94 28 20 87,,,Grande (>200),B2C,CCIB Annuaire,,Actif,2026-06-29T00:15:34.347870,basse
BJ-70E001AC,Environnement Vert Energy,Énergie & Environnement,Savalou,+229 75 16 73 23,,environnementvertenergy.bj,PME (10-50),B2C,CCIB Annuaire,,Actif,2026-06-29T00:15:34.347907,moyenne
BJ-68F2DF95,Énergie Éolien SARL,Énergie & Environnement,Bantè,+229 70 51 13 72,énergie.éolien.sarl@énergie.éolien.sarl.benin,énergieéoliensarl.bj,PME (50-200),B2C,CCIB Annuaire,,Actif,2026-06-29T00:15:34.347947,haute
BJ-DD9D48B1,Eau Clean,Énergie & Environnement,Bantè,+229 90 56 70 18,,,Grande (>200),B2B,CCIB Annuaire,,Actif,2026-06-29T00:15:34.347961,basse
BJ-4EA48183,Clean Energy Bantè,Énergie & Environnement,Bantè,+229 60 82 77 78,,cleanenergybantè.bj,TPE (<10),B2B,CCIB Annuaire,,Actif,2026-06-29T00:15:34.347972,moyenne
BJ-544128FF,Vert Environnement,Énergie & Environnement,Bantè,+229 28 76 86 94,vert.environnement@vert.environnement.bj,,PME (50-200),B2C,CCIB Annuaire,,Actif,2026-06-29T00:15:34.347984,moyenne
BJ-528825FC,Renouvelable Solar,Énergie & Environnement,Bantè,+229 61 66 46 43,renouvelable.solar@renouvelable.solar.org,renouvelablesolar.bj,TPE (<10),B2C,CCIB Annuaire,,Actif,2026-06-29T00:15:34.347995,haute
BJ-ECEC4732,Hydraulique Bénin,Énergie & Environnement,Djougou,+229 59 76 30 41,hydraulique.bénin@hydraulique.bénin.net,,TPE (<10),B2C,CCIB Annuaire,,Actif,2026-06-29T00:15:34.348012,moyenne
BJ-AAE37518,Éolien Assainissement,Énergie & Environnement,Djougou,+229 53 33 67 48,éolien.assainissement@éolien.assainissement.benin,,TPE (<10),B2C,CCIB Annuaire,,Actif,2026-06-29T00:15:34.348024,moyenne
BJ-64D63566,Éolien,Énergie & Environnement,Djougou,+229 83 26 35 66,,éolien.bj,TPE (<10),B2C,CCIB Annuaire,,Actif,2026-06-29T00:15:34.348052,moyenne
BJ-A6ADDBB0,Vert,Énergie & Environnement,Djougou,+229 36 67 98 97,,,PME (10-50),B2C,CCIB Annuaire,,Actif,2026-06-29T00:15:34.348063,basse
BJ-5278F97F,Hydraulique,Énergie & Environnement,Djougou,+229 46 57 31 68,hydraulique@hydraulique.net,hydraulique.bj,PME (50-200),B2B,CCIB Annuaire,,Actif,2026-06-29T00:15:34.348092,haute
BJ-72F33C44,Eau Solar Ouèssè,Énergie & Environnement,Ouèssè,+229 72 65 53 36,eau.solar.ouèssè@eau.solar.ouèssè.com,eausolarouèssè.bj,PME (10-50),B2B,CCIB Annuaire,,Actif,2026-06-29T00:15:34.348121,haute
BJ-F31D4D07,Renouvelable,Énergie & Environnement,Ouèssè,+229 29 88 51 24,,renouvelable.bj,PME (50-200),B2C,CCIB Annuaire,,Actif,2026-06-29T00:15:34.348150,moyenne
BJ-308FF856,Eau Clean Water,Énergie & Environnement,Ouèssè,+229 50 68 12 67,eau.clean.water@eau.clean.water.benin,eaucleanwater.bj,Grande (>200),B2C,CCIB Annuaire,,Actif,2026-06-29T00:15:34.348173,haute
BJ-A74F7EE6,Éolien Éolien Water,Énergie & Environnement,Ouèssè,+229 46 44 35 24,éolien.éolien.water@éolien.éolien.water.com,éolienéolienwater.bj,PME (10-50),B2B,CCIB Annuaire,,Actif,2026-06-29T00:15:34.348195,haute
BJ-AD468650,Éolien Power,Énergie & Environnement,Ouèssè,+229 54 42 59 64,éolien.power@éolien.power.benin,éolienpower.bj,PME (10-50),B2B,CCIB Annuaire,,Actif,2026-06-29T00:15:34.348237,haute
BJ-40828E16,Eau Énergie Bénin,Énergie & Environnement,Bassila,+229 59 92 91 53,eau.énergie.bénin@eau.énergie.bénin.org,,PME (50-200),B2C,CCIB Annuaire,,Actif,2026-06-29T00:15:34.348290,moyenne
BJ-DC77B677,Éolien Écologie,Énergie & Environnement,Bassila,+229 92 63 37 76,éolien.écologie@éolien.écologie.bj,éolienécologie.bj,TPE (<10),B2B,CCIB Annuaire,,Actif,2026-06-29T00:15:34.348336,haute
BJ-9FDCD031,Vert Clean,Énergie & Environnement,Bassila,+229 25 62 77 21,vert.clean@vert.clean.bj,,PME (50-200),B2B,CCIB Annuaire,,Actif,2026-06-29T00:15:34.348356,moyenne
BJ-5C7A4C28,Vert Environnement Energy,Énergie & Environnement,Pehunco,+229 71 83 57 20,vert.environnement.energy@vert.environnement.energy.net,vertenvironnementenergy.bj,TPE (<10),B2C,CCIB Annuaire,,Actif,2026-06-29T00:15:34.348424,haute
BJ-FF9F2A2C,Environnement Énergie,Énergie & Environnement,Pehunco,+229 38 83 37 49,,environnementénergie.bj,TPE (<10),B2C,CCIB Annuaire,,Actif,2026-06-29T00:15:34.348462,moyenne
BJ-2BB89B19,Eau Renouvelable Pehunco,Énergie & Environnement,Pehunco,+229 27 71 98 71,eau.renouvelable.pehunco@eau.renouvelable.pehunco.org,eaurenouvelablepehunco.bj,TPE (<10),B2B,CCIB Annuaire,,Actif,2026-06-29T00:15:34.348485,haute
BJ-E10F0FF6,Énergie Énergie Africa,Énergie & Environnement,Pehunco,+229 20 90 30 74,énergie.énergie.africa@énergie.énergie.africa.net,énergieénergieafrica.bj,PME (10-50),B2B,CCIB Annuaire,,Actif,2026-06-29T00:15:34.348507,haute
BJ-EB406F10,Éolien Energy,Énergie & Environnement,Pehunco,+229 44 58 81 97,éolien.energy@éolien.energy.com,,PME (50-200),B2C,CCIB Annuaire,,Actif,2026-06-29T00:15:34.348529,moyenne
BJ-053A4C54,Solaire Africa,Énergie & Environnement,Copargo,+229 59 62 71 75,solaire.africa@solaire.africa.org,solaireafrica.bj,Grande (>200),B2C,CCIB Annuaire,,Actif,2026-06-29T00:15:34.348582,haute
BJ-9F6919DC,Power Écologie,Énergie & Environnement,Copargo,+229 39 88 51 81,power.écologie@power.écologie.net,,TPE (<10),B2B,CCIB Annuaire,,Actif,2026-06-29T00:15:34.348601,moyenne
BJ-FF66FDEE,Vert Clean,Énergie & Environnement,Copargo,+229 90 33 99 99,,vertclean.bj,TPE (<10),B2B,CCIB Annuaire,,Actif,2026-06-29T00:15:34.348627,moyenne
BJ-E15B7109,Vert Environnement,Énergie & Environnement,Copargo,+229 74 43 37 25,,vertenvironnement.bj,PME (10-50),B2C,CCIB Annuaire,,Actif,2026-06-29T00:15:34.348645,moyenne
BJ-3DE50054,Presse TV,Médias & Communication,Cotonou,+229 26 56 39 30,,pressetv.bj,TPE (<10),B2B,CCIB Annuaire,,Actif,2026-06-29T00:15:34.348691,moyenne
BJ-3222F591,Communication Journal Press Cotonou,Médias & Communication,Cotonou,+229 39 56 99 38,communication.journal.press.cotonou@communication.journal.press.cotonou.bj,communicationjournalpresscotonou.bj,PME (50-200),B2B,CCIB Annuaire,,Actif,2026-06-29T00:15:34.348745,haute
BJ-025907A9,Média International Press,Médias & Communication,Cotonou,+229 79 43 53 82,média.international.press@média.international.press.org,médiainternationalpress.bj,PME (10-50),B2B,CCIB Annuaire,,Actif,2026-06-29T00:15:34.348799,haute
BJ-BB7EDFAD,TV International Radio Abomey-Calavi,Médias & Communication,Abomey-Calavi,+229 61 45 23 12,tv.international.radio.abomeycalavi@tv.international.radio.abomeycalavi.bj,,PME (50-200),B2C,CCIB Annuaire,,Actif,2026-06-29T00:15:34.348874,moyenne
BJ-75FE8672,Radio Communication News,Médias & Communication,Abomey-Calavi,+229 35 67 64 29,,radiocommunicationnews.bj,PME (50-200),B2B,CCIB Annuaire,,Actif,2026-06-29T00:15:34.348917,moyenne
BJ-76172857,Communication Nouvelles News Abomey-Calavi,Médias & Communication,Abomey-Calavi,+229 41 34 48 89,communication.nouvelles.news.abomeycalavi@communication.nouvelles.news.abomeycalavi.org,communicationnouvellesnewsabomeycalavi.bj,PME (10-50),B2C,CCIB Annuaire,,Actif,2026-06-29T00:15:34.348945,haute
BJ-4A0C7988,Radio Journal Press,Médias & Communication,Abomey-Calavi,+229 44 50 40 48,radio.journal.press@radio.journal.press.bj,radiojournalpress.bj,TPE (<10),B2C,CCIB Annuaire,,Actif,2026-06-29T00:15:34.348966,haute
BJ-F27072D1,Nouvelles,Médias & Communication,Abomey-Calavi,+229 52 48 77 70,nouvelles@nouvelles.org,nouvelles.bj,PME (10-50),B2B,CCIB Annuaire,,Actif,2026-06-29T00:15:34.348992,haute
BJ-181F7785,Média Presse Bénin,Médias & Communication,Porto-Novo,+229 42 93 81 24,média.presse.bénin@média.presse.bénin.com,médiapressebénin.bj,PME (10-50),B2C,CCIB Annuaire,,Actif,2026-06-29T00:15:34.349033,haute
BJ-8C7916A4,Radio Porto-Novo,Médias & Communication,Porto-Novo,+229 93 20 50 70,radio.portonovo@radio.portonovo.org,radioportonovo.bj,TPE (<10),B2C,CCIB Annuaire,,Actif,2026-06-29T00:15:34.349066,haute
BJ-9D2CF16E,Actualité News,Médias & Communication,Porto-Novo,+229 38 86 51 49,actualité.news@actualité.news.org,actualiténews.bj,TPE (<10),B2B,CCIB Annuaire,,Actif,2026-06-29T00:15:34.349083,haute
BJ-B270C19D,International Porto-Novo,Médias & Communication,Porto-Novo,+229 75 90 67 34,international.portonovo@international.portonovo.org,internationalportonovo.bj,PME (50-200),B2B,CCIB Annuaire,,Actif,2026-06-29T00:15:34.349099,haute
BJ-8CC6E32E,Radio,Médias & Communication,Parakou,+229 42 58 63 16,radio@radio.net,radio.bj,TPE (<10),B2B,CCIB Annuaire,,Actif,2026-06-29T00:15:34.349145,haute
BJ-9EF5B590,Communication Radio,Médias & Communication,Parakou,+229 98 10 16 75,communication.radio@communication.radio.net,communicationradio.bj,PME (10-50),B2C,CCIB Annuaire,,Actif,2026-06-29T00:15:34.349157,haute
BJ-3C9042E4,Média Radio Parakou,Médias & Communication,Parakou,+229 30 61 39 78,,médiaradioparakou.bj,TPE (<10),B2C,CCIB Annuaire,,Actif,2026-06-29T00:15:34.349180,moyenne
BJ-DA418EBD,TV Liberté,Médias & Communication,Bohicon,+229 66 50 81 27,tv.liberté@tv.liberté.net,tvliberté.bj,PME (10-50),B2C,CCIB Annuaire,,Actif,2026-06-29T00:15:34.349200,haute
BJ-0481FC1A,Radio Presse,Médias & Communication,Bohicon,+229 26 22 98 10,,,Grande (>200),B2B,CCIB Annuaire,,Actif,2026-06-29T00:15:34.349214,basse
BJ-E22D2997,Publicité Communication,Médias & Communication,Bohicon,+229 96 95 42 12,publicité.communication@publicité.communication.bj,publicitécommunication.bj,TPE (<10),B2B,CCIB Annuaire,,Actif,2026-06-29T00:15:34.349228,haute
BJ-B728D337,Liberté Press,Médias & Communication,Bohicon,+229 56 27 90 66,liberté.press@liberté.press.net,libertépress.bj,PME (50-200),B2C,CCIB Annuaire,,Actif,2026-06-29T00:15:34.349253,haute
BJ-7C413836,Agence Démocratie,Médias & Communication,Natitingou,+229 49 90 76 26,,agencedémocratie.bj,TPE (<10),B2C,CCIB Annuaire,,Actif,2026-06-29T00:15:34.349309,moyenne
BJ-4FB49E77,Média Actualité Media,Médias & Communication,Natitingou,+229 95 93 39 30,,,Grande (>200),B2C,CCIB Annuaire,,Actif,2026-06-29T00:15:34.349380,basse
BJ-BEDCF6D3,Presse Communication,Médias & Communication,Lokossa,+229 80 66 59 50,,,PME (10-50),B2B,CCIB Annuaire,,Actif,2026-06-29T00:15:34.349462,basse
BJ-561C8066,Média Bénin Lokossa,Médias & Communication,Lokossa,+229 52 74 15 47,média.bénin.lokossa@média.bénin.lokossa.net,médiabéninlokossa.bj,PME (50-200),B2B,CCIB Annuaire,,Actif,2026-06-29T00:15:34.349497,haute
BJ-8B752EE9,Journal Presse Communication,Médias & Communication,Lokossa,+229 36 52 62 80,,journalpressecommunication.bj,PME (50-200),B2B,CCIB Annuaire,,Actif,2026-06-29T00:15:34.349524,moyenne
BJ-34332A9A,Information TV,Médias & Communication,Lokossa,+229 64 17 58 81,,informationtv.bj,PME (50-200),B2C,CCIB Annuaire,,Actif,2026-06-29T00:15:34.349549,moyenne
BJ-C252D775,Journal Presse Media,Médias & Communication,Ouidah,+229 87 46 50 84,journal.presse.media@journal.presse.media.bj,journalpressemedia.bj,PME (50-200),B2B,CCIB Annuaire,,Actif,2026-06-29T00:15:34.349595,haute
BJ-3B0A72C0,Média Journal,Médias & Communication,Ouidah,+229 33 95 22 90,média.journal@média.journal.benin,médiajournal.bj,TPE (<10),B2C,CCIB Annuaire,,Actif,2026-06-29T00:15:34.349625,haute
BJ-539627AD,Média,Médias & Communication,Ouidah,+229 38 25 62 17,média@média.net,,PME (50-200),B2B,CCIB Annuaire,,Actif,2026-06-29T00:15:34.349652,moyenne
BJ-4E0285ED,Agence Publicité Ouidah,Médias & Communication,Ouidah,+229 57 88 86 57,agence.publicité.ouidah@agence.publicité.ouidah.org,agencepublicitéouidah.bj,TPE (<10),B2B,CCIB Annuaire,,Actif,2026-06-29T00:15:34.349688,haute
BJ-936B034E,Journal Démocratie,Médias & Communication,Ouidah,+229 58 31 17 80,journal.démocratie@journal.démocratie.net,journaldémocratie.bj,TPE (<10),B2B,CCIB Annuaire,,Actif,2026-06-29T00:15:34.349726,haute
BJ-F176CD44,Télévision TV Savalou,Médias & Communication,Savalou,+229 61 76 38 59,télévision.tv.savalou@télévision.tv.savalou.bj,télévisiontvsavalou.bj,TPE (<10),B2C,CCIB Annuaire,,Actif,2026-06-29T00:15:34.349775,haute
BJ-E9FC34EE,Radio Démocratie Bénin,Médias & Communication,Savalou,+229 60 78 19 70,radio.démocratie.bénin@radio.démocratie.bénin.bj,radiodémocratiebénin.bj,PME (50-200),B2C,CCIB Annuaire,,Actif,2026-06-29T00:15:34.349817,haute
BJ-B72F15BE,TV Information,Médias & Communication,Savalou,+229 31 32 85 12,tv.information@tv.information.net,,TPE (<10),B2B,CCIB Annuaire,,Actif,2026-06-29T00:15:34.349847,moyenne
BJ-A1ED001D,Journal Presse Savalou,Médias & Communication,Savalou,+229 33 62 83 40,,journalpressesavalou.bj,TPE (<10),B2B,CCIB Annuaire,,Actif,2026-06-29T00:15:34.349874,moyenne
BJ-B6DB0FCF,Agence Télévision Radio,Médias & Communication,Savalou,+229 29 81 83 72,agence.télévision.radio@agence.télévision.radio.benin,,TPE (<10),B2B,CCIB Annuaire,,Actif,2026-06-29T00:15:34.349918,moyenne
BJ-FA5D44C0,National Bénin,Médias & Communication,Dassa-Zoumè,+229 91 97 71 81,national.bénin@national.bénin.org,nationalbénin.bj,PME (50-200),B2C,CCIB Annuaire,,Actif,2026-06-29T00:15:34.350063,haute
BJ-815C32F7,TV Information,Médias & Communication,Dassa-Zoumè,+229 80 39 33 50,tv.information@tv.information.bj,tvinformation.bj,PME (10-50),B2C,CCIB Annuaire,,Actif,2026-06-29T00:15:34.350091,haute
BJ-BCB0F1F3,Journal,Médias & Communication,Kétou,+229 69 49 88 34,journal@journal.bj,journal.bj,Grande (>200),B2B,CCIB Annuaire,,Actif,2026-06-29T00:15:34.350139,haute
BJ-50CDD98E,Radio Journal,Médias & Communication,Kétou,+229 82 61 96 89,radio.journal@radio.journal.net,radiojournal.bj,PME (50-200),B2B,CCIB Annuaire,,Actif,2026-06-29T00:15:34.350196,haute
BJ-E5BA176C,Télévision Media,Médias & Communication,Kétou,+229 78 53 57 77,,télévisionmedia.bj,PME (10-50),B2C,CCIB Annuaire,,Actif,2026-06-29T00:15:34.350227,moyenne
BJ-C325EB0C,TV Nouvelles,Médias & Communication,Kétou,+229 39 85 69 38,,tvnouvelles.bj,TPE (<10),B2C,CCIB Annuaire,,Actif,2026-06-29T00:15:34.350251,moyenne
BJ-21E5B265,Média Nouvelles,Médias & Communication,Kétou,+229 47 87 18 59,,médianouvelles.bj,TPE (<10),B2B,CCIB Annuaire,,Actif,2026-06-29T00:15:34.350271,moyenne
BJ-D0792D65,Communication National,Médias & Communication,Covè,+229 52 79 35 58,,,TPE (<10),B2C,CCIB Annuaire,,Actif,2026-06-29T00:15:34.350306,basse
BJ-2CDA3F09,Communication Communication Press,Médias & Communication,Covè,+229 32 55 92 58,communication.communication.press@communication.communication.press.bj,communicationcommunicationpress.bj,TPE (<10),B2B,CCIB Annuaire,,Actif,2026-06-29T00:15:34.350341,haute
BJ-3D61347A,Communication Nouvelles Press,Médias & Communication,Covè,+229 59 31 92 42,communication.nouvelles.press@communication.nouvelles.press.com,communicationnouvellespress.bj,TPE (<10),B2B,CCIB Annuaire,,Actif,2026-06-29T00:15:34.350364,haute
BJ-73D5E75C,TV Média Bénin,Médias & Communication,Covè,+229 21 84 13 24,,tvmédiabénin.bj,Grande (>200),B2C,CCIB Annuaire,,Actif,2026-06-29T00:15:34.350385,moyenne
BJ-E8C08875,Presse Publicité,Médias & Communication,Covè,+229 69 16 44 27,presse.publicité@presse.publicité.org,,PME (10-50),B2B,CCIB Annuaire,,Actif,2026-06-29T00:15:34.350408,moyenne
BJ-892DEECE,Actualité Pobè,Médias & Communication,Pobè,+229 68 55 16 81,actualité.pobè@actualité.pobè.bj,actualitépobè.bj,TPE (<10),B2C,CCIB Annuaire,,Actif,2026-06-29T00:15:34.350448,haute
BJ-CEB0C51A,Radio Liberté,Médias & Communication,Pobè,+229 47 97 36 65,,radioliberté.bj,PME (10-50),B2B,CCIB Annuaire,,Actif,2026-06-29T00:15:34.350485,moyenne
BJ-66A8843F,Publicité News,Médias & Communication,Pobè,+229 70 28 31 12,publicité.news@publicité.news.com,,TPE (<10),B2C,CCIB Annuaire,,Actif,2026-06-29T00:15:34.350508,moyenne
BJ-9DE9FEB0,National,Médias & Communication,Pobè,+229 52 73 54 84,national@national.benin,,PME (50-200),B2C,CCIB Annuaire,,Actif,2026-06-29T00:15:34.350535,moyenne
BJ-284E1E02,International TV,Médias & Communication,Pobè,+229 42 81 42 41,,internationaltv.bj,TPE (<10),B2C,CCIB Annuaire,,Actif,2026-06-29T00:15:34.350564,moyenne
BJ-AF0E5EAD,Presse Communication Sakété,Médias & Communication,Sakété,+229 47 19 36 79,,pressecommunicationsakété.bj,TPE (<10),B2C,CCIB Annuaire,,Actif,2026-06-29T00:15:34.350651,moyenne
BJ-4F5ECDEF,Radio Démocratie,Médias & Communication,Sakété,+229 29 53 91 14,radio.démocratie@radio.démocratie.bj,radiodémocratie.bj,PME (10-50),B2C,CCIB Annuaire,,Actif,2026-06-29T00:15:34.350696,haute
BJ-00D91C90,Presse Radio Press,Médias & Communication,Sakété,+229 71 82 41 80,,,TPE (<10),B2B,CCIB Annuaire,,Actif,2026-06-29T00:15:34.350722,basse
BJ-18AD9B49,Communication,Médias & Communication,Adjara,+229 93 57 61 80,,,TPE (<10),B2C,CCIB Annuaire,,Actif,2026-06-29T00:15:34.350758,basse
BJ-C2093733,Média Publicité TV,Médias & Communication,Adjara,+229 34 61 66 66,,,PME (50-200),B2B,CCIB Annuaire,,Actif,2026-06-29T00:15:34.350857,basse
BJ-672B42A2,Publicité Communication,Médias & Communication,Allada,+229 46 66 68 29,publicité.communication@publicité.communication.net,publicitécommunication.bj,TPE (<10),B2B,CCIB Annuaire,,Actif,2026-06-29T00:15:34.350964,haute
BJ-44A19F9B,Publicité News,Médias & Communication,Allada,+229 64 81 16 69,publicité.news@publicité.news.com,,TPE (<10),B2C,CCIB Annuaire,,Actif,2026-06-29T00:15:34.350992,moyenne
BJ-0CA5763F,Agence National,Médias & Communication,Allada,+229 50 59 81 68,,agencenational.bj,PME (10-50),B2B,CCIB Annuaire,,Actif,2026-06-29T00:15:34.351014,moyenne
BJ-F7D864AD,Actualité Africa,Médias & Communication,Allada,+229 82 91 94 31,actualité.africa@actualité.africa.org,actualitéafrica.bj,PME (10-50),B2B,CCIB Annuaire,,Actif,2026-06-29T00:15:34.351075,haute
BJ-3E4A79F3,Télévision,Médias & Communication,Aplahoué,+229 99 53 81 18,télévision@télévision.com,télévision.bj,TPE (<10),B2C,CCIB Annuaire,,Actif,2026-06-29T00:15:34.351100,haute
BJ-0D0FA5C7,TV Télévision,Médias & Communication,Aplahoué,+229 94 72 35 44,tv.télévision@tv.télévision.org,tvtélévision.bj,TPE (<10),B2B,CCIB Annuaire,,Actif,2026-06-29T00:15:34.351125,haute
BJ-ADDE4DA5,Publicité,Médias & Communication,Aplahoué,+229 45 33 78 21,publicité@publicité.org,,TPE (<10),B2C,CCIB Annuaire,,Actif,2026-06-29T00:15:34.351138,moyenne
BJ-844DA07C,International News,Médias & Communication,Aplahoué,+229 45 28 58 69,international.news@international.news.benin,internationalnews.bj,PME (50-200),B2B,CCIB Annuaire,,Actif,2026-06-29T00:15:34.351152,haute
BJ-E9A17EA2,Média International,Médias & Communication,Aplahoué,+229 53 89 88 46,,médiainternational.bj,PME (50-200),B2B,CCIB Annuaire,,Actif,2026-06-29T00:15:34.351169,moyenne
BJ-7755C107,Journal Publicité Press Dogbo-Tota,Médias & Communication,Dogbo-Tota,+229 25 97 99 21,journal.publicité.press.dogbotota@journal.publicité.press.dogbotota.com,journalpublicitépressdogbotota.bj,TPE (<10),B2C,CCIB Annuaire,,Actif,2026-06-29T00:15:34.351214,haute
BJ-B8A47188,Radio Démocratie,Médias & Communication,Dogbo-Tota,+229 35 52 98 83,radio.démocratie@radio.démocratie.org,radiodémocratie.bj,PME (50-200),B2C,CCIB Annuaire,,Actif,2026-06-29T00:15:34.351227,haute
BJ-802415F2,Média Démocratie,Médias & Communication,Dogbo-Tota,+229 79 61 48 64,,médiadémocratie.bj,TPE (<10),B2C,CCIB Annuaire,,Actif,2026-06-29T00:15:34.351239,moyenne
BJ-4C8B1193,Média Radio,Médias & Communication,Dogbo-Tota,+229 44 39 22 92,média.radio@média.radio.com,,PME (10-50),B2B,CCIB Annuaire,,Actif,2026-06-29T00:15:34.351252,moyenne
BJ-E09E066F,TV Journal Communication,Médias & Communication,Kpomassè,+229 59 31 54 22,,,TPE (<10),B2C,CCIB Annuaire,,Actif,2026-06-29T00:15:34.351269,basse
BJ-6AD8ABA0,Presse International Bénin Kpomassè,Médias & Communication,Kpomassè,+229 32 60 49 56,presse.international.bénin.kpomassè@presse.international.bénin.kpomassè.bj,presseinternationalbéninkpomassè.bj,PME (50-200),B2B,CCIB Annuaire,,Actif,2026-06-29T00:15:34.351286,haute
BJ-C1C7F1BC,Télévision Media,Médias & Communication,Kpomassè,+229 57 83 86 57,télévision.media@télévision.media.benin,télévisionmedia.bj,PME (10-50),B2C,CCIB Annuaire,,Actif,2026-06-29T00:15:34.351312,haute
BJ-2C6B8DF5,TV Télévision Press,Médias & Communication,Kpomassè,+229 78 24 36 93,,tvtélévisionpress.bj,Grande (>200),B2B,CCIB Annuaire,,Actif,2026-06-29T00:15:34.351323,moyenne
BJ-44EEFF34,Publicité TV,Médias & Communication,Tori-Bossito,+229 91 94 72 77,,publicitétv.bj,PME (10-50),B2C,CCIB Annuaire,,Actif,2026-06-29T00:15:34.351340,moyenne
BJ-B1141B1F,Radio Communication Tori-Bossito,Médias & Communication,Tori-Bossito,+229 43 85 42 69,radio.communication.toribossito@radio.communication.toribossito.benin,,PME (10-50),B2C,CCIB Annuaire,,Actif,2026-06-29T00:15:34.351372,moyenne
BJ-020FE46C,Liberté,Médias & Communication,Tori-Bossito,+229 29 73 19 10,liberté@liberté.net,liberté.bj,TPE (<10),B2B,CCIB Annuaire,,Actif,2026-06-29T00:15:34.351386,haute
BJ-5C7F162F,Communication Liberté Press,Médias & Communication,Tori-Bossito,+229 57 60 95 68,,communicationlibertépress.bj,PME (10-50),B2C,CCIB Annuaire,,Actif,2026-06-29T00:15:34.351399,moyenne
BJ-BB55C969,Communication Information Grand-Popo,Médias & Communication,Grand-Popo,+229 44 59 41 35,communication.information.grandpopo@communication.information.grandpopo.benin,communicationinformationgrandpopo.bj,PME (50-200),B2C,CCIB Annuaire,,Actif,2026-06-29T00:15:34.351420,haute
BJ-7FDF83BC,Presse Journal Bénin,Médias & Communication,Grand-Popo,+229 45 53 32 51,,,PME (10-50),B2B,CCIB Annuaire,,Actif,2026-06-29T00:15:34.351435,basse
BJ-46440977,Communication Communication Grand-Popo,Médias & Communication,Grand-Popo,+229 28 37 36 22,communication.communication.grandpopo@communication.communication.grandpopo.benin,,TPE (<10),B2C,CCIB Annuaire,,Actif,2026-06-29T00:15:34.351449,moyenne
BJ-5071ADBD,Presse Journal News Grand-Popo,Médias & Communication,Grand-Popo,+229 31 77 47 87,presse.journal.news.grandpopo@presse.journal.news.grandpopo.bj,pressejournalnewsgrandpopo.bj,PME (10-50),B2C,CCIB Annuaire,,Actif,2026-06-29T00:15:34.351462,haute
BJ-D3F8D6C8,Radio News Grand-Popo,Médias & Communication,Grand-Popo,+229 62 55 45 52,radio.news.grandpopo@radio.news.grandpopo.org,radionewsgrandpopo.bj,PME (10-50),B2B,CCIB Annuaire,,Actif,2026-06-29T00:15:34.351476,haute
BJ-6D89F4B7,Démocratie,Médias & Communication,Athiémé,+229 35 13 71 76,,démocratie.bj,TPE (<10),B2B,CCIB Annuaire,,Actif,2026-06-29T00:15:34.351496,moyenne
BJ-04B37ED7,Presse Information,Médias & Communication,Athiémé,+229 24 92 60 48,presse.information@presse.information.benin,,TPE (<10),B2C,CCIB Annuaire,,Actif,2026-06-29T00:15:34.351508,moyenne
BJ-21EB6A8A,Média Nouvelles Radio,Médias & Communication,Athiémé,+229 98 69 49 38,média.nouvelles.radio@média.nouvelles.radio.com,médianouvellesradio.bj,PME (10-50),B2C,CCIB Annuaire,,Actif,2026-06-29T00:15:34.351521,haute
BJ-F2132BAD,Information Radio,Médias & Communication,Athiémé,+229 53 39 43 57,,,TPE (<10),B2B,CCIB Annuaire,,Actif,2026-06-29T00:15:34.351532,basse
BJ-5239709D,Liberté,Médias & Communication,Bopa,+229 30 43 17 97,,liberté.bj,Grande (>200),B2B,CCIB Annuaire,,Actif,2026-06-29T00:15:34.351561,moyenne
BJ-CB75E72B,Journal Press,Médias & Communication,Bopa,+229 51 47 43 59,journal.press@journal.press.benin,journalpress.bj,PME (10-50),B2B,CCIB Annuaire,,Actif,2026-06-29T00:15:34.351577,haute
BJ-BCBA6E81,Média Bopa,Médias & Communication,Bopa,+229 43 46 99 85,média.bopa@média.bopa.bj,médiabopa.bj,TPE (<10),B2C,CCIB Annuaire,,Actif,2026-06-29T00:15:34.351602,haute
BJ-7F29C7FF,Agence Liberté Bénin,Médias & Communication,Bopa,+229 92 34 20 89,,agencelibertébénin.bj,PME (10-50),B2B,CCIB Annuaire,,Actif,2026-06-29T00:15:34.351614,moyenne
BJ-A3DFE6D3,Information Houéyogbé,Médias & Communication,Houéyogbé,+229 53 18 22 54,information.houéyogbé@information.houéyogbé.com,,TPE (<10),B2C,CCIB Annuaire,,Actif,2026-06-29T00:15:34.351658,moyenne
BJ-F3DE829C,Liberté,Médias & Communication,Houéyogbé,+229 85 53 29 79,liberté@liberté.net,liberté.bj,PME (10-50),B2C,CCIB Annuaire,,Actif,2026-06-29T00:15:34.351714,haute
BJ-DF553075,Presse Publicité,Médias & Communication,Houéyogbé,+229 90 41 68 31,presse.publicité@presse.publicité.net,,PME (50-200),B2B,CCIB Annuaire,,Actif,2026-06-29T00:15:34.351744,moyenne
BJ-D488E906,Communication Démocratie Press Houéyogbé,Médias & Communication,Houéyogbé,+229 38 42 57 23,communication.démocratie.press.houéyogbé@communication.démocratie.press.houéyogbé.net,communicationdémocratiepresshouéyogbé.bj,PME (10-50),B2B,CCIB Annuaire,,Actif,2026-06-29T00:15:34.351773,haute
BJ-225AAC6B,Actualité TV,Médias & Communication,Malanville,+229 71 59 52 84,,actualitétv.bj,TPE (<10),B2B,CCIB Annuaire,,Actif,2026-06-29T00:15:34.351809,moyenne
BJ-4BC03B5B,TV International,Médias & Communication,Malanville,+229 85 55 21 11,tv.international@tv.international.net,tvinternational.bj,Grande (>200),B2C,CCIB Annuaire,,Actif,2026-06-29T00:15:34.351840,haute
BJ-EB01BB4B,Agence Actualité Communication,Médias & Communication,Malanville,+229 70 43 24 78,agence.actualité.communication@agence.actualité.communication.com,,PME (50-200),B2C,CCIB Annuaire,,Actif,2026-06-29T00:15:34.351867,moyenne
BJ-67DC70ED,TV Télévision Communication,Médias & Communication,Malanville,+229 52 23 14 95,,,Grande (>200),B2B,CCIB Annuaire,,Actif,2026-06-29T00:15:34.351906,basse
BJ-FD01BC01,Journal International Media Malanville,Médias & Communication,Malanville,+229 94 84 73 16,,,TPE (<10),B2B,CCIB Annuaire,,Actif,2026-06-29T00:15:34.351925,basse
BJ-8C82F18E,Radio Nouvelles,Médias & Communication,Kandi,+229 39 56 27 84,radio.nouvelles@radio.nouvelles.benin,radionouvelles.bj,PME (50-200),B2B,CCIB Annuaire,,Actif,2026-06-29T00:15:34.351947,haute
BJ-A07BDEF4,Radio Média Press,Médias & Communication,Kandi,+229 51 43 25 42,radio.média.press@radio.média.press.com,,PME (50-200),B2C,CCIB Annuaire,,Actif,2026-06-29T00:15:34.351972,moyenne
BJ-FEC18D71,Journal,Médias & Communication,Kandi,+229 50 15 49 56,journal@journal.bj,journal.bj,Grande (>200),B2C,CCIB Annuaire,,Actif,2026-06-29T00:15:34.351984,haute
BJ-A3022773,Journal National,Médias & Communication,Kandi,+229 46 53 45 76,journal.national@journal.national.benin,journalnational.bj,TPE (<10),B2B,CCIB Annuaire,,Actif,2026-06-29T00:15:34.351996,haute
BJ-4CECBB73,Média Nouvelles News,Médias & Communication,Banikoara,+229 77 89 56 10,,médianouvellesnews.bj,TPE (<10),B2C,CCIB Annuaire,,Actif,2026-06-29T00:15:34.352015,moyenne
BJ-23A74FE6,Agence Presse,Médias & Communication,Banikoara,+229 58 10 92 24,agence.presse@agence.presse.bj,agencepresse.bj,TPE (<10),B2B,CCIB Annuaire,,Actif,2026-06-29T00:15:34.352034,haute
BJ-89744B44,National,Médias & Communication,Banikoara,+229 79 16 89 56,,national.bj,TPE (<10),B2C,CCIB Annuaire,,Actif,2026-06-29T00:15:34.352047,moyenne
BJ-F4268600,Radio Nouvelles,Médias & Communication,Banikoara,+229 65 26 52 13,radio.nouvelles@radio.nouvelles.org,radionouvelles.bj,TPE (<10),B2C,CCIB Annuaire,,Actif,2026-06-29T00:15:34.352059,haute
BJ-9578BE86,Presse Radio,Médias & Communication,Banikoara,+229 44 82 37 99,presse.radio@presse.radio.com,presseradio.bj,TPE (<10),B2C,CCIB Annuaire,,Actif,2026-06-29T00:15:34.352070,haute
BJ-6952483D,Liberté News,Médias & Communication,Ségbana,+229 60 51 90 28,,liberténews.bj,PME (10-50),B2B,CCIB Annuaire,,Actif,2026-06-29T00:15:34.352088,moyenne
BJ-AF6A3434,Presse Presse Communication,Médias & Communication,Ségbana,+229 62 10 53 10,presse.presse.communication@presse.presse.communication.net,pressepressecommunication.bj,PME (10-50),B2B,CCIB Annuaire,,Actif,2026-06-29T00:15:34.352101,haute
BJ-9D20CD45,Presse TV,Médias & Communication,Ségbana,+229 91 30 55 35,,pressetv.bj,PME (10-50),B2B,CCIB Annuaire,,Actif,2026-06-29T00:15:34.352113,moyenne
BJ-44DB736E,Média Télévision Communication,Médias & Communication,Ségbana,+229 34 60 37 99,média.télévision.communication@média.télévision.communication.org,médiatélévisioncommunication.bj,TPE (<10),B2C,CCIB Annuaire,,Actif,2026-06-29T00:15:34.352139,haute
BJ-B562E877,Communication Nouvelles Media,Médias & Communication,Karimama,+229 65 56 66 44,communication.nouvelles.media@communication.nouvelles.media.benin,communicationnouvellesmedia.bj,TPE (<10),B2B,CCIB Annuaire,,Actif,2026-06-29T00:15:34.352173,haute
BJ-69BAE4F3,Presse National Communication,Médias & Communication,Karimama,+229 94 42 90 24,,pressenationalcommunication.bj,PME (50-200),B2C,CCIB Annuaire,,Actif,2026-06-29T00:15:34.352188,moyenne
BJ-788941DB,Communication Karimama,Médias & Communication,Karimama,+229 99 86 83 73,communication.karimama@communication.karimama.net,,PME (10-50),B2C,CCIB Annuaire,,Actif,2026-06-29T00:15:34.352202,moyenne
BJ-C11B8D84,Démocratie Media,Médias & Communication,Karimama,+229 87 86 32 27,,démocratiemedia.bj,Grande (>200),B2B,CCIB Annuaire,,Actif,2026-06-29T00:15:34.352213,moyenne
BJ-99915DA0,Agence National Radio,Médias & Communication,Gogounou,+229 92 37 59 25,,agencenationalradio.bj,PME (10-50),B2B,CCIB Annuaire,,Actif,2026-06-29T00:15:34.352231,moyenne
BJ-E6F2B13A,Journal Radio,Médias & Communication,Gogounou,+229 54 76 42 44,,journalradio.bj,TPE (<10),B2B,CCIB Annuaire,,Actif,2026-06-29T00:15:34.352242,moyenne
BJ-B600A430,Publicité Communication,Médias & Communication,Gogounou,+229 68 60 50 68,,,Grande (>200),B2B,CCIB Annuaire,,Actif,2026-06-29T00:15:34.352256,basse
BJ-1EFE42AC,Agence Liberté,Médias & Communication,Gogounou,+229 98 10 31 63,,,TPE (<10),B2B,CCIB Annuaire,,Actif,2026-06-29T00:15:34.352268,basse
BJ-1339C6AF,Agence Radio,Médias & Communication,Gogounou,+229 25 72 47 15,,agenceradio.bj,TPE (<10),B2C,CCIB Annuaire,,Actif,2026-06-29T00:15:34.352279,moyenne
BJ-D6E5DABF,Communication International Radio Cobly,Médias & Communication,Cobly,+229 97 79 98 90,communication.international.radio.cobly@communication.international.radio.cobly.net,communicationinternationalradiocobly.bj,PME (50-200),B2B,CCIB Annuaire,,Actif,2026-06-29T00:15:34.352297,haute
BJ-D5852D44,National Cobly,Médias & Communication,Cobly,+229 68 79 26 91,national.cobly@national.cobly.com,nationalcobly.bj,PME (10-50),B2C,CCIB Annuaire,,Actif,2026-06-29T00:15:34.352327,haute
BJ-101DA3FB,Communication Africa,Médias & Communication,Cobly,+229 23 79 52 12,,communicationafrica.bj,PME (50-200),B2C,CCIB Annuaire,,Actif,2026-06-29T00:15:34.352338,moyenne
BJ-DD594F0E,Liberté Cobly,Médias & Communication,Cobly,+229 34 89 81 33,liberté.cobly@liberté.cobly.bj,libertécobly.bj,PME (50-200),B2B,CCIB Annuaire,,Actif,2026-06-29T00:15:34.352351,haute
BJ-782C193B,Télévision,Médias & Communication,Tanguiéta,+229 40 21 77 26,télévision@télévision.org,,TPE (<10),B2C,CCIB Annuaire,,Actif,2026-06-29T00:15:34.352369,moyenne
BJ-39DA30A9,National News,Médias & Communication,Tanguiéta,+229 84 57 25 26,,nationalnews.bj,PME (10-50),B2C,CCIB Annuaire,,Actif,2026-06-29T00:15:34.352381,moyenne
BJ-680A7622,Journal Journal News,Médias & Communication,Tanguiéta,+229 20 91 28 55,journal.journal.news@journal.journal.news.com,journaljournalnews.bj,Grande (>200),B2C,CCIB Annuaire,,Actif,2026-06-29T00:15:34.352404,haute
BJ-BB349E98,Télévision,Médias & Communication,Matéri,+229 28 70 22 57,télévision@télévision.bj,télévision.bj,PME (50-200),B2B,CCIB Annuaire,,Actif,2026-06-29T00:15:34.352450,haute
BJ-A5DCAC02,TV Information News,Médias & Communication,Matéri,+229 71 41 58 60,,,TPE (<10),B2C,CCIB Annuaire,,Actif,2026-06-29T00:15:34.352461,basse
BJ-987433B5,International Matéri,Médias & Communication,Matéri,+229 32 15 18 87,,,PME (50-200),B2B,CCIB Annuaire,,Actif,2026-06-29T00:15:34.352476,basse
BJ-720A9C11,Publicité,Médias & Communication,Matéri,+229 71 92 65 83,publicité@publicité.net,publicité.bj,Grande (>200),B2C,CCIB Annuaire,,Actif,2026-06-29T00:15:34.352490,haute
BJ-7D316573,Agence Télévision Africa Natitingou,Médias & Communication,Natitingou,+229 31 37 74 78,agence.télévision.africa.natitingou@agence.télévision.africa.natitingou.com,agencetélévisionafricanatitingou.bj,PME (50-200),B2C,CCIB Annuaire,,Actif,2026-06-29T00:15:34.352529,haute
BJ-BC78E3B2,Communication News,Médias & Communication,Natitingou,+229 64 60 44 78,,communicationnews.bj,PME (10-50),B2B,CCIB Annuaire,,Actif,2026-06-29T00:15:34.352553,moyenne
BJ-5FA54236,Communication Presse,Médias & Communication,Natitingou,+229 93 91 11 35,communication.presse@communication.presse.com,communicationpresse.bj,TPE (<10),B2C,CCIB Annuaire,,Actif,2026-06-29T00:15:34.352565,haute
BJ-A13B3623,Actualité Media Toucountouna,Médias & Communication,Toucountouna,+229 35 87 38 39,,actualitémediatoucountouna.bj,TPE (<10),B2B,CCIB Annuaire,,Actif,2026-06-29T00:15:34.352587,moyenne
BJ-09027FF4,Communication Information,Médias & Communication,Toucountouna,+229 66 15 25 37,communication.information@communication.information.bj,communicationinformation.bj,Grande (>200),B2C,CCIB Annuaire,,Actif,2026-06-29T00:15:34.352628,haute
BJ-8938F682,Télévision Boukoumbé,Médias & Communication,Boukoumbé,+229 53 41 14 25,,télévisionboukoumbé.bj,PME (10-50),B2C,CCIB Annuaire,,Actif,2026-06-29T00:15:34.352658,moyenne
BJ-987C2309,National,Médias & Communication,Boukoumbé,+229 49 63 93 56,,national.bj,PME (10-50),B2C,CCIB Annuaire,,Actif,2026-06-29T00:15:34.352669,moyenne
BJ-74FA8E0F,Presse Actualité TV Boukoumbé,Médias & Communication,Boukoumbé,+229 62 40 40 95,,,PME (10-50),B2C,CCIB Annuaire,,Actif,2026-06-29T00:15:34.352680,basse
BJ-C4703078,Presse International Media,Médias & Communication,Boukoumbé,+229 22 89 19 41,,presseinternationalmedia.bj,PME (50-200),B2C,CCIB Annuaire,,Actif,2026-06-29T00:15:34.352691,moyenne
BJ-0359B1A8,Communication TV,Médias & Communication,Boukoumbé,+229 74 81 68 62,,communicationtv.bj,TPE (<10),B2B,CCIB Annuaire,,Actif,2026-06-29T00:15:34.352706,moyenne
BJ-4387D44D,Agence Télévision TV,Médias & Communication,Kouandé,+229 21 54 17 93,,,PME (10-50),B2B,CCIB Annuaire,,Actif,2026-06-29T00:15:34.352723,basse
BJ-9B09BE31,Information,Médias & Communication,Kouandé,+229 78 69 72 63,information@information.bj,,Grande (>200),B2C,CCIB Annuaire,,Actif,2026-06-29T00:15:34.352737,moyenne
BJ-6D493C7B,TV Liberté,Médias & Communication,Kouandé,+229 38 84 47 11,tv.liberté@tv.liberté.org,tvliberté.bj,TPE (<10),B2B,CCIB Annuaire,,Actif,2026-06-29T00:15:34.352751,haute
BJ-52354699,Média Presse Bénin,Médias & Communication,Kouandé,+229 62 26 61 93,,médiapressebénin.bj,PME (50-200),B2C,CCIB Annuaire,,Actif,2026-06-29T00:15:34.352763,moyenne
BJ-6C456A0D,Journal Actualité Kouandé,Médias & Communication,Kouandé,+229 70 38 10 54,journal.actualité.kouandé@journal.actualité.kouandé.bj,,Grande (>200),B2C,CCIB Annuaire,,Actif,2026-06-29T00:15:34.352776,moyenne
BJ-F6CED118,Presse Liberté,Médias & Communication,Péhunco,+229 40 69 50 93,,presseliberté.bj,TPE (<10),B2C,CCIB Annuaire,,Actif,2026-06-29T00:15:34.352794,moyenne
BJ-7A409ECA,Média News Péhunco,Médias & Communication,Péhunco,+229 99 42 73 81,média.news.péhunco@média.news.péhunco.org,médianewspéhunco.bj,TPE (<10),B2C,CCIB Annuaire,,Actif,2026-06-29T00:15:34.352806,haute
BJ-4AA80CEE,Journal Démocratie,Médias & Communication,Péhunco,+229 55 45 60 50,,journaldémocratie.bj,PME (50-200),B2B,CCIB Annuaire,,Actif,2026-06-29T00:15:34.352817,moyenne
BJ-A7D4E245,Communication Communication Bénin Péhunco,Médias & Communication,Péhunco,+229 40 94 49 92,communication.communication.bénin.péhunco@communication.communication.bénin.péhunco.net,communicationcommunicationbéninpéhunco.bj,PME (50-200),B2C,CCIB Annuaire,,Actif,2026-06-29T00:15:34.352832,haute
BJ-852B6EDA,International TV,Médias & Communication,Péhunco,+229 40 88 39 38,international.tv@international.tv.benin,,PME (50-200),B2B,CCIB Annuaire,,Actif,2026-06-29T00:15:34.352845,moyenne
BJ-E03A8089,International Tchaourou,Médias & Communication,Tchaourou,+229 61 77 18 51,,internationaltchaourou.bj,TPE (<10),B2C,CCIB Annuaire,,Actif,2026-06-29T00:15:34.352862,moyenne
BJ-6666A628,Publicité Radio,Médias & Communication,Tchaourou,+229 72 56 94 87,publicité.radio@publicité.radio.org,publicitéradio.bj,PME (10-50),B2B,CCIB Annuaire,,Actif,2026-06-29T00:15:34.352881,haute
BJ-48CAA799,Média International,Médias & Communication,Tchaourou,+229 39 47 31 92,média.international@média.international.org,médiainternational.bj,TPE (<10),B2B,CCIB Annuaire,,Actif,2026-06-29T00:15:34.352951,haute
BJ-B8D5419C,Journal Démocratie Media,Médias & Communication,Tchaourou,+229 87 53 60 12,journal.démocratie.media@journal.démocratie.media.benin,journaldémocratiemedia.bj,PME (10-50),B2B,CCIB Annuaire,,Actif,2026-06-29T00:15:34.352992,haute
BJ-D38BBAA0,Communication Journal Media,Médias & Communication,Nikki,+229 85 11 45 49,communication.journal.media@communication.journal.media.net,communicationjournalmedia.bj,TPE (<10),B2C,CCIB Annuaire,,Actif,2026-06-29T00:15:34.353042,haute
BJ-E26477E4,Liberté TV,Médias & Communication,Nikki,+229 24 50 70 33,liberté.tv@liberté.tv.benin,,PME (10-50),B2C,CCIB Annuaire,,Actif,2026-06-29T00:15:34.353072,moyenne
BJ-A9F9D366,Démocratie Africa,Médias & Communication,Nikki,+229 45 24 58 56,,démocratieafrica.bj,TPE (<10),B2B,CCIB Annuaire,,Actif,2026-06-29T00:15:34.353086,moyenne
BJ-797384A2,Journal Africa,Médias & Communication,Nikki,+229 41 60 22 55,,,PME (10-50),B2C,CCIB Annuaire,,Actif,2026-06-29T00:15:34.353103,basse
BJ-3C31B01A,Journal,Médias & Communication,Nikki,+229 49 45 41 30,journal@journal.bj,journal.bj,Grande (>200),B2B,CCIB Annuaire,,Actif,2026-06-29T00:15:34.353116,haute
BJ-38790C03,Liberté TV Bembéréké,Médias & Communication,Bembéréké,+229 39 26 46 73,,libertétvbembéréké.bj,TPE (<10),B2C,CCIB Annuaire,,Actif,2026-06-29T00:15:34.353140,moyenne
BJ-F7DE52E7,International News,Médias & Communication,Bembéréké,+229 41 28 58 70,international.news@international.news.bj,internationalnews.bj,TPE (<10),B2C,CCIB Annuaire,,Actif,2026-06-29T00:15:34.353156,haute
BJ-D94B1A52,Télévision Bénin,Médias & Communication,Bembéréké,+229 95 82 67 19,,,TPE (<10),B2B,CCIB Annuaire,,Actif,2026-06-29T00:15:34.353167,basse
BJ-76C08674,Télévision TV Bembéréké,Médias & Communication,Bembéréké,+229 68 31 48 68,,,TPE (<10),B2C,CCIB Annuaire,,Actif,2026-06-29T00:15:34.353179,basse
BJ-C6F71530,Presse Radio,Médias & Communication,Bembéréké,+229 78 36 27 71,,presseradio.bj,PME (10-50),B2B,CCIB Annuaire,,Actif,2026-06-29T00:15:34.353190,moyenne
BJ-63D1F4C8,Actualité Bénin,Médias & Communication,Kalalé,+229 97 30 19 29,actualité.bénin@actualité.bénin.net,actualitébénin.bj,TPE (<10),B2C,CCIB Annuaire,,Actif,2026-06-29T00:15:34.353210,haute
BJ-202F8684,Information Media,Médias & Communication,Kalalé,+229 23 49 48 41,information.media@information.media.com,informationmedia.bj,PME (10-50),B2B,CCIB Annuaire,,Actif,2026-06-29T00:15:34.353223,haute
BJ-E1D0CEE0,Communication TV Kalalé,Médias & Communication,Kalalé,+229 28 69 37 11,communication.tv.kalalé@communication.tv.kalalé.benin,communicationtvkalalé.bj,PME (10-50),B2B,CCIB Annuaire,,Actif,2026-06-29T00:15:34.353236,haute
BJ-73D91971,Presse Information Media,Médias & Communication,Kalalé,+229 35 48 13 81,presse.information.media@presse.information.media.com,,PME (50-200),B2B,CCIB Annuaire,,Actif,2026-06-29T00:15:34.353247,moyenne
BJ-762B7A06,Radio Publicité,Médias & Communication,Kalalé,+229 34 94 96 42,radio.publicité@radio.publicité.org,,TPE (<10),B2B,CCIB Annuaire,,Actif,2026-06-29T00:15:34.353259,moyenne
BJ-C61FFC9D,Publicité,Médias & Communication,Ndali,+229 40 72 37 15,publicité@publicité.bj,publicité.bj,TPE (<10),B2B,CCIB Annuaire,,Actif,2026-06-29T00:15:34.353278,haute
BJ-37333D8D,TV International Bénin,Médias & Communication,Ndali,+229 69 56 85 47,tv.international.bénin@tv.international.bénin.benin,,TPE (<10),B2C,CCIB Annuaire,,Actif,2026-06-29T00:15:34.353294,moyenne
BJ-AD13EF29,Journal Radio Media,Médias & Communication,Ndali,+229 83 17 95 26,journal.radio.media@journal.radio.media.bj,journalradiomedia.bj,TPE (<10),B2C,CCIB Annuaire,,Actif,2026-06-29T00:15:34.353323,haute
BJ-BE75513E,Radio TV Ndali,Médias & Communication,Ndali,+229 40 80 34 75,radio.tv.ndali@radio.tv.ndali.benin,radiotvndali.bj,TPE (<10),B2B,CCIB Annuaire,,Actif,2026-06-29T00:15:34.353338,haute
BJ-BD9D5B35,Presse National,Médias & Communication,Ségbana,+229 59 33 66 37,presse.national@presse.national.org,pressenational.bj,PME (50-200),B2C,CCIB Annuaire,,Actif,2026-06-29T00:15:34.353357,haute
BJ-E550A257,Radio Publicité,Médias & Communication,Ségbana,+229 88 51 34 62,radio.publicité@radio.publicité.bj,,TPE (<10),B2C,CCIB Annuaire,,Actif,2026-06-29T00:15:34.353377,moyenne
BJ-20A9831F,Radio Media,Médias & Communication,Ségbana,+229 95 55 55 16,,radiomedia.bj,TPE (<10),B2C,CCIB Annuaire,,Actif,2026-06-29T00:15:34.353389,moyenne
BJ-90B1EB62,TV Information,Médias & Communication,Ségbana,+229 98 20 48 33,,tvinformation.bj,TPE (<10),B2C,CCIB Annuaire,,Actif,2026-06-29T00:15:34.353400,moyenne
BJ-9A495FEB,Radio Journal Ségbana,Médias & Communication,Ségbana,+229 69 59 54 50,radio.journal.ségbana@radio.journal.ségbana.com,,Grande (>200),B2B,CCIB Annuaire,,Actif,2026-06-29T00:15:34.353412,moyenne
BJ-77E8B425,Média Information Tchaourou,Médias & Communication,Tchaourou,+229 33 49 68 19,,médiainformationtchaourou.bj,PME (10-50),B2C,CCIB Annuaire,,Actif,2026-06-29T00:15:34.353430,moyenne
BJ-4A8F403D,Agence Démocratie,Médias & Communication,Tchaourou,+229 94 38 25 69,,agencedémocratie.bj,PME (50-200),B2B,CCIB Annuaire,,Actif,2026-06-29T00:15:34.353444,moyenne
BJ-7C3EF643,TV Nouvelles Press,Médias & Communication,Tchaourou,+229 36 76 31 41,,tvnouvellespress.bj,PME (10-50),B2B,CCIB Annuaire,,Actif,2026-06-29T00:15:34.353456,moyenne
BJ-151653B1,Média Média TV,Médias & Communication,Tchaourou,+229 69 32 43 95,média.média.tv@média.média.tv.bj,,PME (10-50),B2B,CCIB Annuaire,,Actif,2026-06-29T00:15:34.353468,moyenne
BJ-137A70F5,Média News Tchaourou,Médias & Communication,Tchaourou,+229 58 41 82 70,média.news.tchaourou@média.news.tchaourou.org,médianewstchaourou.bj,PME (50-200),B2B,CCIB Annuaire,,Actif,2026-06-29T00:15:34.353481,haute
BJ-DCF5860E,Agence National Communication,Médias & Communication,Bétérou,+229 97 96 84 99,agence.national.communication@agence.national.communication.benin,agencenationalcommunication.bj,TPE (<10),B2B,CCIB Annuaire,,Actif,2026-06-29T00:15:34.353499,haute
BJ-87EE2300,TV National,Médias & Communication,Bétérou,+229 98 69 90 40,tv.national@tv.national.benin,,Grande (>200),B2C,CCIB Annuaire,,Actif,2026-06-29T00:15:34.353511,moyenne
BJ-135D5FF6,Agence National Africa,Médias & Communication,Bétérou,+229 65 96 15 94,agence.national.africa@agence.national.africa.benin,agencenationalafrica.bj,TPE (<10),B2C,CCIB Annuaire,,Actif,2026-06-29T00:15:34.353523,haute
BJ-E3BC2CAB,Journal Nouvelles Communication,Médias & Communication,Bétérou,+229 43 27 31 40,,journalnouvellescommunication.bj,TPE (<10),B2C,CCIB Annuaire,,Actif,2026-06-29T00:15:34.353534,moyenne
BJ-90204CCE,International,Médias & Communication,Bétérou,+229 94 31 22 34,,,PME (50-200),B2B,CCIB Annuaire,,Actif,2026-06-29T00:15:34.353544,basse
BJ-7CC6C501,Information Press Ouessè,Médias & Communication,Ouessè,+229 21 89 74 55,information.press.ouessè@information.press.ouessè.benin,informationpressouessè.bj,PME (10-50),B2B,CCIB Annuaire,,Actif,2026-06-29T00:15:34.353562,haute
BJ-31AEDB2D,Presse Actualité,Médias & Communication,Ouessè,+229 56 31 90 41,presse.actualité@presse.actualité.net,,PME (50-200),B2B,CCIB Annuaire,,Actif,2026-06-29T00:15:34.353579,moyenne
BJ-A88187E3,Nouvelles Ouessè,Médias & Communication,Ouessè,+229 67 87 48 14,nouvelles.ouessè@nouvelles.ouessè.benin,nouvellesouessè.bj,Grande (>200),B2B,CCIB Annuaire,,Actif,2026-06-29T00:15:34.353592,haute
BJ-4AF2D4CB,Nouvelles TV,Médias & Communication,Ouessè,+229 55 75 97 18,,nouvellestv.bj,PME (10-50),B2C,CCIB Annuaire,,Actif,2026-06-29T00:15:34.353604,moyenne
BJ-74F9B15F,Média International Ouessè,Médias & Communication,Ouessè,+229 90 28 45 34,,médiainternationalouessè.bj,PME (10-50),B2C,CCIB Annuaire,,Actif,2026-06-29T00:15:34.353616,moyenne
BJ-ADEC0281,Communication Démocratie Africa,Médias & Communication,Glazoué,+229 55 17 66 33,communication.démocratie.africa@communication.démocratie.africa.net,communicationdémocratieafrica.bj,TPE (<10),B2B,CCIB Annuaire,,Actif,2026-06-29T00:15:34.353634,haute
BJ-57BCC6BA,Presse Télévision News,Médias & Communication,Glazoué,+229 20 72 91 14,,pressetélévisionnews.bj,PME (10-50),B2C,CCIB Annuaire,,Actif,2026-06-29T00:15:34.353658,moyenne
BJ-915DCD15,Média Liberté,Médias & Communication,Glazoué,+229 66 10 99 73,,médialiberté.bj,TPE (<10),B2C,CCIB Annuaire,,Actif,2026-06-29T00:15:34.353669,moyenne
BJ-3FBFA7B1,Journal Information Glazoué,Médias & Communication,Glazoué,+229 82 63 67 48,journal.information.glazoué@journal.information.glazoué.bj,journalinformationglazoué.bj,TPE (<10),B2B,CCIB Annuaire,,Actif,2026-06-29T00:15:34.353682,haute
BJ-AF267F66,Journal National,Médias & Communication,Dassa-Zoumè,+229 37 46 44 10,journal.national@journal.national.benin,journalnational.bj,PME (50-200),B2C,CCIB Annuaire,,Actif,2026-06-29T00:15:34.353700,haute
BJ-8114E131,National Radio,Médias & Communication,Dassa-Zoumè,+229 57 94 49 33,,nationalradio.bj,Grande (>200),B2B,CCIB Annuaire,,Actif,2026-06-29T00:15:34.353714,moyenne
BJ-D1777E6E,Journal Communication Dassa-Zoumè,Médias & Communication,Dassa-Zoumè,+229 33 69 43 91,journal.communication.dassazoumè@journal.communication.dassazoumè.net,journalcommunicationdassazoumè.bj,PME (10-50),B2B,CCIB Annuaire,,Actif,2026-06-29T00:15:34.353731,haute
BJ-1E3A446B,Communication Presse Bénin Dassa-Zoumè,Médias & Communication,Dassa-Zoumè,+229 34 88 75 88,communication.presse.bénin.dassazoumè@communication.presse.bénin.dassazoumè.bj,,TPE (<10),B2C,CCIB Annuaire,,Actif,2026-06-29T00:15:34.353757,moyenne
BJ-417C27FB,Journal Information Media,Médias & Communication,Savalou,+229 72 77 80 90,,,PME (10-50),B2B,CCIB Annuaire,,Actif,2026-06-29T00:15:34.353773,basse
BJ-A7DAF5BC,Agence Liberté,Médias & Communication,Savalou,+229 54 42 82 99,agence.liberté@agence.liberté.benin,,TPE (<10),B2C,CCIB Annuaire,,Actif,2026-06-29T00:15:34.353785,moyenne
BJ-871AF5F1,Journal International,Médias & Communication,Savalou,+229 96 60 64 71,journal.international@journal.international.benin,journalinternational.bj,TPE (<10),B2B,CCIB Annuaire,,Actif,2026-06-29T00:15:34.353811,haute
BJ-0BD9FB0A,TV Liberté,Médias & Communication,Savalou,+229 53 31 54 43,,,TPE (<10),B2B,CCIB Annuaire,,Actif,2026-06-29T00:15:34.353822,basse
BJ-E322B892,Journal,Médias & Communication,Bantè,+229 70 33 14 39,journal@journal.bj,journal.bj,PME (10-50),B2C,CCIB Annuaire,,Actif,2026-06-29T00:15:34.353840,haute
BJ-8EDA41F0,TV Communication Bénin,Médias & Communication,Bantè,+229 59 30 41 16,tv.communication.bénin@tv.communication.bénin.com,,Grande (>200),B2C,CCIB Annuaire,,Actif,2026-06-29T00:15:34.353856,moyenne
BJ-412E2155,Radio Publicité TV,Médias & Communication,Bantè,+229 57 19 28 19,radio.publicité.tv@radio.publicité.tv.benin,radiopublicitétv.bj,Grande (>200),B2C,CCIB Annuaire,,Actif,2026-06-29T00:15:34.353869,haute
BJ-08200D9E,Communication International,Médias & Communication,Bantè,+229 79 23 63 33,communication.international@communication.international.benin,communicationinternational.bj,PME (50-200),B2C,CCIB Annuaire,,Actif,2026-06-29T00:15:34.353910,haute
BJ-A56FC67B,Radio Média TV Djougou,Médias & Communication,Djougou,+229 74 58 14 12,,radiomédiatvdjougou.bj,PME (50-200),B2B,CCIB Annuaire,,Actif,2026-06-29T00:15:34.353931,moyenne
BJ-3AD23CED,Média Information,Médias & Communication,Djougou,+229 79 35 63 22,,médiainformation.bj,PME (10-50),B2C,CCIB Annuaire,,Actif,2026-06-29T00:15:34.353944,moyenne
BJ-8781AE12,Communication National Press,Médias & Communication,Djougou,+229 54 38 97 18,communication.national.press@communication.national.press.com,communicationnationalpress.bj,PME (10-50),B2C,CCIB Annuaire,,Actif,2026-06-29T00:15:34.353956,haute
BJ-C685CFB6,Média,Médias & Communication,Djougou,+229 83 49 15 87,média@média.bj,média.bj,PME (10-50),B2B,CCIB Annuaire,,Actif,2026-06-29T00:15:34.353968,haute
BJ-84A3820E,Journal,Médias & Communication,Djougou,+229 39 78 79 58,journal@journal.bj,journal.bj,TPE (<10),B2C,CCIB Annuaire,,Actif,2026-06-29T00:15:34.353980,haute
BJ-8987E61A,Média Information,Médias & Communication,Ouèssè,+229 90 12 43 67,média.information@média.information.org,,TPE (<10),B2C,CCIB Annuaire,,Actif,2026-06-29T00:15:34.354001,moyenne
BJ-54005850,Nouvelles TV,Médias & Communication,Ouèssè,+229 21 94 12 25,nouvelles.tv@nouvelles.tv.bj,nouvellestv.bj,PME (50-200),B2B,CCIB Annuaire,,Actif,2026-06-29T00:15:34.354016,haute
BJ-1C9DFB18,Média Ouèssè,Médias & Communication,Ouèssè,+229 70 48 35 51,média.ouèssè@média.ouèssè.net,médiaouèssè.bj,PME (10-50),B2B,CCIB Annuaire,,Actif,2026-06-29T00:15:34.354030,haute
BJ-AD6E3568,Information,Médias & Communication,Ouèssè,+229 70 19 27 68,information@information.org,information.bj,PME (50-200),B2B,CCIB Annuaire,,Actif,2026-06-29T00:15:34.354045,haute
BJ-0C8D33FC,Agence National Africa,Médias & Communication,Ouèssè,+229 71 91 80 74,,agencenationalafrica.bj,TPE (<10),B2B,CCIB Annuaire,,Actif,2026-06-29T00:15:34.354056,moyenne
BJ-E2A0A183,Agence Presse,Médias & Communication,Bassila,+229 48 79 72 15,agence.presse@agence.presse.net,agencepresse.bj,PME (50-200),B2C,CCIB Annuaire,,Actif,2026-06-29T00:15:34.354077,haute
BJ-F9739EDB,Journal Nouvelles Communication,Médias & Communication,Bassila,+229 34 77 98 52,,,TPE (<10),B2C,CCIB Annuaire,,Actif,2026-06-29T00:15:34.354099,basse
BJ-D07A4A14,Actualité News Bassila,Médias & Communication,Bassila,+229 97 28 64 50,actualité.news.bassila@actualité.news.bassila.bj,actualiténewsbassila.bj,TPE (<10),B2B,CCIB Annuaire,,Actif,2026-06-29T00:15:34.354112,haute
BJ-2CA45911,Média Actualité Press Bassila,Médias & Communication,Bassila,+229 49 16 58 72,média.actualité.press.bassila@média.actualité.press.bassila.org,médiaactualitépressbassila.bj,PME (50-200),B2C,CCIB Annuaire,,Actif,2026-06-29T00:15:34.354125,haute
BJ-1F293B53,Liberté Pehunco,Médias & Communication,Pehunco,+229 22 94 66 66,liberté.pehunco@liberté.pehunco.benin,libertépehunco.bj,Grande (>200),B2C,CCIB Annuaire,,Actif,2026-06-29T00:15:34.354144,haute
BJ-94887462,Média Information,Médias & Communication,Pehunco,+229 76 63 78 49,,médiainformation.bj,PME (10-50),B2B,CCIB Annuaire,,Actif,2026-06-29T00:15:34.354158,moyenne
BJ-F90575B9,TV Actualité Africa,Médias & Communication,Pehunco,+229 24 27 76 95,,,TPE (<10),B2B,CCIB Annuaire,,Actif,2026-06-29T00:15:34.354168,basse
BJ-26761AE6,Actualité,Médias & Communication,Pehunco,+229 77 54 62 61,,actualité.bj,Grande (>200),B2B,CCIB Annuaire,,Actif,2026-06-29T00:15:34.354180,moyenne
BJ-C66762EC,Presse Démocratie News,Médias & Communication,Pehunco,+229 99 10 60 39,presse.démocratie.news@presse.démocratie.news.bj,pressedémocratienews.bj,PME (50-200),B2B,CCIB Annuaire,,Actif,2026-06-29T00:15:34.354192,haute
BJ-10048B9F,Journal Liberté,Médias & Communication,Copargo,+229 51 25 58 71,journal.liberté@journal.liberté.com,journalliberté.bj,PME (10-50),B2B,CCIB Annuaire,,Actif,2026-06-29T00:15:34.354223,haute
BJ-16174E7F,Média Media,Médias & Communication,Copargo,+229 65 34 85 96,média.media@média.media.org,médiamedia.bj,PME (10-50),B2C,CCIB Annuaire,,Actif,2026-06-29T00:15:34.354235,haute
BJ-F8315C54,Journal Télévision,Médias & Communication,Copargo,+229 95 87 83 64,,journaltélévision.bj,PME (10-50),B2C,CCIB Annuaire,,Actif,2026-06-29T00:15:34.354247,moyenne
BJ-33461B1C,Environnement ONG,ONG & Associations,Cotonou,+229 58 82 90 39,,,PME (50-200),B2B,CCIB Annuaire,,Actif,2026-06-29T00:15:34.354274,basse
BJ-6DCC1111,Club Solidarité,ONG & Associations,Cotonou,+229 71 55 30 95,club.solidarité@club.solidarité.org,clubsolidarité.bj,PME (50-200),B2C,CCIB Annuaire,,Actif,2026-06-29T00:15:34.354290,haute
BJ-CB77AD91,Santé Organisation,ONG & Associations,Cotonou,+229 43 51 72 95,,,TPE (<10),B2C,CCIB Annuaire,,Actif,2026-06-29T00:15:34.354303,basse
BJ-BEC60E44,Développement International,ONG & Associations,Cotonou,+229 56 33 33 53,développement.international@développement.international.benin,,PME (10-50),B2C,CCIB Annuaire,,Actif,2026-06-29T00:15:34.354316,moyenne
BJ-A6989F0A,Organisation Environnement Africa,ONG & Associations,Cotonou,+229 61 59 45 66,organisation.environnement.africa@organisation.environnement.africa.benin,organisationenvironnementafrica.bj,PME (10-50),B2B,CCIB Annuaire,,Actif,2026-06-29T00:15:34.354328,haute
BJ-A4FC09B1,Société Éducation,ONG & Associations,Abomey-Calavi,+229 47 72 67 44,,,TPE (<10),B2C,CCIB Annuaire,,Actif,2026-06-29T00:15:34.354345,basse
BJ-242951B6,Développement,ONG & Associations,Abomey-Calavi,+229 71 37 56 26,,,PME (50-200),B2B,CCIB Annuaire,,Actif,2026-06-29T00:15:34.354358,basse
BJ-E5D41388,Aide Africa,ONG & Associations,Abomey-Calavi,+229 84 38 20 92,,aideafrica.bj,Grande (>200),B2C,CCIB Annuaire,,Actif,2026-06-29T00:15:34.354370,moyenne
BJ-19BA5727,Éducation ONG,ONG & Associations,Abomey-Calavi,+229 69 50 12 30,,,PME (10-50),B2B,CCIB Annuaire,,Actif,2026-06-29T00:15:34.354380,basse
BJ-A8303D76,Société Enfant Organisation,ONG & Associations,Porto-Novo,+229 57 19 13 22,société.enfant.organisation@société.enfant.organisation.bj,,PME (50-200),B2B,CCIB Annuaire,,Actif,2026-06-29T00:15:34.354407,moyenne
BJ-94CB04D4,ONG Jeunesse Bénin,ONG & Associations,Porto-Novo,+229 29 27 23 24,ong.jeunesse.bénin@ong.jeunesse.bénin.bj,,Grande (>200),B2B,CCIB Annuaire,,Actif,2026-06-29T00:15:34.354422,moyenne
BJ-48C942B4,Fondation Social Organisation,ONG & Associations,Porto-Novo,+229 38 11 21 25,fondation.social.organisation@fondation.social.organisation.com,,TPE (<10),B2B,CCIB Annuaire,,Actif,2026-06-29T00:15:34.354434,moyenne
BJ-522041A7,Association Humanitaire Bénin,ONG & Associations,Porto-Novo,+229 42 77 31 53,association.humanitaire.bénin@association.humanitaire.bénin.net,associationhumanitairebénin.bj,TPE (<10),B2B,CCIB Annuaire,,Actif,2026-06-29T00:15:34.354459,haute
BJ-482CE019,Fondation Femme ONG Parakou,ONG & Associations,Parakou,+229 23 16 97 42,fondation.femme.ong.parakou@fondation.femme.ong.parakou.org,fondationfemmeongparakou.bj,Grande (>200),B2B,CCIB Annuaire,,Actif,2026-06-29T00:15:34.354489,haute
BJ-B55AF8F1,Association Femme Bénin,ONG & Associations,Parakou,+229 22 70 13 25,association.femme.bénin@association.femme.bénin.bj,,PME (10-50),B2B,CCIB Annuaire,,Actif,2026-06-29T00:15:34.354501,moyenne
BJ-2DFCAD10,Éducation International,ONG & Associations,Parakou,+229 95 15 78 21,,éducationinternational.bj,PME (10-50),B2B,CCIB Annuaire,,Actif,2026-06-29T00:15:34.354512,moyenne
BJ-AAC6632F,ONG Femme Organisation,ONG & Associations,Parakou,+229 20 40 24 81,ong.femme.organisation@ong.femme.organisation.org,,PME (10-50),B2B,CCIB Annuaire,,Actif,2026-06-29T00:15:34.354523,moyenne
BJ-96EB055D,Jeunesse Organisation Bohicon,ONG & Associations,Bohicon,+229 39 18 47 71,jeunesse.organisation.bohicon@jeunesse.organisation.bohicon.bj,jeunesseorganisationbohicon.bj,TPE (<10),B2C,CCIB Annuaire,,Actif,2026-06-29T00:15:34.354541,haute
BJ-63D3B306,ONG Culture International,ONG & Associations,Bohicon,+229 99 69 96 58,,,Grande (>200),B2B,CCIB Annuaire,,Actif,2026-06-29T00:15:34.354569,basse
BJ-3C282C41,Organisation Humanitaire Africa,ONG & Associations,Bohicon,+229 40 36 67 28,,,PME (10-50),B2B,CCIB Annuaire,,Actif,2026-06-29T00:15:34.354579,basse
BJ-C030C08D,Humanitaire Bénin,ONG & Associations,Bohicon,+229 55 50 49 50,humanitaire.bénin@humanitaire.bénin.net,humanitairebénin.bj,PME (50-200),B2B,CCIB Annuaire,,Actif,2026-06-29T00:15:34.354592,haute
BJ-B5D498F0,Association Femme Africa Natitingou,ONG & Associations,Natitingou,+229 67 44 86 50,association.femme.africa.natitingou@association.femme.africa.natitingou.org,,TPE (<10),B2B,CCIB Annuaire,,Actif,2026-06-29T00:15:34.354610,moyenne
BJ-F475D5BE,Fondation Humanitaire,ONG & Associations,Natitingou,+229 88 59 47 46,fondation.humanitaire@fondation.humanitaire.benin,fondationhumanitaire.bj,TPE (<10),B2C,CCIB Annuaire,,Actif,2026-06-29T00:15:34.354634,haute
BJ-01053182,Club Enfant,ONG & Associations,Natitingou,+229 55 25 61 90,club.enfant@club.enfant.com,,PME (50-200),B2C,CCIB Annuaire,,Actif,2026-06-29T00:15:34.354645,moyenne
BJ-E2576394,ONG Culture,ONG & Associations,Natitingou,+229 37 48 57 80,,,PME (50-200),B2C,CCIB Annuaire,,Actif,2026-06-29T00:15:34.354656,basse
BJ-14E18EB0,Association Droits Organisation,ONG & Associations,Lokossa,+229 84 52 89 35,,associationdroitsorganisation.bj,TPE (<10),B2B,CCIB Annuaire,,Actif,2026-06-29T00:15:34.354672,moyenne
BJ-AA1423D3,Organisation Développement,ONG & Associations,Lokossa,+229 23 99 94 44,,,TPE (<10),B2C,CCIB Annuaire,,Actif,2026-06-29T00:15:34.354687,basse
BJ-E7B5D11B,Organisation Environnement,ONG & Associations,Lokossa,+229 24 27 36 33,organisation.environnement@organisation.environnement.org,organisationenvironnement.bj,Grande (>200),B2B,CCIB Annuaire,,Actif,2026-06-29T00:15:34.354701,haute
BJ-B1039A23,ONG Droits Lokossa,ONG & Associations,Lokossa,+229 77 31 38 90,,,TPE (<10),B2C,CCIB Annuaire,,Actif,2026-06-29T00:15:34.354712,basse
BJ-AF1127EA,Fondation Humanitaire Association,ONG & Associations,Lokossa,+229 59 53 71 26,,,PME (10-50),B2B,CCIB Annuaire,,Actif,2026-06-29T00:15:34.354722,basse
BJ-17B099C0,ONG Aide International,ONG & Associations,Ouidah,+229 29 34 69 61,ong.aide.international@ong.aide.international.benin,ongaideinternational.bj,TPE (<10),B2C,CCIB Annuaire,,Actif,2026-06-29T00:15:34.354739,haute
BJ-B72B7F65,Société Solidarité Africa,ONG & Associations,Ouidah,+229 34 39 83 55,société.solidarité.africa@société.solidarité.africa.bj,,PME (50-200),B2B,CCIB Annuaire,,Actif,2026-06-29T00:15:34.354755,moyenne
BJ-D78E7BD2,Club Développement International,ONG & Associations,Ouidah,+229 41 47 43 28,,,PME (10-50),B2C,CCIB Annuaire,,Actif,2026-06-29T00:15:34.354766,basse
BJ-1E421E17,Droits Organisation,ONG & Associations,Ouidah,+229 60 85 32 34,droits.organisation@droits.organisation.benin,,TPE (<10),B2C,CCIB Annuaire,,Actif,2026-06-29T00:15:34.354780,moyenne
BJ-1714A9B5,Aide Africa Ouidah,ONG & Associations,Ouidah,+229 39 24 67 26,,,PME (10-50),B2B,CCIB Annuaire,,Actif,2026-06-29T00:15:34.354791,basse
BJ-E8F975F0,Solidarité Association,ONG & Associations,Savalou,+229 26 24 92 55,,,PME (50-200),B2C,CCIB Annuaire,,Actif,2026-06-29T00:15:34.354807,basse
BJ-874E93B5,ONG Culture,ONG & Associations,Savalou,+229 77 95 78 25,ong.culture@ong.culture.org,,PME (50-200),B2C,CCIB Annuaire,,Actif,2026-06-29T00:15:34.354821,moyenne
BJ-D20A4FD7,Jeunesse Organisation,ONG & Associations,Savalou,+229 64 96 35 57,,,TPE (<10),B2C,CCIB Annuaire,,Actif,2026-06-29T00:15:34.354832,basse
BJ-7F9BF71E,Social Organisation Savalou,ONG & Associations,Savalou,+229 77 17 29 86,social.organisation.savalou@social.organisation.savalou.bj,,TPE (<10),B2B,CCIB Annuaire,,Actif,2026-06-29T00:15:34.354843,moyenne
BJ-80763946,Femme Fondation,ONG & Associations,Savalou,+229 59 95 45 29,femme.fondation@femme.fondation.bj,,TPE (<10),B2C,CCIB Annuaire,,Actif,2026-06-29T00:15:34.354854,moyenne
BJ-19277B28,Aide ONG,ONG & Associations,Dassa-Zoumè,+229 68 35 39 83,aide.ong@aide.ong.net,,TPE (<10),B2C,CCIB Annuaire,,Actif,2026-06-29T00:15:34.354870,moyenne
BJ-CD2E26C2,Fondation Éducation,ONG & Associations,Dassa-Zoumè,+229 45 33 93 71,fondation.éducation@fondation.éducation.benin,,PME (10-50),B2B,CCIB Annuaire,,Actif,2026-06-29T00:15:34.354883,moyenne
BJ-1462925C,Jeunesse Association,ONG & Associations,Dassa-Zoumè,+229 32 46 51 63,,jeunesseassociation.bj,TPE (<10),B2C,CCIB Annuaire,,Actif,2026-06-29T00:15:34.354907,moyenne
BJ-B63D5AA1,Droits Organisation,ONG & Associations,Dassa-Zoumè,+229 58 44 63 39,,,PME (10-50),B2B,CCIB Annuaire,,Actif,2026-06-29T00:15:34.354930,basse
BJ-D01A4C90,Humanitaire,ONG & Associations,Kétou,+229 43 61 22 63,humanitaire@humanitaire.benin,humanitaire.bj,TPE (<10),B2C,CCIB Annuaire,,Actif,2026-06-29T00:15:34.354948,haute
BJ-4026A7EA,Jeunesse,ONG & Associations,Kétou,+229 95 38 74 43,,,TPE (<10),B2B,CCIB Annuaire,,Actif,2026-06-29T00:15:34.354963,basse
BJ-02CEBD2D,Société Social Kétou,ONG & Associations,Kétou,+229 78 99 63 70,société.social.kétou@société.social.kétou.net,sociétésocialkétou.bj,Grande (>200),B2B,CCIB Annuaire,,Actif,2026-06-29T00:15:34.354976,haute
BJ-49C07AE8,Fondation Environnement,ONG & Associations,Kétou,+229 69 19 99 26,fondation.environnement@fondation.environnement.net,,TPE (<10),B2B,CCIB Annuaire,,Actif,2026-06-29T00:15:34.355002,moyenne
BJ-4B10AB0A,Aide Fondation,ONG & Associations,Covè,+229 82 18 67 42,aide.fondation@aide.fondation.org,,TPE (<10),B2C,CCIB Annuaire,,Actif,2026-06-29T00:15:34.355020,moyenne
BJ-D241C050,Fondation Culture Organisation,ONG & Associations,Covè,+229 99 31 89 71,fondation.culture.organisation@fondation.culture.organisation.net,fondationcultureorganisation.bj,PME (10-50),B2C,CCIB Annuaire,,Actif,2026-06-29T00:15:34.355045,haute
BJ-975E723A,ONG Enfant,ONG & Associations,Covè,+229 92 36 59 14,,ongenfant.bj,TPE (<10),B2C,CCIB Annuaire,,Actif,2026-06-29T00:15:34.355056,moyenne
BJ-B4F07302,Femme Covè,ONG & Associations,Covè,+229 58 48 20 69,femme.covè@femme.covè.org,,PME (10-50),B2C,CCIB Annuaire,,Actif,2026-06-29T00:15:34.355068,moyenne
BJ-6BB6C110,Fondation Aide Association,ONG & Associations,Pobè,+229 57 18 20 91,fondation.aide.association@fondation.aide.association.com,,PME (10-50),B2C,CCIB Annuaire,,Actif,2026-06-29T00:15:34.355085,moyenne
BJ-B57C5647,ONG Développement ONG Pobè,ONG & Associations,Pobè,+229 25 53 29 75,ong.développement.ong.pobè@ong.développement.ong.pobè.benin,,PME (10-50),B2C,CCIB Annuaire,,Actif,2026-06-29T00:15:34.355103,moyenne
BJ-3882B2D4,Société Humanitaire Fondation,ONG & Associations,Pobè,+229 70 11 48 57,société.humanitaire.fondation@société.humanitaire.fondation.bj,sociétéhumanitairefondation.bj,PME (10-50),B2B,CCIB Annuaire,,Actif,2026-06-29T00:15:34.355117,haute
BJ-A8B3853D,Club Développement,ONG & Associations,Pobè,+229 43 75 13 16,,,Grande (>200),B2C,CCIB Annuaire,,Actif,2026-06-29T00:15:34.355128,basse
BJ-90EDFADA,Culture International Pobè,ONG & Associations,Pobè,+229 73 87 30 50,culture.international.pobè@culture.international.pobè.org,,PME (10-50),B2C,CCIB Annuaire,,Actif,2026-06-29T00:15:34.355139,moyenne
BJ-A139B568,Organisation Jeunesse,ONG & Associations,Sakété,+229 92 53 51 12,organisation.jeunesse@organisation.jeunesse.com,,PME (10-50),B2B,CCIB Annuaire,,Actif,2026-06-29T00:15:34.355168,moyenne
BJ-4EF11652,Culture,ONG & Associations,Sakété,+229 61 31 13 51,culture@culture.org,,PME (10-50),B2C,CCIB Annuaire,,Actif,2026-06-29T00:15:34.355179,moyenne
BJ-EBDACDF6,Fondation Enfant,ONG & Associations,Sakété,+229 53 60 32 23,,fondationenfant.bj,Grande (>200),B2C,CCIB Annuaire,,Actif,2026-06-29T00:15:34.355191,moyenne
BJ-486EFE55,Femme Association,ONG & Associations,Sakété,+229 33 92 57 38,femme.association@femme.association.net,,PME (10-50),B2C,CCIB Annuaire,,Actif,2026-06-29T00:15:34.355202,moyenne
BJ-A6510AA1,Organisation Sport Africa,ONG & Associations,Adjara,+229 70 14 86 45,organisation.sport.africa@organisation.sport.africa.org,,TPE (<10),B2C,CCIB Annuaire,,Actif,2026-06-29T00:15:34.355218,moyenne
BJ-D49E0020,Fondation Culture,ONG & Associations,Adjara,+229 75 18 74 87,fondation.culture@fondation.culture.com,,Grande (>200),B2C,CCIB Annuaire,,Actif,2026-06-29T00:15:34.355236,moyenne
BJ-657FF9EC,Éducation ONG,ONG & Associations,Adjara,+229 51 29 26 94,,,PME (10-50),B2C,CCIB Annuaire,,Actif,2026-06-29T00:15:34.355259,basse
BJ-A902FAB8,Humanitaire Bénin Adjara,ONG & Associations,Adjara,+229 49 44 14 12,,humanitairebéninadjara.bj,TPE (<10),B2C,CCIB Annuaire,,Actif,2026-06-29T00:15:34.355270,moyenne
BJ-C9C11BE6,Club Santé,ONG & Associations,Allada,+229 41 10 93 87,,,TPE (<10),B2B,CCIB Annuaire,,Actif,2026-06-29T00:15:34.355286,basse
BJ-B90B4051,Association Droits Association,ONG & Associations,Allada,+229 76 19 90 11,,associationdroitsassociation.bj,PME (10-50),B2C,CCIB Annuaire,,Actif,2026-06-29T00:15:34.355297,moyenne
BJ-6A91E6B4,Développement Allada,ONG & Associations,Allada,+229 65 65 14 73,,,TPE (<10),B2C,CCIB Annuaire,,Actif,2026-06-29T00:15:34.355320,basse
BJ-C6855D66,Santé Association,ONG & Associations,Allada,+229 49 65 23 68,santé.association@santé.association.bj,santéassociation.bj,TPE (<10),B2C,CCIB Annuaire,,Actif,2026-06-29T00:15:34.355332,haute
BJ-8260006A,Club Solidarité Organisation,ONG & Associations,Aplahoué,+229 62 11 91 43,club.solidarité.organisation@club.solidarité.organisation.net,clubsolidaritéorganisation.bj,PME (10-50),B2C,CCIB Annuaire,,Actif,2026-06-29T00:15:34.355355,haute
BJ-40CC4052,Culture Aplahoué,ONG & Associations,Aplahoué,+229 29 64 32 81,culture.aplahoué@culture.aplahoué.org,cultureaplahoué.bj,TPE (<10),B2C,CCIB Annuaire,,Actif,2026-06-29T00:15:34.355375,haute
BJ-8E533321,Société Femme Bénin,ONG & Associations,Aplahoué,+229 51 47 19 75,,,PME (50-200),B2C,CCIB Annuaire,,Actif,2026-06-29T00:15:34.355386,basse
BJ-46AC535D,Enfant,ONG & Associations,Aplahoué,+229 61 49 84 43,,enfant.bj,TPE (<10),B2C,CCIB Annuaire,,Actif,2026-06-29T00:15:34.355397,moyenne
BJ-12F05212,Droits International,ONG & Associations,Aplahoué,+229 78 77 12 86,,droitsinternational.bj,PME (10-50),B2B,CCIB Annuaire,,Actif,2026-06-29T00:15:34.355408,moyenne
BJ-0DB43E47,ONG Social,ONG & Associations,Dogbo-Tota,+229 48 34 41 48,,ongsocial.bj,PME (50-200),B2B,CCIB Annuaire,,Actif,2026-06-29T00:15:34.355424,moyenne
BJ-D6A0F36A,Femme Dogbo-Tota,ONG & Associations,Dogbo-Tota,+229 86 37 21 78,femme.dogbotota@femme.dogbotota.benin,,TPE (<10),B2C,CCIB Annuaire,,Actif,2026-06-29T00:15:34.355436,moyenne
BJ-9DE03C2D,Sport,ONG & Associations,Dogbo-Tota,+229 94 74 86 91,sport@sport.com,sport.bj,PME (50-200),B2B,CCIB Annuaire,,Actif,2026-06-29T00:15:34.355461,haute
BJ-561A47D6,Social Bénin,ONG & Associations,Kpomassè,+229 24 52 94 41,,,PME (50-200),B2B,CCIB Annuaire,,Actif,2026-06-29T00:15:34.355493,basse
BJ-B75AD92F,Club Social Kpomassè,ONG & Associations,Kpomassè,+229 46 45 82 78,club.social.kpomassè@club.social.kpomassè.com,,TPE (<10),B2B,CCIB Annuaire,,Actif,2026-06-29T00:15:34.355508,moyenne
BJ-DF49ED4D,Association Santé,ONG & Associations,Kpomassè,+229 88 72 12 39,,,Grande (>200),B2B,CCIB Annuaire,,Actif,2026-06-29T00:15:34.355519,basse
BJ-47059E66,Club Développement International,ONG & Associations,Kpomassè,+229 66 30 89 42,,,PME (50-200),B2B,CCIB Annuaire,,Actif,2026-06-29T00:15:34.355530,basse
BJ-26792657,Éducation Kpomassè,ONG & Associations,Kpomassè,+229 47 52 50 19,éducation.kpomassè@éducation.kpomassè.org,,TPE (<10),B2C,CCIB Annuaire,,Actif,2026-06-29T00:15:34.355542,moyenne
BJ-C8D09141,Association Éducation Tori-Bossito,ONG & Associations,Tori-Bossito,+229 65 14 79 89,association.éducation.toribossito@association.éducation.toribossito.com,associationéducationtoribossito.bj,PME (10-50),B2B,CCIB Annuaire,,Actif,2026-06-29T00:15:34.355565,haute
BJ-192EB2DA,Organisation Sport Bénin,ONG & Associations,Tori-Bossito,+229 46 69 20 18,,,TPE (<10),B2B,CCIB Annuaire,,Actif,2026-06-29T00:15:34.355576,basse
BJ-027AE93E,Organisation Jeunesse International,ONG & Associations,Tori-Bossito,+229 97 33 52 79,organisation.jeunesse.international@organisation.jeunesse.international.com,,PME (10-50),B2C,CCIB Annuaire,,Actif,2026-06-29T00:15:34.355587,moyenne
BJ-D8976DE4,Association Environnement,ONG & Associations,Tori-Bossito,+229 73 47 16 97,,,TPE (<10),B2B,CCIB Annuaire,,Actif,2026-06-29T00:15:34.355598,basse
BJ-5E0E4EC0,Société Santé Fondation,ONG & Associations,Grand-Popo,+229 61 19 57 11,,,PME (10-50),B2B,CCIB Annuaire,,Actif,2026-06-29T00:15:34.355624,basse
BJ-A2E137A5,Enfant,ONG & Associations,Grand-Popo,+229 39 76 29 28,,,Grande (>200),B2C,CCIB Annuaire,,Actif,2026-06-29T00:15:34.355638,basse
BJ-08424E1B,Social Bénin,ONG & Associations,Grand-Popo,+229 57 52 67 61,,socialbénin.bj,PME (10-50),B2B,CCIB Annuaire,,Actif,2026-06-29T00:15:34.355650,moyenne
BJ-22A0245E,Fondation Développement Bénin,ONG & Associations,Grand-Popo,+229 82 20 43 10,fondation.développement.bénin@fondation.développement.bénin.com,,PME (10-50),B2B,CCIB Annuaire,,Actif,2026-06-29T00:15:34.355662,moyenne
BJ-B3560F50,Association Sport,ONG & Associations,Grand-Popo,+229 69 60 33 86,association.sport@association.sport.bj,associationsport.bj,PME (50-200),B2B,CCIB Annuaire,,Actif,2026-06-29T00:15:34.355674,haute
BJ-740EB82F,Société Solidarité Bénin Athiémé,ONG & Associations,Athiémé,+229 56 42 98 44,société.solidarité.bénin.athiémé@société.solidarité.bénin.athiémé.net,,TPE (<10),B2B,CCIB Annuaire,,Actif,2026-06-29T00:15:34.355692,moyenne
BJ-777345D7,Aide Africa,ONG & Associations,Athiémé,+229 96 82 91 16,aide.africa@aide.africa.bj,,TPE (<10),B2C,CCIB Annuaire,,Actif,2026-06-29T00:15:34.355707,moyenne
BJ-F5D031ED,Enfant Africa Athiémé,ONG & Associations,Athiémé,+229 20 77 26 27,enfant.africa.athiémé@enfant.africa.athiémé.bj,enfantafricaathiémé.bj,PME (50-200),B2B,CCIB Annuaire,,Actif,2026-06-29T00:15:34.355731,haute
BJ-65717B3E,Santé Organisation,ONG & Associations,Athiémé,+229 84 92 18 93,,santéorganisation.bj,PME (50-200),B2B,CCIB Annuaire,,Actif,2026-06-29T00:15:34.355742,moyenne
BJ-A6E1A9CE,Association Jeunesse,ONG & Associations,Bopa,+229 62 65 83 33,,associationjeunesse.bj,TPE (<10),B2B,CCIB Annuaire,,Actif,2026-06-29T00:15:34.355759,moyenne
BJ-D77D834B,Organisation Aide,ONG & Associations,Bopa,+229 78 99 74 83,,,PME (10-50),B2B,CCIB Annuaire,,Actif,2026-06-29T00:15:34.355772,basse
BJ-A40D4F8C,Organisation Droits Organisation Bopa,ONG & Associations,Bopa,+229 68 25 46 85,,,Grande (>200),B2C,CCIB Annuaire,,Actif,2026-06-29T00:15:34.355783,basse
BJ-2C57136D,Jeunesse International,ONG & Associations,Bopa,+229 56 63 58 30,jeunesse.international@jeunesse.international.com,,TPE (<10),B2B,CCIB Annuaire,,Actif,2026-06-29T00:15:34.355794,moyenne
BJ-2B381774,Fondation Éducation ONG,ONG & Associations,Bopa,+229 69 71 38 38,,,PME (10-50),B2B,CCIB Annuaire,,Actif,2026-06-29T00:15:34.355804,basse
BJ-F3D17E2C,Fondation Solidarité Bénin Houéyogbé,ONG & Associations,Houéyogbé,+229 55 65 98 31,,,TPE (<10),B2C,CCIB Annuaire,,Actif,2026-06-29T00:15:34.355820,basse
BJ-0A8EDFDE,Éducation International,ONG & Associations,Houéyogbé,+229 98 98 65 77,,éducationinternational.bj,PME (10-50),B2B,CCIB Annuaire,,Actif,2026-06-29T00:15:34.355836,moyenne
BJ-3A6D6070,Fondation Développement,ONG & Associations,Houéyogbé,+229 75 52 25 71,,,PME (10-50),B2C,CCIB Annuaire,,Actif,2026-06-29T00:15:34.355847,basse
BJ-49698CD5,Sport Association,ONG & Associations,Houéyogbé,+229 70 97 93 88,sport.association@sport.association.com,sportassociation.bj,PME (10-50),B2B,CCIB Annuaire,,Actif,2026-06-29T00:15:34.355859,haute
BJ-11AE3764,Solidarité Africa,ONG & Associations,Houéyogbé,+229 73 44 30 35,,,TPE (<10),B2B,CCIB Annuaire,,Actif,2026-06-29T00:15:34.355869,basse
BJ-FF80C6ED,Humanitaire Association,ONG & Associations,Malanville,+229 91 80 41 91,,humanitaireassociation.bj,TPE (<10),B2C,CCIB Annuaire,,Actif,2026-06-29T00:15:34.355886,moyenne
BJ-E4CD47F4,Culture Africa,ONG & Associations,Malanville,+229 96 59 60 39,,,TPE (<10),B2C,CCIB Annuaire,,Actif,2026-06-29T00:15:34.355917,basse
BJ-1B35A0D6,Fondation Humanitaire International,ONG & Associations,Malanville,+229 60 36 12 31,,,PME (10-50),B2C,CCIB Annuaire,,Actif,2026-06-29T00:15:34.355932,basse
BJ-B4CA3D81,Association Humanitaire Africa,ONG & Associations,Malanville,+229 24 50 58 70,association.humanitaire.africa@association.humanitaire.africa.com,associationhumanitaireafrica.bj,TPE (<10),B2C,CCIB Annuaire,,Actif,2026-06-29T00:15:34.355945,haute
BJ-47C7ED08,Jeunesse ONG,ONG & Associations,Malanville,+229 28 88 50 34,,,TPE (<10),B2C,CCIB Annuaire,,Actif,2026-06-29T00:15:34.355955,basse
BJ-DB3BF4FA,Club Sport Kandi,ONG & Associations,Kandi,+229 63 40 31 85,,,TPE (<10),B2C,CCIB Annuaire,,Actif,2026-06-29T00:15:34.355972,basse
BJ-D1D45C16,Droits ONG,ONG & Associations,Kandi,+229 83 44 82 49,droits.ong@droits.ong.org,droitsong.bj,PME (50-200),B2C,CCIB Annuaire,,Actif,2026-06-29T00:15:34.355984,haute
BJ-E4D4EA11,Culture Kandi,ONG & Associations,Kandi,+229 48 93 89 28,culture.kandi@culture.kandi.benin,,PME (50-200),B2C,CCIB Annuaire,,Actif,2026-06-29T00:15:34.355996,moyenne
BJ-0C65E8CF,Club Humanitaire,ONG & Associations,Kandi,+229 32 23 44 18,club.humanitaire@club.humanitaire.benin,clubhumanitaire.bj,PME (50-200),B2B,CCIB Annuaire,,Actif,2026-06-29T00:15:34.356007,haute
BJ-2DBE3364,Aide,ONG & Associations,Kandi,+229 38 56 34 33,aide@aide.net,,TPE (<10),B2C,CCIB Annuaire,,Actif,2026-06-29T00:15:34.356018,moyenne
BJ-B56E1601,Jeunesse Bénin Banikoara,ONG & Associations,Banikoara,+229 30 79 88 15,jeunesse.bénin.banikoara@jeunesse.bénin.banikoara.net,,TPE (<10),B2B,CCIB Annuaire,,Actif,2026-06-29T00:15:34.356036,moyenne
BJ-679FEFCB,Enfant Banikoara,ONG & Associations,Banikoara,+229 59 33 35 42,,enfantbanikoara.bj,TPE (<10),B2C,CCIB Annuaire,,Actif,2026-06-29T00:15:34.356063,moyenne
BJ-F836C2B9,ONG Développement,ONG & Associations,Banikoara,+229 32 89 72 14,,ongdéveloppement.bj,Grande (>200),B2B,CCIB Annuaire,,Actif,2026-06-29T00:15:34.356075,moyenne
BJ-DD41363A,Aide,ONG & Associations,Banikoara,+229 37 73 55 59,,aide.bj,PME (10-50),B2C,CCIB Annuaire,,Actif,2026-06-29T00:15:34.356086,moyenne
BJ-B68CEDB0,Club Culture Bénin,ONG & Associations,Ségbana,+229 65 17 76 16,,clubculturebénin.bj,TPE (<10),B2C,CCIB Annuaire,,Actif,2026-06-29T00:15:34.356115,moyenne
BJ-79D4DA9F,Association Enfant Ségbana,ONG & Associations,Ségbana,+229 64 37 24 23,,,Grande (>200),B2B,CCIB Annuaire,,Actif,2026-06-29T00:15:34.356126,basse
BJ-FEB706EF,ONG Social,ONG & Associations,Ségbana,+229 65 16 50 57,ong.social@ong.social.com,ongsocial.bj,TPE (<10),B2C,CCIB Annuaire,,Actif,2026-06-29T00:15:34.356142,haute
BJ-E7242A30,ONG Enfant Organisation,ONG & Associations,Ségbana,+229 89 65 35 44,,ongenfantorganisation.bj,PME (50-200),B2C,CCIB Annuaire,,Actif,2026-06-29T00:15:34.356153,moyenne
BJ-FB65059F,Solidarité Organisation,ONG & Associations,Karimama,+229 96 70 70 97,solidarité.organisation@solidarité.organisation.com,,Grande (>200),B2C,CCIB Annuaire,,Actif,2026-06-29T00:15:34.356212,moyenne
BJ-6A9D6110,Solidarité,ONG & Associations,Karimama,+229 63 16 87 38,,solidarité.bj,PME (10-50),B2C,CCIB Annuaire,,Actif,2026-06-29T00:15:34.356223,moyenne
BJ-2B6B63FC,ONG Santé ONG Gogounou,ONG & Associations,Gogounou,+229 22 16 82 57,,ongsantéonggogounou.bj,TPE (<10),B2C,CCIB Annuaire,,Actif,2026-06-29T00:15:34.356262,moyenne
BJ-A0B73F87,Environnement Association,ONG & Associations,Gogounou,+229 97 82 74 37,,environnementassociation.bj,TPE (<10),B2B,CCIB Annuaire,,Actif,2026-06-29T00:15:34.356295,moyenne
BJ-875E10ED,Club Santé,ONG & Associations,Gogounou,+229 77 94 52 78,,,PME (10-50),B2B,CCIB Annuaire,,Actif,2026-06-29T00:15:34.356320,basse
BJ-A31CF8C5,Société Femme Association,ONG & Associations,Gogounou,+229 48 38 63 82,,,PME (10-50),B2B,CCIB Annuaire,,Actif,2026-06-29T00:15:34.356370,basse
BJ-5E7D5686,Social Fondation,ONG & Associations,Cobly,+229 62 81 27 98,,,TPE (<10),B2B,CCIB Annuaire,,Actif,2026-06-29T00:15:34.356408,basse
BJ-6B74BDC5,Organisation Enfant Organisation,ONG & Associations,Cobly,+229 35 70 74 44,,,PME (10-50),B2C,CCIB Annuaire,,Actif,2026-06-29T00:15:34.356441,basse
BJ-0148855D,Santé ONG,ONG & Associations,Cobly,+229 51 77 97 11,santé.ong@santé.ong.benin,santéong.bj,TPE (<10),B2C,CCIB Annuaire,,Actif,2026-06-29T00:15:34.356483,haute
BJ-5B6B3AED,Organisation Éducation Cobly,ONG & Associations,Cobly,+229 79 99 60 45,organisation.éducation.cobly@organisation.éducation.cobly.org,organisationéducationcobly.bj,TPE (<10),B2C,CCIB Annuaire,,Actif,2026-06-29T00:15:34.356511,haute
BJ-F3EC5543,Enfant Bénin,ONG & Associations,Cobly,+229 28 29 50 99,enfant.bénin@enfant.bénin.org,enfantbénin.bj,PME (50-200),B2B,CCIB Annuaire,,Actif,2026-06-29T00:15:34.356540,haute
BJ-21239674,Femme Bénin,ONG & Associations,Tanguiéta,+229 39 49 37 83,femme.bénin@femme.bénin.benin,,TPE (<10),B2B,CCIB Annuaire,,Actif,2026-06-29T00:15:34.356581,moyenne
BJ-A041F042,Fondation Social Africa,ONG & Associations,Tanguiéta,+229 78 11 45 64,fondation.social.africa@fondation.social.africa.org,fondationsocialafrica.bj,TPE (<10),B2B,CCIB Annuaire,,Actif,2026-06-29T00:15:34.356612,haute
BJ-03D21053,Solidarité Africa,ONG & Associations,Tanguiéta,+229 82 34 80 26,solidarité.africa@solidarité.africa.net,,TPE (<10),B2B,CCIB Annuaire,,Actif,2026-06-29T00:15:34.356637,moyenne
BJ-1DA0BF7E,Femme Tanguiéta,ONG & Associations,Tanguiéta,+229 28 10 26 97,,femmetanguiéta.bj,PME (50-200),B2B,CCIB Annuaire,,Actif,2026-06-29T00:15:34.356664,moyenne
BJ-F760DF31,Fondation Santé,ONG & Associations,Tanguiéta,+229 93 41 54 65,fondation.santé@fondation.santé.benin,fondationsanté.bj,TPE (<10),B2C,CCIB Annuaire,,Actif,2026-06-29T00:15:34.356694,haute
BJ-258C5592,Société Solidarité,ONG & Associations,Matéri,+229 96 82 37 71,société.solidarité@société.solidarité.bj,sociétésolidarité.bj,PME (50-200),B2B,CCIB Annuaire,,Actif,2026-06-29T00:15:34.356716,haute
BJ-954DCC3C,Association Santé Matéri,ONG & Associations,Matéri,+229 78 12 11 19,,associationsantématéri.bj,PME (50-200),B2C,CCIB Annuaire,,Actif,2026-06-29T00:15:34.356736,moyenne
BJ-B94E1B8A,Club Sport,ONG & Associations,Matéri,+229 79 13 38 52,club.sport@club.sport.net,clubsport.bj,TPE (<10),B2C,CCIB Annuaire,,Actif,2026-06-29T00:15:34.356750,haute
BJ-9D5E3D01,Association Droits,ONG & Associations,Matéri,+229 98 42 96 42,,associationdroits.bj,TPE (<10),B2C,CCIB Annuaire,,Actif,2026-06-29T00:15:34.356761,moyenne
BJ-63435A14,Club Solidarité Bénin,ONG & Associations,Matéri,+229 80 76 21 90,,clubsolidaritébénin.bj,Grande (>200),B2C,CCIB Annuaire,,Actif,2026-06-29T00:15:34.356773,moyenne
BJ-2FB08AD6,Association Humanitaire International,ONG & Associations,Natitingou,+229 46 84 32 68,association.humanitaire.international@association.humanitaire.international.bj,,TPE (<10),B2C,CCIB Annuaire,,Actif,2026-06-29T00:15:34.356795,moyenne
BJ-8978C4D6,Jeunesse Bénin,ONG & Associations,Natitingou,+229 21 14 97 89,,,PME (50-200),B2C,CCIB Annuaire,,Actif,2026-06-29T00:15:34.356806,basse
BJ-858D17B7,Fondation Culture Fondation,ONG & Associations,Natitingou,+229 25 27 19 60,,,PME (50-200),B2C,CCIB Annuaire,,Actif,2026-06-29T00:15:34.356829,basse
BJ-FB9C0391,Club Humanitaire Organisation Natitingou,ONG & Associations,Natitingou,+229 29 45 18 10,,clubhumanitaireorganisationnatitingou.bj,TPE (<10),B2B,CCIB Annuaire,,Actif,2026-06-29T00:15:34.356841,moyenne
BJ-2E17B40D,Environnement,ONG & Associations,Toucountouna,+229 29 12 68 84,,environnement.bj,PME (50-200),B2B,CCIB Annuaire,,Actif,2026-06-29T00:15:34.356871,moyenne
BJ-8A9872D8,Enfant Association Toucountouna,ONG & Associations,Toucountouna,+229 22 33 99 78,enfant.association.toucountouna@enfant.association.toucountouna.bj,,PME (10-50),B2B,CCIB Annuaire,,Actif,2026-06-29T00:15:34.356884,moyenne
BJ-7FEAECB8,Association Éducation Organisation Toucountouna,ONG & Associations,Toucountouna,+229 76 19 37 74,,,TPE (<10),B2C,CCIB Annuaire,,Actif,2026-06-29T00:15:34.356921,basse
BJ-D83F3B26,ONG Humanitaire International,ONG & Associations,Toucountouna,+229 52 91 86 40,,onghumanitaireinternational.bj,Grande (>200),B2C,CCIB Annuaire,,Actif,2026-06-29T00:15:34.356943,moyenne
BJ-27BBF98B,Développement Bénin,ONG & Associations,Boukoumbé,+229 83 61 59 27,développement.bénin@développement.bénin.benin,,TPE (<10),B2C,CCIB Annuaire,,Actif,2026-06-29T00:15:34.356987,moyenne
BJ-225C07A7,Humanitaire Boukoumbé,ONG & Associations,Boukoumbé,+229 47 53 40 76,humanitaire.boukoumbé@humanitaire.boukoumbé.com,,PME (50-200),B2B,CCIB Annuaire,,Actif,2026-06-29T00:15:34.357002,moyenne
BJ-AA451B0C,Association Environnement,ONG & Associations,Boukoumbé,+229 37 29 82 63,,,TPE (<10),B2B,CCIB Annuaire,,Actif,2026-06-29T00:15:34.357013,basse
BJ-15F481F6,Société Femme,ONG & Associations,Boukoumbé,+229 93 80 12 86,,sociétéfemme.bj,Grande (>200),B2C,CCIB Annuaire,,Actif,2026-06-29T00:15:34.357025,moyenne
BJ-89E0556B,ONG Environnement,ONG & Associations,Boukoumbé,+229 78 19 75 35,ong.environnement@ong.environnement.benin,ongenvironnement.bj,TPE (<10),B2B,CCIB Annuaire,,Actif,2026-06-29T00:15:34.357037,haute
BJ-584A5329,Club Femme,ONG & Associations,Kouandé,+229 31 40 20 29,club.femme@club.femme.com,clubfemme.bj,PME (50-200),B2B,CCIB Annuaire,,Actif,2026-06-29T00:15:34.357059,haute
BJ-D49B36C0,ONG Aide Association Kouandé,ONG & Associations,Kouandé,+229 30 88 68 89,,ongaideassociationkouandé.bj,TPE (<10),B2C,CCIB Annuaire,,Actif,2026-06-29T00:15:34.357074,moyenne
BJ-B057E480,ONG Jeunesse,ONG & Associations,Kouandé,+229 56 68 19 93,ong.jeunesse@ong.jeunesse.org,,TPE (<10),B2B,CCIB Annuaire,,Actif,2026-06-29T00:15:34.357096,moyenne
BJ-A0EEBFB6,Club Sport,ONG & Associations,Kouandé,+229 70 35 11 85,club.sport@club.sport.bj,clubsport.bj,PME (10-50),B2B,CCIB Annuaire,,Actif,2026-06-29T00:15:34.357108,haute
BJ-A52BAE24,Jeunesse Association,ONG & Associations,Péhunco,+229 47 73 33 79,,,TPE (<10),B2B,CCIB Annuaire,,Actif,2026-06-29T00:15:34.357124,basse
BJ-B94F9490,Société Culture Africa,ONG & Associations,Péhunco,+229 26 10 39 42,,sociétécultureafrica.bj,PME (50-200),B2B,CCIB Annuaire,,Actif,2026-06-29T00:15:34.357136,moyenne
BJ-B15ABCB7,Club Santé,ONG & Associations,Péhunco,+229 42 82 82 19,club.santé@club.santé.com,clubsanté.bj,TPE (<10),B2C,CCIB Annuaire,,Actif,2026-06-29T00:15:34.357148,haute
BJ-DB68CF1B,Fondation Jeunesse,ONG & Associations,Péhunco,+229 42 27 98 43,,fondationjeunesse.bj,Grande (>200),B2B,CCIB Annuaire,,Actif,2026-06-29T00:15:34.357159,moyenne
BJ-CE5E64FD,Club Humanitaire,ONG & Associations,Péhunco,+229 78 53 50 68,,clubhumanitaire.bj,PME (10-50),B2B,CCIB Annuaire,,Actif,2026-06-29T00:15:34.357169,moyenne
BJ-95477FEB,Fondation Droits Africa,ONG & Associations,Tchaourou,+229 33 59 66 63,fondation.droits.africa@fondation.droits.africa.org,fondationdroitsafrica.bj,TPE (<10),B2B,CCIB Annuaire,,Actif,2026-06-29T00:15:34.357190,haute
BJ-F6F4B9E3,Association Aide,ONG & Associations,Tchaourou,+229 60 67 92 23,,associationaide.bj,Grande (>200),B2B,CCIB Annuaire,,Actif,2026-06-29T00:15:34.357205,moyenne
BJ-C825E717,Humanitaire Fondation,ONG & Associations,Tchaourou,+229 84 86 51 91,humanitaire.fondation@humanitaire.fondation.com,,PME (10-50),B2B,CCIB Annuaire,,Actif,2026-06-29T00:15:34.357219,moyenne
BJ-1A8E5B5D,Environnement Organisation,ONG & Associations,Tchaourou,+229 89 90 95 71,,environnementorganisation.bj,TPE (<10),B2C,CCIB Annuaire,,Actif,2026-06-29T00:15:34.357230,moyenne
BJ-1DC0C934,Aide Africa,ONG & Associations,Tchaourou,+229 84 67 37 68,,,TPE (<10),B2B,CCIB Annuaire,,Actif,2026-06-29T00:15:34.357239,basse
BJ-857BAC39,Association Santé,ONG & Associations,Nikki,+229 51 50 69 58,association.santé@association.santé.bj,associationsanté.bj,PME (10-50),B2B,CCIB Annuaire,,Actif,2026-06-29T00:15:34.357257,haute
BJ-033EFDEB,Droits Association,ONG & Associations,Nikki,+229 50 49 72 53,droits.association@droits.association.com,droitsassociation.bj,Grande (>200),B2C,CCIB Annuaire,,Actif,2026-06-29T00:15:34.357269,haute
BJ-702A816E,Jeunesse,ONG & Associations,Nikki,+229 89 55 55 17,,jeunesse.bj,PME (10-50),B2C,CCIB Annuaire,,Actif,2026-06-29T00:15:34.357279,moyenne
BJ-BF53F3E3,Société Environnement Africa Nikki,ONG & Associations,Nikki,+229 28 74 42 78,société.environnement.africa.nikki@société.environnement.africa.nikki.org,,PME (50-200),B2C,CCIB Annuaire,,Actif,2026-06-29T00:15:34.357303,moyenne
BJ-F9D08FC5,Association Éducation,ONG & Associations,Bembéréké,+229 23 43 77 89,,,PME (10-50),B2B,CCIB Annuaire,,Actif,2026-06-29T00:15:34.357319,basse
BJ-7986AA9E,ONG Culture Association,ONG & Associations,Bembéréké,+229 20 38 22 45,,,TPE (<10),B2B,CCIB Annuaire,,Actif,2026-06-29T00:15:34.357332,basse
BJ-E8BA5ED7,Développement,ONG & Associations,Bembéréké,+229 53 47 57 83,développement@développement.net,,PME (10-50),B2C,CCIB Annuaire,,Actif,2026-06-29T00:15:34.357343,moyenne
BJ-5C2A558F,Droits Organisation,ONG & Associations,Bembéréké,+229 36 13 91 71,,,TPE (<10),B2C,CCIB Annuaire,,Actif,2026-06-29T00:15:34.357353,basse
BJ-0C06DCD1,Sport Fondation Bembéréké,ONG & Associations,Bembéréké,+229 97 47 59 13,,,Grande (>200),B2C,CCIB Annuaire,,Actif,2026-06-29T00:15:34.357363,basse
BJ-E06C7EE1,Association Solidarité,ONG & Associations,Kalalé,+229 30 75 56 87,association.solidarité@association.solidarité.bj,,Grande (>200),B2C,CCIB Annuaire,,Actif,2026-06-29T00:15:34.357380,moyenne
BJ-11A2A0F9,ONG Solidarité,ONG & Associations,Kalalé,+229 60 71 41 45,ong.solidarité@ong.solidarité.bj,,PME (10-50),B2B,CCIB Annuaire,,Actif,2026-06-29T00:15:34.357392,moyenne
BJ-E7C0FF4F,Société Éducation Kalalé,ONG & Associations,Kalalé,+229 76 16 27 17,,sociétééducationkalalé.bj,PME (50-200),B2C,CCIB Annuaire,,Actif,2026-06-29T00:15:34.357404,moyenne
BJ-283C02AA,Aide Bénin Kalalé,ONG & Associations,Kalalé,+229 47 31 29 65,aide.bénin.kalalé@aide.bénin.kalalé.bj,,TPE (<10),B2B,CCIB Annuaire,,Actif,2026-06-29T00:15:34.357428,moyenne
BJ-05F3B0E9,Fondation Éducation Fondation,ONG & Associations,Ndali,+229 42 19 80 33,fondation.éducation.fondation@fondation.éducation.fondation.bj,fondationéducationfondation.bj,PME (50-200),B2B,CCIB Annuaire,,Actif,2026-06-29T00:15:34.357446,haute
BJ-95FAAB56,Développement Association,ONG & Associations,Ndali,+229 30 13 57 93,développement.association@développement.association.net,développementassociation.bj,TPE (<10),B2B,CCIB Annuaire,,Actif,2026-06-29T00:15:34.357462,haute
BJ-B83F4CE9,Association Humanitaire,ONG & Associations,Ndali,+229 64 40 55 85,,associationhumanitaire.bj,TPE (<10),B2B,CCIB Annuaire,,Actif,2026-06-29T00:15:34.357473,moyenne
BJ-87626F05,Société Éducation Bénin,ONG & Associations,Ndali,+229 64 69 38 33,société.éducation.bénin@société.éducation.bénin.org,,TPE (<10),B2B,CCIB Annuaire,,Actif,2026-06-29T00:15:34.357485,moyenne
BJ-769BFF37,Club Aide Bénin,ONG & Associations,Ndali,+229 30 52 13 52,,clubaidebénin.bj,TPE (<10),B2B,CCIB Annuaire,,Actif,2026-06-29T00:15:34.357496,moyenne
BJ-876A8D76,Association Aide,ONG & Associations,Ségbana,+229 52 67 15 38,association.aide@association.aide.bj,associationaide.bj,TPE (<10),B2B,CCIB Annuaire,,Actif,2026-06-29T00:15:34.357512,haute
BJ-CC2171BB,Enfant International,ONG & Associations,Ségbana,+229 81 85 84 60,enfant.international@enfant.international.com,enfantinternational.bj,TPE (<10),B2C,CCIB Annuaire,,Actif,2026-06-29T00:15:34.357524,haute
BJ-2552D429,Droits Organisation,ONG & Associations,Ségbana,+229 34 54 34 25,droits.organisation@droits.organisation.benin,droitsorganisation.bj,PME (10-50),B2B,CCIB Annuaire,,Actif,2026-06-29T00:15:34.357536,haute
BJ-C76828FC,Club Enfant Tchaourou,ONG & Associations,Tchaourou,+229 96 86 76 11,,,TPE (<10),B2C,CCIB Annuaire,,Actif,2026-06-29T00:15:34.357608,basse
BJ-DD0DC19B,ONG Solidarité Fondation Tchaourou,ONG & Associations,Tchaourou,+229 69 34 38 25,,ongsolidaritéfondationtchaourou.bj,PME (50-200),B2C,CCIB Annuaire,,Actif,2026-06-29T00:15:34.357619,moyenne
BJ-97864909,Femme Bénin Tchaourou,ONG & Associations,Tchaourou,+229 88 69 85 31,,femmebénintchaourou.bj,TPE (<10),B2C,CCIB Annuaire,,Actif,2026-06-29T00:15:34.357630,moyenne
BJ-6EFDADF2,Fondation Environnement Bénin,ONG & Associations,Bétérou,+229 44 23 39 19,fondation.environnement.bénin@fondation.environnement.bénin.bj,,TPE (<10),B2C,CCIB Annuaire,,Actif,2026-06-29T00:15:34.357650,moyenne
BJ-5FD3FE9C,Environnement Fondation,ONG & Associations,Bétérou,+229 27 39 46 35,environnement.fondation@environnement.fondation.org,,PME (10-50),B2B,CCIB Annuaire,,Actif,2026-06-29T00:15:34.357662,moyenne
BJ-2B0E41DD,Enfant,ONG & Associations,Bétérou,+229 20 94 89 65,enfant@enfant.org,,PME (10-50),B2B,CCIB Annuaire,,Actif,2026-06-29T00:15:34.357673,moyenne
BJ-C816F6E7,Jeunesse Association,ONG & Associations,Bétérou,+229 24 72 27 92,,,TPE (<10),B2C,CCIB Annuaire,,Actif,2026-06-29T00:15:34.357683,basse
BJ-296E25ED,Société Aide International,ONG & Associations,Bétérou,+229 33 85 36 89,,,Grande (>200),B2B,CCIB Annuaire,,Actif,2026-06-29T00:15:34.357693,basse
BJ-C2B4C267,Organisation Humanitaire,ONG & Associations,Ouessè,+229 66 57 74 30,,,Grande (>200),B2C,CCIB Annuaire,,Actif,2026-06-29T00:15:34.357709,basse
BJ-F2C46729,Droits Ouessè,ONG & Associations,Ouessè,+229 22 42 46 36,droits.ouessè@droits.ouessè.org,,TPE (<10),B2C,CCIB Annuaire,,Actif,2026-06-29T00:15:34.357722,moyenne
BJ-EB712D5B,Club Développement International,ONG & Associations,Ouessè,+229 25 34 54 87,,clubdéveloppementinternational.bj,TPE (<10),B2B,CCIB Annuaire,,Actif,2026-06-29T00:15:34.357734,moyenne
BJ-6EFC286D,Club Solidarité,ONG & Associations,Ouessè,+229 33 94 46 42,club.solidarité@club.solidarité.org,,TPE (<10),B2B,CCIB Annuaire,,Actif,2026-06-29T00:15:34.357757,moyenne
BJ-1C487F8C,Club Santé International,ONG & Associations,Glazoué,+229 67 99 56 97,,,PME (10-50),B2B,CCIB Annuaire,,Actif,2026-06-29T00:15:34.357773,basse
BJ-9D566B34,Solidarité Bénin Glazoué,ONG & Associations,Glazoué,+229 91 24 39 27,,solidaritébéninglazoué.bj,Grande (>200),B2C,CCIB Annuaire,,Actif,2026-06-29T00:15:34.357784,moyenne
BJ-D29A4BCE,Santé Bénin,ONG & Associations,Glazoué,+229 38 34 64 73,santé.bénin@santé.bénin.bj,santébénin.bj,Grande (>200),B2B,CCIB Annuaire,,Actif,2026-06-29T00:15:34.357796,haute
BJ-21690C8A,Éducation Fondation,ONG & Associations,Glazoué,+229 74 58 83 30,,,PME (10-50),B2C,CCIB Annuaire,,Actif,2026-06-29T00:15:34.357816,basse
BJ-078CC53E,Environnement Africa,ONG & Associations,Dassa-Zoumè,+229 56 29 14 33,environnement.africa@environnement.africa.net,environnementafrica.bj,PME (50-200),B2B,CCIB Annuaire,,Actif,2026-06-29T00:15:34.357833,haute
BJ-49EBEDB9,Solidarité Organisation,ONG & Associations,Dassa-Zoumè,+229 89 78 16 97,solidarité.organisation@solidarité.organisation.benin,,TPE (<10),B2C,CCIB Annuaire,,Actif,2026-06-29T00:15:34.357872,moyenne
BJ-1ADBAE1D,Environnement ONG,ONG & Associations,Dassa-Zoumè,+229 75 73 89 60,,,PME (50-200),B2C,CCIB Annuaire,,Actif,2026-06-29T00:15:34.357882,basse
BJ-A5D61B1B,Humanitaire,ONG & Associations,Savalou,+229 81 27 12 16,humanitaire@humanitaire.com,,PME (50-200),B2C,CCIB Annuaire,,Actif,2026-06-29T00:15:34.357925,moyenne
BJ-25BD3E93,Club Sport,ONG & Associations,Savalou,+229 27 47 79 73,,,TPE (<10),B2C,CCIB Annuaire,,Actif,2026-06-29T00:15:34.357949,basse
BJ-73C89353,Organisation Sport Savalou,ONG & Associations,Savalou,+229 95 68 53 17,organisation.sport.savalou@organisation.sport.savalou.net,organisationsportsavalou.bj,TPE (<10),B2C,CCIB Annuaire,,Actif,2026-06-29T00:15:34.357962,haute
BJ-1D45877B,Club Enfant Savalou,ONG & Associations,Savalou,+229 91 60 27 86,club.enfant.savalou@club.enfant.savalou.bj,,Grande (>200),B2C,CCIB Annuaire,,Actif,2026-06-29T00:15:34.357974,moyenne
BJ-845102E6,Association Droits,ONG & Associations,Savalou,+229 43 74 58 74,,associationdroits.bj,TPE (<10),B2B,CCIB Annuaire,,Actif,2026-06-29T00:15:34.357985,moyenne
BJ-B93D3AF1,Fondation Sport Africa,ONG & Associations,Bantè,+229 70 98 32 68,,fondationsportafrica.bj,PME (50-200),B2B,CCIB Annuaire,,Actif,2026-06-29T00:15:34.358034,moyenne
BJ-460AE6A9,Association Jeunesse,ONG & Associations,Bantè,+229 47 58 13 91,,associationjeunesse.bj,PME (50-200),B2C,CCIB Annuaire,,Actif,2026-06-29T00:15:34.358045,moyenne
BJ-A614EEEF,Organisation Développement Bantè,ONG & Associations,Bantè,+229 80 65 24 73,,,TPE (<10),B2B,CCIB Annuaire,,Actif,2026-06-29T00:15:34.358055,basse
BJ-B1009512,Association Sport Bénin,ONG & Associations,Djougou,+229 63 49 40 79,association.sport.bénin@association.sport.bénin.bj,,TPE (<10),B2C,CCIB Annuaire,,Actif,2026-06-29T00:15:34.358082,moyenne
BJ-A9C973AD,Organisation Solidarité,ONG & Associations,Djougou,+229 64 33 50 31,,,PME (10-50),B2B,CCIB Annuaire,,Actif,2026-06-29T00:15:34.358092,basse
BJ-D37C47C3,Culture Djougou,ONG & Associations,Djougou,+229 53 43 16 43,,,TPE (<10),B2B,CCIB Annuaire,,Actif,2026-06-29T00:15:34.358102,basse
BJ-6DA389A9,Organisation Social,ONG & Associations,Djougou,+229 68 51 58 87,,organisationsocial.bj,PME (10-50),B2C,CCIB Annuaire,,Actif,2026-06-29T00:15:34.358116,moyenne
BJ-71421A71,Droits ONG Djougou,ONG & Associations,Djougou,+229 50 84 63 46,droits.ong.djougou@droits.ong.djougou.net,,Grande (>200),B2B,CCIB Annuaire,,Actif,2026-06-29T00:15:34.358127,moyenne
BJ-98E88AC9,Sport,ONG & Associations,Ouèssè,+229 89 12 70 53,,sport.bj,TPE (<10),B2C,CCIB Annuaire,,Actif,2026-06-29T00:15:34.358143,moyenne
BJ-924A2290,Association Solidarité Fondation,ONG & Associations,Ouèssè,+229 37 75 84 19,,,TPE (<10),B2C,CCIB Annuaire,,Actif,2026-06-29T00:15:34.358156,basse
BJ-2E4D5D5B,Association Environnement ONG,ONG & Associations,Ouèssè,+229 27 86 26 32,,associationenvironnementong.bj,PME (10-50),B2B,CCIB Annuaire,,Actif,2026-06-29T00:15:34.358167,moyenne
BJ-B31C3B90,Club Éducation International,ONG & Associations,Ouèssè,+229 50 42 11 35,,,PME (50-200),B2C,CCIB Annuaire,,Actif,2026-06-29T00:15:34.358180,basse
BJ-C8FF17F7,ONG Solidarité Organisation,ONG & Associations,Ouèssè,+229 39 46 35 26,,,TPE (<10),B2C,CCIB Annuaire,,Actif,2026-06-29T00:15:34.358190,basse
BJ-40605F6E,ONG Santé,ONG & Associations,Bassila,+229 77 88 54 93,ong.santé@ong.santé.org,,PME (50-200),B2B,CCIB Annuaire,,Actif,2026-06-29T00:15:34.358217,moyenne
BJ-DFBB2CFC,Organisation Solidarité Bénin,ONG & Associations,Bassila,+229 41 36 14 60,,,PME (10-50),B2B,CCIB Annuaire,,Actif,2026-06-29T00:15:34.358226,basse
BJ-D0088D38,Association Environnement,ONG & Associations,Bassila,+229 94 14 88 69,association.environnement@association.environnement.benin,,PME (10-50),B2C,CCIB Annuaire,,Actif,2026-06-29T00:15:34.358247,moyenne
BJ-1E040082,Club Environnement Africa,ONG & Associations,Pehunco,+229 58 81 81 80,,clubenvironnementafrica.bj,PME (10-50),B2B,CCIB Annuaire,,Actif,2026-06-29T00:15:34.358263,moyenne
BJ-751F8731,Fondation Droits,ONG & Associations,Pehunco,+229 41 75 55 57,fondation.droits@fondation.droits.com,,PME (50-200),B2B,CCIB Annuaire,,Actif,2026-06-29T00:15:34.358277,moyenne
BJ-A06AB3EF,Santé ONG,ONG & Associations,Pehunco,+229 22 10 45 17,santé.ong@santé.ong.bj,,TPE (<10),B2C,CCIB Annuaire,,Actif,2026-06-29T00:15:34.358289,moyenne
BJ-906A33C7,Enfant Association,ONG & Associations,Pehunco,+229 36 45 61 76,enfant.association@enfant.association.benin,,PME (50-200),B2B,CCIB Annuaire,,Actif,2026-06-29T00:15:34.358300,moyenne
BJ-787CF3C8,Social Africa,ONG & Associations,Pehunco,+229 80 17 94 55,social.africa@social.africa.net,socialafrica.bj,PME (10-50),B2C,CCIB Annuaire,,Actif,2026-06-29T00:15:34.358311,haute
BJ-F3479B61,Société Sport Association Copargo,ONG & Associations,Copargo,+229 31 87 85 54,,,Grande (>200),B2C,CCIB Annuaire,,Actif,2026-06-29T00:15:34.358329,basse
BJ-FA5DDBE1,Enfant,ONG & Associations,Copargo,+229 32 15 44 75,enfant@enfant.bj,,TPE (<10),B2B,CCIB Annuaire,,Actif,2026-06-29T00:15:34.358344,moyenne
BJ-9CAA19DA,Aide International Copargo,ONG & Associations,Copargo,+229 68 22 43 95,,aideinternationalcopargo.bj,TPE (<10),B2B,CCIB Annuaire,,Actif,2026-06-29T00:15:34.358356,moyenne
BJ-A32CC6FA,Humanitaire Fondation,ONG & Associations,Copargo,+229 22 39 44 69,,humanitairefondation.bj,TPE (<10),B2C,CCIB Annuaire,,Actif,2026-06-29T00:15:34.358366,moyenne
BJ-71563198,ONG Droits Copargo,ONG & Associations,Copargo,+229 41 29 58 61,ong.droits.copargo@ong.droits.copargo.bj,,TPE (<10),B2C,CCIB Annuaire,,Actif,2026-06-29T00:15:34.358376,moyenne
BJ-B640C8D9,Groupe Électricité Africa Cotonou,BTP & Immobilier,Cotonou,+229 37 55 11 93,groupe.électricité.africa.cotonou@groupe.électricité.africa.cotonou.org,groupeélectricitéafricacotonou.bj,TPE (<10),B2B,APIEx,,Actif,2026-06-29T00:15:34.358401,haute
BJ-4234EDBA,Groupe Fondation Cabinet,BTP & Immobilier,Cotonou,+229 81 28 44 53,,groupefondationcabinet.bj,TPE (<10),B2B,APIEx,,Actif,2026-06-29T00:15:34.358415,moyenne
BJ-0D161736,Habitat Groupe,BTP & Immobilier,Cotonou,+229 71 11 73 30,habitat.groupe@habitat.groupe.com,habitatgroupe.bj,PME (50-200),B2C,APIEx,,Actif,2026-06-29T00:15:34.358428,haute
BJ-891679BC,SO Architecte Cabinet,BTP & Immobilier,Cotonou,+229 73 87 90 21,,soarchitectecabinet.bj,TPE (<10),B2B,APIEx,,Actif,2026-06-29T00:15:34.358439,moyenne
BJ-90BC0938,Urbanisme Ets,BTP & Immobilier,Cotonou,+229 79 85 83 90,,,PME (50-200),B2B,APIEx,,Actif,2026-06-29T00:15:34.358449,basse
BJ-6EBEAB1A,Groupe Habitat,BTP & Immobilier,Abomey-Calavi,+229 40 98 64 23,,,PME (10-50),B2C,APIEx,,Actif,2026-06-29T00:15:34.358464,basse
BJ-7B062660,Fondation Services,BTP & Immobilier,Abomey-Calavi,+229 41 41 78 44,fondation.services@fondation.services.net,,PME (50-200),B2B,APIEx,,Actif,2026-06-29T00:15:34.358475,moyenne
BJ-B29AF86A,SO Fondation,BTP & Immobilier,Abomey-Calavi,+229 79 46 86 18,,,PME (10-50),B2C,APIEx,,Actif,2026-06-29T00:15:34.358495,basse
BJ-51C365DA,Béton International Abomey-Calavi,BTP & Immobilier,Abomey-Calavi,+229 80 70 67 36,,bétoninternationalabomeycalavi.bj,PME (10-50),B2B,APIEx,,Actif,2026-06-29T00:15:34.358506,moyenne
BJ-43C7B0DF,Ets Béton Groupe Porto-Novo,BTP & Immobilier,Porto-Novo,+229 74 34 21 39,,etsbétongroupeportonovo.bj,TPE (<10),B2C,APIEx,,Actif,2026-06-29T00:15:34.358523,moyenne
BJ-42006C5C,SA Structure Groupe Porto-Novo,BTP & Immobilier,Porto-Novo,+229 70 63 51 13,sa.structure.groupe.portonovo@sa.structure.groupe.portonovo.net,,PME (10-50),B2B,APIEx,,Actif,2026-06-29T00:15:34.358538,moyenne
BJ-8F6FD92C,Immobilier,BTP & Immobilier,Porto-Novo,+229 38 19 89 30,immobilier@immobilier.org,immobilier.bj,TPE (<10),B2B,APIEx,,Actif,2026-06-29T00:15:34.358552,haute
BJ-447F251D,Habitat Services,BTP & Immobilier,Porto-Novo,+229 62 87 95 75,,habitatservices.bj,TPE (<10),B2B,APIEx,,Actif,2026-06-29T00:15:34.358563,moyenne
BJ-907665AB,Habitat Porto-Novo,BTP & Immobilier,Porto-Novo,+229 88 52 18 96,habitat.portonovo@habitat.portonovo.com,,PME (50-200),B2C,APIEx,,Actif,2026-06-29T00:15:34.358575,moyenne
BJ-34B48593,Fondation Ets,BTP & Immobilier,Parakou,+229 99 86 89 18,fondation.ets@fondation.ets.net,fondationets.bj,PME (10-50),B2C,APIEx,,Actif,2026-06-29T00:15:34.358591,haute
BJ-DC655D4E,Cabinet Immobilier,BTP & Immobilier,Parakou,+229 97 83 64 57,cabinet.immobilier@cabinet.immobilier.com,,TPE (<10),B2B,APIEx,,Actif,2026-06-29T00:15:34.358602,moyenne
BJ-AB307378,Ets Ingénierie,BTP & Immobilier,Parakou,+229 50 60 28 56,,etsingénierie.bj,PME (50-200),B2B,APIEx,,Actif,2026-06-29T00:15:34.358614,moyenne
BJ-9AB26A68,SARL Urbanisme,BTP & Immobilier,Parakou,+229 34 16 48 80,,sarlurbanisme.bj,PME (50-200),B2C,APIEx,,Actif,2026-06-29T00:15:34.358624,moyenne
BJ-B7906726,SO Urbanisme,BTP & Immobilier,Parakou,+229 47 24 78 41,so.urbanisme@so.urbanisme.bj,,Grande (>200),B2B,APIEx,,Actif,2026-06-29T00:15:34.358635,moyenne
BJ-B0D0DDC4,SA Urbanisme Services,BTP & Immobilier,Bohicon,+229 98 62 46 61,,saurbanismeservices.bj,PME (10-50),B2B,APIEx,,Actif,2026-06-29T00:15:34.358664,moyenne
BJ-A4BA0C42,SO Habitat Cabinet,BTP & Immobilier,Bohicon,+229 70 15 55 36,so.habitat.cabinet@so.habitat.cabinet.benin,sohabitatcabinet.bj,TPE (<10),B2C,APIEx,,Actif,2026-06-29T00:15:34.358676,haute
BJ-573D3E7C,SA Architecte,BTP & Immobilier,Bohicon,+229 93 79 27 24,,saarchitecte.bj,Grande (>200),B2B,APIEx,,Actif,2026-06-29T00:15:34.358687,moyenne
BJ-B63FCE87,BTP Électricité Services,BTP & Immobilier,Bohicon,+229 74 39 46 42,,,TPE (<10),B2C,APIEx,,Actif,2026-06-29T00:15:34.358698,basse
BJ-A2BF0DF0,Construction Ets,BTP & Immobilier,Natitingou,+229 72 60 65 22,construction.ets@construction.ets.net,constructionets.bj,PME (10-50),B2B,APIEx,,Actif,2026-06-29T00:15:34.358714,haute
BJ-A5798A31,Groupe Architecte Cabinet,BTP & Immobilier,Natitingou,+229 59 27 30 71,,,PME (10-50),B2B,APIEx,,Actif,2026-06-29T00:15:34.358728,basse
BJ-E5605683,SA Construction Bénin,BTP & Immobilier,Natitingou,+229 53 23 69 24,,saconstructionbénin.bj,TPE (<10),B2C,APIEx,,Actif,2026-06-29T00:15:34.358750,moyenne
BJ-4E44B464,Habitat,BTP & Immobilier,Lokossa,+229 90 17 49 60,habitat@habitat.org,,PME (10-50),B2B,APIEx,,Actif,2026-06-29T00:15:34.358778,moyenne
BJ-CB19071E,Construction Solutions,BTP & Immobilier,Lokossa,+229 98 36 77 88,construction.solutions@construction.solutions.org,constructionsolutions.bj,PME (10-50),B2B,APIEx,,Actif,2026-06-29T00:15:34.358796,haute
BJ-F772ADC3,Bâtiment International,BTP & Immobilier,Lokossa,+229 51 79 25 97,bâtiment.international@bâtiment.international.benin,bâtimentinternational.bj,PME (10-50),B2B,APIEx,,Actif,2026-06-29T00:15:34.358809,haute
BJ-12192397,Fondation,BTP & Immobilier,Lokossa,+229 69 98 44 38,,fondation.bj,PME (10-50),B2B,APIEx,,Actif,2026-06-29T00:15:34.358830,moyenne
BJ-38B6926B,Bâtiment,BTP & Immobilier,Ouidah,+229 60 76 60 85,bâtiment@bâtiment.com,bâtiment.bj,TPE (<10),B2B,APIEx,,Actif,2026-06-29T00:15:34.358847,haute
BJ-C5CCC28D,Habitat Bénin,BTP & Immobilier,Ouidah,+229 49 24 41 47,habitat.bénin@habitat.bénin.net,habitatbénin.bj,TPE (<10),B2C,APIEx,,Actif,2026-06-29T00:15:34.358860,haute
BJ-2349B855,SCI Urbanisme,BTP & Immobilier,Ouidah,+229 95 39 20 44,,,TPE (<10),B2B,APIEx,,Actif,2026-06-29T00:15:34.358870,basse
BJ-B7380EAB,Plomberie,BTP & Immobilier,Ouidah,+229 33 27 46 18,,plomberie.bj,TPE (<10),B2B,APIEx,,Actif,2026-06-29T00:15:34.358880,moyenne
BJ-93EB461E,Cabinet Architecte Solutions,BTP & Immobilier,Ouidah,+229 46 73 75 56,,,PME (10-50),B2C,APIEx,,Actif,2026-06-29T00:15:34.358897,basse
BJ-20FFF82F,Urbanisme,BTP & Immobilier,Savalou,+229 21 94 77 91,urbanisme@urbanisme.org,,TPE (<10),B2B,APIEx,,Actif,2026-06-29T00:15:34.358934,moyenne
BJ-9BC6031D,SARL Urbanisme Groupe,BTP & Immobilier,Savalou,+229 46 14 50 38,,sarlurbanismegroupe.bj,TPE (<10),B2B,APIEx,,Actif,2026-06-29T00:15:34.358949,moyenne
BJ-01E0D566,Cabinet Ingénierie Solutions,BTP & Immobilier,Savalou,+229 61 49 35 50,,cabinetingénieriesolutions.bj,PME (10-50),B2C,APIEx,,Actif,2026-06-29T00:15:34.358990,moyenne
BJ-3D9B643D,Béton Services,BTP & Immobilier,Savalou,+229 98 98 33 49,béton.services@béton.services.bj,bétonservices.bj,TPE (<10),B2B,APIEx,,Actif,2026-06-29T00:15:34.359002,haute
BJ-1AD0BF15,Immobilier Bénin,BTP & Immobilier,Dassa-Zoumè,+229 71 12 40 75,immobilier.bénin@immobilier.bénin.bj,,TPE (<10),B2C,APIEx,,Actif,2026-06-29T00:15:34.359019,moyenne
BJ-7AB89CF4,Bâtiment Dassa-Zoumè,BTP & Immobilier,Dassa-Zoumè,+229 20 37 37 90,bâtiment.dassazoumè@bâtiment.dassazoumè.benin,,TPE (<10),B2C,APIEx,,Actif,2026-06-29T00:15:34.359032,moyenne
BJ-7E2A0DB5,Maison Ets,BTP & Immobilier,Dassa-Zoumè,+229 36 19 69 84,,,TPE (<10),B2C,APIEx,,Actif,2026-06-29T00:15:34.359053,basse
BJ-07169884,Fondation SARL,BTP & Immobilier,Dassa-Zoumè,+229 86 33 56 35,,fondationsarl.bj,TPE (<10),B2C,APIEx,,Actif,2026-06-29T00:15:34.359064,moyenne
BJ-DCD058C9,Cabinet Travaux Kétou,BTP & Immobilier,Kétou,+229 87 72 20 53,,,TPE (<10),B2C,APIEx,,Actif,2026-06-29T00:15:34.359093,basse
BJ-9FCD92B7,Ingénierie Bénin,BTP & Immobilier,Kétou,+229 39 36 11 33,,,TPE (<10),B2B,APIEx,,Actif,2026-06-29T00:15:34.359104,basse
BJ-55D6CBD8,Plomberie International,BTP & Immobilier,Kétou,+229 40 12 29 93,,plomberieinternational.bj,PME (10-50),B2C,APIEx,,Actif,2026-06-29T00:15:34.359125,moyenne
BJ-40496BB9,SCI Toiture,BTP & Immobilier,Covè,+229 99 67 71 76,sci.toiture@sci.toiture.com,,TPE (<10),B2C,APIEx,,Actif,2026-06-29T00:15:34.359140,moyenne
BJ-2C83D22C,Cabinet Architecte Covè,BTP & Immobilier,Covè,+229 38 85 32 50,,,TPE (<10),B2C,APIEx,,Actif,2026-06-29T00:15:34.359150,basse
BJ-727650E5,Immobilier,BTP & Immobilier,Covè,+229 67 30 33 85,,immobilier.bj,Grande (>200),B2B,APIEx,,Actif,2026-06-29T00:15:34.359178,moyenne
BJ-3C58EFD4,Ets Structure Bénin Covè,BTP & Immobilier,Covè,+229 60 72 47 44,ets.structure.bénin.covè@ets.structure.bénin.covè.bj,,PME (10-50),B2C,APIEx,,Actif,2026-06-29T00:15:34.359193,moyenne
BJ-D0DEFA83,Électricité Pobè,BTP & Immobilier,Pobè,+229 38 27 93 23,électricité.pobè@électricité.pobè.com,,TPE (<10),B2B,APIEx,,Actif,2026-06-29T00:15:34.359210,moyenne
BJ-EA08BD2E,Groupe Habitat Pobè,BTP & Immobilier,Pobè,+229 68 60 88 70,groupe.habitat.pobè@groupe.habitat.pobè.net,groupehabitatpobè.bj,PME (50-200),B2B,APIEx,,Actif,2026-06-29T00:15:34.359226,haute
BJ-032080F6,Ingénierie Pobè,BTP & Immobilier,Pobè,+229 57 49 65 59,,,PME (10-50),B2B,APIEx,,Actif,2026-06-29T00:15:34.359236,basse
BJ-082ADEFC,SA Maison Pobè,BTP & Immobilier,Pobè,+229 58 99 95 39,sa.maison.pobè@sa.maison.pobè.bj,,PME (10-50),B2C,APIEx,,Actif,2026-06-29T00:15:34.359248,moyenne
BJ-D3C3B9FE,Béton,BTP & Immobilier,Pobè,+229 72 74 75 53,béton@béton.bj,béton.bj,TPE (<10),B2B,APIEx,,Actif,2026-06-29T00:15:34.359259,haute
BJ-AE773497,Immobilier SARL,BTP & Immobilier,Sakété,+229 95 71 32 95,immobilier.sarl@immobilier.sarl.benin,immobiliersarl.bj,TPE (<10),B2C,APIEx,,Actif,2026-06-29T00:15:34.359276,haute
BJ-0122DBCF,BTP Architecte,BTP & Immobilier,Sakété,+229 58 10 74 76,btp.architecte@btp.architecte.com,btparchitecte.bj,Grande (>200),B2B,APIEx,,Actif,2026-06-29T00:15:34.359288,haute
BJ-B68E7C25,Structure SARL Sakété,BTP & Immobilier,Sakété,+229 35 62 69 63,,,PME (50-200),B2C,APIEx,,Actif,2026-06-29T00:15:34.359298,basse
BJ-EE7776CB,Ets Toiture Cabinet,BTP & Immobilier,Sakété,+229 45 38 10 92,,etstoiturecabinet.bj,PME (50-200),B2B,APIEx,,Actif,2026-06-29T00:15:34.359308,moyenne
BJ-EBF38F81,Travaux Services,BTP & Immobilier,Sakété,+229 60 81 87 46,,,PME (50-200),B2B,APIEx,,Actif,2026-06-29T00:15:34.359318,basse
BJ-D561E650,Immobilier Bénin,BTP & Immobilier,Adjara,+229 58 25 73 81,immobilier.bénin@immobilier.bénin.benin,,TPE (<10),B2C,APIEx,,Actif,2026-06-29T00:15:34.359334,moyenne
BJ-75E96B6A,Construction Solutions Adjara,BTP & Immobilier,Adjara,+229 45 15 14 30,,,PME (10-50),B2C,APIEx,,Actif,2026-06-29T00:15:34.359348,basse
BJ-4C99F1D6,Cabinet Plomberie,BTP & Immobilier,Adjara,+229 82 81 15 27,cabinet.plomberie@cabinet.plomberie.com,cabinetplomberie.bj,PME (50-200),B2B,APIEx,,Actif,2026-06-29T00:15:34.359360,haute
BJ-A796CC37,SARL Architecte SA,BTP & Immobilier,Adjara,+229 71 65 83 63,sarl.architecte.sa@sarl.architecte.sa.bj,sarlarchitectesa.bj,PME (10-50),B2B,APIEx,,Actif,2026-06-29T00:15:34.359371,haute
BJ-B89925AD,Groupe Travaux,BTP & Immobilier,Adjara,+229 94 65 89 24,,groupetravaux.bj,TPE (<10),B2B,APIEx,,Actif,2026-06-29T00:15:34.359385,moyenne
BJ-98F1AFDD,Habitat,BTP & Immobilier,Allada,+229 84 39 54 33,habitat@habitat.bj,habitat.bj,TPE (<10),B2C,APIEx,,Actif,2026-06-29T00:15:34.359402,haute
BJ-4D29F12D,Groupe Urbanisme Cabinet,BTP & Immobilier,Allada,+229 38 83 80 39,,groupeurbanismecabinet.bj,PME (10-50),B2C,APIEx,,Actif,2026-06-29T00:15:34.359414,moyenne
BJ-7C4755CC,SA Immobilier Allada,BTP & Immobilier,Allada,+229 79 59 22 73,,saimmobilierallada.bj,PME (10-50),B2C,APIEx,,Actif,2026-06-29T00:15:34.359424,moyenne
BJ-F344357C,Groupe Architecte Cabinet,BTP & Immobilier,Allada,+229 27 39 22 43,,groupearchitectecabinet.bj,TPE (<10),B2B,APIEx,,Actif,2026-06-29T00:15:34.359435,moyenne
BJ-63C45DCC,SCI Bâtiment,BTP & Immobilier,Allada,+229 39 22 96 58,sci.bâtiment@sci.bâtiment.net,scibâtiment.bj,TPE (<10),B2B,APIEx,,Actif,2026-06-29T00:15:34.359446,haute
BJ-04247EBD,SARL Construction Aplahoué,BTP & Immobilier,Aplahoué,+229 40 12 50 82,sarl.construction.aplahoué@sarl.construction.aplahoué.net,sarlconstructionaplahoué.bj,PME (10-50),B2C,APIEx,,Actif,2026-06-29T00:15:34.359465,haute
BJ-03CC2867,Groupe Immobilier Aplahoué,BTP & Immobilier,Aplahoué,+229 58 50 19 79,groupe.immobilier.aplahoué@groupe.immobilier.aplahoué.bj,groupeimmobilieraplahoué.bj,PME (10-50),B2C,APIEx,,Actif,2026-06-29T00:15:34.359483,haute
BJ-0A41D8BC,BTP Construction,BTP & Immobilier,Aplahoué,+229 80 74 99 66,btp.construction@btp.construction.com,btpconstruction.bj,PME (10-50),B2C,APIEx,,Actif,2026-06-29T00:15:34.359496,haute
BJ-763D516B,Ingénierie,BTP & Immobilier,Aplahoué,+229 64 99 61 49,ingénierie@ingénierie.net,,PME (10-50),B2B,APIEx,,Actif,2026-06-29T00:15:34.359521,moyenne
BJ-7BA49680,Construction,BTP & Immobilier,Dogbo-Tota,+229 32 73 91 51,construction@construction.net,,PME (10-50),B2C,APIEx,,Actif,2026-06-29T00:15:34.359550,moyenne
BJ-09DD99ED,BTP Construction Cabinet Dogbo-Tota,BTP & Immobilier,Dogbo-Tota,+229 52 77 33 36,,,Grande (>200),B2C,APIEx,,Actif,2026-06-29T00:15:34.359560,basse
BJ-D89A08B8,SCI Électricité Solutions,BTP & Immobilier,Dogbo-Tota,+229 72 97 11 47,sci.électricité.solutions@sci.électricité.solutions.bj,sciélectricitésolutions.bj,Grande (>200),B2B,APIEx,,Actif,2026-06-29T00:15:34.359572,haute
BJ-6929D1D8,Structure SA Dogbo-Tota,BTP & Immobilier,Dogbo-Tota,+229 92 40 58 44,,structuresadogbotota.bj,TPE (<10),B2C,APIEx,,Actif,2026-06-29T00:15:34.359584,moyenne
BJ-475560C1,Structure SARL Kpomassè,BTP & Immobilier,Kpomassè,+229 32 58 42 45,,structuresarlkpomassè.bj,TPE (<10),B2B,APIEx,,Actif,2026-06-29T00:15:34.359604,moyenne
BJ-197A509D,SARL Architecte Kpomassè,BTP & Immobilier,Kpomassè,+229 64 74 33 74,,,TPE (<10),B2B,APIEx,,Actif,2026-06-29T00:15:34.359618,basse
BJ-D5BBCF9A,Ingénierie International,BTP & Immobilier,Kpomassè,+229 22 89 11 58,,ingénierieinternational.bj,TPE (<10),B2B,APIEx,,Actif,2026-06-29T00:15:34.359632,moyenne
BJ-898E4CCE,SARL Béton,BTP & Immobilier,Kpomassè,+229 32 46 86 73,,,TPE (<10),B2B,APIEx,,Actif,2026-06-29T00:15:34.359642,basse
BJ-33CCBDE4,Béton,BTP & Immobilier,Kpomassè,+229 94 84 85 96,béton@béton.com,,Grande (>200),B2B,APIEx,,Actif,2026-06-29T00:15:34.359653,moyenne
BJ-A777CB6A,BTP Maison SARL Tori-Bossito,BTP & Immobilier,Tori-Bossito,+229 97 14 99 11,btp.maison.sarl.toribossito@btp.maison.sarl.toribossito.benin,btpmaisonsarltoribossito.bj,PME (50-200),B2C,APIEx,,Actif,2026-06-29T00:15:34.359671,haute
BJ-DB679B72,Ets Immobilier,BTP & Immobilier,Tori-Bossito,+229 51 20 99 36,ets.immobilier@ets.immobilier.org,etsimmobilier.bj,PME (50-200),B2C,APIEx,,Actif,2026-06-29T00:15:34.359683,haute
BJ-6D3B74F9,SARL Béton Bénin,BTP & Immobilier,Tori-Bossito,+229 43 35 10 26,sarl.béton.bénin@sarl.béton.bénin.com,sarlbétonbénin.bj,PME (10-50),B2C,APIEx,,Actif,2026-06-29T00:15:34.359695,haute
BJ-2CD72DDB,Toiture Bénin Tori-Bossito,BTP & Immobilier,Tori-Bossito,+229 58 36 28 98,toiture.bénin.toribossito@toiture.bénin.toribossito.org,,TPE (<10),B2C,APIEx,,Actif,2026-06-29T00:15:34.359711,moyenne
BJ-C6EB818D,Ets Habitat SA,BTP & Immobilier,Tori-Bossito,+229 74 80 81 11,ets.habitat.sa@ets.habitat.sa.benin,etshabitatsa.bj,PME (10-50),B2B,APIEx,,Actif,2026-06-29T00:15:34.359723,haute
BJ-5BF10421,SO Toiture Cabinet,BTP & Immobilier,Grand-Popo,+229 49 96 76 71,so.toiture.cabinet@so.toiture.cabinet.bj,,TPE (<10),B2B,APIEx,,Actif,2026-06-29T00:15:34.359739,moyenne
BJ-56184B84,SCI Travaux International Grand-Popo,BTP & Immobilier,Grand-Popo,+229 42 62 98 97,sci.travaux.international.grandpopo@sci.travaux.international.grandpopo.benin,,TPE (<10),B2C,APIEx,,Actif,2026-06-29T00:15:34.359751,moyenne
BJ-866F621F,Habitat Ets,BTP & Immobilier,Grand-Popo,+229 50 97 35 74,,habitatets.bj,Grande (>200),B2C,APIEx,,Actif,2026-06-29T00:15:34.359762,moyenne
BJ-A54300E1,SARL Structure SARL,BTP & Immobilier,Grand-Popo,+229 98 23 81 28,sarl.structure.sarl@sarl.structure.sarl.net,,PME (50-200),B2C,APIEx,,Actif,2026-06-29T00:15:34.359776,moyenne
BJ-A4767611,Construction Grand-Popo,BTP & Immobilier,Grand-Popo,+229 69 61 61 33,construction.grandpopo@construction.grandpopo.com,constructiongrandpopo.bj,TPE (<10),B2B,APIEx,,Actif,2026-06-29T00:15:34.359788,haute
BJ-94B1AEF8,Habitat Services,BTP & Immobilier,Athiémé,+229 33 75 86 83,habitat.services@habitat.services.net,,TPE (<10),B2C,APIEx,,Actif,2026-06-29T00:15:34.359804,moyenne
BJ-95EA151C,Travaux Solutions,BTP & Immobilier,Athiémé,+229 34 55 28 61,,travauxsolutions.bj,TPE (<10),B2B,APIEx,,Actif,2026-06-29T00:15:34.359815,moyenne
BJ-53C63B95,Habitat Solutions,BTP & Immobilier,Athiémé,+229 56 45 57 23,habitat.solutions@habitat.solutions.net,,TPE (<10),B2B,APIEx,,Actif,2026-06-29T00:15:34.359829,moyenne
BJ-B8958F0F,BTP Travaux Athiémé,BTP & Immobilier,Athiémé,+229 97 70 38 99,btp.travaux.athiémé@btp.travaux.athiémé.bj,,PME (50-200),B2C,APIEx,,Actif,2026-06-29T00:15:34.359840,moyenne
BJ-777F9953,SO Urbanisme Cabinet Athiémé,BTP & Immobilier,Athiémé,+229 42 61 14 75,so.urbanisme.cabinet.athiémé@so.urbanisme.cabinet.athiémé.bj,sourbanismecabinetathiémé.bj,PME (10-50),B2C,APIEx,,Actif,2026-06-29T00:15:34.359853,haute
BJ-ED1B8E09,Architecte Bopa,BTP & Immobilier,Bopa,+229 26 60 13 85,,architectebopa.bj,TPE (<10),B2B,APIEx,,Actif,2026-06-29T00:15:34.359869,moyenne
BJ-2EF2E487,Habitat SA,BTP & Immobilier,Bopa,+229 36 79 90 15,habitat.sa@habitat.sa.benin,habitatsa.bj,TPE (<10),B2B,APIEx,,Actif,2026-06-29T00:15:34.359883,haute
BJ-4FB61819,Habitat,BTP & Immobilier,Bopa,+229 33 98 21 58,habitat@habitat.net,habitat.bj,PME (50-200),B2B,APIEx,,Actif,2026-06-29T00:15:34.359927,haute
BJ-93041085,Habitat International,BTP & Immobilier,Bopa,+229 27 74 74 79,,habitatinternational.bj,PME (50-200),B2C,APIEx,,Actif,2026-06-29T00:15:34.359943,moyenne
BJ-C4787DEF,SARL Construction Africa,BTP & Immobilier,Bopa,+229 68 70 80 58,sarl.construction.africa@sarl.construction.africa.benin,sarlconstructionafrica.bj,TPE (<10),B2C,APIEx,,Actif,2026-06-29T00:15:34.359972,haute
BJ-AED9262A,Construction Ets,BTP & Immobilier,Houéyogbé,+229 70 10 99 61,construction.ets@construction.ets.org,,PME (10-50),B2B,APIEx,,Actif,2026-06-29T00:15:34.359989,moyenne
BJ-4806D569,Toiture Groupe,BTP & Immobilier,Houéyogbé,+229 62 47 74 84,toiture.groupe@toiture.groupe.com,toituregroupe.bj,TPE (<10),B2B,APIEx,,Actif,2026-06-29T00:15:34.360001,haute
BJ-D7A4EC3D,Habitat SARL,BTP & Immobilier,Houéyogbé,+229 65 31 44 43,,habitatsarl.bj,Grande (>200),B2C,APIEx,,Actif,2026-06-29T00:15:34.360012,moyenne
BJ-65651EEF,Ingénierie Ets Houéyogbé,BTP & Immobilier,Houéyogbé,+229 85 42 82 21,ingénierie.ets.houéyogbé@ingénierie.ets.houéyogbé.net,,TPE (<10),B2B,APIEx,,Actif,2026-06-29T00:15:34.360036,moyenne
BJ-CBE2F1DC,Urbanisme,BTP & Immobilier,Malanville,+229 38 99 62 72,urbanisme@urbanisme.org,urbanisme.bj,PME (50-200),B2C,APIEx,,Actif,2026-06-29T00:15:34.360053,haute
BJ-4846782E,Plomberie Cabinet Malanville,BTP & Immobilier,Malanville,+229 32 64 53 53,,plomberiecabinetmalanville.bj,TPE (<10),B2B,APIEx,,Actif,2026-06-29T00:15:34.360066,moyenne
BJ-3239940B,Fondation,BTP & Immobilier,Malanville,+229 58 95 53 73,fondation@fondation.org,,PME (10-50),B2B,APIEx,,Actif,2026-06-29T00:15:34.360080,moyenne
BJ-C5FFBB9A,Groupe Électricité,BTP & Immobilier,Malanville,+229 47 42 16 83,groupe.électricité@groupe.électricité.net,,PME (50-200),B2C,APIEx,,Actif,2026-06-29T00:15:34.360092,moyenne
BJ-00AF07B2,Plomberie,BTP & Immobilier,Malanville,+229 51 23 87 19,,,TPE (<10),B2C,APIEx,,Actif,2026-06-29T00:15:34.360102,basse
BJ-91F2CAD8,Construction,BTP & Immobilier,Kandi,+229 53 72 69 67,construction@construction.net,,TPE (<10),B2B,APIEx,,Actif,2026-06-29T00:15:34.360118,moyenne
BJ-8BA830EC,Cabinet Bâtiment,BTP & Immobilier,Kandi,+229 26 72 59 25,,cabinetbâtiment.bj,TPE (<10),B2B,APIEx,,Actif,2026-06-29T00:15:34.360130,moyenne
BJ-CA7D6138,Groupe Urbanisme Ets Kandi,BTP & Immobilier,Kandi,+229 82 18 30 79,groupe.urbanisme.ets.kandi@groupe.urbanisme.ets.kandi.benin,,PME (50-200),B2C,APIEx,,Actif,2026-06-29T00:15:34.360141,moyenne
BJ-6EC6E509,Habitat Groupe Kandi,BTP & Immobilier,Kandi,+229 33 10 99 68,habitat.groupe.kandi@habitat.groupe.kandi.com,habitatgroupekandi.bj,Grande (>200),B2C,APIEx,,Actif,2026-06-29T00:15:34.360153,haute
BJ-65B31CE1,SA Maison Solutions,BTP & Immobilier,Banikoara,+229 41 83 29 20,sa.maison.solutions@sa.maison.solutions.benin,,PME (10-50),B2B,APIEx,,Actif,2026-06-29T00:15:34.360180,moyenne
BJ-AA9648DD,Maison Bénin Banikoara,BTP & Immobilier,Banikoara,+229 24 99 72 73,maison.bénin.banikoara@maison.bénin.banikoara.bj,maisonbéninbanikoara.bj,PME (10-50),B2C,APIEx,,Actif,2026-06-29T00:15:34.360195,haute
BJ-C0181F6B,SO Architecte,BTP & Immobilier,Banikoara,+229 34 98 10 15,so.architecte@so.architecte.net,soarchitecte.bj,Grande (>200),B2C,APIEx,,Actif,2026-06-29T00:15:34.360207,haute
BJ-36E9298A,Groupe Urbanisme,BTP & Immobilier,Banikoara,+229 86 24 26 38,groupe.urbanisme@groupe.urbanisme.com,groupeurbanisme.bj,PME (50-200),B2C,APIEx,,Actif,2026-06-29T00:15:34.360218,haute
BJ-067EE5EE,SARL Immobilier Africa,BTP & Immobilier,Banikoara,+229 67 58 50 18,sarl.immobilier.africa@sarl.immobilier.africa.benin,sarlimmobilierafrica.bj,PME (10-50),B2B,APIEx,,Actif,2026-06-29T00:15:34.360229,haute
BJ-83D3F111,SA Maison Ets,BTP & Immobilier,Ségbana,+229 47 54 28 47,sa.maison.ets@sa.maison.ets.bj,samaisonets.bj,PME (10-50),B2C,APIEx,,Actif,2026-06-29T00:15:34.360257,haute
BJ-0FFCB70D,SO Béton,BTP & Immobilier,Ségbana,+229 31 80 91 81,so.béton@so.béton.com,,Grande (>200),B2B,APIEx,,Actif,2026-06-29T00:15:34.360272,moyenne
BJ-2BE86278,Béton Groupe,BTP & Immobilier,Ségbana,+229 97 34 12 98,béton.groupe@béton.groupe.org,,TPE (<10),B2C,APIEx,,Actif,2026-06-29T00:15:34.360287,moyenne
BJ-D68F8D9B,Habitat International,BTP & Immobilier,Ségbana,+229 58 10 91 43,,,PME (10-50),B2C,APIEx,,Actif,2026-06-29T00:15:34.360297,basse
BJ-83074E9E,Cabinet Maison SARL Karimama,BTP & Immobilier,Karimama,+229 54 51 19 72,,cabinetmaisonsarlkarimama.bj,PME (10-50),B2C,APIEx,,Actif,2026-06-29T00:15:34.360314,moyenne
BJ-E506FA8F,Ets Béton,BTP & Immobilier,Karimama,+229 94 14 67 58,ets.béton@ets.béton.com,,PME (50-200),B2C,APIEx,,Actif,2026-06-29T00:15:34.360331,moyenne
BJ-2EFA1A60,Groupe Béton Bénin,BTP & Immobilier,Karimama,+229 82 26 91 72,groupe.béton.bénin@groupe.béton.bénin.net,groupebétonbénin.bj,PME (10-50),B2B,APIEx,,Actif,2026-06-29T00:15:34.360344,haute
BJ-47E80425,SARL Immobilier SARL,BTP & Immobilier,Karimama,+229 93 87 60 18,,,Grande (>200),B2B,APIEx,,Actif,2026-06-29T00:15:34.360354,basse
BJ-B8BC2D31,SA Structure SARL Karimama,BTP & Immobilier,Karimama,+229 39 71 27 82,sa.structure.sarl.karimama@sa.structure.sarl.karimama.benin,sastructuresarlkarimama.bj,PME (10-50),B2B,APIEx,,Actif,2026-06-29T00:15:34.360366,haute
BJ-21071838,SCI Ingénierie,BTP & Immobilier,Gogounou,+229 38 99 52 30,sci.ingénierie@sci.ingénierie.com,sciingénierie.bj,TPE (<10),B2C,APIEx,,Actif,2026-06-29T00:15:34.360384,haute
BJ-C52B0A70,Bâtiment,BTP & Immobilier,Gogounou,+229 55 18 16 72,,bâtiment.bj,PME (10-50),B2B,APIEx,,Actif,2026-06-29T00:15:34.360395,moyenne
BJ-52AF8F56,Toiture SARL Gogounou,BTP & Immobilier,Gogounou,+229 70 32 70 72,toiture.sarl.gogounou@toiture.sarl.gogounou.benin,,TPE (<10),B2C,APIEx,,Actif,2026-06-29T00:15:34.360407,moyenne
BJ-0DF9D2A9,Immobilier,BTP & Immobilier,Gogounou,+229 23 48 97 59,immobilier@immobilier.com,,PME (10-50),B2B,APIEx,,Actif,2026-06-29T00:15:34.360418,moyenne
BJ-0BA5AD31,Fondation SA,BTP & Immobilier,Gogounou,+229 61 95 97 31,fondation.sa@fondation.sa.benin,fondationsa.bj,TPE (<10),B2C,APIEx,,Actif,2026-06-29T00:15:34.360429,haute
BJ-7E9129E4,BTP Travaux International,BTP & Immobilier,Cobly,+229 60 43 33 50,,btptravauxinternational.bj,TPE (<10),B2B,APIEx,,Actif,2026-06-29T00:15:34.360445,moyenne
BJ-6E6EA141,Ets Fondation,BTP & Immobilier,Cobly,+229 77 66 22 85,ets.fondation@ets.fondation.com,etsfondation.bj,TPE (<10),B2C,APIEx,,Actif,2026-06-29T00:15:34.360460,haute
BJ-97999DE4,Architecte Bénin,BTP & Immobilier,Cobly,+229 99 48 79 23,,architectebénin.bj,TPE (<10),B2B,APIEx,,Actif,2026-06-29T00:15:34.360471,moyenne
BJ-A164F976,SO Béton Ets Cobly,BTP & Immobilier,Cobly,+229 24 66 18 29,so.béton.ets.cobly@so.béton.ets.cobly.net,sobétonetscobly.bj,PME (50-200),B2C,APIEx,,Actif,2026-06-29T00:15:34.360483,haute
BJ-3E2F77FB,Fondation SARL,BTP & Immobilier,Cobly,+229 32 79 28 42,fondation.sarl@fondation.sarl.net,,PME (50-200),B2B,APIEx,,Actif,2026-06-29T00:15:34.360497,moyenne
BJ-D10440FE,Immobilier International,BTP & Immobilier,Tanguiéta,+229 57 81 19 11,immobilier.international@immobilier.international.benin,immobilierinternational.bj,TPE (<10),B2C,APIEx,,Actif,2026-06-29T00:15:34.360514,haute
BJ-9035E3FC,Ets Maison,BTP & Immobilier,Tanguiéta,+229 23 88 95 58,,etsmaison.bj,PME (50-200),B2C,APIEx,,Actif,2026-06-29T00:15:34.360525,moyenne
BJ-ED91A935,Structure Cabinet,BTP & Immobilier,Tanguiéta,+229 88 93 48 66,,,PME (10-50),B2B,APIEx,,Actif,2026-06-29T00:15:34.360535,basse
BJ-473CF6FE,Béton SA,BTP & Immobilier,Tanguiéta,+229 35 49 95 53,béton.sa@béton.sa.benin,bétonsa.bj,TPE (<10),B2B,APIEx,,Actif,2026-06-29T00:15:34.360550,haute
BJ-9508BF4D,SARL Électricité,BTP & Immobilier,Tanguiéta,+229 95 79 96 54,sarl.électricité@sarl.électricité.bj,sarlélectricité.bj,PME (50-200),B2C,APIEx,,Actif,2026-06-29T00:15:34.360563,haute
BJ-678C3316,BTP Toiture,BTP & Immobilier,Matéri,+229 59 94 21 82,btp.toiture@btp.toiture.net,,TPE (<10),B2C,APIEx,,Actif,2026-06-29T00:15:34.360580,moyenne
BJ-2E58F1D1,SARL Fondation,BTP & Immobilier,Matéri,+229 76 11 11 66,sarl.fondation@sarl.fondation.benin,sarlfondation.bj,PME (10-50),B2B,APIEx,,Actif,2026-06-29T00:15:34.360594,haute
BJ-FE1AF9BE,Toiture,BTP & Immobilier,Matéri,+229 85 55 63 59,toiture@toiture.com,toiture.bj,TPE (<10),B2C,APIEx,,Actif,2026-06-29T00:15:34.360605,haute
BJ-3F69B5BB,Fondation SARL,BTP & Immobilier,Matéri,+229 47 81 72 22,,fondationsarl.bj,PME (50-200),B2C,APIEx,,Actif,2026-06-29T00:15:34.360616,moyenne
BJ-0FCBFE04,SARL Travaux Matéri,BTP & Immobilier,Matéri,+229 48 12 37 99,,,PME (10-50),B2C,APIEx,,Actif,2026-06-29T00:15:34.360626,basse
BJ-77766208,Groupe Structure,BTP & Immobilier,Natitingou,+229 31 80 12 96,groupe.structure@groupe.structure.com,,PME (10-50),B2B,APIEx,,Actif,2026-06-29T00:15:34.360642,moyenne
BJ-DC022C37,Toiture Services,BTP & Immobilier,Natitingou,+229 51 39 35 79,,,PME (50-200),B2B,APIEx,,Actif,2026-06-29T00:15:34.360652,basse
BJ-A2EE29C0,SARL Structure Ets Natitingou,BTP & Immobilier,Natitingou,+229 92 87 53 46,sarl.structure.ets.natitingou@sarl.structure.ets.natitingou.benin,sarlstructureetsnatitingou.bj,PME (50-200),B2B,APIEx,,Actif,2026-06-29T00:15:34.360664,haute
BJ-B6F86BB7,BTP Habitat Africa,BTP & Immobilier,Natitingou,+229 21 57 25 61,btp.habitat.africa@btp.habitat.africa.net,,PME (50-200),B2B,APIEx,,Actif,2026-06-29T00:15:34.360674,moyenne
BJ-59D3FE16,BTP Urbanisme Services,BTP & Immobilier,Natitingou,+229 47 28 20 89,btp.urbanisme.services@btp.urbanisme.services.org,btpurbanismeservices.bj,PME (50-200),B2C,APIEx,,Actif,2026-06-29T00:15:34.360689,haute
BJ-D71A0A51,Béton SA,BTP & Immobilier,Toucountouna,+229 24 47 91 52,béton.sa@béton.sa.bj,bétonsa.bj,TPE (<10),B2B,APIEx,,Actif,2026-06-29T00:15:34.360706,haute
BJ-AB50A775,Ingénierie Groupe,BTP & Immobilier,Toucountouna,+229 48 31 13 69,ingénierie.groupe@ingénierie.groupe.bj,ingénieriegroupe.bj,TPE (<10),B2C,APIEx,,Actif,2026-06-29T00:15:34.360721,haute
BJ-C1E57FF7,Maison SARL,BTP & Immobilier,Toucountouna,+229 30 83 24 30,maison.sarl@maison.sarl.com,maisonsarl.bj,TPE (<10),B2B,APIEx,,Actif,2026-06-29T00:15:34.360733,haute
BJ-9F6F9B98,SARL Toiture Cabinet,BTP & Immobilier,Toucountouna,+229 46 30 58 13,,sarltoiturecabinet.bj,PME (10-50),B2C,APIEx,,Actif,2026-06-29T00:15:34.360744,moyenne
BJ-D8C7F09E,Électricité Toucountouna,BTP & Immobilier,Toucountouna,+229 29 75 53 15,,,PME (10-50),B2B,APIEx,,Actif,2026-06-29T00:15:34.360754,basse
BJ-7AEC282F,Cabinet Urbanisme,BTP & Immobilier,Boukoumbé,+229 53 44 31 39,,,PME (50-200),B2B,APIEx,,Actif,2026-06-29T00:15:34.360769,basse
BJ-32F521D8,Immobilier Africa Boukoumbé,BTP & Immobilier,Boukoumbé,+229 75 94 56 60,immobilier.africa.boukoumbé@immobilier.africa.boukoumbé.org,,Grande (>200),B2B,APIEx,,Actif,2026-06-29T00:15:34.360792,moyenne
BJ-219FB762,SA Construction,BTP & Immobilier,Boukoumbé,+229 42 35 10 20,,,TPE (<10),B2C,APIEx,,Actif,2026-06-29T00:15:34.360802,basse
BJ-C7BB5ABB,Toiture Boukoumbé,BTP & Immobilier,Boukoumbé,+229 82 92 84 97,toiture.boukoumbé@toiture.boukoumbé.org,toitureboukoumbé.bj,PME (50-200),B2C,APIEx,,Actif,2026-06-29T00:15:34.360814,haute
BJ-9B858D5C,BTP Structure,BTP & Immobilier,Kouandé,+229 48 50 66 93,,,PME (10-50),B2C,APIEx,,Actif,2026-06-29T00:15:34.360829,basse
BJ-66832CD3,Ets Toiture Bénin Kouandé,BTP & Immobilier,Kouandé,+229 41 84 16 43,ets.toiture.bénin.kouandé@ets.toiture.bénin.kouandé.org,,TPE (<10),B2B,APIEx,,Actif,2026-06-29T00:15:34.360844,moyenne
BJ-3FFF8F59,Groupe Urbanisme Groupe,BTP & Immobilier,Kouandé,+229 39 32 39 10,,,PME (10-50),B2B,APIEx,,Actif,2026-06-29T00:15:34.360868,basse
BJ-8CA4A4DB,Toiture Groupe Kouandé,BTP & Immobilier,Kouandé,+229 60 98 55 55,toiture.groupe.kouandé@toiture.groupe.kouandé.org,toituregroupekouandé.bj,TPE (<10),B2B,APIEx,,Actif,2026-06-29T00:15:34.360927,haute
BJ-009D10E2,Construction,BTP & Immobilier,Kouandé,+229 53 35 14 81,,construction.bj,TPE (<10),B2B,APIEx,,Actif,2026-06-29T00:15:34.360957,moyenne
BJ-3050169B,SCI Structure Péhunco,BTP & Immobilier,Péhunco,+229 46 23 54 57,,,TPE (<10),B2B,APIEx,,Actif,2026-06-29T00:15:34.360994,basse
BJ-EFF2D857,Ets Travaux,BTP & Immobilier,Péhunco,+229 76 32 55 40,ets.travaux@ets.travaux.org,,TPE (<10),B2C,APIEx,,Actif,2026-06-29T00:15:34.361009,moyenne
BJ-BF52F1EA,Architecte Bénin,BTP & Immobilier,Péhunco,+229 79 87 60 93,,,PME (10-50),B2B,APIEx,,Actif,2026-06-29T00:15:34.361033,basse
BJ-5EBC03D8,Fondation Cabinet,BTP & Immobilier,Péhunco,+229 56 39 29 60,,,TPE (<10),B2B,APIEx,,Actif,2026-06-29T00:15:34.361043,basse
BJ-ADC34574,Ingénierie SARL,BTP & Immobilier,Tchaourou,+229 96 56 14 65,ingénierie.sarl@ingénierie.sarl.benin,ingénieriesarl.bj,PME (10-50),B2C,APIEx,,Actif,2026-06-29T00:15:34.361064,haute
BJ-483F42A1,Ingénierie,BTP & Immobilier,Tchaourou,+229 60 32 42 91,,,PME (50-200),B2B,APIEx,,Actif,2026-06-29T00:15:34.361078,basse
BJ-6DB1E8DC,SARL Fondation,BTP & Immobilier,Tchaourou,+229 82 61 16 75,,sarlfondation.bj,PME (50-200),B2C,APIEx,,Actif,2026-06-29T00:15:34.361118,moyenne
BJ-506DF30A,Groupe Maison Solutions Tchaourou,BTP & Immobilier,Tchaourou,+229 83 32 49 11,,groupemaisonsolutionstchaourou.bj,TPE (<10),B2B,APIEx,,Actif,2026-06-29T00:15:34.361144,moyenne
BJ-221F1349,Fondation Solutions Nikki,BTP & Immobilier,Nikki,+229 71 89 31 44,fondation.solutions.nikki@fondation.solutions.nikki.net,,PME (50-200),B2B,APIEx,,Actif,2026-06-29T00:15:34.361161,moyenne
BJ-9629994C,Immobilier,BTP & Immobilier,Nikki,+229 89 45 86 70,,,Grande (>200),B2C,APIEx,,Actif,2026-06-29T00:15:34.361172,basse
BJ-DC6ED290,SCI Immobilier Nikki,BTP & Immobilier,Nikki,+229 55 76 14 81,sci.immobilier.nikki@sci.immobilier.nikki.bj,,Grande (>200),B2C,APIEx,,Actif,2026-06-29T00:15:34.361183,moyenne
BJ-B2C41616,SA Urbanisme,BTP & Immobilier,Nikki,+229 61 92 86 59,,saurbanisme.bj,PME (50-200),B2B,APIEx,,Actif,2026-06-29T00:15:34.361194,moyenne
BJ-93A683AF,Fondation SA,BTP & Immobilier,Nikki,+229 87 79 12 92,fondation.sa@fondation.sa.bj,fondationsa.bj,PME (10-50),B2B,APIEx,,Actif,2026-06-29T00:15:34.361219,haute
BJ-85B444FE,Construction Cabinet,BTP & Immobilier,Bembéréké,+229 24 41 23 42,,,PME (10-50),B2B,APIEx,,Actif,2026-06-29T00:15:34.361235,basse
BJ-08F41C6F,SO Urbanisme Groupe,BTP & Immobilier,Bembéréké,+229 76 75 37 58,so.urbanisme.groupe@so.urbanisme.groupe.benin,,TPE (<10),B2B,APIEx,,Actif,2026-06-29T00:15:34.361250,moyenne
BJ-699B61BC,Cabinet Construction International,BTP & Immobilier,Bembéréké,+229 50 78 87 52,cabinet.construction.international@cabinet.construction.international.net,,PME (10-50),B2B,APIEx,,Actif,2026-06-29T00:15:34.361261,moyenne
BJ-74B1741B,SARL Habitat,BTP & Immobilier,Bembéréké,+229 79 87 75 40,sarl.habitat@sarl.habitat.benin,,TPE (<10),B2B,APIEx,,Actif,2026-06-29T00:15:34.361275,moyenne
BJ-B0783F75,BTP Fondation Africa,BTP & Immobilier,Bembéréké,+229 30 83 52 24,,,TPE (<10),B2B,APIEx,,Actif,2026-06-29T00:15:34.361287,basse
BJ-88B4F81E,SCI Urbanisme Bénin,BTP & Immobilier,Kalalé,+229 49 27 86 64,sci.urbanisme.bénin@sci.urbanisme.bénin.com,,PME (10-50),B2C,APIEx,,Actif,2026-06-29T00:15:34.361305,moyenne
BJ-05489D0B,Construction Kalalé,BTP & Immobilier,Kalalé,+229 75 51 33 55,,,PME (50-200),B2C,APIEx,,Actif,2026-06-29T00:15:34.361315,basse
BJ-C49858DC,Architecte Ets,BTP & Immobilier,Kalalé,+229 25 55 47 85,architecte.ets@architecte.ets.org,,Grande (>200),B2B,APIEx,,Actif,2026-06-29T00:15:34.361326,moyenne
BJ-160CC20C,SCI Construction Kalalé,BTP & Immobilier,Kalalé,+229 96 15 84 52,sci.construction.kalalé@sci.construction.kalalé.bj,,PME (50-200),B2B,APIEx,,Actif,2026-06-29T00:15:34.361338,moyenne
BJ-997C8842,SCI Immobilier Solutions,BTP & Immobilier,Kalalé,+229 39 11 34 16,,sciimmobiliersolutions.bj,PME (10-50),B2C,APIEx,,Actif,2026-06-29T00:15:34.361349,moyenne
BJ-E9B7FF5A,Architecte Solutions Ndali,BTP & Immobilier,Ndali,+229 27 63 31 48,,,PME (10-50),B2C,APIEx,,Actif,2026-06-29T00:15:34.361365,basse
BJ-BF8CB9FA,SARL Immobilier,BTP & Immobilier,Ndali,+229 85 12 91 31,,,PME (10-50),B2C,APIEx,,Actif,2026-06-29T00:15:34.361378,basse
BJ-08F639F8,Groupe Architecte,BTP & Immobilier,Ndali,+229 36 62 10 15,groupe.architecte@groupe.architecte.net,,TPE (<10),B2C,APIEx,,Actif,2026-06-29T00:15:34.361396,moyenne
BJ-1D99729F,SO Travaux,BTP & Immobilier,Ndali,+229 51 57 75 44,,sotravaux.bj,PME (50-200),B2B,APIEx,,Actif,2026-06-29T00:15:34.361407,moyenne
BJ-B7729252,SARL Béton Ets,BTP & Immobilier,Ségbana,+229 50 94 93 11,,,PME (50-200),B2C,APIEx,,Actif,2026-06-29T00:15:34.361433,basse
BJ-A5E91483,Ets Immobilier,BTP & Immobilier,Ségbana,+229 84 65 69 31,ets.immobilier@ets.immobilier.com,,PME (10-50),B2C,APIEx,,Actif,2026-06-29T00:15:34.361444,moyenne
BJ-F8EBF5D4,SA Urbanisme,BTP & Immobilier,Ségbana,+229 83 91 18 54,,saurbanisme.bj,Grande (>200),B2B,APIEx,,Actif,2026-06-29T00:15:34.361454,moyenne
BJ-5CE73AE6,BTP Plomberie Groupe,BTP & Immobilier,Ségbana,+229 79 11 43 15,btp.plomberie.groupe@btp.plomberie.groupe.org,,TPE (<10),B2C,APIEx,,Actif,2026-06-29T00:15:34.361465,moyenne
BJ-80AFE423,Maison Bénin,BTP & Immobilier,Tchaourou,+229 21 28 30 48,,,TPE (<10),B2C,APIEx,,Actif,2026-06-29T00:15:34.361494,basse
BJ-134E9332,BTP Urbanisme Solutions,BTP & Immobilier,Tchaourou,+229 86 26 20 82,btp.urbanisme.solutions@btp.urbanisme.solutions.com,,PME (10-50),B2B,APIEx,,Actif,2026-06-29T00:15:34.361509,moyenne
BJ-8A0B569F,Architecte,BTP & Immobilier,Tchaourou,+229 49 83 11 59,,,TPE (<10),B2C,APIEx,,Actif,2026-06-29T00:15:34.361520,basse
BJ-28D1C5DD,SO Structure Services,BTP & Immobilier,Tchaourou,+229 69 21 44 30,so.structure.services@so.structure.services.bj,,PME (10-50),B2C,APIEx,,Actif,2026-06-29T00:15:34.361530,moyenne
BJ-03925E6F,Groupe Architecte Africa,BTP & Immobilier,Tchaourou,+229 46 44 35 55,groupe.architecte.africa@groupe.architecte.africa.com,groupearchitecteafrica.bj,PME (10-50),B2C,APIEx,,Actif,2026-06-29T00:15:34.361542,haute
BJ-74B0CE6E,SO Architecte Africa,BTP & Immobilier,Bétérou,+229 21 10 85 40,,soarchitecteafrica.bj,PME (50-200),B2B,APIEx,,Actif,2026-06-29T00:15:34.361559,moyenne
BJ-4EC0AC14,SA Architecte Bétérou,BTP & Immobilier,Bétérou,+229 38 84 27 93,,saarchitectebétérou.bj,PME (10-50),B2B,APIEx,,Actif,2026-06-29T00:15:34.361570,moyenne
BJ-EBA8AF5C,Béton,BTP & Immobilier,Bétérou,+229 98 86 78 68,béton@béton.benin,,TPE (<10),B2B,APIEx,,Actif,2026-06-29T00:15:34.361582,moyenne
BJ-A3C0C48B,SO Bâtiment,BTP & Immobilier,Bétérou,+229 48 12 94 83,so.bâtiment@so.bâtiment.org,sobâtiment.bj,TPE (<10),B2B,APIEx,,Actif,2026-06-29T00:15:34.361594,haute
BJ-0F51CAF7,Ets Urbanisme Cabinet,BTP & Immobilier,Bétérou,+229 77 59 76 60,ets.urbanisme.cabinet@ets.urbanisme.cabinet.bj,,PME (10-50),B2C,APIEx,,Actif,2026-06-29T00:15:34.361604,moyenne
BJ-E227CC07,Cabinet Travaux Solutions,BTP & Immobilier,Ouessè,+229 98 92 44 37,,,PME (10-50),B2B,APIEx,,Actif,2026-06-29T00:15:34.361634,basse
BJ-C49E5E30,Béton SA,BTP & Immobilier,Ouessè,+229 83 17 94 80,,bétonsa.bj,TPE (<10),B2C,APIEx,,Actif,2026-06-29T00:15:34.361646,moyenne
BJ-CD38F1A3,Électricité,BTP & Immobilier,Ouessè,+229 23 46 45 76,,électricité.bj,PME (10-50),B2B,APIEx,,Actif,2026-06-29T00:15:34.361668,moyenne
BJ-824F6C93,Immobilier Africa,BTP & Immobilier,Glazoué,+229 97 17 53 38,immobilier.africa@immobilier.africa.net,,PME (50-200),B2C,APIEx,,Actif,2026-06-29T00:15:34.361685,moyenne
BJ-6AA3A4C2,Immobilier,BTP & Immobilier,Glazoué,+229 48 83 66 69,immobilier@immobilier.com,,PME (10-50),B2B,APIEx,,Actif,2026-06-29T00:15:34.361695,moyenne
BJ-78E13F67,Bâtiment Ets,BTP & Immobilier,Glazoué,+229 86 17 18 82,bâtiment.ets@bâtiment.ets.benin,,PME (10-50),B2B,APIEx,,Actif,2026-06-29T00:15:34.361720,moyenne
BJ-028E919D,Construction Solutions,BTP & Immobilier,Glazoué,+229 25 33 44 55,construction.solutions@construction.solutions.benin,constructionsolutions.bj,TPE (<10),B2B,APIEx,,Actif,2026-06-29T00:15:34.361753,haute
BJ-3B6C2485,Urbanisme Bénin,BTP & Immobilier,Glazoué,+229 21 67 26 82,urbanisme.bénin@urbanisme.bénin.org,urbanismebénin.bj,TPE (<10),B2B,APIEx,,Actif,2026-06-29T00:15:34.361782,haute
BJ-FB6CA7C1,SCI Électricité,BTP & Immobilier,Dassa-Zoumè,+229 67 74 37 97,,,PME (10-50),B2B,APIEx,,Actif,2026-06-29T00:15:34.361815,basse
BJ-36BAF415,SA Fondation SA Dassa-Zoumè,BTP & Immobilier,Dassa-Zoumè,+229 86 51 71 72,,,PME (10-50),B2C,APIEx,,Actif,2026-06-29T00:15:34.361841,basse
BJ-5CEE83FF,Maison SA,BTP & Immobilier,Dassa-Zoumè,+229 29 95 39 72,,maisonsa.bj,Grande (>200),B2C,APIEx,,Actif,2026-06-29T00:15:34.361866,moyenne
BJ-C20310EB,Maison Dassa-Zoumè,BTP & Immobilier,Dassa-Zoumè,+229 22 18 60 54,,,PME (50-200),B2B,APIEx,,Actif,2026-06-29T00:15:34.361897,basse
BJ-3A85A6AB,Urbanisme,BTP & Immobilier,Dassa-Zoumè,+229 96 90 41 66,urbanisme@urbanisme.com,,PME (10-50),B2B,APIEx,,Actif,2026-06-29T00:15:34.361943,moyenne
BJ-8051EE6A,Toiture,BTP & Immobilier,Savalou,+229 63 66 43 30,,,TPE (<10),B2C,APIEx,,Actif,2026-06-29T00:15:34.361962,basse
BJ-FF57EFDC,Ets Toiture SARL,BTP & Immobilier,Savalou,+229 53 13 42 34,,etstoituresarl.bj,Grande (>200),B2C,APIEx,,Actif,2026-06-29T00:15:34.361974,moyenne
BJ-F0B37E16,Cabinet Béton Groupe,BTP & Immobilier,Savalou,+229 26 88 11 32,cabinet.béton.groupe@cabinet.béton.groupe.net,,TPE (<10),B2B,APIEx,,Actif,2026-06-29T00:15:34.361986,moyenne
BJ-08AB2640,Maison International Savalou,BTP & Immobilier,Savalou,+229 44 81 60 66,maison.international.savalou@maison.international.savalou.net,maisoninternationalsavalou.bj,PME (10-50),B2B,APIEx,,Actif,2026-06-29T00:15:34.362024,haute
BJ-A1B72A1F,SARL Urbanisme,BTP & Immobilier,Bantè,+229 33 57 18 59,,sarlurbanisme.bj,PME (10-50),B2C,APIEx,,Actif,2026-06-29T00:15:34.362056,moyenne
BJ-BD4153BE,Groupe Béton Africa,BTP & Immobilier,Bantè,+229 72 22 18 33,,,TPE (<10),B2C,APIEx,,Actif,2026-06-29T00:15:34.362067,basse
BJ-B8853C0E,Ets Immobilier SA,BTP & Immobilier,Bantè,+229 40 98 52 49,ets.immobilier.sa@ets.immobilier.sa.com,,PME (50-200),B2B,APIEx,,Actif,2026-06-29T00:15:34.362081,moyenne
BJ-5E9D3406,Travaux International,BTP & Immobilier,Bantè,+229 70 47 68 67,travaux.international@travaux.international.net,,TPE (<10),B2B,APIEx,,Actif,2026-06-29T00:15:34.362092,moyenne
BJ-1EDE5DA8,Plomberie Services,BTP & Immobilier,Djougou,+229 75 16 14 56,plomberie.services@plomberie.services.net,,PME (50-200),B2C,APIEx,,Actif,2026-06-29T00:15:34.362109,moyenne
BJ-68638490,Maison SA,BTP & Immobilier,Djougou,+229 20 54 68 92,,maisonsa.bj,TPE (<10),B2B,APIEx,,Actif,2026-06-29T00:15:34.362120,moyenne
BJ-6D706E44,Groupe Maison Ets,BTP & Immobilier,Djougou,+229 50 49 27 70,groupe.maison.ets@groupe.maison.ets.bj,groupemaisonets.bj,TPE (<10),B2C,APIEx,,Actif,2026-06-29T00:15:34.362131,haute
BJ-3F805336,Structure Solutions,BTP & Immobilier,Djougou,+229 42 25 87 66,structure.solutions@structure.solutions.benin,,TPE (<10),B2C,APIEx,,Actif,2026-06-29T00:15:34.362142,moyenne
BJ-0D8AF2B3,Plomberie,BTP & Immobilier,Djougou,+229 33 85 92 82,plomberie@plomberie.org,,PME (10-50),B2B,APIEx,,Actif,2026-06-29T00:15:34.362153,moyenne
BJ-CFD8FE17,Construction Bénin,BTP & Immobilier,Ouèssè,+229 53 75 94 63,construction.bénin@construction.bénin.org,,PME (10-50),B2B,APIEx,,Actif,2026-06-29T00:15:34.362171,moyenne
BJ-6F762FF2,Ets Bâtiment Cabinet,BTP & Immobilier,Ouèssè,+229 47 31 42 84,ets.bâtiment.cabinet@ets.bâtiment.cabinet.bj,,PME (10-50),B2B,APIEx,,Actif,2026-06-29T00:15:34.362186,moyenne
BJ-F5E7E26F,BTP Ingénierie,BTP & Immobilier,Ouèssè,+229 55 48 68 10,,,Grande (>200),B2B,APIEx,,Actif,2026-06-29T00:15:34.362198,basse
BJ-BCB2CE2A,SARL Travaux Groupe,BTP & Immobilier,Ouèssè,+229 36 85 38 80,sarl.travaux.groupe@sarl.travaux.groupe.benin,sarltravauxgroupe.bj,Grande (>200),B2C,APIEx,,Actif,2026-06-29T00:15:34.362210,haute
BJ-27809C74,Ets Ingénierie Groupe,BTP & Immobilier,Ouèssè,+229 71 67 24 98,ets.ingénierie.groupe@ets.ingénierie.groupe.net,etsingénieriegroupe.bj,TPE (<10),B2B,APIEx,,Actif,2026-06-29T00:15:34.362225,haute
BJ-CC19B222,SCI Bâtiment Solutions,BTP & Immobilier,Bassila,+229 93 36 31 80,,,TPE (<10),B2B,APIEx,,Actif,2026-06-29T00:15:34.362242,basse
BJ-E7869CDE,BTP Bâtiment,BTP & Immobilier,Bassila,+229 21 93 17 34,,btpbâtiment.bj,TPE (<10),B2C,APIEx,,Actif,2026-06-29T00:15:34.362253,moyenne
BJ-4CB12462,Bâtiment,BTP & Immobilier,Bassila,+229 20 65 60 31,bâtiment@bâtiment.net,bâtiment.bj,TPE (<10),B2C,APIEx,,Actif,2026-06-29T00:15:34.362282,haute
BJ-6F29A4EF,Groupe Travaux,BTP & Immobilier,Bassila,+229 85 93 45 73,,groupetravaux.bj,PME (10-50),B2B,APIEx,,Actif,2026-06-29T00:15:34.362311,moyenne
BJ-F17260C9,Cabinet Construction SARL,BTP & Immobilier,Bassila,+229 61 11 91 58,,,TPE (<10),B2C,APIEx,,Actif,2026-06-29T00:15:34.362321,basse
BJ-9B4226CB,Architecte Bénin,BTP & Immobilier,Pehunco,+229 27 89 97 88,architecte.bénin@architecte.bénin.org,architectebénin.bj,PME (50-200),B2C,APIEx,,Actif,2026-06-29T00:15:34.362340,haute
BJ-750B6B44,SO Architecte SA,BTP & Immobilier,Pehunco,+229 42 94 46 77,,soarchitectesa.bj,TPE (<10),B2C,APIEx,,Actif,2026-06-29T00:15:34.362358,moyenne
BJ-7F014E6D,Immobilier Solutions,BTP & Immobilier,Pehunco,+229 48 78 24 94,,,TPE (<10),B2B,APIEx,,Actif,2026-06-29T00:15:34.362381,basse
BJ-D9476646,Immobilier Groupe,BTP & Immobilier,Pehunco,+229 75 48 78 33,immobilier.groupe@immobilier.groupe.benin,,PME (10-50),B2B,APIEx,,Actif,2026-06-29T00:15:34.362392,moyenne
BJ-CBF9331B,Béton,BTP & Immobilier,Pehunco,+229 37 27 29 79,béton@béton.bj,,PME (10-50),B2C,APIEx,,Actif,2026-06-29T00:15:34.362403,moyenne
BJ-DD7E03C9,SARL Urbanisme Solutions,BTP & Immobilier,Copargo,+229 44 20 12 80,,,TPE (<10),B2C,APIEx,,Actif,2026-06-29T00:15:34.362419,basse
BJ-EFF8855A,SA Bâtiment Bénin,BTP & Immobilier,Copargo,+229 90 33 43 76,,sabâtimentbénin.bj,PME (50-200),B2B,APIEx,,Actif,2026-06-29T00:15:34.362433,moyenne
BJ-14E06CE8,SCI Habitat,BTP & Immobilier,Copargo,+229 37 50 87 24,sci.habitat@sci.habitat.benin,scihabitat.bj,PME (10-50),B2B,APIEx,,Actif,2026-06-29T00:15:34.362445,haute
BJ-B3B45296,Habitat,BTP & Immobilier,Copargo,+229 81 51 67 70,habitat@habitat.com,,TPE (<10),B2B,APIEx,,Actif,2026-06-29T00:15:34.362456,moyenne
BJ-F2A1EC57,Ets Électricité,BTP & Immobilier,Copargo,+229 54 13 55 77,,etsélectricité.bj,Grande (>200),B2C,APIEx,,Actif,2026-06-29T00:15:34.362467,moyenne
BJ-A63A8D14,Commerce Supply,Commerce & Distribution,Cotonou,+229 91 79 51 35,,,TPE (<10),B2B/B2C,APIEx,,Actif,2026-06-29T00:15:34.362484,basse
BJ-F9530354,SARL Boutique,Commerce & Distribution,Cotonou,+229 77 70 60 36,sarl.boutique@sarl.boutique.benin,,TPE (<10),B2B/B2C,APIEx,,Actif,2026-06-29T00:15:34.362498,moyenne
BJ-4A79BE68,Super Distribution Shop,Commerce & Distribution,Cotonou,+229 97 49 60 20,,,TPE (<10),B2C,APIEx,,Actif,2026-06-29T00:15:34.362508,basse
BJ-9B85FAE5,Supply Groupe Cotonou,Commerce & Distribution,Cotonou,+229 22 81 81 78,supply.groupe.cotonou@supply.groupe.cotonou.net,,Grande (>200),B2B/B2C,APIEx,,Actif,2026-06-29T00:15:34.362519,moyenne
BJ-1A66A005,Commerce Stock Market,Commerce & Distribution,Abomey-Calavi,+229 40 47 60 81,,commercestockmarket.bj,TPE (<10),B2C,APIEx,,Actif,2026-06-29T00:15:34.362550,moyenne
BJ-3C03314C,Commerce Alimentaire International Abomey-Calavi,Commerce & Distribution,Abomey-Calavi,+229 59 28 44 45,,,Grande (>200),B2B/B2C,APIEx,,Actif,2026-06-29T00:15:34.362564,basse
BJ-938785C0,Marché Bénin,Commerce & Distribution,Abomey-Calavi,+229 64 56 37 80,,marchébénin.bj,TPE (<10),B2C,APIEx,,Actif,2026-06-29T00:15:34.362575,moyenne
BJ-0C70BCA3,Super Épicerie SARL,Commerce & Distribution,Abomey-Calavi,+229 48 32 27 76,,,TPE (<10),B2C,APIEx,,Actif,2026-06-29T00:15:34.362586,basse
BJ-3ED6DA12,Ets Supply,Commerce & Distribution,Abomey-Calavi,+229 29 76 50 26,,,PME (50-200),B2B/B2C,APIEx,,Actif,2026-06-29T00:15:34.362596,basse
BJ-5162CFB4,Ets Épicerie SARL,Commerce & Distribution,Porto-Novo,+229 78 19 98 81,,,TPE (<10),B2B/B2C,APIEx,,Actif,2026-06-29T00:15:34.362628,basse
BJ-A572DF17,Provision Store,Commerce & Distribution,Porto-Novo,+229 52 22 33 93,provision.store@provision.store.net,,PME (10-50),B2C,APIEx,,Actif,2026-06-29T00:15:34.362639,moyenne
BJ-F6D3A8EC,Super Stock,Commerce & Distribution,Porto-Novo,+229 97 29 91 93,,,TPE (<10),B2C,APIEx,,Actif,2026-06-29T00:15:34.362650,basse
BJ-0ACCB2AB,Super Magasin International,Commerce & Distribution,Parakou,+229 66 13 17 53,,,TPE (<10),B2B/B2C,APIEx,,Actif,2026-06-29T00:15:34.362675,basse
BJ-B7F743F1,Marché Provision Parakou,Commerce & Distribution,Parakou,+229 54 64 94 20,,,PME (10-50),B2C,APIEx,,Actif,2026-06-29T00:15:34.362685,basse
BJ-2E80B47A,Centre Commerce Bénin,Commerce & Distribution,Parakou,+229 29 61 54 24,centre.commerce.bénin@centre.commerce.bénin.org,centrecommercebénin.bj,TPE (<10),B2C,APIEx,,Actif,2026-06-29T00:15:34.362697,haute
BJ-3B173BEB,Commerce Épicerie Shop,Commerce & Distribution,Parakou,+229 95 69 80 31,commerce.épicerie.shop@commerce.épicerie.shop.com,commerceépicerieshop.bj,TPE (<10),B2B/B2C,APIEx,,Actif,2026-06-29T00:15:34.362710,haute
BJ-C82FBD65,Grossiste Bohicon,Commerce & Distribution,Bohicon,+229 59 87 34 72,grossiste.bohicon@grossiste.bohicon.com,,PME (50-200),B2B/B2C,APIEx,,Actif,2026-06-29T00:15:34.362737,moyenne
BJ-90A29662,Supply Shop,Commerce & Distribution,Bohicon,+229 38 51 12 80,,,TPE (<10),B2B/B2C,APIEx,,Actif,2026-06-29T00:15:34.362750,basse
BJ-0C86A056,Supply Groupe Bohicon,Commerce & Distribution,Bohicon,+229 73 38 42 83,,supplygroupebohicon.bj,PME (10-50),B2B/B2C,APIEx,,Actif,2026-06-29T00:15:34.362775,moyenne
BJ-39A48D4F,Commerce Supermarché,Commerce & Distribution,Bohicon,+229 49 60 78 82,,,PME (10-50),B2C,APIEx,,Actif,2026-06-29T00:15:34.362786,basse
BJ-F0341DA4,Commerce Bénin,Commerce & Distribution,Natitingou,+229 34 80 41 62,commerce.bénin@commerce.bénin.bj,,PME (50-200),B2C,APIEx,,Actif,2026-06-29T00:15:34.362803,moyenne
BJ-074209F7,Supermarché Shop,Commerce & Distribution,Natitingou,+229 87 95 25 21,,,Grande (>200),B2B/B2C,APIEx,,Actif,2026-06-29T00:15:34.362814,basse
BJ-30115C50,Commerce Grossiste Ets,Commerce & Distribution,Natitingou,+229 91 40 23 75,commerce.grossiste.ets@commerce.grossiste.ets.bj,,TPE (<10),B2C,APIEx,,Actif,2026-06-29T00:15:34.362835,moyenne
BJ-9EA01AB6,Provision Bénin,Commerce & Distribution,Natitingou,+229 92 57 72 39,provision.bénin@provision.bénin.com,provisionbénin.bj,TPE (<10),B2C,APIEx,,Actif,2026-06-29T00:15:34.362848,haute
BJ-80D97908,Commerce Supermarché Market,Commerce & Distribution,Lokossa,+229 50 15 81 82,commerce.supermarché.market@commerce.supermarché.market.net,commercesupermarchémarket.bj,PME (50-200),B2C,APIEx,,Actif,2026-06-29T00:15:34.362866,haute
BJ-DD46C66F,Centre Marché,Commerce & Distribution,Lokossa,+229 52 95 88 10,centre.marché@centre.marché.com,,Grande (>200),B2C,APIEx,,Actif,2026-06-29T00:15:34.362881,moyenne
BJ-F2A94F88,Centre Provision Groupe Lokossa,Commerce & Distribution,Lokossa,+229 34 44 25 45,,,TPE (<10),B2C,APIEx,,Actif,2026-06-29T00:15:34.362899,basse
BJ-DFC1F38A,Magasin Shop,Commerce & Distribution,Lokossa,+229 25 71 53 95,,magasinshop.bj,PME (10-50),B2C,APIEx,,Actif,2026-06-29T00:15:34.362944,moyenne
BJ-576DFDD2,Distribution Lokossa,Commerce & Distribution,Lokossa,+229 79 80 87 23,distribution.lokossa@distribution.lokossa.com,distributionlokossa.bj,PME (10-50),B2B/B2C,APIEx,,Actif,2026-06-29T00:15:34.362956,haute
BJ-3A118360,Marché Marché Ets,Commerce & Distribution,Ouidah,+229 95 14 74 30,marché.marché.ets@marché.marché.ets.org,,PME (50-200),B2B/B2C,APIEx,,Actif,2026-06-29T00:15:34.362986,moyenne
BJ-E5080C24,Commerce Alimentaire,Commerce & Distribution,Ouidah,+229 24 93 42 62,,,TPE (<10),B2C,APIEx,,Actif,2026-06-29T00:15:34.363009,basse
BJ-B2DF97F4,Boutique International,Commerce & Distribution,Ouidah,+229 85 67 91 99,,boutiqueinternational.bj,TPE (<10),B2B/B2C,APIEx,,Actif,2026-06-29T00:15:34.363021,moyenne
BJ-D98D5FA5,Super Stock Ouidah,Commerce & Distribution,Ouidah,+229 44 84 63 87,,,TPE (<10),B2C,APIEx,,Actif,2026-06-29T00:15:34.363035,basse
BJ-75DC2459,Épicerie,Commerce & Distribution,Savalou,+229 40 55 62 74,épicerie@épicerie.net,,PME (50-200),B2C,APIEx,,Actif,2026-06-29T00:15:34.363067,moyenne
BJ-E39D376F,Commerce International,Commerce & Distribution,Savalou,+229 91 60 44 30,,,PME (50-200),B2C,APIEx,,Actif,2026-06-29T00:15:34.363095,basse
BJ-E775D7C3,Centre Provision International,Commerce & Distribution,Savalou,+229 38 81 95 30,,centreprovisioninternational.bj,PME (10-50),B2C,APIEx,,Actif,2026-06-29T00:15:34.363107,moyenne
BJ-72C75FD6,Groupe Alimentaire SARL,Commerce & Distribution,Savalou,+229 96 65 55 19,groupe.alimentaire.sarl@groupe.alimentaire.sarl.org,,TPE (<10),B2B/B2C,APIEx,,Actif,2026-06-29T00:15:34.363118,moyenne
BJ-830EC232,Épicerie Ets,Commerce & Distribution,Dassa-Zoumè,+229 39 41 15 13,épicerie.ets@épicerie.ets.net,,PME (10-50),B2C,APIEx,,Actif,2026-06-29T00:15:34.363136,moyenne
BJ-B02AFF8C,Stock Dassa-Zoumè,Commerce & Distribution,Dassa-Zoumè,+229 57 72 38 69,stock.dassazoumè@stock.dassazoumè.org,,TPE (<10),B2B/B2C,APIEx,,Actif,2026-06-29T00:15:34.363163,moyenne
BJ-36897D16,Centre Alimentaire Bénin,Commerce & Distribution,Dassa-Zoumè,+229 49 65 78 39,,centrealimentairebénin.bj,TPE (<10),B2C,APIEx,,Actif,2026-06-29T00:15:34.363187,moyenne
BJ-3B6B3A72,Marché Détaillant Groupe Dassa-Zoumè,Commerce & Distribution,Dassa-Zoumè,+229 48 24 97 63,,,TPE (<10),B2C,APIEx,,Actif,2026-06-29T00:15:34.363206,basse
BJ-39BD171C,Commerce Marché,Commerce & Distribution,Kétou,+229 40 32 79 95,,,PME (10-50),B2C,APIEx,,Actif,2026-06-29T00:15:34.363282,basse
BJ-09AB7CCF,Marché Détaillant Groupe,Commerce & Distribution,Kétou,+229 84 60 36 57,marché.détaillant.groupe@marché.détaillant.groupe.org,,PME (10-50),B2C,APIEx,,Actif,2026-06-29T00:15:34.363310,moyenne
BJ-12EC3404,Distribution Magasin,Commerce & Distribution,Kétou,+229 41 65 64 18,distribution.magasin@distribution.magasin.net,,TPE (<10),B2C,APIEx,,Actif,2026-06-29T00:15:34.363324,moyenne
BJ-56472F7C,Commerce Supply,Commerce & Distribution,Kétou,+229 77 61 35 63,,,PME (10-50),B2B/B2C,APIEx,,Actif,2026-06-29T00:15:34.363335,basse
BJ-26A33F4E,Provision Kétou,Commerce & Distribution,Kétou,+229 35 81 18 56,,,PME (50-200),B2B/B2C,APIEx,,Actif,2026-06-29T00:15:34.363345,basse
BJ-4377A8B8,Épicerie Shop Covè,Commerce & Distribution,Covè,+229 51 99 58 11,,,TPE (<10),B2B/B2C,APIEx,,Actif,2026-06-29T00:15:34.363366,basse
BJ-BDF09487,Ets Distribution,Commerce & Distribution,Covè,+229 94 92 48 22,ets.distribution@ets.distribution.net,,TPE (<10),B2C,APIEx,,Actif,2026-06-29T00:15:34.363378,moyenne
BJ-BF1217A0,Marché Épicerie Covè,Commerce & Distribution,Covè,+229 59 40 90 86,marché.épicerie.covè@marché.épicerie.covè.com,,Grande (>200),B2C,APIEx,,Actif,2026-06-29T00:15:34.363391,moyenne
BJ-DF639638,SARL Boutique SARL,Commerce & Distribution,Covè,+229 24 23 47 39,,,TPE (<10),B2B/B2C,APIEx,,Actif,2026-06-29T00:15:34.363416,basse
BJ-36B6F630,Centre Magasin,Commerce & Distribution,Pobè,+229 51 25 88 60,,,TPE (<10),B2B/B2C,APIEx,,Actif,2026-06-29T00:15:34.363433,basse
BJ-856C9BFC,Marché Store,Commerce & Distribution,Pobè,+229 90 27 30 31,marché.store@marché.store.benin,,PME (50-200),B2C,APIEx,,Actif,2026-06-29T00:15:34.363448,moyenne
BJ-30D12758,Distribution International,Commerce & Distribution,Pobè,+229 79 35 85 97,distribution.international@distribution.international.benin,,PME (10-50),B2B/B2C,APIEx,,Actif,2026-06-29T00:15:34.363473,moyenne
BJ-EDDAEF67,Super Supply Ets,Commerce & Distribution,Pobè,+229 30 89 88 80,,supersupplyets.bj,TPE (<10),B2C,APIEx,,Actif,2026-06-29T00:15:34.363485,moyenne
BJ-DE35E705,Super Alimentaire Sakété,Commerce & Distribution,Sakété,+229 49 69 87 94,super.alimentaire.sakété@super.alimentaire.sakété.net,,PME (10-50),B2C,APIEx,,Actif,2026-06-29T00:15:34.363513,moyenne
BJ-C26B4D79,Centre Détaillant,Commerce & Distribution,Sakété,+229 98 66 60 59,centre.détaillant@centre.détaillant.bj,centredétaillant.bj,PME (10-50),B2B/B2C,APIEx,,Actif,2026-06-29T00:15:34.363526,haute
BJ-92D85EAD,Commerce Groupe,Commerce & Distribution,Sakété,+229 59 57 52 93,commerce.groupe@commerce.groupe.benin,commercegroupe.bj,PME (50-200),B2B/B2C,APIEx,,Actif,2026-06-29T00:15:34.363539,haute
BJ-0D5C1305,Distribution Ets Sakété,Commerce & Distribution,Sakété,+229 74 24 82 58,distribution.ets.sakété@distribution.ets.sakété.net,,TPE (<10),B2B/B2C,APIEx,,Actif,2026-06-29T00:15:34.363555,moyenne
BJ-975529BC,Marché Supply International,Commerce & Distribution,Sakété,+229 96 70 11 43,,,TPE (<10),B2C,APIEx,,Actif,2026-06-29T00:15:34.363566,basse
BJ-43D7026E,Super Détaillant Ets,Commerce & Distribution,Adjara,+229 27 17 58 25,super.détaillant.ets@super.détaillant.ets.net,superdétaillantets.bj,TPE (<10),B2B/B2C,APIEx,,Actif,2026-06-29T00:15:34.363600,haute
BJ-9D9FB2A4,Ets Alimentaire,Commerce & Distribution,Adjara,+229 98 77 85 93,ets.alimentaire@ets.alimentaire.org,,PME (50-200),B2C,APIEx,,Actif,2026-06-29T00:15:34.363638,moyenne
BJ-4A0D3EE3,Centre Supply Adjara,Commerce & Distribution,Adjara,+229 68 15 86 15,centre.supply.adjara@centre.supply.adjara.benin,,Grande (>200),B2B/B2C,APIEx,,Actif,2026-06-29T00:15:34.363656,moyenne
BJ-BA26EA37,Commerce Stock,Commerce & Distribution,Allada,+229 40 67 41 19,,,TPE (<10),B2C,APIEx,,Actif,2026-06-29T00:15:34.363672,basse
BJ-A483331F,Marché Allada,Commerce & Distribution,Allada,+229 85 47 12 90,marché.allada@marché.allada.com,marchéallada.bj,PME (50-200),B2B/B2C,APIEx,,Actif,2026-06-29T00:15:34.363685,haute
BJ-8AE0B2DF,Distribution Supermarché Store,Commerce & Distribution,Allada,+229 29 31 55 35,,,Grande (>200),B2C,APIEx,,Actif,2026-06-29T00:15:34.363696,basse
BJ-C61FBCFC,Centre Commerce Groupe,Commerce & Distribution,Allada,+229 24 73 97 13,centre.commerce.groupe@centre.commerce.groupe.org,,PME (10-50),B2B/B2C,APIEx,,Actif,2026-06-29T00:15:34.363707,moyenne
BJ-BE0B1CA1,Distribution Market,Commerce & Distribution,Allada,+229 54 35 72 51,distribution.market@distribution.market.com,distributionmarket.bj,TPE (<10),B2B/B2C,APIEx,,Actif,2026-06-29T00:15:34.363719,haute
BJ-41060E1C,Marché,Commerce & Distribution,Aplahoué,+229 68 74 53 25,,,PME (50-200),B2B/B2C,APIEx,,Actif,2026-06-29T00:15:34.363736,basse
BJ-FBF05849,Centre Marché,Commerce & Distribution,Aplahoué,+229 72 41 55 76,,,TPE (<10),B2B/B2C,APIEx,,Actif,2026-06-29T00:15:34.363749,basse
BJ-51424510,Centre Épicerie,Commerce & Distribution,Aplahoué,+229 67 47 77 28,,centreépicerie.bj,PME (10-50),B2B/B2C,APIEx,,Actif,2026-06-29T00:15:34.363760,moyenne
BJ-8581166B,Commerce Détaillant Ets,Commerce & Distribution,Aplahoué,+229 89 51 25 94,,commercedétaillantets.bj,PME (10-50),B2C,APIEx,,Actif,2026-06-29T00:15:34.363772,moyenne
BJ-5AA531FA,SARL Grossiste,Commerce & Distribution,Aplahoué,+229 50 32 80 53,sarl.grossiste@sarl.grossiste.org,,PME (50-200),B2C,APIEx,,Actif,2026-06-29T00:15:34.363783,moyenne
BJ-5B5E9F45,Stock International,Commerce & Distribution,Dogbo-Tota,+229 81 34 32 30,stock.international@stock.international.bj,,TPE (<10),B2C,APIEx,,Actif,2026-06-29T00:15:34.363800,moyenne
BJ-4E00D8EC,Commerce Supermarché,Commerce & Distribution,Dogbo-Tota,+229 90 15 94 84,,,TPE (<10),B2C,APIEx,,Actif,2026-06-29T00:15:34.363821,basse
BJ-5811BE3E,Commerce Supply,Commerce & Distribution,Dogbo-Tota,+229 41 85 37 67,commerce.supply@commerce.supply.bj,,TPE (<10),B2B/B2C,APIEx,,Actif,2026-06-29T00:15:34.363832,moyenne
BJ-8177A810,Distribution Supermarché Groupe,Commerce & Distribution,Dogbo-Tota,+229 61 64 59 77,distribution.supermarché.groupe@distribution.supermarché.groupe.org,,TPE (<10),B2C,APIEx,,Actif,2026-06-29T00:15:34.363843,moyenne
BJ-CA2A6418,SARL Magasin Kpomassè,Commerce & Distribution,Kpomassè,+229 99 99 26 46,,,PME (10-50),B2C,APIEx,,Actif,2026-06-29T00:15:34.363860,basse
BJ-C07356BF,Stock,Commerce & Distribution,Kpomassè,+229 54 42 80 89,,stock.bj,TPE (<10),B2B/B2C,APIEx,,Actif,2026-06-29T00:15:34.363876,moyenne
BJ-4C02317C,Supermarché,Commerce & Distribution,Kpomassè,+229 21 86 38 95,supermarché@supermarché.org,,PME (50-200),B2C,APIEx,,Actif,2026-06-29T00:15:34.363897,moyenne
BJ-D303E143,Groupe Supermarché SARL,Commerce & Distribution,Kpomassè,+229 79 64 97 41,,,TPE (<10),B2B/B2C,APIEx,,Actif,2026-06-29T00:15:34.363931,basse
BJ-3A7A6D01,Provision,Commerce & Distribution,Kpomassè,+229 39 79 45 98,,,PME (10-50),B2C,APIEx,,Actif,2026-06-29T00:15:34.363957,basse
BJ-54643529,Distribution Bénin,Commerce & Distribution,Tori-Bossito,+229 93 96 43 68,distribution.bénin@distribution.bénin.org,,PME (10-50),B2B/B2C,APIEx,,Actif,2026-06-29T00:15:34.363988,moyenne
BJ-76E8D33C,Épicerie International,Commerce & Distribution,Tori-Bossito,+229 49 34 88 18,,,PME (10-50),B2B/B2C,APIEx,,Actif,2026-06-29T00:15:34.363999,basse
BJ-20C41355,Boutique Tori-Bossito,Commerce & Distribution,Tori-Bossito,+229 34 19 87 91,boutique.toribossito@boutique.toribossito.com,boutiquetoribossito.bj,PME (50-200),B2B/B2C,APIEx,,Actif,2026-06-29T00:15:34.364012,haute
BJ-31538DCA,Super Magasin,Commerce & Distribution,Tori-Bossito,+229 54 76 80 10,,supermagasin.bj,PME (50-200),B2C,APIEx,,Actif,2026-06-29T00:15:34.364022,moyenne
BJ-9BB70ACA,Boutique Store,Commerce & Distribution,Grand-Popo,+229 25 82 70 66,boutique.store@boutique.store.benin,,TPE (<10),B2B/B2C,APIEx,,Actif,2026-06-29T00:15:34.364039,moyenne
BJ-9DC7F543,Marché Commerce Bénin,Commerce & Distribution,Grand-Popo,+229 28 61 57 61,,marchécommercebénin.bj,TPE (<10),B2C,APIEx,,Actif,2026-06-29T00:15:34.364065,moyenne
BJ-CC6FBF2C,Commerce Shop,Commerce & Distribution,Grand-Popo,+229 98 21 92 85,,commerceshop.bj,PME (10-50),B2C,APIEx,,Actif,2026-06-29T00:15:34.364077,moyenne
BJ-E277DCEB,Distribution Commerce,Commerce & Distribution,Grand-Popo,+229 37 85 52 36,distribution.commerce@distribution.commerce.benin,,PME (50-200),B2C,APIEx,,Actif,2026-06-29T00:15:34.364088,moyenne
BJ-4FCB1945,Ets Distribution Groupe,Commerce & Distribution,Athiémé,+229 28 60 71 15,,,PME (10-50),B2C,APIEx,,Actif,2026-06-29T00:15:34.364107,basse
BJ-310F711B,Boutique,Commerce & Distribution,Athiémé,+229 76 60 96 59,,,TPE (<10),B2B/B2C,APIEx,,Actif,2026-06-29T00:15:34.364119,basse
BJ-ABB7B6BC,SARL Supermarché,Commerce & Distribution,Athiémé,+229 63 83 16 69,sarl.supermarché@sarl.supermarché.org,,TPE (<10),B2B/B2C,APIEx,,Actif,2026-06-29T00:15:34.364130,moyenne
BJ-9FDE857A,Marché Bopa,Commerce & Distribution,Bopa,+229 92 28 56 63,,,TPE (<10),B2C,APIEx,,Actif,2026-06-29T00:15:34.364169,basse
BJ-9433AFDB,Distribution Ets Bopa,Commerce & Distribution,Bopa,+229 20 13 68 88,,distributionetsbopa.bj,TPE (<10),B2B/B2C,APIEx,,Actif,2026-06-29T00:15:34.364184,moyenne
BJ-4F018D6F,SARL Commerce,Commerce & Distribution,Bopa,+229 21 71 88 74,sarl.commerce@sarl.commerce.bj,,PME (10-50),B2B/B2C,APIEx,,Actif,2026-06-29T00:15:34.364196,moyenne
BJ-FD375463,Stock,Commerce & Distribution,Bopa,+229 31 99 16 80,,stock.bj,TPE (<10),B2B/B2C,APIEx,,Actif,2026-06-29T00:15:34.364206,moyenne
BJ-4910F4B5,Grossiste Store,Commerce & Distribution,Bopa,+229 60 68 16 31,,grossistestore.bj,TPE (<10),B2B/B2C,APIEx,,Actif,2026-06-29T00:15:34.364216,moyenne
BJ-F2262983,Distribution Détaillant,Commerce & Distribution,Houéyogbé,+229 51 72 20 23,,distributiondétaillant.bj,Grande (>200),B2C,APIEx,,Actif,2026-06-29T00:15:34.364233,moyenne
BJ-10209E8E,Distribution Alimentaire,Commerce & Distribution,Houéyogbé,+229 89 12 66 94,distribution.alimentaire@distribution.alimentaire.net,,PME (50-200),B2B/B2C,APIEx,,Actif,2026-06-29T00:15:34.364244,moyenne
BJ-C68D6A60,Commerce Boutique,Commerce & Distribution,Houéyogbé,+229 98 91 22 72,commerce.boutique@commerce.boutique.benin,commerceboutique.bj,PME (50-200),B2C,APIEx,,Actif,2026-06-29T00:15:34.364256,haute
BJ-47C4CCA3,Stock Groupe,Commerce & Distribution,Houéyogbé,+229 39 74 46 64,stock.groupe@stock.groupe.benin,,PME (50-200),B2C,APIEx,,Actif,2026-06-29T00:15:34.364267,moyenne
BJ-8C345599,Provision International,Commerce & Distribution,Malanville,+229 31 91 12 31,provision.international@provision.international.org,,PME (10-50),B2C,APIEx,,Actif,2026-06-29T00:15:34.364293,moyenne
BJ-8534E7A8,Commerce Grossiste,Commerce & Distribution,Malanville,+229 91 48 81 84,commerce.grossiste@commerce.grossiste.bj,,TPE (<10),B2B/B2C,APIEx,,Actif,2026-06-29T00:15:34.364307,moyenne
BJ-F922C91E,Commerce Provision Groupe,Commerce & Distribution,Malanville,+229 51 33 59 70,commerce.provision.groupe@commerce.provision.groupe.com,,PME (50-200),B2B/B2C,APIEx,,Actif,2026-06-29T00:15:34.364319,moyenne
BJ-38C9A4D6,Ets Supply Shop,Commerce & Distribution,Malanville,+229 37 65 22 83,,,PME (50-200),B2B/B2C,APIEx,,Actif,2026-06-29T00:15:34.364329,basse
BJ-04962DA9,Supermarché Store Kandi,Commerce & Distribution,Kandi,+229 88 90 81 55,,supermarchéstorekandi.bj,PME (50-200),B2B/B2C,APIEx,,Actif,2026-06-29T00:15:34.364405,moyenne
BJ-DCD975D8,Distribution Distribution Kandi,Commerce & Distribution,Kandi,+229 45 11 68 16,,,PME (50-200),B2B/B2C,APIEx,,Actif,2026-06-29T00:15:34.364437,basse
BJ-4DDAD5EE,Super Boutique International,Commerce & Distribution,Kandi,+229 76 35 77 39,,,TPE (<10),B2B/B2C,APIEx,,Actif,2026-06-29T00:15:34.364448,basse
BJ-7AC2A448,Ets Alimentaire International,Commerce & Distribution,Kandi,+229 98 84 77 77,ets.alimentaire.international@ets.alimentaire.international.benin,,PME (50-200),B2C,APIEx,,Actif,2026-06-29T00:15:34.364459,moyenne
BJ-331A9664,Commerce Supermarché,Commerce & Distribution,Kandi,+229 99 15 67 58,commerce.supermarché@commerce.supermarché.com,commercesupermarché.bj,PME (50-200),B2C,APIEx,,Actif,2026-06-29T00:15:34.364472,haute
BJ-52141209,Ets Boutique Shop,Commerce & Distribution,Banikoara,+229 79 84 51 54,ets.boutique.shop@ets.boutique.shop.benin,,Grande (>200),B2C,APIEx,,Actif,2026-06-29T00:15:34.364504,moyenne
BJ-C24BBF49,Alimentaire Shop,Commerce & Distribution,Banikoara,+229 72 72 76 66,,,Grande (>200),B2B/B2C,APIEx,,Actif,2026-06-29T00:15:34.364526,basse
BJ-9ECF90BD,Magasin Shop,Commerce & Distribution,Banikoara,+229 48 34 36 99,,magasinshop.bj,TPE (<10),B2C,APIEx,,Actif,2026-06-29T00:15:34.364537,moyenne
BJ-910F98E7,SARL Grossiste,Commerce & Distribution,Ségbana,+229 34 57 85 33,sarl.grossiste@sarl.grossiste.bj,sarlgrossiste.bj,TPE (<10),B2C,APIEx,,Actif,2026-06-29T00:15:34.364554,haute
BJ-1A5105FB,Marché Provision Ets Ségbana,Commerce & Distribution,Ségbana,+229 87 73 39 86,,marchéprovisionetsségbana.bj,TPE (<10),B2C,APIEx,,Actif,2026-06-29T00:15:34.364566,moyenne
BJ-72721437,Super Supply Store,Commerce & Distribution,Ségbana,+229 94 65 27 15,super.supply.store@super.supply.store.org,,PME (50-200),B2B/B2C,APIEx,,Actif,2026-06-29T00:15:34.364591,moyenne
BJ-ACDB14BD,Super Marché Ségbana,Commerce & Distribution,Ségbana,+229 59 51 44 14,,,PME (50-200),B2C,APIEx,,Actif,2026-06-29T00:15:34.364601,basse
BJ-67F72705,Commerce Market,Commerce & Distribution,Karimama,+229 61 37 47 68,,,TPE (<10),B2C,APIEx,,Actif,2026-06-29T00:15:34.364616,basse
BJ-A7BDA8E9,Provision,Commerce & Distribution,Karimama,+229 95 85 94 79,provision@provision.org,provision.bj,TPE (<10),B2C,APIEx,,Actif,2026-06-29T00:15:34.364634,haute
BJ-A1EDF107,Centre Détaillant,Commerce & Distribution,Karimama,+229 50 33 66 75,centre.détaillant@centre.détaillant.com,,PME (10-50),B2C,APIEx,,Actif,2026-06-29T00:15:34.364647,moyenne
BJ-4F843702,Distribution Stock,Commerce & Distribution,Karimama,+229 52 14 92 16,distribution.stock@distribution.stock.benin,,PME (10-50),B2C,APIEx,,Actif,2026-06-29T00:15:34.364675,moyenne
BJ-B3D94597,Commerce Épicerie Karimama,Commerce & Distribution,Karimama,+229 23 54 47 56,,,TPE (<10),B2B/B2C,APIEx,,Actif,2026-06-29T00:15:34.364686,basse
BJ-CA660D56,Super Stock Groupe,Commerce & Distribution,Gogounou,+229 40 92 87 41,super.stock.groupe@super.stock.groupe.bj,,PME (50-200),B2C,APIEx,,Actif,2026-06-29T00:15:34.364703,moyenne
BJ-59B38D00,Distribution Distribution Shop,Commerce & Distribution,Gogounou,+229 95 81 19 21,,,TPE (<10),B2C,APIEx,,Actif,2026-06-29T00:15:34.364728,basse
BJ-B24D0C00,Grossiste Gogounou,Commerce & Distribution,Gogounou,+229 53 25 23 22,,,PME (50-200),B2B/B2C,APIEx,,Actif,2026-06-29T00:15:34.364738,basse
BJ-3CF6BE05,Commerce Magasin,Commerce & Distribution,Gogounou,+229 54 91 59 16,,,TPE (<10),B2B/B2C,APIEx,,Actif,2026-06-29T00:15:34.364749,basse
BJ-7536EE2A,Commerce Supply Shop,Commerce & Distribution,Gogounou,+229 25 21 49 94,,,PME (50-200),B2C,APIEx,,Actif,2026-06-29T00:15:34.364773,basse
BJ-08966F64,Distribution Supermarché,Commerce & Distribution,Cobly,+229 70 64 85 29,,,PME (50-200),B2B/B2C,APIEx,,Actif,2026-06-29T00:15:34.364829,basse
BJ-FA206DB6,Groupe Commerce,Commerce & Distribution,Cobly,+229 90 74 23 24,,,TPE (<10),B2B/B2C,APIEx,,Actif,2026-06-29T00:15:34.364862,basse
BJ-E8735504,Ets Épicerie,Commerce & Distribution,Cobly,+229 78 76 75 68,,etsépicerie.bj,TPE (<10),B2B/B2C,APIEx,,Actif,2026-06-29T00:15:34.364911,moyenne
BJ-1ADCC9F4,Distribution Épicerie Store,Commerce & Distribution,Cobly,+229 76 84 23 71,distribution.épicerie.store@distribution.épicerie.store.bj,distributionépiceriestore.bj,PME (50-200),B2B/B2C,APIEx,,Actif,2026-06-29T00:15:34.364943,haute
BJ-0F218AB2,Centre Supply Shop,Commerce & Distribution,Tanguiéta,+229 87 94 62 22,,,Grande (>200),B2B/B2C,APIEx,,Actif,2026-06-29T00:15:34.364983,basse
BJ-65D1BF23,Centre Provision SARL,Commerce & Distribution,Tanguiéta,+229 91 74 12 44,,centreprovisionsarl.bj,TPE (<10),B2C,APIEx,,Actif,2026-06-29T00:15:34.365027,moyenne
BJ-A44C68BD,Marché Supermarché International,Commerce & Distribution,Tanguiéta,+229 73 86 27 33,marché.supermarché.international@marché.supermarché.international.benin,marchésupermarchéinternational.bj,TPE (<10),B2B/B2C,APIEx,,Actif,2026-06-29T00:15:34.365050,haute
BJ-6428B187,Marché Magasin Market,Commerce & Distribution,Tanguiéta,+229 47 38 53 13,,,PME (10-50),B2C,APIEx,,Actif,2026-06-29T00:15:34.365069,basse
BJ-0E85C223,Distribution Grossiste Matéri,Commerce & Distribution,Matéri,+229 26 31 59 99,distribution.grossiste.matéri@distribution.grossiste.matéri.benin,,TPE (<10),B2B/B2C,APIEx,,Actif,2026-06-29T00:15:34.365109,moyenne
BJ-6D322B05,Commerce Alimentaire International Matéri,Commerce & Distribution,Matéri,+229 85 12 28 70,,commercealimentaireinternationalmatéri.bj,TPE (<10),B2C,APIEx,,Actif,2026-06-29T00:15:34.365170,moyenne
BJ-A0A1CA8B,Super Détaillant,Commerce & Distribution,Matéri,+229 75 58 28 29,,,Grande (>200),B2C,APIEx,,Actif,2026-06-29T00:15:34.365189,basse
BJ-B0ED0A6D,Groupe Provision Shop,Commerce & Distribution,Matéri,+229 39 33 62 22,groupe.provision.shop@groupe.provision.shop.bj,groupeprovisionshop.bj,TPE (<10),B2B/B2C,APIEx,,Actif,2026-06-29T00:15:34.365209,haute
BJ-CAC2396A,Super Détaillant Store,Commerce & Distribution,Natitingou,+229 61 62 89 16,super.détaillant.store@super.détaillant.store.com,,Grande (>200),B2B/B2C,APIEx,,Actif,2026-06-29T00:15:34.365259,moyenne
BJ-5517B923,Groupe Provision Ets Natitingou,Commerce & Distribution,Natitingou,+229 25 32 99 58,,,PME (10-50),B2C,APIEx,,Actif,2026-06-29T00:15:34.365277,basse
BJ-F65FFE90,Marché Détaillant Ets,Commerce & Distribution,Natitingou,+229 27 89 89 51,,,TPE (<10),B2C,APIEx,,Actif,2026-06-29T00:15:34.365299,basse
BJ-E9DA3029,Épicerie Shop,Commerce & Distribution,Natitingou,+229 42 30 79 73,,épicerieshop.bj,PME (50-200),B2C,APIEx,,Actif,2026-06-29T00:15:34.365332,moyenne
BJ-8F784EE8,Centre Boutique Store Toucountouna,Commerce & Distribution,Toucountouna,+229 93 46 72 64,centre.boutique.store.toucountouna@centre.boutique.store.toucountouna.com,centreboutiquestoretoucountouna.bj,TPE (<10),B2C,APIEx,,Actif,2026-06-29T00:15:34.365388,haute
BJ-E221D89D,Ets Provision,Commerce & Distribution,Toucountouna,+229 96 52 98 65,ets.provision@ets.provision.net,,PME (10-50),B2C,APIEx,,Actif,2026-06-29T00:15:34.365423,moyenne
BJ-A75CE92A,Boutique,Commerce & Distribution,Toucountouna,+229 90 52 20 40,,,TPE (<10),B2B/B2C,APIEx,,Actif,2026-06-29T00:15:34.365445,basse
BJ-4B196594,Marché Toucountouna,Commerce & Distribution,Toucountouna,+229 54 65 75 58,marché.toucountouna@marché.toucountouna.com,,PME (10-50),B2C,APIEx,,Actif,2026-06-29T00:15:34.365470,moyenne
BJ-DC4A7B63,Ets Stock Bénin,Commerce & Distribution,Toucountouna,+229 45 49 94 28,,,PME (10-50),B2B/B2C,APIEx,,Actif,2026-06-29T00:15:34.365502,basse
BJ-17C4C428,Distribution Boutique,Commerce & Distribution,Boukoumbé,+229 54 87 13 45,distribution.boutique@distribution.boutique.org,,TPE (<10),B2C,APIEx,,Actif,2026-06-29T00:15:34.365547,moyenne
BJ-0C5286B4,Magasin Groupe,Commerce & Distribution,Boukoumbé,+229 38 82 79 75,,,PME (50-200),B2C,APIEx,,Actif,2026-06-29T00:15:34.365568,basse
BJ-E5EEC29A,SARL Provision Shop,Commerce & Distribution,Boukoumbé,+229 56 80 67 10,sarl.provision.shop@sarl.provision.shop.benin,,TPE (<10),B2C,APIEx,,Actif,2026-06-29T00:15:34.365581,moyenne
BJ-5FFFE6F6,Ets Détaillant Groupe,Commerce & Distribution,Boukoumbé,+229 34 35 85 61,,,PME (10-50),B2C,APIEx,,Actif,2026-06-29T00:15:34.365604,basse
BJ-E525619C,Supermarché Kouandé,Commerce & Distribution,Kouandé,+229 54 26 23 59,supermarché.kouandé@supermarché.kouandé.bj,,TPE (<10),B2C,APIEx,,Actif,2026-06-29T00:15:34.365625,moyenne
BJ-7376F1F0,Commerce Store,Commerce & Distribution,Kouandé,+229 32 95 32 33,,commercestore.bj,PME (50-200),B2B/B2C,APIEx,,Actif,2026-06-29T00:15:34.365641,moyenne
BJ-D584FE3D,Supply Bénin,Commerce & Distribution,Kouandé,+229 94 98 71 90,supply.bénin@supply.bénin.benin,supplybénin.bj,TPE (<10),B2C,APIEx,,Actif,2026-06-29T00:15:34.365667,haute
BJ-555FF8B9,Distribution Supply Bénin Kouandé,Commerce & Distribution,Kouandé,+229 90 67 59 99,,,TPE (<10),B2B/B2C,APIEx,,Actif,2026-06-29T00:15:34.365691,basse
BJ-DBFDDCEF,Commerce,Commerce & Distribution,Kouandé,+229 93 31 16 25,,,TPE (<10),B2B/B2C,APIEx,,Actif,2026-06-29T00:15:34.365709,basse
BJ-E41B1FAA,Grossiste Groupe,Commerce & Distribution,Péhunco,+229 97 10 61 88,grossiste.groupe@grossiste.groupe.net,,PME (10-50),B2B/B2C,APIEx,,Actif,2026-06-29T00:15:34.365749,moyenne
BJ-F36BA92B,Marché Marché Shop,Commerce & Distribution,Péhunco,+229 45 58 93 61,marché.marché.shop@marché.marché.shop.org,,Grande (>200),B2B/B2C,APIEx,,Actif,2026-06-29T00:15:34.365784,moyenne
BJ-75E91B80,Super Distribution,Commerce & Distribution,Péhunco,+229 42 47 56 20,,,TPE (<10),B2C,APIEx,,Actif,2026-06-29T00:15:34.365804,basse
BJ-29E67728,Centre Supermarché,Commerce & Distribution,Péhunco,+229 61 59 25 31,centre.supermarché@centre.supermarché.bj,,TPE (<10),B2C,APIEx,,Actif,2026-06-29T00:15:34.365828,moyenne
BJ-60E3FAB4,Distribution Provision,Commerce & Distribution,Péhunco,+229 22 95 16 29,distribution.provision@distribution.provision.com,,PME (10-50),B2C,APIEx,,Actif,2026-06-29T00:15:34.365858,moyenne
BJ-1452454A,Ets Commerce Groupe,Commerce & Distribution,Tchaourou,+229 88 75 29 28,ets.commerce.groupe@ets.commerce.groupe.net,,PME (50-200),B2C,APIEx,,Actif,2026-06-29T00:15:34.365916,moyenne
BJ-6DB7C704,Épicerie Ets,Commerce & Distribution,Tchaourou,+229 37 21 51 97,,,PME (50-200),B2B/B2C,APIEx,,Actif,2026-06-29T00:15:34.365950,basse
BJ-9B90C39A,SARL Grossiste Ets,Commerce & Distribution,Tchaourou,+229 36 81 25 82,,sarlgrossisteets.bj,PME (10-50),B2C,APIEx,,Actif,2026-06-29T00:15:34.365986,moyenne
BJ-DF77BA69,Supply Ets Tchaourou,Commerce & Distribution,Tchaourou,+229 34 94 20 11,supply.ets.tchaourou@supply.ets.tchaourou.org,,PME (10-50),B2C,APIEx,,Actif,2026-06-29T00:15:34.366009,moyenne
BJ-4305F03F,Distribution Commerce,Commerce & Distribution,Tchaourou,+229 99 21 70 72,distribution.commerce@distribution.commerce.bj,,TPE (<10),B2C,APIEx,,Actif,2026-06-29T00:15:34.366035,moyenne
BJ-284A095F,Distribution Boutique Store,Commerce & Distribution,Nikki,+229 84 64 80 50,,,Grande (>200),B2C,APIEx,,Actif,2026-06-29T00:15:34.366075,basse
BJ-1DA1598F,Supermarché Shop,Commerce & Distribution,Nikki,+229 89 41 98 95,supermarché.shop@supermarché.shop.com,,TPE (<10),B2C,APIEx,,Actif,2026-06-29T00:15:34.366099,moyenne
BJ-53F00843,Marché Bénin,Commerce & Distribution,Nikki,+229 93 48 23 32,marché.bénin@marché.bénin.org,,PME (10-50),B2B/B2C,APIEx,,Actif,2026-06-29T00:15:34.366122,moyenne
BJ-6E472A31,Commerce Market,Commerce & Distribution,Nikki,+229 51 88 86 76,,,PME (10-50),B2B/B2C,APIEx,,Actif,2026-06-29T00:15:34.366144,basse
BJ-C79ECC22,Grossiste,Commerce & Distribution,Nikki,+229 99 51 88 12,grossiste@grossiste.org,grossiste.bj,PME (10-50),B2B/B2C,APIEx,,Actif,2026-06-29T00:15:34.366168,haute
BJ-6B15D788,Épicerie,Commerce & Distribution,Bembéréké,+229 37 32 78 69,,,PME (10-50),B2B/B2C,APIEx,,Actif,2026-06-29T00:15:34.366209,basse
BJ-6CD9C602,Distribution,Commerce & Distribution,Bembéréké,+229 41 15 48 57,,distribution.bj,Grande (>200),B2B/B2C,APIEx,,Actif,2026-06-29T00:15:34.366235,moyenne
BJ-A0A88F52,Centre Boutique Bembéréké,Commerce & Distribution,Bembéréké,+229 93 46 33 89,,,Grande (>200),B2B/B2C,APIEx,,Actif,2026-06-29T00:15:34.366255,basse
BJ-1AD12E5F,Provision Bembéréké,Commerce & Distribution,Bembéréké,+229 36 86 38 76,,,TPE (<10),B2B/B2C,APIEx,,Actif,2026-06-29T00:15:34.366274,basse
BJ-5F5421AC,Super Stock,Commerce & Distribution,Bembéréké,+229 27 74 11 62,super.stock@super.stock.org,,PME (50-200),B2B/B2C,APIEx,,Actif,2026-06-29T00:15:34.366300,moyenne
BJ-4377ACB2,Groupe Grossiste International,Commerce & Distribution,Kalalé,+229 40 56 48 15,groupe.grossiste.international@groupe.grossiste.international.benin,,PME (10-50),B2C,APIEx,,Actif,2026-06-29T00:15:34.366336,moyenne
BJ-9205FC56,Distribution Market,Commerce & Distribution,Kalalé,+229 63 99 80 59,,distributionmarket.bj,PME (10-50),B2B/B2C,APIEx,,Actif,2026-06-29T00:15:34.366356,moyenne
BJ-5B6D92C7,SARL Supermarché,Commerce & Distribution,Kalalé,+229 71 11 14 65,sarl.supermarché@sarl.supermarché.benin,,TPE (<10),B2B/B2C,APIEx,,Actif,2026-06-29T00:15:34.366376,moyenne
BJ-D065C9DF,Boutique Market,Commerce & Distribution,Kalalé,+229 65 97 32 97,boutique.market@boutique.market.org,boutiquemarket.bj,PME (10-50),B2B/B2C,APIEx,,Actif,2026-06-29T00:15:34.366405,haute
BJ-D0C7DCCC,Supermarché,Commerce & Distribution,Kalalé,+229 41 42 98 52,,,PME (50-200),B2C,APIEx,,Actif,2026-06-29T00:15:34.366423,basse
BJ-6F9BE1D6,Magasin,Commerce & Distribution,Ndali,+229 64 95 85 98,,magasin.bj,PME (50-200),B2B/B2C,APIEx,,Actif,2026-06-29T00:15:34.366455,moyenne
BJ-79A779CF,Commerce Market,Commerce & Distribution,Ndali,+229 62 43 15 90,,,TPE (<10),B2C,APIEx,,Actif,2026-06-29T00:15:34.366481,basse
BJ-6F7F0620,Marché Marché Ets Ndali,Commerce & Distribution,Ndali,+229 82 47 82 79,,marchémarchéetsndali.bj,TPE (<10),B2C,APIEx,,Actif,2026-06-29T00:15:34.366507,moyenne
BJ-601B7B3C,Distribution Marché Bénin Ndali,Commerce & Distribution,Ndali,+229 55 34 17 21,distribution.marché.bénin.ndali@distribution.marché.bénin.ndali.org,distributionmarchébéninndali.bj,PME (50-200),B2B/B2C,APIEx,,Actif,2026-06-29T00:15:34.366549,haute
BJ-54D86F9D,Détaillant International Ndali,Commerce & Distribution,Ndali,+229 21 80 47 91,détaillant.international.ndali@détaillant.international.ndali.bj,,PME (10-50),B2B/B2C,APIEx,,Actif,2026-06-29T00:15:34.366580,moyenne
BJ-AABACF8D,Centre Grossiste Market,Commerce & Distribution,Ségbana,+229 70 58 72 64,,,TPE (<10),B2C,APIEx,,Actif,2026-06-29T00:15:34.366621,basse
BJ-8F3BF7E1,Marché Commerce Market,Commerce & Distribution,Ségbana,+229 37 68 93 27,,marchécommercemarket.bj,PME (50-200),B2B/B2C,APIEx,,Actif,2026-06-29T00:15:34.366660,moyenne
BJ-73D80F43,Distribution Ségbana,Commerce & Distribution,Ségbana,+229 65 34 68 62,distribution.ségbana@distribution.ségbana.net,,PME (10-50),B2B/B2C,APIEx,,Actif,2026-06-29T00:15:34.366688,moyenne
BJ-49DB5976,Marché Grossiste International,Commerce & Distribution,Ségbana,+229 50 92 15 46,marché.grossiste.international@marché.grossiste.international.org,,TPE (<10),B2B/B2C,APIEx,,Actif,2026-06-29T00:15:34.366718,moyenne
BJ-98A583E5,Grossiste SARL,Commerce & Distribution,Ségbana,+229 95 70 36 13,grossiste.sarl@grossiste.sarl.benin,,TPE (<10),B2C,APIEx,,Actif,2026-06-29T00:15:34.366751,moyenne
BJ-460C6C4C,Supply Groupe,Commerce & Distribution,Tchaourou,+229 97 27 48 31,,,TPE (<10),B2B/B2C,APIEx,,Actif,2026-06-29T00:15:34.366835,basse
BJ-A031DA0B,Stock Market,Commerce & Distribution,Tchaourou,+229 73 72 16 98,stock.market@stock.market.org,,PME (50-200),B2B/B2C,APIEx,,Actif,2026-06-29T00:15:34.366874,moyenne
BJ-135EDAB6,Ets Distribution,Commerce & Distribution,Tchaourou,+229 76 49 86 60,ets.distribution@ets.distribution.bj,,PME (10-50),B2B/B2C,APIEx,,Actif,2026-06-29T00:15:34.366919,moyenne
BJ-3377A2DE,Distribution Ets,Commerce & Distribution,Tchaourou,+229 30 31 47 51,distribution.ets@distribution.ets.bj,,TPE (<10),B2B/B2C,APIEx,,Actif,2026-06-29T00:15:34.366940,moyenne
BJ-922860DD,Marché Store,Commerce & Distribution,Bétérou,+229 99 56 14 15,marché.store@marché.store.benin,,PME (10-50),B2C,APIEx,,Actif,2026-06-29T00:15:34.366992,moyenne
BJ-5B1F48B7,Centre Grossiste Bénin,Commerce & Distribution,Bétérou,+229 88 73 44 34,,,PME (10-50),B2B/B2C,APIEx,,Actif,2026-06-29T00:15:34.367102,basse
BJ-6563D64D,SARL Épicerie,Commerce & Distribution,Bétérou,+229 54 60 30 76,sarl.épicerie@sarl.épicerie.bj,sarlépicerie.bj,PME (10-50),B2B/B2C,APIEx,,Actif,2026-06-29T00:15:34.367130,haute
BJ-4F6FF0C8,Épicerie Store,Commerce & Distribution,Ouessè,+229 64 84 34 50,épicerie.store@épicerie.store.bj,,Grande (>200),B2B/B2C,APIEx,,Actif,2026-06-29T00:15:34.367166,moyenne
BJ-8B8A4E69,Boutique,Commerce & Distribution,Ouessè,+229 89 32 18 63,boutique@boutique.bj,,PME (10-50),B2C,APIEx,,Actif,2026-06-29T00:15:34.367221,moyenne
BJ-58CBB2AD,Centre Stock Market Ouessè,Commerce & Distribution,Ouessè,+229 96 75 52 28,,,PME (10-50),B2B/B2C,APIEx,,Actif,2026-06-29T00:15:34.367253,basse
BJ-54A3262E,SARL Épicerie SARL,Commerce & Distribution,Ouessè,+229 45 77 56 95,,,PME (50-200),B2B/B2C,APIEx,,Actif,2026-06-29T00:15:34.367281,basse
BJ-1F795E0B,Centre Détaillant Ets,Commerce & Distribution,Glazoué,+229 74 89 65 71,centre.détaillant.ets@centre.détaillant.ets.bj,,PME (10-50),B2C,APIEx,,Actif,2026-06-29T00:15:34.367317,moyenne
BJ-3A16A684,SARL Marché Glazoué,Commerce & Distribution,Glazoué,+229 61 81 12 21,,,TPE (<10),B2C,APIEx,,Actif,2026-06-29T00:15:34.367336,basse
BJ-A89F0BAA,Boutique SARL,Commerce & Distribution,Glazoué,+229 75 97 31 37,boutique.sarl@boutique.sarl.com,boutiquesarl.bj,TPE (<10),B2B/B2C,APIEx,,Actif,2026-06-29T00:15:34.367358,haute
BJ-E7151504,Alimentaire,Commerce & Distribution,Glazoué,+229 74 56 59 22,alimentaire@alimentaire.benin,,PME (50-200),B2C,APIEx,,Actif,2026-06-29T00:15:34.367381,moyenne
BJ-4EE519E9,Commerce Distribution International,Commerce & Distribution,Glazoué,+229 49 95 60 54,commerce.distribution.international@commerce.distribution.international.bj,,PME (50-200),B2B/B2C,APIEx,,Actif,2026-06-29T00:15:34.367419,moyenne
BJ-BD6511B6,Commerce International Dassa-Zoumè,Commerce & Distribution,Dassa-Zoumè,+229 24 69 26 38,commerce.international.dassazoumè@commerce.international.dassazoumè.net,commerceinternationaldassazoumè.bj,TPE (<10),B2B/B2C,APIEx,,Actif,2026-06-29T00:15:34.367475,haute
BJ-3E109C2A,Marché International,Commerce & Distribution,Dassa-Zoumè,+229 86 67 28 82,,marchéinternational.bj,TPE (<10),B2C,APIEx,,Actif,2026-06-29T00:15:34.367524,moyenne
BJ-E8D2A1D9,SARL Supermarché Market,Commerce & Distribution,Dassa-Zoumè,+229 33 40 85 53,,,PME (10-50),B2B/B2C,APIEx,,Actif,2026-06-29T00:15:34.367546,basse
BJ-2FC46EFC,Marché Détaillant Ets,Commerce & Distribution,Dassa-Zoumè,+229 93 38 44 92,,,PME (10-50),B2B/B2C,APIEx,,Actif,2026-06-29T00:15:34.367566,basse
BJ-4D913AED,Centre Boutique Groupe,Commerce & Distribution,Dassa-Zoumè,+229 70 45 32 54,centre.boutique.groupe@centre.boutique.groupe.benin,centreboutiquegroupe.bj,TPE (<10),B2B/B2C,APIEx,,Actif,2026-06-29T00:15:34.367603,haute
BJ-DDC894E7,Détaillant Groupe Savalou,Commerce & Distribution,Savalou,+229 81 95 39 39,détaillant.groupe.savalou@détaillant.groupe.savalou.net,,PME (10-50),B2B/B2C,APIEx,,Actif,2026-06-29T00:15:34.367645,moyenne
BJ-046B01C3,Stock Ets,Commerce & Distribution,Savalou,+229 68 96 83 91,,stockets.bj,PME (10-50),B2C,APIEx,,Actif,2026-06-29T00:15:34.367659,moyenne
BJ-4EB92D18,Marché Détaillant Bénin,Commerce & Distribution,Savalou,+229 68 16 76 18,,,TPE (<10),B2B/B2C,APIEx,,Actif,2026-06-29T00:15:34.367671,basse
BJ-21F4FBBD,Supply Shop Savalou,Commerce & Distribution,Savalou,+229 46 37 71 79,supply.shop.savalou@supply.shop.savalou.com,,TPE (<10),B2C,APIEx,,Actif,2026-06-29T00:15:34.367684,moyenne
BJ-2FA553B8,Commerce Savalou,Commerce & Distribution,Savalou,+229 27 45 77 67,,commercesavalou.bj,PME (10-50),B2C,APIEx,,Actif,2026-06-29T00:15:34.367695,moyenne
BJ-480CD9F5,Ets Provision SARL Bantè,Commerce & Distribution,Bantè,+229 49 33 68 10,,,PME (10-50),B2B/B2C,APIEx,,Actif,2026-06-29T00:15:34.367720,basse
BJ-801D4D07,Supermarché Shop,Commerce & Distribution,Bantè,+229 92 50 96 35,,supermarchéshop.bj,PME (50-200),B2C,APIEx,,Actif,2026-06-29T00:15:34.367737,moyenne
BJ-FD1D7177,Super Distribution,Commerce & Distribution,Bantè,+229 68 43 88 18,,,TPE (<10),B2B/B2C,APIEx,,Actif,2026-06-29T00:15:34.367749,basse
BJ-77B0005F,Centre Épicerie Shop,Commerce & Distribution,Bantè,+229 71 35 17 72,,,PME (10-50),B2B/B2C,APIEx,,Actif,2026-06-29T00:15:34.367760,basse
BJ-9A176D69,Super Détaillant Groupe,Commerce & Distribution,Djougou,+229 42 84 62 70,super.détaillant.groupe@super.détaillant.groupe.benin,,PME (50-200),B2C,APIEx,,Actif,2026-06-29T00:15:34.367802,moyenne
BJ-AE2C86D3,Centre Détaillant Bénin,Commerce & Distribution,Djougou,+229 63 24 97 49,,centredétaillantbénin.bj,TPE (<10),B2C,APIEx,,Actif,2026-06-29T00:15:34.367815,moyenne
BJ-1A29F66C,Boutique SARL,Commerce & Distribution,Djougou,+229 96 11 77 95,boutique.sarl@boutique.sarl.com,boutiquesarl.bj,PME (50-200),B2B/B2C,APIEx,,Actif,2026-06-29T00:15:34.367827,haute
BJ-02B5EE20,Groupe Boutique SARL,Commerce & Distribution,Djougou,+229 46 52 78 25,groupe.boutique.sarl@groupe.boutique.sarl.com,groupeboutiquesarl.bj,PME (10-50),B2C,APIEx,,Actif,2026-06-29T00:15:34.367839,haute
BJ-153247CE,Provision SARL Ouèssè,Commerce & Distribution,Ouèssè,+229 70 67 64 75,,,PME (50-200),B2C,APIEx,,Actif,2026-06-29T00:15:34.367857,basse
BJ-56037447,Marché Stock,Commerce & Distribution,Ouèssè,+229 31 75 33 28,marché.stock@marché.stock.bj,,TPE (<10),B2B/B2C,APIEx,,Actif,2026-06-29T00:15:34.367922,moyenne
BJ-1840F9A7,Distribution Market,Commerce & Distribution,Ouèssè,+229 78 75 40 26,,distributionmarket.bj,Grande (>200),B2B/B2C,APIEx,,Actif,2026-06-29T00:15:34.367934,moyenne
BJ-0616C117,Distribution Boutique Shop Bassila,Commerce & Distribution,Bassila,+229 60 95 53 59,,,TPE (<10),B2C,APIEx,,Actif,2026-06-29T00:15:34.367964,basse
BJ-505B16E8,SARL Stock,Commerce & Distribution,Bassila,+229 40 21 53 75,,sarlstock.bj,PME (50-200),B2B/B2C,APIEx,,Actif,2026-06-29T00:15:34.367975,moyenne
BJ-5F6C348E,Distribution Supermarché,Commerce & Distribution,Bassila,+229 20 55 76 14,,,TPE (<10),B2C,APIEx,,Actif,2026-06-29T00:15:34.367997,basse
BJ-3211F763,Groupe Supply,Commerce & Distribution,Pehunco,+229 63 96 52 48,groupe.supply@groupe.supply.benin,,PME (50-200),B2B/B2C,APIEx,,Actif,2026-06-29T00:15:34.368014,moyenne
BJ-37119DD6,Distribution Groupe Pehunco,Commerce & Distribution,Pehunco,+229 52 42 26 11,distribution.groupe.pehunco@distribution.groupe.pehunco.benin,,PME (10-50),B2C,APIEx,,Actif,2026-06-29T00:15:34.368058,moyenne
BJ-C2EBEBBB,Stock Bénin,Commerce & Distribution,Pehunco,+229 83 71 29 66,stock.bénin@stock.bénin.org,,PME (10-50),B2B/B2C,APIEx,,Actif,2026-06-29T00:15:34.368073,moyenne
BJ-B547B749,Grossiste,Commerce & Distribution,Pehunco,+229 20 43 31 17,,grossiste.bj,TPE (<10),B2C,APIEx,,Actif,2026-06-29T00:15:34.368085,moyenne
BJ-71975E1F,Centre Provision,Commerce & Distribution,Copargo,+229 73 64 35 45,,centreprovision.bj,PME (10-50),B2C,APIEx,,Actif,2026-06-29T00:15:34.368102,moyenne
BJ-FEA836E9,Boutique Groupe,Commerce & Distribution,Copargo,+229 79 54 31 30,boutique.groupe@boutique.groupe.net,,Grande (>200),B2C,APIEx,,Actif,2026-06-29T00:15:34.368130,moyenne
BJ-9C76D447,Super Stock,Commerce & Distribution,Copargo,+229 77 33 59 80,,,PME (10-50),B2C,APIEx,,Actif,2026-06-29T00:15:34.368141,basse
BJ-19E91DA7,Distribution Détaillant,Commerce & Distribution,Copargo,+229 77 14 30 50,,,Grande (>200),B2B/B2C,APIEx,,Actif,2026-06-29T00:15:34.368152,basse
BJ-5761FFB4,Café Goût Restaurant,Restauration & Hôtellerie,Cotonou,+229 47 60 52 71,café.goût.restaurant@café.goût.restaurant.com,,PME (10-50),B2C,APIEx,,Actif,2026-06-29T00:15:34.368173,moyenne
BJ-6B0F6F9F,Nouveau Restaurant,Restauration & Hôtellerie,Cotonou,+229 92 92 85 63,nouveau.restaurant@nouveau.restaurant.net,,PME (10-50),B2C,APIEx,,Actif,2026-06-29T00:15:34.368201,moyenne
BJ-79FC7B69,Jardin,Restauration & Hôtellerie,Cotonou,+229 62 99 41 32,,jardin.bj,PME (50-200),B2C,APIEx,,Actif,2026-06-29T00:15:34.368213,moyenne
BJ-7ED39E41,Royal Café,Restauration & Hôtellerie,Cotonou,+229 30 82 86 21,royal.café@royal.café.org,,TPE (<10),B2C,APIEx,,Actif,2026-06-29T00:15:34.368225,moyenne
BJ-891D7F4A,Auberge Plage Abomey-Calavi,Restauration & Hôtellerie,Abomey-Calavi,+229 47 87 20 69,auberge.plage.abomeycalavi@auberge.plage.abomeycalavi.org,,PME (50-200),B2C,APIEx,,Actif,2026-06-29T00:15:34.368254,moyenne
BJ-9E66ECD7,Village International,Restauration & Hôtellerie,Abomey-Calavi,+229 23 73 29 18,,villageinternational.bj,TPE (<10),B2C,APIEx,,Actif,2026-06-29T00:15:34.368277,moyenne
BJ-9185451E,Table Hotel,Restauration & Hôtellerie,Abomey-Calavi,+229 49 86 54 56,table.hotel@table.hotel.benin,tablehotel.bj,PME (10-50),B2C,APIEx,,Actif,2026-06-29T00:15:34.368289,haute
BJ-76571A6A,Café Royal Porto-Novo,Restauration & Hôtellerie,Porto-Novo,+229 29 27 37 12,café.royal.portonovo@café.royal.portonovo.com,,PME (10-50),B2C,APIEx,,Actif,2026-06-29T00:15:34.368308,moyenne
BJ-46C38EB8,Lac,Restauration & Hôtellerie,Porto-Novo,+229 91 94 29 58,,lac.bj,Grande (>200),B2C,APIEx,,Actif,2026-06-29T00:15:34.368323,moyenne
BJ-DBD845E2,Restaurant Ambiance Restaurant,Restauration & Hôtellerie,Porto-Novo,+229 30 12 28 70,,,PME (10-50),B2C,APIEx,,Actif,2026-06-29T00:15:34.368350,basse
BJ-A07655F8,Plage Porto-Novo,Restauration & Hôtellerie,Porto-Novo,+229 61 76 73 21,,,PME (50-200),B2C,APIEx,,Actif,2026-06-29T00:15:34.368361,basse
BJ-E483C7A6,Restaurant Nouveau International,Restauration & Hôtellerie,Parakou,+229 77 57 76 27,,restaurantnouveauinternational.bj,PME (10-50),B2C,APIEx,,Actif,2026-06-29T00:15:34.368380,moyenne
BJ-B148C810,Auberge Plage Café,Restauration & Hôtellerie,Parakou,+229 63 63 84 55,,,PME (10-50),B2C,APIEx,,Actif,2026-06-29T00:15:34.368393,basse
BJ-F44254CA,Café Village,Restauration & Hôtellerie,Parakou,+229 70 13 74 84,,,Grande (>200),B2C,APIEx,,Actif,2026-06-29T00:15:34.368404,basse
BJ-7946C89E,Restaurant Mer,Restauration & Hôtellerie,Parakou,+229 92 92 84 51,,,TPE (<10),B2C,APIEx,,Actif,2026-06-29T00:15:34.368415,basse
BJ-B56EF517,Pension Plage Brasserie Bohicon,Restauration & Hôtellerie,Bohicon,+229 22 88 35 31,pension.plage.brasserie.bohicon@pension.plage.brasserie.bohicon.bj,pensionplagebrasseriebohicon.bj,PME (50-200),B2C,APIEx,,Actif,2026-06-29T00:15:34.368452,haute
BJ-4E31F2F5,Café Jardin Hotel,Restauration & Hôtellerie,Bohicon,+229 66 82 83 18,café.jardin.hotel@café.jardin.hotel.benin,caféjardinhotel.bj,PME (50-200),B2C,APIEx,,Actif,2026-06-29T00:15:34.368470,haute
BJ-9B5F1DC5,Café Gourmet Café,Restauration & Hôtellerie,Bohicon,+229 59 54 75 63,,,PME (10-50),B2C,APIEx,,Actif,2026-06-29T00:15:34.368482,basse
BJ-F317A79E,Jardin,Restauration & Hôtellerie,Bohicon,+229 48 93 41 71,,jardin.bj,PME (50-200),B2C,APIEx,,Actif,2026-06-29T00:15:34.368493,moyenne
BJ-8197C0A5,Ambiance Brasserie Bohicon,Restauration & Hôtellerie,Bohicon,+229 77 48 50 66,ambiance.brasserie.bohicon@ambiance.brasserie.bohicon.org,ambiancebrasseriebohicon.bj,PME (10-50),B2C,APIEx,,Actif,2026-06-29T00:15:34.368506,haute
BJ-F2C3E716,Mer,Restauration & Hôtellerie,Natitingou,+229 54 21 87 80,,mer.bj,PME (10-50),B2C,APIEx,,Actif,2026-06-29T00:15:34.368524,moyenne
BJ-536872A1,Mer Natitingou,Restauration & Hôtellerie,Natitingou,+229 98 32 26 22,mer.natitingou@mer.natitingou.org,,TPE (<10),B2C,APIEx,,Actif,2026-06-29T00:15:34.368536,moyenne
BJ-96290C84,Brasserie Jardin Brasserie,Restauration & Hôtellerie,Natitingou,+229 98 42 48 72,brasserie.jardin.brasserie@brasserie.jardin.brasserie.com,brasseriejardinbrasserie.bj,TPE (<10),B2C,APIEx,,Actif,2026-06-29T00:15:34.368549,haute
BJ-E2CC0FB8,Auberge Jardin Hotel,Restauration & Hôtellerie,Natitingou,+229 77 89 75 20,,aubergejardinhotel.bj,PME (10-50),B2C,APIEx,,Actif,2026-06-29T00:15:34.368561,moyenne
BJ-832E6AE2,Auberge Table Hotel,Restauration & Hôtellerie,Natitingou,+229 36 35 61 65,,,TPE (<10),B2C,APIEx,,Actif,2026-06-29T00:15:34.368571,basse
BJ-20EFBD94,Ambiance,Restauration & Hôtellerie,Lokossa,+229 75 52 29 46,,,TPE (<10),B2C,APIEx,,Actif,2026-06-29T00:15:34.368588,basse
BJ-F6B34164,Restaurant Mer Palace,Restauration & Hôtellerie,Lokossa,+229 24 72 44 95,,restaurantmerpalace.bj,TPE (<10),B2C,APIEx,,Actif,2026-06-29T00:15:34.368607,moyenne
BJ-434E97B4,Brasserie Ambiance,Restauration & Hôtellerie,Lokossa,+229 90 83 23 40,brasserie.ambiance@brasserie.ambiance.benin,brasserieambiance.bj,PME (50-200),B2C,APIEx,,Actif,2026-06-29T00:15:34.368620,haute
BJ-41DFD095,Auberge Grand Lokossa,Restauration & Hôtellerie,Lokossa,+229 64 55 56 13,auberge.grand.lokossa@auberge.grand.lokossa.com,aubergegrandlokossa.bj,TPE (<10),B2C,APIEx,,Actif,2026-06-29T00:15:34.368633,haute
BJ-9C5D9537,Bar Table,Restauration & Hôtellerie,Lokossa,+229 32 60 87 18,bar.table@bar.table.benin,,PME (10-50),B2C,APIEx,,Actif,2026-06-29T00:15:34.368644,moyenne
BJ-CD800213,Restaurant Saveur,Restauration & Hôtellerie,Ouidah,+229 41 20 50 44,restaurant.saveur@restaurant.saveur.org,restaurantsaveur.bj,TPE (<10),B2C,APIEx,,Actif,2026-06-29T00:15:34.368663,haute
BJ-9C81A505,Gourmet,Restauration & Hôtellerie,Ouidah,+229 46 95 74 68,gourmet@gourmet.com,gourmet.bj,TPE (<10),B2C,APIEx,,Actif,2026-06-29T00:15:34.368675,haute
BJ-0E5671A7,Café Détente Ouidah,Restauration & Hôtellerie,Ouidah,+229 68 70 56 78,café.détente.ouidah@café.détente.ouidah.com,cafédétenteouidah.bj,TPE (<10),B2C,APIEx,,Actif,2026-06-29T00:15:34.368690,haute
BJ-D6E26C6B,Brasserie Plage International,Restauration & Hôtellerie,Ouidah,+229 29 26 82 77,,,TPE (<10),B2C,APIEx,,Actif,2026-06-29T00:15:34.368700,basse
BJ-232D780F,Royal Café,Restauration & Hôtellerie,Ouidah,+229 57 88 17 61,,royalcafé.bj,Grande (>200),B2C,APIEx,,Actif,2026-06-29T00:15:34.368712,moyenne
BJ-264AC115,Hôtel Gourmet Café,Restauration & Hôtellerie,Savalou,+229 43 61 12 26,,hôtelgourmetcafé.bj,TPE (<10),B2C,APIEx,,Actif,2026-06-29T00:15:34.368731,moyenne
BJ-CE2C1B11,Restaurant Ambiance,Restauration & Hôtellerie,Savalou,+229 91 32 99 46,restaurant.ambiance@restaurant.ambiance.org,,TPE (<10),B2C,APIEx,,Actif,2026-06-29T00:15:34.368747,moyenne
BJ-E318F003,Hôtel Saveur Palace,Restauration & Hôtellerie,Savalou,+229 81 38 92 32,,hôtelsaveurpalace.bj,PME (10-50),B2C,APIEx,,Actif,2026-06-29T00:15:34.368761,moyenne
BJ-0E722936,Palace Bénin,Restauration & Hôtellerie,Savalou,+229 73 18 33 90,,palacebénin.bj,TPE (<10),B2C,APIEx,,Actif,2026-06-29T00:15:34.368774,moyenne
BJ-D8756CE8,Pension Lac,Restauration & Hôtellerie,Savalou,+229 77 52 73 89,pension.lac@pension.lac.com,pensionlac.bj,PME (50-200),B2C,APIEx,,Actif,2026-06-29T00:15:34.368790,haute
BJ-D8527679,Pension Table,Restauration & Hôtellerie,Dassa-Zoumè,+229 96 69 12 70,,pensiontable.bj,PME (50-200),B2C,APIEx,,Actif,2026-06-29T00:15:34.368808,moyenne
BJ-A723A0E8,Restaurant Grand,Restauration & Hôtellerie,Dassa-Zoumè,+229 27 24 73 25,restaurant.grand@restaurant.grand.com,,PME (10-50),B2C,APIEx,,Actif,2026-06-29T00:15:34.368824,moyenne
BJ-F9C3B2A5,Village Brasserie Dassa-Zoumè,Restauration & Hôtellerie,Dassa-Zoumè,+229 79 80 99 27,,villagebrasseriedassazoumè.bj,Grande (>200),B2C,APIEx,,Actif,2026-06-29T00:15:34.368836,moyenne
BJ-72EEE083,Auberge Ambiance Restaurant,Restauration & Hôtellerie,Dassa-Zoumè,+229 86 58 71 88,,aubergeambiancerestaurant.bj,Grande (>200),B2C,APIEx,,Actif,2026-06-29T00:15:34.368848,moyenne
BJ-0D5A6973,Auberge Jardin Hotel Dassa-Zoumè,Restauration & Hôtellerie,Dassa-Zoumè,+229 35 62 51 12,,aubergejardinhoteldassazoumè.bj,TPE (<10),B2C,APIEx,,Actif,2026-06-29T00:15:34.368860,moyenne
BJ-401C5104,Restaurant Plage,Restauration & Hôtellerie,Kétou,+229 83 88 15 27,restaurant.plage@restaurant.plage.org,restaurantplage.bj,PME (10-50),B2C,APIEx,,Actif,2026-06-29T00:15:34.368878,haute
BJ-D99132D7,Mer International,Restauration & Hôtellerie,Kétou,+229 33 16 24 13,mer.international@mer.international.bj,merinternational.bj,TPE (<10),B2C,APIEx,,Actif,2026-06-29T00:15:34.368910,haute
BJ-54290C39,Village,Restauration & Hôtellerie,Kétou,+229 48 94 66 10,village@village.org,village.bj,PME (10-50),B2C,APIEx,,Actif,2026-06-29T00:15:34.368928,haute
BJ-21E6A280,Brasserie Table Brasserie Kétou,Restauration & Hôtellerie,Kétou,+229 53 78 57 50,brasserie.table.brasserie.kétou@brasserie.table.brasserie.kétou.com,brasserietablebrasseriekétou.bj,TPE (<10),B2C,APIEx,,Actif,2026-06-29T00:15:34.368942,haute
BJ-03A9B84E,Grand,Restauration & Hôtellerie,Kétou,+229 60 88 42 32,,grand.bj,PME (10-50),B2C,APIEx,,Actif,2026-06-29T00:15:34.368953,moyenne
BJ-58EB5FEF,Café Saveur Palace,Restauration & Hôtellerie,Covè,+229 92 14 86 59,café.saveur.palace@café.saveur.palace.org,cafésaveurpalace.bj,PME (50-200),B2C,APIEx,,Actif,2026-06-29T00:15:34.368986,haute
BJ-0B6CECF0,Saveur Bénin,Restauration & Hôtellerie,Covè,+229 61 31 59 78,,saveurbénin.bj,TPE (<10),B2C,APIEx,,Actif,2026-06-29T00:15:34.369012,moyenne
BJ-6F6DF6B8,Pension Palace,Restauration & Hôtellerie,Covè,+229 57 89 58 59,,,TPE (<10),B2C,APIEx,,Actif,2026-06-29T00:15:34.369022,basse
BJ-51E02635,Restaurant Nouveau,Restauration & Hôtellerie,Pobè,+229 56 27 63 23,restaurant.nouveau@restaurant.nouveau.bj,restaurantnouveau.bj,Grande (>200),B2C,APIEx,,Actif,2026-06-29T00:15:34.369041,haute
BJ-769045B3,Brasserie Village International,Restauration & Hôtellerie,Pobè,+229 96 99 83 93,brasserie.village.international@brasserie.village.international.org,brasserievillageinternational.bj,TPE (<10),B2C,APIEx,,Actif,2026-06-29T00:15:34.369060,haute
BJ-E2EF13B4,Auberge Nouveau,Restauration & Hôtellerie,Pobè,+229 26 99 65 41,,aubergenouveau.bj,TPE (<10),B2C,APIEx,,Actif,2026-06-29T00:15:34.369074,moyenne
BJ-34B98F8B,Nouveau International,Restauration & Hôtellerie,Pobè,+229 51 64 93 94,nouveau.international@nouveau.international.benin,,Grande (>200),B2C,APIEx,,Actif,2026-06-29T00:15:34.369085,moyenne
BJ-64D8C97E,Brasserie Saveur Pobè,Restauration & Hôtellerie,Pobè,+229 27 45 51 15,,brasseriesaveurpobè.bj,TPE (<10),B2C,APIEx,,Actif,2026-06-29T00:15:34.369097,moyenne
BJ-0164A4E8,Grand,Restauration & Hôtellerie,Sakété,+229 41 26 19 66,,grand.bj,TPE (<10),B2C,APIEx,,Actif,2026-06-29T00:15:34.369114,moyenne
BJ-BD891E0A,Plage Restaurant Sakété,Restauration & Hôtellerie,Sakété,+229 95 39 74 57,,,TPE (<10),B2C,APIEx,,Actif,2026-06-29T00:15:34.369138,basse
BJ-BEF56A6E,Hôtel Saveur Hotel,Restauration & Hôtellerie,Sakété,+229 69 81 80 10,hôtel.saveur.hotel@hôtel.saveur.hotel.bj,hôtelsaveurhotel.bj,TPE (<10),B2C,APIEx,,Actif,2026-06-29T00:15:34.369151,haute
BJ-0498A770,Hôtel Mer,Restauration & Hôtellerie,Sakété,+229 66 91 36 49,,hôtelmer.bj,PME (50-200),B2C,APIEx,,Actif,2026-06-29T00:15:34.369167,moyenne
BJ-CFD500B1,Café Palace,Restauration & Hôtellerie,Adjara,+229 71 16 69 15,café.palace@café.palace.benin,cafépalace.bj,Grande (>200),B2C,APIEx,,Actif,2026-06-29T00:15:34.369186,haute
BJ-BC2FBE5B,Bar Royal Bénin,Restauration & Hôtellerie,Adjara,+229 20 71 63 43,bar.royal.bénin@bar.royal.bénin.com,barroyalbénin.bj,Grande (>200),B2C,APIEx,,Actif,2026-06-29T00:15:34.369202,haute
BJ-CD80CAF9,Auberge Ambiance Adjara,Restauration & Hôtellerie,Adjara,+229 26 20 53 76,auberge.ambiance.adjara@auberge.ambiance.adjara.net,,PME (50-200),B2C,APIEx,,Actif,2026-06-29T00:15:34.369216,moyenne
BJ-7A68646F,Pension Saveur Restaurant,Restauration & Hôtellerie,Adjara,+229 40 98 14 22,pension.saveur.restaurant@pension.saveur.restaurant.com,pensionsaveurrestaurant.bj,TPE (<10),B2C,APIEx,,Actif,2026-06-29T00:15:34.369228,haute
BJ-3EA96C81,Gourmet,Restauration & Hôtellerie,Adjara,+229 67 42 27 17,gourmet@gourmet.net,gourmet.bj,TPE (<10),B2C,APIEx,,Actif,2026-06-29T00:15:34.369240,haute
BJ-F5EFBBD1,Table Hotel,Restauration & Hôtellerie,Allada,+229 64 96 66 55,table.hotel@table.hotel.com,tablehotel.bj,PME (10-50),B2C,APIEx,,Actif,2026-06-29T00:15:34.369259,haute
BJ-B482B666,Mer,Restauration & Hôtellerie,Allada,+229 28 25 43 51,,mer.bj,TPE (<10),B2C,APIEx,,Actif,2026-06-29T00:15:34.369270,moyenne
BJ-70B3FC04,Bar Ambiance Bénin,Restauration & Hôtellerie,Allada,+229 26 43 19 85,,barambiancebénin.bj,PME (50-200),B2C,APIEx,,Actif,2026-06-29T00:15:34.369281,moyenne
BJ-033B9563,Brasserie Goût Allada,Restauration & Hôtellerie,Allada,+229 74 63 77 83,brasserie.goût.allada@brasserie.goût.allada.org,,Grande (>200),B2C,APIEx,,Actif,2026-06-29T00:15:34.369297,moyenne
BJ-0A870157,Brasserie Table Café,Restauration & Hôtellerie,Allada,+229 47 47 48 83,brasserie.table.café@brasserie.table.café.benin,,TPE (<10),B2C,APIEx,,Actif,2026-06-29T00:15:34.369311,moyenne
BJ-A64A410A,Gourmet Hotel,Restauration & Hôtellerie,Aplahoué,+229 77 76 16 62,,gourmethotel.bj,Grande (>200),B2C,APIEx,,Actif,2026-06-29T00:15:34.369328,moyenne
BJ-53B0FDA8,Hôtel Mer Brasserie,Restauration & Hôtellerie,Aplahoué,+229 68 73 48 52,,hôtelmerbrasserie.bj,TPE (<10),B2C,APIEx,,Actif,2026-06-29T00:15:34.369343,moyenne
BJ-3E88A0CB,Pension Mer International,Restauration & Hôtellerie,Aplahoué,+229 75 43 39 15,,pensionmerinternational.bj,PME (50-200),B2C,APIEx,,Actif,2026-06-29T00:15:34.369355,moyenne
BJ-81E43412,Ambiance International,Restauration & Hôtellerie,Aplahoué,+229 80 15 52 71,,,PME (50-200),B2C,APIEx,,Actif,2026-06-29T00:15:34.369366,basse
BJ-ED47DE45,Brasserie Village Inn,Restauration & Hôtellerie,Dogbo-Tota,+229 96 18 96 37,brasserie.village.inn@brasserie.village.inn.net,brasserievillageinn.bj,TPE (<10),B2C,APIEx,,Actif,2026-06-29T00:15:34.369405,haute
BJ-D2926DED,Auberge Grand Inn,Restauration & Hôtellerie,Dogbo-Tota,+229 50 47 38 62,,,PME (50-200),B2C,APIEx,,Actif,2026-06-29T00:15:34.369416,basse
BJ-BFE01EAC,Bar Royal Restaurant,Restauration & Hôtellerie,Dogbo-Tota,+229 49 24 67 25,bar.royal.restaurant@bar.royal.restaurant.bj,barroyalrestaurant.bj,PME (10-50),B2C,APIEx,,Actif,2026-06-29T00:15:34.369429,haute
BJ-8564F883,Gourmet Café,Restauration & Hôtellerie,Dogbo-Tota,+229 40 23 96 17,gourmet.café@gourmet.café.org,gourmetcafé.bj,PME (50-200),B2C,APIEx,,Actif,2026-06-29T00:15:34.369442,haute
BJ-5CB89B1D,Café Palace Kpomassè,Restauration & Hôtellerie,Kpomassè,+229 90 31 45 53,,,Grande (>200),B2C,APIEx,,Actif,2026-06-29T00:15:34.369458,basse
BJ-219F10B5,Brasserie Palace International,Restauration & Hôtellerie,Kpomassè,+229 36 60 52 89,,brasseriepalaceinternational.bj,PME (10-50),B2C,APIEx,,Actif,2026-06-29T00:15:34.369490,moyenne
BJ-5FBBFD62,Détente Café,Restauration & Hôtellerie,Kpomassè,+229 86 54 93 46,détente.café@détente.café.org,détentecafé.bj,TPE (<10),B2C,APIEx,,Actif,2026-06-29T00:15:34.369503,haute
BJ-56EE3001,Bar Nouveau Tori-Bossito,Restauration & Hôtellerie,Tori-Bossito,+229 43 73 38 14,bar.nouveau.toribossito@bar.nouveau.toribossito.bj,barnouveautoribossito.bj,Grande (>200),B2C,APIEx,,Actif,2026-06-29T00:15:34.369547,haute
BJ-217140AD,Saveur International Tori-Bossito,Restauration & Hôtellerie,Tori-Bossito,+229 91 69 26 31,,saveurinternationaltoribossito.bj,PME (10-50),B2C,APIEx,,Actif,2026-06-29T00:15:34.369560,moyenne
BJ-238E30A8,Table Restaurant,Restauration & Hôtellerie,Tori-Bossito,+229 70 42 96 86,table.restaurant@table.restaurant.org,tablerestaurant.bj,PME (50-200),B2C,APIEx,,Actif,2026-06-29T00:15:34.369572,haute
BJ-749423C3,Saveur Tori-Bossito,Restauration & Hôtellerie,Tori-Bossito,+229 32 86 44 77,saveur.toribossito@saveur.toribossito.com,saveurtoribossito.bj,PME (10-50),B2C,APIEx,,Actif,2026-06-29T00:15:34.369584,haute
BJ-075E2EDA,Hôtel Goût Café,Restauration & Hôtellerie,Tori-Bossito,+229 30 48 36 36,,hôtelgoûtcafé.bj,PME (10-50),B2C,APIEx,,Actif,2026-06-29T00:15:34.369596,moyenne
BJ-B1AED9D2,Café Plage Palace,Restauration & Hôtellerie,Grand-Popo,+229 30 68 38 76,,,TPE (<10),B2C,APIEx,,Actif,2026-06-29T00:15:34.369613,basse
BJ-68102B56,Brasserie Grand,Restauration & Hôtellerie,Grand-Popo,+229 69 24 10 35,,brasseriegrand.bj,TPE (<10),B2C,APIEx,,Actif,2026-06-29T00:15:34.369628,moyenne
BJ-3F945B76,Ambiance Hotel,Restauration & Hôtellerie,Grand-Popo,+229 25 54 61 19,ambiance.hotel@ambiance.hotel.bj,ambiancehotel.bj,TPE (<10),B2C,APIEx,,Actif,2026-06-29T00:15:34.369653,haute
BJ-B9A51152,Plage Inn,Restauration & Hôtellerie,Grand-Popo,+229 80 92 82 32,plage.inn@plage.inn.net,plageinn.bj,PME (10-50),B2C,APIEx,,Actif,2026-06-29T00:15:34.369665,haute
BJ-F0C294EA,Mer Athiémé,Restauration & Hôtellerie,Athiémé,+229 37 42 91 20,mer.athiémé@mer.athiémé.net,,PME (10-50),B2C,APIEx,,Actif,2026-06-29T00:15:34.369684,moyenne
BJ-03C39C30,Brasserie Lac,Restauration & Hôtellerie,Athiémé,+229 99 62 88 29,,,PME (50-200),B2C,APIEx,,Actif,2026-06-29T00:15:34.369695,basse
BJ-B13CDBBD,Brasserie Ambiance Bénin,Restauration & Hôtellerie,Athiémé,+229 69 44 44 86,brasserie.ambiance.bénin@brasserie.ambiance.bénin.bj,brasserieambiancebénin.bj,TPE (<10),B2C,APIEx,,Actif,2026-06-29T00:15:34.369709,haute
BJ-46FD56A4,Grand,Restauration & Hôtellerie,Athiémé,+229 20 66 40 67,grand@grand.org,,TPE (<10),B2C,APIEx,,Actif,2026-06-29T00:15:34.369722,moyenne
BJ-ADD96E2B,Hôtel Village,Restauration & Hôtellerie,Athiémé,+229 92 22 65 48,hôtel.village@hôtel.village.org,,PME (50-200),B2C,APIEx,,Actif,2026-06-29T00:15:34.369735,moyenne
BJ-2AFA309A,Brasserie Détente,Restauration & Hôtellerie,Bopa,+229 76 37 65 84,,,TPE (<10),B2C,APIEx,,Actif,2026-06-29T00:15:34.369753,basse
BJ-B718A4B5,Restaurant Jardin,Restauration & Hôtellerie,Bopa,+229 72 75 41 19,restaurant.jardin@restaurant.jardin.com,restaurantjardin.bj,TPE (<10),B2C,APIEx,,Actif,2026-06-29T00:15:34.369774,haute
BJ-7D642BF9,Auberge Goût,Restauration & Hôtellerie,Bopa,+229 91 56 95 37,auberge.goût@auberge.goût.bj,aubergegoût.bj,PME (10-50),B2C,APIEx,,Actif,2026-06-29T00:15:34.369788,haute
BJ-26F7A8CA,Plage Bopa,Restauration & Hôtellerie,Bopa,+229 33 93 56 43,plage.bopa@plage.bopa.net,plagebopa.bj,TPE (<10),B2C,APIEx,,Actif,2026-06-29T00:15:34.369811,haute
BJ-E7D3A283,Restaurant Palace Brasserie,Restauration & Hôtellerie,Houéyogbé,+229 40 81 33 30,,,PME (10-50),B2C,APIEx,,Actif,2026-06-29T00:15:34.369831,basse
BJ-5074412C,Lac International,Restauration & Hôtellerie,Houéyogbé,+229 28 41 19 65,lac.international@lac.international.bj,lacinternational.bj,TPE (<10),B2C,APIEx,,Actif,2026-06-29T00:15:34.369845,haute
BJ-67BD99ED,Auberge Jardin,Restauration & Hôtellerie,Houéyogbé,+229 45 84 54 80,,aubergejardin.bj,PME (10-50),B2C,APIEx,,Actif,2026-06-29T00:15:34.369868,moyenne
BJ-9130A246,Plage Hotel,Restauration & Hôtellerie,Houéyogbé,+229 93 29 40 17,plage.hotel@plage.hotel.com,,PME (50-200),B2C,APIEx,,Actif,2026-06-29T00:15:34.369880,moyenne
BJ-6F07C9CD,Bar Ambiance Restaurant,Restauration & Hôtellerie,Malanville,+229 64 62 62 74,bar.ambiance.restaurant@bar.ambiance.restaurant.net,barambiancerestaurant.bj,PME (10-50),B2C,APIEx,,Actif,2026-06-29T00:15:34.369915,haute
BJ-13EC75C2,Goût Restaurant,Restauration & Hôtellerie,Malanville,+229 58 92 38 17,goût.restaurant@goût.restaurant.org,goûtrestaurant.bj,TPE (<10),B2C,APIEx,,Actif,2026-06-29T00:15:34.369936,haute
BJ-0D1D556B,Café Gourmet Café Malanville,Restauration & Hôtellerie,Malanville,+229 69 49 94 51,café.gourmet.café.malanville@café.gourmet.café.malanville.bj,,PME (50-200),B2C,APIEx,,Actif,2026-06-29T00:15:34.369950,moyenne
BJ-8B56B4A9,Restaurant Mer,Restauration & Hôtellerie,Malanville,+229 28 51 66 25,restaurant.mer@restaurant.mer.com,restaurantmer.bj,TPE (<10),B2C,APIEx,,Actif,2026-06-29T00:15:34.369963,haute
BJ-FCF8B61F,Plage,Restauration & Hôtellerie,Malanville,+229 98 57 89 59,plage@plage.net,,TPE (<10),B2C,APIEx,,Actif,2026-06-29T00:15:34.369974,moyenne
BJ-4C8872B7,Nouveau Kandi,Restauration & Hôtellerie,Kandi,+229 98 80 70 67,,nouveaukandi.bj,PME (50-200),B2C,APIEx,,Actif,2026-06-29T00:15:34.369997,moyenne
BJ-EC317921,Auberge Palace Restaurant Kandi,Restauration & Hôtellerie,Kandi,+229 65 34 91 41,auberge.palace.restaurant.kandi@auberge.palace.restaurant.kandi.org,aubergepalacerestaurantkandi.bj,PME (10-50),B2C,APIEx,,Actif,2026-06-29T00:15:34.370010,haute
BJ-6F79386C,Auberge Lac,Restauration & Hôtellerie,Kandi,+229 84 54 51 94,,,TPE (<10),B2C,APIEx,,Actif,2026-06-29T00:15:34.370021,basse
BJ-42822C46,Bar Village,Restauration & Hôtellerie,Kandi,+229 20 88 91 13,bar.village@bar.village.bj,barvillage.bj,PME (50-200),B2C,APIEx,,Actif,2026-06-29T00:15:34.370034,haute
BJ-8A102CC5,Pension Lac,Restauration & Hôtellerie,Kandi,+229 43 92 92 99,,,TPE (<10),B2C,APIEx,,Actif,2026-06-29T00:15:34.370044,basse
BJ-A0A472C9,Plage Café,Restauration & Hôtellerie,Banikoara,+229 88 56 84 82,plage.café@plage.café.net,plagecafé.bj,Grande (>200),B2C,APIEx,,Actif,2026-06-29T00:15:34.370066,haute
BJ-50D21200,Café Goût,Restauration & Hôtellerie,Banikoara,+229 51 71 25 57,,,PME (50-200),B2C,APIEx,,Actif,2026-06-29T00:15:34.370080,basse
BJ-7E441EEA,Goût Palace Banikoara,Restauration & Hôtellerie,Banikoara,+229 87 52 12 82,goût.palace.banikoara@goût.palace.banikoara.benin,,PME (10-50),B2C,APIEx,,Actif,2026-06-29T00:15:34.370104,moyenne
BJ-3C8D236B,Brasserie Jardin Hotel Ségbana,Restauration & Hôtellerie,Ségbana,+229 80 43 35 44,brasserie.jardin.hotel.ségbana@brasserie.jardin.hotel.ségbana.benin,,TPE (<10),B2C,APIEx,,Actif,2026-06-29T00:15:34.370149,moyenne
BJ-56F01F0A,Restaurant Jardin Bénin Ségbana,Restauration & Hôtellerie,Ségbana,+229 61 46 77 19,restaurant.jardin.bénin.ségbana@restaurant.jardin.bénin.ségbana.net,restaurantjardinbéninségbana.bj,PME (10-50),B2C,APIEx,,Actif,2026-06-29T00:15:34.370165,haute
BJ-9F9784E1,Café Gourmet Brasserie,Restauration & Hôtellerie,Ségbana,+229 61 65 39 87,,,TPE (<10),B2C,APIEx,,Actif,2026-06-29T00:15:34.370176,basse
BJ-5048CADD,Pension Saveur Palace,Restauration & Hôtellerie,Ségbana,+229 44 53 38 56,,pensionsaveurpalace.bj,TPE (<10),B2C,APIEx,,Actif,2026-06-29T00:15:34.370187,moyenne
BJ-23E40D48,Gourmet Restaurant,Restauration & Hôtellerie,Karimama,+229 90 49 16 74,,gourmetrestaurant.bj,TPE (<10),B2C,APIEx,,Actif,2026-06-29T00:15:34.370214,moyenne
BJ-B77D151C,Café Lac,Restauration & Hôtellerie,Karimama,+229 86 42 79 96,café.lac@café.lac.com,cafélac.bj,TPE (<10),B2C,APIEx,,Actif,2026-06-29T00:15:34.370230,haute
BJ-1136CE84,Royal Brasserie,Restauration & Hôtellerie,Karimama,+229 75 97 89 84,,,TPE (<10),B2C,APIEx,,Actif,2026-06-29T00:15:34.370240,basse
BJ-D31A4C9E,Restaurant Table,Restauration & Hôtellerie,Karimama,+229 80 91 63 40,restaurant.table@restaurant.table.benin,restauranttable.bj,PME (50-200),B2C,APIEx,,Actif,2026-06-29T00:15:34.370252,haute
BJ-31F02D8A,Pension Détente Gogounou,Restauration & Hôtellerie,Gogounou,+229 76 88 11 76,,pensiondétentegogounou.bj,PME (50-200),B2C,APIEx,,Actif,2026-06-29T00:15:34.370273,moyenne
BJ-D57C3289,Plage,Restauration & Hôtellerie,Gogounou,+229 63 99 28 49,,plage.bj,Grande (>200),B2C,APIEx,,Actif,2026-06-29T00:15:34.370284,moyenne
BJ-39714A33,Bar Lac Restaurant,Restauration & Hôtellerie,Gogounou,+229 63 93 15 79,bar.lac.restaurant@bar.lac.restaurant.benin,,PME (10-50),B2C,APIEx,,Actif,2026-06-29T00:15:34.370307,moyenne
BJ-416DED1D,Hôtel Saveur Palace,Restauration & Hôtellerie,Gogounou,+229 59 75 72 75,hôtel.saveur.palace@hôtel.saveur.palace.bj,,Grande (>200),B2C,APIEx,,Actif,2026-06-29T00:15:34.370322,moyenne
BJ-005E008D,Café Grand,Restauration & Hôtellerie,Cobly,+229 33 67 99 65,,cafégrand.bj,PME (10-50),B2C,APIEx,,Actif,2026-06-29T00:15:34.370338,moyenne
BJ-F59A9550,Café Plage,Restauration & Hôtellerie,Cobly,+229 24 10 56 95,,caféplage.bj,PME (50-200),B2C,APIEx,,Actif,2026-06-29T00:15:34.370363,moyenne
BJ-43C05B1C,Saveur Cobly,Restauration & Hôtellerie,Cobly,+229 76 57 91 56,,saveurcobly.bj,PME (50-200),B2C,APIEx,,Actif,2026-06-29T00:15:34.370374,moyenne
BJ-FD9DAC51,Village Café,Restauration & Hôtellerie,Cobly,+229 89 21 60 91,,villagecafé.bj,PME (10-50),B2C,APIEx,,Actif,2026-06-29T00:15:34.370385,moyenne
BJ-432B1B9E,Saveur,Restauration & Hôtellerie,Tanguiéta,+229 31 13 73 78,saveur@saveur.org,saveur.bj,PME (10-50),B2C,APIEx,,Actif,2026-06-29T00:15:34.370402,haute
BJ-721CC94A,Pension Lac Restaurant Tanguiéta,Restauration & Hôtellerie,Tanguiéta,+229 48 56 44 88,,,TPE (<10),B2C,APIEx,,Actif,2026-06-29T00:15:34.370412,basse
BJ-DF9694A5,Gourmet Café,Restauration & Hôtellerie,Tanguiéta,+229 28 24 83 72,,,PME (50-200),B2C,APIEx,,Actif,2026-06-29T00:15:34.370422,basse
BJ-D17001CE,Restaurant Jardin Palace,Restauration & Hôtellerie,Tanguiéta,+229 65 73 95 32,,restaurantjardinpalace.bj,PME (50-200),B2C,APIEx,,Actif,2026-06-29T00:15:34.370436,moyenne
BJ-98D9E352,Village Restaurant,Restauration & Hôtellerie,Tanguiéta,+229 30 70 60 89,village.restaurant@village.restaurant.benin,villagerestaurant.bj,TPE (<10),B2C,APIEx,,Actif,2026-06-29T00:15:34.370448,haute
BJ-0623AECE,Gourmet Bénin Matéri,Restauration & Hôtellerie,Matéri,+229 27 17 96 68,gourmet.bénin.matéri@gourmet.bénin.matéri.com,gourmetbéninmatéri.bj,PME (10-50),B2C,APIEx,,Actif,2026-06-29T00:15:34.370466,haute
BJ-2643D0C7,Plage,Restauration & Hôtellerie,Matéri,+229 27 26 77 83,plage@plage.bj,,TPE (<10),B2C,APIEx,,Actif,2026-06-29T00:15:34.370491,moyenne
BJ-1B0F2085,Saveur Palace,Restauration & Hôtellerie,Matéri,+229 86 86 13 57,,saveurpalace.bj,Grande (>200),B2C,APIEx,,Actif,2026-06-29T00:15:34.370502,moyenne
BJ-AB2F9DFE,Gourmet Restaurant Matéri,Restauration & Hôtellerie,Matéri,+229 60 28 65 22,,gourmetrestaurantmatéri.bj,TPE (<10),B2C,APIEx,,Actif,2026-06-29T00:15:34.370514,moyenne
BJ-A7FB0DEB,Café Jardin,Restauration & Hôtellerie,Natitingou,+229 56 65 90 22,,,PME (10-50),B2C,APIEx,,Actif,2026-06-29T00:15:34.370530,basse
BJ-B149760E,Bar Ambiance,Restauration & Hôtellerie,Natitingou,+229 31 42 55 96,bar.ambiance@bar.ambiance.org,barambiance.bj,PME (10-50),B2C,APIEx,,Actif,2026-06-29T00:15:34.370564,haute
BJ-CFBE3920,Lac Café,Restauration & Hôtellerie,Natitingou,+229 40 72 29 47,lac.café@lac.café.com,laccafé.bj,PME (50-200),B2C,APIEx,,Actif,2026-06-29T00:15:34.370576,haute
BJ-1FB7DB24,Restaurant Jardin,Restauration & Hôtellerie,Toucountouna,+229 48 83 87 30,restaurant.jardin@restaurant.jardin.bj,,TPE (<10),B2C,APIEx,,Actif,2026-06-29T00:15:34.370620,moyenne
BJ-602635B4,Auberge Palace International Toucountouna,Restauration & Hôtellerie,Toucountouna,+229 73 62 21 43,auberge.palace.international.toucountouna@auberge.palace.international.toucountouna.com,aubergepalaceinternationaltoucountouna.bj,Grande (>200),B2C,APIEx,,Actif,2026-06-29T00:15:34.370632,haute
BJ-28E187F1,Jardin Hotel Toucountouna,Restauration & Hôtellerie,Toucountouna,+229 73 28 79 23,,,Grande (>200),B2C,APIEx,,Actif,2026-06-29T00:15:34.370648,basse
BJ-70B55EC1,Goût,Restauration & Hôtellerie,Boukoumbé,+229 32 35 87 51,goût@goût.bj,goût.bj,Grande (>200),B2C,APIEx,,Actif,2026-06-29T00:15:34.370667,haute
BJ-657E0468,Auberge Jardin Restaurant,Restauration & Hôtellerie,Boukoumbé,+229 65 73 46 89,auberge.jardin.restaurant@auberge.jardin.restaurant.benin,,TPE (<10),B2C,APIEx,,Actif,2026-06-29T00:15:34.370703,moyenne
BJ-9F5AFF10,Café Nouveau Café Boukoumbé,Restauration & Hôtellerie,Boukoumbé,+229 39 62 92 51,,,PME (50-200),B2C,APIEx,,Actif,2026-06-29T00:15:34.370714,basse
BJ-07B7AFBF,Hôtel Ambiance,Restauration & Hôtellerie,Kouandé,+229 58 80 30 85,,,PME (50-200),B2C,APIEx,,Actif,2026-06-29T00:15:34.370730,basse
BJ-B18DBC95,Brasserie Gourmet International Kouandé,Restauration & Hôtellerie,Kouandé,+229 77 24 25 45,brasserie.gourmet.international.kouandé@brasserie.gourmet.international.kouandé.org,brasseriegourmetinternationalkouandé.bj,TPE (<10),B2C,APIEx,,Actif,2026-06-29T00:15:34.370747,haute
BJ-26213338,Brasserie Village International,Restauration & Hôtellerie,Kouandé,+229 69 21 98 13,,brasserievillageinternational.bj,Grande (>200),B2C,APIEx,,Actif,2026-06-29T00:15:34.370759,moyenne
BJ-F3B8B69A,Hôtel Village International Kouandé,Restauration & Hôtellerie,Kouandé,+229 48 71 64 17,hôtel.village.international.kouandé@hôtel.village.international.kouandé.org,,TPE (<10),B2C,APIEx,,Actif,2026-06-29T00:15:34.370771,moyenne
BJ-A921A26A,Lac Kouandé,Restauration & Hôtellerie,Kouandé,+229 33 73 26 56,,,TPE (<10),B2C,APIEx,,Actif,2026-06-29T00:15:34.370793,basse
BJ-34CABABA,Saveur Inn,Restauration & Hôtellerie,Péhunco,+229 85 58 77 91,saveur.inn@saveur.inn.bj,saveurinn.bj,Grande (>200),B2C,APIEx,,Actif,2026-06-29T00:15:34.370825,haute
BJ-14DB0C53,Hôtel Plage,Restauration & Hôtellerie,Péhunco,+229 60 98 85 45,,,TPE (<10),B2C,APIEx,,Actif,2026-06-29T00:15:34.370847,basse
BJ-C91FBD37,Restaurant Lac,Restauration & Hôtellerie,Péhunco,+229 77 74 18 54,,restaurantlac.bj,TPE (<10),B2C,APIEx,,Actif,2026-06-29T00:15:34.370876,moyenne
BJ-A54C4680,Restaurant Gourmet,Restauration & Hôtellerie,Péhunco,+229 61 29 33 59,restaurant.gourmet@restaurant.gourmet.benin,restaurantgourmet.bj,TPE (<10),B2C,APIEx,,Actif,2026-06-29T00:15:34.370913,haute
BJ-3FD9D1E6,Pension Village,Restauration & Hôtellerie,Péhunco,+229 68 82 26 77,pension.village@pension.village.benin,,PME (10-50),B2C,APIEx,,Actif,2026-06-29T00:15:34.370938,moyenne
BJ-20EF4CE4,Village Palace,Restauration & Hôtellerie,Tchaourou,+229 94 17 97 93,village.palace@village.palace.com,villagepalace.bj,Grande (>200),B2C,APIEx,,Actif,2026-06-29T00:15:34.370961,haute
BJ-919B3741,Hôtel Mer Brasserie Tchaourou,Restauration & Hôtellerie,Tchaourou,+229 89 66 26 51,,hôtelmerbrasserietchaourou.bj,PME (10-50),B2C,APIEx,,Actif,2026-06-29T00:15:34.370982,moyenne
BJ-CD27E5D6,Mer Café Tchaourou,Restauration & Hôtellerie,Tchaourou,+229 92 47 43 15,mer.café.tchaourou@mer.café.tchaourou.net,mercafétchaourou.bj,PME (10-50),B2C,APIEx,,Actif,2026-06-29T00:15:34.370997,haute
BJ-BD98FF47,Brasserie Détente,Restauration & Hôtellerie,Tchaourou,+229 37 21 22 67,brasserie.détente@brasserie.détente.bj,brasseriedétente.bj,TPE (<10),B2C,APIEx,,Actif,2026-06-29T00:15:34.371010,haute
BJ-A467094C,Jardin International,Restauration & Hôtellerie,Tchaourou,+229 78 29 57 52,jardin.international@jardin.international.com,jardininternational.bj,PME (50-200),B2C,APIEx,,Actif,2026-06-29T00:15:34.371022,haute
BJ-DB3D0556,Brasserie Goût,Restauration & Hôtellerie,Nikki,+229 70 19 60 55,brasserie.goût@brasserie.goût.net,,TPE (<10),B2C,APIEx,,Actif,2026-06-29T00:15:34.371041,moyenne
BJ-9AAB199D,Bar Grand,Restauration & Hôtellerie,Nikki,+229 73 27 45 10,,bargrand.bj,PME (50-200),B2C,APIEx,,Actif,2026-06-29T00:15:34.371052,moyenne
BJ-EE4025A5,Détente Restaurant,Restauration & Hôtellerie,Nikki,+229 75 85 54 93,,détenterestaurant.bj,TPE (<10),B2C,APIEx,,Actif,2026-06-29T00:15:34.371064,moyenne
BJ-D45DFA77,Café Saveur,Restauration & Hôtellerie,Nikki,+229 41 95 19 84,café.saveur@café.saveur.bj,cafésaveur.bj,PME (10-50),B2C,APIEx,,Actif,2026-06-29T00:15:34.371087,haute
BJ-6FDE75FB,Bar Plage,Restauration & Hôtellerie,Bembéréké,+229 77 32 45 99,,barplage.bj,TPE (<10),B2C,APIEx,,Actif,2026-06-29T00:15:34.371104,moyenne
BJ-A7178625,Bar Table Bénin,Restauration & Hôtellerie,Bembéréké,+229 74 48 55 32,,,PME (10-50),B2C,APIEx,,Actif,2026-06-29T00:15:34.371121,basse
BJ-FAEDC439,Pension Grand Inn,Restauration & Hôtellerie,Bembéréké,+229 30 77 48 98,,pensiongrandinn.bj,TPE (<10),B2C,APIEx,,Actif,2026-06-29T00:15:34.371134,moyenne
BJ-952C38D9,Restaurant Détente Hotel Bembéréké,Restauration & Hôtellerie,Bembéréké,+229 61 19 70 31,,restaurantdétentehotelbembéréké.bj,Grande (>200),B2C,APIEx,,Actif,2026-06-29T00:15:34.371147,moyenne
BJ-ADBB160B,Hôtel Nouveau,Restauration & Hôtellerie,Bembéréké,+229 99 59 58 79,,hôtelnouveau.bj,TPE (<10),B2C,APIEx,,Actif,2026-06-29T00:15:34.371159,moyenne
BJ-05650D38,Café Plage,Restauration & Hôtellerie,Kalalé,+229 23 89 25 97,,caféplage.bj,PME (10-50),B2C,APIEx,,Actif,2026-06-29T00:15:34.371176,moyenne
BJ-29C3FB6E,Nouveau Restaurant,Restauration & Hôtellerie,Kalalé,+229 63 34 21 30,nouveau.restaurant@nouveau.restaurant.org,,TPE (<10),B2C,APIEx,,Actif,2026-06-29T00:15:34.371188,moyenne
BJ-A3A23299,Bar Mer Brasserie,Restauration & Hôtellerie,Kalalé,+229 60 32 19 66,,barmerbrasserie.bj,TPE (<10),B2C,APIEx,,Actif,2026-06-29T00:15:34.371202,moyenne
BJ-9292D00D,Palace,Restauration & Hôtellerie,Kalalé,+229 62 58 85 98,,palace.bj,PME (10-50),B2C,APIEx,,Actif,2026-06-29T00:15:34.371214,moyenne
BJ-9AAC0EA0,Jardin Kalalé,Restauration & Hôtellerie,Kalalé,+229 67 78 89 60,,,TPE (<10),B2C,APIEx,,Actif,2026-06-29T00:15:34.371224,basse
BJ-E291B3D9,Restaurant Grand,Restauration & Hôtellerie,Ndali,+229 33 86 30 48,restaurant.grand@restaurant.grand.org,restaurantgrand.bj,PME (10-50),B2C,APIEx,,Actif,2026-06-29T00:15:34.371244,haute
BJ-69653BE4,Saveur Restaurant,Restauration & Hôtellerie,Ndali,+229 96 11 85 70,saveur.restaurant@saveur.restaurant.net,,PME (10-50),B2C,APIEx,,Actif,2026-06-29T00:15:34.371259,moyenne
BJ-C6D0FE96,Restaurant Palace Inn Ndali,Restauration & Hôtellerie,Ndali,+229 32 18 19 40,,restaurantpalaceinnndali.bj,PME (10-50),B2C,APIEx,,Actif,2026-06-29T00:15:34.371272,moyenne
BJ-CCA6A6FB,Lac Restaurant,Restauration & Hôtellerie,Ndali,+229 50 89 41 62,,,TPE (<10),B2C,APIEx,,Actif,2026-06-29T00:15:34.371282,basse
BJ-3A0EF27D,Café Gourmet Ndali,Restauration & Hôtellerie,Ndali,+229 44 94 81 90,,,PME (50-200),B2C,APIEx,,Actif,2026-06-29T00:15:34.371293,basse
BJ-ED8193BA,Palace Café Ségbana,Restauration & Hôtellerie,Ségbana,+229 47 18 69 15,palace.café.ségbana@palace.café.ségbana.benin,palacecaféségbana.bj,PME (10-50),B2C,APIEx,,Actif,2026-06-29T00:15:34.371315,haute
BJ-C5C1DEE1,Plage Bénin,Restauration & Hôtellerie,Ségbana,+229 51 86 84 99,,plagebénin.bj,TPE (<10),B2C,APIEx,,Actif,2026-06-29T00:15:34.371352,moyenne
BJ-633C7846,Bar Royal Inn,Restauration & Hôtellerie,Ségbana,+229 61 73 22 66,bar.royal.inn@bar.royal.inn.com,barroyalinn.bj,Grande (>200),B2C,APIEx,,Actif,2026-06-29T00:15:34.371364,haute
BJ-A8EA6B7E,Mer Brasserie,Restauration & Hôtellerie,Tchaourou,+229 61 48 52 69,,merbrasserie.bj,PME (50-200),B2C,APIEx,,Actif,2026-06-29T00:15:34.371381,moyenne
BJ-BB12D972,Palace,Restauration & Hôtellerie,Tchaourou,+229 21 33 45 41,,palace.bj,PME (50-200),B2C,APIEx,,Actif,2026-06-29T00:15:34.371414,moyenne
BJ-F61EB84C,Café Lac Brasserie,Restauration & Hôtellerie,Tchaourou,+229 50 35 19 77,,,PME (50-200),B2C,APIEx,,Actif,2026-06-29T00:15:34.371428,basse
BJ-44235FCC,Goût Inn Tchaourou,Restauration & Hôtellerie,Tchaourou,+229 75 22 57 70,goût.inn.tchaourou@goût.inn.tchaourou.com,goûtinntchaourou.bj,TPE (<10),B2C,APIEx,,Actif,2026-06-29T00:15:34.371441,haute
BJ-9A8E8000,Ambiance Inn Bétérou,Restauration & Hôtellerie,Bétérou,+229 45 85 89 26,ambiance.inn.bétérou@ambiance.inn.bétérou.com,ambianceinnbétérou.bj,TPE (<10),B2C,APIEx,,Actif,2026-06-29T00:15:34.371462,haute
BJ-A5F622E9,Ambiance International,Restauration & Hôtellerie,Bétérou,+229 52 74 86 46,ambiance.international@ambiance.international.benin,ambianceinternational.bj,PME (10-50),B2C,APIEx,,Actif,2026-06-29T00:15:34.371475,haute
BJ-CCE51836,Pension Village,Restauration & Hôtellerie,Bétérou,+229 31 31 90 86,pension.village@pension.village.net,,Grande (>200),B2C,APIEx,,Actif,2026-06-29T00:15:34.371487,moyenne
BJ-9C610C70,Bar Gourmet Brasserie,Restauration & Hôtellerie,Bétérou,+229 40 45 97 51,,bargourmetbrasserie.bj,PME (50-200),B2C,APIEx,,Actif,2026-06-29T00:15:34.371498,moyenne
BJ-6E83A717,Brasserie Royal Bénin Ouessè,Restauration & Hôtellerie,Ouessè,+229 94 86 31 76,,brasserieroyalbéninouessè.bj,Grande (>200),B2C,APIEx,,Actif,2026-06-29T00:15:34.371542,moyenne
BJ-1990CBFB,Auberge Palace Restaurant,Restauration & Hôtellerie,Ouessè,+229 28 89 72 14,,aubergepalacerestaurant.bj,TPE (<10),B2C,APIEx,,Actif,2026-06-29T00:15:34.371554,moyenne
BJ-C1DE47B6,Café Jardin,Restauration & Hôtellerie,Ouessè,+229 81 43 55 44,,,TPE (<10),B2C,APIEx,,Actif,2026-06-29T00:15:34.371564,basse
BJ-2EA3F0A2,Pension Plage,Restauration & Hôtellerie,Ouessè,+229 33 52 36 57,pension.plage@pension.plage.benin,pensionplage.bj,TPE (<10),B2C,APIEx,,Actif,2026-06-29T00:15:34.371576,haute
BJ-E5F22DB9,Jardin Bénin,Restauration & Hôtellerie,Glazoué,+229 72 56 36 12,jardin.bénin@jardin.bénin.benin,jardinbénin.bj,PME (50-200),B2C,APIEx,,Actif,2026-06-29T00:15:34.371594,haute
BJ-5CE830B6,Brasserie Table,Restauration & Hôtellerie,Glazoué,+229 21 27 81 96,brasserie.table@brasserie.table.org,,TPE (<10),B2C,APIEx,,Actif,2026-06-29T00:15:34.371606,moyenne
BJ-FC59C5C4,Hôtel Palace Restaurant,Restauration & Hôtellerie,Glazoué,+229 55 13 88 38,hôtel.palace.restaurant@hôtel.palace.restaurant.benin,,PME (50-200),B2C,APIEx,,Actif,2026-06-29T00:15:34.371618,moyenne
BJ-BF8CDED0,Plage Hotel,Restauration & Hôtellerie,Glazoué,+229 94 51 20 46,plage.hotel@plage.hotel.com,plagehotel.bj,PME (10-50),B2C,APIEx,,Actif,2026-06-29T00:15:34.371632,haute
BJ-5937CA07,Pension Saveur Palace,Restauration & Hôtellerie,Dassa-Zoumè,+229 48 99 65 74,,pensionsaveurpalace.bj,TPE (<10),B2C,APIEx,,Actif,2026-06-29T00:15:34.371662,moyenne
BJ-589410AB,Gourmet Inn Dassa-Zoumè,Restauration & Hôtellerie,Dassa-Zoumè,+229 44 30 81 74,gourmet.inn.dassazoumè@gourmet.inn.dassazoumè.com,,PME (50-200),B2C,APIEx,,Actif,2026-06-29T00:15:34.371689,moyenne
BJ-F03B4B11,Auberge Lac,Restauration & Hôtellerie,Dassa-Zoumè,+229 22 13 59 86,,aubergelac.bj,TPE (<10),B2C,APIEx,,Actif,2026-06-29T00:15:34.371700,moyenne
BJ-5D6A34D2,Ambiance,Restauration & Hôtellerie,Dassa-Zoumè,+229 88 74 22 60,ambiance@ambiance.net,,TPE (<10),B2C,APIEx,,Actif,2026-06-29T00:15:34.371711,moyenne
BJ-0FC848AB,Café Palace,Restauration & Hôtellerie,Savalou,+229 49 89 23 80,café.palace@café.palace.net,,TPE (<10),B2C,APIEx,,Actif,2026-06-29T00:15:34.371750,moyenne
BJ-25CC8F71,Ambiance Brasserie Savalou,Restauration & Hôtellerie,Savalou,+229 20 22 36 68,ambiance.brasserie.savalou@ambiance.brasserie.savalou.bj,ambiancebrasseriesavalou.bj,PME (50-200),B2C,APIEx,,Actif,2026-06-29T00:15:34.371763,haute
BJ-F0B90EA4,Restaurant Royal Savalou,Restauration & Hôtellerie,Savalou,+229 44 55 90 39,restaurant.royal.savalou@restaurant.royal.savalou.com,,PME (10-50),B2C,APIEx,,Actif,2026-06-29T00:15:34.371775,moyenne
BJ-F4132C7C,Grand Café,Restauration & Hôtellerie,Bantè,+229 66 58 19 69,grand.café@grand.café.bj,grandcafé.bj,PME (10-50),B2C,APIEx,,Actif,2026-06-29T00:15:34.371814,haute
BJ-4CC0C6CD,Village Bénin,Restauration & Hôtellerie,Bantè,+229 33 47 32 37,village.bénin@village.bénin.benin,,TPE (<10),B2C,APIEx,,Actif,2026-06-29T00:15:34.371849,moyenne
BJ-D3A524D3,Brasserie Jardin Inn,Restauration & Hôtellerie,Bantè,+229 75 14 19 91,,,TPE (<10),B2C,APIEx,,Actif,2026-06-29T00:15:34.371876,basse
BJ-E4F6DC70,Brasserie Plage,Restauration & Hôtellerie,Bantè,+229 23 14 15 32,,brasserieplage.bj,Grande (>200),B2C,APIEx,,Actif,2026-06-29T00:15:34.371908,moyenne
BJ-8F752B42,Auberge Grand,Restauration & Hôtellerie,Bantè,+229 72 66 16 21,,,TPE (<10),B2C,APIEx,,Actif,2026-06-29T00:15:34.371924,basse
BJ-4B77DF2E,Saveur International,Restauration & Hôtellerie,Djougou,+229 57 41 63 54,saveur.international@saveur.international.com,saveurinternational.bj,TPE (<10),B2C,APIEx,,Actif,2026-06-29T00:15:34.371945,haute
BJ-C9CF2642,Pension Saveur Hotel,Restauration & Hôtellerie,Djougou,+229 98 75 34 67,pension.saveur.hotel@pension.saveur.hotel.net,pensionsaveurhotel.bj,TPE (<10),B2C,APIEx,,Actif,2026-06-29T00:15:34.371959,haute
BJ-CDEDCA38,Auberge Grand Bénin Djougou,Restauration & Hôtellerie,Djougou,+229 53 40 31 60,,aubergegrandbénindjougou.bj,PME (50-200),B2C,APIEx,,Actif,2026-06-29T00:15:34.371971,moyenne
BJ-5E306201,Brasserie Ambiance Café,Restauration & Hôtellerie,Djougou,+229 23 62 80 22,brasserie.ambiance.café@brasserie.ambiance.café.org,brasserieambiancecafé.bj,PME (50-200),B2C,APIEx,,Actif,2026-06-29T00:15:34.371984,haute
BJ-650CD4D8,Village Café Djougou,Restauration & Hôtellerie,Djougou,+229 86 88 21 72,village.café.djougou@village.café.djougou.com,villagecafédjougou.bj,PME (50-200),B2C,APIEx,,Actif,2026-06-29T00:15:34.371997,haute
BJ-757641C1,Hôtel Lac,Restauration & Hôtellerie,Ouèssè,+229 76 25 30 60,,,PME (50-200),B2C,APIEx,,Actif,2026-06-29T00:15:34.372014,basse
BJ-ABF1F940,Grand Bénin,Restauration & Hôtellerie,Ouèssè,+229 52 96 48 69,,,PME (50-200),B2C,APIEx,,Actif,2026-06-29T00:15:34.372027,basse
BJ-A75B7016,Restaurant Détente,Restauration & Hôtellerie,Ouèssè,+229 28 13 71 54,,restaurantdétente.bj,Grande (>200),B2C,APIEx,,Actif,2026-06-29T00:15:34.372039,moyenne
BJ-09A90E7C,Café Village Inn,Restauration & Hôtellerie,Bassila,+229 67 37 77 40,café.village.inn@café.village.inn.org,cafévillageinn.bj,PME (10-50),B2C,APIEx,,Actif,2026-06-29T00:15:34.372084,haute
BJ-16E73550,Bar Mer Inn,Restauration & Hôtellerie,Bassila,+229 91 37 51 82,bar.mer.inn@bar.mer.inn.benin,,PME (10-50),B2C,APIEx,,Actif,2026-06-29T00:15:34.372108,moyenne
BJ-13A5CD4F,Palace Bénin,Restauration & Hôtellerie,Bassila,+229 20 18 80 92,palace.bénin@palace.bénin.bj,palacebénin.bj,PME (50-200),B2C,APIEx,,Actif,2026-06-29T00:15:34.372121,haute
BJ-F852565A,Plage International,Restauration & Hôtellerie,Bassila,+229 41 47 47 81,plage.international@plage.international.org,plageinternational.bj,TPE (<10),B2C,APIEx,,Actif,2026-06-29T00:15:34.372133,haute
BJ-DC0B43D8,Détente International,Restauration & Hôtellerie,Pehunco,+229 56 14 73 42,,détenteinternational.bj,TPE (<10),B2C,APIEx,,Actif,2026-06-29T00:15:34.372151,moyenne
BJ-31A6625E,Saveur,Restauration & Hôtellerie,Pehunco,+229 27 96 30 61,saveur@saveur.benin,saveur.bj,Grande (>200),B2C,APIEx,,Actif,2026-06-29T00:15:34.372169,haute
BJ-9CCAE488,Hôtel Mer Restaurant,Restauration & Hôtellerie,Pehunco,+229 83 87 20 88,,hôtelmerrestaurant.bj,TPE (<10),B2C,APIEx,,Actif,2026-06-29T00:15:34.372181,moyenne
BJ-084BC4A5,Hôtel Goût Palace,Restauration & Hôtellerie,Pehunco,+229 82 17 96 29,,hôtelgoûtpalace.bj,TPE (<10),B2C,APIEx,,Actif,2026-06-29T00:15:34.372193,moyenne
BJ-0E8EAB14,Restaurant Grand Bénin Pehunco,Restauration & Hôtellerie,Pehunco,+229 37 44 84 47,,,PME (10-50),B2C,APIEx,,Actif,2026-06-29T00:15:34.372203,basse
BJ-E3F4AFB3,Grand Inn Copargo,Restauration & Hôtellerie,Copargo,+229 96 50 22 39,grand.inn.copargo@grand.inn.copargo.net,grandinncopargo.bj,PME (10-50),B2C,APIEx,,Actif,2026-06-29T00:15:34.372233,haute
BJ-4083EF1D,Restaurant Goût Copargo,Restauration & Hôtellerie,Copargo,+229 58 88 11 12,,restaurantgoûtcopargo.bj,PME (50-200),B2C,APIEx,,Actif,2026-06-29T00:15:34.372248,moyenne
BJ-0C451A25,Table Inn,Restauration & Hôtellerie,Copargo,+229 96 54 70 93,,tableinn.bj,PME (50-200),B2C,APIEx,,Actif,2026-06-29T00:15:34.372259,moyenne
BJ-591C6EC0,Brasserie Goût,Restauration & Hôtellerie,Copargo,+229 33 97 24 51,,,PME (50-200),B2C,APIEx,,Actif,2026-06-29T00:15:34.372269,basse
BJ-BCECA83B,Santé Hôpital,Santé & Pharmacie,Cotonou,+229 69 18 52 47,,santéhôpital.bj,PME (10-50),B2B,APIEx,,Actif,2026-06-29T00:15:34.372304,moyenne
BJ-E819F7FA,Hôpital Emergency Cotonou,Santé & Pharmacie,Cotonou,+229 48 19 92 10,hôpital.emergency.cotonou@hôpital.emergency.cotonou.bj,hôpitalemergencycotonou.bj,Grande (>200),B2B,APIEx,,Actif,2026-06-29T00:15:34.372321,haute
BJ-EB5E7422,Laboratoire Saint Hôpital Cotonou,Santé & Pharmacie,Cotonou,+229 26 39 19 80,laboratoire.saint.hôpital.cotonou@laboratoire.saint.hôpital.cotonou.net,,PME (10-50),B2C,APIEx,,Actif,2026-06-29T00:15:34.372333,moyenne
BJ-EEFA451D,Centre Emergency Pharmacie,Santé & Pharmacie,Cotonou,+229 42 66 50 44,centre.emergency.pharmacie@centre.emergency.pharmacie.benin,centreemergencypharmacie.bj,TPE (<10),B2C,APIEx,,Actif,2026-06-29T00:15:34.372345,haute
BJ-0D1F3E5F,Hôpital Sainte,Santé & Pharmacie,Abomey-Calavi,+229 69 84 25 16,hôpital.sainte@hôpital.sainte.net,hôpitalsainte.bj,TPE (<10),B2B,APIEx,,Actif,2026-06-29T00:15:34.372364,haute
BJ-EBB8BF09,Emergency,Santé & Pharmacie,Abomey-Calavi,+229 30 64 12 49,emergency@emergency.org,,TPE (<10),B2C,APIEx,,Actif,2026-06-29T00:15:34.372376,moyenne
BJ-9F8C4B38,Central,Santé & Pharmacie,Abomey-Calavi,+229 60 73 19 56,,central.bj,PME (50-200),B2B,APIEx,,Actif,2026-06-29T00:15:34.372402,moyenne
BJ-0B9DE0A0,Médicament International,Santé & Pharmacie,Porto-Novo,+229 90 18 98 22,médicament.international@médicament.international.com,médicamentinternational.bj,PME (50-200),B2C,APIEx,,Actif,2026-06-29T00:15:34.372434,haute
BJ-7AAB1AEB,Sainte,Santé & Pharmacie,Porto-Novo,+229 70 28 32 61,sainte@sainte.bj,,TPE (<10),B2C,APIEx,,Actif,2026-06-29T00:15:34.372448,moyenne
BJ-F04BD3CD,Royal,Santé & Pharmacie,Porto-Novo,+229 95 49 65 77,royal@royal.org,royal.bj,PME (10-50),B2B,APIEx,,Actif,2026-06-29T00:15:34.372461,haute
BJ-2150A2BE,Urgence,Santé & Pharmacie,Porto-Novo,+229 21 27 66 72,urgence@urgence.com,,PME (50-200),B2B,APIEx,,Actif,2026-06-29T00:15:34.372472,moyenne
BJ-7EEEA963,Saint Clinique,Santé & Pharmacie,Porto-Novo,+229 46 17 74 95,saint.clinique@saint.clinique.bj,saintclinique.bj,TPE (<10),B2C,APIEx,,Actif,2026-06-29T00:15:34.372484,haute
BJ-5B6FFDDB,Centre Saint Hôpital,Santé & Pharmacie,Parakou,+229 35 70 48 75,centre.saint.hôpital@centre.saint.hôpital.net,centresainthôpital.bj,TPE (<10),B2C,APIEx,,Actif,2026-06-29T00:15:34.372515,haute
BJ-C5DC530F,Saint Pharmacie,Santé & Pharmacie,Parakou,+229 92 32 84 52,saint.pharmacie@saint.pharmacie.benin,saintpharmacie.bj,TPE (<10),B2B,APIEx,,Actif,2026-06-29T00:15:34.372538,haute
BJ-8A5FDFC7,Bien-être Medical,Santé & Pharmacie,Parakou,+229 53 47 27 34,,,PME (50-200),B2B,APIEx,,Actif,2026-06-29T00:15:34.372549,basse
BJ-8BFDB2AB,Santé Clinique,Santé & Pharmacie,Bohicon,+229 56 19 33 45,,santéclinique.bj,TPE (<10),B2B,APIEx,,Actif,2026-06-29T00:15:34.372566,moyenne
BJ-39DE3088,Santé Hôpital,Santé & Pharmacie,Bohicon,+229 63 72 56 50,santé.hôpital@santé.hôpital.com,santéhôpital.bj,TPE (<10),B2C,APIEx,,Actif,2026-06-29T00:15:34.372586,haute
BJ-D68F337C,Pharmacie Emergency Clinique Bohicon,Santé & Pharmacie,Bohicon,+229 72 50 48 40,,pharmacieemergencycliniquebohicon.bj,Grande (>200),B2C,APIEx,,Actif,2026-06-29T00:15:34.372612,moyenne
BJ-63405497,Emergency,Santé & Pharmacie,Bohicon,+229 61 96 82 19,,emergency.bj,Grande (>200),B2C,APIEx,,Actif,2026-06-29T00:15:34.372626,moyenne
BJ-0E56BDBB,Laboratoire Vie Pharmacie Natitingou,Santé & Pharmacie,Natitingou,+229 76 59 16 29,,laboratoireviepharmacienatitingou.bj,TPE (<10),B2C,APIEx,,Actif,2026-06-29T00:15:34.372645,moyenne
BJ-5D35D46A,Nouveau Natitingou,Santé & Pharmacie,Natitingou,+229 43 76 76 64,nouveau.natitingou@nouveau.natitingou.bj,,TPE (<10),B2C,APIEx,,Actif,2026-06-29T00:15:34.372657,moyenne
BJ-BD66D269,Guérison Cabinet,Santé & Pharmacie,Natitingou,+229 40 95 60 63,guérison.cabinet@guérison.cabinet.benin,guérisoncabinet.bj,PME (10-50),B2B,APIEx,,Actif,2026-06-29T00:15:34.372670,haute
BJ-A6198D96,Cabinet Emergency Hôpital,Santé & Pharmacie,Natitingou,+229 68 63 29 30,cabinet.emergency.hôpital@cabinet.emergency.hôpital.benin,cabinetemergencyhôpital.bj,TPE (<10),B2C,APIEx,,Actif,2026-06-29T00:15:34.372687,haute
BJ-A5783F60,Centre Central,Santé & Pharmacie,Natitingou,+229 45 44 25 58,centre.central@centre.central.net,,PME (50-200),B2C,APIEx,,Actif,2026-06-29T00:15:34.372700,moyenne
BJ-BA28BC95,Laboratoire Saint Centre,Santé & Pharmacie,Lokossa,+229 93 15 24 57,laboratoire.saint.centre@laboratoire.saint.centre.net,,TPE (<10),B2C,APIEx,,Actif,2026-06-29T00:15:34.372722,moyenne
BJ-8520E765,Emergency Medical,Santé & Pharmacie,Lokossa,+229 67 26 28 27,,emergencymedical.bj,PME (10-50),B2C,APIEx,,Actif,2026-06-29T00:15:34.372738,moyenne
BJ-D3BD593D,Centre Soins Bénin Lokossa,Santé & Pharmacie,Lokossa,+229 22 22 25 29,centre.soins.bénin.lokossa@centre.soins.bénin.lokossa.net,centresoinsbéninlokossa.bj,Grande (>200),B2B,APIEx,,Actif,2026-06-29T00:15:34.372753,haute
BJ-1AB177EA,Médicament,Santé & Pharmacie,Lokossa,+229 43 25 59 65,médicament@médicament.bj,,Grande (>200),B2B,APIEx,,Actif,2026-06-29T00:15:34.372765,moyenne
BJ-92B9FC4E,Clinique Sainte Medical,Santé & Pharmacie,Lokossa,+229 23 66 27 60,clinique.sainte.medical@clinique.sainte.medical.org,cliniquesaintemedical.bj,Grande (>200),B2B,APIEx,,Actif,2026-06-29T00:15:34.372778,haute
BJ-67FACE13,Saint Clinique,Santé & Pharmacie,Ouidah,+229 68 25 56 52,saint.clinique@saint.clinique.net,,PME (10-50),B2C,APIEx,,Actif,2026-06-29T00:15:34.372797,moyenne
BJ-31EE9FDA,Cabinet Urgence,Santé & Pharmacie,Ouidah,+229 58 32 73 19,cabinet.urgence@cabinet.urgence.com,cabineturgence.bj,TPE (<10),B2B,APIEx,,Actif,2026-06-29T00:15:34.372811,haute
BJ-2494A946,Urgence Cabinet,Santé & Pharmacie,Ouidah,+229 82 37 66 33,urgence.cabinet@urgence.cabinet.net,,Grande (>200),B2B,APIEx,,Actif,2026-06-29T00:15:34.372822,moyenne
BJ-0693EA2D,Laboratoire Sainte Pharmacie,Santé & Pharmacie,Ouidah,+229 45 57 28 47,,laboratoiresaintepharmacie.bj,TPE (<10),B2B,APIEx,,Actif,2026-06-29T00:15:34.372834,moyenne
BJ-790C283C,Hôpital Santé,Santé & Pharmacie,Ouidah,+229 77 43 43 89,hôpital.santé@hôpital.santé.bj,,Grande (>200),B2C,APIEx,,Actif,2026-06-29T00:15:34.372848,moyenne
BJ-29473C31,Hôpital Médicament,Santé & Pharmacie,Savalou,+229 94 68 61 51,hôpital.médicament@hôpital.médicament.com,,Grande (>200),B2C,APIEx,,Actif,2026-06-29T00:15:34.372883,moyenne
BJ-40736733,Sainte,Santé & Pharmacie,Savalou,+229 49 30 46 51,sainte@sainte.org,sainte.bj,PME (10-50),B2C,APIEx,,Actif,2026-06-29T00:15:34.372921,haute
BJ-F3350E8C,Hôpital Pharma Cabinet,Santé & Pharmacie,Savalou,+229 40 34 55 87,hôpital.pharma.cabinet@hôpital.pharma.cabinet.net,hôpitalpharmacabinet.bj,TPE (<10),B2C,APIEx,,Actif,2026-06-29T00:15:34.372942,haute
BJ-61A2BEC8,Pharmacie Bien-être,Santé & Pharmacie,Dassa-Zoumè,+229 27 92 32 32,,pharmaciebienêtre.bj,TPE (<10),B2C,APIEx,,Actif,2026-06-29T00:15:34.372974,moyenne
BJ-1DE47E8F,Laboratoire Soins Bénin,Santé & Pharmacie,Dassa-Zoumè,+229 47 72 37 59,laboratoire.soins.bénin@laboratoire.soins.bénin.bj,laboratoiresoinsbénin.bj,PME (10-50),B2C,APIEx,,Actif,2026-06-29T00:15:34.372991,haute
BJ-958027F0,Pharmacie Saint Medical,Santé & Pharmacie,Dassa-Zoumè,+229 26 65 86 56,pharmacie.saint.medical@pharmacie.saint.medical.benin,,TPE (<10),B2B,APIEx,,Actif,2026-06-29T00:15:34.373003,moyenne
BJ-6A2E1D97,Centre Sainte Dassa-Zoumè,Santé & Pharmacie,Dassa-Zoumè,+229 89 91 90 65,centre.sainte.dassazoumè@centre.sainte.dassazoumè.net,,PME (10-50),B2C,APIEx,,Actif,2026-06-29T00:15:34.373016,moyenne
BJ-4CF11380,Hôpital Nouveau,Santé & Pharmacie,Dassa-Zoumè,+229 56 16 33 32,hôpital.nouveau@hôpital.nouveau.com,hôpitalnouveau.bj,TPE (<10),B2C,APIEx,,Actif,2026-06-29T00:15:34.373029,haute
BJ-ACCBF8E9,Laboratoire Santé Pharmacie Kétou,Santé & Pharmacie,Kétou,+229 85 24 47 58,laboratoire.santé.pharmacie.kétou@laboratoire.santé.pharmacie.kétou.com,laboratoiresantépharmaciekétou.bj,PME (50-200),B2B,APIEx,,Actif,2026-06-29T00:15:34.373049,haute
BJ-BB2C80E3,Saint Clinique,Santé & Pharmacie,Kétou,+229 97 60 62 42,,saintclinique.bj,PME (50-200),B2B,APIEx,,Actif,2026-06-29T00:15:34.373065,moyenne
BJ-DA52736A,Sainte,Santé & Pharmacie,Kétou,+229 60 37 35 11,sainte@sainte.bj,sainte.bj,TPE (<10),B2C,APIEx,,Actif,2026-06-29T00:15:34.373078,haute
BJ-F84BC3BD,Urgence Pharmacie Kétou,Santé & Pharmacie,Kétou,+229 82 30 93 48,urgence.pharmacie.kétou@urgence.pharmacie.kétou.benin,urgencepharmaciekétou.bj,TPE (<10),B2C,APIEx,,Actif,2026-06-29T00:15:34.373092,haute
BJ-707CC08E,Médical,Santé & Pharmacie,Kétou,+229 62 88 49 45,médical@médical.benin,médical.bj,TPE (<10),B2B,APIEx,,Actif,2026-06-29T00:15:34.373105,haute
BJ-4F88EBBB,Bien-être,Santé & Pharmacie,Covè,+229 52 86 73 87,bienêtre@bienêtre.com,bienêtre.bj,PME (50-200),B2B,APIEx,,Actif,2026-06-29T00:15:34.373124,haute
BJ-7A7BABA9,Clinique Saint Medical,Santé & Pharmacie,Covè,+229 93 78 18 80,,cliniquesaintmedical.bj,PME (10-50),B2C,APIEx,,Actif,2026-06-29T00:15:34.373136,moyenne
BJ-09722EBB,Soins Hôpital,Santé & Pharmacie,Covè,+229 62 93 28 32,,soinshôpital.bj,PME (10-50),B2C,APIEx,,Actif,2026-06-29T00:15:34.373148,moyenne
BJ-6223C377,Saint,Santé & Pharmacie,Covè,+229 54 33 41 42,,saint.bj,PME (10-50),B2C,APIEx,,Actif,2026-06-29T00:15:34.373164,moyenne
BJ-C556492B,Cabinet Médicament,Santé & Pharmacie,Pobè,+229 55 71 65 15,cabinet.médicament@cabinet.médicament.com,cabinetmédicament.bj,Grande (>200),B2C,APIEx,,Actif,2026-06-29T00:15:34.373198,haute
BJ-9E15FFA9,Hôpital Urgence Bénin,Santé & Pharmacie,Pobè,+229 82 62 31 54,hôpital.urgence.bénin@hôpital.urgence.bénin.benin,hôpitalurgencebénin.bj,PME (50-200),B2C,APIEx,,Actif,2026-06-29T00:15:34.373214,haute
BJ-844ABDAA,Hôpital Médicament,Santé & Pharmacie,Pobè,+229 95 55 49 44,hôpital.médicament@hôpital.médicament.benin,hôpitalmédicament.bj,PME (50-200),B2B,APIEx,,Actif,2026-06-29T00:15:34.373227,haute
BJ-8D68172E,Sainte Clinique,Santé & Pharmacie,Pobè,+229 20 70 67 38,,sainteclinique.bj,PME (10-50),B2B,APIEx,,Actif,2026-06-29T00:15:34.373238,moyenne
BJ-5AFC13ED,Central Pobè,Santé & Pharmacie,Pobè,+229 76 53 23 64,central.pobè@central.pobè.bj,,Grande (>200),B2C,APIEx,,Actif,2026-06-29T00:15:34.373250,moyenne
BJ-844F0567,Laboratoire Santé Sakété,Santé & Pharmacie,Sakété,+229 67 98 24 20,laboratoire.santé.sakété@laboratoire.santé.sakété.net,laboratoiresantésakété.bj,PME (50-200),B2C,APIEx,,Actif,2026-06-29T00:15:34.373269,haute
BJ-850290E5,Vie Hôpital Sakété,Santé & Pharmacie,Sakété,+229 58 64 95 10,,viehôpitalsakété.bj,TPE (<10),B2B,APIEx,,Actif,2026-06-29T00:15:34.373299,moyenne
BJ-BA616136,Pharmacie Sainte,Santé & Pharmacie,Sakété,+229 61 76 53 44,pharmacie.sainte@pharmacie.sainte.bj,,TPE (<10),B2C,APIEx,,Actif,2026-06-29T00:15:34.373310,moyenne
BJ-8C3E91C5,Clinique Urgence Bénin,Santé & Pharmacie,Sakété,+229 63 37 79 63,,,Grande (>200),B2C,APIEx,,Actif,2026-06-29T00:15:34.373333,basse
BJ-11789957,Médical Cabinet,Santé & Pharmacie,Adjara,+229 88 75 43 25,médical.cabinet@médical.cabinet.com,médicalcabinet.bj,PME (10-50),B2C,APIEx,,Actif,2026-06-29T00:15:34.373365,haute
BJ-0C17AA12,Hôpital Urgence,Santé & Pharmacie,Adjara,+229 25 79 92 20,hôpital.urgence@hôpital.urgence.net,hôpitalurgence.bj,TPE (<10),B2B,APIEx,,Actif,2026-06-29T00:15:34.373380,haute
BJ-30AC246D,Emergency Clinique Adjara,Santé & Pharmacie,Adjara,+229 53 25 28 30,emergency.clinique.adjara@emergency.clinique.adjara.org,,PME (10-50),B2B,APIEx,,Actif,2026-06-29T00:15:34.373391,moyenne
BJ-7DF99F71,Pharma Clinique Adjara,Santé & Pharmacie,Adjara,+229 87 94 17 24,pharma.clinique.adjara@pharma.clinique.adjara.net,pharmacliniqueadjara.bj,PME (10-50),B2C,APIEx,,Actif,2026-06-29T00:15:34.373403,haute
BJ-7D9A9C10,Laboratoire Nouveau Cabinet Adjara,Santé & Pharmacie,Adjara,+229 22 57 52 26,laboratoire.nouveau.cabinet.adjara@laboratoire.nouveau.cabinet.adjara.benin,,TPE (<10),B2B,APIEx,,Actif,2026-06-29T00:15:34.373414,moyenne
BJ-D9D1D8C7,Hôpital Saint Centre Allada,Santé & Pharmacie,Allada,+229 60 52 90 72,hôpital.saint.centre.allada@hôpital.saint.centre.allada.benin,hôpitalsaintcentreallada.bj,PME (10-50),B2B,APIEx,,Actif,2026-06-29T00:15:34.373432,haute
BJ-04A232E1,Cabinet Bien-être Clinique,Santé & Pharmacie,Allada,+229 32 49 78 84,cabinet.bienêtre.clinique@cabinet.bienêtre.clinique.net,,PME (10-50),B2C,APIEx,,Actif,2026-06-29T00:15:34.373452,moyenne
BJ-908B7E4C,Soins,Santé & Pharmacie,Allada,+229 86 98 31 85,soins@soins.org,,PME (10-50),B2C,APIEx,,Actif,2026-06-29T00:15:34.373463,moyenne
BJ-028867BC,Bien-être Cabinet,Santé & Pharmacie,Allada,+229 90 96 67 52,bienêtre.cabinet@bienêtre.cabinet.benin,,PME (10-50),B2C,APIEx,,Actif,2026-06-29T00:15:34.373475,moyenne
BJ-F09187CC,Nouveau Medical,Santé & Pharmacie,Allada,+229 54 82 26 78,nouveau.medical@nouveau.medical.net,,TPE (<10),B2C,APIEx,,Actif,2026-06-29T00:15:34.373486,moyenne
BJ-F153CCEE,Pharma,Santé & Pharmacie,Aplahoué,+229 45 39 49 92,,pharma.bj,TPE (<10),B2C,APIEx,,Actif,2026-06-29T00:15:34.373502,moyenne
BJ-99451463,Pharmacie Guérison International,Santé & Pharmacie,Aplahoué,+229 61 84 71 89,pharmacie.guérison.international@pharmacie.guérison.international.net,,TPE (<10),B2C,APIEx,,Actif,2026-06-29T00:15:34.373517,moyenne
BJ-FC3027BE,Médicament International Aplahoué,Santé & Pharmacie,Aplahoué,+229 50 37 13 39,médicament.international.aplahoué@médicament.international.aplahoué.com,médicamentinternationalaplahoué.bj,TPE (<10),B2B,APIEx,,Actif,2026-06-29T00:15:34.373530,haute
BJ-B7DD636F,Vie Pharmacie,Santé & Pharmacie,Aplahoué,+229 88 28 14 48,,viepharmacie.bj,PME (50-200),B2B,APIEx,,Actif,2026-06-29T00:15:34.373541,moyenne
BJ-35E99BAB,Clinique Central,Santé & Pharmacie,Aplahoué,+229 79 81 32 37,clinique.central@clinique.central.com,,TPE (<10),B2C,APIEx,,Actif,2026-06-29T00:15:34.373552,moyenne
BJ-4222FE7F,Pharmacie Saint Cabinet Dogbo-Tota,Santé & Pharmacie,Dogbo-Tota,+229 91 91 39 64,pharmacie.saint.cabinet.dogbotota@pharmacie.saint.cabinet.dogbotota.bj,pharmaciesaintcabinetdogbotota.bj,TPE (<10),B2C,APIEx,,Actif,2026-06-29T00:15:34.373570,haute
BJ-259C6750,Sainte Bénin,Santé & Pharmacie,Dogbo-Tota,+229 41 47 62 65,sainte.bénin@sainte.bénin.benin,saintebénin.bj,TPE (<10),B2B,APIEx,,Actif,2026-06-29T00:15:34.373594,haute
BJ-821BD309,Royal Medical,Santé & Pharmacie,Dogbo-Tota,+229 56 28 60 26,royal.medical@royal.medical.bj,,TPE (<10),B2C,APIEx,,Actif,2026-06-29T00:15:34.373616,moyenne
BJ-4CB61F1A,Clinique Central Kpomassè,Santé & Pharmacie,Kpomassè,+229 53 44 98 21,clinique.central.kpomassè@clinique.central.kpomassè.com,,TPE (<10),B2C,APIEx,,Actif,2026-06-29T00:15:34.373647,moyenne
BJ-E04EEDB6,Centre Guérison Pharmacie,Santé & Pharmacie,Kpomassè,+229 75 86 19 37,centre.guérison.pharmacie@centre.guérison.pharmacie.net,centreguérisonpharmacie.bj,TPE (<10),B2C,APIEx,,Actif,2026-06-29T00:15:34.373663,haute
BJ-CBAB181A,Pharmacie Nouveau Bénin,Santé & Pharmacie,Kpomassè,+229 64 69 70 94,pharmacie.nouveau.bénin@pharmacie.nouveau.bénin.net,pharmacienouveaubénin.bj,PME (10-50),B2C,APIEx,,Actif,2026-06-29T00:15:34.373694,haute
BJ-C6E4C787,Centre Saint,Santé & Pharmacie,Kpomassè,+229 79 47 58 83,centre.saint@centre.saint.benin,centresaint.bj,PME (10-50),B2B,APIEx,,Actif,2026-06-29T00:15:34.373707,haute
BJ-15812567,Laboratoire Emergency Bénin Kpomassè,Santé & Pharmacie,Kpomassè,+229 52 16 52 71,laboratoire.emergency.bénin.kpomassè@laboratoire.emergency.bénin.kpomassè.benin,laboratoireemergencybéninkpomassè.bj,PME (10-50),B2B,APIEx,,Actif,2026-06-29T00:15:34.373723,haute
BJ-6F1956BE,Clinique Soins Centre,Santé & Pharmacie,Tori-Bossito,+229 22 39 32 14,,cliniquesoinscentre.bj,PME (10-50),B2B,APIEx,,Actif,2026-06-29T00:15:34.373740,moyenne
BJ-C7FB8B6B,Pharmacie Central Bénin,Santé & Pharmacie,Tori-Bossito,+229 80 60 46 53,pharmacie.central.bénin@pharmacie.central.bénin.net,pharmaciecentralbénin.bj,PME (10-50),B2B,APIEx,,Actif,2026-06-29T00:15:34.373752,haute
BJ-3FD96FD6,Cabinet Santé Cabinet,Santé & Pharmacie,Tori-Bossito,+229 59 13 19 42,cabinet.santé.cabinet@cabinet.santé.cabinet.net,cabinetsantécabinet.bj,Grande (>200),B2C,APIEx,,Actif,2026-06-29T00:15:34.373767,haute
BJ-9CDC6EB1,Vie Cabinet Tori-Bossito,Santé & Pharmacie,Tori-Bossito,+229 43 95 21 88,,viecabinettoribossito.bj,Grande (>200),B2C,APIEx,,Actif,2026-06-29T00:15:34.373779,moyenne
BJ-7802FF39,Laboratoire Guérison,Santé & Pharmacie,Tori-Bossito,+229 87 92 32 78,laboratoire.guérison@laboratoire.guérison.org,laboratoireguérison.bj,PME (50-200),B2C,APIEx,,Actif,2026-06-29T00:15:34.373804,haute
BJ-961758AA,Pharma Pharmacie Grand-Popo,Santé & Pharmacie,Grand-Popo,+229 55 52 84 16,,pharmapharmaciegrandpopo.bj,PME (10-50),B2B,APIEx,,Actif,2026-06-29T00:15:34.373836,moyenne
BJ-9E483B49,Centre Royal International,Santé & Pharmacie,Grand-Popo,+229 59 41 12 72,,centreroyalinternational.bj,TPE (<10),B2B,APIEx,,Actif,2026-06-29T00:15:34.373847,moyenne
BJ-1C45AD08,Cabinet Médical,Santé & Pharmacie,Grand-Popo,+229 32 30 62 81,cabinet.médical@cabinet.médical.net,cabinetmédical.bj,PME (50-200),B2B,APIEx,,Actif,2026-06-29T00:15:34.373859,haute
BJ-C2C1610D,Pharmacie Médical Cabinet,Santé & Pharmacie,Athiémé,+229 28 97 12 75,,,PME (10-50),B2B,APIEx,,Actif,2026-06-29T00:15:34.373887,basse
BJ-4D37439F,Centre Bien-être International,Santé & Pharmacie,Athiémé,+229 50 20 36 54,centre.bienêtre.international@centre.bienêtre.international.com,,PME (10-50),B2C,APIEx,,Actif,2026-06-29T00:15:34.373929,moyenne
BJ-7BAB58A8,Laboratoire Royal Bénin,Santé & Pharmacie,Athiémé,+229 84 48 90 98,,,TPE (<10),B2B,APIEx,,Actif,2026-06-29T00:15:34.373940,basse
BJ-632E12FA,Royal Bénin,Santé & Pharmacie,Athiémé,+229 81 61 15 82,royal.bénin@royal.bénin.com,royalbénin.bj,PME (10-50),B2B,APIEx,,Actif,2026-06-29T00:15:34.373968,haute
BJ-0971F089,Urgence Bopa,Santé & Pharmacie,Bopa,+229 81 10 47 20,urgence.bopa@urgence.bopa.benin,,Grande (>200),B2C,APIEx,,Actif,2026-06-29T00:15:34.374000,moyenne
BJ-C0CFB3CA,Centre Urgence Bénin,Santé & Pharmacie,Bopa,+229 72 76 45 30,centre.urgence.bénin@centre.urgence.bénin.bj,,PME (10-50),B2B,APIEx,,Actif,2026-06-29T00:15:34.374015,moyenne
BJ-A5D8BC12,Centre Pharma Pharmacie,Santé & Pharmacie,Bopa,+229 71 77 29 27,centre.pharma.pharmacie@centre.pharma.pharmacie.com,centrepharmapharmacie.bj,TPE (<10),B2B,APIEx,,Actif,2026-06-29T00:15:34.374027,haute
BJ-E68F89C6,Cabinet Vie,Santé & Pharmacie,Bopa,+229 24 39 20 11,cabinet.vie@cabinet.vie.net,,TPE (<10),B2C,APIEx,,Actif,2026-06-29T00:15:34.374038,moyenne
BJ-800207DE,Centre Central Pharmacie,Santé & Pharmacie,Bopa,+229 83 61 24 88,centre.central.pharmacie@centre.central.pharmacie.org,,PME (50-200),B2B,APIEx,,Actif,2026-06-29T00:15:34.374049,moyenne
BJ-87C04F9C,Soins,Santé & Pharmacie,Houéyogbé,+229 69 58 82 17,,,TPE (<10),B2B,APIEx,,Actif,2026-06-29T00:15:34.374064,basse
BJ-0AFCE161,Guérison Clinique,Santé & Pharmacie,Houéyogbé,+229 68 24 71 34,guérison.clinique@guérison.clinique.benin,guérisonclinique.bj,PME (10-50),B2C,APIEx,,Actif,2026-06-29T00:15:34.374076,haute
BJ-98110DF8,Pharmacie Royal Bénin Houéyogbé,Santé & Pharmacie,Houéyogbé,+229 84 48 40 65,pharmacie.royal.bénin.houéyogbé@pharmacie.royal.bénin.houéyogbé.benin,pharmacieroyalbéninhouéyogbé.bj,PME (10-50),B2C,APIEx,,Actif,2026-06-29T00:15:34.374089,haute
BJ-94FF0895,Clinique Bien-être Clinique,Santé & Pharmacie,Houéyogbé,+229 72 57 90 60,clinique.bienêtre.clinique@clinique.bienêtre.clinique.benin,cliniquebienêtreclinique.bj,Grande (>200),B2C,APIEx,,Actif,2026-06-29T00:15:34.374101,haute
BJ-9F36BDA0,Centre Médical International,Santé & Pharmacie,Houéyogbé,+229 60 75 91 14,centre.médical.international@centre.médical.international.benin,,PME (10-50),B2B,APIEx,,Actif,2026-06-29T00:15:34.374112,moyenne
BJ-6E0DB6E1,Pharmacie Sainte Clinique,Santé & Pharmacie,Malanville,+229 31 60 46 82,pharmacie.sainte.clinique@pharmacie.sainte.clinique.org,,Grande (>200),B2B,APIEx,,Actif,2026-06-29T00:15:34.374133,moyenne
BJ-8537B89D,Hôpital Royal Malanville,Santé & Pharmacie,Malanville,+229 69 47 28 86,hôpital.royal.malanville@hôpital.royal.malanville.net,hôpitalroyalmalanville.bj,Grande (>200),B2B,APIEx,,Actif,2026-06-29T00:15:34.374149,haute
BJ-1089D07E,Clinique Médicament,Santé & Pharmacie,Malanville,+229 33 80 37 18,,cliniquemédicament.bj,PME (10-50),B2C,APIEx,,Actif,2026-06-29T00:15:34.374160,moyenne
BJ-D84EB676,Santé Bénin,Santé & Pharmacie,Malanville,+229 50 92 78 69,santé.bénin@santé.bénin.benin,santébénin.bj,TPE (<10),B2C,APIEx,,Actif,2026-06-29T00:15:34.374184,haute
BJ-7DCC35BB,Clinique Bien-être Clinique,Santé & Pharmacie,Kandi,+229 65 43 77 64,clinique.bienêtre.clinique@clinique.bienêtre.clinique.bj,cliniquebienêtreclinique.bj,TPE (<10),B2B,APIEx,,Actif,2026-06-29T00:15:34.374202,haute
BJ-EEF324AC,Sainte International Kandi,Santé & Pharmacie,Kandi,+229 76 99 97 75,sainte.international.kandi@sainte.international.kandi.org,sainteinternationalkandi.bj,PME (50-200),B2B,APIEx,,Actif,2026-06-29T00:15:34.374214,haute
BJ-B82A039A,Hôpital Médicament,Santé & Pharmacie,Kandi,+229 86 98 87 68,,hôpitalmédicament.bj,TPE (<10),B2B,APIEx,,Actif,2026-06-29T00:15:34.374225,moyenne
BJ-8E8DF573,Santé Clinique Kandi,Santé & Pharmacie,Kandi,+229 50 26 16 56,santé.clinique.kandi@santé.clinique.kandi.com,santécliniquekandi.bj,Grande (>200),B2C,APIEx,,Actif,2026-06-29T00:15:34.374240,haute
BJ-34F2DD3A,Cabinet Royal,Santé & Pharmacie,Kandi,+229 55 56 27 15,,cabinetroyal.bj,PME (50-200),B2C,APIEx,,Actif,2026-06-29T00:15:34.374251,moyenne
BJ-377458A6,Cabinet Sainte International Banikoara,Santé & Pharmacie,Banikoara,+229 48 11 71 51,cabinet.sainte.international.banikoara@cabinet.sainte.international.banikoara.com,cabinetsainteinternationalbanikoara.bj,PME (50-200),B2C,APIEx,,Actif,2026-06-29T00:15:34.374271,haute
BJ-51DB884C,Nouveau Banikoara,Santé & Pharmacie,Banikoara,+229 76 78 15 74,nouveau.banikoara@nouveau.banikoara.benin,nouveaubanikoara.bj,TPE (<10),B2C,APIEx,,Actif,2026-06-29T00:15:34.374299,haute
BJ-3A20F1AB,Royal Hôpital,Santé & Pharmacie,Banikoara,+229 61 72 95 18,royal.hôpital@royal.hôpital.com,,PME (10-50),B2B,APIEx,,Actif,2026-06-29T00:15:34.374310,moyenne
BJ-F4FAA97F,Pharmacie Guérison Banikoara,Santé & Pharmacie,Banikoara,+229 59 76 25 12,pharmacie.guérison.banikoara@pharmacie.guérison.banikoara.com,,PME (10-50),B2B,APIEx,,Actif,2026-06-29T00:15:34.374321,moyenne
BJ-0C835C2A,Hôpital Guérison International,Santé & Pharmacie,Ségbana,+229 58 46 95 28,hôpital.guérison.international@hôpital.guérison.international.net,hôpitalguérisoninternational.bj,PME (10-50),B2C,APIEx,,Actif,2026-06-29T00:15:34.374350,haute
BJ-26BDD3BC,Vie Cabinet,Santé & Pharmacie,Ségbana,+229 68 82 25 90,vie.cabinet@vie.cabinet.net,viecabinet.bj,TPE (<10),B2C,APIEx,,Actif,2026-06-29T00:15:34.374361,haute
BJ-DDF9BB75,Cabinet Saint Centre,Santé & Pharmacie,Ségbana,+229 68 68 15 35,cabinet.saint.centre@cabinet.saint.centre.net,cabinetsaintcentre.bj,TPE (<10),B2B,APIEx,,Actif,2026-06-29T00:15:34.374373,haute
BJ-9A51E0F6,Laboratoire Médicament,Santé & Pharmacie,Ségbana,+229 37 31 10 42,laboratoire.médicament@laboratoire.médicament.net,,TPE (<10),B2C,APIEx,,Actif,2026-06-29T00:15:34.374384,moyenne
BJ-5BBE57E2,Santé Karimama,Santé & Pharmacie,Karimama,+229 97 46 94 82,santé.karimama@santé.karimama.net,santékarimama.bj,PME (50-200),B2B,APIEx,,Actif,2026-06-29T00:15:34.374402,haute
BJ-A11F14F3,Médicament Clinique,Santé & Pharmacie,Karimama,+229 36 11 96 78,médicament.clinique@médicament.clinique.com,médicamentclinique.bj,PME (50-200),B2B,APIEx,,Actif,2026-06-29T00:15:34.374457,haute
BJ-A5A3070C,Guérison,Santé & Pharmacie,Karimama,+229 94 76 41 79,guérison@guérison.com,,TPE (<10),B2C,APIEx,,Actif,2026-06-29T00:15:34.374471,moyenne
BJ-4E663119,Laboratoire Emergency Hôpital Gogounou,Santé & Pharmacie,Gogounou,+229 74 29 57 50,laboratoire.emergency.hôpital.gogounou@laboratoire.emergency.hôpital.gogounou.com,laboratoireemergencyhôpitalgogounou.bj,TPE (<10),B2C,APIEx,,Actif,2026-06-29T00:15:34.374508,haute
BJ-B3692854,Pharmacie Vie,Santé & Pharmacie,Gogounou,+229 21 48 41 89,,,TPE (<10),B2C,APIEx,,Actif,2026-06-29T00:15:34.374519,basse
BJ-89CBB535,Emergency Bénin,Santé & Pharmacie,Gogounou,+229 50 95 24 44,emergency.bénin@emergency.bénin.org,emergencybénin.bj,PME (10-50),B2C,APIEx,,Actif,2026-06-29T00:15:34.374531,haute
BJ-19801DFB,Clinique Urgence Cabinet,Santé & Pharmacie,Gogounou,+229 93 70 98 34,clinique.urgence.cabinet@clinique.urgence.cabinet.bj,cliniqueurgencecabinet.bj,PME (10-50),B2C,APIEx,,Actif,2026-06-29T00:15:34.374542,haute
BJ-5511A623,Pharma Gogounou,Santé & Pharmacie,Gogounou,+229 22 92 80 38,pharma.gogounou@pharma.gogounou.net,pharmagogounou.bj,Grande (>200),B2C,APIEx,,Actif,2026-06-29T00:15:34.374554,haute
BJ-62F53F75,Cabinet Saint,Santé & Pharmacie,Cobly,+229 28 85 34 37,cabinet.saint@cabinet.saint.bj,cabinetsaint.bj,PME (10-50),B2B,APIEx,,Actif,2026-06-29T00:15:34.374571,haute
BJ-41BBE1E9,Cabinet Médical Centre Cobly,Santé & Pharmacie,Cobly,+229 83 32 19 96,cabinet.médical.centre.cobly@cabinet.médical.centre.cobly.net,,TPE (<10),B2C,APIEx,,Actif,2026-06-29T00:15:34.374597,moyenne
BJ-FB10F6FA,Nouveau Cobly,Santé & Pharmacie,Cobly,+229 71 37 64 22,,,Grande (>200),B2B,APIEx,,Actif,2026-06-29T00:15:34.374607,basse
BJ-8992300A,Soins Cabinet Cobly,Santé & Pharmacie,Cobly,+229 66 57 58 84,soins.cabinet.cobly@soins.cabinet.cobly.org,soinscabinetcobly.bj,TPE (<10),B2B,APIEx,,Actif,2026-06-29T00:15:34.374619,haute
BJ-F65504FD,Hôpital Central,Santé & Pharmacie,Tanguiéta,+229 53 33 10 19,hôpital.central@hôpital.central.com,,PME (50-200),B2C,APIEx,,Actif,2026-06-29T00:15:34.374636,moyenne
BJ-E9268891,Laboratoire Soins,Santé & Pharmacie,Tanguiéta,+229 58 10 98 49,laboratoire.soins@laboratoire.soins.net,laboratoiresoins.bj,PME (10-50),B2B,APIEx,,Actif,2026-06-29T00:15:34.374647,haute
BJ-1576A2DC,Bien-être,Santé & Pharmacie,Tanguiéta,+229 78 20 56 75,bienêtre@bienêtre.benin,,PME (50-200),B2C,APIEx,,Actif,2026-06-29T00:15:34.374659,moyenne
BJ-B01C6AE2,Soins Cabinet,Santé & Pharmacie,Tanguiéta,+229 64 69 67 60,,soinscabinet.bj,TPE (<10),B2C,APIEx,,Actif,2026-06-29T00:15:34.374681,moyenne
BJ-6FE9C87F,Pharmacie Vie,Santé & Pharmacie,Matéri,+229 54 95 39 63,,pharmacievie.bj,TPE (<10),B2B,APIEx,,Actif,2026-06-29T00:15:34.374697,moyenne
BJ-115619D6,Cabinet Sainte Centre,Santé & Pharmacie,Matéri,+229 88 79 10 62,,cabinetsaintecentre.bj,PME (50-200),B2C,APIEx,,Actif,2026-06-29T00:15:34.374714,moyenne
BJ-73C39BA3,Laboratoire Emergency,Santé & Pharmacie,Matéri,+229 70 97 83 73,,laboratoireemergency.bj,TPE (<10),B2B,APIEx,,Actif,2026-06-29T00:15:34.374725,moyenne
BJ-616D58C6,Vie Pharmacie,Santé & Pharmacie,Matéri,+229 61 23 43 52,vie.pharmacie@vie.pharmacie.bj,viepharmacie.bj,PME (50-200),B2B,APIEx,,Actif,2026-06-29T00:15:34.374736,haute
BJ-E0DB3186,Médicament Medical,Santé & Pharmacie,Matéri,+229 58 94 27 82,,médicamentmedical.bj,Grande (>200),B2B,APIEx,,Actif,2026-06-29T00:15:34.374747,moyenne
BJ-0A3D3EF1,Cabinet Emergency,Santé & Pharmacie,Natitingou,+229 20 89 27 87,cabinet.emergency@cabinet.emergency.net,cabinetemergency.bj,TPE (<10),B2B,APIEx,,Actif,2026-06-29T00:15:34.374764,haute
BJ-07C176B7,Vie Pharmacie,Santé & Pharmacie,Natitingou,+229 90 24 47 13,vie.pharmacie@vie.pharmacie.net,,TPE (<10),B2B,APIEx,,Actif,2026-06-29T00:15:34.374776,moyenne
BJ-304EF36C,Santé Medical,Santé & Pharmacie,Natitingou,+229 81 96 57 89,,santémedical.bj,TPE (<10),B2B,APIEx,,Actif,2026-06-29T00:15:34.374798,moyenne
BJ-C1F05483,Laboratoire Saint,Santé & Pharmacie,Natitingou,+229 91 13 81 64,,laboratoiresaint.bj,PME (10-50),B2C,APIEx,,Actif,2026-06-29T00:15:34.374809,moyenne
BJ-49DADE9E,Pharmacie Pharma Centre Toucountouna,Santé & Pharmacie,Toucountouna,+229 85 66 24 46,pharmacie.pharma.centre.toucountouna@pharmacie.pharma.centre.toucountouna.net,pharmaciepharmacentretoucountouna.bj,PME (50-200),B2C,APIEx,,Actif,2026-06-29T00:15:34.374829,haute
BJ-2E4CA540,Royal Bénin,Santé & Pharmacie,Toucountouna,+229 49 51 26 20,,royalbénin.bj,PME (10-50),B2C,APIEx,,Actif,2026-06-29T00:15:34.374844,moyenne
BJ-6A49D107,Hôpital Saint International,Santé & Pharmacie,Toucountouna,+229 63 89 76 21,hôpital.saint.international@hôpital.saint.international.benin,,PME (10-50),B2C,APIEx,,Actif,2026-06-29T00:15:34.374856,moyenne
BJ-9C78325A,Nouveau Clinique,Santé & Pharmacie,Toucountouna,+229 49 71 56 18,nouveau.clinique@nouveau.clinique.org,,PME (50-200),B2B,APIEx,,Actif,2026-06-29T00:15:34.374867,moyenne
BJ-406D7893,Laboratoire Central,Santé & Pharmacie,Toucountouna,+229 97 62 69 77,laboratoire.central@laboratoire.central.bj,,TPE (<10),B2C,APIEx,,Actif,2026-06-29T00:15:34.374878,moyenne
BJ-92C51F31,Clinique Soins,Santé & Pharmacie,Boukoumbé,+229 63 32 87 73,clinique.soins@clinique.soins.net,cliniquesoins.bj,TPE (<10),B2B,APIEx,,Actif,2026-06-29T00:15:34.374925,haute
BJ-BA2F4458,Central,Santé & Pharmacie,Boukoumbé,+229 52 77 93 91,,,PME (50-200),B2C,APIEx,,Actif,2026-06-29T00:15:34.374976,basse
BJ-465A65AA,Bien-être Boukoumbé,Santé & Pharmacie,Boukoumbé,+229 30 87 54 43,bienêtre.boukoumbé@bienêtre.boukoumbé.org,,PME (50-200),B2B,APIEx,,Actif,2026-06-29T00:15:34.374987,moyenne
BJ-F6056176,Santé Bénin,Santé & Pharmacie,Boukoumbé,+229 40 76 81 63,,santébénin.bj,Grande (>200),B2C,APIEx,,Actif,2026-06-29T00:15:34.374998,moyenne
BJ-E94F11FB,Pharmacie Emergency Hôpital,Santé & Pharmacie,Kouandé,+229 86 15 79 40,,pharmacieemergencyhôpital.bj,TPE (<10),B2B,APIEx,,Actif,2026-06-29T00:15:34.375015,moyenne
BJ-6220C7FC,Emergency International,Santé & Pharmacie,Kouandé,+229 59 41 99 97,emergency.international@emergency.international.com,emergencyinternational.bj,TPE (<10),B2C,APIEx,,Actif,2026-06-29T00:15:34.375030,haute
BJ-55390011,Cabinet Vie Pharmacie Kouandé,Santé & Pharmacie,Kouandé,+229 40 99 74 30,,cabinetviepharmaciekouandé.bj,TPE (<10),B2C,APIEx,,Actif,2026-06-29T00:15:34.375042,moyenne
BJ-4AFEA142,Cabinet Médicament Cabinet,Santé & Pharmacie,Kouandé,+229 23 17 49 44,cabinet.médicament.cabinet@cabinet.médicament.cabinet.com,,Grande (>200),B2B,APIEx,,Actif,2026-06-29T00:15:34.375068,moyenne
BJ-6AC535FA,Clinique Emergency Hôpital,Santé & Pharmacie,Péhunco,+229 65 17 33 36,clinique.emergency.hôpital@clinique.emergency.hôpital.net,cliniqueemergencyhôpital.bj,TPE (<10),B2C,APIEx,,Actif,2026-06-29T00:15:34.375087,haute
BJ-632741C3,Hôpital Guérison Péhunco,Santé & Pharmacie,Péhunco,+229 78 46 19 25,,hôpitalguérisonpéhunco.bj,PME (10-50),B2C,APIEx,,Actif,2026-06-29T00:15:34.375098,moyenne
BJ-BFE497A8,Pharmacie Vie Clinique,Santé & Pharmacie,Péhunco,+229 38 78 65 13,,,PME (10-50),B2C,APIEx,,Actif,2026-06-29T00:15:34.375131,basse
BJ-A42C1CD9,Laboratoire Sainte Cabinet Tchaourou,Santé & Pharmacie,Tchaourou,+229 83 64 19 82,laboratoire.sainte.cabinet.tchaourou@laboratoire.sainte.cabinet.tchaourou.benin,laboratoiresaintecabinettchaourou.bj,PME (10-50),B2B,APIEx,,Actif,2026-06-29T00:15:34.375147,haute
BJ-BB04DBD2,Royal Hôpital,Santé & Pharmacie,Tchaourou,+229 85 50 41 88,,,TPE (<10),B2C,APIEx,,Actif,2026-06-29T00:15:34.375160,basse
BJ-E7960604,Royal Medical,Santé & Pharmacie,Tchaourou,+229 51 21 79 75,royal.medical@royal.medical.com,,PME (10-50),B2B,APIEx,,Actif,2026-06-29T00:15:34.375171,moyenne
BJ-17256F7A,Central Pharmacie,Santé & Pharmacie,Tchaourou,+229 59 90 83 45,central.pharmacie@central.pharmacie.benin,centralpharmacie.bj,PME (50-200),B2B,APIEx,,Actif,2026-06-29T00:15:34.375185,haute
BJ-9CF5F3A4,Central Bénin,Santé & Pharmacie,Tchaourou,+229 92 91 28 29,,,TPE (<10),B2B,APIEx,,Actif,2026-06-29T00:15:34.375196,basse
BJ-C7E7D2B1,Cabinet Médicament Pharmacie,Santé & Pharmacie,Nikki,+229 46 32 16 37,cabinet.médicament.pharmacie@cabinet.médicament.pharmacie.org,cabinetmédicamentpharmacie.bj,TPE (<10),B2C,APIEx,,Actif,2026-06-29T00:15:34.375224,haute
BJ-42B41820,Emergency Medical,Santé & Pharmacie,Nikki,+229 47 82 29 83,emergency.medical@emergency.medical.net,emergencymedical.bj,TPE (<10),B2B,APIEx,,Actif,2026-06-29T00:15:34.375235,haute
BJ-BBAC146E,Hôpital Central International,Santé & Pharmacie,Nikki,+229 51 69 90 38,hôpital.central.international@hôpital.central.international.org,hôpitalcentralinternational.bj,TPE (<10),B2B,APIEx,,Actif,2026-06-29T00:15:34.375248,haute
BJ-F67280BE,Emergency,Santé & Pharmacie,Nikki,+229 75 29 54 84,,,PME (10-50),B2B,APIEx,,Actif,2026-06-29T00:15:34.375258,basse
BJ-7666FCE5,Santé Clinique,Santé & Pharmacie,Bembéréké,+229 57 72 29 78,santé.clinique@santé.clinique.com,santéclinique.bj,TPE (<10),B2B,APIEx,,Actif,2026-06-29T00:15:34.375279,haute
BJ-7DE47E00,Royal Bénin,Santé & Pharmacie,Bembéréké,+229 34 14 82 53,royal.bénin@royal.bénin.benin,royalbénin.bj,PME (50-200),B2B,APIEx,,Actif,2026-06-29T00:15:34.375294,haute
BJ-0749BDC9,Pharmacie Central Medical,Santé & Pharmacie,Bembéréké,+229 31 44 93 10,pharmacie.central.medical@pharmacie.central.medical.bj,pharmaciecentralmedical.bj,TPE (<10),B2C,APIEx,,Actif,2026-06-29T00:15:34.375306,haute
BJ-DCC4C54C,Hôpital Bien-être,Santé & Pharmacie,Kalalé,+229 69 89 17 56,hôpital.bienêtre@hôpital.bienêtre.net,hôpitalbienêtre.bj,PME (50-200),B2C,APIEx,,Actif,2026-06-29T00:15:34.375344,haute
BJ-5CDEBB8D,Sainte Kalalé,Santé & Pharmacie,Kalalé,+229 60 55 14 84,sainte.kalalé@sainte.kalalé.org,saintekalalé.bj,TPE (<10),B2C,APIEx,,Actif,2026-06-29T00:15:34.375356,haute
BJ-CDE22015,Laboratoire Médicament,Santé & Pharmacie,Kalalé,+229 33 66 72 83,laboratoire.médicament@laboratoire.médicament.bj,,TPE (<10),B2C,APIEx,,Actif,2026-06-29T00:15:34.375368,moyenne
BJ-1557764C,Médical,Santé & Pharmacie,Kalalé,+229 65 24 86 53,médical@médical.org,,TPE (<10),B2B,APIEx,,Actif,2026-06-29T00:15:34.375379,moyenne
BJ-760C351D,Santé Hôpital,Santé & Pharmacie,Kalalé,+229 61 44 83 78,santé.hôpital@santé.hôpital.org,,TPE (<10),B2C,APIEx,,Actif,2026-06-29T00:15:34.375391,moyenne
BJ-00C5BEDA,Médical International,Santé & Pharmacie,Ndali,+229 85 13 53 62,médical.international@médical.international.bj,,PME (10-50),B2B,APIEx,,Actif,2026-06-29T00:15:34.375407,moyenne
BJ-E7377890,Sainte,Santé & Pharmacie,Ndali,+229 38 47 77 80,sainte@sainte.benin,,TPE (<10),B2B,APIEx,,Actif,2026-06-29T00:15:34.375434,moyenne
BJ-6617A8C2,Saint Cabinet Ndali,Santé & Pharmacie,Ndali,+229 33 96 46 18,saint.cabinet.ndali@saint.cabinet.ndali.benin,,TPE (<10),B2B,APIEx,,Actif,2026-06-29T00:15:34.375458,moyenne
BJ-E7D4BE4C,Pharmacie Saint,Santé & Pharmacie,Ndali,+229 39 47 23 73,pharmacie.saint@pharmacie.saint.bj,pharmaciesaint.bj,PME (10-50),B2C,APIEx,,Actif,2026-06-29T00:15:34.375481,haute
BJ-391F4753,Emergency Medical,Santé & Pharmacie,Ségbana,+229 66 45 88 31,emergency.medical@emergency.medical.benin,emergencymedical.bj,TPE (<10),B2C,APIEx,,Actif,2026-06-29T00:15:34.375531,haute
BJ-BA61EA33,Pharmacie Médicament,Santé & Pharmacie,Ségbana,+229 54 79 49 33,,pharmaciemédicament.bj,TPE (<10),B2B,APIEx,,Actif,2026-06-29T00:15:34.375581,moyenne
BJ-3B0F1D31,Santé Pharmacie,Santé & Pharmacie,Tchaourou,+229 20 71 61 59,,santépharmacie.bj,PME (50-200),B2C,APIEx,,Actif,2026-06-29T00:15:34.375598,moyenne
BJ-9600B0B4,Urgence Tchaourou,Santé & Pharmacie,Tchaourou,+229 53 27 80 57,urgence.tchaourou@urgence.tchaourou.net,urgencetchaourou.bj,PME (50-200),B2B,APIEx,,Actif,2026-06-29T00:15:34.375653,haute
BJ-5F684005,Cabinet Urgence,Santé & Pharmacie,Tchaourou,+229 98 78 39 33,cabinet.urgence@cabinet.urgence.benin,cabineturgence.bj,PME (50-200),B2C,APIEx,,Actif,2026-06-29T00:15:34.375666,haute
BJ-84456E11,Pharmacie Urgence Centre,Santé & Pharmacie,Bétérou,+229 28 95 98 39,pharmacie.urgence.centre@pharmacie.urgence.centre.com,,TPE (<10),B2C,APIEx,,Actif,2026-06-29T00:15:34.375704,moyenne
BJ-AB6BB7D9,Cabinet Santé Hôpital,Santé & Pharmacie,Bétérou,+229 74 30 66 17,,,PME (50-200),B2B,APIEx,,Actif,2026-06-29T00:15:34.375718,basse
BJ-9A3E41D5,Médical International,Santé & Pharmacie,Bétérou,+229 86 17 96 27,,,TPE (<10),B2B,APIEx,,Actif,2026-06-29T00:15:34.375728,basse
BJ-B03F1DAC,Centre Guérison,Santé & Pharmacie,Bétérou,+229 85 79 92 82,,,Grande (>200),B2B,APIEx,,Actif,2026-06-29T00:15:34.375738,basse
BJ-8E39EDAF,Guérison Bétérou,Santé & Pharmacie,Bétérou,+229 33 96 74 17,guérison.bétérou@guérison.bétérou.org,guérisonbétérou.bj,TPE (<10),B2B,APIEx,,Actif,2026-06-29T00:15:34.375750,haute
BJ-81884F28,Centre Urgence,Santé & Pharmacie,Ouessè,+229 24 61 84 53,centre.urgence@centre.urgence.bj,,PME (10-50),B2C,APIEx,,Actif,2026-06-29T00:15:34.375767,moyenne
BJ-8A272F9D,Soins,Santé & Pharmacie,Ouessè,+229 65 22 93 21,,,TPE (<10),B2C,APIEx,,Actif,2026-06-29T00:15:34.375780,basse
BJ-9A4F9C86,Hôpital Emergency Ouessè,Santé & Pharmacie,Ouessè,+229 81 41 31 70,hôpital.emergency.ouessè@hôpital.emergency.ouessè.net,,TPE (<10),B2C,APIEx,,Actif,2026-06-29T00:15:34.375804,moyenne
BJ-A53C1319,Clinique Saint,Santé & Pharmacie,Ouessè,+229 27 64 70 24,clinique.saint@clinique.saint.org,cliniquesaint.bj,TPE (<10),B2B,APIEx,,Actif,2026-06-29T00:15:34.375815,haute
BJ-111A77CA,Laboratoire Bien-être,Santé & Pharmacie,Glazoué,+229 90 50 69 61,,laboratoirebienêtre.bj,PME (10-50),B2B,APIEx,,Actif,2026-06-29T00:15:34.375843,moyenne
BJ-5C49332C,Laboratoire Sainte,Santé & Pharmacie,Glazoué,+229 84 78 62 56,laboratoire.sainte@laboratoire.sainte.com,,Grande (>200),B2C,APIEx,,Actif,2026-06-29T00:15:34.375854,moyenne
BJ-8B9EE4B9,Centre Médical International,Santé & Pharmacie,Glazoué,+229 99 41 20 54,,centremédicalinternational.bj,PME (50-200),B2C,APIEx,,Actif,2026-06-29T00:15:34.375865,moyenne
BJ-5650B50E,Médical,Santé & Pharmacie,Glazoué,+229 95 26 54 50,,,TPE (<10),B2B,APIEx,,Actif,2026-06-29T00:15:34.375875,basse
BJ-BE655049,Guérison Cabinet,Santé & Pharmacie,Dassa-Zoumè,+229 24 34 49 83,guérison.cabinet@guérison.cabinet.net,guérisoncabinet.bj,TPE (<10),B2B,APIEx,,Actif,2026-06-29T00:15:34.375904,haute
BJ-40B698D6,Laboratoire Bien-être Clinique,Santé & Pharmacie,Dassa-Zoumè,+229 30 92 93 32,laboratoire.bienêtre.clinique@laboratoire.bienêtre.clinique.com,laboratoirebienêtreclinique.bj,TPE (<10),B2B,APIEx,,Actif,2026-06-29T00:15:34.375940,haute
BJ-C46783D3,Cabinet Saint International,Santé & Pharmacie,Dassa-Zoumè,+229 48 59 77 57,cabinet.saint.international@cabinet.saint.international.bj,cabinetsaintinternational.bj,PME (50-200),B2B,APIEx,,Actif,2026-06-29T00:15:34.375966,haute
BJ-A365C861,Pharma,Santé & Pharmacie,Dassa-Zoumè,+229 59 16 12 74,pharma@pharma.com,pharma.bj,Grande (>200),B2B,APIEx,,Actif,2026-06-29T00:15:34.375980,haute
BJ-20202AB1,Centre Sainte Cabinet,Santé & Pharmacie,Savalou,+229 45 28 63 89,centre.sainte.cabinet@centre.sainte.cabinet.net,centresaintecabinet.bj,PME (10-50),B2B,APIEx,,Actif,2026-06-29T00:15:34.376011,haute
BJ-0D9BC98E,Guérison Centre,Santé & Pharmacie,Savalou,+229 94 44 14 97,guérison.centre@guérison.centre.net,guérisoncentre.bj,PME (50-200),B2B,APIEx,,Actif,2026-06-29T00:15:34.376024,haute
BJ-C22E2E33,Centre Saint Pharmacie,Santé & Pharmacie,Savalou,+229 51 93 84 84,centre.saint.pharmacie@centre.saint.pharmacie.benin,centresaintpharmacie.bj,TPE (<10),B2B,APIEx,,Actif,2026-06-29T00:15:34.376035,haute
BJ-0A576AAA,Pharma,Santé & Pharmacie,Savalou,+229 62 96 93 56,pharma@pharma.benin,pharma.bj,PME (10-50),B2B,APIEx,,Actif,2026-06-29T00:15:34.376046,haute
BJ-D08CCD21,Saint Cabinet,Santé & Pharmacie,Savalou,+229 67 96 96 94,saint.cabinet@saint.cabinet.org,,PME (10-50),B2C,APIEx,,Actif,2026-06-29T00:15:34.376057,moyenne
BJ-421CA70D,Pharmacie Guérison,Santé & Pharmacie,Bantè,+229 97 42 41 75,pharmacie.guérison@pharmacie.guérison.benin,pharmacieguérison.bj,TPE (<10),B2B,APIEx,,Actif,2026-06-29T00:15:34.376078,haute
BJ-D75C6EA7,Pharmacie Nouveau International,Santé & Pharmacie,Bantè,+229 56 69 25 25,pharmacie.nouveau.international@pharmacie.nouveau.international.net,,Grande (>200),B2B,APIEx,,Actif,2026-06-29T00:15:34.376092,moyenne
BJ-C9CD5AEA,Cabinet Médical Centre,Santé & Pharmacie,Bantè,+229 38 24 21 79,,,PME (10-50),B2B,APIEx,,Actif,2026-06-29T00:15:34.376103,basse
BJ-87E5EECB,Clinique Soins Centre,Santé & Pharmacie,Bantè,+229 65 14 99 74,clinique.soins.centre@clinique.soins.centre.org,,PME (10-50),B2B,APIEx,,Actif,2026-06-29T00:15:34.376114,moyenne
BJ-B6E2B9EB,Emergency,Santé & Pharmacie,Bantè,+229 43 99 92 21,emergency@emergency.benin,emergency.bj,PME (50-200),B2B,APIEx,,Actif,2026-06-29T00:15:34.376124,haute
BJ-F3F52B72,Hôpital Soins Bénin,Santé & Pharmacie,Djougou,+229 80 54 53 95,hôpital.soins.bénin@hôpital.soins.bénin.benin,hôpitalsoinsbénin.bj,TPE (<10),B2C,APIEx,,Actif,2026-06-29T00:15:34.376142,haute
BJ-FA472A4C,Nouveau International Djougou,Santé & Pharmacie,Djougou,+229 97 71 30 35,,,TPE (<10),B2B,APIEx,,Actif,2026-06-29T00:15:34.376152,basse
BJ-7D6B2C95,Laboratoire Soins Hôpital,Santé & Pharmacie,Djougou,+229 57 24 61 32,laboratoire.soins.hôpital@laboratoire.soins.hôpital.bj,,Grande (>200),B2C,APIEx,,Actif,2026-06-29T00:15:34.376163,moyenne
BJ-4C2787AA,Médical International Djougou,Santé & Pharmacie,Djougou,+229 78 46 86 94,,,PME (50-200),B2C,APIEx,,Actif,2026-06-29T00:15:34.376174,basse
BJ-FFBDD7DB,Cabinet Royal International,Santé & Pharmacie,Djougou,+229 65 50 48 98,cabinet.royal.international@cabinet.royal.international.com,cabinetroyalinternational.bj,PME (10-50),B2C,APIEx,,Actif,2026-06-29T00:15:34.376185,haute
BJ-7BA36AD0,Clinique Vie Pharmacie Ouèssè,Santé & Pharmacie,Ouèssè,+229 85 48 22 16,clinique.vie.pharmacie.ouèssè@clinique.vie.pharmacie.ouèssè.bj,cliniqueviepharmacieouèssè.bj,PME (50-200),B2C,APIEx,,Actif,2026-06-29T00:15:34.376221,haute
BJ-8D14880D,Central Bénin,Santé & Pharmacie,Ouèssè,+229 99 86 63 63,central.bénin@central.bénin.net,centralbénin.bj,TPE (<10),B2B,APIEx,,Actif,2026-06-29T00:15:34.376234,haute
BJ-249A1EE7,Centre Nouveau Centre,Santé & Pharmacie,Ouèssè,+229 74 33 78 72,centre.nouveau.centre@centre.nouveau.centre.benin,,TPE (<10),B2C,APIEx,,Actif,2026-06-29T00:15:34.376284,moyenne
BJ-F60BE7BE,Pharmacie Urgence Bénin,Santé & Pharmacie,Bassila,+229 94 52 19 54,pharmacie.urgence.bénin@pharmacie.urgence.bénin.org,,TPE (<10),B2B,APIEx,,Actif,2026-06-29T00:15:34.376314,moyenne
BJ-74F46E45,Central Medical Bassila,Santé & Pharmacie,Bassila,+229 64 69 53 66,,,PME (10-50),B2B,APIEx,,Actif,2026-06-29T00:15:34.376324,basse
BJ-471535A1,Cabinet Royal,Santé & Pharmacie,Bassila,+229 37 96 57 75,cabinet.royal@cabinet.royal.benin,,TPE (<10),B2B,APIEx,,Actif,2026-06-29T00:15:34.376335,moyenne
BJ-39FA5764,Laboratoire Pharma,Santé & Pharmacie,Bassila,+229 90 17 33 67,,laboratoirepharma.bj,PME (10-50),B2C,APIEx,,Actif,2026-06-29T00:15:34.376346,moyenne
BJ-3054463A,Hôpital Central Pharmacie,Santé & Pharmacie,Bassila,+229 80 20 82 65,,hôpitalcentralpharmacie.bj,TPE (<10),B2B,APIEx,,Actif,2026-06-29T00:15:34.376357,moyenne
BJ-595D3306,Vie Pharmacie Pehunco,Santé & Pharmacie,Pehunco,+229 66 25 52 21,vie.pharmacie.pehunco@vie.pharmacie.pehunco.benin,,TPE (<10),B2B,APIEx,,Actif,2026-06-29T00:15:34.376373,moyenne
BJ-0186FC2E,Pharma International,Santé & Pharmacie,Pehunco,+229 94 47 82 21,,pharmainternational.bj,PME (50-200),B2C,APIEx,,Actif,2026-06-29T00:15:34.376386,moyenne
BJ-AC3FBED4,Laboratoire Central Pehunco,Santé & Pharmacie,Pehunco,+229 47 98 37 54,,laboratoirecentralpehunco.bj,PME (50-200),B2C,APIEx,,Actif,2026-06-29T00:15:34.376398,moyenne
BJ-2AF5DEEE,Guérison,Santé & Pharmacie,Pehunco,+229 48 53 19 59,guérison@guérison.com,guérison.bj,PME (10-50),B2B,APIEx,,Actif,2026-06-29T00:15:34.376412,haute
BJ-42A5E945,Clinique Royal,Santé & Pharmacie,Pehunco,+229 48 19 17 10,,,PME (50-200),B2B,APIEx,,Actif,2026-06-29T00:15:34.376422,basse
BJ-55ECCC52,Sainte Hôpital,Santé & Pharmacie,Copargo,+229 89 81 26 50,sainte.hôpital@sainte.hôpital.bj,,Grande (>200),B2C,APIEx,,Actif,2026-06-29T00:15:34.376439,moyenne
BJ-C3604973,Clinique Santé Copargo,Santé & Pharmacie,Copargo,+229 38 22 25 84,clinique.santé.copargo@clinique.santé.copargo.bj,cliniquesantécopargo.bj,PME (10-50),B2B,APIEx,,Actif,2026-06-29T00:15:34.376451,haute
BJ-A90F35D5,Saint,Santé & Pharmacie,Copargo,+229 37 27 87 98,,,PME (10-50),B2B,APIEx,,Actif,2026-06-29T00:15:34.376465,basse
BJ-2DA703E8,Clinique Bien-être Clinique Copargo,Santé & Pharmacie,Copargo,+229 31 73 10 54,clinique.bienêtre.clinique.copargo@clinique.bienêtre.clinique.copargo.org,,PME (50-200),B2C,APIEx,,Actif,2026-06-29T00:15:34.376480,moyenne
BJ-4348C227,Protection Finance,Finance & Assurance,Cotonou,+229 38 62 89 29,protection.finance@protection.finance.com,,PME (10-50),B2C,APIEx,,Actif,2026-06-29T00:15:34.376551,moyenne
BJ-E7282873,Assurance Bénin SA,Finance & Assurance,Cotonou,+229 36 80 99 50,,assurancebéninsa.bj,PME (10-50),B2C,APIEx,,Actif,2026-06-29T00:15:34.376591,moyenne
BJ-2520D883,Cabinet Africa,Finance & Assurance,Cotonou,+229 22 44 43 85,cabinet.africa@cabinet.africa.org,cabinetafrica.bj,PME (50-200),B2B,APIEx,,Actif,2026-06-29T00:15:34.376612,haute
BJ-44D10274,Cabinet National SARL,Finance & Assurance,Cotonou,+229 60 12 87 74,cabinet.national.sarl@cabinet.national.sarl.net,cabinetnationalsarl.bj,TPE (<10),B2B,APIEx,,Actif,2026-06-29T00:15:34.376625,haute
BJ-D5D035FB,Capital,Finance & Assurance,Cotonou,+229 86 53 15 18,capital@capital.benin,capital.bj,PME (10-50),B2B,APIEx,,Actif,2026-06-29T00:15:34.376650,haute
BJ-5063A31B,Vie,Finance & Assurance,Abomey-Calavi,+229 77 74 88 15,vie@vie.org,vie.bj,TPE (<10),B2B,APIEx,,Actif,2026-06-29T00:15:34.376668,haute
BJ-9418AC9E,Assurance National,Finance & Assurance,Abomey-Calavi,+229 26 45 43 17,assurance.national@assurance.national.com,,PME (10-50),B2B,APIEx,,Actif,2026-06-29T00:15:34.376679,moyenne
BJ-0832E6AB,Vie International,Finance & Assurance,Abomey-Calavi,+229 81 38 96 64,vie.international@vie.international.bj,,TPE (<10),B2B,APIEx,,Actif,2026-06-29T00:15:34.376690,moyenne
BJ-F1D8A43F,National Groupe,Finance & Assurance,Abomey-Calavi,+229 72 82 38 70,national.groupe@national.groupe.benin,,TPE (<10),B2C,APIEx,,Actif,2026-06-29T00:15:34.376702,moyenne
BJ-1FA3867E,Cabinet International Assurances,Finance & Assurance,Abomey-Calavi,+229 32 69 95 72,cabinet.international.assurances@cabinet.international.assurances.net,cabinetinternationalassurances.bj,PME (50-200),B2C,APIEx,,Actif,2026-06-29T00:15:34.376714,haute
BJ-82F0A9C2,Groupe Épargne,Finance & Assurance,Porto-Novo,+229 45 30 90 84,groupe.épargne@groupe.épargne.bj,groupeépargne.bj,TPE (<10),B2B,APIEx,,Actif,2026-06-29T00:15:34.376747,haute
BJ-4B6920B6,Société Vie,Finance & Assurance,Porto-Novo,+229 82 30 55 26,société.vie@société.vie.org,,PME (10-50),B2C,APIEx,,Actif,2026-06-29T00:15:34.376762,moyenne
BJ-53A015E7,Sécurité Porto-Novo,Finance & Assurance,Porto-Novo,+229 55 77 12 23,sécurité.portonovo@sécurité.portonovo.benin,,PME (10-50),B2C,APIEx,,Actif,2026-06-29T00:15:34.376775,moyenne
BJ-7292FEDC,National Bank,Finance & Assurance,Porto-Novo,+229 71 17 65 95,,,Grande (>200),B2B,APIEx,,Actif,2026-06-29T00:15:34.376788,basse
BJ-D2DEF886,Assurance Protection Capital,Finance & Assurance,Parakou,+229 28 28 43 33,assurance.protection.capital@assurance.protection.capital.net,,PME (10-50),B2C,APIEx,,Actif,2026-06-29T00:15:34.376805,moyenne
BJ-98F25653,Cabinet Assurance,Finance & Assurance,Parakou,+229 65 12 16 99,cabinet.assurance@cabinet.assurance.com,cabinetassurance.bj,PME (10-50),B2B,APIEx,,Actif,2026-06-29T00:15:34.376817,haute
BJ-2DBF9748,Protection,Finance & Assurance,Parakou,+229 26 70 75 11,protection@protection.org,,TPE (<10),B2B,APIEx,,Actif,2026-06-29T00:15:34.376846,moyenne
BJ-E16E8BAC,Cabinet International Invest,Finance & Assurance,Parakou,+229 84 25 80 33,cabinet.international.invest@cabinet.international.invest.net,cabinetinternationalinvest.bj,PME (50-200),B2B,APIEx,,Actif,2026-06-29T00:15:34.376878,haute
BJ-16A7CB5C,Finance Sécurité,Finance & Assurance,Parakou,+229 47 97 47 10,finance.sécurité@finance.sécurité.bj,financesécurité.bj,TPE (<10),B2C,APIEx,,Actif,2026-06-29T00:15:34.376900,haute
BJ-E0FAF4D7,Société West Groupe Bohicon,Finance & Assurance,Bohicon,+229 28 28 55 97,société.west.groupe.bohicon@société.west.groupe.bohicon.benin,,PME (50-200),B2C,APIEx,,Actif,2026-06-29T00:15:34.376921,moyenne
BJ-6D6346DF,Finance Investissement SARL Bohicon,Finance & Assurance,Bohicon,+229 64 35 53 78,finance.investissement.sarl.bohicon@finance.investissement.sarl.bohicon.org,financeinvestissementsarlbohicon.bj,Grande (>200),B2B,APIEx,,Actif,2026-06-29T00:15:34.376962,haute
BJ-D19A2F66,Vie Invest,Finance & Assurance,Bohicon,+229 81 72 28 97,vie.invest@vie.invest.org,vieinvest.bj,PME (50-200),B2B,APIEx,,Actif,2026-06-29T00:15:34.376973,haute
BJ-A795F20A,Vie SARL Bohicon,Finance & Assurance,Bohicon,+229 81 19 71 11,vie.sarl.bohicon@vie.sarl.bohicon.org,viesarlbohicon.bj,PME (10-50),B2B,APIEx,,Actif,2026-06-29T00:15:34.376985,haute
BJ-343A1BCE,Crédit Groupe Natitingou,Finance & Assurance,Natitingou,+229 80 20 41 39,crédit.groupe.natitingou@crédit.groupe.natitingou.net,,Grande (>200),B2B,APIEx,,Actif,2026-06-29T00:15:34.377003,moyenne
BJ-A27FE885,Société Crédit SARL,Finance & Assurance,Natitingou,+229 81 19 77 58,société.crédit.sarl@société.crédit.sarl.bj,sociétécréditsarl.bj,PME (50-200),B2C,APIEx,,Actif,2026-06-29T00:15:34.377015,haute
BJ-E0595665,Assurance Capital SARL Natitingou,Finance & Assurance,Natitingou,+229 79 73 16 51,assurance.capital.sarl.natitingou@assurance.capital.sarl.natitingou.benin,,TPE (<10),B2C,APIEx,,Actif,2026-06-29T00:15:34.377038,moyenne
BJ-458930DF,Groupe Auto,Finance & Assurance,Natitingou,+229 70 79 81 20,groupe.auto@groupe.auto.com,,TPE (<10),B2C,APIEx,,Actif,2026-06-29T00:15:34.377048,moyenne
BJ-59BE7436,Cabinet Épargne Bank Lokossa,Finance & Assurance,Lokossa,+229 85 86 86 63,cabinet.épargne.bank.lokossa@cabinet.épargne.bank.lokossa.org,cabinetépargnebanklokossa.bj,PME (10-50),B2C,APIEx,,Actif,2026-06-29T00:15:34.377095,haute
BJ-FC5A7A16,Assurance International,Finance & Assurance,Lokossa,+229 77 39 78 72,,assuranceinternational.bj,TPE (<10),B2C,APIEx,,Actif,2026-06-29T00:15:34.377106,moyenne
BJ-3067CD80,Assurance Capital SARL,Finance & Assurance,Lokossa,+229 84 45 62 78,,assurancecapitalsarl.bj,PME (10-50),B2C,APIEx,,Actif,2026-06-29T00:15:34.377117,moyenne
BJ-16F15FA4,Finance Sécurité Finance,Finance & Assurance,Ouidah,+229 63 16 67 72,finance.sécurité.finance@finance.sécurité.finance.net,,PME (10-50),B2C,APIEx,,Actif,2026-06-29T00:15:34.377134,moyenne
BJ-58831BCD,Groupe West,Finance & Assurance,Ouidah,+229 83 97 87 84,groupe.west@groupe.west.org,groupewest.bj,PME (50-200),B2B,APIEx,,Actif,2026-06-29T00:15:34.377146,haute
BJ-5F2E85A7,Groupe Bénin,Finance & Assurance,Ouidah,+229 64 67 75 94,groupe.bénin@groupe.bénin.benin,groupebénin.bj,Grande (>200),B2C,APIEx,,Actif,2026-06-29T00:15:34.377158,haute
BJ-55942E69,Groupe Protection International Ouidah,Finance & Assurance,Ouidah,+229 80 26 64 67,groupe.protection.international.ouidah@groupe.protection.international.ouidah.org,groupeprotectioninternationalouidah.bj,PME (10-50),B2C,APIEx,,Actif,2026-06-29T00:15:34.377170,haute
BJ-0890780C,Vie SA,Finance & Assurance,Ouidah,+229 23 86 13 88,,,Grande (>200),B2B,APIEx,,Actif,2026-06-29T00:15:34.377181,basse
BJ-49DA2616,Assurance Sécurité,Finance & Assurance,Savalou,+229 39 25 22 62,assurance.sécurité@assurance.sécurité.org,assurancesécurité.bj,TPE (<10),B2C,APIEx,,Actif,2026-06-29T00:15:34.377198,haute
BJ-12F01C28,Groupe Crédit Invest,Finance & Assurance,Savalou,+229 23 87 53 61,groupe.crédit.invest@groupe.crédit.invest.benin,groupecréditinvest.bj,PME (10-50),B2B,APIEx,,Actif,2026-06-29T00:15:34.377213,haute
BJ-A070DAAD,Banque Protection Groupe,Finance & Assurance,Savalou,+229 68 50 68 18,banque.protection.groupe@banque.protection.groupe.org,banqueprotectiongroupe.bj,TPE (<10),B2B,APIEx,,Actif,2026-06-29T00:15:34.377225,haute
BJ-2E6BDCB0,Groupe West Finance,Finance & Assurance,Savalou,+229 67 47 24 44,groupe.west.finance@groupe.west.finance.com,,PME (10-50),B2C,APIEx,,Actif,2026-06-29T00:15:34.377251,moyenne
BJ-4045A6E5,Banque West Finance,Finance & Assurance,Dassa-Zoumè,+229 61 20 79 30,,banquewestfinance.bj,PME (10-50),B2C,APIEx,,Actif,2026-06-29T00:15:34.377308,moyenne
BJ-588BB59F,West Dassa-Zoumè,Finance & Assurance,Dassa-Zoumè,+229 49 72 19 85,west.dassazoumè@west.dassazoumè.net,,PME (50-200),B2B,APIEx,,Actif,2026-06-29T00:15:34.377319,moyenne
BJ-BBDECB58,Finance Africa Kétou,Finance & Assurance,Kétou,+229 44 25 83 62,finance.africa.kétou@finance.africa.kétou.benin,financeafricakétou.bj,PME (10-50),B2B,APIEx,,Actif,2026-06-29T00:15:34.377353,haute
BJ-7D7E64F4,Finance Investissement,Finance & Assurance,Kétou,+229 59 11 76 84,finance.investissement@finance.investissement.bj,financeinvestissement.bj,PME (10-50),B2B,APIEx,,Actif,2026-06-29T00:15:34.377365,haute
BJ-F1EBE6DD,Épargne Invest,Finance & Assurance,Kétou,+229 64 88 72 20,épargne.invest@épargne.invest.bj,épargneinvest.bj,TPE (<10),B2B,APIEx,,Actif,2026-06-29T00:15:34.377377,haute
BJ-62542443,Assurance National,Finance & Assurance,Kétou,+229 27 44 39 90,,,TPE (<10),B2C,APIEx,,Actif,2026-06-29T00:15:34.377387,basse
BJ-924E767B,Investissement Assurances,Finance & Assurance,Covè,+229 22 74 58 92,investissement.assurances@investissement.assurances.bj,investissementassurances.bj,TPE (<10),B2B,APIEx,,Actif,2026-06-29T00:15:34.377405,haute
BJ-E74EB512,Société Protection Bank,Finance & Assurance,Covè,+229 95 12 32 93,,sociétéprotectionbank.bj,TPE (<10),B2C,APIEx,,Actif,2026-06-29T00:15:34.377416,moyenne
BJ-74D95395,Africa Bank,Finance & Assurance,Covè,+229 76 31 95 93,africa.bank@africa.bank.com,,TPE (<10),B2B,APIEx,,Actif,2026-06-29T00:15:34.377427,moyenne
BJ-665A7E60,Protection Bank,Finance & Assurance,Covè,+229 43 69 24 58,protection.bank@protection.bank.bj,,PME (10-50),B2C,APIEx,,Actif,2026-06-29T00:15:34.377438,moyenne
BJ-9FD5A45B,Groupe Vie,Finance & Assurance,Covè,+229 49 70 16 22,,groupevie.bj,PME (50-200),B2B,APIEx,,Actif,2026-06-29T00:15:34.377448,moyenne
BJ-98F0CF38,Capital Groupe,Finance & Assurance,Pobè,+229 66 85 16 81,capital.groupe@capital.groupe.bj,capitalgroupe.bj,PME (10-50),B2C,APIEx,,Actif,2026-06-29T00:15:34.377464,haute
BJ-9B3163D0,Africa Pobè,Finance & Assurance,Pobè,+229 70 60 39 39,,africapobè.bj,Grande (>200),B2C,APIEx,,Actif,2026-06-29T00:15:34.377479,moyenne
BJ-FFF7454D,Finance Protection SA,Finance & Assurance,Pobè,+229 46 41 50 96,,financeprotectionsa.bj,TPE (<10),B2C,APIEx,,Actif,2026-06-29T00:15:34.377514,moyenne
BJ-5479596D,Assurance Épargne Finance,Finance & Assurance,Sakété,+229 98 50 75 44,,assuranceépargnefinance.bj,PME (10-50),B2C,APIEx,,Actif,2026-06-29T00:15:34.377530,moyenne
BJ-425DF4A4,Groupe Sécurité SA,Finance & Assurance,Sakété,+229 27 58 99 57,groupe.sécurité.sa@groupe.sécurité.sa.com,groupesécuritésa.bj,PME (50-200),B2B,APIEx,,Actif,2026-06-29T00:15:34.377550,haute
BJ-7F9010E7,Protection SARL,Finance & Assurance,Sakété,+229 62 36 37 30,protection.sarl@protection.sarl.net,protectionsarl.bj,Grande (>200),B2B,APIEx,,Actif,2026-06-29T00:15:34.377562,haute
BJ-C481AD39,West SA,Finance & Assurance,Sakété,+229 62 32 18 56,west.sa@west.sa.net,westsa.bj,TPE (<10),B2B,APIEx,,Actif,2026-06-29T00:15:34.377574,haute
BJ-C00F6FC0,Assurance National Sakété,Finance & Assurance,Sakété,+229 57 13 56 16,assurance.national.sakété@assurance.national.sakété.net,,TPE (<10),B2C,APIEx,,Actif,2026-06-29T00:15:34.377585,moyenne
BJ-6673A075,Banque Investissement,Finance & Assurance,Adjara,+229 97 58 23 17,banque.investissement@banque.investissement.org,banqueinvestissement.bj,TPE (<10),B2C,APIEx,,Actif,2026-06-29T00:15:34.377601,haute
BJ-4E58A20F,Société Vie,Finance & Assurance,Adjara,+229 87 11 80 62,société.vie@société.vie.net,,TPE (<10),B2C,APIEx,,Actif,2026-06-29T00:15:34.377627,moyenne
BJ-A757433A,Protection,Finance & Assurance,Adjara,+229 46 15 22 19,protection@protection.benin,protection.bj,PME (50-200),B2B,APIEx,,Actif,2026-06-29T00:15:34.377638,haute
BJ-A6C8A86B,Capital SA,Finance & Assurance,Adjara,+229 41 94 54 52,capital.sa@capital.sa.net,capitalsa.bj,TPE (<10),B2C,APIEx,,Actif,2026-06-29T00:15:34.377650,haute
BJ-14E5FEB7,Santé SARL,Finance & Assurance,Allada,+229 32 66 29 15,santé.sarl@santé.sarl.org,santésarl.bj,PME (10-50),B2B,APIEx,,Actif,2026-06-29T00:15:34.377667,haute
BJ-10C1AB23,Groupe Sécurité,Finance & Assurance,Allada,+229 77 23 93 92,,groupesécurité.bj,TPE (<10),B2B,APIEx,,Actif,2026-06-29T00:15:34.377678,moyenne
BJ-38AB786A,Bénin SA,Finance & Assurance,Allada,+229 42 35 75 32,bénin.sa@bénin.sa.com,,PME (50-200),B2C,APIEx,,Actif,2026-06-29T00:15:34.377690,moyenne
BJ-BC0D3C72,Assurance Sécurité Bank Allada,Finance & Assurance,Allada,+229 53 81 65 18,assurance.sécurité.bank.allada@assurance.sécurité.bank.allada.org,assurancesécuritébankallada.bj,Grande (>200),B2B,APIEx,,Actif,2026-06-29T00:15:34.377703,haute
BJ-B41E4538,Assurance,Finance & Assurance,Allada,+229 86 48 10 54,assurance@assurance.com,assurance.bj,PME (10-50),B2B,APIEx,,Actif,2026-06-29T00:15:34.377718,haute
BJ-07B4319C,Investissement Aplahoué,Finance & Assurance,Aplahoué,+229 74 44 20 45,investissement.aplahoué@investissement.aplahoué.com,,PME (50-200),B2C,APIEx,,Actif,2026-06-29T00:15:34.377735,moyenne
BJ-0A838869,Banque Africa,Finance & Assurance,Aplahoué,+229 69 98 52 85,banque.africa@banque.africa.bj,banqueafrica.bj,PME (10-50),B2B,APIEx,,Actif,2026-06-29T00:15:34.377750,haute
BJ-5FB5537D,West,Finance & Assurance,Aplahoué,+229 25 81 66 50,west@west.com,west.bj,PME (10-50),B2C,APIEx,,Actif,2026-06-29T00:15:34.377761,haute
BJ-B914BCB3,Société Auto SA,Finance & Assurance,Aplahoué,+229 30 27 64 80,,sociétéautosa.bj,PME (10-50),B2C,APIEx,,Actif,2026-06-29T00:15:34.377773,moyenne
BJ-D53F190D,International SA Aplahoué,Finance & Assurance,Aplahoué,+229 66 53 88 20,international.sa.aplahoué@international.sa.aplahoué.net,internationalsaaplahoué.bj,PME (10-50),B2B,APIEx,,Actif,2026-06-29T00:15:34.377786,haute
BJ-1B044D13,Épargne,Finance & Assurance,Dogbo-Tota,+229 96 95 10 48,,épargne.bj,PME (50-200),B2B,APIEx,,Actif,2026-06-29T00:15:34.377802,moyenne
BJ-B2C47151,Banque Protection Assurances,Finance & Assurance,Dogbo-Tota,+229 40 66 33 53,banque.protection.assurances@banque.protection.assurances.com,banqueprotectionassurances.bj,TPE (<10),B2B,APIEx,,Actif,2026-06-29T00:15:34.377814,haute
BJ-8C963A18,Banque International,Finance & Assurance,Dogbo-Tota,+229 39 94 32 83,banque.international@banque.international.net,banqueinternational.bj,TPE (<10),B2C,APIEx,,Actif,2026-06-29T00:15:34.377836,haute
BJ-98652B73,West Groupe,Finance & Assurance,Dogbo-Tota,+229 25 70 83 58,,westgroupe.bj,PME (50-200),B2B,APIEx,,Actif,2026-06-29T00:15:34.377846,moyenne
BJ-AC37F29A,Finance Capital Kpomassè,Finance & Assurance,Kpomassè,+229 77 19 80 24,,financecapitalkpomassè.bj,TPE (<10),B2C,APIEx,,Actif,2026-06-29T00:15:34.377862,moyenne
BJ-B75325F4,Groupe Capital Invest,Finance & Assurance,Kpomassè,+229 70 94 53 93,,groupecapitalinvest.bj,PME (50-200),B2C,APIEx,,Actif,2026-06-29T00:15:34.377876,moyenne
BJ-20E78F1D,Assurance Kpomassè,Finance & Assurance,Kpomassè,+229 91 78 50 66,assurance.kpomassè@assurance.kpomassè.bj,,TPE (<10),B2C,APIEx,,Actif,2026-06-29T00:15:34.377925,moyenne
BJ-21B84589,Société Bénin,Finance & Assurance,Kpomassè,+229 40 75 30 91,société.bénin@société.bénin.bj,,TPE (<10),B2C,APIEx,,Actif,2026-06-29T00:15:34.377954,moyenne
BJ-1E134082,Investissement Groupe,Finance & Assurance,Tori-Bossito,+229 75 17 95 71,investissement.groupe@investissement.groupe.benin,investissementgroupe.bj,PME (10-50),B2C,APIEx,,Actif,2026-06-29T00:15:34.377978,haute
BJ-4CC1C0C2,Cabinet Crédit Invest,Finance & Assurance,Tori-Bossito,+229 82 46 91 92,cabinet.crédit.invest@cabinet.crédit.invest.com,,PME (10-50),B2C,APIEx,,Actif,2026-06-29T00:15:34.378003,moyenne
BJ-15EDE7DE,Assurance Assurance Tori-Bossito,Finance & Assurance,Tori-Bossito,+229 84 62 92 36,assurance.assurance.toribossito@assurance.assurance.toribossito.org,assuranceassurancetoribossito.bj,PME (10-50),B2B,APIEx,,Actif,2026-06-29T00:15:34.378028,haute
BJ-36DC0FFC,Banque Protection International,Finance & Assurance,Tori-Bossito,+229 21 46 78 48,banque.protection.international@banque.protection.international.benin,banqueprotectioninternational.bj,PME (10-50),B2B,APIEx,,Actif,2026-06-29T00:15:34.378057,haute
BJ-87F6CB8B,Cabinet Santé,Finance & Assurance,Grand-Popo,+229 53 12 53 60,cabinet.santé@cabinet.santé.net,,TPE (<10),B2B,APIEx,,Actif,2026-06-29T00:15:34.378089,moyenne
BJ-AC79118E,National,Finance & Assurance,Grand-Popo,+229 97 91 88 97,,national.bj,TPE (<10),B2B,APIEx,,Actif,2026-06-29T00:15:34.378103,moyenne
BJ-F0057609,Protection Assurances,Finance & Assurance,Grand-Popo,+229 21 31 89 89,protection.assurances@protection.assurances.net,protectionassurances.bj,PME (50-200),B2C,APIEx,,Actif,2026-06-29T00:15:34.378115,haute
BJ-B1FAAD6B,Cabinet Africa,Finance & Assurance,Grand-Popo,+229 23 78 29 37,cabinet.africa@cabinet.africa.com,,PME (10-50),B2B,APIEx,,Actif,2026-06-29T00:15:34.378127,moyenne
BJ-E0B57E43,Cabinet Africa Bank Grand-Popo,Finance & Assurance,Grand-Popo,+229 54 45 41 83,,cabinetafricabankgrandpopo.bj,PME (50-200),B2C,APIEx,,Actif,2026-06-29T00:15:34.378138,moyenne
BJ-DCC61572,Cabinet Auto Invest,Finance & Assurance,Athiémé,+229 56 16 84 83,cabinet.auto.invest@cabinet.auto.invest.org,cabinetautoinvest.bj,PME (50-200),B2B,APIEx,,Actif,2026-06-29T00:15:34.378168,haute
BJ-2CA3E300,Crédit International Athiémé,Finance & Assurance,Athiémé,+229 80 93 86 20,crédit.international.athiémé@crédit.international.athiémé.net,créditinternationalathiémé.bj,PME (10-50),B2B,APIEx,,Actif,2026-06-29T00:15:34.378185,haute
BJ-68D95258,Banque International,Finance & Assurance,Athiémé,+229 87 23 92 68,banque.international@banque.international.bj,banqueinternational.bj,PME (10-50),B2B,APIEx,,Actif,2026-06-29T00:15:34.378196,haute
BJ-24D03C46,Banque Crédit Assurances,Finance & Assurance,Athiémé,+229 89 16 23 53,,,TPE (<10),B2B,APIEx,,Actif,2026-06-29T00:15:34.378206,basse
BJ-3FE0758F,Cabinet West Groupe,Finance & Assurance,Athiémé,+229 30 62 38 25,cabinet.west.groupe@cabinet.west.groupe.benin,cabinetwestgroupe.bj,TPE (<10),B2C,APIEx,,Actif,2026-06-29T00:15:34.378217,haute
BJ-5DC61296,Finance Protection Finance,Finance & Assurance,Bopa,+229 46 29 13 33,finance.protection.finance@finance.protection.finance.bj,financeprotectionfinance.bj,TPE (<10),B2C,APIEx,,Actif,2026-06-29T00:15:34.378234,haute
BJ-657ED766,Banque Africa,Finance & Assurance,Bopa,+229 48 96 11 19,banque.africa@banque.africa.benin,banqueafrica.bj,TPE (<10),B2C,APIEx,,Actif,2026-06-29T00:15:34.378251,haute
BJ-5851A989,International Finance,Finance & Assurance,Bopa,+229 59 39 56 66,international.finance@international.finance.bj,internationalfinance.bj,TPE (<10),B2B,APIEx,,Actif,2026-06-29T00:15:34.378263,haute
BJ-7BFAD102,Groupe Épargne International,Finance & Assurance,Bopa,+229 27 23 91 29,groupe.épargne.international@groupe.épargne.international.benin,,TPE (<10),B2B,APIEx,,Actif,2026-06-29T00:15:34.378278,moyenne
BJ-7A0AB010,Assurance,Finance & Assurance,Bopa,+229 32 17 62 19,assurance@assurance.com,assurance.bj,Grande (>200),B2C,APIEx,,Actif,2026-06-29T00:15:34.378289,haute
BJ-6F06F9E3,National Houéyogbé,Finance & Assurance,Houéyogbé,+229 47 29 69 49,national.houéyogbé@national.houéyogbé.com,,TPE (<10),B2C,APIEx,,Actif,2026-06-29T00:15:34.378306,moyenne
BJ-501C4E1C,Finance Africa Houéyogbé,Finance & Assurance,Houéyogbé,+229 34 67 88 61,finance.africa.houéyogbé@finance.africa.houéyogbé.org,financeafricahouéyogbé.bj,PME (10-50),B2B,APIEx,,Actif,2026-06-29T00:15:34.378319,haute
BJ-64E9E7D4,Société Africa Finance Houéyogbé,Finance & Assurance,Houéyogbé,+229 84 96 68 51,société.africa.finance.houéyogbé@société.africa.finance.houéyogbé.bj,sociétéafricafinancehouéyogbé.bj,Grande (>200),B2C,APIEx,,Actif,2026-06-29T00:15:34.378331,haute
BJ-0AFF422A,National Finance,Finance & Assurance,Houéyogbé,+229 80 16 10 29,national.finance@national.finance.net,nationalfinance.bj,TPE (<10),B2C,APIEx,,Actif,2026-06-29T00:15:34.378343,haute
BJ-E1D1C61E,National Groupe Houéyogbé,Finance & Assurance,Houéyogbé,+229 92 42 95 73,national.groupe.houéyogbé@national.groupe.houéyogbé.net,nationalgroupehouéyogbé.bj,PME (50-200),B2C,APIEx,,Actif,2026-06-29T00:15:34.378355,haute
BJ-9E7299FB,Groupe Assurance Capital,Finance & Assurance,Malanville,+229 64 24 51 24,,groupeassurancecapital.bj,TPE (<10),B2C,APIEx,,Actif,2026-06-29T00:15:34.378371,moyenne
BJ-72A64A12,Épargne Invest,Finance & Assurance,Malanville,+229 66 19 51 28,épargne.invest@épargne.invest.com,,TPE (<10),B2C,APIEx,,Actif,2026-06-29T00:15:34.378388,moyenne
BJ-3CC23841,Finance West,Finance & Assurance,Malanville,+229 50 25 64 71,finance.west@finance.west.com,financewest.bj,PME (50-200),B2B,APIEx,,Actif,2026-06-29T00:15:34.378400,haute
BJ-56E0AC04,Sécurité Malanville,Finance & Assurance,Malanville,+229 79 13 43 54,sécurité.malanville@sécurité.malanville.org,sécuritémalanville.bj,PME (10-50),B2C,APIEx,,Actif,2026-06-29T00:15:34.378412,haute
BJ-AE7D7774,Groupe West Assurances Malanville,Finance & Assurance,Malanville,+229 48 34 61 19,groupe.west.assurances.malanville@groupe.west.assurances.malanville.com,groupewestassurancesmalanville.bj,PME (50-200),B2C,APIEx,,Actif,2026-06-29T00:15:34.378424,haute
BJ-CB24917D,Santé SA,Finance & Assurance,Kandi,+229 85 63 94 97,santé.sa@santé.sa.benin,santésa.bj,PME (10-50),B2B,APIEx,,Actif,2026-06-29T00:15:34.378441,haute
BJ-1BF6D5FA,Bénin Groupe Kandi,Finance & Assurance,Kandi,+229 73 92 53 86,,béningroupekandi.bj,TPE (<10),B2B,APIEx,,Actif,2026-06-29T00:15:34.378452,moyenne
BJ-CB119CE0,Assurance International Capital Kandi,Finance & Assurance,Kandi,+229 82 54 70 96,,,TPE (<10),B2C,APIEx,,Actif,2026-06-29T00:15:34.378462,basse
BJ-E82E7E5E,Africa,Finance & Assurance,Kandi,+229 49 94 22 91,africa@africa.net,africa.bj,TPE (<10),B2B,APIEx,,Actif,2026-06-29T00:15:34.378477,haute
BJ-658BA687,Assurance,Finance & Assurance,Kandi,+229 24 32 83 62,assurance@assurance.org,assurance.bj,TPE (<10),B2B,APIEx,,Actif,2026-06-29T00:15:34.378488,haute
BJ-FD2500DA,Société Auto,Finance & Assurance,Banikoara,+229 26 75 77 79,société.auto@société.auto.com,,PME (10-50),B2C,APIEx,,Actif,2026-06-29T00:15:34.378504,moyenne
BJ-EC03C3A1,Santé SARL,Finance & Assurance,Banikoara,+229 24 36 13 94,santé.sarl@santé.sarl.org,santésarl.bj,TPE (<10),B2B,APIEx,,Actif,2026-06-29T00:15:34.378519,haute
BJ-34450C4A,Finance Épargne Bank,Finance & Assurance,Banikoara,+229 67 43 11 28,,,TPE (<10),B2C,APIEx,,Actif,2026-06-29T00:15:34.378530,basse
BJ-E85AB42F,Finance Vie SA,Finance & Assurance,Banikoara,+229 74 70 69 22,,financeviesa.bj,Grande (>200),B2C,APIEx,,Actif,2026-06-29T00:15:34.378540,moyenne
BJ-148F7AC4,Sécurité Banikoara,Finance & Assurance,Banikoara,+229 23 40 99 43,,,TPE (<10),B2B,APIEx,,Actif,2026-06-29T00:15:34.378551,basse
BJ-B8C74011,Banque Santé Ségbana,Finance & Assurance,Ségbana,+229 55 65 39 16,,,PME (50-200),B2C,APIEx,,Actif,2026-06-29T00:15:34.378578,basse
BJ-04F89652,Banque Assurance Finance,Finance & Assurance,Ségbana,+229 26 71 28 61,banque.assurance.finance@banque.assurance.finance.com,banqueassurancefinance.bj,PME (50-200),B2B,APIEx,,Actif,2026-06-29T00:15:34.378589,haute
BJ-8B08D7A0,Société Épargne Bank,Finance & Assurance,Ségbana,+229 76 63 33 24,société.épargne.bank@société.épargne.bank.org,sociétéépargnebank.bj,PME (10-50),B2C,APIEx,,Actif,2026-06-29T00:15:34.378601,haute
BJ-BB75D9C2,Cabinet Capital,Finance & Assurance,Ségbana,+229 29 86 85 49,cabinet.capital@cabinet.capital.bj,cabinetcapital.bj,PME (50-200),B2C,APIEx,,Actif,2026-06-29T00:15:34.378612,haute
BJ-B7196021,Groupe Africa Finance,Finance & Assurance,Karimama,+229 74 52 84 40,,,PME (10-50),B2B,APIEx,,Actif,2026-06-29T00:15:34.378630,basse
BJ-DE023B83,Auto Invest,Finance & Assurance,Karimama,+229 32 41 86 15,auto.invest@auto.invest.benin,autoinvest.bj,PME (10-50),B2B,APIEx,,Actif,2026-06-29T00:15:34.378645,haute
BJ-C2AFA014,Cabinet Auto,Finance & Assurance,Karimama,+229 25 58 62 13,cabinet.auto@cabinet.auto.net,cabinetauto.bj,PME (10-50),B2C,APIEx,,Actif,2026-06-29T00:15:34.378657,haute
BJ-7B381FDD,West,Finance & Assurance,Karimama,+229 78 80 78 89,west@west.benin,west.bj,PME (10-50),B2B,APIEx,,Actif,2026-06-29T00:15:34.378671,haute
BJ-92AA1DEE,Finance West SARL,Finance & Assurance,Karimama,+229 37 13 74 38,finance.west.sarl@finance.west.sarl.bj,financewestsarl.bj,TPE (<10),B2B,APIEx,,Actif,2026-06-29T00:15:34.378686,haute
BJ-4523A2FB,Banque Investissement Capital Gogounou,Finance & Assurance,Gogounou,+229 28 47 39 16,banque.investissement.capital.gogounou@banque.investissement.capital.gogounou.benin,banqueinvestissementcapitalgogounou.bj,PME (50-200),B2C,APIEx,,Actif,2026-06-29T00:15:34.378727,haute
BJ-D5BBDAB7,West Bank,Finance & Assurance,Gogounou,+229 94 68 43 29,west.bank@west.bank.benin,,TPE (<10),B2B,APIEx,,Actif,2026-06-29T00:15:34.378737,moyenne
BJ-13D6BAC0,Sécurité,Finance & Assurance,Gogounou,+229 47 85 10 43,sécurité@sécurité.net,,TPE (<10),B2C,APIEx,,Actif,2026-06-29T00:15:34.378749,moyenne
BJ-3F1F0D49,Banque Crédit,Finance & Assurance,Cobly,+229 31 93 53 10,banque.crédit@banque.crédit.net,banquecrédit.bj,Grande (>200),B2C,APIEx,,Actif,2026-06-29T00:15:34.378780,haute
BJ-296A603A,Groupe Investissement,Finance & Assurance,Tanguiéta,+229 49 58 99 34,groupe.investissement@groupe.investissement.net,groupeinvestissement.bj,TPE (<10),B2B,APIEx,,Actif,2026-06-29T00:15:34.378831,haute
BJ-42660767,Banque Protection Groupe,Finance & Assurance,Tanguiéta,+229 54 35 45 78,,,PME (10-50),B2B,APIEx,,Actif,2026-06-29T00:15:34.378841,basse
BJ-211D5B14,Cabinet Africa,Finance & Assurance,Tanguiéta,+229 52 16 34 26,cabinet.africa@cabinet.africa.bj,cabinetafrica.bj,PME (10-50),B2B,APIEx,,Actif,2026-06-29T00:15:34.378877,haute
BJ-44EA1D72,Banque West International Matéri,Finance & Assurance,Matéri,+229 40 74 71 54,banque.west.international.matéri@banque.west.international.matéri.bj,banquewestinternationalmatéri.bj,PME (10-50),B2C,APIEx,,Actif,2026-06-29T00:15:34.378923,haute
BJ-D2E39A2C,Banque International SARL,Finance & Assurance,Matéri,+229 67 97 18 92,,,TPE (<10),B2C,APIEx,,Actif,2026-06-29T00:15:34.378937,basse
BJ-4EDC164F,Cabinet West,Finance & Assurance,Matéri,+229 95 34 13 60,cabinet.west@cabinet.west.net,cabinetwest.bj,TPE (<10),B2B,APIEx,,Actif,2026-06-29T00:15:34.378965,haute
BJ-FDE6BC26,Finance Protection Capital,Finance & Assurance,Matéri,+229 64 96 47 33,finance.protection.capital@finance.protection.capital.org,financeprotectioncapital.bj,TPE (<10),B2B,APIEx,,Actif,2026-06-29T00:15:34.378977,haute
BJ-8401D8B4,Protection Groupe,Finance & Assurance,Matéri,+229 36 85 32 40,protection.groupe@protection.groupe.org,,TPE (<10),B2C,APIEx,,Actif,2026-06-29T00:15:34.378988,moyenne
BJ-81B8450A,Cabinet Investissement,Finance & Assurance,Natitingou,+229 22 71 23 63,cabinet.investissement@cabinet.investissement.com,cabinetinvestissement.bj,TPE (<10),B2C,APIEx,,Actif,2026-06-29T00:15:34.379008,haute
BJ-AAF6B603,Finance Épargne SARL Natitingou,Finance & Assurance,Natitingou,+229 24 36 28 23,finance.épargne.sarl.natitingou@finance.épargne.sarl.natitingou.benin,financeépargnesarlnatitingou.bj,PME (10-50),B2C,APIEx,,Actif,2026-06-29T00:15:34.379022,haute
BJ-217D47A1,Crédit International,Finance & Assurance,Natitingou,+229 61 72 46 75,,,PME (50-200),B2C,APIEx,,Actif,2026-06-29T00:15:34.379032,basse
BJ-AD11E14B,Assurance National International,Finance & Assurance,Natitingou,+229 58 73 65 29,assurance.national.international@assurance.national.international.benin,assurancenationalinternational.bj,TPE (<10),B2B,APIEx,,Actif,2026-06-29T00:15:34.379044,haute
BJ-62291E90,Banque Sécurité,Finance & Assurance,Natitingou,+229 81 67 95 50,banque.sécurité@banque.sécurité.net,banquesécurité.bj,TPE (<10),B2C,APIEx,,Actif,2026-06-29T00:15:34.379056,haute
BJ-CA6A9F67,Cabinet Bénin International,Finance & Assurance,Toucountouna,+229 92 65 70 35,cabinet.bénin.international@cabinet.bénin.international.org,,TPE (<10),B2C,APIEx,,Actif,2026-06-29T00:15:34.379087,moyenne
BJ-3CA4754E,Finance Assurance Invest Toucountouna,Finance & Assurance,Toucountouna,+229 36 19 97 40,finance.assurance.invest.toucountouna@finance.assurance.invest.toucountouna.benin,,PME (10-50),B2C,APIEx,,Actif,2026-06-29T00:15:34.379099,moyenne
BJ-C1C275CF,Épargne Toucountouna,Finance & Assurance,Toucountouna,+229 37 53 55 43,épargne.toucountouna@épargne.toucountouna.bj,épargnetoucountouna.bj,TPE (<10),B2C,APIEx,,Actif,2026-06-29T00:15:34.379111,haute
BJ-E846A9FD,Crédit Capital,Finance & Assurance,Toucountouna,+229 69 13 17 87,crédit.capital@crédit.capital.com,,PME (50-200),B2C,APIEx,,Actif,2026-06-29T00:15:34.379122,moyenne
BJ-6D46701C,Cabinet Capital Boukoumbé,Finance & Assurance,Boukoumbé,+229 26 89 28 68,cabinet.capital.boukoumbé@cabinet.capital.boukoumbé.org,,Grande (>200),B2B,APIEx,,Actif,2026-06-29T00:15:34.379139,moyenne
BJ-51937FBA,Assurance Protection Finance,Finance & Assurance,Boukoumbé,+229 66 91 92 37,assurance.protection.finance@assurance.protection.finance.com,assuranceprotectionfinance.bj,TPE (<10),B2B,APIEx,,Actif,2026-06-29T00:15:34.379151,haute
BJ-44ADA9F1,Assurance SARL,Finance & Assurance,Boukoumbé,+229 28 70 33 73,assurance.sarl@assurance.sarl.net,assurancesarl.bj,PME (50-200),B2C,APIEx,,Actif,2026-06-29T00:15:34.379165,haute
BJ-FCEA5DEA,Sécurité Boukoumbé,Finance & Assurance,Boukoumbé,+229 96 47 47 72,,sécuritéboukoumbé.bj,TPE (<10),B2B,APIEx,,Actif,2026-06-29T00:15:34.379177,moyenne
BJ-C82FA3B8,Société National Groupe,Finance & Assurance,Boukoumbé,+229 63 38 59 14,société.national.groupe@société.national.groupe.bj,,PME (50-200),B2C,APIEx,,Actif,2026-06-29T00:15:34.379188,moyenne
BJ-3E6D20C0,Société Crédit Finance,Finance & Assurance,Kouandé,+229 94 45 17 81,société.crédit.finance@société.crédit.finance.com,sociétécréditfinance.bj,TPE (<10),B2C,APIEx,,Actif,2026-06-29T00:15:34.379206,haute
BJ-591D9CFA,Sécurité,Finance & Assurance,Kouandé,+229 84 87 14 53,sécurité@sécurité.org,,PME (10-50),B2C,APIEx,,Actif,2026-06-29T00:15:34.379238,moyenne
BJ-99F8B8FB,Finance Protection,Finance & Assurance,Kouandé,+229 40 46 35 35,finance.protection@finance.protection.net,financeprotection.bj,PME (10-50),B2C,APIEx,,Actif,2026-06-29T00:15:34.379250,haute
BJ-F592337F,Crédit SARL,Finance & Assurance,Kouandé,+229 31 11 54 70,crédit.sarl@crédit.sarl.org,,PME (10-50),B2C,APIEx,,Actif,2026-06-29T00:15:34.379262,moyenne
BJ-038E6750,Finance International Groupe,Finance & Assurance,Péhunco,+229 51 88 89 80,,financeinternationalgroupe.bj,TPE (<10),B2B,APIEx,,Actif,2026-06-29T00:15:34.379302,moyenne
BJ-D15D2AB0,Santé Péhunco,Finance & Assurance,Péhunco,+229 30 12 40 29,santé.péhunco@santé.péhunco.com,santépéhunco.bj,TPE (<10),B2B,APIEx,,Actif,2026-06-29T00:15:34.379317,haute
BJ-34BBBD87,Finance Investissement Assurances,Finance & Assurance,Péhunco,+229 22 83 31 26,finance.investissement.assurances@finance.investissement.assurances.bj,,TPE (<10),B2B,APIEx,,Actif,2026-06-29T00:15:34.379339,moyenne
BJ-2DD31318,Assurance Assurance Groupe Péhunco,Finance & Assurance,Péhunco,+229 51 10 50 50,assurance.assurance.groupe.péhunco@assurance.assurance.groupe.péhunco.bj,assuranceassurancegroupepéhunco.bj,Grande (>200),B2C,APIEx,,Actif,2026-06-29T00:15:34.379352,haute
BJ-92B1DC83,Assurance Crédit SA,Finance & Assurance,Tchaourou,+229 46 57 89 65,assurance.crédit.sa@assurance.crédit.sa.bj,assurancecréditsa.bj,TPE (<10),B2C,APIEx,,Actif,2026-06-29T00:15:34.379385,haute
BJ-8146BF10,Assurance International Capital,Finance & Assurance,Tchaourou,+229 75 13 84 17,assurance.international.capital@assurance.international.capital.com,assuranceinternationalcapital.bj,PME (10-50),B2B,APIEx,,Actif,2026-06-29T00:15:34.379408,haute
BJ-07DD7B28,Assurance,Finance & Assurance,Tchaourou,+229 31 99 43 42,assurance@assurance.net,assurance.bj,PME (10-50),B2B,APIEx,,Actif,2026-06-29T00:15:34.379422,haute
BJ-D155CD45,Investissement Groupe Nikki,Finance & Assurance,Nikki,+229 45 19 79 71,,,PME (10-50),B2C,APIEx,,Actif,2026-06-29T00:15:34.379438,basse
BJ-AC6A971B,Société West,Finance & Assurance,Nikki,+229 45 43 11 31,société.west@société.west.org,sociétéwest.bj,TPE (<10),B2B,APIEx,,Actif,2026-06-29T00:15:34.379450,haute
BJ-F9B96334,Assurance International Finance,Finance & Assurance,Nikki,+229 63 43 66 72,assurance.international.finance@assurance.international.finance.org,assuranceinternationalfinance.bj,TPE (<10),B2C,APIEx,,Actif,2026-06-29T00:15:34.379461,haute
BJ-60B93DBA,International Groupe,Finance & Assurance,Nikki,+229 53 33 27 47,international.groupe@international.groupe.bj,internationalgroupe.bj,TPE (<10),B2C,APIEx,,Actif,2026-06-29T00:15:34.379473,haute
BJ-8DF814FC,Vie Finance,Finance & Assurance,Bembéréké,+229 43 67 24 73,vie.finance@vie.finance.benin,viefinance.bj,PME (10-50),B2C,APIEx,,Actif,2026-06-29T00:15:34.379500,haute
BJ-871C7CF3,Finance Protection Bembéréké,Finance & Assurance,Bembéréké,+229 79 40 47 93,finance.protection.bembéréké@finance.protection.bembéréké.org,financeprotectionbembéréké.bj,PME (10-50),B2C,APIEx,,Actif,2026-06-29T00:15:34.379518,haute
BJ-7AF57944,Capital International,Finance & Assurance,Bembéréké,+229 98 94 37 83,,capitalinternational.bj,PME (10-50),B2C,APIEx,,Actif,2026-06-29T00:15:34.379530,moyenne
BJ-77F15C3C,Protection Assurances,Finance & Assurance,Bembéréké,+229 78 43 41 99,protection.assurances@protection.assurances.net,protectionassurances.bj,TPE (<10),B2B,APIEx,,Actif,2026-06-29T00:15:34.379541,haute
BJ-6A74344D,Assurance Protection Bank,Finance & Assurance,Bembéréké,+229 84 91 47 46,,assuranceprotectionbank.bj,PME (50-200),B2C,APIEx,,Actif,2026-06-29T00:15:34.379551,moyenne
BJ-3485CF79,Auto SARL Kalalé,Finance & Assurance,Kalalé,+229 32 95 27 34,auto.sarl.kalalé@auto.sarl.kalalé.net,autosarlkalalé.bj,PME (10-50),B2C,APIEx,,Actif,2026-06-29T00:15:34.379569,haute
BJ-C7BA63B4,Auto Finance,Finance & Assurance,Kalalé,+229 25 40 70 37,auto.finance@auto.finance.net,autofinance.bj,Grande (>200),B2B,APIEx,,Actif,2026-06-29T00:15:34.379580,haute
BJ-BC1FBDC7,Banque West Finance,Finance & Assurance,Kalalé,+229 74 61 72 13,,banquewestfinance.bj,TPE (<10),B2B,APIEx,,Actif,2026-06-29T00:15:34.379602,moyenne
BJ-32FE07EC,Capital SA,Finance & Assurance,Ndali,+229 96 21 66 23,capital.sa@capital.sa.bj,capitalsa.bj,TPE (<10),B2C,APIEx,,Actif,2026-06-29T00:15:34.379633,haute
BJ-2DEB04A8,Finance Africa,Finance & Assurance,Ndali,+229 35 90 12 69,finance.africa@finance.africa.benin,financeafrica.bj,Grande (>200),B2B,APIEx,,Actif,2026-06-29T00:15:34.379648,haute
BJ-7C85E2F2,International,Finance & Assurance,Ndali,+229 59 35 91 73,international@international.benin,international.bj,TPE (<10),B2C,APIEx,,Actif,2026-06-29T00:15:34.379659,haute
BJ-B8F5A6ED,Sécurité,Finance & Assurance,Ndali,+229 23 47 17 22,,sécurité.bj,TPE (<10),B2B,APIEx,,Actif,2026-06-29T00:15:34.379673,moyenne
BJ-7D9F31F6,Assurance Africa Ndali,Finance & Assurance,Ndali,+229 66 16 60 49,,assuranceafricandali.bj,TPE (<10),B2B,APIEx,,Actif,2026-06-29T00:15:34.379684,moyenne
BJ-91B524DE,Investissement,Finance & Assurance,Ségbana,+229 66 33 61 74,investissement@investissement.org,investissement.bj,TPE (<10),B2C,APIEx,,Actif,2026-06-29T00:15:34.379726,haute
BJ-AB540901,Crédit Ségbana,Finance & Assurance,Ségbana,+229 57 75 82 99,crédit.ségbana@crédit.ségbana.org,créditségbana.bj,PME (50-200),B2B,APIEx,,Actif,2026-06-29T00:15:34.379752,haute
BJ-D22A95FF,Crédit International,Finance & Assurance,Ségbana,+229 85 48 84 45,crédit.international@crédit.international.net,,PME (50-200),B2C,APIEx,,Actif,2026-06-29T00:15:34.379765,moyenne
BJ-15F5294F,Cabinet Bénin,Finance & Assurance,Ségbana,+229 42 23 22 74,cabinet.bénin@cabinet.bénin.bj,,PME (10-50),B2B,APIEx,,Actif,2026-06-29T00:15:34.379776,moyenne
BJ-F714D3DA,International Bank,Finance & Assurance,Tchaourou,+229 79 96 65 99,international.bank@international.bank.com,internationalbank.bj,PME (50-200),B2C,APIEx,,Actif,2026-06-29T00:15:34.379793,haute
BJ-C827EAE1,Assurance Auto Invest Tchaourou,Finance & Assurance,Tchaourou,+229 55 26 24 30,assurance.auto.invest.tchaourou@assurance.auto.invest.tchaourou.benin,assuranceautoinvesttchaourou.bj,PME (50-200),B2B,APIEx,,Actif,2026-06-29T00:15:34.379809,haute
BJ-1DDFF3D3,Épargne Invest,Finance & Assurance,Tchaourou,+229 25 37 83 31,,épargneinvest.bj,TPE (<10),B2C,APIEx,,Actif,2026-06-29T00:15:34.379822,moyenne
BJ-75C67E65,Épargne Bank,Finance & Assurance,Tchaourou,+229 90 98 93 29,épargne.bank@épargne.bank.bj,,PME (10-50),B2B,APIEx,,Actif,2026-06-29T00:15:34.379834,moyenne
BJ-CF0155CE,Finance Protection Bank,Finance & Assurance,Tchaourou,+229 33 57 19 16,finance.protection.bank@finance.protection.bank.net,financeprotectionbank.bj,TPE (<10),B2C,APIEx,,Actif,2026-06-29T00:15:34.379846,haute
BJ-51A01F51,Assurance SA,Finance & Assurance,Bétérou,+229 43 56 34 60,assurance.sa@assurance.sa.net,assurancesa.bj,TPE (<10),B2C,APIEx,,Actif,2026-06-29T00:15:34.379882,haute
BJ-6D13CA5E,Assurance Capital Bétérou,Finance & Assurance,Bétérou,+229 57 73 82 23,assurance.capital.bétérou@assurance.capital.bétérou.net,,PME (50-200),B2B,APIEx,,Actif,2026-06-29T00:15:34.379924,moyenne
BJ-723D5760,Épargne SA,Finance & Assurance,Bétérou,+229 51 26 34 67,épargne.sa@épargne.sa.com,,PME (50-200),B2B,APIEx,,Actif,2026-06-29T00:15:34.379963,moyenne
BJ-F63A068B,Groupe West SA,Finance & Assurance,Bétérou,+229 36 63 87 80,groupe.west.sa@groupe.west.sa.benin,groupewestsa.bj,Grande (>200),B2C,APIEx,,Actif,2026-06-29T00:15:34.379976,haute
BJ-277BCF49,Société Investissement Ouessè,Finance & Assurance,Ouessè,+229 66 11 58 67,,,PME (10-50),B2B,APIEx,,Actif,2026-06-29T00:15:34.380008,basse
BJ-5436244B,Société Assurance,Finance & Assurance,Ouessè,+229 65 36 24 19,société.assurance@société.assurance.net,sociétéassurance.bj,TPE (<10),B2C,APIEx,,Actif,2026-06-29T00:15:34.380024,haute
BJ-48C3AEDC,Société Crédit,Finance & Assurance,Ouessè,+229 86 76 88 68,société.crédit@société.crédit.benin,sociétécrédit.bj,Grande (>200),B2C,APIEx,,Actif,2026-06-29T00:15:34.380037,haute
BJ-E395771C,Société Africa,Finance & Assurance,Ouessè,+229 63 96 27 83,société.africa@société.africa.benin,sociétéafrica.bj,TPE (<10),B2B,APIEx,,Actif,2026-06-29T00:15:34.380049,haute
BJ-5A2D2D10,Société Sécurité SARL Ouessè,Finance & Assurance,Ouessè,+229 80 89 62 72,société.sécurité.sarl.ouessè@société.sécurité.sarl.ouessè.org,sociétésécuritésarlouessè.bj,TPE (<10),B2C,APIEx,,Actif,2026-06-29T00:15:34.380062,haute
BJ-797A6029,Cabinet National,Finance & Assurance,Glazoué,+229 88 68 99 85,cabinet.national@cabinet.national.bj,cabinetnational.bj,PME (10-50),B2C,APIEx,,Actif,2026-06-29T00:15:34.380079,haute
BJ-A14F524B,Finance West Finance,Finance & Assurance,Glazoué,+229 44 85 38 68,,,TPE (<10),B2B,APIEx,,Actif,2026-06-29T00:15:34.380090,basse
BJ-9E5F8C55,Groupe Vie Invest,Finance & Assurance,Glazoué,+229 58 79 44 80,groupe.vie.invest@groupe.vie.invest.net,groupevieinvest.bj,PME (10-50),B2C,APIEx,,Actif,2026-06-29T00:15:34.380101,haute
BJ-4AB40855,Groupe Africa Finance,Finance & Assurance,Glazoué,+229 24 69 94 89,groupe.africa.finance@groupe.africa.finance.org,groupeafricafinance.bj,TPE (<10),B2B,APIEx,,Actif,2026-06-29T00:15:34.380113,haute
BJ-C54B2087,Assurance Assurance Dassa-Zoumè,Finance & Assurance,Dassa-Zoumè,+229 43 87 61 21,assurance.assurance.dassazoumè@assurance.assurance.dassazoumè.org,assuranceassurancedassazoumè.bj,PME (50-200),B2C,APIEx,,Actif,2026-06-29T00:15:34.380150,haute
BJ-0C79DE4F,Groupe Santé International,Finance & Assurance,Dassa-Zoumè,+229 90 90 67 35,groupe.santé.international@groupe.santé.international.net,groupesantéinternational.bj,PME (10-50),B2C,APIEx,,Actif,2026-06-29T00:15:34.380166,haute
BJ-7C932B11,Banque Sécurité Dassa-Zoumè,Finance & Assurance,Dassa-Zoumè,+229 50 84 39 91,banque.sécurité.dassazoumè@banque.sécurité.dassazoumè.bj,,PME (10-50),B2B,APIEx,,Actif,2026-06-29T00:15:34.380192,moyenne
BJ-C64E23D3,Assurance Santé Capital,Finance & Assurance,Dassa-Zoumè,+229 41 13 53 96,assurance.santé.capital@assurance.santé.capital.benin,assurancesantécapital.bj,Grande (>200),B2C,APIEx,,Actif,2026-06-29T00:15:34.380204,haute
BJ-4F85BF50,Assurance International Assurances,Finance & Assurance,Savalou,+229 82 53 91 55,,,PME (10-50),B2B,APIEx,,Actif,2026-06-29T00:15:34.380219,basse
BJ-7217B317,Cabinet Assurance,Finance & Assurance,Savalou,+229 57 75 15 12,cabinet.assurance@cabinet.assurance.net,cabinetassurance.bj,TPE (<10),B2C,APIEx,,Actif,2026-06-29T00:15:34.380230,haute
BJ-84C68D19,Africa International,Finance & Assurance,Savalou,+229 20 71 74 23,africa.international@africa.international.bj,africainternational.bj,TPE (<10),B2C,APIEx,,Actif,2026-06-29T00:15:34.380241,haute
BJ-F067F6E2,Épargne Groupe Savalou,Finance & Assurance,Savalou,+229 42 99 29 32,épargne.groupe.savalou@épargne.groupe.savalou.com,épargnegroupesavalou.bj,PME (50-200),B2C,APIEx,,Actif,2026-06-29T00:15:34.380254,haute
BJ-A30A666C,Finance Assurance SARL,Finance & Assurance,Bantè,+229 65 82 33 75,finance.assurance.sarl@finance.assurance.sarl.org,,TPE (<10),B2B,APIEx,,Actif,2026-06-29T00:15:34.380282,moyenne
BJ-AEE012DB,Bénin Assurances,Finance & Assurance,Bantè,+229 22 98 39 70,,béninassurances.bj,PME (10-50),B2C,APIEx,,Actif,2026-06-29T00:15:34.380307,moyenne
BJ-4AA4A75F,Santé SA,Finance & Assurance,Bantè,+229 36 71 82 96,santé.sa@santé.sa.benin,santésa.bj,TPE (<10),B2B,APIEx,,Actif,2026-06-29T00:15:34.380319,haute
BJ-620C3BEF,Groupe International,Finance & Assurance,Bantè,+229 50 65 92 34,groupe.international@groupe.international.benin,groupeinternational.bj,TPE (<10),B2C,APIEx,,Actif,2026-06-29T00:15:34.380330,haute
BJ-688045B6,Groupe West,Finance & Assurance,Djougou,+229 99 33 13 15,groupe.west@groupe.west.com,,TPE (<10),B2B,APIEx,,Actif,2026-06-29T00:15:34.380346,moyenne
BJ-8FF5DDAB,Vie,Finance & Assurance,Djougou,+229 89 67 83 19,vie@vie.org,vie.bj,PME (50-200),B2B,APIEx,,Actif,2026-06-29T00:15:34.380394,haute
BJ-2926102E,Cabinet Protection Bank,Finance & Assurance,Ouèssè,+229 26 69 48 45,,,PME (50-200),B2B,APIEx,,Actif,2026-06-29T00:15:34.380409,basse
BJ-82196082,Société Bénin,Finance & Assurance,Ouèssè,+229 59 31 38 61,société.bénin@société.bénin.benin,sociétébénin.bj,PME (10-50),B2C,APIEx,,Actif,2026-06-29T00:15:34.380427,haute
BJ-4C5C2DB6,Capital Assurances,Finance & Assurance,Ouèssè,+229 70 59 34 11,capital.assurances@capital.assurances.com,capitalassurances.bj,TPE (<10),B2C,APIEx,,Actif,2026-06-29T00:15:34.380439,haute
BJ-27D14941,Crédit Bank,Finance & Assurance,Ouèssè,+229 27 50 70 27,,,Grande (>200),B2B,APIEx,,Actif,2026-06-29T00:15:34.380448,basse
BJ-8C997FB4,Groupe Africa International,Finance & Assurance,Ouèssè,+229 67 32 99 39,groupe.africa.international@groupe.africa.international.benin,groupeafricainternational.bj,PME (10-50),B2B,APIEx,,Actif,2026-06-29T00:15:34.380459,haute
BJ-DB0F9CB5,International Capital,Finance & Assurance,Bassila,+229 94 59 48 63,international.capital@international.capital.bj,internationalcapital.bj,PME (10-50),B2C,APIEx,,Actif,2026-06-29T00:15:34.380476,haute
BJ-0A3ADD80,West Invest,Finance & Assurance,Bassila,+229 58 62 31 15,west.invest@west.invest.benin,,PME (50-200),B2B,APIEx,,Actif,2026-06-29T00:15:34.380487,moyenne
BJ-5239D16B,Société Épargne,Finance & Assurance,Bassila,+229 29 59 75 50,société.épargne@société.épargne.benin,sociétéépargne.bj,TPE (<10),B2C,APIEx,,Actif,2026-06-29T00:15:34.380510,haute
BJ-3DB60438,Finance Capital Groupe,Finance & Assurance,Bassila,+229 28 11 16 27,finance.capital.groupe@finance.capital.groupe.bj,financecapitalgroupe.bj,PME (10-50),B2C,APIEx,,Actif,2026-06-29T00:15:34.380521,haute
BJ-D7398042,Cabinet Vie Assurances,Finance & Assurance,Pehunco,+229 48 88 54 25,cabinet.vie.assurances@cabinet.vie.assurances.org,cabinetvieassurances.bj,PME (50-200),B2C,APIEx,,Actif,2026-06-29T00:15:34.380537,haute
BJ-D4794953,Groupe Épargne,Finance & Assurance,Pehunco,+229 87 27 92 58,groupe.épargne@groupe.épargne.benin,,TPE (<10),B2B,APIEx,,Actif,2026-06-29T00:15:34.380577,moyenne
BJ-987F39F3,Groupe West Groupe,Finance & Assurance,Copargo,+229 47 60 43 19,groupe.west.groupe@groupe.west.groupe.com,groupewestgroupe.bj,TPE (<10),B2C,APIEx,,Actif,2026-06-29T00:15:34.380618,haute
BJ-D9B639A3,Épargne,Finance & Assurance,Copargo,+229 58 78 62 45,épargne@épargne.org,épargne.bj,PME (10-50),B2B,APIEx,,Actif,2026-06-29T00:15:34.380629,haute
BJ-70CF041F,Santé Capital,Finance & Assurance,Copargo,+229 52 63 61 31,santé.capital@santé.capital.bj,santécapital.bj,PME (50-200),B2C,APIEx,,Actif,2026-06-29T00:15:34.380641,haute
BJ-EC33166F,Messagerie International,Transport & Logistique,Cotonou,+229 81 42 91 85,,messagerieinternational.bj,TPE (<10),B2B,APIEx,,Actif,2026-06-29T00:15:34.380670,moyenne
BJ-AC03DE30,Groupe Route,Transport & Logistique,Cotonou,+229 33 11 11 72,groupe.route@groupe.route.org,,Grande (>200),B2C,APIEx,,Actif,2026-06-29T00:15:34.380684,moyenne
BJ-F0B7160D,Transit Bénin,Transport & Logistique,Cotonou,+229 85 68 13 47,transit.bénin@transit.bénin.org,transitbénin.bj,PME (10-50),B2B,APIEx,,Actif,2026-06-29T00:15:34.380696,haute
BJ-E14283F8,Groupe Courrier Cotonou,Transport & Logistique,Cotonou,+229 55 70 28 77,,,Grande (>200),B2C,APIEx,,Actif,2026-06-29T00:15:34.380706,basse
BJ-77BFE4E7,Livraison Cotonou,Transport & Logistique,Cotonou,+229 46 89 15 49,livraison.cotonou@livraison.cotonou.org,livraisoncotonou.bj,PME (50-200),B2C,APIEx,,Actif,2026-06-29T00:15:34.380717,haute
BJ-927D9ECC,Transport Cargo,Transport & Logistique,Abomey-Calavi,+229 23 91 19 73,,,PME (10-50),B2C,APIEx,,Actif,2026-06-29T00:15:34.380732,basse
BJ-A6C3CC07,Rapide Distribution Transport,Transport & Logistique,Abomey-Calavi,+229 80 59 76 35,,rapidedistributiontransport.bj,PME (10-50),B2B,APIEx,,Actif,2026-06-29T00:15:34.380747,moyenne
BJ-078B6FC0,Courrier Transport,Transport & Logistique,Abomey-Calavi,+229 38 61 18 58,,,PME (50-200),B2C,APIEx,,Actif,2026-06-29T00:15:34.380756,basse
BJ-E454817F,Rapide Delivery,Transport & Logistique,Abomey-Calavi,+229 77 59 22 12,rapide.delivery@rapide.delivery.bj,,PME (10-50),B2B,APIEx,,Actif,2026-06-29T00:15:34.380768,moyenne
BJ-C5A8276F,Courrier Express,Transport & Logistique,Abomey-Calavi,+229 27 69 88 66,courrier.express@courrier.express.com,courrierexpress.bj,PME (50-200),B2C,APIEx,,Actif,2026-06-29T00:15:34.380781,haute
BJ-C21B6BC5,Cargo Bénin,Transport & Logistique,Porto-Novo,+229 32 74 58 58,cargo.bénin@cargo.bénin.com,,TPE (<10),B2B,APIEx,,Actif,2026-06-29T00:15:34.380798,moyenne
BJ-5030A11E,Route SARL,Transport & Logistique,Porto-Novo,+229 22 73 61 70,route.sarl@route.sarl.com,routesarl.bj,PME (10-50),B2B,APIEx,,Actif,2026-06-29T00:15:34.380813,haute
BJ-3419F810,Express Messagerie,Transport & Logistique,Porto-Novo,+229 63 58 53 44,,expressmessagerie.bj,TPE (<10),B2B,APIEx,,Actif,2026-06-29T00:15:34.380824,moyenne
BJ-745DB44A,Rapide SARL,Transport & Logistique,Porto-Novo,+229 70 10 22 49,,rapidesarl.bj,PME (10-50),B2B,APIEx,,Actif,2026-06-29T00:15:34.380844,moyenne
BJ-4937504A,SARL Courrier Delivery,Transport & Logistique,Parakou,+229 48 10 13 77,sarl.courrier.delivery@sarl.courrier.delivery.bj,,PME (50-200),B2B,APIEx,,Actif,2026-06-29T00:15:34.380860,moyenne
BJ-BBDAE6D2,Logistique Livraison Delivery Parakou,Transport & Logistique,Parakou,+229 74 99 56 52,logistique.livraison.delivery.parakou@logistique.livraison.delivery.parakou.benin,,PME (10-50),B2B,APIEx,,Actif,2026-06-29T00:15:34.380872,moyenne
BJ-A4FAB5D5,Rapide Distribution Delivery,Transport & Logistique,Parakou,+229 84 68 98 41,rapide.distribution.delivery@rapide.distribution.delivery.net,,TPE (<10),B2B,APIEx,,Actif,2026-06-29T00:15:34.380931,moyenne
BJ-B6D24ACC,SARL Fret Africa,Transport & Logistique,Parakou,+229 49 90 32 14,sarl.fret.africa@sarl.fret.africa.org,sarlfretafrica.bj,PME (10-50),B2B,APIEx,,Actif,2026-06-29T00:15:34.380974,haute
BJ-35147D8E,Rapide Bohicon,Transport & Logistique,Bohicon,+229 80 34 95 46,rapide.bohicon@rapide.bohicon.benin,,PME (10-50),B2C,APIEx,,Actif,2026-06-29T00:15:34.381005,moyenne
BJ-A28530EA,Déménagement SARL,Transport & Logistique,Bohicon,+229 82 46 30 47,déménagement.sarl@déménagement.sarl.com,déménagementsarl.bj,TPE (<10),B2C,APIEx,,Actif,2026-06-29T00:15:34.381037,haute
BJ-180E9D68,Groupe Route,Transport & Logistique,Bohicon,+229 71 57 33 29,groupe.route@groupe.route.net,grouperoute.bj,PME (10-50),B2B,APIEx,,Actif,2026-06-29T00:15:34.381053,haute
BJ-0F50E258,Groupe Distribution,Transport & Logistique,Bohicon,+229 91 10 53 35,groupe.distribution@groupe.distribution.bj,,TPE (<10),B2C,APIEx,,Actif,2026-06-29T00:15:34.381080,moyenne
BJ-21DE46DC,Maritime Bénin,Transport & Logistique,Natitingou,+229 58 83 88 10,maritime.bénin@maritime.bénin.net,maritimebénin.bj,PME (50-200),B2B,APIEx,,Actif,2026-06-29T00:15:34.381111,haute
BJ-7A3D6219,SARL Cargo Natitingou,Transport & Logistique,Natitingou,+229 37 14 10 15,sarl.cargo.natitingou@sarl.cargo.natitingou.bj,sarlcargonatitingou.bj,Grande (>200),B2B,APIEx,,Actif,2026-06-29T00:15:34.381123,haute
BJ-F6E655E7,Delivery Aérien Delivery Lokossa,Transport & Logistique,Lokossa,+229 47 94 10 84,delivery.aérien.delivery.lokossa@delivery.aérien.delivery.lokossa.org,,PME (10-50),B2C,APIEx,,Actif,2026-06-29T00:15:34.381164,moyenne
BJ-A8ACB7B1,Fret Lokossa,Transport & Logistique,Lokossa,+229 94 48 53 80,fret.lokossa@fret.lokossa.net,,TPE (<10),B2C,APIEx,,Actif,2026-06-29T00:15:34.381179,moyenne
BJ-2CF34E3C,Cargo,Transport & Logistique,Lokossa,+229 74 52 61 27,,,Grande (>200),B2C,APIEx,,Actif,2026-06-29T00:15:34.381190,basse
BJ-E27213BD,Express Messagerie,Transport & Logistique,Lokossa,+229 57 27 65 52,,expressmessagerie.bj,TPE (<10),B2B,APIEx,,Actif,2026-06-29T00:15:34.381200,moyenne
BJ-F0AC17EA,Transit SARL,Transport & Logistique,Lokossa,+229 94 83 82 24,transit.sarl@transit.sarl.bj,transitsarl.bj,PME (10-50),B2C,APIEx,,Actif,2026-06-29T00:15:34.381214,haute
BJ-DEEC1400,Fret SARL,Transport & Logistique,Ouidah,+229 56 95 59 84,,,TPE (<10),B2B,APIEx,,Actif,2026-06-29T00:15:34.381230,basse
BJ-96C33972,Delivery Transit,Transport & Logistique,Ouidah,+229 90 68 94 42,delivery.transit@delivery.transit.org,,Grande (>200),B2B,APIEx,,Actif,2026-06-29T00:15:34.381241,moyenne
BJ-83D89C81,Express Express,Transport & Logistique,Ouidah,+229 44 82 21 79,,,TPE (<10),B2C,APIEx,,Actif,2026-06-29T00:15:34.381251,basse
BJ-D45A43CF,Groupe Route Delivery,Transport & Logistique,Ouidah,+229 96 82 24 23,groupe.route.delivery@groupe.route.delivery.net,,TPE (<10),B2C,APIEx,,Actif,2026-06-29T00:15:34.381262,moyenne
BJ-BF2BB35D,Logistique Déménagement Logistique,Transport & Logistique,Ouidah,+229 64 74 56 33,,,PME (10-50),B2C,APIEx,,Actif,2026-06-29T00:15:34.381275,basse
BJ-314290E9,Transit Express,Transport & Logistique,Savalou,+229 20 64 10 93,,,TPE (<10),B2B,APIEx,,Actif,2026-06-29T00:15:34.381291,basse
BJ-93166220,Delivery Express Savalou,Transport & Logistique,Savalou,+229 79 68 36 97,delivery.express.savalou@delivery.express.savalou.benin,,TPE (<10),B2B,APIEx,,Actif,2026-06-29T00:15:34.381316,moyenne
BJ-C5F24756,Logistique Fret,Transport & Logistique,Savalou,+229 75 38 63 82,logistique.fret@logistique.fret.net,logistiquefret.bj,PME (10-50),B2C,APIEx,,Actif,2026-06-29T00:15:34.381327,haute
BJ-F7F887DD,Déménagement Dassa-Zoumè,Transport & Logistique,Dassa-Zoumè,+229 34 67 46 26,déménagement.dassazoumè@déménagement.dassazoumè.org,,TPE (<10),B2C,APIEx,,Actif,2026-06-29T00:15:34.381373,moyenne
BJ-314DA30B,Logistique Aérien Express,Transport & Logistique,Dassa-Zoumè,+229 91 64 12 47,,logistiqueaérienexpress.bj,PME (50-200),B2B,APIEx,,Actif,2026-06-29T00:15:34.381429,moyenne
BJ-9CE41110,Aérien SARL,Transport & Logistique,Dassa-Zoumè,+229 63 71 11 84,,aériensarl.bj,PME (50-200),B2C,APIEx,,Actif,2026-06-29T00:15:34.381453,moyenne
BJ-F134CA97,Courrier Africa Kétou,Transport & Logistique,Kétou,+229 73 23 67 39,,courrierafricakétou.bj,TPE (<10),B2C,APIEx,,Actif,2026-06-29T00:15:34.381494,moyenne
BJ-7C0524D2,Delivery Distribution,Transport & Logistique,Kétou,+229 96 56 15 71,delivery.distribution@delivery.distribution.com,,TPE (<10),B2C,APIEx,,Actif,2026-06-29T00:15:34.381521,moyenne
BJ-4054C99E,Express,Transport & Logistique,Kétou,+229 64 36 48 39,,express.bj,TPE (<10),B2B,APIEx,,Actif,2026-06-29T00:15:34.381570,moyenne
BJ-8C872F72,Livraison,Transport & Logistique,Kétou,+229 49 81 80 60,,livraison.bj,PME (50-200),B2C,APIEx,,Actif,2026-06-29T00:15:34.381610,moyenne
BJ-F190C75E,Rapide Delivery,Transport & Logistique,Covè,+229 41 41 34 88,rapide.delivery@rapide.delivery.benin,,TPE (<10),B2C,APIEx,,Actif,2026-06-29T00:15:34.381666,moyenne
BJ-38B7A746,Route Covè,Transport & Logistique,Covè,+229 42 62 25 22,,routecovè.bj,PME (10-50),B2B,APIEx,,Actif,2026-06-29T00:15:34.381698,moyenne
BJ-8A8D0C3E,Maritime Covè,Transport & Logistique,Covè,+229 91 27 46 52,,,PME (50-200),B2B,APIEx,,Actif,2026-06-29T00:15:34.381718,basse
BJ-A308451B,Déménagement Express,Transport & Logistique,Covè,+229 69 59 91 14,déménagement.express@déménagement.express.net,,TPE (<10),B2B,APIEx,,Actif,2026-06-29T00:15:34.381740,moyenne
BJ-B88A2523,Delivery Cargo Express,Transport & Logistique,Covè,+229 76 87 45 52,delivery.cargo.express@delivery.cargo.express.benin,deliverycargoexpress.bj,PME (10-50),B2B,APIEx,,Actif,2026-06-29T00:15:34.381761,haute
BJ-E6249966,Delivery Déménagement,Transport & Logistique,Pobè,+229 65 53 37 74,,deliverydéménagement.bj,PME (10-50),B2C,APIEx,,Actif,2026-06-29T00:15:34.381815,moyenne
BJ-8C1C5B63,Groupe Livraison,Transport & Logistique,Pobè,+229 68 77 80 57,groupe.livraison@groupe.livraison.org,,TPE (<10),B2C,APIEx,,Actif,2026-06-29T00:15:34.381842,moyenne
BJ-29C64CC5,Groupe Maritime Pobè,Transport & Logistique,Pobè,+229 61 36 95 91,,,TPE (<10),B2B,APIEx,,Actif,2026-06-29T00:15:34.381909,basse
BJ-61BDCBC8,Maritime Bénin,Transport & Logistique,Pobè,+229 37 54 23 57,,maritimebénin.bj,PME (10-50),B2B,APIEx,,Actif,2026-06-29T00:15:34.381930,moyenne
BJ-694E96DB,Livraison Logistique Sakété,Transport & Logistique,Sakété,+229 41 49 34 51,livraison.logistique.sakété@livraison.logistique.sakété.com,,TPE (<10),B2C,APIEx,,Actif,2026-06-29T00:15:34.381975,moyenne
BJ-1841AD1D,Logistique Fret,Transport & Logistique,Sakété,+229 87 52 14 81,logistique.fret@logistique.fret.benin,logistiquefret.bj,PME (50-200),B2C,APIEx,,Actif,2026-06-29T00:15:34.382011,haute
BJ-7FEF7951,Maritime Bénin,Transport & Logistique,Sakété,+229 97 43 20 41,,maritimebénin.bj,PME (10-50),B2C,APIEx,,Actif,2026-06-29T00:15:34.382039,moyenne
BJ-4FE10941,Urgent Transport,Transport & Logistique,Sakété,+229 36 66 71 92,,,Grande (>200),B2C,APIEx,,Actif,2026-06-29T00:15:34.382070,basse
BJ-EC40DE85,Déménagement,Transport & Logistique,Sakété,+229 87 45 32 11,déménagement@déménagement.com,,TPE (<10),B2B,APIEx,,Actif,2026-06-29T00:15:34.382100,moyenne
BJ-F6D352E9,Aérien Africa,Transport & Logistique,Adjara,+229 21 43 75 11,,,TPE (<10),B2C,APIEx,,Actif,2026-06-29T00:15:34.382137,basse
BJ-BF3A0434,Transport Cargo Bénin Adjara,Transport & Logistique,Adjara,+229 50 13 73 33,,transportcargobéninadjara.bj,PME (50-200),B2C,APIEx,,Actif,2026-06-29T00:15:34.382167,moyenne
BJ-5318C50A,Express Transport,Transport & Logistique,Adjara,+229 75 44 74 36,express.transport@express.transport.com,expresstransport.bj,PME (10-50),B2C,APIEx,,Actif,2026-06-29T00:15:34.382191,haute
BJ-7E9D2A32,SARL Aérien Africa,Transport & Logistique,Adjara,+229 41 71 30 57,sarl.aérien.africa@sarl.aérien.africa.org,,PME (10-50),B2B,APIEx,,Actif,2026-06-29T00:15:34.382228,moyenne
BJ-D965E574,SARL Rapide,Transport & Logistique,Adjara,+229 56 37 56 87,sarl.rapide@sarl.rapide.org,sarlrapide.bj,TPE (<10),B2C,APIEx,,Actif,2026-06-29T00:15:34.382259,haute
BJ-34EEC130,Transport Cargo Allada,Transport & Logistique,Allada,+229 35 20 30 37,,,PME (50-200),B2C,APIEx,,Actif,2026-06-29T00:15:34.382304,basse
BJ-DE642E07,Route Allada,Transport & Logistique,Allada,+229 23 70 52 82,,routeallada.bj,PME (10-50),B2B,APIEx,,Actif,2026-06-29T00:15:34.382317,moyenne
BJ-D6F457F1,Delivery Courrier Delivery,Transport & Logistique,Allada,+229 64 33 60 41,delivery.courrier.delivery@delivery.courrier.delivery.org,,PME (10-50),B2B,APIEx,,Actif,2026-06-29T00:15:34.382331,moyenne
BJ-FB793399,Cargo SARL,Transport & Logistique,Allada,+229 92 30 80 72,,cargosarl.bj,TPE (<10),B2C,APIEx,,Actif,2026-06-29T00:15:34.382356,moyenne
BJ-C160FFBA,Rapide Bénin,Transport & Logistique,Aplahoué,+229 97 69 44 28,,,PME (10-50),B2C,APIEx,,Actif,2026-06-29T00:15:34.382388,basse
BJ-96AC6C90,Delivery Livraison,Transport & Logistique,Aplahoué,+229 28 97 80 97,,deliverylivraison.bj,PME (50-200),B2B,APIEx,,Actif,2026-06-29T00:15:34.382418,moyenne
BJ-FA057E72,Delivery Route,Transport & Logistique,Aplahoué,+229 54 13 11 31,delivery.route@delivery.route.bj,deliveryroute.bj,PME (10-50),B2C,APIEx,,Actif,2026-06-29T00:15:34.382448,haute
BJ-332B056E,Express Messagerie,Transport & Logistique,Aplahoué,+229 66 11 48 98,express.messagerie@express.messagerie.benin,expressmessagerie.bj,TPE (<10),B2B,APIEx,,Actif,2026-06-29T00:15:34.382474,haute
BJ-E57B547C,Transit,Transport & Logistique,Aplahoué,+229 34 67 91 73,transit@transit.benin,transit.bj,TPE (<10),B2B,APIEx,,Actif,2026-06-29T00:15:34.382518,haute
BJ-FC4A69A2,Logistique Transit,Transport & Logistique,Dogbo-Tota,+229 59 37 37 21,,,TPE (<10),B2B,APIEx,,Actif,2026-06-29T00:15:34.382558,basse
BJ-54EE41D9,Maritime,Transport & Logistique,Dogbo-Tota,+229 73 63 48 61,,,TPE (<10),B2B,APIEx,,Actif,2026-06-29T00:15:34.382587,basse
BJ-7998F604,Rapide Distribution,Transport & Logistique,Dogbo-Tota,+229 65 52 41 64,rapide.distribution@rapide.distribution.com,,PME (50-200),B2C,APIEx,,Actif,2026-06-29T00:15:34.382625,moyenne
BJ-DA4A085A,Express Déménagement,Transport & Logistique,Dogbo-Tota,+229 25 41 66 13,,,PME (50-200),B2C,APIEx,,Actif,2026-06-29T00:15:34.382694,basse
BJ-A7B4F52D,Déménagement Delivery,Transport & Logistique,Kpomassè,+229 94 46 18 99,déménagement.delivery@déménagement.delivery.org,déménagementdelivery.bj,TPE (<10),B2B,APIEx,,Actif,2026-06-29T00:15:34.382730,haute
BJ-7F49A05C,Transport Messagerie SARL,Transport & Logistique,Kpomassè,+229 57 78 97 45,,transportmessageriesarl.bj,PME (10-50),B2C,APIEx,,Actif,2026-06-29T00:15:34.382764,moyenne
BJ-4D399740,Groupe Fret International Kpomassè,Transport & Logistique,Kpomassè,+229 54 37 55 81,,groupefretinternationalkpomassè.bj,PME (10-50),B2B,APIEx,,Actif,2026-06-29T00:15:34.382800,moyenne
BJ-D4E927F0,Logistique Express SARL,Transport & Logistique,Kpomassè,+229 91 68 49 80,logistique.express.sarl@logistique.express.sarl.com,,PME (50-200),B2C,APIEx,,Actif,2026-06-29T00:15:34.382826,moyenne
BJ-092B858C,Cargo,Transport & Logistique,Tori-Bossito,+229 84 13 15 26,,cargo.bj,TPE (<10),B2C,APIEx,,Actif,2026-06-29T00:15:34.382886,moyenne
BJ-E8C53064,Express Déménagement,Transport & Logistique,Tori-Bossito,+229 49 34 86 78,express.déménagement@express.déménagement.benin,,PME (50-200),B2B,APIEx,,Actif,2026-06-29T00:15:34.382931,moyenne
BJ-17BEDFFA,Rapide Aérien Delivery Tori-Bossito,Transport & Logistique,Tori-Bossito,+229 66 49 52 22,rapide.aérien.delivery.toribossito@rapide.aérien.delivery.toribossito.org,rapideaériendeliverytoribossito.bj,PME (50-200),B2B,APIEx,,Actif,2026-06-29T00:15:34.382961,haute
BJ-6031340C,Aérien Tori-Bossito,Transport & Logistique,Tori-Bossito,+229 34 96 58 59,aérien.toribossito@aérien.toribossito.org,,PME (50-200),B2C,APIEx,,Actif,2026-06-29T00:15:34.382986,moyenne
BJ-EC16A0C9,Livraison Tori-Bossito,Transport & Logistique,Tori-Bossito,+229 92 78 17 64,livraison.toribossito@livraison.toribossito.com,,PME (10-50),B2B,APIEx,,Actif,2026-06-29T00:15:34.383006,moyenne
BJ-E2688A38,Express Urgent Grand-Popo,Transport & Logistique,Grand-Popo,+229 83 66 87 80,express.urgent.grandpopo@express.urgent.grandpopo.benin,,TPE (<10),B2C,APIEx,,Actif,2026-06-29T00:15:34.383051,moyenne
BJ-422B197D,SARL Cargo,Transport & Logistique,Grand-Popo,+229 47 12 78 82,sarl.cargo@sarl.cargo.bj,,TPE (<10),B2C,APIEx,,Actif,2026-06-29T00:15:34.383076,moyenne
BJ-72244AF9,Transport Route Delivery,Transport & Logistique,Grand-Popo,+229 44 33 15 63,,,PME (10-50),B2B,APIEx,,Actif,2026-06-29T00:15:34.383120,basse
BJ-F7ADEA39,Express Route,Transport & Logistique,Athiémé,+229 46 36 46 11,express.route@express.route.org,,TPE (<10),B2B,APIEx,,Actif,2026-06-29T00:15:34.383178,moyenne
BJ-4AC4057C,Transport Déménagement Bénin,Transport & Logistique,Athiémé,+229 72 44 28 23,transport.déménagement.bénin@transport.déménagement.bénin.com,transportdéménagementbénin.bj,Grande (>200),B2C,APIEx,,Actif,2026-06-29T00:15:34.383202,haute
BJ-E866C439,Aérien Bénin,Transport & Logistique,Athiémé,+229 64 49 51 65,,aérienbénin.bj,PME (10-50),B2B,APIEx,,Actif,2026-06-29T00:15:34.383252,moyenne
BJ-04F53DC3,Déménagement,Transport & Logistique,Bopa,+229 68 33 52 58,,déménagement.bj,TPE (<10),B2C,APIEx,,Actif,2026-06-29T00:15:34.383314,moyenne
BJ-0C3FE0B7,Transport Cargo Africa,Transport & Logistique,Bopa,+229 71 23 41 42,transport.cargo.africa@transport.cargo.africa.com,,TPE (<10),B2C,APIEx,,Actif,2026-06-29T00:15:34.383346,moyenne
BJ-5A885F56,Express Fret Bénin,Transport & Logistique,Bopa,+229 33 74 95 29,express.fret.bénin@express.fret.bénin.bj,expressfretbénin.bj,PME (10-50),B2B,APIEx,,Actif,2026-06-29T00:15:34.383422,haute
BJ-4833183F,Messagerie Express,Transport & Logistique,Bopa,+229 46 55 79 90,messagerie.express@messagerie.express.bj,,PME (10-50),B2C,APIEx,,Actif,2026-06-29T00:15:34.383455,moyenne
BJ-E7CDE7E8,Route Transport,Transport & Logistique,Houéyogbé,+229 44 11 56 24,route.transport@route.transport.com,routetransport.bj,TPE (<10),B2B,APIEx,,Actif,2026-06-29T00:15:34.383538,haute
BJ-5CCD173D,Livraison Transport,Transport & Logistique,Houéyogbé,+229 30 38 86 10,,livraisontransport.bj,TPE (<10),B2C,APIEx,,Actif,2026-06-29T00:15:34.383567,moyenne
BJ-F024E5AB,Groupe Express Bénin,Transport & Logistique,Houéyogbé,+229 58 62 67 46,,,TPE (<10),B2B,APIEx,,Actif,2026-06-29T00:15:34.383593,basse
BJ-CBD4948D,Transport Cargo Delivery,Transport & Logistique,Houéyogbé,+229 58 73 81 58,,transportcargodelivery.bj,PME (50-200),B2C,APIEx,,Actif,2026-06-29T00:15:34.383619,moyenne
BJ-962A4F0C,Transport Distribution Logistique,Transport & Logistique,Malanville,+229 82 54 30 38,transport.distribution.logistique@transport.distribution.logistique.net,transportdistributionlogistique.bj,TPE (<10),B2C,APIEx,,Actif,2026-06-29T00:15:34.383670,haute
BJ-5DFB90A4,Fret,Transport & Logistique,Malanville,+229 60 29 61 13,,fret.bj,PME (50-200),B2C,APIEx,,Actif,2026-06-29T00:15:34.383703,moyenne
BJ-85D6C8FC,Cargo Delivery,Transport & Logistique,Malanville,+229 99 76 27 29,,cargodelivery.bj,Grande (>200),B2B,APIEx,,Actif,2026-06-29T00:15:34.383766,moyenne
BJ-8D7C1316,Logistique Distribution,Transport & Logistique,Malanville,+229 22 59 43 57,,logistiquedistribution.bj,PME (50-200),B2C,APIEx,,Actif,2026-06-29T00:15:34.383793,moyenne
BJ-27F38E1C,Delivery Distribution Bénin,Transport & Logistique,Kandi,+229 88 55 54 41,,deliverydistributionbénin.bj,Grande (>200),B2B,APIEx,,Actif,2026-06-29T00:15:34.383834,moyenne
BJ-3F3969DD,Aérien Transport,Transport & Logistique,Kandi,+229 24 50 40 23,,aérientransport.bj,TPE (<10),B2C,APIEx,,Actif,2026-06-29T00:15:34.383862,moyenne
BJ-EBB2CF21,Rapide Messagerie,Transport & Logistique,Kandi,+229 29 31 98 74,rapide.messagerie@rapide.messagerie.bj,rapidemessagerie.bj,TPE (<10),B2C,APIEx,,Actif,2026-06-29T00:15:34.383908,haute
BJ-83358EC0,Distribution Africa,Transport & Logistique,Kandi,+229 97 15 78 65,distribution.africa@distribution.africa.bj,,Grande (>200),B2C,APIEx,,Actif,2026-06-29T00:15:34.383964,moyenne
BJ-BBA5114B,Transport Transit SARL,Transport & Logistique,Banikoara,+229 65 37 39 52,transport.transit.sarl@transport.transit.sarl.net,,TPE (<10),B2B,APIEx,,Actif,2026-06-29T00:15:34.384016,moyenne
BJ-3368198D,Groupe Distribution,Transport & Logistique,Banikoara,+229 91 11 51 74,groupe.distribution@groupe.distribution.com,groupedistribution.bj,TPE (<10),B2C,APIEx,,Actif,2026-06-29T00:15:34.384055,haute
BJ-88E49455,Messagerie Bénin,Transport & Logistique,Banikoara,+229 72 55 68 21,,messageriebénin.bj,PME (10-50),B2C,APIEx,,Actif,2026-06-29T00:15:34.384077,moyenne
BJ-0B4FD884,Logistique Livraison Banikoara,Transport & Logistique,Banikoara,+229 63 37 69 25,logistique.livraison.banikoara@logistique.livraison.banikoara.benin,logistiquelivraisonbanikoara.bj,PME (50-200),B2B,APIEx,,Actif,2026-06-29T00:15:34.384099,haute
BJ-17CA15C6,Rapide Banikoara,Transport & Logistique,Banikoara,+229 93 39 92 99,rapide.banikoara@rapide.banikoara.benin,,Grande (>200),B2B,APIEx,,Actif,2026-06-29T00:15:34.384134,moyenne
BJ-63A6CD49,Groupe Rapide,Transport & Logistique,Ségbana,+229 97 41 64 96,groupe.rapide@groupe.rapide.net,,PME (10-50),B2B,APIEx,,Actif,2026-06-29T00:15:34.384167,moyenne
BJ-1B3C82A4,Maritime Bénin,Transport & Logistique,Ségbana,+229 94 98 71 29,maritime.bénin@maritime.bénin.net,maritimebénin.bj,PME (10-50),B2C,APIEx,,Actif,2026-06-29T00:15:34.384191,haute
BJ-68053537,SARL Route Ségbana,Transport & Logistique,Ségbana,+229 69 58 39 55,,,PME (50-200),B2B,APIEx,,Actif,2026-06-29T00:15:34.384217,basse
BJ-AE2E3FB2,Groupe Fret Bénin Karimama,Transport & Logistique,Karimama,+229 34 44 37 96,,,PME (50-200),B2B,APIEx,,Actif,2026-06-29T00:15:34.384300,basse
BJ-47963487,Distribution,Transport & Logistique,Karimama,+229 99 28 19 15,,,PME (10-50),B2C,APIEx,,Actif,2026-06-29T00:15:34.384338,basse
BJ-F106AF78,Transport Fret Bénin,Transport & Logistique,Karimama,+229 46 52 75 29,transport.fret.bénin@transport.fret.bénin.org,,TPE (<10),B2B,APIEx,,Actif,2026-06-29T00:15:34.384369,moyenne
BJ-41965BA2,Rapide Courrier International,Transport & Logistique,Karimama,+229 71 66 55 90,,,TPE (<10),B2B,APIEx,,Actif,2026-06-29T00:15:34.384388,basse
BJ-DACBE43E,Distribution Africa,Transport & Logistique,Karimama,+229 28 38 86 34,distribution.africa@distribution.africa.bj,distributionafrica.bj,TPE (<10),B2B,APIEx,,Actif,2026-06-29T00:15:34.384427,haute
BJ-AF3C2B7C,Delivery Déménagement,Transport & Logistique,Gogounou,+229 84 60 45 24,delivery.déménagement@delivery.déménagement.bj,,TPE (<10),B2C,APIEx,,Actif,2026-06-29T00:15:34.384466,moyenne
BJ-9560B779,Transport Express SARL Gogounou,Transport & Logistique,Gogounou,+229 62 20 67 71,transport.express.sarl.gogounou@transport.express.sarl.gogounou.net,transportexpresssarlgogounou.bj,PME (10-50),B2C,APIEx,,Actif,2026-06-29T00:15:34.384494,haute
BJ-5FCDDCAD,Delivery Aérien Transport,Transport & Logistique,Gogounou,+229 52 35 28 87,delivery.aérien.transport@delivery.aérien.transport.org,deliveryaérientransport.bj,PME (50-200),B2B,APIEx,,Actif,2026-06-29T00:15:34.384527,haute
BJ-53F26149,Distribution Express Gogounou,Transport & Logistique,Gogounou,+229 84 93 65 59,,,PME (10-50),B2C,APIEx,,Actif,2026-06-29T00:15:34.384548,basse
BJ-ECF84680,Courrier,Transport & Logistique,Gogounou,+229 43 10 24 65,courrier@courrier.org,,Grande (>200),B2C,APIEx,,Actif,2026-06-29T00:15:34.384568,moyenne
BJ-1CD53324,Transport Aérien,Transport & Logistique,Cobly,+229 75 20 56 82,transport.aérien@transport.aérien.com,,PME (10-50),B2C,APIEx,,Actif,2026-06-29T00:15:34.384601,moyenne
BJ-1C6076EB,SARL Cargo International Cobly,Transport & Logistique,Cobly,+229 96 27 72 84,sarl.cargo.international.cobly@sarl.cargo.international.cobly.net,,TPE (<10),B2B,APIEx,,Actif,2026-06-29T00:15:34.384640,moyenne
BJ-14E1B080,Transport Cargo,Transport & Logistique,Cobly,+229 47 15 70 20,transport.cargo@transport.cargo.benin,,PME (10-50),B2C,APIEx,,Actif,2026-06-29T00:15:34.384657,moyenne
BJ-A64A4DF4,Express Express,Transport & Logistique,Cobly,+229 78 65 77 30,express.express@express.express.net,,TPE (<10),B2C,APIEx,,Actif,2026-06-29T00:15:34.384670,moyenne
BJ-346BC7F7,Déménagement Delivery,Transport & Logistique,Cobly,+229 80 92 69 92,déménagement.delivery@déménagement.delivery.com,déménagementdelivery.bj,PME (10-50),B2C,APIEx,,Actif,2026-06-29T00:15:34.384684,haute
BJ-A82CAC24,Cargo Bénin,Transport & Logistique,Tanguiéta,+229 20 78 95 30,cargo.bénin@cargo.bénin.org,cargobénin.bj,PME (50-200),B2B,APIEx,,Actif,2026-06-29T00:15:34.384709,haute
BJ-9D0BE939,SARL Aérien,Transport & Logistique,Tanguiéta,+229 27 83 80 94,,sarlaérien.bj,PME (10-50),B2C,APIEx,,Actif,2026-06-29T00:15:34.384748,moyenne
BJ-D218D2B0,Cargo Transport,Transport & Logistique,Tanguiéta,+229 62 62 32 77,,cargotransport.bj,Grande (>200),B2C,APIEx,,Actif,2026-06-29T00:15:34.384785,moyenne
BJ-2533258D,Delivery Transit Logistique,Transport & Logistique,Tanguiéta,+229 30 22 83 71,,deliverytransitlogistique.bj,TPE (<10),B2B,APIEx,,Actif,2026-06-29T00:15:34.384812,moyenne
BJ-63CAB6F0,Urgent Africa,Transport & Logistique,Tanguiéta,+229 86 61 88 95,,urgentafrica.bj,TPE (<10),B2C,APIEx,,Actif,2026-06-29T00:15:34.384837,moyenne
BJ-476F9CE8,Logistique Urgent Matéri,Transport & Logistique,Matéri,+229 68 23 28 72,,logistiqueurgentmatéri.bj,PME (50-200),B2B,APIEx,,Actif,2026-06-29T00:15:34.384876,moyenne
BJ-CAFED7F0,Rapide,Transport & Logistique,Matéri,+229 97 78 80 47,,rapide.bj,PME (50-200),B2B,APIEx,,Actif,2026-06-29T00:15:34.384919,moyenne
BJ-5F1E167F,SARL Aérien SARL,Transport & Logistique,Matéri,+229 61 14 68 35,sarl.aérien.sarl@sarl.aérien.sarl.com,sarlaériensarl.bj,PME (10-50),B2C,APIEx,,Actif,2026-06-29T00:15:34.384935,haute
BJ-0FB0F9C8,Transit Bénin,Transport & Logistique,Natitingou,+229 33 43 79 79,transit.bénin@transit.bénin.com,,TPE (<10),B2B,APIEx,,Actif,2026-06-29T00:15:34.384980,moyenne
BJ-0976868C,Rapide Africa,Transport & Logistique,Natitingou,+229 65 31 37 22,rapide.africa@rapide.africa.org,,Grande (>200),B2B,APIEx,,Actif,2026-06-29T00:15:34.384993,moyenne
BJ-724AE6E2,Courrier International,Transport & Logistique,Natitingou,+229 98 25 24 25,courrier.international@courrier.international.net,,PME (50-200),B2C,APIEx,,Actif,2026-06-29T00:15:34.385009,moyenne
BJ-004651FF,Groupe Route Logistique,Transport & Logistique,Natitingou,+229 35 76 60 63,groupe.route.logistique@groupe.route.logistique.benin,grouperoutelogistique.bj,PME (10-50),B2B,APIEx,,Actif,2026-06-29T00:15:34.385022,haute
BJ-0E1C6791,Rapide Express,Transport & Logistique,Toucountouna,+229 57 45 90 43,rapide.express@rapide.express.com,rapideexpress.bj,TPE (<10),B2B,APIEx,,Actif,2026-06-29T00:15:34.385069,haute
BJ-79AB41C9,Rapide Courrier,Transport & Logistique,Toucountouna,+229 72 70 41 78,rapide.courrier@rapide.courrier.bj,,PME (10-50),B2C,APIEx,,Actif,2026-06-29T00:15:34.385093,moyenne
BJ-E8683E46,Delivery Cargo International Toucountouna,Transport & Logistique,Toucountouna,+229 94 95 93 89,delivery.cargo.international.toucountouna@delivery.cargo.international.toucountouna.com,,PME (50-200),B2B,APIEx,,Actif,2026-06-29T00:15:34.385105,moyenne
BJ-011DBAD5,Cargo Logistique,Transport & Logistique,Boukoumbé,+229 69 57 89 56,,cargologistique.bj,TPE (<10),B2B,APIEx,,Actif,2026-06-29T00:15:34.385122,moyenne
BJ-E1DDE6B5,Distribution International Boukoumbé,Transport & Logistique,Boukoumbé,+229 24 31 93 43,distribution.international.boukoumbé@distribution.international.boukoumbé.org,,TPE (<10),B2B,APIEx,,Actif,2026-06-29T00:15:34.385135,moyenne
BJ-B3C9EB44,Logistique Livraison,Transport & Logistique,Boukoumbé,+229 77 90 58 16,,,TPE (<10),B2B,APIEx,,Actif,2026-06-29T00:15:34.385146,basse
BJ-FDF051F8,Fret Boukoumbé,Transport & Logistique,Boukoumbé,+229 27 92 77 94,fret.boukoumbé@fret.boukoumbé.com,,TPE (<10),B2B,APIEx,,Actif,2026-06-29T00:15:34.385159,moyenne
BJ-52CF8E93,Logistique Transit,Transport & Logistique,Boukoumbé,+229 49 14 75 91,logistique.transit@logistique.transit.com,,PME (10-50),B2C,APIEx,,Actif,2026-06-29T00:15:34.385170,moyenne
BJ-476FA363,Rapide,Transport & Logistique,Kouandé,+229 88 27 65 27,rapide@rapide.benin,rapide.bj,TPE (<10),B2B,APIEx,,Actif,2026-06-29T00:15:34.385187,haute
BJ-E71D119E,Express Distribution,Transport & Logistique,Kouandé,+229 23 51 25 92,express.distribution@express.distribution.bj,expressdistribution.bj,TPE (<10),B2C,APIEx,,Actif,2026-06-29T00:15:34.385203,haute
BJ-E1972DAB,Route Transport,Transport & Logistique,Kouandé,+229 48 66 62 20,,routetransport.bj,TPE (<10),B2C,APIEx,,Actif,2026-06-29T00:15:34.385215,moyenne
BJ-6F3F44B2,Urgent Express Kouandé,Transport & Logistique,Kouandé,+229 94 89 60 56,urgent.express.kouandé@urgent.express.kouandé.org,,PME (50-200),B2B,APIEx,,Actif,2026-06-29T00:15:34.385228,moyenne
BJ-4F777383,Express Cargo,Transport & Logistique,Kouandé,+229 80 85 54 38,,,TPE (<10),B2C,APIEx,,Actif,2026-06-29T00:15:34.385239,basse
BJ-D371436F,Rapide Route Logistique,Transport & Logistique,Péhunco,+229 87 72 85 21,rapide.route.logistique@rapide.route.logistique.com,rapideroutelogistique.bj,PME (10-50),B2C,APIEx,,Actif,2026-06-29T00:15:34.385258,haute
BJ-821B6D19,Express Urgent,Transport & Logistique,Péhunco,+229 46 59 11 18,express.urgent@express.urgent.benin,expressurgent.bj,TPE (<10),B2B,APIEx,,Actif,2026-06-29T00:15:34.385272,haute
BJ-05176B9B,Aérien,Transport & Logistique,Péhunco,+229 30 50 86 83,aérien@aérien.net,aérien.bj,PME (50-200),B2B,APIEx,,Actif,2026-06-29T00:15:34.385288,haute
BJ-FD310B93,Cargo Bénin,Transport & Logistique,Péhunco,+229 99 72 59 15,cargo.bénin@cargo.bénin.net,cargobénin.bj,PME (10-50),B2C,APIEx,,Actif,2026-06-29T00:15:34.385302,haute
BJ-757F27B8,Urgent Transport,Transport & Logistique,Péhunco,+229 81 84 67 75,,urgenttransport.bj,TPE (<10),B2B,APIEx,,Actif,2026-06-29T00:15:34.385314,moyenne
BJ-E3BE650A,Fret,Transport & Logistique,Tchaourou,+229 31 66 28 47,fret@fret.net,,PME (10-50),B2C,APIEx,,Actif,2026-06-29T00:15:34.385359,moyenne
BJ-1D768AFB,Express Courrier,Transport & Logistique,Tchaourou,+229 73 68 24 53,,expresscourrier.bj,TPE (<10),B2C,APIEx,,Actif,2026-06-29T00:15:34.385371,moyenne
BJ-A79164DE,Logistique Urgent,Transport & Logistique,Tchaourou,+229 86 49 93 95,logistique.urgent@logistique.urgent.bj,logistiqueurgent.bj,PME (50-200),B2B,APIEx,,Actif,2026-06-29T00:15:34.385383,haute
BJ-B924427F,Rapide Express,Transport & Logistique,Tchaourou,+229 51 58 96 88,,rapideexpress.bj,PME (50-200),B2B,APIEx,,Actif,2026-06-29T00:15:34.385394,moyenne
BJ-4BFB7085,Urgent Transport Nikki,Transport & Logistique,Nikki,+229 30 14 59 85,,,PME (10-50),B2B,APIEx,,Actif,2026-06-29T00:15:34.385447,basse
BJ-19613506,Logistique Déménagement,Transport & Logistique,Nikki,+229 92 98 21 26,logistique.déménagement@logistique.déménagement.bj,logistiquedéménagement.bj,TPE (<10),B2B,APIEx,,Actif,2026-06-29T00:15:34.385460,haute
BJ-3480FAF5,Distribution,Transport & Logistique,Nikki,+229 78 62 11 82,distribution@distribution.bj,,PME (10-50),B2C,APIEx,,Actif,2026-06-29T00:15:34.385472,moyenne
BJ-A2A76159,Livraison SARL,Transport & Logistique,Bembéréké,+229 50 34 30 12,,livraisonsarl.bj,TPE (<10),B2B,APIEx,,Actif,2026-06-29T00:15:34.385490,moyenne
BJ-2B4740E5,Groupe Messagerie Bembéréké,Transport & Logistique,Bembéréké,+229 69 44 19 52,,,PME (50-200),B2C,APIEx,,Actif,2026-06-29T00:15:34.385507,basse
BJ-8882AE13,Cargo Transport,Transport & Logistique,Bembéréké,+229 57 12 88 59,,cargotransport.bj,Grande (>200),B2C,APIEx,,Actif,2026-06-29T00:15:34.385519,moyenne
BJ-FE01BEA9,Transport Déménagement,Transport & Logistique,Bembéréké,+229 69 16 68 47,,transportdéménagement.bj,PME (50-200),B2C,APIEx,,Actif,2026-06-29T00:15:34.385531,moyenne
BJ-AF8F3FB8,Distribution Transport,Transport & Logistique,Kalalé,+229 72 64 30 71,distribution.transport@distribution.transport.com,distributiontransport.bj,PME (10-50),B2B,APIEx,,Actif,2026-06-29T00:15:34.385564,haute
BJ-523B05A3,Aérien International,Transport & Logistique,Kalalé,+229 94 84 16 99,,,TPE (<10),B2C,APIEx,,Actif,2026-06-29T00:15:34.385576,basse
BJ-1E849398,Rapide Kalalé,Transport & Logistique,Kalalé,+229 54 66 94 31,,,TPE (<10),B2B,APIEx,,Actif,2026-06-29T00:15:34.385586,basse
BJ-0A347782,Maritime Delivery Kalalé,Transport & Logistique,Kalalé,+229 86 53 84 39,maritime.delivery.kalalé@maritime.delivery.kalalé.bj,maritimedeliverykalalé.bj,TPE (<10),B2B,APIEx,,Actif,2026-06-29T00:15:34.385600,haute
BJ-584F34BA,Fret Africa,Transport & Logistique,Kalalé,+229 30 49 10 71,,fretafrica.bj,Grande (>200),B2B,APIEx,,Actif,2026-06-29T00:15:34.385611,moyenne
BJ-1CE8FDA9,Livraison Ndali,Transport & Logistique,Ndali,+229 26 20 82 81,livraison.ndali@livraison.ndali.org,livraisonndali.bj,PME (50-200),B2B,APIEx,,Actif,2026-06-29T00:15:34.385643,haute
BJ-9F06C6A2,Transit Logistique,Transport & Logistique,Ndali,+229 48 63 64 34,,transitlogistique.bj,PME (10-50),B2C,APIEx,,Actif,2026-06-29T00:15:34.385655,moyenne
BJ-3666D59B,Transport Route Bénin,Transport & Logistique,Ndali,+229 54 90 89 55,transport.route.bénin@transport.route.bénin.bj,transportroutebénin.bj,PME (10-50),B2C,APIEx,,Actif,2026-06-29T00:15:34.385682,haute
BJ-F5398411,Transit Logistique Ségbana,Transport & Logistique,Ségbana,+229 42 16 86 39,,transitlogistiqueségbana.bj,PME (50-200),B2B,APIEx,,Actif,2026-06-29T00:15:34.385700,moyenne
BJ-CE72BF83,Delivery Aérien Transport,Transport & Logistique,Ségbana,+229 32 86 98 38,delivery.aérien.transport@delivery.aérien.transport.com,,TPE (<10),B2C,APIEx,,Actif,2026-06-29T00:15:34.385712,moyenne
BJ-C7311DF6,Express Maritime SARL,Transport & Logistique,Ségbana,+229 70 60 20 35,express.maritime.sarl@express.maritime.sarl.bj,expressmaritimesarl.bj,TPE (<10),B2B,APIEx,,Actif,2026-06-29T00:15:34.385742,haute
BJ-86568F89,Transport Distribution,Transport & Logistique,Ségbana,+229 86 89 29 16,transport.distribution@transport.distribution.benin,transportdistribution.bj,PME (50-200),B2B,APIEx,,Actif,2026-06-29T00:15:34.385754,haute
BJ-A1FACCE4,Logistique Fret Tchaourou,Transport & Logistique,Tchaourou,+229 62 31 33 80,logistique.fret.tchaourou@logistique.fret.tchaourou.bj,,PME (10-50),B2C,APIEx,,Actif,2026-06-29T00:15:34.385773,moyenne
BJ-FB3CD47A,Route Africa Tchaourou,Transport & Logistique,Tchaourou,+229 80 14 66 45,route.africa.tchaourou@route.africa.tchaourou.bj,,TPE (<10),B2C,APIEx,,Actif,2026-06-29T00:15:34.385789,moyenne
BJ-037B4464,Transit,Transport & Logistique,Tchaourou,+229 86 70 37 17,transit@transit.bj,transit.bj,TPE (<10),B2C,APIEx,,Actif,2026-06-29T00:15:34.385802,haute
BJ-71ADCCCD,Express Maritime,Transport & Logistique,Tchaourou,+229 89 44 74 71,,,TPE (<10),B2C,APIEx,,Actif,2026-06-29T00:15:34.385813,basse
BJ-B8FA5309,Delivery Messagerie,Transport & Logistique,Tchaourou,+229 39 35 74 20,delivery.messagerie@delivery.messagerie.net,,TPE (<10),B2B,APIEx,,Actif,2026-06-29T00:15:34.385825,moyenne
BJ-F5A7F73A,Transit Bétérou,Transport & Logistique,Bétérou,+229 60 79 84 68,,transitbétérou.bj,Grande (>200),B2B,APIEx,,Actif,2026-06-29T00:15:34.385859,moyenne
BJ-DCDE8C1A,Urgent Bétérou,Transport & Logistique,Bétérou,+229 87 30 22 36,urgent.bétérou@urgent.bétérou.net,,TPE (<10),B2B,APIEx,,Actif,2026-06-29T00:15:34.385872,moyenne
BJ-CC01A284,Distribution International,Transport & Logistique,Bétérou,+229 85 40 57 66,distribution.international@distribution.international.bj,distributioninternational.bj,PME (10-50),B2B,APIEx,,Actif,2026-06-29T00:15:34.385884,haute
BJ-33919FD1,Express Africa,Transport & Logistique,Bétérou,+229 61 41 97 77,express.africa@express.africa.net,expressafrica.bj,PME (10-50),B2B,APIEx,,Actif,2026-06-29T00:15:34.385918,haute
BJ-E493EB7C,Distribution SARL,Transport & Logistique,Ouessè,+229 84 92 58 94,,distributionsarl.bj,PME (50-200),B2C,APIEx,,Actif,2026-06-29T00:15:34.385938,moyenne
BJ-B30A7BF9,Transport Courrier Logistique,Transport & Logistique,Ouessè,+229 32 74 70 54,transport.courrier.logistique@transport.courrier.logistique.benin,,TPE (<10),B2C,APIEx,,Actif,2026-06-29T00:15:34.385953,moyenne
BJ-577AB32F,Transit Africa,Transport & Logistique,Ouessè,+229 91 52 94 16,,transitafrica.bj,PME (10-50),B2B,APIEx,,Actif,2026-06-29T00:15:34.385968,moyenne
BJ-DDDBC3A5,Groupe Express Africa,Transport & Logistique,Ouessè,+229 67 41 37 27,groupe.express.africa@groupe.express.africa.com,,TPE (<10),B2C,APIEx,,Actif,2026-06-29T00:15:34.385980,moyenne
BJ-BEF1695D,Transport Express,Transport & Logistique,Ouessè,+229 89 47 14 80,,,TPE (<10),B2B,APIEx,,Actif,2026-06-29T00:15:34.385991,basse
BJ-E2BD2FD0,SARL Aérien,Transport & Logistique,Glazoué,+229 42 83 86 72,,sarlaérien.bj,Grande (>200),B2B,APIEx,,Actif,2026-06-29T00:15:34.386009,moyenne
BJ-A1445518,Express Route Glazoué,Transport & Logistique,Glazoué,+229 51 67 81 19,,expressrouteglazoué.bj,TPE (<10),B2B,APIEx,,Actif,2026-06-29T00:15:34.386020,moyenne
BJ-B001F4D4,Aérien,Transport & Logistique,Glazoué,+229 24 55 95 58,aérien@aérien.com,,PME (50-200),B2C,APIEx,,Actif,2026-06-29T00:15:34.386033,moyenne
BJ-8C402A9A,Delivery Fret,Transport & Logistique,Glazoué,+229 68 15 47 29,delivery.fret@delivery.fret.com,,TPE (<10),B2B,APIEx,,Actif,2026-06-29T00:15:34.386055,moyenne
BJ-9AE2193D,Groupe Rapide Logistique,Transport & Logistique,Dassa-Zoumè,+229 33 74 82 85,groupe.rapide.logistique@groupe.rapide.logistique.org,grouperapidelogistique.bj,PME (10-50),B2C,APIEx,,Actif,2026-06-29T00:15:34.386074,haute
BJ-53E29EE0,SARL Déménagement,Transport & Logistique,Dassa-Zoumè,+229 62 86 46 81,sarl.déménagement@sarl.déménagement.org,,PME (50-200),B2C,APIEx,,Actif,2026-06-29T00:15:34.386126,moyenne
BJ-71AAE247,Aérien Express,Transport & Logistique,Savalou,+229 41 63 18 45,aérien.express@aérien.express.net,,TPE (<10),B2B,APIEx,,Actif,2026-06-29T00:15:34.386144,moyenne
BJ-A63011EE,Rapide Rapide Transport Savalou,Transport & Logistique,Savalou,+229 81 54 67 86,rapide.rapide.transport.savalou@rapide.rapide.transport.savalou.bj,,PME (10-50),B2C,APIEx,,Actif,2026-06-29T00:15:34.386156,moyenne
BJ-C2DAD4DC,Express Express,Transport & Logistique,Savalou,+229 35 52 32 45,,,PME (50-200),B2C,APIEx,,Actif,2026-06-29T00:15:34.386167,basse
BJ-492B3EB4,Transport Fret SARL,Transport & Logistique,Savalou,+229 93 76 45 20,,,PME (10-50),B2C,APIEx,,Actif,2026-06-29T00:15:34.386176,basse
BJ-BE0296D2,Logistique Distribution Transport,Transport & Logistique,Bantè,+229 48 91 43 73,logistique.distribution.transport@logistique.distribution.transport.net,,TPE (<10),B2B,APIEx,,Actif,2026-06-29T00:15:34.386214,moyenne
BJ-A84EEBAA,SARL Maritime,Transport & Logistique,Bantè,+229 33 20 75 36,,sarlmaritime.bj,PME (10-50),B2B,APIEx,,Actif,2026-06-29T00:15:34.386230,moyenne
BJ-4B1866A3,Delivery Rapide,Transport & Logistique,Bantè,+229 54 32 31 22,,,PME (10-50),B2B,APIEx,,Actif,2026-06-29T00:15:34.386243,basse
BJ-F8F4DF43,Express Aérien Bantè,Transport & Logistique,Bantè,+229 37 89 13 72,,,PME (10-50),B2C,APIEx,,Actif,2026-06-29T00:15:34.386255,basse
BJ-F4B14B2F,Transport Route Bantè,Transport & Logistique,Bantè,+229 48 15 98 10,,,PME (10-50),B2B,APIEx,,Actif,2026-06-29T00:15:34.386265,basse
BJ-0813A9C2,Delivery Livraison Djougou,Transport & Logistique,Djougou,+229 23 84 69 14,,,PME (50-200),B2C,APIEx,,Actif,2026-06-29T00:15:34.386281,basse
BJ-B2CC746C,SARL Livraison Africa,Transport & Logistique,Djougou,+229 33 45 44 12,,,Grande (>200),B2B,APIEx,,Actif,2026-06-29T00:15:34.386292,basse
BJ-486F74D1,Groupe Distribution Logistique,Transport & Logistique,Djougou,+229 70 37 57 69,,,PME (10-50),B2B,APIEx,,Actif,2026-06-29T00:15:34.386302,basse
BJ-6EE62093,Logistique Urgent Bénin,Transport & Logistique,Djougou,+229 77 27 49 87,logistique.urgent.bénin@logistique.urgent.bénin.benin,logistiqueurgentbénin.bj,PME (50-200),B2C,APIEx,,Actif,2026-06-29T00:15:34.386315,haute
BJ-8FC56131,Logistique Route Logistique Djougou,Transport & Logistique,Djougou,+229 26 43 93 82,,,TPE (<10),B2B,APIEx,,Actif,2026-06-29T00:15:34.386325,basse
BJ-7214D02B,Express Urgent Logistique,Transport & Logistique,Ouèssè,+229 39 36 74 33,express.urgent.logistique@express.urgent.logistique.benin,,PME (10-50),B2B,APIEx,,Actif,2026-06-29T00:15:34.386342,moyenne
BJ-FE2DDDF5,SARL Maritime,Transport & Logistique,Ouèssè,+229 41 58 94 82,sarl.maritime@sarl.maritime.bj,,TPE (<10),B2B,APIEx,,Actif,2026-06-29T00:15:34.386368,moyenne
BJ-4D3A2541,Transport Distribution,Transport & Logistique,Ouèssè,+229 41 53 29 23,transport.distribution@transport.distribution.bj,transportdistribution.bj,TPE (<10),B2C,APIEx,,Actif,2026-06-29T00:15:34.386384,haute
BJ-0BD0B8AF,Logistique Rapide,Transport & Logistique,Ouèssè,+229 76 97 35 40,,,Grande (>200),B2C,APIEx,,Actif,2026-06-29T00:15:34.386394,basse
BJ-F0D479F3,Transport Courrier Logistique,Transport & Logistique,Ouèssè,+229 80 65 25 70,transport.courrier.logistique@transport.courrier.logistique.bj,,PME (50-200),B2B,APIEx,,Actif,2026-06-29T00:15:34.386405,moyenne
BJ-51EB3AF7,Cargo SARL,Transport & Logistique,Bassila,+229 24 11 88 17,cargo.sarl@cargo.sarl.org,,TPE (<10),B2C,APIEx,,Actif,2026-06-29T00:15:34.386423,moyenne
BJ-6F00ADF0,Transit Africa,Transport & Logistique,Bassila,+229 49 33 65 40,,transitafrica.bj,TPE (<10),B2B,APIEx,,Actif,2026-06-29T00:15:34.386438,moyenne
BJ-97E158A9,Rapide Livraison,Transport & Logistique,Bassila,+229 78 97 80 66,rapide.livraison@rapide.livraison.org,,PME (50-200),B2B,APIEx,,Actif,2026-06-29T00:15:34.386451,moyenne
BJ-CC3DC157,Fret Bassila,Transport & Logistique,Bassila,+229 24 13 72 47,,,TPE (<10),B2C,APIEx,,Actif,2026-06-29T00:15:34.386472,basse
BJ-5DE827CD,Delivery Rapide Pehunco,Transport & Logistique,Pehunco,+229 50 15 13 36,,deliveryrapidepehunco.bj,PME (10-50),B2C,APIEx,,Actif,2026-06-29T00:15:34.386504,moyenne
BJ-4B7FDE05,Livraison International,Transport & Logistique,Pehunco,+229 45 40 61 30,livraison.international@livraison.international.bj,livraisoninternational.bj,TPE (<10),B2C,APIEx,,Actif,2026-06-29T00:15:34.386518,haute
BJ-ABBBACF4,Rapide Pehunco,Transport & Logistique,Pehunco,+229 59 78 80 35,,rapidepehunco.bj,PME (50-200),B2B,APIEx,,Actif,2026-06-29T00:15:34.386530,moyenne
BJ-916E8FF0,Route Bénin,Transport & Logistique,Pehunco,+229 23 30 16 37,route.bénin@route.bénin.bj,routebénin.bj,TPE (<10),B2B,APIEx,,Actif,2026-06-29T00:15:34.386543,haute
BJ-C0270609,Logistique Fret Africa,Transport & Logistique,Copargo,+229 32 78 74 65,logistique.fret.africa@logistique.fret.africa.net,,TPE (<10),B2B,APIEx,,Actif,2026-06-29T00:15:34.386561,moyenne
BJ-861FB652,Route,Transport & Logistique,Copargo,+229 58 61 57 20,,,PME (10-50),B2C,APIEx,,Actif,2026-06-29T00:15:34.386584,basse
BJ-29196C90,SARL Fret,Transport & Logistique,Copargo,+229 60 61 72 48,,,PME (50-200),B2B,APIEx,,Actif,2026-06-29T00:15:34.386594,basse
BJ-2A3D0E19,Express Livraison Logistique Copargo,Transport & Logistique,Copargo,+229 85 77 12 56,express.livraison.logistique.copargo@express.livraison.logistique.copargo.bj,expresslivraisonlogistiquecopargo.bj,Grande (>200),B2B,APIEx,,Actif,2026-06-29T00:15:34.386612,haute
BJ-71042D5D,Digital Mobile Cotonou,Télécommunications,Cotonou,+229 77 54 26 39,digital.mobile.cotonou@digital.mobile.cotonou.bj,digitalmobilecotonou.bj,PME (10-50),B2B,APIEx,,Actif,2026-06-29T00:15:34.386632,haute
BJ-06CD412D,Voice,Télécommunications,Cotonou,+229 96 90 92 69,,voice.bj,PME (10-50),B2C,APIEx,,Actif,2026-06-29T00:15:34.386662,moyenne
BJ-E9937FB7,Fiber International,Télécommunications,Cotonou,+229 85 73 95 94,fiber.international@fiber.international.net,fiberinternational.bj,PME (50-200),B2B,APIEx,,Actif,2026-06-29T00:15:34.386676,haute
BJ-52C9E007,Internet Télécom Bénin,Télécommunications,Cotonou,+229 82 31 11 66,,internettélécombénin.bj,TPE (<10),B2C,APIEx,,Actif,2026-06-29T00:15:34.386688,moyenne
BJ-9295BD90,Mobile Voice Africa Abomey-Calavi,Télécommunications,Abomey-Calavi,+229 35 42 18 14,mobile.voice.africa.abomeycalavi@mobile.voice.africa.abomeycalavi.bj,mobilevoiceafricaabomeycalavi.bj,TPE (<10),B2B,APIEx,,Actif,2026-06-29T00:15:34.386706,haute
BJ-F7B97752,Satellite SA,Télécommunications,Abomey-Calavi,+229 26 68 55 96,,satellitesa.bj,PME (50-200),B2B,APIEx,,Actif,2026-06-29T00:15:34.386731,moyenne
BJ-9DBFBD32,Digital Bénin Abomey-Calavi,Télécommunications,Abomey-Calavi,+229 71 96 87 66,,digitalbéninabomeycalavi.bj,TPE (<10),B2C,APIEx,,Actif,2026-06-29T00:15:34.386744,moyenne
BJ-9D8333A2,Voice International,Télécommunications,Abomey-Calavi,+229 88 88 31 20,voice.international@voice.international.benin,voiceinternational.bj,Grande (>200),B2C,APIEx,,Actif,2026-06-29T00:15:34.386756,haute
BJ-40D633D6,Digital Africa,Télécommunications,Porto-Novo,+229 25 72 60 45,,digitalafrica.bj,TPE (<10),B2C,APIEx,,Actif,2026-06-29T00:15:34.386774,moyenne
BJ-78E6D797,Connect Fiber International,Télécommunications,Porto-Novo,+229 56 76 16 32,connect.fiber.international@connect.fiber.international.com,connectfiberinternational.bj,TPE (<10),B2B,APIEx,,Actif,2026-06-29T00:15:34.386790,haute
BJ-5066D09C,Réseau Télécom Africa Porto-Novo,Télécommunications,Porto-Novo,+229 57 87 73 45,,réseautélécomafricaportonovo.bj,PME (10-50),B2C,APIEx,,Actif,2026-06-29T00:15:34.386803,moyenne
BJ-C1389AEC,Voice Bénin,Télécommunications,Porto-Novo,+229 88 19 10 25,voice.bénin@voice.bénin.bj,voicebénin.bj,PME (10-50),B2B,APIEx,,Actif,2026-06-29T00:15:34.386817,haute
BJ-835A9444,Télécom Bénin,Télécommunications,Porto-Novo,+229 28 26 90 43,télécom.bénin@télécom.bénin.bj,télécombénin.bj,TPE (<10),B2C,APIEx,,Actif,2026-06-29T00:15:34.386829,haute
BJ-5D4C61BD,Réseau Voice Telecom,Télécommunications,Parakou,+229 46 31 66 60,réseau.voice.telecom@réseau.voice.telecom.bj,réseauvoicetelecom.bj,PME (50-200),B2C,APIEx,,Actif,2026-06-29T00:15:34.386848,haute
BJ-D815F2B7,Internet Tech,Télécommunications,Parakou,+229 91 80 21 61,internet.tech@internet.tech.org,,PME (50-200),B2B,APIEx,,Actif,2026-06-29T00:15:34.386860,moyenne
BJ-6ED099E6,Voice International,Télécommunications,Parakou,+229 35 38 65 22,voice.international@voice.international.net,voiceinternational.bj,TPE (<10),B2C,APIEx,,Actif,2026-06-29T00:15:34.386871,haute
BJ-B63554A8,Réseau Bénin Parakou,Télécommunications,Parakou,+229 38 29 96 65,,réseaubéninparakou.bj,TPE (<10),B2B,APIEx,,Actif,2026-06-29T00:15:34.386914,moyenne
BJ-DEC24F6D,Connect Data,Télécommunications,Bohicon,+229 57 86 36 17,connect.data@connect.data.bj,,PME (10-50),B2C,APIEx,,Actif,2026-06-29T00:15:34.386933,moyenne
BJ-25CD2EF4,Réseau Telecom,Télécommunications,Bohicon,+229 23 80 99 93,,,PME (50-200),B2B,APIEx,,Actif,2026-06-29T00:15:34.386948,basse
BJ-CEFE03B6,Réseau Fiber Telecom,Télécommunications,Bohicon,+229 26 19 55 21,réseau.fiber.telecom@réseau.fiber.telecom.net,réseaufibertelecom.bj,PME (10-50),B2C,APIEx,,Actif,2026-06-29T00:15:34.386960,haute
BJ-9A782FC9,Communication SA Bohicon,Télécommunications,Bohicon,+229 87 27 90 95,communication.sa.bohicon@communication.sa.bohicon.org,communicationsabohicon.bj,PME (10-50),B2C,APIEx,,Actif,2026-06-29T00:15:34.386976,haute
BJ-DFAE5E4E,Télécom Satellite,Télécommunications,Bohicon,+229 47 26 46 85,télécom.satellite@télécom.satellite.org,télécomsatellite.bj,TPE (<10),B2C,APIEx,,Actif,2026-06-29T00:15:34.386989,haute
BJ-A2587B65,Connect,Télécommunications,Natitingou,+229 39 45 61 94,,,PME (10-50),B2C,APIEx,,Actif,2026-06-29T00:15:34.387005,basse
BJ-D04F223A,Digital Communication Bénin Natitingou,Télécommunications,Natitingou,+229 63 54 21 23,digital.communication.bénin.natitingou@digital.communication.bénin.natitingou.benin,digitalcommunicationbéninnatitingou.bj,PME (10-50),B2B,APIEx,,Actif,2026-06-29T00:15:34.387022,haute
BJ-F1AEF4A5,Tech,Télécommunications,Natitingou,+229 25 30 20 72,tech@tech.net,tech.bj,PME (10-50),B2B,APIEx,,Actif,2026-06-29T00:15:34.387046,haute
BJ-FF9A637A,Connect Mobile Africa,Télécommunications,Natitingou,+229 76 89 78 12,connect.mobile.africa@connect.mobile.africa.bj,connectmobileafrica.bj,TPE (<10),B2C,APIEx,,Actif,2026-06-29T00:15:34.387058,haute
BJ-2AB67308,Digital Digital Bénin,Télécommunications,Lokossa,+229 74 15 51 54,digital.digital.bénin@digital.digital.bénin.com,digitaldigitalbénin.bj,PME (50-200),B2B,APIEx,,Actif,2026-06-29T00:15:34.387077,haute
BJ-43920581,Digital Fiber,Télécommunications,Lokossa,+229 77 77 87 62,digital.fiber@digital.fiber.org,digitalfiber.bj,PME (50-200),B2C,APIEx,,Actif,2026-06-29T00:15:34.387092,haute
BJ-9C317255,Réseau Connect Telecom,Télécommunications,Lokossa,+229 85 86 93 26,réseau.connect.telecom@réseau.connect.telecom.org,réseauconnecttelecom.bj,TPE (<10),B2B,APIEx,,Actif,2026-06-29T00:15:34.387105,haute
BJ-9FBD6F3D,Fiber SA,Télécommunications,Lokossa,+229 83 46 37 36,,fibersa.bj,Grande (>200),B2C,APIEx,,Actif,2026-06-29T00:15:34.387116,moyenne
BJ-ECC82D51,Digital International,Télécommunications,Lokossa,+229 96 90 43 21,digital.international@digital.international.org,digitalinternational.bj,TPE (<10),B2C,APIEx,,Actif,2026-06-29T00:15:34.387131,haute
BJ-59F9DAB3,Télécom Digital SA Ouidah,Télécommunications,Ouidah,+229 26 20 62 76,télécom.digital.sa.ouidah@télécom.digital.sa.ouidah.benin,,Grande (>200),B2B,APIEx,,Actif,2026-06-29T00:15:34.387163,moyenne
BJ-9027E4F1,Wireless Groupe,Télécommunications,Ouidah,+229 33 65 79 55,wireless.groupe@wireless.groupe.org,,TPE (<10),B2B,APIEx,,Actif,2026-06-29T00:15:34.387175,moyenne
BJ-27CD433D,Réseau Communication,Télécommunications,Ouidah,+229 61 83 27 10,réseau.communication@réseau.communication.com,réseaucommunication.bj,PME (10-50),B2B,APIEx,,Actif,2026-06-29T00:15:34.387187,haute
BJ-DEC5D733,Télécom,Télécommunications,Ouidah,+229 87 49 34 88,,télécom.bj,TPE (<10),B2B,APIEx,,Actif,2026-06-29T00:15:34.387198,moyenne
BJ-9B1264F1,Internet Fiber Telecom Savalou,Télécommunications,Savalou,+229 59 15 24 99,internet.fiber.telecom.savalou@internet.fiber.telecom.savalou.benin,,TPE (<10),B2C,APIEx,,Actif,2026-06-29T00:15:34.387232,moyenne
BJ-597EAF91,Digital Data Africa Savalou,Télécommunications,Savalou,+229 65 10 94 70,digital.data.africa.savalou@digital.data.africa.savalou.bj,,PME (10-50),B2C,APIEx,,Actif,2026-06-29T00:15:34.387244,moyenne
BJ-331BDC2B,Digital,Télécommunications,Savalou,+229 40 66 78 97,digital@digital.com,digital.bj,PME (10-50),B2B,APIEx,,Actif,2026-06-29T00:15:34.387266,haute
BJ-7D443653,Fiber SARL Dassa-Zoumè,Télécommunications,Dassa-Zoumè,+229 79 93 79 55,fiber.sarl.dassazoumè@fiber.sarl.dassazoumè.benin,fibersarldassazoumè.bj,TPE (<10),B2C,APIEx,,Actif,2026-06-29T00:15:34.387285,haute
BJ-83C0019F,Internet Tech Dassa-Zoumè,Télécommunications,Dassa-Zoumè,+229 63 94 49 90,internet.tech.dassazoumè@internet.tech.dassazoumè.com,internettechdassazoumè.bj,TPE (<10),B2B,APIEx,,Actif,2026-06-29T00:15:34.387309,haute
BJ-17B39999,Connect Dassa-Zoumè,Télécommunications,Dassa-Zoumè,+229 69 33 97 49,connect.dassazoumè@connect.dassazoumè.com,connectdassazoumè.bj,TPE (<10),B2C,APIEx,,Actif,2026-06-29T00:15:34.387336,haute
BJ-52043BA6,Communication Groupe Kétou,Télécommunications,Kétou,+229 95 63 86 43,communication.groupe.kétou@communication.groupe.kétou.net,communicationgroupekétou.bj,TPE (<10),B2B,APIEx,,Actif,2026-06-29T00:15:34.387356,haute
BJ-4F2C5508,Télécom Réseau Kétou,Télécommunications,Kétou,+229 85 31 76 57,télécom.réseau.kétou@télécom.réseau.kétou.com,télécomréseaukétou.bj,Grande (>200),B2C,APIEx,,Actif,2026-06-29T00:15:34.387372,haute
BJ-F657FF93,Mobile Fiber International Kétou,Télécommunications,Kétou,+229 68 94 83 98,mobile.fiber.international.kétou@mobile.fiber.international.kétou.benin,mobilefiberinternationalkétou.bj,TPE (<10),B2C,APIEx,,Actif,2026-06-29T00:15:34.387393,haute
BJ-17C02ECD,Réseau Kétou,Télécommunications,Kétou,+229 56 78 50 36,réseau.kétou@réseau.kétou.bj,réseaukétou.bj,PME (10-50),B2B,APIEx,,Actif,2026-06-29T00:15:34.387407,haute
BJ-A2FECC2F,Réseau Réseau Kétou,Télécommunications,Kétou,+229 90 20 33 43,,,PME (10-50),B2C,APIEx,,Actif,2026-06-29T00:15:34.387417,basse
BJ-58401842,Mobile Connect,Télécommunications,Covè,+229 72 85 50 56,,mobileconnect.bj,PME (10-50),B2B,APIEx,,Actif,2026-06-29T00:15:34.387434,moyenne
BJ-FC8A4E19,Télécom Tech SARL,Télécommunications,Covè,+229 77 52 96 19,télécom.tech.sarl@télécom.tech.sarl.benin,,PME (50-200),B2B,APIEx,,Actif,2026-06-29T00:15:34.387446,moyenne
BJ-76F17ED7,Mobile Telecom,Télécommunications,Covè,+229 51 29 84 26,mobile.telecom@mobile.telecom.org,mobiletelecom.bj,TPE (<10),B2C,APIEx,,Actif,2026-06-29T00:15:34.387458,haute
BJ-B84F9985,Connect SARL Covè,Télécommunications,Covè,+229 61 62 89 55,,connectsarlcovè.bj,PME (50-200),B2B,APIEx,,Actif,2026-06-29T00:15:34.387469,moyenne
BJ-BC99306E,Connect Data Telecom,Télécommunications,Covè,+229 94 65 39 48,connect.data.telecom@connect.data.telecom.net,connectdatatelecom.bj,PME (50-200),B2C,APIEx,,Actif,2026-06-29T00:15:34.387481,haute
BJ-B11644CB,Télécom Satellite,Télécommunications,Pobè,+229 94 89 61 72,télécom.satellite@télécom.satellite.benin,télécomsatellite.bj,Grande (>200),B2C,APIEx,,Actif,2026-06-29T00:15:34.387517,haute
BJ-EF4BAB3E,Internet Communication Telecom,Télécommunications,Pobè,+229 33 48 11 27,,,PME (10-50),B2B,APIEx,,Actif,2026-06-29T00:15:34.387528,basse
BJ-E5F3C1A5,Voice,Télécommunications,Pobè,+229 32 63 17 58,voice@voice.org,voice.bj,TPE (<10),B2B,APIEx,,Actif,2026-06-29T00:15:34.387540,haute
BJ-51191CE7,Réseau Mobile Pobè,Télécommunications,Pobè,+229 63 23 30 18,réseau.mobile.pobè@réseau.mobile.pobè.benin,réseaumobilepobè.bj,PME (50-200),B2B,APIEx,,Actif,2026-06-29T00:15:34.387552,haute
BJ-D3F9FFB4,Connect Communication Groupe,Télécommunications,Sakété,+229 79 89 76 82,,connectcommunicationgroupe.bj,PME (50-200),B2B,APIEx,,Actif,2026-06-29T00:15:34.387569,moyenne
BJ-51E4A52E,Télécom Bénin,Télécommunications,Sakété,+229 21 95 34 56,télécom.bénin@télécom.bénin.com,télécombénin.bj,Grande (>200),B2C,APIEx,,Actif,2026-06-29T00:15:34.387582,haute
BJ-0B86A3E2,Télécom Satellite,Télécommunications,Sakété,+229 98 78 69 85,,télécomsatellite.bj,PME (10-50),B2C,APIEx,,Actif,2026-06-29T00:15:34.387593,moyenne
BJ-B5AB8046,Réseau,Télécommunications,Sakété,+229 85 29 20 68,,réseau.bj,PME (50-200),B2C,APIEx,,Actif,2026-06-29T00:15:34.387608,moyenne
BJ-83277194,Réseau Data Africa,Télécommunications,Sakété,+229 25 16 54 11,réseau.data.africa@réseau.data.africa.com,réseaudataafrica.bj,Grande (>200),B2C,APIEx,,Actif,2026-06-29T00:15:34.387623,haute
BJ-21CFD4E6,Mobile Connect,Télécommunications,Adjara,+229 93 47 97 58,,mobileconnect.bj,Grande (>200),B2C,APIEx,,Actif,2026-06-29T00:15:34.387643,moyenne
BJ-4D95B0A4,Connect,Télécommunications,Adjara,+229 39 80 37 70,connect@connect.org,connect.bj,TPE (<10),B2C,APIEx,,Actif,2026-06-29T00:15:34.387658,haute
BJ-9973190E,Wireless SARL Adjara,Télécommunications,Adjara,+229 43 29 28 48,wireless.sarl.adjara@wireless.sarl.adjara.net,wirelesssarladjara.bj,PME (50-200),B2B,APIEx,,Actif,2026-06-29T00:15:34.387670,haute
BJ-BD91DA07,Voice Groupe,Télécommunications,Adjara,+229 60 60 45 54,voice.groupe@voice.groupe.bj,voicegroupe.bj,TPE (<10),B2B,APIEx,,Actif,2026-06-29T00:15:34.387682,haute
BJ-E6DAB067,Fiber,Télécommunications,Adjara,+229 72 34 22 83,fiber@fiber.com,fiber.bj,TPE (<10),B2B,APIEx,,Actif,2026-06-29T00:15:34.387693,haute
BJ-FAA74069,Télécom Tech,Télécommunications,Allada,+229 69 49 22 23,télécom.tech@télécom.tech.bj,télécomtech.bj,PME (10-50),B2C,APIEx,,Actif,2026-06-29T00:15:34.387722,haute
BJ-8E1157E1,Réseau,Télécommunications,Allada,+229 75 64 39 45,réseau@réseau.bj,réseau.bj,Grande (>200),B2B,APIEx,,Actif,2026-06-29T00:15:34.387734,haute
BJ-2F4A85D7,Mobile Satellite SARL,Télécommunications,Allada,+229 98 85 47 78,mobile.satellite.sarl@mobile.satellite.sarl.org,mobilesatellitesarl.bj,Grande (>200),B2C,APIEx,,Actif,2026-06-29T00:15:34.387746,haute
BJ-9C560371,Télécom Communication Groupe,Télécommunications,Allada,+229 70 53 68 52,télécom.communication.groupe@télécom.communication.groupe.benin,télécomcommunicationgroupe.bj,PME (50-200),B2B,APIEx,,Actif,2026-06-29T00:15:34.387759,haute
BJ-73784514,Fiber Groupe Aplahoué,Télécommunications,Aplahoué,+229 44 57 35 81,,fibergroupeaplahoué.bj,PME (10-50),B2B,APIEx,,Actif,2026-06-29T00:15:34.387776,moyenne
BJ-B65BB18D,Réseau Voice SARL,Télécommunications,Aplahoué,+229 57 82 63 25,réseau.voice.sarl@réseau.voice.sarl.com,réseauvoicesarl.bj,PME (10-50),B2C,APIEx,,Actif,2026-06-29T00:15:34.387792,haute
BJ-10F2A8D3,Connect,Télécommunications,Aplahoué,+229 41 49 41 89,connect@connect.benin,connect.bj,PME (50-200),B2B,APIEx,,Actif,2026-06-29T00:15:34.387805,haute
BJ-34FCD0D4,Wireless Bénin,Télécommunications,Aplahoué,+229 41 39 17 63,wireless.bénin@wireless.bénin.benin,wirelessbénin.bj,PME (10-50),B2B,APIEx,,Actif,2026-06-29T00:15:34.387817,haute
BJ-7849BD0C,Mobile Mobile SA,Télécommunications,Aplahoué,+229 90 40 60 82,,mobilemobilesa.bj,TPE (<10),B2C,APIEx,,Actif,2026-06-29T00:15:34.387832,moyenne
BJ-FD9F77D5,Réseau Voice Africa,Télécommunications,Dogbo-Tota,+229 90 13 38 35,réseau.voice.africa@réseau.voice.africa.net,réseauvoiceafrica.bj,TPE (<10),B2C,APIEx,,Actif,2026-06-29T00:15:34.387851,haute
BJ-15157C0C,Télécom Internet Groupe,Télécommunications,Dogbo-Tota,+229 70 34 37 26,télécom.internet.groupe@télécom.internet.groupe.benin,télécominternetgroupe.bj,Grande (>200),B2B,APIEx,,Actif,2026-06-29T00:15:34.387864,haute
BJ-17651625,Internet Communication Groupe,Télécommunications,Dogbo-Tota,+229 57 21 37 39,,internetcommunicationgroupe.bj,PME (10-50),B2B,APIEx,,Actif,2026-06-29T00:15:34.387875,moyenne
BJ-1E41CC60,Internet Communication SARL Dogbo-Tota,Télécommunications,Dogbo-Tota,+229 47 12 92 69,internet.communication.sarl.dogbotota@internet.communication.sarl.dogbotota.net,internetcommunicationsarldogbotota.bj,PME (50-200),B2B,APIEx,,Actif,2026-06-29T00:15:34.387915,haute
BJ-A3E0FAC6,Digital Satellite Africa,Télécommunications,Kpomassè,+229 20 64 65 47,,digitalsatelliteafrica.bj,PME (50-200),B2B,APIEx,,Actif,2026-06-29T00:15:34.387949,moyenne
BJ-A2C52EFF,Digital Telecom,Télécommunications,Kpomassè,+229 37 75 25 14,,,TPE (<10),B2C,APIEx,,Actif,2026-06-29T00:15:34.387960,basse
BJ-D050700B,Internet Data,Télécommunications,Kpomassè,+229 65 55 35 78,internet.data@internet.data.org,internetdata.bj,Grande (>200),B2C,APIEx,,Actif,2026-06-29T00:15:34.387972,haute
BJ-2B92DFCE,Internet Satellite,Télécommunications,Kpomassè,+229 98 24 45 26,,,PME (10-50),B2B,APIEx,,Actif,2026-06-29T00:15:34.387983,basse
BJ-1FCA5088,Tech Tori-Bossito,Télécommunications,Tori-Bossito,+229 88 56 26 95,,techtoribossito.bj,TPE (<10),B2B,APIEx,,Actif,2026-06-29T00:15:34.388004,moyenne
BJ-8037CF7E,Fiber Tori-Bossito,Télécommunications,Tori-Bossito,+229 48 10 16 33,fiber.toribossito@fiber.toribossito.org,fibertoribossito.bj,PME (50-200),B2B,APIEx,,Actif,2026-06-29T00:15:34.388017,haute
BJ-CBAC6F32,Digital Data International,Télécommunications,Tori-Bossito,+229 25 49 29 22,digital.data.international@digital.data.international.benin,digitaldatainternational.bj,PME (10-50),B2B,APIEx,,Actif,2026-06-29T00:15:34.388028,haute
BJ-22671F52,Satellite Bénin Tori-Bossito,Télécommunications,Tori-Bossito,+229 93 20 57 13,satellite.bénin.toribossito@satellite.bénin.toribossito.org,satellitebénintoribossito.bj,TPE (<10),B2B,APIEx,,Actif,2026-06-29T00:15:34.388042,haute
BJ-3A3901A2,Digital Internet SA,Télécommunications,Tori-Bossito,+229 95 28 28 36,digital.internet.sa@digital.internet.sa.benin,,PME (50-200),B2C,APIEx,,Actif,2026-06-29T00:15:34.388057,moyenne
BJ-A6AF2E4E,Fiber Bénin,Télécommunications,Grand-Popo,+229 78 48 14 36,fiber.bénin@fiber.bénin.bj,fiberbénin.bj,TPE (<10),B2C,APIEx,,Actif,2026-06-29T00:15:34.388076,haute
BJ-894E3618,Télécom Wireless Groupe,Télécommunications,Grand-Popo,+229 66 37 28 77,télécom.wireless.groupe@télécom.wireless.groupe.benin,télécomwirelessgroupe.bj,PME (10-50),B2B,APIEx,,Actif,2026-06-29T00:15:34.388094,haute
BJ-A3205409,Wireless,Télécommunications,Grand-Popo,+229 31 22 20 43,wireless@wireless.benin,wireless.bj,PME (50-200),B2C,APIEx,,Actif,2026-06-29T00:15:34.388107,haute
BJ-AE2B7D97,Digital Communication,Télécommunications,Grand-Popo,+229 63 20 19 54,,digitalcommunication.bj,TPE (<10),B2C,APIEx,,Actif,2026-06-29T00:15:34.388118,moyenne
BJ-D40CFB15,Fiber,Télécommunications,Athiémé,+229 53 47 77 12,fiber@fiber.org,fiber.bj,Grande (>200),B2B,APIEx,,Actif,2026-06-29T00:15:34.388159,haute
BJ-B5A2DFE9,Réseau Mobile,Télécommunications,Athiémé,+229 21 40 14 33,,réseaumobile.bj,TPE (<10),B2B,APIEx,,Actif,2026-06-29T00:15:34.388170,moyenne
BJ-8623ACA2,Réseau Communication International,Télécommunications,Athiémé,+229 87 87 92 62,,réseaucommunicationinternational.bj,PME (50-200),B2C,APIEx,,Actif,2026-06-29T00:15:34.388182,moyenne
BJ-A2491540,Réseau Fiber,Télécommunications,Athiémé,+229 77 43 67 99,réseau.fiber@réseau.fiber.net,réseaufiber.bj,TPE (<10),B2B,APIEx,,Actif,2026-06-29T00:15:34.388195,haute
BJ-3BB3E15D,Fiber International Bopa,Télécommunications,Bopa,+229 50 88 38 43,fiber.international.bopa@fiber.international.bopa.bj,fiberinternationalbopa.bj,PME (10-50),B2C,APIEx,,Actif,2026-06-29T00:15:34.388227,haute
BJ-F03C4C43,Connect Wireless,Télécommunications,Bopa,+229 31 50 48 11,,,PME (10-50),B2C,APIEx,,Actif,2026-06-29T00:15:34.388238,basse
BJ-89E809E9,Réseau Fiber Africa Bopa,Télécommunications,Bopa,+229 56 52 96 93,réseau.fiber.africa.bopa@réseau.fiber.africa.bopa.net,réseaufiberafricabopa.bj,PME (50-200),B2C,APIEx,,Actif,2026-06-29T00:15:34.388251,haute
BJ-0EF92ED2,Communication Bopa,Télécommunications,Bopa,+229 82 61 36 36,communication.bopa@communication.bopa.bj,,TPE (<10),B2B,APIEx,,Actif,2026-06-29T00:15:34.388262,moyenne
BJ-FE3AB5B2,Digital Satellite,Télécommunications,Houéyogbé,+229 94 48 18 59,digital.satellite@digital.satellite.bj,digitalsatellite.bj,Grande (>200),B2C,APIEx,,Actif,2026-06-29T00:15:34.388282,haute
BJ-69DD6186,Internet Bénin Houéyogbé,Télécommunications,Houéyogbé,+229 39 13 10 23,internet.bénin.houéyogbé@internet.bénin.houéyogbé.benin,internetbéninhouéyogbé.bj,TPE (<10),B2B,APIEx,,Actif,2026-06-29T00:15:34.388307,haute
BJ-882A4DCE,Réseau,Télécommunications,Houéyogbé,+229 52 82 54 16,réseau@réseau.org,réseau.bj,TPE (<10),B2C,APIEx,,Actif,2026-06-29T00:15:34.388319,haute
BJ-6EFBFBF1,Réseau Communication,Télécommunications,Houéyogbé,+229 96 68 69 86,réseau.communication@réseau.communication.net,réseaucommunication.bj,TPE (<10),B2B,APIEx,,Actif,2026-06-29T00:15:34.388335,haute
BJ-64721125,Internet,Télécommunications,Malanville,+229 21 93 75 41,internet@internet.org,,TPE (<10),B2B,APIEx,,Actif,2026-06-29T00:15:34.388352,moyenne
BJ-B1374CED,Digital Internet SARL Malanville,Télécommunications,Malanville,+229 64 96 76 72,digital.internet.sarl.malanville@digital.internet.sarl.malanville.bj,digitalinternetsarlmalanville.bj,TPE (<10),B2C,APIEx,,Actif,2026-06-29T00:15:34.388367,haute
BJ-882F0FF4,Télécom Télécom International Malanville,Télécommunications,Malanville,+229 79 49 74 88,télécom.télécom.international.malanville@télécom.télécom.international.malanville.org,télécomtélécominternationalmalanville.bj,PME (50-200),B2C,APIEx,,Actif,2026-06-29T00:15:34.388382,haute
BJ-6D77F991,Digital Réseau SA,Télécommunications,Malanville,+229 30 37 48 81,digital.réseau.sa@digital.réseau.sa.com,digitalréseausa.bj,PME (50-200),B2B,APIEx,,Actif,2026-06-29T00:15:34.388394,haute
BJ-DBB002B3,Mobile Connect Malanville,Télécommunications,Malanville,+229 71 21 71 11,mobile.connect.malanville@mobile.connect.malanville.benin,mobileconnectmalanville.bj,PME (10-50),B2C,APIEx,,Actif,2026-06-29T00:15:34.388406,haute
BJ-4F22A65E,Voice Kandi,Télécommunications,Kandi,+229 85 43 98 81,,voicekandi.bj,PME (10-50),B2B,APIEx,,Actif,2026-06-29T00:15:34.388423,moyenne
BJ-4DC448F1,Connect Internet Kandi,Télécommunications,Kandi,+229 63 59 97 58,connect.internet.kandi@connect.internet.kandi.bj,connectinternetkandi.bj,PME (50-200),B2C,APIEx,,Actif,2026-06-29T00:15:34.388435,haute
BJ-0772E9F4,Mobile Télécom,Télécommunications,Kandi,+229 67 62 76 50,mobile.télécom@mobile.télécom.org,,TPE (<10),B2C,APIEx,,Actif,2026-06-29T00:15:34.388447,moyenne
BJ-733B5F8D,Internet Mobile Kandi,Télécommunications,Kandi,+229 21 69 76 92,internet.mobile.kandi@internet.mobile.kandi.net,internetmobilekandi.bj,TPE (<10),B2B,APIEx,,Actif,2026-06-29T00:15:34.388472,haute
BJ-4AD2E34B,Fiber Groupe Banikoara,Télécommunications,Banikoara,+229 31 74 76 74,fiber.groupe.banikoara@fiber.groupe.banikoara.bj,fibergroupebanikoara.bj,PME (10-50),B2C,APIEx,,Actif,2026-06-29T00:15:34.388506,haute
BJ-0590C7A1,Tech,Télécommunications,Banikoara,+229 26 58 19 70,tech@tech.com,tech.bj,TPE (<10),B2C,APIEx,,Actif,2026-06-29T00:15:34.388518,haute
BJ-F49EA252,Voice Banikoara,Télécommunications,Banikoara,+229 68 94 92 45,voice.banikoara@voice.banikoara.benin,voicebanikoara.bj,TPE (<10),B2B,APIEx,,Actif,2026-06-29T00:15:34.388530,haute
BJ-6F0F864B,Digital Tech International,Télécommunications,Banikoara,+229 24 98 47 29,digital.tech.international@digital.tech.international.benin,digitaltechinternational.bj,PME (10-50),B2B,APIEx,,Actif,2026-06-29T00:15:34.388542,haute
BJ-11E412D9,Connect Bénin,Télécommunications,Ségbana,+229 56 91 64 39,connect.bénin@connect.bénin.benin,connectbénin.bj,PME (10-50),B2C,APIEx,,Actif,2026-06-29T00:15:34.388584,haute
BJ-72AECCFF,Data Groupe,Télécommunications,Ségbana,+229 96 64 74 35,data.groupe@data.groupe.org,,PME (50-200),B2C,APIEx,,Actif,2026-06-29T00:15:34.388609,moyenne
BJ-0701B231,Connect Fiber,Télécommunications,Karimama,+229 94 56 74 63,connect.fiber@connect.fiber.com,,PME (50-200),B2C,APIEx,,Actif,2026-06-29T00:15:34.388626,moyenne
BJ-D301C966,Réseau Fiber Karimama,Télécommunications,Karimama,+229 68 99 80 91,réseau.fiber.karimama@réseau.fiber.karimama.bj,réseaufiberkarimama.bj,PME (10-50),B2B,APIEx,,Actif,2026-06-29T00:15:34.388642,haute
BJ-4D8604BC,Télécom Satellite SA,Télécommunications,Karimama,+229 89 86 43 79,télécom.satellite.sa@télécom.satellite.sa.bj,télécomsatellitesa.bj,PME (50-200),B2C,APIEx,,Actif,2026-06-29T00:15:34.388658,haute
BJ-02D168CE,Tech Karimama,Télécommunications,Karimama,+229 94 64 11 69,,techkarimama.bj,TPE (<10),B2C,APIEx,,Actif,2026-06-29T00:15:34.388669,moyenne
BJ-10D4CA70,Mobile Télécom,Télécommunications,Karimama,+229 96 78 98 41,mobile.télécom@mobile.télécom.benin,mobiletélécom.bj,TPE (<10),B2B,APIEx,,Actif,2026-06-29T00:15:34.388682,haute
BJ-0BBCE6F1,Réseau Télécom SA Gogounou,Télécommunications,Gogounou,+229 94 44 82 93,,réseautélécomsagogounou.bj,Grande (>200),B2B,APIEx,,Actif,2026-06-29T00:15:34.388701,moyenne
BJ-9785FAC6,Digital Digital Bénin,Télécommunications,Gogounou,+229 45 41 18 86,digital.digital.bénin@digital.digital.bénin.bj,digitaldigitalbénin.bj,PME (10-50),B2B,APIEx,,Actif,2026-06-29T00:15:34.388714,haute
BJ-495422E9,Connect Fiber Telecom,Télécommunications,Gogounou,+229 20 11 42 87,connect.fiber.telecom@connect.fiber.telecom.org,connectfibertelecom.bj,PME (10-50),B2C,APIEx,,Actif,2026-06-29T00:15:34.388729,haute
BJ-949BE25E,Télécom Communication,Télécommunications,Gogounou,+229 31 49 41 45,télécom.communication@télécom.communication.org,télécomcommunication.bj,TPE (<10),B2C,APIEx,,Actif,2026-06-29T00:15:34.388742,haute
BJ-5BC6F417,Data Groupe,Télécommunications,Gogounou,+229 36 76 65 16,data.groupe@data.groupe.org,datagroupe.bj,PME (10-50),B2B,APIEx,,Actif,2026-06-29T00:15:34.388755,haute
BJ-7D90600A,Télécom Fiber,Télécommunications,Cobly,+229 94 40 32 16,télécom.fiber@télécom.fiber.bj,télécomfiber.bj,PME (10-50),B2C,APIEx,,Actif,2026-06-29T00:15:34.388773,haute
BJ-EBB4CCA4,Data SARL,Télécommunications,Cobly,+229 59 61 13 58,data.sarl@data.sarl.com,datasarl.bj,PME (10-50),B2C,APIEx,,Actif,2026-06-29T00:15:34.388787,haute
BJ-BEFC2A26,Connect Voice Africa,Télécommunications,Cobly,+229 61 86 79 72,connect.voice.africa@connect.voice.africa.benin,connectvoiceafrica.bj,PME (50-200),B2C,APIEx,,Actif,2026-06-29T00:15:34.388800,haute
BJ-0DFF2BD8,Internet Cobly,Télécommunications,Cobly,+229 39 71 32 45,internet.cobly@internet.cobly.benin,internetcobly.bj,TPE (<10),B2C,APIEx,,Actif,2026-06-29T00:15:34.388824,haute
BJ-E4D72A4E,Réseau Internet,Télécommunications,Tanguiéta,+229 37 43 29 46,,réseauinternet.bj,PME (50-200),B2B,APIEx,,Actif,2026-06-29T00:15:34.388842,moyenne
BJ-258FC03F,Communication Groupe,Télécommunications,Tanguiéta,+229 80 31 81 60,communication.groupe@communication.groupe.com,communicationgroupe.bj,Grande (>200),B2C,APIEx,,Actif,2026-06-29T00:15:34.388854,haute
BJ-9F62AC42,Fiber Tanguiéta,Télécommunications,Tanguiéta,+229 59 89 15 16,,,PME (50-200),B2B,APIEx,,Actif,2026-06-29T00:15:34.388864,basse
BJ-7B3F7A39,Digital Réseau,Télécommunications,Tanguiéta,+229 60 52 52 42,,digitalréseau.bj,TPE (<10),B2B,APIEx,,Actif,2026-06-29T00:15:34.388876,moyenne
BJ-E7E331BC,Satellite,Télécommunications,Tanguiéta,+229 27 77 70 60,satellite@satellite.net,,Grande (>200),B2C,APIEx,,Actif,2026-06-29T00:15:34.388887,moyenne
BJ-057A129A,Digital Mobile,Télécommunications,Matéri,+229 20 38 87 61,digital.mobile@digital.mobile.benin,,TPE (<10),B2B,APIEx,,Actif,2026-06-29T00:15:34.388919,moyenne
BJ-66A45295,Internet Africa,Télécommunications,Matéri,+229 51 54 46 33,internet.africa@internet.africa.bj,internetafrica.bj,PME (50-200),B2B,APIEx,,Actif,2026-06-29T00:15:34.388934,haute
BJ-C5B7D291,Tech International,Télécommunications,Matéri,+229 62 78 28 51,tech.international@tech.international.bj,techinternational.bj,TPE (<10),B2C,APIEx,,Actif,2026-06-29T00:15:34.388951,haute
BJ-BFAFACB6,Télécom,Télécommunications,Matéri,+229 46 25 43 48,télécom@télécom.net,télécom.bj,TPE (<10),B2C,APIEx,,Actif,2026-06-29T00:15:34.388964,haute
BJ-7265E169,Réseau SARL Matéri,Télécommunications,Matéri,+229 21 18 43 35,réseau.sarl.matéri@réseau.sarl.matéri.org,réseausarlmatéri.bj,PME (50-200),B2C,APIEx,,Actif,2026-06-29T00:15:34.388977,haute
BJ-54DC12CD,Internet Voice Africa,Télécommunications,Natitingou,+229 36 57 56 26,internet.voice.africa@internet.voice.africa.benin,internetvoiceafrica.bj,PME (10-50),B2B,APIEx,,Actif,2026-06-29T00:15:34.388999,haute
BJ-F9D7F04F,Satellite SA,Télécommunications,Natitingou,+229 80 83 58 89,satellite.sa@satellite.sa.bj,satellitesa.bj,PME (10-50),B2C,APIEx,,Actif,2026-06-29T00:15:34.389015,haute
BJ-B6700858,Digital Groupe,Télécommunications,Natitingou,+229 71 37 60 23,digital.groupe@digital.groupe.com,digitalgroupe.bj,PME (50-200),B2C,APIEx,,Actif,2026-06-29T00:15:34.389026,haute
BJ-F32704EF,Télécom Tech Natitingou,Télécommunications,Natitingou,+229 58 23 33 82,télécom.tech.natitingou@télécom.tech.natitingou.org,,Grande (>200),B2B,APIEx,,Actif,2026-06-29T00:15:34.389039,moyenne
BJ-BADD6D22,Satellite International,Télécommunications,Natitingou,+229 97 44 32 53,,satelliteinternational.bj,TPE (<10),B2C,APIEx,,Actif,2026-06-29T00:15:34.389049,moyenne
BJ-950A7B29,Connect SARL,Télécommunications,Toucountouna,+229 99 83 93 23,connect.sarl@connect.sarl.bj,connectsarl.bj,TPE (<10),B2B,APIEx,,Actif,2026-06-29T00:15:34.389067,haute
BJ-B4916C37,Data Groupe,Télécommunications,Toucountouna,+229 47 95 60 60,data.groupe@data.groupe.net,datagroupe.bj,PME (50-200),B2C,APIEx,,Actif,2026-06-29T00:15:34.389082,haute
BJ-047F0D61,Télécom Réseau Africa,Télécommunications,Toucountouna,+229 54 52 80 66,télécom.réseau.africa@télécom.réseau.africa.com,télécomréseauafrica.bj,Grande (>200),B2C,APIEx,,Actif,2026-06-29T00:15:34.389095,haute
BJ-6603B4BA,Réseau Mobile,Télécommunications,Toucountouna,+229 85 56 51 67,réseau.mobile@réseau.mobile.bj,réseaumobile.bj,PME (10-50),B2C,APIEx,,Actif,2026-06-29T00:15:34.389107,haute
BJ-8DCDE673,Mobile Tech,Télécommunications,Toucountouna,+229 20 43 84 39,mobile.tech@mobile.tech.bj,mobiletech.bj,PME (10-50),B2C,APIEx,,Actif,2026-06-29T00:15:34.389120,haute
BJ-F8A14DE1,Data Groupe,Télécommunications,Boukoumbé,+229 70 48 95 21,data.groupe@data.groupe.benin,datagroupe.bj,TPE (<10),B2B,APIEx,,Actif,2026-06-29T00:15:34.389138,haute
BJ-CB38C003,Mobile Digital,Télécommunications,Boukoumbé,+229 76 75 13 82,mobile.digital@mobile.digital.com,mobiledigital.bj,TPE (<10),B2C,APIEx,,Actif,2026-06-29T00:15:34.389153,haute
BJ-3B678080,Satellite Africa,Télécommunications,Boukoumbé,+229 71 72 10 19,satellite.africa@satellite.africa.bj,,PME (10-50),B2B,APIEx,,Actif,2026-06-29T00:15:34.389188,moyenne
BJ-A0C4EA91,Réseau Wireless,Télécommunications,Kouandé,+229 61 82 58 26,réseau.wireless@réseau.wireless.bj,,PME (10-50),B2C,APIEx,,Actif,2026-06-29T00:15:34.389206,moyenne
BJ-CE30E194,Réseau,Télécommunications,Kouandé,+229 99 69 99 82,réseau@réseau.com,réseau.bj,TPE (<10),B2C,APIEx,,Actif,2026-06-29T00:15:34.389221,haute
BJ-C1FD2B4B,Fiber SARL,Télécommunications,Kouandé,+229 91 12 37 18,,fibersarl.bj,PME (50-200),B2C,APIEx,,Actif,2026-06-29T00:15:34.389233,moyenne
BJ-18F25E09,Connect Digital,Télécommunications,Kouandé,+229 88 13 86 48,connect.digital@connect.digital.benin,connectdigital.bj,PME (50-200),B2B,APIEx,,Actif,2026-06-29T00:15:34.389245,haute
BJ-82E3D45F,Réseau Digital,Télécommunications,Kouandé,+229 43 64 51 71,réseau.digital@réseau.digital.org,réseaudigital.bj,TPE (<10),B2B,APIEx,,Actif,2026-06-29T00:15:34.389258,haute
BJ-C09B5C98,Tech SARL,Télécommunications,Péhunco,+229 84 38 35 69,tech.sarl@tech.sarl.benin,techsarl.bj,PME (50-200),B2C,APIEx,,Actif,2026-06-29T00:15:34.389276,haute
BJ-1882611F,Connect Groupe,Télécommunications,Péhunco,+229 40 99 13 81,connect.groupe@connect.groupe.org,,TPE (<10),B2C,APIEx,,Actif,2026-06-29T00:15:34.389287,moyenne
BJ-70BC29FB,Voice Telecom,Télécommunications,Péhunco,+229 53 58 51 48,voice.telecom@voice.telecom.org,voicetelecom.bj,TPE (<10),B2B,APIEx,,Actif,2026-06-29T00:15:34.389299,haute
BJ-2241EF31,Connect Voice,Télécommunications,Péhunco,+229 90 96 40 70,connect.voice@connect.voice.bj,connectvoice.bj,TPE (<10),B2C,APIEx,,Actif,2026-06-29T00:15:34.389310,haute
BJ-7F92E849,Connect Internet SA,Télécommunications,Péhunco,+229 24 90 53 80,connect.internet.sa@connect.internet.sa.com,connectinternetsa.bj,PME (10-50),B2C,APIEx,,Actif,2026-06-29T00:15:34.389322,haute
BJ-42ACBBDC,Satellite,Télécommunications,Tchaourou,+229 38 37 95 83,satellite@satellite.bj,satellite.bj,TPE (<10),B2C,APIEx,,Actif,2026-06-29T00:15:34.389339,haute
BJ-609A7C4D,Mobile SARL,Télécommunications,Tchaourou,+229 70 92 61 58,,,TPE (<10),B2B,APIEx,,Actif,2026-06-29T00:15:34.389364,basse
BJ-C2242CE0,Réseau Réseau,Télécommunications,Tchaourou,+229 91 83 87 30,réseau.réseau@réseau.réseau.com,réseauréseau.bj,TPE (<10),B2C,APIEx,,Actif,2026-06-29T00:15:34.389388,haute
BJ-38FAB77A,Satellite SARL,Télécommunications,Nikki,+229 21 93 86 15,,satellitesarl.bj,Grande (>200),B2B,APIEx,,Actif,2026-06-29T00:15:34.389417,moyenne
BJ-72B13F3C,Télécom Fiber Nikki,Télécommunications,Nikki,+229 86 94 57 56,télécom.fiber.nikki@télécom.fiber.nikki.bj,télécomfibernikki.bj,Grande (>200),B2B,APIEx,,Actif,2026-06-29T00:15:34.389429,haute
BJ-08D1AC38,Réseau Fiber Africa,Télécommunications,Nikki,+229 80 22 22 54,réseau.fiber.africa@réseau.fiber.africa.net,réseaufiberafrica.bj,TPE (<10),B2C,APIEx,,Actif,2026-06-29T00:15:34.389441,haute
BJ-C5D0E964,Connect Voice SARL,Télécommunications,Nikki,+229 87 80 72 28,connect.voice.sarl@connect.voice.sarl.benin,connectvoicesarl.bj,PME (50-200),B2B,APIEx,,Actif,2026-06-29T00:15:34.389453,haute
BJ-77D3990A,Télécom Tech Telecom Nikki,Télécommunications,Nikki,+229 70 30 19 18,télécom.tech.telecom.nikki@télécom.tech.telecom.nikki.com,télécomtechtelecomnikki.bj,TPE (<10),B2C,APIEx,,Actif,2026-06-29T00:15:34.389467,haute
BJ-F5539515,Digital Télécom,Télécommunications,Bembéréké,+229 81 65 62 45,digital.télécom@digital.télécom.benin,digitaltélécom.bj,PME (10-50),B2C,APIEx,,Actif,2026-06-29T00:15:34.389485,haute
BJ-E5DD6057,Réseau Communication Telecom,Télécommunications,Bembéréké,+229 50 10 85 92,,,PME (10-50),B2B,APIEx,,Actif,2026-06-29T00:15:34.389499,basse
BJ-5BF76F6E,Mobile Internet,Télécommunications,Bembéréké,+229 39 74 88 70,mobile.internet@mobile.internet.bj,,PME (50-200),B2B,APIEx,,Actif,2026-06-29T00:15:34.389511,moyenne
BJ-DFA0C234,Réseau Télécom,Télécommunications,Bembéréké,+229 47 59 90 21,réseau.télécom@réseau.télécom.org,réseautélécom.bj,Grande (>200),B2B,APIEx,,Actif,2026-06-29T00:15:34.389525,haute
BJ-AACB4911,Télécom Connect Bembéréké,Télécommunications,Bembéréké,+229 76 68 58 25,télécom.connect.bembéréké@télécom.connect.bembéréké.bj,télécomconnectbembéréké.bj,TPE (<10),B2C,APIEx,,Actif,2026-06-29T00:15:34.389538,haute
BJ-CF6A405D,Tech SA,Télécommunications,Kalalé,+229 24 31 32 66,,techsa.bj,Grande (>200),B2B,APIEx,,Actif,2026-06-29T00:15:34.389555,moyenne
BJ-E4CABDAD,Connect Tech SARL,Télécommunications,Kalalé,+229 60 39 97 22,connect.tech.sarl@connect.tech.sarl.benin,connecttechsarl.bj,TPE (<10),B2B,APIEx,,Actif,2026-06-29T00:15:34.389582,haute
BJ-5834DD37,Télécom,Télécommunications,Kalalé,+229 50 98 98 32,télécom@télécom.org,télécom.bj,PME (50-200),B2C,APIEx,,Actif,2026-06-29T00:15:34.389595,haute
BJ-79E422D4,Internet Réseau Kalalé,Télécommunications,Kalalé,+229 95 82 74 14,,internetréseaukalalé.bj,PME (10-50),B2B,APIEx,,Actif,2026-06-29T00:15:34.389607,moyenne
BJ-A5AD5FA3,Internet International,Télécommunications,Ndali,+229 92 30 59 38,internet.international@internet.international.net,internetinternational.bj,TPE (<10),B2C,APIEx,,Actif,2026-06-29T00:15:34.389627,haute
BJ-2E31CBBA,Communication,Télécommunications,Ndali,+229 73 35 82 53,communication@communication.bj,communication.bj,PME (50-200),B2C,APIEx,,Actif,2026-06-29T00:15:34.389641,haute
BJ-E4187F0F,Télécom Africa Ndali,Télécommunications,Ndali,+229 92 60 43 14,télécom.africa.ndali@télécom.africa.ndali.com,télécomafricandali.bj,TPE (<10),B2B,APIEx,,Actif,2026-06-29T00:15:34.389655,haute
BJ-28F86C0E,Réseau Satellite SA,Télécommunications,Ndali,+229 69 53 68 25,réseau.satellite.sa@réseau.satellite.sa.org,réseausatellitesa.bj,PME (10-50),B2B,APIEx,,Actif,2026-06-29T00:15:34.389671,haute
BJ-AF24AFB3,Connect International,Télécommunications,Ségbana,+229 46 56 57 23,,,TPE (<10),B2C,APIEx,,Actif,2026-06-29T00:15:34.389700,basse
BJ-3C8171F6,Digital Internet Bénin,Télécommunications,Ségbana,+229 52 67 33 36,digital.internet.bénin@digital.internet.bénin.org,digitalinternetbénin.bj,TPE (<10),B2C,APIEx,,Actif,2026-06-29T00:15:34.389713,haute
BJ-BE6BC277,Internet Wireless Bénin,Télécommunications,Ségbana,+229 83 95 83 16,internet.wireless.bénin@internet.wireless.bénin.bj,internetwirelessbénin.bj,TPE (<10),B2C,APIEx,,Actif,2026-06-29T00:15:34.389725,haute
BJ-DC341BBF,Communication Groupe Ségbana,Télécommunications,Ségbana,+229 34 87 96 70,communication.groupe.ségbana@communication.groupe.ségbana.net,communicationgroupeségbana.bj,PME (10-50),B2C,APIEx,,Actif,2026-06-29T00:15:34.389738,haute
BJ-B5655F31,Data Ségbana,Télécommunications,Ségbana,+229 21 15 46 80,data.ségbana@data.ségbana.org,dataségbana.bj,Grande (>200),B2C,APIEx,,Actif,2026-06-29T00:15:34.389752,haute
BJ-9DAC12BA,Communication Bénin Tchaourou,Télécommunications,Tchaourou,+229 50 22 69 90,communication.bénin.tchaourou@communication.bénin.tchaourou.net,communicationbénintchaourou.bj,TPE (<10),B2B,APIEx,,Actif,2026-06-29T00:15:34.389773,haute
BJ-A76947AF,Mobile Télécom Bénin,Télécommunications,Tchaourou,+229 24 44 66 87,mobile.télécom.bénin@mobile.télécom.bénin.benin,mobiletélécombénin.bj,TPE (<10),B2C,APIEx,,Actif,2026-06-29T00:15:34.389789,haute
BJ-D4A497BC,Réseau Data Africa,Télécommunications,Tchaourou,+229 49 86 13 15,réseau.data.africa@réseau.data.africa.benin,réseaudataafrica.bj,PME (50-200),B2B,APIEx,,Actif,2026-06-29T00:15:34.389802,haute
BJ-2FDF1668,Digital Wireless SARL,Télécommunications,Tchaourou,+229 28 25 91 22,digital.wireless.sarl@digital.wireless.sarl.com,digitalwirelesssarl.bj,TPE (<10),B2B,APIEx,,Actif,2026-06-29T00:15:34.389814,haute
BJ-279696B3,Mobile Satellite Telecom,Télécommunications,Tchaourou,+229 77 54 43 59,mobile.satellite.telecom@mobile.satellite.telecom.org,mobilesatellitetelecom.bj,TPE (<10),B2C,APIEx,,Actif,2026-06-29T00:15:34.389826,haute
BJ-9DFD806C,Connect Voice Bénin,Télécommunications,Bétérou,+229 28 23 18 14,connect.voice.bénin@connect.voice.bénin.com,,PME (10-50),B2B,APIEx,,Actif,2026-06-29T00:15:34.389859,moyenne
BJ-75B03B4B,Internet Télécom,Télécommunications,Bétérou,+229 36 67 67 63,internet.télécom@internet.télécom.benin,,Grande (>200),B2C,APIEx,,Actif,2026-06-29T00:15:34.389906,moyenne
BJ-8BE4244B,Internet Internet Groupe,Télécommunications,Bétérou,+229 32 68 93 48,,internetinternetgroupe.bj,PME (10-50),B2C,APIEx,,Actif,2026-06-29T00:15:34.389937,moyenne
BJ-6F62CD43,Communication Bétérou,Télécommunications,Bétérou,+229 82 97 31 41,communication.bétérou@communication.bétérou.bj,communicationbétérou.bj,Grande (>200),B2B,APIEx,,Actif,2026-06-29T00:15:34.389996,haute
BJ-BE9260FD,Tech Ouessè,Télécommunications,Ouessè,+229 93 63 84 93,tech.ouessè@tech.ouessè.com,techouessè.bj,Grande (>200),B2B,APIEx,,Actif,2026-06-29T00:15:34.390040,haute
BJ-49402DB3,Mobile,Télécommunications,Ouessè,+229 79 21 93 41,mobile@mobile.bj,,TPE (<10),B2C,APIEx,,Actif,2026-06-29T00:15:34.390072,moyenne
BJ-CBC7FD7C,Mobile Bénin Ouessè,Télécommunications,Ouessè,+229 49 36 40 85,mobile.bénin.ouessè@mobile.bénin.ouessè.benin,mobilebéninouessè.bj,PME (50-200),B2C,APIEx,,Actif,2026-06-29T00:15:34.390132,haute
BJ-157A8A16,Réseau Mobile,Télécommunications,Glazoué,+229 48 98 18 62,réseau.mobile@réseau.mobile.org,réseaumobile.bj,TPE (<10),B2C,APIEx,,Actif,2026-06-29T00:15:34.390204,haute
BJ-F7F4BF72,Connect Communication SA,Télécommunications,Glazoué,+229 52 32 91 34,connect.communication.sa@connect.communication.sa.net,connectcommunicationsa.bj,Grande (>200),B2C,APIEx,,Actif,2026-06-29T00:15:34.390231,haute
BJ-9A9DFC5C,Connect Bénin,Télécommunications,Glazoué,+229 60 71 99 98,connect.bénin@connect.bénin.com,connectbénin.bj,PME (10-50),B2C,APIEx,,Actif,2026-06-29T00:15:34.390261,haute
BJ-C08621E3,Connect Internet,Télécommunications,Glazoué,+229 56 83 77 92,connect.internet@connect.internet.net,connectinternet.bj,TPE (<10),B2B,APIEx,,Actif,2026-06-29T00:15:34.390292,haute
BJ-CBC976EF,Télécom Data SA,Télécommunications,Glazoué,+229 66 94 32 88,télécom.data.sa@télécom.data.sa.bj,,TPE (<10),B2B,APIEx,,Actif,2026-06-29T00:15:34.390308,moyenne
BJ-79FFEC94,Mobile Bénin,Télécommunications,Dassa-Zoumè,+229 89 88 74 59,,,PME (10-50),B2B,APIEx,,Actif,2026-06-29T00:15:34.390328,basse
BJ-724F7B5E,Digital Communication,Télécommunications,Dassa-Zoumè,+229 68 55 38 98,,digitalcommunication.bj,TPE (<10),B2C,APIEx,,Actif,2026-06-29T00:15:34.390361,moyenne
BJ-C70A0625,Connect Digital Dassa-Zoumè,Télécommunications,Dassa-Zoumè,+229 31 23 19 55,connect.digital.dassazoumè@connect.digital.dassazoumè.bj,connectdigitaldassazoumè.bj,TPE (<10),B2B,APIEx,,Actif,2026-06-29T00:15:34.390378,haute
BJ-52BF0082,Digital Mobile Savalou,Télécommunications,Savalou,+229 77 68 68 45,digital.mobile.savalou@digital.mobile.savalou.com,digitalmobilesavalou.bj,TPE (<10),B2C,APIEx,,Actif,2026-06-29T00:15:34.390410,haute
BJ-2DB467C8,Mobile Voice,Télécommunications,Savalou,+229 78 43 98 21,mobile.voice@mobile.voice.benin,mobilevoice.bj,TPE (<10),B2B,APIEx,,Actif,2026-06-29T00:15:34.390422,haute
BJ-9AB500AB,Mobile Télécom Bénin,Télécommunications,Savalou,+229 66 33 47 14,mobile.télécom.bénin@mobile.télécom.bénin.net,mobiletélécombénin.bj,TPE (<10),B2B,APIEx,,Actif,2026-06-29T00:15:34.390435,haute
BJ-DE41296E,Digital Mobile SARL,Télécommunications,Savalou,+229 56 89 78 93,digital.mobile.sarl@digital.mobile.sarl.bj,digitalmobilesarl.bj,PME (50-200),B2B,APIEx,,Actif,2026-06-29T00:15:34.390447,haute
BJ-042260A2,Connect Mobile Africa,Télécommunications,Savalou,+229 66 49 29 63,,connectmobileafrica.bj,Grande (>200),B2C,APIEx,,Actif,2026-06-29T00:15:34.390479,moyenne
BJ-E19BC9E9,Fiber International Bantè,Télécommunications,Bantè,+229 40 35 86 91,fiber.international.bantè@fiber.international.bantè.bj,fiberinternationalbantè.bj,PME (10-50),B2B,APIEx,,Actif,2026-06-29T00:15:34.390523,haute
BJ-CD0861C7,Mobile Africa,Télécommunications,Bantè,+229 47 17 96 63,mobile.africa@mobile.africa.org,mobileafrica.bj,TPE (<10),B2C,APIEx,,Actif,2026-06-29T00:15:34.390559,haute
BJ-404E4E9C,Digital International,Télécommunications,Bantè,+229 93 57 33 96,digital.international@digital.international.benin,digitalinternational.bj,TPE (<10),B2B,APIEx,,Actif,2026-06-29T00:15:34.390651,haute
BJ-6A271DD3,Internet Réseau Bénin,Télécommunications,Djougou,+229 41 93 89 57,internet.réseau.bénin@internet.réseau.bénin.com,internetréseaubénin.bj,Grande (>200),B2C,APIEx,,Actif,2026-06-29T00:15:34.390678,haute
BJ-A367FBA7,Mobile Data Africa,Télécommunications,Djougou,+229 29 82 57 28,mobile.data.africa@mobile.data.africa.bj,,PME (50-200),B2B,APIEx,,Actif,2026-06-29T00:15:34.390691,moyenne
BJ-87B1326D,Télécom Wireless Bénin,Télécommunications,Djougou,+229 93 67 57 54,télécom.wireless.bénin@télécom.wireless.bénin.org,télécomwirelessbénin.bj,Grande (>200),B2B,APIEx,,Actif,2026-06-29T00:15:34.390724,haute
BJ-3D11C937,Mobile International,Télécommunications,Djougou,+229 48 87 55 77,mobile.international@mobile.international.org,mobileinternational.bj,PME (10-50),B2C,APIEx,,Actif,2026-06-29T00:15:34.390736,haute
BJ-570ED5F7,Télécom Télécom,Télécommunications,Ouèssè,+229 65 31 65 37,télécom.télécom@télécom.télécom.com,télécomtélécom.bj,PME (50-200),B2C,APIEx,,Actif,2026-06-29T00:15:34.390760,haute
BJ-0C85996B,Satellite International,Télécommunications,Ouèssè,+229 78 17 86 83,satellite.international@satellite.international.com,satelliteinternational.bj,PME (10-50),B2B,APIEx,,Actif,2026-06-29T00:15:34.390775,haute
BJ-35E2DFEC,Digital Data,Télécommunications,Ouèssè,+229 75 21 46 14,digital.data@digital.data.org,digitaldata.bj,TPE (<10),B2B,APIEx,,Actif,2026-06-29T00:15:34.390788,haute
BJ-F64BF65D,Télécom Ouèssè,Télécommunications,Ouèssè,+229 72 93 51 83,télécom.ouèssè@télécom.ouèssè.benin,télécomouèssè.bj,TPE (<10),B2C,APIEx,,Actif,2026-06-29T00:15:34.390802,haute
BJ-3083EE3D,Connect Internet SA,Télécommunications,Ouèssè,+229 83 48 88 44,connect.internet.sa@connect.internet.sa.com,,PME (50-200),B2B,APIEx,,Actif,2026-06-29T00:15:34.390813,moyenne
BJ-8A717265,Réseau Mobile,Télécommunications,Bassila,+229 80 68 22 85,,,TPE (<10),B2C,APIEx,,Actif,2026-06-29T00:15:34.390833,basse
BJ-96AD43D5,Connect Fiber International,Télécommunications,Bassila,+229 88 10 79 58,connect.fiber.international@connect.fiber.international.com,connectfiberinternational.bj,PME (10-50),B2B,APIEx,,Actif,2026-06-29T00:15:34.390846,haute
BJ-E6C9DC32,Réseau Satellite,Télécommunications,Bassila,+229 51 60 82 11,,réseausatellite.bj,TPE (<10),B2B,APIEx,,Actif,2026-06-29T00:15:34.390858,moyenne
BJ-771BE9B9,Télécom International,Télécommunications,Bassila,+229 78 45 59 39,télécom.international@télécom.international.benin,télécominternational.bj,PME (10-50),B2B,APIEx,,Actif,2026-06-29T00:15:34.390884,haute
BJ-D8842657,Télécom SA Pehunco,Télécommunications,Pehunco,+229 86 63 90 85,télécom.sa.pehunco@télécom.sa.pehunco.org,télécomsapehunco.bj,TPE (<10),B2B,APIEx,,Actif,2026-06-29T00:15:34.390932,haute
BJ-F3C80248,Mobile Réseau,Télécommunications,Pehunco,+229 69 12 46 12,mobile.réseau@mobile.réseau.com,,Grande (>200),B2C,APIEx,,Actif,2026-06-29T00:15:34.390962,moyenne
BJ-77B32995,Tech Pehunco,Télécommunications,Pehunco,+229 42 11 63 23,tech.pehunco@tech.pehunco.net,techpehunco.bj,TPE (<10),B2C,APIEx,,Actif,2026-06-29T00:15:34.390989,haute
BJ-6FF59AAA,Digital Réseau,Télécommunications,Pehunco,+229 67 73 65 49,digital.réseau@digital.réseau.org,digitalréseau.bj,Grande (>200),B2B,APIEx,,Actif,2026-06-29T00:15:34.391061,haute
BJ-3EF388DE,Mobile SARL,Télécommunications,Copargo,+229 77 58 23 42,mobile.sarl@mobile.sarl.com,,PME (10-50),B2C,APIEx,,Actif,2026-06-29T00:15:34.391088,moyenne
BJ-4770E201,Réseau,Télécommunications,Copargo,+229 54 75 33 88,,réseau.bj,PME (10-50),B2B,APIEx,,Actif,2026-06-29T00:15:34.391101,moyenne
BJ-99EF3075,Mobile Mobile,Télécommunications,Copargo,+229 44 95 25 32,,mobilemobile.bj,PME (10-50),B2B,APIEx,,Actif,2026-06-29T00:15:34.391113,moyenne
BJ-1D7CA878,Mobile Data Groupe,Télécommunications,Copargo,+229 59 58 38 42,mobile.data.groupe@mobile.data.groupe.bj,mobiledatagroupe.bj,PME (50-200),B2B,APIEx,,Actif,2026-06-29T00:15:34.391125,haute
BJ-94E85415,Fiber,Télécommunications,Copargo,+229 43 42 23 45,fiber@fiber.bj,fiber.bj,TPE (<10),B2C,APIEx,,Actif,2026-06-29T00:15:34.391137,haute
BJ-2DE612DA,Groupe Agro Farm,Agriculture & Agroalimentaire,Cotonou,+229 85 87 91 81,groupe.agro.farm@groupe.agro.farm.bj,,PME (10-50),B2B,APIEx,,Actif,2026-06-29T00:15:34.391156,moyenne
BJ-7609EB0F,Pêche Groupe,Agriculture & Agroalimentaire,Cotonou,+229 72 62 54 10,,,PME (10-50),B2C,APIEx,,Actif,2026-06-29T00:15:34.391170,basse
BJ-5E761A03,Production Céréale SARL,Agriculture & Agroalimentaire,Cotonou,+229 73 77 11 87,production.céréale.sarl@production.céréale.sarl.net,,PME (50-200),B2C,APIEx,,Actif,2026-06-29T00:15:34.391184,moyenne
BJ-020D8844,Agro Ferme Cotonou,Agriculture & Agroalimentaire,Cotonou,+229 86 56 58 24,,,Grande (>200),B2C,APIEx,,Actif,2026-06-29T00:15:34.391198,basse
BJ-CF993544,Légume Africa Cotonou,Agriculture & Agroalimentaire,Cotonou,+229 30 59 74 69,,,PME (50-200),B2C,APIEx,,Actif,2026-06-29T00:15:34.391209,basse
BJ-80EA0F26,Plantation Ferme,Agriculture & Agroalimentaire,Abomey-Calavi,+229 75 22 53 43,,,PME (10-50),B2C,APIEx,,Actif,2026-06-29T00:15:34.391224,basse
BJ-51C1A4FA,Élevage Groupe,Agriculture & Agroalimentaire,Abomey-Calavi,+229 67 50 39 30,,,Grande (>200),B2B,APIEx,,Actif,2026-06-29T00:15:34.391236,basse
BJ-BCDB0985,Céréale,Agriculture & Agroalimentaire,Abomey-Calavi,+229 23 21 88 41,,,PME (10-50),B2C,APIEx,,Actif,2026-06-29T00:15:34.391246,basse
BJ-0DF84318,SARL Légume,Agriculture & Agroalimentaire,Abomey-Calavi,+229 98 87 22 36,,,TPE (<10),B2C,APIEx,,Actif,2026-06-29T00:15:34.391256,basse
BJ-72C8BC39,Groupe Élevage Farm Abomey-Calavi,Agriculture & Agroalimentaire,Abomey-Calavi,+229 81 89 81 49,groupe.élevage.farm.abomeycalavi@groupe.élevage.farm.abomeycalavi.net,groupeélevagefarmabomeycalavi.bj,TPE (<10),B2B,APIEx,,Actif,2026-06-29T00:15:34.391287,haute
BJ-57D9EB52,SARL Aquaculture,Agriculture & Agroalimentaire,Porto-Novo,+229 68 67 87 81,,,PME (10-50),B2C,APIEx,,Actif,2026-06-29T00:15:34.391342,basse
BJ-422B92C3,Plantation Ets,Agriculture & Agroalimentaire,Porto-Novo,+229 21 78 56 79,,,PME (10-50),B2C,APIEx,,Actif,2026-06-29T00:15:34.391352,basse
BJ-2FC38483,Transformation Agro,Agriculture & Agroalimentaire,Porto-Novo,+229 43 43 54 72,,,Grande (>200),B2B,APIEx,,Actif,2026-06-29T00:15:34.391363,basse
BJ-AD22F1CC,Plantation Élevage,Agriculture & Agroalimentaire,Porto-Novo,+229 28 49 33 70,,,TPE (<10),B2B,APIEx,,Actif,2026-06-29T00:15:34.391373,basse
BJ-648EAA39,Groupe Industrie Agro,Agriculture & Agroalimentaire,Parakou,+229 48 23 25 13,,,TPE (<10),B2B,APIEx,,Actif,2026-06-29T00:15:34.391402,basse
BJ-BD350505,Fruit,Agriculture & Agroalimentaire,Parakou,+229 45 41 89 67,,fruit.bj,PME (10-50),B2B,APIEx,,Actif,2026-06-29T00:15:34.391413,moyenne
BJ-E22DF275,Production Ferme,Agriculture & Agroalimentaire,Parakou,+229 43 53 94 76,production.ferme@production.ferme.net,,PME (10-50),B2C,APIEx,,Actif,2026-06-29T00:15:34.391425,moyenne
BJ-89AA688A,Agro Pêche Parakou,Agriculture & Agroalimentaire,Parakou,+229 21 76 12 27,agro.pêche.parakou@agro.pêche.parakou.bj,,PME (50-200),B2B,APIEx,,Actif,2026-06-29T00:15:34.391437,moyenne
BJ-7E4FAE91,Plantation Ferme Parakou,Agriculture & Agroalimentaire,Parakou,+229 86 30 60 76,,,Grande (>200),B2C,APIEx,,Actif,2026-06-29T00:15:34.391447,basse
BJ-647C5886,Plantation Pêche,Agriculture & Agroalimentaire,Bohicon,+229 71 65 15 78,plantation.pêche@plantation.pêche.benin,,PME (10-50),B2B,APIEx,,Actif,2026-06-29T00:15:34.391464,moyenne
BJ-AF632397,Transformation Bohicon,Agriculture & Agroalimentaire,Bohicon,+229 28 92 54 92,transformation.bohicon@transformation.bohicon.benin,transformationbohicon.bj,TPE (<10),B2C,APIEx,,Actif,2026-06-29T00:15:34.391492,haute
BJ-0ED21581,Groupe Industrie,Agriculture & Agroalimentaire,Bohicon,+229 29 15 12 87,groupe.industrie@groupe.industrie.org,,PME (10-50),B2B,APIEx,,Actif,2026-06-29T00:15:34.391512,moyenne
BJ-C740318D,Légume Bénin,Agriculture & Agroalimentaire,Natitingou,+229 92 98 23 76,légume.bénin@légume.bénin.net,,PME (50-200),B2B,APIEx,,Actif,2026-06-29T00:15:34.391530,moyenne
BJ-7F3E5A35,Pêche Groupe,Agriculture & Agroalimentaire,Natitingou,+229 58 85 66 37,,,TPE (<10),B2B,APIEx,,Actif,2026-06-29T00:15:34.391566,basse
BJ-8CC306C9,Production Pêche Plantation,Agriculture & Agroalimentaire,Natitingou,+229 39 73 87 89,production.pêche.plantation@production.pêche.plantation.bj,productionpêcheplantation.bj,TPE (<10),B2B,APIEx,,Actif,2026-06-29T00:15:34.391579,haute
BJ-CC03A735,Production Pêche Farm,Agriculture & Agroalimentaire,Lokossa,+229 95 92 61 32,,productionpêchefarm.bj,PME (50-200),B2C,APIEx,,Actif,2026-06-29T00:15:34.391599,moyenne
BJ-9B2EE633,Aquaculture,Agriculture & Agroalimentaire,Lokossa,+229 69 40 46 20,aquaculture@aquaculture.benin,,Grande (>200),B2C,APIEx,,Actif,2026-06-29T00:15:34.391613,moyenne
BJ-319068CF,Groupe Plantation,Agriculture & Agroalimentaire,Lokossa,+229 81 41 54 53,groupe.plantation@groupe.plantation.org,,PME (10-50),B2B,APIEx,,Actif,2026-06-29T00:15:34.391625,moyenne
BJ-CA077121,Ets Industrie Ets,Agriculture & Agroalimentaire,Lokossa,+229 89 96 65 43,,etsindustrieets.bj,TPE (<10),B2B,APIEx,,Actif,2026-06-29T00:15:34.391645,moyenne
BJ-F65D8032,Ferme Plantation,Agriculture & Agroalimentaire,Ouidah,+229 89 10 28 35,,fermeplantation.bj,TPE (<10),B2B,APIEx,,Actif,2026-06-29T00:15:34.391662,moyenne
BJ-30FF8682,Groupe Agro,Agriculture & Agroalimentaire,Ouidah,+229 62 50 19 38,groupe.agro@groupe.agro.net,groupeagro.bj,TPE (<10),B2B,APIEx,,Actif,2026-06-29T00:15:34.391674,haute
BJ-09373A90,Agro Ets Ouidah,Agriculture & Agroalimentaire,Ouidah,+229 68 82 71 53,,,PME (50-200),B2C,APIEx,,Actif,2026-06-29T00:15:34.391685,basse
BJ-F3D54F59,Ets Élevage Ets,Agriculture & Agroalimentaire,Ouidah,+229 66 60 10 97,ets.élevage.ets@ets.élevage.ets.org,,TPE (<10),B2C,APIEx,,Actif,2026-06-29T00:15:34.391697,moyenne
BJ-D236459C,Aquaculture Savalou,Agriculture & Agroalimentaire,Savalou,+229 65 13 45 86,aquaculture.savalou@aquaculture.savalou.bj,aquaculturesavalou.bj,TPE (<10),B2B,APIEx,,Actif,2026-06-29T00:15:34.391726,haute
BJ-7FA53A0E,Plantation Bétail Africa,Agriculture & Agroalimentaire,Savalou,+229 88 10 49 71,,plantationbétailafrica.bj,PME (10-50),B2C,APIEx,,Actif,2026-06-29T00:15:34.391751,moyenne
BJ-D09180F6,Alimentaire Plantation,Agriculture & Agroalimentaire,Savalou,+229 90 20 87 85,,alimentaireplantation.bj,TPE (<10),B2C,APIEx,,Actif,2026-06-29T00:15:34.391781,moyenne
BJ-8EB7E9AE,Fruit Groupe,Agriculture & Agroalimentaire,Dassa-Zoumè,+229 50 95 38 69,fruit.groupe@fruit.groupe.benin,,Grande (>200),B2B,APIEx,,Actif,2026-06-29T00:15:34.391809,moyenne
BJ-3EB2031C,Production Agro Dassa-Zoumè,Agriculture & Agroalimentaire,Dassa-Zoumè,+229 42 33 81 54,,,Grande (>200),B2B,APIEx,,Actif,2026-06-29T00:15:34.391820,basse
BJ-DBBF6D46,Groupe Agro,Agriculture & Agroalimentaire,Dassa-Zoumè,+229 66 92 35 82,,,TPE (<10),B2B,APIEx,,Actif,2026-06-29T00:15:34.391841,basse
BJ-1750D96C,Agro Kétou,Agriculture & Agroalimentaire,Kétou,+229 28 45 63 71,agro.kétou@agro.kétou.benin,,TPE (<10),B2B,APIEx,,Actif,2026-06-29T00:15:34.391859,moyenne
BJ-921D562E,Agro Aquaculture Farm,Agriculture & Agroalimentaire,Kétou,+229 67 29 72 27,agro.aquaculture.farm@agro.aquaculture.farm.bj,,TPE (<10),B2C,APIEx,,Actif,2026-06-29T00:15:34.391873,moyenne
BJ-787E05D0,Légume Farm,Agriculture & Agroalimentaire,Kétou,+229 93 20 88 25,,,PME (50-200),B2C,APIEx,,Actif,2026-06-29T00:15:34.391884,basse
BJ-5C9C543A,Légume,Agriculture & Agroalimentaire,Kétou,+229 38 88 15 54,légume@légume.org,,PME (50-200),B2B,APIEx,,Actif,2026-06-29T00:15:34.391905,moyenne
BJ-FC82600B,Transformation Agro,Agriculture & Agroalimentaire,Kétou,+229 68 15 75 67,transformation.agro@transformation.agro.bj,,TPE (<10),B2B,APIEx,,Actif,2026-06-29T00:15:34.391948,moyenne
BJ-5F909F68,Bétail Plantation,Agriculture & Agroalimentaire,Covè,+229 38 59 79 86,,bétailplantation.bj,PME (50-200),B2B,APIEx,,Actif,2026-06-29T00:15:34.391967,moyenne
BJ-6B3EFA0D,Production Transformation Agro,Agriculture & Agroalimentaire,Covè,+229 58 23 45 51,,,PME (10-50),B2C,APIEx,,Actif,2026-06-29T00:15:34.391978,basse
BJ-56585EAA,SARL Transformation Covè,Agriculture & Agroalimentaire,Covè,+229 59 87 97 33,,,PME (50-200),B2B,APIEx,,Actif,2026-06-29T00:15:34.391988,basse
BJ-6CBAADAD,Groupe Fruit,Agriculture & Agroalimentaire,Covè,+229 54 78 76 83,,,PME (10-50),B2B,APIEx,,Actif,2026-06-29T00:15:34.391998,basse
BJ-1CBE2B9E,Transformation Agro,Agriculture & Agroalimentaire,Covè,+229 81 24 85 80,,transformationagro.bj,TPE (<10),B2B,APIEx,,Actif,2026-06-29T00:15:34.392009,moyenne
BJ-77F9A508,Élevage,Agriculture & Agroalimentaire,Pobè,+229 91 21 63 20,élevage@élevage.com,élevage.bj,PME (10-50),B2B,APIEx,,Actif,2026-06-29T00:15:34.392044,haute
BJ-CF2F822E,Agro Agriculture,Agriculture & Agroalimentaire,Pobè,+229 24 12 25 30,agro.agriculture@agro.agriculture.org,agroagriculture.bj,TPE (<10),B2C,APIEx,,Actif,2026-06-29T00:15:34.392062,haute
BJ-8E8381D5,Pêche Africa Pobè,Agriculture & Agroalimentaire,Pobè,+229 91 45 40 67,pêche.africa.pobè@pêche.africa.pobè.net,,PME (10-50),B2B,APIEx,,Actif,2026-06-29T00:15:34.392084,moyenne
BJ-6208890E,Plantation Ferme Agro,Agriculture & Agroalimentaire,Sakété,+229 76 18 87 54,plantation.ferme.agro@plantation.ferme.agro.org,,TPE (<10),B2C,APIEx,,Actif,2026-06-29T00:15:34.392123,moyenne
BJ-FEC43D3E,SARL Légume Africa,Agriculture & Agroalimentaire,Sakété,+229 89 40 49 17,,,PME (10-50),B2C,APIEx,,Actif,2026-06-29T00:15:34.392134,basse
BJ-2A095226,Ferme Plantation,Agriculture & Agroalimentaire,Sakété,+229 95 51 44 66,ferme.plantation@ferme.plantation.com,,TPE (<10),B2B,APIEx,,Actif,2026-06-29T00:15:34.392144,moyenne
BJ-49C5C449,Agro Africa,Agriculture & Agroalimentaire,Adjara,+229 98 26 25 49,agro.africa@agro.africa.bj,,TPE (<10),B2C,APIEx,,Actif,2026-06-29T00:15:34.392185,moyenne
BJ-42177008,Production Industrie,Agriculture & Agroalimentaire,Adjara,+229 54 12 77 15,production.industrie@production.industrie.benin,,PME (50-200),B2C,APIEx,,Actif,2026-06-29T00:15:34.392196,moyenne
BJ-B7C97F0E,Plantation Céréale Africa,Agriculture & Agroalimentaire,Adjara,+229 80 39 69 64,,plantationcéréaleafrica.bj,PME (10-50),B2B,APIEx,,Actif,2026-06-29T00:15:34.392208,moyenne
BJ-EDD10AF6,SARL Industrie Groupe,Agriculture & Agroalimentaire,Adjara,+229 26 11 64 46,,,PME (10-50),B2C,APIEx,,Actif,2026-06-29T00:15:34.392218,basse
BJ-7B65377F,Ets Légume Ets Allada,Agriculture & Agroalimentaire,Allada,+229 57 80 49 14,ets.légume.ets.allada@ets.légume.ets.allada.com,,PME (50-200),B2B,APIEx,,Actif,2026-06-29T00:15:34.392235,moyenne
BJ-2581D589,Ets Élevage,Agriculture & Agroalimentaire,Allada,+229 44 17 22 20,,etsélevage.bj,PME (50-200),B2B,APIEx,,Actif,2026-06-29T00:15:34.392256,moyenne
BJ-44026A59,Transformation Ets,Agriculture & Agroalimentaire,Allada,+229 58 35 61 42,,transformationets.bj,Grande (>200),B2C,APIEx,,Actif,2026-06-29T00:15:34.392270,moyenne
BJ-C63DC301,Ferme Légume SARL Allada,Agriculture & Agroalimentaire,Allada,+229 63 66 59 83,ferme.légume.sarl.allada@ferme.légume.sarl.allada.net,fermelégumesarlallada.bj,PME (50-200),B2C,APIEx,,Actif,2026-06-29T00:15:34.392283,haute
BJ-D573BB48,Légume Plantation,Agriculture & Agroalimentaire,Aplahoué,+229 25 38 31 53,légume.plantation@légume.plantation.org,,PME (50-200),B2B,APIEx,,Actif,2026-06-29T00:15:34.392304,moyenne
BJ-93ABE069,Groupe Agro Farm,Agriculture & Agroalimentaire,Aplahoué,+229 81 86 37 52,groupe.agro.farm@groupe.agro.farm.benin,,Grande (>200),B2B,APIEx,,Actif,2026-06-29T00:15:34.392328,moyenne
BJ-E79988DA,Ets Transformation Groupe,Agriculture & Agroalimentaire,Aplahoué,+229 94 10 56 78,ets.transformation.groupe@ets.transformation.groupe.net,,PME (10-50),B2B,APIEx,,Actif,2026-06-29T00:15:34.392340,moyenne
BJ-A755823B,Agro Alimentaire Ets,Agriculture & Agroalimentaire,Aplahoué,+229 53 29 24 45,,,PME (10-50),B2B,APIEx,,Actif,2026-06-29T00:15:34.392350,basse
BJ-AF35A9E1,Fruit Bénin,Agriculture & Agroalimentaire,Dogbo-Tota,+229 20 52 40 17,fruit.bénin@fruit.bénin.org,fruitbénin.bj,Grande (>200),B2C,APIEx,,Actif,2026-06-29T00:15:34.392368,haute
BJ-CFED6210,Ets Plantation,Agriculture & Agroalimentaire,Dogbo-Tota,+229 59 11 60 34,ets.plantation@ets.plantation.benin,etsplantation.bj,TPE (<10),B2C,APIEx,,Actif,2026-06-29T00:15:34.392381,haute
BJ-6F76EF68,Groupe Céréale Bénin,Agriculture & Agroalimentaire,Dogbo-Tota,+229 69 34 98 32,,,PME (50-200),B2C,APIEx,,Actif,2026-06-29T00:15:34.392395,basse
BJ-AC368AC6,Agriculture,Agriculture & Agroalimentaire,Dogbo-Tota,+229 60 28 79 61,,,TPE (<10),B2C,APIEx,,Actif,2026-06-29T00:15:34.392416,basse
BJ-F6DF71FF,SARL Ferme,Agriculture & Agroalimentaire,Kpomassè,+229 85 96 27 64,sarl.ferme@sarl.ferme.com,,PME (10-50),B2B,APIEx,,Actif,2026-06-29T00:15:34.392432,moyenne
BJ-683FDC0B,SARL Alimentaire SARL,Agriculture & Agroalimentaire,Kpomassè,+229 34 51 66 73,,,TPE (<10),B2B,APIEx,,Actif,2026-06-29T00:15:34.392448,basse
BJ-A21E48EB,Pêche Kpomassè,Agriculture & Agroalimentaire,Kpomassè,+229 70 91 93 98,,,PME (10-50),B2C,APIEx,,Actif,2026-06-29T00:15:34.392476,basse
BJ-F4DD4A22,Plantation,Agriculture & Agroalimentaire,Kpomassè,+229 95 75 75 11,plantation@plantation.com,plantation.bj,TPE (<10),B2B,APIEx,,Actif,2026-06-29T00:15:34.392488,haute
BJ-3EF93685,Groupe Aquaculture Agro Kpomassè,Agriculture & Agroalimentaire,Kpomassè,+229 58 19 71 82,,,PME (10-50),B2C,APIEx,,Actif,2026-06-29T00:15:34.392502,basse
BJ-AA9B003B,Agriculture Groupe,Agriculture & Agroalimentaire,Tori-Bossito,+229 27 59 67 70,,,PME (10-50),B2C,APIEx,,Actif,2026-06-29T00:15:34.392533,basse
BJ-18465480,Ets Fruit,Agriculture & Agroalimentaire,Tori-Bossito,+229 75 60 21 95,ets.fruit@ets.fruit.net,,PME (10-50),B2B,APIEx,,Actif,2026-06-29T00:15:34.392544,moyenne
BJ-FA458EC0,Ets Industrie,Agriculture & Agroalimentaire,Tori-Bossito,+229 89 76 57 50,ets.industrie@ets.industrie.bj,,TPE (<10),B2C,APIEx,,Actif,2026-06-29T00:15:34.392554,moyenne
BJ-406E82EE,Élevage Bénin,Agriculture & Agroalimentaire,Grand-Popo,+229 73 15 70 73,,élevagebénin.bj,PME (50-200),B2B,APIEx,,Actif,2026-06-29T00:15:34.392593,moyenne
BJ-DEA2C305,Agro Plantation Agro Grand-Popo,Agriculture & Agroalimentaire,Grand-Popo,+229 77 46 77 39,agro.plantation.agro.grandpopo@agro.plantation.agro.grandpopo.com,agroplantationagrograndpopo.bj,PME (50-200),B2C,APIEx,,Actif,2026-06-29T00:15:34.392619,haute
BJ-3FC00A9B,Ets Transformation Bénin,Agriculture & Agroalimentaire,Grand-Popo,+229 94 44 77 27,ets.transformation.bénin@ets.transformation.bénin.net,etstransformationbénin.bj,TPE (<10),B2C,APIEx,,Actif,2026-06-29T00:15:34.392636,haute
BJ-38DDC8AD,SARL Aquaculture Agro,Agriculture & Agroalimentaire,Athiémé,+229 34 91 58 80,,,PME (10-50),B2B,APIEx,,Actif,2026-06-29T00:15:34.392663,basse
BJ-62FF84AD,Ferme Ferme Bénin,Agriculture & Agroalimentaire,Athiémé,+229 69 98 23 47,,,PME (10-50),B2B,APIEx,,Actif,2026-06-29T00:15:34.392673,basse
BJ-640E4208,SARL Industrie Africa,Agriculture & Agroalimentaire,Athiémé,+229 78 96 19 14,,,TPE (<10),B2B,APIEx,,Actif,2026-06-29T00:15:34.392683,basse
BJ-BC22C251,Agro Légume,Agriculture & Agroalimentaire,Athiémé,+229 21 38 82 55,,agrolégume.bj,TPE (<10),B2B,APIEx,,Actif,2026-06-29T00:15:34.392694,moyenne
BJ-A7881499,Plantation Agriculture SARL,Agriculture & Agroalimentaire,Athiémé,+229 20 23 77 13,,plantationagriculturesarl.bj,PME (50-200),B2B,APIEx,,Actif,2026-06-29T00:15:34.392705,moyenne
BJ-EA4F7F89,SARL Légume SARL Bopa,Agriculture & Agroalimentaire,Bopa,+229 85 91 92 76,,,PME (50-200),B2B,APIEx,,Actif,2026-06-29T00:15:34.392720,basse
BJ-53F73BC8,Agro,Agriculture & Agroalimentaire,Bopa,+229 77 21 66 63,,,PME (50-200),B2C,APIEx,,Actif,2026-06-29T00:15:34.392732,basse
BJ-0DB4BE4C,Groupe Fruit Ets,Agriculture & Agroalimentaire,Bopa,+229 36 73 88 64,groupe.fruit.ets@groupe.fruit.ets.com,groupefruitets.bj,TPE (<10),B2C,APIEx,,Actif,2026-06-29T00:15:34.392747,haute
BJ-E95B9A15,Élevage,Agriculture & Agroalimentaire,Bopa,+229 34 94 68 95,élevage@élevage.bj,élevage.bj,PME (10-50),B2B,APIEx,,Actif,2026-06-29T00:15:34.392760,haute
BJ-E5CE62AC,Agriculture,Agriculture & Agroalimentaire,Bopa,+229 82 15 96 59,,,PME (50-200),B2C,APIEx,,Actif,2026-06-29T00:15:34.392771,basse
BJ-2333973B,Agriculture Africa,Agriculture & Agroalimentaire,Houéyogbé,+229 90 12 95 71,,,PME (50-200),B2B,APIEx,,Actif,2026-06-29T00:15:34.392801,basse
BJ-A4E2069F,Groupe Légume Plantation,Agriculture & Agroalimentaire,Houéyogbé,+229 50 18 83 38,,groupelégumeplantation.bj,PME (50-200),B2B,APIEx,,Actif,2026-06-29T00:15:34.392813,moyenne
BJ-31CA5B38,Fruit Groupe Houéyogbé,Agriculture & Agroalimentaire,Houéyogbé,+229 40 77 93 65,fruit.groupe.houéyogbé@fruit.groupe.houéyogbé.net,fruitgroupehouéyogbé.bj,TPE (<10),B2B,APIEx,,Actif,2026-06-29T00:15:34.392826,haute
BJ-3D60F430,SARL Alimentaire Bénin,Agriculture & Agroalimentaire,Houéyogbé,+229 98 99 73 86,,,Grande (>200),B2B,APIEx,,Actif,2026-06-29T00:15:34.392836,basse
BJ-457667FA,SARL Légume Plantation,Agriculture & Agroalimentaire,Malanville,+229 30 99 52 29,,,TPE (<10),B2B,APIEx,,Actif,2026-06-29T00:15:34.392851,basse
BJ-7B4DB825,Agro Bétail Bénin,Agriculture & Agroalimentaire,Malanville,+229 65 75 94 26,,agrobétailbénin.bj,TPE (<10),B2C,APIEx,,Actif,2026-06-29T00:15:34.392866,moyenne
BJ-05DCB909,Production Agro,Agriculture & Agroalimentaire,Malanville,+229 91 24 29 35,production.agro@production.agro.org,,PME (10-50),B2C,APIEx,,Actif,2026-06-29T00:15:34.392877,moyenne
BJ-28E46404,Agro Plantation Farm,Agriculture & Agroalimentaire,Malanville,+229 23 58 86 47,agro.plantation.farm@agro.plantation.farm.net,,TPE (<10),B2C,APIEx,,Actif,2026-06-29T00:15:34.392897,moyenne
BJ-41F3A95F,Aquaculture Bénin Malanville,Agriculture & Agroalimentaire,Malanville,+229 53 30 47 32,,aquaculturebéninmalanville.bj,PME (10-50),B2C,APIEx,,Actif,2026-06-29T00:15:34.392932,moyenne
BJ-C6E710EA,Ferme Industrie Africa,Agriculture & Agroalimentaire,Kandi,+229 44 56 67 82,ferme.industrie.africa@ferme.industrie.africa.com,fermeindustrieafrica.bj,TPE (<10),B2B,APIEx,,Actif,2026-06-29T00:15:34.392966,haute
BJ-9FE2BBB2,Ferme Fruit,Agriculture & Agroalimentaire,Kandi,+229 77 31 15 80,ferme.fruit@ferme.fruit.net,fermefruit.bj,TPE (<10),B2C,APIEx,,Actif,2026-06-29T00:15:34.392978,haute
BJ-94EF9669,Industrie,Agriculture & Agroalimentaire,Kandi,+229 28 14 32 84,industrie@industrie.com,industrie.bj,PME (50-200),B2B,APIEx,,Actif,2026-06-29T00:15:34.392989,haute
BJ-19327D87,Agriculture,Agriculture & Agroalimentaire,Kandi,+229 20 28 24 80,,agriculture.bj,TPE (<10),B2B,APIEx,,Actif,2026-06-29T00:15:34.393003,moyenne
BJ-6D9B4053,Ets Plantation,Agriculture & Agroalimentaire,Kandi,+229 87 53 18 48,,,Grande (>200),B2C,APIEx,,Actif,2026-06-29T00:15:34.393012,basse
BJ-FEA194A8,Légume,Agriculture & Agroalimentaire,Banikoara,+229 87 12 63 56,légume@légume.net,légume.bj,PME (10-50),B2B,APIEx,,Actif,2026-06-29T00:15:34.393031,haute
BJ-AEAD39E3,Groupe Céréale SARL,Agriculture & Agroalimentaire,Banikoara,+229 20 15 25 76,groupe.céréale.sarl@groupe.céréale.sarl.benin,,PME (50-200),B2C,APIEx,,Actif,2026-06-29T00:15:34.393057,moyenne
BJ-2CE27609,Plantation,Agriculture & Agroalimentaire,Banikoara,+229 39 42 58 30,plantation@plantation.net,plantation.bj,Grande (>200),B2B,APIEx,,Actif,2026-06-29T00:15:34.393068,haute
BJ-A96F73BB,Bétail Agro Banikoara,Agriculture & Agroalimentaire,Banikoara,+229 35 24 15 39,,bétailagrobanikoara.bj,PME (10-50),B2B,APIEx,,Actif,2026-06-29T00:15:34.393079,moyenne
BJ-5989C057,Agro Légume Groupe,Agriculture & Agroalimentaire,Ségbana,+229 22 30 98 47,,agrolégumegroupe.bj,PME (10-50),B2C,APIEx,,Actif,2026-06-29T00:15:34.393096,moyenne
BJ-5619938E,Agro SARL Ségbana,Agriculture & Agroalimentaire,Ségbana,+229 82 12 97 85,agro.sarl.ségbana@agro.sarl.ségbana.bj,agrosarlségbana.bj,TPE (<10),B2B,APIEx,,Actif,2026-06-29T00:15:34.393119,haute
BJ-9A6EC7E7,Production Légume,Agriculture & Agroalimentaire,Ségbana,+229 77 73 74 87,,,PME (10-50),B2C,APIEx,,Actif,2026-06-29T00:15:34.393132,basse
BJ-9ADDD36C,Groupe Ferme,Agriculture & Agroalimentaire,Karimama,+229 95 66 48 60,,,PME (50-200),B2B,APIEx,,Actif,2026-06-29T00:15:34.393159,basse
BJ-7E907FE4,Élevage,Agriculture & Agroalimentaire,Karimama,+229 89 58 35 33,,,PME (50-200),B2C,APIEx,,Actif,2026-06-29T00:15:34.393172,basse
BJ-62B0E082,Plantation,Agriculture & Agroalimentaire,Karimama,+229 51 34 73 45,,,TPE (<10),B2C,APIEx,,Actif,2026-06-29T00:15:34.393183,basse
BJ-658E5E0E,Ets Légume,Agriculture & Agroalimentaire,Karimama,+229 56 69 18 66,ets.légume@ets.légume.com,,TPE (<10),B2B,APIEx,,Actif,2026-06-29T00:15:34.393194,moyenne
BJ-D97E100D,SARL Pêche,Agriculture & Agroalimentaire,Karimama,+229 36 55 36 87,sarl.pêche@sarl.pêche.benin,sarlpêche.bj,PME (10-50),B2B,APIEx,,Actif,2026-06-29T00:15:34.393205,haute
BJ-E56F56E2,Agro Alimentaire Agro,Agriculture & Agroalimentaire,Gogounou,+229 92 99 75 23,agro.alimentaire.agro@agro.alimentaire.agro.org,agroalimentaireagro.bj,PME (10-50),B2C,APIEx,,Actif,2026-06-29T00:15:34.393222,haute
BJ-94053C41,Ferme Industrie Gogounou,Agriculture & Agroalimentaire,Gogounou,+229 33 26 36 68,ferme.industrie.gogounou@ferme.industrie.gogounou.com,,TPE (<10),B2C,APIEx,,Actif,2026-06-29T00:15:34.393236,moyenne
BJ-709B4B4A,Aquaculture Agro,Agriculture & Agroalimentaire,Gogounou,+229 56 97 29 57,,aquacultureagro.bj,PME (50-200),B2B,APIEx,,Actif,2026-06-29T00:15:34.393248,moyenne
BJ-F577507F,Ferme Ferme Africa,Agriculture & Agroalimentaire,Gogounou,+229 95 97 51 31,,fermefermeafrica.bj,TPE (<10),B2B,APIEx,,Actif,2026-06-29T00:15:34.393259,moyenne
BJ-34C4E5A7,SARL Plantation Farm,Agriculture & Agroalimentaire,Cobly,+229 69 89 87 35,,sarlplantationfarm.bj,Grande (>200),B2B,APIEx,,Actif,2026-06-29T00:15:34.393287,moyenne
BJ-967CA5B1,Bétail,Agriculture & Agroalimentaire,Cobly,+229 57 99 32 63,bétail@bétail.net,bétail.bj,PME (50-200),B2B,APIEx,,Actif,2026-06-29T00:15:34.393302,haute
BJ-C78A11C8,Ferme Agro,Agriculture & Agroalimentaire,Cobly,+229 51 51 10 40,,,PME (10-50),B2B,APIEx,,Actif,2026-06-29T00:15:34.393324,basse
BJ-51836492,Pêche Farm,Agriculture & Agroalimentaire,Cobly,+229 25 46 91 14,pêche.farm@pêche.farm.com,,PME (10-50),B2B,APIEx,,Actif,2026-06-29T00:15:34.393335,moyenne
BJ-54E96DB8,Plantation Agro,Agriculture & Agroalimentaire,Tanguiéta,+229 90 29 50 74,plantation.agro@plantation.agro.bj,,PME (10-50),B2B,APIEx,,Actif,2026-06-29T00:15:34.393351,moyenne
BJ-E4566F3C,Plantation Farm Tanguiéta,Agriculture & Agroalimentaire,Tanguiéta,+229 87 20 20 78,plantation.farm.tanguiéta@plantation.farm.tanguiéta.com,plantationfarmtanguiéta.bj,PME (10-50),B2C,APIEx,,Actif,2026-06-29T00:15:34.393364,haute
BJ-E04DC8B0,Agro Fruit Tanguiéta,Agriculture & Agroalimentaire,Tanguiéta,+229 42 29 80 53,,,Grande (>200),B2C,APIEx,,Actif,2026-06-29T00:15:34.393374,basse
BJ-7B01B07E,Production Fruit Plantation,Agriculture & Agroalimentaire,Tanguiéta,+229 56 92 57 41,production.fruit.plantation@production.fruit.plantation.com,productionfruitplantation.bj,TPE (<10),B2C,APIEx,,Actif,2026-06-29T00:15:34.393386,haute
BJ-44551C8A,Pêche,Agriculture & Agroalimentaire,Tanguiéta,+229 20 24 90 21,,,PME (10-50),B2C,APIEx,,Actif,2026-06-29T00:15:34.393396,basse
BJ-1419779A,Alimentaire Agro Matéri,Agriculture & Agroalimentaire,Matéri,+229 35 24 92 88,,,PME (50-200),B2B,APIEx,,Actif,2026-06-29T00:15:34.393411,basse
BJ-FC29EBBD,Légume SARL Matéri,Agriculture & Agroalimentaire,Matéri,+229 83 59 40 71,,,PME (10-50),B2B,APIEx,,Actif,2026-06-29T00:15:34.393424,basse
BJ-098BD9C1,Plantation,Agriculture & Agroalimentaire,Matéri,+229 76 51 94 59,plantation@plantation.benin,,PME (50-200),B2C,APIEx,,Actif,2026-06-29T00:15:34.393436,moyenne
BJ-016A6FF9,Ets Alimentaire Farm,Agriculture & Agroalimentaire,Natitingou,+229 68 56 24 23,,etsalimentairefarm.bj,Grande (>200),B2B,APIEx,,Actif,2026-06-29T00:15:34.393476,moyenne
BJ-DC1D4760,Fruit,Agriculture & Agroalimentaire,Natitingou,+229 65 45 51 74,fruit@fruit.net,fruit.bj,PME (10-50),B2C,APIEx,,Actif,2026-06-29T00:15:34.393504,haute
BJ-B37A3F2F,Ets Fruit Natitingou,Agriculture & Agroalimentaire,Natitingou,+229 81 82 30 44,,etsfruitnatitingou.bj,PME (10-50),B2C,APIEx,,Actif,2026-06-29T00:15:34.393515,moyenne
BJ-916CFAAA,SARL Alimentaire SARL,Agriculture & Agroalimentaire,Natitingou,+229 80 18 45 67,,,PME (50-200),B2B,APIEx,,Actif,2026-06-29T00:15:34.393525,basse
BJ-A00185D7,Industrie Ets,Agriculture & Agroalimentaire,Toucountouna,+229 73 75 73 42,,industrieets.bj,PME (50-200),B2B,APIEx,,Actif,2026-06-29T00:15:34.393541,moyenne
BJ-5865BA62,Légume Plantation,Agriculture & Agroalimentaire,Toucountouna,+229 64 42 20 28,,légumeplantation.bj,PME (50-200),B2B,APIEx,,Actif,2026-06-29T00:15:34.393555,moyenne
BJ-C918D007,Aquaculture,Agriculture & Agroalimentaire,Toucountouna,+229 64 14 53 83,,aquaculture.bj,TPE (<10),B2B,APIEx,,Actif,2026-06-29T00:15:34.393566,moyenne
BJ-FE65AF98,Ferme Céréale,Agriculture & Agroalimentaire,Toucountouna,+229 78 89 86 22,,,PME (10-50),B2C,APIEx,,Actif,2026-06-29T00:15:34.393576,basse
BJ-02D796F7,Agro,Agriculture & Agroalimentaire,Toucountouna,+229 38 92 42 45,,agro.bj,Grande (>200),B2C,APIEx,,Actif,2026-06-29T00:15:34.393585,moyenne
BJ-429255DF,Agro Aquaculture,Agriculture & Agroalimentaire,Boukoumbé,+229 97 77 45 87,agro.aquaculture@agro.aquaculture.org,,PME (10-50),B2C,APIEx,,Actif,2026-06-29T00:15:34.393602,moyenne
BJ-24652C48,Ferme,Agriculture & Agroalimentaire,Boukoumbé,+229 38 12 27 20,ferme@ferme.benin,,PME (50-200),B2C,APIEx,,Actif,2026-06-29T00:15:34.393613,moyenne
BJ-1748155B,Plantation Plantation,Agriculture & Agroalimentaire,Boukoumbé,+229 81 49 17 11,,plantationplantation.bj,PME (50-200),B2B,APIEx,,Actif,2026-06-29T00:15:34.393623,moyenne
BJ-DEE2021A,Transformation Agro,Agriculture & Agroalimentaire,Boukoumbé,+229 43 21 65 67,transformation.agro@transformation.agro.bj,,PME (10-50),B2C,APIEx,,Actif,2026-06-29T00:15:34.393637,moyenne
BJ-6E841DD1,Céréale Boukoumbé,Agriculture & Agroalimentaire,Boukoumbé,+229 76 56 47 44,céréale.boukoumbé@céréale.boukoumbé.org,céréaleboukoumbé.bj,PME (50-200),B2B,APIEx,,Actif,2026-06-29T00:15:34.393659,haute
BJ-C5BE96D9,Pêche Groupe,Agriculture & Agroalimentaire,Kouandé,+229 84 43 28 31,pêche.groupe@pêche.groupe.com,,PME (10-50),B2C,APIEx,,Actif,2026-06-29T00:15:34.393691,moyenne
BJ-2A05BA9D,Ets Bétail,Agriculture & Agroalimentaire,Kouandé,+229 46 57 80 61,ets.bétail@ets.bétail.org,,TPE (<10),B2C,APIEx,,Actif,2026-06-29T00:15:34.393711,moyenne
BJ-26DF26CB,Ferme Bétail Plantation,Agriculture & Agroalimentaire,Kouandé,+229 80 74 81 43,,fermebétailplantation.bj,TPE (<10),B2C,APIEx,,Actif,2026-06-29T00:15:34.393723,moyenne
BJ-CA6570B8,Groupe Élevage,Agriculture & Agroalimentaire,Kouandé,+229 75 66 71 75,groupe.élevage@groupe.élevage.benin,groupeélevage.bj,TPE (<10),B2C,APIEx,,Actif,2026-06-29T00:15:34.393736,haute
BJ-3C2E5C8C,SARL Fruit Groupe,Agriculture & Agroalimentaire,Kouandé,+229 50 65 14 76,,,PME (10-50),B2C,APIEx,,Actif,2026-06-29T00:15:34.393746,basse
BJ-3AE3A820,Production Agro,Agriculture & Agroalimentaire,Péhunco,+229 76 96 65 62,production.agro@production.agro.bj,,PME (50-200),B2B,APIEx,,Actif,2026-06-29T00:15:34.393764,moyenne
BJ-72F25F5B,Production Ferme,Agriculture & Agroalimentaire,Péhunco,+229 85 96 26 54,production.ferme@production.ferme.org,,PME (10-50),B2B,APIEx,,Actif,2026-06-29T00:15:34.393775,moyenne
BJ-877F0FB3,Production Industrie Agro,Agriculture & Agroalimentaire,Péhunco,+229 25 63 50 58,,productionindustrieagro.bj,TPE (<10),B2C,APIEx,,Actif,2026-06-29T00:15:34.393786,moyenne
BJ-277BE16A,SARL Alimentaire Agro Péhunco,Agriculture & Agroalimentaire,Péhunco,+229 75 45 27 53,,,PME (50-200),B2C,APIEx,,Actif,2026-06-29T00:15:34.393796,basse
BJ-8707FA6B,Ferme Agriculture Péhunco,Agriculture & Agroalimentaire,Péhunco,+229 60 22 24 97,,,TPE (<10),B2C,APIEx,,Actif,2026-06-29T00:15:34.393806,basse
BJ-C88C3180,Agriculture SARL Tchaourou,Agriculture & Agroalimentaire,Tchaourou,+229 40 77 70 22,agriculture.sarl.tchaourou@agriculture.sarl.tchaourou.com,,TPE (<10),B2C,APIEx,,Actif,2026-06-29T00:15:34.393854,moyenne
BJ-5AEE6481,Ferme Farm,Agriculture & Agroalimentaire,Tchaourou,+229 28 55 40 20,ferme.farm@ferme.farm.com,fermefarm.bj,TPE (<10),B2C,APIEx,,Actif,2026-06-29T00:15:34.393866,haute
BJ-B361F05C,Agro Ferme Tchaourou,Agriculture & Agroalimentaire,Tchaourou,+229 88 33 52 62,,,PME (50-200),B2B,APIEx,,Actif,2026-06-29T00:15:34.393900,basse
BJ-12289AA8,Ferme Groupe,Agriculture & Agroalimentaire,Nikki,+229 45 93 75 93,,,TPE (<10),B2B,APIEx,,Actif,2026-06-29T00:15:34.393947,basse
BJ-3578F8B4,Pêche,Agriculture & Agroalimentaire,Nikki,+229 58 28 56 71,pêche@pêche.org,,PME (10-50),B2B,APIEx,,Actif,2026-06-29T00:15:34.393972,moyenne
BJ-4EF0E478,Ferme Ets,Agriculture & Agroalimentaire,Nikki,+229 51 98 26 63,,,PME (10-50),B2B,APIEx,,Actif,2026-06-29T00:15:34.393982,basse
BJ-5A01D7A9,Agriculture,Agriculture & Agroalimentaire,Bembéréké,+229 60 30 78 97,agriculture@agriculture.bj,,Grande (>200),B2C,APIEx,,Actif,2026-06-29T00:15:34.394009,moyenne
BJ-C52BA8A9,Agro Pêche,Agriculture & Agroalimentaire,Bembéréké,+229 57 22 42 68,,agropêche.bj,PME (50-200),B2B,APIEx,,Actif,2026-06-29T00:15:34.394022,moyenne
BJ-16734A55,Agro,Agriculture & Agroalimentaire,Bembéréké,+229 39 37 86 84,agro@agro.net,,PME (10-50),B2C,APIEx,,Actif,2026-06-29T00:15:34.394034,moyenne
BJ-05F6AEE8,Ferme Agriculture Groupe,Agriculture & Agroalimentaire,Bembéréké,+229 73 58 98 59,ferme.agriculture.groupe@ferme.agriculture.groupe.benin,,PME (50-200),B2C,APIEx,,Actif,2026-06-29T00:15:34.394046,moyenne
BJ-55966A80,Ferme Ferme,Agriculture & Agroalimentaire,Bembéréké,+229 52 36 97 32,ferme.ferme@ferme.ferme.net,fermeferme.bj,PME (10-50),B2C,APIEx,,Actif,2026-06-29T00:15:34.394057,haute
BJ-F1A17F3F,Ferme Céréale Kalalé,Agriculture & Agroalimentaire,Kalalé,+229 96 68 66 89,ferme.céréale.kalalé@ferme.céréale.kalalé.net,fermecéréalekalalé.bj,PME (50-200),B2B,APIEx,,Actif,2026-06-29T00:15:34.394075,haute
BJ-2CB78DC7,Fruit Kalalé,Agriculture & Agroalimentaire,Kalalé,+229 61 10 26 67,,,TPE (<10),B2C,APIEx,,Actif,2026-06-29T00:15:34.394086,basse
BJ-F0617D96,Production Agro,Agriculture & Agroalimentaire,Kalalé,+229 27 75 33 25,,productionagro.bj,PME (50-200),B2B,APIEx,,Actif,2026-06-29T00:15:34.394097,moyenne
BJ-1BF7737D,Céréale Farm Kalalé,Agriculture & Agroalimentaire,Kalalé,+229 30 61 47 98,,,TPE (<10),B2C,APIEx,,Actif,2026-06-29T00:15:34.394107,basse
BJ-8F1AE817,Industrie Plantation,Agriculture & Agroalimentaire,Kalalé,+229 63 51 66 74,,,TPE (<10),B2B,APIEx,,Actif,2026-06-29T00:15:34.394117,basse
BJ-66629282,Ferme Ndali,Agriculture & Agroalimentaire,Ndali,+229 36 66 27 74,ferme.ndali@ferme.ndali.org,,PME (50-200),B2C,APIEx,,Actif,2026-06-29T00:15:34.394133,moyenne
BJ-5C203A4F,Agro Plantation,Agriculture & Agroalimentaire,Ndali,+229 41 40 78 81,,,TPE (<10),B2C,APIEx,,Actif,2026-06-29T00:15:34.394156,basse
BJ-F2679685,Industrie Ets Ndali,Agriculture & Agroalimentaire,Ndali,+229 64 45 76 56,industrie.ets.ndali@industrie.ets.ndali.bj,,Grande (>200),B2C,APIEx,,Actif,2026-06-29T00:15:34.394170,moyenne
BJ-1E7D387E,Production Bétail,Agriculture & Agroalimentaire,Ndali,+229 50 33 61 26,production.bétail@production.bétail.com,,PME (50-200),B2C,APIEx,,Actif,2026-06-29T00:15:34.394182,moyenne
BJ-2FCCA822,Production Plantation Bénin,Agriculture & Agroalimentaire,Ségbana,+229 66 69 40 67,production.plantation.bénin@production.plantation.bénin.com,productionplantationbénin.bj,TPE (<10),B2C,APIEx,,Actif,2026-06-29T00:15:34.394212,haute
BJ-3FD5F7FF,Agro,Agriculture & Agroalimentaire,Ségbana,+229 73 37 19 36,,agro.bj,TPE (<10),B2B,APIEx,,Actif,2026-06-29T00:15:34.394223,moyenne
BJ-59A3EE62,Groupe Industrie SARL,Agriculture & Agroalimentaire,Ségbana,+229 47 75 38 16,,groupeindustriesarl.bj,TPE (<10),B2C,APIEx,,Actif,2026-06-29T00:15:34.394245,moyenne
BJ-59C21E86,SARL Agro Farm,Agriculture & Agroalimentaire,Tchaourou,+229 33 91 54 77,sarl.agro.farm@sarl.agro.farm.bj,sarlagrofarm.bj,PME (10-50),B2C,APIEx,,Actif,2026-06-29T00:15:34.394261,haute
BJ-641CA251,SARL Agriculture,Agriculture & Agroalimentaire,Tchaourou,+229 42 70 11 45,sarl.agriculture@sarl.agriculture.net,sarlagriculture.bj,PME (10-50),B2C,APIEx,,Actif,2026-06-29T00:15:34.394277,haute
BJ-2B2650B1,Plantation Plantation Ets,Agriculture & Agroalimentaire,Tchaourou,+229 92 78 76 96,,,Grande (>200),B2B,APIEx,,Actif,2026-06-29T00:15:34.394288,basse
BJ-58327097,Bétail Farm,Agriculture & Agroalimentaire,Tchaourou,+229 81 98 97 54,,bétailfarm.bj,PME (10-50),B2B,APIEx,,Actif,2026-06-29T00:15:34.394314,moyenne
BJ-F00CFFF0,Céréale Africa,Agriculture & Agroalimentaire,Bétérou,+229 24 33 30 27,,,TPE (<10),B2B,APIEx,,Actif,2026-06-29T00:15:34.394330,basse
BJ-08A7B2BB,Fruit,Agriculture & Agroalimentaire,Bétérou,+229 77 30 67 37,fruit@fruit.net,,Grande (>200),B2B,APIEx,,Actif,2026-06-29T00:15:34.394341,moyenne
BJ-F68528D7,Plantation,Agriculture & Agroalimentaire,Bétérou,+229 21 88 46 18,,,TPE (<10),B2B,APIEx,,Actif,2026-06-29T00:15:34.394377,basse
BJ-0C16AB41,Groupe Céréale Agro Ouessè,Agriculture & Agroalimentaire,Ouessè,+229 48 61 85 54,,groupecéréaleagroouessè.bj,PME (50-200),B2C,APIEx,,Actif,2026-06-29T00:15:34.394394,moyenne
BJ-633D0D11,Légume Ets Ouessè,Agriculture & Agroalimentaire,Ouessè,+229 95 11 57 33,,,Grande (>200),B2C,APIEx,,Actif,2026-06-29T00:15:34.394407,basse
BJ-EBE7E53C,Production Élevage,Agriculture & Agroalimentaire,Ouessè,+229 31 71 96 29,production.élevage@production.élevage.net,productionélevage.bj,PME (50-200),B2C,APIEx,,Actif,2026-06-29T00:15:34.394420,haute
BJ-CBB6D58F,Agro Agriculture,Agriculture & Agroalimentaire,Ouessè,+229 94 65 89 21,,,TPE (<10),B2B,APIEx,,Actif,2026-06-29T00:15:34.394429,basse
BJ-DA1E0C61,Production Ferme,Agriculture & Agroalimentaire,Ouessè,+229 93 11 78 90,production.ferme@production.ferme.org,productionferme.bj,PME (50-200),B2C,APIEx,,Actif,2026-06-29T00:15:34.394441,haute
BJ-5324EB07,Aquaculture Bénin,Agriculture & Agroalimentaire,Glazoué,+229 64 16 77 35,aquaculture.bénin@aquaculture.bénin.net,,PME (10-50),B2C,APIEx,,Actif,2026-06-29T00:15:34.394457,moyenne
BJ-A81B1D91,Production Céréale Farm,Agriculture & Agroalimentaire,Glazoué,+229 25 39 78 89,,productioncéréalefarm.bj,PME (10-50),B2B,APIEx,,Actif,2026-06-29T00:15:34.394480,moyenne
BJ-87B09EE1,SARL Légume SARL,Agriculture & Agroalimentaire,Dassa-Zoumè,+229 50 83 35 92,sarl.légume.sarl@sarl.légume.sarl.com,,PME (10-50),B2C,APIEx,,Actif,2026-06-29T00:15:34.394532,moyenne
BJ-C3CD5BBD,Ferme Transformation Africa,Agriculture & Agroalimentaire,Dassa-Zoumè,+229 78 79 71 89,ferme.transformation.africa@ferme.transformation.africa.benin,,PME (10-50),B2B,APIEx,,Actif,2026-06-29T00:15:34.394565,moyenne
BJ-ABFBD10A,Plantation Agro,Agriculture & Agroalimentaire,Savalou,+229 39 15 96 12,plantation.agro@plantation.agro.org,,Grande (>200),B2C,APIEx,,Actif,2026-06-29T00:15:34.394584,moyenne
BJ-C48BF3D4,Production Céréale Ets,Agriculture & Agroalimentaire,Savalou,+229 86 16 52 34,production.céréale.ets@production.céréale.ets.bj,productioncéréaleets.bj,TPE (<10),B2B,APIEx,,Actif,2026-06-29T00:15:34.394596,haute
BJ-A202B3C2,Plantation Bétail Agro,Agriculture & Agroalimentaire,Savalou,+229 34 11 19 70,plantation.bétail.agro@plantation.bétail.agro.org,,Grande (>200),B2B,APIEx,,Actif,2026-06-29T00:15:34.394632,moyenne
BJ-884F0F9C,Agriculture Bénin,Agriculture & Agroalimentaire,Bantè,+229 64 16 81 36,agriculture.bénin@agriculture.bénin.org,,PME (50-200),B2B,APIEx,,Actif,2026-06-29T00:15:34.394663,moyenne
BJ-4FF075D6,Agro Industrie,Agriculture & Agroalimentaire,Bantè,+229 57 74 99 18,agro.industrie@agro.industrie.benin,,Grande (>200),B2B,APIEx,,Actif,2026-06-29T00:15:34.394675,moyenne
BJ-C96CF009,Transformation Africa,Agriculture & Agroalimentaire,Bantè,+229 52 73 60 34,,,PME (10-50),B2C,APIEx,,Actif,2026-06-29T00:15:34.394684,basse
BJ-DA5B3A0B,Fruit Africa,Agriculture & Agroalimentaire,Bantè,+229 39 16 20 32,fruit.africa@fruit.africa.net,fruitafrica.bj,PME (10-50),B2C,APIEx,,Actif,2026-06-29T00:15:34.394696,haute
BJ-3129E255,SARL Agriculture Djougou,Agriculture & Agroalimentaire,Djougou,+229 70 44 11 66,sarl.agriculture.djougou@sarl.agriculture.djougou.net,,PME (10-50),B2C,APIEx,,Actif,2026-06-29T00:15:34.394712,moyenne
BJ-CD8DA746,Céréale Ets Djougou,Agriculture & Agroalimentaire,Djougou,+229 31 56 25 85,,,TPE (<10),B2C,APIEx,,Actif,2026-06-29T00:15:34.394734,basse
BJ-B1D3C7BA,Groupe Pêche,Agriculture & Agroalimentaire,Djougou,+229 27 45 59 28,groupe.pêche@groupe.pêche.bj,,TPE (<10),B2B,APIEx,,Actif,2026-06-29T00:15:34.394755,moyenne
BJ-B6B42C4F,SARL Élevage,Agriculture & Agroalimentaire,Djougou,+229 49 63 56 95,,,PME (10-50),B2B,APIEx,,Actif,2026-06-29T00:15:34.394797,basse
BJ-4CB8BA3D,Ferme Bétail Djougou,Agriculture & Agroalimentaire,Djougou,+229 70 83 82 19,,,TPE (<10),B2B,APIEx,,Actif,2026-06-29T00:15:34.394822,basse
BJ-54BDF78E,Groupe Aquaculture,Agriculture & Agroalimentaire,Ouèssè,+229 50 79 96 70,groupe.aquaculture@groupe.aquaculture.net,,TPE (<10),B2B,APIEx,,Actif,2026-06-29T00:15:34.394862,moyenne
BJ-B2DB9A0A,Agro,Agriculture & Agroalimentaire,Ouèssè,+229 57 87 82 12,agro@agro.com,,PME (50-200),B2C,APIEx,,Actif,2026-06-29T00:15:34.394961,moyenne
BJ-A0A8DF99,Agriculture Africa,Agriculture & Agroalimentaire,Ouèssè,+229 44 36 41 21,,,PME (50-200),B2B,APIEx,,Actif,2026-06-29T00:15:34.394972,basse
BJ-2759BE14,Ets Agro Groupe,Agriculture & Agroalimentaire,Ouèssè,+229 39 65 96 40,,etsagrogroupe.bj,PME (10-50),B2B,APIEx,,Actif,2026-06-29T00:15:34.394984,moyenne
BJ-C1E02D81,Transformation Farm,Agriculture & Agroalimentaire,Bassila,+229 62 46 74 50,transformation.farm@transformation.farm.org,transformationfarm.bj,PME (10-50),B2B,APIEx,,Actif,2026-06-29T00:15:34.395003,haute
BJ-0EFDA42F,Ferme Agriculture Groupe Bassila,Agriculture & Agroalimentaire,Bassila,+229 78 56 29 69,ferme.agriculture.groupe.bassila@ferme.agriculture.groupe.bassila.benin,,PME (50-200),B2B,APIEx,,Actif,2026-06-29T00:15:34.395016,moyenne
BJ-1019C655,Agro Aquaculture Groupe,Agriculture & Agroalimentaire,Bassila,+229 53 60 64 49,agro.aquaculture.groupe@agro.aquaculture.groupe.bj,agroaquaculturegroupe.bj,PME (10-50),B2C,APIEx,,Actif,2026-06-29T00:15:34.395028,haute
BJ-1F1C9A20,Industrie SARL,Agriculture & Agroalimentaire,Bassila,+229 90 98 56 32,,industriesarl.bj,TPE (<10),B2C,APIEx,,Actif,2026-06-29T00:15:34.395039,moyenne
BJ-3A92774D,SARL Alimentaire,Agriculture & Agroalimentaire,Bassila,+229 63 62 22 64,,,TPE (<10),B2B,APIEx,,Actif,2026-06-29T00:15:34.395048,basse
BJ-FBB90DCD,Groupe Légume,Agriculture & Agroalimentaire,Pehunco,+229 30 61 65 79,,groupelégume.bj,Grande (>200),B2C,APIEx,,Actif,2026-06-29T00:15:34.395065,moyenne
BJ-1501ED14,Ets Agro,Agriculture & Agroalimentaire,Pehunco,+229 71 81 93 15,ets.agro@ets.agro.bj,,PME (10-50),B2C,APIEx,,Actif,2026-06-29T00:15:34.395080,moyenne
BJ-BBFB3262,Plantation SARL,Agriculture & Agroalimentaire,Pehunco,+229 45 51 52 50,,,TPE (<10),B2B,APIEx,,Actif,2026-06-29T00:15:34.395090,basse
BJ-04559B01,Industrie Pehunco,Agriculture & Agroalimentaire,Pehunco,+229 23 55 69 18,,,TPE (<10),B2C,APIEx,,Actif,2026-06-29T00:15:34.395100,basse
BJ-8F132325,Agro Légume Farm,Agriculture & Agroalimentaire,Copargo,+229 99 35 66 99,agro.légume.farm@agro.légume.farm.net,agrolégumefarm.bj,PME (10-50),B2B,APIEx,,Actif,2026-06-29T00:15:34.395132,haute
BJ-2ECF9E92,Bétail Bénin,Agriculture & Agroalimentaire,Copargo,+229 83 69 95 64,,,PME (10-50),B2B,APIEx,,Actif,2026-06-29T00:15:34.395145,basse
BJ-E648F380,Industrie Agro,Agriculture & Agroalimentaire,Copargo,+229 29 51 18 86,industrie.agro@industrie.agro.com,,Grande (>200),B2C,APIEx,,Actif,2026-06-29T00:15:34.395182,moyenne
BJ-A8B4A99F,École National,Éducation & Formation,Cotonou,+229 58 60 30 62,école.national@école.national.benin,écolenational.bj,Grande (>200),B2B,APIEx,,Actif,2026-06-29T00:15:34.395201,haute
BJ-B60FEFC1,École Excellence Lycée,Éducation & Formation,Cotonou,+229 39 63 30 19,école.excellence.lycée@école.excellence.lycée.com,écoleexcellencelycée.bj,Grande (>200),B2C,APIEx,,Actif,2026-06-29T00:15:34.395217,haute
BJ-57D422E4,Centre Catholique Lycée,Éducation & Formation,Cotonou,+229 45 39 36 49,centre.catholique.lycée@centre.catholique.lycée.com,centrecatholiquelycée.bj,TPE (<10),B2C,APIEx,,Actif,2026-06-29T00:15:34.395231,haute
BJ-E6DA35E8,Public École,Éducation & Formation,Cotonou,+229 77 69 94 90,public.école@public.école.bj,publicécole.bj,PME (10-50),B2B,APIEx,,Actif,2026-06-29T00:15:34.395254,haute
BJ-CB579AC3,Liberté,Éducation & Formation,Abomey-Calavi,+229 36 49 25 27,,liberté.bj,PME (50-200),B2C,APIEx,,Actif,2026-06-29T00:15:34.395271,moyenne
BJ-07064649,Connaissance Academy Abomey-Calavi,Éducation & Formation,Abomey-Calavi,+229 73 54 49 88,,,PME (50-200),B2C,APIEx,,Actif,2026-06-29T00:15:34.395282,basse
BJ-FDC43110,Institut Développement,Éducation & Formation,Abomey-Calavi,+229 22 17 25 49,institut.développement@institut.développement.com,institutdéveloppement.bj,PME (10-50),B2C,APIEx,,Actif,2026-06-29T00:15:34.395306,haute
BJ-7676D0C7,Centre Catholique,Éducation & Formation,Abomey-Calavi,+229 81 43 63 33,,,Grande (>200),B2C,APIEx,,Actif,2026-06-29T00:15:34.395316,basse
BJ-563AA3A2,Institut Développement,Éducation & Formation,Porto-Novo,+229 44 61 88 70,institut.développement@institut.développement.bj,institutdéveloppement.bj,Grande (>200),B2B,APIEx,,Actif,2026-06-29T00:15:34.395333,haute
BJ-6F5C53D6,Collège Privé,Éducation & Formation,Porto-Novo,+229 89 48 53 87,,collègeprivé.bj,PME (10-50),B2B,APIEx,,Actif,2026-06-29T00:15:34.395360,moyenne
BJ-886479E7,Lycée Excellence Bénin,Éducation & Formation,Porto-Novo,+229 72 80 74 72,lycée.excellence.bénin@lycée.excellence.bénin.bj,lycéeexcellencebénin.bj,PME (50-200),B2C,APIEx,,Actif,2026-06-29T00:15:34.395372,haute
BJ-E3E03F6E,International School,Éducation & Formation,Porto-Novo,+229 97 19 99 49,international.school@international.school.org,internationalschool.bj,PME (10-50),B2B,APIEx,,Actif,2026-06-29T00:15:34.395384,haute
BJ-3F50D8CD,Institut Savoir Lycée,Éducation & Formation,Parakou,+229 90 89 46 95,institut.savoir.lycée@institut.savoir.lycée.org,institutsavoirlycée.bj,PME (10-50),B2C,APIEx,,Actif,2026-06-29T00:15:34.395417,haute
BJ-F1B0AE70,Académie Protestant School,Éducation & Formation,Parakou,+229 99 78 42 30,académie.protestant.school@académie.protestant.school.bj,,TPE (<10),B2B,APIEx,,Actif,2026-06-29T00:15:34.395429,moyenne
BJ-05C94161,Université Développement Parakou,Éducation & Formation,Parakou,+229 26 77 32 27,,universitédéveloppementparakou.bj,PME (50-200),B2C,APIEx,,Actif,2026-06-29T00:15:34.395451,moyenne
BJ-67417A6A,Institut Formation College,Éducation & Formation,Bohicon,+229 71 14 36 43,,,TPE (<10),B2C,APIEx,,Actif,2026-06-29T00:15:34.395468,basse
BJ-809C57C7,Protestant,Éducation & Formation,Bohicon,+229 50 39 39 38,protestant@protestant.com,,PME (50-200),B2C,APIEx,,Actif,2026-06-29T00:15:34.395485,moyenne
BJ-A4160DC7,Université Savoir University,Éducation & Formation,Bohicon,+229 32 37 24 87,université.savoir.university@université.savoir.university.benin,universitésavoiruniversity.bj,TPE (<10),B2C,APIEx,,Actif,2026-06-29T00:15:34.395525,haute
BJ-97A54EC0,National Academy,Éducation & Formation,Natitingou,+229 22 61 51 70,,,PME (10-50),B2B,APIEx,,Actif,2026-06-29T00:15:34.395541,basse
BJ-2CD86AAD,Collège Liberté University,Éducation & Formation,Natitingou,+229 25 48 49 68,collège.liberté.university@collège.liberté.university.net,collègelibertéuniversity.bj,TPE (<10),B2B,APIEx,,Actif,2026-06-29T00:15:34.395554,haute
BJ-C7B7C03E,Collège Savoir Institute,Éducation & Formation,Lokossa,+229 70 64 83 98,collège.savoir.institute@collège.savoir.institute.benin,collègesavoirinstitute.bj,TPE (<10),B2C,APIEx,,Actif,2026-06-29T00:15:34.395606,haute
BJ-FFB5BABF,École International,Éducation & Formation,Lokossa,+229 59 83 79 45,,écoleinternational.bj,Grande (>200),B2C,APIEx,,Actif,2026-06-29T00:15:34.395620,moyenne
BJ-0D4C58CA,Privé Academy,Éducation & Formation,Lokossa,+229 60 24 66 74,privé.academy@privé.academy.net,privéacademy.bj,PME (10-50),B2C,APIEx,,Actif,2026-06-29T00:15:34.395633,haute
BJ-24B80732,Collège Public,Éducation & Formation,Lokossa,+229 88 88 29 29,collège.public@collège.public.benin,,Grande (>200),B2C,APIEx,,Actif,2026-06-29T00:15:34.395647,moyenne
BJ-CA868C0E,Académie Éducation University,Éducation & Formation,Lokossa,+229 29 40 90 85,académie.éducation.university@académie.éducation.university.benin,académieéducationuniversity.bj,TPE (<10),B2B,APIEx,,Actif,2026-06-29T00:15:34.395660,haute
BJ-F1110564,Université Excellence,Éducation & Formation,Ouidah,+229 31 55 18 11,université.excellence@université.excellence.com,,PME (50-200),B2B,APIEx,,Actif,2026-06-29T00:15:34.395689,moyenne
BJ-E8469EBD,Formation College,Éducation & Formation,Ouidah,+229 42 30 69 83,formation.college@formation.college.benin,formationcollege.bj,TPE (<10),B2C,APIEx,,Actif,2026-06-29T00:15:34.395700,haute
BJ-EFF7C301,Centre Éducation,Éducation & Formation,Ouidah,+229 33 59 97 33,centre.éducation@centre.éducation.net,centreéducation.bj,PME (50-200),B2B,APIEx,,Actif,2026-06-29T00:15:34.395712,haute
BJ-A81CC770,Institut National Institute Ouidah,Éducation & Formation,Ouidah,+229 44 17 32 25,institut.national.institute.ouidah@institut.national.institute.ouidah.org,institutnationalinstituteouidah.bj,PME (10-50),B2C,APIEx,,Actif,2026-06-29T00:15:34.395724,haute
BJ-2D68E73C,Institut Liberté University,Éducation & Formation,Savalou,+229 46 98 42 80,institut.liberté.university@institut.liberté.university.bj,,TPE (<10),B2B,APIEx,,Actif,2026-06-29T00:15:34.395741,moyenne
BJ-8ABB4CB3,École Connaissance École,Éducation & Formation,Savalou,+229 85 71 77 90,école.connaissance.école@école.connaissance.école.bj,écoleconnaissanceécole.bj,TPE (<10),B2B,APIEx,,Actif,2026-06-29T00:15:34.395769,haute
BJ-A7F74342,Développement Institute Savalou,Éducation & Formation,Savalou,+229 99 63 26 97,développement.institute.savalou@développement.institute.savalou.bj,développementinstitutesavalou.bj,PME (10-50),B2B,APIEx,,Actif,2026-06-29T00:15:34.395782,haute
BJ-F760A3CF,Privé Savalou,Éducation & Formation,Savalou,+229 21 59 27 50,privé.savalou@privé.savalou.org,privésavalou.bj,Grande (>200),B2C,APIEx,,Actif,2026-06-29T00:15:34.395793,haute
BJ-D6C471C8,Université Protestant Academy Dassa-Zoumè,Éducation & Formation,Dassa-Zoumè,+229 77 58 60 49,,universitéprotestantacademydassazoumè.bj,Grande (>200),B2B,APIEx,,Actif,2026-06-29T00:15:34.395839,moyenne
BJ-EAF152D2,Académie Privé École,Éducation & Formation,Dassa-Zoumè,+229 22 75 55 94,académie.privé.école@académie.privé.école.benin,,TPE (<10),B2B,APIEx,,Actif,2026-06-29T00:15:34.395956,moyenne
BJ-C638F45C,Collège Excellence College,Éducation & Formation,Kétou,+229 52 95 69 72,,collègeexcellencecollege.bj,PME (10-50),B2C,APIEx,,Actif,2026-06-29T00:15:34.396006,moyenne
BJ-D0C9F8E7,École Apprentissage University Kétou,Éducation & Formation,Kétou,+229 59 42 43 17,école.apprentissage.university.kétou@école.apprentissage.university.kétou.org,écoleapprentissageuniversitykétou.bj,TPE (<10),B2C,APIEx,,Actif,2026-06-29T00:15:34.396020,haute
BJ-4E32E849,Public College,Éducation & Formation,Kétou,+229 27 16 26 68,public.college@public.college.com,,PME (50-200),B2C,APIEx,,Actif,2026-06-29T00:15:34.396031,moyenne
BJ-C45EDE4C,École Protestant,Éducation & Formation,Covè,+229 55 81 34 50,,,PME (50-200),B2B,APIEx,,Actif,2026-06-29T00:15:34.396048,basse
BJ-88FC6C5B,Connaissance,Éducation & Formation,Covè,+229 50 62 26 64,,connaissance.bj,TPE (<10),B2B,APIEx,,Actif,2026-06-29T00:15:34.396059,moyenne
BJ-8D84240D,Lycée Excellence School,Éducation & Formation,Covè,+229 32 70 42 86,lycée.excellence.school@lycée.excellence.school.com,lycéeexcellenceschool.bj,PME (10-50),B2C,APIEx,,Actif,2026-06-29T00:15:34.396071,haute
BJ-0C516FB9,Collège Formation Institute,Éducation & Formation,Covè,+229 52 93 86 47,collège.formation.institute@collège.formation.institute.org,collègeformationinstitute.bj,PME (10-50),B2C,APIEx,,Actif,2026-06-29T00:15:34.396094,haute
BJ-AE3EE524,Connaissance,Éducation & Formation,Pobè,+229 85 76 41 20,connaissance@connaissance.bj,,PME (10-50),B2C,APIEx,,Actif,2026-06-29T00:15:34.396111,moyenne
BJ-BFED097C,Développement Academy,Éducation & Formation,Pobè,+229 84 91 20 72,développement.academy@développement.academy.bj,développementacademy.bj,TPE (<10),B2C,APIEx,,Actif,2026-06-29T00:15:34.396126,haute
BJ-25C5F7F1,Centre Liberté,Éducation & Formation,Pobè,+229 28 88 86 23,centre.liberté@centre.liberté.net,,TPE (<10),B2C,APIEx,,Actif,2026-06-29T00:15:34.396138,moyenne
BJ-77F0087A,Liberté College Pobè,Éducation & Formation,Pobè,+229 57 45 33 90,,libertécollegepobè.bj,Grande (>200),B2B,APIEx,,Actif,2026-06-29T00:15:34.396149,moyenne
BJ-1A56B5A9,Développement Bénin,Éducation & Formation,Pobè,+229 33 81 86 47,développement.bénin@développement.bénin.bj,développementbénin.bj,Grande (>200),B2C,APIEx,,Actif,2026-06-29T00:15:34.396162,haute
BJ-211FC35D,Centre Catholique,Éducation & Formation,Sakété,+229 22 58 14 78,centre.catholique@centre.catholique.org,,PME (10-50),B2B,APIEx,,Actif,2026-06-29T00:15:34.396179,moyenne
BJ-EE8B1498,Lycée Apprentissage,Éducation & Formation,Sakété,+229 51 13 47 56,lycée.apprentissage@lycée.apprentissage.bj,lycéeapprentissage.bj,PME (10-50),B2B,APIEx,,Actif,2026-06-29T00:15:34.396191,haute
BJ-DF0B936C,Centre Excellence,Éducation & Formation,Sakété,+229 79 92 15 82,centre.excellence@centre.excellence.net,centreexcellence.bj,TPE (<10),B2C,APIEx,,Actif,2026-06-29T00:15:34.396202,haute
BJ-6FE5F5FD,Académie Excellence,Éducation & Formation,Sakété,+229 78 52 69 83,académie.excellence@académie.excellence.benin,académieexcellence.bj,PME (50-200),B2B,APIEx,,Actif,2026-06-29T00:15:34.396217,haute
BJ-D26ABC44,Savoir Sakété,Éducation & Formation,Sakété,+229 49 46 72 13,,savoirsakété.bj,Grande (>200),B2B,APIEx,,Actif,2026-06-29T00:15:34.396231,moyenne
BJ-0E3CA2D4,Public Academy,Éducation & Formation,Adjara,+229 57 97 90 31,public.academy@public.academy.org,,PME (50-200),B2C,APIEx,,Actif,2026-06-29T00:15:34.396263,moyenne
BJ-A2A32AC2,Académie Savoir,Éducation & Formation,Adjara,+229 22 16 11 76,académie.savoir@académie.savoir.com,,TPE (<10),B2C,APIEx,,Actif,2026-06-29T00:15:34.396275,moyenne
BJ-6E29E2D2,Université Catholique,Éducation & Formation,Adjara,+229 38 47 86 90,université.catholique@université.catholique.org,,PME (10-50),B2B,APIEx,,Actif,2026-06-29T00:15:34.396289,moyenne
BJ-9AD0A4AE,Connaissance Adjara,Éducation & Formation,Adjara,+229 82 61 57 33,connaissance.adjara@connaissance.adjara.benin,connaissanceadjara.bj,TPE (<10),B2B,APIEx,,Actif,2026-06-29T00:15:34.396301,haute
BJ-9B52EF2F,Éducation Institute Allada,Éducation & Formation,Allada,+229 82 84 85 58,,,PME (50-200),B2B,APIEx,,Actif,2026-06-29T00:15:34.396318,basse
BJ-316276B1,Institut Apprentissage,Éducation & Formation,Allada,+229 34 67 47 66,,institutapprentissage.bj,PME (10-50),B2C,APIEx,,Actif,2026-06-29T00:15:34.396340,moyenne
BJ-3205D15F,Privé College,Éducation & Formation,Allada,+229 98 17 70 42,,privécollege.bj,PME (10-50),B2B,APIEx,,Actif,2026-06-29T00:15:34.396351,moyenne
BJ-2F50617E,École Apprentissage Academy,Éducation & Formation,Allada,+229 70 11 47 98,école.apprentissage.academy@école.apprentissage.academy.net,écoleapprentissageacademy.bj,TPE (<10),B2B,APIEx,,Actif,2026-06-29T00:15:34.396381,haute
BJ-32BEAD0A,Protestant College Aplahoué,Éducation & Formation,Aplahoué,+229 65 72 62 45,,protestantcollegeaplahoué.bj,PME (10-50),B2C,APIEx,,Actif,2026-06-29T00:15:34.396427,moyenne
BJ-F34F36F5,Institut Public Academy,Éducation & Formation,Aplahoué,+229 88 92 73 92,,institutpublicacademy.bj,TPE (<10),B2B,APIEx,,Actif,2026-06-29T00:15:34.396439,moyenne
BJ-E9B3036F,École Développement University,Éducation & Formation,Aplahoué,+229 92 13 47 96,école.développement.university@école.développement.university.org,écoledéveloppementuniversity.bj,PME (10-50),B2B,APIEx,,Actif,2026-06-29T00:15:34.396464,haute
BJ-5EBAD479,Centre Formation,Éducation & Formation,Dogbo-Tota,+229 49 29 55 18,centre.formation@centre.formation.net,,TPE (<10),B2B,APIEx,,Actif,2026-06-29T00:15:34.396498,moyenne
BJ-89A739F3,École Apprentissage,Éducation & Formation,Dogbo-Tota,+229 94 58 53 40,école.apprentissage@école.apprentissage.net,écoleapprentissage.bj,PME (50-200),B2C,APIEx,,Actif,2026-06-29T00:15:34.396510,haute
BJ-314C0264,Apprentissage School Dogbo-Tota,Éducation & Formation,Dogbo-Tota,+229 84 95 98 63,apprentissage.school.dogbotota@apprentissage.school.dogbotota.benin,,TPE (<10),B2C,APIEx,,Actif,2026-06-29T00:15:34.396538,moyenne
BJ-8112AF1A,Catholique,Éducation & Formation,Dogbo-Tota,+229 67 20 86 84,catholique@catholique.com,catholique.bj,TPE (<10),B2C,APIEx,,Actif,2026-06-29T00:15:34.396560,haute
BJ-F22B74E8,Connaissance University,Éducation & Formation,Kpomassè,+229 91 25 55 75,connaissance.university@connaissance.university.net,connaissanceuniversity.bj,PME (10-50),B2B,APIEx,,Actif,2026-06-29T00:15:34.396596,haute
BJ-9BF37E01,Lycée Connaissance,Éducation & Formation,Kpomassè,+229 87 28 65 59,lycée.connaissance@lycée.connaissance.benin,lycéeconnaissance.bj,PME (50-200),B2B,APIEx,,Actif,2026-06-29T00:15:34.396616,haute
BJ-928FB4CD,Lycée Public,Éducation & Formation,Kpomassè,+229 45 45 22 55,lycée.public@lycée.public.benin,lycéepublic.bj,PME (10-50),B2C,APIEx,,Actif,2026-06-29T00:15:34.396642,haute
BJ-FADBB73E,Savoir Institute,Éducation & Formation,Tori-Bossito,+229 74 81 33 70,savoir.institute@savoir.institute.com,savoirinstitute.bj,TPE (<10),B2C,APIEx,,Actif,2026-06-29T00:15:34.396691,haute
BJ-D2AA2FF3,Public École Tori-Bossito,Éducation & Formation,Tori-Bossito,+229 75 24 91 96,,publicécoletoribossito.bj,TPE (<10),B2C,APIEx,,Actif,2026-06-29T00:15:34.396703,moyenne
BJ-C3A7A991,Catholique College,Éducation & Formation,Tori-Bossito,+229 68 19 60 28,catholique.college@catholique.college.org,catholiquecollege.bj,TPE (<10),B2C,APIEx,,Actif,2026-06-29T00:15:34.396716,haute
BJ-BC8985DB,Institut Privé,Éducation & Formation,Tori-Bossito,+229 24 50 39 87,,institutprivé.bj,PME (50-200),B2C,APIEx,,Actif,2026-06-29T00:15:34.396727,moyenne
BJ-C06B47CB,Académie Protestant Lycée,Éducation & Formation,Tori-Bossito,+229 48 68 42 79,académie.protestant.lycée@académie.protestant.lycée.org,,PME (50-200),B2C,APIEx,,Actif,2026-06-29T00:15:34.396739,moyenne
BJ-5E50ECB6,National École,Éducation & Formation,Grand-Popo,+229 86 99 60 28,national.école@national.école.com,nationalécole.bj,TPE (<10),B2B,APIEx,,Actif,2026-06-29T00:15:34.396757,haute
BJ-A312241E,Apprentissage College,Éducation & Formation,Grand-Popo,+229 75 39 50 55,apprentissage.college@apprentissage.college.bj,apprentissagecollege.bj,Grande (>200),B2C,APIEx,,Actif,2026-06-29T00:15:34.396772,haute
BJ-4DA8F1B8,Institut Public University Grand-Popo,Éducation & Formation,Grand-Popo,+229 26 66 85 73,institut.public.university.grandpopo@institut.public.university.grandpopo.com,institutpublicuniversitygrandpopo.bj,PME (50-200),B2B,APIEx,,Actif,2026-06-29T00:15:34.396788,haute
BJ-02B716D1,Académie Savoir,Éducation & Formation,Grand-Popo,+229 75 47 52 73,,académiesavoir.bj,PME (10-50),B2B,APIEx,,Actif,2026-06-29T00:15:34.396800,moyenne
BJ-4F5F3885,École Public Bénin,Éducation & Formation,Athiémé,+229 68 82 91 39,école.public.bénin@école.public.bénin.net,écolepublicbénin.bj,TPE (<10),B2C,APIEx,,Actif,2026-06-29T00:15:34.396829,haute
BJ-BDAB1C69,Éducation Athiémé,Éducation & Formation,Athiémé,+229 73 20 63 94,éducation.athiémé@éducation.athiémé.com,,Grande (>200),B2B,APIEx,,Actif,2026-06-29T00:15:34.396841,moyenne
BJ-08EBDB64,Centre Protestant School,Éducation & Formation,Athiémé,+229 47 55 15 96,centre.protestant.school@centre.protestant.school.bj,,PME (10-50),B2C,APIEx,,Actif,2026-06-29T00:15:34.396852,moyenne
BJ-E538A5DF,Développement École,Éducation & Formation,Athiémé,+229 50 20 42 82,,,TPE (<10),B2B,APIEx,,Actif,2026-06-29T00:15:34.396863,basse
BJ-3A240138,Université Catholique,Éducation & Formation,Athiémé,+229 38 25 67 47,université.catholique@université.catholique.bj,universitécatholique.bj,TPE (<10),B2C,APIEx,,Actif,2026-06-29T00:15:34.396875,haute
BJ-F162D627,Centre Public,Éducation & Formation,Bopa,+229 93 62 64 29,centre.public@centre.public.benin,centrepublic.bj,PME (50-200),B2B,APIEx,,Actif,2026-06-29T00:15:34.396904,haute
BJ-5164F184,Université Éducation,Éducation & Formation,Bopa,+229 35 82 52 16,université.éducation@université.éducation.bj,universitééducation.bj,Grande (>200),B2B,APIEx,,Actif,2026-06-29T00:15:34.396941,haute
BJ-1433A8F4,Académie Liberté,Éducation & Formation,Bopa,+229 80 77 19 43,académie.liberté@académie.liberté.com,,TPE (<10),B2B,APIEx,,Actif,2026-06-29T00:15:34.396970,moyenne
BJ-D750A63E,Centre Connaissance,Éducation & Formation,Bopa,+229 92 43 75 20,centre.connaissance@centre.connaissance.bj,,TPE (<10),B2B,APIEx,,Actif,2026-06-29T00:15:34.396981,moyenne
BJ-B2CDFD09,Centre Savoir École,Éducation & Formation,Bopa,+229 76 82 77 55,centre.savoir.école@centre.savoir.école.bj,centresavoirécole.bj,PME (50-200),B2C,APIEx,,Actif,2026-06-29T00:15:34.396993,haute
BJ-72031615,Académie Apprentissage College,Éducation & Formation,Houéyogbé,+229 40 54 10 67,académie.apprentissage.college@académie.apprentissage.college.benin,académieapprentissagecollege.bj,PME (10-50),B2B,APIEx,,Actif,2026-06-29T00:15:34.397012,haute
BJ-02A29F98,Lycée Privé Academy,Éducation & Formation,Houéyogbé,+229 58 77 18 54,lycée.privé.academy@lycée.privé.academy.com,,PME (50-200),B2C,APIEx,,Actif,2026-06-29T00:15:34.397027,moyenne
BJ-A4DDB3EB,Protestant Bénin,Éducation & Formation,Houéyogbé,+229 57 42 27 82,protestant.bénin@protestant.bénin.benin,protestantbénin.bj,PME (10-50),B2C,APIEx,,Actif,2026-06-29T00:15:34.397062,haute
BJ-B1B851E1,Privé College,Éducation & Formation,Malanville,+229 89 59 53 11,privé.college@privé.college.org,,TPE (<10),B2C,APIEx,,Actif,2026-06-29T00:15:34.397079,moyenne
BJ-7096FFD2,Excellence,Éducation & Formation,Malanville,+229 23 63 19 27,excellence@excellence.net,excellence.bj,TPE (<10),B2B,APIEx,,Actif,2026-06-29T00:15:34.397096,haute
BJ-C8BC27AA,École International School,Éducation & Formation,Malanville,+229 34 39 73 26,école.international.school@école.international.school.org,écoleinternationalschool.bj,PME (50-200),B2C,APIEx,,Actif,2026-06-29T00:15:34.397109,haute
BJ-CE6AA4C6,Centre Éducation University,Éducation & Formation,Malanville,+229 35 34 64 19,centre.éducation.university@centre.éducation.university.benin,centreéducationuniversity.bj,TPE (<10),B2C,APIEx,,Actif,2026-06-29T00:15:34.397121,haute
BJ-EC697707,Public Academy,Éducation & Formation,Malanville,+229 86 14 86 62,,publicacademy.bj,TPE (<10),B2C,APIEx,,Actif,2026-06-29T00:15:34.397132,moyenne
BJ-3577D689,Apprentissage,Éducation & Formation,Kandi,+229 31 33 85 68,,apprentissage.bj,PME (50-200),B2C,APIEx,,Actif,2026-06-29T00:15:34.397148,moyenne
BJ-54856FA0,École Excellence Kandi,Éducation & Formation,Kandi,+229 40 46 29 44,école.excellence.kandi@école.excellence.kandi.com,écoleexcellencekandi.bj,TPE (<10),B2C,APIEx,,Actif,2026-06-29T00:15:34.397161,haute
BJ-25327BD0,Académie National Kandi,Éducation & Formation,Kandi,+229 74 59 43 10,,,Grande (>200),B2B,APIEx,,Actif,2026-06-29T00:15:34.397171,basse
BJ-EB62ED87,Privé Academy,Éducation & Formation,Kandi,+229 44 11 88 31,privé.academy@privé.academy.org,privéacademy.bj,TPE (<10),B2B,APIEx,,Actif,2026-06-29T00:15:34.397183,haute
BJ-33554E1F,Développement Institute,Éducation & Formation,Kandi,+229 97 35 48 84,développement.institute@développement.institute.org,développementinstitute.bj,TPE (<10),B2C,APIEx,,Actif,2026-06-29T00:15:34.397196,haute
BJ-F5671E78,École Catholique Bénin Banikoara,Éducation & Formation,Banikoara,+229 33 24 73 51,école.catholique.bénin.banikoara@école.catholique.bénin.banikoara.com,,PME (50-200),B2B,APIEx,,Actif,2026-06-29T00:15:34.397213,moyenne
BJ-61D3E483,Université Catholique,Éducation & Formation,Banikoara,+229 28 49 97 23,,,PME (10-50),B2B,APIEx,,Actif,2026-06-29T00:15:34.397226,basse
BJ-4F4D81CC,Développement,Éducation & Formation,Banikoara,+229 79 30 22 22,développement@développement.bj,développement.bj,Grande (>200),B2B,APIEx,,Actif,2026-06-29T00:15:34.397249,haute
BJ-6A37AFFD,Liberté Lycée,Éducation & Formation,Banikoara,+229 66 49 32 32,liberté.lycée@liberté.lycée.net,libertélycée.bj,PME (10-50),B2C,APIEx,,Actif,2026-06-29T00:15:34.397261,haute
BJ-30999EC0,Lycée Protestant Lycée,Éducation & Formation,Ségbana,+229 48 62 64 35,lycée.protestant.lycée@lycée.protestant.lycée.net,lycéeprotestantlycée.bj,Grande (>200),B2B,APIEx,,Actif,2026-06-29T00:15:34.397290,haute
BJ-77B93F16,National College Ségbana,Éducation & Formation,Ségbana,+229 93 71 52 61,,,PME (10-50),B2C,APIEx,,Actif,2026-06-29T00:15:34.397300,basse
BJ-D883A731,Public,Éducation & Formation,Karimama,+229 66 43 62 17,,public.bj,TPE (<10),B2C,APIEx,,Actif,2026-06-29T00:15:34.397343,moyenne
BJ-E553F118,Centre Apprentissage College,Éducation & Formation,Karimama,+229 47 42 92 17,,centreapprentissagecollege.bj,PME (50-200),B2B,APIEx,,Actif,2026-06-29T00:15:34.397359,moyenne
BJ-48EE8DA5,École Liberté,Éducation & Formation,Karimama,+229 81 84 46 97,école.liberté@école.liberté.benin,écoleliberté.bj,TPE (<10),B2B,APIEx,,Actif,2026-06-29T00:15:34.397385,haute
BJ-7E07F5FF,Connaissance École Karimama,Éducation & Formation,Karimama,+229 41 27 22 85,connaissance.école.karimama@connaissance.école.karimama.org,,TPE (<10),B2B,APIEx,,Actif,2026-06-29T00:15:34.397397,moyenne
BJ-FA86C091,Public Lycée,Éducation & Formation,Gogounou,+229 27 84 63 72,public.lycée@public.lycée.com,publiclycée.bj,PME (50-200),B2B,APIEx,,Actif,2026-06-29T00:15:34.397438,haute
BJ-809E133C,Collège Savoir Lycée,Éducation & Formation,Gogounou,+229 97 71 16 47,collège.savoir.lycée@collège.savoir.lycée.benin,collègesavoirlycée.bj,TPE (<10),B2C,APIEx,,Actif,2026-06-29T00:15:34.397449,haute
BJ-23EF8364,Catholique Academy,Éducation & Formation,Gogounou,+229 44 92 13 55,catholique.academy@catholique.academy.net,catholiqueacademy.bj,TPE (<10),B2B,APIEx,,Actif,2026-06-29T00:15:34.397461,haute
BJ-627D410A,Centre Apprentissage,Éducation & Formation,Cobly,+229 26 73 44 27,centre.apprentissage@centre.apprentissage.bj,,PME (10-50),B2C,APIEx,,Actif,2026-06-29T00:15:34.397477,moyenne
BJ-545F898C,Centre Apprentissage Academy,Éducation & Formation,Cobly,+229 48 78 79 11,centre.apprentissage.academy@centre.apprentissage.academy.net,centreapprentissageacademy.bj,PME (10-50),B2B,APIEx,,Actif,2026-06-29T00:15:34.397491,haute
BJ-9D79F49D,Lycée Éducation,Éducation & Formation,Cobly,+229 26 12 39 67,lycée.éducation@lycée.éducation.net,lycéeéducation.bj,PME (50-200),B2C,APIEx,,Actif,2026-06-29T00:15:34.397506,haute
BJ-79103346,Centre Public,Éducation & Formation,Cobly,+229 54 49 78 44,centre.public@centre.public.bj,,TPE (<10),B2B,APIEx,,Actif,2026-06-29T00:15:34.397517,moyenne
BJ-48F5C3D3,École Éducation,Éducation & Formation,Cobly,+229 38 59 16 68,école.éducation@école.éducation.com,,PME (50-200),B2C,APIEx,,Actif,2026-06-29T00:15:34.397529,moyenne
BJ-2A6DE5B1,Liberté,Éducation & Formation,Tanguiéta,+229 41 29 23 40,,liberté.bj,PME (10-50),B2B,APIEx,,Actif,2026-06-29T00:15:34.397559,moyenne
BJ-A6769A93,Université Connaissance College Tanguiéta,Éducation & Formation,Tanguiéta,+229 49 21 62 52,université.connaissance.college.tanguiéta@université.connaissance.college.tanguiéta.bj,,TPE (<10),B2C,APIEx,,Actif,2026-06-29T00:15:34.397583,moyenne
BJ-B82339E1,Académie Savoir University,Éducation & Formation,Tanguiéta,+229 71 73 97 12,académie.savoir.university@académie.savoir.university.benin,académiesavoiruniversity.bj,PME (50-200),B2B,APIEx,,Actif,2026-06-29T00:15:34.397595,haute
BJ-7478BBDC,Centre Catholique,Éducation & Formation,Matéri,+229 33 86 17 55,centre.catholique@centre.catholique.org,,TPE (<10),B2B,APIEx,,Actif,2026-06-29T00:15:34.397612,moyenne
BJ-57551051,Université Protestant,Éducation & Formation,Matéri,+229 50 36 71 27,université.protestant@université.protestant.benin,universitéprotestant.bj,PME (10-50),B2C,APIEx,,Actif,2026-06-29T00:15:34.397627,haute
BJ-C1420317,Catholique Institute Matéri,Éducation & Formation,Matéri,+229 97 97 14 94,,catholiqueinstitutematéri.bj,TPE (<10),B2B,APIEx,,Actif,2026-06-29T00:15:34.397639,moyenne
BJ-645EC20D,International,Éducation & Formation,Matéri,+229 82 57 34 78,international@international.org,international.bj,TPE (<10),B2B,APIEx,,Actif,2026-06-29T00:15:34.397662,haute
BJ-D2BABFDF,Académie Public École,Éducation & Formation,Natitingou,+229 57 81 36 83,académie.public.école@académie.public.école.org,académiepublicécole.bj,PME (10-50),B2B,APIEx,,Actif,2026-06-29T00:15:34.397693,haute
BJ-E3D3550B,Collège Savoir Natitingou,Éducation & Formation,Natitingou,+229 90 30 89 30,,collègesavoirnatitingou.bj,PME (50-200),B2B,APIEx,,Actif,2026-06-29T00:15:34.397705,moyenne
BJ-5D25F4B0,École Formation,Éducation & Formation,Natitingou,+229 56 20 62 96,école.formation@école.formation.org,écoleformation.bj,PME (10-50),B2B,APIEx,,Actif,2026-06-29T00:15:34.397716,haute
BJ-3ADE4224,Public School,Éducation & Formation,Toucountouna,+229 92 22 99 79,,publicschool.bj,PME (50-200),B2C,APIEx,,Actif,2026-06-29T00:15:34.397743,moyenne
BJ-966704C2,Éducation College,Éducation & Formation,Toucountouna,+229 66 65 28 60,éducation.college@éducation.college.benin,,PME (10-50),B2B,APIEx,,Actif,2026-06-29T00:15:34.397758,moyenne
BJ-113E4D5B,Institut Excellence,Éducation & Formation,Toucountouna,+229 47 17 49 99,institut.excellence@institut.excellence.net,institutexcellence.bj,TPE (<10),B2C,APIEx,,Actif,2026-06-29T00:15:34.397773,haute
BJ-492F6763,Collège International School,Éducation & Formation,Toucountouna,+229 62 41 97 31,collège.international.school@collège.international.school.benin,,PME (50-200),B2C,APIEx,,Actif,2026-06-29T00:15:34.397785,moyenne
BJ-E7ABCDC4,École Savoir,Éducation & Formation,Boukoumbé,+229 94 33 94 99,école.savoir@école.savoir.org,écolesavoir.bj,TPE (<10),B2C,APIEx,,Actif,2026-06-29T00:15:34.397825,haute
BJ-4BE2FCC9,Formation School,Éducation & Formation,Boukoumbé,+229 80 91 61 38,formation.school@formation.school.benin,formationschool.bj,PME (10-50),B2B,APIEx,,Actif,2026-06-29T00:15:34.397837,haute
BJ-C7D9BD17,Public,Éducation & Formation,Boukoumbé,+229 55 85 60 77,public@public.net,public.bj,Grande (>200),B2C,APIEx,,Actif,2026-06-29T00:15:34.397848,haute
BJ-BF7F6B37,National Bénin,Éducation & Formation,Boukoumbé,+229 75 71 75 52,national.bénin@national.bénin.benin,,Grande (>200),B2C,APIEx,,Actif,2026-06-29T00:15:34.397859,moyenne
BJ-9323CAFE,Liberté Kouandé,Éducation & Formation,Kouandé,+229 69 10 20 52,liberté.kouandé@liberté.kouandé.net,libertékouandé.bj,PME (50-200),B2B,APIEx,,Actif,2026-06-29T00:15:34.397876,haute
BJ-3A815D20,Protestant,Éducation & Formation,Kouandé,+229 27 96 55 66,protestant@protestant.com,,Grande (>200),B2C,APIEx,,Actif,2026-06-29T00:15:34.397901,moyenne
BJ-F1CE30F3,Catholique College,Éducation & Formation,Kouandé,+229 77 30 49 83,,catholiquecollege.bj,PME (10-50),B2C,APIEx,,Actif,2026-06-29T00:15:34.397947,moyenne
BJ-675E5014,Collège Liberté,Éducation & Formation,Kouandé,+229 89 25 18 11,,collègeliberté.bj,PME (10-50),B2B,APIEx,,Actif,2026-06-29T00:15:34.397959,moyenne
BJ-AEDA3339,Université National University,Éducation & Formation,Kouandé,+229 71 36 52 69,université.national.university@université.national.university.net,,Grande (>200),B2B,APIEx,,Actif,2026-06-29T00:15:34.397971,moyenne
BJ-30F52048,Privé,Éducation & Formation,Péhunco,+229 70 19 36 41,,privé.bj,TPE (<10),B2B,APIEx,,Actif,2026-06-29T00:15:34.397989,moyenne
BJ-60D5FC9B,École Protestant,Éducation & Formation,Péhunco,+229 33 31 57 40,,écoleprotestant.bj,Grande (>200),B2B,APIEx,,Actif,2026-06-29T00:15:34.398001,moyenne
BJ-68CBFB33,Public Institute,Éducation & Formation,Péhunco,+229 27 58 99 71,public.institute@public.institute.org,publicinstitute.bj,TPE (<10),B2B,APIEx,,Actif,2026-06-29T00:15:34.398055,haute
BJ-82C43DBC,École Catholique Péhunco,Éducation & Formation,Péhunco,+229 75 55 28 53,école.catholique.péhunco@école.catholique.péhunco.bj,écolecatholiquepéhunco.bj,PME (50-200),B2C,APIEx,,Actif,2026-06-29T00:15:34.398091,haute
BJ-D5C1F795,Université Apprentissage École,Éducation & Formation,Tchaourou,+229 88 87 99 19,,,PME (10-50),B2C,APIEx,,Actif,2026-06-29T00:15:34.398138,basse
BJ-96DE9A68,Institut Protestant,Éducation & Formation,Tchaourou,+229 27 56 47 48,,,PME (50-200),B2C,APIEx,,Actif,2026-06-29T00:15:34.398168,basse
BJ-E736876D,International School,Éducation & Formation,Tchaourou,+229 59 83 48 27,international.school@international.school.net,internationalschool.bj,PME (50-200),B2C,APIEx,,Actif,2026-06-29T00:15:34.398199,haute
BJ-92BD6D3A,Excellence Bénin,Éducation & Formation,Nikki,+229 38 74 54 39,,excellencebénin.bj,TPE (<10),B2B,APIEx,,Actif,2026-06-29T00:15:34.398345,moyenne
BJ-54491355,Privé,Éducation & Formation,Nikki,+229 91 37 63 72,privé@privé.benin,,TPE (<10),B2C,APIEx,,Actif,2026-06-29T00:15:34.398365,moyenne
BJ-701014E2,Institut Protestant,Éducation & Formation,Nikki,+229 71 32 36 11,institut.protestant@institut.protestant.benin,institutprotestant.bj,TPE (<10),B2B,APIEx,,Actif,2026-06-29T00:15:34.398385,haute
BJ-24ABAA0F,Savoir College,Éducation & Formation,Nikki,+229 23 67 52 19,savoir.college@savoir.college.net,savoircollege.bj,TPE (<10),B2C,APIEx,,Actif,2026-06-29T00:15:34.398405,haute
BJ-F0FCD4E1,Connaissance,Éducation & Formation,Bembéréké,+229 34 95 49 50,connaissance@connaissance.net,connaissance.bj,TPE (<10),B2B,APIEx,,Actif,2026-06-29T00:15:34.398483,haute
BJ-C4DB5434,École Excellence,Éducation & Formation,Bembéréké,+229 96 94 39 83,,écoleexcellence.bj,PME (10-50),B2B,APIEx,,Actif,2026-06-29T00:15:34.398509,moyenne
BJ-73C2CAEF,Collège Éducation Bembéréké,Éducation & Formation,Bembéréké,+229 26 27 98 95,collège.éducation.bembéréké@collège.éducation.bembéréké.bj,,PME (50-200),B2C,APIEx,,Actif,2026-06-29T00:15:34.398531,moyenne
BJ-E8686BC5,Liberté Bénin Bembéréké,Éducation & Formation,Bembéréké,+229 83 48 24 30,liberté.bénin.bembéréké@liberté.bénin.bembéréké.benin,,PME (50-200),B2B,APIEx,,Actif,2026-06-29T00:15:34.398552,moyenne
BJ-4DE77FD8,Centre Liberté,Éducation & Formation,Bembéréké,+229 51 34 45 39,,,PME (50-200),B2B,APIEx,,Actif,2026-06-29T00:15:34.398568,basse
BJ-3EC5C2FF,Lycée Formation University Kalalé,Éducation & Formation,Kalalé,+229 58 16 94 48,lycée.formation.university.kalalé@lycée.formation.university.kalalé.com,lycéeformationuniversitykalalé.bj,PME (10-50),B2C,APIEx,,Actif,2026-06-29T00:15:34.398600,haute
BJ-77AE3276,Lycée Connaissance Bénin,Éducation & Formation,Kalalé,+229 23 19 98 75,,,Grande (>200),B2C,APIEx,,Actif,2026-06-29T00:15:34.398618,basse
BJ-A29658A9,Éducation Kalalé,Éducation & Formation,Kalalé,+229 39 96 16 90,,éducationkalalé.bj,TPE (<10),B2C,APIEx,,Actif,2026-06-29T00:15:34.398643,moyenne
BJ-F1A950E3,Centre Privé,Éducation & Formation,Ndali,+229 54 99 89 87,,centreprivé.bj,TPE (<10),B2C,APIEx,,Actif,2026-06-29T00:15:34.398772,moyenne
BJ-D67BABA6,Institut Éducation College,Éducation & Formation,Ndali,+229 73 77 66 67,,institutéducationcollege.bj,TPE (<10),B2B,APIEx,,Actif,2026-06-29T00:15:34.398828,moyenne
BJ-825139EA,Privé University,Éducation & Formation,Ndali,+229 45 60 68 36,,privéuniversity.bj,PME (10-50),B2C,APIEx,,Actif,2026-06-29T00:15:34.398851,moyenne
BJ-0A5F5E0C,Collège Catholique,Éducation & Formation,Ndali,+229 83 34 76 40,collège.catholique@collège.catholique.benin,collègecatholique.bj,PME (50-200),B2B,APIEx,,Actif,2026-06-29T00:15:34.398885,haute
BJ-E32C371F,Privé Bénin,Éducation & Formation,Ségbana,+229 94 31 16 71,privé.bénin@privé.bénin.net,,TPE (<10),B2C,APIEx,,Actif,2026-06-29T00:15:34.398948,moyenne
BJ-A752F553,Centre Public Academy,Éducation & Formation,Ségbana,+229 62 17 92 75,centre.public.academy@centre.public.academy.net,centrepublicacademy.bj,PME (10-50),B2C,APIEx,,Actif,2026-06-29T00:15:34.398971,haute
BJ-58EC3FCD,École Savoir,Éducation & Formation,Ségbana,+229 78 38 46 67,école.savoir@école.savoir.com,écolesavoir.bj,PME (10-50),B2C,APIEx,,Actif,2026-06-29T00:15:34.399000,haute
BJ-163707EC,Lycée Connaissance Ségbana,Éducation & Formation,Ségbana,+229 89 44 57 40,,lycéeconnaissanceségbana.bj,TPE (<10),B2C,APIEx,,Actif,2026-06-29T00:15:34.399028,moyenne
BJ-A57737D4,Centre Public Lycée Ségbana,Éducation & Formation,Ségbana,+229 94 89 65 54,centre.public.lycée.ségbana@centre.public.lycée.ségbana.com,centrepubliclycéeségbana.bj,PME (10-50),B2C,APIEx,,Actif,2026-06-29T00:15:34.399060,haute
BJ-F2BE71AD,Institut Savoir Academy,Éducation & Formation,Tchaourou,+229 95 97 77 78,institut.savoir.academy@institut.savoir.academy.com,institutsavoiracademy.bj,PME (50-200),B2C,APIEx,,Actif,2026-06-29T00:15:34.399099,haute
BJ-C7262E90,Développement Lycée,Éducation & Formation,Tchaourou,+229 32 73 87 30,développement.lycée@développement.lycée.benin,,PME (10-50),B2B,APIEx,,Actif,2026-06-29T00:15:34.399131,moyenne
BJ-866A720D,École Catholique,Éducation & Formation,Tchaourou,+229 58 56 58 87,école.catholique@école.catholique.org,,TPE (<10),B2C,APIEx,,Actif,2026-06-29T00:15:34.399204,moyenne
BJ-69FBD9D5,Lycée International University,Éducation & Formation,Tchaourou,+229 20 37 26 64,lycée.international.university@lycée.international.university.org,,TPE (<10),B2B,APIEx,,Actif,2026-06-29T00:15:34.399265,moyenne
BJ-D55CC08A,Savoir Institute,Éducation & Formation,Bétérou,+229 55 35 61 52,savoir.institute@savoir.institute.net,savoirinstitute.bj,Grande (>200),B2C,APIEx,,Actif,2026-06-29T00:15:34.399316,haute
BJ-38D85DB7,Collège Liberté College,Éducation & Formation,Bétérou,+229 78 47 58 84,collège.liberté.college@collège.liberté.college.bj,,TPE (<10),B2B,APIEx,,Actif,2026-06-29T00:15:34.399345,moyenne
BJ-5790546E,Formation Academy,Éducation & Formation,Bétérou,+229 42 41 26 54,formation.academy@formation.academy.org,formationacademy.bj,TPE (<10),B2C,APIEx,,Actif,2026-06-29T00:15:34.399370,haute
BJ-9ECA0244,Centre National Bétérou,Éducation & Formation,Bétérou,+229 54 16 65 17,,centrenationalbétérou.bj,Grande (>200),B2B,APIEx,,Actif,2026-06-29T00:15:34.399435,moyenne
BJ-F2850AAC,Centre Éducation School Ouessè,Éducation & Formation,Ouessè,+229 75 83 66 62,,,TPE (<10),B2C,APIEx,,Actif,2026-06-29T00:15:34.399552,basse
BJ-4FB798A6,Catholique Ouessè,Éducation & Formation,Ouessè,+229 96 54 70 82,,catholiqueouessè.bj,TPE (<10),B2C,APIEx,,Actif,2026-06-29T00:15:34.399574,moyenne
BJ-AF4517B3,Développement,Éducation & Formation,Glazoué,+229 71 41 95 30,,développement.bj,PME (10-50),B2B,APIEx,,Actif,2026-06-29T00:15:34.399666,moyenne
BJ-EC5A14A4,Centre International,Éducation & Formation,Glazoué,+229 94 99 46 55,,centreinternational.bj,PME (10-50),B2C,APIEx,,Actif,2026-06-29T00:15:34.399686,moyenne
BJ-6F302A2B,Centre Apprentissage Dassa-Zoumè,Éducation & Formation,Dassa-Zoumè,+229 94 92 42 30,centre.apprentissage.dassazoumè@centre.apprentissage.dassazoumè.org,centreapprentissagedassazoumè.bj,TPE (<10),B2B,APIEx,,Actif,2026-06-29T00:15:34.399783,haute
BJ-1E79DB2F,National School,Éducation & Formation,Dassa-Zoumè,+229 37 33 60 34,national.school@national.school.com,nationalschool.bj,TPE (<10),B2B,APIEx,,Actif,2026-06-29T00:15:34.399813,haute
BJ-957F8480,Apprentissage,Éducation & Formation,Dassa-Zoumè,+229 66 61 56 47,,apprentissage.bj,PME (50-200),B2C,APIEx,,Actif,2026-06-29T00:15:34.399838,moyenne
BJ-DCD0D42B,Éducation Academy Dassa-Zoumè,Éducation & Formation,Dassa-Zoumè,+229 31 90 53 82,éducation.academy.dassazoumè@éducation.academy.dassazoumè.org,éducationacademydassazoumè.bj,PME (10-50),B2B,APIEx,,Actif,2026-06-29T00:15:34.399882,haute
BJ-43B61DDB,Apprentissage Savalou,Éducation & Formation,Savalou,+229 65 46 93 94,apprentissage.savalou@apprentissage.savalou.net,,PME (50-200),B2B,APIEx,,Actif,2026-06-29T00:15:34.399934,moyenne
BJ-3D539674,Académie Excellence,Éducation & Formation,Savalou,+229 69 70 38 25,académie.excellence@académie.excellence.bj,,PME (10-50),B2B,APIEx,,Actif,2026-06-29T00:15:34.399957,moyenne
BJ-916D4886,Collège Public University,Éducation & Formation,Savalou,+229 71 87 23 58,,collègepublicuniversity.bj,TPE (<10),B2B,APIEx,,Actif,2026-06-29T00:15:34.399979,moyenne
BJ-C4E1A028,Excellence Savalou,Éducation & Formation,Savalou,+229 32 28 54 33,excellence.savalou@excellence.savalou.com,excellencesavalou.bj,TPE (<10),B2B,APIEx,,Actif,2026-06-29T00:15:34.400000,haute
BJ-8F552A47,Université Développement,Éducation & Formation,Savalou,+229 56 67 54 89,université.développement@université.développement.benin,,TPE (<10),B2B,APIEx,,Actif,2026-06-29T00:15:34.400027,moyenne
BJ-41817568,Institut Public,Éducation & Formation,Bantè,+229 62 91 31 90,institut.public@institut.public.com,institutpublic.bj,PME (10-50),B2C,APIEx,,Actif,2026-06-29T00:15:34.400087,haute
BJ-9E3D5447,Centre Connaissance,Éducation & Formation,Bantè,+229 48 75 48 29,,centreconnaissance.bj,PME (10-50),B2B,APIEx,,Actif,2026-06-29T00:15:34.400131,moyenne
BJ-28297279,Lycée Privé Djougou,Éducation & Formation,Djougou,+229 83 90 57 92,lycée.privé.djougou@lycée.privé.djougou.net,lycéeprivédjougou.bj,PME (10-50),B2B,APIEx,,Actif,2026-06-29T00:15:34.400270,haute
BJ-25BBBA58,Lycée Protestant,Éducation & Formation,Djougou,+229 86 80 70 77,lycée.protestant@lycée.protestant.net,lycéeprotestant.bj,TPE (<10),B2B,APIEx,,Actif,2026-06-29T00:15:34.400300,haute
BJ-F3049F1A,Éducation École Djougou,Éducation & Formation,Djougou,+229 94 84 12 20,,éducationécoledjougou.bj,TPE (<10),B2C,APIEx,,Actif,2026-06-29T00:15:34.400327,moyenne
BJ-A624A422,Académie Privé College Djougou,Éducation & Formation,Djougou,+229 91 74 47 49,académie.privé.college.djougou@académie.privé.college.djougou.org,académieprivécollegedjougou.bj,Grande (>200),B2C,APIEx,,Actif,2026-06-29T00:15:34.400366,haute
BJ-7D5E508F,Connaissance,Éducation & Formation,Djougou,+229 72 38 44 26,,connaissance.bj,TPE (<10),B2B,APIEx,,Actif,2026-06-29T00:15:34.400394,moyenne
BJ-40A230BB,Formation,Éducation & Formation,Ouèssè,+229 72 44 50 18,formation@formation.net,,Grande (>200),B2C,APIEx,,Actif,2026-06-29T00:15:34.400441,moyenne
BJ-A171F6A0,Connaissance School,Éducation & Formation,Ouèssè,+229 31 94 48 46,connaissance.school@connaissance.school.org,,TPE (<10),B2B,APIEx,,Actif,2026-06-29T00:15:34.400500,moyenne
BJ-23ECF969,Centre Formation College,Éducation & Formation,Ouèssè,+229 76 22 76 71,,centreformationcollege.bj,TPE (<10),B2B,APIEx,,Actif,2026-06-29T00:15:34.400558,moyenne
BJ-B3304158,Collège Formation Bénin Bassila,Éducation & Formation,Bassila,+229 29 41 68 85,collège.formation.bénin.bassila@collège.formation.bénin.bassila.org,,PME (10-50),B2B,APIEx,,Actif,2026-06-29T00:15:34.400769,moyenne
BJ-3618B5ED,Catholique,Éducation & Formation,Bassila,+229 77 53 76 54,catholique@catholique.org,catholique.bj,PME (50-200),B2B,APIEx,,Actif,2026-06-29T00:15:34.400789,haute
BJ-A9A6976B,École Catholique College,Éducation & Formation,Pehunco,+229 71 30 91 15,école.catholique.college@école.catholique.college.org,écolecatholiquecollege.bj,TPE (<10),B2B,APIEx,,Actif,2026-06-29T00:15:34.400824,haute
BJ-C26D161F,Liberté Lycée,Éducation & Formation,Pehunco,+229 26 50 96 15,,libertélycée.bj,PME (10-50),B2B,APIEx,,Actif,2026-06-29T00:15:34.400850,moyenne
BJ-87795F36,Savoir Bénin,Éducation & Formation,Pehunco,+229 31 71 96 79,savoir.bénin@savoir.bénin.org,savoirbénin.bj,PME (50-200),B2C,APIEx,,Actif,2026-06-29T00:15:34.400872,haute
BJ-6ED6CC7D,Savoir,Éducation & Formation,Pehunco,+229 21 98 32 43,savoir@savoir.bj,savoir.bj,TPE (<10),B2B,APIEx,,Actif,2026-06-29T00:15:34.400923,haute
BJ-BA077334,Apprentissage School Copargo,Éducation & Formation,Copargo,+229 28 20 36 83,apprentissage.school.copargo@apprentissage.school.copargo.bj,,TPE (<10),B2C,APIEx,,Actif,2026-06-29T00:15:34.400984,moyenne
BJ-C6E45081,Collège Privé Institute,Éducation & Formation,Copargo,+229 94 12 54 96,collège.privé.institute@collège.privé.institute.com,collègeprivéinstitute.bj,PME (10-50),B2B,APIEx,,Actif,2026-06-29T00:15:34.401035,haute
BJ-042A1815,Liberté,Éducation & Formation,Copargo,+229 46 34 65 88,liberté@liberté.bj,liberté.bj,PME (10-50),B2C,APIEx,,Actif,2026-06-29T00:15:34.401056,haute
BJ-3F489AEC,Académie International,Éducation & Formation,Copargo,+229 55 68 22 31,académie.international@académie.international.com,académieinternational.bj,TPE (<10),B2C,APIEx,,Actif,2026-06-29T00:15:34.401091,haute
BJ-81D98617,Net Solution SARL,Technologie & IT,Cotonou,+229 96 18 46 58,net.solution.sarl@net.solution.sarl.com,netsolutionsarl.bj,Grande (>200),B2B,APIEx,,Actif,2026-06-29T00:15:34.401141,haute
BJ-C84853B4,Web Tech Cotonou,Technologie & IT,Cotonou,+229 82 37 54 78,web.tech.cotonou@web.tech.cotonou.benin,webtechcotonou.bj,PME (50-200),B2B,APIEx,,Actif,2026-06-29T00:15:34.401183,haute
BJ-49B6D0E1,Soft Intelligence,Technologie & IT,Cotonou,+229 20 91 62 45,,softintelligence.bj,TPE (<10),B2B,APIEx,,Actif,2026-06-29T00:15:34.401208,moyenne
BJ-521C3208,Cloud Web Systems Cotonou,Technologie & IT,Cotonou,+229 70 49 44 30,cloud.web.systems.cotonou@cloud.web.systems.cotonou.benin,cloudwebsystemscotonou.bj,PME (10-50),B2C,APIEx,,Actif,2026-06-29T00:15:34.401231,haute
BJ-2D5ECA03,Digital Network SARL,Technologie & IT,Cotonou,+229 31 49 59 92,digital.network.sarl@digital.network.sarl.benin,digitalnetworksarl.bj,PME (50-200),B2B,APIEx,,Actif,2026-06-29T00:15:34.401254,haute
BJ-E8320DBB,Solution Abomey-Calavi,Technologie & IT,Abomey-Calavi,+229 42 97 53 58,solution.abomeycalavi@solution.abomeycalavi.bj,solutionabomeycalavi.bj,TPE (<10),B2C,APIEx,,Actif,2026-06-29T00:15:34.401291,haute
BJ-57AC4E0A,Intelligence SARL,Technologie & IT,Abomey-Calavi,+229 53 47 34 68,intelligence.sarl@intelligence.sarl.org,intelligencesarl.bj,PME (10-50),B2B,APIEx,,Actif,2026-06-29T00:15:34.401320,haute
BJ-FD803D47,Intelligence Abomey-Calavi,Technologie & IT,Abomey-Calavi,+229 99 13 11 88,intelligence.abomeycalavi@intelligence.abomeycalavi.net,intelligenceabomeycalavi.bj,PME (50-200),B2B,APIEx,,Actif,2026-06-29T00:15:34.401335,haute
BJ-907C1C9C,Data Application SARL Abomey-Calavi,Technologie & IT,Abomey-Calavi,+229 32 76 43 98,data.application.sarl.abomeycalavi@data.application.sarl.abomeycalavi.net,dataapplicationsarlabomeycalavi.bj,PME (50-200),B2B,APIEx,,Actif,2026-06-29T00:15:34.401349,haute
BJ-122E16F7,Smart Logiciel,Technologie & IT,Porto-Novo,+229 98 16 91 19,smart.logiciel@smart.logiciel.org,smartlogiciel.bj,TPE (<10),B2C,APIEx,,Actif,2026-06-29T00:15:34.401416,haute
BJ-1EAC753B,Digital Application,Technologie & IT,Porto-Novo,+229 23 71 76 49,digital.application@digital.application.org,digitalapplication.bj,TPE (<10),B2C,APIEx,,Actif,2026-06-29T00:15:34.401449,haute
BJ-FC9C75BD,Digital Système,Technologie & IT,Porto-Novo,+229 31 65 76 71,digital.système@digital.système.org,digitalsystème.bj,TPE (<10),B2C,APIEx,,Actif,2026-06-29T00:15:34.401467,haute
BJ-B1D24701,AI,Technologie & IT,Porto-Novo,+229 31 16 41 52,ai@ai.bj,ai.bj,TPE (<10),B2C,APIEx,,Actif,2026-06-29T00:15:34.401480,haute
BJ-4ED88AC4,Security Porto-Novo,Technologie & IT,Porto-Novo,+229 38 19 63 89,security.portonovo@security.portonovo.com,securityportonovo.bj,TPE (<10),B2C,APIEx,,Actif,2026-06-29T00:15:34.401493,haute
BJ-F3B56A49,Informatique Solutions,Technologie & IT,Parakou,+229 91 62 70 11,informatique.solutions@informatique.solutions.bj,informatiquesolutions.bj,TPE (<10),B2C,APIEx,,Actif,2026-06-29T00:15:34.401515,haute
BJ-CE026DFD,Cyber Logiciel Tech,Technologie & IT,Parakou,+229 90 31 35 11,cyber.logiciel.tech@cyber.logiciel.tech.bj,,PME (50-200),B2B,APIEx,,Actif,2026-06-29T00:15:34.401528,moyenne
BJ-7BDBF5D5,Digital Web,Technologie & IT,Parakou,+229 40 35 38 62,digital.web@digital.web.bj,digitalweb.bj,PME (50-200),B2C,APIEx,,Actif,2026-06-29T00:15:34.401554,haute
BJ-F8384403,Tech Développement,Technologie & IT,Parakou,+229 61 35 17 47,tech.développement@tech.développement.bj,techdéveloppement.bj,PME (10-50),B2C,APIEx,,Actif,2026-06-29T00:15:34.401568,haute
BJ-58A8CE8C,Informatique Africa,Technologie & IT,Bohicon,+229 37 90 83 21,informatique.africa@informatique.africa.benin,informatiqueafrica.bj,TPE (<10),B2B,APIEx,,Actif,2026-06-29T00:15:34.401586,haute
BJ-4CC3C668,Security Digital,Technologie & IT,Bohicon,+229 93 28 23 20,security.digital@security.digital.bj,securitydigital.bj,PME (10-50),B2B,APIEx,,Actif,2026-06-29T00:15:34.401615,haute
BJ-CD5605B2,AI Bénin,Technologie & IT,Natitingou,+229 33 94 22 11,ai.bénin@ai.bénin.benin,aibénin.bj,PME (50-200),B2B,APIEx,,Actif,2026-06-29T00:15:34.401664,haute
BJ-0DB86CF0,Net Développement,Technologie & IT,Natitingou,+229 60 28 79 87,net.développement@net.développement.org,netdéveloppement.bj,PME (50-200),B2B,APIEx,,Actif,2026-06-29T00:15:34.401677,haute
BJ-D20D73DC,Network Natitingou,Technologie & IT,Natitingou,+229 82 15 88 54,network.natitingou@network.natitingou.benin,networknatitingou.bj,Grande (>200),B2B,APIEx,,Actif,2026-06-29T00:15:34.401690,haute
BJ-0E3F2408,Smart Cyber,Technologie & IT,Natitingou,+229 96 76 96 94,smart.cyber@smart.cyber.org,smartcyber.bj,PME (10-50),B2B,APIEx,,Actif,2026-06-29T00:15:34.401715,haute
BJ-E03F8354,Data International Lokossa,Technologie & IT,Lokossa,+229 56 70 13 93,data.international.lokossa@data.international.lokossa.net,datainternationallokossa.bj,TPE (<10),B2B,APIEx,,Actif,2026-06-29T00:15:34.401734,haute
BJ-7855BA52,Digital Application,Technologie & IT,Lokossa,+229 24 28 28 82,digital.application@digital.application.bj,digitalapplication.bj,TPE (<10),B2B,APIEx,,Actif,2026-06-29T00:15:34.401750,haute
BJ-CF090FA8,Data Technologie,Technologie & IT,Lokossa,+229 51 59 46 34,data.technologie@data.technologie.net,datatechnologie.bj,PME (50-200),B2C,APIEx,,Actif,2026-06-29T00:15:34.401776,haute
BJ-41F4E235,Smart Développement SARL,Technologie & IT,Lokossa,+229 94 98 64 61,smart.développement.sarl@smart.développement.sarl.bj,smartdéveloppementsarl.bj,TPE (<10),B2C,APIEx,,Actif,2026-06-29T00:15:34.401800,haute
BJ-97584D50,Digital Mobile Ouidah,Technologie & IT,Ouidah,+229 83 63 63 81,digital.mobile.ouidah@digital.mobile.ouidah.bj,digitalmobileouidah.bj,PME (50-200),B2B,APIEx,,Actif,2026-06-29T00:15:34.401820,haute
BJ-39C1D3BC,Net Application Soft,Technologie & IT,Ouidah,+229 30 84 57 60,net.application.soft@net.application.soft.com,netapplicationsoft.bj,PME (10-50),B2B,APIEx,,Actif,2026-06-29T00:15:34.401832,haute
BJ-731FE5F4,Data Ouidah,Technologie & IT,Ouidah,+229 74 53 65 62,data.ouidah@data.ouidah.com,dataouidah.bj,PME (50-200),B2C,APIEx,,Actif,2026-06-29T00:15:34.401844,haute
BJ-3C256594,Data Africa Ouidah,Technologie & IT,Ouidah,+229 98 64 89 85,data.africa.ouidah@data.africa.ouidah.org,dataafricaouidah.bj,PME (10-50),B2C,APIEx,,Actif,2026-06-29T00:15:34.401859,haute
BJ-8A58084F,Net Network,Technologie & IT,Ouidah,+229 59 98 12 10,net.network@net.network.net,,TPE (<10),B2B,APIEx,,Actif,2026-06-29T00:15:34.401870,moyenne
BJ-5142590D,Smart Data Solutions,Technologie & IT,Savalou,+229 74 56 62 70,smart.data.solutions@smart.data.solutions.benin,smartdatasolutions.bj,TPE (<10),B2C,APIEx,,Actif,2026-06-29T00:15:34.401912,haute
BJ-F1311948,Net Technologie,Technologie & IT,Savalou,+229 56 11 27 36,net.technologie@net.technologie.net,nettechnologie.bj,TPE (<10),B2C,APIEx,,Actif,2026-06-29T00:15:34.401937,haute
BJ-F20DE621,Cyber Solution,Technologie & IT,Savalou,+229 36 81 68 48,cyber.solution@cyber.solution.org,cybersolution.bj,TPE (<10),B2C,APIEx,,Actif,2026-06-29T00:15:34.401951,haute
BJ-65616DAE,Smart Cloud Digital Savalou,Technologie & IT,Savalou,+229 52 74 22 85,smart.cloud.digital.savalou@smart.cloud.digital.savalou.org,smartclouddigitalsavalou.bj,TPE (<10),B2B,APIEx,,Actif,2026-06-29T00:15:34.401964,haute
BJ-30A1C54C,Cyber Data Tech,Technologie & IT,Savalou,+229 76 42 98 31,cyber.data.tech@cyber.data.tech.benin,cyberdatatech.bj,TPE (<10),B2B,APIEx,,Actif,2026-06-29T00:15:34.401976,haute
BJ-0B062D86,Solution Africa,Technologie & IT,Dassa-Zoumè,+229 60 66 59 54,solution.africa@solution.africa.benin,solutionafrica.bj,PME (10-50),B2B,APIEx,,Actif,2026-06-29T00:15:34.401997,haute
BJ-F2E5B594,Digital Digital Bénin Dassa-Zoumè,Technologie & IT,Dassa-Zoumè,+229 59 58 79 50,digital.digital.bénin.dassazoumè@digital.digital.bénin.dassazoumè.net,digitaldigitalbénindassazoumè.bj,PME (10-50),B2B,APIEx,,Actif,2026-06-29T00:15:34.402014,haute
BJ-ABE53370,Technologie Dassa-Zoumè,Technologie & IT,Dassa-Zoumè,+229 54 32 96 92,technologie.dassazoumè@technologie.dassazoumè.net,,PME (10-50),B2C,APIEx,,Actif,2026-06-29T00:15:34.402028,moyenne
BJ-20437F78,Digital AI Dassa-Zoumè,Technologie & IT,Dassa-Zoumè,+229 33 16 23 79,digital.ai.dassazoumè@digital.ai.dassazoumè.org,digitalaidassazoumè.bj,TPE (<10),B2C,APIEx,,Actif,2026-06-29T00:15:34.402054,haute
BJ-1AB1E681,Tech Network,Technologie & IT,Kétou,+229 97 70 55 71,tech.network@tech.network.bj,technetwork.bj,TPE (<10),B2C,APIEx,,Actif,2026-06-29T00:15:34.402073,haute
BJ-2557FCFD,Technologie,Technologie & IT,Kétou,+229 22 31 13 17,technologie@technologie.bj,technologie.bj,PME (50-200),B2B,APIEx,,Actif,2026-06-29T00:15:34.402088,haute
BJ-452049FC,Digital Cyber,Technologie & IT,Kétou,+229 36 49 40 74,digital.cyber@digital.cyber.bj,digitalcyber.bj,PME (50-200),B2C,APIEx,,Actif,2026-06-29T00:15:34.402105,haute
BJ-9253AAAF,Application,Technologie & IT,Kétou,+229 71 12 72 78,application@application.com,application.bj,PME (10-50),B2C,APIEx,,Actif,2026-06-29T00:15:34.402118,haute
BJ-8F26A597,Cyber Security,Technologie & IT,Kétou,+229 91 42 61 62,cyber.security@cyber.security.net,cybersecurity.bj,PME (10-50),B2C,APIEx,,Actif,2026-06-29T00:15:34.402131,haute
BJ-5E448CED,Cyber Security,Technologie & IT,Covè,+229 82 80 13 29,cyber.security@cyber.security.benin,cybersecurity.bj,TPE (<10),B2B,APIEx,,Actif,2026-06-29T00:15:34.402163,haute
BJ-67C3A84E,Net Application SARL,Technologie & IT,Covè,+229 73 18 26 97,net.application.sarl@net.application.sarl.net,netapplicationsarl.bj,TPE (<10),B2C,APIEx,,Actif,2026-06-29T00:15:34.402176,haute
BJ-441B47F2,Digital Data Tech Covè,Technologie & IT,Covè,+229 38 67 67 57,digital.data.tech.covè@digital.data.tech.covè.org,digitaldatatechcovè.bj,PME (10-50),B2B,APIEx,,Actif,2026-06-29T00:15:34.402189,haute
BJ-4F3B5FA2,Net AI Systems,Technologie & IT,Covè,+229 46 38 49 98,net.ai.systems@net.ai.systems.net,netaisystems.bj,Grande (>200),B2B,APIEx,,Actif,2026-06-29T00:15:34.402202,haute
BJ-3CCF5FD3,Cyber Security Pobè,Technologie & IT,Pobè,+229 81 12 14 18,cyber.security.pobè@cyber.security.pobè.org,,TPE (<10),B2C,APIEx,,Actif,2026-06-29T00:15:34.402225,moyenne
BJ-56B4653B,Cyber Soft,Technologie & IT,Pobè,+229 65 95 65 24,,cybersoft.bj,PME (10-50),B2C,APIEx,,Actif,2026-06-29T00:15:34.402241,moyenne
BJ-147C12F5,Smart Intelligence,Technologie & IT,Pobè,+229 86 91 48 41,smart.intelligence@smart.intelligence.org,smartintelligence.bj,PME (10-50),B2B,APIEx,,Actif,2026-06-29T00:15:34.402255,haute
BJ-B7DE4867,Data Pobè,Technologie & IT,Pobè,+229 20 86 69 30,data.pobè@data.pobè.bj,datapobè.bj,PME (10-50),B2B,APIEx,,Actif,2026-06-29T00:15:34.402268,haute
BJ-57F47E07,Système International,Technologie & IT,Pobè,+229 26 61 62 92,système.international@système.international.bj,systèmeinternational.bj,PME (10-50),B2C,APIEx,,Actif,2026-06-29T00:15:34.402281,haute
BJ-AC021D58,Security International,Technologie & IT,Sakété,+229 97 35 97 39,security.international@security.international.net,securityinternational.bj,TPE (<10),B2B,APIEx,,Actif,2026-06-29T00:15:34.402301,haute
BJ-18FB6CF0,Soft Network Bénin,Technologie & IT,Sakété,+229 52 83 87 36,soft.network.bénin@soft.network.bénin.com,softnetworkbénin.bj,TPE (<10),B2C,APIEx,,Actif,2026-06-29T00:15:34.402314,haute
BJ-67DB3C34,Data Sakété,Technologie & IT,Sakété,+229 72 97 64 14,data.sakété@data.sakété.bj,datasakété.bj,TPE (<10),B2B,APIEx,,Actif,2026-06-29T00:15:34.402344,haute
BJ-0DE4616D,Cyber Digital,Technologie & IT,Adjara,+229 92 35 85 12,cyber.digital@cyber.digital.org,cyberdigital.bj,TPE (<10),B2C,APIEx,,Actif,2026-06-29T00:15:34.402376,haute
BJ-B142041B,Cyber Solutions,Technologie & IT,Adjara,+229 74 63 67 34,cyber.solutions@cyber.solutions.net,cybersolutions.bj,PME (10-50),B2B,APIEx,,Actif,2026-06-29T00:15:34.402392,haute
BJ-4A921B60,Digital Solutions,Technologie & IT,Adjara,+229 94 12 10 39,digital.solutions@digital.solutions.bj,,PME (10-50),B2C,APIEx,,Actif,2026-06-29T00:15:34.402404,moyenne
BJ-594F408A,Cloud Security,Technologie & IT,Adjara,+229 78 37 67 53,cloud.security@cloud.security.com,cloudsecurity.bj,TPE (<10),B2B,APIEx,,Actif,2026-06-29T00:15:34.402416,haute
BJ-5295596C,Cloud Systems Adjara,Technologie & IT,Adjara,+229 63 43 18 87,cloud.systems.adjara@cloud.systems.adjara.net,cloudsystemsadjara.bj,TPE (<10),B2C,APIEx,,Actif,2026-06-29T00:15:34.402427,haute
BJ-2274CD08,Smart Cyber Bénin,Technologie & IT,Allada,+229 97 99 88 56,smart.cyber.bénin@smart.cyber.bénin.benin,smartcyberbénin.bj,PME (10-50),B2C,APIEx,,Actif,2026-06-29T00:15:34.402446,haute
BJ-C4FD9CDC,Cloud Intelligence,Technologie & IT,Allada,+229 84 55 70 59,cloud.intelligence@cloud.intelligence.benin,cloudintelligence.bj,Grande (>200),B2B,APIEx,,Actif,2026-06-29T00:15:34.402459,haute
BJ-E0E8E4BF,Network SARL,Technologie & IT,Allada,+229 69 94 48 71,network.sarl@network.sarl.org,networksarl.bj,TPE (<10),B2C,APIEx,,Actif,2026-06-29T00:15:34.402470,haute
BJ-0340B960,Intelligence Allada,Technologie & IT,Allada,+229 55 31 61 67,intelligence.allada@intelligence.allada.net,intelligenceallada.bj,Grande (>200),B2C,APIEx,,Actif,2026-06-29T00:15:34.402483,haute
BJ-F3226433,AI Allada,Technologie & IT,Allada,+229 45 16 97 87,ai.allada@ai.allada.net,aiallada.bj,PME (50-200),B2C,APIEx,,Actif,2026-06-29T00:15:34.402494,haute
BJ-14E9BE4D,Cyber Web,Technologie & IT,Aplahoué,+229 98 10 55 20,cyber.web@cyber.web.com,cyberweb.bj,TPE (<10),B2C,APIEx,,Actif,2026-06-29T00:15:34.402512,haute
BJ-2AD807DA,Smart Cloud International,Technologie & IT,Aplahoué,+229 70 11 38 37,smart.cloud.international@smart.cloud.international.com,smartcloudinternational.bj,TPE (<10),B2B,APIEx,,Actif,2026-06-29T00:15:34.402530,haute
BJ-9E20CB9D,Net Cloud Soft Aplahoué,Technologie & IT,Aplahoué,+229 97 64 73 28,net.cloud.soft.aplahoué@net.cloud.soft.aplahoué.net,,Grande (>200),B2C,APIEx,,Actif,2026-06-29T00:15:34.402547,moyenne
BJ-F3785A05,Cyber Africa,Technologie & IT,Aplahoué,+229 77 45 85 37,cyber.africa@cyber.africa.net,cyberafrica.bj,PME (10-50),B2C,APIEx,,Actif,2026-06-29T00:15:34.402572,haute
BJ-B43672AD,Mobile,Technologie & IT,Dogbo-Tota,+229 25 11 21 23,mobile@mobile.com,mobile.bj,TPE (<10),B2C,APIEx,,Actif,2026-06-29T00:15:34.402654,haute
BJ-2216CC58,Smart Développement SARL,Technologie & IT,Dogbo-Tota,+229 57 74 26 91,smart.développement.sarl@smart.développement.sarl.net,smartdéveloppementsarl.bj,PME (10-50),B2C,APIEx,,Actif,2026-06-29T00:15:34.402684,haute
BJ-46BDE551,Security Dogbo-Tota,Technologie & IT,Dogbo-Tota,+229 60 88 14 76,security.dogbotota@security.dogbotota.net,,PME (10-50),B2B,APIEx,,Actif,2026-06-29T00:15:34.402712,moyenne
BJ-ECC16012,Mobile Africa,Technologie & IT,Dogbo-Tota,+229 73 65 35 27,,mobileafrica.bj,Grande (>200),B2C,APIEx,,Actif,2026-06-29T00:15:34.402740,moyenne
BJ-8BE21D0D,Solution,Technologie & IT,Dogbo-Tota,+229 40 16 41 94,solution@solution.org,solution.bj,TPE (<10),B2C,APIEx,,Actif,2026-06-29T00:15:34.402771,haute
BJ-AF9602BA,Tech Security Tech,Technologie & IT,Kpomassè,+229 44 34 72 97,tech.security.tech@tech.security.tech.com,techsecuritytech.bj,TPE (<10),B2B,APIEx,,Actif,2026-06-29T00:15:34.402814,haute
BJ-1E7CED9E,Data Tech,Technologie & IT,Kpomassè,+229 34 10 19 60,data.tech@data.tech.com,datatech.bj,PME (10-50),B2B,APIEx,,Actif,2026-06-29T00:15:34.402875,haute
BJ-5C3D915E,Smart Network Kpomassè,Technologie & IT,Kpomassè,+229 41 14 34 68,smart.network.kpomassè@smart.network.kpomassè.net,smartnetworkkpomassè.bj,PME (10-50),B2C,APIEx,,Actif,2026-06-29T00:15:34.402930,haute
BJ-C37FE4AA,Application Digital,Technologie & IT,Kpomassè,+229 31 84 59 55,application.digital@application.digital.org,applicationdigital.bj,PME (50-200),B2C,APIEx,,Actif,2026-06-29T00:15:34.402962,haute
BJ-FD55823F,Cloud Bénin,Technologie & IT,Tori-Bossito,+229 42 13 64 93,cloud.bénin@cloud.bénin.benin,cloudbénin.bj,PME (10-50),B2C,APIEx,,Actif,2026-06-29T00:15:34.403002,haute
BJ-2A0DBE94,Application Tori-Bossito,Technologie & IT,Tori-Bossito,+229 90 87 44 46,application.toribossito@application.toribossito.net,applicationtoribossito.bj,Grande (>200),B2C,APIEx,,Actif,2026-06-29T00:15:34.403030,haute
BJ-7E96D736,Net Système SARL,Technologie & IT,Tori-Bossito,+229 60 25 38 88,net.système.sarl@net.système.sarl.com,netsystèmesarl.bj,TPE (<10),B2B,APIEx,,Actif,2026-06-29T00:15:34.403059,haute
BJ-2BD25D59,Informatique,Technologie & IT,Tori-Bossito,+229 20 59 99 87,informatique@informatique.bj,informatique.bj,PME (10-50),B2B,APIEx,,Actif,2026-06-29T00:15:34.403095,haute
BJ-7FDA00A9,Network Bénin,Technologie & IT,Tori-Bossito,+229 39 88 50 22,network.bénin@network.bénin.bj,networkbénin.bj,PME (10-50),B2B,APIEx,,Actif,2026-06-29T00:15:34.403128,haute
BJ-569F1374,Security Tech,Technologie & IT,Grand-Popo,+229 29 34 44 96,security.tech@security.tech.org,securitytech.bj,PME (10-50),B2B,APIEx,,Actif,2026-06-29T00:15:34.403161,haute
BJ-404877F1,Informatique,Technologie & IT,Grand-Popo,+229 94 47 26 71,informatique@informatique.com,informatique.bj,PME (10-50),B2C,APIEx,,Actif,2026-06-29T00:15:34.403180,haute
BJ-493F7BEC,Cyber International,Technologie & IT,Grand-Popo,+229 96 10 99 98,cyber.international@cyber.international.benin,,TPE (<10),B2C,APIEx,,Actif,2026-06-29T00:15:34.403193,moyenne
BJ-4FE2921C,Mobile Digital,Technologie & IT,Grand-Popo,+229 72 49 98 32,mobile.digital@mobile.digital.bj,mobiledigital.bj,TPE (<10),B2C,APIEx,,Actif,2026-06-29T00:15:34.403206,haute
BJ-1DBFD7C1,Digital Application Tech,Technologie & IT,Grand-Popo,+229 57 70 97 89,digital.application.tech@digital.application.tech.benin,digitalapplicationtech.bj,TPE (<10),B2B,APIEx,,Actif,2026-06-29T00:15:34.403218,haute
BJ-CDA73F23,Cloud Technologie Athiémé,Technologie & IT,Athiémé,+229 98 91 74 46,cloud.technologie.athiémé@cloud.technologie.athiémé.com,cloudtechnologieathiémé.bj,PME (50-200),B2C,APIEx,,Actif,2026-06-29T00:15:34.403241,haute
BJ-4C044B93,Data Cloud,Technologie & IT,Athiémé,+229 58 57 97 17,data.cloud@data.cloud.org,datacloud.bj,PME (50-200),B2C,APIEx,,Actif,2026-06-29T00:15:34.403256,haute
BJ-5683607F,Network Solutions Athiémé,Technologie & IT,Athiémé,+229 24 29 25 93,network.solutions.athiémé@network.solutions.athiémé.net,networksolutionsathiémé.bj,PME (50-200),B2B,APIEx,,Actif,2026-06-29T00:15:34.403269,haute
BJ-79EFE074,Smart AI Athiémé,Technologie & IT,Athiémé,+229 20 17 86 61,smart.ai.athiémé@smart.ai.athiémé.bj,smartaiathiémé.bj,PME (10-50),B2B,APIEx,,Actif,2026-06-29T00:15:34.403297,haute
BJ-7870B725,Informatique International,Technologie & IT,Bopa,+229 92 98 18 72,informatique.international@informatique.international.bj,informatiqueinternational.bj,Grande (>200),B2B,APIEx,,Actif,2026-06-29T00:15:34.403316,haute
BJ-4BC609D0,Data Data Digital Bopa,Technologie & IT,Bopa,+229 63 26 81 44,data.data.digital.bopa@data.data.digital.bopa.bj,datadatadigitalbopa.bj,Grande (>200),B2C,APIEx,,Actif,2026-06-29T00:15:34.403337,haute
BJ-3FCF38A9,Intelligence Soft Bopa,Technologie & IT,Bopa,+229 94 68 26 11,intelligence.soft.bopa@intelligence.soft.bopa.org,intelligencesoftbopa.bj,PME (10-50),B2B,APIEx,,Actif,2026-06-29T00:15:34.403350,haute
BJ-1DBAAAE3,Digital Mobile,Technologie & IT,Bopa,+229 59 40 98 94,digital.mobile@digital.mobile.org,digitalmobile.bj,PME (10-50),B2B,APIEx,,Actif,2026-06-29T00:15:34.403362,haute
BJ-3A0B4D08,Cyber Soft Bopa,Technologie & IT,Bopa,+229 41 37 44 18,cyber.soft.bopa@cyber.soft.bopa.bj,cybersoftbopa.bj,PME (10-50),B2C,APIEx,,Actif,2026-06-29T00:15:34.403374,haute
BJ-91D5F6BA,Digital Cyber Houéyogbé,Technologie & IT,Houéyogbé,+229 52 23 92 99,digital.cyber.houéyogbé@digital.cyber.houéyogbé.net,digitalcyberhouéyogbé.bj,PME (50-200),B2B,APIEx,,Actif,2026-06-29T00:15:34.403394,haute
BJ-40CB9F1E,AI SARL,Technologie & IT,Houéyogbé,+229 43 71 83 21,ai.sarl@ai.sarl.net,,TPE (<10),B2B,APIEx,,Actif,2026-06-29T00:15:34.403406,moyenne
BJ-4341BBF1,Tech AI International,Technologie & IT,Houéyogbé,+229 71 83 66 36,tech.ai.international@tech.ai.international.net,techaiinternational.bj,PME (10-50),B2C,APIEx,,Actif,2026-06-29T00:15:34.403418,haute
BJ-D004F618,Net Security,Technologie & IT,Houéyogbé,+229 87 91 51 67,net.security@net.security.bj,netsecurity.bj,PME (10-50),B2C,APIEx,,Actif,2026-06-29T00:15:34.403430,haute
BJ-8E1A5302,Cyber Bénin Houéyogbé,Technologie & IT,Houéyogbé,+229 91 44 85 29,cyber.bénin.houéyogbé@cyber.bénin.houéyogbé.com,cyberbéninhouéyogbé.bj,TPE (<10),B2B,APIEx,,Actif,2026-06-29T00:15:34.403443,haute
BJ-7907F568,Digital Système,Technologie & IT,Malanville,+229 21 53 75 92,digital.système@digital.système.benin,digitalsystème.bj,TPE (<10),B2C,APIEx,,Actif,2026-06-29T00:15:34.403463,haute
BJ-EBA81DA0,Digital Malanville,Technologie & IT,Malanville,+229 75 49 70 51,digital.malanville@digital.malanville.org,,TPE (<10),B2C,APIEx,,Actif,2026-06-29T00:15:34.403494,moyenne
BJ-4B37F4A8,Smart Développement,Technologie & IT,Malanville,+229 61 71 91 33,smart.développement@smart.développement.bj,smartdéveloppement.bj,TPE (<10),B2B,APIEx,,Actif,2026-06-29T00:15:34.403517,haute
BJ-3A6DCA1A,Security Africa Kandi,Technologie & IT,Kandi,+229 84 77 17 79,security.africa.kandi@security.africa.kandi.org,securityafricakandi.bj,PME (50-200),B2B,APIEx,,Actif,2026-06-29T00:15:34.403536,haute
BJ-FC00D6E6,Data Network,Technologie & IT,Kandi,+229 72 82 71 86,data.network@data.network.net,datanetwork.bj,TPE (<10),B2B,APIEx,,Actif,2026-06-29T00:15:34.403552,haute
BJ-1E1A68F2,Cloud Africa Kandi,Technologie & IT,Kandi,+229 37 97 45 88,cloud.africa.kandi@cloud.africa.kandi.benin,cloudafricakandi.bj,PME (10-50),B2C,APIEx,,Actif,2026-06-29T00:15:34.403565,haute
BJ-FA7A1DD4,Cloud Tech,Technologie & IT,Kandi,+229 85 31 97 41,cloud.tech@cloud.tech.net,cloudtech.bj,TPE (<10),B2C,APIEx,,Actif,2026-06-29T00:15:34.403577,haute
BJ-379F67EB,Digital Technologie Systems,Technologie & IT,Kandi,+229 45 85 94 45,digital.technologie.systems@digital.technologie.systems.org,digitaltechnologiesystems.bj,TPE (<10),B2B,APIEx,,Actif,2026-06-29T00:15:34.403588,haute
BJ-9A8A6229,Cyber Technologie Systems,Technologie & IT,Banikoara,+229 23 24 72 90,cyber.technologie.systems@cyber.technologie.systems.benin,cybertechnologiesystems.bj,Grande (>200),B2B,APIEx,,Actif,2026-06-29T00:15:34.403606,haute
BJ-8E2A2B56,Cyber Soft Banikoara,Technologie & IT,Banikoara,+229 61 60 34 79,cyber.soft.banikoara@cyber.soft.banikoara.bj,cybersoftbanikoara.bj,TPE (<10),B2C,APIEx,,Actif,2026-06-29T00:15:34.403622,haute
BJ-5A9D08A9,Web,Technologie & IT,Banikoara,+229 45 46 73 59,web@web.net,web.bj,PME (50-200),B2B,APIEx,,Actif,2026-06-29T00:15:34.403635,haute
BJ-4016C9C4,Cloud,Technologie & IT,Banikoara,+229 42 34 19 68,,cloud.bj,TPE (<10),B2C,APIEx,,Actif,2026-06-29T00:15:34.403649,moyenne
BJ-070E1222,Cyber Application,Technologie & IT,Banikoara,+229 57 15 11 32,,,Grande (>200),B2B,APIEx,,Actif,2026-06-29T00:15:34.403660,basse
BJ-E20C6123,Cloud Web Solutions,Technologie & IT,Ségbana,+229 79 47 94 49,,cloudwebsolutions.bj,TPE (<10),B2C,APIEx,,Actif,2026-06-29T00:15:34.403689,moyenne
BJ-99FD3406,Soft Cloud Bénin,Technologie & IT,Ségbana,+229 86 76 64 36,soft.cloud.bénin@soft.cloud.bénin.org,softcloudbénin.bj,PME (10-50),B2B,APIEx,,Actif,2026-06-29T00:15:34.403727,haute
BJ-E1FFE56F,Tech Network,Technologie & IT,Karimama,+229 94 26 38 62,tech.network@tech.network.benin,technetwork.bj,PME (10-50),B2C,APIEx,,Actif,2026-06-29T00:15:34.403767,haute
BJ-5DFA5E7E,Développement Bénin,Technologie & IT,Karimama,+229 59 21 37 53,développement.bénin@développement.bénin.org,développementbénin.bj,PME (50-200),B2B,APIEx,,Actif,2026-06-29T00:15:34.403793,haute
BJ-D12723E7,Cyber Data Systems,Technologie & IT,Karimama,+229 20 74 24 26,cyber.data.systems@cyber.data.systems.bj,,TPE (<10),B2B,APIEx,,Actif,2026-06-29T00:15:34.403804,moyenne
BJ-EA5DD4F7,Solution Gogounou,Technologie & IT,Gogounou,+229 30 89 55 88,solution.gogounou@solution.gogounou.org,solutiongogounou.bj,TPE (<10),B2B,APIEx,,Actif,2026-06-29T00:15:34.403822,haute
BJ-44CB77E5,Intelligence,Technologie & IT,Gogounou,+229 49 41 60 73,intelligence@intelligence.org,intelligence.bj,TPE (<10),B2C,APIEx,,Actif,2026-06-29T00:15:34.403834,haute
BJ-1BF4FF9E,AI Africa Gogounou,Technologie & IT,Gogounou,+229 98 47 44 89,ai.africa.gogounou@ai.africa.gogounou.benin,aiafricagogounou.bj,PME (10-50),B2B,APIEx,,Actif,2026-06-29T00:15:34.403846,haute
BJ-7978A5EA,Web Digital,Technologie & IT,Gogounou,+229 41 57 34 53,web.digital@web.digital.org,,TPE (<10),B2B,APIEx,,Actif,2026-06-29T00:15:34.403857,moyenne
BJ-FD064AB8,Network,Technologie & IT,Gogounou,+229 57 70 65 49,network@network.bj,network.bj,TPE (<10),B2C,APIEx,,Actif,2026-06-29T00:15:34.403869,haute
BJ-4E444527,Soft Logiciel Cobly,Technologie & IT,Cobly,+229 27 73 65 53,soft.logiciel.cobly@soft.logiciel.cobly.net,softlogicielcobly.bj,PME (10-50),B2C,APIEx,,Actif,2026-06-29T00:15:34.403886,haute
BJ-6AFB1B98,Cloud Intelligence,Technologie & IT,Cobly,+229 27 12 22 97,cloud.intelligence@cloud.intelligence.benin,cloudintelligence.bj,PME (10-50),B2C,APIEx,,Actif,2026-06-29T00:15:34.403918,haute
BJ-14CFC77A,Digital Système,Technologie & IT,Cobly,+229 55 46 33 54,digital.système@digital.système.benin,digitalsystème.bj,PME (10-50),B2B,APIEx,,Actif,2026-06-29T00:15:34.403945,haute
BJ-D1B53FA2,Digital Data Cobly,Technologie & IT,Cobly,+229 62 95 58 94,digital.data.cobly@digital.data.cobly.bj,digitaldatacobly.bj,TPE (<10),B2C,APIEx,,Actif,2026-06-29T00:15:34.403960,haute
BJ-BFA9F707,Net Informatique,Technologie & IT,Tanguiéta,+229 70 86 55 14,net.informatique@net.informatique.benin,netinformatique.bj,PME (50-200),B2C,APIEx,,Actif,2026-06-29T00:15:34.403979,haute
BJ-461E4BAB,Application,Technologie & IT,Tanguiéta,+229 46 76 99 32,application@application.net,,TPE (<10),B2B,APIEx,,Actif,2026-06-29T00:15:34.403991,moyenne
BJ-87AC037E,Soft Application,Technologie & IT,Tanguiéta,+229 96 54 21 88,soft.application@soft.application.org,softapplication.bj,PME (10-50),B2B,APIEx,,Actif,2026-06-29T00:15:34.404014,haute
BJ-BC44CB53,Net Application SARL,Technologie & IT,Tanguiéta,+229 75 79 38 38,net.application.sarl@net.application.sarl.benin,netapplicationsarl.bj,TPE (<10),B2B,APIEx,,Actif,2026-06-29T00:15:34.404026,haute
BJ-5A654381,Intelligence Tech,Technologie & IT,Matéri,+229 35 30 98 70,intelligence.tech@intelligence.tech.org,intelligencetech.bj,Grande (>200),B2B,APIEx,,Actif,2026-06-29T00:15:34.404043,haute
BJ-C7DD5BEA,Smart Digital,Technologie & IT,Matéri,+229 21 31 26 57,smart.digital@smart.digital.net,smartdigital.bj,TPE (<10),B2C,APIEx,,Actif,2026-06-29T00:15:34.404062,haute
BJ-5793A6AC,Smart Digital Matéri,Technologie & IT,Matéri,+229 23 33 79 63,smart.digital.matéri@smart.digital.matéri.org,smartdigitalmatéri.bj,PME (50-200),B2C,APIEx,,Actif,2026-06-29T00:15:34.404076,haute
BJ-A8EFD71F,Net Security Systems,Technologie & IT,Matéri,+229 86 93 55 26,,netsecuritysystems.bj,PME (10-50),B2B,APIEx,,Actif,2026-06-29T00:15:34.404087,moyenne
BJ-C048B9FF,Cloud Security Soft,Technologie & IT,Matéri,+229 71 56 73 60,cloud.security.soft@cloud.security.soft.com,cloudsecuritysoft.bj,Grande (>200),B2C,APIEx,,Actif,2026-06-29T00:15:34.404099,haute
BJ-33571322,Data Tech,Technologie & IT,Natitingou,+229 51 91 68 80,data.tech@data.tech.bj,datatech.bj,PME (50-200),B2B,APIEx,,Actif,2026-06-29T00:15:34.404116,haute
BJ-EF89700B,Soft Mobile Natitingou,Technologie & IT,Natitingou,+229 21 96 29 51,soft.mobile.natitingou@soft.mobile.natitingou.bj,softmobilenatitingou.bj,TPE (<10),B2C,APIEx,,Actif,2026-06-29T00:15:34.404128,haute
BJ-19BFBD2E,Tech Technologie International,Technologie & IT,Natitingou,+229 69 51 86 17,tech.technologie.international@tech.technologie.international.benin,techtechnologieinternational.bj,PME (10-50),B2C,APIEx,,Actif,2026-06-29T00:15:34.404140,haute
BJ-3856DC00,Web Bénin,Technologie & IT,Natitingou,+229 38 91 51 19,web.bénin@web.bénin.benin,webbénin.bj,PME (10-50),B2B,APIEx,,Actif,2026-06-29T00:15:34.404153,haute
BJ-37624090,Tech Digital,Technologie & IT,Natitingou,+229 67 87 97 65,tech.digital@tech.digital.net,techdigital.bj,TPE (<10),B2B,APIEx,,Actif,2026-06-29T00:15:34.404173,haute
BJ-0ECEBA0F,Data Solution,Technologie & IT,Toucountouna,+229 28 56 87 94,data.solution@data.solution.benin,datasolution.bj,TPE (<10),B2B,APIEx,,Actif,2026-06-29T00:15:34.404192,haute
BJ-5C0AB57D,Intelligence Solutions Toucountouna,Technologie & IT,Toucountouna,+229 50 91 52 43,intelligence.solutions.toucountouna@intelligence.solutions.toucountouna.org,intelligencesolutionstoucountouna.bj,TPE (<10),B2C,APIEx,,Actif,2026-06-29T00:15:34.404213,haute
BJ-5E55EDE9,Intelligence Toucountouna,Technologie & IT,Toucountouna,+229 74 95 12 23,intelligence.toucountouna@intelligence.toucountouna.net,intelligencetoucountouna.bj,TPE (<10),B2C,APIEx,,Actif,2026-06-29T00:15:34.404226,haute
BJ-08964840,Logiciel Bénin,Technologie & IT,Toucountouna,+229 42 89 90 52,logiciel.bénin@logiciel.bénin.benin,logicielbénin.bj,TPE (<10),B2B,APIEx,,Actif,2026-06-29T00:15:34.404238,haute
BJ-DF962D6F,Cloud Soft,Technologie & IT,Toucountouna,+229 62 67 10 70,,cloudsoft.bj,PME (50-200),B2C,APIEx,,Actif,2026-06-29T00:15:34.404249,moyenne
BJ-2CA422A6,Digital Cloud,Technologie & IT,Boukoumbé,+229 34 94 29 83,digital.cloud@digital.cloud.org,digitalcloud.bj,PME (10-50),B2C,APIEx,,Actif,2026-06-29T00:15:34.404266,haute
BJ-77458FB6,Tech Technologie,Technologie & IT,Boukoumbé,+229 70 91 30 89,tech.technologie@tech.technologie.bj,techtechnologie.bj,PME (50-200),B2C,APIEx,,Actif,2026-06-29T00:15:34.404279,haute
BJ-24D38912,Intelligence Boukoumbé,Technologie & IT,Boukoumbé,+229 91 87 13 43,,intelligenceboukoumbé.bj,PME (10-50),B2C,APIEx,,Actif,2026-06-29T00:15:34.404291,moyenne
BJ-C6B4AFEB,Informatique SARL Boukoumbé,Technologie & IT,Boukoumbé,+229 90 55 52 57,informatique.sarl.boukoumbé@informatique.sarl.boukoumbé.com,informatiquesarlboukoumbé.bj,TPE (<10),B2B,APIEx,,Actif,2026-06-29T00:15:34.404304,haute
BJ-7EAD6C4B,Système Africa,Technologie & IT,Kouandé,+229 82 77 78 16,système.africa@système.africa.org,systèmeafrica.bj,TPE (<10),B2B,APIEx,,Actif,2026-06-29T00:15:34.404335,haute
BJ-65C4A66B,Security,Technologie & IT,Kouandé,+229 75 62 68 39,,security.bj,PME (50-200),B2C,APIEx,,Actif,2026-06-29T00:15:34.404349,moyenne
BJ-035FC02C,Cyber,Technologie & IT,Kouandé,+229 36 75 39 57,cyber@cyber.net,cyber.bj,PME (10-50),B2B,APIEx,,Actif,2026-06-29T00:15:34.404363,haute
BJ-E9D195DA,Soft Cloud SARL,Technologie & IT,Kouandé,+229 82 48 59 54,soft.cloud.sarl@soft.cloud.sarl.com,softcloudsarl.bj,Grande (>200),B2B,APIEx,,Actif,2026-06-29T00:15:34.404377,haute
BJ-EDEB76DA,Digital Digital,Technologie & IT,Kouandé,+229 81 75 52 57,digital.digital@digital.digital.net,digitaldigital.bj,PME (10-50),B2C,APIEx,,Actif,2026-06-29T00:15:34.404389,haute
BJ-30846D9B,Cloud,Technologie & IT,Péhunco,+229 91 68 75 91,cloud@cloud.bj,cloud.bj,PME (50-200),B2B,APIEx,,Actif,2026-06-29T00:15:34.404410,haute
BJ-4A9CE2D4,AI Bénin Péhunco,Technologie & IT,Péhunco,+229 39 54 23 30,ai.bénin.péhunco@ai.bénin.péhunco.net,aibéninpéhunco.bj,PME (10-50),B2B,APIEx,,Actif,2026-06-29T00:15:34.404423,haute
BJ-F438F46C,Network,Technologie & IT,Péhunco,+229 69 22 98 44,network@network.benin,network.bj,Grande (>200),B2B,APIEx,,Actif,2026-06-29T00:15:34.404435,haute
BJ-21C100B9,Informatique Bénin Péhunco,Technologie & IT,Péhunco,+229 35 48 44 96,informatique.bénin.péhunco@informatique.bénin.péhunco.benin,informatiquebéninpéhunco.bj,TPE (<10),B2C,APIEx,,Actif,2026-06-29T00:15:34.404448,haute
BJ-632CA5A5,Cloud Application Systems,Technologie & IT,Tchaourou,+229 93 47 34 35,cloud.application.systems@cloud.application.systems.com,cloudapplicationsystems.bj,PME (50-200),B2B,APIEx,,Actif,2026-06-29T00:15:34.404503,haute
BJ-88151ECF,Cloud SARL,Technologie & IT,Tchaourou,+229 85 88 36 22,cloud.sarl@cloud.sarl.com,cloudsarl.bj,Grande (>200),B2B,APIEx,,Actif,2026-06-29T00:15:34.404514,haute
BJ-2D126508,Cloud Mobile,Technologie & IT,Tchaourou,+229 34 82 47 76,cloud.mobile@cloud.mobile.benin,cloudmobile.bj,PME (50-200),B2B,APIEx,,Actif,2026-06-29T00:15:34.404526,haute
BJ-26DB6033,Développement International,Technologie & IT,Nikki,+229 82 93 34 90,développement.international@développement.international.com,développementinternational.bj,TPE (<10),B2B,APIEx,,Actif,2026-06-29T00:15:34.404544,haute
BJ-26981BA4,Data Logiciel Bénin Nikki,Technologie & IT,Nikki,+229 21 16 83 52,data.logiciel.bénin.nikki@data.logiciel.bénin.nikki.org,datalogicielbéninnikki.bj,PME (10-50),B2C,APIEx,,Actif,2026-06-29T00:15:34.404557,haute
BJ-AC1CD098,Technologie Soft Nikki,Technologie & IT,Nikki,+229 89 95 39 19,technologie.soft.nikki@technologie.soft.nikki.benin,,PME (50-200),B2B,APIEx,,Actif,2026-06-29T00:15:34.404569,moyenne
BJ-F82103C6,Technologie Solutions,Technologie & IT,Nikki,+229 52 53 82 39,technologie.solutions@technologie.solutions.benin,technologiesolutions.bj,PME (10-50),B2C,APIEx,,Actif,2026-06-29T00:15:34.404585,haute
BJ-377BCCE5,Soft Application,Technologie & IT,Nikki,+229 88 38 87 16,soft.application@soft.application.net,softapplication.bj,PME (10-50),B2C,APIEx,,Actif,2026-06-29T00:15:34.404596,haute
BJ-B0D1301D,Digital Application Soft,Technologie & IT,Bembéréké,+229 70 88 79 13,digital.application.soft@digital.application.soft.org,digitalapplicationsoft.bj,TPE (<10),B2B,APIEx,,Actif,2026-06-29T00:15:34.404614,haute
BJ-D54B0FD8,AI,Technologie & IT,Bembéréké,+229 92 54 50 99,ai@ai.benin,ai.bj,TPE (<10),B2C,APIEx,,Actif,2026-06-29T00:15:34.404641,haute
BJ-D7A31504,Network Africa,Technologie & IT,Bembéréké,+229 56 52 74 19,network.africa@network.africa.org,networkafrica.bj,PME (10-50),B2B,APIEx,,Actif,2026-06-29T00:15:34.404652,haute
BJ-7407341F,AI Africa,Technologie & IT,Bembéréké,+229 97 14 48 46,ai.africa@ai.africa.net,aiafrica.bj,TPE (<10),B2B,APIEx,,Actif,2026-06-29T00:15:34.404665,haute
BJ-2B23285C,Intelligence Kalalé,Technologie & IT,Kalalé,+229 89 87 79 66,intelligence.kalalé@intelligence.kalalé.com,,TPE (<10),B2C,APIEx,,Actif,2026-06-29T00:15:34.404685,moyenne
BJ-50CC3656,Logiciel,Technologie & IT,Kalalé,+229 40 12 15 42,logiciel@logiciel.benin,logiciel.bj,TPE (<10),B2B,APIEx,,Actif,2026-06-29T00:15:34.404698,haute
BJ-1815A5D3,Security Bénin,Technologie & IT,Kalalé,+229 43 60 82 20,security.bénin@security.bénin.com,securitybénin.bj,PME (10-50),B2B,APIEx,,Actif,2026-06-29T00:15:34.404723,haute
BJ-27A55D0C,Digital Network,Technologie & IT,Kalalé,+229 85 98 34 14,digital.network@digital.network.bj,digitalnetwork.bj,TPE (<10),B2C,APIEx,,Actif,2026-06-29T00:15:34.404734,haute
BJ-8A6ECEBD,Data Informatique Tech,Technologie & IT,Ndali,+229 67 96 45 21,data.informatique.tech@data.informatique.tech.com,,TPE (<10),B2B,APIEx,,Actif,2026-06-29T00:15:34.404751,moyenne
BJ-5CDE364E,Smart Développement,Technologie & IT,Ndali,+229 64 48 32 12,smart.développement@smart.développement.com,smartdéveloppement.bj,PME (50-200),B2B,APIEx,,Actif,2026-06-29T00:15:34.404770,haute
BJ-F3F4F07B,Informatique,Technologie & IT,Ndali,+229 87 32 34 75,informatique@informatique.com,informatique.bj,PME (50-200),B2B,APIEx,,Actif,2026-06-29T00:15:34.404784,haute
BJ-F8B319DD,Développement Solutions,Technologie & IT,Ndali,+229 55 95 73 93,développement.solutions@développement.solutions.com,développementsolutions.bj,Grande (>200),B2B,APIEx,,Actif,2026-06-29T00:15:34.404800,haute
BJ-2240AE17,Data Data,Technologie & IT,Ndali,+229 75 58 93 47,data.data@data.data.org,datadata.bj,PME (10-50),B2B,APIEx,,Actif,2026-06-29T00:15:34.404812,haute
BJ-285400CD,Digital Technologie,Technologie & IT,Ségbana,+229 55 47 52 99,digital.technologie@digital.technologie.net,digitaltechnologie.bj,Grande (>200),B2B,APIEx,,Actif,2026-06-29T00:15:34.404829,haute
BJ-A49784E7,Network Solutions,Technologie & IT,Ségbana,+229 45 82 93 12,network.solutions@network.solutions.benin,networksolutions.bj,TPE (<10),B2B,APIEx,,Actif,2026-06-29T00:15:34.404853,haute
BJ-5205833F,Cyber,Technologie & IT,Ségbana,+229 68 26 83 39,cyber@cyber.org,cyber.bj,TPE (<10),B2C,APIEx,,Actif,2026-06-29T00:15:34.404864,haute
BJ-20636937,Digital Cloud,Technologie & IT,Ségbana,+229 83 36 13 29,digital.cloud@digital.cloud.net,digitalcloud.bj,PME (10-50),B2C,APIEx,,Actif,2026-06-29T00:15:34.404875,haute
BJ-48449A5A,Net Digital Soft,Technologie & IT,Tchaourou,+229 51 25 82 61,,netdigitalsoft.bj,TPE (<10),B2B,APIEx,,Actif,2026-06-29T00:15:34.404902,moyenne
BJ-7D03172C,AI Solutions,Technologie & IT,Tchaourou,+229 96 83 90 71,ai.solutions@ai.solutions.benin,aisolutions.bj,PME (50-200),B2C,APIEx,,Actif,2026-06-29T00:15:34.404920,haute
BJ-C43D53E7,Développement Africa,Technologie & IT,Tchaourou,+229 92 36 95 99,développement.africa@développement.africa.benin,développementafrica.bj,PME (50-200),B2B,APIEx,,Actif,2026-06-29T00:15:34.404934,haute
BJ-B4A98724,Technologie,Technologie & IT,Bétérou,+229 24 45 92 37,technologie@technologie.bj,technologie.bj,Grande (>200),B2B,APIEx,,Actif,2026-06-29T00:15:34.404975,haute
BJ-47EE6462,Technologie Soft,Technologie & IT,Bétérou,+229 77 89 93 17,technologie.soft@technologie.soft.com,technologiesoft.bj,TPE (<10),B2C,APIEx,,Actif,2026-06-29T00:15:34.404992,haute
BJ-B70D1E22,Data Application Bétérou,Technologie & IT,Bétérou,+229 96 85 97 66,data.application.bétérou@data.application.bétérou.bj,dataapplicationbétérou.bj,Grande (>200),B2C,APIEx,,Actif,2026-06-29T00:15:34.405005,haute
BJ-02772799,Cloud Bétérou,Technologie & IT,Bétérou,+229 26 91 88 96,cloud.bétérou@cloud.bétérou.net,cloudbétérou.bj,TPE (<10),B2B,APIEx,,Actif,2026-06-29T00:15:34.405018,haute
BJ-999A902B,Cyber Cyber Digital,Technologie & IT,Bétérou,+229 20 57 10 77,cyber.cyber.digital@cyber.cyber.digital.net,cybercyberdigital.bj,PME (10-50),B2C,APIEx,,Actif,2026-06-29T00:15:34.405031,haute
BJ-C28A4379,Logiciel Ouessè,Technologie & IT,Ouessè,+229 84 37 90 67,logiciel.ouessè@logiciel.ouessè.benin,logicielouessè.bj,PME (10-50),B2C,APIEx,,Actif,2026-06-29T00:15:34.405049,haute
BJ-C3DA7F2C,Application International Ouessè,Technologie & IT,Ouessè,+229 76 62 19 45,application.international.ouessè@application.international.ouessè.org,applicationinternationalouessè.bj,PME (10-50),B2B,APIEx,,Actif,2026-06-29T00:15:34.405080,haute
BJ-9274FE6D,Cyber Soft,Technologie & IT,Ouessè,+229 21 10 44 77,cyber.soft@cyber.soft.com,cybersoft.bj,TPE (<10),B2B,APIEx,,Actif,2026-06-29T00:15:34.405091,haute
BJ-B1F35C7B,Développement Tech,Technologie & IT,Ouessè,+229 22 73 45 34,développement.tech@développement.tech.com,développementtech.bj,PME (10-50),B2B,APIEx,,Actif,2026-06-29T00:15:34.405104,haute
BJ-09108C53,Cloud Informatique Soft,Technologie & IT,Glazoué,+229 90 63 34 54,cloud.informatique.soft@cloud.informatique.soft.org,cloudinformatiquesoft.bj,TPE (<10),B2C,APIEx,,Actif,2026-06-29T00:15:34.405121,haute
BJ-85F7CD51,Data Solution Glazoué,Technologie & IT,Glazoué,+229 31 96 85 31,data.solution.glazoué@data.solution.glazoué.org,datasolutionglazoué.bj,PME (10-50),B2B,APIEx,,Actif,2026-06-29T00:15:34.405137,haute
BJ-249B9157,Digital Glazoué,Technologie & IT,Glazoué,+229 47 91 97 61,digital.glazoué@digital.glazoué.net,digitalglazoué.bj,PME (10-50),B2B,APIEx,,Actif,2026-06-29T00:15:34.405150,haute
BJ-71A1F31A,Mobile International,Technologie & IT,Glazoué,+229 50 28 48 46,mobile.international@mobile.international.org,mobileinternational.bj,PME (50-200),B2B,APIEx,,Actif,2026-06-29T00:15:34.405162,haute
BJ-6FE3B0E7,Tech Informatique Bénin,Technologie & IT,Dassa-Zoumè,+229 93 17 54 77,tech.informatique.bénin@tech.informatique.bénin.benin,techinformatiquebénin.bj,TPE (<10),B2C,APIEx,,Actif,2026-06-29T00:15:34.405193,haute
BJ-CF1C4590,Développement Digital,Technologie & IT,Dassa-Zoumè,+229 67 12 93 14,,,PME (10-50),B2C,APIEx,,Actif,2026-06-29T00:15:34.405209,basse
BJ-0CC4CD14,Security Bénin,Technologie & IT,Dassa-Zoumè,+229 30 91 82 98,security.bénin@security.bénin.bj,securitybénin.bj,Grande (>200),B2B,APIEx,,Actif,2026-06-29T00:15:34.405222,haute
BJ-DDF0518F,Cyber Logiciel,Technologie & IT,Dassa-Zoumè,+229 41 83 29 17,cyber.logiciel@cyber.logiciel.benin,cyberlogiciel.bj,PME (10-50),B2C,APIEx,,Actif,2026-06-29T00:15:34.405237,haute
BJ-B9C354DB,Net Cyber Systems,Technologie & IT,Savalou,+229 40 55 43 95,net.cyber.systems@net.cyber.systems.bj,netcybersystems.bj,PME (50-200),B2B,APIEx,,Actif,2026-06-29T00:15:34.405267,haute
BJ-EE8E0399,Informatique,Technologie & IT,Savalou,+229 89 91 23 53,informatique@informatique.com,,PME (10-50),B2B,APIEx,,Actif,2026-06-29T00:15:34.405278,moyenne
BJ-45048989,Technologie International,Technologie & IT,Savalou,+229 99 96 66 99,,technologieinternational.bj,PME (50-200),B2C,APIEx,,Actif,2026-06-29T00:15:34.405289,moyenne
BJ-0D248150,Digital Digital Savalou,Technologie & IT,Savalou,+229 66 90 42 83,digital.digital.savalou@digital.digital.savalou.benin,digitaldigitalsavalou.bj,PME (10-50),B2C,APIEx,,Actif,2026-06-29T00:15:34.405302,haute
BJ-655E81D5,Système,Technologie & IT,Bantè,+229 52 77 87 53,système@système.org,,TPE (<10),B2B,APIEx,,Actif,2026-06-29T00:15:34.405331,moyenne
BJ-334C9EDA,Cyber Security,Technologie & IT,Bantè,+229 53 39 86 97,cyber.security@cyber.security.benin,cybersecurity.bj,PME (50-200),B2B,APIEx,,Actif,2026-06-29T00:15:34.405346,haute
BJ-C354DBC1,Soft Cyber,Technologie & IT,Bantè,+229 52 73 12 30,soft.cyber@soft.cyber.com,softcyber.bj,PME (50-200),B2B,APIEx,,Actif,2026-06-29T00:15:34.405359,haute
BJ-95598D85,Mobile,Technologie & IT,Bantè,+229 46 46 61 29,mobile@mobile.bj,,TPE (<10),B2B,APIEx,,Actif,2026-06-29T00:15:34.405380,moyenne
BJ-BD8970F7,Network Soft Djougou,Technologie & IT,Djougou,+229 97 94 51 87,network.soft.djougou@network.soft.djougou.com,networksoftdjougou.bj,Grande (>200),B2C,APIEx,,Actif,2026-06-29T00:15:34.405398,haute
BJ-D84E9DC0,Tech Application,Technologie & IT,Djougou,+229 28 29 99 75,tech.application@tech.application.org,techapplication.bj,PME (50-200),B2B,APIEx,,Actif,2026-06-29T00:15:34.405411,haute
BJ-B99F5E2F,Net Mobile Djougou,Technologie & IT,Djougou,+229 71 54 35 41,net.mobile.djougou@net.mobile.djougou.org,netmobiledjougou.bj,TPE (<10),B2B,APIEx,,Actif,2026-06-29T00:15:34.405426,haute
BJ-FA499D9B,Cloud Système,Technologie & IT,Djougou,+229 94 97 15 50,cloud.système@cloud.système.com,cloudsystème.bj,PME (50-200),B2C,APIEx,,Actif,2026-06-29T00:15:34.405450,haute
BJ-9A821036,Tech Application,Technologie & IT,Ouèssè,+229 22 55 61 35,tech.application@tech.application.bj,techapplication.bj,TPE (<10),B2C,APIEx,,Actif,2026-06-29T00:15:34.405467,haute
BJ-32C8A23E,Data Application International,Technologie & IT,Ouèssè,+229 52 67 19 18,data.application.international@data.application.international.net,dataapplicationinternational.bj,PME (50-200),B2C,APIEx,,Actif,2026-06-29T00:15:34.405510,haute
BJ-62470720,Network Soft,Technologie & IT,Ouèssè,+229 89 45 36 94,network.soft@network.soft.benin,networksoft.bj,PME (10-50),B2C,APIEx,,Actif,2026-06-29T00:15:34.405522,haute
BJ-CD1BABB0,Cyber Système Digital,Technologie & IT,Ouèssè,+229 63 46 17 82,cyber.système.digital@cyber.système.digital.com,cybersystèmedigital.bj,PME (10-50),B2C,APIEx,,Actif,2026-06-29T00:15:34.405535,haute
BJ-3A2191D6,Cloud AI Systems,Technologie & IT,Ouèssè,+229 60 11 18 51,cloud.ai.systems@cloud.ai.systems.net,cloudaisystems.bj,PME (10-50),B2C,APIEx,,Actif,2026-06-29T00:15:34.405547,haute
BJ-41721F4D,Cyber,Technologie & IT,Bassila,+229 90 52 49 96,,cyber.bj,PME (10-50),B2B,APIEx,,Actif,2026-06-29T00:15:34.405563,moyenne
BJ-D0865146,Security Digital,Technologie & IT,Bassila,+229 69 59 68 27,security.digital@security.digital.org,securitydigital.bj,PME (10-50),B2C,APIEx,,Actif,2026-06-29T00:15:34.405575,haute
BJ-DEA8C657,Cyber Intelligence,Technologie & IT,Bassila,+229 57 45 51 38,cyber.intelligence@cyber.intelligence.net,,PME (50-200),B2B,APIEx,,Actif,2026-06-29T00:15:34.405587,moyenne
BJ-0448BF15,Web,Technologie & IT,Bassila,+229 55 22 35 89,web@web.net,web.bj,PME (50-200),B2B,APIEx,,Actif,2026-06-29T00:15:34.405610,haute
BJ-198A7F0A,Informatique Soft Pehunco,Technologie & IT,Pehunco,+229 37 97 87 27,informatique.soft.pehunco@informatique.soft.pehunco.benin,informatiquesoftpehunco.bj,TPE (<10),B2C,APIEx,,Actif,2026-06-29T00:15:34.405627,haute
BJ-402EB7F3,Smart Cloud Pehunco,Technologie & IT,Pehunco,+229 96 65 84 85,smart.cloud.pehunco@smart.cloud.pehunco.net,,TPE (<10),B2B,APIEx,,Actif,2026-06-29T00:15:34.405656,moyenne
BJ-B70F68A4,Security Systems,Technologie & IT,Pehunco,+229 29 78 72 86,security.systems@security.systems.com,securitysystems.bj,PME (10-50),B2B,APIEx,,Actif,2026-06-29T00:15:34.405668,haute
BJ-E129BEE5,Cyber AI Solutions,Technologie & IT,Pehunco,+229 44 10 79 18,cyber.ai.solutions@cyber.ai.solutions.bj,cyberaisolutions.bj,PME (10-50),B2C,APIEx,,Actif,2026-06-29T00:15:34.405679,haute
BJ-DDA0A884,Smart Web,Technologie & IT,Copargo,+229 77 68 13 77,smart.web@smart.web.benin,smartweb.bj,TPE (<10),B2B,APIEx,,Actif,2026-06-29T00:15:34.405708,haute
BJ-6C8D395F,Smart Network Systems Copargo,Technologie & IT,Copargo,+229 92 16 38 16,smart.network.systems.copargo@smart.network.systems.copargo.org,smartnetworksystemscopargo.bj,Grande (>200),B2B,APIEx,,Actif,2026-06-29T00:15:34.405731,haute
BJ-B7EC0C81,Cloud Web Bénin Copargo,Technologie & IT,Copargo,+229 92 29 27 98,cloud.web.bénin.copargo@cloud.web.bénin.copargo.bj,cloudwebbénincopargo.bj,TPE (<10),B2B,APIEx,,Actif,2026-06-29T00:15:34.405745,haute
BJ-001590B7,Chimie Industry,Industrie & Manufacture,Cotonou,+229 90 18 88 59,chimie.industry@chimie.industry.org,,TPE (<10),B2B,APIEx,,Actif,2026-06-29T00:15:34.405763,moyenne
BJ-31FF6C9E,Transformation Industry,Industrie & Manufacture,Cotonou,+229 35 26 29 86,,transformationindustry.bj,Grande (>200),B2B,APIEx,,Actif,2026-06-29T00:15:34.405777,moyenne
BJ-164D4320,Plastique Groupe,Industrie & Manufacture,Cotonou,+229 42 10 73 59,,,PME (10-50),B2B,APIEx,,Actif,2026-06-29T00:15:34.405789,basse
BJ-49093908,Production Groupe Cotonou,Industrie & Manufacture,Cotonou,+229 79 61 31 13,production.groupe.cotonou@production.groupe.cotonou.bj,,TPE (<10),B2B,APIEx,,Actif,2026-06-29T00:15:34.405800,moyenne
BJ-C927D90B,Production Alimentaire Factory,Industrie & Manufacture,Cotonou,+229 60 82 28 98,production.alimentaire.factory@production.alimentaire.factory.bj,productionalimentairefactory.bj,PME (10-50),B2B,APIEx,,Actif,2026-06-29T00:15:34.405812,haute
BJ-D322F689,Manufacture Chimie SARL Abomey-Calavi,Industrie & Manufacture,Abomey-Calavi,+229 83 49 17 82,,,PME (10-50),B2B,APIEx,,Actif,2026-06-29T00:15:34.405828,basse
BJ-5C345AFF,Production Fabrication,Industrie & Manufacture,Abomey-Calavi,+229 33 49 70 16,production.fabrication@production.fabrication.benin,,TPE (<10),B2B,APIEx,,Actif,2026-06-29T00:15:34.405843,moyenne
BJ-764BC531,Fabrication,Industrie & Manufacture,Abomey-Calavi,+229 89 49 12 20,,,Grande (>200),B2B,APIEx,,Actif,2026-06-29T00:15:34.405856,basse
BJ-4F10BBF5,Fabrique Métal,Industrie & Manufacture,Abomey-Calavi,+229 42 80 70 77,,fabriquemétal.bj,TPE (<10),B2B,APIEx,,Actif,2026-06-29T00:15:34.405869,moyenne
BJ-CDBDE3A8,Production Plastique,Industrie & Manufacture,Abomey-Calavi,+229 67 25 43 22,production.plastique@production.plastique.com,productionplastique.bj,TPE (<10),B2B,APIEx,,Actif,2026-06-29T00:15:34.405881,haute
BJ-934FFD1A,Industrie Plastique,Industrie & Manufacture,Porto-Novo,+229 72 89 98 70,industrie.plastique@industrie.plastique.org,,TPE (<10),B2B,APIEx,,Actif,2026-06-29T00:15:34.405914,moyenne
BJ-4E6DFD77,Production Transformation,Industrie & Manufacture,Porto-Novo,+229 23 17 84 75,,productiontransformation.bj,PME (10-50),B2B,APIEx,,Actif,2026-06-29T00:15:34.405934,moyenne
BJ-1C0EF1BB,Manufacture Fabrication Bénin,Industrie & Manufacture,Porto-Novo,+229 93 52 78 74,,,PME (50-200),B2B,APIEx,,Actif,2026-06-29T00:15:34.405957,basse
BJ-58F375FC,Industrie Plastique,Industrie & Manufacture,Parakou,+229 70 73 37 33,,,TPE (<10),B2B,APIEx,,Actif,2026-06-29T00:15:34.405986,basse
BJ-3F5E7E90,Fabrique Mécanique,Industrie & Manufacture,Parakou,+229 30 90 14 82,,,TPE (<10),B2B,APIEx,,Actif,2026-06-29T00:15:34.405996,basse
BJ-F5ACC6F7,Textile Parakou,Industrie & Manufacture,Parakou,+229 20 41 27 59,textile.parakou@textile.parakou.net,,TPE (<10),B2B,APIEx,,Actif,2026-06-29T00:15:34.406019,moyenne
BJ-D02E54F6,Manufacture Alimentaire Industry Bohicon,Industrie & Manufacture,Bohicon,+229 34 38 14 88,,manufacturealimentaireindustrybohicon.bj,Grande (>200),B2B,APIEx,,Actif,2026-06-29T00:15:34.406051,moyenne
BJ-DE1597B3,Usine Alimentaire Africa,Industrie & Manufacture,Bohicon,+229 68 83 25 85,usine.alimentaire.africa@usine.alimentaire.africa.org,,TPE (<10),B2B,APIEx,,Actif,2026-06-29T00:15:34.406066,moyenne
BJ-B326CE73,Industrie Pharmaceutique,Industrie & Manufacture,Bohicon,+229 77 24 56 83,industrie.pharmaceutique@industrie.pharmaceutique.bj,industriepharmaceutique.bj,PME (50-200),B2B,APIEx,,Actif,2026-06-29T00:15:34.406091,haute
BJ-7F9C7336,Production Automobile Bénin,Industrie & Manufacture,Bohicon,+229 20 83 45 37,production.automobile.bénin@production.automobile.bénin.bj,,TPE (<10),B2B,APIEx,,Actif,2026-06-29T00:15:34.406107,moyenne
BJ-F473BE81,Usine Textile Factory,Industrie & Manufacture,Natitingou,+229 38 77 83 16,,,TPE (<10),B2B,APIEx,,Actif,2026-06-29T00:15:34.406124,basse
BJ-489C070B,Production Fabrication Manufacture Natitingou,Industrie & Manufacture,Natitingou,+229 47 85 18 53,,,TPE (<10),B2B,APIEx,,Actif,2026-06-29T00:15:34.406145,basse
BJ-11C878CA,Plastique Groupe,Industrie & Manufacture,Natitingou,+229 22 49 17 57,plastique.groupe@plastique.groupe.org,,PME (50-200),B2B,APIEx,,Actif,2026-06-29T00:15:34.406156,moyenne
BJ-E60175BB,Usine Textile Africa,Industrie & Manufacture,Lokossa,+229 74 67 82 66,,usinetextileafrica.bj,PME (10-50),B2B,APIEx,,Actif,2026-06-29T00:15:34.406184,moyenne
BJ-BA4EB82D,Pharmaceutique,Industrie & Manufacture,Lokossa,+229 86 94 85 10,,pharmaceutique.bj,TPE (<10),B2B,APIEx,,Actif,2026-06-29T00:15:34.406209,moyenne
BJ-F9F41134,Transformation Lokossa,Industrie & Manufacture,Lokossa,+229 95 23 22 44,transformation.lokossa@transformation.lokossa.net,transformationlokossa.bj,Grande (>200),B2B,APIEx,,Actif,2026-06-29T00:15:34.406225,haute
BJ-003F0481,Atelier Plastique,Industrie & Manufacture,Lokossa,+229 60 33 81 62,atelier.plastique@atelier.plastique.benin,atelierplastique.bj,PME (50-200),B2B,APIEx,,Actif,2026-06-29T00:15:34.406237,haute
BJ-A3998AEF,Production Métal Bénin,Industrie & Manufacture,Ouidah,+229 66 81 10 95,production.métal.bénin@production.métal.bénin.org,,TPE (<10),B2B,APIEx,,Actif,2026-06-29T00:15:34.406265,moyenne
BJ-D0CF1453,Pharmaceutique,Industrie & Manufacture,Ouidah,+229 51 25 14 26,,pharmaceutique.bj,PME (10-50),B2B,APIEx,,Actif,2026-06-29T00:15:34.406286,moyenne
BJ-37C97798,Production Fabrication SARL,Industrie & Manufacture,Ouidah,+229 64 42 38 75,,,PME (50-200),B2B,APIEx,,Actif,2026-06-29T00:15:34.406296,basse
BJ-3126D3AF,Industrie Métal Industry Savalou,Industrie & Manufacture,Savalou,+229 69 92 52 92,,,TPE (<10),B2B,APIEx,,Actif,2026-06-29T00:15:34.406312,basse
BJ-F3B6EA39,Production Automobile Savalou,Industrie & Manufacture,Savalou,+229 90 69 30 24,production.automobile.savalou@production.automobile.savalou.bj,,TPE (<10),B2B,APIEx,,Actif,2026-06-29T00:15:34.406343,moyenne
BJ-5E3AFB62,Industrie Textile Africa,Industrie & Manufacture,Savalou,+229 41 28 14 67,industrie.textile.africa@industrie.textile.africa.net,,PME (10-50),B2B,APIEx,,Actif,2026-06-29T00:15:34.406353,moyenne
BJ-07240F9B,Usine Plastique SARL Savalou,Industrie & Manufacture,Savalou,+229 38 44 83 66,,usineplastiquesarlsavalou.bj,PME (10-50),B2B,APIEx,,Actif,2026-06-29T00:15:34.406364,moyenne
BJ-8CFE70B0,Usine Fabrication Africa,Industrie & Manufacture,Dassa-Zoumè,+229 99 29 14 27,usine.fabrication.africa@usine.fabrication.africa.org,,TPE (<10),B2B,APIEx,,Actif,2026-06-29T00:15:34.406391,moyenne
BJ-3898E9A6,Chimie SARL Dassa-Zoumè,Industrie & Manufacture,Dassa-Zoumè,+229 36 69 54 89,chimie.sarl.dassazoumè@chimie.sarl.dassazoumè.org,,PME (10-50),B2B,APIEx,,Actif,2026-06-29T00:15:34.406404,moyenne
BJ-54B809C7,Industrie Automobile,Industrie & Manufacture,Dassa-Zoumè,+229 93 97 33 27,industrie.automobile@industrie.automobile.org,industrieautomobile.bj,PME (10-50),B2B,APIEx,,Actif,2026-06-29T00:15:34.406415,haute
BJ-41E26491,Manufacture Métal,Industrie & Manufacture,Dassa-Zoumè,+229 26 62 14 26,manufacture.métal@manufacture.métal.bj,,TPE (<10),B2B,APIEx,,Actif,2026-06-29T00:15:34.406426,moyenne
BJ-7D610850,Atelier Chimie Kétou,Industrie & Manufacture,Kétou,+229 50 21 63 54,atelier.chimie.kétou@atelier.chimie.kétou.bj,atelierchimiekétou.bj,TPE (<10),B2B,APIEx,,Actif,2026-06-29T00:15:34.406445,haute
BJ-C2B87727,Atelier Métal,Industrie & Manufacture,Kétou,+229 65 36 78 11,,ateliermétal.bj,PME (50-200),B2B,APIEx,,Actif,2026-06-29T00:15:34.406460,moyenne
BJ-350501FB,Textile,Industrie & Manufacture,Kétou,+229 76 57 56 88,textile@textile.com,textile.bj,TPE (<10),B2B,APIEx,,Actif,2026-06-29T00:15:34.406472,haute
BJ-3043FFE9,Fabrique Chimie Bénin,Industrie & Manufacture,Covè,+229 50 13 33 40,,fabriquechimiebénin.bj,PME (10-50),B2B,APIEx,,Actif,2026-06-29T00:15:34.406512,moyenne
BJ-7E02BD98,Fabrication Industry,Industrie & Manufacture,Covè,+229 97 27 53 72,,,PME (50-200),B2B,APIEx,,Actif,2026-06-29T00:15:34.406523,basse
BJ-AC703DF4,Transformation SA,Industrie & Manufacture,Covè,+229 78 70 99 22,transformation.sa@transformation.sa.com,transformationsa.bj,PME (10-50),B2B,APIEx,,Actif,2026-06-29T00:15:34.406535,haute
BJ-26220F02,Usine Automobile Industry,Industrie & Manufacture,Covè,+229 82 80 19 54,usine.automobile.industry@usine.automobile.industry.com,,PME (50-200),B2B,APIEx,,Actif,2026-06-29T00:15:34.406550,moyenne
BJ-568DA8EA,Production Bénin Covè,Industrie & Manufacture,Covè,+229 56 72 91 75,,productionbénincovè.bj,TPE (<10),B2B,APIEx,,Actif,2026-06-29T00:15:34.406565,moyenne
BJ-529E4ECD,Manufacture Mécanique,Industrie & Manufacture,Pobè,+229 66 39 21 26,manufacture.mécanique@manufacture.mécanique.net,,PME (10-50),B2B,APIEx,,Actif,2026-06-29T00:15:34.406583,moyenne
BJ-56F1DECD,Métal Bénin,Industrie & Manufacture,Pobè,+229 90 93 89 83,métal.bénin@métal.bénin.bj,,TPE (<10),B2B,APIEx,,Actif,2026-06-29T00:15:34.406597,moyenne
BJ-980E6B92,Mécanique SARL,Industrie & Manufacture,Pobè,+229 85 70 58 66,,mécaniquesarl.bj,PME (10-50),B2B,APIEx,,Actif,2026-06-29T00:15:34.406610,moyenne
BJ-DE01DC49,Pharmaceutique,Industrie & Manufacture,Pobè,+229 97 20 26 95,pharmaceutique@pharmaceutique.benin,pharmaceutique.bj,TPE (<10),B2B,APIEx,,Actif,2026-06-29T00:15:34.406622,haute
BJ-4AE0738B,Production Électronique,Industrie & Manufacture,Pobè,+229 75 39 17 33,,productionélectronique.bj,PME (50-200),B2B,APIEx,,Actif,2026-06-29T00:15:34.406633,moyenne
BJ-F73D6886,Production Chimie,Industrie & Manufacture,Sakété,+229 48 60 76 12,,,TPE (<10),B2B,APIEx,,Actif,2026-06-29T00:15:34.406649,basse
BJ-6B2E8C35,Pharmaceutique SA,Industrie & Manufacture,Sakété,+229 62 41 38 68,pharmaceutique.sa@pharmaceutique.sa.com,,TPE (<10),B2B,APIEx,,Actif,2026-06-29T00:15:34.406673,moyenne
BJ-482EDD93,Usine Plastique Bénin,Industrie & Manufacture,Sakété,+229 28 52 90 99,usine.plastique.bénin@usine.plastique.bénin.org,usineplastiquebénin.bj,TPE (<10),B2B,APIEx,,Actif,2026-06-29T00:15:34.406685,haute
BJ-A180227F,Plastique Manufacture,Industrie & Manufacture,Sakété,+229 48 36 84 96,plastique.manufacture@plastique.manufacture.net,,Grande (>200),B2B,APIEx,,Actif,2026-06-29T00:15:34.406696,moyenne
BJ-8864809C,Industrie Alimentaire,Industrie & Manufacture,Adjara,+229 56 13 40 54,,,TPE (<10),B2B,APIEx,,Actif,2026-06-29T00:15:34.406712,basse
BJ-5DFA56A3,Électronique Factory,Industrie & Manufacture,Adjara,+229 59 86 25 12,,,PME (50-200),B2B,APIEx,,Actif,2026-06-29T00:15:34.406725,basse
BJ-63EF1BDB,Métal,Industrie & Manufacture,Adjara,+229 94 71 81 27,métal@métal.com,,TPE (<10),B2B,APIEx,,Actif,2026-06-29T00:15:34.406738,moyenne
BJ-79E1BD5A,Industrie Mécanique Groupe,Industrie & Manufacture,Adjara,+229 95 98 94 46,,,PME (10-50),B2B,APIEx,,Actif,2026-06-29T00:15:34.406748,basse
BJ-B0E06661,Atelier Plastique,Industrie & Manufacture,Adjara,+229 33 12 93 89,atelier.plastique@atelier.plastique.org,,PME (50-200),B2B,APIEx,,Actif,2026-06-29T00:15:34.406760,moyenne
BJ-9AD5B39D,Atelier Chimie Groupe,Industrie & Manufacture,Allada,+229 53 45 27 67,atelier.chimie.groupe@atelier.chimie.groupe.bj,atelierchimiegroupe.bj,PME (10-50),B2B,APIEx,,Actif,2026-06-29T00:15:34.406781,haute
BJ-ED0D607D,Manufacture Électronique Bénin,Industrie & Manufacture,Allada,+229 52 48 54 54,,,PME (50-200),B2B,APIEx,,Actif,2026-06-29T00:15:34.406816,basse
BJ-B2FBE3C9,Transformation Industry Allada,Industrie & Manufacture,Allada,+229 60 63 76 78,transformation.industry.allada@transformation.industry.allada.benin,transformationindustryallada.bj,TPE (<10),B2B,APIEx,,Actif,2026-06-29T00:15:34.406829,haute
BJ-71C2883D,Alimentaire Africa,Industrie & Manufacture,Aplahoué,+229 21 27 91 94,alimentaire.africa@alimentaire.africa.com,alimentaireafrica.bj,PME (10-50),B2B,APIEx,,Actif,2026-06-29T00:15:34.406870,haute
BJ-49CCD3E2,Usine Métal Groupe,Industrie & Manufacture,Aplahoué,+229 94 46 20 61,usine.métal.groupe@usine.métal.groupe.benin,,PME (50-200),B2B,APIEx,,Actif,2026-06-29T00:15:34.406918,moyenne
BJ-4094A72D,Mécanique Industry Aplahoué,Industrie & Manufacture,Aplahoué,+229 69 82 13 79,mécanique.industry.aplahoué@mécanique.industry.aplahoué.org,,TPE (<10),B2B,APIEx,,Actif,2026-06-29T00:15:34.406936,moyenne
BJ-FB60B145,Fabrique Production SARL Aplahoué,Industrie & Manufacture,Aplahoué,+229 71 15 59 68,fabrique.production.sarl.aplahoué@fabrique.production.sarl.aplahoué.com,fabriqueproductionsarlaplahoué.bj,PME (10-50),B2B,APIEx,,Actif,2026-06-29T00:15:34.406952,haute
BJ-35C4974B,Manufacture Transformation Bénin,Industrie & Manufacture,Aplahoué,+229 79 59 74 46,,,PME (50-200),B2B,APIEx,,Actif,2026-06-29T00:15:34.406963,basse
BJ-7AA2AF1E,Fabrique Fabrication,Industrie & Manufacture,Dogbo-Tota,+229 72 57 90 76,fabrique.fabrication@fabrique.fabrication.com,fabriquefabrication.bj,PME (10-50),B2B,APIEx,,Actif,2026-06-29T00:15:34.406987,haute
BJ-9B966FEE,Alimentaire Africa,Industrie & Manufacture,Dogbo-Tota,+229 80 57 15 39,alimentaire.africa@alimentaire.africa.com,alimentaireafrica.bj,PME (10-50),B2B,APIEx,,Actif,2026-06-29T00:15:34.407004,haute
BJ-C687495A,Fabrication Industry,Industrie & Manufacture,Dogbo-Tota,+229 91 57 81 25,,,Grande (>200),B2B,APIEx,,Actif,2026-06-29T00:15:34.407015,basse
BJ-D4B9EA80,Atelier Chimie Manufacture Dogbo-Tota,Industrie & Manufacture,Dogbo-Tota,+229 35 91 52 12,atelier.chimie.manufacture.dogbotota@atelier.chimie.manufacture.dogbotota.com,,PME (10-50),B2B,APIEx,,Actif,2026-06-29T00:15:34.407028,moyenne
BJ-76536627,Bois Factory,Industrie & Manufacture,Dogbo-Tota,+229 36 16 68 64,bois.factory@bois.factory.org,boisfactory.bj,TPE (<10),B2B,APIEx,,Actif,2026-06-29T00:15:34.407040,haute
BJ-75A96487,Fabrique Textile,Industrie & Manufacture,Kpomassè,+229 92 49 18 63,,fabriquetextile.bj,PME (50-200),B2B,APIEx,,Actif,2026-06-29T00:15:34.407068,moyenne
BJ-5C102361,Alimentaire Factory,Industrie & Manufacture,Kpomassè,+229 25 73 82 19,alimentaire.factory@alimentaire.factory.benin,alimentairefactory.bj,TPE (<10),B2B,APIEx,,Actif,2026-06-29T00:15:34.407116,haute
BJ-21152D5D,Métal Kpomassè,Industrie & Manufacture,Kpomassè,+229 53 92 74 85,,,PME (10-50),B2B,APIEx,,Actif,2026-06-29T00:15:34.407172,basse
BJ-B7AADAA2,Fabrication Africa,Industrie & Manufacture,Kpomassè,+229 44 23 70 93,,,TPE (<10),B2B,APIEx,,Actif,2026-06-29T00:15:34.407196,basse
BJ-6DEA0397,Atelier Alimentaire Factory,Industrie & Manufacture,Tori-Bossito,+229 85 46 10 46,atelier.alimentaire.factory@atelier.alimentaire.factory.org,atelieralimentairefactory.bj,TPE (<10),B2B,APIEx,,Actif,2026-06-29T00:15:34.407243,haute
BJ-2FF44555,Fabrique Chimie,Industrie & Manufacture,Tori-Bossito,+229 54 99 35 42,fabrique.chimie@fabrique.chimie.bj,fabriquechimie.bj,PME (50-200),B2B,APIEx,,Actif,2026-06-29T00:15:34.407271,haute
BJ-4F46EE6D,Transformation Industry,Industrie & Manufacture,Tori-Bossito,+229 38 32 16 46,,,PME (10-50),B2B,APIEx,,Actif,2026-06-29T00:15:34.407308,basse
BJ-F48702A8,Fabrication SA,Industrie & Manufacture,Tori-Bossito,+229 95 97 35 82,fabrication.sa@fabrication.sa.bj,fabricationsa.bj,PME (10-50),B2B,APIEx,,Actif,2026-06-29T00:15:34.407335,haute
BJ-08AEE076,Production Africa,Industrie & Manufacture,Tori-Bossito,+229 28 87 38 55,production.africa@production.africa.com,,TPE (<10),B2B,APIEx,,Actif,2026-06-29T00:15:34.407361,moyenne
BJ-F4F338C9,Fabrique Automobile Factory,Industrie & Manufacture,Grand-Popo,+229 71 84 97 97,,,PME (10-50),B2B,APIEx,,Actif,2026-06-29T00:15:34.407445,basse
BJ-4FD4ADAF,Chimie Groupe,Industrie & Manufacture,Grand-Popo,+229 80 28 98 53,chimie.groupe@chimie.groupe.bj,,PME (10-50),B2B,APIEx,,Actif,2026-06-29T00:15:34.407471,moyenne
BJ-ACF96B6B,Chimie SARL,Industrie & Manufacture,Grand-Popo,+229 74 49 96 59,chimie.sarl@chimie.sarl.benin,,TPE (<10),B2B,APIEx,,Actif,2026-06-29T00:15:34.407495,moyenne
BJ-EF49AC21,Industrie Chimie Factory,Industrie & Manufacture,Grand-Popo,+229 60 96 56 59,,industriechimiefactory.bj,TPE (<10),B2B,APIEx,,Actif,2026-06-29T00:15:34.407520,moyenne
BJ-FAB289CB,Fabrication,Industrie & Manufacture,Athiémé,+229 74 86 14 39,,fabrication.bj,PME (10-50),B2B,APIEx,,Actif,2026-06-29T00:15:34.407564,moyenne
BJ-369FEE7C,Industrie Automobile Africa,Industrie & Manufacture,Athiémé,+229 28 41 94 61,,industrieautomobileafrica.bj,PME (50-200),B2B,APIEx,,Actif,2026-06-29T00:15:34.407581,moyenne
BJ-1573C6FB,Industrie Métal,Industrie & Manufacture,Athiémé,+229 85 84 40 67,,industriemétal.bj,TPE (<10),B2B,APIEx,,Actif,2026-06-29T00:15:34.407612,moyenne
BJ-80980321,Production Manufacture Athiémé,Industrie & Manufacture,Athiémé,+229 89 12 28 34,production.manufacture.athiémé@production.manufacture.athiémé.com,productionmanufactureathiémé.bj,TPE (<10),B2B,APIEx,,Actif,2026-06-29T00:15:34.407631,haute
BJ-BDD2E272,Plastique Factory,Industrie & Manufacture,Bopa,+229 30 60 61 80,plastique.factory@plastique.factory.net,,PME (50-200),B2B,APIEx,,Actif,2026-06-29T00:15:34.407650,moyenne
BJ-A89E602F,Alimentaire Africa,Industrie & Manufacture,Bopa,+229 69 88 32 98,,,TPE (<10),B2B,APIEx,,Actif,2026-06-29T00:15:34.407664,basse
BJ-4ADEC607,Transformation Africa,Industrie & Manufacture,Bopa,+229 34 64 48 47,,transformationafrica.bj,PME (10-50),B2B,APIEx,,Actif,2026-06-29T00:15:34.407676,moyenne
BJ-83F0C7BA,Fabrique Production Factory,Industrie & Manufacture,Bopa,+229 45 83 20 96,fabrique.production.factory@fabrique.production.factory.bj,fabriqueproductionfactory.bj,TPE (<10),B2B,APIEx,,Actif,2026-06-29T00:15:34.407692,haute
BJ-94819D43,Fabrique Pharmaceutique,Industrie & Manufacture,Bopa,+229 28 31 28 81,,,TPE (<10),B2B,APIEx,,Actif,2026-06-29T00:15:34.407702,basse
BJ-076B22A3,Industrie Bois Manufacture,Industrie & Manufacture,Houéyogbé,+229 48 37 95 83,industrie.bois.manufacture@industrie.bois.manufacture.org,industrieboismanufacture.bj,TPE (<10),B2B,APIEx,,Actif,2026-06-29T00:15:34.407721,haute
BJ-0BC9E071,Pharmaceutique,Industrie & Manufacture,Houéyogbé,+229 96 20 58 41,,pharmaceutique.bj,PME (50-200),B2B,APIEx,,Actif,2026-06-29T00:15:34.407732,moyenne
BJ-D5D5A707,Atelier Mécanique Manufacture,Industrie & Manufacture,Houéyogbé,+229 89 23 89 35,atelier.mécanique.manufacture@atelier.mécanique.manufacture.com,,TPE (<10),B2B,APIEx,,Actif,2026-06-29T00:15:34.407746,moyenne
BJ-1B66A834,Industrie Automobile,Industrie & Manufacture,Houéyogbé,+229 93 26 56 43,industrie.automobile@industrie.automobile.bj,,TPE (<10),B2B,APIEx,,Actif,2026-06-29T00:15:34.407768,moyenne
BJ-62471010,Production Métal,Industrie & Manufacture,Malanville,+229 74 89 98 92,,,PME (10-50),B2B,APIEx,,Actif,2026-06-29T00:15:34.407788,basse
BJ-F6064CF0,Bois Factory,Industrie & Manufacture,Malanville,+229 99 30 91 46,bois.factory@bois.factory.bj,boisfactory.bj,PME (50-200),B2B,APIEx,,Actif,2026-06-29T00:15:34.407803,haute
BJ-53CD21B0,Fabrique Pharmaceutique Bénin Malanville,Industrie & Manufacture,Malanville,+229 53 37 95 37,,fabriquepharmaceutiquebéninmalanville.bj,PME (10-50),B2B,APIEx,,Actif,2026-06-29T00:15:34.407827,moyenne
BJ-38E7F60E,Fabrique Électronique,Industrie & Manufacture,Kandi,+229 77 95 98 13,fabrique.électronique@fabrique.électronique.bj,fabriqueélectronique.bj,PME (10-50),B2B,APIEx,,Actif,2026-06-29T00:15:34.407861,haute
BJ-858159C0,Métal Africa,Industrie & Manufacture,Kandi,+229 59 21 66 88,métal.africa@métal.africa.net,,TPE (<10),B2B,APIEx,,Actif,2026-06-29T00:15:34.407885,moyenne
BJ-7231749E,Industrie Mécanique,Industrie & Manufacture,Kandi,+229 29 20 60 36,industrie.mécanique@industrie.mécanique.org,,TPE (<10),B2B,APIEx,,Actif,2026-06-29T00:15:34.407926,moyenne
BJ-8C179CC2,Mécanique,Industrie & Manufacture,Kandi,+229 58 95 65 15,,mécanique.bj,PME (10-50),B2B,APIEx,,Actif,2026-06-29T00:15:34.407939,moyenne
BJ-DF793E52,Plastique Banikoara,Industrie & Manufacture,Banikoara,+229 38 51 66 72,plastique.banikoara@plastique.banikoara.bj,,TPE (<10),B2B,APIEx,,Actif,2026-06-29T00:15:34.407956,moyenne
BJ-4BD9D66C,Chimie Manufacture,Industrie & Manufacture,Banikoara,+229 92 40 99 57,chimie.manufacture@chimie.manufacture.net,,PME (50-200),B2B,APIEx,,Actif,2026-06-29T00:15:34.407971,moyenne
BJ-19AAFD95,Fabrique Textile Africa,Industrie & Manufacture,Banikoara,+229 55 45 13 91,fabrique.textile.africa@fabrique.textile.africa.benin,fabriquetextileafrica.bj,Grande (>200),B2B,APIEx,,Actif,2026-06-29T00:15:34.407983,haute
BJ-B022F219,Automobile Industry,Industrie & Manufacture,Banikoara,+229 37 11 75 64,automobile.industry@automobile.industry.benin,,PME (50-200),B2B,APIEx,,Actif,2026-06-29T00:15:34.407994,moyenne
BJ-B69BBCE7,Production Fabrication Factory Banikoara,Industrie & Manufacture,Banikoara,+229 57 18 73 52,production.fabrication.factory.banikoara@production.fabrication.factory.banikoara.benin,productionfabricationfactorybanikoara.bj,TPE (<10),B2B,APIEx,,Actif,2026-06-29T00:15:34.408006,haute
BJ-FAD31832,Chimie Africa,Industrie & Manufacture,Ségbana,+229 81 49 66 17,,chimieafrica.bj,TPE (<10),B2B,APIEx,,Actif,2026-06-29T00:15:34.408022,moyenne
BJ-049DEC64,Fabrication SA,Industrie & Manufacture,Ségbana,+229 67 74 61 49,fabrication.sa@fabrication.sa.com,fabricationsa.bj,TPE (<10),B2B,APIEx,,Actif,2026-06-29T00:15:34.408046,haute
BJ-EB045054,Atelier Textile Africa,Industrie & Manufacture,Ségbana,+229 59 73 84 18,atelier.textile.africa@atelier.textile.africa.net,ateliertextileafrica.bj,PME (10-50),B2B,APIEx,,Actif,2026-06-29T00:15:34.408058,haute
BJ-2C4D54F2,Production Pharmaceutique Factory,Industrie & Manufacture,Ségbana,+229 40 84 93 46,,,TPE (<10),B2B,APIEx,,Actif,2026-06-29T00:15:34.408068,basse
BJ-13322DAA,Alimentaire Africa,Industrie & Manufacture,Karimama,+229 51 99 38 25,,,PME (10-50),B2B,APIEx,,Actif,2026-06-29T00:15:34.408084,basse
BJ-1447B1D2,Transformation,Industrie & Manufacture,Karimama,+229 43 40 80 93,,transformation.bj,TPE (<10),B2B,APIEx,,Actif,2026-06-29T00:15:34.408115,moyenne
BJ-7CF1426E,Production Électronique Africa,Industrie & Manufacture,Karimama,+229 87 48 79 12,,,PME (10-50),B2B,APIEx,,Actif,2026-06-29T00:15:34.408136,basse
BJ-FD801F45,Plastique Bénin,Industrie & Manufacture,Gogounou,+229 98 23 83 16,,,TPE (<10),B2B,APIEx,,Actif,2026-06-29T00:15:34.408152,basse
BJ-FD03A911,Production Groupe,Industrie & Manufacture,Gogounou,+229 27 96 54 95,production.groupe@production.groupe.com,,TPE (<10),B2B,APIEx,,Actif,2026-06-29T00:15:34.408164,moyenne
BJ-208F3D62,Pharmaceutique,Industrie & Manufacture,Gogounou,+229 35 27 34 41,pharmaceutique@pharmaceutique.org,pharmaceutique.bj,PME (10-50),B2B,APIEx,,Actif,2026-06-29T00:15:34.408175,haute
BJ-01E7BECC,Transformation,Industrie & Manufacture,Gogounou,+229 51 37 84 85,,transformation.bj,TPE (<10),B2B,APIEx,,Actif,2026-06-29T00:15:34.408184,moyenne
BJ-CC5B74FB,Chimie Bénin,Industrie & Manufacture,Gogounou,+229 54 60 23 32,,,TPE (<10),B2B,APIEx,,Actif,2026-06-29T00:15:34.408194,basse
BJ-C625892B,Chimie Bénin,Industrie & Manufacture,Cobly,+229 59 47 34 31,,,PME (50-200),B2B,APIEx,,Actif,2026-06-29T00:15:34.408224,basse
BJ-6402ED9C,Production Fabrication SARL,Industrie & Manufacture,Tanguiéta,+229 30 10 39 41,,productionfabricationsarl.bj,PME (10-50),B2B,APIEx,,Actif,2026-06-29T00:15:34.408274,moyenne
BJ-245A567D,Usine Mécanique Industry,Industrie & Manufacture,Tanguiéta,+229 92 93 23 70,usine.mécanique.industry@usine.mécanique.industry.net,,TPE (<10),B2B,APIEx,,Actif,2026-06-29T00:15:34.408286,moyenne
BJ-ADA2F368,Manufacture Alimentaire SARL,Industrie & Manufacture,Tanguiéta,+229 38 29 61 72,,,Grande (>200),B2B,APIEx,,Actif,2026-06-29T00:15:34.408326,basse
BJ-110C2D57,Plastique SA,Industrie & Manufacture,Matéri,+229 59 14 19 51,plastique.sa@plastique.sa.net,,PME (10-50),B2B,APIEx,,Actif,2026-06-29T00:15:34.408343,moyenne
BJ-EAB00AAF,Industrie Fabrication,Industrie & Manufacture,Matéri,+229 28 53 14 34,,industriefabrication.bj,PME (10-50),B2B,APIEx,,Actif,2026-06-29T00:15:34.408357,moyenne
BJ-9D006D3A,Fabrique Électronique Factory,Industrie & Manufacture,Matéri,+229 43 89 27 75,fabrique.électronique.factory@fabrique.électronique.factory.com,fabriqueélectroniquefactory.bj,PME (10-50),B2B,APIEx,,Actif,2026-06-29T00:15:34.408370,haute
BJ-74A3744B,Manufacture Bois Bénin,Industrie & Manufacture,Matéri,+229 42 64 32 39,manufacture.bois.bénin@manufacture.bois.bénin.net,,Grande (>200),B2B,APIEx,,Actif,2026-06-29T00:15:34.408383,moyenne
BJ-8FBACA36,Atelier Mécanique Groupe,Industrie & Manufacture,Natitingou,+229 82 44 99 87,atelier.mécanique.groupe@atelier.mécanique.groupe.com,ateliermécaniquegroupe.bj,TPE (<10),B2B,APIEx,,Actif,2026-06-29T00:15:34.408412,haute
BJ-14FBFD28,Pharmaceutique Manufacture,Industrie & Manufacture,Natitingou,+229 75 32 33 22,,pharmaceutiquemanufacture.bj,TPE (<10),B2B,APIEx,,Actif,2026-06-29T00:15:34.408437,moyenne
BJ-4C9E2BDE,Atelier Chimie Manufacture,Industrie & Manufacture,Natitingou,+229 89 73 52 49,atelier.chimie.manufacture@atelier.chimie.manufacture.bj,,TPE (<10),B2B,APIEx,,Actif,2026-06-29T00:15:34.408448,moyenne
BJ-05B7E19E,Atelier Bois,Industrie & Manufacture,Natitingou,+229 65 24 82 32,,atelierbois.bj,PME (50-200),B2B,APIEx,,Actif,2026-06-29T00:15:34.408459,moyenne
BJ-B91715CE,Fabrication,Industrie & Manufacture,Toucountouna,+229 23 78 22 51,fabrication@fabrication.bj,fabrication.bj,TPE (<10),B2B,APIEx,,Actif,2026-06-29T00:15:34.408476,haute
BJ-6D704425,Industrie Fabrication Bénin,Industrie & Manufacture,Toucountouna,+229 91 97 26 67,industrie.fabrication.bénin@industrie.fabrication.bénin.bj,industriefabricationbénin.bj,TPE (<10),B2B,APIEx,,Actif,2026-06-29T00:15:34.408491,haute
BJ-39FDEB96,Industrie Alimentaire,Industrie & Manufacture,Toucountouna,+229 88 42 41 15,,,PME (50-200),B2B,APIEx,,Actif,2026-06-29T00:15:34.408502,basse
BJ-8540D474,Atelier Production Manufacture Toucountouna,Industrie & Manufacture,Toucountouna,+229 32 22 39 86,atelier.production.manufacture.toucountouna@atelier.production.manufacture.toucountouna.bj,,Grande (>200),B2B,APIEx,,Actif,2026-06-29T00:15:34.408514,moyenne
BJ-6AA50FF6,Usine Bois,Industrie & Manufacture,Toucountouna,+229 31 10 11 17,usine.bois@usine.bois.org,usinebois.bj,TPE (<10),B2B,APIEx,,Actif,2026-06-29T00:15:34.408528,haute
BJ-3AA46ABF,Production Boukoumbé,Industrie & Manufacture,Boukoumbé,+229 27 87 11 10,,productionboukoumbé.bj,TPE (<10),B2B,APIEx,,Actif,2026-06-29T00:15:34.408545,moyenne
BJ-66AAB7EB,Usine Bois Boukoumbé,Industrie & Manufacture,Boukoumbé,+229 45 49 64 33,usine.bois.boukoumbé@usine.bois.boukoumbé.net,,PME (10-50),B2B,APIEx,,Actif,2026-06-29T00:15:34.408557,moyenne
BJ-C27EFB65,Industrie Électronique,Industrie & Manufacture,Boukoumbé,+229 73 17 59 33,industrie.électronique@industrie.électronique.benin,,TPE (<10),B2B,APIEx,,Actif,2026-06-29T00:15:34.408569,moyenne
BJ-6CC27154,Fabrique Transformation,Industrie & Manufacture,Boukoumbé,+229 64 39 26 28,fabrique.transformation@fabrique.transformation.bj,fabriquetransformation.bj,PME (50-200),B2B,APIEx,,Actif,2026-06-29T00:15:34.408580,haute
BJ-0873CAC4,Fabrication,Industrie & Manufacture,Kouandé,+229 89 44 27 56,fabrication@fabrication.net,fabrication.bj,TPE (<10),B2B,APIEx,,Actif,2026-06-29T00:15:34.408608,haute
BJ-5D1331BF,Fabrique Électronique Bénin,Industrie & Manufacture,Kouandé,+229 94 93 15 66,,,PME (10-50),B2B,APIEx,,Actif,2026-06-29T00:15:34.408633,basse
BJ-68308DB5,Production Kouandé,Industrie & Manufacture,Kouandé,+229 37 49 83 61,,productionkouandé.bj,PME (10-50),B2B,APIEx,,Actif,2026-06-29T00:15:34.408656,moyenne
BJ-0C80DD08,Production,Industrie & Manufacture,Péhunco,+229 26 74 47 59,production@production.net,production.bj,PME (10-50),B2B,APIEx,,Actif,2026-06-29T00:15:34.408673,haute
BJ-98E5C52D,Fabrique Électronique Groupe,Industrie & Manufacture,Péhunco,+229 44 93 85 15,fabrique.électronique.groupe@fabrique.électronique.groupe.org,fabriqueélectroniquegroupe.bj,PME (50-200),B2B,APIEx,,Actif,2026-06-29T00:15:34.408686,haute
BJ-C4A09B51,Manufacture Textile Bénin,Industrie & Manufacture,Péhunco,+229 59 58 44 27,,,PME (10-50),B2B,APIEx,,Actif,2026-06-29T00:15:34.408696,basse
BJ-355ADD2A,Textile Manufacture,Industrie & Manufacture,Péhunco,+229 76 74 65 13,textile.manufacture@textile.manufacture.net,textilemanufacture.bj,PME (50-200),B2B,APIEx,,Actif,2026-06-29T00:15:34.408708,haute
BJ-3B9563AD,Usine Bois,Industrie & Manufacture,Péhunco,+229 37 16 24 33,usine.bois@usine.bois.bj,,PME (10-50),B2B,APIEx,,Actif,2026-06-29T00:15:34.408719,moyenne
BJ-576E08B6,Usine Mécanique Groupe,Industrie & Manufacture,Tchaourou,+229 84 51 61 56,usine.mécanique.groupe@usine.mécanique.groupe.bj,usinemécaniquegroupe.bj,TPE (<10),B2B,APIEx,,Actif,2026-06-29T00:15:34.408736,haute
BJ-2BAAF077,Production Automobile Industry,Industrie & Manufacture,Tchaourou,+229 31 44 40 91,production.automobile.industry@production.automobile.industry.net,,TPE (<10),B2B,APIEx,,Actif,2026-06-29T00:15:34.408750,moyenne
BJ-1B99790D,Manufacture Chimie SARL,Industrie & Manufacture,Tchaourou,+229 84 70 16 39,,,PME (10-50),B2B,APIEx,,Actif,2026-06-29T00:15:34.408774,basse
BJ-D152C126,Textile Tchaourou,Industrie & Manufacture,Tchaourou,+229 54 21 92 90,textile.tchaourou@textile.tchaourou.net,textiletchaourou.bj,TPE (<10),B2B,APIEx,,Actif,2026-06-29T00:15:34.408789,haute
BJ-B7B03CDD,Atelier Chimie Nikki,Industrie & Manufacture,Nikki,+229 39 82 68 59,atelier.chimie.nikki@atelier.chimie.nikki.net,atelierchimienikki.bj,TPE (<10),B2B,APIEx,,Actif,2026-06-29T00:15:34.408816,haute
BJ-48325CD8,Fabrication Bénin,Industrie & Manufacture,Nikki,+229 74 29 83 38,fabrication.bénin@fabrication.bénin.com,,Grande (>200),B2B,APIEx,,Actif,2026-06-29T00:15:34.408827,moyenne
BJ-5D3406F4,Fabrique Pharmaceutique Nikki,Industrie & Manufacture,Nikki,+229 30 99 73 53,,fabriquepharmaceutiquenikki.bj,Grande (>200),B2B,APIEx,,Actif,2026-06-29T00:15:34.408838,moyenne
BJ-3131C44B,Électronique Bénin,Industrie & Manufacture,Nikki,+229 31 21 17 94,,,Grande (>200),B2B,APIEx,,Actif,2026-06-29T00:15:34.408848,basse
BJ-EDC7B01A,Métal SARL,Industrie & Manufacture,Bembéréké,+229 32 56 99 60,métal.sarl@métal.sarl.benin,métalsarl.bj,Grande (>200),B2B,APIEx,,Actif,2026-06-29T00:15:34.408898,haute
BJ-1C0C1AD1,Usine Bois,Industrie & Manufacture,Bembéréké,+229 85 45 31 90,usine.bois@usine.bois.com,usinebois.bj,TPE (<10),B2B,APIEx,,Actif,2026-06-29T00:15:34.408930,haute
BJ-009CFAAF,Production Chimie Kalalé,Industrie & Manufacture,Kalalé,+229 56 94 15 53,production.chimie.kalalé@production.chimie.kalalé.org,,TPE (<10),B2B,APIEx,,Actif,2026-06-29T00:15:34.408974,moyenne
BJ-7889F633,Industrie Mécanique,Industrie & Manufacture,Kalalé,+229 81 58 71 56,industrie.mécanique@industrie.mécanique.net,industriemécanique.bj,Grande (>200),B2B,APIEx,,Actif,2026-06-29T00:15:34.408989,haute
BJ-122F1BA6,Usine Chimie Manufacture,Industrie & Manufacture,Kalalé,+229 71 91 15 31,,usinechimiemanufacture.bj,TPE (<10),B2B,APIEx,,Actif,2026-06-29T00:15:34.409000,moyenne
BJ-D21777B8,Industrie Électronique SA,Industrie & Manufacture,Kalalé,+229 37 28 46 51,,industrieélectroniquesa.bj,PME (50-200),B2B,APIEx,,Actif,2026-06-29T00:15:34.409012,moyenne
BJ-B937125D,Manufacture Pharmaceutique Bénin Kalalé,Industrie & Manufacture,Kalalé,+229 85 10 13 81,manufacture.pharmaceutique.bénin.kalalé@manufacture.pharmaceutique.bénin.kalalé.com,manufacturepharmaceutiquebéninkalalé.bj,TPE (<10),B2B,APIEx,,Actif,2026-06-29T00:15:34.409029,haute
BJ-304D6541,Fabrication Groupe,Industrie & Manufacture,Ndali,+229 51 52 85 85,,,TPE (<10),B2B,APIEx,,Actif,2026-06-29T00:15:34.409045,basse
BJ-4539BF7A,Production Alimentaire,Industrie & Manufacture,Ndali,+229 81 55 18 73,production.alimentaire@production.alimentaire.bj,,TPE (<10),B2B,APIEx,,Actif,2026-06-29T00:15:34.409070,moyenne
BJ-0D471E60,Atelier Fabrication SA,Industrie & Manufacture,Ndali,+229 69 27 16 75,atelier.fabrication.sa@atelier.fabrication.sa.benin,atelierfabricationsa.bj,TPE (<10),B2B,APIEx,,Actif,2026-06-29T00:15:34.409082,haute
BJ-3FBB9172,Production Fabrication Bénin Ndali,Industrie & Manufacture,Ndali,+229 80 69 71 94,production.fabrication.bénin.ndali@production.fabrication.bénin.ndali.bj,productionfabricationbéninndali.bj,Grande (>200),B2B,APIEx,,Actif,2026-06-29T00:15:34.409098,haute
BJ-93867AF2,Chimie Ségbana,Industrie & Manufacture,Ségbana,+229 31 81 23 34,,chimieségbana.bj,PME (10-50),B2B,APIEx,,Actif,2026-06-29T00:15:34.409118,moyenne
BJ-CFCBD116,Industrie Plastique,Industrie & Manufacture,Ségbana,+229 23 27 54 31,industrie.plastique@industrie.plastique.benin,,PME (10-50),B2B,APIEx,,Actif,2026-06-29T00:15:34.409131,moyenne
BJ-C919D2DE,Bois SA,Industrie & Manufacture,Ségbana,+229 88 67 34 26,,,Grande (>200),B2B,APIEx,,Actif,2026-06-29T00:15:34.409142,basse
BJ-30154062,Fabrique Production SA,Industrie & Manufacture,Ségbana,+229 49 72 71 37,fabrique.production.sa@fabrique.production.sa.com,,PME (50-200),B2B,APIEx,,Actif,2026-06-29T00:15:34.409153,moyenne
BJ-C7C4E2AB,Atelier Mécanique,Industrie & Manufacture,Tchaourou,+229 96 23 55 59,,ateliermécanique.bj,PME (10-50),B2B,APIEx,,Actif,2026-06-29T00:15:34.409180,moyenne
BJ-44225406,Industrie Chimie Tchaourou,Industrie & Manufacture,Tchaourou,+229 21 51 63 87,industrie.chimie.tchaourou@industrie.chimie.tchaourou.com,,PME (50-200),B2B,APIEx,,Actif,2026-06-29T00:15:34.409197,moyenne
BJ-73C2C6C4,Production Plastique,Industrie & Manufacture,Tchaourou,+229 41 64 16 83,,productionplastique.bj,Grande (>200),B2B,APIEx,,Actif,2026-06-29T00:15:34.409208,moyenne
BJ-A5AF4F63,Manufacture Bois,Industrie & Manufacture,Tchaourou,+229 31 63 82 96,manufacture.bois@manufacture.bois.org,,PME (50-200),B2B,APIEx,,Actif,2026-06-29T00:15:34.409219,moyenne
BJ-4C3A496F,Industrie Alimentaire,Industrie & Manufacture,Tchaourou,+229 24 66 89 55,industrie.alimentaire@industrie.alimentaire.bj,,TPE (<10),B2B,APIEx,,Actif,2026-06-29T00:15:34.409232,moyenne
BJ-D29D9D46,Métal Bétérou,Industrie & Manufacture,Bétérou,+229 34 86 57 10,métal.bétérou@métal.bétérou.bj,métalbétérou.bj,TPE (<10),B2B,APIEx,,Actif,2026-06-29T00:15:34.409250,haute
BJ-90D93458,Production Métal Bétérou,Industrie & Manufacture,Bétérou,+229 70 14 44 24,production.métal.bétérou@production.métal.bétérou.benin,productionmétalbétérou.bj,PME (50-200),B2B,APIEx,,Actif,2026-06-29T00:15:34.409263,haute
BJ-9D10858A,Fabrique Chimie Industry,Industrie & Manufacture,Bétérou,+229 59 44 86 51,fabrique.chimie.industry@fabrique.chimie.industry.benin,fabriquechimieindustry.bj,TPE (<10),B2B,APIEx,,Actif,2026-06-29T00:15:34.409275,haute
BJ-4C9F43D3,Usine Transformation,Industrie & Manufacture,Bétérou,+229 54 36 11 57,usine.transformation@usine.transformation.benin,usinetransformation.bj,PME (50-200),B2B,APIEx,,Actif,2026-06-29T00:15:34.409287,haute
BJ-BE53C34E,Chimie SARL,Industrie & Manufacture,Bétérou,+229 27 82 38 99,,,PME (10-50),B2B,APIEx,,Actif,2026-06-29T00:15:34.409296,basse
BJ-B9E650A3,Fabrique Transformation Manufacture,Industrie & Manufacture,Ouessè,+229 42 95 39 97,,fabriquetransformationmanufacture.bj,TPE (<10),B2B,APIEx,,Actif,2026-06-29T00:15:34.409312,moyenne
BJ-95ADA2EB,Industrie Textile,Industrie & Manufacture,Ouessè,+229 94 28 36 50,industrie.textile@industrie.textile.com,,TPE (<10),B2B,APIEx,,Actif,2026-06-29T00:15:34.409326,moyenne
BJ-24640262,Usine Textile SARL,Industrie & Manufacture,Ouessè,+229 33 96 35 54,,usinetextilesarl.bj,PME (50-200),B2B,APIEx,,Actif,2026-06-29T00:15:34.409337,moyenne
BJ-53FBAC19,Métal Ouessè,Industrie & Manufacture,Ouessè,+229 69 63 38 23,métal.ouessè@métal.ouessè.bj,,TPE (<10),B2B,APIEx,,Actif,2026-06-29T00:15:34.409349,moyenne
BJ-01E49F75,Usine Chimie SA,Industrie & Manufacture,Ouessè,+229 80 81 87 26,,,Grande (>200),B2B,APIEx,,Actif,2026-06-29T00:15:34.409359,basse
BJ-0E6A1D81,Mécanique Factory,Industrie & Manufacture,Glazoué,+229 84 56 21 94,mécanique.factory@mécanique.factory.net,mécaniquefactory.bj,PME (50-200),B2B,APIEx,,Actif,2026-06-29T00:15:34.409377,haute
BJ-FC32CCFF,Fabrique Mécanique Bénin,Industrie & Manufacture,Glazoué,+229 83 60 17 32,fabrique.mécanique.bénin@fabrique.mécanique.bénin.net,,PME (10-50),B2B,APIEx,,Actif,2026-06-29T00:15:34.409400,moyenne
BJ-4B033406,Atelier Automobile SARL,Industrie & Manufacture,Glazoué,+229 95 98 10 70,atelier.automobile.sarl@atelier.automobile.sarl.net,,Grande (>200),B2B,APIEx,,Actif,2026-06-29T00:15:34.409410,moyenne
BJ-909F4874,Transformation Africa,Industrie & Manufacture,Glazoué,+229 21 26 61 47,transformation.africa@transformation.africa.bj,transformationafrica.bj,PME (50-200),B2B,APIEx,,Actif,2026-06-29T00:15:34.409423,haute
BJ-16D7FE1D,Plastique,Industrie & Manufacture,Dassa-Zoumè,+229 36 98 30 70,,,Grande (>200),B2B,APIEx,,Actif,2026-06-29T00:15:34.409474,basse
BJ-F1F2F673,Chimie SARL,Industrie & Manufacture,Dassa-Zoumè,+229 91 66 28 39,,chimiesarl.bj,PME (10-50),B2B,APIEx,,Actif,2026-06-29T00:15:34.409484,moyenne
BJ-8CD3936C,Chimie Africa,Industrie & Manufacture,Savalou,+229 40 69 99 32,chimie.africa@chimie.africa.com,chimieafrica.bj,PME (50-200),B2B,APIEx,,Actif,2026-06-29T00:15:34.409501,haute
BJ-4DD17A1F,Plastique SA,Industrie & Manufacture,Savalou,+229 22 77 11 55,plastique.sa@plastique.sa.bj,,TPE (<10),B2B,APIEx,,Actif,2026-06-29T00:15:34.409512,moyenne
BJ-273FC210,Textile Groupe,Industrie & Manufacture,Savalou,+229 69 63 88 37,textile.groupe@textile.groupe.org,,PME (50-200),B2B,APIEx,,Actif,2026-06-29T00:15:34.409522,moyenne
BJ-562BC3D3,Production Chimie Africa,Industrie & Manufacture,Savalou,+229 83 19 68 24,production.chimie.africa@production.chimie.africa.bj,,TPE (<10),B2B,APIEx,,Actif,2026-06-29T00:15:34.409533,moyenne
BJ-B6CD5081,Automobile Industry Savalou,Industrie & Manufacture,Savalou,+229 75 42 99 22,,automobileindustrysavalou.bj,PME (10-50),B2B,APIEx,,Actif,2026-06-29T00:15:34.409547,moyenne
BJ-9FBA2677,Production Automobile SARL,Industrie & Manufacture,Bantè,+229 87 94 72 35,production.automobile.sarl@production.automobile.sarl.com,,TPE (<10),B2B,APIEx,,Actif,2026-06-29T00:15:34.409563,moyenne
BJ-C6656FFB,Manufacture Chimie Bantè,Industrie & Manufacture,Bantè,+229 55 36 81 77,,,TPE (<10),B2B,APIEx,,Actif,2026-06-29T00:15:34.409576,basse
BJ-C0A4B073,Bois,Industrie & Manufacture,Bantè,+229 46 96 98 28,,,Grande (>200),B2B,APIEx,,Actif,2026-06-29T00:15:34.409587,basse
BJ-69E42B2B,Textile Bénin,Industrie & Manufacture,Bantè,+229 28 95 51 69,,,PME (50-200),B2B,APIEx,,Actif,2026-06-29T00:15:34.409597,basse
BJ-D704485A,Chimie Manufacture,Industrie & Manufacture,Bantè,+229 47 28 41 81,chimie.manufacture@chimie.manufacture.org,chimiemanufacture.bj,PME (50-200),B2B,APIEx,,Actif,2026-06-29T00:15:34.409608,haute
BJ-E3558D9F,Alimentaire SA,Industrie & Manufacture,Djougou,+229 50 72 25 68,alimentaire.sa@alimentaire.sa.org,,PME (10-50),B2B,APIEx,,Actif,2026-06-29T00:15:34.409624,moyenne
BJ-D5861147,Atelier Fabrication,Industrie & Manufacture,Djougou,+229 55 41 52 48,atelier.fabrication@atelier.fabrication.benin,,TPE (<10),B2B,APIEx,,Actif,2026-06-29T00:15:34.409634,moyenne
BJ-46D512E7,Plastique,Industrie & Manufacture,Djougou,+229 88 86 28 43,plastique@plastique.net,plastique.bj,PME (50-200),B2B,APIEx,,Actif,2026-06-29T00:15:34.409668,haute
BJ-56B00C06,Alimentaire Factory,Industrie & Manufacture,Ouèssè,+229 47 82 87 78,,,TPE (<10),B2B,APIEx,,Actif,2026-06-29T00:15:34.409684,basse
BJ-8DF81947,Transformation,Industrie & Manufacture,Ouèssè,+229 78 75 18 93,transformation@transformation.com,transformation.bj,PME (10-50),B2B,APIEx,,Actif,2026-06-29T00:15:34.409698,haute
BJ-AAD15178,Usine Électronique Ouèssè,Industrie & Manufacture,Ouèssè,+229 88 11 39 27,usine.électronique.ouèssè@usine.électronique.ouèssè.net,usineélectroniqueouèssè.bj,PME (50-200),B2B,APIEx,,Actif,2026-06-29T00:15:34.409711,haute
BJ-A2C96F7C,Fabrication Factory,Industrie & Manufacture,Ouèssè,+229 86 38 41 80,,,TPE (<10),B2B,APIEx,,Actif,2026-06-29T00:15:34.409721,basse
BJ-347524CC,Manufacture Production,Industrie & Manufacture,Ouèssè,+229 74 18 36 34,manufacture.production@manufacture.production.benin,manufactureproduction.bj,PME (10-50),B2B,APIEx,,Actif,2026-06-29T00:15:34.409732,haute
BJ-AC28D398,Usine Chimie,Industrie & Manufacture,Bassila,+229 29 15 85 76,usine.chimie@usine.chimie.org,,PME (10-50),B2B,APIEx,,Actif,2026-06-29T00:15:34.409749,moyenne
BJ-34E06076,Fabrique Fabrication Groupe,Industrie & Manufacture,Bassila,+229 30 23 18 63,,,PME (10-50),B2B,APIEx,,Actif,2026-06-29T00:15:34.409758,basse
BJ-735FBEB4,Fabrique Production,Industrie & Manufacture,Bassila,+229 45 54 49 36,,,Grande (>200),B2B,APIEx,,Actif,2026-06-29T00:15:34.409769,basse
BJ-05284139,Alimentaire Bénin,Industrie & Manufacture,Bassila,+229 27 67 45 87,,,PME (50-200),B2B,APIEx,,Actif,2026-06-29T00:15:34.409778,basse
BJ-4DCA5B1D,Industrie Pharmaceutique,Industrie & Manufacture,Bassila,+229 43 69 16 27,,,TPE (<10),B2B,APIEx,,Actif,2026-06-29T00:15:34.409788,basse
BJ-5F140B63,Manufacture Textile Groupe,Industrie & Manufacture,Pehunco,+229 57 85 12 38,manufacture.textile.groupe@manufacture.textile.groupe.com,,PME (50-200),B2B,APIEx,,Actif,2026-06-29T00:15:34.409804,moyenne
BJ-BDF9D249,Manufacture Bois Industry Pehunco,Industrie & Manufacture,Pehunco,+229 35 30 43 30,manufacture.bois.industry.pehunco@manufacture.bois.industry.pehunco.bj,manufactureboisindustrypehunco.bj,TPE (<10),B2B,APIEx,,Actif,2026-06-29T00:15:34.409819,haute
BJ-07655F2C,Alimentaire SARL,Industrie & Manufacture,Pehunco,+229 65 62 60 77,,,TPE (<10),B2B,APIEx,,Actif,2026-06-29T00:15:34.409839,basse
BJ-2289850C,Manufacture Bois Groupe,Industrie & Manufacture,Pehunco,+229 23 50 50 78,,manufactureboisgroupe.bj,PME (50-200),B2B,APIEx,,Actif,2026-06-29T00:15:34.409852,moyenne
BJ-7FE7D85B,Manufacture Automobile Copargo,Industrie & Manufacture,Copargo,+229 39 65 96 50,manufacture.automobile.copargo@manufacture.automobile.copargo.org,,TPE (<10),B2B,APIEx,,Actif,2026-06-29T00:15:34.409869,moyenne
BJ-EF24F248,Atelier Plastique,Industrie & Manufacture,Copargo,+229 91 16 67 95,,,TPE (<10),B2B,APIEx,,Actif,2026-06-29T00:15:34.409879,basse
BJ-1B95C73F,Manufacture Bois Factory Copargo,Industrie & Manufacture,Copargo,+229 88 90 15 12,manufacture.bois.factory.copargo@manufacture.bois.factory.copargo.net,manufactureboisfactorycopargo.bj,PME (10-50),B2B,APIEx,,Actif,2026-06-29T00:15:34.409923,haute
BJ-580D9F11,Usine Chimie Manufacture Copargo,Industrie & Manufacture,Copargo,+229 54 62 75 60,,usinechimiemanufacturecopargo.bj,PME (10-50),B2B,APIEx,,Actif,2026-06-29T00:15:34.409950,moyenne
BJ-37ED64C4,Automobile,Industrie & Manufacture,Copargo,+229 27 68 43 12,,automobile.bj,PME (10-50),B2B,APIEx,,Actif,2026-06-29T00:15:34.409974,moyenne
BJ-7FE9001B,Consulting Business International,Services aux entreprises,Cotonou,+229 95 77 19 62,consulting.business.international@consulting.business.international.org,consultingbusinessinternational.bj,TPE (<10),B2B,APIEx,,Actif,2026-06-29T00:15:34.410023,haute
BJ-2AE141C5,Bureau Management Advisory,Services aux entreprises,Cotonou,+229 73 81 33 22,,bureaumanagementadvisory.bj,TPE (<10),B2B,APIEx,,Actif,2026-06-29T00:15:34.410035,moyenne
BJ-3C7DC38F,Audit Cotonou,Services aux entreprises,Cotonou,+229 66 77 77 13,audit.cotonou@audit.cotonou.benin,auditcotonou.bj,TPE (<10),B2B,APIEx,,Actif,2026-06-29T00:15:34.410046,haute
BJ-219E097E,Agence Conseil Cabinet,Services aux entreprises,Cotonou,+229 50 26 98 28,agence.conseil.cabinet@agence.conseil.cabinet.bj,agenceconseilcabinet.bj,TPE (<10),B2B,APIEx,,Actif,2026-06-29T00:15:34.410058,haute
BJ-3D2D6C88,Management Abomey-Calavi,Services aux entreprises,Abomey-Calavi,+229 48 32 56 72,management.abomeycalavi@management.abomeycalavi.org,managementabomeycalavi.bj,Grande (>200),B2B,APIEx,,Actif,2026-06-29T00:15:34.410075,haute
BJ-D9542DE3,RH Advisory Abomey-Calavi,Services aux entreprises,Abomey-Calavi,+229 76 67 14 43,rh.advisory.abomeycalavi@rh.advisory.abomeycalavi.benin,rhadvisoryabomeycalavi.bj,PME (50-200),B2B,APIEx,,Actif,2026-06-29T00:15:34.410087,haute
BJ-D88F61F6,Conseil Stratégie,Services aux entreprises,Abomey-Calavi,+229 71 50 28 95,conseil.stratégie@conseil.stratégie.com,conseilstratégie.bj,PME (10-50),B2B,APIEx,,Actif,2026-06-29T00:15:34.410100,haute
BJ-3EF415A0,Stratégie Cabinet,Services aux entreprises,Abomey-Calavi,+229 67 15 14 47,stratégie.cabinet@stratégie.cabinet.org,stratégiecabinet.bj,PME (50-200),B2B,APIEx,,Actif,2026-06-29T00:15:34.410111,haute
BJ-B19ADCFE,Conseil Expert Bénin Abomey-Calavi,Services aux entreprises,Abomey-Calavi,+229 76 77 51 68,conseil.expert.bénin.abomeycalavi@conseil.expert.bénin.abomeycalavi.net,conseilexpertbéninabomeycalavi.bj,PME (50-200),B2B,APIEx,,Actif,2026-06-29T00:15:34.410125,haute
BJ-6815F5E4,Cabinet Audit Consulting,Services aux entreprises,Porto-Novo,+229 79 86 95 50,cabinet.audit.consulting@cabinet.audit.consulting.bj,cabinetauditconsulting.bj,TPE (<10),B2B,APIEx,,Actif,2026-06-29T00:15:34.410142,haute
BJ-566A4E28,Agence Juridique,Services aux entreprises,Porto-Novo,+229 21 84 23 65,agence.juridique@agence.juridique.com,agencejuridique.bj,TPE (<10),B2B,APIEx,,Actif,2026-06-29T00:15:34.410159,haute
BJ-1D7E2831,Conseil Business Bureau Porto-Novo,Services aux entreprises,Porto-Novo,+229 55 87 82 16,,conseilbusinessbureauportonovo.bj,Grande (>200),B2B,APIEx,,Actif,2026-06-29T00:15:34.410170,moyenne
BJ-765BB6DE,Bureau Fiscal Partners,Services aux entreprises,Porto-Novo,+229 75 30 76 23,bureau.fiscal.partners@bureau.fiscal.partners.org,bureaufiscalpartners.bj,PME (10-50),B2B,APIEx,,Actif,2026-06-29T00:15:34.410183,haute
BJ-2AF8B33F,Marketing Cabinet,Services aux entreprises,Porto-Novo,+229 75 91 20 45,marketing.cabinet@marketing.cabinet.net,marketingcabinet.bj,PME (50-200),B2B,APIEx,,Actif,2026-06-29T00:15:34.410194,haute
BJ-2ED51721,Comptable Advisory Parakou,Services aux entreprises,Parakou,+229 57 13 84 39,,comptableadvisoryparakou.bj,TPE (<10),B2B,APIEx,,Actif,2026-06-29T00:15:34.410210,moyenne
BJ-0A5F7867,Bureau Conseil Consulting,Services aux entreprises,Parakou,+229 69 83 77 53,,bureauconseilconsulting.bj,PME (50-200),B2B,APIEx,,Actif,2026-06-29T00:15:34.410220,moyenne
BJ-D8E5DEAA,Cabinet Conseil,Services aux entreprises,Parakou,+229 47 70 99 96,cabinet.conseil@cabinet.conseil.com,,PME (50-200),B2B,APIEx,,Actif,2026-06-29T00:15:34.410231,moyenne
BJ-553C0EF0,Expert Comptable Consulting,Services aux entreprises,Parakou,+229 90 17 83 12,expert.comptable.consulting@expert.comptable.consulting.com,expertcomptableconsulting.bj,PME (50-200),B2B,APIEx,,Actif,2026-06-29T00:15:34.410250,haute
BJ-1BB5A08E,Conseil Audit,Services aux entreprises,Parakou,+229 54 84 72 70,conseil.audit@conseil.audit.com,conseilaudit.bj,Grande (>200),B2B,APIEx,,Actif,2026-06-29T00:15:34.410262,haute
BJ-DDB4FE0B,Expert Audit Bénin Bohicon,Services aux entreprises,Bohicon,+229 75 22 17 83,expert.audit.bénin.bohicon@expert.audit.bénin.bohicon.bj,,PME (50-200),B2B,APIEx,,Actif,2026-06-29T00:15:34.410279,moyenne
BJ-B55ECA01,Conseil Business,Services aux entreprises,Bohicon,+229 37 38 20 46,,conseilbusiness.bj,PME (50-200),B2B,APIEx,,Actif,2026-06-29T00:15:34.410304,moyenne
BJ-EE5D8E7D,Consulting Business Bohicon,Services aux entreprises,Bohicon,+229 91 81 46 10,consulting.business.bohicon@consulting.business.bohicon.bj,consultingbusinessbohicon.bj,TPE (<10),B2B,APIEx,,Actif,2026-06-29T00:15:34.410316,haute
BJ-0A2AC233,Marketing,Services aux entreprises,Bohicon,+229 89 72 66 23,marketing@marketing.com,marketing.bj,TPE (<10),B2B,APIEx,,Actif,2026-06-29T00:15:34.410327,haute
BJ-AFC0BB21,Management Natitingou,Services aux entreprises,Natitingou,+229 96 75 48 48,management.natitingou@management.natitingou.com,managementnatitingou.bj,TPE (<10),B2B,APIEx,,Actif,2026-06-29T00:15:34.410344,haute
BJ-E98F927F,Cabinet Fiscal Natitingou,Services aux entreprises,Natitingou,+229 22 52 10 29,cabinet.fiscal.natitingou@cabinet.fiscal.natitingou.org,,Grande (>200),B2B,APIEx,,Actif,2026-06-29T00:15:34.410358,moyenne
BJ-63A1981A,Agence Consulting,Services aux entreprises,Natitingou,+229 34 89 85 95,agence.consulting@agence.consulting.net,agenceconsulting.bj,TPE (<10),B2B,APIEx,,Actif,2026-06-29T00:15:34.410369,haute
BJ-9FB9F4F4,Conseil International,Services aux entreprises,Natitingou,+229 38 97 88 61,conseil.international@conseil.international.com,,TPE (<10),B2B,APIEx,,Actif,2026-06-29T00:15:34.410380,moyenne
BJ-536016AB,Bureau Communication Natitingou,Services aux entreprises,Natitingou,+229 64 90 78 65,,bureaucommunicationnatitingou.bj,PME (10-50),B2B,APIEx,,Actif,2026-06-29T00:15:34.410390,moyenne
BJ-67792580,Consulting Bureau,Services aux entreprises,Lokossa,+229 22 26 91 19,consulting.bureau@consulting.bureau.org,consultingbureau.bj,TPE (<10),B2B,APIEx,,Actif,2026-06-29T00:15:34.410407,haute
BJ-FEFE3132,Conseil Conseil,Services aux entreprises,Lokossa,+229 30 29 44 49,conseil.conseil@conseil.conseil.benin,,TPE (<10),B2B,APIEx,,Actif,2026-06-29T00:15:34.410443,moyenne
BJ-51F69979,Marketing Ouidah,Services aux entreprises,Ouidah,+229 88 25 63 75,marketing.ouidah@marketing.ouidah.benin,,Grande (>200),B2B,APIEx,,Actif,2026-06-29T00:15:34.410507,moyenne
BJ-D2AB125E,Consulting Conseil,Services aux entreprises,Ouidah,+229 49 56 20 41,consulting.conseil@consulting.conseil.net,,TPE (<10),B2B,APIEx,,Actif,2026-06-29T00:15:34.410517,moyenne
BJ-665D3FCF,Agence Formation Bureau,Services aux entreprises,Savalou,+229 54 67 66 25,agence.formation.bureau@agence.formation.bureau.net,,Grande (>200),B2B,APIEx,,Actif,2026-06-29T00:15:34.410533,moyenne
BJ-973D9492,Audit Expert Savalou,Services aux entreprises,Savalou,+229 49 58 35 36,audit.expert.savalou@audit.expert.savalou.bj,auditexpertsavalou.bj,TPE (<10),B2B,APIEx,,Actif,2026-06-29T00:15:34.410552,haute
BJ-FCF25FF3,Consulting Formation,Services aux entreprises,Savalou,+229 44 18 58 17,,consultingformation.bj,TPE (<10),B2B,APIEx,,Actif,2026-06-29T00:15:34.410563,moyenne
BJ-4216F936,Juridique Bureau Savalou,Services aux entreprises,Savalou,+229 93 84 35 78,juridique.bureau.savalou@juridique.bureau.savalou.bj,,TPE (<10),B2B,APIEx,,Actif,2026-06-29T00:15:34.410574,moyenne
BJ-049EBEC4,Juridique Savalou,Services aux entreprises,Savalou,+229 79 49 43 36,juridique.savalou@juridique.savalou.bj,juridiquesavalou.bj,PME (50-200),B2B,APIEx,,Actif,2026-06-29T00:15:34.410586,haute
BJ-49CD0982,Bureau Consulting Africa Dassa-Zoumè,Services aux entreprises,Dassa-Zoumè,+229 87 62 97 21,bureau.consulting.africa.dassazoumè@bureau.consulting.africa.dassazoumè.benin,bureauconsultingafricadassazoumè.bj,PME (10-50),B2B,APIEx,,Actif,2026-06-29T00:15:34.410604,haute
BJ-1B7D61EA,Agence Audit,Services aux entreprises,Dassa-Zoumè,+229 80 40 71 95,agence.audit@agence.audit.net,agenceaudit.bj,PME (50-200),B2B,APIEx,,Actif,2026-06-29T00:15:34.410631,haute
BJ-4889B09D,Expert Africa,Services aux entreprises,Dassa-Zoumè,+229 68 46 63 15,expert.africa@expert.africa.bj,expertafrica.bj,TPE (<10),B2B,APIEx,,Actif,2026-06-29T00:15:34.410642,haute
BJ-4236D516,Juridique International,Services aux entreprises,Kétou,+229 71 92 90 34,juridique.international@juridique.international.bj,,PME (50-200),B2B,APIEx,,Actif,2026-06-29T00:15:34.410683,moyenne
BJ-1546D288,Audit Fiscal,Services aux entreprises,Kétou,+229 86 25 24 91,audit.fiscal@audit.fiscal.net,auditfiscal.bj,TPE (<10),B2B,APIEx,,Actif,2026-06-29T00:15:34.410695,haute
BJ-3DDDCCA4,Agence Consulting,Services aux entreprises,Kétou,+229 38 41 64 54,agence.consulting@agence.consulting.com,agenceconsulting.bj,PME (10-50),B2B,APIEx,,Actif,2026-06-29T00:15:34.410706,haute
BJ-79E5F429,Audit Communication Kétou,Services aux entreprises,Kétou,+229 50 21 66 45,,auditcommunicationkétou.bj,TPE (<10),B2B,APIEx,,Actif,2026-06-29T00:15:34.410723,moyenne
BJ-60CE5D3E,Business Advisory,Services aux entreprises,Covè,+229 67 67 26 85,business.advisory@business.advisory.benin,businessadvisory.bj,Grande (>200),B2B,APIEx,,Actif,2026-06-29T00:15:34.410740,haute
BJ-9D551BEE,Agence Expert International,Services aux entreprises,Covè,+229 36 84 10 89,agence.expert.international@agence.expert.international.net,agenceexpertinternational.bj,PME (50-200),B2B,APIEx,,Actif,2026-06-29T00:15:34.410752,haute
BJ-BF348334,Management Africa,Services aux entreprises,Covè,+229 65 78 46 42,,,PME (50-200),B2B,APIEx,,Actif,2026-06-29T00:15:34.410762,basse
BJ-F38135FF,Conseil Business,Services aux entreprises,Covè,+229 79 54 92 72,conseil.business@conseil.business.com,conseilbusiness.bj,PME (10-50),B2B,APIEx,,Actif,2026-06-29T00:15:34.410773,haute
BJ-81B56F78,Audit Business,Services aux entreprises,Pobè,+229 31 33 23 37,audit.business@audit.business.net,,TPE (<10),B2B,APIEx,,Actif,2026-06-29T00:15:34.410800,moyenne
BJ-C4C05185,Expert Cabinet,Services aux entreprises,Pobè,+229 38 45 94 81,expert.cabinet@expert.cabinet.com,expertcabinet.bj,PME (10-50),B2B,APIEx,,Actif,2026-06-29T00:15:34.410825,haute
BJ-881820D4,Conseil Consulting,Services aux entreprises,Pobè,+229 91 73 40 95,conseil.consulting@conseil.consulting.com,,TPE (<10),B2B,APIEx,,Actif,2026-06-29T00:15:34.410836,moyenne
BJ-87C0AE0C,Consulting Business,Services aux entreprises,Pobè,+229 67 26 75 65,consulting.business@consulting.business.com,,TPE (<10),B2B,APIEx,,Actif,2026-06-29T00:15:34.410848,moyenne
BJ-E7659CEE,Audit Consulting Sakété,Services aux entreprises,Sakété,+229 49 81 53 41,,auditconsultingsakété.bj,TPE (<10),B2B,APIEx,,Actif,2026-06-29T00:15:34.410864,moyenne
BJ-065B2831,RH,Services aux entreprises,Sakété,+229 44 98 31 38,rh@rh.org,rh.bj,TPE (<10),B2B,APIEx,,Actif,2026-06-29T00:15:34.410887,haute
BJ-842B0764,Audit Expert,Services aux entreprises,Sakété,+229 56 45 91 43,,,TPE (<10),B2B,APIEx,,Actif,2026-06-29T00:15:34.410906,basse
BJ-9C880F45,Consulting Sakété,Services aux entreprises,Sakété,+229 25 26 34 95,consulting.sakété@consulting.sakété.org,consultingsakété.bj,PME (10-50),B2B,APIEx,,Actif,2026-06-29T00:15:34.410940,haute
BJ-99DC702D,Bureau Expert,Services aux entreprises,Adjara,+229 49 63 95 13,bureau.expert@bureau.expert.org,,TPE (<10),B2B,APIEx,,Actif,2026-06-29T00:15:34.410971,moyenne
BJ-C97D63B1,Consulting Audit Bureau Adjara,Services aux entreprises,Adjara,+229 77 21 84 99,consulting.audit.bureau.adjara@consulting.audit.bureau.adjara.net,consultingauditbureauadjara.bj,PME (10-50),B2B,APIEx,,Actif,2026-06-29T00:15:34.410986,haute
BJ-24AC813D,Audit Comptable,Services aux entreprises,Adjara,+229 95 83 84 56,audit.comptable@audit.comptable.net,auditcomptable.bj,TPE (<10),B2B,APIEx,,Actif,2026-06-29T00:15:34.410998,haute
BJ-7C17A12F,Marketing Consulting,Services aux entreprises,Adjara,+229 75 25 25 79,,marketingconsulting.bj,TPE (<10),B2B,APIEx,,Actif,2026-06-29T00:15:34.411021,moyenne
BJ-907B3E55,Comptable Africa Allada,Services aux entreprises,Allada,+229 71 11 19 40,comptable.africa.allada@comptable.africa.allada.benin,comptableafricaallada.bj,PME (10-50),B2B,APIEx,,Actif,2026-06-29T00:15:34.411038,haute
BJ-FBB4F6C4,Expert RH International,Services aux entreprises,Allada,+229 30 13 66 51,,expertrhinternational.bj,TPE (<10),B2B,APIEx,,Actif,2026-06-29T00:15:34.411049,moyenne
BJ-D98D9F67,Comptable Africa,Services aux entreprises,Allada,+229 28 86 21 70,comptable.africa@comptable.africa.benin,,TPE (<10),B2B,APIEx,,Actif,2026-06-29T00:15:34.411059,moyenne
BJ-7895B339,Expert Audit Africa,Services aux entreprises,Allada,+229 65 80 61 49,expert.audit.africa@expert.audit.africa.org,,PME (10-50),B2B,APIEx,,Actif,2026-06-29T00:15:34.411070,moyenne
BJ-66C2A1D2,Conseil RH Bureau,Services aux entreprises,Allada,+229 29 81 37 40,,conseilrhbureau.bj,PME (10-50),B2B,APIEx,,Actif,2026-06-29T00:15:34.411080,moyenne
BJ-326AA1C9,Conseil Comptable Partners Aplahoué,Services aux entreprises,Aplahoué,+229 99 16 55 14,conseil.comptable.partners.aplahoué@conseil.comptable.partners.aplahoué.bj,,PME (10-50),B2B,APIEx,,Actif,2026-06-29T00:15:34.411097,moyenne
BJ-51BB1FC9,Consulting Advisory,Services aux entreprises,Aplahoué,+229 81 79 60 41,consulting.advisory@consulting.advisory.benin,consultingadvisory.bj,Grande (>200),B2B,APIEx,,Actif,2026-06-29T00:15:34.411112,haute
BJ-4C09A801,Cabinet Expert,Services aux entreprises,Aplahoué,+229 71 21 52 28,cabinet.expert@cabinet.expert.org,cabinetexpert.bj,TPE (<10),B2B,APIEx,,Actif,2026-06-29T00:15:34.411124,haute
BJ-57A49790,Cabinet Stratégie Aplahoué,Services aux entreprises,Aplahoué,+229 22 64 33 81,cabinet.stratégie.aplahoué@cabinet.stratégie.aplahoué.net,cabinetstratégieaplahoué.bj,Grande (>200),B2B,APIEx,,Actif,2026-06-29T00:15:34.411136,haute
BJ-4810352C,Expert Dogbo-Tota,Services aux entreprises,Dogbo-Tota,+229 81 25 53 72,expert.dogbotota@expert.dogbotota.benin,expertdogbotota.bj,TPE (<10),B2B,APIEx,,Actif,2026-06-29T00:15:34.411167,haute
BJ-E0C079E7,Audit Juridique,Services aux entreprises,Dogbo-Tota,+229 99 46 61 24,audit.juridique@audit.juridique.net,auditjuridique.bj,TPE (<10),B2B,APIEx,,Actif,2026-06-29T00:15:34.411178,haute
BJ-E29253B4,Bureau Consulting Partners,Services aux entreprises,Dogbo-Tota,+229 88 30 18 56,bureau.consulting.partners@bureau.consulting.partners.benin,bureauconsultingpartners.bj,PME (50-200),B2B,APIEx,,Actif,2026-06-29T00:15:34.411190,haute
BJ-6FB3E401,Juridique,Services aux entreprises,Dogbo-Tota,+229 86 45 67 24,,juridique.bj,TPE (<10),B2B,APIEx,,Actif,2026-06-29T00:15:34.411199,moyenne
BJ-30DAB5B9,Audit Conseil Dogbo-Tota,Services aux entreprises,Dogbo-Tota,+229 39 24 23 12,audit.conseil.dogbotota@audit.conseil.dogbotota.bj,,TPE (<10),B2B,APIEx,,Actif,2026-06-29T00:15:34.411210,moyenne
BJ-DE78C3FB,Audit Partners,Services aux entreprises,Kpomassè,+229 52 24 49 20,audit.partners@audit.partners.org,auditpartners.bj,TPE (<10),B2B,APIEx,,Actif,2026-06-29T00:15:34.411240,haute
BJ-E2BDCDF7,Consulting Conseil,Services aux entreprises,Kpomassè,+229 41 86 35 31,consulting.conseil@consulting.conseil.bj,consultingconseil.bj,TPE (<10),B2B,APIEx,,Actif,2026-06-29T00:15:34.411268,haute
BJ-3C2151B7,Expert Fiscal Partners,Services aux entreprises,Kpomassè,+229 77 67 63 46,expert.fiscal.partners@expert.fiscal.partners.net,,PME (10-50),B2B,APIEx,,Actif,2026-06-29T00:15:34.411280,moyenne
BJ-E35827EB,Bureau Communication Consulting,Services aux entreprises,Kpomassè,+229 68 79 88 18,bureau.communication.consulting@bureau.communication.consulting.bj,,PME (10-50),B2B,APIEx,,Actif,2026-06-29T00:15:34.411291,moyenne
BJ-1381A48A,Consulting,Services aux entreprises,Tori-Bossito,+229 41 89 16 65,,consulting.bj,TPE (<10),B2B,APIEx,,Actif,2026-06-29T00:15:34.411343,moyenne
BJ-B33CCB9B,Cabinet Stratégie,Services aux entreprises,Tori-Bossito,+229 21 39 23 41,cabinet.stratégie@cabinet.stratégie.org,cabinetstratégie.bj,PME (10-50),B2B,APIEx,,Actif,2026-06-29T00:15:34.411366,haute
BJ-E0292F89,Audit,Services aux entreprises,Tori-Bossito,+229 25 68 67 24,audit@audit.net,audit.bj,TPE (<10),B2B,APIEx,,Actif,2026-06-29T00:15:34.411380,haute
BJ-EF1C0BF0,Cabinet Communication,Services aux entreprises,Grand-Popo,+229 59 29 67 21,,cabinetcommunication.bj,PME (10-50),B2B,APIEx,,Actif,2026-06-29T00:15:34.411409,moyenne
BJ-CA58AF80,Communication Grand-Popo,Services aux entreprises,Grand-Popo,+229 47 50 38 28,communication.grandpopo@communication.grandpopo.net,,PME (50-200),B2B,APIEx,,Actif,2026-06-29T00:15:34.411431,moyenne
BJ-00A82334,Cabinet RH,Services aux entreprises,Grand-Popo,+229 42 36 72 19,cabinet.rh@cabinet.rh.com,,TPE (<10),B2B,APIEx,,Actif,2026-06-29T00:15:34.411441,moyenne
BJ-A08F1C44,Cabinet Communication,Services aux entreprises,Athiémé,+229 73 33 60 49,cabinet.communication@cabinet.communication.com,,Grande (>200),B2B,APIEx,,Actif,2026-06-29T00:15:34.411460,moyenne
BJ-EB641883,Expert International Athiémé,Services aux entreprises,Athiémé,+229 63 92 11 94,expert.international.athiémé@expert.international.athiémé.bj,expertinternationalathiémé.bj,PME (10-50),B2B,APIEx,,Actif,2026-06-29T00:15:34.411473,haute
BJ-0378D05F,Conseil Management Athiémé,Services aux entreprises,Athiémé,+229 30 41 70 86,conseil.management.athiémé@conseil.management.athiémé.com,conseilmanagementathiémé.bj,Grande (>200),B2B,APIEx,,Actif,2026-06-29T00:15:34.411497,haute
BJ-1FA5A8C8,Audit,Services aux entreprises,Bopa,+229 80 86 15 79,audit@audit.benin,audit.bj,TPE (<10),B2B,APIEx,,Actif,2026-06-29T00:15:34.411524,haute
BJ-C1586DFC,Formation Africa,Services aux entreprises,Bopa,+229 50 15 77 63,,formationafrica.bj,PME (50-200),B2B,APIEx,,Actif,2026-06-29T00:15:34.411538,moyenne
BJ-D0651BAE,Conseil Stratégie Consulting,Services aux entreprises,Bopa,+229 23 66 74 85,conseil.stratégie.consulting@conseil.stratégie.consulting.org,conseilstratégieconsulting.bj,TPE (<10),B2B,APIEx,,Actif,2026-06-29T00:15:34.411551,haute
BJ-B61A0A9C,Audit Stratégie,Services aux entreprises,Bopa,+229 57 43 58 13,audit.stratégie@audit.stratégie.org,auditstratégie.bj,PME (10-50),B2B,APIEx,,Actif,2026-06-29T00:15:34.411564,haute
BJ-C070A131,Agence Marketing Partners,Services aux entreprises,Bopa,+229 90 83 88 70,agence.marketing.partners@agence.marketing.partners.benin,agencemarketingpartners.bj,PME (10-50),B2B,APIEx,,Actif,2026-06-29T00:15:34.411579,haute
BJ-8E2A780E,Management Consulting,Services aux entreprises,Houéyogbé,+229 65 14 63 92,management.consulting@management.consulting.bj,,TPE (<10),B2B,APIEx,,Actif,2026-06-29T00:15:34.411596,moyenne
BJ-6D5CB63C,Consulting Expert International Houéyogbé,Services aux entreprises,Houéyogbé,+229 79 19 56 42,consulting.expert.international.houéyogbé@consulting.expert.international.houéyogbé.benin,consultingexpertinternationalhouéyogbé.bj,PME (10-50),B2B,APIEx,,Actif,2026-06-29T00:15:34.411609,haute
BJ-261C19B9,Audit,Services aux entreprises,Houéyogbé,+229 76 94 78 26,,,TPE (<10),B2B,APIEx,,Actif,2026-06-29T00:15:34.411619,basse
BJ-882DB48B,Fiscal Consulting,Services aux entreprises,Houéyogbé,+229 54 94 80 53,fiscal.consulting@fiscal.consulting.bj,,PME (50-200),B2B,APIEx,,Actif,2026-06-29T00:15:34.411630,moyenne
BJ-0D11CA15,Juridique Cabinet,Services aux entreprises,Houéyogbé,+229 90 93 49 28,,juridiquecabinet.bj,TPE (<10),B2B,APIEx,,Actif,2026-06-29T00:15:34.411640,moyenne
BJ-2FC19DDB,Consulting Management Malanville,Services aux entreprises,Malanville,+229 85 10 10 12,consulting.management.malanville@consulting.management.malanville.org,consultingmanagementmalanville.bj,TPE (<10),B2B,APIEx,,Actif,2026-06-29T00:15:34.411658,haute
BJ-45414670,Consulting,Services aux entreprises,Malanville,+229 29 53 47 59,consulting@consulting.com,,PME (50-200),B2B,APIEx,,Actif,2026-06-29T00:15:34.411671,moyenne
BJ-AA466543,Consulting Fiscal Africa,Services aux entreprises,Malanville,+229 91 62 52 18,consulting.fiscal.africa@consulting.fiscal.africa.benin,,PME (50-200),B2B,APIEx,,Actif,2026-06-29T00:15:34.411682,moyenne
BJ-F33EE63F,Bureau RH Bureau,Services aux entreprises,Malanville,+229 61 69 27 12,bureau.rh.bureau@bureau.rh.bureau.com,bureaurhbureau.bj,Grande (>200),B2B,APIEx,,Actif,2026-06-29T00:15:34.411694,haute
BJ-EE0BF715,Expert RH International,Services aux entreprises,Malanville,+229 89 72 77 68,expert.rh.international@expert.rh.international.com,expertrhinternational.bj,PME (10-50),B2B,APIEx,,Actif,2026-06-29T00:15:34.411705,haute
BJ-05142EA2,Communication Advisory,Services aux entreprises,Kandi,+229 75 23 47 42,communication.advisory@communication.advisory.bj,,PME (50-200),B2B,APIEx,,Actif,2026-06-29T00:15:34.411721,moyenne
BJ-81B0FD87,Consulting Conseil Consulting Kandi,Services aux entreprises,Kandi,+229 53 38 24 89,,consultingconseilconsultingkandi.bj,TPE (<10),B2B,APIEx,,Actif,2026-06-29T00:15:34.411731,moyenne
BJ-712DC9B3,Comptable,Services aux entreprises,Kandi,+229 60 62 82 27,comptable@comptable.benin,comptable.bj,TPE (<10),B2B,APIEx,,Actif,2026-06-29T00:15:34.411742,haute
BJ-34F6549C,Cabinet Conseil,Services aux entreprises,Kandi,+229 37 85 26 85,cabinet.conseil@cabinet.conseil.net,cabinetconseil.bj,Grande (>200),B2B,APIEx,,Actif,2026-06-29T00:15:34.411754,haute
BJ-BDA15AFE,Agence Juridique,Services aux entreprises,Kandi,+229 24 96 79 64,agence.juridique@agence.juridique.net,agencejuridique.bj,TPE (<10),B2B,APIEx,,Actif,2026-06-29T00:15:34.411767,haute
BJ-3AC977FD,Communication Partners Banikoara,Services aux entreprises,Banikoara,+229 74 50 86 79,communication.partners.banikoara@communication.partners.banikoara.org,,PME (50-200),B2B,APIEx,,Actif,2026-06-29T00:15:34.411787,moyenne
BJ-C257B426,Conseil,Services aux entreprises,Banikoara,+229 82 95 55 45,conseil@conseil.com,conseil.bj,TPE (<10),B2B,APIEx,,Actif,2026-06-29T00:15:34.411804,haute
BJ-9903D204,Cabinet Marketing,Services aux entreprises,Banikoara,+229 32 62 42 87,cabinet.marketing@cabinet.marketing.net,cabinetmarketing.bj,PME (10-50),B2B,APIEx,,Actif,2026-06-29T00:15:34.411816,haute
BJ-F2C02689,Consulting Consulting Cabinet,Services aux entreprises,Banikoara,+229 53 82 22 28,consulting.consulting.cabinet@consulting.consulting.cabinet.net,consultingconsultingcabinet.bj,PME (50-200),B2B,APIEx,,Actif,2026-06-29T00:15:34.411827,haute
BJ-3D75E28B,Agence Marketing,Services aux entreprises,Banikoara,+229 35 84 78 92,agence.marketing@agence.marketing.com,agencemarketing.bj,TPE (<10),B2B,APIEx,,Actif,2026-06-29T00:15:34.411839,haute
BJ-B5DD4349,Expert Comptable Advisory,Services aux entreprises,Ségbana,+229 74 34 29 39,expert.comptable.advisory@expert.comptable.advisory.benin,expertcomptableadvisory.bj,Grande (>200),B2B,APIEx,,Actif,2026-06-29T00:15:34.411867,haute
BJ-04945E59,Marketing Cabinet,Services aux entreprises,Ségbana,+229 73 19 57 80,marketing.cabinet@marketing.cabinet.com,marketingcabinet.bj,TPE (<10),B2B,APIEx,,Actif,2026-06-29T00:15:34.411878,haute
BJ-F283A914,Expert Cabinet,Services aux entreprises,Ségbana,+229 80 95 30 72,,expertcabinet.bj,PME (10-50),B2B,APIEx,,Actif,2026-06-29T00:15:34.411888,moyenne
BJ-7A2B1155,RH Advisory,Services aux entreprises,Ségbana,+229 54 71 61 87,rh.advisory@rh.advisory.com,,TPE (<10),B2B,APIEx,,Actif,2026-06-29T00:15:34.411925,moyenne
BJ-9166331A,Marketing Consulting,Services aux entreprises,Karimama,+229 64 99 24 33,marketing.consulting@marketing.consulting.benin,marketingconsulting.bj,TPE (<10),B2B,APIEx,,Actif,2026-06-29T00:15:34.411956,haute
BJ-B7890E39,Cabinet Conseil Bureau Karimama,Services aux entreprises,Karimama,+229 94 55 29 97,cabinet.conseil.bureau.karimama@cabinet.conseil.bureau.karimama.benin,,PME (50-200),B2B,APIEx,,Actif,2026-06-29T00:15:34.411971,moyenne
BJ-0931DF97,Comptable Cabinet,Services aux entreprises,Karimama,+229 72 84 11 92,comptable.cabinet@comptable.cabinet.benin,,PME (10-50),B2B,APIEx,,Actif,2026-06-29T00:15:34.411983,moyenne
BJ-D00DEE78,Formation,Services aux entreprises,Karimama,+229 40 39 64 67,formation@formation.com,formation.bj,PME (10-50),B2B,APIEx,,Actif,2026-06-29T00:15:34.411997,haute
BJ-11AF4BEF,Stratégie Advisory Karimama,Services aux entreprises,Karimama,+229 65 35 91 55,stratégie.advisory.karimama@stratégie.advisory.karimama.com,stratégieadvisorykarimama.bj,PME (50-200),B2B,APIEx,,Actif,2026-06-29T00:15:34.412024,haute
BJ-94A93C02,Marketing Gogounou,Services aux entreprises,Gogounou,+229 90 13 73 60,marketing.gogounou@marketing.gogounou.benin,marketinggogounou.bj,PME (50-200),B2B,APIEx,,Actif,2026-06-29T00:15:34.412041,haute
BJ-C88A21C1,Agence Business,Services aux entreprises,Gogounou,+229 41 45 94 33,agence.business@agence.business.net,,PME (50-200),B2B,APIEx,,Actif,2026-06-29T00:15:34.412052,moyenne
BJ-EB5A6398,Expert Consulting Africa,Services aux entreprises,Gogounou,+229 40 67 30 70,expert.consulting.africa@expert.consulting.africa.com,expertconsultingafrica.bj,PME (10-50),B2B,APIEx,,Actif,2026-06-29T00:15:34.412064,haute
BJ-250F936A,Cabinet Stratégie,Services aux entreprises,Gogounou,+229 44 35 70 36,cabinet.stratégie@cabinet.stratégie.org,cabinetstratégie.bj,TPE (<10),B2B,APIEx,,Actif,2026-06-29T00:15:34.412087,haute
BJ-8FFA08C6,Expert Communication Cabinet,Services aux entreprises,Cobly,+229 98 30 36 53,,expertcommunicationcabinet.bj,PME (10-50),B2B,APIEx,,Actif,2026-06-29T00:15:34.412103,moyenne
BJ-FD1A6839,Bureau Marketing,Services aux entreprises,Cobly,+229 26 61 36 34,bureau.marketing@bureau.marketing.net,bureaumarketing.bj,TPE (<10),B2B,APIEx,,Actif,2026-06-29T00:15:34.412118,haute
BJ-8394FDC1,Expert Conseil Bénin,Services aux entreprises,Cobly,+229 67 48 73 69,expert.conseil.bénin@expert.conseil.bénin.benin,expertconseilbénin.bj,TPE (<10),B2B,APIEx,,Actif,2026-06-29T00:15:34.412131,haute
BJ-BCC9DB88,Business Partners,Services aux entreprises,Cobly,+229 74 29 66 55,business.partners@business.partners.benin,businesspartners.bj,TPE (<10),B2B,APIEx,,Actif,2026-06-29T00:15:34.412143,haute
BJ-A0C86A93,Consulting International,Services aux entreprises,Cobly,+229 55 43 95 93,consulting.international@consulting.international.org,consultinginternational.bj,Grande (>200),B2B,APIEx,,Actif,2026-06-29T00:15:34.412170,haute
BJ-897ED6E5,Juridique Bénin,Services aux entreprises,Tanguiéta,+229 49 35 53 45,juridique.bénin@juridique.bénin.com,juridiquebénin.bj,PME (10-50),B2B,APIEx,,Actif,2026-06-29T00:15:34.412194,haute
BJ-9D47859D,Stratégie Bénin,Services aux entreprises,Tanguiéta,+229 27 59 30 81,stratégie.bénin@stratégie.bénin.bj,stratégiebénin.bj,PME (10-50),B2B,APIEx,,Actif,2026-06-29T00:15:34.412207,haute
BJ-EFE33281,Juridique,Services aux entreprises,Tanguiéta,+229 77 14 87 44,juridique@juridique.com,,TPE (<10),B2B,APIEx,,Actif,2026-06-29T00:15:34.412218,moyenne
BJ-CF20793D,Conseil Business Consulting,Services aux entreprises,Tanguiéta,+229 93 83 52 83,conseil.business.consulting@conseil.business.consulting.benin,conseilbusinessconsulting.bj,PME (10-50),B2B,APIEx,,Actif,2026-06-29T00:15:34.412229,haute
BJ-F49AC134,Consulting RH Partners Tanguiéta,Services aux entreprises,Tanguiéta,+229 91 82 89 48,consulting.rh.partners.tanguiéta@consulting.rh.partners.tanguiéta.bj,,Grande (>200),B2B,APIEx,,Actif,2026-06-29T00:15:34.412244,moyenne
BJ-B9C5D042,Consulting Bénin,Services aux entreprises,Matéri,+229 87 44 22 59,consulting.bénin@consulting.bénin.org,consultingbénin.bj,PME (10-50),B2B,APIEx,,Actif,2026-06-29T00:15:34.412261,haute
BJ-31C91EBA,Business International,Services aux entreprises,Matéri,+229 35 72 91 84,business.international@business.international.bj,businessinternational.bj,TPE (<10),B2B,APIEx,,Actif,2026-06-29T00:15:34.412278,haute
BJ-A68FC700,Cabinet Consulting Consulting,Services aux entreprises,Matéri,+229 64 52 30 52,cabinet.consulting.consulting@cabinet.consulting.consulting.org,cabinetconsultingconsulting.bj,TPE (<10),B2B,APIEx,,Actif,2026-06-29T00:15:34.412290,haute
BJ-20E348B3,Conseil Bureau,Services aux entreprises,Matéri,+229 39 26 64 53,conseil.bureau@conseil.bureau.com,conseilbureau.bj,TPE (<10),B2B,APIEx,,Actif,2026-06-29T00:15:34.412303,haute
BJ-C0FDD0EE,Conseil Conseil Africa,Services aux entreprises,Matéri,+229 96 51 38 62,conseil.conseil.africa@conseil.conseil.africa.benin,conseilconseilafrica.bj,PME (10-50),B2B,APIEx,,Actif,2026-06-29T00:15:34.412314,haute
BJ-DFFA4FBB,Audit Formation Natitingou,Services aux entreprises,Natitingou,+229 41 54 67 41,audit.formation.natitingou@audit.formation.natitingou.net,,TPE (<10),B2B,APIEx,,Actif,2026-06-29T00:15:34.412331,moyenne
BJ-8C00E000,Audit Management,Services aux entreprises,Natitingou,+229 96 65 84 99,,auditmanagement.bj,Grande (>200),B2B,APIEx,,Actif,2026-06-29T00:15:34.412341,moyenne
BJ-C5152988,Expert Stratégie,Services aux entreprises,Natitingou,+229 76 90 40 70,expert.stratégie@expert.stratégie.bj,expertstratégie.bj,TPE (<10),B2B,APIEx,,Actif,2026-06-29T00:15:34.412353,haute
BJ-55D4D0B8,Formation Consulting Natitingou,Services aux entreprises,Natitingou,+229 77 90 32 58,,formationconsultingnatitingou.bj,PME (10-50),B2B,APIEx,,Actif,2026-06-29T00:15:34.412363,moyenne
BJ-83C70852,Audit Consulting Advisory,Services aux entreprises,Natitingou,+229 44 31 53 27,,,PME (10-50),B2B,APIEx,,Actif,2026-06-29T00:15:34.412373,basse
BJ-2A597279,Cabinet Juridique Advisory,Services aux entreprises,Toucountouna,+229 63 52 91 70,,cabinetjuridiqueadvisory.bj,PME (10-50),B2B,APIEx,,Actif,2026-06-29T00:15:34.412388,moyenne
BJ-56A92631,Management International,Services aux entreprises,Toucountouna,+229 21 36 59 72,management.international@management.international.benin,managementinternational.bj,PME (10-50),B2B,APIEx,,Actif,2026-06-29T00:15:34.412402,haute
BJ-0F8E533A,Agence Fiscal,Services aux entreprises,Toucountouna,+229 50 11 97 52,agence.fiscal@agence.fiscal.org,,PME (10-50),B2B,APIEx,,Actif,2026-06-29T00:15:34.412414,moyenne
BJ-F807E88B,Consulting,Services aux entreprises,Toucountouna,+229 87 17 32 23,consulting@consulting.com,consulting.bj,PME (50-200),B2B,APIEx,,Actif,2026-06-29T00:15:34.412424,haute
BJ-3F2EDF91,Expert Juridique Consulting,Services aux entreprises,Toucountouna,+229 50 35 41 11,,expertjuridiqueconsulting.bj,PME (50-200),B2B,APIEx,,Actif,2026-06-29T00:15:34.412435,moyenne
BJ-C884AEDB,Conseil International,Services aux entreprises,Boukoumbé,+229 96 13 49 41,conseil.international@conseil.international.benin,conseilinternational.bj,PME (10-50),B2B,APIEx,,Actif,2026-06-29T00:15:34.412452,haute
BJ-253568F8,Consulting Business Cabinet,Services aux entreprises,Boukoumbé,+229 87 31 21 26,consulting.business.cabinet@consulting.business.cabinet.net,consultingbusinesscabinet.bj,PME (10-50),B2B,APIEx,,Actif,2026-06-29T00:15:34.412480,haute
BJ-4D8F808A,Comptable Boukoumbé,Services aux entreprises,Boukoumbé,+229 60 30 47 29,,comptableboukoumbé.bj,PME (10-50),B2B,APIEx,,Actif,2026-06-29T00:15:34.412491,moyenne
BJ-E40D9660,Comptable,Services aux entreprises,Boukoumbé,+229 62 81 84 28,comptable@comptable.com,,PME (50-200),B2B,APIEx,,Actif,2026-06-29T00:15:34.412502,moyenne
BJ-5CE5B6E5,Consulting Business Cabinet Kouandé,Services aux entreprises,Kouandé,+229 79 99 19 81,,,PME (10-50),B2B,APIEx,,Actif,2026-06-29T00:15:34.412532,basse
BJ-908B6628,Conseil Expert Partners,Services aux entreprises,Kouandé,+229 80 30 87 22,,conseilexpertpartners.bj,TPE (<10),B2B,APIEx,,Actif,2026-06-29T00:15:34.412543,moyenne
BJ-C1F4AD9B,Stratégie Advisory,Services aux entreprises,Kouandé,+229 26 71 18 13,stratégie.advisory@stratégie.advisory.benin,stratégieadvisory.bj,PME (10-50),B2B,APIEx,,Actif,2026-06-29T00:15:34.412565,haute
BJ-1116ABA5,Bureau Business,Services aux entreprises,Péhunco,+229 94 42 46 86,bureau.business@bureau.business.com,bureaubusiness.bj,TPE (<10),B2B,APIEx,,Actif,2026-06-29T00:15:34.412581,haute
BJ-C0F8AA5D,Agence Business Africa,Services aux entreprises,Péhunco,+229 59 30 36 96,agence.business.africa@agence.business.africa.bj,,TPE (<10),B2B,APIEx,,Actif,2026-06-29T00:15:34.412592,moyenne
BJ-FA8A3A3F,Business Advisory,Services aux entreprises,Péhunco,+229 83 70 74 21,business.advisory@business.advisory.com,businessadvisory.bj,Grande (>200),B2B,APIEx,,Actif,2026-06-29T00:15:34.412615,haute
BJ-C94AA643,Conseil Formation,Services aux entreprises,Péhunco,+229 26 31 50 52,conseil.formation@conseil.formation.org,conseilformation.bj,TPE (<10),B2B,APIEx,,Actif,2026-06-29T00:15:34.412626,haute
BJ-5F80B1CC,Agence Audit,Services aux entreprises,Tchaourou,+229 30 30 10 98,agence.audit@agence.audit.bj,agenceaudit.bj,TPE (<10),B2B,APIEx,,Actif,2026-06-29T00:15:34.412642,haute
BJ-7C089708,Conseil Juridique Advisory Tchaourou,Services aux entreprises,Tchaourou,+229 61 55 55 72,conseil.juridique.advisory.tchaourou@conseil.juridique.advisory.tchaourou.com,conseiljuridiqueadvisorytchaourou.bj,TPE (<10),B2B,APIEx,,Actif,2026-06-29T00:15:34.412657,haute
BJ-CCAA46BE,Cabinet RH,Services aux entreprises,Tchaourou,+229 59 73 34 99,,cabinetrh.bj,TPE (<10),B2B,APIEx,,Actif,2026-06-29T00:15:34.412670,moyenne
BJ-23837B3C,Consulting Comptable International,Services aux entreprises,Tchaourou,+229 43 64 62 64,consulting.comptable.international@consulting.comptable.international.benin,consultingcomptableinternational.bj,PME (50-200),B2B,APIEx,,Actif,2026-06-29T00:15:34.412693,haute
BJ-2D5C8145,Consulting Advisory,Services aux entreprises,Nikki,+229 67 55 44 58,consulting.advisory@consulting.advisory.com,,Grande (>200),B2B,APIEx,,Actif,2026-06-29T00:15:34.412709,moyenne
BJ-8DEB470F,Cabinet Expert Cabinet,Services aux entreprises,Nikki,+229 55 24 42 57,cabinet.expert.cabinet@cabinet.expert.cabinet.com,cabinetexpertcabinet.bj,PME (10-50),B2B,APIEx,,Actif,2026-06-29T00:15:34.412720,haute
BJ-ABF51A34,Conseil Africa Nikki,Services aux entreprises,Nikki,+229 69 32 83 90,,conseilafricanikki.bj,PME (50-200),B2B,APIEx,,Actif,2026-06-29T00:15:34.412730,moyenne
BJ-39924963,Audit Conseil Advisory Nikki,Services aux entreprises,Nikki,+229 77 28 59 50,audit.conseil.advisory.nikki@audit.conseil.advisory.nikki.benin,auditconseiladvisorynikki.bj,TPE (<10),B2B,APIEx,,Actif,2026-06-29T00:15:34.412741,haute
BJ-2FE73558,Expert Juridique,Services aux entreprises,Nikki,+229 60 84 36 34,expert.juridique@expert.juridique.bj,expertjuridique.bj,PME (10-50),B2B,APIEx,,Actif,2026-06-29T00:15:34.412752,haute
BJ-C36FCCFD,Stratégie,Services aux entreprises,Bembéréké,+229 33 58 35 32,stratégie@stratégie.com,stratégie.bj,PME (10-50),B2B,APIEx,,Actif,2026-06-29T00:15:34.412773,haute
BJ-5548A8FE,Audit,Services aux entreprises,Bembéréké,+229 94 12 99 40,audit@audit.net,audit.bj,PME (10-50),B2B,APIEx,,Actif,2026-06-29T00:15:34.412787,haute
BJ-D39D3961,Marketing,Services aux entreprises,Bembéréké,+229 40 93 69 51,marketing@marketing.org,,Grande (>200),B2B,APIEx,,Actif,2026-06-29T00:15:34.412798,moyenne
BJ-3A0CC5ED,Agence Expert,Services aux entreprises,Bembéréké,+229 47 89 27 65,,agenceexpert.bj,Grande (>200),B2B,APIEx,,Actif,2026-06-29T00:15:34.412809,moyenne
BJ-C75B98BF,Comptable Consulting,Services aux entreprises,Bembéréké,+229 28 45 70 95,,comptableconsulting.bj,PME (50-200),B2B,APIEx,,Actif,2026-06-29T00:15:34.412819,moyenne
BJ-B2C13871,Business,Services aux entreprises,Kalalé,+229 38 61 73 99,business@business.org,business.bj,TPE (<10),B2B,APIEx,,Actif,2026-06-29T00:15:34.412836,haute
BJ-72EE7DDA,Agence Business,Services aux entreprises,Kalalé,+229 49 15 26 58,agence.business@agence.business.bj,agencebusiness.bj,PME (50-200),B2B,APIEx,,Actif,2026-06-29T00:15:34.412850,haute
BJ-10C9984A,Juridique Consulting,Services aux entreprises,Kalalé,+229 84 12 46 46,juridique.consulting@juridique.consulting.net,juridiqueconsulting.bj,Grande (>200),B2B,APIEx,,Actif,2026-06-29T00:15:34.412861,haute
BJ-BCAEDC14,Fiscal Kalalé,Services aux entreprises,Kalalé,+229 43 97 45 77,fiscal.kalalé@fiscal.kalalé.net,fiscalkalalé.bj,TPE (<10),B2B,APIEx,,Actif,2026-06-29T00:15:34.412873,haute
BJ-847A2AEA,RH Cabinet,Services aux entreprises,Kalalé,+229 95 83 51 53,rh.cabinet@rh.cabinet.net,,PME (10-50),B2B,APIEx,,Actif,2026-06-29T00:15:34.412884,moyenne
BJ-7C7CBC66,Conseil Comptable,Services aux entreprises,Ndali,+229 81 76 41 97,conseil.comptable@conseil.comptable.benin,conseilcomptable.bj,PME (10-50),B2B,APIEx,,Actif,2026-06-29T00:15:34.412943,haute
BJ-F57FF39E,Agence Management,Services aux entreprises,Ndali,+229 46 82 77 91,,,Grande (>200),B2B,APIEx,,Actif,2026-06-29T00:15:34.412979,basse
BJ-AE7B5EEC,Juridique Partners Ndali,Services aux entreprises,Ndali,+229 36 73 21 95,,juridiquepartnersndali.bj,PME (50-200),B2B,APIEx,,Actif,2026-06-29T00:15:34.413002,moyenne
BJ-E8D4EA5F,Marketing,Services aux entreprises,Ndali,+229 79 64 78 74,marketing@marketing.net,marketing.bj,TPE (<10),B2B,APIEx,,Actif,2026-06-29T00:15:34.413029,haute
BJ-9452C8ED,Conseil Expert Partners,Services aux entreprises,Ndali,+229 77 39 98 45,conseil.expert.partners@conseil.expert.partners.benin,conseilexpertpartners.bj,PME (10-50),B2B,APIEx,,Actif,2026-06-29T00:15:34.413042,haute
BJ-972065EC,Consulting Ségbana,Services aux entreprises,Ségbana,+229 78 37 66 37,consulting.ségbana@consulting.ségbana.net,consultingségbana.bj,TPE (<10),B2B,APIEx,,Actif,2026-06-29T00:15:34.413064,haute
BJ-138D8107,Cabinet Marketing Ségbana,Services aux entreprises,Ségbana,+229 38 91 37 39,cabinet.marketing.ségbana@cabinet.marketing.ségbana.bj,cabinetmarketingségbana.bj,TPE (<10),B2B,APIEx,,Actif,2026-06-29T00:15:34.413078,haute
BJ-FAF81845,Communication Consulting Ségbana,Services aux entreprises,Ségbana,+229 65 42 73 86,communication.consulting.ségbana@communication.consulting.ségbana.net,communicationconsultingségbana.bj,Grande (>200),B2B,APIEx,,Actif,2026-06-29T00:15:34.413091,haute
BJ-6CDE86A3,Fiscal,Services aux entreprises,Ségbana,+229 37 23 74 43,fiscal@fiscal.bj,fiscal.bj,PME (10-50),B2B,APIEx,,Actif,2026-06-29T00:15:34.413123,haute
BJ-0BC48731,Management Bénin Tchaourou,Services aux entreprises,Tchaourou,+229 47 70 67 61,management.bénin.tchaourou@management.bénin.tchaourou.com,managementbénintchaourou.bj,PME (10-50),B2B,APIEx,,Actif,2026-06-29T00:15:34.413222,haute
BJ-463C971A,Expert Audit Bureau Tchaourou,Services aux entreprises,Tchaourou,+229 82 22 67 86,expert.audit.bureau.tchaourou@expert.audit.bureau.tchaourou.bj,expertauditbureautchaourou.bj,TPE (<10),B2B,APIEx,,Actif,2026-06-29T00:15:34.413236,haute
BJ-E9AC903D,Stratégie,Services aux entreprises,Tchaourou,+229 30 34 57 74,,stratégie.bj,PME (50-200),B2B,APIEx,,Actif,2026-06-29T00:15:34.413248,moyenne
BJ-CCD8712E,Consulting,Services aux entreprises,Bétérou,+229 43 72 20 21,,consulting.bj,TPE (<10),B2B,APIEx,,Actif,2026-06-29T00:15:34.413266,moyenne
BJ-E5D0DEF9,Formation International Bétérou,Services aux entreprises,Bétérou,+229 98 31 46 40,formation.international.bétérou@formation.international.bétérou.com,formationinternationalbétérou.bj,TPE (<10),B2B,APIEx,,Actif,2026-06-29T00:15:34.413280,haute
BJ-37869B79,Cabinet Formation Bureau,Services aux entreprises,Bétérou,+229 93 66 65 25,cabinet.formation.bureau@cabinet.formation.bureau.benin,cabinetformationbureau.bj,PME (10-50),B2B,APIEx,,Actif,2026-06-29T00:15:34.413291,haute
BJ-1DC40483,Agence Comptable,Services aux entreprises,Bétérou,+229 42 57 10 19,agence.comptable@agence.comptable.com,agencecomptable.bj,PME (10-50),B2B,APIEx,,Actif,2026-06-29T00:15:34.413303,haute
BJ-51C5FB8F,Agence Expert Consulting,Services aux entreprises,Bétérou,+229 30 80 53 61,agence.expert.consulting@agence.expert.consulting.com,agenceexpertconsulting.bj,PME (50-200),B2B,APIEx,,Actif,2026-06-29T00:15:34.413318,haute
BJ-1E444FBF,Audit Expert Bénin,Services aux entreprises,Ouessè,+229 31 57 10 80,audit.expert.bénin@audit.expert.bénin.org,,PME (10-50),B2B,APIEx,,Actif,2026-06-29T00:15:34.413339,moyenne
BJ-0DE25D0D,Cabinet Business Cabinet Ouessè,Services aux entreprises,Ouessè,+229 82 27 72 77,cabinet.business.cabinet.ouessè@cabinet.business.cabinet.ouessè.com,cabinetbusinesscabinetouessè.bj,PME (50-200),B2B,APIEx,,Actif,2026-06-29T00:15:34.413355,haute
BJ-559E0EA0,Audit Fiscal,Services aux entreprises,Ouessè,+229 71 53 39 23,audit.fiscal@audit.fiscal.benin,,PME (50-200),B2B,APIEx,,Actif,2026-06-29T00:15:34.413367,moyenne
BJ-30DCA79D,Bureau Expert Partners,Services aux entreprises,Ouessè,+229 75 58 95 51,bureau.expert.partners@bureau.expert.partners.com,bureauexpertpartners.bj,Grande (>200),B2B,APIEx,,Actif,2026-06-29T00:15:34.413378,haute
BJ-B232A169,Conseil Business Partners,Services aux entreprises,Ouessè,+229 94 41 51 77,conseil.business.partners@conseil.business.partners.com,conseilbusinesspartners.bj,Grande (>200),B2B,APIEx,,Actif,2026-06-29T00:15:34.413390,haute
BJ-73F84F4C,Management Glazoué,Services aux entreprises,Glazoué,+229 47 29 31 73,management.glazoué@management.glazoué.com,,PME (50-200),B2B,APIEx,,Actif,2026-06-29T00:15:34.413411,moyenne
BJ-1968A38E,Agence Audit,Services aux entreprises,Glazoué,+229 36 86 88 39,agence.audit@agence.audit.net,agenceaudit.bj,Grande (>200),B2B,APIEx,,Actif,2026-06-29T00:15:34.413423,haute
BJ-85EBE5B9,Comptable Consulting,Services aux entreprises,Glazoué,+229 53 90 15 81,comptable.consulting@comptable.consulting.benin,comptableconsulting.bj,PME (10-50),B2B,APIEx,,Actif,2026-06-29T00:15:34.413434,haute
BJ-BA324D29,Management Bureau Glazoué,Services aux entreprises,Glazoué,+229 96 54 80 14,management.bureau.glazoué@management.bureau.glazoué.net,managementbureauglazoué.bj,PME (10-50),B2B,APIEx,,Actif,2026-06-29T00:15:34.413449,haute
BJ-1F1C24D6,Comptable Bureau,Services aux entreprises,Glazoué,+229 70 22 71 23,,comptablebureau.bj,TPE (<10),B2B,APIEx,,Actif,2026-06-29T00:15:34.413460,moyenne
BJ-72E9C751,Communication Partners,Services aux entreprises,Dassa-Zoumè,+229 48 75 65 51,,communicationpartners.bj,PME (10-50),B2B,APIEx,,Actif,2026-06-29T00:15:34.413477,moyenne
BJ-6FE9C885,Conseil Management Bénin,Services aux entreprises,Dassa-Zoumè,+229 61 45 98 19,conseil.management.bénin@conseil.management.bénin.com,conseilmanagementbénin.bj,Grande (>200),B2B,APIEx,,Actif,2026-06-29T00:15:34.413505,haute
BJ-4E352634,Consulting Marketing,Services aux entreprises,Dassa-Zoumè,+229 79 64 21 75,consulting.marketing@consulting.marketing.org,consultingmarketing.bj,PME (10-50),B2B,APIEx,,Actif,2026-06-29T00:15:34.413527,haute
BJ-2346C2AE,Bureau Audit Partners,Services aux entreprises,Savalou,+229 33 48 91 12,bureau.audit.partners@bureau.audit.partners.bj,bureauauditpartners.bj,PME (10-50),B2B,APIEx,,Actif,2026-06-29T00:15:34.413544,haute
BJ-923C25B6,Stratégie Africa,Services aux entreprises,Savalou,+229 95 72 47 96,stratégie.africa@stratégie.africa.bj,,TPE (<10),B2B,APIEx,,Actif,2026-06-29T00:15:34.413556,moyenne
BJ-DFA3BDC5,Formation Bénin Savalou,Services aux entreprises,Savalou,+229 28 34 82 48,formation.bénin.savalou@formation.bénin.savalou.benin,formationbéninsavalou.bj,Grande (>200),B2B,APIEx,,Actif,2026-06-29T00:15:34.413599,haute
BJ-6E654C7C,Cabinet RH Partners,Services aux entreprises,Savalou,+229 47 43 98 43,cabinet.rh.partners@cabinet.rh.partners.com,cabinetrhpartners.bj,PME (50-200),B2B,APIEx,,Actif,2026-06-29T00:15:34.413612,haute
BJ-DA18DD93,Agence Comptable Africa,Services aux entreprises,Savalou,+229 88 56 67 34,,agencecomptableafrica.bj,TPE (<10),B2B,APIEx,,Actif,2026-06-29T00:15:34.413622,moyenne
BJ-FA7F75FA,Consulting Consulting,Services aux entreprises,Bantè,+229 92 32 95 27,consulting.consulting@consulting.consulting.com,,PME (10-50),B2B,APIEx,,Actif,2026-06-29T00:15:34.413639,moyenne
BJ-7DDFBA67,Audit Cabinet Bantè,Services aux entreprises,Bantè,+229 44 67 57 30,,auditcabinetbantè.bj,TPE (<10),B2B,APIEx,,Actif,2026-06-29T00:15:34.413656,moyenne
BJ-2E157216,Cabinet Management Africa Bantè,Services aux entreprises,Bantè,+229 76 34 95 10,cabinet.management.africa.bantè@cabinet.management.africa.bantè.net,,Grande (>200),B2B,APIEx,,Actif,2026-06-29T00:15:34.413682,moyenne
BJ-502AFA37,Cabinet Fiscal Partners Bantè,Services aux entreprises,Bantè,+229 24 56 62 95,cabinet.fiscal.partners.bantè@cabinet.fiscal.partners.bantè.org,cabinetfiscalpartnersbantè.bj,TPE (<10),B2B,APIEx,,Actif,2026-06-29T00:15:34.413700,haute
BJ-378459E7,Conseil Formation Bantè,Services aux entreprises,Bantè,+229 88 31 99 68,conseil.formation.bantè@conseil.formation.bantè.org,conseilformationbantè.bj,PME (10-50),B2B,APIEx,,Actif,2026-06-29T00:15:34.413713,haute
BJ-6C6F7CC0,Cabinet Expert Bénin,Services aux entreprises,Djougou,+229 80 93 86 63,cabinet.expert.bénin@cabinet.expert.bénin.net,cabinetexpertbénin.bj,PME (10-50),B2B,APIEx,,Actif,2026-06-29T00:15:34.413734,haute
BJ-0FFE2C0E,Business Advisory,Services aux entreprises,Djougou,+229 82 54 86 93,business.advisory@business.advisory.org,,TPE (<10),B2B,APIEx,,Actif,2026-06-29T00:15:34.413746,moyenne
BJ-000DD48B,Formation Bureau Djougou,Services aux entreprises,Djougou,+229 23 84 92 67,,formationbureaudjougou.bj,TPE (<10),B2B,APIEx,,Actif,2026-06-29T00:15:34.413756,moyenne
BJ-B4071AF4,Conseil International,Services aux entreprises,Djougou,+229 77 76 50 51,conseil.international@conseil.international.benin,conseilinternational.bj,PME (10-50),B2B,APIEx,,Actif,2026-06-29T00:15:34.413767,haute
BJ-F0928501,Cabinet Management,Services aux entreprises,Djougou,+229 90 40 30 53,cabinet.management@cabinet.management.com,cabinetmanagement.bj,PME (10-50),B2B,APIEx,,Actif,2026-06-29T00:15:34.413779,haute
BJ-70E373D9,Expert International,Services aux entreprises,Ouèssè,+229 20 93 46 50,expert.international@expert.international.com,expertinternational.bj,PME (10-50),B2B,APIEx,,Actif,2026-06-29T00:15:34.413796,haute
BJ-06327E26,Expert Business,Services aux entreprises,Ouèssè,+229 51 53 75 87,expert.business@expert.business.com,expertbusiness.bj,PME (10-50),B2B,APIEx,,Actif,2026-06-29T00:15:34.413811,haute
BJ-8960E070,Conseil Business,Services aux entreprises,Ouèssè,+229 20 39 64 22,conseil.business@conseil.business.bj,conseilbusiness.bj,TPE (<10),B2B,APIEx,,Actif,2026-06-29T00:15:34.413844,haute
BJ-3C7CBC0E,Stratégie Bassila,Services aux entreprises,Bassila,+229 43 55 69 86,stratégie.bassila@stratégie.bassila.bj,stratégiebassila.bj,Grande (>200),B2B,APIEx,,Actif,2026-06-29T00:15:34.413873,haute
BJ-8D7772C0,Cabinet Communication,Services aux entreprises,Bassila,+229 65 75 56 85,cabinet.communication@cabinet.communication.net,cabinetcommunication.bj,PME (50-200),B2B,APIEx,,Actif,2026-06-29T00:15:34.413884,haute
BJ-7834C01B,Consulting Audit Africa,Services aux entreprises,Bassila,+229 34 81 13 26,consulting.audit.africa@consulting.audit.africa.benin,consultingauditafrica.bj,TPE (<10),B2B,APIEx,,Actif,2026-06-29T00:15:34.413939,haute
BJ-14B0CADA,Fiscal Pehunco,Services aux entreprises,Pehunco,+229 60 17 43 61,fiscal.pehunco@fiscal.pehunco.bj,fiscalpehunco.bj,TPE (<10),B2B,APIEx,,Actif,2026-06-29T00:15:34.414017,haute
BJ-62039361,Juridique Africa,Services aux entreprises,Pehunco,+229 91 82 12 95,juridique.africa@juridique.africa.benin,,TPE (<10),B2B,APIEx,,Actif,2026-06-29T00:15:34.414048,moyenne
BJ-90B02CE6,Audit Marketing Cabinet,Services aux entreprises,Pehunco,+229 36 81 34 64,audit.marketing.cabinet@audit.marketing.cabinet.com,auditmarketingcabinet.bj,TPE (<10),B2B,APIEx,,Actif,2026-06-29T00:15:34.414089,haute
BJ-F5847C27,Communication Advisory,Services aux entreprises,Pehunco,+229 68 47 68 82,communication.advisory@communication.advisory.bj,communicationadvisory.bj,PME (50-200),B2B,APIEx,,Actif,2026-06-29T00:15:34.414102,haute
BJ-30A282AD,Business Advisory,Services aux entreprises,Pehunco,+229 94 16 17 55,,businessadvisory.bj,TPE (<10),B2B,APIEx,,Actif,2026-06-29T00:15:34.414129,moyenne
BJ-B7DA73F6,Bureau Conseil,Services aux entreprises,Copargo,+229 37 46 11 75,bureau.conseil@bureau.conseil.com,bureauconseil.bj,TPE (<10),B2B,APIEx,,Actif,2026-06-29T00:15:34.414148,haute
BJ-83EEC677,Agence Communication Advisory,Services aux entreprises,Copargo,+229 65 42 78 50,agence.communication.advisory@agence.communication.advisory.bj,,TPE (<10),B2B,APIEx,,Actif,2026-06-29T00:15:34.414159,moyenne
BJ-1FCDC137,Bureau RH Partners Copargo,Services aux entreprises,Copargo,+229 42 82 74 30,bureau.rh.partners.copargo@bureau.rh.partners.copargo.bj,bureaurhpartnerscopargo.bj,TPE (<10),B2B,APIEx,,Actif,2026-06-29T00:15:34.414171,haute
BJ-5919A95F,Fiscal Africa,Services aux entreprises,Copargo,+229 38 29 91 46,fiscal.africa@fiscal.africa.com,,PME (10-50),B2B,APIEx,,Actif,2026-06-29T00:15:34.414182,moyenne
BJ-851E77EC,Marketing Bureau,Services aux entreprises,Copargo,+229 56 76 40 58,marketing.bureau@marketing.bureau.benin,marketingbureau.bj,PME (10-50),B2B,APIEx,,Actif,2026-06-29T00:15:34.414194,haute
BJ-355228DC,Power Assainissement Energy,Énergie & Environnement,Cotonou,+229 88 61 37 60,,,PME (10-50),B2B,APIEx,,Actif,2026-06-29T00:15:34.414211,basse
BJ-3CF4C833,Environnement Énergie,Énergie & Environnement,Cotonou,+229 88 45 89 77,environnement.énergie@environnement.énergie.benin,,PME (50-200),B2C,APIEx,,Actif,2026-06-29T00:15:34.414234,moyenne
BJ-58E33CEA,Hydraulique Africa,Énergie & Environnement,Cotonou,+229 57 81 44 68,hydraulique.africa@hydraulique.africa.bj,,PME (50-200),B2C,APIEx,,Actif,2026-06-29T00:15:34.414246,moyenne
BJ-41320F7C,Environnement Éolien,Énergie & Environnement,Cotonou,+229 82 93 70 84,,environnementéolien.bj,TPE (<10),B2B,APIEx,,Actif,2026-06-29T00:15:34.414258,moyenne
BJ-E825A050,Eau Hydraulique,Énergie & Environnement,Abomey-Calavi,+229 71 44 63 80,eau.hydraulique@eau.hydraulique.com,eauhydraulique.bj,PME (50-200),B2B,APIEx,,Actif,2026-06-29T00:15:34.414289,haute
BJ-5272FB17,Renouvelable,Énergie & Environnement,Abomey-Calavi,+229 86 38 54 72,renouvelable@renouvelable.bj,renouvelable.bj,TPE (<10),B2B,APIEx,,Actif,2026-06-29T00:15:34.414301,haute
BJ-F0C490CF,Solar Solaire Abomey-Calavi,Énergie & Environnement,Abomey-Calavi,+229 44 86 65 26,solar.solaire.abomeycalavi@solar.solaire.abomeycalavi.org,solarsolaireabomeycalavi.bj,PME (10-50),B2B,APIEx,,Actif,2026-06-29T00:15:34.414313,haute
BJ-55D36A5A,Éolien,Énergie & Environnement,Abomey-Calavi,+229 53 14 37 27,,éolien.bj,PME (10-50),B2B,APIEx,,Actif,2026-06-29T00:15:34.414324,moyenne
BJ-64E832A8,Solar Hydraulique,Énergie & Environnement,Abomey-Calavi,+229 25 39 33 74,solar.hydraulique@solar.hydraulique.org,solarhydraulique.bj,TPE (<10),B2B,APIEx,,Actif,2026-06-29T00:15:34.414353,haute
BJ-82ED3911,Éolien Power Water,Énergie & Environnement,Porto-Novo,+229 27 86 24 61,,,TPE (<10),B2B,APIEx,,Actif,2026-06-29T00:15:34.414386,basse
BJ-47218100,Éolien Hydraulique,Énergie & Environnement,Porto-Novo,+229 84 17 10 31,éolien.hydraulique@éolien.hydraulique.benin,éolienhydraulique.bj,TPE (<10),B2C,APIEx,,Actif,2026-06-29T00:15:34.414402,haute
BJ-EE70CE29,Eau Renouvelable SARL,Énergie & Environnement,Porto-Novo,+229 54 49 23 38,,,Grande (>200),B2C,APIEx,,Actif,2026-06-29T00:15:34.414425,basse
BJ-A3E104E0,Éolien Éolien Water,Énergie & Environnement,Parakou,+229 79 68 49 91,éolien.éolien.water@éolien.éolien.water.org,éolienéolienwater.bj,PME (10-50),B2B,APIEx,,Actif,2026-06-29T00:15:34.414468,haute
BJ-E33F6D0F,Hydraulique Bénin,Énergie & Environnement,Parakou,+229 52 51 76 20,,hydrauliquebénin.bj,PME (10-50),B2B,APIEx,,Actif,2026-06-29T00:15:34.414479,moyenne
BJ-271A9B18,Durable Energy,Énergie & Environnement,Parakou,+229 27 56 32 42,durable.energy@durable.energy.net,,PME (10-50),B2C,APIEx,,Actif,2026-06-29T00:15:34.414490,moyenne
BJ-FC88F7C9,Eau Clean,Énergie & Environnement,Parakou,+229 36 22 57 49,eau.clean@eau.clean.bj,eauclean.bj,TPE (<10),B2B,APIEx,,Actif,2026-06-29T00:15:34.414502,haute
BJ-54CD9807,Durable Bohicon,Énergie & Environnement,Bohicon,+229 50 78 91 30,durable.bohicon@durable.bohicon.benin,durablebohicon.bj,PME (50-200),B2C,APIEx,,Actif,2026-06-29T00:15:34.414534,haute
BJ-8662CA69,Éolien Clean Africa,Énergie & Environnement,Bohicon,+229 66 91 57 59,éolien.clean.africa@éolien.clean.africa.org,éoliencleanafrica.bj,TPE (<10),B2B,APIEx,,Actif,2026-06-29T00:15:34.414561,haute
BJ-CC71E289,Vert SARL,Énergie & Environnement,Bohicon,+229 94 53 82 88,vert.sarl@vert.sarl.bj,vertsarl.bj,TPE (<10),B2B,APIEx,,Actif,2026-06-29T00:15:34.414572,haute
BJ-335553DB,Solar Renouvelable,Énergie & Environnement,Bohicon,+229 85 69 73 20,solar.renouvelable@solar.renouvelable.org,,Grande (>200),B2C,APIEx,,Actif,2026-06-29T00:15:34.414583,moyenne
BJ-83D79C46,Solar Énergie Water,Énergie & Environnement,Natitingou,+229 78 99 27 14,solar.énergie.water@solar.énergie.water.com,solarénergiewater.bj,Grande (>200),B2C,APIEx,,Actif,2026-06-29T00:15:34.414611,haute
BJ-0E57843E,Vert Renouvelable Energy Natitingou,Énergie & Environnement,Natitingou,+229 50 87 59 27,,vertrenouvelableenergynatitingou.bj,TPE (<10),B2C,APIEx,,Actif,2026-06-29T00:15:34.414623,moyenne
BJ-01A8FDFE,Solar Vert Natitingou,Énergie & Environnement,Natitingou,+229 51 27 56 94,solar.vert.natitingou@solar.vert.natitingou.org,solarvertnatitingou.bj,PME (50-200),B2B,APIEx,,Actif,2026-06-29T00:15:34.414635,haute
BJ-A0C7B541,Hydraulique SARL,Énergie & Environnement,Natitingou,+229 34 51 23 38,hydraulique.sarl@hydraulique.sarl.bj,,PME (50-200),B2B,APIEx,,Actif,2026-06-29T00:15:34.414646,moyenne
BJ-92A8EF32,Power Energy,Énergie & Environnement,Lokossa,+229 46 95 75 13,power.energy@power.energy.benin,,PME (10-50),B2C,APIEx,,Actif,2026-06-29T00:15:34.414691,moyenne
BJ-6258BC89,Durable Lokossa,Énergie & Environnement,Lokossa,+229 68 22 46 52,durable.lokossa@durable.lokossa.net,durablelokossa.bj,TPE (<10),B2C,APIEx,,Actif,2026-06-29T00:15:34.414720,haute
BJ-4C09FB36,Assainissement Bénin,Énergie & Environnement,Lokossa,+229 29 44 41 96,assainissement.bénin@assainissement.bénin.com,assainissementbénin.bj,TPE (<10),B2C,APIEx,,Actif,2026-06-29T00:15:34.414733,haute
BJ-721B81CC,Power Écologie Solar,Énergie & Environnement,Ouidah,+229 52 82 25 27,,powerécologiesolar.bj,Grande (>200),B2B,APIEx,,Actif,2026-06-29T00:15:34.414814,moyenne
BJ-650B0005,Éolien Hydraulique,Énergie & Environnement,Ouidah,+229 95 93 58 59,,éolienhydraulique.bj,PME (50-200),B2B,APIEx,,Actif,2026-06-29T00:15:34.414849,moyenne
BJ-0F2C1F5B,Eau,Énergie & Environnement,Ouidah,+229 24 39 74 61,eau@eau.net,eau.bj,PME (50-200),B2C,APIEx,,Actif,2026-06-29T00:15:34.414876,haute
BJ-7DCA9443,Renouvelable SARL Ouidah,Énergie & Environnement,Ouidah,+229 96 40 11 60,,renouvelablesarlouidah.bj,TPE (<10),B2C,APIEx,,Actif,2026-06-29T00:15:34.414923,moyenne
BJ-ED0C0F15,Solaire Ouidah,Énergie & Environnement,Ouidah,+229 29 31 53 84,solaire.ouidah@solaire.ouidah.org,solaireouidah.bj,Grande (>200),B2B,APIEx,,Actif,2026-06-29T00:15:34.414954,haute
BJ-21C7D00B,Environnement Power,Énergie & Environnement,Savalou,+229 64 95 44 85,,environnementpower.bj,PME (10-50),B2B,APIEx,,Actif,2026-06-29T00:15:34.414985,moyenne
BJ-A3E4421A,Énergie Durable SARL Savalou,Énergie & Environnement,Savalou,+229 35 63 55 92,,énergiedurablesarlsavalou.bj,PME (10-50),B2C,APIEx,,Actif,2026-06-29T00:15:34.415011,moyenne
BJ-AB4AD399,Énergie Hydraulique,Énergie & Environnement,Savalou,+229 69 66 14 81,énergie.hydraulique@énergie.hydraulique.com,,PME (50-200),B2B,APIEx,,Actif,2026-06-29T00:15:34.415033,moyenne
BJ-1BC2B3E0,Éolien Renouvelable Africa,Énergie & Environnement,Savalou,+229 47 46 36 17,éolien.renouvelable.africa@éolien.renouvelable.africa.bj,éolienrenouvelableafrica.bj,PME (10-50),B2C,APIEx,,Actif,2026-06-29T00:15:34.415057,haute
BJ-3120E743,Environnement Energy,Énergie & Environnement,Savalou,+229 83 77 10 26,,,PME (50-200),B2C,APIEx,,Actif,2026-06-29T00:15:34.415086,basse
BJ-2DA2C92A,Power Assainissement Power,Énergie & Environnement,Dassa-Zoumè,+229 42 11 38 89,power.assainissement.power@power.assainissement.power.com,powerassainissementpower.bj,PME (10-50),B2B,APIEx,,Actif,2026-06-29T00:15:34.415165,haute
BJ-D9EA9B0A,Éolien SARL,Énergie & Environnement,Dassa-Zoumè,+229 49 20 64 51,éolien.sarl@éolien.sarl.com,éoliensarl.bj,TPE (<10),B2C,APIEx,,Actif,2026-06-29T00:15:34.415193,haute
BJ-04E55EED,Vert Environnement Water,Énergie & Environnement,Dassa-Zoumè,+229 72 39 14 63,vert.environnement.water@vert.environnement.water.benin,,PME (50-200),B2C,APIEx,,Actif,2026-06-29T00:15:34.415213,moyenne
BJ-3FDBA41D,Eau Power,Énergie & Environnement,Kétou,+229 28 68 29 26,,eaupower.bj,TPE (<10),B2B,APIEx,,Actif,2026-06-29T00:15:34.415243,moyenne
BJ-27D1D4A5,Énergie Power,Énergie & Environnement,Kétou,+229 58 39 53 74,,énergiepower.bj,PME (10-50),B2C,APIEx,,Actif,2026-06-29T00:15:34.415275,moyenne
BJ-142D525D,Durable,Énergie & Environnement,Kétou,+229 33 19 62 22,,durable.bj,TPE (<10),B2C,APIEx,,Actif,2026-06-29T00:15:34.415308,moyenne
BJ-8D542472,Vert Clean,Énergie & Environnement,Kétou,+229 46 34 87 96,vert.clean@vert.clean.bj,vertclean.bj,PME (50-200),B2C,APIEx,,Actif,2026-06-29T00:15:34.415339,haute
BJ-D227A0B9,Hydraulique Africa,Énergie & Environnement,Kétou,+229 35 68 82 81,hydraulique.africa@hydraulique.africa.bj,hydrauliqueafrica.bj,TPE (<10),B2C,APIEx,,Actif,2026-06-29T00:15:34.415380,haute
BJ-B9F1A099,Environnement Hydraulique SARL,Énergie & Environnement,Covè,+229 63 49 82 47,environnement.hydraulique.sarl@environnement.hydraulique.sarl.com,environnementhydrauliquesarl.bj,PME (50-200),B2B,APIEx,,Actif,2026-06-29T00:15:34.415414,haute
BJ-DF4872B9,Clean SARL,Énergie & Environnement,Covè,+229 58 74 45 52,clean.sarl@clean.sarl.benin,cleansarl.bj,TPE (<10),B2C,APIEx,,Actif,2026-06-29T00:15:34.415476,haute
BJ-06D21345,Éolien Environnement Water Covè,Énergie & Environnement,Covè,+229 98 78 89 97,éolien.environnement.water.covè@éolien.environnement.water.covè.bj,éolienenvironnementwatercovè.bj,PME (10-50),B2B,APIEx,,Actif,2026-06-29T00:15:34.415517,haute
BJ-7CB73BA5,Eau Éolien Environment,Énergie & Environnement,Pobè,+229 54 45 86 44,,,PME (10-50),B2B,APIEx,,Actif,2026-06-29T00:15:34.415553,basse
BJ-D68ECF4B,Vert Solaire Africa,Énergie & Environnement,Pobè,+229 36 77 55 53,vert.solaire.africa@vert.solaire.africa.net,,TPE (<10),B2C,APIEx,,Actif,2026-06-29T00:15:34.415571,moyenne
BJ-EF78E1F0,Power Environnement Bénin,Énergie & Environnement,Pobè,+229 88 83 51 94,power.environnement.bénin@power.environnement.bénin.com,powerenvironnementbénin.bj,TPE (<10),B2C,APIEx,,Actif,2026-06-29T00:15:34.415586,haute
BJ-D78B708E,Vert Solaire SARL Sakété,Énergie & Environnement,Sakété,+229 27 40 33 32,vert.solaire.sarl.sakété@vert.solaire.sarl.sakété.net,vertsolairesarlsakété.bj,PME (10-50),B2C,APIEx,,Actif,2026-06-29T00:15:34.415631,haute
BJ-F26A4D15,Eau Africa,Énergie & Environnement,Sakété,+229 25 80 22 85,,,TPE (<10),B2C,APIEx,,Actif,2026-06-29T00:15:34.415643,basse
BJ-BAC8AD30,Vert,Énergie & Environnement,Sakété,+229 50 44 14 89,vert@vert.bj,vert.bj,PME (10-50),B2C,APIEx,,Actif,2026-06-29T00:15:34.415682,haute
BJ-786EA2EF,Solar Hydraulique,Énergie & Environnement,Sakété,+229 87 92 13 16,solar.hydraulique@solar.hydraulique.bj,solarhydraulique.bj,PME (50-200),B2C,APIEx,,Actif,2026-06-29T00:15:34.415707,haute
BJ-773751FF,Énergie Power Environment,Énergie & Environnement,Adjara,+229 85 84 70 50,énergie.power.environment@énergie.power.environment.com,énergiepowerenvironment.bj,PME (50-200),B2C,APIEx,,Actif,2026-06-29T00:15:34.415741,haute
BJ-BF07C078,Power SARL,Énergie & Environnement,Adjara,+229 75 48 50 62,power.sarl@power.sarl.org,powersarl.bj,Grande (>200),B2B,APIEx,,Actif,2026-06-29T00:15:34.415775,haute
BJ-34F4282F,Eau Énergie Adjara,Énergie & Environnement,Adjara,+229 20 32 17 28,eau.énergie.adjara@eau.énergie.adjara.bj,eauénergieadjara.bj,PME (10-50),B2B,APIEx,,Actif,2026-06-29T00:15:34.415888,haute
BJ-B1191935,Eau Eau,Énergie & Environnement,Allada,+229 65 41 58 92,eau.eau@eau.eau.bj,,PME (10-50),B2C,APIEx,,Actif,2026-06-29T00:15:34.415970,moyenne
BJ-C0689822,Solar Renouvelable Africa,Énergie & Environnement,Allada,+229 80 15 89 38,solar.renouvelable.africa@solar.renouvelable.africa.net,,PME (10-50),B2C,APIEx,,Actif,2026-06-29T00:15:34.415997,moyenne
BJ-9D99827A,Power Éolien,Énergie & Environnement,Allada,+229 70 49 29 69,,,TPE (<10),B2C,APIEx,,Actif,2026-06-29T00:15:34.416024,basse
BJ-1230DAFF,Énergie Énergie SARL,Énergie & Environnement,Allada,+229 79 96 78 19,,énergieénergiesarl.bj,PME (10-50),B2B,APIEx,,Actif,2026-06-29T00:15:34.416049,moyenne
BJ-DEB0CDDC,Énergie Durable,Énergie & Environnement,Aplahoué,+229 37 75 16 98,,énergiedurable.bj,PME (50-200),B2B,APIEx,,Actif,2026-06-29T00:15:34.416097,moyenne
BJ-2519F094,Hydraulique Environment Aplahoué,Énergie & Environnement,Aplahoué,+229 69 16 30 14,hydraulique.environment.aplahoué@hydraulique.environment.aplahoué.benin,hydrauliqueenvironmentaplahoué.bj,TPE (<10),B2C,APIEx,,Actif,2026-06-29T00:15:34.416113,haute
BJ-5D796921,Clean,Énergie & Environnement,Aplahoué,+229 59 57 15 84,clean@clean.org,,TPE (<10),B2B,APIEx,,Actif,2026-06-29T00:15:34.416130,moyenne
BJ-BD724726,Vert Énergie,Énergie & Environnement,Aplahoué,+229 82 48 97 32,,,TPE (<10),B2B,APIEx,,Actif,2026-06-29T00:15:34.416141,basse
BJ-ABD8E8A3,Vert Eau Energy,Énergie & Environnement,Dogbo-Tota,+229 85 38 54 74,,verteauenergy.bj,TPE (<10),B2C,APIEx,,Actif,2026-06-29T00:15:34.416202,moyenne
BJ-E57FEA87,Éolien Vert Bénin,Énergie & Environnement,Dogbo-Tota,+229 24 39 66 20,éolien.vert.bénin@éolien.vert.bénin.net,éolienvertbénin.bj,Grande (>200),B2B,APIEx,,Actif,2026-06-29T00:15:34.416227,haute
BJ-2E658B8C,Solar Solaire Bénin,Énergie & Environnement,Dogbo-Tota,+229 91 32 37 20,solar.solaire.bénin@solar.solaire.bénin.benin,solarsolairebénin.bj,PME (50-200),B2C,APIEx,,Actif,2026-06-29T00:15:34.416256,haute
BJ-9E9B31C8,Eau Bénin,Énergie & Environnement,Dogbo-Tota,+229 67 75 53 26,eau.bénin@eau.bénin.bj,,PME (10-50),B2C,APIEx,,Actif,2026-06-29T00:15:34.416277,moyenne
BJ-458A7C78,Vert Écologie Water,Énergie & Environnement,Kpomassè,+229 74 87 90 10,vert.écologie.water@vert.écologie.water.benin,vertécologiewater.bj,PME (10-50),B2B,APIEx,,Actif,2026-06-29T00:15:34.416363,haute
BJ-7804B30B,Vert Environment,Énergie & Environnement,Kpomassè,+229 74 27 27 20,vert.environment@vert.environment.net,vertenvironment.bj,TPE (<10),B2C,APIEx,,Actif,2026-06-29T00:15:34.416390,haute
BJ-572755AC,Solaire Bénin Kpomassè,Énergie & Environnement,Kpomassè,+229 69 70 73 62,,,PME (50-200),B2B,APIEx,,Actif,2026-06-29T00:15:34.416411,basse
BJ-416C3AA8,Éolien Assainissement SARL,Énergie & Environnement,Tori-Bossito,+229 55 73 89 79,,éolienassainissementsarl.bj,TPE (<10),B2B,APIEx,,Actif,2026-06-29T00:15:34.416467,moyenne
BJ-5F7A23AB,Eau Clean Power,Énergie & Environnement,Tori-Bossito,+229 96 77 57 29,,eaucleanpower.bj,PME (10-50),B2B,APIEx,,Actif,2026-06-29T00:15:34.416485,moyenne
BJ-92737D91,Solar Eau Water,Énergie & Environnement,Tori-Bossito,+229 23 84 18 36,solar.eau.water@solar.eau.water.benin,solareauwater.bj,TPE (<10),B2B,APIEx,,Actif,2026-06-29T00:15:34.416507,haute
BJ-C344A01F,Énergie Environnement,Énergie & Environnement,Tori-Bossito,+229 36 12 99 24,énergie.environnement@énergie.environnement.com,énergieenvironnement.bj,TPE (<10),B2C,APIEx,,Actif,2026-06-29T00:15:34.416541,haute
BJ-50FD1A89,Solaire Grand-Popo,Énergie & Environnement,Grand-Popo,+229 93 70 42 72,,,PME (10-50),B2C,APIEx,,Actif,2026-06-29T00:15:34.416575,basse
BJ-721AD118,Durable,Énergie & Environnement,Grand-Popo,+229 93 72 99 25,durable@durable.net,durable.bj,PME (10-50),B2B,APIEx,,Actif,2026-06-29T00:15:34.416619,haute
BJ-ED6B0C0A,Power Solar,Énergie & Environnement,Grand-Popo,+229 99 41 36 77,power.solar@power.solar.benin,powersolar.bj,PME (10-50),B2C,APIEx,,Actif,2026-06-29T00:15:34.416652,haute
BJ-3F2B4136,Power Environnement,Énergie & Environnement,Grand-Popo,+229 71 60 17 97,power.environnement@power.environnement.com,powerenvironnement.bj,TPE (<10),B2B,APIEx,,Actif,2026-06-29T00:15:34.416680,haute
BJ-50870915,Power Durable Power Grand-Popo,Énergie & Environnement,Grand-Popo,+229 78 77 13 12,,powerdurablepowergrandpopo.bj,PME (50-200),B2C,APIEx,,Actif,2026-06-29T00:15:34.416707,moyenne
BJ-C40B2621,Solar Renouvelable Environment,Énergie & Environnement,Athiémé,+229 53 62 48 75,solar.renouvelable.environment@solar.renouvelable.environment.benin,solarrenouvelableenvironment.bj,PME (10-50),B2B,APIEx,,Actif,2026-06-29T00:15:34.416751,haute
BJ-1841DB45,Énergie Écologie,Énergie & Environnement,Athiémé,+229 84 38 95 77,,énergieécologie.bj,TPE (<10),B2B,APIEx,,Actif,2026-06-29T00:15:34.416779,moyenne
BJ-33F272C4,Eau Solar,Énergie & Environnement,Athiémé,+229 32 51 72 42,eau.solar@eau.solar.benin,eausolar.bj,Grande (>200),B2C,APIEx,,Actif,2026-06-29T00:15:34.416811,haute
BJ-A20EAA62,Power Hydraulique Environment,Énergie & Environnement,Athiémé,+229 58 75 72 32,,powerhydrauliqueenvironment.bj,TPE (<10),B2C,APIEx,,Actif,2026-06-29T00:15:34.416843,moyenne
BJ-6E349519,Power Hydraulique,Énergie & Environnement,Athiémé,+229 23 35 27 65,power.hydraulique@power.hydraulique.net,powerhydraulique.bj,PME (50-200),B2B,APIEx,,Actif,2026-06-29T00:15:34.416874,haute
BJ-98407828,Environnement Vert Bopa,Énergie & Environnement,Bopa,+229 93 21 94 88,environnement.vert.bopa@environnement.vert.bopa.net,environnementvertbopa.bj,PME (50-200),B2C,APIEx,,Actif,2026-06-29T00:15:34.416941,haute
BJ-0850FF3E,Eau Solar,Énergie & Environnement,Bopa,+229 50 19 35 59,eau.solar@eau.solar.benin,,PME (10-50),B2C,APIEx,,Actif,2026-06-29T00:15:34.416988,moyenne
BJ-3F2E7691,Environnement Éolien,Énergie & Environnement,Bopa,+229 54 71 58 84,,,PME (10-50),B2C,APIEx,,Actif,2026-06-29T00:15:34.417015,basse
BJ-BDBE3882,Éolien Durable,Énergie & Environnement,Bopa,+229 59 32 36 28,éolien.durable@éolien.durable.benin,éoliendurable.bj,PME (10-50),B2C,APIEx,,Actif,2026-06-29T00:15:34.417038,haute
BJ-982BCEAC,Solar Durable Environment,Énergie & Environnement,Bopa,+229 92 48 76 83,,,PME (10-50),B2B,APIEx,,Actif,2026-06-29T00:15:34.417055,basse
BJ-17887B27,Énergie Solaire,Énergie & Environnement,Houéyogbé,+229 80 12 32 21,énergie.solaire@énergie.solaire.com,énergiesolaire.bj,PME (50-200),B2C,APIEx,,Actif,2026-06-29T00:15:34.417093,haute
BJ-4E3FC783,Assainissement,Énergie & Environnement,Houéyogbé,+229 70 51 82 55,assainissement@assainissement.net,assainissement.bj,Grande (>200),B2C,APIEx,,Actif,2026-06-29T00:15:34.417122,haute
BJ-AECF428C,Eau,Énergie & Environnement,Houéyogbé,+229 85 98 26 46,eau@eau.net,eau.bj,PME (10-50),B2B,APIEx,,Actif,2026-06-29T00:15:34.417144,haute
BJ-8E0BC934,Power,Énergie & Environnement,Malanville,+229 31 95 19 55,,power.bj,PME (10-50),B2C,APIEx,,Actif,2026-06-29T00:15:34.417227,moyenne
BJ-69A9BBF2,Clean SARL,Énergie & Environnement,Malanville,+229 90 58 21 58,clean.sarl@clean.sarl.net,cleansarl.bj,PME (50-200),B2B,APIEx,,Actif,2026-06-29T00:15:34.417277,haute
BJ-BDDA14F3,Éolien Écologie SARL,Énergie & Environnement,Malanville,+229 42 54 39 35,éolien.écologie.sarl@éolien.écologie.sarl.bj,éolienécologiesarl.bj,TPE (<10),B2C,APIEx,,Actif,2026-06-29T00:15:34.417346,haute
BJ-7F51284D,Renouvelable SARL,Énergie & Environnement,Kandi,+229 24 86 29 34,renouvelable.sarl@renouvelable.sarl.benin,renouvelablesarl.bj,TPE (<10),B2C,APIEx,,Actif,2026-06-29T00:15:34.417388,haute
BJ-46E9C7BD,Éolien Solaire Power Kandi,Énergie & Environnement,Kandi,+229 55 81 11 10,éolien.solaire.power.kandi@éolien.solaire.power.kandi.bj,éoliensolairepowerkandi.bj,TPE (<10),B2B,APIEx,,Actif,2026-06-29T00:15:34.417425,haute
BJ-EC47C3C0,Énergie Power,Énergie & Environnement,Kandi,+229 39 48 48 29,énergie.power@énergie.power.com,,PME (10-50),B2B,APIEx,,Actif,2026-06-29T00:15:34.417449,moyenne
BJ-3E2FC46B,Eau Water,Énergie & Environnement,Kandi,+229 86 33 94 89,,eauwater.bj,PME (10-50),B2B,APIEx,,Actif,2026-06-29T00:15:34.417475,moyenne
BJ-B5748C19,Vert Renouvelable Environment,Énergie & Environnement,Kandi,+229 57 70 24 25,vert.renouvelable.environment@vert.renouvelable.environment.bj,,PME (50-200),B2B,APIEx,,Actif,2026-06-29T00:15:34.417497,moyenne
BJ-C348AFF1,Énergie Bénin,Énergie & Environnement,Banikoara,+229 57 97 46 13,énergie.bénin@énergie.bénin.com,énergiebénin.bj,Grande (>200),B2B,APIEx,,Actif,2026-06-29T00:15:34.417543,haute
BJ-B3F8BE47,Renouvelable Power,Énergie & Environnement,Banikoara,+229 94 92 12 37,,renouvelablepower.bj,Grande (>200),B2C,APIEx,,Actif,2026-06-29T00:15:34.417588,moyenne
BJ-4D373557,Power Energy,Énergie & Environnement,Banikoara,+229 55 24 73 69,power.energy@power.energy.net,powerenergy.bj,PME (50-200),B2C,APIEx,,Actif,2026-06-29T00:15:34.417632,haute
BJ-9B441D48,Environnement Énergie,Énergie & Environnement,Banikoara,+229 99 35 10 55,environnement.énergie@environnement.énergie.net,environnementénergie.bj,PME (10-50),B2C,APIEx,,Actif,2026-06-29T00:15:34.417665,haute
BJ-0A44FAF0,Power Assainissement Ségbana,Énergie & Environnement,Ségbana,+229 45 78 89 72,power.assainissement.ségbana@power.assainissement.ségbana.benin,powerassainissementségbana.bj,PME (10-50),B2B,APIEx,,Actif,2026-06-29T00:15:34.417691,haute
BJ-232F04BB,Éolien Énergie Environment Ségbana,Énergie & Environnement,Ségbana,+229 92 87 68 78,éolien.énergie.environment.ségbana@éolien.énergie.environment.ségbana.benin,éolienénergieenvironmentségbana.bj,PME (10-50),B2C,APIEx,,Actif,2026-06-29T00:15:34.417720,haute
BJ-35B7666C,Vert Clean Power,Énergie & Environnement,Ségbana,+229 98 74 81 39,vert.clean.power@vert.clean.power.com,,TPE (<10),B2C,APIEx,,Actif,2026-06-29T00:15:34.417732,moyenne
BJ-73A361EE,Vert Environnement Ségbana,Énergie & Environnement,Ségbana,+229 95 89 54 22,vert.environnement.ségbana@vert.environnement.ségbana.net,,PME (10-50),B2C,APIEx,,Actif,2026-06-29T00:15:34.417745,moyenne
BJ-FDBFB296,Écologie Africa,Énergie & Environnement,Karimama,+229 97 99 27 27,,écologieafrica.bj,PME (50-200),B2C,APIEx,,Actif,2026-06-29T00:15:34.417765,moyenne
BJ-EEBB306A,Eau Solaire Bénin,Énergie & Environnement,Karimama,+229 75 30 20 32,eau.solaire.bénin@eau.solaire.bénin.bj,eausolairebénin.bj,PME (50-200),B2B,APIEx,,Actif,2026-06-29T00:15:34.417784,haute
BJ-F75B20DD,Clean Power,Énergie & Environnement,Karimama,+229 87 26 40 31,,,PME (50-200),B2B,APIEx,,Actif,2026-06-29T00:15:34.417796,basse
BJ-1B18B931,Écologie,Énergie & Environnement,Karimama,+229 51 44 28 55,écologie@écologie.org,écologie.bj,TPE (<10),B2B,APIEx,,Actif,2026-06-29T00:15:34.417811,haute
BJ-BC79C181,Hydraulique,Énergie & Environnement,Karimama,+229 96 74 77 99,hydraulique@hydraulique.net,,Grande (>200),B2B,APIEx,,Actif,2026-06-29T00:15:34.417823,moyenne
BJ-B92E178E,Environnement Énergie SARL,Énergie & Environnement,Gogounou,+229 90 85 54 17,environnement.énergie.sarl@environnement.énergie.sarl.benin,,PME (10-50),B2B,APIEx,,Actif,2026-06-29T00:15:34.417845,moyenne
BJ-0F7099B5,Énergie Clean Gogounou,Énergie & Environnement,Gogounou,+229 50 30 54 81,,énergiecleangogounou.bj,TPE (<10),B2C,APIEx,,Actif,2026-06-29T00:15:34.417861,moyenne
BJ-46BAFE1D,Power Eau,Énergie & Environnement,Gogounou,+229 95 50 90 18,power.eau@power.eau.benin,,Grande (>200),B2C,APIEx,,Actif,2026-06-29T00:15:34.417874,moyenne
BJ-C2F3C831,Environnement Hydraulique Energy,Énergie & Environnement,Gogounou,+229 28 47 36 57,environnement.hydraulique.energy@environnement.hydraulique.energy.net,,PME (50-200),B2B,APIEx,,Actif,2026-06-29T00:15:34.417886,moyenne
BJ-50C35C5A,Assainissement Water,Énergie & Environnement,Gogounou,+229 63 39 39 74,assainissement.water@assainissement.water.bj,assainissementwater.bj,TPE (<10),B2B,APIEx,,Actif,2026-06-29T00:15:34.417934,haute
BJ-34A6D6B1,Solar Power SARL,Énergie & Environnement,Cobly,+229 20 73 38 62,solar.power.sarl@solar.power.sarl.bj,solarpowersarl.bj,TPE (<10),B2C,APIEx,,Actif,2026-06-29T00:15:34.418008,haute
BJ-6D7857AA,Environnement Power Environment,Énergie & Environnement,Cobly,+229 21 76 36 79,environnement.power.environment@environnement.power.environment.com,,PME (10-50),B2C,APIEx,,Actif,2026-06-29T00:15:34.418038,moyenne
BJ-2AC0C7D3,Solaire,Énergie & Environnement,Cobly,+229 42 57 77 78,solaire@solaire.com,,Grande (>200),B2B,APIEx,,Actif,2026-06-29T00:15:34.418054,moyenne
BJ-EAA2A55B,Eau Éolien Water,Énergie & Environnement,Cobly,+229 70 73 47 37,eau.éolien.water@eau.éolien.water.net,,PME (10-50),B2C,APIEx,,Actif,2026-06-29T00:15:34.418068,moyenne
BJ-668287AB,Power Durable,Énergie & Environnement,Tanguiéta,+229 77 61 28 71,power.durable@power.durable.net,powerdurable.bj,PME (10-50),B2C,APIEx,,Actif,2026-06-29T00:15:34.418102,haute
BJ-B7023FF6,Vert Bénin,Énergie & Environnement,Tanguiéta,+229 66 83 81 34,vert.bénin@vert.bénin.net,,TPE (<10),B2B,APIEx,,Actif,2026-06-29T00:15:34.418116,moyenne
BJ-BBD24DA8,Solar Renouvelable Energy,Énergie & Environnement,Tanguiéta,+229 78 85 97 64,,solarrenouvelableenergy.bj,TPE (<10),B2C,APIEx,,Actif,2026-06-29T00:15:34.418139,moyenne
BJ-AB8F0E48,Énergie Bénin Matéri,Énergie & Environnement,Matéri,+229 46 93 30 53,énergie.bénin.matéri@énergie.bénin.matéri.benin,,TPE (<10),B2C,APIEx,,Actif,2026-06-29T00:15:34.418159,moyenne
BJ-0FF11145,Solar Eau Solar,Énergie & Environnement,Matéri,+229 22 82 75 89,solar.eau.solar@solar.eau.solar.net,solareausolar.bj,TPE (<10),B2B,APIEx,,Actif,2026-06-29T00:15:34.418203,haute
BJ-8E1B3B95,Énergie Matéri,Énergie & Environnement,Matéri,+229 61 71 19 74,énergie.matéri@énergie.matéri.com,énergiematéri.bj,PME (50-200),B2B,APIEx,,Actif,2026-06-29T00:15:34.418217,haute
BJ-E0A376C6,Énergie Assainissement Africa,Énergie & Environnement,Natitingou,+229 45 70 11 39,énergie.assainissement.africa@énergie.assainissement.africa.org,,TPE (<10),B2C,APIEx,,Actif,2026-06-29T00:15:34.418236,moyenne
BJ-E9FBBCB0,Clean Power,Énergie & Environnement,Natitingou,+229 74 10 32 17,clean.power@clean.power.benin,,TPE (<10),B2B,APIEx,,Actif,2026-06-29T00:15:34.418265,moyenne
BJ-ED1F7589,Énergie Water,Énergie & Environnement,Natitingou,+229 83 91 26 27,énergie.water@énergie.water.benin,,TPE (<10),B2B,APIEx,,Actif,2026-06-29T00:15:34.418290,moyenne
BJ-81DC85ED,Vert Power,Énergie & Environnement,Toucountouna,+229 79 44 98 73,vert.power@vert.power.org,vertpower.bj,TPE (<10),B2C,APIEx,,Actif,2026-06-29T00:15:34.418308,haute
BJ-6E7AD009,Solar Solaire Power,Énergie & Environnement,Toucountouna,+229 88 61 74 17,solar.solaire.power@solar.solaire.power.bj,solarsolairepower.bj,PME (50-200),B2C,APIEx,,Actif,2026-06-29T00:15:34.418327,haute
BJ-5BD4D604,Eau Environment,Énergie & Environnement,Toucountouna,+229 89 32 91 31,,,TPE (<10),B2B,APIEx,,Actif,2026-06-29T00:15:34.418339,basse
BJ-651AB324,Énergie Durable,Énergie & Environnement,Toucountouna,+229 36 63 82 44,,énergiedurable.bj,TPE (<10),B2B,APIEx,,Actif,2026-06-29T00:15:34.418351,moyenne
BJ-38D006D1,Vert SARL Toucountouna,Énergie & Environnement,Toucountouna,+229 21 33 69 95,vert.sarl.toucountouna@vert.sarl.toucountouna.org,,TPE (<10),B2B,APIEx,,Actif,2026-06-29T00:15:34.418363,moyenne
BJ-D9A7417B,Solar Clean Solar,Énergie & Environnement,Boukoumbé,+229 49 28 31 16,solar.clean.solar@solar.clean.solar.net,,TPE (<10),B2B,APIEx,,Actif,2026-06-29T00:15:34.418395,moyenne
BJ-0B3EFC37,Éolien Environnement Energy,Énergie & Environnement,Boukoumbé,+229 94 76 82 17,éolien.environnement.energy@éolien.environnement.energy.bj,,TPE (<10),B2C,APIEx,,Actif,2026-06-29T00:15:34.418408,moyenne
BJ-355F56CE,Vert Renouvelable Solar Boukoumbé,Énergie & Environnement,Boukoumbé,+229 34 48 14 19,,vertrenouvelablesolarboukoumbé.bj,Grande (>200),B2B,APIEx,,Actif,2026-06-29T00:15:34.418421,moyenne
BJ-89719A50,Durable Power,Énergie & Environnement,Boukoumbé,+229 48 52 10 74,durable.power@durable.power.com,,PME (10-50),B2B,APIEx,,Actif,2026-06-29T00:15:34.418433,moyenne
BJ-4B82F5FD,Power Vert Solar,Énergie & Environnement,Kouandé,+229 25 48 37 94,power.vert.solar@power.vert.solar.bj,powervertsolar.bj,Grande (>200),B2B,APIEx,,Actif,2026-06-29T00:15:34.418451,haute
BJ-D61E10EB,Solar Clean Water,Énergie & Environnement,Kouandé,+229 45 37 77 13,,solarcleanwater.bj,TPE (<10),B2B,APIEx,,Actif,2026-06-29T00:15:34.418470,moyenne
BJ-8CA57FEB,Clean Solar,Énergie & Environnement,Kouandé,+229 46 46 10 20,,,PME (10-50),B2C,APIEx,,Actif,2026-06-29T00:15:34.418481,basse
BJ-9ED9BC55,Solaire Solar,Énergie & Environnement,Kouandé,+229 45 70 43 90,,,TPE (<10),B2B,APIEx,,Actif,2026-06-29T00:15:34.418491,basse
BJ-2960D91A,Environnement Écologie,Énergie & Environnement,Kouandé,+229 89 41 72 77,environnement.écologie@environnement.écologie.bj,environnementécologie.bj,TPE (<10),B2B,APIEx,,Actif,2026-06-29T00:15:34.418505,haute
BJ-14290ED5,Vert Solaire,Énergie & Environnement,Péhunco,+229 50 88 87 10,vert.solaire@vert.solaire.net,,TPE (<10),B2C,APIEx,,Actif,2026-06-29T00:15:34.418526,moyenne
BJ-959C21C7,Écologie,Énergie & Environnement,Péhunco,+229 88 56 31 80,écologie@écologie.bj,écologie.bj,TPE (<10),B2C,APIEx,,Actif,2026-06-29T00:15:34.418540,haute
BJ-70FF5CA5,Environnement Éolien,Énergie & Environnement,Péhunco,+229 88 32 29 46,,,PME (50-200),B2B,APIEx,,Actif,2026-06-29T00:15:34.418552,basse
BJ-A076A582,Solar Power Péhunco,Énergie & Environnement,Péhunco,+229 49 46 66 87,solar.power.péhunco@solar.power.péhunco.benin,solarpowerpéhunco.bj,PME (10-50),B2C,APIEx,,Actif,2026-06-29T00:15:34.418566,haute
BJ-4343542F,Power Eau Environment Tchaourou,Énergie & Environnement,Tchaourou,+229 41 98 59 65,power.eau.environment.tchaourou@power.eau.environment.tchaourou.benin,powereauenvironmenttchaourou.bj,PME (50-200),B2C,APIEx,,Actif,2026-06-29T00:15:34.418598,haute
BJ-24955226,Power Environnement Water,Énergie & Environnement,Tchaourou,+229 40 31 26 57,power.environnement.water@power.environnement.water.benin,,Grande (>200),B2B,APIEx,,Actif,2026-06-29T00:15:34.418614,moyenne
BJ-32B80B16,Éolien Water Tchaourou,Énergie & Environnement,Tchaourou,+229 88 85 79 16,éolien.water.tchaourou@éolien.water.tchaourou.net,,TPE (<10),B2C,APIEx,,Actif,2026-06-29T00:15:34.418627,moyenne
BJ-68A503E5,Eau Solaire,Énergie & Environnement,Tchaourou,+229 77 60 94 29,eau.solaire@eau.solaire.org,,PME (10-50),B2B,APIEx,,Actif,2026-06-29T00:15:34.418640,moyenne
BJ-0124F5EC,Environnement Énergie Energy,Énergie & Environnement,Tchaourou,+229 62 15 59 70,environnement.énergie.energy@environnement.énergie.energy.org,environnementénergieenergy.bj,PME (10-50),B2B,APIEx,,Actif,2026-06-29T00:15:34.418652,haute
BJ-739DF090,Eau Power SARL,Énergie & Environnement,Nikki,+229 29 96 61 76,eau.power.sarl@eau.power.sarl.bj,eaupowersarl.bj,TPE (<10),B2C,APIEx,,Actif,2026-06-29T00:15:34.418673,haute
BJ-0E9B5829,Éolien Renouvelable Power,Énergie & Environnement,Nikki,+229 66 68 29 32,,éolienrenouvelablepower.bj,PME (10-50),B2C,APIEx,,Actif,2026-06-29T00:15:34.418691,moyenne
BJ-3C0C0B97,Power Environnement Environment,Énergie & Environnement,Nikki,+229 74 30 32 26,power.environnement.environment@power.environnement.environment.com,powerenvironnementenvironment.bj,PME (10-50),B2B,APIEx,,Actif,2026-06-29T00:15:34.418733,haute
BJ-BFCE6504,Énergie Energy,Énergie & Environnement,Bembéréké,+229 89 99 12 84,énergie.energy@énergie.energy.bj,énergieenergy.bj,PME (10-50),B2B,APIEx,,Actif,2026-06-29T00:15:34.418754,haute
BJ-DAF498FD,Power Écologie,Énergie & Environnement,Bembéréké,+229 36 64 65 34,power.écologie@power.écologie.net,powerécologie.bj,PME (50-200),B2B,APIEx,,Actif,2026-06-29T00:15:34.418770,haute
BJ-F7A40CB4,Power Clean Africa,Énergie & Environnement,Bembéréké,+229 78 60 62 48,power.clean.africa@power.clean.africa.net,powercleanafrica.bj,PME (10-50),B2B,APIEx,,Actif,2026-06-29T00:15:34.418784,haute
BJ-F1E88410,Énergie Power,Énergie & Environnement,Bembéréké,+229 25 63 92 72,énergie.power@énergie.power.benin,énergiepower.bj,PME (50-200),B2B,APIEx,,Actif,2026-06-29T00:15:34.418797,haute
BJ-CEE64878,Eau Durable Bénin,Énergie & Environnement,Bembéréké,+229 54 75 61 55,,eaudurablebénin.bj,PME (10-50),B2B,APIEx,,Actif,2026-06-29T00:15:34.418810,moyenne
BJ-B23A1565,Environnement Water,Énergie & Environnement,Kalalé,+229 77 77 82 34,,,Grande (>200),B2B,APIEx,,Actif,2026-06-29T00:15:34.418827,basse
BJ-F1B0F101,Environnement Solar,Énergie & Environnement,Kalalé,+229 83 90 82 67,environnement.solar@environnement.solar.com,,PME (10-50),B2B,APIEx,,Actif,2026-06-29T00:15:34.418839,moyenne
BJ-09FF4EFC,Assainissement,Énergie & Environnement,Kalalé,+229 67 17 73 21,assainissement@assainissement.net,assainissement.bj,TPE (<10),B2B,APIEx,,Actif,2026-06-29T00:15:34.418851,haute
BJ-652A0959,Solar Environnement,Énergie & Environnement,Kalalé,+229 36 95 86 72,solar.environnement@solar.environnement.bj,,TPE (<10),B2B,APIEx,,Actif,2026-06-29T00:15:34.418863,moyenne
BJ-5E139EB9,Eau Water,Énergie & Environnement,Kalalé,+229 69 61 21 85,eau.water@eau.water.org,eauwater.bj,PME (10-50),B2C,APIEx,,Actif,2026-06-29T00:15:34.418876,haute
BJ-6B5874DC,Eau Environment,Énergie & Environnement,Ndali,+229 85 60 83 94,eau.environment@eau.environment.bj,,TPE (<10),B2C,APIEx,,Actif,2026-06-29T00:15:34.418912,moyenne
BJ-20D470A3,Énergie SARL Ndali,Énergie & Environnement,Ndali,+229 86 51 84 21,,énergiesarlndali.bj,TPE (<10),B2C,APIEx,,Actif,2026-06-29T00:15:34.418932,moyenne
BJ-9ADE2FCD,Power Hydraulique Bénin Ndali,Énergie & Environnement,Ndali,+229 41 25 86 47,power.hydraulique.bénin.ndali@power.hydraulique.bénin.ndali.benin,,TPE (<10),B2C,APIEx,,Actif,2026-06-29T00:15:34.418946,moyenne
BJ-CEE6A82F,Clean Energy,Énergie & Environnement,Ndali,+229 87 94 73 43,clean.energy@clean.energy.org,,PME (50-200),B2C,APIEx,,Actif,2026-06-29T00:15:34.418962,moyenne
BJ-B162F597,Eau Power Bénin Ségbana,Énergie & Environnement,Ségbana,+229 26 89 66 99,,eaupowerbéninségbana.bj,PME (10-50),B2C,APIEx,,Actif,2026-06-29T00:15:34.419005,moyenne
BJ-D4CDDA5E,Écologie,Énergie & Environnement,Ségbana,+229 77 35 84 18,écologie@écologie.com,écologie.bj,PME (50-200),B2B,APIEx,,Actif,2026-06-29T00:15:34.419032,haute
BJ-72F7F3D5,Eau Durable Water,Énergie & Environnement,Ségbana,+229 56 84 39 18,,eaudurablewater.bj,TPE (<10),B2B,APIEx,,Actif,2026-06-29T00:15:34.419043,moyenne
BJ-2AD0813A,Solar Solaire Solar,Énergie & Environnement,Tchaourou,+229 36 29 65 22,solar.solaire.solar@solar.solaire.solar.bj,,TPE (<10),B2B,APIEx,,Actif,2026-06-29T00:15:34.419076,moyenne
BJ-73B2CDB5,Solar Renouvelable Solar,Énergie & Environnement,Tchaourou,+229 75 61 10 64,solar.renouvelable.solar@solar.renouvelable.solar.net,solarrenouvelablesolar.bj,PME (10-50),B2C,APIEx,,Actif,2026-06-29T00:15:34.419089,haute
BJ-DDCC7C5D,Vert Vert Environment,Énergie & Environnement,Tchaourou,+229 21 24 67 64,,,PME (50-200),B2C,APIEx,,Actif,2026-06-29T00:15:34.419100,basse
BJ-F7FBD2C3,Énergie Environment,Énergie & Environnement,Bétérou,+229 41 40 68 73,énergie.environment@énergie.environment.com,énergieenvironment.bj,TPE (<10),B2B,APIEx,,Actif,2026-06-29T00:15:34.419142,haute
BJ-87558183,Vert Éolien,Énergie & Environnement,Bétérou,+229 93 30 47 56,vert.éolien@vert.éolien.net,vertéolien.bj,PME (50-200),B2B,APIEx,,Actif,2026-06-29T00:15:34.419155,haute
BJ-777A2FFE,Vert Bétérou,Énergie & Environnement,Bétérou,+229 89 49 98 79,vert.bétérou@vert.bétérou.net,vertbétérou.bj,PME (50-200),B2B,APIEx,,Actif,2026-06-29T00:15:34.419168,haute
BJ-85BD2012,Écologie,Énergie & Environnement,Bétérou,+229 80 31 80 95,,écologie.bj,TPE (<10),B2C,APIEx,,Actif,2026-06-29T00:15:34.419179,moyenne
BJ-2C3E62FB,Eau Power,Énergie & Environnement,Ouessè,+229 74 97 38 12,eau.power@eau.power.benin,eaupower.bj,Grande (>200),B2C,APIEx,,Actif,2026-06-29T00:15:34.419200,haute
BJ-D7472B04,Environnement Environnement,Énergie & Environnement,Ouessè,+229 21 55 87 18,,,TPE (<10),B2B,APIEx,,Actif,2026-06-29T00:15:34.419214,basse
BJ-89656567,Vert Solaire,Énergie & Environnement,Ouessè,+229 34 64 87 13,vert.solaire@vert.solaire.net,vertsolaire.bj,PME (10-50),B2B,APIEx,,Actif,2026-06-29T00:15:34.419227,haute
BJ-02116FC3,Power Environnement Bénin,Énergie & Environnement,Ouessè,+229 77 99 55 46,,powerenvironnementbénin.bj,TPE (<10),B2B,APIEx,,Actif,2026-06-29T00:15:34.419239,moyenne
BJ-85689E41,Énergie Clean Solar,Énergie & Environnement,Ouessè,+229 92 36 57 68,,énergiecleansolar.bj,Grande (>200),B2C,APIEx,,Actif,2026-06-29T00:15:34.419250,moyenne
BJ-4A655BFF,Eau Assainissement,Énergie & Environnement,Glazoué,+229 55 10 58 49,eau.assainissement@eau.assainissement.benin,,TPE (<10),B2C,APIEx,,Actif,2026-06-29T00:15:34.419269,moyenne
BJ-C5BC9ED3,Éolien Écologie Africa,Énergie & Environnement,Glazoué,+229 64 77 52 74,éolien.écologie.africa@éolien.écologie.africa.com,éolienécologieafrica.bj,PME (10-50),B2B,APIEx,,Actif,2026-06-29T00:15:34.419282,haute
BJ-94EA0F2D,Eau,Énergie & Environnement,Glazoué,+229 76 46 44 97,,eau.bj,PME (10-50),B2C,APIEx,,Actif,2026-06-29T00:15:34.419305,moyenne
BJ-2EA37926,Clean Power,Énergie & Environnement,Glazoué,+229 35 49 70 79,,,PME (50-200),B2B,APIEx,,Actif,2026-06-29T00:15:34.419317,basse
BJ-DAC9FC57,Power Power Solar,Énergie & Environnement,Dassa-Zoumè,+229 76 24 48 96,,powerpowersolar.bj,PME (50-200),B2C,APIEx,,Actif,2026-06-29T00:15:34.419354,moyenne
BJ-928CFF92,Solaire,Énergie & Environnement,Dassa-Zoumè,+229 49 95 78 25,solaire@solaire.benin,solaire.bj,PME (10-50),B2B,APIEx,,Actif,2026-06-29T00:15:34.419366,haute
BJ-E5E4A508,Énergie Dassa-Zoumè,Énergie & Environnement,Dassa-Zoumè,+229 79 29 79 36,énergie.dassazoumè@énergie.dassazoumè.com,énergiedassazoumè.bj,TPE (<10),B2C,APIEx,,Actif,2026-06-29T00:15:34.419380,haute
BJ-EA64B788,Solaire,Énergie & Environnement,Savalou,+229 83 43 70 14,,solaire.bj,PME (10-50),B2B,APIEx,,Actif,2026-06-29T00:15:34.419425,moyenne
BJ-8FDEF2F7,Éolien Power,Énergie & Environnement,Savalou,+229 79 28 77 74,éolien.power@éolien.power.bj,éolienpower.bj,PME (50-200),B2C,APIEx,,Actif,2026-06-29T00:15:34.419445,haute
BJ-3D926076,Eau Bénin,Énergie & Environnement,Savalou,+229 22 36 48 94,eau.bénin@eau.bénin.org,,TPE (<10),B2B,APIEx,,Actif,2026-06-29T00:15:34.419457,moyenne
BJ-9306D466,Écologie Solar,Énergie & Environnement,Savalou,+229 25 80 98 30,écologie.solar@écologie.solar.bj,,PME (10-50),B2B,APIEx,,Actif,2026-06-29T00:15:34.419470,moyenne
BJ-980878D5,Environnement,Énergie & Environnement,Bantè,+229 59 51 21 81,environnement@environnement.com,environnement.bj,TPE (<10),B2C,APIEx,,Actif,2026-06-29T00:15:34.419487,haute
BJ-CB276892,Assainissement Energy,Énergie & Environnement,Bantè,+229 98 47 72 32,assainissement.energy@assainissement.energy.bj,,PME (50-200),B2B,APIEx,,Actif,2026-06-29T00:15:34.419505,moyenne
BJ-B0237F98,Eau Environnement Solar,Énergie & Environnement,Bantè,+229 73 10 28 61,eau.environnement.solar@eau.environnement.solar.bj,eauenvironnementsolar.bj,TPE (<10),B2C,APIEx,,Actif,2026-06-29T00:15:34.419530,haute
BJ-418F4E51,Eau Environment,Énergie & Environnement,Bantè,+229 21 97 82 23,eau.environment@eau.environment.org,eauenvironment.bj,TPE (<10),B2C,APIEx,,Actif,2026-06-29T00:15:34.419542,haute
BJ-6529FA93,Eau Clean Energy,Énergie & Environnement,Djougou,+229 42 26 96 24,eau.clean.energy@eau.clean.energy.org,,PME (50-200),B2C,APIEx,,Actif,2026-06-29T00:15:34.419559,moyenne
BJ-69488AFB,Vert Clean Bénin,Énergie & Environnement,Djougou,+229 68 58 33 17,vert.clean.bénin@vert.clean.bénin.org,vertcleanbénin.bj,Grande (>200),B2B,APIEx,,Actif,2026-06-29T00:15:34.419572,haute
BJ-79ECC17C,Vert Power Bénin,Énergie & Environnement,Djougou,+229 97 69 31 57,vert.power.bénin@vert.power.bénin.com,vertpowerbénin.bj,TPE (<10),B2C,APIEx,,Actif,2026-06-29T00:15:34.419584,haute
BJ-5F1216C4,Vert Écologie Solar,Énergie & Environnement,Djougou,+229 87 75 76 92,vert.écologie.solar@vert.écologie.solar.benin,,TPE (<10),B2B,APIEx,,Actif,2026-06-29T00:15:34.419597,moyenne
BJ-0A5D3236,Solar Power,Énergie & Environnement,Djougou,+229 30 36 37 83,,,PME (50-200),B2B,APIEx,,Actif,2026-06-29T00:15:34.419607,basse
BJ-4122E422,Éolien Assainissement,Énergie & Environnement,Ouèssè,+229 90 32 44 48,éolien.assainissement@éolien.assainissement.com,éolienassainissement.bj,TPE (<10),B2C,APIEx,,Actif,2026-06-29T00:15:34.419639,haute
BJ-E9BD8555,Solaire Energy Ouèssè,Énergie & Environnement,Ouèssè,+229 45 90 86 20,solaire.energy.ouèssè@solaire.energy.ouèssè.com,solaireenergyouèssè.bj,PME (50-200),B2B,APIEx,,Actif,2026-06-29T00:15:34.419673,haute
BJ-36F64A47,Solar Éolien Power,Énergie & Environnement,Ouèssè,+229 26 58 67 91,solar.éolien.power@solar.éolien.power.net,,Grande (>200),B2B,APIEx,,Actif,2026-06-29T00:15:34.419685,moyenne
BJ-F2DEF681,Solar Vert,Énergie & Environnement,Bassila,+229 94 62 64 33,,solarvert.bj,PME (10-50),B2C,APIEx,,Actif,2026-06-29T00:15:34.419703,moyenne
BJ-CB391BD7,Écologie,Énergie & Environnement,Bassila,+229 66 91 54 50,,écologie.bj,TPE (<10),B2B,APIEx,,Actif,2026-06-29T00:15:34.419715,moyenne
BJ-24623A34,Énergie Durable SARL,Énergie & Environnement,Bassila,+229 87 92 52 40,énergie.durable.sarl@énergie.durable.sarl.net,,TPE (<10),B2B,APIEx,,Actif,2026-06-29T00:15:34.419732,moyenne
BJ-6E460DBB,Renouvelable Bassila,Énergie & Environnement,Bassila,+229 79 86 69 37,,,TPE (<10),B2C,APIEx,,Actif,2026-06-29T00:15:34.419744,basse
BJ-0FF7828D,Eau Renouvelable SARL Bassila,Énergie & Environnement,Bassila,+229 75 73 70 25,eau.renouvelable.sarl.bassila@eau.renouvelable.sarl.bassila.bj,eaurenouvelablesarlbassila.bj,PME (50-200),B2B,APIEx,,Actif,2026-06-29T00:15:34.419756,haute
BJ-F2AFD4FE,Énergie Pehunco,Énergie & Environnement,Pehunco,+229 59 47 24 76,énergie.pehunco@énergie.pehunco.benin,,TPE (<10),B2C,APIEx,,Actif,2026-06-29T00:15:34.419775,moyenne
BJ-0A9C32ED,Éolien Environnement,Énergie & Environnement,Pehunco,+229 20 32 99 48,éolien.environnement@éolien.environnement.net,,Grande (>200),B2B,APIEx,,Actif,2026-06-29T00:15:34.419790,moyenne
BJ-D384589A,Environnement Hydraulique Bénin,Énergie & Environnement,Pehunco,+229 91 22 56 32,,,TPE (<10),B2B,APIEx,,Actif,2026-06-29T00:15:34.419802,basse
BJ-39E71E9F,Eau Assainissement Solar,Énergie & Environnement,Pehunco,+229 89 52 87 22,eau.assainissement.solar@eau.assainissement.solar.benin,,PME (50-200),B2B,APIEx,,Actif,2026-06-29T00:15:34.419813,moyenne
BJ-6D511C73,Renouvelable Energy,Énergie & Environnement,Pehunco,+229 36 79 16 15,renouvelable.energy@renouvelable.energy.benin,renouvelableenergy.bj,PME (10-50),B2C,APIEx,,Actif,2026-06-29T00:15:34.419826,haute
BJ-39BAFDD3,Eau Environnement,Énergie & Environnement,Copargo,+229 45 95 10 65,,,TPE (<10),B2B,APIEx,,Actif,2026-06-29T00:15:34.419842,basse
BJ-53B84E0D,Power Renouvelable,Énergie & Environnement,Copargo,+229 56 42 37 73,power.renouvelable@power.renouvelable.org,,TPE (<10),B2C,APIEx,,Actif,2026-06-29T00:15:34.419854,moyenne
BJ-6C193546,Vert,Énergie & Environnement,Copargo,+229 20 46 19 18,,,PME (10-50),B2B,APIEx,,Actif,2026-06-29T00:15:34.419864,basse
BJ-52C03B5D,Éolien Environnement,Énergie & Environnement,Copargo,+229 60 33 26 97,,éolienenvironnement.bj,TPE (<10),B2B,APIEx,,Actif,2026-06-29T00:15:34.419887,moyenne
BJ-F8906603,Média Démocratie Cotonou,Médias & Communication,Cotonou,+229 35 63 50 78,média.démocratie.cotonou@média.démocratie.cotonou.bj,,PME (50-200),B2B,APIEx,,Actif,2026-06-29T00:15:34.419939,moyenne
BJ-840508C0,Actualité TV Cotonou,Médias & Communication,Cotonou,+229 44 54 68 77,actualité.tv.cotonou@actualité.tv.cotonou.org,actualitétvcotonou.bj,TPE (<10),B2B,APIEx,,Actif,2026-06-29T00:15:34.419971,haute
BJ-173C9870,Journal Cotonou,Médias & Communication,Cotonou,+229 61 60 70 81,,journalcotonou.bj,PME (10-50),B2C,APIEx,,Actif,2026-06-29T00:15:34.420001,moyenne
BJ-49E0F86C,Presse Journal Africa,Médias & Communication,Cotonou,+229 92 53 23 34,presse.journal.africa@presse.journal.africa.benin,pressejournalafrica.bj,PME (10-50),B2C,APIEx,,Actif,2026-06-29T00:15:34.420056,haute
BJ-CF6D30C5,Journal Liberté Abomey-Calavi,Médias & Communication,Abomey-Calavi,+229 57 11 87 73,,,PME (50-200),B2C,APIEx,,Actif,2026-06-29T00:15:34.420091,basse
BJ-3D0C71B9,Média Journal TV,Médias & Communication,Abomey-Calavi,+229 66 68 39 85,,médiajournaltv.bj,PME (10-50),B2C,APIEx,,Actif,2026-06-29T00:15:34.420118,moyenne
BJ-0A24E8F0,Télévision News Abomey-Calavi,Médias & Communication,Abomey-Calavi,+229 88 77 81 76,télévision.news.abomeycalavi@télévision.news.abomeycalavi.bj,télévisionnewsabomeycalavi.bj,TPE (<10),B2B,APIEx,,Actif,2026-06-29T00:15:34.420157,haute
BJ-E5DBAA42,Communication News,Médias & Communication,Abomey-Calavi,+229 68 40 82 80,communication.news@communication.news.benin,,TPE (<10),B2B,APIEx,,Actif,2026-06-29T00:15:34.420200,moyenne
BJ-9B4CC310,Information News,Médias & Communication,Porto-Novo,+229 27 72 51 93,information.news@information.news.bj,informationnews.bj,TPE (<10),B2C,APIEx,,Actif,2026-06-29T00:15:34.420239,haute
BJ-0ECEC395,Liberté Media,Médias & Communication,Porto-Novo,+229 42 34 25 39,liberté.media@liberté.media.net,,Grande (>200),B2B,APIEx,,Actif,2026-06-29T00:15:34.420253,moyenne
BJ-E8539D0A,Radio Média,Médias & Communication,Porto-Novo,+229 85 49 18 30,radio.média@radio.média.bj,,TPE (<10),B2B,APIEx,,Actif,2026-06-29T00:15:34.420265,moyenne
BJ-8BBA51B0,Information Africa,Médias & Communication,Porto-Novo,+229 96 15 10 69,information.africa@information.africa.com,informationafrica.bj,PME (10-50),B2B,APIEx,,Actif,2026-06-29T00:15:34.420278,haute
BJ-E0736420,Agence Journal,Médias & Communication,Parakou,+229 63 39 63 78,,,TPE (<10),B2B,APIEx,,Actif,2026-06-29T00:15:34.420295,basse
BJ-DA6A94E4,Agence Publicité,Médias & Communication,Parakou,+229 43 56 47 95,agence.publicité@agence.publicité.bj,,PME (10-50),B2B,APIEx,,Actif,2026-06-29T00:15:34.420326,moyenne
BJ-8DC17072,Presse Actualité Parakou,Médias & Communication,Parakou,+229 79 40 21 67,presse.actualité.parakou@presse.actualité.parakou.com,presseactualitéparakou.bj,PME (10-50),B2B,APIEx,,Actif,2026-06-29T00:15:34.420339,haute
BJ-E9CEB63B,International,Médias & Communication,Parakou,+229 42 50 65 88,,,TPE (<10),B2C,APIEx,,Actif,2026-06-29T00:15:34.420350,basse
BJ-1B496641,Radio Journal,Médias & Communication,Bohicon,+229 76 85 56 72,radio.journal@radio.journal.com,,TPE (<10),B2B,APIEx,,Actif,2026-06-29T00:15:34.420383,moyenne
BJ-11AE57A3,Radio Bénin,Médias & Communication,Bohicon,+229 49 51 26 88,,radiobénin.bj,PME (10-50),B2B,APIEx,,Actif,2026-06-29T00:15:34.420395,moyenne
BJ-BD5C6342,Radio Liberté,Médias & Communication,Bohicon,+229 66 11 21 39,radio.liberté@radio.liberté.com,radioliberté.bj,TPE (<10),B2C,APIEx,,Actif,2026-06-29T00:15:34.420408,haute
BJ-41FE021C,Publicité Natitingou,Médias & Communication,Natitingou,+229 38 18 49 87,,,PME (10-50),B2C,APIEx,,Actif,2026-06-29T00:15:34.420435,basse
BJ-864803D9,Nouvelles Africa,Médias & Communication,Natitingou,+229 21 20 86 94,nouvelles.africa@nouvelles.africa.bj,nouvellesafrica.bj,PME (10-50),B2C,APIEx,,Actif,2026-06-29T00:15:34.420457,haute
BJ-23D579C5,TV Radio News,Médias & Communication,Natitingou,+229 49 64 63 62,tv.radio.news@tv.radio.news.net,tvradionews.bj,TPE (<10),B2C,APIEx,,Actif,2026-06-29T00:15:34.420482,haute
BJ-9AF1CC28,Communication Actualité Radio,Médias & Communication,Lokossa,+229 54 32 57 56,communication.actualité.radio@communication.actualité.radio.org,communicationactualitéradio.bj,TPE (<10),B2B,APIEx,,Actif,2026-06-29T00:15:34.420500,haute
BJ-16CC4F25,International Press,Médias & Communication,Lokossa,+229 26 86 36 44,,internationalpress.bj,TPE (<10),B2C,APIEx,,Actif,2026-06-29T00:15:34.420514,moyenne
BJ-78F7E320,Journal Liberté Media,Médias & Communication,Lokossa,+229 49 86 81 33,,,TPE (<10),B2C,APIEx,,Actif,2026-06-29T00:15:34.420525,basse
BJ-8C246928,Radio Africa,Médias & Communication,Lokossa,+229 85 42 89 15,radio.africa@radio.africa.net,radioafrica.bj,TPE (<10),B2C,APIEx,,Actif,2026-06-29T00:15:34.420541,haute
BJ-81801D12,Média Télévision News,Médias & Communication,Lokossa,+229 43 25 24 41,média.télévision.news@média.télévision.news.benin,médiatélévisionnews.bj,TPE (<10),B2B,APIEx,,Actif,2026-06-29T00:15:34.420554,haute
BJ-E8AB3864,Radio Ouidah,Médias & Communication,Ouidah,+229 37 92 57 14,radio.ouidah@radio.ouidah.org,radioouidah.bj,Grande (>200),B2B,APIEx,,Actif,2026-06-29T00:15:34.420572,haute
BJ-B002044B,Communication Liberté,Médias & Communication,Ouidah,+229 94 95 97 14,,,Grande (>200),B2C,APIEx,,Actif,2026-06-29T00:15:34.420594,basse
BJ-372F2728,Radio Média Ouidah,Médias & Communication,Ouidah,+229 46 28 44 80,,radiomédiaouidah.bj,TPE (<10),B2C,APIEx,,Actif,2026-06-29T00:15:34.420606,moyenne
BJ-945A3E96,Média International,Médias & Communication,Ouidah,+229 27 85 32 11,média.international@média.international.com,médiainternational.bj,TPE (<10),B2B,APIEx,,Actif,2026-06-29T00:15:34.420618,haute
BJ-566D647B,Média Télévision Savalou,Médias & Communication,Savalou,+229 39 83 62 53,,médiatélévisionsavalou.bj,PME (50-200),B2B,APIEx,,Actif,2026-06-29T00:15:34.420639,moyenne
BJ-F44332E8,Radio Publicité,Médias & Communication,Savalou,+229 55 33 84 43,radio.publicité@radio.publicité.bj,radiopublicité.bj,Grande (>200),B2C,APIEx,,Actif,2026-06-29T00:15:34.420666,haute
BJ-4CA178DE,Communication International Africa,Médias & Communication,Savalou,+229 97 24 21 46,,communicationinternationalafrica.bj,PME (10-50),B2C,APIEx,,Actif,2026-06-29T00:15:34.420678,moyenne
BJ-6295AAB9,Information,Médias & Communication,Savalou,+229 44 63 30 87,information@information.net,information.bj,PME (50-200),B2C,APIEx,,Actif,2026-06-29T00:15:34.420690,haute
BJ-1FE1ACE9,Presse International Africa,Médias & Communication,Dassa-Zoumè,+229 58 43 11 89,,presseinternationalafrica.bj,PME (50-200),B2B,APIEx,,Actif,2026-06-29T00:15:34.420718,moyenne
BJ-BA84F65B,Journal Bénin,Médias & Communication,Dassa-Zoumè,+229 24 90 56 30,journal.bénin@journal.bénin.benin,journalbénin.bj,TPE (<10),B2B,APIEx,,Actif,2026-06-29T00:15:34.420731,haute
BJ-097353AE,Communication Media Dassa-Zoumè,Médias & Communication,Dassa-Zoumè,+229 68 40 98 84,communication.media.dassazoumè@communication.media.dassazoumè.bj,,TPE (<10),B2B,APIEx,,Actif,2026-06-29T00:15:34.420743,moyenne
BJ-A0DE4963,TV Actualité,Médias & Communication,Dassa-Zoumè,+229 98 42 65 65,tv.actualité@tv.actualité.org,tvactualité.bj,TPE (<10),B2B,APIEx,,Actif,2026-06-29T00:15:34.420756,haute
BJ-EA95BCE6,Agence Télévision Kétou,Médias & Communication,Kétou,+229 49 16 16 69,agence.télévision.kétou@agence.télévision.kétou.net,,TPE (<10),B2B,APIEx,,Actif,2026-06-29T00:15:34.420773,moyenne
BJ-8E9B7C62,Média,Médias & Communication,Kétou,+229 82 92 49 91,,média.bj,Grande (>200),B2C,APIEx,,Actif,2026-06-29T00:15:34.420787,moyenne
BJ-86B98EC7,TV Démocratie Radio,Médias & Communication,Kétou,+229 42 82 85 32,tv.démocratie.radio@tv.démocratie.radio.net,tvdémocratieradio.bj,PME (10-50),B2B,APIEx,,Actif,2026-06-29T00:15:34.420803,haute
BJ-7177AD6C,Radio Démocratie TV,Médias & Communication,Kétou,+229 40 52 36 10,radio.démocratie.tv@radio.démocratie.tv.net,radiodémocratietv.bj,TPE (<10),B2C,APIEx,,Actif,2026-06-29T00:15:34.420816,haute
BJ-E139F1AA,Information Communication,Médias & Communication,Kétou,+229 83 83 53 27,,informationcommunication.bj,PME (10-50),B2C,APIEx,,Actif,2026-06-29T00:15:34.420827,moyenne
BJ-91F5AB85,Journal Liberté Covè,Médias & Communication,Covè,+229 98 19 12 43,,,TPE (<10),B2B,APIEx,,Actif,2026-06-29T00:15:34.420843,basse
BJ-FA07DDB0,Communication Télévision News,Médias & Communication,Covè,+229 66 59 21 62,communication.télévision.news@communication.télévision.news.benin,,PME (10-50),B2B,APIEx,,Actif,2026-06-29T00:15:34.420855,moyenne
BJ-48DB8129,Communication Publicité Covè,Médias & Communication,Covè,+229 63 89 63 81,,,Grande (>200),B2B,APIEx,,Actif,2026-06-29T00:15:34.420866,basse
BJ-98F2F376,Démocratie TV Covè,Médias & Communication,Covè,+229 81 22 77 88,,démocratietvcovè.bj,PME (50-200),B2C,APIEx,,Actif,2026-06-29T00:15:34.420903,moyenne
BJ-1DFE20E4,Agence National Pobè,Médias & Communication,Pobè,+229 29 53 87 44,agence.national.pobè@agence.national.pobè.org,,TPE (<10),B2C,APIEx,,Actif,2026-06-29T00:15:34.420938,moyenne
BJ-577A4570,Radio Radio Bénin,Médias & Communication,Pobè,+229 23 28 82 16,,radioradiobénin.bj,TPE (<10),B2C,APIEx,,Actif,2026-06-29T00:15:34.420970,moyenne
BJ-0031C88C,Radio Média Media,Médias & Communication,Pobè,+229 60 42 19 49,radio.média.media@radio.média.media.org,radiomédiamedia.bj,PME (50-200),B2B,APIEx,,Actif,2026-06-29T00:15:34.420986,haute
BJ-E704D854,Information,Médias & Communication,Pobè,+229 36 98 61 84,,,PME (50-200),B2C,APIEx,,Actif,2026-06-29T00:15:34.421008,basse
BJ-063943C8,Radio Actualité,Médias & Communication,Sakété,+229 86 53 39 62,,,Grande (>200),B2B,APIEx,,Actif,2026-06-29T00:15:34.421026,basse
BJ-1399A9BC,Radio News,Médias & Communication,Sakété,+229 48 97 38 96,radio.news@radio.news.org,radionews.bj,PME (10-50),B2B,APIEx,,Actif,2026-06-29T00:15:34.421039,haute
BJ-DE7A5F79,Média Journal TV,Médias & Communication,Sakété,+229 66 65 94 30,,médiajournaltv.bj,TPE (<10),B2B,APIEx,,Actif,2026-06-29T00:15:34.421051,moyenne
BJ-B68F4AEE,Liberté Africa,Médias & Communication,Sakété,+229 73 80 33 39,liberté.africa@liberté.africa.org,libertéafrica.bj,TPE (<10),B2B,APIEx,,Actif,2026-06-29T00:15:34.421063,haute
BJ-6A78522E,Actualité Radio Sakété,Médias & Communication,Sakété,+229 87 11 76 17,,actualitéradiosakété.bj,PME (10-50),B2B,APIEx,,Actif,2026-06-29T00:15:34.421075,moyenne
BJ-A1E8117F,Nouvelles Adjara,Médias & Communication,Adjara,+229 71 48 82 79,nouvelles.adjara@nouvelles.adjara.com,nouvellesadjara.bj,TPE (<10),B2B,APIEx,,Actif,2026-06-29T00:15:34.421097,haute
BJ-A6AB1061,Radio Liberté Adjara,Médias & Communication,Adjara,+229 55 99 30 60,,,PME (50-200),B2C,APIEx,,Actif,2026-06-29T00:15:34.421125,basse
BJ-26B4F9B8,Communication National Media,Médias & Communication,Adjara,+229 22 31 30 91,,,PME (10-50),B2B,APIEx,,Actif,2026-06-29T00:15:34.421135,basse
BJ-82D04E02,Journal Actualité Allada,Médias & Communication,Allada,+229 64 57 83 30,,journalactualitéallada.bj,TPE (<10),B2C,APIEx,,Actif,2026-06-29T00:15:34.421165,moyenne
BJ-1AA2627B,Radio Communication,Médias & Communication,Allada,+229 63 93 81 24,,radiocommunication.bj,PME (50-200),B2C,APIEx,,Actif,2026-06-29T00:15:34.421177,moyenne
BJ-CB1077A3,Radio Communication Allada,Médias & Communication,Allada,+229 80 36 48 93,radio.communication.allada@radio.communication.allada.bj,,PME (10-50),B2B,APIEx,,Actif,2026-06-29T00:15:34.421188,moyenne
BJ-17C8E0D6,TV National,Médias & Communication,Allada,+229 26 53 77 48,,tvnational.bj,PME (50-200),B2B,APIEx,,Actif,2026-06-29T00:15:34.421200,moyenne
BJ-4251E06B,Presse Publicité Media,Médias & Communication,Allada,+229 85 11 50 43,presse.publicité.media@presse.publicité.media.benin,pressepublicitémedia.bj,TPE (<10),B2B,APIEx,,Actif,2026-06-29T00:15:34.421212,haute
BJ-DBF47B03,Agence Presse Africa,Médias & Communication,Aplahoué,+229 97 58 75 98,agence.presse.africa@agence.presse.africa.bj,agencepresseafrica.bj,PME (10-50),B2C,APIEx,,Actif,2026-06-29T00:15:34.421230,haute
BJ-607E7234,Radio Actualité TV Aplahoué,Médias & Communication,Aplahoué,+229 25 71 79 69,radio.actualité.tv.aplahoué@radio.actualité.tv.aplahoué.benin,radioactualitétvaplahoué.bj,TPE (<10),B2B,APIEx,,Actif,2026-06-29T00:15:34.421250,haute
BJ-1841710D,Communication Bénin,Médias & Communication,Aplahoué,+229 23 17 78 92,communication.bénin@communication.bénin.bj,communicationbénin.bj,PME (10-50),B2C,APIEx,,Actif,2026-06-29T00:15:34.421263,haute
BJ-3AB9D7A7,Journal Journal TV Aplahoué,Médias & Communication,Aplahoué,+229 38 35 34 18,journal.journal.tv.aplahoué@journal.journal.tv.aplahoué.bj,journaljournaltvaplahoué.bj,PME (10-50),B2B,APIEx,,Actif,2026-06-29T00:15:34.421276,haute
BJ-90ECC3DA,TV Démocratie,Médias & Communication,Aplahoué,+229 82 15 70 83,tv.démocratie@tv.démocratie.org,tvdémocratie.bj,PME (50-200),B2B,APIEx,,Actif,2026-06-29T00:15:34.421291,haute
BJ-7C2ACA12,Télévision,Médias & Communication,Dogbo-Tota,+229 35 72 10 95,télévision@télévision.com,télévision.bj,PME (10-50),B2B,APIEx,,Actif,2026-06-29T00:15:34.421310,haute
BJ-79914B79,Démocratie TV Dogbo-Tota,Médias & Communication,Dogbo-Tota,+229 62 25 87 59,,,Grande (>200),B2C,APIEx,,Actif,2026-06-29T00:15:34.421333,basse
BJ-111D76C5,Nouvelles Communication,Médias & Communication,Dogbo-Tota,+229 30 67 84 67,,nouvellescommunication.bj,Grande (>200),B2C,APIEx,,Actif,2026-06-29T00:15:34.421347,moyenne
BJ-E2844C04,International Communication,Médias & Communication,Dogbo-Tota,+229 31 94 24 44,,internationalcommunication.bj,TPE (<10),B2C,APIEx,,Actif,2026-06-29T00:15:34.421358,moyenne
BJ-1079E0ED,Journal Information,Médias & Communication,Kpomassè,+229 75 71 73 11,journal.information@journal.information.org,,PME (10-50),B2B,APIEx,,Actif,2026-06-29T00:15:34.421376,moyenne
BJ-93AB9A7F,Démocratie,Médias & Communication,Kpomassè,+229 25 53 78 90,démocratie@démocratie.bj,démocratie.bj,PME (50-200),B2B,APIEx,,Actif,2026-06-29T00:15:34.421391,haute
BJ-2046B72C,Nouvelles Bénin Kpomassè,Médias & Communication,Kpomassè,+229 96 35 77 21,nouvelles.bénin.kpomassè@nouvelles.bénin.kpomassè.net,nouvellesbéninkpomassè.bj,PME (10-50),B2B,APIEx,,Actif,2026-06-29T00:15:34.421405,haute
BJ-490FD1FA,Communication Journal Bénin,Médias & Communication,Kpomassè,+229 26 48 63 54,communication.journal.bénin@communication.journal.bénin.benin,communicationjournalbénin.bj,PME (10-50),B2C,APIEx,,Actif,2026-06-29T00:15:34.421418,haute
BJ-EF8F9D43,Information Communication,Médias & Communication,Tori-Bossito,+229 40 31 97 82,information.communication@information.communication.com,informationcommunication.bj,TPE (<10),B2C,APIEx,,Actif,2026-06-29T00:15:34.421447,haute
BJ-12F9E144,National Africa,Médias & Communication,Tori-Bossito,+229 52 94 64 46,national.africa@national.africa.bj,,PME (10-50),B2B,APIEx,,Actif,2026-06-29T00:15:34.421459,moyenne
BJ-3B6D1116,TV National,Médias & Communication,Tori-Bossito,+229 75 85 54 32,,tvnational.bj,PME (50-200),B2B,APIEx,,Actif,2026-06-29T00:15:34.421470,moyenne
BJ-D512526E,Journal Actualité Tori-Bossito,Médias & Communication,Tori-Bossito,+229 70 70 23 40,journal.actualité.toribossito@journal.actualité.toribossito.bj,,TPE (<10),B2B,APIEx,,Actif,2026-06-29T00:15:34.421495,moyenne
BJ-3AEDA907,Journal Média Africa Grand-Popo,Médias & Communication,Grand-Popo,+229 28 67 25 24,,journalmédiaafricagrandpopo.bj,PME (10-50),B2B,APIEx,,Actif,2026-06-29T00:15:34.421513,moyenne
BJ-84F449EF,Télévision Africa,Médias & Communication,Grand-Popo,+229 58 91 53 25,télévision.africa@télévision.africa.com,télévisionafrica.bj,TPE (<10),B2C,APIEx,,Actif,2026-06-29T00:15:34.421529,haute
BJ-7C30CD8F,Communication Média,Médias & Communication,Grand-Popo,+229 94 96 93 26,,communicationmédia.bj,TPE (<10),B2B,APIEx,,Actif,2026-06-29T00:15:34.421553,moyenne
BJ-8DECB37A,Information Bénin,Médias & Communication,Grand-Popo,+229 71 56 32 43,information.bénin@information.bénin.net,informationbénin.bj,TPE (<10),B2C,APIEx,,Actif,2026-06-29T00:15:34.421566,haute
BJ-C8D16896,Média News Athiémé,Médias & Communication,Athiémé,+229 23 71 18 15,,médianewsathiémé.bj,PME (50-200),B2C,APIEx,,Actif,2026-06-29T00:15:34.421583,moyenne
BJ-88A2341F,Journal Publicité Communication,Médias & Communication,Athiémé,+229 34 84 64 57,,journalpublicitécommunication.bj,Grande (>200),B2B,APIEx,,Actif,2026-06-29T00:15:34.421600,moyenne
BJ-F0D9F388,TV National Athiémé,Médias & Communication,Athiémé,+229 59 96 62 97,tv.national.athiémé@tv.national.athiémé.bj,tvnationalathiémé.bj,PME (50-200),B2B,APIEx,,Actif,2026-06-29T00:15:34.421613,haute
BJ-E52682EB,International Bénin,Médias & Communication,Athiémé,+229 55 57 39 57,international.bénin@international.bénin.benin,internationalbénin.bj,TPE (<10),B2C,APIEx,,Actif,2026-06-29T00:15:34.421625,haute
BJ-3A06FD3E,Liberté News,Médias & Communication,Athiémé,+229 87 42 40 20,liberté.news@liberté.news.benin,,PME (10-50),B2B,APIEx,,Actif,2026-06-29T00:15:34.421636,moyenne
BJ-AB106793,Actualité Communication Bopa,Médias & Communication,Bopa,+229 57 55 46 77,actualité.communication.bopa@actualité.communication.bopa.org,actualitécommunicationbopa.bj,TPE (<10),B2B,APIEx,,Actif,2026-06-29T00:15:34.421655,haute
BJ-160E90E0,Radio,Médias & Communication,Bopa,+229 33 11 29 96,radio@radio.com,radio.bj,TPE (<10),B2C,APIEx,,Actif,2026-06-29T00:15:34.421671,haute
BJ-F16BEF3F,Agence Publicité,Médias & Communication,Bopa,+229 35 20 72 31,agence.publicité@agence.publicité.benin,,TPE (<10),B2C,APIEx,,Actif,2026-06-29T00:15:34.421683,moyenne
BJ-707756DF,Information Media,Médias & Communication,Bopa,+229 91 42 80 99,information.media@information.media.bj,informationmedia.bj,TPE (<10),B2B,APIEx,,Actif,2026-06-29T00:15:34.421695,haute
BJ-0CDF3E21,Presse Publicité Press,Médias & Communication,Bopa,+229 61 50 10 98,,,TPE (<10),B2B,APIEx,,Actif,2026-06-29T00:15:34.421705,basse
BJ-7E5943F7,Télévision Houéyogbé,Médias & Communication,Houéyogbé,+229 91 16 64 81,télévision.houéyogbé@télévision.houéyogbé.org,télévisionhouéyogbé.bj,TPE (<10),B2C,APIEx,,Actif,2026-06-29T00:15:34.421723,haute
BJ-AEDDE48C,International Media,Médias & Communication,Houéyogbé,+229 58 73 39 53,,internationalmedia.bj,PME (10-50),B2B,APIEx,,Actif,2026-06-29T00:15:34.421734,moyenne
BJ-25821D8B,Nouvelles Communication,Médias & Communication,Houéyogbé,+229 45 46 91 56,,nouvellescommunication.bj,TPE (<10),B2C,APIEx,,Actif,2026-06-29T00:15:34.421745,moyenne
BJ-70A75CF5,Radio Radio,Médias & Communication,Houéyogbé,+229 75 63 47 20,,radioradio.bj,PME (50-200),B2C,APIEx,,Actif,2026-06-29T00:15:34.421756,moyenne
BJ-5E0414BD,Journal Communication,Médias & Communication,Houéyogbé,+229 20 41 94 95,,journalcommunication.bj,PME (50-200),B2B,APIEx,,Actif,2026-06-29T00:15:34.421766,moyenne
BJ-11F3BCCD,Actualité,Médias & Communication,Malanville,+229 38 98 22 12,actualité@actualité.net,actualité.bj,PME (50-200),B2C,APIEx,,Actif,2026-06-29T00:15:34.421784,haute
BJ-BF92939A,Presse,Médias & Communication,Malanville,+229 66 55 67 32,,presse.bj,PME (10-50),B2B,APIEx,,Actif,2026-06-29T00:15:34.421801,moyenne
BJ-FEC5D443,Presse Media,Médias & Communication,Malanville,+229 35 67 46 60,presse.media@presse.media.bj,pressemedia.bj,TPE (<10),B2C,APIEx,,Actif,2026-06-29T00:15:34.421813,haute
BJ-33CC83ED,Télévision Radio,Médias & Communication,Malanville,+229 40 52 54 13,,télévisionradio.bj,TPE (<10),B2C,APIEx,,Actif,2026-06-29T00:15:34.421825,moyenne
BJ-6B2E054A,Agence Journal Press,Médias & Communication,Malanville,+229 68 50 91 59,,agencejournalpress.bj,Grande (>200),B2C,APIEx,,Actif,2026-06-29T00:15:34.421835,moyenne
BJ-D34D1762,Agence Journal,Médias & Communication,Kandi,+229 22 93 48 36,,agencejournal.bj,TPE (<10),B2C,APIEx,,Actif,2026-06-29T00:15:34.421852,moyenne
BJ-6B35B252,Actualité,Médias & Communication,Kandi,+229 52 66 75 63,actualité@actualité.com,,PME (10-50),B2C,APIEx,,Actif,2026-06-29T00:15:34.421864,moyenne
BJ-2E5FAC38,Média Bénin Kandi,Médias & Communication,Kandi,+229 95 25 47 79,,,PME (50-200),B2C,APIEx,,Actif,2026-06-29T00:15:34.421874,basse
BJ-835CF8EF,Radio International Press,Médias & Communication,Kandi,+229 54 37 57 74,radio.international.press@radio.international.press.bj,radiointernationalpress.bj,TPE (<10),B2C,APIEx,,Actif,2026-06-29T00:15:34.421886,haute
BJ-39DD54DD,Liberté Media,Médias & Communication,Kandi,+229 50 68 99 91,,,PME (10-50),B2B,APIEx,,Actif,2026-06-29T00:15:34.421914,basse
BJ-A7C0B33D,Agence Média Press,Médias & Communication,Banikoara,+229 93 35 42 51,agence.média.press@agence.média.press.net,agencemédiapress.bj,PME (10-50),B2B,APIEx,,Actif,2026-06-29T00:15:34.421943,haute
BJ-9F25B83D,Publicité Banikoara,Médias & Communication,Banikoara,+229 62 27 98 82,,,TPE (<10),B2B,APIEx,,Actif,2026-06-29T00:15:34.421958,basse
BJ-685DBDE0,Agence Radio,Médias & Communication,Banikoara,+229 50 98 19 32,agence.radio@agence.radio.bj,,PME (10-50),B2B,APIEx,,Actif,2026-06-29T00:15:34.421970,moyenne
BJ-735A6020,International,Médias & Communication,Banikoara,+229 37 59 26 40,,international.bj,PME (50-200),B2B,APIEx,,Actif,2026-06-29T00:15:34.421981,moyenne
BJ-46F87C82,Journal Banikoara,Médias & Communication,Banikoara,+229 81 48 28 88,journal.banikoara@journal.banikoara.net,journalbanikoara.bj,TPE (<10),B2C,APIEx,,Actif,2026-06-29T00:15:34.421993,haute
BJ-0DE8FBFB,Presse Démocratie,Médias & Communication,Ségbana,+229 90 28 87 18,,pressedémocratie.bj,TPE (<10),B2C,APIEx,,Actif,2026-06-29T00:15:34.422024,moyenne
BJ-96856969,Communication Démocratie,Médias & Communication,Ségbana,+229 68 22 25 72,communication.démocratie@communication.démocratie.com,communicationdémocratie.bj,PME (10-50),B2C,APIEx,,Actif,2026-06-29T00:15:34.422051,haute
BJ-0ECA209F,Radio,Médias & Communication,Karimama,+229 81 91 82 81,,radio.bj,TPE (<10),B2C,APIEx,,Actif,2026-06-29T00:15:34.422080,moyenne
BJ-5FBBC5B7,Communication Télévision Radio,Médias & Communication,Karimama,+229 34 50 58 26,,,TPE (<10),B2C,APIEx,,Actif,2026-06-29T00:15:34.422095,basse
BJ-482DC948,Média Press,Médias & Communication,Karimama,+229 61 48 69 87,,,PME (50-200),B2C,APIEx,,Actif,2026-06-29T00:15:34.422106,basse
BJ-34C3C9F5,TV Démocratie News,Médias & Communication,Karimama,+229 66 39 14 84,tv.démocratie.news@tv.démocratie.news.bj,tvdémocratienews.bj,PME (50-200),B2C,APIEx,,Actif,2026-06-29T00:15:34.422129,haute
BJ-647994F0,Radio,Médias & Communication,Gogounou,+229 80 30 81 17,,radio.bj,PME (50-200),B2B,APIEx,,Actif,2026-06-29T00:15:34.422158,moyenne
BJ-965C1AB1,Radio Actualité Africa,Médias & Communication,Gogounou,+229 54 31 33 28,,radioactualitéafrica.bj,TPE (<10),B2B,APIEx,,Actif,2026-06-29T00:15:34.422180,moyenne
BJ-7F3BC8B0,Journal International Africa,Médias & Communication,Gogounou,+229 59 34 17 55,journal.international.africa@journal.international.africa.com,journalinternationalafrica.bj,PME (10-50),B2C,APIEx,,Actif,2026-06-29T00:15:34.422205,haute
BJ-61425732,Radio Liberté Radio Cobly,Médias & Communication,Cobly,+229 91 44 10 22,radio.liberté.radio.cobly@radio.liberté.radio.cobly.com,radiolibertéradiocobly.bj,TPE (<10),B2C,APIEx,,Actif,2026-06-29T00:15:34.422239,haute
BJ-539FAA59,Média Radio,Médias & Communication,Cobly,+229 23 13 46 68,,médiaradio.bj,PME (50-200),B2C,APIEx,,Actif,2026-06-29T00:15:34.422254,moyenne
BJ-3EDF9C95,TV Journal Bénin,Médias & Communication,Cobly,+229 39 63 40 20,tv.journal.bénin@tv.journal.bénin.com,,PME (50-200),B2C,APIEx,,Actif,2026-06-29T00:15:34.422267,moyenne
BJ-52A9AA8B,Radio Presse Cobly,Médias & Communication,Cobly,+229 63 21 17 95,,radiopressecobly.bj,TPE (<10),B2B,APIEx,,Actif,2026-06-29T00:15:34.422293,moyenne
BJ-458EDC46,Presse Presse Radio,Médias & Communication,Tanguiéta,+229 25 94 20 79,presse.presse.radio@presse.presse.radio.org,pressepresseradio.bj,PME (50-200),B2C,APIEx,,Actif,2026-06-29T00:15:34.422314,haute
BJ-E48C7840,Agence National TV,Médias & Communication,Tanguiéta,+229 62 19 58 18,agence.national.tv@agence.national.tv.benin,,TPE (<10),B2B,APIEx,,Actif,2026-06-29T00:15:34.422326,moyenne
BJ-6ADBA988,Journal National Tanguiéta,Médias & Communication,Tanguiéta,+229 89 60 56 52,,journalnationaltanguiéta.bj,PME (10-50),B2C,APIEx,,Actif,2026-06-29T00:15:34.422338,moyenne
BJ-473C4E3D,Média Information,Médias & Communication,Tanguiéta,+229 38 92 90 70,média.information@média.information.bj,médiainformation.bj,TPE (<10),B2B,APIEx,,Actif,2026-06-29T00:15:34.422355,haute
BJ-3CD7F535,International Africa Tanguiéta,Médias & Communication,Tanguiéta,+229 28 23 19 98,international.africa.tanguiéta@international.africa.tanguiéta.org,,PME (10-50),B2C,APIEx,,Actif,2026-06-29T00:15:34.422368,moyenne
BJ-EDE11AE9,Média Média News,Médias & Communication,Matéri,+229 79 41 17 78,,médiamédianews.bj,PME (50-200),B2C,APIEx,,Actif,2026-06-29T00:15:34.422386,moyenne
BJ-4515889E,Agence Information Bénin,Médias & Communication,Matéri,+229 76 98 94 45,agence.information.bénin@agence.information.bénin.benin,agenceinformationbénin.bj,TPE (<10),B2C,APIEx,,Actif,2026-06-29T00:15:34.422405,haute
BJ-BD620F01,Journal Démocratie Matéri,Médias & Communication,Matéri,+229 39 42 32 40,,,TPE (<10),B2B,APIEx,,Actif,2026-06-29T00:15:34.422417,basse
BJ-D5AF726F,Télévision Matéri,Médias & Communication,Matéri,+229 33 54 41 81,,télévisionmatéri.bj,TPE (<10),B2C,APIEx,,Actif,2026-06-29T00:15:34.422428,moyenne
BJ-6BD6A231,Presse Press,Médias & Communication,Matéri,+229 57 63 28 37,presse.press@presse.press.org,pressepress.bj,PME (10-50),B2B,APIEx,,Actif,2026-06-29T00:15:34.422440,haute
BJ-A5C36599,Presse TV,Médias & Communication,Natitingou,+229 65 71 22 23,presse.tv@presse.tv.benin,,TPE (<10),B2C,APIEx,,Actif,2026-06-29T00:15:34.422457,moyenne
BJ-11CA8C58,Communication Natitingou,Médias & Communication,Natitingou,+229 90 87 58 48,communication.natitingou@communication.natitingou.net,communicationnatitingou.bj,TPE (<10),B2B,APIEx,,Actif,2026-06-29T00:15:34.422481,haute
BJ-EA5AEB08,Média Information Bénin,Médias & Communication,Natitingou,+229 55 82 77 47,,,TPE (<10),B2C,APIEx,,Actif,2026-06-29T00:15:34.422492,basse
BJ-E497CC97,Information Natitingou,Médias & Communication,Natitingou,+229 80 61 34 29,,informationnatitingou.bj,PME (10-50),B2C,APIEx,,Actif,2026-06-29T00:15:34.422503,moyenne
BJ-29CFD3DA,Actualité Africa,Médias & Communication,Toucountouna,+229 69 99 20 28,actualité.africa@actualité.africa.net,actualitéafrica.bj,Grande (>200),B2B,APIEx,,Actif,2026-06-29T00:15:34.422526,haute
BJ-ED1589B1,Média Journal,Médias & Communication,Toucountouna,+229 62 32 23 68,,médiajournal.bj,TPE (<10),B2B,APIEx,,Actif,2026-06-29T00:15:34.422556,moyenne
BJ-38EA58E2,Télévision Bénin,Médias & Communication,Toucountouna,+229 88 37 73 66,télévision.bénin@télévision.bénin.org,,Grande (>200),B2C,APIEx,,Actif,2026-06-29T00:15:34.422568,moyenne
BJ-E81CD10A,Journal Journal Bénin,Médias & Communication,Toucountouna,+229 71 51 26 94,,journaljournalbénin.bj,TPE (<10),B2C,APIEx,,Actif,2026-06-29T00:15:34.422579,moyenne
BJ-7CD4130F,Radio TV,Médias & Communication,Boukoumbé,+229 29 67 38 77,radio.tv@radio.tv.com,,PME (50-200),B2B,APIEx,,Actif,2026-06-29T00:15:34.422597,moyenne
BJ-7D841715,Agence Liberté Communication,Médias & Communication,Boukoumbé,+229 61 82 27 69,,agencelibertécommunication.bj,PME (50-200),B2B,APIEx,,Actif,2026-06-29T00:15:34.422608,moyenne
BJ-8934E5AB,Nouvelles,Médias & Communication,Boukoumbé,+229 85 54 26 93,nouvelles@nouvelles.org,nouvelles.bj,Grande (>200),B2B,APIEx,,Actif,2026-06-29T00:15:34.422620,haute
BJ-4699385C,Agence Actualité,Médias & Communication,Boukoumbé,+229 67 26 59 79,agence.actualité@agence.actualité.org,,PME (50-200),B2B,APIEx,,Actif,2026-06-29T00:15:34.422632,moyenne
BJ-92F33183,Journal Média,Médias & Communication,Boukoumbé,+229 97 85 30 10,,journalmédia.bj,PME (10-50),B2B,APIEx,,Actif,2026-06-29T00:15:34.422643,moyenne
BJ-0A9092E1,Communication Publicité Press,Médias & Communication,Kouandé,+229 94 49 33 55,,communicationpublicitépress.bj,PME (50-200),B2B,APIEx,,Actif,2026-06-29T00:15:34.422661,moyenne
BJ-96C8EF9D,Nouvelles,Médias & Communication,Kouandé,+229 37 31 70 21,nouvelles@nouvelles.org,,PME (10-50),B2C,APIEx,,Actif,2026-06-29T00:15:34.422676,moyenne
BJ-4EA9D026,Agence Presse TV Kouandé,Médias & Communication,Kouandé,+229 42 55 11 40,agence.presse.tv.kouandé@agence.presse.tv.kouandé.net,,Grande (>200),B2B,APIEx,,Actif,2026-06-29T00:15:34.422703,moyenne
BJ-EBB2D29D,Communication Actualité,Médias & Communication,Kouandé,+229 29 17 21 90,communication.actualité@communication.actualité.bj,communicationactualité.bj,PME (10-50),B2B,APIEx,,Actif,2026-06-29T00:15:34.422715,haute
BJ-C3972351,Communication Télévision,Médias & Communication,Péhunco,+229 31 87 84 42,communication.télévision@communication.télévision.benin,,PME (10-50),B2B,APIEx,,Actif,2026-06-29T00:15:34.422733,moyenne
BJ-A9091D08,Radio Démocratie Radio Péhunco,Médias & Communication,Péhunco,+229 95 67 22 56,,radiodémocratieradiopéhunco.bj,PME (10-50),B2B,APIEx,,Actif,2026-06-29T00:15:34.422745,moyenne
BJ-FA286564,Radio International Africa,Médias & Communication,Péhunco,+229 22 78 38 95,,,PME (50-200),B2C,APIEx,,Actif,2026-06-29T00:15:34.422755,basse
BJ-13EDB773,Télévision,Médias & Communication,Péhunco,+229 74 63 68 68,télévision@télévision.benin,,TPE (<10),B2B,APIEx,,Actif,2026-06-29T00:15:34.422767,moyenne
BJ-8FC5D17D,Journal International,Médias & Communication,Péhunco,+229 74 50 35 20,journal.international@journal.international.org,journalinternational.bj,Grande (>200),B2C,APIEx,,Actif,2026-06-29T00:15:34.422781,haute
BJ-3CAF9A6E,Démocratie,Médias & Communication,Tchaourou,+229 79 76 63 10,démocratie@démocratie.benin,,PME (50-200),B2B,APIEx,,Actif,2026-06-29T00:15:34.422799,moyenne
BJ-A1BF2CBE,Presse Nouvelles Bénin Tchaourou,Médias & Communication,Tchaourou,+229 44 66 90 87,,pressenouvellesbénintchaourou.bj,PME (10-50),B2B,APIEx,,Actif,2026-06-29T00:15:34.422837,moyenne
BJ-B15CC363,Démocratie Communication,Médias & Communication,Tchaourou,+229 81 26 62 12,démocratie.communication@démocratie.communication.bj,,PME (50-200),B2B,APIEx,,Actif,2026-06-29T00:15:34.422848,moyenne
BJ-DFC6C7A6,Télévision,Médias & Communication,Nikki,+229 99 95 87 84,télévision@télévision.bj,,TPE (<10),B2B,APIEx,,Actif,2026-06-29T00:15:34.422865,moyenne
BJ-776F213D,TV Média News,Médias & Communication,Nikki,+229 81 56 63 44,tv.média.news@tv.média.news.org,,PME (50-200),B2C,APIEx,,Actif,2026-06-29T00:15:34.422877,moyenne
BJ-96C8EA7E,Agence Actualité TV,Médias & Communication,Nikki,+229 23 60 41 69,,agenceactualitétv.bj,PME (10-50),B2C,APIEx,,Actif,2026-06-29T00:15:34.422888,moyenne
BJ-8599CF6F,Presse,Médias & Communication,Nikki,+229 50 39 46 57,presse@presse.bj,,PME (50-200),B2B,APIEx,,Actif,2026-06-29T00:15:34.422914,moyenne
BJ-A09A0DEE,Démocratie,Médias & Communication,Nikki,+229 70 64 34 78,,démocratie.bj,TPE (<10),B2B,APIEx,,Actif,2026-06-29T00:15:34.422925,moyenne
BJ-613784B2,Démocratie Bembéréké,Médias & Communication,Bembéréké,+229 26 70 27 98,,démocratiebembéréké.bj,TPE (<10),B2B,APIEx,,Actif,2026-06-29T00:15:34.422943,moyenne
BJ-468F54D1,TV Communication News,Médias & Communication,Bembéréké,+229 69 84 34 64,,tvcommunicationnews.bj,PME (10-50),B2B,APIEx,,Actif,2026-06-29T00:15:34.422958,moyenne
BJ-1A7F332B,Presse Publicité Communication,Médias & Communication,Bembéréké,+229 99 83 95 47,presse.publicité.communication@presse.publicité.communication.net,pressepublicitécommunication.bj,PME (10-50),B2B,APIEx,,Actif,2026-06-29T00:15:34.422972,haute
BJ-DF746CD8,Presse,Médias & Communication,Bembéréké,+229 21 99 71 17,presse@presse.com,presse.bj,TPE (<10),B2B,APIEx,,Actif,2026-06-29T00:15:34.422984,haute
BJ-AA94A06F,Média Information Communication,Médias & Communication,Bembéréké,+229 54 81 79 29,média.information.communication@média.information.communication.org,médiainformationcommunication.bj,TPE (<10),B2C,APIEx,,Actif,2026-06-29T00:15:34.422996,haute
BJ-E95C7AB0,TV Liberté Kalalé,Médias & Communication,Kalalé,+229 51 24 80 51,,tvlibertékalalé.bj,PME (50-200),B2C,APIEx,,Actif,2026-06-29T00:15:34.423014,moyenne
BJ-24BBE355,Journal,Médias & Communication,Kalalé,+229 58 69 76 19,,,TPE (<10),B2C,APIEx,,Actif,2026-06-29T00:15:34.423025,basse
BJ-9E7BD7BC,Communication Nouvelles,Médias & Communication,Kalalé,+229 88 36 72 66,communication.nouvelles@communication.nouvelles.benin,communicationnouvelles.bj,TPE (<10),B2C,APIEx,,Actif,2026-06-29T00:15:34.423040,haute
BJ-F2AF27AC,Communication Radio,Médias & Communication,Kalalé,+229 88 11 33 20,,communicationradio.bj,PME (10-50),B2C,APIEx,,Actif,2026-06-29T00:15:34.423052,moyenne
BJ-99EC5D42,TV Actualité News Kalalé,Médias & Communication,Kalalé,+229 43 62 82 16,,tvactualiténewskalalé.bj,TPE (<10),B2B,APIEx,,Actif,2026-06-29T00:15:34.423063,moyenne
BJ-9709129E,Communication Actualité Press,Médias & Communication,Ndali,+229 53 41 46 26,,,TPE (<10),B2B,APIEx,,Actif,2026-06-29T00:15:34.423080,basse
BJ-8F0A5EBD,TV International,Médias & Communication,Ndali,+229 88 74 31 64,,tvinternational.bj,Grande (>200),B2B,APIEx,,Actif,2026-06-29T00:15:34.423095,moyenne
BJ-E0166164,Nouvelles Ndali,Médias & Communication,Ndali,+229 77 46 68 87,nouvelles.ndali@nouvelles.ndali.net,nouvellesndali.bj,TPE (<10),B2C,APIEx,,Actif,2026-06-29T00:15:34.423109,haute
BJ-6A049979,Agence Nouvelles Africa Ndali,Médias & Communication,Ndali,+229 20 13 72 58,,,PME (10-50),B2B,APIEx,,Actif,2026-06-29T00:15:34.423119,basse
BJ-25DCD139,Média Publicité Media Ndali,Médias & Communication,Ndali,+229 68 75 37 91,média.publicité.media.ndali@média.publicité.media.ndali.com,médiapublicitémediandali.bj,PME (10-50),B2B,APIEx,,Actif,2026-06-29T00:15:34.423137,haute
BJ-11A4AE2C,Média Télévision Media Ségbana,Médias & Communication,Ségbana,+229 64 96 79 67,,médiatélévisionmediaségbana.bj,TPE (<10),B2B,APIEx,,Actif,2026-06-29T00:15:34.423156,moyenne
BJ-C1F95D24,Agence Média Communication,Médias & Communication,Ségbana,+229 53 92 48 53,agence.média.communication@agence.média.communication.benin,agencemédiacommunication.bj,PME (10-50),B2B,APIEx,,Actif,2026-06-29T00:15:34.423180,haute
BJ-66DCFDE3,Information Bénin Ségbana,Médias & Communication,Ségbana,+229 82 60 65 89,information.bénin.ségbana@information.bénin.ségbana.net,informationbéninségbana.bj,PME (10-50),B2B,APIEx,,Actif,2026-06-29T00:15:34.423194,haute
BJ-C223E7C7,Média Démocratie Bénin,Médias & Communication,Ségbana,+229 39 76 83 57,média.démocratie.bénin@média.démocratie.bénin.net,médiadémocratiebénin.bj,PME (50-200),B2B,APIEx,,Actif,2026-06-29T00:15:34.423206,haute
BJ-FCAC7392,International TV,Médias & Communication,Tchaourou,+229 24 13 89 45,,internationaltv.bj,PME (50-200),B2B,APIEx,,Actif,2026-06-29T00:15:34.423224,moyenne
BJ-CB26895F,Agence Radio Media Tchaourou,Médias & Communication,Tchaourou,+229 97 48 90 60,,agenceradiomediatchaourou.bj,TPE (<10),B2B,APIEx,,Actif,2026-06-29T00:15:34.423249,moyenne
BJ-668305FF,Journal News Tchaourou,Médias & Communication,Tchaourou,+229 51 37 62 64,,journalnewstchaourou.bj,TPE (<10),B2B,APIEx,,Actif,2026-06-29T00:15:34.423276,moyenne
BJ-498BCE06,Média,Médias & Communication,Bétérou,+229 70 47 53 93,,média.bj,TPE (<10),B2C,APIEx,,Actif,2026-06-29T00:15:34.423293,moyenne
BJ-5CE8147C,Communication Bénin,Médias & Communication,Bétérou,+229 96 98 13 27,communication.bénin@communication.bénin.bj,communicationbénin.bj,PME (10-50),B2C,APIEx,,Actif,2026-06-29T00:15:34.423306,haute
BJ-3FD42906,Démocratie,Médias & Communication,Bétérou,+229 50 76 94 19,,démocratie.bj,TPE (<10),B2B,APIEx,,Actif,2026-06-29T00:15:34.423329,moyenne
BJ-D9749981,Presse Radio Africa,Médias & Communication,Bétérou,+229 50 40 36 49,presse.radio.africa@presse.radio.africa.org,,PME (50-200),B2B,APIEx,,Actif,2026-06-29T00:15:34.423355,moyenne
BJ-379F2C43,Radio Nouvelles Ouessè,Médias & Communication,Ouessè,+229 65 61 21 71,,radionouvellesouessè.bj,PME (10-50),B2B,APIEx,,Actif,2026-06-29T00:15:34.423406,moyenne
BJ-EE26373A,Radio Information Ouessè,Médias & Communication,Ouessè,+229 95 48 27 95,radio.information.ouessè@radio.information.ouessè.benin,radioinformationouessè.bj,TPE (<10),B2C,APIEx,,Actif,2026-06-29T00:15:34.423447,haute
BJ-A870B93C,TV Télévision,Médias & Communication,Ouessè,+229 25 43 98 88,tv.télévision@tv.télévision.net,tvtélévision.bj,PME (50-200),B2C,APIEx,,Actif,2026-06-29T00:15:34.423480,haute
BJ-EEB23C5A,Média Démocratie,Médias & Communication,Ouessè,+229 39 55 42 44,,médiadémocratie.bj,TPE (<10),B2C,APIEx,,Actif,2026-06-29T00:15:34.423508,moyenne
BJ-7232A87E,Média,Médias & Communication,Ouessè,+229 52 97 19 59,média@média.com,,PME (50-200),B2B,APIEx,,Actif,2026-06-29T00:15:34.423535,moyenne
BJ-24EBB8D2,Information TV,Médias & Communication,Glazoué,+229 34 40 20 57,,informationtv.bj,PME (50-200),B2B,APIEx,,Actif,2026-06-29T00:15:34.423574,moyenne
BJ-53B72305,Média Information Radio,Médias & Communication,Glazoué,+229 33 87 53 67,,médiainformationradio.bj,TPE (<10),B2B,APIEx,,Actif,2026-06-29T00:15:34.423618,moyenne
BJ-1547E0F7,Information,Médias & Communication,Glazoué,+229 41 96 34 70,,,PME (10-50),B2B,APIEx,,Actif,2026-06-29T00:15:34.423645,basse
BJ-DCE1F4FA,National Radio,Médias & Communication,Glazoué,+229 52 15 45 48,,nationalradio.bj,TPE (<10),B2C,APIEx,,Actif,2026-06-29T00:15:34.423669,moyenne
BJ-49E0365F,Média News,Médias & Communication,Glazoué,+229 63 76 48 69,,médianews.bj,TPE (<10),B2C,APIEx,,Actif,2026-06-29T00:15:34.423700,moyenne
BJ-D052A42E,Presse Média Media,Médias & Communication,Dassa-Zoumè,+229 25 85 38 46,presse.média.media@presse.média.media.net,pressemédiamedia.bj,TPE (<10),B2C,APIEx,,Actif,2026-06-29T00:15:34.423807,haute
BJ-D27DC5DF,Information Dassa-Zoumè,Médias & Communication,Dassa-Zoumè,+229 20 44 79 34,information.dassazoumè@information.dassazoumè.benin,informationdassazoumè.bj,PME (10-50),B2B,APIEx,,Actif,2026-06-29T00:15:34.423840,haute
BJ-A88704DD,Radio Liberté Dassa-Zoumè,Médias & Communication,Dassa-Zoumè,+229 27 88 40 60,radio.liberté.dassazoumè@radio.liberté.dassazoumè.bj,radiolibertédassazoumè.bj,PME (10-50),B2C,APIEx,,Actif,2026-06-29T00:15:34.423869,haute
BJ-49ABCB86,Démocratie Media,Médias & Communication,Savalou,+229 69 25 58 92,,démocratiemedia.bj,TPE (<10),B2C,APIEx,,Actif,2026-06-29T00:15:34.423932,moyenne
BJ-0141EDDD,Information Savalou,Médias & Communication,Savalou,+229 22 17 77 74,information.savalou@information.savalou.com,informationsavalou.bj,PME (10-50),B2B,APIEx,,Actif,2026-06-29T00:15:34.423947,haute
BJ-923FDE3B,Communication Press,Médias & Communication,Savalou,+229 72 59 29 43,communication.press@communication.press.bj,,PME (50-200),B2C,APIEx,,Actif,2026-06-29T00:15:34.423972,moyenne
BJ-37D78256,Liberté Africa,Médias & Communication,Savalou,+229 60 28 80 75,,libertéafrica.bj,TPE (<10),B2C,APIEx,,Actif,2026-06-29T00:15:34.423984,moyenne
BJ-74239C60,Communication National,Médias & Communication,Bantè,+229 67 51 35 92,communication.national@communication.national.benin,communicationnational.bj,PME (10-50),B2B,APIEx,,Actif,2026-06-29T00:15:34.424003,haute
BJ-542F096A,Communication Presse Press,Médias & Communication,Bantè,+229 57 45 94 89,,communicationpressepress.bj,TPE (<10),B2B,APIEx,,Actif,2026-06-29T00:15:34.424018,moyenne
BJ-1027EBD1,Presse Communication Media,Médias & Communication,Bantè,+229 99 73 42 48,presse.communication.media@presse.communication.media.com,pressecommunicationmedia.bj,PME (10-50),B2C,APIEx,,Actif,2026-06-29T00:15:34.424031,haute
BJ-E8DF87D0,Radio National,Médias & Communication,Bantè,+229 34 13 88 73,radio.national@radio.national.bj,radionational.bj,PME (10-50),B2B,APIEx,,Actif,2026-06-29T00:15:34.424043,haute
BJ-F167E217,National Communication Bantè,Médias & Communication,Bantè,+229 22 75 10 65,national.communication.bantè@national.communication.bantè.benin,,PME (10-50),B2B,APIEx,,Actif,2026-06-29T00:15:34.424055,moyenne
BJ-0BF7C55C,Agence Média,Médias & Communication,Djougou,+229 56 89 28 88,,,TPE (<10),B2B,APIEx,,Actif,2026-06-29T00:15:34.424075,basse
BJ-4FB9E105,Média Démocratie Press,Médias & Communication,Djougou,+229 73 52 77 76,,,TPE (<10),B2B,APIEx,,Actif,2026-06-29T00:15:34.424086,basse
BJ-8CADC675,TV Journal Communication,Médias & Communication,Djougou,+229 67 43 61 26,tv.journal.communication@tv.journal.communication.net,tvjournalcommunication.bj,PME (10-50),B2B,APIEx,,Actif,2026-06-29T00:15:34.424098,haute
BJ-1137F042,International Media,Médias & Communication,Djougou,+229 73 87 47 71,,,TPE (<10),B2B,APIEx,,Actif,2026-06-29T00:15:34.424117,basse
BJ-991BAA03,Actualité,Médias & Communication,Djougou,+229 97 39 82 75,,actualité.bj,PME (50-200),B2C,APIEx,,Actif,2026-06-29T00:15:34.424129,moyenne
BJ-F1199D33,Média Nouvelles,Médias & Communication,Ouèssè,+229 29 41 94 18,média.nouvelles@média.nouvelles.org,,PME (50-200),B2C,APIEx,,Actif,2026-06-29T00:15:34.424147,moyenne
BJ-ECB2BF8E,Presse Liberté Ouèssè,Médias & Communication,Ouèssè,+229 62 41 84 34,,presselibertéouèssè.bj,PME (50-200),B2B,APIEx,,Actif,2026-06-29T00:15:34.424176,moyenne
BJ-FD3A83E8,National Press,Médias & Communication,Ouèssè,+229 47 51 87 12,national.press@national.press.org,nationalpress.bj,PME (50-200),B2B,APIEx,,Actif,2026-06-29T00:15:34.424204,haute
BJ-97ECD143,Média Communication,Médias & Communication,Ouèssè,+229 28 36 28 73,média.communication@média.communication.benin,médiacommunication.bj,PME (50-200),B2B,APIEx,,Actif,2026-06-29T00:15:34.424237,haute
BJ-C61F2C21,Média Information,Médias & Communication,Bassila,+229 57 34 31 92,média.information@média.information.bj,médiainformation.bj,PME (10-50),B2B,APIEx,,Actif,2026-06-29T00:15:34.424256,haute
BJ-C1E4C0A2,Radio News,Médias & Communication,Bassila,+229 80 73 85 50,,radionews.bj,PME (50-200),B2C,APIEx,,Actif,2026-06-29T00:15:34.424308,moyenne
BJ-F8B4C478,Agence International Media,Médias & Communication,Bassila,+229 27 82 10 79,agence.international.media@agence.international.media.net,,TPE (<10),B2C,APIEx,,Actif,2026-06-29T00:15:34.424319,moyenne
BJ-68BBE0AE,Radio Radio,Médias & Communication,Pehunco,+229 94 64 28 11,,radioradio.bj,PME (10-50),B2B,APIEx,,Actif,2026-06-29T00:15:34.424336,moyenne
BJ-B18D4C0B,Radio Nouvelles,Médias & Communication,Pehunco,+229 59 31 26 80,radio.nouvelles@radio.nouvelles.com,radionouvelles.bj,Grande (>200),B2B,APIEx,,Actif,2026-06-29T00:15:34.424361,haute
BJ-BA2766E9,Communication Liberté,Médias & Communication,Pehunco,+229 51 30 70 53,,,PME (10-50),B2B,APIEx,,Actif,2026-06-29T00:15:34.424372,basse
BJ-2B2F3294,Presse Media,Médias & Communication,Pehunco,+229 99 82 89 45,presse.media@presse.media.org,pressemedia.bj,PME (50-200),B2C,APIEx,,Actif,2026-06-29T00:15:34.424386,haute
BJ-E3007D40,Média Démocratie Copargo,Médias & Communication,Copargo,+229 88 83 12 86,média.démocratie.copargo@média.démocratie.copargo.bj,médiadémocratiecopargo.bj,PME (10-50),B2C,APIEx,,Actif,2026-06-29T00:15:34.424405,haute
BJ-855ADF4D,International TV,Médias & Communication,Copargo,+229 31 11 44 65,international.tv@international.tv.net,internationaltv.bj,PME (10-50),B2C,APIEx,,Actif,2026-06-29T00:15:34.424417,haute
BJ-9EE74ADF,Télévision Press,Médias & Communication,Copargo,+229 22 48 61 83,,télévisionpress.bj,Grande (>200),B2C,APIEx,,Actif,2026-06-29T00:15:34.424429,moyenne
BJ-FDE05D00,Radio National,Médias & Communication,Copargo,+229 20 53 66 69,,,Grande (>200),B2C,APIEx,,Actif,2026-06-29T00:15:34.424439,basse
BJ-5510EFF8,Agence Actualité News,Médias & Communication,Copargo,+229 58 11 91 47,,,TPE (<10),B2B,APIEx,,Actif,2026-06-29T00:15:34.424449,basse
BJ-7B060CA5,Enfant Cotonou,ONG & Associations,Cotonou,+229 87 25 57 26,enfant.cotonou@enfant.cotonou.org,enfantcotonou.bj,PME (10-50),B2C,APIEx,,Actif,2026-06-29T00:15:34.424468,haute
BJ-DEB59C33,Fondation Social,ONG & Associations,Cotonou,+229 33 37 76 48,,fondationsocial.bj,PME (10-50),B2C,APIEx,,Actif,2026-06-29T00:15:34.424483,moyenne
BJ-AE6B00EB,Culture,ONG & Associations,Cotonou,+229 38 42 86 14,culture@culture.net,,TPE (<10),B2B,APIEx,,Actif,2026-06-29T00:15:34.424495,moyenne
BJ-5294EC84,ONG Enfant,ONG & Associations,Cotonou,+229 61 99 23 59,ong.enfant@ong.enfant.com,ongenfant.bj,PME (10-50),B2C,APIEx,,Actif,2026-06-29T00:15:34.424506,haute
BJ-F795C927,Culture Fondation,ONG & Associations,Cotonou,+229 58 27 78 64,culture.fondation@culture.fondation.net,culturefondation.bj,Grande (>200),B2B,APIEx,,Actif,2026-06-29T00:15:34.424517,haute
BJ-2C706A2B,Social Fondation,ONG & Associations,Abomey-Calavi,+229 35 98 81 17,social.fondation@social.fondation.benin,,TPE (<10),B2C,APIEx,,Actif,2026-06-29T00:15:34.424534,moyenne
BJ-B65DFD86,Société Développement ONG,ONG & Associations,Abomey-Calavi,+229 97 59 32 34,,,TPE (<10),B2B,APIEx,,Actif,2026-06-29T00:15:34.424558,basse
BJ-33057C80,ONG Social,ONG & Associations,Abomey-Calavi,+229 84 57 68 56,ong.social@ong.social.bj,ongsocial.bj,PME (10-50),B2C,APIEx,,Actif,2026-06-29T00:15:34.424570,haute
BJ-D0420314,Droits Association,ONG & Associations,Abomey-Calavi,+229 31 56 81 82,droits.association@droits.association.net,,TPE (<10),B2B,APIEx,,Actif,2026-06-29T00:15:34.424583,moyenne
BJ-2C78C54D,Fondation Sport Porto-Novo,ONG & Associations,Porto-Novo,+229 71 33 23 86,fondation.sport.portonovo@fondation.sport.portonovo.net,fondationsportportonovo.bj,PME (10-50),B2B,APIEx,,Actif,2026-06-29T00:15:34.424601,haute
BJ-84972D65,Jeunesse ONG,ONG & Associations,Porto-Novo,+229 78 87 39 94,,,Grande (>200),B2C,APIEx,,Actif,2026-06-29T00:15:34.424614,basse
BJ-AD82BC7B,Société Sport,ONG & Associations,Porto-Novo,+229 89 38 64 17,,sociétésport.bj,PME (50-200),B2C,APIEx,,Actif,2026-06-29T00:15:34.424627,moyenne
BJ-4287CB16,Droits Bénin,ONG & Associations,Porto-Novo,+229 89 92 99 95,,droitsbénin.bj,PME (10-50),B2C,APIEx,,Actif,2026-06-29T00:15:34.424638,moyenne
BJ-9E21A361,Organisation Éducation,ONG & Associations,Porto-Novo,+229 38 84 63 94,organisation.éducation@organisation.éducation.bj,organisationéducation.bj,PME (10-50),B2C,APIEx,,Actif,2026-06-29T00:15:34.424651,haute
BJ-1C37C9FB,Société Femme,ONG & Associations,Parakou,+229 79 55 27 56,société.femme@société.femme.net,,TPE (<10),B2C,APIEx,,Actif,2026-06-29T00:15:34.424678,moyenne
BJ-46FBF747,Solidarité Bénin,ONG & Associations,Parakou,+229 54 17 29 42,solidarité.bénin@solidarité.bénin.bj,solidaritébénin.bj,PME (50-200),B2C,APIEx,,Actif,2026-06-29T00:15:34.424691,haute
BJ-8AD158FE,Club Aide International,ONG & Associations,Parakou,+229 24 87 90 77,,clubaideinternational.bj,PME (50-200),B2B,APIEx,,Actif,2026-06-29T00:15:34.424701,moyenne
BJ-5F8EE7E5,Aide Fondation,ONG & Associations,Parakou,+229 53 82 31 24,aide.fondation@aide.fondation.benin,aidefondation.bj,TPE (<10),B2C,APIEx,,Actif,2026-06-29T00:15:34.424713,haute
BJ-F1D16474,ONG Social,ONG & Associations,Bohicon,+229 87 13 24 18,,,Grande (>200),B2C,APIEx,,Actif,2026-06-29T00:15:34.424728,basse
BJ-53AED740,Club Humanitaire Africa,ONG & Associations,Bohicon,+229 64 85 61 18,,clubhumanitaireafrica.bj,TPE (<10),B2B,APIEx,,Actif,2026-06-29T00:15:34.424742,moyenne
BJ-B43D5FE7,Association Femme Association,ONG & Associations,Bohicon,+229 20 93 62 90,association.femme.association@association.femme.association.bj,,TPE (<10),B2B,APIEx,,Actif,2026-06-29T00:15:34.424753,moyenne
BJ-624C2A55,Droits Association,ONG & Associations,Bohicon,+229 70 19 18 49,droits.association@droits.association.com,,TPE (<10),B2B,APIEx,,Actif,2026-06-29T00:15:34.424764,moyenne
BJ-97D1347D,Fondation Femme Bohicon,ONG & Associations,Bohicon,+229 33 35 33 59,,,TPE (<10),B2B,APIEx,,Actif,2026-06-29T00:15:34.424773,basse
BJ-B60C74B6,ONG Humanitaire Organisation,ONG & Associations,Natitingou,+229 76 26 51 34,,,Grande (>200),B2C,APIEx,,Actif,2026-06-29T00:15:34.424789,basse
BJ-3EB9A699,Association Environnement Fondation,ONG & Associations,Natitingou,+229 64 37 75 15,association.environnement.fondation@association.environnement.fondation.bj,associationenvironnementfondation.bj,TPE (<10),B2B,APIEx,,Actif,2026-06-29T00:15:34.424801,haute
BJ-7B47075C,Humanitaire,ONG & Associations,Natitingou,+229 85 50 63 19,humanitaire@humanitaire.com,humanitaire.bj,PME (10-50),B2B,APIEx,,Actif,2026-06-29T00:15:34.424815,haute
BJ-47BF6B3C,ONG Droits ONG,ONG & Associations,Natitingou,+229 89 74 88 82,,ongdroitsong.bj,PME (10-50),B2B,APIEx,,Actif,2026-06-29T00:15:34.424826,moyenne
BJ-CA8A1FD1,Club Développement Bénin Lokossa,ONG & Associations,Lokossa,+229 61 20 43 49,club.développement.bénin.lokossa@club.développement.bénin.lokossa.net,,Grande (>200),B2C,APIEx,,Actif,2026-06-29T00:15:34.424853,moyenne
BJ-D019C1ED,Club Droits,ONG & Associations,Lokossa,+229 96 27 23 61,club.droits@club.droits.bj,,TPE (<10),B2C,APIEx,,Actif,2026-06-29T00:15:34.424868,moyenne
BJ-C4DC0B27,Droits ONG,ONG & Associations,Lokossa,+229 92 33 71 52,,,PME (10-50),B2B,APIEx,,Actif,2026-06-29T00:15:34.424878,basse
BJ-635C37B1,Organisation Jeunesse Lokossa,ONG & Associations,Lokossa,+229 69 41 57 92,,organisationjeunesselokossa.bj,PME (50-200),B2C,APIEx,,Actif,2026-06-29T00:15:34.424900,moyenne
BJ-579F4604,Organisation Éducation,ONG & Associations,Lokossa,+229 87 17 17 94,,,PME (10-50),B2B,APIEx,,Actif,2026-06-29T00:15:34.424930,basse
BJ-9BFD8EDE,Société Humanitaire Ouidah,ONG & Associations,Ouidah,+229 76 68 11 76,,sociétéhumanitaireouidah.bj,PME (10-50),B2C,APIEx,,Actif,2026-06-29T00:15:34.424962,moyenne
BJ-B89888A3,Environnement ONG Ouidah,ONG & Associations,Ouidah,+229 73 84 42 86,environnement.ong.ouidah@environnement.ong.ouidah.benin,,PME (10-50),B2B,APIEx,,Actif,2026-06-29T00:15:34.424974,moyenne
BJ-CDDC3BC7,Santé Ouidah,ONG & Associations,Ouidah,+229 91 99 55 96,santé.ouidah@santé.ouidah.org,,TPE (<10),B2B,APIEx,,Actif,2026-06-29T00:15:34.424986,moyenne
BJ-A5207125,Organisation Enfant Bénin,ONG & Associations,Ouidah,+229 84 56 67 27,organisation.enfant.bénin@organisation.enfant.bénin.com,,PME (50-200),B2C,APIEx,,Actif,2026-06-29T00:15:34.424998,moyenne
BJ-A2088C70,Fondation Humanitaire,ONG & Associations,Ouidah,+229 31 61 78 99,,fondationhumanitaire.bj,TPE (<10),B2B,APIEx,,Actif,2026-06-29T00:15:34.425022,moyenne
BJ-E0B194F5,Éducation Association Savalou,ONG & Associations,Savalou,+229 84 12 23 33,,éducationassociationsavalou.bj,TPE (<10),B2B,APIEx,,Actif,2026-06-29T00:15:34.425039,moyenne
BJ-6675A48C,Jeunesse Association,ONG & Associations,Savalou,+229 87 65 95 57,jeunesse.association@jeunesse.association.org,,TPE (<10),B2B,APIEx,,Actif,2026-06-29T00:15:34.425053,moyenne
BJ-CE90C055,Social Savalou,ONG & Associations,Savalou,+229 45 40 60 43,,,PME (10-50),B2C,APIEx,,Actif,2026-06-29T00:15:34.425088,basse
BJ-E63D9DA9,Organisation Environnement Dassa-Zoumè,ONG & Associations,Dassa-Zoumè,+229 22 52 41 72,,organisationenvironnementdassazoumè.bj,PME (50-200),B2C,APIEx,,Actif,2026-06-29T00:15:34.425105,moyenne
BJ-5D3F3333,Droits Association Dassa-Zoumè,ONG & Associations,Dassa-Zoumè,+229 46 84 37 87,droits.association.dassazoumè@droits.association.dassazoumè.com,droitsassociationdassazoumè.bj,PME (50-200),B2B,APIEx,,Actif,2026-06-29T00:15:34.425118,haute
BJ-AACD2D3B,Fondation Droits Fondation Dassa-Zoumè,ONG & Associations,Dassa-Zoumè,+229 75 29 11 76,,,PME (10-50),B2B,APIEx,,Actif,2026-06-29T00:15:34.425151,basse
BJ-15AF2F09,Association Humanitaire ONG,ONG & Associations,Kétou,+229 94 11 18 62,association.humanitaire.ong@association.humanitaire.ong.org,,PME (50-200),B2B,APIEx,,Actif,2026-06-29T00:15:34.425167,moyenne
BJ-5610EE02,Droits,ONG & Associations,Kétou,+229 54 46 62 81,,,PME (10-50),B2B,APIEx,,Actif,2026-06-29T00:15:34.425193,basse
BJ-5CD876F9,Santé ONG,ONG & Associations,Kétou,+229 72 95 44 11,,,PME (10-50),B2C,APIEx,,Actif,2026-06-29T00:15:34.425215,basse
BJ-7F390CEE,Association Culture Organisation Covè,ONG & Associations,Covè,+229 79 60 46 18,,,TPE (<10),B2C,APIEx,,Actif,2026-06-29T00:15:34.425230,basse
BJ-A3FD7A72,Aide Association,ONG & Associations,Covè,+229 76 44 41 27,,aideassociation.bj,TPE (<10),B2C,APIEx,,Actif,2026-06-29T00:15:34.425241,moyenne
BJ-93CD32A4,Sport Covè,ONG & Associations,Covè,+229 91 12 84 23,,,PME (10-50),B2C,APIEx,,Actif,2026-06-29T00:15:34.425251,basse
BJ-1DA4FC1B,ONG Femme Bénin,ONG & Associations,Covè,+229 96 85 75 27,,,PME (50-200),B2C,APIEx,,Actif,2026-06-29T00:15:34.425261,basse
BJ-D1FA171D,Humanitaire Bénin,ONG & Associations,Covè,+229 65 92 96 60,humanitaire.bénin@humanitaire.bénin.benin,,PME (10-50),B2C,APIEx,,Actif,2026-06-29T00:15:34.425272,moyenne
BJ-B7F4D86C,Club Droits Fondation,ONG & Associations,Pobè,+229 85 92 39 14,,,PME (10-50),B2C,APIEx,,Actif,2026-06-29T00:15:34.425287,basse
BJ-DB4EB15C,Organisation Éducation Association,ONG & Associations,Pobè,+229 69 84 52 97,,organisationéducationassociation.bj,PME (10-50),B2B,APIEx,,Actif,2026-06-29T00:15:34.425302,moyenne
BJ-200FA11A,Fondation Enfant Pobè,ONG & Associations,Pobè,+229 33 46 47 56,,fondationenfantpobè.bj,PME (50-200),B2B,APIEx,,Actif,2026-06-29T00:15:34.425317,moyenne
BJ-09EA656E,Association Humanitaire,ONG & Associations,Pobè,+229 27 38 72 96,,,PME (50-200),B2B,APIEx,,Actif,2026-06-29T00:15:34.425341,basse
BJ-B3BC806A,Fondation Environnement,ONG & Associations,Sakété,+229 64 42 51 89,,,PME (10-50),B2B,APIEx,,Actif,2026-06-29T00:15:34.425357,basse
BJ-ED63BCC7,Club Éducation Sakété,ONG & Associations,Sakété,+229 75 20 55 34,club.éducation.sakété@club.éducation.sakété.benin,,Grande (>200),B2C,APIEx,,Actif,2026-06-29T00:15:34.425369,moyenne
BJ-21F038F0,Aide International Sakété,ONG & Associations,Sakété,+229 99 59 47 94,,,PME (10-50),B2C,APIEx,,Actif,2026-06-29T00:15:34.425379,basse
BJ-6924EC82,Droits Africa Sakété,ONG & Associations,Sakété,+229 21 20 76 27,,,TPE (<10),B2B,APIEx,,Actif,2026-06-29T00:15:34.425389,basse
BJ-EEBF761C,Sport Fondation,ONG & Associations,Adjara,+229 63 35 73 29,,,Grande (>200),B2C,APIEx,,Actif,2026-06-29T00:15:34.425431,basse
BJ-D69D2710,Organisation Environnement,ONG & Associations,Adjara,+229 60 75 36 40,,,PME (10-50),B2C,APIEx,,Actif,2026-06-29T00:15:34.425445,basse
BJ-3F32ECEF,Santé,ONG & Associations,Adjara,+229 27 41 93 73,santé@santé.net,santé.bj,PME (50-200),B2B,APIEx,,Actif,2026-06-29T00:15:34.425472,haute
BJ-C3569558,Organisation Solidarité ONG,ONG & Associations,Adjara,+229 58 28 15 84,,,PME (50-200),B2B,APIEx,,Actif,2026-06-29T00:15:34.425485,basse
BJ-F985BDDF,Jeunesse Fondation,ONG & Associations,Adjara,+229 87 44 40 84,jeunesse.fondation@jeunesse.fondation.bj,,TPE (<10),B2C,APIEx,,Actif,2026-06-29T00:15:34.425496,moyenne
BJ-F55709EA,Éducation Association,ONG & Associations,Allada,+229 77 31 66 15,,,PME (10-50),B2C,APIEx,,Actif,2026-06-29T00:15:34.425523,basse
BJ-EE691957,Social,ONG & Associations,Allada,+229 62 93 32 55,,,TPE (<10),B2C,APIEx,,Actif,2026-06-29T00:15:34.425533,basse
BJ-D00D0A96,Société Culture,ONG & Associations,Allada,+229 52 78 68 17,société.culture@société.culture.net,,TPE (<10),B2B,APIEx,,Actif,2026-06-29T00:15:34.425558,moyenne
BJ-CBFECBCF,ONG Développement Bénin,ONG & Associations,Aplahoué,+229 53 99 34 27,,ongdéveloppementbénin.bj,TPE (<10),B2B,APIEx,,Actif,2026-06-29T00:15:34.425576,moyenne
BJ-85632179,Association Aide Africa Aplahoué,ONG & Associations,Aplahoué,+229 52 41 30 41,,,PME (50-200),B2C,APIEx,,Actif,2026-06-29T00:15:34.425590,basse
BJ-7E35F177,Droits Bénin,ONG & Associations,Aplahoué,+229 77 45 33 18,,,TPE (<10),B2B,APIEx,,Actif,2026-06-29T00:15:34.425601,basse
BJ-8A97C062,Jeunesse,ONG & Associations,Dogbo-Tota,+229 48 49 14 21,jeunesse@jeunesse.org,,PME (10-50),B2B,APIEx,,Actif,2026-06-29T00:15:34.425641,moyenne
BJ-318CD0E2,Culture,ONG & Associations,Dogbo-Tota,+229 57 29 72 79,,,Grande (>200),B2C,APIEx,,Actif,2026-06-29T00:15:34.425651,basse
BJ-41B0ED12,Fondation Droits ONG,ONG & Associations,Dogbo-Tota,+229 53 70 35 45,,,PME (50-200),B2C,APIEx,,Actif,2026-06-29T00:15:34.425661,basse
BJ-F414D90B,ONG Culture,ONG & Associations,Dogbo-Tota,+229 48 46 77 79,ong.culture@ong.culture.org,,PME (10-50),B2C,APIEx,,Actif,2026-06-29T00:15:34.425683,moyenne
BJ-647892B5,Fondation Social ONG,ONG & Associations,Kpomassè,+229 33 74 17 40,,,PME (50-200),B2B,APIEx,,Actif,2026-06-29T00:15:34.425714,basse
BJ-4F562B9D,Solidarité Bénin,ONG & Associations,Kpomassè,+229 43 23 27 53,solidarité.bénin@solidarité.bénin.bj,solidaritébénin.bj,TPE (<10),B2C,APIEx,,Actif,2026-06-29T00:15:34.425740,haute
BJ-E299B41B,Culture ONG,ONG & Associations,Kpomassè,+229 97 26 74 33,,cultureong.bj,TPE (<10),B2B,APIEx,,Actif,2026-06-29T00:15:34.425766,moyenne
BJ-5D48C5B1,Association Culture,ONG & Associations,Tori-Bossito,+229 30 84 83 64,association.culture@association.culture.net,associationculture.bj,PME (50-200),B2C,APIEx,,Actif,2026-06-29T00:15:34.425784,haute
BJ-0188F32F,Solidarité Tori-Bossito,ONG & Associations,Tori-Bossito,+229 33 24 11 35,,solidaritétoribossito.bj,PME (10-50),B2C,APIEx,,Actif,2026-06-29T00:15:34.425813,moyenne
BJ-E70F1BE8,Social,ONG & Associations,Tori-Bossito,+229 91 57 47 71,social@social.com,,Grande (>200),B2C,APIEx,,Actif,2026-06-29T00:15:34.425835,moyenne
BJ-21431A44,Droits ONG Grand-Popo,ONG & Associations,Grand-Popo,+229 70 10 80 29,,,PME (50-200),B2B,APIEx,,Actif,2026-06-29T00:15:34.428092,basse
BJ-17B37226,Club Jeunesse Grand-Popo,ONG & Associations,Grand-Popo,+229 45 63 43 83,club.jeunesse.grandpopo@club.jeunesse.grandpopo.net,,TPE (<10),B2C,APIEx,,Actif,2026-06-29T00:15:34.428108,moyenne
BJ-2F52A260,Organisation Humanitaire,ONG & Associations,Grand-Popo,+229 88 21 86 36,organisation.humanitaire@organisation.humanitaire.net,organisationhumanitaire.bj,PME (10-50),B2B,APIEx,,Actif,2026-06-29T00:15:34.428121,haute
BJ-647FF17B,Solidarité,ONG & Associations,Grand-Popo,+229 60 73 95 35,,,TPE (<10),B2C,APIEx,,Actif,2026-06-29T00:15:34.428133,basse
BJ-7E006AF7,Société Jeunesse Africa,ONG & Associations,Athiémé,+229 96 90 61 34,société.jeunesse.africa@société.jeunesse.africa.com,,PME (50-200),B2B,APIEx,,Actif,2026-06-29T00:15:34.428159,moyenne
BJ-9A3786ED,Club Humanitaire Organisation,ONG & Associations,Athiémé,+229 53 34 82 65,,clubhumanitaireorganisation.bj,TPE (<10),B2B,APIEx,,Actif,2026-06-29T00:15:34.428172,moyenne
BJ-B379AA68,Organisation Culture Organisation Athiémé,ONG & Associations,Athiémé,+229 72 34 74 37,,organisationcultureorganisationathiémé.bj,TPE (<10),B2C,APIEx,,Actif,2026-06-29T00:15:34.428184,moyenne
BJ-340CB909,Aide,ONG & Associations,Athiémé,+229 90 16 35 75,aide@aide.benin,,PME (10-50),B2B,APIEx,,Actif,2026-06-29T00:15:34.428196,moyenne
BJ-76A3F1D3,Femme ONG,ONG & Associations,Athiémé,+229 87 47 57 44,femme.ong@femme.ong.bj,femmeong.bj,PME (50-200),B2C,APIEx,,Actif,2026-06-29T00:15:34.428208,haute
BJ-BC79334B,Club Droits,ONG & Associations,Bopa,+229 94 28 93 51,,clubdroits.bj,PME (10-50),B2C,APIEx,,Actif,2026-06-29T00:15:34.428226,moyenne
BJ-34251A1F,Culture Bénin Bopa,ONG & Associations,Bopa,+229 53 83 53 14,,,TPE (<10),B2C,APIEx,,Actif,2026-06-29T00:15:34.428254,basse
BJ-0F3F8E99,Fondation Éducation Bopa,ONG & Associations,Bopa,+229 59 90 46 18,,fondationéducationbopa.bj,TPE (<10),B2B,APIEx,,Actif,2026-06-29T00:15:34.428269,moyenne
BJ-A05F17D2,Association Droits Bopa,ONG & Associations,Bopa,+229 37 31 39 46,association.droits.bopa@association.droits.bopa.com,associationdroitsbopa.bj,PME (10-50),B2B,APIEx,,Actif,2026-06-29T00:15:34.428281,haute
BJ-D8E646D2,Environnement Association,ONG & Associations,Houéyogbé,+229 87 95 52 57,,environnementassociation.bj,TPE (<10),B2B,APIEx,,Actif,2026-06-29T00:15:34.428299,moyenne
BJ-F4469B64,Fondation Humanitaire,ONG & Associations,Houéyogbé,+229 62 73 69 84,fondation.humanitaire@fondation.humanitaire.org,,PME (10-50),B2C,APIEx,,Actif,2026-06-29T00:15:34.428321,moyenne
BJ-DB5A8F91,Club Jeunesse,ONG & Associations,Houéyogbé,+229 51 61 48 18,,,PME (50-200),B2C,APIEx,,Actif,2026-06-29T00:15:34.428332,basse
BJ-EB14DD63,Association Humanitaire Association Malanville,ONG & Associations,Malanville,+229 78 60 78 23,,,PME (50-200),B2B,APIEx,,Actif,2026-06-29T00:15:34.428359,basse
BJ-F9914AE7,Aide International,ONG & Associations,Malanville,+229 62 62 20 50,,,TPE (<10),B2B,APIEx,,Actif,2026-06-29T00:15:34.428377,basse
BJ-22CFB818,Solidarité ONG Malanville,ONG & Associations,Malanville,+229 94 91 20 97,,solidaritéongmalanville.bj,Grande (>200),B2B,APIEx,,Actif,2026-06-29T00:15:34.428393,moyenne
BJ-88B37612,Fondation Développement,ONG & Associations,Malanville,+229 37 55 28 23,,,PME (10-50),B2B,APIEx,,Actif,2026-06-29T00:15:34.428404,basse
BJ-57DE6CE4,Jeunesse Fondation Malanville,ONG & Associations,Malanville,+229 32 59 23 29,jeunesse.fondation.malanville@jeunesse.fondation.malanville.bj,,PME (50-200),B2C,APIEx,,Actif,2026-06-29T00:15:34.428415,moyenne
BJ-A58D76D4,Environnement Organisation,ONG & Associations,Kandi,+229 91 76 96 65,environnement.organisation@environnement.organisation.bj,,PME (50-200),B2C,APIEx,,Actif,2026-06-29T00:15:34.428432,moyenne
BJ-DE3117D3,Jeunesse International,ONG & Associations,Kandi,+229 94 38 55 77,,,Grande (>200),B2C,APIEx,,Actif,2026-06-29T00:15:34.428443,basse
BJ-F003E83E,Association Solidarité,ONG & Associations,Kandi,+229 28 77 45 10,association.solidarité@association.solidarité.bj,associationsolidarité.bj,TPE (<10),B2B,APIEx,,Actif,2026-06-29T00:15:34.428455,haute
BJ-2AA88105,ONG Culture Banikoara,ONG & Associations,Banikoara,+229 73 31 90 25,,,Grande (>200),B2B,APIEx,,Actif,2026-06-29T00:15:34.428497,basse
BJ-3FED1678,ONG Santé ONG Banikoara,ONG & Associations,Banikoara,+229 34 73 52 10,ong.santé.ong.banikoara@ong.santé.ong.banikoara.benin,ongsantéongbanikoara.bj,Grande (>200),B2C,APIEx,,Actif,2026-06-29T00:15:34.428514,haute
BJ-2954E2C5,Humanitaire Bénin,ONG & Associations,Banikoara,+229 41 87 90 38,humanitaire.bénin@humanitaire.bénin.benin,,TPE (<10),B2C,APIEx,,Actif,2026-06-29T00:15:34.428527,moyenne
BJ-9B3AE2C7,Culture Banikoara,ONG & Associations,Banikoara,+229 80 49 84 51,,,Grande (>200),B2C,APIEx,,Actif,2026-06-29T00:15:34.428538,basse
BJ-C00D0473,Environnement Banikoara,ONG & Associations,Banikoara,+229 81 57 98 57,environnement.banikoara@environnement.banikoara.bj,environnementbanikoara.bj,TPE (<10),B2B,APIEx,,Actif,2026-06-29T00:15:34.428551,haute
BJ-DB484317,Association Santé Africa,ONG & Associations,Ségbana,+229 75 62 93 13,association.santé.africa@association.santé.africa.benin,,PME (10-50),B2C,APIEx,,Actif,2026-06-29T00:15:34.428568,moyenne
BJ-23807C01,Femme Organisation,ONG & Associations,Ségbana,+229 95 91 45 45,,femmeorganisation.bj,TPE (<10),B2B,APIEx,,Actif,2026-06-29T00:15:34.428593,moyenne
BJ-50ECBDCE,Club Social,ONG & Associations,Ségbana,+229 42 39 59 34,club.social@club.social.bj,clubsocial.bj,PME (50-200),B2B,APIEx,,Actif,2026-06-29T00:15:34.428606,haute
BJ-713F7CD7,Humanitaire Association,ONG & Associations,Ségbana,+229 38 35 14 48,humanitaire.association@humanitaire.association.benin,humanitaireassociation.bj,PME (10-50),B2C,APIEx,,Actif,2026-06-29T00:15:34.428618,haute
BJ-95CCB8A3,Éducation Organisation,ONG & Associations,Ségbana,+229 48 90 44 23,,,TPE (<10),B2C,APIEx,,Actif,2026-06-29T00:15:34.428629,basse
BJ-1DCC3720,Droits Fondation,ONG & Associations,Karimama,+229 93 20 15 84,droits.fondation@droits.fondation.org,,PME (50-200),B2B,APIEx,,Actif,2026-06-29T00:15:34.428646,moyenne
BJ-6F1C8515,Droits,ONG & Associations,Karimama,+229 49 88 73 69,droits@droits.benin,droits.bj,PME (10-50),B2C,APIEx,,Actif,2026-06-29T00:15:34.428662,haute
BJ-612037AD,Fondation Femme,ONG & Associations,Karimama,+229 98 38 82 90,,,PME (50-200),B2C,APIEx,,Actif,2026-06-29T00:15:34.428673,basse
BJ-D1B9729B,Aide Karimama,ONG & Associations,Karimama,+229 56 56 53 60,aide.karimama@aide.karimama.net,,PME (50-200),B2B,APIEx,,Actif,2026-06-29T00:15:34.428685,moyenne
BJ-BC297343,Club Social ONG Karimama,ONG & Associations,Karimama,+229 57 59 84 78,,,PME (50-200),B2B,APIEx,,Actif,2026-06-29T00:15:34.428695,basse
BJ-487A65E1,Humanitaire,ONG & Associations,Gogounou,+229 34 88 14 85,humanitaire@humanitaire.benin,,PME (10-50),B2B,APIEx,,Actif,2026-06-29T00:15:34.428713,moyenne
BJ-399184BA,Organisation Jeunesse,ONG & Associations,Gogounou,+229 88 95 70 93,,,PME (50-200),B2C,APIEx,,Actif,2026-06-29T00:15:34.428726,basse
BJ-642B2B25,Solidarité Africa,ONG & Associations,Gogounou,+229 35 22 45 29,solidarité.africa@solidarité.africa.bj,solidaritéafrica.bj,PME (10-50),B2B,APIEx,,Actif,2026-06-29T00:15:34.428743,haute
BJ-26B1C36B,Club Droits Association,ONG & Associations,Gogounou,+229 89 46 20 79,club.droits.association@club.droits.association.benin,clubdroitsassociation.bj,PME (10-50),B2C,APIEx,,Actif,2026-06-29T00:15:34.428756,haute
BJ-5BCA7709,Femme International,ONG & Associations,Cobly,+229 33 65 68 70,femme.international@femme.international.bj,,TPE (<10),B2B,APIEx,,Actif,2026-06-29T00:15:34.428802,moyenne
BJ-99D4CE40,Sport Fondation,ONG & Associations,Cobly,+229 92 77 29 21,sport.fondation@sport.fondation.net,sportfondation.bj,PME (10-50),B2B,APIEx,,Actif,2026-06-29T00:15:34.428815,haute
BJ-FC2C41FA,Organisation Femme International,ONG & Associations,Cobly,+229 86 96 52 59,organisation.femme.international@organisation.femme.international.benin,organisationfemmeinternational.bj,PME (50-200),B2B,APIEx,,Actif,2026-06-29T00:15:34.428827,haute
BJ-A6EE51CA,Organisation Environnement,ONG & Associations,Tanguiéta,+229 47 34 61 16,organisation.environnement@organisation.environnement.org,,TPE (<10),B2C,APIEx,,Actif,2026-06-29T00:15:34.428869,moyenne
BJ-F9957A34,Droits Tanguiéta,ONG & Associations,Tanguiéta,+229 37 98 79 23,droits.tanguiéta@droits.tanguiéta.benin,,TPE (<10),B2C,APIEx,,Actif,2026-06-29T00:15:34.428881,moyenne
BJ-C954D756,Fondation Droits Africa Tanguiéta,ONG & Associations,Tanguiéta,+229 25 60 31 10,,,PME (10-50),B2C,APIEx,,Actif,2026-06-29T00:15:34.428903,basse
BJ-8B33E89F,Club Environnement International,ONG & Associations,Tanguiéta,+229 42 12 74 94,,,TPE (<10),B2B,APIEx,,Actif,2026-06-29T00:15:34.428915,basse
BJ-38F7A900,Fondation Éducation Association Matéri,ONG & Associations,Matéri,+229 61 88 94 22,,fondationéducationassociationmatéri.bj,PME (10-50),B2B,APIEx,,Actif,2026-06-29T00:15:34.428934,moyenne
BJ-F9F08D08,Solidarité Fondation,ONG & Associations,Matéri,+229 65 95 54 11,solidarité.fondation@solidarité.fondation.net,,PME (10-50),B2C,APIEx,,Actif,2026-06-29T00:15:34.428950,moyenne
BJ-CE8C4B15,Enfant Association,ONG & Associations,Matéri,+229 80 64 92 44,,enfantassociation.bj,TPE (<10),B2B,APIEx,,Actif,2026-06-29T00:15:34.428962,moyenne
BJ-D41F0CAD,Aide Association Matéri,ONG & Associations,Matéri,+229 49 32 78 65,,,PME (50-200),B2B,APIEx,,Actif,2026-06-29T00:15:34.428976,basse
BJ-66471AFD,Club Environnement Natitingou,ONG & Associations,Natitingou,+229 76 45 66 96,club.environnement.natitingou@club.environnement.natitingou.com,,PME (10-50),B2C,APIEx,,Actif,2026-06-29T00:15:34.429008,moyenne
BJ-DD2C00C6,Jeunesse International,ONG & Associations,Natitingou,+229 66 47 53 44,,,Grande (>200),B2C,APIEx,,Actif,2026-06-29T00:15:34.429030,basse
BJ-250D0425,Femme International,ONG & Associations,Natitingou,+229 50 73 10 48,femme.international@femme.international.bj,,TPE (<10),B2B,APIEx,,Actif,2026-06-29T00:15:34.429041,moyenne
BJ-2F119E4D,ONG Aide Bénin,ONG & Associations,Natitingou,+229 51 61 31 91,ong.aide.bénin@ong.aide.bénin.com,ongaidebénin.bj,PME (10-50),B2C,APIEx,,Actif,2026-06-29T00:15:34.429055,haute
BJ-4CDDD219,Organisation Aide Association,ONG & Associations,Toucountouna,+229 81 21 34 84,organisation.aide.association@organisation.aide.association.com,,TPE (<10),B2B,APIEx,,Actif,2026-06-29T00:15:34.429092,moyenne
BJ-7A6193CC,Société Sport Africa Toucountouna,ONG & Associations,Toucountouna,+229 34 23 57 88,,,TPE (<10),B2B,APIEx,,Actif,2026-06-29T00:15:34.429114,basse
BJ-13D7C933,Organisation Humanitaire,ONG & Associations,Toucountouna,+229 90 70 63 99,organisation.humanitaire@organisation.humanitaire.net,organisationhumanitaire.bj,PME (10-50),B2C,APIEx,,Actif,2026-06-29T00:15:34.429126,haute
BJ-959ED6D3,ONG Culture Bénin,ONG & Associations,Boukoumbé,+229 45 49 78 58,,,PME (50-200),B2B,APIEx,,Actif,2026-06-29T00:15:34.429144,basse
BJ-FBEFE5D2,Association Culture Organisation,ONG & Associations,Boukoumbé,+229 50 79 63 69,association.culture.organisation@association.culture.organisation.com,associationcultureorganisation.bj,Grande (>200),B2C,APIEx,,Actif,2026-06-29T00:15:34.429161,haute
BJ-C0403728,Association Développement International,ONG & Associations,Boukoumbé,+229 85 69 56 77,,associationdéveloppementinternational.bj,PME (10-50),B2B,APIEx,,Actif,2026-06-29T00:15:34.429173,moyenne
BJ-42E3FC1B,Club Solidarité Africa,ONG & Associations,Boukoumbé,+229 61 36 20 99,,clubsolidaritéafrica.bj,PME (10-50),B2C,APIEx,,Actif,2026-06-29T00:15:34.429198,moyenne
BJ-393DE29B,Jeunesse ONG Kouandé,ONG & Associations,Kouandé,+229 25 79 90 23,,,TPE (<10),B2B,APIEx,,Actif,2026-06-29T00:15:34.429215,basse
BJ-7176A286,Fondation Culture Kouandé,ONG & Associations,Kouandé,+229 98 33 48 33,,fondationculturekouandé.bj,TPE (<10),B2B,APIEx,,Actif,2026-06-29T00:15:34.429246,moyenne
BJ-DA454C24,Sport ONG,ONG & Associations,Kouandé,+229 38 20 41 97,sport.ong@sport.ong.benin,sportong.bj,PME (50-200),B2B,APIEx,,Actif,2026-06-29T00:15:34.429259,haute
BJ-66661543,Environnement Fondation,ONG & Associations,Kouandé,+229 26 38 98 82,,,TPE (<10),B2B,APIEx,,Actif,2026-06-29T00:15:34.429269,basse
BJ-B4DF542A,Sport International Péhunco,ONG & Associations,Péhunco,+229 37 75 80 88,,sportinternationalpéhunco.bj,TPE (<10),B2C,APIEx,,Actif,2026-06-29T00:15:34.429287,moyenne
BJ-94CF86C3,Société Culture,ONG & Associations,Péhunco,+229 44 38 26 50,société.culture@société.culture.bj,,PME (50-200),B2B,APIEx,,Actif,2026-06-29T00:15:34.429310,moyenne
BJ-D7076065,Société Sport Association,ONG & Associations,Péhunco,+229 42 14 64 18,société.sport.association@société.sport.association.com,,PME (50-200),B2B,APIEx,,Actif,2026-06-29T00:15:34.429333,moyenne
BJ-5D879270,Organisation Droits Africa,ONG & Associations,Tchaourou,+229 98 11 93 78,,,PME (50-200),B2C,APIEx,,Actif,2026-06-29T00:15:34.429349,basse
BJ-22F45D31,Solidarité ONG,ONG & Associations,Tchaourou,+229 96 13 52 87,,,TPE (<10),B2B,APIEx,,Actif,2026-06-29T00:15:34.429363,basse
BJ-26E858BE,Droits Fondation Tchaourou,ONG & Associations,Tchaourou,+229 23 78 97 13,droits.fondation.tchaourou@droits.fondation.tchaourou.net,,PME (50-200),B2C,APIEx,,Actif,2026-06-29T00:15:34.429375,moyenne
BJ-02297600,Santé Organisation,ONG & Associations,Tchaourou,+229 60 24 93 11,,santéorganisation.bj,PME (50-200),B2B,APIEx,,Actif,2026-06-29T00:15:34.429399,moyenne
BJ-DF71F093,Droits,ONG & Associations,Nikki,+229 25 86 26 55,,droits.bj,PME (10-50),B2B,APIEx,,Actif,2026-06-29T00:15:34.429415,moyenne
BJ-B74F60A6,Société Environnement,ONG & Associations,Nikki,+229 84 73 20 72,société.environnement@société.environnement.bj,,PME (10-50),B2B,APIEx,,Actif,2026-06-29T00:15:34.429439,moyenne
BJ-F7AD0CA7,Société Aide,ONG & Associations,Nikki,+229 29 42 58 14,société.aide@société.aide.bj,,TPE (<10),B2C,APIEx,,Actif,2026-06-29T00:15:34.429451,moyenne
BJ-BD0E57CD,Humanitaire Fondation,ONG & Associations,Nikki,+229 50 25 94 31,,,TPE (<10),B2C,APIEx,,Actif,2026-06-29T00:15:34.429462,basse
BJ-F5C81EFE,Social Fondation,ONG & Associations,Bembéréké,+229 42 78 58 19,social.fondation@social.fondation.benin,,PME (10-50),B2C,APIEx,,Actif,2026-06-29T00:15:34.429483,moyenne
BJ-4485B072,Aide Africa,ONG & Associations,Bembéréké,+229 38 79 41 21,,aideafrica.bj,TPE (<10),B2C,APIEx,,Actif,2026-06-29T00:15:34.429498,moyenne
BJ-BBFDE09B,Solidarité Association,ONG & Associations,Bembéréké,+229 72 31 56 58,,,TPE (<10),B2C,APIEx,,Actif,2026-06-29T00:15:34.429510,basse
BJ-DAB4BB2B,Sport,ONG & Associations,Bembéréké,+229 90 24 59 14,sport@sport.bj,sport.bj,TPE (<10),B2C,APIEx,,Actif,2026-06-29T00:15:34.429522,haute
BJ-13C6A1A4,Femme Organisation,ONG & Associations,Bembéréké,+229 79 79 51 23,femme.organisation@femme.organisation.benin,,PME (10-50),B2C,APIEx,,Actif,2026-06-29T00:15:34.429538,moyenne
BJ-84879F8B,Sport,ONG & Associations,Kalalé,+229 92 69 65 46,sport@sport.benin,sport.bj,TPE (<10),B2B,APIEx,,Actif,2026-06-29T00:15:34.429556,haute
BJ-65EAFB47,Association Santé Bénin,ONG & Associations,Kalalé,+229 33 54 88 91,association.santé.bénin@association.santé.bénin.com,associationsantébénin.bj,PME (50-200),B2B,APIEx,,Actif,2026-06-29T00:15:34.429573,haute
BJ-4C95D12D,Société Droits,ONG & Associations,Kalalé,+229 40 22 97 28,,sociétédroits.bj,TPE (<10),B2C,APIEx,,Actif,2026-06-29T00:15:34.429585,moyenne
BJ-3BB028E9,Enfant,ONG & Associations,Kalalé,+229 64 81 92 18,,,PME (10-50),B2C,APIEx,,Actif,2026-06-29T00:15:34.429596,basse
BJ-B6F48EE2,Fondation Femme Association Kalalé,ONG & Associations,Kalalé,+229 41 33 57 45,fondation.femme.association.kalalé@fondation.femme.association.kalalé.benin,,PME (50-200),B2B,APIEx,,Actif,2026-06-29T00:15:34.429609,moyenne
BJ-CD48DB05,Société Développement ONG,ONG & Associations,Ndali,+229 63 37 25 24,société.développement.ong@société.développement.ong.org,,TPE (<10),B2C,APIEx,,Actif,2026-06-29T00:15:34.429640,moyenne
BJ-3904170C,Culture Organisation,ONG & Associations,Ndali,+229 74 94 79 64,culture.organisation@culture.organisation.benin,cultureorganisation.bj,TPE (<10),B2C,APIEx,,Actif,2026-06-29T00:15:34.429655,haute
BJ-24018E0A,Organisation Aide,ONG & Associations,Ndali,+229 47 56 66 27,,,TPE (<10),B2C,APIEx,,Actif,2026-06-29T00:15:34.429666,basse
BJ-C409391D,Organisation Enfant Bénin,ONG & Associations,Ndali,+229 79 57 71 47,,,TPE (<10),B2B,APIEx,,Actif,2026-06-29T00:15:34.429677,basse
BJ-AD5B2746,Environnement Bénin,ONG & Associations,Ndali,+229 67 69 70 33,,environnementbénin.bj,TPE (<10),B2C,APIEx,,Actif,2026-06-29T00:15:34.429688,moyenne
BJ-EECA54B6,Organisation Santé,ONG & Associations,Ségbana,+229 68 67 79 23,organisation.santé@organisation.santé.com,organisationsanté.bj,PME (50-200),B2B,APIEx,,Actif,2026-06-29T00:15:34.429731,haute
BJ-FA81075E,Club Humanitaire ONG,ONG & Associations,Ségbana,+229 24 37 52 95,,,PME (10-50),B2C,APIEx,,Actif,2026-06-29T00:15:34.429742,basse
BJ-081B99D9,Organisation Humanitaire,ONG & Associations,Tchaourou,+229 68 67 21 22,,,PME (50-200),B2B,APIEx,,Actif,2026-06-29T00:15:34.429769,basse
BJ-2A9BC418,Culture,ONG & Associations,Tchaourou,+229 37 80 82 35,culture@culture.org,,PME (10-50),B2C,APIEx,,Actif,2026-06-29T00:15:34.429783,moyenne
BJ-AE2D9381,Jeunesse Fondation,ONG & Associations,Tchaourou,+229 70 13 98 48,,,PME (50-200),B2B,APIEx,,Actif,2026-06-29T00:15:34.429794,basse
BJ-0D6A91CD,Fondation Droits Africa Tchaourou,ONG & Associations,Tchaourou,+229 95 80 48 57,fondation.droits.africa.tchaourou@fondation.droits.africa.tchaourou.net,fondationdroitsafricatchaourou.bj,PME (10-50),B2C,APIEx,,Actif,2026-06-29T00:15:34.429822,haute
BJ-309C616C,Club Culture Fondation,ONG & Associations,Bétérou,+229 36 23 75 66,,clubculturefondation.bj,PME (10-50),B2C,APIEx,,Actif,2026-06-29T00:15:34.429857,moyenne
BJ-B998A7C5,Jeunesse Bétérou,ONG & Associations,Bétérou,+229 23 71 88 64,,,TPE (<10),B2B,APIEx,,Actif,2026-06-29T00:15:34.429876,basse
BJ-10BD5BE7,Organisation Humanitaire ONG,ONG & Associations,Bétérou,+229 32 14 73 57,,,TPE (<10),B2B,APIEx,,Actif,2026-06-29T00:15:34.429922,basse
BJ-F72BEDE9,Aide Fondation,ONG & Associations,Bétérou,+229 88 65 39 32,aide.fondation@aide.fondation.net,,TPE (<10),B2C,APIEx,,Actif,2026-06-29T00:15:34.429934,moyenne
BJ-07FEDAED,Association Humanitaire Ouessè,ONG & Associations,Ouessè,+229 20 64 72 79,association.humanitaire.ouessè@association.humanitaire.ouessè.org,associationhumanitaireouessè.bj,TPE (<10),B2B,APIEx,,Actif,2026-06-29T00:15:34.429956,haute
BJ-E3C176A9,Éducation Bénin,ONG & Associations,Ouessè,+229 37 74 93 24,éducation.bénin@éducation.bénin.benin,,TPE (<10),B2C,APIEx,,Actif,2026-06-29T00:15:34.429973,moyenne
BJ-90181614,Fondation Environnement Africa,ONG & Associations,Ouessè,+229 24 39 24 64,fondation.environnement.africa@fondation.environnement.africa.net,,PME (50-200),B2B,APIEx,,Actif,2026-06-29T00:15:34.429991,moyenne
BJ-660F30FA,Club Aide,ONG & Associations,Ouessè,+229 93 38 99 70,,,PME (10-50),B2C,APIEx,,Actif,2026-06-29T00:15:34.430002,basse
BJ-B7CCF94E,Aide Africa,ONG & Associations,Ouessè,+229 35 77 92 74,,aideafrica.bj,TPE (<10),B2B,APIEx,,Actif,2026-06-29T00:15:34.430013,moyenne
BJ-0A2CB3BB,Club Femme Africa,ONG & Associations,Glazoué,+229 29 45 47 90,,clubfemmeafrica.bj,TPE (<10),B2C,APIEx,,Actif,2026-06-29T00:15:34.430030,moyenne
BJ-9FFFC2DD,Enfant Africa,ONG & Associations,Glazoué,+229 99 13 89 82,,enfantafrica.bj,TPE (<10),B2C,APIEx,,Actif,2026-06-29T00:15:34.430041,moyenne
BJ-5524C0B3,Social Glazoué,ONG & Associations,Glazoué,+229 24 68 80 83,,socialglazoué.bj,PME (50-200),B2B,APIEx,,Actif,2026-06-29T00:15:34.430053,moyenne
BJ-A88656F5,Association Enfant Africa,ONG & Associations,Glazoué,+229 68 65 59 27,association.enfant.africa@association.enfant.africa.net,associationenfantafrica.bj,TPE (<10),B2B,APIEx,,Actif,2026-06-29T00:15:34.430065,haute
BJ-034B36D6,Société Culture Organisation,ONG & Associations,Glazoué,+229 83 23 48 55,,sociétécultureorganisation.bj,PME (50-200),B2C,APIEx,,Actif,2026-06-29T00:15:34.430077,moyenne
BJ-D04A37B6,Organisation Social International,ONG & Associations,Dassa-Zoumè,+229 24 75 21 72,organisation.social.international@organisation.social.international.com,organisationsocialinternational.bj,PME (50-200),B2B,APIEx,,Actif,2026-06-29T00:15:34.430123,haute
BJ-569F1A30,Société Sport,ONG & Associations,Dassa-Zoumè,+229 75 29 74 64,,,TPE (<10),B2C,APIEx,,Actif,2026-06-29T00:15:34.430134,basse
BJ-EFBE9DA4,Aide,ONG & Associations,Savalou,+229 78 22 35 93,,aide.bj,PME (10-50),B2C,APIEx,,Actif,2026-06-29T00:15:34.430172,moyenne
BJ-7E72430E,Organisation Santé Organisation,ONG & Associations,Savalou,+229 20 19 63 98,,organisationsantéorganisation.bj,TPE (<10),B2B,APIEx,,Actif,2026-06-29T00:15:34.430196,moyenne
BJ-0A043CB0,Club Social,ONG & Associations,Savalou,+229 87 97 91 60,,,PME (10-50),B2C,APIEx,,Actif,2026-06-29T00:15:34.430210,basse
BJ-CCAA2BF5,Société Santé,ONG & Associations,Bantè,+229 41 16 68 87,société.santé@société.santé.bj,,Grande (>200),B2C,APIEx,,Actif,2026-06-29T00:15:34.430242,moyenne
BJ-8DB5B080,Association Éducation Africa,ONG & Associations,Bantè,+229 52 46 50 39,,,TPE (<10),B2C,APIEx,,Actif,2026-06-29T00:15:34.430253,basse
BJ-8AE5916B,Fondation Éducation,ONG & Associations,Bantè,+229 96 97 11 71,fondation.éducation@fondation.éducation.bj,fondationéducation.bj,TPE (<10),B2B,APIEx,,Actif,2026-06-29T00:15:34.430265,haute
BJ-CB6917AE,Organisation Aide,ONG & Associations,Bantè,+229 62 18 52 48,,,PME (10-50),B2C,APIEx,,Actif,2026-06-29T00:15:34.430276,basse
BJ-238B2AE0,ONG Humanitaire Organisation,ONG & Associations,Djougou,+229 28 69 31 99,ong.humanitaire.organisation@ong.humanitaire.organisation.org,onghumanitaireorganisation.bj,TPE (<10),B2B,APIEx,,Actif,2026-06-29T00:15:34.430305,haute
BJ-8ACB7525,Jeunesse International,ONG & Associations,Djougou,+229 43 29 73 46,,jeunesseinternational.bj,PME (50-200),B2C,APIEx,,Actif,2026-06-29T00:15:34.430328,moyenne
BJ-1A71C202,Société Femme International Ouèssè,ONG & Associations,Ouèssè,+229 33 61 14 55,,sociétéfemmeinternationalouèssè.bj,TPE (<10),B2B,APIEx,,Actif,2026-06-29T00:15:34.430378,moyenne
BJ-E60C0F61,Société Santé,ONG & Associations,Ouèssè,+229 28 93 32 21,,,PME (50-200),B2C,APIEx,,Actif,2026-06-29T00:15:34.430401,basse
BJ-69209438,Jeunesse Bénin Ouèssè,ONG & Associations,Ouèssè,+229 86 79 65 42,jeunesse.bénin.ouèssè@jeunesse.bénin.ouèssè.bj,jeunessebéninouèssè.bj,PME (50-200),B2C,APIEx,,Actif,2026-06-29T00:15:34.430414,haute
BJ-605BB5F7,Culture Association,ONG & Associations,Bassila,+229 93 95 56 45,culture.association@culture.association.bj,cultureassociation.bj,PME (10-50),B2C,APIEx,,Actif,2026-06-29T00:15:34.430434,haute
BJ-BBAC8288,Société Jeunesse Bénin,ONG & Associations,Bassila,+229 73 81 63 38,,,TPE (<10),B2C,APIEx,,Actif,2026-06-29T00:15:34.430445,basse
BJ-ABC18FDA,Organisation Enfant Africa,ONG & Associations,Bassila,+229 51 29 67 36,organisation.enfant.africa@organisation.enfant.africa.bj,,PME (10-50),B2C,APIEx,,Actif,2026-06-29T00:15:34.430460,moyenne
BJ-E2D1EA5E,Environnement Fondation,ONG & Associations,Bassila,+229 71 71 20 63,environnement.fondation@environnement.fondation.org,,PME (10-50),B2C,APIEx,,Actif,2026-06-29T00:15:34.430472,moyenne
BJ-CBAA9EF6,Organisation Droits ONG Bassila,ONG & Associations,Bassila,+229 63 28 24 45,organisation.droits.ong.bassila@organisation.droits.ong.bassila.com,,Grande (>200),B2C,APIEx,,Actif,2026-06-29T00:15:34.430483,moyenne
BJ-51B2F6C4,Enfant,ONG & Associations,Pehunco,+229 85 67 97 26,,,Grande (>200),B2C,APIEx,,Actif,2026-06-29T00:15:34.430499,basse
BJ-2204EF22,Club Aide,ONG & Associations,Pehunco,+229 31 44 17 74,club.aide@club.aide.net,,TPE (<10),B2B,APIEx,,Actif,2026-06-29T00:15:34.430513,moyenne
BJ-B33335D2,Environnement,ONG & Associations,Pehunco,+229 64 73 57 66,environnement@environnement.benin,environnement.bj,PME (10-50),B2B,APIEx,,Actif,2026-06-29T00:15:34.430526,haute
BJ-A025A484,ONG Environnement ONG,ONG & Associations,Pehunco,+229 29 61 92 26,ong.environnement.ong@ong.environnement.ong.benin,,TPE (<10),B2C,APIEx,,Actif,2026-06-29T00:15:34.430537,moyenne
BJ-064BFC81,Sport ONG Pehunco,ONG & Associations,Pehunco,+229 24 66 79 28,,,PME (10-50),B2B,APIEx,,Actif,2026-06-29T00:15:34.430547,basse
BJ-9C612F14,ONG Solidarité,ONG & Associations,Copargo,+229 23 85 60 35,,,Grande (>200),B2C,APIEx,,Actif,2026-06-29T00:15:34.430564,basse
BJ-B930E8A4,Droits Copargo,ONG & Associations,Copargo,+229 29 25 67 68,,droitscopargo.bj,TPE (<10),B2C,APIEx,,Actif,2026-06-29T00:15:34.430575,moyenne
BJ-8522C8CE,Société Enfant International,ONG & Associations,Copargo,+229 72 96 72 47,société.enfant.international@société.enfant.international.com,,PME (50-200),B2B,APIEx,,Actif,2026-06-29T00:15:34.430587,moyenne
BJ-D05B7272,Organisation Environnement Copargo,ONG & Associations,Copargo,+229 26 73 74 28,organisation.environnement.copargo@organisation.environnement.copargo.benin,,TPE (<10),B2B,APIEx,,Actif,2026-06-29T00:15:34.430610,moyenne
BJ-B0994910,SARL Maison Cotonou,BTP & Immobilier,Cotonou,+229 38 92 67 56,,,PME (10-50),B2C,LinkedIn,,Actif,2026-06-29T00:15:34.430628,basse
BJ-DD84B8E6,Bâtiment Services,BTP & Immobilier,Cotonou,+229 28 16 49 55,bâtiment.services@bâtiment.services.org,,TPE (<10),B2B,LinkedIn,,Actif,2026-06-29T00:15:34.430643,moyenne
BJ-85CB9B9A,Architecte Cotonou,BTP & Immobilier,Cotonou,+229 40 37 86 45,architecte.cotonou@architecte.cotonou.org,architectecotonou.bj,PME (50-200),B2C,LinkedIn,,Actif,2026-06-29T00:15:34.430658,haute
BJ-382D1096,Cabinet Construction,BTP & Immobilier,Cotonou,+229 23 25 98 85,,,TPE (<10),B2C,LinkedIn,,Actif,2026-06-29T00:15:34.430681,basse
BJ-E54D5F8B,Groupe Urbanisme Services Abomey-Calavi,BTP & Immobilier,Abomey-Calavi,+229 90 15 21 94,groupe.urbanisme.services.abomeycalavi@groupe.urbanisme.services.abomeycalavi.bj,,TPE (<10),B2C,LinkedIn,,Actif,2026-06-29T00:15:34.430700,moyenne
BJ-EBF1B92F,Cabinet Travaux,BTP & Immobilier,Abomey-Calavi,+229 65 24 30 42,cabinet.travaux@cabinet.travaux.com,,TPE (<10),B2C,LinkedIn,,Actif,2026-06-29T00:15:34.430712,moyenne
BJ-DEB0CE14,Ets Plomberie SARL Abomey-Calavi,BTP & Immobilier,Abomey-Calavi,+229 51 39 97 39,,,Grande (>200),B2C,LinkedIn,,Actif,2026-06-29T00:15:34.430723,basse
BJ-69FD5356,SO Habitat Africa Abomey-Calavi,BTP & Immobilier,Abomey-Calavi,+229 33 54 94 10,so.habitat.africa.abomeycalavi@so.habitat.africa.abomeycalavi.net,,PME (50-200),B2C,LinkedIn,,Actif,2026-06-29T00:15:34.430738,moyenne
BJ-1F8B927E,Bâtiment Groupe Abomey-Calavi,BTP & Immobilier,Abomey-Calavi,+229 94 42 67 81,,bâtimentgroupeabomeycalavi.bj,PME (10-50),B2B,LinkedIn,,Actif,2026-06-29T00:15:34.430750,moyenne
BJ-DE5D1EA4,BTP Fondation,BTP & Immobilier,Porto-Novo,+229 25 66 47 36,btp.fondation@btp.fondation.org,btpfondation.bj,TPE (<10),B2C,LinkedIn,,Actif,2026-06-29T00:15:34.430768,haute
BJ-CC566EFE,Groupe Plomberie SA,BTP & Immobilier,Porto-Novo,+229 39 69 21 97,,groupeplomberiesa.bj,TPE (<10),B2C,LinkedIn,,Actif,2026-06-29T00:15:34.430782,moyenne
BJ-A28B2A0E,Travaux,BTP & Immobilier,Porto-Novo,+229 88 19 91 41,,,Grande (>200),B2B,LinkedIn,,Actif,2026-06-29T00:15:34.430793,basse
BJ-4AE074F1,BTP Construction Services,BTP & Immobilier,Porto-Novo,+229 68 14 94 47,btp.construction.services@btp.construction.services.com,,TPE (<10),B2B,LinkedIn,,Actif,2026-06-29T00:15:34.430805,moyenne
BJ-8BEFBCF1,SCI Travaux Solutions,BTP & Immobilier,Porto-Novo,+229 83 16 78 86,,,TPE (<10),B2C,LinkedIn,,Actif,2026-06-29T00:15:34.430815,basse
BJ-C27F5419,SO Maison,BTP & Immobilier,Parakou,+229 61 25 49 52,,somaison.bj,PME (10-50),B2B,LinkedIn,,Actif,2026-06-29T00:15:34.430831,moyenne
BJ-73C42DE7,Électricité Groupe,BTP & Immobilier,Parakou,+229 36 30 92 43,,,TPE (<10),B2C,LinkedIn,,Actif,2026-06-29T00:15:34.430854,basse
BJ-7E346495,Structure,BTP & Immobilier,Parakou,+229 21 47 30 62,structure@structure.net,structure.bj,PME (50-200),B2C,LinkedIn,,Actif,2026-06-29T00:15:34.430869,haute
BJ-805004FA,Bâtiment Africa Parakou,BTP & Immobilier,Parakou,+229 41 16 77 36,bâtiment.africa.parakou@bâtiment.africa.parakou.com,bâtimentafricaparakou.bj,TPE (<10),B2B,LinkedIn,,Actif,2026-06-29T00:15:34.430882,haute
BJ-3A35B4EA,Ets Architecte Africa,BTP & Immobilier,Bohicon,+229 95 49 97 65,ets.architecte.africa@ets.architecte.africa.org,etsarchitecteafrica.bj,PME (50-200),B2C,LinkedIn,,Actif,2026-06-29T00:15:34.430914,haute
BJ-6B5E9D1E,Bâtiment Solutions,BTP & Immobilier,Bohicon,+229 49 64 89 49,bâtiment.solutions@bâtiment.solutions.net,,PME (10-50),B2C,LinkedIn,,Actif,2026-06-29T00:15:34.430931,moyenne
BJ-39AE8754,SO Architecte,BTP & Immobilier,Bohicon,+229 92 33 91 99,so.architecte@so.architecte.benin,,TPE (<10),B2B,LinkedIn,,Actif,2026-06-29T00:15:34.430944,moyenne
BJ-97B058D7,Cabinet Urbanisme SARL,BTP & Immobilier,Bohicon,+229 47 21 38 83,cabinet.urbanisme.sarl@cabinet.urbanisme.sarl.bj,cabineturbanismesarl.bj,PME (50-200),B2B,LinkedIn,,Actif,2026-06-29T00:15:34.430956,haute
BJ-A9FAE787,Électricité SA,BTP & Immobilier,Bohicon,+229 86 94 23 34,,,PME (50-200),B2B,LinkedIn,,Actif,2026-06-29T00:15:34.430966,basse
BJ-634FFC37,SA Immobilier Africa,BTP & Immobilier,Natitingou,+229 70 19 23 41,sa.immobilier.africa@sa.immobilier.africa.com,,PME (50-200),B2C,LinkedIn,,Actif,2026-06-29T00:15:34.430996,moyenne
BJ-FACDD5C5,SCI Bâtiment,BTP & Immobilier,Natitingou,+229 49 14 14 94,,scibâtiment.bj,PME (10-50),B2C,LinkedIn,,Actif,2026-06-29T00:15:34.431007,moyenne
BJ-56CE3F04,SA Plomberie,BTP & Immobilier,Natitingou,+229 98 65 49 80,sa.plomberie@sa.plomberie.benin,,TPE (<10),B2C,LinkedIn,,Actif,2026-06-29T00:15:34.431029,moyenne
BJ-17DDCFDF,Immobilier SARL,BTP & Immobilier,Lokossa,+229 61 57 18 67,,immobiliersarl.bj,TPE (<10),B2C,LinkedIn,,Actif,2026-06-29T00:15:34.431045,moyenne
BJ-F9259B1A,Cabinet Électricité International Lokossa,BTP & Immobilier,Lokossa,+229 35 22 83 78,cabinet.électricité.international.lokossa@cabinet.électricité.international.lokossa.bj,cabinetélectricitéinternationallokossa.bj,PME (50-200),B2B,LinkedIn,,Actif,2026-06-29T00:15:34.431074,haute
BJ-0157C0B5,Immobilier Services,BTP & Immobilier,Lokossa,+229 57 63 78 60,,immobilierservices.bj,PME (50-200),B2C,LinkedIn,,Actif,2026-06-29T00:15:34.431085,moyenne
BJ-1798AE4C,Béton Solutions,BTP & Immobilier,Lokossa,+229 81 23 63 88,béton.solutions@béton.solutions.benin,bétonsolutions.bj,TPE (<10),B2C,LinkedIn,,Actif,2026-06-29T00:15:34.431098,haute
BJ-1B566C3D,Groupe Construction Africa,BTP & Immobilier,Ouidah,+229 96 89 74 67,groupe.construction.africa@groupe.construction.africa.bj,groupeconstructionafrica.bj,PME (10-50),B2B,LinkedIn,,Actif,2026-06-29T00:15:34.431119,haute
BJ-AC35539B,SO Bâtiment Services,BTP & Immobilier,Ouidah,+229 42 65 72 62,so.bâtiment.services@so.bâtiment.services.bj,,PME (10-50),B2B,LinkedIn,,Actif,2026-06-29T00:15:34.431134,moyenne
BJ-3C3B4CCC,Groupe Travaux,BTP & Immobilier,Ouidah,+229 60 67 39 74,groupe.travaux@groupe.travaux.org,,TPE (<10),B2B,LinkedIn,,Actif,2026-06-29T00:15:34.431158,moyenne
BJ-A7398AA6,Structure Ouidah,BTP & Immobilier,Ouidah,+229 97 40 78 11,structure.ouidah@structure.ouidah.benin,,PME (10-50),B2B,LinkedIn,,Actif,2026-06-29T00:15:34.431169,moyenne
BJ-EE30AD88,Cabinet Urbanisme SARL,BTP & Immobilier,Savalou,+229 73 90 97 64,,cabineturbanismesarl.bj,PME (10-50),B2C,LinkedIn,,Actif,2026-06-29T00:15:34.431186,moyenne
BJ-FD188B3F,SCI Ingénierie Groupe,BTP & Immobilier,Savalou,+229 45 92 62 24,,,PME (10-50),B2B,LinkedIn,,Actif,2026-06-29T00:15:34.431199,basse
BJ-3CAADFAE,SCI Toiture Cabinet,BTP & Immobilier,Savalou,+229 23 95 37 11,sci.toiture.cabinet@sci.toiture.cabinet.bj,,PME (10-50),B2C,LinkedIn,,Actif,2026-06-29T00:15:34.431211,moyenne
BJ-5289C4B5,SARL Travaux,BTP & Immobilier,Savalou,+229 63 19 31 46,,sarltravaux.bj,Grande (>200),B2C,LinkedIn,,Actif,2026-06-29T00:15:34.431222,moyenne
BJ-7F5303A4,SCI Habitat Ets,BTP & Immobilier,Dassa-Zoumè,+229 23 26 71 88,,scihabitatets.bj,TPE (<10),B2C,LinkedIn,,Actif,2026-06-29T00:15:34.431249,moyenne
BJ-9A01F11C,Architecte Bénin,BTP & Immobilier,Dassa-Zoumè,+229 24 62 58 48,,,TPE (<10),B2C,LinkedIn,,Actif,2026-06-29T00:15:34.431259,basse
BJ-DA22AB31,BTP Travaux,BTP & Immobilier,Dassa-Zoumè,+229 78 95 17 62,btp.travaux@btp.travaux.com,btptravaux.bj,PME (50-200),B2B,LinkedIn,,Actif,2026-06-29T00:15:34.431271,haute
BJ-FD69F1E9,SA Maison Africa,BTP & Immobilier,Dassa-Zoumè,+229 54 24 92 36,sa.maison.africa@sa.maison.africa.net,,Grande (>200),B2B,LinkedIn,,Actif,2026-06-29T00:15:34.431282,moyenne
BJ-EDAA83BC,Structure Cabinet,BTP & Immobilier,Dassa-Zoumè,+229 26 22 61 70,structure.cabinet@structure.cabinet.com,structurecabinet.bj,TPE (<10),B2B,LinkedIn,,Actif,2026-06-29T00:15:34.431298,haute
BJ-8447F020,Cabinet Ingénierie Bénin Kétou,BTP & Immobilier,Kétou,+229 61 55 77 51,cabinet.ingénierie.bénin.kétou@cabinet.ingénierie.bénin.kétou.benin,cabinetingénieriebéninkétou.bj,PME (10-50),B2B,LinkedIn,,Actif,2026-06-29T00:15:34.431321,haute
BJ-5B20959B,Plomberie,BTP & Immobilier,Kétou,+229 29 38 44 13,plomberie@plomberie.org,plomberie.bj,PME (50-200),B2B,LinkedIn,,Actif,2026-06-29T00:15:34.431337,haute
BJ-424F22FD,Fondation SARL Kétou,BTP & Immobilier,Kétou,+229 94 24 34 29,fondation.sarl.kétou@fondation.sarl.kétou.org,,PME (10-50),B2C,LinkedIn,,Actif,2026-06-29T00:15:34.431350,moyenne
BJ-1F2BD32F,Architecte Solutions,BTP & Immobilier,Kétou,+229 21 23 22 82,,architectesolutions.bj,TPE (<10),B2B,LinkedIn,,Actif,2026-06-29T00:15:34.431361,moyenne
BJ-215EFF3A,Bâtiment Kétou,BTP & Immobilier,Kétou,+229 77 34 68 11,bâtiment.kétou@bâtiment.kétou.bj,,TPE (<10),B2C,LinkedIn,,Actif,2026-06-29T00:15:34.431373,moyenne
BJ-4E9EE7A3,Bâtiment Solutions,BTP & Immobilier,Covè,+229 63 59 52 11,bâtiment.solutions@bâtiment.solutions.net,bâtimentsolutions.bj,Grande (>200),B2C,LinkedIn,,Actif,2026-06-29T00:15:34.431404,haute
BJ-8CD07F3B,Cabinet Habitat SA,BTP & Immobilier,Covè,+229 52 71 24 34,cabinet.habitat.sa@cabinet.habitat.sa.org,,PME (50-200),B2C,LinkedIn,,Actif,2026-06-29T00:15:34.431424,moyenne
BJ-A6845E72,Structure Solutions,BTP & Immobilier,Covè,+229 34 94 73 53,,,PME (10-50),B2B,LinkedIn,,Actif,2026-06-29T00:15:34.431442,basse
BJ-D16EC0E1,Ets Habitat,BTP & Immobilier,Covè,+229 25 29 12 25,,etshabitat.bj,TPE (<10),B2B,LinkedIn,,Actif,2026-06-29T00:15:34.431464,moyenne
BJ-5E56E3FA,Urbanisme SA,BTP & Immobilier,Pobè,+229 38 32 44 68,,urbanismesa.bj,PME (10-50),B2B,LinkedIn,,Actif,2026-06-29T00:15:34.431522,moyenne
BJ-8CF2333D,SO Habitat International,BTP & Immobilier,Pobè,+229 98 10 92 14,so.habitat.international@so.habitat.international.benin,,PME (10-50),B2B,LinkedIn,,Actif,2026-06-29T00:15:34.431559,moyenne
BJ-2573151C,SARL Structure Africa Pobè,BTP & Immobilier,Pobè,+229 41 67 80 14,sarl.structure.africa.pobè@sarl.structure.africa.pobè.org,,Grande (>200),B2B,LinkedIn,,Actif,2026-06-29T00:15:34.431586,moyenne
BJ-30829188,SCI Travaux SARL Pobè,BTP & Immobilier,Pobè,+229 46 58 97 11,,scitravauxsarlpobè.bj,PME (10-50),B2C,LinkedIn,,Actif,2026-06-29T00:15:34.431606,moyenne
BJ-78FED9F2,Toiture SARL,BTP & Immobilier,Pobè,+229 53 22 95 70,,toituresarl.bj,TPE (<10),B2C,LinkedIn,,Actif,2026-06-29T00:15:34.431628,moyenne
BJ-359AE59F,BTP Béton Bénin,BTP & Immobilier,Sakété,+229 48 69 14 38,,,PME (10-50),B2B,LinkedIn,,Actif,2026-06-29T00:15:34.431661,basse
BJ-8AAE7CFB,SA Habitat Services Sakété,BTP & Immobilier,Sakété,+229 39 52 70 51,sa.habitat.services.sakété@sa.habitat.services.sakété.net,sahabitatservicessakété.bj,PME (50-200),B2C,LinkedIn,,Actif,2026-06-29T00:15:34.431684,haute
BJ-04F89945,Groupe Architecte Solutions,BTP & Immobilier,Sakété,+229 43 42 72 48,,,TPE (<10),B2B,LinkedIn,,Actif,2026-06-29T00:15:34.431708,basse
BJ-D8783B8C,SA Structure Cabinet Sakété,BTP & Immobilier,Sakété,+229 85 61 61 62,,,PME (50-200),B2B,LinkedIn,,Actif,2026-06-29T00:15:34.431731,basse
BJ-1A383B7B,Groupe Habitat SA,BTP & Immobilier,Sakété,+229 53 65 30 20,,groupehabitatsa.bj,PME (10-50),B2C,LinkedIn,,Actif,2026-06-29T00:15:34.431753,moyenne
BJ-9A3F8887,Toiture Bénin,BTP & Immobilier,Adjara,+229 37 47 45 26,toiture.bénin@toiture.bénin.org,toiturebénin.bj,TPE (<10),B2C,LinkedIn,,Actif,2026-06-29T00:15:34.431787,haute
BJ-3077F465,Cabinet Plomberie Bénin,BTP & Immobilier,Adjara,+229 73 33 46 19,cabinet.plomberie.bénin@cabinet.plomberie.bénin.org,cabinetplomberiebénin.bj,PME (10-50),B2C,LinkedIn,,Actif,2026-06-29T00:15:34.431813,haute
BJ-D6D8A75E,SARL Construction,BTP & Immobilier,Adjara,+229 51 17 88 73,sarl.construction@sarl.construction.net,sarlconstruction.bj,TPE (<10),B2C,LinkedIn,,Actif,2026-06-29T00:15:34.431855,haute
BJ-2FB67096,SO Construction Services,BTP & Immobilier,Adjara,+229 57 26 78 36,so.construction.services@so.construction.services.bj,soconstructionservices.bj,PME (50-200),B2B,LinkedIn,,Actif,2026-06-29T00:15:34.431878,haute
BJ-348B2EB6,Urbanisme SA,BTP & Immobilier,Allada,+229 52 21 51 98,,,TPE (<10),B2B,LinkedIn,,Actif,2026-06-29T00:15:34.431934,basse
BJ-481251E2,Bâtiment International,BTP & Immobilier,Allada,+229 90 82 88 74,bâtiment.international@bâtiment.international.net,,TPE (<10),B2C,LinkedIn,,Actif,2026-06-29T00:15:34.431962,moyenne
BJ-1F42F4C8,Immobilier Allada,BTP & Immobilier,Allada,+229 83 46 81 73,immobilier.allada@immobilier.allada.bj,immobilierallada.bj,PME (10-50),B2C,LinkedIn,,Actif,2026-06-29T00:15:34.431990,haute
BJ-CBC82C67,SCI Architecte Solutions,BTP & Immobilier,Allada,+229 50 58 70 76,sci.architecte.solutions@sci.architecte.solutions.com,,Grande (>200),B2C,LinkedIn,,Actif,2026-06-29T00:15:34.432009,moyenne
BJ-C6937318,Groupe Électricité,BTP & Immobilier,Aplahoué,+229 29 56 32 95,groupe.électricité@groupe.électricité.benin,,PME (10-50),B2B,LinkedIn,,Actif,2026-06-29T00:15:34.432074,moyenne
BJ-F5FF9E29,SO Plomberie,BTP & Immobilier,Aplahoué,+229 29 74 11 18,,,PME (10-50),B2C,LinkedIn,,Actif,2026-06-29T00:15:34.432109,basse
BJ-23C98C66,Habitat,BTP & Immobilier,Aplahoué,+229 28 95 96 18,,,PME (10-50),B2C,LinkedIn,,Actif,2026-06-29T00:15:34.432138,basse
BJ-52215AA5,Architecte,BTP & Immobilier,Aplahoué,+229 25 52 48 62,architecte@architecte.benin,architecte.bj,PME (10-50),B2B,LinkedIn,,Actif,2026-06-29T00:15:34.432170,haute
BJ-5670C3F3,BTP Structure Africa Dogbo-Tota,BTP & Immobilier,Dogbo-Tota,+229 33 69 21 70,btp.structure.africa.dogbotota@btp.structure.africa.dogbotota.org,,PME (10-50),B2B,LinkedIn,,Actif,2026-06-29T00:15:34.432239,moyenne
BJ-198AD351,Fondation Cabinet Dogbo-Tota,BTP & Immobilier,Dogbo-Tota,+229 35 16 34 61,fondation.cabinet.dogbotota@fondation.cabinet.dogbotota.bj,fondationcabinetdogbotota.bj,PME (10-50),B2C,LinkedIn,,Actif,2026-06-29T00:15:34.432271,haute
BJ-3BFBD8B1,Ets Travaux,BTP & Immobilier,Dogbo-Tota,+229 94 34 98 27,,,PME (10-50),B2C,LinkedIn,,Actif,2026-06-29T00:15:34.432290,basse
BJ-041BAE7C,Urbanisme Ets,BTP & Immobilier,Dogbo-Tota,+229 80 29 29 13,,,PME (50-200),B2B,LinkedIn,,Actif,2026-06-29T00:15:34.432314,basse
BJ-36F1BAA1,SCI Bâtiment International,BTP & Immobilier,Dogbo-Tota,+229 20 48 60 49,sci.bâtiment.international@sci.bâtiment.international.benin,scibâtimentinternational.bj,PME (10-50),B2C,LinkedIn,,Actif,2026-06-29T00:15:34.432347,haute
BJ-0DE0251B,Fondation SARL,BTP & Immobilier,Kpomassè,+229 24 43 17 84,fondation.sarl@fondation.sarl.com,,PME (50-200),B2C,LinkedIn,,Actif,2026-06-29T00:15:34.432383,moyenne
BJ-F8B6AAD9,Groupe Bâtiment Services Kpomassè,BTP & Immobilier,Kpomassè,+229 30 94 93 42,,groupebâtimentserviceskpomassè.bj,Grande (>200),B2C,LinkedIn,,Actif,2026-06-29T00:15:34.432417,moyenne
BJ-F70F4902,Ets Habitat Services,BTP & Immobilier,Kpomassè,+229 32 85 10 65,ets.habitat.services@ets.habitat.services.benin,,TPE (<10),B2B,LinkedIn,,Actif,2026-06-29T00:15:34.432474,moyenne
BJ-363E08FE,SCI Architecte Groupe Kpomassè,BTP & Immobilier,Kpomassè,+229 95 35 56 78,,sciarchitectegroupekpomassè.bj,PME (50-200),B2B,LinkedIn,,Actif,2026-06-29T00:15:34.432505,moyenne
BJ-C02B4AD5,Plomberie Cabinet,BTP & Immobilier,Tori-Bossito,+229 35 95 43 23,plomberie.cabinet@plomberie.cabinet.net,,TPE (<10),B2C,LinkedIn,,Actif,2026-06-29T00:15:34.432587,moyenne
BJ-61CD19D2,Béton Solutions,BTP & Immobilier,Tori-Bossito,+229 81 63 54 63,béton.solutions@béton.solutions.benin,,PME (50-200),B2C,LinkedIn,,Actif,2026-06-29T00:15:34.432665,moyenne
BJ-72828DF0,Fondation,BTP & Immobilier,Grand-Popo,+229 80 31 77 62,fondation@fondation.benin,,PME (50-200),B2C,LinkedIn,,Actif,2026-06-29T00:15:34.432705,moyenne
BJ-865A5260,Électricité International,BTP & Immobilier,Grand-Popo,+229 40 15 79 22,,électricitéinternational.bj,TPE (<10),B2C,LinkedIn,,Actif,2026-06-29T00:15:34.432742,moyenne
BJ-2D650F29,SCI Fondation Ets,BTP & Immobilier,Grand-Popo,+229 60 95 55 26,,scifondationets.bj,PME (10-50),B2C,LinkedIn,,Actif,2026-06-29T00:15:34.432772,moyenne
BJ-5308F929,SCI Électricité Cabinet Grand-Popo,BTP & Immobilier,Grand-Popo,+229 38 58 86 68,,,TPE (<10),B2B,LinkedIn,,Actif,2026-06-29T00:15:34.432797,basse
BJ-E3517195,Construction SARL,BTP & Immobilier,Grand-Popo,+229 54 53 61 40,,constructionsarl.bj,PME (50-200),B2B,LinkedIn,,Actif,2026-06-29T00:15:34.432818,moyenne
BJ-BB58165B,Groupe Construction Athiémé,BTP & Immobilier,Athiémé,+229 44 42 79 35,groupe.construction.athiémé@groupe.construction.athiémé.net,groupeconstructionathiémé.bj,TPE (<10),B2C,LinkedIn,,Actif,2026-06-29T00:15:34.432855,haute
BJ-08394346,Structure Cabinet,BTP & Immobilier,Athiémé,+229 76 37 83 74,,,PME (50-200),B2B,LinkedIn,,Actif,2026-06-29T00:15:34.432874,basse
BJ-16176E72,SARL Travaux,BTP & Immobilier,Athiémé,+229 81 49 17 67,sarl.travaux@sarl.travaux.org,sarltravaux.bj,PME (50-200),B2C,LinkedIn,,Actif,2026-06-29T00:15:34.432909,haute
BJ-8512380E,SARL Toiture Groupe,BTP & Immobilier,Athiémé,+229 23 44 30 56,,,Grande (>200),B2B,LinkedIn,,Actif,2026-06-29T00:15:34.432937,basse
BJ-F0093B03,SCI Structure Cabinet,BTP & Immobilier,Athiémé,+229 59 68 74 46,sci.structure.cabinet@sci.structure.cabinet.com,scistructurecabinet.bj,TPE (<10),B2B,LinkedIn,,Actif,2026-06-29T00:15:34.432960,haute
BJ-BCF6C46E,Construction,BTP & Immobilier,Bopa,+229 37 32 33 91,construction@construction.com,construction.bj,TPE (<10),B2C,LinkedIn,,Actif,2026-06-29T00:15:34.432993,haute
BJ-FB502890,Béton Groupe,BTP & Immobilier,Bopa,+229 84 99 56 52,béton.groupe@béton.groupe.net,,PME (10-50),B2C,LinkedIn,,Actif,2026-06-29T00:15:34.433024,moyenne
BJ-538272D3,Maison Ets Bopa,BTP & Immobilier,Bopa,+229 58 70 91 65,maison.ets.bopa@maison.ets.bopa.benin,maisonetsbopa.bj,PME (50-200),B2B,LinkedIn,,Actif,2026-06-29T00:15:34.433049,haute
BJ-09DCDE03,Cabinet Plomberie,BTP & Immobilier,Bopa,+229 33 50 44 81,,,TPE (<10),B2C,LinkedIn,,Actif,2026-06-29T00:15:34.433074,basse
BJ-AD763E72,Urbanisme,BTP & Immobilier,Bopa,+229 45 45 80 23,urbanisme@urbanisme.benin,urbanisme.bj,TPE (<10),B2B,LinkedIn,,Actif,2026-06-29T00:15:34.433096,haute
BJ-AB00E79A,Fondation,BTP & Immobilier,Houéyogbé,+229 50 29 11 46,fondation@fondation.com,,PME (10-50),B2B,LinkedIn,,Actif,2026-06-29T00:15:34.433132,moyenne
BJ-78662ED2,SARL Structure International,BTP & Immobilier,Houéyogbé,+229 54 25 57 35,sarl.structure.international@sarl.structure.international.org,sarlstructureinternational.bj,PME (50-200),B2C,LinkedIn,,Actif,2026-06-29T00:15:34.433164,haute
BJ-A3289596,Habitat Africa,BTP & Immobilier,Houéyogbé,+229 25 34 16 14,habitat.africa@habitat.africa.org,habitatafrica.bj,TPE (<10),B2B,LinkedIn,,Actif,2026-06-29T00:15:34.433200,haute
BJ-777A357F,SA Ingénierie Cabinet Houéyogbé,BTP & Immobilier,Houéyogbé,+229 94 48 86 23,,saingénieriecabinethouéyogbé.bj,PME (10-50),B2C,LinkedIn,,Actif,2026-06-29T00:15:34.433229,moyenne
BJ-540AF098,SA Ingénierie,BTP & Immobilier,Houéyogbé,+229 74 38 84 20,,saingénierie.bj,TPE (<10),B2B,LinkedIn,,Actif,2026-06-29T00:15:34.433257,moyenne
BJ-4CB17D57,SA Structure Groupe Malanville,BTP & Immobilier,Malanville,+229 52 17 17 28,,,Grande (>200),B2C,LinkedIn,,Actif,2026-06-29T00:15:34.433318,basse
BJ-9FC48BE6,BTP Architecte Groupe,BTP & Immobilier,Malanville,+229 84 67 76 43,btp.architecte.groupe@btp.architecte.groupe.net,,TPE (<10),B2B,LinkedIn,,Actif,2026-06-29T00:15:34.433351,moyenne
BJ-4164051E,SA Architecte,BTP & Immobilier,Malanville,+229 73 13 91 69,,saarchitecte.bj,TPE (<10),B2C,LinkedIn,,Actif,2026-06-29T00:15:34.433383,moyenne
BJ-5E5385F4,Fondation Malanville,BTP & Immobilier,Malanville,+229 86 38 60 55,fondation.malanville@fondation.malanville.bj,,TPE (<10),B2B,LinkedIn,,Actif,2026-06-29T00:15:34.433420,moyenne
BJ-F60A1293,SO Plomberie,BTP & Immobilier,Malanville,+229 83 90 77 83,,soplomberie.bj,PME (10-50),B2B,LinkedIn,,Actif,2026-06-29T00:15:34.433451,moyenne
BJ-4EA409D7,Ets Construction Solutions,BTP & Immobilier,Kandi,+229 65 82 40 18,ets.construction.solutions@ets.construction.solutions.benin,,Grande (>200),B2B,LinkedIn,,Actif,2026-06-29T00:15:34.433500,moyenne
BJ-263B676F,Béton,BTP & Immobilier,Kandi,+229 39 54 31 38,béton@béton.net,béton.bj,Grande (>200),B2B,LinkedIn,,Actif,2026-06-29T00:15:34.433524,haute
BJ-7721763C,Électricité,BTP & Immobilier,Kandi,+229 43 29 30 29,,électricité.bj,TPE (<10),B2C,LinkedIn,,Actif,2026-06-29T00:15:34.433546,moyenne
BJ-A28606F7,SO Travaux SA Kandi,BTP & Immobilier,Kandi,+229 62 44 96 74,,,PME (10-50),B2C,LinkedIn,,Actif,2026-06-29T00:15:34.433575,basse
BJ-E8507F1E,Maison Bénin,BTP & Immobilier,Kandi,+229 64 11 17 79,,,PME (50-200),B2C,LinkedIn,,Actif,2026-06-29T00:15:34.433594,basse
BJ-B4B93766,SO Fondation,BTP & Immobilier,Banikoara,+229 59 10 47 80,so.fondation@so.fondation.bj,,PME (10-50),B2C,LinkedIn,,Actif,2026-06-29T00:15:34.433644,moyenne
BJ-9D0199D9,Urbanisme Cabinet Banikoara,BTP & Immobilier,Banikoara,+229 35 40 20 18,,,PME (50-200),B2B,LinkedIn,,Actif,2026-06-29T00:15:34.433708,basse
BJ-9A531E53,SA Plomberie Cabinet,BTP & Immobilier,Banikoara,+229 46 87 34 83,,saplomberiecabinet.bj,PME (50-200),B2C,LinkedIn,,Actif,2026-06-29T00:15:34.433726,moyenne
BJ-C4C304F6,Groupe Immobilier Services,BTP & Immobilier,Ségbana,+229 70 49 60 75,groupe.immobilier.services@groupe.immobilier.services.benin,,PME (10-50),B2B,LinkedIn,,Actif,2026-06-29T00:15:34.433761,moyenne
BJ-0CBAF120,Ets Construction SA,BTP & Immobilier,Ségbana,+229 97 28 43 94,ets.construction.sa@ets.construction.sa.org,etsconstructionsa.bj,PME (10-50),B2C,LinkedIn,,Actif,2026-06-29T00:15:34.433825,haute
BJ-9C555E1C,Ets Béton Groupe,BTP & Immobilier,Ségbana,+229 57 51 24 98,,etsbétongroupe.bj,Grande (>200),B2B,LinkedIn,,Actif,2026-06-29T00:15:34.433881,moyenne
BJ-B474CC78,Groupe Béton Karimama,BTP & Immobilier,Karimama,+229 91 12 90 17,groupe.béton.karimama@groupe.béton.karimama.org,groupebétonkarimama.bj,TPE (<10),B2B,LinkedIn,,Actif,2026-06-29T00:15:34.433937,haute
BJ-43796A57,SO Structure Solutions,BTP & Immobilier,Karimama,+229 76 69 56 41,so.structure.solutions@so.structure.solutions.org,,PME (50-200),B2B,LinkedIn,,Actif,2026-06-29T00:15:34.433971,moyenne
BJ-19C4C5E4,Immobilier,BTP & Immobilier,Karimama,+229 27 20 90 99,,immobilier.bj,PME (10-50),B2B,LinkedIn,,Actif,2026-06-29T00:15:34.434016,moyenne
BJ-5A084217,Immobilier Karimama,BTP & Immobilier,Karimama,+229 42 80 86 98,immobilier.karimama@immobilier.karimama.org,,PME (10-50),B2B,LinkedIn,,Actif,2026-06-29T00:15:34.434057,moyenne
BJ-AD31D299,Toiture,BTP & Immobilier,Gogounou,+229 98 22 21 10,toiture@toiture.net,toiture.bj,PME (50-200),B2C,LinkedIn,,Actif,2026-06-29T00:15:34.434111,haute
BJ-5E846FB6,SO Ingénierie Bénin,BTP & Immobilier,Gogounou,+229 43 12 44 58,,soingénieriebénin.bj,TPE (<10),B2B,LinkedIn,,Actif,2026-06-29T00:15:34.434147,moyenne
BJ-4A6953C6,Architecte Africa Gogounou,BTP & Immobilier,Gogounou,+229 26 85 15 61,architecte.africa.gogounou@architecte.africa.gogounou.org,architecteafricagogounou.bj,Grande (>200),B2B,LinkedIn,,Actif,2026-06-29T00:15:34.434190,haute
BJ-C435A374,Construction Gogounou,BTP & Immobilier,Gogounou,+229 73 81 73 50,construction.gogounou@construction.gogounou.benin,constructiongogounou.bj,PME (10-50),B2B,LinkedIn,,Actif,2026-06-29T00:15:34.434231,haute
BJ-F0E84F10,Urbanisme SARL,BTP & Immobilier,Gogounou,+229 50 99 11 58,urbanisme.sarl@urbanisme.sarl.org,urbanismesarl.bj,TPE (<10),B2C,LinkedIn,,Actif,2026-06-29T00:15:34.434264,haute
BJ-BA945BFC,Ets Bâtiment Bénin,BTP & Immobilier,Cobly,+229 49 95 19 14,ets.bâtiment.bénin@ets.bâtiment.bénin.bj,,PME (10-50),B2B,LinkedIn,,Actif,2026-06-29T00:15:34.434310,moyenne
BJ-A662B053,Cabinet Béton Africa,BTP & Immobilier,Cobly,+229 88 33 34 59,cabinet.béton.africa@cabinet.béton.africa.org,cabinetbétonafrica.bj,TPE (<10),B2B,LinkedIn,,Actif,2026-06-29T00:15:34.434340,haute
BJ-01A617EF,Maison,BTP & Immobilier,Cobly,+229 27 81 30 87,maison@maison.net,maison.bj,PME (50-200),B2C,LinkedIn,,Actif,2026-06-29T00:15:34.434371,haute
BJ-035D2DC0,SA Construction,BTP & Immobilier,Cobly,+229 58 67 27 23,sa.construction@sa.construction.org,,TPE (<10),B2B,LinkedIn,,Actif,2026-06-29T00:15:34.434386,moyenne
BJ-934E55B1,BTP Travaux,BTP & Immobilier,Cobly,+229 80 32 87 65,btp.travaux@btp.travaux.com,,TPE (<10),B2B,LinkedIn,,Actif,2026-06-29T00:15:34.434399,moyenne
BJ-8B421AA8,Fondation,BTP & Immobilier,Tanguiéta,+229 58 42 79 38,fondation@fondation.org,fondation.bj,PME (10-50),B2B,LinkedIn,,Actif,2026-06-29T00:15:34.434422,haute
BJ-5863C8FC,SO Bâtiment Africa,BTP & Immobilier,Tanguiéta,+229 69 32 75 70,so.bâtiment.africa@so.bâtiment.africa.org,sobâtimentafrica.bj,PME (10-50),B2C,LinkedIn,,Actif,2026-06-29T00:15:34.434465,haute
BJ-753D4CFC,SCI Immobilier Services,BTP & Immobilier,Tanguiéta,+229 98 30 77 81,,,PME (10-50),B2B,LinkedIn,,Actif,2026-06-29T00:15:34.434497,basse
BJ-9F06C784,Groupe Maison Africa Tanguiéta,BTP & Immobilier,Tanguiéta,+229 66 27 74 55,groupe.maison.africa.tanguiéta@groupe.maison.africa.tanguiéta.net,,PME (10-50),B2C,LinkedIn,,Actif,2026-06-29T00:15:34.434538,moyenne
BJ-B63BEEE9,Ingénierie SARL,BTP & Immobilier,Tanguiéta,+229 65 14 16 10,ingénierie.sarl@ingénierie.sarl.org,,PME (10-50),B2C,LinkedIn,,Actif,2026-06-29T00:15:34.434566,moyenne
BJ-E8089F4A,SARL Toiture SARL,BTP & Immobilier,Matéri,+229 89 68 48 89,sarl.toiture.sarl@sarl.toiture.sarl.benin,sarltoituresarl.bj,PME (10-50),B2C,LinkedIn,,Actif,2026-06-29T00:15:34.434604,haute
BJ-DB8BAD5A,Cabinet Architecte,BTP & Immobilier,Matéri,+229 84 98 99 78,,cabinetarchitecte.bj,TPE (<10),B2C,LinkedIn,,Actif,2026-06-29T00:15:34.434643,moyenne
BJ-E4AB546F,Habitat Matéri,BTP & Immobilier,Matéri,+229 74 76 48 34,habitat.matéri@habitat.matéri.org,,Grande (>200),B2B,LinkedIn,,Actif,2026-06-29T00:15:34.434676,moyenne
BJ-25957718,SO Architecte,BTP & Immobilier,Matéri,+229 25 36 58 10,so.architecte@so.architecte.benin,,Grande (>200),B2B,LinkedIn,,Actif,2026-06-29T00:15:34.434703,moyenne
BJ-A631E89A,Cabinet Travaux,BTP & Immobilier,Matéri,+229 87 43 95 61,,cabinettravaux.bj,PME (10-50),B2C,LinkedIn,,Actif,2026-06-29T00:15:34.434729,moyenne
BJ-CE9A0315,SO Travaux,BTP & Immobilier,Natitingou,+229 55 22 16 14,,,TPE (<10),B2B,LinkedIn,,Actif,2026-06-29T00:15:34.434765,basse
BJ-D90924E4,Immobilier Ets,BTP & Immobilier,Natitingou,+229 59 35 16 23,,,TPE (<10),B2B,LinkedIn,,Actif,2026-06-29T00:15:34.434791,basse
BJ-CDEA4DD9,SARL Urbanisme Cabinet,BTP & Immobilier,Natitingou,+229 25 39 41 43,sarl.urbanisme.cabinet@sarl.urbanisme.cabinet.benin,sarlurbanismecabinet.bj,PME (10-50),B2C,LinkedIn,,Actif,2026-06-29T00:15:34.434819,haute
BJ-3B1D72A6,Cabinet Électricité SARL,BTP & Immobilier,Natitingou,+229 85 41 97 24,cabinet.électricité.sarl@cabinet.électricité.sarl.net,cabinetélectricitésarl.bj,PME (10-50),B2B,LinkedIn,,Actif,2026-06-29T00:15:34.434850,haute
BJ-D514AD20,Cabinet Fondation Services,BTP & Immobilier,Toucountouna,+229 85 85 59 78,,,TPE (<10),B2C,LinkedIn,,Actif,2026-06-29T00:15:34.434930,basse
BJ-E20E0CB5,Structure,BTP & Immobilier,Toucountouna,+229 28 45 45 98,,structure.bj,TPE (<10),B2B,LinkedIn,,Actif,2026-06-29T00:15:34.434961,moyenne
BJ-C8B7065F,Cabinet Maison Toucountouna,BTP & Immobilier,Toucountouna,+229 95 21 55 61,,cabinetmaisontoucountouna.bj,TPE (<10),B2C,LinkedIn,,Actif,2026-06-29T00:15:34.434994,moyenne
BJ-43381243,SARL Plomberie Ets,BTP & Immobilier,Toucountouna,+229 99 61 64 25,,sarlplomberieets.bj,PME (10-50),B2B,LinkedIn,,Actif,2026-06-29T00:15:34.435022,moyenne
BJ-9DCD47BE,SARL Construction Groupe,BTP & Immobilier,Toucountouna,+229 42 22 20 43,,,TPE (<10),B2B,LinkedIn,,Actif,2026-06-29T00:15:34.435046,basse
BJ-7388E4DA,Construction Africa Boukoumbé,BTP & Immobilier,Boukoumbé,+229 23 72 14 61,,constructionafricaboukoumbé.bj,TPE (<10),B2B,LinkedIn,,Actif,2026-06-29T00:15:34.435112,moyenne
BJ-8FE42F4A,Structure Boukoumbé,BTP & Immobilier,Boukoumbé,+229 67 98 66 72,structure.boukoumbé@structure.boukoumbé.net,structureboukoumbé.bj,PME (10-50),B2C,LinkedIn,,Actif,2026-06-29T00:15:34.435141,haute
BJ-D503D24B,Électricité International,BTP & Immobilier,Boukoumbé,+229 29 79 78 53,électricité.international@électricité.international.net,électricitéinternational.bj,TPE (<10),B2B,LinkedIn,,Actif,2026-06-29T00:15:34.435178,haute
BJ-627913EE,SO Travaux,BTP & Immobilier,Boukoumbé,+229 48 19 64 32,,sotravaux.bj,PME (10-50),B2B,LinkedIn,,Actif,2026-06-29T00:15:34.435218,moyenne
BJ-832FEF06,Travaux,BTP & Immobilier,Kouandé,+229 39 58 23 66,travaux@travaux.com,,PME (10-50),B2C,LinkedIn,,Actif,2026-06-29T00:15:34.435263,moyenne
BJ-B3E59B37,Habitat Cabinet Kouandé,BTP & Immobilier,Kouandé,+229 92 50 16 67,habitat.cabinet.kouandé@habitat.cabinet.kouandé.net,,Grande (>200),B2C,LinkedIn,,Actif,2026-06-29T00:15:34.435284,moyenne
BJ-2B2E9883,Cabinet Électricité International,BTP & Immobilier,Kouandé,+229 36 83 56 47,cabinet.électricité.international@cabinet.électricité.international.net,cabinetélectricitéinternational.bj,PME (10-50),B2C,LinkedIn,,Actif,2026-06-29T00:15:34.435299,haute
BJ-E320D378,Ets Béton Kouandé,BTP & Immobilier,Kouandé,+229 43 94 47 94,,,PME (10-50),B2C,LinkedIn,,Actif,2026-06-29T00:15:34.435325,basse
BJ-4A8202AB,Ets Immobilier Groupe,BTP & Immobilier,Péhunco,+229 74 81 46 70,,,TPE (<10),B2B,LinkedIn,,Actif,2026-06-29T00:15:34.435344,basse
BJ-D0834AB6,Construction Groupe Péhunco,BTP & Immobilier,Péhunco,+229 54 36 70 97,,constructiongroupepéhunco.bj,TPE (<10),B2B,LinkedIn,,Actif,2026-06-29T00:15:34.435357,moyenne
BJ-E6BAD927,Cabinet Immobilier SARL Péhunco,BTP & Immobilier,Péhunco,+229 51 72 23 34,cabinet.immobilier.sarl.péhunco@cabinet.immobilier.sarl.péhunco.org,cabinetimmobiliersarlpéhunco.bj,TPE (<10),B2C,LinkedIn,,Actif,2026-06-29T00:15:34.435372,haute
BJ-BB040FD8,SA Architecte SA,BTP & Immobilier,Péhunco,+229 69 49 77 68,,saarchitectesa.bj,PME (10-50),B2C,LinkedIn,,Actif,2026-06-29T00:15:34.435383,moyenne
BJ-7ADDA470,Architecte Péhunco,BTP & Immobilier,Péhunco,+229 33 78 21 96,architecte.péhunco@architecte.péhunco.benin,architectepéhunco.bj,TPE (<10),B2B,LinkedIn,,Actif,2026-06-29T00:15:34.435396,haute
BJ-44AAD620,Groupe Électricité SA,BTP & Immobilier,Tchaourou,+229 72 38 54 39,groupe.électricité.sa@groupe.électricité.sa.bj,,PME (10-50),B2C,LinkedIn,,Actif,2026-06-29T00:15:34.435415,moyenne
BJ-49BE6F7C,Cabinet Construction,BTP & Immobilier,Tchaourou,+229 58 13 25 74,,cabinetconstruction.bj,PME (10-50),B2B,LinkedIn,,Actif,2026-06-29T00:15:34.435432,moyenne
BJ-9C0B6243,Cabinet Béton,BTP & Immobilier,Tchaourou,+229 26 49 16 70,cabinet.béton@cabinet.béton.net,,TPE (<10),B2B,LinkedIn,,Actif,2026-06-29T00:15:34.435446,moyenne
BJ-6D302EFB,Fondation,BTP & Immobilier,Tchaourou,+229 70 49 31 53,,,PME (10-50),B2B,LinkedIn,,Actif,2026-06-29T00:15:34.435457,basse
BJ-C7D51F0E,Fondation Groupe,BTP & Immobilier,Tchaourou,+229 22 77 88 21,,fondationgroupe.bj,PME (50-200),B2B,LinkedIn,,Actif,2026-06-29T00:15:34.435468,moyenne
BJ-C109C9DC,Électricité Nikki,BTP & Immobilier,Nikki,+229 55 90 85 46,,,PME (10-50),B2C,LinkedIn,,Actif,2026-06-29T00:15:34.435486,basse
BJ-2F240819,Ets Plomberie Africa,BTP & Immobilier,Nikki,+229 52 36 96 72,,etsplomberieafrica.bj,PME (10-50),B2C,LinkedIn,,Actif,2026-06-29T00:15:34.435513,moyenne
BJ-AA6FD9D3,BTP Construction Bembéréké,BTP & Immobilier,Bembéréké,+229 28 67 71 17,,btpconstructionbembéréké.bj,TPE (<10),B2C,LinkedIn,,Actif,2026-06-29T00:15:34.435557,moyenne
BJ-13D01DE6,Architecte Bembéréké,BTP & Immobilier,Bembéréké,+229 43 90 40 98,architecte.bembéréké@architecte.bembéréké.org,,TPE (<10),B2B,LinkedIn,,Actif,2026-06-29T00:15:34.435572,moyenne
BJ-35F64F48,Habitat Cabinet,BTP & Immobilier,Bembéréké,+229 20 98 53 66,,habitatcabinet.bj,Grande (>200),B2C,LinkedIn,,Actif,2026-06-29T00:15:34.435585,moyenne
BJ-07CCEE8B,Construction Africa,BTP & Immobilier,Bembéréké,+229 32 63 41 21,,,PME (10-50),B2C,LinkedIn,,Actif,2026-06-29T00:15:34.435596,basse
BJ-8A45D403,Béton,BTP & Immobilier,Bembéréké,+229 87 91 28 55,,béton.bj,PME (10-50),B2B,LinkedIn,,Actif,2026-06-29T00:15:34.435607,moyenne
BJ-464F94F1,Fondation,BTP & Immobilier,Kalalé,+229 91 74 52 36,,fondation.bj,PME (10-50),B2C,LinkedIn,,Actif,2026-06-29T00:15:34.435625,moyenne
BJ-C4B771D4,Urbanisme Groupe,BTP & Immobilier,Kalalé,+229 27 13 32 38,,,PME (50-200),B2C,LinkedIn,,Actif,2026-06-29T00:15:34.435636,basse
BJ-D46E4E44,BTP Plomberie SA,BTP & Immobilier,Kalalé,+229 21 60 86 17,btp.plomberie.sa@btp.plomberie.sa.net,btpplomberiesa.bj,TPE (<10),B2C,LinkedIn,,Actif,2026-06-29T00:15:34.435648,haute
BJ-DB404D93,SCI Ingénierie,BTP & Immobilier,Kalalé,+229 48 74 58 19,sci.ingénierie@sci.ingénierie.net,,TPE (<10),B2C,LinkedIn,,Actif,2026-06-29T00:15:34.435674,moyenne
BJ-1AEF813A,SA Toiture SARL,BTP & Immobilier,Ndali,+229 93 15 42 74,sa.toiture.sarl@sa.toiture.sarl.com,satoituresarl.bj,TPE (<10),B2B,LinkedIn,,Actif,2026-06-29T00:15:34.435697,haute
BJ-C8FB2310,Fondation Solutions,BTP & Immobilier,Ndali,+229 59 41 68 98,fondation.solutions@fondation.solutions.bj,,PME (50-200),B2C,LinkedIn,,Actif,2026-06-29T00:15:34.435713,moyenne
BJ-9474150C,Cabinet Structure International,BTP & Immobilier,Ndali,+229 28 46 73 10,cabinet.structure.international@cabinet.structure.international.bj,,TPE (<10),B2B,LinkedIn,,Actif,2026-06-29T00:15:34.435727,moyenne
BJ-4D849639,Immobilier,BTP & Immobilier,Ndali,+229 26 83 56 62,immobilier@immobilier.net,immobilier.bj,PME (10-50),B2C,LinkedIn,,Actif,2026-06-29T00:15:34.435751,haute
BJ-B8A4A6C5,Toiture Ségbana,BTP & Immobilier,Ségbana,+229 49 18 85 60,toiture.ségbana@toiture.ségbana.net,toitureségbana.bj,PME (10-50),B2C,LinkedIn,,Actif,2026-06-29T00:15:34.435771,haute
BJ-3DDB3312,Structure SA,BTP & Immobilier,Ségbana,+229 24 69 51 32,structure.sa@structure.sa.com,structuresa.bj,PME (10-50),B2C,LinkedIn,,Actif,2026-06-29T00:15:34.435785,haute
BJ-9AA85DF8,SARL Habitat Services Ségbana,BTP & Immobilier,Ségbana,+229 43 29 48 30,sarl.habitat.services.ségbana@sarl.habitat.services.ségbana.bj,,TPE (<10),B2B,LinkedIn,,Actif,2026-06-29T00:15:34.435812,moyenne
BJ-D4DD5A9A,Cabinet Travaux,BTP & Immobilier,Ségbana,+229 47 21 69 69,cabinet.travaux@cabinet.travaux.com,cabinettravaux.bj,PME (50-200),B2C,LinkedIn,,Actif,2026-06-29T00:15:34.435826,haute
BJ-30559AFD,Cabinet Habitat,BTP & Immobilier,Tchaourou,+229 99 28 75 52,,cabinethabitat.bj,PME (10-50),B2C,LinkedIn,,Actif,2026-06-29T00:15:34.435871,moyenne
BJ-BD997532,Cabinet Immobilier,BTP & Immobilier,Tchaourou,+229 67 52 81 96,cabinet.immobilier@cabinet.immobilier.benin,,PME (10-50),B2B,LinkedIn,,Actif,2026-06-29T00:15:34.435884,moyenne
BJ-D7157396,BTP Urbanisme,BTP & Immobilier,Tchaourou,+229 66 60 15 27,btp.urbanisme@btp.urbanisme.org,btpurbanisme.bj,TPE (<10),B2B,LinkedIn,,Actif,2026-06-29T00:15:34.435912,haute
BJ-39422D8F,SA Plomberie SARL,BTP & Immobilier,Bétérou,+229 21 32 49 30,sa.plomberie.sarl@sa.plomberie.sarl.org,saplomberiesarl.bj,TPE (<10),B2C,LinkedIn,,Actif,2026-06-29T00:15:34.435937,haute
BJ-EA2A97DA,Groupe Construction Solutions Bétérou,BTP & Immobilier,Bétérou,+229 91 37 18 72,groupe.construction.solutions.bétérou@groupe.construction.solutions.bétérou.bj,groupeconstructionsolutionsbétérou.bj,Grande (>200),B2C,LinkedIn,,Actif,2026-06-29T00:15:34.435953,haute
BJ-346604B5,Cabinet Fondation Services,BTP & Immobilier,Bétérou,+229 42 71 97 31,cabinet.fondation.services@cabinet.fondation.services.benin,,PME (50-200),B2C,LinkedIn,,Actif,2026-06-29T00:15:34.435967,moyenne
BJ-754BEF63,Immobilier Bénin,BTP & Immobilier,Bétérou,+229 74 58 57 56,,,PME (50-200),B2B,LinkedIn,,Actif,2026-06-29T00:15:34.436003,basse
BJ-9A78DD11,Ingénierie,BTP & Immobilier,Bétérou,+229 94 77 11 54,ingénierie@ingénierie.org,,TPE (<10),B2B,LinkedIn,,Actif,2026-06-29T00:15:34.436032,moyenne
BJ-D0F4A3DD,Cabinet Ingénierie Ets,BTP & Immobilier,Ouessè,+229 46 34 93 26,,cabinetingénierieets.bj,PME (10-50),B2C,LinkedIn,,Actif,2026-06-29T00:15:34.436101,moyenne
BJ-598016C3,SO Immobilier SA,BTP & Immobilier,Ouessè,+229 78 33 64 54,so.immobilier.sa@so.immobilier.sa.bj,,PME (50-200),B2C,LinkedIn,,Actif,2026-06-29T00:15:34.436140,moyenne
BJ-E78AAB7C,BTP Travaux,BTP & Immobilier,Ouessè,+229 29 78 33 31,btp.travaux@btp.travaux.org,btptravaux.bj,PME (50-200),B2B,LinkedIn,,Actif,2026-06-29T00:15:34.436153,haute
BJ-7746700A,SCI Toiture Africa,BTP & Immobilier,Glazoué,+229 94 44 87 41,sci.toiture.africa@sci.toiture.africa.benin,scitoitureafrica.bj,PME (10-50),B2B,LinkedIn,,Actif,2026-06-29T00:15:34.436179,haute
BJ-8F2A18C0,Plomberie Glazoué,BTP & Immobilier,Glazoué,+229 59 54 56 92,plomberie.glazoué@plomberie.glazoué.org,plomberieglazoué.bj,TPE (<10),B2C,LinkedIn,,Actif,2026-06-29T00:15:34.436198,haute
BJ-309515E5,SCI Immobilier Glazoué,BTP & Immobilier,Glazoué,+229 77 31 85 24,,,TPE (<10),B2C,LinkedIn,,Actif,2026-06-29T00:15:34.436210,basse
BJ-B9D07B53,Cabinet Maison SARL Glazoué,BTP & Immobilier,Glazoué,+229 42 47 51 69,,,TPE (<10),B2C,LinkedIn,,Actif,2026-06-29T00:15:34.436221,basse
BJ-3342B2CA,Groupe Travaux Services,BTP & Immobilier,Glazoué,+229 23 19 34 62,,groupetravauxservices.bj,TPE (<10),B2C,LinkedIn,,Actif,2026-06-29T00:15:34.436232,moyenne
BJ-19A3461C,Ets Maison,BTP & Immobilier,Dassa-Zoumè,+229 83 57 66 53,ets.maison@ets.maison.net,etsmaison.bj,TPE (<10),B2B,LinkedIn,,Actif,2026-06-29T00:15:34.436251,haute
BJ-5364A9ED,SO Construction Ets,BTP & Immobilier,Dassa-Zoumè,+229 48 41 44 61,so.construction.ets@so.construction.ets.org,,PME (50-200),B2B,LinkedIn,,Actif,2026-06-29T00:15:34.436267,moyenne
BJ-C19D6AEA,Ingénierie Africa,BTP & Immobilier,Dassa-Zoumè,+229 24 16 88 41,ingénierie.africa@ingénierie.africa.net,,PME (50-200),B2C,LinkedIn,,Actif,2026-06-29T00:15:34.436283,moyenne
BJ-D5063969,Structure Dassa-Zoumè,BTP & Immobilier,Dassa-Zoumè,+229 28 55 74 69,structure.dassazoumè@structure.dassazoumè.bj,structuredassazoumè.bj,PME (50-200),B2B,LinkedIn,,Actif,2026-06-29T00:15:34.436298,haute
BJ-B15093EB,Ingénierie Ets,BTP & Immobilier,Dassa-Zoumè,+229 20 58 89 62,,,PME (10-50),B2C,LinkedIn,,Actif,2026-06-29T00:15:34.436309,basse
BJ-A8351B86,Ets Ingénierie SARL,BTP & Immobilier,Savalou,+229 20 68 76 65,ets.ingénierie.sarl@ets.ingénierie.sarl.org,,Grande (>200),B2C,LinkedIn,,Actif,2026-06-29T00:15:34.436328,moyenne
BJ-4C234FB6,BTP Toiture International Savalou,BTP & Immobilier,Savalou,+229 62 41 99 53,,,TPE (<10),B2B,LinkedIn,,Actif,2026-06-29T00:15:34.436341,basse
BJ-2F9C857B,Urbanisme Groupe,BTP & Immobilier,Savalou,+229 81 68 46 32,urbanisme.groupe@urbanisme.groupe.com,urbanismegroupe.bj,PME (50-200),B2C,LinkedIn,,Actif,2026-06-29T00:15:34.436354,haute
BJ-AB2F4EF2,Construction Savalou,BTP & Immobilier,Savalou,+229 56 78 48 94,,,PME (10-50),B2C,LinkedIn,,Actif,2026-06-29T00:15:34.436378,basse
BJ-98D667FD,Ingénierie,BTP & Immobilier,Bantè,+229 99 83 82 26,,ingénierie.bj,PME (10-50),B2B,LinkedIn,,Actif,2026-06-29T00:15:34.436395,moyenne
BJ-60074C61,SCI Architecte,BTP & Immobilier,Bantè,+229 38 58 69 92,sci.architecte@sci.architecte.bj,sciarchitecte.bj,TPE (<10),B2C,LinkedIn,,Actif,2026-06-29T00:15:34.436412,haute
BJ-C63FF538,SCI Construction,BTP & Immobilier,Bantè,+229 56 98 68 56,,,PME (50-200),B2C,LinkedIn,,Actif,2026-06-29T00:15:34.436423,basse
BJ-8E94CB50,Ets Toiture Services,BTP & Immobilier,Bantè,+229 73 50 84 17,ets.toiture.services@ets.toiture.services.net,,TPE (<10),B2C,LinkedIn,,Actif,2026-06-29T00:15:34.436435,moyenne
BJ-F822FBE5,Groupe Structure,BTP & Immobilier,Bantè,+229 90 78 62 45,groupe.structure@groupe.structure.benin,,PME (10-50),B2C,LinkedIn,,Actif,2026-06-29T00:15:34.436446,moyenne
BJ-BEAE3551,Groupe Fondation Djougou,BTP & Immobilier,Djougou,+229 47 76 29 79,groupe.fondation.djougou@groupe.fondation.djougou.com,,TPE (<10),B2B,LinkedIn,,Actif,2026-06-29T00:15:34.436465,moyenne
BJ-0A1708A2,Ets Travaux Cabinet,BTP & Immobilier,Djougou,+229 80 63 52 39,ets.travaux.cabinet@ets.travaux.cabinet.benin,,PME (50-200),B2C,LinkedIn,,Actif,2026-06-29T00:15:34.436477,moyenne
BJ-0A0B643C,Groupe Toiture,BTP & Immobilier,Djougou,+229 77 82 41 83,groupe.toiture@groupe.toiture.bj,groupetoiture.bj,TPE (<10),B2B,LinkedIn,,Actif,2026-06-29T00:15:34.436489,haute
BJ-3188EB46,SA Habitat Africa,BTP & Immobilier,Djougou,+229 97 21 36 33,sa.habitat.africa@sa.habitat.africa.org,sahabitatafrica.bj,TPE (<10),B2C,LinkedIn,,Actif,2026-06-29T00:15:34.436511,haute
BJ-79787DC6,Habitat Groupe,BTP & Immobilier,Djougou,+229 38 93 79 75,,,TPE (<10),B2B,LinkedIn,,Actif,2026-06-29T00:15:34.436522,basse
BJ-30D2EE2C,Ingénierie Bénin,BTP & Immobilier,Ouèssè,+229 56 71 78 77,ingénierie.bénin@ingénierie.bénin.bj,ingénieriebénin.bj,TPE (<10),B2C,LinkedIn,,Actif,2026-06-29T00:15:34.436542,haute
BJ-27CEE41E,Travaux,BTP & Immobilier,Ouèssè,+229 40 61 13 33,travaux@travaux.com,,PME (10-50),B2B,LinkedIn,,Actif,2026-06-29T00:15:34.436561,moyenne
BJ-D3CA4381,SO Électricité Services,BTP & Immobilier,Ouèssè,+229 52 53 50 38,,soélectricitéservices.bj,Grande (>200),B2C,LinkedIn,,Actif,2026-06-29T00:15:34.436574,moyenne
BJ-FCB7AD61,Ets Travaux Groupe,BTP & Immobilier,Ouèssè,+229 78 49 35 16,ets.travaux.groupe@ets.travaux.groupe.org,etstravauxgroupe.bj,TPE (<10),B2C,LinkedIn,,Actif,2026-06-29T00:15:34.436587,haute
BJ-C41A429A,BTP Urbanisme,BTP & Immobilier,Ouèssè,+229 31 16 98 55,,,PME (50-200),B2C,LinkedIn,,Actif,2026-06-29T00:15:34.436598,basse
BJ-E2C8C737,BTP Immobilier,BTP & Immobilier,Bassila,+229 65 13 46 14,btp.immobilier@btp.immobilier.com,btpimmobilier.bj,TPE (<10),B2C,LinkedIn,,Actif,2026-06-29T00:15:34.436616,haute
BJ-B869C982,SA Électricité Solutions Bassila,BTP & Immobilier,Bassila,+229 48 81 75 27,sa.électricité.solutions.bassila@sa.électricité.solutions.bassila.net,,PME (10-50),B2B,LinkedIn,,Actif,2026-06-29T00:15:34.436629,moyenne
BJ-9FBE206B,Ets Béton,BTP & Immobilier,Bassila,+229 67 15 83 36,,etsbéton.bj,PME (10-50),B2C,LinkedIn,,Actif,2026-06-29T00:15:34.436641,moyenne
BJ-0BF040E2,SA Urbanisme,BTP & Immobilier,Bassila,+229 62 14 69 84,sa.urbanisme@sa.urbanisme.benin,saurbanisme.bj,PME (10-50),B2C,LinkedIn,,Actif,2026-06-29T00:15:34.436653,haute
BJ-7A9F8736,Ets Architecte,BTP & Immobilier,Bassila,+229 88 92 29 26,,,TPE (<10),B2B,LinkedIn,,Actif,2026-06-29T00:15:34.436663,basse
BJ-AEAF8CDF,Urbanisme Pehunco,BTP & Immobilier,Pehunco,+229 25 64 63 23,urbanisme.pehunco@urbanisme.pehunco.com,urbanismepehunco.bj,TPE (<10),B2B,LinkedIn,,Actif,2026-06-29T00:15:34.436682,haute
BJ-D0B9213A,SARL Fondation Solutions Pehunco,BTP & Immobilier,Pehunco,+229 32 76 61 85,,sarlfondationsolutionspehunco.bj,TPE (<10),B2C,LinkedIn,,Actif,2026-06-29T00:15:34.436697,moyenne
BJ-09724008,Ingénierie SARL Pehunco,BTP & Immobilier,Pehunco,+229 21 63 80 27,,ingénieriesarlpehunco.bj,TPE (<10),B2B,LinkedIn,,Actif,2026-06-29T00:15:34.436710,moyenne
BJ-36540927,SARL Structure,BTP & Immobilier,Pehunco,+229 92 89 57 84,,,TPE (<10),B2C,LinkedIn,,Actif,2026-06-29T00:15:34.436724,basse
BJ-E3D17C8B,Béton Bénin,BTP & Immobilier,Pehunco,+229 39 81 76 40,,bétonbénin.bj,PME (10-50),B2C,LinkedIn,,Actif,2026-06-29T00:15:34.436737,moyenne
BJ-B875AEC2,Toiture,BTP & Immobilier,Copargo,+229 30 25 32 85,toiture@toiture.com,toiture.bj,PME (10-50),B2C,LinkedIn,,Actif,2026-06-29T00:15:34.436756,haute
BJ-63D6FACD,Construction Copargo,BTP & Immobilier,Copargo,+229 80 11 96 38,,constructioncopargo.bj,TPE (<10),B2C,LinkedIn,,Actif,2026-06-29T00:15:34.436768,moyenne
BJ-7E1C0DAD,Architecte,BTP & Immobilier,Copargo,+229 49 10 34 15,architecte@architecte.org,,PME (10-50),B2B,LinkedIn,,Actif,2026-06-29T00:15:34.436791,moyenne
BJ-3E410DCB,Ets Bâtiment,BTP & Immobilier,Copargo,+229 65 22 14 12,ets.bâtiment@ets.bâtiment.com,,PME (10-50),B2B,LinkedIn,,Actif,2026-06-29T00:15:34.436803,moyenne
BJ-898069E8,Groupe Distribution International,Commerce & Distribution,Cotonou,+229 30 98 27 47,,groupedistributioninternational.bj,PME (10-50),B2B/B2C,LinkedIn,,Actif,2026-06-29T00:15:34.436825,moyenne
BJ-2BB433FD,SARL Supply Cotonou,Commerce & Distribution,Cotonou,+229 75 65 75 30,,sarlsupplycotonou.bj,PME (50-200),B2C,LinkedIn,,Actif,2026-06-29T00:15:34.436852,moyenne
BJ-217E0A24,Supply Market,Commerce & Distribution,Cotonou,+229 82 72 97 48,supply.market@supply.market.net,,PME (50-200),B2C,LinkedIn,,Actif,2026-06-29T00:15:34.436864,moyenne
BJ-2A3A1A8A,Supply Cotonou,Commerce & Distribution,Cotonou,+229 33 35 43 70,supply.cotonou@supply.cotonou.com,supplycotonou.bj,PME (50-200),B2B/B2C,LinkedIn,,Actif,2026-06-29T00:15:34.436876,haute
BJ-8D69FDF5,Commerce International,Commerce & Distribution,Abomey-Calavi,+229 84 29 19 83,commerce.international@commerce.international.benin,,PME (10-50),B2B/B2C,LinkedIn,,Actif,2026-06-29T00:15:34.436907,moyenne
BJ-3069C6AF,Distribution SARL,Commerce & Distribution,Abomey-Calavi,+229 81 35 50 79,,,TPE (<10),B2C,LinkedIn,,Actif,2026-06-29T00:15:34.436930,basse
BJ-32C9A037,Super Stock,Commerce & Distribution,Abomey-Calavi,+229 91 22 87 18,super.stock@super.stock.benin,,Grande (>200),B2B/B2C,LinkedIn,,Actif,2026-06-29T00:15:34.436942,moyenne
BJ-93476B43,Marché Magasin,Commerce & Distribution,Abomey-Calavi,+229 32 18 68 47,marché.magasin@marché.magasin.com,,PME (50-200),B2C,LinkedIn,,Actif,2026-06-29T00:15:34.436962,moyenne
BJ-F95836E6,Grossiste International Porto-Novo,Commerce & Distribution,Porto-Novo,+229 84 54 62 18,,,TPE (<10),B2C,LinkedIn,,Actif,2026-06-29T00:15:34.436980,basse
BJ-18CEC676,Supermarché,Commerce & Distribution,Porto-Novo,+229 39 37 10 14,supermarché@supermarché.org,,PME (10-50),B2B/B2C,LinkedIn,,Actif,2026-06-29T00:15:34.436996,moyenne
BJ-29D22734,Centre Stock Market,Commerce & Distribution,Porto-Novo,+229 71 58 66 29,centre.stock.market@centre.stock.market.org,centrestockmarket.bj,PME (10-50),B2B/B2C,LinkedIn,,Actif,2026-06-29T00:15:34.437010,haute
BJ-B7E49C46,Alimentaire Shop,Commerce & Distribution,Porto-Novo,+229 21 23 15 26,,,PME (10-50),B2C,LinkedIn,,Actif,2026-06-29T00:15:34.437020,basse
BJ-8A2091C8,Commerce Ets,Commerce & Distribution,Porto-Novo,+229 71 25 78 77,commerce.ets@commerce.ets.com,,PME (50-200),B2B/B2C,LinkedIn,,Actif,2026-06-29T00:15:34.437032,moyenne
BJ-D4AEA55C,Grossiste,Commerce & Distribution,Parakou,+229 25 83 27 16,grossiste@grossiste.org,,Grande (>200),B2C,LinkedIn,,Actif,2026-06-29T00:15:34.437050,moyenne
BJ-C6F5790E,Distribution Grossiste,Commerce & Distribution,Parakou,+229 64 74 30 35,,,Grande (>200),B2C,LinkedIn,,Actif,2026-06-29T00:15:34.437060,basse
BJ-68D9AB66,Super Marché SARL,Commerce & Distribution,Parakou,+229 91 97 43 43,super.marché.sarl@super.marché.sarl.com,supermarchésarl.bj,TPE (<10),B2C,LinkedIn,,Actif,2026-06-29T00:15:34.437073,haute
BJ-94E08696,Commerce Détaillant International,Commerce & Distribution,Parakou,+229 44 58 12 12,,,TPE (<10),B2B/B2C,LinkedIn,,Actif,2026-06-29T00:15:34.437085,basse
BJ-DB66AE05,Provision Groupe Parakou,Commerce & Distribution,Parakou,+229 26 15 83 37,provision.groupe.parakou@provision.groupe.parakou.org,,Grande (>200),B2B/B2C,LinkedIn,,Actif,2026-06-29T00:15:34.437097,moyenne
BJ-D77A3D1B,Épicerie Ets,Commerce & Distribution,Bohicon,+229 82 87 40 63,épicerie.ets@épicerie.ets.bj,,Grande (>200),B2B/B2C,LinkedIn,,Actif,2026-06-29T00:15:34.437115,moyenne
BJ-EA1935A2,Marché Ets,Commerce & Distribution,Bohicon,+229 72 46 57 54,,,TPE (<10),B2C,LinkedIn,,Actif,2026-06-29T00:15:34.437129,basse
BJ-C4225151,Centre Alimentaire Market,Commerce & Distribution,Bohicon,+229 22 76 52 97,,,PME (10-50),B2C,LinkedIn,,Actif,2026-06-29T00:15:34.437140,basse
BJ-6C56238C,Distribution Détaillant Groupe,Commerce & Distribution,Bohicon,+229 71 98 33 45,distribution.détaillant.groupe@distribution.détaillant.groupe.bj,,PME (50-200),B2C,LinkedIn,,Actif,2026-06-29T00:15:34.437156,moyenne
BJ-CE56AA91,Marché,Commerce & Distribution,Bohicon,+229 21 11 60 39,marché@marché.com,,Grande (>200),B2C,LinkedIn,,Actif,2026-06-29T00:15:34.437168,moyenne
BJ-F562EBD9,SARL Distribution,Commerce & Distribution,Natitingou,+229 40 72 13 62,,sarldistribution.bj,TPE (<10),B2B/B2C,LinkedIn,,Actif,2026-06-29T00:15:34.437184,moyenne
BJ-EF20FBB1,Marché Détaillant,Commerce & Distribution,Natitingou,+229 35 84 94 33,,,PME (10-50),B2B/B2C,LinkedIn,,Actif,2026-06-29T00:15:34.437196,basse
BJ-0A163967,Épicerie Store Natitingou,Commerce & Distribution,Natitingou,+229 64 88 31 34,,,Grande (>200),B2C,LinkedIn,,Actif,2026-06-29T00:15:34.437221,basse
BJ-8494B77B,Marché International,Commerce & Distribution,Natitingou,+229 39 57 22 92,marché.international@marché.international.bj,,TPE (<10),B2B/B2C,LinkedIn,,Actif,2026-06-29T00:15:34.437234,moyenne
BJ-9A67A90C,Magasin Lokossa,Commerce & Distribution,Lokossa,+229 69 23 13 19,magasin.lokossa@magasin.lokossa.com,magasinlokossa.bj,PME (10-50),B2C,LinkedIn,,Actif,2026-06-29T00:15:34.437253,haute
BJ-EAAF3711,Supply Bénin,Commerce & Distribution,Lokossa,+229 76 36 18 83,,,TPE (<10),B2B/B2C,LinkedIn,,Actif,2026-06-29T00:15:34.437267,basse
BJ-DAF3CA29,Centre Détaillant Market,Commerce & Distribution,Lokossa,+229 61 65 98 63,centre.détaillant.market@centre.détaillant.market.org,centredétaillantmarket.bj,PME (50-200),B2B/B2C,LinkedIn,,Actif,2026-06-29T00:15:34.437281,haute
BJ-CB268B41,SARL Boutique,Commerce & Distribution,Lokossa,+229 71 49 79 13,,,TPE (<10),B2B/B2C,LinkedIn,,Actif,2026-06-29T00:15:34.437292,basse
BJ-0A912B54,Grossiste Shop Lokossa,Commerce & Distribution,Lokossa,+229 42 73 55 77,,,Grande (>200),B2B/B2C,LinkedIn,,Actif,2026-06-29T00:15:34.437303,basse
BJ-53593B9D,Ets Commerce,Commerce & Distribution,Ouidah,+229 51 71 19 96,ets.commerce@ets.commerce.net,etscommerce.bj,Grande (>200),B2C,LinkedIn,,Actif,2026-06-29T00:15:34.437322,haute
BJ-84D6D742,Provision Ouidah,Commerce & Distribution,Ouidah,+229 73 69 43 99,,,TPE (<10),B2C,LinkedIn,,Actif,2026-06-29T00:15:34.437351,basse
BJ-7DC57288,Ets Détaillant,Commerce & Distribution,Ouidah,+229 49 61 72 55,,,TPE (<10),B2C,LinkedIn,,Actif,2026-06-29T00:15:34.437361,basse
BJ-6129E80D,Marché SARL,Commerce & Distribution,Ouidah,+229 68 64 85 26,marché.sarl@marché.sarl.net,,PME (10-50),B2C,LinkedIn,,Actif,2026-06-29T00:15:34.437373,moyenne
BJ-94C2D041,Marché Supermarché International,Commerce & Distribution,Savalou,+229 46 47 89 64,marché.supermarché.international@marché.supermarché.international.net,,TPE (<10),B2B/B2C,LinkedIn,,Actif,2026-06-29T00:15:34.437391,moyenne
BJ-88DB895A,Distribution Market,Commerce & Distribution,Savalou,+229 49 28 52 80,distribution.market@distribution.market.com,,PME (10-50),B2C,LinkedIn,,Actif,2026-06-29T00:15:34.437432,moyenne
BJ-8C75FAE4,Distribution Stock Dassa-Zoumè,Commerce & Distribution,Dassa-Zoumè,+229 49 39 11 93,,,TPE (<10),B2B/B2C,LinkedIn,,Actif,2026-06-29T00:15:34.437464,basse
BJ-97606C0A,Distribution Bénin,Commerce & Distribution,Dassa-Zoumè,+229 92 75 90 34,,,PME (50-200),B2C,LinkedIn,,Actif,2026-06-29T00:15:34.437475,basse
BJ-A3247913,Groupe Magasin Bénin,Commerce & Distribution,Dassa-Zoumè,+229 92 58 22 77,groupe.magasin.bénin@groupe.magasin.bénin.net,,TPE (<10),B2C,LinkedIn,,Actif,2026-06-29T00:15:34.437487,moyenne
BJ-47B45213,Supply Dassa-Zoumè,Commerce & Distribution,Dassa-Zoumè,+229 26 46 98 48,,,PME (50-200),B2C,LinkedIn,,Actif,2026-06-29T00:15:34.437499,basse
BJ-AEA221C8,Détaillant,Commerce & Distribution,Dassa-Zoumè,+229 26 21 43 71,,,PME (50-200),B2C,LinkedIn,,Actif,2026-06-29T00:15:34.437510,basse
BJ-6B7CD3CB,SARL Marché Bénin,Commerce & Distribution,Kétou,+229 33 74 56 84,,sarlmarchébénin.bj,TPE (<10),B2B/B2C,LinkedIn,,Actif,2026-06-29T00:15:34.437528,moyenne
BJ-F07F0A6A,Commerce Commerce,Commerce & Distribution,Kétou,+229 84 77 21 41,commerce.commerce@commerce.commerce.net,,PME (10-50),B2C,LinkedIn,,Actif,2026-06-29T00:15:34.437543,moyenne
BJ-76F7CF64,Supply Store,Commerce & Distribution,Kétou,+229 80 43 79 61,,,PME (50-200),B2B/B2C,LinkedIn,,Actif,2026-06-29T00:15:34.437554,basse
BJ-673AB7C6,SARL Distribution,Commerce & Distribution,Kétou,+229 72 63 58 70,sarl.distribution@sarl.distribution.com,,PME (50-200),B2C,LinkedIn,,Actif,2026-06-29T00:15:34.437576,moyenne
BJ-2FC32734,Distribution Boutique Covè,Commerce & Distribution,Covè,+229 42 60 73 92,,,PME (50-200),B2C,LinkedIn,,Actif,2026-06-29T00:15:34.437594,basse
BJ-5B75EBA0,Marché Grossiste,Commerce & Distribution,Covè,+229 73 54 85 85,,,PME (50-200),B2B/B2C,LinkedIn,,Actif,2026-06-29T00:15:34.437605,basse
BJ-03129E31,Provision,Commerce & Distribution,Covè,+229 89 31 91 10,provision@provision.bj,,PME (10-50),B2C,LinkedIn,,Actif,2026-06-29T00:15:34.437616,moyenne
BJ-E0188B62,Provision Shop Covè,Commerce & Distribution,Covè,+229 26 65 19 57,provision.shop.covè@provision.shop.covè.net,,PME (50-200),B2C,LinkedIn,,Actif,2026-06-29T00:15:34.437629,moyenne
BJ-E35E9287,Provision Market Covè,Commerce & Distribution,Covè,+229 91 34 69 48,,,PME (50-200),B2C,LinkedIn,,Actif,2026-06-29T00:15:34.437640,basse
BJ-6A25D75B,Détaillant Ets,Commerce & Distribution,Pobè,+229 96 21 62 50,,détaillantets.bj,Grande (>200),B2C,LinkedIn,,Actif,2026-06-29T00:15:34.437657,moyenne
BJ-401DEF6D,Groupe Détaillant Market,Commerce & Distribution,Pobè,+229 63 46 32 28,,,TPE (<10),B2C,LinkedIn,,Actif,2026-06-29T00:15:34.437671,basse
BJ-AB667D83,Centre Boutique SARL,Commerce & Distribution,Pobè,+229 94 78 80 55,,centreboutiquesarl.bj,TPE (<10),B2C,LinkedIn,,Actif,2026-06-29T00:15:34.437699,moyenne
BJ-E322C06E,Boutique Groupe,Commerce & Distribution,Pobè,+229 52 19 44 47,boutique.groupe@boutique.groupe.bj,,PME (10-50),B2C,LinkedIn,,Actif,2026-06-29T00:15:34.437710,moyenne
BJ-DAEA1964,Ets Commerce Store,Commerce & Distribution,Sakété,+229 20 61 42 23,ets.commerce.store@ets.commerce.store.bj,etscommercestore.bj,TPE (<10),B2B/B2C,LinkedIn,,Actif,2026-06-29T00:15:34.437732,haute
BJ-7492151B,Ets Magasin Ets,Commerce & Distribution,Sakété,+229 88 47 40 86,,,TPE (<10),B2B/B2C,LinkedIn,,Actif,2026-06-29T00:15:34.437756,basse
BJ-7ECAFFF1,Commerce Détaillant Shop,Commerce & Distribution,Sakété,+229 83 60 19 96,commerce.détaillant.shop@commerce.détaillant.shop.net,,PME (10-50),B2C,LinkedIn,,Actif,2026-06-29T00:15:34.437768,moyenne
BJ-BD78407B,Marché Market,Commerce & Distribution,Sakété,+229 29 68 16 30,marché.market@marché.market.benin,,Grande (>200),B2B/B2C,LinkedIn,,Actif,2026-06-29T00:15:34.437781,moyenne
BJ-A6E371CB,Distribution Adjara,Commerce & Distribution,Adjara,+229 68 66 68 19,,,TPE (<10),B2B/B2C,LinkedIn,,Actif,2026-06-29T00:15:34.437797,basse
BJ-107D5D1E,Magasin Store,Commerce & Distribution,Adjara,+229 61 56 15 82,magasin.store@magasin.store.benin,,PME (50-200),B2C,LinkedIn,,Actif,2026-06-29T00:15:34.437813,moyenne
BJ-EF3E800D,Boutique Shop,Commerce & Distribution,Adjara,+229 31 38 93 53,,,TPE (<10),B2B/B2C,LinkedIn,,Actif,2026-06-29T00:15:34.437834,basse
BJ-FDE73577,Grossiste,Commerce & Distribution,Adjara,+229 61 66 11 22,,,PME (10-50),B2B/B2C,LinkedIn,,Actif,2026-06-29T00:15:34.437845,basse
BJ-AA3B5B0A,Alimentaire Groupe,Commerce & Distribution,Allada,+229 75 80 76 27,alimentaire.groupe@alimentaire.groupe.org,,TPE (<10),B2C,LinkedIn,,Actif,2026-06-29T00:15:34.437873,moyenne
BJ-4BB532D7,Supply,Commerce & Distribution,Allada,+229 32 66 63 53,,,PME (10-50),B2C,LinkedIn,,Actif,2026-06-29T00:15:34.437887,basse
BJ-26956657,Épicerie,Commerce & Distribution,Allada,+229 48 85 47 78,,,TPE (<10),B2B/B2C,LinkedIn,,Actif,2026-06-29T00:15:34.437911,basse
BJ-9AF32DE9,Marché Grossiste,Commerce & Distribution,Allada,+229 61 91 33 21,marché.grossiste@marché.grossiste.com,,PME (50-200),B2B/B2C,LinkedIn,,Actif,2026-06-29T00:15:34.437924,moyenne
BJ-4FC30F72,Commerce,Commerce & Distribution,Aplahoué,+229 27 13 24 63,,,Grande (>200),B2C,LinkedIn,,Actif,2026-06-29T00:15:34.437956,basse
BJ-CEC68BAC,Commerce Ets,Commerce & Distribution,Aplahoué,+229 91 92 93 50,,commerceets.bj,PME (10-50),B2B/B2C,LinkedIn,,Actif,2026-06-29T00:15:34.437980,moyenne
BJ-FB9162EB,Commerce SARL,Commerce & Distribution,Aplahoué,+229 53 71 56 16,commerce.sarl@commerce.sarl.com,,TPE (<10),B2B/B2C,LinkedIn,,Actif,2026-06-29T00:15:34.437992,moyenne
BJ-F34AC070,Provision SARL Dogbo-Tota,Commerce & Distribution,Dogbo-Tota,+229 62 42 19 34,provision.sarl.dogbotota@provision.sarl.dogbotota.org,,TPE (<10),B2C,LinkedIn,,Actif,2026-06-29T00:15:34.438010,moyenne
BJ-1EDE5D5E,Marché Magasin Market,Commerce & Distribution,Dogbo-Tota,+229 57 42 35 35,,,PME (50-200),B2C,LinkedIn,,Actif,2026-06-29T00:15:34.438020,basse
BJ-3EA5DB0D,Marché Supply Dogbo-Tota,Commerce & Distribution,Dogbo-Tota,+229 87 37 88 99,marché.supply.dogbotota@marché.supply.dogbotota.net,,TPE (<10),B2C,LinkedIn,,Actif,2026-06-29T00:15:34.438033,moyenne
BJ-5FB0B0AA,Distribution Boutique Bénin,Commerce & Distribution,Dogbo-Tota,+229 77 44 44 65,distribution.boutique.bénin@distribution.boutique.bénin.org,distributionboutiquebénin.bj,TPE (<10),B2C,LinkedIn,,Actif,2026-06-29T00:15:34.438047,haute
BJ-93E1C7EC,Groupe Stock Ets,Commerce & Distribution,Dogbo-Tota,+229 92 64 51 98,,,TPE (<10),B2B/B2C,LinkedIn,,Actif,2026-06-29T00:15:34.438059,basse
BJ-284EB96F,Distribution Détaillant Market,Commerce & Distribution,Kpomassè,+229 52 48 34 83,,,PME (10-50),B2C,LinkedIn,,Actif,2026-06-29T00:15:34.438076,basse
BJ-7C58D1B0,Grossiste,Commerce & Distribution,Kpomassè,+229 26 43 69 30,,,TPE (<10),B2C,LinkedIn,,Actif,2026-06-29T00:15:34.438089,basse
BJ-BB78E7CF,Marché Commerce,Commerce & Distribution,Kpomassè,+229 69 92 85 22,,,TPE (<10),B2C,LinkedIn,,Actif,2026-06-29T00:15:34.438101,basse
BJ-355EE1E4,Commerce Provision Store Kpomassè,Commerce & Distribution,Kpomassè,+229 77 63 78 83,commerce.provision.store.kpomassè@commerce.provision.store.kpomassè.bj,,PME (50-200),B2C,LinkedIn,,Actif,2026-06-29T00:15:34.438114,moyenne
BJ-6A5E21F7,Stock Tori-Bossito,Commerce & Distribution,Tori-Bossito,+229 31 40 32 66,stock.toribossito@stock.toribossito.bj,,PME (10-50),B2C,LinkedIn,,Actif,2026-06-29T00:15:34.438147,moyenne
BJ-4FC473F3,Super Magasin SARL,Commerce & Distribution,Tori-Bossito,+229 81 11 79 78,,,TPE (<10),B2C,LinkedIn,,Actif,2026-06-29T00:15:34.438190,basse
BJ-F308B4BC,Ets Stock,Commerce & Distribution,Tori-Bossito,+229 87 66 17 74,ets.stock@ets.stock.com,etsstock.bj,PME (10-50),B2C,LinkedIn,,Actif,2026-06-29T00:15:34.438203,haute
BJ-ADB1A428,Super Détaillant,Commerce & Distribution,Grand-Popo,+229 35 61 84 12,super.détaillant@super.détaillant.bj,,PME (10-50),B2B/B2C,LinkedIn,,Actif,2026-06-29T00:15:34.438221,moyenne
BJ-8983D7C9,Magasin Ets,Commerce & Distribution,Grand-Popo,+229 26 47 46 51,,magasinets.bj,TPE (<10),B2C,LinkedIn,,Actif,2026-06-29T00:15:34.438236,moyenne
BJ-7A4F5512,Supermarché,Commerce & Distribution,Grand-Popo,+229 95 16 56 36,,,PME (10-50),B2C,LinkedIn,,Actif,2026-06-29T00:15:34.438248,basse
BJ-96704E88,Épicerie International,Commerce & Distribution,Grand-Popo,+229 32 79 14 27,épicerie.international@épicerie.international.bj,épicerieinternational.bj,TPE (<10),B2C,LinkedIn,,Actif,2026-06-29T00:15:34.438261,haute
BJ-0BCF0C92,Super Commerce SARL Grand-Popo,Commerce & Distribution,Grand-Popo,+229 50 37 13 91,,supercommercesarlgrandpopo.bj,TPE (<10),B2C,LinkedIn,,Actif,2026-06-29T00:15:34.438273,moyenne
BJ-728892CD,SARL Commerce,Commerce & Distribution,Athiémé,+229 56 96 28 93,,,Grande (>200),B2C,LinkedIn,,Actif,2026-06-29T00:15:34.438313,basse
BJ-EF4B2B83,Ets Boutique,Commerce & Distribution,Athiémé,+229 34 64 70 36,,etsboutique.bj,PME (10-50),B2B/B2C,LinkedIn,,Actif,2026-06-29T00:15:34.438325,moyenne
BJ-F887AA95,Épicerie,Commerce & Distribution,Athiémé,+229 24 92 19 76,épicerie@épicerie.bj,épicerie.bj,PME (50-200),B2B/B2C,LinkedIn,,Actif,2026-06-29T00:15:34.438337,haute
BJ-7CE0C083,SARL Épicerie,Commerce & Distribution,Bopa,+229 87 65 67 54,,,TPE (<10),B2B/B2C,LinkedIn,,Actif,2026-06-29T00:15:34.438369,basse
BJ-2802B499,Marché,Commerce & Distribution,Bopa,+229 69 65 10 47,,,PME (10-50),B2C,LinkedIn,,Actif,2026-06-29T00:15:34.438383,basse
BJ-F7B96CA5,Distribution Marché,Commerce & Distribution,Bopa,+229 51 78 84 72,,,Grande (>200),B2B/B2C,LinkedIn,,Actif,2026-06-29T00:15:34.438394,basse
BJ-E4FF1EE0,Stock Shop,Commerce & Distribution,Houéyogbé,+229 52 86 10 78,,,TPE (<10),B2B/B2C,LinkedIn,,Actif,2026-06-29T00:15:34.438424,basse
BJ-18646336,Provision SARL,Commerce & Distribution,Houéyogbé,+229 24 37 34 70,provision.sarl@provision.sarl.org,,Grande (>200),B2B/B2C,LinkedIn,,Actif,2026-06-29T00:15:34.438458,moyenne
BJ-D2BE3ECA,Supply SARL,Commerce & Distribution,Houéyogbé,+229 30 54 77 53,supply.sarl@supply.sarl.org,supplysarl.bj,TPE (<10),B2B/B2C,LinkedIn,,Actif,2026-06-29T00:15:34.438470,haute
BJ-8C9F0B95,Commerce Épicerie Malanville,Commerce & Distribution,Malanville,+229 76 10 43 80,commerce.épicerie.malanville@commerce.épicerie.malanville.com,,TPE (<10),B2C,LinkedIn,,Actif,2026-06-29T00:15:34.438488,moyenne
BJ-650E5F5D,Stock Bénin Malanville,Commerce & Distribution,Malanville,+229 78 57 85 72,,,PME (50-200),B2B/B2C,LinkedIn,,Actif,2026-06-29T00:15:34.438512,basse
BJ-D5F4A0C4,Distribution Distribution Malanville,Commerce & Distribution,Malanville,+229 55 81 29 43,distribution.distribution.malanville@distribution.distribution.malanville.com,distributiondistributionmalanville.bj,TPE (<10),B2C,LinkedIn,,Actif,2026-06-29T00:15:34.438540,haute
BJ-6AC56387,Épicerie Store,Commerce & Distribution,Malanville,+229 47 38 55 12,épicerie.store@épicerie.store.org,épiceriestore.bj,PME (10-50),B2C,LinkedIn,,Actif,2026-06-29T00:15:34.438554,haute
BJ-5E268D26,Détaillant,Commerce & Distribution,Kandi,+229 81 67 49 25,,,Grande (>200),B2B/B2C,LinkedIn,,Actif,2026-06-29T00:15:34.438571,basse
BJ-97999CBD,Supply Kandi,Commerce & Distribution,Kandi,+229 43 48 21 68,supply.kandi@supply.kandi.net,,TPE (<10),B2B/B2C,LinkedIn,,Actif,2026-06-29T00:15:34.438595,moyenne
BJ-6AF90A33,Détaillant Store,Commerce & Distribution,Kandi,+229 61 31 83 54,,détaillantstore.bj,TPE (<10),B2B/B2C,LinkedIn,,Actif,2026-06-29T00:15:34.438623,moyenne
BJ-72924D63,Distribution Shop,Commerce & Distribution,Banikoara,+229 86 88 60 46,,,PME (10-50),B2B/B2C,LinkedIn,,Actif,2026-06-29T00:15:34.438640,basse
BJ-31164C75,Commerce Supermarché Ets Banikoara,Commerce & Distribution,Banikoara,+229 90 38 53 73,,commercesupermarchéetsbanikoara.bj,TPE (<10),B2B/B2C,LinkedIn,,Actif,2026-06-29T00:15:34.438656,moyenne
BJ-79952D86,Provision,Commerce & Distribution,Banikoara,+229 54 51 24 47,,provision.bj,TPE (<10),B2B/B2C,LinkedIn,,Actif,2026-06-29T00:15:34.438668,moyenne
BJ-ADEE0E57,Groupe Détaillant SARL,Commerce & Distribution,Ségbana,+229 50 30 76 19,,,PME (10-50),B2C,LinkedIn,,Actif,2026-06-29T00:15:34.438707,basse
BJ-4B7EFA6C,Super Marché SARL,Commerce & Distribution,Ségbana,+229 50 41 16 65,,,TPE (<10),B2B/B2C,LinkedIn,,Actif,2026-06-29T00:15:34.438718,basse
BJ-C223171C,Marché Bénin,Commerce & Distribution,Ségbana,+229 50 75 35 65,,,TPE (<10),B2C,LinkedIn,,Actif,2026-06-29T00:15:34.438729,basse
BJ-C8D5D5B0,Marché Supermarché,Commerce & Distribution,Ségbana,+229 20 18 27 55,,,TPE (<10),B2B/B2C,LinkedIn,,Actif,2026-06-29T00:15:34.438741,basse
BJ-ECB40427,Distribution Ets,Commerce & Distribution,Ségbana,+229 84 28 78 59,,distributionets.bj,TPE (<10),B2B/B2C,LinkedIn,,Actif,2026-06-29T00:15:34.438753,moyenne
BJ-BD2B215E,Commerce Stock SARL,Commerce & Distribution,Karimama,+229 66 72 22 76,commerce.stock.sarl@commerce.stock.sarl.org,,TPE (<10),B2B/B2C,LinkedIn,,Actif,2026-06-29T00:15:34.438770,moyenne
BJ-6EF52F08,SARL Distribution Bénin,Commerce & Distribution,Karimama,+229 57 56 20 52,,sarldistributionbénin.bj,PME (50-200),B2B/B2C,LinkedIn,,Actif,2026-06-29T00:15:34.438798,moyenne
BJ-DBDE603E,Groupe Marché,Commerce & Distribution,Karimama,+229 66 52 26 97,,,TPE (<10),B2B/B2C,LinkedIn,,Actif,2026-06-29T00:15:34.438808,basse
BJ-5F129E1B,Ets Supermarché,Commerce & Distribution,Karimama,+229 26 20 53 60,,,TPE (<10),B2C,LinkedIn,,Actif,2026-06-29T00:15:34.438819,basse
BJ-7E2C111D,Distribution Provision,Commerce & Distribution,Gogounou,+229 29 29 61 93,,,TPE (<10),B2B/B2C,LinkedIn,,Actif,2026-06-29T00:15:34.438835,basse
BJ-8338ECE1,Marché Supply,Commerce & Distribution,Gogounou,+229 34 58 10 89,,,TPE (<10),B2C,LinkedIn,,Actif,2026-06-29T00:15:34.438846,basse
BJ-EF9CCC64,Supermarché Shop,Commerce & Distribution,Gogounou,+229 94 31 43 15,,,Grande (>200),B2C,LinkedIn,,Actif,2026-06-29T00:15:34.438860,basse
BJ-0C504566,Distribution Détaillant,Commerce & Distribution,Gogounou,+229 27 67 14 35,,,PME (10-50),B2B/B2C,LinkedIn,,Actif,2026-06-29T00:15:34.438884,basse
BJ-C89BFCB3,Super Alimentaire Store,Commerce & Distribution,Cobly,+229 26 98 32 35,,superalimentairestore.bj,TPE (<10),B2C,LinkedIn,,Actif,2026-06-29T00:15:34.438921,moyenne
BJ-4B4069F3,Supply,Commerce & Distribution,Cobly,+229 39 91 32 17,supply@supply.bj,supply.bj,Grande (>200),B2C,LinkedIn,,Actif,2026-06-29T00:15:34.438941,haute
BJ-5843EFDA,Boutique Store,Commerce & Distribution,Cobly,+229 93 60 38 60,,,PME (10-50),B2B/B2C,LinkedIn,,Actif,2026-06-29T00:15:34.438977,basse
BJ-7B27585C,Distribution,Commerce & Distribution,Tanguiéta,+229 46 40 98 78,,,TPE (<10),B2B/B2C,LinkedIn,,Actif,2026-06-29T00:15:34.438994,basse
BJ-8A67380D,Supply,Commerce & Distribution,Tanguiéta,+229 57 17 44 22,,supply.bj,TPE (<10),B2C,LinkedIn,,Actif,2026-06-29T00:15:34.439017,moyenne
BJ-31AFE3B0,Distribution Magasin SARL,Commerce & Distribution,Tanguiéta,+229 97 33 70 22,,distributionmagasinsarl.bj,PME (50-200),B2C,LinkedIn,,Actif,2026-06-29T00:15:34.439030,moyenne
BJ-6FB91321,Centre Provision Tanguiéta,Commerce & Distribution,Tanguiéta,+229 64 26 89 34,,,PME (10-50),B2C,LinkedIn,,Actif,2026-06-29T00:15:34.439042,basse
BJ-7D6CE8CF,Ets Distribution,Commerce & Distribution,Matéri,+229 62 61 44 50,,etsdistribution.bj,TPE (<10),B2C,LinkedIn,,Actif,2026-06-29T00:15:34.439060,moyenne
BJ-F2A0579D,Ets Provision Groupe,Commerce & Distribution,Matéri,+229 63 15 45 29,,,TPE (<10),B2B/B2C,LinkedIn,,Actif,2026-06-29T00:15:34.439074,basse
BJ-61C52C16,Super Supermarché Market Matéri,Commerce & Distribution,Matéri,+229 43 32 20 15,super.supermarché.market.matéri@super.supermarché.market.matéri.com,,TPE (<10),B2B/B2C,LinkedIn,,Actif,2026-06-29T00:15:34.439088,moyenne
BJ-E44ABA9C,Stock Matéri,Commerce & Distribution,Matéri,+229 73 37 22 46,stock.matéri@stock.matéri.com,,TPE (<10),B2C,LinkedIn,,Actif,2026-06-29T00:15:34.439105,moyenne
BJ-494282BE,Marché Magasin,Commerce & Distribution,Matéri,+229 31 27 76 89,marché.magasin@marché.magasin.org,,TPE (<10),B2B/B2C,LinkedIn,,Actif,2026-06-29T00:15:34.439118,moyenne
BJ-838717AB,Marché Stock Store,Commerce & Distribution,Natitingou,+229 44 89 34 77,,marchéstockstore.bj,TPE (<10),B2B/B2C,LinkedIn,,Actif,2026-06-29T00:15:34.439149,moyenne
BJ-F91F5F11,Ets Supermarché Ets Natitingou,Commerce & Distribution,Natitingou,+229 70 12 16 93,,etssupermarchéetsnatitingou.bj,TPE (<10),B2B/B2C,LinkedIn,,Actif,2026-06-29T00:15:34.439189,moyenne
BJ-4D8D767F,Groupe Provision,Commerce & Distribution,Natitingou,+229 54 35 86 57,groupe.provision@groupe.provision.net,groupeprovision.bj,TPE (<10),B2C,LinkedIn,,Actif,2026-06-29T00:15:34.439250,haute
BJ-7DA0B578,SARL Provision Bénin,Commerce & Distribution,Natitingou,+229 58 62 51 43,,,PME (50-200),B2C,LinkedIn,,Actif,2026-06-29T00:15:34.439277,basse
BJ-89031223,Groupe Commerce Groupe,Commerce & Distribution,Toucountouna,+229 46 90 18 48,groupe.commerce.groupe@groupe.commerce.groupe.benin,groupecommercegroupe.bj,PME (50-200),B2B/B2C,LinkedIn,,Actif,2026-06-29T00:15:34.439322,haute
BJ-AE47DCFD,Provision Toucountouna,Commerce & Distribution,Toucountouna,+229 45 76 94 19,,,PME (50-200),B2C,LinkedIn,,Actif,2026-06-29T00:15:34.439353,basse
BJ-072F4A57,Super Grossiste Toucountouna,Commerce & Distribution,Toucountouna,+229 92 38 10 57,super.grossiste.toucountouna@super.grossiste.toucountouna.net,,PME (50-200),B2C,LinkedIn,,Actif,2026-06-29T00:15:34.439383,moyenne
BJ-DF86E743,Provision,Commerce & Distribution,Toucountouna,+229 62 75 67 80,,,PME (10-50),B2C,LinkedIn,,Actif,2026-06-29T00:15:34.439410,basse
BJ-7071CAAE,Centre Alimentaire Ets,Commerce & Distribution,Toucountouna,+229 39 42 33 12,,centrealimentaireets.bj,PME (10-50),B2C,LinkedIn,,Actif,2026-06-29T00:15:34.439440,moyenne
BJ-768E771A,Commerce,Commerce & Distribution,Boukoumbé,+229 26 16 95 25,,,PME (50-200),B2B/B2C,LinkedIn,,Actif,2026-06-29T00:15:34.439476,basse
BJ-54F64B11,Marché Marché,Commerce & Distribution,Boukoumbé,+229 71 11 77 45,,marchémarché.bj,PME (10-50),B2B/B2C,LinkedIn,,Actif,2026-06-29T00:15:34.439503,moyenne
BJ-138969D2,Commerce Provision,Commerce & Distribution,Boukoumbé,+229 40 92 94 16,,commerceprovision.bj,PME (50-200),B2C,LinkedIn,,Actif,2026-06-29T00:15:34.439530,moyenne
BJ-E682112B,Centre Distribution,Commerce & Distribution,Boukoumbé,+229 76 49 41 97,centre.distribution@centre.distribution.com,,TPE (<10),B2B/B2C,LinkedIn,,Actif,2026-06-29T00:15:34.439562,moyenne
BJ-065BBB49,Provision Shop,Commerce & Distribution,Boukoumbé,+229 35 76 83 42,provision.shop@provision.shop.net,provisionshop.bj,PME (50-200),B2C,LinkedIn,,Actif,2026-06-29T00:15:34.439584,haute
BJ-5C1B63AA,Stock Groupe,Commerce & Distribution,Kouandé,+229 57 28 83 82,,,PME (10-50),B2B/B2C,LinkedIn,,Actif,2026-06-29T00:15:34.439605,basse
BJ-0E0C8548,SARL Magasin Market Kouandé,Commerce & Distribution,Kouandé,+229 47 95 67 94,sarl.magasin.market.kouandé@sarl.magasin.market.kouandé.com,,TPE (<10),B2C,LinkedIn,,Actif,2026-06-29T00:15:34.439623,moyenne
BJ-4E0DEE85,Commerce Kouandé,Commerce & Distribution,Kouandé,+229 77 31 37 51,commerce.kouandé@commerce.kouandé.com,,PME (50-200),B2C,LinkedIn,,Actif,2026-06-29T00:15:34.439640,moyenne
BJ-690E55BD,Boutique,Commerce & Distribution,Kouandé,+229 34 54 23 62,boutique@boutique.bj,,PME (50-200),B2C,LinkedIn,,Actif,2026-06-29T00:15:34.439652,moyenne
BJ-E8A87969,Marché Kouandé,Commerce & Distribution,Kouandé,+229 85 39 31 81,marché.kouandé@marché.kouandé.benin,,PME (50-200),B2B/B2C,LinkedIn,,Actif,2026-06-29T00:15:34.439665,moyenne
BJ-75227264,Centre Marché,Commerce & Distribution,Péhunco,+229 65 10 16 19,,,Grande (>200),B2C,LinkedIn,,Actif,2026-06-29T00:15:34.439684,basse
BJ-D090AD01,Supply Péhunco,Commerce & Distribution,Péhunco,+229 93 91 61 22,,,Grande (>200),B2B/B2C,LinkedIn,,Actif,2026-06-29T00:15:34.439707,basse
BJ-319E0FF0,Super Supply,Commerce & Distribution,Péhunco,+229 75 82 28 84,super.supply@super.supply.org,,TPE (<10),B2C,LinkedIn,,Actif,2026-06-29T00:15:34.439719,moyenne
BJ-C65D5244,Stock Péhunco,Commerce & Distribution,Péhunco,+229 72 48 11 53,stock.péhunco@stock.péhunco.org,,PME (10-50),B2C,LinkedIn,,Actif,2026-06-29T00:15:34.439731,moyenne
BJ-60E12666,Super Provision,Commerce & Distribution,Tchaourou,+229 92 77 91 16,,,PME (10-50),B2C,LinkedIn,,Actif,2026-06-29T00:15:34.439765,basse
BJ-CB52863F,Ets Détaillant,Commerce & Distribution,Tchaourou,+229 97 22 21 75,ets.détaillant@ets.détaillant.org,etsdétaillant.bj,TPE (<10),B2B/B2C,LinkedIn,,Actif,2026-06-29T00:15:34.439780,haute
BJ-795755B5,Grossiste Tchaourou,Commerce & Distribution,Tchaourou,+229 90 96 18 97,,,TPE (<10),B2B/B2C,LinkedIn,,Actif,2026-06-29T00:15:34.439791,basse
BJ-8567DD09,Marché International,Commerce & Distribution,Nikki,+229 27 34 18 16,marché.international@marché.international.net,,PME (50-200),B2B/B2C,LinkedIn,,Actif,2026-06-29T00:15:34.439854,moyenne
BJ-2D04D38C,Détaillant,Commerce & Distribution,Nikki,+229 98 45 47 15,,détaillant.bj,PME (50-200),B2C,LinkedIn,,Actif,2026-06-29T00:15:34.439866,moyenne
BJ-91B85891,Marché Marché SARL,Commerce & Distribution,Nikki,+229 66 52 82 99,,,PME (10-50),B2C,LinkedIn,,Actif,2026-06-29T00:15:34.439877,basse
BJ-B0F14C6D,Groupe Magasin Shop,Commerce & Distribution,Bembéréké,+229 53 21 59 43,,,PME (10-50),B2B/B2C,LinkedIn,,Actif,2026-06-29T00:15:34.439937,basse
BJ-7E462E69,Centre Magasin International Bembéréké,Commerce & Distribution,Bembéréké,+229 50 18 40 83,centre.magasin.international.bembéréké@centre.magasin.international.bembéréké.org,,Grande (>200),B2C,LinkedIn,,Actif,2026-06-29T00:15:34.439952,moyenne
BJ-617AB54E,Marché Marché,Commerce & Distribution,Bembéréké,+229 78 32 57 30,,,TPE (<10),B2B/B2C,LinkedIn,,Actif,2026-06-29T00:15:34.439963,basse
BJ-7105B58C,Stock,Commerce & Distribution,Kalalé,+229 62 64 52 86,stock@stock.com,,TPE (<10),B2C,LinkedIn,,Actif,2026-06-29T00:15:34.439981,moyenne
BJ-62C90670,Distribution Supply Groupe,Commerce & Distribution,Kalalé,+229 69 61 58 41,,,TPE (<10),B2B/B2C,LinkedIn,,Actif,2026-06-29T00:15:34.439992,basse
BJ-F52B8758,Groupe Magasin,Commerce & Distribution,Kalalé,+229 52 75 27 86,,,PME (10-50),B2C,LinkedIn,,Actif,2026-06-29T00:15:34.440003,basse
BJ-EBCD83CF,Provision,Commerce & Distribution,Kalalé,+229 55 83 19 45,,,TPE (<10),B2B/B2C,LinkedIn,,Actif,2026-06-29T00:15:34.440025,basse
BJ-310183DF,Marché Boutique,Commerce & Distribution,Ndali,+229 65 68 77 95,,,TPE (<10),B2B/B2C,LinkedIn,,Actif,2026-06-29T00:15:34.440060,basse
BJ-DDA18057,Alimentaire Ets,Commerce & Distribution,Ndali,+229 35 38 62 41,,alimentaireets.bj,PME (50-200),B2C,LinkedIn,,Actif,2026-06-29T00:15:34.440072,moyenne
BJ-3C5648F0,Épicerie Bénin,Commerce & Distribution,Ségbana,+229 63 85 69 18,,épiceriebénin.bj,PME (10-50),B2B/B2C,LinkedIn,,Actif,2026-06-29T00:15:34.440116,moyenne
BJ-829AE199,Distribution Commerce,Commerce & Distribution,Ségbana,+229 21 12 58 75,,,PME (50-200),B2B/B2C,LinkedIn,,Actif,2026-06-29T00:15:34.440140,basse
BJ-57611EC6,Provision Groupe,Commerce & Distribution,Ségbana,+229 49 32 98 83,,provisiongroupe.bj,TPE (<10),B2C,LinkedIn,,Actif,2026-06-29T00:15:34.440151,moyenne
BJ-4F2BA8F7,SARL Distribution Bénin,Commerce & Distribution,Ségbana,+229 26 44 88 33,,sarldistributionbénin.bj,PME (10-50),B2C,LinkedIn,,Actif,2026-06-29T00:15:34.440163,moyenne
BJ-5DE3450D,Commerce Marché,Commerce & Distribution,Tchaourou,+229 29 82 85 95,commerce.marché@commerce.marché.org,commercemarché.bj,TPE (<10),B2B/B2C,LinkedIn,,Actif,2026-06-29T00:15:34.440182,haute
BJ-5E8F9640,Provision Ets,Commerce & Distribution,Tchaourou,+229 75 97 88 83,,,PME (10-50),B2C,LinkedIn,,Actif,2026-06-29T00:15:34.440196,basse
BJ-91C501D5,Provision International,Commerce & Distribution,Tchaourou,+229 90 50 57 52,,,PME (10-50),B2B/B2C,LinkedIn,,Actif,2026-06-29T00:15:34.440220,basse
BJ-20139DE0,Marché,Commerce & Distribution,Tchaourou,+229 37 66 46 70,marché@marché.org,,PME (50-200),B2B/B2C,LinkedIn,,Actif,2026-06-29T00:15:34.440232,moyenne
BJ-436C84BA,Centre Provision International Bétérou,Commerce & Distribution,Bétérou,+229 95 89 25 21,,centreprovisioninternationalbétérou.bj,PME (10-50),B2C,LinkedIn,,Actif,2026-06-29T00:15:34.440250,moyenne
BJ-8C14F595,Grossiste Ets Bétérou,Commerce & Distribution,Bétérou,+229 26 84 80 81,grossiste.ets.bétérou@grossiste.ets.bétérou.org,,PME (50-200),B2B/B2C,LinkedIn,,Actif,2026-06-29T00:15:34.440263,moyenne
BJ-0268C75B,Alimentaire Ets,Commerce & Distribution,Bétérou,+229 55 86 78 84,,alimentaireets.bj,Grande (>200),B2B/B2C,LinkedIn,,Actif,2026-06-29T00:15:34.440275,moyenne
BJ-A2C8CAF0,Distribution International Bétérou,Commerce & Distribution,Bétérou,+229 55 30 38 98,,,PME (10-50),B2B/B2C,LinkedIn,,Actif,2026-06-29T00:15:34.440287,basse
BJ-7C2FCDFA,Magasin Store Bétérou,Commerce & Distribution,Bétérou,+229 23 31 42 53,,,TPE (<10),B2C,LinkedIn,,Actif,2026-06-29T00:15:34.440301,basse
BJ-8A05D8A0,Centre Commerce Store,Commerce & Distribution,Ouessè,+229 59 76 57 20,,,TPE (<10),B2C,LinkedIn,,Actif,2026-06-29T00:15:34.440318,basse
BJ-91D7A483,Magasin Ets Ouessè,Commerce & Distribution,Ouessè,+229 74 20 80 36,magasin.ets.ouessè@magasin.ets.ouessè.net,,TPE (<10),B2C,LinkedIn,,Actif,2026-06-29T00:15:34.440334,moyenne
BJ-4858C82E,Super Alimentaire,Commerce & Distribution,Ouessè,+229 36 44 44 52,super.alimentaire@super.alimentaire.com,,PME (10-50),B2B/B2C,LinkedIn,,Actif,2026-06-29T00:15:34.440347,moyenne
BJ-AAB5E2D7,Marché Commerce,Commerce & Distribution,Ouessè,+229 79 52 67 47,,marchécommerce.bj,PME (10-50),B2B/B2C,LinkedIn,,Actif,2026-06-29T00:15:34.440360,moyenne
BJ-6126E3C6,Détaillant,Commerce & Distribution,Ouessè,+229 34 30 90 25,,,PME (10-50),B2C,LinkedIn,,Actif,2026-06-29T00:15:34.440370,basse
BJ-FB2D1499,Supply Shop,Commerce & Distribution,Glazoué,+229 49 60 31 46,,,Grande (>200),B2C,LinkedIn,,Actif,2026-06-29T00:15:34.440387,basse
BJ-C5347105,Distribution Provision Glazoué,Commerce & Distribution,Glazoué,+229 20 66 38 48,distribution.provision.glazoué@distribution.provision.glazoué.org,distributionprovisionglazoué.bj,PME (10-50),B2C,LinkedIn,,Actif,2026-06-29T00:15:34.440402,haute
BJ-A4AB2E49,Marché Stock Groupe,Commerce & Distribution,Glazoué,+229 38 21 11 82,marché.stock.groupe@marché.stock.groupe.org,,PME (10-50),B2C,LinkedIn,,Actif,2026-06-29T00:15:34.440414,moyenne
BJ-AD66D91C,Commerce Store,Commerce & Distribution,Glazoué,+229 26 68 44 34,commerce.store@commerce.store.com,,PME (10-50),B2C,LinkedIn,,Actif,2026-06-29T00:15:34.440426,moyenne
BJ-C72BABEC,Magasin Groupe,Commerce & Distribution,Glazoué,+229 45 64 14 37,magasin.groupe@magasin.groupe.bj,,Grande (>200),B2C,LinkedIn,,Actif,2026-06-29T00:15:34.440437,moyenne
BJ-78DBA928,Centre Marché Groupe,Commerce & Distribution,Dassa-Zoumè,+229 67 23 47 15,,,PME (50-200),B2B/B2C,LinkedIn,,Actif,2026-06-29T00:15:34.440459,basse
BJ-8B53D3C8,Centre Supermarché,Commerce & Distribution,Dassa-Zoumè,+229 78 27 63 74,centre.supermarché@centre.supermarché.bj,centresupermarché.bj,PME (10-50),B2B/B2C,LinkedIn,,Actif,2026-06-29T00:15:34.440475,haute
BJ-E9788CAC,Commerce Distribution International,Commerce & Distribution,Dassa-Zoumè,+229 93 26 35 92,commerce.distribution.international@commerce.distribution.international.net,,TPE (<10),B2C,LinkedIn,,Actif,2026-06-29T00:15:34.440488,moyenne
BJ-9C967BE9,Marché SARL,Commerce & Distribution,Dassa-Zoumè,+229 50 63 26 67,,,TPE (<10),B2B/B2C,LinkedIn,,Actif,2026-06-29T00:15:34.440500,basse
BJ-4F26996A,Supply Ets,Commerce & Distribution,Dassa-Zoumè,+229 65 55 50 69,,supplyets.bj,PME (50-200),B2C,LinkedIn,,Actif,2026-06-29T00:15:34.440511,moyenne
BJ-1843E014,Épicerie Market,Commerce & Distribution,Savalou,+229 50 82 13 68,épicerie.market@épicerie.market.bj,,TPE (<10),B2B/B2C,LinkedIn,,Actif,2026-06-29T00:15:34.440530,moyenne
BJ-42CA52D8,Commerce Ets,Commerce & Distribution,Savalou,+229 25 45 93 77,,,PME (10-50),B2C,LinkedIn,,Actif,2026-06-29T00:15:34.440556,basse
BJ-3EF7C590,Groupe Marché,Commerce & Distribution,Savalou,+229 23 76 97 34,groupe.marché@groupe.marché.org,,TPE (<10),B2C,LinkedIn,,Actif,2026-06-29T00:15:34.440569,moyenne
BJ-C1DBD95E,Boutique Shop Bantè,Commerce & Distribution,Bantè,+229 95 53 15 14,,boutiqueshopbantè.bj,PME (10-50),B2C,LinkedIn,,Actif,2026-06-29T00:15:34.440598,moyenne
BJ-0F9DBF33,Super Distribution Groupe,Commerce & Distribution,Bantè,+229 62 55 96 15,,superdistributiongroupe.bj,TPE (<10),B2C,LinkedIn,,Actif,2026-06-29T00:15:34.440613,moyenne
BJ-6322DF16,Commerce,Commerce & Distribution,Bantè,+229 31 92 74 20,,,PME (10-50),B2B/B2C,LinkedIn,,Actif,2026-06-29T00:15:34.440625,basse
BJ-A5FAC424,Marché Stock Store,Commerce & Distribution,Bantè,+229 36 17 23 96,,,PME (10-50),B2B/B2C,LinkedIn,,Actif,2026-06-29T00:15:34.440635,basse
BJ-17F4E687,Épicerie,Commerce & Distribution,Bantè,+229 38 24 49 15,épicerie@épicerie.org,,PME (50-200),B2B/B2C,LinkedIn,,Actif,2026-06-29T00:15:34.440647,moyenne
BJ-2B49AC6A,Supermarché,Commerce & Distribution,Djougou,+229 76 62 76 34,supermarché@supermarché.benin,supermarché.bj,Grande (>200),B2C,LinkedIn,,Actif,2026-06-29T00:15:34.440666,haute
BJ-9A0E5621,Supply Store,Commerce & Distribution,Djougou,+229 24 96 46 63,supply.store@supply.store.com,,PME (50-200),B2C,LinkedIn,,Actif,2026-06-29T00:15:34.440678,moyenne
BJ-49E784CE,Ets Commerce SARL Djougou,Commerce & Distribution,Djougou,+229 72 87 83 86,,,PME (10-50),B2C,LinkedIn,,Actif,2026-06-29T00:15:34.440689,basse
BJ-4FCD8F46,Marché International Djougou,Commerce & Distribution,Djougou,+229 85 81 73 52,,,PME (10-50),B2B/B2C,LinkedIn,,Actif,2026-06-29T00:15:34.440701,basse
BJ-200E985A,Marché Alimentaire SARL,Commerce & Distribution,Djougou,+229 31 62 77 21,,,TPE (<10),B2C,LinkedIn,,Actif,2026-06-29T00:15:34.440712,basse
BJ-024E4E88,Distribution Supermarché,Commerce & Distribution,Ouèssè,+229 62 10 97 30,,distributionsupermarché.bj,PME (50-200),B2B/B2C,LinkedIn,,Actif,2026-06-29T00:15:34.440731,moyenne
BJ-89F2840D,Provision Market,Commerce & Distribution,Ouèssè,+229 99 29 62 15,,provisionmarket.bj,PME (50-200),B2B/B2C,LinkedIn,,Actif,2026-06-29T00:15:34.440746,moyenne
BJ-5DCC399D,SARL Stock,Commerce & Distribution,Ouèssè,+229 88 51 73 13,sarl.stock@sarl.stock.net,,PME (50-200),B2C,LinkedIn,,Actif,2026-06-29T00:15:34.440759,moyenne
BJ-1F1DFC7F,Distribution Marché,Commerce & Distribution,Ouèssè,+229 84 54 55 96,,,PME (50-200),B2C,LinkedIn,,Actif,2026-06-29T00:15:34.440770,basse
BJ-74AEC509,Super Supply,Commerce & Distribution,Ouèssè,+229 65 23 88 62,,supersupply.bj,TPE (<10),B2C,LinkedIn,,Actif,2026-06-29T00:15:34.440790,moyenne
BJ-132C7C3E,Ets Détaillant,Commerce & Distribution,Bassila,+229 28 51 12 87,,etsdétaillant.bj,PME (50-200),B2C,LinkedIn,,Actif,2026-06-29T00:15:34.440812,moyenne
BJ-3042F78B,Marché Store,Commerce & Distribution,Bassila,+229 61 57 57 40,,,PME (10-50),B2B/B2C,LinkedIn,,Actif,2026-06-29T00:15:34.440824,basse
BJ-ED47B4C5,Marché Détaillant Bassila,Commerce & Distribution,Bassila,+229 86 44 12 90,,,Grande (>200),B2B/B2C,LinkedIn,,Actif,2026-06-29T00:15:34.440835,basse
BJ-802E28E7,Super Provision Bassila,Commerce & Distribution,Bassila,+229 24 24 85 29,super.provision.bassila@super.provision.bassila.org,,TPE (<10),B2C,LinkedIn,,Actif,2026-06-29T00:15:34.440847,moyenne
BJ-675AD0D5,Supply Store Bassila,Commerce & Distribution,Bassila,+229 97 15 65 44,,supplystorebassila.bj,PME (50-200),B2C,LinkedIn,,Actif,2026-06-29T00:15:34.440859,moyenne
BJ-37E18D0A,Boutique Ets Pehunco,Commerce & Distribution,Pehunco,+229 55 27 68 31,,,TPE (<10),B2C,LinkedIn,,Actif,2026-06-29T00:15:34.440876,basse
BJ-ABD29B32,Commerce Supply SARL Pehunco,Commerce & Distribution,Pehunco,+229 25 55 36 25,,commercesupplysarlpehunco.bj,PME (50-200),B2C,LinkedIn,,Actif,2026-06-29T00:15:34.440899,moyenne
BJ-7DAA2A90,Centre Marché Groupe,Commerce & Distribution,Pehunco,+229 54 83 77 96,centre.marché.groupe@centre.marché.groupe.com,,Grande (>200),B2C,LinkedIn,,Actif,2026-06-29T00:15:34.440927,moyenne
BJ-C59FD6C5,Groupe Commerce Ets,Commerce & Distribution,Copargo,+229 96 68 93 54,groupe.commerce.ets@groupe.commerce.ets.com,,PME (10-50),B2B/B2C,LinkedIn,,Actif,2026-06-29T00:15:34.440970,moyenne
BJ-F92CA5F5,Marché Provision Ets,Commerce & Distribution,Copargo,+229 86 63 62 75,,marchéprovisionets.bj,Grande (>200),B2C,LinkedIn,,Actif,2026-06-29T00:15:34.440982,moyenne
BJ-2F41B3DC,Ets Supermarché,Commerce & Distribution,Copargo,+229 27 41 75 70,ets.supermarché@ets.supermarché.org,etssupermarché.bj,TPE (<10),B2C,LinkedIn,,Actif,2026-06-29T00:15:34.441007,haute
BJ-B28A5A05,Hôtel Grand Restaurant,Restauration & Hôtellerie,Cotonou,+229 64 41 91 30,,hôtelgrandrestaurant.bj,Grande (>200),B2C,LinkedIn,,Actif,2026-06-29T00:15:34.441027,moyenne
BJ-5635AA61,Café Nouveau,Restauration & Hôtellerie,Cotonou,+229 63 55 78 32,café.nouveau@café.nouveau.benin,cafénouveau.bj,Grande (>200),B2C,LinkedIn,,Actif,2026-06-29T00:15:34.441043,haute
BJ-AD2B97D4,Brasserie Ambiance,Restauration & Hôtellerie,Cotonou,+229 75 74 79 99,brasserie.ambiance@brasserie.ambiance.net,,TPE (<10),B2C,LinkedIn,,Actif,2026-06-29T00:15:34.441072,moyenne
BJ-FF8839CA,Grand Brasserie,Restauration & Hôtellerie,Cotonou,+229 59 62 33 61,,grandbrasserie.bj,TPE (<10),B2C,LinkedIn,,Actif,2026-06-29T00:15:34.441084,moyenne
BJ-4A415ECB,Hôtel Grand Palace,Restauration & Hôtellerie,Abomey-Calavi,+229 48 55 87 38,hôtel.grand.palace@hôtel.grand.palace.bj,hôtelgrandpalace.bj,PME (50-200),B2C,LinkedIn,,Actif,2026-06-29T00:15:34.441104,haute
BJ-7A20545B,Pension Ambiance Abomey-Calavi,Restauration & Hôtellerie,Abomey-Calavi,+229 52 44 49 63,pension.ambiance.abomeycalavi@pension.ambiance.abomeycalavi.com,pensionambianceabomeycalavi.bj,TPE (<10),B2C,LinkedIn,,Actif,2026-06-29T00:15:34.441135,haute
BJ-16DC4FCE,Nouveau Bénin,Restauration & Hôtellerie,Abomey-Calavi,+229 82 11 64 56,,nouveaubénin.bj,PME (10-50),B2C,LinkedIn,,Actif,2026-06-29T00:15:34.441147,moyenne
BJ-32959CF4,Ambiance Abomey-Calavi,Restauration & Hôtellerie,Abomey-Calavi,+229 66 40 20 80,ambiance.abomeycalavi@ambiance.abomeycalavi.net,ambianceabomeycalavi.bj,PME (10-50),B2C,LinkedIn,,Actif,2026-06-29T00:15:34.441161,haute
BJ-B7E44CBF,Hôtel Palace Bénin,Restauration & Hôtellerie,Porto-Novo,+229 44 35 59 39,,,PME (50-200),B2C,LinkedIn,,Actif,2026-06-29T00:15:34.441184,basse
BJ-D3C87614,Auberge Gourmet Bénin Porto-Novo,Restauration & Hôtellerie,Porto-Novo,+229 83 96 97 42,,aubergegourmetbéninportonovo.bj,TPE (<10),B2C,LinkedIn,,Actif,2026-06-29T00:15:34.441201,moyenne
BJ-45A17996,Saveur Brasserie,Restauration & Hôtellerie,Porto-Novo,+229 47 76 54 39,saveur.brasserie@saveur.brasserie.bj,saveurbrasserie.bj,TPE (<10),B2C,LinkedIn,,Actif,2026-06-29T00:15:34.441215,haute
BJ-3DC0D32A,Hôtel Palace Restaurant,Restauration & Hôtellerie,Porto-Novo,+229 84 99 29 56,,hôtelpalacerestaurant.bj,PME (10-50),B2C,LinkedIn,,Actif,2026-06-29T00:15:34.441227,moyenne
BJ-94891A86,Royal International,Restauration & Hôtellerie,Porto-Novo,+229 37 72 90 59,,royalinternational.bj,Grande (>200),B2C,LinkedIn,,Actif,2026-06-29T00:15:34.441238,moyenne
BJ-FB6EB012,Hôtel Gourmet,Restauration & Hôtellerie,Parakou,+229 88 18 29 81,hôtel.gourmet@hôtel.gourmet.org,hôtelgourmet.bj,PME (50-200),B2C,LinkedIn,,Actif,2026-06-29T00:15:34.441256,haute
BJ-C9C420F4,Plage International,Restauration & Hôtellerie,Parakou,+229 23 62 30 16,plage.international@plage.international.benin,,PME (50-200),B2C,LinkedIn,,Actif,2026-06-29T00:15:34.441268,moyenne
BJ-27E4FBCA,Mer,Restauration & Hôtellerie,Parakou,+229 94 74 89 20,mer@mer.com,,TPE (<10),B2C,LinkedIn,,Actif,2026-06-29T00:15:34.441280,moyenne
BJ-29CAA4F2,Palace Palace,Restauration & Hôtellerie,Parakou,+229 74 80 69 31,palace.palace@palace.palace.com,,TPE (<10),B2C,LinkedIn,,Actif,2026-06-29T00:15:34.441292,moyenne
BJ-02820C50,Restaurant Table,Restauration & Hôtellerie,Parakou,+229 57 56 72 30,,restauranttable.bj,PME (50-200),B2C,LinkedIn,,Actif,2026-06-29T00:15:34.441303,moyenne
BJ-6048BC39,Plage International Bohicon,Restauration & Hôtellerie,Bohicon,+229 50 56 60 92,,plageinternationalbohicon.bj,PME (10-50),B2C,LinkedIn,,Actif,2026-06-29T00:15:34.441325,moyenne
BJ-EE603A12,Bar Jardin International,Restauration & Hôtellerie,Bohicon,+229 53 29 16 77,bar.jardin.international@bar.jardin.international.benin,,TPE (<10),B2C,LinkedIn,,Actif,2026-06-29T00:15:34.441337,moyenne
BJ-F513081C,Plage Bohicon,Restauration & Hôtellerie,Bohicon,+229 89 85 94 10,,plagebohicon.bj,PME (10-50),B2C,LinkedIn,,Actif,2026-06-29T00:15:34.441349,moyenne
BJ-72BE59B4,Auberge Saveur Palace Bohicon,Restauration & Hôtellerie,Bohicon,+229 78 73 16 64,,,TPE (<10),B2C,LinkedIn,,Actif,2026-06-29T00:15:34.441360,basse
BJ-BD95A818,Café Lac Café,Restauration & Hôtellerie,Bohicon,+229 45 68 46 28,,,PME (50-200),B2C,LinkedIn,,Actif,2026-06-29T00:15:34.441370,basse
BJ-4AD0B84F,Hôtel Nouveau Hotel,Restauration & Hôtellerie,Natitingou,+229 26 56 90 64,,hôtelnouveauhotel.bj,TPE (<10),B2C,LinkedIn,,Actif,2026-06-29T00:15:34.441405,moyenne
BJ-D3A04B71,Lac Restaurant Natitingou,Restauration & Hôtellerie,Natitingou,+229 24 38 95 75,,,Grande (>200),B2C,LinkedIn,,Actif,2026-06-29T00:15:34.441416,basse
BJ-5F7F51B4,Auberge Détente Palace,Restauration & Hôtellerie,Natitingou,+229 30 57 78 61,,aubergedétentepalace.bj,PME (10-50),B2C,LinkedIn,,Actif,2026-06-29T00:15:34.441427,moyenne
BJ-372153E7,Restaurant Lac,Restauration & Hôtellerie,Natitingou,+229 54 66 89 51,restaurant.lac@restaurant.lac.net,,PME (50-200),B2C,LinkedIn,,Actif,2026-06-29T00:15:34.441440,moyenne
BJ-EC1767BA,Village Inn,Restauration & Hôtellerie,Lokossa,+229 45 39 16 90,,,PME (50-200),B2C,LinkedIn,,Actif,2026-06-29T00:15:34.441456,basse
BJ-48BF259E,Plage Bénin,Restauration & Hôtellerie,Lokossa,+229 38 30 40 38,plage.bénin@plage.bénin.benin,plagebénin.bj,TPE (<10),B2C,LinkedIn,,Actif,2026-06-29T00:15:34.441485,haute
BJ-7DD3C4CD,Restaurant Lac Restaurant,Restauration & Hôtellerie,Lokossa,+229 46 88 94 56,,,TPE (<10),B2C,LinkedIn,,Actif,2026-06-29T00:15:34.441496,basse
BJ-6F992004,Village International,Restauration & Hôtellerie,Lokossa,+229 93 48 62 25,village.international@village.international.org,villageinternational.bj,TPE (<10),B2C,LinkedIn,,Actif,2026-06-29T00:15:34.441508,haute
BJ-BB555FFB,Lac Bénin,Restauration & Hôtellerie,Ouidah,+229 44 94 28 48,lac.bénin@lac.bénin.benin,lacbénin.bj,PME (10-50),B2C,LinkedIn,,Actif,2026-06-29T00:15:34.441547,haute
BJ-4B8EE78A,Ambiance,Restauration & Hôtellerie,Ouidah,+229 53 96 64 72,ambiance@ambiance.com,,PME (10-50),B2C,LinkedIn,,Actif,2026-06-29T00:15:34.441559,moyenne
BJ-54E97FB1,Jardin Palace Ouidah,Restauration & Hôtellerie,Ouidah,+229 44 29 88 18,,,PME (10-50),B2C,LinkedIn,,Actif,2026-06-29T00:15:34.441570,basse
BJ-8400BAE6,Détente Café,Restauration & Hôtellerie,Savalou,+229 45 93 53 28,,,Grande (>200),B2C,LinkedIn,,Actif,2026-06-29T00:15:34.441599,basse
BJ-DF661ABF,Village,Restauration & Hôtellerie,Savalou,+229 43 81 95 91,,,TPE (<10),B2C,LinkedIn,,Actif,2026-06-29T00:15:34.441613,basse
BJ-2F001F6D,Bar Détente Café,Restauration & Hôtellerie,Savalou,+229 90 62 22 71,bar.détente.café@bar.détente.café.org,bardétentecafé.bj,TPE (<10),B2C,LinkedIn,,Actif,2026-06-29T00:15:34.441627,haute
BJ-29DBE732,Ambiance International,Restauration & Hôtellerie,Savalou,+229 99 28 40 19,,,PME (10-50),B2C,LinkedIn,,Actif,2026-06-29T00:15:34.441637,basse
BJ-9EFBD130,Auberge Saveur Bénin,Restauration & Hôtellerie,Savalou,+229 79 38 19 74,auberge.saveur.bénin@auberge.saveur.bénin.net,,PME (50-200),B2C,LinkedIn,,Actif,2026-06-29T00:15:34.441649,moyenne
BJ-83B7DA7C,Auberge Nouveau Dassa-Zoumè,Restauration & Hôtellerie,Dassa-Zoumè,+229 72 59 32 70,auberge.nouveau.dassazoumè@auberge.nouveau.dassazoumè.com,aubergenouveaudassazoumè.bj,Grande (>200),B2C,LinkedIn,,Actif,2026-06-29T00:15:34.441669,haute
BJ-9C7AE212,Village,Restauration & Hôtellerie,Dassa-Zoumè,+229 37 66 14 56,village@village.com,village.bj,PME (10-50),B2C,LinkedIn,,Actif,2026-06-29T00:15:34.441682,haute
BJ-40C3E423,Hôtel Royal,Restauration & Hôtellerie,Dassa-Zoumè,+229 31 49 69 86,,,PME (50-200),B2C,LinkedIn,,Actif,2026-06-29T00:15:34.441692,basse
BJ-4BF32C11,Restaurant Village,Restauration & Hôtellerie,Dassa-Zoumè,+229 92 89 78 75,restaurant.village@restaurant.village.benin,restaurantvillage.bj,TPE (<10),B2C,LinkedIn,,Actif,2026-06-29T00:15:34.441705,haute
BJ-E10E86AD,Lac Café Dassa-Zoumè,Restauration & Hôtellerie,Dassa-Zoumè,+229 39 28 55 98,lac.café.dassazoumè@lac.café.dassazoumè.org,laccafédassazoumè.bj,PME (50-200),B2C,LinkedIn,,Actif,2026-06-29T00:15:34.441719,haute
BJ-BC63D891,Gourmet Kétou,Restauration & Hôtellerie,Kétou,+229 27 20 22 73,,,TPE (<10),B2C,LinkedIn,,Actif,2026-06-29T00:15:34.441749,basse
BJ-C9825355,Auberge Grand Hotel,Restauration & Hôtellerie,Kétou,+229 25 40 97 18,auberge.grand.hotel@auberge.grand.hotel.bj,,TPE (<10),B2C,LinkedIn,,Actif,2026-06-29T00:15:34.441764,moyenne
BJ-9330F37C,Hôtel Goût,Restauration & Hôtellerie,Kétou,+229 57 37 24 77,,,Grande (>200),B2C,LinkedIn,,Actif,2026-06-29T00:15:34.441776,basse
BJ-25EB7294,Bar Plage International Covè,Restauration & Hôtellerie,Covè,+229 25 25 86 34,bar.plage.international.covè@bar.plage.international.covè.benin,barplageinternationalcovè.bj,TPE (<10),B2C,LinkedIn,,Actif,2026-06-29T00:15:34.441807,haute
BJ-8282A270,Café Saveur,Restauration & Hôtellerie,Covè,+229 74 10 61 78,,cafésaveur.bj,PME (10-50),B2C,LinkedIn,,Actif,2026-06-29T00:15:34.441819,moyenne
BJ-07D4B4A2,Jardin Palace,Restauration & Hôtellerie,Covè,+229 81 29 10 85,,jardinpalace.bj,PME (50-200),B2C,LinkedIn,,Actif,2026-06-29T00:15:34.441831,moyenne
BJ-BC77967E,Hôtel Village,Restauration & Hôtellerie,Covè,+229 64 22 26 57,,,PME (10-50),B2C,LinkedIn,,Actif,2026-06-29T00:15:34.441842,basse
BJ-EECA55D1,Jardin Pobè,Restauration & Hôtellerie,Pobè,+229 52 46 78 50,jardin.pobè@jardin.pobè.com,,TPE (<10),B2C,LinkedIn,,Actif,2026-06-29T00:15:34.441875,moyenne
BJ-65930780,Auberge Lac,Restauration & Hôtellerie,Pobè,+229 66 88 74 42,,aubergelac.bj,TPE (<10),B2C,LinkedIn,,Actif,2026-06-29T00:15:34.441898,moyenne
BJ-19DA1614,Café Jardin Inn,Restauration & Hôtellerie,Pobè,+229 32 58 80 67,,,Grande (>200),B2C,LinkedIn,,Actif,2026-06-29T00:15:34.441912,basse
BJ-B906D54A,Bar Plage Palace,Restauration & Hôtellerie,Pobè,+229 96 94 56 42,bar.plage.palace@bar.plage.palace.com,barplagepalace.bj,TPE (<10),B2C,LinkedIn,,Actif,2026-06-29T00:15:34.441937,haute
BJ-4BB9A5C2,Royal Bénin,Restauration & Hôtellerie,Sakété,+229 49 77 79 60,royal.bénin@royal.bénin.com,royalbénin.bj,TPE (<10),B2C,LinkedIn,,Actif,2026-06-29T00:15:34.441967,haute
BJ-57D15722,Détente Inn,Restauration & Hôtellerie,Sakété,+229 91 25 92 32,détente.inn@détente.inn.net,,TPE (<10),B2C,LinkedIn,,Actif,2026-06-29T00:15:34.441979,moyenne
BJ-3396CDA3,Pension Lac,Restauration & Hôtellerie,Sakété,+229 66 33 78 59,pension.lac@pension.lac.benin,,PME (10-50),B2C,LinkedIn,,Actif,2026-06-29T00:15:34.441991,moyenne
BJ-D02A48AC,Lac,Restauration & Hôtellerie,Sakété,+229 69 65 78 86,,,PME (10-50),B2C,LinkedIn,,Actif,2026-06-29T00:15:34.442005,basse
BJ-B15ED0D4,Détente,Restauration & Hôtellerie,Adjara,+229 80 11 92 60,détente@détente.net,détente.bj,PME (10-50),B2C,LinkedIn,,Actif,2026-06-29T00:15:34.442028,haute
BJ-B9D23CF3,Bar Royal,Restauration & Hôtellerie,Adjara,+229 62 84 21 82,bar.royal@bar.royal.benin,,PME (50-200),B2C,LinkedIn,,Actif,2026-06-29T00:15:34.442056,moyenne
BJ-DBFF8B4D,Village,Restauration & Hôtellerie,Adjara,+229 46 15 23 31,village@village.bj,village.bj,TPE (<10),B2C,LinkedIn,,Actif,2026-06-29T00:15:34.442068,haute
BJ-88E82ADE,Mer,Restauration & Hôtellerie,Adjara,+229 20 64 22 11,mer@mer.net,,PME (50-200),B2C,LinkedIn,,Actif,2026-06-29T00:15:34.442079,moyenne
BJ-CB5D9F31,Auberge Royal Café,Restauration & Hôtellerie,Allada,+229 92 53 10 51,,aubergeroyalcafé.bj,PME (10-50),B2C,LinkedIn,,Actif,2026-06-29T00:15:34.442101,moyenne
BJ-1B8415C2,Bar Jardin Allada,Restauration & Hôtellerie,Allada,+229 37 22 32 31,bar.jardin.allada@bar.jardin.allada.benin,,PME (10-50),B2C,LinkedIn,,Actif,2026-06-29T00:15:34.442113,moyenne
BJ-177AB8F6,Restaurant Détente,Restauration & Hôtellerie,Allada,+229 37 83 89 97,,,PME (50-200),B2C,LinkedIn,,Actif,2026-06-29T00:15:34.442124,basse
BJ-F2C29B72,Détente,Restauration & Hôtellerie,Allada,+229 50 86 48 30,,,TPE (<10),B2C,LinkedIn,,Actif,2026-06-29T00:15:34.442135,basse
BJ-DBF5B3A6,Pension Détente Allada,Restauration & Hôtellerie,Allada,+229 77 73 57 56,pension.détente.allada@pension.détente.allada.bj,,TPE (<10),B2C,LinkedIn,,Actif,2026-06-29T00:15:34.442147,moyenne
BJ-21535A0F,Bar Gourmet Brasserie,Restauration & Hôtellerie,Aplahoué,+229 83 97 38 60,,,PME (10-50),B2C,LinkedIn,,Actif,2026-06-29T00:15:34.442164,basse
BJ-5053841E,Brasserie Mer Brasserie,Restauration & Hôtellerie,Aplahoué,+229 44 47 53 43,,,PME (10-50),B2C,LinkedIn,,Actif,2026-06-29T00:15:34.442177,basse
BJ-A1E7D026,Grand Café,Restauration & Hôtellerie,Aplahoué,+229 92 23 58 66,,grandcafé.bj,TPE (<10),B2C,LinkedIn,,Actif,2026-06-29T00:15:34.442189,moyenne
BJ-61DE5D76,Restaurant Palace Aplahoué,Restauration & Hôtellerie,Aplahoué,+229 26 75 11 81,,restaurantpalaceaplahoué.bj,PME (50-200),B2C,LinkedIn,,Actif,2026-06-29T00:15:34.442201,moyenne
BJ-40B80FCC,Brasserie Lac,Restauration & Hôtellerie,Aplahoué,+229 66 93 52 27,brasserie.lac@brasserie.lac.org,,PME (50-200),B2C,LinkedIn,,Actif,2026-06-29T00:15:34.442213,moyenne
BJ-83A32026,Pension Royal,Restauration & Hôtellerie,Dogbo-Tota,+229 24 69 79 52,,pensionroyal.bj,PME (50-200),B2C,LinkedIn,,Actif,2026-06-29T00:15:34.442230,moyenne
BJ-A854D015,Hôtel Lac Brasserie,Restauration & Hôtellerie,Dogbo-Tota,+229 61 42 12 29,,,TPE (<10),B2C,LinkedIn,,Actif,2026-06-29T00:15:34.442248,basse
BJ-C5967E44,Hôtel Nouveau,Restauration & Hôtellerie,Dogbo-Tota,+229 63 31 18 88,hôtel.nouveau@hôtel.nouveau.com,hôtelnouveau.bj,TPE (<10),B2C,LinkedIn,,Actif,2026-06-29T00:15:34.442261,haute
BJ-0A3C7D12,Pension Nouveau Bénin,Restauration & Hôtellerie,Dogbo-Tota,+229 99 13 23 46,pension.nouveau.bénin@pension.nouveau.bénin.bj,pensionnouveaubénin.bj,TPE (<10),B2C,LinkedIn,,Actif,2026-06-29T00:15:34.442274,haute
BJ-27F8D48A,Restaurant Saveur Hotel,Restauration & Hôtellerie,Dogbo-Tota,+229 72 21 66 14,restaurant.saveur.hotel@restaurant.saveur.hotel.com,restaurantsaveurhotel.bj,PME (50-200),B2C,LinkedIn,,Actif,2026-06-29T00:15:34.442286,haute
BJ-08828699,Restaurant Détente Inn Kpomassè,Restauration & Hôtellerie,Kpomassè,+229 75 83 46 10,,restaurantdétenteinnkpomassè.bj,PME (10-50),B2C,LinkedIn,,Actif,2026-06-29T00:15:34.442306,moyenne
BJ-AC91CF0F,Table Bénin,Restauration & Hôtellerie,Kpomassè,+229 72 49 91 34,table.bénin@table.bénin.benin,tablebénin.bj,PME (10-50),B2C,LinkedIn,,Actif,2026-06-29T00:15:34.442322,haute
BJ-D07DD216,Gourmet Brasserie,Restauration & Hôtellerie,Kpomassè,+229 83 35 76 26,gourmet.brasserie@gourmet.brasserie.benin,gourmetbrasserie.bj,TPE (<10),B2C,LinkedIn,,Actif,2026-06-29T00:15:34.442335,haute
BJ-8F5886EB,Bar Goût Kpomassè,Restauration & Hôtellerie,Kpomassè,+229 53 84 22 62,,,Grande (>200),B2C,LinkedIn,,Actif,2026-06-29T00:15:34.442346,basse
BJ-95E956C3,Restaurant Ambiance,Restauration & Hôtellerie,Kpomassè,+229 84 24 85 52,,restaurantambiance.bj,TPE (<10),B2C,LinkedIn,,Actif,2026-06-29T00:15:34.442357,moyenne
BJ-96DB4CD8,Ambiance Tori-Bossito,Restauration & Hôtellerie,Tori-Bossito,+229 48 15 89 21,ambiance.toribossito@ambiance.toribossito.com,ambiancetoribossito.bj,PME (10-50),B2C,LinkedIn,,Actif,2026-06-29T00:15:34.442375,haute
BJ-735E3FE0,Jardin Tori-Bossito,Restauration & Hôtellerie,Tori-Bossito,+229 43 97 87 68,,jardintoribossito.bj,TPE (<10),B2C,LinkedIn,,Actif,2026-06-29T00:15:34.442397,moyenne
BJ-0817CB1C,Royal Brasserie,Restauration & Hôtellerie,Tori-Bossito,+229 97 10 37 96,,royalbrasserie.bj,PME (50-200),B2C,LinkedIn,,Actif,2026-06-29T00:15:34.442409,moyenne
BJ-28428268,Détente Inn,Restauration & Hôtellerie,Tori-Bossito,+229 45 61 95 96,détente.inn@détente.inn.bj,,TPE (<10),B2C,LinkedIn,,Actif,2026-06-29T00:15:34.442421,moyenne
BJ-BEBF2B67,Brasserie Palace International,Restauration & Hôtellerie,Grand-Popo,+229 35 94 23 42,,brasseriepalaceinternational.bj,TPE (<10),B2C,LinkedIn,,Actif,2026-06-29T00:15:34.442438,moyenne
BJ-BF9ED75B,Gourmet Restaurant,Restauration & Hôtellerie,Grand-Popo,+229 42 34 49 15,gourmet.restaurant@gourmet.restaurant.benin,,Grande (>200),B2C,LinkedIn,,Actif,2026-06-29T00:15:34.442456,moyenne
BJ-AC0E7DBE,Détente Inn,Restauration & Hôtellerie,Grand-Popo,+229 88 42 14 47,détente.inn@détente.inn.benin,détenteinn.bj,TPE (<10),B2C,LinkedIn,,Actif,2026-06-29T00:15:34.442469,haute
BJ-27981AD9,Goût,Restauration & Hôtellerie,Grand-Popo,+229 74 86 40 31,,goût.bj,PME (10-50),B2C,LinkedIn,,Actif,2026-06-29T00:15:34.442482,moyenne
BJ-3FE5E87C,Pension Plage Hotel,Restauration & Hôtellerie,Grand-Popo,+229 48 10 48 90,pension.plage.hotel@pension.plage.hotel.bj,,Grande (>200),B2C,LinkedIn,,Actif,2026-06-29T00:15:34.442494,moyenne
BJ-EA902422,Brasserie Gourmet Hotel,Restauration & Hôtellerie,Athiémé,+229 24 83 35 72,brasserie.gourmet.hotel@brasserie.gourmet.hotel.bj,brasseriegourmethotel.bj,TPE (<10),B2C,LinkedIn,,Actif,2026-06-29T00:15:34.442523,haute
BJ-F005DBE2,Détente Athiémé,Restauration & Hôtellerie,Athiémé,+229 60 81 74 30,détente.athiémé@détente.athiémé.net,,PME (10-50),B2C,LinkedIn,,Actif,2026-06-29T00:15:34.442535,moyenne
BJ-20FE8125,Village,Restauration & Hôtellerie,Athiémé,+229 97 11 14 18,village@village.com,,Grande (>200),B2C,LinkedIn,,Actif,2026-06-29T00:15:34.442547,moyenne
BJ-D7460EE8,Restaurant Nouveau Bénin,Restauration & Hôtellerie,Bopa,+229 39 45 40 33,restaurant.nouveau.bénin@restaurant.nouveau.bénin.bj,,TPE (<10),B2C,LinkedIn,,Actif,2026-06-29T00:15:34.442579,moyenne
BJ-FC493020,Brasserie Mer International Bopa,Restauration & Hôtellerie,Bopa,+229 29 81 43 94,brasserie.mer.international.bopa@brasserie.mer.international.bopa.bj,brasseriemerinternationalbopa.bj,TPE (<10),B2C,LinkedIn,,Actif,2026-06-29T00:15:34.442609,haute
BJ-19F602D8,Brasserie Grand Bopa,Restauration & Hôtellerie,Bopa,+229 89 62 92 37,brasserie.grand.bopa@brasserie.grand.bopa.benin,brasseriegrandbopa.bj,PME (50-200),B2C,LinkedIn,,Actif,2026-06-29T00:15:34.442628,haute
BJ-B92E602B,Plage Restaurant Bopa,Restauration & Hôtellerie,Bopa,+229 95 36 81 22,,plagerestaurantbopa.bj,TPE (<10),B2C,LinkedIn,,Actif,2026-06-29T00:15:34.442643,moyenne
BJ-1872E61B,Hôtel Nouveau,Restauration & Hôtellerie,Bopa,+229 82 95 35 19,,hôtelnouveau.bj,TPE (<10),B2C,LinkedIn,,Actif,2026-06-29T00:15:34.442679,moyenne
BJ-096B6736,Bar Table,Restauration & Hôtellerie,Houéyogbé,+229 68 49 20 37,,bartable.bj,TPE (<10),B2C,LinkedIn,,Actif,2026-06-29T00:15:34.442705,moyenne
BJ-B48CFFA6,Palace Palace,Restauration & Hôtellerie,Houéyogbé,+229 35 15 89 56,,palacepalace.bj,PME (10-50),B2C,LinkedIn,,Actif,2026-06-29T00:15:34.442717,moyenne
BJ-B7E1D50D,Café Goût,Restauration & Hôtellerie,Houéyogbé,+229 94 23 56 13,café.goût@café.goût.bj,cafégoût.bj,TPE (<10),B2C,LinkedIn,,Actif,2026-06-29T00:15:34.442736,haute
BJ-6398DB8C,Palace,Restauration & Hôtellerie,Houéyogbé,+229 76 44 90 32,,,PME (50-200),B2C,LinkedIn,,Actif,2026-06-29T00:15:34.442747,basse
BJ-3D0A26E2,Royal Palace,Restauration & Hôtellerie,Malanville,+229 84 64 26 54,royal.palace@royal.palace.com,royalpalace.bj,PME (10-50),B2C,LinkedIn,,Actif,2026-06-29T00:15:34.442792,haute
BJ-D1A5328B,Saveur Café Malanville,Restauration & Hôtellerie,Malanville,+229 94 92 99 60,saveur.café.malanville@saveur.café.malanville.org,saveurcafémalanville.bj,TPE (<10),B2C,LinkedIn,,Actif,2026-06-29T00:15:34.442807,haute
BJ-FAFAF3F3,Bar Jardin Hotel Malanville,Restauration & Hôtellerie,Malanville,+229 47 37 75 42,bar.jardin.hotel.malanville@bar.jardin.hotel.malanville.com,barjardinhotelmalanville.bj,TPE (<10),B2C,LinkedIn,,Actif,2026-06-29T00:15:34.442830,haute
BJ-9A27C056,Bar Jardin,Restauration & Hôtellerie,Kandi,+229 85 68 36 37,,barjardin.bj,PME (50-200),B2C,LinkedIn,,Actif,2026-06-29T00:15:34.442847,moyenne
BJ-568EC270,Auberge Jardin,Restauration & Hôtellerie,Kandi,+229 68 81 41 24,auberge.jardin@auberge.jardin.net,,TPE (<10),B2C,LinkedIn,,Actif,2026-06-29T00:15:34.442869,moyenne
BJ-6064FF78,Gourmet Kandi,Restauration & Hôtellerie,Kandi,+229 89 66 24 25,,gourmetkandi.bj,PME (10-50),B2C,LinkedIn,,Actif,2026-06-29T00:15:34.442880,moyenne
BJ-1EA0187E,Bar Nouveau Palace,Restauration & Hôtellerie,Kandi,+229 61 22 69 12,,barnouveaupalace.bj,PME (10-50),B2C,LinkedIn,,Actif,2026-06-29T00:15:34.442902,moyenne
BJ-588561A9,Auberge Jardin Bénin,Restauration & Hôtellerie,Banikoara,+229 35 68 19 43,auberge.jardin.bénin@auberge.jardin.bénin.bj,,PME (10-50),B2C,LinkedIn,,Actif,2026-06-29T00:15:34.442923,moyenne
BJ-6963C3B8,Gourmet Inn Banikoara,Restauration & Hôtellerie,Banikoara,+229 93 59 99 30,,gourmetinnbanikoara.bj,TPE (<10),B2C,LinkedIn,,Actif,2026-06-29T00:15:34.442939,moyenne
BJ-9C5D2238,Hôtel Mer,Restauration & Hôtellerie,Banikoara,+229 83 44 80 50,hôtel.mer@hôtel.mer.org,,PME (50-200),B2C,LinkedIn,,Actif,2026-06-29T00:15:34.442951,moyenne
BJ-E78E6470,Lac Banikoara,Restauration & Hôtellerie,Banikoara,+229 45 90 20 34,,,TPE (<10),B2C,LinkedIn,,Actif,2026-06-29T00:15:34.442977,basse
BJ-756F5467,Pension Jardin Restaurant,Restauration & Hôtellerie,Ségbana,+229 51 83 34 31,pension.jardin.restaurant@pension.jardin.restaurant.benin,,TPE (<10),B2C,LinkedIn,,Actif,2026-06-29T00:15:34.442994,moyenne
BJ-3F07A8EF,Hôtel Table,Restauration & Hôtellerie,Ségbana,+229 97 64 79 83,hôtel.table@hôtel.table.org,,TPE (<10),B2C,LinkedIn,,Actif,2026-06-29T00:15:34.443018,moyenne
BJ-4465CCE0,Lac Palace,Restauration & Hôtellerie,Ségbana,+229 55 50 38 10,,lacpalace.bj,PME (50-200),B2C,LinkedIn,,Actif,2026-06-29T00:15:34.443042,moyenne
BJ-092DB714,Palace Inn,Restauration & Hôtellerie,Karimama,+229 27 63 94 46,palace.inn@palace.inn.org,,Grande (>200),B2C,LinkedIn,,Actif,2026-06-29T00:15:34.443074,moyenne
BJ-DE4FBF3B,Auberge Jardin International,Restauration & Hôtellerie,Karimama,+229 42 23 42 57,,aubergejardininternational.bj,PME (10-50),B2C,LinkedIn,,Actif,2026-06-29T00:15:34.443101,moyenne
BJ-1567D7D9,Restaurant Goût Café,Restauration & Hôtellerie,Karimama,+229 45 11 40 81,restaurant.goût.café@restaurant.goût.café.net,restaurantgoûtcafé.bj,TPE (<10),B2C,LinkedIn,,Actif,2026-06-29T00:15:34.443114,haute
BJ-8FA9F863,Pension Nouveau,Restauration & Hôtellerie,Gogounou,+229 71 61 29 25,,,PME (10-50),B2C,LinkedIn,,Actif,2026-06-29T00:15:34.443141,basse
BJ-3A836E8E,Pension Royal,Restauration & Hôtellerie,Gogounou,+229 58 19 96 27,,,PME (10-50),B2C,LinkedIn,,Actif,2026-06-29T00:15:34.443177,basse
BJ-B67A4A09,Café Royal,Restauration & Hôtellerie,Cobly,+229 37 53 16 98,café.royal@café.royal.net,caféroyal.bj,PME (10-50),B2C,LinkedIn,,Actif,2026-06-29T00:15:34.443196,haute
BJ-E3E55D5D,Jardin,Restauration & Hôtellerie,Cobly,+229 75 12 28 97,,jardin.bj,TPE (<10),B2C,LinkedIn,,Actif,2026-06-29T00:15:34.443209,moyenne
BJ-86D8F0E1,Brasserie Lac Cobly,Restauration & Hôtellerie,Cobly,+229 28 82 37 66,,brasserielaccobly.bj,Grande (>200),B2C,LinkedIn,,Actif,2026-06-29T00:15:34.443221,moyenne
BJ-19ED8CF1,Royal Inn,Restauration & Hôtellerie,Cobly,+229 94 67 21 92,royal.inn@royal.inn.bj,royalinn.bj,PME (50-200),B2C,LinkedIn,,Actif,2026-06-29T00:15:34.443233,haute
BJ-CC5BEA85,Table,Restauration & Hôtellerie,Cobly,+229 29 57 40 51,table@table.org,table.bj,PME (50-200),B2C,LinkedIn,,Actif,2026-06-29T00:15:34.443245,haute
BJ-38C0CB4C,Ambiance Hotel,Restauration & Hôtellerie,Tanguiéta,+229 95 47 91 26,ambiance.hotel@ambiance.hotel.benin,ambiancehotel.bj,TPE (<10),B2C,LinkedIn,,Actif,2026-06-29T00:15:34.443263,haute
BJ-0695DA1C,Café Saveur Tanguiéta,Restauration & Hôtellerie,Tanguiéta,+229 37 20 15 83,café.saveur.tanguiéta@café.saveur.tanguiéta.org,,PME (10-50),B2C,LinkedIn,,Actif,2026-06-29T00:15:34.443275,moyenne
BJ-E186EB24,Hôtel Table Café,Restauration & Hôtellerie,Tanguiéta,+229 57 37 90 35,,,PME (50-200),B2C,LinkedIn,,Actif,2026-06-29T00:15:34.443286,basse
BJ-F9F94882,Hôtel Grand Brasserie,Restauration & Hôtellerie,Tanguiéta,+229 60 60 67 55,hôtel.grand.brasserie@hôtel.grand.brasserie.bj,hôtelgrandbrasserie.bj,PME (10-50),B2C,LinkedIn,,Actif,2026-06-29T00:15:34.443310,haute
BJ-625515A6,Table,Restauration & Hôtellerie,Matéri,+229 69 62 91 75,,table.bj,PME (50-200),B2C,LinkedIn,,Actif,2026-06-29T00:15:34.443327,moyenne
BJ-710327B1,Hôtel Gourmet,Restauration & Hôtellerie,Matéri,+229 59 69 73 28,,hôtelgourmet.bj,PME (50-200),B2C,LinkedIn,,Actif,2026-06-29T00:15:34.443389,moyenne
BJ-8E63A229,Ambiance Brasserie Matéri,Restauration & Hôtellerie,Matéri,+229 29 15 54 79,,ambiancebrasseriematéri.bj,TPE (<10),B2C,LinkedIn,,Actif,2026-06-29T00:15:34.443401,moyenne
BJ-40190F98,Auberge Lac,Restauration & Hôtellerie,Natitingou,+229 87 26 13 96,auberge.lac@auberge.lac.com,aubergelac.bj,TPE (<10),B2C,LinkedIn,,Actif,2026-06-29T00:15:34.443435,haute
BJ-75470F39,Nouveau Palace,Restauration & Hôtellerie,Natitingou,+229 48 36 26 10,nouveau.palace@nouveau.palace.com,,PME (50-200),B2C,LinkedIn,,Actif,2026-06-29T00:15:34.443447,moyenne
BJ-5094D5A1,Brasserie Mer,Restauration & Hôtellerie,Natitingou,+229 44 71 46 95,,brasseriemer.bj,PME (10-50),B2C,LinkedIn,,Actif,2026-06-29T00:15:34.443458,moyenne
BJ-3EBFA475,Gourmet Restaurant,Restauration & Hôtellerie,Natitingou,+229 76 20 11 45,gourmet.restaurant@gourmet.restaurant.bj,gourmetrestaurant.bj,TPE (<10),B2C,LinkedIn,,Actif,2026-06-29T00:15:34.443471,haute
BJ-81711FA6,Restaurant Saveur,Restauration & Hôtellerie,Toucountouna,+229 84 50 15 59,restaurant.saveur@restaurant.saveur.benin,,TPE (<10),B2C,LinkedIn,,Actif,2026-06-29T00:15:34.443488,moyenne
BJ-E3BE48C3,Plage Toucountouna,Restauration & Hôtellerie,Toucountouna,+229 77 31 12 58,plage.toucountouna@plage.toucountouna.com,plagetoucountouna.bj,PME (50-200),B2C,LinkedIn,,Actif,2026-06-29T00:15:34.443506,haute
BJ-74965D8A,Restaurant Nouveau,Restauration & Hôtellerie,Toucountouna,+229 63 86 25 60,,,TPE (<10),B2C,LinkedIn,,Actif,2026-06-29T00:15:34.443517,basse
BJ-FFFC6601,Plage Hotel,Restauration & Hôtellerie,Toucountouna,+229 86 62 95 71,,,PME (10-50),B2C,LinkedIn,,Actif,2026-06-29T00:15:34.443527,basse
BJ-33BBE01F,Plage,Restauration & Hôtellerie,Toucountouna,+229 69 70 51 32,plage@plage.org,,PME (50-200),B2C,LinkedIn,,Actif,2026-06-29T00:15:34.443538,moyenne
BJ-9CA016B8,Pension Grand,Restauration & Hôtellerie,Boukoumbé,+229 27 60 17 22,,pensiongrand.bj,PME (10-50),B2C,LinkedIn,,Actif,2026-06-29T00:15:34.443555,moyenne
BJ-57D50982,Plage Café,Restauration & Hôtellerie,Boukoumbé,+229 25 97 91 73,plage.café@plage.café.com,,PME (50-200),B2C,LinkedIn,,Actif,2026-06-29T00:15:34.443567,moyenne
BJ-5530039C,Brasserie Mer,Restauration & Hôtellerie,Boukoumbé,+229 96 69 48 17,,brasseriemer.bj,PME (50-200),B2C,LinkedIn,,Actif,2026-06-29T00:15:34.443581,moyenne
BJ-A7174407,Auberge Mer Restaurant,Restauration & Hôtellerie,Boukoumbé,+229 91 58 10 75,,aubergemerrestaurant.bj,TPE (<10),B2C,LinkedIn,,Actif,2026-06-29T00:15:34.443593,moyenne
BJ-3337318B,Restaurant Gourmet,Restauration & Hôtellerie,Kouandé,+229 42 68 78 41,restaurant.gourmet@restaurant.gourmet.net,restaurantgourmet.bj,PME (50-200),B2C,LinkedIn,,Actif,2026-06-29T00:15:34.443621,haute
BJ-73754088,Table Brasserie,Restauration & Hôtellerie,Kouandé,+229 82 11 39 51,table.brasserie@table.brasserie.org,,TPE (<10),B2C,LinkedIn,,Actif,2026-06-29T00:15:34.443649,moyenne
BJ-213F218D,Lac Bénin,Restauration & Hôtellerie,Kouandé,+229 29 90 88 32,,,PME (50-200),B2C,LinkedIn,,Actif,2026-06-29T00:15:34.443659,basse
BJ-3B6AD9F8,Mer Inn,Restauration & Hôtellerie,Kouandé,+229 42 33 23 97,mer.inn@mer.inn.benin,,PME (50-200),B2C,LinkedIn,,Actif,2026-06-29T00:15:34.443671,moyenne
BJ-4F6B8714,Mer Restaurant,Restauration & Hôtellerie,Péhunco,+229 34 23 61 64,mer.restaurant@mer.restaurant.bj,merrestaurant.bj,PME (50-200),B2C,LinkedIn,,Actif,2026-06-29T00:15:34.443688,haute
BJ-D3C42360,Pension Saveur,Restauration & Hôtellerie,Péhunco,+229 23 93 80 80,pension.saveur@pension.saveur.bj,pensionsaveur.bj,PME (10-50),B2C,LinkedIn,,Actif,2026-06-29T00:15:34.443700,haute
BJ-811F15DB,Table Hotel,Restauration & Hôtellerie,Péhunco,+229 91 93 53 39,,,Grande (>200),B2C,LinkedIn,,Actif,2026-06-29T00:15:34.443710,basse
BJ-60DD76AC,Goût Palace,Restauration & Hôtellerie,Péhunco,+229 92 75 34 13,,goûtpalace.bj,PME (50-200),B2C,LinkedIn,,Actif,2026-06-29T00:15:34.443722,moyenne
BJ-7CE0F66E,Village Tchaourou,Restauration & Hôtellerie,Tchaourou,+229 47 33 15 60,village.tchaourou@village.tchaourou.com,villagetchaourou.bj,TPE (<10),B2C,LinkedIn,,Actif,2026-06-29T00:15:34.443750,haute
BJ-5C42E3A3,Hôtel Goût Palace,Restauration & Hôtellerie,Tchaourou,+229 72 44 32 29,hôtel.goût.palace@hôtel.goût.palace.net,,PME (10-50),B2C,LinkedIn,,Actif,2026-06-29T00:15:34.443765,moyenne
BJ-DBF96133,Restaurant Gourmet Tchaourou,Restauration & Hôtellerie,Tchaourou,+229 20 13 61 97,,,PME (10-50),B2C,LinkedIn,,Actif,2026-06-29T00:15:34.443780,basse
BJ-BAC4784A,Jardin Palace,Restauration & Hôtellerie,Tchaourou,+229 55 98 54 75,,jardinpalace.bj,TPE (<10),B2C,LinkedIn,,Actif,2026-06-29T00:15:34.443792,moyenne
BJ-0E3D5BC6,Hôtel Saveur Bénin,Restauration & Hôtellerie,Tchaourou,+229 80 37 65 22,,hôtelsaveurbénin.bj,PME (10-50),B2C,LinkedIn,,Actif,2026-06-29T00:15:34.443804,moyenne
BJ-D64F26BF,Brasserie Saveur Nikki,Restauration & Hôtellerie,Nikki,+229 64 10 74 32,brasserie.saveur.nikki@brasserie.saveur.nikki.benin,brasseriesaveurnikki.bj,PME (10-50),B2C,LinkedIn,,Actif,2026-06-29T00:15:34.443822,haute
BJ-C0DB86E4,Village,Restauration & Hôtellerie,Nikki,+229 96 73 89 67,village@village.com,,PME (50-200),B2C,LinkedIn,,Actif,2026-06-29T00:15:34.443834,moyenne
BJ-C57D309B,Pension Grand International,Restauration & Hôtellerie,Nikki,+229 81 87 90 39,pension.grand.international@pension.grand.international.net,,PME (10-50),B2C,LinkedIn,,Actif,2026-06-29T00:15:34.443857,moyenne
BJ-A9CC6E0F,Café Village Inn Nikki,Restauration & Hôtellerie,Nikki,+229 40 25 63 65,,cafévillageinnnikki.bj,PME (50-200),B2C,LinkedIn,,Actif,2026-06-29T00:15:34.443873,moyenne
BJ-73D02569,Café Royal,Restauration & Hôtellerie,Bembéréké,+229 73 26 17 28,,,TPE (<10),B2C,LinkedIn,,Actif,2026-06-29T00:15:34.443899,basse
BJ-DAAE5FDB,Table Café,Restauration & Hôtellerie,Bembéréké,+229 21 23 89 85,,tablecafé.bj,PME (10-50),B2C,LinkedIn,,Actif,2026-06-29T00:15:34.443916,moyenne
BJ-490BA747,Table Restaurant,Restauration & Hôtellerie,Bembéréké,+229 29 61 73 29,,,TPE (<10),B2C,LinkedIn,,Actif,2026-06-29T00:15:34.443928,basse
BJ-6EF34571,Auberge Détente Bénin,Restauration & Hôtellerie,Bembéréké,+229 47 99 16 27,,aubergedétentebénin.bj,PME (10-50),B2C,LinkedIn,,Actif,2026-06-29T00:15:34.443940,moyenne
BJ-2B4ED9F3,Pension Nouveau Brasserie Kalalé,Restauration & Hôtellerie,Kalalé,+229 80 66 54 81,,pensionnouveaubrasseriekalalé.bj,PME (10-50),B2C,LinkedIn,,Actif,2026-06-29T00:15:34.443971,moyenne
BJ-1F99006A,Bar Ambiance Bénin,Restauration & Hôtellerie,Kalalé,+229 88 47 44 99,,barambiancebénin.bj,PME (10-50),B2C,LinkedIn,,Actif,2026-06-29T00:15:34.443984,moyenne
BJ-4BE1DBD0,Auberge Palace,Restauration & Hôtellerie,Kalalé,+229 27 64 40 40,auberge.palace@auberge.palace.bj,aubergepalace.bj,TPE (<10),B2C,LinkedIn,,Actif,2026-06-29T00:15:34.443996,haute
BJ-9942B341,Mer,Restauration & Hôtellerie,Kalalé,+229 87 76 86 28,mer@mer.net,mer.bj,PME (10-50),B2C,LinkedIn,,Actif,2026-06-29T00:15:34.444008,haute
BJ-607241AE,Hôtel Mer Brasserie,Restauration & Hôtellerie,Kalalé,+229 61 58 99 73,hôtel.mer.brasserie@hôtel.mer.brasserie.org,hôtelmerbrasserie.bj,TPE (<10),B2C,LinkedIn,,Actif,2026-06-29T00:15:34.444024,haute
BJ-DAB6BA8D,Village,Restauration & Hôtellerie,Ndali,+229 94 84 12 41,village@village.benin,village.bj,PME (50-200),B2C,LinkedIn,,Actif,2026-06-29T00:15:34.444070,haute
BJ-29100FFD,Café Ambiance Inn,Restauration & Hôtellerie,Ndali,+229 42 14 81 20,café.ambiance.inn@café.ambiance.inn.bj,,PME (50-200),B2C,LinkedIn,,Actif,2026-06-29T00:15:34.444082,moyenne
BJ-46EA1EA2,Café Table Ndali,Restauration & Hôtellerie,Ndali,+229 54 87 86 22,café.table.ndali@café.table.ndali.net,cafétablendali.bj,PME (10-50),B2C,LinkedIn,,Actif,2026-06-29T00:15:34.444094,haute
BJ-7CC28422,Goût Hotel,Restauration & Hôtellerie,Ségbana,+229 97 44 24 47,,goûthotel.bj,PME (10-50),B2C,LinkedIn,,Actif,2026-06-29T00:15:34.444112,moyenne
BJ-4490E0A9,Village,Restauration & Hôtellerie,Ségbana,+229 41 53 78 98,village@village.org,,TPE (<10),B2C,LinkedIn,,Actif,2026-06-29T00:15:34.444159,moyenne
BJ-303EBD44,Goût Restaurant,Restauration & Hôtellerie,Tchaourou,+229 76 57 56 67,,,PME (10-50),B2C,LinkedIn,,Actif,2026-06-29T00:15:34.444205,basse
BJ-102A6EB0,Café Jardin Brasserie,Restauration & Hôtellerie,Tchaourou,+229 21 70 10 69,café.jardin.brasserie@café.jardin.brasserie.benin,,TPE (<10),B2C,LinkedIn,,Actif,2026-06-29T00:15:34.444228,moyenne
BJ-0624277F,Bar Saveur International,Restauration & Hôtellerie,Bétérou,+229 41 84 58 76,,,TPE (<10),B2C,LinkedIn,,Actif,2026-06-29T00:15:34.444244,basse
BJ-88572920,Bar Grand,Restauration & Hôtellerie,Bétérou,+229 37 27 13 98,,bargrand.bj,TPE (<10),B2C,LinkedIn,,Actif,2026-06-29T00:15:34.444259,moyenne
BJ-A1190C54,Auberge Palace Bétérou,Restauration & Hôtellerie,Bétérou,+229 99 83 88 24,auberge.palace.bétérou@auberge.palace.bétérou.benin,aubergepalacebétérou.bj,Grande (>200),B2C,LinkedIn,,Actif,2026-06-29T00:15:34.444272,haute
BJ-E231EDE6,Mer International Bétérou,Restauration & Hôtellerie,Bétérou,+229 47 79 40 53,mer.international.bétérou@mer.international.bétérou.benin,merinternationalbétérou.bj,PME (50-200),B2C,LinkedIn,,Actif,2026-06-29T00:15:34.444285,haute
BJ-AC956E05,Hôtel Village Café Bétérou,Restauration & Hôtellerie,Bétérou,+229 81 22 13 70,,hôtelvillagecafébétérou.bj,TPE (<10),B2C,LinkedIn,,Actif,2026-06-29T00:15:34.444299,moyenne
BJ-29FA00B0,Détente,Restauration & Hôtellerie,Ouessè,+229 37 60 22 24,détente@détente.benin,détente.bj,PME (10-50),B2C,LinkedIn,,Actif,2026-06-29T00:15:34.444333,haute
BJ-01C885EA,Café Palace Hotel,Restauration & Hôtellerie,Ouessè,+229 44 33 10 21,café.palace.hotel@café.palace.hotel.org,cafépalacehotel.bj,TPE (<10),B2C,LinkedIn,,Actif,2026-06-29T00:15:34.444368,haute
BJ-B8BE6C33,Auberge Grand,Restauration & Hôtellerie,Ouessè,+229 79 48 21 25,auberge.grand@auberge.grand.net,,PME (10-50),B2C,LinkedIn,,Actif,2026-06-29T00:15:34.444400,moyenne
BJ-A602AAD2,Café Plage,Restauration & Hôtellerie,Ouessè,+229 24 98 70 80,café.plage@café.plage.com,caféplage.bj,Grande (>200),B2C,LinkedIn,,Actif,2026-06-29T00:15:34.444434,haute
BJ-8334410E,Pension Détente Restaurant,Restauration & Hôtellerie,Ouessè,+229 50 58 34 72,,,Grande (>200),B2C,LinkedIn,,Actif,2026-06-29T00:15:34.444459,basse
BJ-6B1C546F,Palace Café Glazoué,Restauration & Hôtellerie,Glazoué,+229 48 39 46 13,palace.café.glazoué@palace.café.glazoué.bj,,TPE (<10),B2C,LinkedIn,,Actif,2026-06-29T00:15:34.444493,moyenne
BJ-9DA83A03,Bar Table Glazoué,Restauration & Hôtellerie,Glazoué,+229 66 74 52 97,bar.table.glazoué@bar.table.glazoué.benin,,Grande (>200),B2C,LinkedIn,,Actif,2026-06-29T00:15:34.444508,moyenne
BJ-ADC98421,Jardin,Restauration & Hôtellerie,Glazoué,+229 72 81 83 57,,jardin.bj,PME (10-50),B2C,LinkedIn,,Actif,2026-06-29T00:15:34.444520,moyenne
BJ-F9163665,Auberge Nouveau,Restauration & Hôtellerie,Glazoué,+229 57 78 95 43,auberge.nouveau@auberge.nouveau.bj,aubergenouveau.bj,TPE (<10),B2C,LinkedIn,,Actif,2026-06-29T00:15:34.444533,haute
BJ-E2A70E54,Plage Café,Restauration & Hôtellerie,Glazoué,+229 97 20 66 10,plage.café@plage.café.org,,PME (10-50),B2C,LinkedIn,,Actif,2026-06-29T00:15:34.444545,moyenne
BJ-FAEC3726,Lac,Restauration & Hôtellerie,Dassa-Zoumè,+229 38 47 61 48,,,PME (50-200),B2C,LinkedIn,,Actif,2026-06-29T00:15:34.444562,basse
BJ-E2946689,Village Bénin,Restauration & Hôtellerie,Dassa-Zoumè,+229 60 53 45 31,,villagebénin.bj,PME (10-50),B2C,LinkedIn,,Actif,2026-06-29T00:15:34.444578,moyenne
BJ-CD7057A2,Goût International,Restauration & Hôtellerie,Dassa-Zoumè,+229 71 14 71 23,goût.international@goût.international.com,,PME (50-200),B2C,LinkedIn,,Actif,2026-06-29T00:15:34.444604,moyenne
BJ-F5313F65,Auberge Mer,Restauration & Hôtellerie,Dassa-Zoumè,+229 50 97 68 70,auberge.mer@auberge.mer.bj,aubergemer.bj,PME (10-50),B2C,LinkedIn,,Actif,2026-06-29T00:15:34.444620,haute
BJ-59C10A39,Brasserie Gourmet Hotel,Restauration & Hôtellerie,Dassa-Zoumè,+229 80 43 16 57,,,PME (10-50),B2C,LinkedIn,,Actif,2026-06-29T00:15:34.444630,basse
BJ-5E01F177,Restaurant Nouveau Restaurant Savalou,Restauration & Hôtellerie,Savalou,+229 92 59 67 35,,restaurantnouveaurestaurantsavalou.bj,TPE (<10),B2C,LinkedIn,,Actif,2026-06-29T00:15:34.444659,moyenne
BJ-BE960CA9,Jardin Brasserie,Restauration & Hôtellerie,Savalou,+229 62 97 25 61,,jardinbrasserie.bj,PME (10-50),B2C,LinkedIn,,Actif,2026-06-29T00:15:34.444673,moyenne
BJ-D71D9A19,Bar Goût,Restauration & Hôtellerie,Savalou,+229 23 69 96 28,,,TPE (<10),B2C,LinkedIn,,Actif,2026-06-29T00:15:34.444684,basse
BJ-B2C52CAD,Café Nouveau,Restauration & Hôtellerie,Savalou,+229 21 51 42 34,,cafénouveau.bj,PME (50-200),B2C,LinkedIn,,Actif,2026-06-29T00:15:34.444695,moyenne
BJ-A60DC96B,Hôtel Grand,Restauration & Hôtellerie,Bantè,+229 53 28 83 26,hôtel.grand@hôtel.grand.com,hôtelgrand.bj,TPE (<10),B2C,LinkedIn,,Actif,2026-06-29T00:15:34.444726,haute
BJ-6284C887,Hôtel Ambiance,Restauration & Hôtellerie,Bantè,+229 47 61 79 27,hôtel.ambiance@hôtel.ambiance.com,hôtelambiance.bj,PME (10-50),B2C,LinkedIn,,Actif,2026-06-29T00:15:34.444739,haute
BJ-96CD47BD,Auberge Plage Hotel,Restauration & Hôtellerie,Bantè,+229 23 39 80 67,,,TPE (<10),B2C,LinkedIn,,Actif,2026-06-29T00:15:34.444750,basse
BJ-ABB4C9F2,Goût International Djougou,Restauration & Hôtellerie,Djougou,+229 40 68 93 51,,,PME (10-50),B2C,LinkedIn,,Actif,2026-06-29T00:15:34.444777,basse
BJ-9D5DF927,Auberge Détente,Restauration & Hôtellerie,Djougou,+229 60 15 15 63,auberge.détente@auberge.détente.bj,aubergedétente.bj,TPE (<10),B2C,LinkedIn,,Actif,2026-06-29T00:15:34.444790,haute
BJ-FD5B456A,Bar Lac,Restauration & Hôtellerie,Djougou,+229 32 27 88 67,bar.lac@bar.lac.com,barlac.bj,PME (10-50),B2C,LinkedIn,,Actif,2026-06-29T00:15:34.444802,haute
BJ-09892135,Mer International,Restauration & Hôtellerie,Djougou,+229 50 42 49 49,,merinternational.bj,TPE (<10),B2C,LinkedIn,,Actif,2026-06-29T00:15:34.444813,moyenne
BJ-3F004D74,Restaurant Détente,Restauration & Hôtellerie,Djougou,+229 59 52 24 34,restaurant.détente@restaurant.détente.org,restaurantdétente.bj,PME (50-200),B2C,LinkedIn,,Actif,2026-06-29T00:15:34.444825,haute
BJ-EBE64438,Restaurant Saveur Bénin,Restauration & Hôtellerie,Ouèssè,+229 83 89 58 89,restaurant.saveur.bénin@restaurant.saveur.bénin.com,,TPE (<10),B2C,LinkedIn,,Actif,2026-06-29T00:15:34.444842,moyenne
BJ-69F01F73,Restaurant Jardin,Restauration & Hôtellerie,Ouèssè,+229 76 60 34 73,,restaurantjardin.bj,PME (10-50),B2C,LinkedIn,,Actif,2026-06-29T00:15:34.444886,moyenne
BJ-05FBA866,Brasserie Ambiance Hotel Ouèssè,Restauration & Hôtellerie,Ouèssè,+229 79 92 31 69,brasserie.ambiance.hotel.ouèssè@brasserie.ambiance.hotel.ouèssè.net,brasserieambiancehotelouèssè.bj,PME (10-50),B2C,LinkedIn,,Actif,2026-06-29T00:15:34.444928,haute
BJ-1CB1E6A4,Mer Hotel Bassila,Restauration & Hôtellerie,Bassila,+229 92 80 48 73,,,PME (50-200),B2C,LinkedIn,,Actif,2026-06-29T00:15:34.444961,basse
BJ-5C566893,Café Saveur Bassila,Restauration & Hôtellerie,Bassila,+229 41 98 30 59,,,Grande (>200),B2C,LinkedIn,,Actif,2026-06-29T00:15:34.444972,basse
BJ-C3017AF5,Bar Plage Restaurant,Restauration & Hôtellerie,Bassila,+229 93 82 43 44,bar.plage.restaurant@bar.plage.restaurant.benin,barplagerestaurant.bj,PME (50-200),B2C,LinkedIn,,Actif,2026-06-29T00:15:34.444983,haute
BJ-B64C04D7,Bar Ambiance,Restauration & Hôtellerie,Bassila,+229 33 96 63 22,bar.ambiance@bar.ambiance.org,barambiance.bj,Grande (>200),B2C,LinkedIn,,Actif,2026-06-29T00:15:34.444995,haute
BJ-A345150F,Auberge Lac Hotel,Restauration & Hôtellerie,Bassila,+229 56 17 42 23,,,TPE (<10),B2C,LinkedIn,,Actif,2026-06-29T00:15:34.445004,basse
BJ-D1398ED3,Lac Hotel,Restauration & Hôtellerie,Pehunco,+229 89 26 79 14,lac.hotel@lac.hotel.bj,lachotel.bj,PME (10-50),B2C,LinkedIn,,Actif,2026-06-29T00:15:34.445036,haute
BJ-1E8C4C58,Grand Café,Restauration & Hôtellerie,Pehunco,+229 95 33 79 50,grand.café@grand.café.bj,,TPE (<10),B2C,LinkedIn,,Actif,2026-06-29T00:15:34.445048,moyenne
BJ-7E854513,Saveur Café,Restauration & Hôtellerie,Pehunco,+229 58 78 87 63,saveur.café@saveur.café.com,,PME (10-50),B2C,LinkedIn,,Actif,2026-06-29T00:15:34.445062,moyenne
BJ-EE779304,Plage,Restauration & Hôtellerie,Pehunco,+229 74 11 89 80,plage@plage.bj,plage.bj,TPE (<10),B2C,LinkedIn,,Actif,2026-06-29T00:15:34.445074,haute
BJ-3E44FFF9,Village Café,Restauration & Hôtellerie,Copargo,+229 22 64 65 83,,villagecafé.bj,TPE (<10),B2C,LinkedIn,,Actif,2026-06-29T00:15:34.445092,moyenne
BJ-982465CC,Lac,Restauration & Hôtellerie,Copargo,+229 26 17 59 24,,lac.bj,PME (50-200),B2C,LinkedIn,,Actif,2026-06-29T00:15:34.445120,moyenne
BJ-E3D27684,Brasserie Village,Restauration & Hôtellerie,Copargo,+229 90 98 14 41,brasserie.village@brasserie.village.net,,TPE (<10),B2C,LinkedIn,,Actif,2026-06-29T00:15:34.445133,moyenne
BJ-0C6880DA,Hôtel Lac Copargo,Restauration & Hôtellerie,Copargo,+229 64 28 56 56,,hôtellaccopargo.bj,TPE (<10),B2C,LinkedIn,,Actif,2026-06-29T00:15:34.445144,moyenne
BJ-694EE8AD,Palace Café,Restauration & Hôtellerie,Copargo,+229 55 68 44 40,,palacecafé.bj,PME (10-50),B2C,LinkedIn,,Actif,2026-06-29T00:15:34.445155,moyenne
BJ-EC0C225D,Pharmacie Vie Cotonou,Santé & Pharmacie,Cotonou,+229 66 15 84 69,pharmacie.vie.cotonou@pharmacie.vie.cotonou.benin,pharmacieviecotonou.bj,TPE (<10),B2C,LinkedIn,,Actif,2026-06-29T00:15:34.445175,haute
BJ-2FB4454C,Hôpital Guérison,Santé & Pharmacie,Cotonou,+229 21 34 65 12,hôpital.guérison@hôpital.guérison.org,hôpitalguérison.bj,PME (10-50),B2B,LinkedIn,,Actif,2026-06-29T00:15:34.445191,haute
BJ-6AEB0274,Sainte International,Santé & Pharmacie,Cotonou,+229 37 45 14 40,sainte.international@sainte.international.org,sainteinternational.bj,TPE (<10),B2B,LinkedIn,,Actif,2026-06-29T00:15:34.445203,haute
BJ-92A080B8,Hôpital Vie Cotonou,Santé & Pharmacie,Cotonou,+229 82 34 44 68,hôpital.vie.cotonou@hôpital.vie.cotonou.bj,hôpitalviecotonou.bj,PME (10-50),B2C,LinkedIn,,Actif,2026-06-29T00:15:34.445226,haute
BJ-2C71238E,Cabinet Nouveau,Santé & Pharmacie,Abomey-Calavi,+229 82 89 39 40,,cabinetnouveau.bj,TPE (<10),B2B,LinkedIn,,Actif,2026-06-29T00:15:34.445243,moyenne
BJ-84264AC6,Centre Saint Bénin Abomey-Calavi,Santé & Pharmacie,Abomey-Calavi,+229 46 89 52 82,centre.saint.bénin.abomeycalavi@centre.saint.bénin.abomeycalavi.benin,centresaintbéninabomeycalavi.bj,PME (10-50),B2C,LinkedIn,,Actif,2026-06-29T00:15:34.445268,haute
BJ-3CE69EC9,Centre Soins International Abomey-Calavi,Santé & Pharmacie,Abomey-Calavi,+229 83 86 65 52,centre.soins.international.abomeycalavi@centre.soins.international.abomeycalavi.org,,PME (50-200),B2B,LinkedIn,,Actif,2026-06-29T00:15:34.445280,moyenne
BJ-47CADF2F,Laboratoire Urgence Pharmacie,Santé & Pharmacie,Abomey-Calavi,+229 56 47 98 71,,,PME (10-50),B2C,LinkedIn,,Actif,2026-06-29T00:15:34.445289,basse
BJ-030C0880,Centre Médicament Clinique,Santé & Pharmacie,Porto-Novo,+229 25 78 22 37,centre.médicament.clinique@centre.médicament.clinique.net,,PME (10-50),B2B,LinkedIn,,Actif,2026-06-29T00:15:34.445307,moyenne
BJ-D5B29271,Pharmacie Central Hôpital,Santé & Pharmacie,Porto-Novo,+229 32 30 53 91,pharmacie.central.hôpital@pharmacie.central.hôpital.benin,,TPE (<10),B2C,LinkedIn,,Actif,2026-06-29T00:15:34.445322,moyenne
BJ-B2FE3963,Cabinet Pharma,Santé & Pharmacie,Porto-Novo,+229 69 85 60 90,cabinet.pharma@cabinet.pharma.org,,PME (10-50),B2B,LinkedIn,,Actif,2026-06-29T00:15:34.445336,moyenne
BJ-DB447907,Clinique Emergency Pharmacie Porto-Novo,Santé & Pharmacie,Porto-Novo,+229 31 21 20 54,clinique.emergency.pharmacie.portonovo@clinique.emergency.pharmacie.portonovo.org,cliniqueemergencypharmacieportonovo.bj,TPE (<10),B2B,LinkedIn,,Actif,2026-06-29T00:15:34.445348,haute
BJ-B7B396CC,Pharmacie Saint,Santé & Pharmacie,Porto-Novo,+229 70 80 84 93,pharmacie.saint@pharmacie.saint.bj,pharmaciesaint.bj,TPE (<10),B2C,LinkedIn,,Actif,2026-06-29T00:15:34.445360,haute
BJ-0248CFA0,Laboratoire Soins,Santé & Pharmacie,Parakou,+229 52 23 28 54,laboratoire.soins@laboratoire.soins.bj,laboratoiresoins.bj,PME (10-50),B2B,LinkedIn,,Actif,2026-06-29T00:15:34.445378,haute
BJ-D443713D,Centre Central,Santé & Pharmacie,Parakou,+229 85 92 27 81,centre.central@centre.central.com,centrecentral.bj,PME (10-50),B2C,LinkedIn,,Actif,2026-06-29T00:15:34.445389,haute
BJ-4FA05C8B,Santé Clinique Parakou,Santé & Pharmacie,Parakou,+229 43 89 20 38,,santécliniqueparakou.bj,PME (10-50),B2C,LinkedIn,,Actif,2026-06-29T00:15:34.445404,moyenne
BJ-0399DF37,Clinique Royal Cabinet,Santé & Pharmacie,Parakou,+229 69 51 85 43,clinique.royal.cabinet@clinique.royal.cabinet.bj,cliniqueroyalcabinet.bj,TPE (<10),B2C,LinkedIn,,Actif,2026-06-29T00:15:34.445428,haute
BJ-E5BC4B2C,Cabinet Médicament Bénin,Santé & Pharmacie,Bohicon,+229 37 44 78 35,cabinet.médicament.bénin@cabinet.médicament.bénin.org,,TPE (<10),B2B,LinkedIn,,Actif,2026-06-29T00:15:34.445446,moyenne
BJ-104225AB,Médicament Centre,Santé & Pharmacie,Bohicon,+229 83 70 16 42,,,TPE (<10),B2C,LinkedIn,,Actif,2026-06-29T00:15:34.445459,basse
BJ-DF2AEDB1,Clinique Pharma Bohicon,Santé & Pharmacie,Bohicon,+229 27 41 36 28,clinique.pharma.bohicon@clinique.pharma.bohicon.bj,,PME (10-50),B2B,LinkedIn,,Actif,2026-06-29T00:15:34.445471,moyenne
BJ-E5528978,Santé International Bohicon,Santé & Pharmacie,Bohicon,+229 58 24 60 48,santé.international.bohicon@santé.international.bohicon.net,santéinternationalbohicon.bj,TPE (<10),B2B,LinkedIn,,Actif,2026-06-29T00:15:34.445484,haute
BJ-584D9AB3,Centre Central Bohicon,Santé & Pharmacie,Bohicon,+229 47 29 79 26,centre.central.bohicon@centre.central.bohicon.net,centrecentralbohicon.bj,Grande (>200),B2C,LinkedIn,,Actif,2026-06-29T00:15:34.445495,haute
BJ-52370463,Pharmacie Saint International,Santé & Pharmacie,Natitingou,+229 90 57 78 34,,,TPE (<10),B2B,LinkedIn,,Actif,2026-06-29T00:15:34.445514,basse
BJ-CDEDC8CA,Pharmacie Médical Medical,Santé & Pharmacie,Natitingou,+229 44 41 68 89,pharmacie.médical.medical@pharmacie.médical.medical.net,,Grande (>200),B2B,LinkedIn,,Actif,2026-06-29T00:15:34.445527,moyenne
BJ-24EF5250,Sainte Clinique,Santé & Pharmacie,Natitingou,+229 37 60 13 55,sainte.clinique@sainte.clinique.org,sainteclinique.bj,TPE (<10),B2C,LinkedIn,,Actif,2026-06-29T00:15:34.445538,haute
BJ-93658464,Clinique Pharma Natitingou,Santé & Pharmacie,Natitingou,+229 20 58 37 95,,,PME (50-200),B2B,LinkedIn,,Actif,2026-06-29T00:15:34.445569,basse
BJ-4CE14E05,Centre Soins International,Santé & Pharmacie,Natitingou,+229 81 40 30 17,centre.soins.international@centre.soins.international.com,centresoinsinternational.bj,PME (10-50),B2C,LinkedIn,,Actif,2026-06-29T00:15:34.445582,haute
BJ-0B66E759,Nouveau Lokossa,Santé & Pharmacie,Lokossa,+229 76 37 58 88,nouveau.lokossa@nouveau.lokossa.net,,TPE (<10),B2C,LinkedIn,,Actif,2026-06-29T00:15:34.445629,moyenne
BJ-CCDBF8F6,Laboratoire Royal,Santé & Pharmacie,Lokossa,+229 39 94 11 72,,,PME (50-200),B2B,LinkedIn,,Actif,2026-06-29T00:15:34.445693,basse
BJ-3986CB99,Pharma Centre,Santé & Pharmacie,Ouidah,+229 30 92 63 89,,,TPE (<10),B2B,LinkedIn,,Actif,2026-06-29T00:15:34.445709,basse
BJ-C78106B3,Centre Médical Centre,Santé & Pharmacie,Ouidah,+229 27 64 43 28,centre.médical.centre@centre.médical.centre.bj,centremédicalcentre.bj,PME (50-200),B2C,LinkedIn,,Actif,2026-06-29T00:15:34.445722,haute
BJ-7E8B38E0,Cabinet Guérison,Santé & Pharmacie,Ouidah,+229 91 51 93 99,cabinet.guérison@cabinet.guérison.benin,,TPE (<10),B2C,LinkedIn,,Actif,2026-06-29T00:15:34.445734,moyenne
BJ-B0A8A05B,Hôpital Nouveau Medical,Santé & Pharmacie,Savalou,+229 39 34 58 29,hôpital.nouveau.medical@hôpital.nouveau.medical.com,,TPE (<10),B2C,LinkedIn,,Actif,2026-06-29T00:15:34.445774,moyenne
BJ-A212646F,Pharmacie Santé,Santé & Pharmacie,Savalou,+229 47 13 89 59,,pharmaciesanté.bj,PME (10-50),B2B,LinkedIn,,Actif,2026-06-29T00:15:34.445788,moyenne
BJ-043C4957,Cabinet Santé International,Santé & Pharmacie,Savalou,+229 93 12 27 44,,,PME (10-50),B2B,LinkedIn,,Actif,2026-06-29T00:15:34.445810,basse
BJ-68EA569A,Cabinet Médical Bénin,Santé & Pharmacie,Savalou,+229 63 89 58 83,cabinet.médical.bénin@cabinet.médical.bénin.bj,cabinetmédicalbénin.bj,PME (50-200),B2C,LinkedIn,,Actif,2026-06-29T00:15:34.445825,haute
BJ-CB19853F,Centre Santé Medical,Santé & Pharmacie,Dassa-Zoumè,+229 20 88 28 27,centre.santé.medical@centre.santé.medical.net,centresantémedical.bj,PME (50-200),B2B,LinkedIn,,Actif,2026-06-29T00:15:34.445843,haute
BJ-3B017CC8,Royal Centre,Santé & Pharmacie,Dassa-Zoumè,+229 32 95 20 57,royal.centre@royal.centre.bj,royalcentre.bj,PME (10-50),B2C,LinkedIn,,Actif,2026-06-29T00:15:34.445870,haute
BJ-2B58FBEF,Pharma Centre,Santé & Pharmacie,Dassa-Zoumè,+229 89 79 68 78,,,TPE (<10),B2C,LinkedIn,,Actif,2026-06-29T00:15:34.445881,basse
BJ-1B218E22,Urgence Cabinet,Santé & Pharmacie,Dassa-Zoumè,+229 48 29 88 45,,,Grande (>200),B2C,LinkedIn,,Actif,2026-06-29T00:15:34.445901,basse
BJ-9F3544C8,Sainte Hôpital,Santé & Pharmacie,Kétou,+229 80 88 49 56,sainte.hôpital@sainte.hôpital.benin,saintehôpital.bj,TPE (<10),B2B,LinkedIn,,Actif,2026-06-29T00:15:34.445939,haute
BJ-1055A6F7,Sainte Centre Kétou,Santé & Pharmacie,Kétou,+229 57 72 77 88,sainte.centre.kétou@sainte.centre.kétou.org,saintecentrekétou.bj,PME (50-200),B2C,LinkedIn,,Actif,2026-06-29T00:15:34.445969,haute
BJ-ED6B7419,Central Kétou,Santé & Pharmacie,Kétou,+229 58 88 88 11,central.kétou@central.kétou.org,centralkétou.bj,TPE (<10),B2C,LinkedIn,,Actif,2026-06-29T00:15:34.445982,haute
BJ-5AB11710,Clinique Médical,Santé & Pharmacie,Kétou,+229 46 81 46 66,,cliniquemédical.bj,Grande (>200),B2B,LinkedIn,,Actif,2026-06-29T00:15:34.445992,moyenne
BJ-080C3828,Sainte Bénin Kétou,Santé & Pharmacie,Kétou,+229 71 56 51 48,sainte.bénin.kétou@sainte.bénin.kétou.com,saintebéninkétou.bj,TPE (<10),B2B,LinkedIn,,Actif,2026-06-29T00:15:34.446004,haute
BJ-78754D47,Cabinet Urgence,Santé & Pharmacie,Covè,+229 89 46 58 47,cabinet.urgence@cabinet.urgence.com,,PME (10-50),B2C,LinkedIn,,Actif,2026-06-29T00:15:34.446021,moyenne
BJ-A609D281,Hôpital Médical Bénin,Santé & Pharmacie,Covè,+229 39 97 77 59,hôpital.médical.bénin@hôpital.médical.bénin.net,hôpitalmédicalbénin.bj,PME (10-50),B2C,LinkedIn,,Actif,2026-06-29T00:15:34.446033,haute
BJ-F8845590,Saint Clinique Covè,Santé & Pharmacie,Covè,+229 68 78 55 22,saint.clinique.covè@saint.clinique.covè.benin,,TPE (<10),B2C,LinkedIn,,Actif,2026-06-29T00:15:34.446045,moyenne
BJ-7B87B669,Hôpital Médicament Bénin,Santé & Pharmacie,Covè,+229 77 40 96 92,,hôpitalmédicamentbénin.bj,TPE (<10),B2C,LinkedIn,,Actif,2026-06-29T00:15:34.446056,moyenne
BJ-38662458,Hôpital Guérison Centre,Santé & Pharmacie,Covè,+229 38 56 71 55,,hôpitalguérisoncentre.bj,PME (50-200),B2C,LinkedIn,,Actif,2026-06-29T00:15:34.446067,moyenne
BJ-8003B0C1,Médicament Bénin,Santé & Pharmacie,Pobè,+229 39 28 85 46,,,PME (10-50),B2B,LinkedIn,,Actif,2026-06-29T00:15:34.446096,basse
BJ-6D2E1525,Sainte,Santé & Pharmacie,Pobè,+229 67 83 45 91,,sainte.bj,TPE (<10),B2B,LinkedIn,,Actif,2026-06-29T00:15:34.446107,moyenne
BJ-B53E3455,Laboratoire Vie Bénin,Santé & Pharmacie,Pobè,+229 52 96 51 40,laboratoire.vie.bénin@laboratoire.vie.bénin.benin,laboratoireviebénin.bj,PME (10-50),B2B,LinkedIn,,Actif,2026-06-29T00:15:34.446119,haute
BJ-820C959F,Laboratoire Vie Pharmacie,Santé & Pharmacie,Pobè,+229 58 61 19 34,laboratoire.vie.pharmacie@laboratoire.vie.pharmacie.net,laboratoireviepharmacie.bj,PME (10-50),B2C,LinkedIn,,Actif,2026-06-29T00:15:34.446134,haute
BJ-23A48252,Laboratoire Santé,Santé & Pharmacie,Sakété,+229 63 49 14 56,,laboratoiresanté.bj,TPE (<10),B2B,LinkedIn,,Actif,2026-06-29T00:15:34.446157,moyenne
BJ-6C5C05F2,Hôpital Médical International,Santé & Pharmacie,Sakété,+229 99 78 10 54,,hôpitalmédicalinternational.bj,PME (50-200),B2C,LinkedIn,,Actif,2026-06-29T00:15:34.446180,moyenne
BJ-5AD49FCC,Clinique Soins,Santé & Pharmacie,Sakété,+229 76 40 35 23,,,PME (50-200),B2B,LinkedIn,,Actif,2026-06-29T00:15:34.446191,basse
BJ-9999857F,Centre Sainte,Santé & Pharmacie,Sakété,+229 52 76 15 16,,,TPE (<10),B2B,LinkedIn,,Actif,2026-06-29T00:15:34.446200,basse
BJ-0BA43849,Bien-être Cabinet,Santé & Pharmacie,Adjara,+229 69 67 90 16,bienêtre.cabinet@bienêtre.cabinet.com,bienêtrecabinet.bj,TPE (<10),B2B,LinkedIn,,Actif,2026-06-29T00:15:34.446218,haute
BJ-ACA52A1C,Pharma Hôpital,Santé & Pharmacie,Adjara,+229 67 64 79 79,pharma.hôpital@pharma.hôpital.bj,,TPE (<10),B2B,LinkedIn,,Actif,2026-06-29T00:15:34.446232,moyenne
BJ-2F4A2940,Centre Pharma,Santé & Pharmacie,Adjara,+229 41 14 84 60,centre.pharma@centre.pharma.net,,PME (10-50),B2B,LinkedIn,,Actif,2026-06-29T00:15:34.446244,moyenne
BJ-A15C3E8E,Guérison Cabinet,Santé & Pharmacie,Adjara,+229 71 67 19 58,,,PME (10-50),B2C,LinkedIn,,Actif,2026-06-29T00:15:34.446254,basse
BJ-5E4B60FC,Emergency International,Santé & Pharmacie,Adjara,+229 60 62 35 99,,,TPE (<10),B2B,LinkedIn,,Actif,2026-06-29T00:15:34.446263,basse
BJ-E7C137E6,Urgence Clinique,Santé & Pharmacie,Allada,+229 87 84 37 25,,urgenceclinique.bj,TPE (<10),B2B,LinkedIn,,Actif,2026-06-29T00:15:34.446280,moyenne
BJ-D39B4D67,Urgence,Santé & Pharmacie,Allada,+229 36 53 34 39,urgence@urgence.net,,TPE (<10),B2B,LinkedIn,,Actif,2026-06-29T00:15:34.446291,moyenne
BJ-23F0D46A,Pharma Allada,Santé & Pharmacie,Allada,+229 22 91 67 23,,pharmaallada.bj,TPE (<10),B2C,LinkedIn,,Actif,2026-06-29T00:15:34.446301,moyenne
BJ-9177FB2E,Centre Emergency,Santé & Pharmacie,Allada,+229 83 49 44 99,centre.emergency@centre.emergency.benin,centreemergency.bj,PME (10-50),B2B,LinkedIn,,Actif,2026-06-29T00:15:34.446327,haute
BJ-4295E685,Laboratoire Sainte Cabinet Aplahoué,Santé & Pharmacie,Aplahoué,+229 69 62 75 15,laboratoire.sainte.cabinet.aplahoué@laboratoire.sainte.cabinet.aplahoué.benin,,PME (10-50),B2B,LinkedIn,,Actif,2026-06-29T00:15:34.446375,moyenne
BJ-9D25DBC5,Emergency Bénin,Santé & Pharmacie,Aplahoué,+229 43 76 79 99,emergency.bénin@emergency.bénin.org,emergencybénin.bj,Grande (>200),B2C,LinkedIn,,Actif,2026-06-29T00:15:34.446404,haute
BJ-455A7887,Cabinet Nouveau Aplahoué,Santé & Pharmacie,Aplahoué,+229 46 74 94 89,cabinet.nouveau.aplahoué@cabinet.nouveau.aplahoué.net,cabinetnouveauaplahoué.bj,TPE (<10),B2C,LinkedIn,,Actif,2026-06-29T00:15:34.446417,haute
BJ-02178126,Laboratoire Central,Santé & Pharmacie,Dogbo-Tota,+229 89 51 89 51,laboratoire.central@laboratoire.central.net,,TPE (<10),B2C,LinkedIn,,Actif,2026-06-29T00:15:34.446446,moyenne
BJ-C619FF8D,Emergency,Santé & Pharmacie,Dogbo-Tota,+229 20 81 57 34,,emergency.bj,PME (10-50),B2C,LinkedIn,,Actif,2026-06-29T00:15:34.446457,moyenne
BJ-95F06A19,Soins,Santé & Pharmacie,Dogbo-Tota,+229 77 61 43 92,,,TPE (<10),B2B,LinkedIn,,Actif,2026-06-29T00:15:34.446477,basse
BJ-3BA6DB69,Pharmacie Emergency,Santé & Pharmacie,Dogbo-Tota,+229 57 62 62 67,pharmacie.emergency@pharmacie.emergency.org,pharmacieemergency.bj,TPE (<10),B2C,LinkedIn,,Actif,2026-06-29T00:15:34.446506,haute
BJ-AC041A2C,Urgence Kpomassè,Santé & Pharmacie,Kpomassè,+229 77 39 74 92,urgence.kpomassè@urgence.kpomassè.benin,urgencekpomassè.bj,PME (10-50),B2C,LinkedIn,,Actif,2026-06-29T00:15:34.446538,haute
BJ-38CAD876,Centre Guérison Centre,Santé & Pharmacie,Kpomassè,+229 60 60 72 67,centre.guérison.centre@centre.guérison.centre.net,,TPE (<10),B2B,LinkedIn,,Actif,2026-06-29T00:15:34.446570,moyenne
BJ-98C6CBDA,Centre Urgence Kpomassè,Santé & Pharmacie,Kpomassè,+229 29 72 89 16,centre.urgence.kpomassè@centre.urgence.kpomassè.bj,centreurgencekpomassè.bj,TPE (<10),B2C,LinkedIn,,Actif,2026-06-29T00:15:34.446585,haute
BJ-EC8BE3D3,Royal Hôpital,Santé & Pharmacie,Kpomassè,+229 86 16 13 60,royal.hôpital@royal.hôpital.org,royalhôpital.bj,PME (50-200),B2B,LinkedIn,,Actif,2026-06-29T00:15:34.446611,haute
BJ-00C2D218,Santé Centre,Santé & Pharmacie,Kpomassè,+229 96 33 66 75,santé.centre@santé.centre.benin,,TPE (<10),B2C,LinkedIn,,Actif,2026-06-29T00:15:34.446622,moyenne
BJ-C8314CE7,Laboratoire Urgence,Santé & Pharmacie,Tori-Bossito,+229 81 88 47 86,laboratoire.urgence@laboratoire.urgence.com,laboratoireurgence.bj,PME (10-50),B2C,LinkedIn,,Actif,2026-06-29T00:15:34.446641,haute
BJ-7A381EAE,Médical International,Santé & Pharmacie,Tori-Bossito,+229 64 76 27 21,,,PME (50-200),B2C,LinkedIn,,Actif,2026-06-29T00:15:34.446651,basse
BJ-825422F4,Urgence Tori-Bossito,Santé & Pharmacie,Tori-Bossito,+229 57 86 68 22,urgence.toribossito@urgence.toribossito.benin,,PME (10-50),B2C,LinkedIn,,Actif,2026-06-29T00:15:34.446666,moyenne
BJ-F6EA935C,Laboratoire Soins,Santé & Pharmacie,Tori-Bossito,+229 47 39 78 50,laboratoire.soins@laboratoire.soins.benin,laboratoiresoins.bj,Grande (>200),B2B,LinkedIn,,Actif,2026-06-29T00:15:34.446678,haute
BJ-FF492472,Centre Pharma Hôpital Tori-Bossito,Santé & Pharmacie,Tori-Bossito,+229 71 30 33 75,centre.pharma.hôpital.toribossito@centre.pharma.hôpital.toribossito.benin,,PME (10-50),B2C,LinkedIn,,Actif,2026-06-29T00:15:34.446691,moyenne
BJ-2809CC6F,Laboratoire Central Pharmacie,Santé & Pharmacie,Grand-Popo,+229 38 74 43 92,laboratoire.central.pharmacie@laboratoire.central.pharmacie.net,,TPE (<10),B2B,LinkedIn,,Actif,2026-06-29T00:15:34.446708,moyenne
BJ-11B64113,Clinique Médicament Grand-Popo,Santé & Pharmacie,Grand-Popo,+229 84 33 85 45,clinique.médicament.grandpopo@clinique.médicament.grandpopo.benin,,PME (10-50),B2B,LinkedIn,,Actif,2026-06-29T00:15:34.446723,moyenne
BJ-6FA96A6F,Laboratoire Urgence Medical,Santé & Pharmacie,Grand-Popo,+229 78 72 35 10,,,TPE (<10),B2C,LinkedIn,,Actif,2026-06-29T00:15:34.446734,basse
BJ-838D7744,Soins Grand-Popo,Santé & Pharmacie,Grand-Popo,+229 85 61 50 59,soins.grandpopo@soins.grandpopo.com,soinsgrandpopo.bj,PME (50-200),B2B,LinkedIn,,Actif,2026-06-29T00:15:34.446746,haute
BJ-1D305707,Guérison Medical,Santé & Pharmacie,Grand-Popo,+229 72 39 11 54,guérison.medical@guérison.medical.com,guérisonmedical.bj,PME (10-50),B2C,LinkedIn,,Actif,2026-06-29T00:15:34.446758,haute
BJ-E076C675,Hôpital Saint Clinique Athiémé,Santé & Pharmacie,Athiémé,+229 24 64 48 64,hôpital.saint.clinique.athiémé@hôpital.saint.clinique.athiémé.org,hôpitalsaintcliniqueathiémé.bj,PME (10-50),B2B,LinkedIn,,Actif,2026-06-29T00:15:34.446777,haute
BJ-6A4196D4,Médicament Bénin,Santé & Pharmacie,Athiémé,+229 57 21 45 65,médicament.bénin@médicament.bénin.bj,médicamentbénin.bj,Grande (>200),B2B,LinkedIn,,Actif,2026-06-29T00:15:34.446789,haute
BJ-114A5542,Cabinet Bien-être Medical,Santé & Pharmacie,Athiémé,+229 92 41 81 44,cabinet.bienêtre.medical@cabinet.bienêtre.medical.net,cabinetbienêtremedical.bj,PME (10-50),B2C,LinkedIn,,Actif,2026-06-29T00:15:34.446801,haute
BJ-FE254EB6,Centre Vie Athiémé,Santé & Pharmacie,Athiémé,+229 29 73 86 95,centre.vie.athiémé@centre.vie.athiémé.org,,TPE (<10),B2B,LinkedIn,,Actif,2026-06-29T00:15:34.446813,moyenne
BJ-AB775E7B,Urgence Centre,Santé & Pharmacie,Athiémé,+229 64 38 99 36,urgence.centre@urgence.centre.bj,,PME (10-50),B2B,LinkedIn,,Actif,2026-06-29T00:15:34.446824,moyenne
BJ-2272FD64,Pharmacie Emergency,Santé & Pharmacie,Bopa,+229 64 12 64 88,pharmacie.emergency@pharmacie.emergency.org,,TPE (<10),B2B,LinkedIn,,Actif,2026-06-29T00:15:34.446841,moyenne
BJ-08D022E4,Pharmacie Pharma,Santé & Pharmacie,Bopa,+229 90 74 85 31,pharmacie.pharma@pharmacie.pharma.com,pharmaciepharma.bj,Grande (>200),B2B,LinkedIn,,Actif,2026-06-29T00:15:34.446866,haute
BJ-526A907D,Médical International,Santé & Pharmacie,Bopa,+229 97 99 57 88,médical.international@médical.international.net,médicalinternational.bj,PME (50-200),B2C,LinkedIn,,Actif,2026-06-29T00:15:34.446878,haute
BJ-FE05BEFF,Cabinet Médical,Santé & Pharmacie,Bopa,+229 64 40 22 63,cabinet.médical@cabinet.médical.bj,cabinetmédical.bj,TPE (<10),B2C,LinkedIn,,Actif,2026-06-29T00:15:34.446903,haute
BJ-209EC791,Laboratoire Santé,Santé & Pharmacie,Houéyogbé,+229 80 70 35 85,laboratoire.santé@laboratoire.santé.net,laboratoiresanté.bj,TPE (<10),B2C,LinkedIn,,Actif,2026-06-29T00:15:34.446976,haute
BJ-23EFDF1F,Cabinet Sainte,Santé & Pharmacie,Houéyogbé,+229 39 59 23 67,,cabinetsainte.bj,PME (10-50),B2C,LinkedIn,,Actif,2026-06-29T00:15:34.446988,moyenne
BJ-CE5F3C96,Médical Bénin,Santé & Pharmacie,Houéyogbé,+229 73 56 88 13,,,PME (10-50),B2C,LinkedIn,,Actif,2026-06-29T00:15:34.446998,basse
BJ-30D24BFC,Vie Houéyogbé,Santé & Pharmacie,Houéyogbé,+229 93 12 18 37,,,PME (10-50),B2C,LinkedIn,,Actif,2026-06-29T00:15:34.447009,basse
BJ-8D987323,Emergency Medical,Santé & Pharmacie,Malanville,+229 39 77 21 82,emergency.medical@emergency.medical.com,,TPE (<10),B2B,LinkedIn,,Actif,2026-06-29T00:15:34.447041,moyenne
BJ-119566B9,Centre Médicament,Santé & Pharmacie,Malanville,+229 73 17 88 45,centre.médicament@centre.médicament.net,,PME (50-200),B2C,LinkedIn,,Actif,2026-06-29T00:15:34.447056,moyenne
BJ-0961B70D,Nouveau,Santé & Pharmacie,Malanville,+229 38 79 20 60,nouveau@nouveau.benin,,PME (10-50),B2C,LinkedIn,,Actif,2026-06-29T00:15:34.447068,moyenne
BJ-E08A0846,Cabinet Pharma Bénin,Santé & Pharmacie,Malanville,+229 26 65 84 76,cabinet.pharma.bénin@cabinet.pharma.bénin.benin,cabinetpharmabénin.bj,PME (10-50),B2B,LinkedIn,,Actif,2026-06-29T00:15:34.447080,haute
BJ-F906454E,Saint Centre,Santé & Pharmacie,Malanville,+229 64 32 17 50,saint.centre@saint.centre.org,,PME (50-200),B2B,LinkedIn,,Actif,2026-06-29T00:15:34.447091,moyenne
BJ-728AA0C0,Cabinet Médical Hôpital,Santé & Pharmacie,Kandi,+229 65 43 20 44,cabinet.médical.hôpital@cabinet.médical.hôpital.net,cabinetmédicalhôpital.bj,TPE (<10),B2B,LinkedIn,,Actif,2026-06-29T00:15:34.447109,haute
BJ-5E5E0E7C,Saint Kandi,Santé & Pharmacie,Kandi,+229 23 60 45 27,saint.kandi@saint.kandi.bj,saintkandi.bj,TPE (<10),B2C,LinkedIn,,Actif,2026-06-29T00:15:34.447121,haute
BJ-8E97D557,Centre Nouveau,Santé & Pharmacie,Kandi,+229 81 33 20 49,centre.nouveau@centre.nouveau.com,centrenouveau.bj,TPE (<10),B2C,LinkedIn,,Actif,2026-06-29T00:15:34.447132,haute
BJ-952C3738,Royal Medical,Santé & Pharmacie,Kandi,+229 87 64 78 36,,royalmedical.bj,TPE (<10),B2B,LinkedIn,,Actif,2026-06-29T00:15:34.447142,moyenne
BJ-2373B678,Vie Kandi,Santé & Pharmacie,Kandi,+229 53 59 36 48,vie.kandi@vie.kandi.net,viekandi.bj,Grande (>200),B2C,LinkedIn,,Actif,2026-06-29T00:15:34.447159,haute
BJ-CBA23FAE,Pharma Medical,Santé & Pharmacie,Banikoara,+229 85 43 27 53,pharma.medical@pharma.medical.com,pharmamedical.bj,PME (50-200),B2B,LinkedIn,,Actif,2026-06-29T00:15:34.447177,haute
BJ-8C08ECA3,Urgence Banikoara,Santé & Pharmacie,Banikoara,+229 20 56 30 36,urgence.banikoara@urgence.banikoara.bj,urgencebanikoara.bj,PME (10-50),B2C,LinkedIn,,Actif,2026-06-29T00:15:34.447192,haute
BJ-5A401FBE,Clinique Royal Medical Banikoara,Santé & Pharmacie,Banikoara,+229 44 84 33 66,clinique.royal.medical.banikoara@clinique.royal.medical.banikoara.com,,PME (50-200),B2B,LinkedIn,,Actif,2026-06-29T00:15:34.447204,moyenne
BJ-E4EE74A1,Cabinet Royal Banikoara,Santé & Pharmacie,Banikoara,+229 60 37 38 22,cabinet.royal.banikoara@cabinet.royal.banikoara.bj,cabinetroyalbanikoara.bj,PME (50-200),B2C,LinkedIn,,Actif,2026-06-29T00:15:34.447216,haute
BJ-3E0D2FD8,Laboratoire Guérison,Santé & Pharmacie,Banikoara,+229 36 19 71 47,laboratoire.guérison@laboratoire.guérison.net,laboratoireguérison.bj,TPE (<10),B2B,LinkedIn,,Actif,2026-06-29T00:15:34.447228,haute
BJ-722212F1,Centre Médical International,Santé & Pharmacie,Ségbana,+229 72 27 12 29,centre.médical.international@centre.médical.international.com,centremédicalinternational.bj,PME (10-50),B2B,LinkedIn,,Actif,2026-06-29T00:15:34.447250,haute
BJ-F47DD53B,Sainte,Santé & Pharmacie,Ségbana,+229 86 66 52 65,sainte@sainte.benin,sainte.bj,TPE (<10),B2C,LinkedIn,,Actif,2026-06-29T00:15:34.447273,haute
BJ-8444882C,Hôpital Central Ségbana,Santé & Pharmacie,Ségbana,+229 33 15 26 11,,hôpitalcentralségbana.bj,Grande (>200),B2C,LinkedIn,,Actif,2026-06-29T00:15:34.447284,moyenne
BJ-EA831469,Centre Santé Hôpital,Santé & Pharmacie,Ségbana,+229 33 81 41 16,,centresantéhôpital.bj,TPE (<10),B2C,LinkedIn,,Actif,2026-06-29T00:15:34.447296,moyenne
BJ-B4061BC0,Centre Royal Hôpital,Santé & Pharmacie,Karimama,+229 83 16 82 96,centre.royal.hôpital@centre.royal.hôpital.org,centreroyalhôpital.bj,TPE (<10),B2C,LinkedIn,,Actif,2026-06-29T00:15:34.447317,haute
BJ-91631D28,Pharmacie Saint Karimama,Santé & Pharmacie,Karimama,+229 40 83 20 76,pharmacie.saint.karimama@pharmacie.saint.karimama.org,,TPE (<10),B2C,LinkedIn,,Actif,2026-06-29T00:15:34.447331,moyenne
BJ-48FDB8E8,Saint,Santé & Pharmacie,Karimama,+229 82 49 89 81,,,PME (50-200),B2B,LinkedIn,,Actif,2026-06-29T00:15:34.447342,basse
BJ-26C4817F,Pharmacie Médicament,Santé & Pharmacie,Karimama,+229 58 79 70 13,pharmacie.médicament@pharmacie.médicament.bj,pharmaciemédicament.bj,PME (10-50),B2C,LinkedIn,,Actif,2026-06-29T00:15:34.447354,haute
BJ-7AB34789,Hôpital Santé,Santé & Pharmacie,Karimama,+229 27 16 76 67,hôpital.santé@hôpital.santé.benin,hôpitalsanté.bj,PME (10-50),B2C,LinkedIn,,Actif,2026-06-29T00:15:34.447366,haute
BJ-1BC5D63C,Emergency,Santé & Pharmacie,Gogounou,+229 68 54 90 22,emergency@emergency.net,,TPE (<10),B2B,LinkedIn,,Actif,2026-06-29T00:15:34.447382,moyenne
BJ-1C717055,Bien-être,Santé & Pharmacie,Gogounou,+229 43 42 76 63,,,PME (50-200),B2B,LinkedIn,,Actif,2026-06-29T00:15:34.447392,basse
BJ-B4BF0929,Bien-être Gogounou,Santé & Pharmacie,Gogounou,+229 54 83 65 98,bienêtre.gogounou@bienêtre.gogounou.com,,PME (10-50),B2C,LinkedIn,,Actif,2026-06-29T00:15:34.447407,moyenne
BJ-F904BE54,Central Gogounou,Santé & Pharmacie,Gogounou,+229 64 43 69 81,,,PME (50-200),B2B,LinkedIn,,Actif,2026-06-29T00:15:34.447428,basse
BJ-F74A7B88,Laboratoire Vie Centre,Santé & Pharmacie,Cobly,+229 25 33 39 67,,laboratoireviecentre.bj,PME (50-200),B2C,LinkedIn,,Actif,2026-06-29T00:15:34.447444,moyenne
BJ-BF4ECC39,Soins International Cobly,Santé & Pharmacie,Cobly,+229 90 77 67 57,,soinsinternationalcobly.bj,PME (50-200),B2B,LinkedIn,,Actif,2026-06-29T00:15:34.447458,moyenne
BJ-6A3A84E6,Médical Centre,Santé & Pharmacie,Cobly,+229 51 93 60 46,médical.centre@médical.centre.bj,médicalcentre.bj,TPE (<10),B2B,LinkedIn,,Actif,2026-06-29T00:15:34.447471,haute
BJ-3F182254,Laboratoire Central Centre Cobly,Santé & Pharmacie,Cobly,+229 64 83 45 46,,,PME (10-50),B2C,LinkedIn,,Actif,2026-06-29T00:15:34.447481,basse
BJ-73B0C38D,Urgence,Santé & Pharmacie,Cobly,+229 81 75 75 14,,urgence.bj,PME (10-50),B2C,LinkedIn,,Actif,2026-06-29T00:15:34.447492,moyenne
BJ-98AF54DA,Pharmacie Royal Clinique,Santé & Pharmacie,Tanguiéta,+229 70 71 66 63,pharmacie.royal.clinique@pharmacie.royal.clinique.net,,PME (10-50),B2B,LinkedIn,,Actif,2026-06-29T00:15:34.447521,moyenne
BJ-F44B90F8,Saint,Santé & Pharmacie,Tanguiéta,+229 59 20 39 12,,saint.bj,TPE (<10),B2B,LinkedIn,,Actif,2026-06-29T00:15:34.447542,moyenne
BJ-2B3990A6,Pharmacie Urgence International,Santé & Pharmacie,Tanguiéta,+229 77 96 93 60,pharmacie.urgence.international@pharmacie.urgence.international.bj,pharmacieurgenceinternational.bj,PME (10-50),B2B,LinkedIn,,Actif,2026-06-29T00:15:34.447553,haute
BJ-F37E283E,Emergency Matéri,Santé & Pharmacie,Matéri,+229 22 82 28 64,,emergencymatéri.bj,PME (10-50),B2B,LinkedIn,,Actif,2026-06-29T00:15:34.447570,moyenne
BJ-B928AAAC,Médicament,Santé & Pharmacie,Matéri,+229 37 17 14 29,médicament@médicament.benin,médicament.bj,TPE (<10),B2C,LinkedIn,,Actif,2026-06-29T00:15:34.447585,haute
BJ-B47C3E31,Santé Hôpital,Santé & Pharmacie,Matéri,+229 87 36 12 50,,santéhôpital.bj,TPE (<10),B2B,LinkedIn,,Actif,2026-06-29T00:15:34.447596,moyenne
BJ-7C81332F,Nouveau Bénin,Santé & Pharmacie,Matéri,+229 20 86 23 26,nouveau.bénin@nouveau.bénin.net,nouveaubénin.bj,PME (10-50),B2B,LinkedIn,,Actif,2026-06-29T00:15:34.447607,haute
BJ-7503E848,Urgence,Santé & Pharmacie,Matéri,+229 52 38 16 91,urgence@urgence.org,urgence.bj,TPE (<10),B2C,LinkedIn,,Actif,2026-06-29T00:15:34.447621,haute
BJ-FBB87BCA,Médical Clinique,Santé & Pharmacie,Natitingou,+229 34 92 57 89,,médicalclinique.bj,PME (50-200),B2C,LinkedIn,,Actif,2026-06-29T00:15:34.447641,moyenne
BJ-47F56D1D,Pharmacie Sainte Cabinet,Santé & Pharmacie,Natitingou,+229 48 28 81 72,pharmacie.sainte.cabinet@pharmacie.sainte.cabinet.bj,,Grande (>200),B2B,LinkedIn,,Actif,2026-06-29T00:15:34.447654,moyenne
BJ-75304112,Bien-être Medical,Santé & Pharmacie,Natitingou,+229 60 15 39 36,,,TPE (<10),B2B,LinkedIn,,Actif,2026-06-29T00:15:34.447665,basse
BJ-EEA53621,Clinique Vie Centre,Santé & Pharmacie,Natitingou,+229 20 65 49 76,,cliniqueviecentre.bj,PME (10-50),B2C,LinkedIn,,Actif,2026-06-29T00:15:34.447675,moyenne
BJ-D746E0D5,Central,Santé & Pharmacie,Natitingou,+229 89 88 54 33,central@central.benin,central.bj,PME (50-200),B2C,LinkedIn,,Actif,2026-06-29T00:15:34.447686,haute
BJ-D6B838C9,Pharmacie Urgence Bénin,Santé & Pharmacie,Toucountouna,+229 85 34 85 96,pharmacie.urgence.bénin@pharmacie.urgence.bénin.net,pharmacieurgencebénin.bj,PME (50-200),B2C,LinkedIn,,Actif,2026-06-29T00:15:34.447717,haute
BJ-05ACCDF3,Vie Medical,Santé & Pharmacie,Toucountouna,+229 31 77 29 31,vie.medical@vie.medical.benin,,PME (50-200),B2B,LinkedIn,,Actif,2026-06-29T00:15:34.447729,moyenne
BJ-D9328EC6,Emergency Toucountouna,Santé & Pharmacie,Toucountouna,+229 84 17 82 15,emergency.toucountouna@emergency.toucountouna.bj,emergencytoucountouna.bj,PME (50-200),B2C,LinkedIn,,Actif,2026-06-29T00:15:34.447741,haute
BJ-F4A8D8B9,Soins Hôpital Toucountouna,Santé & Pharmacie,Toucountouna,+229 21 13 78 66,soins.hôpital.toucountouna@soins.hôpital.toucountouna.com,soinshôpitaltoucountouna.bj,PME (10-50),B2C,LinkedIn,,Actif,2026-06-29T00:15:34.447756,haute
BJ-43968B18,Pharmacie Bien-être,Santé & Pharmacie,Boukoumbé,+229 27 71 50 84,pharmacie.bienêtre@pharmacie.bienêtre.net,pharmaciebienêtre.bj,PME (50-200),B2B,LinkedIn,,Actif,2026-06-29T00:15:34.447774,haute
BJ-959E41B4,Pharmacie Sainte,Santé & Pharmacie,Boukoumbé,+229 27 78 10 30,,pharmaciesainte.bj,TPE (<10),B2B,LinkedIn,,Actif,2026-06-29T00:15:34.447785,moyenne
BJ-624527E6,Vie Pharmacie,Santé & Pharmacie,Boukoumbé,+229 50 10 18 86,vie.pharmacie@vie.pharmacie.benin,,PME (50-200),B2C,LinkedIn,,Actif,2026-06-29T00:15:34.447796,moyenne
BJ-9D6537E2,Vie Hôpital Boukoumbé,Santé & Pharmacie,Boukoumbé,+229 72 63 70 70,vie.hôpital.boukoumbé@vie.hôpital.boukoumbé.org,viehôpitalboukoumbé.bj,PME (50-200),B2C,LinkedIn,,Actif,2026-06-29T00:15:34.447808,haute
BJ-CC1085A9,Hôpital Vie,Santé & Pharmacie,Boukoumbé,+229 31 38 24 60,hôpital.vie@hôpital.vie.com,hôpitalvie.bj,PME (50-200),B2C,LinkedIn,,Actif,2026-06-29T00:15:34.447820,haute
BJ-FE750AA1,Cabinet Guérison International,Santé & Pharmacie,Kouandé,+229 48 99 74 64,cabinet.guérison.international@cabinet.guérison.international.org,,PME (10-50),B2B,LinkedIn,,Actif,2026-06-29T00:15:34.447837,moyenne
BJ-0CDD7658,Laboratoire Saint,Santé & Pharmacie,Kouandé,+229 44 89 96 86,laboratoire.saint@laboratoire.saint.net,laboratoiresaint.bj,PME (10-50),B2C,LinkedIn,,Actif,2026-06-29T00:15:34.447855,haute
BJ-41BC09C8,Royal Clinique,Santé & Pharmacie,Kouandé,+229 34 63 29 96,royal.clinique@royal.clinique.bj,,Grande (>200),B2C,LinkedIn,,Actif,2026-06-29T00:15:34.447866,moyenne
BJ-76980E63,Laboratoire Médicament Bénin Kouandé,Santé & Pharmacie,Kouandé,+229 69 19 41 55,laboratoire.médicament.bénin.kouandé@laboratoire.médicament.bénin.kouandé.bj,laboratoiremédicamentbéninkouandé.bj,PME (10-50),B2B,LinkedIn,,Actif,2026-06-29T00:15:34.447880,haute
BJ-00241D13,Hôpital Pharma International,Santé & Pharmacie,Kouandé,+229 31 92 52 22,,hôpitalpharmainternational.bj,PME (10-50),B2B,LinkedIn,,Actif,2026-06-29T00:15:34.447900,moyenne
BJ-4555A124,Bien-être Cabinet Péhunco,Santé & Pharmacie,Péhunco,+229 50 29 16 45,bienêtre.cabinet.péhunco@bienêtre.cabinet.péhunco.benin,,PME (10-50),B2B,LinkedIn,,Actif,2026-06-29T00:15:34.447937,moyenne
BJ-85801DE0,Centre Santé,Santé & Pharmacie,Péhunco,+229 25 45 95 91,centre.santé@centre.santé.net,,PME (10-50),B2C,LinkedIn,,Actif,2026-06-29T00:15:34.447965,moyenne
BJ-42008F87,Soins,Santé & Pharmacie,Péhunco,+229 63 12 50 14,soins@soins.com,soins.bj,TPE (<10),B2B,LinkedIn,,Actif,2026-06-29T00:15:34.447976,haute
BJ-7DC79837,Urgence Bénin Péhunco,Santé & Pharmacie,Péhunco,+229 95 70 89 53,urgence.bénin.péhunco@urgence.bénin.péhunco.benin,,TPE (<10),B2C,LinkedIn,,Actif,2026-06-29T00:15:34.448033,moyenne
BJ-4F7E699F,Pharmacie Vie Centre Tchaourou,Santé & Pharmacie,Tchaourou,+229 99 12 92 27,,pharmacieviecentretchaourou.bj,TPE (<10),B2B,LinkedIn,,Actif,2026-06-29T00:15:34.448099,moyenne
BJ-8CD6883F,Hôpital Santé Hôpital,Santé & Pharmacie,Tchaourou,+229 54 15 20 10,,hôpitalsantéhôpital.bj,PME (10-50),B2B,LinkedIn,,Actif,2026-06-29T00:15:34.448118,moyenne
BJ-4F3B9423,Clinique Royal,Santé & Pharmacie,Nikki,+229 24 22 67 69,clinique.royal@clinique.royal.benin,,PME (50-200),B2C,LinkedIn,,Actif,2026-06-29T00:15:34.448189,moyenne
BJ-3E1250B0,Laboratoire Bien-être Pharmacie,Santé & Pharmacie,Nikki,+229 36 27 47 89,laboratoire.bienêtre.pharmacie@laboratoire.bienêtre.pharmacie.bj,laboratoirebienêtrepharmacie.bj,TPE (<10),B2C,LinkedIn,,Actif,2026-06-29T00:15:34.448232,haute
BJ-E8D68868,Pharmacie Urgence International Nikki,Santé & Pharmacie,Nikki,+229 78 94 40 36,pharmacie.urgence.international.nikki@pharmacie.urgence.international.nikki.net,,PME (10-50),B2C,LinkedIn,,Actif,2026-06-29T00:15:34.448278,moyenne
BJ-E7AB42A2,Vie,Santé & Pharmacie,Nikki,+229 46 81 52 31,vie@vie.bj,vie.bj,TPE (<10),B2B,LinkedIn,,Actif,2026-06-29T00:15:34.448325,haute
BJ-6DC6B571,Clinique Santé Centre,Santé & Pharmacie,Bembéréké,+229 37 69 69 66,clinique.santé.centre@clinique.santé.centre.org,cliniquesantécentre.bj,PME (10-50),B2B,LinkedIn,,Actif,2026-06-29T00:15:34.448358,haute
BJ-F57298E6,Hôpital Royal Pharmacie Bembéréké,Santé & Pharmacie,Bembéréké,+229 87 73 31 13,hôpital.royal.pharmacie.bembéréké@hôpital.royal.pharmacie.bembéréké.com,hôpitalroyalpharmaciebembéréké.bj,TPE (<10),B2C,LinkedIn,,Actif,2026-06-29T00:15:34.448391,haute
BJ-8F252F0E,Clinique Urgence,Santé & Pharmacie,Bembéréké,+229 96 47 23 48,clinique.urgence@clinique.urgence.bj,cliniqueurgence.bj,Grande (>200),B2C,LinkedIn,,Actif,2026-06-29T00:15:34.448425,haute
BJ-CBC45DA5,Pharmacie Médicament,Santé & Pharmacie,Bembéréké,+229 23 47 44 80,pharmacie.médicament@pharmacie.médicament.org,pharmaciemédicament.bj,PME (50-200),B2C,LinkedIn,,Actif,2026-06-29T00:15:34.448447,haute
BJ-899F22DE,Urgence Medical,Santé & Pharmacie,Bembéréké,+229 55 67 88 44,,urgencemedical.bj,PME (10-50),B2B,LinkedIn,,Actif,2026-06-29T00:15:34.448466,moyenne
BJ-6D7DEEC4,Clinique Sainte International,Santé & Pharmacie,Kalalé,+229 22 21 90 85,clinique.sainte.international@clinique.sainte.international.benin,cliniquesainteinternational.bj,TPE (<10),B2B,LinkedIn,,Actif,2026-06-29T00:15:34.448498,haute
BJ-6E14C6CE,Vie International,Santé & Pharmacie,Kalalé,+229 89 53 23 15,vie.international@vie.international.bj,vieinternational.bj,PME (10-50),B2C,LinkedIn,,Actif,2026-06-29T00:15:34.448531,haute
BJ-3ED0B9E9,Santé Centre,Santé & Pharmacie,Kalalé,+229 27 89 91 88,santé.centre@santé.centre.com,,TPE (<10),B2B,LinkedIn,,Actif,2026-06-29T00:15:34.448563,moyenne
BJ-32F5EBBC,Saint International,Santé & Pharmacie,Kalalé,+229 23 87 67 98,saint.international@saint.international.bj,,PME (10-50),B2B,LinkedIn,,Actif,2026-06-29T00:15:34.448587,moyenne
BJ-BB3BED09,Central Hôpital,Santé & Pharmacie,Kalalé,+229 83 29 57 55,,centralhôpital.bj,TPE (<10),B2B,LinkedIn,,Actif,2026-06-29T00:15:34.448608,moyenne
BJ-D1959326,Soins International,Santé & Pharmacie,Ndali,+229 46 35 59 43,soins.international@soins.international.net,soinsinternational.bj,TPE (<10),B2B,LinkedIn,,Actif,2026-06-29T00:15:34.448660,haute
BJ-3A0A2639,Centre Sainte Centre,Santé & Pharmacie,Ndali,+229 43 93 59 46,centre.sainte.centre@centre.sainte.centre.com,centresaintecentre.bj,TPE (<10),B2C,LinkedIn,,Actif,2026-06-29T00:15:34.448699,haute
BJ-7B1491F4,Emergency,Santé & Pharmacie,Ndali,+229 73 37 33 43,emergency@emergency.org,emergency.bj,PME (50-200),B2B,LinkedIn,,Actif,2026-06-29T00:15:34.448758,haute
BJ-1F4EA91D,Soins Clinique,Santé & Pharmacie,Ndali,+229 42 39 58 92,soins.clinique@soins.clinique.net,,TPE (<10),B2B,LinkedIn,,Actif,2026-06-29T00:15:34.448791,moyenne
BJ-CF458EEA,Centre Urgence Bénin,Santé & Pharmacie,Ségbana,+229 77 21 22 44,,centreurgencebénin.bj,TPE (<10),B2C,LinkedIn,,Actif,2026-06-29T00:15:34.448838,moyenne
BJ-F5DEE892,Clinique Emergency Ségbana,Santé & Pharmacie,Ségbana,+229 70 47 40 87,clinique.emergency.ségbana@clinique.emergency.ségbana.bj,,TPE (<10),B2C,LinkedIn,,Actif,2026-06-29T00:15:34.448863,moyenne
BJ-4E349361,Bien-être,Santé & Pharmacie,Ségbana,+229 62 15 50 68,bienêtre@bienêtre.bj,bienêtre.bj,PME (10-50),B2C,LinkedIn,,Actif,2026-06-29T00:15:34.448963,haute
BJ-3714F346,Pharma,Santé & Pharmacie,Tchaourou,+229 94 73 91 40,pharma@pharma.org,pharma.bj,PME (50-200),B2C,LinkedIn,,Actif,2026-06-29T00:15:34.449042,haute
BJ-D5F1EF98,Saint Medical,Santé & Pharmacie,Tchaourou,+229 91 58 82 84,saint.medical@saint.medical.org,saintmedical.bj,TPE (<10),B2B,LinkedIn,,Actif,2026-06-29T00:15:34.449072,haute
BJ-D48A9FBC,Centre Pharma Hôpital,Santé & Pharmacie,Tchaourou,+229 30 66 44 47,centre.pharma.hôpital@centre.pharma.hôpital.org,,PME (10-50),B2C,LinkedIn,,Actif,2026-06-29T00:15:34.449144,moyenne
BJ-685C6249,Laboratoire Sainte Cabinet,Santé & Pharmacie,Bétérou,+229 51 93 47 17,,,PME (10-50),B2B,LinkedIn,,Actif,2026-06-29T00:15:34.449181,basse
BJ-47CD8F20,Hôpital Bien-être,Santé & Pharmacie,Bétérou,+229 82 11 49 74,hôpital.bienêtre@hôpital.bienêtre.org,hôpitalbienêtre.bj,TPE (<10),B2B,LinkedIn,,Actif,2026-06-29T00:15:34.449204,haute
BJ-31165C6D,Saint Hôpital,Santé & Pharmacie,Bétérou,+229 74 31 63 92,saint.hôpital@saint.hôpital.bj,sainthôpital.bj,TPE (<10),B2C,LinkedIn,,Actif,2026-06-29T00:15:34.449234,haute
BJ-411D70AD,Soins,Santé & Pharmacie,Bétérou,+229 72 11 79 49,soins@soins.com,soins.bj,Grande (>200),B2C,LinkedIn,,Actif,2026-06-29T00:15:34.449281,haute
BJ-2E1CF66A,Hôpital Vie Pharmacie,Santé & Pharmacie,Bétérou,+229 61 41 51 86,hôpital.vie.pharmacie@hôpital.vie.pharmacie.bj,hôpitalviepharmacie.bj,PME (10-50),B2B,LinkedIn,,Actif,2026-06-29T00:15:34.449304,haute
BJ-96DC4A8A,Médicament,Santé & Pharmacie,Ouessè,+229 76 24 60 63,médicament@médicament.net,médicament.bj,TPE (<10),B2C,LinkedIn,,Actif,2026-06-29T00:15:34.449360,haute
BJ-C36F0AE7,Urgence,Santé & Pharmacie,Ouessè,+229 68 61 15 14,urgence@urgence.org,,Grande (>200),B2C,LinkedIn,,Actif,2026-06-29T00:15:34.449441,moyenne
BJ-678E740A,Pharmacie Royal,Santé & Pharmacie,Ouessè,+229 84 32 72 18,,pharmacieroyal.bj,TPE (<10),B2C,LinkedIn,,Actif,2026-06-29T00:15:34.449461,moyenne
BJ-0419315D,Sainte Clinique,Santé & Pharmacie,Ouessè,+229 26 41 58 12,,sainteclinique.bj,Grande (>200),B2B,LinkedIn,,Actif,2026-06-29T00:15:34.449485,moyenne
BJ-1773A07D,Guérison,Santé & Pharmacie,Glazoué,+229 49 75 30 90,guérison@guérison.com,,TPE (<10),B2C,LinkedIn,,Actif,2026-06-29T00:15:34.449525,moyenne
BJ-87BD0980,Laboratoire Médical,Santé & Pharmacie,Glazoué,+229 30 49 86 65,laboratoire.médical@laboratoire.médical.com,,PME (10-50),B2C,LinkedIn,,Actif,2026-06-29T00:15:34.449550,moyenne
BJ-8970317E,Centre Vie,Santé & Pharmacie,Glazoué,+229 39 86 89 78,centre.vie@centre.vie.org,centrevie.bj,TPE (<10),B2B,LinkedIn,,Actif,2026-06-29T00:15:34.449575,haute
BJ-97CDB4DA,Emergency Centre,Santé & Pharmacie,Glazoué,+229 78 96 59 30,,,PME (10-50),B2B,LinkedIn,,Actif,2026-06-29T00:15:34.449605,basse
BJ-E980AAC6,Laboratoire Royal Medical,Santé & Pharmacie,Glazoué,+229 43 27 24 13,,laboratoireroyalmedical.bj,TPE (<10),B2B,LinkedIn,,Actif,2026-06-29T00:15:34.449632,moyenne
BJ-C5779954,Emergency Hôpital Dassa-Zoumè,Santé & Pharmacie,Dassa-Zoumè,+229 21 61 82 82,emergency.hôpital.dassazoumè@emergency.hôpital.dassazoumè.net,,TPE (<10),B2B,LinkedIn,,Actif,2026-06-29T00:15:34.449690,moyenne
BJ-AC7C47EA,Nouveau International,Santé & Pharmacie,Dassa-Zoumè,+229 33 59 96 22,,nouveauinternational.bj,PME (50-200),B2B,LinkedIn,,Actif,2026-06-29T00:15:34.449724,moyenne
BJ-DF9FF904,Médicament International,Santé & Pharmacie,Dassa-Zoumè,+229 35 31 77 52,médicament.international@médicament.international.bj,médicamentinternational.bj,PME (50-200),B2B,LinkedIn,,Actif,2026-06-29T00:15:34.449764,haute
BJ-02D2F776,Saint,Santé & Pharmacie,Savalou,+229 43 83 87 94,saint@saint.com,saint.bj,PME (10-50),B2B,LinkedIn,,Actif,2026-06-29T00:15:34.449875,haute
BJ-4F802B49,Pharma Savalou,Santé & Pharmacie,Savalou,+229 77 76 28 39,,pharmasavalou.bj,PME (10-50),B2B,LinkedIn,,Actif,2026-06-29T00:15:34.449932,moyenne
BJ-53253BB8,Clinique Pharma Savalou,Santé & Pharmacie,Savalou,+229 87 29 32 80,,cliniquepharmasavalou.bj,TPE (<10),B2C,LinkedIn,,Actif,2026-06-29T00:15:34.449959,moyenne
BJ-868A82AC,Pharma Bénin Savalou,Santé & Pharmacie,Savalou,+229 69 31 48 22,,pharmabéninsavalou.bj,TPE (<10),B2B,LinkedIn,,Actif,2026-06-29T00:15:34.449988,moyenne
BJ-191B39A0,Médicament International,Santé & Pharmacie,Savalou,+229 60 69 92 53,médicament.international@médicament.international.bj,,TPE (<10),B2B,LinkedIn,,Actif,2026-06-29T00:15:34.450016,moyenne
BJ-D6F0A888,Clinique Vie Centre Bantè,Santé & Pharmacie,Bantè,+229 81 86 54 80,,,PME (50-200),B2B,LinkedIn,,Actif,2026-06-29T00:15:34.450059,basse
BJ-9EB85311,Pharmacie Emergency,Santé & Pharmacie,Bantè,+229 74 25 40 88,pharmacie.emergency@pharmacie.emergency.bj,,TPE (<10),B2B,LinkedIn,,Actif,2026-06-29T00:15:34.450095,moyenne
BJ-2AF38F14,Laboratoire Bien-être International,Santé & Pharmacie,Bantè,+229 75 76 16 32,laboratoire.bienêtre.international@laboratoire.bienêtre.international.bj,,TPE (<10),B2C,LinkedIn,,Actif,2026-06-29T00:15:34.450153,moyenne
BJ-40291016,Urgence Bantè,Santé & Pharmacie,Bantè,+229 26 46 30 77,urgence.bantè@urgence.bantè.net,,Grande (>200),B2C,LinkedIn,,Actif,2026-06-29T00:15:34.450184,moyenne
BJ-17462C4E,Royal Djougou,Santé & Pharmacie,Djougou,+229 20 21 17 25,royal.djougou@royal.djougou.org,,PME (10-50),B2C,LinkedIn,,Actif,2026-06-29T00:15:34.450238,moyenne
BJ-805D1A79,Emergency,Santé & Pharmacie,Djougou,+229 93 56 24 39,emergency@emergency.org,,PME (10-50),B2B,LinkedIn,,Actif,2026-06-29T00:15:34.450318,moyenne
BJ-910922B7,Pharmacie Emergency Clinique,Santé & Pharmacie,Djougou,+229 93 85 65 72,pharmacie.emergency.clinique@pharmacie.emergency.clinique.bj,,PME (50-200),B2B,LinkedIn,,Actif,2026-06-29T00:15:34.450344,moyenne
BJ-A9A43DD4,Soins Clinique Ouèssè,Santé & Pharmacie,Ouèssè,+229 31 19 78 78,soins.clinique.ouèssè@soins.clinique.ouèssè.com,soinscliniqueouèssè.bj,PME (50-200),B2B,LinkedIn,,Actif,2026-06-29T00:15:34.450415,haute
BJ-4370C292,Hôpital Royal Ouèssè,Santé & Pharmacie,Ouèssè,+229 80 82 44 40,hôpital.royal.ouèssè@hôpital.royal.ouèssè.net,hôpitalroyalouèssè.bj,PME (10-50),B2B,LinkedIn,,Actif,2026-06-29T00:15:34.450488,haute
BJ-A1DD5ABE,Médicament International Ouèssè,Santé & Pharmacie,Ouèssè,+229 20 13 45 43,médicament.international.ouèssè@médicament.international.ouèssè.net,,PME (10-50),B2C,LinkedIn,,Actif,2026-06-29T00:15:34.450517,moyenne
BJ-21FD346E,Pharmacie Santé,Santé & Pharmacie,Ouèssè,+229 55 82 74 37,pharmacie.santé@pharmacie.santé.org,pharmaciesanté.bj,Grande (>200),B2C,LinkedIn,,Actif,2026-06-29T00:15:34.450553,haute
BJ-0A91992E,Central Centre Bassila,Santé & Pharmacie,Bassila,+229 78 36 83 75,,centralcentrebassila.bj,PME (50-200),B2B,LinkedIn,,Actif,2026-06-29T00:15:34.450626,moyenne
BJ-73A1CF67,Centre Sainte Medical,Santé & Pharmacie,Bassila,+229 79 48 43 56,centre.sainte.medical@centre.sainte.medical.net,centresaintemedical.bj,TPE (<10),B2C,LinkedIn,,Actif,2026-06-29T00:15:34.450654,haute
BJ-337D7827,Hôpital Médicament Bassila,Santé & Pharmacie,Bassila,+229 77 54 35 41,hôpital.médicament.bassila@hôpital.médicament.bassila.benin,hôpitalmédicamentbassila.bj,PME (10-50),B2C,LinkedIn,,Actif,2026-06-29T00:15:34.450685,haute
BJ-EE3527A2,Nouveau Clinique Bassila,Santé & Pharmacie,Bassila,+229 27 20 70 95,nouveau.clinique.bassila@nouveau.clinique.bassila.org,nouveaucliniquebassila.bj,TPE (<10),B2C,LinkedIn,,Actif,2026-06-29T00:15:34.450724,haute
BJ-4BBBBEE6,Hôpital Médical Pehunco,Santé & Pharmacie,Pehunco,+229 98 90 87 92,hôpital.médical.pehunco@hôpital.médical.pehunco.bj,,PME (10-50),B2B,LinkedIn,,Actif,2026-06-29T00:15:34.450771,moyenne
BJ-20D9D2AF,Hôpital Nouveau Centre,Santé & Pharmacie,Pehunco,+229 81 67 88 92,,hôpitalnouveaucentre.bj,PME (50-200),B2B,LinkedIn,,Actif,2026-06-29T00:15:34.450805,moyenne
BJ-1CE1BF35,Emergency Centre,Santé & Pharmacie,Pehunco,+229 80 41 67 72,emergency.centre@emergency.centre.org,emergencycentre.bj,PME (50-200),B2C,LinkedIn,,Actif,2026-06-29T00:15:34.450866,haute
BJ-F045E57E,Clinique Central Clinique,Santé & Pharmacie,Pehunco,+229 55 63 40 17,clinique.central.clinique@clinique.central.clinique.net,,PME (10-50),B2B,LinkedIn,,Actif,2026-06-29T00:15:34.450909,moyenne
BJ-FCCD2E21,Clinique Bien-être International,Santé & Pharmacie,Copargo,+229 68 17 72 82,clinique.bienêtre.international@clinique.bienêtre.international.com,,PME (10-50),B2C,LinkedIn,,Actif,2026-06-29T00:15:34.450955,moyenne
BJ-E66B9B49,Médical Clinique,Santé & Pharmacie,Copargo,+229 50 71 37 59,médical.clinique@médical.clinique.com,,PME (10-50),B2C,LinkedIn,,Actif,2026-06-29T00:15:34.450985,moyenne
BJ-B8DC3B7C,Sainte Hôpital Copargo,Santé & Pharmacie,Copargo,+229 88 47 49 18,,saintehôpitalcopargo.bj,PME (50-200),B2B,LinkedIn,,Actif,2026-06-29T00:15:34.451013,moyenne
BJ-C8C94B4E,Hôpital Soins,Santé & Pharmacie,Copargo,+229 59 93 63 95,hôpital.soins@hôpital.soins.org,,PME (50-200),B2B,LinkedIn,,Actif,2026-06-29T00:15:34.451043,moyenne
BJ-12D4AC54,Sainte Medical,Santé & Pharmacie,Copargo,+229 76 86 36 83,sainte.medical@sainte.medical.benin,,PME (50-200),B2C,LinkedIn,,Actif,2026-06-29T00:15:34.451073,moyenne
BJ-B92C8107,International Cotonou,Finance & Assurance,Cotonou,+229 99 32 86 68,,internationalcotonou.bj,TPE (<10),B2C,LinkedIn,,Actif,2026-06-29T00:15:34.451149,moyenne
BJ-B7E8ADE6,Banque Auto,Finance & Assurance,Cotonou,+229 31 72 18 26,banque.auto@banque.auto.bj,banqueauto.bj,TPE (<10),B2B,LinkedIn,,Actif,2026-06-29T00:15:34.451237,haute
BJ-5E0F2F4D,Finance West,Finance & Assurance,Cotonou,+229 57 47 87 74,finance.west@finance.west.bj,,TPE (<10),B2B,LinkedIn,,Actif,2026-06-29T00:15:34.451266,moyenne
BJ-3135846C,Société Assurance Capital,Finance & Assurance,Abomey-Calavi,+229 66 38 28 72,société.assurance.capital@société.assurance.capital.org,sociétéassurancecapital.bj,TPE (<10),B2B,LinkedIn,,Actif,2026-06-29T00:15:34.451313,haute
BJ-8B7B52A0,Investissement,Finance & Assurance,Abomey-Calavi,+229 33 93 75 80,investissement@investissement.org,investissement.bj,PME (10-50),B2C,LinkedIn,,Actif,2026-06-29T00:15:34.451344,haute
BJ-784AC13F,Société Auto Groupe,Finance & Assurance,Abomey-Calavi,+229 21 33 45 47,société.auto.groupe@société.auto.groupe.org,,TPE (<10),B2C,LinkedIn,,Actif,2026-06-29T00:15:34.451391,moyenne
BJ-A0D30FC9,International Finance,Finance & Assurance,Abomey-Calavi,+229 54 33 43 58,international.finance@international.finance.com,internationalfinance.bj,PME (50-200),B2B,LinkedIn,,Actif,2026-06-29T00:15:34.451418,haute
BJ-89E6C92E,Société Crédit,Finance & Assurance,Abomey-Calavi,+229 79 96 89 83,société.crédit@société.crédit.com,,TPE (<10),B2C,LinkedIn,,Actif,2026-06-29T00:15:34.451467,moyenne
BJ-3445DBFE,Protection Porto-Novo,Finance & Assurance,Porto-Novo,+229 86 53 87 90,protection.portonovo@protection.portonovo.com,protectionportonovo.bj,PME (10-50),B2C,LinkedIn,,Actif,2026-06-29T00:15:34.451512,haute
BJ-3EC6F9A7,Crédit Bank,Finance & Assurance,Porto-Novo,+229 20 89 81 26,crédit.bank@crédit.bank.org,créditbank.bj,TPE (<10),B2B,LinkedIn,,Actif,2026-06-29T00:15:34.451548,haute
BJ-8F217E09,Cabinet Sécurité,Finance & Assurance,Porto-Novo,+229 85 40 25 66,cabinet.sécurité@cabinet.sécurité.benin,,PME (50-200),B2C,LinkedIn,,Actif,2026-06-29T00:15:34.451576,moyenne
BJ-CE18302D,Groupe National SARL,Finance & Assurance,Porto-Novo,+229 88 43 41 80,groupe.national.sarl@groupe.national.sarl.org,groupenationalsarl.bj,TPE (<10),B2C,LinkedIn,,Actif,2026-06-29T00:15:34.451628,haute
BJ-679AA323,Groupe National Finance Parakou,Finance & Assurance,Parakou,+229 48 24 90 52,groupe.national.finance.parakou@groupe.national.finance.parakou.org,,PME (10-50),B2B,LinkedIn,,Actif,2026-06-29T00:15:34.451667,moyenne
BJ-E6298594,Africa Invest Parakou,Finance & Assurance,Parakou,+229 33 96 35 52,africa.invest.parakou@africa.invest.parakou.org,africainvestparakou.bj,Grande (>200),B2C,LinkedIn,,Actif,2026-06-29T00:15:34.451700,haute
BJ-35C2EC72,Cabinet Bénin SARL,Finance & Assurance,Parakou,+229 75 37 79 50,,cabinetbéninsarl.bj,TPE (<10),B2B,LinkedIn,,Actif,2026-06-29T00:15:34.451726,moyenne
BJ-9C3CAA55,Banque International Invest,Finance & Assurance,Parakou,+229 94 14 97 32,,banqueinternationalinvest.bj,PME (10-50),B2C,LinkedIn,,Actif,2026-06-29T00:15:34.451752,moyenne
BJ-F79DB33D,West SA,Finance & Assurance,Bohicon,+229 65 72 49 20,west.sa@west.sa.net,westsa.bj,PME (50-200),B2B,LinkedIn,,Actif,2026-06-29T00:15:34.451818,haute
BJ-34144759,Assurance Capital,Finance & Assurance,Bohicon,+229 91 32 66 34,,,TPE (<10),B2B,LinkedIn,,Actif,2026-06-29T00:15:34.451847,basse
BJ-0986C480,Africa SARL,Finance & Assurance,Bohicon,+229 31 34 69 63,africa.sarl@africa.sarl.benin,africasarl.bj,PME (50-200),B2C,LinkedIn,,Actif,2026-06-29T00:15:34.451912,haute
BJ-D9454E74,Banque Épargne SA,Finance & Assurance,Bohicon,+229 46 26 98 86,banque.épargne.sa@banque.épargne.sa.org,,PME (10-50),B2C,LinkedIn,,Actif,2026-06-29T00:15:34.451940,moyenne
BJ-05AAF71C,Banque Auto Natitingou,Finance & Assurance,Natitingou,+229 36 61 89 84,banque.auto.natitingou@banque.auto.natitingou.org,banqueautonatitingou.bj,Grande (>200),B2C,LinkedIn,,Actif,2026-06-29T00:15:34.452035,haute
BJ-8830B1AE,Finance Crédit,Finance & Assurance,Natitingou,+229 50 58 60 53,finance.crédit@finance.crédit.org,,PME (10-50),B2C,LinkedIn,,Actif,2026-06-29T00:15:34.452064,moyenne
BJ-6A1A8404,Finance Investissement SA,Finance & Assurance,Natitingou,+229 25 79 85 87,finance.investissement.sa@finance.investissement.sa.net,,Grande (>200),B2B,LinkedIn,,Actif,2026-06-29T00:15:34.452094,moyenne
BJ-969954F5,West,Finance & Assurance,Lokossa,+229 57 38 61 68,west@west.org,west.bj,PME (10-50),B2C,LinkedIn,,Actif,2026-06-29T00:15:34.452174,haute
BJ-97D56A94,Finance Africa,Finance & Assurance,Lokossa,+229 73 89 58 41,finance.africa@finance.africa.bj,financeafrica.bj,PME (10-50),B2B,LinkedIn,,Actif,2026-06-29T00:15:34.452207,haute
BJ-F0B508BA,Cabinet Capital Invest,Finance & Assurance,Lokossa,+229 86 81 75 76,cabinet.capital.invest@cabinet.capital.invest.com,cabinetcapitalinvest.bj,PME (10-50),B2B,LinkedIn,,Actif,2026-06-29T00:15:34.452234,haute
BJ-88683FCF,International Bank,Finance & Assurance,Lokossa,+229 93 95 65 30,international.bank@international.bank.benin,internationalbank.bj,TPE (<10),B2C,LinkedIn,,Actif,2026-06-29T00:15:34.452260,haute
BJ-86C707BB,Société West,Finance & Assurance,Ouidah,+229 98 47 91 33,société.west@société.west.com,,PME (10-50),B2B,LinkedIn,,Actif,2026-06-29T00:15:34.452305,moyenne
BJ-568695CF,Banque Capital Invest,Finance & Assurance,Ouidah,+229 34 43 99 58,banque.capital.invest@banque.capital.invest.benin,banquecapitalinvest.bj,PME (10-50),B2B,LinkedIn,,Actif,2026-06-29T00:15:34.452338,haute
BJ-25AA3868,Société Capital,Finance & Assurance,Ouidah,+229 79 62 70 36,,,PME (50-200),B2B,LinkedIn,,Actif,2026-06-29T00:15:34.452398,basse
BJ-3D30B400,Finance Santé,Finance & Assurance,Ouidah,+229 27 35 85 84,finance.santé@finance.santé.org,financesanté.bj,TPE (<10),B2B,LinkedIn,,Actif,2026-06-29T00:15:34.452430,haute
BJ-6CB6DC79,Protection Invest,Finance & Assurance,Savalou,+229 99 67 31 36,protection.invest@protection.invest.bj,protectioninvest.bj,TPE (<10),B2B,LinkedIn,,Actif,2026-06-29T00:15:34.452471,haute
BJ-1828EE31,Investissement,Finance & Assurance,Savalou,+229 78 75 50 20,investissement@investissement.org,investissement.bj,TPE (<10),B2B,LinkedIn,,Actif,2026-06-29T00:15:34.452507,haute
BJ-FBB3A920,Capital,Finance & Assurance,Savalou,+229 97 99 52 27,capital@capital.net,,PME (50-200),B2B,LinkedIn,,Actif,2026-06-29T00:15:34.452536,moyenne
BJ-6E12BE83,Capital International,Finance & Assurance,Savalou,+229 73 61 78 37,,,TPE (<10),B2C,LinkedIn,,Actif,2026-06-29T00:15:34.452563,basse
BJ-03D5EC5F,Assurance,Finance & Assurance,Savalou,+229 78 72 40 21,assurance@assurance.org,,TPE (<10),B2C,LinkedIn,,Actif,2026-06-29T00:15:34.452591,moyenne
BJ-E93BF2B9,Santé SA Dassa-Zoumè,Finance & Assurance,Dassa-Zoumè,+229 86 72 64 52,santé.sa.dassazoumè@santé.sa.dassazoumè.bj,santésadassazoumè.bj,TPE (<10),B2B,LinkedIn,,Actif,2026-06-29T00:15:34.452634,haute
BJ-A313E27A,Assurance International,Finance & Assurance,Dassa-Zoumè,+229 78 27 54 85,assurance.international@assurance.international.com,,PME (10-50),B2B,LinkedIn,,Actif,2026-06-29T00:15:34.452660,moyenne
BJ-E8F6C816,Société Assurance,Finance & Assurance,Dassa-Zoumè,+229 87 81 53 12,société.assurance@société.assurance.bj,sociétéassurance.bj,PME (10-50),B2B,LinkedIn,,Actif,2026-06-29T00:15:34.452688,haute
BJ-8B2EDB03,Banque Épargne Groupe,Finance & Assurance,Dassa-Zoumè,+229 51 53 84 31,,banqueépargnegroupe.bj,PME (10-50),B2C,LinkedIn,,Actif,2026-06-29T00:15:34.452750,moyenne
BJ-BED98AD7,Capital,Finance & Assurance,Kétou,+229 41 48 46 36,,capital.bj,TPE (<10),B2C,LinkedIn,,Actif,2026-06-29T00:15:34.452818,moyenne
BJ-43141EBD,Assurance Assurance,Finance & Assurance,Kétou,+229 22 46 69 41,assurance.assurance@assurance.assurance.org,,PME (10-50),B2C,LinkedIn,,Actif,2026-06-29T00:15:34.452847,moyenne
BJ-F4D57B29,Banque Auto,Finance & Assurance,Covè,+229 20 24 66 79,,,PME (50-200),B2B,LinkedIn,,Actif,2026-06-29T00:15:34.452994,basse
BJ-0B284C06,Société Africa Covè,Finance & Assurance,Covè,+229 31 48 43 67,société.africa.covè@société.africa.covè.com,sociétéafricacovè.bj,TPE (<10),B2C,LinkedIn,,Actif,2026-06-29T00:15:34.453020,haute
BJ-EB106FDC,Cabinet National Groupe Covè,Finance & Assurance,Covè,+229 90 83 16 17,cabinet.national.groupe.covè@cabinet.national.groupe.covè.net,cabinetnationalgroupecovè.bj,PME (10-50),B2C,LinkedIn,,Actif,2026-06-29T00:15:34.453051,haute
BJ-325B2E4F,West SA,Finance & Assurance,Covè,+229 93 73 53 76,west.sa@west.sa.net,westsa.bj,PME (10-50),B2C,LinkedIn,,Actif,2026-06-29T00:15:34.453074,haute
BJ-848BC6DD,International International Pobè,Finance & Assurance,Pobè,+229 86 51 76 33,international.international.pobè@international.international.pobè.benin,,TPE (<10),B2C,LinkedIn,,Actif,2026-06-29T00:15:34.453107,moyenne
BJ-76CD47AC,Assurance Africa,Finance & Assurance,Pobè,+229 31 69 26 36,assurance.africa@assurance.africa.net,,TPE (<10),B2C,LinkedIn,,Actif,2026-06-29T00:15:34.453134,moyenne
BJ-61F5D65E,International Pobè,Finance & Assurance,Pobè,+229 77 60 49 56,international.pobè@international.pobè.org,,TPE (<10),B2B,LinkedIn,,Actif,2026-06-29T00:15:34.453171,moyenne
BJ-5CB103BB,Assurance Assurance Pobè,Finance & Assurance,Pobè,+229 61 30 97 71,,,TPE (<10),B2B,LinkedIn,,Actif,2026-06-29T00:15:34.453207,basse
BJ-8F8F55C6,Finance Investissement Assurances,Finance & Assurance,Pobè,+229 72 55 50 20,finance.investissement.assurances@finance.investissement.assurances.com,,TPE (<10),B2B,LinkedIn,,Actif,2026-06-29T00:15:34.453236,moyenne
BJ-FAA84091,Vie Sakété,Finance & Assurance,Sakété,+229 25 68 21 48,vie.sakété@vie.sakété.bj,viesakété.bj,TPE (<10),B2C,LinkedIn,,Actif,2026-06-29T00:15:34.453288,haute
BJ-FD65EB17,Assurance Investissement SARL,Finance & Assurance,Sakété,+229 35 28 47 23,,,Grande (>200),B2C,LinkedIn,,Actif,2026-06-29T00:15:34.453314,basse
BJ-15DB0A0A,Société Vie,Finance & Assurance,Sakété,+229 51 85 77 47,société.vie@société.vie.net,sociétévie.bj,TPE (<10),B2B,LinkedIn,,Actif,2026-06-29T00:15:34.453343,haute
BJ-C0FFCD19,Investissement,Finance & Assurance,Sakété,+229 60 79 53 87,investissement@investissement.benin,investissement.bj,PME (10-50),B2C,LinkedIn,,Actif,2026-06-29T00:15:34.453370,haute
BJ-248A80DD,Finance Assurance Sakété,Finance & Assurance,Sakété,+229 46 75 85 77,finance.assurance.sakété@finance.assurance.sakété.org,,Grande (>200),B2C,LinkedIn,,Actif,2026-06-29T00:15:34.453400,moyenne
BJ-64206EDD,Groupe Protection Assurances,Finance & Assurance,Adjara,+229 50 62 75 26,,groupeprotectionassurances.bj,PME (10-50),B2B,LinkedIn,,Actif,2026-06-29T00:15:34.453443,moyenne
BJ-973BCCF8,Capital Adjara,Finance & Assurance,Adjara,+229 91 65 83 29,capital.adjara@capital.adjara.org,capitaladjara.bj,PME (10-50),B2B,LinkedIn,,Actif,2026-06-29T00:15:34.453501,haute
BJ-F9EED76A,Cabinet Capital Adjara,Finance & Assurance,Adjara,+229 30 47 60 28,cabinet.capital.adjara@cabinet.capital.adjara.benin,,TPE (<10),B2B,LinkedIn,,Actif,2026-06-29T00:15:34.453555,moyenne
BJ-AE4B7B75,Auto,Finance & Assurance,Allada,+229 46 70 21 60,auto@auto.org,auto.bj,PME (10-50),B2B,LinkedIn,,Actif,2026-06-29T00:15:34.453591,haute
BJ-E0913222,Assurance Santé Bank,Finance & Assurance,Allada,+229 55 12 67 70,,,PME (10-50),B2C,LinkedIn,,Actif,2026-06-29T00:15:34.453615,basse
BJ-6D2CACF2,Finance Santé SA,Finance & Assurance,Allada,+229 76 52 22 12,finance.santé.sa@finance.santé.sa.net,,PME (10-50),B2C,LinkedIn,,Actif,2026-06-29T00:15:34.453641,moyenne
BJ-23FE8345,Banque Vie,Finance & Assurance,Allada,+229 76 27 75 74,banque.vie@banque.vie.org,banquevie.bj,PME (10-50),B2C,LinkedIn,,Actif,2026-06-29T00:15:34.453667,haute
BJ-5C084B6A,Groupe National Groupe,Finance & Assurance,Allada,+229 66 96 53 82,groupe.national.groupe@groupe.national.groupe.org,groupenationalgroupe.bj,TPE (<10),B2C,LinkedIn,,Actif,2026-06-29T00:15:34.453697,haute
BJ-9D48F7C3,Société West International,Finance & Assurance,Aplahoué,+229 91 64 24 36,,sociétéwestinternational.bj,TPE (<10),B2C,LinkedIn,,Actif,2026-06-29T00:15:34.453767,moyenne
BJ-78382D56,Cabinet National,Finance & Assurance,Aplahoué,+229 82 69 70 99,,cabinetnational.bj,PME (10-50),B2C,LinkedIn,,Actif,2026-06-29T00:15:34.453792,moyenne
BJ-8B2A942D,Assurance National,Finance & Assurance,Aplahoué,+229 56 11 72 40,assurance.national@assurance.national.bj,assurancenational.bj,TPE (<10),B2B,LinkedIn,,Actif,2026-06-29T00:15:34.453818,haute
BJ-5CE90291,Assurance Assurance,Finance & Assurance,Aplahoué,+229 36 67 69 47,assurance.assurance@assurance.assurance.benin,assuranceassurance.bj,PME (10-50),B2B,LinkedIn,,Actif,2026-06-29T00:15:34.453845,haute
BJ-F2891A4B,Banque Assurance,Finance & Assurance,Dogbo-Tota,+229 91 26 88 60,banque.assurance@banque.assurance.org,banqueassurance.bj,TPE (<10),B2C,LinkedIn,,Actif,2026-06-29T00:15:34.453880,haute
BJ-C79891B9,Société Crédit,Finance & Assurance,Dogbo-Tota,+229 48 91 58 84,société.crédit@société.crédit.bj,,TPE (<10),B2C,LinkedIn,,Actif,2026-06-29T00:15:34.453920,moyenne
BJ-484B5965,Société Bénin,Finance & Assurance,Dogbo-Tota,+229 29 46 11 70,,sociétébénin.bj,TPE (<10),B2B,LinkedIn,,Actif,2026-06-29T00:15:34.453945,moyenne
BJ-16C03F98,Cabinet Capital SARL,Finance & Assurance,Dogbo-Tota,+229 78 55 91 33,cabinet.capital.sarl@cabinet.capital.sarl.com,cabinetcapitalsarl.bj,TPE (<10),B2C,LinkedIn,,Actif,2026-06-29T00:15:34.453970,haute
BJ-3499B89B,Sécurité Capital,Finance & Assurance,Dogbo-Tota,+229 67 12 25 30,sécurité.capital@sécurité.capital.com,sécuritécapital.bj,PME (10-50),B2B,LinkedIn,,Actif,2026-06-29T00:15:34.453997,haute
BJ-0896003C,West,Finance & Assurance,Kpomassè,+229 44 27 42 51,west@west.com,west.bj,TPE (<10),B2B,LinkedIn,,Actif,2026-06-29T00:15:34.454033,haute
BJ-888DE4AD,Groupe Sécurité Bank,Finance & Assurance,Kpomassè,+229 43 92 76 13,groupe.sécurité.bank@groupe.sécurité.bank.benin,,TPE (<10),B2C,LinkedIn,,Actif,2026-06-29T00:15:34.454069,moyenne
BJ-F7F6A717,Banque Vie Kpomassè,Finance & Assurance,Kpomassè,+229 20 80 14 28,banque.vie.kpomassè@banque.vie.kpomassè.com,,TPE (<10),B2C,LinkedIn,,Actif,2026-06-29T00:15:34.454095,moyenne
BJ-B393D7EF,Banque Protection Capital Kpomassè,Finance & Assurance,Kpomassè,+229 87 13 59 56,banque.protection.capital.kpomassè@banque.protection.capital.kpomassè.benin,banqueprotectioncapitalkpomassè.bj,TPE (<10),B2B,LinkedIn,,Actif,2026-06-29T00:15:34.454124,haute
BJ-078120D4,Africa,Finance & Assurance,Kpomassè,+229 28 66 42 26,,africa.bj,PME (50-200),B2B,LinkedIn,,Actif,2026-06-29T00:15:34.454151,moyenne
BJ-92109E39,Cabinet International Invest,Finance & Assurance,Tori-Bossito,+229 71 37 31 83,cabinet.international.invest@cabinet.international.invest.bj,,TPE (<10),B2C,LinkedIn,,Actif,2026-06-29T00:15:34.454189,moyenne
BJ-20F60674,Assurance Investissement Tori-Bossito,Finance & Assurance,Tori-Bossito,+229 27 90 26 79,assurance.investissement.toribossito@assurance.investissement.toribossito.com,assuranceinvestissementtoribossito.bj,TPE (<10),B2C,LinkedIn,,Actif,2026-06-29T00:15:34.454223,haute
BJ-1CC47350,West Bank,Finance & Assurance,Tori-Bossito,+229 90 89 69 83,west.bank@west.bank.benin,westbank.bj,PME (50-200),B2C,LinkedIn,,Actif,2026-06-29T00:15:34.454252,haute
BJ-6EE002E6,Sécurité Groupe Tori-Bossito,Finance & Assurance,Tori-Bossito,+229 86 99 19 13,,sécuritégroupetoribossito.bj,TPE (<10),B2B,LinkedIn,,Actif,2026-06-29T00:15:34.454281,moyenne
BJ-9A90C4F9,Groupe National International,Finance & Assurance,Tori-Bossito,+229 30 28 71 18,groupe.national.international@groupe.national.international.net,groupenationalinternational.bj,TPE (<10),B2B,LinkedIn,,Actif,2026-06-29T00:15:34.454309,haute
BJ-D0F0F5E6,Société Crédit Capital,Finance & Assurance,Grand-Popo,+229 65 99 72 22,société.crédit.capital@société.crédit.capital.com,sociétécréditcapital.bj,TPE (<10),B2C,LinkedIn,,Actif,2026-06-29T00:15:34.454390,haute
BJ-C33B6FD0,Banque Protection SARL,Finance & Assurance,Grand-Popo,+229 52 27 54 67,banque.protection.sarl@banque.protection.sarl.org,banqueprotectionsarl.bj,PME (50-200),B2B,LinkedIn,,Actif,2026-06-29T00:15:34.454421,haute
BJ-328F8E95,Société West Finance,Finance & Assurance,Grand-Popo,+229 83 28 30 32,société.west.finance@société.west.finance.bj,,TPE (<10),B2C,LinkedIn,,Actif,2026-06-29T00:15:34.454478,moyenne
BJ-2B23F065,Santé Bank,Finance & Assurance,Athiémé,+229 27 97 78 22,santé.bank@santé.bank.net,,PME (10-50),B2C,LinkedIn,,Actif,2026-06-29T00:15:34.454517,moyenne
BJ-43EB77C7,Société Auto,Finance & Assurance,Athiémé,+229 96 26 51 57,,sociétéauto.bj,PME (10-50),B2C,LinkedIn,,Actif,2026-06-29T00:15:34.454544,moyenne
BJ-2119C74A,Société Sécurité Finance,Finance & Assurance,Athiémé,+229 46 46 41 79,société.sécurité.finance@société.sécurité.finance.com,sociétésécuritéfinance.bj,TPE (<10),B2B,LinkedIn,,Actif,2026-06-29T00:15:34.454580,haute
BJ-B2F391D0,Investissement Assurances Athiémé,Finance & Assurance,Athiémé,+229 89 21 51 72,investissement.assurances.athiémé@investissement.assurances.athiémé.bj,investissementassurancesathiémé.bj,PME (50-200),B2B,LinkedIn,,Actif,2026-06-29T00:15:34.454624,haute
BJ-318B77DC,Finance International International,Finance & Assurance,Athiémé,+229 55 96 51 47,finance.international.international@finance.international.international.org,financeinternationalinternational.bj,TPE (<10),B2C,LinkedIn,,Actif,2026-06-29T00:15:34.454654,haute
BJ-7C8BE207,Épargne,Finance & Assurance,Bopa,+229 38 43 46 64,épargne@épargne.org,,PME (50-200),B2C,LinkedIn,,Actif,2026-06-29T00:15:34.454694,moyenne
BJ-BE063173,Finance International SA Bopa,Finance & Assurance,Bopa,+229 30 63 61 48,finance.international.sa.bopa@finance.international.sa.bopa.com,,TPE (<10),B2C,LinkedIn,,Actif,2026-06-29T00:15:34.454728,moyenne
BJ-5C3A80C3,Assurance Capital,Finance & Assurance,Bopa,+229 37 23 46 92,assurance.capital@assurance.capital.benin,assurancecapital.bj,TPE (<10),B2C,LinkedIn,,Actif,2026-06-29T00:15:34.454763,haute
BJ-3CBB18DF,Assurance Santé,Finance & Assurance,Bopa,+229 65 23 13 84,assurance.santé@assurance.santé.bj,assurancesanté.bj,TPE (<10),B2B,LinkedIn,,Actif,2026-06-29T00:15:34.454794,haute
BJ-2D7B49BA,Assurance West SA,Finance & Assurance,Bopa,+229 53 99 68 68,assurance.west.sa@assurance.west.sa.benin,assurancewestsa.bj,PME (50-200),B2C,LinkedIn,,Actif,2026-06-29T00:15:34.454825,haute
BJ-26F57613,Finance Sécurité,Finance & Assurance,Houéyogbé,+229 73 75 71 61,finance.sécurité@finance.sécurité.org,,PME (50-200),B2C,LinkedIn,,Actif,2026-06-29T00:15:34.454864,moyenne
BJ-79FFA822,Groupe International SA Houéyogbé,Finance & Assurance,Houéyogbé,+229 72 41 72 65,groupe.international.sa.houéyogbé@groupe.international.sa.houéyogbé.net,groupeinternationalsahouéyogbé.bj,TPE (<10),B2C,LinkedIn,,Actif,2026-06-29T00:15:34.454905,haute
BJ-A25B7A89,Capital,Finance & Assurance,Houéyogbé,+229 51 76 65 37,capital@capital.net,capital.bj,PME (10-50),B2C,LinkedIn,,Actif,2026-06-29T00:15:34.454937,haute
BJ-6FF7EC40,Assurance Auto Capital,Finance & Assurance,Houéyogbé,+229 85 89 58 96,assurance.auto.capital@assurance.auto.capital.org,assuranceautocapital.bj,TPE (<10),B2B,LinkedIn,,Actif,2026-06-29T00:15:34.454968,haute
BJ-E644CB3F,Cabinet Vie Capital,Finance & Assurance,Houéyogbé,+229 49 97 68 86,cabinet.vie.capital@cabinet.vie.capital.com,,PME (10-50),B2C,LinkedIn,,Actif,2026-06-29T00:15:34.455002,moyenne
BJ-C5465B52,Investissement Malanville,Finance & Assurance,Malanville,+229 57 88 46 77,investissement.malanville@investissement.malanville.benin,investissementmalanville.bj,PME (50-200),B2B,LinkedIn,,Actif,2026-06-29T00:15:34.455044,haute
BJ-02679AF1,Épargne Groupe,Finance & Assurance,Malanville,+229 70 76 73 79,épargne.groupe@épargne.groupe.net,,TPE (<10),B2C,LinkedIn,,Actif,2026-06-29T00:15:34.455081,moyenne
BJ-64DCD05B,International,Finance & Assurance,Malanville,+229 50 78 55 77,international@international.net,,TPE (<10),B2C,LinkedIn,,Actif,2026-06-29T00:15:34.455111,moyenne
BJ-2EFB6DA7,Banque National International,Finance & Assurance,Malanville,+229 92 73 12 63,,banquenationalinternational.bj,Grande (>200),B2C,LinkedIn,,Actif,2026-06-29T00:15:34.455138,moyenne
BJ-061FA7C2,Groupe Africa,Finance & Assurance,Malanville,+229 65 68 78 89,groupe.africa@groupe.africa.bj,groupeafrica.bj,PME (10-50),B2B,LinkedIn,,Actif,2026-06-29T00:15:34.455168,haute
BJ-B4135981,West Invest Kandi,Finance & Assurance,Kandi,+229 54 73 25 71,,,Grande (>200),B2C,LinkedIn,,Actif,2026-06-29T00:15:34.455206,basse
BJ-71B95D63,Cabinet West,Finance & Assurance,Kandi,+229 91 56 93 50,cabinet.west@cabinet.west.org,cabinetwest.bj,TPE (<10),B2B,LinkedIn,,Actif,2026-06-29T00:15:34.455236,haute
BJ-7DBDE323,Protection Bank,Finance & Assurance,Kandi,+229 23 59 52 47,,protectionbank.bj,TPE (<10),B2B,LinkedIn,,Actif,2026-06-29T00:15:34.455269,moyenne
BJ-CED296CC,Capital International,Finance & Assurance,Kandi,+229 20 92 79 54,capital.international@capital.international.com,capitalinternational.bj,Grande (>200),B2B,LinkedIn,,Actif,2026-06-29T00:15:34.455300,haute
BJ-27CAAAEE,Banque Protection,Finance & Assurance,Banikoara,+229 62 25 56 20,banque.protection@banque.protection.org,,PME (10-50),B2C,LinkedIn,,Actif,2026-06-29T00:15:34.455372,moyenne
BJ-50F8856C,Investissement SA,Finance & Assurance,Banikoara,+229 50 19 30 67,,,TPE (<10),B2B,LinkedIn,,Actif,2026-06-29T00:15:34.455402,basse
BJ-37BAC42F,Sécurité,Finance & Assurance,Banikoara,+229 22 29 10 53,sécurité@sécurité.org,sécurité.bj,TPE (<10),B2B,LinkedIn,,Actif,2026-06-29T00:15:34.455433,haute
BJ-87CDF8CB,Cabinet Auto International Banikoara,Finance & Assurance,Banikoara,+229 40 16 86 85,cabinet.auto.international.banikoara@cabinet.auto.international.banikoara.net,cabinetautointernationalbanikoara.bj,PME (10-50),B2B,LinkedIn,,Actif,2026-06-29T00:15:34.455465,haute
BJ-38F44FFB,Banque Protection Finance,Finance & Assurance,Banikoara,+229 38 88 14 94,,,PME (50-200),B2C,LinkedIn,,Actif,2026-06-29T00:15:34.455491,basse
BJ-DBDC033E,National Bank Ségbana,Finance & Assurance,Ségbana,+229 38 66 75 22,national.bank.ségbana@national.bank.ségbana.benin,,TPE (<10),B2C,LinkedIn,,Actif,2026-06-29T00:15:34.455536,moyenne
BJ-0B136A7D,Société Assurance Capital Ségbana,Finance & Assurance,Ségbana,+229 58 41 29 76,société.assurance.capital.ségbana@société.assurance.capital.ségbana.com,,TPE (<10),B2C,LinkedIn,,Actif,2026-06-29T00:15:34.455567,moyenne
BJ-B96653FF,Épargne Capital,Finance & Assurance,Ségbana,+229 99 92 47 14,épargne.capital@épargne.capital.org,épargnecapital.bj,PME (10-50),B2C,LinkedIn,,Actif,2026-06-29T00:15:34.455610,haute
BJ-5E0D0B92,Capital,Finance & Assurance,Karimama,+229 80 21 68 67,capital@capital.org,capital.bj,PME (50-200),B2C,LinkedIn,,Actif,2026-06-29T00:15:34.455705,haute
BJ-C40821E0,Finance International,Finance & Assurance,Karimama,+229 47 15 85 65,finance.international@finance.international.bj,financeinternational.bj,TPE (<10),B2B,LinkedIn,,Actif,2026-06-29T00:15:34.455739,haute
BJ-A846CC18,Banque Santé,Finance & Assurance,Karimama,+229 31 44 86 40,banque.santé@banque.santé.com,banquesanté.bj,TPE (<10),B2C,LinkedIn,,Actif,2026-06-29T00:15:34.455773,haute
BJ-3ECC71E3,Groupe Assurance,Finance & Assurance,Karimama,+229 87 63 90 70,groupe.assurance@groupe.assurance.net,groupeassurance.bj,PME (10-50),B2C,LinkedIn,,Actif,2026-06-29T00:15:34.455802,haute
BJ-64FA4262,Groupe West,Finance & Assurance,Karimama,+229 49 58 15 85,groupe.west@groupe.west.benin,groupewest.bj,PME (10-50),B2B,LinkedIn,,Actif,2026-06-29T00:15:34.455835,haute
BJ-2D528F0E,Société Protection SA,Finance & Assurance,Gogounou,+229 40 25 71 23,,sociétéprotectionsa.bj,Grande (>200),B2C,LinkedIn,,Actif,2026-06-29T00:15:34.455875,moyenne
BJ-501E8136,Groupe Assurance,Finance & Assurance,Gogounou,+229 54 64 72 63,groupe.assurance@groupe.assurance.benin,,PME (10-50),B2B,LinkedIn,,Actif,2026-06-29T00:15:34.455940,moyenne
BJ-9A4C6DC7,Assurance Protection,Finance & Assurance,Gogounou,+229 27 56 70 36,,,Grande (>200),B2B,LinkedIn,,Actif,2026-06-29T00:15:34.455966,basse
BJ-F2EDAF25,Banque Investissement Cobly,Finance & Assurance,Cobly,+229 45 89 57 18,banque.investissement.cobly@banque.investissement.cobly.benin,banqueinvestissementcobly.bj,PME (50-200),B2B,LinkedIn,,Actif,2026-06-29T00:15:34.456035,haute
BJ-139D7D92,Cabinet Auto,Finance & Assurance,Cobly,+229 75 98 11 87,cabinet.auto@cabinet.auto.bj,,PME (50-200),B2B,LinkedIn,,Actif,2026-06-29T00:15:34.456068,moyenne
BJ-16ED790F,Société Protection,Finance & Assurance,Cobly,+229 64 39 66 25,société.protection@société.protection.net,sociétéprotection.bj,TPE (<10),B2B,LinkedIn,,Actif,2026-06-29T00:15:34.456099,haute
BJ-FBE1E776,Banque Santé,Finance & Assurance,Cobly,+229 32 55 79 85,banque.santé@banque.santé.bj,banquesanté.bj,TPE (<10),B2C,LinkedIn,,Actif,2026-06-29T00:15:34.456130,haute
BJ-7BDDD334,Sécurité Finance,Finance & Assurance,Cobly,+229 76 69 52 23,sécurité.finance@sécurité.finance.org,sécuritéfinance.bj,PME (10-50),B2B,LinkedIn,,Actif,2026-06-29T00:15:34.456160,haute
BJ-5A3CE10C,International Finance,Finance & Assurance,Tanguiéta,+229 46 96 82 11,international.finance@international.finance.org,internationalfinance.bj,PME (10-50),B2B,LinkedIn,,Actif,2026-06-29T00:15:34.456200,haute
BJ-A4481933,Banque Bénin Groupe Tanguiéta,Finance & Assurance,Tanguiéta,+229 94 89 73 39,banque.bénin.groupe.tanguiéta@banque.bénin.groupe.tanguiéta.net,banquebéningroupetanguiéta.bj,PME (10-50),B2C,LinkedIn,,Actif,2026-06-29T00:15:34.456261,haute
BJ-674E82A0,Vie Groupe,Finance & Assurance,Tanguiéta,+229 89 58 21 21,vie.groupe@vie.groupe.net,viegroupe.bj,TPE (<10),B2B,LinkedIn,,Actif,2026-06-29T00:15:34.456290,haute
BJ-92EA7A17,Assurance Africa,Finance & Assurance,Tanguiéta,+229 40 36 84 38,assurance.africa@assurance.africa.net,,TPE (<10),B2C,LinkedIn,,Actif,2026-06-29T00:15:34.456323,moyenne
BJ-D970E2FB,Finance National International,Finance & Assurance,Matéri,+229 85 72 77 28,finance.national.international@finance.national.international.org,financenationalinternational.bj,TPE (<10),B2B,LinkedIn,,Actif,2026-06-29T00:15:34.456363,haute
BJ-5198B748,Banque Vie International,Finance & Assurance,Matéri,+229 24 89 76 95,banque.vie.international@banque.vie.international.bj,banquevieinternational.bj,TPE (<10),B2B,LinkedIn,,Actif,2026-06-29T00:15:34.456397,haute
BJ-63518715,National Groupe,Finance & Assurance,Matéri,+229 29 85 60 14,national.groupe@national.groupe.net,nationalgroupe.bj,PME (10-50),B2C,LinkedIn,,Actif,2026-06-29T00:15:34.456427,haute
BJ-820A0D96,International Bank,Finance & Assurance,Matéri,+229 60 83 57 18,international.bank@international.bank.benin,internationalbank.bj,TPE (<10),B2C,LinkedIn,,Actif,2026-06-29T00:15:34.456456,haute
BJ-FED07A4D,Banque Capital Finance,Finance & Assurance,Matéri,+229 69 93 58 52,banque.capital.finance@banque.capital.finance.bj,banquecapitalfinance.bj,Grande (>200),B2C,LinkedIn,,Actif,2026-06-29T00:15:34.456485,haute
BJ-25C02775,Assurance Sécurité Finance,Finance & Assurance,Natitingou,+229 58 87 39 87,assurance.sécurité.finance@assurance.sécurité.finance.org,assurancesécuritéfinance.bj,TPE (<10),B2C,LinkedIn,,Actif,2026-06-29T00:15:34.456531,haute
BJ-E9934BF0,Société West Natitingou,Finance & Assurance,Natitingou,+229 59 26 14 37,,,TPE (<10),B2C,LinkedIn,,Actif,2026-06-29T00:15:34.456557,basse
BJ-E2D09EE1,Cabinet Protection,Finance & Assurance,Natitingou,+229 59 25 80 27,cabinet.protection@cabinet.protection.net,cabinetprotection.bj,PME (10-50),B2C,LinkedIn,,Actif,2026-06-29T00:15:34.456585,haute
BJ-36F731A1,Groupe Crédit Natitingou,Finance & Assurance,Natitingou,+229 64 24 39 69,groupe.crédit.natitingou@groupe.crédit.natitingou.com,groupecréditnatitingou.bj,TPE (<10),B2B,LinkedIn,,Actif,2026-06-29T00:15:34.456615,haute
BJ-2E1516FD,Banque Vie Natitingou,Finance & Assurance,Natitingou,+229 85 70 39 94,banque.vie.natitingou@banque.vie.natitingou.org,,TPE (<10),B2B,LinkedIn,,Actif,2026-06-29T00:15:34.456643,moyenne
BJ-0EC62D4B,Assurance Épargne,Finance & Assurance,Toucountouna,+229 77 27 93 43,,assuranceépargne.bj,TPE (<10),B2B,LinkedIn,,Actif,2026-06-29T00:15:34.456681,moyenne
BJ-712D813E,Assurance International Toucountouna,Finance & Assurance,Toucountouna,+229 99 61 88 45,assurance.international.toucountouna@assurance.international.toucountouna.bj,,TPE (<10),B2B,LinkedIn,,Actif,2026-06-29T00:15:34.456715,moyenne
BJ-C94DE994,Groupe Bénin,Finance & Assurance,Toucountouna,+229 21 98 47 67,,,PME (50-200),B2C,LinkedIn,,Actif,2026-06-29T00:15:34.456741,basse
BJ-640EB7A2,Cabinet National,Finance & Assurance,Toucountouna,+229 98 32 90 61,cabinet.national@cabinet.national.bj,cabinetnational.bj,PME (10-50),B2C,LinkedIn,,Actif,2026-06-29T00:15:34.456799,haute
BJ-F6929CF3,Cabinet Santé Capital,Finance & Assurance,Boukoumbé,+229 52 15 99 62,cabinet.santé.capital@cabinet.santé.capital.org,cabinetsantécapital.bj,PME (50-200),B2B,LinkedIn,,Actif,2026-06-29T00:15:34.456870,haute
BJ-EA15CC33,Société Épargne Boukoumbé,Finance & Assurance,Boukoumbé,+229 29 71 19 78,,,PME (50-200),B2C,LinkedIn,,Actif,2026-06-29T00:15:34.456910,basse
BJ-20D2BA17,Cabinet Crédit Assurances,Finance & Assurance,Boukoumbé,+229 75 53 82 37,cabinet.crédit.assurances@cabinet.crédit.assurances.benin,cabinetcréditassurances.bj,PME (50-200),B2C,LinkedIn,,Actif,2026-06-29T00:15:34.456941,haute
BJ-0A5F0EB7,Assurance International,Finance & Assurance,Boukoumbé,+229 64 50 18 42,assurance.international@assurance.international.bj,assuranceinternational.bj,TPE (<10),B2C,LinkedIn,,Actif,2026-06-29T00:15:34.456970,haute
BJ-CDF8C0A1,International Bank,Finance & Assurance,Kouandé,+229 44 64 30 99,,,TPE (<10),B2B,LinkedIn,,Actif,2026-06-29T00:15:34.457041,basse
BJ-E359DA5B,Finance Bénin Kouandé,Finance & Assurance,Kouandé,+229 48 65 40 34,finance.bénin.kouandé@finance.bénin.kouandé.net,financebéninkouandé.bj,TPE (<10),B2B,LinkedIn,,Actif,2026-06-29T00:15:34.457072,haute
BJ-172FE72B,International Finance,Finance & Assurance,Kouandé,+229 36 23 96 29,,,TPE (<10),B2B,LinkedIn,,Actif,2026-06-29T00:15:34.457098,basse
BJ-7946E174,National Capital,Finance & Assurance,Kouandé,+229 83 44 75 58,national.capital@national.capital.benin,nationalcapital.bj,PME (50-200),B2C,LinkedIn,,Actif,2026-06-29T00:15:34.457126,haute
BJ-BF849E86,Banque Bénin Capital,Finance & Assurance,Péhunco,+229 59 81 13 73,banque.bénin.capital@banque.bénin.capital.org,banquebénincapital.bj,PME (50-200),B2C,LinkedIn,,Actif,2026-06-29T00:15:34.457167,haute
BJ-4E97AA67,Cabinet Protection International,Finance & Assurance,Péhunco,+229 77 70 60 84,cabinet.protection.international@cabinet.protection.international.bj,cabinetprotectioninternational.bj,TPE (<10),B2B,LinkedIn,,Actif,2026-06-29T00:15:34.457195,haute
BJ-AC315828,Africa Capital,Finance & Assurance,Péhunco,+229 79 89 23 47,africa.capital@africa.capital.benin,africacapital.bj,TPE (<10),B2B,LinkedIn,,Actif,2026-06-29T00:15:34.457223,haute
BJ-9B2C01D5,National Bank Péhunco,Finance & Assurance,Péhunco,+229 97 15 79 54,national.bank.péhunco@national.bank.péhunco.com,nationalbankpéhunco.bj,TPE (<10),B2B,LinkedIn,,Actif,2026-06-29T00:15:34.457258,haute
BJ-83260006,National Tchaourou,Finance & Assurance,Tchaourou,+229 93 40 34 70,national.tchaourou@national.tchaourou.org,,TPE (<10),B2B,LinkedIn,,Actif,2026-06-29T00:15:34.457324,moyenne
BJ-0B02E608,West Capital,Finance & Assurance,Tchaourou,+229 55 92 63 70,west.capital@west.capital.com,westcapital.bj,PME (10-50),B2C,LinkedIn,,Actif,2026-06-29T00:15:34.457355,haute
BJ-E9722193,Assurance Assurances,Finance & Assurance,Tchaourou,+229 52 51 18 42,assurance.assurances@assurance.assurances.net,,PME (50-200),B2B,LinkedIn,,Actif,2026-06-29T00:15:34.457386,moyenne
BJ-5B9B5198,Épargne,Finance & Assurance,Tchaourou,+229 21 17 18 43,épargne@épargne.com,,TPE (<10),B2B,LinkedIn,,Actif,2026-06-29T00:15:34.457414,moyenne
BJ-8913F274,Protection Assurances,Finance & Assurance,Tchaourou,+229 70 28 45 93,protection.assurances@protection.assurances.bj,,TPE (<10),B2C,LinkedIn,,Actif,2026-06-29T00:15:34.457441,moyenne
BJ-55415B6E,Africa Finance,Finance & Assurance,Nikki,+229 41 34 94 63,africa.finance@africa.finance.com,africafinance.bj,PME (10-50),B2B,LinkedIn,,Actif,2026-06-29T00:15:34.457479,haute
BJ-F0DAD85E,Société Africa,Finance & Assurance,Nikki,+229 39 15 27 54,société.africa@société.africa.benin,sociétéafrica.bj,PME (10-50),B2B,LinkedIn,,Actif,2026-06-29T00:15:34.457507,haute
BJ-38EB49DA,Finance National,Finance & Assurance,Nikki,+229 70 20 34 49,finance.national@finance.national.net,,TPE (<10),B2B,LinkedIn,,Actif,2026-06-29T00:15:34.457533,moyenne
BJ-C3C4893D,Assurance Protection Bank,Finance & Assurance,Nikki,+229 21 31 37 23,assurance.protection.bank@assurance.protection.bank.com,assuranceprotectionbank.bj,PME (50-200),B2B,LinkedIn,,Actif,2026-06-29T00:15:34.457561,haute
BJ-A8A012E2,Cabinet Protection,Finance & Assurance,Nikki,+229 53 59 64 17,cabinet.protection@cabinet.protection.bj,cabinetprotection.bj,PME (50-200),B2C,LinkedIn,,Actif,2026-06-29T00:15:34.457595,haute
BJ-5093BB98,Assurance International,Finance & Assurance,Bembéréké,+229 28 82 94 83,assurance.international@assurance.international.net,assuranceinternational.bj,PME (50-200),B2C,LinkedIn,,Actif,2026-06-29T00:15:34.457634,haute
BJ-EB14B693,Finance Crédit,Finance & Assurance,Bembéréké,+229 51 92 22 56,,,Grande (>200),B2B,LinkedIn,,Actif,2026-06-29T00:15:34.457665,basse
BJ-CDB3C32E,Crédit Assurances,Finance & Assurance,Bembéréké,+229 23 16 30 58,crédit.assurances@crédit.assurances.benin,créditassurances.bj,TPE (<10),B2B,LinkedIn,,Actif,2026-06-29T00:15:34.457695,haute
BJ-3753BB76,Auto Finance,Finance & Assurance,Bembéréké,+229 53 64 17 19,auto.finance@auto.finance.benin,,TPE (<10),B2C,LinkedIn,,Actif,2026-06-29T00:15:34.457722,moyenne
BJ-D29653E6,Santé SARL Bembéréké,Finance & Assurance,Bembéréké,+229 83 96 41 13,santé.sarl.bembéréké@santé.sarl.bembéréké.bj,santésarlbembéréké.bj,Grande (>200),B2B,LinkedIn,,Actif,2026-06-29T00:15:34.457752,haute
BJ-8C6FF8D0,Société Auto Capital,Finance & Assurance,Kalalé,+229 85 98 95 74,société.auto.capital@société.auto.capital.benin,,PME (50-200),B2B,LinkedIn,,Actif,2026-06-29T00:15:34.457792,moyenne
BJ-3B1FB998,Banque Capital International Kalalé,Finance & Assurance,Kalalé,+229 34 51 56 61,banque.capital.international.kalalé@banque.capital.international.kalalé.org,,TPE (<10),B2B,LinkedIn,,Actif,2026-06-29T00:15:34.457822,moyenne
BJ-2A109AF9,National SA Kalalé,Finance & Assurance,Kalalé,+229 98 36 28 82,national.sa.kalalé@national.sa.kalalé.bj,nationalsakalalé.bj,PME (50-200),B2C,LinkedIn,,Actif,2026-06-29T00:15:34.457852,haute
BJ-FBC967F8,Assurance National SA,Finance & Assurance,Kalalé,+229 26 51 75 87,assurance.national.sa@assurance.national.sa.benin,assurancenationalsa.bj,PME (10-50),B2B,LinkedIn,,Actif,2026-06-29T00:15:34.457886,haute
BJ-F7E61BF2,West,Finance & Assurance,Kalalé,+229 62 28 12 75,west@west.net,west.bj,TPE (<10),B2B,LinkedIn,,Actif,2026-06-29T00:15:34.457924,haute
BJ-6E8E73C1,Protection Finance,Finance & Assurance,Ndali,+229 29 39 59 94,protection.finance@protection.finance.benin,,PME (50-200),B2C,LinkedIn,,Actif,2026-06-29T00:15:34.457963,moyenne
BJ-3C5C5D2D,National Invest,Finance & Assurance,Ndali,+229 29 18 63 76,national.invest@national.invest.org,nationalinvest.bj,PME (10-50),B2B,LinkedIn,,Actif,2026-06-29T00:15:34.457997,haute
BJ-D3807BC4,International Bank,Finance & Assurance,Ndali,+229 50 76 53 66,,internationalbank.bj,TPE (<10),B2B,LinkedIn,,Actif,2026-06-29T00:15:34.458024,moyenne
BJ-3861D4E0,Finance Crédit Capital,Finance & Assurance,Ndali,+229 48 46 95 30,finance.crédit.capital@finance.crédit.capital.org,,TPE (<10),B2C,LinkedIn,,Actif,2026-06-29T00:15:34.458086,moyenne
BJ-CF434B90,Cabinet West,Finance & Assurance,Ségbana,+229 69 48 78 94,cabinet.west@cabinet.west.benin,cabinetwest.bj,TPE (<10),B2B,LinkedIn,,Actif,2026-06-29T00:15:34.458126,haute
BJ-E4E86F3E,Cabinet Sécurité,Finance & Assurance,Ségbana,+229 20 23 39 53,cabinet.sécurité@cabinet.sécurité.benin,cabinetsécurité.bj,TPE (<10),B2C,LinkedIn,,Actif,2026-06-29T00:15:34.458157,haute
BJ-B54419F7,Santé International,Finance & Assurance,Ségbana,+229 73 24 56 66,santé.international@santé.international.bj,santéinternational.bj,PME (10-50),B2B,LinkedIn,,Actif,2026-06-29T00:15:34.458187,haute
BJ-614F5EFA,Finance Sécurité,Finance & Assurance,Ségbana,+229 44 99 47 34,finance.sécurité@finance.sécurité.org,financesécurité.bj,PME (10-50),B2C,LinkedIn,,Actif,2026-06-29T00:15:34.458256,haute
BJ-830BF664,Protection,Finance & Assurance,Tchaourou,+229 42 94 11 90,protection@protection.net,,TPE (<10),B2B,LinkedIn,,Actif,2026-06-29T00:15:34.458292,moyenne
BJ-0728AC3B,Groupe Vie,Finance & Assurance,Tchaourou,+229 33 95 68 99,,groupevie.bj,TPE (<10),B2B,LinkedIn,,Actif,2026-06-29T00:15:34.458320,moyenne
BJ-690ADFAC,Cabinet Protection Bank,Finance & Assurance,Tchaourou,+229 78 55 58 36,,,Grande (>200),B2C,LinkedIn,,Actif,2026-06-29T00:15:34.458345,basse
BJ-B8BD192E,Groupe Auto Invest,Finance & Assurance,Tchaourou,+229 20 50 45 37,groupe.auto.invest@groupe.auto.invest.benin,groupeautoinvest.bj,TPE (<10),B2C,LinkedIn,,Actif,2026-06-29T00:15:34.458372,haute
BJ-36937259,Groupe Investissement Bétérou,Finance & Assurance,Bétérou,+229 64 41 73 53,,groupeinvestissementbétérou.bj,TPE (<10),B2C,LinkedIn,,Actif,2026-06-29T00:15:34.458444,moyenne
BJ-92EE8559,Bénin SARL,Finance & Assurance,Bétérou,+229 75 84 80 18,bénin.sarl@bénin.sarl.bj,,PME (50-200),B2C,LinkedIn,,Actif,2026-06-29T00:15:34.458472,moyenne
BJ-8DE9A574,West Invest,Finance & Assurance,Bétérou,+229 75 28 53 28,west.invest@west.invest.com,westinvest.bj,PME (50-200),B2C,LinkedIn,,Actif,2026-06-29T00:15:34.458500,haute
BJ-15EC5D86,Banque National Ouessè,Finance & Assurance,Ouessè,+229 49 37 29 59,,banquenationalouessè.bj,Grande (>200),B2C,LinkedIn,,Actif,2026-06-29T00:15:34.458620,moyenne
BJ-B3F7F10A,Finance Investissement SARL,Finance & Assurance,Ouessè,+229 88 92 83 39,finance.investissement.sarl@finance.investissement.sarl.com,,PME (10-50),B2B,LinkedIn,,Actif,2026-06-29T00:15:34.458634,moyenne
BJ-5B9AF99A,Cabinet Capital,Finance & Assurance,Ouessè,+229 68 34 28 37,cabinet.capital@cabinet.capital.org,cabinetcapital.bj,PME (10-50),B2C,LinkedIn,,Actif,2026-06-29T00:15:34.458646,haute
BJ-C18AECF3,West Ouessè,Finance & Assurance,Ouessè,+229 57 72 61 87,west.ouessè@west.ouessè.com,westouessè.bj,Grande (>200),B2B,LinkedIn,,Actif,2026-06-29T00:15:34.458660,haute
BJ-7162D575,Sécurité Finance,Finance & Assurance,Glazoué,+229 78 89 78 22,sécurité.finance@sécurité.finance.com,sécuritéfinance.bj,TPE (<10),B2B,LinkedIn,,Actif,2026-06-29T00:15:34.458703,haute
BJ-D3968502,Investissement,Finance & Assurance,Glazoué,+229 24 70 53 65,investissement@investissement.org,investissement.bj,TPE (<10),B2C,LinkedIn,,Actif,2026-06-29T00:15:34.458716,haute
BJ-0A9E797D,Groupe Capital International,Finance & Assurance,Glazoué,+229 36 56 31 18,,groupecapitalinternational.bj,TPE (<10),B2B,LinkedIn,,Actif,2026-06-29T00:15:34.458727,moyenne
BJ-7B59BB97,Assurance Investissement Capital,Finance & Assurance,Glazoué,+229 31 30 35 60,assurance.investissement.capital@assurance.investissement.capital.org,assuranceinvestissementcapital.bj,TPE (<10),B2C,LinkedIn,,Actif,2026-06-29T00:15:34.458740,haute
BJ-1B515261,Crédit Groupe,Finance & Assurance,Dassa-Zoumè,+229 72 80 81 15,,créditgroupe.bj,PME (10-50),B2C,LinkedIn,,Actif,2026-06-29T00:15:34.458809,moyenne
BJ-C39CACF8,Vie International,Finance & Assurance,Dassa-Zoumè,+229 57 90 67 26,,vieinternational.bj,PME (10-50),B2C,LinkedIn,,Actif,2026-06-29T00:15:34.458931,moyenne
BJ-27F3289E,Assurance Finance,Finance & Assurance,Savalou,+229 94 68 19 83,assurance.finance@assurance.finance.benin,assurancefinance.bj,PME (50-200),B2C,LinkedIn,,Actif,2026-06-29T00:15:34.458970,haute
BJ-FAE6E2BA,National Capital Savalou,Finance & Assurance,Savalou,+229 30 31 97 82,national.capital.savalou@national.capital.savalou.net,nationalcapitalsavalou.bj,PME (10-50),B2B,LinkedIn,,Actif,2026-06-29T00:15:34.458995,haute
BJ-2FAB7661,Bénin Groupe,Finance & Assurance,Bantè,+229 98 38 18 18,,béningroupe.bj,PME (50-200),B2C,LinkedIn,,Actif,2026-06-29T00:15:34.459055,moyenne
BJ-456B3148,Banque Capital Bantè,Finance & Assurance,Bantè,+229 29 32 81 83,banque.capital.bantè@banque.capital.bantè.com,,PME (50-200),B2B,LinkedIn,,Actif,2026-06-29T00:15:34.459078,moyenne
BJ-23088679,Groupe Investissement Bantè,Finance & Assurance,Bantè,+229 26 70 15 56,groupe.investissement.bantè@groupe.investissement.bantè.org,,PME (10-50),B2B,LinkedIn,,Actif,2026-06-29T00:15:34.459092,moyenne
BJ-F3C0B094,Vie Capital,Finance & Assurance,Bantè,+229 26 44 66 25,vie.capital@vie.capital.com,viecapital.bj,PME (10-50),B2B,LinkedIn,,Actif,2026-06-29T00:15:34.459105,haute
BJ-482CC54E,Finance Épargne Finance,Finance & Assurance,Bantè,+229 52 22 93 90,finance.épargne.finance@finance.épargne.finance.benin,,TPE (<10),B2C,LinkedIn,,Actif,2026-06-29T00:15:34.459117,moyenne
BJ-C22C5FBB,Groupe Épargne,Finance & Assurance,Djougou,+229 91 17 52 35,groupe.épargne@groupe.épargne.benin,groupeépargne.bj,TPE (<10),B2C,LinkedIn,,Actif,2026-06-29T00:15:34.459138,haute
BJ-05E8F69A,Santé Groupe,Finance & Assurance,Djougou,+229 46 83 79 52,santé.groupe@santé.groupe.com,,TPE (<10),B2C,LinkedIn,,Actif,2026-06-29T00:15:34.459166,moyenne
BJ-8BFA215E,Finance West,Finance & Assurance,Djougou,+229 54 60 12 30,finance.west@finance.west.com,,PME (50-200),B2B,LinkedIn,,Actif,2026-06-29T00:15:34.459181,moyenne
BJ-569EA12B,Vie Capital,Finance & Assurance,Djougou,+229 24 60 78 89,vie.capital@vie.capital.org,viecapital.bj,TPE (<10),B2B,LinkedIn,,Actif,2026-06-29T00:15:34.459194,haute
BJ-691148B2,Banque International,Finance & Assurance,Ouèssè,+229 74 14 54 57,banque.international@banque.international.org,banqueinternational.bj,PME (10-50),B2B,LinkedIn,,Actif,2026-06-29T00:15:34.459212,haute
BJ-F5FDBB3E,Épargne Invest,Finance & Assurance,Ouèssè,+229 53 51 96 98,,épargneinvest.bj,PME (10-50),B2B,LinkedIn,,Actif,2026-06-29T00:15:34.459228,moyenne
BJ-FA4A2F6E,Banque Bénin,Finance & Assurance,Ouèssè,+229 79 24 63 21,banque.bénin@banque.bénin.benin,,TPE (<10),B2C,LinkedIn,,Actif,2026-06-29T00:15:34.459253,moyenne
BJ-8046ECF3,Crédit,Finance & Assurance,Ouèssè,+229 21 58 64 15,crédit@crédit.benin,crédit.bj,TPE (<10),B2C,LinkedIn,,Actif,2026-06-29T00:15:34.459265,haute
BJ-B36CB148,Crédit Bassila,Finance & Assurance,Bassila,+229 41 31 96 68,crédit.bassila@crédit.bassila.bj,,PME (10-50),B2C,LinkedIn,,Actif,2026-06-29T00:15:34.459284,moyenne
BJ-575C3C77,Groupe Sécurité Assurances,Finance & Assurance,Bassila,+229 76 39 38 41,,groupesécuritéassurances.bj,PME (10-50),B2C,LinkedIn,,Actif,2026-06-29T00:15:34.459296,moyenne
BJ-3B7A7F1B,Africa Finance,Finance & Assurance,Bassila,+229 98 68 20 61,africa.finance@africa.finance.net,africafinance.bj,TPE (<10),B2C,LinkedIn,,Actif,2026-06-29T00:15:34.459309,haute
BJ-B65A8036,Banque Capital Capital,Finance & Assurance,Bassila,+229 56 86 72 52,banque.capital.capital@banque.capital.capital.net,banquecapitalcapital.bj,Grande (>200),B2C,LinkedIn,,Actif,2026-06-29T00:15:34.459321,haute
BJ-4C053533,Bénin,Finance & Assurance,Bassila,+229 42 88 51 74,bénin@bénin.com,,TPE (<10),B2B,LinkedIn,,Actif,2026-06-29T00:15:34.459332,moyenne
BJ-58011EE5,Capital Finance,Finance & Assurance,Pehunco,+229 25 22 77 72,capital.finance@capital.finance.benin,capitalfinance.bj,TPE (<10),B2C,LinkedIn,,Actif,2026-06-29T00:15:34.459350,haute
BJ-CBF93A01,West Groupe,Finance & Assurance,Pehunco,+229 99 41 17 98,west.groupe@west.groupe.benin,westgroupe.bj,TPE (<10),B2C,LinkedIn,,Actif,2026-06-29T00:15:34.459365,haute
BJ-3822E89C,Assurance West Bank,Finance & Assurance,Pehunco,+229 60 37 73 77,assurance.west.bank@assurance.west.bank.org,assurancewestbank.bj,TPE (<10),B2B,LinkedIn,,Actif,2026-06-29T00:15:34.459380,haute
BJ-DE9EF95D,Finance Vie International,Finance & Assurance,Pehunco,+229 21 95 10 98,finance.vie.international@finance.vie.international.org,,TPE (<10),B2C,LinkedIn,,Actif,2026-06-29T00:15:34.459391,moyenne
BJ-C2877B04,Société Auto Capital,Finance & Assurance,Copargo,+229 72 41 23 96,société.auto.capital@société.auto.capital.net,sociétéautocapital.bj,PME (10-50),B2C,LinkedIn,,Actif,2026-06-29T00:15:34.459421,haute
BJ-5CA68AF3,Assurance Investissement,Finance & Assurance,Copargo,+229 60 58 77 85,assurance.investissement@assurance.investissement.benin,assuranceinvestissement.bj,Grande (>200),B2B,LinkedIn,,Actif,2026-06-29T00:15:34.459433,haute
BJ-47301282,Vie Bank,Finance & Assurance,Copargo,+229 54 40 31 17,vie.bank@vie.bank.benin,viebank.bj,Grande (>200),B2C,LinkedIn,,Actif,2026-06-29T00:15:34.459457,haute
BJ-0F30F656,Finance International Capital,Finance & Assurance,Copargo,+229 92 87 29 77,finance.international.capital@finance.international.capital.org,,TPE (<10),B2B,LinkedIn,,Actif,2026-06-29T00:15:34.459472,moyenne
BJ-289BCE84,SARL Maritime,Transport & Logistique,Cotonou,+229 92 29 51 40,,,PME (10-50),B2C,LinkedIn,,Actif,2026-06-29T00:15:34.459490,basse
BJ-28160D00,Livraison,Transport & Logistique,Cotonou,+229 41 10 40 51,,,PME (10-50),B2B,LinkedIn,,Actif,2026-06-29T00:15:34.459504,basse
BJ-54089197,Maritime,Transport & Logistique,Cotonou,+229 20 54 52 22,maritime@maritime.com,maritime.bj,PME (50-200),B2C,LinkedIn,,Actif,2026-06-29T00:15:34.459516,haute
BJ-554305AE,Maritime Africa,Transport & Logistique,Cotonou,+229 99 38 61 19,,maritimeafrica.bj,TPE (<10),B2C,LinkedIn,,Actif,2026-06-29T00:15:34.459527,moyenne
BJ-F18A00DD,Aérien Abomey-Calavi,Transport & Logistique,Abomey-Calavi,+229 46 51 47 24,aérien.abomeycalavi@aérien.abomeycalavi.bj,,TPE (<10),B2C,LinkedIn,,Actif,2026-06-29T00:15:34.459560,moyenne
BJ-E3C111E6,Groupe Cargo Bénin,Transport & Logistique,Abomey-Calavi,+229 25 67 66 63,groupe.cargo.bénin@groupe.cargo.bénin.benin,,TPE (<10),B2C,LinkedIn,,Actif,2026-06-29T00:15:34.459574,moyenne
BJ-3551C0CE,Urgent Abomey-Calavi,Transport & Logistique,Abomey-Calavi,+229 63 54 32 31,,,TPE (<10),B2B,LinkedIn,,Actif,2026-06-29T00:15:34.459597,basse
BJ-EBB932B4,Transport Transit Delivery Abomey-Calavi,Transport & Logistique,Abomey-Calavi,+229 46 45 61 45,,transporttransitdeliveryabomeycalavi.bj,TPE (<10),B2B,LinkedIn,,Actif,2026-06-29T00:15:34.459608,moyenne
BJ-821F6BDA,Déménagement,Transport & Logistique,Abomey-Calavi,+229 30 84 63 81,,,PME (50-200),B2B,LinkedIn,,Actif,2026-06-29T00:15:34.459621,basse
BJ-15EC1C94,Livraison Porto-Novo,Transport & Logistique,Porto-Novo,+229 62 61 69 59,,,PME (10-50),B2B,LinkedIn,,Actif,2026-06-29T00:15:34.459637,basse
BJ-36D22EB3,Transit Africa,Transport & Logistique,Porto-Novo,+229 35 23 64 73,,transitafrica.bj,TPE (<10),B2B,LinkedIn,,Actif,2026-06-29T00:15:34.459651,moyenne
BJ-5BFF9EB2,Messagerie,Transport & Logistique,Porto-Novo,+229 28 49 44 35,messagerie@messagerie.com,,PME (10-50),B2B,LinkedIn,,Actif,2026-06-29T00:15:34.459663,moyenne
BJ-969BF24F,Urgent,Transport & Logistique,Porto-Novo,+229 50 59 13 55,,urgent.bj,PME (50-200),B2B,LinkedIn,,Actif,2026-06-29T00:15:34.459673,moyenne
BJ-EEA6B487,Maritime,Transport & Logistique,Porto-Novo,+229 60 98 30 54,maritime@maritime.bj,maritime.bj,PME (50-200),B2C,LinkedIn,,Actif,2026-06-29T00:15:34.459684,haute
BJ-1159AD34,Logistique Aérien Bénin,Transport & Logistique,Parakou,+229 76 55 52 89,,,TPE (<10),B2B,LinkedIn,,Actif,2026-06-29T00:15:34.459699,basse
BJ-D4565494,Maritime,Transport & Logistique,Parakou,+229 70 45 20 97,maritime@maritime.net,maritime.bj,PME (50-200),B2C,LinkedIn,,Actif,2026-06-29T00:15:34.459711,haute
BJ-3731BE5F,Livraison International,Transport & Logistique,Parakou,+229 79 62 89 33,,,PME (10-50),B2C,LinkedIn,,Actif,2026-06-29T00:15:34.459731,basse
BJ-A66DC5FA,SARL Déménagement,Transport & Logistique,Parakou,+229 51 68 65 74,sarl.déménagement@sarl.déménagement.net,sarldéménagement.bj,Grande (>200),B2B,LinkedIn,,Actif,2026-06-29T00:15:34.459743,haute
BJ-4313B504,Logistique Transit,Transport & Logistique,Bohicon,+229 51 75 87 39,logistique.transit@logistique.transit.bj,,TPE (<10),B2C,LinkedIn,,Actif,2026-06-29T00:15:34.459759,moyenne
BJ-F8A7E94C,Express Fret,Transport & Logistique,Bohicon,+229 50 71 51 41,,expressfret.bj,PME (50-200),B2B,LinkedIn,,Actif,2026-06-29T00:15:34.459773,moyenne
BJ-A0FE0AD8,Messagerie Delivery Bohicon,Transport & Logistique,Bohicon,+229 79 67 64 19,,,PME (10-50),B2B,LinkedIn,,Actif,2026-06-29T00:15:34.459783,basse
BJ-0D5144DB,SARL Fret,Transport & Logistique,Bohicon,+229 94 91 34 79,,,Grande (>200),B2C,LinkedIn,,Actif,2026-06-29T00:15:34.459793,basse
BJ-709099AA,Rapide Messagerie Bohicon,Transport & Logistique,Bohicon,+229 88 38 32 95,rapide.messagerie.bohicon@rapide.messagerie.bohicon.benin,,Grande (>200),B2B,LinkedIn,,Actif,2026-06-29T00:15:34.459807,moyenne
BJ-9538F592,Logistique Transit,Transport & Logistique,Natitingou,+229 86 88 40 44,logistique.transit@logistique.transit.com,logistiquetransit.bj,TPE (<10),B2B,LinkedIn,,Actif,2026-06-29T00:15:34.459825,haute
BJ-0EFBFCD4,Rapide Transit,Transport & Logistique,Natitingou,+229 67 76 47 80,,rapidetransit.bj,PME (10-50),B2B,LinkedIn,,Actif,2026-06-29T00:15:34.459836,moyenne
BJ-02BC233E,Transport Courrier Transport,Transport & Logistique,Natitingou,+229 20 77 62 74,transport.courrier.transport@transport.courrier.transport.org,transportcourriertransport.bj,TPE (<10),B2B,LinkedIn,,Actif,2026-06-29T00:15:34.459847,haute
BJ-2B9A427C,Express Natitingou,Transport & Logistique,Natitingou,+229 28 18 39 49,express.natitingou@express.natitingou.org,,TPE (<10),B2C,LinkedIn,,Actif,2026-06-29T00:15:34.459867,moyenne
BJ-ADA5C98E,Delivery Express Lokossa,Transport & Logistique,Lokossa,+229 80 64 44 48,delivery.express.lokossa@delivery.express.lokossa.com,deliveryexpresslokossa.bj,TPE (<10),B2B,LinkedIn,,Actif,2026-06-29T00:15:34.459885,haute
BJ-A20204BF,Messagerie International,Transport & Logistique,Lokossa,+229 87 81 74 81,messagerie.international@messagerie.international.benin,,TPE (<10),B2B,LinkedIn,,Actif,2026-06-29T00:15:34.459942,moyenne
BJ-989B9C9A,Livraison Logistique,Transport & Logistique,Lokossa,+229 35 34 15 93,livraison.logistique@livraison.logistique.org,,PME (10-50),B2B,LinkedIn,,Actif,2026-06-29T00:15:34.459969,moyenne
BJ-C13EEC45,SARL Express Lokossa,Transport & Logistique,Lokossa,+229 21 50 16 33,,,TPE (<10),B2C,LinkedIn,,Actif,2026-06-29T00:15:34.459978,basse
BJ-20A12B60,Delivery Maritime Ouidah,Transport & Logistique,Ouidah,+229 21 48 70 64,delivery.maritime.ouidah@delivery.maritime.ouidah.bj,,PME (50-200),B2B,LinkedIn,,Actif,2026-06-29T00:15:34.459998,moyenne
BJ-1A83874D,SARL Cargo,Transport & Logistique,Ouidah,+229 89 36 97 97,sarl.cargo@sarl.cargo.bj,sarlcargo.bj,TPE (<10),B2C,LinkedIn,,Actif,2026-06-29T00:15:34.460011,haute
BJ-52691558,Distribution Delivery Ouidah,Transport & Logistique,Ouidah,+229 83 55 38 37,distribution.delivery.ouidah@distribution.delivery.ouidah.com,distributiondeliveryouidah.bj,PME (10-50),B2B,LinkedIn,,Actif,2026-06-29T00:15:34.460022,haute
BJ-2D46EA9B,Express Déménagement,Transport & Logistique,Ouidah,+229 62 67 58 62,express.déménagement@express.déménagement.org,expressdéménagement.bj,Grande (>200),B2B,LinkedIn,,Actif,2026-06-29T00:15:34.460047,haute
BJ-41111125,Aérien Africa,Transport & Logistique,Savalou,+229 34 98 31 98,aérien.africa@aérien.africa.org,,TPE (<10),B2B,LinkedIn,,Actif,2026-06-29T00:15:34.460065,moyenne
BJ-BB9C9569,Delivery Déménagement SARL,Transport & Logistique,Savalou,+229 74 73 96 69,,,TPE (<10),B2C,LinkedIn,,Actif,2026-06-29T00:15:34.460078,basse
BJ-ABC0A677,Delivery Cargo,Transport & Logistique,Savalou,+229 29 20 82 65,,deliverycargo.bj,PME (10-50),B2B,LinkedIn,,Actif,2026-06-29T00:15:34.460092,moyenne
BJ-8C6BD85A,Express Africa,Transport & Logistique,Savalou,+229 67 39 63 97,express.africa@express.africa.com,,TPE (<10),B2C,LinkedIn,,Actif,2026-06-29T00:15:34.460103,moyenne
BJ-69AF69FA,Déménagement Logistique Dassa-Zoumè,Transport & Logistique,Dassa-Zoumè,+229 37 27 34 36,,déménagementlogistiquedassazoumè.bj,PME (50-200),B2C,LinkedIn,,Actif,2026-06-29T00:15:34.460135,moyenne
BJ-50FB7CF3,Distribution Express,Transport & Logistique,Dassa-Zoumè,+229 94 17 79 14,distribution.express@distribution.express.bj,,TPE (<10),B2C,LinkedIn,,Actif,2026-06-29T00:15:34.460146,moyenne
BJ-C303CC3C,Delivery Route Delivery,Transport & Logistique,Dassa-Zoumè,+229 75 48 53 39,delivery.route.delivery@delivery.route.delivery.benin,deliveryroutedelivery.bj,PME (50-200),B2C,LinkedIn,,Actif,2026-06-29T00:15:34.460157,haute
BJ-1D8EF742,Livraison Logistique,Transport & Logistique,Dassa-Zoumè,+229 53 54 16 21,livraison.logistique@livraison.logistique.net,,PME (10-50),B2B,LinkedIn,,Actif,2026-06-29T00:15:34.460168,moyenne
BJ-528FA0BA,Express Transit Dassa-Zoumè,Transport & Logistique,Dassa-Zoumè,+229 81 47 13 41,,expresstransitdassazoumè.bj,PME (50-200),B2C,LinkedIn,,Actif,2026-06-29T00:15:34.460180,moyenne
BJ-F4D3B8EB,SARL Distribution SARL,Transport & Logistique,Kétou,+229 72 49 16 18,sarl.distribution.sarl@sarl.distribution.sarl.bj,sarldistributionsarl.bj,TPE (<10),B2C,LinkedIn,,Actif,2026-06-29T00:15:34.460201,haute
BJ-D078E0D6,Cargo,Transport & Logistique,Kétou,+229 92 36 50 32,,cargo.bj,PME (10-50),B2B,LinkedIn,,Actif,2026-06-29T00:15:34.460215,moyenne
BJ-B4185F65,Livraison Transport,Transport & Logistique,Kétou,+229 47 86 34 53,livraison.transport@livraison.transport.com,,PME (50-200),B2B,LinkedIn,,Actif,2026-06-29T00:15:34.460227,moyenne
BJ-5CCEFD5B,Groupe Déménagement Logistique,Transport & Logistique,Kétou,+229 94 22 23 73,groupe.déménagement.logistique@groupe.déménagement.logistique.bj,,PME (10-50),B2B,LinkedIn,,Actif,2026-06-29T00:15:34.460250,moyenne
BJ-D9A1299F,Fret,Transport & Logistique,Covè,+229 61 99 65 46,,fret.bj,PME (10-50),B2C,LinkedIn,,Actif,2026-06-29T00:15:34.460266,moyenne
BJ-5208C75F,Déménagement Covè,Transport & Logistique,Covè,+229 40 99 30 93,déménagement.covè@déménagement.covè.benin,,PME (10-50),B2B,LinkedIn,,Actif,2026-06-29T00:15:34.460278,moyenne
BJ-369F0079,Rapide International,Transport & Logistique,Covè,+229 56 54 55 44,,,PME (10-50),B2B,LinkedIn,,Actif,2026-06-29T00:15:34.460291,basse
BJ-0E3A70BF,Transport Déménagement Transport,Transport & Logistique,Covè,+229 81 99 60 89,transport.déménagement.transport@transport.déménagement.transport.com,,Grande (>200),B2C,LinkedIn,,Actif,2026-06-29T00:15:34.460302,moyenne
BJ-0D7FD755,Route,Transport & Logistique,Covè,+229 63 17 76 11,route@route.net,route.bj,PME (50-200),B2C,LinkedIn,,Actif,2026-06-29T00:15:34.460314,haute
BJ-6A18B687,Logistique Transit Transport Pobè,Transport & Logistique,Pobè,+229 98 21 71 77,logistique.transit.transport.pobè@logistique.transit.transport.pobè.org,logistiquetransittransportpobè.bj,TPE (<10),B2B,LinkedIn,,Actif,2026-06-29T00:15:34.460332,haute
BJ-025044BC,Livraison,Transport & Logistique,Pobè,+229 92 45 92 55,,livraison.bj,TPE (<10),B2C,LinkedIn,,Actif,2026-06-29T00:15:34.460346,moyenne
BJ-B86ED002,Transport Maritime SARL,Transport & Logistique,Pobè,+229 43 39 93 57,transport.maritime.sarl@transport.maritime.sarl.bj,,Grande (>200),B2B,LinkedIn,,Actif,2026-06-29T00:15:34.460358,moyenne
BJ-F2150AE7,Groupe Livraison Bénin,Transport & Logistique,Pobè,+229 49 77 23 43,groupe.livraison.bénin@groupe.livraison.bénin.net,,PME (10-50),B2B,LinkedIn,,Actif,2026-06-29T00:15:34.460380,moyenne
BJ-F8EA2F20,Logistique Rapide Africa,Transport & Logistique,Sakété,+229 21 11 28 91,logistique.rapide.africa@logistique.rapide.africa.benin,,PME (10-50),B2B,LinkedIn,,Actif,2026-06-29T00:15:34.460396,moyenne
BJ-017DA538,Cargo Sakété,Transport & Logistique,Sakété,+229 64 27 44 70,cargo.sakété@cargo.sakété.benin,cargosakété.bj,TPE (<10),B2C,LinkedIn,,Actif,2026-06-29T00:15:34.460412,haute
BJ-6C3DBF2D,Rapide Déménagement,Transport & Logistique,Sakété,+229 29 13 59 43,rapide.déménagement@rapide.déménagement.com,rapidedéménagement.bj,TPE (<10),B2C,LinkedIn,,Actif,2026-06-29T00:15:34.460424,haute
BJ-E3A06F13,Express Transit Africa Sakété,Transport & Logistique,Sakété,+229 66 75 75 18,,,PME (10-50),B2C,LinkedIn,,Actif,2026-06-29T00:15:34.460446,basse
BJ-E4094BCB,Urgent Logistique,Transport & Logistique,Adjara,+229 37 90 48 98,,,PME (50-200),B2B,LinkedIn,,Actif,2026-06-29T00:15:34.460462,basse
BJ-095CED45,Logistique Urgent,Transport & Logistique,Adjara,+229 84 10 62 91,logistique.urgent@logistique.urgent.net,,PME (10-50),B2C,LinkedIn,,Actif,2026-06-29T00:15:34.460475,moyenne
BJ-B340B778,Express,Transport & Logistique,Adjara,+229 71 64 63 58,,,Grande (>200),B2B,LinkedIn,,Actif,2026-06-29T00:15:34.460500,basse
BJ-BBD966F7,Groupe Express,Transport & Logistique,Adjara,+229 21 81 45 16,,groupeexpress.bj,TPE (<10),B2C,LinkedIn,,Actif,2026-06-29T00:15:34.460510,moyenne
BJ-101C9B4D,Delivery Messagerie,Transport & Logistique,Allada,+229 61 51 15 22,,,TPE (<10),B2B,LinkedIn,,Actif,2026-06-29T00:15:34.460526,basse
BJ-8698A826,Fret Delivery,Transport & Logistique,Allada,+229 42 11 56 69,fret.delivery@fret.delivery.net,,PME (50-200),B2C,LinkedIn,,Actif,2026-06-29T00:15:34.460536,moyenne
BJ-5C03113C,Express Fret Logistique Allada,Transport & Logistique,Allada,+229 87 28 12 14,express.fret.logistique.allada@express.fret.logistique.allada.net,expressfretlogistiqueallada.bj,TPE (<10),B2B,LinkedIn,,Actif,2026-06-29T00:15:34.460570,haute
BJ-CDAABF0F,Fret Delivery,Transport & Logistique,Aplahoué,+229 77 86 19 33,,fretdelivery.bj,PME (10-50),B2C,LinkedIn,,Actif,2026-06-29T00:15:34.460586,moyenne
BJ-3DFD9816,Transit Express Aplahoué,Transport & Logistique,Aplahoué,+229 31 47 64 83,,transitexpressaplahoué.bj,PME (10-50),B2C,LinkedIn,,Actif,2026-06-29T00:15:34.460600,moyenne
BJ-7990E650,Messagerie Delivery Aplahoué,Transport & Logistique,Aplahoué,+229 25 51 99 37,,messageriedeliveryaplahoué.bj,PME (50-200),B2C,LinkedIn,,Actif,2026-06-29T00:15:34.460624,moyenne
BJ-B7872EC5,Express Fret SARL,Transport & Logistique,Aplahoué,+229 48 66 76 21,express.fret.sarl@express.fret.sarl.bj,expressfretsarl.bj,PME (10-50),B2C,LinkedIn,,Actif,2026-06-29T00:15:34.460635,haute
BJ-818DEDFB,Courrier Logistique,Transport & Logistique,Dogbo-Tota,+229 28 74 52 36,courrier.logistique@courrier.logistique.benin,,TPE (<10),B2C,LinkedIn,,Actif,2026-06-29T00:15:34.460652,moyenne
BJ-6F9AB11C,Groupe Déménagement Africa,Transport & Logistique,Dogbo-Tota,+229 63 95 26 10,groupe.déménagement.africa@groupe.déménagement.africa.bj,groupedéménagementafrica.bj,PME (50-200),B2B,LinkedIn,,Actif,2026-06-29T00:15:34.460664,haute
BJ-0E3C91F3,Cargo Express,Transport & Logistique,Dogbo-Tota,+229 76 64 65 65,cargo.express@cargo.express.com,,PME (50-200),B2B,LinkedIn,,Actif,2026-06-29T00:15:34.460675,moyenne
BJ-8B0C2A0D,Transport Rapide International Dogbo-Tota,Transport & Logistique,Dogbo-Tota,+229 95 29 99 34,transport.rapide.international.dogbotota@transport.rapide.international.dogbotota.net,,PME (10-50),B2B,LinkedIn,,Actif,2026-06-29T00:15:34.460687,moyenne
BJ-97352C12,SARL Messagerie Delivery,Transport & Logistique,Dogbo-Tota,+229 91 71 52 47,sarl.messagerie.delivery@sarl.messagerie.delivery.bj,,Grande (>200),B2C,LinkedIn,,Actif,2026-06-29T00:15:34.460702,moyenne
BJ-AC3F7A31,Rapide Urgent Delivery,Transport & Logistique,Kpomassè,+229 84 45 94 26,,rapideurgentdelivery.bj,Grande (>200),B2C,LinkedIn,,Actif,2026-06-29T00:15:34.460718,moyenne
BJ-816E3AFB,Courrier Kpomassè,Transport & Logistique,Kpomassè,+229 50 63 85 35,,courrierkpomassè.bj,TPE (<10),B2B,LinkedIn,,Actif,2026-06-29T00:15:34.460733,moyenne
BJ-1B796A11,Maritime International,Transport & Logistique,Kpomassè,+229 36 51 58 92,,maritimeinternational.bj,PME (50-200),B2C,LinkedIn,,Actif,2026-06-29T00:15:34.460744,moyenne
BJ-82CF293E,Route,Transport & Logistique,Kpomassè,+229 43 19 95 20,route@route.com,route.bj,TPE (<10),B2C,LinkedIn,,Actif,2026-06-29T00:15:34.460765,haute
BJ-4B4EEEA9,Rapide Maritime Transport,Transport & Logistique,Tori-Bossito,+229 82 41 35 67,rapide.maritime.transport@rapide.maritime.transport.benin,,PME (50-200),B2B,LinkedIn,,Actif,2026-06-29T00:15:34.460788,moyenne
BJ-33B2B382,Fret,Transport & Logistique,Tori-Bossito,+229 31 73 58 19,,fret.bj,Grande (>200),B2C,LinkedIn,,Actif,2026-06-29T00:15:34.460799,moyenne
BJ-DDE85F81,Cargo Bénin Tori-Bossito,Transport & Logistique,Tori-Bossito,+229 33 82 87 82,cargo.bénin.toribossito@cargo.bénin.toribossito.bj,,TPE (<10),B2C,LinkedIn,,Actif,2026-06-29T00:15:34.460811,moyenne
BJ-289BC368,Livraison SARL,Transport & Logistique,Tori-Bossito,+229 24 56 10 35,,livraisonsarl.bj,PME (50-200),B2C,LinkedIn,,Actif,2026-06-29T00:15:34.460822,moyenne
BJ-80E7B8CB,Transport Déménagement,Transport & Logistique,Grand-Popo,+229 75 55 41 64,transport.déménagement@transport.déménagement.com,,PME (10-50),B2B,LinkedIn,,Actif,2026-06-29T00:15:34.460849,moyenne
BJ-D8D69121,Rapide Express Logistique,Transport & Logistique,Grand-Popo,+229 51 36 56 38,rapide.express.logistique@rapide.express.logistique.net,,PME (10-50),B2C,LinkedIn,,Actif,2026-06-29T00:15:34.460864,moyenne
BJ-4BBF33E1,Fret SARL Grand-Popo,Transport & Logistique,Grand-Popo,+229 58 37 97 16,,,TPE (<10),B2C,LinkedIn,,Actif,2026-06-29T00:15:34.460885,basse
BJ-CBCCD894,Transport Express Logistique,Transport & Logistique,Grand-Popo,+229 97 48 25 86,,,PME (50-200),B2B,LinkedIn,,Actif,2026-06-29T00:15:34.460925,basse
BJ-0399F712,Maritime,Transport & Logistique,Athiémé,+229 25 69 51 26,,maritime.bj,TPE (<10),B2B,LinkedIn,,Actif,2026-06-29T00:15:34.460962,moyenne
BJ-26D9BA84,Groupe Déménagement,Transport & Logistique,Athiémé,+229 54 63 10 70,groupe.déménagement@groupe.déménagement.net,groupedéménagement.bj,TPE (<10),B2B,LinkedIn,,Actif,2026-06-29T00:15:34.460989,haute
BJ-61F62FA4,Transport Fret Delivery,Transport & Logistique,Athiémé,+229 96 83 68 74,transport.fret.delivery@transport.fret.delivery.com,,PME (10-50),B2B,LinkedIn,,Actif,2026-06-29T00:15:34.461000,moyenne
BJ-38795CB4,SARL Courrier Transport,Transport & Logistique,Bopa,+229 21 95 91 29,sarl.courrier.transport@sarl.courrier.transport.bj,sarlcourriertransport.bj,TPE (<10),B2B,LinkedIn,,Actif,2026-06-29T00:15:34.461038,haute
BJ-58FF86E3,Logistique Déménagement,Transport & Logistique,Bopa,+229 95 68 76 20,,logistiquedéménagement.bj,PME (50-200),B2B,LinkedIn,,Actif,2026-06-29T00:15:34.461052,moyenne
BJ-5515499C,Logistique Urgent International,Transport & Logistique,Bopa,+229 79 34 28 54,logistique.urgent.international@logistique.urgent.international.com,logistiqueurgentinternational.bj,PME (50-200),B2C,LinkedIn,,Actif,2026-06-29T00:15:34.461064,haute
BJ-2734553F,Groupe Express Bénin,Transport & Logistique,Bopa,+229 47 35 91 16,,,PME (50-200),B2C,LinkedIn,,Actif,2026-06-29T00:15:34.461075,basse
BJ-4A22DA7A,Groupe Express,Transport & Logistique,Bopa,+229 30 44 95 29,groupe.express@groupe.express.net,groupeexpress.bj,Grande (>200),B2B,LinkedIn,,Actif,2026-06-29T00:15:34.461086,haute
BJ-6023D20B,Delivery Fret,Transport & Logistique,Houéyogbé,+229 94 97 64 70,delivery.fret@delivery.fret.org,,Grande (>200),B2C,LinkedIn,,Actif,2026-06-29T00:15:34.461102,moyenne
BJ-AEE6C462,Groupe Transit Houéyogbé,Transport & Logistique,Houéyogbé,+229 27 13 66 13,,,PME (10-50),B2C,LinkedIn,,Actif,2026-06-29T00:15:34.461113,basse
BJ-C4AC499E,Delivery Rapide International,Transport & Logistique,Houéyogbé,+229 34 35 72 83,,,PME (10-50),B2C,LinkedIn,,Actif,2026-06-29T00:15:34.461123,basse
BJ-9FC4B295,Rapide Express,Transport & Logistique,Houéyogbé,+229 58 51 41 62,,rapideexpress.bj,PME (50-200),B2C,LinkedIn,,Actif,2026-06-29T00:15:34.461134,moyenne
BJ-1C93DA02,Aérien Bénin,Transport & Logistique,Houéyogbé,+229 65 94 35 50,aérien.bénin@aérien.bénin.com,aérienbénin.bj,PME (10-50),B2B,LinkedIn,,Actif,2026-06-29T00:15:34.461146,haute
BJ-9A5A6012,Déménagement International,Transport & Logistique,Malanville,+229 40 31 94 40,déménagement.international@déménagement.international.benin,déménagementinternational.bj,PME (10-50),B2B,LinkedIn,,Actif,2026-06-29T00:15:34.461177,haute
BJ-56CC8A69,Delivery Courrier Malanville,Transport & Logistique,Malanville,+229 84 73 53 49,delivery.courrier.malanville@delivery.courrier.malanville.benin,,PME (10-50),B2C,LinkedIn,,Actif,2026-06-29T00:15:34.461203,moyenne
BJ-1BACC7FE,Rapide Urgent Malanville,Transport & Logistique,Malanville,+229 93 11 60 84,rapide.urgent.malanville@rapide.urgent.malanville.org,rapideurgentmalanville.bj,TPE (<10),B2C,LinkedIn,,Actif,2026-06-29T00:15:34.461217,haute
BJ-8A64E812,Logistique Urgent,Transport & Logistique,Kandi,+229 74 15 25 61,,logistiqueurgent.bj,TPE (<10),B2C,LinkedIn,,Actif,2026-06-29T00:15:34.461234,moyenne
BJ-D03918EB,Urgent SARL Kandi,Transport & Logistique,Kandi,+229 50 47 22 95,urgent.sarl.kandi@urgent.sarl.kandi.com,urgentsarlkandi.bj,TPE (<10),B2B,LinkedIn,,Actif,2026-06-29T00:15:34.461245,haute
BJ-193B0CCE,Cargo Kandi,Transport & Logistique,Kandi,+229 88 36 29 85,,,PME (50-200),B2B,LinkedIn,,Actif,2026-06-29T00:15:34.461264,basse
BJ-1E045FE3,Cargo Africa,Transport & Logistique,Kandi,+229 24 40 13 23,cargo.africa@cargo.africa.benin,,PME (50-200),B2C,LinkedIn,,Actif,2026-06-29T00:15:34.461275,moyenne
BJ-D1D8FD7B,Route Logistique,Transport & Logistique,Banikoara,+229 46 90 46 51,route.logistique@route.logistique.org,,TPE (<10),B2B,LinkedIn,,Actif,2026-06-29T00:15:34.461316,moyenne
BJ-909ABC22,Transit International,Transport & Logistique,Banikoara,+229 54 13 50 30,transit.international@transit.international.benin,,PME (50-200),B2B,LinkedIn,,Actif,2026-06-29T00:15:34.461338,moyenne
BJ-B0C9D958,Cargo Delivery,Transport & Logistique,Ségbana,+229 48 97 23 47,cargo.delivery@cargo.delivery.org,cargodelivery.bj,PME (50-200),B2C,LinkedIn,,Actif,2026-06-29T00:15:34.461354,haute
BJ-279BCA1C,Express Fret,Transport & Logistique,Ségbana,+229 45 81 33 44,express.fret@express.fret.com,expressfret.bj,TPE (<10),B2B,LinkedIn,,Actif,2026-06-29T00:15:34.461366,haute
BJ-E6B56CBE,Delivery Livraison International,Transport & Logistique,Ségbana,+229 77 42 73 33,delivery.livraison.international@delivery.livraison.international.benin,,TPE (<10),B2C,LinkedIn,,Actif,2026-06-29T00:15:34.461380,moyenne
BJ-93206AB4,Distribution SARL Karimama,Transport & Logistique,Karimama,+229 31 91 51 13,distribution.sarl.karimama@distribution.sarl.karimama.org,,PME (50-200),B2B,LinkedIn,,Actif,2026-06-29T00:15:34.461417,moyenne
BJ-41E73598,Logistique Déménagement,Transport & Logistique,Karimama,+229 89 64 74 33,,,PME (10-50),B2C,LinkedIn,,Actif,2026-06-29T00:15:34.461430,basse
BJ-5001984B,Logistique Distribution,Transport & Logistique,Karimama,+229 98 93 16 80,logistique.distribution@logistique.distribution.net,,PME (10-50),B2C,LinkedIn,,Actif,2026-06-29T00:15:34.461441,moyenne
BJ-16A5A339,Groupe Aérien,Transport & Logistique,Gogounou,+229 93 96 49 87,,groupeaérien.bj,PME (10-50),B2B,LinkedIn,,Actif,2026-06-29T00:15:34.461494,moyenne
BJ-5DF8FA5D,Fret Africa,Transport & Logistique,Gogounou,+229 30 89 42 98,fret.africa@fret.africa.bj,fretafrica.bj,PME (10-50),B2C,LinkedIn,,Actif,2026-06-29T00:15:34.461505,haute
BJ-47F619FD,Cargo Express Gogounou,Transport & Logistique,Gogounou,+229 27 60 30 79,cargo.express.gogounou@cargo.express.gogounou.benin,,PME (50-200),B2B,LinkedIn,,Actif,2026-06-29T00:15:34.461517,moyenne
BJ-3CD6DE99,Logistique Route Transport,Transport & Logistique,Gogounou,+229 65 22 33 71,,,PME (10-50),B2B,LinkedIn,,Actif,2026-06-29T00:15:34.461526,basse
BJ-8028FE09,Messagerie,Transport & Logistique,Cobly,+229 96 61 20 66,messagerie@messagerie.net,messagerie.bj,PME (50-200),B2C,LinkedIn,,Actif,2026-06-29T00:15:34.461542,haute
BJ-DF9123F8,Livraison Bénin,Transport & Logistique,Cobly,+229 65 65 14 93,,livraisonbénin.bj,TPE (<10),B2B,LinkedIn,,Actif,2026-06-29T00:15:34.461569,moyenne
BJ-41EA470B,Distribution Cobly,Transport & Logistique,Cobly,+229 39 19 33 39,,,PME (10-50),B2C,LinkedIn,,Actif,2026-06-29T00:15:34.461594,basse
BJ-AEAB3A86,Urgent,Transport & Logistique,Tanguiéta,+229 83 66 20 11,urgent@urgent.net,urgent.bj,TPE (<10),B2B,LinkedIn,,Actif,2026-06-29T00:15:34.461611,haute
BJ-EA4A9F26,Déménagement,Transport & Logistique,Tanguiéta,+229 71 23 82 79,,déménagement.bj,PME (10-50),B2B,LinkedIn,,Actif,2026-06-29T00:15:34.461622,moyenne
BJ-825695CE,Aérien Tanguiéta,Transport & Logistique,Tanguiéta,+229 93 53 50 60,,aérientanguiéta.bj,TPE (<10),B2B,LinkedIn,,Actif,2026-06-29T00:15:34.461633,moyenne
BJ-4EEC56CD,Express,Transport & Logistique,Tanguiéta,+229 50 15 64 37,,,PME (50-200),B2C,LinkedIn,,Actif,2026-06-29T00:15:34.461643,basse
BJ-786B78D1,Courrier Express,Transport & Logistique,Tanguiéta,+229 78 18 42 80,courrier.express@courrier.express.com,courrierexpress.bj,PME (10-50),B2B,LinkedIn,,Actif,2026-06-29T00:15:34.461654,haute
BJ-683E5401,Livraison Transport,Transport & Logistique,Matéri,+229 73 57 75 86,livraison.transport@livraison.transport.net,livraisontransport.bj,Grande (>200),B2C,LinkedIn,,Actif,2026-06-29T00:15:34.461688,haute
BJ-43A7173C,Express Distribution Bénin,Transport & Logistique,Matéri,+229 83 45 46 53,,expressdistributionbénin.bj,PME (50-200),B2B,LinkedIn,,Actif,2026-06-29T00:15:34.461719,moyenne
BJ-16F39D36,Maritime,Transport & Logistique,Matéri,+229 45 32 62 71,,,TPE (<10),B2C,LinkedIn,,Actif,2026-06-29T00:15:34.461730,basse
BJ-0532AA8F,Distribution Delivery,Transport & Logistique,Matéri,+229 69 81 50 84,,distributiondelivery.bj,PME (10-50),B2B,LinkedIn,,Actif,2026-06-29T00:15:34.461741,moyenne
BJ-440BADCD,Transport Cargo,Transport & Logistique,Matéri,+229 67 15 95 80,transport.cargo@transport.cargo.bj,,PME (10-50),B2C,LinkedIn,,Actif,2026-06-29T00:15:34.461752,moyenne
BJ-ABC46734,SARL Distribution Delivery,Transport & Logistique,Natitingou,+229 28 40 37 78,sarl.distribution.delivery@sarl.distribution.delivery.benin,,TPE (<10),B2C,LinkedIn,,Actif,2026-06-29T00:15:34.461796,moyenne
BJ-E449184E,Rapide Logistique,Transport & Logistique,Natitingou,+229 25 28 74 81,rapide.logistique@rapide.logistique.benin,rapidelogistique.bj,PME (10-50),B2B,LinkedIn,,Actif,2026-06-29T00:15:34.461807,haute
BJ-3FE3E3C9,Groupe Express Natitingou,Transport & Logistique,Natitingou,+229 42 14 99 32,groupe.express.natitingou@groupe.express.natitingou.com,,PME (50-200),B2C,LinkedIn,,Actif,2026-06-29T00:15:34.461834,moyenne
BJ-C0D50E24,Courrier,Transport & Logistique,Toucountouna,+229 70 76 40 34,,courrier.bj,PME (50-200),B2B,LinkedIn,,Actif,2026-06-29T00:15:34.461849,moyenne
BJ-27E3E8F3,SARL Fret,Transport & Logistique,Toucountouna,+229 74 30 16 69,sarl.fret@sarl.fret.benin,,PME (10-50),B2B,LinkedIn,,Actif,2026-06-29T00:15:34.461864,moyenne
BJ-0564116F,Express Livraison,Transport & Logistique,Toucountouna,+229 95 20 63 93,,expresslivraison.bj,TPE (<10),B2C,LinkedIn,,Actif,2026-06-29T00:15:34.461875,moyenne
BJ-F80D1FF1,SARL Fret Toucountouna,Transport & Logistique,Toucountouna,+229 89 20 65 95,sarl.fret.toucountouna@sarl.fret.toucountouna.org,sarlfrettoucountouna.bj,TPE (<10),B2B,LinkedIn,,Actif,2026-06-29T00:15:34.461887,haute
BJ-1C853AEF,Transport Fret Delivery,Transport & Logistique,Toucountouna,+229 39 56 30 28,transport.fret.delivery@transport.fret.delivery.benin,transportfretdelivery.bj,TPE (<10),B2B,LinkedIn,,Actif,2026-06-29T00:15:34.461929,haute
BJ-4E0B2BCC,Express Déménagement Express,Transport & Logistique,Boukoumbé,+229 69 57 79 78,,expressdéménagementexpress.bj,Grande (>200),B2B,LinkedIn,,Actif,2026-06-29T00:15:34.461959,moyenne
BJ-3BFC1993,Delivery Rapide Transport,Transport & Logistique,Boukoumbé,+229 28 39 21 27,delivery.rapide.transport@delivery.rapide.transport.net,,PME (50-200),B2C,LinkedIn,,Actif,2026-06-29T00:15:34.461970,moyenne
BJ-487C2875,Transport Messagerie SARL,Transport & Logistique,Boukoumbé,+229 96 84 52 11,,transportmessageriesarl.bj,PME (10-50),B2B,LinkedIn,,Actif,2026-06-29T00:15:34.461980,moyenne
BJ-E52D2C4F,SARL Cargo Kouandé,Transport & Logistique,Kouandé,+229 56 25 92 42,sarl.cargo.kouandé@sarl.cargo.kouandé.benin,,Grande (>200),B2C,LinkedIn,,Actif,2026-06-29T00:15:34.462012,moyenne
BJ-4899AA62,Rapide Fret,Transport & Logistique,Kouandé,+229 82 72 21 33,rapide.fret@rapide.fret.org,,PME (50-200),B2B,LinkedIn,,Actif,2026-06-29T00:15:34.462038,moyenne
BJ-C5ED4CB4,Maritime Express,Transport & Logistique,Kouandé,+229 36 77 67 28,,maritimeexpress.bj,PME (50-200),B2B,LinkedIn,,Actif,2026-06-29T00:15:34.462050,moyenne
BJ-0777C47D,Maritime,Transport & Logistique,Kouandé,+229 35 29 28 20,maritime@maritime.net,,TPE (<10),B2C,LinkedIn,,Actif,2026-06-29T00:15:34.462061,moyenne
BJ-87FC62F3,Express Rapide,Transport & Logistique,Péhunco,+229 74 86 97 81,,,PME (10-50),B2C,LinkedIn,,Actif,2026-06-29T00:15:34.462076,basse
BJ-B031936F,Route,Transport & Logistique,Péhunco,+229 66 19 49 84,,route.bj,Grande (>200),B2C,LinkedIn,,Actif,2026-06-29T00:15:34.462087,moyenne
BJ-11A17DA1,Express Maritime Péhunco,Transport & Logistique,Péhunco,+229 91 29 37 83,express.maritime.péhunco@express.maritime.péhunco.benin,expressmaritimepéhunco.bj,PME (10-50),B2B,LinkedIn,,Actif,2026-06-29T00:15:34.462099,haute
BJ-89BD160B,Cargo,Transport & Logistique,Péhunco,+229 47 28 89 57,cargo@cargo.com,cargo.bj,PME (10-50),B2B,LinkedIn,,Actif,2026-06-29T00:15:34.462111,haute
BJ-A3F3FD4D,SARL Livraison,Transport & Logistique,Péhunco,+229 92 98 21 42,,,PME (50-200),B2B,LinkedIn,,Actif,2026-06-29T00:15:34.462120,basse
BJ-901C749E,Groupe Distribution,Transport & Logistique,Tchaourou,+229 95 99 87 30,groupe.distribution@groupe.distribution.com,groupedistribution.bj,PME (50-200),B2C,LinkedIn,,Actif,2026-06-29T00:15:34.462138,haute
BJ-AE139129,Transport Fret Delivery,Transport & Logistique,Tchaourou,+229 71 48 36 10,,,PME (10-50),B2C,LinkedIn,,Actif,2026-06-29T00:15:34.462151,basse
BJ-3E13A827,Groupe Déménagement Bénin,Transport & Logistique,Tchaourou,+229 31 90 12 62,groupe.déménagement.bénin@groupe.déménagement.bénin.org,,TPE (<10),B2B,LinkedIn,,Actif,2026-06-29T00:15:34.462164,moyenne
BJ-A20BB8C7,Transit Express Tchaourou,Transport & Logistique,Tchaourou,+229 91 20 53 10,transit.express.tchaourou@transit.express.tchaourou.com,transitexpresstchaourou.bj,PME (10-50),B2B,LinkedIn,,Actif,2026-06-29T00:15:34.462175,haute
BJ-F4DBC1E4,Aérien Delivery,Transport & Logistique,Tchaourou,+229 54 18 80 47,,aériendelivery.bj,TPE (<10),B2C,LinkedIn,,Actif,2026-06-29T00:15:34.462186,moyenne
BJ-79473F0E,Express Livraison,Transport & Logistique,Nikki,+229 51 18 28 50,express.livraison@express.livraison.com,expresslivraison.bj,PME (50-200),B2B,LinkedIn,,Actif,2026-06-29T00:15:34.462203,haute
BJ-20B240EC,SARL Messagerie Nikki,Transport & Logistique,Nikki,+229 43 41 83 19,sarl.messagerie.nikki@sarl.messagerie.nikki.net,sarlmessagerienikki.bj,PME (10-50),B2B,LinkedIn,,Actif,2026-06-29T00:15:34.462214,haute
BJ-4783DEAD,Rapide Maritime Bembéréké,Transport & Logistique,Bembéréké,+229 30 10 72 62,rapide.maritime.bembéréké@rapide.maritime.bembéréké.net,,Grande (>200),B2C,LinkedIn,,Actif,2026-06-29T00:15:34.462279,moyenne
BJ-84D63922,Cargo Delivery Bembéréké,Transport & Logistique,Bembéréké,+229 58 27 54 42,,cargodeliverybembéréké.bj,PME (10-50),B2B,LinkedIn,,Actif,2026-06-29T00:15:34.462291,moyenne
BJ-6AF1A735,Rapide Africa Bembéréké,Transport & Logistique,Bembéréké,+229 21 32 43 78,,,PME (50-200),B2B,LinkedIn,,Actif,2026-06-29T00:15:34.462301,basse
BJ-BFA7EF7F,Express Urgent,Transport & Logistique,Bembéréké,+229 35 71 29 36,express.urgent@express.urgent.bj,,PME (50-200),B2B,LinkedIn,,Actif,2026-06-29T00:15:34.462312,moyenne
BJ-56CA03FF,Transit SARL,Transport & Logistique,Kalalé,+229 92 17 69 55,transit.sarl@transit.sarl.org,,PME (10-50),B2C,LinkedIn,,Actif,2026-06-29T00:15:34.462328,moyenne
BJ-DF98F94E,Logistique Courrier Africa,Transport & Logistique,Kalalé,+229 64 74 85 61,logistique.courrier.africa@logistique.courrier.africa.org,logistiquecourrierafrica.bj,PME (10-50),B2B,LinkedIn,,Actif,2026-06-29T00:15:34.462340,haute
BJ-944BE7AA,Urgent Delivery,Transport & Logistique,Kalalé,+229 92 73 49 52,,,TPE (<10),B2C,LinkedIn,,Actif,2026-06-29T00:15:34.462349,basse
BJ-1E32930D,Route,Transport & Logistique,Kalalé,+229 49 91 59 28,,,PME (10-50),B2C,LinkedIn,,Actif,2026-06-29T00:15:34.462370,basse
BJ-36E17025,Logistique Livraison,Transport & Logistique,Ndali,+229 45 67 38 52,,logistiquelivraison.bj,TPE (<10),B2C,LinkedIn,,Actif,2026-06-29T00:15:34.462385,moyenne
BJ-4F4DD1D0,Rapide,Transport & Logistique,Ndali,+229 60 88 58 20,rapide@rapide.com,rapide.bj,TPE (<10),B2C,LinkedIn,,Actif,2026-06-29T00:15:34.462399,haute
BJ-AB55AA2D,Logistique Express,Transport & Logistique,Ndali,+229 45 54 95 55,,logistiqueexpress.bj,PME (10-50),B2C,LinkedIn,,Actif,2026-06-29T00:15:34.462413,moyenne
BJ-CDE51C84,Transport Messagerie,Transport & Logistique,Ndali,+229 81 22 65 84,,,PME (10-50),B2B,LinkedIn,,Actif,2026-06-29T00:15:34.462422,basse
BJ-5844A97B,Route Logistique,Transport & Logistique,Ndali,+229 79 21 85 49,route.logistique@route.logistique.bj,routelogistique.bj,Grande (>200),B2C,LinkedIn,,Actif,2026-06-29T00:15:34.462438,haute
BJ-51D0226F,Aérien International,Transport & Logistique,Ségbana,+229 36 73 26 34,,,TPE (<10),B2C,LinkedIn,,Actif,2026-06-29T00:15:34.462454,basse
BJ-932D88BC,Express Logistique,Transport & Logistique,Ségbana,+229 67 42 41 72,,expresslogistique.bj,PME (50-200),B2C,LinkedIn,,Actif,2026-06-29T00:15:34.462465,moyenne
BJ-C509F3A9,Transport Aérien International,Transport & Logistique,Ségbana,+229 58 51 51 96,transport.aérien.international@transport.aérien.international.bj,,PME (50-200),B2C,LinkedIn,,Actif,2026-06-29T00:15:34.462476,moyenne
BJ-9BA39C0F,SARL Messagerie Ségbana,Transport & Logistique,Ségbana,+229 72 56 33 31,sarl.messagerie.ségbana@sarl.messagerie.ségbana.com,,PME (10-50),B2C,LinkedIn,,Actif,2026-06-29T00:15:34.462488,moyenne
BJ-B2D5840B,Rapide Logistique,Transport & Logistique,Ségbana,+229 42 52 33 28,,rapidelogistique.bj,PME (50-200),B2B,LinkedIn,,Actif,2026-06-29T00:15:34.462498,moyenne
BJ-A059CA98,Rapide Courrier Tchaourou,Transport & Logistique,Tchaourou,+229 84 48 59 89,,rapidecourriertchaourou.bj,TPE (<10),B2C,LinkedIn,,Actif,2026-06-29T00:15:34.462514,moyenne
BJ-E97DFF99,Transport Livraison,Transport & Logistique,Tchaourou,+229 53 29 93 84,transport.livraison@transport.livraison.net,transportlivraison.bj,Grande (>200),B2C,LinkedIn,,Actif,2026-06-29T00:15:34.462529,haute
BJ-BFE114EE,SARL Rapide Tchaourou,Transport & Logistique,Tchaourou,+229 56 35 80 62,sarl.rapide.tchaourou@sarl.rapide.tchaourou.benin,sarlrapidetchaourou.bj,Grande (>200),B2B,LinkedIn,,Actif,2026-06-29T00:15:34.462541,haute
BJ-C2F05D5F,Déménagement International,Transport & Logistique,Tchaourou,+229 54 76 77 88,,,PME (10-50),B2C,LinkedIn,,Actif,2026-06-29T00:15:34.462552,basse
BJ-CE529F74,Delivery Rapide Bénin,Transport & Logistique,Tchaourou,+229 48 49 69 31,,,TPE (<10),B2B,LinkedIn,,Actif,2026-06-29T00:15:34.462561,basse
BJ-DC57FB82,Logistique Aérien,Transport & Logistique,Bétérou,+229 72 72 79 28,,,TPE (<10),B2C,LinkedIn,,Actif,2026-06-29T00:15:34.462587,basse
BJ-DF8A98E5,Groupe Livraison Bénin Bétérou,Transport & Logistique,Bétérou,+229 97 36 16 25,,,Grande (>200),B2C,LinkedIn,,Actif,2026-06-29T00:15:34.462597,basse
BJ-4262BCE5,Livraison International Bétérou,Transport & Logistique,Bétérou,+229 66 34 72 16,livraison.international.bétérou@livraison.international.bétérou.bj,,PME (10-50),B2B,LinkedIn,,Actif,2026-06-29T00:15:34.462612,moyenne
BJ-5DE2AB28,Route Logistique,Transport & Logistique,Bétérou,+229 25 58 22 41,route.logistique@route.logistique.bj,routelogistique.bj,TPE (<10),B2B,LinkedIn,,Actif,2026-06-29T00:15:34.462623,haute
BJ-90521F2D,Delivery Cargo,Transport & Logistique,Ouessè,+229 55 73 17 73,delivery.cargo@delivery.cargo.com,,PME (50-200),B2C,LinkedIn,,Actif,2026-06-29T00:15:34.462639,moyenne
BJ-37934864,Groupe Route Express,Transport & Logistique,Ouessè,+229 49 25 93 36,groupe.route.express@groupe.route.express.org,grouperouteexpress.bj,PME (50-200),B2C,LinkedIn,,Actif,2026-06-29T00:15:34.462668,haute
BJ-BD4054BC,Express Bénin,Transport & Logistique,Ouessè,+229 69 47 16 38,express.bénin@express.bénin.benin,,PME (50-200),B2B,LinkedIn,,Actif,2026-06-29T00:15:34.462679,moyenne
BJ-36E2FD8F,SARL Rapide,Transport & Logistique,Ouessè,+229 85 10 23 11,,,TPE (<10),B2B,LinkedIn,,Actif,2026-06-29T00:15:34.462689,basse
BJ-AC1E8248,Transport Distribution SARL,Transport & Logistique,Glazoué,+229 35 58 86 64,,,PME (50-200),B2B,LinkedIn,,Actif,2026-06-29T00:15:34.462735,basse
BJ-B736B5F3,Cargo SARL,Transport & Logistique,Glazoué,+229 90 20 61 47,cargo.sarl@cargo.sarl.net,,TPE (<10),B2C,LinkedIn,,Actif,2026-06-29T00:15:34.462746,moyenne
BJ-4A6621EA,Messagerie Glazoué,Transport & Logistique,Glazoué,+229 69 50 72 52,messagerie.glazoué@messagerie.glazoué.bj,messagerieglazoué.bj,TPE (<10),B2C,LinkedIn,,Actif,2026-06-29T00:15:34.462759,haute
BJ-B61CD79E,Rapide Messagerie SARL,Transport & Logistique,Glazoué,+229 58 81 64 87,,rapidemessageriesarl.bj,TPE (<10),B2B,LinkedIn,,Actif,2026-06-29T00:15:34.462770,moyenne
BJ-F41B5A74,Livraison Africa,Transport & Logistique,Glazoué,+229 89 53 67 75,livraison.africa@livraison.africa.bj,,PME (10-50),B2B,LinkedIn,,Actif,2026-06-29T00:15:34.462781,moyenne
BJ-25E59E60,Transport Livraison Dassa-Zoumè,Transport & Logistique,Dassa-Zoumè,+229 95 65 14 74,,transportlivraisondassazoumè.bj,PME (10-50),B2C,LinkedIn,,Actif,2026-06-29T00:15:34.462833,moyenne
BJ-14363EE7,Route Bénin,Transport & Logistique,Dassa-Zoumè,+229 74 71 54 39,route.bénin@route.bénin.org,,PME (50-200),B2C,LinkedIn,,Actif,2026-06-29T00:15:34.462860,moyenne
BJ-6AC1FC49,Transport Transit Africa,Transport & Logistique,Savalou,+229 80 83 80 67,transport.transit.africa@transport.transit.africa.bj,,Grande (>200),B2C,LinkedIn,,Actif,2026-06-29T00:15:34.462911,moyenne
BJ-C31F2211,Fret,Transport & Logistique,Savalou,+229 88 28 79 37,,fret.bj,PME (10-50),B2B,LinkedIn,,Actif,2026-06-29T00:15:34.462937,moyenne
BJ-A1EEF473,SARL Urgent SARL,Transport & Logistique,Savalou,+229 76 10 81 14,sarl.urgent.sarl@sarl.urgent.sarl.bj,,TPE (<10),B2B,LinkedIn,,Actif,2026-06-29T00:15:34.462952,moyenne
BJ-C73846A9,Logistique Cargo,Transport & Logistique,Savalou,+229 33 97 34 16,logistique.cargo@logistique.cargo.net,logistiquecargo.bj,PME (10-50),B2C,LinkedIn,,Actif,2026-06-29T00:15:34.462964,haute
BJ-4F797E6C,Delivery Maritime Savalou,Transport & Logistique,Savalou,+229 80 14 18 65,delivery.maritime.savalou@delivery.maritime.savalou.com,deliverymaritimesavalou.bj,PME (50-200),B2B,LinkedIn,,Actif,2026-06-29T00:15:34.462976,haute
BJ-467DE3D4,Aérien International,Transport & Logistique,Bantè,+229 59 75 81 93,aérien.international@aérien.international.org,,TPE (<10),B2B,LinkedIn,,Actif,2026-06-29T00:15:34.463008,moyenne
BJ-CA5830D7,Rapide,Transport & Logistique,Bantè,+229 80 31 68 64,rapide@rapide.org,,PME (50-200),B2C,LinkedIn,,Actif,2026-06-29T00:15:34.463036,moyenne
BJ-669AC414,SARL Aérien,Transport & Logistique,Bantè,+229 51 41 80 51,,,PME (50-200),B2B,LinkedIn,,Actif,2026-06-29T00:15:34.463046,basse
BJ-E9094FFB,Courrier Transport Djougou,Transport & Logistique,Djougou,+229 28 67 41 54,,courriertransportdjougou.bj,PME (10-50),B2C,LinkedIn,,Actif,2026-06-29T00:15:34.463079,moyenne
BJ-200C50DC,Rapide Livraison,Transport & Logistique,Djougou,+229 24 66 11 29,rapide.livraison@rapide.livraison.org,,TPE (<10),B2C,LinkedIn,,Actif,2026-06-29T00:15:34.463090,moyenne
BJ-E8681F87,Express Route Africa,Transport & Logistique,Djougou,+229 49 65 49 17,express.route.africa@express.route.africa.org,expressrouteafrica.bj,Grande (>200),B2C,LinkedIn,,Actif,2026-06-29T00:15:34.463103,haute
BJ-BCF28445,Urgent,Transport & Logistique,Djougou,+229 29 46 12 68,urgent@urgent.org,urgent.bj,PME (10-50),B2B,LinkedIn,,Actif,2026-06-29T00:15:34.463132,haute
BJ-7095A2EC,Fret Delivery,Transport & Logistique,Djougou,+229 82 18 90 77,,,TPE (<10),B2C,LinkedIn,,Actif,2026-06-29T00:15:34.463152,basse
BJ-7C52A8B0,Groupe Courrier,Transport & Logistique,Ouèssè,+229 43 32 28 81,groupe.courrier@groupe.courrier.bj,,PME (10-50),B2B,LinkedIn,,Actif,2026-06-29T00:15:34.463227,moyenne
BJ-37608FD7,Transport Maritime,Transport & Logistique,Ouèssè,+229 57 10 61 61,,transportmaritime.bj,PME (50-200),B2C,LinkedIn,,Actif,2026-06-29T00:15:34.463244,moyenne
BJ-F1B83EED,SARL Maritime SARL,Transport & Logistique,Ouèssè,+229 96 76 39 84,sarl.maritime.sarl@sarl.maritime.sarl.bj,sarlmaritimesarl.bj,Grande (>200),B2C,LinkedIn,,Actif,2026-06-29T00:15:34.463256,haute
BJ-4492AEB2,Aérien SARL,Transport & Logistique,Ouèssè,+229 90 35 24 73,aérien.sarl@aérien.sarl.net,,TPE (<10),B2C,LinkedIn,,Actif,2026-06-29T00:15:34.463268,moyenne
BJ-AECAB5B3,Rapide Cargo,Transport & Logistique,Bassila,+229 99 13 60 25,,rapidecargo.bj,PME (50-200),B2B,LinkedIn,,Actif,2026-06-29T00:15:34.463296,moyenne
BJ-BFCC850F,Express Africa,Transport & Logistique,Bassila,+229 83 95 91 84,express.africa@express.africa.benin,,TPE (<10),B2C,LinkedIn,,Actif,2026-06-29T00:15:34.463307,moyenne
BJ-2182F3D6,Express Maritime Express,Transport & Logistique,Bassila,+229 27 79 87 28,,,Grande (>200),B2B,LinkedIn,,Actif,2026-06-29T00:15:34.463317,basse
BJ-49DA7B82,Transport Transit,Transport & Logistique,Bassila,+229 94 66 37 70,,transporttransit.bj,Grande (>200),B2C,LinkedIn,,Actif,2026-06-29T00:15:34.463331,moyenne
BJ-97E4A332,Logistique Messagerie,Transport & Logistique,Pehunco,+229 72 44 66 14,logistique.messagerie@logistique.messagerie.com,logistiquemessagerie.bj,TPE (<10),B2C,LinkedIn,,Actif,2026-06-29T00:15:34.463348,haute
BJ-FD54AB76,Messagerie Pehunco,Transport & Logistique,Pehunco,+229 90 37 11 16,,,TPE (<10),B2C,LinkedIn,,Actif,2026-06-29T00:15:34.463374,basse
BJ-171D6B3E,Rapide Route Africa,Transport & Logistique,Pehunco,+229 64 90 71 55,rapide.route.africa@rapide.route.africa.org,,TPE (<10),B2B,LinkedIn,,Actif,2026-06-29T00:15:34.463386,moyenne
BJ-666619B0,Cargo Logistique,Transport & Logistique,Pehunco,+229 90 98 35 20,cargo.logistique@cargo.logistique.benin,cargologistique.bj,TPE (<10),B2B,LinkedIn,,Actif,2026-06-29T00:15:34.463397,haute
BJ-90145647,Delivery Distribution,Transport & Logistique,Copargo,+229 36 69 21 29,,deliverydistribution.bj,TPE (<10),B2B,LinkedIn,,Actif,2026-06-29T00:15:34.463413,moyenne
BJ-E0EF9714,Express Courrier Logistique Copargo,Transport & Logistique,Copargo,+229 60 38 94 66,express.courrier.logistique.copargo@express.courrier.logistique.copargo.org,,PME (50-200),B2C,LinkedIn,,Actif,2026-06-29T00:15:34.463425,moyenne
BJ-529278C3,Logistique Cargo,Transport & Logistique,Copargo,+229 36 41 29 86,logistique.cargo@logistique.cargo.benin,,PME (10-50),B2B,LinkedIn,,Actif,2026-06-29T00:15:34.463439,moyenne
BJ-634480BB,Delivery Express,Transport & Logistique,Copargo,+229 20 86 78 66,delivery.express@delivery.express.bj,deliveryexpress.bj,PME (50-200),B2C,LinkedIn,,Actif,2026-06-29T00:15:34.463451,haute
BJ-D1D3996D,Rapide Bénin,Transport & Logistique,Copargo,+229 45 52 15 22,rapide.bénin@rapide.bénin.bj,,TPE (<10),B2C,LinkedIn,,Actif,2026-06-29T00:15:34.463462,moyenne
BJ-169E14AB,Voice SARL,Télécommunications,Cotonou,+229 98 39 39 63,voice.sarl@voice.sarl.net,voicesarl.bj,Grande (>200),B2C,LinkedIn,,Actif,2026-06-29T00:15:34.463531,haute
BJ-60CE4CB8,Voice,Télécommunications,Abomey-Calavi,+229 86 13 78 15,voice@voice.benin,voice.bj,PME (10-50),B2C,LinkedIn,,Actif,2026-06-29T00:15:34.463548,haute
BJ-6FFDF8AF,Télécom Data,Télécommunications,Abomey-Calavi,+229 80 34 61 58,télécom.data@télécom.data.benin,télécomdata.bj,PME (10-50),B2C,LinkedIn,,Actif,2026-06-29T00:15:34.463579,haute
BJ-F8C47116,Internet Voice Abomey-Calavi,Télécommunications,Abomey-Calavi,+229 65 70 14 34,internet.voice.abomeycalavi@internet.voice.abomeycalavi.net,internetvoiceabomeycalavi.bj,PME (50-200),B2B,LinkedIn,,Actif,2026-06-29T00:15:34.463592,haute
BJ-101AB309,Réseau Bénin Porto-Novo,Télécommunications,Porto-Novo,+229 85 80 11 79,réseau.bénin.portonovo@réseau.bénin.portonovo.net,réseaubéninportonovo.bj,TPE (<10),B2C,LinkedIn,,Actif,2026-06-29T00:15:34.463647,haute
BJ-9B577AE7,Réseau Digital Porto-Novo,Télécommunications,Porto-Novo,+229 43 93 38 37,réseau.digital.portonovo@réseau.digital.portonovo.net,réseaudigitalportonovo.bj,TPE (<10),B2B,LinkedIn,,Actif,2026-06-29T00:15:34.463666,haute
BJ-42A816D0,Mobile Satellite SA,Télécommunications,Porto-Novo,+229 32 37 73 22,mobile.satellite.sa@mobile.satellite.sa.benin,mobilesatellitesa.bj,TPE (<10),B2B,LinkedIn,,Actif,2026-06-29T00:15:34.463681,haute
BJ-10006D69,Internet Porto-Novo,Télécommunications,Porto-Novo,+229 27 79 29 76,internet.portonovo@internet.portonovo.benin,internetportonovo.bj,Grande (>200),B2C,LinkedIn,,Actif,2026-06-29T00:15:34.463693,haute
BJ-4886970F,Réseau Digital SARL,Télécommunications,Porto-Novo,+229 69 49 79 98,réseau.digital.sarl@réseau.digital.sarl.org,réseaudigitalsarl.bj,PME (50-200),B2C,LinkedIn,,Actif,2026-06-29T00:15:34.463705,haute
BJ-496A1079,Mobile Tech Bénin,Télécommunications,Parakou,+229 67 81 84 58,,mobiletechbénin.bj,TPE (<10),B2C,LinkedIn,,Actif,2026-06-29T00:15:34.463725,moyenne
BJ-7E5A8290,Internet,Télécommunications,Parakou,+229 28 62 44 66,,,PME (10-50),B2C,LinkedIn,,Actif,2026-06-29T00:15:34.463736,basse
BJ-294D8C1C,Télécom Africa,Télécommunications,Parakou,+229 30 86 59 24,télécom.africa@télécom.africa.bj,télécomafrica.bj,PME (50-200),B2B,LinkedIn,,Actif,2026-06-29T00:15:34.463748,haute
BJ-F722F649,Communication Bénin,Télécommunications,Parakou,+229 65 24 23 93,,,TPE (<10),B2B,LinkedIn,,Actif,2026-06-29T00:15:34.463759,basse
BJ-C8B6D07D,Réseau SA,Télécommunications,Parakou,+229 76 46 34 48,réseau.sa@réseau.sa.bj,réseausa.bj,TPE (<10),B2B,LinkedIn,,Actif,2026-06-29T00:15:34.463771,haute
BJ-1E1FC3BA,Mobile Internet,Télécommunications,Bohicon,+229 41 77 33 74,mobile.internet@mobile.internet.benin,mobileinternet.bj,TPE (<10),B2C,LinkedIn,,Actif,2026-06-29T00:15:34.463789,haute
BJ-9D03BAB7,Internet Wireless Bénin,Télécommunications,Bohicon,+229 32 81 90 28,internet.wireless.bénin@internet.wireless.bénin.com,internetwirelessbénin.bj,PME (50-200),B2C,LinkedIn,,Actif,2026-06-29T00:15:34.463805,haute
BJ-4C35256B,Digital Digital,Télécommunications,Bohicon,+229 77 17 57 53,digital.digital@digital.digital.bj,digitaldigital.bj,Grande (>200),B2B,LinkedIn,,Actif,2026-06-29T00:15:34.463842,haute
BJ-29790E4D,Télécom Télécom Bohicon,Télécommunications,Bohicon,+229 89 25 85 22,télécom.télécom.bohicon@télécom.télécom.bohicon.com,télécomtélécombohicon.bj,TPE (<10),B2C,LinkedIn,,Actif,2026-06-29T00:15:34.463886,haute
BJ-5D4BBDE0,Internet Wireless,Télécommunications,Natitingou,+229 41 86 91 74,internet.wireless@internet.wireless.com,internetwireless.bj,Grande (>200),B2C,LinkedIn,,Actif,2026-06-29T00:15:34.463968,haute
BJ-D4D90622,Mobile Digital Natitingou,Télécommunications,Natitingou,+229 79 74 50 39,mobile.digital.natitingou@mobile.digital.natitingou.bj,mobiledigitalnatitingou.bj,Grande (>200),B2C,LinkedIn,,Actif,2026-06-29T00:15:34.463980,haute
BJ-EED06979,Digital Fiber,Télécommunications,Natitingou,+229 36 72 28 13,digital.fiber@digital.fiber.benin,digitalfiber.bj,TPE (<10),B2B,LinkedIn,,Actif,2026-06-29T00:15:34.463994,haute
BJ-A78051DA,Connect Groupe,Télécommunications,Natitingou,+229 33 69 55 58,connect.groupe@connect.groupe.benin,,TPE (<10),B2B,LinkedIn,,Actif,2026-06-29T00:15:34.464006,moyenne
BJ-F1A078F5,Réseau,Télécommunications,Lokossa,+229 49 34 50 85,réseau@réseau.benin,réseau.bj,TPE (<10),B2C,LinkedIn,,Actif,2026-06-29T00:15:34.464024,haute
BJ-99E57E2A,Digital Télécom,Télécommunications,Lokossa,+229 84 50 59 54,digital.télécom@digital.télécom.net,digitaltélécom.bj,TPE (<10),B2C,LinkedIn,,Actif,2026-06-29T00:15:34.464039,haute
BJ-5CA6B65D,Voice International,Télécommunications,Lokossa,+229 54 87 53 26,voice.international@voice.international.com,voiceinternational.bj,Grande (>200),B2C,LinkedIn,,Actif,2026-06-29T00:15:34.464051,haute
BJ-4A8A8A5E,Télécom Mobile,Télécommunications,Lokossa,+229 33 31 19 91,,télécommobile.bj,PME (10-50),B2C,LinkedIn,,Actif,2026-06-29T00:15:34.464075,moyenne
BJ-BFD8004D,Digital Communication,Télécommunications,Ouidah,+229 96 85 76 27,digital.communication@digital.communication.org,digitalcommunication.bj,PME (50-200),B2B,LinkedIn,,Actif,2026-06-29T00:15:34.464093,haute
BJ-3167B0E7,Wireless,Télécommunications,Ouidah,+229 75 10 12 78,wireless@wireless.bj,wireless.bj,PME (50-200),B2B,LinkedIn,,Actif,2026-06-29T00:15:34.464104,haute
BJ-435347F5,Satellite Telecom Ouidah,Télécommunications,Ouidah,+229 38 72 24 56,satellite.telecom.ouidah@satellite.telecom.ouidah.benin,satellitetelecomouidah.bj,TPE (<10),B2B,LinkedIn,,Actif,2026-06-29T00:15:34.464142,haute
BJ-89EDF83F,Internet Digital,Télécommunications,Savalou,+229 61 17 61 63,internet.digital@internet.digital.bj,internetdigital.bj,TPE (<10),B2B,LinkedIn,,Actif,2026-06-29T00:15:34.464159,haute
BJ-D7EEBC47,Fiber SA,Télécommunications,Savalou,+229 24 44 38 22,fiber.sa@fiber.sa.net,fibersa.bj,TPE (<10),B2C,LinkedIn,,Actif,2026-06-29T00:15:34.464174,haute
BJ-E347C739,Connect Communication,Télécommunications,Savalou,+229 66 25 32 92,connect.communication@connect.communication.com,connectcommunication.bj,PME (50-200),B2B,LinkedIn,,Actif,2026-06-29T00:15:34.464185,haute
BJ-2FB3E099,Digital Wireless Savalou,Télécommunications,Savalou,+229 98 30 89 93,digital.wireless.savalou@digital.wireless.savalou.org,digitalwirelesssavalou.bj,PME (50-200),B2B,LinkedIn,,Actif,2026-06-29T00:15:34.464197,haute
BJ-903D8463,Digital Connect,Télécommunications,Savalou,+229 93 96 59 76,,,PME (10-50),B2B,LinkedIn,,Actif,2026-06-29T00:15:34.464227,basse
BJ-92818BD2,Internet Réseau Dassa-Zoumè,Télécommunications,Dassa-Zoumè,+229 52 10 38 96,internet.réseau.dassazoumè@internet.réseau.dassazoumè.bj,internetréseaudassazoumè.bj,TPE (<10),B2C,LinkedIn,,Actif,2026-06-29T00:15:34.464247,haute
BJ-5C5E9BD9,Internet Africa,Télécommunications,Dassa-Zoumè,+229 72 21 94 41,internet.africa@internet.africa.org,internetafrica.bj,PME (50-200),B2C,LinkedIn,,Actif,2026-06-29T00:15:34.464275,haute
BJ-7171A016,Internet Fiber Dassa-Zoumè,Télécommunications,Dassa-Zoumè,+229 32 38 58 24,internet.fiber.dassazoumè@internet.fiber.dassazoumè.com,internetfiberdassazoumè.bj,PME (10-50),B2C,LinkedIn,,Actif,2026-06-29T00:15:34.464288,haute
BJ-2E4B5BFF,Fiber Dassa-Zoumè,Télécommunications,Dassa-Zoumè,+229 87 72 67 26,,fiberdassazoumè.bj,PME (50-200),B2C,LinkedIn,,Actif,2026-06-29T00:15:34.464299,moyenne
BJ-4842989B,Télécom Satellite,Télécommunications,Kétou,+229 77 97 74 57,télécom.satellite@télécom.satellite.com,télécomsatellite.bj,PME (10-50),B2C,LinkedIn,,Actif,2026-06-29T00:15:34.464329,haute
BJ-78482E83,Mobile Wireless Africa,Télécommunications,Kétou,+229 58 49 30 63,mobile.wireless.africa@mobile.wireless.africa.org,mobilewirelessafrica.bj,TPE (<10),B2B,LinkedIn,,Actif,2026-06-29T00:15:34.464343,haute
BJ-189C3167,Télécom Connect,Télécommunications,Kétou,+229 91 57 33 35,télécom.connect@télécom.connect.org,,TPE (<10),B2B,LinkedIn,,Actif,2026-06-29T00:15:34.464367,moyenne
BJ-8403F807,Mobile Wireless Kétou,Télécommunications,Kétou,+229 89 69 20 29,mobile.wireless.kétou@mobile.wireless.kétou.net,mobilewirelesskétou.bj,TPE (<10),B2B,LinkedIn,,Actif,2026-06-29T00:15:34.464379,haute
BJ-4D6B0ED0,Réseau Fiber SARL,Télécommunications,Covè,+229 83 62 89 55,réseau.fiber.sarl@réseau.fiber.sarl.com,,PME (10-50),B2B,LinkedIn,,Actif,2026-06-29T00:15:34.464396,moyenne
BJ-64F980CC,Télécom Télécom Groupe,Télécommunications,Covè,+229 77 85 97 46,télécom.télécom.groupe@télécom.télécom.groupe.net,,TPE (<10),B2C,LinkedIn,,Actif,2026-06-29T00:15:34.464408,moyenne
BJ-6974D5A2,Mobile Data International,Télécommunications,Covè,+229 50 34 59 74,mobile.data.international@mobile.data.international.bj,,PME (50-200),B2B,LinkedIn,,Actif,2026-06-29T00:15:34.464419,moyenne
BJ-9C21982B,Digital Fiber SARL,Télécommunications,Covè,+229 27 48 19 62,,digitalfibersarl.bj,Grande (>200),B2B,LinkedIn,,Actif,2026-06-29T00:15:34.464441,moyenne
BJ-A0B4863A,Digital Telecom Pobè,Télécommunications,Pobè,+229 97 96 79 89,digital.telecom.pobè@digital.telecom.pobè.net,digitaltelecompobè.bj,Grande (>200),B2C,LinkedIn,,Actif,2026-06-29T00:15:34.464465,haute
BJ-293891CB,Connect Voice Telecom,Télécommunications,Pobè,+229 81 53 30 27,connect.voice.telecom@connect.voice.telecom.org,connectvoicetelecom.bj,TPE (<10),B2B,LinkedIn,,Actif,2026-06-29T00:15:34.464482,haute
BJ-A92EAA92,Mobile Satellite SA Pobè,Télécommunications,Pobè,+229 59 54 23 86,mobile.satellite.sa.pobè@mobile.satellite.sa.pobè.org,mobilesatellitesapobè.bj,PME (10-50),B2B,LinkedIn,,Actif,2026-06-29T00:15:34.464496,haute
BJ-B8CCCA2E,Connect Digital Pobè,Télécommunications,Pobè,+229 99 51 50 39,connect.digital.pobè@connect.digital.pobè.org,connectdigitalpobè.bj,PME (10-50),B2B,LinkedIn,,Actif,2026-06-29T00:15:34.464508,haute
BJ-C0A2538E,Communication SARL Pobè,Télécommunications,Pobè,+229 69 95 83 37,communication.sarl.pobè@communication.sarl.pobè.org,communicationsarlpobè.bj,PME (10-50),B2C,LinkedIn,,Actif,2026-06-29T00:15:34.464520,haute
BJ-ED78E51B,Télécom Tech Africa,Télécommunications,Sakété,+229 68 44 79 31,télécom.tech.africa@télécom.tech.africa.org,,PME (50-200),B2C,LinkedIn,,Actif,2026-06-29T00:15:34.464538,moyenne
BJ-EFADAAE9,Mobile Fiber SA,Télécommunications,Sakété,+229 25 62 31 19,,mobilefibersa.bj,TPE (<10),B2C,LinkedIn,,Actif,2026-06-29T00:15:34.464549,moyenne
BJ-D5679986,Connect Communication Bénin Sakété,Télécommunications,Sakété,+229 98 30 20 18,connect.communication.bénin.sakété@connect.communication.bénin.sakété.net,connectcommunicationbéninsakété.bj,PME (50-200),B2C,LinkedIn,,Actif,2026-06-29T00:15:34.464562,haute
BJ-428631DA,Mobile Communication SA,Télécommunications,Sakété,+229 99 86 40 13,,mobilecommunicationsa.bj,TPE (<10),B2C,LinkedIn,,Actif,2026-06-29T00:15:34.464573,moyenne
BJ-35833176,Digital SARL,Télécommunications,Sakété,+229 83 78 63 33,,digitalsarl.bj,PME (10-50),B2C,LinkedIn,,Actif,2026-06-29T00:15:34.464583,moyenne
BJ-BBB54BC1,Satellite SA,Télécommunications,Adjara,+229 61 75 47 25,satellite.sa@satellite.sa.bj,satellitesa.bj,PME (50-200),B2C,LinkedIn,,Actif,2026-06-29T00:15:34.464615,haute
BJ-7712E6FC,Télécom Telecom,Télécommunications,Adjara,+229 91 68 54 92,télécom.telecom@télécom.telecom.benin,,Grande (>200),B2B,LinkedIn,,Actif,2026-06-29T00:15:34.464628,moyenne
BJ-F66203E0,Wireless Telecom,Télécommunications,Allada,+229 32 95 65 83,wireless.telecom@wireless.telecom.benin,,PME (50-200),B2B,LinkedIn,,Actif,2026-06-29T00:15:34.464721,moyenne
BJ-751DB407,Mobile Africa,Télécommunications,Allada,+229 45 63 96 83,mobile.africa@mobile.africa.org,mobileafrica.bj,TPE (<10),B2B,LinkedIn,,Actif,2026-06-29T00:15:34.464743,haute
BJ-9324F5FC,Connect Tech SA,Télécommunications,Allada,+229 26 87 24 68,connect.tech.sa@connect.tech.sa.org,connecttechsa.bj,TPE (<10),B2B,LinkedIn,,Actif,2026-06-29T00:15:34.464784,haute
BJ-C0909806,Satellite Africa,Télécommunications,Aplahoué,+229 61 47 12 67,satellite.africa@satellite.africa.com,satelliteafrica.bj,TPE (<10),B2C,LinkedIn,,Actif,2026-06-29T00:15:34.464926,haute
BJ-9B80581C,Fiber,Télécommunications,Aplahoué,+229 65 16 30 46,fiber@fiber.net,fiber.bj,TPE (<10),B2B,LinkedIn,,Actif,2026-06-29T00:15:34.464949,haute
BJ-524C8E81,Connect Internet Bénin,Télécommunications,Aplahoué,+229 73 28 96 11,connect.internet.bénin@connect.internet.bénin.org,connectinternetbénin.bj,TPE (<10),B2B,LinkedIn,,Actif,2026-06-29T00:15:34.464970,haute
BJ-B5DA3043,Télécom Wireless International,Télécommunications,Dogbo-Tota,+229 99 34 95 95,télécom.wireless.international@télécom.wireless.international.net,,TPE (<10),B2B,LinkedIn,,Actif,2026-06-29T00:15:34.465004,moyenne
BJ-CB2B5BC2,Wireless Africa,Télécommunications,Dogbo-Tota,+229 90 25 33 52,,wirelessafrica.bj,TPE (<10),B2C,LinkedIn,,Actif,2026-06-29T00:15:34.465024,moyenne
BJ-51E21FBC,Mobile Internet,Télécommunications,Dogbo-Tota,+229 78 56 10 45,mobile.internet@mobile.internet.org,mobileinternet.bj,PME (10-50),B2B,LinkedIn,,Actif,2026-06-29T00:15:34.465062,haute
BJ-21239176,Internet,Télécommunications,Dogbo-Tota,+229 66 42 21 43,internet@internet.benin,internet.bj,Grande (>200),B2C,LinkedIn,,Actif,2026-06-29T00:15:34.465082,haute
BJ-EC71B7EC,Internet SA,Télécommunications,Dogbo-Tota,+229 84 90 50 84,,internetsa.bj,Grande (>200),B2C,LinkedIn,,Actif,2026-06-29T00:15:34.465105,moyenne
BJ-530788DB,Mobile Tech SA,Télécommunications,Kpomassè,+229 73 44 28 80,mobile.tech.sa@mobile.tech.sa.com,mobiletechsa.bj,PME (50-200),B2C,LinkedIn,,Actif,2026-06-29T00:15:34.465138,haute
BJ-78BB9B8A,Digital Africa Kpomassè,Télécommunications,Kpomassè,+229 77 95 11 67,digital.africa.kpomassè@digital.africa.kpomassè.bj,digitalafricakpomassè.bj,PME (50-200),B2B,LinkedIn,,Actif,2026-06-29T00:15:34.465165,haute
BJ-09F3093B,Connect SA,Télécommunications,Kpomassè,+229 26 58 89 22,,connectsa.bj,TPE (<10),B2C,LinkedIn,,Actif,2026-06-29T00:15:34.465202,moyenne
BJ-E8F12F69,Tech,Télécommunications,Tori-Bossito,+229 68 40 37 38,tech@tech.bj,tech.bj,TPE (<10),B2B,LinkedIn,,Actif,2026-06-29T00:15:34.465260,haute
BJ-276AF758,Internet Connect,Télécommunications,Tori-Bossito,+229 53 57 36 46,internet.connect@internet.connect.benin,internetconnect.bj,PME (10-50),B2B,LinkedIn,,Actif,2026-06-29T00:15:34.465293,haute
BJ-0FA4838F,Internet Réseau Tori-Bossito,Télécommunications,Tori-Bossito,+229 40 37 92 81,internet.réseau.toribossito@internet.réseau.toribossito.net,internetréseautoribossito.bj,PME (50-200),B2B,LinkedIn,,Actif,2026-06-29T00:15:34.465349,haute
BJ-E6B5A69C,Mobile Mobile Bénin,Télécommunications,Tori-Bossito,+229 64 80 96 22,mobile.mobile.bénin@mobile.mobile.bénin.benin,mobilemobilebénin.bj,PME (10-50),B2B,LinkedIn,,Actif,2026-06-29T00:15:34.465378,haute
BJ-3B2FCA4D,Data Telecom,Télécommunications,Tori-Bossito,+229 24 22 93 18,data.telecom@data.telecom.net,datatelecom.bj,TPE (<10),B2B,LinkedIn,,Actif,2026-06-29T00:15:34.465400,haute
BJ-DF2467C5,Mobile Satellite Telecom,Télécommunications,Grand-Popo,+229 33 68 34 92,mobile.satellite.telecom@mobile.satellite.telecom.com,mobilesatellitetelecom.bj,PME (50-200),B2B,LinkedIn,,Actif,2026-06-29T00:15:34.465441,haute
BJ-8C26AF22,Communication International Grand-Popo,Télécommunications,Grand-Popo,+229 82 29 79 45,communication.international.grandpopo@communication.international.grandpopo.benin,,Grande (>200),B2B,LinkedIn,,Actif,2026-06-29T00:15:34.465479,moyenne
BJ-A0063CD0,Voice Groupe,Télécommunications,Grand-Popo,+229 56 53 15 52,voice.groupe@voice.groupe.org,voicegroupe.bj,PME (50-200),B2C,LinkedIn,,Actif,2026-06-29T00:15:34.465511,haute
BJ-03F24328,Digital International,Télécommunications,Grand-Popo,+229 84 60 38 32,,digitalinternational.bj,TPE (<10),B2C,LinkedIn,,Actif,2026-06-29T00:15:34.465542,moyenne
BJ-1EB3A3CF,Réseau,Télécommunications,Athiémé,+229 38 64 17 98,réseau@réseau.com,réseau.bj,PME (10-50),B2B,LinkedIn,,Actif,2026-06-29T00:15:34.465581,haute
BJ-D08EB90E,Wireless Bénin,Télécommunications,Athiémé,+229 54 21 48 51,wireless.bénin@wireless.bénin.net,wirelessbénin.bj,TPE (<10),B2C,LinkedIn,,Actif,2026-06-29T00:15:34.465609,haute
BJ-15C87024,Télécom Athiémé,Télécommunications,Athiémé,+229 48 51 47 88,télécom.athiémé@télécom.athiémé.org,,TPE (<10),B2B,LinkedIn,,Actif,2026-06-29T00:15:34.465632,moyenne
BJ-5AD6BA04,Voice SA,Télécommunications,Athiémé,+229 89 32 58 77,voice.sa@voice.sa.bj,voicesa.bj,TPE (<10),B2C,LinkedIn,,Actif,2026-06-29T00:15:34.465657,haute
BJ-60F263F6,Télécom Satellite SA,Télécommunications,Bopa,+229 23 40 31 75,télécom.satellite.sa@télécom.satellite.sa.benin,télécomsatellitesa.bj,PME (10-50),B2C,LinkedIn,,Actif,2026-06-29T00:15:34.465702,haute
BJ-1619F6FE,Fiber Bénin,Télécommunications,Bopa,+229 71 60 62 63,fiber.bénin@fiber.bénin.bj,fiberbénin.bj,PME (10-50),B2C,LinkedIn,,Actif,2026-06-29T00:15:34.465763,haute
BJ-0142D161,Internet Fiber Africa,Télécommunications,Bopa,+229 82 20 38 49,internet.fiber.africa@internet.fiber.africa.org,internetfiberafrica.bj,TPE (<10),B2C,LinkedIn,,Actif,2026-06-29T00:15:34.465793,haute
BJ-AF841ACA,Connect Wireless SARL,Télécommunications,Houéyogbé,+229 96 19 77 82,connect.wireless.sarl@connect.wireless.sarl.bj,connectwirelesssarl.bj,TPE (<10),B2C,LinkedIn,,Actif,2026-06-29T00:15:34.465862,haute
BJ-E002F859,Internet International,Télécommunications,Houéyogbé,+229 58 87 70 17,internet.international@internet.international.benin,,TPE (<10),B2C,LinkedIn,,Actif,2026-06-29T00:15:34.465906,moyenne
BJ-0BB51D6A,Voice SA,Télécommunications,Houéyogbé,+229 30 61 63 83,voice.sa@voice.sa.org,voicesa.bj,Grande (>200),B2B,LinkedIn,,Actif,2026-06-29T00:15:34.465941,haute
BJ-12B46E6A,Mobile Internet Groupe,Télécommunications,Houéyogbé,+229 32 18 76 60,mobile.internet.groupe@mobile.internet.groupe.net,mobileinternetgroupe.bj,PME (10-50),B2C,LinkedIn,,Actif,2026-06-29T00:15:34.465964,haute
BJ-71D6415C,Télécom Tech Africa,Télécommunications,Houéyogbé,+229 79 14 33 21,télécom.tech.africa@télécom.tech.africa.bj,télécomtechafrica.bj,TPE (<10),B2C,LinkedIn,,Actif,2026-06-29T00:15:34.465984,haute
BJ-88D53EB6,Télécom Data,Télécommunications,Malanville,+229 78 48 73 67,télécom.data@télécom.data.org,télécomdata.bj,PME (10-50),B2B,LinkedIn,,Actif,2026-06-29T00:15:34.466053,haute
BJ-1D782FEF,Wireless Telecom,Télécommunications,Malanville,+229 64 21 32 89,wireless.telecom@wireless.telecom.bj,wirelesstelecom.bj,PME (50-200),B2C,LinkedIn,,Actif,2026-06-29T00:15:34.466085,haute
BJ-CDD1E59D,Satellite Africa,Télécommunications,Malanville,+229 82 53 64 69,satellite.africa@satellite.africa.com,,PME (50-200),B2C,LinkedIn,,Actif,2026-06-29T00:15:34.466109,moyenne
BJ-BE866004,Mobile Tech,Télécommunications,Kandi,+229 26 84 33 14,mobile.tech@mobile.tech.net,,PME (10-50),B2B,LinkedIn,,Actif,2026-06-29T00:15:34.466145,moyenne
BJ-0D14AC95,Réseau Tech Telecom,Télécommunications,Kandi,+229 87 23 82 47,réseau.tech.telecom@réseau.tech.telecom.org,réseautechtelecom.bj,PME (10-50),B2B,LinkedIn,,Actif,2026-06-29T00:15:34.466173,haute
BJ-8B22E1CB,Réseau Télécom Kandi,Télécommunications,Kandi,+229 32 42 13 37,,réseautélécomkandi.bj,TPE (<10),B2B,LinkedIn,,Actif,2026-06-29T00:15:34.466185,moyenne
BJ-8B508D5C,Digital SARL Kandi,Télécommunications,Kandi,+229 46 12 12 76,digital.sarl.kandi@digital.sarl.kandi.org,digitalsarlkandi.bj,Grande (>200),B2B,LinkedIn,,Actif,2026-06-29T00:15:34.466199,haute
BJ-C16E2DCD,Mobile Télécom SARL,Télécommunications,Banikoara,+229 55 88 19 41,mobile.télécom.sarl@mobile.télécom.sarl.com,,PME (10-50),B2C,LinkedIn,,Actif,2026-06-29T00:15:34.466247,moyenne
BJ-CC80B1E5,Connect Telecom,Télécommunications,Banikoara,+229 25 30 44 61,connect.telecom@connect.telecom.benin,connecttelecom.bj,PME (10-50),B2C,LinkedIn,,Actif,2026-06-29T00:15:34.466288,haute
BJ-13671823,Réseau Tech,Télécommunications,Banikoara,+229 29 54 28 50,réseau.tech@réseau.tech.bj,réseautech.bj,TPE (<10),B2C,LinkedIn,,Actif,2026-06-29T00:15:34.466386,haute
BJ-9C4C63EC,Internet Bénin,Télécommunications,Ségbana,+229 69 14 56 19,internet.bénin@internet.bénin.bj,,Grande (>200),B2C,LinkedIn,,Actif,2026-06-29T00:15:34.466431,moyenne
BJ-41AC044C,Télécom Digital Africa,Télécommunications,Ségbana,+229 41 32 53 73,télécom.digital.africa@télécom.digital.africa.benin,télécomdigitalafrica.bj,PME (10-50),B2C,LinkedIn,,Actif,2026-06-29T00:15:34.466469,haute
BJ-D8D5FFF7,Connect,Télécommunications,Ségbana,+229 94 97 24 33,connect@connect.net,connect.bj,TPE (<10),B2B,LinkedIn,,Actif,2026-06-29T00:15:34.466498,haute
BJ-99458458,Connect Internet,Télécommunications,Ségbana,+229 67 44 75 96,connect.internet@connect.internet.org,connectinternet.bj,PME (50-200),B2C,LinkedIn,,Actif,2026-06-29T00:15:34.466528,haute
BJ-4DDBDA7C,Réseau,Télécommunications,Karimama,+229 88 83 32 22,réseau@réseau.com,réseau.bj,PME (10-50),B2B,LinkedIn,,Actif,2026-06-29T00:15:34.466599,haute
BJ-2614896D,Fiber,Télécommunications,Karimama,+229 84 10 88 97,fiber@fiber.org,fiber.bj,PME (50-200),B2C,LinkedIn,,Actif,2026-06-29T00:15:34.466635,haute
BJ-4186E497,Réseau Digital,Télécommunications,Karimama,+229 95 77 16 61,réseau.digital@réseau.digital.org,réseaudigital.bj,PME (10-50),B2C,LinkedIn,,Actif,2026-06-29T00:15:34.466717,haute
BJ-F2DBE102,Communication SA,Télécommunications,Karimama,+229 79 93 14 16,communication.sa@communication.sa.benin,communicationsa.bj,Grande (>200),B2C,LinkedIn,,Actif,2026-06-29T00:15:34.466751,haute
BJ-3CCD2E08,Réseau Internet Africa,Télécommunications,Gogounou,+229 87 49 38 29,réseau.internet.africa@réseau.internet.africa.bj,réseauinternetafrica.bj,Grande (>200),B2C,LinkedIn,,Actif,2026-06-29T00:15:34.466797,haute
BJ-C466771F,Internet Satellite,Télécommunications,Gogounou,+229 90 54 69 86,,,TPE (<10),B2B,LinkedIn,,Actif,2026-06-29T00:15:34.466823,basse
BJ-3669DDB2,Satellite SARL Gogounou,Télécommunications,Gogounou,+229 85 11 75 40,,satellitesarlgogounou.bj,PME (50-200),B2B,LinkedIn,,Actif,2026-06-29T00:15:34.466884,moyenne
BJ-97B5A82B,Réseau Digital Telecom Gogounou,Télécommunications,Gogounou,+229 22 61 51 45,réseau.digital.telecom.gogounou@réseau.digital.telecom.gogounou.bj,réseaudigitaltelecomgogounou.bj,TPE (<10),B2C,LinkedIn,,Actif,2026-06-29T00:15:34.466941,haute
BJ-EDE7EA95,Wireless Groupe,Télécommunications,Cobly,+229 47 65 49 36,wireless.groupe@wireless.groupe.benin,wirelessgroupe.bj,TPE (<10),B2C,LinkedIn,,Actif,2026-06-29T00:15:34.466985,haute
BJ-203D7211,Télécom Wireless International Cobly,Télécommunications,Cobly,+229 41 20 81 40,télécom.wireless.international.cobly@télécom.wireless.international.cobly.com,télécomwirelessinternationalcobly.bj,PME (10-50),B2B,LinkedIn,,Actif,2026-06-29T00:15:34.467049,haute
BJ-31F9544E,Communication Bénin,Télécommunications,Cobly,+229 91 30 54 37,communication.bénin@communication.bénin.com,communicationbénin.bj,TPE (<10),B2B,LinkedIn,,Actif,2026-06-29T00:15:34.467079,haute
BJ-F8051F99,Réseau Connect,Télécommunications,Cobly,+229 55 15 67 37,réseau.connect@réseau.connect.net,,Grande (>200),B2C,LinkedIn,,Actif,2026-06-29T00:15:34.467106,moyenne
BJ-D8F98A41,Télécom International Tanguiéta,Télécommunications,Tanguiéta,+229 34 12 19 30,télécom.international.tanguiéta@télécom.international.tanguiéta.benin,télécominternationaltanguiéta.bj,TPE (<10),B2C,LinkedIn,,Actif,2026-06-29T00:15:34.467160,haute
BJ-7204F6B6,Connect SARL Tanguiéta,Télécommunications,Tanguiéta,+229 73 13 36 80,connect.sarl.tanguiéta@connect.sarl.tanguiéta.com,connectsarltanguiéta.bj,Grande (>200),B2C,LinkedIn,,Actif,2026-06-29T00:15:34.467191,haute
BJ-CC4A4B64,Télécom Satellite,Télécommunications,Tanguiéta,+229 49 73 44 21,télécom.satellite@télécom.satellite.net,télécomsatellite.bj,PME (10-50),B2B,LinkedIn,,Actif,2026-06-29T00:15:34.467250,haute
BJ-8F05E94C,Mobile Télécom SA,Télécommunications,Tanguiéta,+229 53 35 48 95,mobile.télécom.sa@mobile.télécom.sa.com,,PME (50-200),B2C,LinkedIn,,Actif,2026-06-29T00:15:34.467288,moyenne
BJ-C3B25F14,Télécom Réseau Matéri,Télécommunications,Matéri,+229 51 28 94 28,télécom.réseau.matéri@télécom.réseau.matéri.benin,télécomréseaumatéri.bj,TPE (<10),B2B,LinkedIn,,Actif,2026-06-29T00:15:34.467374,haute
BJ-EE24A259,Internet Data Telecom,Télécommunications,Matéri,+229 53 13 40 25,internet.data.telecom@internet.data.telecom.org,internetdatatelecom.bj,PME (10-50),B2B,LinkedIn,,Actif,2026-06-29T00:15:34.467409,haute
BJ-915F4E54,Internet Digital Matéri,Télécommunications,Matéri,+229 79 69 80 54,internet.digital.matéri@internet.digital.matéri.bj,internetdigitalmatéri.bj,TPE (<10),B2C,LinkedIn,,Actif,2026-06-29T00:15:34.467469,haute
BJ-202C9D11,Télécom Internet International,Télécommunications,Matéri,+229 28 59 66 74,télécom.internet.international@télécom.internet.international.com,télécominternetinternational.bj,PME (10-50),B2B,LinkedIn,,Actif,2026-06-29T00:15:34.467501,haute
BJ-1FEE1662,Connect Communication Bénin Natitingou,Télécommunications,Natitingou,+229 82 94 56 87,connect.communication.bénin.natitingou@connect.communication.bénin.natitingou.org,connectcommunicationbéninnatitingou.bj,TPE (<10),B2C,LinkedIn,,Actif,2026-06-29T00:15:34.467549,haute
BJ-CC7EF961,Internet Voice,Télécommunications,Natitingou,+229 91 69 70 33,internet.voice@internet.voice.bj,internetvoice.bj,TPE (<10),B2B,LinkedIn,,Actif,2026-06-29T00:15:34.467614,haute
BJ-DD5291F2,Connect Satellite,Télécommunications,Natitingou,+229 45 68 26 24,connect.satellite@connect.satellite.org,,PME (10-50),B2C,LinkedIn,,Actif,2026-06-29T00:15:34.467645,moyenne
BJ-BC24EAE1,Télécom Digital SA,Télécommunications,Toucountouna,+229 66 47 88 21,télécom.digital.sa@télécom.digital.sa.com,télécomdigitalsa.bj,TPE (<10),B2B,LinkedIn,,Actif,2026-06-29T00:15:34.467722,haute
BJ-76C8BED9,Mobile,Télécommunications,Toucountouna,+229 30 89 92 93,mobile@mobile.net,mobile.bj,Grande (>200),B2B,LinkedIn,,Actif,2026-06-29T00:15:34.467807,haute
BJ-E4C44B94,Connect Connect,Télécommunications,Toucountouna,+229 33 44 57 17,connect.connect@connect.connect.benin,connectconnect.bj,PME (50-200),B2C,LinkedIn,,Actif,2026-06-29T00:15:34.467834,haute
BJ-270050CB,Réseau Télécom,Télécommunications,Toucountouna,+229 39 33 23 37,réseau.télécom@réseau.télécom.benin,réseautélécom.bj,TPE (<10),B2C,LinkedIn,,Actif,2026-06-29T00:15:34.467877,haute
BJ-F59C090B,Internet Digital SARL,Télécommunications,Boukoumbé,+229 49 24 23 85,internet.digital.sarl@internet.digital.sarl.benin,,PME (50-200),B2B,LinkedIn,,Actif,2026-06-29T00:15:34.467956,moyenne
BJ-3C24FA83,Internet SARL,Télécommunications,Boukoumbé,+229 59 56 43 67,,internetsarl.bj,TPE (<10),B2C,LinkedIn,,Actif,2026-06-29T00:15:34.467983,moyenne
BJ-24CFEF00,Internet Internet SA Boukoumbé,Télécommunications,Boukoumbé,+229 20 41 89 63,internet.internet.sa.boukoumbé@internet.internet.sa.boukoumbé.net,internetinternetsaboukoumbé.bj,TPE (<10),B2C,LinkedIn,,Actif,2026-06-29T00:15:34.468020,haute
BJ-3EA5E34C,Mobile Groupe,Télécommunications,Boukoumbé,+229 36 68 11 51,,mobilegroupe.bj,PME (10-50),B2C,LinkedIn,,Actif,2026-06-29T00:15:34.468078,moyenne
BJ-E17C2ECA,Télécom Data,Télécommunications,Kouandé,+229 25 77 86 15,télécom.data@télécom.data.org,télécomdata.bj,PME (50-200),B2B,LinkedIn,,Actif,2026-06-29T00:15:34.468120,haute
BJ-5051A20E,Internet SA Kouandé,Télécommunications,Kouandé,+229 74 37 77 98,internet.sa.kouandé@internet.sa.kouandé.com,internetsakouandé.bj,TPE (<10),B2C,LinkedIn,,Actif,2026-06-29T00:15:34.468195,haute
BJ-2853F00A,Réseau Data Groupe,Télécommunications,Kouandé,+229 36 81 41 90,réseau.data.groupe@réseau.data.groupe.benin,réseaudatagroupe.bj,PME (10-50),B2B,LinkedIn,,Actif,2026-06-29T00:15:34.468230,haute
BJ-95574624,Télécom Satellite,Télécommunications,Kouandé,+229 22 72 52 10,télécom.satellite@télécom.satellite.org,,TPE (<10),B2B,LinkedIn,,Actif,2026-06-29T00:15:34.468258,moyenne
BJ-43465DBD,Connect SA Péhunco,Télécommunications,Péhunco,+229 47 49 77 46,connect.sa.péhunco@connect.sa.péhunco.bj,connectsapéhunco.bj,PME (10-50),B2C,LinkedIn,,Actif,2026-06-29T00:15:34.468300,haute
BJ-54491FA8,Satellite Telecom,Télécommunications,Péhunco,+229 49 34 83 87,satellite.telecom@satellite.telecom.org,satellitetelecom.bj,PME (10-50),B2B,LinkedIn,,Actif,2026-06-29T00:15:34.468357,haute
BJ-9405FDA1,Réseau SARL,Télécommunications,Péhunco,+229 30 42 85 65,réseau.sarl@réseau.sarl.net,réseausarl.bj,PME (10-50),B2B,LinkedIn,,Actif,2026-06-29T00:15:34.468385,haute
BJ-3A3848DC,Digital SA,Télécommunications,Péhunco,+229 44 76 36 17,,digitalsa.bj,Grande (>200),B2B,LinkedIn,,Actif,2026-06-29T00:15:34.468411,moyenne
BJ-DA453D2D,Internet Data,Télécommunications,Tchaourou,+229 74 79 15 73,internet.data@internet.data.com,,Grande (>200),B2C,LinkedIn,,Actif,2026-06-29T00:15:34.468482,moyenne
BJ-BFFC9C4E,Connect Tech,Télécommunications,Tchaourou,+229 44 83 38 82,connect.tech@connect.tech.com,connecttech.bj,PME (10-50),B2B,LinkedIn,,Actif,2026-06-29T00:15:34.468509,haute
BJ-20B0415B,Télécom Mobile Tchaourou,Télécommunications,Tchaourou,+229 50 63 67 14,télécom.mobile.tchaourou@télécom.mobile.tchaourou.com,télécommobiletchaourou.bj,PME (50-200),B2B,LinkedIn,,Actif,2026-06-29T00:15:34.468537,haute
BJ-3A7CFFA2,Télécom Satellite,Télécommunications,Tchaourou,+229 70 60 46 72,télécom.satellite@télécom.satellite.bj,télécomsatellite.bj,PME (10-50),B2B,LinkedIn,,Actif,2026-06-29T00:15:34.468565,haute
BJ-C2836DF8,Digital Voice Nikki,Télécommunications,Nikki,+229 50 97 38 56,digital.voice.nikki@digital.voice.nikki.bj,digitalvoicenikki.bj,PME (50-200),B2B,LinkedIn,,Actif,2026-06-29T00:15:34.468609,haute
BJ-DFDC9E7A,Mobile Internet International,Télécommunications,Nikki,+229 37 49 28 33,mobile.internet.international@mobile.internet.international.bj,mobileinternetinternational.bj,PME (10-50),B2C,LinkedIn,,Actif,2026-06-29T00:15:34.468672,haute
BJ-0723C3DF,Mobile Fiber Nikki,Télécommunications,Nikki,+229 72 41 79 27,mobile.fiber.nikki@mobile.fiber.nikki.bj,,PME (50-200),B2B,LinkedIn,,Actif,2026-06-29T00:15:34.468738,moyenne
BJ-1FFE617F,Connect SA,Télécommunications,Bembéréké,+229 35 22 65 57,connect.sa@connect.sa.benin,connectsa.bj,TPE (<10),B2B,LinkedIn,,Actif,2026-06-29T00:15:34.468780,haute
BJ-213786AB,Connect Fiber Bembéréké,Télécommunications,Bembéréké,+229 63 30 98 87,,connectfiberbembéréké.bj,TPE (<10),B2C,LinkedIn,,Actif,2026-06-29T00:15:34.468812,moyenne
BJ-BBFDCDCB,Télécom Communication,Télécommunications,Bembéréké,+229 39 52 31 15,,télécomcommunication.bj,PME (10-50),B2B,LinkedIn,,Actif,2026-06-29T00:15:34.468870,moyenne
BJ-E208CF53,Tech,Télécommunications,Kalalé,+229 71 76 13 81,tech@tech.net,,PME (10-50),B2C,LinkedIn,,Actif,2026-06-29T00:15:34.468956,moyenne
BJ-0ABE5E30,Digital Digital,Télécommunications,Kalalé,+229 88 84 28 58,,digitaldigital.bj,TPE (<10),B2B,LinkedIn,,Actif,2026-06-29T00:15:34.468983,moyenne
BJ-4CBECD30,Télécom Data,Télécommunications,Kalalé,+229 20 35 43 15,télécom.data@télécom.data.org,télécomdata.bj,TPE (<10),B2B,LinkedIn,,Actif,2026-06-29T00:15:34.469019,haute
BJ-C6D0648E,Digital Connect Telecom Kalalé,Télécommunications,Kalalé,+229 94 22 32 53,digital.connect.telecom.kalalé@digital.connect.telecom.kalalé.benin,,PME (10-50),B2C,LinkedIn,,Actif,2026-06-29T00:15:34.469050,moyenne
BJ-E6BED031,Connect Mobile,Télécommunications,Ndali,+229 43 74 57 97,connect.mobile@connect.mobile.benin,connectmobile.bj,TPE (<10),B2B,LinkedIn,,Actif,2026-06-29T00:15:34.469120,haute
BJ-05320C84,Internet Africa,Télécommunications,Ndali,+229 59 60 92 25,internet.africa@internet.africa.net,,TPE (<10),B2B,LinkedIn,,Actif,2026-06-29T00:15:34.469185,moyenne
BJ-96D1706D,Réseau Satellite Bénin,Télécommunications,Ndali,+229 54 27 12 98,réseau.satellite.bénin@réseau.satellite.bénin.org,réseausatellitebénin.bj,TPE (<10),B2B,LinkedIn,,Actif,2026-06-29T00:15:34.469218,haute
BJ-1F31126E,Connect Telecom,Télécommunications,Ndali,+229 55 22 26 63,connect.telecom@connect.telecom.bj,connecttelecom.bj,Grande (>200),B2C,LinkedIn,,Actif,2026-06-29T00:15:34.469260,haute
BJ-8FC142FD,Télécom Fiber,Télécommunications,Ségbana,+229 87 12 77 26,télécom.fiber@télécom.fiber.bj,télécomfiber.bj,Grande (>200),B2B,LinkedIn,,Actif,2026-06-29T00:15:34.469300,haute
BJ-5E5C706A,Mobile Digital,Télécommunications,Ségbana,+229 49 81 10 57,,mobiledigital.bj,TPE (<10),B2B,LinkedIn,,Actif,2026-06-29T00:15:34.469324,moyenne
BJ-1A120B74,Voice,Télécommunications,Ségbana,+229 58 45 75 60,voice@voice.org,voice.bj,TPE (<10),B2C,LinkedIn,,Actif,2026-06-29T00:15:34.469377,haute
BJ-3DE4A986,Télécom Africa Tchaourou,Télécommunications,Tchaourou,+229 63 21 17 38,télécom.africa.tchaourou@télécom.africa.tchaourou.net,télécomafricatchaourou.bj,TPE (<10),B2B,LinkedIn,,Actif,2026-06-29T00:15:34.469442,haute
BJ-7C1B4220,Télécom Bénin Tchaourou,Télécommunications,Tchaourou,+229 51 13 92 30,télécom.bénin.tchaourou@télécom.bénin.tchaourou.net,télécombénintchaourou.bj,TPE (<10),B2B,LinkedIn,,Actif,2026-06-29T00:15:34.469513,haute
BJ-6891B15B,Télécom Satellite SA,Télécommunications,Tchaourou,+229 46 79 65 41,,télécomsatellitesa.bj,Grande (>200),B2B,LinkedIn,,Actif,2026-06-29T00:15:34.469541,moyenne
BJ-08ABE563,Connect Mobile Africa,Télécommunications,Tchaourou,+229 57 75 89 38,connect.mobile.africa@connect.mobile.africa.bj,connectmobileafrica.bj,TPE (<10),B2C,LinkedIn,,Actif,2026-06-29T00:15:34.469571,haute
BJ-D696F7BE,Télécom,Télécommunications,Bétérou,+229 66 89 63 85,télécom@télécom.org,télécom.bj,PME (10-50),B2C,LinkedIn,,Actif,2026-06-29T00:15:34.469613,haute
BJ-9C4C1E69,Tech SARL,Télécommunications,Bétérou,+229 72 79 74 68,tech.sarl@tech.sarl.benin,,Grande (>200),B2B,LinkedIn,,Actif,2026-06-29T00:15:34.469642,moyenne
BJ-E7E287D2,Digital Communication,Télécommunications,Bétérou,+229 67 28 34 11,digital.communication@digital.communication.bj,digitalcommunication.bj,TPE (<10),B2B,LinkedIn,,Actif,2026-06-29T00:15:34.469672,haute
BJ-E7468180,Satellite Groupe,Télécommunications,Bétérou,+229 28 99 97 16,satellite.groupe@satellite.groupe.com,,TPE (<10),B2C,LinkedIn,,Actif,2026-06-29T00:15:34.469704,moyenne
BJ-4B486250,Internet Bénin Bétérou,Télécommunications,Bétérou,+229 96 70 75 37,internet.bénin.bétérou@internet.bénin.bétérou.com,internetbéninbétérou.bj,TPE (<10),B2C,LinkedIn,,Actif,2026-06-29T00:15:34.469734,haute
BJ-F73C742F,Réseau Fiber Africa,Télécommunications,Ouessè,+229 40 69 41 52,réseau.fiber.africa@réseau.fiber.africa.org,réseaufiberafrica.bj,TPE (<10),B2B,LinkedIn,,Actif,2026-06-29T00:15:34.469775,haute
BJ-2259B949,Tech,Télécommunications,Ouessè,+229 44 46 77 94,tech@tech.net,,TPE (<10),B2C,LinkedIn,,Actif,2026-06-29T00:15:34.469806,moyenne
BJ-039C828B,Connect Digital,Télécommunications,Ouessè,+229 60 64 91 41,connect.digital@connect.digital.benin,connectdigital.bj,PME (10-50),B2C,LinkedIn,,Actif,2026-06-29T00:15:34.469834,haute
BJ-6E84E090,Télécom SARL,Télécommunications,Ouessè,+229 68 94 73 92,télécom.sarl@télécom.sarl.org,télécomsarl.bj,Grande (>200),B2B,LinkedIn,,Actif,2026-06-29T00:15:34.469869,haute
BJ-47C609A2,Télécom Fiber,Télécommunications,Ouessè,+229 54 89 84 93,télécom.fiber@télécom.fiber.org,télécomfiber.bj,TPE (<10),B2B,LinkedIn,,Actif,2026-06-29T00:15:34.469909,haute
BJ-E628EFB1,Voice Bénin,Télécommunications,Glazoué,+229 91 61 54 49,voice.bénin@voice.bénin.benin,voicebénin.bj,Grande (>200),B2C,LinkedIn,,Actif,2026-06-29T00:15:34.469948,haute
BJ-6F412443,Data Telecom Glazoué,Télécommunications,Glazoué,+229 23 55 19 92,,datatelecomglazoué.bj,TPE (<10),B2C,LinkedIn,,Actif,2026-06-29T00:15:34.469974,moyenne
BJ-919613EA,Tech Groupe,Télécommunications,Glazoué,+229 71 27 95 18,tech.groupe@tech.groupe.benin,techgroupe.bj,TPE (<10),B2C,LinkedIn,,Actif,2026-06-29T00:15:34.470001,haute
BJ-A8335D73,Connect,Télécommunications,Glazoué,+229 25 53 31 50,connect@connect.benin,connect.bj,TPE (<10),B2C,LinkedIn,,Actif,2026-06-29T00:15:34.470028,haute
BJ-57A00904,Internet Télécom SA,Télécommunications,Glazoué,+229 90 43 43 70,internet.télécom.sa@internet.télécom.sa.bj,,PME (50-200),B2B,LinkedIn,,Actif,2026-06-29T00:15:34.470053,moyenne
BJ-4C331327,Digital Digital Bénin,Télécommunications,Dassa-Zoumè,+229 96 93 81 78,digital.digital.bénin@digital.digital.bénin.benin,digitaldigitalbénin.bj,PME (10-50),B2B,LinkedIn,,Actif,2026-06-29T00:15:34.470121,haute
BJ-E688C2F1,Tech Dassa-Zoumè,Télécommunications,Dassa-Zoumè,+229 51 95 77 54,tech.dassazoumè@tech.dassazoumè.org,techdassazoumè.bj,TPE (<10),B2C,LinkedIn,,Actif,2026-06-29T00:15:34.470149,haute
BJ-2B36392B,Mobile Voice Telecom,Télécommunications,Dassa-Zoumè,+229 69 54 71 32,,mobilevoicetelecom.bj,PME (50-200),B2B,LinkedIn,,Actif,2026-06-29T00:15:34.470173,moyenne
BJ-D2DE094C,Communication Africa Dassa-Zoumè,Télécommunications,Dassa-Zoumè,+229 80 83 52 76,communication.africa.dassazoumè@communication.africa.dassazoumè.com,communicationafricadassazoumè.bj,TPE (<10),B2B,LinkedIn,,Actif,2026-06-29T00:15:34.470201,haute
BJ-0FAFE969,Réseau Internet SARL,Télécommunications,Savalou,+229 98 10 76 24,réseau.internet.sarl@réseau.internet.sarl.bj,réseauinternetsarl.bj,PME (10-50),B2B,LinkedIn,,Actif,2026-06-29T00:15:34.470269,haute
BJ-D8188DFE,Connect Tech Bénin Savalou,Télécommunications,Savalou,+229 64 81 18 91,,connecttechbéninsavalou.bj,TPE (<10),B2C,LinkedIn,,Actif,2026-06-29T00:15:34.470320,moyenne
BJ-36EEE595,Internet Communication,Télécommunications,Bantè,+229 94 98 30 95,internet.communication@internet.communication.bj,,PME (10-50),B2B,LinkedIn,,Actif,2026-06-29T00:15:34.470391,moyenne
BJ-3DC0243D,Connect Mobile,Télécommunications,Bantè,+229 20 66 75 19,connect.mobile@connect.mobile.benin,connectmobile.bj,PME (10-50),B2C,LinkedIn,,Actif,2026-06-29T00:15:34.470447,haute
BJ-C342E337,Voice International,Télécommunications,Bantè,+229 84 96 59 75,voice.international@voice.international.net,voiceinternational.bj,PME (10-50),B2C,LinkedIn,,Actif,2026-06-29T00:15:34.470475,haute
BJ-95C4F80C,Mobile Voice,Télécommunications,Bantè,+229 67 83 56 67,mobile.voice@mobile.voice.benin,,TPE (<10),B2C,LinkedIn,,Actif,2026-06-29T00:15:34.470502,moyenne
BJ-7AD13ADF,Digital International,Télécommunications,Djougou,+229 59 63 91 62,digital.international@digital.international.com,digitalinternational.bj,PME (50-200),B2B,LinkedIn,,Actif,2026-06-29T00:15:34.470545,haute
BJ-F2060BF9,Mobile SARL,Télécommunications,Djougou,+229 95 22 97 76,mobile.sarl@mobile.sarl.bj,mobilesarl.bj,TPE (<10),B2C,LinkedIn,,Actif,2026-06-29T00:15:34.470575,haute
BJ-B13EE2FA,Connect Voice Africa,Télécommunications,Djougou,+229 41 90 51 77,,connectvoiceafrica.bj,Grande (>200),B2B,LinkedIn,,Actif,2026-06-29T00:15:34.470602,moyenne
BJ-DC484BB2,Réseau Telecom Djougou,Télécommunications,Djougou,+229 53 68 17 12,réseau.telecom.djougou@réseau.telecom.djougou.bj,réseautelecomdjougou.bj,PME (10-50),B2B,LinkedIn,,Actif,2026-06-29T00:15:34.470655,haute
BJ-65A5FE83,Connect Tech SARL,Télécommunications,Djougou,+229 21 61 72 29,connect.tech.sarl@connect.tech.sarl.bj,connecttechsarl.bj,TPE (<10),B2B,LinkedIn,,Actif,2026-06-29T00:15:34.470689,haute
BJ-92BA6334,Connect Digital SA,Télécommunications,Ouèssè,+229 79 51 70 48,,connectdigitalsa.bj,PME (10-50),B2B,LinkedIn,,Actif,2026-06-29T00:15:34.470730,moyenne
BJ-80847F69,Voice Ouèssè,Télécommunications,Ouèssè,+229 71 74 22 73,voice.ouèssè@voice.ouèssè.bj,voiceouèssè.bj,PME (10-50),B2B,LinkedIn,,Actif,2026-06-29T00:15:34.470780,haute
BJ-BB96514A,Internet Réseau Telecom,Télécommunications,Ouèssè,+229 39 20 80 28,internet.réseau.telecom@internet.réseau.telecom.net,internetréseautelecom.bj,PME (10-50),B2B,LinkedIn,,Actif,2026-06-29T00:15:34.470843,haute
BJ-4C121BCB,Internet,Télécommunications,Ouèssè,+229 63 51 73 38,internet@internet.bj,internet.bj,PME (50-200),B2B,LinkedIn,,Actif,2026-06-29T00:15:34.470872,haute
BJ-AE90E93D,Connect Fiber,Télécommunications,Bassila,+229 94 49 82 93,,connectfiber.bj,TPE (<10),B2C,LinkedIn,,Actif,2026-06-29T00:15:34.470924,moyenne
BJ-9CF8B0DC,Digital Wireless Bassila,Télécommunications,Bassila,+229 81 77 36 89,digital.wireless.bassila@digital.wireless.bassila.org,digitalwirelessbassila.bj,PME (10-50),B2B,LinkedIn,,Actif,2026-06-29T00:15:34.470956,haute
BJ-F463FA05,Wireless SARL,Télécommunications,Bassila,+229 40 96 73 85,wireless.sarl@wireless.sarl.org,wirelesssarl.bj,TPE (<10),B2C,LinkedIn,,Actif,2026-06-29T00:15:34.470985,haute
BJ-A6C141B1,Data SA,Télécommunications,Bassila,+229 58 80 14 46,data.sa@data.sa.net,datasa.bj,PME (50-200),B2B,LinkedIn,,Actif,2026-06-29T00:15:34.471015,haute
BJ-83CC0623,Fiber Bassila,Télécommunications,Bassila,+229 28 26 11 86,fiber.bassila@fiber.bassila.net,fiberbassila.bj,TPE (<10),B2C,LinkedIn,,Actif,2026-06-29T00:15:34.471045,haute
BJ-36790CA1,Télécom Connect,Télécommunications,Pehunco,+229 65 41 39 57,télécom.connect@télécom.connect.bj,télécomconnect.bj,PME (50-200),B2B,LinkedIn,,Actif,2026-06-29T00:15:34.471088,haute
BJ-6C310A73,Internet Bénin,Télécommunications,Pehunco,+229 42 66 85 28,,internetbénin.bj,PME (10-50),B2B,LinkedIn,,Actif,2026-06-29T00:15:34.471120,moyenne
BJ-735FB3D8,Tech Groupe,Télécommunications,Pehunco,+229 35 31 80 64,tech.groupe@tech.groupe.benin,,PME (10-50),B2B,LinkedIn,,Actif,2026-06-29T00:15:34.471181,moyenne
BJ-9E346EC8,Mobile Mobile Bénin,Télécommunications,Pehunco,+229 72 12 29 31,mobile.mobile.bénin@mobile.mobile.bénin.bj,,PME (10-50),B2C,LinkedIn,,Actif,2026-06-29T00:15:34.471214,moyenne
BJ-A8EEAEA9,Voice Copargo,Télécommunications,Copargo,+229 89 49 70 52,voice.copargo@voice.copargo.bj,voicecopargo.bj,PME (10-50),B2C,LinkedIn,,Actif,2026-06-29T00:15:34.471255,haute
BJ-E72767A3,Fiber SARL,Télécommunications,Copargo,+229 87 35 23 28,fiber.sarl@fiber.sarl.net,fibersarl.bj,TPE (<10),B2C,LinkedIn,,Actif,2026-06-29T00:15:34.471284,haute
BJ-CE136B12,Internet SARL Copargo,Télécommunications,Copargo,+229 42 26 19 49,internet.sarl.copargo@internet.sarl.copargo.net,internetsarlcopargo.bj,TPE (<10),B2C,LinkedIn,,Actif,2026-06-29T00:15:34.471315,haute
BJ-3EB34FE9,Mobile,Télécommunications,Copargo,+229 39 55 89 97,mobile@mobile.com,,PME (50-200),B2C,LinkedIn,,Actif,2026-06-29T00:15:34.471344,moyenne
BJ-CD8EA156,Digital Data International,Télécommunications,Copargo,+229 99 26 44 74,digital.data.international@digital.data.international.benin,digitaldatainternational.bj,PME (10-50),B2B,LinkedIn,,Actif,2026-06-29T00:15:34.471375,haute
BJ-BA9630E4,SARL Agriculture SARL,Agriculture & Agroalimentaire,Cotonou,+229 25 57 98 36,,,TPE (<10),B2C,LinkedIn,,Actif,2026-06-29T00:15:34.471480,basse
BJ-5124F646,Alimentaire Farm,Agriculture & Agroalimentaire,Cotonou,+229 29 23 23 64,alimentaire.farm@alimentaire.farm.org,alimentairefarm.bj,TPE (<10),B2C,LinkedIn,,Actif,2026-06-29T00:15:34.471510,haute
BJ-ED3E09F1,Ets Transformation Ets,Agriculture & Agroalimentaire,Abomey-Calavi,+229 32 98 27 26,,,TPE (<10),B2B,LinkedIn,,Actif,2026-06-29T00:15:34.471606,basse
BJ-61CDD323,Ferme Légume Africa Abomey-Calavi,Agriculture & Agroalimentaire,Abomey-Calavi,+229 24 29 51 18,ferme.légume.africa.abomeycalavi@ferme.légume.africa.abomeycalavi.org,,TPE (<10),B2C,LinkedIn,,Actif,2026-06-29T00:15:34.471648,moyenne
BJ-5C0CA63E,Production Ferme,Agriculture & Agroalimentaire,Abomey-Calavi,+229 93 97 99 51,production.ferme@production.ferme.bj,,PME (50-200),B2B,LinkedIn,,Actif,2026-06-29T00:15:34.471676,moyenne
BJ-25819DE8,Ets Bétail Farm,Agriculture & Agroalimentaire,Abomey-Calavi,+229 63 59 29 76,,etsbétailfarm.bj,TPE (<10),B2B,LinkedIn,,Actif,2026-06-29T00:15:34.471703,moyenne
BJ-3A3CE008,Agro Agro,Agriculture & Agroalimentaire,Porto-Novo,+229 60 30 87 75,agro.agro@agro.agro.org,agroagro.bj,TPE (<10),B2C,LinkedIn,,Actif,2026-06-29T00:15:34.471748,haute
BJ-2D7C0B3E,Ferme Bénin,Agriculture & Agroalimentaire,Porto-Novo,+229 47 56 80 89,ferme.bénin@ferme.bénin.benin,,TPE (<10),B2B,LinkedIn,,Actif,2026-06-29T00:15:34.471780,moyenne
BJ-C3E2187C,SARL Ferme Ets,Agriculture & Agroalimentaire,Porto-Novo,+229 86 42 52 83,,sarlfermeets.bj,TPE (<10),B2B,LinkedIn,,Actif,2026-06-29T00:15:34.471807,moyenne
BJ-0A53863B,Groupe Agriculture,Agriculture & Agroalimentaire,Porto-Novo,+229 30 24 13 26,,groupeagriculture.bj,PME (10-50),B2C,LinkedIn,,Actif,2026-06-29T00:15:34.471835,moyenne
BJ-975F59FD,Production Agro Farm,Agriculture & Agroalimentaire,Porto-Novo,+229 65 73 18 63,,productionagrofarm.bj,TPE (<10),B2C,LinkedIn,,Actif,2026-06-29T00:15:34.471861,moyenne
BJ-7EEF29D5,Élevage Parakou,Agriculture & Agroalimentaire,Parakou,+229 21 59 12 62,élevage.parakou@élevage.parakou.bj,,Grande (>200),B2C,LinkedIn,,Actif,2026-06-29T00:15:34.471912,moyenne
BJ-C5687534,Plantation Fruit SARL,Agriculture & Agroalimentaire,Parakou,+229 67 30 30 92,,,TPE (<10),B2C,LinkedIn,,Actif,2026-06-29T00:15:34.471938,basse
BJ-21A9A4AF,Groupe Agro Farm,Agriculture & Agroalimentaire,Parakou,+229 90 68 14 94,groupe.agro.farm@groupe.agro.farm.com,,TPE (<10),B2B,LinkedIn,,Actif,2026-06-29T00:15:34.471967,moyenne
BJ-E42FE6A9,Plantation Fruit Plantation Parakou,Agriculture & Agroalimentaire,Parakou,+229 30 53 24 41,plantation.fruit.plantation.parakou@plantation.fruit.plantation.parakou.org,plantationfruitplantationparakou.bj,PME (10-50),B2B,LinkedIn,,Actif,2026-06-29T00:15:34.471997,haute
BJ-A64F1646,Légume Parakou,Agriculture & Agroalimentaire,Parakou,+229 33 85 28 20,,légumeparakou.bj,PME (50-200),B2C,LinkedIn,,Actif,2026-06-29T00:15:34.472025,moyenne
BJ-C83E0713,Groupe Ferme Bohicon,Agriculture & Agroalimentaire,Bohicon,+229 20 98 10 49,,,TPE (<10),B2B,LinkedIn,,Actif,2026-06-29T00:15:34.472092,basse
BJ-E1CF1783,Ets Élevage Africa,Agriculture & Agroalimentaire,Bohicon,+229 42 55 89 42,ets.élevage.africa@ets.élevage.africa.org,etsélevageafrica.bj,PME (50-200),B2B,LinkedIn,,Actif,2026-06-29T00:15:34.472123,haute
BJ-567864D3,Aquaculture Ets,Agriculture & Agroalimentaire,Bohicon,+229 85 73 21 58,,aquacultureets.bj,TPE (<10),B2B,LinkedIn,,Actif,2026-06-29T00:15:34.472151,moyenne
BJ-FB28DA25,Agro Aquaculture,Agriculture & Agroalimentaire,Bohicon,+229 55 21 76 35,agro.aquaculture@agro.aquaculture.com,,TPE (<10),B2B,LinkedIn,,Actif,2026-06-29T00:15:34.472183,moyenne
BJ-7EE1F175,Élevage Agro,Agriculture & Agroalimentaire,Natitingou,+229 53 95 86 36,,,PME (10-50),B2B,LinkedIn,,Actif,2026-06-29T00:15:34.472222,basse
BJ-C5906650,Production Agriculture Farm,Agriculture & Agroalimentaire,Natitingou,+229 95 76 60 81,production.agriculture.farm@production.agriculture.farm.net,,PME (10-50),B2B,LinkedIn,,Actif,2026-06-29T00:15:34.472250,moyenne
BJ-2055A8B4,SARL Ferme SARL,Agriculture & Agroalimentaire,Natitingou,+229 50 76 55 27,,,PME (50-200),B2B,LinkedIn,,Actif,2026-06-29T00:15:34.472303,basse
BJ-EEF4B3FB,Plantation Transformation Groupe Natitingou,Agriculture & Agroalimentaire,Natitingou,+229 65 40 51 75,plantation.transformation.groupe.natitingou@plantation.transformation.groupe.natitingou.org,,TPE (<10),B2C,LinkedIn,,Actif,2026-06-29T00:15:34.472336,moyenne
BJ-B05F68D7,Légume,Agriculture & Agroalimentaire,Lokossa,+229 96 87 35 81,légume@légume.org,,TPE (<10),B2B,LinkedIn,,Actif,2026-06-29T00:15:34.472376,moyenne
BJ-33DE5C6E,Groupe Industrie Lokossa,Agriculture & Agroalimentaire,Lokossa,+229 37 20 20 90,,,PME (10-50),B2B,LinkedIn,,Actif,2026-06-29T00:15:34.472460,basse
BJ-A3625EEB,Agro Bétail Bénin Ouidah,Agriculture & Agroalimentaire,Ouidah,+229 82 14 38 86,agro.bétail.bénin.ouidah@agro.bétail.bénin.ouidah.com,,Grande (>200),B2B,LinkedIn,,Actif,2026-06-29T00:15:34.472579,moyenne
BJ-931CD916,Pêche Agro,Agriculture & Agroalimentaire,Ouidah,+229 96 41 18 50,pêche.agro@pêche.agro.com,pêcheagro.bj,PME (10-50),B2B,LinkedIn,,Actif,2026-06-29T00:15:34.472610,haute
BJ-B542EAA7,Légume,Agriculture & Agroalimentaire,Ouidah,+229 86 72 81 18,légume@légume.org,,TPE (<10),B2C,LinkedIn,,Actif,2026-06-29T00:15:34.472639,moyenne
BJ-9465F40D,Pêche Plantation,Agriculture & Agroalimentaire,Savalou,+229 88 71 87 64,pêche.plantation@pêche.plantation.net,,TPE (<10),B2B,LinkedIn,,Actif,2026-06-29T00:15:34.472678,moyenne
BJ-D12CD7F1,Ets Aquaculture Savalou,Agriculture & Agroalimentaire,Savalou,+229 95 91 21 82,,etsaquaculturesavalou.bj,Grande (>200),B2C,LinkedIn,,Actif,2026-06-29T00:15:34.472710,moyenne
BJ-923E0428,Production Transformation Ets,Agriculture & Agroalimentaire,Savalou,+229 93 80 22 70,production.transformation.ets@production.transformation.ets.net,,PME (10-50),B2C,LinkedIn,,Actif,2026-06-29T00:15:34.472739,moyenne
BJ-147C5BD6,Élevage Africa,Agriculture & Agroalimentaire,Savalou,+229 42 47 15 94,,,TPE (<10),B2B,LinkedIn,,Actif,2026-06-29T00:15:34.472795,basse
BJ-15D5D1D2,Production Pêche,Agriculture & Agroalimentaire,Dassa-Zoumè,+229 81 15 61 91,,,PME (10-50),B2C,LinkedIn,,Actif,2026-06-29T00:15:34.472832,basse
BJ-CC05AD34,Ferme Transformation Agro,Agriculture & Agroalimentaire,Dassa-Zoumè,+229 91 12 73 23,,,TPE (<10),B2C,LinkedIn,,Actif,2026-06-29T00:15:34.472857,basse
BJ-B00894EE,Agro Ferme Plantation,Agriculture & Agroalimentaire,Dassa-Zoumè,+229 61 34 89 69,agro.ferme.plantation@agro.ferme.plantation.net,,PME (10-50),B2C,LinkedIn,,Actif,2026-06-29T00:15:34.472885,moyenne
BJ-AEF9BCB1,Ferme,Agriculture & Agroalimentaire,Dassa-Zoumè,+229 87 34 60 16,,,TPE (<10),B2B,LinkedIn,,Actif,2026-06-29T00:15:34.472926,basse
BJ-EB349883,Plantation Fruit Groupe,Agriculture & Agroalimentaire,Dassa-Zoumè,+229 66 78 54 81,plantation.fruit.groupe@plantation.fruit.groupe.net,,TPE (<10),B2B,LinkedIn,,Actif,2026-06-29T00:15:34.472954,moyenne
BJ-806F3DA5,Plantation Ferme Kétou,Agriculture & Agroalimentaire,Kétou,+229 61 20 11 98,,,PME (10-50),B2C,LinkedIn,,Actif,2026-06-29T00:15:34.473025,basse
BJ-3EB932E3,Groupe Ferme,Agriculture & Agroalimentaire,Kétou,+229 24 20 25 53,groupe.ferme@groupe.ferme.bj,,PME (10-50),B2C,LinkedIn,,Actif,2026-06-29T00:15:34.473055,moyenne
BJ-CC02529D,Élevage Ets,Agriculture & Agroalimentaire,Kétou,+229 39 91 43 45,,élevageets.bj,PME (10-50),B2C,LinkedIn,,Actif,2026-06-29T00:15:34.473082,moyenne
BJ-2E56C74E,Groupe Industrie Kétou,Agriculture & Agroalimentaire,Kétou,+229 90 79 20 53,groupe.industrie.kétou@groupe.industrie.kétou.net,,TPE (<10),B2B,LinkedIn,,Actif,2026-06-29T00:15:34.473116,moyenne
BJ-CE9FD3BC,Ets Fruit Agro,Agriculture & Agroalimentaire,Covè,+229 86 84 78 80,,etsfruitagro.bj,Grande (>200),B2B,LinkedIn,,Actif,2026-06-29T00:15:34.473153,moyenne
BJ-1BB3009C,Agro Farm,Agriculture & Agroalimentaire,Covè,+229 38 85 83 54,,,TPE (<10),B2B,LinkedIn,,Actif,2026-06-29T00:15:34.473178,basse
BJ-F15DA880,Ferme Plantation Bénin Covè,Agriculture & Agroalimentaire,Covè,+229 61 30 60 16,ferme.plantation.bénin.covè@ferme.plantation.bénin.covè.benin,fermeplantationbénincovè.bj,PME (10-50),B2C,LinkedIn,,Actif,2026-06-29T00:15:34.473210,haute
BJ-8B79B82C,Agro Alimentaire Africa,Agriculture & Agroalimentaire,Covè,+229 74 99 99 94,agro.alimentaire.africa@agro.alimentaire.africa.com,,TPE (<10),B2C,LinkedIn,,Actif,2026-06-29T00:15:34.473238,moyenne
BJ-517C865B,Production Agro Bénin,Agriculture & Agroalimentaire,Covè,+229 30 47 76 91,,,PME (50-200),B2B,LinkedIn,,Actif,2026-06-29T00:15:34.473262,basse
BJ-30405417,SARL Élevage,Agriculture & Agroalimentaire,Pobè,+229 59 36 46 71,,,TPE (<10),B2C,LinkedIn,,Actif,2026-06-29T00:15:34.473299,basse
BJ-1E56753F,Transformation,Agriculture & Agroalimentaire,Pobè,+229 46 85 11 28,,,PME (10-50),B2C,LinkedIn,,Actif,2026-06-29T00:15:34.473331,basse
BJ-E172E7D0,Production Pêche SARL,Agriculture & Agroalimentaire,Pobè,+229 99 27 97 39,,,PME (10-50),B2C,LinkedIn,,Actif,2026-06-29T00:15:34.473357,basse
BJ-26B44871,Plantation Céréale Sakété,Agriculture & Agroalimentaire,Sakété,+229 55 75 21 68,,,PME (10-50),B2C,LinkedIn,,Actif,2026-06-29T00:15:34.473450,basse
BJ-40D80CB0,Production Agriculture Agro Sakété,Agriculture & Agroalimentaire,Sakété,+229 27 28 39 64,production.agriculture.agro.sakété@production.agriculture.agro.sakété.org,productionagricultureagrosakété.bj,TPE (<10),B2C,LinkedIn,,Actif,2026-06-29T00:15:34.473482,haute
BJ-D52EF20E,Ets Légume Bénin Sakété,Agriculture & Agroalimentaire,Sakété,+229 21 77 39 48,,,TPE (<10),B2B,LinkedIn,,Actif,2026-06-29T00:15:34.473540,basse
BJ-D789B34E,Pêche Bénin Sakété,Agriculture & Agroalimentaire,Sakété,+229 62 78 89 46,pêche.bénin.sakété@pêche.bénin.sakété.com,,PME (10-50),B2B,LinkedIn,,Actif,2026-06-29T00:15:34.473568,moyenne
BJ-9D57693F,Agro Transformation Bénin Adjara,Agriculture & Agroalimentaire,Adjara,+229 82 48 87 55,agro.transformation.bénin.adjara@agro.transformation.bénin.adjara.com,agrotransformationbéninadjara.bj,TPE (<10),B2C,LinkedIn,,Actif,2026-06-29T00:15:34.473639,haute
BJ-11BDFFFD,Agro Ferme,Agriculture & Agroalimentaire,Adjara,+229 80 46 53 82,agro.ferme@agro.ferme.benin,,PME (50-200),B2C,LinkedIn,,Actif,2026-06-29T00:15:34.473667,moyenne
BJ-3EA2EF8C,Aquaculture SARL,Agriculture & Agroalimentaire,Adjara,+229 41 36 98 53,,,TPE (<10),B2C,LinkedIn,,Actif,2026-06-29T00:15:34.473692,basse
BJ-84CCC029,Production Plantation,Agriculture & Agroalimentaire,Adjara,+229 88 76 49 40,,,TPE (<10),B2B,LinkedIn,,Actif,2026-06-29T00:15:34.473717,basse
BJ-57BC2605,Ets Industrie,Agriculture & Agroalimentaire,Allada,+229 87 35 36 12,,,PME (10-50),B2B,LinkedIn,,Actif,2026-06-29T00:15:34.473788,basse
BJ-A1E9B342,Production Plantation Africa,Agriculture & Agroalimentaire,Allada,+229 86 42 95 16,production.plantation.africa@production.plantation.africa.com,,PME (10-50),B2B,LinkedIn,,Actif,2026-06-29T00:15:34.473814,moyenne
BJ-BAA160E7,Agriculture Agro,Agriculture & Agroalimentaire,Allada,+229 82 27 43 59,agriculture.agro@agriculture.agro.com,agricultureagro.bj,PME (50-200),B2B,LinkedIn,,Actif,2026-06-29T00:15:34.473847,haute
BJ-CF733F20,Plantation Industrie Allada,Agriculture & Agroalimentaire,Allada,+229 35 61 24 30,plantation.industrie.allada@plantation.industrie.allada.bj,plantationindustrieallada.bj,TPE (<10),B2B,LinkedIn,,Actif,2026-06-29T00:15:34.473876,haute
BJ-11F14A14,Production Bétail Aplahoué,Agriculture & Agroalimentaire,Aplahoué,+229 94 72 71 16,,,TPE (<10),B2B,LinkedIn,,Actif,2026-06-29T00:15:34.473922,basse
BJ-BEC470A5,Agro Légume SARL,Agriculture & Agroalimentaire,Aplahoué,+229 68 71 13 49,,,Grande (>200),B2C,LinkedIn,,Actif,2026-06-29T00:15:34.473982,basse
BJ-C2EA075F,Ets Industrie SARL,Agriculture & Agroalimentaire,Aplahoué,+229 54 91 69 96,,,PME (10-50),B2B,LinkedIn,,Actif,2026-06-29T00:15:34.474007,basse
BJ-76627A6F,SARL Transformation,Agriculture & Agroalimentaire,Aplahoué,+229 39 32 63 17,sarl.transformation@sarl.transformation.bj,,PME (10-50),B2B,LinkedIn,,Actif,2026-06-29T00:15:34.474035,moyenne
BJ-ACD69A56,Légume Agro,Agriculture & Agroalimentaire,Dogbo-Tota,+229 34 79 70 89,légume.agro@légume.agro.bj,,Grande (>200),B2C,LinkedIn,,Actif,2026-06-29T00:15:34.474082,moyenne
BJ-B02962D8,Transformation,Agriculture & Agroalimentaire,Dogbo-Tota,+229 59 74 84 43,,transformation.bj,PME (50-200),B2B,LinkedIn,,Actif,2026-06-29T00:15:34.474108,moyenne
BJ-88D89A43,Élevage,Agriculture & Agroalimentaire,Dogbo-Tota,+229 58 78 58 38,élevage@élevage.bj,,TPE (<10),B2C,LinkedIn,,Actif,2026-06-29T00:15:34.474137,moyenne
BJ-88EBECFE,Agro Industrie Agro Dogbo-Tota,Agriculture & Agroalimentaire,Dogbo-Tota,+229 99 46 36 35,,,TPE (<10),B2B,LinkedIn,,Actif,2026-06-29T00:15:34.474164,basse
BJ-D68AA53B,Production Bétail Ets,Agriculture & Agroalimentaire,Dogbo-Tota,+229 83 27 67 46,,,TPE (<10),B2B,LinkedIn,,Actif,2026-06-29T00:15:34.474188,basse
BJ-5779F2B1,Ferme Bénin,Agriculture & Agroalimentaire,Kpomassè,+229 84 83 74 87,,fermebénin.bj,TPE (<10),B2C,LinkedIn,,Actif,2026-06-29T00:15:34.474227,moyenne
BJ-C61F3AAA,Production Transformation SARL,Agriculture & Agroalimentaire,Kpomassè,+229 37 93 20 68,production.transformation.sarl@production.transformation.sarl.com,,PME (50-200),B2B,LinkedIn,,Actif,2026-06-29T00:15:34.474260,moyenne
BJ-2E6B68BC,Ets Céréale Ets Kpomassè,Agriculture & Agroalimentaire,Kpomassè,+229 33 33 96 86,,etscéréaleetskpomassè.bj,PME (10-50),B2B,LinkedIn,,Actif,2026-06-29T00:15:34.474288,moyenne
BJ-90F48071,Céréale,Agriculture & Agroalimentaire,Kpomassè,+229 55 38 46 25,céréale@céréale.com,,PME (10-50),B2C,LinkedIn,,Actif,2026-06-29T00:15:34.474315,moyenne
BJ-F5BCD646,Ferme Transformation,Agriculture & Agroalimentaire,Kpomassè,+229 94 24 83 50,ferme.transformation@ferme.transformation.net,fermetransformation.bj,PME (10-50),B2C,LinkedIn,,Actif,2026-06-29T00:15:34.474345,haute
BJ-689907C3,Agro Africa,Agriculture & Agroalimentaire,Tori-Bossito,+229 22 66 78 68,agro.africa@agro.africa.benin,,TPE (<10),B2C,LinkedIn,,Actif,2026-06-29T00:15:34.474384,moyenne
BJ-CAA9387A,Agriculture Plantation,Agriculture & Agroalimentaire,Tori-Bossito,+229 37 13 68 47,agriculture.plantation@agriculture.plantation.net,agricultureplantation.bj,PME (10-50),B2B,LinkedIn,,Actif,2026-06-29T00:15:34.474418,haute
BJ-29D4859D,Groupe Alimentaire SARL,Agriculture & Agroalimentaire,Tori-Bossito,+229 56 64 91 54,,,TPE (<10),B2B,LinkedIn,,Actif,2026-06-29T00:15:34.474444,basse
BJ-35386ED3,Industrie,Agriculture & Agroalimentaire,Tori-Bossito,+229 99 72 82 31,industrie@industrie.benin,,PME (50-200),B2C,LinkedIn,,Actif,2026-06-29T00:15:34.474471,moyenne
BJ-EB2EA0CF,Fruit,Agriculture & Agroalimentaire,Tori-Bossito,+229 60 81 43 95,,fruit.bj,PME (10-50),B2C,LinkedIn,,Actif,2026-06-29T00:15:34.474498,moyenne
BJ-144A380D,Groupe Transformation,Agriculture & Agroalimentaire,Grand-Popo,+229 84 86 30 84,groupe.transformation@groupe.transformation.benin,,TPE (<10),B2B,LinkedIn,,Actif,2026-06-29T00:15:34.474538,moyenne
BJ-9BFE9252,Ferme Pêche Farm Grand-Popo,Agriculture & Agroalimentaire,Grand-Popo,+229 66 37 88 73,,,PME (50-200),B2C,LinkedIn,,Actif,2026-06-29T00:15:34.474572,basse
BJ-2F8A2CFD,SARL Alimentaire Bénin Grand-Popo,Agriculture & Agroalimentaire,Grand-Popo,+229 47 60 22 10,,,TPE (<10),B2C,LinkedIn,,Actif,2026-06-29T00:15:34.474616,basse
BJ-FEF2924B,Ets Transformation Africa,Agriculture & Agroalimentaire,Grand-Popo,+229 33 26 75 67,,,TPE (<10),B2C,LinkedIn,,Actif,2026-06-29T00:15:34.474642,basse
BJ-8E9A376D,Plantation Pêche Grand-Popo,Agriculture & Agroalimentaire,Grand-Popo,+229 92 84 42 22,plantation.pêche.grandpopo@plantation.pêche.grandpopo.bj,,PME (10-50),B2C,LinkedIn,,Actif,2026-06-29T00:15:34.474667,moyenne
BJ-636E45B4,Agro Aquaculture Africa,Agriculture & Agroalimentaire,Athiémé,+229 42 49 46 98,,,PME (50-200),B2C,LinkedIn,,Actif,2026-06-29T00:15:34.474725,basse
BJ-F26C05B7,Plantation Bétail Farm,Agriculture & Agroalimentaire,Athiémé,+229 48 93 28 91,plantation.bétail.farm@plantation.bétail.farm.org,plantationbétailfarm.bj,Grande (>200),B2B,LinkedIn,,Actif,2026-06-29T00:15:34.474753,haute
BJ-01D59343,Plantation Agro Ets,Agriculture & Agroalimentaire,Athiémé,+229 47 63 55 93,plantation.agro.ets@plantation.agro.ets.net,,PME (10-50),B2C,LinkedIn,,Actif,2026-06-29T00:15:34.474779,moyenne
BJ-9BF04CCB,Légume Africa,Agriculture & Agroalimentaire,Athiémé,+229 24 80 85 78,légume.africa@légume.africa.benin,,PME (10-50),B2C,LinkedIn,,Actif,2026-06-29T00:15:34.474823,moyenne
BJ-0D3FF321,Ets Industrie SARL,Agriculture & Agroalimentaire,Bopa,+229 32 86 99 93,,,PME (50-200),B2C,LinkedIn,,Actif,2026-06-29T00:15:34.474916,basse
BJ-56FBBCD9,Fruit,Agriculture & Agroalimentaire,Bopa,+229 26 62 77 54,fruit@fruit.com,,PME (10-50),B2C,LinkedIn,,Actif,2026-06-29T00:15:34.474946,moyenne
BJ-A7C7D14A,Agro Aquaculture Agro,Agriculture & Agroalimentaire,Bopa,+229 61 99 44 40,,,PME (10-50),B2B,LinkedIn,,Actif,2026-06-29T00:15:34.474976,basse
BJ-705AE5C4,Plantation Fruit,Agriculture & Agroalimentaire,Bopa,+229 60 58 53 73,plantation.fruit@plantation.fruit.benin,plantationfruit.bj,Grande (>200),B2B,LinkedIn,,Actif,2026-06-29T00:15:34.475006,haute
BJ-8705E377,Groupe Légume Farm,Agriculture & Agroalimentaire,Houéyogbé,+229 73 98 56 82,,,TPE (<10),B2C,LinkedIn,,Actif,2026-06-29T00:15:34.475045,basse
BJ-E4841020,Groupe Industrie Bénin,Agriculture & Agroalimentaire,Houéyogbé,+229 21 61 90 94,,,TPE (<10),B2B,LinkedIn,,Actif,2026-06-29T00:15:34.475057,basse
BJ-F744C35A,Plantation Industrie Agro,Agriculture & Agroalimentaire,Malanville,+229 22 17 84 44,plantation.industrie.agro@plantation.industrie.agro.com,,TPE (<10),B2B,LinkedIn,,Actif,2026-06-29T00:15:34.475100,moyenne
BJ-50910F4D,Ets Transformation Malanville,Agriculture & Agroalimentaire,Malanville,+229 60 45 21 94,ets.transformation.malanville@ets.transformation.malanville.net,etstransformationmalanville.bj,TPE (<10),B2B,LinkedIn,,Actif,2026-06-29T00:15:34.475130,haute
BJ-F63D98F1,Aquaculture SARL,Agriculture & Agroalimentaire,Malanville,+229 49 32 72 18,aquaculture.sarl@aquaculture.sarl.org,aquaculturesarl.bj,PME (50-200),B2C,LinkedIn,,Actif,2026-06-29T00:15:34.475143,haute
BJ-F92C63D9,Ferme,Agriculture & Agroalimentaire,Malanville,+229 85 29 37 21,,,PME (10-50),B2C,LinkedIn,,Actif,2026-06-29T00:15:34.475154,basse
BJ-17E014FB,Production Ferme Kandi,Agriculture & Agroalimentaire,Kandi,+229 54 67 71 61,production.ferme.kandi@production.ferme.kandi.benin,,TPE (<10),B2C,LinkedIn,,Actif,2026-06-29T00:15:34.475172,moyenne
BJ-BEF045DD,Groupe Plantation,Agriculture & Agroalimentaire,Kandi,+229 34 18 98 45,,,PME (10-50),B2C,LinkedIn,,Actif,2026-06-29T00:15:34.475183,basse
BJ-7F9A316C,Production Transformation Agro,Agriculture & Agroalimentaire,Kandi,+229 62 82 92 78,,productiontransformationagro.bj,TPE (<10),B2C,LinkedIn,,Actif,2026-06-29T00:15:34.475194,moyenne
BJ-4CA0A0E2,Ets Ferme,Agriculture & Agroalimentaire,Kandi,+229 69 59 73 12,ets.ferme@ets.ferme.benin,etsferme.bj,TPE (<10),B2C,LinkedIn,,Actif,2026-06-29T00:15:34.475206,haute
BJ-5D828DDD,Plantation Légume,Agriculture & Agroalimentaire,Kandi,+229 84 71 45 35,plantation.légume@plantation.légume.bj,,TPE (<10),B2C,LinkedIn,,Actif,2026-06-29T00:15:34.475219,moyenne
BJ-B310D2CB,Ferme Aquaculture,Agriculture & Agroalimentaire,Banikoara,+229 60 29 38 89,,fermeaquaculture.bj,PME (50-200),B2B,LinkedIn,,Actif,2026-06-29T00:15:34.475252,moyenne
BJ-7F961A5A,Ets Ferme Farm,Agriculture & Agroalimentaire,Banikoara,+229 54 21 60 94,,,PME (10-50),B2C,LinkedIn,,Actif,2026-06-29T00:15:34.475283,basse
BJ-32DD9DF1,Agro Agriculture Africa,Agriculture & Agroalimentaire,Banikoara,+229 49 20 13 50,agro.agriculture.africa@agro.agriculture.africa.com,agroagricultureafrica.bj,Grande (>200),B2C,LinkedIn,,Actif,2026-06-29T00:15:34.475295,haute
BJ-2E828159,Production Aquaculture,Agriculture & Agroalimentaire,Banikoara,+229 81 47 82 25,production.aquaculture@production.aquaculture.benin,,PME (10-50),B2B,LinkedIn,,Actif,2026-06-29T00:15:34.475307,moyenne
BJ-8A3C8475,Industrie Bénin Banikoara,Agriculture & Agroalimentaire,Banikoara,+229 32 15 82 99,,,PME (10-50),B2B,LinkedIn,,Actif,2026-06-29T00:15:34.475331,basse
BJ-80B4E293,Industrie Ets,Agriculture & Agroalimentaire,Ségbana,+229 93 49 14 64,,,TPE (<10),B2C,LinkedIn,,Actif,2026-06-29T00:15:34.475347,basse
BJ-CBD19769,Groupe Pêche,Agriculture & Agroalimentaire,Ségbana,+229 92 50 39 28,,groupepêche.bj,PME (10-50),B2C,LinkedIn,,Actif,2026-06-29T00:15:34.475358,moyenne
BJ-17CEB898,Ferme Plantation Ségbana,Agriculture & Agroalimentaire,Ségbana,+229 29 69 21 76,ferme.plantation.ségbana@ferme.plantation.ségbana.com,,TPE (<10),B2C,LinkedIn,,Actif,2026-06-29T00:15:34.475370,moyenne
BJ-6CA689EE,Plantation Plantation,Agriculture & Agroalimentaire,Ségbana,+229 62 81 93 18,,,PME (10-50),B2C,LinkedIn,,Actif,2026-06-29T00:15:34.475380,basse
BJ-D1EBAB82,Aquaculture Farm,Agriculture & Agroalimentaire,Ségbana,+229 29 15 31 15,aquaculture.farm@aquaculture.farm.benin,aquaculturefarm.bj,TPE (<10),B2C,LinkedIn,,Actif,2026-06-29T00:15:34.475392,haute
BJ-6CD90FDD,Alimentaire Groupe,Agriculture & Agroalimentaire,Karimama,+229 96 15 47 34,alimentaire.groupe@alimentaire.groupe.bj,,TPE (<10),B2C,LinkedIn,,Actif,2026-06-29T00:15:34.475408,moyenne
BJ-795F5846,SARL Transformation,Agriculture & Agroalimentaire,Karimama,+229 46 84 17 78,sarl.transformation@sarl.transformation.net,sarltransformation.bj,PME (50-200),B2B,LinkedIn,,Actif,2026-06-29T00:15:34.475423,haute
BJ-4735D27C,Production Ferme Africa,Agriculture & Agroalimentaire,Karimama,+229 79 40 77 55,production.ferme.africa@production.ferme.africa.net,,PME (10-50),B2B,LinkedIn,,Actif,2026-06-29T00:15:34.475446,moyenne
BJ-967C148B,Agro Plantation Farm,Agriculture & Agroalimentaire,Karimama,+229 83 11 41 76,agro.plantation.farm@agro.plantation.farm.benin,,TPE (<10),B2C,LinkedIn,,Actif,2026-06-29T00:15:34.475460,moyenne
BJ-22B06E0C,Ferme Transformation Farm,Agriculture & Agroalimentaire,Gogounou,+229 47 31 24 46,ferme.transformation.farm@ferme.transformation.farm.org,,PME (50-200),B2B,LinkedIn,,Actif,2026-06-29T00:15:34.475491,moyenne
BJ-66D00164,Aquaculture Gogounou,Agriculture & Agroalimentaire,Gogounou,+229 52 17 87 83,,aquaculturegogounou.bj,PME (50-200),B2B,LinkedIn,,Actif,2026-06-29T00:15:34.475514,moyenne
BJ-FC5413A6,Agro,Agriculture & Agroalimentaire,Gogounou,+229 24 17 20 54,,,PME (10-50),B2C,LinkedIn,,Actif,2026-06-29T00:15:34.475524,basse
BJ-3A70D253,Ets Bétail,Agriculture & Agroalimentaire,Cobly,+229 71 86 64 86,ets.bétail@ets.bétail.org,etsbétail.bj,PME (10-50),B2C,LinkedIn,,Actif,2026-06-29T00:15:34.475542,haute
BJ-76BF035C,Transformation Bénin,Agriculture & Agroalimentaire,Cobly,+229 93 61 31 90,,transformationbénin.bj,PME (10-50),B2B,LinkedIn,,Actif,2026-06-29T00:15:34.475557,moyenne
BJ-3EA05469,Pêche,Agriculture & Agroalimentaire,Cobly,+229 92 80 95 85,pêche@pêche.org,,TPE (<10),B2C,LinkedIn,,Actif,2026-06-29T00:15:34.475569,moyenne
BJ-AF469BBD,Légume Cobly,Agriculture & Agroalimentaire,Cobly,+229 93 76 53 70,légume.cobly@légume.cobly.com,,PME (10-50),B2C,LinkedIn,,Actif,2026-06-29T00:15:34.475580,moyenne
BJ-7C6ECE3B,Groupe Industrie,Agriculture & Agroalimentaire,Cobly,+229 64 71 75 58,,groupeindustrie.bj,PME (10-50),B2B,LinkedIn,,Actif,2026-06-29T00:15:34.475590,moyenne
BJ-9461D1BF,Pêche Tanguiéta,Agriculture & Agroalimentaire,Tanguiéta,+229 93 83 12 76,,pêchetanguiéta.bj,Grande (>200),B2C,LinkedIn,,Actif,2026-06-29T00:15:34.475621,moyenne
BJ-04D137F8,SARL Aquaculture,Agriculture & Agroalimentaire,Tanguiéta,+229 51 63 12 56,,,TPE (<10),B2C,LinkedIn,,Actif,2026-06-29T00:15:34.475645,basse
BJ-C369E912,Agro Industrie Africa Tanguiéta,Agriculture & Agroalimentaire,Tanguiéta,+229 92 16 10 21,,,TPE (<10),B2C,LinkedIn,,Actif,2026-06-29T00:15:34.475656,basse
BJ-E298ADF1,Légume SARL,Agriculture & Agroalimentaire,Tanguiéta,+229 27 32 57 64,légume.sarl@légume.sarl.com,,PME (10-50),B2B,LinkedIn,,Actif,2026-06-29T00:15:34.475679,moyenne
BJ-20BC7BE0,Industrie Bénin,Agriculture & Agroalimentaire,Matéri,+229 20 92 48 97,industrie.bénin@industrie.bénin.org,,TPE (<10),B2C,LinkedIn,,Actif,2026-06-29T00:15:34.475696,moyenne
BJ-D4BF42AF,Agro Bénin,Agriculture & Agroalimentaire,Matéri,+229 34 34 54 23,agro.bénin@agro.bénin.benin,,PME (10-50),B2B,LinkedIn,,Actif,2026-06-29T00:15:34.475724,moyenne
BJ-46DCD237,Agro Africa,Agriculture & Agroalimentaire,Matéri,+229 98 61 32 77,,,PME (10-50),B2C,LinkedIn,,Actif,2026-06-29T00:15:34.475734,basse
BJ-925365A0,Agriculture Africa,Agriculture & Agroalimentaire,Matéri,+229 28 23 94 29,,,PME (50-200),B2C,LinkedIn,,Actif,2026-06-29T00:15:34.475748,basse
BJ-7E7BD7C3,Fruit Africa,Agriculture & Agroalimentaire,Natitingou,+229 47 89 35 87,,fruitafrica.bj,PME (10-50),B2B,LinkedIn,,Actif,2026-06-29T00:15:34.475799,moyenne
BJ-B9CD9076,Groupe Plantation Natitingou,Agriculture & Agroalimentaire,Natitingou,+229 78 15 65 73,groupe.plantation.natitingou@groupe.plantation.natitingou.benin,,PME (10-50),B2B,LinkedIn,,Actif,2026-06-29T00:15:34.475824,moyenne
BJ-71BE0E0B,Groupe Alimentaire Africa,Agriculture & Agroalimentaire,Toucountouna,+229 30 10 74 23,groupe.alimentaire.africa@groupe.alimentaire.africa.benin,groupealimentaireafrica.bj,TPE (<10),B2B,LinkedIn,,Actif,2026-06-29T00:15:34.475845,haute
BJ-B2B56E8F,Pêche Farm Toucountouna,Agriculture & Agroalimentaire,Toucountouna,+229 56 27 51 18,pêche.farm.toucountouna@pêche.farm.toucountouna.benin,,TPE (<10),B2B,LinkedIn,,Actif,2026-06-29T00:15:34.475860,moyenne
BJ-75EA3030,Production Céréale,Agriculture & Agroalimentaire,Toucountouna,+229 84 43 89 22,,,PME (10-50),B2C,LinkedIn,,Actif,2026-06-29T00:15:34.475922,basse
BJ-B1A8CB88,Production Fruit Ets,Agriculture & Agroalimentaire,Boukoumbé,+229 62 28 56 88,,,PME (10-50),B2B,LinkedIn,,Actif,2026-06-29T00:15:34.475959,basse
BJ-5C8B158A,Groupe Bétail,Agriculture & Agroalimentaire,Boukoumbé,+229 83 43 17 50,,,PME (10-50),B2B,LinkedIn,,Actif,2026-06-29T00:15:34.475971,basse
BJ-AD54420B,Pêche Agro,Agriculture & Agroalimentaire,Boukoumbé,+229 34 39 91 11,,,Grande (>200),B2C,LinkedIn,,Actif,2026-06-29T00:15:34.475982,basse
BJ-F3000C71,Plantation Agro Groupe,Agriculture & Agroalimentaire,Boukoumbé,+229 82 82 91 76,,,TPE (<10),B2B,LinkedIn,,Actif,2026-06-29T00:15:34.475992,basse
BJ-6217F23A,Ets Aquaculture,Agriculture & Agroalimentaire,Boukoumbé,+229 89 39 49 98,,,TPE (<10),B2C,LinkedIn,,Actif,2026-06-29T00:15:34.476015,basse
BJ-9F7624BE,Ets Agriculture,Agriculture & Agroalimentaire,Kouandé,+229 90 65 79 73,,etsagriculture.bj,Grande (>200),B2B,LinkedIn,,Actif,2026-06-29T00:15:34.476035,moyenne
BJ-0C64C36A,SARL Légume Kouandé,Agriculture & Agroalimentaire,Kouandé,+229 94 37 91 26,sarl.légume.kouandé@sarl.légume.kouandé.bj,sarllégumekouandé.bj,TPE (<10),B2B,LinkedIn,,Actif,2026-06-29T00:15:34.476051,haute
BJ-9713790A,Ferme Industrie Kouandé,Agriculture & Agroalimentaire,Kouandé,+229 34 24 88 88,,,PME (10-50),B2B,LinkedIn,,Actif,2026-06-29T00:15:34.476062,basse
BJ-7A20B6AA,Céréale Kouandé,Agriculture & Agroalimentaire,Kouandé,+229 47 45 77 86,,,PME (10-50),B2B,LinkedIn,,Actif,2026-06-29T00:15:34.476072,basse
BJ-C449EE2B,Groupe Élevage Kouandé,Agriculture & Agroalimentaire,Kouandé,+229 78 29 42 39,groupe.élevage.kouandé@groupe.élevage.kouandé.benin,groupeélevagekouandé.bj,PME (50-200),B2C,LinkedIn,,Actif,2026-06-29T00:15:34.476084,haute
BJ-F36A74E7,Plantation Aquaculture,Agriculture & Agroalimentaire,Péhunco,+229 73 26 85 70,,,TPE (<10),B2B,LinkedIn,,Actif,2026-06-29T00:15:34.476100,basse
BJ-AF145E2F,Groupe Agriculture Farm,Agriculture & Agroalimentaire,Péhunco,+229 58 24 59 90,groupe.agriculture.farm@groupe.agriculture.farm.benin,groupeagriculturefarm.bj,TPE (<10),B2C,LinkedIn,,Actif,2026-06-29T00:15:34.476112,haute
BJ-D56EB9BB,Ferme Alimentaire,Agriculture & Agroalimentaire,Péhunco,+229 53 70 61 10,ferme.alimentaire@ferme.alimentaire.bj,fermealimentaire.bj,TPE (<10),B2C,LinkedIn,,Actif,2026-06-29T00:15:34.476134,haute
BJ-35137DEB,Groupe Élevage Farm,Agriculture & Agroalimentaire,Péhunco,+229 38 68 59 19,groupe.élevage.farm@groupe.élevage.farm.net,,Grande (>200),B2B,LinkedIn,,Actif,2026-06-29T00:15:34.476146,moyenne
BJ-9192C25F,Plantation Alimentaire Tchaourou,Agriculture & Agroalimentaire,Tchaourou,+229 40 86 95 72,,,PME (10-50),B2C,LinkedIn,,Actif,2026-06-29T00:15:34.476162,basse
BJ-3810B85E,Production Agriculture,Agriculture & Agroalimentaire,Tchaourou,+229 32 31 30 60,,productionagriculture.bj,PME (50-200),B2B,LinkedIn,,Actif,2026-06-29T00:15:34.476175,moyenne
BJ-20731505,Ferme SARL,Agriculture & Agroalimentaire,Tchaourou,+229 73 43 33 91,,fermesarl.bj,TPE (<10),B2C,LinkedIn,,Actif,2026-06-29T00:15:34.476187,moyenne
BJ-F5F9DF26,Production Transformation Ets,Agriculture & Agroalimentaire,Tchaourou,+229 82 55 59 17,production.transformation.ets@production.transformation.ets.net,,PME (50-200),B2B,LinkedIn,,Actif,2026-06-29T00:15:34.476210,moyenne
BJ-4A546811,Production Ferme,Agriculture & Agroalimentaire,Nikki,+229 41 73 34 77,production.ferme@production.ferme.benin,,PME (10-50),B2B,LinkedIn,,Actif,2026-06-29T00:15:34.476227,moyenne
BJ-F353149E,Groupe Industrie Plantation,Agriculture & Agroalimentaire,Nikki,+229 92 22 30 64,,groupeindustrieplantation.bj,PME (10-50),B2C,LinkedIn,,Actif,2026-06-29T00:15:34.476257,moyenne
BJ-F5F95970,SARL Plantation Africa,Agriculture & Agroalimentaire,Nikki,+229 23 38 85 23,,,PME (50-200),B2B,LinkedIn,,Actif,2026-06-29T00:15:34.476295,basse
BJ-46B49610,Transformation Groupe Bembéréké,Agriculture & Agroalimentaire,Bembéréké,+229 66 90 13 16,transformation.groupe.bembéréké@transformation.groupe.bembéréké.benin,transformationgroupebembéréké.bj,Grande (>200),B2C,LinkedIn,,Actif,2026-06-29T00:15:34.476324,haute
BJ-C5286A16,Ets Pêche,Agriculture & Agroalimentaire,Bembéréké,+229 38 54 88 79,,,TPE (<10),B2C,LinkedIn,,Actif,2026-06-29T00:15:34.476337,basse
BJ-84841020,Ferme Transformation SARL Bembéréké,Agriculture & Agroalimentaire,Bembéréké,+229 29 83 68 28,ferme.transformation.sarl.bembéréké@ferme.transformation.sarl.bembéréké.net,,TPE (<10),B2B,LinkedIn,,Actif,2026-06-29T00:15:34.476350,moyenne
BJ-BA2D615D,Industrie Bembéréké,Agriculture & Agroalimentaire,Bembéréké,+229 32 20 55 67,industrie.bembéréké@industrie.bembéréké.bj,,TPE (<10),B2C,LinkedIn,,Actif,2026-06-29T00:15:34.476373,moyenne
BJ-22EFD9EB,Agro Céréale,Agriculture & Agroalimentaire,Kalalé,+229 64 61 13 17,,agrocéréale.bj,TPE (<10),B2B,LinkedIn,,Actif,2026-06-29T00:15:34.476391,moyenne
BJ-64F6602A,Ferme Agro,Agriculture & Agroalimentaire,Kalalé,+229 46 94 80 27,,,TPE (<10),B2C,LinkedIn,,Actif,2026-06-29T00:15:34.476401,basse
BJ-7FF77661,Groupe Légume,Agriculture & Agroalimentaire,Kalalé,+229 67 94 15 34,,,PME (10-50),B2C,LinkedIn,,Actif,2026-06-29T00:15:34.476411,basse
BJ-32692942,Fruit Ets,Agriculture & Agroalimentaire,Kalalé,+229 55 67 43 15,fruit.ets@fruit.ets.com,,PME (10-50),B2C,LinkedIn,,Actif,2026-06-29T00:15:34.476422,moyenne
BJ-42647673,Ferme Fruit,Agriculture & Agroalimentaire,Kalalé,+229 99 69 47 68,,,TPE (<10),B2C,LinkedIn,,Actif,2026-06-29T00:15:34.476431,basse
BJ-28F64A03,Ferme Africa Ndali,Agriculture & Agroalimentaire,Ndali,+229 68 81 30 99,,,Grande (>200),B2B,LinkedIn,,Actif,2026-06-29T00:15:34.476451,basse
BJ-389C5ED2,Groupe Plantation,Agriculture & Agroalimentaire,Ndali,+229 34 89 66 10,,groupeplantation.bj,TPE (<10),B2B,LinkedIn,,Actif,2026-06-29T00:15:34.476482,moyenne
BJ-C569A915,Production Fruit Farm,Agriculture & Agroalimentaire,Ndali,+229 35 20 43 28,production.fruit.farm@production.fruit.farm.net,productionfruitfarm.bj,PME (10-50),B2C,LinkedIn,,Actif,2026-06-29T00:15:34.476501,haute
BJ-B9982624,Fruit Agro,Agriculture & Agroalimentaire,Ndali,+229 65 69 62 81,fruit.agro@fruit.agro.net,,TPE (<10),B2C,LinkedIn,,Actif,2026-06-29T00:15:34.476530,moyenne
BJ-4394800D,Ferme Pêche Ségbana,Agriculture & Agroalimentaire,Ségbana,+229 54 39 81 65,ferme.pêche.ségbana@ferme.pêche.ségbana.org,fermepêcheségbana.bj,PME (10-50),B2C,LinkedIn,,Actif,2026-06-29T00:15:34.476558,haute
BJ-1A20D3C7,Ferme Industrie Ets,Agriculture & Agroalimentaire,Ségbana,+229 46 30 10 26,ferme.industrie.ets@ferme.industrie.ets.com,fermeindustrieets.bj,PME (50-200),B2B,LinkedIn,,Actif,2026-06-29T00:15:34.476570,haute
BJ-92632C14,Bétail Bénin,Agriculture & Agroalimentaire,Ségbana,+229 45 58 68 18,,bétailbénin.bj,PME (50-200),B2B,LinkedIn,,Actif,2026-06-29T00:15:34.476581,moyenne
BJ-ABA274FD,Plantation Agro SARL,Agriculture & Agroalimentaire,Ségbana,+229 57 93 95 62,,,PME (10-50),B2C,LinkedIn,,Actif,2026-06-29T00:15:34.476591,basse
BJ-B438AE37,Production Alimentaire Plantation,Agriculture & Agroalimentaire,Ségbana,+229 86 88 31 77,production.alimentaire.plantation@production.alimentaire.plantation.org,productionalimentaireplantation.bj,TPE (<10),B2B,LinkedIn,,Actif,2026-06-29T00:15:34.476603,haute
BJ-77469E15,Ets Industrie,Agriculture & Agroalimentaire,Tchaourou,+229 65 99 20 86,ets.industrie@ets.industrie.bj,,PME (10-50),B2B,LinkedIn,,Actif,2026-06-29T00:15:34.476658,moyenne
BJ-A3C83CA0,Fruit SARL,Agriculture & Agroalimentaire,Tchaourou,+229 29 27 25 46,,fruitsarl.bj,TPE (<10),B2B,LinkedIn,,Actif,2026-06-29T00:15:34.476668,moyenne
BJ-C1327E85,Aquaculture Bétérou,Agriculture & Agroalimentaire,Bétérou,+229 98 54 18 22,,aquaculturebétérou.bj,PME (50-200),B2B,LinkedIn,,Actif,2026-06-29T00:15:34.476685,moyenne
BJ-B06FAA53,Groupe Pêche Groupe,Agriculture & Agroalimentaire,Bétérou,+229 54 83 81 72,,,PME (50-200),B2B,LinkedIn,,Actif,2026-06-29T00:15:34.476696,basse
BJ-51052C37,Plantation Agro,Agriculture & Agroalimentaire,Bétérou,+229 65 10 25 54,,,PME (10-50),B2C,LinkedIn,,Actif,2026-06-29T00:15:34.476705,basse
BJ-312F3EEB,Agriculture Farm Bétérou,Agriculture & Agroalimentaire,Bétérou,+229 65 19 68 28,,agriculturefarmbétérou.bj,PME (10-50),B2B,LinkedIn,,Actif,2026-06-29T00:15:34.476720,moyenne
BJ-29088B82,SARL Alimentaire,Agriculture & Agroalimentaire,Bétérou,+229 61 46 40 77,,sarlalimentaire.bj,PME (50-200),B2B,LinkedIn,,Actif,2026-06-29T00:15:34.476734,moyenne
BJ-F21C6F30,Céréale Bénin,Agriculture & Agroalimentaire,Ouessè,+229 74 88 25 50,,,TPE (<10),B2B,LinkedIn,,Actif,2026-06-29T00:15:34.476776,basse
BJ-6568EC7A,Agro Pêche,Agriculture & Agroalimentaire,Ouessè,+229 65 41 35 26,agro.pêche@agro.pêche.bj,agropêche.bj,PME (10-50),B2B,LinkedIn,,Actif,2026-06-29T00:15:34.476799,haute
BJ-09FF6235,Transformation,Agriculture & Agroalimentaire,Glazoué,+229 97 57 75 32,,transformation.bj,Grande (>200),B2B,LinkedIn,,Actif,2026-06-29T00:15:34.476815,moyenne
BJ-71CE7AB2,Ets Bétail,Agriculture & Agroalimentaire,Glazoué,+229 71 87 53 26,,,TPE (<10),B2B,LinkedIn,,Actif,2026-06-29T00:15:34.476827,basse
BJ-79ADDCE9,Ferme Légume Ets,Agriculture & Agroalimentaire,Glazoué,+229 92 96 39 68,ferme.légume.ets@ferme.légume.ets.net,fermelégumeets.bj,PME (10-50),B2B,LinkedIn,,Actif,2026-06-29T00:15:34.476839,haute
BJ-6E502746,Ferme Fruit,Agriculture & Agroalimentaire,Glazoué,+229 21 15 58 94,ferme.fruit@ferme.fruit.bj,,TPE (<10),B2C,LinkedIn,,Actif,2026-06-29T00:15:34.476850,moyenne
BJ-68B5CFE3,Ferme Agriculture,Agriculture & Agroalimentaire,Glazoué,+229 53 62 68 15,,,PME (50-200),B2C,LinkedIn,,Actif,2026-06-29T00:15:34.476860,basse
BJ-6D0A0C1E,Ferme Plantation,Agriculture & Agroalimentaire,Dassa-Zoumè,+229 40 70 33 68,,fermeplantation.bj,Grande (>200),B2C,LinkedIn,,Actif,2026-06-29T00:15:34.476875,moyenne
BJ-7C0D89E7,Bétail Africa,Agriculture & Agroalimentaire,Dassa-Zoumè,+229 68 49 20 43,,,TPE (<10),B2B,LinkedIn,,Actif,2026-06-29T00:15:34.476923,basse
BJ-B613AA56,Ets Élevage,Agriculture & Agroalimentaire,Savalou,+229 95 20 94 92,ets.élevage@ets.élevage.org,etsélevage.bj,PME (10-50),B2C,LinkedIn,,Actif,2026-06-29T00:15:34.476965,haute
BJ-C9C2AC07,Industrie Groupe Savalou,Agriculture & Agroalimentaire,Savalou,+229 76 48 62 63,industrie.groupe.savalou@industrie.groupe.savalou.net,,Grande (>200),B2C,LinkedIn,,Actif,2026-06-29T00:15:34.476980,moyenne
BJ-E46BEB14,Fruit Ets,Agriculture & Agroalimentaire,Savalou,+229 90 52 92 19,,,PME (10-50),B2B,LinkedIn,,Actif,2026-06-29T00:15:34.476990,basse
BJ-7D3588D6,Alimentaire Farm,Agriculture & Agroalimentaire,Savalou,+229 83 44 85 86,,,PME (50-200),B2B,LinkedIn,,Actif,2026-06-29T00:15:34.477014,basse
BJ-F596FCEA,Ferme Africa,Agriculture & Agroalimentaire,Bantè,+229 55 29 11 36,ferme.africa@ferme.africa.net,,PME (10-50),B2C,LinkedIn,,Actif,2026-06-29T00:15:34.477091,moyenne
BJ-FBD8C919,Production Légume Bantè,Agriculture & Agroalimentaire,Bantè,+229 34 40 22 10,,productionlégumebantè.bj,TPE (<10),B2C,LinkedIn,,Actif,2026-06-29T00:15:34.477108,moyenne
BJ-0B366470,Production Céréale,Agriculture & Agroalimentaire,Bantè,+229 50 17 95 72,,,PME (10-50),B2B,LinkedIn,,Actif,2026-06-29T00:15:34.477133,basse
BJ-4E839EFE,Fruit,Agriculture & Agroalimentaire,Bantè,+229 38 93 80 77,fruit@fruit.com,,PME (10-50),B2C,LinkedIn,,Actif,2026-06-29T00:15:34.477145,moyenne
BJ-F580DA40,Groupe Industrie Plantation,Agriculture & Agroalimentaire,Djougou,+229 46 70 66 59,groupe.industrie.plantation@groupe.industrie.plantation.org,,PME (50-200),B2B,LinkedIn,,Actif,2026-06-29T00:15:34.477182,moyenne
BJ-3DC3C9A5,Alimentaire Africa,Agriculture & Agroalimentaire,Djougou,+229 67 56 60 11,,,TPE (<10),B2C,LinkedIn,,Actif,2026-06-29T00:15:34.477192,basse
BJ-B6DEB5EC,Plantation Fruit SARL,Agriculture & Agroalimentaire,Djougou,+229 25 93 42 68,,plantationfruitsarl.bj,PME (10-50),B2C,LinkedIn,,Actif,2026-06-29T00:15:34.477203,moyenne
BJ-8BDF76C2,Agro Aquaculture SARL,Agriculture & Agroalimentaire,Djougou,+229 32 62 67 22,,agroaquaculturesarl.bj,TPE (<10),B2B,LinkedIn,,Actif,2026-06-29T00:15:34.477214,moyenne
BJ-EB217536,Ets Céréale Djougou,Agriculture & Agroalimentaire,Djougou,+229 52 44 55 73,,etscéréaledjougou.bj,TPE (<10),B2B,LinkedIn,,Actif,2026-06-29T00:15:34.477225,moyenne
BJ-A825BB21,Transformation Africa Ouèssè,Agriculture & Agroalimentaire,Ouèssè,+229 51 94 38 29,transformation.africa.ouèssè@transformation.africa.ouèssè.com,,PME (10-50),B2B,LinkedIn,,Actif,2026-06-29T00:15:34.477244,moyenne
BJ-5CB3A873,Légume Agro,Agriculture & Agroalimentaire,Ouèssè,+229 73 50 61 59,,légumeagro.bj,Grande (>200),B2C,LinkedIn,,Actif,2026-06-29T00:15:34.477258,moyenne
BJ-1CDCC747,Groupe Agro Agro,Agriculture & Agroalimentaire,Ouèssè,+229 77 94 24 78,groupe.agro.agro@groupe.agro.agro.net,groupeagroagro.bj,TPE (<10),B2B,LinkedIn,,Actif,2026-06-29T00:15:34.477273,haute
BJ-EFD80884,Production Élevage Agro,Agriculture & Agroalimentaire,Ouèssè,+229 50 73 76 45,production.élevage.agro@production.élevage.agro.bj,,PME (10-50),B2B,LinkedIn,,Actif,2026-06-29T00:15:34.477285,moyenne
BJ-91F4DB17,Pêche Groupe,Agriculture & Agroalimentaire,Ouèssè,+229 35 77 84 43,,pêchegroupe.bj,TPE (<10),B2B,LinkedIn,,Actif,2026-06-29T00:15:34.477295,moyenne
BJ-4CAB9BCD,Production Industrie Farm Bassila,Agriculture & Agroalimentaire,Bassila,+229 70 33 79 14,,,PME (10-50),B2B,LinkedIn,,Actif,2026-06-29T00:15:34.477311,basse
BJ-4BC2C3D4,Production Bétail Bénin,Agriculture & Agroalimentaire,Bassila,+229 22 45 53 66,,productionbétailbénin.bj,PME (50-200),B2B,LinkedIn,,Actif,2026-06-29T00:15:34.477323,moyenne
BJ-EDA1F411,Groupe Transformation SARL,Agriculture & Agroalimentaire,Bassila,+229 92 30 64 13,groupe.transformation.sarl@groupe.transformation.sarl.benin,,TPE (<10),B2B,LinkedIn,,Actif,2026-06-29T00:15:34.477333,moyenne
BJ-C4DFDA2A,Production Légume Bassila,Agriculture & Agroalimentaire,Bassila,+229 85 89 94 70,production.légume.bassila@production.légume.bassila.net,,TPE (<10),B2B,LinkedIn,,Actif,2026-06-29T00:15:34.477345,moyenne
BJ-77D49D2D,Plantation Plantation,Agriculture & Agroalimentaire,Bassila,+229 52 54 12 85,,,TPE (<10),B2B,LinkedIn,,Actif,2026-06-29T00:15:34.477355,basse
BJ-387FB928,Industrie Ets,Agriculture & Agroalimentaire,Pehunco,+229 29 90 54 96,,,PME (10-50),B2C,LinkedIn,,Actif,2026-06-29T00:15:34.477372,basse
BJ-46A92A35,Céréale SARL,Agriculture & Agroalimentaire,Pehunco,+229 42 44 97 31,,céréalesarl.bj,TPE (<10),B2C,LinkedIn,,Actif,2026-06-29T00:15:34.477397,moyenne
BJ-04E620A7,Fruit,Agriculture & Agroalimentaire,Pehunco,+229 83 42 94 73,,,Grande (>200),B2C,LinkedIn,,Actif,2026-06-29T00:15:34.477407,basse
BJ-E087F2BA,Ferme Aquaculture Agro Copargo,Agriculture & Agroalimentaire,Copargo,+229 47 48 15 18,ferme.aquaculture.agro.copargo@ferme.aquaculture.agro.copargo.org,,TPE (<10),B2B,LinkedIn,,Actif,2026-06-29T00:15:34.477433,moyenne
BJ-22EB77E6,Agriculture,Agriculture & Agroalimentaire,Copargo,+229 72 53 98 97,,,TPE (<10),B2C,LinkedIn,,Actif,2026-06-29T00:15:34.477447,basse
BJ-A5DFF164,Agro Industrie,Agriculture & Agroalimentaire,Copargo,+229 80 71 93 19,agro.industrie@agro.industrie.benin,agroindustrie.bj,TPE (<10),B2C,LinkedIn,,Actif,2026-06-29T00:15:34.477469,haute
BJ-939709D1,Ferme Fruit Bénin Copargo,Agriculture & Agroalimentaire,Copargo,+229 22 35 44 70,ferme.fruit.bénin.copargo@ferme.fruit.bénin.copargo.bj,,PME (10-50),B2C,LinkedIn,,Actif,2026-06-29T00:15:34.477480,moyenne
BJ-6FFCC898,Collège Protestant,Éducation & Formation,Cotonou,+229 31 85 12 57,,,Grande (>200),B2B,LinkedIn,,Actif,2026-06-29T00:15:34.477497,basse
BJ-FC7E804A,École International Cotonou,Éducation & Formation,Cotonou,+229 37 26 73 11,école.international.cotonou@école.international.cotonou.benin,,TPE (<10),B2C,LinkedIn,,Actif,2026-06-29T00:15:34.477526,moyenne
BJ-F4A9C6FB,Collège Privé School,Éducation & Formation,Cotonou,+229 73 77 66 23,collège.privé.school@collège.privé.school.org,collègeprivéschool.bj,TPE (<10),B2C,LinkedIn,,Actif,2026-06-29T00:15:34.477539,haute
BJ-2CB7B485,Centre Connaissance Institute,Éducation & Formation,Abomey-Calavi,+229 33 36 34 24,centre.connaissance.institute@centre.connaissance.institute.bj,centreconnaissanceinstitute.bj,PME (50-200),B2B,LinkedIn,,Actif,2026-06-29T00:15:34.477567,haute
BJ-7A9B1926,Académie Excellence,Éducation & Formation,Abomey-Calavi,+229 62 16 81 27,académie.excellence@académie.excellence.net,académieexcellence.bj,PME (10-50),B2C,LinkedIn,,Actif,2026-06-29T00:15:34.477580,haute
BJ-2D7FDEC6,Centre Formation Lycée,Éducation & Formation,Abomey-Calavi,+229 31 53 86 11,,,TPE (<10),B2B,LinkedIn,,Actif,2026-06-29T00:15:34.477601,basse
BJ-0EA8D3D2,Centre Liberté Abomey-Calavi,Éducation & Formation,Abomey-Calavi,+229 39 37 88 94,centre.liberté.abomeycalavi@centre.liberté.abomeycalavi.org,centrelibertéabomeycalavi.bj,PME (10-50),B2C,LinkedIn,,Actif,2026-06-29T00:15:34.477617,haute
BJ-95B40098,Collège Savoir Lycée,Éducation & Formation,Porto-Novo,+229 66 96 38 89,collège.savoir.lycée@collège.savoir.lycée.com,collègesavoirlycée.bj,PME (50-200),B2C,LinkedIn,,Actif,2026-06-29T00:15:34.477635,haute
BJ-F4B7A5C1,Lycée International College,Éducation & Formation,Porto-Novo,+229 69 54 43 11,lycée.international.college@lycée.international.college.com,,PME (10-50),B2B,LinkedIn,,Actif,2026-06-29T00:15:34.477667,moyenne
BJ-7A91D568,Collège Protestant École Porto-Novo,Éducation & Formation,Porto-Novo,+229 60 49 91 13,collège.protestant.école.portonovo@collège.protestant.école.portonovo.net,collègeprotestantécoleportonovo.bj,TPE (<10),B2C,LinkedIn,,Actif,2026-06-29T00:15:34.477722,haute
BJ-1285683F,International University,Éducation & Formation,Parakou,+229 81 67 81 13,,internationaluniversity.bj,PME (10-50),B2C,LinkedIn,,Actif,2026-06-29T00:15:34.477739,moyenne
BJ-56CBA76A,Collège Liberté Bénin,Éducation & Formation,Parakou,+229 89 22 14 58,,,PME (50-200),B2B,LinkedIn,,Actif,2026-06-29T00:15:34.477774,basse
BJ-F308D9BC,Institut Développement,Éducation & Formation,Parakou,+229 45 76 66 64,institut.développement@institut.développement.com,institutdéveloppement.bj,TPE (<10),B2B,LinkedIn,,Actif,2026-06-29T00:15:34.477786,haute
BJ-F24908E1,Université Liberté,Éducation & Formation,Parakou,+229 80 44 61 88,université.liberté@université.liberté.benin,universitéliberté.bj,PME (50-200),B2C,LinkedIn,,Actif,2026-06-29T00:15:34.477802,haute
BJ-A5E45675,Institut Éducation College,Éducation & Formation,Bohicon,+229 35 74 43 34,institut.éducation.college@institut.éducation.college.benin,institutéducationcollege.bj,TPE (<10),B2C,LinkedIn,,Actif,2026-06-29T00:15:34.477821,haute
BJ-3167C1DB,International University,Éducation & Formation,Bohicon,+229 87 14 50 25,,internationaluniversity.bj,PME (10-50),B2B,LinkedIn,,Actif,2026-06-29T00:15:34.477837,moyenne
BJ-4807013A,Liberté,Éducation & Formation,Bohicon,+229 63 74 24 63,,,TPE (<10),B2B,LinkedIn,,Actif,2026-06-29T00:15:34.477848,basse
BJ-C69C938C,Éducation École Bohicon,Éducation & Formation,Bohicon,+229 59 88 83 82,,éducationécolebohicon.bj,PME (50-200),B2B,LinkedIn,,Actif,2026-06-29T00:15:34.477859,moyenne
BJ-B54E473F,Formation Bohicon,Éducation & Formation,Bohicon,+229 20 86 71 11,formation.bohicon@formation.bohicon.bj,formationbohicon.bj,TPE (<10),B2C,LinkedIn,,Actif,2026-06-29T00:15:34.477871,haute
BJ-3C767A2D,Centre Public Bénin,Éducation & Formation,Natitingou,+229 63 49 81 11,centre.public.bénin@centre.public.bénin.org,centrepublicbénin.bj,PME (10-50),B2B,LinkedIn,,Actif,2026-06-29T00:15:34.477927,haute
BJ-06869D2A,Apprentissage École,Éducation & Formation,Natitingou,+229 86 26 64 66,,apprentissageécole.bj,PME (10-50),B2B,LinkedIn,,Actif,2026-06-29T00:15:34.477954,moyenne
BJ-9060A892,Public University,Éducation & Formation,Natitingou,+229 34 48 82 52,public.university@public.university.org,,PME (10-50),B2B,LinkedIn,,Actif,2026-06-29T00:15:34.477965,moyenne
BJ-D3E2893F,Institut Liberté Lycée,Éducation & Formation,Natitingou,+229 56 72 25 16,institut.liberté.lycée@institut.liberté.lycée.benin,institutlibertélycée.bj,PME (10-50),B2C,LinkedIn,,Actif,2026-06-29T00:15:34.477977,haute
BJ-6F62B752,Lycée International Lokossa,Éducation & Formation,Lokossa,+229 50 58 12 66,lycée.international.lokossa@lycée.international.lokossa.benin,,PME (50-200),B2C,LinkedIn,,Actif,2026-06-29T00:15:34.477995,moyenne
BJ-335B5FDC,Protestant,Éducation & Formation,Lokossa,+229 99 70 12 70,protestant@protestant.org,,TPE (<10),B2C,LinkedIn,,Actif,2026-06-29T00:15:34.478022,moyenne
BJ-81AC2ED5,Institut Formation,Éducation & Formation,Lokossa,+229 92 37 96 30,,institutformation.bj,TPE (<10),B2C,LinkedIn,,Actif,2026-06-29T00:15:34.478044,moyenne
BJ-8BD11B76,Lycée International,Éducation & Formation,Ouidah,+229 97 33 51 99,lycée.international@lycée.international.com,lycéeinternational.bj,TPE (<10),B2C,LinkedIn,,Actif,2026-06-29T00:15:34.478061,haute
BJ-94143BFE,École Protestant Ouidah,Éducation & Formation,Ouidah,+229 79 77 34 63,école.protestant.ouidah@école.protestant.ouidah.benin,écoleprotestantouidah.bj,TPE (<10),B2C,LinkedIn,,Actif,2026-06-29T00:15:34.478075,haute
BJ-C8804A14,Académie Public,Éducation & Formation,Ouidah,+229 82 51 64 57,,,PME (10-50),B2C,LinkedIn,,Actif,2026-06-29T00:15:34.478085,basse
BJ-80B7968A,Institut Catholique,Éducation & Formation,Ouidah,+229 49 91 98 29,,,TPE (<10),B2B,LinkedIn,,Actif,2026-06-29T00:15:34.478098,basse
BJ-7C4ACC72,Lycée Public Institute,Éducation & Formation,Ouidah,+229 92 64 45 71,,lycéepublicinstitute.bj,PME (10-50),B2C,LinkedIn,,Actif,2026-06-29T00:15:34.478109,moyenne
BJ-5B2277D3,Université Éducation,Éducation & Formation,Savalou,+229 81 78 33 99,université.éducation@université.éducation.net,universitééducation.bj,TPE (<10),B2C,LinkedIn,,Actif,2026-06-29T00:15:34.478127,haute
BJ-4E3C33F6,Connaissance Lycée,Éducation & Formation,Savalou,+229 37 45 95 51,,connaissancelycée.bj,Grande (>200),B2C,LinkedIn,,Actif,2026-06-29T00:15:34.478143,moyenne
BJ-11628192,Académie Apprentissage École,Éducation & Formation,Savalou,+229 40 88 74 57,académie.apprentissage.école@académie.apprentissage.école.org,académieapprentissageécole.bj,TPE (<10),B2B,LinkedIn,,Actif,2026-06-29T00:15:34.478156,haute
BJ-6B2026F7,Formation École,Éducation & Formation,Savalou,+229 49 92 71 88,formation.école@formation.école.org,formationécole.bj,PME (10-50),B2B,LinkedIn,,Actif,2026-06-29T00:15:34.478168,haute
BJ-CE0E159A,Privé School,Éducation & Formation,Savalou,+229 28 38 58 27,,,PME (10-50),B2B,LinkedIn,,Actif,2026-06-29T00:15:34.478178,basse
BJ-1F42B47C,Apprentissage Dassa-Zoumè,Éducation & Formation,Dassa-Zoumè,+229 81 53 46 28,apprentissage.dassazoumè@apprentissage.dassazoumè.bj,apprentissagedassazoumè.bj,TPE (<10),B2C,LinkedIn,,Actif,2026-06-29T00:15:34.478195,haute
BJ-1AEC4E69,Connaissance School,Éducation & Formation,Dassa-Zoumè,+229 32 17 77 73,connaissance.school@connaissance.school.org,connaissanceschool.bj,PME (50-200),B2C,LinkedIn,,Actif,2026-06-29T00:15:34.478208,haute
BJ-F34A3D50,Collège Catholique École,Éducation & Formation,Dassa-Zoumè,+229 54 19 56 35,,,TPE (<10),B2C,LinkedIn,,Actif,2026-06-29T00:15:34.478218,basse
BJ-29722638,Centre Développement,Éducation & Formation,Dassa-Zoumè,+229 58 24 38 36,centre.développement@centre.développement.com,,PME (10-50),B2B,LinkedIn,,Actif,2026-06-29T00:15:34.478241,moyenne
BJ-927D05BB,Centre Formation Kétou,Éducation & Formation,Kétou,+229 27 47 42 21,centre.formation.kétou@centre.formation.kétou.com,centreformationkétou.bj,PME (50-200),B2C,LinkedIn,,Actif,2026-06-29T00:15:34.478258,haute
BJ-3126D04F,Académie Liberté Institute,Éducation & Formation,Kétou,+229 79 23 20 30,académie.liberté.institute@académie.liberté.institute.com,académielibertéinstitute.bj,PME (50-200),B2C,LinkedIn,,Actif,2026-06-29T00:15:34.478274,haute
BJ-FE5FAF70,Université Public,Éducation & Formation,Kétou,+229 50 72 88 39,université.public@université.public.benin,universitépublic.bj,PME (50-200),B2C,LinkedIn,,Actif,2026-06-29T00:15:34.478286,haute
BJ-A3DB3565,Apprentissage College,Éducation & Formation,Kétou,+229 70 66 46 68,apprentissage.college@apprentissage.college.net,apprentissagecollege.bj,PME (10-50),B2C,LinkedIn,,Actif,2026-06-29T00:15:34.478298,haute
BJ-91D0418E,École Apprentissage University,Éducation & Formation,Kétou,+229 67 76 45 59,école.apprentissage.university@école.apprentissage.university.com,,PME (50-200),B2C,LinkedIn,,Actif,2026-06-29T00:15:34.478310,moyenne
BJ-1B2DA9E8,Lycée Public,Éducation & Formation,Covè,+229 83 98 56 83,lycée.public@lycée.public.net,lycéepublic.bj,PME (50-200),B2C,LinkedIn,,Actif,2026-06-29T00:15:34.478339,haute
BJ-CBBCDB13,Public Bénin,Éducation & Formation,Covè,+229 33 55 11 28,public.bénin@public.bénin.bj,,TPE (<10),B2C,LinkedIn,,Actif,2026-06-29T00:15:34.478352,moyenne
BJ-7AD95C76,National School,Éducation & Formation,Covè,+229 25 25 18 54,national.school@national.school.net,nationalschool.bj,Grande (>200),B2B,LinkedIn,,Actif,2026-06-29T00:15:34.478364,haute
BJ-46736E70,Collège National,Éducation & Formation,Covè,+229 85 68 74 68,,collègenational.bj,TPE (<10),B2B,LinkedIn,,Actif,2026-06-29T00:15:34.478375,moyenne
BJ-8F37C198,Connaissance Bénin,Éducation & Formation,Pobè,+229 90 12 34 70,connaissance.bénin@connaissance.bénin.org,,PME (50-200),B2C,LinkedIn,,Actif,2026-06-29T00:15:34.478392,moyenne
BJ-20CAC2D5,Collège Excellence Lycée,Éducation & Formation,Pobè,+229 64 33 58 36,collège.excellence.lycée@collège.excellence.lycée.net,collègeexcellencelycée.bj,PME (50-200),B2C,LinkedIn,,Actif,2026-06-29T00:15:34.478407,haute
BJ-C7E030DE,Centre Savoir Institute,Éducation & Formation,Pobè,+229 52 29 11 73,centre.savoir.institute@centre.savoir.institute.net,centresavoirinstitute.bj,TPE (<10),B2C,LinkedIn,,Actif,2026-06-29T00:15:34.478420,haute
BJ-120D7360,École Savoir Pobè,Éducation & Formation,Pobè,+229 74 93 44 46,école.savoir.pobè@école.savoir.pobè.benin,,PME (50-200),B2B,LinkedIn,,Actif,2026-06-29T00:15:34.478431,moyenne
BJ-B2E75565,Académie Savoir,Éducation & Formation,Pobè,+229 74 71 45 38,académie.savoir@académie.savoir.benin,académiesavoir.bj,TPE (<10),B2B,LinkedIn,,Actif,2026-06-29T00:15:34.478443,haute
BJ-2B43805B,Collège Formation University,Éducation & Formation,Sakété,+229 84 99 27 81,,,PME (10-50),B2B,LinkedIn,,Actif,2026-06-29T00:15:34.478461,basse
BJ-28763EC9,National Bénin,Éducation & Formation,Sakété,+229 24 29 89 29,national.bénin@national.bénin.bj,nationalbénin.bj,PME (10-50),B2B,LinkedIn,,Actif,2026-06-29T00:15:34.478488,haute
BJ-8EFD1D00,Formation College,Éducation & Formation,Sakété,+229 26 42 28 68,,formationcollege.bj,PME (50-200),B2B,LinkedIn,,Actif,2026-06-29T00:15:34.478498,moyenne
BJ-BF674021,École Protestant Institute,Éducation & Formation,Sakété,+229 44 98 10 47,école.protestant.institute@école.protestant.institute.benin,écoleprotestantinstitute.bj,TPE (<10),B2B,LinkedIn,,Actif,2026-06-29T00:15:34.478511,haute
BJ-59492D99,École Public School,Éducation & Formation,Adjara,+229 96 98 14 94,,écolepublicschool.bj,PME (10-50),B2B,LinkedIn,,Actif,2026-06-29T00:15:34.478527,moyenne
BJ-A413F440,Institut National University,Éducation & Formation,Adjara,+229 69 15 12 44,institut.national.university@institut.national.university.org,,TPE (<10),B2B,LinkedIn,,Actif,2026-06-29T00:15:34.478545,moyenne
BJ-0C6E135F,Public École,Éducation & Formation,Adjara,+229 42 47 86 81,public.école@public.école.net,publicécole.bj,Grande (>200),B2B,LinkedIn,,Actif,2026-06-29T00:15:34.478557,haute
BJ-BC4D0B39,Protestant Adjara,Éducation & Formation,Adjara,+229 42 15 75 74,protestant.adjara@protestant.adjara.com,protestantadjara.bj,Grande (>200),B2C,LinkedIn,,Actif,2026-06-29T00:15:34.478569,haute
BJ-6752312E,École International École Adjara,Éducation & Formation,Adjara,+229 34 47 26 27,,,PME (10-50),B2C,LinkedIn,,Actif,2026-06-29T00:15:34.478582,basse
BJ-A71DFF31,Centre Liberté School,Éducation & Formation,Allada,+229 93 12 51 81,centre.liberté.school@centre.liberté.school.net,centrelibertéschool.bj,PME (10-50),B2B,LinkedIn,,Actif,2026-06-29T00:15:34.478600,haute
BJ-03310879,Lycée Savoir,Éducation & Formation,Allada,+229 94 42 58 85,,lycéesavoir.bj,PME (10-50),B2C,LinkedIn,,Actif,2026-06-29T00:15:34.478611,moyenne
BJ-C7BAECB8,Savoir Institute,Éducation & Formation,Allada,+229 74 52 90 82,savoir.institute@savoir.institute.bj,savoirinstitute.bj,PME (50-200),B2C,LinkedIn,,Actif,2026-06-29T00:15:34.478622,haute
BJ-F97219D3,Éducation College,Éducation & Formation,Allada,+229 53 83 61 82,éducation.college@éducation.college.bj,,PME (10-50),B2B,LinkedIn,,Actif,2026-06-29T00:15:34.478634,moyenne
BJ-06CCDA52,Institut Privé University,Éducation & Formation,Allada,+229 20 69 94 30,institut.privé.university@institut.privé.university.bj,institutprivéuniversity.bj,PME (10-50),B2C,LinkedIn,,Actif,2026-06-29T00:15:34.478646,haute
BJ-993BF6F8,Formation University Aplahoué,Éducation & Formation,Aplahoué,+229 81 36 93 25,formation.university.aplahoué@formation.university.aplahoué.benin,formationuniversityaplahoué.bj,PME (50-200),B2B,LinkedIn,,Actif,2026-06-29T00:15:34.478663,haute
BJ-B33DAC69,Institut International,Éducation & Formation,Aplahoué,+229 21 67 87 52,institut.international@institut.international.net,institutinternational.bj,PME (50-200),B2C,LinkedIn,,Actif,2026-06-29T00:15:34.478680,haute
BJ-2304E528,École Éducation,Éducation & Formation,Aplahoué,+229 86 51 33 11,école.éducation@école.éducation.benin,écoleéducation.bj,TPE (<10),B2B,LinkedIn,,Actif,2026-06-29T00:15:34.478693,haute
BJ-1C9F2204,Formation Aplahoué,Éducation & Formation,Aplahoué,+229 57 37 94 89,formation.aplahoué@formation.aplahoué.org,,PME (10-50),B2C,LinkedIn,,Actif,2026-06-29T00:15:34.478704,moyenne
BJ-F4C29622,Académie Éducation,Éducation & Formation,Aplahoué,+229 79 85 51 73,académie.éducation@académie.éducation.com,académieéducation.bj,TPE (<10),B2B,LinkedIn,,Actif,2026-06-29T00:15:34.478716,haute
BJ-8818A969,Protestant,Éducation & Formation,Dogbo-Tota,+229 33 63 25 74,protestant@protestant.benin,protestant.bj,Grande (>200),B2B,LinkedIn,,Actif,2026-06-29T00:15:34.478735,haute
BJ-AFBEB38A,International École,Éducation & Formation,Dogbo-Tota,+229 48 97 60 73,,,PME (50-200),B2B,LinkedIn,,Actif,2026-06-29T00:15:34.478747,basse
BJ-8224955C,Privé Lycée,Éducation & Formation,Dogbo-Tota,+229 48 82 38 22,privé.lycée@privé.lycée.com,,PME (10-50),B2B,LinkedIn,,Actif,2026-06-29T00:15:34.478761,moyenne
BJ-F77F750A,Académie Protestant Institute,Éducation & Formation,Dogbo-Tota,+229 40 45 66 14,académie.protestant.institute@académie.protestant.institute.org,,PME (50-200),B2B,LinkedIn,,Actif,2026-06-29T00:15:34.478774,moyenne
BJ-97F67747,Académie Public,Éducation & Formation,Dogbo-Tota,+229 26 31 11 13,académie.public@académie.public.benin,académiepublic.bj,PME (10-50),B2C,LinkedIn,,Actif,2026-06-29T00:15:34.478786,haute
BJ-296D1E97,Apprentissage School,Éducation & Formation,Kpomassè,+229 65 34 73 98,,apprentissageschool.bj,PME (50-200),B2C,LinkedIn,,Actif,2026-06-29T00:15:34.478848,moyenne
BJ-03A5056C,Public,Éducation & Formation,Kpomassè,+229 62 19 85 36,,public.bj,TPE (<10),B2C,LinkedIn,,Actif,2026-06-29T00:15:34.478863,moyenne
BJ-E1E22543,Privé University,Éducation & Formation,Tori-Bossito,+229 51 14 19 24,,privéuniversity.bj,PME (10-50),B2C,LinkedIn,,Actif,2026-06-29T00:15:34.478898,moyenne
BJ-CA9C99EA,Liberté Academy Tori-Bossito,Éducation & Formation,Tori-Bossito,+229 25 82 61 14,liberté.academy.toribossito@liberté.academy.toribossito.com,libertéacademytoribossito.bj,PME (10-50),B2B,LinkedIn,,Actif,2026-06-29T00:15:34.478932,haute
BJ-17205BEA,Institut Liberté Bénin Tori-Bossito,Éducation & Formation,Tori-Bossito,+229 92 30 87 16,,,TPE (<10),B2B,LinkedIn,,Actif,2026-06-29T00:15:34.478953,basse
BJ-662A3FA1,Collège Formation Tori-Bossito,Éducation & Formation,Tori-Bossito,+229 24 58 30 69,collège.formation.toribossito@collège.formation.toribossito.org,collègeformationtoribossito.bj,Grande (>200),B2C,LinkedIn,,Actif,2026-06-29T00:15:34.478966,haute
BJ-6194FBBC,Savoir,Éducation & Formation,Grand-Popo,+229 90 62 90 85,savoir@savoir.com,,PME (10-50),B2C,LinkedIn,,Actif,2026-06-29T00:15:34.478982,moyenne
BJ-CBE9EE1D,National Bénin Grand-Popo,Éducation & Formation,Grand-Popo,+229 64 51 32 24,national.bénin.grandpopo@national.bénin.grandpopo.com,nationalbéningrandpopo.bj,PME (50-200),B2C,LinkedIn,,Actif,2026-06-29T00:15:34.478998,haute
BJ-60D7B8BC,Lycée International,Éducation & Formation,Grand-Popo,+229 43 17 92 48,,,PME (10-50),B2C,LinkedIn,,Actif,2026-06-29T00:15:34.479019,basse
BJ-916F9633,Public Institute Athiémé,Éducation & Formation,Athiémé,+229 77 12 18 30,,publicinstituteathiémé.bj,TPE (<10),B2C,LinkedIn,,Actif,2026-06-29T00:15:34.479047,moyenne
BJ-4DA9D082,Institut Public,Éducation & Formation,Athiémé,+229 55 95 96 13,institut.public@institut.public.bj,institutpublic.bj,TPE (<10),B2C,LinkedIn,,Actif,2026-06-29T00:15:34.479060,haute
BJ-9F5A2775,Collège Catholique,Éducation & Formation,Athiémé,+229 94 60 11 26,collège.catholique@collège.catholique.benin,,TPE (<10),B2B,LinkedIn,,Actif,2026-06-29T00:15:34.479071,moyenne
BJ-ED2A0E09,Formation,Éducation & Formation,Athiémé,+229 25 25 82 11,formation@formation.net,formation.bj,PME (50-200),B2B,LinkedIn,,Actif,2026-06-29T00:15:34.479082,haute
BJ-05225741,École Développement University,Éducation & Formation,Athiémé,+229 42 50 86 83,école.développement.university@école.développement.university.benin,écoledéveloppementuniversity.bj,Grande (>200),B2B,LinkedIn,,Actif,2026-06-29T00:15:34.479094,haute
BJ-1F369F33,Université Connaissance College,Éducation & Formation,Bopa,+229 59 11 73 69,,universitéconnaissancecollege.bj,PME (10-50),B2B,LinkedIn,,Actif,2026-06-29T00:15:34.479114,moyenne
BJ-C268AE2E,Université Liberté,Éducation & Formation,Bopa,+229 70 26 89 11,université.liberté@université.liberté.bj,universitéliberté.bj,TPE (<10),B2C,LinkedIn,,Actif,2026-06-29T00:15:34.479129,haute
BJ-05EF9C9D,Lycée National Lycée,Éducation & Formation,Bopa,+229 87 22 65 13,lycée.national.lycée@lycée.national.lycée.bj,lycéenationallycée.bj,TPE (<10),B2B,LinkedIn,,Actif,2026-06-29T00:15:34.479153,haute
BJ-504894DA,Centre Apprentissage Academy,Éducation & Formation,Bopa,+229 67 89 67 65,centre.apprentissage.academy@centre.apprentissage.academy.net,,PME (10-50),B2C,LinkedIn,,Actif,2026-06-29T00:15:34.479168,moyenne
BJ-BFCB718D,École International University,Éducation & Formation,Houéyogbé,+229 63 53 20 78,école.international.university@école.international.university.bj,écoleinternationaluniversity.bj,Grande (>200),B2C,LinkedIn,,Actif,2026-06-29T00:15:34.479187,haute
BJ-6945C0D9,National École,Éducation & Formation,Houéyogbé,+229 57 47 87 35,national.école@national.école.benin,nationalécole.bj,PME (50-200),B2C,LinkedIn,,Actif,2026-06-29T00:15:34.479199,haute
BJ-05F06C4A,Privé Houéyogbé,Éducation & Formation,Houéyogbé,+229 30 66 14 64,privé.houéyogbé@privé.houéyogbé.com,,TPE (<10),B2B,LinkedIn,,Actif,2026-06-29T00:15:34.479210,moyenne
BJ-A51A454F,Collège Apprentissage École,Éducation & Formation,Houéyogbé,+229 46 90 40 24,collège.apprentissage.école@collège.apprentissage.école.bj,collègeapprentissageécole.bj,PME (10-50),B2C,LinkedIn,,Actif,2026-06-29T00:15:34.479223,haute
BJ-85040834,National,Éducation & Formation,Houéyogbé,+229 40 54 49 98,,national.bj,TPE (<10),B2B,LinkedIn,,Actif,2026-06-29T00:15:34.479233,moyenne
BJ-4A54AD3D,Université Connaissance,Éducation & Formation,Malanville,+229 28 99 97 22,université.connaissance@université.connaissance.com,,TPE (<10),B2C,LinkedIn,,Actif,2026-06-29T00:15:34.479250,moyenne
BJ-82792612,Institut Développement Bénin,Éducation & Formation,Malanville,+229 85 64 53 31,institut.développement.bénin@institut.développement.bénin.benin,,Grande (>200),B2B,LinkedIn,,Actif,2026-06-29T00:15:34.479265,moyenne
BJ-C5E36940,Collège Apprentissage,Éducation & Formation,Malanville,+229 55 99 66 18,collège.apprentissage@collège.apprentissage.bj,collègeapprentissage.bj,PME (50-200),B2B,LinkedIn,,Actif,2026-06-29T00:15:34.479277,haute
BJ-D801A503,École Catholique,Éducation & Formation,Malanville,+229 92 79 12 99,école.catholique@école.catholique.net,écolecatholique.bj,TPE (<10),B2C,LinkedIn,,Actif,2026-06-29T00:15:34.479289,haute
BJ-684F447E,École Public,Éducation & Formation,Malanville,+229 31 87 89 64,école.public@école.public.com,écolepublic.bj,PME (10-50),B2B,LinkedIn,,Actif,2026-06-29T00:15:34.479301,haute
BJ-879A4592,Lycée Formation,Éducation & Formation,Kandi,+229 84 97 33 32,lycée.formation@lycée.formation.bj,lycéeformation.bj,Grande (>200),B2C,LinkedIn,,Actif,2026-06-29T00:15:34.479330,haute
BJ-16FD43D1,Liberté,Éducation & Formation,Kandi,+229 83 37 27 56,liberté@liberté.bj,liberté.bj,PME (10-50),B2C,LinkedIn,,Actif,2026-06-29T00:15:34.479342,haute
BJ-246654E3,Catholique,Éducation & Formation,Kandi,+229 94 72 25 25,catholique@catholique.org,catholique.bj,TPE (<10),B2C,LinkedIn,,Actif,2026-06-29T00:15:34.479356,haute
BJ-3C9B9A8B,Protestant University,Éducation & Formation,Kandi,+229 83 82 17 97,protestant.university@protestant.university.bj,,PME (50-200),B2C,LinkedIn,,Actif,2026-06-29T00:15:34.479367,moyenne
BJ-B0F81DF1,École Éducation,Éducation & Formation,Banikoara,+229 78 57 11 26,école.éducation@école.éducation.org,écoleéducation.bj,PME (10-50),B2C,LinkedIn,,Actif,2026-06-29T00:15:34.479388,haute
BJ-70CFA9FF,Apprentissage École,Éducation & Formation,Banikoara,+229 91 64 70 87,apprentissage.école@apprentissage.école.benin,apprentissageécole.bj,PME (10-50),B2B,LinkedIn,,Actif,2026-06-29T00:15:34.479403,haute
BJ-FA6E3959,Excellence School,Éducation & Formation,Banikoara,+229 70 19 72 85,excellence.school@excellence.school.bj,excellenceschool.bj,TPE (<10),B2C,LinkedIn,,Actif,2026-06-29T00:15:34.479415,haute
BJ-BA2FB7F9,Formation School,Éducation & Formation,Banikoara,+229 28 10 86 88,formation.school@formation.school.bj,formationschool.bj,PME (50-200),B2B,LinkedIn,,Actif,2026-06-29T00:15:34.479436,haute
BJ-ADDB5350,Lycée Formation,Éducation & Formation,Ségbana,+229 22 12 81 67,lycée.formation@lycée.formation.benin,,PME (10-50),B2B,LinkedIn,,Actif,2026-06-29T00:15:34.479453,moyenne
BJ-6135BC62,Université Privé University Ségbana,Éducation & Formation,Ségbana,+229 82 77 21 44,université.privé.university.ségbana@université.privé.university.ségbana.com,,PME (50-200),B2C,LinkedIn,,Actif,2026-06-29T00:15:34.479491,moyenne
BJ-503652C6,Institut Liberté Bénin Ségbana,Éducation & Formation,Ségbana,+229 42 92 40 15,institut.liberté.bénin.ségbana@institut.liberté.bénin.ségbana.com,institutlibertébéninségbana.bj,Grande (>200),B2B,LinkedIn,,Actif,2026-06-29T00:15:34.479503,haute
BJ-317D4710,Protestant College,Éducation & Formation,Karimama,+229 44 12 52 35,,,TPE (<10),B2C,LinkedIn,,Actif,2026-06-29T00:15:34.479518,basse
BJ-2A9409A0,Privé School,Éducation & Formation,Karimama,+229 41 62 88 92,privé.school@privé.school.bj,,PME (50-200),B2B,LinkedIn,,Actif,2026-06-29T00:15:34.479534,moyenne
BJ-599E977F,National School Karimama,Éducation & Formation,Karimama,+229 79 32 89 24,,nationalschoolkarimama.bj,PME (10-50),B2C,LinkedIn,,Actif,2026-06-29T00:15:34.479545,moyenne
BJ-C45C47DC,Centre Connaissance,Éducation & Formation,Karimama,+229 94 29 17 52,,,PME (50-200),B2C,LinkedIn,,Actif,2026-06-29T00:15:34.479555,basse
BJ-3B60C470,Lycée International University,Éducation & Formation,Karimama,+229 30 10 65 19,,lycéeinternationaluniversity.bj,Grande (>200),B2B,LinkedIn,,Actif,2026-06-29T00:15:34.479566,moyenne
BJ-E29C4C4E,Académie Protestant Institute Gogounou,Éducation & Formation,Gogounou,+229 75 60 94 11,,académieprotestantinstitutegogounou.bj,TPE (<10),B2C,LinkedIn,,Actif,2026-06-29T00:15:34.479583,moyenne
BJ-51885196,Université Public,Éducation & Formation,Gogounou,+229 68 20 42 70,université.public@université.public.net,,PME (10-50),B2C,LinkedIn,,Actif,2026-06-29T00:15:34.479609,moyenne
BJ-0FB0D428,Institut Savoir,Éducation & Formation,Gogounou,+229 34 10 76 79,institut.savoir@institut.savoir.com,institutsavoir.bj,PME (10-50),B2C,LinkedIn,,Actif,2026-06-29T00:15:34.479620,haute
BJ-BC542111,Apprentissage Academy,Éducation & Formation,Gogounou,+229 93 15 31 11,apprentissage.academy@apprentissage.academy.org,apprentissageacademy.bj,PME (50-200),B2C,LinkedIn,,Actif,2026-06-29T00:15:34.479631,haute
BJ-2AD74A7E,Excellence,Éducation & Formation,Cobly,+229 71 58 91 72,excellence@excellence.bj,excellence.bj,PME (10-50),B2C,LinkedIn,,Actif,2026-06-29T00:15:34.479665,haute
BJ-ED56829F,International College,Éducation & Formation,Cobly,+229 37 49 25 99,international.college@international.college.benin,internationalcollege.bj,TPE (<10),B2C,LinkedIn,,Actif,2026-06-29T00:15:34.479694,haute
BJ-9EBCD89C,Collège Public College,Éducation & Formation,Cobly,+229 72 72 11 90,collège.public.college@collège.public.college.net,collègepubliccollege.bj,PME (10-50),B2B,LinkedIn,,Actif,2026-06-29T00:15:34.479706,haute
BJ-ACD40697,Collège Privé,Éducation & Formation,Cobly,+229 82 33 87 71,,collègeprivé.bj,PME (50-200),B2B,LinkedIn,,Actif,2026-06-29T00:15:34.479728,moyenne
BJ-6A614427,Institut Public School Tanguiéta,Éducation & Formation,Tanguiéta,+229 67 17 24 35,institut.public.school.tanguiéta@institut.public.school.tanguiéta.bj,institutpublicschooltanguiéta.bj,PME (50-200),B2B,LinkedIn,,Actif,2026-06-29T00:15:34.479747,haute
BJ-4C88C670,Protestant Academy,Éducation & Formation,Tanguiéta,+229 81 89 74 15,,protestantacademy.bj,PME (50-200),B2B,LinkedIn,,Actif,2026-06-29T00:15:34.479770,moyenne
BJ-5A6A3E68,Académie Développement College,Éducation & Formation,Tanguiéta,+229 43 60 79 10,académie.développement.college@académie.développement.college.org,académiedéveloppementcollege.bj,TPE (<10),B2B,LinkedIn,,Actif,2026-06-29T00:15:34.479782,haute
BJ-7211B7DD,Lycée Apprentissage Tanguiéta,Éducation & Formation,Tanguiéta,+229 77 73 88 44,,lycéeapprentissagetanguiéta.bj,PME (10-50),B2B,LinkedIn,,Actif,2026-06-29T00:15:34.479794,moyenne
BJ-C5887867,National École Matéri,Éducation & Formation,Matéri,+229 84 34 46 14,national.école.matéri@national.école.matéri.com,nationalécolematéri.bj,PME (10-50),B2B,LinkedIn,,Actif,2026-06-29T00:15:34.479854,haute
BJ-995B75A3,Privé University,Éducation & Formation,Matéri,+229 81 17 43 58,privé.university@privé.university.org,,TPE (<10),B2C,LinkedIn,,Actif,2026-06-29T00:15:34.479920,moyenne
BJ-7F10C3BB,Lycée Public Matéri,Éducation & Formation,Matéri,+229 37 13 68 92,lycée.public.matéri@lycée.public.matéri.com,lycéepublicmatéri.bj,TPE (<10),B2C,LinkedIn,,Actif,2026-06-29T00:15:34.479946,haute
BJ-C52A5CEB,Collège International Academy Matéri,Éducation & Formation,Matéri,+229 74 99 86 34,collège.international.academy.matéri@collège.international.academy.matéri.benin,,PME (10-50),B2C,LinkedIn,,Actif,2026-06-29T00:15:34.479959,moyenne
BJ-E6A61B8E,Centre Apprentissage Bénin,Éducation & Formation,Natitingou,+229 27 80 73 88,centre.apprentissage.bénin@centre.apprentissage.bénin.org,,TPE (<10),B2C,LinkedIn,,Actif,2026-06-29T00:15:34.479980,moyenne
BJ-E865191C,Éducation Natitingou,Éducation & Formation,Natitingou,+229 66 22 14 93,éducation.natitingou@éducation.natitingou.org,,PME (10-50),B2B,LinkedIn,,Actif,2026-06-29T00:15:34.480005,moyenne
BJ-2743C086,Institut Apprentissage College,Éducation & Formation,Natitingou,+229 87 22 23 71,institut.apprentissage.college@institut.apprentissage.college.net,institutapprentissagecollege.bj,PME (50-200),B2C,LinkedIn,,Actif,2026-06-29T00:15:34.480017,haute
BJ-A941AC46,École Protestant,Éducation & Formation,Natitingou,+229 85 79 88 75,école.protestant@école.protestant.com,écoleprotestant.bj,TPE (<10),B2B,LinkedIn,,Actif,2026-06-29T00:15:34.480047,haute
BJ-F5FD0F35,Université Savoir,Éducation & Formation,Toucountouna,+229 86 66 17 51,université.savoir@université.savoir.org,universitésavoir.bj,TPE (<10),B2B,LinkedIn,,Actif,2026-06-29T00:15:34.480066,haute
BJ-9DEC8E58,Centre Excellence,Éducation & Formation,Toucountouna,+229 39 41 92 93,centre.excellence@centre.excellence.com,,PME (10-50),B2C,LinkedIn,,Actif,2026-06-29T00:15:34.480096,moyenne
BJ-1F3E9123,Formation Toucountouna,Éducation & Formation,Toucountouna,+229 54 29 47 13,formation.toucountouna@formation.toucountouna.net,formationtoucountouna.bj,PME (10-50),B2B,LinkedIn,,Actif,2026-06-29T00:15:34.480109,haute
BJ-7484027F,Formation Lycée,Éducation & Formation,Toucountouna,+229 93 27 54 76,formation.lycée@formation.lycée.org,formationlycée.bj,PME (10-50),B2C,LinkedIn,,Actif,2026-06-29T00:15:34.480133,haute
BJ-8DD1034E,Connaissance École,Éducation & Formation,Boukoumbé,+229 46 49 52 46,connaissance.école@connaissance.école.org,connaissanceécole.bj,TPE (<10),B2B,LinkedIn,,Actif,2026-06-29T00:15:34.480150,haute
BJ-ED2B6EDC,Privé Academy,Éducation & Formation,Boukoumbé,+229 29 48 80 29,privé.academy@privé.academy.bj,,PME (10-50),B2B,LinkedIn,,Actif,2026-06-29T00:15:34.480162,moyenne
BJ-85E3EACE,Lycée Protestant,Éducation & Formation,Boukoumbé,+229 34 63 39 10,lycée.protestant@lycée.protestant.benin,lycéeprotestant.bj,TPE (<10),B2B,LinkedIn,,Actif,2026-06-29T00:15:34.480174,haute
BJ-AAE6F6B5,École International,Éducation & Formation,Boukoumbé,+229 32 72 73 87,,écoleinternational.bj,TPE (<10),B2C,LinkedIn,,Actif,2026-06-29T00:15:34.480185,moyenne
BJ-4D12867F,Lycée Liberté,Éducation & Formation,Kouandé,+229 72 95 27 37,lycée.liberté@lycée.liberté.org,lycéeliberté.bj,TPE (<10),B2C,LinkedIn,,Actif,2026-06-29T00:15:34.480213,haute
BJ-AE14770A,École Apprentissage School Kouandé,Éducation & Formation,Kouandé,+229 61 36 77 73,,,TPE (<10),B2B,LinkedIn,,Actif,2026-06-29T00:15:34.480251,basse
BJ-2F309731,Développement,Éducation & Formation,Kouandé,+229 64 91 97 16,développement@développement.com,développement.bj,TPE (<10),B2C,LinkedIn,,Actif,2026-06-29T00:15:34.480263,haute
BJ-B8E36FE1,Privé Péhunco,Éducation & Formation,Péhunco,+229 25 15 35 30,privé.péhunco@privé.péhunco.bj,,PME (10-50),B2C,LinkedIn,,Actif,2026-06-29T00:15:34.480286,moyenne
BJ-E03AD735,Collège Liberté,Éducation & Formation,Péhunco,+229 67 31 58 23,collège.liberté@collège.liberté.net,collègeliberté.bj,PME (10-50),B2B,LinkedIn,,Actif,2026-06-29T00:15:34.480300,haute
BJ-8532519B,Protestant University,Éducation & Formation,Tchaourou,+229 56 27 68 72,protestant.university@protestant.university.bj,,Grande (>200),B2B,LinkedIn,,Actif,2026-06-29T00:15:34.480356,moyenne
BJ-83C733D9,Institut Public,Éducation & Formation,Tchaourou,+229 60 79 89 38,institut.public@institut.public.bj,institutpublic.bj,PME (10-50),B2C,LinkedIn,,Actif,2026-06-29T00:15:34.480371,haute
BJ-79FEBBB9,Liberté Academy,Éducation & Formation,Tchaourou,+229 37 51 81 20,,libertéacademy.bj,Grande (>200),B2C,LinkedIn,,Actif,2026-06-29T00:15:34.480383,moyenne
BJ-AEFF9FDF,École National,Éducation & Formation,Tchaourou,+229 55 76 45 63,école.national@école.national.com,écolenational.bj,TPE (<10),B2B,LinkedIn,,Actif,2026-06-29T00:15:34.480395,haute
BJ-0D96EDDA,Privé,Éducation & Formation,Tchaourou,+229 99 81 49 10,privé@privé.net,privé.bj,TPE (<10),B2C,LinkedIn,,Actif,2026-06-29T00:15:34.480407,haute
BJ-CB24F121,Liberté,Éducation & Formation,Nikki,+229 49 19 70 96,,,TPE (<10),B2C,LinkedIn,,Actif,2026-06-29T00:15:34.480423,basse
BJ-4993F134,Développement,Éducation & Formation,Nikki,+229 62 47 36 84,,,PME (10-50),B2B,LinkedIn,,Actif,2026-06-29T00:15:34.480434,basse
BJ-E262EFAD,Université Formation,Éducation & Formation,Nikki,+229 60 15 90 91,université.formation@université.formation.benin,universitéformation.bj,PME (50-200),B2C,LinkedIn,,Actif,2026-06-29T00:15:34.480446,haute
BJ-DE88AFEC,Public Nikki,Éducation & Formation,Nikki,+229 66 58 11 92,public.nikki@public.nikki.net,publicnikki.bj,TPE (<10),B2C,LinkedIn,,Actif,2026-06-29T00:15:34.480465,haute
BJ-D837DD6B,Collège Liberté École Nikki,Éducation & Formation,Nikki,+229 98 89 70 38,collège.liberté.école.nikki@collège.liberté.école.nikki.net,,PME (50-200),B2C,LinkedIn,,Actif,2026-06-29T00:15:34.480477,moyenne
BJ-F545004E,Académie National University,Éducation & Formation,Bembéréké,+229 73 11 87 40,académie.national.university@académie.national.university.benin,académienationaluniversity.bj,PME (10-50),B2B,LinkedIn,,Actif,2026-06-29T00:15:34.480496,haute
BJ-F7DC65AB,Institut Développement,Éducation & Formation,Bembéréké,+229 86 17 97 71,institut.développement@institut.développement.com,institutdéveloppement.bj,PME (50-200),B2C,LinkedIn,,Actif,2026-06-29T00:15:34.480511,haute
BJ-77394AFA,Institut Excellence,Éducation & Formation,Bembéréké,+229 24 71 52 29,,institutexcellence.bj,TPE (<10),B2C,LinkedIn,,Actif,2026-06-29T00:15:34.480533,moyenne
BJ-A4C09F2B,Collège Développement,Éducation & Formation,Bembéréké,+229 46 68 94 63,,collègedéveloppement.bj,TPE (<10),B2C,LinkedIn,,Actif,2026-06-29T00:15:34.480544,moyenne
BJ-F3444DAD,Public Kalalé,Éducation & Formation,Kalalé,+229 95 17 11 61,public.kalalé@public.kalalé.net,publickalalé.bj,Grande (>200),B2B,LinkedIn,,Actif,2026-06-29T00:15:34.480562,haute
BJ-3CD04C2C,Éducation University,Éducation & Formation,Kalalé,+229 70 12 41 38,éducation.university@éducation.university.bj,éducationuniversity.bj,PME (50-200),B2B,LinkedIn,,Actif,2026-06-29T00:15:34.480575,haute
BJ-FCF4AB31,Liberté Kalalé,Éducation & Formation,Kalalé,+229 69 66 29 48,liberté.kalalé@liberté.kalalé.net,libertékalalé.bj,PME (10-50),B2C,LinkedIn,,Actif,2026-06-29T00:15:34.480591,haute
BJ-E243E50A,International École,Éducation & Formation,Kalalé,+229 83 85 74 46,,,PME (10-50),B2B,LinkedIn,,Actif,2026-06-29T00:15:34.480602,basse
BJ-1D057A4B,International,Éducation & Formation,Kalalé,+229 72 31 45 65,international@international.net,international.bj,PME (10-50),B2B,LinkedIn,,Actif,2026-06-29T00:15:34.480614,haute
BJ-2A36FD41,Collège Liberté Institute,Éducation & Formation,Ndali,+229 78 34 41 91,,collègelibertéinstitute.bj,TPE (<10),B2C,LinkedIn,,Actif,2026-06-29T00:15:34.480634,moyenne
BJ-9E66718A,Académie Apprentissage,Éducation & Formation,Ndali,+229 70 73 94 17,académie.apprentissage@académie.apprentissage.benin,académieapprentissage.bj,PME (10-50),B2B,LinkedIn,,Actif,2026-06-29T00:15:34.480650,haute
BJ-31C932B6,Centre Protestant,Éducation & Formation,Ndali,+229 94 59 33 21,centre.protestant@centre.protestant.bj,centreprotestant.bj,PME (10-50),B2B,LinkedIn,,Actif,2026-06-29T00:15:34.480662,haute
BJ-829A52A2,Public,Éducation & Formation,Ndali,+229 55 99 94 22,public@public.org,public.bj,Grande (>200),B2C,LinkedIn,,Actif,2026-06-29T00:15:34.480673,haute
BJ-CDCAF01D,Centre Excellence Ndali,Éducation & Formation,Ndali,+229 66 35 91 69,centre.excellence.ndali@centre.excellence.ndali.org,centreexcellencendali.bj,TPE (<10),B2B,LinkedIn,,Actif,2026-06-29T00:15:34.480688,haute
BJ-C2776C5C,Université Excellence,Éducation & Formation,Ségbana,+229 77 63 49 75,université.excellence@université.excellence.benin,universitéexcellence.bj,Grande (>200),B2B,LinkedIn,,Actif,2026-06-29T00:15:34.480706,haute
BJ-9DA07436,Formation Bénin Ségbana,Éducation & Formation,Ségbana,+229 94 84 46 55,formation.bénin.ségbana@formation.bénin.ségbana.com,formationbéninségbana.bj,PME (50-200),B2B,LinkedIn,,Actif,2026-06-29T00:15:34.480719,haute
BJ-9A47D153,Excellence Academy,Éducation & Formation,Tchaourou,+229 85 95 96 10,excellence.academy@excellence.academy.org,excellenceacademy.bj,TPE (<10),B2C,LinkedIn,,Actif,2026-06-29T00:15:34.480768,haute
BJ-150EAFCA,Collège Connaissance École,Éducation & Formation,Tchaourou,+229 23 80 84 97,collège.connaissance.école@collège.connaissance.école.com,collègeconnaissanceécole.bj,TPE (<10),B2B,LinkedIn,,Actif,2026-06-29T00:15:34.480784,haute
BJ-78613E59,Université Excellence Lycée Tchaourou,Éducation & Formation,Tchaourou,+229 91 63 54 90,,universitéexcellencelycéetchaourou.bj,PME (10-50),B2B,LinkedIn,,Actif,2026-06-29T00:15:34.480820,moyenne
BJ-1D2CEF43,National University,Éducation & Formation,Bétérou,+229 64 40 62 39,national.university@national.university.bj,nationaluniversity.bj,PME (10-50),B2C,LinkedIn,,Actif,2026-06-29T00:15:34.480838,haute
BJ-A63AD50F,Académie Connaissance,Éducation & Formation,Bétérou,+229 78 51 47 60,,académieconnaissance.bj,PME (10-50),B2C,LinkedIn,,Actif,2026-06-29T00:15:34.480872,moyenne
BJ-8F6D2218,Lycée Connaissance Institute,Éducation & Formation,Bétérou,+229 96 53 60 64,lycée.connaissance.institute@lycée.connaissance.institute.net,lycéeconnaissanceinstitute.bj,TPE (<10),B2C,LinkedIn,,Actif,2026-06-29T00:15:34.480885,haute
BJ-32F99E37,Institut Développement,Éducation & Formation,Ouessè,+229 83 39 16 60,institut.développement@institut.développement.benin,institutdéveloppement.bj,TPE (<10),B2B,LinkedIn,,Actif,2026-06-29T00:15:34.480935,haute
BJ-D9D22E2B,Public,Éducation & Formation,Ouessè,+229 71 29 69 65,public@public.net,public.bj,PME (50-200),B2B,LinkedIn,,Actif,2026-06-29T00:15:34.480966,haute
BJ-A7C4DB5D,Public Lycée,Éducation & Formation,Ouessè,+229 48 44 76 60,,publiclycée.bj,TPE (<10),B2C,LinkedIn,,Actif,2026-06-29T00:15:34.480978,moyenne
BJ-65A28644,École Formation University Ouessè,Éducation & Formation,Ouessè,+229 70 68 20 99,école.formation.university.ouessè@école.formation.university.ouessè.com,écoleformationuniversityouessè.bj,TPE (<10),B2B,LinkedIn,,Actif,2026-06-29T00:15:34.480995,haute
BJ-F4046918,Académie Public Institute Ouessè,Éducation & Formation,Ouessè,+229 62 32 79 76,académie.public.institute.ouessè@académie.public.institute.ouessè.com,académiepublicinstituteouessè.bj,TPE (<10),B2B,LinkedIn,,Actif,2026-06-29T00:15:34.481009,haute
BJ-63EB1E67,Académie Catholique University,Éducation & Formation,Glazoué,+229 56 62 20 27,,,PME (50-200),B2C,LinkedIn,,Actif,2026-06-29T00:15:34.481036,basse
BJ-07C9AE81,Université Apprentissage Academy,Éducation & Formation,Glazoué,+229 74 42 54 58,université.apprentissage.academy@université.apprentissage.academy.benin,universitéapprentissageacademy.bj,PME (10-50),B2C,LinkedIn,,Actif,2026-06-29T00:15:34.481049,haute
BJ-2C9B4D3E,Public Lycée Glazoué,Éducation & Formation,Glazoué,+229 26 36 32 90,,,TPE (<10),B2C,LinkedIn,,Actif,2026-06-29T00:15:34.481059,basse
BJ-06B4BD01,Éducation University Glazoué,Éducation & Formation,Glazoué,+229 22 70 28 78,éducation.university.glazoué@éducation.university.glazoué.org,éducationuniversityglazoué.bj,TPE (<10),B2C,LinkedIn,,Actif,2026-06-29T00:15:34.481072,haute
BJ-DFF3D933,Excellence Academy,Éducation & Formation,Dassa-Zoumè,+229 76 20 22 41,excellence.academy@excellence.academy.org,excellenceacademy.bj,TPE (<10),B2B,LinkedIn,,Actif,2026-06-29T00:15:34.481104,haute
BJ-56439C78,Académie Connaissance,Éducation & Formation,Dassa-Zoumè,+229 60 94 80 16,,académieconnaissance.bj,TPE (<10),B2C,LinkedIn,,Actif,2026-06-29T00:15:34.481139,moyenne
BJ-5A2C59A3,Catholique,Éducation & Formation,Savalou,+229 37 21 98 35,catholique@catholique.org,catholique.bj,TPE (<10),B2B,LinkedIn,,Actif,2026-06-29T00:15:34.481156,haute
BJ-FD532C58,Formation Bénin,Éducation & Formation,Savalou,+229 69 29 24 31,formation.bénin@formation.bénin.benin,,PME (10-50),B2B,LinkedIn,,Actif,2026-06-29T00:15:34.481168,moyenne
BJ-0E785C8E,Lycée Formation,Éducation & Formation,Savalou,+229 79 41 74 91,lycée.formation@lycée.formation.org,lycéeformation.bj,PME (10-50),B2C,LinkedIn,,Actif,2026-06-29T00:15:34.481179,haute
BJ-C349E23E,Catholique University,Éducation & Formation,Savalou,+229 76 53 23 36,,catholiqueuniversity.bj,PME (10-50),B2B,LinkedIn,,Actif,2026-06-29T00:15:34.481190,moyenne
BJ-DA8707D3,Apprentissage Institute Savalou,Éducation & Formation,Savalou,+229 45 90 57 84,apprentissage.institute.savalou@apprentissage.institute.savalou.com,apprentissageinstitutesavalou.bj,PME (50-200),B2B,LinkedIn,,Actif,2026-06-29T00:15:34.481203,haute
BJ-7E11F1C2,Centre Liberté College,Éducation & Formation,Bantè,+229 30 58 16 82,centre.liberté.college@centre.liberté.college.com,centrelibertécollege.bj,TPE (<10),B2B,LinkedIn,,Actif,2026-06-29T00:15:34.481234,haute
BJ-0BEF15C8,École Privé College,Éducation & Formation,Bantè,+229 89 65 84 71,école.privé.college@école.privé.college.org,,Grande (>200),B2C,LinkedIn,,Actif,2026-06-29T00:15:34.481268,moyenne
BJ-AC38C007,Centre International Academy,Éducation & Formation,Bantè,+229 83 33 61 33,centre.international.academy@centre.international.academy.benin,centreinternationalacademy.bj,PME (10-50),B2C,LinkedIn,,Actif,2026-06-29T00:15:34.481281,haute
BJ-52DF63F4,Apprentissage École,Éducation & Formation,Bantè,+229 72 61 42 60,apprentissage.école@apprentissage.école.bj,apprentissageécole.bj,TPE (<10),B2C,LinkedIn,,Actif,2026-06-29T00:15:34.481294,haute
BJ-2536762C,École Excellence,Éducation & Formation,Bantè,+229 53 31 48 46,,,TPE (<10),B2B,LinkedIn,,Actif,2026-06-29T00:15:34.481304,basse
BJ-A4771B7F,Collège Développement,Éducation & Formation,Djougou,+229 72 60 24 52,,,TPE (<10),B2B,LinkedIn,,Actif,2026-06-29T00:15:34.481321,basse
BJ-4811972B,Excellence School Djougou,Éducation & Formation,Djougou,+229 82 60 43 69,excellence.school.djougou@excellence.school.djougou.com,excellenceschooldjougou.bj,TPE (<10),B2C,LinkedIn,,Actif,2026-06-29T00:15:34.481345,haute
BJ-D01A43D1,Académie Formation,Éducation & Formation,Djougou,+229 98 49 52 82,académie.formation@académie.formation.benin,,PME (10-50),B2B,LinkedIn,,Actif,2026-06-29T00:15:34.481367,moyenne
BJ-2467517E,Développement École,Éducation & Formation,Djougou,+229 73 82 44 53,développement.école@développement.école.com,,TPE (<10),B2C,LinkedIn,,Actif,2026-06-29T00:15:34.481398,moyenne
BJ-B9486A4F,Formation Bénin,Éducation & Formation,Djougou,+229 59 48 16 12,formation.bénin@formation.bénin.org,formationbénin.bj,PME (10-50),B2B,LinkedIn,,Actif,2026-06-29T00:15:34.481437,haute
BJ-7D45B119,Université Apprentissage,Éducation & Formation,Ouèssè,+229 33 60 34 92,université.apprentissage@université.apprentissage.bj,universitéapprentissage.bj,TPE (<10),B2B,LinkedIn,,Actif,2026-06-29T00:15:34.481475,haute
BJ-5D531AB5,Collège Liberté Academy,Éducation & Formation,Ouèssè,+229 21 74 35 83,collège.liberté.academy@collège.liberté.academy.net,,TPE (<10),B2C,LinkedIn,,Actif,2026-06-29T00:15:34.481582,moyenne
BJ-21CDAA3E,Lycée National School Ouèssè,Éducation & Formation,Ouèssè,+229 99 85 34 92,lycée.national.school.ouèssè@lycée.national.school.ouèssè.bj,lycéenationalschoolouèssè.bj,TPE (<10),B2B,LinkedIn,,Actif,2026-06-29T00:15:34.481615,haute
BJ-2AEF59E6,Lycée Protestant School,Éducation & Formation,Bassila,+229 90 59 23 52,lycée.protestant.school@lycée.protestant.school.com,lycéeprotestantschool.bj,TPE (<10),B2B,LinkedIn,,Actif,2026-06-29T00:15:34.481648,haute
BJ-57A03BCC,Académie Protestant College,Éducation & Formation,Bassila,+229 71 81 89 87,académie.protestant.college@académie.protestant.college.bj,académieprotestantcollege.bj,Grande (>200),B2B,LinkedIn,,Actif,2026-06-29T00:15:34.481671,haute
BJ-AF7199CC,Formation Bassila,Éducation & Formation,Bassila,+229 70 66 76 33,formation.bassila@formation.bassila.com,formationbassila.bj,PME (10-50),B2B,LinkedIn,,Actif,2026-06-29T00:15:34.481691,haute
BJ-A123A59B,Lycée Public,Éducation & Formation,Bassila,+229 53 57 63 58,lycée.public@lycée.public.net,lycéepublic.bj,PME (10-50),B2C,LinkedIn,,Actif,2026-06-29T00:15:34.481738,haute
BJ-133035AF,Développement École,Éducation & Formation,Pehunco,+229 84 36 71 91,développement.école@développement.école.bj,développementécole.bj,Grande (>200),B2B,LinkedIn,,Actif,2026-06-29T00:15:34.481773,haute
BJ-1C5CE1BF,Centre International,Éducation & Formation,Pehunco,+229 82 59 49 69,,centreinternational.bj,PME (10-50),B2B,LinkedIn,,Actif,2026-06-29T00:15:34.481810,moyenne
BJ-73F05D8E,Académie National,Éducation & Formation,Pehunco,+229 82 38 88 19,académie.national@académie.national.benin,académienational.bj,PME (10-50),B2C,LinkedIn,,Actif,2026-06-29T00:15:34.481833,haute
BJ-FD07C249,Formation College Pehunco,Éducation & Formation,Pehunco,+229 51 50 65 59,formation.college.pehunco@formation.college.pehunco.org,formationcollegepehunco.bj,PME (10-50),B2C,LinkedIn,,Actif,2026-06-29T00:15:34.481853,haute
BJ-2A64CE53,Université National,Éducation & Formation,Pehunco,+229 40 66 58 64,,,PME (10-50),B2C,LinkedIn,,Actif,2026-06-29T00:15:34.481871,basse
BJ-393A3FA7,International University,Éducation & Formation,Copargo,+229 47 97 20 62,international.university@international.university.org,,TPE (<10),B2C,LinkedIn,,Actif,2026-06-29T00:15:34.481921,moyenne
BJ-5C306956,Université Public,Éducation & Formation,Copargo,+229 44 98 41 57,université.public@université.public.com,universitépublic.bj,TPE (<10),B2B,LinkedIn,,Actif,2026-06-29T00:15:34.481970,haute
BJ-DD9B348B,Centre Savoir Bénin,Éducation & Formation,Copargo,+229 28 86 44 45,centre.savoir.bénin@centre.savoir.bénin.net,centresavoirbénin.bj,PME (10-50),B2C,LinkedIn,,Actif,2026-06-29T00:15:34.482008,haute
BJ-086F96CC,Lycée Connaissance,Éducation & Formation,Copargo,+229 55 78 84 83,,lycéeconnaissance.bj,PME (50-200),B2B,LinkedIn,,Actif,2026-06-29T00:15:34.482055,moyenne
BJ-7717B6D5,Technologie,Technologie & IT,Cotonou,+229 93 81 71 75,technologie@technologie.benin,technologie.bj,TPE (<10),B2B,LinkedIn,,Actif,2026-06-29T00:15:34.482099,haute
BJ-64BC2927,Network,Technologie & IT,Cotonou,+229 32 39 88 96,network@network.benin,network.bj,PME (50-200),B2B,LinkedIn,,Actif,2026-06-29T00:15:34.482137,haute
BJ-1744D9D2,Net Intelligence Digital,Technologie & IT,Cotonou,+229 69 81 52 96,,netintelligencedigital.bj,TPE (<10),B2C,LinkedIn,,Actif,2026-06-29T00:15:34.482203,moyenne
BJ-9A34FC32,AI Digital,Technologie & IT,Abomey-Calavi,+229 89 15 98 66,,aidigital.bj,PME (10-50),B2B,LinkedIn,,Actif,2026-06-29T00:15:34.482224,moyenne
BJ-A31752BF,Cloud Intelligence Africa,Technologie & IT,Abomey-Calavi,+229 82 95 86 22,cloud.intelligence.africa@cloud.intelligence.africa.org,cloudintelligenceafrica.bj,TPE (<10),B2C,LinkedIn,,Actif,2026-06-29T00:15:34.482255,haute
BJ-FE8DDE70,Système Abomey-Calavi,Technologie & IT,Abomey-Calavi,+229 63 33 97 55,système.abomeycalavi@système.abomeycalavi.benin,systèmeabomeycalavi.bj,PME (10-50),B2B,LinkedIn,,Actif,2026-06-29T00:15:34.482284,haute
BJ-7A8AE90B,Smart Web Bénin,Technologie & IT,Abomey-Calavi,+229 70 79 36 61,smart.web.bénin@smart.web.bénin.com,smartwebbénin.bj,TPE (<10),B2B,LinkedIn,,Actif,2026-06-29T00:15:34.482316,haute
BJ-F90D2D22,Smart Web,Technologie & IT,Abomey-Calavi,+229 65 69 94 28,smart.web@smart.web.benin,smartweb.bj,TPE (<10),B2C,LinkedIn,,Actif,2026-06-29T00:15:34.482347,haute
BJ-D5F1868F,Data Systems,Technologie & IT,Porto-Novo,+229 30 93 10 13,data.systems@data.systems.net,datasystems.bj,PME (50-200),B2C,LinkedIn,,Actif,2026-06-29T00:15:34.482404,haute
BJ-F832FE64,Technologie Bénin,Technologie & IT,Porto-Novo,+229 91 73 43 72,technologie.bénin@technologie.bénin.net,technologiebénin.bj,TPE (<10),B2B,LinkedIn,,Actif,2026-06-29T00:15:34.482456,haute
BJ-3C4F5572,Net Solution,Technologie & IT,Porto-Novo,+229 81 33 37 49,net.solution@net.solution.benin,netsolution.bj,PME (50-200),B2C,LinkedIn,,Actif,2026-06-29T00:15:34.482484,haute
BJ-157EC028,Net Intelligence,Technologie & IT,Porto-Novo,+229 40 20 42 40,net.intelligence@net.intelligence.benin,netintelligence.bj,PME (10-50),B2C,LinkedIn,,Actif,2026-06-29T00:15:34.482517,haute
BJ-AA49F321,Data Développement Porto-Novo,Technologie & IT,Porto-Novo,+229 20 64 67 97,data.développement.portonovo@data.développement.portonovo.net,datadéveloppementportonovo.bj,TPE (<10),B2C,LinkedIn,,Actif,2026-06-29T00:15:34.482552,haute
BJ-357722EC,Développement Digital,Technologie & IT,Parakou,+229 96 89 26 43,développement.digital@développement.digital.com,développementdigital.bj,Grande (>200),B2C,LinkedIn,,Actif,2026-06-29T00:15:34.482594,haute
BJ-D5796296,Logiciel Parakou,Technologie & IT,Parakou,+229 32 16 75 75,logiciel.parakou@logiciel.parakou.org,logicielparakou.bj,TPE (<10),B2C,LinkedIn,,Actif,2026-06-29T00:15:34.482625,haute
BJ-8675AFF4,Informatique,Technologie & IT,Parakou,+229 99 76 40 38,informatique@informatique.benin,informatique.bj,PME (50-200),B2C,LinkedIn,,Actif,2026-06-29T00:15:34.482654,haute
BJ-B1DADB77,Système Digital,Technologie & IT,Parakou,+229 41 36 37 11,système.digital@système.digital.benin,systèmedigital.bj,PME (50-200),B2B,LinkedIn,,Actif,2026-06-29T00:15:34.482674,haute
BJ-208E694A,Cyber Logiciel Africa Bohicon,Technologie & IT,Bohicon,+229 29 45 67 31,cyber.logiciel.africa.bohicon@cyber.logiciel.africa.bohicon.org,cyberlogicielafricabohicon.bj,PME (10-50),B2B,LinkedIn,,Actif,2026-06-29T00:15:34.482694,haute
BJ-56F8A0CD,Cyber Cloud International Bohicon,Technologie & IT,Bohicon,+229 87 96 22 97,cyber.cloud.international.bohicon@cyber.cloud.international.bohicon.net,cybercloudinternationalbohicon.bj,PME (10-50),B2B,LinkedIn,,Actif,2026-06-29T00:15:34.482711,haute
BJ-E12C8C31,Cloud Security Africa,Technologie & IT,Bohicon,+229 52 76 54 40,cloud.security.africa@cloud.security.africa.bj,,PME (50-200),B2B,LinkedIn,,Actif,2026-06-29T00:15:34.482733,moyenne
BJ-44D53C9A,Soft Solution Bénin,Technologie & IT,Bohicon,+229 66 20 21 86,soft.solution.bénin@soft.solution.bénin.benin,softsolutionbénin.bj,TPE (<10),B2B,LinkedIn,,Actif,2026-06-29T00:15:34.482760,haute
BJ-FA439169,Data Security,Technologie & IT,Natitingou,+229 85 27 53 76,data.security@data.security.bj,datasecurity.bj,TPE (<10),B2C,LinkedIn,,Actif,2026-06-29T00:15:34.482803,haute
BJ-6B4093DB,Développement Systems,Technologie & IT,Natitingou,+229 27 43 91 18,développement.systems@développement.systems.com,développementsystems.bj,Grande (>200),B2B,LinkedIn,,Actif,2026-06-29T00:15:34.482825,haute
BJ-7D9FCB00,Smart Mobile,Technologie & IT,Natitingou,+229 61 17 25 40,,smartmobile.bj,Grande (>200),B2B,LinkedIn,,Actif,2026-06-29T00:15:34.482865,moyenne
BJ-FFB3DA6A,Soft Développement Bénin,Technologie & IT,Lokossa,+229 89 64 44 93,soft.développement.bénin@soft.développement.bénin.com,softdéveloppementbénin.bj,PME (10-50),B2B,LinkedIn,,Actif,2026-06-29T00:15:34.482916,haute
BJ-C59D8DFB,Net Informatique,Technologie & IT,Lokossa,+229 78 30 35 50,net.informatique@net.informatique.benin,netinformatique.bj,TPE (<10),B2B,LinkedIn,,Actif,2026-06-29T00:15:34.482953,haute
BJ-209318F9,Informatique,Technologie & IT,Lokossa,+229 42 82 70 32,,informatique.bj,PME (10-50),B2C,LinkedIn,,Actif,2026-06-29T00:15:34.482975,moyenne
BJ-6366EBD4,Data Informatique,Technologie & IT,Lokossa,+229 97 48 77 43,data.informatique@data.informatique.org,datainformatique.bj,TPE (<10),B2B,LinkedIn,,Actif,2026-06-29T00:15:34.482997,haute
BJ-0E9BD0A9,Développement Soft,Technologie & IT,Lokossa,+229 40 99 47 99,développement.soft@développement.soft.net,développementsoft.bj,PME (10-50),B2B,LinkedIn,,Actif,2026-06-29T00:15:34.483018,haute
BJ-80EE9BEC,Système Ouidah,Technologie & IT,Ouidah,+229 75 30 38 84,système.ouidah@système.ouidah.org,systèmeouidah.bj,TPE (<10),B2C,LinkedIn,,Actif,2026-06-29T00:15:34.483075,haute
BJ-94ECA922,Security Digital,Technologie & IT,Ouidah,+229 45 49 62 90,security.digital@security.digital.benin,securitydigital.bj,TPE (<10),B2C,LinkedIn,,Actif,2026-06-29T00:15:34.483105,haute
BJ-DD296137,Développement Systems,Technologie & IT,Ouidah,+229 65 72 95 37,développement.systems@développement.systems.net,développementsystems.bj,TPE (<10),B2C,LinkedIn,,Actif,2026-06-29T00:15:34.483151,haute
BJ-D243BFC3,Mobile Bénin,Technologie & IT,Savalou,+229 37 37 61 77,mobile.bénin@mobile.bénin.org,mobilebénin.bj,TPE (<10),B2B,LinkedIn,,Actif,2026-06-29T00:15:34.483195,haute
BJ-DD77D09A,Net Logiciel,Technologie & IT,Savalou,+229 82 22 59 53,net.logiciel@net.logiciel.com,,TPE (<10),B2C,LinkedIn,,Actif,2026-06-29T00:15:34.483240,moyenne
BJ-A627076B,Cloud Security Solutions,Technologie & IT,Savalou,+229 42 14 17 49,cloud.security.solutions@cloud.security.solutions.bj,cloudsecuritysolutions.bj,PME (10-50),B2C,LinkedIn,,Actif,2026-06-29T00:15:34.483272,haute
BJ-43E1A21D,Digital Application Savalou,Technologie & IT,Savalou,+229 90 57 98 10,digital.application.savalou@digital.application.savalou.benin,,TPE (<10),B2C,LinkedIn,,Actif,2026-06-29T00:15:34.483331,moyenne
BJ-B380A3CB,Cyber Système,Technologie & IT,Dassa-Zoumè,+229 42 45 77 37,cyber.système@cyber.système.benin,cybersystème.bj,PME (50-200),B2B,LinkedIn,,Actif,2026-06-29T00:15:34.483378,haute
BJ-1BA96406,Security Digital Dassa-Zoumè,Technologie & IT,Dassa-Zoumè,+229 97 94 70 74,security.digital.dassazoumè@security.digital.dassazoumè.net,securitydigitaldassazoumè.bj,PME (10-50),B2C,LinkedIn,,Actif,2026-06-29T00:15:34.483409,haute
BJ-7718A077,Tech Digital Soft,Technologie & IT,Dassa-Zoumè,+229 94 90 81 27,tech.digital.soft@tech.digital.soft.net,techdigitalsoft.bj,TPE (<10),B2B,LinkedIn,,Actif,2026-06-29T00:15:34.483469,haute
BJ-2F8D02C1,Soft Système Soft,Technologie & IT,Dassa-Zoumè,+229 52 15 46 13,soft.système.soft@soft.système.soft.benin,softsystèmesoft.bj,TPE (<10),B2C,LinkedIn,,Actif,2026-06-29T00:15:34.483500,haute
BJ-7754A784,Système Bénin,Technologie & IT,Kétou,+229 83 97 88 36,système.bénin@système.bénin.org,systèmebénin.bj,PME (10-50),B2B,LinkedIn,,Actif,2026-06-29T00:15:34.483604,haute
BJ-435544C7,Cloud Digital,Technologie & IT,Kétou,+229 95 97 29 45,cloud.digital@cloud.digital.org,clouddigital.bj,PME (50-200),B2C,LinkedIn,,Actif,2026-06-29T00:15:34.483639,haute
BJ-08E65FAA,Informatique Tech,Technologie & IT,Kétou,+229 86 81 40 47,informatique.tech@informatique.tech.com,informatiquetech.bj,Grande (>200),B2B,LinkedIn,,Actif,2026-06-29T00:15:34.483710,haute
BJ-DC5D6A21,Cyber Application,Technologie & IT,Covè,+229 54 99 38 35,cyber.application@cyber.application.org,cyberapplication.bj,PME (10-50),B2B,LinkedIn,,Actif,2026-06-29T00:15:34.483759,haute
BJ-D067E06A,Smart Développement SARL Covè,Technologie & IT,Covè,+229 46 36 84 87,smart.développement.sarl.covè@smart.développement.sarl.covè.bj,smartdéveloppementsarlcovè.bj,PME (10-50),B2B,LinkedIn,,Actif,2026-06-29T00:15:34.483790,haute
BJ-5C3B4F1D,Digital Data Covè,Technologie & IT,Covè,+229 23 22 21 27,digital.data.covè@digital.data.covè.net,digitaldatacovè.bj,TPE (<10),B2B,LinkedIn,,Actif,2026-06-29T00:15:34.483814,haute
BJ-ACE1051B,Tech Data SARL,Technologie & IT,Covè,+229 20 96 65 18,tech.data.sarl@tech.data.sarl.com,techdatasarl.bj,TPE (<10),B2C,LinkedIn,,Actif,2026-06-29T00:15:34.483834,haute
BJ-85939E7D,Cyber Web Soft,Technologie & IT,Covè,+229 26 62 35 20,cyber.web.soft@cyber.web.soft.benin,,PME (50-200),B2C,LinkedIn,,Actif,2026-06-29T00:15:34.483854,moyenne
BJ-85411791,Tech Logiciel Solutions Pobè,Technologie & IT,Pobè,+229 44 31 52 72,tech.logiciel.solutions.pobè@tech.logiciel.solutions.pobè.bj,techlogicielsolutionspobè.bj,PME (10-50),B2B,LinkedIn,,Actif,2026-06-29T00:15:34.483887,haute
BJ-ED2145CD,Cloud Technologie,Technologie & IT,Pobè,+229 31 90 27 47,,cloudtechnologie.bj,PME (50-200),B2C,LinkedIn,,Actif,2026-06-29T00:15:34.483965,moyenne
BJ-2040E869,Technologie,Technologie & IT,Pobè,+229 93 12 63 36,technologie@technologie.bj,technologie.bj,Grande (>200),B2C,LinkedIn,,Actif,2026-06-29T00:15:34.484012,haute
BJ-6267C0E0,Développement Sakété,Technologie & IT,Sakété,+229 84 39 50 66,développement.sakété@développement.sakété.com,développementsakété.bj,PME (10-50),B2B,LinkedIn,,Actif,2026-06-29T00:15:34.484079,haute
BJ-925A479F,Tech Intelligence Sakété,Technologie & IT,Sakété,+229 75 84 44 50,tech.intelligence.sakété@tech.intelligence.sakété.benin,techintelligencesakété.bj,PME (10-50),B2B,LinkedIn,,Actif,2026-06-29T00:15:34.484101,haute
BJ-5CD2641D,Smart Développement Africa,Technologie & IT,Sakété,+229 59 74 32 54,smart.développement.africa@smart.développement.africa.com,smartdéveloppementafrica.bj,PME (10-50),B2C,LinkedIn,,Actif,2026-06-29T00:15:34.484124,haute
BJ-F5ABA2F2,Soft Network,Technologie & IT,Sakété,+229 75 55 68 60,,softnetwork.bj,PME (50-200),B2B,LinkedIn,,Actif,2026-06-29T00:15:34.484152,moyenne
BJ-02912E6D,Système SARL,Technologie & IT,Sakété,+229 76 37 20 77,système.sarl@système.sarl.com,systèmesarl.bj,PME (50-200),B2C,LinkedIn,,Actif,2026-06-29T00:15:34.484190,haute
BJ-BEEC5359,Tech Développement Adjara,Technologie & IT,Adjara,+229 82 38 24 61,tech.développement.adjara@tech.développement.adjara.com,,PME (50-200),B2C,LinkedIn,,Actif,2026-06-29T00:15:34.484243,moyenne
BJ-363FC41F,Application,Technologie & IT,Adjara,+229 91 84 14 44,,application.bj,PME (10-50),B2C,LinkedIn,,Actif,2026-06-29T00:15:34.484277,moyenne
BJ-4090897D,Web,Technologie & IT,Adjara,+229 87 45 24 57,web@web.com,web.bj,TPE (<10),B2C,LinkedIn,,Actif,2026-06-29T00:15:34.484302,haute
BJ-9E381B0D,Cyber Informatique,Technologie & IT,Adjara,+229 22 13 69 83,cyber.informatique@cyber.informatique.benin,cyberinformatique.bj,PME (10-50),B2B,LinkedIn,,Actif,2026-06-29T00:15:34.484323,haute
BJ-F53B4D77,Cyber Solutions Adjara,Technologie & IT,Adjara,+229 50 60 33 75,,cybersolutionsadjara.bj,TPE (<10),B2B,LinkedIn,,Actif,2026-06-29T00:15:34.484348,moyenne
BJ-973F2E0E,Système Soft,Technologie & IT,Allada,+229 86 37 20 81,système.soft@système.soft.net,systèmesoft.bj,TPE (<10),B2B,LinkedIn,,Actif,2026-06-29T00:15:34.484392,haute
BJ-57F5D951,Data Technologie,Technologie & IT,Allada,+229 32 48 17 71,data.technologie@data.technologie.bj,datatechnologie.bj,TPE (<10),B2B,LinkedIn,,Actif,2026-06-29T00:15:34.484431,haute
BJ-429F33A4,Security Systems,Technologie & IT,Allada,+229 93 57 80 12,security.systems@security.systems.bj,securitysystems.bj,TPE (<10),B2B,LinkedIn,,Actif,2026-06-29T00:15:34.484460,haute
BJ-BD6F4ECA,Net Intelligence Tech,Technologie & IT,Allada,+229 24 41 91 28,net.intelligence.tech@net.intelligence.tech.benin,netintelligencetech.bj,PME (50-200),B2C,LinkedIn,,Actif,2026-06-29T00:15:34.484488,haute
BJ-62DA45CD,Solution,Technologie & IT,Allada,+229 58 90 90 68,solution@solution.net,solution.bj,TPE (<10),B2C,LinkedIn,,Actif,2026-06-29T00:15:34.484523,haute
BJ-BE8B986C,Cloud Systems,Technologie & IT,Aplahoué,+229 92 50 26 76,cloud.systems@cloud.systems.bj,cloudsystems.bj,PME (10-50),B2B,LinkedIn,,Actif,2026-06-29T00:15:34.484557,haute
BJ-E1BC8023,AI Africa,Technologie & IT,Aplahoué,+229 79 89 25 18,ai.africa@ai.africa.org,,TPE (<10),B2C,LinkedIn,,Actif,2026-06-29T00:15:34.484596,moyenne
BJ-FCCCE632,Système,Technologie & IT,Aplahoué,+229 59 84 73 64,système@système.org,système.bj,PME (50-200),B2C,LinkedIn,,Actif,2026-06-29T00:15:34.484610,haute
BJ-68424138,Net Informatique,Technologie & IT,Aplahoué,+229 60 78 76 39,net.informatique@net.informatique.org,netinformatique.bj,PME (10-50),B2C,LinkedIn,,Actif,2026-06-29T00:15:34.484623,haute
BJ-686D4A55,Système International Dogbo-Tota,Technologie & IT,Dogbo-Tota,+229 78 24 45 69,système.international.dogbotota@système.international.dogbotota.com,systèmeinternationaldogbotota.bj,PME (10-50),B2C,LinkedIn,,Actif,2026-06-29T00:15:34.484658,haute
BJ-DEB3D684,Digital Cloud Tech,Technologie & IT,Dogbo-Tota,+229 38 20 55 99,digital.cloud.tech@digital.cloud.tech.benin,digitalcloudtech.bj,TPE (<10),B2B,LinkedIn,,Actif,2026-06-29T00:15:34.484672,haute
BJ-9EB2F44F,Digital Systems Dogbo-Tota,Technologie & IT,Dogbo-Tota,+229 96 64 70 81,digital.systems.dogbotota@digital.systems.dogbotota.benin,digitalsystemsdogbotota.bj,PME (10-50),B2C,LinkedIn,,Actif,2026-06-29T00:15:34.484685,haute
BJ-F7A07376,Cyber Application Africa,Technologie & IT,Dogbo-Tota,+229 62 91 54 70,cyber.application.africa@cyber.application.africa.bj,cyberapplicationafrica.bj,PME (50-200),B2B,LinkedIn,,Actif,2026-06-29T00:15:34.484698,haute
BJ-613F9D12,Application,Technologie & IT,Kpomassè,+229 60 13 74 59,application@application.bj,application.bj,TPE (<10),B2C,LinkedIn,,Actif,2026-06-29T00:15:34.484717,haute
BJ-BFFC7F82,Cyber Network,Technologie & IT,Kpomassè,+229 33 38 41 34,cyber.network@cyber.network.com,cybernetwork.bj,TPE (<10),B2C,LinkedIn,,Actif,2026-06-29T00:15:34.484733,haute
BJ-83335100,Informatique International,Technologie & IT,Kpomassè,+229 76 60 80 50,informatique.international@informatique.international.net,informatiqueinternational.bj,TPE (<10),B2C,LinkedIn,,Actif,2026-06-29T00:15:34.484749,haute
BJ-AAE57CCB,Solution,Technologie & IT,Kpomassè,+229 81 34 95 47,solution@solution.net,solution.bj,TPE (<10),B2C,LinkedIn,,Actif,2026-06-29T00:15:34.484762,haute
BJ-9BB9AFD2,Développement Tech,Technologie & IT,Tori-Bossito,+229 83 34 58 33,développement.tech@développement.tech.org,développementtech.bj,TPE (<10),B2C,LinkedIn,,Actif,2026-06-29T00:15:34.484796,haute
BJ-1208739C,Informatique Tori-Bossito,Technologie & IT,Tori-Bossito,+229 46 35 34 37,informatique.toribossito@informatique.toribossito.org,informatiquetoribossito.bj,TPE (<10),B2B,LinkedIn,,Actif,2026-06-29T00:15:34.484809,haute
BJ-7EB00F2B,Tech Application Africa,Technologie & IT,Tori-Bossito,+229 95 11 35 34,tech.application.africa@tech.application.africa.bj,techapplicationafrica.bj,PME (50-200),B2B,LinkedIn,,Actif,2026-06-29T00:15:34.484826,haute
BJ-F76161A6,Net Application,Technologie & IT,Tori-Bossito,+229 52 72 92 27,net.application@net.application.com,netapplication.bj,TPE (<10),B2C,LinkedIn,,Actif,2026-06-29T00:15:34.484839,haute
BJ-8270E912,Net Logiciel Solutions,Technologie & IT,Tori-Bossito,+229 20 29 49 85,net.logiciel.solutions@net.logiciel.solutions.bj,netlogicielsolutions.bj,TPE (<10),B2B,LinkedIn,,Actif,2026-06-29T00:15:34.484851,haute
BJ-4A9CA590,Data Cloud SARL,Technologie & IT,Grand-Popo,+229 59 75 76 14,data.cloud.sarl@data.cloud.sarl.bj,datacloudsarl.bj,Grande (>200),B2C,LinkedIn,,Actif,2026-06-29T00:15:34.484872,haute
BJ-71335F62,Tech Informatique,Technologie & IT,Grand-Popo,+229 68 22 17 83,tech.informatique@tech.informatique.net,techinformatique.bj,TPE (<10),B2C,LinkedIn,,Actif,2026-06-29T00:15:34.484934,haute
BJ-9EDCEBC5,Cloud Logiciel,Technologie & IT,Athiémé,+229 25 50 49 18,cloud.logiciel@cloud.logiciel.net,cloudlogiciel.bj,TPE (<10),B2C,LinkedIn,,Actif,2026-06-29T00:15:34.484966,haute
BJ-2CD3108C,AI Tech,Technologie & IT,Athiémé,+229 81 13 13 98,ai.tech@ai.tech.org,aitech.bj,Grande (>200),B2B,LinkedIn,,Actif,2026-06-29T00:15:34.484979,haute
BJ-B861F162,Cyber Security Digital Athiémé,Technologie & IT,Athiémé,+229 66 27 65 96,cyber.security.digital.athiémé@cyber.security.digital.athiémé.bj,,PME (10-50),B2B,LinkedIn,,Actif,2026-06-29T00:15:34.484992,moyenne
BJ-7B50F534,Cyber AI Tech,Technologie & IT,Athiémé,+229 38 84 87 76,cyber.ai.tech@cyber.ai.tech.net,cyberaitech.bj,PME (50-200),B2B,LinkedIn,,Actif,2026-06-29T00:15:34.485004,haute
BJ-6556F97A,Net Data,Technologie & IT,Athiémé,+229 46 87 30 24,net.data@net.data.benin,netdata.bj,TPE (<10),B2B,LinkedIn,,Actif,2026-06-29T00:15:34.485016,haute
BJ-07790573,Cyber Security,Technologie & IT,Bopa,+229 61 96 75 58,cyber.security@cyber.security.bj,cybersecurity.bj,TPE (<10),B2C,LinkedIn,,Actif,2026-06-29T00:15:34.485038,haute
BJ-C145F01D,Intelligence Digital,Technologie & IT,Bopa,+229 54 41 59 25,intelligence.digital@intelligence.digital.net,intelligencedigital.bj,PME (50-200),B2C,LinkedIn,,Actif,2026-06-29T00:15:34.485054,haute
BJ-F1A39629,Smart Solution SARL Bopa,Technologie & IT,Bopa,+229 40 17 95 24,,smartsolutionsarlbopa.bj,PME (10-50),B2C,LinkedIn,,Actif,2026-06-29T00:15:34.485067,moyenne
BJ-645B2670,Soft AI,Technologie & IT,Bopa,+229 83 95 79 63,soft.ai@soft.ai.org,softai.bj,TPE (<10),B2C,LinkedIn,,Actif,2026-06-29T00:15:34.485079,haute
BJ-39AB45F8,Smart Intelligence Bénin,Technologie & IT,Bopa,+229 70 19 11 91,,,Grande (>200),B2B,LinkedIn,,Actif,2026-06-29T00:15:34.485089,basse
BJ-9FC0B9F3,Cyber Informatique Digital,Technologie & IT,Houéyogbé,+229 28 97 20 54,cyber.informatique.digital@cyber.informatique.digital.com,,PME (50-200),B2C,LinkedIn,,Actif,2026-06-29T00:15:34.485108,moyenne
BJ-DE49839C,Tech Informatique Houéyogbé,Technologie & IT,Houéyogbé,+229 69 20 29 41,,techinformatiquehouéyogbé.bj,PME (10-50),B2C,LinkedIn,,Actif,2026-06-29T00:15:34.485123,moyenne
BJ-7B818314,Smart Data Solutions,Technologie & IT,Houéyogbé,+229 36 80 65 85,smart.data.solutions@smart.data.solutions.benin,smartdatasolutions.bj,TPE (<10),B2B,LinkedIn,,Actif,2026-06-29T00:15:34.485136,haute
BJ-FE3EDFF0,Digital Network,Technologie & IT,Houéyogbé,+229 64 15 39 19,digital.network@digital.network.com,digitalnetwork.bj,Grande (>200),B2C,LinkedIn,,Actif,2026-06-29T00:15:34.485150,haute
BJ-41FBCF93,Cyber,Technologie & IT,Houéyogbé,+229 23 68 26 57,cyber@cyber.com,,Grande (>200),B2B,LinkedIn,,Actif,2026-06-29T00:15:34.485162,moyenne
BJ-015C24C3,Application Systems Malanville,Technologie & IT,Malanville,+229 56 15 62 73,application.systems.malanville@application.systems.malanville.bj,applicationsystemsmalanville.bj,TPE (<10),B2B,LinkedIn,,Actif,2026-06-29T00:15:34.485184,haute
BJ-FB60CBD8,Security International,Technologie & IT,Malanville,+229 62 88 67 32,security.international@security.international.benin,securityinternational.bj,TPE (<10),B2C,LinkedIn,,Actif,2026-06-29T00:15:34.485200,haute
BJ-DCD71773,Cyber Solution,Technologie & IT,Malanville,+229 25 42 42 10,,cybersolution.bj,TPE (<10),B2C,LinkedIn,,Actif,2026-06-29T00:15:34.485224,moyenne
BJ-5C59DAB7,Web,Technologie & IT,Malanville,+229 23 52 82 40,web@web.org,web.bj,TPE (<10),B2B,LinkedIn,,Actif,2026-06-29T00:15:34.485239,haute
BJ-0BED2679,Tech Application Systems,Technologie & IT,Kandi,+229 23 69 51 76,tech.application.systems@tech.application.systems.com,techapplicationsystems.bj,TPE (<10),B2B,LinkedIn,,Actif,2026-06-29T00:15:34.485259,haute
BJ-F8523D62,Cyber Logiciel,Technologie & IT,Kandi,+229 91 25 29 18,cyber.logiciel@cyber.logiciel.com,cyberlogiciel.bj,TPE (<10),B2C,LinkedIn,,Actif,2026-06-29T00:15:34.485272,haute
BJ-0E526F9A,Soft Mobile Tech,Technologie & IT,Kandi,+229 54 94 44 20,soft.mobile.tech@soft.mobile.tech.com,softmobiletech.bj,TPE (<10),B2C,LinkedIn,,Actif,2026-06-29T00:15:34.485287,haute
BJ-BFA99CDE,Net Développement,Technologie & IT,Kandi,+229 63 22 15 10,net.développement@net.développement.org,netdéveloppement.bj,PME (10-50),B2B,LinkedIn,,Actif,2026-06-29T00:15:34.485301,haute
BJ-56FAB3F9,Data Mobile Soft Kandi,Technologie & IT,Kandi,+229 40 27 79 97,data.mobile.soft.kandi@data.mobile.soft.kandi.org,datamobilesoftkandi.bj,TPE (<10),B2C,LinkedIn,,Actif,2026-06-29T00:15:34.485314,haute
BJ-F9F59E29,Cyber Intelligence,Technologie & IT,Banikoara,+229 49 83 88 24,cyber.intelligence@cyber.intelligence.net,cyberintelligence.bj,PME (50-200),B2C,LinkedIn,,Actif,2026-06-29T00:15:34.485332,haute
BJ-782375FD,Développement Soft,Technologie & IT,Banikoara,+229 23 47 99 98,développement.soft@développement.soft.benin,développementsoft.bj,TPE (<10),B2C,LinkedIn,,Actif,2026-06-29T00:15:34.485349,haute
BJ-7F385B1A,Net Data,Technologie & IT,Banikoara,+229 90 19 97 33,,netdata.bj,TPE (<10),B2C,LinkedIn,,Actif,2026-06-29T00:15:34.485361,moyenne
BJ-B332291B,Net Système,Technologie & IT,Banikoara,+229 28 44 45 68,net.système@net.système.org,netsystème.bj,PME (50-200),B2B,LinkedIn,,Actif,2026-06-29T00:15:34.485375,haute
BJ-E2CF6131,Cyber Banikoara,Technologie & IT,Banikoara,+229 71 60 60 21,cyber.banikoara@cyber.banikoara.com,cyberbanikoara.bj,PME (10-50),B2B,LinkedIn,,Actif,2026-06-29T00:15:34.485388,haute
BJ-A1A1610A,Intelligence Ségbana,Technologie & IT,Ségbana,+229 45 29 42 76,intelligence.ségbana@intelligence.ségbana.org,intelligenceségbana.bj,PME (50-200),B2B,LinkedIn,,Actif,2026-06-29T00:15:34.485406,haute
BJ-FD1A2980,Soft Digital,Technologie & IT,Ségbana,+229 86 40 81 99,soft.digital@soft.digital.benin,softdigital.bj,PME (10-50),B2C,LinkedIn,,Actif,2026-06-29T00:15:34.485419,haute
BJ-502A8907,Cloud Système,Technologie & IT,Ségbana,+229 78 72 22 22,,cloudsystème.bj,PME (10-50),B2B,LinkedIn,,Actif,2026-06-29T00:15:34.485431,moyenne
BJ-538605B7,Data,Technologie & IT,Karimama,+229 31 34 57 89,data@data.org,data.bj,TPE (<10),B2C,LinkedIn,,Actif,2026-06-29T00:15:34.485479,haute
BJ-723AE610,Smart Application,Technologie & IT,Karimama,+229 66 41 32 77,smart.application@smart.application.benin,smartapplication.bj,PME (50-200),B2B,LinkedIn,,Actif,2026-06-29T00:15:34.485496,haute
BJ-392FFDF3,Cyber Application Digital,Technologie & IT,Karimama,+229 88 16 50 29,cyber.application.digital@cyber.application.digital.net,cyberapplicationdigital.bj,PME (50-200),B2C,LinkedIn,,Actif,2026-06-29T00:15:34.485509,haute
BJ-CEF9178B,Digital Cyber Solutions,Technologie & IT,Karimama,+229 34 34 58 72,digital.cyber.solutions@digital.cyber.solutions.bj,digitalcybersolutions.bj,TPE (<10),B2C,LinkedIn,,Actif,2026-06-29T00:15:34.485522,haute
BJ-918417CE,Logiciel Soft,Technologie & IT,Karimama,+229 86 59 16 39,logiciel.soft@logiciel.soft.benin,,PME (10-50),B2B,LinkedIn,,Actif,2026-06-29T00:15:34.485534,moyenne
BJ-33D9E16C,Informatique Africa,Technologie & IT,Gogounou,+229 38 60 90 72,informatique.africa@informatique.africa.bj,informatiqueafrica.bj,Grande (>200),B2B,LinkedIn,,Actif,2026-06-29T00:15:34.485556,haute
BJ-D881CE39,Web,Technologie & IT,Gogounou,+229 76 86 93 60,web@web.bj,web.bj,PME (50-200),B2B,LinkedIn,,Actif,2026-06-29T00:15:34.485569,haute
BJ-6A19A36B,Digital Network Gogounou,Technologie & IT,Gogounou,+229 93 16 58 39,digital.network.gogounou@digital.network.gogounou.net,digitalnetworkgogounou.bj,PME (10-50),B2C,LinkedIn,,Actif,2026-06-29T00:15:34.485583,haute
BJ-C3079CE1,Application,Technologie & IT,Gogounou,+229 54 44 51 92,application@application.bj,application.bj,PME (50-200),B2B,LinkedIn,,Actif,2026-06-29T00:15:34.485595,haute
BJ-E059164D,Data Application Tech,Technologie & IT,Gogounou,+229 36 51 63 29,data.application.tech@data.application.tech.bj,dataapplicationtech.bj,TPE (<10),B2C,LinkedIn,,Actif,2026-06-29T00:15:34.485608,haute
BJ-BFEB7A52,Technologie Cobly,Technologie & IT,Cobly,+229 43 47 11 47,technologie.cobly@technologie.cobly.com,,TPE (<10),B2C,LinkedIn,,Actif,2026-06-29T00:15:34.485626,moyenne
BJ-0516909F,Application,Technologie & IT,Cobly,+229 52 89 12 59,application@application.com,application.bj,PME (10-50),B2C,LinkedIn,,Actif,2026-06-29T00:15:34.485641,haute
BJ-173C0645,Solution International,Technologie & IT,Cobly,+229 81 17 87 70,,solutioninternational.bj,PME (10-50),B2B,LinkedIn,,Actif,2026-06-29T00:15:34.485653,moyenne
BJ-42BEDBA6,Cyber Cloud Tech,Technologie & IT,Cobly,+229 55 91 15 32,cyber.cloud.tech@cyber.cloud.tech.bj,,PME (50-200),B2C,LinkedIn,,Actif,2026-06-29T00:15:34.485668,moyenne
BJ-4A0993F7,Cyber Système Systems Cobly,Technologie & IT,Cobly,+229 89 65 93 49,cyber.système.systems.cobly@cyber.système.systems.cobly.bj,cybersystèmesystemscobly.bj,TPE (<10),B2C,LinkedIn,,Actif,2026-06-29T00:15:34.485683,haute
BJ-A3D4F504,Soft Développement SARL,Technologie & IT,Tanguiéta,+229 94 18 82 94,soft.développement.sarl@soft.développement.sarl.benin,softdéveloppementsarl.bj,PME (10-50),B2C,LinkedIn,,Actif,2026-06-29T00:15:34.485704,haute
BJ-EBA5B1BD,Cyber Tech,Technologie & IT,Tanguiéta,+229 41 53 45 46,cyber.tech@cyber.tech.bj,cybertech.bj,Grande (>200),B2C,LinkedIn,,Actif,2026-06-29T00:15:34.485716,haute
BJ-B9A44B9A,Cloud SARL,Technologie & IT,Tanguiéta,+229 46 66 65 18,cloud.sarl@cloud.sarl.org,cloudsarl.bj,PME (10-50),B2C,LinkedIn,,Actif,2026-06-29T00:15:34.485729,haute
BJ-245ABE2F,Tech Intelligence Digital Tanguiéta,Technologie & IT,Tanguiéta,+229 52 37 52 38,tech.intelligence.digital.tanguiéta@tech.intelligence.digital.tanguiéta.org,techintelligencedigitaltanguiéta.bj,PME (10-50),B2C,LinkedIn,,Actif,2026-06-29T00:15:34.485757,haute
BJ-12F09F11,Digital Soft Matéri,Technologie & IT,Matéri,+229 69 25 93 33,digital.soft.matéri@digital.soft.matéri.bj,digitalsoftmatéri.bj,Grande (>200),B2B,LinkedIn,,Actif,2026-06-29T00:15:34.485781,haute
BJ-E4773A17,Cloud Logiciel SARL,Technologie & IT,Matéri,+229 85 51 60 44,cloud.logiciel.sarl@cloud.logiciel.sarl.benin,cloudlogicielsarl.bj,PME (10-50),B2C,LinkedIn,,Actif,2026-06-29T00:15:34.485797,haute
BJ-731DEB37,Tech Security Africa,Technologie & IT,Matéri,+229 50 38 43 78,tech.security.africa@tech.security.africa.com,techsecurityafrica.bj,PME (10-50),B2C,LinkedIn,,Actif,2026-06-29T00:15:34.485823,haute
BJ-6D3AD798,Smart Développement,Technologie & IT,Matéri,+229 56 19 99 74,smart.développement@smart.développement.com,smartdéveloppement.bj,TPE (<10),B2C,LinkedIn,,Actif,2026-06-29T00:15:34.485836,haute
BJ-EE523700,Data Data Bénin,Technologie & IT,Natitingou,+229 68 58 49 12,data.data.bénin@data.data.bénin.org,datadatabénin.bj,PME (10-50),B2C,LinkedIn,,Actif,2026-06-29T00:15:34.485855,haute
BJ-B4E0B159,Soft Application,Technologie & IT,Natitingou,+229 56 48 56 56,soft.application@soft.application.bj,softapplication.bj,TPE (<10),B2C,LinkedIn,,Actif,2026-06-29T00:15:34.485868,haute
BJ-992E6A77,Système Africa,Technologie & IT,Natitingou,+229 36 81 39 77,système.africa@système.africa.bj,systèmeafrica.bj,TPE (<10),B2B,LinkedIn,,Actif,2026-06-29T00:15:34.485912,haute
BJ-639D8A68,Informatique International,Technologie & IT,Toucountouna,+229 36 11 20 38,informatique.international@informatique.international.net,informatiqueinternational.bj,PME (50-200),B2C,LinkedIn,,Actif,2026-06-29T00:15:34.485949,haute
BJ-FC51A9A1,Data Informatique Bénin,Technologie & IT,Toucountouna,+229 55 82 39 19,data.informatique.bénin@data.informatique.bénin.org,datainformatiquebénin.bj,PME (10-50),B2B,LinkedIn,,Actif,2026-06-29T00:15:34.485979,haute
BJ-94B923B1,Network Solutions,Technologie & IT,Toucountouna,+229 22 33 98 63,network.solutions@network.solutions.com,,TPE (<10),B2C,LinkedIn,,Actif,2026-06-29T00:15:34.485991,moyenne
BJ-61B85DFC,Net Développement,Technologie & IT,Toucountouna,+229 78 33 37 32,,netdéveloppement.bj,TPE (<10),B2C,LinkedIn,,Actif,2026-06-29T00:15:34.486003,moyenne
BJ-1DB139DB,Security International,Technologie & IT,Boukoumbé,+229 79 94 79 80,security.international@security.international.net,securityinternational.bj,TPE (<10),B2C,LinkedIn,,Actif,2026-06-29T00:15:34.486022,haute
BJ-C5C6026F,Smart Network Digital,Technologie & IT,Boukoumbé,+229 84 95 89 68,smart.network.digital@smart.network.digital.benin,smartnetworkdigital.bj,TPE (<10),B2C,LinkedIn,,Actif,2026-06-29T00:15:34.486035,haute
BJ-405B806C,Intelligence International Boukoumbé,Technologie & IT,Boukoumbé,+229 98 57 14 53,intelligence.international.boukoumbé@intelligence.international.boukoumbé.net,intelligenceinternationalboukoumbé.bj,PME (10-50),B2C,LinkedIn,,Actif,2026-06-29T00:15:34.486049,haute
BJ-738A06AB,Logiciel Solutions,Technologie & IT,Boukoumbé,+229 62 11 20 46,,logicielsolutions.bj,PME (10-50),B2B,LinkedIn,,Actif,2026-06-29T00:15:34.486060,moyenne
BJ-92D78637,Informatique Boukoumbé,Technologie & IT,Boukoumbé,+229 24 31 57 39,informatique.boukoumbé@informatique.boukoumbé.com,informatiqueboukoumbé.bj,TPE (<10),B2C,LinkedIn,,Actif,2026-06-29T00:15:34.486074,haute
BJ-2F2D73CF,Cyber Digital Systems Kouandé,Technologie & IT,Kouandé,+229 94 78 84 75,,cyberdigitalsystemskouandé.bj,PME (50-200),B2C,LinkedIn,,Actif,2026-06-29T00:15:34.486092,moyenne
BJ-7FAE585B,Application,Technologie & IT,Kouandé,+229 35 13 20 85,application@application.org,application.bj,PME (10-50),B2C,LinkedIn,,Actif,2026-06-29T00:15:34.486113,haute
BJ-2D6BC320,Cyber Intelligence,Technologie & IT,Kouandé,+229 56 12 37 78,cyber.intelligence@cyber.intelligence.org,cyberintelligence.bj,TPE (<10),B2B,LinkedIn,,Actif,2026-06-29T00:15:34.486152,haute
BJ-4B058C18,Data International Péhunco,Technologie & IT,Péhunco,+229 54 47 82 30,data.international.péhunco@data.international.péhunco.com,datainternationalpéhunco.bj,TPE (<10),B2C,LinkedIn,,Actif,2026-06-29T00:15:34.486172,haute
BJ-530F283D,Cloud Mobile Soft,Technologie & IT,Péhunco,+229 75 27 10 77,cloud.mobile.soft@cloud.mobile.soft.com,cloudmobilesoft.bj,TPE (<10),B2C,LinkedIn,,Actif,2026-06-29T00:15:34.486188,haute
BJ-9249D502,Digital AI Africa,Technologie & IT,Péhunco,+229 34 73 35 68,digital.ai.africa@digital.ai.africa.benin,digitalaiafrica.bj,PME (50-200),B2B,LinkedIn,,Actif,2026-06-29T00:15:34.486200,haute
BJ-A55FEBF6,Web Systems,Technologie & IT,Péhunco,+229 56 68 31 82,web.systems@web.systems.com,,TPE (<10),B2C,LinkedIn,,Actif,2026-06-29T00:15:34.486211,moyenne
BJ-CB6EDE93,Tech Cyber,Technologie & IT,Péhunco,+229 88 56 43 96,tech.cyber@tech.cyber.net,techcyber.bj,Grande (>200),B2C,LinkedIn,,Actif,2026-06-29T00:15:34.486223,haute
BJ-50B0110F,Data Informatique Tchaourou,Technologie & IT,Tchaourou,+229 73 56 94 91,data.informatique.tchaourou@data.informatique.tchaourou.com,datainformatiquetchaourou.bj,PME (50-200),B2B,LinkedIn,,Actif,2026-06-29T00:15:34.486241,haute
BJ-5A30A538,Logiciel Systems,Technologie & IT,Tchaourou,+229 31 46 68 16,logiciel.systems@logiciel.systems.benin,logicielsystems.bj,PME (10-50),B2C,LinkedIn,,Actif,2026-06-29T00:15:34.486256,haute
BJ-8023C7BF,Net Logiciel Africa Tchaourou,Technologie & IT,Tchaourou,+229 77 92 44 34,net.logiciel.africa.tchaourou@net.logiciel.africa.tchaourou.com,netlogicielafricatchaourou.bj,TPE (<10),B2B,LinkedIn,,Actif,2026-06-29T00:15:34.486285,haute
BJ-047D82AD,Smart Technologie Tchaourou,Technologie & IT,Tchaourou,+229 75 30 55 73,smart.technologie.tchaourou@smart.technologie.tchaourou.benin,smarttechnologietchaourou.bj,PME (10-50),B2C,LinkedIn,,Actif,2026-06-29T00:15:34.486297,haute
BJ-04AE440B,Network Soft,Technologie & IT,Nikki,+229 24 82 98 90,network.soft@network.soft.net,networksoft.bj,Grande (>200),B2C,LinkedIn,,Actif,2026-06-29T00:15:34.486319,haute
BJ-A39D3BEA,Cloud Application Bénin,Technologie & IT,Nikki,+229 72 70 40 41,,cloudapplicationbénin.bj,TPE (<10),B2C,LinkedIn,,Actif,2026-06-29T00:15:34.486333,moyenne
BJ-85E6A22E,Technologie Digital Nikki,Technologie & IT,Nikki,+229 98 15 36 48,technologie.digital.nikki@technologie.digital.nikki.benin,technologiedigitalnikki.bj,PME (10-50),B2B,LinkedIn,,Actif,2026-06-29T00:15:34.486345,haute
BJ-38AE0157,Digital Application,Technologie & IT,Nikki,+229 96 95 34 92,digital.application@digital.application.net,digitalapplication.bj,PME (10-50),B2C,LinkedIn,,Actif,2026-06-29T00:15:34.486357,haute
BJ-50FCF3E0,Security,Technologie & IT,Bembéréké,+229 59 90 52 31,security@security.com,security.bj,PME (10-50),B2B,LinkedIn,,Actif,2026-06-29T00:15:34.486405,haute
BJ-1BFFD06E,Solution,Technologie & IT,Bembéréké,+229 24 56 77 18,solution@solution.net,solution.bj,PME (10-50),B2B,LinkedIn,,Actif,2026-06-29T00:15:34.486417,haute
BJ-F3F0943F,Informatique Digital,Technologie & IT,Bembéréké,+229 60 72 77 46,informatique.digital@informatique.digital.org,informatiquedigital.bj,PME (50-200),B2C,LinkedIn,,Actif,2026-06-29T00:15:34.486430,haute
BJ-57D7BF71,Net Network Systems,Technologie & IT,Kalalé,+229 34 62 47 60,,netnetworksystems.bj,PME (50-200),B2C,LinkedIn,,Actif,2026-06-29T00:15:34.486460,moyenne
BJ-A3D4C7BC,Cloud Informatique,Technologie & IT,Kalalé,+229 85 26 15 64,,cloudinformatique.bj,TPE (<10),B2C,LinkedIn,,Actif,2026-06-29T00:15:34.486471,moyenne
BJ-745D7AB3,Security Solutions,Technologie & IT,Kalalé,+229 95 28 18 89,,securitysolutions.bj,TPE (<10),B2C,LinkedIn,,Actif,2026-06-29T00:15:34.486483,moyenne
BJ-39B9BF4E,Data,Technologie & IT,Kalalé,+229 95 67 69 71,data@data.com,data.bj,PME (50-200),B2C,LinkedIn,,Actif,2026-06-29T00:15:34.486495,haute
BJ-11263C2E,Data Cyber Solutions Ndali,Technologie & IT,Ndali,+229 74 86 40 93,data.cyber.solutions.ndali@data.cyber.solutions.ndali.net,datacybersolutionsndali.bj,PME (10-50),B2B,LinkedIn,,Actif,2026-06-29T00:15:34.486542,haute
BJ-28AC0578,Cyber Cloud Systems,Technologie & IT,Ndali,+229 53 79 91 75,cyber.cloud.systems@cyber.cloud.systems.bj,cybercloudsystems.bj,PME (50-200),B2C,LinkedIn,,Actif,2026-06-29T00:15:34.486555,haute
BJ-EDC0C68A,Intelligence Ndali,Technologie & IT,Ndali,+229 34 31 46 32,intelligence.ndali@intelligence.ndali.bj,,TPE (<10),B2B,LinkedIn,,Actif,2026-06-29T00:15:34.486567,moyenne
BJ-A1D9BFF8,AI Soft,Technologie & IT,Ségbana,+229 44 25 76 93,ai.soft@ai.soft.benin,aisoft.bj,TPE (<10),B2B,LinkedIn,,Actif,2026-06-29T00:15:34.486601,haute
BJ-68886215,Digital Informatique Soft,Technologie & IT,Ségbana,+229 50 81 28 70,digital.informatique.soft@digital.informatique.soft.net,digitalinformatiquesoft.bj,PME (50-200),B2B,LinkedIn,,Actif,2026-06-29T00:15:34.486614,haute
BJ-D1863036,AI Ségbana,Technologie & IT,Ségbana,+229 54 61 21 28,ai.ségbana@ai.ségbana.net,aiségbana.bj,PME (10-50),B2B,LinkedIn,,Actif,2026-06-29T00:15:34.486627,haute
BJ-78F050E0,Développement Digital,Technologie & IT,Ségbana,+229 63 19 28 56,développement.digital@développement.digital.org,développementdigital.bj,PME (50-200),B2C,LinkedIn,,Actif,2026-06-29T00:15:34.486644,haute
BJ-D0006575,Digital Informatique,Technologie & IT,Ségbana,+229 53 71 38 95,digital.informatique@digital.informatique.benin,digitalinformatique.bj,Grande (>200),B2C,LinkedIn,,Actif,2026-06-29T00:15:34.486656,haute
BJ-F5CD9B52,Data Web Digital Tchaourou,Technologie & IT,Tchaourou,+229 63 24 33 94,data.web.digital.tchaourou@data.web.digital.tchaourou.bj,datawebdigitaltchaourou.bj,TPE (<10),B2C,LinkedIn,,Actif,2026-06-29T00:15:34.486690,haute
BJ-79E9C0FA,Mobile Tech,Technologie & IT,Tchaourou,+229 66 18 67 16,mobile.tech@mobile.tech.org,mobiletech.bj,PME (50-200),B2C,LinkedIn,,Actif,2026-06-29T00:15:34.486702,haute
BJ-DCB795C7,Net Application Africa,Technologie & IT,Tchaourou,+229 61 38 41 61,net.application.africa@net.application.africa.bj,,TPE (<10),B2B,LinkedIn,,Actif,2026-06-29T00:15:34.486718,moyenne
BJ-C5A6768D,Cloud Network,Technologie & IT,Tchaourou,+229 21 28 17 60,cloud.network@cloud.network.com,cloudnetwork.bj,TPE (<10),B2C,LinkedIn,,Actif,2026-06-29T00:15:34.486731,haute
BJ-90FEC222,Intelligence Systems,Technologie & IT,Bétérou,+229 29 94 75 27,intelligence.systems@intelligence.systems.benin,intelligencesystems.bj,TPE (<10),B2C,LinkedIn,,Actif,2026-06-29T00:15:34.486750,haute
BJ-29734FA9,Cloud Network,Technologie & IT,Bétérou,+229 23 59 56 74,cloud.network@cloud.network.net,,PME (10-50),B2C,LinkedIn,,Actif,2026-06-29T00:15:34.486761,moyenne
BJ-1A252423,Application,Technologie & IT,Bétérou,+229 39 54 28 26,application@application.bj,application.bj,TPE (<10),B2C,LinkedIn,,Actif,2026-06-29T00:15:34.486773,haute
BJ-C92F00F8,Technologie Soft Bétérou,Technologie & IT,Bétérou,+229 77 69 15 20,technologie.soft.bétérou@technologie.soft.bétérou.bj,technologiesoftbétérou.bj,PME (10-50),B2C,LinkedIn,,Actif,2026-06-29T00:15:34.486787,haute
BJ-0AFFB7DD,Informatique Systems,Technologie & IT,Bétérou,+229 20 63 91 87,informatique.systems@informatique.systems.bj,informatiquesystems.bj,PME (50-200),B2B,LinkedIn,,Actif,2026-06-29T00:15:34.486801,haute
BJ-1C3A5468,Cloud Mobile Bénin,Technologie & IT,Ouessè,+229 83 57 90 47,cloud.mobile.bénin@cloud.mobile.bénin.benin,cloudmobilebénin.bj,Grande (>200),B2C,LinkedIn,,Actif,2026-06-29T00:15:34.486821,haute
BJ-BBAB9EA5,Data SARL Ouessè,Technologie & IT,Ouessè,+229 57 19 21 68,data.sarl.ouessè@data.sarl.ouessè.org,datasarlouessè.bj,TPE (<10),B2B,LinkedIn,,Actif,2026-06-29T00:15:34.486836,haute
BJ-37737996,Digital Digital SARL Ouessè,Technologie & IT,Ouessè,+229 64 85 78 65,digital.digital.sarl.ouessè@digital.digital.sarl.ouessè.org,digitaldigitalsarlouessè.bj,TPE (<10),B2C,LinkedIn,,Actif,2026-06-29T00:15:34.486850,haute
BJ-7F7A0F5F,Security International,Technologie & IT,Ouessè,+229 78 60 79 28,security.international@security.international.net,securityinternational.bj,TPE (<10),B2C,LinkedIn,,Actif,2026-06-29T00:15:34.486862,haute
BJ-D424743B,Développement International,Technologie & IT,Ouessè,+229 30 10 63 60,développement.international@développement.international.benin,,PME (50-200),B2B,LinkedIn,,Actif,2026-06-29T00:15:34.486874,moyenne
BJ-8B7FA1DB,Digital,Technologie & IT,Glazoué,+229 49 67 37 30,digital@digital.benin,digital.bj,TPE (<10),B2B,LinkedIn,,Actif,2026-06-29T00:15:34.486908,haute
BJ-3F9AEBEE,Soft Solution International,Technologie & IT,Glazoué,+229 43 19 99 67,soft.solution.international@soft.solution.international.com,softsolutioninternational.bj,TPE (<10),B2C,LinkedIn,,Actif,2026-06-29T00:15:34.486924,haute
BJ-1225A5CF,Soft Cyber,Technologie & IT,Glazoué,+229 83 71 42 23,soft.cyber@soft.cyber.com,softcyber.bj,TPE (<10),B2B,LinkedIn,,Actif,2026-06-29T00:15:34.486936,haute
BJ-4DDEA991,Smart Logiciel Bénin,Technologie & IT,Glazoué,+229 74 55 96 89,smart.logiciel.bénin@smart.logiciel.bénin.org,smartlogicielbénin.bj,TPE (<10),B2B,LinkedIn,,Actif,2026-06-29T00:15:34.486948,haute
BJ-C8B5AD9E,Net Informatique,Technologie & IT,Glazoué,+229 47 80 42 51,net.informatique@net.informatique.benin,netinformatique.bj,PME (10-50),B2C,LinkedIn,,Actif,2026-06-29T00:15:34.486959,haute
BJ-FD069BFD,Informatique,Technologie & IT,Dassa-Zoumè,+229 86 86 91 49,informatique@informatique.org,informatique.bj,Grande (>200),B2B,LinkedIn,,Actif,2026-06-29T00:15:34.486977,haute
BJ-C194140B,Mobile Systems,Technologie & IT,Dassa-Zoumè,+229 40 99 31 79,mobile.systems@mobile.systems.benin,mobilesystems.bj,PME (10-50),B2C,LinkedIn,,Actif,2026-06-29T00:15:34.486994,haute
BJ-EE4EC235,Logiciel Systems,Technologie & IT,Dassa-Zoumè,+229 69 42 60 92,logiciel.systems@logiciel.systems.benin,logicielsystems.bj,Grande (>200),B2C,LinkedIn,,Actif,2026-06-29T00:15:34.487006,haute
BJ-6734F8DB,Système Solutions,Technologie & IT,Dassa-Zoumè,+229 59 23 54 69,système.solutions@système.solutions.net,systèmesolutions.bj,PME (50-200),B2B,LinkedIn,,Actif,2026-06-29T00:15:34.487019,haute
BJ-892A36AE,Smart Développement Tech,Technologie & IT,Dassa-Zoumè,+229 59 36 64 54,smart.développement.tech@smart.développement.tech.net,smartdéveloppementtech.bj,TPE (<10),B2B,LinkedIn,,Actif,2026-06-29T00:15:34.487031,haute
BJ-0E2720B0,Cloud Système Bénin,Technologie & IT,Savalou,+229 77 73 12 77,cloud.système.bénin@cloud.système.bénin.benin,cloudsystèmebénin.bj,PME (50-200),B2C,LinkedIn,,Actif,2026-06-29T00:15:34.487053,haute
BJ-B1E5AD67,Data Data Savalou,Technologie & IT,Savalou,+229 33 45 65 59,data.data.savalou@data.data.savalou.com,datadatasavalou.bj,TPE (<10),B2B,LinkedIn,,Actif,2026-06-29T00:15:34.487068,haute
BJ-002E6374,Data Solutions,Technologie & IT,Savalou,+229 57 79 86 44,data.solutions@data.solutions.com,datasolutions.bj,TPE (<10),B2C,LinkedIn,,Actif,2026-06-29T00:15:34.487105,haute
BJ-2E66CF45,Informatique Solutions Bantè,Technologie & IT,Bantè,+229 63 42 12 95,informatique.solutions.bantè@informatique.solutions.bantè.bj,informatiquesolutionsbantè.bj,PME (10-50),B2C,LinkedIn,,Actif,2026-06-29T00:15:34.487124,haute
BJ-0F3F7FEA,Cloud Technologie Bénin,Technologie & IT,Bantè,+229 60 90 61 94,cloud.technologie.bénin@cloud.technologie.bénin.com,cloudtechnologiebénin.bj,TPE (<10),B2B,LinkedIn,,Actif,2026-06-29T00:15:34.487152,haute
BJ-D7388192,Digital AI Solutions,Technologie & IT,Bantè,+229 83 81 74 67,digital.ai.solutions@digital.ai.solutions.benin,digitalaisolutions.bj,PME (50-200),B2B,LinkedIn,,Actif,2026-06-29T00:15:34.487164,haute
BJ-D22FFF7A,Intelligence Bénin,Technologie & IT,Djougou,+229 94 25 12 10,intelligence.bénin@intelligence.bénin.com,intelligencebénin.bj,TPE (<10),B2B,LinkedIn,,Actif,2026-06-29T00:15:34.487194,haute
BJ-54946A0E,Net Network Digital,Technologie & IT,Djougou,+229 84 27 55 45,net.network.digital@net.network.digital.com,,PME (10-50),B2C,LinkedIn,,Actif,2026-06-29T00:15:34.487205,moyenne
BJ-1FF2D3A2,Logiciel International,Technologie & IT,Djougou,+229 34 18 72 90,logiciel.international@logiciel.international.org,,TPE (<10),B2B,LinkedIn,,Actif,2026-06-29T00:15:34.487216,moyenne
BJ-6C502538,Cloud,Technologie & IT,Djougou,+229 49 19 66 14,cloud@cloud.net,cloud.bj,TPE (<10),B2C,LinkedIn,,Actif,2026-06-29T00:15:34.487228,haute
BJ-A38C96D0,Solution Africa Djougou,Technologie & IT,Djougou,+229 69 44 54 15,solution.africa.djougou@solution.africa.djougou.net,solutionafricadjougou.bj,TPE (<10),B2C,LinkedIn,,Actif,2026-06-29T00:15:34.487239,haute
BJ-3FD27AC9,Logiciel Soft,Technologie & IT,Ouèssè,+229 61 25 98 93,logiciel.soft@logiciel.soft.benin,logicielsoft.bj,PME (10-50),B2C,LinkedIn,,Actif,2026-06-29T00:15:34.487260,haute
BJ-2C1F47FF,Security,Technologie & IT,Ouèssè,+229 70 36 51 70,security@security.org,security.bj,PME (50-200),B2B,LinkedIn,,Actif,2026-06-29T00:15:34.487275,haute
BJ-054CEE58,Technologie Ouèssè,Technologie & IT,Ouèssè,+229 36 81 38 98,technologie.ouèssè@technologie.ouèssè.org,technologieouèssè.bj,TPE (<10),B2C,LinkedIn,,Actif,2026-06-29T00:15:34.487289,haute
BJ-9A072333,Digital Bénin,Technologie & IT,Ouèssè,+229 21 73 37 85,,digitalbénin.bj,PME (10-50),B2C,LinkedIn,,Actif,2026-06-29T00:15:34.487312,moyenne
BJ-72C58A45,Net Security,Technologie & IT,Bassila,+229 94 67 39 47,net.security@net.security.bj,netsecurity.bj,PME (10-50),B2C,LinkedIn,,Actif,2026-06-29T00:15:34.487342,haute
BJ-32D56A8F,Logiciel Digital,Technologie & IT,Bassila,+229 45 42 19 83,logiciel.digital@logiciel.digital.net,logicieldigital.bj,TPE (<10),B2C,LinkedIn,,Actif,2026-06-29T00:15:34.487354,haute
BJ-835261FD,Logiciel,Technologie & IT,Bassila,+229 94 73 99 30,logiciel@logiciel.com,logiciel.bj,TPE (<10),B2C,LinkedIn,,Actif,2026-06-29T00:15:34.487365,haute
BJ-1B8D64A2,Digital Digital Bénin,Technologie & IT,Bassila,+229 25 84 89 11,digital.digital.bénin@digital.digital.bénin.benin,digitaldigitalbénin.bj,TPE (<10),B2B,LinkedIn,,Actif,2026-06-29T00:15:34.487378,haute
BJ-B3D99E70,AI Bénin,Technologie & IT,Pehunco,+229 70 26 84 15,ai.bénin@ai.bénin.org,aibénin.bj,TPE (<10),B2B,LinkedIn,,Actif,2026-06-29T00:15:34.487396,haute
BJ-C16D1253,Soft AI,Technologie & IT,Pehunco,+229 47 54 91 98,soft.ai@soft.ai.com,softai.bj,Grande (>200),B2B,LinkedIn,,Actif,2026-06-29T00:15:34.487412,haute
BJ-6111D13B,Data Informatique,Technologie & IT,Pehunco,+229 54 35 18 22,data.informatique@data.informatique.bj,datainformatique.bj,TPE (<10),B2C,LinkedIn,,Actif,2026-06-29T00:15:34.487427,haute
BJ-D7A37EE0,Cyber Développement,Technologie & IT,Pehunco,+229 36 41 40 58,cyber.développement@cyber.développement.bj,cyberdéveloppement.bj,PME (10-50),B2C,LinkedIn,,Actif,2026-06-29T00:15:34.487440,haute
BJ-DD764FD4,Network,Technologie & IT,Pehunco,+229 44 68 66 79,network@network.net,network.bj,PME (50-200),B2B,LinkedIn,,Actif,2026-06-29T00:15:34.487451,haute
BJ-5C0B4E0E,Cloud Mobile Bénin,Technologie & IT,Copargo,+229 77 63 70 70,,cloudmobilebénin.bj,PME (50-200),B2C,LinkedIn,,Actif,2026-06-29T00:15:34.487472,moyenne
BJ-33DEE99D,AI Tech,Technologie & IT,Copargo,+229 87 33 18 23,ai.tech@ai.tech.com,aitech.bj,PME (50-200),B2C,LinkedIn,,Actif,2026-06-29T00:15:34.487496,haute
BJ-ED38A341,Cloud Développement,Technologie & IT,Copargo,+229 29 49 45 77,cloud.développement@cloud.développement.bj,clouddéveloppement.bj,PME (50-200),B2C,LinkedIn,,Actif,2026-06-29T00:15:34.487508,haute
BJ-9F9062AB,Usine Métal,Industrie & Manufacture,Cotonou,+229 50 26 14 52,usine.métal@usine.métal.org,,TPE (<10),B2B,LinkedIn,,Actif,2026-06-29T00:15:34.487539,moyenne
BJ-3ED4FF6C,Métal Manufacture,Industrie & Manufacture,Cotonou,+229 53 61 33 81,métal.manufacture@métal.manufacture.bj,,PME (10-50),B2B,LinkedIn,,Actif,2026-06-29T00:15:34.487554,moyenne
BJ-0B556B11,Manufacture Production Industry,Industrie & Manufacture,Cotonou,+229 92 16 18 26,manufacture.production.industry@manufacture.production.industry.net,,TPE (<10),B2B,LinkedIn,,Actif,2026-06-29T00:15:34.487567,moyenne
BJ-4676BD18,Électronique Cotonou,Industrie & Manufacture,Cotonou,+229 51 47 44 60,,,Grande (>200),B2B,LinkedIn,,Actif,2026-06-29T00:15:34.487578,basse
BJ-DE33D12A,Mécanique SARL,Industrie & Manufacture,Cotonou,+229 63 75 52 91,mécanique.sarl@mécanique.sarl.bj,mécaniquesarl.bj,TPE (<10),B2B,LinkedIn,,Actif,2026-06-29T00:15:34.487591,haute
BJ-00DE21A3,Textile Manufacture Abomey-Calavi,Industrie & Manufacture,Abomey-Calavi,+229 50 68 87 68,,textilemanufactureabomeycalavi.bj,PME (50-200),B2B,LinkedIn,,Actif,2026-06-29T00:15:34.487609,moyenne
BJ-92FC95F9,Production Métal Abomey-Calavi,Industrie & Manufacture,Abomey-Calavi,+229 92 37 17 96,production.métal.abomeycalavi@production.métal.abomeycalavi.benin,,PME (10-50),B2B,LinkedIn,,Actif,2026-06-29T00:15:34.487635,moyenne
BJ-319F6060,Industrie Plastique,Industrie & Manufacture,Abomey-Calavi,+229 91 70 69 18,industrie.plastique@industrie.plastique.com,industrieplastique.bj,TPE (<10),B2B,LinkedIn,,Actif,2026-06-29T00:15:34.487648,haute
BJ-7E5043C4,Production Plastique,Industrie & Manufacture,Porto-Novo,+229 44 53 75 88,production.plastique@production.plastique.bj,,TPE (<10),B2B,LinkedIn,,Actif,2026-06-29T00:15:34.487676,moyenne
BJ-1AB4ABCB,Électronique Industry,Industrie & Manufacture,Porto-Novo,+229 62 73 47 26,,,PME (10-50),B2B,LinkedIn,,Actif,2026-06-29T00:15:34.487689,basse
BJ-CF494CD5,Chimie,Industrie & Manufacture,Porto-Novo,+229 97 64 54 89,chimie@chimie.bj,,TPE (<10),B2B,LinkedIn,,Actif,2026-06-29T00:15:34.487704,moyenne
BJ-5E979417,Électronique Groupe,Industrie & Manufacture,Porto-Novo,+229 21 44 47 61,,,PME (10-50),B2B,LinkedIn,,Actif,2026-06-29T00:15:34.487715,basse
BJ-CF1427E3,Manufacture Électronique Factory,Industrie & Manufacture,Parakou,+229 39 47 83 86,manufacture.électronique.factory@manufacture.électronique.factory.bj,manufactureélectroniquefactory.bj,Grande (>200),B2B,LinkedIn,,Actif,2026-06-29T00:15:34.487748,haute
BJ-F28B47E3,Alimentaire SA,Industrie & Manufacture,Parakou,+229 65 62 93 95,alimentaire.sa@alimentaire.sa.bj,alimentairesa.bj,PME (50-200),B2B,LinkedIn,,Actif,2026-06-29T00:15:34.487762,haute
BJ-3C45D33C,Production Bénin,Industrie & Manufacture,Parakou,+229 26 22 73 46,production.bénin@production.bénin.org,productionbénin.bj,TPE (<10),B2B,LinkedIn,,Actif,2026-06-29T00:15:34.487800,haute
BJ-CE092735,Industrie Chimie Factory,Industrie & Manufacture,Bohicon,+229 86 86 23 91,industrie.chimie.factory@industrie.chimie.factory.com,,PME (10-50),B2B,LinkedIn,,Actif,2026-06-29T00:15:34.487817,moyenne
BJ-44743B00,Bois Groupe,Industrie & Manufacture,Bohicon,+229 66 62 26 49,,,PME (10-50),B2B,LinkedIn,,Actif,2026-06-29T00:15:34.487830,basse
BJ-A7627D73,Électronique,Industrie & Manufacture,Bohicon,+229 81 90 92 85,électronique@électronique.net,électronique.bj,PME (50-200),B2B,LinkedIn,,Actif,2026-06-29T00:15:34.487843,haute
BJ-3FC99A12,Industrie Métal,Industrie & Manufacture,Bohicon,+229 45 49 94 40,industrie.métal@industrie.métal.net,industriemétal.bj,TPE (<10),B2B,LinkedIn,,Actif,2026-06-29T00:15:34.487866,haute
BJ-E82BED48,Manufacture Fabrication Groupe Natitingou,Industrie & Manufacture,Natitingou,+229 61 79 39 40,manufacture.fabrication.groupe.natitingou@manufacture.fabrication.groupe.natitingou.benin,,TPE (<10),B2B,LinkedIn,,Actif,2026-06-29T00:15:34.487884,moyenne
BJ-DF14FDDE,Bois SARL,Industrie & Manufacture,Natitingou,+229 43 36 60 46,bois.sarl@bois.sarl.benin,,PME (10-50),B2B,LinkedIn,,Actif,2026-06-29T00:15:34.487907,moyenne
BJ-FBACF3A4,Pharmaceutique Natitingou,Industrie & Manufacture,Natitingou,+229 96 85 80 90,,,PME (50-200),B2B,LinkedIn,,Actif,2026-06-29T00:15:34.487933,basse
BJ-242101AC,Automobile Bénin,Industrie & Manufacture,Natitingou,+229 61 95 81 54,,,TPE (<10),B2B,LinkedIn,,Actif,2026-06-29T00:15:34.487943,basse
BJ-615DC65C,Fabrique Métal,Industrie & Manufacture,Lokossa,+229 64 51 14 44,,,PME (50-200),B2B,LinkedIn,,Actif,2026-06-29T00:15:34.487960,basse
BJ-1424D3B6,Automobile,Industrie & Manufacture,Lokossa,+229 24 68 92 70,automobile@automobile.org,automobile.bj,PME (50-200),B2B,LinkedIn,,Actif,2026-06-29T00:15:34.487992,haute
BJ-B86E984B,Industrie Mécanique Groupe,Industrie & Manufacture,Lokossa,+229 96 28 12 51,,,Grande (>200),B2B,LinkedIn,,Actif,2026-06-29T00:15:34.488002,basse
BJ-7826B171,Usine Automobile,Industrie & Manufacture,Lokossa,+229 87 70 84 85,,usineautomobile.bj,PME (10-50),B2B,LinkedIn,,Actif,2026-06-29T00:15:34.488013,moyenne
BJ-93C27AF3,Industrie Textile,Industrie & Manufacture,Ouidah,+229 23 14 64 91,,,Grande (>200),B2B,LinkedIn,,Actif,2026-06-29T00:15:34.488028,basse
BJ-2A3B69F0,Usine Automobile,Industrie & Manufacture,Ouidah,+229 31 55 17 43,usine.automobile@usine.automobile.net,usineautomobile.bj,TPE (<10),B2B,LinkedIn,,Actif,2026-06-29T00:15:34.488040,haute
BJ-E37FB05F,Fabrique Métal Industry,Industrie & Manufacture,Ouidah,+229 48 37 90 31,,fabriquemétalindustry.bj,TPE (<10),B2B,LinkedIn,,Actif,2026-06-29T00:15:34.488051,moyenne
BJ-0D040725,Fabrique Mécanique Bénin,Industrie & Manufacture,Ouidah,+229 58 56 20 73,fabrique.mécanique.bénin@fabrique.mécanique.bénin.org,,PME (50-200),B2B,LinkedIn,,Actif,2026-06-29T00:15:34.488063,moyenne
BJ-393DAB28,Production Manufacture Savalou,Industrie & Manufacture,Savalou,+229 29 79 14 22,production.manufacture.savalou@production.manufacture.savalou.com,,PME (10-50),B2B,LinkedIn,,Actif,2026-06-29T00:15:34.488090,moyenne
BJ-89A55B01,Alimentaire Groupe,Industrie & Manufacture,Savalou,+229 61 17 21 44,,alimentairegroupe.bj,PME (50-200),B2B,LinkedIn,,Actif,2026-06-29T00:15:34.488116,moyenne
BJ-E857D045,Usine Alimentaire Africa,Industrie & Manufacture,Savalou,+229 69 14 98 35,,,Grande (>200),B2B,LinkedIn,,Actif,2026-06-29T00:15:34.488139,basse
BJ-8CA2952A,Fabrique Mécanique SARL,Industrie & Manufacture,Dassa-Zoumè,+229 67 88 18 51,,,Grande (>200),B2B,LinkedIn,,Actif,2026-06-29T00:15:34.488160,basse
BJ-4B4AC281,Chimie,Industrie & Manufacture,Dassa-Zoumè,+229 89 50 31 66,chimie@chimie.net,,PME (10-50),B2B,LinkedIn,,Actif,2026-06-29T00:15:34.488172,moyenne
BJ-197A770D,Fabrique Pharmaceutique,Industrie & Manufacture,Dassa-Zoumè,+229 53 32 16 61,,fabriquepharmaceutique.bj,Grande (>200),B2B,LinkedIn,,Actif,2026-06-29T00:15:34.488206,moyenne
BJ-3E1F8E52,Automobile Manufacture,Industrie & Manufacture,Kétou,+229 37 35 86 92,automobile.manufacture@automobile.manufacture.benin,,PME (10-50),B2B,LinkedIn,,Actif,2026-06-29T00:15:34.488223,moyenne
BJ-04E78539,Automobile Africa,Industrie & Manufacture,Kétou,+229 46 76 81 93,,,PME (10-50),B2B,LinkedIn,,Actif,2026-06-29T00:15:34.488237,basse
BJ-225F7F37,Production Mécanique Bénin,Industrie & Manufacture,Kétou,+229 53 18 16 68,production.mécanique.bénin@production.mécanique.bénin.com,,PME (10-50),B2B,LinkedIn,,Actif,2026-06-29T00:15:34.488250,moyenne
BJ-6B921656,Usine Transformation,Industrie & Manufacture,Kétou,+229 91 68 55 69,,usinetransformation.bj,PME (10-50),B2B,LinkedIn,,Actif,2026-06-29T00:15:34.488260,moyenne
BJ-CF12BF85,Production Automobile Groupe,Industrie & Manufacture,Covè,+229 75 79 89 10,production.automobile.groupe@production.automobile.groupe.org,productionautomobilegroupe.bj,PME (50-200),B2B,LinkedIn,,Actif,2026-06-29T00:15:34.488290,haute
BJ-6D52104E,Textile Bénin,Industrie & Manufacture,Covè,+229 40 25 27 22,textile.bénin@textile.bénin.bj,,Grande (>200),B2B,LinkedIn,,Actif,2026-06-29T00:15:34.488302,moyenne
BJ-40338125,Industrie Bois Pobè,Industrie & Manufacture,Pobè,+229 38 75 52 43,industrie.bois.pobè@industrie.bois.pobè.org,,TPE (<10),B2B,LinkedIn,,Actif,2026-06-29T00:15:34.488352,moyenne
BJ-3B422691,Industrie Production Factory,Industrie & Manufacture,Pobè,+229 59 82 72 24,,industrieproductionfactory.bj,PME (10-50),B2B,LinkedIn,,Actif,2026-06-29T00:15:34.488366,moyenne
BJ-A8FD9FF4,Mécanique,Industrie & Manufacture,Pobè,+229 75 19 85 59,mécanique@mécanique.bj,,TPE (<10),B2B,LinkedIn,,Actif,2026-06-29T00:15:34.488393,moyenne
BJ-A4CC5D47,Manufacture Plastique,Industrie & Manufacture,Sakété,+229 28 48 23 79,,manufactureplastique.bj,TPE (<10),B2B,LinkedIn,,Actif,2026-06-29T00:15:34.488420,moyenne
BJ-9A9CF3CA,Usine Plastique SA,Industrie & Manufacture,Sakété,+229 48 40 19 54,,usineplastiquesa.bj,TPE (<10),B2B,LinkedIn,,Actif,2026-06-29T00:15:34.488431,moyenne
BJ-F506A834,Alimentaire Industry,Industrie & Manufacture,Sakété,+229 59 20 80 61,,,PME (10-50),B2B,LinkedIn,,Actif,2026-06-29T00:15:34.488441,basse
BJ-FA206398,Manufacture Chimie Manufacture,Industrie & Manufacture,Sakété,+229 90 33 31 60,,,TPE (<10),B2B,LinkedIn,,Actif,2026-06-29T00:15:34.488452,basse
BJ-6DEF6196,Manufacture Textile Industry,Industrie & Manufacture,Sakété,+229 34 49 87 49,,,TPE (<10),B2B,LinkedIn,,Actif,2026-06-29T00:15:34.488463,basse
BJ-2DA870C3,Atelier Production,Industrie & Manufacture,Adjara,+229 91 27 32 94,,atelierproduction.bj,TPE (<10),B2B,LinkedIn,,Actif,2026-06-29T00:15:34.488479,moyenne
BJ-ED7475DC,Alimentaire,Industrie & Manufacture,Adjara,+229 78 51 96 67,alimentaire@alimentaire.org,alimentaire.bj,TPE (<10),B2B,LinkedIn,,Actif,2026-06-29T00:15:34.488493,haute
BJ-851EB168,Mécanique Bénin,Industrie & Manufacture,Adjara,+229 23 89 94 34,mécanique.bénin@mécanique.bénin.com,,PME (50-200),B2B,LinkedIn,,Actif,2026-06-29T00:15:34.488508,moyenne
BJ-B38C1A75,Usine Alimentaire Industry,Industrie & Manufacture,Adjara,+229 78 50 28 72,usine.alimentaire.industry@usine.alimentaire.industry.org,usinealimentaireindustry.bj,TPE (<10),B2B,LinkedIn,,Actif,2026-06-29T00:15:34.488520,haute
BJ-AB8FCFAE,Métal Industry,Industrie & Manufacture,Adjara,+229 26 88 32 54,,,PME (50-200),B2B,LinkedIn,,Actif,2026-06-29T00:15:34.488531,basse
BJ-4B26F07E,Production Électronique,Industrie & Manufacture,Allada,+229 65 95 76 46,,productionélectronique.bj,TPE (<10),B2B,LinkedIn,,Actif,2026-06-29T00:15:34.488563,moyenne
BJ-162D0C37,Automobile Groupe,Industrie & Manufacture,Allada,+229 22 26 39 26,automobile.groupe@automobile.groupe.net,,PME (10-50),B2B,LinkedIn,,Actif,2026-06-29T00:15:34.488574,moyenne
BJ-DFD1FB09,Fabrique Mécanique,Industrie & Manufacture,Allada,+229 55 81 35 15,fabrique.mécanique@fabrique.mécanique.org,,PME (10-50),B2B,LinkedIn,,Actif,2026-06-29T00:15:34.488586,moyenne
BJ-A1643042,Industrie Production SA Allada,Industrie & Manufacture,Allada,+229 30 17 28 68,,industrieproductionsaallada.bj,PME (10-50),B2B,LinkedIn,,Actif,2026-06-29T00:15:34.488601,moyenne
BJ-D80D5FF0,Usine Bois Manufacture,Industrie & Manufacture,Aplahoué,+229 41 18 64 93,usine.bois.manufacture@usine.bois.manufacture.bj,usineboismanufacture.bj,PME (10-50),B2B,LinkedIn,,Actif,2026-06-29T00:15:34.488619,haute
BJ-7724DB19,Usine Alimentaire Industry,Industrie & Manufacture,Aplahoué,+229 20 41 86 90,,usinealimentaireindustry.bj,TPE (<10),B2B,LinkedIn,,Actif,2026-06-29T00:15:34.488645,moyenne
BJ-CA383701,Atelier Fabrication Africa,Industrie & Manufacture,Aplahoué,+229 54 56 25 83,atelier.fabrication.africa@atelier.fabrication.africa.com,,PME (50-200),B2B,LinkedIn,,Actif,2026-06-29T00:15:34.488656,moyenne
BJ-131ADCAE,Production Bénin Dogbo-Tota,Industrie & Manufacture,Dogbo-Tota,+229 46 10 13 37,production.bénin.dogbotota@production.bénin.dogbotota.benin,,TPE (<10),B2B,LinkedIn,,Actif,2026-06-29T00:15:34.488686,moyenne
BJ-A80B41BE,Fabrique Automobile Industry Dogbo-Tota,Industrie & Manufacture,Dogbo-Tota,+229 96 63 29 64,fabrique.automobile.industry.dogbotota@fabrique.automobile.industry.dogbotota.org,,PME (50-200),B2B,LinkedIn,,Actif,2026-06-29T00:15:34.488698,moyenne
BJ-8B400AA2,Fabrique Plastique SA,Industrie & Manufacture,Dogbo-Tota,+229 88 97 81 85,,fabriqueplastiquesa.bj,TPE (<10),B2B,LinkedIn,,Actif,2026-06-29T00:15:34.488711,moyenne
BJ-0E49D2E8,Production Chimie,Industrie & Manufacture,Dogbo-Tota,+229 89 95 22 84,,,TPE (<10),B2B,LinkedIn,,Actif,2026-06-29T00:15:34.488722,basse
BJ-BC60BFA0,Transformation Factory,Industrie & Manufacture,Dogbo-Tota,+229 66 44 31 76,transformation.factory@transformation.factory.bj,,PME (10-50),B2B,LinkedIn,,Actif,2026-06-29T00:15:34.488733,moyenne
BJ-BB437BBD,Textile Bénin,Industrie & Manufacture,Kpomassè,+229 64 18 67 62,textile.bénin@textile.bénin.com,textilebénin.bj,TPE (<10),B2B,LinkedIn,,Actif,2026-06-29T00:15:34.488752,haute
BJ-CE59EA88,Manufacture Transformation Industry,Industrie & Manufacture,Kpomassè,+229 73 93 92 34,manufacture.transformation.industry@manufacture.transformation.industry.benin,,TPE (<10),B2B,LinkedIn,,Actif,2026-06-29T00:15:34.488766,moyenne
BJ-BBC92684,Mécanique,Industrie & Manufacture,Kpomassè,+229 31 40 73 36,mécanique@mécanique.com,,PME (10-50),B2B,LinkedIn,,Actif,2026-06-29T00:15:34.488779,moyenne
BJ-6D95B49F,Industrie Chimie,Industrie & Manufacture,Kpomassè,+229 87 17 51 52,industrie.chimie@industrie.chimie.org,industriechimie.bj,TPE (<10),B2B,LinkedIn,,Actif,2026-06-29T00:15:34.488790,haute
BJ-3A841040,Usine Transformation,Industrie & Manufacture,Kpomassè,+229 93 42 55 66,usine.transformation@usine.transformation.benin,,PME (10-50),B2B,LinkedIn,,Actif,2026-06-29T00:15:34.488802,moyenne
BJ-B4659461,Chimie Manufacture,Industrie & Manufacture,Tori-Bossito,+229 43 37 10 56,chimie.manufacture@chimie.manufacture.net,chimiemanufacture.bj,TPE (<10),B2B,LinkedIn,,Actif,2026-06-29T00:15:34.488822,haute
BJ-62AD1EBE,Atelier Production Groupe,Industrie & Manufacture,Tori-Bossito,+229 65 77 56 68,,atelierproductiongroupe.bj,Grande (>200),B2B,LinkedIn,,Actif,2026-06-29T00:15:34.488834,moyenne
BJ-0C5240F0,Fabrique Transformation,Industrie & Manufacture,Tori-Bossito,+229 41 44 63 18,,,TPE (<10),B2B,LinkedIn,,Actif,2026-06-29T00:15:34.488859,basse
BJ-83C0C499,Industrie Électronique Manufacture,Industrie & Manufacture,Tori-Bossito,+229 57 75 57 51,,industrieélectroniquemanufacture.bj,PME (10-50),B2B,LinkedIn,,Actif,2026-06-29T00:15:34.488871,moyenne
BJ-14CEC6C5,Manufacture Électronique SA,Industrie & Manufacture,Grand-Popo,+229 71 35 76 32,manufacture.électronique.sa@manufacture.électronique.sa.benin,,TPE (<10),B2B,LinkedIn,,Actif,2026-06-29T00:15:34.488919,moyenne
BJ-DBCAA2EB,Atelier Fabrication,Industrie & Manufacture,Grand-Popo,+229 37 21 93 49,,atelierfabrication.bj,TPE (<10),B2B,LinkedIn,,Actif,2026-06-29T00:15:34.488952,moyenne
BJ-2C36CF65,Manufacture Bois,Industrie & Manufacture,Athiémé,+229 48 25 73 94,manufacture.bois@manufacture.bois.bj,manufacturebois.bj,PME (50-200),B2B,LinkedIn,,Actif,2026-06-29T00:15:34.488981,haute
BJ-B532E549,Mécanique Bénin,Industrie & Manufacture,Athiémé,+229 23 33 61 90,,mécaniquebénin.bj,TPE (<10),B2B,LinkedIn,,Actif,2026-06-29T00:15:34.488993,moyenne
BJ-6AEA2A0F,Usine Pharmaceutique Athiémé,Industrie & Manufacture,Athiémé,+229 45 87 85 12,,usinepharmaceutiqueathiémé.bj,PME (10-50),B2B,LinkedIn,,Actif,2026-06-29T00:15:34.489015,moyenne
BJ-F2DEEB2A,Industrie Mécanique Industry,Industrie & Manufacture,Bopa,+229 31 69 77 77,industrie.mécanique.industry@industrie.mécanique.industry.bj,industriemécaniqueindustry.bj,PME (10-50),B2B,LinkedIn,,Actif,2026-06-29T00:15:34.489038,haute
BJ-CBA390E9,Métal Factory,Industrie & Manufacture,Bopa,+229 41 29 33 82,,métalfactory.bj,TPE (<10),B2B,LinkedIn,,Actif,2026-06-29T00:15:34.489054,moyenne
BJ-DEE472AF,Production Mécanique Manufacture,Industrie & Manufacture,Bopa,+229 54 98 75 36,,,TPE (<10),B2B,LinkedIn,,Actif,2026-06-29T00:15:34.489068,basse
BJ-FA7C2D33,Fabrication SARL,Industrie & Manufacture,Bopa,+229 35 27 97 85,,,TPE (<10),B2B,LinkedIn,,Actif,2026-06-29T00:15:34.489079,basse
BJ-F3C7EEFD,Production Factory,Industrie & Manufacture,Bopa,+229 54 52 36 58,production.factory@production.factory.net,productionfactory.bj,PME (50-200),B2B,LinkedIn,,Actif,2026-06-29T00:15:34.489091,haute
BJ-342B3466,Fabrique Plastique,Industrie & Manufacture,Houéyogbé,+229 60 30 34 49,fabrique.plastique@fabrique.plastique.net,,TPE (<10),B2B,LinkedIn,,Actif,2026-06-29T00:15:34.489120,moyenne
BJ-A0B43547,Mécanique,Industrie & Manufacture,Houéyogbé,+229 25 40 47 52,,,TPE (<10),B2B,LinkedIn,,Actif,2026-06-29T00:15:34.489130,basse
BJ-67E9C064,Chimie Africa,Industrie & Manufacture,Houéyogbé,+229 24 90 85 51,chimie.africa@chimie.africa.org,,Grande (>200),B2B,LinkedIn,,Actif,2026-06-29T00:15:34.489142,moyenne
BJ-BCD4D166,Industrie Alimentaire Houéyogbé,Industrie & Manufacture,Houéyogbé,+229 60 49 65 86,industrie.alimentaire.houéyogbé@industrie.alimentaire.houéyogbé.benin,industriealimentairehouéyogbé.bj,Grande (>200),B2B,LinkedIn,,Actif,2026-06-29T00:15:34.489156,haute
BJ-94A89D7D,Production Plastique,Industrie & Manufacture,Malanville,+229 37 86 82 64,,,PME (50-200),B2B,LinkedIn,,Actif,2026-06-29T00:15:34.489186,basse
BJ-CAF48196,Manufacture Électronique Groupe Malanville,Industrie & Manufacture,Malanville,+229 77 16 87 79,,manufactureélectroniquegroupemalanville.bj,PME (50-200),B2B,LinkedIn,,Actif,2026-06-29T00:15:34.489200,moyenne
BJ-CD1841C0,Industrie Électronique SARL,Industrie & Manufacture,Malanville,+229 87 41 48 63,industrie.électronique.sarl@industrie.électronique.sarl.com,industrieélectroniquesarl.bj,TPE (<10),B2B,LinkedIn,,Actif,2026-06-29T00:15:34.489213,haute
BJ-CC587C78,Mécanique Malanville,Industrie & Manufacture,Malanville,+229 52 59 50 90,mécanique.malanville@mécanique.malanville.bj,,TPE (<10),B2B,LinkedIn,,Actif,2026-06-29T00:15:34.489225,moyenne
BJ-AFC89440,Fabrication Industry,Industrie & Manufacture,Kandi,+229 38 39 96 28,,fabricationindustry.bj,PME (10-50),B2B,LinkedIn,,Actif,2026-06-29T00:15:34.489268,moyenne
BJ-DEA2D1DE,Production Kandi,Industrie & Manufacture,Kandi,+229 38 29 83 53,production.kandi@production.kandi.benin,productionkandi.bj,TPE (<10),B2B,LinkedIn,,Actif,2026-06-29T00:15:34.489291,haute
BJ-49E1D243,Industrie Mécanique SARL,Industrie & Manufacture,Banikoara,+229 66 65 76 85,,industriemécaniquesarl.bj,TPE (<10),B2B,LinkedIn,,Actif,2026-06-29T00:15:34.489312,moyenne
BJ-A59AC596,Pharmaceutique SARL,Industrie & Manufacture,Banikoara,+229 87 62 66 11,,,PME (10-50),B2B,LinkedIn,,Actif,2026-06-29T00:15:34.489350,basse
BJ-3FBEEED7,Transformation Africa Banikoara,Industrie & Manufacture,Banikoara,+229 66 99 72 71,transformation.africa.banikoara@transformation.africa.banikoara.net,,PME (50-200),B2B,LinkedIn,,Actif,2026-06-29T00:15:34.489361,moyenne
BJ-9C2C6526,Plastique SARL,Industrie & Manufacture,Ségbana,+229 37 85 57 86,plastique.sarl@plastique.sarl.net,,TPE (<10),B2B,LinkedIn,,Actif,2026-06-29T00:15:34.489389,moyenne
BJ-1CA8DA44,Automobile Groupe,Industrie & Manufacture,Ségbana,+229 41 38 94 86,,,PME (10-50),B2B,LinkedIn,,Actif,2026-06-29T00:15:34.489399,basse
BJ-1D6A0B9A,Fabrique Pharmaceutique Groupe,Industrie & Manufacture,Ségbana,+229 33 10 33 71,fabrique.pharmaceutique.groupe@fabrique.pharmaceutique.groupe.org,fabriquepharmaceutiquegroupe.bj,TPE (<10),B2B,LinkedIn,,Actif,2026-06-29T00:15:34.489412,haute
BJ-2214AE0D,Industrie Bois,Industrie & Manufacture,Ségbana,+229 30 22 56 30,industrie.bois@industrie.bois.net,,PME (10-50),B2B,LinkedIn,,Actif,2026-06-29T00:15:34.489423,moyenne
BJ-D3C021C8,Industrie Automobile Factory Karimama,Industrie & Manufacture,Karimama,+229 34 12 55 93,,industrieautomobilefactorykarimama.bj,PME (10-50),B2B,LinkedIn,,Actif,2026-06-29T00:15:34.489440,moyenne
BJ-3753DDAE,Production Production Karimama,Industrie & Manufacture,Karimama,+229 90 26 13 73,,,TPE (<10),B2B,LinkedIn,,Actif,2026-06-29T00:15:34.489454,basse
BJ-8443F75E,Atelier Métal Factory,Industrie & Manufacture,Karimama,+229 43 71 60 20,,,PME (10-50),B2B,LinkedIn,,Actif,2026-06-29T00:15:34.489466,basse
BJ-E3DED54E,Industrie Transformation SA,Industrie & Manufacture,Karimama,+229 98 30 41 71,,industrietransformationsa.bj,PME (10-50),B2B,LinkedIn,,Actif,2026-06-29T00:15:34.489491,moyenne
BJ-57B0C784,Manufacture Pharmaceutique,Industrie & Manufacture,Gogounou,+229 94 53 68 52,,,TPE (<10),B2B,LinkedIn,,Actif,2026-06-29T00:15:34.489506,basse
BJ-AFD40B37,Atelier Pharmaceutique Gogounou,Industrie & Manufacture,Gogounou,+229 48 62 57 19,atelier.pharmaceutique.gogounou@atelier.pharmaceutique.gogounou.net,atelierpharmaceutiquegogounou.bj,PME (10-50),B2B,LinkedIn,,Actif,2026-06-29T00:15:34.489528,haute
BJ-CD23CC95,Bois Manufacture,Industrie & Manufacture,Gogounou,+229 82 59 84 25,,,TPE (<10),B2B,LinkedIn,,Actif,2026-06-29T00:15:34.489539,basse
BJ-6F02E238,Fabrique Pharmaceutique,Industrie & Manufacture,Gogounou,+229 94 47 75 41,fabrique.pharmaceutique@fabrique.pharmaceutique.net,,PME (10-50),B2B,LinkedIn,,Actif,2026-06-29T00:15:34.489550,moyenne
BJ-93764414,Plastique Manufacture,Industrie & Manufacture,Cobly,+229 24 40 53 32,plastique.manufacture@plastique.manufacture.com,,TPE (<10),B2B,LinkedIn,,Actif,2026-06-29T00:15:34.489587,moyenne
BJ-DE269857,Métal Manufacture,Industrie & Manufacture,Tanguiéta,+229 54 44 51 21,métal.manufacture@métal.manufacture.com,,PME (10-50),B2B,LinkedIn,,Actif,2026-06-29T00:15:34.489640,moyenne
BJ-B471EE91,Usine Mécanique,Industrie & Manufacture,Tanguiéta,+229 61 57 93 41,,usinemécanique.bj,PME (50-200),B2B,LinkedIn,,Actif,2026-06-29T00:15:34.489656,moyenne
BJ-E488E432,Transformation Factory,Industrie & Manufacture,Tanguiéta,+229 71 84 96 36,,,PME (10-50),B2B,LinkedIn,,Actif,2026-06-29T00:15:34.489668,basse
BJ-8358ABAD,Atelier Pharmaceutique Bénin Tanguiéta,Industrie & Manufacture,Tanguiéta,+229 59 76 11 14,,,TPE (<10),B2B,LinkedIn,,Actif,2026-06-29T00:15:34.489679,basse
BJ-8D000420,Bois,Industrie & Manufacture,Tanguiéta,+229 95 42 84 48,,bois.bj,TPE (<10),B2B,LinkedIn,,Actif,2026-06-29T00:15:34.489690,moyenne
BJ-8791F7B3,Manufacture Automobile Matéri,Industrie & Manufacture,Matéri,+229 89 52 41 46,,manufactureautomobilematéri.bj,TPE (<10),B2B,LinkedIn,,Actif,2026-06-29T00:15:34.489708,moyenne
BJ-693858AA,Plastique Manufacture Matéri,Industrie & Manufacture,Matéri,+229 25 34 48 69,plastique.manufacture.matéri@plastique.manufacture.matéri.bj,,PME (10-50),B2B,LinkedIn,,Actif,2026-06-29T00:15:34.489726,moyenne
BJ-CA345075,Manufacture Textile Manufacture,Industrie & Manufacture,Matéri,+229 77 36 74 20,,,PME (10-50),B2B,LinkedIn,,Actif,2026-06-29T00:15:34.489739,basse
BJ-682F9BE0,Mécanique Factory Matéri,Industrie & Manufacture,Matéri,+229 58 36 30 13,mécanique.factory.matéri@mécanique.factory.matéri.benin,,TPE (<10),B2B,LinkedIn,,Actif,2026-06-29T00:15:34.489751,moyenne
BJ-A9DAB30B,Usine Pharmaceutique Manufacture,Industrie & Manufacture,Matéri,+229 42 66 22 51,usine.pharmaceutique.manufacture@usine.pharmaceutique.manufacture.benin,,PME (50-200),B2B,LinkedIn,,Actif,2026-06-29T00:15:34.489774,moyenne
BJ-3FFC7E7D,Production Métal SARL Natitingou,Industrie & Manufacture,Natitingou,+229 23 36 82 84,,,TPE (<10),B2B,LinkedIn,,Actif,2026-06-29T00:15:34.489813,basse
BJ-251158E6,Atelier Automobile,Industrie & Manufacture,Natitingou,+229 38 26 78 23,,atelierautomobile.bj,TPE (<10),B2B,LinkedIn,,Actif,2026-06-29T00:15:34.489840,moyenne
BJ-2DDF7D34,Alimentaire SA,Industrie & Manufacture,Natitingou,+229 93 63 85 81,,,TPE (<10),B2B,LinkedIn,,Actif,2026-06-29T00:15:34.489866,basse
BJ-E64D8764,Manufacture Textile SA,Industrie & Manufacture,Natitingou,+229 47 17 92 85,,manufacturetextilesa.bj,TPE (<10),B2B,LinkedIn,,Actif,2026-06-29T00:15:34.489936,moyenne
BJ-C0B3C0AF,Chimie,Industrie & Manufacture,Toucountouna,+229 84 76 21 54,,chimie.bj,PME (10-50),B2B,LinkedIn,,Actif,2026-06-29T00:15:34.489985,moyenne
BJ-4BCE66B6,Mécanique Toucountouna,Industrie & Manufacture,Toucountouna,+229 90 92 62 14,,mécaniquetoucountouna.bj,TPE (<10),B2B,LinkedIn,,Actif,2026-06-29T00:15:34.490023,moyenne
BJ-E7A912DD,Textile,Industrie & Manufacture,Toucountouna,+229 95 47 85 27,,textile.bj,TPE (<10),B2B,LinkedIn,,Actif,2026-06-29T00:15:34.490051,moyenne
BJ-B53D6397,Fabrique Mécanique Toucountouna,Industrie & Manufacture,Toucountouna,+229 72 34 46 21,fabrique.mécanique.toucountouna@fabrique.mécanique.toucountouna.benin,fabriquemécaniquetoucountouna.bj,TPE (<10),B2B,LinkedIn,,Actif,2026-06-29T00:15:34.490083,haute
BJ-94E77615,Fabrique Électronique Industry,Industrie & Manufacture,Toucountouna,+229 75 36 84 39,fabrique.électronique.industry@fabrique.électronique.industry.benin,fabriqueélectroniqueindustry.bj,TPE (<10),B2B,LinkedIn,,Actif,2026-06-29T00:15:34.490110,haute
BJ-2CB3710A,Industrie Bois Groupe,Industrie & Manufacture,Boukoumbé,+229 46 90 26 52,industrie.bois.groupe@industrie.bois.groupe.org,,PME (50-200),B2B,LinkedIn,,Actif,2026-06-29T00:15:34.490145,moyenne
BJ-FC4D841A,Usine Textile,Industrie & Manufacture,Boukoumbé,+229 80 57 20 26,,,TPE (<10),B2B,LinkedIn,,Actif,2026-06-29T00:15:34.490169,basse
BJ-7310354A,Industrie Plastique,Industrie & Manufacture,Boukoumbé,+229 87 42 86 63,,industrieplastique.bj,PME (50-200),B2B,LinkedIn,,Actif,2026-06-29T00:15:34.490202,moyenne
BJ-E2A64327,Électronique Bénin,Industrie & Manufacture,Boukoumbé,+229 66 66 50 22,,,PME (50-200),B2B,LinkedIn,,Actif,2026-06-29T00:15:34.490220,basse
BJ-5F8DF51C,Industrie Électronique,Industrie & Manufacture,Kouandé,+229 48 75 16 17,industrie.électronique@industrie.électronique.org,,PME (10-50),B2B,LinkedIn,,Actif,2026-06-29T00:15:34.490252,moyenne
BJ-BB5AFDC2,Industrie Pharmaceutique Bénin Kouandé,Industrie & Manufacture,Kouandé,+229 33 89 57 45,industrie.pharmaceutique.bénin.kouandé@industrie.pharmaceutique.bénin.kouandé.net,,PME (10-50),B2B,LinkedIn,,Actif,2026-06-29T00:15:34.490269,moyenne
BJ-0A2AFD13,Usine Plastique Manufacture,Industrie & Manufacture,Kouandé,+229 20 47 10 69,,,PME (50-200),B2B,LinkedIn,,Actif,2026-06-29T00:15:34.490281,basse
BJ-4A2511DA,Usine Textile Factory,Industrie & Manufacture,Kouandé,+229 96 86 62 28,usine.textile.factory@usine.textile.factory.org,usinetextilefactory.bj,TPE (<10),B2B,LinkedIn,,Actif,2026-06-29T00:15:34.490293,haute
BJ-F0AB199F,Atelier Bois,Industrie & Manufacture,Kouandé,+229 39 10 71 65,,atelierbois.bj,PME (50-200),B2B,LinkedIn,,Actif,2026-06-29T00:15:34.490304,moyenne
BJ-E16255E1,Textile Africa,Industrie & Manufacture,Péhunco,+229 21 77 51 90,textile.africa@textile.africa.com,textileafrica.bj,PME (10-50),B2B,LinkedIn,,Actif,2026-06-29T00:15:34.490334,haute
BJ-1A32CD0E,Production Pharmaceutique,Industrie & Manufacture,Péhunco,+229 37 19 16 95,,productionpharmaceutique.bj,PME (10-50),B2B,LinkedIn,,Actif,2026-06-29T00:15:34.490345,moyenne
BJ-01D3FD19,Industrie Production Bénin,Industrie & Manufacture,Péhunco,+229 43 38 94 50,,,TPE (<10),B2B,LinkedIn,,Actif,2026-06-29T00:15:34.490355,basse
BJ-BC8EF1A8,Mécanique,Industrie & Manufacture,Tchaourou,+229 95 28 38 59,mécanique@mécanique.org,mécanique.bj,TPE (<10),B2B,LinkedIn,,Actif,2026-06-29T00:15:34.490402,haute
BJ-860131F2,Industrie Production SARL,Industrie & Manufacture,Tchaourou,+229 86 76 37 39,,industrieproductionsarl.bj,TPE (<10),B2B,LinkedIn,,Actif,2026-06-29T00:15:34.490414,moyenne
BJ-C670BD6F,Plastique SARL,Industrie & Manufacture,Tchaourou,+229 69 94 42 62,,,PME (10-50),B2B,LinkedIn,,Actif,2026-06-29T00:15:34.490438,basse
BJ-D3EA7A35,Manufacture Alimentaire,Industrie & Manufacture,Nikki,+229 74 57 37 51,manufacture.alimentaire@manufacture.alimentaire.bj,,TPE (<10),B2B,LinkedIn,,Actif,2026-06-29T00:15:34.490468,moyenne
BJ-52BA45A4,Plastique Industry Nikki,Industrie & Manufacture,Nikki,+229 90 71 92 68,,plastiqueindustrynikki.bj,PME (50-200),B2B,LinkedIn,,Actif,2026-06-29T00:15:34.490479,moyenne
BJ-F0B15B47,Production Bois Industry,Industrie & Manufacture,Nikki,+229 94 46 34 92,production.bois.industry@production.bois.industry.com,productionboisindustry.bj,TPE (<10),B2B,LinkedIn,,Actif,2026-06-29T00:15:34.490502,haute
BJ-370F47AE,Transformation SA,Industrie & Manufacture,Bembéréké,+229 86 73 34 94,transformation.sa@transformation.sa.net,,TPE (<10),B2B,LinkedIn,,Actif,2026-06-29T00:15:34.490533,moyenne
BJ-1308BFBD,Métal Manufacture,Industrie & Manufacture,Bembéréké,+229 22 60 91 44,métal.manufacture@métal.manufacture.net,métalmanufacture.bj,PME (10-50),B2B,LinkedIn,,Actif,2026-06-29T00:15:34.490546,haute
BJ-A8D01E6F,Transformation Manufacture Bembéréké,Industrie & Manufacture,Bembéréké,+229 62 49 45 30,transformation.manufacture.bembéréké@transformation.manufacture.bembéréké.net,,TPE (<10),B2B,LinkedIn,,Actif,2026-06-29T00:15:34.490558,moyenne
BJ-93E54640,Pharmaceutique Groupe,Industrie & Manufacture,Bembéréké,+229 63 92 92 86,pharmaceutique.groupe@pharmaceutique.groupe.org,,PME (50-200),B2B,LinkedIn,,Actif,2026-06-29T00:15:34.490570,moyenne
BJ-5605ABB6,Pharmaceutique,Industrie & Manufacture,Kalalé,+229 61 52 17 53,pharmaceutique@pharmaceutique.org,pharmaceutique.bj,TPE (<10),B2B,LinkedIn,,Actif,2026-06-29T00:15:34.490598,haute
BJ-2E5B04AA,Industrie Automobile Africa Kalalé,Industrie & Manufacture,Kalalé,+229 69 64 77 12,,industrieautomobileafricakalalé.bj,PME (10-50),B2B,LinkedIn,,Actif,2026-06-29T00:15:34.490609,moyenne
BJ-65873F3E,Mécanique Factory,Industrie & Manufacture,Kalalé,+229 20 83 43 55,,mécaniquefactory.bj,TPE (<10),B2B,LinkedIn,,Actif,2026-06-29T00:15:34.490620,moyenne
BJ-93B9270B,Atelier Plastique,Industrie & Manufacture,Kalalé,+229 32 22 70 21,atelier.plastique@atelier.plastique.benin,atelierplastique.bj,PME (10-50),B2B,LinkedIn,,Actif,2026-06-29T00:15:34.490631,haute
BJ-D42F667D,Bois Industry Ndali,Industrie & Manufacture,Ndali,+229 41 45 28 48,bois.industry.ndali@bois.industry.ndali.net,,PME (10-50),B2B,LinkedIn,,Actif,2026-06-29T00:15:34.490650,moyenne
BJ-ECF39632,Pharmaceutique Groupe Ndali,Industrie & Manufacture,Ndali,+229 25 95 21 37,,,Grande (>200),B2B,LinkedIn,,Actif,2026-06-29T00:15:34.490666,basse
BJ-4C267D60,Mécanique,Industrie & Manufacture,Ndali,+229 75 60 84 35,,,TPE (<10),B2B,LinkedIn,,Actif,2026-06-29T00:15:34.490677,basse
BJ-A6FEE0A6,Fabrique Production,Industrie & Manufacture,Ndali,+229 82 26 24 51,,,PME (50-200),B2B,LinkedIn,,Actif,2026-06-29T00:15:34.490700,basse
BJ-232DEC0B,Mécanique SA,Industrie & Manufacture,Ségbana,+229 49 33 47 62,,mécaniquesa.bj,PME (10-50),B2B,LinkedIn,,Actif,2026-06-29T00:15:34.490717,moyenne
BJ-EDD419D5,Fabrique Chimie Groupe,Industrie & Manufacture,Ségbana,+229 23 37 35 67,,fabriquechimiegroupe.bj,TPE (<10),B2B,LinkedIn,,Actif,2026-06-29T00:15:34.490728,moyenne
BJ-D069F4FA,Atelier Alimentaire SA,Industrie & Manufacture,Ségbana,+229 86 82 71 14,,atelieralimentairesa.bj,PME (50-200),B2B,LinkedIn,,Actif,2026-06-29T00:15:34.490738,moyenne
BJ-81B2FE33,Industrie Fabrication,Industrie & Manufacture,Ségbana,+229 77 75 78 89,,,PME (50-200),B2B,LinkedIn,,Actif,2026-06-29T00:15:34.490759,basse
BJ-9001105C,Atelier Électronique SA,Industrie & Manufacture,Tchaourou,+229 97 39 33 63,,atelierélectroniquesa.bj,TPE (<10),B2B,LinkedIn,,Actif,2026-06-29T00:15:34.490776,moyenne
BJ-8CF26BF2,Alimentaire SARL,Industrie & Manufacture,Tchaourou,+229 85 83 20 30,,,PME (50-200),B2B,LinkedIn,,Actif,2026-06-29T00:15:34.490789,basse
BJ-C1FEA252,Fabrique Production Manufacture Tchaourou,Industrie & Manufacture,Tchaourou,+229 84 68 83 50,fabrique.production.manufacture.tchaourou@fabrique.production.manufacture.tchaourou.benin,fabriqueproductionmanufacturetchaourou.bj,PME (10-50),B2B,LinkedIn,,Actif,2026-06-29T00:15:34.490802,haute
BJ-9BE1CA55,Chimie Manufacture Tchaourou,Industrie & Manufacture,Tchaourou,+229 79 42 31 38,,,Grande (>200),B2B,LinkedIn,,Actif,2026-06-29T00:15:34.490823,basse
BJ-568C027E,Industrie Transformation,Industrie & Manufacture,Bétérou,+229 33 46 35 91,,industrietransformation.bj,TPE (<10),B2B,LinkedIn,,Actif,2026-06-29T00:15:34.490839,moyenne
BJ-BE6466C3,Industrie Mécanique Factory,Industrie & Manufacture,Bétérou,+229 30 53 61 19,industrie.mécanique.factory@industrie.mécanique.factory.bj,industriemécaniquefactory.bj,PME (10-50),B2B,LinkedIn,,Actif,2026-06-29T00:15:34.490852,haute
BJ-280165BE,Production Production Bétérou,Industrie & Manufacture,Bétérou,+229 98 36 81 40,production.production.bétérou@production.production.bétérou.bj,productionproductionbétérou.bj,PME (10-50),B2B,LinkedIn,,Actif,2026-06-29T00:15:34.490865,haute
BJ-4C6D1636,Plastique Factory,Industrie & Manufacture,Bétérou,+229 53 17 13 20,plastique.factory@plastique.factory.net,,Grande (>200),B2B,LinkedIn,,Actif,2026-06-29T00:15:34.490934,moyenne
BJ-60DBE332,Production Production Ouessè,Industrie & Manufacture,Ouessè,+229 49 32 51 87,production.production.ouessè@production.production.ouessè.org,,PME (10-50),B2B,LinkedIn,,Actif,2026-06-29T00:15:34.490953,moyenne
BJ-F10580C4,Fabrique Pharmaceutique Bénin,Industrie & Manufacture,Ouessè,+229 95 65 37 63,,,PME (50-200),B2B,LinkedIn,,Actif,2026-06-29T00:15:34.490967,basse
BJ-6BFFF5B7,Industrie Mécanique,Industrie & Manufacture,Ouessè,+229 61 77 49 48,,,TPE (<10),B2B,LinkedIn,,Actif,2026-06-29T00:15:34.490979,basse
BJ-BF6724CA,Production,Industrie & Manufacture,Ouessè,+229 22 16 16 84,production@production.com,,PME (50-200),B2B,LinkedIn,,Actif,2026-06-29T00:15:34.490990,moyenne
BJ-3E695402,Industrie Fabrication,Industrie & Manufacture,Ouessè,+229 72 31 74 45,industrie.fabrication@industrie.fabrication.org,,TPE (<10),B2B,LinkedIn,,Actif,2026-06-29T00:15:34.491013,moyenne
BJ-E9FD3ADA,Production Mécanique,Industrie & Manufacture,Glazoué,+229 76 40 22 23,production.mécanique@production.mécanique.bj,,TPE (<10),B2B,LinkedIn,,Actif,2026-06-29T00:15:34.491030,moyenne
BJ-4AD2D694,Pharmaceutique Glazoué,Industrie & Manufacture,Glazoué,+229 95 42 84 90,pharmaceutique.glazoué@pharmaceutique.glazoué.benin,,Grande (>200),B2B,LinkedIn,,Actif,2026-06-29T00:15:34.491053,moyenne
BJ-7396202E,Transformation Factory,Industrie & Manufacture,Glazoué,+229 25 78 87 96,transformation.factory@transformation.factory.net,,TPE (<10),B2B,LinkedIn,,Actif,2026-06-29T00:15:34.491074,moyenne
BJ-767653AF,Électronique SARL,Industrie & Manufacture,Dassa-Zoumè,+229 34 12 41 47,,électroniquesarl.bj,TPE (<10),B2B,LinkedIn,,Actif,2026-06-29T00:15:34.491108,moyenne
BJ-4B958576,Usine Transformation,Industrie & Manufacture,Dassa-Zoumè,+229 35 29 25 45,,usinetransformation.bj,TPE (<10),B2B,LinkedIn,,Actif,2026-06-29T00:15:34.491119,moyenne
BJ-1285D32E,Atelier Électronique Groupe,Industrie & Manufacture,Dassa-Zoumè,+229 33 13 58 50,atelier.électronique.groupe@atelier.électronique.groupe.bj,atelierélectroniquegroupe.bj,TPE (<10),B2B,LinkedIn,,Actif,2026-06-29T00:15:34.491142,haute
BJ-721A41DC,Atelier Production SARL,Industrie & Manufacture,Savalou,+229 88 90 23 41,atelier.production.sarl@atelier.production.sarl.org,,PME (50-200),B2B,LinkedIn,,Actif,2026-06-29T00:15:34.491161,moyenne
BJ-D1447DA0,Transformation Africa,Industrie & Manufacture,Savalou,+229 53 86 84 76,transformation.africa@transformation.africa.bj,transformationafrica.bj,Grande (>200),B2B,LinkedIn,,Actif,2026-06-29T00:15:34.491174,haute
BJ-146C5B34,Pharmaceutique Groupe,Industrie & Manufacture,Savalou,+229 68 63 57 96,,,TPE (<10),B2B,LinkedIn,,Actif,2026-06-29T00:15:34.491183,basse
BJ-307C68A2,Fabrique Plastique Savalou,Industrie & Manufacture,Savalou,+229 20 84 68 35,,,PME (10-50),B2B,LinkedIn,,Actif,2026-06-29T00:15:34.491194,basse
BJ-0F7B40E8,Pharmaceutique Bénin Savalou,Industrie & Manufacture,Savalou,+229 83 11 82 44,pharmaceutique.bénin.savalou@pharmaceutique.bénin.savalou.org,pharmaceutiquebéninsavalou.bj,PME (10-50),B2B,LinkedIn,,Actif,2026-06-29T00:15:34.491206,haute
BJ-B7183724,Fabrique Métal Manufacture Bantè,Industrie & Manufacture,Bantè,+229 64 74 76 73,,fabriquemétalmanufacturebantè.bj,PME (10-50),B2B,LinkedIn,,Actif,2026-06-29T00:15:34.491223,moyenne
BJ-2445644A,Fabrique Automobile Industry,Industrie & Manufacture,Bantè,+229 45 82 28 32,fabrique.automobile.industry@fabrique.automobile.industry.org,,PME (10-50),B2B,LinkedIn,,Actif,2026-06-29T00:15:34.491237,moyenne
BJ-F4FDC9C7,Métal Bénin,Industrie & Manufacture,Bantè,+229 84 25 49 83,métal.bénin@métal.bénin.org,métalbénin.bj,PME (10-50),B2B,LinkedIn,,Actif,2026-06-29T00:15:34.491262,haute
BJ-AB3E9BE1,Industrie Électronique SA,Industrie & Manufacture,Bantè,+229 59 26 87 94,,industrieélectroniquesa.bj,Grande (>200),B2B,LinkedIn,,Actif,2026-06-29T00:15:34.491275,moyenne
BJ-F99CA876,Industrie Électronique Industry Djougou,Industrie & Manufacture,Djougou,+229 32 44 90 32,industrie.électronique.industry.djougou@industrie.électronique.industry.djougou.net,,PME (10-50),B2B,LinkedIn,,Actif,2026-06-29T00:15:34.491304,moyenne
BJ-1983D3E9,Automobile Industry,Industrie & Manufacture,Djougou,+229 87 53 83 79,,automobileindustry.bj,TPE (<10),B2B,LinkedIn,,Actif,2026-06-29T00:15:34.491314,moyenne
BJ-DD66DF43,Transformation,Industrie & Manufacture,Djougou,+229 87 22 15 49,transformation@transformation.org,transformation.bj,PME (10-50),B2B,LinkedIn,,Actif,2026-06-29T00:15:34.491326,haute
BJ-261E7DBF,Production Factory Djougou,Industrie & Manufacture,Djougou,+229 60 25 23 89,production.factory.djougou@production.factory.djougou.net,,PME (10-50),B2B,LinkedIn,,Actif,2026-06-29T00:15:34.491337,moyenne
BJ-E4FF781F,Manufacture Production SARL,Industrie & Manufacture,Ouèssè,+229 92 44 92 70,manufacture.production.sarl@manufacture.production.sarl.net,manufactureproductionsarl.bj,Grande (>200),B2B,LinkedIn,,Actif,2026-06-29T00:15:34.491353,haute
BJ-CCA4110C,Industrie Chimie Industry,Industrie & Manufacture,Ouèssè,+229 33 36 69 52,industrie.chimie.industry@industrie.chimie.industry.com,,PME (50-200),B2B,LinkedIn,,Actif,2026-06-29T00:15:34.491397,moyenne
BJ-33450887,Mécanique Industry,Industrie & Manufacture,Ouèssè,+229 26 88 63 44,mécanique.industry@mécanique.industry.com,,PME (50-200),B2B,LinkedIn,,Actif,2026-06-29T00:15:34.491409,moyenne
BJ-55B9B9DC,Fabrication Industry,Industrie & Manufacture,Ouèssè,+229 73 15 60 70,fabrication.industry@fabrication.industry.bj,fabricationindustry.bj,PME (50-200),B2B,LinkedIn,,Actif,2026-06-29T00:15:34.491420,haute
BJ-3C1C4A1C,Manufacture Métal,Industrie & Manufacture,Bassila,+229 51 44 62 47,manufacture.métal@manufacture.métal.com,manufacturemétal.bj,TPE (<10),B2B,LinkedIn,,Actif,2026-06-29T00:15:34.491437,haute
BJ-4FA7C176,Production,Industrie & Manufacture,Bassila,+229 59 51 56 25,production@production.net,,PME (10-50),B2B,LinkedIn,,Actif,2026-06-29T00:15:34.491448,moyenne
BJ-350E0D6B,Plastique,Industrie & Manufacture,Bassila,+229 74 69 57 12,plastique@plastique.org,,TPE (<10),B2B,LinkedIn,,Actif,2026-06-29T00:15:34.491458,moyenne
BJ-EF5DAF88,Automobile,Industrie & Manufacture,Bassila,+229 98 40 24 40,automobile@automobile.com,,PME (10-50),B2B,LinkedIn,,Actif,2026-06-29T00:15:34.491469,moyenne
BJ-83B35AC4,Fabrique Plastique,Industrie & Manufacture,Bassila,+229 25 82 25 91,,fabriqueplastique.bj,PME (10-50),B2B,LinkedIn,,Actif,2026-06-29T00:15:34.491479,moyenne
BJ-B4556892,Atelier Production Manufacture,Industrie & Manufacture,Pehunco,+229 36 31 58 56,atelier.production.manufacture@atelier.production.manufacture.com,,Grande (>200),B2B,LinkedIn,,Actif,2026-06-29T00:15:34.491498,moyenne
BJ-DCED4AC1,Manufacture Mécanique,Industrie & Manufacture,Pehunco,+229 27 72 39 52,manufacture.mécanique@manufacture.mécanique.net,,PME (50-200),B2B,LinkedIn,,Actif,2026-06-29T00:15:34.491514,moyenne
BJ-2DB5AC91,Automobile Groupe,Industrie & Manufacture,Pehunco,+229 29 89 31 55,automobile.groupe@automobile.groupe.org,automobilegroupe.bj,TPE (<10),B2B,LinkedIn,,Actif,2026-06-29T00:15:34.491525,haute
BJ-89691512,Fabrique Pharmaceutique Pehunco,Industrie & Manufacture,Pehunco,+229 47 62 58 20,fabrique.pharmaceutique.pehunco@fabrique.pharmaceutique.pehunco.org,fabriquepharmaceutiquepehunco.bj,PME (10-50),B2B,LinkedIn,,Actif,2026-06-29T00:15:34.491537,haute
BJ-ABFEB580,Textile SARL Pehunco,Industrie & Manufacture,Pehunco,+229 62 50 23 65,,,TPE (<10),B2B,LinkedIn,,Actif,2026-06-29T00:15:34.491547,basse
BJ-1FFD19C7,Automobile Copargo,Industrie & Manufacture,Copargo,+229 64 12 13 24,,automobilecopargo.bj,TPE (<10),B2B,LinkedIn,,Actif,2026-06-29T00:15:34.491563,moyenne
BJ-502298DA,Usine Automobile Africa Copargo,Industrie & Manufacture,Copargo,+229 24 51 46 77,,usineautomobileafricacopargo.bj,PME (10-50),B2B,LinkedIn,,Actif,2026-06-29T00:15:34.491585,moyenne
BJ-4E133CB4,Fabrique Mécanique Copargo,Industrie & Manufacture,Copargo,+229 49 10 13 38,fabrique.mécanique.copargo@fabrique.mécanique.copargo.bj,fabriquemécaniquecopargo.bj,PME (10-50),B2B,LinkedIn,,Actif,2026-06-29T00:15:34.491600,haute
BJ-B01C2C84,Métal Copargo,Industrie & Manufacture,Copargo,+229 45 24 51 89,,métalcopargo.bj,TPE (<10),B2B,LinkedIn,,Actif,2026-06-29T00:15:34.491615,moyenne
BJ-19979B78,Cabinet Communication,Services aux entreprises,Cotonou,+229 74 50 70 30,cabinet.communication@cabinet.communication.org,,PME (50-200),B2B,LinkedIn,,Actif,2026-06-29T00:15:34.491632,moyenne
BJ-7F4964CC,Expert Advisory,Services aux entreprises,Cotonou,+229 90 66 98 50,expert.advisory@expert.advisory.org,expertadvisory.bj,PME (10-50),B2B,LinkedIn,,Actif,2026-06-29T00:15:34.491658,haute
BJ-14F2B844,Juridique Cotonou,Services aux entreprises,Cotonou,+229 89 95 89 19,,juridiquecotonou.bj,TPE (<10),B2B,LinkedIn,,Actif,2026-06-29T00:15:34.491681,moyenne
BJ-79901855,Marketing Advisory,Services aux entreprises,Abomey-Calavi,+229 79 99 60 81,marketing.advisory@marketing.advisory.com,marketingadvisory.bj,TPE (<10),B2B,LinkedIn,,Actif,2026-06-29T00:15:34.491697,haute
BJ-0ABD1D7F,Expert Management Advisory Abomey-Calavi,Services aux entreprises,Abomey-Calavi,+229 84 28 71 34,expert.management.advisory.abomeycalavi@expert.management.advisory.abomeycalavi.net,expertmanagementadvisoryabomeycalavi.bj,TPE (<10),B2B,LinkedIn,,Actif,2026-06-29T00:15:34.491710,haute
BJ-52F81DC1,Communication Cabinet,Services aux entreprises,Abomey-Calavi,+229 23 48 65 45,communication.cabinet@communication.cabinet.net,communicationcabinet.bj,PME (10-50),B2B,LinkedIn,,Actif,2026-06-29T00:15:34.491732,haute
BJ-2234AEDC,Agence Audit,Services aux entreprises,Abomey-Calavi,+229 89 57 97 38,agence.audit@agence.audit.com,agenceaudit.bj,PME (10-50),B2B,LinkedIn,,Actif,2026-06-29T00:15:34.491743,haute
BJ-56A8FB67,Consulting Communication,Services aux entreprises,Porto-Novo,+229 74 84 53 69,consulting.communication@consulting.communication.org,consultingcommunication.bj,PME (10-50),B2B,LinkedIn,,Actif,2026-06-29T00:15:34.491760,haute
BJ-8C2CC60B,Agence Business Bureau,Services aux entreprises,Porto-Novo,+229 45 33 49 39,agence.business.bureau@agence.business.bureau.benin,,TPE (<10),B2B,LinkedIn,,Actif,2026-06-29T00:15:34.491774,moyenne
BJ-84093881,Bureau Formation,Services aux entreprises,Porto-Novo,+229 44 54 97 36,bureau.formation@bureau.formation.org,bureauformation.bj,TPE (<10),B2B,LinkedIn,,Actif,2026-06-29T00:15:34.491799,haute
BJ-F20C551E,Comptable Bureau,Services aux entreprises,Porto-Novo,+229 99 29 63 28,comptable.bureau@comptable.bureau.benin,comptablebureau.bj,PME (10-50),B2B,LinkedIn,,Actif,2026-06-29T00:15:34.491810,haute
BJ-C57B606C,RH Partners,Services aux entreprises,Parakou,+229 33 83 68 46,,,PME (10-50),B2B,LinkedIn,,Actif,2026-06-29T00:15:34.491826,basse
BJ-567E1888,Bureau Stratégie Bureau,Services aux entreprises,Parakou,+229 80 17 71 46,bureau.stratégie.bureau@bureau.stratégie.bureau.com,bureaustratégiebureau.bj,Grande (>200),B2B,LinkedIn,,Actif,2026-06-29T00:15:34.491842,haute
BJ-E5A8005B,Formation Consulting Parakou,Services aux entreprises,Parakou,+229 37 50 76 96,formation.consulting.parakou@formation.consulting.parakou.net,,TPE (<10),B2B,LinkedIn,,Actif,2026-06-29T00:15:34.491854,moyenne
BJ-D3251668,Expert Expert,Services aux entreprises,Parakou,+229 42 38 30 50,,,TPE (<10),B2B,LinkedIn,,Actif,2026-06-29T00:15:34.491864,basse
BJ-643961A8,Stratégie Advisory Parakou,Services aux entreprises,Parakou,+229 40 17 35 46,stratégie.advisory.parakou@stratégie.advisory.parakou.benin,,PME (10-50),B2B,LinkedIn,,Actif,2026-06-29T00:15:34.491876,moyenne
BJ-250C0A4F,Marketing Africa,Services aux entreprises,Bohicon,+229 76 24 22 77,marketing.africa@marketing.africa.bj,marketingafrica.bj,Grande (>200),B2B,LinkedIn,,Actif,2026-06-29T00:15:34.491901,haute
BJ-A4CC83A4,Business Consulting Bohicon,Services aux entreprises,Bohicon,+229 55 47 88 51,business.consulting.bohicon@business.consulting.bohicon.com,businessconsultingbohicon.bj,TPE (<10),B2B,LinkedIn,,Actif,2026-06-29T00:15:34.491935,haute
BJ-5882FAF9,RH,Services aux entreprises,Bohicon,+229 22 62 49 31,,,PME (10-50),B2B,LinkedIn,,Actif,2026-06-29T00:15:34.491959,basse
BJ-53896D0B,Expert Business,Services aux entreprises,Bohicon,+229 48 34 36 71,,,Grande (>200),B2B,LinkedIn,,Actif,2026-06-29T00:15:34.491982,basse
BJ-2333123F,Fiscal,Services aux entreprises,Natitingou,+229 27 98 48 98,fiscal@fiscal.bj,,Grande (>200),B2B,LinkedIn,,Actif,2026-06-29T00:15:34.492002,moyenne
BJ-310713A4,Expert Consulting Consulting,Services aux entreprises,Natitingou,+229 65 43 25 14,expert.consulting.consulting@expert.consulting.consulting.org,expertconsultingconsulting.bj,Grande (>200),B2B,LinkedIn,,Actif,2026-06-29T00:15:34.492014,haute
BJ-6A825295,Agence Comptable,Services aux entreprises,Natitingou,+229 27 97 55 60,agence.comptable@agence.comptable.benin,agencecomptable.bj,Grande (>200),B2B,LinkedIn,,Actif,2026-06-29T00:15:34.492038,haute
BJ-2B1474D8,Consulting Business,Services aux entreprises,Natitingou,+229 65 46 32 38,consulting.business@consulting.business.org,consultingbusiness.bj,TPE (<10),B2B,LinkedIn,,Actif,2026-06-29T00:15:34.492105,haute
BJ-420DB16B,Audit Comptable Consulting,Services aux entreprises,Lokossa,+229 45 10 15 10,audit.comptable.consulting@audit.comptable.consulting.org,auditcomptableconsulting.bj,TPE (<10),B2B,LinkedIn,,Actif,2026-06-29T00:15:34.492123,haute
BJ-B13483BD,Conseil Juridique Partners,Services aux entreprises,Lokossa,+229 67 91 39 60,conseil.juridique.partners@conseil.juridique.partners.net,conseiljuridiquepartners.bj,Grande (>200),B2B,LinkedIn,,Actif,2026-06-29T00:15:34.492164,haute
BJ-14E24793,Conseil Ouidah,Services aux entreprises,Ouidah,+229 60 88 99 33,,conseilouidah.bj,Grande (>200),B2B,LinkedIn,,Actif,2026-06-29T00:15:34.492201,moyenne
BJ-75CEF8DC,Cabinet Marketing Advisory,Services aux entreprises,Ouidah,+229 21 13 91 94,cabinet.marketing.advisory@cabinet.marketing.advisory.org,,PME (10-50),B2B,LinkedIn,,Actif,2026-06-29T00:15:34.492213,moyenne
BJ-8757B940,Conseil Partners Ouidah,Services aux entreprises,Ouidah,+229 83 15 38 82,conseil.partners.ouidah@conseil.partners.ouidah.org,conseilpartnersouidah.bj,PME (10-50),B2B,LinkedIn,,Actif,2026-06-29T00:15:34.492224,haute
BJ-C684D0ED,Fiscal Africa,Services aux entreprises,Ouidah,+229 88 80 24 89,fiscal.africa@fiscal.africa.com,fiscalafrica.bj,TPE (<10),B2B,LinkedIn,,Actif,2026-06-29T00:15:34.492236,haute
BJ-54E666B5,Juridique International Ouidah,Services aux entreprises,Ouidah,+229 41 19 42 96,,juridiqueinternationalouidah.bj,PME (10-50),B2B,LinkedIn,,Actif,2026-06-29T00:15:34.492246,moyenne
BJ-5E487DDD,Agence Expert Africa,Services aux entreprises,Savalou,+229 68 21 29 28,agence.expert.africa@agence.expert.africa.com,,TPE (<10),B2B,LinkedIn,,Actif,2026-06-29T00:15:34.492262,moyenne
BJ-F0D8D4D8,Business Bureau,Services aux entreprises,Savalou,+229 71 97 62 70,business.bureau@business.bureau.bj,,TPE (<10),B2B,LinkedIn,,Actif,2026-06-29T00:15:34.492276,moyenne
BJ-29F06D0B,Comptable,Services aux entreprises,Savalou,+229 79 35 93 11,comptable@comptable.net,comptable.bj,TPE (<10),B2B,LinkedIn,,Actif,2026-06-29T00:15:34.492289,haute
BJ-24A285E1,Bureau Fiscal Bénin,Services aux entreprises,Savalou,+229 92 21 83 60,bureau.fiscal.bénin@bureau.fiscal.bénin.bj,bureaufiscalbénin.bj,TPE (<10),B2B,LinkedIn,,Actif,2026-06-29T00:15:34.492304,haute
BJ-BEB4EC33,Formation Consulting,Services aux entreprises,Savalou,+229 45 50 28 45,formation.consulting@formation.consulting.org,,TPE (<10),B2B,LinkedIn,,Actif,2026-06-29T00:15:34.492318,moyenne
BJ-8217E541,Cabinet Fiscal International,Services aux entreprises,Dassa-Zoumè,+229 92 72 12 32,cabinet.fiscal.international@cabinet.fiscal.international.org,cabinetfiscalinternational.bj,PME (50-200),B2B,LinkedIn,,Actif,2026-06-29T00:15:34.492335,haute
BJ-5F2F4882,Consulting Fiscal,Services aux entreprises,Dassa-Zoumè,+229 44 52 26 32,,,TPE (<10),B2B,LinkedIn,,Actif,2026-06-29T00:15:34.492345,basse
BJ-C250EFE7,Expert Fiscal Bureau,Services aux entreprises,Dassa-Zoumè,+229 28 75 60 39,expert.fiscal.bureau@expert.fiscal.bureau.net,expertfiscalbureau.bj,TPE (<10),B2B,LinkedIn,,Actif,2026-06-29T00:15:34.492357,haute
BJ-855C1F06,Bureau Consulting Partners,Services aux entreprises,Dassa-Zoumè,+229 91 83 71 79,bureau.consulting.partners@bureau.consulting.partners.net,,PME (10-50),B2B,LinkedIn,,Actif,2026-06-29T00:15:34.492368,moyenne
BJ-948067E3,Agence Expert Cabinet,Services aux entreprises,Dassa-Zoumè,+229 70 62 63 23,agence.expert.cabinet@agence.expert.cabinet.com,agenceexpertcabinet.bj,TPE (<10),B2B,LinkedIn,,Actif,2026-06-29T00:15:34.492379,haute
BJ-8E28AA43,Bureau Management Kétou,Services aux entreprises,Kétou,+229 98 41 52 48,bureau.management.kétou@bureau.management.kétou.org,bureaumanagementkétou.bj,TPE (<10),B2B,LinkedIn,,Actif,2026-06-29T00:15:34.492400,haute
BJ-FBDFC030,Communication Advisory,Services aux entreprises,Kétou,+229 95 32 44 55,communication.advisory@communication.advisory.benin,,TPE (<10),B2B,LinkedIn,,Actif,2026-06-29T00:15:34.492413,moyenne
BJ-B7D2F88E,Conseil,Services aux entreprises,Kétou,+229 59 59 11 24,conseil@conseil.com,conseil.bj,PME (10-50),B2B,LinkedIn,,Actif,2026-06-29T00:15:34.492425,haute
BJ-5F920273,Agence Communication,Services aux entreprises,Kétou,+229 41 45 23 11,agence.communication@agence.communication.org,agencecommunication.bj,Grande (>200),B2B,LinkedIn,,Actif,2026-06-29T00:15:34.492437,haute
BJ-B44C27DB,Communication Cabinet Kétou,Services aux entreprises,Kétou,+229 76 31 88 30,communication.cabinet.kétou@communication.cabinet.kétou.benin,,PME (10-50),B2B,LinkedIn,,Actif,2026-06-29T00:15:34.492448,moyenne
BJ-57837B5D,Consulting Partners,Services aux entreprises,Covè,+229 48 59 62 42,consulting.partners@consulting.partners.bj,consultingpartners.bj,PME (10-50),B2B,LinkedIn,,Actif,2026-06-29T00:15:34.492465,haute
BJ-78ED592C,Expert Africa,Services aux entreprises,Covè,+229 74 44 20 91,expert.africa@expert.africa.org,,TPE (<10),B2B,LinkedIn,,Actif,2026-06-29T00:15:34.492476,moyenne
BJ-B871C699,Agence Business Covè,Services aux entreprises,Covè,+229 66 57 52 56,agence.business.covè@agence.business.covè.com,agencebusinesscovè.bj,TPE (<10),B2B,LinkedIn,,Actif,2026-06-29T00:15:34.492489,haute
BJ-796968B3,Expert Conseil Advisory,Services aux entreprises,Covè,+229 36 28 20 19,expert.conseil.advisory@expert.conseil.advisory.benin,,TPE (<10),B2B,LinkedIn,,Actif,2026-06-29T00:15:34.492515,moyenne
BJ-6E937DB8,Conseil Audit,Services aux entreprises,Pobè,+229 78 51 17 24,,conseilaudit.bj,PME (10-50),B2B,LinkedIn,,Actif,2026-06-29T00:15:34.492532,moyenne
BJ-24E86C0E,Audit Fiscal Bureau,Services aux entreprises,Pobè,+229 66 20 40 12,audit.fiscal.bureau@audit.fiscal.bureau.benin,,PME (10-50),B2B,LinkedIn,,Actif,2026-06-29T00:15:34.492546,moyenne
BJ-748C4D89,Conseil,Services aux entreprises,Pobè,+229 27 71 50 78,conseil@conseil.com,,TPE (<10),B2B,LinkedIn,,Actif,2026-06-29T00:15:34.492567,moyenne
BJ-A3B3AE0A,Business Africa,Services aux entreprises,Sakété,+229 69 34 86 76,business.africa@business.africa.org,businessafrica.bj,TPE (<10),B2B,LinkedIn,,Actif,2026-06-29T00:15:34.492619,haute
BJ-455719F8,Cabinet Consulting Cabinet,Services aux entreprises,Sakété,+229 91 29 96 89,cabinet.consulting.cabinet@cabinet.consulting.cabinet.com,cabinetconsultingcabinet.bj,PME (10-50),B2B,LinkedIn,,Actif,2026-06-29T00:15:34.492631,haute
BJ-00DA1407,Stratégie Bureau,Services aux entreprises,Sakété,+229 72 54 60 67,,stratégiebureau.bj,PME (10-50),B2B,LinkedIn,,Actif,2026-06-29T00:15:34.492642,moyenne
BJ-B16BB341,Conseil Management Africa,Services aux entreprises,Adjara,+229 37 95 36 70,conseil.management.africa@conseil.management.africa.org,conseilmanagementafrica.bj,PME (10-50),B2B,LinkedIn,,Actif,2026-06-29T00:15:34.492661,haute
BJ-61BDB41E,Audit Marketing,Services aux entreprises,Adjara,+229 38 29 95 10,audit.marketing@audit.marketing.benin,auditmarketing.bj,PME (10-50),B2B,LinkedIn,,Actif,2026-06-29T00:15:34.492688,haute
BJ-C633BE11,Bureau Marketing International Adjara,Services aux entreprises,Adjara,+229 60 23 95 89,bureau.marketing.international.adjara@bureau.marketing.international.adjara.org,bureaumarketinginternationaladjara.bj,PME (50-200),B2B,LinkedIn,,Actif,2026-06-29T00:15:34.492699,haute
BJ-2BA244A2,Management Bénin,Services aux entreprises,Adjara,+229 84 49 86 88,management.bénin@management.bénin.net,,TPE (<10),B2B,LinkedIn,,Actif,2026-06-29T00:15:34.492711,moyenne
BJ-B7A5ED5F,Management Partners,Services aux entreprises,Allada,+229 20 51 64 75,management.partners@management.partners.net,managementpartners.bj,TPE (<10),B2B,LinkedIn,,Actif,2026-06-29T00:15:34.492741,haute
BJ-73C8593D,Conseil Audit Allada,Services aux entreprises,Allada,+229 21 35 79 21,conseil.audit.allada@conseil.audit.allada.net,conseilauditallada.bj,Grande (>200),B2B,LinkedIn,,Actif,2026-06-29T00:15:34.492752,haute
BJ-647DA30D,Consulting Allada,Services aux entreprises,Allada,+229 45 20 38 63,consulting.allada@consulting.allada.benin,consultingallada.bj,PME (50-200),B2B,LinkedIn,,Actif,2026-06-29T00:15:34.492763,haute
BJ-547BB8D3,Marketing Africa Aplahoué,Services aux entreprises,Aplahoué,+229 66 38 31 65,marketing.africa.aplahoué@marketing.africa.aplahoué.com,marketingafricaaplahoué.bj,PME (10-50),B2B,LinkedIn,,Actif,2026-06-29T00:15:34.492805,haute
BJ-754BC697,Fiscal,Services aux entreprises,Aplahoué,+229 46 53 89 56,fiscal@fiscal.org,fiscal.bj,Grande (>200),B2B,LinkedIn,,Actif,2026-06-29T00:15:34.492817,haute
BJ-6D9EAC26,Stratégie Consulting,Services aux entreprises,Aplahoué,+229 92 40 96 76,stratégie.consulting@stratégie.consulting.benin,,PME (10-50),B2B,LinkedIn,,Actif,2026-06-29T00:15:34.492828,moyenne
BJ-2A20A5AE,RH,Services aux entreprises,Aplahoué,+229 81 53 30 90,rh@rh.net,rh.bj,PME (10-50),B2B,LinkedIn,,Actif,2026-06-29T00:15:34.492840,haute
BJ-C3B1009C,Conseil Marketing Bénin,Services aux entreprises,Dogbo-Tota,+229 33 67 16 26,conseil.marketing.bénin@conseil.marketing.bénin.bj,conseilmarketingbénin.bj,PME (10-50),B2B,LinkedIn,,Actif,2026-06-29T00:15:34.492857,haute
BJ-8C356078,Juridique International,Services aux entreprises,Dogbo-Tota,+229 34 26 67 47,juridique.international@juridique.international.com,,PME (50-200),B2B,LinkedIn,,Actif,2026-06-29T00:15:34.492868,moyenne
BJ-23C7A693,Consulting Business Dogbo-Tota,Services aux entreprises,Dogbo-Tota,+229 49 94 46 27,consulting.business.dogbotota@consulting.business.dogbotota.bj,consultingbusinessdogbotota.bj,TPE (<10),B2B,LinkedIn,,Actif,2026-06-29T00:15:34.492880,haute
BJ-218032F1,Agence Communication Dogbo-Tota,Services aux entreprises,Dogbo-Tota,+229 31 30 68 66,agence.communication.dogbotota@agence.communication.dogbotota.org,agencecommunicationdogbotota.bj,PME (50-200),B2B,LinkedIn,,Actif,2026-06-29T00:15:34.492927,haute
BJ-39D53AF9,Expert Management,Services aux entreprises,Dogbo-Tota,+229 56 45 85 90,expert.management@expert.management.net,expertmanagement.bj,TPE (<10),B2B,LinkedIn,,Actif,2026-06-29T00:15:34.492976,haute
BJ-405C36A3,Marketing Kpomassè,Services aux entreprises,Kpomassè,+229 58 69 55 88,marketing.kpomassè@marketing.kpomassè.benin,marketingkpomassè.bj,PME (50-200),B2B,LinkedIn,,Actif,2026-06-29T00:15:34.493003,haute
BJ-4CE21494,Consulting,Services aux entreprises,Kpomassè,+229 81 75 73 24,consulting@consulting.bj,,PME (10-50),B2B,LinkedIn,,Actif,2026-06-29T00:15:34.493036,moyenne
BJ-BE84CC7F,Expert Management Advisory Kpomassè,Services aux entreprises,Kpomassè,+229 59 89 38 68,expert.management.advisory.kpomassè@expert.management.advisory.kpomassè.net,expertmanagementadvisorykpomassè.bj,PME (50-200),B2B,LinkedIn,,Actif,2026-06-29T00:15:34.493051,haute
BJ-387E4274,Marketing,Services aux entreprises,Kpomassè,+229 25 44 13 65,marketing@marketing.net,marketing.bj,PME (10-50),B2B,LinkedIn,,Actif,2026-06-29T00:15:34.493064,haute
BJ-1ACC92BC,Expert Kpomassè,Services aux entreprises,Kpomassè,+229 89 64 50 48,expert.kpomassè@expert.kpomassè.bj,expertkpomassè.bj,TPE (<10),B2B,LinkedIn,,Actif,2026-06-29T00:15:34.493077,haute
BJ-01A7A3AD,Cabinet Communication,Services aux entreprises,Tori-Bossito,+229 84 78 61 87,cabinet.communication@cabinet.communication.benin,cabinetcommunication.bj,TPE (<10),B2B,LinkedIn,,Actif,2026-06-29T00:15:34.493096,haute
BJ-8620EF3D,RH Cabinet,Services aux entreprises,Tori-Bossito,+229 64 70 35 16,,,PME (10-50),B2B,LinkedIn,,Actif,2026-06-29T00:15:34.493107,basse
BJ-4A035BDC,Formation Bureau Tori-Bossito,Services aux entreprises,Tori-Bossito,+229 92 94 48 77,formation.bureau.toribossito@formation.bureau.toribossito.benin,formationbureautoribossito.bj,TPE (<10),B2B,LinkedIn,,Actif,2026-06-29T00:15:34.493124,haute
BJ-EFC6D496,Marketing Cabinet Tori-Bossito,Services aux entreprises,Tori-Bossito,+229 92 47 71 77,,,Grande (>200),B2B,LinkedIn,,Actif,2026-06-29T00:15:34.493134,basse
BJ-074AD55B,Comptable,Services aux entreprises,Tori-Bossito,+229 35 98 35 78,comptable@comptable.org,,PME (50-200),B2B,LinkedIn,,Actif,2026-06-29T00:15:34.493146,moyenne
BJ-3A1D00E9,Expert RH,Services aux entreprises,Grand-Popo,+229 86 14 32 54,expert.rh@expert.rh.net,,TPE (<10),B2B,LinkedIn,,Actif,2026-06-29T00:15:34.493164,moyenne
BJ-C8340E9F,Expert Africa,Services aux entreprises,Grand-Popo,+229 92 76 43 65,expert.africa@expert.africa.net,expertafrica.bj,Grande (>200),B2B,LinkedIn,,Actif,2026-06-29T00:15:34.493238,haute
BJ-6E868065,Expert Cabinet,Services aux entreprises,Athiémé,+229 50 27 59 52,,expertcabinet.bj,TPE (<10),B2B,LinkedIn,,Actif,2026-06-29T00:15:34.493289,moyenne
BJ-1E022F60,Expert Business,Services aux entreprises,Athiémé,+229 57 89 69 47,expert.business@expert.business.org,expertbusiness.bj,PME (50-200),B2B,LinkedIn,,Actif,2026-06-29T00:15:34.493350,haute
BJ-A8864EC0,Management International,Services aux entreprises,Bopa,+229 94 28 11 73,,managementinternational.bj,TPE (<10),B2B,LinkedIn,,Actif,2026-06-29T00:15:34.493368,moyenne
BJ-CF59C4FE,Consulting Conseil International,Services aux entreprises,Bopa,+229 70 77 68 95,consulting.conseil.international@consulting.conseil.international.com,consultingconseilinternational.bj,TPE (<10),B2B,LinkedIn,,Actif,2026-06-29T00:15:34.493409,haute
BJ-7766882E,Cabinet Conseil Cabinet,Services aux entreprises,Bopa,+229 28 21 59 75,,cabinetconseilcabinet.bj,TPE (<10),B2B,LinkedIn,,Actif,2026-06-29T00:15:34.493420,moyenne
BJ-21965E03,Agence Stratégie,Services aux entreprises,Bopa,+229 66 55 85 61,agence.stratégie@agence.stratégie.net,,TPE (<10),B2B,LinkedIn,,Actif,2026-06-29T00:15:34.493431,moyenne
BJ-2D1246E4,Consulting,Services aux entreprises,Houéyogbé,+229 88 81 66 33,consulting@consulting.net,consulting.bj,PME (10-50),B2B,LinkedIn,,Actif,2026-06-29T00:15:34.493448,haute
BJ-FFAB3782,Agence Consulting Africa,Services aux entreprises,Houéyogbé,+229 94 23 71 16,agence.consulting.africa@agence.consulting.africa.net,agenceconsultingafrica.bj,PME (50-200),B2B,LinkedIn,,Actif,2026-06-29T00:15:34.493470,haute
BJ-1108B628,Business Bénin Houéyogbé,Services aux entreprises,Houéyogbé,+229 88 14 97 90,business.bénin.houéyogbé@business.bénin.houéyogbé.benin,,TPE (<10),B2B,LinkedIn,,Actif,2026-06-29T00:15:34.493482,moyenne
BJ-1E5C813A,Audit Business International,Services aux entreprises,Houéyogbé,+229 22 43 60 70,audit.business.international@audit.business.international.org,auditbusinessinternational.bj,PME (10-50),B2B,LinkedIn,,Actif,2026-06-29T00:15:34.493493,haute
BJ-60DB4198,Agence Conseil Africa,Services aux entreprises,Malanville,+229 69 69 54 80,agence.conseil.africa@agence.conseil.africa.benin,agenceconseilafrica.bj,PME (10-50),B2B,LinkedIn,,Actif,2026-06-29T00:15:34.493510,haute
BJ-8E1F4ABC,Consulting RH Bureau,Services aux entreprises,Malanville,+229 86 78 29 14,consulting.rh.bureau@consulting.rh.bureau.org,,PME (50-200),B2B,LinkedIn,,Actif,2026-06-29T00:15:34.493526,moyenne
BJ-85291594,Communication Advisory Malanville,Services aux entreprises,Malanville,+229 98 14 13 72,communication.advisory.malanville@communication.advisory.malanville.org,communicationadvisorymalanville.bj,TPE (<10),B2B,LinkedIn,,Actif,2026-06-29T00:15:34.493541,haute
BJ-F1CB86DA,Agence Management Malanville,Services aux entreprises,Malanville,+229 57 79 30 11,agence.management.malanville@agence.management.malanville.org,,TPE (<10),B2B,LinkedIn,,Actif,2026-06-29T00:15:34.493552,moyenne
BJ-017CE5C8,Expert RH,Services aux entreprises,Malanville,+229 44 43 60 97,,,PME (50-200),B2B,LinkedIn,,Actif,2026-06-29T00:15:34.493562,basse
BJ-C561CFAB,Juridique,Services aux entreprises,Kandi,+229 84 47 56 33,juridique@juridique.net,,PME (10-50),B2B,LinkedIn,,Actif,2026-06-29T00:15:34.493581,moyenne
BJ-E5405780,Agence Fiscal Cabinet,Services aux entreprises,Kandi,+229 92 93 48 90,,,Grande (>200),B2B,LinkedIn,,Actif,2026-06-29T00:15:34.493592,basse
BJ-5B42F67A,Conseil Kandi,Services aux entreprises,Kandi,+229 21 16 40 81,conseil.kandi@conseil.kandi.org,conseilkandi.bj,TPE (<10),B2B,LinkedIn,,Actif,2026-06-29T00:15:34.493603,haute
BJ-72119BAA,Formation Kandi,Services aux entreprises,Kandi,+229 80 33 71 76,formation.kandi@formation.kandi.com,formationkandi.bj,TPE (<10),B2B,LinkedIn,,Actif,2026-06-29T00:15:34.493615,haute
BJ-E008C9F5,Cabinet Consulting Cabinet,Services aux entreprises,Banikoara,+229 78 12 67 79,,,TPE (<10),B2B,LinkedIn,,Actif,2026-06-29T00:15:34.493655,basse
BJ-35E838C8,Agence Business Africa,Services aux entreprises,Banikoara,+229 84 99 60 21,agence.business.africa@agence.business.africa.org,agencebusinessafrica.bj,PME (50-200),B2B,LinkedIn,,Actif,2026-06-29T00:15:34.493677,haute
BJ-B7FB6834,Expert Partners,Services aux entreprises,Banikoara,+229 88 41 46 97,expert.partners@expert.partners.com,expertpartners.bj,TPE (<10),B2B,LinkedIn,,Actif,2026-06-29T00:15:34.493688,haute
BJ-37084D53,Stratégie,Services aux entreprises,Ségbana,+229 33 80 56 47,stratégie@stratégie.org,stratégie.bj,Grande (>200),B2B,LinkedIn,,Actif,2026-06-29T00:15:34.493708,haute
BJ-8E1E495E,Conseil Comptable,Services aux entreprises,Ségbana,+229 34 66 73 25,conseil.comptable@conseil.comptable.org,conseilcomptable.bj,TPE (<10),B2B,LinkedIn,,Actif,2026-06-29T00:15:34.493722,haute
BJ-A2DE76FC,Cabinet RH,Services aux entreprises,Ségbana,+229 96 90 33 49,cabinet.rh@cabinet.rh.org,cabinetrh.bj,PME (10-50),B2B,LinkedIn,,Actif,2026-06-29T00:15:34.493746,haute
BJ-68FBA840,Conseil Formation,Services aux entreprises,Ségbana,+229 66 58 32 25,conseil.formation@conseil.formation.net,conseilformation.bj,TPE (<10),B2B,LinkedIn,,Actif,2026-06-29T00:15:34.493756,haute
BJ-44A1AEB0,Consulting International,Services aux entreprises,Karimama,+229 43 85 18 62,consulting.international@consulting.international.org,consultinginternational.bj,PME (50-200),B2B,LinkedIn,,Actif,2026-06-29T00:15:34.493773,haute
BJ-375748C0,Comptable International,Services aux entreprises,Karimama,+229 38 77 73 99,comptable.international@comptable.international.bj,comptableinternational.bj,Grande (>200),B2B,LinkedIn,,Actif,2026-06-29T00:15:34.493787,haute
BJ-E716CF67,Agence Fiscal Partners,Services aux entreprises,Karimama,+229 92 55 28 28,agence.fiscal.partners@agence.fiscal.partners.org,agencefiscalpartners.bj,TPE (<10),B2B,LinkedIn,,Actif,2026-06-29T00:15:34.493799,haute
BJ-BFF3E843,Audit Formation,Services aux entreprises,Karimama,+229 28 17 47 97,audit.formation@audit.formation.net,,PME (50-200),B2B,LinkedIn,,Actif,2026-06-29T00:15:34.493809,moyenne
BJ-F26169B9,Audit Fiscal Advisory,Services aux entreprises,Karimama,+229 63 80 91 48,,auditfiscaladvisory.bj,PME (10-50),B2B,LinkedIn,,Actif,2026-06-29T00:15:34.493819,moyenne
BJ-E95DA37A,Consulting Juridique Cabinet,Services aux entreprises,Gogounou,+229 70 48 46 95,consulting.juridique.cabinet@consulting.juridique.cabinet.net,consultingjuridiquecabinet.bj,TPE (<10),B2B,LinkedIn,,Actif,2026-06-29T00:15:34.493853,haute
BJ-C452A523,RH Africa,Services aux entreprises,Gogounou,+229 33 40 24 68,rh.africa@rh.africa.org,rhafrica.bj,PME (10-50),B2B,LinkedIn,,Actif,2026-06-29T00:15:34.493904,haute
BJ-3CCF9DD8,Bureau Conseil,Services aux entreprises,Gogounou,+229 82 98 34 97,,,PME (10-50),B2B,LinkedIn,,Actif,2026-06-29T00:15:34.493929,basse
BJ-8C5128E9,Agence Communication,Services aux entreprises,Gogounou,+229 44 94 54 45,,agencecommunication.bj,TPE (<10),B2B,LinkedIn,,Actif,2026-06-29T00:15:34.493966,moyenne
BJ-459AFE23,Expert,Services aux entreprises,Cobly,+229 89 18 67 61,,,PME (50-200),B2B,LinkedIn,,Actif,2026-06-29T00:15:34.494002,basse
BJ-44B3E3ED,Formation International,Services aux entreprises,Cobly,+229 43 82 26 36,formation.international@formation.international.benin,,PME (50-200),B2B,LinkedIn,,Actif,2026-06-29T00:15:34.494034,moyenne
BJ-7A45B634,Management,Services aux entreprises,Cobly,+229 40 88 55 46,management@management.net,management.bj,PME (50-200),B2B,LinkedIn,,Actif,2026-06-29T00:15:34.494083,haute
BJ-DEA2DDE9,Audit Audit Partners,Services aux entreprises,Tanguiéta,+229 87 96 82 19,audit.audit.partners@audit.audit.partners.benin,auditauditpartners.bj,PME (10-50),B2B,LinkedIn,,Actif,2026-06-29T00:15:34.494145,haute
BJ-543B9A59,Agence Audit Africa,Services aux entreprises,Tanguiéta,+229 55 33 96 30,agence.audit.africa@agence.audit.africa.bj,agenceauditafrica.bj,PME (10-50),B2B,LinkedIn,,Actif,2026-06-29T00:15:34.494170,haute
BJ-C64768E9,Conseil,Services aux entreprises,Tanguiéta,+229 66 66 53 36,conseil@conseil.com,conseil.bj,TPE (<10),B2B,LinkedIn,,Actif,2026-06-29T00:15:34.494195,haute
BJ-739305E1,Formation Partners,Services aux entreprises,Tanguiéta,+229 88 12 93 14,formation.partners@formation.partners.net,formationpartners.bj,TPE (<10),B2B,LinkedIn,,Actif,2026-06-29T00:15:34.494221,haute
BJ-68207BE6,Marketing Advisory,Services aux entreprises,Tanguiéta,+229 76 96 39 70,marketing.advisory@marketing.advisory.com,marketingadvisory.bj,TPE (<10),B2B,LinkedIn,,Actif,2026-06-29T00:15:34.494247,haute
BJ-4E6D3469,Consulting RH Bureau Matéri,Services aux entreprises,Matéri,+229 57 64 28 10,,,PME (10-50),B2B,LinkedIn,,Actif,2026-06-29T00:15:34.494280,basse
BJ-2B33A9B8,Cabinet Conseil Bénin,Services aux entreprises,Matéri,+229 73 33 36 41,cabinet.conseil.bénin@cabinet.conseil.bénin.com,,TPE (<10),B2B,LinkedIn,,Actif,2026-06-29T00:15:34.494324,moyenne
BJ-86F6740E,Management International,Services aux entreprises,Matéri,+229 68 30 98 80,management.international@management.international.bj,managementinternational.bj,TPE (<10),B2B,LinkedIn,,Actif,2026-06-29T00:15:34.494354,haute
BJ-F661448C,Cabinet RH Bureau,Services aux entreprises,Matéri,+229 93 12 28 92,cabinet.rh.bureau@cabinet.rh.bureau.bj,cabinetrhbureau.bj,PME (10-50),B2B,LinkedIn,,Actif,2026-06-29T00:15:34.494366,haute
BJ-4B607B8B,Formation Bureau,Services aux entreprises,Matéri,+229 50 90 92 94,formation.bureau@formation.bureau.bj,formationbureau.bj,TPE (<10),B2B,LinkedIn,,Actif,2026-06-29T00:15:34.494385,haute
BJ-A9ED2C07,Communication International,Services aux entreprises,Natitingou,+229 45 50 15 57,communication.international@communication.international.bj,communicationinternational.bj,TPE (<10),B2B,LinkedIn,,Actif,2026-06-29T00:15:34.494405,haute
BJ-F6668D08,Audit Conseil,Services aux entreprises,Natitingou,+229 61 23 69 64,audit.conseil@audit.conseil.bj,auditconseil.bj,TPE (<10),B2B,LinkedIn,,Actif,2026-06-29T00:15:34.494428,haute
BJ-466071A8,Bureau Stratégie,Services aux entreprises,Natitingou,+229 76 87 35 88,bureau.stratégie@bureau.stratégie.net,,PME (50-200),B2B,LinkedIn,,Actif,2026-06-29T00:15:34.494440,moyenne
BJ-73BE8A33,Consulting International,Services aux entreprises,Natitingou,+229 26 10 96 70,,consultinginternational.bj,TPE (<10),B2B,LinkedIn,,Actif,2026-06-29T00:15:34.494468,moyenne
BJ-0F2D7EF4,Audit Bureau,Services aux entreprises,Toucountouna,+229 24 54 51 61,audit.bureau@audit.bureau.benin,,TPE (<10),B2B,LinkedIn,,Actif,2026-06-29T00:15:34.494504,moyenne
BJ-9E44B4D5,Bureau Consulting Partners Toucountouna,Services aux entreprises,Toucountouna,+229 66 56 78 78,bureau.consulting.partners.toucountouna@bureau.consulting.partners.toucountouna.net,bureauconsultingpartnerstoucountouna.bj,TPE (<10),B2B,LinkedIn,,Actif,2026-06-29T00:15:34.494520,haute
BJ-664E0089,Expert,Services aux entreprises,Toucountouna,+229 75 19 68 23,expert@expert.org,,PME (50-200),B2B,LinkedIn,,Actif,2026-06-29T00:15:34.494533,moyenne
BJ-B7D821A3,Comptable Consulting Toucountouna,Services aux entreprises,Toucountouna,+229 80 74 10 90,comptable.consulting.toucountouna@comptable.consulting.toucountouna.net,comptableconsultingtoucountouna.bj,TPE (<10),B2B,LinkedIn,,Actif,2026-06-29T00:15:34.494545,haute
BJ-A110FF6E,Expert Management Partners,Services aux entreprises,Toucountouna,+229 24 14 96 89,expert.management.partners@expert.management.partners.com,,TPE (<10),B2B,LinkedIn,,Actif,2026-06-29T00:15:34.494560,moyenne
BJ-B6D5E283,Management,Services aux entreprises,Boukoumbé,+229 64 21 79 73,management@management.net,management.bj,PME (50-200),B2B,LinkedIn,,Actif,2026-06-29T00:15:34.494578,haute
BJ-48AE1B3D,Expert,Services aux entreprises,Boukoumbé,+229 82 58 95 74,expert@expert.org,,PME (10-50),B2B,LinkedIn,,Actif,2026-06-29T00:15:34.494589,moyenne
BJ-CC9D8A3A,Stratégie Bureau,Services aux entreprises,Boukoumbé,+229 74 14 53 45,,stratégiebureau.bj,PME (10-50),B2B,LinkedIn,,Actif,2026-06-29T00:15:34.494636,moyenne
BJ-A4DFCB9C,Conseil Juridique,Services aux entreprises,Kouandé,+229 64 63 99 38,conseil.juridique@conseil.juridique.net,conseiljuridique.bj,TPE (<10),B2B,LinkedIn,,Actif,2026-06-29T00:15:34.494670,haute
BJ-13260766,Bureau Marketing Bénin Kouandé,Services aux entreprises,Kouandé,+229 63 95 83 50,bureau.marketing.bénin.kouandé@bureau.marketing.bénin.kouandé.org,bureaumarketingbéninkouandé.bj,PME (10-50),B2B,LinkedIn,,Actif,2026-06-29T00:15:34.494696,haute
BJ-DA655234,Conseil Consulting Bénin,Services aux entreprises,Kouandé,+229 40 30 30 90,conseil.consulting.bénin@conseil.consulting.bénin.com,conseilconsultingbénin.bj,Grande (>200),B2B,LinkedIn,,Actif,2026-06-29T00:15:34.494709,haute
BJ-0CBEB38E,Agence Formation,Services aux entreprises,Péhunco,+229 50 25 90 80,agence.formation@agence.formation.net,agenceformation.bj,PME (10-50),B2B,LinkedIn,,Actif,2026-06-29T00:15:34.494726,haute
BJ-40FE4595,Conseil,Services aux entreprises,Péhunco,+229 73 81 69 16,conseil@conseil.benin,,Grande (>200),B2B,LinkedIn,,Actif,2026-06-29T00:15:34.494738,moyenne
BJ-AAAB442E,Bureau RH,Services aux entreprises,Péhunco,+229 20 23 63 13,bureau.rh@bureau.rh.bj,,TPE (<10),B2B,LinkedIn,,Actif,2026-06-29T00:15:34.494748,moyenne
BJ-ACBEE3D4,Bureau RH Partners,Services aux entreprises,Péhunco,+229 48 87 60 51,bureau.rh.partners@bureau.rh.partners.bj,bureaurhpartners.bj,PME (10-50),B2B,LinkedIn,,Actif,2026-06-29T00:15:34.494760,haute
BJ-D95687A1,Cabinet Stratégie Africa,Services aux entreprises,Péhunco,+229 63 39 56 61,cabinet.stratégie.africa@cabinet.stratégie.africa.net,,TPE (<10),B2B,LinkedIn,,Actif,2026-06-29T00:15:34.494771,moyenne
BJ-2317ABCC,Stratégie Cabinet,Services aux entreprises,Tchaourou,+229 33 96 75 23,stratégie.cabinet@stratégie.cabinet.net,stratégiecabinet.bj,PME (10-50),B2B,LinkedIn,,Actif,2026-06-29T00:15:34.494803,haute
BJ-0C0AAF7D,Agence Conseil Advisory,Services aux entreprises,Tchaourou,+229 78 47 53 82,,agenceconseiladvisory.bj,PME (10-50),B2B,LinkedIn,,Actif,2026-06-29T00:15:34.494815,moyenne
BJ-5FB35F6A,Audit Bureau,Services aux entreprises,Tchaourou,+229 69 52 75 59,,auditbureau.bj,PME (10-50),B2B,LinkedIn,,Actif,2026-06-29T00:15:34.494839,moyenne
BJ-082ED2D0,Audit Partners Nikki,Services aux entreprises,Nikki,+229 53 18 31 13,audit.partners.nikki@audit.partners.nikki.benin,,Grande (>200),B2B,LinkedIn,,Actif,2026-06-29T00:15:34.494856,moyenne
BJ-48A928FD,Consulting Fiscal,Services aux entreprises,Nikki,+229 80 40 62 68,,,TPE (<10),B2B,LinkedIn,,Actif,2026-06-29T00:15:34.494877,basse
BJ-295673DD,Cabinet Marketing Africa Nikki,Services aux entreprises,Nikki,+229 78 50 41 85,cabinet.marketing.africa.nikki@cabinet.marketing.africa.nikki.benin,,TPE (<10),B2B,LinkedIn,,Actif,2026-06-29T00:15:34.494929,moyenne
BJ-E13B0821,Consulting Management Bureau,Services aux entreprises,Bembéréké,+229 61 83 79 63,,consultingmanagementbureau.bj,Grande (>200),B2B,LinkedIn,,Actif,2026-06-29T00:15:34.494946,moyenne
BJ-82837B53,Consulting Audit,Services aux entreprises,Bembéréké,+229 92 47 86 10,consulting.audit@consulting.audit.bj,consultingaudit.bj,PME (50-200),B2B,LinkedIn,,Actif,2026-06-29T00:15:34.494976,haute
BJ-6C324C5D,Consulting Comptable,Services aux entreprises,Bembéréké,+229 72 80 42 42,consulting.comptable@consulting.comptable.org,consultingcomptable.bj,PME (10-50),B2B,LinkedIn,,Actif,2026-06-29T00:15:34.494989,haute
BJ-A7879E72,Bureau RH International Bembéréké,Services aux entreprises,Bembéréké,+229 75 82 59 46,bureau.rh.international.bembéréké@bureau.rh.international.bembéréké.org,bureaurhinternationalbembéréké.bj,TPE (<10),B2B,LinkedIn,,Actif,2026-06-29T00:15:34.495017,haute
BJ-46728FD4,Cabinet Management Kalalé,Services aux entreprises,Kalalé,+229 75 53 63 41,cabinet.management.kalalé@cabinet.management.kalalé.org,cabinetmanagementkalalé.bj,PME (10-50),B2B,LinkedIn,,Actif,2026-06-29T00:15:34.495036,haute
BJ-F10637F1,Expert Management Africa Kalalé,Services aux entreprises,Kalalé,+229 93 39 91 25,expert.management.africa.kalalé@expert.management.africa.kalalé.org,expertmanagementafricakalalé.bj,TPE (<10),B2B,LinkedIn,,Actif,2026-06-29T00:15:34.495049,haute
BJ-8FB65897,RH Bénin,Services aux entreprises,Kalalé,+229 83 44 51 22,rh.bénin@rh.bénin.bj,,TPE (<10),B2B,LinkedIn,,Actif,2026-06-29T00:15:34.495060,moyenne
BJ-6574ACF7,Juridique Bureau,Services aux entreprises,Kalalé,+229 68 86 70 52,juridique.bureau@juridique.bureau.net,juridiquebureau.bj,PME (10-50),B2B,LinkedIn,,Actif,2026-06-29T00:15:34.495072,haute
BJ-7D4590C1,Juridique Kalalé,Services aux entreprises,Kalalé,+229 31 71 74 62,juridique.kalalé@juridique.kalalé.com,,PME (10-50),B2B,LinkedIn,,Actif,2026-06-29T00:15:34.495083,moyenne
BJ-FDA4A5FA,Comptable Partners,Services aux entreprises,Ndali,+229 83 51 19 19,comptable.partners@comptable.partners.bj,comptablepartners.bj,TPE (<10),B2B,LinkedIn,,Actif,2026-06-29T00:15:34.495100,haute
BJ-7A89167C,Formation Africa Ndali,Services aux entreprises,Ndali,+229 83 95 79 39,formation.africa.ndali@formation.africa.ndali.bj,,PME (10-50),B2B,LinkedIn,,Actif,2026-06-29T00:15:34.495129,moyenne
BJ-07F88353,Formation Advisory,Services aux entreprises,Ndali,+229 50 62 45 88,formation.advisory@formation.advisory.org,formationadvisory.bj,PME (10-50),B2B,LinkedIn,,Actif,2026-06-29T00:15:34.495141,haute
BJ-1BFA59BA,Juridique,Services aux entreprises,Ndali,+229 74 48 35 20,juridique@juridique.net,,PME (10-50),B2B,LinkedIn,,Actif,2026-06-29T00:15:34.495151,moyenne
BJ-010F0C5C,Stratégie Ségbana,Services aux entreprises,Ségbana,+229 73 15 24 64,stratégie.ségbana@stratégie.ségbana.net,stratégieségbana.bj,TPE (<10),B2B,LinkedIn,,Actif,2026-06-29T00:15:34.495169,haute
BJ-6A806E54,Expert Communication,Services aux entreprises,Ségbana,+229 59 17 59 70,expert.communication@expert.communication.org,expertcommunication.bj,TPE (<10),B2B,LinkedIn,,Actif,2026-06-29T00:15:34.495180,haute
BJ-D6B7E34C,Comptable Ségbana,Services aux entreprises,Ségbana,+229 99 98 29 74,comptable.ségbana@comptable.ségbana.org,,TPE (<10),B2B,LinkedIn,,Actif,2026-06-29T00:15:34.495192,moyenne
BJ-5E37B053,Audit Consulting,Services aux entreprises,Ségbana,+229 45 42 21 17,audit.consulting@audit.consulting.org,,TPE (<10),B2B,LinkedIn,,Actif,2026-06-29T00:15:34.495203,moyenne
BJ-A38A2A8E,Formation Consulting,Services aux entreprises,Ségbana,+229 66 73 11 30,formation.consulting@formation.consulting.net,formationconsulting.bj,PME (50-200),B2B,LinkedIn,,Actif,2026-06-29T00:15:34.495214,haute
BJ-F48B9991,Agence Marketing International,Services aux entreprises,Tchaourou,+229 58 88 80 95,agence.marketing.international@agence.marketing.international.com,,PME (10-50),B2B,LinkedIn,,Actif,2026-06-29T00:15:34.495233,moyenne
BJ-B4197D6F,Cabinet Stratégie Tchaourou,Services aux entreprises,Tchaourou,+229 42 65 12 20,cabinet.stratégie.tchaourou@cabinet.stratégie.tchaourou.benin,cabinetstratégietchaourou.bj,TPE (<10),B2B,LinkedIn,,Actif,2026-06-29T00:15:34.495250,haute
BJ-D7FCAC31,Bureau Conseil,Services aux entreprises,Tchaourou,+229 24 87 33 38,,,TPE (<10),B2B,LinkedIn,,Actif,2026-06-29T00:15:34.495260,basse
BJ-CAF8C8E6,Cabinet Management,Services aux entreprises,Tchaourou,+229 72 96 13 26,cabinet.management@cabinet.management.org,cabinetmanagement.bj,PME (10-50),B2B,LinkedIn,,Actif,2026-06-29T00:15:34.495272,haute
BJ-BE5A040B,Expert Formation Consulting,Services aux entreprises,Tchaourou,+229 46 40 35 29,expert.formation.consulting@expert.formation.consulting.org,,Grande (>200),B2B,LinkedIn,,Actif,2026-06-29T00:15:34.495282,moyenne
BJ-5DC6E460,Consulting Business,Services aux entreprises,Bétérou,+229 30 22 98 40,,consultingbusiness.bj,PME (50-200),B2B,LinkedIn,,Actif,2026-06-29T00:15:34.495299,moyenne
BJ-2CF1582F,Business Cabinet,Services aux entreprises,Bétérou,+229 79 20 83 33,business.cabinet@business.cabinet.bj,,TPE (<10),B2B,LinkedIn,,Actif,2026-06-29T00:15:34.495313,moyenne
BJ-16DBA5D2,Conseil Juridique Africa,Services aux entreprises,Bétérou,+229 76 32 60 30,conseil.juridique.africa@conseil.juridique.africa.org,conseiljuridiqueafrica.bj,TPE (<10),B2B,LinkedIn,,Actif,2026-06-29T00:15:34.495344,haute
BJ-CC0F13AE,Management International,Services aux entreprises,Bétérou,+229 39 61 25 46,,managementinternational.bj,PME (50-200),B2B,LinkedIn,,Actif,2026-06-29T00:15:34.495385,moyenne
BJ-78E076A8,Juridique Bénin,Services aux entreprises,Ouessè,+229 71 42 71 57,juridique.bénin@juridique.bénin.net,,PME (10-50),B2B,LinkedIn,,Actif,2026-06-29T00:15:34.495428,moyenne
BJ-75314ABD,Conseil Comptable,Services aux entreprises,Ouessè,+229 82 59 49 71,,,PME (10-50),B2B,LinkedIn,,Actif,2026-06-29T00:15:34.495450,basse
BJ-1F8BE07B,Marketing Cabinet,Services aux entreprises,Ouessè,+229 33 70 66 19,marketing.cabinet@marketing.cabinet.org,marketingcabinet.bj,Grande (>200),B2B,LinkedIn,,Actif,2026-06-29T00:15:34.495504,haute
BJ-C6F0C442,Cabinet Marketing,Services aux entreprises,Glazoué,+229 57 45 54 54,cabinet.marketing@cabinet.marketing.bj,,PME (10-50),B2B,LinkedIn,,Actif,2026-06-29T00:15:34.495523,moyenne
BJ-BD2F520A,Cabinet Audit Glazoué,Services aux entreprises,Glazoué,+229 45 68 60 12,,,TPE (<10),B2B,LinkedIn,,Actif,2026-06-29T00:15:34.495533,basse
BJ-77324A12,Bureau RH Partners,Services aux entreprises,Glazoué,+229 81 38 16 67,bureau.rh.partners@bureau.rh.partners.net,,TPE (<10),B2B,LinkedIn,,Actif,2026-06-29T00:15:34.495544,moyenne
BJ-C4481207,Cabinet Comptable,Services aux entreprises,Glazoué,+229 55 79 87 62,cabinet.comptable@cabinet.comptable.bj,cabinetcomptable.bj,TPE (<10),B2B,LinkedIn,,Actif,2026-06-29T00:15:34.495555,haute
BJ-67F29A13,Cabinet Stratégie Bénin,Services aux entreprises,Dassa-Zoumè,+229 64 75 99 28,cabinet.stratégie.bénin@cabinet.stratégie.bénin.benin,cabinetstratégiebénin.bj,TPE (<10),B2B,LinkedIn,,Actif,2026-06-29T00:15:34.495587,haute
BJ-EF9B3DA4,Agence Business,Services aux entreprises,Dassa-Zoumè,+229 79 56 60 50,,agencebusiness.bj,PME (50-200),B2B,LinkedIn,,Actif,2026-06-29T00:15:34.495615,moyenne
BJ-449127D3,Audit Bureau,Services aux entreprises,Dassa-Zoumè,+229 57 33 19 98,audit.bureau@audit.bureau.net,,PME (10-50),B2B,LinkedIn,,Actif,2026-06-29T00:15:34.495627,moyenne
BJ-23388070,Conseil Consulting,Services aux entreprises,Dassa-Zoumè,+229 87 75 54 59,conseil.consulting@conseil.consulting.com,conseilconsulting.bj,PME (50-200),B2B,LinkedIn,,Actif,2026-06-29T00:15:34.495638,haute
BJ-663E1E3B,Stratégie International,Services aux entreprises,Savalou,+229 81 77 44 42,stratégie.international@stratégie.international.benin,,PME (50-200),B2B,LinkedIn,,Actif,2026-06-29T00:15:34.495656,moyenne
BJ-0A4F8C22,Audit Stratégie Advisory,Services aux entreprises,Savalou,+229 52 90 60 95,,auditstratégieadvisory.bj,TPE (<10),B2B,LinkedIn,,Actif,2026-06-29T00:15:34.495667,moyenne
BJ-B460CE06,Expert Bénin,Services aux entreprises,Savalou,+229 20 84 41 36,,expertbénin.bj,PME (10-50),B2B,LinkedIn,,Actif,2026-06-29T00:15:34.495678,moyenne
BJ-C9D01ECE,Communication Bénin,Services aux entreprises,Savalou,+229 70 99 13 37,communication.bénin@communication.bénin.benin,communicationbénin.bj,PME (10-50),B2B,LinkedIn,,Actif,2026-06-29T00:15:34.495690,haute
BJ-94EBBB30,Conseil Comptable Savalou,Services aux entreprises,Savalou,+229 26 85 73 24,conseil.comptable.savalou@conseil.comptable.savalou.net,conseilcomptablesavalou.bj,PME (10-50),B2B,LinkedIn,,Actif,2026-06-29T00:15:34.495701,haute
BJ-2576878F,Expert Conseil,Services aux entreprises,Bantè,+229 52 29 87 36,expert.conseil@expert.conseil.net,expertconseil.bj,PME (50-200),B2B,LinkedIn,,Actif,2026-06-29T00:15:34.495718,haute
BJ-3E0D9462,Conseil Marketing,Services aux entreprises,Bantè,+229 70 20 27 17,,conseilmarketing.bj,Grande (>200),B2B,LinkedIn,,Actif,2026-06-29T00:15:34.495731,moyenne
BJ-85FAE178,Agence RH,Services aux entreprises,Bantè,+229 20 98 65 57,agence.rh@agence.rh.org,agencerh.bj,Grande (>200),B2B,LinkedIn,,Actif,2026-06-29T00:15:34.495744,haute
BJ-9E592658,Comptable,Services aux entreprises,Bantè,+229 46 61 76 23,comptable@comptable.benin,comptable.bj,TPE (<10),B2B,LinkedIn,,Actif,2026-06-29T00:15:34.495755,haute
BJ-7734763C,Consulting Comptable Consulting,Services aux entreprises,Djougou,+229 21 46 31 46,consulting.comptable.consulting@consulting.comptable.consulting.net,consultingcomptableconsulting.bj,TPE (<10),B2B,LinkedIn,,Actif,2026-06-29T00:15:34.495782,haute
BJ-C37F7934,RH Djougou,Services aux entreprises,Djougou,+229 55 11 30 42,,,TPE (<10),B2B,LinkedIn,,Actif,2026-06-29T00:15:34.495808,basse
BJ-1DE640D1,Marketing Consulting Djougou,Services aux entreprises,Djougou,+229 99 59 79 27,marketing.consulting.djougou@marketing.consulting.djougou.benin,marketingconsultingdjougou.bj,TPE (<10),B2B,LinkedIn,,Actif,2026-06-29T00:15:34.495823,haute
BJ-3760C774,Juridique,Services aux entreprises,Djougou,+229 20 62 90 45,,juridique.bj,PME (10-50),B2B,LinkedIn,,Actif,2026-06-29T00:15:34.495833,moyenne
BJ-78BD3015,Expert Ouèssè,Services aux entreprises,Ouèssè,+229 28 15 17 26,,,PME (10-50),B2B,LinkedIn,,Actif,2026-06-29T00:15:34.495849,basse
BJ-87672148,Marketing Bureau,Services aux entreprises,Ouèssè,+229 79 63 29 37,marketing.bureau@marketing.bureau.bj,marketingbureau.bj,PME (10-50),B2B,LinkedIn,,Actif,2026-06-29T00:15:34.495863,haute
BJ-1EA2AC3B,Audit Advisory,Services aux entreprises,Ouèssè,+229 57 66 69 33,,auditadvisory.bj,PME (50-200),B2B,LinkedIn,,Actif,2026-06-29T00:15:34.495874,moyenne
BJ-6C4374EA,Stratégie Partners,Services aux entreprises,Ouèssè,+229 93 24 31 76,stratégie.partners@stratégie.partners.bj,,TPE (<10),B2B,LinkedIn,,Actif,2026-06-29T00:15:34.495886,moyenne
BJ-FE49372C,Conseil International,Services aux entreprises,Bassila,+229 83 63 58 61,,conseilinternational.bj,TPE (<10),B2B,LinkedIn,,Actif,2026-06-29T00:15:34.495943,moyenne
BJ-C987B38D,Conseil Audit Bénin,Services aux entreprises,Bassila,+229 77 16 47 94,conseil.audit.bénin@conseil.audit.bénin.benin,conseilauditbénin.bj,PME (50-200),B2B,LinkedIn,,Actif,2026-06-29T00:15:34.495969,haute
BJ-82413288,Agence Business,Services aux entreprises,Bassila,+229 57 18 15 72,agence.business@agence.business.net,agencebusiness.bj,TPE (<10),B2B,LinkedIn,,Actif,2026-06-29T00:15:34.495980,haute
BJ-B85BEE39,Expert Conseil,Services aux entreprises,Bassila,+229 85 62 61 83,expert.conseil@expert.conseil.bj,expertconseil.bj,PME (10-50),B2B,LinkedIn,,Actif,2026-06-29T00:15:34.495991,haute
BJ-89F583F7,Consulting Comptable,Services aux entreprises,Bassila,+229 51 67 11 28,,consultingcomptable.bj,TPE (<10),B2B,LinkedIn,,Actif,2026-06-29T00:15:34.496002,moyenne
BJ-D5D9FA39,Conseil Audit,Services aux entreprises,Pehunco,+229 35 27 72 79,conseil.audit@conseil.audit.com,,TPE (<10),B2B,LinkedIn,,Actif,2026-06-29T00:15:34.496018,moyenne
BJ-0D5F6C24,Agence Consulting Africa Pehunco,Services aux entreprises,Pehunco,+229 25 81 60 40,agence.consulting.africa.pehunco@agence.consulting.africa.pehunco.bj,,PME (50-200),B2B,LinkedIn,,Actif,2026-06-29T00:15:34.496035,moyenne
BJ-E66AE37C,Communication Consulting,Services aux entreprises,Pehunco,+229 77 14 10 81,communication.consulting@communication.consulting.net,,TPE (<10),B2B,LinkedIn,,Actif,2026-06-29T00:15:34.496046,moyenne
BJ-E7ECAB4A,RH Bénin,Services aux entreprises,Pehunco,+229 57 77 73 78,rh.bénin@rh.bénin.net,rhbénin.bj,TPE (<10),B2B,LinkedIn,,Actif,2026-06-29T00:15:34.496058,haute
BJ-09DDB15A,Cabinet Expert,Services aux entreprises,Pehunco,+229 65 69 77 12,,,TPE (<10),B2B,LinkedIn,,Actif,2026-06-29T00:15:34.496068,basse
BJ-37789675,Fiscal Consulting Copargo,Services aux entreprises,Copargo,+229 40 28 43 58,fiscal.consulting.copargo@fiscal.consulting.copargo.benin,,PME (10-50),B2B,LinkedIn,,Actif,2026-06-29T00:15:34.496084,moyenne
BJ-271361DD,Agence Marketing,Services aux entreprises,Copargo,+229 34 22 73 88,agence.marketing@agence.marketing.com,agencemarketing.bj,PME (50-200),B2B,LinkedIn,,Actif,2026-06-29T00:15:34.496096,haute
BJ-5792884C,Juridique Bureau,Services aux entreprises,Copargo,+229 89 31 23 42,,juridiquebureau.bj,PME (50-200),B2B,LinkedIn,,Actif,2026-06-29T00:15:34.496106,moyenne
BJ-2CD74CB6,Audit Business Copargo,Services aux entreprises,Copargo,+229 65 35 98 60,audit.business.copargo@audit.business.copargo.com,auditbusinesscopargo.bj,PME (10-50),B2B,LinkedIn,,Actif,2026-06-29T00:15:34.496117,haute
BJ-550B5D28,Agence Conseil,Services aux entreprises,Copargo,+229 93 48 70 45,agence.conseil@agence.conseil.net,,TPE (<10),B2B,LinkedIn,,Actif,2026-06-29T00:15:34.496127,moyenne
BJ-1C670489,Énergie Hydraulique Water,Énergie & Environnement,Cotonou,+229 73 51 88 79,,,TPE (<10),B2C,LinkedIn,,Actif,2026-06-29T00:15:34.496144,basse
BJ-7EB2C7F7,Énergie Énergie SARL,Énergie & Environnement,Cotonou,+229 33 14 26 40,énergie.énergie.sarl@énergie.énergie.sarl.bj,énergieénergiesarl.bj,PME (50-200),B2B,LinkedIn,,Actif,2026-06-29T00:15:34.496159,haute
BJ-24A26CC4,Durable Energy,Énergie & Environnement,Cotonou,+229 43 56 33 15,durable.energy@durable.energy.com,durableenergy.bj,PME (50-200),B2B,LinkedIn,,Actif,2026-06-29T00:15:34.496172,haute
BJ-171F6DEC,Énergie Solar,Énergie & Environnement,Cotonou,+229 48 24 27 34,,énergiesolar.bj,PME (10-50),B2B,LinkedIn,,Actif,2026-06-29T00:15:34.496186,moyenne
BJ-A5AF99F3,Environnement Water Cotonou,Énergie & Environnement,Cotonou,+229 88 80 10 89,,environnementwatercotonou.bj,TPE (<10),B2C,LinkedIn,,Actif,2026-06-29T00:15:34.496197,moyenne
BJ-0F18F5F9,Power Eau Environment,Énergie & Environnement,Abomey-Calavi,+229 24 71 49 42,power.eau.environment@power.eau.environment.org,,TPE (<10),B2C,LinkedIn,,Actif,2026-06-29T00:15:34.496214,moyenne
BJ-3AA376F2,Vert Energy,Énergie & Environnement,Abomey-Calavi,+229 31 30 16 16,vert.energy@vert.energy.com,,Grande (>200),B2C,LinkedIn,,Actif,2026-06-29T00:15:34.496225,moyenne
BJ-144C8F9D,Éolien Africa,Énergie & Environnement,Abomey-Calavi,+229 33 58 13 13,,éolienafrica.bj,PME (50-200),B2B,LinkedIn,,Actif,2026-06-29T00:15:34.496239,moyenne
BJ-110E887B,Écologie Solar,Énergie & Environnement,Abomey-Calavi,+229 99 61 18 37,écologie.solar@écologie.solar.net,,PME (50-200),B2C,LinkedIn,,Actif,2026-06-29T00:15:34.496251,moyenne
BJ-ACBC828C,Power Hydraulique Power,Énergie & Environnement,Abomey-Calavi,+229 87 84 67 70,power.hydraulique.power@power.hydraulique.power.benin,,PME (10-50),B2C,LinkedIn,,Actif,2026-06-29T00:15:34.496262,moyenne
BJ-CA499D5F,Solar Renouvelable Bénin,Énergie & Environnement,Porto-Novo,+229 27 51 47 42,,,PME (10-50),B2C,LinkedIn,,Actif,2026-06-29T00:15:34.496278,basse
BJ-42EBCCE0,Power Éolien Water Porto-Novo,Énergie & Environnement,Porto-Novo,+229 38 81 11 74,,,TPE (<10),B2C,LinkedIn,,Actif,2026-06-29T00:15:34.496316,basse
BJ-20841AF9,Eau Hydraulique Porto-Novo,Énergie & Environnement,Porto-Novo,+229 25 13 88 86,eau.hydraulique.portonovo@eau.hydraulique.portonovo.bj,eauhydrauliqueportonovo.bj,TPE (<10),B2B,LinkedIn,,Actif,2026-06-29T00:15:34.496343,haute
BJ-C4202C1F,Solar Éolien,Énergie & Environnement,Porto-Novo,+229 62 67 56 95,solar.éolien@solar.éolien.net,,PME (10-50),B2C,LinkedIn,,Actif,2026-06-29T00:15:34.496355,moyenne
BJ-021DEC1C,Renouvelable Parakou,Énergie & Environnement,Parakou,+229 27 64 87 75,renouvelable.parakou@renouvelable.parakou.benin,renouvelableparakou.bj,TPE (<10),B2B,LinkedIn,,Actif,2026-06-29T00:15:34.496376,haute
BJ-7D8FA71D,Vert Energy,Énergie & Environnement,Parakou,+229 58 78 10 92,vert.energy@vert.energy.com,vertenergy.bj,PME (10-50),B2C,LinkedIn,,Actif,2026-06-29T00:15:34.496389,haute
BJ-E5B3C6B7,Environnement Vert,Énergie & Environnement,Parakou,+229 66 24 37 71,environnement.vert@environnement.vert.bj,,TPE (<10),B2B,LinkedIn,,Actif,2026-06-29T00:15:34.496400,moyenne
BJ-077DE83C,Power Hydraulique Water,Énergie & Environnement,Parakou,+229 35 15 13 42,power.hydraulique.water@power.hydraulique.water.com,powerhydrauliquewater.bj,PME (10-50),B2C,LinkedIn,,Actif,2026-06-29T00:15:34.496412,haute
BJ-CC286068,Power Power Bénin,Énergie & Environnement,Parakou,+229 50 89 36 57,,powerpowerbénin.bj,PME (10-50),B2B,LinkedIn,,Actif,2026-06-29T00:15:34.496424,moyenne
BJ-CB7F5D6F,Énergie Solaire,Énergie & Environnement,Bohicon,+229 37 60 32 96,énergie.solaire@énergie.solaire.com,énergiesolaire.bj,TPE (<10),B2C,LinkedIn,,Actif,2026-06-29T00:15:34.496442,haute
BJ-A568FB2F,Solar Hydraulique Energy,Énergie & Environnement,Bohicon,+229 54 97 84 27,solar.hydraulique.energy@solar.hydraulique.energy.bj,,TPE (<10),B2B,LinkedIn,,Actif,2026-06-29T00:15:34.496459,moyenne
BJ-70C74898,Solar Power,Énergie & Environnement,Bohicon,+229 23 45 32 46,solar.power@solar.power.benin,solarpower.bj,PME (10-50),B2B,LinkedIn,,Actif,2026-06-29T00:15:34.496487,haute
BJ-37B74EBC,Eau Solar,Énergie & Environnement,Bohicon,+229 57 10 78 26,eau.solar@eau.solar.net,eausolar.bj,TPE (<10),B2C,LinkedIn,,Actif,2026-06-29T00:15:34.496518,haute
BJ-9516CC23,Vert,Énergie & Environnement,Bohicon,+229 37 94 35 61,vert@vert.bj,vert.bj,TPE (<10),B2B,LinkedIn,,Actif,2026-06-29T00:15:34.496544,haute
BJ-27F20A57,Environnement Renouvelable Africa,Énergie & Environnement,Natitingou,+229 51 63 12 59,environnement.renouvelable.africa@environnement.renouvelable.africa.bj,,PME (10-50),B2B,LinkedIn,,Actif,2026-06-29T00:15:34.496565,moyenne
BJ-DDC8A2BB,Clean Natitingou,Énergie & Environnement,Natitingou,+229 85 39 57 38,clean.natitingou@clean.natitingou.bj,cleannatitingou.bj,PME (50-200),B2C,LinkedIn,,Actif,2026-06-29T00:15:34.496590,haute
BJ-6155F53A,Vert Renouvelable SARL,Énergie & Environnement,Natitingou,+229 88 89 32 71,vert.renouvelable.sarl@vert.renouvelable.sarl.org,vertrenouvelablesarl.bj,PME (10-50),B2B,LinkedIn,,Actif,2026-06-29T00:15:34.496612,haute
BJ-7EFFA940,Power Clean Natitingou,Énergie & Environnement,Natitingou,+229 65 76 73 74,power.clean.natitingou@power.clean.natitingou.org,powercleannatitingou.bj,PME (10-50),B2B,LinkedIn,,Actif,2026-06-29T00:15:34.496624,haute
BJ-A77FEB9D,Eau Éolien Bénin,Énergie & Environnement,Lokossa,+229 44 85 22 10,eau.éolien.bénin@eau.éolien.bénin.benin,,PME (50-200),B2B,LinkedIn,,Actif,2026-06-29T00:15:34.496646,moyenne
BJ-EF2B4AF5,Éolien Écologie SARL,Énergie & Environnement,Lokossa,+229 62 81 73 90,éolien.écologie.sarl@éolien.écologie.sarl.org,éolienécologiesarl.bj,TPE (<10),B2B,LinkedIn,,Actif,2026-06-29T00:15:34.496662,haute
BJ-589D09DB,Power Éolien,Énergie & Environnement,Lokossa,+229 30 78 84 10,power.éolien@power.éolien.bj,,TPE (<10),B2B,LinkedIn,,Actif,2026-06-29T00:15:34.496674,moyenne
BJ-891F759C,Clean,Énergie & Environnement,Lokossa,+229 20 36 16 50,clean@clean.com,,TPE (<10),B2B,LinkedIn,,Actif,2026-06-29T00:15:34.496685,moyenne
BJ-C91CCDAB,Power Lokossa,Énergie & Environnement,Lokossa,+229 87 30 30 61,power.lokossa@power.lokossa.org,powerlokossa.bj,TPE (<10),B2C,LinkedIn,,Actif,2026-06-29T00:15:34.496697,haute
BJ-7A081E60,Énergie Hydraulique Ouidah,Énergie & Environnement,Ouidah,+229 28 65 84 57,énergie.hydraulique.ouidah@énergie.hydraulique.ouidah.benin,,PME (50-200),B2C,LinkedIn,,Actif,2026-06-29T00:15:34.496714,moyenne
BJ-9F70AA11,Éolien SARL,Énergie & Environnement,Ouidah,+229 58 27 40 10,,,TPE (<10),B2C,LinkedIn,,Actif,2026-06-29T00:15:34.496725,basse
BJ-4DC37403,Éolien Clean,Énergie & Environnement,Ouidah,+229 87 25 81 21,éolien.clean@éolien.clean.org,éolienclean.bj,TPE (<10),B2C,LinkedIn,,Actif,2026-06-29T00:15:34.496737,haute
BJ-8EB5D2D2,Éolien Assainissement,Énergie & Environnement,Ouidah,+229 36 93 31 48,,éolienassainissement.bj,TPE (<10),B2C,LinkedIn,,Actif,2026-06-29T00:15:34.496748,moyenne
BJ-80730971,Éolien Durable,Énergie & Environnement,Savalou,+229 27 71 73 12,,éoliendurable.bj,TPE (<10),B2B,LinkedIn,,Actif,2026-06-29T00:15:34.496783,moyenne
BJ-4F57D2C8,Solaire Savalou,Énergie & Environnement,Savalou,+229 48 82 78 28,solaire.savalou@solaire.savalou.net,solairesavalou.bj,PME (50-200),B2C,LinkedIn,,Actif,2026-06-29T00:15:34.496810,haute
BJ-AD5026E1,Éolien Power Savalou,Énergie & Environnement,Savalou,+229 96 21 22 76,,éolienpowersavalou.bj,Grande (>200),B2C,LinkedIn,,Actif,2026-06-29T00:15:34.496822,moyenne
BJ-D24B7095,Environnement Vert Environment,Énergie & Environnement,Savalou,+229 31 83 65 21,environnement.vert.environment@environnement.vert.environment.org,,PME (10-50),B2B,LinkedIn,,Actif,2026-06-29T00:15:34.496833,moyenne
BJ-38716B2A,Solaire Water,Énergie & Environnement,Dassa-Zoumè,+229 42 94 76 16,solaire.water@solaire.water.benin,solairewater.bj,TPE (<10),B2C,LinkedIn,,Actif,2026-06-29T00:15:34.496850,haute
BJ-901F36CF,Environnement Écologie Solar,Énergie & Environnement,Dassa-Zoumè,+229 83 21 44 13,,environnementécologiesolar.bj,TPE (<10),B2B,LinkedIn,,Actif,2026-06-29T00:15:34.496861,moyenne
BJ-2F916191,Power Hydraulique Dassa-Zoumè,Énergie & Environnement,Dassa-Zoumè,+229 46 48 87 63,power.hydraulique.dassazoumè@power.hydraulique.dassazoumè.bj,powerhydrauliquedassazoumè.bj,PME (50-200),B2B,LinkedIn,,Actif,2026-06-29T00:15:34.496874,haute
BJ-DA5E4646,Solaire Africa Dassa-Zoumè,Énergie & Environnement,Dassa-Zoumè,+229 94 15 55 43,solaire.africa.dassazoumè@solaire.africa.dassazoumè.bj,solaireafricadassazoumè.bj,TPE (<10),B2C,LinkedIn,,Actif,2026-06-29T00:15:34.496928,haute
BJ-FC92DB34,Énergie Clean,Énergie & Environnement,Kétou,+229 21 51 46 76,énergie.clean@énergie.clean.org,énergieclean.bj,TPE (<10),B2C,LinkedIn,,Actif,2026-06-29T00:15:34.496993,haute
BJ-CF8523B8,Vert Éolien,Énergie & Environnement,Kétou,+229 44 66 80 35,vert.éolien@vert.éolien.net,,PME (10-50),B2C,LinkedIn,,Actif,2026-06-29T00:15:34.497005,moyenne
BJ-4EE7A7C5,Vert Bénin,Énergie & Environnement,Covè,+229 82 81 18 54,vert.bénin@vert.bénin.com,vertbénin.bj,TPE (<10),B2B,LinkedIn,,Actif,2026-06-29T00:15:34.497033,haute
BJ-37E51561,Renouvelable Covè,Énergie & Environnement,Covè,+229 95 22 24 49,renouvelable.covè@renouvelable.covè.net,renouvelablecovè.bj,TPE (<10),B2C,LinkedIn,,Actif,2026-06-29T00:15:34.497045,haute
BJ-E411874D,Renouvelable,Énergie & Environnement,Covè,+229 43 83 60 77,,renouvelable.bj,PME (10-50),B2C,LinkedIn,,Actif,2026-06-29T00:15:34.497059,moyenne
BJ-A9A53999,Solaire Covè,Énergie & Environnement,Covè,+229 31 25 84 34,,solairecovè.bj,TPE (<10),B2B,LinkedIn,,Actif,2026-06-29T00:15:34.497071,moyenne
BJ-331DBE97,Énergie Renouvelable Solar,Énergie & Environnement,Covè,+229 76 74 43 74,,énergierenouvelablesolar.bj,PME (10-50),B2C,LinkedIn,,Actif,2026-06-29T00:15:34.497082,moyenne
BJ-5D145601,Vert Assainissement Africa Pobè,Énergie & Environnement,Pobè,+229 65 19 43 43,vert.assainissement.africa.pobè@vert.assainissement.africa.pobè.bj,,PME (10-50),B2B,LinkedIn,,Actif,2026-06-29T00:15:34.497099,moyenne
BJ-20D25641,Environnement Africa,Énergie & Environnement,Pobè,+229 36 54 72 92,,environnementafrica.bj,PME (10-50),B2B,LinkedIn,,Actif,2026-06-29T00:15:34.497125,moyenne
BJ-B7C1D022,Environnement Power Bénin,Énergie & Environnement,Pobè,+229 71 69 46 51,environnement.power.bénin@environnement.power.bénin.net,,PME (50-200),B2C,LinkedIn,,Actif,2026-06-29T00:15:34.497140,moyenne
BJ-6C3C880E,Solar Éolien Pobè,Énergie & Environnement,Pobè,+229 96 77 97 93,solar.éolien.pobè@solar.éolien.pobè.com,,PME (50-200),B2C,LinkedIn,,Actif,2026-06-29T00:15:34.497152,moyenne
BJ-62E68A4C,Solaire Africa,Énergie & Environnement,Sakété,+229 53 61 58 75,solaire.africa@solaire.africa.benin,,PME (10-50),B2C,LinkedIn,,Actif,2026-06-29T00:15:34.497168,moyenne
BJ-E4DE44BC,Solaire Sakété,Énergie & Environnement,Sakété,+229 56 24 35 83,solaire.sakété@solaire.sakété.org,solairesakété.bj,TPE (<10),B2B,LinkedIn,,Actif,2026-06-29T00:15:34.497181,haute
BJ-27C4769D,Eau Écologie,Énergie & Environnement,Sakété,+229 84 68 72 80,eau.écologie@eau.écologie.benin,eauécologie.bj,PME (10-50),B2C,LinkedIn,,Actif,2026-06-29T00:15:34.497193,haute
BJ-D27F3798,Environnement,Énergie & Environnement,Sakété,+229 73 70 10 66,environnement@environnement.com,environnement.bj,TPE (<10),B2C,LinkedIn,,Actif,2026-06-29T00:15:34.497204,haute
BJ-49F25670,Environnement Assainissement Environment,Énergie & Environnement,Sakété,+229 26 72 17 83,environnement.assainissement.environment@environnement.assainissement.environment.com,environnementassainissementenvironment.bj,PME (50-200),B2B,LinkedIn,,Actif,2026-06-29T00:15:34.497217,haute
BJ-180D00CB,Éolien Eau Environment,Énergie & Environnement,Adjara,+229 84 72 44 41,,éolieneauenvironment.bj,PME (50-200),B2C,LinkedIn,,Actif,2026-06-29T00:15:34.497234,moyenne
BJ-C056170C,Power,Énergie & Environnement,Adjara,+229 70 90 84 55,,power.bj,Grande (>200),B2C,LinkedIn,,Actif,2026-06-29T00:15:34.497249,moyenne
BJ-447EB0DF,Environnement Adjara,Énergie & Environnement,Adjara,+229 67 62 78 35,,environnementadjara.bj,TPE (<10),B2B,LinkedIn,,Actif,2026-06-29T00:15:34.497260,moyenne
BJ-355C709C,Durable Bénin,Énergie & Environnement,Adjara,+229 37 45 79 58,,durablebénin.bj,TPE (<10),B2C,LinkedIn,,Actif,2026-06-29T00:15:34.497271,moyenne
BJ-67C4CFE8,Eau,Énergie & Environnement,Adjara,+229 64 68 48 22,,eau.bj,PME (10-50),B2B,LinkedIn,,Actif,2026-06-29T00:15:34.497284,moyenne
BJ-42EDB190,Énergie,Énergie & Environnement,Allada,+229 96 31 48 19,,énergie.bj,TPE (<10),B2C,LinkedIn,,Actif,2026-06-29T00:15:34.497303,moyenne
BJ-A422066C,Renouvelable Africa Allada,Énergie & Environnement,Allada,+229 77 56 15 75,renouvelable.africa.allada@renouvelable.africa.allada.org,,TPE (<10),B2B,LinkedIn,,Actif,2026-06-29T00:15:34.497315,moyenne
BJ-6B73F681,Environnement Environment,Énergie & Environnement,Allada,+229 36 97 77 99,environnement.environment@environnement.environment.org,environnementenvironment.bj,TPE (<10),B2B,LinkedIn,,Actif,2026-06-29T00:15:34.497327,haute
BJ-B8337C7A,Vert Renouvelable Africa Allada,Énergie & Environnement,Allada,+229 49 71 38 59,,,PME (50-200),B2B,LinkedIn,,Actif,2026-06-29T00:15:34.497337,basse
BJ-C3E2E5B1,Vert Environnement,Énergie & Environnement,Allada,+229 76 53 93 58,vert.environnement@vert.environnement.org,vertenvironnement.bj,TPE (<10),B2C,LinkedIn,,Actif,2026-06-29T00:15:34.497348,haute
BJ-A62085AE,Power Power,Énergie & Environnement,Aplahoué,+229 96 16 34 90,power.power@power.power.com,powerpower.bj,PME (50-200),B2B,LinkedIn,,Actif,2026-06-29T00:15:34.497365,haute
BJ-64E102A9,Éolien Solaire Solar,Énergie & Environnement,Aplahoué,+229 77 45 45 50,,,TPE (<10),B2C,LinkedIn,,Actif,2026-06-29T00:15:34.497378,basse
BJ-34C02B36,Renouvelable Power Aplahoué,Énergie & Environnement,Aplahoué,+229 84 20 15 63,renouvelable.power.aplahoué@renouvelable.power.aplahoué.org,renouvelablepoweraplahoué.bj,PME (50-200),B2B,LinkedIn,,Actif,2026-06-29T00:15:34.497394,haute
BJ-CEB87965,Vert Eau Power,Énergie & Environnement,Aplahoué,+229 63 83 56 78,vert.eau.power@vert.eau.power.bj,verteaupower.bj,TPE (<10),B2C,LinkedIn,,Actif,2026-06-29T00:15:34.497405,haute
BJ-2D9A6C68,Solar Eau,Énergie & Environnement,Aplahoué,+229 57 75 33 34,,,TPE (<10),B2B,LinkedIn,,Actif,2026-06-29T00:15:34.497415,basse
BJ-C59748EA,Solar Renouvelable Africa,Énergie & Environnement,Dogbo-Tota,+229 38 81 85 97,solar.renouvelable.africa@solar.renouvelable.africa.bj,solarrenouvelableafrica.bj,TPE (<10),B2B,LinkedIn,,Actif,2026-06-29T00:15:34.497437,haute
BJ-105FDF32,Eau Eau,Énergie & Environnement,Dogbo-Tota,+229 46 71 25 76,eau.eau@eau.eau.net,eaueau.bj,PME (50-200),B2C,LinkedIn,,Actif,2026-06-29T00:15:34.497449,haute
BJ-C9997AC5,Solaire Africa Dogbo-Tota,Énergie & Environnement,Dogbo-Tota,+229 63 49 49 91,,,PME (10-50),B2C,LinkedIn,,Actif,2026-06-29T00:15:34.497459,basse
BJ-57EE52B0,Environnement Solar,Énergie & Environnement,Dogbo-Tota,+229 66 69 36 84,environnement.solar@environnement.solar.net,environnementsolar.bj,TPE (<10),B2B,LinkedIn,,Actif,2026-06-29T00:15:34.497470,haute
BJ-A9E374C8,Vert Water,Énergie & Environnement,Dogbo-Tota,+229 84 34 60 35,vert.water@vert.water.net,,TPE (<10),B2C,LinkedIn,,Actif,2026-06-29T00:15:34.497480,moyenne
BJ-D4411E18,Power Environnement Water,Énergie & Environnement,Kpomassè,+229 62 38 13 57,,powerenvironnementwater.bj,Grande (>200),B2B,LinkedIn,,Actif,2026-06-29T00:15:34.497496,moyenne
BJ-964EB23E,Éolien Eau,Énergie & Environnement,Kpomassè,+229 68 31 73 71,éolien.eau@éolien.eau.org,éolieneau.bj,TPE (<10),B2C,LinkedIn,,Actif,2026-06-29T00:15:34.497514,haute
BJ-67320FA5,Solar Vert Water,Énergie & Environnement,Kpomassè,+229 96 95 33 62,solar.vert.water@solar.vert.water.net,,PME (50-200),B2C,LinkedIn,,Actif,2026-06-29T00:15:34.497526,moyenne
BJ-6E59C5A9,Eau,Énergie & Environnement,Kpomassè,+229 59 73 18 74,eau@eau.com,,Grande (>200),B2B,LinkedIn,,Actif,2026-06-29T00:15:34.497537,moyenne
BJ-376CFD28,Éolien Assainissement SARL,Énergie & Environnement,Kpomassè,+229 23 57 24 13,éolien.assainissement.sarl@éolien.assainissement.sarl.com,éolienassainissementsarl.bj,PME (10-50),B2C,LinkedIn,,Actif,2026-06-29T00:15:34.497548,haute
BJ-ABD0BC10,Eau Écologie,Énergie & Environnement,Tori-Bossito,+229 76 11 74 38,eau.écologie@eau.écologie.net,eauécologie.bj,PME (10-50),B2B,LinkedIn,,Actif,2026-06-29T00:15:34.497566,haute
BJ-9601E3A5,Power Solaire,Énergie & Environnement,Tori-Bossito,+229 20 32 16 98,power.solaire@power.solaire.com,powersolaire.bj,Grande (>200),B2B,LinkedIn,,Actif,2026-06-29T00:15:34.497578,haute
BJ-97474935,Énergie Assainissement,Énergie & Environnement,Tori-Bossito,+229 58 26 71 49,énergie.assainissement@énergie.assainissement.org,,PME (50-200),B2C,LinkedIn,,Actif,2026-06-29T00:15:34.497589,moyenne
BJ-61909041,Solar Solaire,Énergie & Environnement,Tori-Bossito,+229 24 60 80 64,solar.solaire@solar.solaire.net,,Grande (>200),B2B,LinkedIn,,Actif,2026-06-29T00:15:34.497601,moyenne
BJ-1C48FF68,Éolien Hydraulique Africa,Énergie & Environnement,Tori-Bossito,+229 93 78 48 15,,éolienhydrauliqueafrica.bj,Grande (>200),B2B,LinkedIn,,Actif,2026-06-29T00:15:34.497612,moyenne
BJ-BD0CECF1,Environnement Grand-Popo,Énergie & Environnement,Grand-Popo,+229 62 14 26 67,,environnementgrandpopo.bj,PME (50-200),B2B,LinkedIn,,Actif,2026-06-29T00:15:34.497631,moyenne
BJ-CFB9D446,Solaire SARL,Énergie & Environnement,Grand-Popo,+229 95 82 91 51,,,PME (50-200),B2C,LinkedIn,,Actif,2026-06-29T00:15:34.497645,basse
BJ-EFEFFF71,Énergie Durable,Énergie & Environnement,Grand-Popo,+229 26 34 96 45,énergie.durable@énergie.durable.com,énergiedurable.bj,PME (50-200),B2B,LinkedIn,,Actif,2026-06-29T00:15:34.497658,haute
BJ-F27B5230,Clean Power,Énergie & Environnement,Grand-Popo,+229 29 65 46 14,clean.power@clean.power.com,cleanpower.bj,TPE (<10),B2B,LinkedIn,,Actif,2026-06-29T00:15:34.497669,haute
BJ-ADD8BAFA,Environnement Vert Solar Athiémé,Énergie & Environnement,Athiémé,+229 71 40 17 77,environnement.vert.solar.athiémé@environnement.vert.solar.athiémé.net,environnementvertsolarathiémé.bj,Grande (>200),B2B,LinkedIn,,Actif,2026-06-29T00:15:34.497698,haute
BJ-9015BBA6,Environnement Vert,Énergie & Environnement,Athiémé,+229 88 14 44 32,,environnementvert.bj,Grande (>200),B2B,LinkedIn,,Actif,2026-06-29T00:15:34.497709,moyenne
BJ-DF9DD60B,Éolien Vert,Énergie & Environnement,Athiémé,+229 38 60 60 28,éolien.vert@éolien.vert.org,éolienvert.bj,PME (10-50),B2C,LinkedIn,,Actif,2026-06-29T00:15:34.497720,haute
BJ-5810BC5A,Eau Environnement Athiémé,Énergie & Environnement,Athiémé,+229 92 50 49 22,,,TPE (<10),B2B,LinkedIn,,Actif,2026-06-29T00:15:34.497734,basse
BJ-2E1D86D9,Énergie Power Athiémé,Énergie & Environnement,Athiémé,+229 64 70 41 38,,énergiepowerathiémé.bj,PME (10-50),B2C,LinkedIn,,Actif,2026-06-29T00:15:34.497745,moyenne
BJ-A33B8C53,Eau Éolien,Énergie & Environnement,Bopa,+229 33 98 80 21,eau.éolien@eau.éolien.net,eauéolien.bj,TPE (<10),B2B,LinkedIn,,Actif,2026-06-29T00:15:34.497762,haute
BJ-E9005268,Clean,Énergie & Environnement,Bopa,+229 78 63 73 38,clean@clean.org,,PME (50-200),B2B,LinkedIn,,Actif,2026-06-29T00:15:34.497777,moyenne
BJ-51AE818B,Éolien Bénin,Énergie & Environnement,Bopa,+229 59 69 45 91,,éolienbénin.bj,Grande (>200),B2B,LinkedIn,,Actif,2026-06-29T00:15:34.497789,moyenne
BJ-AA953DEA,Power Africa Bopa,Énergie & Environnement,Bopa,+229 86 95 31 62,,powerafricabopa.bj,Grande (>200),B2B,LinkedIn,,Actif,2026-06-29T00:15:34.497800,moyenne
BJ-E47F6AA7,Solaire Africa,Énergie & Environnement,Houéyogbé,+229 43 29 60 37,,,TPE (<10),B2B,LinkedIn,,Actif,2026-06-29T00:15:34.497825,basse
BJ-462E8500,Environnement Solaire SARL,Énergie & Environnement,Houéyogbé,+229 49 72 25 28,environnement.solaire.sarl@environnement.solaire.sarl.benin,environnementsolairesarl.bj,TPE (<10),B2B,LinkedIn,,Actif,2026-06-29T00:15:34.497837,haute
BJ-F96B5B07,Power Écologie,Énergie & Environnement,Houéyogbé,+229 29 26 72 85,power.écologie@power.écologie.bj,,PME (50-200),B2B,LinkedIn,,Actif,2026-06-29T00:15:34.497848,moyenne
BJ-0D1FC0CB,Power Clean SARL,Énergie & Environnement,Houéyogbé,+229 26 98 77 74,,,Grande (>200),B2C,LinkedIn,,Actif,2026-06-29T00:15:34.497858,basse
BJ-F9110E25,Vert Eau,Énergie & Environnement,Houéyogbé,+229 21 20 62 56,vert.eau@vert.eau.org,verteau.bj,TPE (<10),B2B,LinkedIn,,Actif,2026-06-29T00:15:34.497870,haute
BJ-4C4E0646,Vert Eau SARL,Énergie & Environnement,Malanville,+229 56 69 84 56,vert.eau.sarl@vert.eau.sarl.bj,verteausarl.bj,PME (50-200),B2C,LinkedIn,,Actif,2026-06-29T00:15:34.497927,haute
BJ-2E6F9361,Environnement SARL,Énergie & Environnement,Malanville,+229 31 62 18 86,,environnementsarl.bj,PME (10-50),B2C,LinkedIn,,Actif,2026-06-29T00:15:34.497940,moyenne
BJ-7F2093DE,Écologie Environment Malanville,Énergie & Environnement,Malanville,+229 88 59 50 78,écologie.environment.malanville@écologie.environment.malanville.org,,PME (10-50),B2C,LinkedIn,,Actif,2026-06-29T00:15:34.497965,moyenne
BJ-A455C64F,Environnement Clean Africa,Énergie & Environnement,Malanville,+229 61 69 85 87,environnement.clean.africa@environnement.clean.africa.bj,environnementcleanafrica.bj,TPE (<10),B2C,LinkedIn,,Actif,2026-06-29T00:15:34.498006,haute
BJ-A20F9EE4,Vert Environnement Power Kandi,Énergie & Environnement,Kandi,+229 98 93 37 35,vert.environnement.power.kandi@vert.environnement.power.kandi.bj,,PME (50-200),B2C,LinkedIn,,Actif,2026-06-29T00:15:34.498074,moyenne
BJ-7E1FC427,Solaire Africa,Énergie & Environnement,Kandi,+229 60 51 91 51,solaire.africa@solaire.africa.org,solaireafrica.bj,Grande (>200),B2C,LinkedIn,,Actif,2026-06-29T00:15:34.498095,haute
BJ-1B38345C,Environnement Écologie Solar,Énergie & Environnement,Kandi,+229 21 57 20 99,environnement.écologie.solar@environnement.écologie.solar.benin,,TPE (<10),B2B,LinkedIn,,Actif,2026-06-29T00:15:34.498115,moyenne
BJ-458CA349,Éolien Eau Kandi,Énergie & Environnement,Kandi,+229 92 71 20 74,éolien.eau.kandi@éolien.eau.kandi.net,éolieneaukandi.bj,Grande (>200),B2C,LinkedIn,,Actif,2026-06-29T00:15:34.498136,haute
BJ-510A0772,Assainissement Bénin,Énergie & Environnement,Banikoara,+229 94 34 86 29,assainissement.bénin@assainissement.bénin.com,,PME (50-200),B2C,LinkedIn,,Actif,2026-06-29T00:15:34.498168,moyenne
BJ-08FDF654,Énergie Clean Environment Banikoara,Énergie & Environnement,Banikoara,+229 91 46 18 18,énergie.clean.environment.banikoara@énergie.clean.environment.banikoara.com,énergiecleanenvironmentbanikoara.bj,PME (10-50),B2B,LinkedIn,,Actif,2026-06-29T00:15:34.498197,haute
BJ-36158BDD,Hydraulique Africa Banikoara,Énergie & Environnement,Banikoara,+229 84 98 62 53,,hydrauliqueafricabanikoara.bj,PME (50-200),B2B,LinkedIn,,Actif,2026-06-29T00:15:34.498255,moyenne
BJ-7B955E67,Hydraulique Water,Énergie & Environnement,Banikoara,+229 82 87 25 20,hydraulique.water@hydraulique.water.benin,,PME (10-50),B2C,LinkedIn,,Actif,2026-06-29T00:15:34.498284,moyenne
BJ-1BADDF57,Éolien Durable,Énergie & Environnement,Ségbana,+229 27 75 65 69,éolien.durable@éolien.durable.bj,,PME (10-50),B2C,LinkedIn,,Actif,2026-06-29T00:15:34.498326,moyenne
BJ-BCF8F9C6,Solaire Energy,Énergie & Environnement,Ségbana,+229 82 96 82 47,,solaireenergy.bj,PME (10-50),B2C,LinkedIn,,Actif,2026-06-29T00:15:34.498352,moyenne
BJ-1EDC8BFE,Éolien Vert SARL,Énergie & Environnement,Ségbana,+229 42 11 72 27,éolien.vert.sarl@éolien.vert.sarl.org,éolienvertsarl.bj,PME (10-50),B2B,LinkedIn,,Actif,2026-06-29T00:15:34.498379,haute
BJ-CB63AA3A,Environnement Power Ségbana,Énergie & Environnement,Ségbana,+229 85 61 60 58,environnement.power.ségbana@environnement.power.ségbana.bj,environnementpowerségbana.bj,TPE (<10),B2B,LinkedIn,,Actif,2026-06-29T00:15:34.498435,haute
BJ-0BCF1C91,Énergie Énergie Environment,Énergie & Environnement,Karimama,+229 86 83 17 88,,,PME (50-200),B2C,LinkedIn,,Actif,2026-06-29T00:15:34.498508,basse
BJ-10BF8C65,Eau Assainissement Solar,Énergie & Environnement,Karimama,+229 35 45 48 29,eau.assainissement.solar@eau.assainissement.solar.benin,eauassainissementsolar.bj,TPE (<10),B2C,LinkedIn,,Actif,2026-06-29T00:15:34.498527,haute
BJ-38911B23,Durable Africa,Énergie & Environnement,Karimama,+229 58 33 87 34,,,TPE (<10),B2C,LinkedIn,,Actif,2026-06-29T00:15:34.498551,basse
BJ-662974C4,Environnement Renouvelable Water,Énergie & Environnement,Gogounou,+229 78 25 78 72,environnement.renouvelable.water@environnement.renouvelable.water.net,environnementrenouvelablewater.bj,PME (10-50),B2B,LinkedIn,,Actif,2026-06-29T00:15:34.498578,haute
BJ-64232374,Vert Éolien,Énergie & Environnement,Gogounou,+229 92 46 71 74,,vertéolien.bj,Grande (>200),B2B,LinkedIn,,Actif,2026-06-29T00:15:34.498611,moyenne
BJ-57F866DB,Environnement Water,Énergie & Environnement,Gogounou,+229 66 42 66 63,environnement.water@environnement.water.benin,,PME (50-200),B2B,LinkedIn,,Actif,2026-06-29T00:15:34.498637,moyenne
BJ-9773A61D,Eau Durable Bénin,Énergie & Environnement,Gogounou,+229 69 86 42 11,eau.durable.bénin@eau.durable.bénin.org,eaudurablebénin.bj,PME (10-50),B2C,LinkedIn,,Actif,2026-06-29T00:15:34.498662,haute
BJ-1840BE74,Vert,Énergie & Environnement,Gogounou,+229 31 83 21 83,,,Grande (>200),B2B,LinkedIn,,Actif,2026-06-29T00:15:34.498684,basse
BJ-D7690264,Eau Cobly,Énergie & Environnement,Cobly,+229 61 88 14 26,eau.cobly@eau.cobly.org,,PME (50-200),B2B,LinkedIn,,Actif,2026-06-29T00:15:34.498816,moyenne
BJ-BCD904C5,Assainissement Energy,Énergie & Environnement,Cobly,+229 68 15 72 58,,assainissementenergy.bj,Grande (>200),B2B,LinkedIn,,Actif,2026-06-29T00:15:34.498876,moyenne
BJ-54C1E38B,Eau,Énergie & Environnement,Tanguiéta,+229 82 94 34 12,eau@eau.net,,TPE (<10),B2C,LinkedIn,,Actif,2026-06-29T00:15:34.498934,moyenne
BJ-42FB4D62,Eau Solaire Tanguiéta,Énergie & Environnement,Tanguiéta,+229 83 32 31 78,eau.solaire.tanguiéta@eau.solaire.tanguiéta.bj,eausolairetanguiéta.bj,PME (10-50),B2B,LinkedIn,,Actif,2026-06-29T00:15:34.498959,haute
BJ-55E9CBCA,Eau Écologie Environment,Énergie & Environnement,Tanguiéta,+229 61 16 65 33,eau.écologie.environment@eau.écologie.environment.benin,,PME (50-200),B2B,LinkedIn,,Actif,2026-06-29T00:15:34.499006,moyenne
BJ-D79481AE,Éolien,Énergie & Environnement,Matéri,+229 87 23 27 78,éolien@éolien.net,éolien.bj,PME (10-50),B2B,LinkedIn,,Actif,2026-06-29T00:15:34.499038,haute
BJ-FB28FDBA,Power Énergie,Énergie & Environnement,Matéri,+229 32 49 36 29,power.énergie@power.énergie.bj,powerénergie.bj,TPE (<10),B2C,LinkedIn,,Actif,2026-06-29T00:15:34.499080,haute
BJ-EDD0FD8D,Vert Renouvelable Energy Matéri,Énergie & Environnement,Matéri,+229 80 60 88 17,,vertrenouvelableenergymatéri.bj,PME (10-50),B2B,LinkedIn,,Actif,2026-06-29T00:15:34.499141,moyenne
BJ-CAAAD6A0,Eau Assainissement Water,Énergie & Environnement,Matéri,+229 27 46 52 92,eau.assainissement.water@eau.assainissement.water.bj,eauassainissementwater.bj,TPE (<10),B2C,LinkedIn,,Actif,2026-06-29T00:15:34.499172,haute
BJ-3F04EDA9,Vert Renouvelable SARL Natitingou,Énergie & Environnement,Natitingou,+229 41 47 60 75,,vertrenouvelablesarlnatitingou.bj,TPE (<10),B2C,LinkedIn,,Actif,2026-06-29T00:15:34.499203,moyenne
BJ-737A68B3,Solar Durable Energy,Énergie & Environnement,Natitingou,+229 65 30 89 23,,solardurableenergy.bj,PME (10-50),B2C,LinkedIn,,Actif,2026-06-29T00:15:34.499216,moyenne
BJ-CF284ECD,Environnement Energy,Énergie & Environnement,Natitingou,+229 35 44 48 24,environnement.energy@environnement.energy.bj,environnementenergy.bj,TPE (<10),B2B,LinkedIn,,Actif,2026-06-29T00:15:34.499240,haute
BJ-2DC0854C,Solar Éolien,Énergie & Environnement,Natitingou,+229 56 10 13 87,solar.éolien@solar.éolien.org,,PME (10-50),B2B,LinkedIn,,Actif,2026-06-29T00:15:34.499264,moyenne
BJ-D229941C,Environnement Vert Bénin,Énergie & Environnement,Natitingou,+229 95 43 19 88,environnement.vert.bénin@environnement.vert.bénin.bj,,PME (10-50),B2B,LinkedIn,,Actif,2026-06-29T00:15:34.499293,moyenne
BJ-1D32500E,Eau Durable,Énergie & Environnement,Toucountouna,+229 96 20 91 67,,eaudurable.bj,PME (10-50),B2C,LinkedIn,,Actif,2026-06-29T00:15:34.499329,moyenne
BJ-3117EDCA,Power Assainissement Toucountouna,Énergie & Environnement,Toucountouna,+229 85 19 99 24,power.assainissement.toucountouna@power.assainissement.toucountouna.net,powerassainissementtoucountouna.bj,PME (10-50),B2B,LinkedIn,,Actif,2026-06-29T00:15:34.499359,haute
BJ-655EAD6E,Clean Energy,Énergie & Environnement,Toucountouna,+229 49 64 35 77,clean.energy@clean.energy.bj,cleanenergy.bj,TPE (<10),B2B,LinkedIn,,Actif,2026-06-29T00:15:34.499417,haute
BJ-AED3FDB9,Énergie Clean,Énergie & Environnement,Toucountouna,+229 59 97 76 74,énergie.clean@énergie.clean.benin,,PME (10-50),B2B,LinkedIn,,Actif,2026-06-29T00:15:34.499446,moyenne
BJ-14610D58,Renouvelable Bénin,Énergie & Environnement,Boukoumbé,+229 44 46 30 15,,,TPE (<10),B2B,LinkedIn,,Actif,2026-06-29T00:15:34.499482,basse
BJ-5B68A337,Power SARL,Énergie & Environnement,Boukoumbé,+229 61 35 58 89,power.sarl@power.sarl.org,,PME (10-50),B2B,LinkedIn,,Actif,2026-06-29T00:15:34.499508,moyenne
BJ-4E71209A,Environnement Énergie Water Boukoumbé,Énergie & Environnement,Boukoumbé,+229 73 10 29 14,environnement.énergie.water.boukoumbé@environnement.énergie.water.boukoumbé.com,environnementénergiewaterboukoumbé.bj,PME (50-200),B2B,LinkedIn,,Actif,2026-06-29T00:15:34.499548,haute
BJ-1C3F1FF3,Assainissement Boukoumbé,Énergie & Environnement,Boukoumbé,+229 77 59 61 58,assainissement.boukoumbé@assainissement.boukoumbé.com,,TPE (<10),B2C,LinkedIn,,Actif,2026-06-29T00:15:34.499578,moyenne
BJ-A293B8C5,Vert Africa,Énergie & Environnement,Boukoumbé,+229 62 23 26 41,vert.africa@vert.africa.net,,PME (50-200),B2B,LinkedIn,,Actif,2026-06-29T00:15:34.499601,moyenne
BJ-ABC23ED2,Eau,Énergie & Environnement,Kouandé,+229 93 23 48 17,eau@eau.net,eau.bj,TPE (<10),B2C,LinkedIn,,Actif,2026-06-29T00:15:34.499647,haute
BJ-CB9A08C4,Énergie Kouandé,Énergie & Environnement,Kouandé,+229 50 96 61 50,énergie.kouandé@énergie.kouandé.benin,,PME (10-50),B2B,LinkedIn,,Actif,2026-06-29T00:15:34.499682,moyenne
BJ-79BB88AC,Power Assainissement Solar,Énergie & Environnement,Kouandé,+229 90 41 49 89,power.assainissement.solar@power.assainissement.solar.bj,powerassainissementsolar.bj,PME (50-200),B2C,LinkedIn,,Actif,2026-06-29T00:15:34.499707,haute
BJ-66195A91,Eau Hydraulique Africa,Énergie & Environnement,Kouandé,+229 38 68 62 36,eau.hydraulique.africa@eau.hydraulique.africa.bj,,PME (10-50),B2C,LinkedIn,,Actif,2026-06-29T00:15:34.499727,moyenne
BJ-2F11E142,Énergie Écologie,Énergie & Environnement,Kouandé,+229 62 38 26 12,,énergieécologie.bj,PME (10-50),B2B,LinkedIn,,Actif,2026-06-29T00:15:34.499747,moyenne
BJ-99A3D928,Eau Environnement Bénin,Énergie & Environnement,Péhunco,+229 84 49 82 53,,,TPE (<10),B2B,LinkedIn,,Actif,2026-06-29T00:15:34.499779,basse
BJ-604DFFEA,Environnement Bénin,Énergie & Environnement,Péhunco,+229 78 63 29 12,environnement.bénin@environnement.bénin.org,,PME (50-200),B2C,LinkedIn,,Actif,2026-06-29T00:15:34.499800,moyenne
BJ-446F52B3,Environnement Durable Africa,Énergie & Environnement,Péhunco,+229 30 86 20 30,,environnementdurableafrica.bj,PME (10-50),B2B,LinkedIn,,Actif,2026-06-29T00:15:34.499820,moyenne
BJ-966D2FED,Énergie Africa,Énergie & Environnement,Péhunco,+229 75 88 48 70,énergie.africa@énergie.africa.org,énergieafrica.bj,PME (10-50),B2C,LinkedIn,,Actif,2026-06-29T00:15:34.499865,haute
BJ-EFFA4EB0,Éolien Assainissement,Énergie & Environnement,Tchaourou,+229 66 49 40 50,éolien.assainissement@éolien.assainissement.bj,,PME (10-50),B2C,LinkedIn,,Actif,2026-06-29T00:15:34.499919,moyenne
BJ-9C2B9604,Environnement Assainissement Bénin,Énergie & Environnement,Tchaourou,+229 55 24 97 22,environnement.assainissement.bénin@environnement.assainissement.bénin.com,,PME (10-50),B2C,LinkedIn,,Actif,2026-06-29T00:15:34.499951,moyenne
BJ-BF03AD10,Environnement Renouvelable Energy,Énergie & Environnement,Tchaourou,+229 72 96 69 65,,environnementrenouvelableenergy.bj,TPE (<10),B2B,LinkedIn,,Actif,2026-06-29T00:15:34.500002,moyenne
BJ-A987DC57,Énergie Environnement Bénin,Énergie & Environnement,Tchaourou,+229 41 53 52 84,,énergieenvironnementbénin.bj,PME (10-50),B2B,LinkedIn,,Actif,2026-06-29T00:15:34.500029,moyenne
BJ-4E19DC09,Solaire SARL,Énergie & Environnement,Nikki,+229 69 72 38 21,solaire.sarl@solaire.sarl.org,,TPE (<10),B2B,LinkedIn,,Actif,2026-06-29T00:15:34.500079,moyenne
BJ-5C9D98CB,Éolien Eau,Énergie & Environnement,Nikki,+229 63 32 33 42,éolien.eau@éolien.eau.org,éolieneau.bj,TPE (<10),B2B,LinkedIn,,Actif,2026-06-29T00:15:34.500111,haute
BJ-565B3516,Clean Bénin,Énergie & Environnement,Nikki,+229 99 91 10 74,clean.bénin@clean.bénin.org,cleanbénin.bj,PME (50-200),B2B,LinkedIn,,Actif,2026-06-29T00:15:34.500143,haute
BJ-A7ED131B,Power Hydraulique SARL Nikki,Énergie & Environnement,Nikki,+229 68 75 67 20,,powerhydrauliquesarlnikki.bj,PME (50-200),B2B,LinkedIn,,Actif,2026-06-29T00:15:34.500174,moyenne
BJ-27703EEB,Éolien SARL,Énergie & Environnement,Nikki,+229 73 73 93 55,,,TPE (<10),B2C,LinkedIn,,Actif,2026-06-29T00:15:34.500201,basse
BJ-C821EB67,Assainissement SARL Bembéréké,Énergie & Environnement,Bembéréké,+229 65 48 39 12,assainissement.sarl.bembéréké@assainissement.sarl.bembéréké.org,,TPE (<10),B2C,LinkedIn,,Actif,2026-06-29T00:15:34.500289,moyenne
BJ-F3E10EE0,Environnement Durable Environment,Énergie & Environnement,Bembéréké,+229 86 89 60 99,environnement.durable.environment@environnement.durable.environment.bj,,PME (50-200),B2C,LinkedIn,,Actif,2026-06-29T00:15:34.500319,moyenne
BJ-58916DC3,Eau Power Bembéréké,Énergie & Environnement,Bembéréké,+229 29 18 39 65,eau.power.bembéréké@eau.power.bembéréké.benin,,PME (50-200),B2B,LinkedIn,,Actif,2026-06-29T00:15:34.500341,moyenne
BJ-64584DCE,Éolien Solaire Kalalé,Énergie & Environnement,Kalalé,+229 61 65 46 45,éolien.solaire.kalalé@éolien.solaire.kalalé.net,,TPE (<10),B2C,LinkedIn,,Actif,2026-06-29T00:15:34.500432,moyenne
BJ-E762CD8C,Vert Water,Énergie & Environnement,Kalalé,+229 56 12 18 72,vert.water@vert.water.org,,PME (10-50),B2C,LinkedIn,,Actif,2026-06-29T00:15:34.500452,moyenne
BJ-A6ED8C38,Solar Vert Africa,Énergie & Environnement,Kalalé,+229 27 62 57 90,,solarvertafrica.bj,PME (10-50),B2C,LinkedIn,,Actif,2026-06-29T00:15:34.500472,moyenne
BJ-F6268711,Environnement,Énergie & Environnement,Kalalé,+229 21 33 31 78,environnement@environnement.com,environnement.bj,TPE (<10),B2C,LinkedIn,,Actif,2026-06-29T00:15:34.500499,haute
BJ-6FC822D1,Power Power Bénin,Énergie & Environnement,Ndali,+229 24 29 69 82,,powerpowerbénin.bj,PME (10-50),B2B,LinkedIn,,Actif,2026-06-29T00:15:34.500533,moyenne
BJ-A6DABCE6,Eau Eau,Énergie & Environnement,Ndali,+229 91 91 80 90,eau.eau@eau.eau.net,eaueau.bj,PME (10-50),B2C,LinkedIn,,Actif,2026-06-29T00:15:34.500562,haute
BJ-F626377A,Power Assainissement,Énergie & Environnement,Ndali,+229 77 96 20 54,power.assainissement@power.assainissement.bj,,PME (50-200),B2B,LinkedIn,,Actif,2026-06-29T00:15:34.500586,moyenne
BJ-090E4509,Éolien Energy,Énergie & Environnement,Ndali,+229 68 81 36 69,,éolienenergy.bj,TPE (<10),B2C,LinkedIn,,Actif,2026-06-29T00:15:34.500606,moyenne
BJ-7ED90389,Environnement Vert,Énergie & Environnement,Ndali,+229 43 73 63 12,,environnementvert.bj,PME (10-50),B2B,LinkedIn,,Actif,2026-06-29T00:15:34.500625,moyenne
BJ-9C47C08E,Power Environnement SARL Ségbana,Énergie & Environnement,Ségbana,+229 41 10 46 58,power.environnement.sarl.ségbana@power.environnement.sarl.ségbana.bj,,PME (10-50),B2C,LinkedIn,,Actif,2026-06-29T00:15:34.500660,moyenne
BJ-6CC27998,Énergie Eau Energy,Énergie & Environnement,Ségbana,+229 72 20 77 87,énergie.eau.energy@énergie.eau.energy.bj,énergieeauenergy.bj,PME (10-50),B2B,LinkedIn,,Actif,2026-06-29T00:15:34.500684,haute
BJ-67A8CF7A,Hydraulique Ségbana,Énergie & Environnement,Ségbana,+229 23 43 55 50,,,PME (10-50),B2C,LinkedIn,,Actif,2026-06-29T00:15:34.500716,basse
BJ-6FDA7006,Solar Écologie Environment,Énergie & Environnement,Ségbana,+229 84 43 99 74,solar.écologie.environment@solar.écologie.environment.org,,Grande (>200),B2C,LinkedIn,,Actif,2026-06-29T00:15:34.500749,moyenne
BJ-4C6CD62A,Clean Tchaourou,Énergie & Environnement,Tchaourou,+229 58 50 28 67,clean.tchaourou@clean.tchaourou.org,,PME (50-200),B2C,LinkedIn,,Actif,2026-06-29T00:15:34.500845,moyenne
BJ-89398018,Solar Assainissement,Énergie & Environnement,Tchaourou,+229 23 77 15 69,,,TPE (<10),B2B,LinkedIn,,Actif,2026-06-29T00:15:34.500871,basse
BJ-628245EE,Eau,Énergie & Environnement,Tchaourou,+229 33 46 29 38,eau@eau.com,,TPE (<10),B2C,LinkedIn,,Actif,2026-06-29T00:15:34.500907,moyenne
BJ-FAA17183,Eau Solaire Water,Énergie & Environnement,Bétérou,+229 44 82 48 10,eau.solaire.water@eau.solaire.water.com,eausolairewater.bj,Grande (>200),B2B,LinkedIn,,Actif,2026-06-29T00:15:34.500966,haute
BJ-9099B03A,Vert Assainissement,Énergie & Environnement,Bétérou,+229 98 68 78 58,vert.assainissement@vert.assainissement.org,vertassainissement.bj,PME (10-50),B2B,LinkedIn,,Actif,2026-06-29T00:15:34.501005,haute
BJ-5DBA3EBA,Solar Vert Bétérou,Énergie & Environnement,Bétérou,+229 32 43 10 18,,,PME (50-200),B2B,LinkedIn,,Actif,2026-06-29T00:15:34.501024,basse
BJ-0CE72B7E,Éolien Durable,Énergie & Environnement,Bétérou,+229 53 33 17 59,,,PME (10-50),B2C,LinkedIn,,Actif,2026-06-29T00:15:34.501042,basse
BJ-9EFACB65,Solar Hydraulique,Énergie & Environnement,Bétérou,+229 44 62 54 73,solar.hydraulique@solar.hydraulique.bj,,PME (10-50),B2C,LinkedIn,,Actif,2026-06-29T00:15:34.501060,moyenne
BJ-F647F6B0,Solaire Power,Énergie & Environnement,Ouessè,+229 77 76 82 83,,solairepower.bj,TPE (<10),B2B,LinkedIn,,Actif,2026-06-29T00:15:34.501140,moyenne
BJ-158E7149,Renouvelable Ouessè,Énergie & Environnement,Ouessè,+229 31 29 86 31,renouvelable.ouessè@renouvelable.ouessè.bj,renouvelableouessè.bj,PME (10-50),B2B,LinkedIn,,Actif,2026-06-29T00:15:34.501170,haute
BJ-B3F71ED1,Solaire Solar,Énergie & Environnement,Ouessè,+229 43 99 89 42,solaire.solar@solaire.solar.benin,solairesolar.bj,PME (50-200),B2B,LinkedIn,,Actif,2026-06-29T00:15:34.501197,haute
BJ-E101473B,Vert Durable Environment,Énergie & Environnement,Ouessè,+229 26 53 22 96,vert.durable.environment@vert.durable.environment.net,,TPE (<10),B2C,LinkedIn,,Actif,2026-06-29T00:15:34.501223,moyenne
BJ-7570DC01,Environnement Hydraulique,Énergie & Environnement,Glazoué,+229 90 14 83 56,environnement.hydraulique@environnement.hydraulique.org,environnementhydraulique.bj,TPE (<10),B2C,LinkedIn,,Actif,2026-06-29T00:15:34.501262,haute
BJ-D1FADC9E,Hydraulique Glazoué,Énergie & Environnement,Glazoué,+229 38 69 70 82,hydraulique.glazoué@hydraulique.glazoué.net,hydrauliqueglazoué.bj,TPE (<10),B2C,LinkedIn,,Actif,2026-06-29T00:15:34.501291,haute
BJ-9CBC5E4A,Durable Energy,Énergie & Environnement,Glazoué,+229 72 90 31 91,durable.energy@durable.energy.org,durableenergy.bj,TPE (<10),B2B,LinkedIn,,Actif,2026-06-29T00:15:34.501319,haute
BJ-3D66A656,Vert,Énergie & Environnement,Glazoué,+229 68 19 44 34,vert@vert.net,vert.bj,TPE (<10),B2C,LinkedIn,,Actif,2026-06-29T00:15:34.501345,haute
BJ-792BC786,Hydraulique Solar,Énergie & Environnement,Glazoué,+229 97 55 45 80,hydraulique.solar@hydraulique.solar.bj,hydrauliquesolar.bj,Grande (>200),B2C,LinkedIn,,Actif,2026-06-29T00:15:34.501371,haute
BJ-06782C5C,Hydraulique Power,Énergie & Environnement,Dassa-Zoumè,+229 50 46 67 80,,,PME (10-50),B2B,LinkedIn,,Actif,2026-06-29T00:15:34.501476,basse
BJ-EEDCE2D8,Power Bénin,Énergie & Environnement,Dassa-Zoumè,+229 84 56 72 74,power.bénin@power.bénin.com,powerbénin.bj,TPE (<10),B2B,LinkedIn,,Actif,2026-06-29T00:15:34.501539,haute
BJ-412D8B37,Eau Solaire SARL,Énergie & Environnement,Savalou,+229 30 53 23 15,eau.solaire.sarl@eau.solaire.sarl.bj,,TPE (<10),B2C,LinkedIn,,Actif,2026-06-29T00:15:34.501681,moyenne
BJ-CD3E5098,Eau Clean SARL,Énergie & Environnement,Bantè,+229 40 28 16 86,eau.clean.sarl@eau.clean.sarl.com,,PME (50-200),B2C,LinkedIn,,Actif,2026-06-29T00:15:34.501750,moyenne
BJ-5DEC37D0,Éolien Assainissement,Énergie & Environnement,Bantè,+229 78 36 75 77,,,PME (50-200),B2B,LinkedIn,,Actif,2026-06-29T00:15:34.501779,basse
BJ-98C94A93,Durable,Énergie & Environnement,Bantè,+229 57 78 95 39,durable@durable.com,durable.bj,PME (10-50),B2C,LinkedIn,,Actif,2026-06-29T00:15:34.501836,haute
BJ-323FF673,Vert Bantè,Énergie & Environnement,Bantè,+229 55 75 97 71,vert.bantè@vert.bantè.com,,PME (50-200),B2C,LinkedIn,,Actif,2026-06-29T00:15:34.501863,moyenne
BJ-61E23199,Solar Clean,Énergie & Environnement,Djougou,+229 98 75 24 41,solar.clean@solar.clean.com,,PME (50-200),B2B,LinkedIn,,Actif,2026-06-29T00:15:34.501917,moyenne
BJ-E3C9A224,Power Assainissement Energy,Énergie & Environnement,Djougou,+229 85 57 68 56,power.assainissement.energy@power.assainissement.energy.benin,,TPE (<10),B2B,LinkedIn,,Actif,2026-06-29T00:15:34.501941,moyenne
BJ-06B60002,Énergie Éolien SARL Djougou,Énergie & Environnement,Djougou,+229 63 55 65 12,,,PME (10-50),B2C,LinkedIn,,Actif,2026-06-29T00:15:34.501969,basse
BJ-EBDEE9EB,Solar Environnement Energy,Énergie & Environnement,Djougou,+229 29 24 65 15,solar.environnement.energy@solar.environnement.energy.com,solarenvironnementenergy.bj,TPE (<10),B2B,LinkedIn,,Actif,2026-06-29T00:15:34.502032,haute
BJ-BA12C6FA,Solar Environnement Africa,Énergie & Environnement,Ouèssè,+229 85 72 78 37,solar.environnement.africa@solar.environnement.africa.com,,PME (50-200),B2C,LinkedIn,,Actif,2026-06-29T00:15:34.502069,moyenne
BJ-81735FC4,Eau Assainissement,Énergie & Environnement,Ouèssè,+229 80 60 43 32,eau.assainissement@eau.assainissement.org,,PME (50-200),B2C,LinkedIn,,Actif,2026-06-29T00:15:34.502126,moyenne
BJ-636A1E66,Clean Energy,Énergie & Environnement,Ouèssè,+229 62 12 89 61,,,TPE (<10),B2B,LinkedIn,,Actif,2026-06-29T00:15:34.502161,basse
BJ-28B2EE10,Environnement Assainissement,Énergie & Environnement,Bassila,+229 63 81 96 77,environnement.assainissement@environnement.assainissement.net,environnementassainissement.bj,TPE (<10),B2B,LinkedIn,,Actif,2026-06-29T00:15:34.502214,haute
BJ-3771FBAD,Power Water,Énergie & Environnement,Bassila,+229 77 38 66 80,power.water@power.water.benin,,PME (10-50),B2C,LinkedIn,,Actif,2026-06-29T00:15:34.502228,moyenne
BJ-0B5C7811,Clean,Énergie & Environnement,Bassila,+229 61 93 37 63,clean@clean.org,clean.bj,TPE (<10),B2B,LinkedIn,,Actif,2026-06-29T00:15:34.502265,haute
BJ-B98C1043,Eau Solar Pehunco,Énergie & Environnement,Pehunco,+229 70 28 55 40,eau.solar.pehunco@eau.solar.pehunco.benin,eausolarpehunco.bj,Grande (>200),B2B,LinkedIn,,Actif,2026-06-29T00:15:34.502285,haute
BJ-4392BEF6,Assainissement SARL,Énergie & Environnement,Pehunco,+229 95 36 32 90,assainissement.sarl@assainissement.sarl.bj,assainissementsarl.bj,PME (10-50),B2C,LinkedIn,,Actif,2026-06-29T00:15:34.502304,haute
BJ-67D6F91E,Power Vert Pehunco,Énergie & Environnement,Pehunco,+229 63 40 85 67,,,Grande (>200),B2B,LinkedIn,,Actif,2026-06-29T00:15:34.502316,basse
BJ-EE433A90,Eau Environment,Énergie & Environnement,Pehunco,+229 68 81 30 67,eau.environment@eau.environment.com,eauenvironment.bj,PME (10-50),B2B,LinkedIn,,Actif,2026-06-29T00:15:34.502328,haute
BJ-3E9E2B0D,Eau Durable Power,Énergie & Environnement,Pehunco,+229 62 35 43 98,eau.durable.power@eau.durable.power.benin,,PME (10-50),B2B,LinkedIn,,Actif,2026-06-29T00:15:34.502343,moyenne
BJ-6B7452F4,Clean Copargo,Énergie & Environnement,Copargo,+229 30 47 56 70,clean.copargo@clean.copargo.bj,,PME (10-50),B2C,LinkedIn,,Actif,2026-06-29T00:15:34.502366,moyenne
BJ-A5E7BF0B,Environnement Renouvelable Copargo,Énergie & Environnement,Copargo,+229 63 87 26 68,,,PME (10-50),B2B,LinkedIn,,Actif,2026-06-29T00:15:34.502403,basse
BJ-ECE75A95,Renouvelable Water,Énergie & Environnement,Copargo,+229 90 63 77 48,renouvelable.water@renouvelable.water.org,,Grande (>200),B2B,LinkedIn,,Actif,2026-06-29T00:15:34.502415,moyenne
BJ-3DF0C048,Démocratie Communication,Médias & Communication,Cotonou,+229 34 57 28 40,,démocratiecommunication.bj,PME (10-50),B2B,LinkedIn,,Actif,2026-06-29T00:15:34.502435,moyenne
BJ-D40A63C3,Radio National,Médias & Communication,Cotonou,+229 93 16 49 67,,radionational.bj,TPE (<10),B2C,LinkedIn,,Actif,2026-06-29T00:15:34.502450,moyenne
BJ-2A34A5EC,Télévision,Médias & Communication,Cotonou,+229 22 16 77 54,,télévision.bj,TPE (<10),B2B,LinkedIn,,Actif,2026-06-29T00:15:34.502463,moyenne
BJ-08D2EDA7,Communication Nouvelles Media,Médias & Communication,Cotonou,+229 30 89 97 70,,,Grande (>200),B2C,LinkedIn,,Actif,2026-06-29T00:15:34.502473,basse
BJ-6123D156,Presse TV Abomey-Calavi,Médias & Communication,Abomey-Calavi,+229 83 83 69 40,,,Grande (>200),B2B,LinkedIn,,Actif,2026-06-29T00:15:34.502502,basse
BJ-F08ACC3A,Média Télévision,Médias & Communication,Abomey-Calavi,+229 31 53 11 74,média.télévision@média.télévision.com,médiatélévision.bj,PME (10-50),B2B,LinkedIn,,Actif,2026-06-29T00:15:34.502539,haute
BJ-22578064,Communication Radio Abomey-Calavi,Médias & Communication,Abomey-Calavi,+229 69 61 47 56,,communicationradioabomeycalavi.bj,Grande (>200),B2B,LinkedIn,,Actif,2026-06-29T00:15:34.502551,moyenne
BJ-5CC9CC08,Agence Actualité,Médias & Communication,Porto-Novo,+229 44 57 27 67,,agenceactualité.bj,TPE (<10),B2B,LinkedIn,,Actif,2026-06-29T00:15:34.502569,moyenne
BJ-6CA9CD25,Journal National Africa Porto-Novo,Médias & Communication,Porto-Novo,+229 49 14 32 88,journal.national.africa.portonovo@journal.national.africa.portonovo.net,,TPE (<10),B2B,LinkedIn,,Actif,2026-06-29T00:15:34.502584,moyenne
BJ-89F61F34,Télévision Radio Porto-Novo,Médias & Communication,Porto-Novo,+229 37 38 64 22,télévision.radio.portonovo@télévision.radio.portonovo.org,,TPE (<10),B2C,LinkedIn,,Actif,2026-06-29T00:15:34.502599,moyenne
BJ-75B1AD8E,Télévision Radio,Médias & Communication,Porto-Novo,+229 42 54 47 11,,,TPE (<10),B2B,LinkedIn,,Actif,2026-06-29T00:15:34.502619,basse
BJ-7B190CF0,Communication Liberté Communication,Médias & Communication,Porto-Novo,+229 92 21 56 62,,communicationlibertécommunication.bj,TPE (<10),B2C,LinkedIn,,Actif,2026-06-29T00:15:34.502633,moyenne
BJ-DA493D4A,Radio Africa Parakou,Médias & Communication,Parakou,+229 88 89 56 76,,radioafricaparakou.bj,TPE (<10),B2C,LinkedIn,,Actif,2026-06-29T00:15:34.502652,moyenne
BJ-9F4CB728,Télévision,Médias & Communication,Parakou,+229 39 20 82 47,,télévision.bj,TPE (<10),B2B,LinkedIn,,Actif,2026-06-29T00:15:34.502664,moyenne
BJ-1C195690,Radio Communication Parakou,Médias & Communication,Parakou,+229 40 58 32 68,,radiocommunicationparakou.bj,TPE (<10),B2C,LinkedIn,,Actif,2026-06-29T00:15:34.502676,moyenne
BJ-9FAED667,Presse Publicité,Médias & Communication,Parakou,+229 51 83 24 37,presse.publicité@presse.publicité.org,,PME (10-50),B2C,LinkedIn,,Actif,2026-06-29T00:15:34.502705,moyenne
BJ-BB1AF130,Communication National News,Médias & Communication,Bohicon,+229 84 51 62 63,communication.national.news@communication.national.news.org,communicationnationalnews.bj,TPE (<10),B2B,LinkedIn,,Actif,2026-06-29T00:15:34.502726,haute
BJ-50464E8D,Agence Télévision Media,Médias & Communication,Bohicon,+229 86 87 37 86,agence.télévision.media@agence.télévision.media.net,agencetélévisionmedia.bj,PME (50-200),B2C,LinkedIn,,Actif,2026-06-29T00:15:34.502749,haute
BJ-BA089A9D,Démocratie,Médias & Communication,Bohicon,+229 88 39 45 88,démocratie@démocratie.benin,,TPE (<10),B2B,LinkedIn,,Actif,2026-06-29T00:15:34.502765,moyenne
BJ-D1B594E5,Radio Actualité,Médias & Communication,Bohicon,+229 47 24 64 75,,radioactualité.bj,TPE (<10),B2C,LinkedIn,,Actif,2026-06-29T00:15:34.502778,moyenne
BJ-CA002D35,Journal Journal,Médias & Communication,Natitingou,+229 22 59 70 88,journal.journal@journal.journal.benin,journaljournal.bj,TPE (<10),B2B,LinkedIn,,Actif,2026-06-29T00:15:34.502809,haute
BJ-E9E39E78,TV Journal,Médias & Communication,Natitingou,+229 34 78 36 86,,,TPE (<10),B2C,LinkedIn,,Actif,2026-06-29T00:15:34.502833,basse
BJ-F162970B,Radio TV,Médias & Communication,Natitingou,+229 23 47 18 26,,radiotv.bj,TPE (<10),B2B,LinkedIn,,Actif,2026-06-29T00:15:34.502845,moyenne
BJ-9A13B12A,TV Télévision Africa,Médias & Communication,Natitingou,+229 93 28 98 64,,tvtélévisionafrica.bj,TPE (<10),B2B,LinkedIn,,Actif,2026-06-29T00:15:34.502858,moyenne
BJ-1AAE44EE,Télévision Press,Médias & Communication,Lokossa,+229 45 96 41 53,télévision.press@télévision.press.benin,télévisionpress.bj,TPE (<10),B2C,LinkedIn,,Actif,2026-06-29T00:15:34.502880,haute
BJ-E39EC188,Média TV,Médias & Communication,Lokossa,+229 86 95 62 82,média.tv@média.tv.benin,,PME (10-50),B2B,LinkedIn,,Actif,2026-06-29T00:15:34.502940,moyenne
BJ-A3D33211,Média National Media,Médias & Communication,Lokossa,+229 48 59 48 80,média.national.media@média.national.media.com,médianationalmedia.bj,PME (10-50),B2B,LinkedIn,,Actif,2026-06-29T00:15:34.502953,haute
BJ-8D86535A,Communication Journal Communication,Médias & Communication,Ouidah,+229 77 62 24 63,communication.journal.communication@communication.journal.communication.bj,communicationjournalcommunication.bj,PME (10-50),B2B,LinkedIn,,Actif,2026-06-29T00:15:34.502972,haute
BJ-53E861F1,Nouvelles,Médias & Communication,Ouidah,+229 61 29 17 98,nouvelles@nouvelles.net,nouvelles.bj,PME (10-50),B2B,LinkedIn,,Actif,2026-06-29T00:15:34.502985,haute
BJ-F8AE29AE,Radio Journal Bénin,Médias & Communication,Ouidah,+229 83 70 24 10,,radiojournalbénin.bj,PME (50-200),B2B,LinkedIn,,Actif,2026-06-29T00:15:34.503008,moyenne
BJ-34C709C9,Radio Africa,Médias & Communication,Savalou,+229 41 20 83 40,,,PME (10-50),B2C,LinkedIn,,Actif,2026-06-29T00:15:34.503051,basse
BJ-83967DCB,Nouvelles,Médias & Communication,Savalou,+229 47 20 45 55,nouvelles@nouvelles.net,,TPE (<10),B2C,LinkedIn,,Actif,2026-06-29T00:15:34.503064,moyenne
BJ-9A40BA42,TV Nouvelles TV,Médias & Communication,Savalou,+229 96 52 46 17,tv.nouvelles.tv@tv.nouvelles.tv.com,,PME (10-50),B2B,LinkedIn,,Actif,2026-06-29T00:15:34.503080,moyenne
BJ-0955DC11,Actualité Bénin Dassa-Zoumè,Médias & Communication,Dassa-Zoumè,+229 58 96 65 75,actualité.bénin.dassazoumè@actualité.bénin.dassazoumè.org,actualitébénindassazoumè.bj,PME (10-50),B2C,LinkedIn,,Actif,2026-06-29T00:15:34.503112,haute
BJ-8D84503D,Communication Liberté TV,Médias & Communication,Dassa-Zoumè,+229 78 43 50 16,communication.liberté.tv@communication.liberté.tv.net,,TPE (<10),B2B,LinkedIn,,Actif,2026-06-29T00:15:34.503125,moyenne
BJ-57F6544A,Presse Press,Médias & Communication,Dassa-Zoumè,+229 47 12 52 74,presse.press@presse.press.net,pressepress.bj,TPE (<10),B2C,LinkedIn,,Actif,2026-06-29T00:15:34.503141,haute
BJ-72AFA54D,Communication Média,Médias & Communication,Dassa-Zoumè,+229 27 99 96 36,communication.média@communication.média.benin,communicationmédia.bj,PME (10-50),B2C,LinkedIn,,Actif,2026-06-29T00:15:34.503155,haute
BJ-6C809BE8,Publicité Dassa-Zoumè,Médias & Communication,Dassa-Zoumè,+229 29 44 31 18,,publicitédassazoumè.bj,TPE (<10),B2B,LinkedIn,,Actif,2026-06-29T00:15:34.503167,moyenne
BJ-C4FA3E91,Presse Liberté,Médias & Communication,Kétou,+229 31 34 99 56,presse.liberté@presse.liberté.net,presseliberté.bj,PME (50-200),B2B,LinkedIn,,Actif,2026-06-29T00:15:34.503189,haute
BJ-AEFF07C9,Actualité Radio,Médias & Communication,Kétou,+229 34 72 85 40,actualité.radio@actualité.radio.net,,PME (50-200),B2B,LinkedIn,,Actif,2026-06-29T00:15:34.503205,moyenne
BJ-410EC2F8,Média Journal,Médias & Communication,Kétou,+229 42 86 70 89,,médiajournal.bj,PME (10-50),B2C,LinkedIn,,Actif,2026-06-29T00:15:34.503217,moyenne
BJ-CEE73209,Publicité Press Kétou,Médias & Communication,Kétou,+229 87 44 37 39,publicité.press.kétou@publicité.press.kétou.bj,,PME (50-200),B2B,LinkedIn,,Actif,2026-06-29T00:15:34.503230,moyenne
BJ-29D1FD59,Communication Kétou,Médias & Communication,Kétou,+229 91 42 64 99,communication.kétou@communication.kétou.org,,TPE (<10),B2B,LinkedIn,,Actif,2026-06-29T00:15:34.503242,moyenne
BJ-746C52A9,Radio Journal Covè,Médias & Communication,Covè,+229 53 17 83 85,,,PME (50-200),B2C,LinkedIn,,Actif,2026-06-29T00:15:34.503259,basse
BJ-B21D1A25,Agence Média Covè,Médias & Communication,Covè,+229 66 83 61 23,agence.média.covè@agence.média.covè.org,agencemédiacovè.bj,TPE (<10),B2C,LinkedIn,,Actif,2026-06-29T00:15:34.503272,haute
BJ-46F04D90,Agence Communication Press,Médias & Communication,Covè,+229 22 42 92 75,,agencecommunicationpress.bj,TPE (<10),B2C,LinkedIn,,Actif,2026-06-29T00:15:34.503295,moyenne
BJ-F8F222D3,Publicité Covè,Médias & Communication,Covè,+229 38 80 41 18,,,Grande (>200),B2B,LinkedIn,,Actif,2026-06-29T00:15:34.503306,basse
BJ-45CA1177,Journal International Press,Médias & Communication,Pobè,+229 90 47 91 54,,,PME (50-200),B2B,LinkedIn,,Actif,2026-06-29T00:15:34.503323,basse
BJ-2963CCF7,Actualité Press,Médias & Communication,Pobè,+229 22 67 78 11,actualité.press@actualité.press.net,,TPE (<10),B2C,LinkedIn,,Actif,2026-06-29T00:15:34.503339,moyenne
BJ-66B2E547,TV Radio Communication,Médias & Communication,Pobè,+229 30 25 97 13,tv.radio.communication@tv.radio.communication.com,tvradiocommunication.bj,Grande (>200),B2C,LinkedIn,,Actif,2026-06-29T00:15:34.503352,haute
BJ-FD609248,Agence Presse,Médias & Communication,Pobè,+229 43 22 12 33,agence.presse@agence.presse.benin,agencepresse.bj,PME (10-50),B2B,LinkedIn,,Actif,2026-06-29T00:15:34.503382,haute
BJ-78DDA4BA,Publicité,Médias & Communication,Sakété,+229 91 84 66 56,publicité@publicité.net,,PME (10-50),B2B,LinkedIn,,Actif,2026-06-29T00:15:34.503404,moyenne
BJ-3A0500FB,Agence International Press,Médias & Communication,Sakété,+229 83 11 79 32,agence.international.press@agence.international.press.org,,TPE (<10),B2B,LinkedIn,,Actif,2026-06-29T00:15:34.503417,moyenne
BJ-EC6747EE,Radio Liberté,Médias & Communication,Sakété,+229 29 48 19 98,,radioliberté.bj,PME (10-50),B2B,LinkedIn,,Actif,2026-06-29T00:15:34.503429,moyenne
BJ-C95762CA,Radio TV,Médias & Communication,Sakété,+229 80 28 76 25,radio.tv@radio.tv.org,,TPE (<10),B2C,LinkedIn,,Actif,2026-06-29T00:15:34.503440,moyenne
BJ-0A24E6E6,National TV,Médias & Communication,Sakété,+229 72 20 62 16,national.tv@national.tv.com,nationaltv.bj,TPE (<10),B2C,LinkedIn,,Actif,2026-06-29T00:15:34.503453,haute
BJ-E97C649E,Radio Publicité TV,Médias & Communication,Adjara,+229 43 65 91 29,radio.publicité.tv@radio.publicité.tv.org,radiopublicitétv.bj,TPE (<10),B2B,LinkedIn,,Actif,2026-06-29T00:15:34.503474,haute
BJ-862872A0,Information,Médias & Communication,Adjara,+229 40 39 66 39,information@information.com,,PME (10-50),B2C,LinkedIn,,Actif,2026-06-29T00:15:34.503516,moyenne
BJ-E0330196,Presse Adjara,Médias & Communication,Adjara,+229 89 68 23 24,presse.adjara@presse.adjara.org,presseadjara.bj,PME (50-200),B2C,LinkedIn,,Actif,2026-06-29T00:15:34.503529,haute
BJ-BFC36D28,Télévision Africa,Médias & Communication,Allada,+229 56 80 83 26,,télévisionafrica.bj,PME (10-50),B2B,LinkedIn,,Actif,2026-06-29T00:15:34.503547,moyenne
BJ-6D9E7F17,Communication Communication,Médias & Communication,Allada,+229 84 35 32 34,,communicationcommunication.bj,PME (50-200),B2C,LinkedIn,,Actif,2026-06-29T00:15:34.503560,moyenne
BJ-738ACDF2,Radio National,Médias & Communication,Allada,+229 54 63 96 72,,,TPE (<10),B2C,LinkedIn,,Actif,2026-06-29T00:15:34.503570,basse
BJ-621E3722,Média Journal,Médias & Communication,Allada,+229 60 28 45 79,média.journal@média.journal.org,médiajournal.bj,TPE (<10),B2C,LinkedIn,,Actif,2026-06-29T00:15:34.503584,haute
BJ-1484C3E6,Télévision Communication,Médias & Communication,Allada,+229 94 83 17 94,,,Grande (>200),B2B,LinkedIn,,Actif,2026-06-29T00:15:34.503595,basse
BJ-4818F6BE,TV Liberté TV,Médias & Communication,Aplahoué,+229 56 75 17 82,tv.liberté.tv@tv.liberté.tv.net,tvlibertétv.bj,PME (50-200),B2C,LinkedIn,,Actif,2026-06-29T00:15:34.503614,haute
BJ-EA23F274,TV Communication TV,Médias & Communication,Aplahoué,+229 32 31 39 39,tv.communication.tv@tv.communication.tv.bj,tvcommunicationtv.bj,TPE (<10),B2B,LinkedIn,,Actif,2026-06-29T00:15:34.503632,haute
BJ-E6C592CF,Radio Presse,Médias & Communication,Aplahoué,+229 62 75 20 85,radio.presse@radio.presse.benin,radiopresse.bj,PME (10-50),B2C,LinkedIn,,Actif,2026-06-29T00:15:34.503646,haute
BJ-00679330,TV International,Médias & Communication,Aplahoué,+229 80 75 11 61,tv.international@tv.international.com,tvinternational.bj,Grande (>200),B2C,LinkedIn,,Actif,2026-06-29T00:15:34.503659,haute
BJ-7CBA3BF4,Radio Communication,Médias & Communication,Aplahoué,+229 77 45 90 49,,,PME (50-200),B2C,LinkedIn,,Actif,2026-06-29T00:15:34.503670,basse
BJ-41B508D5,International,Médias & Communication,Dogbo-Tota,+229 30 35 14 50,international@international.org,,TPE (<10),B2C,LinkedIn,,Actif,2026-06-29T00:15:34.503689,moyenne
BJ-219D8708,Média,Médias & Communication,Dogbo-Tota,+229 83 55 27 21,média@média.net,média.bj,PME (50-200),B2B,LinkedIn,,Actif,2026-06-29T00:15:34.503712,haute
BJ-FDC6CACA,Démocratie Media Dogbo-Tota,Médias & Communication,Dogbo-Tota,+229 69 77 72 93,démocratie.media.dogbotota@démocratie.media.dogbotota.org,démocratiemediadogbotota.bj,PME (10-50),B2B,LinkedIn,,Actif,2026-06-29T00:15:34.503738,haute
BJ-09BF58E6,Agence Média Radio,Médias & Communication,Dogbo-Tota,+229 95 83 67 58,agence.média.radio@agence.média.radio.net,agencemédiaradio.bj,PME (10-50),B2B,LinkedIn,,Actif,2026-06-29T00:15:34.503751,haute
BJ-928C46CD,Média TV,Médias & Communication,Kpomassè,+229 38 26 70 44,,,PME (10-50),B2B,LinkedIn,,Actif,2026-06-29T00:15:34.503769,basse
BJ-216D0E35,Agence Liberté,Médias & Communication,Kpomassè,+229 85 69 59 78,,agenceliberté.bj,PME (10-50),B2C,LinkedIn,,Actif,2026-06-29T00:15:34.503785,moyenne
BJ-1F844D1F,Communication Actualité Press,Médias & Communication,Kpomassè,+229 77 22 99 84,communication.actualité.press@communication.actualité.press.net,communicationactualitépress.bj,TPE (<10),B2B,LinkedIn,,Actif,2026-06-29T00:15:34.503799,haute
BJ-F7861917,Actualité Press,Médias & Communication,Kpomassè,+229 47 52 19 21,actualité.press@actualité.press.com,actualitépress.bj,PME (50-200),B2C,LinkedIn,,Actif,2026-06-29T00:15:34.503812,haute
BJ-C407D41E,Média,Médias & Communication,Kpomassè,+229 35 15 91 74,,média.bj,Grande (>200),B2C,LinkedIn,,Actif,2026-06-29T00:15:34.503823,moyenne
BJ-F0067B2E,Actualité News Tori-Bossito,Médias & Communication,Tori-Bossito,+229 78 98 63 55,actualité.news.toribossito@actualité.news.toribossito.org,,TPE (<10),B2B,LinkedIn,,Actif,2026-06-29T00:15:34.503854,moyenne
BJ-3223296A,Presse International Bénin,Médias & Communication,Tori-Bossito,+229 62 60 82 81,presse.international.bénin@presse.international.bénin.net,,PME (10-50),B2B,LinkedIn,,Actif,2026-06-29T00:15:34.503878,moyenne
BJ-B8D8B0B3,TV Actualité,Médias & Communication,Grand-Popo,+229 37 66 46 80,,tvactualité.bj,PME (10-50),B2C,LinkedIn,,Actif,2026-06-29T00:15:34.503927,moyenne
BJ-A2275943,Radio Journal,Médias & Communication,Grand-Popo,+229 83 63 88 50,,,PME (50-200),B2B,LinkedIn,,Actif,2026-06-29T00:15:34.503956,basse
BJ-272246C0,Presse Télévision,Médias & Communication,Grand-Popo,+229 70 85 32 44,presse.télévision@presse.télévision.com,pressetélévision.bj,TPE (<10),B2C,LinkedIn,,Actif,2026-06-29T00:15:34.503970,haute
BJ-B4EBCD94,Communication Bénin,Médias & Communication,Grand-Popo,+229 72 50 94 69,communication.bénin@communication.bénin.benin,communicationbénin.bj,PME (10-50),B2C,LinkedIn,,Actif,2026-06-29T00:15:34.503983,haute
BJ-6B396F47,Démocratie Bénin,Médias & Communication,Athiémé,+229 52 75 94 45,démocratie.bénin@démocratie.bénin.net,démocratiebénin.bj,TPE (<10),B2C,LinkedIn,,Actif,2026-06-29T00:15:34.504012,haute
BJ-FBB8961C,Média Communication,Médias & Communication,Athiémé,+229 59 18 42 84,,médiacommunication.bj,PME (50-200),B2B,LinkedIn,,Actif,2026-06-29T00:15:34.504024,moyenne
BJ-1DE3ECC2,Communication Bénin Athiémé,Médias & Communication,Athiémé,+229 95 45 59 45,communication.bénin.athiémé@communication.bénin.athiémé.benin,communicationbéninathiémé.bj,TPE (<10),B2C,LinkedIn,,Actif,2026-06-29T00:15:34.504037,haute
BJ-0280EB6F,Démocratie Africa Athiémé,Médias & Communication,Athiémé,+229 96 76 69 66,démocratie.africa.athiémé@démocratie.africa.athiémé.com,,PME (50-200),B2B,LinkedIn,,Actif,2026-06-29T00:15:34.504049,moyenne
BJ-15D05433,Agence International,Médias & Communication,Bopa,+229 50 65 27 79,agence.international@agence.international.bj,,PME (50-200),B2B,LinkedIn,,Actif,2026-06-29T00:15:34.504066,moyenne
BJ-8567221F,TV Information,Médias & Communication,Bopa,+229 43 81 34 70,tv.information@tv.information.com,tvinformation.bj,PME (10-50),B2B,LinkedIn,,Actif,2026-06-29T00:15:34.504085,haute
BJ-B9A498D1,TV National Radio,Médias & Communication,Bopa,+229 34 71 56 93,tv.national.radio@tv.national.radio.com,tvnationalradio.bj,PME (10-50),B2B,LinkedIn,,Actif,2026-06-29T00:15:34.504098,haute
BJ-24CFC04E,Presse Télévision,Médias & Communication,Bopa,+229 60 11 17 13,presse.télévision@presse.télévision.bj,pressetélévision.bj,TPE (<10),B2B,LinkedIn,,Actif,2026-06-29T00:15:34.504112,haute
BJ-78F40560,Démocratie Bénin,Médias & Communication,Bopa,+229 88 78 85 39,démocratie.bénin@démocratie.bénin.net,démocratiebénin.bj,PME (50-200),B2B,LinkedIn,,Actif,2026-06-29T00:15:34.504124,haute
BJ-E4B9B4A5,Publicité,Médias & Communication,Houéyogbé,+229 45 35 90 48,publicité@publicité.org,publicité.bj,PME (10-50),B2C,LinkedIn,,Actif,2026-06-29T00:15:34.504143,haute
BJ-A4B9B996,Radio,Médias & Communication,Houéyogbé,+229 85 47 31 79,radio@radio.bj,,TPE (<10),B2C,LinkedIn,,Actif,2026-06-29T00:15:34.504155,moyenne
BJ-24B88B55,TV Nouvelles Radio,Médias & Communication,Houéyogbé,+229 48 47 78 39,tv.nouvelles.radio@tv.nouvelles.radio.bj,tvnouvellesradio.bj,Grande (>200),B2B,LinkedIn,,Actif,2026-06-29T00:15:34.504172,haute
BJ-F4931D6A,TV Communication TV,Médias & Communication,Houéyogbé,+229 37 61 98 30,tv.communication.tv@tv.communication.tv.com,tvcommunicationtv.bj,PME (10-50),B2B,LinkedIn,,Actif,2026-06-29T00:15:34.504185,haute
BJ-6A95440D,Communication Média Bénin,Médias & Communication,Houéyogbé,+229 79 67 61 97,communication.média.bénin@communication.média.bénin.org,,PME (10-50),B2B,LinkedIn,,Actif,2026-06-29T00:15:34.504199,moyenne
BJ-824CEDA9,Communication News,Médias & Communication,Malanville,+229 26 99 34 98,communication.news@communication.news.com,,PME (10-50),B2C,LinkedIn,,Actif,2026-06-29T00:15:34.504218,moyenne
BJ-98E84E83,Média Liberté,Médias & Communication,Malanville,+229 59 31 87 51,média.liberté@média.liberté.benin,médialiberté.bj,PME (50-200),B2C,LinkedIn,,Actif,2026-06-29T00:15:34.504234,haute
BJ-7BD17F36,Communication Press Malanville,Médias & Communication,Malanville,+229 45 60 57 66,,,PME (50-200),B2B,LinkedIn,,Actif,2026-06-29T00:15:34.504247,basse
BJ-D8A8173C,Nouvelles,Médias & Communication,Malanville,+229 79 11 86 72,,nouvelles.bj,TPE (<10),B2B,LinkedIn,,Actif,2026-06-29T00:15:34.504260,moyenne
BJ-6E522C53,Média Information Malanville,Médias & Communication,Malanville,+229 80 21 11 54,,médiainformationmalanville.bj,PME (10-50),B2C,LinkedIn,,Actif,2026-06-29T00:15:34.504272,moyenne
BJ-2C2918AD,Actualité Radio,Médias & Communication,Kandi,+229 99 28 82 33,,actualitéradio.bj,TPE (<10),B2B,LinkedIn,,Actif,2026-06-29T00:15:34.504301,moyenne
BJ-0D486892,Communication Liberté Kandi,Médias & Communication,Kandi,+229 64 68 92 34,communication.liberté.kandi@communication.liberté.kandi.bj,,PME (50-200),B2C,LinkedIn,,Actif,2026-06-29T00:15:34.504314,moyenne
BJ-D6C443FC,TV Radio,Médias & Communication,Kandi,+229 38 98 91 74,,tvradio.bj,PME (10-50),B2B,LinkedIn,,Actif,2026-06-29T00:15:34.504326,moyenne
BJ-841200E2,Presse Média TV,Médias & Communication,Kandi,+229 60 14 55 67,,,PME (10-50),B2B,LinkedIn,,Actif,2026-06-29T00:15:34.504337,basse
BJ-EEBB24FA,Presse Télévision,Médias & Communication,Banikoara,+229 70 59 25 88,presse.télévision@presse.télévision.benin,,PME (10-50),B2B,LinkedIn,,Actif,2026-06-29T00:15:34.504355,moyenne
BJ-98C73F12,Journal Nouvelles Media,Médias & Communication,Banikoara,+229 30 48 73 68,journal.nouvelles.media@journal.nouvelles.media.org,,PME (50-200),B2B,LinkedIn,,Actif,2026-06-29T00:15:34.504382,moyenne
BJ-F048CC55,Média Télévision Press,Médias & Communication,Banikoara,+229 73 39 44 10,,médiatélévisionpress.bj,PME (10-50),B2B,LinkedIn,,Actif,2026-06-29T00:15:34.504394,moyenne
BJ-E0947B32,Journal Publicité News,Médias & Communication,Banikoara,+229 96 89 42 66,journal.publicité.news@journal.publicité.news.com,journalpubliciténews.bj,TPE (<10),B2C,LinkedIn,,Actif,2026-06-29T00:15:34.504410,haute
BJ-14C8B657,Journal TV,Médias & Communication,Ségbana,+229 49 84 99 22,,journaltv.bj,PME (50-200),B2C,LinkedIn,,Actif,2026-06-29T00:15:34.504441,moyenne
BJ-817F9E73,Agence Publicité Ségbana,Médias & Communication,Ségbana,+229 84 44 31 27,agence.publicité.ségbana@agence.publicité.ségbana.net,agencepublicitéségbana.bj,PME (10-50),B2C,LinkedIn,,Actif,2026-06-29T00:15:34.504462,haute
BJ-4427C667,Média Africa,Médias & Communication,Ségbana,+229 80 96 75 23,média.africa@média.africa.org,,PME (10-50),B2B,LinkedIn,,Actif,2026-06-29T00:15:34.504475,moyenne
BJ-006B6FD8,Radio Nouvelles Ségbana,Médias & Communication,Ségbana,+229 54 35 71 78,radio.nouvelles.ségbana@radio.nouvelles.ségbana.benin,radionouvellességbana.bj,PME (10-50),B2B,LinkedIn,,Actif,2026-06-29T00:15:34.504490,haute
BJ-C2919720,International News,Médias & Communication,Karimama,+229 31 76 53 62,,internationalnews.bj,PME (10-50),B2C,LinkedIn,,Actif,2026-06-29T00:15:34.504507,moyenne
BJ-871DA5E4,Communication Actualité Africa Karimama,Médias & Communication,Karimama,+229 78 87 11 87,,communicationactualitéafricakarimama.bj,PME (10-50),B2C,LinkedIn,,Actif,2026-06-29T00:15:34.504528,moyenne
BJ-A1A156FA,Journal Radio,Médias & Communication,Karimama,+229 81 85 69 29,journal.radio@journal.radio.org,journalradio.bj,PME (50-200),B2B,LinkedIn,,Actif,2026-06-29T00:15:34.504542,haute
BJ-7D83AB3F,Nouvelles News,Médias & Communication,Karimama,+229 50 28 10 81,,nouvellesnews.bj,PME (10-50),B2C,LinkedIn,,Actif,2026-06-29T00:15:34.504554,moyenne
BJ-47C5EB15,Actualité TV,Médias & Communication,Karimama,+229 76 92 69 64,,actualitétv.bj,PME (10-50),B2C,LinkedIn,,Actif,2026-06-29T00:15:34.504568,moyenne
BJ-0AC06DE0,Information,Médias & Communication,Gogounou,+229 85 92 74 99,,information.bj,PME (50-200),B2C,LinkedIn,,Actif,2026-06-29T00:15:34.504584,moyenne
BJ-EBC7EC76,Média Presse Gogounou,Médias & Communication,Gogounou,+229 60 32 60 64,média.presse.gogounou@média.presse.gogounou.org,médiapressegogounou.bj,PME (50-200),B2B,LinkedIn,,Actif,2026-06-29T00:15:34.504598,haute
BJ-0B9395ED,Télévision Africa,Médias & Communication,Gogounou,+229 70 76 67 96,télévision.africa@télévision.africa.net,,PME (50-200),B2B,LinkedIn,,Actif,2026-06-29T00:15:34.504636,moyenne
BJ-AD5200AA,Presse Radio,Médias & Communication,Cobly,+229 43 26 18 29,presse.radio@presse.radio.benin,presseradio.bj,Grande (>200),B2B,LinkedIn,,Actif,2026-06-29T00:15:34.504657,haute
BJ-AC59E1E3,Journal Média Media,Médias & Communication,Cobly,+229 32 68 86 18,journal.média.media@journal.média.media.bj,journalmédiamedia.bj,PME (10-50),B2C,LinkedIn,,Actif,2026-06-29T00:15:34.504673,haute
BJ-FC2B9934,Nouvelles Cobly,Médias & Communication,Cobly,+229 82 87 82 11,,nouvellescobly.bj,TPE (<10),B2C,LinkedIn,,Actif,2026-06-29T00:15:34.504685,moyenne
BJ-C9E9E5B3,Presse Publicité,Médias & Communication,Cobly,+229 53 49 71 51,,,PME (10-50),B2B,LinkedIn,,Actif,2026-06-29T00:15:34.504696,basse
BJ-7D74700E,Communication International Africa,Médias & Communication,Cobly,+229 35 29 85 74,communication.international.africa@communication.international.africa.bj,communicationinternationalafrica.bj,PME (50-200),B2C,LinkedIn,,Actif,2026-06-29T00:15:34.504708,haute
BJ-DD917EFA,Communication Press Tanguiéta,Médias & Communication,Tanguiéta,+229 30 11 36 64,communication.press.tanguiéta@communication.press.tanguiéta.bj,communicationpresstanguiéta.bj,PME (50-200),B2B,LinkedIn,,Actif,2026-06-29T00:15:34.504727,haute
BJ-AEF37874,Démocratie Media,Médias & Communication,Tanguiéta,+229 63 60 67 51,,,TPE (<10),B2B,LinkedIn,,Actif,2026-06-29T00:15:34.504738,basse
BJ-786CB1E0,TV International TV Tanguiéta,Médias & Communication,Tanguiéta,+229 67 31 64 54,,tvinternationaltvtanguiéta.bj,Grande (>200),B2C,LinkedIn,,Actif,2026-06-29T00:15:34.504749,moyenne
BJ-7553F26A,Journal Communication TV,Médias & Communication,Tanguiéta,+229 38 71 11 58,journal.communication.tv@journal.communication.tv.benin,journalcommunicationtv.bj,PME (50-200),B2C,LinkedIn,,Actif,2026-06-29T00:15:34.504771,haute
BJ-8898117F,Nouvelles Radio Matéri,Médias & Communication,Matéri,+229 62 26 58 12,nouvelles.radio.matéri@nouvelles.radio.matéri.net,,TPE (<10),B2C,LinkedIn,,Actif,2026-06-29T00:15:34.504814,moyenne
BJ-435EC805,Média Radio,Médias & Communication,Matéri,+229 92 76 47 55,,médiaradio.bj,PME (10-50),B2B,LinkedIn,,Actif,2026-06-29T00:15:34.504828,moyenne
BJ-AFCAA460,Journal Communication Africa,Médias & Communication,Natitingou,+229 97 29 78 10,journal.communication.africa@journal.communication.africa.net,journalcommunicationafrica.bj,PME (10-50),B2B,LinkedIn,,Actif,2026-06-29T00:15:34.504883,haute
BJ-BAF5B76C,Journal Bénin,Médias & Communication,Natitingou,+229 37 61 48 52,journal.bénin@journal.bénin.net,journalbénin.bj,PME (50-200),B2B,LinkedIn,,Actif,2026-06-29T00:15:34.504910,haute
BJ-A785A600,Télévision Radio Toucountouna,Médias & Communication,Toucountouna,+229 97 92 93 44,,,PME (10-50),B2B,LinkedIn,,Actif,2026-06-29T00:15:34.504940,basse
BJ-EF991115,Presse Bénin,Médias & Communication,Toucountouna,+229 22 20 97 13,,pressebénin.bj,PME (10-50),B2C,LinkedIn,,Actif,2026-06-29T00:15:34.504954,moyenne
BJ-63C61C33,Communication Radio,Médias & Communication,Toucountouna,+229 85 95 19 38,,communicationradio.bj,TPE (<10),B2B,LinkedIn,,Actif,2026-06-29T00:15:34.504966,moyenne
BJ-74CCF6DB,Média Communication News,Médias & Communication,Toucountouna,+229 72 64 41 80,média.communication.news@média.communication.news.benin,médiacommunicationnews.bj,PME (10-50),B2C,LinkedIn,,Actif,2026-06-29T00:15:34.504979,haute
BJ-9FCB99BC,Information Communication,Médias & Communication,Toucountouna,+229 59 76 97 51,,informationcommunication.bj,TPE (<10),B2B,LinkedIn,,Actif,2026-06-29T00:15:34.504990,moyenne
BJ-60828081,Radio Journal Media Boukoumbé,Médias & Communication,Boukoumbé,+229 40 37 29 12,,radiojournalmediaboukoumbé.bj,PME (50-200),B2C,LinkedIn,,Actif,2026-06-29T00:15:34.505008,moyenne
BJ-027C1895,Journal National Media Boukoumbé,Médias & Communication,Boukoumbé,+229 59 70 37 88,,journalnationalmediaboukoumbé.bj,TPE (<10),B2C,LinkedIn,,Actif,2026-06-29T00:15:34.505019,moyenne
BJ-A0A83C9C,Presse Liberté,Médias & Communication,Boukoumbé,+229 98 41 84 90,,presseliberté.bj,Grande (>200),B2B,LinkedIn,,Actif,2026-06-29T00:15:34.505031,moyenne
BJ-B7EB80DF,Actualité Media Boukoumbé,Médias & Communication,Boukoumbé,+229 96 86 27 86,actualité.media.boukoumbé@actualité.media.boukoumbé.net,,TPE (<10),B2C,LinkedIn,,Actif,2026-06-29T00:15:34.505042,moyenne
BJ-31C74348,TV Nouvelles,Médias & Communication,Boukoumbé,+229 36 62 24 83,tv.nouvelles@tv.nouvelles.com,tvnouvelles.bj,TPE (<10),B2C,LinkedIn,,Actif,2026-06-29T00:15:34.505054,haute
BJ-B40572CD,Liberté Africa,Médias & Communication,Kouandé,+229 84 62 10 51,,libertéafrica.bj,PME (50-200),B2C,LinkedIn,,Actif,2026-06-29T00:15:34.505087,moyenne
BJ-1AE3DD36,International Bénin Kouandé,Médias & Communication,Kouandé,+229 82 65 78 24,,internationalbéninkouandé.bj,PME (10-50),B2C,LinkedIn,,Actif,2026-06-29T00:15:34.505099,moyenne
BJ-D917EA4A,Presse Télévision Media,Médias & Communication,Kouandé,+229 62 75 99 22,presse.télévision.media@presse.télévision.media.benin,pressetélévisionmedia.bj,PME (10-50),B2B,LinkedIn,,Actif,2026-06-29T00:15:34.505111,haute
BJ-6D418C99,Journal Télévision News,Médias & Communication,Kouandé,+229 46 35 36 79,journal.télévision.news@journal.télévision.news.org,journaltélévisionnews.bj,PME (10-50),B2C,LinkedIn,,Actif,2026-06-29T00:15:34.505123,haute
BJ-24E227A3,Journal Actualité Africa,Médias & Communication,Péhunco,+229 20 98 55 46,,,TPE (<10),B2B,LinkedIn,,Actif,2026-06-29T00:15:34.505194,basse
BJ-FA8BF3B1,Journal National News,Médias & Communication,Tchaourou,+229 61 97 32 96,,,TPE (<10),B2B,LinkedIn,,Actif,2026-06-29T00:15:34.505235,basse
BJ-0A2F642B,Information Radio,Médias & Communication,Tchaourou,+229 92 28 89 54,information.radio@information.radio.net,informationradio.bj,PME (10-50),B2C,LinkedIn,,Actif,2026-06-29T00:15:34.505247,haute
BJ-0EF54C35,Communication National Press,Médias & Communication,Tchaourou,+229 45 94 23 24,communication.national.press@communication.national.press.org,communicationnationalpress.bj,PME (10-50),B2C,LinkedIn,,Actif,2026-06-29T00:15:34.505259,haute
BJ-02CE0A4F,National Africa,Médias & Communication,Nikki,+229 94 92 75 38,,nationalafrica.bj,Grande (>200),B2C,LinkedIn,,Actif,2026-06-29T00:15:34.505276,moyenne
BJ-C9DFCBF6,Publicité,Médias & Communication,Nikki,+229 95 83 54 51,publicité@publicité.org,publicité.bj,PME (50-200),B2B,LinkedIn,,Actif,2026-06-29T00:15:34.505288,haute
BJ-7F4CAAE5,Agence Communication Nikki,Médias & Communication,Nikki,+229 23 68 16 71,agence.communication.nikki@agence.communication.nikki.net,agencecommunicationnikki.bj,TPE (<10),B2C,LinkedIn,,Actif,2026-06-29T00:15:34.505300,haute
BJ-8C7ED4C9,TV Presse Africa,Médias & Communication,Nikki,+229 94 46 46 58,,tvpresseafrica.bj,TPE (<10),B2C,LinkedIn,,Actif,2026-06-29T00:15:34.505311,moyenne
BJ-E0B29E4C,Journal Media,Médias & Communication,Nikki,+229 54 56 89 80,,journalmedia.bj,Grande (>200),B2C,LinkedIn,,Actif,2026-06-29T00:15:34.505322,moyenne
BJ-9B1DAB27,Démocratie,Médias & Communication,Bembéréké,+229 64 40 71 70,,démocratie.bj,TPE (<10),B2B,LinkedIn,,Actif,2026-06-29T00:15:34.505339,moyenne
BJ-69B02326,Radio Press,Médias & Communication,Bembéréké,+229 72 77 64 97,,radiopress.bj,PME (10-50),B2C,LinkedIn,,Actif,2026-06-29T00:15:34.505356,moyenne
BJ-220A1710,TV Communication Bembéréké,Médias & Communication,Bembéréké,+229 64 80 33 42,tv.communication.bembéréké@tv.communication.bembéréké.benin,tvcommunicationbembéréké.bj,PME (10-50),B2C,LinkedIn,,Actif,2026-06-29T00:15:34.505381,haute
BJ-21826F40,Radio Journal Media Kalalé,Médias & Communication,Kalalé,+229 56 55 74 99,,radiojournalmediakalalé.bj,PME (50-200),B2C,LinkedIn,,Actif,2026-06-29T00:15:34.505410,moyenne
BJ-CE45E0DB,Nouvelles Kalalé,Médias & Communication,Kalalé,+229 92 48 25 98,nouvelles.kalalé@nouvelles.kalalé.net,nouvelleskalalé.bj,PME (50-200),B2C,LinkedIn,,Actif,2026-06-29T00:15:34.505423,haute
BJ-7306335F,Journal Radio Africa Kalalé,Médias & Communication,Kalalé,+229 77 18 34 61,journal.radio.africa.kalalé@journal.radio.africa.kalalé.benin,journalradioafricakalalé.bj,PME (50-200),B2B,LinkedIn,,Actif,2026-06-29T00:15:34.505436,haute
BJ-324570C5,Communication Liberté Media,Médias & Communication,Kalalé,+229 41 79 50 69,,,PME (10-50),B2C,LinkedIn,,Actif,2026-06-29T00:15:34.505458,basse
BJ-78A5A456,Liberté Bénin,Médias & Communication,Ndali,+229 89 82 98 85,liberté.bénin@liberté.bénin.org,,Grande (>200),B2C,LinkedIn,,Actif,2026-06-29T00:15:34.505476,moyenne
BJ-FD998167,Agence Information Ndali,Médias & Communication,Ndali,+229 26 98 93 61,agence.information.ndali@agence.information.ndali.benin,agenceinformationndali.bj,PME (50-200),B2B,LinkedIn,,Actif,2026-06-29T00:15:34.505491,haute
BJ-C18C4382,Communication Liberté,Médias & Communication,Ndali,+229 46 90 65 15,,,TPE (<10),B2B,LinkedIn,,Actif,2026-06-29T00:15:34.505502,basse
BJ-BBD040AA,Média Média,Médias & Communication,Ndali,+229 70 20 68 26,média.média@média.média.org,médiamédia.bj,PME (10-50),B2C,LinkedIn,,Actif,2026-06-29T00:15:34.505515,haute
BJ-13C72F1A,Radio Nouvelles Communication,Médias & Communication,Ndali,+229 34 87 77 45,,radionouvellescommunication.bj,TPE (<10),B2B,LinkedIn,,Actif,2026-06-29T00:15:34.505529,moyenne
BJ-5F8D7642,Presse Actualité,Médias & Communication,Ségbana,+229 42 70 51 38,presse.actualité@presse.actualité.com,,Grande (>200),B2C,LinkedIn,,Actif,2026-06-29T00:15:34.505547,moyenne
BJ-E0211350,Publicité,Médias & Communication,Ségbana,+229 22 56 60 50,,publicité.bj,PME (10-50),B2C,LinkedIn,,Actif,2026-06-29T00:15:34.505558,moyenne
BJ-09ECC1BD,Presse Média,Médias & Communication,Tchaourou,+229 54 66 48 23,,pressemédia.bj,Grande (>200),B2B,LinkedIn,,Actif,2026-06-29T00:15:34.505613,moyenne
BJ-F9F64DA7,Agence Radio Press,Médias & Communication,Tchaourou,+229 55 88 90 37,,agenceradiopress.bj,PME (10-50),B2C,LinkedIn,,Actif,2026-06-29T00:15:34.505628,moyenne
BJ-5C48712C,Média Presse Communication,Médias & Communication,Tchaourou,+229 65 18 70 36,média.presse.communication@média.presse.communication.com,médiapressecommunication.bj,PME (10-50),B2C,LinkedIn,,Actif,2026-06-29T00:15:34.505644,haute
BJ-8E8232C7,TV Radio TV,Médias & Communication,Tchaourou,+229 37 30 71 57,tv.radio.tv@tv.radio.tv.benin,tvradiotv.bj,Grande (>200),B2C,LinkedIn,,Actif,2026-06-29T00:15:34.505657,haute
BJ-B0E4A4CC,International Press Bétérou,Médias & Communication,Bétérou,+229 56 94 38 74,international.press.bétérou@international.press.bétérou.bj,,TPE (<10),B2C,LinkedIn,,Actif,2026-06-29T00:15:34.505687,moyenne
BJ-4664B774,Média Radio,Médias & Communication,Bétérou,+229 20 38 54 64,média.radio@média.radio.com,médiaradio.bj,PME (10-50),B2C,LinkedIn,,Actif,2026-06-29T00:15:34.505700,haute
BJ-7E209A6E,Radio Nouvelles,Médias & Communication,Bétérou,+229 52 42 22 66,radio.nouvelles@radio.nouvelles.org,,TPE (<10),B2C,LinkedIn,,Actif,2026-06-29T00:15:34.505722,moyenne
BJ-3240B1B3,Radio Presse Africa,Médias & Communication,Bétérou,+229 97 54 49 87,,radiopresseafrica.bj,TPE (<10),B2B,LinkedIn,,Actif,2026-06-29T00:15:34.505734,moyenne
BJ-A6F1F109,Information Press,Médias & Communication,Ouessè,+229 76 67 84 54,information.press@information.press.net,informationpress.bj,PME (10-50),B2B,LinkedIn,,Actif,2026-06-29T00:15:34.505751,haute
BJ-9015CCA7,Presse Actualité Bénin Ouessè,Médias & Communication,Ouessè,+229 82 27 75 11,presse.actualité.bénin.ouessè@presse.actualité.bénin.ouessè.benin,presseactualitébéninouessè.bj,TPE (<10),B2B,LinkedIn,,Actif,2026-06-29T00:15:34.505768,haute
BJ-30372B7D,Agence National Press,Médias & Communication,Ouessè,+229 66 84 31 54,,agencenationalpress.bj,PME (10-50),B2B,LinkedIn,,Actif,2026-06-29T00:15:34.505779,moyenne
BJ-A75B4D06,Presse Nouvelles,Médias & Communication,Ouessè,+229 31 53 91 44,presse.nouvelles@presse.nouvelles.org,,Grande (>200),B2C,LinkedIn,,Actif,2026-06-29T00:15:34.505790,moyenne
BJ-52CBA2B5,Information,Médias & Communication,Ouessè,+229 31 21 78 63,,information.bj,TPE (<10),B2B,LinkedIn,,Actif,2026-06-29T00:15:34.505804,moyenne
BJ-387629B9,International Media,Médias & Communication,Glazoué,+229 39 19 71 29,international.media@international.media.com,internationalmedia.bj,TPE (<10),B2C,LinkedIn,,Actif,2026-06-29T00:15:34.505822,haute
BJ-5AADB93D,Presse Nouvelles Glazoué,Médias & Communication,Glazoué,+229 98 79 12 83,presse.nouvelles.glazoué@presse.nouvelles.glazoué.benin,pressenouvellesglazoué.bj,TPE (<10),B2C,LinkedIn,,Actif,2026-06-29T00:15:34.505834,haute
BJ-28022A79,Presse National News Glazoué,Médias & Communication,Glazoué,+229 42 18 85 92,presse.national.news.glazoué@presse.national.news.glazoué.com,pressenationalnewsglazoué.bj,PME (50-200),B2B,LinkedIn,,Actif,2026-06-29T00:15:34.505847,haute
BJ-31E67A0C,Radio Liberté,Médias & Communication,Glazoué,+229 24 25 94 63,radio.liberté@radio.liberté.benin,radioliberté.bj,TPE (<10),B2C,LinkedIn,,Actif,2026-06-29T00:15:34.505870,haute
BJ-95A5D43C,Journal Communication Radio,Médias & Communication,Dassa-Zoumè,+229 51 35 78 82,journal.communication.radio@journal.communication.radio.com,,PME (10-50),B2B,LinkedIn,,Actif,2026-06-29T00:15:34.505922,moyenne
BJ-E50B6988,Média Actualité Savalou,Médias & Communication,Savalou,+229 74 11 71 58,média.actualité.savalou@média.actualité.savalou.com,médiaactualitésavalou.bj,TPE (<10),B2B,LinkedIn,,Actif,2026-06-29T00:15:34.505993,haute
BJ-7AD98D28,Média Radio News,Médias & Communication,Savalou,+229 66 42 17 50,média.radio.news@média.radio.news.net,,TPE (<10),B2C,LinkedIn,,Actif,2026-06-29T00:15:34.506005,moyenne
BJ-2A67DD1C,Information Africa,Médias & Communication,Savalou,+229 81 54 19 41,information.africa@information.africa.benin,informationafrica.bj,PME (50-200),B2B,LinkedIn,,Actif,2026-06-29T00:15:34.506017,haute
BJ-CEFB6095,Journal Presse,Médias & Communication,Savalou,+229 21 62 52 59,journal.presse@journal.presse.net,,PME (10-50),B2B,LinkedIn,,Actif,2026-06-29T00:15:34.506028,moyenne
BJ-55D3ECC9,Radio Démocratie News,Médias & Communication,Bantè,+229 63 26 19 94,,radiodémocratienews.bj,PME (50-200),B2C,LinkedIn,,Actif,2026-06-29T00:15:34.506046,moyenne
BJ-42AAC245,Journal Information,Médias & Communication,Bantè,+229 37 93 41 34,,,TPE (<10),B2C,LinkedIn,,Actif,2026-06-29T00:15:34.506059,basse
BJ-BF46D944,Agence Liberté,Médias & Communication,Bantè,+229 54 61 56 82,,agenceliberté.bj,PME (50-200),B2B,LinkedIn,,Actif,2026-06-29T00:15:34.506087,moyenne
BJ-F657DC0E,Presse Presse TV,Médias & Communication,Bantè,+229 64 31 18 45,,,TPE (<10),B2C,LinkedIn,,Actif,2026-06-29T00:15:34.506098,basse
BJ-1A51075F,Journal Radio,Médias & Communication,Djougou,+229 93 22 71 12,journal.radio@journal.radio.net,journalradio.bj,Grande (>200),B2B,LinkedIn,,Actif,2026-06-29T00:15:34.506129,haute
BJ-8F0C8426,Presse Liberté Djougou,Médias & Communication,Djougou,+229 26 73 83 17,,presselibertédjougou.bj,PME (50-200),B2B,LinkedIn,,Actif,2026-06-29T00:15:34.506140,moyenne
BJ-DE964764,Presse International,Médias & Communication,Djougou,+229 61 27 11 74,,presseinternational.bj,Grande (>200),B2C,LinkedIn,,Actif,2026-06-29T00:15:34.506151,moyenne
BJ-E839B00A,Télévision Communication,Médias & Communication,Ouèssè,+229 52 31 45 91,télévision.communication@télévision.communication.org,télévisioncommunication.bj,PME (50-200),B2C,LinkedIn,,Actif,2026-06-29T00:15:34.506180,haute
BJ-478D72A1,Agence Démocratie Bénin,Médias & Communication,Ouèssè,+229 78 89 80 85,agence.démocratie.bénin@agence.démocratie.bénin.benin,agencedémocratiebénin.bj,Grande (>200),B2B,LinkedIn,,Actif,2026-06-29T00:15:34.506196,haute
BJ-494BC365,Actualité Communication,Médias & Communication,Ouèssè,+229 64 32 90 44,,actualitécommunication.bj,PME (10-50),B2C,LinkedIn,,Actif,2026-06-29T00:15:34.506230,moyenne
BJ-9811E04D,TV Démocratie Africa,Médias & Communication,Bassila,+229 57 89 66 22,,tvdémocratieafrica.bj,PME (10-50),B2B,LinkedIn,,Actif,2026-06-29T00:15:34.506248,moyenne
BJ-0275423E,TV International,Médias & Communication,Bassila,+229 77 29 97 14,tv.international@tv.international.benin,tvinternational.bj,PME (10-50),B2C,LinkedIn,,Actif,2026-06-29T00:15:34.506260,haute
BJ-5B2C803A,Télévision Bénin,Médias & Communication,Bassila,+229 46 73 75 31,télévision.bénin@télévision.bénin.org,télévisionbénin.bj,PME (10-50),B2B,LinkedIn,,Actif,2026-06-29T00:15:34.506275,haute
BJ-A2A0920F,International News,Médias & Communication,Bassila,+229 66 96 75 91,,,TPE (<10),B2C,LinkedIn,,Actif,2026-06-29T00:15:34.506289,basse
BJ-B02387DD,Information Press Bassila,Médias & Communication,Bassila,+229 83 41 72 37,,informationpressbassila.bj,PME (10-50),B2B,LinkedIn,,Actif,2026-06-29T00:15:34.506301,moyenne
BJ-B6F8B323,Publicité Press,Médias & Communication,Pehunco,+229 74 75 29 65,,publicitépress.bj,TPE (<10),B2B,LinkedIn,,Actif,2026-06-29T00:15:34.506319,moyenne
BJ-AA501300,Journal Média Radio,Médias & Communication,Pehunco,+229 71 59 91 65,journal.média.radio@journal.média.radio.com,journalmédiaradio.bj,TPE (<10),B2B,LinkedIn,,Actif,2026-06-29T00:15:34.506334,haute
BJ-2F416FD9,Actualité Bénin,Médias & Communication,Pehunco,+229 92 74 64 79,,actualitébénin.bj,PME (10-50),B2B,LinkedIn,,Actif,2026-06-29T00:15:34.506347,moyenne
BJ-81A1FC77,Publicité Africa,Médias & Communication,Pehunco,+229 87 62 87 43,publicité.africa@publicité.africa.net,publicitéafrica.bj,TPE (<10),B2B,LinkedIn,,Actif,2026-06-29T00:15:34.506359,haute
BJ-BAECAA1D,Radio Pehunco,Médias & Communication,Pehunco,+229 73 87 16 78,,,PME (50-200),B2C,LinkedIn,,Actif,2026-06-29T00:15:34.506369,basse
BJ-B537D78D,Information News,Médias & Communication,Copargo,+229 96 81 10 74,,informationnews.bj,TPE (<10),B2B,LinkedIn,,Actif,2026-06-29T00:15:34.506386,moyenne
BJ-3EA92CC6,Démocratie Bénin,Médias & Communication,Copargo,+229 97 72 35 69,démocratie.bénin@démocratie.bénin.net,démocratiebénin.bj,PME (50-200),B2C,LinkedIn,,Actif,2026-06-29T00:15:34.506398,haute
BJ-9DCE0877,Actualité Radio,Médias & Communication,Copargo,+229 87 76 46 28,actualité.radio@actualité.radio.bj,actualitéradio.bj,PME (10-50),B2B,LinkedIn,,Actif,2026-06-29T00:15:34.506423,haute
BJ-C9526291,Radio Publicité TV Copargo,Médias & Communication,Copargo,+229 65 49 88 67,radio.publicité.tv.copargo@radio.publicité.tv.copargo.bj,radiopublicitétvcopargo.bj,PME (50-200),B2B,LinkedIn,,Actif,2026-06-29T00:15:34.506436,haute
BJ-262BE623,Social ONG,ONG & Associations,Cotonou,+229 84 69 95 43,,,PME (10-50),B2C,LinkedIn,,Actif,2026-06-29T00:15:34.506454,basse
BJ-BFD543A5,ONG Culture International,ONG & Associations,Cotonou,+229 53 75 79 23,ong.culture.international@ong.culture.international.net,,TPE (<10),B2B,LinkedIn,,Actif,2026-06-29T00:15:34.506469,moyenne
BJ-58950071,Culture Organisation,ONG & Associations,Cotonou,+229 99 33 58 16,culture.organisation@culture.organisation.com,cultureorganisation.bj,PME (50-200),B2C,LinkedIn,,Actif,2026-06-29T00:15:34.506503,haute
BJ-B356A954,Société Santé Bénin,ONG & Associations,Abomey-Calavi,+229 75 70 22 40,société.santé.bénin@société.santé.bénin.com,,TPE (<10),B2C,LinkedIn,,Actif,2026-06-29T00:15:34.506521,moyenne
BJ-CD5A09B2,Culture International,ONG & Associations,Abomey-Calavi,+229 63 12 90 27,,,PME (50-200),B2B,LinkedIn,,Actif,2026-06-29T00:15:34.506550,basse
BJ-D01D490B,Société Femme Africa,ONG & Associations,Abomey-Calavi,+229 25 36 63 58,société.femme.africa@société.femme.africa.org,,TPE (<10),B2C,LinkedIn,,Actif,2026-06-29T00:15:34.506561,moyenne
BJ-0878906B,Sport International Abomey-Calavi,ONG & Associations,Abomey-Calavi,+229 28 31 26 24,sport.international.abomeycalavi@sport.international.abomeycalavi.org,sportinternationalabomeycalavi.bj,TPE (<10),B2C,LinkedIn,,Actif,2026-06-29T00:15:34.506574,haute
BJ-71307BCB,Club Environnement Porto-Novo,ONG & Associations,Porto-Novo,+229 71 24 63 48,club.environnement.portonovo@club.environnement.portonovo.net,,PME (10-50),B2C,LinkedIn,,Actif,2026-06-29T00:15:34.506610,moyenne
BJ-3C0AD862,Aide Bénin,ONG & Associations,Porto-Novo,+229 63 60 75 93,aide.bénin@aide.bénin.com,,PME (10-50),B2C,LinkedIn,,Actif,2026-06-29T00:15:34.506634,moyenne
BJ-0137712F,Développement ONG,ONG & Associations,Porto-Novo,+229 63 56 23 85,,,TPE (<10),B2C,LinkedIn,,Actif,2026-06-29T00:15:34.506644,basse
BJ-CFD145E3,Femme Fondation Parakou,ONG & Associations,Parakou,+229 79 98 67 79,femme.fondation.parakou@femme.fondation.parakou.benin,,PME (10-50),B2B,LinkedIn,,Actif,2026-06-29T00:15:34.506664,moyenne
BJ-E53EE432,Développement Africa,ONG & Associations,Parakou,+229 36 79 12 59,développement.africa@développement.africa.com,développementafrica.bj,PME (50-200),B2C,LinkedIn,,Actif,2026-06-29T00:15:34.506677,haute
BJ-D741E9B0,Association Développement ONG,ONG & Associations,Parakou,+229 86 98 23 12,,,TPE (<10),B2C,LinkedIn,,Actif,2026-06-29T00:15:34.506687,basse
BJ-77ED63A6,Club Solidarité International,ONG & Associations,Parakou,+229 43 71 27 23,,,TPE (<10),B2C,LinkedIn,,Actif,2026-06-29T00:15:34.506698,basse
BJ-E3DCD3BE,Fondation Jeunesse Africa,ONG & Associations,Parakou,+229 56 89 29 12,,,TPE (<10),B2C,LinkedIn,,Actif,2026-06-29T00:15:34.506707,basse
BJ-57E75777,Aide Association,ONG & Associations,Bohicon,+229 46 55 94 28,aide.association@aide.association.net,aideassociation.bj,TPE (<10),B2B,LinkedIn,,Actif,2026-06-29T00:15:34.506725,haute
BJ-08F2A012,Société Solidarité,ONG & Associations,Bohicon,+229 65 96 88 69,,,Grande (>200),B2C,LinkedIn,,Actif,2026-06-29T00:15:34.506739,basse
BJ-841AE987,Organisation Droits Bohicon,ONG & Associations,Bohicon,+229 66 19 56 72,organisation.droits.bohicon@organisation.droits.bohicon.benin,,TPE (<10),B2B,LinkedIn,,Actif,2026-06-29T00:15:34.506751,moyenne
BJ-866370AE,Jeunesse,ONG & Associations,Bohicon,+229 58 25 75 60,,,TPE (<10),B2C,LinkedIn,,Actif,2026-06-29T00:15:34.506764,basse
BJ-93C40684,Société Sport Organisation,ONG & Associations,Bohicon,+229 49 23 15 97,société.sport.organisation@société.sport.organisation.com,,TPE (<10),B2C,LinkedIn,,Actif,2026-06-29T00:15:34.506777,moyenne
BJ-EF5EC908,Société Droits,ONG & Associations,Natitingou,+229 72 83 41 61,société.droits@société.droits.com,sociétédroits.bj,TPE (<10),B2C,LinkedIn,,Actif,2026-06-29T00:15:34.506807,haute
BJ-11154BEF,Développement Organisation Natitingou,ONG & Associations,Natitingou,+229 66 89 95 69,,,PME (10-50),B2B,LinkedIn,,Actif,2026-06-29T00:15:34.506832,basse
BJ-8A5DE676,Fondation Culture Africa,ONG & Associations,Natitingou,+229 85 13 19 52,,,PME (10-50),B2B,LinkedIn,,Actif,2026-06-29T00:15:34.506843,basse
BJ-CA4D0BC8,Culture Organisation,ONG & Associations,Lokossa,+229 33 18 75 29,culture.organisation@culture.organisation.bj,cultureorganisation.bj,TPE (<10),B2B,LinkedIn,,Actif,2026-06-29T00:15:34.506875,haute
BJ-DCAE5F9B,Social Lokossa,ONG & Associations,Lokossa,+229 35 56 15 63,social.lokossa@social.lokossa.bj,sociallokossa.bj,PME (10-50),B2B,LinkedIn,,Actif,2026-06-29T00:15:34.506888,haute
BJ-46D8BC70,Solidarité Association,ONG & Associations,Lokossa,+229 69 22 11 68,solidarité.association@solidarité.association.org,solidaritéassociation.bj,TPE (<10),B2B,LinkedIn,,Actif,2026-06-29T00:15:34.506914,haute
BJ-902755AC,Environnement Organisation,ONG & Associations,Lokossa,+229 34 36 83 33,,environnementorganisation.bj,PME (50-200),B2C,LinkedIn,,Actif,2026-06-29T00:15:34.506926,moyenne
BJ-3C673CA7,Femme Association,ONG & Associations,Ouidah,+229 98 65 22 99,femme.association@femme.association.benin,,TPE (<10),B2C,LinkedIn,,Actif,2026-06-29T00:15:34.506943,moyenne
BJ-400552D7,Association Jeunesse,ONG & Associations,Ouidah,+229 23 31 35 20,association.jeunesse@association.jeunesse.bj,,Grande (>200),B2B,LinkedIn,,Actif,2026-06-29T00:15:34.506954,moyenne
BJ-71AE88C7,Aide,ONG & Associations,Ouidah,+229 86 15 44 97,,aide.bj,TPE (<10),B2C,LinkedIn,,Actif,2026-06-29T00:15:34.506965,moyenne
BJ-B009C46E,Fondation Sport Africa,ONG & Associations,Ouidah,+229 76 37 96 95,,,PME (10-50),B2C,LinkedIn,,Actif,2026-06-29T00:15:34.506975,basse
BJ-BBA6768B,Éducation Fondation,ONG & Associations,Ouidah,+229 33 56 26 25,,,PME (10-50),B2B,LinkedIn,,Actif,2026-06-29T00:15:34.506986,basse
BJ-12337DAD,Fondation Environnement International,ONG & Associations,Savalou,+229 25 72 69 53,fondation.environnement.international@fondation.environnement.international.bj,,TPE (<10),B2C,LinkedIn,,Actif,2026-06-29T00:15:34.507024,moyenne
BJ-DB5F8A7B,Éducation Organisation Dassa-Zoumè,ONG & Associations,Dassa-Zoumè,+229 33 78 84 28,éducation.organisation.dassazoumè@éducation.organisation.dassazoumè.com,éducationorganisationdassazoumè.bj,TPE (<10),B2C,LinkedIn,,Actif,2026-06-29T00:15:34.507079,haute
BJ-93A2CE2E,ONG Développement Dassa-Zoumè,ONG & Associations,Dassa-Zoumè,+229 40 59 44 57,ong.développement.dassazoumè@ong.développement.dassazoumè.org,,PME (10-50),B2C,LinkedIn,,Actif,2026-06-29T00:15:34.507095,moyenne
BJ-7B18B451,Organisation Santé Association Dassa-Zoumè,ONG & Associations,Dassa-Zoumè,+229 43 32 31 53,organisation.santé.association.dassazoumè@organisation.santé.association.dassazoumè.benin,,TPE (<10),B2C,LinkedIn,,Actif,2026-06-29T00:15:34.507130,moyenne
BJ-115DE5AB,Jeunesse Association,ONG & Associations,Kétou,+229 80 41 84 95,,jeunesseassociation.bj,PME (50-200),B2C,LinkedIn,,Actif,2026-06-29T00:15:34.507162,moyenne
BJ-AD059EB0,Santé Kétou,ONG & Associations,Kétou,+229 39 28 74 21,santé.kétou@santé.kétou.net,santékétou.bj,PME (50-200),B2B,LinkedIn,,Actif,2026-06-29T00:15:34.507199,haute
BJ-6C9BDF52,ONG Solidarité Africa,ONG & Associations,Covè,+229 52 87 59 40,,ongsolidaritéafrica.bj,PME (50-200),B2C,LinkedIn,,Actif,2026-06-29T00:15:34.507217,moyenne
BJ-C7AD8491,Club Aide Covè,ONG & Associations,Covè,+229 48 85 34 75,,,PME (50-200),B2B,LinkedIn,,Actif,2026-06-29T00:15:34.507228,basse
BJ-FFD552C7,Droits Association,ONG & Associations,Covè,+229 48 58 94 34,droits.association@droits.association.com,,PME (10-50),B2C,LinkedIn,,Actif,2026-06-29T00:15:34.507254,moyenne
BJ-CE672195,Femme,ONG & Associations,Covè,+229 35 63 89 81,femme@femme.net,femme.bj,TPE (<10),B2B,LinkedIn,,Actif,2026-06-29T00:15:34.507267,haute
BJ-B2C83632,ONG Culture,ONG & Associations,Pobè,+229 49 93 74 11,ong.culture@ong.culture.bj,,PME (10-50),B2B,LinkedIn,,Actif,2026-06-29T00:15:34.507284,moyenne
BJ-00FD5C08,Aide ONG,ONG & Associations,Pobè,+229 46 88 71 60,aide.ong@aide.ong.com,,PME (10-50),B2B,LinkedIn,,Actif,2026-06-29T00:15:34.507299,moyenne
BJ-247E01DF,Culture Africa,ONG & Associations,Pobè,+229 24 29 96 15,,,PME (10-50),B2C,LinkedIn,,Actif,2026-06-29T00:15:34.507310,basse
BJ-B85B3E90,Culture,ONG & Associations,Pobè,+229 90 10 38 29,,culture.bj,PME (10-50),B2B,LinkedIn,,Actif,2026-06-29T00:15:34.507322,moyenne
BJ-B62CA128,Association Culture,ONG & Associations,Pobè,+229 34 29 31 41,,associationculture.bj,TPE (<10),B2C,LinkedIn,,Actif,2026-06-29T00:15:34.507334,moyenne
BJ-F5F6F7B4,Association Santé Sakété,ONG & Associations,Sakété,+229 27 30 57 28,,associationsantésakété.bj,PME (10-50),B2B,LinkedIn,,Actif,2026-06-29T00:15:34.507355,moyenne
BJ-3A3F9F22,Association Humanitaire,ONG & Associations,Sakété,+229 41 95 32 27,association.humanitaire@association.humanitaire.net,,PME (10-50),B2C,LinkedIn,,Actif,2026-06-29T00:15:34.507368,moyenne
BJ-BA4DFC9C,Fondation Humanitaire,ONG & Associations,Sakété,+229 94 72 60 32,fondation.humanitaire@fondation.humanitaire.com,,Grande (>200),B2B,LinkedIn,,Actif,2026-06-29T00:15:34.507380,moyenne
BJ-B8158A32,Éducation ONG,ONG & Associations,Sakété,+229 84 81 91 38,,,Grande (>200),B2C,LinkedIn,,Actif,2026-06-29T00:15:34.507391,basse
BJ-344260DC,Femme Fondation,ONG & Associations,Sakété,+229 88 97 32 69,,,PME (50-200),B2B,LinkedIn,,Actif,2026-06-29T00:15:34.507401,basse
BJ-CA8D90A6,Association Environnement Adjara,ONG & Associations,Adjara,+229 34 80 98 67,,associationenvironnementadjara.bj,PME (10-50),B2C,LinkedIn,,Actif,2026-06-29T00:15:34.507423,moyenne
BJ-31143D56,Organisation Environnement Fondation,ONG & Associations,Adjara,+229 45 67 31 95,,,PME (10-50),B2C,LinkedIn,,Actif,2026-06-29T00:15:34.507437,basse
BJ-13C61EF6,ONG Santé Bénin,ONG & Associations,Adjara,+229 77 74 31 90,ong.santé.bénin@ong.santé.bénin.org,,PME (50-200),B2C,LinkedIn,,Actif,2026-06-29T00:15:34.507454,moyenne
BJ-2ACD8A8D,Club Santé,ONG & Associations,Adjara,+229 44 41 58 19,,,TPE (<10),B2B,LinkedIn,,Actif,2026-06-29T00:15:34.507492,basse
BJ-4CB3BF86,Droits Africa,ONG & Associations,Adjara,+229 91 10 94 77,,,PME (50-200),B2B,LinkedIn,,Actif,2026-06-29T00:15:34.507528,basse
BJ-2F436EDD,Social Allada,ONG & Associations,Allada,+229 53 30 86 98,social.allada@social.allada.net,,TPE (<10),B2C,LinkedIn,,Actif,2026-06-29T00:15:34.507597,moyenne
BJ-09948C4E,Enfant ONG Allada,ONG & Associations,Allada,+229 69 52 24 60,enfant.ong.allada@enfant.ong.allada.bj,enfantongallada.bj,TPE (<10),B2B,LinkedIn,,Actif,2026-06-29T00:15:34.507625,haute
BJ-7411227C,Fondation Santé,ONG & Associations,Aplahoué,+229 35 45 98 56,fondation.santé@fondation.santé.org,fondationsanté.bj,PME (50-200),B2C,LinkedIn,,Actif,2026-06-29T00:15:34.507721,haute
BJ-AB4B27B0,Santé Fondation,ONG & Associations,Aplahoué,+229 92 24 60 67,,,PME (50-200),B2B,LinkedIn,,Actif,2026-06-29T00:15:34.507753,basse
BJ-A9789DE0,ONG Culture Africa,ONG & Associations,Aplahoué,+229 92 52 47 55,,ongcultureafrica.bj,PME (10-50),B2B,LinkedIn,,Actif,2026-06-29T00:15:34.507806,moyenne
BJ-6055FFDA,Aide Bénin,ONG & Associations,Aplahoué,+229 51 14 75 32,,,PME (10-50),B2C,LinkedIn,,Actif,2026-06-29T00:15:34.507831,basse
BJ-02627B60,Solidarité Africa Dogbo-Tota,ONG & Associations,Dogbo-Tota,+229 98 88 79 92,solidarité.africa.dogbotota@solidarité.africa.dogbotota.net,,TPE (<10),B2C,LinkedIn,,Actif,2026-06-29T00:15:34.507875,moyenne
BJ-092E9915,Club Culture Organisation,ONG & Associations,Dogbo-Tota,+229 42 82 21 94,club.culture.organisation@club.culture.organisation.net,clubcultureorganisation.bj,PME (10-50),B2B,LinkedIn,,Actif,2026-06-29T00:15:34.507921,haute
BJ-5F01AAB9,ONG Aide Dogbo-Tota,ONG & Associations,Dogbo-Tota,+229 89 10 54 94,ong.aide.dogbotota@ong.aide.dogbotota.org,,TPE (<10),B2B,LinkedIn,,Actif,2026-06-29T00:15:34.507971,moyenne
BJ-AE64C3DC,Fondation Jeunesse,ONG & Associations,Dogbo-Tota,+229 49 41 29 62,fondation.jeunesse@fondation.jeunesse.bj,,TPE (<10),B2C,LinkedIn,,Actif,2026-06-29T00:15:34.507995,moyenne
BJ-896E0680,Aide Africa,ONG & Associations,Kpomassè,+229 41 58 84 50,,aideafrica.bj,PME (50-200),B2B,LinkedIn,,Actif,2026-06-29T00:15:34.508035,moyenne
BJ-07CB8F94,Culture Fondation,ONG & Associations,Kpomassè,+229 94 23 63 74,culture.fondation@culture.fondation.com,,PME (10-50),B2C,LinkedIn,,Actif,2026-06-29T00:15:34.508074,moyenne
BJ-E0CE6A31,Organisation Santé Organisation,ONG & Associations,Kpomassè,+229 32 76 19 63,,,PME (50-200),B2B,LinkedIn,,Actif,2026-06-29T00:15:34.508105,basse
BJ-4F29032C,Société Aide Fondation,ONG & Associations,Kpomassè,+229 33 82 36 23,,sociétéaidefondation.bj,PME (50-200),B2B,LinkedIn,,Actif,2026-06-29T00:15:34.508137,moyenne
BJ-A8F99D33,Sport Bénin,ONG & Associations,Tori-Bossito,+229 47 59 86 80,,,Grande (>200),B2B,LinkedIn,,Actif,2026-06-29T00:15:34.508155,basse
BJ-B33470E5,Santé Bénin,ONG & Associations,Tori-Bossito,+229 35 80 21 77,,,TPE (<10),B2B,LinkedIn,,Actif,2026-06-29T00:15:34.508183,basse
BJ-92795503,Enfant ONG,ONG & Associations,Tori-Bossito,+229 80 28 62 26,,,PME (50-200),B2C,LinkedIn,,Actif,2026-06-29T00:15:34.508194,basse
BJ-2DB9E32E,Club Aide,ONG & Associations,Tori-Bossito,+229 25 10 67 46,club.aide@club.aide.net,,PME (10-50),B2B,LinkedIn,,Actif,2026-06-29T00:15:34.508205,moyenne
BJ-46FA82D9,Femme,ONG & Associations,Grand-Popo,+229 78 76 90 27,femme@femme.org,,PME (10-50),B2B,LinkedIn,,Actif,2026-06-29T00:15:34.508239,moyenne
BJ-E1697E58,Humanitaire,ONG & Associations,Grand-Popo,+229 96 52 22 11,humanitaire@humanitaire.com,,Grande (>200),B2B,LinkedIn,,Actif,2026-06-29T00:15:34.508250,moyenne
BJ-C1677B54,Développement International,ONG & Associations,Grand-Popo,+229 37 58 37 62,développement.international@développement.international.benin,développementinternational.bj,TPE (<10),B2C,LinkedIn,,Actif,2026-06-29T00:15:34.508264,haute
BJ-76555757,Santé Athiémé,ONG & Associations,Athiémé,+229 78 30 77 74,,,TPE (<10),B2B,LinkedIn,,Actif,2026-06-29T00:15:34.508292,basse
BJ-D8C26C6E,ONG Santé International,ONG & Associations,Athiémé,+229 77 12 47 21,,,TPE (<10),B2C,LinkedIn,,Actif,2026-06-29T00:15:34.508331,basse
BJ-1667356C,Aide Fondation,ONG & Associations,Bopa,+229 64 99 66 39,aide.fondation@aide.fondation.benin,,PME (50-200),B2C,LinkedIn,,Actif,2026-06-29T00:15:34.508360,moyenne
BJ-8CF7B1BA,Sport ONG,ONG & Associations,Bopa,+229 78 17 27 69,,sportong.bj,TPE (<10),B2B,LinkedIn,,Actif,2026-06-29T00:15:34.508376,moyenne
BJ-C0CEBD4A,Solidarité Africa,ONG & Associations,Bopa,+229 65 37 83 48,solidarité.africa@solidarité.africa.benin,,TPE (<10),B2B,LinkedIn,,Actif,2026-06-29T00:15:34.508388,moyenne
BJ-706BCB2F,Solidarité,ONG & Associations,Bopa,+229 30 65 49 10,,solidarité.bj,TPE (<10),B2B,LinkedIn,,Actif,2026-06-29T00:15:34.508400,moyenne
BJ-97F73F3B,Fondation Droits Africa,ONG & Associations,Houéyogbé,+229 66 49 10 70,fondation.droits.africa@fondation.droits.africa.net,,PME (50-200),B2B,LinkedIn,,Actif,2026-06-29T00:15:34.508429,moyenne
BJ-134677EF,Association Environnement,ONG & Associations,Houéyogbé,+229 28 51 64 50,association.environnement@association.environnement.benin,,TPE (<10),B2B,LinkedIn,,Actif,2026-06-29T00:15:34.508441,moyenne
BJ-4770B3F9,Culture,ONG & Associations,Houéyogbé,+229 26 58 65 61,,,PME (10-50),B2B,LinkedIn,,Actif,2026-06-29T00:15:34.508476,basse
BJ-55044CA7,Association Sport,ONG & Associations,Houéyogbé,+229 25 20 39 23,association.sport@association.sport.bj,,TPE (<10),B2B,LinkedIn,,Actif,2026-06-29T00:15:34.508503,moyenne
BJ-18654735,Société Sport Organisation,ONG & Associations,Malanville,+229 93 61 79 55,,,TPE (<10),B2C,LinkedIn,,Actif,2026-06-29T00:15:34.508518,basse
BJ-4D628761,Société Enfant Africa Malanville,ONG & Associations,Malanville,+229 74 34 34 70,société.enfant.africa.malanville@société.enfant.africa.malanville.benin,sociétéenfantafricamalanville.bj,TPE (<10),B2C,LinkedIn,,Actif,2026-06-29T00:15:34.508534,haute
BJ-213BEDFD,Fondation Développement Malanville,ONG & Associations,Malanville,+229 80 56 30 51,fondation.développement.malanville@fondation.développement.malanville.net,fondationdéveloppementmalanville.bj,TPE (<10),B2B,LinkedIn,,Actif,2026-06-29T00:15:34.508548,haute
BJ-91F53E22,Association Santé Africa,ONG & Associations,Malanville,+229 95 98 90 37,association.santé.africa@association.santé.africa.bj,associationsantéafrica.bj,TPE (<10),B2B,LinkedIn,,Actif,2026-06-29T00:15:34.508560,haute
BJ-C693DB38,Fondation Environnement,ONG & Associations,Malanville,+229 53 71 82 44,fondation.environnement@fondation.environnement.org,,TPE (<10),B2C,LinkedIn,,Actif,2026-06-29T00:15:34.508587,moyenne
BJ-C5750A26,Club Jeunesse,ONG & Associations,Kandi,+229 60 79 58 89,,,PME (10-50),B2B,LinkedIn,,Actif,2026-06-29T00:15:34.508603,basse
BJ-986B0824,Club Social,ONG & Associations,Kandi,+229 28 41 57 34,,,PME (50-200),B2C,LinkedIn,,Actif,2026-06-29T00:15:34.508613,basse
BJ-0861782C,Organisation Environnement Association,ONG & Associations,Kandi,+229 46 83 54 98,,organisationenvironnementassociation.bj,TPE (<10),B2C,LinkedIn,,Actif,2026-06-29T00:15:34.508624,moyenne
BJ-AB13C95C,Social International,ONG & Associations,Kandi,+229 94 35 87 41,social.international@social.international.com,socialinternational.bj,PME (10-50),B2C,LinkedIn,,Actif,2026-06-29T00:15:34.508636,haute
BJ-F3292E56,Club Femme International,ONG & Associations,Kandi,+229 99 21 78 13,,clubfemmeinternational.bj,TPE (<10),B2C,LinkedIn,,Actif,2026-06-29T00:15:34.508646,moyenne
BJ-78D5AECB,Société Aide Fondation,ONG & Associations,Banikoara,+229 65 41 46 11,société.aide.fondation@société.aide.fondation.net,,Grande (>200),B2B,LinkedIn,,Actif,2026-06-29T00:15:34.508667,moyenne
BJ-01861895,Aide Banikoara,ONG & Associations,Banikoara,+229 50 69 89 56,aide.banikoara@aide.banikoara.org,,PME (50-200),B2B,LinkedIn,,Actif,2026-06-29T00:15:34.508681,moyenne
BJ-844D93CF,Association Culture Association,ONG & Associations,Banikoara,+229 89 43 81 19,,,Grande (>200),B2C,LinkedIn,,Actif,2026-06-29T00:15:34.508703,basse
BJ-AA1D7067,Organisation Solidarité Organisation,ONG & Associations,Banikoara,+229 30 12 54 22,organisation.solidarité.organisation@organisation.solidarité.organisation.org,,PME (10-50),B2C,LinkedIn,,Actif,2026-06-29T00:15:34.508715,moyenne
BJ-34E60354,Club Développement Fondation,ONG & Associations,Ségbana,+229 30 23 81 48,,clubdéveloppementfondation.bj,PME (10-50),B2C,LinkedIn,,Actif,2026-06-29T00:15:34.508733,moyenne
BJ-BBA082F3,Société Social,ONG & Associations,Ségbana,+229 38 56 51 28,société.social@société.social.bj,,PME (50-200),B2B,LinkedIn,,Actif,2026-06-29T00:15:34.508745,moyenne
BJ-D062B817,Jeunesse ONG,ONG & Associations,Ségbana,+229 88 86 99 81,,jeunesseong.bj,PME (10-50),B2B,LinkedIn,,Actif,2026-06-29T00:15:34.508756,moyenne
BJ-A957EE03,Humanitaire Ségbana,ONG & Associations,Ségbana,+229 97 64 19 42,,,Grande (>200),B2B,LinkedIn,,Actif,2026-06-29T00:15:34.508766,basse
BJ-3725A3F8,Environnement Bénin,ONG & Associations,Ségbana,+229 64 29 58 99,,,PME (10-50),B2C,LinkedIn,,Actif,2026-06-29T00:15:34.508777,basse
BJ-DEDF7E3F,Sport ONG,ONG & Associations,Karimama,+229 71 55 72 55,,,TPE (<10),B2C,LinkedIn,,Actif,2026-06-29T00:15:34.508792,basse
BJ-49E5A971,Social Fondation,ONG & Associations,Karimama,+229 46 72 47 90,,,TPE (<10),B2B,LinkedIn,,Actif,2026-06-29T00:15:34.508826,basse
BJ-77DDC365,Société Sport Organisation Karimama,ONG & Associations,Karimama,+229 87 79 61 37,société.sport.organisation.karimama@société.sport.organisation.karimama.org,,TPE (<10),B2C,LinkedIn,,Actif,2026-06-29T00:15:34.508838,moyenne
BJ-4CC5DC7A,Éducation ONG,ONG & Associations,Karimama,+229 71 88 18 25,éducation.ong@éducation.ong.com,,TPE (<10),B2C,LinkedIn,,Actif,2026-06-29T00:15:34.508850,moyenne
BJ-1F7021C2,Association Droits ONG Gogounou,ONG & Associations,Gogounou,+229 57 77 93 43,association.droits.ong.gogounou@association.droits.ong.gogounou.benin,associationdroitsonggogounou.bj,PME (50-200),B2C,LinkedIn,,Actif,2026-06-29T00:15:34.508869,haute
BJ-D4156E34,Société Développement Bénin,ONG & Associations,Gogounou,+229 23 96 52 52,,sociétédéveloppementbénin.bj,TPE (<10),B2C,LinkedIn,,Actif,2026-06-29T00:15:34.508884,moyenne
BJ-1E892BBE,Société Enfant,ONG & Associations,Gogounou,+229 63 28 42 96,société.enfant@société.enfant.com,,PME (10-50),B2B,LinkedIn,,Actif,2026-06-29T00:15:34.508921,moyenne
BJ-902DFA39,Fondation Aide Fondation,ONG & Associations,Gogounou,+229 81 69 79 71,,,Grande (>200),B2B,LinkedIn,,Actif,2026-06-29T00:15:34.508931,basse
BJ-700ADD89,Enfant Organisation,ONG & Associations,Cobly,+229 72 59 52 56,,,PME (10-50),B2B,LinkedIn,,Actif,2026-06-29T00:15:34.508948,basse
BJ-5086EF74,Sport,ONG & Associations,Cobly,+229 35 85 43 86,sport@sport.benin,,PME (10-50),B2B,LinkedIn,,Actif,2026-06-29T00:15:34.508975,moyenne
BJ-EB759888,Éducation Association,ONG & Associations,Cobly,+229 54 45 90 13,,,PME (50-200),B2B,LinkedIn,,Actif,2026-06-29T00:15:34.508986,basse
BJ-2B19B466,Société Santé ONG,ONG & Associations,Cobly,+229 34 45 29 40,société.santé.ong@société.santé.ong.benin,,TPE (<10),B2B,LinkedIn,,Actif,2026-06-29T00:15:34.508998,moyenne
BJ-C62CE8D1,Fondation Éducation Association,ONG & Associations,Tanguiéta,+229 59 96 21 58,fondation.éducation.association@fondation.éducation.association.net,fondationéducationassociation.bj,TPE (<10),B2B,LinkedIn,,Actif,2026-06-29T00:15:34.509017,haute
BJ-BF5EB52F,Association Développement Tanguiéta,ONG & Associations,Tanguiéta,+229 84 71 89 27,,associationdéveloppementtanguiéta.bj,PME (50-200),B2B,LinkedIn,,Actif,2026-06-29T00:15:34.509029,moyenne
BJ-EF1AFAA4,Fondation Femme Bénin,ONG & Associations,Tanguiéta,+229 47 26 59 59,fondation.femme.bénin@fondation.femme.bénin.net,,TPE (<10),B2C,LinkedIn,,Actif,2026-06-29T00:15:34.509044,moyenne
BJ-31321C5D,Aide,ONG & Associations,Tanguiéta,+229 20 60 74 12,aide@aide.benin,,PME (10-50),B2B,LinkedIn,,Actif,2026-06-29T00:15:34.509055,moyenne
BJ-4739182E,Enfant ONG Matéri,ONG & Associations,Matéri,+229 87 50 16 62,enfant.ong.matéri@enfant.ong.matéri.benin,,Grande (>200),B2C,LinkedIn,,Actif,2026-06-29T00:15:34.509090,moyenne
BJ-4894ACA5,ONG Éducation,ONG & Associations,Matéri,+229 27 26 59 72,,ongéducation.bj,PME (10-50),B2C,LinkedIn,,Actif,2026-06-29T00:15:34.509105,moyenne
BJ-08BCEA07,Enfant International,ONG & Associations,Matéri,+229 79 79 64 90,,,PME (50-200),B2C,LinkedIn,,Actif,2026-06-29T00:15:34.509127,basse
BJ-2726530F,Culture,ONG & Associations,Matéri,+229 28 26 58 63,culture@culture.benin,,PME (50-200),B2C,LinkedIn,,Actif,2026-06-29T00:15:34.509138,moyenne
BJ-6013FE2A,Club Solidarité Association,ONG & Associations,Natitingou,+229 80 48 10 21,club.solidarité.association@club.solidarité.association.benin,,PME (50-200),B2B,LinkedIn,,Actif,2026-06-29T00:15:34.509156,moyenne
BJ-ADDAB49F,Culture,ONG & Associations,Natitingou,+229 99 47 88 14,culture@culture.benin,,Grande (>200),B2C,LinkedIn,,Actif,2026-06-29T00:15:34.509167,moyenne
BJ-8F5B499D,ONG Santé,ONG & Associations,Natitingou,+229 38 46 24 24,,,Grande (>200),B2C,LinkedIn,,Actif,2026-06-29T00:15:34.509177,basse
BJ-E02F2EEA,Éducation ONG,ONG & Associations,Natitingou,+229 87 48 10 15,,éducationong.bj,PME (50-200),B2C,LinkedIn,,Actif,2026-06-29T00:15:34.509199,moyenne
BJ-B3EF5F44,Association Environnement Bénin,ONG & Associations,Toucountouna,+229 82 40 58 90,association.environnement.bénin@association.environnement.bénin.bj,associationenvironnementbénin.bj,TPE (<10),B2C,LinkedIn,,Actif,2026-06-29T00:15:34.509217,haute
BJ-EF4BA45F,Environnement Organisation,ONG & Associations,Toucountouna,+229 38 57 88 43,,,TPE (<10),B2C,LinkedIn,,Actif,2026-06-29T00:15:34.509230,basse
BJ-A8D5CA7C,Santé International,ONG & Associations,Toucountouna,+229 60 89 79 31,,santéinternational.bj,TPE (<10),B2C,LinkedIn,,Actif,2026-06-29T00:15:34.509242,moyenne
BJ-F06651E7,Fondation Éducation,ONG & Associations,Toucountouna,+229 65 93 55 38,fondation.éducation@fondation.éducation.com,,TPE (<10),B2B,LinkedIn,,Actif,2026-06-29T00:15:34.509254,moyenne
BJ-080BAA4C,Enfant,ONG & Associations,Boukoumbé,+229 72 73 22 58,enfant@enfant.bj,,PME (10-50),B2B,LinkedIn,,Actif,2026-06-29T00:15:34.509293,moyenne
BJ-699B6C00,ONG Sport Bénin,ONG & Associations,Boukoumbé,+229 81 76 39 28,,,TPE (<10),B2B,LinkedIn,,Actif,2026-06-29T00:15:34.509307,basse
BJ-C910E715,Développement Fondation,ONG & Associations,Boukoumbé,+229 60 22 21 21,développement.fondation@développement.fondation.bj,,TPE (<10),B2B,LinkedIn,,Actif,2026-06-29T00:15:34.509318,moyenne
BJ-19111D76,Femme Association,ONG & Associations,Boukoumbé,+229 74 60 31 37,femme.association@femme.association.bj,,TPE (<10),B2B,LinkedIn,,Actif,2026-06-29T00:15:34.509329,moyenne
BJ-11223D31,Femme,ONG & Associations,Kouandé,+229 75 39 48 87,femme@femme.com,,PME (50-200),B2B,LinkedIn,,Actif,2026-06-29T00:15:34.509359,moyenne
BJ-30420A04,Société Éducation Association,ONG & Associations,Kouandé,+229 67 78 11 77,,,PME (50-200),B2B,LinkedIn,,Actif,2026-06-29T00:15:34.509380,basse
BJ-850BFA2A,Droits Fondation,ONG & Associations,Kouandé,+229 42 73 30 88,droits.fondation@droits.fondation.benin,,PME (50-200),B2C,LinkedIn,,Actif,2026-06-29T00:15:34.509391,moyenne
BJ-6BECA6BD,ONG Droits,ONG & Associations,Péhunco,+229 99 59 95 85,ong.droits@ong.droits.org,ongdroits.bj,PME (10-50),B2C,LinkedIn,,Actif,2026-06-29T00:15:34.509408,haute
BJ-28989848,Fondation Enfant,ONG & Associations,Péhunco,+229 84 63 53 42,,,Grande (>200),B2C,LinkedIn,,Actif,2026-06-29T00:15:34.509419,basse
BJ-CFDE5A5A,Femme Bénin,ONG & Associations,Péhunco,+229 70 23 84 92,femme.bénin@femme.bénin.benin,,TPE (<10),B2C,LinkedIn,,Actif,2026-06-29T00:15:34.509434,moyenne
BJ-A8C5DAD4,Enfant,ONG & Associations,Péhunco,+229 80 37 71 36,enfant@enfant.bj,,PME (10-50),B2C,LinkedIn,,Actif,2026-06-29T00:15:34.509445,moyenne
BJ-4B064309,Club Femme,ONG & Associations,Péhunco,+229 68 83 66 43,club.femme@club.femme.com,clubfemme.bj,TPE (<10),B2B,LinkedIn,,Actif,2026-06-29T00:15:34.509456,haute
BJ-817B2990,Humanitaire ONG,ONG & Associations,Tchaourou,+229 86 14 31 96,humanitaire.ong@humanitaire.ong.com,humanitaireong.bj,TPE (<10),B2B,LinkedIn,,Actif,2026-06-29T00:15:34.509474,haute
BJ-82B60A67,Société Enfant Africa,ONG & Associations,Tchaourou,+229 47 86 71 18,,sociétéenfantafrica.bj,TPE (<10),B2B,LinkedIn,,Actif,2026-06-29T00:15:34.509488,moyenne
BJ-2A3EB920,Fondation Sport,ONG & Associations,Tchaourou,+229 36 55 64 94,fondation.sport@fondation.sport.org,,PME (50-200),B2B,LinkedIn,,Actif,2026-06-29T00:15:34.509500,moyenne
BJ-E1A91A65,Association Jeunesse,ONG & Associations,Tchaourou,+229 94 37 96 48,,associationjeunesse.bj,TPE (<10),B2C,LinkedIn,,Actif,2026-06-29T00:15:34.509525,moyenne
BJ-A6339A01,Club Développement Organisation Nikki,ONG & Associations,Nikki,+229 79 46 93 51,,clubdéveloppementorganisationnikki.bj,TPE (<10),B2B,LinkedIn,,Actif,2026-06-29T00:15:34.509543,moyenne
BJ-2E8144BA,Fondation Culture International,ONG & Associations,Nikki,+229 92 23 99 46,fondation.culture.international@fondation.culture.international.bj,fondationcultureinternational.bj,PME (10-50),B2B,LinkedIn,,Actif,2026-06-29T00:15:34.509555,haute
BJ-F8AAE008,Association Solidarité Nikki,ONG & Associations,Nikki,+229 69 12 37 64,,associationsolidariténikki.bj,PME (10-50),B2C,LinkedIn,,Actif,2026-06-29T00:15:34.509567,moyenne
BJ-DE56324F,Sport,ONG & Associations,Nikki,+229 21 64 17 61,,sport.bj,TPE (<10),B2B,LinkedIn,,Actif,2026-06-29T00:15:34.509578,moyenne
BJ-6D2BE6D1,ONG Culture,ONG & Associations,Nikki,+229 63 19 75 79,ong.culture@ong.culture.benin,ongculture.bj,PME (10-50),B2C,LinkedIn,,Actif,2026-06-29T00:15:34.509589,haute
BJ-AF1FE2BC,Femme Bénin,ONG & Associations,Bembéréké,+229 38 48 23 44,femme.bénin@femme.bénin.com,femmebénin.bj,Grande (>200),B2B,LinkedIn,,Actif,2026-06-29T00:15:34.509619,haute
BJ-EA21181A,Club Culture Bembéréké,ONG & Associations,Bembéréké,+229 62 79 75 70,club.culture.bembéréké@club.culture.bembéréké.benin,,Grande (>200),B2C,LinkedIn,,Actif,2026-06-29T00:15:34.509634,moyenne
BJ-7FF392D0,Jeunesse International Bembéréké,ONG & Associations,Bembéréké,+229 37 14 39 97,jeunesse.international.bembéréké@jeunesse.international.bembéréké.benin,jeunesseinternationalbembéréké.bj,PME (50-200),B2B,LinkedIn,,Actif,2026-06-29T00:15:34.509647,haute
BJ-D424D197,Social,ONG & Associations,Bembéréké,+229 34 79 91 95,,social.bj,PME (10-50),B2C,LinkedIn,,Actif,2026-06-29T00:15:34.509657,moyenne
BJ-15556677,ONG Culture Organisation,ONG & Associations,Kalalé,+229 66 34 46 45,,ongcultureorganisation.bj,PME (50-200),B2C,LinkedIn,,Actif,2026-06-29T00:15:34.509695,moyenne
BJ-3B971B79,Organisation Jeunesse,ONG & Associations,Kalalé,+229 41 77 70 37,,organisationjeunesse.bj,Grande (>200),B2B,LinkedIn,,Actif,2026-06-29T00:15:34.509706,moyenne
BJ-C74026E4,Association Jeunesse,ONG & Associations,Kalalé,+229 28 16 94 94,association.jeunesse@association.jeunesse.org,,Grande (>200),B2C,LinkedIn,,Actif,2026-06-29T00:15:34.509730,moyenne
BJ-05B26B2E,Organisation Culture Organisation,ONG & Associations,Ndali,+229 53 28 66 90,organisation.culture.organisation@organisation.culture.organisation.net,,Grande (>200),B2B,LinkedIn,,Actif,2026-06-29T00:15:34.509747,moyenne
BJ-4CF2D41E,Environnement Africa,ONG & Associations,Ndali,+229 94 91 54 45,,environnementafrica.bj,TPE (<10),B2C,LinkedIn,,Actif,2026-06-29T00:15:34.509761,moyenne
BJ-AC3573A1,Association Femme Ndali,ONG & Associations,Ndali,+229 28 59 47 47,,,PME (50-200),B2B,LinkedIn,,Actif,2026-06-29T00:15:34.509785,basse
BJ-AC07B285,Association Social,ONG & Associations,Ségbana,+229 84 49 81 85,association.social@association.social.org,,TPE (<10),B2C,LinkedIn,,Actif,2026-06-29T00:15:34.509810,moyenne
BJ-0A8780D2,Association Développement,ONG & Associations,Ségbana,+229 60 65 31 52,association.développement@association.développement.net,associationdéveloppement.bj,PME (50-200),B2C,LinkedIn,,Actif,2026-06-29T00:15:34.509823,haute
BJ-F856C51E,Organisation Social,ONG & Associations,Ségbana,+229 36 81 74 92,organisation.social@organisation.social.org,organisationsocial.bj,PME (50-200),B2B,LinkedIn,,Actif,2026-06-29T00:15:34.509844,haute
BJ-A5FA8536,Société Développement Africa,ONG & Associations,Tchaourou,+229 31 57 23 61,,,PME (10-50),B2C,LinkedIn,,Actif,2026-06-29T00:15:34.509869,basse
BJ-19732FB8,Enfant Africa,ONG & Associations,Tchaourou,+229 39 16 21 13,,enfantafrica.bj,PME (10-50),B2C,LinkedIn,,Actif,2026-06-29T00:15:34.509904,moyenne
BJ-998494E7,Société Santé Bénin,ONG & Associations,Tchaourou,+229 60 38 33 85,société.santé.bénin@société.santé.bénin.net,sociétésantébénin.bj,TPE (<10),B2C,LinkedIn,,Actif,2026-06-29T00:15:34.509950,haute
BJ-D8BD9F63,Association Social,ONG & Associations,Tchaourou,+229 93 43 11 40,association.social@association.social.net,,PME (10-50),B2B,LinkedIn,,Actif,2026-06-29T00:15:34.509961,moyenne
BJ-2EA57527,Droits Association Bétérou,ONG & Associations,Bétérou,+229 99 93 88 70,droits.association.bétérou@droits.association.bétérou.org,,PME (50-200),B2C,LinkedIn,,Actif,2026-06-29T00:15:34.509980,moyenne
BJ-C1E38E51,ONG Culture,ONG & Associations,Bétérou,+229 40 50 60 20,ong.culture@ong.culture.bj,,PME (50-200),B2C,LinkedIn,,Actif,2026-06-29T00:15:34.509995,moyenne
BJ-1059179C,ONG Droits Bétérou,ONG & Associations,Bétérou,+229 90 91 69 24,ong.droits.bétérou@ong.droits.bétérou.net,,TPE (<10),B2C,LinkedIn,,Actif,2026-06-29T00:15:34.510020,moyenne
BJ-09873460,Club Environnement,ONG & Associations,Bétérou,+229 53 56 99 42,club.environnement@club.environnement.com,clubenvironnement.bj,PME (10-50),B2B,LinkedIn,,Actif,2026-06-29T00:15:34.510031,haute
BJ-B97FA073,Organisation Solidarité Association,ONG & Associations,Bétérou,+229 95 23 84 26,organisation.solidarité.association@organisation.solidarité.association.net,organisationsolidaritéassociation.bj,TPE (<10),B2C,LinkedIn,,Actif,2026-06-29T00:15:34.510043,haute
BJ-348E63F4,Fondation Jeunesse Bénin,ONG & Associations,Ouessè,+229 90 56 43 86,,fondationjeunessebénin.bj,TPE (<10),B2C,LinkedIn,,Actif,2026-06-29T00:15:34.510060,moyenne
BJ-AD1C8F8C,Société Santé Africa,ONG & Associations,Ouessè,+229 50 27 43 32,,sociétésantéafrica.bj,TPE (<10),B2C,LinkedIn,,Actif,2026-06-29T00:15:34.510074,moyenne
BJ-8E92FC4E,Sport Association,ONG & Associations,Ouessè,+229 42 61 90 32,,sportassociation.bj,TPE (<10),B2C,LinkedIn,,Actif,2026-06-29T00:15:34.510085,moyenne
BJ-FE7D9D4C,Association Éducation Ouessè,ONG & Associations,Ouessè,+229 96 91 60 35,association.éducation.ouessè@association.éducation.ouessè.bj,,PME (50-200),B2B,LinkedIn,,Actif,2026-06-29T00:15:34.510097,moyenne
BJ-8B5F54F4,Club Sport Organisation,ONG & Associations,Ouessè,+229 86 43 55 86,club.sport.organisation@club.sport.organisation.net,,TPE (<10),B2B,LinkedIn,,Actif,2026-06-29T00:15:34.510108,moyenne
BJ-A761D53B,Culture Glazoué,ONG & Associations,Glazoué,+229 24 31 61 87,culture.glazoué@culture.glazoué.org,,TPE (<10),B2C,LinkedIn,,Actif,2026-06-29T00:15:34.510124,moyenne
BJ-A9F8C96F,Fondation Social Association Glazoué,ONG & Associations,Glazoué,+229 89 59 91 59,fondation.social.association.glazoué@fondation.social.association.glazoué.org,,PME (10-50),B2B,LinkedIn,,Actif,2026-06-29T00:15:34.510147,moyenne
BJ-0D17437C,Fondation Jeunesse Organisation,ONG & Associations,Glazoué,+229 91 47 26 67,,,Grande (>200),B2B,LinkedIn,,Actif,2026-06-29T00:15:34.510156,basse
BJ-3038E9D1,Fondation Sport Glazoué,ONG & Associations,Glazoué,+229 35 43 52 97,fondation.sport.glazoué@fondation.sport.glazoué.com,,PME (10-50),B2C,LinkedIn,,Actif,2026-06-29T00:15:34.510167,moyenne
BJ-1808EBA6,Solidarité,ONG & Associations,Dassa-Zoumè,+229 31 37 71 74,solidarité@solidarité.com,,PME (10-50),B2B,LinkedIn,,Actif,2026-06-29T00:15:34.510183,moyenne
BJ-646C2C32,Société Femme Africa Dassa-Zoumè,ONG & Associations,Dassa-Zoumè,+229 37 97 32 39,,,PME (10-50),B2B,LinkedIn,,Actif,2026-06-29T00:15:34.510207,basse
BJ-24507777,Humanitaire Organisation,ONG & Associations,Dassa-Zoumè,+229 39 34 54 72,humanitaire.organisation@humanitaire.organisation.benin,,TPE (<10),B2B,LinkedIn,,Actif,2026-06-29T00:15:34.510218,moyenne
BJ-EA453DA9,Association Environnement ONG,ONG & Associations,Dassa-Zoumè,+229 24 27 45 15,association.environnement.ong@association.environnement.ong.bj,associationenvironnementong.bj,PME (10-50),B2B,LinkedIn,,Actif,2026-06-29T00:15:34.510235,haute
BJ-4E224182,Aide Fondation Savalou,ONG & Associations,Savalou,+229 64 70 69 28,aide.fondation.savalou@aide.fondation.savalou.org,,PME (10-50),B2B,LinkedIn,,Actif,2026-06-29T00:15:34.510252,moyenne
BJ-0E7BDED5,Organisation Jeunesse,ONG & Associations,Savalou,+229 40 15 50 38,organisation.jeunesse@organisation.jeunesse.bj,,TPE (<10),B2C,LinkedIn,,Actif,2026-06-29T00:15:34.510264,moyenne
BJ-D4558152,Culture,ONG & Associations,Savalou,+229 47 66 62 80,,,Grande (>200),B2B,LinkedIn,,Actif,2026-06-29T00:15:34.510273,basse
BJ-67616399,Organisation Développement ONG,ONG & Associations,Savalou,+229 35 53 31 92,,organisationdéveloppementong.bj,TPE (<10),B2B,LinkedIn,,Actif,2026-06-29T00:15:34.510302,moyenne
BJ-FF43B36F,Fondation Solidarité Fondation Bantè,ONG & Associations,Bantè,+229 21 85 69 87,fondation.solidarité.fondation.bantè@fondation.solidarité.fondation.bantè.com,,PME (50-200),B2B,LinkedIn,,Actif,2026-06-29T00:15:34.510332,moyenne
BJ-1CE669DA,Société Femme,ONG & Associations,Bantè,+229 64 52 53 88,société.femme@société.femme.bj,sociétéfemme.bj,TPE (<10),B2C,LinkedIn,,Actif,2026-06-29T00:15:34.510348,haute
BJ-887B515B,Club Santé International,ONG & Associations,Bantè,+229 70 62 85 60,club.santé.international@club.santé.international.net,,TPE (<10),B2C,LinkedIn,,Actif,2026-06-29T00:15:34.510360,moyenne
BJ-AED86B58,Droits Bénin,ONG & Associations,Bantè,+229 36 75 80 81,droits.bénin@droits.bénin.org,,PME (10-50),B2C,LinkedIn,,Actif,2026-06-29T00:15:34.510382,moyenne
BJ-78B5196F,Association Environnement Djougou,ONG & Associations,Djougou,+229 44 21 90 72,association.environnement.djougou@association.environnement.djougou.benin,,TPE (<10),B2B,LinkedIn,,Actif,2026-06-29T00:15:34.510398,moyenne
BJ-69A889FF,Société Femme,ONG & Associations,Djougou,+229 65 70 34 54,société.femme@société.femme.org,,PME (10-50),B2B,LinkedIn,,Actif,2026-06-29T00:15:34.510409,moyenne
BJ-948D010C,Enfant Association Djougou,ONG & Associations,Djougou,+229 64 12 60 56,enfant.association.djougou@enfant.association.djougou.com,,TPE (<10),B2C,LinkedIn,,Actif,2026-06-29T00:15:34.510420,moyenne
BJ-DE30C898,Fondation Sport Djougou,ONG & Associations,Djougou,+229 54 36 79 53,,fondationsportdjougou.bj,TPE (<10),B2B,LinkedIn,,Actif,2026-06-29T00:15:34.510431,moyenne
BJ-76FC0DC6,Association Social Bénin,ONG & Associations,Djougou,+229 41 74 93 52,,,PME (10-50),B2C,LinkedIn,,Actif,2026-06-29T00:15:34.510440,basse
BJ-8567C993,Jeunesse,ONG & Associations,Ouèssè,+229 41 34 65 91,jeunesse@jeunesse.com,,PME (10-50),B2B,LinkedIn,,Actif,2026-06-29T00:15:34.510510,moyenne
BJ-C104BBFE,Organisation Culture Bassila,ONG & Associations,Bassila,+229 40 18 70 75,,,PME (10-50),B2C,LinkedIn,,Actif,2026-06-29T00:15:34.510526,basse
BJ-8BCFA1A4,Aide Association,ONG & Associations,Bassila,+229 85 24 19 51,,,PME (10-50),B2C,LinkedIn,,Actif,2026-06-29T00:15:34.510535,basse
BJ-9C77DEA9,Fondation Social Fondation,ONG & Associations,Bassila,+229 76 67 12 65,fondation.social.fondation@fondation.social.fondation.benin,,TPE (<10),B2C,LinkedIn,,Actif,2026-06-29T00:15:34.510556,moyenne
BJ-77C8287F,Aide Africa,ONG & Associations,Pehunco,+229 56 69 95 55,aide.africa@aide.africa.org,,PME (10-50),B2B,LinkedIn,,Actif,2026-06-29T00:15:34.510583,moyenne
BJ-9DB08A0E,Développement Organisation,ONG & Associations,Pehunco,+229 44 33 26 93,développement.organisation@développement.organisation.benin,,PME (10-50),B2B,LinkedIn,,Actif,2026-06-29T00:15:34.510597,moyenne
BJ-1FD8969E,Organisation Environnement,ONG & Associations,Pehunco,+229 26 77 99 28,,organisationenvironnement.bj,PME (10-50),B2C,LinkedIn,,Actif,2026-06-29T00:15:34.510611,moyenne
BJ-028D006E,Société Environnement,ONG & Associations,Pehunco,+229 50 43 45 93,,sociétéenvironnement.bj,PME (50-200),B2B,LinkedIn,,Actif,2026-06-29T00:15:34.510622,moyenne
BJ-C4DF6F7D,Association Éducation Bénin,ONG & Associations,Pehunco,+229 53 74 25 46,,associationéducationbénin.bj,Grande (>200),B2B,LinkedIn,,Actif,2026-06-29T00:15:34.510633,moyenne
BJ-3150D855,Club Développement,ONG & Associations,Copargo,+229 43 47 73 55,club.développement@club.développement.com,,PME (10-50),B2B,LinkedIn,,Actif,2026-06-29T00:15:34.510650,moyenne
BJ-F6DE638E,Fondation Santé Africa,ONG & Associations,Copargo,+229 63 63 64 47,,fondationsantéafrica.bj,TPE (<10),B2B,LinkedIn,,Actif,2026-06-29T00:15:34.510661,moyenne
BJ-8B6DCAD6,Aide Copargo,ONG & Associations,Copargo,+229 79 77 60 78,,,PME (50-200),B2C,LinkedIn,,Actif,2026-06-29T00:15:34.510671,basse
BJ-0EC0B0C6,Aide,ONG & Associations,Copargo,+229 44 30 27 92,,,Grande (>200),B2C,LinkedIn,,Actif,2026-06-29T00:15:34.510690,basse
BJ-F1AE9155,BTP Location Bénin,BTP & Immobilier,Cotonou,+229 79 77 34 71,btplocation@btplocationbéni.com.bj,,TPE (<10),B2B,Google Maps,4.2,Actif,2026-06-29T00:22:54.810245,moyenne
BJ-13C5E370,SA Bâtiment Cabinet,BTP & Immobilier,Cotonou,+229 48 62 74 11,bâtimentcabinet@sabâtimentcabin.com.bj,sabâtimentcabinet.bj,Grande (>200),B2B,Google Maps,3.9,Actif,2026-06-29T00:22:54.810359,haute
BJ-1C338E57,Clôturage,BTP & Immobilier,Cotonou,+229 29 20 27 29,clôturage@clôturage.org.bj,clôturage.bj,PME (10-50),B2B,Google Maps,5.0,Actif,2026-06-29T00:22:54.810420,haute
BJ-8FED33C1,Construction Maçonnerie International,BTP & Immobilier,Cotonou,+229 84 53 88 27,constructionmaçonnerie@outlook.com,,TPE (<10),B2C,Google Maps,4.8,Actif,2026-06-29T00:22:54.810461,moyenne
BJ-EAE7E060,Ets Maison,BTP & Immobilier,Cotonou,+229 96 69 96 24,ets.maison@yahoo.com,etsmaison.bj,TPE (<10),B2C,Google Maps,3.4,Actif,2026-06-29T00:22:54.810498,haute
BJ-4ED9CD37,Construction,BTP & Immobilier,Abomey-Calavi,+229 80 78 97 93,construction@gmail.com,construction.bj,PME (10-50),B2C,Google Maps,4.4,Actif,2026-06-29T00:22:54.810551,haute
BJ-960FA3A8,SO Urbanisme,BTP & Immobilier,Abomey-Calavi,+229 34 13 71 38,urbanisme@sourbanisme.bj,sourbanisme.bj,TPE (<10),B2C,Google Maps,3.4,Actif,2026-06-29T00:22:54.810586,haute
BJ-05D426D9,Copropriété Bâtiments,BTP & Immobilier,Abomey-Calavi,+229 20 36 27 85,c.bâtiments@copropriétébâti.org.bj,,PME (50-200),B2B,Google Maps,3.3,Actif,2026-06-29T00:22:54.810622,moyenne
BJ-7F026D4F,Béton Construction,BTP & Immobilier,Abomey-Calavi,+229 22 71 64 92,béton_construction@bétonconstructi.com.bj,bétonconstruction.bj,TPE (<10),B2B,Google Maps,3.4,Actif,2026-06-29T00:22:54.810654,haute
BJ-E13B3CF3,Structure SARL,BTP & Immobilier,Abomey-Calavi,+229 31 21 45 34,,structuresarl.bj,TPE (<10),B2C,Google Maps,3.3,Actif,2026-06-29T00:22:54.810686,moyenne
BJ-5064C32A,Cabinet Clôturage,BTP & Immobilier,Porto-Novo,+229 73 66 88 57,cabinetclôturage@cabinetclôturag.com.bj,cabinetclôturage.bj,TPE (<10),B2C,Google Maps,4.3,Actif,2026-06-29T00:22:54.810738,haute
BJ-09D879E0,BTP Maçonnerie Ets,BTP & Immobilier,Porto-Novo,+229 70 83 73 79,btp.maçonnerie@gmail.com,,PME (10-50),B2B,Google Maps,4.8,Actif,2026-06-29T00:22:54.810771,moyenne
BJ-4BFB1024,Plomberie,BTP & Immobilier,Porto-Novo,+229 63 90 73 50,plomberie@plomberie.com.bj,,PME (50-200),B2C,Google Maps,5.0,Actif,2026-06-29T00:22:54.810810,moyenne
BJ-2E9EA537,SA Menuiserie Habitat Porto-Novo,BTP & Immobilier,Porto-Novo,+229 25 70 36 45,menuiserie.habitat@outlook.com,,PME (50-200),B2C,Google Maps,3.9,Actif,2026-06-29T00:22:54.810851,moyenne
BJ-F73159A6,Construction Isolation Bénin,BTP & Immobilier,Porto-Novo,+229 80 52 25 30,construction.isolation@hotmail.com,,TPE (<10),B2C,Google Maps,3.7,Actif,2026-06-29T00:22:54.810882,moyenne
BJ-8927E596,Réhabilitation International,BTP & Immobilier,Parakou,+229 49 99 63 98,,réhabilitationinternational.bj,PME (10-50),B2C,Google Maps,3.5,Actif,2026-06-29T00:22:54.810958,moyenne
BJ-3409F524,Copropriété International,BTP & Immobilier,Parakou,+229 61 10 79 50,copropriété.international@outlook.com,copropriétéinternational.bj,PME (10-50),B2C,Google Maps,3.8,Actif,2026-06-29T00:22:54.811003,haute
BJ-0F77D44D,Copropriété,BTP & Immobilier,Parakou,+229 69 49 40 51,copropriété@copropriété.org.bj,copropriété.bj,PME (10-50),B2C,Google Maps,4.3,Actif,2026-06-29T00:22:54.811039,haute
BJ-259ED16D,SO Location Construction,BTP & Immobilier,Parakou,+229 70 17 20 84,locationconstruction@solocationconst.org.bj,,PME (50-200),B2C,Google Maps,3.3,Actif,2026-06-29T00:22:54.811070,moyenne
BJ-C4D0D76D,Promotion,BTP & Immobilier,Parakou,+229 95 57 51 23,,,TPE (<10),B2B,Google Maps,4.2,Actif,2026-06-29T00:22:54.811102,basse
BJ-55F1ED00,Voirie,BTP & Immobilier,Bohicon,+229 44 76 43 24,voirie@voirie.org.bj,voirie.bj,PME (10-50),B2C,Google Maps,4.1,Actif,2026-06-29T00:22:54.811149,haute
BJ-7C61BF42,Clôturage,BTP & Immobilier,Bohicon,+229 77 16 84 44,clôturage@outlook.com,,TPE (<10),B2B,Google Maps,3.5,Actif,2026-06-29T00:22:54.811192,moyenne
BJ-E820DE6C,Promotion Menuiserie,BTP & Immobilier,Bohicon,+229 27 40 64 84,promotionmenuiserie@yahoo.fr,,TPE (<10),B2B,Google Maps,3.8,Actif,2026-06-29T00:22:54.811238,moyenne
BJ-781F0B69,SARL Syndic SARL,BTP & Immobilier,Bohicon,+229 23 80 97 27,sarl.syndic@yahoo.com,,Grande (>200),B2C,Google Maps,4.7,Actif,2026-06-29T00:22:54.811274,moyenne
BJ-8D31EA43,BTP Urbanisme Bâtiments Bohicon,BTP & Immobilier,Bohicon,+229 26 31 70 60,btpurbanisme@gmail.com,,TPE (<10),B2C,Google Maps,5.0,Actif,2026-06-29T00:22:54.811306,moyenne
BJ-C51E8BAE,Construction Copropriété Natitingou,BTP & Immobilier,Natitingou,+229 20 67 95 51,constructioncopropriété@constructioncop.org.bj,,PME (10-50),B2C,Google Maps,3.2,Actif,2026-06-29T00:22:54.811362,moyenne
BJ-13C461EA,SO Ferronnerie Natitingou,BTP & Immobilier,Natitingou,+229 86 64 36 55,,,Grande (>200),B2B,Google Maps,4.7,Actif,2026-06-29T00:22:54.811386,basse
BJ-E1578D34,Aménagement Construction,BTP & Immobilier,Natitingou,+229 32 16 75 54,aménagementconstruction@aménagementcons.com.bj,,PME (50-200),B2C,Google Maps,3.3,Actif,2026-06-29T00:22:54.811408,moyenne
BJ-A144611F,SO Clôturage Natitingou,BTP & Immobilier,Natitingou,+229 72 69 75 87,clôturage.natitingou@yahoo.fr,soclôturagenatitingou.bj,PME (50-200),B2C,Google Maps,3.8,Actif,2026-06-29T00:22:54.811454,haute
BJ-8F2748EC,Construction Habitat,BTP & Immobilier,Lokossa,+229 78 50 60 86,,constructionhabitat.bj,PME (10-50),B2B,Google Maps,3.8,Actif,2026-06-29T00:22:54.811483,moyenne
BJ-856D9766,Construction Ferronnerie Groupe Lokossa,BTP & Immobilier,Lokossa,+229 57 48 48 70,c.ferronnerie@constructionfer.com.bj,constructionferronneriegroupelokossa.bj,PME (10-50),B2B,Google Maps,4.0,Actif,2026-06-29T00:22:54.811504,haute
BJ-D5E5F74E,Promotion Urbanisme Lokossa,BTP & Immobilier,Lokossa,+229 46 31 15 19,promotionurbanisme@yahoo.com,promotionurbanismelokossa.bj,TPE (<10),B2C,Google Maps,3.7,Actif,2026-06-29T00:22:54.811527,haute
BJ-5C984C05,Électricité Africa,BTP & Immobilier,Lokossa,+229 38 62 25 72,,,PME (10-50),B2C,Google Maps,4.1,Actif,2026-06-29T00:22:54.811541,basse
BJ-6AA5D2BB,SO Architecte,BTP & Immobilier,Lokossa,+229 37 50 12 21,architecte@soarchitecte.org.bj,soarchitecte.bj,TPE (<10),B2B,Google Maps,3.6,Actif,2026-06-29T00:22:54.811559,haute
BJ-E3CEBDD2,Gestion Solutions,BTP & Immobilier,Ouidah,+229 64 75 24 38,gestionsolutions@gmail.com,,TPE (<10),B2B,Google Maps,3.4,Actif,2026-06-29T00:22:54.811584,moyenne
BJ-3050891E,Cabinet Syndic,BTP & Immobilier,Ouidah,+229 60 78 47 98,,cabinetsyndic.bj,TPE (<10),B2C,Google Maps,4.8,Actif,2026-06-29T00:22:54.811598,moyenne
BJ-3F77B5BF,Syndic Ouidah,BTP & Immobilier,Ouidah,+229 74 92 11 32,syndic.ouidah@syndicouidah.org.bj,,Grande (>200),B2B,Google Maps,3.8,Actif,2026-06-29T00:22:54.811616,moyenne
BJ-DAB5D261,Promotion Architecte,BTP & Immobilier,Ouidah,+229 53 71 95 75,,promotionarchitecte.bj,PME (10-50),B2C,Google Maps,4.0,Actif,2026-06-29T00:22:54.811629,moyenne
BJ-729EBAD0,SCI Aménagement,BTP & Immobilier,Ouidah,+229 48 91 49 89,sciaménagement@hotmail.com,,TPE (<10),B2B,Google Maps,3.8,Actif,2026-06-29T00:22:54.811648,moyenne
BJ-99E8F28F,SA Rénovation Cabinet,BTP & Immobilier,Savalou,+229 27 65 37 41,r.cabinet@sarénovationcab.bj,sarénovationcabinet.bj,PME (10-50),B2C,Google Maps,4.7,Actif,2026-06-29T00:22:54.811676,haute
BJ-B29ABA90,Promotion Terrassement Services,BTP & Immobilier,Savalou,+229 96 33 96 47,promotion.terrassement@promotionterras.bj,,TPE (<10),B2B,Google Maps,5.0,Actif,2026-06-29T00:22:54.811694,moyenne
BJ-2835B99D,Travaux Savalou,BTP & Immobilier,Savalou,+229 86 75 83 47,t.savalou@outlook.com,,Grande (>200),B2C,Google Maps,3.9,Actif,2026-06-29T00:22:54.811732,moyenne
BJ-6F365069,Groupe Béton Ets,BTP & Immobilier,Savalou,+229 89 37 98 33,,groupebétonets.bj,TPE (<10),B2C,Google Maps,4.2,Actif,2026-06-29T00:22:54.811746,moyenne
BJ-530DBD69,Groupe Ferronnerie Services,BTP & Immobilier,Dassa-Zoumè,+229 74 61 19 31,,groupeferronnerieservices.bj,PME (50-200),B2B,Google Maps,3.1,Actif,2026-06-29T00:22:54.811787,moyenne
BJ-E29E658B,Architecte,BTP & Immobilier,Dassa-Zoumè,+229 31 24 92 49,architecte@architecte.org.bj,,PME (10-50),B2C,Google Maps,4.4,Actif,2026-06-29T00:22:54.811802,moyenne
BJ-DFC6FEDA,SO Bâtiment International,BTP & Immobilier,Dassa-Zoumè,+229 97 15 45 16,b.international@sobâtimentinter.org.bj,sobâtimentinternational.bj,TPE (<10),B2C,Google Maps,5.0,Actif,2026-06-29T00:22:54.811822,haute
BJ-E6D32782,Peinture Cabinet Dassa-Zoumè,BTP & Immobilier,Dassa-Zoumè,+229 36 12 68 64,peinture.cabinet@peinturecabinet.bj,,TPE (<10),B2B,Google Maps,4.2,Actif,2026-06-29T00:22:54.811842,moyenne
BJ-F5E44115,Ferronnerie Bâtiments Kétou,BTP & Immobilier,Kétou,+229 48 36 27 19,,ferronneriebâtimentskétou.bj,PME (50-200),B2C,Google Maps,4.8,Actif,2026-06-29T00:22:54.811865,moyenne
BJ-4652AE8F,SO Habitat Kétou,BTP & Immobilier,Kétou,+229 97 38 40 40,habitatkétou@sohabitatkétou.com.bj,sohabitatkétou.bj,PME (10-50),B2B,Google Maps,3.7,Actif,2026-06-29T00:22:54.811885,haute
BJ-3D06F4C7,Construction Réhabilitation Kétou,BTP & Immobilier,Kétou,+229 27 50 20 24,,,PME (50-200),B2C,Google Maps,4.5,Actif,2026-06-29T00:22:54.811936,basse
BJ-ACB403AC,Béton Bénin,BTP & Immobilier,Kétou,+229 50 68 29 35,béton.bénin@yahoo.com,,TPE (<10),B2B,Google Maps,3.7,Actif,2026-06-29T00:22:54.811965,moyenne
BJ-51A85022,Location,BTP & Immobilier,Covè,+229 55 40 31 80,location@hotmail.com,,PME (10-50),B2C,Google Maps,3.7,Actif,2026-06-29T00:22:54.812001,moyenne
BJ-A2D9B9C8,Groupe Copropriété Covè,BTP & Immobilier,Covè,+229 50 87 23 42,groupecopropriété@groupecoproprié.bj,groupecopropriétécovè.bj,PME (50-200),B2C,Google Maps,3.0,Actif,2026-06-29T00:22:54.812023,haute
BJ-6BE8F51F,Ingénierie Covè,BTP & Immobilier,Covè,+229 51 66 79 13,ingénieriecovè@ingénieriecovè.com.bj,ingénieriecovè.bj,Grande (>200),B2B,Google Maps,4.3,Actif,2026-06-29T00:22:54.812044,haute
BJ-3BAFEA9C,Construction Rénovation Covè,BTP & Immobilier,Covè,+229 86 40 56 61,,,TPE (<10),B2C,Google Maps,4.9,Actif,2026-06-29T00:22:54.812058,basse
BJ-510129ED,Copropriété,BTP & Immobilier,Covè,+229 82 59 22 38,,,TPE (<10),B2B,Google Maps,3.9,Actif,2026-06-29T00:22:54.812070,basse
BJ-C1F69F16,Location SA Pobè,BTP & Immobilier,Pobè,+229 40 48 22 49,l.pobè@locationsapobè.com.bj,locationsapobè.bj,PME (10-50),B2B,Google Maps,4.0,Actif,2026-06-29T00:22:54.812096,haute
BJ-B82A099D,Béton Groupe,BTP & Immobilier,Pobè,+229 68 78 36 66,bétongroupe@outlook.com,bétongroupe.bj,Grande (>200),B2B,Google Maps,3.1,Actif,2026-06-29T00:22:54.812115,haute
BJ-B6F62C91,Construction Peinture SA,BTP & Immobilier,Pobè,+229 28 36 58 41,constructionpeinture@constructionpei.bj,,TPE (<10),B2B,Google Maps,3.1,Actif,2026-06-29T00:22:54.812138,moyenne
BJ-2E01E237,SA Menuiserie Pobè,BTP & Immobilier,Pobè,+229 86 57 15 33,,,PME (50-200),B2B,Google Maps,3.7,Actif,2026-06-29T00:22:54.812154,basse
BJ-8AFBC6A4,Aménagement,BTP & Immobilier,Pobè,+229 62 74 54 75,,,Grande (>200),B2C,Google Maps,3.8,Actif,2026-06-29T00:22:54.812167,basse
BJ-D6F06F9D,Cabinet Réhabilitation SA Sakété,BTP & Immobilier,Sakété,+229 36 46 95 20,cabinet.réhabilitation@gmail.com,cabinetréhabilitationsasakété.bj,PME (50-200),B2C,Google Maps,3.4,Actif,2026-06-29T00:22:54.812200,haute
BJ-F77758A5,Rénovation,BTP & Immobilier,Sakété,+229 88 23 12 76,rénovation@outlook.com,rénovation.bj,TPE (<10),B2B,Google Maps,3.0,Actif,2026-06-29T00:22:54.812217,haute
BJ-C6277A67,Promotion Aménagement,BTP & Immobilier,Sakété,+229 84 43 72 60,promotionaménagement@gmail.com,promotionaménagement.bj,TPE (<10),B2B,Google Maps,4.7,Actif,2026-06-29T00:22:54.812236,haute
BJ-C831F923,Gestion SARL Sakété,BTP & Immobilier,Sakété,+229 43 12 21 65,gestionsarl@outlook.com,gestionsarlsakété.bj,PME (10-50),B2B,Google Maps,3.1,Actif,2026-06-29T00:22:54.812255,haute
BJ-F98E136A,Groupe Gestion Services,BTP & Immobilier,Sakété,+229 81 10 93 39,,groupegestionservices.bj,PME (10-50),B2C,Google Maps,4.5,Actif,2026-06-29T00:22:54.812269,moyenne
BJ-743D866D,Clôturage Groupe,BTP & Immobilier,Adjara,+229 41 72 92 41,clôturage_groupe@clôturagegroupe.bj,clôturagegroupe.bj,Grande (>200),B2C,Google Maps,5.0,Actif,2026-06-29T00:22:54.812294,haute
BJ-8142B661,Gestion Adjara,BTP & Immobilier,Adjara,+229 84 98 58 84,,gestionadjara.bj,TPE (<10),B2B,Google Maps,4.6,Actif,2026-06-29T00:22:54.812308,moyenne
BJ-E8590326,SO Gestion Habitat,BTP & Immobilier,Adjara,+229 51 11 47 49,,sogestionhabitat.bj,Grande (>200),B2C,Google Maps,3.1,Actif,2026-06-29T00:22:54.812326,moyenne
BJ-EB2CE4AE,Cabinet Voirie,BTP & Immobilier,Adjara,+229 79 63 75 79,cabinet_voirie@cabinetvoirie.com.bj,,PME (10-50),B2C,Google Maps,4.6,Actif,2026-06-29T00:22:54.812343,moyenne
BJ-CA6D8C4F,Rénovation Bâtiments,BTP & Immobilier,Adjara,+229 40 93 31 93,,rénovationbâtiments.bj,PME (10-50),B2C,Google Maps,3.6,Actif,2026-06-29T00:22:54.812357,moyenne
BJ-D5E7A41F,Promotion Habitat,BTP & Immobilier,Allada,+229 48 16 63 40,p.habitat@promotionhabita.org.bj,,TPE (<10),B2C,Google Maps,4.7,Actif,2026-06-29T00:22:54.812382,moyenne
BJ-C1593BB3,Électricité Construction,BTP & Immobilier,Allada,+229 22 17 86 44,électricité.construction@gmail.com,,TPE (<10),B2B,Google Maps,4.6,Actif,2026-06-29T00:22:54.812405,moyenne
BJ-027853B7,Ets Travaux,BTP & Immobilier,Allada,+229 35 59 11 12,etstravaux@gmail.com,,Grande (>200),B2B,Google Maps,4.5,Actif,2026-06-29T00:22:54.812422,moyenne
BJ-A1F493A5,Structure Habitat,BTP & Immobilier,Allada,+229 29 39 13 11,structure_habitat@structurehabita.bj,,PME (10-50),B2B,Google Maps,4.2,Actif,2026-06-29T00:22:54.812441,moyenne
BJ-D0806B85,Ets Isolation,BTP & Immobilier,Allada,+229 82 91 66 73,ets.isolation@etsisolation.org.bj,,TPE (<10),B2C,Google Maps,3.9,Actif,2026-06-29T00:22:54.812462,moyenne
BJ-7E4777ED,Aménagement Bénin,BTP & Immobilier,Aplahoué,+229 98 25 54 52,aménagementbénin@hotmail.com,,PME (10-50),B2C,Google Maps,3.2,Actif,2026-06-29T00:22:54.812489,moyenne
BJ-0AB93143,Construction Location,BTP & Immobilier,Aplahoué,+229 50 67 79 35,c.location@hotmail.com,,PME (10-50),B2C,Google Maps,3.4,Actif,2026-06-29T00:22:54.812506,moyenne
BJ-9AEEA08A,Promotion Travaux Solutions,BTP & Immobilier,Aplahoué,+229 74 17 40 27,promotion_travaux@promotiontravau.com.bj,,TPE (<10),B2C,Google Maps,3.8,Actif,2026-06-29T00:22:54.812534,moyenne
BJ-8C1F4074,Ets Menuiserie,BTP & Immobilier,Aplahoué,+229 31 35 49 74,ets.menuiserie@etsmenuiserie.com.bj,etsmenuiserie.bj,PME (10-50),B2B,Google Maps,3.3,Actif,2026-06-29T00:22:54.812554,haute
BJ-72F11FB7,SO Électricité Africa,BTP & Immobilier,Aplahoué,+229 41 83 37 54,électricité.africa@soélectricitéaf.bj,,TPE (<10),B2C,Google Maps,4.5,Actif,2026-06-29T00:22:54.812574,moyenne
BJ-ECDFF0D2,SO Rénovation SARL,BTP & Immobilier,Dogbo-Tota,+229 60 50 38 21,r.sarl@sorénovationsar.com.bj,sorénovationsarl.bj,TPE (<10),B2C,Google Maps,3.9,Actif,2026-06-29T00:22:54.812601,haute
BJ-51C35E14,Ets Béton Dogbo-Tota,BTP & Immobilier,Dogbo-Tota,+229 86 36 17 84,etsbéton@etsbétondogboto.org.bj,etsbétondogbotota.bj,PME (10-50),B2B,Google Maps,4.9,Actif,2026-06-29T00:22:54.812623,haute
BJ-0DFE4C09,Ets Promotion Ets,BTP & Immobilier,Dogbo-Tota,+229 22 99 54 90,,,PME (50-200),B2C,Google Maps,3.9,Actif,2026-06-29T00:22:54.812637,basse
BJ-94C6D81D,Toiture Dogbo-Tota,BTP & Immobilier,Dogbo-Tota,+229 68 65 14 42,toiture.dogbo@toituredogbotot.com.bj,,Grande (>200),B2B,Google Maps,3.3,Actif,2026-06-29T00:22:54.812655,moyenne
BJ-B8C66E0A,Ets Réhabilitation,BTP & Immobilier,Dogbo-Tota,+229 51 70 15 87,ets.réhabilitation@yahoo.fr,etsréhabilitation.bj,PME (10-50),B2C,Google Maps,4.0,Actif,2026-06-29T00:22:54.812673,haute
BJ-67FAF45F,Menuiserie Bâtiments,BTP & Immobilier,Kpomassè,+229 65 18 79 83,menuiserie.bâtiments@gmail.com,,PME (10-50),B2B,Google Maps,3.8,Actif,2026-06-29T00:22:54.812698,moyenne
BJ-67C7B810,Promotion Ingénierie,BTP & Immobilier,Kpomassè,+229 56 17 55 55,promotioningénierie@yahoo.com,promotioningénierie.bj,PME (10-50),B2B,Google Maps,3.4,Actif,2026-06-29T00:22:54.812716,haute
BJ-DC8A3F71,SO Copropriété,BTP & Immobilier,Kpomassè,+229 20 93 41 67,copropriété@socopropriété.com.bj,,PME (50-200),B2B,Google Maps,4.0,Actif,2026-06-29T00:22:54.812737,moyenne
BJ-B0B947DB,BTP Location Habitat,BTP & Immobilier,Kpomassè,+229 37 75 25 56,b.location@btplocationhabi.com.bj,btplocationhabitat.bj,TPE (<10),B2C,Google Maps,4.1,Actif,2026-06-29T00:22:54.812757,haute
BJ-E2245A51,Isolation Bâtiments Kpomassè,BTP & Immobilier,Kpomassè,+229 20 65 34 62,isolation.bâtiments@hotmail.com,,TPE (<10),B2B,Google Maps,3.9,Actif,2026-06-29T00:22:54.812781,moyenne
BJ-1EBC8C8D,Peinture,BTP & Immobilier,Tori-Bossito,+229 51 14 47 55,peinture@hotmail.com,peinture.bj,PME (10-50),B2B,Google Maps,3.5,Actif,2026-06-29T00:22:54.812805,haute
BJ-D381DD0F,Cabinet Architecte,BTP & Immobilier,Tori-Bossito,+229 66 62 40 17,,cabinetarchitecte.bj,PME (10-50),B2C,Google Maps,4.5,Actif,2026-06-29T00:22:54.812818,moyenne
BJ-331BD161,Promotion Habitat,BTP & Immobilier,Tori-Bossito,+229 22 38 26 68,promotion.habitat@gmail.com,promotionhabitat.bj,Grande (>200),B2B,Google Maps,3.1,Actif,2026-06-29T00:22:54.812838,haute
BJ-DB23460A,Cabinet Voirie Promotion,BTP & Immobilier,Tori-Bossito,+229 59 94 57 79,c.voirie@cabinetvoiriepr.com.bj,,TPE (<10),B2B,Google Maps,4.1,Actif,2026-06-29T00:22:54.812855,moyenne
BJ-B872A472,Ingénierie Africa Tori-Bossito,BTP & Immobilier,Tori-Bossito,+229 73 75 42 62,,ingénierieafricatoribossito.bj,Grande (>200),B2C,Google Maps,4.9,Actif,2026-06-29T00:22:54.812870,moyenne
BJ-9E29DAB4,SO Béton Cabinet Grand-Popo,BTP & Immobilier,Grand-Popo,+229 31 74 53 83,,,TPE (<10),B2C,Google Maps,3.3,Actif,2026-06-29T00:22:54.812919,basse
BJ-90A11622,Plomberie Services,BTP & Immobilier,Grand-Popo,+229 95 16 60 25,p.services@plomberieservic.com.bj,plomberieservices.bj,PME (50-200),B2C,Google Maps,4.9,Actif,2026-06-29T00:22:54.812940,haute
BJ-651A75FD,Structure Cabinet,BTP & Immobilier,Grand-Popo,+229 52 98 23 31,s.cabinet@yahoo.com,,PME (50-200),B2C,Google Maps,3.1,Actif,2026-06-29T00:22:54.812960,moyenne
BJ-9DDD5C97,SCI Rénovation Grand-Popo,BTP & Immobilier,Grand-Popo,+229 87 68 68 12,,scirénovationgrandpopo.bj,TPE (<10),B2B,Google Maps,4.4,Actif,2026-06-29T00:22:54.812978,moyenne
BJ-487B49D4,Cabinet Rénovation,BTP & Immobilier,Grand-Popo,+229 42 43 66 30,c.rénovation@hotmail.com,cabinetrénovation.bj,TPE (<10),B2C,Google Maps,3.2,Actif,2026-06-29T00:22:54.812996,haute
BJ-61633BAF,Promotion Maçonnerie,BTP & Immobilier,Athiémé,+229 50 29 33 95,promotion.maçonnerie@gmail.com,promotionmaçonnerie.bj,Grande (>200),B2B,Google Maps,4.6,Actif,2026-06-29T00:22:54.813021,haute
BJ-4D92A373,Ingénierie Africa,BTP & Immobilier,Athiémé,+229 98 54 86 69,,ingénierieafrica.bj,TPE (<10),B2C,Google Maps,3.2,Actif,2026-06-29T00:22:54.813035,moyenne
BJ-BC06F914,BTP Réhabilitation Construction,BTP & Immobilier,Athiémé,+229 61 30 58 92,btp.réhabilitation@btpréhabilitati.org.bj,btpréhabilitationconstruction.bj,PME (50-200),B2C,Google Maps,4.7,Actif,2026-06-29T00:22:54.813054,haute
BJ-6759A093,Cabinet Urbanisme Habitat,BTP & Immobilier,Athiémé,+229 43 66 10 66,cabinet_urbanisme@yahoo.com,cabineturbanismehabitat.bj,TPE (<10),B2B,Google Maps,4.5,Actif,2026-06-29T00:22:54.813073,haute
BJ-992021F2,Menuiserie Habitat,BTP & Immobilier,Athiémé,+229 52 34 40 92,,menuiseriehabitat.bj,TPE (<10),B2C,Google Maps,4.7,Actif,2026-06-29T00:22:54.813086,moyenne
BJ-577531FD,Aménagement,BTP & Immobilier,Bopa,+229 30 69 95 71,aménagement@hotmail.com,,PME (10-50),B2B,Google Maps,4.1,Actif,2026-06-29T00:22:54.813109,moyenne
BJ-42335643,Immobilier Bopa,BTP & Immobilier,Bopa,+229 39 66 38 83,immobilier.bopa@immobilierbopa.com.bj,immobilierbopa.bj,TPE (<10),B2B,Google Maps,4.0,Actif,2026-06-29T00:22:54.813127,haute
BJ-C3D4B8A2,Construction Voirie Bâtiments,BTP & Immobilier,Bopa,+229 76 46 84 63,construction.voirie@yahoo.com,constructionvoiriebâtiments.bj,TPE (<10),B2C,Google Maps,5.0,Actif,2026-06-29T00:22:54.813148,haute
BJ-D7B26C49,SARL Architecte,BTP & Immobilier,Bopa,+229 60 41 16 36,sarl.architecte@sarlarchitecte.org.bj,,PME (10-50),B2B,Google Maps,4.3,Actif,2026-06-29T00:22:54.813169,moyenne
BJ-5DE95680,SCI Gestion SA,BTP & Immobilier,Bopa,+229 50 98 51 65,,scigestionsa.bj,PME (10-50),B2C,Google Maps,3.8,Actif,2026-06-29T00:22:54.813183,moyenne
BJ-F5E7A6A0,SCI Fondation Houéyogbé,BTP & Immobilier,Houéyogbé,+229 20 96 25 78,scifondation@scifondationhou.com.bj,scifondationhouéyogbé.bj,Grande (>200),B2B,Google Maps,3.7,Actif,2026-06-29T00:22:54.813213,haute
BJ-8E1ECAB9,Cabinet Immobilier SA,BTP & Immobilier,Houéyogbé,+229 38 44 38 44,c.immobilier@cabinetimmobili.com.bj,cabinetimmobiliersa.bj,PME (10-50),B2B,Google Maps,3.1,Actif,2026-06-29T00:22:54.813233,haute
BJ-4EF02D24,SO Location Bénin Houéyogbé,BTP & Immobilier,Houéyogbé,+229 35 45 47 30,l.bénin@hotmail.com,,PME (10-50),B2B,Google Maps,4.5,Actif,2026-06-29T00:22:54.813251,moyenne
BJ-26BA2EDE,Ets Structure Africa,BTP & Immobilier,Houéyogbé,+229 65 88 37 19,etsstructure@hotmail.com,etsstructureafrica.bj,TPE (<10),B2C,Google Maps,4.6,Actif,2026-06-29T00:22:54.813268,haute
BJ-D993B9F1,Copropriété SARL,BTP & Immobilier,Houéyogbé,+229 94 96 86 29,,copropriétésarl.bj,PME (50-200),B2C,Google Maps,4.3,Actif,2026-06-29T00:22:54.813283,moyenne
BJ-F768B936,Électricité,BTP & Immobilier,Malanville,+229 64 79 20 52,électricité@outlook.com,,PME (10-50),B2B,Google Maps,3.2,Actif,2026-06-29T00:22:54.813306,moyenne
BJ-7073ACFE,Électricité Habitat,BTP & Immobilier,Malanville,+229 62 24 19 73,électricité.habitat@gmail.com,,PME (10-50),B2B,Google Maps,3.7,Actif,2026-06-29T00:22:54.813324,moyenne
BJ-962AAF42,SCI Gestion Malanville,BTP & Immobilier,Malanville,+229 71 83 38 71,sci.gestion@hotmail.com,scigestionmalanville.bj,TPE (<10),B2B,Google Maps,3.3,Actif,2026-06-29T00:22:54.813354,haute
BJ-70D957B3,Promotion Aménagement Malanville,BTP & Immobilier,Malanville,+229 95 21 61 67,promotion.aménagement@promotionaménag.com.bj,,TPE (<10),B2B,Google Maps,4.7,Actif,2026-06-29T00:22:54.813393,moyenne
BJ-337C59D3,Gestion Groupe,BTP & Immobilier,Malanville,+229 36 76 97 91,gestiongroupe@hotmail.com,,TPE (<10),B2C,Google Maps,3.5,Actif,2026-06-29T00:22:54.813413,moyenne
BJ-A30C2A10,Copropriété Habitat Kandi,BTP & Immobilier,Kandi,+229 35 39 70 69,copropriétéhabitat@hotmail.com,,PME (50-200),B2B,Google Maps,3.8,Actif,2026-06-29T00:22:54.813439,moyenne
BJ-09FC302D,Cabinet Location,BTP & Immobilier,Kandi,+229 29 64 55 53,cabinet.location@cabinetlocation.bj,cabinetlocation.bj,TPE (<10),B2C,Google Maps,3.7,Actif,2026-06-29T00:22:54.813458,haute
BJ-896DC6DC,Ets Architecte,BTP & Immobilier,Kandi,+229 44 47 55 28,ets.architecte@yahoo.com,,TPE (<10),B2C,Google Maps,3.2,Actif,2026-06-29T00:22:54.813475,moyenne
BJ-E94818E8,Copropriété Cabinet,BTP & Immobilier,Kandi,+229 43 20 45 33,copropriété.cabinet@outlook.com,copropriétécabinet.bj,TPE (<10),B2C,Google Maps,3.9,Actif,2026-06-29T00:22:54.813493,haute
BJ-AFCAF809,SA Ferronnerie Kandi,BTP & Immobilier,Kandi,+229 83 25 37 14,ferronneriekandi@yahoo.com,saferronneriekandi.bj,PME (50-200),B2B,Google Maps,3.4,Actif,2026-06-29T00:22:54.813515,haute
BJ-67508ABA,Groupe Maçonnerie Banikoara,BTP & Immobilier,Banikoara,+229 33 40 91 10,g.maçonnerie@groupemaçonneri.org.bj,groupemaçonneriebanikoara.bj,TPE (<10),B2B,Google Maps,3.0,Actif,2026-06-29T00:22:54.813542,haute
BJ-C31C561D,SO Peinture SARL,BTP & Immobilier,Banikoara,+229 97 43 49 47,p.sarl@yahoo.com,sopeinturesarl.bj,PME (10-50),B2C,Google Maps,4.4,Actif,2026-06-29T00:22:54.813560,haute
BJ-BB34344A,Travaux SA,BTP & Immobilier,Banikoara,+229 94 38 49 55,travaux@yahoo.com,travauxsa.bj,PME (50-200),B2B,Google Maps,4.7,Actif,2026-06-29T00:22:54.813597,haute
BJ-3AF33FD2,Architecte Solutions,BTP & Immobilier,Banikoara,+229 49 21 53 63,a.solutions@gmail.com,architectesolutions.bj,Grande (>200),B2C,Google Maps,3.5,Actif,2026-06-29T00:22:54.813613,haute
BJ-8B132D1F,SARL Location,BTP & Immobilier,Ségbana,+229 84 12 97 89,,,TPE (<10),B2C,Google Maps,3.7,Actif,2026-06-29T00:22:54.813633,basse
BJ-EE5C4166,Fondation Ets Ségbana,BTP & Immobilier,Ségbana,+229 62 38 34 57,,fondationetsségbana.bj,PME (10-50),B2C,Google Maps,5.0,Actif,2026-06-29T00:22:54.813663,moyenne
BJ-D7EFB8D8,Électricité Bâtiments,BTP & Immobilier,Ségbana,+229 35 12 14 46,électricité_bâtiments@yahoo.com,électricitébâtiments.bj,PME (50-200),B2C,Google Maps,3.9,Actif,2026-06-29T00:22:54.813681,haute
BJ-69634FA5,Ets Gestion Groupe,BTP & Immobilier,Ségbana,+229 66 40 92 55,,,PME (10-50),B2B,Google Maps,4.7,Actif,2026-06-29T00:22:54.813694,basse
BJ-F0813617,SO Maçonnerie,BTP & Immobilier,Karimama,+229 88 61 54 86,,somaçonnerie.bj,PME (50-200),B2C,Google Maps,3.8,Actif,2026-06-29T00:22:54.813714,moyenne
BJ-02075D74,Groupe Construction Solutions Karimama,BTP & Immobilier,Karimama,+229 47 86 69 44,,groupeconstructionsolutionskarimama.bj,PME (10-50),B2C,Google Maps,3.9,Actif,2026-06-29T00:22:54.813728,moyenne
BJ-9DDCEA65,Clôturage Promotion,BTP & Immobilier,Karimama,+229 78 38 80 72,c.promotion@clôturagepromot.com.bj,clôturagepromotion.bj,PME (10-50),B2B,Google Maps,3.5,Actif,2026-06-29T00:22:54.813750,haute
BJ-5C35169E,SCI Urbanisme Promotion,BTP & Immobilier,Karimama,+229 72 38 16 83,s.urbanisme@sciurbanismepro.org.bj,,PME (10-50),B2B,Google Maps,4.1,Actif,2026-06-29T00:22:54.813773,moyenne
BJ-74D7F177,Travaux Africa Karimama,BTP & Immobilier,Karimama,+229 50 17 89 29,travaux.africa@travauxafricaka.com.bj,travauxafricakarimama.bj,Grande (>200),B2C,Google Maps,4.0,Actif,2026-06-29T00:22:54.813791,haute
BJ-8CB47E58,Groupe Clôturage Gogounou,BTP & Immobilier,Gogounou,+229 64 99 96 36,groupe.clôturage@groupeclôturage.com.bj,,PME (10-50),B2C,Google Maps,3.9,Actif,2026-06-29T00:22:54.813818,moyenne
BJ-AACA3144,SO Peinture SA,BTP & Immobilier,Gogounou,+229 35 38 92 65,peinture@sopeinturesa.bj,,Grande (>200),B2C,Google Maps,3.7,Actif,2026-06-29T00:22:54.813834,moyenne
BJ-2B339FF9,SCI Menuiserie Solutions Gogounou,BTP & Immobilier,Gogounou,+229 50 62 90 61,,scimenuiseriesolutionsgogounou.bj,TPE (<10),B2B,Google Maps,3.2,Actif,2026-06-29T00:22:54.813852,moyenne
BJ-0B945570,Construction Électricité Gogounou,BTP & Immobilier,Gogounou,+229 68 57 70 40,,constructionélectricitégogounou.bj,PME (10-50),B2C,Google Maps,3.8,Actif,2026-06-29T00:22:54.813866,moyenne
BJ-6343F0B8,Isolation,BTP & Immobilier,Gogounou,+229 44 53 91 12,isolation@yahoo.com,isolation.bj,TPE (<10),B2C,Google Maps,4.3,Actif,2026-06-29T00:22:54.813882,haute
BJ-A77264F9,Syndic,BTP & Immobilier,Cobly,+229 93 44 52 15,,syndic.bj,TPE (<10),B2B,Google Maps,4.0,Actif,2026-06-29T00:22:54.813922,moyenne
BJ-0AD36EA0,SA Gestion,BTP & Immobilier,Cobly,+229 46 16 21 52,gestion@gmail.com,,TPE (<10),B2B,Google Maps,4.7,Actif,2026-06-29T00:22:54.813940,moyenne
BJ-00E9AAF4,Promotion Peinture Cabinet,BTP & Immobilier,Cobly,+229 68 36 10 11,,,PME (50-200),B2B,Google Maps,4.1,Actif,2026-06-29T00:22:54.813956,basse
BJ-53F3C7A3,Béton Bénin,BTP & Immobilier,Cobly,+229 85 85 13 45,,,PME (10-50),B2C,Google Maps,4.1,Actif,2026-06-29T00:22:54.813969,basse
BJ-52A8FDD3,SARL Réhabilitation,BTP & Immobilier,Cobly,+229 50 23 98 11,sarl.réhabilitation@hotmail.com,sarlréhabilitation.bj,PME (10-50),B2B,Google Maps,3.9,Actif,2026-06-29T00:22:54.813988,haute
BJ-98D93C59,Plomberie,BTP & Immobilier,Tanguiéta,+229 73 77 98 75,,plomberie.bj,PME (10-50),B2C,Google Maps,3.7,Actif,2026-06-29T00:22:54.814024,moyenne
BJ-7C6A743E,Gestion Services,BTP & Immobilier,Tanguiéta,+229 34 85 25 91,,gestionservices.bj,PME (10-50),B2B,Google Maps,3.2,Actif,2026-06-29T00:22:54.814037,moyenne
BJ-3179A98B,Ets Aménagement Africa,BTP & Immobilier,Tanguiéta,+229 51 27 79 93,,etsaménagementafrica.bj,PME (10-50),B2C,Google Maps,3.1,Actif,2026-06-29T00:22:54.814051,moyenne
BJ-40738E8A,Maison SARL Matéri,BTP & Immobilier,Matéri,+229 47 10 17 98,maison.sarl@outlook.com,maisonsarlmatéri.bj,TPE (<10),B2C,Google Maps,4.5,Actif,2026-06-29T00:22:54.814094,haute
BJ-487BB017,SARL Copropriété SARL,BTP & Immobilier,Matéri,+229 74 87 92 69,,sarlcopropriétésarl.bj,TPE (<10),B2B,Google Maps,4.3,Actif,2026-06-29T00:22:54.814109,moyenne
BJ-2470E556,Ferronnerie Groupe Matéri,BTP & Immobilier,Matéri,+229 84 87 56 30,ferronneriegroupe@ferronneriegrou.org.bj,ferronneriegroupematéri.bj,PME (50-200),B2C,Google Maps,3.4,Actif,2026-06-29T00:22:54.814133,haute
BJ-9D705116,Plomberie,BTP & Immobilier,Matéri,+229 65 77 81 15,plomberie@plomberie.bj,plomberie.bj,Grande (>200),B2C,Google Maps,4.6,Actif,2026-06-29T00:22:54.814149,haute
BJ-9F8378F4,SO Copropriété,BTP & Immobilier,Matéri,+229 80 11 86 27,copropriété@hotmail.com,,TPE (<10),B2B,Google Maps,4.0,Actif,2026-06-29T00:22:54.814164,moyenne
BJ-55600027,Construction Ferronnerie Natitingou,BTP & Immobilier,Natitingou,+229 73 34 81 44,c.ferronnerie@outlook.com,constructionferronnerienatitingou.bj,PME (10-50),B2C,Google Maps,4.6,Actif,2026-06-29T00:22:54.814190,haute
BJ-A6B24CF3,Terrassement Cabinet,BTP & Immobilier,Natitingou,+229 74 20 69 60,terrassementcabinet@outlook.com,,PME (50-200),B2B,Google Maps,3.5,Actif,2026-06-29T00:22:54.814207,moyenne
BJ-A119DC13,Fondation,BTP & Immobilier,Natitingou,+229 85 30 30 25,fondation@fondation.org.bj,fondation.bj,TPE (<10),B2C,Google Maps,3.8,Actif,2026-06-29T00:22:54.814221,haute
BJ-566BDF8B,SA Fondation,BTP & Immobilier,Natitingou,+229 79 49 72 19,fondation@gmail.com,safondation.bj,PME (10-50),B2B,Google Maps,3.5,Actif,2026-06-29T00:22:54.814235,haute
BJ-E0A86B88,Bâtiment Promotion Natitingou,BTP & Immobilier,Natitingou,+229 94 45 49 67,,bâtimentpromotionnatitingou.bj,PME (50-200),B2B,Google Maps,3.2,Actif,2026-06-29T00:22:54.814249,moyenne
BJ-6336EA5A,Ets Béton Groupe,BTP & Immobilier,Toucountouna,+229 60 83 39 32,etsbéton@etsbétongroupe.bj,,Grande (>200),B2C,Google Maps,3.5,Actif,2026-06-29T00:22:54.814278,moyenne
BJ-35C5A53E,Construction Groupe,BTP & Immobilier,Toucountouna,+229 62 52 12 74,c.groupe@constructiongro.bj,,PME (10-50),B2C,Google Maps,4.2,Actif,2026-06-29T00:22:54.814299,moyenne
BJ-93EAC39B,Clôturage SA,BTP & Immobilier,Toucountouna,+229 46 22 51 50,clôturage@clôturagesa.bj,,TPE (<10),B2C,Google Maps,3.1,Actif,2026-06-29T00:22:54.814319,moyenne
BJ-AFD57A90,SO Maçonnerie Habitat,BTP & Immobilier,Toucountouna,+229 55 89 73 38,maçonneriehabitat@somaçonneriehab.org.bj,somaçonneriehabitat.bj,TPE (<10),B2C,Google Maps,3.9,Actif,2026-06-29T00:22:54.814339,haute
BJ-0DD8ABA1,BTP Maison Toucountouna,BTP & Immobilier,Toucountouna,+229 85 17 12 58,,,PME (10-50),B2C,Google Maps,4.9,Actif,2026-06-29T00:22:54.814352,basse
BJ-AA2B6810,Toiture Groupe,BTP & Immobilier,Boukoumbé,+229 61 93 97 65,toiture.groupe@outlook.com,toituregroupe.bj,TPE (<10),B2C,Google Maps,3.3,Actif,2026-06-29T00:22:54.814376,haute
BJ-4735EDCE,SCI Aménagement,BTP & Immobilier,Boukoumbé,+229 22 57 52 15,sciaménagement@gmail.com,,PME (50-200),B2C,Google Maps,3.5,Actif,2026-06-29T00:22:54.814393,moyenne
BJ-083A9395,SO Clôturage Boukoumbé,BTP & Immobilier,Boukoumbé,+229 29 43 15 42,clôturage.boukoumbé@soclôturagebouk.bj,,TPE (<10),B2C,Google Maps,4.0,Actif,2026-06-29T00:22:54.814412,moyenne
BJ-8223388E,SARL Structure,BTP & Immobilier,Boukoumbé,+229 99 23 12 39,s.structure@yahoo.fr,sarlstructure.bj,TPE (<10),B2C,Google Maps,3.2,Actif,2026-06-29T00:22:54.814447,haute
BJ-D737CF88,Clôturage Bénin,BTP & Immobilier,Boukoumbé,+229 44 11 47 90,,clôturagebénin.bj,TPE (<10),B2B,Google Maps,3.1,Actif,2026-06-29T00:22:54.814483,moyenne
BJ-0270FD8B,Groupe Voirie,BTP & Immobilier,Kouandé,+229 77 38 79 13,groupe.voirie@outlook.com,groupevoirie.bj,TPE (<10),B2B,Google Maps,3.4,Actif,2026-06-29T00:22:54.814518,haute
BJ-D683316C,SARL Syndic Habitat,BTP & Immobilier,Kouandé,+229 82 64 58 76,sarl.syndic@sarlsyndichabit.com.bj,sarlsyndichabitat.bj,PME (50-200),B2C,Google Maps,3.1,Actif,2026-06-29T00:22:54.814537,haute
BJ-095C8296,Promotion Clôturage Cabinet Kouandé,BTP & Immobilier,Kouandé,+229 87 44 37 56,promotionclôturage@promotionclôtur.com.bj,promotionclôturagecabinetkouandé.bj,TPE (<10),B2B,Google Maps,4.9,Actif,2026-06-29T00:22:54.814567,haute
BJ-F0C2E02C,Groupe Structure Kouandé,BTP & Immobilier,Kouandé,+229 24 99 53 91,groupe.structure@yahoo.com,groupestructurekouandé.bj,PME (50-200),B2C,Google Maps,4.3,Actif,2026-06-29T00:22:54.814587,haute
BJ-CAE37A55,SA Travaux,BTP & Immobilier,Kouandé,+229 87 71 11 48,travaux@satravaux.bj,,Grande (>200),B2C,Google Maps,3.3,Actif,2026-06-29T00:22:54.814603,moyenne
BJ-63C3DE3E,Habitat Promotion,BTP & Immobilier,Péhunco,+229 95 19 93 31,h.promotion@habitatpromotio.bj,,PME (10-50),B2B,Google Maps,3.9,Actif,2026-06-29T00:22:54.814628,moyenne
BJ-8913FB9F,Travaux Construction Péhunco,BTP & Immobilier,Péhunco,+229 48 51 94 41,,travauxconstructionpéhunco.bj,PME (10-50),B2C,Google Maps,3.4,Actif,2026-06-29T00:22:54.814643,moyenne
BJ-16AE64E8,Promotion Réhabilitation,BTP & Immobilier,Péhunco,+229 71 37 55 99,,promotionréhabilitation.bj,Grande (>200),B2B,Google Maps,3.5,Actif,2026-06-29T00:22:54.814656,moyenne
BJ-27DD737F,SARL Ferronnerie,BTP & Immobilier,Péhunco,+229 54 84 30 47,,sarlferronnerie.bj,PME (50-200),B2C,Google Maps,4.1,Actif,2026-06-29T00:22:54.814670,moyenne
BJ-AD94B94D,Ets Gestion,BTP & Immobilier,Péhunco,+229 66 94 93 44,ets.gestion@hotmail.com,etsgestion.bj,PME (50-200),B2B,Google Maps,3.6,Actif,2026-06-29T00:22:54.814687,haute
BJ-F15E1452,Groupe Immobilier,BTP & Immobilier,Tchaourou,+229 65 39 12 43,groupe.immobilier@gmail.com,groupeimmobilier.bj,TPE (<10),B2C,Google Maps,3.2,Actif,2026-06-29T00:22:54.814710,haute
BJ-487CF35A,Promotion Ferronnerie International,BTP & Immobilier,Tchaourou,+229 97 49 53 74,promotion.ferronnerie@yahoo.fr,,PME (50-200),B2C,Google Maps,3.1,Actif,2026-06-29T00:22:54.814730,moyenne
BJ-85793754,Ets Plomberie Solutions,BTP & Immobilier,Tchaourou,+229 88 33 80 89,ets.plomberie@etsplomberiesol.org.bj,,TPE (<10),B2B,Google Maps,3.4,Actif,2026-06-29T00:22:54.814751,moyenne
BJ-A4B07BDE,Menuiserie,BTP & Immobilier,Tchaourou,+229 22 88 36 40,menuiserie@menuiserie.com.bj,,TPE (<10),B2B,Google Maps,5.0,Actif,2026-06-29T00:22:54.814766,moyenne
BJ-6D595C75,BTP Syndic Cabinet,BTP & Immobilier,Tchaourou,+229 96 17 35 40,,btpsyndiccabinet.bj,TPE (<10),B2B,Google Maps,3.8,Actif,2026-06-29T00:22:54.814779,moyenne
BJ-F3683395,Rénovation Bâtiments,BTP & Immobilier,Nikki,+229 78 70 79 67,r.bâtiments@rénovationbâtim.org.bj,,PME (10-50),B2B,Google Maps,3.2,Actif,2026-06-29T00:22:54.814808,moyenne
BJ-DA163D49,Ets Maçonnerie,BTP & Immobilier,Nikki,+229 56 49 94 98,,,TPE (<10),B2C,Google Maps,3.3,Actif,2026-06-29T00:22:54.814821,basse
BJ-EB8AAB2B,SO Bâtiment SARL,BTP & Immobilier,Nikki,+229 93 43 45 22,,sobâtimentsarl.bj,PME (50-200),B2C,Google Maps,3.4,Actif,2026-06-29T00:22:54.814854,moyenne
BJ-4F0B9DF0,Rénovation Bembéréké,BTP & Immobilier,Bembéréké,+229 54 57 57 31,,,TPE (<10),B2B,Google Maps,3.8,Actif,2026-06-29T00:22:54.814886,basse
BJ-8EA1FAB1,SO Clôturage,BTP & Immobilier,Bembéréké,+229 66 15 69 40,clôturage@yahoo.com,,PME (50-200),B2B,Google Maps,3.8,Actif,2026-06-29T00:22:54.814915,moyenne
BJ-A7690ED6,Ingénierie,BTP & Immobilier,Bembéréké,+229 73 25 69 86,ingénierie@ingénierie.com.bj,ingénierie.bj,PME (10-50),B2C,Google Maps,4.9,Actif,2026-06-29T00:22:54.814936,haute
BJ-8A86888A,Construction Architecte SA,BTP & Immobilier,Bembéréké,+229 62 35 50 18,,,TPE (<10),B2C,Google Maps,4.4,Actif,2026-06-29T00:22:54.814949,basse
BJ-E2F2F5FE,Gestion Groupe,BTP & Immobilier,Bembéréké,+229 46 68 70 81,gestiongroupe@yahoo.com,,TPE (<10),B2B,Google Maps,3.3,Actif,2026-06-29T00:22:54.814966,moyenne
BJ-06AD8DBE,Menuiserie,BTP & Immobilier,Kalalé,+229 50 65 64 51,menuiserie@menuiserie.com.bj,,TPE (<10),B2C,Google Maps,4.9,Actif,2026-06-29T00:22:54.814988,moyenne
BJ-884EC1CF,Promotion Construction Kalalé,BTP & Immobilier,Kalalé,+229 26 42 73 19,,promotionconstructionkalalé.bj,PME (10-50),B2C,Google Maps,4.6,Actif,2026-06-29T00:22:54.815003,moyenne
BJ-A8D2438A,Syndic Africa Kalalé,BTP & Immobilier,Kalalé,+229 94 70 32 53,syndicafrica@syndicafricakal.org.bj,,PME (50-200),B2C,Google Maps,4.0,Actif,2026-06-29T00:22:54.815022,moyenne
BJ-0BE63646,Cabinet Réhabilitation Cabinet,BTP & Immobilier,Kalalé,+229 72 50 27 39,,cabinetréhabilitationcabinet.bj,PME (10-50),B2C,Google Maps,3.9,Actif,2026-06-29T00:22:54.815037,moyenne
BJ-43EA12E0,SCI Urbanisme,BTP & Immobilier,Kalalé,+229 83 10 11 99,sci.urbanisme@sciurbanisme.org.bj,,PME (50-200),B2C,Google Maps,3.7,Actif,2026-06-29T00:22:54.815059,moyenne
BJ-C2F0838F,Réhabilitation,BTP & Immobilier,Ndali,+229 43 83 38 83,,réhabilitation.bj,Grande (>200),B2B,Google Maps,3.7,Actif,2026-06-29T00:22:54.815089,moyenne
BJ-A4AAAA70,Construction Peinture Ndali,BTP & Immobilier,Ndali,+229 32 78 52 89,construction_peinture@constructionpei.com.bj,,Grande (>200),B2B,Google Maps,4.1,Actif,2026-06-29T00:22:54.815109,moyenne
BJ-334AA090,SA Immobilier International,BTP & Immobilier,Ndali,+229 52 30 86 71,immobilierinternational@yahoo.fr,saimmobilierinternational.bj,PME (50-200),B2B,Google Maps,3.9,Actif,2026-06-29T00:22:54.815130,haute
BJ-8A77D7B0,Cabinet Gestion,BTP & Immobilier,Ndali,+229 48 38 79 35,cabinet_gestion@cabinetgestion.com.bj,,PME (50-200),B2B,Google Maps,3.4,Actif,2026-06-29T00:22:54.815148,moyenne
BJ-C4E170A3,Rénovation Ndali,BTP & Immobilier,Ndali,+229 21 28 81 75,,rénovationndali.bj,TPE (<10),B2C,Google Maps,4.8,Actif,2026-06-29T00:22:54.815162,moyenne
BJ-CB92FF00,Maison,BTP & Immobilier,Ségbana,+229 88 67 19 33,maison@maison.com.bj,,Grande (>200),B2B,Google Maps,3.1,Actif,2026-06-29T00:22:54.815184,moyenne
BJ-778BA9FE,SCI Location,BTP & Immobilier,Ségbana,+229 70 74 25 78,scilocation@hotmail.com,,PME (10-50),B2B,Google Maps,3.2,Actif,2026-06-29T00:22:54.815203,moyenne
BJ-9B3260A0,SO Clôturage,BTP & Immobilier,Ségbana,+229 51 79 82 51,clôturage@soclôturage.org.bj,,TPE (<10),B2B,Google Maps,3.1,Actif,2026-06-29T00:22:54.815220,moyenne
BJ-E9FB1585,Ingénierie Solutions,BTP & Immobilier,Ségbana,+229 93 23 46 10,ingénierie.solutions@gmail.com,ingénieriesolutions.bj,Grande (>200),B2B,Google Maps,3.0,Actif,2026-06-29T00:22:54.815243,haute
BJ-5FC90BB1,SARL Gestion Tchaourou,BTP & Immobilier,Tchaourou,+229 43 68 76 35,s.gestion@hotmail.com,sarlgestiontchaourou.bj,PME (50-200),B2C,Google Maps,4.0,Actif,2026-06-29T00:22:54.815287,haute
BJ-7E3D86FE,Location Tchaourou,BTP & Immobilier,Tchaourou,+229 37 95 32 46,locationtchaourou@gmail.com,locationtchaourou.bj,TPE (<10),B2C,Google Maps,3.9,Actif,2026-06-29T00:22:54.815327,haute
BJ-50B462D7,Peinture,BTP & Immobilier,Tchaourou,+229 67 81 26 85,,peinture.bj,TPE (<10),B2C,Google Maps,4.4,Actif,2026-06-29T00:22:54.815359,moyenne
BJ-DFAB967C,SO Syndic SARL,BTP & Immobilier,Bétérou,+229 67 87 85 68,syndic.sarl@yahoo.fr,sosyndicsarl.bj,PME (10-50),B2C,Google Maps,5.0,Actif,2026-06-29T00:22:54.815383,haute
BJ-0526BB9E,Groupe Clôturage,BTP & Immobilier,Bétérou,+229 89 20 55 35,groupeclôturage@groupeclôturage.com.bj,,PME (50-200),B2C,Google Maps,3.7,Actif,2026-06-29T00:22:54.815403,moyenne
BJ-C6D3D0FD,BTP Construction Groupe,BTP & Immobilier,Bétérou,+229 72 35 14 14,btp_construction@hotmail.com,btpconstructiongroupe.bj,TPE (<10),B2C,Google Maps,3.2,Actif,2026-06-29T00:22:54.815421,haute
BJ-5D6B7DF0,Groupe Urbanisme,BTP & Immobilier,Bétérou,+229 40 57 87 52,,groupeurbanisme.bj,TPE (<10),B2B,Google Maps,4.9,Actif,2026-06-29T00:22:54.815449,moyenne
BJ-3C2C8550,SCI Ferronnerie,BTP & Immobilier,Ouessè,+229 32 96 68 93,sci.ferronnerie@yahoo.fr,,Grande (>200),B2B,Google Maps,3.4,Actif,2026-06-29T00:22:54.815472,moyenne
BJ-AA55E893,SA Bâtiment,BTP & Immobilier,Ouessè,+229 66 80 91 24,,,PME (10-50),B2C,Google Maps,3.4,Actif,2026-06-29T00:22:54.815485,basse
BJ-45C9FA9A,Ferronnerie Services Ouessè,BTP & Immobilier,Ouessè,+229 99 92 44 91,f.services@gmail.com,ferronnerieservicesouessè.bj,PME (50-200),B2C,Google Maps,3.0,Actif,2026-06-29T00:22:54.815508,haute
BJ-FDFD3D48,Réhabilitation Bénin,BTP & Immobilier,Ouessè,+229 93 27 17 28,,,PME (50-200),B2C,Google Maps,4.7,Actif,2026-06-29T00:22:54.815521,basse
BJ-5DB1BF5C,SA Plomberie,BTP & Immobilier,Ouessè,+229 51 92 91 90,plomberie@yahoo.com,saplomberie.bj,TPE (<10),B2B,Google Maps,4.4,Actif,2026-06-29T00:22:54.815536,haute
BJ-67E7E990,Construction Terrassement,BTP & Immobilier,Glazoué,+229 25 62 27 72,construction.terrassement@gmail.com,,PME (10-50),B2C,Google Maps,4.2,Actif,2026-06-29T00:22:54.815559,moyenne
BJ-6944D533,Syndic Bénin,BTP & Immobilier,Glazoué,+229 40 86 75 99,syndic.bénin@syndicbénin.bj,,Grande (>200),B2B,Google Maps,3.1,Actif,2026-06-29T00:22:54.815578,moyenne
BJ-F752D12A,BTP Travaux,BTP & Immobilier,Glazoué,+229 93 36 26 95,b.travaux@btptravaux.org.bj,,PME (50-200),B2C,Google Maps,4.5,Actif,2026-06-29T00:22:54.815596,moyenne
BJ-B030D755,Groupe Syndic Construction,BTP & Immobilier,Glazoué,+229 77 21 34 50,g.syndic@outlook.com,groupesyndicconstruction.bj,PME (10-50),B2C,Google Maps,4.4,Actif,2026-06-29T00:22:54.815614,haute
BJ-A2404675,Cabinet Réhabilitation,BTP & Immobilier,Glazoué,+229 45 29 24 80,c.réhabilitation@cabinetréhabili.bj,cabinetréhabilitation.bj,PME (10-50),B2B,Google Maps,3.1,Actif,2026-06-29T00:22:54.815633,haute
BJ-344CE43B,Gestion,BTP & Immobilier,Dassa-Zoumè,+229 20 17 73 54,,,PME (10-50),B2C,Google Maps,4.2,Actif,2026-06-29T00:22:54.815652,basse
BJ-6FA07A34,SARL Menuiserie,BTP & Immobilier,Dassa-Zoumè,+229 38 86 68 88,,sarlmenuiserie.bj,PME (50-200),B2B,Google Maps,3.6,Actif,2026-06-29T00:22:54.815666,moyenne
BJ-3F183EF4,Bâtiment Solutions Dassa-Zoumè,BTP & Immobilier,Dassa-Zoumè,+229 25 81 68 34,b.solutions@outlook.com,bâtimentsolutionsdassazoumè.bj,PME (50-200),B2C,Google Maps,3.2,Actif,2026-06-29T00:22:54.815692,haute
BJ-865A121F,Fondation International,BTP & Immobilier,Dassa-Zoumè,+229 48 51 35 23,f.international@yahoo.com,,TPE (<10),B2C,Google Maps,3.7,Actif,2026-06-29T00:22:54.815710,moyenne
BJ-47A64362,SCI Peinture,BTP & Immobilier,Dassa-Zoumè,+229 83 75 23 95,scipeinture@scipeinture.bj,scipeinture.bj,TPE (<10),B2C,Google Maps,3.2,Actif,2026-06-29T00:22:54.815728,haute
BJ-AB2D867A,Groupe Isolation Savalou,BTP & Immobilier,Savalou,+229 32 44 45 49,groupeisolation@yahoo.com,groupeisolationsavalou.bj,TPE (<10),B2B,Google Maps,3.5,Actif,2026-06-29T00:22:54.815759,haute
BJ-A4C7ED72,Promotion Fondation Construction Savalou,BTP & Immobilier,Savalou,+229 39 61 15 81,promotionfondation@gmail.com,promotionfondationconstructionsavalou.bj,Grande (>200),B2B,Google Maps,3.3,Actif,2026-06-29T00:22:54.815777,haute
BJ-C6BDE42F,Béton,BTP & Immobilier,Savalou,+229 23 28 59 22,béton@outlook.com,béton.bj,TPE (<10),B2C,Google Maps,4.0,Actif,2026-06-29T00:22:54.815795,haute
BJ-AA0C15E7,SO Travaux,BTP & Immobilier,Savalou,+229 59 55 58 88,travaux@sotravaux.com.bj,sotravaux.bj,PME (50-200),B2B,Google Maps,3.3,Actif,2026-06-29T00:22:54.815811,haute
BJ-9C96FC13,Construction,BTP & Immobilier,Savalou,+229 31 11 10 75,construction@construction.com.bj,,TPE (<10),B2B,Google Maps,4.4,Actif,2026-06-29T00:22:54.815825,moyenne
BJ-4138BB26,Ets Rénovation,BTP & Immobilier,Bantè,+229 69 53 66 22,ets.rénovation@etsrénovation.org.bj,etsrénovation.bj,Grande (>200),B2B,Google Maps,3.5,Actif,2026-06-29T00:22:54.815850,haute
BJ-FD7F250E,Groupe Réhabilitation,BTP & Immobilier,Bantè,+229 74 94 74 65,,grouperéhabilitation.bj,PME (10-50),B2C,Google Maps,4.8,Actif,2026-06-29T00:22:54.815865,moyenne
BJ-4A2E8627,SCI Ingénierie Solutions,BTP & Immobilier,Bantè,+229 38 67 33 25,sciingénierie@sciingénierieso.org.bj,sciingénieriesolutions.bj,TPE (<10),B2C,Google Maps,4.4,Actif,2026-06-29T00:22:54.815887,haute
BJ-15431AFF,Copropriété Ets,BTP & Immobilier,Bantè,+229 61 84 18 99,copropriété.ets@yahoo.com,copropriétéets.bj,PME (10-50),B2C,Google Maps,4.0,Actif,2026-06-29T00:22:54.815924,haute
BJ-4C9336B4,Construction Peinture Services,BTP & Immobilier,Bantè,+229 92 45 57 16,constructionpeinture@outlook.com,,TPE (<10),B2B,Google Maps,3.8,Actif,2026-06-29T00:22:54.815942,moyenne
BJ-32BBE5BB,Urbanisme Djougou,BTP & Immobilier,Djougou,+229 49 31 97 74,urbanismedjougou@yahoo.fr,,PME (10-50),B2C,Google Maps,3.3,Actif,2026-06-29T00:22:54.815965,moyenne
BJ-91FE12A2,Promotion Urbanisme Bâtiments,BTP & Immobilier,Djougou,+229 88 64 74 75,promotionurbanisme@promotionurbani.org.bj,promotionurbanismebâtiments.bj,TPE (<10),B2B,Google Maps,4.5,Actif,2026-06-29T00:22:54.815985,haute
BJ-84CFA588,SARL Plomberie International,BTP & Immobilier,Djougou,+229 81 61 55 51,,sarlplomberieinternational.bj,PME (50-200),B2C,Google Maps,3.3,Actif,2026-06-29T00:22:54.816000,moyenne
BJ-1D96BDB2,SARL Habitat Groupe Djougou,BTP & Immobilier,Djougou,+229 20 93 48 89,s.habitat@outlook.com,sarlhabitatgroupedjougou.bj,TPE (<10),B2B,Google Maps,3.2,Actif,2026-06-29T00:22:54.816022,haute
BJ-5E0652F8,Aménagement Djougou,BTP & Immobilier,Djougou,+229 77 62 40 49,a.djougou@hotmail.com,aménagementdjougou.bj,TPE (<10),B2C,Google Maps,4.2,Actif,2026-06-29T00:22:54.816040,haute
BJ-2D441C29,Ferronnerie Solutions Ouèssè,BTP & Immobilier,Ouèssè,+229 50 24 90 88,,,PME (10-50),B2B,Google Maps,3.5,Actif,2026-06-29T00:22:54.816060,basse
BJ-8900C050,SO Gestion,BTP & Immobilier,Ouèssè,+229 89 36 82 86,gestion@hotmail.com,sogestion.bj,TPE (<10),B2C,Google Maps,3.7,Actif,2026-06-29T00:22:54.816076,haute
BJ-82C1A406,Cabinet Voirie Promotion,BTP & Immobilier,Ouèssè,+229 25 97 76 57,,,TPE (<10),B2B,Google Maps,3.1,Actif,2026-06-29T00:22:54.816092,basse
BJ-414D8797,Voirie International,BTP & Immobilier,Ouèssè,+229 81 28 35 69,v.international@yahoo.com,,PME (50-200),B2B,Google Maps,4.8,Actif,2026-06-29T00:22:54.816110,moyenne
BJ-3668DC97,SARL Architecte Bâtiments,BTP & Immobilier,Ouèssè,+229 88 20 72 10,sarl.architecte@gmail.com,,PME (10-50),B2B,Google Maps,4.9,Actif,2026-06-29T00:22:54.816127,moyenne
BJ-75EC4A3B,Syndic Services,BTP & Immobilier,Bassila,+229 53 66 91 50,s.services@outlook.com,,PME (50-200),B2C,Google Maps,3.8,Actif,2026-06-29T00:22:54.816151,moyenne
BJ-2246688A,Gestion,BTP & Immobilier,Bassila,+229 23 97 88 94,,gestion.bj,TPE (<10),B2C,Google Maps,4.2,Actif,2026-06-29T00:22:54.816164,moyenne
BJ-35DC969B,SARL Terrassement Cabinet,BTP & Immobilier,Bassila,+229 58 45 22 39,sarlterrassement@sarlterrassemen.bj,sarlterrassementcabinet.bj,TPE (<10),B2C,Google Maps,3.8,Actif,2026-06-29T00:22:54.816186,haute
BJ-3E574912,Aménagement,BTP & Immobilier,Bassila,+229 83 35 24 19,aménagement@hotmail.com,aménagement.bj,Grande (>200),B2C,Google Maps,3.2,Actif,2026-06-29T00:22:54.816202,haute
BJ-91FC4AFB,Urbanisme Bâtiments,BTP & Immobilier,Bassila,+229 65 91 43 56,urbanisme.bâtiments@yahoo.com,,PME (10-50),B2C,Google Maps,3.3,Actif,2026-06-29T00:22:54.816219,moyenne
BJ-9722B47D,Architecte,BTP & Immobilier,Pehunco,+229 61 62 11 45,,architecte.bj,PME (10-50),B2B,Google Maps,3.0,Actif,2026-06-29T00:22:54.816240,moyenne
BJ-C1E72A9B,SO Fondation Pehunco,BTP & Immobilier,Pehunco,+229 22 56 96 48,fondation.pehunco@sofondationpehu.com.bj,sofondationpehunco.bj,TPE (<10),B2C,Google Maps,4.8,Actif,2026-06-29T00:22:54.816258,haute
BJ-1EDEB0E1,Ets Fondation Bâtiments Pehunco,BTP & Immobilier,Pehunco,+229 24 52 53 14,,etsfondationbâtimentspehunco.bj,PME (10-50),B2B,Google Maps,4.7,Actif,2026-06-29T00:22:54.816277,moyenne
BJ-1AF7DABD,Construction Plomberie Bâtiments,BTP & Immobilier,Pehunco,+229 77 74 94 79,constructionplomberie@constructionplo.com.bj,constructionplomberiebâtiments.bj,TPE (<10),B2C,Google Maps,4.5,Actif,2026-06-29T00:22:54.816300,haute
BJ-2EA31F8D,Ets Voirie,BTP & Immobilier,Pehunco,+229 70 84 93 95,,etsvoirie.bj,TPE (<10),B2B,Google Maps,3.3,Actif,2026-06-29T00:22:54.816318,moyenne
BJ-68E6DBB7,BTP Menuiserie Groupe Copargo,BTP & Immobilier,Copargo,+229 21 86 31 56,btpmenuiserie@btpmenuiseriegr.com.bj,btpmenuiseriegroupecopargo.bj,TPE (<10),B2C,Google Maps,4.0,Actif,2026-06-29T00:22:54.816344,haute
BJ-9909D537,Ets Copropriété Bâtiments,BTP & Immobilier,Copargo,+229 40 61 21 82,,etscopropriétébâtiments.bj,TPE (<10),B2C,Google Maps,5.0,Actif,2026-06-29T00:22:54.816374,moyenne
BJ-009279A2,Aménagement,BTP & Immobilier,Copargo,+229 95 51 33 37,aménagement@aménagement.org.bj,aménagement.bj,PME (10-50),B2B,Google Maps,4.4,Actif,2026-06-29T00:22:54.816391,haute
BJ-69734603,Peinture Copargo,BTP & Immobilier,Copargo,+229 64 17 20 64,peinture.copargo@peinturecopargo.org.bj,,TPE (<10),B2C,Google Maps,4.6,Actif,2026-06-29T00:22:54.816409,moyenne
BJ-15506332,Groupe Meuble SARL,Commerce & Distribution,Cotonou,+229 90 57 84 98,groupe.meuble@outlook.com,groupemeublesarl.bj,Grande (>200),B2B/B2C,Google Maps,3.4,Actif,2026-06-29T00:22:54.816467,haute
BJ-4E9287BC,Sport SARL,Commerce & Distribution,Cotonou,+229 73 78 59 97,,sportsarl.bj,TPE (<10),B2B/B2C,Google Maps,3.3,Actif,2026-06-29T00:22:54.816506,moyenne
BJ-2E2D0242,Magasin Électroménager Market,Commerce & Distribution,Cotonou,+229 83 88 20 51,m.électroménager@outlook.com,,PME (10-50),B2C,Google Maps,3.9,Actif,2026-06-29T00:22:54.816555,moyenne
BJ-595E899C,Discount,Commerce & Distribution,Cotonou,+229 95 37 46 72,discount@discount.bj,discount.bj,PME (10-50),B2B/B2C,Google Maps,3.8,Actif,2026-06-29T00:22:54.816595,haute
BJ-10BB3F88,Supermarché Market Cotonou,Commerce & Distribution,Cotonou,+229 42 78 95 32,supermarché.market@supermarchémark.org.bj,,TPE (<10),B2B/B2C,Google Maps,4.8,Actif,2026-06-29T00:22:54.816637,moyenne
BJ-81215D77,Shop Jardin,Commerce & Distribution,Abomey-Calavi,+229 70 70 27 48,shopjardin@yahoo.fr,shopjardin.bj,PME (10-50),B2C,Google Maps,4.5,Actif,2026-06-29T00:22:54.816688,haute
BJ-0773BDCC,Épicerie SARL,Commerce & Distribution,Abomey-Calavi,+229 73 86 16 51,,épiceriesarl.bj,PME (10-50),B2B/B2C,Google Maps,4.4,Actif,2026-06-29T00:22:54.816723,moyenne
BJ-CF7CFA40,Outillage Market,Commerce & Distribution,Abomey-Calavi,+229 45 32 42 84,,outillagemarket.bj,PME (10-50),B2B/B2C,Google Maps,4.3,Actif,2026-06-29T00:22:54.816753,moyenne
BJ-4A04C585,Commerce,Commerce & Distribution,Abomey-Calavi,+229 36 84 98 57,commerce@outlook.com,,Grande (>200),B2B/B2C,Google Maps,3.9,Actif,2026-06-29T00:22:54.816790,moyenne
BJ-5888CEF6,Carry,Commerce & Distribution,Abomey-Calavi,+229 58 74 26 35,,carry.bj,PME (50-200),B2C,Google Maps,3.1,Actif,2026-06-29T00:22:54.816818,moyenne
BJ-7C823D38,Groupe Provision Distribution,Commerce & Distribution,Porto-Novo,+229 35 51 54 95,groupe.provision@groupeprovision.com.bj,,TPE (<10),B2B/B2C,Google Maps,4.3,Actif,2026-06-29T00:22:54.816866,moyenne
BJ-28A37307,Store Provision,Commerce & Distribution,Porto-Novo,+229 20 81 82 13,s.provision@storeprovision.org.bj,storeprovision.bj,TPE (<10),B2B/B2C,Google Maps,4.9,Actif,2026-06-29T00:22:54.816924,haute
BJ-1693A78C,Magasin Bénin,Commerce & Distribution,Porto-Novo,+229 97 38 40 56,magasin.bénin@gmail.com,,TPE (<10),B2B/B2C,Google Maps,3.7,Actif,2026-06-29T00:22:54.816973,moyenne
BJ-A4D06980,Distribution Magasin Porto-Novo,Commerce & Distribution,Porto-Novo,+229 24 88 75 11,distribution.magasin@hotmail.com,,TPE (<10),B2C,Google Maps,4.0,Actif,2026-06-29T00:22:54.817009,moyenne
BJ-2F6E7E53,Provision SARL Porto-Novo,Commerce & Distribution,Porto-Novo,+229 25 49 28 92,provision.sarl@provisionsarlpo.org.bj,,PME (10-50),B2C,Google Maps,4.2,Actif,2026-06-29T00:22:54.817056,moyenne
BJ-229DC462,Chaussures Ets,Commerce & Distribution,Parakou,+229 34 49 77 37,chaussures.ets@chaussuresets.org.bj,,PME (10-50),B2B/B2C,Google Maps,4.9,Actif,2026-06-29T00:22:54.817094,moyenne
BJ-7A851A72,Discount Groupe,Commerce & Distribution,Parakou,+229 51 56 77 36,,,PME (10-50),B2B/B2C,Google Maps,3.5,Actif,2026-06-29T00:22:54.817109,basse
BJ-ACEF15C1,Jardin International,Commerce & Distribution,Parakou,+229 51 80 86 94,jardininternational@gmail.com,,TPE (<10),B2C,Google Maps,4.7,Actif,2026-06-29T00:22:54.817127,moyenne
BJ-C11DCCED,Marché Outillage Market Parakou,Commerce & Distribution,Parakou,+229 68 23 37 74,marchéoutillage@marchéoutillage.org.bj,marchéoutillagemarketparakou.bj,PME (10-50),B2C,Google Maps,4.0,Actif,2026-06-29T00:22:54.817150,haute
BJ-CFB75132,Supermarché Shop Parakou,Commerce & Distribution,Parakou,+229 43 27 52 77,,,TPE (<10),B2C,Google Maps,3.1,Actif,2026-06-29T00:22:54.817164,basse
BJ-BE8017D0,Cosmétique Ets,Commerce & Distribution,Bohicon,+229 84 18 13 43,cosmétiqueets@hotmail.com,cosmétiqueets.bj,TPE (<10),B2B/B2C,Google Maps,3.7,Actif,2026-06-29T00:22:54.817205,haute
BJ-D2567382,Détaillant,Commerce & Distribution,Bohicon,+229 91 60 67 77,,détaillant.bj,TPE (<10),B2B/B2C,Google Maps,3.2,Actif,2026-06-29T00:22:54.817224,moyenne
BJ-4A3B3E24,Store Cosmétique,Commerce & Distribution,Bohicon,+229 48 60 81 53,store.cosmétique@hotmail.com,,PME (50-200),B2B/B2C,Google Maps,3.0,Actif,2026-06-29T00:22:54.817242,moyenne
BJ-7A9FDAEE,Ets Vêtements Store Bohicon,Commerce & Distribution,Bohicon,+229 71 29 90 10,ets.vêtements@yahoo.fr,,TPE (<10),B2B/B2C,Google Maps,4.0,Actif,2026-06-29T00:22:54.817261,moyenne
BJ-61FAA082,Marché Stock SARL Natitingou,Commerce & Distribution,Natitingou,+229 66 35 66 64,marché_stock@gmail.com,,TPE (<10),B2B/B2C,Google Maps,3.7,Actif,2026-06-29T00:22:54.817287,moyenne
BJ-36D72EDB,Marché,Commerce & Distribution,Natitingou,+229 25 34 90 77,,marché.bj,Grande (>200),B2C,Google Maps,3.7,Actif,2026-06-29T00:22:54.817325,moyenne
BJ-42355708,Hypermarché Natitingou,Commerce & Distribution,Natitingou,+229 77 19 68 16,hypermarché.natitingou@hypermarchénati.org.bj,hypermarchénatitingou.bj,TPE (<10),B2B/B2C,Google Maps,3.6,Actif,2026-06-29T00:22:54.817344,haute
BJ-0100B2F6,Cosmétique,Commerce & Distribution,Natitingou,+229 23 35 95 84,cosmétique@cosmétique.bj,,PME (10-50),B2C,Google Maps,3.4,Actif,2026-06-29T00:22:54.817360,moyenne
BJ-952EC823,Boutique Discount,Commerce & Distribution,Lokossa,+229 75 71 13 25,boutiquediscount@yahoo.com,boutiquediscount.bj,PME (10-50),B2B/B2C,Google Maps,3.3,Actif,2026-06-29T00:22:54.817387,haute
BJ-F711C353,Ets Hypermarché,Commerce & Distribution,Lokossa,+229 62 64 10 57,,,TPE (<10),B2C,Google Maps,4.9,Actif,2026-06-29T00:22:54.817401,basse
BJ-C8233F15,Hard,Commerce & Distribution,Lokossa,+229 41 17 37 95,hard@hard.bj,,Grande (>200),B2B/B2C,Google Maps,3.2,Actif,2026-06-29T00:22:54.817420,moyenne
BJ-4992D1E6,Hypermarché Shop,Commerce & Distribution,Lokossa,+229 94 58 78 82,hypermarchéshop@hypermarchéshop.org.bj,,TPE (<10),B2B/B2C,Google Maps,3.6,Actif,2026-06-29T00:22:54.817439,moyenne
BJ-4B714338,Carry,Commerce & Distribution,Lokossa,+229 47 37 19 38,carry@carry.bj,carry.bj,TPE (<10),B2B/B2C,Google Maps,3.3,Actif,2026-06-29T00:22:54.817454,haute
BJ-9DF40CB3,Marché High-Tech Store Ouidah,Commerce & Distribution,Ouidah,+229 35 90 53 26,,,PME (10-50),B2C,Google Maps,3.5,Actif,2026-06-29T00:22:54.817474,basse
BJ-3CCDA164,Grossiste Shop Ouidah,Commerce & Distribution,Ouidah,+229 95 86 36 97,,,PME (10-50),B2C,Google Maps,4.7,Actif,2026-06-29T00:22:54.817486,basse
BJ-7B25AB74,Quincaillerie,Commerce & Distribution,Ouidah,+229 42 90 47 74,quincaillerie@quincaillerie.com.bj,,PME (10-50),B2B/B2C,Google Maps,3.6,Actif,2026-06-29T00:22:54.817501,moyenne
BJ-9B2B478E,Carry Store,Commerce & Distribution,Ouidah,+229 35 59 84 54,carry.store@carrystore.bj,carrystore.bj,PME (50-200),B2B/B2C,Google Maps,3.5,Actif,2026-06-29T00:22:54.817518,haute
BJ-478195E1,Outillage International,Commerce & Distribution,Ouidah,+229 65 26 75 60,o.international@outillageintern.bj,outillageinternational.bj,PME (10-50),B2B/B2C,Google Maps,3.4,Actif,2026-06-29T00:22:54.817540,haute
BJ-81CBEF6F,Boutique Meuble Groupe,Commerce & Distribution,Savalou,+229 69 88 39 25,,boutiquemeublegroupe.bj,TPE (<10),B2C,Google Maps,5.0,Actif,2026-06-29T00:22:54.817561,moyenne
BJ-4514372E,Décoration Ets,Commerce & Distribution,Savalou,+229 50 58 12 10,,,PME (50-200),B2B/B2C,Google Maps,4.7,Actif,2026-06-29T00:22:54.817578,basse
BJ-A6FB69D3,Moto,Commerce & Distribution,Savalou,+229 43 90 45 87,moto@moto.bj,moto.bj,TPE (<10),B2B/B2C,Google Maps,3.4,Actif,2026-06-29T00:22:54.817597,haute
BJ-A0B73F98,Centre Mode International Savalou,Commerce & Distribution,Savalou,+229 95 20 13 27,c.mode@outlook.com,,PME (50-200),B2C,Google Maps,4.5,Actif,2026-06-29T00:22:54.817618,moyenne
BJ-40C22F59,Boutique Électroménager,Commerce & Distribution,Savalou,+229 90 94 40 39,boutique.électroménager@boutiqueélectro.org.bj,boutiqueélectroménager.bj,TPE (<10),B2C,Google Maps,3.8,Actif,2026-06-29T00:22:54.817638,haute
BJ-57A3CD76,Jouets Bénin Dassa-Zoumè,Commerce & Distribution,Dassa-Zoumè,+229 71 83 24 85,jouetsbénin@hotmail.com,,TPE (<10),B2C,Google Maps,4.9,Actif,2026-06-29T00:22:54.817681,moyenne
BJ-51ABBF9F,Store Distribution,Commerce & Distribution,Dassa-Zoumè,+229 26 57 33 43,store.distribution@storedistributi.bj,storedistribution.bj,PME (10-50),B2C,Google Maps,4.7,Actif,2026-06-29T00:22:54.817700,haute
BJ-462CC8BA,Ets Discount,Commerce & Distribution,Dassa-Zoumè,+229 65 62 66 35,ets.discount@etsdiscount.bj,etsdiscount.bj,PME (10-50),B2C,Google Maps,3.9,Actif,2026-06-29T00:22:54.817718,haute
BJ-D97185A2,Électroménager Commerce,Commerce & Distribution,Dassa-Zoumè,+229 60 68 63 22,,,PME (10-50),B2B/B2C,Google Maps,4.6,Actif,2026-06-29T00:22:54.817731,basse
BJ-30C7DF13,Jouets Kétou,Commerce & Distribution,Kétou,+229 34 12 84 34,,,TPE (<10),B2B/B2C,Google Maps,4.2,Actif,2026-06-29T00:22:54.817750,basse
BJ-91471254,SARL Sport Shop,Commerce & Distribution,Kétou,+229 37 94 17 30,sarlsport@gmail.com,sarlsportshop.bj,PME (10-50),B2B/B2C,Google Maps,4.8,Actif,2026-06-29T00:22:54.817799,haute
BJ-7FD017EC,Commerce Grossiste International,Commerce & Distribution,Kétou,+229 30 42 22 98,,commercegrossisteinternational.bj,TPE (<10),B2B/B2C,Google Maps,4.9,Actif,2026-06-29T00:22:54.817812,moyenne
BJ-D4E7AC55,Bricolage,Commerce & Distribution,Covè,+229 64 64 22 45,bricolage@gmail.com,,TPE (<10),B2B/B2C,Google Maps,3.6,Actif,2026-06-29T00:22:54.817833,moyenne
BJ-DCBF09E2,Centre Supply Commerce,Commerce & Distribution,Covè,+229 45 50 74 92,centresupply@centresupplycom.org.bj,,TPE (<10),B2B/B2C,Google Maps,3.6,Actif,2026-06-29T00:22:54.817850,moyenne
BJ-8450BF9F,Commerce Shop,Commerce & Distribution,Covè,+229 71 44 68 79,commerce.shop@commerceshop.org.bj,,TPE (<10),B2C,Google Maps,4.2,Actif,2026-06-29T00:22:54.817866,moyenne
BJ-44317FF7,Marché Distribution Shop,Commerce & Distribution,Covè,+229 37 59 36 57,marchédistribution@marchédistribut.com.bj,marchédistributionshop.bj,PME (10-50),B2B/B2C,Google Maps,4.1,Actif,2026-06-29T00:22:54.817885,haute
BJ-C6040A41,Meuble International,Commerce & Distribution,Covè,+229 97 81 14 45,meubleinternational@hotmail.com,,Grande (>200),B2B/B2C,Google Maps,3.7,Actif,2026-06-29T00:22:54.817918,moyenne
BJ-DEE2BD2D,Distribution High-Tech,Commerce & Distribution,Pobè,+229 92 20 55 23,distributionhigh@yahoo.com,distributionhightech.bj,TPE (<10),B2B/B2C,Google Maps,3.3,Actif,2026-06-29T00:22:54.817944,haute
BJ-56610852,Store Supply International,Commerce & Distribution,Pobè,+229 40 87 35 70,,storesupplyinternational.bj,TPE (<10),B2B/B2C,Google Maps,3.4,Actif,2026-06-29T00:22:54.817959,moyenne
BJ-933753ED,Sport Bénin Pobè,Commerce & Distribution,Pobè,+229 45 47 74 57,sport.bénin@gmail.com,sportbéninpobè.bj,PME (10-50),B2C,Google Maps,4.3,Actif,2026-06-29T00:22:54.817991,haute
BJ-72DD2222,Super Outillage,Commerce & Distribution,Pobè,+229 61 87 12 28,,superoutillage.bj,PME (10-50),B2C,Google Maps,3.9,Actif,2026-06-29T00:22:54.818006,moyenne
BJ-C3A3E54F,Meuble Market,Commerce & Distribution,Pobè,+229 84 52 73 49,meublemarket@meublemarket.bj,meublemarket.bj,PME (10-50),B2C,Google Maps,3.6,Actif,2026-06-29T00:22:54.818024,haute
BJ-A77353D3,Boutique Jardin,Commerce & Distribution,Sakété,+229 40 92 85 90,boutique.jardin@boutiquejardin.bj,boutiquejardin.bj,TPE (<10),B2C,Google Maps,4.6,Actif,2026-06-29T00:22:54.818048,haute
BJ-03198087,Marché Jardin Store,Commerce & Distribution,Sakété,+229 27 68 18 42,marché_jardin@outlook.com,marchéjardinstore.bj,PME (10-50),B2C,Google Maps,3.1,Actif,2026-06-29T00:22:54.818068,haute
BJ-61C19386,Marché Supermarché,Commerce & Distribution,Sakété,+229 46 86 97 12,,,TPE (<10),B2C,Google Maps,5.0,Actif,2026-06-29T00:22:54.818081,basse
BJ-63824EBA,Distribution,Commerce & Distribution,Sakété,+229 93 18 91 13,,distribution.bj,PME (10-50),B2B/B2C,Google Maps,3.7,Actif,2026-06-29T00:22:54.818094,moyenne
BJ-1192D541,SARL Vêtements,Commerce & Distribution,Sakété,+229 52 17 87 15,,,PME (10-50),B2C,Google Maps,4.7,Actif,2026-06-29T00:22:54.818106,basse
BJ-90F69E41,High-Tech Adjara,Commerce & Distribution,Adjara,+229 24 10 79 12,,,PME (10-50),B2B/B2C,Google Maps,4.4,Actif,2026-06-29T00:22:54.818130,basse
BJ-0A27688A,Centre Jouets,Commerce & Distribution,Adjara,+229 54 82 41 23,centre.jouets@yahoo.com,,TPE (<10),B2C,Google Maps,4.0,Actif,2026-06-29T00:22:54.818147,moyenne
BJ-539958AA,Électroménager Groupe,Commerce & Distribution,Adjara,+229 34 61 36 32,électroménager.groupe@électroménagerg.org.bj,électroménagergroupe.bj,PME (50-200),B2B/B2C,Google Maps,4.2,Actif,2026-06-29T00:22:54.818171,haute
BJ-4B105EE4,Chaussures Store Adjara,Commerce & Distribution,Adjara,+229 61 76 88 12,,chaussuresstoreadjara.bj,PME (50-200),B2B/B2C,Google Maps,3.1,Actif,2026-06-29T00:22:54.818185,moyenne
BJ-62EC30FF,Ets Stock,Commerce & Distribution,Adjara,+229 32 94 74 43,etsstock@yahoo.fr,,Grande (>200),B2C,Google Maps,4.0,Actif,2026-06-29T00:22:54.818205,moyenne
BJ-C95BC0B8,Distribution Jouets Store,Commerce & Distribution,Allada,+229 70 14 79 64,,,TPE (<10),B2C,Google Maps,3.9,Actif,2026-06-29T00:22:54.818224,basse
BJ-A26B6FBA,Marché Vêtements International,Commerce & Distribution,Allada,+229 64 30 56 95,marchévêtements@hotmail.com,,PME (10-50),B2C,Google Maps,3.7,Actif,2026-06-29T00:22:54.818243,moyenne
BJ-15B0BDD9,Centre Drive,Commerce & Distribution,Allada,+229 77 56 61 11,c.drive@outlook.com,,Grande (>200),B2B/B2C,Google Maps,4.1,Actif,2026-06-29T00:22:54.818260,moyenne
BJ-731297CF,High-Tech Allada,Commerce & Distribution,Allada,+229 52 63 35 50,high_tech@gmail.com,,PME (50-200),B2C,Google Maps,4.5,Actif,2026-06-29T00:22:54.818277,moyenne
BJ-598D8B3E,Commerce Cash,Commerce & Distribution,Allada,+229 95 74 51 98,c.cash@yahoo.fr,commercecash.bj,TPE (<10),B2B/B2C,Google Maps,3.5,Actif,2026-06-29T00:22:54.818293,haute
BJ-4005D928,Sport SARL,Commerce & Distribution,Aplahoué,+229 93 45 20 96,sport.sarl@sportsarl.org.bj,sportsarl.bj,TPE (<10),B2C,Google Maps,4.5,Actif,2026-06-29T00:22:54.818317,haute
BJ-0AFFECD6,Distribution Moto Bénin,Commerce & Distribution,Aplahoué,+229 68 37 79 69,distribution_moto@distributionmot.bj,distributionmotobénin.bj,PME (10-50),B2B/B2C,Google Maps,4.7,Actif,2026-06-29T00:22:54.818338,haute
BJ-DF8CEB35,Magasin Sport Shop,Commerce & Distribution,Aplahoué,+229 52 59 31 71,,magasinsportshop.bj,TPE (<10),B2C,Google Maps,4.9,Actif,2026-06-29T00:22:54.818357,moyenne
BJ-5E44C3C3,Commerce Commerce,Commerce & Distribution,Aplahoué,+229 70 66 86 12,commercecommerce@commercecommerc.bj,,TPE (<10),B2C,Google Maps,5.0,Actif,2026-06-29T00:22:54.818375,moyenne
BJ-EB046737,Ets Distribution Shop,Commerce & Distribution,Aplahoué,+229 55 68 25 96,e.distribution@etsdistribution.bj,etsdistributionshop.bj,Grande (>200),B2B/B2C,Google Maps,3.8,Actif,2026-06-29T00:22:54.818394,haute
BJ-C97F027A,Jouets Dogbo-Tota,Commerce & Distribution,Dogbo-Tota,+229 94 35 86 56,j.dogbo@yahoo.fr,,PME (10-50),B2C,Google Maps,4.4,Actif,2026-06-29T00:22:54.818417,moyenne
BJ-62F7C7BA,Mode Groupe,Commerce & Distribution,Dogbo-Tota,+229 29 52 13 72,mode.groupe@modegroupe.com.bj,,PME (50-200),B2C,Google Maps,4.4,Actif,2026-06-29T00:22:54.818435,moyenne
BJ-DCE9B25D,Centre Stock International,Commerce & Distribution,Dogbo-Tota,+229 85 36 18 90,c.stock@centrestockinte.com.bj,,PME (50-200),B2B/B2C,Google Maps,4.5,Actif,2026-06-29T00:22:54.818451,moyenne
BJ-E8B3C22D,Provision Bénin,Commerce & Distribution,Dogbo-Tota,+229 99 87 85 18,p.bénin@yahoo.fr,,PME (10-50),B2B/B2C,Google Maps,3.3,Actif,2026-06-29T00:22:54.818469,moyenne
BJ-376A9224,SARL Détaillant Commerce,Commerce & Distribution,Dogbo-Tota,+229 68 30 94 44,sarldétaillant@yahoo.fr,sarldétaillantcommerce.bj,TPE (<10),B2C,Google Maps,4.0,Actif,2026-06-29T00:22:54.818492,haute
BJ-7B6D78AE,Ets Commerce International,Commerce & Distribution,Kpomassè,+229 55 37 67 97,,,Grande (>200),B2B/B2C,Google Maps,3.7,Actif,2026-06-29T00:22:54.818516,basse
BJ-59383C65,Cosmétique International Kpomassè,Commerce & Distribution,Kpomassè,+229 78 49 15 57,,,PME (50-200),B2B/B2C,Google Maps,4.7,Actif,2026-06-29T00:22:54.818530,basse
BJ-F6382901,Carry,Commerce & Distribution,Kpomassè,+229 29 36 79 76,,,TPE (<10),B2C,Google Maps,3.2,Actif,2026-06-29T00:22:54.818546,basse
BJ-6C186589,Marché Détaillant Ets,Commerce & Distribution,Kpomassè,+229 91 62 95 41,marché_détaillant@marchédétaillan.bj,marchédétaillantets.bj,Grande (>200),B2B/B2C,Google Maps,4.6,Actif,2026-06-29T00:22:54.818568,haute
BJ-57FDE4B4,Shop Hypermarché Groupe,Commerce & Distribution,Kpomassè,+229 99 41 66 33,s.hypermarché@outlook.com,shophypermarchégroupe.bj,PME (50-200),B2B/B2C,Google Maps,4.3,Actif,2026-06-29T00:22:54.818588,haute
BJ-CD1EAFF3,Provision Store,Commerce & Distribution,Tori-Bossito,+229 33 26 96 44,,,TPE (<10),B2B/B2C,Google Maps,3.8,Actif,2026-06-29T00:22:54.818608,basse
BJ-775740DA,Bricolage,Commerce & Distribution,Tori-Bossito,+229 60 51 36 56,bricolage@bricolage.org.bj,bricolage.bj,PME (50-200),B2B/B2C,Google Maps,4.7,Actif,2026-06-29T00:22:54.818624,haute
BJ-6292E7A6,SARL Drive Store,Commerce & Distribution,Tori-Bossito,+229 84 22 83 96,,sarldrivestore.bj,TPE (<10),B2C,Google Maps,4.3,Actif,2026-06-29T00:22:54.818638,moyenne
BJ-6A8B3C7B,Mode,Commerce & Distribution,Tori-Bossito,+229 68 24 67 66,mode@gmail.com,,PME (10-50),B2C,Google Maps,3.6,Actif,2026-06-29T00:22:54.818652,moyenne
BJ-66828CDC,Shop Carry,Commerce & Distribution,Tori-Bossito,+229 26 44 41 89,,shopcarry.bj,TPE (<10),B2C,Google Maps,4.3,Actif,2026-06-29T00:22:54.818665,moyenne
BJ-13370A1D,Shop Discount,Commerce & Distribution,Grand-Popo,+229 34 18 14 44,,shopdiscount.bj,PME (10-50),B2C,Google Maps,3.1,Actif,2026-06-29T00:22:54.818710,moyenne
BJ-D9D0CD5E,Shop Distribution Distribution,Commerce & Distribution,Grand-Popo,+229 21 65 30 85,s.distribution@shopdistributio.com.bj,shopdistributiondistribution.bj,TPE (<10),B2C,Google Maps,4.6,Actif,2026-06-29T00:22:54.818758,haute
BJ-F2F13855,Jardin Shop,Commerce & Distribution,Grand-Popo,+229 25 15 20 51,,jardinshop.bj,TPE (<10),B2B/B2C,Google Maps,4.5,Actif,2026-06-29T00:22:54.818804,moyenne
BJ-127A9443,Bricolage International,Commerce & Distribution,Grand-Popo,+229 44 43 88 96,,,Grande (>200),B2C,Google Maps,3.3,Actif,2026-06-29T00:22:54.818877,basse
BJ-22829FE3,Moto,Commerce & Distribution,Athiémé,+229 27 42 89 60,moto@yahoo.fr,,TPE (<10),B2C,Google Maps,3.2,Actif,2026-06-29T00:22:54.818968,moyenne
BJ-CCE696D2,Shop Cosmétique Commerce,Commerce & Distribution,Athiémé,+229 26 17 22 19,,,Grande (>200),B2B/B2C,Google Maps,4.1,Actif,2026-06-29T00:22:54.818985,basse
BJ-F780531F,Shop Moto Athiémé,Commerce & Distribution,Athiémé,+229 49 53 71 96,,shopmotoathiémé.bj,TPE (<10),B2B/B2C,Google Maps,4.1,Actif,2026-06-29T00:22:54.819001,moyenne
BJ-F0C93AB1,Distribution Marché Bénin,Commerce & Distribution,Athiémé,+229 91 59 92 71,distributionmarché@gmail.com,distributionmarchébénin.bj,TPE (<10),B2C,Google Maps,4.9,Actif,2026-06-29T00:22:54.819022,haute
BJ-D674624A,Hypermarché Groupe,Commerce & Distribution,Athiémé,+229 56 10 23 28,hypermarchégroupe@hypermarchégrou.org.bj,,PME (10-50),B2B/B2C,Google Maps,4.2,Actif,2026-06-29T00:22:54.819057,moyenne
BJ-B6F4A142,Magasin Groupe,Commerce & Distribution,Bopa,+229 69 34 40 59,magasingroupe@gmail.com,,PME (50-200),B2C,Google Maps,4.3,Actif,2026-06-29T00:22:54.819093,moyenne
BJ-F1BC778E,Meuble Bénin,Commerce & Distribution,Bopa,+229 38 77 18 47,,meublebénin.bj,TPE (<10),B2C,Google Maps,3.0,Actif,2026-06-29T00:22:54.819110,moyenne
BJ-9DBBAB98,Hypermarché Commerce,Commerce & Distribution,Bopa,+229 22 31 95 88,hypermarchécommerce@hypermarchécomm.com.bj,,PME (10-50),B2B/B2C,Google Maps,3.5,Actif,2026-06-29T00:22:54.819135,moyenne
BJ-5AEE74DA,Détaillant Bopa,Commerce & Distribution,Bopa,+229 62 15 61 89,d.bopa@yahoo.com,détaillantbopa.bj,PME (50-200),B2C,Google Maps,3.7,Actif,2026-06-29T00:22:54.819161,haute
BJ-5D228BDC,Boutique Meuble Shop,Commerce & Distribution,Bopa,+229 93 45 92 81,b.meuble@boutiquemeubles.bj,,TPE (<10),B2C,Google Maps,4.1,Actif,2026-06-29T00:22:54.819180,moyenne
BJ-628A0CD2,Boutique Market,Commerce & Distribution,Houéyogbé,+229 89 96 94 23,b.market@boutiquemarket.org.bj,boutiquemarket.bj,TPE (<10),B2B/B2C,Google Maps,3.2,Actif,2026-06-29T00:22:54.819282,haute
BJ-8839792B,Ets Quincaillerie International,Commerce & Distribution,Houéyogbé,+229 88 14 56 95,etsquincaillerie@outlook.com,,PME (10-50),B2B/B2C,Google Maps,4.4,Actif,2026-06-29T00:22:54.819324,moyenne
BJ-5A35A316,Groupe Parfumerie,Commerce & Distribution,Houéyogbé,+229 64 65 57 98,groupeparfumerie@yahoo.com,,TPE (<10),B2B/B2C,Google Maps,4.7,Actif,2026-06-29T00:22:54.819356,moyenne
BJ-77689BC8,Cosmétique,Commerce & Distribution,Malanville,+229 64 98 29 80,,,PME (10-50),B2C,Google Maps,3.6,Actif,2026-06-29T00:22:54.819407,basse
BJ-2E71E64C,Jardin Shop,Commerce & Distribution,Malanville,+229 38 80 55 75,j.shop@jardinshop.org.bj,,TPE (<10),B2C,Google Maps,3.6,Actif,2026-06-29T00:22:54.819450,moyenne
BJ-0F80E5C0,Magasin Chaussures,Commerce & Distribution,Malanville,+229 70 32 53 21,,,TPE (<10),B2B/B2C,Google Maps,3.2,Actif,2026-06-29T00:22:54.819485,basse
BJ-D8C264BA,Épicerie SARL,Commerce & Distribution,Malanville,+229 36 36 89 25,,,PME (50-200),B2C,Google Maps,4.6,Actif,2026-06-29T00:22:54.819514,basse
BJ-C32138A1,Magasin Meuble Malanville,Commerce & Distribution,Malanville,+229 49 49 54 67,magasinmeuble@yahoo.fr,magasinmeublemalanville.bj,PME (50-200),B2B/B2C,Google Maps,3.8,Actif,2026-06-29T00:22:54.819545,haute
BJ-B3DCB145,Ets Cosmétique Shop,Commerce & Distribution,Kandi,+229 93 55 44 56,ets.cosmétique@hotmail.com,,PME (10-50),B2B/B2C,Google Maps,4.1,Actif,2026-06-29T00:22:54.819605,moyenne
BJ-C8FF8149,Boutique Supply Ets,Commerce & Distribution,Kandi,+229 61 19 40 19,boutiquesupply@boutiquesupplye.com.bj,boutiquesupplyets.bj,Grande (>200),B2B/B2C,Google Maps,4.9,Actif,2026-06-29T00:22:54.819643,haute
BJ-C1B70DDD,Alimentaire Bénin,Commerce & Distribution,Kandi,+229 24 31 49 79,,,PME (50-200),B2B/B2C,Google Maps,3.6,Actif,2026-06-29T00:22:54.819660,basse
BJ-CAC485A4,Discount,Commerce & Distribution,Kandi,+229 28 73 21 71,discount@discount.bj,,TPE (<10),B2B/B2C,Google Maps,4.5,Actif,2026-06-29T00:22:54.819676,moyenne
BJ-E2B5247C,Groupe Mode,Commerce & Distribution,Kandi,+229 62 33 48 44,,,PME (10-50),B2C,Google Maps,4.5,Actif,2026-06-29T00:22:54.819689,basse
BJ-5370397C,SARL Discount,Commerce & Distribution,Banikoara,+229 22 39 95 65,,,TPE (<10),B2B/B2C,Google Maps,4.9,Actif,2026-06-29T00:22:54.819711,basse
BJ-E21ADD58,Groupe Boutique Ets,Commerce & Distribution,Banikoara,+229 96 57 92 28,groupeboutique@gmail.com,groupeboutiqueets.bj,TPE (<10),B2B/B2C,Google Maps,4.7,Actif,2026-06-29T00:22:54.819729,haute
BJ-E9A38A49,Électroménager,Commerce & Distribution,Banikoara,+229 78 48 49 33,électroménager@électroménager.bj,,PME (10-50),B2C,Google Maps,4.4,Actif,2026-06-29T00:22:54.819772,moyenne
BJ-EFFB5881,Distribution Moto Banikoara,Commerce & Distribution,Banikoara,+229 79 28 88 91,d.moto@yahoo.com,distributionmotobanikoara.bj,TPE (<10),B2C,Google Maps,3.6,Actif,2026-06-29T00:22:54.819790,haute
BJ-66E9AE60,Distribution Bénin,Commerce & Distribution,Ségbana,+229 81 63 60 51,d.bénin@distributionbén.com.bj,,PME (10-50),B2B/B2C,Google Maps,4.4,Actif,2026-06-29T00:22:54.819816,moyenne
BJ-7BA858BF,Hypermarché Distribution Ségbana,Commerce & Distribution,Ségbana,+229 39 23 43 62,hypermarché_distribution@outlook.com,hypermarchédistributionségbana.bj,PME (10-50),B2C,Google Maps,4.5,Actif,2026-06-29T00:22:54.819842,haute
BJ-A7C2F8A7,SARL Parfumerie Ségbana,Commerce & Distribution,Ségbana,+229 28 30 60 74,sarl.parfumerie@outlook.com,sarlparfumerieségbana.bj,PME (50-200),B2B/B2C,Google Maps,3.0,Actif,2026-06-29T00:22:54.819865,haute
BJ-64C9BDD2,Store Stock SARL,Commerce & Distribution,Ségbana,+229 33 85 92 31,s.stock@yahoo.com,,PME (10-50),B2C,Google Maps,3.3,Actif,2026-06-29T00:22:54.819883,moyenne
BJ-37879DA6,Groupe Épicerie Distribution Ségbana,Commerce & Distribution,Ségbana,+229 83 33 37 56,,groupeépiceriedistributionségbana.bj,PME (50-200),B2C,Google Maps,3.6,Actif,2026-06-29T00:22:54.819924,moyenne
BJ-26322CB4,Décoration International,Commerce & Distribution,Karimama,+229 89 12 24 80,,décorationinternational.bj,PME (50-200),B2C,Google Maps,4.5,Actif,2026-06-29T00:22:54.819965,moyenne
BJ-734A81D1,Shop Bricolage,Commerce & Distribution,Karimama,+229 47 26 34 34,,shopbricolage.bj,TPE (<10),B2B/B2C,Google Maps,3.2,Actif,2026-06-29T00:22:54.819993,moyenne
BJ-C9AD37FD,Bricolage Karimama,Commerce & Distribution,Karimama,+229 71 49 65 41,b.karimama@bricolagekarima.bj,,TPE (<10),B2B/B2C,Google Maps,3.5,Actif,2026-06-29T00:22:54.820033,moyenne
BJ-2F901DA5,Magasin Market,Commerce & Distribution,Karimama,+229 72 20 14 52,,,PME (50-200),B2B/B2C,Google Maps,3.3,Actif,2026-06-29T00:22:54.820061,basse
BJ-AA912CE2,Chaussures Store,Commerce & Distribution,Karimama,+229 82 86 62 28,c.store@chaussuresstore.com.bj,,TPE (<10),B2B/B2C,Google Maps,4.8,Actif,2026-06-29T00:22:54.820097,moyenne
BJ-608A9438,SARL Supermarché Commerce,Commerce & Distribution,Gogounou,+229 79 52 51 33,,,PME (10-50),B2B/B2C,Google Maps,4.8,Actif,2026-06-29T00:22:54.820137,basse
BJ-18D0B529,Outillage,Commerce & Distribution,Gogounou,+229 46 32 82 62,outillage@outillage.bj,outillage.bj,PME (50-200),B2B/B2C,Google Maps,4.5,Actif,2026-06-29T00:22:54.820170,haute
BJ-73E1BF11,Cash,Commerce & Distribution,Gogounou,+229 51 11 46 78,,,TPE (<10),B2B/B2C,Google Maps,4.4,Actif,2026-06-29T00:22:54.820219,basse
BJ-26F12B0B,Parfumerie,Commerce & Distribution,Gogounou,+229 89 65 94 74,parfumerie@parfumerie.bj,parfumerie.bj,TPE (<10),B2B/B2C,Google Maps,5.0,Actif,2026-06-29T00:22:54.820235,haute
BJ-485CA584,Magasin Jardin Ets,Commerce & Distribution,Cobly,+229 49 45 41 26,m.jardin@magasinjardinet.com.bj,,TPE (<10),B2C,Google Maps,3.1,Actif,2026-06-29T00:22:54.820261,moyenne
BJ-7A4A81B7,Centre Provision Cobly,Commerce & Distribution,Cobly,+229 59 63 91 31,centre.provision@yahoo.fr,,PME (10-50),B2C,Google Maps,4.7,Actif,2026-06-29T00:22:54.820279,moyenne
BJ-68DDA8BA,Discount SARL,Commerce & Distribution,Cobly,+229 63 26 71 40,,,TPE (<10),B2B/B2C,Google Maps,3.1,Actif,2026-06-29T00:22:54.820295,basse
BJ-9B4BE7C3,Cosmétique SARL,Commerce & Distribution,Cobly,+229 84 66 22 52,,cosmétiquesarl.bj,PME (10-50),B2B/B2C,Google Maps,3.4,Actif,2026-06-29T00:22:54.820314,moyenne
BJ-5E2FCF14,Meuble Cobly,Commerce & Distribution,Cobly,+229 32 91 13 67,meuble_cobly@yahoo.com,meublecobly.bj,PME (10-50),B2B/B2C,Google Maps,3.6,Actif,2026-06-29T00:22:54.820332,haute
BJ-FE249C10,Provision,Commerce & Distribution,Tanguiéta,+229 89 79 57 71,provision@provision.bj,,TPE (<10),B2C,Google Maps,3.1,Actif,2026-06-29T00:22:54.820355,moyenne
BJ-8E720394,Mode Market,Commerce & Distribution,Tanguiéta,+229 94 90 94 13,,,TPE (<10),B2B/B2C,Google Maps,3.2,Actif,2026-06-29T00:22:54.820368,basse
BJ-1BBFBC3E,Store Distribution,Commerce & Distribution,Tanguiéta,+229 53 63 15 37,s.distribution@storedistributi.com.bj,,PME (50-200),B2B/B2C,Google Maps,3.8,Actif,2026-06-29T00:22:54.820387,moyenne
BJ-B52B7B99,Shop Magasin International,Commerce & Distribution,Tanguiéta,+229 64 66 62 11,,,PME (10-50),B2B/B2C,Google Maps,4.6,Actif,2026-06-29T00:22:54.820399,basse
BJ-FDFA0E94,Cosmétique Shop,Commerce & Distribution,Tanguiéta,+229 21 83 82 17,c.shop@yahoo.com,,TPE (<10),B2B/B2C,Google Maps,3.4,Actif,2026-06-29T00:22:54.820417,moyenne
BJ-F52754B1,Commerce Store,Commerce & Distribution,Matéri,+229 41 15 19 78,,,PME (10-50),B2C,Google Maps,3.4,Actif,2026-06-29T00:22:54.820437,basse
BJ-5A5ABBC5,Bricolage International,Commerce & Distribution,Matéri,+229 97 67 89 67,b.international@bricolageintern.org.bj,,TPE (<10),B2B/B2C,Google Maps,3.4,Actif,2026-06-29T00:22:54.820454,moyenne
BJ-BA51848D,Commerce Discount Distribution Matéri,Commerce & Distribution,Matéri,+229 23 43 61 58,,commercediscountdistributionmatéri.bj,TPE (<10),B2B/B2C,Google Maps,3.0,Actif,2026-06-29T00:22:54.820473,moyenne
BJ-95AE6A8D,Centre Détaillant,Commerce & Distribution,Matéri,+229 84 34 14 80,centredétaillant@centredétaillan.bj,centredétaillant.bj,PME (10-50),B2B/B2C,Google Maps,3.2,Actif,2026-06-29T00:22:54.820494,haute
BJ-F6F3D43E,Magasin Automobile Matéri,Commerce & Distribution,Matéri,+229 59 74 24 50,magasin.automobile@magasinautomobi.com.bj,,TPE (<10),B2B/B2C,Google Maps,3.1,Actif,2026-06-29T00:22:54.820512,moyenne
BJ-878C4BE7,Magasin Cash Groupe,Commerce & Distribution,Natitingou,+229 54 51 61 22,magasincash@yahoo.com,magasincashgroupe.bj,Grande (>200),B2C,Google Maps,3.2,Actif,2026-06-29T00:22:54.820536,haute
BJ-594B5ABC,SARL Mode Groupe Natitingou,Commerce & Distribution,Natitingou,+229 20 58 49 21,sarl.mode@sarlmodegroupen.bj,,TPE (<10),B2B/B2C,Google Maps,5.0,Actif,2026-06-29T00:22:54.820554,moyenne
BJ-2F84A89F,Meuble,Commerce & Distribution,Natitingou,+229 22 70 16 41,meuble@yahoo.com,meuble.bj,TPE (<10),B2C,Google Maps,3.5,Actif,2026-06-29T00:22:54.820569,haute
BJ-B25A783C,Quincaillerie Natitingou,Commerce & Distribution,Natitingou,+229 97 23 73 10,quincaillerie.natitingou@yahoo.com,,TPE (<10),B2C,Google Maps,3.4,Actif,2026-06-29T00:22:54.820586,moyenne
BJ-6D7DB387,Groupe Jardin Commerce,Commerce & Distribution,Natitingou,+229 91 87 86 68,groupejardin@yahoo.com,,TPE (<10),B2C,Google Maps,3.8,Actif,2026-06-29T00:22:54.820606,moyenne
BJ-7FC0463C,Shop Décoration,Commerce & Distribution,Toucountouna,+229 43 40 96 38,shop.décoration@yahoo.fr,shopdécoration.bj,PME (50-200),B2C,Google Maps,3.4,Actif,2026-06-29T00:22:54.820635,haute
BJ-FA9B805A,Marché Moto Groupe,Commerce & Distribution,Toucountouna,+229 95 44 11 99,marché_moto@marchémotogroup.org.bj,,PME (10-50),B2C,Google Maps,4.7,Actif,2026-06-29T00:22:54.820654,moyenne
BJ-A58CBF29,Mode International Toucountouna,Commerce & Distribution,Toucountouna,+229 80 86 58 98,mode.international@modeinternation.bj,modeinternationaltoucountouna.bj,PME (50-200),B2C,Google Maps,3.0,Actif,2026-06-29T00:22:54.820676,haute
BJ-CA495552,Sport Toucountouna,Commerce & Distribution,Toucountouna,+229 21 92 85 20,s.toucountouna@sporttoucountou.org.bj,sporttoucountouna.bj,Grande (>200),B2B/B2C,Google Maps,3.5,Actif,2026-06-29T00:22:54.820695,haute
BJ-21434877,Mode Groupe,Commerce & Distribution,Toucountouna,+229 53 55 86 26,mode.groupe@yahoo.com,,PME (10-50),B2B/B2C,Google Maps,4.9,Actif,2026-06-29T00:22:54.820710,moyenne
BJ-7CA46C26,Commerce Marché Market,Commerce & Distribution,Boukoumbé,+229 39 96 77 65,commerce.marché@commercemarchém.com.bj,commercemarchémarket.bj,PME (10-50),B2B/B2C,Google Maps,4.5,Actif,2026-06-29T00:22:54.820737,haute
BJ-83C596EF,Commerce Supermarché,Commerce & Distribution,Boukoumbé,+229 76 24 46 60,c.supermarché@hotmail.com,,TPE (<10),B2B/B2C,Google Maps,3.2,Actif,2026-06-29T00:22:54.820767,moyenne
BJ-2DEF5525,SARL Sport Boukoumbé,Commerce & Distribution,Boukoumbé,+229 94 93 70 23,sarlsport@yahoo.fr,,TPE (<10),B2B/B2C,Google Maps,3.9,Actif,2026-06-29T00:22:54.820784,moyenne
BJ-FF5F9FB6,Boutique Meuble Bénin,Commerce & Distribution,Boukoumbé,+229 81 74 91 27,boutique.meuble@hotmail.com,boutiquemeublebénin.bj,PME (10-50),B2B/B2C,Google Maps,3.4,Actif,2026-06-29T00:22:54.820803,haute
BJ-C03BCA2C,Store Quincaillerie Market,Commerce & Distribution,Kouandé,+229 92 31 30 48,s.quincaillerie@yahoo.com,,PME (10-50),B2B/B2C,Google Maps,4.6,Actif,2026-06-29T00:22:54.820827,moyenne
BJ-5259CF93,Épicerie Ets Kouandé,Commerce & Distribution,Kouandé,+229 79 55 33 47,é.ets@épicerieetskoua.org.bj,épicerieetskouandé.bj,PME (10-50),B2C,Google Maps,3.7,Actif,2026-06-29T00:22:54.820848,haute
BJ-BE4919B0,Marché Provision,Commerce & Distribution,Kouandé,+229 89 29 40 78,,marchéprovision.bj,TPE (<10),B2C,Google Maps,4.2,Actif,2026-06-29T00:22:54.820865,moyenne
BJ-3F958B23,Marché Discount Store,Commerce & Distribution,Kouandé,+229 63 27 24 66,,marchédiscountstore.bj,PME (10-50),B2B/B2C,Google Maps,4.1,Actif,2026-06-29T00:22:54.820906,moyenne
BJ-05146A2B,Marché,Commerce & Distribution,Péhunco,+229 67 30 29 10,marché@marché.org.bj,marché.bj,PME (50-200),B2C,Google Maps,3.4,Actif,2026-06-29T00:22:54.820932,haute
BJ-C8FD9929,Moto Commerce,Commerce & Distribution,Péhunco,+229 43 85 97 68,moto.commerce@yahoo.fr,,PME (10-50),B2B/B2C,Google Maps,3.2,Actif,2026-06-29T00:22:54.820954,moyenne
BJ-EB6402D0,Centre Magasin,Commerce & Distribution,Péhunco,+229 20 47 93 44,centremagasin@centremagasin.org.bj,centremagasin.bj,TPE (<10),B2C,Google Maps,3.8,Actif,2026-06-29T00:22:54.820976,haute
BJ-861355BB,Cosmétique Groupe,Commerce & Distribution,Péhunco,+229 83 35 25 13,,,PME (10-50),B2C,Google Maps,4.3,Actif,2026-06-29T00:22:54.820989,basse
BJ-FAFF392A,Alimentaire Market Péhunco,Commerce & Distribution,Péhunco,+229 46 88 95 44,,,TPE (<10),B2B/B2C,Google Maps,3.3,Actif,2026-06-29T00:22:54.821002,basse
BJ-A5B4F871,SARL Mode Commerce Tchaourou,Commerce & Distribution,Tchaourou,+229 50 44 24 97,,,Grande (>200),B2C,Google Maps,3.4,Actif,2026-06-29T00:22:54.821022,basse
BJ-C7023D72,Groupe Drive Shop,Commerce & Distribution,Tchaourou,+229 32 46 95 30,,,PME (50-200),B2C,Google Maps,3.3,Actif,2026-06-29T00:22:54.821035,basse
BJ-07B11BFA,Ets High-Tech Tchaourou,Commerce & Distribution,Tchaourou,+229 84 19 95 20,,,TPE (<10),B2B/B2C,Google Maps,4.5,Actif,2026-06-29T00:22:54.821058,basse
BJ-2F12B659,Shop Provision Tchaourou,Commerce & Distribution,Tchaourou,+229 77 46 88 93,shop.provision@shopprovisiontc.com.bj,,Grande (>200),B2C,Google Maps,3.2,Actif,2026-06-29T00:22:54.821077,moyenne
BJ-71B80580,High-Tech SARL,Commerce & Distribution,Tchaourou,+229 37 75 11 35,hightech@hightechsarl.bj,,TPE (<10),B2B/B2C,Google Maps,4.1,Actif,2026-06-29T00:22:54.821094,moyenne
BJ-C1D627EF,Shop Mode,Commerce & Distribution,Nikki,+229 90 73 48 75,,shopmode.bj,PME (10-50),B2B/B2C,Google Maps,4.8,Actif,2026-06-29T00:22:54.821115,moyenne
BJ-6B5B01E2,Centre Discount Nikki,Commerce & Distribution,Nikki,+229 68 72 23 84,c.discount@centrediscountn.org.bj,centrediscountnikki.bj,TPE (<10),B2C,Google Maps,4.8,Actif,2026-06-29T00:22:54.821133,haute
BJ-DA44C364,Parfumerie,Commerce & Distribution,Nikki,+229 51 84 56 89,parfumerie@outlook.com,parfumerie.bj,PME (10-50),B2C,Google Maps,4.8,Actif,2026-06-29T00:22:54.821149,haute
BJ-99E79536,Centre Électroménager,Commerce & Distribution,Nikki,+229 39 60 76 65,centre.électroménager@centreélectromé.com.bj,,PME (10-50),B2B/B2C,Google Maps,4.2,Actif,2026-06-29T00:22:54.821168,moyenne
BJ-A8DB8939,Discount Shop,Commerce & Distribution,Nikki,+229 51 56 51 25,,,PME (10-50),B2C,Google Maps,3.8,Actif,2026-06-29T00:22:54.821180,basse
BJ-7F834CF0,Distribution Hard,Commerce & Distribution,Bembéréké,+229 68 27 73 18,,distributionhard.bj,Grande (>200),B2B/B2C,Google Maps,3.6,Actif,2026-06-29T00:22:54.821221,moyenne
BJ-EFAD7B71,Moto,Commerce & Distribution,Bembéréké,+229 25 72 44 69,,,TPE (<10),B2C,Google Maps,4.2,Actif,2026-06-29T00:22:54.821239,basse
BJ-AA3AC27B,Groupe High-Tech Ets,Commerce & Distribution,Bembéréké,+229 66 37 30 26,groupe.high@groupehighteche.com.bj,groupehightechets.bj,PME (10-50),B2B/B2C,Google Maps,3.3,Actif,2026-06-29T00:22:54.821258,haute
BJ-F3DD8E79,Vêtements Groupe,Commerce & Distribution,Bembéréké,+229 53 63 73 44,vêtements.groupe@hotmail.com,vêtementsgroupe.bj,PME (50-200),B2C,Google Maps,3.2,Actif,2026-06-29T00:22:54.821277,haute
BJ-CBDB3AD0,Marché,Commerce & Distribution,Kalalé,+229 43 59 85 37,,,Grande (>200),B2C,Google Maps,3.5,Actif,2026-06-29T00:22:54.821297,basse
BJ-54C9CC39,Cosmétique,Commerce & Distribution,Kalalé,+229 45 71 35 21,cosmétique@cosmétique.org.bj,cosmétique.bj,PME (10-50),B2C,Google Maps,3.2,Actif,2026-06-29T00:22:54.821314,haute
BJ-CDD30716,Groupe Commerce Market Kalalé,Commerce & Distribution,Kalalé,+229 96 66 83 58,,,TPE (<10),B2C,Google Maps,4.4,Actif,2026-06-29T00:22:54.821341,basse
BJ-EB20C175,Automobile International,Commerce & Distribution,Kalalé,+229 86 30 50 70,automobile_international@yahoo.fr,,PME (50-200),B2B/B2C,Google Maps,3.2,Actif,2026-06-29T00:22:54.821358,moyenne
BJ-9CE42337,Hard Ndali,Commerce & Distribution,Ndali,+229 83 71 64 28,h.ndali@hardndali.com.bj,hardndali.bj,TPE (<10),B2C,Google Maps,4.8,Actif,2026-06-29T00:22:54.821383,haute
BJ-5326BAC3,SARL Détaillant Commerce Ndali,Commerce & Distribution,Ndali,+229 93 82 96 69,sarl_détaillant@gmail.com,sarldétaillantcommercendali.bj,TPE (<10),B2B/B2C,Google Maps,4.3,Actif,2026-06-29T00:22:54.821403,haute
BJ-11618E8F,Distribution Détaillant Groupe,Commerce & Distribution,Ndali,+229 59 92 99 33,,distributiondétaillantgroupe.bj,TPE (<10),B2B/B2C,Google Maps,4.2,Actif,2026-06-29T00:22:54.821420,moyenne
BJ-CE48149B,Magasin High-Tech Groupe Ndali,Commerce & Distribution,Ndali,+229 22 81 14 47,magasinhigh@outlook.com,,PME (10-50),B2C,Google Maps,4.7,Actif,2026-06-29T00:22:54.821438,moyenne
BJ-E005ED09,Cash Commerce Ndali,Commerce & Distribution,Ndali,+229 98 14 78 73,cashcommerce@gmail.com,cashcommercendali.bj,TPE (<10),B2C,Google Maps,4.4,Actif,2026-06-29T00:22:54.821455,haute
BJ-2C410D16,Store Quincaillerie,Commerce & Distribution,Ségbana,+229 71 59 47 30,store.quincaillerie@gmail.com,,PME (10-50),B2B/B2C,Google Maps,4.4,Actif,2026-06-29T00:22:54.821480,moyenne
BJ-74C46336,Moto,Commerce & Distribution,Ségbana,+229 51 79 93 70,moto@yahoo.com,,PME (50-200),B2C,Google Maps,4.8,Actif,2026-06-29T00:22:54.821496,moyenne
BJ-D17F7996,Distribution Store,Commerce & Distribution,Ségbana,+229 58 67 61 72,distribution.store@distributionsto.org.bj,,PME (50-200),B2B/B2C,Google Maps,3.3,Actif,2026-06-29T00:22:54.821540,moyenne
BJ-5D518694,Commerce Cosmétique Store,Commerce & Distribution,Ségbana,+229 87 71 14 47,c.cosmétique@commercecosméti.org.bj,,TPE (<10),B2C,Google Maps,3.5,Actif,2026-06-29T00:22:54.821559,moyenne
BJ-212FFED4,Marché Jouets,Commerce & Distribution,Tchaourou,+229 29 90 51 20,,,Grande (>200),B2C,Google Maps,4.1,Actif,2026-06-29T00:22:54.821579,basse
BJ-E67214C5,Groupe Boutique International,Commerce & Distribution,Tchaourou,+229 96 61 32 33,groupe.boutique@yahoo.com,,TPE (<10),B2B/B2C,Google Maps,4.3,Actif,2026-06-29T00:22:54.821596,moyenne
BJ-F24E9B0E,Magasin Provision International,Commerce & Distribution,Tchaourou,+229 40 23 94 32,magasinprovision@outlook.com,,TPE (<10),B2C,Google Maps,4.9,Actif,2026-06-29T00:22:54.821617,moyenne
BJ-340714EF,Provision Market Tchaourou,Commerce & Distribution,Tchaourou,+229 36 96 67 17,provisionmarket@yahoo.fr,,TPE (<10),B2C,Google Maps,4.9,Actif,2026-06-29T00:22:54.821634,moyenne
BJ-137DFC8E,Boutique Électroménager Tchaourou,Commerce & Distribution,Tchaourou,+229 68 15 22 32,boutique.électroménager@outlook.com,,TPE (<10),B2C,Google Maps,3.1,Actif,2026-06-29T00:22:54.821651,moyenne
BJ-E309EC9A,Magasin Meuble SARL Bétérou,Commerce & Distribution,Bétérou,+229 52 19 96 15,magasin.meuble@magasinmeublesa.com.bj,magasinmeublesarlbétérou.bj,TPE (<10),B2B/B2C,Google Maps,3.9,Actif,2026-06-29T00:22:54.821680,haute
BJ-4183B3BA,SARL Vêtements,Commerce & Distribution,Bétérou,+229 34 20 55 27,sarl.vêtements@outlook.com,,TPE (<10),B2C,Google Maps,3.4,Actif,2026-06-29T00:22:54.821715,moyenne
BJ-D37E60BE,Distribution Provision SARL,Commerce & Distribution,Bétérou,+229 93 83 91 62,,,Grande (>200),B2C,Google Maps,4.3,Actif,2026-06-29T00:22:54.821727,basse
BJ-1751AEC8,Électroménager Bétérou,Commerce & Distribution,Bétérou,+229 32 22 15 52,électroménager.bétérou@électroménagerb.com.bj,électroménagerbétérou.bj,PME (50-200),B2B/B2C,Google Maps,4.9,Actif,2026-06-29T00:22:54.821747,haute
BJ-AF4D1838,Magasin Moto,Commerce & Distribution,Ouessè,+229 48 69 19 33,magasinmoto@magasinmoto.com.bj,magasinmoto.bj,PME (10-50),B2B/B2C,Google Maps,3.1,Actif,2026-06-29T00:22:54.821772,haute
BJ-9918C52A,Super Automobile,Commerce & Distribution,Ouessè,+229 92 21 17 26,,superautomobile.bj,PME (10-50),B2B/B2C,Google Maps,4.2,Actif,2026-06-29T00:22:54.821785,moyenne
BJ-7C37717D,Distribution Décoration SARL,Commerce & Distribution,Ouessè,+229 25 67 37 48,distribution.décoration@yahoo.fr,,TPE (<10),B2B/B2C,Google Maps,3.4,Actif,2026-06-29T00:22:54.821805,moyenne
BJ-B9FAD188,Ets Vêtements,Commerce & Distribution,Ouessè,+229 26 24 41 14,ets.vêtements@etsvêtements.org.bj,,TPE (<10),B2B/B2C,Google Maps,3.6,Actif,2026-06-29T00:22:54.821824,moyenne
BJ-9A1A637C,Boutique Store,Commerce & Distribution,Ouessè,+229 36 42 35 59,b.store@boutiquestore.org.bj,,PME (10-50),B2C,Google Maps,3.7,Actif,2026-06-29T00:22:54.821841,moyenne
BJ-88B49E16,Groupe High-Tech Market,Commerce & Distribution,Glazoué,+229 68 41 19 97,groupehigh@groupehightechm.com.bj,groupehightechmarket.bj,PME (10-50),B2C,Google Maps,4.2,Actif,2026-06-29T00:22:54.821869,haute
BJ-0EF9800F,Shop Outillage,Commerce & Distribution,Glazoué,+229 81 95 99 68,,,TPE (<10),B2B/B2C,Google Maps,3.3,Actif,2026-06-29T00:22:54.821883,basse
BJ-60DD12DC,Alimentaire Ets Glazoué,Commerce & Distribution,Glazoué,+229 62 57 50 48,alimentaire.ets@alimentaireetsg.bj,,PME (50-200),B2C,Google Maps,4.9,Actif,2026-06-29T00:22:54.821913,moyenne
BJ-5A636F46,Discount Glazoué,Commerce & Distribution,Glazoué,+229 51 36 92 51,d.glazoué@discountglazoué.bj,,PME (10-50),B2B/B2C,Google Maps,3.3,Actif,2026-06-29T00:22:54.821932,moyenne
BJ-CB048D34,Marché Parfumerie,Commerce & Distribution,Glazoué,+229 94 29 68 96,marchéparfumerie@outlook.com,marchéparfumerie.bj,PME (10-50),B2C,Google Maps,3.8,Actif,2026-06-29T00:22:54.821950,haute
BJ-6D7FFD1A,Sport Dassa-Zoumè,Commerce & Distribution,Dassa-Zoumè,+229 85 40 14 22,s.dassa@yahoo.fr,,TPE (<10),B2C,Google Maps,3.1,Actif,2026-06-29T00:22:54.821974,moyenne
BJ-4F89F181,Chaussures Bénin,Commerce & Distribution,Dassa-Zoumè,+229 32 34 40 76,chaussuresbénin@chaussuresbénin.org.bj,,TPE (<10),B2C,Google Maps,3.3,Actif,2026-06-29T00:22:54.822011,moyenne
BJ-1779FE2D,Carry,Commerce & Distribution,Dassa-Zoumè,+229 31 15 46 71,carry@carry.com.bj,,PME (10-50),B2B/B2C,Google Maps,4.3,Actif,2026-06-29T00:22:54.822027,moyenne
BJ-9D8EDFE8,Boutique Supply Dassa-Zoumè,Commerce & Distribution,Dassa-Zoumè,+229 99 69 57 43,boutique.supply@boutiquesupplyd.com.bj,boutiquesupplydassazoumè.bj,TPE (<10),B2B/B2C,Google Maps,4.5,Actif,2026-06-29T00:22:54.822049,haute
BJ-F338E3A1,Marché Stock Savalou,Commerce & Distribution,Savalou,+229 90 81 41 10,marché.stock@hotmail.com,,TPE (<10),B2C,Google Maps,3.6,Actif,2026-06-29T00:22:54.822110,moyenne
BJ-E04D0A25,Discount Savalou,Commerce & Distribution,Savalou,+229 98 71 25 81,,,TPE (<10),B2B/B2C,Google Maps,3.9,Actif,2026-06-29T00:22:54.822122,basse
BJ-EE9C5896,Moto Bénin,Commerce & Distribution,Savalou,+229 89 14 24 32,,,TPE (<10),B2C,Google Maps,3.9,Actif,2026-06-29T00:22:54.822135,basse
BJ-673C6D7B,SARL Bricolage Commerce,Commerce & Distribution,Bantè,+229 32 77 50 71,,,TPE (<10),B2B/B2C,Google Maps,4.2,Actif,2026-06-29T00:22:54.822153,basse
BJ-00D96958,Jardin SARL,Commerce & Distribution,Bantè,+229 33 72 96 37,jardinsarl@hotmail.com,jardinsarl.bj,PME (50-200),B2C,Google Maps,3.6,Actif,2026-06-29T00:22:54.822171,haute
BJ-484D0069,Outillage,Commerce & Distribution,Bantè,+229 97 24 65 78,outillage@outillage.com.bj,outillage.bj,TPE (<10),B2B/B2C,Google Maps,3.4,Actif,2026-06-29T00:22:54.822193,haute
BJ-13569FAC,Groupe Provision,Commerce & Distribution,Bantè,+229 65 36 81 40,groupeprovision@hotmail.com,groupeprovision.bj,TPE (<10),B2C,Google Maps,3.2,Actif,2026-06-29T00:22:54.822211,haute
BJ-64709CE3,Cosmétique SARL,Commerce & Distribution,Bantè,+229 27 76 36 98,,,TPE (<10),B2C,Google Maps,4.1,Actif,2026-06-29T00:22:54.822224,basse
BJ-14C96F57,Quincaillerie SARL Djougou,Commerce & Distribution,Djougou,+229 29 40 95 85,quincaillerie.sarl@yahoo.com,,TPE (<10),B2C,Google Maps,4.8,Actif,2026-06-29T00:22:54.822247,moyenne
BJ-11755654,Boutique Shop,Commerce & Distribution,Djougou,+229 34 66 95 26,boutiqueshop@boutiqueshop.org.bj,boutiqueshop.bj,Grande (>200),B2C,Google Maps,3.4,Actif,2026-06-29T00:22:54.822265,haute
BJ-768160AB,Détaillant,Commerce & Distribution,Djougou,+229 78 92 56 65,détaillant@détaillant.com.bj,,TPE (<10),B2B/B2C,Google Maps,3.4,Actif,2026-06-29T00:22:54.822296,moyenne
BJ-1CCC7C5D,Moto Groupe,Commerce & Distribution,Djougou,+229 84 13 68 72,motogroupe@motogroupe.com.bj,,PME (10-50),B2C,Google Maps,3.4,Actif,2026-06-29T00:22:54.822312,moyenne
BJ-8A1225B2,Supermarché,Commerce & Distribution,Ouèssè,+229 29 74 71 57,supermarché@outlook.com,supermarché.bj,PME (50-200),B2B/B2C,Google Maps,4.2,Actif,2026-06-29T00:22:54.822335,haute
BJ-D23F721F,SARL Grossiste Commerce,Commerce & Distribution,Ouèssè,+229 42 97 12 67,,sarlgrossistecommerce.bj,TPE (<10),B2C,Google Maps,4.5,Actif,2026-06-29T00:22:54.822349,moyenne
BJ-FEB3703C,Ets Grossiste SARL,Commerce & Distribution,Ouèssè,+229 86 47 58 37,,etsgrossistesarl.bj,TPE (<10),B2C,Google Maps,4.9,Actif,2026-06-29T00:22:54.822403,moyenne
BJ-7BAE900C,Distribution Moto Store,Commerce & Distribution,Bassila,+229 26 97 18 94,d.moto@outlook.com,distributionmotostore.bj,PME (10-50),B2C,Google Maps,4.2,Actif,2026-06-29T00:22:54.822428,haute
BJ-C254CECA,SARL Jardin Groupe Bassila,Commerce & Distribution,Bassila,+229 82 98 53 69,,,Grande (>200),B2B/B2C,Google Maps,4.1,Actif,2026-06-29T00:22:54.822441,basse
BJ-8124295F,Décoration,Commerce & Distribution,Bassila,+229 70 89 54 83,décoration@décoration.com.bj,,PME (50-200),B2C,Google Maps,4.4,Actif,2026-06-29T00:22:54.822457,moyenne
BJ-42B9660D,Carry Bassila,Commerce & Distribution,Bassila,+229 32 40 85 59,,,PME (10-50),B2C,Google Maps,4.1,Actif,2026-06-29T00:22:54.822472,basse
BJ-199A4E64,Marché Mode International,Commerce & Distribution,Bassila,+229 20 64 69 79,,marchémodeinternational.bj,TPE (<10),B2B/B2C,Google Maps,3.2,Actif,2026-06-29T00:22:54.822489,moyenne
BJ-90FAB2C9,Centre Détaillant Commerce Pehunco,Commerce & Distribution,Pehunco,+229 51 66 91 91,,centredétaillantcommercepehunco.bj,Grande (>200),B2C,Google Maps,3.4,Actif,2026-06-29T00:22:54.822511,moyenne
BJ-4FDCDFBA,Drive,Commerce & Distribution,Pehunco,+229 36 47 64 43,drive@drive.com.bj,,Grande (>200),B2C,Google Maps,3.9,Actif,2026-06-29T00:22:54.822526,moyenne
BJ-B4C6157F,Centre Marché Bénin,Commerce & Distribution,Pehunco,+229 92 42 12 58,centre_marché@gmail.com,centremarchébénin.bj,PME (10-50),B2B/B2C,Google Maps,4.9,Actif,2026-06-29T00:22:54.822548,haute
BJ-81450FA5,SARL Grossiste,Commerce & Distribution,Pehunco,+229 91 83 30 67,sarl.grossiste@outlook.com,,TPE (<10),B2C,Google Maps,3.2,Actif,2026-06-29T00:22:54.822566,moyenne
BJ-6E6C04BC,Jouets Distribution,Commerce & Distribution,Pehunco,+229 39 37 25 65,jouetsdistribution@yahoo.fr,,TPE (<10),B2C,Google Maps,4.0,Actif,2026-06-29T00:22:54.822581,moyenne
BJ-1FF9D405,Vêtements Copargo,Commerce & Distribution,Copargo,+229 49 54 64 92,,vêtementscopargo.bj,TPE (<10),B2C,Google Maps,4.6,Actif,2026-06-29T00:22:54.822601,moyenne
BJ-3363FA35,Jouets Store,Commerce & Distribution,Copargo,+229 96 69 43 34,jouets.store@jouetsstore.com.bj,,TPE (<10),B2B/B2C,Google Maps,3.9,Actif,2026-06-29T00:22:54.822618,moyenne
BJ-643FC634,Store Cash Commerce,Commerce & Distribution,Copargo,+229 67 70 25 64,,,PME (50-200),B2B/B2C,Google Maps,4.8,Actif,2026-06-29T00:22:54.822631,basse
BJ-28E13F61,Commerce Décoration Commerce,Commerce & Distribution,Copargo,+229 66 69 62 20,,commercedécorationcommerce.bj,TPE (<10),B2B/B2C,Google Maps,4.1,Actif,2026-06-29T00:22:54.822644,moyenne
BJ-CDC41680,Super Magasin,Commerce & Distribution,Copargo,+229 52 36 26 19,supermagasin@supermagasin.com.bj,supermagasin.bj,TPE (<10),B2B/B2C,Google Maps,4.7,Actif,2026-06-29T00:22:54.822661,haute
BJ-A5E421FD,Café Saveur Brasserie,Restauration & Hôtellerie,Cotonou,+229 83 18 12 85,café.saveur@cafésaveurbrass.bj,,PME (10-50),B2C,Google Maps,3.9,Actif,2026-06-29T00:22:54.822688,moyenne
BJ-A41FC1BC,Délice,Restauration & Hôtellerie,Cotonou,+229 61 47 97 62,,délice.bj,PME (50-200),B2C,Google Maps,4.5,Actif,2026-06-29T00:22:54.822702,moyenne
BJ-0A6C9A0C,Fast Fusion,Restauration & Hôtellerie,Cotonou,+229 34 57 56 19,,fastfusion.bj,PME (10-50),B2C,Google Maps,3.1,Actif,2026-06-29T00:22:54.822718,moyenne
BJ-8CD60F57,Pizzeria,Restauration & Hôtellerie,Cotonou,+229 87 94 84 68,pizzeria@hotmail.com,pizzeria.bj,TPE (<10),B2C,Google Maps,3.8,Actif,2026-06-29T00:22:54.822749,haute
BJ-0A171CA8,Boulangerie,Restauration & Hôtellerie,Abomey-Calavi,+229 22 26 86 38,,boulangerie.bj,TPE (<10),B2C,Google Maps,4.6,Actif,2026-06-29T00:22:54.822768,moyenne
BJ-5C8A7D3C,Burger Resort Abomey-Calavi,Restauration & Hôtellerie,Abomey-Calavi,+229 24 50 34 61,burger.resort@burgerresortabo.org.bj,burgerresortabomeycalavi.bj,TPE (<10),B2C,Google Maps,3.8,Actif,2026-06-29T00:22:54.822788,haute
BJ-132D2A15,Restaurant Local Abomey-Calavi,Restauration & Hôtellerie,Abomey-Calavi,+229 90 61 62 25,restaurantlocal@restaurantlocal.bj,restaurantlocalabomeycalavi.bj,TPE (<10),B2C,Google Maps,3.8,Actif,2026-06-29T00:22:54.822806,haute
BJ-09DB97B2,Cantine Sandwich,Restauration & Hôtellerie,Abomey-Calavi,+229 21 28 32 70,,cantinesandwich.bj,PME (50-200),B2C,Google Maps,4.7,Actif,2026-06-29T00:22:54.822819,moyenne
BJ-E213FDB3,Karaoke International,Restauration & Hôtellerie,Abomey-Calavi,+229 40 84 77 77,karaokeinternational@yahoo.fr,karaokeinternational.bj,PME (10-50),B2C,Google Maps,3.4,Actif,2026-06-29T00:22:54.822836,haute
BJ-3554E0F4,Cantine Pub,Restauration & Hôtellerie,Porto-Novo,+229 91 44 32 76,cantinepub@gmail.com,,TPE (<10),B2C,Google Maps,3.2,Actif,2026-06-29T00:22:54.822859,moyenne
BJ-0ACCD171,Grill,Restauration & Hôtellerie,Porto-Novo,+229 77 80 71 37,grill@grill.org.bj,,PME (10-50),B2C,Google Maps,4.0,Actif,2026-06-29T00:22:54.822874,moyenne
BJ-351EA78C,Pizzeria Restaurant Porto-Novo,Restauration & Hôtellerie,Porto-Novo,+229 88 16 77 68,pizzeriarestaurant@hotmail.com,,Grande (>200),B2C,Google Maps,4.6,Actif,2026-06-29T00:22:54.822908,moyenne
BJ-9EFAD38E,Bar Boulangerie Porto-Novo,Restauration & Hôtellerie,Porto-Novo,+229 71 62 78 38,barboulangerie@hotmail.com,barboulangerieportonovo.bj,TPE (<10),B2C,Google Maps,3.2,Actif,2026-06-29T00:22:54.822950,haute
BJ-CFC062BA,Hôtel Mer Café Porto-Novo,Restauration & Hôtellerie,Porto-Novo,+229 88 22 42 13,hôtel.mer@hotmail.com,hôtelmercaféportonovo.bj,TPE (<10),B2C,Google Maps,3.9,Actif,2026-06-29T00:22:54.822989,haute
BJ-16891364,Auberge Plaisir Spa,Restauration & Hôtellerie,Parakou,+229 45 67 39 14,,aubergeplaisirspa.bj,PME (10-50),B2C,Google Maps,3.3,Actif,2026-06-29T00:22:54.823027,moyenne
BJ-A2E760EC,Traiteur Salade Inn,Restauration & Hôtellerie,Parakou,+229 55 62 89 46,t.salade@traiteursaladei.bj,traiteursaladeinn.bj,PME (10-50),B2C,Google Maps,3.5,Actif,2026-06-29T00:22:54.823063,haute
BJ-3CFFB0AC,Pension Nouveau Hotel,Restauration & Hôtellerie,Parakou,+229 68 70 31 48,pensionnouveau@yahoo.com,pensionnouveauhotel.bj,Grande (>200),B2C,Google Maps,4.9,Actif,2026-06-29T00:22:54.823099,haute
BJ-6D5FFCEE,Traiteur Pâtisserie International,Restauration & Hôtellerie,Parakou,+229 81 72 35 78,traiteurpâtisserie@traiteurpâtisse.org.bj,,PME (10-50),B2C,Google Maps,4.8,Actif,2026-06-29T00:22:54.823136,moyenne
BJ-FBDB52CF,Bar Boulangerie Restaurant,Restauration & Hôtellerie,Parakou,+229 44 19 53 74,barboulangerie@yahoo.com,,TPE (<10),B2C,Google Maps,3.0,Actif,2026-06-29T00:22:54.823176,moyenne
BJ-C03E6850,Boulangerie Bohicon,Restauration & Hôtellerie,Bohicon,+229 20 78 73 14,boulangeriebohicon@outlook.com,boulangeriebohicon.bj,PME (50-200),B2C,Google Maps,4.6,Actif,2026-06-29T00:22:54.823226,haute
BJ-CE086A12,Discothèque International,Restauration & Hôtellerie,Bohicon,+229 94 49 40 73,discothèqueinternational@discothèqueinte.org.bj,discothèqueinternational.bj,TPE (<10),B2C,Google Maps,4.3,Actif,2026-06-29T00:22:54.823275,haute
BJ-A48C42BA,Lac,Restauration & Hôtellerie,Bohicon,+229 66 32 69 88,,lac.bj,Grande (>200),B2C,Google Maps,4.3,Actif,2026-06-29T00:22:54.823312,moyenne
BJ-83A6C873,Mer,Restauration & Hôtellerie,Bohicon,+229 68 61 74 95,,mer.bj,TPE (<10),B2C,Google Maps,4.0,Actif,2026-06-29T00:22:54.823342,moyenne
BJ-9E500D1F,Brasserie Lac,Restauration & Hôtellerie,Bohicon,+229 86 63 68 31,brasserie.lac@outlook.com,brasserielac.bj,Grande (>200),B2C,Google Maps,4.1,Actif,2026-06-29T00:22:54.823364,haute
BJ-CA65B787,Cantine Authentique,Restauration & Hôtellerie,Natitingou,+229 21 87 90 83,cantine_authentique@cantineauthenti.com.bj,cantineauthentique.bj,PME (10-50),B2C,Google Maps,3.9,Actif,2026-06-29T00:22:54.823396,haute
BJ-12DADF76,Bar Tacos Hotel Natitingou,Restauration & Hôtellerie,Natitingou,+229 27 39 80 76,,bartacoshotelnatitingou.bj,PME (50-200),B2C,Google Maps,4.4,Actif,2026-06-29T00:22:54.823426,moyenne
BJ-5D30015B,Sandwich,Restauration & Hôtellerie,Natitingou,+229 79 16 99 67,,sandwich.bj,TPE (<10),B2C,Google Maps,3.9,Actif,2026-06-29T00:22:54.823439,moyenne
BJ-ECDAA0B5,Jardin Café,Restauration & Hôtellerie,Natitingou,+229 83 35 59 85,jardin_café@jardincafé.bj,,TPE (<10),B2C,Google Maps,5.0,Actif,2026-06-29T00:22:54.823459,moyenne
BJ-BE947B5D,Traiteur Discothèque Bénin,Restauration & Hôtellerie,Lokossa,+229 69 46 73 62,,traiteurdiscothèquebénin.bj,PME (10-50),B2C,Google Maps,3.3,Actif,2026-06-29T00:22:54.823481,moyenne
BJ-2203F056,Burger Lokossa,Restauration & Hôtellerie,Lokossa,+229 81 14 40 67,,burgerlokossa.bj,PME (10-50),B2C,Google Maps,4.5,Actif,2026-06-29T00:22:54.823496,moyenne
BJ-CBD31B9A,Pâtisserie,Restauration & Hôtellerie,Lokossa,+229 91 87 29 68,pâtisserie@pâtisserie.bj,pâtisserie.bj,TPE (<10),B2C,Google Maps,4.1,Actif,2026-06-29T00:22:54.823516,haute
BJ-6AB9460E,Gourmet Inn,Restauration & Hôtellerie,Lokossa,+229 25 82 52 81,gourmet.inn@gourmetinn.com.bj,,TPE (<10),B2C,Google Maps,3.9,Actif,2026-06-29T00:22:54.823536,moyenne
BJ-BE753252,Délice,Restauration & Hôtellerie,Lokossa,+229 89 83 58 19,,,PME (10-50),B2C,Google Maps,4.2,Actif,2026-06-29T00:22:54.823549,basse
BJ-2DCAE08B,Brasserie Discothèque,Restauration & Hôtellerie,Ouidah,+229 44 12 30 17,brasserie.discothèque@hotmail.com,brasseriediscothèque.bj,TPE (<10),B2C,Google Maps,3.6,Actif,2026-06-29T00:22:54.823575,haute
BJ-F21FDBA2,Pension Authentique,Restauration & Hôtellerie,Ouidah,+229 25 11 74 25,pension.authentique@gmail.com,,TPE (<10),B2C,Google Maps,4.0,Actif,2026-06-29T00:22:54.823600,moyenne
BJ-17172E53,Brasserie Grand Resort,Restauration & Hôtellerie,Ouidah,+229 30 49 94 46,brasserie.grand@brasseriegrandr.org.bj,brasseriegrandresort.bj,Grande (>200),B2C,Google Maps,3.3,Actif,2026-06-29T00:22:54.823619,haute
BJ-59DE17A1,Cantine Glacier Ouidah,Restauration & Hôtellerie,Ouidah,+229 62 42 90 46,cantineglacier@cantineglaciero.bj,cantineglacierouidah.bj,TPE (<10),B2C,Google Maps,3.7,Actif,2026-06-29T00:22:54.823638,haute
BJ-E7ED0225,Africain Ouidah,Restauration & Hôtellerie,Ouidah,+229 79 57 12 66,africain.ouidah@africainouidah.org.bj,africainouidah.bj,PME (10-50),B2C,Google Maps,3.5,Actif,2026-06-29T00:22:54.823656,haute
BJ-63234D40,Palace Lodge,Restauration & Hôtellerie,Savalou,+229 94 70 84 95,,palacelodge.bj,PME (50-200),B2C,Google Maps,4.3,Actif,2026-06-29T00:22:54.823689,moyenne
BJ-C8D148E7,Fast Continental,Restauration & Hôtellerie,Savalou,+229 57 28 89 52,f.continental@yahoo.com,,TPE (<10),B2C,Google Maps,3.7,Actif,2026-06-29T00:22:54.823707,moyenne
BJ-43869E7D,Traiteur Saveurs,Restauration & Hôtellerie,Savalou,+229 44 47 83 51,traiteursaveurs@hotmail.com,traiteursaveurs.bj,TPE (<10),B2C,Google Maps,3.2,Actif,2026-06-29T00:22:54.823728,haute
BJ-2603A931,Auberge Jardin Lodge,Restauration & Hôtellerie,Savalou,+229 41 78 79 69,,aubergejardinlodge.bj,PME (10-50),B2C,Google Maps,3.7,Actif,2026-06-29T00:22:54.823742,moyenne
BJ-2200DBBF,Brasserie Africain Savalou,Restauration & Hôtellerie,Savalou,+229 60 73 60 42,,brasserieafricainsavalou.bj,TPE (<10),B2C,Google Maps,3.6,Actif,2026-06-29T00:22:54.823755,moyenne
BJ-7431151D,Cantine Saveur Restaurant,Restauration & Hôtellerie,Dassa-Zoumè,+229 55 45 65 97,,cantinesaveurrestaurant.bj,TPE (<10),B2C,Google Maps,4.9,Actif,2026-06-29T00:22:54.823775,moyenne
BJ-F05599DB,International Village,Restauration & Hôtellerie,Dassa-Zoumè,+229 40 35 33 50,,internationalvillage.bj,PME (10-50),B2C,Google Maps,4.5,Actif,2026-06-29T00:22:54.823789,moyenne
BJ-F515B2EC,Food Pizzeria Bénin,Restauration & Hôtellerie,Dassa-Zoumè,+229 46 33 63 54,f.pizzeria@yahoo.com,foodpizzeriabénin.bj,PME (10-50),B2C,Google Maps,3.4,Actif,2026-06-29T00:22:54.823807,haute
BJ-76D7AC38,Restaurant Palace Restaurant,Restauration & Hôtellerie,Dassa-Zoumè,+229 72 47 32 79,restaurant_palace@restaurantpalac.bj,restaurantpalacerestaurant.bj,Grande (>200),B2C,Google Maps,3.7,Actif,2026-06-29T00:22:54.823825,haute
BJ-81BBAC55,Fast Continental Lodge,Restauration & Hôtellerie,Dassa-Zoumè,+229 81 54 19 59,,,PME (10-50),B2C,Google Maps,4.3,Actif,2026-06-29T00:22:54.823841,basse
BJ-F059EAC5,Auberge Continental,Restauration & Hôtellerie,Kétou,+229 47 97 58 82,,aubergecontinental.bj,PME (10-50),B2C,Google Maps,4.4,Actif,2026-06-29T00:22:54.823861,moyenne
BJ-D78A55FB,Saveurs Café Kétou,Restauration & Hôtellerie,Kétou,+229 79 62 33 62,saveurs.café@outlook.com,saveurscafékétou.bj,PME (10-50),B2C,Google Maps,4.9,Actif,2026-06-29T00:22:54.823880,haute
BJ-DEF5744D,Salade Lodge,Restauration & Hôtellerie,Kétou,+229 43 39 85 67,s.lodge@saladelodge.com.bj,,PME (10-50),B2C,Google Maps,4.4,Actif,2026-06-29T00:22:54.823917,moyenne
BJ-EED2672C,Fast Détente Inn,Restauration & Hôtellerie,Kétou,+229 26 21 31 74,fast.détente@fastdétenteinn.com.bj,,TPE (<10),B2C,Google Maps,3.9,Actif,2026-06-29T00:22:54.823938,moyenne
BJ-28B2F4F0,Food Africain Kétou,Restauration & Hôtellerie,Kétou,+229 72 18 95 33,foodafricain@outlook.com,foodafricainkétou.bj,TPE (<10),B2C,Google Maps,4.7,Actif,2026-06-29T00:22:54.823956,haute
BJ-6A00BD48,Jardin Café Covè,Restauration & Hôtellerie,Covè,+229 29 96 80 26,,jardincafécovè.bj,TPE (<10),B2C,Google Maps,5.0,Actif,2026-06-29T00:22:54.823978,moyenne
BJ-6C8E636C,Brasserie,Restauration & Hôtellerie,Covè,+229 76 93 65 78,brasserie@yahoo.fr,brasserie.bj,Grande (>200),B2C,Google Maps,4.7,Actif,2026-06-29T00:22:54.823994,haute
BJ-A1D2ADEC,Café Glacier Bénin,Restauration & Hôtellerie,Covè,+229 98 43 65 73,café_glacier@outlook.com,caféglacierbénin.bj,Grande (>200),B2C,Google Maps,4.8,Actif,2026-06-29T00:22:54.824028,haute
BJ-CAA83DD5,Délice,Restauration & Hôtellerie,Covè,+229 61 13 29 87,délice@outlook.com,délice.bj,PME (10-50),B2C,Google Maps,4.3,Actif,2026-06-29T00:22:54.824048,haute
BJ-BDD532A5,Ambiance,Restauration & Hôtellerie,Pobè,+229 79 50 76 17,,ambiance.bj,TPE (<10),B2C,Google Maps,4.0,Actif,2026-06-29T00:22:54.824068,moyenne
BJ-D37738CC,Boulangerie Resort,Restauration & Hôtellerie,Pobè,+229 39 81 39 93,,boulangerieresort.bj,Grande (>200),B2C,Google Maps,3.6,Actif,2026-06-29T00:22:54.824082,moyenne
BJ-29C9DC97,Brasserie Délice Pobè,Restauration & Hôtellerie,Pobè,+229 97 74 39 44,b.délice@brasseriedélice.org.bj,brasseriedélicepobè.bj,TPE (<10),B2C,Google Maps,3.9,Actif,2026-06-29T00:22:54.824105,haute
BJ-E120B347,Auberge Pâtisserie Pobè,Restauration & Hôtellerie,Pobè,+229 66 84 53 58,,aubergepâtisseriepobè.bj,TPE (<10),B2C,Google Maps,4.9,Actif,2026-06-29T00:22:54.824125,moyenne
BJ-5A81CD43,Fusion Pobè,Restauration & Hôtellerie,Pobè,+229 63 83 56 13,fusionpobè@fusionpobè.bj,fusionpobè.bj,TPE (<10),B2C,Google Maps,3.1,Actif,2026-06-29T00:22:54.824145,haute
BJ-72AB5814,Saveur Bénin,Restauration & Hôtellerie,Sakété,+229 33 69 56 93,,saveurbénin.bj,PME (10-50),B2C,Google Maps,4.0,Actif,2026-06-29T00:22:54.824167,moyenne
BJ-2B2F0818,Local Brasserie,Restauration & Hôtellerie,Sakété,+229 66 13 81 37,,localbrasserie.bj,PME (10-50),B2C,Google Maps,4.7,Actif,2026-06-29T00:22:54.824181,moyenne
BJ-AD5852AE,Discothèque Village,Restauration & Hôtellerie,Sakété,+229 75 20 73 78,discothèque_village@discothèquevill.org.bj,,PME (10-50),B2C,Google Maps,3.6,Actif,2026-06-29T00:22:54.824217,moyenne
BJ-718E34BB,Table,Restauration & Hôtellerie,Sakété,+229 21 39 46 55,table@table.bj,table.bj,PME (10-50),B2C,Google Maps,5.0,Actif,2026-06-29T00:22:54.824233,haute
BJ-81478667,Saveur Palace Adjara,Restauration & Hôtellerie,Adjara,+229 60 42 63 30,,saveurpalaceadjara.bj,PME (10-50),B2C,Google Maps,4.5,Actif,2026-06-29T00:22:54.824253,moyenne
BJ-7492BCBB,Chocolaterie,Restauration & Hôtellerie,Adjara,+229 46 88 75 73,chocolaterie@chocolaterie.com.bj,chocolaterie.bj,PME (10-50),B2C,Google Maps,3.1,Actif,2026-06-29T00:22:54.824269,haute
BJ-F43DBADE,Pension Pâtisserie,Restauration & Hôtellerie,Adjara,+229 33 56 74 73,pension.pâtisserie@outlook.com,,TPE (<10),B2C,Google Maps,3.8,Actif,2026-06-29T00:22:54.824290,moyenne
BJ-54413B2B,Fast International Bénin Adjara,Restauration & Hôtellerie,Adjara,+229 82 26 73 90,,,PME (10-50),B2C,Google Maps,4.9,Actif,2026-06-29T00:22:54.824303,basse
BJ-6AABA119,International Resort,Restauration & Hôtellerie,Adjara,+229 37 77 99 94,international.resort@internationalre.org.bj,internationalresort.bj,PME (50-200),B2C,Google Maps,3.3,Actif,2026-06-29T00:22:54.824322,haute
BJ-34C3CA77,Goût Village,Restauration & Hôtellerie,Allada,+229 50 27 95 70,g.village@yahoo.fr,,PME (50-200),B2C,Google Maps,3.4,Actif,2026-06-29T00:22:54.824346,moyenne
BJ-35DC5D21,Pension Boulangerie Lodge,Restauration & Hôtellerie,Allada,+229 39 63 13 70,,pensionboulangerielodge.bj,TPE (<10),B2C,Google Maps,4.7,Actif,2026-06-29T00:22:54.824359,moyenne
BJ-958F2572,Café Tacos,Restauration & Hôtellerie,Allada,+229 85 22 98 87,c.tacos@cafétacos.org.bj,,PME (50-200),B2C,Google Maps,4.1,Actif,2026-06-29T00:22:54.824378,moyenne
BJ-6EFD5369,Restaurant Lounge,Restauration & Hôtellerie,Allada,+229 20 59 30 35,,restaurantlounge.bj,PME (10-50),B2C,Google Maps,3.9,Actif,2026-06-29T00:22:54.824391,moyenne
BJ-B0BEA152,Food Table,Restauration & Hôtellerie,Allada,+229 30 44 68 20,,foodtable.bj,TPE (<10),B2C,Google Maps,4.5,Actif,2026-06-29T00:22:54.824403,moyenne
BJ-1FCDD8F2,Auberge Ambiance Spa,Restauration & Hôtellerie,Aplahoué,+229 33 33 37 57,aubergeambiance@yahoo.com,aubergeambiancespa.bj,PME (50-200),B2C,Google Maps,3.1,Actif,2026-06-29T00:22:54.824427,haute
BJ-587D4BC1,Snack Pub,Restauration & Hôtellerie,Aplahoué,+229 20 13 69 99,snack.pub@snackpub.com.bj,snackpub.bj,TPE (<10),B2C,Google Maps,4.5,Actif,2026-06-29T00:22:54.824449,haute
BJ-2C591300,Grand Palace,Restauration & Hôtellerie,Aplahoué,+229 23 17 17 78,g.palace@hotmail.com,grandpalace.bj,PME (50-200),B2C,Google Maps,4.6,Actif,2026-06-29T00:22:54.824470,haute
BJ-4C851575,Authentique,Restauration & Hôtellerie,Aplahoué,+229 69 64 44 22,authentique@authentique.bj,authentique.bj,Grande (>200),B2C,Google Maps,4.5,Actif,2026-06-29T00:22:54.824486,haute
BJ-0EEE8556,Mer Aplahoué,Restauration & Hôtellerie,Aplahoué,+229 51 39 22 70,mer_aplahoué@meraplahoué.bj,meraplahoué.bj,TPE (<10),B2C,Google Maps,5.0,Actif,2026-06-29T00:22:54.824509,haute
BJ-7DC5C1F6,Nouveau Hotel,Restauration & Hôtellerie,Dogbo-Tota,+229 92 32 72 50,nouveauhotel@yahoo.fr,,TPE (<10),B2C,Google Maps,4.1,Actif,2026-06-29T00:22:54.824533,moyenne
BJ-08497B09,Hôtel Brasserie Dogbo-Tota,Restauration & Hôtellerie,Dogbo-Tota,+229 78 27 43 90,,,TPE (<10),B2C,Google Maps,3.7,Actif,2026-06-29T00:22:54.824546,basse
BJ-060B836F,Fast Village Hotel,Restauration & Hôtellerie,Dogbo-Tota,+229 76 44 96 71,fastvillage@fastvillagehote.bj,fastvillagehotel.bj,PME (10-50),B2C,Google Maps,3.3,Actif,2026-06-29T00:22:54.824578,haute
BJ-7C70A94E,Auberge Saveur,Restauration & Hôtellerie,Dogbo-Tota,+229 31 67 99 77,auberge_saveur@outlook.com,aubergesaveur.bj,PME (10-50),B2C,Google Maps,3.6,Actif,2026-06-29T00:22:54.824594,haute
BJ-B22F6BB3,International Spa,Restauration & Hôtellerie,Kpomassè,+229 58 20 49 51,international.spa@internationalsp.org.bj,internationalspa.bj,TPE (<10),B2C,Google Maps,5.0,Actif,2026-06-29T00:22:54.824638,haute
BJ-5226DBC6,Auberge Africain,Restauration & Hôtellerie,Kpomassè,+229 86 53 97 47,aubergeafricain@aubergeafricain.org.bj,aubergeafricain.bj,TPE (<10),B2C,Google Maps,4.9,Actif,2026-06-29T00:22:54.824658,haute
BJ-98CAAF47,Café Salade,Restauration & Hôtellerie,Kpomassè,+229 21 32 36 84,cafésalade@yahoo.com,cafésalade.bj,TPE (<10),B2C,Google Maps,3.6,Actif,2026-06-29T00:22:54.824677,haute
BJ-7D1A9C97,Bar Pâtisserie,Restauration & Hôtellerie,Kpomassè,+229 72 51 67 48,,barpâtisserie.bj,PME (10-50),B2C,Google Maps,3.8,Actif,2026-06-29T00:22:54.824690,moyenne
BJ-C46D34F2,Authentique Lodge,Restauration & Hôtellerie,Tori-Bossito,+229 41 82 63 95,authentiquelodge@authentiquelodg.bj,authentiquelodge.bj,TPE (<10),B2C,Google Maps,4.4,Actif,2026-06-29T00:22:54.824719,haute
BJ-9CEE497E,Auberge Boulangerie Palace Tori-Bossito,Restauration & Hôtellerie,Tori-Bossito,+229 40 97 30 25,auberge.boulangerie@aubergeboulange.bj,,PME (10-50),B2C,Google Maps,4.2,Actif,2026-06-29T00:22:54.824754,moyenne
BJ-155E6CA2,Traiteur Jardin,Restauration & Hôtellerie,Tori-Bossito,+229 59 49 13 98,traiteur.jardin@yahoo.com,traiteurjardin.bj,PME (50-200),B2C,Google Maps,3.0,Actif,2026-06-29T00:22:54.824798,haute
BJ-971044E0,Brasserie Ambiance,Restauration & Hôtellerie,Tori-Bossito,+229 45 60 67 95,brasserie.ambiance@brasserieambian.bj,brasserieambiance.bj,PME (50-200),B2C,Google Maps,3.1,Actif,2026-06-29T00:22:54.824869,haute
BJ-5308F4CC,Plaisir Grand-Popo,Restauration & Hôtellerie,Grand-Popo,+229 62 76 82 35,plaisirgrand@plaisirgrandpop.org.bj,plaisirgrandpopo.bj,TPE (<10),B2C,Google Maps,4.2,Actif,2026-06-29T00:22:54.824929,haute
BJ-3CBFCAF2,Cantine Tradition Village,Restauration & Hôtellerie,Grand-Popo,+229 59 40 68 80,,cantinetraditionvillage.bj,TPE (<10),B2C,Google Maps,3.3,Actif,2026-06-29T00:22:54.824959,moyenne
BJ-459F1C52,Chocolaterie Village,Restauration & Hôtellerie,Grand-Popo,+229 54 18 68 68,c.village@chocolaterievil.bj,chocolaterievillage.bj,PME (10-50),B2C,Google Maps,3.7,Actif,2026-06-29T00:22:54.824985,haute
BJ-3781C450,Restaurant Discothèque Inn Grand-Popo,Restauration & Hôtellerie,Grand-Popo,+229 30 29 44 83,,,TPE (<10),B2C,Google Maps,4.5,Actif,2026-06-29T00:22:54.825001,basse
BJ-0F38C0AA,Pension Pâtisserie,Restauration & Hôtellerie,Grand-Popo,+229 53 38 86 66,p.pâtisserie@pensionpâtisser.org.bj,pensionpâtisserie.bj,PME (10-50),B2C,Google Maps,4.7,Actif,2026-06-29T00:22:54.825021,haute
BJ-CBF72D74,Sushi Brasserie Athiémé,Restauration & Hôtellerie,Athiémé,+229 82 74 40 79,sushi_brasserie@sushibrasseriea.org.bj,sushibrasserieathiémé.bj,TPE (<10),B2C,Google Maps,4.3,Actif,2026-06-29T00:22:54.825049,haute
BJ-BDCC03E7,Karaoke,Restauration & Hôtellerie,Athiémé,+229 51 83 57 63,,karaoke.bj,TPE (<10),B2C,Google Maps,4.8,Actif,2026-06-29T00:22:54.825064,moyenne
BJ-21F9CCF5,Cantine Lounge International Athiémé,Restauration & Hôtellerie,Athiémé,+229 37 22 46 16,cantine_lounge@yahoo.fr,,PME (50-200),B2C,Google Maps,3.7,Actif,2026-06-29T00:22:54.825086,moyenne
BJ-6ECAFF02,Traiteur Africain Inn,Restauration & Hôtellerie,Athiémé,+229 21 59 29 37,traiteur.africain@traiteurafricai.bj,traiteurafricaininn.bj,PME (10-50),B2C,Google Maps,4.2,Actif,2026-06-29T00:22:54.825105,haute
BJ-9B48869F,Auberge International Café Athiémé,Restauration & Hôtellerie,Athiémé,+229 28 61 77 12,a.international@aubergeinternat.com.bj,aubergeinternationalcaféathiémé.bj,PME (10-50),B2C,Google Maps,4.3,Actif,2026-06-29T00:22:54.825130,haute
BJ-386B08CA,Auberge Fusion International,Restauration & Hôtellerie,Bopa,+229 62 25 17 82,,,TPE (<10),B2C,Google Maps,4.9,Actif,2026-06-29T00:22:54.825153,basse
BJ-F29C94F2,Discothèque Palace,Restauration & Hôtellerie,Bopa,+229 97 54 85 74,discothèque.palace@yahoo.com,discothèquepalace.bj,TPE (<10),B2C,Google Maps,3.3,Actif,2026-06-29T00:22:54.825173,haute
BJ-605770A3,Fast Pâtisserie,Restauration & Hôtellerie,Bopa,+229 91 31 97 54,,,TPE (<10),B2C,Google Maps,4.6,Actif,2026-06-29T00:22:54.825190,basse
BJ-9CC1A3AB,Auberge Goût Restaurant,Restauration & Hôtellerie,Bopa,+229 59 92 72 22,a.goût@yahoo.com,aubergegoûtrestaurant.bj,TPE (<10),B2C,Google Maps,3.8,Actif,2026-06-29T00:22:54.825209,haute
BJ-9ECDAD8E,Pension Pâtisserie Lodge,Restauration & Hôtellerie,Bopa,+229 85 41 55 29,,pensionpâtisserielodge.bj,TPE (<10),B2C,Google Maps,4.5,Actif,2026-06-29T00:22:54.825223,moyenne
BJ-F4080DF3,Fast International Spa,Restauration & Hôtellerie,Houéyogbé,+229 56 65 26 86,fastinternational@fastinternation.org.bj,fastinternationalspa.bj,TPE (<10),B2C,Google Maps,3.2,Actif,2026-06-29T00:22:54.825249,haute
BJ-2D17F610,Fast Ambiance Restaurant Houéyogbé,Restauration & Hôtellerie,Houéyogbé,+229 45 69 83 20,fastambiance@hotmail.com,fastambiancerestauranthouéyogbé.bj,PME (10-50),B2C,Google Maps,4.1,Actif,2026-06-29T00:22:54.825269,haute
BJ-0C4F33F8,Saveur Hotel Houéyogbé,Restauration & Hôtellerie,Houéyogbé,+229 41 66 51 98,s.hotel@saveurhotelhoué.bj,saveurhotelhouéyogbé.bj,Grande (>200),B2C,Google Maps,3.9,Actif,2026-06-29T00:22:54.825289,haute
BJ-EE737FF8,Pâtisserie Houéyogbé,Restauration & Hôtellerie,Houéyogbé,+229 34 91 87 34,pâtisseriehouéyogbé@pâtisseriehouéy.com.bj,,TPE (<10),B2C,Google Maps,3.5,Actif,2026-06-29T00:22:54.825308,moyenne
BJ-8E0496D7,Fast Chocolaterie Village,Restauration & Hôtellerie,Houéyogbé,+229 90 99 51 48,,fastchocolaterievillage.bj,PME (10-50),B2C,Google Maps,4.9,Actif,2026-06-29T00:22:54.825322,moyenne
BJ-22B72EE1,Pizzeria,Restauration & Hôtellerie,Malanville,+229 42 35 58 51,,pizzeria.bj,PME (50-200),B2C,Google Maps,3.6,Actif,2026-06-29T00:22:54.825351,moyenne
BJ-26458EED,Traiteur Détente Resort,Restauration & Hôtellerie,Malanville,+229 37 94 61 78,traiteur.détente@traiteurdétente.com.bj,traiteurdétenteresort.bj,PME (10-50),B2C,Google Maps,3.6,Actif,2026-06-29T00:22:54.825383,haute
BJ-01D61728,Snack Nouveau Malanville,Restauration & Hôtellerie,Malanville,+229 73 54 16 73,snacknouveau@outlook.com,snacknouveaumalanville.bj,PME (50-200),B2C,Google Maps,4.7,Actif,2026-06-29T00:22:54.825449,haute
BJ-50379E41,Grand,Restauration & Hôtellerie,Malanville,+229 81 16 39 76,grand@outlook.com,grand.bj,PME (50-200),B2C,Google Maps,3.3,Actif,2026-06-29T00:22:54.825474,haute
BJ-657B7816,Auberge Village,Restauration & Hôtellerie,Kandi,+229 28 16 32 79,aubergevillage@yahoo.fr,aubergevillage.bj,TPE (<10),B2C,Google Maps,4.4,Actif,2026-06-29T00:22:54.825518,haute
BJ-77F523A8,Sandwich Bénin,Restauration & Hôtellerie,Kandi,+229 77 49 99 60,sandwich.bénin@sandwichbénin.org.bj,sandwichbénin.bj,TPE (<10),B2C,Google Maps,4.5,Actif,2026-06-29T00:22:54.825557,haute
BJ-50BC63DA,Hôtel Table Hotel,Restauration & Hôtellerie,Kandi,+229 77 39 23 11,h.table@hôteltablehotel.bj,,TPE (<10),B2C,Google Maps,3.8,Actif,2026-06-29T00:22:54.825590,moyenne
BJ-FCE1AC80,Snack Grand Village,Restauration & Hôtellerie,Kandi,+229 30 76 26 19,s.grand@outlook.com,,PME (10-50),B2C,Google Maps,3.7,Actif,2026-06-29T00:22:54.825629,moyenne
BJ-606BBAA9,Discothèque,Restauration & Hôtellerie,Kandi,+229 67 84 28 12,,discothèque.bj,PME (10-50),B2C,Google Maps,4.3,Actif,2026-06-29T00:22:54.825656,moyenne
BJ-7BD0A6D6,Fusion Banikoara,Restauration & Hôtellerie,Banikoara,+229 38 94 38 33,f.banikoara@gmail.com,fusionbanikoara.bj,PME (50-200),B2C,Google Maps,4.1,Actif,2026-06-29T00:22:54.825703,haute
BJ-786072C5,Auberge Détente,Restauration & Hôtellerie,Banikoara,+229 73 70 92 50,auberge.détente@yahoo.fr,aubergedétente.bj,PME (10-50),B2C,Google Maps,4.0,Actif,2026-06-29T00:22:54.825748,haute
BJ-F6B05567,Karaoke International,Restauration & Hôtellerie,Banikoara,+229 92 64 66 95,karaoke.international@karaokeinternat.org.bj,,PME (50-200),B2C,Google Maps,3.8,Actif,2026-06-29T00:22:54.825785,moyenne
BJ-E045B437,Pâtisserie,Restauration & Hôtellerie,Banikoara,+229 78 44 21 86,,pâtisserie.bj,Grande (>200),B2C,Google Maps,3.5,Actif,2026-06-29T00:22:54.825810,moyenne
BJ-058D2D76,Tradition,Restauration & Hôtellerie,Ségbana,+229 33 42 41 62,tradition@hotmail.com,tradition.bj,PME (50-200),B2C,Google Maps,4.7,Actif,2026-06-29T00:22:54.825887,haute
BJ-2B240242,Pension Burger,Restauration & Hôtellerie,Ségbana,+229 85 76 26 25,pensionburger@pensionburger.bj,pensionburger.bj,Grande (>200),B2C,Google Maps,4.9,Actif,2026-06-29T00:22:54.825932,haute
BJ-93611618,Restaurant Table,Restauration & Hôtellerie,Ségbana,+229 93 27 91 98,,restauranttable.bj,TPE (<10),B2C,Google Maps,3.5,Actif,2026-06-29T00:22:54.825954,moyenne
BJ-A7C0F42A,Pâtisserie International,Restauration & Hôtellerie,Ségbana,+229 59 53 81 64,pâtisserieinternational@pâtisserieinter.bj,pâtisserieinternational.bj,TPE (<10),B2C,Google Maps,4.8,Actif,2026-06-29T00:22:54.825986,haute
BJ-49E66EA6,Pizzeria Village Ségbana,Restauration & Hôtellerie,Ségbana,+229 31 46 33 85,,,PME (10-50),B2C,Google Maps,3.3,Actif,2026-06-29T00:22:54.826011,basse
BJ-27C5FDD9,Food Tradition International Karimama,Restauration & Hôtellerie,Karimama,+229 84 43 42 59,food_tradition@foodtraditionin.com.bj,foodtraditioninternationalkarimama.bj,Grande (>200),B2C,Google Maps,4.3,Actif,2026-06-29T00:22:54.826069,haute
BJ-07F209A0,Food Gourmet,Restauration & Hôtellerie,Karimama,+229 97 60 38 31,food_gourmet@foodgourmet.com.bj,,PME (10-50),B2C,Google Maps,4.8,Actif,2026-06-29T00:22:54.826106,moyenne
BJ-D635E487,Food Chocolaterie,Restauration & Hôtellerie,Karimama,+229 23 13 72 66,food.chocolaterie@gmail.com,foodchocolaterie.bj,PME (50-200),B2C,Google Maps,3.4,Actif,2026-06-29T00:22:54.826148,haute
BJ-D20BA2FC,Cantine Sandwich Resort,Restauration & Hôtellerie,Karimama,+229 77 99 96 37,,cantinesandwichresort.bj,PME (50-200),B2C,Google Maps,3.8,Actif,2026-06-29T00:22:54.826172,moyenne
BJ-7B50170A,Discothèque Karimama,Restauration & Hôtellerie,Karimama,+229 53 69 16 84,discothèquekarimama@discothèquekari.org.bj,discothèquekarimama.bj,PME (50-200),B2C,Google Maps,3.7,Actif,2026-06-29T00:22:54.826215,haute
BJ-3ADA5223,Plage Lodge Gogounou,Restauration & Hôtellerie,Gogounou,+229 77 20 13 23,,plagelodgegogounou.bj,TPE (<10),B2C,Google Maps,4.4,Actif,2026-06-29T00:22:54.826269,moyenne
BJ-BD5A2236,Fast Salade,Restauration & Hôtellerie,Gogounou,+229 73 82 10 30,fastsalade@hotmail.com,fastsalade.bj,TPE (<10),B2C,Google Maps,4.7,Actif,2026-06-29T00:22:54.826307,haute
BJ-8353A2E1,Pizzeria,Restauration & Hôtellerie,Gogounou,+229 73 92 52 26,pizzeria@pizzeria.bj,pizzeria.bj,PME (10-50),B2C,Google Maps,4.1,Actif,2026-06-29T00:22:54.826343,haute
BJ-BFC130FC,Restaurant Plage Bénin,Restauration & Hôtellerie,Gogounou,+229 93 48 94 51,restaurantplage@restaurantplage.org.bj,restaurantplagebénin.bj,TPE (<10),B2C,Google Maps,3.3,Actif,2026-06-29T00:22:54.826379,haute
BJ-C1D63AC9,Authentique Inn Gogounou,Restauration & Hôtellerie,Gogounou,+229 69 18 51 26,authentique.inn@gmail.com,authentiqueinngogounou.bj,PME (10-50),B2C,Google Maps,3.6,Actif,2026-06-29T00:22:54.826421,haute
BJ-7EC6D73F,Mer Brasserie Cobly,Restauration & Hôtellerie,Cobly,+229 51 28 35 80,merbrasserie@gmail.com,merbrasseriecobly.bj,PME (50-200),B2C,Google Maps,4.3,Actif,2026-06-29T00:22:54.826473,haute
BJ-BA38BCED,Burger Hotel,Restauration & Hôtellerie,Cobly,+229 88 60 99 19,b.hotel@hotmail.com,burgerhotel.bj,Grande (>200),B2C,Google Maps,4.4,Actif,2026-06-29T00:22:54.826502,haute
BJ-D789CD0D,Snack Local,Restauration & Hôtellerie,Cobly,+229 25 37 20 77,snack.local@snacklocal.com.bj,,Grande (>200),B2C,Google Maps,3.3,Actif,2026-06-29T00:22:54.826550,moyenne
BJ-1FCBDD86,Table Cobly,Restauration & Hôtellerie,Cobly,+229 92 86 43 79,t.cobly@tablecobly.bj,tablecobly.bj,TPE (<10),B2C,Google Maps,4.6,Actif,2026-06-29T00:22:54.826581,haute
BJ-31DF1D6D,Traiteur Mer,Restauration & Hôtellerie,Cobly,+229 86 70 64 48,traiteur_mer@traiteurmer.org.bj,traiteurmer.bj,TPE (<10),B2C,Google Maps,3.8,Actif,2026-06-29T00:22:54.826610,haute
BJ-3D81C4B2,Table Village Tanguiéta,Restauration & Hôtellerie,Tanguiéta,+229 89 45 95 45,table.village@tablevillagetan.org.bj,,TPE (<10),B2C,Google Maps,3.3,Actif,2026-06-29T00:22:54.826659,moyenne
BJ-E69FC5BB,Snack Grill,Restauration & Hôtellerie,Tanguiéta,+229 58 19 53 91,snack.grill@snackgrill.bj,snackgrill.bj,TPE (<10),B2C,Google Maps,3.1,Actif,2026-06-29T00:22:54.826701,haute
BJ-C800603C,Tacos Bénin Tanguiéta,Restauration & Hôtellerie,Tanguiéta,+229 83 90 46 86,t.bénin@yahoo.com,tacosbénintanguiéta.bj,PME (10-50),B2C,Google Maps,4.2,Actif,2026-06-29T00:22:54.826743,haute
BJ-EE8BD678,Glacier Village,Restauration & Hôtellerie,Tanguiéta,+229 51 27 44 21,glaciervillage@yahoo.fr,glaciervillage.bj,TPE (<10),B2C,Google Maps,3.4,Actif,2026-06-29T00:22:54.826773,haute
BJ-D3C5030C,Pension Saveur Bénin,Restauration & Hôtellerie,Tanguiéta,+229 89 22 87 61,,pensionsaveurbénin.bj,PME (50-200),B2C,Google Maps,4.3,Actif,2026-06-29T00:22:54.826802,moyenne
BJ-2436D46C,Restaurant Gourmet,Restauration & Hôtellerie,Matéri,+229 52 38 72 10,restaurantgourmet@restaurantgourm.com.bj,restaurantgourmet.bj,PME (10-50),B2C,Google Maps,4.6,Actif,2026-06-29T00:22:54.826865,haute
BJ-6D96B017,Plaisir Inn,Restauration & Hôtellerie,Matéri,+229 24 15 87 18,plaisir.inn@plaisirinn.bj,,PME (50-200),B2C,Google Maps,4.6,Actif,2026-06-29T00:22:54.826924,moyenne
BJ-71472CF8,Pension Goût Café,Restauration & Hôtellerie,Matéri,+229 30 44 63 65,pension.goût@yahoo.com,pensiongoûtcafé.bj,PME (10-50),B2C,Google Maps,4.3,Actif,2026-06-29T00:22:54.826995,haute
BJ-BA4DFCE7,Auberge Détente Palace,Restauration & Hôtellerie,Matéri,+229 97 25 61 87,,aubergedétentepalace.bj,TPE (<10),B2C,Google Maps,4.9,Actif,2026-06-29T00:22:54.827069,moyenne
BJ-A763E0D3,Discothèque Spa,Restauration & Hôtellerie,Natitingou,+229 27 20 56 94,discothèquespa@discothèquespa.com.bj,discothèquespa.bj,PME (50-200),B2C,Google Maps,3.3,Actif,2026-06-29T00:22:54.827130,haute
BJ-712FEB56,Traiteur Détente,Restauration & Hôtellerie,Natitingou,+229 79 25 88 75,traiteur.détente@traiteurdétente.bj,,PME (50-200),B2C,Google Maps,4.8,Actif,2026-06-29T00:22:54.827201,moyenne
BJ-2A200C42,Royal Natitingou,Restauration & Hôtellerie,Natitingou,+229 69 65 69 12,,royalnatitingou.bj,PME (10-50),B2C,Google Maps,4.0,Actif,2026-06-29T00:22:54.827237,moyenne
BJ-FE9E5C43,Local,Restauration & Hôtellerie,Natitingou,+229 31 51 98 82,local@outlook.com,local.bj,PME (10-50),B2C,Google Maps,4.3,Actif,2026-06-29T00:22:54.827257,haute
BJ-C8411C3B,Pâtisserie,Restauration & Hôtellerie,Toucountouna,+229 92 17 49 47,pâtisserie@yahoo.fr,pâtisserie.bj,Grande (>200),B2C,Google Maps,3.2,Actif,2026-06-29T00:22:54.827287,haute
BJ-FC9CCCA4,Tradition Inn,Restauration & Hôtellerie,Toucountouna,+229 54 77 14 37,traditioninn@gmail.com,traditioninn.bj,PME (10-50),B2C,Google Maps,3.1,Actif,2026-06-29T00:22:54.827315,haute
BJ-2546AF83,Traiteur Chocolaterie Village,Restauration & Hôtellerie,Toucountouna,+229 56 34 82 94,traiteur.chocolaterie@traiteurchocola.bj,,Grande (>200),B2C,Google Maps,4.2,Actif,2026-06-29T00:22:54.827339,moyenne
BJ-60320BA2,Bar Royal Resort,Restauration & Hôtellerie,Toucountouna,+229 51 69 37 98,,barroyalresort.bj,PME (10-50),B2C,Google Maps,4.3,Actif,2026-06-29T00:22:54.827372,moyenne
BJ-C9240D1A,Auberge Lac International,Restauration & Hôtellerie,Boukoumbé,+229 89 87 52 11,auberge.lac@yahoo.com,,TPE (<10),B2C,Google Maps,3.4,Actif,2026-06-29T00:22:54.827398,moyenne
BJ-8F32F572,Pâtisserie,Restauration & Hôtellerie,Boukoumbé,+229 23 66 10 43,pâtisserie@hotmail.com,pâtisserie.bj,PME (10-50),B2C,Google Maps,4.2,Actif,2026-06-29T00:22:54.827416,haute
BJ-98C5ADBB,Brasserie Lodge,Restauration & Hôtellerie,Boukoumbé,+229 93 74 63 15,brasserie.lodge@brasserielodge.bj,,PME (50-200),B2C,Google Maps,4.8,Actif,2026-06-29T00:22:54.827434,moyenne
BJ-12FC8C4D,Hôtel Lounge,Restauration & Hôtellerie,Boukoumbé,+229 32 22 96 95,,hôtellounge.bj,TPE (<10),B2C,Google Maps,4.6,Actif,2026-06-29T00:22:54.827449,moyenne
BJ-C4941981,Traiteur Glacier Village Boukoumbé,Restauration & Hôtellerie,Boukoumbé,+229 43 60 18 54,traiteur.glacier@traiteurglacier.bj,traiteurglaciervillageboukoumbé.bj,PME (50-200),B2C,Google Maps,4.4,Actif,2026-06-29T00:22:54.827474,haute
BJ-884D4849,Jardin,Restauration & Hôtellerie,Kouandé,+229 50 36 37 31,jardin@yahoo.com,jardin.bj,TPE (<10),B2C,Google Maps,3.7,Actif,2026-06-29T00:22:54.827500,haute
BJ-26F9EF1A,Hôtel Plaisir Brasserie,Restauration & Hôtellerie,Kouandé,+229 60 40 41 59,h.plaisir@outlook.com,hôtelplaisirbrasserie.bj,TPE (<10),B2C,Google Maps,4.9,Actif,2026-06-29T00:22:54.827539,haute
BJ-56AC03EC,Chocolaterie,Restauration & Hôtellerie,Kouandé,+229 26 65 88 67,chocolaterie@chocolaterie.bj,chocolaterie.bj,PME (50-200),B2C,Google Maps,3.7,Actif,2026-06-29T00:22:54.827556,haute
BJ-0D578645,Traiteur Palace Lodge Péhunco,Restauration & Hôtellerie,Péhunco,+229 94 42 83 20,traiteurpalace@traiteurpalacel.bj,,PME (10-50),B2C,Google Maps,3.5,Actif,2026-06-29T00:22:54.827600,moyenne
BJ-FF55871A,Pension Pizzeria,Restauration & Hôtellerie,Péhunco,+229 85 18 21 39,pension.pizzeria@yahoo.com,pensionpizzeria.bj,PME (10-50),B2C,Google Maps,4.2,Actif,2026-06-29T00:22:54.827622,haute
BJ-A8B79C97,Authentique International,Restauration & Hôtellerie,Péhunco,+229 81 87 70 54,,authentiqueinternational.bj,Grande (>200),B2C,Google Maps,3.3,Actif,2026-06-29T00:22:54.827637,moyenne
BJ-47F4745B,Nouveau Resort,Restauration & Hôtellerie,Péhunco,+229 86 22 23 41,nouveau.resort@outlook.com,nouveauresort.bj,PME (50-200),B2C,Google Maps,3.1,Actif,2026-06-29T00:22:54.827654,haute
BJ-E9CB29B3,Nouveau Péhunco,Restauration & Hôtellerie,Péhunco,+229 88 95 47 22,nouveaupéhunco@gmail.com,nouveaupéhunco.bj,TPE (<10),B2C,Google Maps,4.6,Actif,2026-06-29T00:22:54.827673,haute
BJ-4A62FA31,Pâtisserie International,Restauration & Hôtellerie,Tchaourou,+229 92 91 41 49,pâtisserieinternational@pâtisserieinter.com.bj,pâtisserieinternational.bj,TPE (<10),B2C,Google Maps,4.9,Actif,2026-06-29T00:22:54.827701,haute
BJ-319DF1C5,Brasserie Café,Restauration & Hôtellerie,Tchaourou,+229 77 39 34 31,brasserie.café@yahoo.com,brasseriecafé.bj,TPE (<10),B2C,Google Maps,4.6,Actif,2026-06-29T00:22:54.827720,haute
BJ-EF5956F8,Délice,Restauration & Hôtellerie,Tchaourou,+229 61 59 14 54,,délice.bj,PME (50-200),B2C,Google Maps,3.0,Actif,2026-06-29T00:22:54.827738,moyenne
BJ-AA90D5B3,Restaurant Tradition,Restauration & Hôtellerie,Tchaourou,+229 94 75 56 83,r.tradition@gmail.com,restauranttradition.bj,PME (10-50),B2C,Google Maps,4.0,Actif,2026-06-29T00:22:54.827756,haute
BJ-823B622D,Burger Spa,Restauration & Hôtellerie,Tchaourou,+229 95 57 97 44,burger.spa@burgerspa.bj,burgerspa.bj,PME (50-200),B2C,Google Maps,3.1,Actif,2026-06-29T00:22:54.827774,haute
BJ-71A4CECD,Cantine Discothèque Palace Nikki,Restauration & Hôtellerie,Nikki,+229 28 29 77 30,cantine.discothèque@cantinediscothè.bj,cantinediscothèquepalacenikki.bj,PME (10-50),B2C,Google Maps,4.0,Actif,2026-06-29T00:22:54.827801,haute
BJ-60874298,Goût Lodge Nikki,Restauration & Hôtellerie,Nikki,+229 76 70 16 29,goût_lodge@hotmail.com,goûtlodgenikki.bj,TPE (<10),B2C,Google Maps,3.1,Actif,2026-06-29T00:22:54.827821,haute
BJ-CB9836BB,Fast Tradition Nikki,Restauration & Hôtellerie,Nikki,+229 71 49 30 49,,fasttraditionnikki.bj,TPE (<10),B2C,Google Maps,4.6,Actif,2026-06-29T00:22:54.827837,moyenne
BJ-7C66376E,Plage,Restauration & Hôtellerie,Nikki,+229 80 47 71 64,plage@plage.com.bj,plage.bj,PME (10-50),B2C,Google Maps,4.5,Actif,2026-06-29T00:22:54.827853,haute
BJ-66B66741,Tradition Lodge,Restauration & Hôtellerie,Nikki,+229 78 34 77 62,traditionlodge@hotmail.com,traditionlodge.bj,PME (10-50),B2C,Google Maps,4.6,Actif,2026-06-29T00:22:54.827870,haute
BJ-754C5CA1,Pizzeria,Restauration & Hôtellerie,Bembéréké,+229 45 30 85 90,,pizzeria.bj,TPE (<10),B2C,Google Maps,3.3,Actif,2026-06-29T00:22:54.827909,moyenne
BJ-04B4838D,Palace Lodge,Restauration & Hôtellerie,Bembéréké,+229 29 83 59 24,p.lodge@palacelodge.com.bj,,PME (10-50),B2C,Google Maps,3.4,Actif,2026-06-29T00:22:54.827951,moyenne
BJ-C762A3B2,Glacier Bembéréké,Restauration & Hôtellerie,Bembéréké,+229 73 23 99 50,glacier.bembéréké@hotmail.com,glacierbembéréké.bj,PME (10-50),B2C,Google Maps,3.4,Actif,2026-06-29T00:22:54.827979,haute
BJ-2BEF8D81,Authentique,Restauration & Hôtellerie,Bembéréké,+229 43 83 31 59,authentique@authentique.bj,authentique.bj,TPE (<10),B2C,Google Maps,4.9,Actif,2026-06-29T00:22:54.827996,haute
BJ-6ACC91CE,Snack Tacos,Restauration & Hôtellerie,Bembéréké,+229 96 18 25 21,,,TPE (<10),B2C,Google Maps,3.1,Actif,2026-06-29T00:22:54.828009,basse
BJ-E9585465,Royal Spa,Restauration & Hôtellerie,Kalalé,+229 30 84 11 72,royalspa@royalspa.org.bj,royalspa.bj,TPE (<10),B2C,Google Maps,4.5,Actif,2026-06-29T00:22:54.828036,haute
BJ-EE0BAC7B,Traiteur Salade Palace,Restauration & Hôtellerie,Kalalé,+229 79 92 71 44,t.salade@yahoo.fr,traiteursaladepalace.bj,PME (10-50),B2C,Google Maps,3.9,Actif,2026-06-29T00:22:54.828054,haute
BJ-5A392C8A,Restaurant Goût Kalalé,Restauration & Hôtellerie,Kalalé,+229 46 40 75 22,restaurantgoût@gmail.com,restaurantgoûtkalalé.bj,TPE (<10),B2C,Google Maps,3.3,Actif,2026-06-29T00:22:54.828074,haute
BJ-5C7AB0E1,Grill,Restauration & Hôtellerie,Kalalé,+229 28 74 88 94,grill@hotmail.com,grill.bj,PME (50-200),B2C,Google Maps,3.1,Actif,2026-06-29T00:22:54.828089,haute
BJ-F672B58A,Grand Kalalé,Restauration & Hôtellerie,Kalalé,+229 70 73 65 23,,grandkalalé.bj,TPE (<10),B2C,Google Maps,3.5,Actif,2026-06-29T00:22:54.828104,moyenne
BJ-F61D5B22,Fast Mer,Restauration & Hôtellerie,Ndali,+229 53 55 87 63,,fastmer.bj,TPE (<10),B2C,Google Maps,3.2,Actif,2026-06-29T00:22:54.828124,moyenne
BJ-67946122,Traiteur Palace Village,Restauration & Hôtellerie,Ndali,+229 47 16 13 84,traiteur.palace@gmail.com,traiteurpalacevillage.bj,TPE (<10),B2C,Google Maps,4.4,Actif,2026-06-29T00:22:54.828142,haute
BJ-D5412D2B,Auberge Continental,Restauration & Hôtellerie,Ndali,+229 67 20 63 48,aubergecontinental@aubergecontinen.com.bj,aubergecontinental.bj,TPE (<10),B2C,Google Maps,4.9,Actif,2026-06-29T00:22:54.828164,haute
BJ-C2D07BCC,Village Spa,Restauration & Hôtellerie,Ndali,+229 93 94 31 14,v.spa@outlook.com,villagespa.bj,PME (10-50),B2C,Google Maps,4.6,Actif,2026-06-29T00:22:54.828181,haute
BJ-ABBF3855,Brasserie Saveurs Café,Restauration & Hôtellerie,Ndali,+229 45 47 57 75,brasserie_saveurs@brasseriesaveur.com.bj,brasseriesaveurscafé.bj,TPE (<10),B2C,Google Maps,4.7,Actif,2026-06-29T00:22:54.828201,haute
BJ-BFDF42A5,Sushi Spa,Restauration & Hôtellerie,Ségbana,+229 29 40 87 96,sushi.spa@sushispa.bj,sushispa.bj,PME (50-200),B2C,Google Maps,5.0,Actif,2026-06-29T00:22:54.828230,haute
BJ-6CF5C148,Boulangerie Ségbana,Restauration & Hôtellerie,Ségbana,+229 64 91 46 23,boulangerieségbana@yahoo.fr,boulangerieségbana.bj,Grande (>200),B2C,Google Maps,3.6,Actif,2026-06-29T00:22:54.828250,haute
BJ-F8B76E06,Bar Mer Café,Restauration & Hôtellerie,Ségbana,+229 58 37 34 56,,barmercafé.bj,PME (10-50),B2C,Google Maps,3.7,Actif,2026-06-29T00:22:54.828264,moyenne
BJ-539AFFD3,Fusion,Restauration & Hôtellerie,Ségbana,+229 87 84 87 72,fusion@fusion.com.bj,fusion.bj,PME (50-200),B2C,Google Maps,3.3,Actif,2026-06-29T00:22:54.828283,haute
BJ-A94B5D4F,Traiteur Délice,Restauration & Hôtellerie,Ségbana,+229 96 16 27 85,traiteurdélice@yahoo.fr,traiteurdélice.bj,TPE (<10),B2C,Google Maps,3.6,Actif,2026-06-29T00:22:54.828302,haute
BJ-5017A649,Glacier,Restauration & Hôtellerie,Tchaourou,+229 94 78 42 33,glacier@gmail.com,glacier.bj,TPE (<10),B2C,Google Maps,4.8,Actif,2026-06-29T00:22:54.828325,haute
BJ-FF3D9479,Plaisir,Restauration & Hôtellerie,Tchaourou,+229 93 86 88 31,plaisir@plaisir.org.bj,,TPE (<10),B2C,Google Maps,3.2,Actif,2026-06-29T00:22:54.828340,moyenne
BJ-B0C8F9D5,Restaurant Détente,Restauration & Hôtellerie,Tchaourou,+229 65 31 19 38,restaurant.détente@restaurantdéten.com.bj,restaurantdétente.bj,PME (10-50),B2C,Google Maps,3.5,Actif,2026-06-29T00:22:54.828379,haute
BJ-86126803,Pension International,Restauration & Hôtellerie,Bétérou,+229 32 50 41 55,pension.international@pensioninternat.com.bj,pensioninternational.bj,TPE (<10),B2C,Google Maps,4.0,Actif,2026-06-29T00:22:54.828420,haute
BJ-1D58A10A,Saveurs Café,Restauration & Hôtellerie,Bétérou,+229 50 41 35 55,saveurs.café@saveurscafé.org.bj,saveurscafé.bj,PME (10-50),B2C,Google Maps,5.0,Actif,2026-06-29T00:22:54.828440,haute
BJ-DDF004AE,Grand Café Bétérou,Restauration & Hôtellerie,Bétérou,+229 47 34 12 37,,,Grande (>200),B2C,Google Maps,4.0,Actif,2026-06-29T00:22:54.828457,basse
BJ-B32DF5D4,Mer,Restauration & Hôtellerie,Bétérou,+229 64 10 62 72,mer@mer.bj,mer.bj,PME (10-50),B2C,Google Maps,4.2,Actif,2026-06-29T00:22:54.828472,haute
BJ-0FB0E593,Grand Bétérou,Restauration & Hôtellerie,Bétérou,+229 72 11 77 12,g.bétérou@yahoo.fr,grandbétérou.bj,TPE (<10),B2C,Google Maps,4.0,Actif,2026-06-29T00:22:54.828489,haute
BJ-43A1D49A,Restaurant Bistro Café,Restauration & Hôtellerie,Ouessè,+229 35 47 48 92,,,Grande (>200),B2C,Google Maps,3.6,Actif,2026-06-29T00:22:54.828510,basse
BJ-BC46E6EC,Restaurant Sushi International,Restauration & Hôtellerie,Ouessè,+229 37 99 19 44,,,TPE (<10),B2C,Google Maps,4.2,Actif,2026-06-29T00:22:54.828522,basse
BJ-CE1093E7,Restaurant Saveurs Lodge,Restauration & Hôtellerie,Ouessè,+229 30 66 95 61,restaurantsaveurs@restaurantsaveu.org.bj,,TPE (<10),B2C,Google Maps,4.0,Actif,2026-06-29T00:22:54.828549,moyenne
BJ-50B58C0F,Discothèque,Restauration & Hôtellerie,Ouessè,+229 48 66 86 32,discothèque@outlook.com,discothèque.bj,Grande (>200),B2C,Google Maps,3.7,Actif,2026-06-29T00:22:54.828566,haute
BJ-0ACE8A52,Snack Table,Restauration & Hôtellerie,Ouessè,+229 95 56 14 51,snack.table@snacktable.org.bj,snacktable.bj,Grande (>200),B2C,Google Maps,5.0,Actif,2026-06-29T00:22:54.828584,haute
BJ-22930B41,Pub Glazoué,Restauration & Hôtellerie,Glazoué,+229 52 20 81 42,,,Grande (>200),B2C,Google Maps,4.6,Actif,2026-06-29T00:22:54.828607,basse
BJ-2C34DAEF,Cantine Salade,Restauration & Hôtellerie,Glazoué,+229 59 78 43 21,,cantinesalade.bj,PME (50-200),B2C,Google Maps,4.2,Actif,2026-06-29T00:22:54.828621,moyenne
BJ-8C3C1122,Pension Chocolaterie Glazoué,Restauration & Hôtellerie,Glazoué,+229 40 79 11 54,pension_chocolaterie@gmail.com,,TPE (<10),B2C,Google Maps,5.0,Actif,2026-06-29T00:22:54.828640,moyenne
BJ-3A28ED1B,Lac Hotel,Restauration & Hôtellerie,Glazoué,+229 75 86 12 10,,,PME (10-50),B2C,Google Maps,3.4,Actif,2026-06-29T00:22:54.828653,basse
BJ-080C9D43,Bistro Restaurant,Restauration & Hôtellerie,Glazoué,+229 92 12 39 46,,bistrorestaurant.bj,TPE (<10),B2C,Google Maps,4.6,Actif,2026-06-29T00:22:54.828666,moyenne
BJ-9167B6C0,Food Africain Restaurant,Restauration & Hôtellerie,Dassa-Zoumè,+229 66 90 37 91,f.africain@outlook.com,,TPE (<10),B2C,Google Maps,4.6,Actif,2026-06-29T00:22:54.828706,moyenne
BJ-BF6F8BC2,Sandwich Brasserie,Restauration & Hôtellerie,Dassa-Zoumè,+229 47 84 17 72,,sandwichbrasserie.bj,PME (10-50),B2C,Google Maps,4.1,Actif,2026-06-29T00:22:54.828722,moyenne
BJ-2143F19B,Détente,Restauration & Hôtellerie,Dassa-Zoumè,+229 94 49 15 41,détente@hotmail.com,détente.bj,TPE (<10),B2C,Google Maps,3.8,Actif,2026-06-29T00:22:54.828739,haute
BJ-66153456,Chocolaterie,Restauration & Hôtellerie,Dassa-Zoumè,+229 43 66 31 42,chocolaterie@chocolaterie.bj,,Grande (>200),B2C,Google Maps,4.8,Actif,2026-06-29T00:22:54.828755,moyenne
BJ-5C17D287,Brasserie Tacos Village Savalou,Restauration & Hôtellerie,Savalou,+229 92 42 68 91,brasserietacos@outlook.com,brasserietacosvillagesavalou.bj,PME (10-50),B2C,Google Maps,4.3,Actif,2026-06-29T00:22:54.828780,haute
BJ-883324DE,Fast Ambiance,Restauration & Hôtellerie,Savalou,+229 36 67 99 79,,fastambiance.bj,PME (10-50),B2C,Google Maps,4.7,Actif,2026-06-29T00:22:54.828794,moyenne
BJ-DCB53220,Lac Lodge,Restauration & Hôtellerie,Savalou,+229 95 79 35 20,laclodge@outlook.com,laclodge.bj,PME (10-50),B2C,Google Maps,3.3,Actif,2026-06-29T00:22:54.828817,haute
BJ-398BF98C,Grand Village,Restauration & Hôtellerie,Savalou,+229 88 32 16 14,g.village@grandvillage.bj,grandvillage.bj,TPE (<10),B2C,Google Maps,4.1,Actif,2026-06-29T00:22:54.828851,haute
BJ-718F17D1,Tacos Bantè,Restauration & Hôtellerie,Bantè,+229 73 63 60 10,tacosbantè@tacosbantè.org.bj,tacosbantè.bj,TPE (<10),B2C,Google Maps,3.1,Actif,2026-06-29T00:22:54.828880,haute
BJ-90EC177F,Bar Authentique Bantè,Restauration & Hôtellerie,Bantè,+229 84 59 96 66,barauthentique@hotmail.com,barauthentiquebantè.bj,PME (50-200),B2C,Google Maps,4.7,Actif,2026-06-29T00:22:54.828928,haute
BJ-5C8B5889,Tradition Inn Bantè,Restauration & Hôtellerie,Bantè,+229 67 18 83 64,traditioninn@yahoo.com,traditioninnbantè.bj,TPE (<10),B2C,Google Maps,5.0,Actif,2026-06-29T00:22:54.828953,haute
BJ-A1D2BED4,Traiteur Pâtisserie Bénin,Restauration & Hôtellerie,Bantè,+229 97 78 27 77,t.pâtisserie@hotmail.com,traiteurpâtisseriebénin.bj,TPE (<10),B2C,Google Maps,4.3,Actif,2026-06-29T00:22:54.828973,haute
BJ-B6AA1642,Discothèque Resort,Restauration & Hôtellerie,Bantè,+229 80 45 18 85,discothèque.resort@outlook.com,discothèqueresort.bj,TPE (<10),B2C,Google Maps,3.7,Actif,2026-06-29T00:22:54.828992,haute
BJ-FD5162D2,Cantine Mer Djougou,Restauration & Hôtellerie,Djougou,+229 45 63 97 92,c.mer@cantinemerdjoug.org.bj,cantinemerdjougou.bj,PME (10-50),B2C,Google Maps,3.1,Actif,2026-06-29T00:22:54.829017,haute
BJ-CDFEF021,Discothèque,Restauration & Hôtellerie,Djougou,+229 39 19 59 88,discothèque@hotmail.com,discothèque.bj,Grande (>200),B2C,Google Maps,4.1,Actif,2026-06-29T00:22:54.829033,haute
BJ-E91A6785,Africain Hotel,Restauration & Hôtellerie,Djougou,+229 49 85 74 43,,,TPE (<10),B2C,Google Maps,3.2,Actif,2026-06-29T00:22:54.829046,basse
BJ-01FEC9B6,Grand,Restauration & Hôtellerie,Djougou,+229 89 73 61 39,grand@outlook.com,,TPE (<10),B2C,Google Maps,4.7,Actif,2026-06-29T00:22:54.829060,moyenne
BJ-882E1DEC,International Café,Restauration & Hôtellerie,Djougou,+229 95 76 17 45,international.café@outlook.com,internationalcafé.bj,PME (10-50),B2C,Google Maps,5.0,Actif,2026-06-29T00:22:54.829079,haute
BJ-9CBEC6F6,Délice,Restauration & Hôtellerie,Ouèssè,+229 41 18 50 75,délice@gmail.com,,TPE (<10),B2C,Google Maps,4.1,Actif,2026-06-29T00:22:54.829101,moyenne
BJ-116DAF2A,Fast Lounge Ouèssè,Restauration & Hôtellerie,Ouèssè,+229 38 37 31 33,fast.lounge@yahoo.fr,fastloungeouèssè.bj,PME (10-50),B2C,Google Maps,4.5,Actif,2026-06-29T00:22:54.829119,haute
BJ-DAA062EC,Pizzeria,Restauration & Hôtellerie,Ouèssè,+229 23 63 65 95,pizzeria@pizzeria.bj,pizzeria.bj,PME (10-50),B2C,Google Maps,4.5,Actif,2026-06-29T00:22:54.829142,haute
BJ-6344D170,Délice Lodge,Restauration & Hôtellerie,Ouèssè,+229 75 79 36 32,d.lodge@gmail.com,délicelodge.bj,PME (50-200),B2C,Google Maps,3.5,Actif,2026-06-29T00:22:54.829161,haute
BJ-2CE971AC,Food Délice International,Restauration & Hôtellerie,Ouèssè,+229 20 18 90 64,,,PME (10-50),B2C,Google Maps,3.3,Actif,2026-06-29T00:22:54.829173,basse
BJ-BB2372EE,Brasserie Royal,Restauration & Hôtellerie,Bassila,+229 50 27 31 66,,brasserieroyal.bj,PME (10-50),B2C,Google Maps,3.9,Actif,2026-06-29T00:22:54.829193,moyenne
BJ-ACAFC3DD,Brasserie Goût,Restauration & Hôtellerie,Bassila,+229 36 55 32 91,,,PME (50-200),B2C,Google Maps,4.5,Actif,2026-06-29T00:22:54.829222,basse
BJ-612BA7D5,Snack Jardin,Restauration & Hôtellerie,Bassila,+229 37 76 14 96,snack.jardin@outlook.com,snackjardin.bj,PME (50-200),B2C,Google Maps,3.8,Actif,2026-06-29T00:22:54.829240,haute
BJ-9947636A,Mer,Restauration & Hôtellerie,Bassila,+229 46 87 15 86,,,PME (50-200),B2C,Google Maps,3.3,Actif,2026-06-29T00:22:54.829253,basse
BJ-409BD8AF,Karaoke Inn,Restauration & Hôtellerie,Pehunco,+229 63 29 98 21,karaokeinn@hotmail.com,karaokeinn.bj,PME (50-200),B2C,Google Maps,4.5,Actif,2026-06-29T00:22:54.829277,haute
BJ-A1A324A6,Gourmet Pehunco,Restauration & Hôtellerie,Pehunco,+229 21 24 16 89,gourmetpehunco@outlook.com,gourmetpehunco.bj,TPE (<10),B2C,Google Maps,3.3,Actif,2026-06-29T00:22:54.829294,haute
BJ-4C1944B8,Burger Lodge,Restauration & Hôtellerie,Pehunco,+229 20 62 13 41,burger.lodge@yahoo.com,,PME (50-200),B2C,Google Maps,3.5,Actif,2026-06-29T00:22:54.829314,moyenne
BJ-088C766A,Restaurant Continental Pehunco,Restauration & Hôtellerie,Pehunco,+229 94 55 18 14,,restaurantcontinentalpehunco.bj,PME (50-200),B2C,Google Maps,4.0,Actif,2026-06-29T00:22:54.829329,moyenne
BJ-E6CD4A80,Table Village,Restauration & Hôtellerie,Pehunco,+229 44 54 30 60,tablevillage@outlook.com,,TPE (<10),B2C,Google Maps,4.6,Actif,2026-06-29T00:22:54.829345,moyenne
BJ-2F5950E0,Continental,Restauration & Hôtellerie,Copargo,+229 74 62 34 14,,,Grande (>200),B2C,Google Maps,3.5,Actif,2026-06-29T00:22:54.829364,basse
BJ-0E1BF75D,Burger,Restauration & Hôtellerie,Copargo,+229 54 90 54 98,,,Grande (>200),B2C,Google Maps,4.5,Actif,2026-06-29T00:22:54.829377,basse
BJ-254E1F5F,Snack Ambiance Lodge,Restauration & Hôtellerie,Copargo,+229 30 18 55 55,snack.ambiance@snackambiancelo.com.bj,,TPE (<10),B2C,Google Maps,3.5,Actif,2026-06-29T00:22:54.829399,moyenne
BJ-F23A744D,Auberge Karaoke,Restauration & Hôtellerie,Copargo,+229 65 15 98 29,auberge.karaoke@yahoo.com,aubergekaraoke.bj,Grande (>200),B2C,Google Maps,3.3,Actif,2026-06-29T00:22:54.829420,haute
BJ-39D12801,Authentique Palace,Restauration & Hôtellerie,Copargo,+229 97 18 42 78,authentiquepalace@gmail.com,,TPE (<10),B2C,Google Maps,4.5,Actif,2026-06-29T00:22:54.829437,moyenne
BJ-B68F094A,Gynécologie Cotonou,Santé & Pharmacie,Cotonou,+229 50 60 11 98,g.cotonou@gynécologiecoto.bj,gynécologiecotonou.bj,TPE (<10),B2B,Google Maps,3.8,Actif,2026-06-29T00:22:54.829466,haute
BJ-1B7984BB,Pédiatrique Cotonou,Santé & Pharmacie,Cotonou,+229 92 22 44 72,pédiatriquecotonou@gmail.com,,TPE (<10),B2B,Google Maps,4.0,Actif,2026-06-29T00:22:54.829484,moyenne
BJ-4CCE561C,Cabinet Sainte,Santé & Pharmacie,Cotonou,+229 22 29 72 79,cabinet_sainte@gmail.com,cabinetsainte.bj,PME (10-50),B2B,Google Maps,3.7,Actif,2026-06-29T00:22:54.829505,haute
BJ-0DA2F966,Hôpital Gériatrique,Santé & Pharmacie,Cotonou,+229 22 10 45 67,,,PME (10-50),B2B,Google Maps,3.2,Actif,2026-06-29T00:22:54.829519,basse
BJ-42C546B9,Centre Ophtalmologie,Santé & Pharmacie,Cotonou,+229 42 33 63 14,centreophtalmologie@centreophtalmol.bj,,PME (50-200),B2B,Google Maps,3.1,Actif,2026-06-29T00:22:54.829536,moyenne
BJ-6FFF5BAB,Sanatorium Guérison,Santé & Pharmacie,Abomey-Calavi,+229 65 66 60 94,,,TPE (<10),B2C,Google Maps,4.0,Actif,2026-06-29T00:22:54.829560,basse
BJ-175F9E01,Médecine,Santé & Pharmacie,Abomey-Calavi,+229 64 16 25 80,médecine@outlook.com,médecine.bj,PME (10-50),B2B,Google Maps,4.6,Actif,2026-06-29T00:22:54.829597,haute
BJ-A6C0027A,Cabinet Acupuncture International,Santé & Pharmacie,Abomey-Calavi,+229 30 28 63 74,,cabinetacupunctureinternational.bj,PME (50-200),B2C,Google Maps,4.8,Actif,2026-06-29T00:22:54.829612,moyenne
BJ-EEB7E5A8,Gynécologie,Santé & Pharmacie,Abomey-Calavi,+229 64 25 57 13,gynécologie@yahoo.com,,PME (50-200),B2B,Google Maps,3.4,Actif,2026-06-29T00:22:54.829627,moyenne
BJ-83D7D2BB,Hôpital Sainte,Santé & Pharmacie,Porto-Novo,+229 90 54 27 52,hôpital.sainte@yahoo.fr,,TPE (<10),B2B,Google Maps,4.4,Actif,2026-06-29T00:22:54.829651,moyenne
BJ-F852F3A8,Emergency Hôpital Porto-Novo,Santé & Pharmacie,Porto-Novo,+229 53 38 21 87,emergency_hôpital@emergencyhôpita.org.bj,emergencyhôpitalportonovo.bj,PME (50-200),B2B,Google Maps,3.0,Actif,2026-06-29T00:22:54.829672,haute
BJ-84879FBD,Polyclinique Central,Santé & Pharmacie,Porto-Novo,+229 33 15 70 42,polyclinique.central@polycliniquecen.com.bj,polycliniquecentral.bj,TPE (<10),B2C,Google Maps,4.0,Actif,2026-06-29T00:22:54.829694,haute
BJ-E07B9778,Kinésithérapie Hôpital,Santé & Pharmacie,Porto-Novo,+229 78 10 54 90,kinésithérapie_hôpital@kinésithérapieh.org.bj,kinésithérapiehôpital.bj,PME (10-50),B2C,Google Maps,3.3,Actif,2026-06-29T00:22:54.829714,haute
BJ-FB7FF041,Laboratoire Central,Santé & Pharmacie,Porto-Novo,+229 87 97 66 74,laboratoirecentral@laboratoirecent.org.bj,laboratoirecentral.bj,TPE (<10),B2B,Google Maps,3.1,Actif,2026-06-29T00:22:54.829743,haute
BJ-0BE2939D,Diététique,Santé & Pharmacie,Parakou,+229 79 93 45 44,diététique@yahoo.fr,,PME (10-50),B2C,Google Maps,3.2,Actif,2026-06-29T00:22:54.829765,moyenne
BJ-A040A4A4,Clinique Soins Parakou,Santé & Pharmacie,Parakou,+229 61 63 78 80,,,TPE (<10),B2C,Google Maps,4.5,Actif,2026-06-29T00:22:54.829778,basse
BJ-CD497806,Acupuncture,Santé & Pharmacie,Parakou,+229 61 81 12 45,acupuncture@acupuncture.org.bj,acupuncture.bj,TPE (<10),B2C,Google Maps,3.5,Actif,2026-06-29T00:22:54.829793,haute
BJ-06E90257,Dermatologie Centre,Santé & Pharmacie,Parakou,+229 85 34 29 30,dermatologie.centre@gmail.com,dermatologiecentre.bj,PME (50-200),B2B,Google Maps,4.9,Actif,2026-06-29T00:22:54.829810,haute
BJ-CFFA5A17,Dispensaire Saint Parakou,Santé & Pharmacie,Parakou,+229 70 84 11 12,dispensaire.saint@dispensairesain.org.bj,dispensairesaintparakou.bj,PME (10-50),B2B,Google Maps,3.2,Actif,2026-06-29T00:22:54.829831,haute
BJ-2314F6CA,Laboratoire Médicament,Santé & Pharmacie,Bohicon,+229 32 47 63 70,laboratoire.médicament@gmail.com,,PME (10-50),B2B,Google Maps,4.5,Actif,2026-06-29T00:22:54.829855,moyenne
BJ-4E8C947E,Dispensaire Cardiologie,Santé & Pharmacie,Bohicon,+229 81 49 47 69,d.cardiologie@gmail.com,dispensairecardiologie.bj,TPE (<10),B2C,Google Maps,4.9,Actif,2026-06-29T00:22:54.829873,haute
BJ-A5D9E866,Maternité,Santé & Pharmacie,Bohicon,+229 56 54 56 66,,maternité.bj,TPE (<10),B2C,Google Maps,3.4,Actif,2026-06-29T00:22:54.829901,moyenne
BJ-E757081F,Nutrition Pharmacie,Santé & Pharmacie,Bohicon,+229 70 27 78 52,n.pharmacie@yahoo.fr,nutritionpharmacie.bj,Grande (>200),B2B,Google Maps,4.7,Actif,2026-06-29T00:22:54.829921,haute
BJ-F73EC7B5,Nutrition,Santé & Pharmacie,Bohicon,+229 58 55 29 98,nutrition@yahoo.fr,nutrition.bj,PME (50-200),B2C,Google Maps,4.3,Actif,2026-06-29T00:22:54.829936,haute
BJ-CED3B67B,Sanatorium Médical,Santé & Pharmacie,Natitingou,+229 34 81 89 42,sanatoriummédical@yahoo.com,,PME (10-50),B2B,Google Maps,4.3,Actif,2026-06-29T00:22:54.829979,moyenne
BJ-ED963149,Sanatorium Sainte,Santé & Pharmacie,Natitingou,+229 21 65 51 57,,sanatoriumsainte.bj,PME (10-50),B2C,Google Maps,4.7,Actif,2026-06-29T00:22:54.829992,moyenne
BJ-735C4905,Hôpital Médicament Bénin,Santé & Pharmacie,Natitingou,+229 96 18 43 46,h.médicament@hôpitalmédicame.bj,hôpitalmédicamentbénin.bj,PME (10-50),B2C,Google Maps,3.6,Actif,2026-06-29T00:22:54.830012,haute
BJ-AA4F564D,Hôpital Kinésithérapie Medical,Santé & Pharmacie,Natitingou,+229 30 78 15 63,hôpital.kinésithérapie@gmail.com,hôpitalkinésithérapiemedical.bj,TPE (<10),B2C,Google Maps,4.9,Actif,2026-06-29T00:22:54.830030,haute
BJ-A9A718E4,Pharmacie Nouveau Lokossa,Santé & Pharmacie,Lokossa,+229 58 25 11 53,pharmacienouveau@yahoo.fr,,PME (50-200),B2B,Google Maps,3.9,Actif,2026-06-29T00:22:54.830058,moyenne
BJ-AC0C268E,Guérison,Santé & Pharmacie,Lokossa,+229 96 12 73 67,guérison@guérison.com.bj,guérison.bj,PME (50-200),B2C,Google Maps,3.2,Actif,2026-06-29T00:22:54.830075,haute
BJ-2E068856,Acupuncture,Santé & Pharmacie,Lokossa,+229 28 98 50 19,acupuncture@acupuncture.org.bj,acupuncture.bj,TPE (<10),B2B,Google Maps,3.5,Actif,2026-06-29T00:22:54.830093,haute
BJ-E79341D0,Ophtalmologie,Santé & Pharmacie,Lokossa,+229 55 42 25 81,ophtalmologie@gmail.com,,PME (50-200),B2B,Google Maps,4.5,Actif,2026-06-29T00:22:54.830107,moyenne
BJ-3805748C,Laboratoire Médecine,Santé & Pharmacie,Lokossa,+229 57 78 84 10,laboratoiremédecine@yahoo.com,laboratoiremédecine.bj,TPE (<10),B2B,Google Maps,3.7,Actif,2026-06-29T00:22:54.830125,haute
BJ-BBEAFD7D,Hôpital Ostéopathie International,Santé & Pharmacie,Ouidah,+229 92 84 39 47,hôpitalostéopathie@hôpitalostéopat.com.bj,,PME (10-50),B2B,Google Maps,3.6,Actif,2026-06-29T00:22:54.830151,moyenne
BJ-84F9E191,Polyclinique Biologie,Santé & Pharmacie,Ouidah,+229 41 73 81 17,polyclinique.biologie@polycliniquebio.org.bj,polycliniquebiologie.bj,Grande (>200),B2B,Google Maps,3.4,Actif,2026-06-29T00:22:54.830169,haute
BJ-F929E512,Dispensaire Diététique,Santé & Pharmacie,Ouidah,+229 82 59 91 91,dispensairediététique@yahoo.fr,dispensairediététique.bj,TPE (<10),B2C,Google Maps,3.0,Actif,2026-06-29T00:22:54.830187,haute
BJ-5490412C,Centre Royal Plus,Santé & Pharmacie,Ouidah,+229 25 43 20 61,c.royal@outlook.com,,PME (50-200),B2B,Google Maps,4.2,Actif,2026-06-29T00:22:54.830218,moyenne
BJ-5B75F997,Hôpital Imagerie Savalou,Santé & Pharmacie,Savalou,+229 86 13 64 28,hôpitalimagerie@hôpitalimagerie.bj,hôpitalimageriesavalou.bj,Grande (>200),B2C,Google Maps,3.1,Actif,2026-06-29T00:22:54.830244,haute
BJ-426169B6,Laboratoire ORL International,Santé & Pharmacie,Savalou,+229 33 61 36 46,laboratoire.orl@laboratoireorli.com.bj,laboratoireorlinternational.bj,PME (50-200),B2B,Google Maps,3.3,Actif,2026-06-29T00:22:54.830286,haute
BJ-1CAC90B1,Polyclinique Maternité Medical Savalou,Santé & Pharmacie,Savalou,+229 95 10 99 59,polyclinique.maternité@polycliniquemat.bj,polycliniquematernitémedicalsavalou.bj,TPE (<10),B2B,Google Maps,4.2,Actif,2026-06-29T00:22:54.830311,haute
BJ-7985B9D0,Centre Maternité,Santé & Pharmacie,Savalou,+229 44 41 71 47,centre_maternité@centrematernité.com.bj,,PME (50-200),B2C,Google Maps,4.2,Actif,2026-06-29T00:22:54.830334,moyenne
BJ-99051E39,Urgence Centre Dassa-Zoumè,Santé & Pharmacie,Dassa-Zoumè,+229 42 87 85 21,u.centre@urgencecentreda.com.bj,,TPE (<10),B2B,Google Maps,3.4,Actif,2026-06-29T00:22:54.830361,moyenne
BJ-EA4DD7CC,Soins Dassa-Zoumè,Santé & Pharmacie,Dassa-Zoumè,+229 46 23 77 80,,,Grande (>200),B2B,Google Maps,3.0,Actif,2026-06-29T00:22:54.830393,basse
BJ-6636D0A3,Hôpital Médicament Centre,Santé & Pharmacie,Dassa-Zoumè,+229 64 47 98 38,h.médicament@hotmail.com,hôpitalmédicamentcentre.bj,Grande (>200),B2C,Google Maps,4.7,Actif,2026-06-29T00:22:54.830413,haute
BJ-D4159972,Hôpital Pharma Dassa-Zoumè,Santé & Pharmacie,Dassa-Zoumè,+229 71 19 44 58,hôpital.pharma@hotmail.com,hôpitalpharmadassazoumè.bj,PME (10-50),B2B,Google Maps,4.9,Actif,2026-06-29T00:22:54.830438,haute
BJ-05C7905A,Gériatrique,Santé & Pharmacie,Kétou,+229 20 45 51 73,,gériatrique.bj,PME (10-50),B2C,Google Maps,4.7,Actif,2026-06-29T00:22:54.830459,moyenne
BJ-1F08E90A,Médicament,Santé & Pharmacie,Kétou,+229 33 87 88 12,médicament@médicament.org.bj,médicament.bj,PME (10-50),B2C,Google Maps,4.5,Actif,2026-06-29T00:22:54.830475,haute
BJ-E7E80E5E,Cabinet Diététique,Santé & Pharmacie,Kétou,+229 96 26 31 37,c.diététique@hotmail.com,cabinetdiététique.bj,PME (50-200),B2B,Google Maps,3.6,Actif,2026-06-29T00:22:54.830497,haute
BJ-C6D88237,Orthodontie,Santé & Pharmacie,Kétou,+229 43 84 54 97,orthodontie@orthodontie.org.bj,orthodontie.bj,PME (10-50),B2C,Google Maps,3.1,Actif,2026-06-29T00:22:54.830513,haute
BJ-7A5BDAD4,Sanatorium Bien-être Clinique,Santé & Pharmacie,Kétou,+229 48 45 84 89,sanatoriumbien@sanatoriumbienê.com.bj,sanatoriumbienêtreclinique.bj,TPE (<10),B2B,Google Maps,3.2,Actif,2026-06-29T00:22:54.830533,haute
BJ-34A5ACC0,Imagerie Bénin,Santé & Pharmacie,Covè,+229 40 94 85 43,imagerie.bénin@yahoo.fr,imageriebénin.bj,PME (10-50),B2C,Google Maps,4.4,Actif,2026-06-29T00:22:54.830561,haute
BJ-782E85A8,Hôpital Médical Care,Santé & Pharmacie,Covè,+229 64 86 94 55,hôpitalmédical@hôpitalmédicalc.bj,hôpitalmédicalcare.bj,PME (50-200),B2B,Google Maps,4.1,Actif,2026-06-29T00:22:54.830581,haute
BJ-05F68559,Cabinet Gériatrique Care,Santé & Pharmacie,Covè,+229 36 66 21 77,,,PME (10-50),B2B,Google Maps,3.5,Actif,2026-06-29T00:22:54.830594,basse
BJ-A155E115,Hôpital Soins,Santé & Pharmacie,Covè,+229 24 72 57 34,hôpital.soins@hôpitalsoins.org.bj,hôpitalsoins.bj,TPE (<10),B2C,Google Maps,3.3,Actif,2026-06-29T00:22:54.830612,haute
BJ-C9D43AE1,Médical,Santé & Pharmacie,Covè,+229 68 24 73 36,médical@hotmail.com,médical.bj,TPE (<10),B2B,Google Maps,3.1,Actif,2026-06-29T00:22:54.830627,haute
BJ-0C519279,Centre Bien-être Pharmacie,Santé & Pharmacie,Pobè,+229 36 52 73 61,centre.bien@centrebienêtrep.org.bj,centrebienêtrepharmacie.bj,PME (50-200),B2C,Google Maps,4.2,Actif,2026-06-29T00:22:54.830653,haute
BJ-1F3DCDC9,Pédiatrique,Santé & Pharmacie,Pobè,+229 85 22 89 79,,,TPE (<10),B2B,Google Maps,4.2,Actif,2026-06-29T00:22:54.830666,basse
BJ-4FCE8D54,Radiologie Pobè,Santé & Pharmacie,Pobè,+229 87 30 13 38,,,TPE (<10),B2B,Google Maps,4.5,Actif,2026-06-29T00:22:54.830681,basse
BJ-0E67234A,Pharmacie Chirurgie Care,Santé & Pharmacie,Pobè,+229 78 76 76 65,pharmacie.chirurgie@pharmaciechirur.com.bj,pharmaciechirurgiecare.bj,TPE (<10),B2B,Google Maps,3.0,Actif,2026-06-29T00:22:54.830701,haute
BJ-3D602C15,Laboratoire Chirurgie Pobè,Santé & Pharmacie,Pobè,+229 86 72 42 62,laboratoirechirurgie@laboratoirechir.bj,laboratoirechirurgiepobè.bj,PME (10-50),B2C,Google Maps,4.5,Actif,2026-06-29T00:22:54.830724,haute
BJ-BA25ED0D,Polyclinique Orthodontie Hôpital,Santé & Pharmacie,Sakété,+229 26 46 30 29,p.orthodontie@polycliniqueort.com.bj,polycliniqueorthodontiehôpital.bj,TPE (<10),B2C,Google Maps,4.6,Actif,2026-06-29T00:22:54.830750,haute
BJ-5FA29349,Polyclinique Dentaire Sakété,Santé & Pharmacie,Sakété,+229 89 23 73 37,polycliniquedentaire@polycliniqueden.bj,,PME (50-200),B2C,Google Maps,4.9,Actif,2026-06-29T00:22:54.830769,moyenne
BJ-8336548C,Clinique Ophtalmologie Bénin Sakété,Santé & Pharmacie,Sakété,+229 76 19 38 55,clinique_ophtalmologie@outlook.com,cliniqueophtalmologiebéninsakété.bj,TPE (<10),B2B,Google Maps,4.4,Actif,2026-06-29T00:22:54.830789,haute
BJ-E61CDD19,Sanatorium Dermatologie,Santé & Pharmacie,Sakété,+229 76 52 67 36,,sanatoriumdermatologie.bj,PME (50-200),B2C,Google Maps,4.5,Actif,2026-06-29T00:22:54.830802,moyenne
BJ-513A44C9,Cabinet Maternité Bénin,Santé & Pharmacie,Sakété,+229 24 74 23 98,cabinet.maternité@yahoo.com,cabinetmaternitébénin.bj,TPE (<10),B2B,Google Maps,3.4,Actif,2026-06-29T00:22:54.830825,haute
BJ-3DA2F1B1,Centre Orthodontie,Santé & Pharmacie,Adjara,+229 39 57 73 74,centreorthodontie@centreorthodont.bj,,Grande (>200),B2C,Google Maps,4.4,Actif,2026-06-29T00:22:54.830850,moyenne
BJ-06A677D6,Polyclinique Dentaire Cabinet,Santé & Pharmacie,Adjara,+229 30 71 93 63,polyclinique_dentaire@outlook.com,polycliniquedentairecabinet.bj,PME (10-50),B2C,Google Maps,4.8,Actif,2026-06-29T00:22:54.830868,haute
BJ-64B1FB2F,Centre Santé Adjara,Santé & Pharmacie,Adjara,+229 72 12 33 37,c.santé@centresantéadja.bj,centresantéadjara.bj,Grande (>200),B2B,Google Maps,4.1,Actif,2026-06-29T00:22:54.830916,haute
BJ-8E971982,Hôpital Dentaire,Santé & Pharmacie,Adjara,+229 90 51 16 33,hôpital.dentaire@yahoo.fr,,PME (10-50),B2C,Google Maps,3.8,Actif,2026-06-29T00:22:54.830939,moyenne
BJ-99AADE63,Soins Cabinet Adjara,Santé & Pharmacie,Adjara,+229 95 60 85 67,s.cabinet@soinscabinetadj.com.bj,,PME (10-50),B2B,Google Maps,3.9,Actif,2026-06-29T00:22:54.830957,moyenne
BJ-E11D8FCD,Polyclinique Médical Allada,Santé & Pharmacie,Allada,+229 37 93 65 65,polycliniquemédical@polycliniqueméd.com.bj,,Grande (>200),B2C,Google Maps,4.6,Actif,2026-06-29T00:22:54.830984,moyenne
BJ-3CA84B79,Médical Care,Santé & Pharmacie,Allada,+229 23 59 66 33,médical.care@médicalcare.bj,,TPE (<10),B2C,Google Maps,3.8,Actif,2026-06-29T00:22:54.831002,moyenne
BJ-88DD5B05,Pharmacie Maternité,Santé & Pharmacie,Allada,+229 70 82 87 19,pharmaciematernité@yahoo.com,,PME (10-50),B2B,Google Maps,4.1,Actif,2026-06-29T00:22:54.831019,moyenne
BJ-CC77498F,Analyses Bénin,Santé & Pharmacie,Allada,+229 41 13 76 35,analysesbénin@outlook.com,analysesbénin.bj,TPE (<10),B2C,Google Maps,3.8,Actif,2026-06-29T00:22:54.831036,haute
BJ-4FA80B1F,Laboratoire Rééducation Plus,Santé & Pharmacie,Allada,+229 35 40 19 83,laboratoirerééducation@laboratoirerééd.bj,laboratoirerééducationplus.bj,PME (10-50),B2B,Google Maps,4.9,Actif,2026-06-29T00:22:54.831055,haute
BJ-3A16C87C,Clinique Médical,Santé & Pharmacie,Aplahoué,+229 70 26 71 69,,,PME (10-50),B2C,Google Maps,4.9,Actif,2026-06-29T00:22:54.831075,basse
BJ-04C9D88D,Pharmacie Pédiatrique Care,Santé & Pharmacie,Aplahoué,+229 45 69 58 32,pharmacie.pédiatrique@yahoo.fr,,TPE (<10),B2B,Google Maps,4.3,Actif,2026-06-29T00:22:54.831092,moyenne
BJ-7CA2C807,Central Pharmacie,Santé & Pharmacie,Aplahoué,+229 35 18 74 30,central_pharmacie@yahoo.com,,PME (50-200),B2B,Google Maps,3.7,Actif,2026-06-29T00:22:54.831132,moyenne
BJ-4B9451C2,Nouveau Aplahoué,Santé & Pharmacie,Aplahoué,+229 91 76 94 68,nouveau.aplahoué@hotmail.com,,PME (50-200),B2C,Google Maps,3.6,Actif,2026-06-29T00:22:54.831149,moyenne
BJ-B4C0793A,Ophtalmologie Clinique,Santé & Pharmacie,Dogbo-Tota,+229 31 81 29 51,ophtalmologie_clinique@ophtalmologiecl.org.bj,,TPE (<10),B2B,Google Maps,3.6,Actif,2026-06-29T00:22:54.831173,moyenne
BJ-A86B55A2,Orthodontie,Santé & Pharmacie,Dogbo-Tota,+229 89 44 83 16,orthodontie@orthodontie.org.bj,orthodontie.bj,TPE (<10),B2C,Google Maps,4.0,Actif,2026-06-29T00:22:54.831220,haute
BJ-1AFC4FB1,Cardiologie Bénin,Santé & Pharmacie,Dogbo-Tota,+229 56 22 21 82,cardiologie.bénin@hotmail.com,,PME (10-50),B2C,Google Maps,4.5,Actif,2026-06-29T00:22:54.831237,moyenne
BJ-2FC6F93E,Dermatologie Care,Santé & Pharmacie,Kpomassè,+229 70 20 96 68,dermatologiecare@dermatologiecar.com.bj,dermatologiecare.bj,PME (10-50),B2C,Google Maps,3.4,Actif,2026-06-29T00:22:54.831262,haute
BJ-9E17A473,Maternité,Santé & Pharmacie,Kpomassè,+229 50 26 53 59,maternité@maternité.org.bj,maternité.bj,PME (10-50),B2C,Google Maps,4.1,Actif,2026-06-29T00:22:54.831279,haute
BJ-47459BD8,Pédiatrie Care Kpomassè,Santé & Pharmacie,Kpomassè,+229 81 22 72 73,pédiatriecare@pédiatriecarekp.com.bj,pédiatriecarekpomassè.bj,Grande (>200),B2B,Google Maps,5.0,Actif,2026-06-29T00:22:54.831307,haute
BJ-9DB42504,Cabinet Gériatrique,Santé & Pharmacie,Kpomassè,+229 38 74 14 97,c.gériatrique@hotmail.com,,Grande (>200),B2B,Google Maps,4.6,Actif,2026-06-29T00:22:54.831325,moyenne
BJ-8DA5EB2F,Centre Acupuncture,Santé & Pharmacie,Kpomassè,+229 48 38 30 90,c.acupuncture@outlook.com,centreacupuncture.bj,Grande (>200),B2B,Google Maps,3.8,Actif,2026-06-29T00:22:54.831347,haute
BJ-36A0BF88,Ostéopathie,Santé & Pharmacie,Tori-Bossito,+229 88 17 26 20,ostéopathie@outlook.com,,PME (10-50),B2C,Google Maps,3.2,Actif,2026-06-29T00:22:54.831369,moyenne
BJ-7488D07C,Clinique Imagerie International,Santé & Pharmacie,Tori-Bossito,+229 80 77 73 91,c.imagerie@cliniqueimageri.com.bj,,PME (10-50),B2C,Google Maps,4.4,Actif,2026-06-29T00:22:54.831389,moyenne
BJ-11B53086,Clinique Acupuncture,Santé & Pharmacie,Tori-Bossito,+229 41 52 32 47,,,PME (10-50),B2C,Google Maps,3.3,Actif,2026-06-29T00:22:54.831401,basse
BJ-CCD945DE,ORL,Santé & Pharmacie,Tori-Bossito,+229 24 91 72 64,orl@orl.com.bj,,TPE (<10),B2B,Google Maps,3.2,Actif,2026-06-29T00:22:54.831417,moyenne
BJ-7EB39A40,Laboratoire Dentaire Plus,Santé & Pharmacie,Tori-Bossito,+229 47 43 72 12,laboratoire.dentaire@laboratoiredent.bj,laboratoiredentaireplus.bj,TPE (<10),B2C,Google Maps,4.7,Actif,2026-06-29T00:22:54.831435,haute
BJ-EEEE7BCD,Centre Sainte Centre,Santé & Pharmacie,Grand-Popo,+229 65 77 47 34,centre.sainte@gmail.com,centresaintecentre.bj,TPE (<10),B2B,Google Maps,3.6,Actif,2026-06-29T00:22:54.831462,haute
BJ-97050CC5,Saint Care,Santé & Pharmacie,Grand-Popo,+229 56 11 81 88,,,TPE (<10),B2B,Google Maps,4.1,Actif,2026-06-29T00:22:54.831475,basse
BJ-EF2017F6,Centre Cardiologie Pharmacie,Santé & Pharmacie,Grand-Popo,+229 83 79 25 73,centre_cardiologie@hotmail.com,,Grande (>200),B2B,Google Maps,4.8,Actif,2026-06-29T00:22:54.831495,moyenne
BJ-CDC82BCA,Laboratoire Médecine Hôpital,Santé & Pharmacie,Grand-Popo,+229 78 17 37 14,laboratoire.médecine@laboratoireméde.com.bj,laboratoiremédecinehôpital.bj,PME (50-200),B2B,Google Maps,3.0,Actif,2026-06-29T00:22:54.831516,haute
BJ-E8E14E04,Nouveau Cabinet,Santé & Pharmacie,Grand-Popo,+229 81 49 77 33,nouveaucabinet@nouveaucabinet.org.bj,,TPE (<10),B2C,Google Maps,4.7,Actif,2026-06-29T00:22:54.831532,moyenne
BJ-3339C26F,Dentaire,Santé & Pharmacie,Athiémé,+229 49 17 35 82,,,PME (10-50),B2B,Google Maps,3.2,Actif,2026-06-29T00:22:54.831552,basse
BJ-68373D38,Rééducation Bénin,Santé & Pharmacie,Athiémé,+229 44 21 13 12,r.bénin@rééducationbéni.org.bj,rééducationbénin.bj,PME (10-50),B2B,Google Maps,3.0,Actif,2026-06-29T00:22:54.831571,haute
BJ-C8135A45,Clinique Soins Athiémé,Santé & Pharmacie,Athiémé,+229 87 46 42 32,,cliniquesoinsathiémé.bj,TPE (<10),B2B,Google Maps,4.3,Actif,2026-06-29T00:22:54.831586,moyenne
BJ-1892DAA5,Centre Médecine,Santé & Pharmacie,Athiémé,+229 24 56 91 85,centre.médecine@gmail.com,,PME (50-200),B2B,Google Maps,3.6,Actif,2026-06-29T00:22:54.831603,moyenne
BJ-3C64B24A,Pédiatrie,Santé & Pharmacie,Bopa,+229 76 67 80 32,pédiatrie@pédiatrie.bj,pédiatrie.bj,TPE (<10),B2C,Google Maps,3.7,Actif,2026-06-29T00:22:54.831641,haute
BJ-C8513781,Gériatrique Bopa,Santé & Pharmacie,Bopa,+229 98 94 66 78,gériatriquebopa@gériatriquebopa.com.bj,gériatriquebopa.bj,PME (50-200),B2C,Google Maps,3.4,Actif,2026-06-29T00:22:54.831660,haute
BJ-36120CBA,Dermatologie Clinique,Santé & Pharmacie,Bopa,+229 43 96 44 93,dermatologie.clinique@yahoo.com,dermatologieclinique.bj,TPE (<10),B2B,Google Maps,3.1,Actif,2026-06-29T00:22:54.831681,haute
BJ-6CFCAFCE,Dispensaire Royal Pharmacie Bopa,Santé & Pharmacie,Bopa,+229 42 84 43 42,dispensaireroyal@gmail.com,dispensaireroyalpharmaciebopa.bj,TPE (<10),B2B,Google Maps,5.0,Actif,2026-06-29T00:22:54.831699,haute
BJ-7D22826A,Ophtalmologie Clinique,Santé & Pharmacie,Houéyogbé,+229 35 77 97 37,,ophtalmologieclinique.bj,TPE (<10),B2B,Google Maps,4.6,Actif,2026-06-29T00:22:54.831739,moyenne
BJ-1B102731,Pédiatrique,Santé & Pharmacie,Houéyogbé,+229 58 52 21 46,,,TPE (<10),B2B,Google Maps,4.9,Actif,2026-06-29T00:22:54.831752,basse
BJ-9FEF39F4,Analyses,Santé & Pharmacie,Houéyogbé,+229 61 57 16 26,,analyses.bj,TPE (<10),B2C,Google Maps,3.5,Actif,2026-06-29T00:22:54.831765,moyenne
BJ-40BC74D1,Gériatrique,Santé & Pharmacie,Houéyogbé,+229 87 14 32 18,gériatrique@gériatrique.bj,gériatrique.bj,TPE (<10),B2B,Google Maps,3.1,Actif,2026-06-29T00:22:54.831799,haute
BJ-EDB59D91,Sanatorium Emergency Clinique,Santé & Pharmacie,Malanville,+229 22 71 38 38,sanatoriumemergency@yahoo.com,sanatoriumemergencyclinique.bj,PME (50-200),B2B,Google Maps,4.0,Actif,2026-06-29T00:22:54.831824,haute
BJ-E92A2E0C,Clinique Santé,Santé & Pharmacie,Malanville,+229 61 74 52 40,cliniquesanté@yahoo.fr,cliniquesanté.bj,PME (10-50),B2C,Google Maps,3.5,Actif,2026-06-29T00:22:54.831842,haute
BJ-34009303,Gériatrique,Santé & Pharmacie,Malanville,+229 60 14 49 53,gériatrique@yahoo.com,gériatrique.bj,TPE (<10),B2C,Google Maps,3.8,Actif,2026-06-29T00:22:54.831877,haute
BJ-81B5AB1E,Dermatologie Health,Santé & Pharmacie,Malanville,+229 29 12 64 37,dermatologiehealth@yahoo.com,dermatologiehealth.bj,Grande (>200),B2C,Google Maps,3.2,Actif,2026-06-29T00:22:54.831909,haute
BJ-B1B6D312,Rééducation Health,Santé & Pharmacie,Kandi,+229 49 44 37 68,rééducation.health@yahoo.com,,Grande (>200),B2C,Google Maps,4.1,Actif,2026-06-29T00:22:54.831936,moyenne
BJ-836334CF,Pédiatrie International,Santé & Pharmacie,Kandi,+229 63 75 22 90,pédiatrieinternational@pédiatrieintern.bj,pédiatrieinternational.bj,PME (10-50),B2C,Google Maps,3.2,Actif,2026-06-29T00:22:54.831956,haute
BJ-215B0214,Clinique Radiologie Care,Santé & Pharmacie,Kandi,+229 67 48 82 37,clinique.radiologie@cliniqueradiolo.bj,,PME (10-50),B2C,Google Maps,3.6,Actif,2026-06-29T00:22:54.831987,moyenne
BJ-705E6893,Chirurgie Hôpital,Santé & Pharmacie,Kandi,+229 21 52 73 46,,,TPE (<10),B2B,Google Maps,4.8,Actif,2026-06-29T00:22:54.831999,basse
BJ-97499604,Polyclinique Central Pharmacie,Santé & Pharmacie,Banikoara,+229 49 51 82 12,p.central@polycliniquecen.org.bj,,TPE (<10),B2C,Google Maps,4.0,Actif,2026-06-29T00:22:54.832023,moyenne
BJ-94132378,Dispensaire Cardiologie Plus,Santé & Pharmacie,Banikoara,+229 23 87 56 57,d.cardiologie@hotmail.com,dispensairecardiologieplus.bj,PME (50-200),B2B,Google Maps,3.9,Actif,2026-06-29T00:22:54.832040,haute
BJ-691E5BDE,Central Banikoara,Santé & Pharmacie,Banikoara,+229 30 65 84 43,centralbanikoara@outlook.com,,PME (10-50),B2C,Google Maps,4.6,Actif,2026-06-29T00:22:54.832060,moyenne
BJ-70E20A5C,ORL Banikoara,Santé & Pharmacie,Banikoara,+229 60 55 49 62,orl.banikoara@orlbanikoara.bj,,PME (10-50),B2C,Google Maps,4.0,Actif,2026-06-29T00:22:54.832077,moyenne
BJ-6C4A2157,Pharma Centre,Santé & Pharmacie,Banikoara,+229 51 70 48 10,pharmacentre@pharmacentre.bj,,PME (10-50),B2B,Google Maps,4.7,Actif,2026-06-29T00:22:54.832097,moyenne
BJ-F4DE2FC7,Clinique Vie Hôpital Ségbana,Santé & Pharmacie,Ségbana,+229 41 34 31 51,cliniquevie@cliniqueviehôpi.com.bj,cliniqueviehôpitalségbana.bj,PME (50-200),B2C,Google Maps,3.9,Actif,2026-06-29T00:22:54.832124,haute
BJ-DB65C3CD,Chirurgie Plus,Santé & Pharmacie,Ségbana,+229 65 86 26 55,chirurgie.plus@chirurgieplus.org.bj,,PME (10-50),B2B,Google Maps,3.4,Actif,2026-06-29T00:22:54.832142,moyenne
BJ-94CA6D57,Clinique Dentaire,Santé & Pharmacie,Ségbana,+229 78 95 95 24,,cliniquedentaire.bj,PME (10-50),B2B,Google Maps,3.7,Actif,2026-06-29T00:22:54.832157,moyenne
BJ-88BFD32B,Urgence,Santé & Pharmacie,Ségbana,+229 63 13 42 25,urgence@yahoo.fr,,TPE (<10),B2C,Google Maps,4.0,Actif,2026-06-29T00:22:54.832176,moyenne
BJ-5B801A0A,Pédiatrie,Santé & Pharmacie,Ségbana,+229 29 47 70 23,pédiatrie@gmail.com,pédiatrie.bj,PME (10-50),B2B,Google Maps,3.9,Actif,2026-06-29T00:22:54.832191,haute
BJ-8BF95EC3,Emergency Hôpital,Santé & Pharmacie,Karimama,+229 36 37 35 54,,emergencyhôpital.bj,TPE (<10),B2C,Google Maps,3.3,Actif,2026-06-29T00:22:54.832212,moyenne
BJ-1CA5F998,Pharmacie Guérison Plus,Santé & Pharmacie,Karimama,+229 75 62 21 69,pharmacieguérison@pharmacieguéris.bj,pharmacieguérisonplus.bj,PME (10-50),B2C,Google Maps,4.7,Actif,2026-06-29T00:22:54.832231,haute
BJ-242DD143,Ostéopathie,Santé & Pharmacie,Karimama,+229 97 96 94 56,ostéopathie@ostéopathie.bj,,Grande (>200),B2C,Google Maps,4.3,Actif,2026-06-29T00:22:54.832255,moyenne
BJ-5985E7A8,Dispensaire Médicament Karimama,Santé & Pharmacie,Karimama,+229 35 77 77 37,,,PME (50-200),B2B,Google Maps,4.3,Actif,2026-06-29T00:22:54.832269,basse
BJ-BA2F13A7,Médecine Bénin,Santé & Pharmacie,Karimama,+229 59 47 49 45,médecine.bénin@yahoo.com,médecinebénin.bj,Grande (>200),B2B,Google Maps,4.5,Actif,2026-06-29T00:22:54.832287,haute
BJ-D62B7684,Maternité International,Santé & Pharmacie,Gogounou,+229 83 89 61 26,maternité.international@maternitéintern.bj,maternitéinternational.bj,TPE (<10),B2B,Google Maps,3.0,Actif,2026-06-29T00:22:54.832313,haute
BJ-45515D05,Cabinet Emergency,Santé & Pharmacie,Gogounou,+229 59 67 62 52,cabinet.emergency@hotmail.com,cabinetemergency.bj,Grande (>200),B2B,Google Maps,3.6,Actif,2026-06-29T00:22:54.832347,haute
BJ-A6E25CD6,Polyclinique Saint,Santé & Pharmacie,Gogounou,+229 86 57 98 17,polyclinique.saint@yahoo.com,,PME (10-50),B2C,Google Maps,4.9,Actif,2026-06-29T00:22:54.832363,moyenne
BJ-F685D9BB,Sainte Centre,Santé & Pharmacie,Gogounou,+229 55 93 51 61,,saintecentre.bj,PME (10-50),B2C,Google Maps,4.4,Actif,2026-06-29T00:22:54.832377,moyenne
BJ-69B174C5,Pharmacie Pharma Cobly,Santé & Pharmacie,Cobly,+229 39 23 73 70,p.pharma@yahoo.fr,pharmaciepharmacobly.bj,TPE (<10),B2B,Google Maps,3.6,Actif,2026-06-29T00:22:54.832408,haute
BJ-D2AC9D3A,Centre Sainte Centre,Santé & Pharmacie,Cobly,+229 71 44 18 91,,,PME (50-200),B2C,Google Maps,4.6,Actif,2026-06-29T00:22:54.832422,basse
BJ-78D011A2,Sanatorium Guérison,Santé & Pharmacie,Cobly,+229 52 60 75 27,sanatorium.guérison@sanatoriumguéri.bj,sanatoriumguérison.bj,PME (10-50),B2B,Google Maps,3.8,Actif,2026-06-29T00:22:54.832444,haute
BJ-9D865551,Sanatorium Imagerie,Santé & Pharmacie,Cobly,+229 95 55 36 41,s.imagerie@hotmail.com,sanatoriumimagerie.bj,PME (10-50),B2C,Google Maps,4.6,Actif,2026-06-29T00:22:54.832476,haute
BJ-E81823DB,Pharmacie Central Cabinet Tanguiéta,Santé & Pharmacie,Tanguiéta,+229 48 69 59 82,pharmaciecentral@yahoo.com,pharmaciecentralcabinettanguiéta.bj,PME (50-200),B2B,Google Maps,4.3,Actif,2026-06-29T00:22:54.832502,haute
BJ-81206314,Pharmacie Médical,Santé & Pharmacie,Tanguiéta,+229 38 53 98 92,pharmaciemédical@outlook.com,pharmaciemédical.bj,PME (10-50),B2B,Google Maps,3.9,Actif,2026-06-29T00:22:54.832521,haute
BJ-CFA07AC1,Laboratoire Kinésithérapie Hôpital,Santé & Pharmacie,Tanguiéta,+229 70 10 94 61,l.kinésithérapie@laboratoirekiné.com.bj,laboratoirekinésithérapiehôpital.bj,PME (10-50),B2B,Google Maps,4.1,Actif,2026-06-29T00:22:54.832541,haute
BJ-20FB9117,Nutrition,Santé & Pharmacie,Tanguiéta,+229 85 72 41 90,nutrition@nutrition.org.bj,,PME (10-50),B2C,Google Maps,4.2,Actif,2026-06-29T00:22:54.832557,moyenne
BJ-8236E039,Pharmacie Sainte International,Santé & Pharmacie,Tanguiéta,+229 59 73 35 38,pharmaciesainte@outlook.com,pharmaciesainteinternational.bj,Grande (>200),B2C,Google Maps,4.4,Actif,2026-06-29T00:22:54.832574,haute
BJ-A2357618,Ostéopathie International,Santé & Pharmacie,Matéri,+229 86 73 26 90,ostéopathie_international@ostéopathieinte.com.bj,ostéopathieinternational.bj,TPE (<10),B2C,Google Maps,4.4,Actif,2026-06-29T00:22:54.832599,haute
BJ-81A391AD,Chirurgie Matéri,Santé & Pharmacie,Matéri,+229 49 76 60 19,,chirurgiematéri.bj,TPE (<10),B2C,Google Maps,3.7,Actif,2026-06-29T00:22:54.832614,moyenne
BJ-C3F018D6,Saint Medical Matéri,Santé & Pharmacie,Matéri,+229 28 13 34 89,s.medical@gmail.com,,TPE (<10),B2C,Google Maps,3.4,Actif,2026-06-29T00:22:54.832639,moyenne
BJ-ECE2CA74,Centre Acupuncture,Santé & Pharmacie,Matéri,+229 76 54 49 25,,,Grande (>200),B2B,Google Maps,4.1,Actif,2026-06-29T00:22:54.832652,basse
BJ-53D26411,Orthodontie,Santé & Pharmacie,Matéri,+229 75 47 62 63,orthodontie@yahoo.fr,orthodontie.bj,Grande (>200),B2C,Google Maps,4.9,Actif,2026-06-29T00:22:54.832671,haute
BJ-5FE81B69,Sanatorium Gériatrique,Santé & Pharmacie,Natitingou,+229 46 26 49 52,sanatorium.gériatrique@sanatoriumgéria.bj,sanatoriumgériatrique.bj,TPE (<10),B2C,Google Maps,4.3,Actif,2026-06-29T00:22:54.832699,haute
BJ-92851A6D,Pédiatrie Bénin,Santé & Pharmacie,Natitingou,+229 88 97 20 44,pédiatrie_bénin@yahoo.fr,pédiatriebénin.bj,TPE (<10),B2B,Google Maps,3.2,Actif,2026-06-29T00:22:54.832717,haute
BJ-0ABFEC0B,Centre Maternité,Santé & Pharmacie,Natitingou,+229 82 38 52 24,,,TPE (<10),B2B,Google Maps,3.4,Actif,2026-06-29T00:22:54.832730,basse
BJ-A53636A9,Emergency Cabinet Natitingou,Santé & Pharmacie,Natitingou,+229 58 93 26 97,e.cabinet@emergencycabine.com.bj,emergencycabinetnatitingou.bj,PME (10-50),B2C,Google Maps,3.6,Actif,2026-06-29T00:22:54.832753,haute
BJ-48B8666D,Dermatologie Plus,Santé & Pharmacie,Toucountouna,+229 35 20 91 92,dermatologie.plus@dermatologieplu.com.bj,dermatologieplus.bj,PME (50-200),B2C,Google Maps,4.5,Actif,2026-06-29T00:22:54.832795,haute
BJ-D334EC71,Centre Urgence,Santé & Pharmacie,Toucountouna,+229 47 98 57 58,centre_urgence@hotmail.com,centreurgence.bj,PME (10-50),B2C,Google Maps,5.0,Actif,2026-06-29T00:22:54.832812,haute
BJ-9D9054D7,Hôpital Vie Plus,Santé & Pharmacie,Toucountouna,+229 35 46 41 27,hôpitalvie@yahoo.fr,hôpitalvieplus.bj,TPE (<10),B2B,Google Maps,3.1,Actif,2026-06-29T00:22:54.832835,haute
BJ-43DFFFB2,Dispensaire ORL,Santé & Pharmacie,Toucountouna,+229 26 54 91 51,d.orl@dispensaireorl.bj,dispensaireorl.bj,TPE (<10),B2C,Google Maps,3.6,Actif,2026-06-29T00:22:54.832856,haute
BJ-90D04E40,Cabinet Dentaire,Santé & Pharmacie,Toucountouna,+229 90 16 55 57,cabinet.dentaire@yahoo.com,cabinetdentaire.bj,PME (50-200),B2C,Google Maps,3.4,Actif,2026-06-29T00:22:54.832874,haute
BJ-ED52A70E,Cabinet Guérison Bénin,Santé & Pharmacie,Boukoumbé,+229 54 64 18 40,cabinet.guérison@hotmail.com,cabinetguérisonbénin.bj,PME (10-50),B2C,Google Maps,3.1,Actif,2026-06-29T00:22:54.832937,haute
BJ-28F11A27,Biologie Centre,Santé & Pharmacie,Boukoumbé,+229 95 38 45 40,biologiecentre@outlook.com,biologiecentre.bj,TPE (<10),B2B,Google Maps,3.2,Actif,2026-06-29T00:22:54.832954,haute
BJ-25310E94,Pédiatrique Health,Santé & Pharmacie,Boukoumbé,+229 68 98 33 46,p.health@yahoo.com,pédiatriquehealth.bj,TPE (<10),B2C,Google Maps,4.2,Actif,2026-06-29T00:22:54.832975,haute
BJ-0245976D,Analyses,Santé & Pharmacie,Boukoumbé,+229 92 22 59 33,analyses@analyses.bj,,PME (50-200),B2C,Google Maps,4.6,Actif,2026-06-29T00:22:54.832990,moyenne
BJ-90B19FF3,Polyclinique Maternité,Santé & Pharmacie,Kouandé,+229 73 94 19 68,polyclinique.maternité@polycliniquemat.org.bj,,PME (10-50),B2B,Google Maps,4.5,Actif,2026-06-29T00:22:54.833015,moyenne
BJ-AD259A54,Imagerie Health,Santé & Pharmacie,Kouandé,+229 31 19 96 54,i.health@hotmail.com,,PME (10-50),B2C,Google Maps,3.0,Actif,2026-06-29T00:22:54.833032,moyenne
BJ-67472EF5,Saint Centre Kouandé,Santé & Pharmacie,Kouandé,+229 25 30 68 33,saintcentre@outlook.com,,TPE (<10),B2B,Google Maps,4.3,Actif,2026-06-29T00:22:54.833057,moyenne
BJ-A451C8C2,Centre Dentaire Health,Santé & Pharmacie,Kouandé,+229 21 76 56 43,centredentaire@centredentaireh.com.bj,centredentairehealth.bj,PME (10-50),B2B,Google Maps,4.4,Actif,2026-06-29T00:22:54.833076,haute
BJ-1B1EA29E,Dermatologie,Santé & Pharmacie,Kouandé,+229 34 57 18 60,dermatologie@dermatologie.bj,dermatologie.bj,PME (10-50),B2B,Google Maps,4.2,Actif,2026-06-29T00:22:54.833092,haute
BJ-7D60E1DB,Pharmacie Sainte Medical,Santé & Pharmacie,Péhunco,+229 49 88 13 94,pharmacie.sainte@yahoo.com,pharmaciesaintemedical.bj,TPE (<10),B2C,Google Maps,3.2,Actif,2026-06-29T00:22:54.833121,haute
BJ-FE45B32B,Soins Health,Santé & Pharmacie,Péhunco,+229 58 66 19 19,soinshealth@yahoo.com,,PME (10-50),B2C,Google Maps,4.8,Actif,2026-06-29T00:22:54.833139,moyenne
BJ-25CA4932,Hôpital Central,Santé & Pharmacie,Péhunco,+229 96 42 53 59,hôpitalcentral@hôpitalcentral.bj,hôpitalcentral.bj,PME (10-50),B2B,Google Maps,4.9,Actif,2026-06-29T00:22:54.833159,haute
BJ-67BE50F0,Centre Urgence Péhunco,Santé & Pharmacie,Péhunco,+229 36 45 17 49,centreurgence@yahoo.com,centreurgencepéhunco.bj,PME (50-200),B2C,Google Maps,4.2,Actif,2026-06-29T00:22:54.833178,haute
BJ-D9875578,Laboratoire Soins Plus,Santé & Pharmacie,Péhunco,+229 45 76 28 32,laboratoiresoins@hotmail.com,,TPE (<10),B2B,Google Maps,4.3,Actif,2026-06-29T00:22:54.833194,moyenne
BJ-08C1FA79,Centre Ophtalmologie Tchaourou,Santé & Pharmacie,Tchaourou,+229 74 15 83 62,centre.ophtalmologie@centreophtalmol.bj,centreophtalmologietchaourou.bj,Grande (>200),B2B,Google Maps,3.3,Actif,2026-06-29T00:22:54.833220,haute
BJ-85A536F3,Saint International,Santé & Pharmacie,Tchaourou,+229 50 56 65 27,saint.international@saintinternatio.com.bj,saintinternational.bj,PME (10-50),B2B,Google Maps,4.9,Actif,2026-06-29T00:22:54.833238,haute
BJ-354ACD92,Centre Biologie,Santé & Pharmacie,Tchaourou,+229 69 65 40 65,centrebiologie@centrebiologie.org.bj,centrebiologie.bj,PME (10-50),B2C,Google Maps,4.1,Actif,2026-06-29T00:22:54.833259,haute
BJ-24D8880E,Saint Hôpital,Santé & Pharmacie,Tchaourou,+229 59 71 86 22,saint_hôpital@sainthôpital.org.bj,sainthôpital.bj,TPE (<10),B2C,Google Maps,4.7,Actif,2026-06-29T00:22:54.833280,haute
BJ-DC700D11,Rééducation Tchaourou,Santé & Pharmacie,Tchaourou,+229 55 53 43 25,rééducation.tchaourou@rééducationtcha.bj,,TPE (<10),B2B,Google Maps,3.1,Actif,2026-06-29T00:22:54.833300,moyenne
BJ-7CC1A1B5,Gynécologie Cabinet,Santé & Pharmacie,Nikki,+229 50 14 28 87,gynécologie.cabinet@yahoo.fr,gynécologiecabinet.bj,PME (50-200),B2B,Google Maps,3.8,Actif,2026-06-29T00:22:54.833327,haute
BJ-D5272E4E,Ophtalmologie,Santé & Pharmacie,Nikki,+229 60 72 38 63,ophtalmologie@hotmail.com,ophtalmologie.bj,TPE (<10),B2B,Google Maps,4.4,Actif,2026-06-29T00:22:54.833344,haute
BJ-6A93552D,Pharmacie Gériatrique,Santé & Pharmacie,Nikki,+229 98 16 84 85,pharmacie.gériatrique@pharmaciegériat.bj,pharmaciegériatrique.bj,TPE (<10),B2B,Google Maps,3.1,Actif,2026-06-29T00:22:54.833363,haute
BJ-34357CDC,Polyclinique Saint Plus,Santé & Pharmacie,Nikki,+229 69 27 57 85,polycliniquesaint@outlook.com,polycliniquesaintplus.bj,PME (50-200),B2B,Google Maps,3.1,Actif,2026-06-29T00:22:54.833402,haute
BJ-D639BCCA,Hôpital Gériatrique Centre,Santé & Pharmacie,Bembéréké,+229 27 54 15 10,hôpitalgériatrique@hôpitalgériatri.org.bj,hôpitalgériatriquecentre.bj,TPE (<10),B2B,Google Maps,4.6,Actif,2026-06-29T00:22:54.833429,haute
BJ-90C353AC,Hôpital Médicament Bénin,Santé & Pharmacie,Bembéréké,+229 71 65 89 69,,hôpitalmédicamentbénin.bj,PME (10-50),B2C,Google Maps,4.2,Actif,2026-06-29T00:22:54.833445,moyenne
BJ-28E5C8D7,Diététique Centre Bembéréké,Santé & Pharmacie,Bembéréké,+229 41 38 13 77,d.centre@gmail.com,diététiquecentrebembéréké.bj,PME (50-200),B2C,Google Maps,3.5,Actif,2026-06-29T00:22:54.833473,haute
BJ-8BBE4927,Laboratoire Bien-être,Santé & Pharmacie,Bembéréké,+229 69 10 68 42,,,PME (50-200),B2B,Google Maps,3.7,Actif,2026-06-29T00:22:54.833486,basse
BJ-A1B423FE,Gériatrique Bembéréké,Santé & Pharmacie,Bembéréké,+229 45 17 50 44,gériatriquebembéréké@yahoo.com,,TPE (<10),B2B,Google Maps,4.1,Actif,2026-06-29T00:22:54.833504,moyenne
BJ-08F1D07F,Sanatorium Médical Pharmacie,Santé & Pharmacie,Kalalé,+229 59 40 75 43,s.médical@sanatoriummédic.com.bj,,PME (10-50),B2C,Google Maps,3.5,Actif,2026-06-29T00:22:54.833529,moyenne
BJ-9C4030B8,Sanatorium Analyses Kalalé,Santé & Pharmacie,Kalalé,+229 54 98 14 36,sanatorium_analyses@hotmail.com,,PME (10-50),B2B,Google Maps,4.3,Actif,2026-06-29T00:22:54.833547,moyenne
BJ-82107476,Clinique Pédiatrique Centre,Santé & Pharmacie,Kalalé,+229 28 13 22 56,clinique.pédiatrique@gmail.com,cliniquepédiatriquecentre.bj,TPE (<10),B2C,Google Maps,4.6,Actif,2026-06-29T00:22:54.833566,haute
BJ-AF6347B8,Dermatologie,Santé & Pharmacie,Kalalé,+229 78 82 49 51,dermatologie@gmail.com,dermatologie.bj,PME (10-50),B2C,Google Maps,3.3,Actif,2026-06-29T00:22:54.833581,haute
BJ-D1795747,Urgence,Santé & Pharmacie,Kalalé,+229 36 56 88 19,,urgence.bj,PME (10-50),B2C,Google Maps,3.5,Actif,2026-06-29T00:22:54.833594,moyenne
BJ-C89204A8,Dispensaire Imagerie Bénin Ndali,Santé & Pharmacie,Ndali,+229 33 44 86 38,dispensaire_imagerie@hotmail.com,dispensaireimageriebéninndali.bj,Grande (>200),B2B,Google Maps,4.7,Actif,2026-06-29T00:22:54.833619,haute
BJ-9B3D250A,Centre Pharma Bénin Ndali,Santé & Pharmacie,Ndali,+229 41 60 37 79,centre.pharma@centrepharmabén.bj,centrepharmabéninndali.bj,TPE (<10),B2C,Google Maps,3.9,Actif,2026-06-29T00:22:54.833638,haute
BJ-864C7C87,Laboratoire Pharma,Santé & Pharmacie,Ndali,+229 24 63 81 90,laboratoire.pharma@laboratoirephar.com.bj,laboratoirepharma.bj,TPE (<10),B2C,Google Maps,4.9,Actif,2026-06-29T00:22:54.833659,haute
BJ-12B46AAF,Polyclinique Analyses,Santé & Pharmacie,Ndali,+229 84 98 24 26,polycliniqueanalyses@polycliniqueana.org.bj,polycliniqueanalyses.bj,PME (10-50),B2C,Google Maps,3.1,Actif,2026-06-29T00:22:54.833677,haute
BJ-16515132,Laboratoire Médecine International,Santé & Pharmacie,Ndali,+229 22 62 37 10,l.médecine@laboratoireméde.bj,laboratoiremédecineinternational.bj,PME (50-200),B2B,Google Maps,4.0,Actif,2026-06-29T00:22:54.833696,haute
BJ-66B6B521,Pharmacie Central,Santé & Pharmacie,Ségbana,+229 71 14 84 36,pharmacie.central@pharmaciecentra.bj,pharmaciecentral.bj,PME (10-50),B2C,Google Maps,3.8,Actif,2026-06-29T00:22:54.833723,haute
BJ-1C704D8C,Central Centre Ségbana,Santé & Pharmacie,Ségbana,+229 40 84 36 13,,centralcentreségbana.bj,TPE (<10),B2B,Google Maps,4.5,Actif,2026-06-29T00:22:54.833737,moyenne
BJ-88FC3F89,Biologie Health,Santé & Pharmacie,Ségbana,+229 79 84 90 15,biologie.health@biologiehealth.com.bj,biologiehealth.bj,TPE (<10),B2B,Google Maps,3.5,Actif,2026-06-29T00:22:54.833755,haute
BJ-784733A8,Clinique Santé Ségbana,Santé & Pharmacie,Ségbana,+229 89 31 28 64,clinique_santé@outlook.com,,Grande (>200),B2B,Google Maps,4.1,Actif,2026-06-29T00:22:54.833772,moyenne
BJ-AA3F2FAB,Médical,Santé & Pharmacie,Tchaourou,+229 69 74 95 83,médical@yahoo.fr,médical.bj,PME (10-50),B2C,Google Maps,3.7,Actif,2026-06-29T00:22:54.833811,haute
BJ-32DE2FE5,Pharmacie Royal,Santé & Pharmacie,Tchaourou,+229 85 38 46 19,pharmacieroyal@pharmacieroyal.com.bj,pharmacieroyal.bj,TPE (<10),B2B,Google Maps,3.6,Actif,2026-06-29T00:22:54.833829,haute
BJ-9C2572D5,Gériatrique Hôpital,Santé & Pharmacie,Tchaourou,+229 27 21 15 44,gériatrique_hôpital@gériatriquehôpi.org.bj,,PME (10-50),B2C,Google Maps,3.4,Actif,2026-06-29T00:22:54.833850,moyenne
BJ-D8A1E87B,Ostéopathie International Tchaourou,Santé & Pharmacie,Tchaourou,+229 44 61 81 23,o.international@yahoo.com,,TPE (<10),B2B,Google Maps,3.9,Actif,2026-06-29T00:22:54.833869,moyenne
BJ-6981AC7D,Pharmacie Imagerie,Santé & Pharmacie,Bétérou,+229 34 73 63 35,,,Grande (>200),B2B,Google Maps,4.3,Actif,2026-06-29T00:22:54.833919,basse
BJ-A9BAC690,Médical Plus,Santé & Pharmacie,Bétérou,+229 76 27 34 12,médical.plus@médicalplus.com.bj,médicalplus.bj,PME (10-50),B2C,Google Maps,4.7,Actif,2026-06-29T00:22:54.833939,haute
BJ-B23AA9A6,Cabinet Biologie Clinique,Santé & Pharmacie,Bétérou,+229 91 92 96 91,,cabinetbiologieclinique.bj,TPE (<10),B2C,Google Maps,3.4,Actif,2026-06-29T00:22:54.833953,moyenne
BJ-3D94E0E1,Hôpital Royal Cabinet,Santé & Pharmacie,Bétérou,+229 33 77 68 79,h.royal@hôpitalroyalcab.org.bj,hôpitalroyalcabinet.bj,PME (10-50),B2B,Google Maps,3.4,Actif,2026-06-29T00:22:54.833976,haute
BJ-15F953EB,Hôpital Dentaire,Santé & Pharmacie,Bétérou,+229 85 41 13 69,h.dentaire@hotmail.com,hôpitaldentaire.bj,TPE (<10),B2B,Google Maps,4.2,Actif,2026-06-29T00:22:54.833993,haute
BJ-F8528FB0,Pédiatrique,Santé & Pharmacie,Ouessè,+229 31 16 70 67,pédiatrique@pédiatrique.com.bj,pédiatrique.bj,PME (10-50),B2C,Google Maps,4.9,Actif,2026-06-29T00:22:54.834015,haute
BJ-90AE5951,Orthodontie Ouessè,Santé & Pharmacie,Ouessè,+229 85 49 26 64,orthodontie_ouessè@gmail.com,orthodontieouessè.bj,TPE (<10),B2B,Google Maps,4.6,Actif,2026-06-29T00:22:54.834034,haute
BJ-16E5876A,Clinique Dermatologie Centre,Santé & Pharmacie,Ouessè,+229 65 95 94 85,,cliniquedermatologiecentre.bj,TPE (<10),B2C,Google Maps,4.9,Actif,2026-06-29T00:22:54.834053,moyenne
BJ-F7A1D8D6,Pharma Cabinet,Santé & Pharmacie,Ouessè,+229 24 41 60 78,p.cabinet@hotmail.com,pharmacabinet.bj,TPE (<10),B2C,Google Maps,4.6,Actif,2026-06-29T00:22:54.834071,haute
BJ-8716DAB7,Laboratoire Kinésithérapie Care,Santé & Pharmacie,Ouessè,+229 60 78 99 76,laboratoire.kinésithérapie@laboratoirekiné.org.bj,laboratoirekinésithérapiecare.bj,TPE (<10),B2C,Google Maps,3.4,Actif,2026-06-29T00:22:54.834090,haute
BJ-47F813B0,Dispensaire Central,Santé & Pharmacie,Glazoué,+229 97 16 87 25,dispensaire.central@dispensairecent.bj,dispensairecentral.bj,PME (10-50),B2B,Google Maps,4.7,Actif,2026-06-29T00:22:54.834113,haute
BJ-BC47C098,Cabinet Nouveau Hôpital,Santé & Pharmacie,Glazoué,+229 32 25 49 47,cabinet_nouveau@cabinetnouveauh.bj,cabinetnouveauhôpital.bj,PME (50-200),B2B,Google Maps,4.6,Actif,2026-06-29T00:22:54.834148,haute
BJ-0EF9E16D,Radiologie Care,Santé & Pharmacie,Glazoué,+229 71 78 22 83,radiologie.care@radiologiecare.com.bj,radiologiecare.bj,PME (10-50),B2B,Google Maps,3.9,Actif,2026-06-29T00:22:54.834168,haute
BJ-9EA022B4,Vie Medical Glazoué,Santé & Pharmacie,Glazoué,+229 96 14 10 84,viemedical@yahoo.fr,,TPE (<10),B2B,Google Maps,4.5,Actif,2026-06-29T00:22:54.834185,moyenne
BJ-1FF59EFC,Médicament Centre,Santé & Pharmacie,Dassa-Zoumè,+229 65 70 56 42,médicament_centre@médicamentcentr.bj,médicamentcentre.bj,PME (10-50),B2B,Google Maps,3.3,Actif,2026-06-29T00:22:54.834210,haute
BJ-3FA714E1,Sanatorium Cardiologie Pharmacie,Santé & Pharmacie,Dassa-Zoumè,+229 57 12 83 34,sanatoriumcardiologie@sanatoriumcardi.org.bj,sanatoriumcardiologiepharmacie.bj,PME (50-200),B2B,Google Maps,4.8,Actif,2026-06-29T00:22:54.834228,haute
BJ-B665FF94,Sanatorium Médicament,Santé & Pharmacie,Dassa-Zoumè,+229 36 79 88 62,s.médicament@sanatoriummédic.org.bj,sanatoriummédicament.bj,PME (10-50),B2C,Google Maps,4.0,Actif,2026-06-29T00:22:54.834250,haute
BJ-7190E927,Sanatorium Pédiatrie,Santé & Pharmacie,Dassa-Zoumè,+229 42 14 79 88,sanatoriumpédiatrie@sanatoriumpédia.org.bj,sanatoriumpédiatrie.bj,TPE (<10),B2C,Google Maps,4.0,Actif,2026-06-29T00:22:54.834269,haute
BJ-D42B7152,Imagerie,Santé & Pharmacie,Dassa-Zoumè,+229 36 95 28 91,imagerie@imagerie.org.bj,,PME (10-50),B2C,Google Maps,4.5,Actif,2026-06-29T00:22:54.834283,moyenne
BJ-B514BC64,Pédiatrie Clinique,Santé & Pharmacie,Savalou,+229 85 32 94 31,pédiatrieclinique@pédiatriecliniq.org.bj,pédiatrieclinique.bj,TPE (<10),B2C,Google Maps,4.4,Actif,2026-06-29T00:22:54.834308,haute
BJ-9ADD5E18,Cabinet Cardiologie,Santé & Pharmacie,Savalou,+229 36 85 48 99,cabinetcardiologie@outlook.com,cabinetcardiologie.bj,TPE (<10),B2C,Google Maps,4.9,Actif,2026-06-29T00:22:54.834325,haute
BJ-B1FF6ACB,Centre Chirurgie,Santé & Pharmacie,Savalou,+229 39 74 92 39,c.chirurgie@centrechirurgie.bj,centrechirurgie.bj,PME (10-50),B2B,Google Maps,4.3,Actif,2026-06-29T00:22:54.834346,haute
BJ-9A92AA1E,Dermatologie Cabinet Savalou,Santé & Pharmacie,Savalou,+229 70 46 49 48,d.cabinet@dermatologiecab.org.bj,,PME (50-200),B2C,Google Maps,4.6,Actif,2026-06-29T00:22:54.834363,moyenne
BJ-B36946AA,Centre Cardiologie International,Santé & Pharmacie,Savalou,+229 39 22 20 91,centre.cardiologie@yahoo.fr,centrecardiologieinternational.bj,TPE (<10),B2B,Google Maps,4.5,Actif,2026-06-29T00:22:54.834383,haute
BJ-424279BA,Sanatorium Nouveau Bantè,Santé & Pharmacie,Bantè,+229 55 90 32 14,sanatorium.nouveau@sanatoriumnouve.com.bj,,PME (10-50),B2C,Google Maps,4.6,Actif,2026-06-29T00:22:54.834412,moyenne
BJ-7EA64109,Cardiologie,Santé & Pharmacie,Bantè,+229 89 68 27 17,cardiologie@yahoo.fr,,TPE (<10),B2C,Google Maps,4.2,Actif,2026-06-29T00:22:54.834428,moyenne
BJ-8AA21BA7,Hôpital Médicament,Santé & Pharmacie,Bantè,+229 40 24 80 35,hôpital.médicament@hôpitalmédicame.com.bj,,PME (50-200),B2B,Google Maps,4.4,Actif,2026-06-29T00:22:54.834450,moyenne
BJ-88CE3206,Dispensaire Saint,Santé & Pharmacie,Bantè,+229 25 14 28 62,dispensairesaint@dispensairesain.com.bj,dispensairesaint.bj,PME (10-50),B2B,Google Maps,4.4,Actif,2026-06-29T00:22:54.834468,haute
BJ-4294F86C,Centre Royal International,Santé & Pharmacie,Bantè,+229 38 93 15 53,centreroyal@gmail.com,centreroyalinternational.bj,Grande (>200),B2B,Google Maps,3.4,Actif,2026-06-29T00:22:54.834485,haute
BJ-39EAB04B,Centre Imagerie Djougou,Santé & Pharmacie,Djougou,+229 27 37 54 74,centre.imagerie@centreimageried.org.bj,centreimageriedjougou.bj,TPE (<10),B2C,Google Maps,3.5,Actif,2026-06-29T00:22:54.834508,haute
BJ-FCBF6AF9,Guérison,Santé & Pharmacie,Djougou,+229 28 15 68 10,,guérison.bj,PME (50-200),B2C,Google Maps,3.7,Actif,2026-06-29T00:22:54.834522,moyenne
BJ-669602D1,Pharma,Santé & Pharmacie,Djougou,+229 48 61 92 79,pharma@yahoo.fr,pharma.bj,TPE (<10),B2B,Google Maps,4.9,Actif,2026-06-29T00:22:54.834537,haute
BJ-C66F93B2,Pharma Health,Santé & Pharmacie,Djougou,+229 57 97 80 41,,pharmahealth.bj,PME (10-50),B2B,Google Maps,4.8,Actif,2026-06-29T00:22:54.834550,moyenne
BJ-43DA0F16,Sanatorium Pharma,Santé & Pharmacie,Djougou,+229 78 76 25 90,sanatoriumpharma@sanatoriumpharm.bj,sanatoriumpharma.bj,TPE (<10),B2C,Google Maps,3.7,Actif,2026-06-29T00:22:54.834567,haute
BJ-4BED6DA5,Polyclinique Central,Santé & Pharmacie,Ouèssè,+229 74 11 43 76,polycliniquecentral@yahoo.com,,TPE (<10),B2C,Google Maps,3.8,Actif,2026-06-29T00:22:54.834589,moyenne
BJ-09CFB959,Hôpital Analyses Cabinet Ouèssè,Santé & Pharmacie,Ouèssè,+229 48 61 47 76,h.analyses@gmail.com,hôpitalanalysescabinetouèssè.bj,PME (10-50),B2B,Google Maps,3.4,Actif,2026-06-29T00:22:54.834609,haute
BJ-66478967,Urgence,Santé & Pharmacie,Ouèssè,+229 62 71 74 72,,urgence.bj,TPE (<10),B2B,Google Maps,4.2,Actif,2026-06-29T00:22:54.834625,moyenne
BJ-7A639A19,Cabinet Guérison Ouèssè,Santé & Pharmacie,Ouèssè,+229 98 19 87 58,,cabinetguérisonouèssè.bj,PME (10-50),B2C,Google Maps,4.2,Actif,2026-06-29T00:22:54.834642,moyenne
BJ-5A59D2D1,Dispensaire Ostéopathie Cabinet,Santé & Pharmacie,Ouèssè,+229 93 19 20 78,dispensaire.ostéopathie@yahoo.com,dispensaireostéopathiecabinet.bj,PME (10-50),B2B,Google Maps,4.6,Actif,2026-06-29T00:22:54.834660,haute
BJ-A3956679,Bien-être,Santé & Pharmacie,Bassila,+229 98 53 73 20,,,PME (50-200),B2B,Google Maps,4.6,Actif,2026-06-29T00:22:54.834679,basse
BJ-A6748EA2,Centre ORL,Santé & Pharmacie,Bassila,+229 21 45 50 79,c.orl@outlook.com,centreorl.bj,PME (50-200),B2B,Google Maps,3.2,Actif,2026-06-29T00:22:54.834696,haute
BJ-566B7662,Centre Médecine Cabinet,Santé & Pharmacie,Bassila,+229 45 21 26 14,c.médecine@centremédecinec.org.bj,centremédecinecabinet.bj,Grande (>200),B2B,Google Maps,3.2,Actif,2026-06-29T00:22:54.834715,haute
BJ-2AA0F850,Vie Bassila,Santé & Pharmacie,Bassila,+229 35 26 24 39,viebassila@outlook.com,viebassila.bj,PME (10-50),B2C,Google Maps,3.3,Actif,2026-06-29T00:22:54.834732,haute
BJ-D7B49834,Acupuncture Bassila,Santé & Pharmacie,Bassila,+229 71 19 33 72,,acupuncturebassila.bj,TPE (<10),B2C,Google Maps,4.4,Actif,2026-06-29T00:22:54.834745,moyenne
BJ-8E7C0360,Pharmacie Emergency International,Santé & Pharmacie,Pehunco,+229 22 24 45 45,pharmacieemergency@yahoo.com,,PME (50-200),B2B,Google Maps,4.5,Actif,2026-06-29T00:22:54.834767,moyenne
BJ-AE4564C2,Imagerie,Santé & Pharmacie,Pehunco,+229 35 20 31 48,imagerie@imagerie.org.bj,,TPE (<10),B2B,Google Maps,4.7,Actif,2026-06-29T00:22:54.834782,moyenne
BJ-124F10EB,Cabinet Imagerie Plus,Santé & Pharmacie,Pehunco,+229 39 76 57 41,cabinet.imagerie@cabinetimagerie.org.bj,cabinetimagerieplus.bj,Grande (>200),B2C,Google Maps,3.2,Actif,2026-06-29T00:22:54.834808,haute
BJ-082DB132,Clinique Dermatologie Cabinet Pehunco,Santé & Pharmacie,Pehunco,+229 37 25 25 74,clinique.dermatologie@yahoo.fr,,TPE (<10),B2B,Google Maps,4.1,Actif,2026-06-29T00:22:54.834826,moyenne
BJ-D5FC59EC,Cabinet Médicament,Santé & Pharmacie,Pehunco,+229 87 94 19 81,cabinet.médicament@yahoo.fr,cabinetmédicament.bj,PME (50-200),B2B,Google Maps,3.6,Actif,2026-06-29T00:22:54.834848,haute
BJ-ED6C9EF5,Centre Central Medical,Santé & Pharmacie,Copargo,+229 96 68 91 68,centrecentral@centrecentralme.bj,centrecentralmedical.bj,PME (50-200),B2C,Google Maps,4.8,Actif,2026-06-29T00:22:54.834872,haute
BJ-62424599,Soins Health,Santé & Pharmacie,Copargo,+229 47 62 19 48,s.health@soinshealth.org.bj,soinshealth.bj,TPE (<10),B2C,Google Maps,3.4,Actif,2026-06-29T00:22:54.834898,haute
BJ-FF407477,Dispensaire Soins Pharmacie Copargo,Santé & Pharmacie,Copargo,+229 21 21 10 66,dispensaire_soins@dispensairesoin.org.bj,dispensairesoinspharmaciecopargo.bj,PME (50-200),B2B,Google Maps,3.3,Actif,2026-06-29T00:22:54.834919,haute
BJ-3D2E8909,Dermatologie Cabinet,Santé & Pharmacie,Copargo,+229 31 19 82 65,dermatologie.cabinet@dermatologiecab.com.bj,,PME (10-50),B2B,Google Maps,3.1,Actif,2026-06-29T00:22:54.834939,moyenne
BJ-BB261456,Hôpital Médical International,Santé & Pharmacie,Copargo,+229 31 81 12 24,hôpitalmédical@yahoo.com,hôpitalmédicalinternational.bj,PME (50-200),B2C,Google Maps,4.1,Actif,2026-06-29T00:22:54.834963,haute
BJ-959FF76A,Épargne Cotonou,Finance & Assurance,Cotonou,+229 30 61 82 67,é.cotonou@épargnecotonou.org.bj,épargnecotonou.bj,TPE (<10),B2C,Google Maps,3.2,Actif,2026-06-29T00:22:54.834993,haute
BJ-2484B235,SICAV Capital Cotonou,Finance & Assurance,Cotonou,+229 44 83 67 25,s.capital@yahoo.com,,PME (10-50),B2B,Google Maps,3.9,Actif,2026-06-29T00:22:54.835010,moyenne
BJ-56841897,Investissement Forex Finance,Finance & Assurance,Cotonou,+229 36 70 38 61,investissement.forex@gmail.com,investissementforexfinance.bj,PME (10-50),B2B,Google Maps,4.5,Actif,2026-06-29T00:22:54.835030,haute
BJ-E35D4F87,Crédit Multirisque Bank,Finance & Assurance,Cotonou,+229 37 53 42 46,créditmultirisque@gmail.com,créditmultirisquebank.bj,Grande (>200),B2C,Google Maps,3.3,Actif,2026-06-29T00:22:54.835050,haute
BJ-D3F0B694,Patrimoine,Finance & Assurance,Cotonou,+229 49 65 30 74,patrimoine@yahoo.fr,patrimoine.bj,PME (50-200),B2B,Google Maps,4.4,Actif,2026-06-29T00:22:54.835065,haute
BJ-3DFB118E,Capital Africa International Abomey-Calavi,Finance & Assurance,Abomey-Calavi,+229 82 35 22 73,c.africa@capitalafricain.org.bj,capitalafricainternationalabomeycalavi.bj,PME (10-50),B2B,Google Maps,4.4,Actif,2026-06-29T00:22:54.835092,haute
BJ-EE21684E,Banque Sécurité,Finance & Assurance,Abomey-Calavi,+229 65 43 89 40,banque.sécurité@banquesécurité.org.bj,banquesécurité.bj,TPE (<10),B2B,Google Maps,3.5,Actif,2026-06-29T00:22:54.835112,haute
BJ-DFC5F37F,Patrimoine,Finance & Assurance,Abomey-Calavi,+229 93 11 70 68,patrimoine@hotmail.com,patrimoine.bj,PME (10-50),B2C,Google Maps,4.4,Actif,2026-06-29T00:22:54.835128,haute
BJ-A2EAB3C8,Épargne Crédit SA,Finance & Assurance,Abomey-Calavi,+229 51 28 41 23,é.crédit@épargnecréditsa.bj,épargnecréditsa.bj,TPE (<10),B2B,Google Maps,4.2,Actif,2026-06-29T00:22:54.835148,haute
BJ-47AA1ABB,Micro FCP,Finance & Assurance,Abomey-Calavi,+229 71 98 25 16,microfcp@microfcp.com.bj,microfcp.bj,PME (10-50),B2C,Google Maps,4.5,Actif,2026-06-29T00:22:54.835166,haute
BJ-DCDF03A6,FCP Finance,Finance & Assurance,Porto-Novo,+229 51 91 34 41,fcpfinance@gmail.com,fcpfinance.bj,TPE (<10),B2B,Google Maps,5.0,Actif,2026-06-29T00:22:54.835190,haute
BJ-D6EF477D,Société Protection,Finance & Assurance,Porto-Novo,+229 82 63 77 79,société.protection@yahoo.fr,sociétéprotection.bj,PME (10-50),B2B,Google Maps,3.7,Actif,2026-06-29T00:22:54.835209,haute
BJ-653652AA,Broker Partners,Finance & Assurance,Porto-Novo,+229 55 61 65 68,broker.partners@yahoo.com,brokerpartners.bj,TPE (<10),B2B,Google Maps,4.2,Actif,2026-06-29T00:22:54.835232,haute
BJ-7CC40BC3,Assurance Porto-Novo,Finance & Assurance,Porto-Novo,+229 44 61 11 53,a.porto@assuranceporton.com.bj,assuranceportonovo.bj,TPE (<10),B2C,Google Maps,4.2,Actif,2026-06-29T00:22:54.835255,haute
BJ-89B689F5,IARD,Finance & Assurance,Porto-Novo,+229 23 44 50 93,iard@yahoo.com,iard.bj,TPE (<10),B2B,Google Maps,4.8,Actif,2026-06-29T00:22:54.835271,haute
BJ-7E54B8CB,Capital Crédit,Finance & Assurance,Parakou,+229 43 38 36 19,capitalcrédit@capitalcrédit.org.bj,capitalcrédit.bj,PME (50-200),B2C,Google Maps,3.8,Actif,2026-06-29T00:22:54.835301,haute
BJ-422C8F14,Épargne Courtage Invest,Finance & Assurance,Parakou,+229 88 74 82 69,épargnecourtage@épargnecourtage.bj,épargnecourtageinvest.bj,PME (50-200),B2C,Google Maps,3.6,Actif,2026-06-29T00:22:54.835322,haute
BJ-00DF8D6A,Auto,Finance & Assurance,Parakou,+229 52 36 23 46,auto@yahoo.com,auto.bj,PME (10-50),B2C,Google Maps,4.9,Actif,2026-06-29T00:22:54.835338,haute
BJ-FEC805B7,SICAV Advisory,Finance & Assurance,Parakou,+229 32 94 14 41,sicavadvisory@outlook.com,,Grande (>200),B2B,Google Maps,4.2,Actif,2026-06-29T00:22:54.835372,moyenne
BJ-44864AF9,Banque Change Bank,Finance & Assurance,Parakou,+229 52 52 56 58,banque.change@banquechangeban.bj,banquechangebank.bj,Grande (>200),B2B,Google Maps,3.3,Actif,2026-06-29T00:22:54.835419,haute
BJ-8688A014,Micro Monétique Bohicon,Finance & Assurance,Bohicon,+229 25 25 49 38,m.monétique@micromonétiqueb.com.bj,micromonétiquebohicon.bj,TPE (<10),B2C,Google Maps,3.7,Actif,2026-06-29T00:22:54.835534,haute
BJ-47E46E5D,Bourse,Finance & Assurance,Bohicon,+229 78 89 85 39,bourse@bourse.org.bj,bourse.bj,TPE (<10),B2C,Google Maps,4.4,Actif,2026-06-29T00:22:54.835589,haute
BJ-FF4D4B33,Devise Finance,Finance & Assurance,Bohicon,+229 80 60 39 11,,,Grande (>200),B2B,Google Maps,3.2,Actif,2026-06-29T00:22:54.835626,basse
BJ-6AD6DCD2,Forex Assurances Bohicon,Finance & Assurance,Bohicon,+229 92 98 18 69,forexassurances@forexassurances.com.bj,forexassurancesbohicon.bj,TPE (<10),B2B,Google Maps,5.0,Actif,2026-06-29T00:22:54.835650,haute
BJ-020F28EC,Épargne Multirisque Invest,Finance & Assurance,Bohicon,+229 49 36 79 48,épargnemultirisque@hotmail.com,épargnemultirisqueinvest.bj,TPE (<10),B2B,Google Maps,4.9,Actif,2026-06-29T00:22:54.835671,haute
BJ-E808D6A7,Bourse Natitingou,Finance & Assurance,Natitingou,+229 63 18 99 91,bourse.natitingou@boursenatitingo.com.bj,boursenatitingou.bj,Grande (>200),B2B,Google Maps,4.3,Actif,2026-06-29T00:22:54.835699,haute
BJ-A6E433A9,Groupe Actions Bank,Finance & Assurance,Natitingou,+229 60 68 75 34,groupe_actions@outlook.com,groupeactionsbank.bj,TPE (<10),B2B,Google Maps,3.3,Actif,2026-06-29T00:22:54.835743,haute
BJ-7F58EA94,Groupe Sécurité Advisory,Finance & Assurance,Natitingou,+229 86 93 74 66,g.sécurité@groupesécuritéa.bj,groupesécuritéadvisory.bj,TPE (<10),B2C,Google Maps,4.0,Actif,2026-06-29T00:22:54.835786,haute
BJ-2BCB6854,Prévoyance Advisory,Finance & Assurance,Natitingou,+229 91 18 42 11,prévoyance.advisory@prévoyanceadvis.org.bj,prévoyanceadvisory.bj,PME (50-200),B2C,Google Maps,4.7,Actif,2026-06-29T00:22:54.835824,haute
BJ-075C4997,Gestion SARL,Finance & Assurance,Natitingou,+229 85 76 28 47,gestion_sarl@hotmail.com,gestionsarl.bj,Grande (>200),B2B,Google Maps,3.5,Actif,2026-06-29T00:22:54.835868,haute
BJ-E4FEA87B,Capital SA,Finance & Assurance,Lokossa,+229 79 62 76 38,capital@outlook.com,,PME (10-50),B2C,Google Maps,3.2,Actif,2026-06-29T00:22:54.835928,moyenne
BJ-171E6214,Assurance Patrimoine,Finance & Assurance,Lokossa,+229 96 10 67 20,assurancepatrimoine@yahoo.com,assurancepatrimoine.bj,TPE (<10),B2C,Google Maps,3.5,Actif,2026-06-29T00:22:54.835965,haute
BJ-DDEA1F87,Fintech Lokossa,Finance & Assurance,Lokossa,+229 40 94 26 69,fintech_lokossa@outlook.com,fintechlokossa.bj,PME (50-200),B2B,Google Maps,3.2,Actif,2026-06-29T00:22:54.836005,haute
BJ-D8C77F55,Gestion,Finance & Assurance,Lokossa,+229 75 68 20 44,gestion@hotmail.com,gestion.bj,PME (50-200),B2C,Google Maps,4.1,Actif,2026-06-29T00:22:54.836036,haute
BJ-90092BF0,Capital Prévoyance,Finance & Assurance,Lokossa,+229 80 17 16 57,capitalprévoyance@yahoo.fr,,PME (10-50),B2C,Google Maps,4.2,Actif,2026-06-29T00:22:54.836071,moyenne
BJ-9FCCAB06,Épargne Investissement,Finance & Assurance,Ouidah,+229 96 65 37 27,épargne.investissement@outlook.com,épargneinvestissement.bj,TPE (<10),B2C,Google Maps,3.8,Actif,2026-06-29T00:22:54.836122,haute
BJ-EC189B78,Cabinet Obligations,Finance & Assurance,Ouidah,+229 84 39 64 53,c.obligations@cabinetobligati.bj,cabinetobligations.bj,TPE (<10),B2B,Google Maps,4.5,Actif,2026-06-29T00:22:54.836144,haute
BJ-3DF89A79,Investissement Advisory,Finance & Assurance,Ouidah,+229 60 36 24 67,i.advisory@yahoo.com,investissementadvisory.bj,PME (50-200),B2B,Google Maps,3.5,Actif,2026-06-29T00:22:54.836162,haute
BJ-6645DBFD,Fintech,Finance & Assurance,Ouidah,+229 23 23 43 70,fintech@fintech.org.bj,fintech.bj,PME (50-200),B2B,Google Maps,4.3,Actif,2026-06-29T00:22:54.836178,haute
BJ-8E0DAB25,Finance Investissement Partners,Finance & Assurance,Ouidah,+229 83 86 48 21,finance.investissement@financeinvestis.org.bj,financeinvestissementpartners.bj,TPE (<10),B2C,Google Maps,4.1,Actif,2026-06-29T00:22:54.836196,haute
BJ-C5162FA7,Assurance Blockchain,Finance & Assurance,Savalou,+229 66 56 56 48,a.blockchain@assuranceblockc.bj,assuranceblockchain.bj,TPE (<10),B2C,Google Maps,3.3,Actif,2026-06-29T00:22:54.836222,haute
BJ-79966FF9,Investissement Transfert,Finance & Assurance,Savalou,+229 85 61 18 20,investissement.transfert@yahoo.com,investissementtransfert.bj,TPE (<10),B2B,Google Maps,5.0,Actif,2026-06-29T00:22:54.836245,haute
BJ-B09C39DA,Capital Monétique Assurances,Finance & Assurance,Savalou,+229 69 98 94 57,,capitalmonétiqueassurances.bj,PME (10-50),B2B,Google Maps,4.7,Actif,2026-06-29T00:22:54.836264,moyenne
BJ-21557BE6,Forex Capital Savalou,Finance & Assurance,Savalou,+229 72 15 49 91,f.capital@forexcapitalsav.com.bj,forexcapitalsavalou.bj,TPE (<10),B2C,Google Maps,3.7,Actif,2026-06-29T00:22:54.836286,haute
BJ-A2B2476E,Banque National,Finance & Assurance,Savalou,+229 71 87 49 43,banque.national@yahoo.fr,banquenational.bj,PME (50-200),B2B,Google Maps,4.1,Actif,2026-06-29T00:22:54.836305,haute
BJ-AC43C8A5,Finance Blockchain Dassa-Zoumè,Finance & Assurance,Dassa-Zoumè,+229 32 70 94 61,financeblockchain@yahoo.com,financeblockchaindassazoumè.bj,TPE (<10),B2B,Google Maps,3.4,Actif,2026-06-29T00:22:54.836354,haute
BJ-0BB4044B,Épargne West,Finance & Assurance,Dassa-Zoumè,+229 82 78 65 19,épargnewest@épargnewest.com.bj,épargnewest.bj,TPE (<10),B2B,Google Maps,4.2,Actif,2026-06-29T00:22:54.836374,haute
BJ-91798B33,Assurance Monétique Groupe,Finance & Assurance,Dassa-Zoumè,+229 38 55 81 15,assurancemonétique@hotmail.com,assurancemonétiquegroupe.bj,PME (10-50),B2C,Google Maps,4.0,Actif,2026-06-29T00:22:54.836394,haute
BJ-C8F12168,Transfert Partners,Finance & Assurance,Dassa-Zoumè,+229 79 96 16 89,transfert.partners@transfertpartne.com.bj,transfertpartners.bj,PME (10-50),B2C,Google Maps,4.6,Actif,2026-06-29T00:22:54.836412,haute
BJ-B82527CF,Monétique Partners,Finance & Assurance,Kétou,+229 42 24 22 55,monétiquepartners@monétiquepartne.bj,monétiquepartners.bj,TPE (<10),B2B,Google Maps,3.1,Actif,2026-06-29T00:22:54.836438,haute
BJ-B78BBEF0,Finance SICAV International Kétou,Finance & Assurance,Kétou,+229 55 65 97 14,f.sicav@outlook.com,financesicavinternationalkétou.bj,TPE (<10),B2C,Google Maps,4.3,Actif,2026-06-29T00:22:54.836457,haute
BJ-FFE800BB,Capital Obligations,Finance & Assurance,Kétou,+229 87 79 45 36,capital.obligations@yahoo.fr,capitalobligations.bj,PME (50-200),B2C,Google Maps,4.6,Actif,2026-06-29T00:22:54.836478,haute
BJ-7AEC62AE,Banque Patrimoine Bank,Finance & Assurance,Kétou,+229 20 58 81 36,banque.patrimoine@yahoo.fr,banquepatrimoinebank.bj,PME (50-200),B2C,Google Maps,4.8,Actif,2026-06-29T00:22:54.836496,haute
BJ-1A781ACF,Fintech Kétou,Finance & Assurance,Kétou,+229 31 39 80 74,f.kétou@fintechkétou.com.bj,fintechkétou.bj,PME (10-50),B2B,Google Maps,3.3,Actif,2026-06-29T00:22:54.836515,haute
BJ-3A88EED2,Capital,Finance & Assurance,Covè,+229 34 43 28 88,capital@gmail.com,capital.bj,TPE (<10),B2C,Google Maps,3.4,Actif,2026-06-29T00:22:54.836538,haute
BJ-F31F3F08,FCP,Finance & Assurance,Covè,+229 85 85 55 82,fcp@yahoo.fr,,PME (10-50),B2B,Google Maps,4.8,Actif,2026-06-29T00:22:54.836553,moyenne
BJ-D3995333,SICAV Covè,Finance & Assurance,Covè,+229 93 33 33 77,sicav.covè@outlook.com,sicavcovè.bj,PME (10-50),B2B,Google Maps,3.2,Actif,2026-06-29T00:22:54.836572,haute
BJ-7FD50E70,Sécurité International,Finance & Assurance,Covè,+229 49 10 16 87,sécuritéinternational@sécuritéinterna.org.bj,sécuritéinternational.bj,TPE (<10),B2B,Google Maps,4.9,Actif,2026-06-29T00:22:54.836591,haute
BJ-D783BD62,Monétique Covè,Finance & Assurance,Covè,+229 81 44 29 31,monétiquecovè@monétiquecovè.org.bj,monétiquecovè.bj,PME (50-200),B2B,Google Maps,3.9,Actif,2026-06-29T00:22:54.836610,haute
BJ-6851AE9A,Micro Management Groupe Pobè,Finance & Assurance,Pobè,+229 92 45 24 45,micromanagement@micromanagement.org.bj,micromanagementgroupepobè.bj,PME (50-200),B2C,Google Maps,4.8,Actif,2026-06-29T00:22:54.836643,haute
BJ-EE650404,Capital Wealth,Finance & Assurance,Pobè,+229 29 70 17 72,capital.wealth@gmail.com,capitalwealth.bj,Grande (>200),B2C,Google Maps,4.4,Actif,2026-06-29T00:22:54.836662,haute
BJ-346170F5,Santé Finance,Finance & Assurance,Pobè,+229 52 72 36 83,s.finance@santéfinance.com.bj,santéfinance.bj,PME (10-50),B2B,Google Maps,3.8,Actif,2026-06-29T00:22:54.836688,haute
BJ-0BE609E6,Société Prévoyance SA,Finance & Assurance,Pobè,+229 31 24 14 73,s.prévoyance@sociétéprévoyan.com.bj,sociétéprévoyancesa.bj,PME (10-50),B2B,Google Maps,4.3,Actif,2026-06-29T00:22:54.836708,haute
BJ-AA47C615,Cabinet Épargne SARL Pobè,Finance & Assurance,Pobè,+229 22 80 52 92,,,PME (10-50),B2B,Google Maps,3.1,Actif,2026-06-29T00:22:54.836722,basse
BJ-CC56603B,Épargne SICAV Assurances,Finance & Assurance,Sakété,+229 72 80 42 67,é.sicav@épargnesicavass.org.bj,épargnesicavassurances.bj,PME (10-50),B2C,Google Maps,3.4,Actif,2026-06-29T00:22:54.836752,haute
BJ-D0548E7D,Fintech SA,Finance & Assurance,Sakété,+229 99 38 12 55,fintech@fintechsa.bj,fintechsa.bj,TPE (<10),B2B,Google Maps,3.8,Actif,2026-06-29T00:22:54.836770,haute
BJ-4051AF31,Finance International,Finance & Assurance,Sakété,+229 35 76 40 80,f.international@financeinternat.com.bj,financeinternational.bj,TPE (<10),B2B,Google Maps,3.4,Actif,2026-06-29T00:22:54.836789,haute
BJ-9F7A4136,Trading,Finance & Assurance,Sakété,+229 72 51 65 78,trading@trading.org.bj,trading.bj,TPE (<10),B2B,Google Maps,4.4,Actif,2026-06-29T00:22:54.836804,haute
BJ-08C69B56,Groupe Obligations Partners,Finance & Assurance,Sakété,+229 67 66 78 61,g.obligations@outlook.com,groupeobligationspartners.bj,PME (50-200),B2C,Google Maps,4.3,Actif,2026-06-29T00:22:54.836821,haute
BJ-B764082C,Broker Adjara,Finance & Assurance,Adjara,+229 63 73 50 14,brokeradjara@brokeradjara.org.bj,brokeradjara.bj,PME (10-50),B2B,Google Maps,3.4,Actif,2026-06-29T00:22:54.836845,haute
BJ-31C4109C,Épargne Trading,Finance & Assurance,Adjara,+229 64 43 38 29,é.trading@épargnetrading.org.bj,épargnetrading.bj,TPE (<10),B2C,Google Maps,4.8,Actif,2026-06-29T00:22:54.836865,haute
BJ-85674E04,Société Auto Assurances Adjara,Finance & Assurance,Adjara,+229 70 87 54 70,société.auto@sociétéautoassu.com.bj,,PME (10-50),B2C,Google Maps,4.7,Actif,2026-06-29T00:22:54.836887,moyenne
BJ-272CF413,Sécurité Finance,Finance & Assurance,Adjara,+229 23 91 30 73,sécuritéfinance@sécuritéfinance.bj,sécuritéfinance.bj,TPE (<10),B2B,Google Maps,4.4,Actif,2026-06-29T00:22:54.836941,haute
BJ-CD035F1A,Management,Finance & Assurance,Allada,+229 21 25 44 62,management@yahoo.com,management.bj,TPE (<10),B2B,Google Maps,4.8,Actif,2026-06-29T00:22:54.836963,haute
BJ-FC31B7EE,Assurance Retraite Partners,Finance & Assurance,Allada,+229 45 42 45 72,a.retraite@hotmail.com,assuranceretraitepartners.bj,TPE (<10),B2B,Google Maps,3.7,Actif,2026-06-29T00:22:54.836986,haute
BJ-2712F1CE,Finance Patrimoine International,Finance & Assurance,Allada,+229 67 30 18 36,f.patrimoine@financepatrimoi.com.bj,financepatrimoineinternational.bj,TPE (<10),B2B,Google Maps,4.3,Actif,2026-06-29T00:22:54.837004,haute
BJ-064A890C,Groupe West Finance,Finance & Assurance,Allada,+229 69 55 54 63,g.west@groupewestfinan.bj,groupewestfinance.bj,PME (50-200),B2B,Google Maps,3.7,Actif,2026-06-29T00:22:54.837033,haute
BJ-24E1036C,Capital Trading,Finance & Assurance,Aplahoué,+229 46 60 83 50,capital.trading@outlook.com,,Grande (>200),B2C,Google Maps,4.6,Actif,2026-06-29T00:22:54.837056,moyenne
BJ-0F98A528,Micro National,Finance & Assurance,Aplahoué,+229 54 84 85 10,micronational@yahoo.fr,,PME (10-50),B2B,Google Maps,3.8,Actif,2026-06-29T00:22:54.837072,moyenne
BJ-4FB9346C,Africa SARL,Finance & Assurance,Aplahoué,+229 97 26 51 10,africa.sarl@gmail.com,,TPE (<10),B2B,Google Maps,4.6,Actif,2026-06-29T00:22:54.837091,moyenne
BJ-B678D076,Trading Bank,Finance & Assurance,Aplahoué,+229 31 71 70 77,tradingbank@hotmail.com,tradingbank.bj,TPE (<10),B2C,Google Maps,4.5,Actif,2026-06-29T00:22:54.837109,haute
BJ-45071B5A,Groupe Wealth,Finance & Assurance,Aplahoué,+229 88 34 18 43,g.wealth@groupewealth.com.bj,groupewealth.bj,PME (50-200),B2C,Google Maps,3.5,Actif,2026-06-29T00:22:54.837125,haute
BJ-73D1E7A4,Devise,Finance & Assurance,Dogbo-Tota,+229 57 63 64 99,devise@yahoo.com,devise.bj,PME (10-50),B2B,Google Maps,4.6,Actif,2026-06-29T00:22:54.837147,haute
BJ-58788BE9,Capital Auto,Finance & Assurance,Dogbo-Tota,+229 58 57 83 72,c.auto@capitalauto.com.bj,capitalauto.bj,TPE (<10),B2B,Google Maps,4.8,Actif,2026-06-29T00:22:54.837165,haute
BJ-696BC892,Auto Finance,Finance & Assurance,Dogbo-Tota,+229 27 56 44 28,,autofinance.bj,TPE (<10),B2B,Google Maps,3.5,Actif,2026-06-29T00:22:54.837178,moyenne
BJ-0A4E1087,National Finance,Finance & Assurance,Dogbo-Tota,+229 64 24 81 21,nationalfinance@hotmail.com,nationalfinance.bj,PME (50-200),B2B,Google Maps,4.2,Actif,2026-06-29T00:22:54.837213,haute
BJ-90F8C872,Fintech Bank,Finance & Assurance,Kpomassè,+229 35 95 78 70,f.bank@yahoo.com,fintechbank.bj,TPE (<10),B2C,Google Maps,4.1,Actif,2026-06-29T00:22:54.837241,haute
BJ-7848AAAA,Santé Partners,Finance & Assurance,Kpomassè,+229 67 16 68 27,,santépartners.bj,PME (50-200),B2B,Google Maps,4.1,Actif,2026-06-29T00:22:54.837267,moyenne
BJ-971EF099,Finance Vie,Finance & Assurance,Kpomassè,+229 50 13 70 67,f.vie@financevie.bj,financevie.bj,PME (50-200),B2C,Google Maps,3.9,Actif,2026-06-29T00:22:54.837312,haute
BJ-106D4CB8,Société FCP,Finance & Assurance,Kpomassè,+229 23 76 43 63,s.fcp@outlook.com,sociétéfcp.bj,PME (50-200),B2B,Google Maps,3.2,Actif,2026-06-29T00:22:54.837350,haute
BJ-FF99AF75,Banque Capital Advisory,Finance & Assurance,Kpomassè,+229 79 32 67 34,,banquecapitaladvisory.bj,TPE (<10),B2C,Google Maps,3.9,Actif,2026-06-29T00:22:54.837379,moyenne
BJ-7DF5CB46,Finance Protection Groupe,Finance & Assurance,Tori-Bossito,+229 92 76 34 52,finance_protection@gmail.com,financeprotectiongroupe.bj,PME (10-50),B2C,Google Maps,4.1,Actif,2026-06-29T00:22:54.837424,haute
BJ-98B9DB81,Crédit SICAV Advisory,Finance & Assurance,Tori-Bossito,+229 77 24 57 30,créditsicav@outlook.com,,TPE (<10),B2B,Google Maps,5.0,Actif,2026-06-29T00:22:54.837460,moyenne
BJ-C44A0F9F,Management Invest Tori-Bossito,Finance & Assurance,Tori-Bossito,+229 36 51 63 40,management.invest@managementinves.org.bj,managementinvesttoribossito.bj,PME (10-50),B2C,Google Maps,3.2,Actif,2026-06-29T00:22:54.837501,haute
BJ-C882035C,Investissement Prévoyance,Finance & Assurance,Tori-Bossito,+229 84 63 79 14,i.prévoyance@outlook.com,investissementprévoyance.bj,Grande (>200),B2C,Google Maps,4.2,Actif,2026-06-29T00:22:54.837526,haute
BJ-461B4E0F,Finance Crédit,Finance & Assurance,Tori-Bossito,+229 55 78 43 74,f.crédit@financecrédit.com.bj,financecrédit.bj,PME (10-50),B2C,Google Maps,3.2,Actif,2026-06-29T00:22:54.837547,haute
BJ-EB4F0AFA,Épargne Change Grand-Popo,Finance & Assurance,Grand-Popo,+229 26 37 27 84,épargnechange@épargnechangegr.com.bj,épargnechangegrandpopo.bj,PME (50-200),B2C,Google Maps,3.6,Actif,2026-06-29T00:22:54.837576,haute
BJ-5EE0AF90,Capital International Finance Grand-Popo,Finance & Assurance,Grand-Popo,+229 78 76 70 19,capital.international@yahoo.fr,,PME (50-200),B2C,Google Maps,3.4,Actif,2026-06-29T00:22:54.837595,moyenne
BJ-1D798DB7,Crédit Crédit Grand-Popo,Finance & Assurance,Grand-Popo,+229 97 71 38 25,c.crédit@yahoo.com,créditcréditgrandpopo.bj,PME (50-200),B2C,Google Maps,3.2,Actif,2026-06-29T00:22:54.837619,haute
BJ-1E0A992E,Investissement Courtage,Finance & Assurance,Grand-Popo,+229 68 63 98 92,investissementcourtage@investissementc.bj,investissementcourtage.bj,TPE (<10),B2B,Google Maps,3.3,Actif,2026-06-29T00:22:54.837639,haute
BJ-04FA4C6C,National Advisory,Finance & Assurance,Grand-Popo,+229 59 58 27 45,,nationaladvisory.bj,PME (10-50),B2B,Google Maps,3.3,Actif,2026-06-29T00:22:54.837656,moyenne
BJ-F5802BBC,Crédit Trading,Finance & Assurance,Athiémé,+229 65 26 63 63,crédit.trading@crédittrading.org.bj,,PME (10-50),B2C,Google Maps,3.1,Actif,2026-06-29T00:22:54.837682,moyenne
BJ-3FC31B3F,FCP,Finance & Assurance,Athiémé,+229 97 49 23 68,fcp@hotmail.com,fcp.bj,TPE (<10),B2B,Google Maps,4.3,Actif,2026-06-29T00:22:54.837714,haute
BJ-C8853FEC,Finance Assurance Groupe,Finance & Assurance,Athiémé,+229 77 47 96 30,f.assurance@yahoo.com,financeassurancegroupe.bj,PME (10-50),B2B,Google Maps,4.6,Actif,2026-06-29T00:22:54.837732,haute
BJ-BF6427E7,Forex,Finance & Assurance,Athiémé,+229 69 30 19 55,forex@forex.com.bj,forex.bj,PME (10-50),B2B,Google Maps,4.7,Actif,2026-06-29T00:22:54.837752,haute
BJ-ADCE6F65,Finance Paiement Bopa,Finance & Assurance,Bopa,+229 66 16 88 70,financepaiement@financepaiement.org.bj,financepaiementbopa.bj,TPE (<10),B2B,Google Maps,3.2,Actif,2026-06-29T00:22:54.837779,haute
BJ-F7B8E298,Épargne Capital,Finance & Assurance,Bopa,+229 79 35 12 66,épargne.capital@épargnecapital.org.bj,,TPE (<10),B2B,Google Maps,4.3,Actif,2026-06-29T00:22:54.837828,moyenne
BJ-44125656,Auto SARL Bopa,Finance & Assurance,Bopa,+229 83 96 62 56,,autosarlbopa.bj,PME (50-200),B2C,Google Maps,4.6,Actif,2026-06-29T00:22:54.837843,moyenne
BJ-30B39ED2,Devise Invest,Finance & Assurance,Bopa,+229 47 44 34 55,deviseinvest@deviseinvest.com.bj,deviseinvest.bj,PME (10-50),B2B,Google Maps,4.1,Actif,2026-06-29T00:22:54.837861,haute
BJ-17BCD9BF,Groupe Fintech Assurances,Finance & Assurance,Houéyogbé,+229 70 15 17 58,g.fintech@yahoo.fr,,Grande (>200),B2C,Google Maps,4.3,Actif,2026-06-29T00:22:54.837886,moyenne
BJ-028B5DB4,Monétique Advisory,Finance & Assurance,Houéyogbé,+229 79 84 24 38,monétique.advisory@yahoo.com,monétiqueadvisory.bj,PME (50-200),B2C,Google Maps,4.5,Actif,2026-06-29T00:22:54.837918,haute
BJ-0F2E12D6,Assurance Prévoyance Capital,Finance & Assurance,Houéyogbé,+229 73 95 82 68,assurance.prévoyance@assuranceprévoy.bj,assuranceprévoyancecapital.bj,PME (50-200),B2C,Google Maps,4.0,Actif,2026-06-29T00:22:54.837939,haute
BJ-84C41B01,Placement Finance,Finance & Assurance,Houéyogbé,+229 39 12 24 12,placement.finance@placementfinanc.org.bj,placementfinance.bj,TPE (<10),B2C,Google Maps,4.2,Actif,2026-06-29T00:22:54.837958,haute
BJ-D0000DAA,Banque Prévoyance Partners Malanville,Finance & Assurance,Malanville,+229 74 41 16 90,banque.prévoyance@banqueprévoyanc.bj,banqueprévoyancepartnersmalanville.bj,PME (50-200),B2C,Google Maps,3.7,Actif,2026-06-29T00:22:54.838005,haute
BJ-246738E8,Épargne SA,Finance & Assurance,Malanville,+229 88 33 47 39,épargne@yahoo.com,,PME (50-200),B2B,Google Maps,4.2,Actif,2026-06-29T00:22:54.838026,moyenne
BJ-07F5236C,Investissement Wealth,Finance & Assurance,Malanville,+229 58 30 17 85,investissement.wealth@investissementw.com.bj,investissementwealth.bj,PME (10-50),B2B,Google Maps,4.4,Actif,2026-06-29T00:22:54.838048,haute
BJ-1E4C68D2,Vie Finance,Finance & Assurance,Malanville,+229 65 99 36 32,viefinance@outlook.com,viefinance.bj,TPE (<10),B2C,Google Maps,4.5,Actif,2026-06-29T00:22:54.838066,haute
BJ-D64D04A2,Société Fintech Malanville,Finance & Assurance,Malanville,+229 50 75 22 78,sociétéfintech@sociétéfintechm.com.bj,sociétéfintechmalanville.bj,TPE (<10),B2C,Google Maps,4.4,Actif,2026-06-29T00:22:54.838085,haute
BJ-DE09E5F3,Gestion,Finance & Assurance,Kandi,+229 78 21 70 26,gestion@gmail.com,gestion.bj,TPE (<10),B2C,Google Maps,4.6,Actif,2026-06-29T00:22:54.838108,haute
BJ-E9027FEF,Groupe IARD,Finance & Assurance,Kandi,+229 79 76 30 90,,groupeiard.bj,TPE (<10),B2C,Google Maps,3.8,Actif,2026-06-29T00:22:54.838121,moyenne
BJ-4D03C889,Banque West,Finance & Assurance,Kandi,+229 80 95 93 53,banque.west@outlook.com,,PME (10-50),B2B,Google Maps,5.0,Actif,2026-06-29T00:22:54.838138,moyenne
BJ-FFAE4F0F,Banque Placement Advisory Kandi,Finance & Assurance,Kandi,+229 98 60 14 50,banque.placement@hotmail.com,banqueplacementadvisorykandi.bj,Grande (>200),B2C,Google Maps,4.6,Actif,2026-06-29T00:22:54.838155,haute
BJ-AA1A380E,Finance National,Finance & Assurance,Kandi,+229 30 57 56 49,financenational@yahoo.com,financenational.bj,TPE (<10),B2B,Google Maps,3.5,Actif,2026-06-29T00:22:54.838171,haute
BJ-E5699C36,Épargne,Finance & Assurance,Banikoara,+229 78 21 75 27,épargne@épargne.com.bj,épargne.bj,Grande (>200),B2B,Google Maps,3.7,Actif,2026-06-29T00:22:54.838194,haute
BJ-67AA1318,Courtage International,Finance & Assurance,Banikoara,+229 29 89 93 15,courtage.international@yahoo.com,,PME (50-200),B2B,Google Maps,3.3,Actif,2026-06-29T00:22:54.838229,moyenne
BJ-6419D1D4,IARD,Finance & Assurance,Banikoara,+229 55 46 86 64,,iard.bj,TPE (<10),B2C,Google Maps,4.0,Actif,2026-06-29T00:22:54.838264,moyenne
BJ-B594018F,Courtage,Finance & Assurance,Ségbana,+229 43 78 36 55,courtage@courtage.com.bj,courtage.bj,PME (10-50),B2B,Google Maps,3.6,Actif,2026-06-29T00:22:54.838285,haute
BJ-356EDC7B,Patrimoine,Finance & Assurance,Ségbana,+229 34 80 63 22,patrimoine@yahoo.fr,patrimoine.bj,TPE (<10),B2C,Google Maps,4.7,Actif,2026-06-29T00:22:54.838300,haute
BJ-1B53208D,Crédit Courtage Ségbana,Finance & Assurance,Ségbana,+229 85 89 41 20,c.courtage@créditcourtages.com.bj,créditcourtageségbana.bj,TPE (<10),B2B,Google Maps,4.9,Actif,2026-06-29T00:22:54.838341,haute
BJ-C112F3FC,Cabinet Gestion,Finance & Assurance,Ségbana,+229 72 29 35 50,cabinetgestion@cabinetgestion.bj,cabinetgestion.bj,PME (10-50),B2C,Google Maps,4.2,Actif,2026-06-29T00:22:54.838358,haute
BJ-28127F85,Monétique,Finance & Assurance,Karimama,+229 29 43 36 50,monétique@monétique.com.bj,monétique.bj,PME (10-50),B2B,Google Maps,4.5,Actif,2026-06-29T00:22:54.838396,haute
BJ-074E6FDD,Micro Bénin Advisory,Finance & Assurance,Karimama,+229 62 57 51 41,m.bénin@microbéninadvis.bj,microbéninadvisory.bj,TPE (<10),B2C,Google Maps,3.5,Actif,2026-06-29T00:22:54.838422,haute
BJ-26D0514B,Sécurité SARL,Finance & Assurance,Karimama,+229 79 74 34 75,sécuritésarl@yahoo.com,sécuritésarl.bj,Grande (>200),B2B,Google Maps,4.5,Actif,2026-06-29T00:22:54.838441,haute
BJ-23750900,Finance Fintech,Finance & Assurance,Karimama,+229 70 92 51 34,,financefintech.bj,PME (10-50),B2B,Google Maps,4.3,Actif,2026-06-29T00:22:54.838454,moyenne
BJ-BF179835,Crédit Devise,Finance & Assurance,Gogounou,+229 88 64 98 66,crédit.devise@créditdevise.org.bj,créditdevise.bj,PME (10-50),B2B,Google Maps,4.7,Actif,2026-06-29T00:22:54.838478,haute
BJ-A0A8E6CB,Forex Gogounou,Finance & Assurance,Gogounou,+229 54 10 38 38,f.gogounou@forexgogounou.org.bj,forexgogounou.bj,TPE (<10),B2B,Google Maps,3.6,Actif,2026-06-29T00:22:54.838497,haute
BJ-9CC69F6C,Blockchain,Finance & Assurance,Gogounou,+229 70 29 94 72,blockchain@blockchain.bj,blockchain.bj,PME (50-200),B2B,Google Maps,3.7,Actif,2026-06-29T00:22:54.838511,haute
BJ-F8D76F90,Bénin Capital,Finance & Assurance,Gogounou,+229 50 79 35 65,bénincapital@bénincapital.bj,bénincapital.bj,PME (10-50),B2C,Google Maps,3.3,Actif,2026-06-29T00:22:54.838530,haute
BJ-0CC2F2C6,Capital SARL,Finance & Assurance,Gogounou,+229 89 68 14 93,capitalsarl@capitalsarl.org.bj,capitalsarl.bj,PME (10-50),B2B,Google Maps,4.1,Actif,2026-06-29T00:22:54.838546,haute
BJ-972158C7,Cabinet Auto SARL,Finance & Assurance,Cobly,+229 54 70 25 10,cabinetauto@yahoo.com,,PME (50-200),B2C,Google Maps,4.6,Actif,2026-06-29T00:22:54.838572,moyenne
BJ-794C505A,Vie Assurances,Finance & Assurance,Cobly,+229 70 45 90 99,v.assurances@outlook.com,vieassurances.bj,PME (10-50),B2B,Google Maps,3.2,Actif,2026-06-29T00:22:54.838591,haute
BJ-A0D89C84,Devise Finance Cobly,Finance & Assurance,Cobly,+229 51 18 66 99,devisefinance@devisefinanceco.com.bj,devisefinancecobly.bj,PME (50-200),B2B,Google Maps,3.2,Actif,2026-06-29T00:22:54.838612,haute
BJ-FC776336,Société Management,Finance & Assurance,Cobly,+229 57 70 33 49,société.management@yahoo.fr,sociétémanagement.bj,PME (50-200),B2C,Google Maps,4.8,Actif,2026-06-29T00:22:54.838631,haute
BJ-8AFE78DB,Broker,Finance & Assurance,Cobly,+229 20 40 50 59,broker@broker.com.bj,broker.bj,PME (50-200),B2B,Google Maps,4.1,Actif,2026-06-29T00:22:54.838646,haute
BJ-153F5032,Crédit Bourse,Finance & Assurance,Tanguiéta,+229 95 41 65 69,c.bourse@créditbourse.bj,créditbourse.bj,PME (50-200),B2B,Google Maps,3.5,Actif,2026-06-29T00:22:54.838671,haute
BJ-96E2265D,Finance Obligations Capital,Finance & Assurance,Tanguiéta,+229 99 29 59 27,f.obligations@gmail.com,financeobligationscapital.bj,PME (10-50),B2B,Google Maps,3.3,Actif,2026-06-29T00:22:54.838689,haute
BJ-6424FDD0,Monétique Assurances Tanguiéta,Finance & Assurance,Tanguiéta,+229 60 35 73 76,monétique.assurances@yahoo.com,,TPE (<10),B2B,Google Maps,4.0,Actif,2026-06-29T00:22:54.838711,moyenne
BJ-FBAD816B,Broker Groupe,Finance & Assurance,Tanguiéta,+229 84 40 73 24,brokergroupe@brokergroupe.org.bj,brokergroupe.bj,PME (50-200),B2C,Google Maps,3.8,Actif,2026-06-29T00:22:54.838728,haute
BJ-FEFD166C,Micro IARD Partners Tanguiéta,Finance & Assurance,Tanguiéta,+229 52 28 57 80,microiard@microiardpartne.org.bj,microiardpartnerstanguiéta.bj,PME (10-50),B2B,Google Maps,3.7,Actif,2026-06-29T00:22:54.838747,haute
BJ-528E1D04,Banque Gestion Assurances,Finance & Assurance,Matéri,+229 89 93 66 37,banquegestion@banquegestionas.org.bj,banquegestionassurances.bj,Grande (>200),B2B,Google Maps,3.4,Actif,2026-06-29T00:22:54.838772,haute
BJ-EAB7B580,Finance IARD Matéri,Finance & Assurance,Matéri,+229 33 27 57 92,financeiard@financeiardmaté.bj,financeiardmatéri.bj,PME (10-50),B2B,Google Maps,3.5,Actif,2026-06-29T00:22:54.838792,haute
BJ-4745016F,Épargne,Finance & Assurance,Matéri,+229 30 49 75 24,épargne@épargne.org.bj,épargne.bj,PME (10-50),B2B,Google Maps,3.2,Actif,2026-06-29T00:22:54.838811,haute
BJ-9486730D,Patrimoine Capital,Finance & Assurance,Matéri,+229 33 39 13 93,patrimoine_capital@outlook.com,patrimoinecapital.bj,PME (10-50),B2C,Google Maps,4.0,Actif,2026-06-29T00:22:54.838829,haute
BJ-B558D5C9,International International,Finance & Assurance,Matéri,+229 44 82 19 15,international.international@hotmail.com,internationalinternational.bj,PME (50-200),B2C,Google Maps,4.4,Actif,2026-06-29T00:22:54.838846,haute
BJ-F88DA8AC,Assurance Placement Advisory,Finance & Assurance,Natitingou,+229 80 37 36 97,assurance.placement@assuranceplacem.com.bj,assuranceplacementadvisory.bj,TPE (<10),B2B,Google Maps,5.0,Actif,2026-06-29T00:22:54.838874,haute
BJ-2C6D1642,Épargne Investissement Partners,Finance & Assurance,Natitingou,+229 74 65 15 82,épargne.investissement@outlook.com,épargneinvestissementpartners.bj,PME (10-50),B2B,Google Maps,3.9,Actif,2026-06-29T00:22:54.838904,haute
BJ-1C27C75D,Finance Management SA Natitingou,Finance & Assurance,Natitingou,+229 52 24 74 11,finance.management@gmail.com,financemanagementsanatitingou.bj,PME (10-50),B2B,Google Maps,4.8,Actif,2026-06-29T00:22:54.838928,haute
BJ-AD0451C8,Société Fintech,Finance & Assurance,Natitingou,+229 98 49 57 19,s.fintech@sociétéfintech.bj,sociétéfintech.bj,TPE (<10),B2B,Google Maps,4.7,Actif,2026-06-29T00:22:54.838949,haute
BJ-99D0F092,Finance Placement,Finance & Assurance,Natitingou,+229 43 86 44 76,f.placement@financeplacemen.com.bj,,PME (50-200),B2B,Google Maps,3.5,Actif,2026-06-29T00:22:54.838967,moyenne
BJ-31B9B89E,Patrimoine,Finance & Assurance,Toucountouna,+229 76 76 37 96,patrimoine@yahoo.fr,patrimoine.bj,PME (50-200),B2C,Google Maps,4.1,Actif,2026-06-29T00:22:54.838989,haute
BJ-768D366E,Crédit Bénin Toucountouna,Finance & Assurance,Toucountouna,+229 36 69 64 90,créditbénin@yahoo.com,créditbénintoucountouna.bj,PME (50-200),B2C,Google Maps,4.1,Actif,2026-06-29T00:22:54.839009,haute
BJ-E1D59AD6,Blockchain,Finance & Assurance,Toucountouna,+229 30 14 61 30,blockchain@blockchain.org.bj,blockchain.bj,PME (10-50),B2B,Google Maps,3.4,Actif,2026-06-29T00:22:54.839029,haute
BJ-2A957D3E,Capital Finance,Finance & Assurance,Toucountouna,+229 89 63 86 23,c.finance@capitalfinance.org.bj,capitalfinance.bj,TPE (<10),B2B,Google Maps,4.4,Actif,2026-06-29T00:22:54.839047,haute
BJ-FFBAE081,Crypto Assurances,Finance & Assurance,Toucountouna,+229 36 94 50 79,cryptoassurances@outlook.com,cryptoassurances.bj,TPE (<10),B2C,Google Maps,4.3,Actif,2026-06-29T00:22:54.839064,haute
BJ-E803615E,Capital Crypto SA,Finance & Assurance,Boukoumbé,+229 36 42 41 88,capital.crypto@capitalcryptosa.bj,capitalcryptosa.bj,TPE (<10),B2B,Google Maps,4.6,Actif,2026-06-29T00:22:54.839088,haute
BJ-DF406D8F,Banque Auto SA,Finance & Assurance,Boukoumbé,+229 20 32 18 59,banque.auto@outlook.com,,PME (10-50),B2B,Google Maps,3.7,Actif,2026-06-29T00:22:54.839105,moyenne
BJ-89FAA26D,Paiement Capital,Finance & Assurance,Boukoumbé,+229 56 48 10 85,paiementcapital@paiementcapital.com.bj,paiementcapital.bj,PME (50-200),B2B,Google Maps,4.2,Actif,2026-06-29T00:22:54.839122,haute
BJ-7762DBCB,Retraite,Finance & Assurance,Boukoumbé,+229 99 77 68 82,retraite@retraite.com.bj,retraite.bj,PME (10-50),B2B,Google Maps,3.4,Actif,2026-06-29T00:22:54.839138,haute
BJ-9F21A740,Micro Épargne Finance,Finance & Assurance,Boukoumbé,+229 25 91 24 17,micro.épargne@microépargnefin.org.bj,microépargnefinance.bj,PME (10-50),B2B,Google Maps,4.6,Actif,2026-06-29T00:22:54.839161,haute
BJ-FABC29CF,Groupe Capital SA,Finance & Assurance,Kouandé,+229 36 33 50 91,groupe.capital@groupecapitalsa.bj,groupecapitalsa.bj,PME (10-50),B2C,Google Maps,3.2,Actif,2026-06-29T00:22:54.839185,haute
BJ-65010A2F,Banque International Finance,Finance & Assurance,Kouandé,+229 62 65 46 58,banqueinternational@banqueinternati.org.bj,,TPE (<10),B2B,Google Maps,3.3,Actif,2026-06-29T00:22:54.839206,moyenne
BJ-ED66621C,Épargne Prévoyance,Finance & Assurance,Kouandé,+229 23 76 63 94,é.prévoyance@épargneprévoyan.org.bj,,TPE (<10),B2B,Google Maps,4.4,Actif,2026-06-29T00:22:54.839229,moyenne
BJ-4DC42707,Capital Placement Kouandé,Finance & Assurance,Kouandé,+229 77 85 62 15,capital.placement@capitalplacemen.com.bj,capitalplacementkouandé.bj,Grande (>200),B2C,Google Maps,4.0,Actif,2026-06-29T00:22:54.839249,haute
BJ-E92622F7,FCP International,Finance & Assurance,Kouandé,+229 72 67 31 83,f.international@fcpinternationa.bj,fcpinternational.bj,PME (10-50),B2C,Google Maps,3.2,Actif,2026-06-29T00:22:54.839267,haute
BJ-3C3084A8,West Finance,Finance & Assurance,Péhunco,+229 27 35 47 88,west_finance@yahoo.fr,westfinance.bj,TPE (<10),B2C,Google Maps,4.4,Actif,2026-06-29T00:22:54.839290,haute
BJ-B2E61287,Devise Advisory,Finance & Assurance,Péhunco,+229 81 97 17 19,deviseadvisory@hotmail.com,deviseadvisory.bj,PME (50-200),B2B,Google Maps,4.3,Actif,2026-06-29T00:22:54.839312,haute
BJ-58133A94,Groupe Devise Bank,Finance & Assurance,Péhunco,+229 83 30 62 82,groupedevise@yahoo.com,groupedevisebank.bj,TPE (<10),B2C,Google Maps,4.0,Actif,2026-06-29T00:22:54.839329,haute
BJ-365C3CC9,Management SARL,Finance & Assurance,Péhunco,+229 66 19 14 40,m.sarl@managementsarl.bj,managementsarl.bj,TPE (<10),B2C,Google Maps,3.9,Actif,2026-06-29T00:22:54.839346,haute
BJ-6A141C8D,Crypto Partners,Finance & Assurance,Péhunco,+229 25 76 34 64,c.partners@outlook.com,cryptopartners.bj,TPE (<10),B2C,Google Maps,4.0,Actif,2026-06-29T00:22:54.839362,haute
BJ-4177C06C,Vie Finance,Finance & Assurance,Tchaourou,+229 25 30 90 17,vie.finance@viefinance.org.bj,viefinance.bj,PME (10-50),B2B,Google Maps,4.9,Actif,2026-06-29T00:22:54.839385,haute
BJ-82FEEF07,Management Tchaourou,Finance & Assurance,Tchaourou,+229 33 93 43 98,management.tchaourou@managementtchao.org.bj,managementtchaourou.bj,TPE (<10),B2B,Google Maps,4.1,Actif,2026-06-29T00:22:54.839404,haute
BJ-732D2D05,Devise,Finance & Assurance,Tchaourou,+229 58 54 47 10,devise@outlook.com,devise.bj,PME (10-50),B2C,Google Maps,4.2,Actif,2026-06-29T00:22:54.839423,haute
BJ-721AAC1A,Épargne Transfert,Finance & Assurance,Tchaourou,+229 78 70 95 35,épargne.transfert@épargnetransfer.com.bj,épargnetransfert.bj,TPE (<10),B2C,Google Maps,4.3,Actif,2026-06-29T00:22:54.839442,haute
BJ-4655E8CE,West Advisory,Finance & Assurance,Nikki,+229 43 53 12 67,westadvisory@westadvisory.bj,westadvisory.bj,TPE (<10),B2C,Google Maps,4.3,Actif,2026-06-29T00:22:54.839486,haute
BJ-E7577471,Broker,Finance & Assurance,Nikki,+229 60 42 32 14,broker@yahoo.com,broker.bj,PME (10-50),B2C,Google Maps,4.6,Actif,2026-06-29T00:22:54.839501,haute
BJ-F42899AB,Finance Forex Invest,Finance & Assurance,Nikki,+229 90 88 65 56,finance.forex@financeforexinv.com.bj,financeforexinvest.bj,PME (10-50),B2B,Google Maps,4.7,Actif,2026-06-29T00:22:54.839519,haute
BJ-7E1273DB,Assurance Gestion Advisory,Finance & Assurance,Nikki,+229 65 60 66 49,assurance.gestion@assurancegestio.org.bj,assurancegestionadvisory.bj,PME (50-200),B2C,Google Maps,3.6,Actif,2026-06-29T00:22:54.839536,haute
BJ-24D851C4,Assurance FCP Capital,Finance & Assurance,Nikki,+229 24 58 77 74,,assurancefcpcapital.bj,PME (50-200),B2B,Google Maps,4.4,Actif,2026-06-29T00:22:54.839549,moyenne
BJ-D8066AF2,Banque Monétique Finance Bembéréké,Finance & Assurance,Bembéréké,+229 92 22 14 73,banque.monétique@banquemonétique.org.bj,banquemonétiquefinancebembéréké.bj,TPE (<10),B2C,Google Maps,3.2,Actif,2026-06-29T00:22:54.839576,haute
BJ-08A654AF,Fintech Invest,Finance & Assurance,Bembéréké,+229 55 41 33 64,f.invest@yahoo.fr,fintechinvest.bj,TPE (<10),B2C,Google Maps,3.3,Actif,2026-06-29T00:22:54.839594,haute
BJ-8C241B2B,Banque IARD Groupe,Finance & Assurance,Bembéréké,+229 59 41 36 22,banqueiard@banqueiardgroup.bj,banqueiardgroupe.bj,TPE (<10),B2C,Google Maps,4.8,Actif,2026-06-29T00:22:54.839614,haute
BJ-208FC215,Santé Bembéréké,Finance & Assurance,Bembéréké,+229 31 24 30 27,santé.bembéréké@santébembéréké.com.bj,santébembéréké.bj,PME (10-50),B2B,Google Maps,4.1,Actif,2026-06-29T00:22:54.839637,haute
BJ-BF0D023F,Placement,Finance & Assurance,Bembéréké,+229 71 89 87 56,placement@hotmail.com,placement.bj,PME (10-50),B2C,Google Maps,4.1,Actif,2026-06-29T00:22:54.839652,haute
BJ-560169AE,Finance Change,Finance & Assurance,Kalalé,+229 52 50 65 17,f.change@yahoo.com,financechange.bj,PME (50-200),B2B,Google Maps,4.0,Actif,2026-06-29T00:22:54.839676,haute
BJ-C9348C28,Banque Change,Finance & Assurance,Kalalé,+229 76 33 88 99,banquechange@banquechange.com.bj,banquechange.bj,PME (50-200),B2C,Google Maps,3.2,Actif,2026-06-29T00:22:54.839693,haute
BJ-DBB57128,Auto,Finance & Assurance,Kalalé,+229 27 65 95 18,auto@hotmail.com,auto.bj,PME (10-50),B2C,Google Maps,4.0,Actif,2026-06-29T00:22:54.839709,haute
BJ-DBD71E64,Capital Paiement Capital,Finance & Assurance,Kalalé,+229 22 94 55 57,c.paiement@capitalpaiement.com.bj,capitalpaiementcapital.bj,PME (10-50),B2C,Google Maps,4.7,Actif,2026-06-29T00:22:54.839745,haute
BJ-ABF9C4F4,Broker,Finance & Assurance,Ndali,+229 86 51 62 20,broker@broker.com.bj,broker.bj,TPE (<10),B2C,Google Maps,4.8,Actif,2026-06-29T00:22:54.839765,haute
BJ-999F7F85,Forex,Finance & Assurance,Ndali,+229 72 18 90 80,forex@forex.org.bj,forex.bj,PME (10-50),B2C,Google Maps,3.4,Actif,2026-06-29T00:22:54.839780,haute
BJ-7C770574,Société Protection,Finance & Assurance,Ndali,+229 64 73 87 97,société.protection@yahoo.fr,sociétéprotection.bj,PME (10-50),B2B,Google Maps,3.1,Actif,2026-06-29T00:22:54.839803,haute
BJ-61A15D82,West,Finance & Assurance,Ndali,+229 73 51 26 43,west@west.bj,,PME (10-50),B2C,Google Maps,4.1,Actif,2026-06-29T00:22:54.839818,moyenne
BJ-5F896ECA,Africa Assurances,Finance & Assurance,Ndali,+229 59 57 63 49,africa.assurances@africaassurance.com.bj,africaassurances.bj,TPE (<10),B2B,Google Maps,3.6,Actif,2026-06-29T00:22:54.839835,haute
BJ-13E7F118,Capital Management Ségbana,Finance & Assurance,Ségbana,+229 21 41 46 41,c.management@capitalmanageme.org.bj,capitalmanagementségbana.bj,Grande (>200),B2C,Google Maps,4.2,Actif,2026-06-29T00:22:54.839881,haute
BJ-334D9154,Bourse SA,Finance & Assurance,Ségbana,+229 63 11 36 26,bourse@gmail.com,boursesa.bj,PME (10-50),B2B,Google Maps,4.2,Actif,2026-06-29T00:22:54.839934,haute
BJ-E7F4140C,Investissement Retraite,Finance & Assurance,Ségbana,+229 71 59 54 22,investissement.retraite@investissementr.bj,investissementretraite.bj,TPE (<10),B2B,Google Maps,3.1,Actif,2026-06-29T00:22:54.839977,haute
BJ-1584E403,West Ségbana,Finance & Assurance,Ségbana,+229 37 22 79 81,w.ségbana@gmail.com,westségbana.bj,PME (50-200),B2B,Google Maps,4.4,Actif,2026-06-29T00:22:54.840016,haute
BJ-E221AC43,Banque Placement Bank,Finance & Assurance,Ségbana,+229 62 39 44 33,b.placement@hotmail.com,banqueplacementbank.bj,TPE (<10),B2B,Google Maps,4.7,Actif,2026-06-29T00:22:54.840037,haute
BJ-E3BE3B38,Micro Change SA,Finance & Assurance,Tchaourou,+229 30 32 95 23,m.change@microchangesa.bj,microchangesa.bj,PME (10-50),B2B,Google Maps,3.9,Actif,2026-06-29T00:22:54.840064,haute
BJ-103B0900,Forex Tchaourou,Finance & Assurance,Tchaourou,+229 93 87 17 78,forex.tchaourou@forextchaourou.com.bj,forextchaourou.bj,TPE (<10),B2C,Google Maps,4.4,Actif,2026-06-29T00:22:54.840088,haute
BJ-505AEF72,Patrimoine SARL,Finance & Assurance,Tchaourou,+229 64 16 59 18,patrimoine.sarl@patrimoinesarl.org.bj,patrimoinesarl.bj,Grande (>200),B2B,Google Maps,3.2,Actif,2026-06-29T00:22:54.840111,haute
BJ-868960BC,Finance Fintech Bank Tchaourou,Finance & Assurance,Tchaourou,+229 40 43 50 59,f.fintech@yahoo.fr,,TPE (<10),B2C,Google Maps,3.8,Actif,2026-06-29T00:22:54.840130,moyenne
BJ-0E3FFC52,Assurance Tchaourou,Finance & Assurance,Tchaourou,+229 43 31 97 51,a.tchaourou@assurancetchaou.com.bj,assurancetchaourou.bj,PME (10-50),B2C,Google Maps,3.7,Actif,2026-06-29T00:22:54.840148,haute
BJ-8DEAE4AE,Finance Blockchain Finance,Finance & Assurance,Bétérou,+229 84 70 77 26,financeblockchain@financeblockcha.bj,financeblockchainfinance.bj,TPE (<10),B2B,Google Maps,4.4,Actif,2026-06-29T00:22:54.840174,haute
BJ-1AA67161,FCP Finance,Finance & Assurance,Bétérou,+229 89 40 46 91,fcp.finance@yahoo.com,fcpfinance.bj,PME (50-200),B2C,Google Maps,4.5,Actif,2026-06-29T00:22:54.840192,haute
BJ-1C640374,Épargne Trading,Finance & Assurance,Bétérou,+229 32 87 74 69,é.trading@épargnetrading.bj,épargnetrading.bj,PME (10-50),B2B,Google Maps,4.6,Actif,2026-06-29T00:22:54.840217,haute
BJ-C152A615,Bénin Bétérou,Finance & Assurance,Bétérou,+229 81 23 21 33,b.bétérou@yahoo.fr,béninbétérou.bj,PME (50-200),B2C,Google Maps,4.6,Actif,2026-06-29T00:22:54.840237,haute
BJ-02BAC605,Wealth International,Finance & Assurance,Bétérou,+229 85 61 45 60,wealth.international@yahoo.fr,wealthinternational.bj,TPE (<10),B2B,Google Maps,3.3,Actif,2026-06-29T00:22:54.840255,haute
BJ-DBC6C504,Bénin Advisory,Finance & Assurance,Ouessè,+229 26 33 47 82,bénin.advisory@gmail.com,béninadvisory.bj,PME (50-200),B2B,Google Maps,4.3,Actif,2026-06-29T00:22:54.840280,haute
BJ-4CBC259E,Africa Invest Ouessè,Finance & Assurance,Ouessè,+229 95 99 17 18,,africainvestouessè.bj,PME (10-50),B2B,Google Maps,4.2,Actif,2026-06-29T00:22:54.840296,moyenne
BJ-992EDDF3,Capital Africa SA,Finance & Assurance,Ouessè,+229 32 83 98 40,capital.africa@yahoo.fr,capitalafricasa.bj,PME (10-50),B2B,Google Maps,4.9,Actif,2026-06-29T00:22:54.840317,haute
BJ-F5AF44A3,Actions,Finance & Assurance,Ouessè,+229 96 55 17 43,actions@gmail.com,actions.bj,PME (50-200),B2C,Google Maps,4.7,Actif,2026-06-29T00:22:54.840333,haute
BJ-A875E9AA,Fintech,Finance & Assurance,Ouessè,+229 71 58 60 88,fintech@outlook.com,fintech.bj,Grande (>200),B2B,Google Maps,3.4,Actif,2026-06-29T00:22:54.840348,haute
BJ-F5D3E1CB,Africa,Finance & Assurance,Glazoué,+229 32 77 17 13,africa@africa.com.bj,,PME (10-50),B2C,Google Maps,4.9,Actif,2026-06-29T00:22:54.840370,moyenne
BJ-0CBA3916,Épargne Bénin Groupe,Finance & Assurance,Glazoué,+229 59 85 45 99,épargne.bénin@épargnebéningro.com.bj,épargnebéningroupe.bj,PME (10-50),B2C,Google Maps,3.9,Actif,2026-06-29T00:22:54.840391,haute
BJ-D96CC5DD,Investissement Change SARL,Finance & Assurance,Glazoué,+229 65 80 80 49,investissement_change@gmail.com,investissementchangesarl.bj,PME (10-50),B2B,Google Maps,4.4,Actif,2026-06-29T00:22:54.840414,haute
BJ-40ADA6D9,Capital,Finance & Assurance,Glazoué,+229 74 95 49 62,capital@yahoo.fr,capital.bj,PME (50-200),B2B,Google Maps,3.1,Actif,2026-06-29T00:22:54.840429,haute
BJ-A07AAFA2,Épargne Gestion,Finance & Assurance,Dassa-Zoumè,+229 81 54 82 16,é.gestion@hotmail.com,épargnegestion.bj,PME (10-50),B2B,Google Maps,4.9,Actif,2026-06-29T00:22:54.840468,haute
BJ-44F083F4,Assurance Épargne,Finance & Assurance,Dassa-Zoumè,+229 41 82 27 26,assuranceépargne@assuranceépargn.bj,assuranceépargne.bj,PME (50-200),B2C,Google Maps,3.4,Actif,2026-06-29T00:22:54.840488,haute
BJ-E2C3E500,Crédit Auto Dassa-Zoumè,Finance & Assurance,Dassa-Zoumè,+229 71 19 72 94,c.auto@outlook.com,,TPE (<10),B2B,Google Maps,4.8,Actif,2026-06-29T00:22:54.840515,moyenne
BJ-51B32CBB,Capital SICAV Finance,Finance & Assurance,Dassa-Zoumè,+229 42 20 48 67,capital.sicav@yahoo.com,,PME (10-50),B2B,Google Maps,3.4,Actif,2026-06-29T00:22:54.840533,moyenne
BJ-1F6509F4,Trading,Finance & Assurance,Dassa-Zoumè,+229 81 60 79 74,trading@trading.bj,trading.bj,TPE (<10),B2B,Google Maps,4.1,Actif,2026-06-29T00:22:54.840549,haute
BJ-4FCC7418,Groupe Auto Finance,Finance & Assurance,Savalou,+229 61 83 33 84,g.auto@groupeautofinan.bj,,PME (10-50),B2B,Google Maps,4.8,Actif,2026-06-29T00:22:54.840573,moyenne
BJ-1BCAFCF5,Protection International,Finance & Assurance,Savalou,+229 34 27 70 47,protectioninternational@yahoo.fr,protectioninternational.bj,TPE (<10),B2B,Google Maps,4.5,Actif,2026-06-29T00:22:54.840592,haute
BJ-51D67061,Finance Multirisque,Finance & Assurance,Savalou,+229 75 26 92 75,financemultirisque@financemultiris.org.bj,financemultirisque.bj,TPE (<10),B2B,Google Maps,3.0,Actif,2026-06-29T00:22:54.840610,haute
BJ-7930892A,Groupe Obligations Finance Savalou,Finance & Assurance,Savalou,+229 71 86 29 16,groupeobligations@groupeobligatio.org.bj,,PME (50-200),B2C,Google Maps,3.2,Actif,2026-06-29T00:22:54.840628,moyenne
BJ-37A3A5FB,Groupe FCP Capital Savalou,Finance & Assurance,Savalou,+229 92 55 15 59,g.fcp@yahoo.com,groupefcpcapitalsavalou.bj,PME (10-50),B2B,Google Maps,3.4,Actif,2026-06-29T00:22:54.840646,haute
BJ-47510B94,Capital Transfert Bantè,Finance & Assurance,Bantè,+229 28 39 64 98,capital.transfert@hotmail.com,capitaltransfertbantè.bj,TPE (<10),B2B,Google Maps,3.7,Actif,2026-06-29T00:22:54.840675,haute
BJ-DF35394D,Groupe Africa,Finance & Assurance,Bantè,+229 73 24 67 93,g.africa@groupeafrica.bj,groupeafrica.bj,TPE (<10),B2C,Google Maps,3.9,Actif,2026-06-29T00:22:54.840698,haute
BJ-EF8FDA5C,Investissement National Advisory,Finance & Assurance,Bantè,+229 89 53 82 47,i.national@outlook.com,,TPE (<10),B2B,Google Maps,3.8,Actif,2026-06-29T00:22:54.840719,moyenne
BJ-9C7447B4,Société Crypto Bantè,Finance & Assurance,Bantè,+229 93 44 65 33,sociétécrypto@gmail.com,sociétécryptobantè.bj,PME (10-50),B2C,Google Maps,4.8,Actif,2026-06-29T00:22:54.840739,haute
BJ-1EE36876,Cabinet Sécurité,Finance & Assurance,Bantè,+229 26 76 74 26,c.sécurité@cabinetsécurité.bj,cabinetsécurité.bj,Grande (>200),B2B,Google Maps,4.1,Actif,2026-06-29T00:22:54.840762,haute
BJ-D3901527,Monétique,Finance & Assurance,Djougou,+229 59 73 74 22,monétique@gmail.com,monétique.bj,TPE (<10),B2B,Google Maps,4.7,Actif,2026-06-29T00:22:54.840785,haute
BJ-9F0A2D7A,Fintech,Finance & Assurance,Djougou,+229 31 88 80 67,fintech@fintech.bj,fintech.bj,Grande (>200),B2C,Google Maps,3.0,Actif,2026-06-29T00:22:54.840800,haute
BJ-BE17B3D8,Banque Trading,Finance & Assurance,Djougou,+229 33 64 49 84,b.trading@hotmail.com,banquetrading.bj,TPE (<10),B2C,Google Maps,3.8,Actif,2026-06-29T00:22:54.840817,haute
BJ-0AD07C33,Change,Finance & Assurance,Djougou,+229 94 93 65 21,change@change.bj,change.bj,PME (10-50),B2B,Google Maps,4.3,Actif,2026-06-29T00:22:54.840832,haute
BJ-8666EAAB,Cabinet Multirisque Bank,Finance & Assurance,Djougou,+229 52 90 98 16,c.multirisque@cabinetmultiris.com.bj,cabinetmultirisquebank.bj,TPE (<10),B2B,Google Maps,3.9,Actif,2026-06-29T00:22:54.840849,haute
BJ-0BA21748,Change Groupe,Finance & Assurance,Ouèssè,+229 77 67 63 33,changegroupe@yahoo.com,changegroupe.bj,PME (10-50),B2C,Google Maps,3.8,Actif,2026-06-29T00:22:54.840876,haute
BJ-ED1831ED,Banque Africa International,Finance & Assurance,Ouèssè,+229 29 40 83 87,banque.africa@banqueafricaint.com.bj,banqueafricainternational.bj,PME (50-200),B2B,Google Maps,3.8,Actif,2026-06-29T00:22:54.840909,haute
BJ-88D1FAC1,Crédit West,Finance & Assurance,Ouèssè,+229 84 88 53 52,créditwest@créditwest.org.bj,créditwest.bj,PME (50-200),B2B,Google Maps,4.1,Actif,2026-06-29T00:22:54.840935,haute
BJ-01F76560,Trading SARL Ouèssè,Finance & Assurance,Ouèssè,+229 55 16 73 76,tradingsarl@yahoo.fr,,Grande (>200),B2C,Google Maps,5.0,Actif,2026-06-29T00:22:54.840954,moyenne
BJ-C4878FAA,Management Bank Ouèssè,Finance & Assurance,Ouèssè,+229 72 10 29 46,managementbank@managementbanko.org.bj,,PME (50-200),B2C,Google Maps,3.9,Actif,2026-06-29T00:22:54.840973,moyenne
BJ-92C1C52A,Transfert,Finance & Assurance,Bassila,+229 61 76 75 60,transfert@transfert.com.bj,transfert.bj,PME (50-200),B2C,Google Maps,3.8,Actif,2026-06-29T00:22:54.840997,haute
BJ-8893312F,Groupe Auto,Finance & Assurance,Bassila,+229 68 57 90 84,groupeauto@groupeauto.bj,groupeauto.bj,PME (10-50),B2C,Google Maps,4.0,Actif,2026-06-29T00:22:54.841018,haute
BJ-CDD05F03,Investissement Groupe,Finance & Assurance,Bassila,+229 63 44 40 37,i.groupe@yahoo.fr,investissementgroupe.bj,TPE (<10),B2B,Google Maps,3.6,Actif,2026-06-29T00:22:54.841039,haute
BJ-F3D07257,Multirisque,Finance & Assurance,Bassila,+229 78 70 24 29,,multirisque.bj,TPE (<10),B2C,Google Maps,5.0,Actif,2026-06-29T00:22:54.841069,moyenne
BJ-1BFF118A,Management Pehunco,Finance & Assurance,Pehunco,+229 86 61 32 13,,managementpehunco.bj,PME (10-50),B2B,Google Maps,4.7,Actif,2026-06-29T00:22:54.841089,moyenne
BJ-A0AD164E,IARD,Finance & Assurance,Pehunco,+229 68 49 49 70,iard@iard.bj,iard.bj,TPE (<10),B2B,Google Maps,3.9,Actif,2026-06-29T00:22:54.841105,haute
BJ-B528264C,West Pehunco,Finance & Assurance,Pehunco,+229 99 99 83 18,westpehunco@westpehunco.com.bj,westpehunco.bj,TPE (<10),B2C,Google Maps,4.0,Actif,2026-06-29T00:22:54.841129,haute
BJ-C25CAC33,Devise,Finance & Assurance,Pehunco,+229 43 66 29 18,devise@gmail.com,,PME (10-50),B2B,Google Maps,4.2,Actif,2026-06-29T00:22:54.841144,moyenne
BJ-09979BBD,Sécurité Bank Pehunco,Finance & Assurance,Pehunco,+229 87 23 82 62,sécurité.bank@sécuritébankpeh.bj,sécuritébankpehunco.bj,PME (50-200),B2C,Google Maps,4.5,Actif,2026-06-29T00:22:54.841165,haute
BJ-6863E86F,Cabinet SICAV SARL,Finance & Assurance,Copargo,+229 28 39 55 84,c.sicav@yahoo.com,cabinetsicavsarl.bj,PME (50-200),B2B,Google Maps,4.6,Actif,2026-06-29T00:22:54.841189,haute
BJ-6B586E88,Finance Paiement SARL Copargo,Finance & Assurance,Copargo,+229 44 84 76 58,f.paiement@financepaiement.com.bj,financepaiementsarlcopargo.bj,PME (10-50),B2C,Google Maps,3.4,Actif,2026-06-29T00:22:54.841207,haute
BJ-D25C31B3,Groupe Bourse Invest,Finance & Assurance,Copargo,+229 78 33 89 84,groupe.bourse@groupebourseinv.com.bj,groupebourseinvest.bj,TPE (<10),B2B,Google Maps,3.1,Actif,2026-06-29T00:22:54.841224,haute
BJ-59E7D5C6,Wealth,Finance & Assurance,Copargo,+229 21 59 17 13,wealth@outlook.com,wealth.bj,PME (10-50),B2B,Google Maps,4.2,Actif,2026-06-29T00:22:54.841239,haute
BJ-B047F805,Multirisque Invest Copargo,Finance & Assurance,Copargo,+229 51 98 16 41,multirisque.invest@multirisqueinve.com.bj,multirisqueinvestcopargo.bj,PME (50-200),B2B,Google Maps,4.3,Actif,2026-06-29T00:22:54.841257,haute
BJ-FA4F1914,Fret Africa,Transport & Logistique,Cotonou,+229 86 38 15 19,f.africa@gmail.com,fretafrica.bj,PME (10-50),B2B,Google Maps,3.5,Actif,2026-06-29T00:22:54.841285,haute
BJ-0772FC36,Cargo Stockage,Transport & Logistique,Cotonou,+229 90 61 34 19,cargostockage@yahoo.com,,PME (50-200),B2B,Google Maps,3.5,Actif,2026-06-29T00:22:54.841304,moyenne
BJ-80FA0C61,Courtage Transport,Transport & Logistique,Cotonou,+229 46 81 86 73,courtage.transport@yahoo.fr,courtagetransport.bj,PME (50-200),B2C,Google Maps,4.6,Actif,2026-06-29T00:22:54.841326,haute
BJ-CB2CD504,Cargo Douane Bénin,Transport & Logistique,Cotonou,+229 21 35 98 32,cargo_douane@cargodouanebéni.bj,cargodouanebénin.bj,TPE (<10),B2B,Google Maps,4.4,Actif,2026-06-29T00:22:54.841346,haute
BJ-34229A3E,Chain Delivery Cotonou,Transport & Logistique,Cotonou,+229 77 76 43 22,c.delivery@hotmail.com,chaindeliverycotonou.bj,PME (50-200),B2B,Google Maps,3.3,Actif,2026-06-29T00:22:54.841364,haute
BJ-5D7C4C1E,Chain Abomey-Calavi,Transport & Logistique,Abomey-Calavi,+229 91 91 99 59,,chainabomeycalavi.bj,PME (10-50),B2B,Google Maps,4.4,Actif,2026-06-29T00:22:54.841387,moyenne
BJ-A59A9597,Envoi,Transport & Logistique,Abomey-Calavi,+229 93 43 19 73,envoi@envoi.org.bj,,PME (50-200),B2C,Google Maps,3.8,Actif,2026-06-29T00:22:54.841421,moyenne
BJ-AC28F701,Transport Logistique,Transport & Logistique,Abomey-Calavi,+229 76 62 92 66,,,PME (10-50),B2B,Google Maps,4.2,Actif,2026-06-29T00:22:54.841471,basse
BJ-60B6B1D5,Véhicule Abomey-Calavi,Transport & Logistique,Abomey-Calavi,+229 65 35 99 79,véhicule.abomey@gmail.com,,PME (10-50),B2B,Google Maps,4.3,Actif,2026-06-29T00:22:54.841491,moyenne
BJ-E8D8D7DB,Cargo Particulier Freight,Transport & Logistique,Porto-Novo,+229 68 18 22 79,cargoparticulier@cargoparticulie.bj,cargoparticulierfreight.bj,PME (50-200),B2C,Google Maps,4.0,Actif,2026-06-29T00:22:54.841526,haute
BJ-DBB9D642,Cargo Envoi,Transport & Logistique,Porto-Novo,+229 84 34 97 86,cargo.envoi@cargoenvoi.org.bj,cargoenvoi.bj,TPE (<10),B2B,Google Maps,4.9,Actif,2026-06-29T00:22:54.841559,haute
BJ-0B5AA586,Fret,Transport & Logistique,Porto-Novo,+229 91 29 27 58,fret@yahoo.com,,PME (50-200),B2B,Google Maps,3.6,Actif,2026-06-29T00:22:54.841591,moyenne
BJ-397950B2,Express Taxi,Transport & Logistique,Porto-Novo,+229 50 46 15 44,express.taxi@expresstaxi.org.bj,expresstaxi.bj,TPE (<10),B2C,Google Maps,4.4,Actif,2026-06-29T00:22:54.841635,haute
BJ-622EF11B,Delivery Messagerie,Transport & Logistique,Porto-Novo,+229 33 43 66 33,deliverymessagerie@yahoo.fr,deliverymessagerie.bj,PME (10-50),B2C,Google Maps,3.6,Actif,2026-06-29T00:22:54.841676,haute
BJ-AEA9FE2B,Utilitaire Parakou,Transport & Logistique,Parakou,+229 81 67 91 65,utilitaireparakou@utilitaireparak.com.bj,utilitaireparakou.bj,Grande (>200),B2B,Google Maps,4.3,Actif,2026-06-29T00:22:54.841755,haute
BJ-39BCAD4C,Transitaire Cargo Parakou,Transport & Logistique,Parakou,+229 31 77 43 67,t.cargo@transitairecarg.bj,transitairecargoparakou.bj,TPE (<10),B2C,Google Maps,4.3,Actif,2026-06-29T00:22:54.841797,haute
BJ-A08598DE,Transport Poids,Transport & Logistique,Parakou,+229 64 18 42 77,transport.poids@yahoo.fr,transportpoids.bj,TPE (<10),B2B,Google Maps,4.6,Actif,2026-06-29T00:22:54.841832,haute
BJ-518A2917,Utilitaire Shipping,Transport & Logistique,Parakou,+229 80 57 44 95,,utilitaireshipping.bj,PME (10-50),B2B,Google Maps,3.8,Actif,2026-06-29T00:22:54.841860,moyenne
BJ-11B4EAEB,Delivery Chain,Transport & Logistique,Bohicon,+229 93 31 35 48,delivery.chain@hotmail.com,deliverychain.bj,Grande (>200),B2C,Google Maps,3.3,Actif,2026-06-29T00:22:54.841914,haute
BJ-4C5FDDBD,Transit Envoi Bénin Bohicon,Transport & Logistique,Bohicon,+229 71 63 89 93,,transitenvoibéninbohicon.bj,PME (50-200),B2C,Google Maps,3.7,Actif,2026-06-29T00:22:54.841932,moyenne
BJ-94C0C041,Bus Bénin Bohicon,Transport & Logistique,Bohicon,+229 84 51 44 56,bus.bénin@busbéninbohicon.com.bj,busbéninbohicon.bj,Grande (>200),B2C,Google Maps,4.8,Actif,2026-06-29T00:22:54.841957,haute
BJ-5AF1D751,Delivery Taxi International,Transport & Logistique,Bohicon,+229 44 21 86 14,d.taxi@outlook.com,deliverytaxiinternational.bj,PME (10-50),B2B,Google Maps,3.8,Actif,2026-06-29T00:22:54.841978,haute
BJ-E22F775A,Chambre,Transport & Logistique,Bohicon,+229 84 44 55 44,,,PME (10-50),B2C,Google Maps,3.6,Actif,2026-06-29T00:22:54.841991,basse
BJ-239E4DF6,Rapide Transitaire Transport,Transport & Logistique,Natitingou,+229 89 72 48 95,,rapidetransitairetransport.bj,PME (10-50),B2C,Google Maps,3.5,Actif,2026-06-29T00:22:54.842012,moyenne
BJ-EEB4F3CD,Utilitaire,Transport & Logistique,Natitingou,+229 70 42 98 92,,,TPE (<10),B2C,Google Maps,3.5,Actif,2026-06-29T00:22:54.842025,basse
BJ-9DA15170,Entrepôt,Transport & Logistique,Natitingou,+229 50 57 15 90,entrepôt@entrepôt.com.bj,,PME (50-200),B2B,Google Maps,3.6,Actif,2026-06-29T00:22:54.842042,moyenne
BJ-AE3915FC,Transit Chambre,Transport & Logistique,Natitingou,+229 63 48 47 43,transit.chambre@transitchambre.bj,,PME (10-50),B2C,Google Maps,4.8,Actif,2026-06-29T00:22:54.842060,moyenne
BJ-28688D29,Fret,Transport & Logistique,Lokossa,+229 42 71 76 96,fret@yahoo.com,,PME (50-200),B2C,Google Maps,3.2,Actif,2026-06-29T00:22:54.842155,moyenne
BJ-8B053D83,Courtage,Transport & Logistique,Lokossa,+229 46 20 53 18,courtage@gmail.com,,TPE (<10),B2C,Google Maps,3.3,Actif,2026-06-29T00:22:54.842192,moyenne
BJ-F79A6AB3,Cargo Froid SARL,Transport & Logistique,Lokossa,+229 28 23 51 43,cargo.froid@cargofroidsarl.bj,cargofroidsarl.bj,PME (50-200),B2B,Google Maps,4.8,Actif,2026-06-29T00:22:54.842238,haute
BJ-FEC69CD3,Warehousing Lokossa,Transport & Logistique,Lokossa,+229 35 60 92 42,warehousing.lokossa@warehousingloko.com.bj,warehousinglokossa.bj,PME (10-50),B2B,Google Maps,3.3,Actif,2026-06-29T00:22:54.842279,haute
BJ-84F81196,Affrètement Lokossa,Transport & Logistique,Lokossa,+229 76 31 43 98,a.lokossa@affrètementloko.bj,affrètementlokossa.bj,PME (10-50),B2B,Google Maps,4.7,Actif,2026-06-29T00:22:54.842325,haute
BJ-47C1BA0E,Colis,Transport & Logistique,Ouidah,+229 80 82 46 68,,,PME (50-200),B2B,Google Maps,3.5,Actif,2026-06-29T00:22:54.842414,basse
BJ-95DA5B90,Express Transit Cargo,Transport & Logistique,Ouidah,+229 98 49 88 89,,expresstransitcargo.bj,PME (10-50),B2B,Google Maps,4.9,Actif,2026-06-29T00:22:54.842454,moyenne
BJ-9AC7888B,Transit Transport,Transport & Logistique,Ouidah,+229 83 38 20 47,t.transport@transittranspor.com.bj,,PME (50-200),B2C,Google Maps,4.6,Actif,2026-06-29T00:22:54.842506,moyenne
BJ-CFC1935E,Fret Car Delivery,Transport & Logistique,Ouidah,+229 58 88 79 51,fret.car@fretcardelivery.com.bj,,TPE (<10),B2C,Google Maps,3.8,Actif,2026-06-29T00:22:54.842543,moyenne
BJ-B3075150,Courrier Africa,Transport & Logistique,Savalou,+229 65 50 97 41,,courrierafrica.bj,TPE (<10),B2C,Google Maps,3.7,Actif,2026-06-29T00:22:54.842582,moyenne
BJ-C4EBD2CD,Rapide Taxi Logistique,Transport & Logistique,Savalou,+229 28 19 10 89,rapidetaxi@gmail.com,,PME (10-50),B2C,Google Maps,3.2,Actif,2026-06-29T00:22:54.842611,moyenne
BJ-4EFF4C22,Rapide Courrier Express,Transport & Logistique,Savalou,+229 96 17 81 81,rapide.courrier@hotmail.com,,TPE (<10),B2C,Google Maps,3.6,Actif,2026-06-29T00:22:54.842651,moyenne
BJ-9F7C531D,Bus,Transport & Logistique,Dassa-Zoumè,+229 40 75 14 83,bus@yahoo.fr,,PME (10-50),B2C,Google Maps,4.9,Actif,2026-06-29T00:22:54.842753,moyenne
BJ-11C05BF5,Transit Cargo Africa,Transport & Logistique,Dassa-Zoumè,+229 93 44 32 98,,transitcargoafrica.bj,PME (10-50),B2C,Google Maps,3.4,Actif,2026-06-29T00:22:54.842778,moyenne
BJ-1CC317B4,Messagerie Supply Dassa-Zoumè,Transport & Logistique,Dassa-Zoumè,+229 21 17 16 47,messagerie.supply@gmail.com,messageriesupplydassazoumè.bj,PME (50-200),B2B,Google Maps,4.8,Actif,2026-06-29T00:22:54.842822,haute
BJ-6290FFCE,Véhicule SARL,Transport & Logistique,Dassa-Zoumè,+229 92 60 60 48,,véhiculesarl.bj,PME (10-50),B2B,Google Maps,4.3,Actif,2026-06-29T00:22:54.842847,moyenne
BJ-11EA0D4B,Envoi SARL Dassa-Zoumè,Transport & Logistique,Dassa-Zoumè,+229 48 30 63 40,envoisarl@envoisarldassaz.bj,,PME (50-200),B2C,Google Maps,4.8,Actif,2026-06-29T00:22:54.842914,moyenne
BJ-B3757CDD,Transport Distribution,Transport & Logistique,Kétou,+229 71 96 92 62,transportdistribution@transportdistri.org.bj,,PME (10-50),B2B,Google Maps,4.3,Actif,2026-06-29T00:22:54.842972,moyenne
BJ-600EA2FF,Rapide Maritime Delivery,Transport & Logistique,Kétou,+229 65 14 53 63,rapidemaritime@gmail.com,,PME (50-200),B2C,Google Maps,4.7,Actif,2026-06-29T00:22:54.843008,moyenne
BJ-0171BD60,Cargo Rapide Bénin,Transport & Logistique,Kétou,+229 59 77 28 21,cargorapide@hotmail.com,cargorapidebénin.bj,TPE (<10),B2B,Google Maps,5.0,Actif,2026-06-29T00:22:54.843091,haute
BJ-B49E08C7,Fret Courtage,Transport & Logistique,Kétou,+229 93 16 59 85,f.courtage@yahoo.com,,PME (10-50),B2B,Google Maps,3.7,Actif,2026-06-29T00:22:54.843124,moyenne
BJ-041A2947,Logistique Portuaire Express,Transport & Logistique,Covè,+229 96 48 12 29,logistique.portuaire@logistiqueportu.com.bj,logistiqueportuaireexpress.bj,TPE (<10),B2B,Google Maps,3.2,Actif,2026-06-29T00:22:54.843186,haute
BJ-953A9184,Rapide Stockage Covè,Transport & Logistique,Covè,+229 67 15 95 49,r.stockage@rapidestockagec.bj,rapidestockagecovè.bj,Grande (>200),B2C,Google Maps,3.5,Actif,2026-06-29T00:22:54.843230,haute
BJ-6DBD7810,Messagerie Véhicule Covè,Transport & Logistique,Covè,+229 45 96 53 94,messagerie.véhicule@hotmail.com,messagerievéhiculecovè.bj,TPE (<10),B2B,Google Maps,3.4,Actif,2026-06-29T00:22:54.843304,haute
BJ-70E56D2F,Groupe Déménagement Freight,Transport & Logistique,Covè,+229 55 62 31 31,groupedéménagement@groupedéménagem.com.bj,,PME (50-200),B2B,Google Maps,4.0,Actif,2026-06-29T00:22:54.843339,moyenne
BJ-C9A9355F,Rapide Courrier Delivery,Transport & Logistique,Pobè,+229 37 76 95 94,r.courrier@yahoo.com,,PME (50-200),B2B,Google Maps,3.3,Actif,2026-06-29T00:22:54.843408,moyenne
BJ-B1EEBF49,Conteneur,Transport & Logistique,Pobè,+229 67 78 70 62,,,TPE (<10),B2B,Google Maps,4.6,Actif,2026-06-29T00:22:54.843441,basse
BJ-332C0BE6,Transport Chain Logistique,Transport & Logistique,Pobè,+229 61 66 38 27,transportchain@outlook.com,,PME (10-50),B2C,Google Maps,3.2,Actif,2026-06-29T00:22:54.843482,moyenne
BJ-575A4DF0,SARL Particulier International,Transport & Logistique,Pobè,+229 68 57 62 52,sarl.particulier@yahoo.com,,TPE (<10),B2C,Google Maps,3.5,Actif,2026-06-29T00:22:54.843532,moyenne
BJ-8E382420,Urgent Transport,Transport & Logistique,Pobè,+229 78 84 23 17,,urgenttransport.bj,TPE (<10),B2B,Google Maps,3.0,Actif,2026-06-29T00:22:54.843565,moyenne
BJ-881FB60D,Rapide Paquet,Transport & Logistique,Sakété,+229 73 57 96 58,rapidepaquet@outlook.com,rapidepaquet.bj,PME (10-50),B2B,Google Maps,4.1,Actif,2026-06-29T00:22:54.843669,haute
BJ-C8645435,Bus Sakété,Transport & Logistique,Sakété,+229 57 28 12 69,b.sakété@bussakété.bj,bussakété.bj,PME (10-50),B2C,Google Maps,3.8,Actif,2026-06-29T00:22:54.843717,haute
BJ-9487356C,Groupe Poids International Sakété,Transport & Logistique,Sakété,+229 99 51 94 42,groupe.poids@groupepoidsinte.com.bj,,TPE (<10),B2C,Google Maps,3.7,Actif,2026-06-29T00:22:54.843752,moyenne
BJ-2C4C3B18,Froid Africa,Transport & Logistique,Sakété,+229 87 47 79 17,froid_africa@froidafrica.org.bj,,TPE (<10),B2B,Google Maps,4.5,Actif,2026-06-29T00:22:54.843796,moyenne
BJ-DB8EF072,Cargo Envoi Cargo,Transport & Logistique,Adjara,+229 40 96 87 12,,cargoenvoicargo.bj,PME (10-50),B2C,Google Maps,4.1,Actif,2026-06-29T00:22:54.843841,moyenne
BJ-7025CF9B,Maritime Delivery,Transport & Logistique,Adjara,+229 53 67 58 37,maritime.delivery@maritimedeliver.com.bj,,TPE (<10),B2B,Google Maps,4.0,Actif,2026-06-29T00:22:54.843907,moyenne
BJ-28DA5DF5,Chaîne Delivery,Transport & Logistique,Adjara,+229 45 74 64 42,,chaînedelivery.bj,TPE (<10),B2B,Google Maps,4.7,Actif,2026-06-29T00:22:54.843940,moyenne
BJ-C23F62D6,Entrepôt,Transport & Logistique,Adjara,+229 44 82 78 16,entrepôt@hotmail.com,entrepôt.bj,PME (10-50),B2B,Google Maps,4.5,Actif,2026-06-29T00:22:54.843960,haute
BJ-735BCCCD,Transport Déménagement,Transport & Logistique,Adjara,+229 60 31 37 77,,transportdéménagement.bj,TPE (<10),B2C,Google Maps,4.3,Actif,2026-06-29T00:22:54.843977,moyenne
BJ-96214107,Groupe Aérien Cargo,Transport & Logistique,Allada,+229 48 89 54 52,groupe.aérien@gmail.com,,TPE (<10),B2C,Google Maps,4.5,Actif,2026-06-29T00:22:54.844006,moyenne
BJ-413B0B73,Warehousing,Transport & Logistique,Allada,+229 27 45 97 26,warehousing@yahoo.fr,warehousing.bj,TPE (<10),B2B,Google Maps,3.1,Actif,2026-06-29T00:22:54.844024,haute
BJ-509603F6,Froid Freight Allada,Transport & Logistique,Allada,+229 59 69 10 94,froid_freight@outlook.com,,PME (10-50),B2B,Google Maps,3.1,Actif,2026-06-29T00:22:54.844046,moyenne
BJ-D184E65B,Transport Paquet Delivery,Transport & Logistique,Allada,+229 73 27 28 42,transport_paquet@transportpaquet.com.bj,transportpaquetdelivery.bj,TPE (<10),B2C,Google Maps,5.0,Actif,2026-06-29T00:22:54.844066,haute
BJ-4F5D40CC,Entrepôt Shipping,Transport & Logistique,Allada,+229 21 45 97 17,entrepôt_shipping@yahoo.fr,,TPE (<10),B2B,Google Maps,4.9,Actif,2026-06-29T00:22:54.844097,moyenne
BJ-CF5EFF4A,Transit VTC Shipping Aplahoué,Transport & Logistique,Aplahoué,+229 22 87 19 54,transitvtc@transitvtcshipp.com.bj,,TPE (<10),B2C,Google Maps,4.7,Actif,2026-06-29T00:22:54.844162,moyenne
BJ-A75F297C,SARL Transitaire,Transport & Logistique,Aplahoué,+229 59 84 22 41,,sarltransitaire.bj,TPE (<10),B2B,Google Maps,3.8,Actif,2026-06-29T00:22:54.844201,moyenne
BJ-E0B58C9C,Delivery Déménagement Delivery,Transport & Logistique,Aplahoué,+229 28 17 37 74,delivery.déménagement@outlook.com,,PME (10-50),B2B,Google Maps,4.0,Actif,2026-06-29T00:22:54.844248,moyenne
BJ-DEB5BA61,SARL Route Aplahoué,Transport & Logistique,Aplahoué,+229 95 37 37 67,sarlroute@sarlrouteaplaho.com.bj,sarlrouteaplahoué.bj,TPE (<10),B2B,Google Maps,4.3,Actif,2026-06-29T00:22:54.844290,haute
BJ-1B541F91,Express Express Africa,Transport & Logistique,Aplahoué,+229 43 70 81 85,express.express@yahoo.com,expressexpressafrica.bj,PME (10-50),B2C,Google Maps,4.0,Actif,2026-06-29T00:22:54.844322,haute
BJ-31481973,SARL Poids Shipping,Transport & Logistique,Dogbo-Tota,+229 61 28 48 15,s.poids@hotmail.com,sarlpoidsshipping.bj,PME (10-50),B2C,Google Maps,4.5,Actif,2026-06-29T00:22:54.844374,haute
BJ-50B06F3B,Messagerie Express,Transport & Logistique,Dogbo-Tota,+229 42 71 45 98,messagerieexpress@messagerieexpre.bj,messagerieexpress.bj,TPE (<10),B2C,Google Maps,3.5,Actif,2026-06-29T00:22:54.844420,haute
BJ-987F79FA,Cargo Douane Dogbo-Tota,Transport & Logistique,Dogbo-Tota,+229 71 94 23 36,cargo.douane@cargodouanedogb.com.bj,,TPE (<10),B2C,Google Maps,4.0,Actif,2026-06-29T00:22:54.844459,moyenne
BJ-8D49D489,SARL Express,Transport & Logistique,Dogbo-Tota,+229 72 28 23 32,sarlexpress@yahoo.com,sarlexpress.bj,PME (50-200),B2C,Google Maps,5.0,Actif,2026-06-29T00:22:54.844490,haute
BJ-2E4F6BB2,Stockage Bénin,Transport & Logistique,Kpomassè,+229 74 98 19 13,stockage.bénin@stockagebénin.org.bj,stockagebénin.bj,TPE (<10),B2C,Google Maps,3.2,Actif,2026-06-29T00:22:54.844587,haute
BJ-18F57C07,Express Portuaire Kpomassè,Transport & Logistique,Kpomassè,+229 81 19 86 77,,,PME (10-50),B2B,Google Maps,3.7,Actif,2026-06-29T00:22:54.844612,basse
BJ-5F812CF0,Express Bateau Kpomassè,Transport & Logistique,Kpomassè,+229 75 33 83 72,expressbateau@yahoo.fr,,PME (10-50),B2B,Google Maps,3.2,Actif,2026-06-29T00:22:54.844655,moyenne
BJ-4677A6DE,Cargo Courtage Delivery,Transport & Logistique,Kpomassè,+229 40 54 71 38,c.courtage@outlook.com,,PME (10-50),B2B,Google Maps,4.1,Actif,2026-06-29T00:22:54.844695,moyenne
BJ-12E426C9,Groupe Portuaire,Transport & Logistique,Kpomassè,+229 35 88 44 46,groupeportuaire@groupeportuaire.org.bj,groupeportuaire.bj,PME (50-200),B2B,Google Maps,3.6,Actif,2026-06-29T00:22:54.844738,haute
BJ-C1243A34,Distribution,Transport & Logistique,Tori-Bossito,+229 58 72 54 89,,distribution.bj,TPE (<10),B2B,Google Maps,3.5,Actif,2026-06-29T00:22:54.844780,moyenne
BJ-A2F81A25,Messagerie Messagerie,Transport & Logistique,Tori-Bossito,+229 92 33 99 32,,messageriemessagerie.bj,Grande (>200),B2C,Google Maps,3.3,Actif,2026-06-29T00:22:54.844809,moyenne
BJ-FDFADC74,Messagerie Camion,Transport & Logistique,Tori-Bossito,+229 76 65 95 96,messagerie_camion@messageriecamio.org.bj,messageriecamion.bj,PME (10-50),B2C,Google Maps,4.2,Actif,2026-06-29T00:22:54.844845,haute
BJ-349E72AE,Express Urgent,Transport & Logistique,Tori-Bossito,+229 44 66 45 48,,expressurgent.bj,TPE (<10),B2C,Google Maps,4.2,Actif,2026-06-29T00:22:54.844875,moyenne
BJ-271C5887,Transit Conteneur International,Transport & Logistique,Tori-Bossito,+229 65 27 82 48,transitconteneur@transitconteneu.bj,transitconteneurinternational.bj,TPE (<10),B2C,Google Maps,4.6,Actif,2026-06-29T00:22:54.844920,haute
BJ-1E48EC1C,Logistique Transitaire Logistique,Transport & Logistique,Grand-Popo,+229 54 44 97 40,,logistiquetransitairelogistique.bj,PME (50-200),B2B,Google Maps,4.4,Actif,2026-06-29T00:22:54.844945,moyenne
BJ-8CE74076,Delivery Entrepôt Grand-Popo,Transport & Logistique,Grand-Popo,+229 61 24 78 40,d.entrepôt@deliveryentrepô.bj,deliveryentrepôtgrandpopo.bj,TPE (<10),B2C,Google Maps,4.8,Actif,2026-06-29T00:22:54.844971,haute
BJ-5FC7B4F1,Delivery Paquet Africa,Transport & Logistique,Grand-Popo,+229 89 32 70 22,deliverypaquet@hotmail.com,deliverypaquetafrica.bj,PME (50-200),B2B,Google Maps,3.4,Actif,2026-06-29T00:22:54.844996,haute
BJ-B244BFDB,Messagerie Express Express,Transport & Logistique,Grand-Popo,+229 74 20 75 99,messagerieexpress@outlook.com,messagerieexpressexpress.bj,TPE (<10),B2B,Google Maps,4.6,Actif,2026-06-29T00:22:54.845016,haute
BJ-AE261A90,Chambre Delivery,Transport & Logistique,Grand-Popo,+229 31 91 96 52,chambre.delivery@chambredelivery.com.bj,chambredelivery.bj,TPE (<10),B2C,Google Maps,3.2,Actif,2026-06-29T00:22:54.845034,haute
BJ-8DE1B19E,Paquet Delivery,Transport & Logistique,Athiémé,+229 62 28 37 17,p.delivery@paquetdelivery.com.bj,,PME (10-50),B2C,Google Maps,4.2,Actif,2026-06-29T00:22:54.845060,moyenne
BJ-BADEE94A,Messagerie Supply Africa,Transport & Logistique,Athiémé,+229 60 43 23 77,messageriesupply@gmail.com,messageriesupplyafrica.bj,Grande (>200),B2C,Google Maps,3.4,Actif,2026-06-29T00:22:54.845080,haute
BJ-D44C1261,Groupe Supply,Transport & Logistique,Athiémé,+229 99 59 48 23,g.supply@hotmail.com,,PME (10-50),B2C,Google Maps,4.3,Actif,2026-06-29T00:22:54.845102,moyenne
BJ-2145BEFE,Express Distribution Logistique,Transport & Logistique,Athiémé,+229 35 20 53 71,e.distribution@hotmail.com,expressdistributionlogistique.bj,PME (10-50),B2C,Google Maps,4.4,Actif,2026-06-29T00:22:54.845120,haute
BJ-5BFF7010,Messagerie Camion International,Transport & Logistique,Athiémé,+229 34 24 54 26,messagerie.camion@gmail.com,messageriecamioninternational.bj,PME (50-200),B2B,Google Maps,3.1,Actif,2026-06-29T00:22:54.845138,haute
BJ-3595C313,Véhicule Cargo,Transport & Logistique,Bopa,+229 33 64 96 69,véhicule.cargo@outlook.com,véhiculecargo.bj,TPE (<10),B2C,Google Maps,3.5,Actif,2026-06-29T00:22:54.845170,haute
BJ-D74173F2,Rapide Freight,Transport & Logistique,Bopa,+229 67 89 83 33,,rapidefreight.bj,PME (10-50),B2C,Google Maps,5.0,Actif,2026-06-29T00:22:54.845187,moyenne
BJ-E52518AB,Cargo Chain Bopa,Transport & Logistique,Bopa,+229 20 55 38 56,cargochain@yahoo.fr,cargochainbopa.bj,TPE (<10),B2B,Google Maps,4.0,Actif,2026-06-29T00:22:54.845210,haute
BJ-3170EE84,Chain Bopa,Transport & Logistique,Bopa,+229 55 42 44 68,chain_bopa@chainbopa.org.bj,chainbopa.bj,Grande (>200),B2C,Google Maps,4.7,Actif,2026-06-29T00:22:54.845229,haute
BJ-7E5A2C3E,Conteneur Freight,Transport & Logistique,Bopa,+229 29 19 58 32,,conteneurfreight.bj,PME (50-200),B2B,Google Maps,4.4,Actif,2026-06-29T00:22:54.845244,moyenne
BJ-31EF03CA,Express Express,Transport & Logistique,Houéyogbé,+229 85 44 87 14,e.express@expressexpress.org.bj,,PME (10-50),B2B,Google Maps,3.6,Actif,2026-06-29T00:22:54.845269,moyenne
BJ-9FDB7A06,VTC Express,Transport & Logistique,Houéyogbé,+229 75 40 53 63,,vtcexpress.bj,Grande (>200),B2C,Google Maps,3.2,Actif,2026-06-29T00:22:54.845284,moyenne
BJ-1BC569B6,Transitaire Express Houéyogbé,Transport & Logistique,Houéyogbé,+229 62 83 59 25,transitaire.express@transitaireexpr.com.bj,,PME (10-50),B2C,Google Maps,4.4,Actif,2026-06-29T00:22:54.845305,moyenne
BJ-734ED27F,Utilitaire,Transport & Logistique,Houéyogbé,+229 37 83 63 36,utilitaire@outlook.com,utilitaire.bj,PME (50-200),B2C,Google Maps,3.5,Actif,2026-06-29T00:22:54.845321,haute
BJ-4A3B336D,Express Envoi Cargo,Transport & Logistique,Houéyogbé,+229 99 29 46 43,e.envoi@gmail.com,,PME (10-50),B2C,Google Maps,4.9,Actif,2026-06-29T00:22:54.845339,moyenne
BJ-B793B2F7,Delivery Poids Transport,Transport & Logistique,Malanville,+229 75 47 66 86,deliverypoids@deliverypoidstr.bj,deliverypoidstransport.bj,PME (10-50),B2B,Google Maps,3.0,Actif,2026-06-29T00:22:54.845366,haute
BJ-9246779E,SARL Express Logistique,Transport & Logistique,Malanville,+229 89 36 78 41,sarlexpress@gmail.com,sarlexpresslogistique.bj,TPE (<10),B2B,Google Maps,4.2,Actif,2026-06-29T00:22:54.845390,haute
BJ-7477852E,Warehousing,Transport & Logistique,Malanville,+229 25 30 52 64,warehousing@warehousing.bj,,TPE (<10),B2B,Google Maps,3.9,Actif,2026-06-29T00:22:54.845411,moyenne
BJ-90A918A9,Rapide,Transport & Logistique,Malanville,+229 60 47 31 21,,,TPE (<10),B2C,Google Maps,4.9,Actif,2026-06-29T00:22:54.845425,basse
BJ-BBB9B9DE,Express Car Cargo,Transport & Logistique,Malanville,+229 33 97 35 89,e.car@expresscarcargo.com.bj,expresscarcargo.bj,TPE (<10),B2B,Google Maps,4.8,Actif,2026-06-29T00:22:54.845443,haute
BJ-7C9DE67E,Delivery Entrepôt Kandi,Transport & Logistique,Kandi,+229 68 47 95 60,,,PME (10-50),B2C,Google Maps,4.6,Actif,2026-06-29T00:22:54.845495,basse
BJ-2EDFC123,Cargo Lourd,Transport & Logistique,Kandi,+229 75 22 74 63,c.lourd@yahoo.fr,,TPE (<10),B2C,Google Maps,3.4,Actif,2026-06-29T00:22:54.845533,moyenne
BJ-04CFB837,Groupe Poids,Transport & Logistique,Kandi,+229 77 33 64 31,,groupepoids.bj,PME (50-200),B2B,Google Maps,3.5,Actif,2026-06-29T00:22:54.845567,moyenne
BJ-7AB7A7A3,SARL Maritime Kandi,Transport & Logistique,Kandi,+229 25 74 35 47,s.maritime@yahoo.fr,sarlmaritimekandi.bj,PME (10-50),B2B,Google Maps,4.1,Actif,2026-06-29T00:22:54.845606,haute
BJ-49B181AA,Delivery Transitaire,Transport & Logistique,Banikoara,+229 79 26 38 42,d.transitaire@hotmail.com,deliverytransitaire.bj,TPE (<10),B2B,Google Maps,3.8,Actif,2026-06-29T00:22:54.845686,haute
BJ-62E140BC,Courrier Banikoara,Transport & Logistique,Banikoara,+229 25 79 26 19,courrierbanikoara@outlook.com,courrierbanikoara.bj,TPE (<10),B2B,Google Maps,3.5,Actif,2026-06-29T00:22:54.845734,haute
BJ-0DF5FCF1,Messagerie Déménagement,Transport & Logistique,Banikoara,+229 71 86 93 50,,messageriedéménagement.bj,PME (10-50),B2C,Google Maps,4.1,Actif,2026-06-29T00:22:54.845774,moyenne
BJ-85674164,Bus Delivery,Transport & Logistique,Banikoara,+229 84 22 95 72,busdelivery@outlook.com,,TPE (<10),B2B,Google Maps,3.2,Actif,2026-06-29T00:22:54.845813,moyenne
BJ-BD0244BA,Stockage Cargo,Transport & Logistique,Ségbana,+229 63 91 36 22,,stockagecargo.bj,PME (50-200),B2C,Google Maps,3.9,Actif,2026-06-29T00:22:54.845855,moyenne
BJ-2BB75537,Livraison Cargo,Transport & Logistique,Ségbana,+229 47 51 46 75,livraison_cargo@hotmail.com,,Grande (>200),B2C,Google Maps,4.0,Actif,2026-06-29T00:22:54.845887,moyenne
BJ-305214DB,Delivery Warehousing Freight,Transport & Logistique,Ségbana,+229 20 62 10 70,delivery.warehousing@outlook.com,deliverywarehousingfreight.bj,Grande (>200),B2B,Google Maps,4.1,Actif,2026-06-29T00:22:54.845944,haute
BJ-5DF4E91B,Chain,Transport & Logistique,Ségbana,+229 35 40 88 78,,chain.bj,TPE (<10),B2B,Google Maps,3.2,Actif,2026-06-29T00:22:54.845970,moyenne
BJ-74A614E8,Fret Supply Delivery Ségbana,Transport & Logistique,Ségbana,+229 71 48 36 56,,,Grande (>200),B2C,Google Maps,4.0,Actif,2026-06-29T00:22:54.846007,basse
BJ-B999110F,Taxi,Transport & Logistique,Karimama,+229 32 32 25 58,taxi@hotmail.com,,PME (50-200),B2B,Google Maps,3.4,Actif,2026-06-29T00:22:54.846047,moyenne
BJ-8C7F5823,Rapide,Transport & Logistique,Karimama,+229 88 95 23 71,rapide@rapide.org.bj,rapide.bj,PME (50-200),B2B,Google Maps,3.6,Actif,2026-06-29T00:22:54.846085,haute
BJ-21CDE386,SARL Distribution Freight,Transport & Logistique,Karimama,+229 49 78 84 15,sarl_distribution@sarldistributio.bj,sarldistributionfreight.bj,TPE (<10),B2C,Google Maps,4.8,Actif,2026-06-29T00:22:54.846137,haute
BJ-226A476A,Chaîne International,Transport & Logistique,Karimama,+229 56 29 72 11,chaîne_international@yahoo.fr,chaîneinternational.bj,PME (10-50),B2B,Google Maps,4.0,Actif,2026-06-29T00:22:54.846185,haute
BJ-BB7DB7AB,Transit Maritime International,Transport & Logistique,Karimama,+229 89 47 88 35,,transitmaritimeinternational.bj,PME (10-50),B2B,Google Maps,4.1,Actif,2026-06-29T00:22:54.846218,moyenne
BJ-E8200444,Chaîne,Transport & Logistique,Gogounou,+229 98 79 91 47,chaîne@chaîne.com.bj,chaîne.bj,PME (50-200),B2C,Google Maps,4.8,Actif,2026-06-29T00:22:54.846269,haute
BJ-3F3F045A,Express VTC Logistique,Transport & Logistique,Gogounou,+229 82 11 64 28,,expressvtclogistique.bj,TPE (<10),B2C,Google Maps,4.2,Actif,2026-06-29T00:22:54.846311,moyenne
BJ-44226565,Chain Bénin,Transport & Logistique,Gogounou,+229 78 51 92 29,chain.bénin@yahoo.com,chainbénin.bj,PME (50-200),B2C,Google Maps,3.5,Actif,2026-06-29T00:22:54.846333,haute
BJ-A4DE3E70,Transit Véhicule,Transport & Logistique,Gogounou,+229 25 81 66 71,transit.véhicule@transitvéhicule.bj,transitvéhicule.bj,Grande (>200),B2C,Google Maps,4.2,Actif,2026-06-29T00:22:54.846353,haute
BJ-2454456D,Aérien Africa,Transport & Logistique,Cobly,+229 60 56 73 93,aérienafrica@yahoo.com,aérienafrica.bj,PME (10-50),B2B,Google Maps,3.1,Actif,2026-06-29T00:22:54.846380,haute
BJ-B11C2A03,Transport Car Express,Transport & Logistique,Cobly,+229 55 34 60 39,,,TPE (<10),B2B,Google Maps,4.7,Actif,2026-06-29T00:22:54.846393,basse
BJ-854A497A,SARL Bus Bénin Cobly,Transport & Logistique,Cobly,+229 89 52 36 22,,,PME (50-200),B2C,Google Maps,4.7,Actif,2026-06-29T00:22:54.846413,basse
BJ-F78DF059,Transport Transport Cobly,Transport & Logistique,Cobly,+229 74 86 30 22,,,TPE (<10),B2C,Google Maps,3.6,Actif,2026-06-29T00:22:54.846426,basse
BJ-4D8CF44F,Utilitaire Transport,Transport & Logistique,Cobly,+229 21 19 73 23,,utilitairetransport.bj,Grande (>200),B2B,Google Maps,3.5,Actif,2026-06-29T00:22:54.846440,moyenne
BJ-1460BFCD,Groupe Bus Tanguiéta,Transport & Logistique,Tanguiéta,+229 47 71 97 86,,,TPE (<10),B2B,Google Maps,4.5,Actif,2026-06-29T00:22:54.846460,basse
BJ-1B83428C,Transit Stockage,Transport & Logistique,Tanguiéta,+229 57 92 53 42,transit.stockage@transitstockage.com.bj,transitstockage.bj,PME (50-200),B2B,Google Maps,4.0,Actif,2026-06-29T00:22:54.846479,haute
BJ-BCB97376,Courrier,Transport & Logistique,Tanguiéta,+229 72 83 62 35,,,PME (50-200),B2C,Google Maps,4.7,Actif,2026-06-29T00:22:54.846492,basse
BJ-E456586C,Express Camion Logistique,Transport & Logistique,Tanguiéta,+229 85 26 59 76,express.camion@yahoo.fr,expresscamionlogistique.bj,PME (50-200),B2B,Google Maps,4.1,Actif,2026-06-29T00:22:54.846509,haute
BJ-DF3FD12A,Transport International,Transport & Logistique,Tanguiéta,+229 52 66 30 39,t.international@gmail.com,,PME (10-50),B2C,Google Maps,3.0,Actif,2026-06-29T00:22:54.846527,moyenne
BJ-61497A39,Car,Transport & Logistique,Matéri,+229 86 61 57 38,car@car.com.bj,car.bj,PME (50-200),B2C,Google Maps,4.7,Actif,2026-06-29T00:22:54.846550,haute
BJ-D065AF96,Groupe Stockage,Transport & Logistique,Matéri,+229 63 50 98 97,groupe.stockage@hotmail.com,,Grande (>200),B2B,Google Maps,4.0,Actif,2026-06-29T00:22:54.846568,moyenne
BJ-F66769B9,Entrepôt,Transport & Logistique,Matéri,+229 43 10 65 13,entrepôt@yahoo.fr,entrepôt.bj,TPE (<10),B2B,Google Maps,3.8,Actif,2026-06-29T00:22:54.846592,haute
BJ-A816B5AF,Portuaire Logistique,Transport & Logistique,Matéri,+229 23 46 93 91,portuairelogistique@yahoo.com,portuairelogistique.bj,Grande (>200),B2B,Google Maps,4.5,Actif,2026-06-29T00:22:54.846611,haute
BJ-C8BECB0D,Car International Matéri,Transport & Logistique,Matéri,+229 42 46 39 37,car.international@gmail.com,carinternationalmatéri.bj,Grande (>200),B2B,Google Maps,4.9,Actif,2026-06-29T00:22:54.846631,haute
BJ-22976143,Groupe Warehousing Express,Transport & Logistique,Natitingou,+229 97 65 39 52,,,PME (50-200),B2B,Google Maps,4.1,Actif,2026-06-29T00:22:54.846654,basse
BJ-F4342C0B,Express Transitaire Transport,Transport & Logistique,Natitingou,+229 34 37 73 22,expresstransitaire@expresstransita.bj,expresstransitairetransport.bj,TPE (<10),B2C,Google Maps,3.7,Actif,2026-06-29T00:22:54.846674,haute
BJ-0C340D1E,Chain,Transport & Logistique,Natitingou,+229 85 22 11 97,,,TPE (<10),B2C,Google Maps,4.3,Actif,2026-06-29T00:22:54.846686,basse
BJ-87456C19,Chaîne Bénin,Transport & Logistique,Natitingou,+229 47 63 78 19,,chaînebénin.bj,TPE (<10),B2C,Google Maps,4.8,Actif,2026-06-29T00:22:54.846704,moyenne
BJ-19CAA510,SARL Aérien Cargo,Transport & Logistique,Natitingou,+229 78 29 24 75,sarlaérien@hotmail.com,,PME (50-200),B2C,Google Maps,4.0,Actif,2026-06-29T00:22:54.846724,moyenne
BJ-06306EA8,Express Cargo,Transport & Logistique,Toucountouna,+229 60 22 87 37,expresscargo@outlook.com,expresscargo.bj,PME (50-200),B2C,Google Maps,4.2,Actif,2026-06-29T00:22:54.846750,haute
BJ-3EE2225E,Portuaire Toucountouna,Transport & Logistique,Toucountouna,+229 29 53 64 11,portuaire.toucountouna@yahoo.fr,portuairetoucountouna.bj,PME (50-200),B2B,Google Maps,3.1,Actif,2026-06-29T00:22:54.846768,haute
BJ-A5D4BB3C,Véhicule,Transport & Logistique,Toucountouna,+229 73 62 56 20,véhicule@véhicule.org.bj,véhicule.bj,PME (10-50),B2C,Google Maps,4.8,Actif,2026-06-29T00:22:54.846788,haute
BJ-95AD3AFB,Cargo Chain,Transport & Logistique,Toucountouna,+229 42 72 16 59,,cargochain.bj,TPE (<10),B2B,Google Maps,3.6,Actif,2026-06-29T00:22:54.846801,moyenne
BJ-95EA9552,Déménagement,Transport & Logistique,Toucountouna,+229 80 14 72 16,,déménagement.bj,TPE (<10),B2C,Google Maps,3.4,Actif,2026-06-29T00:22:54.846816,moyenne
BJ-BA7EAEC7,Transitaire Logistique,Transport & Logistique,Boukoumbé,+229 44 53 82 34,transitairelogistique@transitairelogi.org.bj,transitairelogistique.bj,PME (10-50),B2C,Google Maps,4.0,Actif,2026-06-29T00:22:54.846862,haute
BJ-40BEEAAA,Logistique Envoi Cargo,Transport & Logistique,Boukoumbé,+229 61 56 27 83,,,PME (50-200),B2B,Google Maps,4.5,Actif,2026-06-29T00:22:54.846875,basse
BJ-096AF5A7,Envoi Africa Boukoumbé,Transport & Logistique,Boukoumbé,+229 70 82 90 38,envoi_africa@envoiafricabouk.bj,envoiafricaboukoumbé.bj,PME (10-50),B2C,Google Maps,5.0,Actif,2026-06-29T00:22:54.846911,haute
BJ-378CE43E,Delivery Express,Transport & Logistique,Boukoumbé,+229 98 60 29 95,deliveryexpress@yahoo.com,,TPE (<10),B2B,Google Maps,3.8,Actif,2026-06-29T00:22:54.846930,moyenne
BJ-7DC09DB3,Conteneur Transport,Transport & Logistique,Kouandé,+229 90 97 29 56,c.transport@yahoo.com,conteneurtransport.bj,PME (50-200),B2C,Google Maps,3.8,Actif,2026-06-29T00:22:54.846954,haute
BJ-848015EF,Taxi Logistique,Transport & Logistique,Kouandé,+229 55 26 38 72,taxilogistique@taxilogistique.bj,,PME (10-50),B2B,Google Maps,3.4,Actif,2026-06-29T00:22:54.846973,moyenne
BJ-A9383D35,Transit Stockage,Transport & Logistique,Kouandé,+229 44 35 28 32,transit.stockage@yahoo.fr,transitstockage.bj,Grande (>200),B2B,Google Maps,3.5,Actif,2026-06-29T00:22:54.846995,haute
BJ-BB7688E0,Fret,Transport & Logistique,Kouandé,+229 80 81 92 73,fret@fret.bj,fret.bj,TPE (<10),B2C,Google Maps,4.7,Actif,2026-06-29T00:22:54.847015,haute
BJ-19E01C82,Fret Colis,Transport & Logistique,Kouandé,+229 73 28 81 95,fret_colis@fretcolis.bj,fretcolis.bj,TPE (<10),B2C,Google Maps,4.2,Actif,2026-06-29T00:22:54.847033,haute
BJ-71634F9B,Transport,Transport & Logistique,Péhunco,+229 67 76 34 81,transport@hotmail.com,transport.bj,PME (50-200),B2C,Google Maps,3.6,Actif,2026-06-29T00:22:54.847060,haute
BJ-A4ECF5E9,Logistique Chain Africa,Transport & Logistique,Péhunco,+229 48 13 98 60,logistique.chain@yahoo.com,logistiquechainafrica.bj,PME (50-200),B2B,Google Maps,4.7,Actif,2026-06-29T00:22:54.847079,haute
BJ-785E579B,Transport Livraison Africa,Transport & Logistique,Péhunco,+229 89 42 84 35,transport.livraison@outlook.com,,PME (10-50),B2C,Google Maps,3.8,Actif,2026-06-29T00:22:54.847097,moyenne
BJ-9A122606,Rapide Véhicule,Transport & Logistique,Péhunco,+229 31 21 59 12,,rapidevéhicule.bj,PME (10-50),B2B,Google Maps,3.3,Actif,2026-06-29T00:22:54.847111,moyenne
BJ-C5DB1A4A,Portuaire,Transport & Logistique,Péhunco,+229 93 99 65 64,portuaire@portuaire.com.bj,portuaire.bj,TPE (<10),B2B,Google Maps,4.6,Actif,2026-06-29T00:22:54.847127,haute
BJ-C55F0018,Lourd,Transport & Logistique,Tchaourou,+229 91 29 35 54,lourd@outlook.com,lourd.bj,PME (10-50),B2C,Google Maps,4.4,Actif,2026-06-29T00:22:54.847165,haute
BJ-58A63C8D,Entrepôt SARL,Transport & Logistique,Tchaourou,+229 76 92 30 92,entrepôtsarl@entrepôtsarl.org.bj,,PME (10-50),B2B,Google Maps,3.1,Actif,2026-06-29T00:22:54.847188,moyenne
BJ-3BBFCB97,Delivery Paquet,Transport & Logistique,Tchaourou,+229 75 14 61 56,,,PME (10-50),B2B,Google Maps,3.2,Actif,2026-06-29T00:22:54.847206,basse
BJ-B66A1C83,Entrepôt,Transport & Logistique,Tchaourou,+229 31 77 87 31,entrepôt@yahoo.fr,,TPE (<10),B2C,Google Maps,3.5,Actif,2026-06-29T00:22:54.847240,moyenne
BJ-789D9D2C,Rapide Messagerie Express,Transport & Logistique,Nikki,+229 86 29 29 27,rapide_messagerie@rapidemessageri.bj,rapidemessagerieexpress.bj,Grande (>200),B2C,Google Maps,4.9,Actif,2026-06-29T00:22:54.847287,haute
BJ-0DEB03F4,Transport Transitaire Bénin Nikki,Transport & Logistique,Nikki,+229 88 80 99 54,,,PME (10-50),B2C,Google Maps,4.5,Actif,2026-06-29T00:22:54.847317,basse
BJ-82A504EC,Messagerie Navire Logistique,Transport & Logistique,Nikki,+229 97 19 66 63,,messagerienavirelogistique.bj,PME (50-200),B2C,Google Maps,4.3,Actif,2026-06-29T00:22:54.847346,moyenne
BJ-5EC5C80F,Logistique Rapide Nikki,Transport & Logistique,Nikki,+229 87 18 24 47,l.rapide@logistiquerapid.bj,,PME (50-200),B2C,Google Maps,3.7,Actif,2026-06-29T00:22:54.847377,moyenne
BJ-D6D898AC,Delivery Transit,Transport & Logistique,Nikki,+229 35 44 93 96,delivery.transit@deliverytransit.bj,deliverytransit.bj,TPE (<10),B2C,Google Maps,4.9,Actif,2026-06-29T00:22:54.847396,haute
BJ-44F092FD,Douane,Transport & Logistique,Bembéréké,+229 87 92 28 19,douane@hotmail.com,,PME (50-200),B2C,Google Maps,3.8,Actif,2026-06-29T00:22:54.847419,moyenne
BJ-C5F05CFB,Bateau,Transport & Logistique,Bembéréké,+229 21 95 62 70,bateau@gmail.com,bateau.bj,TPE (<10),B2C,Google Maps,3.3,Actif,2026-06-29T00:22:54.847435,haute
BJ-74BCB7B1,Fret Route SARL,Transport & Logistique,Bembéréké,+229 35 61 10 23,fretroute@fretroutesarl.bj,fretroutesarl.bj,PME (50-200),B2C,Google Maps,4.9,Actif,2026-06-29T00:22:54.847457,haute
BJ-687E266C,Messagerie Bus Delivery,Transport & Logistique,Bembéréké,+229 74 43 68 49,,,TPE (<10),B2B,Google Maps,4.1,Actif,2026-06-29T00:22:54.847470,basse
BJ-AF9680ED,Messagerie Courtage SARL Bembéréké,Transport & Logistique,Bembéréké,+229 51 80 19 35,,messageriecourtagesarlbembéréké.bj,PME (50-200),B2C,Google Maps,5.0,Actif,2026-06-29T00:22:54.847485,moyenne
BJ-ED4F4239,Fret Fret Kalalé,Transport & Logistique,Kalalé,+229 87 67 80 99,,,PME (50-200),B2B,Google Maps,4.9,Actif,2026-06-29T00:22:54.847505,basse
BJ-F09813BB,Chain Transport,Transport & Logistique,Kalalé,+229 28 57 90 49,chain_transport@yahoo.com,,PME (10-50),B2B,Google Maps,4.0,Actif,2026-06-29T00:22:54.847522,moyenne
BJ-D186431F,Fret Car,Transport & Logistique,Kalalé,+229 43 76 81 12,fret.car@fretcar.bj,fretcar.bj,Grande (>200),B2C,Google Maps,3.7,Actif,2026-06-29T00:22:54.847541,haute
BJ-988CCF15,Rapide Véhicule Express,Transport & Logistique,Kalalé,+229 25 62 66 10,rapidevéhicule@rapidevéhiculee.bj,,PME (50-200),B2C,Google Maps,4.1,Actif,2026-06-29T00:22:54.847564,moyenne
BJ-93A553C9,Express Stockage,Transport & Logistique,Kalalé,+229 75 35 70 83,e.stockage@expressstockage.org.bj,,TPE (<10),B2C,Google Maps,3.4,Actif,2026-06-29T00:22:54.847582,moyenne
BJ-5F7DEA8F,Express Public SARL,Transport & Logistique,Ndali,+229 80 83 82 77,e.public@expresspublicsa.com.bj,,PME (10-50),B2C,Google Maps,4.5,Actif,2026-06-29T00:22:54.847606,moyenne
BJ-7FB4E875,VTC Logistique,Transport & Logistique,Ndali,+229 74 81 64 33,v.logistique@vtclogistique.org.bj,vtclogistique.bj,TPE (<10),B2B,Google Maps,3.0,Actif,2026-06-29T00:22:54.847624,haute
BJ-9816AE6A,Transit,Transport & Logistique,Ndali,+229 41 70 11 19,transit@yahoo.com,transit.bj,PME (10-50),B2B,Google Maps,4.3,Actif,2026-06-29T00:22:54.847646,haute
BJ-C79EF91D,Lourd SARL,Transport & Logistique,Ndali,+229 44 54 60 44,,lourdsarl.bj,PME (10-50),B2C,Google Maps,3.2,Actif,2026-06-29T00:22:54.847668,moyenne
BJ-DA69EF4E,Rapide Rapide Bénin Ségbana,Transport & Logistique,Ségbana,+229 46 26 49 82,rapiderapide@gmail.com,,PME (50-200),B2C,Google Maps,3.6,Actif,2026-06-29T00:22:54.847710,moyenne
BJ-916836DA,Entrepôt,Transport & Logistique,Ségbana,+229 40 93 29 82,,,PME (10-50),B2C,Google Maps,3.3,Actif,2026-06-29T00:22:54.847723,basse
BJ-6A8B706A,Transport Public Shipping,Transport & Logistique,Ségbana,+229 72 30 21 19,transport.public@transportpublic.com.bj,transportpublicshipping.bj,TPE (<10),B2C,Google Maps,3.0,Actif,2026-06-29T00:22:54.847742,haute
BJ-AA93E6E2,Cargo Envoi Express,Transport & Logistique,Ségbana,+229 28 13 21 64,,cargoenvoiexpress.bj,TPE (<10),B2B,Google Maps,3.7,Actif,2026-06-29T00:22:54.847755,moyenne
BJ-91B73F17,Fret Froid,Transport & Logistique,Ségbana,+229 20 71 39 86,f.froid@gmail.com,,TPE (<10),B2C,Google Maps,4.7,Actif,2026-06-29T00:22:54.847771,moyenne
BJ-27A3C544,Déménagement Africa,Transport & Logistique,Tchaourou,+229 43 13 50 25,d.africa@hotmail.com,,Grande (>200),B2B,Google Maps,4.6,Actif,2026-06-29T00:22:54.847794,moyenne
BJ-3E441CB2,SARL Messagerie Tchaourou,Transport & Logistique,Tchaourou,+229 23 46 72 54,sarl.messagerie@sarlmessageriet.org.bj,sarlmessagerietchaourou.bj,Grande (>200),B2C,Google Maps,4.5,Actif,2026-06-29T00:22:54.847813,haute
BJ-1AAA3D91,Courtage,Transport & Logistique,Tchaourou,+229 79 46 29 68,courtage@hotmail.com,,TPE (<10),B2B,Google Maps,3.1,Actif,2026-06-29T00:22:54.847831,moyenne
BJ-A2FD7C4A,Transport Transitaire,Transport & Logistique,Tchaourou,+229 38 48 64 13,transport.transitaire@yahoo.fr,transporttransitaire.bj,PME (50-200),B2B,Google Maps,3.6,Actif,2026-06-29T00:22:54.847849,haute
BJ-6B4FA6FF,SARL VTC Delivery,Transport & Logistique,Tchaourou,+229 59 41 96 44,,sarlvtcdelivery.bj,TPE (<10),B2B,Google Maps,4.3,Actif,2026-06-29T00:22:54.847863,moyenne
BJ-5091F7C6,Courrier,Transport & Logistique,Bétérou,+229 45 53 29 67,courrier@courrier.org.bj,courrier.bj,PME (50-200),B2B,Google Maps,4.6,Actif,2026-06-29T00:22:54.847885,haute
BJ-6001D49F,Public International Bétérou,Transport & Logistique,Bétérou,+229 31 36 24 55,public.international@yahoo.com,,TPE (<10),B2B,Google Maps,3.2,Actif,2026-06-29T00:22:54.847920,moyenne
BJ-91300C97,Rapide Transitaire,Transport & Logistique,Bétérou,+229 67 39 83 94,,rapidetransitaire.bj,PME (50-200),B2B,Google Maps,4.1,Actif,2026-06-29T00:22:54.847935,moyenne
BJ-E667FC4B,Fret Taxi,Transport & Logistique,Bétérou,+229 47 22 98 15,f.taxi@frettaxi.com.bj,frettaxi.bj,PME (10-50),B2C,Google Maps,3.3,Actif,2026-06-29T00:22:54.847958,haute
BJ-D0C022A5,Logistique Supply,Transport & Logistique,Bétérou,+229 74 45 61 56,logistiquesupply@logistiquesuppl.org.bj,logistiquesupply.bj,Grande (>200),B2C,Google Maps,3.8,Actif,2026-06-29T00:22:54.847977,haute
BJ-304C4C60,Delivery Chain Cargo,Transport & Logistique,Ouessè,+229 82 16 84 35,,,PME (10-50),B2B,Google Maps,3.5,Actif,2026-06-29T00:22:54.847997,basse
BJ-3D1151F9,Logistique Portuaire Freight Ouessè,Transport & Logistique,Ouessè,+229 81 26 75 76,logistique.portuaire@logistiqueportu.org.bj,logistiqueportuairefreightouessè.bj,TPE (<10),B2C,Google Maps,4.7,Actif,2026-06-29T00:22:54.848038,haute
BJ-39FCC42F,Groupe Courtage,Transport & Logistique,Ouessè,+229 56 54 16 49,groupe.courtage@gmail.com,,PME (10-50),B2C,Google Maps,4.6,Actif,2026-06-29T00:22:54.848121,moyenne
BJ-5A5C9F99,Warehousing,Transport & Logistique,Ouessè,+229 21 13 40 91,,warehousing.bj,PME (50-200),B2C,Google Maps,3.8,Actif,2026-06-29T00:22:54.848151,moyenne
BJ-9D707BE4,Bus Africa,Transport & Logistique,Glazoué,+229 47 48 11 85,,,PME (10-50),B2C,Google Maps,4.6,Actif,2026-06-29T00:22:54.848195,basse
BJ-DFF0F6DD,Bus International Glazoué,Transport & Logistique,Glazoué,+229 69 91 51 88,b.international@businternationa.bj,businternationalglazoué.bj,Grande (>200),B2B,Google Maps,4.4,Actif,2026-06-29T00:22:54.848221,haute
BJ-FCC7706A,Transport Conteneur,Transport & Logistique,Glazoué,+229 89 87 77 84,transportconteneur@transportconten.org.bj,,PME (50-200),B2B,Google Maps,3.7,Actif,2026-06-29T00:22:54.848246,moyenne
BJ-E3D1F4FB,Logistique Urgent Express,Transport & Logistique,Glazoué,+229 99 40 32 71,logistiqueurgent@yahoo.com,logistiqueurgentexpress.bj,TPE (<10),B2B,Google Maps,4.6,Actif,2026-06-29T00:22:54.848266,haute
BJ-3DD8A57B,Transit Cargo,Transport & Logistique,Glazoué,+229 50 67 12 66,transit.cargo@gmail.com,,PME (50-200),B2C,Google Maps,4.0,Actif,2026-06-29T00:22:54.848283,moyenne
BJ-FFB331BC,Lourd Dassa-Zoumè,Transport & Logistique,Dassa-Zoumè,+229 63 63 40 27,,lourddassazoumè.bj,PME (10-50),B2C,Google Maps,3.4,Actif,2026-06-29T00:22:54.848306,moyenne
BJ-74CF6712,Messagerie Navire,Transport & Logistique,Dassa-Zoumè,+229 35 69 16 14,,,Grande (>200),B2C,Google Maps,4.4,Actif,2026-06-29T00:22:54.848319,basse
BJ-41105D27,Courtage,Transport & Logistique,Dassa-Zoumè,+229 39 71 49 69,,,TPE (<10),B2B,Google Maps,3.0,Actif,2026-06-29T00:22:54.848335,basse
BJ-53465E3F,Taxi,Transport & Logistique,Dassa-Zoumè,+229 71 29 31 71,taxi@yahoo.com,taxi.bj,TPE (<10),B2C,Google Maps,3.5,Actif,2026-06-29T00:22:54.848351,haute
BJ-82E7F825,Groupe Transitaire Dassa-Zoumè,Transport & Logistique,Dassa-Zoumè,+229 76 23 68 35,groupe.transitaire@yahoo.com,groupetransitairedassazoumè.bj,PME (10-50),B2B,Google Maps,4.2,Actif,2026-06-29T00:22:54.848376,haute
BJ-1BFA3629,Transit Portuaire,Transport & Logistique,Savalou,+229 62 91 22 65,,transitportuaire.bj,TPE (<10),B2C,Google Maps,3.1,Actif,2026-06-29T00:22:54.848397,moyenne
BJ-EC8BFC53,Rapide Car,Transport & Logistique,Savalou,+229 85 73 74 70,,rapidecar.bj,PME (50-200),B2C,Google Maps,4.8,Actif,2026-06-29T00:22:54.848411,moyenne
BJ-AAC2C2E7,Poids,Transport & Logistique,Savalou,+229 90 28 27 11,poids@poids.org.bj,poids.bj,TPE (<10),B2C,Google Maps,4.1,Actif,2026-06-29T00:22:54.848427,haute
BJ-50E83BA5,Groupe Navire International,Transport & Logistique,Savalou,+229 60 84 36 70,groupenavire@outlook.com,,TPE (<10),B2C,Google Maps,3.5,Actif,2026-06-29T00:22:54.848444,moyenne
BJ-94DE8005,Messagerie Urgent Savalou,Transport & Logistique,Savalou,+229 20 98 99 47,messagerie.urgent@messagerieurgen.com.bj,messagerieurgentsavalou.bj,TPE (<10),B2C,Google Maps,3.9,Actif,2026-06-29T00:22:54.848462,haute
BJ-C59E4603,Messagerie Transit Logistique,Transport & Logistique,Bantè,+229 67 47 30 75,messagerie.transit@messagerietrans.com.bj,messagerietransitlogistique.bj,PME (50-200),B2C,Google Maps,4.3,Actif,2026-06-29T00:22:54.848506,haute
BJ-3ACA26E5,Entrepôt,Transport & Logistique,Bantè,+229 90 97 91 31,entrepôt@entrepôt.com.bj,,TPE (<10),B2B,Google Maps,4.9,Actif,2026-06-29T00:22:54.848527,moyenne
BJ-22D33B7A,Distribution Logistique Bantè,Transport & Logistique,Bantè,+229 33 50 85 41,distributionlogistique@distributionlog.com.bj,distributionlogistiquebantè.bj,PME (10-50),B2C,Google Maps,4.5,Actif,2026-06-29T00:22:54.848548,haute
BJ-5E7B1C89,Portuaire,Transport & Logistique,Bantè,+229 92 84 27 61,,portuaire.bj,TPE (<10),B2B,Google Maps,3.2,Actif,2026-06-29T00:22:54.848563,moyenne
BJ-B237344E,Douane Africa Djougou,Transport & Logistique,Djougou,+229 38 55 32 92,douane.africa@yahoo.fr,,PME (50-200),B2B,Google Maps,5.0,Actif,2026-06-29T00:22:54.848588,moyenne
BJ-4F92A8D6,Portuaire,Transport & Logistique,Djougou,+229 20 84 29 65,portuaire@portuaire.com.bj,,PME (10-50),B2C,Google Maps,4.0,Actif,2026-06-29T00:22:54.848603,moyenne
BJ-9D40994E,Chaîne,Transport & Logistique,Djougou,+229 57 43 74 47,,,Grande (>200),B2C,Google Maps,4.8,Actif,2026-06-29T00:22:54.848616,basse
BJ-5D1FF110,Transit,Transport & Logistique,Djougou,+229 62 43 36 94,transit@yahoo.fr,transit.bj,TPE (<10),B2B,Google Maps,3.3,Actif,2026-06-29T00:22:54.848631,haute
BJ-BDF7790A,Public Bénin,Transport & Logistique,Djougou,+229 31 33 96 41,publicbénin@outlook.com,publicbénin.bj,TPE (<10),B2C,Google Maps,4.8,Actif,2026-06-29T00:22:54.848650,haute
BJ-22EBC72B,Groupe Paquet Ouèssè,Transport & Logistique,Ouèssè,+229 60 27 71 19,groupepaquet@groupepaquetouè.bj,groupepaquetouèssè.bj,PME (10-50),B2B,Google Maps,4.6,Actif,2026-06-29T00:22:54.848682,haute
BJ-88720558,Rapide,Transport & Logistique,Ouèssè,+229 32 92 25 72,,rapide.bj,PME (10-50),B2B,Google Maps,3.4,Actif,2026-06-29T00:22:54.848696,moyenne
BJ-5D08E93B,Delivery Déménagement Bénin,Transport & Logistique,Ouèssè,+229 59 98 58 68,delivery_déménagement@deliverydéménag.bj,deliverydéménagementbénin.bj,TPE (<10),B2C,Google Maps,4.9,Actif,2026-06-29T00:22:54.848722,haute
BJ-77CA7980,Groupe Chain Ouèssè,Transport & Logistique,Ouèssè,+229 36 97 39 67,groupechain@yahoo.com,,PME (50-200),B2B,Google Maps,3.9,Actif,2026-06-29T00:22:54.848740,moyenne
BJ-6EBE6B5C,Paquet,Transport & Logistique,Ouèssè,+229 38 59 92 46,paquet@paquet.bj,paquet.bj,TPE (<10),B2C,Google Maps,3.7,Actif,2026-06-29T00:22:54.848757,haute
BJ-B58EB7FF,Véhicule Bassila,Transport & Logistique,Bassila,+229 66 35 99 16,v.bassila@yahoo.fr,,Grande (>200),B2C,Google Maps,3.3,Actif,2026-06-29T00:22:54.848782,moyenne
BJ-8372A795,Cargo Warehousing Express Bassila,Transport & Logistique,Bassila,+229 28 39 77 45,,,TPE (<10),B2C,Google Maps,4.5,Actif,2026-06-29T00:22:54.848796,basse
BJ-5959DF73,Cargo Navire SARL,Transport & Logistique,Bassila,+229 23 45 28 61,cargonavire@cargonaviresarl.com.bj,cargonaviresarl.bj,PME (10-50),B2C,Google Maps,3.8,Actif,2026-06-29T00:22:54.848815,haute
BJ-05CD7C12,Affrètement Cargo Bassila,Transport & Logistique,Bassila,+229 91 34 58 48,,affrètementcargobassila.bj,PME (50-200),B2C,Google Maps,3.3,Actif,2026-06-29T00:22:54.848829,moyenne
BJ-48145ECC,Cargo Froid Bassila,Transport & Logistique,Bassila,+229 30 21 82 88,,,PME (10-50),B2C,Google Maps,4.4,Actif,2026-06-29T00:22:54.848842,basse
BJ-5D3A8CAC,Messagerie Public SARL,Transport & Logistique,Pehunco,+229 75 16 77 88,messagerie_public@messageriepubli.bj,,PME (50-200),B2C,Google Maps,3.6,Actif,2026-06-29T00:22:54.848865,moyenne
BJ-81141FAB,Cargo Cargo Transport,Transport & Logistique,Pehunco,+229 22 29 85 16,cargo.cargo@cargocargotrans.com.bj,,TPE (<10),B2C,Google Maps,3.2,Actif,2026-06-29T00:22:54.848883,moyenne
BJ-D78A2C98,SARL Messagerie,Transport & Logistique,Pehunco,+229 80 65 61 84,,,TPE (<10),B2B,Google Maps,4.3,Actif,2026-06-29T00:22:54.848919,basse
BJ-88139362,Maritime Logistique,Transport & Logistique,Pehunco,+229 81 44 66 48,maritimelogistique@maritimelogisti.bj,maritimelogistique.bj,Grande (>200),B2C,Google Maps,3.1,Actif,2026-06-29T00:22:54.848940,haute
BJ-5AE46B19,Rapide Transitaire Shipping,Transport & Logistique,Pehunco,+229 54 65 24 68,rapidetransitaire@yahoo.fr,rapidetransitaireshipping.bj,TPE (<10),B2B,Google Maps,4.3,Actif,2026-06-29T00:22:54.848957,haute
BJ-2846A4D0,Transit Logistique Copargo,Transport & Logistique,Copargo,+229 31 15 70 83,,transitlogistiquecopargo.bj,PME (10-50),B2C,Google Maps,3.9,Actif,2026-06-29T00:22:54.848982,moyenne
BJ-49729F56,Delivery Cargo Transport,Transport & Logistique,Copargo,+229 65 28 24 37,deliverycargo@gmail.com,deliverycargotransport.bj,Grande (>200),B2C,Google Maps,3.2,Actif,2026-06-29T00:22:54.849004,haute
BJ-4E688B62,Express Paquet Delivery Copargo,Transport & Logistique,Copargo,+229 31 49 88 48,e.paquet@gmail.com,,PME (10-50),B2B,Google Maps,3.6,Actif,2026-06-29T00:22:54.849020,moyenne
BJ-FC996BA9,Messagerie Shipping,Transport & Logistique,Copargo,+229 40 96 77 37,messagerieshipping@messagerieshipp.bj,messagerieshipping.bj,TPE (<10),B2C,Google Maps,4.6,Actif,2026-06-29T00:22:54.849037,haute
BJ-B4D74AB6,Transport Conteneur,Transport & Logistique,Copargo,+229 92 55 90 62,transport.conteneur@yahoo.com,transportconteneur.bj,PME (10-50),B2C,Google Maps,4.2,Actif,2026-06-29T00:22:54.849054,haute
BJ-2E7016F7,Mobile Tech,Télécommunications,Cotonou,+229 58 45 23 99,m.tech@mobiletech.org.bj,mobiletech.bj,TPE (<10),B2C,Google Maps,3.4,Actif,2026-06-29T00:22:54.849081,haute
BJ-BF76D027,VoIP,Télécommunications,Cotonou,+229 62 82 12 40,voip@hotmail.com,voip.bj,TPE (<10),B2B,Google Maps,4.1,Actif,2026-06-29T00:22:54.849118,haute
BJ-2B7243D0,Télécom Relais,Télécommunications,Cotonou,+229 53 91 35 71,télécom.relais@télécomrelais.org.bj,télécomrelais.bj,Grande (>200),B2C,Google Maps,4.5,Actif,2026-06-29T00:22:54.849139,haute
BJ-62BA1AC5,Fiber Connect SARL,Télécommunications,Cotonou,+229 64 16 39 99,f.connect@yahoo.fr,,TPE (<10),B2B,Google Maps,4.2,Actif,2026-06-29T00:22:54.849156,moyenne
BJ-AD4E150D,Ping Africa,Télécommunications,Abomey-Calavi,+229 58 79 82 75,ping.africa@hotmail.com,,TPE (<10),B2B,Google Maps,4.2,Actif,2026-06-29T00:22:54.849183,moyenne
BJ-F7BB5873,Connect Débit,Télécommunications,Abomey-Calavi,+229 74 23 59 61,connect.débit@connectdébit.org.bj,connectdébit.bj,TPE (<10),B2C,Google Maps,3.4,Actif,2026-06-29T00:22:54.849207,haute
BJ-996EA581,Connect Haut Africa Abomey-Calavi,Télécommunications,Abomey-Calavi,+229 38 16 43 87,c.haut@yahoo.com,connecthautafricaabomeycalavi.bj,PME (10-50),B2B,Google Maps,4.8,Actif,2026-06-29T00:22:54.849226,haute
BJ-DA379B76,Sans,Télécommunications,Abomey-Calavi,+229 37 97 70 59,sans@sans.org.bj,sans.bj,TPE (<10),B2B,Google Maps,4.6,Actif,2026-06-29T00:22:54.849242,haute
BJ-D5E94A82,Connect Coverage Africa,Télécommunications,Abomey-Calavi,+229 45 97 72 89,connectcoverage@gmail.com,,PME (10-50),B2C,Google Maps,4.6,Actif,2026-06-29T00:22:54.849262,moyenne
BJ-E57C2EB5,Tech Porto-Novo,Télécommunications,Porto-Novo,+229 27 65 36 17,tech.porto@techportonovo.bj,techportonovo.bj,PME (10-50),B2B,Google Maps,4.1,Actif,2026-06-29T00:22:54.849288,haute
BJ-117D9002,Latence,Télécommunications,Porto-Novo,+229 83 83 26 41,latence@latence.bj,latence.bj,PME (50-200),B2B,Google Maps,4.2,Actif,2026-06-29T00:22:54.849304,haute
BJ-925940B0,Mobile Bandwidth International,Télécommunications,Porto-Novo,+229 52 78 15 86,mobile_bandwidth@yahoo.com,mobilebandwidthinternational.bj,TPE (<10),B2B,Google Maps,3.8,Actif,2026-06-29T00:22:54.849351,haute
BJ-EBBC9E41,Digital Vitesse Africa Porto-Novo,Télécommunications,Porto-Novo,+229 56 29 40 37,digitalvitesse@yahoo.com,digitalvitesseafricaportonovo.bj,PME (10-50),B2C,Google Maps,3.8,Actif,2026-06-29T00:22:54.849402,haute
BJ-89AAF57C,Centrex,Télécommunications,Porto-Novo,+229 57 27 87 58,centrex@yahoo.fr,centrex.bj,PME (10-50),B2C,Google Maps,4.4,Actif,2026-06-29T00:22:54.849443,haute
BJ-CE7620AF,Mobile Débit Bénin,Télécommunications,Parakou,+229 91 92 71 99,mobile.débit@mobiledébitbéni.com.bj,,PME (10-50),B2C,Google Maps,4.5,Actif,2026-06-29T00:22:54.849494,moyenne
BJ-6DFB6CDA,Internet SIP,Télécommunications,Parakou,+229 86 49 40 96,internetsip@internetsip.org.bj,internetsip.bj,PME (10-50),B2B,Google Maps,3.8,Actif,2026-06-29T00:22:54.849515,haute
BJ-1CABCEA4,Satellite Opérateur Africa Parakou,Télécommunications,Parakou,+229 67 73 24 70,satellite.opérateur@outlook.com,satelliteopérateurafricaparakou.bj,PME (50-200),B2B,Google Maps,4.6,Actif,2026-06-29T00:22:54.849537,haute
BJ-C1093310,Tech Groupe,Télécommunications,Parakou,+229 24 40 68 58,tech.groupe@techgroupe.org.bj,techgroupe.bj,PME (10-50),B2C,Google Maps,3.9,Actif,2026-06-29T00:22:54.849555,haute
BJ-28D24063,Mobile Optique SARL,Télécommunications,Bohicon,+229 69 34 30 93,mobileoptique@hotmail.com,mobileoptiquesarl.bj,PME (50-200),B2C,Google Maps,3.7,Actif,2026-06-29T00:22:54.849580,haute
BJ-7FFCFFA8,Internet 4G,Télécommunications,Bohicon,+229 59 70 16 37,internet@internet4g.bj,internet4g.bj,TPE (<10),B2B,Google Maps,3.5,Actif,2026-06-29T00:22:54.849596,haute
BJ-DD9ECB92,Connect Relais Bohicon,Télécommunications,Bohicon,+229 49 38 57 22,,connectrelaisbohicon.bj,PME (10-50),B2C,Google Maps,3.9,Actif,2026-06-29T00:22:54.849616,moyenne
BJ-78EDEBAD,Mobile Optique,Télécommunications,Bohicon,+229 65 91 13 80,mobile.optique@yahoo.fr,mobileoptique.bj,PME (50-200),B2C,Google Maps,3.9,Actif,2026-06-29T00:22:54.849699,haute
BJ-A3116199,Spectre,Télécommunications,Natitingou,+229 27 71 72 94,spectre@spectre.bj,spectre.bj,TPE (<10),B2B,Google Maps,3.5,Actif,2026-06-29T00:22:54.849744,haute
BJ-E27D6262,VoIP Digital,Télécommunications,Natitingou,+229 54 59 39 17,voip.digital@voipdigital.bj,voipdigital.bj,PME (10-50),B2B,Google Maps,3.5,Actif,2026-06-29T00:22:54.849781,haute
BJ-A777FF93,Relais Natitingou,Télécommunications,Natitingou,+229 20 13 22 23,relais_natitingou@relaisnatitingo.org.bj,relaisnatitingou.bj,TPE (<10),B2C,Google Maps,4.8,Actif,2026-06-29T00:22:54.849818,haute
BJ-B77B9A14,Satellite Câble Groupe Natitingou,Télécommunications,Natitingou,+229 30 56 28 16,satellite.câble@satellitecâbleg.org.bj,satellitecâblegroupenatitingou.bj,PME (10-50),B2B,Google Maps,4.2,Actif,2026-06-29T00:22:54.849859,haute
BJ-A1305354,Débit,Télécommunications,Natitingou,+229 37 41 26 44,débit@débit.com.bj,débit.bj,PME (50-200),B2B,Google Maps,3.2,Actif,2026-06-29T00:22:54.849906,haute
BJ-714751FC,BTS Groupe,Télécommunications,Lokossa,+229 27 11 39 80,bts.groupe@gmail.com,btsgroupe.bj,TPE (<10),B2B,Google Maps,4.0,Actif,2026-06-29T00:22:54.849941,haute
BJ-AC78D6C1,VPN SARL,Télécommunications,Lokossa,+229 40 51 48 76,vpn.sarl@yahoo.fr,,PME (10-50),B2B,Google Maps,4.5,Actif,2026-06-29T00:22:54.849960,moyenne
BJ-03535234,Digital Digital,Télécommunications,Lokossa,+229 22 44 65 55,digitaldigital@hotmail.com,digitaldigital.bj,PME (50-200),B2C,Google Maps,4.6,Actif,2026-06-29T00:22:54.849985,haute
BJ-D96DC796,4G Digital,Télécommunications,Lokossa,+229 74 76 47 22,digital@4gdigital.com.bj,4gdigital.bj,PME (50-200),B2B,Google Maps,3.7,Actif,2026-06-29T00:22:54.850003,haute
BJ-652E3C86,Satellite Centrex Connect,Télécommunications,Lokossa,+229 66 85 53 35,satellite.centrex@satellitecentre.org.bj,satellitecentrexconnect.bj,PME (10-50),B2C,Google Maps,3.5,Actif,2026-06-29T00:22:54.850026,haute
BJ-6F3F9FD7,MPLS SA,Télécommunications,Ouidah,+229 59 53 18 60,mpls@hotmail.com,mplssa.bj,Grande (>200),B2C,Google Maps,3.5,Actif,2026-06-29T00:22:54.850050,haute
BJ-00A3AA05,Connect Cloud Telecom Ouidah,Télécommunications,Ouidah,+229 33 51 87 31,connectcloud@connectcloudtel.bj,connectcloudtelecomouidah.bj,TPE (<10),B2B,Google Maps,4.3,Actif,2026-06-29T00:22:54.850070,haute
BJ-997B0432,Réseau Networks,Télécommunications,Ouidah,+229 27 39 75 11,r.networks@réseaunetworks.com.bj,réseaunetworks.bj,PME (10-50),B2B,Google Maps,4.7,Actif,2026-06-29T00:22:54.850091,haute
BJ-1D16CD28,Télécom Opérateur Networks,Télécommunications,Ouidah,+229 81 94 73 99,télécomopérateur@télécomopérateu.bj,télécomopérateurnetworks.bj,PME (10-50),B2B,Google Maps,3.6,Actif,2026-06-29T00:22:54.850119,haute
BJ-E58E0238,PBX Groupe,Télécommunications,Ouidah,+229 94 44 86 67,pbxgroupe@pbxgroupe.org.bj,pbxgroupe.bj,PME (50-200),B2B,Google Maps,4.6,Actif,2026-06-29T00:22:54.850137,haute
BJ-9EE4F9F6,SD-WAN International,Télécommunications,Savalou,+229 65 22 13 63,wan.international@hotmail.com,sdwaninternational.bj,TPE (<10),B2B,Google Maps,3.0,Actif,2026-06-29T00:22:54.850163,haute
BJ-27F8B1B4,FAI SARL,Télécommunications,Savalou,+229 34 99 66 18,faisarl@faisarl.com.bj,faisarl.bj,PME (10-50),B2C,Google Maps,3.9,Actif,2026-06-29T00:22:54.850181,haute
BJ-D1B30DB3,Hosted Telecom,Télécommunications,Savalou,+229 32 13 72 31,h.telecom@yahoo.com,,Grande (>200),B2B,Google Maps,3.3,Actif,2026-06-29T00:22:54.850202,moyenne
BJ-74970283,Fibre Groupe,Télécommunications,Savalou,+229 92 52 99 10,f.groupe@gmail.com,,PME (50-200),B2C,Google Maps,4.7,Actif,2026-06-29T00:22:54.850219,moyenne
BJ-B9C73E05,Provider,Télécommunications,Savalou,+229 56 99 87 73,provider@provider.bj,provider.bj,PME (10-50),B2C,Google Maps,4.2,Actif,2026-06-29T00:22:54.850235,haute
BJ-057F0807,Digital 5G,Télécommunications,Dassa-Zoumè,+229 20 89 16 19,digital@digital5g.bj,,PME (50-200),B2C,Google Maps,5.0,Actif,2026-06-29T00:22:54.850258,moyenne
BJ-BE12CCC0,5G,Télécommunications,Dassa-Zoumè,+229 70 86 40 68,5g@gmail.com,5g.bj,PME (50-200),B2B,Google Maps,3.8,Actif,2026-06-29T00:22:54.850275,haute
BJ-59F1C2A2,Haut Telecom,Télécommunications,Dassa-Zoumè,+229 61 13 81 24,haut.telecom@hauttelecom.com.bj,hauttelecom.bj,PME (10-50),B2C,Google Maps,3.9,Actif,2026-06-29T00:22:54.850294,haute
BJ-D2EBBFC7,Digital Digital Africa,Télécommunications,Dassa-Zoumè,+229 35 82 83 50,digital.digital@yahoo.fr,digitaldigitalafrica.bj,PME (10-50),B2B,Google Maps,3.5,Actif,2026-06-29T00:22:54.850311,haute
BJ-8AC75640,Fiber Opérateur Bénin,Télécommunications,Dassa-Zoumè,+229 86 64 87 97,fiber.opérateur@fiberopérateurb.com.bj,fiberopérateurbénin.bj,TPE (<10),B2B,Google Maps,3.5,Actif,2026-06-29T00:22:54.850331,haute
BJ-ED8DF085,Télécom ISP,Télécommunications,Kétou,+229 25 64 33 62,t.isp@yahoo.com,télécomisp.bj,PME (10-50),B2B,Google Maps,4.3,Actif,2026-06-29T00:22:54.850358,haute
BJ-9B0AF9EC,VoIP Kétou,Télécommunications,Kétou,+229 63 75 17 71,v.kétou@voipkétou.org.bj,voipkétou.bj,TPE (<10),B2B,Google Maps,3.2,Actif,2026-06-29T00:22:54.850383,haute
BJ-7E98AC29,Mobile LTE Connect Kétou,Télécommunications,Kétou,+229 69 93 65 27,mobilelte@outlook.com,mobilelteconnectkétou.bj,TPE (<10),B2C,Google Maps,4.1,Actif,2026-06-29T00:22:54.850406,haute
BJ-355ADAD4,Connect Satellite Kétou,Télécommunications,Kétou,+229 35 34 29 89,connect.satellite@hotmail.com,,PME (10-50),B2B,Google Maps,3.0,Actif,2026-06-29T00:22:54.850424,moyenne
BJ-F7AB33E4,Fiber SIP Kétou,Télécommunications,Kétou,+229 47 88 91 35,f.sip@outlook.com,fibersipkétou.bj,TPE (<10),B2B,Google Maps,4.7,Actif,2026-06-29T00:22:54.850442,haute
BJ-FAE8CB5F,Réseau Ping SA,Télécommunications,Covè,+229 26 45 13 53,r.ping@réseaupingsa.org.bj,réseaupingsa.bj,TPE (<10),B2C,Google Maps,3.7,Actif,2026-06-29T00:22:54.850473,haute
BJ-12104B4C,Réseau 4G,Télécommunications,Covè,+229 29 38 75 32,réseau@réseau4g.org.bj,réseau4g.bj,TPE (<10),B2C,Google Maps,3.1,Actif,2026-06-29T00:22:54.850491,haute
BJ-CA9A0ED7,Satellite ISP SA Covè,Télécommunications,Covè,+229 50 81 70 98,satelliteisp@satelliteispsac.bj,satelliteispsacovè.bj,TPE (<10),B2C,Google Maps,3.6,Actif,2026-06-29T00:22:54.850512,haute
BJ-7DDEA31E,Tech Groupe,Télécommunications,Covè,+229 61 41 33 18,tech.groupe@techgroupe.org.bj,,PME (50-200),B2C,Google Maps,4.1,Actif,2026-06-29T00:22:54.850529,moyenne
BJ-75138BF2,Fil,Télécommunications,Pobè,+229 45 57 98 80,fil@fil.com.bj,fil.bj,TPE (<10),B2C,Google Maps,3.4,Actif,2026-06-29T00:22:54.850568,haute
BJ-44439338,Télécom Haut Pobè,Télécommunications,Pobè,+229 89 89 98 28,télécomhaut@outlook.com,télécomhautpobè.bj,PME (50-200),B2C,Google Maps,4.1,Actif,2026-06-29T00:22:54.850587,haute
BJ-FA97EDAB,BTS,Télécommunications,Pobè,+229 29 63 97 14,bts@bts.org.bj,bts.bj,PME (10-50),B2C,Google Maps,3.6,Actif,2026-06-29T00:22:54.850606,haute
BJ-1B104E66,Latence SA,Télécommunications,Pobè,+229 45 52 23 84,latence@hotmail.com,latencesa.bj,TPE (<10),B2B,Google Maps,4.9,Actif,2026-06-29T00:22:54.850624,haute
BJ-7BE4FC64,Mobile Sans Groupe,Télécommunications,Pobè,+229 77 99 91 91,mobile.sans@hotmail.com,mobilesansgroupe.bj,TPE (<10),B2B,Google Maps,4.6,Actif,2026-06-29T00:22:54.850641,haute
BJ-966DFD7E,Wireless Fibre,Télécommunications,Sakété,+229 24 40 76 64,w.fibre@hotmail.com,wirelessfibre.bj,TPE (<10),B2B,Google Maps,4.6,Actif,2026-06-29T00:22:54.850674,haute
BJ-9F35C605,4G Telecom,Télécommunications,Sakété,+229 58 44 44 97,telecom@4gtelecom.bj,4gtelecom.bj,Grande (>200),B2C,Google Maps,4.5,Actif,2026-06-29T00:22:54.850692,haute
BJ-46565F0A,Digital Data SA,Télécommunications,Sakété,+229 98 89 83 89,digital.data@digitaldatasa.com.bj,digitaldatasa.bj,PME (50-200),B2B,Google Maps,3.9,Actif,2026-06-29T00:22:54.850709,haute
BJ-EE8138A2,Wireless VPN Digital,Télécommunications,Sakété,+229 36 38 19 55,wirelessvpn@hotmail.com,wirelessvpndigital.bj,TPE (<10),B2C,Google Maps,4.1,Actif,2026-06-29T00:22:54.850727,haute
BJ-21B980BD,Connect Sans Groupe,Télécommunications,Sakété,+229 73 15 68 29,c.sans@connectsansgrou.bj,connectsansgroupe.bj,TPE (<10),B2C,Google Maps,4.0,Actif,2026-06-29T00:22:54.850745,haute
BJ-AB438D71,Réseau 5G,Télécommunications,Adjara,+229 77 61 44 71,réseau@outlook.com,réseau5g.bj,PME (10-50),B2B,Google Maps,3.3,Actif,2026-06-29T00:22:54.850767,haute
BJ-CDFBB8EF,Réseau Centrex Networks,Télécommunications,Adjara,+229 96 69 87 68,réseaucentrex@réseaucentrexne.org.bj,réseaucentrexnetworks.bj,Grande (>200),B2B,Google Maps,5.0,Actif,2026-06-29T00:22:54.850787,haute
BJ-E2D6A564,Digital Coverage Africa,Télécommunications,Adjara,+229 93 44 60 78,digitalcoverage@gmail.com,digitalcoverageafrica.bj,PME (50-200),B2C,Google Maps,3.3,Actif,2026-06-29T00:22:54.850808,haute
BJ-DE14FD49,Télécom Connect,Télécommunications,Adjara,+229 33 69 81 81,télécomconnect@hotmail.com,télécomconnect.bj,TPE (<10),B2B,Google Maps,4.8,Actif,2026-06-29T00:22:54.850827,haute
BJ-F48D4FB1,Connect Communication,Télécommunications,Adjara,+229 71 55 33 82,c.communication@yahoo.com,connectcommunication.bj,TPE (<10),B2C,Google Maps,4.1,Actif,2026-06-29T00:22:54.850845,haute
BJ-AF614B61,Vitesse Telecom Allada,Télécommunications,Allada,+229 91 18 21 39,vitessetelecom@hotmail.com,vitessetelecomallada.bj,TPE (<10),B2C,Google Maps,3.4,Actif,2026-06-29T00:22:54.850868,haute
BJ-1EDB46BC,Opérateur International,Télécommunications,Allada,+229 71 87 79 98,opérateurinternational@yahoo.fr,,TPE (<10),B2C,Google Maps,4.6,Actif,2026-06-29T00:22:54.850886,moyenne
BJ-A384C893,Digital,Télécommunications,Allada,+229 59 63 49 35,,digital.bj,PME (10-50),B2B,Google Maps,3.6,Actif,2026-06-29T00:22:54.850914,moyenne
BJ-D131F673,Bandwidth,Télécommunications,Allada,+229 63 55 21 40,bandwidth@bandwidth.org.bj,,PME (50-200),B2B,Google Maps,4.8,Actif,2026-06-29T00:22:54.850934,moyenne
BJ-27B3776F,MPLS,Télécommunications,Allada,+229 49 98 51 40,mpls@mpls.com.bj,mpls.bj,PME (50-200),B2B,Google Maps,3.3,Actif,2026-06-29T00:22:54.850950,haute
BJ-D6B8F7E3,Latence Connect,Télécommunications,Aplahoué,+229 42 18 22 82,,latenceconnect.bj,PME (10-50),B2B,Google Maps,4.1,Actif,2026-06-29T00:22:54.850970,moyenne
BJ-22C4BF4E,Connect Relais Connect,Télécommunications,Aplahoué,+229 58 28 13 26,connect.relais@outlook.com,connectrelaisconnect.bj,TPE (<10),B2C,Google Maps,4.2,Actif,2026-06-29T00:22:54.850991,haute
BJ-CA91A6B4,Voice Telecom,Télécommunications,Aplahoué,+229 20 21 64 16,voice_telecom@voicetelecom.bj,voicetelecom.bj,Grande (>200),B2C,Google Maps,3.7,Actif,2026-06-29T00:22:54.851016,haute
BJ-C072B8E7,Satellite Débit Aplahoué,Télécommunications,Aplahoué,+229 86 95 14 41,satellite_débit@satellitedébita.com.bj,satellitedébitaplahoué.bj,Grande (>200),B2B,Google Maps,3.7,Actif,2026-06-29T00:22:54.851038,haute
BJ-9C8DC706,Ping,Télécommunications,Aplahoué,+229 53 20 27 68,ping@yahoo.com,,TPE (<10),B2C,Google Maps,4.0,Actif,2026-06-29T00:22:54.851054,moyenne
BJ-77CFB136,Câble,Télécommunications,Dogbo-Tota,+229 98 84 77 66,câble@outlook.com,câble.bj,PME (10-50),B2C,Google Maps,3.3,Actif,2026-06-29T00:22:54.851078,haute
BJ-381DA23A,MPLS,Télécommunications,Dogbo-Tota,+229 53 26 19 72,mpls@mpls.bj,mpls.bj,TPE (<10),B2C,Google Maps,3.2,Actif,2026-06-29T00:22:54.851094,haute
BJ-31BFDBB3,Couverture Africa Dogbo-Tota,Télécommunications,Dogbo-Tota,+229 51 75 81 60,couvertureafrica@couvertureafric.com.bj,couvertureafricadogbotota.bj,PME (10-50),B2B,Google Maps,4.4,Actif,2026-06-29T00:22:54.851131,haute
BJ-FA274456,Wireless Trunk,Télécommunications,Dogbo-Tota,+229 79 79 38 34,w.trunk@wirelesstrunk.com.bj,wirelesstrunk.bj,Grande (>200),B2C,Google Maps,3.7,Actif,2026-06-29T00:22:54.851148,haute
BJ-5D0F658D,Satellite Latence,Télécommunications,Kpomassè,+229 54 47 41 70,s.latence@hotmail.com,satellitelatence.bj,PME (10-50),B2C,Google Maps,3.1,Actif,2026-06-29T00:22:54.851175,haute
BJ-D29C6ADA,Connect Fibre,Télécommunications,Kpomassè,+229 61 42 21 88,c.fibre@yahoo.fr,connectfibre.bj,TPE (<10),B2B,Google Maps,4.8,Actif,2026-06-29T00:22:54.851194,haute
BJ-B0DEF641,Cloud Telecom,Télécommunications,Kpomassè,+229 67 12 74 29,cloudtelecom@cloudtelecom.bj,cloudtelecom.bj,PME (50-200),B2B,Google Maps,3.1,Actif,2026-06-29T00:22:54.851215,haute
BJ-48EECD60,Voice SA,Télécommunications,Kpomassè,+229 73 13 59 12,voice@voicesa.org.bj,voicesa.bj,TPE (<10),B2C,Google Maps,4.7,Actif,2026-06-29T00:22:54.851234,haute
BJ-F5BBCD19,SD-WAN,Télécommunications,Kpomassè,+229 65 17 18 57,wan@sdwan.org.bj,sdwan.bj,PME (10-50),B2C,Google Maps,4.5,Actif,2026-06-29T00:22:54.851251,haute
BJ-4274F191,Télécom VoIP,Télécommunications,Tori-Bossito,+229 67 36 28 48,télécomvoip@gmail.com,télécomvoip.bj,PME (50-200),B2B,Google Maps,4.1,Actif,2026-06-29T00:22:54.851278,haute
BJ-6A719F43,Antenne,Télécommunications,Tori-Bossito,+229 39 41 39 85,antenne@antenne.com.bj,antenne.bj,PME (50-200),B2B,Google Maps,3.6,Actif,2026-06-29T00:22:54.851308,haute
BJ-8E90FDA2,Internet Spectre SA Tori-Bossito,Télécommunications,Tori-Bossito,+229 73 94 45 82,internet.spectre@outlook.com,internetspectresatoribossito.bj,TPE (<10),B2B,Google Maps,4.2,Actif,2026-06-29T00:22:54.851327,haute
BJ-2DC0B9C2,Satellite Provider Tori-Bossito,Télécommunications,Tori-Bossito,+229 43 72 23 73,satelliteprovider@hotmail.com,satelliteprovidertoribossito.bj,TPE (<10),B2B,Google Maps,3.6,Actif,2026-06-29T00:22:54.851344,haute
BJ-3BCCC089,Internet VoIP,Télécommunications,Grand-Popo,+229 34 67 81 80,internetvoip@internetvoip.bj,internetvoip.bj,PME (10-50),B2B,Google Maps,3.8,Actif,2026-06-29T00:22:54.851372,haute
BJ-A2C66A1E,Fiber Vitesse,Télécommunications,Grand-Popo,+229 37 56 73 80,fibervitesse@fibervitesse.com.bj,fibervitesse.bj,TPE (<10),B2B,Google Maps,3.5,Actif,2026-06-29T00:22:54.851389,haute
BJ-9383C91D,Satellite Antenne Networks,Télécommunications,Grand-Popo,+229 38 12 28 80,satellite_antenne@satelliteantenn.org.bj,satelliteantennenetworks.bj,PME (50-200),B2B,Google Maps,4.4,Actif,2026-06-29T00:22:54.851411,haute
BJ-20FFCFBF,BTS Connect,Télécommunications,Grand-Popo,+229 70 49 12 68,bts.connect@outlook.com,btsconnect.bj,PME (10-50),B2C,Google Maps,5.0,Actif,2026-06-29T00:22:54.851432,haute
BJ-CF6647E4,Optique,Télécommunications,Grand-Popo,+229 30 88 41 58,optique@optique.bj,optique.bj,TPE (<10),B2C,Google Maps,4.9,Actif,2026-06-29T00:22:54.851448,haute
BJ-ADC23E23,Fibre SA,Télécommunications,Athiémé,+229 28 45 73 29,fibre@fibresa.org.bj,fibresa.bj,PME (10-50),B2B,Google Maps,4.3,Actif,2026-06-29T00:22:54.851471,haute
BJ-37ECD822,Réseau Réseau International,Télécommunications,Athiémé,+229 79 11 76 61,réseauréseau@yahoo.com,réseauréseauinternational.bj,PME (10-50),B2B,Google Maps,4.7,Actif,2026-06-29T00:22:54.851497,haute
BJ-C2E21E6D,Couverture,Télécommunications,Athiémé,+229 68 31 16 74,couverture@outlook.com,couverture.bj,Grande (>200),B2C,Google Maps,4.8,Actif,2026-06-29T00:22:54.851516,haute
BJ-D8A5CE54,Mobile Bandwidth SA,Télécommunications,Athiémé,+229 83 33 78 15,mobile.bandwidth@outlook.com,mobilebandwidthsa.bj,TPE (<10),B2C,Google Maps,4.2,Actif,2026-06-29T00:22:54.851556,haute
BJ-A8F0982B,Provider Telecom,Télécommunications,Athiémé,+229 60 13 78 56,provider.telecom@hotmail.com,providertelecom.bj,TPE (<10),B2C,Google Maps,5.0,Actif,2026-06-29T00:22:54.851600,haute
BJ-3E9E580D,Wireless Networks,Télécommunications,Bopa,+229 82 90 55 83,wirelessnetworks@gmail.com,wirelessnetworks.bj,PME (10-50),B2C,Google Maps,3.1,Actif,2026-06-29T00:22:54.851642,haute
BJ-C07CB0E5,Connect Data Networks,Télécommunications,Bopa,+229 84 58 87 29,connectdata@yahoo.fr,connectdatanetworks.bj,TPE (<10),B2B,Google Maps,3.5,Actif,2026-06-29T00:22:54.851672,haute
BJ-AD609AFC,Wireless,Télécommunications,Bopa,+229 47 96 59 93,wireless@wireless.bj,wireless.bj,TPE (<10),B2C,Google Maps,3.4,Actif,2026-06-29T00:22:54.851709,haute
BJ-52AC9EF4,Connect Optique Bénin,Télécommunications,Bopa,+229 37 61 78 85,connect.optique@connectoptiqueb.com.bj,connectoptiquebénin.bj,TPE (<10),B2C,Google Maps,3.5,Actif,2026-06-29T00:22:54.851746,haute
BJ-71DBD3DC,MPLS Groupe,Télécommunications,Bopa,+229 53 32 73 42,mpls.groupe@mplsgroupe.bj,mplsgroupe.bj,TPE (<10),B2C,Google Maps,3.0,Actif,2026-06-29T00:22:54.851777,haute
BJ-EC83DF44,Satellite Cloud,Télécommunications,Houéyogbé,+229 56 95 69 99,satellitecloud@outlook.com,satellitecloud.bj,PME (50-200),B2C,Google Maps,3.9,Actif,2026-06-29T00:22:54.851817,haute
BJ-7E998133,Digital MPLS Africa,Télécommunications,Houéyogbé,+229 50 56 94 86,d.mpls@digitalmplsafri.com.bj,digitalmplsafrica.bj,PME (50-200),B2B,Google Maps,3.0,Actif,2026-06-29T00:22:54.851848,haute
BJ-0B8B41CD,Internet FAI,Télécommunications,Houéyogbé,+229 82 30 60 97,i.fai@internetfai.com.bj,internetfai.bj,PME (50-200),B2C,Google Maps,4.0,Actif,2026-06-29T00:22:54.851876,haute
BJ-967768E4,Fibre,Télécommunications,Houéyogbé,+229 68 93 67 89,fibre@fibre.org.bj,fibre.bj,PME (10-50),B2B,Google Maps,3.9,Actif,2026-06-29T00:22:54.851923,haute
BJ-EEA21A11,Internet Vitesse,Télécommunications,Houéyogbé,+229 65 78 59 49,i.vitesse@gmail.com,internetvitesse.bj,TPE (<10),B2C,Google Maps,4.3,Actif,2026-06-29T00:22:54.851961,haute
BJ-D49F7D66,SD-WAN Connect,Télécommunications,Malanville,+229 97 18 27 72,wan.connect@sdwanconnect.com.bj,sdwanconnect.bj,PME (50-200),B2C,Google Maps,3.6,Actif,2026-06-29T00:22:54.852021,haute
BJ-83CB5B14,Digital Cloud SA,Télécommunications,Malanville,+229 90 62 21 70,d.cloud@yahoo.fr,digitalcloudsa.bj,TPE (<10),B2C,Google Maps,3.3,Actif,2026-06-29T00:22:54.852063,haute
BJ-A46DD0E8,LTE,Télécommunications,Malanville,+229 65 19 31 61,lte@yahoo.fr,,PME (10-50),B2C,Google Maps,3.5,Actif,2026-06-29T00:22:54.852103,moyenne
BJ-C1ECA7EF,Mobile VPN,Télécommunications,Malanville,+229 45 89 61 16,m.vpn@yahoo.fr,mobilevpn.bj,PME (10-50),B2B,Google Maps,4.2,Actif,2026-06-29T00:22:54.852145,haute
BJ-9B872AD7,Télécom Internet Groupe Malanville,Télécommunications,Malanville,+229 94 44 16 96,télécom.internet@télécominternet.bj,,PME (10-50),B2B,Google Maps,3.5,Actif,2026-06-29T00:22:54.852184,moyenne
BJ-C87BD6E9,Internet Fréquence,Télécommunications,Kandi,+229 41 71 61 11,internet.fréquence@internetfréquen.com.bj,,TPE (<10),B2B,Google Maps,4.8,Actif,2026-06-29T00:22:54.852236,moyenne
BJ-84707249,Sans Networks,Télécommunications,Kandi,+229 38 22 19 94,sans.networks@outlook.com,sansnetworks.bj,TPE (<10),B2C,Google Maps,3.8,Actif,2026-06-29T00:22:54.852280,haute
BJ-A7D04B82,Câble,Télécommunications,Kandi,+229 96 38 13 32,câble@yahoo.com,câble.bj,TPE (<10),B2C,Google Maps,4.6,Actif,2026-06-29T00:22:54.852312,haute
BJ-1DAC4B23,Wireless Opérateur,Télécommunications,Kandi,+229 87 46 63 94,w.opérateur@wirelessopérate.org.bj,wirelessopérateur.bj,PME (50-200),B2B,Google Maps,4.8,Actif,2026-06-29T00:22:54.852358,haute
BJ-527758DE,Digital Vitesse Connect,Télécommunications,Kandi,+229 91 98 22 92,digitalvitesse@yahoo.fr,digitalvitesseconnect.bj,TPE (<10),B2B,Google Maps,4.1,Actif,2026-06-29T00:22:54.852396,haute
BJ-48EF75AF,Fréquence Bénin Banikoara,Télécommunications,Banikoara,+229 34 47 19 75,fréquence.bénin@outlook.com,,TPE (<10),B2C,Google Maps,4.3,Actif,2026-06-29T00:22:54.852455,moyenne
BJ-25F5C470,Fiber Fréquence Connect,Télécommunications,Banikoara,+229 54 10 29 89,fiberfréquence@fiberfréquencec.org.bj,fiberfréquenceconnect.bj,TPE (<10),B2B,Google Maps,3.8,Actif,2026-06-29T00:22:54.852491,haute
BJ-EC54C156,Spectre,Télécommunications,Banikoara,+229 35 77 18 22,spectre@gmail.com,spectre.bj,TPE (<10),B2B,Google Maps,4.6,Actif,2026-06-29T00:22:54.852537,haute
BJ-B5580C21,Satellite Haut,Télécommunications,Banikoara,+229 29 23 57 68,satellite.haut@yahoo.com,satellitehaut.bj,TPE (<10),B2B,Google Maps,4.4,Actif,2026-06-29T00:22:54.852581,haute
BJ-77A3C6E9,Réseau VoIP,Télécommunications,Banikoara,+229 67 57 13 32,,réseauvoip.bj,PME (10-50),B2C,Google Maps,4.4,Actif,2026-06-29T00:22:54.852613,moyenne
BJ-CED451D0,Internet Ségbana,Télécommunications,Ségbana,+229 24 82 63 32,internet_ségbana@hotmail.com,internetségbana.bj,TPE (<10),B2C,Google Maps,4.9,Actif,2026-06-29T00:22:54.852677,haute
BJ-05BA26E7,Satellite,Télécommunications,Ségbana,+229 61 90 53 32,satellite@satellite.com.bj,satellite.bj,TPE (<10),B2C,Google Maps,3.6,Actif,2026-06-29T00:22:54.852710,haute
BJ-D4F250F1,FAI,Télécommunications,Ségbana,+229 87 78 80 16,fai@hotmail.com,fai.bj,TPE (<10),B2B,Google Maps,4.5,Actif,2026-06-29T00:22:54.852743,haute
BJ-F3CA7827,Provider,Télécommunications,Ségbana,+229 40 13 28 31,provider@outlook.com,provider.bj,Grande (>200),B2C,Google Maps,4.0,Actif,2026-06-29T00:22:54.852774,haute
BJ-5B27923E,Vitesse SA,Télécommunications,Ségbana,+229 85 98 16 81,,vitessesa.bj,PME (10-50),B2C,Google Maps,4.6,Actif,2026-06-29T00:22:54.852805,moyenne
BJ-19516535,Fiber PBX,Télécommunications,Karimama,+229 64 60 86 86,fiber.pbx@hotmail.com,fiberpbx.bj,PME (10-50),B2B,Google Maps,3.0,Actif,2026-06-29T00:22:54.852854,haute
BJ-AD327A34,Trunk Africa Karimama,Télécommunications,Karimama,+229 77 52 83 72,t.africa@trunkafricakari.org.bj,trunkafricakarimama.bj,PME (50-200),B2B,Google Maps,4.9,Actif,2026-06-29T00:22:54.852914,haute
BJ-3D2702C0,Relais Bénin,Télécommunications,Karimama,+229 43 31 18 51,relais.bénin@relaisbénin.bj,relaisbénin.bj,Grande (>200),B2B,Google Maps,3.1,Actif,2026-06-29T00:22:54.852966,haute
BJ-E73C1CFC,Fréquence International Karimama,Télécommunications,Karimama,+229 73 30 52 37,fréquenceinternational@hotmail.com,fréquenceinternationalkarimama.bj,PME (10-50),B2C,Google Maps,4.9,Actif,2026-06-29T00:22:54.853010,haute
BJ-D9219CA1,Digital Cloud Digital Karimama,Télécommunications,Karimama,+229 35 63 25 59,digitalcloud@gmail.com,digitalclouddigitalkarimama.bj,PME (50-200),B2C,Google Maps,3.3,Actif,2026-06-29T00:22:54.853046,haute
BJ-F5972B00,Internet LTE,Télécommunications,Gogounou,+229 41 79 92 60,internetlte@internetlte.com.bj,,TPE (<10),B2B,Google Maps,4.6,Actif,2026-06-29T00:22:54.853076,moyenne
BJ-00A822AC,Coverage Groupe,Télécommunications,Gogounou,+229 94 67 47 66,coveragegroupe@yahoo.fr,coveragegroupe.bj,TPE (<10),B2C,Google Maps,3.3,Actif,2026-06-29T00:22:54.853097,haute
BJ-2A1635DD,Internet SD-WAN,Télécommunications,Gogounou,+229 40 29 19 95,internet_wan@hotmail.com,internetsdwan.bj,Grande (>200),B2C,Google Maps,3.2,Actif,2026-06-29T00:22:54.853120,haute
BJ-4DB2EDA7,Télécom Internet Telecom,Télécommunications,Gogounou,+229 30 78 72 12,,télécominternettelecom.bj,PME (50-200),B2C,Google Maps,3.7,Actif,2026-06-29T00:22:54.853137,moyenne
BJ-303081C4,Débit,Télécommunications,Gogounou,+229 46 10 46 27,débit@yahoo.fr,débit.bj,PME (10-50),B2B,Google Maps,4.6,Actif,2026-06-29T00:22:54.853153,haute
BJ-A733E341,Internet Satellite,Télécommunications,Cobly,+229 84 21 25 94,i.satellite@internetsatelli.bj,internetsatellite.bj,TPE (<10),B2C,Google Maps,4.6,Actif,2026-06-29T00:22:54.853179,haute
BJ-18CCABA4,Mobile Opérateur,Télécommunications,Cobly,+229 86 65 54 15,mobile.opérateur@mobileopérateur.com.bj,mobileopérateur.bj,TPE (<10),B2C,Google Maps,4.5,Actif,2026-06-29T00:22:54.853199,haute
BJ-C09DED37,5G,Télécommunications,Cobly,+229 88 64 27 97,5g@gmail.com,5g.bj,PME (10-50),B2B,Google Maps,3.3,Actif,2026-06-29T00:22:54.853221,haute
BJ-F8C50247,Mobile Hosted Telecom,Télécommunications,Cobly,+229 58 17 14 36,mobilehosted@yahoo.com,mobilehostedtelecom.bj,PME (10-50),B2C,Google Maps,4.1,Actif,2026-06-29T00:22:54.853241,haute
BJ-B262189C,Télécom,Télécommunications,Cobly,+229 61 71 77 97,télécom@télécom.com.bj,télécom.bj,TPE (<10),B2B,Google Maps,4.7,Actif,2026-06-29T00:22:54.853257,haute
BJ-9C4B6C64,VPN Tanguiéta,Télécommunications,Tanguiéta,+229 60 94 67 77,v.tanguiéta@outlook.com,vpntanguiéta.bj,TPE (<10),B2B,Google Maps,3.5,Actif,2026-06-29T00:22:54.853287,haute
BJ-4FAF0BF3,Coaxial Tanguiéta,Télécommunications,Tanguiéta,+229 86 92 14 16,c.tanguiéta@coaxialtanguiét.com.bj,coaxialtanguiéta.bj,PME (50-200),B2B,Google Maps,3.3,Actif,2026-06-29T00:22:54.853311,haute
BJ-C437DC76,Réseau BTS Tanguiéta,Télécommunications,Tanguiéta,+229 59 51 11 66,réseau.bts@outlook.com,réseaubtstanguiéta.bj,TPE (<10),B2B,Google Maps,3.8,Actif,2026-06-29T00:22:54.853331,haute
BJ-FDFD0D7E,Câble,Télécommunications,Tanguiéta,+229 73 24 69 69,câble@câble.com.bj,câble.bj,Grande (>200),B2B,Google Maps,4.6,Actif,2026-06-29T00:22:54.853348,haute
BJ-9632ED57,Digital ISP Matéri,Télécommunications,Matéri,+229 37 68 47 10,digital.isp@digitalispmatér.bj,digitalispmatéri.bj,TPE (<10),B2B,Google Maps,4.8,Actif,2026-06-29T00:22:54.853388,haute
BJ-8DB7368C,Télécom Spectre,Télécommunications,Matéri,+229 45 59 98 12,télécomspectre@yahoo.fr,télécomspectre.bj,PME (50-200),B2C,Google Maps,4.6,Actif,2026-06-29T00:22:54.853407,haute
BJ-17C30599,Connect Trunk SA,Télécommunications,Matéri,+229 99 62 95 81,connect_trunk@connecttrunksa.bj,connecttrunksa.bj,PME (10-50),B2B,Google Maps,3.4,Actif,2026-06-29T00:22:54.853449,haute
BJ-91797D7A,Internet 4G Groupe,Télécommunications,Matéri,+229 52 80 66 81,internet.groupe@internet4ggroup.com.bj,internet4ggroupe.bj,PME (10-50),B2B,Google Maps,4.5,Actif,2026-06-29T00:22:54.853471,haute
BJ-10ACF710,Fiber SA,Télécommunications,Natitingou,+229 64 91 26 42,fiber@outlook.com,fibersa.bj,PME (50-200),B2B,Google Maps,4.0,Actif,2026-06-29T00:22:54.853494,haute
BJ-B991605C,Mobile BTS,Télécommunications,Natitingou,+229 80 94 51 34,mobilebts@mobilebts.com.bj,mobilebts.bj,PME (50-200),B2C,Google Maps,3.1,Actif,2026-06-29T00:22:54.853513,haute
BJ-1421C88E,5G,Télécommunications,Natitingou,+229 79 83 16 79,5g@5g.org.bj,5g.bj,TPE (<10),B2C,Google Maps,3.0,Actif,2026-06-29T00:22:54.853529,haute
BJ-45F2C35D,Internet Câble,Télécommunications,Natitingou,+229 23 92 25 49,internetcâble@outlook.com,internetcâble.bj,PME (10-50),B2C,Google Maps,3.4,Actif,2026-06-29T00:22:54.853548,haute
BJ-99AFF3BD,Spectre Digital,Télécommunications,Toucountouna,+229 98 40 43 90,spectre.digital@spectredigital.com.bj,spectredigital.bj,Grande (>200),B2B,Google Maps,4.7,Actif,2026-06-29T00:22:54.853587,haute
BJ-C94F1CA7,Satellite Antenne Connect,Télécommunications,Toucountouna,+229 50 77 72 95,satellite_antenne@satelliteantenn.com.bj,satelliteantenneconnect.bj,PME (50-200),B2C,Google Maps,4.1,Actif,2026-06-29T00:22:54.853606,haute
BJ-B1855B3F,Fiber Relais SARL,Télécommunications,Toucountouna,+229 32 13 94 26,fiber.relais@fiberrelaissarl.com.bj,fiberrelaissarl.bj,PME (50-200),B2C,Google Maps,4.5,Actif,2026-06-29T00:22:54.853626,haute
BJ-4BC007B0,Bandwidth Africa Toucountouna,Télécommunications,Toucountouna,+229 70 15 75 54,bandwidthafrica@outlook.com,bandwidthafricatoucountouna.bj,TPE (<10),B2B,Google Maps,3.2,Actif,2026-06-29T00:22:54.853644,haute
BJ-56CA9B10,Satellite SA,Télécommunications,Toucountouna,+229 71 45 79 40,satellite@satellitesa.bj,satellitesa.bj,PME (10-50),B2B,Google Maps,4.6,Actif,2026-06-29T00:22:54.853660,haute
BJ-8B9CCB7A,Débit,Télécommunications,Boukoumbé,+229 95 58 47 45,débit@débit.org.bj,débit.bj,PME (50-200),B2B,Google Maps,3.8,Actif,2026-06-29T00:22:54.853685,haute
BJ-5A52C514,Satellite,Télécommunications,Boukoumbé,+229 25 46 92 17,satellite@satellite.org.bj,,PME (50-200),B2C,Google Maps,4.2,Actif,2026-06-29T00:22:54.853701,moyenne
BJ-242A8FFB,Tech Boukoumbé,Télécommunications,Boukoumbé,+229 98 38 35 55,t.boukoumbé@techboukoumbé.bj,techboukoumbé.bj,TPE (<10),B2C,Google Maps,3.8,Actif,2026-06-29T00:22:54.853721,haute
BJ-D5374E1C,Télécom Networks Boukoumbé,Télécommunications,Boukoumbé,+229 20 85 60 64,télécomnetworks@yahoo.com,,TPE (<10),B2C,Google Maps,3.8,Actif,2026-06-29T00:22:54.853739,moyenne
BJ-6B790331,BTS,Télécommunications,Boukoumbé,+229 71 13 24 19,bts@yahoo.com,bts.bj,PME (10-50),B2C,Google Maps,4.8,Actif,2026-06-29T00:22:54.853755,haute
BJ-A6C70991,Fil,Télécommunications,Kouandé,+229 50 92 78 14,fil@outlook.com,fil.bj,Grande (>200),B2B,Google Maps,4.9,Actif,2026-06-29T00:22:54.853777,haute
BJ-2FFB3E5B,Internet,Télécommunications,Kouandé,+229 44 98 99 41,internet@gmail.com,internet.bj,PME (50-200),B2B,Google Maps,3.3,Actif,2026-06-29T00:22:54.853829,haute
BJ-C3C7A59D,Réseau VoIP Kouandé,Télécommunications,Kouandé,+229 84 14 96 97,réseauvoip@yahoo.com,réseauvoipkouandé.bj,PME (10-50),B2B,Google Maps,3.7,Actif,2026-06-29T00:22:54.853848,haute
BJ-7C15D263,Couverture,Télécommunications,Péhunco,+229 20 83 84 85,couverture@hotmail.com,couverture.bj,PME (10-50),B2C,Google Maps,3.8,Actif,2026-06-29T00:22:54.853871,haute
BJ-1DD76B98,Fil Telecom,Télécommunications,Péhunco,+229 36 71 46 35,f.telecom@yahoo.fr,filtelecom.bj,PME (10-50),B2C,Google Maps,4.6,Actif,2026-06-29T00:22:54.853887,haute
BJ-8AE2B6F1,Digital Couverture,Télécommunications,Péhunco,+229 88 23 45 67,digitalcouverture@outlook.com,digitalcouverture.bj,TPE (<10),B2B,Google Maps,3.2,Actif,2026-06-29T00:22:54.853945,haute
BJ-487CC027,Digital 4G International,Télécommunications,Péhunco,+229 56 54 72 89,digital_international@outlook.com,digital4ginternational.bj,PME (50-200),B2C,Google Maps,3.2,Actif,2026-06-29T00:22:54.853965,haute
BJ-FB244BF7,Réseau Ping Péhunco,Télécommunications,Péhunco,+229 91 35 74 49,réseauping@yahoo.fr,réseaupingpéhunco.bj,TPE (<10),B2B,Google Maps,4.7,Actif,2026-06-29T00:22:54.853983,haute
BJ-BE1F0EEE,ISP Africa,Télécommunications,Tchaourou,+229 38 35 25 66,isp.africa@ispafrica.org.bj,ispafrica.bj,PME (10-50),B2B,Google Maps,3.4,Actif,2026-06-29T00:22:54.854013,haute
BJ-862BF25D,MPLS,Télécommunications,Tchaourou,+229 50 33 36 74,mpls@hotmail.com,mpls.bj,TPE (<10),B2B,Google Maps,3.1,Actif,2026-06-29T00:22:54.854030,haute
BJ-4B325166,Connect ISP Digital,Télécommunications,Tchaourou,+229 47 92 92 36,connectisp@connectispdigit.com.bj,connectispdigital.bj,PME (50-200),B2B,Google Maps,3.9,Actif,2026-06-29T00:22:54.854056,haute
BJ-290D8383,Internet Satellite,Télécommunications,Tchaourou,+229 69 82 49 89,i.satellite@internetsatelli.com.bj,,PME (50-200),B2C,Google Maps,4.5,Actif,2026-06-29T00:22:54.854077,moyenne
BJ-FFE562CD,Ping Connect,Télécommunications,Tchaourou,+229 42 94 78 14,ping.connect@pingconnect.com.bj,pingconnect.bj,TPE (<10),B2C,Google Maps,3.3,Actif,2026-06-29T00:22:54.854094,haute
BJ-EB22E91E,Mobile Couverture,Télécommunications,Nikki,+229 48 23 47 17,mobilecouverture@yahoo.fr,mobilecouverture.bj,PME (50-200),B2B,Google Maps,4.1,Actif,2026-06-29T00:22:54.854118,haute
BJ-EF0C77BD,Télécom Connect,Télécommunications,Nikki,+229 42 62 91 80,télécom.connect@hotmail.com,télécomconnect.bj,TPE (<10),B2B,Google Maps,4.2,Actif,2026-06-29T00:22:54.854173,haute
BJ-E249A5BA,Internet Ping Nikki,Télécommunications,Nikki,+229 36 28 58 96,i.ping@outlook.com,internetpingnikki.bj,PME (10-50),B2C,Google Maps,4.9,Actif,2026-06-29T00:22:54.854190,haute
BJ-4ABF81B5,MPLS International,Télécommunications,Bembéréké,+229 63 78 62 19,m.international@yahoo.fr,mplsinternational.bj,PME (10-50),B2B,Google Maps,3.1,Actif,2026-06-29T00:22:54.854213,haute
BJ-605CBD4F,Digital Data,Télécommunications,Bembéréké,+229 87 19 28 71,d.data@yahoo.com,digitaldata.bj,TPE (<10),B2B,Google Maps,3.8,Actif,2026-06-29T00:22:54.854232,haute
BJ-A4ED146E,Télécom Trunk International,Télécommunications,Bembéréké,+229 54 59 98 90,,télécomtrunkinternational.bj,TPE (<10),B2C,Google Maps,4.2,Actif,2026-06-29T00:22:54.854254,moyenne
BJ-6A2E1385,Satellite BTS Africa,Télécommunications,Bembéréké,+229 87 37 18 71,s.bts@hotmail.com,satellitebtsafrica.bj,TPE (<10),B2B,Google Maps,3.6,Actif,2026-06-29T00:22:54.854273,haute
BJ-36EC0FE9,Réseau Coverage Bénin,Télécommunications,Bembéréké,+229 48 99 96 16,réseau.coverage@yahoo.fr,réseaucoveragebénin.bj,PME (50-200),B2B,Google Maps,4.3,Actif,2026-06-29T00:22:54.854292,haute
BJ-F7B38A0E,Satellite SD-WAN Groupe,Télécommunications,Kalalé,+229 91 34 63 92,satellitewan@hotmail.com,satellitesdwangroupe.bj,PME (10-50),B2B,Google Maps,4.7,Actif,2026-06-29T00:22:54.854317,haute
BJ-2A54DA64,Satellite Voice Connect Kalalé,Télécommunications,Kalalé,+229 90 85 27 10,satellite.voice@gmail.com,satellitevoiceconnectkalalé.bj,PME (50-200),B2C,Google Maps,4.0,Actif,2026-06-29T00:22:54.854336,haute
BJ-D5549310,Satellite Antenne Kalalé,Télécommunications,Kalalé,+229 89 99 45 17,satellite.antenne@satelliteantenn.com.bj,satelliteantennekalalé.bj,TPE (<10),B2B,Google Maps,4.3,Actif,2026-06-29T00:22:54.854359,haute
BJ-1C0C8CDA,Radio Networks Kalalé,Télécommunications,Kalalé,+229 70 14 59 49,radionetworks@radionetworkska.org.bj,radionetworkskalalé.bj,PME (10-50),B2B,Google Maps,4.5,Actif,2026-06-29T00:22:54.854378,haute
BJ-701C99B4,Télécom Connect SA,Télécommunications,Kalalé,+229 65 97 41 40,t.connect@télécomconnects.org.bj,télécomconnectsa.bj,PME (10-50),B2C,Google Maps,3.8,Actif,2026-06-29T00:22:54.854397,haute
BJ-B86168B4,Débit,Télécommunications,Ndali,+229 47 29 65 67,débit@hotmail.com,débit.bj,TPE (<10),B2B,Google Maps,3.1,Actif,2026-06-29T00:22:54.854420,haute
BJ-DDF92F47,Fiber Provider,Télécommunications,Ndali,+229 27 75 21 13,f.provider@fiberprovider.com.bj,fiberprovider.bj,PME (50-200),B2B,Google Maps,4.8,Actif,2026-06-29T00:22:54.854438,haute
BJ-554C96E8,Télécom Tech Networks,Télécommunications,Ndali,+229 80 39 89 79,télécom.tech@gmail.com,télécomtechnetworks.bj,PME (10-50),B2C,Google Maps,3.2,Actif,2026-06-29T00:22:54.854459,haute
BJ-E6450DAA,MPLS,Télécommunications,Ndali,+229 93 32 31 57,mpls@mpls.com.bj,mpls.bj,TPE (<10),B2B,Google Maps,3.5,Actif,2026-06-29T00:22:54.854475,haute
BJ-D85F2DF5,Internet Radio,Télécommunications,Ndali,+229 82 30 12 21,internetradio@hotmail.com,internetradio.bj,TPE (<10),B2B,Google Maps,4.4,Actif,2026-06-29T00:22:54.854491,haute
BJ-1684E7E4,Satellite Internet Telecom Ségbana,Télécommunications,Ségbana,+229 48 94 64 58,satellite.internet@yahoo.com,satelliteinternettelecomségbana.bj,PME (10-50),B2B,Google Maps,3.6,Actif,2026-06-29T00:22:54.854517,haute
BJ-BF988BB9,Coaxial,Télécommunications,Ségbana,+229 62 41 34 10,coaxial@coaxial.org.bj,,PME (10-50),B2C,Google Maps,3.4,Actif,2026-06-29T00:22:54.854548,moyenne
BJ-6A55170C,Réseau Ping,Télécommunications,Ségbana,+229 93 61 69 93,réseau.ping@yahoo.com,réseauping.bj,TPE (<10),B2C,Google Maps,4.8,Actif,2026-06-29T00:22:54.854570,haute
BJ-F276A07E,Satellite Mobile,Télécommunications,Ségbana,+229 70 79 16 65,s.mobile@satellitemobile.bj,satellitemobile.bj,PME (10-50),B2B,Google Maps,3.8,Actif,2026-06-29T00:22:54.854587,haute
BJ-0CAB5554,Réseau Coverage Networks Tchaourou,Télécommunications,Tchaourou,+229 94 24 73 55,réseaucoverage@yahoo.com,réseaucoveragenetworkstchaourou.bj,PME (10-50),B2B,Google Maps,4.7,Actif,2026-06-29T00:22:54.854613,haute
BJ-2C3D88F7,Optique Tchaourou,Télécommunications,Tchaourou,+229 54 70 52 42,optiquetchaourou@optiquetchaouro.org.bj,optiquetchaourou.bj,TPE (<10),B2B,Google Maps,4.0,Actif,2026-06-29T00:22:54.854632,haute
BJ-0AEA4A30,Digital SIP,Télécommunications,Tchaourou,+229 68 54 87 60,d.sip@yahoo.com,digitalsip.bj,PME (10-50),B2B,Google Maps,4.8,Actif,2026-06-29T00:22:54.854652,haute
BJ-13C67812,Mobile Mobile Tchaourou,Télécommunications,Tchaourou,+229 80 89 74 67,m.mobile@mobilemobiletch.bj,mobilemobiletchaourou.bj,PME (10-50),B2C,Google Maps,4.1,Actif,2026-06-29T00:22:54.854672,haute
BJ-ACF5D724,Câble,Télécommunications,Tchaourou,+229 52 27 33 22,câble@câble.bj,câble.bj,PME (50-200),B2B,Google Maps,3.4,Actif,2026-06-29T00:22:54.854689,haute
BJ-EF03C81E,Digital Groupe,Télécommunications,Bétérou,+229 85 11 66 50,d.groupe@outlook.com,digitalgroupe.bj,PME (10-50),B2B,Google Maps,3.8,Actif,2026-06-29T00:22:54.854712,haute
BJ-0A927210,Antenne SARL,Télécommunications,Bétérou,+229 48 51 15 62,antenne.sarl@gmail.com,antennesarl.bj,PME (50-200),B2B,Google Maps,3.6,Actif,2026-06-29T00:22:54.854729,haute
BJ-6CE81B0C,Sans SA Bétérou,Télécommunications,Bétérou,+229 36 24 10 20,sans.bétérou@sanssabétérou.bj,sanssabétérou.bj,PME (50-200),B2C,Google Maps,3.5,Actif,2026-06-29T00:22:54.854748,haute
BJ-E12AAF2E,Réseau,Télécommunications,Bétérou,+229 32 61 50 55,réseau@réseau.bj,réseau.bj,PME (50-200),B2C,Google Maps,4.3,Actif,2026-06-29T00:22:54.854764,haute
BJ-26C9A80B,VPN,Télécommunications,Bétérou,+229 72 11 83 32,vpn@vpn.com.bj,vpn.bj,TPE (<10),B2B,Google Maps,3.0,Actif,2026-06-29T00:22:54.854780,haute
BJ-0DF6495B,Fréquence Ouessè,Télécommunications,Ouessè,+229 71 57 23 39,fréquence.ouessè@fréquenceouessè.bj,fréquenceouessè.bj,TPE (<10),B2B,Google Maps,4.2,Actif,2026-06-29T00:22:54.854807,haute
BJ-B8C4B815,Digital Fiber Bénin,Télécommunications,Ouessè,+229 43 71 19 47,digitalfiber@yahoo.com,digitalfiberbénin.bj,PME (10-50),B2B,Google Maps,3.6,Actif,2026-06-29T00:22:54.854826,haute
BJ-EF429BE3,Digital Optique International Ouessè,Télécommunications,Ouessè,+229 58 23 24 38,digital.optique@yahoo.fr,digitaloptiqueinternationalouessè.bj,PME (50-200),B2C,Google Maps,4.0,Actif,2026-06-29T00:22:54.854848,haute
BJ-069DD3E0,ISP Digital,Télécommunications,Ouessè,+229 79 61 67 17,i.digital@hotmail.com,ispdigital.bj,PME (50-200),B2C,Google Maps,4.2,Actif,2026-06-29T00:22:54.854869,haute
BJ-0CF07654,Connect Câble Bénin,Télécommunications,Ouessè,+229 69 63 59 77,c.câble@connectcâblebén.com.bj,connectcâblebénin.bj,PME (50-200),B2B,Google Maps,3.0,Actif,2026-06-29T00:22:54.854898,haute
BJ-3DD0FA04,Centrex,Télécommunications,Glazoué,+229 43 33 58 11,centrex@centrex.com.bj,centrex.bj,TPE (<10),B2C,Google Maps,4.2,Actif,2026-06-29T00:22:54.854923,haute
BJ-F4784088,Satellite 5G Africa Glazoué,Télécommunications,Glazoué,+229 84 62 22 69,satellite.africa@gmail.com,satellite5gafricaglazoué.bj,TPE (<10),B2B,Google Maps,3.6,Actif,2026-06-29T00:22:54.854943,haute
BJ-099AA676,Coverage Connect Glazoué,Télécommunications,Glazoué,+229 34 94 33 13,coverageconnect@coverageconnect.com.bj,coverageconnectglazoué.bj,Grande (>200),B2C,Google Maps,3.7,Actif,2026-06-29T00:22:54.854961,haute
BJ-0542A110,SD-WAN Bénin,Télécommunications,Glazoué,+229 49 88 33 97,wan.bénin@sdwanbénin.com.bj,sdwanbénin.bj,PME (50-200),B2C,Google Maps,4.1,Actif,2026-06-29T00:22:54.854980,haute
BJ-5410E75B,Satellite Ping SA,Télécommunications,Glazoué,+229 50 23 82 46,s.ping@gmail.com,satellitepingsa.bj,PME (50-200),B2C,Google Maps,4.1,Actif,2026-06-29T00:22:54.855002,haute
BJ-DA626B00,BTS,Télécommunications,Dassa-Zoumè,+229 90 18 87 82,bts@bts.bj,bts.bj,TPE (<10),B2B,Google Maps,4.9,Actif,2026-06-29T00:22:54.855024,haute
BJ-E049777D,Internet Fiber Africa Dassa-Zoumè,Télécommunications,Dassa-Zoumè,+229 33 30 23 87,internetfiber@yahoo.fr,internetfiberafricadassazoumè.bj,Grande (>200),B2C,Google Maps,3.8,Actif,2026-06-29T00:22:54.855044,haute
BJ-DF5E1CF2,4G SA,Télécommunications,Dassa-Zoumè,+229 46 83 41 41,4gsa@4gsa.org.bj,4gsa.bj,TPE (<10),B2B,Google Maps,3.3,Actif,2026-06-29T00:22:54.855064,haute
BJ-32BA4580,Connect BTS International Dassa-Zoumè,Télécommunications,Dassa-Zoumè,+229 85 66 43 75,connectbts@hotmail.com,connectbtsinternationaldassazoumè.bj,TPE (<10),B2B,Google Maps,4.5,Actif,2026-06-29T00:22:54.855084,haute
BJ-C8E4123F,Réseau Wireless Connect Dassa-Zoumè,Télécommunications,Dassa-Zoumè,+229 22 21 75 56,r.wireless@yahoo.fr,réseauwirelessconnectdassazoumè.bj,TPE (<10),B2B,Google Maps,3.1,Actif,2026-06-29T00:22:54.855107,haute
BJ-76AA5F42,Réseau Centrex Savalou,Télécommunications,Savalou,+229 51 80 29 40,,réseaucentrexsavalou.bj,PME (50-200),B2B,Google Maps,3.2,Actif,2026-06-29T00:22:54.855128,moyenne
BJ-81224FEE,Télécom MPLS,Télécommunications,Savalou,+229 84 78 17 29,télécom.mpls@télécommpls.bj,télécommpls.bj,Grande (>200),B2C,Google Maps,4.6,Actif,2026-06-29T00:22:54.855148,haute
BJ-E8C6ADFF,Wireless Cloud,Télécommunications,Savalou,+229 61 87 83 61,w.cloud@yahoo.fr,wirelesscloud.bj,TPE (<10),B2C,Google Maps,4.2,Actif,2026-06-29T00:22:54.855166,haute
BJ-0262A8C4,Internet Fil,Télécommunications,Savalou,+229 55 25 73 95,i.fil@internetfil.com.bj,internetfil.bj,PME (10-50),B2B,Google Maps,4.0,Actif,2026-06-29T00:22:54.855182,haute
BJ-DD8CCCE2,Trunk,Télécommunications,Savalou,+229 72 48 59 21,,trunk.bj,TPE (<10),B2C,Google Maps,4.5,Actif,2026-06-29T00:22:54.855195,moyenne
BJ-3CAAF9DC,Latence,Télécommunications,Bantè,+229 83 38 92 19,latence@latence.org.bj,latence.bj,Grande (>200),B2C,Google Maps,4.6,Actif,2026-06-29T00:22:54.855216,haute
BJ-96E8BA33,Internet SARL,Télécommunications,Bantè,+229 85 52 73 42,internet_sarl@internetsarl.com.bj,,PME (50-200),B2C,Google Maps,4.2,Actif,2026-06-29T00:22:54.855233,moyenne
BJ-47F64EBB,Mobile Opérateur Africa,Télécommunications,Bantè,+229 94 96 74 90,mobileopérateur@mobileopérateur.bj,mobileopérateurafrica.bj,TPE (<10),B2B,Google Maps,3.1,Actif,2026-06-29T00:22:54.855256,haute
BJ-CA1D9CF4,Wireless Fil Africa,Télécommunications,Bantè,+229 29 56 27 70,wirelessfil@yahoo.com,wirelessfilafrica.bj,TPE (<10),B2B,Google Maps,5.0,Actif,2026-06-29T00:22:54.855279,haute
BJ-34BE01BB,PBX,Télécommunications,Bantè,+229 58 63 13 98,pbx@gmail.com,pbx.bj,TPE (<10),B2C,Google Maps,3.5,Actif,2026-06-29T00:22:54.855294,haute
BJ-DDB0F4C6,Satellite Bandwidth,Télécommunications,Djougou,+229 48 87 99 69,satellite.bandwidth@outlook.com,satellitebandwidth.bj,PME (10-50),B2C,Google Maps,4.8,Actif,2026-06-29T00:22:54.855318,haute
BJ-AEBBEF95,SD-WAN Africa,Télécommunications,Djougou,+229 34 28 97 33,,sdwanafrica.bj,PME (10-50),B2B,Google Maps,3.6,Actif,2026-06-29T00:22:54.855332,moyenne
BJ-16415C4F,Fiber Connect,Télécommunications,Djougou,+229 75 29 46 82,f.connect@yahoo.com,fiberconnect.bj,PME (10-50),B2B,Google Maps,4.6,Actif,2026-06-29T00:22:54.855349,haute
BJ-E0CA5D97,4G Telecom,Télécommunications,Djougou,+229 85 75 79 22,telecom@4gtelecom.org.bj,4gtelecom.bj,PME (10-50),B2C,Google Maps,3.8,Actif,2026-06-29T00:22:54.855364,haute
BJ-B28F4560,Satellite Wireless Connect,Télécommunications,Djougou,+229 74 76 16 57,satellite.wireless@yahoo.fr,satellitewirelessconnect.bj,PME (50-200),B2C,Google Maps,4.3,Actif,2026-06-29T00:22:54.855381,haute
BJ-0C13521D,ISP,Télécommunications,Ouèssè,+229 93 56 78 76,isp@outlook.com,isp.bj,TPE (<10),B2B,Google Maps,4.5,Actif,2026-06-29T00:22:54.855404,haute
BJ-6A098C84,Coverage Ouèssè,Télécommunications,Ouèssè,+229 68 79 80 18,c.ouèssè@gmail.com,coverageouèssè.bj,PME (50-200),B2C,Google Maps,4.4,Actif,2026-06-29T00:22:54.855423,haute
BJ-FEA0C392,Connect Fréquence,Télécommunications,Ouèssè,+229 62 71 41 29,c.fréquence@yahoo.fr,,TPE (<10),B2C,Google Maps,4.4,Actif,2026-06-29T00:22:54.855444,moyenne
BJ-1080E415,Fiber Groupe Ouèssè,Télécommunications,Ouèssè,+229 58 43 80 38,f.groupe@outlook.com,,TPE (<10),B2B,Google Maps,4.3,Actif,2026-06-29T00:22:54.855462,moyenne
BJ-483E0BF0,Digital Spectre Telecom,Télécommunications,Ouèssè,+229 32 74 97 39,d.spectre@digitalspectret.com.bj,,PME (50-200),B2C,Google Maps,3.4,Actif,2026-06-29T00:22:54.855479,moyenne
BJ-45E13F40,Satellite 5G,Télécommunications,Bassila,+229 53 37 83 65,satellite@satellite5g.bj,,PME (50-200),B2C,Google Maps,3.3,Actif,2026-06-29T00:22:54.855502,moyenne
BJ-E0F0236F,Digital Fiber Digital,Télécommunications,Bassila,+229 23 59 32 81,d.fiber@digitalfiberdig.bj,digitalfiberdigital.bj,PME (10-50),B2B,Google Maps,3.4,Actif,2026-06-29T00:22:54.855519,haute
BJ-D0F222B0,Vitesse,Télécommunications,Bassila,+229 67 68 59 15,vitesse@vitesse.com.bj,vitesse.bj,PME (10-50),B2C,Google Maps,3.4,Actif,2026-06-29T00:22:54.855538,haute
BJ-C31EF367,Télécom Mobile,Télécommunications,Bassila,+229 79 34 92 35,t.mobile@hotmail.com,,TPE (<10),B2C,Google Maps,3.8,Actif,2026-06-29T00:22:54.855560,moyenne
BJ-81F4DB0E,Latence Digital Bassila,Télécommunications,Bassila,+229 64 56 35 32,latencedigital@yahoo.fr,latencedigitalbassila.bj,TPE (<10),B2B,Google Maps,3.2,Actif,2026-06-29T00:22:54.855577,haute
BJ-5DE8D786,Satellite,Télécommunications,Pehunco,+229 34 46 41 10,satellite@gmail.com,satellite.bj,Grande (>200),B2B,Google Maps,3.2,Actif,2026-06-29T00:22:54.855599,haute
BJ-1CAA87D3,Digital Communication Pehunco,Télécommunications,Pehunco,+229 33 92 91 56,digitalcommunication@gmail.com,digitalcommunicationpehunco.bj,TPE (<10),B2C,Google Maps,4.0,Actif,2026-06-29T00:22:54.855617,haute
BJ-DCB451AD,Data Connect Pehunco,Télécommunications,Pehunco,+229 56 87 42 30,d.connect@dataconnectpehu.bj,dataconnectpehunco.bj,TPE (<10),B2C,Google Maps,3.4,Actif,2026-06-29T00:22:54.855642,haute
BJ-3F96F726,Satellite SD-WAN Groupe Pehunco,Télécommunications,Pehunco,+229 60 48 25 11,satellite.wan@outlook.com,satellitesdwangroupepehunco.bj,PME (50-200),B2C,Google Maps,3.3,Actif,2026-06-29T00:22:54.855661,haute
BJ-3671B88E,Trunk Networks Pehunco,Télécommunications,Pehunco,+229 61 61 94 88,trunk.networks@trunknetworkspe.bj,trunknetworkspehunco.bj,TPE (<10),B2C,Google Maps,5.0,Actif,2026-06-29T00:22:54.855678,haute
BJ-C691E7B1,Mobile Data,Télécommunications,Copargo,+229 90 22 70 65,m.data@outlook.com,mobiledata.bj,PME (50-200),B2B,Google Maps,4.0,Actif,2026-06-29T00:22:54.855701,haute
BJ-F30DE3E3,FAI Copargo,Télécommunications,Copargo,+229 56 91 34 52,faicopargo@yahoo.fr,faicopargo.bj,TPE (<10),B2C,Google Maps,3.7,Actif,2026-06-29T00:22:54.855718,haute
BJ-88D1E2E8,Fil Telecom,Télécommunications,Copargo,+229 85 61 27 22,f.telecom@hotmail.com,,PME (10-50),B2C,Google Maps,4.5,Actif,2026-06-29T00:22:54.855734,moyenne
BJ-5EF3AA58,Télécom Digital International,Télécommunications,Copargo,+229 61 19 72 99,télécomdigital@yahoo.fr,télécomdigitalinternational.bj,TPE (<10),B2B,Google Maps,4.1,Actif,2026-06-29T00:22:54.855753,haute
BJ-462E3397,Internet Coaxial SARL,Télécommunications,Copargo,+229 37 29 91 56,internet.coaxial@outlook.com,internetcoaxialsarl.bj,TPE (<10),B2C,Google Maps,4.6,Actif,2026-06-29T00:22:54.855773,haute
BJ-C8C01EAD,Domaine Millet,Agriculture & Agroalimentaire,Cotonou,+229 21 98 13 69,d.millet@outlook.com,domainemillet.bj,PME (10-50),B2C,Google Maps,3.2,Actif,2026-06-29T00:22:54.855798,haute
BJ-21F74878,Mangue,Agriculture & Agroalimentaire,Cotonou,+229 50 42 76 13,mangue@outlook.com,,TPE (<10),B2B,Google Maps,3.6,Actif,2026-06-29T00:22:54.855813,moyenne
BJ-D1A0E2CA,Plantation Porc Production,Agriculture & Agroalimentaire,Cotonou,+229 78 60 38 26,plantationporc@yahoo.com,,TPE (<10),B2B,Google Maps,3.7,Actif,2026-06-29T00:22:54.855846,moyenne
BJ-AD513E5B,Agro Taro Production,Agriculture & Agroalimentaire,Cotonou,+229 60 90 60 44,a.taro@yahoo.fr,agrotaroproduction.bj,TPE (<10),B2C,Google Maps,4.5,Actif,2026-06-29T00:22:54.855861,haute
BJ-7FE57936,Igname Agro,Agriculture & Agroalimentaire,Abomey-Calavi,+229 27 71 29 90,,ignameagro.bj,PME (10-50),B2C,Google Maps,5.0,Actif,2026-06-29T00:22:54.855884,moyenne
BJ-740FE82A,Domaine Ferme,Agriculture & Agroalimentaire,Abomey-Calavi,+229 82 28 15 85,domaine.ferme@domaineferme.com.bj,domaineferme.bj,PME (50-200),B2B,Google Maps,3.4,Actif,2026-06-29T00:22:54.855930,haute
BJ-A8E11138,Coopérative Élevage Abomey-Calavi,Agriculture & Agroalimentaire,Abomey-Calavi,+229 28 48 63 56,coopérativeélevage@coopérativeélev.org.bj,coopérativeélevageabomeycalavi.bj,TPE (<10),B2C,Google Maps,3.2,Actif,2026-06-29T00:22:54.855951,haute
BJ-7E79BA0D,Agro Riz Farm,Agriculture & Agroalimentaire,Abomey-Calavi,+229 24 94 51 77,agro.riz@agrorizfarm.org.bj,agrorizfarm.bj,TPE (<10),B2C,Google Maps,4.1,Actif,2026-06-29T00:22:54.855969,haute
BJ-FE5F3237,Plantation Millet,Agriculture & Agroalimentaire,Porto-Novo,+229 90 56 83 44,p.millet@plantationmille.com.bj,,Grande (>200),B2C,Google Maps,4.2,Actif,2026-06-29T00:22:54.855992,moyenne
BJ-732EC79D,Millet Production,Agriculture & Agroalimentaire,Porto-Novo,+229 31 39 96 88,m.production@milletproductio.org.bj,milletproduction.bj,TPE (<10),B2C,Google Maps,4.2,Actif,2026-06-29T00:22:54.856009,haute
BJ-DEB801C5,Agro Fromage,Agriculture & Agroalimentaire,Porto-Novo,+229 36 71 31 16,agrofromage@agrofromage.org.bj,agrofromage.bj,TPE (<10),B2C,Google Maps,3.8,Actif,2026-06-29T00:22:54.856029,haute
BJ-9D6E5479,Ets Oignon Groupe,Agriculture & Agroalimentaire,Porto-Novo,+229 87 14 15 66,,,TPE (<10),B2B,Google Maps,4.8,Actif,2026-06-29T00:22:54.856045,basse
BJ-D0F27325,Agro Œuf Ets,Agriculture & Agroalimentaire,Porto-Novo,+229 40 29 42 37,agro_œuf@agroœufets.bj,agroœufets.bj,TPE (<10),B2C,Google Maps,3.8,Actif,2026-06-29T00:22:54.856074,haute
BJ-A9BD14FC,Groupe Porc,Agriculture & Agroalimentaire,Parakou,+229 37 64 44 52,g.porc@outlook.com,groupeporc.bj,PME (10-50),B2C,Google Maps,4.5,Actif,2026-06-29T00:22:54.856098,haute
BJ-7FD9FEB6,Exploitation Chèvre,Agriculture & Agroalimentaire,Parakou,+229 78 91 65 56,exploitationchèvre@outlook.com,,TPE (<10),B2C,Google Maps,3.7,Actif,2026-06-29T00:22:54.856116,moyenne
BJ-7C006F9F,Lait,Agriculture & Agroalimentaire,Parakou,+229 55 52 34 37,lait@lait.org.bj,,TPE (<10),B2B,Google Maps,3.9,Actif,2026-06-29T00:22:54.856132,moyenne
BJ-AC481D7F,Palme,Agriculture & Agroalimentaire,Parakou,+229 27 35 18 79,,palme.bj,Grande (>200),B2C,Google Maps,4.2,Actif,2026-06-29T00:22:54.856145,moyenne
BJ-C5852CE7,Oignon SARL,Agriculture & Agroalimentaire,Bohicon,+229 48 56 28 53,o.sarl@yahoo.fr,,TPE (<10),B2C,Google Maps,4.9,Actif,2026-06-29T00:22:54.856183,moyenne
BJ-A7F705B4,Semence Bohicon,Agriculture & Agroalimentaire,Bohicon,+229 98 82 26 54,semencebohicon@outlook.com,semencebohicon.bj,PME (50-200),B2C,Google Maps,4.4,Actif,2026-06-29T00:22:54.856200,haute
BJ-73470149,Ferme Pesticide Agro,Agriculture & Agroalimentaire,Bohicon,+229 23 20 30 96,,fermepesticideagro.bj,PME (10-50),B2B,Google Maps,3.8,Actif,2026-06-29T00:22:54.856217,moyenne
BJ-B5C688AA,Piment Bohicon,Agriculture & Agroalimentaire,Bohicon,+229 86 23 84 25,pimentbohicon@yahoo.fr,pimentbohicon.bj,TPE (<10),B2C,Google Maps,4.1,Actif,2026-06-29T00:22:54.856234,haute
BJ-32D11B22,Bétail Groupe Bohicon,Agriculture & Agroalimentaire,Bohicon,+229 43 74 65 51,bétailgroupe@bétailgroupeboh.org.bj,,PME (10-50),B2B,Google Maps,4.5,Actif,2026-06-29T00:22:54.856256,moyenne
BJ-72BA9416,Patate,Agriculture & Agroalimentaire,Natitingou,+229 92 49 60 59,patate@patate.org.bj,,TPE (<10),B2C,Google Maps,3.6,Actif,2026-06-29T00:22:54.856279,moyenne
BJ-092A87DA,Piment Bénin,Agriculture & Agroalimentaire,Natitingou,+229 70 81 73 94,piment_bénin@pimentbénin.bj,,PME (10-50),B2C,Google Maps,4.7,Actif,2026-06-29T00:22:54.856298,moyenne
BJ-6CE01638,Ferme Transformation,Agriculture & Agroalimentaire,Natitingou,+229 57 65 67 37,ferme.transformation@fermetransforma.org.bj,fermetransformation.bj,Grande (>200),B2B,Google Maps,3.3,Actif,2026-06-29T00:22:54.856315,haute
BJ-F8142FFC,Production Mouton Bénin,Agriculture & Agroalimentaire,Natitingou,+229 44 39 80 41,,productionmoutonbénin.bj,Grande (>200),B2B,Google Maps,3.8,Actif,2026-06-29T00:22:54.856352,moyenne
BJ-BB3F1C28,Palme SARL,Agriculture & Agroalimentaire,Lokossa,+229 34 30 63 61,palmesarl@palmesarl.bj,palmesarl.bj,Grande (>200),B2B,Google Maps,3.8,Actif,2026-06-29T00:22:54.856377,haute
BJ-450D1E27,Plantation Production,Agriculture & Agroalimentaire,Lokossa,+229 60 31 35 67,,,TPE (<10),B2B,Google Maps,3.9,Actif,2026-06-29T00:22:54.856390,basse
BJ-FC442240,Domaine Mouton,Agriculture & Agroalimentaire,Lokossa,+229 20 42 56 10,d.mouton@domainemouton.com.bj,domainemouton.bj,TPE (<10),B2B,Google Maps,3.5,Actif,2026-06-29T00:22:54.856428,haute
BJ-22D83F4B,Domaine Mouton Agro,Agriculture & Agroalimentaire,Lokossa,+229 86 94 79 25,domaine.mouton@domainemoutonag.com.bj,,PME (10-50),B2B,Google Maps,4.0,Actif,2026-06-29T00:22:54.856447,moyenne
BJ-86A395BD,Huile Production,Agriculture & Agroalimentaire,Lokossa,+229 53 83 10 48,huile.production@huileproduction.bj,huileproduction.bj,PME (50-200),B2B,Google Maps,4.6,Actif,2026-06-29T00:22:54.856465,haute
BJ-56BAFFA4,Huile,Agriculture & Agroalimentaire,Ouidah,+229 96 48 12 36,huile@huile.com.bj,,TPE (<10),B2B,Google Maps,3.4,Actif,2026-06-29T00:22:54.856487,moyenne
BJ-3FFA3B90,Sorgho Agro,Agriculture & Agroalimentaire,Ouidah,+229 45 31 65 19,sorgho.agro@sorghoagro.bj,,PME (50-200),B2B,Google Maps,3.4,Actif,2026-06-29T00:22:54.856504,moyenne
BJ-738732F0,Ferme Ferme,Agriculture & Agroalimentaire,Ouidah,+229 58 26 81 46,ferme.ferme@fermeferme.org.bj,fermeferme.bj,Grande (>200),B2C,Google Maps,4.7,Actif,2026-06-29T00:22:54.856520,haute
BJ-1938C8CB,Ferme Plantation Plantation,Agriculture & Agroalimentaire,Ouidah,+229 46 92 97 66,fermeplantation@yahoo.fr,,PME (10-50),B2B,Google Maps,3.1,Actif,2026-06-29T00:22:54.856536,moyenne
BJ-80D5BA98,Groupe Ferme Africa,Agriculture & Agroalimentaire,Ouidah,+229 77 49 65 20,groupeferme@yahoo.fr,groupefermeafrica.bj,PME (50-200),B2C,Google Maps,4.8,Actif,2026-06-29T00:22:54.856552,haute
BJ-931EC5D2,Patate Groupe Savalou,Agriculture & Agroalimentaire,Savalou,+229 78 29 78 33,patategroupe@yahoo.fr,patategroupesavalou.bj,PME (10-50),B2C,Google Maps,3.1,Actif,2026-06-29T00:22:54.856575,haute
BJ-3352AC33,SARL Porc Agro Savalou,Agriculture & Agroalimentaire,Savalou,+229 32 12 88 26,sarl_porc@sarlporcagrosav.com.bj,sarlporcagrosavalou.bj,PME (50-200),B2B,Google Maps,4.2,Actif,2026-06-29T00:22:54.856615,haute
BJ-53A5A403,Fruit,Agriculture & Agroalimentaire,Savalou,+229 81 59 83 74,fruit@fruit.org.bj,fruit.bj,Grande (>200),B2C,Google Maps,4.9,Actif,2026-06-29T00:22:54.856648,haute
BJ-F55CCF03,Domaine Anacarde Agro,Agriculture & Agroalimentaire,Savalou,+229 96 54 57 81,domaineanacarde@domaineanacarde.org.bj,domaineanacardeagro.bj,TPE (<10),B2B,Google Maps,3.5,Actif,2026-06-29T00:22:54.856669,haute
BJ-47338DB2,Anacarde,Agriculture & Agroalimentaire,Savalou,+229 90 75 27 77,,anacarde.bj,PME (10-50),B2C,Google Maps,3.8,Actif,2026-06-29T00:22:54.856682,moyenne
BJ-F7AFD260,Plantation Porc Farm,Agriculture & Agroalimentaire,Dassa-Zoumè,+229 87 91 15 43,plantationporc@plantationporcf.bj,plantationporcfarm.bj,Grande (>200),B2B,Google Maps,3.9,Actif,2026-06-29T00:22:54.856714,haute
BJ-A5265310,Domaine Fromage Dassa-Zoumè,Agriculture & Agroalimentaire,Dassa-Zoumè,+229 97 35 30 73,domaine.fromage@hotmail.com,domainefromagedassazoumè.bj,PME (50-200),B2B,Google Maps,3.2,Actif,2026-06-29T00:22:54.856738,haute
BJ-E512E5E1,SARL Légume Ets,Agriculture & Agroalimentaire,Dassa-Zoumè,+229 44 28 97 65,sarl.légume@outlook.com,,TPE (<10),B2C,Google Maps,3.7,Actif,2026-06-29T00:22:54.856757,moyenne
BJ-5DA5C6D6,Groupe Pesticide Coop Dassa-Zoumè,Agriculture & Agroalimentaire,Dassa-Zoumè,+229 22 28 76 91,,groupepesticidecoopdassazoumè.bj,TPE (<10),B2C,Google Maps,4.8,Actif,2026-06-29T00:22:54.856773,moyenne
BJ-88928E04,Exploitation Agro,Agriculture & Agroalimentaire,Dassa-Zoumè,+229 49 11 32 35,exploitation.agro@gmail.com,exploitationagro.bj,PME (50-200),B2C,Google Maps,3.2,Actif,2026-06-29T00:22:54.856790,haute
BJ-4FA3127D,SARL Poulet Coop Kétou,Agriculture & Agroalimentaire,Kétou,+229 21 80 74 55,sarl.poulet@sarlpouletcoopk.org.bj,sarlpouletcoopkétou.bj,Grande (>200),B2C,Google Maps,4.1,Actif,2026-06-29T00:22:54.856816,haute
BJ-99BCAC05,SARL Engrais,Agriculture & Agroalimentaire,Kétou,+229 76 81 18 40,sarl.engrais@yahoo.com,sarlengrais.bj,Grande (>200),B2B,Google Maps,3.4,Actif,2026-06-29T00:22:54.856833,haute
BJ-EE4D91D6,Groupe Taro,Agriculture & Agroalimentaire,Kétou,+229 86 53 42 21,g.taro@groupetaro.com.bj,groupetaro.bj,Grande (>200),B2B,Google Maps,3.1,Actif,2026-06-29T00:22:54.856855,haute
BJ-4DB10B50,Ets Industrie Groupe,Agriculture & Agroalimentaire,Kétou,+229 90 62 20 79,,etsindustriegroupe.bj,TPE (<10),B2C,Google Maps,3.6,Actif,2026-06-29T00:22:54.856869,moyenne
BJ-304EC2C3,Alimentaire Farm Kétou,Agriculture & Agroalimentaire,Kétou,+229 44 58 24 69,alimentaire.farm@alimentairefarm.org.bj,,PME (50-200),B2B,Google Maps,3.4,Actif,2026-06-29T00:22:54.856887,moyenne
BJ-647E6377,Agro Lait,Agriculture & Agroalimentaire,Covè,+229 81 22 64 96,,,TPE (<10),B2B,Google Maps,4.9,Actif,2026-06-29T00:22:54.856925,basse
BJ-A8F6793D,Coopérative Oignon Covè,Agriculture & Agroalimentaire,Covè,+229 28 29 22 20,coopérativeoignon@gmail.com,coopérativeoignoncovè.bj,PME (10-50),B2B,Google Maps,4.6,Actif,2026-06-29T00:22:54.856945,haute
BJ-F48C3736,Palme Production Covè,Agriculture & Agroalimentaire,Covè,+229 30 31 91 23,,palmeproductioncovè.bj,TPE (<10),B2C,Google Maps,4.8,Actif,2026-06-29T00:22:54.856963,moyenne
BJ-830AA079,Lait Covè,Agriculture & Agroalimentaire,Covè,+229 59 49 42 10,,laitcovè.bj,PME (50-200),B2B,Google Maps,4.5,Actif,2026-06-29T00:22:54.856977,moyenne
BJ-C7E7F454,Transformation Africa,Agriculture & Agroalimentaire,Covè,+229 96 12 70 54,transformationafrica@transformationa.bj,,PME (10-50),B2C,Google Maps,5.0,Actif,2026-06-29T00:22:54.856995,moyenne
BJ-5F7B33EA,Groupe Alimentaire,Agriculture & Agroalimentaire,Pobè,+229 88 24 48 32,g.alimentaire@outlook.com,groupealimentaire.bj,PME (10-50),B2B,Google Maps,3.6,Actif,2026-06-29T00:22:54.857020,haute
BJ-5351D39E,Céréale Ets,Agriculture & Agroalimentaire,Pobè,+229 30 23 61 81,céréaleets@céréaleets.org.bj,,TPE (<10),B2C,Google Maps,4.9,Actif,2026-06-29T00:22:54.857039,moyenne
BJ-AC0E6F54,Agro Ets,Agriculture & Agroalimentaire,Pobè,+229 90 23 65 20,agro_ets@hotmail.com,,PME (10-50),B2C,Google Maps,3.3,Actif,2026-06-29T00:22:54.857059,moyenne
BJ-16928FF3,Agro Tomate Agro,Agriculture & Agroalimentaire,Pobè,+229 32 82 76 75,agro.tomate@outlook.com,,PME (50-200),B2C,Google Maps,4.8,Actif,2026-06-29T00:22:54.857075,moyenne
BJ-0C841345,Café SARL,Agriculture & Agroalimentaire,Pobè,+229 35 46 49 36,c.sarl@cafésarl.bj,,TPE (<10),B2B,Google Maps,4.5,Actif,2026-06-29T00:22:54.857093,moyenne
BJ-FC0ED5BF,Transformation Groupe,Agriculture & Agroalimentaire,Sakété,+229 92 37 54 77,t.groupe@gmail.com,,PME (10-50),B2C,Google Maps,4.9,Actif,2026-06-29T00:22:54.857116,moyenne
BJ-4F8963F2,Domaine Mouton SARL,Agriculture & Agroalimentaire,Sakété,+229 90 42 15 63,domaine.mouton@domainemoutonsa.bj,,TPE (<10),B2C,Google Maps,4.5,Actif,2026-06-29T00:22:54.857133,moyenne
BJ-007EF9DE,Igname Groupe,Agriculture & Agroalimentaire,Sakété,+229 60 81 66 11,igname.groupe@ignamegroupe.org.bj,ignamegroupe.bj,PME (10-50),B2B,Google Maps,4.1,Actif,2026-06-29T00:22:54.857150,haute
BJ-2A00A4F6,Alimentaire Africa Sakété,Agriculture & Agroalimentaire,Sakété,+229 65 47 25 44,alimentaire.africa@alimentaireafri.com.bj,,PME (10-50),B2C,Google Maps,3.9,Actif,2026-06-29T00:22:54.857168,moyenne
BJ-965824A3,Fruit SARL,Agriculture & Agroalimentaire,Sakété,+229 82 97 66 82,f.sarl@fruitsarl.bj,,TPE (<10),B2C,Google Maps,4.3,Actif,2026-06-29T00:22:54.857184,moyenne
BJ-2C103104,SARL Oignon Groupe,Agriculture & Agroalimentaire,Adjara,+229 85 54 53 78,sarl.oignon@sarloignongroup.com.bj,sarloignongroupe.bj,PME (10-50),B2C,Google Maps,3.9,Actif,2026-06-29T00:22:54.857214,haute
BJ-28DD3DBF,Agro Coton,Agriculture & Agroalimentaire,Adjara,+229 66 78 82 32,,,PME (50-200),B2C,Google Maps,3.6,Actif,2026-06-29T00:22:54.857227,basse
BJ-674A6F77,Ferme Animale Adjara,Agriculture & Agroalimentaire,Adjara,+229 85 84 54 73,,,PME (50-200),B2C,Google Maps,3.8,Actif,2026-06-29T00:22:54.857243,basse
BJ-40945032,Groupe Tomate,Agriculture & Agroalimentaire,Adjara,+229 81 49 43 92,groupe.tomate@groupetomate.bj,groupetomate.bj,Grande (>200),B2B,Google Maps,4.4,Actif,2026-06-29T00:22:54.857261,haute
BJ-CD58F9C3,Groupe Millet Production,Agriculture & Agroalimentaire,Adjara,+229 63 15 45 46,groupemillet@groupemilletpro.com.bj,,TPE (<10),B2B,Google Maps,3.7,Actif,2026-06-29T00:22:54.857278,moyenne
BJ-1BE464B8,Engrais,Agriculture & Agroalimentaire,Allada,+229 31 12 17 47,engrais@engrais.bj,,PME (50-200),B2C,Google Maps,3.6,Actif,2026-06-29T00:22:54.857299,moyenne
BJ-B21380B3,Coopérative Lait Coop Allada,Agriculture & Agroalimentaire,Allada,+229 43 68 94 87,coopérativelait@coopérativelait.bj,coopérativelaitcoopallada.bj,TPE (<10),B2B,Google Maps,3.2,Actif,2026-06-29T00:22:54.857320,haute
BJ-1CA12DD8,Légume,Agriculture & Agroalimentaire,Allada,+229 22 19 24 58,légume@yahoo.fr,légume.bj,TPE (<10),B2B,Google Maps,3.8,Actif,2026-06-29T00:22:54.857336,haute
BJ-3298D1E8,Coopérative Aquaculture,Agriculture & Agroalimentaire,Allada,+229 89 49 31 60,coopérative.aquaculture@outlook.com,coopérativeaquaculture.bj,Grande (>200),B2B,Google Maps,4.0,Actif,2026-06-29T00:22:54.857355,haute
BJ-66FE6C23,Plantation Ets Allada,Agriculture & Agroalimentaire,Allada,+229 40 79 93 36,plantation_ets@outlook.com,,PME (50-200),B2B,Google Maps,4.2,Actif,2026-06-29T00:22:54.857371,moyenne
BJ-A9CE1FB3,Ferme Miel,Agriculture & Agroalimentaire,Aplahoué,+229 48 99 99 99,,,PME (10-50),B2B,Google Maps,3.7,Actif,2026-06-29T00:22:54.857390,basse
BJ-1BEF2C40,Riz Coop,Agriculture & Agroalimentaire,Aplahoué,+229 50 23 42 71,riz_coop@hotmail.com,,PME (50-200),B2B,Google Maps,4.2,Actif,2026-06-29T00:22:54.857422,moyenne
BJ-F41257FF,Production Aubergine,Agriculture & Agroalimentaire,Aplahoué,+229 89 28 69 91,production.aubergine@yahoo.fr,productionaubergine.bj,PME (50-200),B2B,Google Maps,4.7,Actif,2026-06-29T00:22:54.857450,haute
BJ-706C801E,Ets Manioc,Agriculture & Agroalimentaire,Aplahoué,+229 20 74 92 32,ets.manioc@etsmanioc.org.bj,,TPE (<10),B2B,Google Maps,3.5,Actif,2026-06-29T00:22:54.857468,moyenne
BJ-79D7D2D9,Agro Plantation,Agriculture & Agroalimentaire,Aplahoué,+229 45 52 31 87,,agroplantation.bj,TPE (<10),B2C,Google Maps,3.1,Actif,2026-06-29T00:22:54.857482,moyenne
BJ-07D216D6,Production Ferme,Agriculture & Agroalimentaire,Dogbo-Tota,+229 63 62 69 60,production.ferme@outlook.com,productionferme.bj,PME (10-50),B2B,Google Maps,3.9,Actif,2026-06-29T00:22:54.857510,haute
BJ-71AEB6FF,Santé Dogbo-Tota,Agriculture & Agroalimentaire,Dogbo-Tota,+229 71 72 93 52,s.dogbo@santédogbotota.com.bj,,TPE (<10),B2C,Google Maps,4.4,Actif,2026-06-29T00:22:54.857531,moyenne
BJ-6D3C7FB1,Huile,Agriculture & Agroalimentaire,Dogbo-Tota,+229 70 91 14 18,,huile.bj,PME (50-200),B2C,Google Maps,3.2,Actif,2026-06-29T00:22:54.857544,moyenne
BJ-4B2D103A,Pesticide,Agriculture & Agroalimentaire,Dogbo-Tota,+229 81 34 70 58,pesticide@pesticide.bj,,TPE (<10),B2C,Google Maps,3.2,Actif,2026-06-29T00:22:54.857575,moyenne
BJ-2AAA3369,Production Légume,Agriculture & Agroalimentaire,Kpomassè,+229 72 94 70 30,,,TPE (<10),B2B,Google Maps,4.8,Actif,2026-06-29T00:22:54.857609,basse
BJ-25CE6E0E,Maïs SARL,Agriculture & Agroalimentaire,Kpomassè,+229 33 85 20 38,,,TPE (<10),B2B,Google Maps,3.2,Actif,2026-06-29T00:22:54.857625,basse
BJ-962FD716,Production Pesticide Production,Agriculture & Agroalimentaire,Kpomassè,+229 50 94 69 65,,productionpesticideproduction.bj,PME (10-50),B2C,Google Maps,3.5,Actif,2026-06-29T00:22:54.857638,moyenne
BJ-ACDC7B19,Tomate,Agriculture & Agroalimentaire,Kpomassè,+229 90 17 99 34,,,TPE (<10),B2C,Google Maps,4.8,Actif,2026-06-29T00:22:54.857651,basse
BJ-18203EAB,Coopérative Lait Tori-Bossito,Agriculture & Agroalimentaire,Tori-Bossito,+229 82 55 99 10,coopérative.lait@coopérativelait.org.bj,coopérativelaittoribossito.bj,Grande (>200),B2B,Google Maps,4.2,Actif,2026-06-29T00:22:54.857682,haute
BJ-532A8449,Ferme Coton Agro,Agriculture & Agroalimentaire,Tori-Bossito,+229 44 14 20 76,ferme.coton@fermecotonagro.org.bj,fermecotonagro.bj,Grande (>200),B2B,Google Maps,4.4,Actif,2026-06-29T00:22:54.857701,haute
BJ-F2F79AC5,SARL Fromage,Agriculture & Agroalimentaire,Tori-Bossito,+229 92 91 87 89,,sarlfromage.bj,PME (50-200),B2C,Google Maps,3.1,Actif,2026-06-29T00:22:54.857714,moyenne
BJ-D4A048D6,Tomate Africa,Agriculture & Agroalimentaire,Tori-Bossito,+229 33 17 97 89,t.africa@tomateafrica.bj,tomateafrica.bj,PME (10-50),B2B,Google Maps,4.4,Actif,2026-06-29T00:22:54.857732,haute
BJ-9DEC07FE,Agro Palme Africa Grand-Popo,Agriculture & Agroalimentaire,Grand-Popo,+229 44 74 63 53,agropalme@hotmail.com,agropalmeafricagrandpopo.bj,PME (10-50),B2B,Google Maps,3.5,Actif,2026-06-29T00:22:54.857772,haute
BJ-CE9512B5,Ferme Plantation Groupe Grand-Popo,Agriculture & Agroalimentaire,Grand-Popo,+229 95 16 81 75,ferme_plantation@hotmail.com,,PME (10-50),B2B,Google Maps,3.1,Actif,2026-06-29T00:22:54.857789,moyenne
BJ-22D57716,Patate Agro,Agriculture & Agroalimentaire,Grand-Popo,+229 57 15 31 34,,,PME (10-50),B2C,Google Maps,4.9,Actif,2026-06-29T00:22:54.857808,basse
BJ-3693AD63,Fromage Grand-Popo,Agriculture & Agroalimentaire,Grand-Popo,+229 82 32 59 26,fromagegrand@fromagegrandpop.bj,fromagegrandpopo.bj,PME (10-50),B2C,Google Maps,4.3,Actif,2026-06-29T00:22:54.857826,haute
BJ-B2F6B671,Coopérative Poulet,Agriculture & Agroalimentaire,Grand-Popo,+229 58 95 89 33,c.poulet@hotmail.com,coopérativepoulet.bj,TPE (<10),B2B,Google Maps,3.6,Actif,2026-06-29T00:22:54.857848,haute
BJ-94CD7A48,Groupe Aquaculture Ets,Agriculture & Agroalimentaire,Athiémé,+229 71 62 72 37,groupeaquaculture@groupeaquacultu.org.bj,groupeaquacultureets.bj,PME (10-50),B2B,Google Maps,4.9,Actif,2026-06-29T00:22:54.857876,haute
BJ-B06B4CC3,Karité Ets,Agriculture & Agroalimentaire,Athiémé,+229 75 55 73 90,k.ets@karitéets.bj,,PME (50-200),B2B,Google Maps,4.7,Actif,2026-06-29T00:22:54.857910,moyenne
BJ-54CABE3E,Bétail Africa,Agriculture & Agroalimentaire,Athiémé,+229 55 67 71 57,,,TPE (<10),B2C,Google Maps,3.2,Actif,2026-06-29T00:22:54.857924,basse
BJ-333D0361,Karité,Agriculture & Agroalimentaire,Athiémé,+229 89 78 84 36,karité@outlook.com,karité.bj,PME (10-50),B2C,Google Maps,4.6,Actif,2026-06-29T00:22:54.857941,haute
BJ-BE702F8D,Exploitation Vétérinaire Groupe,Agriculture & Agroalimentaire,Athiémé,+229 61 62 17 49,exploitationvétérinaire@hotmail.com,,TPE (<10),B2B,Google Maps,4.6,Actif,2026-06-29T00:22:54.857960,moyenne
BJ-45B18D5F,Agriculture Bopa,Agriculture & Agroalimentaire,Bopa,+229 75 77 28 95,agriculturebopa@agriculturebopa.bj,agriculturebopa.bj,TPE (<10),B2C,Google Maps,3.2,Actif,2026-06-29T00:22:54.857985,haute
BJ-6601291A,Manioc,Agriculture & Agroalimentaire,Bopa,+229 26 41 82 92,,manioc.bj,TPE (<10),B2B,Google Maps,4.8,Actif,2026-06-29T00:22:54.857999,moyenne
BJ-BEA8E760,Groupe Œuf Coop,Agriculture & Agroalimentaire,Bopa,+229 30 26 34 20,groupe.œuf@groupeœufcoop.bj,,PME (10-50),B2B,Google Maps,3.0,Actif,2026-06-29T00:22:54.858026,moyenne
BJ-B55E08FA,Agro Plantation Agro,Agriculture & Agroalimentaire,Bopa,+229 93 75 21 53,agroplantation@outlook.com,,Grande (>200),B2B,Google Maps,3.6,Actif,2026-06-29T00:22:54.858046,moyenne
BJ-799E1743,Groupe Agriculture Groupe Bopa,Agriculture & Agroalimentaire,Bopa,+229 37 64 28 24,g.agriculture@groupeagricultu.bj,,Grande (>200),B2B,Google Maps,4.8,Actif,2026-06-29T00:22:54.858088,moyenne
BJ-7EB0EBEA,Agro Huile Houéyogbé,Agriculture & Agroalimentaire,Houéyogbé,+229 70 41 20 28,agrohuile@yahoo.com,agrohuilehouéyogbé.bj,TPE (<10),B2C,Google Maps,4.1,Actif,2026-06-29T00:22:54.858118,haute
BJ-000DF3D2,Agro Mangue SARL,Agriculture & Agroalimentaire,Houéyogbé,+229 86 75 17 40,agro.mangue@hotmail.com,agromanguesarl.bj,TPE (<10),B2B,Google Maps,4.5,Actif,2026-06-29T00:22:54.858137,haute
BJ-AF278A3A,Groupe Alimentaire,Agriculture & Agroalimentaire,Houéyogbé,+229 98 56 55 88,,groupealimentaire.bj,TPE (<10),B2B,Google Maps,3.8,Actif,2026-06-29T00:22:54.858155,moyenne
BJ-579310B1,SARL Santé,Agriculture & Agroalimentaire,Houéyogbé,+229 67 12 77 71,sarlsanté@outlook.com,,PME (50-200),B2B,Google Maps,4.4,Actif,2026-06-29T00:22:54.858187,moyenne
BJ-8BB0073B,SARL Fromage Africa,Agriculture & Agroalimentaire,Houéyogbé,+229 24 86 44 48,s.fromage@outlook.com,sarlfromageafrica.bj,TPE (<10),B2C,Google Maps,3.3,Actif,2026-06-29T00:22:54.858219,haute
BJ-425C2CF8,Transformation Groupe,Agriculture & Agroalimentaire,Malanville,+229 60 74 11 62,t.groupe@transformationg.com.bj,transformationgroupe.bj,PME (10-50),B2C,Google Maps,4.3,Actif,2026-06-29T00:22:54.858308,haute
BJ-AFBFEBF5,Poulet,Agriculture & Agroalimentaire,Malanville,+229 93 83 60 22,,poulet.bj,TPE (<10),B2C,Google Maps,4.4,Actif,2026-06-29T00:22:54.858322,moyenne
BJ-281EA91C,Plantation Santé,Agriculture & Agroalimentaire,Malanville,+229 44 16 14 95,p.santé@yahoo.fr,,PME (10-50),B2C,Google Maps,3.3,Actif,2026-06-29T00:22:54.858341,moyenne
BJ-D07468AC,SARL Lait,Agriculture & Agroalimentaire,Kandi,+229 36 63 37 18,,sarllait.bj,Grande (>200),B2C,Google Maps,3.6,Actif,2026-06-29T00:22:54.858363,moyenne
BJ-7ED0B316,Palme Plantation,Agriculture & Agroalimentaire,Kandi,+229 75 99 59 88,,palmeplantation.bj,PME (50-200),B2B,Google Maps,5.0,Actif,2026-06-29T00:22:54.858376,moyenne
BJ-6A0B5BD7,Ets Lait,Agriculture & Agroalimentaire,Kandi,+229 61 98 62 46,,,TPE (<10),B2B,Google Maps,3.9,Actif,2026-06-29T00:22:54.858388,basse
BJ-22BFCBDF,Production Mouton,Agriculture & Agroalimentaire,Kandi,+229 54 81 44 20,,productionmouton.bj,PME (10-50),B2B,Google Maps,4.1,Actif,2026-06-29T00:22:54.858401,moyenne
BJ-7214D957,Groupe Porc,Agriculture & Agroalimentaire,Kandi,+229 89 31 93 24,,,TPE (<10),B2C,Google Maps,4.9,Actif,2026-06-29T00:22:54.858413,basse
BJ-7CB43A89,Exploitation Patate Groupe,Agriculture & Agroalimentaire,Banikoara,+229 27 21 42 64,e.patate@yahoo.com,,PME (50-200),B2B,Google Maps,3.0,Actif,2026-06-29T00:22:54.858436,moyenne
BJ-1C74F0B7,Agro Santé Bénin,Agriculture & Agroalimentaire,Banikoara,+229 31 59 78 10,,agrosantébénin.bj,PME (10-50),B2C,Google Maps,3.2,Actif,2026-06-29T00:22:54.858450,moyenne
BJ-92CB0E8C,Ets Cire Ets Banikoara,Agriculture & Agroalimentaire,Banikoara,+229 62 67 75 29,,etscireetsbanikoara.bj,TPE (<10),B2C,Google Maps,3.4,Actif,2026-06-29T00:22:54.858471,moyenne
BJ-11FDCD95,Plantation Production,Agriculture & Agroalimentaire,Banikoara,+229 41 31 62 48,plantation.production@plantationprodu.com.bj,,PME (10-50),B2C,Google Maps,4.1,Actif,2026-06-29T00:22:54.858489,moyenne
BJ-47792083,Ferme Aubergine Groupe,Agriculture & Agroalimentaire,Banikoara,+229 28 66 71 25,f.aubergine@outlook.com,fermeauberginegroupe.bj,PME (10-50),B2C,Google Maps,4.2,Actif,2026-06-29T00:22:54.858507,haute
BJ-59503EA5,Vétérinaire Coop,Agriculture & Agroalimentaire,Ségbana,+229 92 16 20 43,vétérinaire.coop@vétérinairecoop.org.bj,vétérinairecoop.bj,PME (10-50),B2C,Google Maps,4.2,Actif,2026-06-29T00:22:54.858533,haute
BJ-96AE95A9,Agro Cacao,Agriculture & Agroalimentaire,Ségbana,+229 33 27 74 16,a.cacao@agrocacao.bj,,TPE (<10),B2C,Google Maps,4.4,Actif,2026-06-29T00:22:54.858551,moyenne
BJ-8A7EC594,Porc Farm,Agriculture & Agroalimentaire,Ségbana,+229 77 97 35 86,porcfarm@porcfarm.org.bj,porcfarm.bj,TPE (<10),B2C,Google Maps,4.3,Actif,2026-06-29T00:22:54.858569,haute
BJ-4D0940EC,Exploitation Ferme Bénin,Agriculture & Agroalimentaire,Ségbana,+229 53 21 27 71,,exploitationfermebénin.bj,TPE (<10),B2B,Google Maps,4.4,Actif,2026-06-29T00:22:54.858583,moyenne
BJ-6D57D5B2,Manioc,Agriculture & Agroalimentaire,Ségbana,+229 87 18 73 48,,manioc.bj,PME (10-50),B2B,Google Maps,5.0,Actif,2026-06-29T00:22:54.858596,moyenne
BJ-32044073,Sorgho,Agriculture & Agroalimentaire,Karimama,+229 86 41 97 77,,,Grande (>200),B2C,Google Maps,3.6,Actif,2026-06-29T00:22:54.858615,basse
BJ-A6DF2762,Exploitation Tomate Bénin,Agriculture & Agroalimentaire,Karimama,+229 26 28 18 23,,exploitationtomatebénin.bj,TPE (<10),B2B,Google Maps,3.8,Actif,2026-06-29T00:22:54.858629,moyenne
BJ-B386E525,Ferme Aubergine Groupe,Agriculture & Agroalimentaire,Karimama,+229 52 27 32 47,fermeaubergine@fermeaubergineg.com.bj,fermeauberginegroupe.bj,PME (10-50),B2B,Google Maps,4.9,Actif,2026-06-29T00:22:54.858649,haute
BJ-3B6F561A,Bétail Plantation,Agriculture & Agroalimentaire,Karimama,+229 23 88 17 34,bétail_plantation@outlook.com,,PME (10-50),B2C,Google Maps,4.6,Actif,2026-06-29T00:22:54.858668,moyenne
BJ-36A28D94,Agro Fruit Groupe,Agriculture & Agroalimentaire,Karimama,+229 50 46 63 41,,,TPE (<10),B2B,Google Maps,4.0,Actif,2026-06-29T00:22:54.858680,basse
BJ-7D29550E,Yaourt Plantation,Agriculture & Agroalimentaire,Gogounou,+229 25 25 84 24,yaourtplantation@yahoo.fr,yaourtplantation.bj,PME (50-200),B2B,Google Maps,3.1,Actif,2026-06-29T00:22:54.858735,haute
BJ-8456C1A2,SARL Sorgho Production,Agriculture & Agroalimentaire,Gogounou,+229 51 81 16 15,,sarlsorghoproduction.bj,TPE (<10),B2B,Google Maps,4.2,Actif,2026-06-29T00:22:54.858774,moyenne
BJ-63915D62,Mouton,Agriculture & Agroalimentaire,Gogounou,+229 74 23 38 90,,mouton.bj,PME (10-50),B2B,Google Maps,3.4,Actif,2026-06-29T00:22:54.858800,moyenne
BJ-3616B7DC,SARL Semence Africa Gogounou,Agriculture & Agroalimentaire,Gogounou,+229 79 52 10 10,sarl.semence@outlook.com,sarlsemenceafricagogounou.bj,PME (50-200),B2C,Google Maps,3.3,Actif,2026-06-29T00:22:54.858835,haute
BJ-94DC1D97,Ets Igname,Agriculture & Agroalimentaire,Gogounou,+229 70 85 95 79,e.igname@etsigname.com.bj,etsigname.bj,TPE (<10),B2B,Google Maps,3.1,Actif,2026-06-29T00:22:54.858866,haute
BJ-21DBC9BF,Palme,Agriculture & Agroalimentaire,Cobly,+229 52 50 66 17,palme@outlook.com,,TPE (<10),B2B,Google Maps,4.3,Actif,2026-06-29T00:22:54.858918,moyenne
BJ-DAEA74EB,Exploitation Animale Production,Agriculture & Agroalimentaire,Cobly,+229 70 92 97 35,,exploitationanimaleproduction.bj,PME (50-200),B2C,Google Maps,4.3,Actif,2026-06-29T00:22:54.858943,moyenne
BJ-C58BBF48,Groupe Gombo Africa,Agriculture & Agroalimentaire,Cobly,+229 50 80 78 87,groupegombo@outlook.com,groupegomboafrica.bj,PME (50-200),B2B,Google Maps,4.4,Actif,2026-06-29T00:22:54.858977,haute
BJ-C0AD19B6,Domaine Millet Bénin,Agriculture & Agroalimentaire,Cobly,+229 59 91 89 87,domainemillet@yahoo.fr,,PME (10-50),B2B,Google Maps,3.5,Actif,2026-06-29T00:22:54.859010,moyenne
BJ-26F4D025,Animale,Agriculture & Agroalimentaire,Cobly,+229 70 82 89 56,animale@animale.com.bj,animale.bj,PME (10-50),B2C,Google Maps,4.4,Actif,2026-06-29T00:22:54.859038,haute
BJ-C1E9941E,Porc Ets,Agriculture & Agroalimentaire,Tanguiéta,+229 55 29 20 25,porc.ets@yahoo.com,,PME (50-200),B2C,Google Maps,3.7,Actif,2026-06-29T00:22:54.859080,moyenne
BJ-807A0961,Fruit Groupe,Agriculture & Agroalimentaire,Tanguiéta,+229 31 27 54 90,fruitgroupe@hotmail.com,,TPE (<10),B2C,Google Maps,4.0,Actif,2026-06-29T00:22:54.859114,moyenne
BJ-2BE09C03,Plantation Groupe,Agriculture & Agroalimentaire,Tanguiéta,+229 72 93 19 66,,plantationgroupe.bj,TPE (<10),B2B,Google Maps,3.2,Actif,2026-06-29T00:22:54.859158,moyenne
BJ-9367860B,Domaine Riz SARL,Agriculture & Agroalimentaire,Tanguiéta,+229 80 84 77 85,d.riz@domainerizsarl.bj,domainerizsarl.bj,PME (50-200),B2B,Google Maps,3.9,Actif,2026-06-29T00:22:54.859201,haute
BJ-758FB7D5,Aquaculture,Agriculture & Agroalimentaire,Tanguiéta,+229 42 51 92 39,,,TPE (<10),B2C,Google Maps,3.2,Actif,2026-06-29T00:22:54.859229,basse
BJ-C1332E86,Domaine Palme,Agriculture & Agroalimentaire,Matéri,+229 26 67 45 48,,domainepalme.bj,Grande (>200),B2C,Google Maps,3.4,Actif,2026-06-29T00:22:54.859279,moyenne
BJ-64E1A515,Domaine Riz Matéri,Agriculture & Agroalimentaire,Matéri,+229 27 11 31 84,d.riz@yahoo.fr,domainerizmatéri.bj,PME (10-50),B2B,Google Maps,3.6,Actif,2026-06-29T00:22:54.859339,haute
BJ-8E4933CF,Semence SARL,Agriculture & Agroalimentaire,Matéri,+229 47 82 63 77,,semencesarl.bj,TPE (<10),B2C,Google Maps,3.6,Actif,2026-06-29T00:22:54.859380,moyenne
BJ-0C8D8CA3,Mouton Agro,Agriculture & Agroalimentaire,Matéri,+229 31 10 28 59,,moutonagro.bj,TPE (<10),B2B,Google Maps,4.8,Actif,2026-06-29T00:22:54.859411,moyenne
BJ-763D8682,Igname Production,Agriculture & Agroalimentaire,Matéri,+229 98 76 64 79,igname_production@ignameproductio.bj,,TPE (<10),B2C,Google Maps,4.9,Actif,2026-06-29T00:22:54.859453,moyenne
BJ-BF51243A,Maïs Agro,Agriculture & Agroalimentaire,Natitingou,+229 46 86 86 81,maïs_agro@maïsagro.bj,,TPE (<10),B2C,Google Maps,3.2,Actif,2026-06-29T00:22:54.859508,moyenne
BJ-E06D1086,Karité,Agriculture & Agroalimentaire,Natitingou,+229 59 34 34 90,karité@karité.com.bj,karité.bj,TPE (<10),B2C,Google Maps,4.8,Actif,2026-06-29T00:22:54.859545,haute
BJ-0943E480,Exploitation Agriculture Agro,Agriculture & Agroalimentaire,Natitingou,+229 85 42 51 79,,,PME (10-50),B2C,Google Maps,4.6,Actif,2026-06-29T00:22:54.859576,basse
BJ-631C7037,Coopérative Aubergine,Agriculture & Agroalimentaire,Natitingou,+229 41 39 35 48,c.aubergine@coopérativeaube.com.bj,coopérativeaubergine.bj,PME (10-50),B2B,Google Maps,3.9,Actif,2026-06-29T00:22:54.859621,haute
BJ-3DC60EF1,Domaine Oignon Ets Toucountouna,Agriculture & Agroalimentaire,Toucountouna,+229 25 72 32 96,domaine_oignon@outlook.com,domaineoignonetstoucountouna.bj,PME (10-50),B2C,Google Maps,3.1,Actif,2026-06-29T00:22:54.859719,haute
BJ-619D82B6,Transformation,Agriculture & Agroalimentaire,Toucountouna,+229 80 41 70 47,,,Grande (>200),B2C,Google Maps,3.7,Actif,2026-06-29T00:22:54.859749,basse
BJ-EAA5C81B,Légume,Agriculture & Agroalimentaire,Toucountouna,+229 48 82 72 11,,légume.bj,PME (10-50),B2B,Google Maps,3.9,Actif,2026-06-29T00:22:54.859792,moyenne
BJ-45120566,Coopérative Ananas Groupe Toucountouna,Agriculture & Agroalimentaire,Toucountouna,+229 30 31 11 13,coopérative.ananas@yahoo.com,,PME (50-200),B2B,Google Maps,4.5,Actif,2026-06-29T00:22:54.859849,moyenne
BJ-1A11A894,Exploitation Manioc Ets,Agriculture & Agroalimentaire,Toucountouna,+229 61 69 68 48,e.manioc@exploitationman.org.bj,exploitationmaniocets.bj,TPE (<10),B2C,Google Maps,4.0,Actif,2026-06-29T00:22:54.859911,haute
BJ-9AA35D08,Ferme Taro SARL,Agriculture & Agroalimentaire,Boukoumbé,+229 94 46 20 11,,fermetarosarl.bj,TPE (<10),B2B,Google Maps,4.4,Actif,2026-06-29T00:22:54.859953,moyenne
BJ-8452CCEE,Semence Production,Agriculture & Agroalimentaire,Boukoumbé,+229 50 16 64 10,semence.production@semenceproducti.org.bj,semenceproduction.bj,PME (10-50),B2B,Google Maps,3.7,Actif,2026-06-29T00:22:54.860005,haute
BJ-DA5CD73F,Agro Patate,Agriculture & Agroalimentaire,Boukoumbé,+229 83 95 48 21,a.patate@agropatate.bj,,Grande (>200),B2B,Google Maps,4.9,Actif,2026-06-29T00:22:54.860040,moyenne
BJ-5246C7CF,SARL Mangue,Agriculture & Agroalimentaire,Boukoumbé,+229 28 69 47 56,,sarlmangue.bj,TPE (<10),B2C,Google Maps,3.5,Actif,2026-06-29T00:22:54.860063,moyenne
BJ-77F66765,Plantation Poulet Farm,Agriculture & Agroalimentaire,Boukoumbé,+229 23 41 69 77,plantationpoulet@plantationpoule.org.bj,plantationpouletfarm.bj,PME (50-200),B2C,Google Maps,3.1,Actif,2026-06-29T00:22:54.860100,haute
BJ-2EF18A34,Pêche,Agriculture & Agroalimentaire,Kouandé,+229 29 75 95 85,,pêche.bj,PME (50-200),B2C,Google Maps,3.5,Actif,2026-06-29T00:22:54.860141,moyenne
BJ-E3876538,Café,Agriculture & Agroalimentaire,Kouandé,+229 91 97 52 17,café@café.bj,café.bj,PME (10-50),B2B,Google Maps,3.7,Actif,2026-06-29T00:22:54.860161,haute
BJ-7872B480,Production Plantation SARL Kouandé,Agriculture & Agroalimentaire,Kouandé,+229 21 97 16 99,production_plantation@productionplant.org.bj,,PME (10-50),B2C,Google Maps,4.3,Actif,2026-06-29T00:22:54.860216,moyenne
BJ-317C90DD,Café Agro Kouandé,Agriculture & Agroalimentaire,Kouandé,+229 63 49 96 47,c.agro@hotmail.com,caféagrokouandé.bj,TPE (<10),B2C,Google Maps,3.4,Actif,2026-06-29T00:22:54.860270,haute
BJ-CC8F90CC,Riz Farm,Agriculture & Agroalimentaire,Péhunco,+229 81 66 30 96,riz.farm@hotmail.com,rizfarm.bj,PME (50-200),B2C,Google Maps,3.7,Actif,2026-06-29T00:22:54.860304,haute
BJ-D27996DF,Domaine Taro Groupe,Agriculture & Agroalimentaire,Péhunco,+229 57 30 72 40,domaine.taro@outlook.com,domainetarogroupe.bj,TPE (<10),B2B,Google Maps,4.7,Actif,2026-06-29T00:22:54.860324,haute
BJ-895D32DB,Ail,Agriculture & Agroalimentaire,Péhunco,+229 62 94 24 49,ail@gmail.com,ail.bj,PME (50-200),B2B,Google Maps,3.4,Actif,2026-06-29T00:22:54.860342,haute
BJ-49D55315,Exploitation Céréale Africa,Agriculture & Agroalimentaire,Péhunco,+229 52 75 70 88,,exploitationcéréaleafrica.bj,TPE (<10),B2B,Google Maps,3.7,Actif,2026-06-29T00:22:54.860358,moyenne
BJ-FC72E1E0,Plantation SARL Péhunco,Agriculture & Agroalimentaire,Péhunco,+229 93 52 50 17,,,PME (50-200),B2C,Google Maps,5.0,Actif,2026-06-29T00:22:54.860371,basse
BJ-411D8471,Coopérative Tomate,Agriculture & Agroalimentaire,Tchaourou,+229 96 64 30 53,,coopérativetomate.bj,TPE (<10),B2B,Google Maps,3.6,Actif,2026-06-29T00:22:54.860394,moyenne
BJ-1CB3CF9D,Oignon Plantation Tchaourou,Agriculture & Agroalimentaire,Tchaourou,+229 43 75 91 39,oignon.plantation@gmail.com,oignonplantationtchaourou.bj,PME (10-50),B2C,Google Maps,3.6,Actif,2026-06-29T00:22:54.860413,haute
BJ-0E72C96D,Exploitation Bétail Groupe,Agriculture & Agroalimentaire,Tchaourou,+229 89 42 31 90,,,TPE (<10),B2C,Google Maps,3.2,Actif,2026-06-29T00:22:54.860433,basse
BJ-738AC02A,Mangue Agro Tchaourou,Agriculture & Agroalimentaire,Tchaourou,+229 20 99 65 61,,mangueagrotchaourou.bj,TPE (<10),B2C,Google Maps,3.6,Actif,2026-06-29T00:22:54.860448,moyenne
BJ-17850DBB,Exploitation Ferme Farm,Agriculture & Agroalimentaire,Tchaourou,+229 79 51 85 40,exploitation.ferme@exploitationfer.bj,,TPE (<10),B2B,Google Maps,3.8,Actif,2026-06-29T00:22:54.860465,moyenne
BJ-BE803A33,SARL Taro Farm,Agriculture & Agroalimentaire,Nikki,+229 83 21 46 22,sarl.taro@gmail.com,,PME (50-200),B2C,Google Maps,3.7,Actif,2026-06-29T00:22:54.860490,moyenne
BJ-D77EE439,Palme,Agriculture & Agroalimentaire,Nikki,+229 32 65 10 95,,palme.bj,PME (50-200),B2B,Google Maps,4.3,Actif,2026-06-29T00:22:54.860504,moyenne
BJ-32F5445A,Riz,Agriculture & Agroalimentaire,Nikki,+229 91 95 22 85,,riz.bj,PME (50-200),B2C,Google Maps,3.6,Actif,2026-06-29T00:22:54.860518,moyenne
BJ-88559292,Yaourt Farm,Agriculture & Agroalimentaire,Nikki,+229 93 80 76 59,yaourt.farm@hotmail.com,,Grande (>200),B2C,Google Maps,3.5,Actif,2026-06-29T00:22:54.860534,moyenne
BJ-8CA70A7D,Ferme Igname SARL,Agriculture & Agroalimentaire,Nikki,+229 49 47 85 48,,fermeignamesarl.bj,PME (10-50),B2B,Google Maps,4.8,Actif,2026-06-29T00:22:54.860548,moyenne
BJ-D1A3EFED,Huile,Agriculture & Agroalimentaire,Bembéréké,+229 44 80 40 80,huile@huile.bj,huile.bj,Grande (>200),B2B,Google Maps,3.1,Actif,2026-06-29T00:22:54.860575,haute
BJ-5C1193B4,Groupe Ail,Agriculture & Agroalimentaire,Bembéréké,+229 80 59 67 98,groupe.ail@groupeail.com.bj,,PME (10-50),B2C,Google Maps,4.9,Actif,2026-06-29T00:22:54.860594,moyenne
BJ-7737E34B,Miel Production,Agriculture & Agroalimentaire,Bembéréké,+229 91 22 16 79,miel.production@mielproduction.org.bj,mielproduction.bj,TPE (<10),B2B,Google Maps,4.7,Actif,2026-06-29T00:22:54.860632,haute
BJ-06A0E300,Agro Bœuf Farm Bembéréké,Agriculture & Agroalimentaire,Bembéréké,+229 51 71 48 99,agro.bœuf@agrobœuffarmbem.bj,agrobœuffarmbembéréké.bj,PME (10-50),B2C,Google Maps,3.8,Actif,2026-06-29T00:22:54.860664,haute
BJ-8EF26357,Sorgho Agro,Agriculture & Agroalimentaire,Kalalé,+229 61 57 68 72,s.agro@sorghoagro.org.bj,,Grande (>200),B2B,Google Maps,3.6,Actif,2026-06-29T00:22:54.860689,moyenne
BJ-303D3FB1,Groupe Café Plantation,Agriculture & Agroalimentaire,Kalalé,+229 42 74 77 25,,groupecaféplantation.bj,TPE (<10),B2B,Google Maps,4.7,Actif,2026-06-29T00:22:54.860705,moyenne
BJ-55DDA82B,Patate Kalalé,Agriculture & Agroalimentaire,Kalalé,+229 46 15 68 65,patatekalalé@patatekalalé.com.bj,patatekalalé.bj,TPE (<10),B2C,Google Maps,3.9,Actif,2026-06-29T00:22:54.860727,haute
BJ-39EB9DFE,Animale Kalalé,Agriculture & Agroalimentaire,Kalalé,+229 51 93 41 40,animale_kalalé@gmail.com,animalekalalé.bj,TPE (<10),B2C,Google Maps,4.9,Actif,2026-06-29T00:22:54.860751,haute
BJ-3E1473AA,Plantation,Agriculture & Agroalimentaire,Kalalé,+229 63 47 67 17,plantation@yahoo.com,plantation.bj,PME (50-200),B2C,Google Maps,4.9,Actif,2026-06-29T00:22:54.860768,haute
BJ-9A54D196,Ail Bénin Ndali,Agriculture & Agroalimentaire,Ndali,+229 49 92 10 15,ail.bénin@ailbéninndali.com.bj,,TPE (<10),B2C,Google Maps,4.4,Actif,2026-06-29T00:22:54.860795,moyenne
BJ-4D68CC4F,Tomate,Agriculture & Agroalimentaire,Ndali,+229 76 78 65 43,tomate@yahoo.fr,,Grande (>200),B2B,Google Maps,4.9,Actif,2026-06-29T00:22:54.860812,moyenne
BJ-021DD14C,Animale,Agriculture & Agroalimentaire,Ndali,+229 24 57 97 57,,animale.bj,Grande (>200),B2B,Google Maps,3.3,Actif,2026-06-29T00:22:54.860829,moyenne
BJ-47E9914E,Palme,Agriculture & Agroalimentaire,Ndali,+229 93 83 84 52,,,TPE (<10),B2B,Google Maps,3.2,Actif,2026-06-29T00:22:54.860841,basse
BJ-2D568053,Ets Engrais,Agriculture & Agroalimentaire,Ndali,+229 87 88 61 58,,etsengrais.bj,PME (10-50),B2B,Google Maps,4.6,Actif,2026-06-29T00:22:54.860854,moyenne
BJ-BE794C2E,Anacarde,Agriculture & Agroalimentaire,Ségbana,+229 65 36 50 11,anacarde@anacarde.bj,anacarde.bj,PME (10-50),B2B,Google Maps,4.5,Actif,2026-06-29T00:22:54.860877,haute
BJ-0A399C01,Ail,Agriculture & Agroalimentaire,Ségbana,+229 74 77 23 11,,,TPE (<10),B2C,Google Maps,4.6,Actif,2026-06-29T00:22:54.860910,basse
BJ-11387F64,Production Vétérinaire,Agriculture & Agroalimentaire,Ségbana,+229 22 80 58 76,,productionvétérinaire.bj,PME (50-200),B2B,Google Maps,4.8,Actif,2026-06-29T00:22:54.860933,moyenne
BJ-84F85CEB,Porc Bénin Ségbana,Agriculture & Agroalimentaire,Ségbana,+229 50 69 89 65,,,Grande (>200),B2C,Google Maps,3.9,Actif,2026-06-29T00:22:54.860946,basse
BJ-69C9071D,Bœuf Bénin,Agriculture & Agroalimentaire,Ségbana,+229 51 69 93 44,,bœufbénin.bj,TPE (<10),B2B,Google Maps,4.5,Actif,2026-06-29T00:22:54.860962,moyenne
BJ-AA980699,Ferme Coop,Agriculture & Agroalimentaire,Tchaourou,+229 67 78 96 61,,,PME (10-50),B2B,Google Maps,4.7,Actif,2026-06-29T00:22:54.860981,basse
BJ-726C5347,Coopérative Gombo,Agriculture & Agroalimentaire,Tchaourou,+229 71 17 77 73,,,PME (10-50),B2B,Google Maps,4.0,Actif,2026-06-29T00:22:54.860994,basse
BJ-D98A5BF6,Agro Igname,Agriculture & Agroalimentaire,Tchaourou,+229 63 33 39 29,,agroigname.bj,TPE (<10),B2C,Google Maps,3.8,Actif,2026-06-29T00:22:54.861011,moyenne
BJ-543A86C3,Riz Agro,Agriculture & Agroalimentaire,Tchaourou,+229 52 82 41 55,,rizagro.bj,TPE (<10),B2C,Google Maps,3.6,Actif,2026-06-29T00:22:54.861025,moyenne
BJ-D5F28634,Ets Igname Plantation,Agriculture & Agroalimentaire,Tchaourou,+229 59 88 22 86,,,PME (10-50),B2B,Google Maps,3.4,Actif,2026-06-29T00:22:54.861041,basse
BJ-B1F75A09,Coopérative Taro Farm,Agriculture & Agroalimentaire,Bétérou,+229 58 12 28 47,coopérativetaro@coopérativetaro.bj,coopérativetarofarm.bj,PME (50-200),B2B,Google Maps,3.2,Actif,2026-06-29T00:22:54.861068,haute
BJ-365D3F99,Agro Porc Production Bétérou,Agriculture & Agroalimentaire,Bétérou,+229 21 43 25 66,,agroporcproductionbétérou.bj,TPE (<10),B2B,Google Maps,3.4,Actif,2026-06-29T00:22:54.861083,moyenne
BJ-42BDB943,Œuf Africa Bétérou,Agriculture & Agroalimentaire,Bétérou,+229 29 94 21 93,œ.africa@gmail.com,œufafricabétérou.bj,PME (50-200),B2B,Google Maps,3.7,Actif,2026-06-29T00:22:54.861106,haute
BJ-F3D4319A,Ananas Groupe Bétérou,Agriculture & Agroalimentaire,Bétérou,+229 54 84 19 42,,ananasgroupebétérou.bj,PME (10-50),B2C,Google Maps,4.3,Actif,2026-06-29T00:22:54.861120,moyenne
BJ-8120F05F,Domaine Porc,Agriculture & Agroalimentaire,Bétérou,+229 88 74 81 92,domaine_porc@domaineporc.com.bj,,TPE (<10),B2B,Google Maps,3.4,Actif,2026-06-29T00:22:54.861138,moyenne
BJ-BE6B824D,Ferme Alimentaire Ouessè,Agriculture & Agroalimentaire,Ouessè,+229 70 10 99 34,ferme.alimentaire@yahoo.com,fermealimentaireouessè.bj,TPE (<10),B2B,Google Maps,4.6,Actif,2026-06-29T00:22:54.861173,haute
BJ-B0432DFD,Production Ferme Bénin Ouessè,Agriculture & Agroalimentaire,Ouessè,+229 91 67 57 28,,productionfermebéninouessè.bj,TPE (<10),B2C,Google Maps,4.2,Actif,2026-06-29T00:22:54.861188,moyenne
BJ-293BFD9C,Engrais Production Ouessè,Agriculture & Agroalimentaire,Ouessè,+229 75 47 15 72,engrais.production@hotmail.com,engraisproductionouessè.bj,PME (10-50),B2B,Google Maps,4.1,Actif,2026-06-29T00:22:54.861211,haute
BJ-0ED0D10F,Cire Bénin,Agriculture & Agroalimentaire,Ouessè,+229 53 40 50 67,,,PME (50-200),B2B,Google Maps,3.6,Actif,2026-06-29T00:22:54.861239,basse
BJ-391A77A2,Agro Oignon,Agriculture & Agroalimentaire,Glazoué,+229 26 87 71 88,agrooignon@agrooignon.com.bj,agrooignon.bj,PME (10-50),B2B,Google Maps,3.4,Actif,2026-06-29T00:22:54.861284,haute
BJ-4E26F3B4,Agro Ferme Glazoué,Agriculture & Agroalimentaire,Glazoué,+229 30 52 19 90,,agrofermeglazoué.bj,TPE (<10),B2B,Google Maps,3.9,Actif,2026-06-29T00:22:54.861297,moyenne
BJ-A4D6234A,Œuf,Agriculture & Agroalimentaire,Glazoué,+229 77 74 38 77,œuf@œuf.bj,,TPE (<10),B2B,Google Maps,3.7,Actif,2026-06-29T00:22:54.861314,moyenne
BJ-235230DB,Gombo Production,Agriculture & Agroalimentaire,Glazoué,+229 48 80 46 81,g.production@gomboproduction.bj,gomboproduction.bj,PME (50-200),B2C,Google Maps,4.8,Actif,2026-06-29T00:22:54.861336,haute
BJ-F6743A33,Oignon,Agriculture & Agroalimentaire,Dassa-Zoumè,+229 51 49 49 19,oignon@yahoo.fr,oignon.bj,PME (10-50),B2B,Google Maps,3.8,Actif,2026-06-29T00:22:54.861358,haute
BJ-D260D3B3,Groupe Palme SARL Dassa-Zoumè,Agriculture & Agroalimentaire,Dassa-Zoumè,+229 98 36 98 29,groupe.palme@yahoo.com,,PME (10-50),B2B,Google Maps,3.4,Actif,2026-06-29T00:22:54.861377,moyenne
BJ-99FE80F1,Oignon Production,Agriculture & Agroalimentaire,Dassa-Zoumè,+229 49 11 54 71,,oignonproduction.bj,PME (50-200),B2B,Google Maps,3.2,Actif,2026-06-29T00:22:54.861393,moyenne
BJ-9F91CBD5,Karité Plantation,Agriculture & Agroalimentaire,Dassa-Zoumè,+229 61 46 30 62,,karitéplantation.bj,PME (10-50),B2B,Google Maps,3.1,Actif,2026-06-29T00:22:54.861407,moyenne
BJ-1A7B7415,SARL Gombo,Agriculture & Agroalimentaire,Dassa-Zoumè,+229 53 23 81 12,sarlgombo@yahoo.com,sarlgombo.bj,PME (10-50),B2C,Google Maps,3.7,Actif,2026-06-29T00:22:54.861425,haute
BJ-1F899A9C,Ferme Engrais Savalou,Agriculture & Agroalimentaire,Savalou,+229 68 54 53 25,ferme.engrais@yahoo.com,fermeengraissavalou.bj,TPE (<10),B2B,Google Maps,3.1,Actif,2026-06-29T00:22:54.861450,haute
BJ-F63BBF81,Agro Lait,Agriculture & Agroalimentaire,Savalou,+229 29 26 14 32,,,Grande (>200),B2B,Google Maps,4.5,Actif,2026-06-29T00:22:54.861463,basse
BJ-EA57405B,Karité Savalou,Agriculture & Agroalimentaire,Savalou,+229 66 30 53 25,karité.savalou@outlook.com,karitésavalou.bj,PME (50-200),B2B,Google Maps,3.6,Actif,2026-06-29T00:22:54.861482,haute
BJ-C2F14D02,Domaine Agro Africa,Agriculture & Agroalimentaire,Savalou,+229 81 16 25 35,,,PME (10-50),B2B,Google Maps,4.2,Actif,2026-06-29T00:22:54.861495,basse
BJ-DE3AB080,Gombo Plantation,Agriculture & Agroalimentaire,Savalou,+229 91 35 86 50,gombo_plantation@yahoo.fr,,PME (10-50),B2B,Google Maps,4.6,Actif,2026-06-29T00:22:54.861511,moyenne
BJ-00DFC23A,Anacarde,Agriculture & Agroalimentaire,Bantè,+229 55 39 13 97,anacarde@hotmail.com,anacarde.bj,TPE (<10),B2C,Google Maps,3.9,Actif,2026-06-29T00:22:54.861533,haute
BJ-AC3C5476,Porc Bénin Bantè,Agriculture & Agroalimentaire,Bantè,+229 65 46 35 49,,porcbéninbantè.bj,PME (10-50),B2C,Google Maps,4.7,Actif,2026-06-29T00:22:54.861548,moyenne
BJ-FE039750,Aubergine Ets,Agriculture & Agroalimentaire,Bantè,+229 89 78 50 45,aubergine.ets@hotmail.com,,PME (50-200),B2C,Google Maps,3.3,Actif,2026-06-29T00:22:54.861569,moyenne
BJ-D046D35E,Aquaculture Bénin,Agriculture & Agroalimentaire,Bantè,+229 54 45 51 99,aquaculture.bénin@hotmail.com,,PME (10-50),B2B,Google Maps,3.4,Actif,2026-06-29T00:22:54.861587,moyenne
BJ-8C022DCC,Agro Élevage Bantè,Agriculture & Agroalimentaire,Bantè,+229 63 14 82 22,agro.élevage@agroélevagebant.bj,agroélevagebantè.bj,PME (50-200),B2B,Google Maps,3.6,Actif,2026-06-29T00:22:54.861611,haute
BJ-3C37F9CC,Ferme Fromage Djougou,Agriculture & Agroalimentaire,Djougou,+229 84 59 82 63,ferme.fromage@fermefromagedjo.org.bj,,TPE (<10),B2B,Google Maps,3.9,Actif,2026-06-29T00:22:54.861641,moyenne
BJ-AF549EDB,Ets Gombo Coop,Agriculture & Agroalimentaire,Djougou,+229 27 60 47 12,etsgombo@etsgombocoop.bj,,PME (50-200),B2B,Google Maps,3.0,Actif,2026-06-29T00:22:54.861661,moyenne
BJ-8D028414,Agro Anacarde Africa,Agriculture & Agroalimentaire,Djougou,+229 88 13 40 79,,,TPE (<10),B2C,Google Maps,4.0,Actif,2026-06-29T00:22:54.861674,basse
BJ-5A64DECC,Légume SARL Djougou,Agriculture & Agroalimentaire,Djougou,+229 67 67 54 95,légumesarl@yahoo.com,,PME (50-200),B2B,Google Maps,4.3,Actif,2026-06-29T00:22:54.861692,moyenne
BJ-D067215E,Ets Aquaculture,Agriculture & Agroalimentaire,Djougou,+229 62 43 29 38,ets.aquaculture@etsaquaculture.org.bj,,TPE (<10),B2C,Google Maps,3.5,Actif,2026-06-29T00:22:54.861713,moyenne
BJ-865B5B34,Vétérinaire,Agriculture & Agroalimentaire,Ouèssè,+229 30 79 11 27,vétérinaire@vétérinaire.bj,vétérinaire.bj,PME (10-50),B2C,Google Maps,4.8,Actif,2026-06-29T00:22:54.861738,haute
BJ-07FA86BA,Maïs Agro,Agriculture & Agroalimentaire,Ouèssè,+229 60 78 50 46,maïsagro@maïsagro.org.bj,maïsagro.bj,Grande (>200),B2B,Google Maps,4.0,Actif,2026-06-29T00:22:54.861758,haute
BJ-CD9246C8,Œuf Agro,Agriculture & Agroalimentaire,Ouèssè,+229 57 40 68 82,œuf_agro@yahoo.com,,PME (10-50),B2C,Google Maps,3.7,Actif,2026-06-29T00:22:54.861795,moyenne
BJ-B022B9D9,Agro Miel Ouèssè,Agriculture & Agroalimentaire,Ouèssè,+229 93 18 84 31,agromiel@outlook.com,,PME (10-50),B2B,Google Maps,3.4,Actif,2026-06-29T00:22:54.861813,moyenne
BJ-4EACBE18,Agro Tomate Africa,Agriculture & Agroalimentaire,Bassila,+229 73 21 24 39,,agrotomateafrica.bj,TPE (<10),B2B,Google Maps,3.3,Actif,2026-06-29T00:22:54.861834,moyenne
BJ-1BA800C6,Piment,Agriculture & Agroalimentaire,Bassila,+229 37 51 74 52,piment@hotmail.com,,TPE (<10),B2C,Google Maps,4.7,Actif,2026-06-29T00:22:54.861849,moyenne
BJ-B8DE26E4,Santé Production Bassila,Agriculture & Agroalimentaire,Bassila,+229 35 96 50 39,santé.production@outlook.com,santéproductionbassila.bj,PME (50-200),B2B,Google Maps,3.8,Actif,2026-06-29T00:22:54.861868,haute
BJ-1C43D64D,SARL Élevage Production,Agriculture & Agroalimentaire,Bassila,+229 78 74 26 27,,sarlélevageproduction.bj,PME (50-200),B2C,Google Maps,4.0,Actif,2026-06-29T00:22:54.861882,moyenne
BJ-C93913D5,Animale,Agriculture & Agroalimentaire,Bassila,+229 54 69 50 61,animale@gmail.com,animale.bj,TPE (<10),B2B,Google Maps,4.2,Actif,2026-06-29T00:22:54.861916,haute
BJ-3442AF23,Agro Plantation,Agriculture & Agroalimentaire,Pehunco,+229 43 29 96 55,,agroplantation.bj,TPE (<10),B2B,Google Maps,4.8,Actif,2026-06-29T00:22:54.861939,moyenne
BJ-B10DF58D,Cacao Farm,Agriculture & Agroalimentaire,Pehunco,+229 53 24 37 75,,,TPE (<10),B2C,Google Maps,3.5,Actif,2026-06-29T00:22:54.861952,basse
BJ-4C079F69,Ets Karité,Agriculture & Agroalimentaire,Pehunco,+229 91 32 81 71,e.karité@gmail.com,etskarité.bj,Grande (>200),B2C,Google Maps,3.8,Actif,2026-06-29T00:22:54.861984,haute
BJ-5225FE9B,Ail SARL,Agriculture & Agroalimentaire,Pehunco,+229 66 51 95 84,,ailsarl.bj,TPE (<10),B2C,Google Maps,3.5,Actif,2026-06-29T00:22:54.861999,moyenne
BJ-7C2ABDB6,Manioc,Agriculture & Agroalimentaire,Pehunco,+229 32 83 92 16,manioc@manioc.bj,manioc.bj,TPE (<10),B2B,Google Maps,4.9,Actif,2026-06-29T00:22:54.862018,haute
BJ-E70FBD7C,Maïs Coop,Agriculture & Agroalimentaire,Copargo,+229 98 24 25 85,maïscoop@maïscoop.com.bj,maïscoop.bj,Grande (>200),B2C,Google Maps,4.6,Actif,2026-06-29T00:22:54.862045,haute
BJ-D4228CBF,Oignon,Agriculture & Agroalimentaire,Copargo,+229 67 36 79 15,,oignon.bj,PME (50-200),B2C,Google Maps,4.5,Actif,2026-06-29T00:22:54.862058,moyenne
BJ-C3AA62A6,Patate,Agriculture & Agroalimentaire,Copargo,+229 67 87 20 43,patate@yahoo.fr,,PME (10-50),B2C,Google Maps,3.2,Actif,2026-06-29T00:22:54.862072,moyenne
BJ-6F61831A,Exploitation Cire Farm,Agriculture & Agroalimentaire,Copargo,+229 37 56 23 83,exploitationcire@outlook.com,,TPE (<10),B2C,Google Maps,3.7,Actif,2026-06-29T00:22:54.862090,moyenne
BJ-4C489065,Ets Ananas,Agriculture & Agroalimentaire,Copargo,+229 40 50 22 90,e.ananas@etsananas.org.bj,etsananas.bj,PME (10-50),B2B,Google Maps,3.5,Actif,2026-06-29T00:22:54.862143,haute
BJ-03F8BD06,Formation Privé École,Éducation & Formation,Cotonou,+229 37 99 67 30,formation.privé@formationprivéé.com.bj,formationprivéécole.bj,TPE (<10),B2B,Google Maps,4.4,Actif,2026-06-29T00:22:54.862189,haute
BJ-DC725F0A,Lycée Droit Cotonou,Éducation & Formation,Cotonou,+229 84 19 15 51,l.droit@lycéedroitcoton.com.bj,lycéedroitcotonou.bj,PME (50-200),B2C,Google Maps,4.5,Actif,2026-06-29T00:22:54.862212,haute
BJ-5E943B87,Formation Secondaire International,Éducation & Formation,Cotonou,+229 84 75 23 26,formation.secondaire@yahoo.com,,TPE (<10),B2C,Google Maps,3.7,Actif,2026-06-29T00:22:54.862250,moyenne
BJ-805069E9,Protestant University,Éducation & Formation,Cotonou,+229 72 96 37 88,p.university@protestantunive.org.bj,protestantuniversity.bj,PME (10-50),B2B,Google Maps,5.0,Actif,2026-06-29T00:22:54.862273,haute
BJ-9E20A9A1,Protestant Formation Abomey-Calavi,Éducation & Formation,Abomey-Calavi,+229 54 53 99 12,protestant.formation@gmail.com,protestantformationabomeycalavi.bj,Grande (>200),B2C,Google Maps,4.5,Actif,2026-06-29T00:22:54.862329,haute
BJ-51B6713B,Ingénierie College,Éducation & Formation,Abomey-Calavi,+229 85 94 17 90,ingénierie.college@yahoo.com,ingénieriecollege.bj,PME (10-50),B2C,Google Maps,3.1,Actif,2026-06-29T00:22:54.862371,haute
BJ-02AB614B,Compétence,Éducation & Formation,Abomey-Calavi,+229 42 78 23 11,,compétence.bj,PME (10-50),B2B,Google Maps,4.0,Actif,2026-06-29T00:22:54.862402,moyenne
BJ-FCB4A972,Centre Éducation,Éducation & Formation,Abomey-Calavi,+229 38 58 20 12,,centreéducation.bj,TPE (<10),B2C,Google Maps,3.9,Actif,2026-06-29T00:22:54.862436,moyenne
BJ-77669C4F,Lycée Privé,Éducation & Formation,Abomey-Calavi,+229 24 31 71 79,l.privé@lycéeprivé.com.bj,lycéeprivé.bj,TPE (<10),B2C,Google Maps,3.0,Actif,2026-06-29T00:22:54.862475,haute
BJ-5BBFEF9C,Langue Porto-Novo,Éducation & Formation,Porto-Novo,+229 79 77 17 32,langue.porto@gmail.com,langueportonovo.bj,Grande (>200),B2C,Google Maps,3.6,Actif,2026-06-29T00:22:54.862522,haute
BJ-6504772F,Finance,Éducation & Formation,Porto-Novo,+229 55 26 95 14,,finance.bj,TPE (<10),B2B,Google Maps,3.2,Actif,2026-06-29T00:22:54.862551,moyenne
BJ-D372967B,Apprentissage Training,Éducation & Formation,Porto-Novo,+229 63 86 32 74,,,Grande (>200),B2B,Google Maps,4.8,Actif,2026-06-29T00:22:54.862582,basse
BJ-A632A5A9,Privé Formation Porto-Novo,Éducation & Formation,Porto-Novo,+229 99 95 94 10,privéformation@yahoo.fr,privéformationportonovo.bj,TPE (<10),B2C,Google Maps,3.2,Actif,2026-06-29T00:22:54.862623,haute
BJ-AF649AA5,Formation Formation International,Éducation & Formation,Porto-Novo,+229 20 27 64 75,formation.formation@gmail.com,formationformationinternational.bj,TPE (<10),B2C,Google Maps,3.6,Actif,2026-06-29T00:22:54.862646,haute
BJ-E0A75DFC,Enseignement Apprentissage University,Éducation & Formation,Parakou,+229 89 11 13 25,enseignement.apprentissage@yahoo.fr,enseignementapprentissageuniversity.bj,TPE (<10),B2B,Google Maps,3.4,Actif,2026-06-29T00:22:54.862671,haute
BJ-270A0631,Cours Licence,Éducation & Formation,Parakou,+229 75 84 52 78,courslicence@yahoo.fr,courslicence.bj,PME (10-50),B2C,Google Maps,4.0,Actif,2026-06-29T00:22:54.862690,haute
BJ-36CE7D48,Comptabilité,Éducation & Formation,Parakou,+229 27 76 94 88,comptabilité@comptabilité.com.bj,comptabilité.bj,TPE (<10),B2C,Google Maps,4.1,Actif,2026-06-29T00:22:54.862708,haute
BJ-FC4E8211,Collège Art School,Éducation & Formation,Parakou,+229 27 17 77 88,,collègeartschool.bj,PME (10-50),B2B,Google Maps,4.8,Actif,2026-06-29T00:22:54.862723,moyenne
BJ-1F27EF2B,Formation Savoir College,Éducation & Formation,Parakou,+229 22 63 20 32,,,PME (10-50),B2B,Google Maps,4.1,Actif,2026-06-29T00:22:54.862736,basse
BJ-89546335,Technique Academy Bohicon,Éducation & Formation,Bohicon,+229 74 60 76 22,technique_academy@hotmail.com,techniqueacademybohicon.bj,PME (10-50),B2C,Google Maps,3.2,Actif,2026-06-29T00:22:54.862770,haute
BJ-0751B560,École Communication Bohicon,Éducation & Formation,Bohicon,+229 28 36 16 39,,écolecommunicationbohicon.bj,TPE (<10),B2B,Google Maps,4.6,Actif,2026-06-29T00:22:54.862786,moyenne
BJ-9D28C3DB,Professionnel,Éducation & Formation,Bohicon,+229 20 98 13 77,professionnel@yahoo.com,,TPE (<10),B2B,Google Maps,4.6,Actif,2026-06-29T00:22:54.862806,moyenne
BJ-2BE6ABEF,Ingénierie,Éducation & Formation,Bohicon,+229 54 51 15 69,,ingénierie.bj,TPE (<10),B2B,Google Maps,4.9,Actif,2026-06-29T00:22:54.862820,moyenne
BJ-1DF3139A,Primaire,Éducation & Formation,Bohicon,+229 82 30 47 24,,primaire.bj,PME (50-200),B2B,Google Maps,3.7,Actif,2026-06-29T00:22:54.862836,moyenne
BJ-471550B9,Enseignement Diplôme,Éducation & Formation,Natitingou,+229 87 56 18 52,enseignement_diplôme@hotmail.com,enseignementdiplôme.bj,TPE (<10),B2B,Google Maps,3.4,Actif,2026-06-29T00:22:54.862863,haute
BJ-2241F3C6,Liberté International,Éducation & Formation,Natitingou,+229 79 39 38 60,libertéinternational@libertéinternat.bj,libertéinternational.bj,PME (50-200),B2C,Google Maps,4.2,Actif,2026-06-29T00:22:54.862884,haute
BJ-7D5EE198,Secondaire,Éducation & Formation,Natitingou,+229 94 79 24 99,secondaire@hotmail.com,secondaire.bj,PME (10-50),B2C,Google Maps,4.7,Actif,2026-06-29T00:22:54.862915,haute
BJ-636457A7,École Art Natitingou,Éducation & Formation,Natitingou,+229 20 59 46 96,é.art@outlook.com,,PME (10-50),B2C,Google Maps,3.5,Actif,2026-06-29T00:22:54.862947,moyenne
BJ-B7260548,École Savoir School Lokossa,Éducation & Formation,Lokossa,+229 45 11 98 19,,écolesavoirschoollokossa.bj,TPE (<10),B2B,Google Maps,3.3,Actif,2026-06-29T00:22:54.862969,moyenne
BJ-38B0EF61,Musique,Éducation & Formation,Lokossa,+229 59 14 84 96,musique@musique.bj,,PME (10-50),B2C,Google Maps,3.5,Actif,2026-06-29T00:22:54.862985,moyenne
BJ-6BE67706,Excellence École,Éducation & Formation,Lokossa,+229 32 12 73 19,excellence.école@excellenceécole.com.bj,,PME (10-50),B2C,Google Maps,3.7,Actif,2026-06-29T00:22:54.863007,moyenne
BJ-8ABD5CD0,École Diplôme,Éducation & Formation,Lokossa,+229 44 10 83 41,école_diplôme@écolediplôme.bj,écolediplôme.bj,TPE (<10),B2C,Google Maps,4.0,Actif,2026-06-29T00:22:54.863028,haute
BJ-4FC907ED,Architecture Lycée,Éducation & Formation,Lokossa,+229 20 45 93 23,architecturelycée@architecturelyc.org.bj,architecturelycée.bj,TPE (<10),B2B,Google Maps,4.8,Actif,2026-06-29T00:22:54.863047,haute
BJ-8970C62C,École Finance Lycée,Éducation & Formation,Ouidah,+229 20 43 85 86,écolefinance@outlook.com,écolefinancelycée.bj,Grande (>200),B2B,Google Maps,3.3,Actif,2026-06-29T00:22:54.863072,haute
BJ-3BF95869,Architecture Formation,Éducation & Formation,Ouidah,+229 87 40 54 98,architectureformation@architecturefor.org.bj,architectureformation.bj,TPE (<10),B2C,Google Maps,4.6,Actif,2026-06-29T00:22:54.863091,haute
BJ-18F1D30F,Apprentissage Ouidah,Éducation & Formation,Ouidah,+229 61 12 79 96,apprentissage.ouidah@gmail.com,apprentissageouidah.bj,PME (10-50),B2C,Google Maps,4.0,Actif,2026-06-29T00:22:54.863129,haute
BJ-3EDA1252,Lycée Privé College Ouidah,Éducation & Formation,Ouidah,+229 62 17 17 46,lycéeprivé@lycéeprivécolle.bj,lycéeprivécollegeouidah.bj,Grande (>200),B2C,Google Maps,3.8,Actif,2026-06-29T00:22:54.863150,haute
BJ-84654D15,Diplôme,Éducation & Formation,Savalou,+229 69 46 99 87,diplôme@diplôme.bj,diplôme.bj,PME (50-200),B2C,Google Maps,4.2,Actif,2026-06-29T00:22:54.863174,haute
BJ-1280FE78,Cours Communication,Éducation & Formation,Savalou,+229 69 15 66 12,,courscommunication.bj,PME (50-200),B2B,Google Maps,4.1,Actif,2026-06-29T00:22:54.863210,moyenne
BJ-3BB90F22,École Primaire,Éducation & Formation,Savalou,+229 30 25 16 77,écoleprimaire@hotmail.com,écoleprimaire.bj,TPE (<10),B2C,Google Maps,4.7,Actif,2026-06-29T00:22:54.863232,haute
BJ-7D96A0BB,Formation Comptabilité University Savalou,Éducation & Formation,Savalou,+229 29 13 28 65,formation_comptabilité@formationcompta.bj,formationcomptabilitéuniversitysavalou.bj,TPE (<10),B2B,Google Maps,4.7,Actif,2026-06-29T00:22:54.863253,haute
BJ-086E9A76,Lycée Diplôme Academy Dassa-Zoumè,Éducation & Formation,Dassa-Zoumè,+229 55 89 70 33,,lycéediplômeacademydassazoumè.bj,TPE (<10),B2C,Google Maps,5.0,Actif,2026-06-29T00:22:54.863277,moyenne
BJ-1BBBC7B0,Public Dassa-Zoumè,Éducation & Formation,Dassa-Zoumè,+229 57 32 37 85,p.dassa@publicdassazoum.org.bj,publicdassazoumè.bj,TPE (<10),B2B,Google Maps,4.2,Actif,2026-06-29T00:22:54.863297,haute
BJ-C0D3218F,Institut Doctorat School,Éducation & Formation,Dassa-Zoumè,+229 80 62 16 61,institut_doctorat@yahoo.fr,,PME (50-200),B2B,Google Maps,4.3,Actif,2026-06-29T00:22:54.863314,moyenne
BJ-E97AA40B,Français College Dassa-Zoumè,Éducation & Formation,Dassa-Zoumè,+229 20 87 63 44,françaiscollege@françaiscollege.com.bj,,PME (50-200),B2B,Google Maps,4.3,Actif,2026-06-29T00:22:54.863333,moyenne
BJ-1E567421,Danse,Éducation & Formation,Dassa-Zoumè,+229 81 27 30 46,danse@danse.org.bj,danse.bj,PME (10-50),B2B,Google Maps,3.5,Actif,2026-06-29T00:22:54.863350,haute
BJ-4AB132F9,Académie Marketing School,Éducation & Formation,Kétou,+229 68 58 44 76,académie.marketing@yahoo.fr,,PME (50-200),B2C,Google Maps,4.8,Actif,2026-06-29T00:22:54.863375,moyenne
BJ-9F87123C,École Espagnol School,Éducation & Formation,Kétou,+229 72 63 64 64,écoleespagnol@écoleespagnolsc.bj,écoleespagnolschool.bj,PME (50-200),B2C,Google Maps,3.9,Actif,2026-06-29T00:22:54.863414,haute
BJ-95897386,Lycée Secondaire Kétou,Éducation & Formation,Kétou,+229 22 61 62 71,l.secondaire@outlook.com,lycéesecondairekétou.bj,PME (10-50),B2C,Google Maps,4.5,Actif,2026-06-29T00:22:54.863433,haute
BJ-67E5E8E2,Institut RH,Éducation & Formation,Kétou,+229 97 52 57 93,institut@institutrh.com.bj,institutrh.bj,TPE (<10),B2C,Google Maps,4.0,Actif,2026-06-29T00:22:54.863450,haute
BJ-E2BFF106,Université Français School,Éducation & Formation,Covè,+229 90 86 72 30,,universitéfrançaisschool.bj,TPE (<10),B2B,Google Maps,4.4,Actif,2026-06-29T00:22:54.863471,moyenne
BJ-546B870F,Institut Connaissance,Éducation & Formation,Covè,+229 25 98 21 59,institut.connaissance@hotmail.com,institutconnaissance.bj,PME (50-200),B2C,Google Maps,4.4,Actif,2026-06-29T00:22:54.863492,haute
BJ-FE10F0BD,Comptabilité Formation,Éducation & Formation,Covè,+229 36 13 57 61,comptabilité.formation@hotmail.com,comptabilitéformation.bj,PME (50-200),B2C,Google Maps,3.3,Actif,2026-06-29T00:22:54.863530,haute
BJ-852A0583,Communication Academy,Éducation & Formation,Covè,+229 45 71 98 41,,communicationacademy.bj,TPE (<10),B2C,Google Maps,4.8,Actif,2026-06-29T00:22:54.863543,moyenne
BJ-A9AAA710,RH Academy,Éducation & Formation,Pobè,+229 48 55 63 28,academy@yahoo.com,rhacademy.bj,PME (50-200),B2B,Google Maps,4.0,Actif,2026-06-29T00:22:54.863586,haute
BJ-C704EDC7,Langue,Éducation & Formation,Pobè,+229 92 56 34 82,langue@langue.com.bj,langue.bj,PME (10-50),B2B,Google Maps,4.3,Actif,2026-06-29T00:22:54.863605,haute
BJ-FB50A3F3,Lycée Cuisine,Éducation & Formation,Pobè,+229 21 24 64 22,lycée.cuisine@yahoo.com,lycéecuisine.bj,TPE (<10),B2B,Google Maps,3.9,Actif,2026-06-29T00:22:54.863636,haute
BJ-9ED8A79B,Médecine,Éducation & Formation,Sakété,+229 41 75 17 13,médecine@hotmail.com,,TPE (<10),B2B,Google Maps,4.0,Actif,2026-06-29T00:22:54.863662,moyenne
BJ-477277FE,MBA Institute,Éducation & Formation,Sakété,+229 58 61 94 91,mbainstitute@yahoo.com,mbainstitute.bj,TPE (<10),B2C,Google Maps,4.3,Actif,2026-06-29T00:22:54.863699,haute
BJ-C1EEE448,Supérieur,Éducation & Formation,Sakété,+229 61 53 36 67,supérieur@supérieur.com.bj,supérieur.bj,TPE (<10),B2B,Google Maps,4.7,Actif,2026-06-29T00:22:54.863741,haute
BJ-4F39E68E,Université Diplôme,Éducation & Formation,Sakété,+229 77 45 20 80,u.diplôme@universitédiplô.com.bj,universitédiplôme.bj,TPE (<10),B2B,Google Maps,3.2,Actif,2026-06-29T00:22:54.863789,haute
BJ-34863DC8,Droit,Éducation & Formation,Sakété,+229 79 49 23 61,droit@droit.bj,droit.bj,TPE (<10),B2C,Google Maps,3.5,Actif,2026-06-29T00:22:54.863822,haute
BJ-B8E13A1C,Collège National College,Éducation & Formation,Adjara,+229 45 45 48 32,collègenational@collègenational.com.bj,collègenationalcollege.bj,PME (10-50),B2C,Google Maps,3.2,Actif,2026-06-29T00:22:54.863871,haute
BJ-C265F0D3,Université RH,Éducation & Formation,Adjara,+229 30 79 90 25,université@yahoo.fr,universitérh.bj,PME (10-50),B2C,Google Maps,3.1,Actif,2026-06-29T00:22:54.863910,haute
BJ-F67F25BE,Enseignement Technique,Éducation & Formation,Adjara,+229 73 86 70 62,,enseignementtechnique.bj,PME (10-50),B2C,Google Maps,3.9,Actif,2026-06-29T00:22:54.863929,moyenne
BJ-D03D139F,Enseignement Supérieur Bénin,Éducation & Formation,Adjara,+229 72 24 63 88,,enseignementsupérieurbénin.bj,Grande (>200),B2C,Google Maps,3.4,Actif,2026-06-29T00:22:54.863945,moyenne
BJ-30968106,Design International Adjara,Éducation & Formation,Adjara,+229 86 50 59 79,,,TPE (<10),B2B,Google Maps,4.9,Actif,2026-06-29T00:22:54.863961,basse
BJ-8679AF88,Académie Supérieur Allada,Éducation & Formation,Allada,+229 36 65 24 44,académiesupérieur@académiesupérie.bj,académiesupérieurallada.bj,Grande (>200),B2C,Google Maps,3.9,Actif,2026-06-29T00:22:54.863989,haute
BJ-F68A45D2,Enseignement Développement University,Éducation & Formation,Allada,+229 61 44 27 58,enseignementdéveloppement@enseignementdév.org.bj,enseignementdéveloppementuniversity.bj,PME (50-200),B2C,Google Maps,3.8,Actif,2026-06-29T00:22:54.864010,haute
BJ-2D77AF36,Collège Licence Formation Allada,Éducation & Formation,Allada,+229 86 98 88 75,c.licence@yahoo.fr,collègelicenceformationallada.bj,PME (10-50),B2C,Google Maps,3.4,Actif,2026-06-29T00:22:54.864031,haute
BJ-130313ED,Enseignement MBA Academy,Éducation & Formation,Allada,+229 54 80 86 55,enseignement_mba@gmail.com,enseignementmbaacademy.bj,PME (50-200),B2C,Google Maps,3.9,Actif,2026-06-29T00:22:54.864049,haute
BJ-35E9976A,Privé University Allada,Éducation & Formation,Allada,+229 96 65 17 76,privéuniversity@privéuniversity.org.bj,privéuniversityallada.bj,PME (50-200),B2C,Google Maps,3.5,Actif,2026-06-29T00:22:54.864069,haute
BJ-8CAB35E1,Formation Français University,Éducation & Formation,Aplahoué,+229 77 27 33 69,formation.français@formationfrança.org.bj,formationfrançaisuniversity.bj,Grande (>200),B2B,Google Maps,3.0,Actif,2026-06-29T00:22:54.864095,haute
BJ-FCBC0E55,Formation Supérieur Aplahoué,Éducation & Formation,Aplahoué,+229 21 66 44 99,formation_supérieur@hotmail.com,formationsupérieuraplahoué.bj,TPE (<10),B2C,Google Maps,4.0,Actif,2026-06-29T00:22:54.864114,haute
BJ-F3F1144E,Secondaire School,Éducation & Formation,Aplahoué,+229 70 45 52 60,secondaire.school@secondaireschoo.com.bj,secondaireschool.bj,PME (10-50),B2B,Google Maps,4.2,Actif,2026-06-29T00:22:54.864136,haute
BJ-D2E5607B,Formation MBA Training,Éducation & Formation,Aplahoué,+229 38 89 51 38,formation.mba@outlook.com,formationmbatraining.bj,TPE (<10),B2B,Google Maps,3.3,Actif,2026-06-29T00:22:54.864155,haute
BJ-440AA05B,Langue,Éducation & Formation,Aplahoué,+229 81 97 91 67,langue@langue.com.bj,langue.bj,PME (10-50),B2C,Google Maps,4.8,Actif,2026-06-29T00:22:54.864170,haute
BJ-43144D1A,Enseignement Savoir,Éducation & Formation,Dogbo-Tota,+229 54 81 78 19,e.savoir@hotmail.com,,PME (10-50),B2C,Google Maps,3.3,Actif,2026-06-29T00:22:54.864194,moyenne
BJ-6A4142B9,Université Privé Academy,Éducation & Formation,Dogbo-Tota,+229 46 68 10 84,,universitéprivéacademy.bj,TPE (<10),B2C,Google Maps,3.1,Actif,2026-06-29T00:22:54.864209,moyenne
BJ-162380DC,Médecine,Éducation & Formation,Dogbo-Tota,+229 21 72 84 34,médecine@médecine.bj,,Grande (>200),B2B,Google Maps,3.0,Actif,2026-06-29T00:22:54.864224,moyenne
BJ-39D0053C,Architecture,Éducation & Formation,Dogbo-Tota,+229 87 74 14 86,architecture@architecture.com.bj,architecture.bj,Grande (>200),B2C,Google Maps,3.3,Actif,2026-06-29T00:22:54.864243,haute
BJ-BE18F8D2,Chinois Formation,Éducation & Formation,Dogbo-Tota,+229 66 23 14 37,chinois_formation@gmail.com,chinoisformation.bj,TPE (<10),B2C,Google Maps,4.2,Actif,2026-06-29T00:22:54.864261,haute
BJ-8568CFC1,Technique Lycée,Éducation & Formation,Kpomassè,+229 73 53 30 80,,techniquelycée.bj,PME (10-50),B2C,Google Maps,3.5,Actif,2026-06-29T00:22:54.864282,moyenne
BJ-45823479,Catholique Kpomassè,Éducation & Formation,Kpomassè,+229 46 71 95 28,catholiquekpomassè@yahoo.com,catholiquekpomassè.bj,Grande (>200),B2C,Google Maps,4.8,Actif,2026-06-29T00:22:54.864305,haute
BJ-08EE2275,Architecture College,Éducation & Formation,Kpomassè,+229 29 23 47 97,a.college@architecturecol.bj,architecturecollege.bj,Grande (>200),B2B,Google Maps,4.5,Actif,2026-06-29T00:22:54.864343,haute
BJ-C7B268A1,National Lycée,Éducation & Formation,Kpomassè,+229 89 29 44 47,,,TPE (<10),B2C,Google Maps,4.5,Actif,2026-06-29T00:22:54.864356,basse
BJ-C6CB5196,Métier Tori-Bossito,Éducation & Formation,Tori-Bossito,+229 48 90 93 53,métier.tori@hotmail.com,métiertoribossito.bj,TPE (<10),B2B,Google Maps,3.9,Actif,2026-06-29T00:22:54.864381,haute
BJ-BD829B37,Lycée Anglais Formation Tori-Bossito,Éducation & Formation,Tori-Bossito,+229 48 57 79 96,lycée.anglais@yahoo.fr,lycéeanglaisformationtoribossito.bj,TPE (<10),B2B,Google Maps,3.1,Actif,2026-06-29T00:22:54.864402,haute
BJ-9668C04C,Arabe Academy,Éducation & Formation,Tori-Bossito,+229 50 76 80 48,a.academy@arabeacademy.bj,arabeacademy.bj,TPE (<10),B2C,Google Maps,4.9,Actif,2026-06-29T00:22:54.864420,haute
BJ-FFDACF93,Primaire,Éducation & Formation,Tori-Bossito,+229 45 70 57 70,primaire@hotmail.com,primaire.bj,PME (10-50),B2C,Google Maps,4.5,Actif,2026-06-29T00:22:54.864435,haute
BJ-DF4AF5C6,Université Liberté École Tori-Bossito,Éducation & Formation,Tori-Bossito,+229 37 58 49 67,universitéliberté@yahoo.com,universitélibertéécoletoribossito.bj,TPE (<10),B2C,Google Maps,4.3,Actif,2026-06-29T00:22:54.864454,haute
BJ-532D14D8,Qualification,Éducation & Formation,Grand-Popo,+229 59 83 15 48,,qualification.bj,TPE (<10),B2B,Google Maps,4.2,Actif,2026-06-29T00:22:54.864487,moyenne
BJ-402CCF3F,Formation Privé,Éducation & Formation,Grand-Popo,+229 47 77 92 48,f.privé@formationprivé.bj,formationprivé.bj,PME (50-200),B2B,Google Maps,3.7,Actif,2026-06-29T00:22:54.864509,haute
BJ-1AE01323,Formation Éducation École,Éducation & Formation,Grand-Popo,+229 22 56 34 41,,formationéducationécole.bj,TPE (<10),B2C,Google Maps,3.2,Actif,2026-06-29T00:22:54.864524,moyenne
BJ-587923DB,Enseignement Langue,Éducation & Formation,Grand-Popo,+229 99 65 54 75,,,TPE (<10),B2C,Google Maps,4.2,Actif,2026-06-29T00:22:54.864536,basse
BJ-1C0ABACD,Liberté,Éducation & Formation,Athiémé,+229 92 39 55 92,,liberté.bj,Grande (>200),B2B,Google Maps,3.7,Actif,2026-06-29T00:22:54.864556,moyenne
BJ-93CB7F76,Architecture University Athiémé,Éducation & Formation,Athiémé,+229 84 54 22 72,architecture.university@yahoo.fr,architectureuniversityathiémé.bj,TPE (<10),B2B,Google Maps,4.5,Actif,2026-06-29T00:22:54.864580,haute
BJ-E05FAB88,Cours Supérieur,Éducation & Formation,Athiémé,+229 64 86 17 99,cours.supérieur@courssupérieur.org.bj,courssupérieur.bj,TPE (<10),B2B,Google Maps,3.7,Actif,2026-06-29T00:22:54.864599,haute
BJ-7354C5AE,Cuisine,Éducation & Formation,Athiémé,+229 79 35 52 85,cuisine@cuisine.org.bj,cuisine.bj,PME (10-50),B2C,Google Maps,4.0,Actif,2026-06-29T00:22:54.864614,haute
BJ-5F0C21A3,Académie Médecine School Athiémé,Éducation & Formation,Athiémé,+229 41 68 17 25,académie.médecine@académiemédecin.com.bj,académiemédecineschoolathiémé.bj,TPE (<10),B2C,Google Maps,3.1,Actif,2026-06-29T00:22:54.864634,haute
BJ-FEA12FD3,Cours Métier,Éducation & Formation,Bopa,+229 36 86 97 48,cours.métier@coursmétier.bj,coursmétier.bj,Grande (>200),B2B,Google Maps,3.6,Actif,2026-06-29T00:22:54.864659,haute
BJ-DCA8C8AB,Lycée International,Éducation & Formation,Bopa,+229 57 68 62 62,,lycéeinternational.bj,TPE (<10),B2B,Google Maps,3.5,Actif,2026-06-29T00:22:54.864673,moyenne
BJ-0074D5F6,Académie Architecture Lycée,Éducation & Formation,Bopa,+229 92 89 76 40,académie.architecture@yahoo.fr,académiearchitecturelycée.bj,TPE (<10),B2B,Google Maps,3.2,Actif,2026-06-29T00:22:54.864695,haute
BJ-CB3FE0AB,Professionnel Bopa,Éducation & Formation,Bopa,+229 45 68 21 33,p.bopa@professionnelbo.org.bj,,Grande (>200),B2B,Google Maps,4.1,Actif,2026-06-29T00:22:54.864714,moyenne
BJ-76772F00,Université Business,Éducation & Formation,Bopa,+229 88 20 97 18,u.business@hotmail.com,universitébusiness.bj,PME (10-50),B2B,Google Maps,4.6,Actif,2026-06-29T00:22:54.864732,haute
BJ-C9EDBC7B,Enseignement Public Institute,Éducation & Formation,Houéyogbé,+229 69 36 14 99,enseignement.public@yahoo.fr,enseignementpublicinstitute.bj,TPE (<10),B2B,Google Maps,3.9,Actif,2026-06-29T00:22:54.864759,haute
BJ-2887A34B,Connaissance University Houéyogbé,Éducation & Formation,Houéyogbé,+229 99 47 70 53,c.university@gmail.com,connaissanceuniversityhouéyogbé.bj,PME (10-50),B2C,Google Maps,4.7,Actif,2026-06-29T00:22:54.864779,haute
BJ-B5BAF1BF,Lycée Apprentissage University Houéyogbé,Éducation & Formation,Houéyogbé,+229 66 38 56 39,lycée.apprentissage@lycéeapprentiss.org.bj,lycéeapprentissageuniversityhouéyogbé.bj,TPE (<10),B2B,Google Maps,3.1,Actif,2026-06-29T00:22:54.864803,haute
BJ-4A8078C7,Formation Communication,Éducation & Formation,Houéyogbé,+229 78 60 17 31,formation_communication@formationcommun.com.bj,formationcommunication.bj,Grande (>200),B2B,Google Maps,3.3,Actif,2026-06-29T00:22:54.864821,haute
BJ-910F9DAA,Lycée Licence Training,Éducation & Formation,Houéyogbé,+229 22 20 43 69,l.licence@outlook.com,,TPE (<10),B2B,Google Maps,3.5,Actif,2026-06-29T00:22:54.864839,moyenne
BJ-F1AB97C2,Enseignement Art,Éducation & Formation,Malanville,+229 35 46 93 40,enseignementart@enseignementart.org.bj,enseignementart.bj,TPE (<10),B2C,Google Maps,4.3,Actif,2026-06-29T00:22:54.864864,haute
BJ-A0ABC3D1,Médecine,Éducation & Formation,Malanville,+229 27 96 11 51,médecine@outlook.com,médecine.bj,TPE (<10),B2B,Google Maps,4.2,Actif,2026-06-29T00:22:54.864879,haute
BJ-8A1CB51D,Académie Métier Formation,Éducation & Formation,Malanville,+229 78 92 95 73,a.métier@académiemétierf.com.bj,académiemétierformation.bj,PME (10-50),B2B,Google Maps,5.0,Actif,2026-06-29T00:22:54.864922,haute
BJ-E8B22197,Centre Espagnol,Éducation & Formation,Malanville,+229 98 32 83 99,c.espagnol@centreespagnol.org.bj,centreespagnol.bj,TPE (<10),B2C,Google Maps,3.6,Actif,2026-06-29T00:22:54.864946,haute
BJ-E60D295D,Architecture Formation Malanville,Éducation & Formation,Malanville,+229 74 70 36 88,architectureformation@architecturefor.com.bj,architectureformationmalanville.bj,TPE (<10),B2B,Google Maps,4.9,Actif,2026-06-29T00:22:54.864965,haute
BJ-38D038BD,Médecine,Éducation & Formation,Kandi,+229 45 16 90 97,médecine@médecine.com.bj,,PME (50-200),B2B,Google Maps,4.4,Actif,2026-06-29T00:22:54.864989,moyenne
BJ-2D901B6D,Centre Secondaire Formation,Éducation & Formation,Kandi,+229 73 39 85 18,centre.secondaire@centresecondair.bj,centresecondaireformation.bj,Grande (>200),B2C,Google Maps,4.2,Actif,2026-06-29T00:22:54.865007,haute
BJ-05CC1238,Informatique College,Éducation & Formation,Kandi,+229 52 43 79 61,informatique.college@outlook.com,,PME (50-200),B2C,Google Maps,3.8,Actif,2026-06-29T00:22:54.865024,moyenne
BJ-EB90D849,Collège MBA École,Éducation & Formation,Kandi,+229 86 76 48 89,,collègembaécole.bj,PME (50-200),B2B,Google Maps,3.2,Actif,2026-06-29T00:22:54.865043,moyenne
BJ-F4E237EB,Institut Pâtisserie,Éducation & Formation,Kandi,+229 24 97 97 64,institutpâtisserie@yahoo.fr,,Grande (>200),B2B,Google Maps,3.0,Actif,2026-06-29T00:22:54.865061,moyenne
BJ-0C5D4294,Liberté College,Éducation & Formation,Banikoara,+229 81 31 54 89,libertécollege@libertécollege.org.bj,,TPE (<10),B2C,Google Maps,3.9,Actif,2026-06-29T00:22:54.865087,moyenne
BJ-F0332593,Institut Formation University,Éducation & Formation,Banikoara,+229 83 80 16 88,i.formation@gmail.com,institutformationuniversity.bj,TPE (<10),B2C,Google Maps,4.9,Actif,2026-06-29T00:22:54.865104,haute
BJ-2FF0DD77,Cuisine Training,Éducation & Formation,Banikoara,+229 55 51 27 44,cuisine_training@yahoo.com,cuisinetraining.bj,PME (10-50),B2C,Google Maps,3.5,Actif,2026-06-29T00:22:54.865125,haute
BJ-6815E3E6,Langue Formation Banikoara,Éducation & Formation,Banikoara,+229 89 56 25 45,l.formation@langueformation.org.bj,langueformationbanikoara.bj,PME (50-200),B2C,Google Maps,3.7,Actif,2026-06-29T00:22:54.865143,haute
BJ-C42D18B2,Formation Chinois,Éducation & Formation,Banikoara,+229 20 35 61 64,formationchinois@formationchinoi.org.bj,,Grande (>200),B2B,Google Maps,4.7,Actif,2026-06-29T00:22:54.865160,moyenne
BJ-EABF2A48,Collège Business Ségbana,Éducation & Formation,Ségbana,+229 30 48 65 22,collègebusiness@collègebusiness.bj,collègebusinessségbana.bj,TPE (<10),B2C,Google Maps,3.4,Actif,2026-06-29T00:22:54.865188,haute
BJ-79B18A83,Doctorat Lycée,Éducation & Formation,Ségbana,+229 66 90 31 24,d.lycée@yahoo.fr,doctoratlycée.bj,Grande (>200),B2B,Google Maps,4.8,Actif,2026-06-29T00:22:54.865207,haute
BJ-41FDEECA,Formation Supérieur Ségbana,Éducation & Formation,Ségbana,+229 31 52 55 21,f.supérieur@hotmail.com,formationsupérieurségbana.bj,TPE (<10),B2C,Google Maps,3.8,Actif,2026-06-29T00:22:54.865229,haute
BJ-07AFFDED,Master Formation,Éducation & Formation,Ségbana,+229 26 10 59 84,masterformation@yahoo.com,,Grande (>200),B2C,Google Maps,4.4,Actif,2026-06-29T00:22:54.865245,moyenne
BJ-0C941EA6,Comptabilité Academy,Éducation & Formation,Ségbana,+229 82 42 73 61,comptabilitéacademy@yahoo.com,comptabilitéacademy.bj,TPE (<10),B2B,Google Maps,4.7,Actif,2026-06-29T00:22:54.865263,haute
BJ-0AEBFFF6,Centre Primaire University,Éducation & Formation,Karimama,+229 83 27 80 60,,centreprimaireuniversity.bj,PME (10-50),B2B,Google Maps,3.8,Actif,2026-06-29T00:22:54.865284,moyenne
BJ-6CD76671,Comptabilité Formation,Éducation & Formation,Karimama,+229 45 80 49 86,comptabilitéformation@comptabilitéfor.bj,comptabilitéformation.bj,Grande (>200),B2C,Google Maps,4.9,Actif,2026-06-29T00:22:54.865303,haute
BJ-84E904EC,Cours RH,Éducation & Formation,Karimama,+229 35 86 63 28,cours@coursrh.com.bj,coursrh.bj,PME (10-50),B2B,Google Maps,4.1,Actif,2026-06-29T00:22:54.865326,haute
BJ-42C5F271,Architecture École,Éducation & Formation,Karimama,+229 70 79 21 72,a.école@hotmail.com,architectureécole.bj,TPE (<10),B2B,Google Maps,3.1,Actif,2026-06-29T00:22:54.865345,haute
BJ-97C7C05C,Formation Design University,Éducation & Formation,Gogounou,+229 50 39 87 49,formation.design@yahoo.com,formationdesignuniversity.bj,Grande (>200),B2B,Google Maps,4.2,Actif,2026-06-29T00:22:54.865386,haute
BJ-04A90A9B,Catholique École Gogounou,Éducation & Formation,Gogounou,+229 85 94 42 93,catholique_école@yahoo.com,catholiqueécolegogounou.bj,PME (50-200),B2B,Google Maps,4.7,Actif,2026-06-29T00:22:54.865405,haute
BJ-057D10DD,École Compétence,Éducation & Formation,Gogounou,+229 42 94 32 41,école.compétence@yahoo.fr,écolecompétence.bj,Grande (>200),B2B,Google Maps,3.9,Actif,2026-06-29T00:22:54.865423,haute
BJ-E3EA6CD2,Lycée Public,Éducation & Formation,Gogounou,+229 35 14 38 30,lycée_public@yahoo.com,lycéepublic.bj,TPE (<10),B2C,Google Maps,3.9,Actif,2026-06-29T00:22:54.865441,haute
BJ-4A85E7F8,Université Arabe,Éducation & Formation,Gogounou,+229 98 98 28 71,université.arabe@universitéarabe.com.bj,universitéarabe.bj,PME (10-50),B2C,Google Maps,3.2,Actif,2026-06-29T00:22:54.865459,haute
BJ-6C1DF301,Métier,Éducation & Formation,Cobly,+229 28 37 33 36,métier@yahoo.com,,Grande (>200),B2C,Google Maps,4.0,Actif,2026-06-29T00:22:54.865481,moyenne
BJ-F9DFDF96,Architecture,Éducation & Formation,Cobly,+229 47 70 27 88,architecture@hotmail.com,architecture.bj,TPE (<10),B2B,Google Maps,3.4,Actif,2026-06-29T00:22:54.865514,haute
BJ-339DA87A,Primaire University Cobly,Éducation & Formation,Cobly,+229 78 39 27 66,primaire_university@outlook.com,primaireuniversitycobly.bj,PME (50-200),B2C,Google Maps,4.3,Actif,2026-06-29T00:22:54.865533,haute
BJ-C7C2FA24,Collège Compétence,Éducation & Formation,Cobly,+229 42 63 34 24,collègecompétence@yahoo.com,collègecompétence.bj,PME (10-50),B2C,Google Maps,4.8,Actif,2026-06-29T00:22:54.865554,haute
BJ-C4510C2B,Académie Art,Éducation & Formation,Tanguiéta,+229 69 29 55 59,académieart@académieart.bj,académieart.bj,TPE (<10),B2C,Google Maps,3.7,Actif,2026-06-29T00:22:54.865580,haute
BJ-F4D9F18F,Liberté Formation,Éducation & Formation,Tanguiéta,+229 92 17 42 75,libertéformation@outlook.com,libertéformation.bj,TPE (<10),B2B,Google Maps,4.1,Actif,2026-06-29T00:22:54.865601,haute
BJ-6CC1B391,Centre Espagnol,Éducation & Formation,Tanguiéta,+229 44 93 24 62,c.espagnol@gmail.com,centreespagnol.bj,PME (10-50),B2C,Google Maps,4.0,Actif,2026-06-29T00:22:54.865623,haute
BJ-5C2AC93A,Professionnel Academy,Éducation & Formation,Tanguiéta,+229 41 11 99 46,,professionnelacademy.bj,PME (50-200),B2B,Google Maps,4.4,Actif,2026-06-29T00:22:54.865636,moyenne
BJ-2A70EB56,Business Academy,Éducation & Formation,Tanguiéta,+229 31 87 86 38,b.academy@businessacademy.org.bj,businessacademy.bj,PME (10-50),B2B,Google Maps,3.6,Actif,2026-06-29T00:22:54.865653,haute
BJ-633BC7D9,Technique,Éducation & Formation,Matéri,+229 46 76 92 98,technique@yahoo.com,,PME (10-50),B2B,Google Maps,4.1,Actif,2026-06-29T00:22:54.865674,moyenne
BJ-44909526,RH Academy,Éducation & Formation,Matéri,+229 92 30 73 31,academy@yahoo.fr,rhacademy.bj,TPE (<10),B2B,Google Maps,4.0,Actif,2026-06-29T00:22:54.865690,haute
BJ-443F6BE0,École Savoir,Éducation & Formation,Matéri,+229 46 77 23 23,é.savoir@outlook.com,,TPE (<10),B2B,Google Maps,4.9,Actif,2026-06-29T00:22:54.865711,moyenne
BJ-D77EC876,RH,Éducation & Formation,Matéri,+229 69 51 55 27,rh@rh.com.bj,rh.bj,TPE (<10),B2C,Google Maps,4.5,Actif,2026-06-29T00:22:54.865727,haute
BJ-6A7B7FE6,Langue,Éducation & Formation,Matéri,+229 88 87 57 56,langue@yahoo.fr,langue.bj,TPE (<10),B2B,Google Maps,3.8,Actif,2026-06-29T00:22:54.865743,haute
BJ-313A4A94,Compétence,Éducation & Formation,Natitingou,+229 21 63 76 76,compétence@compétence.org.bj,compétence.bj,Grande (>200),B2C,Google Maps,3.8,Actif,2026-06-29T00:22:54.865766,haute
BJ-AB647D3B,Université Architecture,Éducation & Formation,Natitingou,+229 87 56 81 55,universitéarchitecture@universitéarchi.bj,,TPE (<10),B2B,Google Maps,3.8,Actif,2026-06-29T00:22:54.865785,moyenne
BJ-C11D609F,Cours Secondaire Bénin,Éducation & Formation,Natitingou,+229 20 86 14 90,courssecondaire@outlook.com,courssecondairebénin.bj,TPE (<10),B2C,Google Maps,3.8,Actif,2026-06-29T00:22:54.865803,haute
BJ-CC7E9A5C,Institut Primaire Academy,Éducation & Formation,Natitingou,+229 71 74 48 21,,institutprimaireacademy.bj,PME (10-50),B2B,Google Maps,4.7,Actif,2026-06-29T00:22:54.865816,moyenne
BJ-B922B51E,Doctorat,Éducation & Formation,Natitingou,+229 65 95 48 85,doctorat@doctorat.org.bj,doctorat.bj,TPE (<10),B2B,Google Maps,4.6,Actif,2026-06-29T00:22:54.865831,haute
BJ-497609F3,Université Privé Bénin,Éducation & Formation,Toucountouna,+229 94 28 39 83,u.privé@universitéprivé.com.bj,universitéprivébénin.bj,PME (10-50),B2B,Google Maps,4.6,Actif,2026-06-29T00:22:54.865856,haute
BJ-A82F5763,Design École Toucountouna,Éducation & Formation,Toucountouna,+229 80 20 27 72,designécole@designécoletouc.org.bj,,TPE (<10),B2B,Google Maps,3.0,Actif,2026-06-29T00:22:54.865875,moyenne
BJ-8204A82E,Arabe Lycée,Éducation & Formation,Toucountouna,+229 33 13 36 99,arabe.lycée@yahoo.com,,TPE (<10),B2B,Google Maps,3.6,Actif,2026-06-29T00:22:54.865910,moyenne
BJ-C65A8E52,Collège Secondaire,Éducation & Formation,Toucountouna,+229 73 64 94 86,,collègesecondaire.bj,TPE (<10),B2C,Google Maps,4.7,Actif,2026-06-29T00:22:54.865928,moyenne
BJ-40B8954D,Design,Éducation & Formation,Toucountouna,+229 84 39 69 56,design@yahoo.fr,design.bj,TPE (<10),B2C,Google Maps,4.8,Actif,2026-06-29T00:22:54.865946,haute
BJ-581EE5C8,Diplôme,Éducation & Formation,Boukoumbé,+229 88 93 88 10,diplôme@diplôme.org.bj,diplôme.bj,TPE (<10),B2B,Google Maps,3.4,Actif,2026-06-29T00:22:54.865969,haute
BJ-55726AA8,Excellence Bénin,Éducation & Formation,Boukoumbé,+229 81 19 89 11,excellencebénin@excellencebénin.org.bj,,PME (50-200),B2C,Google Maps,3.4,Actif,2026-06-29T00:22:54.865988,moyenne
BJ-D1AB82B1,Collège Secondaire Training Boukoumbé,Éducation & Formation,Boukoumbé,+229 88 48 15 26,collègesecondaire@hotmail.com,,PME (50-200),B2B,Google Maps,3.8,Actif,2026-06-29T00:22:54.866010,moyenne
BJ-436595FE,Musique Institute,Éducation & Formation,Boukoumbé,+229 47 18 26 73,musique.institute@outlook.com,musiqueinstitute.bj,TPE (<10),B2C,Google Maps,3.2,Actif,2026-06-29T00:22:54.866027,haute
BJ-F73736F3,Métier,Éducation & Formation,Boukoumbé,+229 79 38 66 51,métier@hotmail.com,métier.bj,PME (50-200),B2B,Google Maps,3.2,Actif,2026-06-29T00:22:54.866042,haute
BJ-93C35AE1,École Danse,Éducation & Formation,Kouandé,+229 64 68 51 53,école.danse@gmail.com,écoledanse.bj,TPE (<10),B2C,Google Maps,4.9,Actif,2026-06-29T00:22:54.866066,haute
BJ-0D1FE6EF,Centre Secondaire,Éducation & Formation,Kouandé,+229 87 69 88 54,centre.secondaire@centresecondair.com.bj,centresecondaire.bj,Grande (>200),B2B,Google Maps,3.5,Actif,2026-06-29T00:22:54.866085,haute
BJ-1CA4470F,Centre Primaire Kouandé,Éducation & Formation,Kouandé,+229 27 71 42 35,centre_primaire@yahoo.fr,,PME (50-200),B2C,Google Maps,3.8,Actif,2026-06-29T00:22:54.866106,moyenne
BJ-1FB28CEA,Public,Éducation & Formation,Kouandé,+229 33 49 24 95,public@yahoo.fr,public.bj,PME (10-50),B2C,Google Maps,3.4,Actif,2026-06-29T00:22:54.866122,haute
BJ-CF1E7A59,Certification Kouandé,Éducation & Formation,Kouandé,+229 53 14 35 89,,,PME (50-200),B2C,Google Maps,4.1,Actif,2026-06-29T00:22:54.866134,basse
BJ-0A84B5F5,Lycée Secondaire École,Éducation & Formation,Péhunco,+229 77 44 34 73,,lycéesecondaireécole.bj,PME (10-50),B2C,Google Maps,3.1,Actif,2026-06-29T00:22:54.866154,moyenne
BJ-63994D20,Diplôme Lycée,Éducation & Formation,Péhunco,+229 60 13 46 89,diplômelycée@diplômelycée.bj,diplômelycée.bj,TPE (<10),B2B,Google Maps,3.0,Actif,2026-06-29T00:22:54.866174,haute
BJ-AFC1699E,Espagnol,Éducation & Formation,Péhunco,+229 60 22 92 39,espagnol@espagnol.bj,espagnol.bj,PME (50-200),B2B,Google Maps,3.8,Actif,2026-06-29T00:22:54.866190,haute
BJ-C0127A5F,Centre MBA International,Éducation & Formation,Péhunco,+229 43 33 94 74,centre.mba@gmail.com,centrembainternational.bj,TPE (<10),B2C,Google Maps,3.5,Actif,2026-06-29T00:22:54.866207,haute
BJ-B2DA4EE1,Supérieur,Éducation & Formation,Péhunco,+229 39 47 11 20,supérieur@supérieur.com.bj,supérieur.bj,PME (50-200),B2B,Google Maps,3.4,Actif,2026-06-29T00:22:54.866223,haute
BJ-75A60C8A,Doctorat International,Éducation & Formation,Tchaourou,+229 20 98 12 45,d.international@hotmail.com,doctoratinternational.bj,TPE (<10),B2C,Google Maps,4.2,Actif,2026-06-29T00:22:54.866250,haute
BJ-1F9AEFC7,Cours Business Formation,Éducation & Formation,Tchaourou,+229 52 64 79 36,coursbusiness@hotmail.com,coursbusinessformation.bj,PME (10-50),B2C,Google Maps,4.8,Actif,2026-06-29T00:22:54.866268,haute
BJ-509EDB7A,École Espagnol,Éducation & Formation,Tchaourou,+229 78 18 17 66,école.espagnol@hotmail.com,écoleespagnol.bj,TPE (<10),B2C,Google Maps,3.3,Actif,2026-06-29T00:22:54.866290,haute
BJ-2609121F,Académie Communication International,Éducation & Formation,Tchaourou,+229 68 50 84 15,académiecommunication@académiecommuni.com.bj,académiecommunicationinternational.bj,PME (10-50),B2C,Google Maps,3.4,Actif,2026-06-29T00:22:54.866312,haute
BJ-D6712C30,Académie Communication,Éducation & Formation,Tchaourou,+229 23 38 69 29,académie_communication@yahoo.com,académiecommunication.bj,TPE (<10),B2C,Google Maps,4.4,Actif,2026-06-29T00:22:54.866330,haute
BJ-2A97073A,Collège Métier,Éducation & Formation,Nikki,+229 30 51 82 65,collègemétier@yahoo.com,collègemétier.bj,PME (10-50),B2C,Google Maps,3.2,Actif,2026-06-29T00:22:54.866356,haute
BJ-A1AD06D4,École Privé School,Éducation & Formation,Nikki,+229 96 21 68 54,écoleprivé@outlook.com,écoleprivéschool.bj,PME (10-50),B2B,Google Maps,3.6,Actif,2026-06-29T00:22:54.866381,haute
BJ-E00B5182,Collège Design International,Éducation & Formation,Nikki,+229 27 88 71 47,collègedesign@yahoo.com,,TPE (<10),B2B,Google Maps,4.2,Actif,2026-06-29T00:22:54.866400,moyenne
BJ-E3C13D18,RH Formation Nikki,Éducation & Formation,Nikki,+229 42 64 39 33,formation.nikki@rhformationnikk.bj,rhformationnikki.bj,TPE (<10),B2B,Google Maps,3.4,Actif,2026-06-29T00:22:54.866420,haute
BJ-6A175C6D,École Secondaire Institute,Éducation & Formation,Nikki,+229 79 94 62 88,école.secondaire@écolesecondaire.org.bj,écolesecondaireinstitute.bj,PME (50-200),B2B,Google Maps,4.6,Actif,2026-06-29T00:22:54.866440,haute
BJ-0B1DC0F8,Formation Droit,Éducation & Formation,Bembéréké,+229 88 13 74 33,f.droit@formationdroit.com.bj,formationdroit.bj,TPE (<10),B2B,Google Maps,3.1,Actif,2026-06-29T00:22:54.866466,haute
BJ-38DE9FB2,Centre Diplôme,Éducation & Formation,Bembéréké,+229 57 72 76 40,c.diplôme@centrediplôme.com.bj,centrediplôme.bj,PME (50-200),B2C,Google Maps,3.7,Actif,2026-06-29T00:22:54.866487,haute
BJ-86F0C760,Lycée Licence Institute,Éducation & Formation,Bembéréké,+229 37 45 56 95,lycéelicence@lycéelicenceins.com.bj,,PME (10-50),B2B,Google Maps,3.6,Actif,2026-06-29T00:22:54.866510,moyenne
BJ-AFD49A6B,Académie Marketing University Bembéréké,Éducation & Formation,Bembéréké,+229 67 49 82 54,,académiemarketinguniversitybembéréké.bj,PME (50-200),B2C,Google Maps,3.5,Actif,2026-06-29T00:22:54.866525,moyenne
BJ-55F35947,Catholique Bembéréké,Éducation & Formation,Bembéréké,+229 34 34 13 86,catholiquebembéréké@yahoo.com,catholiquebembéréké.bj,PME (10-50),B2C,Google Maps,3.8,Actif,2026-06-29T00:22:54.866550,haute
BJ-270912D0,Lycée Qualification Academy,Éducation & Formation,Kalalé,+229 88 68 75 14,lycée.qualification@yahoo.fr,lycéequalificationacademy.bj,TPE (<10),B2C,Google Maps,4.8,Actif,2026-06-29T00:22:54.866578,haute
BJ-E1B0A254,Langue Kalalé,Éducation & Formation,Kalalé,+229 37 64 83 52,languekalalé@languekalalé.org.bj,,PME (10-50),B2B,Google Maps,4.0,Actif,2026-06-29T00:22:54.866625,moyenne
BJ-E4E6D685,Centre Master International Kalalé,Éducation & Formation,Kalalé,+229 72 99 91 85,,centremasterinternationalkalalé.bj,Grande (>200),B2B,Google Maps,3.1,Actif,2026-06-29T00:22:54.866666,moyenne
BJ-A04407C1,Licence,Éducation & Formation,Kalalé,+229 73 80 18 47,licence@licence.org.bj,licence.bj,TPE (<10),B2C,Google Maps,3.4,Actif,2026-06-29T00:22:54.866701,haute
BJ-502C36CA,Comptabilité Formation Kalalé,Éducation & Formation,Kalalé,+229 59 97 80 81,,comptabilitéformationkalalé.bj,PME (10-50),B2C,Google Maps,3.4,Actif,2026-06-29T00:22:54.866743,moyenne
BJ-BEC8BDD5,Centre Apprentissage,Éducation & Formation,Ndali,+229 44 62 61 80,centre.apprentissage@centreapprentis.bj,centreapprentissage.bj,TPE (<10),B2C,Google Maps,3.1,Actif,2026-06-29T00:22:54.866831,haute
BJ-186FB464,Université Licence Ndali,Éducation & Formation,Ndali,+229 99 13 28 19,université.licence@hotmail.com,universitélicencendali.bj,PME (10-50),B2B,Google Maps,4.1,Actif,2026-06-29T00:22:54.866879,haute
BJ-487FEDE3,Lycée Sport Ndali,Éducation & Formation,Ndali,+229 26 95 39 27,lycée_sport@yahoo.fr,lycéesportndali.bj,PME (10-50),B2C,Google Maps,4.0,Actif,2026-06-29T00:22:54.866937,haute
BJ-3C5E3D81,RH,Éducation & Formation,Ndali,+229 49 11 34 98,rh@yahoo.fr,rh.bj,Grande (>200),B2C,Google Maps,3.0,Actif,2026-06-29T00:22:54.866970,haute
BJ-14547C0D,Management School,Éducation & Formation,Ségbana,+229 46 59 89 24,m.school@yahoo.fr,managementschool.bj,TPE (<10),B2C,Google Maps,3.6,Actif,2026-06-29T00:22:54.867023,haute
BJ-7E01F6E8,Design,Éducation & Formation,Ségbana,+229 81 54 15 33,design@gmail.com,design.bj,PME (10-50),B2B,Google Maps,4.2,Actif,2026-06-29T00:22:54.867056,haute
BJ-693911C5,Enseignement Allemand University,Éducation & Formation,Ségbana,+229 42 51 73 58,e.allemand@enseignementall.bj,enseignementallemanduniversity.bj,PME (10-50),B2B,Google Maps,4.1,Actif,2026-06-29T00:22:54.867095,haute
BJ-A90F00B0,Enseignement Allemand Ségbana,Éducation & Formation,Ségbana,+229 43 41 35 10,,enseignementallemandségbana.bj,PME (50-200),B2B,Google Maps,4.6,Actif,2026-06-29T00:22:54.867114,moyenne
BJ-FF0E9802,Danse School,Éducation & Formation,Ségbana,+229 54 53 92 22,d.school@gmail.com,danseschool.bj,PME (10-50),B2C,Google Maps,3.5,Actif,2026-06-29T00:22:54.867134,haute
BJ-192AA39D,Enseignement Connaissance Tchaourou,Éducation & Formation,Tchaourou,+229 72 11 21 22,enseignementconnaissance@enseignementcon.org.bj,,PME (10-50),B2C,Google Maps,3.6,Actif,2026-06-29T00:22:54.867162,moyenne
BJ-1EC47C87,Enseignement Pâtisserie,Éducation & Formation,Tchaourou,+229 80 33 63 86,enseignementpâtisserie@enseignementpât.bj,enseignementpâtisserie.bj,TPE (<10),B2B,Google Maps,3.5,Actif,2026-06-29T00:22:54.867189,haute
BJ-15A997C5,Design,Éducation & Formation,Tchaourou,+229 27 92 74 92,design@outlook.com,design.bj,PME (50-200),B2B,Google Maps,4.7,Actif,2026-06-29T00:22:54.867208,haute
BJ-57367EBA,Licence École,Éducation & Formation,Tchaourou,+229 49 76 68 69,l.école@licenceécole.org.bj,,PME (10-50),B2B,Google Maps,4.5,Actif,2026-06-29T00:22:54.867228,moyenne
BJ-EC1A519D,Institut Privé Tchaourou,Éducation & Formation,Tchaourou,+229 48 70 49 56,i.privé@yahoo.com,institutprivétchaourou.bj,PME (10-50),B2B,Google Maps,4.6,Actif,2026-06-29T00:22:54.867251,haute
BJ-835561CB,Compétence,Éducation & Formation,Bétérou,+229 89 57 32 19,compétence@compétence.com.bj,compétence.bj,Grande (>200),B2B,Google Maps,4.9,Actif,2026-06-29T00:22:54.867295,haute
BJ-A3CBA1AC,Professionnel Bétérou,Éducation & Formation,Bétérou,+229 29 65 11 73,professionnel.bétérou@gmail.com,professionnelbétérou.bj,PME (50-200),B2C,Google Maps,3.9,Actif,2026-06-29T00:22:54.867319,haute
BJ-E3563D93,Qualification Training,Éducation & Formation,Bétérou,+229 23 64 74 26,qualification.training@yahoo.fr,qualificationtraining.bj,PME (50-200),B2C,Google Maps,4.2,Actif,2026-06-29T00:22:54.867337,haute
BJ-284AC8B7,Business Academy,Éducation & Formation,Bétérou,+229 70 95 17 49,,businessacademy.bj,PME (10-50),B2C,Google Maps,4.0,Actif,2026-06-29T00:22:54.867350,moyenne
BJ-05C1AF23,École Allemand Bénin,Éducation & Formation,Ouessè,+229 21 23 98 30,écoleallemand@écoleallemandbé.org.bj,,PME (10-50),B2C,Google Maps,3.3,Actif,2026-06-29T00:22:54.867377,moyenne
BJ-E0D9490B,Protestant University,Éducation & Formation,Ouessè,+229 62 74 57 53,protestant.university@gmail.com,,TPE (<10),B2C,Google Maps,4.1,Actif,2026-06-29T00:22:54.867394,moyenne
BJ-86C45D72,Université Médecine,Éducation & Formation,Ouessè,+229 25 80 58 60,u.médecine@yahoo.fr,universitémédecine.bj,TPE (<10),B2C,Google Maps,4.2,Actif,2026-06-29T00:22:54.867416,haute
BJ-9F9A17B1,National Lycée,Éducation & Formation,Ouessè,+229 38 23 48 25,nationallycée@gmail.com,nationallycée.bj,PME (10-50),B2B,Google Maps,3.0,Actif,2026-06-29T00:22:54.867435,haute
BJ-064C0466,Lycée Supérieur École,Éducation & Formation,Ouessè,+229 55 11 22 96,lycéesupérieur@hotmail.com,lycéesupérieurécole.bj,TPE (<10),B2B,Google Maps,3.1,Actif,2026-06-29T00:22:54.867453,haute
BJ-3A69459D,École Secondaire,Éducation & Formation,Glazoué,+229 78 40 96 84,école_secondaire@écolesecondaire.org.bj,écolesecondaire.bj,PME (10-50),B2C,Google Maps,3.2,Actif,2026-06-29T00:22:54.867497,haute
BJ-E7A429A3,Institut Français Academy,Éducation & Formation,Glazoué,+229 81 92 98 51,institutfrançais@hotmail.com,institutfrançaisacademy.bj,TPE (<10),B2C,Google Maps,3.3,Actif,2026-06-29T00:22:54.867535,haute
BJ-F174759A,Formation Technique Institute,Éducation & Formation,Glazoué,+229 23 60 88 58,f.technique@formationtechni.org.bj,formationtechniqueinstitute.bj,TPE (<10),B2C,Google Maps,3.3,Actif,2026-06-29T00:22:54.867557,haute
BJ-41F9F3CA,Management School,Éducation & Formation,Glazoué,+229 51 31 20 98,managementschool@managementschoo.org.bj,managementschool.bj,Grande (>200),B2C,Google Maps,3.1,Actif,2026-06-29T00:22:54.867576,haute
BJ-7D25076D,École Management,Éducation & Formation,Glazoué,+229 57 37 71 16,,écolemanagement.bj,PME (10-50),B2B,Google Maps,4.8,Actif,2026-06-29T00:22:54.867591,moyenne
BJ-BFECEB60,École Excellence College,Éducation & Formation,Dassa-Zoumè,+229 56 16 60 60,,écoleexcellencecollege.bj,PME (50-200),B2B,Google Maps,3.9,Actif,2026-06-29T00:22:54.867614,moyenne
BJ-FEA20078,Allemand,Éducation & Formation,Dassa-Zoumè,+229 76 68 58 82,allemand@gmail.com,allemand.bj,PME (10-50),B2B,Google Maps,3.6,Actif,2026-06-29T00:22:54.867634,haute
BJ-B18DBD00,Collège Français,Éducation & Formation,Dassa-Zoumè,+229 68 50 39 15,collègefrançais@collègefrançais.bj,collègefrançais.bj,PME (10-50),B2C,Google Maps,4.8,Actif,2026-06-29T00:22:54.867667,haute
BJ-520E28DE,Centre Design Dassa-Zoumè,Éducation & Formation,Dassa-Zoumè,+229 71 48 70 64,centre.design@centredesigndas.org.bj,,TPE (<10),B2C,Google Maps,4.3,Actif,2026-06-29T00:22:54.867688,moyenne
BJ-E1432DCF,Finance Lycée,Éducation & Formation,Dassa-Zoumè,+229 95 50 75 46,f.lycée@financelycée.com.bj,,PME (10-50),B2C,Google Maps,4.0,Actif,2026-06-29T00:22:54.867707,moyenne
BJ-698E874B,Centre Médecine,Éducation & Formation,Savalou,+229 53 32 83 73,c.médecine@centremédecine.org.bj,centremédecine.bj,PME (10-50),B2B,Google Maps,4.1,Actif,2026-06-29T00:22:54.867733,haute
BJ-AF892C16,Collège Espagnol,Éducation & Formation,Savalou,+229 75 43 43 91,collège.espagnol@gmail.com,collègeespagnol.bj,PME (10-50),B2C,Google Maps,3.3,Actif,2026-06-29T00:22:54.867752,haute
BJ-18AAB65B,Éducation College Savalou,Éducation & Formation,Savalou,+229 40 87 16 72,éducation.college@outlook.com,éducationcollegesavalou.bj,TPE (<10),B2C,Google Maps,4.7,Actif,2026-06-29T00:22:54.867772,haute
BJ-C95408F2,Français Lycée,Éducation & Formation,Savalou,+229 98 63 32 63,,françaislycée.bj,Grande (>200),B2B,Google Maps,3.4,Actif,2026-06-29T00:22:54.867785,moyenne
BJ-29CFF37D,Éducation Training,Éducation & Formation,Savalou,+229 26 85 36 51,é.training@hotmail.com,éducationtraining.bj,TPE (<10),B2B,Google Maps,4.1,Actif,2026-06-29T00:22:54.867804,haute
BJ-10D3F323,Art Bénin,Éducation & Formation,Bantè,+229 75 73 32 83,art.bénin@gmail.com,artbénin.bj,TPE (<10),B2B,Google Maps,4.3,Actif,2026-06-29T00:22:54.867829,haute
BJ-12B9B114,Institut Comptabilité,Éducation & Formation,Bantè,+229 32 88 55 94,i.comptabilité@hotmail.com,,PME (10-50),B2C,Google Maps,3.7,Actif,2026-06-29T00:22:54.867848,moyenne
BJ-046956AC,Cours Finance Bantè,Éducation & Formation,Bantè,+229 33 23 65 83,cours_finance@outlook.com,coursfinancebantè.bj,PME (10-50),B2B,Google Maps,4.1,Actif,2026-06-29T00:22:54.867870,haute
BJ-77619B6D,Formation Design,Éducation & Formation,Bantè,+229 69 94 47 60,,formationdesign.bj,TPE (<10),B2C,Google Maps,4.4,Actif,2026-06-29T00:22:54.867884,moyenne
BJ-2012E199,Enseignement Comptabilité,Éducation & Formation,Bantè,+229 88 69 30 13,enseignement.comptabilité@gmail.com,,TPE (<10),B2C,Google Maps,3.8,Actif,2026-06-29T00:22:54.867915,moyenne
BJ-69695005,Formation Public,Éducation & Formation,Djougou,+229 36 93 91 64,f.public@formationpublic.com.bj,formationpublic.bj,TPE (<10),B2B,Google Maps,3.7,Actif,2026-06-29T00:22:54.867941,haute
BJ-A17CC192,Danse International,Éducation & Formation,Djougou,+229 72 94 87 29,danseinternational@danseinternatio.org.bj,danseinternational.bj,PME (10-50),B2B,Google Maps,3.3,Actif,2026-06-29T00:22:54.867960,haute
BJ-3F41001B,Droit,Éducation & Formation,Djougou,+229 29 34 14 59,droit@droit.org.bj,droit.bj,PME (10-50),B2B,Google Maps,5.0,Actif,2026-06-29T00:22:54.867976,haute
BJ-70A44A39,École Privé International,Éducation & Formation,Djougou,+229 89 28 18 88,école.privé@hotmail.com,écoleprivéinternational.bj,TPE (<10),B2C,Google Maps,5.0,Actif,2026-06-29T00:22:54.868002,haute
BJ-E713875A,Sport,Éducation & Formation,Djougou,+229 41 96 51 42,sport@outlook.com,sport.bj,PME (10-50),B2C,Google Maps,4.5,Actif,2026-06-29T00:22:54.868018,haute
BJ-373A9CC5,École Liberté Ouèssè,Éducation & Formation,Ouèssè,+229 85 95 68 12,,,PME (10-50),B2C,Google Maps,4.5,Actif,2026-06-29T00:22:54.868038,basse
BJ-472B56DD,École Langue,Éducation & Formation,Ouèssè,+229 24 49 10 86,école_langue@gmail.com,écolelangue.bj,PME (50-200),B2B,Google Maps,3.2,Actif,2026-06-29T00:22:54.868057,haute
BJ-FA9635B1,Connaissance,Éducation & Formation,Ouèssè,+229 53 43 99 11,connaissance@hotmail.com,connaissance.bj,PME (10-50),B2C,Google Maps,4.7,Actif,2026-06-29T00:22:54.868076,haute
BJ-2F4EE8E6,École Droit,Éducation & Formation,Ouèssè,+229 51 72 62 59,é.droit@écoledroit.bj,écoledroit.bj,PME (50-200),B2B,Google Maps,4.5,Actif,2026-06-29T00:22:54.868098,haute
BJ-710D7C0B,Enseignement Primaire,Éducation & Formation,Ouèssè,+229 81 41 26 84,enseignementprimaire@enseignementpri.org.bj,,PME (50-200),B2B,Google Maps,4.5,Actif,2026-06-29T00:22:54.868116,moyenne
BJ-64BAAEA9,Master Lycée Bassila,Éducation & Formation,Bassila,+229 68 94 70 84,m.lycée@masterlycéebass.bj,masterlycéebassila.bj,TPE (<10),B2C,Google Maps,3.3,Actif,2026-06-29T00:22:54.868142,haute
BJ-C4C313DF,Enseignement Médecine School,Éducation & Formation,Bassila,+229 62 89 63 80,enseignement_médecine@hotmail.com,enseignementmédecineschool.bj,PME (50-200),B2C,Google Maps,3.2,Actif,2026-06-29T00:22:54.868161,haute
BJ-A8036696,Enseignement Business School,Éducation & Formation,Bassila,+229 67 43 50 72,enseignementbusiness@yahoo.com,enseignementbusinessschool.bj,PME (50-200),B2B,Google Maps,4.0,Actif,2026-06-29T00:22:54.868180,haute
BJ-2FBD4D9D,Université Sport Training,Éducation & Formation,Bassila,+229 56 20 18 54,u.sport@universitésport.bj,universitésporttraining.bj,TPE (<10),B2C,Google Maps,3.1,Actif,2026-06-29T00:22:54.868200,haute
BJ-A79A6AAD,Université Connaissance Bénin,Éducation & Formation,Bassila,+229 99 80 31 50,u.connaissance@yahoo.com,,PME (10-50),B2C,Google Maps,3.6,Actif,2026-06-29T00:22:54.868217,moyenne
BJ-FC3258D6,Enseignement Sport Pehunco,Éducation & Formation,Pehunco,+229 41 12 36 59,enseignement.sport@gmail.com,enseignementsportpehunco.bj,PME (10-50),B2C,Google Maps,3.5,Actif,2026-06-29T00:22:54.868242,haute
BJ-2DAE0196,Enseignement Architecture International,Éducation & Formation,Pehunco,+229 68 33 14 77,enseignementarchitecture@hotmail.com,enseignementarchitectureinternational.bj,TPE (<10),B2C,Google Maps,5.0,Actif,2026-06-29T00:22:54.868260,haute
BJ-F87B0E67,Anglais University,Éducation & Formation,Pehunco,+229 99 57 62 46,a.university@anglaisuniversi.com.bj,anglaisuniversity.bj,TPE (<10),B2C,Google Maps,3.1,Actif,2026-06-29T00:22:54.868282,haute
BJ-B6EB5F41,Professionnel,Éducation & Formation,Pehunco,+229 35 55 57 86,professionnel@outlook.com,,TPE (<10),B2C,Google Maps,4.7,Actif,2026-06-29T00:22:54.868297,moyenne
BJ-EB4872EA,École Protestant Academy,Éducation & Formation,Pehunco,+229 98 52 60 64,écoleprotestant@écoleprotestant.org.bj,écoleprotestantacademy.bj,PME (10-50),B2B,Google Maps,3.7,Actif,2026-06-29T00:22:54.868317,haute
BJ-2E0AEB0E,Cuisine,Éducation & Formation,Copargo,+229 66 70 30 48,cuisine@cuisine.org.bj,cuisine.bj,PME (10-50),B2C,Google Maps,4.2,Actif,2026-06-29T00:22:54.868340,haute
BJ-07BDC73F,Institut Informatique Copargo,Éducation & Formation,Copargo,+229 65 12 74 60,institut.informatique@hotmail.com,institutinformatiquecopargo.bj,Grande (>200),B2C,Google Maps,4.8,Actif,2026-06-29T00:22:54.868366,haute
BJ-712A18E5,École Finance,Éducation & Formation,Copargo,+229 55 92 53 46,,écolefinance.bj,PME (50-200),B2B,Google Maps,4.2,Actif,2026-06-29T00:22:54.868381,moyenne
BJ-7C486F5D,Collège Compétence School Copargo,Éducation & Formation,Copargo,+229 33 79 39 17,collègecompétence@gmail.com,collègecompétenceschoolcopargo.bj,Grande (>200),B2C,Google Maps,4.1,Actif,2026-06-29T00:22:54.868401,haute
BJ-E1992E94,Institut Français,Éducation & Formation,Copargo,+229 22 24 92 83,institut.français@outlook.com,,TPE (<10),B2C,Google Maps,4.9,Actif,2026-06-29T00:22:54.868418,moyenne
BJ-F9109687,Data Internet Africa,Technologie & IT,Cotonou,+229 92 26 95 67,datainternet@gmail.com,datainternetafrica.bj,TPE (<10),B2B,Google Maps,3.8,Actif,2026-06-29T00:22:54.868445,haute
BJ-7EE19A90,Data SQL Studios,Technologie & IT,Cotonou,+229 22 56 44 43,datasql@yahoo.com,datasqlstudios.bj,TPE (<10),B2C,Google Maps,4.1,Actif,2026-06-29T00:22:54.868463,haute
BJ-B23C6347,Cloud API,Technologie & IT,Cotonou,+229 73 23 98 16,cloud_api@gmail.com,cloudapi.bj,PME (10-50),B2C,Google Maps,3.1,Actif,2026-06-29T00:22:54.868483,haute
BJ-34B6AF25,Web React,Technologie & IT,Cotonou,+229 44 80 56 35,,webreact.bj,PME (50-200),B2B,Google Maps,4.9,Actif,2026-06-29T00:22:54.868497,moyenne
BJ-4E3A5139,React Bénin,Technologie & IT,Cotonou,+229 40 99 36 90,react.bénin@hotmail.com,,TPE (<10),B2B,Google Maps,4.2,Actif,2026-06-29T00:22:54.868516,moyenne
BJ-3EF314C8,Soft MySQL Tech Abomey-Calavi,Technologie & IT,Abomey-Calavi,+229 48 23 34 60,s.mysql@yahoo.fr,softmysqltechabomeycalavi.bj,TPE (<10),B2B,Google Maps,3.4,Actif,2026-06-29T00:22:54.868542,haute
BJ-63A85CA5,Blockchain,Technologie & IT,Abomey-Calavi,+229 56 56 49 34,blockchain@blockchain.org.bj,blockchain.bj,TPE (<10),B2B,Google Maps,3.4,Actif,2026-06-29T00:22:54.868558,haute
BJ-3821E3F0,App Cloud International,Technologie & IT,Abomey-Calavi,+229 60 53 11 77,app.cloud@appcloudinterna.org.bj,appcloudinternational.bj,TPE (<10),B2B,Google Maps,3.1,Actif,2026-06-29T00:22:54.868581,haute
BJ-1F40A619,Info Internet,Technologie & IT,Abomey-Calavi,+229 41 99 41 41,info.internet@yahoo.com,infointernet.bj,PME (50-200),B2B,Google Maps,4.5,Actif,2026-06-29T00:22:54.868603,haute
BJ-36376293,Java Works,Technologie & IT,Abomey-Calavi,+229 69 62 21 59,javaworks@yahoo.com,javaworks.bj,PME (50-200),B2B,Google Maps,3.4,Actif,2026-06-29T00:22:54.868622,haute
BJ-36711715,Backend,Technologie & IT,Porto-Novo,+229 47 93 15 97,backend@backend.bj,,TPE (<10),B2B,Google Maps,4.9,Actif,2026-06-29T00:22:54.868645,moyenne
BJ-8766CD8D,App Learning Hub,Technologie & IT,Porto-Novo,+229 64 88 61 63,app.learning@applearninghub.org.bj,applearninghub.bj,PME (50-200),B2B,Google Maps,4.2,Actif,2026-06-29T00:22:54.868664,haute
BJ-78DE94C3,Data,Technologie & IT,Porto-Novo,+229 98 15 36 90,data@outlook.com,data.bj,TPE (<10),B2C,Google Maps,3.8,Actif,2026-06-29T00:22:54.868684,haute
BJ-92E3A7CB,Sys Machine,Technologie & IT,Porto-Novo,+229 87 35 80 36,sys.machine@yahoo.com,sysmachine.bj,TPE (<10),B2C,Google Maps,4.8,Actif,2026-06-29T00:22:54.868703,haute
BJ-5759800E,C# Labs,Technologie & IT,Porto-Novo,+229 51 56 97 62,labs@c#labs.bj,c#labs.bj,PME (10-50),B2C,Google Maps,3.5,Actif,2026-06-29T00:22:54.868719,haute
BJ-C040E4D2,Rust Labs,Technologie & IT,Parakou,+229 84 60 32 44,rustlabs@yahoo.fr,rustlabs.bj,TPE (<10),B2C,Google Maps,4.4,Actif,2026-06-29T00:22:54.868760,haute
BJ-40A3B83E,Angular,Technologie & IT,Parakou,+229 36 17 82 21,angular@angular.com.bj,angular.bj,PME (50-200),B2C,Google Maps,4.1,Actif,2026-06-29T00:22:54.868789,haute
BJ-1C3C3EED,iOS,Technologie & IT,Parakou,+229 41 89 35 74,ios@outlook.com,ios.bj,TPE (<10),B2B,Google Maps,4.6,Actif,2026-06-29T00:22:54.868813,haute
BJ-A5837AFD,Database Parakou,Technologie & IT,Parakou,+229 31 15 14 39,databaseparakou@databaseparakou.bj,databaseparakou.bj,TPE (<10),B2B,Google Maps,3.6,Actif,2026-06-29T00:22:54.868857,haute
BJ-2FAD2EE3,Digital Bitcoin,Technologie & IT,Parakou,+229 33 47 57 33,digital.bitcoin@yahoo.com,digitalbitcoin.bj,PME (10-50),B2B,Google Maps,3.2,Actif,2026-06-29T00:22:54.868915,haute
BJ-B7BFB338,Agile,Technologie & IT,Bohicon,+229 24 14 73 30,agile@outlook.com,agile.bj,TPE (<10),B2B,Google Maps,4.1,Actif,2026-06-29T00:22:54.868960,haute
BJ-939A57A6,Machine Studios,Technologie & IT,Bohicon,+229 62 77 78 62,machine.studios@hotmail.com,machinestudios.bj,PME (10-50),B2B,Google Maps,3.3,Actif,2026-06-29T00:22:54.869032,haute
BJ-9AAD519D,Info ERP,Technologie & IT,Bohicon,+229 45 25 50 23,infoerp@infoerp.bj,infoerp.bj,PME (50-200),B2B,Google Maps,3.3,Actif,2026-06-29T00:22:54.869070,haute
BJ-15D5DF47,Application Digital,Technologie & IT,Natitingou,+229 88 14 39 64,a.digital@applicationdigi.bj,applicationdigital.bj,PME (10-50),B2B,Google Maps,3.0,Actif,2026-06-29T00:22:54.869117,haute
BJ-695AE6D0,Web Digital Natitingou,Technologie & IT,Natitingou,+229 85 10 51 64,web.digital@hotmail.com,webdigitalnatitingou.bj,TPE (<10),B2B,Google Maps,4.6,Actif,2026-06-29T00:22:54.869160,haute
BJ-F32DDB46,MongoDB SARL,Technologie & IT,Natitingou,+229 73 97 42 19,,mongodbsarl.bj,PME (10-50),B2B,Google Maps,3.8,Actif,2026-06-29T00:22:54.869180,moyenne
BJ-FF139035,Cyber Vue,Technologie & IT,Natitingou,+229 74 49 86 51,c.vue@yahoo.fr,cybervue.bj,TPE (<10),B2B,Google Maps,4.5,Actif,2026-06-29T00:22:54.869199,haute
BJ-46E14597,Smart Design,Technologie & IT,Natitingou,+229 37 78 51 97,smartdesign@hotmail.com,smartdesign.bj,PME (50-200),B2C,Google Maps,3.7,Actif,2026-06-29T00:22:54.869218,haute
BJ-837E4F00,Net API International,Technologie & IT,Lokossa,+229 72 18 64 50,net.api@netapiinternati.com.bj,netapiinternational.bj,PME (50-200),B2C,Google Maps,3.1,Actif,2026-06-29T00:22:54.869251,haute
BJ-D3BDE0F7,Machine Lokossa,Technologie & IT,Lokossa,+229 46 75 13 12,machine.lokossa@machinelokossa.org.bj,machinelokossa.bj,TPE (<10),B2C,Google Maps,3.6,Actif,2026-06-29T00:22:54.869271,haute
BJ-99446C11,Digital Container Labs Lokossa,Technologie & IT,Lokossa,+229 70 72 78 81,digital.container@yahoo.com,digitalcontainerlabslokossa.bj,TPE (<10),B2C,Google Maps,3.2,Actif,2026-06-29T00:22:54.869294,haute
BJ-74980B8A,App Application SARL,Technologie & IT,Lokossa,+229 92 74 47 48,a.application@appapplications.com.bj,appapplicationsarl.bj,PME (50-200),B2B,Google Maps,4.6,Actif,2026-06-29T00:22:54.869326,haute
BJ-103C3BF1,Bitcoin Lokossa,Technologie & IT,Lokossa,+229 33 36 10 11,b.lokossa@bitcoinlokossa.bj,bitcoinlokossa.bj,Grande (>200),B2C,Google Maps,4.3,Actif,2026-06-29T00:22:54.869360,haute
BJ-AD15F2CD,IaaS Ouidah,Technologie & IT,Ouidah,+229 80 59 88 85,iaasouidah@outlook.com,iaasouidah.bj,PME (10-50),B2C,Google Maps,3.2,Actif,2026-06-29T00:22:54.869392,haute
BJ-48DA270F,Node International Ouidah,Technologie & IT,Ouidah,+229 54 78 81 56,nodeinternational@nodeinternation.bj,,TPE (<10),B2B,Google Maps,4.1,Actif,2026-06-29T00:22:54.869428,moyenne
BJ-074C2B13,Soft Intelligence SARL,Technologie & IT,Ouidah,+229 79 29 24 41,softintelligence@hotmail.com,softintelligencesarl.bj,PME (10-50),B2B,Google Maps,3.6,Actif,2026-06-29T00:22:54.869460,haute
BJ-43404DD3,Data Solutions,Technologie & IT,Ouidah,+229 42 24 61 11,data.solutions@hotmail.com,datasolutions.bj,TPE (<10),B2C,Google Maps,4.9,Actif,2026-06-29T00:22:54.869492,haute
BJ-C3FC312D,Web Microservices Bénin Ouidah,Technologie & IT,Ouidah,+229 28 83 86 90,web.microservices@webmicroservice.com.bj,webmicroservicesbéninouidah.bj,PME (10-50),B2C,Google Maps,3.9,Actif,2026-06-29T00:22:54.869526,haute
BJ-AC61CD51,Things,Technologie & IT,Savalou,+229 75 24 38 59,things@gmail.com,things.bj,Grande (>200),B2B,Google Maps,4.5,Actif,2026-06-29T00:22:54.869570,haute
BJ-ED088B8B,Cloud JavaScript Bénin Savalou,Technologie & IT,Savalou,+229 88 52 50 56,cloudjavascript@hotmail.com,cloudjavascriptbéninsavalou.bj,Grande (>200),B2B,Google Maps,3.5,Actif,2026-06-29T00:22:54.869593,haute
BJ-CB796A7E,Cyber CRM Savalou,Technologie & IT,Savalou,+229 73 69 20 39,cyber.crm@cybercrmsavalou.bj,cybercrmsavalou.bj,PME (50-200),B2C,Google Maps,3.6,Actif,2026-06-29T00:22:54.869618,haute
BJ-305EE4B7,Ethereum,Technologie & IT,Savalou,+229 39 20 41 41,ethereum@ethereum.bj,ethereum.bj,PME (10-50),B2C,Google Maps,4.5,Actif,2026-06-29T00:22:54.869634,haute
BJ-3CBA304C,Docker Africa,Technologie & IT,Savalou,+229 99 33 94 60,dockerafrica@yahoo.com,dockerafrica.bj,PME (50-200),B2C,Google Maps,4.6,Actif,2026-06-29T00:22:54.869652,haute
BJ-D60C542C,Machine Labs,Technologie & IT,Dassa-Zoumè,+229 40 37 46 23,machine.labs@gmail.com,machinelabs.bj,TPE (<10),B2B,Google Maps,3.5,Actif,2026-06-29T00:22:54.869676,haute
BJ-90463A16,Cyber SQL,Technologie & IT,Dassa-Zoumè,+229 72 29 64 34,c.sql@hotmail.com,cybersql.bj,PME (10-50),B2B,Google Maps,3.3,Actif,2026-06-29T00:22:54.869700,haute
BJ-BE450053,Blockchain Studios,Technologie & IT,Dassa-Zoumè,+229 92 54 18 19,blockchain.studios@yahoo.com,blockchainstudios.bj,TPE (<10),B2B,Google Maps,4.2,Actif,2026-06-29T00:22:54.869718,haute
BJ-EC9D1089,Flutter Hub,Technologie & IT,Dassa-Zoumè,+229 65 66 35 48,flutter_hub@yahoo.com,flutterhub.bj,PME (10-50),B2B,Google Maps,4.6,Actif,2026-06-29T00:22:54.869735,haute
BJ-F275F54F,Smart Scrum Systems Dassa-Zoumè,Technologie & IT,Dassa-Zoumè,+229 66 37 26 59,smartscrum@gmail.com,smartscrumsystemsdassazoumè.bj,TPE (<10),B2C,Google Maps,4.6,Actif,2026-06-29T00:22:54.869755,haute
BJ-21EE433C,Soft macOS Hub,Technologie & IT,Kétou,+229 48 77 89 35,s.macos@yahoo.fr,softmacoshub.bj,TPE (<10),B2C,Google Maps,4.1,Actif,2026-06-29T00:22:54.869779,haute
BJ-FB533577,Application SARL Kétou,Technologie & IT,Kétou,+229 47 43 16 78,,applicationsarlkétou.bj,PME (10-50),B2C,Google Maps,4.4,Actif,2026-06-29T00:22:54.869794,moyenne
BJ-E0F2CA2E,Digital Cloud Kétou,Technologie & IT,Kétou,+229 32 80 31 98,digitalcloud@digitalcloudkét.org.bj,digitalcloudkétou.bj,PME (10-50),B2B,Google Maps,4.9,Actif,2026-06-29T00:22:54.869817,haute
BJ-5BCCC8E3,Cyber Intelligence,Technologie & IT,Kétou,+229 71 11 11 61,c.intelligence@outlook.com,cyberintelligence.bj,PME (10-50),B2B,Google Maps,4.4,Actif,2026-06-29T00:22:54.869835,haute
BJ-80322B76,Web Container Africa,Technologie & IT,Kétou,+229 55 84 14 51,webcontainer@webcontainerafr.org.bj,webcontainerafrica.bj,TPE (<10),B2B,Google Maps,3.7,Actif,2026-06-29T00:22:54.869853,haute
BJ-57CD223B,Smart Network,Technologie & IT,Covè,+229 98 61 10 50,smartnetwork@smartnetwork.bj,smartnetwork.bj,TPE (<10),B2C,Google Maps,4.4,Actif,2026-06-29T00:22:54.869877,haute
BJ-ACAA4791,MongoDB Labs Covè,Technologie & IT,Covè,+229 45 61 48 17,m.labs@yahoo.com,mongodblabscovè.bj,PME (50-200),B2C,Google Maps,4.4,Actif,2026-06-29T00:22:54.869912,haute
BJ-35C1D0AA,AI Security,Technologie & IT,Covè,+229 81 98 53 76,security@aisecurity.bj,aisecurity.bj,TPE (<10),B2C,Google Maps,4.0,Actif,2026-06-29T00:22:54.869930,haute
BJ-6451E0FA,Solution,Technologie & IT,Covè,+229 37 88 22 13,solution@yahoo.com,solution.bj,TPE (<10),B2B,Google Maps,4.5,Actif,2026-06-29T00:22:54.869946,haute
BJ-BB398F37,Internet Studios,Technologie & IT,Covè,+229 45 71 46 71,internetstudios@yahoo.com,internetstudios.bj,Grande (>200),B2B,Google Maps,3.2,Actif,2026-06-29T00:22:54.869967,haute
BJ-18E66BF4,Machine Hub,Technologie & IT,Pobè,+229 25 84 48 10,machinehub@gmail.com,machinehub.bj,TPE (<10),B2B,Google Maps,3.5,Actif,2026-06-29T00:22:54.869991,haute
BJ-4B69FBC3,MySQL Digital,Technologie & IT,Pobè,+229 79 48 68 40,mysql.digital@gmail.com,mysqldigital.bj,TPE (<10),B2B,Google Maps,3.4,Actif,2026-06-29T00:22:54.870008,haute
BJ-7B7C5C83,Sys Swift,Technologie & IT,Pobè,+229 66 14 96 97,sysswift@yahoo.fr,sysswift.bj,PME (10-50),B2B,Google Maps,3.6,Actif,2026-06-29T00:22:54.870027,haute
BJ-FABA056B,JavaScript,Technologie & IT,Pobè,+229 58 58 81 72,javascript@hotmail.com,javascript.bj,PME (50-200),B2C,Google Maps,4.2,Actif,2026-06-29T00:22:54.870043,haute
BJ-25B099C6,Agile Pobè,Technologie & IT,Pobè,+229 83 44 84 37,agilepobè@hotmail.com,,PME (50-200),B2B,Google Maps,4.1,Actif,2026-06-29T00:22:54.870064,moyenne
BJ-7FE236E0,Soft Android,Technologie & IT,Sakété,+229 41 82 15 19,soft.android@softandroid.org.bj,softandroid.bj,PME (10-50),B2C,Google Maps,4.8,Actif,2026-06-29T00:22:54.870088,haute
BJ-B6CE2296,Intelligence,Technologie & IT,Sakété,+229 27 48 75 78,intelligence@intelligence.bj,,TPE (<10),B2C,Google Maps,4.6,Actif,2026-06-29T00:22:54.870104,moyenne
BJ-4E9969F2,Serverless Systems,Technologie & IT,Sakété,+229 57 83 95 31,serverlesssystems@serverlesssyste.com.bj,serverlesssystems.bj,PME (10-50),B2C,Google Maps,3.2,Actif,2026-06-29T00:22:54.870122,haute
BJ-92D403E2,Web Rust,Technologie & IT,Sakété,+229 66 92 42 25,web.rust@outlook.com,webrust.bj,TPE (<10),B2C,Google Maps,4.4,Actif,2026-06-29T00:22:54.870138,haute
BJ-5DFFE0DD,Smart Oracle Sakété,Technologie & IT,Sakété,+229 25 20 34 11,s.oracle@hotmail.com,smartoraclesakété.bj,TPE (<10),B2B,Google Maps,3.5,Actif,2026-06-29T00:22:54.870156,haute
BJ-7F55DCB6,Cloud Oracle Africa,Technologie & IT,Adjara,+229 22 29 33 18,cloud.oracle@hotmail.com,cloudoracleafrica.bj,PME (50-200),B2C,Google Maps,4.6,Actif,2026-06-29T00:22:54.870183,haute
BJ-9B7F45E3,Info Design Digital,Technologie & IT,Adjara,+229 64 33 20 60,infodesign@gmail.com,,PME (50-200),B2C,Google Maps,4.1,Actif,2026-06-29T00:22:54.870200,moyenne
BJ-A915AA82,Things Solutions,Technologie & IT,Adjara,+229 42 57 15 67,things.solutions@thingssolutions.com.bj,thingssolutions.bj,TPE (<10),B2C,Google Maps,3.9,Actif,2026-06-29T00:22:54.870223,haute
BJ-2DA79665,PaaS,Technologie & IT,Adjara,+229 76 34 91 21,paas@outlook.com,paas.bj,TPE (<10),B2B,Google Maps,4.4,Actif,2026-06-29T00:22:54.870239,haute
BJ-CB94D66D,Database Soft Adjara,Technologie & IT,Adjara,+229 34 12 73 35,database.soft@hotmail.com,databasesoftadjara.bj,PME (10-50),B2B,Google Maps,3.9,Actif,2026-06-29T00:22:54.870255,haute
BJ-7EA53DE9,Sys Python Digital,Technologie & IT,Allada,+229 71 62 58 68,sys.python@syspythondigita.org.bj,syspythondigital.bj,PME (50-200),B2C,Google Maps,4.9,Actif,2026-06-29T00:22:54.870279,haute
BJ-F3461CF9,Cloud SQL,Technologie & IT,Allada,+229 31 78 27 33,cloud_sql@cloudsql.org.bj,cloudsql.bj,PME (50-200),B2B,Google Maps,4.2,Actif,2026-06-29T00:22:54.870296,haute
BJ-0022C9AC,Application,Technologie & IT,Allada,+229 96 45 92 70,application@application.bj,application.bj,Grande (>200),B2B,Google Maps,4.0,Actif,2026-06-29T00:22:54.870312,haute
BJ-7563CF33,Security SARL Allada,Technologie & IT,Allada,+229 73 27 86 32,security.sarl@securitysarlall.bj,securitysarlallada.bj,TPE (<10),B2C,Google Maps,3.8,Actif,2026-06-29T00:22:54.870328,haute
BJ-47623EE4,Web Blockchain Labs Allada,Technologie & IT,Allada,+229 29 39 50 77,web.blockchain@webblockchainla.com.bj,webblockchainlabsallada.bj,TPE (<10),B2B,Google Maps,3.9,Actif,2026-06-29T00:22:54.870346,haute
BJ-A0B64574,App Machine International,Technologie & IT,Aplahoué,+229 37 84 43 28,app_machine@appmachineinter.bj,appmachineinternational.bj,PME (10-50),B2B,Google Maps,4.9,Actif,2026-06-29T00:22:54.870369,haute
BJ-38BCA2F5,Net Android Bénin,Technologie & IT,Aplahoué,+229 44 37 58 86,net_android@netandroidbénin.bj,netandroidbénin.bj,TPE (<10),B2C,Google Maps,4.1,Actif,2026-06-29T00:22:54.870389,haute
BJ-7230D2A6,Tech Web Aplahoué,Technologie & IT,Aplahoué,+229 99 69 24 36,techweb@techwebaplahoué.org.bj,techwebaplahoué.bj,TPE (<10),B2B,Google Maps,3.7,Actif,2026-06-29T00:22:54.870411,haute
BJ-D849BBCE,Learning Tech,Technologie & IT,Aplahoué,+229 80 91 86 36,l.tech@learningtech.com.bj,learningtech.bj,PME (50-200),B2C,Google Maps,3.2,Actif,2026-06-29T00:22:54.870429,haute
BJ-49002B4B,Docker,Technologie & IT,Aplahoué,+229 32 14 94 50,docker@docker.bj,docker.bj,Grande (>200),B2B,Google Maps,3.1,Actif,2026-06-29T00:22:54.870444,haute
BJ-0DD9B6AD,Info Things Solutions,Technologie & IT,Dogbo-Tota,+229 96 74 68 16,info_things@infothingssolut.org.bj,infothingssolutions.bj,TPE (<10),B2B,Google Maps,3.0,Actif,2026-06-29T00:22:54.870469,haute
BJ-278C98B8,Agile,Technologie & IT,Dogbo-Tota,+229 26 95 53 84,agile@yahoo.fr,agile.bj,PME (10-50),B2C,Google Maps,3.6,Actif,2026-06-29T00:22:54.870488,haute
BJ-98B516D2,Cloud Cyber Studios Dogbo-Tota,Technologie & IT,Dogbo-Tota,+229 51 45 54 62,cloud.cyber@yahoo.com,cloudcyberstudiosdogbotota.bj,PME (10-50),B2B,Google Maps,3.3,Actif,2026-06-29T00:22:54.870510,haute
BJ-617C2664,Deep Systems,Technologie & IT,Dogbo-Tota,+229 23 56 28 87,deepsystems@deepsystems.com.bj,deepsystems.bj,Grande (>200),B2B,Google Maps,4.7,Actif,2026-06-29T00:22:54.870528,haute
BJ-50B8A402,Info Ruby Digital Dogbo-Tota,Technologie & IT,Dogbo-Tota,+229 87 63 21 83,inforuby@inforubydigital.bj,inforubydigitaldogbotota.bj,PME (50-200),B2C,Google Maps,3.5,Actif,2026-06-29T00:22:54.870547,haute
BJ-6FB21AA0,Soft Go,Technologie & IT,Kpomassè,+229 94 43 12 84,soft@hotmail.com,softgo.bj,PME (10-50),B2C,Google Maps,4.9,Actif,2026-06-29T00:22:54.870569,haute
BJ-1B49B6AF,Smart C# Kpomassè,Technologie & IT,Kpomassè,+229 62 40 36 62,s.kpomassè@smartc#kpomassè.com.bj,smartc#kpomassè.bj,PME (10-50),B2B,Google Maps,3.9,Actif,2026-06-29T00:22:54.870590,haute
BJ-3C4ACBD2,Smart AI Kpomassè,Technologie & IT,Kpomassè,+229 73 94 75 76,s.kpomassè@smartaikpomassè.com.bj,smartaikpomassè.bj,PME (10-50),B2C,Google Maps,4.1,Actif,2026-06-29T00:22:54.870617,haute
BJ-5C9E673F,Analytics Digital,Technologie & IT,Kpomassè,+229 89 42 31 30,analytics.digital@analyticsdigita.bj,analyticsdigital.bj,TPE (<10),B2C,Google Maps,3.9,Actif,2026-06-29T00:22:54.870636,haute
BJ-7AA60962,API Kpomassè,Technologie & IT,Kpomassè,+229 99 33 51 78,api.kpomassè@apikpomassè.com.bj,apikpomassè.bj,PME (10-50),B2C,Google Maps,4.5,Actif,2026-06-29T00:22:54.870655,haute
BJ-AB36E3F3,REST Hub,Technologie & IT,Tori-Bossito,+229 36 88 65 38,rest.hub@yahoo.com,,TPE (<10),B2C,Google Maps,3.6,Actif,2026-06-29T00:22:54.870678,moyenne
BJ-C637E745,Technologie,Technologie & IT,Tori-Bossito,+229 69 42 44 44,technologie@technologie.org.bj,technologie.bj,PME (10-50),B2C,Google Maps,3.5,Actif,2026-06-29T00:22:54.870694,haute
BJ-FFD963F2,Sys React Soft,Technologie & IT,Tori-Bossito,+229 81 57 54 32,,sysreactsoft.bj,PME (10-50),B2C,Google Maps,3.4,Actif,2026-06-29T00:22:54.870708,moyenne
BJ-BA81438F,CRM Solutions Tori-Bossito,Technologie & IT,Tori-Bossito,+229 80 24 17 93,c.solutions@yahoo.fr,crmsolutionstoribossito.bj,PME (50-200),B2B,Google Maps,4.5,Actif,2026-06-29T00:22:54.870726,haute
BJ-27A62F40,macOS,Technologie & IT,Tori-Bossito,+229 36 27 16 17,macos@gmail.com,macos.bj,PME (50-200),B2B,Google Maps,4.9,Actif,2026-06-29T00:22:54.870740,haute
BJ-146D3640,AI Data Hub,Technologie & IT,Grand-Popo,+229 20 62 23 45,d.hub@yahoo.com,aidatahub.bj,PME (10-50),B2B,Google Maps,3.2,Actif,2026-06-29T00:22:54.870783,haute
BJ-B98F9C0D,Smart Application,Technologie & IT,Grand-Popo,+229 86 21 95 84,s.application@smartapplicatio.org.bj,smartapplication.bj,TPE (<10),B2B,Google Maps,3.5,Actif,2026-06-29T00:22:54.870803,haute
BJ-0C570E26,Cloud Kotlin,Technologie & IT,Grand-Popo,+229 40 22 53 84,cloud.kotlin@cloudkotlin.bj,cloudkotlin.bj,PME (10-50),B2B,Google Maps,3.2,Actif,2026-06-29T00:22:54.870820,haute
BJ-8003FD1E,Oracle Labs,Technologie & IT,Grand-Popo,+229 33 71 67 26,oracle.labs@oraclelabs.com.bj,oraclelabs.bj,TPE (<10),B2B,Google Maps,4.1,Actif,2026-06-29T00:22:54.870836,haute
BJ-B4139F37,App DevOps,Technologie & IT,Athiémé,+229 90 57 46 50,a.devops@hotmail.com,appdevops.bj,PME (50-200),B2B,Google Maps,4.0,Actif,2026-06-29T00:22:54.870875,haute
BJ-36224C73,Digital Business,Technologie & IT,Athiémé,+229 20 11 52 53,digitalbusiness@outlook.com,digitalbusiness.bj,PME (10-50),B2C,Google Maps,3.1,Actif,2026-06-29T00:22:54.870903,haute
BJ-C90A052D,Soft Agile,Technologie & IT,Athiémé,+229 68 32 25 94,softagile@softagile.com.bj,softagile.bj,TPE (<10),B2C,Google Maps,4.2,Actif,2026-06-29T00:22:54.870922,haute
BJ-6D151B11,Node,Technologie & IT,Athiémé,+229 66 66 70 21,node@outlook.com,node.bj,TPE (<10),B2C,Google Maps,4.4,Actif,2026-06-29T00:22:54.870937,haute
BJ-8B17A584,Smart Go,Technologie & IT,Bopa,+229 48 63 24 68,smart@smartgo.bj,smartgo.bj,TPE (<10),B2C,Google Maps,3.3,Actif,2026-06-29T00:22:54.870959,haute
BJ-6A4DF574,Cyber C#,Technologie & IT,Bopa,+229 89 14 64 91,cyber@yahoo.fr,cyberc#.bj,PME (50-200),B2C,Google Maps,4.0,Actif,2026-06-29T00:22:54.870975,haute
BJ-D5E50EA5,Python,Technologie & IT,Bopa,+229 20 94 94 24,python@yahoo.fr,python.bj,TPE (<10),B2C,Google Maps,3.1,Actif,2026-06-29T00:22:54.870997,haute
BJ-0EC5F639,Tech Data Bopa,Technologie & IT,Bopa,+229 45 87 71 19,tech.data@gmail.com,techdatabopa.bj,PME (10-50),B2B,Google Maps,4.0,Actif,2026-06-29T00:22:54.871017,haute
BJ-A67C4158,Node Bénin,Technologie & IT,Bopa,+229 92 14 39 84,nodebénin@nodebénin.org.bj,nodebénin.bj,PME (10-50),B2B,Google Maps,3.7,Actif,2026-06-29T00:22:54.871037,haute
BJ-2DB9D9A2,Docker,Technologie & IT,Houéyogbé,+229 68 69 67 19,docker@docker.com.bj,docker.bj,PME (10-50),B2C,Google Maps,3.7,Actif,2026-06-29T00:22:54.871058,haute
BJ-FB5A6D55,Cloud,Technologie & IT,Houéyogbé,+229 32 13 73 62,cloud@yahoo.fr,cloud.bj,PME (10-50),B2B,Google Maps,3.8,Actif,2026-06-29T00:22:54.871074,haute
BJ-4A8C1113,Digital International Houéyogbé,Technologie & IT,Houéyogbé,+229 33 38 18 91,digital.international@digitalinternat.bj,digitalinternationalhouéyogbé.bj,PME (10-50),B2B,Google Maps,3.2,Actif,2026-06-29T00:22:54.871093,haute
BJ-4DF09CE6,Smart MongoDB,Technologie & IT,Houéyogbé,+229 80 99 64 21,smart.mongodb@smartmongodb.bj,smartmongodb.bj,PME (10-50),B2B,Google Maps,4.2,Actif,2026-06-29T00:22:54.871111,haute
BJ-D203BE52,Sys ERP Systems,Technologie & IT,Houéyogbé,+229 55 71 27 54,sys.erp@yahoo.fr,syserpsystems.bj,PME (10-50),B2C,Google Maps,3.4,Actif,2026-06-29T00:22:54.871128,haute
BJ-DDC3D6B5,Net NoSQL Solutions,Technologie & IT,Malanville,+229 79 21 42 96,net_nosql@yahoo.com,netnosqlsolutions.bj,PME (10-50),B2B,Google Maps,3.2,Actif,2026-06-29T00:22:54.871151,haute
BJ-23AF4707,Angular Malanville,Technologie & IT,Malanville,+229 47 42 14 82,angularmalanville@angularmalanvil.org.bj,angularmalanville.bj,PME (10-50),B2B,Google Maps,3.3,Actif,2026-06-29T00:22:54.871169,haute
BJ-4F5FEDBD,Python,Technologie & IT,Malanville,+229 64 13 76 15,python@outlook.com,python.bj,TPE (<10),B2C,Google Maps,3.5,Actif,2026-06-29T00:22:54.871187,haute
BJ-8117654A,Ethereum Hub,Technologie & IT,Malanville,+229 88 56 44 32,ethereumhub@ethereumhub.com.bj,ethereumhub.bj,Grande (>200),B2C,Google Maps,3.9,Actif,2026-06-29T00:22:54.871205,haute
BJ-2288FD4D,Rust,Technologie & IT,Malanville,+229 22 41 71 23,rust@outlook.com,rust.bj,TPE (<10),B2B,Google Maps,3.9,Actif,2026-06-29T00:22:54.871220,haute
BJ-24CAE437,Net Linux Tech,Technologie & IT,Kandi,+229 85 32 80 13,,netlinuxtech.bj,PME (50-200),B2C,Google Maps,4.6,Actif,2026-06-29T00:22:54.871239,moyenne
BJ-0F689D5C,Docker,Technologie & IT,Kandi,+229 36 37 95 34,docker@outlook.com,docker.bj,PME (50-200),B2B,Google Maps,3.5,Actif,2026-06-29T00:22:54.871257,haute
BJ-5B01228C,iOS,Technologie & IT,Kandi,+229 56 79 14 79,ios@ios.com.bj,ios.bj,TPE (<10),B2C,Google Maps,3.3,Actif,2026-06-29T00:22:54.871272,haute
BJ-5E4A8B70,Info Flutter SARL,Technologie & IT,Kandi,+229 48 71 82 99,i.flutter@infofluttersarl.org.bj,infofluttersarl.bj,TPE (<10),B2B,Google Maps,4.8,Actif,2026-06-29T00:22:54.871289,haute
BJ-D5FB6843,Net Node,Technologie & IT,Kandi,+229 28 90 26 68,net.node@netnode.com.bj,netnode.bj,TPE (<10),B2B,Google Maps,3.4,Actif,2026-06-29T00:22:54.871305,haute
BJ-6CCA1214,Big Bénin,Technologie & IT,Banikoara,+229 93 58 19 35,bigbénin@bigbénin.bj,,PME (50-200),B2B,Google Maps,4.4,Actif,2026-06-29T00:22:54.871334,moyenne
BJ-4680F9F0,Windows,Technologie & IT,Banikoara,+229 79 27 31 99,windows@yahoo.fr,windows.bj,TPE (<10),B2C,Google Maps,4.0,Actif,2026-06-29T00:22:54.871351,haute
BJ-484EE4E7,App Node Banikoara,Technologie & IT,Banikoara,+229 37 98 48 13,appnode@gmail.com,,PME (10-50),B2B,Google Maps,4.5,Actif,2026-06-29T00:22:54.871370,moyenne
BJ-AE27A2AC,Machine Banikoara,Technologie & IT,Banikoara,+229 97 58 90 51,m.banikoara@gmail.com,machinebanikoara.bj,Grande (>200),B2C,Google Maps,4.9,Actif,2026-06-29T00:22:54.871387,haute
BJ-63057B60,Flutter Bénin,Technologie & IT,Banikoara,+229 49 98 28 48,flutterbénin@yahoo.fr,flutterbénin.bj,PME (10-50),B2B,Google Maps,3.5,Actif,2026-06-29T00:22:54.871407,haute
BJ-52FD9536,Info PHP,Technologie & IT,Ségbana,+229 79 22 94 52,info.php@infophp.bj,infophp.bj,TPE (<10),B2B,Google Maps,4.8,Actif,2026-06-29T00:22:54.871431,haute
BJ-5392D301,Cyber PostgreSQL,Technologie & IT,Ségbana,+229 82 41 68 29,cyber.postgresql@cyberpostgresql.com.bj,cyberpostgresql.bj,Grande (>200),B2B,Google Maps,4.9,Actif,2026-06-29T00:22:54.871448,haute
BJ-848CEE10,macOS Bénin,Technologie & IT,Ségbana,+229 67 95 61 78,m.bénin@hotmail.com,macosbénin.bj,PME (50-200),B2C,Google Maps,4.5,Actif,2026-06-29T00:22:54.871466,haute
BJ-3092E344,C++ Studios,Technologie & IT,Ségbana,+229 97 90 57 70,c++.studios@hotmail.com,c++studios.bj,PME (50-200),B2B,Google Maps,4.3,Actif,2026-06-29T00:22:54.871486,haute
BJ-5241D01E,Data Application Digital,Technologie & IT,Ségbana,+229 96 53 33 58,data.application@yahoo.fr,dataapplicationdigital.bj,PME (10-50),B2C,Google Maps,3.5,Actif,2026-06-29T00:22:54.871503,haute
BJ-40D5B56F,Info GraphQL Studios,Technologie & IT,Karimama,+229 34 78 28 66,infographql@infographqlstud.org.bj,infographqlstudios.bj,PME (10-50),B2C,Google Maps,3.4,Actif,2026-06-29T00:22:54.871530,haute
BJ-14DF68D7,PHP,Technologie & IT,Karimama,+229 95 34 38 18,php@php.com.bj,php.bj,Grande (>200),B2B,Google Maps,4.1,Actif,2026-06-29T00:22:54.871546,haute
BJ-781A1946,PostgreSQL Soft,Technologie & IT,Karimama,+229 85 18 76 56,postgresql.soft@postgresqlsoft.bj,postgresqlsoft.bj,TPE (<10),B2B,Google Maps,3.9,Actif,2026-06-29T00:22:54.871565,haute
BJ-F3BDF9BF,AI BI Soft,Technologie & IT,Karimama,+229 63 56 40 40,soft@yahoo.fr,aibisoft.bj,TPE (<10),B2C,Google Maps,3.5,Actif,2026-06-29T00:22:54.871581,haute
BJ-3FA609F7,Vue,Technologie & IT,Karimama,+229 37 25 88 11,vue@yahoo.com,vue.bj,PME (50-200),B2C,Google Maps,4.3,Actif,2026-06-29T00:22:54.871595,haute
BJ-5E96E7A9,Cyber Flutter,Technologie & IT,Gogounou,+229 37 85 68 14,c.flutter@cyberflutter.com.bj,cyberflutter.bj,TPE (<10),B2B,Google Maps,5.0,Actif,2026-06-29T00:22:54.871619,haute
BJ-1EF7A488,GraphQL,Technologie & IT,Gogounou,+229 65 48 84 80,graphql@yahoo.fr,graphql.bj,PME (50-200),B2C,Google Maps,3.7,Actif,2026-06-29T00:22:54.871636,haute
BJ-405CF3A5,Bitcoin,Technologie & IT,Gogounou,+229 83 38 12 31,bitcoin@yahoo.fr,bitcoin.bj,PME (10-50),B2C,Google Maps,4.1,Actif,2026-06-29T00:22:54.871651,haute
BJ-CFA7C9C7,Machine Gogounou,Technologie & IT,Gogounou,+229 98 28 44 17,machine.gogounou@yahoo.com,machinegogounou.bj,TPE (<10),B2C,Google Maps,3.6,Actif,2026-06-29T00:22:54.871667,haute
BJ-EB9D7E75,Tech DevOps Solutions Gogounou,Technologie & IT,Gogounou,+229 45 72 33 85,t.devops@yahoo.com,techdevopssolutionsgogounou.bj,PME (10-50),B2B,Google Maps,3.6,Actif,2026-06-29T00:22:54.871683,haute
BJ-0F94D6AE,Intelligence,Technologie & IT,Cobly,+229 64 44 23 72,intelligence@yahoo.com,intelligence.bj,PME (10-50),B2C,Google Maps,4.8,Actif,2026-06-29T00:22:54.871704,haute
BJ-FADFC1D5,Cyber CRM,Technologie & IT,Cobly,+229 40 47 20 98,cyber.crm@yahoo.fr,cybercrm.bj,PME (10-50),B2B,Google Maps,4.1,Actif,2026-06-29T00:22:54.871724,haute
BJ-2EDF59B4,Smart Frontend International,Technologie & IT,Cobly,+229 20 29 25 19,,smartfrontendinternational.bj,TPE (<10),B2C,Google Maps,4.0,Actif,2026-06-29T00:22:54.871741,moyenne
BJ-1F7E8AB0,Backend,Technologie & IT,Cobly,+229 69 79 40 99,backend@backend.com.bj,backend.bj,PME (10-50),B2C,Google Maps,3.6,Actif,2026-06-29T00:22:54.871772,haute
BJ-20F6AC01,C#,Technologie & IT,Tanguiéta,+229 92 66 21 82,c#@c#.bj,c#.bj,Grande (>200),B2C,Google Maps,4.4,Actif,2026-06-29T00:22:54.871794,haute
BJ-363D3C04,Rust,Technologie & IT,Tanguiéta,+229 80 20 15 30,rust@yahoo.com,,PME (10-50),B2B,Google Maps,3.4,Actif,2026-06-29T00:22:54.871808,moyenne
BJ-F776B936,Blockchain Tanguiéta,Technologie & IT,Tanguiéta,+229 21 85 53 53,b.tanguiéta@blockchaintangu.org.bj,blockchaintanguiéta.bj,TPE (<10),B2C,Google Maps,3.5,Actif,2026-06-29T00:22:54.871827,haute
BJ-643A6950,NoSQL Digital,Technologie & IT,Tanguiéta,+229 53 66 54 30,nosqldigital@gmail.com,nosqldigital.bj,PME (50-200),B2C,Google Maps,3.9,Actif,2026-06-29T00:22:54.871844,haute
BJ-1BCC6C37,Cloud Tanguiéta,Technologie & IT,Tanguiéta,+229 69 22 96 70,,,PME (10-50),B2C,Google Maps,3.5,Actif,2026-06-29T00:22:54.871857,basse
BJ-5E2830BA,Solution Digital,Technologie & IT,Matéri,+229 85 46 65 70,solutiondigital@solutiondigital.org.bj,solutiondigital.bj,TPE (<10),B2C,Google Maps,4.6,Actif,2026-06-29T00:22:54.871886,haute
BJ-BC90993B,Docker,Technologie & IT,Matéri,+229 71 89 51 73,docker@docker.org.bj,docker.bj,PME (10-50),B2C,Google Maps,3.2,Actif,2026-06-29T00:22:54.871912,haute
BJ-E7153DAB,CI/CD,Technologie & IT,Matéri,+229 83 60 33 96,ci/cd@yahoo.fr,ci/cd.bj,PME (10-50),B2B,Google Maps,4.6,Actif,2026-06-29T00:22:54.871931,haute
BJ-797D061F,Développement Soft Matéri,Technologie & IT,Matéri,+229 65 82 98 37,d.soft@développementso.bj,développementsoftmatéri.bj,PME (50-200),B2B,Google Maps,4.7,Actif,2026-06-29T00:22:54.871953,haute
BJ-1D2C7078,Digital Matéri,Technologie & IT,Matéri,+229 73 47 60 65,d.matéri@yahoo.com,digitalmatéri.bj,PME (50-200),B2B,Google Maps,4.2,Actif,2026-06-29T00:22:54.871971,haute
BJ-E3203046,Crypto,Technologie & IT,Natitingou,+229 36 23 65 30,crypto@crypto.bj,crypto.bj,PME (50-200),B2B,Google Maps,3.9,Actif,2026-06-29T00:22:54.871993,haute
BJ-32716CC2,Cyber SaaS,Technologie & IT,Natitingou,+229 31 53 39 66,c.saas@cybersaas.org.bj,cybersaas.bj,TPE (<10),B2B,Google Maps,3.4,Actif,2026-06-29T00:22:54.872014,haute
BJ-DC740F0B,Net ERP Labs,Technologie & IT,Natitingou,+229 62 24 87 45,n.erp@hotmail.com,neterplabs.bj,Grande (>200),B2C,Google Maps,3.9,Actif,2026-06-29T00:22:54.872031,haute
BJ-491DD64B,Net Rust,Technologie & IT,Natitingou,+229 94 69 74 73,netrust@netrust.bj,netrust.bj,TPE (<10),B2C,Google Maps,4.5,Actif,2026-06-29T00:22:54.872051,haute
BJ-202D7E32,Soft Logiciel,Technologie & IT,Natitingou,+229 37 26 43 31,soft.logiciel@softlogiciel.org.bj,softlogiciel.bj,PME (50-200),B2B,Google Maps,4.9,Actif,2026-06-29T00:22:54.872068,haute
BJ-FFEEB992,AI Internet Studios Toucountouna,Technologie & IT,Toucountouna,+229 79 92 25 38,internet.studios@aiinternetstudi.bj,aiinternetstudiostoucountouna.bj,PME (10-50),B2B,Google Maps,3.1,Actif,2026-06-29T00:22:54.872092,haute
BJ-164ABBA9,Vue International Toucountouna,Technologie & IT,Toucountouna,+229 41 31 38 29,v.international@gmail.com,,PME (10-50),B2C,Google Maps,3.9,Actif,2026-06-29T00:22:54.872109,moyenne
BJ-84E003F4,BI,Technologie & IT,Toucountouna,+229 21 72 92 13,,bi.bj,PME (10-50),B2C,Google Maps,3.4,Actif,2026-06-29T00:22:54.872125,moyenne
BJ-35714C6A,GraphQL Studios,Technologie & IT,Toucountouna,+229 31 20 81 21,g.studios@graphqlstudios.com.bj,graphqlstudios.bj,PME (10-50),B2C,Google Maps,3.6,Actif,2026-06-29T00:22:54.872143,haute
BJ-BC8F6F1D,Things Toucountouna,Technologie & IT,Toucountouna,+229 88 32 13 91,thingstoucountouna@gmail.com,thingstoucountouna.bj,TPE (<10),B2B,Google Maps,4.7,Actif,2026-06-29T00:22:54.872160,haute
BJ-8AC5DAEF,PaaS Tech,Technologie & IT,Boukoumbé,+229 88 13 94 28,p.tech@paastech.com.bj,paastech.bj,TPE (<10),B2B,Google Maps,3.9,Actif,2026-06-29T00:22:54.872183,haute
BJ-93561DC2,Learning,Technologie & IT,Boukoumbé,+229 45 12 90 41,learning@gmail.com,,TPE (<10),B2C,Google Maps,3.8,Actif,2026-06-29T00:22:54.872197,moyenne
BJ-B8B17D9E,Web Oracle Labs,Technologie & IT,Boukoumbé,+229 86 69 52 63,w.oracle@yahoo.com,weboraclelabs.bj,Grande (>200),B2B,Google Maps,4.8,Actif,2026-06-29T00:22:54.872217,haute
BJ-E632FEF8,Info Data Boukoumbé,Technologie & IT,Boukoumbé,+229 24 33 76 65,info.data@infodataboukoum.bj,infodataboukoumbé.bj,TPE (<10),B2C,Google Maps,3.3,Actif,2026-06-29T00:22:54.872237,haute
BJ-8449C4B5,Net Python Works,Technologie & IT,Boukoumbé,+229 64 43 70 34,net.python@netpythonworks.com.bj,netpythonworks.bj,PME (50-200),B2C,Google Maps,4.5,Actif,2026-06-29T00:22:54.872253,haute
BJ-CF673D73,Tech Learning,Technologie & IT,Kouandé,+229 63 45 74 78,t.learning@techlearning.bj,techlearning.bj,PME (10-50),B2B,Google Maps,4.1,Actif,2026-06-29T00:22:54.872277,haute
BJ-8833D84A,Tech Vue Solutions,Technologie & IT,Kouandé,+229 33 96 58 19,techvue@techvuesolution.org.bj,techvuesolutions.bj,TPE (<10),B2C,Google Maps,4.3,Actif,2026-06-29T00:22:54.872295,haute
BJ-8F6F30DA,JavaScript Studios,Technologie & IT,Kouandé,+229 67 82 35 10,javascript.studios@javascriptstudi.bj,javascriptstudios.bj,PME (50-200),B2B,Google Maps,4.0,Actif,2026-06-29T00:22:54.872316,haute
BJ-CF9F54B6,Cyber Solutions,Technologie & IT,Kouandé,+229 44 96 34 46,cyber.solutions@outlook.com,cybersolutions.bj,TPE (<10),B2B,Google Maps,3.6,Actif,2026-06-29T00:22:54.872333,haute
BJ-39BFAFFC,App Serverless Soft Kouandé,Technologie & IT,Kouandé,+229 56 20 36 64,app.serverless@yahoo.com,appserverlesssoftkouandé.bj,TPE (<10),B2C,Google Maps,4.5,Actif,2026-06-29T00:22:54.872353,haute
BJ-D9CFC9FD,ERP SARL,Technologie & IT,Péhunco,+229 97 88 12 98,erp.sarl@yahoo.fr,erpsarl.bj,PME (10-50),B2C,Google Maps,4.6,Actif,2026-06-29T00:22:54.872377,haute
BJ-E88868B0,Cloud Big,Technologie & IT,Péhunco,+229 97 92 35 10,c.big@cloudbig.com.bj,cloudbig.bj,TPE (<10),B2B,Google Maps,3.7,Actif,2026-06-29T00:22:54.872395,haute
BJ-D65560B2,Digital Intelligence Solutions,Technologie & IT,Péhunco,+229 29 65 18 12,,digitalintelligencesolutions.bj,PME (50-200),B2C,Google Maps,3.5,Actif,2026-06-29T00:22:54.872408,moyenne
BJ-AC9CAC3B,Cyber Fullstack Labs,Technologie & IT,Péhunco,+229 38 18 77 35,c.fullstack@cyberfullstackl.bj,cyberfullstacklabs.bj,PME (50-200),B2B,Google Maps,3.5,Actif,2026-06-29T00:22:54.872424,haute
BJ-51DD0DB0,Cyber UX/UI Hub,Technologie & IT,Péhunco,+229 62 44 70 76,cyber.ux/ui@yahoo.fr,cyberux/uihub.bj,TPE (<10),B2B,Google Maps,4.4,Actif,2026-06-29T00:22:54.872441,haute
BJ-3F064D0F,C# International,Technologie & IT,Tchaourou,+229 37 17 75 51,international@c#international.com.bj,c#international.bj,PME (50-200),B2C,Google Maps,3.1,Actif,2026-06-29T00:22:54.872463,haute
BJ-56737BCF,Info Logiciel Africa,Technologie & IT,Tchaourou,+229 85 23 51 58,,infologicielafrica.bj,PME (50-200),B2C,Google Maps,4.5,Actif,2026-06-29T00:22:54.872481,moyenne
BJ-BE8162F1,PostgreSQL,Technologie & IT,Tchaourou,+229 95 14 51 62,postgresql@gmail.com,postgresql.bj,PME (50-200),B2B,Google Maps,3.6,Actif,2026-06-29T00:22:54.872499,haute
BJ-BED05B69,IaaS Systems,Technologie & IT,Tchaourou,+229 22 28 94 76,iaas_systems@iaassystems.bj,iaassystems.bj,Grande (>200),B2B,Google Maps,3.1,Actif,2026-06-29T00:22:54.872517,haute
BJ-7FE13EFE,C++,Technologie & IT,Tchaourou,+229 57 25 93 12,c++@c++.org.bj,c++.bj,TPE (<10),B2B,Google Maps,4.3,Actif,2026-06-29T00:22:54.872536,haute
BJ-32F3D9AE,SQL Tech,Technologie & IT,Nikki,+229 27 62 83 47,sqltech@yahoo.com,sqltech.bj,PME (10-50),B2C,Google Maps,4.2,Actif,2026-06-29T00:22:54.872559,haute
BJ-DFDC2E6B,Sys React Works,Technologie & IT,Nikki,+229 50 81 65 55,sys.react@sysreactworks.com.bj,sysreactworks.bj,TPE (<10),B2B,Google Maps,3.9,Actif,2026-06-29T00:22:54.872577,haute
BJ-B59B8906,Soft Python Nikki,Technologie & IT,Nikki,+229 47 24 27 12,s.python@yahoo.fr,softpythonnikki.bj,TPE (<10),B2B,Google Maps,3.7,Actif,2026-06-29T00:22:54.872594,haute
BJ-E843C93E,Cyber SaaS Nikki,Technologie & IT,Nikki,+229 91 40 66 33,c.saas@outlook.com,cybersaasnikki.bj,PME (10-50),B2C,Google Maps,4.7,Actif,2026-06-29T00:22:54.872610,haute
BJ-91121388,C# Bénin,Technologie & IT,Nikki,+229 32 30 39 96,bénin@c#bénin.bj,c#bénin.bj,Grande (>200),B2C,Google Maps,3.9,Actif,2026-06-29T00:22:54.872626,haute
BJ-173B6DDE,AI C# Bénin,Technologie & IT,Bembéréké,+229 55 91 44 86,bénin@aic#bénin.org.bj,aic#bénin.bj,Grande (>200),B2C,Google Maps,3.4,Actif,2026-06-29T00:22:54.872650,haute
BJ-5E58A0F5,Cloud SaaS Labs,Technologie & IT,Bembéréké,+229 78 62 15 19,c.saas@yahoo.fr,cloudsaaslabs.bj,TPE (<10),B2C,Google Maps,4.0,Actif,2026-06-29T00:22:54.872667,haute
BJ-1B291062,Web Serverless,Technologie & IT,Bembéréké,+229 59 85 22 92,web.serverless@webserverless.bj,webserverless.bj,TPE (<10),B2C,Google Maps,3.8,Actif,2026-06-29T00:22:54.872690,haute
BJ-EA26DFFF,SQL Works,Technologie & IT,Bembéréké,+229 67 42 17 21,sql_works@gmail.com,sqlworks.bj,TPE (<10),B2B,Google Maps,4.3,Actif,2026-06-29T00:22:54.872706,haute
BJ-332032A7,Digital JavaScript Africa,Technologie & IT,Bembéréké,+229 30 35 97 93,,digitaljavascriptafrica.bj,PME (10-50),B2B,Google Maps,4.8,Actif,2026-06-29T00:22:54.872719,moyenne
BJ-17DE9C0C,Web Database Digital,Technologie & IT,Kalalé,+229 64 83 83 18,web.database@gmail.com,webdatabasedigital.bj,TPE (<10),B2C,Google Maps,3.5,Actif,2026-06-29T00:22:54.872742,haute
BJ-CFC8BF5D,Network Bénin,Technologie & IT,Kalalé,+229 31 21 39 66,network.bénin@yahoo.com,networkbénin.bj,TPE (<10),B2C,Google Maps,3.7,Actif,2026-06-29T00:22:54.872760,haute
BJ-63DA438D,Cyber Kalalé,Technologie & IT,Kalalé,+229 27 61 33 20,cyberkalalé@outlook.com,cyberkalalé.bj,Grande (>200),B2B,Google Maps,3.1,Actif,2026-06-29T00:22:54.872778,haute
BJ-BD5836A8,Kanban Africa,Technologie & IT,Kalalé,+229 69 81 41 27,k.africa@kanbanafrica.org.bj,kanbanafrica.bj,TPE (<10),B2C,Google Maps,4.2,Actif,2026-06-29T00:22:54.872795,haute
BJ-38DA9AD7,MySQL Kalalé,Technologie & IT,Kalalé,+229 62 42 62 30,mysql.kalalé@mysqlkalalé.org.bj,mysqlkalalé.bj,TPE (<10),B2B,Google Maps,4.1,Actif,2026-06-29T00:22:54.872812,haute
BJ-18C87710,Rust,Technologie & IT,Ndali,+229 65 97 88 72,rust@rust.com.bj,rust.bj,PME (10-50),B2B,Google Maps,4.9,Actif,2026-06-29T00:22:54.872866,haute
BJ-7AB739A9,Smart Blockchain Systems,Technologie & IT,Ndali,+229 83 91 84 24,smart.blockchain@outlook.com,smartblockchainsystems.bj,TPE (<10),B2C,Google Maps,3.3,Actif,2026-06-29T00:22:54.872883,haute
BJ-A92AE019,Net C++ International,Technologie & IT,Ndali,+229 99 37 38 77,netc++@netc++internati.com.bj,netc++international.bj,PME (50-200),B2B,Google Maps,3.8,Actif,2026-06-29T00:22:54.872914,haute
BJ-D9CEA784,API Studios,Technologie & IT,Ségbana,+229 77 34 32 14,api_studios@outlook.com,apistudios.bj,TPE (<10),B2B,Google Maps,3.4,Actif,2026-06-29T00:22:54.872939,haute
BJ-AC9BC916,Internet Soft Ségbana,Technologie & IT,Ségbana,+229 46 64 78 23,internetsoft@hotmail.com,internetsoftségbana.bj,PME (50-200),B2B,Google Maps,4.5,Actif,2026-06-29T00:22:54.873002,haute
BJ-C063098F,GraphQL Bénin,Technologie & IT,Ségbana,+229 50 38 35 36,,graphqlbénin.bj,PME (50-200),B2C,Google Maps,3.5,Actif,2026-06-29T00:22:54.873015,moyenne
BJ-AE10B713,Web Bitcoin,Technologie & IT,Tchaourou,+229 99 63 37 70,webbitcoin@webbitcoin.org.bj,webbitcoin.bj,PME (10-50),B2C,Google Maps,3.1,Actif,2026-06-29T00:22:54.873039,haute
BJ-D0A29A52,Digital Agile,Technologie & IT,Tchaourou,+229 90 53 25 32,digitalagile@digitalagile.org.bj,digitalagile.bj,PME (10-50),B2C,Google Maps,4.9,Actif,2026-06-29T00:22:54.873056,haute
BJ-92358F09,Security Bénin Tchaourou,Technologie & IT,Tchaourou,+229 44 93 54 39,securitybénin@securitybénintc.bj,securitybénintchaourou.bj,TPE (<10),B2B,Google Maps,3.1,Actif,2026-06-29T00:22:54.873084,haute
BJ-0C0BFD3B,Sys Swift,Technologie & IT,Tchaourou,+229 74 56 72 19,sysswift@hotmail.com,sysswift.bj,TPE (<10),B2B,Google Maps,3.4,Actif,2026-06-29T00:22:54.873106,haute
BJ-3EE41E13,Network Labs Tchaourou,Technologie & IT,Tchaourou,+229 54 85 39 96,networklabs@gmail.com,networklabstchaourou.bj,PME (50-200),B2C,Google Maps,4.5,Actif,2026-06-29T00:22:54.873124,haute
BJ-7F40591E,Soft Digital Bétérou,Technologie & IT,Bétérou,+229 21 13 82 41,soft.digital@hotmail.com,softdigitalbétérou.bj,PME (10-50),B2C,Google Maps,4.7,Actif,2026-06-29T00:22:54.873152,haute
BJ-CBDF8F83,Smart PostgreSQL Labs Bétérou,Technologie & IT,Bétérou,+229 96 54 47 86,s.postgresql@smartpostgresql.org.bj,smartpostgresqllabsbétérou.bj,PME (10-50),B2B,Google Maps,3.4,Actif,2026-06-29T00:22:54.873173,haute
BJ-CA76EA2D,GraphQL Bétérou,Technologie & IT,Bétérou,+229 49 96 29 94,graphql.bétérou@gmail.com,graphqlbétérou.bj,PME (50-200),B2C,Google Maps,3.5,Actif,2026-06-29T00:22:54.873191,haute
BJ-CE42FF7D,Cloud UX/UI,Technologie & IT,Bétérou,+229 82 46 97 84,c.ux/ui@cloudux/ui.bj,cloudux/ui.bj,TPE (<10),B2C,Google Maps,4.4,Actif,2026-06-29T00:22:54.873209,haute
BJ-11A8EA82,Smart Solution,Technologie & IT,Bétérou,+229 59 65 91 15,smart.solution@gmail.com,smartsolution.bj,TPE (<10),B2B,Google Maps,4.9,Actif,2026-06-29T00:22:54.873226,haute
BJ-E5A5CB21,Net Digital,Technologie & IT,Ouessè,+229 96 14 36 52,netdigital@netdigital.bj,netdigital.bj,TPE (<10),B2C,Google Maps,4.0,Actif,2026-06-29T00:22:54.873250,haute
BJ-74AB5E97,Smart Crypto,Technologie & IT,Ouessè,+229 91 79 53 24,smartcrypto@hotmail.com,smartcrypto.bj,Grande (>200),B2B,Google Maps,3.6,Actif,2026-06-29T00:22:54.873279,haute
BJ-B72A41FE,Sys Big,Technologie & IT,Ouessè,+229 87 17 62 58,,sysbig.bj,PME (10-50),B2C,Google Maps,4.2,Actif,2026-06-29T00:22:54.873316,moyenne
BJ-74D4B85C,Web Python,Technologie & IT,Ouessè,+229 82 93 73 46,web.python@outlook.com,webpython.bj,TPE (<10),B2B,Google Maps,4.4,Actif,2026-06-29T00:22:54.873338,haute
BJ-14FCEC81,Logiciel,Technologie & IT,Ouessè,+229 35 24 19 93,logiciel@logiciel.com.bj,logiciel.bj,PME (10-50),B2B,Google Maps,4.8,Actif,2026-06-29T00:22:54.873354,haute
BJ-9F246FBC,Tech Linux Studios Glazoué,Technologie & IT,Glazoué,+229 25 39 41 97,tech_linux@outlook.com,techlinuxstudiosglazoué.bj,TPE (<10),B2C,Google Maps,3.8,Actif,2026-06-29T00:22:54.873382,haute
BJ-B715D5BD,App Business,Technologie & IT,Glazoué,+229 78 57 38 87,appbusiness@appbusiness.org.bj,,TPE (<10),B2B,Google Maps,4.8,Actif,2026-06-29T00:22:54.873400,moyenne
BJ-DFD4D8D9,Cyber Backend,Technologie & IT,Glazoué,+229 44 68 50 70,,cyberbackend.bj,PME (50-200),B2B,Google Maps,3.5,Actif,2026-06-29T00:22:54.873414,moyenne
BJ-74975ED1,Logiciel Glazoué,Technologie & IT,Glazoué,+229 38 69 96 32,l.glazoué@outlook.com,,TPE (<10),B2C,Google Maps,4.5,Actif,2026-06-29T00:22:54.873437,moyenne
BJ-1C2D4C0F,PHP,Technologie & IT,Dassa-Zoumè,+229 37 66 63 48,php@php.org.bj,php.bj,PME (50-200),B2C,Google Maps,4.5,Actif,2026-06-29T00:22:54.873478,haute
BJ-27D1F4DE,Cloud Android SARL,Technologie & IT,Dassa-Zoumè,+229 81 24 82 73,cloud.android@yahoo.fr,cloudandroidsarl.bj,PME (10-50),B2C,Google Maps,4.3,Actif,2026-06-29T00:22:54.873497,haute
BJ-5402EA1F,AI Cyber Dassa-Zoumè,Technologie & IT,Dassa-Zoumè,+229 96 52 85 58,cyberdassa@aicyberdassazou.com.bj,aicyberdassazoumè.bj,TPE (<10),B2B,Google Maps,3.8,Actif,2026-06-29T00:22:54.873521,haute
BJ-6E739814,Web MySQL Works,Technologie & IT,Dassa-Zoumè,+229 52 23 27 92,web.mysql@webmysqlworks.bj,webmysqlworks.bj,TPE (<10),B2C,Google Maps,3.0,Actif,2026-06-29T00:22:54.873540,haute
BJ-FA658202,App Agile Africa,Technologie & IT,Dassa-Zoumè,+229 48 46 86 25,app.agile@hotmail.com,appagileafrica.bj,TPE (<10),B2B,Google Maps,4.3,Actif,2026-06-29T00:22:54.873560,haute
BJ-B6775102,Soft Container Bénin,Technologie & IT,Savalou,+229 70 55 46 90,s.container@hotmail.com,softcontainerbénin.bj,PME (50-200),B2B,Google Maps,4.2,Actif,2026-06-29T00:22:54.873586,haute
BJ-0771AE5C,Tech Informatique Digital,Technologie & IT,Savalou,+229 91 24 83 84,techinformatique@hotmail.com,techinformatiquedigital.bj,PME (50-200),B2B,Google Maps,4.6,Actif,2026-06-29T00:22:54.873605,haute
BJ-B86471FA,Tech iOS Africa,Technologie & IT,Savalou,+229 98 12 96 84,tech.ios@techiosafrica.org.bj,techiosafrica.bj,TPE (<10),B2B,Google Maps,3.7,Actif,2026-06-29T00:22:54.873623,haute
BJ-902FC219,Vue,Technologie & IT,Savalou,+229 90 82 44 50,vue@vue.bj,vue.bj,PME (10-50),B2C,Google Maps,4.4,Actif,2026-06-29T00:22:54.873638,haute
BJ-0A03FFB5,Machine,Technologie & IT,Savalou,+229 98 66 16 90,machine@machine.bj,machine.bj,PME (10-50),B2B,Google Maps,3.4,Actif,2026-06-29T00:22:54.873653,haute
BJ-424E212C,Digital React Studios,Technologie & IT,Bantè,+229 62 76 40 73,d.react@gmail.com,digitalreactstudios.bj,PME (50-200),B2B,Google Maps,3.8,Actif,2026-06-29T00:22:54.873676,haute
BJ-EA8E6E7E,Design Studios,Technologie & IT,Bantè,+229 51 46 57 61,design.studios@outlook.com,designstudios.bj,PME (10-50),B2C,Google Maps,4.0,Actif,2026-06-29T00:22:54.873694,haute
BJ-A102AC10,Rust Labs Bantè,Technologie & IT,Bantè,+229 54 99 98 28,rustlabs@hotmail.com,rustlabsbantè.bj,TPE (<10),B2B,Google Maps,3.3,Actif,2026-06-29T00:22:54.873715,haute
BJ-26301CD1,Data Kanban Africa,Technologie & IT,Bantè,+229 34 42 80 93,data.kanban@outlook.com,datakanbanafrica.bj,TPE (<10),B2B,Google Maps,4.7,Actif,2026-06-29T00:22:54.873732,haute
BJ-6A553DFD,App Python,Technologie & IT,Bantè,+229 21 83 54 85,app.python@gmail.com,apppython.bj,TPE (<10),B2B,Google Maps,4.0,Actif,2026-06-29T00:22:54.873749,haute
BJ-2182E779,Kanban,Technologie & IT,Djougou,+229 22 71 35 81,kanban@yahoo.fr,kanban.bj,TPE (<10),B2C,Google Maps,3.8,Actif,2026-06-29T00:22:54.873772,haute
BJ-4A1F774E,Développement Studios,Technologie & IT,Djougou,+229 49 53 36 86,d.studios@yahoo.fr,développementstudios.bj,Grande (>200),B2B,Google Maps,3.5,Actif,2026-06-29T00:22:54.873791,haute
BJ-8F9803C0,Tech DevOps SARL,Technologie & IT,Djougou,+229 26 88 40 83,tech.devops@yahoo.fr,techdevopssarl.bj,TPE (<10),B2B,Google Maps,3.6,Actif,2026-06-29T00:22:54.873813,haute
BJ-FA807EC8,Digital IaaS,Technologie & IT,Djougou,+229 38 15 98 28,d.iaas@outlook.com,digitaliaas.bj,TPE (<10),B2C,Google Maps,3.5,Actif,2026-06-29T00:22:54.873830,haute
BJ-02A7C2B9,Smart Microservices Djougou,Technologie & IT,Djougou,+229 37 71 28 55,smart.microservices@smartmicroservi.bj,smartmicroservicesdjougou.bj,PME (10-50),B2B,Google Maps,4.5,Actif,2026-06-29T00:22:54.873863,haute
BJ-9480548A,Smart Container Ouèssè,Technologie & IT,Ouèssè,+229 25 37 48 98,s.container@yahoo.fr,smartcontainerouèssè.bj,PME (50-200),B2C,Google Maps,4.3,Actif,2026-06-29T00:22:54.873888,haute
BJ-56667D45,ERP Ouèssè,Technologie & IT,Ouèssè,+229 63 98 75 85,erp.ouèssè@erpouèssè.bj,erpouèssè.bj,TPE (<10),B2C,Google Maps,3.0,Actif,2026-06-29T00:22:54.873926,haute
BJ-4572C556,Net Intelligence,Technologie & IT,Ouèssè,+229 70 40 96 29,n.intelligence@hotmail.com,netintelligence.bj,TPE (<10),B2B,Google Maps,3.2,Actif,2026-06-29T00:22:54.873946,haute
BJ-8118B236,Sys Web,Technologie & IT,Ouèssè,+229 33 20 12 67,sys.web@sysweb.bj,sysweb.bj,PME (10-50),B2B,Google Maps,3.8,Actif,2026-06-29T00:22:54.873964,haute
BJ-81CFD739,Linux,Technologie & IT,Ouèssè,+229 69 47 10 22,linux@outlook.com,linux.bj,PME (10-50),B2B,Google Maps,3.9,Actif,2026-06-29T00:22:54.873979,haute
BJ-572C2790,Fullstack,Technologie & IT,Bassila,+229 51 39 78 37,fullstack@fullstack.org.bj,fullstack.bj,TPE (<10),B2C,Google Maps,4.8,Actif,2026-06-29T00:22:54.874001,haute
BJ-D00C8161,SQL,Technologie & IT,Bassila,+229 62 43 52 24,sql@sql.bj,sql.bj,PME (50-200),B2C,Google Maps,3.6,Actif,2026-06-29T00:22:54.874015,haute
BJ-60A1C754,Learning Bénin,Technologie & IT,Bassila,+229 22 41 55 67,learning.bénin@yahoo.com,learningbénin.bj,TPE (<10),B2B,Google Maps,4.7,Actif,2026-06-29T00:22:54.874033,haute
BJ-F5B00325,Soft DevOps Hub,Technologie & IT,Bassila,+229 58 14 91 39,soft.devops@outlook.com,softdevopshub.bj,PME (50-200),B2B,Google Maps,3.2,Actif,2026-06-29T00:22:54.874050,haute
BJ-B4509FCC,CI/CD Africa Bassila,Technologie & IT,Bassila,+229 32 50 50 75,c.africa@hotmail.com,ci/cdafricabassila.bj,PME (50-200),B2C,Google Maps,5.0,Actif,2026-06-29T00:22:54.874066,haute
BJ-02570FAA,Cloud Container,Technologie & IT,Pehunco,+229 57 78 65 48,cloud.container@hotmail.com,cloudcontainer.bj,TPE (<10),B2B,Google Maps,5.0,Actif,2026-06-29T00:22:54.874091,haute
BJ-995ADC1E,Business Soft,Technologie & IT,Pehunco,+229 93 48 41 85,businesssoft@hotmail.com,businesssoft.bj,PME (50-200),B2B,Google Maps,4.7,Actif,2026-06-29T00:22:54.874108,haute
BJ-16ECE844,Artificielle,Technologie & IT,Pehunco,+229 72 63 64 28,artificielle@artificielle.org.bj,artificielle.bj,TPE (<10),B2B,Google Maps,4.9,Actif,2026-06-29T00:22:54.874126,haute
BJ-4C64C933,Cyber Swift,Technologie & IT,Pehunco,+229 96 98 27 47,c.swift@cyberswift.bj,cyberswift.bj,TPE (<10),B2B,Google Maps,3.5,Actif,2026-06-29T00:22:54.874142,haute
BJ-603632BD,Net ERP Soft Pehunco,Technologie & IT,Pehunco,+229 43 58 18 77,neterp@neterpsoftpehun.bj,neterpsoftpehunco.bj,TPE (<10),B2C,Google Maps,3.9,Actif,2026-06-29T00:22:54.874159,haute
BJ-FD0CACBE,AI Blockchain Bénin Copargo,Technologie & IT,Copargo,+229 72 96 30 89,b.bénin@aiblockchainbén.com.bj,aiblockchainbénincopargo.bj,TPE (<10),B2C,Google Maps,3.5,Actif,2026-06-29T00:22:54.874186,haute
BJ-A48F685E,PostgreSQL,Technologie & IT,Copargo,+229 53 67 41 81,postgresql@gmail.com,postgresql.bj,PME (50-200),B2B,Google Maps,4.2,Actif,2026-06-29T00:22:54.874200,haute
BJ-6F3D17CC,Digital macOS,Technologie & IT,Copargo,+229 44 17 45 48,d.macos@digitalmacos.org.bj,digitalmacos.bj,TPE (<10),B2C,Google Maps,3.3,Actif,2026-06-29T00:22:54.874216,haute
BJ-DB046087,Info UX/UI Copargo,Technologie & IT,Copargo,+229 72 95 29 62,infoux/ui@yahoo.com,infoux/uicopargo.bj,PME (50-200),B2B,Google Maps,3.4,Actif,2026-06-29T00:22:54.874232,haute
BJ-4B0D99D6,Info Cyber Copargo,Technologie & IT,Copargo,+229 92 56 80 80,info.cyber@outlook.com,infocybercopargo.bj,PME (10-50),B2B,Google Maps,3.8,Actif,2026-06-29T00:22:54.874248,haute
BJ-C7555615,Production Automatique,Industrie & Manufacture,Cotonou,+229 76 68 60 47,p.automatique@productionautom.bj,productionautomatique.bj,TPE (<10),B2B,Google Maps,4.8,Actif,2026-06-29T00:22:54.874272,haute
BJ-1EBACCC7,Plant Ciment,Industrie & Manufacture,Cotonou,+229 99 54 46 41,plantciment@plantciment.org.bj,plantciment.bj,PME (10-50),B2B,Google Maps,3.5,Actif,2026-06-29T00:22:54.874289,haute
BJ-A849A23B,Découpe Groupe,Industrie & Manufacture,Cotonou,+229 86 80 97 75,d.groupe@gmail.com,,PME (50-200),B2B,Google Maps,3.2,Actif,2026-06-29T00:22:54.874309,moyenne
BJ-3C3CE378,Production Métal,Industrie & Manufacture,Cotonou,+229 22 56 95 47,p.métal@productionmétal.org.bj,,PME (50-200),B2B,Google Maps,4.5,Actif,2026-06-29T00:22:54.874328,moyenne
BJ-852D06F7,Usine Automobile,Industrie & Manufacture,Cotonou,+229 79 35 96 55,,usineautomobile.bj,PME (10-50),B2B,Google Maps,3.6,Actif,2026-06-29T00:22:54.874344,moyenne
BJ-6C737B7A,Usine Alimentaire SA,Industrie & Manufacture,Abomey-Calavi,+229 79 48 44 40,,,PME (10-50),B2B,Google Maps,3.1,Actif,2026-06-29T00:22:54.874363,basse
BJ-00B4333E,Usine Automatisation Abomey-Calavi,Industrie & Manufacture,Abomey-Calavi,+229 96 98 56 10,,usineautomatisationabomeycalavi.bj,TPE (<10),B2B,Google Maps,4.9,Actif,2026-06-29T00:22:54.874377,moyenne
BJ-C59FCF9A,Aluminium,Industrie & Manufacture,Abomey-Calavi,+229 92 55 14 28,aluminium@hotmail.com,,TPE (<10),B2B,Google Maps,4.4,Actif,2026-06-29T00:22:54.874391,moyenne
BJ-5318794B,Usine Usinage Groupe,Industrie & Manufacture,Abomey-Calavi,+229 71 44 92 49,usineusinage@usineusinagegro.org.bj,usineusinagegroupe.bj,PME (10-50),B2B,Google Maps,3.3,Actif,2026-06-29T00:22:54.874408,haute
BJ-47850E09,Industrie Automatisation Africa Abomey-Calavi,Industrie & Manufacture,Abomey-Calavi,+229 35 93 57 26,i.automatisation@outlook.com,industrieautomatisationafricaabomeycalavi.bj,PME (10-50),B2B,Google Maps,3.1,Actif,2026-06-29T00:22:54.874430,haute
BJ-C0F9D688,Carrelage,Industrie & Manufacture,Porto-Novo,+229 48 21 92 59,carrelage@yahoo.fr,,TPE (<10),B2B,Google Maps,3.8,Actif,2026-06-29T00:22:54.874450,moyenne
BJ-855A23BB,Vernis,Industrie & Manufacture,Porto-Novo,+229 36 10 57 23,vernis@yahoo.com,,PME (50-200),B2B,Google Maps,3.6,Actif,2026-06-29T00:22:54.874464,moyenne
BJ-B90CBC5F,Transformation Porto-Novo,Industrie & Manufacture,Porto-Novo,+229 75 30 67 98,transformation_porto@gmail.com,,PME (10-50),B2B,Google Maps,4.1,Actif,2026-06-29T00:22:54.874484,moyenne
BJ-99966067,Manufacture Découpe Industry,Industrie & Manufacture,Porto-Novo,+229 98 59 79 29,,,PME (10-50),B2B,Google Maps,4.5,Actif,2026-06-29T00:22:54.874497,basse
BJ-3980E1DF,Unité Mécanique SA,Industrie & Manufacture,Porto-Novo,+229 52 93 56 39,unité_mécanique@outlook.com,unitémécaniquesa.bj,PME (50-200),B2B,Google Maps,4.4,Actif,2026-06-29T00:22:54.874516,haute
BJ-34AFC55A,Plant Mécanique Industries Parakou,Industrie & Manufacture,Parakou,+229 74 53 49 16,plant.mécanique@gmail.com,,TPE (<10),B2B,Google Maps,4.4,Actif,2026-06-29T00:22:54.874543,moyenne
BJ-FAC5EAD5,Atelier Laser,Industrie & Manufacture,Parakou,+229 59 30 46 42,atelierlaser@atelierlaser.org.bj,,PME (50-200),B2B,Google Maps,4.6,Actif,2026-06-29T00:22:54.874561,moyenne
BJ-FE1A524F,Zinc,Industrie & Manufacture,Parakou,+229 55 85 93 94,zinc@zinc.bj,zinc.bj,Grande (>200),B2B,Google Maps,4.1,Actif,2026-06-29T00:22:54.874580,haute
BJ-B1BDDA33,Fabrique Automatique,Industrie & Manufacture,Parakou,+229 53 77 83 54,fabrique.automatique@fabriqueautomat.com.bj,fabriqueautomatique.bj,TPE (<10),B2B,Google Maps,3.9,Actif,2026-06-29T00:22:54.874596,haute
BJ-2166FE78,Works Édition,Industrie & Manufacture,Parakou,+229 56 49 36 20,works.édition@gmail.com,,PME (10-50),B2B,Google Maps,3.7,Actif,2026-06-29T00:22:54.874613,moyenne
BJ-8FDB4CCC,Atelier Électronique Bénin,Industrie & Manufacture,Bohicon,+229 74 52 32 35,,,Grande (>200),B2B,Google Maps,4.2,Actif,2026-06-29T00:22:54.874631,basse
BJ-05B7D666,Céramique Bénin,Industrie & Manufacture,Bohicon,+229 85 24 27 92,céramique.bénin@gmail.com,céramiquebénin.bj,TPE (<10),B2B,Google Maps,4.2,Actif,2026-06-29T00:22:54.874648,haute
BJ-496AEAA6,Industrie Transformation Bohicon,Industrie & Manufacture,Bohicon,+229 30 69 64 94,i.transformation@hotmail.com,industrietransformationbohicon.bj,PME (50-200),B2B,Google Maps,4.8,Actif,2026-06-29T00:22:54.874672,haute
BJ-9E9797CB,Automatisation Bénin,Industrie & Manufacture,Bohicon,+229 82 84 19 91,,,Grande (>200),B2B,Google Maps,4.9,Actif,2026-06-29T00:22:54.874685,basse
BJ-AEF9B589,Usine Ciment,Industrie & Manufacture,Natitingou,+229 39 87 61 16,,usineciment.bj,PME (10-50),B2B,Google Maps,3.7,Actif,2026-06-29T00:22:54.874749,moyenne
BJ-8D9259AF,Fabrique Cuivre Groupe,Industrie & Manufacture,Natitingou,+229 41 67 27 17,fabrique.cuivre@gmail.com,fabriquecuivregroupe.bj,PME (10-50),B2B,Google Maps,3.8,Actif,2026-06-29T00:22:54.874785,haute
BJ-B5EBA43F,Usine Vernis Industry,Industrie & Manufacture,Natitingou,+229 73 15 78 52,usine.vernis@yahoo.com,usinevernisindustry.bj,PME (10-50),B2B,Google Maps,4.5,Actif,2026-06-29T00:22:54.874820,haute
BJ-8F1D41FA,Acier,Industrie & Manufacture,Natitingou,+229 95 52 90 90,,acier.bj,PME (10-50),B2B,Google Maps,4.0,Actif,2026-06-29T00:22:54.874847,moyenne
BJ-0D561B2C,Béton,Industrie & Manufacture,Natitingou,+229 44 72 74 85,béton@hotmail.com,béton.bj,PME (50-200),B2B,Google Maps,4.2,Actif,2026-06-29T00:22:54.874875,haute
BJ-329EEC81,Plant Tournage,Industrie & Manufacture,Lokossa,+229 61 72 31 14,,planttournage.bj,Grande (>200),B2B,Google Maps,3.3,Actif,2026-06-29T00:22:54.874923,moyenne
BJ-0B8B8269,Manufacture Adhésif Industry,Industrie & Manufacture,Lokossa,+229 86 93 10 89,m.adhésif@manufactureadhé.com.bj,,Grande (>200),B2B,Google Maps,4.3,Actif,2026-06-29T00:22:54.874966,moyenne
BJ-3216259C,Découpe,Industrie & Manufacture,Lokossa,+229 57 68 66 28,,découpe.bj,TPE (<10),B2B,Google Maps,3.7,Actif,2026-06-29T00:22:54.874984,moyenne
BJ-EDEA0D22,Assemblage,Industrie & Manufacture,Lokossa,+229 88 34 10 35,,,PME (50-200),B2B,Google Maps,4.1,Actif,2026-06-29T00:22:54.874997,basse
BJ-55F59551,Soudure Manufacture,Industrie & Manufacture,Ouidah,+229 57 77 34 62,,,TPE (<10),B2B,Google Maps,3.8,Actif,2026-06-29T00:22:54.875017,basse
BJ-FD817AA9,Emballage,Industrie & Manufacture,Ouidah,+229 45 53 49 41,emballage@emballage.bj,,PME (10-50),B2B,Google Maps,4.1,Actif,2026-06-29T00:22:54.875035,moyenne
BJ-53DDBBA7,Works Tournage SARL Ouidah,Industrie & Manufacture,Ouidah,+229 89 53 56 88,works_tournage@yahoo.fr,workstournagesarlouidah.bj,PME (50-200),B2B,Google Maps,4.6,Actif,2026-06-29T00:22:54.875054,haute
BJ-3823DC1C,Plant Papier Groupe,Industrie & Manufacture,Ouidah,+229 44 73 23 18,,,PME (50-200),B2B,Google Maps,3.2,Actif,2026-06-29T00:22:54.875066,basse
BJ-075B14F1,Conditionnement Factory,Industrie & Manufacture,Savalou,+229 78 52 83 91,conditionnementfactory@gmail.com,,PME (50-200),B2B,Google Maps,3.3,Actif,2026-06-29T00:22:54.875118,moyenne
BJ-2774FF1E,Métal Industry,Industrie & Manufacture,Savalou,+229 49 72 53 42,,métalindustry.bj,TPE (<10),B2B,Google Maps,4.1,Actif,2026-06-29T00:22:54.875135,moyenne
BJ-7815F8B3,Papier Africa,Industrie & Manufacture,Savalou,+229 63 29 16 82,p.africa@papierafrica.com.bj,,PME (50-200),B2B,Google Maps,4.4,Actif,2026-06-29T00:22:54.875152,moyenne
BJ-7534FE32,Industrie Zinc Savalou,Industrie & Manufacture,Savalou,+229 92 65 51 62,,,TPE (<10),B2B,Google Maps,4.0,Actif,2026-06-29T00:22:54.875164,basse
BJ-D2F3B060,Atelier Perçage,Industrie & Manufacture,Dassa-Zoumè,+229 46 34 57 47,atelierperçage@atelierperçage.com.bj,,PME (50-200),B2B,Google Maps,3.7,Actif,2026-06-29T00:22:54.875192,moyenne
BJ-1527975F,Carton,Industrie & Manufacture,Dassa-Zoumè,+229 87 74 91 52,carton@outlook.com,carton.bj,TPE (<10),B2B,Google Maps,3.3,Actif,2026-06-29T00:22:54.875224,haute
BJ-808992EE,Carrelage Africa,Industrie & Manufacture,Dassa-Zoumè,+229 73 70 30 85,,,PME (10-50),B2B,Google Maps,3.6,Actif,2026-06-29T00:22:54.875236,basse
BJ-B886CA6A,Atelier Alimentaire,Industrie & Manufacture,Dassa-Zoumè,+229 71 53 31 62,a.alimentaire@yahoo.com,atelieralimentaire.bj,TPE (<10),B2B,Google Maps,4.3,Actif,2026-06-29T00:22:54.875254,haute
BJ-B8F18039,Peinture Industry,Industrie & Manufacture,Kétou,+229 36 19 92 15,,,PME (50-200),B2B,Google Maps,3.6,Actif,2026-06-29T00:22:54.875273,basse
BJ-F4113074,Carrelage,Industrie & Manufacture,Kétou,+229 43 40 81 65,carrelage@carrelage.com.bj,,Grande (>200),B2B,Google Maps,3.3,Actif,2026-06-29T00:22:54.875287,moyenne
BJ-42F8113B,Industrie Fabrication,Industrie & Manufacture,Kétou,+229 50 70 54 65,industrie_fabrication@industriefabric.org.bj,industriefabrication.bj,TPE (<10),B2B,Google Maps,5.0,Actif,2026-06-29T00:22:54.875315,haute
BJ-6E4F5930,Transformation,Industrie & Manufacture,Kétou,+229 34 59 11 42,transformation@hotmail.com,,TPE (<10),B2B,Google Maps,4.5,Actif,2026-06-29T00:22:54.875342,moyenne
BJ-920B3273,Unité Assemblage Africa,Industrie & Manufacture,Kétou,+229 72 33 61 27,,,Grande (>200),B2B,Google Maps,4.0,Actif,2026-06-29T00:22:54.875361,basse
BJ-0FF999DF,Carrelage,Industrie & Manufacture,Covè,+229 75 73 38 32,,carrelage.bj,Grande (>200),B2B,Google Maps,3.5,Actif,2026-06-29T00:22:54.875395,moyenne
BJ-CA95487C,Usine Perçage,Industrie & Manufacture,Covè,+229 91 63 63 81,,,PME (10-50),B2B,Google Maps,3.5,Actif,2026-06-29T00:22:54.875416,basse
BJ-718AD89B,Atelier Électrique Works,Industrie & Manufacture,Covè,+229 23 79 52 65,atelier.électrique@yahoo.com,,Grande (>200),B2B,Google Maps,3.7,Actif,2026-06-29T00:22:54.875444,moyenne
BJ-FCADDAE9,Fabrication,Industrie & Manufacture,Covè,+229 58 40 53 57,fabrication@outlook.com,fabrication.bj,PME (50-200),B2B,Google Maps,3.6,Actif,2026-06-29T00:22:54.875471,haute
BJ-61EE3758,Plant Aluminium Covè,Industrie & Manufacture,Covè,+229 64 70 67 60,,plantaluminiumcovè.bj,PME (50-200),B2B,Google Maps,3.9,Actif,2026-06-29T00:22:54.875500,moyenne
BJ-38CFFA76,Pharmaceutique Factory,Industrie & Manufacture,Pobè,+229 45 94 85 42,p.factory@yahoo.com,pharmaceutiquefactory.bj,PME (10-50),B2B,Google Maps,4.2,Actif,2026-06-29T00:22:54.875542,haute
BJ-212BE166,Plant Zinc,Industrie & Manufacture,Pobè,+229 96 68 81 61,p.zinc@outlook.com,plantzinc.bj,PME (10-50),B2B,Google Maps,3.9,Actif,2026-06-29T00:22:54.875605,haute
BJ-F81904B0,Manufacture Électrique Groupe,Industrie & Manufacture,Pobè,+229 62 73 92 12,manufacture.électrique@outlook.com,manufactureélectriquegroupe.bj,PME (10-50),B2B,Google Maps,3.1,Actif,2026-06-29T00:22:54.875646,haute
BJ-1D645EE8,Soudure Plant,Industrie & Manufacture,Pobè,+229 42 52 94 49,,,PME (10-50),B2B,Google Maps,4.2,Actif,2026-06-29T00:22:54.875670,basse
BJ-01DF8343,Plant Automatisation Sakété,Industrie & Manufacture,Sakété,+229 56 42 61 47,,,PME (50-200),B2B,Google Maps,4.1,Actif,2026-06-29T00:22:54.875713,basse
BJ-D137E8C0,Textile Works Sakété,Industrie & Manufacture,Sakété,+229 22 99 38 60,textile.works@outlook.com,textileworkssakété.bj,TPE (<10),B2B,Google Maps,3.3,Actif,2026-06-29T00:22:54.875753,haute
BJ-C6F3D320,Unité Reliure,Industrie & Manufacture,Sakété,+229 36 12 85 34,unité.reliure@unitéreliure.org.bj,,TPE (<10),B2B,Google Maps,3.4,Actif,2026-06-29T00:22:54.875795,moyenne
BJ-B8DA364B,Carton,Industrie & Manufacture,Sakété,+229 67 88 47 15,carton@yahoo.fr,carton.bj,PME (10-50),B2B,Google Maps,4.6,Actif,2026-06-29T00:22:54.875843,haute
BJ-89D694A0,Papier,Industrie & Manufacture,Sakété,+229 54 24 18 34,,,TPE (<10),B2B,Google Maps,3.2,Actif,2026-06-29T00:22:54.875865,basse
BJ-5797B628,Fraisage Adjara,Industrie & Manufacture,Adjara,+229 25 95 88 13,fraisageadjara@yahoo.com,fraisageadjara.bj,Grande (>200),B2B,Google Maps,3.2,Actif,2026-06-29T00:22:54.875931,haute
BJ-E9F3670D,Fabrique Aluminium,Industrie & Manufacture,Adjara,+229 52 42 13 65,,fabriquealuminium.bj,PME (10-50),B2B,Google Maps,3.7,Actif,2026-06-29T00:22:54.875951,moyenne
BJ-C3253C0F,Manufacture Béton,Industrie & Manufacture,Adjara,+229 93 89 91 44,manufacturebéton@manufacturebéto.bj,,PME (10-50),B2B,Google Maps,4.0,Actif,2026-06-29T00:22:54.875979,moyenne
BJ-751094D9,Céramique Adjara,Industrie & Manufacture,Adjara,+229 96 99 86 63,céramiqueadjara@yahoo.fr,,TPE (<10),B2B,Google Maps,4.9,Actif,2026-06-29T00:22:54.876000,moyenne
BJ-9EE7A4C2,Fabrique Aluminium Factory,Industrie & Manufacture,Adjara,+229 38 17 43 76,fabrique.aluminium@outlook.com,fabriquealuminiumfactory.bj,TPE (<10),B2B,Google Maps,4.7,Actif,2026-06-29T00:22:54.876019,haute
BJ-FFAA3B0E,Industrie Céramique Allada,Industrie & Manufacture,Allada,+229 50 71 26 58,industriecéramique@yahoo.com,industriecéramiqueallada.bj,PME (10-50),B2B,Google Maps,4.8,Actif,2026-06-29T00:22:54.876048,haute
BJ-E91D874F,Industrie Aluminium,Industrie & Manufacture,Allada,+229 69 21 93 49,industriealuminium@industriealumin.org.bj,,TPE (<10),B2B,Google Maps,4.5,Actif,2026-06-29T00:22:54.876066,moyenne
BJ-FEB0490F,Plant Peinture Allada,Industrie & Manufacture,Allada,+229 59 81 28 97,p.peinture@plantpeintureal.org.bj,,Grande (>200),B2B,Google Maps,3.6,Actif,2026-06-29T00:22:54.876084,moyenne
BJ-3861CF31,Works Zinc Africa Allada,Industrie & Manufacture,Allada,+229 64 19 39 80,workszinc@workszincafrica.bj,workszincafricaallada.bj,TPE (<10),B2B,Google Maps,3.4,Actif,2026-06-29T00:22:54.876104,haute
BJ-11CF5996,Usine Papier SARL,Industrie & Manufacture,Allada,+229 68 76 13 67,u.papier@usinepapiersarl.com.bj,,PME (50-200),B2B,Google Maps,4.2,Actif,2026-06-29T00:22:54.876121,moyenne
BJ-79572866,Carton Manufacture,Industrie & Manufacture,Aplahoué,+229 39 89 98 71,,,TPE (<10),B2B,Google Maps,4.3,Actif,2026-06-29T00:22:54.876141,basse
BJ-F14B3BBA,Automatique Manufacture,Industrie & Manufacture,Aplahoué,+229 27 46 68 67,,,TPE (<10),B2B,Google Maps,4.1,Actif,2026-06-29T00:22:54.876156,basse
BJ-2F20FE58,Works Imprimerie,Industrie & Manufacture,Aplahoué,+229 65 84 12 98,worksimprimerie@worksimprimerie.bj,worksimprimerie.bj,Grande (>200),B2B,Google Maps,3.0,Actif,2026-06-29T00:22:54.876178,haute
BJ-432D4E5A,Fabrique Perçage,Industrie & Manufacture,Aplahoué,+229 50 98 20 90,f.perçage@fabriqueperçage.bj,,TPE (<10),B2B,Google Maps,3.5,Actif,2026-06-29T00:22:54.876198,moyenne
BJ-484B71C3,Works Plastique Manufacture,Industrie & Manufacture,Aplahoué,+229 53 98 67 30,worksplastique@worksplastiquem.bj,worksplastiquemanufacture.bj,PME (10-50),B2B,Google Maps,3.3,Actif,2026-06-29T00:22:54.876221,haute
BJ-4AEE73D9,Manufacture Plastique,Industrie & Manufacture,Dogbo-Tota,+229 99 23 33 10,m.plastique@hotmail.com,,TPE (<10),B2B,Google Maps,4.6,Actif,2026-06-29T00:22:54.876264,moyenne
BJ-AC8993D4,Chimie,Industrie & Manufacture,Dogbo-Tota,+229 53 10 39 46,chimie@outlook.com,chimie.bj,PME (10-50),B2B,Google Maps,3.5,Actif,2026-06-29T00:22:54.876283,haute
BJ-C3ED1EBD,Plant Vernis,Industrie & Manufacture,Dogbo-Tota,+229 90 30 58 37,plant.vernis@plantvernis.bj,plantvernis.bj,TPE (<10),B2B,Google Maps,4.9,Actif,2026-06-29T00:22:54.876310,haute
BJ-E7FC0916,Imprimerie Groupe,Industrie & Manufacture,Dogbo-Tota,+229 72 11 60 36,imprimeriegroupe@hotmail.com,imprimeriegroupe.bj,PME (50-200),B2B,Google Maps,4.5,Actif,2026-06-29T00:22:54.876348,haute
BJ-85727F46,Électrique,Industrie & Manufacture,Dogbo-Tota,+229 24 41 65 90,électrique@yahoo.fr,électrique.bj,TPE (<10),B2B,Google Maps,4.5,Actif,2026-06-29T00:22:54.876391,haute
BJ-17E354F9,Unité Céramique,Industrie & Manufacture,Kpomassè,+229 34 41 17 80,u.céramique@yahoo.com,unitécéramique.bj,PME (10-50),B2B,Google Maps,4.3,Actif,2026-06-29T00:22:54.876423,haute
BJ-8CC5030D,Fabrique Aluminium,Industrie & Manufacture,Kpomassè,+229 71 24 39 54,fabrique_aluminium@fabriquealumini.bj,fabriquealuminium.bj,TPE (<10),B2B,Google Maps,4.6,Actif,2026-06-29T00:22:54.876443,haute
BJ-9A0B2762,Industrie Découpe,Industrie & Manufacture,Kpomassè,+229 21 33 59 18,industrie.découpe@industriedécoup.bj,,TPE (<10),B2B,Google Maps,4.1,Actif,2026-06-29T00:22:54.876466,moyenne
BJ-56E2FBBC,Works Métal Works,Industrie & Manufacture,Kpomassè,+229 30 25 66 49,,,TPE (<10),B2B,Google Maps,4.5,Actif,2026-06-29T00:22:54.876491,basse
BJ-7EBC5579,Atelier Emballage SARL,Industrie & Manufacture,Kpomassè,+229 49 72 81 61,,atelieremballagesarl.bj,PME (10-50),B2B,Google Maps,4.2,Actif,2026-06-29T00:22:54.876514,moyenne
BJ-07E6EB6B,Imprimerie Industries,Industrie & Manufacture,Tori-Bossito,+229 31 36 57 55,imprimerieindustries@imprimerieindus.org.bj,imprimerieindustries.bj,TPE (<10),B2B,Google Maps,3.2,Actif,2026-06-29T00:22:54.876552,haute
BJ-4DEA1C66,Transformation SA,Industrie & Manufacture,Tori-Bossito,+229 42 10 20 37,,transformationsa.bj,TPE (<10),B2B,Google Maps,3.5,Actif,2026-06-29T00:22:54.876578,moyenne
BJ-C61D0D50,Plastique Tori-Bossito,Industrie & Manufacture,Tori-Bossito,+229 82 29 80 78,p.tori@plastiquetoribo.com.bj,,PME (50-200),B2B,Google Maps,4.4,Actif,2026-06-29T00:22:54.876626,moyenne
BJ-D46A0220,Robotique Tori-Bossito,Industrie & Manufacture,Tori-Bossito,+229 21 62 83 46,,robotiquetoribossito.bj,TPE (<10),B2B,Google Maps,3.0,Actif,2026-06-29T00:22:54.876657,moyenne
BJ-D1AD179D,Unité Électronique Works,Industrie & Manufacture,Tori-Bossito,+229 99 62 66 35,unité.électronique@yahoo.com,,PME (10-50),B2B,Google Maps,5.0,Actif,2026-06-29T00:22:54.876694,moyenne
BJ-A0DB51CB,Découpe Plant,Industrie & Manufacture,Grand-Popo,+229 48 52 26 29,,découpeplant.bj,PME (50-200),B2B,Google Maps,4.0,Actif,2026-06-29T00:22:54.876735,moyenne
BJ-DEC7D971,Industrie CNC,Industrie & Manufacture,Grand-Popo,+229 78 62 93 51,industrie_cnc@industriecnc.com.bj,industriecnc.bj,PME (10-50),B2B,Google Maps,3.1,Actif,2026-06-29T00:22:54.876772,haute
BJ-E4DD84CA,Industrie Pharmaceutique,Industrie & Manufacture,Grand-Popo,+229 41 15 24 42,industriepharmaceutique@gmail.com,industriepharmaceutique.bj,PME (10-50),B2B,Google Maps,4.1,Actif,2026-06-29T00:22:54.876812,haute
BJ-513641DE,Métal Industries,Industrie & Manufacture,Grand-Popo,+229 51 55 87 77,m.industries@yahoo.fr,métalindustries.bj,PME (10-50),B2B,Google Maps,4.7,Actif,2026-06-29T00:22:54.876867,haute
BJ-2C72560C,Colle,Industrie & Manufacture,Grand-Popo,+229 23 19 28 43,,colle.bj,Grande (>200),B2B,Google Maps,4.6,Actif,2026-06-29T00:22:54.876914,moyenne
BJ-56A7878C,Production Colle,Industrie & Manufacture,Athiémé,+229 23 94 91 96,p.colle@gmail.com,productioncolle.bj,Grande (>200),B2B,Google Maps,3.8,Actif,2026-06-29T00:22:54.876969,haute
BJ-5420DFB8,Fraisage Industries,Industrie & Manufacture,Athiémé,+229 36 77 32 43,f.industries@yahoo.fr,fraisageindustries.bj,Grande (>200),B2B,Google Maps,3.6,Actif,2026-06-29T00:22:54.876991,haute
BJ-C78B24D7,Plant Transformation SARL,Industrie & Manufacture,Athiémé,+229 49 48 46 67,p.transformation@hotmail.com,planttransformationsarl.bj,PME (10-50),B2B,Google Maps,3.7,Actif,2026-06-29T00:22:54.877046,haute
BJ-0A8D2B55,Fabrique Verre Plant Bopa,Industrie & Manufacture,Bopa,+229 87 73 27 23,f.verre@fabriqueverrepl.org.bj,fabriqueverreplantbopa.bj,PME (10-50),B2B,Google Maps,3.0,Actif,2026-06-29T00:22:54.877080,haute
BJ-CCD747E0,Électrique SARL,Industrie & Manufacture,Bopa,+229 73 71 14 36,é.sarl@électriquesarl.org.bj,,PME (50-200),B2B,Google Maps,3.8,Actif,2026-06-29T00:22:54.877102,moyenne
BJ-A96CDBC2,Alimentaire Bénin Bopa,Industrie & Manufacture,Bopa,+229 20 67 48 82,alimentairebénin@yahoo.fr,alimentairebéninbopa.bj,TPE (<10),B2B,Google Maps,4.3,Actif,2026-06-29T00:22:54.877127,haute
BJ-AC9A29F2,Production Emballage Bopa,Industrie & Manufacture,Bopa,+229 66 71 55 45,p.emballage@yahoo.com,productionemballagebopa.bj,TPE (<10),B2B,Google Maps,4.8,Actif,2026-06-29T00:22:54.877151,haute
BJ-C6A13585,Unité Électronique Manufacture,Industrie & Manufacture,Bopa,+229 99 46 35 85,,,TPE (<10),B2B,Google Maps,4.2,Actif,2026-06-29T00:22:54.877164,basse
BJ-26EF2AF8,Atelier Cuivre,Industrie & Manufacture,Houéyogbé,+229 54 48 11 77,,,PME (50-200),B2B,Google Maps,3.0,Actif,2026-06-29T00:22:54.877186,basse
BJ-623BAA42,Atelier Assemblage,Industrie & Manufacture,Houéyogbé,+229 60 45 41 60,,atelierassemblage.bj,PME (10-50),B2B,Google Maps,3.2,Actif,2026-06-29T00:22:54.877200,moyenne
BJ-EA311ECA,Plant CNC Bénin,Industrie & Manufacture,Houéyogbé,+229 84 51 81 71,plant.cnc@plantcncbénin.org.bj,,TPE (<10),B2B,Google Maps,3.2,Actif,2026-06-29T00:22:54.877219,moyenne
BJ-37AE015A,Manufacture Automatisation Groupe,Industrie & Manufacture,Houéyogbé,+229 66 36 71 36,m.automatisation@gmail.com,manufactureautomatisationgroupe.bj,TPE (<10),B2B,Google Maps,4.8,Actif,2026-06-29T00:22:54.877237,haute
BJ-E62CC22A,Béton Groupe Houéyogbé,Industrie & Manufacture,Houéyogbé,+229 70 31 43 56,,,Grande (>200),B2B,Google Maps,3.0,Actif,2026-06-29T00:22:54.877252,basse
BJ-6A5AAB2D,Vernis Manufacture,Industrie & Manufacture,Malanville,+229 48 76 39 83,vernis.manufacture@yahoo.com,,PME (10-50),B2B,Google Maps,3.8,Actif,2026-06-29T00:22:54.877277,moyenne
BJ-3EB86B6F,Fabrique Découpe Groupe,Industrie & Manufacture,Malanville,+229 48 74 54 38,fabriquedécoupe@hotmail.com,fabriquedécoupegroupe.bj,TPE (<10),B2B,Google Maps,4.0,Actif,2026-06-29T00:22:54.877298,haute
BJ-90CF2A04,Plant Pneumatique,Industrie & Manufacture,Malanville,+229 22 35 15 18,,plantpneumatique.bj,Grande (>200),B2B,Google Maps,4.6,Actif,2026-06-29T00:22:54.877316,moyenne
BJ-C8A7FDD0,Verre Works,Industrie & Manufacture,Malanville,+229 91 43 13 80,v.works@hotmail.com,verreworks.bj,PME (10-50),B2B,Google Maps,3.1,Actif,2026-06-29T00:22:54.877338,haute
BJ-22854F8A,Manufacture Soudure Factory Malanville,Industrie & Manufacture,Malanville,+229 26 26 36 26,manufacture.soudure@manufacturesoud.bj,manufacturesoudurefactorymalanville.bj,PME (10-50),B2B,Google Maps,4.7,Actif,2026-06-29T00:22:54.877357,haute
BJ-91A62E1E,Cuivre Plant,Industrie & Manufacture,Kandi,+229 97 61 84 39,c.plant@hotmail.com,,PME (10-50),B2B,Google Maps,4.0,Actif,2026-06-29T00:22:54.877382,moyenne
BJ-F245E7E8,Plant Métal Kandi,Industrie & Manufacture,Kandi,+229 34 66 77 45,plant_métal@plantmétalkandi.org.bj,plantmétalkandi.bj,TPE (<10),B2B,Google Maps,4.0,Actif,2026-06-29T00:22:54.877403,haute
BJ-0B410EB9,Production Manufacture,Industrie & Manufacture,Kandi,+229 92 68 52 35,production.manufacture@gmail.com,,Grande (>200),B2B,Google Maps,4.6,Actif,2026-06-29T00:22:54.877421,moyenne
BJ-419E960C,Manufacture Emballage,Industrie & Manufacture,Kandi,+229 52 28 96 16,,,PME (10-50),B2B,Google Maps,4.5,Actif,2026-06-29T00:22:54.877456,basse
BJ-D1A85B8B,Fabrique Transformation,Industrie & Manufacture,Banikoara,+229 82 61 39 32,,fabriquetransformation.bj,TPE (<10),B2B,Google Maps,3.6,Actif,2026-06-29T00:22:54.877478,moyenne
BJ-3C5583D3,Works Reliure,Industrie & Manufacture,Banikoara,+229 54 43 66 38,worksreliure@outlook.com,,PME (10-50),B2B,Google Maps,4.5,Actif,2026-06-29T00:22:54.877496,moyenne
BJ-F72BED89,Bois Groupe,Industrie & Manufacture,Banikoara,+229 63 82 62 92,bois.groupe@yahoo.fr,,PME (10-50),B2B,Google Maps,4.1,Actif,2026-06-29T00:22:54.877516,moyenne
BJ-22EB9AB3,Works Tournage Manufacture Banikoara,Industrie & Manufacture,Banikoara,+229 81 21 81 68,,,TPE (<10),B2B,Google Maps,4.4,Actif,2026-06-29T00:22:54.877530,basse
BJ-6FF71FFD,Production Cuivre Manufacture Banikoara,Industrie & Manufacture,Banikoara,+229 44 20 45 70,p.cuivre@productioncuivr.bj,productioncuivremanufacturebanikoara.bj,Grande (>200),B2B,Google Maps,3.9,Actif,2026-06-29T00:22:54.877565,haute
BJ-B632596B,Industrie Céramique Manufacture,Industrie & Manufacture,Ségbana,+229 54 68 31 61,i.céramique@yahoo.com,industriecéramiquemanufacture.bj,PME (10-50),B2B,Google Maps,4.3,Actif,2026-06-29T00:22:54.877632,haute
BJ-01B17B9B,Édition Manufacture,Industrie & Manufacture,Ségbana,+229 70 50 27 56,é.manufacture@éditionmanufact.com.bj,,PME (50-200),B2B,Google Maps,4.4,Actif,2026-06-29T00:22:54.877652,moyenne
BJ-7D46C040,Works Peinture Bénin,Industrie & Manufacture,Ségbana,+229 63 70 56 85,w.peinture@yahoo.fr,workspeinturebénin.bj,PME (10-50),B2B,Google Maps,3.5,Actif,2026-06-29T00:22:54.877671,haute
BJ-0A534DBD,Plastique Factory,Industrie & Manufacture,Ségbana,+229 43 83 59 24,plastiquefactory@yahoo.fr,plastiquefactory.bj,TPE (<10),B2B,Google Maps,4.1,Actif,2026-06-29T00:22:54.877690,haute
BJ-BEA1CC9C,Édition,Industrie & Manufacture,Karimama,+229 75 30 69 51,édition@édition.org.bj,édition.bj,TPE (<10),B2B,Google Maps,4.4,Actif,2026-06-29T00:22:54.877718,haute
BJ-AD1469B2,Pharmaceutique,Industrie & Manufacture,Karimama,+229 75 76 55 24,pharmaceutique@yahoo.com,pharmaceutique.bj,TPE (<10),B2B,Google Maps,3.3,Actif,2026-06-29T00:22:54.877735,haute
BJ-99DDB888,Unité Carton Factory,Industrie & Manufacture,Karimama,+229 85 89 75 55,unitécarton@unitécartonfact.com.bj,unitécartonfactory.bj,PME (10-50),B2B,Google Maps,4.9,Actif,2026-06-29T00:22:54.877759,haute
BJ-06BEBE84,Manufacture Automatisation,Industrie & Manufacture,Karimama,+229 92 20 81 90,m.automatisation@outlook.com,,PME (10-50),B2B,Google Maps,4.3,Actif,2026-06-29T00:22:54.877777,moyenne
BJ-7147F838,Atelier Emballage Bénin,Industrie & Manufacture,Karimama,+229 54 27 40 30,atelier.emballage@yahoo.fr,atelieremballagebénin.bj,TPE (<10),B2B,Google Maps,3.1,Actif,2026-06-29T00:22:54.877797,haute
BJ-3E77D269,Reliure Africa,Industrie & Manufacture,Gogounou,+229 85 97 50 23,reliure.africa@reliureafrica.com.bj,,TPE (<10),B2B,Google Maps,3.5,Actif,2026-06-29T00:22:54.877827,moyenne
BJ-81AB52B0,Chimie,Industrie & Manufacture,Gogounou,+229 66 78 20 36,chimie@chimie.org.bj,,TPE (<10),B2B,Google Maps,4.8,Actif,2026-06-29T00:22:54.877848,moyenne
BJ-9CC6B307,Unité Mécanique Works,Industrie & Manufacture,Gogounou,+229 32 14 28 17,u.mécanique@unitémécaniquew.bj,unitémécaniqueworks.bj,PME (10-50),B2B,Google Maps,3.5,Actif,2026-06-29T00:22:54.877870,haute
BJ-40F13BB5,Manufacture Emballage Industries Gogounou,Industrie & Manufacture,Gogounou,+229 70 84 29 38,m.emballage@gmail.com,manufactureemballageindustriesgogounou.bj,TPE (<10),B2B,Google Maps,3.5,Actif,2026-06-29T00:22:54.877912,haute
BJ-E9350C65,Carrelage,Industrie & Manufacture,Gogounou,+229 90 80 50 91,carrelage@carrelage.org.bj,,TPE (<10),B2B,Google Maps,3.0,Actif,2026-06-29T00:22:54.877932,moyenne
BJ-5E43E0BE,Plastique Plant,Industrie & Manufacture,Cobly,+229 67 62 44 87,plastiqueplant@plastiqueplant.bj,plastiqueplant.bj,TPE (<10),B2B,Google Maps,4.6,Actif,2026-06-29T00:22:54.877957,haute
BJ-F8D36E42,Production Acier SA,Industrie & Manufacture,Cobly,+229 22 55 53 41,production_acier@yahoo.fr,productionaciersa.bj,TPE (<10),B2B,Google Maps,4.0,Actif,2026-06-29T00:22:54.877975,haute
BJ-6682382E,Électronique Industries Cobly,Industrie & Manufacture,Cobly,+229 64 66 63 53,électronique.industries@électroniqueind.bj,électroniqueindustriescobly.bj,PME (10-50),B2B,Google Maps,4.2,Actif,2026-06-29T00:22:54.878004,haute
BJ-445A33D6,Atelier Électronique SARL,Industrie & Manufacture,Cobly,+229 66 50 52 27,a.électronique@atelierélectron.org.bj,atelierélectroniquesarl.bj,TPE (<10),B2B,Google Maps,5.0,Actif,2026-06-29T00:22:54.878025,haute
BJ-E590E790,Unité Tournage,Industrie & Manufacture,Cobly,+229 21 85 29 10,unité.tournage@unitétournage.bj,,TPE (<10),B2B,Google Maps,4.7,Actif,2026-06-29T00:22:54.878043,moyenne
BJ-49008A89,Papier Groupe,Industrie & Manufacture,Tanguiéta,+229 89 29 85 19,papier_groupe@outlook.com,papiergroupe.bj,TPE (<10),B2B,Google Maps,3.7,Actif,2026-06-29T00:22:54.878069,haute
BJ-FEC23F3F,Works CNC Tanguiéta,Industrie & Manufacture,Tanguiéta,+229 82 94 41 69,,workscnctanguiéta.bj,TPE (<10),B2B,Google Maps,3.9,Actif,2026-06-29T00:22:54.878084,moyenne
BJ-4B06736C,Acier Tanguiéta,Industrie & Manufacture,Tanguiéta,+229 57 96 28 18,aciertanguiéta@aciertanguiéta.bj,aciertanguiéta.bj,TPE (<10),B2B,Google Maps,3.1,Actif,2026-06-29T00:22:54.878104,haute
BJ-C8F6BD99,Unité Vernis Industries,Industrie & Manufacture,Tanguiéta,+229 28 75 90 49,,,TPE (<10),B2B,Google Maps,4.4,Actif,2026-06-29T00:22:54.878116,basse
BJ-70FE5CC2,Manufacture Carrelage,Industrie & Manufacture,Tanguiéta,+229 59 87 46 31,manufacture.carrelage@yahoo.com,manufacturecarrelage.bj,PME (10-50),B2B,Google Maps,3.1,Actif,2026-06-29T00:22:54.878134,haute
BJ-768D110A,Production Robotique Factory,Industrie & Manufacture,Matéri,+229 90 10 77 97,production.robotique@yahoo.fr,productionrobotiquefactory.bj,TPE (<10),B2B,Google Maps,3.4,Actif,2026-06-29T00:22:54.878158,haute
BJ-9B7A4384,Industrie Automatisation Africa Matéri,Industrie & Manufacture,Matéri,+229 45 89 45 81,,industrieautomatisationafricamatéri.bj,PME (10-50),B2B,Google Maps,4.4,Actif,2026-06-29T00:22:54.878175,moyenne
BJ-3D1811CA,Atelier Ciment SA,Industrie & Manufacture,Matéri,+229 89 91 68 51,a.ciment@hotmail.com,ateliercimentsa.bj,PME (50-200),B2B,Google Maps,4.9,Actif,2026-06-29T00:22:54.878203,haute
BJ-0B22057E,Plastique,Industrie & Manufacture,Matéri,+229 67 21 33 95,,,Grande (>200),B2B,Google Maps,4.2,Actif,2026-06-29T00:22:54.878217,basse
BJ-305D2C9C,Works Vernis Industry,Industrie & Manufacture,Matéri,+229 42 64 84 51,works.vernis@worksvernisindu.org.bj,worksvernisindustry.bj,TPE (<10),B2B,Google Maps,3.9,Actif,2026-06-29T00:22:54.878236,haute
BJ-7980EA00,Béton Manufacture,Industrie & Manufacture,Natitingou,+229 82 27 52 11,bétonmanufacture@hotmail.com,,Grande (>200),B2B,Google Maps,4.8,Actif,2026-06-29T00:22:54.878263,moyenne
BJ-2C5D0740,Robotique Manufacture Natitingou,Industrie & Manufacture,Natitingou,+229 59 20 26 18,robotique.manufacture@yahoo.fr,robotiquemanufacturenatitingou.bj,TPE (<10),B2B,Google Maps,5.0,Actif,2026-06-29T00:22:54.878282,haute
BJ-2585393F,Fabrique Carton,Industrie & Manufacture,Natitingou,+229 80 77 31 51,,fabriquecarton.bj,TPE (<10),B2B,Google Maps,4.6,Actif,2026-06-29T00:22:54.878295,moyenne
BJ-D398FFC7,Alimentaire Bénin Natitingou,Industrie & Manufacture,Natitingou,+229 39 88 34 69,a.bénin@outlook.com,alimentairebéninnatitingou.bj,TPE (<10),B2B,Google Maps,4.3,Actif,2026-06-29T00:22:54.878315,haute
BJ-28D4CE97,Perçage SA Natitingou,Industrie & Manufacture,Natitingou,+229 37 97 91 60,p.natitingou@perçagesanatiti.org.bj,perçagesanatitingou.bj,TPE (<10),B2B,Google Maps,4.5,Actif,2026-06-29T00:22:54.878335,haute
BJ-9CF3B3D0,Atelier Plastique Groupe Toucountouna,Industrie & Manufacture,Toucountouna,+229 65 39 77 66,a.plastique@hotmail.com,atelierplastiquegroupetoucountouna.bj,PME (10-50),B2B,Google Maps,4.1,Actif,2026-06-29T00:22:54.878359,haute
BJ-6EC05364,Fabrique Métal Toucountouna,Industrie & Manufacture,Toucountouna,+229 91 83 11 44,f.métal@outlook.com,fabriquemétaltoucountouna.bj,Grande (>200),B2B,Google Maps,4.6,Actif,2026-06-29T00:22:54.878379,haute
BJ-9E0AC111,Cuivre,Industrie & Manufacture,Toucountouna,+229 84 16 62 52,cuivre@hotmail.com,cuivre.bj,PME (50-200),B2B,Google Maps,3.5,Actif,2026-06-29T00:22:54.878398,haute
BJ-C5CAAD80,Reliure,Industrie & Manufacture,Toucountouna,+229 40 10 36 83,reliure@yahoo.com,,TPE (<10),B2B,Google Maps,4.8,Actif,2026-06-29T00:22:54.878412,moyenne
BJ-B453638C,Works Adhésif,Industrie & Manufacture,Toucountouna,+229 90 73 10 53,,,Grande (>200),B2B,Google Maps,3.8,Actif,2026-06-29T00:22:54.878426,basse
BJ-1B724C26,Colle,Industrie & Manufacture,Boukoumbé,+229 37 69 59 21,colle@gmail.com,colle.bj,TPE (<10),B2B,Google Maps,5.0,Actif,2026-06-29T00:22:54.878449,haute
BJ-591CA567,Pneumatique Manufacture Boukoumbé,Industrie & Manufacture,Boukoumbé,+229 44 48 80 16,pneumatique.manufacture@pneumatiquemanu.org.bj,pneumatiquemanufactureboukoumbé.bj,TPE (<10),B2B,Google Maps,4.3,Actif,2026-06-29T00:22:54.878471,haute
BJ-0670D4AD,Textile Factory,Industrie & Manufacture,Boukoumbé,+229 60 19 42 64,textilefactory@textilefactory.bj,textilefactory.bj,TPE (<10),B2B,Google Maps,4.9,Actif,2026-06-29T00:22:54.878490,haute
BJ-8145CD92,Atelier Carrelage Industries,Industrie & Manufacture,Boukoumbé,+229 69 73 85 56,atelier.carrelage@hotmail.com,,TPE (<10),B2B,Google Maps,4.7,Actif,2026-06-29T00:22:54.878514,moyenne
BJ-824CFAF3,Atelier Céramique,Industrie & Manufacture,Boukoumbé,+229 70 51 72 22,ateliercéramique@yahoo.fr,ateliercéramique.bj,PME (10-50),B2B,Google Maps,4.8,Actif,2026-06-29T00:22:54.878534,haute
BJ-97F9136A,Ciment Africa,Industrie & Manufacture,Kouandé,+229 44 62 34 76,,,PME (50-200),B2B,Google Maps,4.4,Actif,2026-06-29T00:22:54.878554,basse
BJ-97E4918C,Verre,Industrie & Manufacture,Kouandé,+229 82 94 96 28,verre@yahoo.fr,verre.bj,TPE (<10),B2B,Google Maps,4.7,Actif,2026-06-29T00:22:54.878569,haute
BJ-CE7E439D,Tournage,Industrie & Manufacture,Kouandé,+229 95 89 46 54,tournage@tournage.org.bj,tournage.bj,Grande (>200),B2B,Google Maps,4.5,Actif,2026-06-29T00:22:54.878588,haute
BJ-140985BC,Industrie Métal Industry,Industrie & Manufacture,Kouandé,+229 56 33 35 88,i.métal@industriemétali.com.bj,,TPE (<10),B2B,Google Maps,4.6,Actif,2026-06-29T00:22:54.878607,moyenne
BJ-8E798B5C,Béton,Industrie & Manufacture,Kouandé,+229 90 76 99 71,béton@yahoo.fr,béton.bj,Grande (>200),B2B,Google Maps,3.8,Actif,2026-06-29T00:22:54.878622,haute
BJ-12602AA9,Pneumatique Péhunco,Industrie & Manufacture,Péhunco,+229 71 21 64 12,p.péhunco@pneumatiquepéhu.com.bj,,Grande (>200),B2B,Google Maps,4.2,Actif,2026-06-29T00:22:54.878649,moyenne
BJ-797EF6CF,Unité Robotique Manufacture Péhunco,Industrie & Manufacture,Péhunco,+229 76 70 37 16,u.robotique@gmail.com,unitérobotiquemanufacturepéhunco.bj,TPE (<10),B2B,Google Maps,3.7,Actif,2026-06-29T00:22:54.878670,haute
BJ-86D48EF5,Fabrique Métal,Industrie & Manufacture,Péhunco,+229 40 41 29 76,f.métal@yahoo.fr,fabriquemétal.bj,PME (10-50),B2B,Google Maps,3.7,Actif,2026-06-29T00:22:54.878690,haute
BJ-61ACE5B4,Carrelage Africa,Industrie & Manufacture,Péhunco,+229 86 35 54 90,c.africa@hotmail.com,carrelageafrica.bj,PME (50-200),B2B,Google Maps,3.9,Actif,2026-06-29T00:22:54.878707,haute
BJ-B48B51E3,Unité Emballage Industries,Industrie & Manufacture,Péhunco,+229 49 86 42 87,unitéemballage@outlook.com,unitéemballageindustries.bj,Grande (>200),B2B,Google Maps,3.6,Actif,2026-06-29T00:22:54.878727,haute
BJ-0FD7CAE2,Soudure Industry,Industrie & Manufacture,Tchaourou,+229 71 14 24 96,soudure.industry@soudureindustry.com.bj,soudureindustry.bj,PME (50-200),B2B,Google Maps,3.1,Actif,2026-06-29T00:22:54.878752,haute
BJ-44BF5C91,Zinc,Industrie & Manufacture,Tchaourou,+229 95 57 38 90,zinc@zinc.com.bj,zinc.bj,PME (10-50),B2B,Google Maps,4.3,Actif,2026-06-29T00:22:54.878768,haute
BJ-29E56B96,Usine Pharmaceutique,Industrie & Manufacture,Tchaourou,+229 85 60 67 59,,usinepharmaceutique.bj,TPE (<10),B2B,Google Maps,3.4,Actif,2026-06-29T00:22:54.878786,moyenne
BJ-261BAF41,Usine Béton Africa,Industrie & Manufacture,Tchaourou,+229 42 28 79 80,u.béton@outlook.com,,TPE (<10),B2B,Google Maps,4.9,Actif,2026-06-29T00:22:54.878805,moyenne
BJ-5D4B80F3,Emballage,Industrie & Manufacture,Tchaourou,+229 70 79 73 11,emballage@yahoo.fr,,PME (50-200),B2B,Google Maps,4.4,Actif,2026-06-29T00:22:54.878825,moyenne
BJ-1BD37704,Acier Africa,Industrie & Manufacture,Nikki,+229 79 69 11 11,acier.africa@acierafrica.com.bj,acierafrica.bj,Grande (>200),B2B,Google Maps,3.2,Actif,2026-06-29T00:22:54.878849,haute
BJ-2F69E6E5,Manufacture Édition Africa,Industrie & Manufacture,Nikki,+229 49 54 81 47,manufacture.édition@gmail.com,,PME (10-50),B2B,Google Maps,4.3,Actif,2026-06-29T00:22:54.878868,moyenne
BJ-37EE23DC,Imprimerie Plant,Industrie & Manufacture,Nikki,+229 58 64 45 65,imprimerie_plant@imprimerieplant.com.bj,imprimerieplant.bj,PME (10-50),B2B,Google Maps,3.5,Actif,2026-06-29T00:22:54.878886,haute
BJ-33CBF1CE,Production Tournage Groupe,Industrie & Manufacture,Nikki,+229 73 17 55 54,p.tournage@productiontourn.org.bj,,TPE (<10),B2B,Google Maps,3.3,Actif,2026-06-29T00:22:54.878919,moyenne
BJ-5E40537D,Atelier Verre Nikki,Industrie & Manufacture,Nikki,+229 74 34 48 42,a.verre@atelierverrenik.org.bj,atelierverrenikki.bj,PME (50-200),B2B,Google Maps,4.4,Actif,2026-06-29T00:22:54.878937,haute
BJ-1E86A7CC,Industrie Plastique Groupe,Industrie & Manufacture,Bembéréké,+229 43 24 24 12,industrieplastique@industrieplasti.com.bj,industrieplastiquegroupe.bj,PME (10-50),B2B,Google Maps,4.7,Actif,2026-06-29T00:22:54.878961,haute
BJ-49BF4674,Colle Manufacture,Industrie & Manufacture,Bembéréké,+229 44 30 97 68,colle_manufacture@hotmail.com,,PME (10-50),B2B,Google Maps,3.7,Actif,2026-06-29T00:22:54.878979,moyenne
BJ-FC5D8FC1,Découpe Works,Industrie & Manufacture,Bembéréké,+229 28 93 23 82,découpeworks@découpeworks.com.bj,découpeworks.bj,TPE (<10),B2B,Google Maps,3.8,Actif,2026-06-29T00:22:54.879012,haute
BJ-CD3DA5E5,Hydraulique Bembéréké,Industrie & Manufacture,Bembéréké,+229 86 28 38 72,hydrauliquebembéréké@yahoo.com,hydrauliquebembéréké.bj,PME (10-50),B2B,Google Maps,4.7,Actif,2026-06-29T00:22:54.879032,haute
BJ-4AED48F4,Usine Automatisation Bembéréké,Industrie & Manufacture,Bembéréké,+229 40 54 30 25,usine_automatisation@yahoo.fr,,PME (50-200),B2B,Google Maps,3.0,Actif,2026-06-29T00:22:54.879050,moyenne
BJ-CD324BB0,Works CNC,Industrie & Manufacture,Kalalé,+229 21 14 44 37,w.cnc@workscnc.com.bj,workscnc.bj,PME (10-50),B2B,Google Maps,3.9,Actif,2026-06-29T00:22:54.879076,haute
BJ-7033EC9D,Emballage,Industrie & Manufacture,Kalalé,+229 62 89 37 43,,emballage.bj,PME (10-50),B2B,Google Maps,4.9,Actif,2026-06-29T00:22:54.879091,moyenne
BJ-93B9AC6E,Perçage,Industrie & Manufacture,Kalalé,+229 56 48 43 39,perçage@hotmail.com,perçage.bj,TPE (<10),B2B,Google Maps,4.7,Actif,2026-06-29T00:22:54.879107,haute
BJ-0405229F,Production Verre Bénin,Industrie & Manufacture,Kalalé,+229 80 95 13 29,production_verre@productionverre.bj,,PME (10-50),B2B,Google Maps,4.4,Actif,2026-06-29T00:22:54.879126,moyenne
BJ-19670BBF,Works Papier,Industrie & Manufacture,Kalalé,+229 36 90 47 62,w.papier@workspapier.com.bj,,TPE (<10),B2B,Google Maps,3.1,Actif,2026-06-29T00:22:54.879148,moyenne
BJ-6AD8EDCE,Works Découpe,Industrie & Manufacture,Ndali,+229 62 28 55 86,works.découpe@outlook.com,,Grande (>200),B2B,Google Maps,4.3,Actif,2026-06-29T00:22:54.879173,moyenne
BJ-2F3458A4,Bois Manufacture Ndali,Industrie & Manufacture,Ndali,+229 35 81 26 12,b.manufacture@yahoo.com,boismanufacturendali.bj,PME (10-50),B2B,Google Maps,3.5,Actif,2026-06-29T00:22:54.879191,haute
BJ-E50237AE,Unité Métal,Industrie & Manufacture,Ndali,+229 32 12 62 90,,unitémétal.bj,PME (10-50),B2B,Google Maps,4.2,Actif,2026-06-29T00:22:54.879209,moyenne
BJ-07E02621,Verre Industry,Industrie & Manufacture,Ndali,+229 33 92 55 80,,verreindustry.bj,TPE (<10),B2B,Google Maps,3.8,Actif,2026-06-29T00:22:54.879223,moyenne
BJ-8DC2F768,Plant Hydraulique Manufacture,Industrie & Manufacture,Ndali,+229 77 69 93 71,planthydraulique@planthydrauliqu.bj,planthydrauliquemanufacture.bj,TPE (<10),B2B,Google Maps,4.5,Actif,2026-06-29T00:22:54.879242,haute
BJ-79DA58A8,Assemblage SA,Industrie & Manufacture,Ségbana,+229 56 63 44 69,,assemblagesa.bj,TPE (<10),B2B,Google Maps,4.1,Actif,2026-06-29T00:22:54.879262,moyenne
BJ-1740F772,Colle Ségbana,Industrie & Manufacture,Ségbana,+229 45 47 12 53,colleségbana@hotmail.com,,PME (10-50),B2B,Google Maps,4.8,Actif,2026-06-29T00:22:54.879281,moyenne
BJ-691D46F9,Unité Alimentaire Bénin,Industrie & Manufacture,Ségbana,+229 83 95 90 74,unité.alimentaire@yahoo.fr,unitéalimentairebénin.bj,Grande (>200),B2B,Google Maps,3.9,Actif,2026-06-29T00:22:54.879302,haute
BJ-687468DD,Ciment Bénin,Industrie & Manufacture,Ségbana,+229 26 73 19 21,c.bénin@cimentbénin.bj,cimentbénin.bj,PME (10-50),B2B,Google Maps,4.8,Actif,2026-06-29T00:22:54.879323,haute
BJ-FBF7A2F6,Assemblage,Industrie & Manufacture,Ségbana,+229 39 72 57 74,assemblage@outlook.com,assemblage.bj,PME (50-200),B2B,Google Maps,4.0,Actif,2026-06-29T00:22:54.879339,haute
BJ-6EE33746,Production Adhésif,Industrie & Manufacture,Tchaourou,+229 77 73 28 36,,productionadhésif.bj,PME (50-200),B2B,Google Maps,3.6,Actif,2026-06-29T00:22:54.879361,moyenne
BJ-26B0F1E8,Usine Tournage Works,Industrie & Manufacture,Tchaourou,+229 84 67 16 91,u.tournage@yahoo.com,usinetournageworks.bj,PME (10-50),B2B,Google Maps,5.0,Actif,2026-06-29T00:22:54.879380,haute
BJ-CA81F445,Emballage Factory,Industrie & Manufacture,Tchaourou,+229 76 58 88 55,,,PME (10-50),B2B,Google Maps,4.9,Actif,2026-06-29T00:22:54.879397,basse
BJ-EF65B7C6,Usine Automatisation,Industrie & Manufacture,Tchaourou,+229 90 81 86 99,usineautomatisation@hotmail.com,,TPE (<10),B2B,Google Maps,4.4,Actif,2026-06-29T00:22:54.879433,moyenne
BJ-BD47BE21,Papier Bétérou,Industrie & Manufacture,Bétérou,+229 43 91 13 30,papier.bétérou@outlook.com,papierbétérou.bj,TPE (<10),B2B,Google Maps,4.5,Actif,2026-06-29T00:22:54.879470,haute
BJ-719E72D8,Automatisation SARL,Industrie & Manufacture,Bétérou,+229 89 34 32 92,automatisationsarl@automatisations.org.bj,automatisationsarl.bj,TPE (<10),B2B,Google Maps,3.9,Actif,2026-06-29T00:22:54.879489,haute
BJ-94D5E8CF,Industrie Métal Works,Industrie & Manufacture,Bétérou,+229 56 30 70 69,industrie.métal@industriemétalw.com.bj,industriemétalworks.bj,PME (10-50),B2B,Google Maps,3.8,Actif,2026-06-29T00:22:54.879509,haute
BJ-BB2EC598,Acier,Industrie & Manufacture,Bétérou,+229 85 93 30 15,acier@acier.com.bj,acier.bj,Grande (>200),B2B,Google Maps,4.5,Actif,2026-06-29T00:22:54.879528,haute
BJ-8A921FA7,Fabrication Bétérou,Industrie & Manufacture,Bétérou,+229 20 88 26 39,fabricationbétérou@fabricationbété.bj,fabricationbétérou.bj,PME (50-200),B2B,Google Maps,3.4,Actif,2026-06-29T00:22:54.879549,haute
BJ-4E477C89,Production Chimie,Industrie & Manufacture,Ouessè,+229 55 90 86 60,productionchimie@yahoo.fr,,TPE (<10),B2B,Google Maps,3.8,Actif,2026-06-29T00:22:54.879572,moyenne
BJ-710EFFE1,Plastique,Industrie & Manufacture,Ouessè,+229 59 10 45 93,plastique@hotmail.com,,PME (10-50),B2B,Google Maps,3.9,Actif,2026-06-29T00:22:54.879588,moyenne
BJ-C86BA1CC,Manufacture Céramique,Industrie & Manufacture,Ouessè,+229 58 14 91 92,,manufacturecéramique.bj,PME (50-200),B2B,Google Maps,3.9,Actif,2026-06-29T00:22:54.879611,moyenne
BJ-0D71F4A6,Bois Ouessè,Industrie & Manufacture,Ouessè,+229 28 91 65 16,,boisouessè.bj,PME (10-50),B2B,Google Maps,3.5,Actif,2026-06-29T00:22:54.879625,moyenne
BJ-08E04FE8,Unité Adhésif Factory,Industrie & Manufacture,Ouessè,+229 47 15 45 39,unitéadhésif@yahoo.fr,unitéadhésiffactory.bj,PME (10-50),B2B,Google Maps,3.7,Actif,2026-06-29T00:22:54.879644,haute
BJ-C911718B,Laser Glazoué,Industrie & Manufacture,Glazoué,+229 97 31 38 25,,laserglazoué.bj,TPE (<10),B2B,Google Maps,3.9,Actif,2026-06-29T00:22:54.879666,moyenne
BJ-87CFFBA6,Céramique Bénin,Industrie & Manufacture,Glazoué,+229 66 11 56 44,c.bénin@hotmail.com,céramiquebénin.bj,PME (10-50),B2B,Google Maps,3.9,Actif,2026-06-29T00:22:54.879725,haute
BJ-2D960050,Production Pharmaceutique SA,Industrie & Manufacture,Glazoué,+229 46 19 91 47,p.pharmaceutique@productionpharm.org.bj,,PME (10-50),B2B,Google Maps,4.3,Actif,2026-06-29T00:22:54.879743,moyenne
BJ-F4C9F269,Usine Textile,Industrie & Manufacture,Glazoué,+229 92 92 41 27,usine.textile@usinetextile.bj,,TPE (<10),B2B,Google Maps,4.5,Actif,2026-06-29T00:22:54.879761,moyenne
BJ-E3B998E8,Assemblage,Industrie & Manufacture,Dassa-Zoumè,+229 21 59 43 14,assemblage@gmail.com,assemblage.bj,TPE (<10),B2B,Google Maps,3.0,Actif,2026-06-29T00:22:54.879787,haute
BJ-DC79FE25,Colle Africa,Industrie & Manufacture,Dassa-Zoumè,+229 87 50 76 12,colleafrica@hotmail.com,colleafrica.bj,PME (50-200),B2B,Google Maps,4.2,Actif,2026-06-29T00:22:54.879810,haute
BJ-20A5A9D7,Industrie Pharmaceutique Plant Dassa-Zoumè,Industrie & Manufacture,Dassa-Zoumè,+229 28 51 84 23,,industriepharmaceutiqueplantdassazoumè.bj,TPE (<10),B2B,Google Maps,4.2,Actif,2026-06-29T00:22:54.879829,moyenne
BJ-B97212FA,Reliure Bénin,Industrie & Manufacture,Dassa-Zoumè,+229 52 51 63 15,reliure.bénin@reliurebénin.org.bj,reliurebénin.bj,PME (10-50),B2B,Google Maps,4.9,Actif,2026-06-29T00:22:54.879848,haute
BJ-068238E8,Usine Verre,Industrie & Manufacture,Dassa-Zoumè,+229 61 91 69 98,usineverre@usineverre.org.bj,usineverre.bj,Grande (>200),B2B,Google Maps,3.2,Actif,2026-06-29T00:22:54.879866,haute
BJ-41E56456,Usine Plastique Groupe,Industrie & Manufacture,Savalou,+229 74 88 70 41,usine.plastique@usineplastiqueg.org.bj,,TPE (<10),B2B,Google Maps,5.0,Actif,2026-06-29T00:22:54.879905,moyenne
BJ-54B3CE6E,Manufacture Découpe SA,Industrie & Manufacture,Savalou,+229 76 75 88 40,m.découpe@hotmail.com,manufacturedécoupesa.bj,PME (50-200),B2B,Google Maps,3.4,Actif,2026-06-29T00:22:54.879932,haute
BJ-2A900C51,Unité Assemblage Factory,Industrie & Manufacture,Savalou,+229 86 91 40 96,unité.assemblage@unitéassemblage.org.bj,unitéassemblagefactory.bj,TPE (<10),B2B,Google Maps,3.8,Actif,2026-06-29T00:22:54.879952,haute
BJ-D98CB950,Vernis,Industrie & Manufacture,Savalou,+229 60 60 77 30,,vernis.bj,TPE (<10),B2B,Google Maps,4.0,Actif,2026-06-29T00:22:54.879966,moyenne
BJ-DD845F37,Imprimerie Savalou,Industrie & Manufacture,Savalou,+229 70 43 68 36,imprimerie.savalou@outlook.com,imprimeriesavalou.bj,TPE (<10),B2B,Google Maps,4.7,Actif,2026-06-29T00:22:54.879984,haute
BJ-8A34D388,Fonte Bantè,Industrie & Manufacture,Bantè,+229 51 84 62 39,,fontebantè.bj,TPE (<10),B2B,Google Maps,4.1,Actif,2026-06-29T00:22:54.880019,moyenne
BJ-9B328ACC,Perçage SARL,Industrie & Manufacture,Bantè,+229 54 24 75 87,p.sarl@hotmail.com,perçagesarl.bj,Grande (>200),B2B,Google Maps,3.9,Actif,2026-06-29T00:22:54.880065,haute
BJ-FE082B4C,Emballage Plant,Industrie & Manufacture,Bantè,+229 48 16 70 92,,,PME (10-50),B2B,Google Maps,4.7,Actif,2026-06-29T00:22:54.880105,basse
BJ-2A5500F4,Reliure Industries,Industrie & Manufacture,Bantè,+229 70 99 61 70,,reliureindustries.bj,PME (10-50),B2B,Google Maps,3.3,Actif,2026-06-29T00:22:54.880144,moyenne
BJ-B55C556C,Manufacture Bois Factory,Industrie & Manufacture,Bantè,+229 92 88 62 35,manufacture.bois@manufacturebois.org.bj,,PME (50-200),B2B,Google Maps,4.8,Actif,2026-06-29T00:22:54.880178,moyenne
BJ-33F0E3C2,Atelier Céramique Industries,Industrie & Manufacture,Djougou,+229 65 45 60 81,atelier.céramique@yahoo.fr,ateliercéramiqueindustries.bj,PME (50-200),B2B,Google Maps,4.1,Actif,2026-06-29T00:22:54.880209,haute
BJ-48CBDD36,Industrie Emballage,Industrie & Manufacture,Djougou,+229 47 23 13 91,industrieemballage@industrieemball.com.bj,industrieemballage.bj,PME (10-50),B2B,Google Maps,3.1,Actif,2026-06-29T00:22:54.880234,haute
BJ-29E61F7D,Découpe SARL Djougou,Industrie & Manufacture,Djougou,+229 25 71 75 98,découpe.sarl@découpesarldjou.com.bj,découpesarldjougou.bj,PME (50-200),B2B,Google Maps,3.2,Actif,2026-06-29T00:22:54.880255,haute
BJ-CB5942B4,Découpe,Industrie & Manufacture,Djougou,+229 24 31 19 89,,découpe.bj,TPE (<10),B2B,Google Maps,3.7,Actif,2026-06-29T00:22:54.880269,moyenne
BJ-E14A95E3,Works Automatique Bénin,Industrie & Manufacture,Djougou,+229 42 53 82 84,worksautomatique@worksautomatiqu.com.bj,,PME (10-50),B2B,Google Maps,3.2,Actif,2026-06-29T00:22:54.880288,moyenne
BJ-90818556,Métal SARL,Industrie & Manufacture,Ouèssè,+229 76 38 66 69,,métalsarl.bj,TPE (<10),B2B,Google Maps,3.1,Actif,2026-06-29T00:22:54.880310,moyenne
BJ-22073780,Automatisation Ouèssè,Industrie & Manufacture,Ouèssè,+229 83 62 69 77,automatisation.ouèssè@yahoo.fr,automatisationouèssè.bj,PME (50-200),B2B,Google Maps,3.1,Actif,2026-06-29T00:22:54.880329,haute
BJ-90481D56,Reliure Groupe,Industrie & Manufacture,Ouèssè,+229 87 87 83 60,,reliuregroupe.bj,TPE (<10),B2B,Google Maps,3.9,Actif,2026-06-29T00:22:54.880347,moyenne
BJ-7842316E,Atelier Aluminium Groupe Ouèssè,Industrie & Manufacture,Ouèssè,+229 68 65 22 93,atelieraluminium@atelieraluminiu.com.bj,atelieraluminiumgroupeouèssè.bj,Grande (>200),B2B,Google Maps,3.4,Actif,2026-06-29T00:22:54.880368,haute
BJ-F6857044,Conditionnement,Industrie & Manufacture,Bassila,+229 97 55 28 72,conditionnement@conditionnement.bj,conditionnement.bj,PME (10-50),B2B,Google Maps,3.9,Actif,2026-06-29T00:22:54.880405,haute
BJ-63345C25,Tournage,Industrie & Manufacture,Bassila,+229 63 23 47 47,tournage@hotmail.com,tournage.bj,TPE (<10),B2B,Google Maps,4.0,Actif,2026-06-29T00:22:54.880422,haute
BJ-29F8C49E,Production Édition,Industrie & Manufacture,Bassila,+229 56 80 96 62,p.édition@productionéditi.com.bj,productionédition.bj,TPE (<10),B2B,Google Maps,4.5,Actif,2026-06-29T00:22:54.880445,haute
BJ-D04636F7,Manufacture Perçage Works Bassila,Industrie & Manufacture,Bassila,+229 85 74 54 41,manufacture.perçage@manufactureperç.bj,,Grande (>200),B2B,Google Maps,4.9,Actif,2026-06-29T00:22:54.880465,moyenne
BJ-BB77B462,Plant Carton SA,Industrie & Manufacture,Bassila,+229 30 46 84 72,plantcarton@yahoo.fr,plantcartonsa.bj,PME (10-50),B2B,Google Maps,3.2,Actif,2026-06-29T00:22:54.880483,haute
BJ-D1283C8E,Usine Adhésif,Industrie & Manufacture,Pehunco,+229 42 36 91 70,,usineadhésif.bj,PME (50-200),B2B,Google Maps,4.5,Actif,2026-06-29T00:22:54.880505,moyenne
BJ-6ABA1A0E,Papier Pehunco,Industrie & Manufacture,Pehunco,+229 47 41 11 68,papier.pehunco@papierpehunco.bj,papierpehunco.bj,TPE (<10),B2B,Google Maps,3.1,Actif,2026-06-29T00:22:54.880523,haute
BJ-D9AF9964,Mécanique Pehunco,Industrie & Manufacture,Pehunco,+229 71 59 88 28,m.pehunco@mécaniquepehunc.com.bj,mécaniquepehunco.bj,PME (50-200),B2B,Google Maps,4.5,Actif,2026-06-29T00:22:54.880545,haute
BJ-C23A6857,Automatique Bénin,Industrie & Manufacture,Pehunco,+229 73 75 74 57,,automatiquebénin.bj,PME (50-200),B2B,Google Maps,4.7,Actif,2026-06-29T00:22:54.880558,moyenne
BJ-31DBE493,Works Robotique Industry Pehunco,Industrie & Manufacture,Pehunco,+229 52 33 96 72,worksrobotique@yahoo.fr,worksrobotiqueindustrypehunco.bj,PME (50-200),B2B,Google Maps,4.0,Actif,2026-06-29T00:22:54.880581,haute
BJ-C1B93B43,Mécanique Industry,Industrie & Manufacture,Copargo,+229 61 10 69 79,mécaniqueindustry@hotmail.com,,PME (10-50),B2B,Google Maps,3.6,Actif,2026-06-29T00:22:54.880619,moyenne
BJ-0AE83E94,Usine Édition SARL,Industrie & Manufacture,Copargo,+229 61 12 89 91,usineédition@usineéditionsar.com.bj,usineéditionsarl.bj,Grande (>200),B2B,Google Maps,5.0,Actif,2026-06-29T00:22:54.880639,haute
BJ-709F6C1E,Pneumatique,Industrie & Manufacture,Copargo,+229 27 21 20 65,pneumatique@gmail.com,,PME (50-200),B2B,Google Maps,3.7,Actif,2026-06-29T00:22:54.880654,moyenne
BJ-771A9207,Laser Copargo,Industrie & Manufacture,Copargo,+229 25 37 49 18,lasercopargo@lasercopargo.org.bj,,PME (10-50),B2B,Google Maps,4.8,Actif,2026-06-29T00:22:54.880672,moyenne
BJ-17CCE263,Bureau Label Services,Services aux entreprises,Cotonou,+229 44 34 41 32,bureaulabel@bureaulabelserv.bj,bureaulabelservices.bj,Grande (>200),B2B,Google Maps,3.4,Actif,2026-06-29T00:22:54.880698,haute
BJ-6E49A6D0,CDI International,Services aux entreprises,Cotonou,+229 43 72 49 59,,,PME (10-50),B2B,Google Maps,4.2,Actif,2026-06-29T00:22:54.880711,basse
BJ-5F9EA657,Transformation Solutions,Services aux entreprises,Cotonou,+229 71 75 88 87,t.solutions@transformations.com.bj,transformationsolutions.bj,PME (50-200),B2B,Google Maps,4.9,Actif,2026-06-29T00:22:54.880733,haute
BJ-C02902D4,Audit Label Cotonou,Services aux entreprises,Cotonou,+229 25 80 16 89,auditlabel@auditlabelcoton.com.bj,auditlabelcotonou.bj,Grande (>200),B2B,Google Maps,3.7,Actif,2026-06-29T00:22:54.880767,haute
BJ-EBD965A8,Agence ISO,Services aux entreprises,Abomey-Calavi,+229 41 98 66 24,agence.iso@outlook.com,agenceiso.bj,TPE (<10),B2B,Google Maps,4.2,Actif,2026-06-29T00:22:54.880791,haute
BJ-B4E58506,Agence Événement Abomey-Calavi,Services aux entreprises,Abomey-Calavi,+229 65 43 60 53,agence.événement@yahoo.com,,TPE (<10),B2B,Google Maps,4.4,Actif,2026-06-29T00:22:54.880811,moyenne
BJ-7AF9EEBA,Cabinet Relations,Services aux entreprises,Abomey-Calavi,+229 83 17 94 58,cabinet.relations@cabinetrelation.bj,cabinetrelations.bj,PME (10-50),B2B,Google Maps,4.8,Actif,2026-06-29T00:22:54.880849,haute
BJ-C2BA8C68,Excellence Advisory,Services aux entreprises,Abomey-Calavi,+229 52 77 60 75,excellence.advisory@yahoo.com,excellenceadvisory.bj,TPE (<10),B2B,Google Maps,3.4,Actif,2026-06-29T00:22:54.880866,haute
BJ-A6E97E12,Consulting Nettoyage Bureau,Services aux entreprises,Porto-Novo,+229 69 92 40 19,consultingnettoyage@yahoo.com,,TPE (<10),B2B,Google Maps,4.7,Actif,2026-06-29T00:22:54.880905,moyenne
BJ-3FF4F280,Partners Réputation International,Services aux entreprises,Porto-Novo,+229 39 12 51 78,partners.réputation@yahoo.fr,partnersréputationinternational.bj,PME (50-200),B2B,Google Maps,3.7,Actif,2026-06-29T00:22:54.880933,haute
BJ-A37E50EE,Solutions Inspection Cabinet,Services aux entreprises,Porto-Novo,+229 68 16 21 78,solutionsinspection@hotmail.com,,TPE (<10),B2B,Google Maps,3.9,Actif,2026-06-29T00:22:54.880955,moyenne
BJ-AC1FF5D3,Conseil Certification Consulting,Services aux entreprises,Porto-Novo,+229 35 96 87 14,conseilcertification@hotmail.com,conseilcertificationconsulting.bj,TPE (<10),B2B,Google Maps,4.4,Actif,2026-06-29T00:22:54.880974,haute
BJ-B17D79DD,Ménage Bureau,Services aux entreprises,Porto-Novo,+229 30 44 30 88,,ménagebureau.bj,TPE (<10),B2B,Google Maps,3.6,Actif,2026-06-29T00:22:54.880988,moyenne
BJ-C1DEDF61,ISO Solutions,Services aux entreprises,Parakou,+229 95 82 36 19,i.solutions@yahoo.fr,,PME (10-50),B2B,Google Maps,4.5,Actif,2026-06-29T00:22:54.881011,moyenne
BJ-4E11B41F,RH,Services aux entreprises,Parakou,+229 62 15 18 85,rh@outlook.com,,PME (50-200),B2B,Google Maps,3.5,Actif,2026-06-29T00:22:54.881027,moyenne
BJ-583F464C,Relations International,Services aux entreprises,Parakou,+229 21 55 90 14,relationsinternational@relationsintern.bj,relationsinternational.bj,Grande (>200),B2B,Google Maps,3.9,Actif,2026-06-29T00:22:54.881044,haute
BJ-8BBB100F,Indépendant Cabinet Parakou,Services aux entreprises,Parakou,+229 87 94 66 88,indépendant.cabinet@outlook.com,indépendantcabinetparakou.bj,PME (50-200),B2B,Google Maps,3.6,Actif,2026-06-29T00:22:54.881063,haute
BJ-A290A42C,Cabinet Portage,Services aux entreprises,Parakou,+229 52 82 39 15,cabinet.portage@cabinetportage.com.bj,cabinetportage.bj,Grande (>200),B2B,Google Maps,4.7,Actif,2026-06-29T00:22:54.881080,haute
BJ-8B6EF224,Agence Audit International,Services aux entreprises,Bohicon,+229 51 63 52 66,a.audit@agenceauditinte.com.bj,,PME (50-200),B2B,Google Maps,4.2,Actif,2026-06-29T00:22:54.881103,moyenne
BJ-CBA3181F,Entretien Partners Bohicon,Services aux entreprises,Bohicon,+229 88 61 47 73,entretien.partners@yahoo.com,entretienpartnersbohicon.bj,TPE (<10),B2B,Google Maps,3.7,Actif,2026-06-29T00:22:54.881121,haute
BJ-53F88EFF,Contrôle Advisory Bohicon,Services aux entreprises,Bohicon,+229 78 36 30 90,contrôle.advisory@contrôleadvisor.bj,,TPE (<10),B2B,Google Maps,3.9,Actif,2026-06-29T00:22:54.881144,moyenne
BJ-4D14A26E,Solutions Stratégie Bénin Bohicon,Services aux entreprises,Bohicon,+229 56 36 12 93,solutions_stratégie@solutionsstraté.org.bj,solutionsstratégiebéninbohicon.bj,PME (10-50),B2B,Google Maps,3.8,Actif,2026-06-29T00:22:54.881165,haute
BJ-52891FE4,Cabinet Réputation Cabinet,Services aux entreprises,Bohicon,+229 47 42 56 76,cabinet.réputation@cabinetréputati.bj,,TPE (<10),B2B,Google Maps,3.6,Actif,2026-06-29T00:22:54.881183,moyenne
BJ-75485484,Stratégie Partners,Services aux entreprises,Natitingou,+229 32 61 33 68,stratégiepartners@yahoo.fr,stratégiepartners.bj,TPE (<10),B2B,Google Maps,3.2,Actif,2026-06-29T00:22:54.881208,haute
BJ-FB40D255,Presse Bénin,Services aux entreprises,Natitingou,+229 95 50 35 59,p.bénin@outlook.com,,PME (50-200),B2B,Google Maps,4.5,Actif,2026-06-29T00:22:54.881247,moyenne
BJ-C0473DE9,Solutions Tête Africa,Services aux entreprises,Natitingou,+229 53 11 95 39,s.tête@solutionstêteaf.org.bj,solutionstêteafrica.bj,PME (10-50),B2B,Google Maps,3.7,Actif,2026-06-29T00:22:54.881267,haute
BJ-363B4E57,Cabinet Sécurité Advisory,Services aux entreprises,Natitingou,+229 42 52 45 55,cabinet.sécurité@gmail.com,,TPE (<10),B2B,Google Maps,3.9,Actif,2026-06-29T00:22:54.881283,moyenne
BJ-9A7E025F,Événementiel,Services aux entreprises,Lokossa,+229 31 82 63 64,événementiel@événementiel.bj,événementiel.bj,PME (50-200),B2B,Google Maps,3.3,Actif,2026-06-29T00:22:54.881306,haute
BJ-57835918,Indépendant Bureau,Services aux entreprises,Lokossa,+229 60 56 54 53,indépendantbureau@outlook.com,indépendantbureau.bj,TPE (<10),B2B,Google Maps,3.9,Actif,2026-06-29T00:22:54.881349,haute
BJ-809162EB,Consulting Innovation,Services aux entreprises,Lokossa,+229 52 50 86 11,consultinginnovation@consultinginnov.com.bj,consultinginnovation.bj,PME (10-50),B2B,Google Maps,3.1,Actif,2026-06-29T00:22:54.881368,haute
BJ-F6A291D8,Expert Ménage Consulting,Services aux entreprises,Lokossa,+229 93 48 72 44,e.ménage@yahoo.fr,expertménageconsulting.bj,PME (10-50),B2B,Google Maps,3.3,Actif,2026-06-29T00:22:54.881386,haute
BJ-87055CDE,Consulting Chasse Bénin Ouidah,Services aux entreprises,Ouidah,+229 38 56 89 18,consulting.chasse@consultingchass.org.bj,consultingchassebéninouidah.bj,Grande (>200),B2B,Google Maps,4.0,Actif,2026-06-29T00:22:54.881417,haute
BJ-BFBCCD4F,CDD Africa,Services aux entreprises,Ouidah,+229 86 87 41 18,cdd.africa@yahoo.fr,cddafrica.bj,TPE (<10),B2B,Google Maps,3.0,Actif,2026-06-29T00:22:54.881435,haute
BJ-960E3F91,Expert Portage,Services aux entreprises,Ouidah,+229 68 53 87 11,expertportage@outlook.com,expertportage.bj,PME (50-200),B2B,Google Maps,3.9,Actif,2026-06-29T00:22:54.881452,haute
BJ-E1A5051D,Partners Conseil,Services aux entreprises,Ouidah,+229 58 57 45 51,partnersconseil@partnersconseil.org.bj,partnersconseil.bj,PME (10-50),B2B,Google Maps,4.1,Actif,2026-06-29T00:22:54.881469,haute
BJ-C010C577,Expert Juridique Solutions,Services aux entreprises,Ouidah,+229 35 72 36 42,expert.juridique@expertjuridique.com.bj,,PME (50-200),B2B,Google Maps,3.1,Actif,2026-06-29T00:22:54.881486,moyenne
BJ-8FFA1C7F,RH Bureau,Services aux entreprises,Savalou,+229 52 13 93 57,bureau@rhbureau.bj,rhbureau.bj,PME (10-50),B2B,Google Maps,4.6,Actif,2026-06-29T00:22:54.881508,haute
BJ-22DA1B7D,Conseil ISO,Services aux entreprises,Savalou,+229 27 87 91 72,conseiliso@hotmail.com,,TPE (<10),B2B,Google Maps,4.6,Actif,2026-06-29T00:22:54.881534,moyenne
BJ-D17ED000,Partners Nettoyage Advisory Savalou,Services aux entreprises,Savalou,+229 30 39 47 95,p.nettoyage@outlook.com,partnersnettoyageadvisorysavalou.bj,PME (50-200),B2B,Google Maps,4.8,Actif,2026-06-29T00:22:54.881556,haute
BJ-25CD4F23,Expert Contrôle,Services aux entreprises,Savalou,+229 40 50 47 70,,expertcontrôle.bj,PME (10-50),B2B,Google Maps,4.9,Actif,2026-06-29T00:22:54.881571,moyenne
BJ-35FFB70F,Cabinet Recrutement Services,Services aux entreprises,Savalou,+229 72 25 58 11,cabinet.recrutement@hotmail.com,,PME (10-50),B2B,Google Maps,4.3,Actif,2026-06-29T00:22:54.881587,moyenne
BJ-3E977E0D,Partners Intérim Solutions Dassa-Zoumè,Services aux entreprises,Dassa-Zoumè,+229 56 92 65 20,partners.intérim@yahoo.com,partnersintérimsolutionsdassazoumè.bj,PME (50-200),B2B,Google Maps,3.1,Actif,2026-06-29T00:22:54.881631,haute
BJ-244BEE51,Vérification,Services aux entreprises,Dassa-Zoumè,+229 41 94 28 89,vérification@hotmail.com,vérification.bj,TPE (<10),B2B,Google Maps,3.5,Actif,2026-06-29T00:22:54.881647,haute
BJ-3F0BFD2B,Événement Africa,Services aux entreprises,Dassa-Zoumè,+229 49 67 43 51,é.africa@gmail.com,événementafrica.bj,TPE (<10),B2B,Google Maps,3.1,Actif,2026-06-29T00:22:54.881665,haute
BJ-1D5BAE1F,Consulting Excellence Dassa-Zoumè,Services aux entreprises,Dassa-Zoumè,+229 48 17 64 55,consulting.excellence@gmail.com,consultingexcellencedassazoumè.bj,PME (50-200),B2B,Google Maps,3.2,Actif,2026-06-29T00:22:54.881684,haute
BJ-0A78AFA1,Inspection Consulting,Services aux entreprises,Kétou,+229 92 19 42 40,inspection_consulting@yahoo.com,inspectionconsulting.bj,PME (10-50),B2B,Google Maps,3.4,Actif,2026-06-29T00:22:54.881709,haute
BJ-10C3ADD0,Conseil Sécurité,Services aux entreprises,Kétou,+229 74 84 58 56,c.sécurité@outlook.com,conseilsécurité.bj,TPE (<10),B2B,Google Maps,3.5,Actif,2026-06-29T00:22:54.881753,haute
BJ-FA06DEC9,Freelance Africa Kétou,Services aux entreprises,Kétou,+229 59 51 44 66,freelanceafrica@outlook.com,freelanceafricakétou.bj,PME (50-200),B2B,Google Maps,4.9,Actif,2026-06-29T00:22:54.881772,haute
BJ-929D8C7C,Inspection,Services aux entreprises,Kétou,+229 52 81 39 72,inspection@inspection.org.bj,inspection.bj,Grande (>200),B2B,Google Maps,4.2,Actif,2026-06-29T00:22:54.881787,haute
BJ-AB4AC536,Audit Chasse Consulting,Services aux entreprises,Covè,+229 32 45 36 97,audit.chasse@outlook.com,auditchasseconsulting.bj,TPE (<10),B2B,Google Maps,4.3,Actif,2026-06-29T00:22:54.881815,haute
BJ-3121A152,Consulting Inspection Covè,Services aux entreprises,Covè,+229 35 46 38 20,consulting_inspection@hotmail.com,consultinginspectioncovè.bj,PME (50-200),B2B,Google Maps,3.3,Actif,2026-06-29T00:22:54.881834,haute
BJ-33DBFAC9,Cabinet Événementiel,Services aux entreprises,Covè,+229 42 35 43 45,cabinet.événementiel@hotmail.com,cabinetévénementiel.bj,TPE (<10),B2B,Google Maps,3.7,Actif,2026-06-29T00:22:54.881851,haute
BJ-E1ACC45D,Solutions Communication Partners,Services aux entreprises,Covè,+229 62 50 27 55,solutions.communication@solutionscommun.org.bj,solutionscommunicationpartners.bj,TPE (<10),B2B,Google Maps,4.3,Actif,2026-06-29T00:22:54.881873,haute
BJ-EC55D2AB,Agence Salarial International,Services aux entreprises,Covè,+229 72 46 58 32,a.salarial@outlook.com,agencesalarialinternational.bj,Grande (>200),B2B,Google Maps,3.6,Actif,2026-06-29T00:22:54.881905,haute
BJ-62D2B919,Solutions Salarial Advisory,Services aux entreprises,Pobè,+229 72 68 42 12,solutionssalarial@gmail.com,solutionssalarialadvisory.bj,PME (10-50),B2B,Google Maps,3.5,Actif,2026-06-29T00:22:54.881933,haute
BJ-39BE0E3D,Marketing Africa,Services aux entreprises,Pobè,+229 77 24 38 44,marketing.africa@marketingafrica.bj,marketingafrica.bj,PME (10-50),B2B,Google Maps,4.6,Actif,2026-06-29T00:22:54.881952,haute
BJ-B8C8A0EA,Conseil Surveillance Advisory,Services aux entreprises,Pobè,+229 93 46 82 69,c.surveillance@gmail.com,conseilsurveillanceadvisory.bj,TPE (<10),B2B,Google Maps,4.3,Actif,2026-06-29T00:22:54.881973,haute
BJ-C4640B4E,CDD Bureau,Services aux entreprises,Pobè,+229 92 62 63 22,cddbureau@outlook.com,cddbureau.bj,TPE (<10),B2B,Google Maps,3.5,Actif,2026-06-29T00:22:54.881990,haute
BJ-EE78C26B,Consulting Conseil,Services aux entreprises,Pobè,+229 38 90 40 38,consultingconseil@consultingconse.bj,,PME (10-50),B2B,Google Maps,3.9,Actif,2026-06-29T00:22:54.882008,moyenne
BJ-036717F4,Contrôle,Services aux entreprises,Sakété,+229 45 30 98 46,,contrôle.bj,PME (50-200),B2B,Google Maps,3.0,Actif,2026-06-29T00:22:54.882029,moyenne
BJ-5B88794A,Recrutement Solutions,Services aux entreprises,Sakété,+229 38 79 88 30,r.solutions@hotmail.com,recrutementsolutions.bj,PME (10-50),B2B,Google Maps,4.5,Actif,2026-06-29T00:22:54.882047,haute
BJ-057C4317,Cabinet Communication Partners,Services aux entreprises,Sakété,+229 83 62 69 60,cabinetcommunication@cabinetcommunic.bj,,TPE (<10),B2B,Google Maps,3.0,Actif,2026-06-29T00:22:54.882064,moyenne
BJ-8AA58CB8,Communication Services,Services aux entreprises,Sakété,+229 88 42 21 23,communication_services@communicationse.bj,communicationservices.bj,PME (10-50),B2B,Google Maps,3.1,Actif,2026-06-29T00:22:54.882081,haute
BJ-14806939,Solutions ISO,Services aux entreprises,Sakété,+229 61 68 50 28,solutions.iso@solutionsiso.com.bj,solutionsiso.bj,PME (10-50),B2B,Google Maps,4.3,Actif,2026-06-29T00:22:54.882098,haute
BJ-0CB9EE11,Conseil Relations Cabinet,Services aux entreprises,Adjara,+229 82 61 70 11,conseilrelations@yahoo.com,conseilrelationscabinet.bj,PME (50-200),B2B,Google Maps,3.3,Actif,2026-06-29T00:22:54.882121,haute
BJ-19FA3C92,Publiques Bénin,Services aux entreprises,Adjara,+229 58 83 51 69,publiquesbénin@publiquesbénin.com.bj,,TPE (<10),B2B,Google Maps,4.0,Actif,2026-06-29T00:22:54.882144,moyenne
BJ-0320C5AD,Expert Inspection Adjara,Services aux entreprises,Adjara,+229 71 20 14 34,expert_inspection@expertinspectio.org.bj,expertinspectionadjara.bj,TPE (<10),B2B,Google Maps,4.3,Actif,2026-06-29T00:22:54.882166,haute
BJ-810EBDE0,Expert Surveillance,Services aux entreprises,Adjara,+229 42 41 95 64,expert.surveillance@expertsurveilla.com.bj,expertsurveillance.bj,PME (50-200),B2B,Google Maps,4.5,Actif,2026-06-29T00:22:54.882186,haute
BJ-3F971C67,Conseil Nettoyage Advisory,Services aux entreprises,Adjara,+229 53 17 54 68,conseilnettoyage@conseilnettoyag.bj,conseilnettoyageadvisory.bj,PME (10-50),B2B,Google Maps,4.0,Actif,2026-06-29T00:22:54.882205,haute
BJ-5C55839A,Gardiennage,Services aux entreprises,Allada,+229 27 69 77 38,gardiennage@gardiennage.org.bj,gardiennage.bj,Grande (>200),B2B,Google Maps,3.8,Actif,2026-06-29T00:22:54.882227,haute
BJ-3F502973,Conseil Business Services Allada,Services aux entreprises,Allada,+229 67 88 92 80,conseil.business@conseilbusiness.bj,conseilbusinessservicesallada.bj,TPE (<10),B2B,Google Maps,3.7,Actif,2026-06-29T00:22:54.882245,haute
BJ-93B01815,Solutions Événement Allada,Services aux entreprises,Allada,+229 83 23 28 39,solutions_événement@yahoo.fr,solutionsévénementallada.bj,PME (10-50),B2B,Google Maps,3.1,Actif,2026-06-29T00:22:54.882265,haute
BJ-5B143A6E,Consulting CDI,Services aux entreprises,Allada,+229 78 80 18 32,c.cdi@yahoo.com,consultingcdi.bj,PME (10-50),B2B,Google Maps,3.3,Actif,2026-06-29T00:22:54.882282,haute
BJ-7C3D456F,Solutions Excellence Advisory,Services aux entreprises,Allada,+229 82 33 72 90,,solutionsexcellenceadvisory.bj,Grande (>200),B2B,Google Maps,4.8,Actif,2026-06-29T00:22:54.882294,moyenne
BJ-4BC198CA,Audit Qualité,Services aux entreprises,Aplahoué,+229 95 15 97 58,a.qualité@auditqualité.com.bj,,PME (50-200),B2B,Google Maps,3.0,Actif,2026-06-29T00:22:54.882319,moyenne
BJ-B0950CBB,Transformation Solutions,Services aux entreprises,Aplahoué,+229 87 52 81 76,transformationsolutions@transformations.bj,,TPE (<10),B2B,Google Maps,4.2,Actif,2026-06-29T00:22:54.882336,moyenne
BJ-18457209,Portage Aplahoué,Services aux entreprises,Aplahoué,+229 51 37 30 75,portage.aplahoué@outlook.com,portageaplahoué.bj,TPE (<10),B2B,Google Maps,4.6,Actif,2026-06-29T00:22:54.882358,haute
BJ-AA6257C5,Relations Aplahoué,Services aux entreprises,Aplahoué,+229 83 61 33 64,r.aplahoué@hotmail.com,relationsaplahoué.bj,PME (50-200),B2B,Google Maps,4.5,Actif,2026-06-29T00:22:54.882377,haute
BJ-629B6309,Audit Portage,Services aux entreprises,Aplahoué,+229 28 40 43 64,audit.portage@yahoo.fr,auditportage.bj,TPE (<10),B2B,Google Maps,3.3,Actif,2026-06-29T00:22:54.882394,haute
BJ-937D1FA1,Expert Événementiel International,Services aux entreprises,Dogbo-Tota,+229 98 79 22 32,expertévénementiel@outlook.com,expertévénementielinternational.bj,PME (10-50),B2B,Google Maps,4.4,Actif,2026-06-29T00:22:54.882420,haute
BJ-0A77E2FA,Agence Image Partners,Services aux entreprises,Dogbo-Tota,+229 73 94 10 35,a.image@agenceimagepart.org.bj,agenceimagepartners.bj,PME (10-50),B2B,Google Maps,4.8,Actif,2026-06-29T00:22:54.882439,haute
BJ-C3B5181A,Bureau Comptable,Services aux entreprises,Dogbo-Tota,+229 68 39 90 79,bureaucomptable@yahoo.fr,bureaucomptable.bj,TPE (<10),B2B,Google Maps,3.5,Actif,2026-06-29T00:22:54.882455,haute
BJ-95E42235,Audit Relations Dogbo-Tota,Services aux entreprises,Dogbo-Tota,+229 43 76 60 14,auditrelations@auditrelationsd.org.bj,auditrelationsdogbotota.bj,PME (10-50),B2B,Google Maps,3.6,Actif,2026-06-29T00:22:54.882473,haute
BJ-DC07A7A9,Norme Partners,Services aux entreprises,Dogbo-Tota,+229 24 82 91 97,n.partners@yahoo.com,normepartners.bj,TPE (<10),B2B,Google Maps,3.1,Actif,2026-06-29T00:22:54.882493,haute
BJ-7D66144B,Audit Surveillance,Services aux entreprises,Kpomassè,+229 90 40 64 54,a.surveillance@auditsurveillan.com.bj,auditsurveillance.bj,TPE (<10),B2B,Google Maps,3.3,Actif,2026-06-29T00:22:54.882518,haute
BJ-D4BA9E84,Vérification,Services aux entreprises,Kpomassè,+229 81 47 56 79,vérification@gmail.com,vérification.bj,PME (10-50),B2B,Google Maps,3.1,Actif,2026-06-29T00:22:54.882534,haute
BJ-E2061F65,Cabinet Salarial Africa,Services aux entreprises,Kpomassè,+229 20 69 78 67,cabinetsalarial@cabinetsalarial.com.bj,,TPE (<10),B2B,Google Maps,3.0,Actif,2026-06-29T00:22:54.882555,moyenne
BJ-B4EF2144,Solutions CDD Services,Services aux entreprises,Kpomassè,+229 69 80 35 73,s.cdd@solutionscddser.bj,solutionscddservices.bj,TPE (<10),B2B,Google Maps,4.4,Actif,2026-06-29T00:22:54.882573,haute
BJ-0F87621A,Consulting Vérification,Services aux entreprises,Kpomassè,+229 72 83 58 46,,,PME (50-200),B2B,Google Maps,3.6,Actif,2026-06-29T00:22:54.882590,basse
BJ-8DC19F18,Partners Intérim,Services aux entreprises,Tori-Bossito,+229 41 63 95 55,p.intérim@partnersintérim.bj,partnersintérim.bj,Grande (>200),B2B,Google Maps,4.0,Actif,2026-06-29T00:22:54.882615,haute
BJ-B48C6BCD,Expert Indépendant Bénin,Services aux entreprises,Tori-Bossito,+229 35 92 89 91,expert.indépendant@expertindépenda.bj,expertindépendantbénin.bj,PME (50-200),B2B,Google Maps,3.3,Actif,2026-06-29T00:22:54.882635,haute
BJ-B8E544DC,Nettoyage,Services aux entreprises,Tori-Bossito,+229 84 58 85 60,nettoyage@nettoyage.com.bj,nettoyage.bj,PME (10-50),B2B,Google Maps,4.0,Actif,2026-06-29T00:22:54.882650,haute
BJ-17F080F6,Cabinet Performance International,Services aux entreprises,Tori-Bossito,+229 64 34 32 73,c.performance@cabinetperforma.com.bj,,Grande (>200),B2B,Google Maps,3.9,Actif,2026-06-29T00:22:54.882667,moyenne
BJ-758E57C7,Bureau CDD,Services aux entreprises,Tori-Bossito,+229 30 90 64 47,b.cdd@outlook.com,bureaucdd.bj,PME (10-50),B2B,Google Maps,3.4,Actif,2026-06-29T00:22:54.882684,haute
BJ-CA551DFE,Consulting Portage Solutions,Services aux entreprises,Grand-Popo,+229 37 28 15 34,consulting.portage@yahoo.com,consultingportagesolutions.bj,PME (10-50),B2B,Google Maps,4.8,Actif,2026-06-29T00:22:54.882708,haute
BJ-A41C4267,Cabinet Freelance Bénin,Services aux entreprises,Grand-Popo,+229 26 22 93 13,cabinetfreelance@hotmail.com,cabinetfreelancebénin.bj,PME (10-50),B2B,Google Maps,3.7,Actif,2026-06-29T00:22:54.882726,haute
BJ-73714D75,Expert CDD Africa,Services aux entreprises,Grand-Popo,+229 79 64 33 19,e.cdd@outlook.com,expertcddafrica.bj,PME (10-50),B2B,Google Maps,4.7,Actif,2026-06-29T00:22:54.882746,haute
BJ-CA081462,Surveillance,Services aux entreprises,Grand-Popo,+229 88 42 74 76,surveillance@surveillance.com.bj,surveillance.bj,TPE (<10),B2B,Google Maps,3.6,Actif,2026-06-29T00:22:54.882761,haute
BJ-A0EF10D7,Marketing,Services aux entreprises,Grand-Popo,+229 90 90 66 28,marketing@marketing.org.bj,marketing.bj,TPE (<10),B2B,Google Maps,4.9,Actif,2026-06-29T00:22:54.882780,haute
BJ-A3945920,Image Bénin,Services aux entreprises,Athiémé,+229 89 79 18 64,,imagebénin.bj,PME (10-50),B2B,Google Maps,3.3,Actif,2026-06-29T00:22:54.882801,moyenne
BJ-038B7203,Partners Protection Athiémé,Services aux entreprises,Athiémé,+229 39 83 82 73,p.protection@partnersprotect.bj,partnersprotectionathiémé.bj,PME (10-50),B2B,Google Maps,4.2,Actif,2026-06-29T00:22:54.882822,haute
BJ-143354B8,Cabinet Audit Partners,Services aux entreprises,Athiémé,+229 40 13 31 87,cabinetaudit@cabinetauditpar.org.bj,,TPE (<10),B2B,Google Maps,4.5,Actif,2026-06-29T00:22:54.882843,moyenne
BJ-7B352212,Consulting Freelance,Services aux entreprises,Athiémé,+229 78 38 12 16,consulting.freelance@consultingfreel.org.bj,,TPE (<10),B2B,Google Maps,3.2,Actif,2026-06-29T00:22:54.882861,moyenne
BJ-4B614379,Accréditation,Services aux entreprises,Athiémé,+229 46 28 92 81,accréditation@accréditation.bj,accréditation.bj,PME (10-50),B2B,Google Maps,4.7,Actif,2026-06-29T00:22:54.882877,haute
BJ-5540DBB0,Expert CDD Bureau,Services aux entreprises,Bopa,+229 22 60 94 37,expert_cdd@gmail.com,,PME (10-50),B2B,Google Maps,4.6,Actif,2026-06-29T00:22:54.882911,moyenne
BJ-A2087350,Agence Juridique Bopa,Services aux entreprises,Bopa,+229 33 61 39 90,agence.juridique@agencejuridique.org.bj,agencejuridiquebopa.bj,TPE (<10),B2B,Google Maps,4.7,Actif,2026-06-29T00:22:54.882931,haute
BJ-7E548D65,Portage Cabinet,Services aux entreprises,Bopa,+229 77 46 15 90,p.cabinet@yahoo.fr,portagecabinet.bj,PME (50-200),B2B,Google Maps,4.9,Actif,2026-06-29T00:22:54.882951,haute
BJ-2C2CBCAC,Publicité,Services aux entreprises,Bopa,+229 62 15 88 95,publicité@gmail.com,publicité.bj,PME (50-200),B2B,Google Maps,4.3,Actif,2026-06-29T00:22:54.882969,haute
BJ-576ABE01,Agence Stratégie,Services aux entreprises,Houéyogbé,+229 78 31 87 46,agencestratégie@agencestratégie.org.bj,agencestratégie.bj,PME (10-50),B2B,Google Maps,3.0,Actif,2026-06-29T00:22:54.883013,haute
BJ-02CFE94E,Conseil Image,Services aux entreprises,Houéyogbé,+229 85 31 72 59,,,PME (10-50),B2B,Google Maps,3.9,Actif,2026-06-29T00:22:54.883026,basse
BJ-76F5CD39,Bureau Sécurité Solutions,Services aux entreprises,Houéyogbé,+229 47 71 83 98,bureausécurité@yahoo.com,bureausécuritésolutions.bj,PME (50-200),B2B,Google Maps,4.1,Actif,2026-06-29T00:22:54.883044,haute
BJ-E9596D45,Cabinet Label,Services aux entreprises,Houéyogbé,+229 64 18 40 21,cabinetlabel@yahoo.fr,,PME (50-200),B2B,Google Maps,3.1,Actif,2026-06-29T00:22:54.883061,moyenne
BJ-FE15A6D6,Contrôle Solutions,Services aux entreprises,Houéyogbé,+229 60 75 28 13,contrôlesolutions@outlook.com,contrôlesolutions.bj,PME (10-50),B2B,Google Maps,3.6,Actif,2026-06-29T00:22:54.883078,haute
BJ-F686D008,Consulting Événementiel Solutions,Services aux entreprises,Malanville,+229 49 70 14 33,consulting.événementiel@consultingévéne.com.bj,consultingévénementielsolutions.bj,PME (50-200),B2B,Google Maps,4.5,Actif,2026-06-29T00:22:54.883124,haute
BJ-047C3698,Intérim Malanville,Services aux entreprises,Malanville,+229 26 79 84 47,intérimmalanville@gmail.com,intérimmalanville.bj,PME (10-50),B2B,Google Maps,3.5,Actif,2026-06-29T00:22:54.883149,haute
BJ-1652DF7F,Consulting Chasse,Services aux entreprises,Malanville,+229 28 68 47 91,consultingchasse@consultingchass.org.bj,consultingchasse.bj,TPE (<10),B2B,Google Maps,3.7,Actif,2026-06-29T00:22:54.883168,haute
BJ-A3FB935C,Audit Marque,Services aux entreprises,Kandi,+229 77 76 90 15,audit.marque@yahoo.fr,auditmarque.bj,TPE (<10),B2B,Google Maps,3.3,Actif,2026-06-29T00:22:54.883206,haute
BJ-ED76B55A,Expert Freelance Bureau,Services aux entreprises,Kandi,+229 97 39 69 74,expert.freelance@gmail.com,expertfreelancebureau.bj,TPE (<10),B2B,Google Maps,3.7,Actif,2026-06-29T00:22:54.883224,haute
BJ-874976A8,Cabinet Performance,Services aux entreprises,Kandi,+229 42 21 48 91,cabinet.performance@cabinetperforma.org.bj,cabinetperformance.bj,TPE (<10),B2B,Google Maps,3.5,Actif,2026-06-29T00:22:54.883241,haute
BJ-FB652B4B,Consulting Management Bénin,Services aux entreprises,Kandi,+229 87 10 24 11,c.management@consultingmanag.com.bj,consultingmanagementbénin.bj,Grande (>200),B2B,Google Maps,4.1,Actif,2026-06-29T00:22:54.883260,haute
BJ-E6E3063A,Organisation Partners Kandi,Services aux entreprises,Kandi,+229 80 90 11 19,o.partners@organisationpar.org.bj,organisationpartnerskandi.bj,TPE (<10),B2B,Google Maps,4.6,Actif,2026-06-29T00:22:54.883278,haute
BJ-F0E7A3CC,Consulting Inspection,Services aux entreprises,Banikoara,+229 95 13 18 71,,,TPE (<10),B2B,Google Maps,3.6,Actif,2026-06-29T00:22:54.883298,basse
BJ-2AA2911F,Audit,Services aux entreprises,Banikoara,+229 95 50 73 62,,audit.bj,TPE (<10),B2B,Google Maps,4.0,Actif,2026-06-29T00:22:54.883311,moyenne
BJ-7390B940,Consulting Excellence,Services aux entreprises,Banikoara,+229 49 69 42 87,consulting.excellence@outlook.com,consultingexcellence.bj,PME (50-200),B2B,Google Maps,4.5,Actif,2026-06-29T00:22:54.883331,haute
BJ-CDD53290,Audit Banikoara,Services aux entreprises,Banikoara,+229 42 93 96 56,audit.banikoara@gmail.com,auditbanikoara.bj,PME (10-50),B2B,Google Maps,3.9,Actif,2026-06-29T00:22:54.883369,haute
BJ-52A3F14A,Qualité,Services aux entreprises,Ségbana,+229 66 18 91 21,qualité@qualité.com.bj,qualité.bj,PME (10-50),B2B,Google Maps,3.4,Actif,2026-06-29T00:22:54.883393,haute
BJ-EB62DB74,Surveillance,Services aux entreprises,Ségbana,+229 70 53 85 97,surveillance@surveillance.org.bj,surveillance.bj,TPE (<10),B2B,Google Maps,4.3,Actif,2026-06-29T00:22:54.883410,haute
BJ-D2D60EED,Consulting Salarial,Services aux entreprises,Ségbana,+229 63 57 55 22,consulting_salarial@consultingsalar.org.bj,consultingsalarial.bj,TPE (<10),B2B,Google Maps,3.3,Actif,2026-06-29T00:22:54.883462,haute
BJ-D74D3A51,Norme Karimama,Services aux entreprises,Karimama,+229 28 51 48 27,norme.karimama@normekarimama.org.bj,normekarimama.bj,PME (50-200),B2B,Google Maps,4.3,Actif,2026-06-29T00:22:54.883486,haute
BJ-CDDEC969,Solutions Recrutement,Services aux entreprises,Karimama,+229 41 63 47 58,solutions.recrutement@solutionsrecrut.org.bj,solutionsrecrutement.bj,TPE (<10),B2B,Google Maps,3.3,Actif,2026-06-29T00:22:54.883504,haute
BJ-AE8E44CE,CDD,Services aux entreprises,Karimama,+229 44 71 81 34,cdd@cdd.org.bj,,PME (10-50),B2B,Google Maps,4.3,Actif,2026-06-29T00:22:54.883524,moyenne
BJ-90B17E48,Norme Solutions,Services aux entreprises,Karimama,+229 60 17 76 55,n.solutions@normesolutions.bj,normesolutions.bj,PME (50-200),B2B,Google Maps,4.2,Actif,2026-06-29T00:22:54.883544,haute
BJ-AB2EC102,Consulting Nettoyage Bénin,Services aux entreprises,Karimama,+229 38 89 65 48,consultingnettoyage@consultingnetto.com.bj,consultingnettoyagebénin.bj,TPE (<10),B2B,Google Maps,3.6,Actif,2026-06-29T00:22:54.883564,haute
BJ-85C57395,Solutions Juridique Gogounou,Services aux entreprises,Gogounou,+229 34 36 33 60,s.juridique@solutionsjuridi.bj,,PME (10-50),B2B,Google Maps,3.4,Actif,2026-06-29T00:22:54.883588,moyenne
BJ-E447BD11,Conseil Stratégie Cabinet,Services aux entreprises,Gogounou,+229 93 14 77 48,conseil.stratégie@conseilstratégi.bj,conseilstratégiecabinet.bj,PME (50-200),B2B,Google Maps,3.6,Actif,2026-06-29T00:22:54.883624,haute
BJ-3805BC40,CDI,Services aux entreprises,Gogounou,+229 35 16 42 17,cdi@cdi.bj,cdi.bj,PME (10-50),B2B,Google Maps,4.1,Actif,2026-06-29T00:22:54.883639,haute
BJ-D61DEA7B,Expert Événement Gogounou,Services aux entreprises,Gogounou,+229 43 80 27 80,expert.événement@expertévénement.com.bj,expertévénementgogounou.bj,Grande (>200),B2B,Google Maps,3.5,Actif,2026-06-29T00:22:54.883658,haute
BJ-982D78B3,Salarial Consulting,Services aux entreprises,Cobly,+229 99 70 38 96,salarialconsulting@yahoo.fr,salarialconsulting.bj,Grande (>200),B2B,Google Maps,3.7,Actif,2026-06-29T00:22:54.883686,haute
BJ-AB322DD3,Chasse Bénin,Services aux entreprises,Cobly,+229 46 45 92 52,chasse_bénin@chassebénin.org.bj,chassebénin.bj,PME (10-50),B2B,Google Maps,3.6,Actif,2026-06-29T00:22:54.883708,haute
BJ-38DE2052,Certification,Services aux entreprises,Cobly,+229 85 85 76 44,certification@gmail.com,certification.bj,Grande (>200),B2B,Google Maps,4.6,Actif,2026-06-29T00:22:54.883727,haute
BJ-94DBC1D6,Événementiel,Services aux entreprises,Cobly,+229 90 73 84 70,événementiel@événementiel.org.bj,événementiel.bj,TPE (<10),B2B,Google Maps,3.8,Actif,2026-06-29T00:22:54.883746,haute
BJ-5B294368,CDD Bureau,Services aux entreprises,Cobly,+229 43 52 36 72,cddbureau@outlook.com,cddbureau.bj,TPE (<10),B2B,Google Maps,3.3,Actif,2026-06-29T00:22:54.883765,haute
BJ-C410A56F,Bureau Vérification,Services aux entreprises,Tanguiéta,+229 86 27 11 86,bureau.vérification@gmail.com,bureauvérification.bj,TPE (<10),B2B,Google Maps,3.2,Actif,2026-06-29T00:22:54.883796,haute
BJ-E193EE74,Certification Partners,Services aux entreprises,Tanguiéta,+229 86 63 67 65,certification.partners@outlook.com,certificationpartners.bj,TPE (<10),B2B,Google Maps,3.3,Actif,2026-06-29T00:22:54.883816,haute
BJ-B915AB7D,Cabinet Freelance Bénin Tanguiéta,Services aux entreprises,Tanguiéta,+229 24 62 27 64,cabinet.freelance@yahoo.fr,cabinetfreelancebénintanguiéta.bj,PME (10-50),B2B,Google Maps,3.3,Actif,2026-06-29T00:22:54.883837,haute
BJ-AD293308,Partners Portage Tanguiéta,Services aux entreprises,Tanguiéta,+229 75 47 77 72,p.portage@partnersportage.com.bj,,PME (10-50),B2B,Google Maps,4.9,Actif,2026-06-29T00:22:54.883856,moyenne
BJ-DBCD1AED,Communication Africa,Services aux entreprises,Tanguiéta,+229 51 97 65 55,communicationafrica@communicationaf.org.bj,communicationafrica.bj,TPE (<10),B2B,Google Maps,3.5,Actif,2026-06-29T00:22:54.883874,haute
BJ-08F46753,Freelance Consulting,Services aux entreprises,Matéri,+229 62 97 21 11,freelance_consulting@freelanceconsul.com.bj,freelanceconsulting.bj,PME (50-200),B2B,Google Maps,4.6,Actif,2026-06-29T00:22:54.883915,haute
BJ-3D2962A1,Audit Sécurité Matéri,Services aux entreprises,Matéri,+229 73 77 40 81,audit_sécurité@auditsécuritéma.bj,auditsécuritématéri.bj,PME (10-50),B2B,Google Maps,4.5,Actif,2026-06-29T00:22:54.883938,haute
BJ-893FC7C1,Relations Matéri,Services aux entreprises,Matéri,+229 99 39 32 41,r.matéri@hotmail.com,relationsmatéri.bj,PME (10-50),B2B,Google Maps,4.3,Actif,2026-06-29T00:22:54.883966,haute
BJ-53A14B91,ISO,Services aux entreprises,Matéri,+229 42 50 78 16,iso@gmail.com,,TPE (<10),B2B,Google Maps,3.6,Actif,2026-06-29T00:22:54.883983,moyenne
BJ-9F49C3B0,Conseil Certification,Services aux entreprises,Matéri,+229 29 28 39 92,c.certification@outlook.com,,PME (10-50),B2B,Google Maps,3.4,Actif,2026-06-29T00:22:54.884001,moyenne
BJ-EF689A2C,Conseil Communication Africa,Services aux entreprises,Natitingou,+229 92 29 97 66,conseil_communication@outlook.com,conseilcommunicationafrica.bj,TPE (<10),B2B,Google Maps,3.7,Actif,2026-06-29T00:22:54.884029,haute
BJ-C9C1F055,Certification,Services aux entreprises,Natitingou,+229 83 66 76 32,certification@hotmail.com,,TPE (<10),B2B,Google Maps,3.2,Actif,2026-06-29T00:22:54.884071,moyenne
BJ-B5D34AE3,Agence Marque,Services aux entreprises,Natitingou,+229 97 90 43 50,agencemarque@hotmail.com,,TPE (<10),B2B,Google Maps,3.6,Actif,2026-06-29T00:22:54.884087,moyenne
BJ-7FF7DF19,Conseil Sécurité Solutions,Services aux entreprises,Natitingou,+229 80 25 36 20,conseilsécurité@yahoo.fr,,TPE (<10),B2B,Google Maps,4.6,Actif,2026-06-29T00:22:54.884105,moyenne
BJ-C074B530,Nettoyage,Services aux entreprises,Toucountouna,+229 25 66 39 59,,nettoyage.bj,PME (10-50),B2B,Google Maps,4.9,Actif,2026-06-29T00:22:54.884124,moyenne
BJ-69D3199F,Cabinet Digital Toucountouna,Services aux entreprises,Toucountouna,+229 80 42 33 78,cabinetdigital@cabinetdigitalt.com.bj,cabinetdigitaltoucountouna.bj,TPE (<10),B2B,Google Maps,4.9,Actif,2026-06-29T00:22:54.884163,haute
BJ-4E2075FE,Bureau Innovation Cabinet,Services aux entreprises,Toucountouna,+229 72 18 68 34,,,TPE (<10),B2B,Google Maps,3.6,Actif,2026-06-29T00:22:54.884176,basse
BJ-C2911F7E,Solutions Portage,Services aux entreprises,Toucountouna,+229 68 11 41 45,solutionsportage@solutionsportag.bj,solutionsportage.bj,TPE (<10),B2B,Google Maps,4.8,Actif,2026-06-29T00:22:54.884192,haute
BJ-003232F5,Partners Presse,Services aux entreprises,Boukoumbé,+229 38 93 90 15,p.presse@partnerspresse.bj,,TPE (<10),B2B,Google Maps,3.3,Actif,2026-06-29T00:22:54.884249,moyenne
BJ-8549468D,Fiscal,Services aux entreprises,Boukoumbé,+229 34 58 47 90,fiscal@yahoo.fr,fiscal.bj,PME (10-50),B2B,Google Maps,4.1,Actif,2026-06-29T00:22:54.884264,haute
BJ-016B3BD4,Conseil Marketing,Services aux entreprises,Kouandé,+229 28 46 77 27,conseilmarketing@yahoo.fr,conseilmarketing.bj,Grande (>200),B2B,Google Maps,4.7,Actif,2026-06-29T00:22:54.884301,haute
BJ-7880A450,Salarial,Services aux entreprises,Kouandé,+229 77 16 22 62,,salarial.bj,TPE (<10),B2B,Google Maps,3.1,Actif,2026-06-29T00:22:54.884319,moyenne
BJ-59CFA6C3,Conseil Norme,Services aux entreprises,Kouandé,+229 35 61 32 38,conseilnorme@yahoo.com,,Grande (>200),B2B,Google Maps,4.6,Actif,2026-06-29T00:22:54.884377,moyenne
BJ-66A8313F,Événementiel Advisory,Services aux entreprises,Péhunco,+229 40 91 89 94,événementiel.advisory@hotmail.com,événementieladvisory.bj,Grande (>200),B2B,Google Maps,4.5,Actif,2026-06-29T00:22:54.884423,haute
BJ-E8EC222F,Événement Services,Services aux entreprises,Péhunco,+229 67 18 45 69,événement.services@outlook.com,,TPE (<10),B2B,Google Maps,3.9,Actif,2026-06-29T00:22:54.884441,moyenne
BJ-F156EE70,Conseil Africa,Services aux entreprises,Péhunco,+229 67 31 82 42,c.africa@gmail.com,,PME (10-50),B2B,Google Maps,4.8,Actif,2026-06-29T00:22:54.884457,moyenne
BJ-1D94D239,Consulting Formation Services,Services aux entreprises,Péhunco,+229 76 61 93 30,consulting.formation@outlook.com,consultingformationservices.bj,PME (50-200),B2B,Google Maps,4.3,Actif,2026-06-29T00:22:54.884474,haute
BJ-E33359C3,Juridique International,Services aux entreprises,Tchaourou,+229 95 69 62 24,juridiqueinternational@hotmail.com,juridiqueinternational.bj,PME (50-200),B2B,Google Maps,3.6,Actif,2026-06-29T00:22:54.884497,haute
BJ-AC1B47E7,Solutions Norme International,Services aux entreprises,Tchaourou,+229 68 80 99 77,solutions.norme@solutionsnormei.com.bj,solutionsnormeinternational.bj,PME (10-50),B2B,Google Maps,3.9,Actif,2026-06-29T00:22:54.884515,haute
BJ-1D40DD25,Salarial Consulting,Services aux entreprises,Tchaourou,+229 73 38 92 94,s.consulting@salarialconsult.org.bj,salarialconsulting.bj,TPE (<10),B2B,Google Maps,4.2,Actif,2026-06-29T00:22:54.884535,haute
BJ-978BB082,Publiques Cabinet,Services aux entreprises,Tchaourou,+229 52 11 15 21,publiquescabinet@publiquescabine.org.bj,,TPE (<10),B2B,Google Maps,3.7,Actif,2026-06-29T00:22:54.884553,moyenne
BJ-AC44D54D,Partners Publicité Partners,Services aux entreprises,Tchaourou,+229 97 86 62 96,partners.publicité@gmail.com,partnerspublicitépartners.bj,PME (50-200),B2B,Google Maps,3.9,Actif,2026-06-29T00:22:54.884572,haute
BJ-7785B651,Tête International,Services aux entreprises,Nikki,+229 92 64 78 30,tête.international@yahoo.com,têteinternational.bj,PME (10-50),B2B,Google Maps,3.5,Actif,2026-06-29T00:22:54.884597,haute
BJ-16CA2200,Audit Stratégie Partners,Services aux entreprises,Nikki,+229 97 76 84 75,audit_stratégie@auditstratégiep.bj,auditstratégiepartners.bj,PME (50-200),B2B,Google Maps,3.2,Actif,2026-06-29T00:22:54.884617,haute
BJ-A5479BE4,Ménage,Services aux entreprises,Nikki,+229 67 28 75 66,ménage@yahoo.fr,ménage.bj,TPE (<10),B2B,Google Maps,4.2,Actif,2026-06-29T00:22:54.884633,haute
BJ-6B3F4441,Consulting Management Africa,Services aux entreprises,Nikki,+229 53 13 42 12,consulting_management@gmail.com,consultingmanagementafrica.bj,PME (50-200),B2B,Google Maps,3.8,Actif,2026-06-29T00:22:54.884654,haute
BJ-F9690F76,Cabinet Chasse,Services aux entreprises,Nikki,+229 97 57 49 10,cabinetchasse@yahoo.fr,cabinetchasse.bj,TPE (<10),B2B,Google Maps,3.0,Actif,2026-06-29T00:22:54.884671,haute
BJ-B8FC541F,Solutions Transformation,Services aux entreprises,Bembéréké,+229 40 80 62 79,solutionstransformation@yahoo.com,,PME (50-200),B2B,Google Maps,3.5,Actif,2026-06-29T00:22:54.884694,moyenne
BJ-F6F0E111,Indépendant,Services aux entreprises,Bembéréké,+229 71 82 32 58,indépendant@outlook.com,indépendant.bj,PME (50-200),B2B,Google Maps,4.4,Actif,2026-06-29T00:22:54.884710,haute
BJ-E6035EA6,Portage Advisory,Services aux entreprises,Bembéréké,+229 87 16 14 43,portage.advisory@portageadvisory.com.bj,,TPE (<10),B2B,Google Maps,3.2,Actif,2026-06-29T00:22:54.884731,moyenne
BJ-889B8940,Solutions Communication,Services aux entreprises,Bembéréké,+229 78 22 64 39,s.communication@solutionscommun.bj,solutionscommunication.bj,TPE (<10),B2B,Google Maps,3.8,Actif,2026-06-29T00:22:54.884749,haute
BJ-29A0BB7F,Expert Sécurité,Services aux entreprises,Bembéréké,+229 85 70 18 14,expert.sécurité@expertsécurité.com.bj,expertsécurité.bj,TPE (<10),B2B,Google Maps,3.3,Actif,2026-06-29T00:22:54.884767,haute
BJ-17F12464,Audit Tête,Services aux entreprises,Kalalé,+229 98 39 17 86,audittête@hotmail.com,audittête.bj,TPE (<10),B2B,Google Maps,4.4,Actif,2026-06-29T00:22:54.884797,haute
BJ-201DA2C4,Image Advisory,Services aux entreprises,Kalalé,+229 53 39 56 28,image.advisory@imageadvisory.com.bj,imageadvisory.bj,PME (10-50),B2B,Google Maps,4.7,Actif,2026-06-29T00:22:54.884815,haute
BJ-97168A7B,Transformation Solutions,Services aux entreprises,Kalalé,+229 63 77 73 53,transformation.solutions@transformations.org.bj,transformationsolutions.bj,TPE (<10),B2B,Google Maps,4.3,Actif,2026-06-29T00:22:54.884832,haute
BJ-330CEF8E,Partners Freelance,Services aux entreprises,Kalalé,+229 85 58 69 48,partners.freelance@partnersfreelan.bj,partnersfreelance.bj,PME (50-200),B2B,Google Maps,4.2,Actif,2026-06-29T00:22:54.884848,haute
BJ-42FD8125,Consulting Publiques Consulting,Services aux entreprises,Kalalé,+229 67 73 77 72,consultingpubliques@outlook.com,,TPE (<10),B2B,Google Maps,4.8,Actif,2026-06-29T00:22:54.884864,moyenne
BJ-A890D820,Cabinet Nettoyage Bureau,Services aux entreprises,Ndali,+229 93 45 78 34,cabinet.nettoyage@yahoo.fr,cabinetnettoyagebureau.bj,PME (10-50),B2B,Google Maps,3.4,Actif,2026-06-29T00:22:54.884899,haute
BJ-D2738CE3,Vérification Consulting,Services aux entreprises,Ndali,+229 82 26 34 22,,vérificationconsulting.bj,TPE (<10),B2B,Google Maps,4.2,Actif,2026-06-29T00:22:54.884918,moyenne
BJ-088606C0,Expert Surveillance Bénin Ndali,Services aux entreprises,Ndali,+229 67 77 24 54,e.surveillance@expertsurveilla.com.bj,expertsurveillancebéninndali.bj,TPE (<10),B2B,Google Maps,4.3,Actif,2026-06-29T00:22:54.884946,haute
BJ-A818C8AC,Solutions Recrutement Ndali,Services aux entreprises,Ndali,+229 36 91 15 36,solutions.recrutement@yahoo.fr,,PME (50-200),B2B,Google Maps,3.3,Actif,2026-06-29T00:22:54.884965,moyenne
BJ-5DC9C360,Conseil Nettoyage Consulting,Services aux entreprises,Ndali,+229 40 38 59 30,,conseilnettoyageconsulting.bj,PME (10-50),B2B,Google Maps,3.1,Actif,2026-06-29T00:22:54.884982,moyenne
BJ-5F530E2E,Partners Événementiel,Services aux entreprises,Ségbana,+229 37 51 45 71,partnersévénementiel@partnersévéneme.bj,partnersévénementiel.bj,Grande (>200),B2B,Google Maps,3.1,Actif,2026-06-29T00:22:54.885010,haute
BJ-29F12B11,Partners Audit,Services aux entreprises,Ségbana,+229 25 39 63 38,partnersaudit@partnersaudit.bj,partnersaudit.bj,TPE (<10),B2B,Google Maps,3.1,Actif,2026-06-29T00:22:54.885028,haute
BJ-80CF3B56,Performance Solutions,Services aux entreprises,Ségbana,+229 57 56 54 84,performance_solutions@performancesolu.bj,performancesolutions.bj,PME (50-200),B2B,Google Maps,4.5,Actif,2026-06-29T00:22:54.885046,haute
BJ-93C0D3EF,Partners Stratégie,Services aux entreprises,Ségbana,+229 26 14 72 21,partnersstratégie@partnersstratég.bj,partnersstratégie.bj,PME (10-50),B2B,Google Maps,4.3,Actif,2026-06-29T00:22:54.885064,haute
BJ-CECC6EC6,Portage Cabinet,Services aux entreprises,Ségbana,+229 29 85 58 79,portagecabinet@yahoo.com,portagecabinet.bj,TPE (<10),B2B,Google Maps,3.5,Actif,2026-06-29T00:22:54.885081,haute
BJ-E8961621,Cabinet Image Advisory,Services aux entreprises,Tchaourou,+229 47 76 33 78,cabinet_image@yahoo.fr,cabinetimageadvisory.bj,PME (50-200),B2B,Google Maps,4.2,Actif,2026-06-29T00:22:54.885105,haute
BJ-4C802C59,Digital Services,Services aux entreprises,Tchaourou,+229 36 89 18 17,d.services@digitalservices.org.bj,digitalservices.bj,TPE (<10),B2B,Google Maps,4.4,Actif,2026-06-29T00:22:54.885122,haute
BJ-2C898E62,Certification,Services aux entreprises,Tchaourou,+229 29 88 58 71,certification@certification.com.bj,certification.bj,PME (10-50),B2B,Google Maps,4.3,Actif,2026-06-29T00:22:54.885141,haute
BJ-814D4413,Solutions Label Africa,Services aux entreprises,Tchaourou,+229 55 54 65 68,solutions.label@yahoo.fr,solutionslabelafrica.bj,Grande (>200),B2B,Google Maps,3.4,Actif,2026-06-29T00:22:54.885160,haute
BJ-CA84995C,Entretien,Services aux entreprises,Tchaourou,+229 34 65 72 60,entretien@outlook.com,entretien.bj,TPE (<10),B2B,Google Maps,4.4,Actif,2026-06-29T00:22:54.885175,haute
BJ-3C8B57B8,Innovation,Services aux entreprises,Bétérou,+229 82 34 75 52,innovation@innovation.org.bj,innovation.bj,TPE (<10),B2B,Google Maps,4.4,Actif,2026-06-29T00:22:54.885197,haute
BJ-64822771,CDD Africa Bétérou,Services aux entreprises,Bétérou,+229 89 79 51 62,cdd.africa@cddafricabétéro.bj,cddafricabétérou.bj,PME (10-50),B2B,Google Maps,3.1,Actif,2026-06-29T00:22:54.885217,haute
BJ-76E0FE6D,Partners Image Solutions,Services aux entreprises,Bétérou,+229 28 86 46 19,partners.image@hotmail.com,partnersimagesolutions.bj,PME (10-50),B2B,Google Maps,3.9,Actif,2026-06-29T00:22:54.885239,haute
BJ-0AEDB077,Chasse,Services aux entreprises,Bétérou,+229 82 27 97 28,,chasse.bj,PME (50-200),B2B,Google Maps,3.7,Actif,2026-06-29T00:22:54.885257,moyenne
BJ-03FEEFBF,CDI Africa,Services aux entreprises,Bétérou,+229 25 63 51 47,cdiafrica@yahoo.com,,PME (50-200),B2B,Google Maps,3.4,Actif,2026-06-29T00:22:54.885274,moyenne
BJ-65227E59,Agence Salarial International,Services aux entreprises,Ouessè,+229 75 73 68 58,a.salarial@agencesalariali.bj,agencesalarialinternational.bj,TPE (<10),B2B,Google Maps,3.3,Actif,2026-06-29T00:22:54.885300,haute
BJ-4E2B3592,Bureau Consulting Services,Services aux entreprises,Ouessè,+229 80 84 89 97,b.consulting@bureauconsultin.com.bj,,PME (10-50),B2B,Google Maps,5.0,Actif,2026-06-29T00:22:54.885319,moyenne
BJ-3781A7DA,Conseil CDD,Services aux entreprises,Ouessè,+229 88 20 78 85,,conseilcdd.bj,PME (10-50),B2B,Google Maps,4.5,Actif,2026-06-29T00:22:54.885336,moyenne
BJ-4111DC29,Audit Communication Africa,Services aux entreprises,Ouessè,+229 83 64 36 48,a.communication@yahoo.com,,Grande (>200),B2B,Google Maps,3.5,Actif,2026-06-29T00:22:54.885357,moyenne
BJ-63C3318A,Intérim Ouessè,Services aux entreprises,Ouessè,+229 59 94 67 60,intérim.ouessè@outlook.com,intérimouessè.bj,TPE (<10),B2B,Google Maps,4.0,Actif,2026-06-29T00:22:54.885396,haute
BJ-69955F76,Conseil Conseil Glazoué,Services aux entreprises,Glazoué,+229 39 32 76 15,conseilconseil@conseilconseilg.org.bj,conseilconseilglazoué.bj,PME (10-50),B2B,Google Maps,3.6,Actif,2026-06-29T00:22:54.885442,haute
BJ-65D6F8D9,Cabinet Stratégie,Services aux entreprises,Glazoué,+229 52 93 73 91,c.stratégie@cabinetstratégi.com.bj,cabinetstratégie.bj,PME (10-50),B2B,Google Maps,3.8,Actif,2026-06-29T00:22:54.885488,haute
BJ-76E506C1,Recrutement Cabinet,Services aux entreprises,Glazoué,+229 46 72 22 27,recrutementcabinet@recrutementcabi.com.bj,recrutementcabinet.bj,TPE (<10),B2B,Google Maps,4.4,Actif,2026-06-29T00:22:54.885524,haute
BJ-E9B53866,Bureau Excellence International,Services aux entreprises,Glazoué,+229 54 51 41 59,,bureauexcellenceinternational.bj,TPE (<10),B2B,Google Maps,5.0,Actif,2026-06-29T00:22:54.885563,moyenne
BJ-3AEBF902,Cabinet Freelance Consulting,Services aux entreprises,Glazoué,+229 46 30 66 17,cabinetfreelance@yahoo.fr,cabinetfreelanceconsulting.bj,TPE (<10),B2B,Google Maps,3.3,Actif,2026-06-29T00:22:54.885585,haute
BJ-D5DBECFA,Consulting Publiques,Services aux entreprises,Dassa-Zoumè,+229 47 95 22 67,c.publiques@yahoo.fr,consultingpubliques.bj,TPE (<10),B2B,Google Maps,3.9,Actif,2026-06-29T00:22:54.885612,haute
BJ-7B2DFFA7,Agence Salarial Services,Services aux entreprises,Dassa-Zoumè,+229 54 49 98 80,agence.salarial@yahoo.fr,,PME (50-200),B2B,Google Maps,3.2,Actif,2026-06-29T00:22:54.885629,moyenne
BJ-A1D88886,Intérim,Services aux entreprises,Dassa-Zoumè,+229 31 56 23 52,intérim@intérim.com.bj,intérim.bj,TPE (<10),B2B,Google Maps,4.4,Actif,2026-06-29T00:22:54.885653,haute
BJ-CDFCF93D,Nettoyage Advisory,Services aux entreprises,Dassa-Zoumè,+229 35 62 63 76,nettoyage.advisory@outlook.com,nettoyageadvisory.bj,PME (10-50),B2B,Google Maps,4.3,Actif,2026-06-29T00:22:54.885671,haute
BJ-7A2DA78A,Cabinet RH,Services aux entreprises,Dassa-Zoumè,+229 86 88 50 97,cabinet@cabinetrh.bj,cabinetrh.bj,PME (50-200),B2B,Google Maps,4.9,Actif,2026-06-29T00:22:54.885693,haute
BJ-A573E4D8,Communication Services Savalou,Services aux entreprises,Savalou,+229 21 34 13 64,communicationservices@yahoo.com,,PME (10-50),B2B,Google Maps,4.3,Actif,2026-06-29T00:22:54.885748,moyenne
BJ-C51ECF50,Publiques Cabinet Savalou,Services aux entreprises,Savalou,+229 60 95 63 46,,publiquescabinetsavalou.bj,PME (10-50),B2B,Google Maps,3.3,Actif,2026-06-29T00:22:54.885779,moyenne
BJ-28673874,Entretien,Services aux entreprises,Savalou,+229 49 33 81 11,entretien@entretien.bj,entretien.bj,TPE (<10),B2B,Google Maps,3.8,Actif,2026-06-29T00:22:54.885810,haute
BJ-A5129255,Expert Événement Solutions Savalou,Services aux entreprises,Savalou,+229 36 42 31 99,e.événement@gmail.com,expertévénementsolutionssavalou.bj,TPE (<10),B2B,Google Maps,4.4,Actif,2026-06-29T00:22:54.885854,haute
BJ-99043425,Conseil Salarial Consulting Savalou,Services aux entreprises,Savalou,+229 36 74 59 59,conseil.salarial@yahoo.fr,,TPE (<10),B2B,Google Maps,4.4,Actif,2026-06-29T00:22:54.885907,moyenne
BJ-0D531D78,Chasse,Services aux entreprises,Bantè,+229 76 13 88 74,chasse@chasse.com.bj,chasse.bj,PME (10-50),B2B,Google Maps,4.2,Actif,2026-06-29T00:22:54.885967,haute
BJ-82C3AAE3,Bureau Qualité Advisory Bantè,Services aux entreprises,Bantè,+229 88 25 74 64,,bureauqualitéadvisorybantè.bj,TPE (<10),B2B,Google Maps,4.3,Actif,2026-06-29T00:22:54.886001,moyenne
BJ-F7C77738,Bureau CDD,Services aux entreprises,Bantè,+229 71 19 45 25,bureaucdd@hotmail.com,bureaucdd.bj,TPE (<10),B2B,Google Maps,4.5,Actif,2026-06-29T00:22:54.886043,haute
BJ-25F544A1,Solutions Événementiel,Services aux entreprises,Bantè,+229 90 14 78 71,s.événementiel@yahoo.com,solutionsévénementiel.bj,PME (50-200),B2B,Google Maps,4.5,Actif,2026-06-29T00:22:54.886087,haute
BJ-76AAC809,Organisation Consulting,Services aux entreprises,Bantè,+229 97 64 80 28,organisation_consulting@organisationcon.com.bj,organisationconsulting.bj,TPE (<10),B2B,Google Maps,4.1,Actif,2026-06-29T00:22:54.886125,haute
BJ-5F917CFF,Inspection Advisory,Services aux entreprises,Djougou,+229 21 97 63 11,,inspectionadvisory.bj,TPE (<10),B2B,Google Maps,4.6,Actif,2026-06-29T00:22:54.886165,moyenne
BJ-C35C97A9,Solutions Audit,Services aux entreprises,Djougou,+229 49 79 15 33,solutions.audit@solutionsaudit.bj,solutionsaudit.bj,PME (50-200),B2B,Google Maps,3.0,Actif,2026-06-29T00:22:54.886200,haute
BJ-93637F34,Cabinet Relations,Services aux entreprises,Djougou,+229 25 63 83 58,cabinet_relations@yahoo.fr,cabinetrelations.bj,PME (50-200),B2B,Google Maps,4.5,Actif,2026-06-29T00:22:54.886235,haute
BJ-241ACB66,Presse Partners,Services aux entreprises,Djougou,+229 21 22 43 43,pressepartners@gmail.com,pressepartners.bj,TPE (<10),B2B,Google Maps,4.7,Actif,2026-06-29T00:22:54.886276,haute
BJ-00E2408F,Indépendant Advisory,Services aux entreprises,Djougou,+229 93 61 44 92,,indépendantadvisory.bj,TPE (<10),B2B,Google Maps,3.5,Actif,2026-06-29T00:22:54.886311,moyenne
BJ-4E8DF98C,Solutions Publicité International,Services aux entreprises,Ouèssè,+229 32 30 75 45,solutionspublicité@yahoo.com,,TPE (<10),B2B,Google Maps,3.1,Actif,2026-06-29T00:22:54.886350,moyenne
BJ-20657ED7,Sécurité Consulting,Services aux entreprises,Ouèssè,+229 45 34 13 99,s.consulting@outlook.com,sécuritéconsulting.bj,TPE (<10),B2B,Google Maps,4.8,Actif,2026-06-29T00:22:54.886372,haute
BJ-AEAA2AB2,Salarial,Services aux entreprises,Ouèssè,+229 98 46 38 13,salarial@salarial.com.bj,salarial.bj,PME (10-50),B2B,Google Maps,4.6,Actif,2026-06-29T00:22:54.886395,haute
BJ-5ED7226D,Conseil Cabinet,Services aux entreprises,Ouèssè,+229 68 62 98 26,conseilcabinet@conseilcabinet.bj,conseilcabinet.bj,PME (50-200),B2B,Google Maps,3.7,Actif,2026-06-29T00:22:54.886416,haute
BJ-BC8ABE71,Conseil Partners,Services aux entreprises,Ouèssè,+229 74 44 39 65,conseilpartners@gmail.com,,PME (10-50),B2B,Google Maps,4.8,Actif,2026-06-29T00:22:54.886434,moyenne
BJ-5E998A92,Comptable Partners,Services aux entreprises,Bassila,+229 83 41 81 10,c.partners@outlook.com,comptablepartners.bj,Grande (>200),B2B,Google Maps,3.9,Actif,2026-06-29T00:22:54.886459,haute
BJ-EF4470FD,Audit Protection Consulting,Services aux entreprises,Bassila,+229 29 83 80 91,a.protection@hotmail.com,auditprotectionconsulting.bj,TPE (<10),B2B,Google Maps,4.2,Actif,2026-06-29T00:22:54.886477,haute
BJ-24F75C53,Solutions Chasse International,Services aux entreprises,Bassila,+229 50 20 31 70,solutionschasse@solutionschasse.org.bj,solutionschasseinternational.bj,PME (50-200),B2B,Google Maps,4.7,Actif,2026-06-29T00:22:54.886496,haute
BJ-CFF02E73,Réputation,Services aux entreprises,Bassila,+229 87 44 18 51,réputation@réputation.com.bj,réputation.bj,PME (10-50),B2B,Google Maps,4.3,Actif,2026-06-29T00:22:54.886517,haute
BJ-59B1F11C,Consulting Événement,Services aux entreprises,Bassila,+229 55 27 70 52,consultingévénement@consultingévéne.com.bj,consultingévénement.bj,TPE (<10),B2B,Google Maps,4.9,Actif,2026-06-29T00:22:54.886537,haute
BJ-DB35943F,Expert Inspection Bénin,Services aux entreprises,Pehunco,+229 91 67 44 86,expert_inspection@gmail.com,,PME (10-50),B2B,Google Maps,4.2,Actif,2026-06-29T00:22:54.886563,moyenne
BJ-85470F56,Consulting Label Bureau,Services aux entreprises,Pehunco,+229 83 29 48 18,,,TPE (<10),B2B,Google Maps,3.9,Actif,2026-06-29T00:22:54.886576,basse
BJ-FEEA12D1,Audit Comptable Pehunco,Services aux entreprises,Pehunco,+229 39 77 37 90,a.comptable@auditcomptablep.com.bj,auditcomptablepehunco.bj,Grande (>200),B2B,Google Maps,3.9,Actif,2026-06-29T00:22:54.886613,haute
BJ-EF9D63B2,Consulting Pehunco,Services aux entreprises,Pehunco,+229 45 71 37 39,consultingpehunco@hotmail.com,consultingpehunco.bj,TPE (<10),B2B,Google Maps,4.4,Actif,2026-06-29T00:22:54.886634,haute
BJ-869F55AD,Partners Transformation Bureau,Services aux entreprises,Copargo,+229 27 30 40 64,partners.transformation@partnerstransfo.org.bj,,TPE (<10),B2B,Google Maps,4.3,Actif,2026-06-29T00:22:54.886659,moyenne
BJ-B0D27780,Partners Expert,Services aux entreprises,Copargo,+229 40 88 49 77,p.expert@yahoo.fr,,TPE (<10),B2B,Google Maps,3.5,Actif,2026-06-29T00:22:54.886676,moyenne
BJ-BD522F3C,Juridique Solutions,Services aux entreprises,Copargo,+229 25 85 32 46,juridiquesolutions@juridiquesoluti.bj,juridiquesolutions.bj,PME (10-50),B2B,Google Maps,3.3,Actif,2026-06-29T00:22:54.886693,haute
BJ-8DE5EBB9,Événementiel Copargo,Services aux entreprises,Copargo,+229 83 31 17 34,événementiel.copargo@outlook.com,,TPE (<10),B2B,Google Maps,3.4,Actif,2026-06-29T00:22:54.886713,moyenne
BJ-3647C34F,Bureau Réputation Bureau,Services aux entreprises,Copargo,+229 56 91 49 62,bureau.réputation@bureauréputatio.org.bj,bureauréputationbureau.bj,TPE (<10),B2B,Google Maps,4.6,Actif,2026-06-29T00:22:54.886733,haute
BJ-315F1F11,Nature Microgrid,Énergie & Environnement,Cotonou,+229 33 98 72 49,nature.microgrid@naturemicrogrid.bj,naturemicrogrid.bj,TPE (<10),B2C,Google Maps,4.8,Actif,2026-06-29T00:22:54.886759,haute
BJ-BFF89A36,Bio Recyclage,Énergie & Environnement,Cotonou,+229 66 73 57 14,bio.recyclage@hotmail.com,,TPE (<10),B2C,Google Maps,4.8,Actif,2026-06-29T00:22:54.886775,moyenne
BJ-09A6D194,Nature Photovoltaïque SARL,Énergie & Environnement,Cotonou,+229 34 38 68 82,nature_photovoltaïque@yahoo.fr,naturephotovoltaïquesarl.bj,Grande (>200),B2C,Google Maps,3.2,Actif,2026-06-29T00:22:54.886798,haute
BJ-D8C2D887,Nature Vert Environment,Énergie & Environnement,Cotonou,+229 45 21 67 27,naturevert@gmail.com,,PME (50-200),B2C,Google Maps,3.7,Actif,2026-06-29T00:22:54.886816,moyenne
BJ-2A6F2DE0,Environnement Géothermie,Énergie & Environnement,Cotonou,+229 36 55 29 96,e.géothermie@hotmail.com,environnementgéothermie.bj,PME (10-50),B2B,Google Maps,3.0,Actif,2026-06-29T00:22:54.886835,haute
BJ-5B303B30,Adduction,Énergie & Environnement,Abomey-Calavi,+229 53 53 58 85,adduction@yahoo.com,,TPE (<10),B2B,Google Maps,5.0,Actif,2026-06-29T00:22:54.886858,moyenne
BJ-85C5864B,Vert Assainissement Africa,Énergie & Environnement,Abomey-Calavi,+229 93 31 28 27,v.assainissement@vertassainissem.com.bj,vertassainissementafrica.bj,Grande (>200),B2C,Google Maps,4.4,Actif,2026-06-29T00:22:54.886877,haute
BJ-59BF8B4B,Stockage Abomey-Calavi,Énergie & Environnement,Abomey-Calavi,+229 93 56 45 98,,stockageabomeycalavi.bj,TPE (<10),B2B,Google Maps,4.0,Actif,2026-06-29T00:22:54.886904,moyenne
BJ-7A5818CB,Vert Énergie,Énergie & Environnement,Abomey-Calavi,+229 62 51 15 68,verténergie@hotmail.com,,PME (10-50),B2C,Google Maps,4.9,Actif,2026-06-29T00:22:54.886926,moyenne
BJ-42782081,Clean Stockage,Énergie & Environnement,Abomey-Calavi,+229 70 93 64 34,,cleanstockage.bj,PME (50-200),B2C,Google Maps,3.2,Actif,2026-06-29T00:22:54.886940,moyenne
BJ-1862A133,Traitement,Énergie & Environnement,Porto-Novo,+229 77 10 33 10,traitement@traitement.com.bj,,TPE (<10),B2B,Google Maps,4.2,Actif,2026-06-29T00:22:54.886963,moyenne
BJ-665A1D16,Déchets SARL,Énergie & Environnement,Porto-Novo,+229 51 56 33 43,d.sarl@déchetssarl.bj,déchetssarl.bj,TPE (<10),B2C,Google Maps,4.0,Actif,2026-06-29T00:22:54.886987,haute
BJ-AFCBFC49,Assainissement Water,Énergie & Environnement,Porto-Novo,+229 92 58 79 84,assainissement.water@yahoo.fr,,TPE (<10),B2C,Google Maps,4.4,Actif,2026-06-29T00:22:54.887017,moyenne
BJ-79C34653,Bio Solaire,Énergie & Environnement,Porto-Novo,+229 38 96 56 79,,biosolaire.bj,TPE (<10),B2B,Google Maps,4.3,Actif,2026-06-29T00:22:54.887032,moyenne
BJ-9FFE4037,Nature Incinération SARL,Énergie & Environnement,Porto-Novo,+229 46 37 79 88,n.incinération@natureincinérat.com.bj,natureincinérationsarl.bj,TPE (<10),B2C,Google Maps,4.5,Actif,2026-06-29T00:22:54.887051,haute
BJ-9A29F73E,Compostage Bénin,Énergie & Environnement,Parakou,+229 60 48 28 90,compostagebénin@compostagebénin.bj,compostagebénin.bj,TPE (<10),B2C,Google Maps,3.2,Actif,2026-06-29T00:22:54.887078,haute
BJ-F897F4C0,Phréatique Environment,Énergie & Environnement,Parakou,+229 63 57 95 92,p.environment@phréatiqueenvir.com.bj,,Grande (>200),B2B,Google Maps,4.0,Actif,2026-06-29T00:22:54.887110,moyenne
BJ-FEDBEFC6,Grid Power,Énergie & Environnement,Parakou,+229 60 66 61 26,grid.power@hotmail.com,,TPE (<10),B2B,Google Maps,3.9,Actif,2026-06-29T00:22:54.887127,moyenne
BJ-F783993A,Biogaz Energy,Énergie & Environnement,Parakou,+229 56 19 14 47,b.energy@biogazenergy.bj,biogazenergy.bj,Grande (>200),B2B,Google Maps,4.3,Actif,2026-06-29T00:22:54.887144,haute
BJ-E7C8B740,Eco Géothermie Environment,Énergie & Environnement,Bohicon,+229 27 90 86 74,ecogéothermie@ecogéothermieen.com.bj,ecogéothermieenvironment.bj,PME (10-50),B2C,Google Maps,3.4,Actif,2026-06-29T00:22:54.887170,haute
BJ-081EEE5E,Pompage,Énergie & Environnement,Bohicon,+229 26 46 31 67,pompage@yahoo.com,pompage.bj,PME (50-200),B2B,Google Maps,3.5,Actif,2026-06-29T00:22:54.887186,haute
BJ-ECCC5CE4,Dépollution Bohicon,Énergie & Environnement,Bohicon,+229 34 27 64 90,dépollution.bohicon@hotmail.com,,PME (10-50),B2C,Google Maps,4.3,Actif,2026-06-29T00:22:54.887207,moyenne
BJ-10CFD167,Éolien Onduleur,Énergie & Environnement,Bohicon,+229 91 66 93 80,,,TPE (<10),B2B,Google Maps,4.0,Actif,2026-06-29T00:22:54.887221,basse
BJ-FC7C3DDD,Phréatique Environment Bohicon,Énergie & Environnement,Bohicon,+229 53 46 27 51,phréatiqueenvironment@phréatiqueenvir.com.bj,phréatiqueenvironmentbohicon.bj,PME (10-50),B2B,Google Maps,4.8,Actif,2026-06-29T00:22:54.887244,haute
BJ-83DF1D17,Nature Eau Eco,Énergie & Environnement,Natitingou,+229 33 46 61 75,n.eau@hotmail.com,natureeaueco.bj,PME (10-50),B2C,Google Maps,4.2,Actif,2026-06-29T00:22:54.887269,haute
BJ-3F81204C,Clean Solaire SARL Natitingou,Énergie & Environnement,Natitingou,+229 56 40 74 92,clean.solaire@yahoo.fr,,TPE (<10),B2C,Google Maps,4.7,Actif,2026-06-29T00:22:54.887290,moyenne
BJ-7FE052F7,Solar Panneau Natitingou,Énergie & Environnement,Natitingou,+229 81 72 54 81,s.panneau@solarpanneaunat.org.bj,,TPE (<10),B2B,Google Maps,3.2,Actif,2026-06-29T00:22:54.887308,moyenne
BJ-B040B506,Environnement Filtration Environment,Énergie & Environnement,Natitingou,+229 63 93 75 30,environnementfiltration@outlook.com,environnementfiltrationenvironment.bj,TPE (<10),B2B,Google Maps,3.4,Actif,2026-06-29T00:22:54.887326,haute
BJ-9C432213,Photovoltaïque,Énergie & Environnement,Natitingou,+229 33 74 90 40,photovoltaïque@photovoltaïque.bj,photovoltaïque.bj,TPE (<10),B2B,Google Maps,3.1,Actif,2026-06-29T00:22:54.887342,haute
BJ-D7C4E3BB,Clean Onduleur,Énergie & Environnement,Lokossa,+229 73 97 80 20,c.onduleur@gmail.com,cleanonduleur.bj,Grande (>200),B2B,Google Maps,4.6,Actif,2026-06-29T00:22:54.887366,haute
BJ-4C2693CB,Power Batterie Green,Énergie & Environnement,Lokossa,+229 61 44 18 72,,powerbatteriegreen.bj,PME (10-50),B2C,Google Maps,4.6,Actif,2026-06-29T00:22:54.887380,moyenne
BJ-9EDC3318,Environnement Nappe Bénin Lokossa,Énergie & Environnement,Lokossa,+229 80 57 29 49,environnementnappe@yahoo.com,environnementnappebéninlokossa.bj,PME (50-200),B2B,Google Maps,3.2,Actif,2026-06-29T00:22:54.887405,haute
BJ-2597C38B,Eau Clean,Énergie & Environnement,Lokossa,+229 40 62 92 77,e.clean@eauclean.org.bj,eauclean.bj,Grande (>200),B2B,Google Maps,4.3,Actif,2026-06-29T00:22:54.887422,haute
BJ-78DB4FE1,Batterie Water,Énergie & Environnement,Lokossa,+229 97 87 83 72,b.water@yahoo.fr,batteriewater.bj,PME (10-50),B2C,Google Maps,4.2,Actif,2026-06-29T00:22:54.887439,haute
BJ-2F02A801,Power Filtration,Énergie & Environnement,Ouidah,+229 40 22 53 69,power.filtration@hotmail.com,powerfiltration.bj,PME (10-50),B2B,Google Maps,3.7,Actif,2026-06-29T00:22:54.887463,haute
BJ-51775AA3,Nappe Solar,Énergie & Environnement,Ouidah,+229 92 50 93 28,nappe.solar@hotmail.com,nappesolar.bj,TPE (<10),B2B,Google Maps,4.2,Actif,2026-06-29T00:22:54.887495,haute
BJ-A056A8B1,Power Irrigation,Énergie & Environnement,Ouidah,+229 98 28 66 37,powerirrigation@powerirrigation.org.bj,,TPE (<10),B2C,Google Maps,4.0,Actif,2026-06-29T00:22:54.887512,moyenne
BJ-98356EEB,Énergie Déchets Environment,Énergie & Environnement,Ouidah,+229 47 54 61 54,énergie.déchets@yahoo.com,énergiedéchetsenvironment.bj,Grande (>200),B2B,Google Maps,4.2,Actif,2026-06-29T00:22:54.887538,haute
BJ-2D12309A,Bio Traitement Water,Énergie & Environnement,Savalou,+229 67 62 96 62,bio_traitement@biotraitementwa.org.bj,biotraitementwater.bj,TPE (<10),B2C,Google Maps,4.6,Actif,2026-06-29T00:22:54.887566,haute
BJ-348C45DE,Éolien Potable,Énergie & Environnement,Savalou,+229 33 71 59 41,é.potable@éolienpotable.com.bj,,PME (50-200),B2C,Google Maps,3.2,Actif,2026-06-29T00:22:54.887586,moyenne
BJ-B9654778,Batterie,Énergie & Environnement,Savalou,+229 69 47 96 46,batterie@batterie.bj,batterie.bj,TPE (<10),B2B,Google Maps,3.8,Actif,2026-06-29T00:22:54.887604,haute
BJ-68E7F214,Puits,Énergie & Environnement,Savalou,+229 27 94 77 32,puits@puits.bj,puits.bj,PME (10-50),B2C,Google Maps,3.5,Actif,2026-06-29T00:22:54.887620,haute
BJ-BCAC974E,Énergie Distribution SARL,Énergie & Environnement,Savalou,+229 33 31 35 30,é.distribution@énergiedistribu.org.bj,énergiedistributionsarl.bj,PME (10-50),B2B,Google Maps,4.0,Actif,2026-06-29T00:22:54.887651,haute
BJ-37325B01,Réseau Power,Énergie & Environnement,Dassa-Zoumè,+229 43 57 80 60,réseau.power@réseaupower.bj,réseaupower.bj,PME (10-50),B2C,Google Maps,3.4,Actif,2026-06-29T00:22:54.887689,haute
BJ-41FB2AB2,Eco Valorisation Water,Énergie & Environnement,Dassa-Zoumè,+229 62 13 32 40,ecovalorisation@gmail.com,ecovalorisationwater.bj,PME (10-50),B2C,Google Maps,4.2,Actif,2026-06-29T00:22:54.887708,haute
BJ-4B686DFA,Hydraulique Water,Énergie & Environnement,Dassa-Zoumè,+229 86 72 77 68,h.water@hydrauliquewate.com.bj,hydrauliquewater.bj,PME (10-50),B2B,Google Maps,4.5,Actif,2026-06-29T00:22:54.887726,haute
BJ-2D68E809,Clean Valorisation Bénin,Énergie & Environnement,Dassa-Zoumè,+229 28 72 77 84,clean_valorisation@hotmail.com,,TPE (<10),B2B,Google Maps,4.6,Actif,2026-06-29T00:22:54.887744,moyenne
BJ-01F95C61,Vert Nappe Bénin,Énergie & Environnement,Dassa-Zoumè,+229 99 86 42 82,vert_nappe@vertnappebénin.com.bj,vertnappebénin.bj,TPE (<10),B2C,Google Maps,3.5,Actif,2026-06-29T00:22:54.887762,haute
BJ-900AB82B,Traitement Kétou,Énergie & Environnement,Kétou,+229 96 31 94 64,t.kétou@traitementkétou.bj,,PME (50-200),B2B,Google Maps,4.4,Actif,2026-06-29T00:22:54.887813,moyenne
BJ-5C8547D2,Nature Eau Environment Kétou,Énergie & Environnement,Kétou,+229 71 37 83 69,n.eau@hotmail.com,natureeauenvironmentkétou.bj,TPE (<10),B2B,Google Maps,5.0,Actif,2026-06-29T00:22:54.887849,haute
BJ-8B0DA421,Eco Pompage,Énergie & Environnement,Kétou,+229 94 45 85 71,eco_pompage@yahoo.com,,TPE (<10),B2C,Google Maps,4.0,Actif,2026-06-29T00:22:54.887866,moyenne
BJ-21B805C9,Clean Environnement,Énergie & Environnement,Kétou,+229 99 85 65 73,c.environnement@cleanenvironnem.com.bj,cleanenvironnement.bj,PME (10-50),B2C,Google Maps,3.8,Actif,2026-06-29T00:22:54.887883,haute
BJ-D0DEF269,Pompage Africa,Énergie & Environnement,Covè,+229 29 40 91 79,pompage.africa@pompageafrica.bj,pompageafrica.bj,Grande (>200),B2B,Google Maps,3.9,Actif,2026-06-29T00:22:54.887923,haute
BJ-CB394698,Environnement Biogaz Solar,Énergie & Environnement,Covè,+229 53 66 38 57,environnement_biogaz@gmail.com,environnementbiogazsolar.bj,TPE (<10),B2C,Google Maps,3.9,Actif,2026-06-29T00:22:54.887941,haute
BJ-CD008703,Biomasse Environment,Énergie & Environnement,Covè,+229 45 31 36 15,b.environment@biomasseenviron.com.bj,biomasseenvironment.bj,Grande (>200),B2C,Google Maps,3.2,Actif,2026-06-29T00:22:54.887972,haute
BJ-216AB660,Purification Environment,Énergie & Environnement,Covè,+229 95 14 47 83,,purificationenvironment.bj,TPE (<10),B2B,Google Maps,3.1,Actif,2026-06-29T00:22:54.887985,moyenne
BJ-570F4FF9,Éolien Eco Pobè,Énergie & Environnement,Pobè,+229 29 99 49 36,éolien.eco@gmail.com,,TPE (<10),B2B,Google Maps,3.5,Actif,2026-06-29T00:22:54.888009,moyenne
BJ-46991F66,Nature Grid SARL,Énergie & Environnement,Pobè,+229 61 13 92 84,nature_grid@yahoo.com,,PME (50-200),B2C,Google Maps,3.8,Actif,2026-06-29T00:22:54.888045,moyenne
BJ-FFB8F1BC,Clean Grid,Énergie & Environnement,Pobè,+229 21 50 20 34,c.grid@outlook.com,cleangrid.bj,PME (10-50),B2B,Google Maps,4.3,Actif,2026-06-29T00:22:54.888062,haute
BJ-0441C435,Irrigation SARL,Énergie & Environnement,Pobè,+229 92 39 10 99,irrigation.sarl@yahoo.com,irrigationsarl.bj,PME (50-200),B2C,Google Maps,3.1,Actif,2026-06-29T00:22:54.888077,haute
BJ-3374A15F,Environnement Tri,Énergie & Environnement,Sakété,+229 65 78 73 94,environnement.tri@environnementtr.org.bj,environnementtri.bj,PME (10-50),B2C,Google Maps,4.3,Actif,2026-06-29T00:22:54.888107,haute
BJ-F5253803,Énergie Potable,Énergie & Environnement,Sakété,+229 36 26 82 34,é.potable@hotmail.com,énergiepotable.bj,TPE (<10),B2C,Google Maps,3.0,Actif,2026-06-29T00:22:54.888127,haute
BJ-0734C061,Écologie Green,Énergie & Environnement,Sakété,+229 69 41 93 44,écologiegreen@gmail.com,écologiegreen.bj,PME (10-50),B2C,Google Maps,3.0,Actif,2026-06-29T00:22:54.888145,haute
BJ-502AE2B8,Onduleur,Énergie & Environnement,Sakété,+229 88 94 15 12,onduleur@onduleur.com.bj,onduleur.bj,PME (10-50),B2B,Google Maps,3.3,Actif,2026-06-29T00:22:54.888160,haute
BJ-ADDF41AE,Assainissement Environment,Énergie & Environnement,Sakété,+229 94 14 14 93,assainissement.environment@assainissemente.org.bj,assainissementenvironment.bj,TPE (<10),B2B,Google Maps,3.5,Actif,2026-06-29T00:22:54.888176,haute
BJ-9A11FC44,Éolien Traitement Bénin,Énergie & Environnement,Adjara,+229 25 32 34 10,éolientraitement@yahoo.com,éolientraitementbénin.bj,TPE (<10),B2B,Google Maps,4.9,Actif,2026-06-29T00:22:54.888204,haute
BJ-24C76A88,Nature Environnement Power,Énergie & Environnement,Adjara,+229 89 41 27 13,natureenvironnement@natureenvironne.bj,natureenvironnementpower.bj,TPE (<10),B2C,Google Maps,3.0,Actif,2026-06-29T00:22:54.888225,haute
BJ-5FA5D52A,Filtration,Énergie & Environnement,Adjara,+229 68 38 77 37,,filtration.bj,Grande (>200),B2B,Google Maps,3.5,Actif,2026-06-29T00:22:54.888254,moyenne
BJ-105864D8,Purification Adjara,Énergie & Environnement,Adjara,+229 77 39 14 12,purification_adjara@purificationadj.com.bj,purificationadjara.bj,PME (50-200),B2B,Google Maps,4.5,Actif,2026-06-29T00:22:54.888271,haute
BJ-8C93258F,Énergie Assainissement,Énergie & Environnement,Allada,+229 49 60 75 35,é.assainissement@outlook.com,énergieassainissement.bj,PME (50-200),B2B,Google Maps,3.4,Actif,2026-06-29T00:22:54.888295,haute
BJ-B25C98BF,Eco Réseau Environment,Énergie & Environnement,Allada,+229 52 60 44 20,,ecoréseauenvironment.bj,PME (10-50),B2B,Google Maps,3.5,Actif,2026-06-29T00:22:54.888309,moyenne
BJ-144CBDC0,Batterie,Énergie & Environnement,Allada,+229 89 39 60 69,,batterie.bj,Grande (>200),B2C,Google Maps,4.8,Actif,2026-06-29T00:22:54.888322,moyenne
BJ-11BC5D71,Power Écologie Clean Allada,Énergie & Environnement,Allada,+229 41 59 32 77,,powerécologiecleanallada.bj,PME (50-200),B2B,Google Maps,3.7,Actif,2026-06-29T00:22:54.888350,moyenne
BJ-889DA337,Vert Onduleur Aplahoué,Énergie & Environnement,Aplahoué,+229 72 19 75 89,vert.onduleur@vertonduleurapl.org.bj,vertonduleuraplahoué.bj,PME (50-200),B2B,Google Maps,3.4,Actif,2026-06-29T00:22:54.888374,haute
BJ-3FD4516F,Énergie,Énergie & Environnement,Aplahoué,+229 95 89 93 51,,énergie.bj,TPE (<10),B2C,Google Maps,4.5,Actif,2026-06-29T00:22:54.888388,moyenne
BJ-54E74BC4,Phréatique Clean Aplahoué,Énergie & Environnement,Aplahoué,+229 26 88 61 85,,,TPE (<10),B2C,Google Maps,4.3,Actif,2026-06-29T00:22:54.888404,basse
BJ-9F5D1289,Power Tri,Énergie & Environnement,Aplahoué,+229 54 56 80 92,,,PME (50-200),B2C,Google Maps,4.0,Actif,2026-06-29T00:22:54.888417,basse
BJ-651E1D76,Éolien Puits,Énergie & Environnement,Aplahoué,+229 78 46 36 80,é.puits@yahoo.fr,éolienpuits.bj,TPE (<10),B2B,Google Maps,4.0,Actif,2026-06-29T00:22:54.888438,haute
BJ-83F8C171,Nature Photovoltaïque Power,Énergie & Environnement,Dogbo-Tota,+229 96 20 79 79,naturephotovoltaïque@hotmail.com,naturephotovoltaïquepower.bj,Grande (>200),B2B,Google Maps,4.9,Actif,2026-06-29T00:22:54.888480,haute
BJ-2CEB522B,Éolien Filtration Green Dogbo-Tota,Énergie & Environnement,Dogbo-Tota,+229 49 75 46 35,é.filtration@yahoo.fr,,PME (10-50),B2C,Google Maps,4.2,Actif,2026-06-29T00:22:54.888499,moyenne
BJ-28536E86,Power Adduction Bénin Dogbo-Tota,Énergie & Environnement,Dogbo-Tota,+229 83 27 93 45,poweradduction@yahoo.fr,,TPE (<10),B2C,Google Maps,3.0,Actif,2026-06-29T00:22:54.888521,moyenne
BJ-6C07FC6D,Bio Phréatique Green,Énergie & Environnement,Dogbo-Tota,+229 46 55 15 29,bio.phréatique@biophréatiquegr.org.bj,,PME (50-200),B2B,Google Maps,4.1,Actif,2026-06-29T00:22:54.888540,moyenne
BJ-44F364FB,Clean Assainissement Kpomassè,Énergie & Environnement,Kpomassè,+229 64 94 91 44,,cleanassainissementkpomassè.bj,PME (10-50),B2B,Google Maps,4.4,Actif,2026-06-29T00:22:54.888560,moyenne
BJ-BA666ECA,Nature Pompage,Énergie & Environnement,Kpomassè,+229 37 72 51 63,,naturepompage.bj,PME (10-50),B2B,Google Maps,4.1,Actif,2026-06-29T00:22:54.888573,moyenne
BJ-666FC587,Clean,Énergie & Environnement,Kpomassè,+229 67 36 12 88,clean@hotmail.com,,TPE (<10),B2C,Google Maps,3.7,Actif,2026-06-29T00:22:54.888590,moyenne
BJ-6534E849,Incinération Power,Énergie & Environnement,Kpomassè,+229 80 86 24 35,i.power@incinérationpow.org.bj,incinérationpower.bj,TPE (<10),B2B,Google Maps,3.4,Actif,2026-06-29T00:22:54.888610,haute
BJ-11D39CF1,Potable SARL,Énergie & Environnement,Kpomassè,+229 60 24 72 34,potable_sarl@potablesarl.org.bj,potablesarl.bj,PME (10-50),B2C,Google Maps,4.2,Actif,2026-06-29T00:22:54.888627,haute
BJ-A027A709,Valorisation SARL,Énergie & Environnement,Tori-Bossito,+229 66 12 59 98,valorisationsarl@yahoo.fr,,PME (10-50),B2C,Google Maps,3.2,Actif,2026-06-29T00:22:54.888649,moyenne
BJ-BBACFD10,Smart,Énergie & Environnement,Tori-Bossito,+229 88 36 62 15,smart@smart.bj,smart.bj,TPE (<10),B2C,Google Maps,4.6,Actif,2026-06-29T00:22:54.888664,haute
BJ-9E60F4D9,Eco Clean Green,Énergie & Environnement,Tori-Bossito,+229 43 77 28 64,,ecocleangreen.bj,PME (50-200),B2B,Google Maps,3.4,Actif,2026-06-29T00:22:54.888677,moyenne
BJ-9DA11DCE,Géothermie,Énergie & Environnement,Tori-Bossito,+229 79 40 23 69,géothermie@yahoo.fr,,TPE (<10),B2B,Google Maps,3.5,Actif,2026-06-29T00:22:54.888691,moyenne
BJ-FC987879,Panneau Tori-Bossito,Énergie & Environnement,Tori-Bossito,+229 66 93 37 88,panneau.tori@panneautoriboss.com.bj,,TPE (<10),B2B,Google Maps,3.3,Actif,2026-06-29T00:22:54.888708,moyenne
BJ-7B039AE4,Power Energy Grand-Popo,Énergie & Environnement,Grand-Popo,+229 94 96 73 83,powerenergy@gmail.com,powerenergygrandpopo.bj,TPE (<10),B2B,Google Maps,5.0,Actif,2026-06-29T00:22:54.888747,haute
BJ-9435F613,Durable Grand-Popo,Énergie & Environnement,Grand-Popo,+229 98 54 58 17,durable.grand@durablegrandpop.com.bj,durablegrandpopo.bj,Grande (>200),B2C,Google Maps,4.5,Actif,2026-06-29T00:22:54.888768,haute
BJ-A129CFBC,Eco Onduleur,Énergie & Environnement,Grand-Popo,+229 94 45 43 15,ecoonduleur@ecoonduleur.org.bj,ecoonduleur.bj,Grande (>200),B2C,Google Maps,4.7,Actif,2026-06-29T00:22:54.888789,haute
BJ-901BA028,Clean Eau Bénin,Énergie & Environnement,Grand-Popo,+229 22 23 18 36,cleaneau@gmail.com,cleaneaubénin.bj,PME (10-50),B2B,Google Maps,3.2,Actif,2026-06-29T00:22:54.888806,haute
BJ-EF4909FE,Solar Microgrid Clean,Énergie & Environnement,Athiémé,+229 39 75 72 71,s.microgrid@hotmail.com,solarmicrogridclean.bj,TPE (<10),B2B,Google Maps,4.2,Actif,2026-06-29T00:22:54.888830,haute
BJ-E0EA65D0,Environnement Désinfection Environment,Énergie & Environnement,Athiémé,+229 41 37 92 73,,environnementdésinfectionenvironment.bj,Grande (>200),B2B,Google Maps,4.1,Actif,2026-06-29T00:22:54.888845,moyenne
BJ-C285045F,Forage,Énergie & Environnement,Athiémé,+229 77 82 48 11,forage@hotmail.com,forage.bj,TPE (<10),B2C,Google Maps,4.5,Actif,2026-06-29T00:22:54.888859,haute
BJ-6AEC5051,Clean Déchets,Énergie & Environnement,Athiémé,+229 99 49 52 81,,cleandéchets.bj,PME (10-50),B2B,Google Maps,4.7,Actif,2026-06-29T00:22:54.888898,moyenne
BJ-31B2D75D,Phréatique,Énergie & Environnement,Bopa,+229 57 57 62 75,phréatique@phréatique.org.bj,,PME (50-200),B2C,Google Maps,4.4,Actif,2026-06-29T00:22:54.888923,moyenne
BJ-99B75833,Assainissement,Énergie & Environnement,Bopa,+229 28 32 75 89,,assainissement.bj,PME (10-50),B2B,Google Maps,4.8,Actif,2026-06-29T00:22:54.888936,moyenne
BJ-D70E6ACB,Renouvelable Bopa,Énergie & Environnement,Bopa,+229 25 93 10 33,r.bopa@renouvelablebop.bj,renouvelablebopa.bj,Grande (>200),B2B,Google Maps,4.6,Actif,2026-06-29T00:22:54.888974,haute
BJ-1D93516B,Grid SARL,Énergie & Environnement,Bopa,+229 85 52 90 60,gridsarl@gridsarl.bj,gridsarl.bj,TPE (<10),B2B,Google Maps,4.9,Actif,2026-06-29T00:22:54.888991,haute
BJ-027EB697,Nature Dépollution Power,Énergie & Environnement,Houéyogbé,+229 98 18 94 21,naturedépollution@naturedépolluti.org.bj,naturedépollutionpower.bj,TPE (<10),B2C,Google Maps,4.5,Actif,2026-06-29T00:22:54.889020,haute
BJ-09C12BA3,Environnement Potable Energy,Énergie & Environnement,Houéyogbé,+229 67 90 63 63,environnement.potable@yahoo.fr,environnementpotableenergy.bj,TPE (<10),B2C,Google Maps,3.9,Actif,2026-06-29T00:22:54.889037,haute
BJ-65F3BBD7,Éolien Solaire Green,Énergie & Environnement,Houéyogbé,+229 20 86 99 58,éolien.solaire@hotmail.com,,PME (10-50),B2C,Google Maps,4.9,Actif,2026-06-29T00:22:54.889055,moyenne
BJ-AC9273F9,Solar Purification Africa,Énergie & Environnement,Houéyogbé,+229 56 75 20 39,,,PME (50-200),B2B,Google Maps,3.2,Actif,2026-06-29T00:22:54.889070,basse
BJ-14460BA0,Énergie Power,Énergie & Environnement,Houéyogbé,+229 98 91 86 64,é.power@yahoo.com,énergiepower.bj,Grande (>200),B2C,Google Maps,4.6,Actif,2026-06-29T00:22:54.889088,haute
BJ-98BB6982,Clean Solaire,Énergie & Environnement,Malanville,+229 42 24 14 79,,,TPE (<10),B2C,Google Maps,3.3,Actif,2026-06-29T00:22:54.889108,basse
BJ-3FE23207,Déchets Malanville,Énergie & Environnement,Malanville,+229 69 73 40 12,déchets.malanville@outlook.com,déchetsmalanville.bj,PME (50-200),B2C,Google Maps,4.7,Actif,2026-06-29T00:22:54.889126,haute
BJ-738E1B07,Recyclage,Énergie & Environnement,Malanville,+229 28 40 60 95,,recyclage.bj,TPE (<10),B2C,Google Maps,3.4,Actif,2026-06-29T00:22:54.889141,moyenne
BJ-CBB09CD0,Bio Puits Malanville,Énergie & Environnement,Malanville,+229 51 44 75 90,bio.puits@hotmail.com,biopuitsmalanville.bj,TPE (<10),B2C,Google Maps,4.7,Actif,2026-06-29T00:22:54.889170,haute
BJ-08343553,Tri Energy,Énergie & Environnement,Kandi,+229 79 87 50 75,,,TPE (<10),B2C,Google Maps,4.8,Actif,2026-06-29T00:22:54.889188,basse
BJ-83E3FC93,Assainissement Water Kandi,Énergie & Environnement,Kandi,+229 61 11 80 80,assainissement_water@assainissementw.org.bj,assainissementwaterkandi.bj,TPE (<10),B2B,Google Maps,3.5,Actif,2026-06-29T00:22:54.889205,haute
BJ-1F6800DC,Photovoltaïque,Énergie & Environnement,Kandi,+229 33 27 63 33,,,TPE (<10),B2C,Google Maps,3.0,Actif,2026-06-29T00:22:54.889217,basse
BJ-0765DF50,Vert Géothermie,Énergie & Environnement,Kandi,+229 73 57 73 93,vert.géothermie@vertgéothermie.com.bj,vertgéothermie.bj,PME (10-50),B2B,Google Maps,3.3,Actif,2026-06-29T00:22:54.889235,haute
BJ-590AF880,Éolien Offgrid Kandi,Énergie & Environnement,Kandi,+229 82 59 19 47,é.offgrid@yahoo.fr,éolienoffgridkandi.bj,PME (50-200),B2B,Google Maps,4.1,Actif,2026-06-29T00:22:54.889258,haute
BJ-A48AA8A4,Éolien Purification,Énergie & Environnement,Banikoara,+229 85 43 57 78,é.purification@éolienpurificat.org.bj,éolienpurification.bj,TPE (<10),B2B,Google Maps,4.2,Actif,2026-06-29T00:22:54.889283,haute
BJ-D20EC7C4,Purification Banikoara,Énergie & Environnement,Banikoara,+229 48 12 41 43,purification.banikoara@purificationban.bj,purificationbanikoara.bj,PME (10-50),B2B,Google Maps,4.9,Actif,2026-06-29T00:22:54.889300,haute
BJ-B06581ED,Grid Banikoara,Énergie & Environnement,Banikoara,+229 90 98 40 42,g.banikoara@hotmail.com,,PME (50-200),B2C,Google Maps,4.1,Actif,2026-06-29T00:22:54.889318,moyenne
BJ-60F42FD5,Purification Solar,Énergie & Environnement,Banikoara,+229 27 11 77 17,purification_solar@purificationsol.com.bj,,TPE (<10),B2C,Google Maps,5.0,Actif,2026-06-29T00:22:54.889337,moyenne
BJ-8CB71BA9,Vert Environment,Énergie & Environnement,Banikoara,+229 75 51 32 97,vert_environment@vertenvironment.bj,vertenvironment.bj,PME (10-50),B2B,Google Maps,4.9,Actif,2026-06-29T00:22:54.889354,haute
BJ-3D360ADF,Grid,Énergie & Environnement,Ségbana,+229 64 50 72 47,grid@outlook.com,,TPE (<10),B2B,Google Maps,4.3,Actif,2026-06-29T00:22:54.889374,moyenne
BJ-F51919AB,Vert Offgrid,Énergie & Environnement,Ségbana,+229 83 87 74 30,vert.offgrid@vertoffgrid.bj,,PME (50-200),B2B,Google Maps,3.9,Actif,2026-06-29T00:22:54.889390,moyenne
BJ-B4B0B0BD,Vert Géothermie,Énergie & Environnement,Ségbana,+229 96 27 49 73,v.géothermie@hotmail.com,vertgéothermie.bj,TPE (<10),B2C,Google Maps,5.0,Actif,2026-06-29T00:22:54.889412,haute
BJ-8033B584,Bio Eau Ségbana,Énergie & Environnement,Ségbana,+229 55 43 65 14,bioeau@bioeauségbana.bj,bioeauségbana.bj,TPE (<10),B2B,Google Maps,3.9,Actif,2026-06-29T00:22:54.889430,haute
BJ-0D03DFE9,Batterie Energy,Énergie & Environnement,Ségbana,+229 38 85 74 80,batterie.energy@batterieenergy.com.bj,batterieenergy.bj,PME (50-200),B2C,Google Maps,3.6,Actif,2026-06-29T00:22:54.889447,haute
BJ-367C7FC1,Tri Energy,Énergie & Environnement,Karimama,+229 97 92 89 18,,trienergy.bj,Grande (>200),B2B,Google Maps,3.3,Actif,2026-06-29T00:22:54.889466,moyenne
BJ-4834B8A9,Smart,Énergie & Environnement,Karimama,+229 64 39 24 25,smart@yahoo.com,smart.bj,TPE (<10),B2C,Google Maps,4.1,Actif,2026-06-29T00:22:54.889480,haute
BJ-B4443A02,Énergie Batterie Solar,Énergie & Environnement,Karimama,+229 85 83 18 62,,,PME (10-50),B2C,Google Maps,3.2,Actif,2026-06-29T00:22:54.889499,basse
BJ-5144862F,Bio Photovoltaïque,Énergie & Environnement,Karimama,+229 96 54 67 49,bio.photovoltaïque@biophotovoltaïq.com.bj,biophotovoltaïque.bj,PME (10-50),B2B,Google Maps,4.6,Actif,2026-06-29T00:22:54.889522,haute
BJ-AFC7BABE,Phréatique Environment,Énergie & Environnement,Karimama,+229 43 25 75 64,phréatique.environment@hotmail.com,,TPE (<10),B2B,Google Maps,3.6,Actif,2026-06-29T00:22:54.889539,moyenne
BJ-B1007F2A,Eco Hydraulique Green Gogounou,Énergie & Environnement,Gogounou,+229 40 32 93 50,,,TPE (<10),B2B,Google Maps,4.9,Actif,2026-06-29T00:22:54.889558,basse
BJ-36906688,Clean Solaire Green,Énergie & Environnement,Gogounou,+229 51 77 16 98,c.solaire@hotmail.com,cleansolairegreen.bj,TPE (<10),B2C,Google Maps,4.5,Actif,2026-06-29T00:22:54.889574,haute
BJ-1F10416E,Nature Recyclage Green,Énergie & Environnement,Gogounou,+229 36 30 73 81,,naturerecyclagegreen.bj,TPE (<10),B2C,Google Maps,4.8,Actif,2026-06-29T00:22:54.889587,moyenne
BJ-07C98EA2,Puits Water Gogounou,Énergie & Environnement,Gogounou,+229 22 68 46 99,puits.water@puitswatergogou.com.bj,puitswatergogounou.bj,PME (10-50),B2C,Google Maps,3.5,Actif,2026-06-29T00:22:54.889604,haute
BJ-A6E6D2AC,Eau Biogaz Power,Énergie & Environnement,Gogounou,+229 31 12 68 10,e.biogaz@yahoo.com,eaubiogazpower.bj,Grande (>200),B2C,Google Maps,4.6,Actif,2026-06-29T00:22:54.889620,haute
BJ-DBA1FB2D,Vert Clean Energy Cobly,Énergie & Environnement,Cobly,+229 33 53 20 37,,vertcleanenergycobly.bj,TPE (<10),B2C,Google Maps,3.2,Actif,2026-06-29T00:22:54.889639,moyenne
BJ-653FAD07,Bio Traitement Bénin,Énergie & Environnement,Cobly,+229 98 22 20 85,biotraitement@yahoo.fr,biotraitementbénin.bj,TPE (<10),B2B,Google Maps,4.8,Actif,2026-06-29T00:22:54.889662,haute
BJ-5A31092F,Purification,Énergie & Environnement,Cobly,+229 63 68 24 18,purification@outlook.com,purification.bj,PME (10-50),B2B,Google Maps,3.3,Actif,2026-06-29T00:22:54.889677,haute
BJ-119CC5EB,Stockage,Énergie & Environnement,Cobly,+229 67 81 81 51,stockage@stockage.org.bj,,TPE (<10),B2B,Google Maps,3.5,Actif,2026-06-29T00:22:54.889692,moyenne
BJ-76B47DAD,Photovoltaïque SARL,Énergie & Environnement,Cobly,+229 53 52 34 17,,photovoltaïquesarl.bj,TPE (<10),B2C,Google Maps,4.2,Actif,2026-06-29T00:22:54.889709,moyenne
BJ-CFF7810E,Énergie Dépollution Green,Énergie & Environnement,Tanguiéta,+229 74 32 43 97,,énergiedépollutiongreen.bj,TPE (<10),B2C,Google Maps,4.8,Actif,2026-06-29T00:22:54.889729,moyenne
BJ-4B874043,Assainissement Power Tanguiéta,Énergie & Environnement,Tanguiéta,+229 87 61 53 80,,assainissementpowertanguiéta.bj,PME (50-200),B2C,Google Maps,3.8,Actif,2026-06-29T00:22:54.889743,moyenne
BJ-D49860CF,Eco Durable,Énergie & Environnement,Tanguiéta,+229 27 43 28 16,e.durable@yahoo.com,ecodurable.bj,TPE (<10),B2C,Google Maps,4.4,Actif,2026-06-29T00:22:54.889760,haute
BJ-E73471A4,Phréatique,Énergie & Environnement,Tanguiéta,+229 90 72 99 31,,phréatique.bj,PME (10-50),B2C,Google Maps,4.7,Actif,2026-06-29T00:22:54.889772,moyenne
BJ-CEA51B31,Solaire Environment,Énergie & Environnement,Tanguiéta,+229 71 67 20 65,solaireenvironment@solaireenvironm.org.bj,,TPE (<10),B2B,Google Maps,4.2,Actif,2026-06-29T00:22:54.889789,moyenne
BJ-3B185D48,Potable,Énergie & Environnement,Matéri,+229 25 87 10 69,potable@gmail.com,potable.bj,PME (10-50),B2C,Google Maps,3.8,Actif,2026-06-29T00:22:54.889810,haute
BJ-5B5391DD,Environnement Environnement Solar,Énergie & Environnement,Matéri,+229 38 74 73 88,e.environnement@gmail.com,environnementenvironnementsolar.bj,TPE (<10),B2B,Google Maps,4.9,Actif,2026-06-29T00:22:54.889831,haute
BJ-6A47874A,Power Bénin Matéri,Énergie & Environnement,Matéri,+229 74 32 20 67,p.bénin@yahoo.com,powerbéninmatéri.bj,TPE (<10),B2C,Google Maps,4.4,Actif,2026-06-29T00:22:54.889852,haute
BJ-48DBE56C,Éolien Valorisation Water Matéri,Énergie & Environnement,Matéri,+229 58 25 26 21,é.valorisation@éolienvalorisat.com.bj,éolienvalorisationwatermatéri.bj,PME (50-200),B2B,Google Maps,3.7,Actif,2026-06-29T00:22:54.889873,haute
BJ-2FCBC35F,Panneau Solar,Énergie & Environnement,Matéri,+229 21 64 73 50,panneau.solar@panneausolar.com.bj,panneausolar.bj,TPE (<10),B2B,Google Maps,3.2,Actif,2026-06-29T00:22:54.889903,haute
BJ-F6F5848E,Éolien Écologie Eco,Énergie & Environnement,Natitingou,+229 82 35 49 46,éolien.écologie@éolienécologiee.com.bj,éolienécologieeco.bj,PME (50-200),B2B,Google Maps,4.8,Actif,2026-06-29T00:22:54.889935,haute
BJ-5982F26B,Filtration,Énergie & Environnement,Natitingou,+229 84 29 81 66,filtration@filtration.org.bj,,PME (10-50),B2C,Google Maps,3.5,Actif,2026-06-29T00:22:54.889974,moyenne
BJ-CBADE9A2,Clean Offgrid Green,Énergie & Environnement,Natitingou,+229 59 20 12 31,clean.offgrid@cleanoffgridgre.com.bj,cleanoffgridgreen.bj,PME (50-200),B2C,Google Maps,4.6,Actif,2026-06-29T00:22:54.889996,haute
BJ-760D064F,Eco Dépollution Africa,Énergie & Environnement,Natitingou,+229 47 26 20 22,e.dépollution@hotmail.com,ecodépollutionafrica.bj,PME (50-200),B2C,Google Maps,3.7,Actif,2026-06-29T00:22:54.890015,haute
BJ-5A5DEC30,Solar Puits Green Natitingou,Énergie & Environnement,Natitingou,+229 25 92 92 95,solar.puits@yahoo.com,solarpuitsgreennatitingou.bj,PME (10-50),B2C,Google Maps,4.8,Actif,2026-06-29T00:22:54.890033,haute
BJ-83E60101,Assainissement SARL Toucountouna,Énergie & Environnement,Toucountouna,+229 59 57 14 56,a.sarl@assainissements.bj,assainissementsarltoucountouna.bj,PME (10-50),B2B,Google Maps,4.7,Actif,2026-06-29T00:22:54.890058,haute
BJ-978899F7,Géothermie SARL,Énergie & Environnement,Toucountouna,+229 93 88 73 96,géothermiesarl@géothermiesarl.bj,géothermiesarl.bj,PME (10-50),B2C,Google Maps,3.9,Actif,2026-06-29T00:22:54.890093,haute
BJ-5F134DDA,Environnement Stockage Africa,Énergie & Environnement,Toucountouna,+229 32 95 31 60,,environnementstockageafrica.bj,PME (50-200),B2C,Google Maps,4.3,Actif,2026-06-29T00:22:54.890110,moyenne
BJ-C0369C44,Désinfection,Énergie & Environnement,Toucountouna,+229 85 73 56 78,désinfection@désinfection.bj,,PME (10-50),B2B,Google Maps,4.5,Actif,2026-06-29T00:22:54.890139,moyenne
BJ-255A710E,Géothermie SARL,Énergie & Environnement,Boukoumbé,+229 85 40 54 94,géothermie.sarl@gmail.com,géothermiesarl.bj,PME (10-50),B2C,Google Maps,3.5,Actif,2026-06-29T00:22:54.890163,haute
BJ-93823AA5,Éolien Dépollution,Énergie & Environnement,Boukoumbé,+229 26 44 58 68,éolien_dépollution@éoliendépolluti.com.bj,,TPE (<10),B2B,Google Maps,4.2,Actif,2026-06-29T00:22:54.890181,moyenne
BJ-92ED0128,Énergie Microgrid Bénin,Énergie & Environnement,Boukoumbé,+229 64 96 20 86,énergie_microgrid@outlook.com,,PME (50-200),B2C,Google Maps,4.8,Actif,2026-06-29T00:22:54.890202,moyenne
BJ-30950B7A,Biogaz Green,Énergie & Environnement,Boukoumbé,+229 83 97 65 13,biogaz.green@yahoo.com,biogazgreen.bj,TPE (<10),B2B,Google Maps,4.4,Actif,2026-06-29T00:22:54.890219,haute
BJ-FAAF1AE1,Éolien Hydraulique Green,Énergie & Environnement,Boukoumbé,+229 56 99 99 80,éolienhydraulique@yahoo.com,éolienhydrauliquegreen.bj,PME (50-200),B2C,Google Maps,4.3,Actif,2026-06-29T00:22:54.890236,haute
BJ-4FA9F977,Solar Écologie,Énergie & Environnement,Kouandé,+229 32 99 70 93,solar.écologie@solarécologie.com.bj,solarécologie.bj,Grande (>200),B2C,Google Maps,4.8,Actif,2026-06-29T00:22:54.890260,haute
BJ-83FD5A98,Grid Clean,Énergie & Environnement,Kouandé,+229 84 13 57 21,grid.clean@yahoo.com,,TPE (<10),B2C,Google Maps,4.0,Actif,2026-06-29T00:22:54.890279,moyenne
BJ-01C678BA,Grid SARL,Énergie & Environnement,Kouandé,+229 64 41 21 95,,,PME (10-50),B2B,Google Maps,3.4,Actif,2026-06-29T00:22:54.890294,basse
BJ-26143978,Géothermie,Énergie & Environnement,Kouandé,+229 64 59 86 65,,géothermie.bj,PME (10-50),B2C,Google Maps,3.0,Actif,2026-06-29T00:22:54.890307,moyenne
BJ-60B8DDB2,Power Environnement,Énergie & Environnement,Kouandé,+229 87 50 69 60,power.environnement@hotmail.com,powerenvironnement.bj,TPE (<10),B2B,Google Maps,4.9,Actif,2026-06-29T00:22:54.890323,haute
BJ-DF8974E1,Bio Incinération,Énergie & Environnement,Péhunco,+229 83 82 15 79,bioincinération@yahoo.fr,bioincinération.bj,TPE (<10),B2C,Google Maps,4.0,Actif,2026-06-29T00:22:54.890346,haute
BJ-79E30EC6,Éolien Hydraulique Eco,Énergie & Environnement,Péhunco,+229 54 82 22 78,éolien_hydraulique@éolienhydrauliq.bj,,PME (10-50),B2C,Google Maps,3.4,Actif,2026-06-29T00:22:54.890365,moyenne
BJ-CB571042,Solar Énergie Environment,Énergie & Environnement,Péhunco,+229 67 89 65 23,,solarénergieenvironment.bj,TPE (<10),B2C,Google Maps,4.7,Actif,2026-06-29T00:22:54.890378,moyenne
BJ-FC24DB88,Eau Géothermie,Énergie & Environnement,Péhunco,+229 67 44 94 87,eaugéothermie@hotmail.com,eaugéothermie.bj,Grande (>200),B2C,Google Maps,3.9,Actif,2026-06-29T00:22:54.890394,haute
BJ-6CED0488,Solar Hydroélectricité Africa,Énergie & Environnement,Péhunco,+229 24 99 94 18,solarhydroélectricité@yahoo.fr,solarhydroélectricitéafrica.bj,TPE (<10),B2C,Google Maps,3.2,Actif,2026-06-29T00:22:54.890411,haute
BJ-9B46B08E,Puits Africa,Énergie & Environnement,Tchaourou,+229 36 22 75 31,puitsafrica@puitsafrica.bj,,PME (50-200),B2B,Google Maps,4.8,Actif,2026-06-29T00:22:54.890434,moyenne
BJ-796A50B5,Biomasse Water,Énergie & Environnement,Tchaourou,+229 78 56 85 13,biomassewater@outlook.com,biomassewater.bj,TPE (<10),B2C,Google Maps,4.6,Actif,2026-06-29T00:22:54.890450,haute
BJ-2ED3B9B1,Durable,Énergie & Environnement,Tchaourou,+229 56 61 47 25,durable@yahoo.com,durable.bj,PME (50-200),B2C,Google Maps,4.6,Actif,2026-06-29T00:22:54.890468,haute
BJ-7636BB6E,Stockage,Énergie & Environnement,Tchaourou,+229 66 14 67 38,,stockage.bj,PME (10-50),B2B,Google Maps,4.2,Actif,2026-06-29T00:22:54.890481,moyenne
BJ-D8C1249A,Environnement Distribution Clean,Énergie & Environnement,Tchaourou,+229 87 19 73 86,environnementdistribution@yahoo.fr,environnementdistributionclean.bj,PME (10-50),B2C,Google Maps,3.5,Actif,2026-06-29T00:22:54.890498,haute
BJ-527B1D0F,Eau Compostage Environment,Énergie & Environnement,Nikki,+229 79 55 10 64,,eaucompostageenvironment.bj,TPE (<10),B2B,Google Maps,3.3,Actif,2026-06-29T00:22:54.890517,moyenne
BJ-4100E5B9,Géothermie Solar,Énergie & Environnement,Nikki,+229 93 52 62 49,,,TPE (<10),B2B,Google Maps,3.4,Actif,2026-06-29T00:22:54.890529,basse
BJ-2864E6A1,Panneau Power,Énergie & Environnement,Nikki,+229 64 73 45 78,panneaupower@panneaupower.org.bj,panneaupower.bj,PME (50-200),B2B,Google Maps,4.2,Actif,2026-06-29T00:22:54.890548,haute
BJ-E1DB123F,Solar Onduleur Bénin Nikki,Énergie & Environnement,Nikki,+229 45 68 70 27,solar_onduleur@solaronduleurbé.org.bj,,TPE (<10),B2C,Google Maps,4.7,Actif,2026-06-29T00:22:54.890567,moyenne
BJ-CF72C9BA,Solar Photovoltaïque Green,Énergie & Environnement,Nikki,+229 58 58 34 28,solar_photovoltaïque@yahoo.com,,TPE (<10),B2B,Google Maps,3.1,Actif,2026-06-29T00:22:54.890583,moyenne
BJ-D629F7A5,Clean Traitement,Énergie & Environnement,Bembéréké,+229 64 47 40 57,,,TPE (<10),B2B,Google Maps,3.7,Actif,2026-06-29T00:22:54.890601,basse
BJ-2C42B1AA,Puits Bembéréké,Énergie & Environnement,Bembéréké,+229 73 29 84 42,puits.bembéréké@gmail.com,puitsbembéréké.bj,PME (50-200),B2B,Google Maps,4.5,Actif,2026-06-29T00:22:54.890618,haute
BJ-39D85CA0,Nature Batterie Clean,Énergie & Environnement,Bembéréké,+229 81 51 29 37,,,PME (10-50),B2B,Google Maps,4.9,Actif,2026-06-29T00:22:54.890633,basse
BJ-D4C90046,Microgrid,Énergie & Environnement,Bembéréké,+229 43 77 36 65,microgrid@gmail.com,microgrid.bj,TPE (<10),B2C,Google Maps,4.6,Actif,2026-06-29T00:22:54.890647,haute
BJ-FA092463,Eco Dépollution,Énergie & Environnement,Bembéréké,+229 47 46 36 90,ecodépollution@ecodépollution.bj,,PME (10-50),B2B,Google Maps,3.4,Actif,2026-06-29T00:22:54.890668,moyenne
BJ-CFB436F9,Environnement Grid,Énergie & Environnement,Kalalé,+229 23 73 97 14,environnementgrid@environnementgr.bj,environnementgrid.bj,TPE (<10),B2C,Google Maps,4.2,Actif,2026-06-29T00:22:54.890694,haute
BJ-EA460AE2,Déchets Energy,Énergie & Environnement,Kalalé,+229 49 50 27 50,déchetsenergy@déchetsenergy.bj,déchetsenergy.bj,Grande (>200),B2B,Google Maps,4.8,Actif,2026-06-29T00:22:54.890712,haute
BJ-37144746,Désinfection,Énergie & Environnement,Kalalé,+229 24 16 59 41,désinfection@yahoo.com,désinfection.bj,TPE (<10),B2B,Google Maps,4.3,Actif,2026-06-29T00:22:54.890727,haute
BJ-DF4F4FC7,Vert Clean,Énergie & Environnement,Kalalé,+229 49 37 19 36,,vertclean.bj,PME (10-50),B2C,Google Maps,3.9,Actif,2026-06-29T00:22:54.890739,moyenne
BJ-396F7110,Compostage Eco,Énergie & Environnement,Ndali,+229 37 79 18 57,compostageeco@yahoo.fr,compostageeco.bj,PME (50-200),B2C,Google Maps,3.2,Actif,2026-06-29T00:22:54.890776,haute
BJ-647A66D9,Irrigation,Énergie & Environnement,Ndali,+229 84 12 61 33,,,PME (10-50),B2C,Google Maps,3.3,Actif,2026-06-29T00:22:54.890788,basse
BJ-BCD4BF45,Solar Clean,Énergie & Environnement,Ndali,+229 52 68 26 47,,solarclean.bj,Grande (>200),B2C,Google Maps,3.5,Actif,2026-06-29T00:22:54.890803,moyenne
BJ-01B091D2,Biogaz,Énergie & Environnement,Ndali,+229 94 40 72 59,,biogaz.bj,Grande (>200),B2C,Google Maps,4.3,Actif,2026-06-29T00:22:54.890819,moyenne
BJ-67E383A1,Solar Désinfection Energy,Énergie & Environnement,Ndali,+229 86 88 43 53,,solardésinfectionenergy.bj,TPE (<10),B2B,Google Maps,3.9,Actif,2026-06-29T00:22:54.890833,moyenne
BJ-8A77DB92,Eau Agriculture,Énergie & Environnement,Ségbana,+229 65 34 48 21,e.agriculture@eauagriculture.org.bj,eauagriculture.bj,PME (50-200),B2C,Google Maps,3.9,Actif,2026-06-29T00:22:54.890870,haute
BJ-CAD6F372,Valorisation Ségbana,Énergie & Environnement,Ségbana,+229 49 85 99 38,v.ségbana@hotmail.com,valorisationségbana.bj,TPE (<10),B2B,Google Maps,4.3,Actif,2026-06-29T00:22:54.890896,haute
BJ-D1DA32B6,Éolien,Énergie & Environnement,Ségbana,+229 94 82 73 77,éolien@éolien.bj,éolien.bj,TPE (<10),B2C,Google Maps,3.2,Actif,2026-06-29T00:22:54.890970,haute
BJ-2DD75F6D,Offgrid Africa,Énergie & Environnement,Tchaourou,+229 96 68 10 87,offgrid.africa@offgridafrica.bj,offgridafrica.bj,PME (10-50),B2C,Google Maps,3.2,Actif,2026-06-29T00:22:54.890993,haute
BJ-9F8940FF,Recyclage Water Tchaourou,Énergie & Environnement,Tchaourou,+229 99 59 81 30,recyclage.water@recyclagewatert.org.bj,recyclagewatertchaourou.bj,TPE (<10),B2C,Google Maps,3.3,Actif,2026-06-29T00:22:54.891009,haute
BJ-83A6B390,Éolien Offgrid,Énergie & Environnement,Tchaourou,+229 22 74 41 33,éolienoffgrid@éolienoffgrid.org.bj,éolienoffgrid.bj,TPE (<10),B2B,Google Maps,4.0,Actif,2026-06-29T00:22:54.891031,haute
BJ-77F96DA6,Forage,Énergie & Environnement,Tchaourou,+229 39 60 58 91,forage@hotmail.com,,Grande (>200),B2C,Google Maps,3.2,Actif,2026-06-29T00:22:54.891045,moyenne
BJ-112AEAE3,Écologie Water,Énergie & Environnement,Tchaourou,+229 82 45 36 56,écologie.water@écologiewater.bj,écologiewater.bj,TPE (<10),B2C,Google Maps,4.4,Actif,2026-06-29T00:22:54.891063,haute
BJ-7BF24B65,Eau Phréatique,Énergie & Environnement,Bétérou,+229 83 30 94 42,eau.phréatique@eauphréatique.org.bj,eauphréatique.bj,PME (10-50),B2B,Google Maps,3.3,Actif,2026-06-29T00:22:54.891090,haute
BJ-116956BB,Éolien Pompage Bétérou,Énergie & Environnement,Bétérou,+229 51 68 65 95,éolienpompage@éolienpompagebé.bj,éolienpompagebétérou.bj,PME (10-50),B2B,Google Maps,5.0,Actif,2026-06-29T00:22:54.891109,haute
BJ-1557B1EA,Power Puits Bétérou,Énergie & Environnement,Bétérou,+229 45 66 66 27,power.puits@hotmail.com,,Grande (>200),B2C,Google Maps,3.5,Actif,2026-06-29T00:22:54.891125,moyenne
BJ-EC1864D5,Smart Water,Énergie & Environnement,Bétérou,+229 80 40 43 28,smart.water@outlook.com,smartwater.bj,TPE (<10),B2C,Google Maps,3.1,Actif,2026-06-29T00:22:54.891141,haute
BJ-E6030571,Désinfection Water,Énergie & Environnement,Bétérou,+229 95 59 91 42,désinfectionwater@hotmail.com,désinfectionwater.bj,Grande (>200),B2C,Google Maps,4.0,Actif,2026-06-29T00:22:54.891158,haute
BJ-80E41CB2,Nature Irrigation Ouessè,Énergie & Environnement,Ouessè,+229 64 77 22 89,n.irrigation@natureirrigatio.bj,,Grande (>200),B2C,Google Maps,3.8,Actif,2026-06-29T00:22:54.891188,moyenne
BJ-5ABB8940,Bio Distribution Africa,Énergie & Environnement,Ouessè,+229 46 32 68 51,biodistribution@outlook.com,biodistributionafrica.bj,TPE (<10),B2C,Google Maps,3.5,Actif,2026-06-29T00:22:54.891205,haute
BJ-76ACB564,Eco Énergie Solar Ouessè,Énergie & Environnement,Ouessè,+229 56 20 16 42,e.énergie@gmail.com,ecoénergiesolarouessè.bj,TPE (<10),B2B,Google Maps,4.3,Actif,2026-06-29T00:22:54.891226,haute
BJ-98AEC6E7,Énergie Dépollution,Énergie & Environnement,Ouessè,+229 47 38 41 36,énergie.dépollution@outlook.com,énergiedépollution.bj,TPE (<10),B2C,Google Maps,3.5,Actif,2026-06-29T00:22:54.891244,haute
BJ-342842A6,Biomasse,Énergie & Environnement,Ouessè,+229 57 56 82 51,biomasse@yahoo.fr,biomasse.bj,PME (50-200),B2B,Google Maps,3.6,Actif,2026-06-29T00:22:54.891258,haute
BJ-0FFECA8E,Clean Green Glazoué,Énergie & Environnement,Glazoué,+229 53 42 91 84,cleangreen@yahoo.fr,cleangreenglazoué.bj,PME (50-200),B2C,Google Maps,3.2,Actif,2026-06-29T00:22:54.891280,haute
BJ-CC05800B,Pompage,Énergie & Environnement,Glazoué,+229 41 76 53 37,,pompage.bj,PME (10-50),B2C,Google Maps,3.7,Actif,2026-06-29T00:22:54.891292,moyenne
BJ-C265A246,Clean,Énergie & Environnement,Glazoué,+229 29 90 27 79,clean@yahoo.fr,,PME (50-200),B2C,Google Maps,4.4,Actif,2026-06-29T00:22:54.891306,moyenne
BJ-6D322169,Compostage Green,Énergie & Environnement,Glazoué,+229 62 67 81 96,compostagegreen@compostagegreen.com.bj,,PME (10-50),B2B,Google Maps,4.4,Actif,2026-06-29T00:22:54.891322,moyenne
BJ-B2722AD9,Nature Énergie,Énergie & Environnement,Glazoué,+229 21 80 28 73,n.énergie@natureénergie.org.bj,,TPE (<10),B2C,Google Maps,4.5,Actif,2026-06-29T00:22:54.891358,moyenne
BJ-BBA9464E,Eau Stockage Environment,Énergie & Environnement,Dassa-Zoumè,+229 96 88 49 22,eaustockage@gmail.com,eaustockageenvironment.bj,PME (50-200),B2B,Google Maps,4.0,Actif,2026-06-29T00:22:54.891428,haute
BJ-7C61E6B1,Énergie Valorisation Green Dassa-Zoumè,Énergie & Environnement,Dassa-Zoumè,+229 32 59 13 24,énergievalorisation@hotmail.com,,TPE (<10),B2C,Google Maps,3.5,Actif,2026-06-29T00:22:54.891457,moyenne
BJ-986BED42,Désinfection,Énergie & Environnement,Dassa-Zoumè,+229 39 52 77 22,,désinfection.bj,TPE (<10),B2B,Google Maps,3.3,Actif,2026-06-29T00:22:54.891477,moyenne
BJ-5ECDF9AD,Biogaz,Énergie & Environnement,Dassa-Zoumè,+229 22 26 23 43,biogaz@biogaz.bj,biogaz.bj,TPE (<10),B2B,Google Maps,3.1,Actif,2026-06-29T00:22:54.891504,haute
BJ-5EE62952,Onduleur,Énergie & Environnement,Dassa-Zoumè,+229 28 75 75 85,onduleur@onduleur.bj,onduleur.bj,PME (50-200),B2B,Google Maps,3.6,Actif,2026-06-29T00:22:54.891531,haute
BJ-F8032FCC,Vert Désinfection Clean,Énergie & Environnement,Savalou,+229 74 55 38 89,,vertdésinfectionclean.bj,TPE (<10),B2B,Google Maps,4.5,Actif,2026-06-29T00:22:54.891565,moyenne
BJ-872BBDF0,Eco Hydroélectricité Environment,Énergie & Environnement,Savalou,+229 83 29 64 34,ecohydroélectricité@ecohydroélectri.com.bj,ecohydroélectricitéenvironment.bj,PME (10-50),B2B,Google Maps,4.5,Actif,2026-06-29T00:22:54.891607,haute
BJ-B9B80BB5,Biogaz Bénin,Énergie & Environnement,Savalou,+229 65 34 23 61,biogazbénin@biogazbénin.com.bj,,TPE (<10),B2C,Google Maps,3.7,Actif,2026-06-29T00:22:54.891650,moyenne
BJ-36DB181A,Potable,Énergie & Environnement,Savalou,+229 35 11 83 17,potable@potable.org.bj,potable.bj,PME (50-200),B2C,Google Maps,4.7,Actif,2026-06-29T00:22:54.891693,haute
BJ-23112CBC,Valorisation Water,Énergie & Environnement,Savalou,+229 71 22 63 88,valorisationwater@valorisationwat.org.bj,valorisationwater.bj,PME (10-50),B2C,Google Maps,4.3,Actif,2026-06-29T00:22:54.891727,haute
BJ-88CA279A,Clean Forage Bénin Bantè,Énergie & Environnement,Bantè,+229 28 39 76 25,,cleanforagebéninbantè.bj,PME (50-200),B2C,Google Maps,3.7,Actif,2026-06-29T00:22:54.891764,moyenne
BJ-B64C35B8,Power Distribution Environment,Énergie & Environnement,Bantè,+229 66 83 64 94,powerdistribution@powerdistributi.bj,powerdistributionenvironment.bj,PME (10-50),B2B,Google Maps,3.2,Actif,2026-06-29T00:22:54.891799,haute
BJ-A2A7E63A,Batterie Clean,Énergie & Environnement,Bantè,+229 96 75 44 73,b.clean@yahoo.com,batterieclean.bj,PME (50-200),B2B,Google Maps,4.2,Actif,2026-06-29T00:22:54.891837,haute
BJ-3487F4D3,Énergie Panneau Bantè,Énergie & Environnement,Bantè,+229 46 43 15 35,énergiepanneau@yahoo.com,énergiepanneaubantè.bj,PME (10-50),B2B,Google Maps,4.9,Actif,2026-06-29T00:22:54.891876,haute
BJ-54213C32,Eco Désinfection Water,Énergie & Environnement,Bantè,+229 46 52 77 83,eco.désinfection@ecodésinfection.com.bj,ecodésinfectionwater.bj,PME (10-50),B2C,Google Maps,4.0,Actif,2026-06-29T00:22:54.891943,haute
BJ-B0E01620,Vert Onduleur SARL,Énergie & Environnement,Djougou,+229 44 96 26 15,,vertonduleursarl.bj,PME (50-200),B2C,Google Maps,4.6,Actif,2026-06-29T00:22:54.891993,moyenne
BJ-9C7C3FFC,Solar Déchets,Énergie & Environnement,Djougou,+229 61 95 32 31,solar.déchets@hotmail.com,solardéchets.bj,Grande (>200),B2C,Google Maps,3.9,Actif,2026-06-29T00:22:54.892026,haute
BJ-893DDF19,Smart Djougou,Énergie & Environnement,Djougou,+229 97 47 52 95,smartdjougou@smartdjougou.bj,smartdjougou.bj,PME (10-50),B2B,Google Maps,4.6,Actif,2026-06-29T00:22:54.892066,haute
BJ-B7EBEC33,Vert Clean,Énergie & Environnement,Djougou,+229 52 38 26 26,,,Grande (>200),B2B,Google Maps,4.1,Actif,2026-06-29T00:22:54.892102,basse
BJ-A435EF98,Eco Agriculture Environment,Énergie & Environnement,Djougou,+229 95 85 14 46,e.agriculture@ecoagriculturee.bj,ecoagricultureenvironment.bj,PME (50-200),B2B,Google Maps,3.7,Actif,2026-06-29T00:22:54.892141,haute
BJ-CEEA16DC,Agriculture Environment,Énergie & Environnement,Ouèssè,+229 59 52 86 53,a.environment@gmail.com,,TPE (<10),B2C,Google Maps,4.1,Actif,2026-06-29T00:22:54.892193,moyenne
BJ-9A06605B,Vert Écologie,Énergie & Environnement,Ouèssè,+229 58 50 72 76,vert_écologie@yahoo.com,vertécologie.bj,TPE (<10),B2B,Google Maps,3.9,Actif,2026-06-29T00:22:54.892233,haute
BJ-079ADC5F,Vert Hydraulique,Énergie & Environnement,Ouèssè,+229 53 43 37 58,verthydraulique@verthydraulique.bj,,Grande (>200),B2B,Google Maps,4.5,Actif,2026-06-29T00:22:54.892288,moyenne
BJ-6F27C966,Géothermie Ouèssè,Énergie & Environnement,Ouèssè,+229 54 46 19 37,g.ouèssè@hotmail.com,géothermieouèssè.bj,TPE (<10),B2B,Google Maps,4.8,Actif,2026-06-29T00:22:54.892335,haute
BJ-DF0C8172,Forage,Énergie & Environnement,Ouèssè,+229 75 62 90 62,forage@hotmail.com,forage.bj,PME (10-50),B2B,Google Maps,4.1,Actif,2026-06-29T00:22:54.892385,haute
BJ-730CDFE3,Environnement Eau,Énergie & Environnement,Bassila,+229 63 82 36 33,,environnementeau.bj,TPE (<10),B2B,Google Maps,4.1,Actif,2026-06-29T00:22:54.892452,moyenne
BJ-0DCD436A,Eau Agriculture Water,Énergie & Environnement,Bassila,+229 28 11 77 98,eau.agriculture@eauagriculturew.org.bj,eauagriculturewater.bj,PME (10-50),B2C,Google Maps,5.0,Actif,2026-06-29T00:22:54.892496,haute
BJ-150070A3,Recyclage,Énergie & Environnement,Bassila,+229 72 43 34 99,recyclage@hotmail.com,,PME (50-200),B2B,Google Maps,3.4,Actif,2026-06-29T00:22:54.892526,moyenne
BJ-0FA6F3BE,Durable Bassila,Énergie & Environnement,Bassila,+229 73 19 82 50,durable.bassila@durablebassila.com.bj,,TPE (<10),B2B,Google Maps,4.8,Actif,2026-06-29T00:22:54.892546,moyenne
BJ-4DD7123E,Offgrid Eco,Énergie & Environnement,Bassila,+229 74 88 88 71,o.eco@hotmail.com,,PME (50-200),B2C,Google Maps,4.3,Actif,2026-06-29T00:22:54.892565,moyenne
BJ-860B83DE,Énergie Solaire,Énergie & Environnement,Pehunco,+229 70 37 12 56,énergiesolaire@énergiesolaire.com.bj,énergiesolaire.bj,TPE (<10),B2C,Google Maps,3.5,Actif,2026-06-29T00:22:54.892596,haute
BJ-91B06026,Forage,Énergie & Environnement,Pehunco,+229 76 65 47 11,forage@forage.bj,forage.bj,PME (10-50),B2C,Google Maps,3.9,Actif,2026-06-29T00:22:54.892612,haute
BJ-97E479F0,Bio Offgrid Bénin Pehunco,Énergie & Environnement,Pehunco,+229 73 24 83 11,biooffgrid@biooffgridbénin.bj,,PME (10-50),B2C,Google Maps,4.3,Actif,2026-06-29T00:22:54.892645,moyenne
BJ-1045151B,Adduction,Énergie & Environnement,Pehunco,+229 87 85 68 21,,adduction.bj,TPE (<10),B2C,Google Maps,3.6,Actif,2026-06-29T00:22:54.892661,moyenne
BJ-885C2271,Nature Tri Clean,Énergie & Environnement,Pehunco,+229 36 64 57 79,nature.tri@yahoo.fr,,Grande (>200),B2C,Google Maps,3.4,Actif,2026-06-29T00:22:54.892679,moyenne
BJ-2F6C9B30,Power Forage SARL Copargo,Énergie & Environnement,Copargo,+229 54 24 27 72,power.forage@gmail.com,powerforagesarlcopargo.bj,TPE (<10),B2C,Google Maps,3.8,Actif,2026-06-29T00:22:54.892705,haute
BJ-D410211F,Power Onduleur Clean,Énergie & Environnement,Copargo,+229 68 29 94 83,p.onduleur@poweronduleurcl.org.bj,poweronduleurclean.bj,PME (10-50),B2C,Google Maps,4.4,Actif,2026-06-29T00:22:54.892728,haute
BJ-6F31F59C,Éolien Green,Énergie & Environnement,Copargo,+229 38 26 89 87,éolien_green@yahoo.com,,Grande (>200),B2C,Google Maps,4.7,Actif,2026-06-29T00:22:54.892752,moyenne
BJ-C3C039D6,Énergie Assainissement Africa,Énergie & Environnement,Copargo,+229 26 42 89 26,énergie.assainissement@énergieassainis.org.bj,énergieassainissementafrica.bj,TPE (<10),B2B,Google Maps,3.5,Actif,2026-06-29T00:22:54.892791,haute
BJ-8B2B1129,Journal Cinéma,Médias & Communication,Cotonou,+229 46 70 23 67,,journalcinéma.bj,TPE (<10),B2C,Google Maps,4.5,Actif,2026-06-29T00:22:54.892814,moyenne
BJ-7E58F94D,Diffusion Sociaux Bénin,Médias & Communication,Cotonou,+229 41 23 60 76,diffusion_sociaux@yahoo.fr,diffusionsociauxbénin.bj,TPE (<10),B2B,Google Maps,4.9,Actif,2026-06-29T00:22:54.892840,haute
BJ-41FA4D70,Réseaux,Médias & Communication,Cotonou,+229 34 24 85 92,réseaux@hotmail.com,réseaux.bj,TPE (<10),B2B,Google Maps,4.8,Actif,2026-06-29T00:22:54.892905,haute
BJ-DADFCF62,Journal Nouvelles Radio,Médias & Communication,Cotonou,+229 25 91 31 16,j.nouvelles@yahoo.com,journalnouvellesradio.bj,TPE (<10),B2B,Google Maps,3.4,Actif,2026-06-29T00:22:54.892959,haute
BJ-9B42F3B6,Presse Streaming Productions,Médias & Communication,Cotonou,+229 99 38 24 39,presse.streaming@yahoo.fr,pressestreamingproductions.bj,PME (10-50),B2C,Google Maps,3.9,Actif,2026-06-29T00:22:54.893004,haute
BJ-78541F3F,Journal Interview,Médias & Communication,Abomey-Calavi,+229 38 75 27 13,journalinterview@yahoo.fr,,TPE (<10),B2B,Google Maps,3.3,Actif,2026-06-29T00:22:54.893055,moyenne
BJ-EB62FEE4,Radio Vidéo Productions,Médias & Communication,Abomey-Calavi,+229 69 42 19 93,radiovidéo@radiovidéoprodu.org.bj,radiovidéoproductions.bj,PME (10-50),B2C,Google Maps,3.9,Actif,2026-06-29T00:22:54.893097,haute
BJ-AD8E8382,VOD,Médias & Communication,Abomey-Calavi,+229 95 27 43 94,vod@outlook.com,vod.bj,PME (50-200),B2C,Google Maps,3.9,Actif,2026-06-29T00:22:54.893130,haute
BJ-D7144819,Presse Mixage,Médias & Communication,Abomey-Calavi,+229 93 31 52 75,,pressemixage.bj,TPE (<10),B2C,Google Maps,4.2,Actif,2026-06-29T00:22:54.893161,moyenne
BJ-A4886F67,TV Série,Médias & Communication,Abomey-Calavi,+229 54 95 72 97,série@tvsérie.org.bj,tvsérie.bj,TPE (<10),B2B,Google Maps,4.2,Actif,2026-06-29T00:22:54.893197,haute
BJ-B9815A92,Communication Facebook News,Médias & Communication,Porto-Novo,+229 87 62 94 91,,communicationfacebooknews.bj,TPE (<10),B2B,Google Maps,4.1,Actif,2026-06-29T00:22:54.893242,moyenne
BJ-D5BBC1CC,Photo Press Porto-Novo,Médias & Communication,Porto-Novo,+229 43 54 77 49,photopress@photopressporto.org.bj,photopressportonovo.bj,PME (10-50),B2C,Google Maps,3.3,Actif,2026-06-29T00:22:54.893282,haute
BJ-F31C78D4,VOD,Médias & Communication,Porto-Novo,+229 81 38 19 21,,vod.bj,PME (50-200),B2C,Google Maps,4.3,Actif,2026-06-29T00:22:54.893330,moyenne
BJ-3376B4B7,Diffusion Sociaux,Médias & Communication,Porto-Novo,+229 26 35 91 78,diffusionsociaux@diffusionsociau.org.bj,,PME (50-200),B2C,Google Maps,4.0,Actif,2026-06-29T00:22:54.893369,moyenne
BJ-DB461D47,Radio International,Médias & Communication,Porto-Novo,+229 67 17 59 84,,radiointernational.bj,PME (50-200),B2C,Google Maps,3.9,Actif,2026-06-29T00:22:54.893400,moyenne
BJ-65B7B744,Production Documentaire Radio Parakou,Médias & Communication,Parakou,+229 35 22 38 78,p.documentaire@gmail.com,,TPE (<10),B2C,Google Maps,3.4,Actif,2026-06-29T00:22:54.893484,moyenne
BJ-05CCE73B,TV Interview,Médias & Communication,Parakou,+229 91 23 96 66,interview@yahoo.com,tvinterview.bj,Grande (>200),B2B,Google Maps,4.5,Actif,2026-06-29T00:22:54.893518,haute
BJ-4E5D03B3,Influenceur,Médias & Communication,Parakou,+229 32 12 30 34,,influenceur.bj,TPE (<10),B2B,Google Maps,3.3,Actif,2026-06-29T00:22:54.893550,moyenne
BJ-6C2B937C,Studio Photo Parakou,Médias & Communication,Parakou,+229 23 27 64 99,,studiophotoparakou.bj,PME (50-200),B2C,Google Maps,3.7,Actif,2026-06-29T00:22:54.893580,moyenne
BJ-229E9894,Journal Série,Médias & Communication,Bohicon,+229 22 63 22 34,j.série@hotmail.com,journalsérie.bj,Grande (>200),B2B,Google Maps,4.9,Actif,2026-06-29T00:22:54.893666,haute
BJ-CB4CADF1,Journal Blogueur TV Bohicon,Médias & Communication,Bohicon,+229 70 83 82 97,journal_blogueur@journalblogueur.com.bj,journalblogueurtvbohicon.bj,PME (10-50),B2C,Google Maps,3.8,Actif,2026-06-29T00:22:54.893706,haute
BJ-A548944C,VOD,Médias & Communication,Bohicon,+229 49 98 95 43,vod@vod.bj,vod.bj,TPE (<10),B2C,Google Maps,4.8,Actif,2026-06-29T00:22:54.893747,haute
BJ-0B6460AC,Agence Information Bohicon,Médias & Communication,Bohicon,+229 28 53 51 35,agence.information@agenceinformati.com.bj,,Grande (>200),B2B,Google Maps,3.4,Actif,2026-06-29T00:22:54.893784,moyenne
BJ-CDD443EC,Actualité Bénin Bohicon,Médias & Communication,Bohicon,+229 78 75 66 73,actualitébénin@yahoo.com,actualitébéninbohicon.bj,TPE (<10),B2C,Google Maps,3.8,Actif,2026-06-29T00:22:54.893829,haute
BJ-2F51A791,Twitter Natitingou,Médias & Communication,Natitingou,+229 66 68 52 12,,,PME (50-200),B2B,Google Maps,3.8,Actif,2026-06-29T00:22:54.893875,basse
BJ-5F781D83,Presse Journalisme Studios,Médias & Communication,Natitingou,+229 20 73 36 91,pressejournalisme@outlook.com,pressejournalismestudios.bj,PME (10-50),B2C,Google Maps,4.0,Actif,2026-06-29T00:22:54.893969,haute
BJ-8F14ED6F,Production Rédaction Productions Natitingou,Médias & Communication,Natitingou,+229 75 70 22 81,production.rédaction@productionrédac.bj,,Grande (>200),B2B,Google Maps,3.6,Actif,2026-06-29T00:22:54.894019,moyenne
BJ-BE8DACA9,Presse Contenu Africa Natitingou,Médias & Communication,Natitingou,+229 23 27 67 32,,,TPE (<10),B2B,Google Maps,4.6,Actif,2026-06-29T00:22:54.894058,basse
BJ-BF72167C,Studio Réseaux,Médias & Communication,Lokossa,+229 49 79 51 13,studioréseaux@yahoo.fr,studioréseaux.bj,PME (10-50),B2C,Google Maps,3.5,Actif,2026-06-29T00:22:54.894114,haute
BJ-07B719A1,Agence Communication Press,Médias & Communication,Lokossa,+229 65 84 29 76,,agencecommunicationpress.bj,TPE (<10),B2B,Google Maps,4.8,Actif,2026-06-29T00:22:54.894146,moyenne
BJ-5F27E996,Agence Actualité,Médias & Communication,Lokossa,+229 63 62 47 16,,,Grande (>200),B2B,Google Maps,3.2,Actif,2026-06-29T00:22:54.894179,basse
BJ-28827227,Twitter,Médias & Communication,Lokossa,+229 64 30 85 96,twitter@twitter.bj,twitter.bj,TPE (<10),B2C,Google Maps,4.7,Actif,2026-06-29T00:22:54.894211,haute
BJ-9444C5A3,Facebook,Médias & Communication,Ouidah,+229 80 46 85 23,facebook@facebook.org.bj,facebook.bj,PME (50-200),B2B,Google Maps,4.2,Actif,2026-06-29T00:22:54.894292,haute
BJ-DC5CDAFE,Journal Journalisme,Médias & Communication,Ouidah,+229 75 27 17 13,journaljournalisme@journaljournali.com.bj,journaljournalisme.bj,TPE (<10),B2C,Google Maps,4.0,Actif,2026-06-29T00:22:54.894329,haute
BJ-17A0766D,Diffusion Marketing Press,Médias & Communication,Ouidah,+229 64 78 46 57,diffusion_marketing@yahoo.com,diffusionmarketingpress.bj,TPE (<10),B2B,Google Maps,4.8,Actif,2026-06-29T00:22:54.894365,haute
BJ-6ED0ED83,TV Sociaux Communication Ouidah,Médias & Communication,Ouidah,+229 98 52 46 56,sociaux.communication@gmail.com,tvsociauxcommunicationouidah.bj,TPE (<10),B2B,Google Maps,4.8,Actif,2026-06-29T00:22:54.894409,haute
BJ-0AFFB12F,Éditorial,Médias & Communication,Ouidah,+229 47 22 92 92,éditorial@éditorial.com.bj,éditorial.bj,Grande (>200),B2B,Google Maps,4.0,Actif,2026-06-29T00:22:54.894443,haute
BJ-251928B4,Radio News,Médias & Communication,Savalou,+229 86 26 44 89,r.news@outlook.com,,TPE (<10),B2C,Google Maps,4.0,Actif,2026-06-29T00:22:54.894487,moyenne
BJ-44192939,Agence Blogueur Media,Médias & Communication,Savalou,+229 54 46 54 68,agence.blogueur@agenceblogueurm.com.bj,agenceblogueurmedia.bj,Grande (>200),B2C,Google Maps,3.1,Actif,2026-06-29T00:22:54.894524,haute
BJ-6F555E10,Diffusion Information Savalou,Médias & Communication,Savalou,+229 56 62 44 15,diffusion.information@diffusioninform.com.bj,diffusioninformationsavalou.bj,TPE (<10),B2B,Google Maps,4.8,Actif,2026-06-29T00:22:54.894565,haute
BJ-5A5E32B9,Reportage,Médias & Communication,Savalou,+229 89 51 84 77,reportage@yahoo.fr,reportage.bj,PME (10-50),B2B,Google Maps,4.3,Actif,2026-06-29T00:22:54.894596,haute
BJ-47075C12,Presse Networks,Médias & Communication,Savalou,+229 37 91 68 44,pressenetworks@yahoo.fr,pressenetworks.bj,Grande (>200),B2B,Google Maps,3.4,Actif,2026-06-29T00:22:54.894635,haute
BJ-A3AB340A,TV TikTok,Médias & Communication,Dassa-Zoumè,+229 95 49 25 77,tiktok@tvtiktok.org.bj,,PME (10-50),B2B,Google Maps,3.9,Actif,2026-06-29T00:22:54.894677,moyenne
BJ-5807B420,OTT Bénin Dassa-Zoumè,Médias & Communication,Dassa-Zoumè,+229 97 45 15 75,o.bénin@outlook.com,ottbénindassazoumè.bj,PME (10-50),B2C,Google Maps,3.5,Actif,2026-06-29T00:22:54.894714,haute
BJ-C33B02B3,TV Vidéo Dassa-Zoumè,Médias & Communication,Dassa-Zoumè,+229 26 86 87 68,vidéodassa@hotmail.com,tvvidéodassazoumè.bj,TPE (<10),B2C,Google Maps,4.2,Actif,2026-06-29T00:22:54.894778,haute
BJ-8D25E6A8,Reportage News Dassa-Zoumè,Médias & Communication,Dassa-Zoumè,+229 57 47 21 79,reportage.news@reportagenewsda.bj,reportagenewsdassazoumè.bj,TPE (<10),B2B,Google Maps,4.7,Actif,2026-06-29T00:22:54.894833,haute
BJ-B47A6CCC,TV Instagram Communication,Médias & Communication,Kétou,+229 53 59 52 70,instagram_communication@tvinstagramcomm.org.bj,tvinstagramcommunication.bj,TPE (<10),B2B,Google Maps,3.2,Actif,2026-06-29T00:22:54.894888,haute
BJ-E0049376,Enquête Kétou,Médias & Communication,Kétou,+229 85 99 60 48,enquêtekétou@enquêtekétou.com.bj,enquêtekétou.bj,TPE (<10),B2B,Google Maps,3.9,Actif,2026-06-29T00:22:54.894948,haute
BJ-4241EEBC,Rédaction Media,Médias & Communication,Kétou,+229 94 80 80 73,,,TPE (<10),B2C,Google Maps,4.6,Actif,2026-06-29T00:22:54.894985,basse
BJ-603539C0,Sociaux Communication,Médias & Communication,Kétou,+229 90 35 32 81,sociaux.communication@outlook.com,,PME (10-50),B2C,Google Maps,4.9,Actif,2026-06-29T00:22:54.895025,moyenne
BJ-398F831D,Journal Radio TV Kétou,Médias & Communication,Kétou,+229 55 90 93 33,j.radio@journalradiotvk.bj,journalradiotvkétou.bj,TPE (<10),B2C,Google Maps,3.0,Actif,2026-06-29T00:22:54.895064,haute
BJ-8ECA0302,Production Série Bénin Covè,Médias & Communication,Covè,+229 51 53 61 15,p.série@outlook.com,productionsériebénincovè.bj,TPE (<10),B2C,Google Maps,4.4,Actif,2026-06-29T00:22:54.895118,haute
BJ-AE8A84EB,Podcast,Médias & Communication,Covè,+229 95 23 38 15,podcast@podcast.bj,podcast.bj,PME (50-200),B2C,Google Maps,3.7,Actif,2026-06-29T00:22:54.895155,haute
BJ-2F346204,Graphisme News,Médias & Communication,Covè,+229 72 70 12 92,graphisme.news@yahoo.fr,,PME (50-200),B2C,Google Maps,3.8,Actif,2026-06-29T00:22:54.895194,moyenne
BJ-86435785,Diffusion Actualité,Médias & Communication,Covè,+229 68 41 74 72,d.actualité@gmail.com,diffusionactualité.bj,PME (50-200),B2C,Google Maps,3.8,Actif,2026-06-29T00:22:54.895243,haute
BJ-DA5AF0FD,Communication National News,Médias & Communication,Covè,+229 43 66 63 62,,communicationnationalnews.bj,PME (50-200),B2C,Google Maps,4.6,Actif,2026-06-29T00:22:54.895276,moyenne
BJ-7F4D3135,Communication Réalisation Africa,Médias & Communication,Pobè,+229 44 80 42 32,communicationréalisation@communicationré.bj,communicationréalisationafrica.bj,PME (50-200),B2B,Google Maps,5.0,Actif,2026-06-29T00:22:54.895340,haute
BJ-3F26BAF3,Communication National Communication,Médias & Communication,Pobè,+229 85 51 59 61,communicationnational@communicationna.org.bj,,PME (50-200),B2C,Google Maps,4.4,Actif,2026-06-29T00:22:54.895386,moyenne
BJ-F3CCB875,Presse Rédaction Press Pobè,Médias & Communication,Pobè,+229 55 99 18 92,p.rédaction@presserédaction.org.bj,presserédactionpresspobè.bj,PME (50-200),B2C,Google Maps,4.7,Actif,2026-06-29T00:22:54.895471,haute
BJ-A6139F9F,Agence Twitter Press,Médias & Communication,Pobè,+229 59 73 15 76,agence_twitter@agencetwitterpr.com.bj,agencetwitterpress.bj,PME (10-50),B2C,Google Maps,4.5,Actif,2026-06-29T00:22:54.895513,haute
BJ-434E7CEE,Sociaux Africa Sakété,Médias & Communication,Sakété,+229 21 83 40 71,sociauxafrica@hotmail.com,sociauxafricasakété.bj,TPE (<10),B2C,Google Maps,4.7,Actif,2026-06-29T00:22:54.895562,haute
BJ-39965870,Presse Design,Médias & Communication,Sakété,+229 82 60 31 12,p.design@pressedesign.com.bj,pressedesign.bj,PME (10-50),B2C,Google Maps,3.7,Actif,2026-06-29T00:22:54.895599,haute
BJ-806D452C,Diffusion Information News,Médias & Communication,Sakété,+229 52 89 40 22,diffusioninformation@diffusioninform.com.bj,diffusioninformationnews.bj,PME (50-200),B2B,Google Maps,3.4,Actif,2026-06-29T00:22:54.895637,haute
BJ-2FFFED86,Agence SVOD Communication,Médias & Communication,Sakété,+229 28 14 35 77,a.svod@hotmail.com,agencesvodcommunication.bj,TPE (<10),B2B,Google Maps,3.0,Actif,2026-06-29T00:22:54.895673,haute
BJ-D1A0DD39,Journal Social,Médias & Communication,Sakété,+229 96 43 78 30,journal_social@hotmail.com,,TPE (<10),B2C,Google Maps,4.8,Actif,2026-06-29T00:22:54.895708,moyenne
BJ-ED8272E0,Network Communication,Médias & Communication,Adjara,+229 56 35 44 25,,,TPE (<10),B2C,Google Maps,3.4,Actif,2026-06-29T00:22:54.895747,basse
BJ-0748BBD2,Communication National Studios,Médias & Communication,Adjara,+229 88 67 52 93,communicationnational@hotmail.com,communicationnationalstudios.bj,TPE (<10),B2B,Google Maps,4.1,Actif,2026-06-29T00:22:54.895787,haute
BJ-5B2304F5,Communication LinkedIn,Médias & Communication,Adjara,+229 44 87 71 74,c.linkedin@communicationli.org.bj,communicationlinkedin.bj,PME (10-50),B2C,Google Maps,4.3,Actif,2026-06-29T00:22:54.895833,haute
BJ-11B04002,TV Design,Médias & Communication,Adjara,+229 72 44 84 34,,,PME (10-50),B2C,Google Maps,4.0,Actif,2026-06-29T00:22:54.895865,basse
BJ-8A785A52,Radio Interview,Médias & Communication,Adjara,+229 27 47 61 92,,radiointerview.bj,Grande (>200),B2C,Google Maps,3.9,Actif,2026-06-29T00:22:54.895914,moyenne
BJ-B5414195,Social Studios Allada,Médias & Communication,Allada,+229 85 36 46 78,s.studios@socialstudiosal.org.bj,socialstudiosallada.bj,TPE (<10),B2C,Google Maps,4.6,Actif,2026-06-29T00:22:54.895969,haute
BJ-008D71A2,Diffusion Influenceur News,Médias & Communication,Allada,+229 61 15 22 75,,,PME (10-50),B2C,Google Maps,4.0,Actif,2026-06-29T00:22:54.896003,basse
BJ-86FD81C5,Presse Networks Allada,Médias & Communication,Allada,+229 25 41 56 24,pressenetworks@yahoo.fr,pressenetworksallada.bj,TPE (<10),B2B,Google Maps,4.3,Actif,2026-06-29T00:22:54.896050,haute
BJ-F00E9F6B,YouTube Allada,Médias & Communication,Allada,+229 95 17 48 99,youtube_allada@yahoo.com,,TPE (<10),B2B,Google Maps,3.8,Actif,2026-06-29T00:22:54.896086,moyenne
BJ-979E3F87,Digital Radio Allada,Médias & Communication,Allada,+229 72 45 32 85,digital.radio@gmail.com,digitalradioallada.bj,TPE (<10),B2C,Google Maps,5.0,Actif,2026-06-29T00:22:54.896126,haute
BJ-B36BE8C0,Agence Nouvelles,Médias & Communication,Aplahoué,+229 66 53 27 76,agence.nouvelles@hotmail.com,agencenouvelles.bj,PME (10-50),B2C,Google Maps,3.3,Actif,2026-06-29T00:22:54.896185,haute
BJ-5B71D4E8,Presse Networks,Médias & Communication,Aplahoué,+229 55 82 67 78,pressenetworks@yahoo.fr,,TPE (<10),B2B,Google Maps,4.6,Actif,2026-06-29T00:22:54.896223,moyenne
BJ-909BA5E3,Communication TikTok Africa,Médias & Communication,Aplahoué,+229 20 76 88 36,communicationtiktok@communicationti.org.bj,,PME (50-200),B2B,Google Maps,3.7,Actif,2026-06-29T00:22:54.896270,moyenne
BJ-B11C4DDC,YouTube Africa,Médias & Communication,Aplahoué,+229 60 53 84 67,youtube.africa@youtubeafrica.com.bj,youtubeafrica.bj,TPE (<10),B2B,Google Maps,3.3,Actif,2026-06-29T00:22:54.896308,haute
BJ-1C5C39A1,Social Aplahoué,Médias & Communication,Aplahoué,+229 73 95 99 15,social.aplahoué@socialaplahoué.org.bj,socialaplahoué.bj,PME (10-50),B2B,Google Maps,4.7,Actif,2026-06-29T00:22:54.896347,haute
BJ-1A6300A7,Agence SVOD,Médias & Communication,Dogbo-Tota,+229 57 52 90 49,a.svod@yahoo.fr,agencesvod.bj,PME (10-50),B2B,Google Maps,5.0,Actif,2026-06-29T00:22:54.896433,haute
BJ-F93A5629,OTT Networks,Médias & Communication,Dogbo-Tota,+229 51 52 46 55,,ottnetworks.bj,TPE (<10),B2C,Google Maps,3.7,Actif,2026-06-29T00:22:54.896461,moyenne
BJ-9DF8D308,Diffusion Graphisme Dogbo-Tota,Médias & Communication,Dogbo-Tota,+229 34 84 29 31,diffusiongraphisme@gmail.com,diffusiongraphismedogbotota.bj,Grande (>200),B2B,Google Maps,4.7,Actif,2026-06-29T00:22:54.896497,haute
BJ-1D15A3C1,Communication Production,Médias & Communication,Dogbo-Tota,+229 41 57 28 74,c.production@communicationpr.org.bj,communicationproduction.bj,PME (50-200),B2C,Google Maps,3.6,Actif,2026-06-29T00:22:54.896533,haute
BJ-8DF6012A,Radio Réseaux,Médias & Communication,Kpomassè,+229 58 57 63 37,r.réseaux@radioréseaux.org.bj,radioréseaux.bj,TPE (<10),B2B,Google Maps,4.1,Actif,2026-06-29T00:22:54.896581,haute
BJ-042D811D,Agence Nouvelles,Médias & Communication,Kpomassè,+229 88 46 34 88,agencenouvelles@agencenouvelles.bj,agencenouvelles.bj,TPE (<10),B2C,Google Maps,3.9,Actif,2026-06-29T00:22:54.896624,haute
BJ-7D79DB7D,Reportage Radio,Médias & Communication,Kpomassè,+229 96 30 22 33,reportageradio@reportageradio.com.bj,reportageradio.bj,TPE (<10),B2B,Google Maps,3.4,Actif,2026-06-29T00:22:54.896665,haute
BJ-BDB62BA2,National Bénin,Médias & Communication,Kpomassè,+229 28 34 34 89,national_bénin@gmail.com,nationalbénin.bj,TPE (<10),B2C,Google Maps,4.8,Actif,2026-06-29T00:22:54.896703,haute
BJ-4EC44FD5,Diffusion Film Bénin,Médias & Communication,Kpomassè,+229 44 92 39 89,diffusion.film@gmail.com,diffusionfilmbénin.bj,TPE (<10),B2C,Google Maps,3.2,Actif,2026-06-29T00:22:54.896739,haute
BJ-3EA33F56,Marketing,Médias & Communication,Tori-Bossito,+229 73 54 53 46,,marketing.bj,Grande (>200),B2B,Google Maps,3.8,Actif,2026-06-29T00:22:54.896779,moyenne
BJ-C4FC2F3C,Diffusion Liberté,Médias & Communication,Tori-Bossito,+229 96 79 97 50,d.liberté@diffusionlibert.org.bj,,PME (50-200),B2C,Google Maps,4.4,Actif,2026-06-29T00:22:54.896815,moyenne
BJ-76E14E36,Communication VOD Tori-Bossito,Médias & Communication,Tori-Bossito,+229 88 30 72 37,communication.vod@communicationvo.bj,communicationvodtoribossito.bj,Grande (>200),B2B,Google Maps,4.8,Actif,2026-06-29T00:22:54.896852,haute
BJ-FB44AF59,Journalisme,Médias & Communication,Tori-Bossito,+229 46 57 36 99,journalisme@yahoo.fr,,PME (10-50),B2C,Google Maps,3.6,Actif,2026-06-29T00:22:54.896883,moyenne
BJ-655E993F,Journal Documentaire Tori-Bossito,Médias & Communication,Tori-Bossito,+229 59 98 66 70,journal.documentaire@journaldocument.org.bj,journaldocumentairetoribossito.bj,PME (10-50),B2C,Google Maps,4.7,Actif,2026-06-29T00:22:54.896935,haute
BJ-445814DC,Facebook,Médias & Communication,Grand-Popo,+229 49 27 47 10,facebook@facebook.org.bj,,PME (10-50),B2B,Google Maps,3.1,Actif,2026-06-29T00:22:54.896977,moyenne
BJ-05AC9DA3,Production Facebook,Médias & Communication,Grand-Popo,+229 91 52 28 99,,productionfacebook.bj,TPE (<10),B2C,Google Maps,4.8,Actif,2026-06-29T00:22:54.897006,moyenne
BJ-BBDE96A6,Diffusion LinkedIn Networks Grand-Popo,Médias & Communication,Grand-Popo,+229 34 14 60 28,,diffusionlinkedinnetworksgrandpopo.bj,PME (10-50),B2C,Google Maps,4.8,Actif,2026-06-29T00:22:54.897051,moyenne
BJ-931A971D,Média Radio Grand-Popo,Médias & Communication,Grand-Popo,+229 30 92 98 24,média.radio@médiaradiogrand.bj,médiaradiograndpopo.bj,TPE (<10),B2B,Google Maps,4.9,Actif,2026-06-29T00:22:54.897092,haute
BJ-FF1B3ADB,Animation Productions,Médias & Communication,Grand-Popo,+229 53 15 91 49,a.productions@yahoo.fr,animationproductions.bj,TPE (<10),B2B,Google Maps,4.6,Actif,2026-06-29T00:22:54.897127,haute
BJ-02A8A687,Création,Médias & Communication,Athiémé,+229 21 85 88 39,,création.bj,TPE (<10),B2C,Google Maps,4.9,Actif,2026-06-29T00:22:54.897165,moyenne
BJ-D223DA83,TV Blogueur,Médias & Communication,Athiémé,+229 88 37 15 35,blogueur@tvblogueur.bj,tvblogueur.bj,Grande (>200),B2B,Google Maps,4.3,Actif,2026-06-29T00:22:54.897199,haute
BJ-4F7C754E,Radio,Médias & Communication,Athiémé,+229 24 35 28 85,radio@hotmail.com,,PME (50-200),B2B,Google Maps,4.6,Actif,2026-06-29T00:22:54.897229,moyenne
BJ-051251A9,Blogueur Networks,Médias & Communication,Athiémé,+229 73 14 66 36,,blogueurnetworks.bj,PME (10-50),B2B,Google Maps,5.0,Actif,2026-06-29T00:22:54.897294,moyenne
BJ-EA364700,OTT,Médias & Communication,Bopa,+229 27 13 55 89,ott@ott.bj,ott.bj,Grande (>200),B2C,Google Maps,3.5,Actif,2026-06-29T00:22:54.897338,haute
BJ-C504671B,Vidéo Radio,Médias & Communication,Bopa,+229 49 11 99 99,vidéo.radio@vidéoradio.org.bj,vidéoradio.bj,TPE (<10),B2B,Google Maps,3.6,Actif,2026-06-29T00:22:54.897381,haute
BJ-23FD814B,Presse Graphisme,Médias & Communication,Bopa,+229 58 98 73 14,pressegraphisme@hotmail.com,,PME (50-200),B2B,Google Maps,4.6,Actif,2026-06-29T00:22:54.897423,moyenne
BJ-9512E4B3,Film Productions,Médias & Communication,Bopa,+229 84 53 14 30,,filmproductions.bj,PME (50-200),B2B,Google Maps,3.8,Actif,2026-06-29T00:22:54.897456,moyenne
BJ-2A868F78,International TV,Médias & Communication,Bopa,+229 90 73 57 38,,internationaltv.bj,TPE (<10),B2C,Google Maps,3.6,Actif,2026-06-29T00:22:54.897486,moyenne
BJ-7A7EA919,Agence SVOD Press,Médias & Communication,Houéyogbé,+229 25 43 78 12,agencesvod@gmail.com,agencesvodpress.bj,PME (10-50),B2B,Google Maps,4.6,Actif,2026-06-29T00:22:54.897536,haute
BJ-C5C93C1C,Agence Média,Médias & Communication,Houéyogbé,+229 90 67 72 20,,,TPE (<10),B2B,Google Maps,4.5,Actif,2026-06-29T00:22:54.897567,basse
BJ-5A174F55,Reportage Radio,Médias & Communication,Houéyogbé,+229 54 33 39 63,reportage_radio@reportageradio.org.bj,,TPE (<10),B2B,Google Maps,3.4,Actif,2026-06-29T00:22:54.897606,moyenne
BJ-5F700D7B,Sociaux Productions,Médias & Communication,Houéyogbé,+229 85 34 96 73,,sociauxproductions.bj,PME (50-200),B2C,Google Maps,3.4,Actif,2026-06-29T00:22:54.897637,moyenne
BJ-699ED502,Réalisation,Médias & Communication,Houéyogbé,+229 71 68 62 56,réalisation@yahoo.fr,,TPE (<10),B2C,Google Maps,3.6,Actif,2026-06-29T00:22:54.897670,moyenne
BJ-AE0D751F,Agence Digital,Médias & Communication,Malanville,+229 22 67 65 36,agence.digital@yahoo.com,agencedigital.bj,TPE (<10),B2B,Google Maps,4.6,Actif,2026-06-29T00:22:54.897807,haute
BJ-65379E21,Média Média Studios,Médias & Communication,Malanville,+229 61 67 90 37,,médiamédiastudios.bj,PME (10-50),B2C,Google Maps,4.7,Actif,2026-06-29T00:22:54.897842,moyenne
BJ-AADDF02B,Radio Actualité,Médias & Communication,Malanville,+229 82 68 47 67,radio.actualité@outlook.com,,PME (10-50),B2C,Google Maps,3.9,Actif,2026-06-29T00:22:54.897886,moyenne
BJ-73FFDA9B,Journal Vidéo Africa Kandi,Médias & Communication,Kandi,+229 64 90 22 11,,,PME (10-50),B2B,Google Maps,4.6,Actif,2026-06-29T00:22:54.897945,basse
BJ-9437170A,Diffusion Reportage Kandi,Médias & Communication,Kandi,+229 89 55 70 47,diffusion.reportage@diffusionreport.bj,diffusionreportagekandi.bj,TPE (<10),B2C,Google Maps,3.8,Actif,2026-06-29T00:22:54.897986,haute
BJ-7C2028B6,Contenu Radio Kandi,Médias & Communication,Kandi,+229 24 37 31 32,contenu_radio@hotmail.com,contenuradiokandi.bj,TPE (<10),B2B,Google Maps,3.8,Actif,2026-06-29T00:22:54.898025,haute
BJ-5FFC0EB3,Production Network,Médias & Communication,Kandi,+229 42 64 93 42,p.network@yahoo.com,productionnetwork.bj,PME (50-200),B2C,Google Maps,4.2,Actif,2026-06-29T00:22:54.898063,haute
BJ-CB64210F,Interview,Médias & Communication,Kandi,+229 90 45 76 16,interview@outlook.com,interview.bj,TPE (<10),B2B,Google Maps,3.9,Actif,2026-06-29T00:22:54.898097,haute
BJ-64280506,Rédaction,Médias & Communication,Banikoara,+229 98 49 40 91,,,PME (10-50),B2C,Google Maps,3.5,Actif,2026-06-29T00:22:54.898139,basse
BJ-06270103,Digital Radio,Médias & Communication,Banikoara,+229 21 54 88 83,digitalradio@digitalradio.bj,digitalradio.bj,PME (10-50),B2B,Google Maps,3.4,Actif,2026-06-29T00:22:54.898179,haute
BJ-ECA328AC,Communication Création,Médias & Communication,Banikoara,+229 38 78 68 28,communication_création@communicationcr.com.bj,communicationcréation.bj,PME (50-200),B2C,Google Maps,4.8,Actif,2026-06-29T00:22:54.898225,haute
BJ-8B8991FC,Actualité Banikoara,Médias & Communication,Banikoara,+229 34 90 73 39,,actualitébanikoara.bj,PME (50-200),B2C,Google Maps,4.9,Actif,2026-06-29T00:22:54.898258,moyenne
BJ-CDB3BBC7,Studio YouTube Media,Médias & Communication,Banikoara,+229 92 99 39 81,studioyoutube@hotmail.com,studioyoutubemedia.bj,PME (50-200),B2C,Google Maps,3.6,Actif,2026-06-29T00:22:54.898298,haute
BJ-A69E797E,Production Ségbana,Médias & Communication,Ségbana,+229 30 37 35 44,productionségbana@hotmail.com,productionségbana.bj,PME (50-200),B2C,Google Maps,4.4,Actif,2026-06-29T00:22:54.898350,haute
BJ-6FEC7BAF,OTT Networks,Médias & Communication,Ségbana,+229 76 51 34 39,ottnetworks@ottnetworks.com.bj,ottnetworks.bj,PME (50-200),B2C,Google Maps,3.2,Actif,2026-06-29T00:22:54.898392,haute
BJ-67D70104,Vidéo,Médias & Communication,Ségbana,+229 39 65 51 64,vidéo@vidéo.com.bj,,PME (50-200),B2C,Google Maps,4.9,Actif,2026-06-29T00:22:54.898429,moyenne
BJ-0D665653,Agence Actualité,Médias & Communication,Ségbana,+229 20 36 51 41,agenceactualité@agenceactualité.bj,agenceactualité.bj,TPE (<10),B2C,Google Maps,3.9,Actif,2026-06-29T00:22:54.898469,haute
BJ-64D4E785,Sociaux Radio,Médias & Communication,Karimama,+229 31 39 88 98,,sociauxradio.bj,Grande (>200),B2B,Google Maps,3.8,Actif,2026-06-29T00:22:54.898549,moyenne
BJ-1BFAEE6C,Mixage Communication,Médias & Communication,Karimama,+229 22 70 24 95,mixagecommunication@mixagecommunica.com.bj,mixagecommunication.bj,TPE (<10),B2C,Google Maps,4.3,Actif,2026-06-29T00:22:54.898590,haute
BJ-6960C660,Communication Mixage Productions,Médias & Communication,Karimama,+229 42 44 26 13,communication.mixage@yahoo.com,,Grande (>200),B2C,Google Maps,3.5,Actif,2026-06-29T00:22:54.898632,moyenne
BJ-253C2138,TV Actualité Karimama,Médias & Communication,Karimama,+229 37 83 17 53,,tvactualitékarimama.bj,TPE (<10),B2B,Google Maps,4.7,Actif,2026-06-29T00:22:54.898664,moyenne
BJ-5779E336,Média Vidéo,Médias & Communication,Karimama,+229 27 78 17 60,média_vidéo@yahoo.com,médiavidéo.bj,TPE (<10),B2B,Google Maps,3.5,Actif,2026-06-29T00:22:54.898706,haute
BJ-417BD5EB,Interview,Médias & Communication,Gogounou,+229 55 59 26 30,interview@interview.bj,interview.bj,PME (50-200),B2B,Google Maps,4.9,Actif,2026-06-29T00:22:54.898782,haute
BJ-34BD3BFF,YouTube,Médias & Communication,Gogounou,+229 29 32 19 60,youtube@youtube.com.bj,youtube.bj,TPE (<10),B2B,Google Maps,4.3,Actif,2026-06-29T00:22:54.898817,haute
BJ-F689B21C,Influenceur,Médias & Communication,Gogounou,+229 95 54 10 18,,influenceur.bj,TPE (<10),B2B,Google Maps,3.7,Actif,2026-06-29T00:22:54.898849,moyenne
BJ-BFADE68A,Média YouTube Networks,Médias & Communication,Gogounou,+229 22 65 62 46,,,TPE (<10),B2C,Google Maps,3.5,Actif,2026-06-29T00:22:54.898880,basse
BJ-B8B9E38F,Studio Animation,Médias & Communication,Cobly,+229 83 76 14 51,studioanimation@yahoo.fr,studioanimation.bj,PME (50-200),B2C,Google Maps,4.4,Actif,2026-06-29T00:22:54.898946,haute
BJ-2FC2C6E7,Média Networks,Médias & Communication,Cobly,+229 49 86 30 75,,médianetworks.bj,TPE (<10),B2B,Google Maps,4.2,Actif,2026-06-29T00:22:54.899022,moyenne
BJ-C9CC3410,Studio Démocratie TV,Médias & Communication,Cobly,+229 96 78 25 33,studiodémocratie@hotmail.com,,TPE (<10),B2B,Google Maps,5.0,Actif,2026-06-29T00:22:54.899061,moyenne
BJ-C2879701,Publicité Cobly,Médias & Communication,Cobly,+229 79 60 86 69,,publicitécobly.bj,PME (10-50),B2C,Google Maps,3.6,Actif,2026-06-29T00:22:54.899093,moyenne
BJ-1763F78C,Démocratie Tanguiéta,Médias & Communication,Tanguiéta,+229 59 75 16 36,démocratie.tanguiéta@démocratietangu.org.bj,,PME (50-200),B2C,Google Maps,4.4,Actif,2026-06-29T00:22:54.899146,moyenne
BJ-D6F1A3CE,Photo Radio Tanguiéta,Médias & Communication,Tanguiéta,+229 54 58 73 17,photoradio@yahoo.fr,photoradiotanguiéta.bj,TPE (<10),B2C,Google Maps,3.6,Actif,2026-06-29T00:22:54.899192,haute
BJ-9D9D0AA3,Radio Podcast Productions,Médias & Communication,Tanguiéta,+229 44 90 60 56,radio.podcast@radiopodcastpro.org.bj,,PME (50-200),B2C,Google Maps,4.1,Actif,2026-06-29T00:22:54.899232,moyenne
BJ-0532BE4C,Cinéma Networks Tanguiéta,Médias & Communication,Tanguiéta,+229 89 72 72 39,cinéma_networks@cinémanetworkst.com.bj,cinémanetworkstanguiéta.bj,TPE (<10),B2C,Google Maps,3.4,Actif,2026-06-29T00:22:54.899309,haute
BJ-08EB9E4E,Image Bénin Matéri,Médias & Communication,Matéri,+229 49 65 67 11,imagebénin@gmail.com,imagebéninmatéri.bj,PME (50-200),B2C,Google Maps,4.1,Actif,2026-06-29T00:22:54.899361,haute
BJ-2BAD9AB8,SVOD,Médias & Communication,Matéri,+229 21 53 55 70,svod@outlook.com,,TPE (<10),B2C,Google Maps,4.5,Actif,2026-06-29T00:22:54.899395,moyenne
BJ-8E5C6DBF,Enquête Matéri,Médias & Communication,Matéri,+229 37 92 36 81,enquête.matéri@gmail.com,enquêtematéri.bj,PME (10-50),B2C,Google Maps,3.7,Actif,2026-06-29T00:22:54.899441,haute
BJ-F732D8CE,Réalisation Radio,Médias & Communication,Matéri,+229 79 24 40 58,réalisationradio@outlook.com,réalisationradio.bj,TPE (<10),B2C,Google Maps,3.6,Actif,2026-06-29T00:22:54.899518,haute
BJ-7D6FEFB0,Presse Influenceur Studios,Médias & Communication,Natitingou,+229 98 71 10 71,,,TPE (<10),B2B,Google Maps,4.7,Actif,2026-06-29T00:22:54.899560,basse
BJ-C0CDAF8C,Diffusion Publicité Studios,Médias & Communication,Natitingou,+229 48 71 23 29,diffusion.publicité@diffusionpublic.com.bj,diffusionpublicitéstudios.bj,PME (50-200),B2B,Google Maps,3.7,Actif,2026-06-29T00:22:54.899603,haute
BJ-BD02C839,Actualité Africa,Médias & Communication,Natitingou,+229 65 64 54 68,actualitéafrica@hotmail.com,,PME (10-50),B2C,Google Maps,3.2,Actif,2026-06-29T00:22:54.899683,moyenne
BJ-5836B248,Animation Natitingou,Médias & Communication,Natitingou,+229 59 96 55 53,animationnatitingou@yahoo.fr,animationnatitingou.bj,PME (50-200),B2B,Google Maps,3.9,Actif,2026-06-29T00:22:54.899728,haute
BJ-6C6E115B,Liberté Media,Médias & Communication,Toucountouna,+229 38 19 25 73,libertémedia@libertémedia.com.bj,libertémedia.bj,PME (10-50),B2B,Google Maps,4.7,Actif,2026-06-29T00:22:54.899786,haute
BJ-9EF3C233,Streaming Media,Médias & Communication,Toucountouna,+229 24 54 93 33,,streamingmedia.bj,PME (10-50),B2B,Google Maps,4.2,Actif,2026-06-29T00:22:54.899817,moyenne
BJ-B34ADCCC,Network,Médias & Communication,Toucountouna,+229 34 91 85 71,network@network.com.bj,network.bj,PME (10-50),B2B,Google Maps,3.5,Actif,2026-06-29T00:22:54.899856,haute
BJ-C18BD355,Marketing Productions,Médias & Communication,Toucountouna,+229 26 72 21 57,,marketingproductions.bj,Grande (>200),B2C,Google Maps,3.9,Actif,2026-06-29T00:22:54.899908,moyenne
BJ-10D44660,Radio Démocratie Bénin,Médias & Communication,Toucountouna,+229 76 64 66 18,r.démocratie@radiodémocratie.org.bj,radiodémocratiebénin.bj,TPE (<10),B2B,Google Maps,4.1,Actif,2026-06-29T00:22:54.899951,haute
BJ-9DA8F1CC,Journal Boukoumbé,Médias & Communication,Boukoumbé,+229 77 50 62 87,journal.boukoumbé@journalboukoumb.bj,journalboukoumbé.bj,TPE (<10),B2B,Google Maps,4.6,Actif,2026-06-29T00:22:54.900001,haute
BJ-872EF053,Mixage Networks,Médias & Communication,Boukoumbé,+229 27 28 11 24,mixage.networks@hotmail.com,,Grande (>200),B2C,Google Maps,3.4,Actif,2026-06-29T00:22:54.900039,moyenne
BJ-DEE3BC64,Radio Presse,Médias & Communication,Boukoumbé,+229 55 76 15 49,radio.presse@gmail.com,radiopresse.bj,TPE (<10),B2C,Google Maps,3.6,Actif,2026-06-29T00:22:54.900077,haute
BJ-33B5E6EA,Radio Éditorial Boukoumbé,Médias & Communication,Boukoumbé,+229 87 46 99 38,radioéditorial@outlook.com,,TPE (<10),B2B,Google Maps,3.6,Actif,2026-06-29T00:22:54.900116,moyenne
BJ-3823B1A5,Studio Télévision Networks,Médias & Communication,Boukoumbé,+229 58 95 16 90,studio.télévision@studiotélévisio.bj,studiotélévisionnetworks.bj,Grande (>200),B2C,Google Maps,3.2,Actif,2026-06-29T00:22:54.900158,haute
BJ-05F88E2D,Graphisme,Médias & Communication,Kouandé,+229 90 19 58 24,graphisme@gmail.com,graphisme.bj,PME (10-50),B2B,Google Maps,3.6,Actif,2026-06-29T00:22:54.900208,haute
BJ-BC456D21,Film Kouandé,Médias & Communication,Kouandé,+229 80 18 42 93,f.kouandé@gmail.com,filmkouandé.bj,PME (10-50),B2C,Google Maps,4.2,Actif,2026-06-29T00:22:54.900247,haute
BJ-04718BE3,Production Réseaux Press Kouandé,Médias & Communication,Kouandé,+229 63 64 16 91,,,TPE (<10),B2C,Google Maps,5.0,Actif,2026-06-29T00:22:54.900281,basse
BJ-132A5259,Diffusion International,Médias & Communication,Kouandé,+229 30 29 88 94,diffusion.international@diffusionintern.com.bj,diffusioninternational.bj,TPE (<10),B2B,Google Maps,3.8,Actif,2026-06-29T00:22:54.900319,haute
BJ-EB8E9576,LinkedIn,Médias & Communication,Kouandé,+229 99 59 30 57,linkedin@hotmail.com,linkedin.bj,Grande (>200),B2C,Google Maps,3.4,Actif,2026-06-29T00:22:54.900352,haute
BJ-DF219015,Agence Design,Médias & Communication,Péhunco,+229 97 88 89 19,agencedesign@agencedesign.com.bj,agencedesign.bj,TPE (<10),B2B,Google Maps,4.6,Actif,2026-06-29T00:22:54.900406,haute
BJ-9B03E3D9,TV Blogueur Péhunco,Médias & Communication,Péhunco,+229 69 18 78 36,blogueur_péhunco@gmail.com,,TPE (<10),B2C,Google Maps,4.5,Actif,2026-06-29T00:22:54.900445,moyenne
BJ-C93085EE,Média National,Médias & Communication,Péhunco,+229 45 82 69 12,médianational@médianational.com.bj,,TPE (<10),B2C,Google Maps,3.4,Actif,2026-06-29T00:22:54.900483,moyenne
BJ-3250015C,Réseaux Media,Médias & Communication,Péhunco,+229 34 69 24 59,réseauxmedia@outlook.com,réseauxmedia.bj,PME (10-50),B2B,Google Maps,4.0,Actif,2026-06-29T00:22:54.900522,haute
BJ-CBD46976,Éditorial Africa,Médias & Communication,Péhunco,+229 79 40 52 82,é.africa@éditorialafrica.org.bj,éditorialafrica.bj,PME (10-50),B2B,Google Maps,4.1,Actif,2026-06-29T00:22:54.900560,haute
BJ-03BB813E,Design Africa,Médias & Communication,Tchaourou,+229 91 98 44 32,d.africa@designafrica.bj,designafrica.bj,PME (50-200),B2B,Google Maps,4.2,Actif,2026-06-29T00:22:54.900607,haute
BJ-FDD2E417,Diffusion TikTok Africa,Médias & Communication,Tchaourou,+229 52 36 82 60,diffusion.tiktok@yahoo.com,diffusiontiktokafrica.bj,PME (50-200),B2B,Google Maps,4.6,Actif,2026-06-29T00:22:54.900645,haute
BJ-5231DD67,Journal Journal,Médias & Communication,Tchaourou,+229 80 49 26 72,journal.journal@yahoo.fr,journaljournal.bj,Grande (>200),B2C,Google Maps,4.8,Actif,2026-06-29T00:22:54.900685,haute
BJ-38DA3B3A,Réseaux Africa,Médias & Communication,Tchaourou,+229 63 60 72 39,réseaux.africa@réseauxafrica.bj,réseauxafrica.bj,TPE (<10),B2C,Google Maps,3.9,Actif,2026-06-29T00:22:54.900724,haute
BJ-98B7BBC9,Diffusion Enquête Tchaourou,Médias & Communication,Tchaourou,+229 47 88 45 80,diffusion.enquête@diffusionenquêt.org.bj,diffusionenquêtetchaourou.bj,TPE (<10),B2B,Google Maps,3.0,Actif,2026-06-29T00:22:54.900772,haute
BJ-87788105,Éditorial,Médias & Communication,Nikki,+229 36 95 31 69,éditorial@éditorial.com.bj,éditorial.bj,PME (10-50),B2C,Google Maps,3.6,Actif,2026-06-29T00:22:54.900818,haute
BJ-657F11D6,Sociaux Productions,Médias & Communication,Nikki,+229 25 26 58 77,,sociauxproductions.bj,TPE (<10),B2B,Google Maps,3.7,Actif,2026-06-29T00:22:54.900848,moyenne
BJ-0EF72BC9,Diffusion Liberté Nikki,Médias & Communication,Nikki,+229 97 10 35 57,d.liberté@diffusionlibert.com.bj,diffusionliberténikki.bj,TPE (<10),B2B,Google Maps,4.2,Actif,2026-06-29T00:22:54.900888,haute
BJ-E2FF3931,Communication Studios,Médias & Communication,Nikki,+229 83 86 83 25,c.studios@outlook.com,,TPE (<10),B2C,Google Maps,3.2,Actif,2026-06-29T00:22:54.900934,moyenne
BJ-3A71165F,Agence Communication Bénin,Médias & Communication,Nikki,+229 22 98 89 49,,,Grande (>200),B2B,Google Maps,3.6,Actif,2026-06-29T00:22:54.900961,basse
BJ-57B13776,Interview Press Bembéréké,Médias & Communication,Bembéréké,+229 61 79 47 92,,interviewpressbembéréké.bj,PME (10-50),B2B,Google Maps,3.9,Actif,2026-06-29T00:22:54.901003,moyenne
BJ-A1231D63,Reportage,Médias & Communication,Bembéréké,+229 81 92 81 25,reportage@yahoo.fr,reportage.bj,TPE (<10),B2B,Google Maps,4.5,Actif,2026-06-29T00:22:54.901035,haute
BJ-630AAF31,Radio Network,Médias & Communication,Bembéréké,+229 34 64 98 82,r.network@gmail.com,radionetwork.bj,PME (50-200),B2B,Google Maps,5.0,Actif,2026-06-29T00:22:54.901079,haute
BJ-61278DCA,Studio Information Productions,Médias & Communication,Bembéréké,+229 76 65 53 42,studio_information@studioinformati.org.bj,studioinformationproductions.bj,TPE (<10),B2B,Google Maps,3.2,Actif,2026-06-29T00:22:54.901118,haute
BJ-E1945339,Production Journalisme Communication,Médias & Communication,Bembéréké,+229 23 22 81 84,productionjournalisme@outlook.com,productionjournalismecommunication.bj,TPE (<10),B2B,Google Maps,3.6,Actif,2026-06-29T00:22:54.901154,haute
BJ-9831FFCC,Presse OTT Press Kalalé,Médias & Communication,Kalalé,+229 43 32 89 52,presseott@presseottpressk.org.bj,presseottpresskalalé.bj,Grande (>200),B2C,Google Maps,4.4,Actif,2026-06-29T00:22:54.901211,haute
BJ-325E0D60,Son Africa,Médias & Communication,Kalalé,+229 91 58 90 73,sonafrica@sonafrica.com.bj,,TPE (<10),B2C,Google Maps,3.5,Actif,2026-06-29T00:22:54.901247,moyenne
BJ-81C2A476,Social,Médias & Communication,Kalalé,+229 58 61 34 93,social@yahoo.fr,social.bj,PME (50-200),B2B,Google Maps,4.1,Actif,2026-06-29T00:22:54.901280,haute
BJ-066B4A96,Instagram,Médias & Communication,Kalalé,+229 29 59 39 34,instagram@outlook.com,instagram.bj,PME (10-50),B2C,Google Maps,3.2,Actif,2026-06-29T00:22:54.901312,haute
BJ-16439988,Montage,Médias & Communication,Kalalé,+229 56 67 34 21,montage@hotmail.com,montage.bj,PME (50-200),B2C,Google Maps,3.2,Actif,2026-06-29T00:22:54.901343,haute
BJ-5F2C87E3,Journal Ndali,Médias & Communication,Ndali,+229 94 44 64 65,journalndali@outlook.com,journalndali.bj,PME (10-50),B2C,Google Maps,4.0,Actif,2026-06-29T00:22:54.901389,haute
BJ-06836898,Diffusion Blogueur,Médias & Communication,Ndali,+229 92 71 22 82,diffusion.blogueur@diffusionblogue.org.bj,diffusionblogueur.bj,Grande (>200),B2B,Google Maps,3.1,Actif,2026-06-29T00:22:54.901427,haute
BJ-7579B9D7,TV International Ndali,Médias & Communication,Ndali,+229 34 86 84 73,,,PME (10-50),B2C,Google Maps,3.1,Actif,2026-06-29T00:22:54.901464,basse
BJ-953D8E73,Production Marketing Press Ndali,Médias & Communication,Ndali,+229 60 85 58 57,,productionmarketingpressndali.bj,TPE (<10),B2B,Google Maps,4.4,Actif,2026-06-29T00:22:54.901502,moyenne
BJ-7E843958,Réseaux Ndali,Médias & Communication,Ndali,+229 85 63 57 80,,réseauxndali.bj,TPE (<10),B2B,Google Maps,3.8,Actif,2026-06-29T00:22:54.901535,moyenne
BJ-F087D24A,Journal TikTok Press,Médias & Communication,Ségbana,+229 85 49 72 55,,journaltiktokpress.bj,PME (50-200),B2B,Google Maps,3.3,Actif,2026-06-29T00:22:54.901574,moyenne
BJ-345BBA08,Réalisation,Médias & Communication,Ségbana,+229 22 12 49 65,réalisation@réalisation.org.bj,réalisation.bj,Grande (>200),B2C,Google Maps,3.6,Actif,2026-06-29T00:22:54.901608,haute
BJ-81C2CF66,Journalisme,Médias & Communication,Ségbana,+229 62 94 66 19,journalisme@journalisme.com.bj,journalisme.bj,PME (50-200),B2B,Google Maps,4.4,Actif,2026-06-29T00:22:54.901648,haute
BJ-4D5E4FEC,Journal Création Ségbana,Médias & Communication,Ségbana,+229 30 52 74 84,journal.création@journalcréation.org.bj,journalcréationségbana.bj,TPE (<10),B2B,Google Maps,3.6,Actif,2026-06-29T00:22:54.901691,haute
BJ-1BF5E9C4,Liberté Productions,Médias & Communication,Ségbana,+229 67 43 18 28,,,PME (10-50),B2C,Google Maps,3.3,Actif,2026-06-29T00:22:54.901725,basse
BJ-B0A6192E,Cinéma Radio Tchaourou,Médias & Communication,Tchaourou,+229 28 50 42 43,cinéma.radio@gmail.com,cinémaradiotchaourou.bj,Grande (>200),B2B,Google Maps,4.8,Actif,2026-06-29T00:22:54.901778,haute
BJ-BB310971,National Media,Médias & Communication,Tchaourou,+229 62 23 60 17,n.media@nationalmedia.com.bj,,PME (50-200),B2C,Google Maps,4.5,Actif,2026-06-29T00:22:54.901820,moyenne
BJ-65DFF673,Diffusion Network Tchaourou,Médias & Communication,Tchaourou,+229 43 78 57 53,diffusion.network@yahoo.fr,diffusionnetworktchaourou.bj,TPE (<10),B2C,Google Maps,3.1,Actif,2026-06-29T00:22:54.901862,haute
BJ-2C7A5CAC,TV Contenu Studios,Médias & Communication,Tchaourou,+229 28 20 37 11,,tvcontenustudios.bj,TPE (<10),B2B,Google Maps,4.8,Actif,2026-06-29T00:22:54.901903,moyenne
BJ-CA84A2F9,SVOD Networks Tchaourou,Médias & Communication,Tchaourou,+229 90 73 97 79,svod.networks@yahoo.com,svodnetworkstchaourou.bj,PME (50-200),B2B,Google Maps,3.0,Actif,2026-06-29T00:22:54.901941,haute
BJ-172569E0,Blogueur Press Bétérou,Médias & Communication,Bétérou,+229 58 64 77 65,blogueurpress@hotmail.com,blogueurpressbétérou.bj,TPE (<10),B2C,Google Maps,3.9,Actif,2026-06-29T00:22:54.901995,haute
BJ-3C69399E,Diffusion Démocratie,Médias & Communication,Bétérou,+229 33 32 91 19,d.démocratie@diffusiondémocr.com.bj,diffusiondémocratie.bj,Grande (>200),B2B,Google Maps,3.1,Actif,2026-06-29T00:22:54.902037,haute
BJ-021520C3,Influenceur,Médias & Communication,Bétérou,+229 78 77 26 34,influenceur@influenceur.org.bj,influenceur.bj,PME (50-200),B2B,Google Maps,3.6,Actif,2026-06-29T00:22:54.902071,haute
BJ-25C74BF0,Actualité Bétérou,Médias & Communication,Bétérou,+229 78 77 71 44,actualité.bétérou@gmail.com,actualitébétérou.bj,PME (10-50),B2C,Google Maps,3.0,Actif,2026-06-29T00:22:54.902111,haute
BJ-8598724E,Journal VOD Radio Bétérou,Médias & Communication,Bétérou,+229 31 69 32 54,journal.vod@journalvodradio.com.bj,,PME (50-200),B2B,Google Maps,3.2,Actif,2026-06-29T00:22:54.902151,moyenne
BJ-457E34FA,Marketing News,Médias & Communication,Ouessè,+229 20 74 32 33,,marketingnews.bj,PME (10-50),B2B,Google Maps,3.9,Actif,2026-06-29T00:22:54.902192,moyenne
BJ-C6C6D651,Démocratie Networks Ouessè,Médias & Communication,Ouessè,+229 23 39 43 63,d.networks@démocratienetwo.bj,démocratienetworksouessè.bj,TPE (<10),B2C,Google Maps,3.0,Actif,2026-06-29T00:22:54.902281,haute
BJ-FC4E5885,LinkedIn Networks,Médias & Communication,Ouessè,+229 71 92 90 61,linkedin.networks@linkedinnetwork.bj,linkedinnetworks.bj,TPE (<10),B2B,Google Maps,4.0,Actif,2026-06-29T00:22:54.902325,haute
BJ-EEEDE278,Journal Communication Productions,Médias & Communication,Ouessè,+229 79 14 99 42,j.communication@journalcommunic.com.bj,,PME (50-200),B2B,Google Maps,4.9,Actif,2026-06-29T00:22:54.902359,moyenne
BJ-4411DE8A,Réalisation News,Médias & Communication,Glazoué,+229 68 69 97 82,r.news@réalisationnews.org.bj,réalisationnews.bj,PME (10-50),B2B,Google Maps,4.1,Actif,2026-06-29T00:22:54.902405,haute
BJ-5ABFA3ED,Animation News,Médias & Communication,Glazoué,+229 34 94 11 58,a.news@gmail.com,animationnews.bj,PME (10-50),B2C,Google Maps,3.0,Actif,2026-06-29T00:22:54.902439,haute
BJ-C0C6E3B2,TV Presse,Médias & Communication,Glazoué,+229 96 61 41 16,,tvpresse.bj,PME (50-200),B2C,Google Maps,4.5,Actif,2026-06-29T00:22:54.902467,moyenne
BJ-871FF931,Nouvelles,Médias & Communication,Glazoué,+229 82 10 45 40,nouvelles@nouvelles.com.bj,nouvelles.bj,PME (50-200),B2C,Google Maps,3.9,Actif,2026-06-29T00:22:54.902499,haute
BJ-56C5D81C,Communication Actualité Networks,Médias & Communication,Glazoué,+229 46 36 29 47,,communicationactualiténetworks.bj,TPE (<10),B2B,Google Maps,3.7,Actif,2026-06-29T00:22:54.902533,moyenne
BJ-F7FE9125,Design News,Médias & Communication,Dassa-Zoumè,+229 34 64 30 38,design.news@outlook.com,designnews.bj,PME (50-200),B2B,Google Maps,3.7,Actif,2026-06-29T00:22:54.902583,haute
BJ-D22ED7E4,TV Liberté Media,Médias & Communication,Dassa-Zoumè,+229 70 53 26 52,,tvlibertémedia.bj,TPE (<10),B2B,Google Maps,3.8,Actif,2026-06-29T00:22:54.902613,moyenne
BJ-8A60A291,Nouvelles Productions Dassa-Zoumè,Médias & Communication,Dassa-Zoumè,+229 29 67 75 67,,nouvellesproductionsdassazoumè.bj,Grande (>200),B2C,Google Maps,4.2,Actif,2026-06-29T00:22:54.902683,moyenne
BJ-2A0C82E3,Image Communication,Médias & Communication,Dassa-Zoumè,+229 96 46 50 91,imagecommunication@yahoo.fr,,PME (10-50),B2C,Google Maps,4.5,Actif,2026-06-29T00:22:54.902723,moyenne
BJ-F5A12284,Mixage Radio,Médias & Communication,Savalou,+229 70 59 45 94,mixage.radio@mixageradio.org.bj,mixageradio.bj,PME (50-200),B2C,Google Maps,4.3,Actif,2026-06-29T00:22:54.902790,haute
BJ-1B359260,YouTube,Médias & Communication,Savalou,+229 43 38 55 10,youtube@yahoo.fr,youtube.bj,PME (50-200),B2B,Google Maps,4.3,Actif,2026-06-29T00:22:54.902822,haute
BJ-9A1C7A50,Production Instagram TV,Médias & Communication,Savalou,+229 39 98 57 25,production.instagram@gmail.com,,PME (10-50),B2B,Google Maps,3.7,Actif,2026-06-29T00:22:54.902861,moyenne
BJ-843BA185,Média Documentaire,Médias & Communication,Savalou,+229 85 75 30 95,média.documentaire@yahoo.com,médiadocumentaire.bj,PME (50-200),B2B,Google Maps,4.8,Actif,2026-06-29T00:22:54.902913,haute
BJ-76776016,Création,Médias & Communication,Savalou,+229 44 54 19 99,création@yahoo.fr,,PME (10-50),B2B,Google Maps,3.4,Actif,2026-06-29T00:22:54.902954,moyenne
BJ-CFF2AA1F,Agence Photo Bénin Bantè,Médias & Communication,Bantè,+229 98 57 35 32,agencephoto@outlook.com,,TPE (<10),B2C,Google Maps,3.2,Actif,2026-06-29T00:22:54.903020,moyenne
BJ-C3D3817A,Communication Sociaux,Médias & Communication,Bantè,+229 81 59 12 66,communicationsociaux@communicationso.bj,communicationsociaux.bj,TPE (<10),B2B,Google Maps,3.2,Actif,2026-06-29T00:22:54.903059,haute
BJ-C75318D8,Média Éditorial Productions Bantè,Médias & Communication,Bantè,+229 36 87 34 24,médiaéditorial@outlook.com,médiaéditorialproductionsbantè.bj,PME (10-50),B2C,Google Maps,4.8,Actif,2026-06-29T00:22:54.903104,haute
BJ-0650EBF4,Instagram Media,Médias & Communication,Bantè,+229 75 75 65 75,,instagrammedia.bj,Grande (>200),B2C,Google Maps,3.7,Actif,2026-06-29T00:22:54.903139,moyenne
BJ-76F4A95B,Studio Cinéma Press,Médias & Communication,Bantè,+229 97 10 34 23,studiocinéma@studiocinémapre.com.bj,studiocinémapress.bj,TPE (<10),B2B,Google Maps,4.5,Actif,2026-06-29T00:22:54.903170,haute
BJ-B16E165D,Diffusion Blogueur Radio,Médias & Communication,Djougou,+229 92 33 89 48,diffusion_blogueur@diffusionblogue.bj,diffusionblogueurradio.bj,PME (10-50),B2C,Google Maps,3.9,Actif,2026-06-29T00:22:54.903200,haute
BJ-2EB0990D,Radio Reportage Productions,Médias & Communication,Djougou,+229 65 19 24 98,radioreportage@radioreportagep.org.bj,radioreportageproductions.bj,TPE (<10),B2C,Google Maps,4.8,Actif,2026-06-29T00:22:54.903219,haute
BJ-14F1B23B,Montage Africa,Médias & Communication,Djougou,+229 90 86 26 96,montage.africa@gmail.com,montageafrica.bj,PME (10-50),B2B,Google Maps,3.5,Actif,2026-06-29T00:22:54.903237,haute
BJ-75A2F2A6,TV Graphisme,Médias & Communication,Djougou,+229 54 91 32 76,,tvgraphisme.bj,TPE (<10),B2C,Google Maps,3.4,Actif,2026-06-29T00:22:54.903250,moyenne
BJ-30CBF8C3,Image Djougou,Médias & Communication,Djougou,+229 37 66 12 51,i.djougou@imagedjougou.bj,imagedjougou.bj,PME (10-50),B2B,Google Maps,4.9,Actif,2026-06-29T00:22:54.903268,haute
BJ-78DDA10A,Production Film Radio,Médias & Communication,Ouèssè,+229 95 17 10 11,p.film@outlook.com,productionfilmradio.bj,PME (10-50),B2C,Google Maps,3.8,Actif,2026-06-29T00:22:54.903294,haute
BJ-1725585B,Photo,Médias & Communication,Ouèssè,+229 37 37 25 50,photo@hotmail.com,photo.bj,PME (50-200),B2C,Google Maps,3.6,Actif,2026-06-29T00:22:54.903309,haute
BJ-BD8E85CD,TV Social Press,Médias & Communication,Ouèssè,+229 89 10 42 59,social.press@gmail.com,tvsocialpress.bj,TPE (<10),B2C,Google Maps,3.7,Actif,2026-06-29T00:22:54.903336,haute
BJ-EF505ED8,Documentaire,Médias & Communication,Ouèssè,+229 50 67 60 43,documentaire@gmail.com,documentaire.bj,PME (10-50),B2C,Google Maps,4.5,Actif,2026-06-29T00:22:54.903352,haute
BJ-61852EE5,Vidéo Ouèssè,Médias & Communication,Ouèssè,+229 58 37 97 35,,vidéoouèssè.bj,TPE (<10),B2B,Google Maps,3.1,Actif,2026-06-29T00:22:54.903366,moyenne
BJ-9F445F19,Studio TikTok,Médias & Communication,Bassila,+229 61 11 42 15,studio_tiktok@studiotiktok.com.bj,studiotiktok.bj,PME (10-50),B2B,Google Maps,4.1,Actif,2026-06-29T00:22:54.903391,haute
BJ-BAA19983,Production Contenu Bassila,Médias & Communication,Bassila,+229 81 77 59 79,p.contenu@outlook.com,productioncontenubassila.bj,TPE (<10),B2C,Google Maps,3.6,Actif,2026-06-29T00:22:54.903408,haute
BJ-4BB24803,Média,Médias & Communication,Bassila,+229 86 63 35 22,média@média.bj,média.bj,PME (50-200),B2C,Google Maps,3.5,Actif,2026-06-29T00:22:54.903428,haute
BJ-5710DB79,Presse Radio,Médias & Communication,Bassila,+229 47 66 59 57,presse.radio@presseradio.org.bj,presseradio.bj,PME (50-200),B2C,Google Maps,3.4,Actif,2026-06-29T00:22:54.903445,haute
BJ-FD909312,Twitter,Médias & Communication,Bassila,+229 32 58 18 44,,twitter.bj,Grande (>200),B2B,Google Maps,4.0,Actif,2026-06-29T00:22:54.903458,moyenne
BJ-768C3829,Production Cinéma Studios,Médias & Communication,Pehunco,+229 37 94 81 61,,,Grande (>200),B2C,Google Maps,3.2,Actif,2026-06-29T00:22:54.903525,basse
BJ-AE604287,Publicité Pehunco,Médias & Communication,Pehunco,+229 61 89 18 12,p.pehunco@publicitépehunc.org.bj,publicitépehunco.bj,PME (50-200),B2B,Google Maps,3.6,Actif,2026-06-29T00:22:54.903544,haute
BJ-027DB735,Production Télévision Studios Copargo,Médias & Communication,Copargo,+229 87 32 33 91,productiontélévision@yahoo.fr,productiontélévisionstudioscopargo.bj,PME (10-50),B2C,Google Maps,4.9,Actif,2026-06-29T00:22:54.903574,haute
BJ-DF6D6E75,Studio Facebook Press,Médias & Communication,Copargo,+229 21 31 19 50,studio.facebook@studiofacebookp.bj,studiofacebookpress.bj,PME (10-50),B2C,Google Maps,4.6,Actif,2026-06-29T00:22:54.903596,haute
BJ-556B61D5,Journal Production,Médias & Communication,Copargo,+229 58 30 39 85,journal.production@hotmail.com,journalproduction.bj,Grande (>200),B2B,Google Maps,4.5,Actif,2026-06-29T00:22:54.903613,haute
BJ-7D3F1723,Réalisation Media,Médias & Communication,Copargo,+229 56 26 76 50,réalisation.media@réalisationmedi.bj,,PME (50-200),B2C,Google Maps,3.9,Actif,2026-06-29T00:22:54.903631,moyenne
BJ-C5FF0159,Diffusion Film,Médias & Communication,Copargo,+229 27 69 80 46,d.film@diffusionfilm.bj,diffusionfilm.bj,TPE (<10),B2C,Google Maps,4.1,Actif,2026-06-29T00:22:54.903648,haute
BJ-1C2462DF,Volontariat,ONG & Associations,Cotonou,+229 67 31 98 85,volontariat@hotmail.com,,TPE (<10),B2C,Google Maps,4.1,Actif,2026-06-29T00:22:54.903670,moyenne
BJ-9F12A64A,Société Crédit Cotonou,ONG & Associations,Cotonou,+229 28 38 56 83,s.crédit@yahoo.com,sociétécréditcotonou.bj,PME (10-50),B2B,Google Maps,4.8,Actif,2026-06-29T00:22:54.903690,haute
BJ-C613A5B6,Insertion Network,ONG & Associations,Cotonou,+229 85 56 96 86,insertionnetwork@outlook.com,,PME (10-50),B2B,Google Maps,3.5,Actif,2026-06-29T00:22:54.903709,moyenne
BJ-6513837C,Union Sport,ONG & Associations,Cotonou,+229 33 33 60 77,union.sport@unionsport.org.bj,,PME (10-50),B2B,Google Maps,3.4,Actif,2026-06-29T00:22:54.903727,moyenne
BJ-F60C6CC0,ONG Sensibilisation Fondation,ONG & Associations,Cotonou,+229 64 69 65 67,ong.sensibilisation@yahoo.fr,ongsensibilisationfondation.bj,TPE (<10),B2C,Google Maps,3.1,Actif,2026-06-29T00:22:54.903743,haute
BJ-DE9C61E8,Prévention,ONG & Associations,Abomey-Calavi,+229 55 91 21 44,,,PME (50-200),B2B,Google Maps,3.9,Actif,2026-06-29T00:22:54.903762,basse
BJ-48E3E780,Fédération Échange Fondation,ONG & Associations,Abomey-Calavi,+229 64 49 92 36,fédérationéchange@fédérationéchan.org.bj,,Grande (>200),B2C,Google Maps,3.5,Actif,2026-06-29T00:22:54.903786,moyenne
BJ-C3D13B6A,Social Organisation,ONG & Associations,Abomey-Calavi,+229 38 26 45 36,social_organisation@yahoo.com,,PME (10-50),B2C,Google Maps,4.3,Actif,2026-06-29T00:22:54.903803,moyenne
BJ-ED06A0EB,Fondation Équité,ONG & Associations,Abomey-Calavi,+229 77 32 88 17,fondation.équité@yahoo.com,,PME (50-200),B2B,Google Maps,4.8,Actif,2026-06-29T00:22:54.903820,moyenne
BJ-2B51B983,Fondation Assistance Abomey-Calavi,ONG & Associations,Abomey-Calavi,+229 91 28 74 85,,,TPE (<10),B2C,Google Maps,3.4,Actif,2026-06-29T00:22:54.903832,basse
BJ-462CC132,Club Volontariat,ONG & Associations,Porto-Novo,+229 95 79 59 30,club.volontariat@yahoo.fr,clubvolontariat.bj,TPE (<10),B2C,Google Maps,4.0,Actif,2026-06-29T00:22:54.903905,haute
BJ-8D51B53F,Fondation Partenariat International Porto-Novo,ONG & Associations,Porto-Novo,+229 99 77 94 87,,,PME (10-50),B2C,Google Maps,4.0,Actif,2026-06-29T00:22:54.903926,basse
BJ-18964B71,Santé Organisation,ONG & Associations,Porto-Novo,+229 92 32 38 93,santéorganisation@santéorganisati.bj,,PME (50-200),B2C,Google Maps,3.3,Actif,2026-06-29T00:22:54.903950,moyenne
BJ-43C9C799,Syndicat Philanthropie,ONG & Associations,Porto-Novo,+229 76 12 67 16,syndicatphilanthropie@syndicatphilant.bj,syndicatphilanthropie.bj,PME (50-200),B2C,Google Maps,4.2,Actif,2026-06-29T00:22:54.903973,haute
BJ-7EDB4503,Syndicat Social Bénin,ONG & Associations,Parakou,+229 64 96 31 27,syndicat.social@syndicatsocialb.com.bj,,TPE (<10),B2B,Google Maps,4.5,Actif,2026-06-29T00:22:54.903998,moyenne
BJ-E1197FC8,ONG Analyse Bénin,ONG & Associations,Parakou,+229 64 34 31 34,,,TPE (<10),B2B,Google Maps,4.2,Actif,2026-06-29T00:22:54.904015,basse
BJ-89D29E3D,Sensibilisation Fondation,ONG & Associations,Parakou,+229 32 26 28 76,sensibilisationfondation@gmail.com,sensibilisationfondation.bj,PME (50-200),B2B,Google Maps,4.0,Actif,2026-06-29T00:22:54.904038,haute
BJ-93C5EC18,Organisation Humanitaire International,ONG & Associations,Parakou,+229 44 30 84 74,organisationhumanitaire@organisationhum.com.bj,,PME (10-50),B2C,Google Maps,3.7,Actif,2026-06-29T00:22:54.904057,moyenne
BJ-F4BA356A,Entrepreneuriat Fondation,ONG & Associations,Parakou,+229 23 50 45 30,entrepreneuriat.fondation@entrepreneuriat.org.bj,entrepreneuriatfondation.bj,PME (10-50),B2B,Google Maps,5.0,Actif,2026-06-29T00:22:54.904075,haute
BJ-88BB7441,Inclusion Bénin,ONG & Associations,Bohicon,+229 28 54 34 72,,inclusionbénin.bj,PME (50-200),B2B,Google Maps,4.2,Actif,2026-06-29T00:22:54.904096,moyenne
BJ-DF0D0681,Paix Network,ONG & Associations,Bohicon,+229 93 34 27 36,paix.network@outlook.com,paixnetwork.bj,PME (10-50),B2B,Google Maps,4.5,Actif,2026-06-29T00:22:54.904133,haute
BJ-B2C727C3,Club Entrepreneuriat Bénin,ONG & Associations,Bohicon,+229 54 23 50 44,club.entrepreneuriat@clubentrepreneu.org.bj,clubentrepreneuriatbénin.bj,PME (10-50),B2B,Google Maps,3.5,Actif,2026-06-29T00:22:54.904153,haute
BJ-BF3D508D,Équité,ONG & Associations,Bohicon,+229 28 64 15 79,équité@équité.bj,équité.bj,PME (10-50),B2C,Google Maps,3.7,Actif,2026-06-29T00:22:54.904169,haute
BJ-2D9FC55C,Union Coopération Organisation Natitingou,ONG & Associations,Natitingou,+229 64 68 64 59,u.coopération@yahoo.com,unioncoopérationorganisationnatitingou.bj,PME (10-50),B2B,Google Maps,3.4,Actif,2026-06-29T00:22:54.904196,haute
BJ-57EA5798,Épargne,ONG & Associations,Natitingou,+229 44 39 62 20,,épargne.bj,PME (50-200),B2B,Google Maps,3.6,Actif,2026-06-29T00:22:54.904210,moyenne
BJ-3E577CC6,Club Culture,ONG & Associations,Natitingou,+229 89 19 61 49,club.culture@yahoo.com,,PME (10-50),B2C,Google Maps,3.9,Actif,2026-06-29T00:22:54.904227,moyenne
BJ-7DD39347,Advocacy Fondation,ONG & Associations,Natitingou,+229 20 73 12 41,,,TPE (<10),B2B,Google Maps,3.1,Actif,2026-06-29T00:22:54.904241,basse
BJ-CEFC7D23,Fédération Diversité Association,ONG & Associations,Natitingou,+229 39 74 76 10,fédérationdiversité@fédérationdiver.bj,,TPE (<10),B2B,Google Maps,3.7,Actif,2026-06-29T00:22:54.904260,moyenne
BJ-606DF8E6,ONG Volontariat Bénin,ONG & Associations,Lokossa,+229 84 71 30 81,ong.volontariat@yahoo.com,ongvolontariatbénin.bj,PME (50-200),B2B,Google Maps,3.4,Actif,2026-06-29T00:22:54.904286,haute
BJ-44C3FBC4,Sport Alliance,ONG & Associations,Lokossa,+229 82 18 82 11,s.alliance@yahoo.fr,,PME (50-200),B2C,Google Maps,4.6,Actif,2026-06-29T00:22:54.904307,moyenne
BJ-5C61CDDF,Fédération Monitoring Lokossa,ONG & Associations,Lokossa,+229 20 36 97 65,fédération.monitoring@fédérationmonit.org.bj,,PME (10-50),B2C,Google Maps,4.2,Actif,2026-06-29T00:22:54.904330,moyenne
BJ-4EF8B2EC,Ligue Recherche Association,ONG & Associations,Lokossa,+229 34 81 28 79,ligue.recherche@gmail.com,,TPE (<10),B2C,Google Maps,3.9,Actif,2026-06-29T00:22:54.904348,moyenne
BJ-CBB39C35,Association Philanthropie International,ONG & Associations,Lokossa,+229 81 53 37 64,,,PME (50-200),B2B,Google Maps,4.9,Actif,2026-06-29T00:22:54.904365,basse
BJ-C493C6AF,Droits Alliance,ONG & Associations,Ouidah,+229 76 31 46 71,,,TPE (<10),B2B,Google Maps,4.0,Actif,2026-06-29T00:22:54.904385,basse
BJ-2949B304,Crédit Coalition,ONG & Associations,Ouidah,+229 42 50 15 99,,créditcoalition.bj,TPE (<10),B2C,Google Maps,3.1,Actif,2026-06-29T00:22:54.904414,moyenne
BJ-4F738B57,Ligue Équité International,ONG & Associations,Ouidah,+229 49 30 67 65,l.équité@ligueéquitéinte.com.bj,,PME (50-200),B2B,Google Maps,4.6,Actif,2026-06-29T00:22:54.904433,moyenne
BJ-16012234,Club Insertion,ONG & Associations,Ouidah,+229 82 50 52 52,clubinsertion@gmail.com,,PME (50-200),B2C,Google Maps,3.9,Actif,2026-06-29T00:22:54.904450,moyenne
BJ-F142A99A,Microfinance,ONG & Associations,Savalou,+229 64 86 22 33,microfinance@microfinance.com.bj,microfinance.bj,TPE (<10),B2C,Google Maps,3.1,Actif,2026-06-29T00:22:54.904472,haute
BJ-82395CB3,Fondation Inclusion ONG,ONG & Associations,Savalou,+229 50 70 40 13,fondationinclusion@yahoo.fr,fondationinclusionong.bj,PME (10-50),B2B,Google Maps,4.1,Actif,2026-06-29T00:22:54.904508,haute
BJ-5CB58034,Citoyenneté,ONG & Associations,Savalou,+229 67 42 16 73,citoyenneté@hotmail.com,,TPE (<10),B2C,Google Maps,4.1,Actif,2026-06-29T00:22:54.904524,moyenne
BJ-92AA8D91,Fondation Paix Network,ONG & Associations,Savalou,+229 62 93 94 93,fondation.paix@fondationpaixne.com.bj,fondationpaixnetwork.bj,PME (50-200),B2B,Google Maps,3.1,Actif,2026-06-29T00:22:54.904542,haute
BJ-1EFFEB83,Analyse Network,ONG & Associations,Dassa-Zoumè,+229 51 26 85 52,,analysenetwork.bj,PME (50-200),B2C,Google Maps,4.2,Actif,2026-06-29T00:22:54.904562,moyenne
BJ-0541DBB6,Femme ONG,ONG & Associations,Dassa-Zoumè,+229 54 72 64 45,femmeong@femmeong.bj,femmeong.bj,PME (10-50),B2C,Google Maps,3.9,Actif,2026-06-29T00:22:54.904584,haute
BJ-86AEBC22,ONG Insertion Network,ONG & Associations,Dassa-Zoumè,+229 47 29 10 61,onginsertion@onginsertionnet.com.bj,onginsertionnetwork.bj,TPE (<10),B2C,Google Maps,3.3,Actif,2026-06-29T00:22:54.904603,haute
BJ-94867661,Protection,ONG & Associations,Dassa-Zoumè,+229 85 39 95 92,protection@protection.com.bj,,PME (10-50),B2B,Google Maps,3.1,Actif,2026-06-29T00:22:54.904633,moyenne
BJ-58D743E5,ONG Coopération Alliance,ONG & Associations,Kétou,+229 44 31 67 83,o.coopération@outlook.com,,PME (10-50),B2B,Google Maps,3.9,Actif,2026-06-29T00:22:54.904658,moyenne
BJ-57DA45A6,Insertion Fondation,ONG & Associations,Kétou,+229 50 53 91 98,i.fondation@insertionfondat.bj,insertionfondation.bj,PME (50-200),B2C,Google Maps,4.5,Actif,2026-06-29T00:22:54.904676,haute
BJ-3F7702AF,Microfinance Association,ONG & Associations,Kétou,+229 58 42 28 88,,microfinanceassociation.bj,PME (10-50),B2C,Google Maps,3.2,Actif,2026-06-29T00:22:54.904692,moyenne
BJ-8323098A,Crédit Coalition,ONG & Associations,Kétou,+229 46 63 44 34,crédit.coalition@yahoo.com,créditcoalition.bj,TPE (<10),B2B,Google Maps,3.2,Actif,2026-06-29T00:22:54.904712,haute
BJ-B59FC6F1,Aide,ONG & Associations,Kétou,+229 54 56 57 34,aide@outlook.com,,PME (10-50),B2B,Google Maps,4.0,Actif,2026-06-29T00:22:54.904727,moyenne
BJ-9A2C8F65,Épargne Fondation,ONG & Associations,Covè,+229 23 77 32 73,,,TPE (<10),B2C,Google Maps,4.6,Actif,2026-06-29T00:22:54.904747,basse
BJ-EAAD34B7,Union Éducation Covè,ONG & Associations,Covè,+229 71 90 32 51,,,PME (50-200),B2B,Google Maps,4.1,Actif,2026-06-29T00:22:54.904759,basse
BJ-3234EDD5,Union Éducation,ONG & Associations,Covè,+229 93 35 22 29,union_éducation@yahoo.com,unionéducation.bj,TPE (<10),B2B,Google Maps,3.6,Actif,2026-06-29T00:22:54.904782,haute
BJ-15983402,Club Démocratie Association,ONG & Associations,Covè,+229 63 11 95 21,c.démocratie@outlook.com,clubdémocratieassociation.bj,PME (10-50),B2C,Google Maps,3.5,Actif,2026-06-29T00:22:54.904801,haute
BJ-38E60478,Santé Covè,ONG & Associations,Covè,+229 32 86 86 37,santé.covè@santécovè.com.bj,santécovè.bj,TPE (<10),B2B,Google Maps,3.7,Actif,2026-06-29T00:22:54.904819,haute
BJ-6870B070,Évaluation,ONG & Associations,Pobè,+229 25 84 56 16,évaluation@évaluation.bj,évaluation.bj,Grande (>200),B2C,Google Maps,4.3,Actif,2026-06-29T00:22:54.904842,haute
BJ-2C5E4065,Association Étude,ONG & Associations,Pobè,+229 83 55 16 11,association.étude@hotmail.com,associationétude.bj,Grande (>200),B2B,Google Maps,4.8,Actif,2026-06-29T00:22:54.904872,haute
BJ-12D40CE5,Association Plaidoyer Pobè,ONG & Associations,Pobè,+229 31 87 70 45,associationplaidoyer@associationplai.org.bj,,PME (10-50),B2B,Google Maps,3.8,Actif,2026-06-29T00:22:54.904903,moyenne
BJ-6917CC06,Santé Alliance,ONG & Associations,Pobè,+229 41 47 30 78,,santéalliance.bj,TPE (<10),B2B,Google Maps,3.4,Actif,2026-06-29T00:22:54.904922,moyenne
BJ-9179E2C9,Échange ONG Pobè,ONG & Associations,Pobè,+229 90 45 41 15,é.ong@échangeongpobè.org.bj,échangeongpobè.bj,Grande (>200),B2B,Google Maps,4.6,Actif,2026-06-29T00:22:54.904942,haute
BJ-6D32C105,Épargne Network,ONG & Associations,Sakété,+229 48 94 40 58,é.network@gmail.com,épargnenetwork.bj,PME (10-50),B2B,Google Maps,4.1,Actif,2026-06-29T00:22:54.904967,haute
BJ-E89BA92E,Organisation Protection Network,ONG & Associations,Sakété,+229 92 55 46 58,o.protection@organisationpro.org.bj,,PME (10-50),B2B,Google Maps,4.4,Actif,2026-06-29T00:22:54.904985,moyenne
BJ-FF6B07FD,Syndicat Emploi Network,ONG & Associations,Sakété,+229 42 39 99 75,syndicatemploi@yahoo.com,syndicatemploinetwork.bj,TPE (<10),B2C,Google Maps,3.6,Actif,2026-06-29T00:22:54.905002,haute
BJ-5C86666E,Entrepreneuriat,ONG & Associations,Sakété,+229 48 45 23 67,,entrepreneuriat.bj,Grande (>200),B2C,Google Maps,3.2,Actif,2026-06-29T00:22:54.905015,moyenne
BJ-CD146DB6,Sensibilisation Alliance,ONG & Associations,Sakété,+229 85 38 89 66,s.alliance@yahoo.fr,sensibilisationalliance.bj,TPE (<10),B2C,Google Maps,3.6,Actif,2026-06-29T00:22:54.905031,haute
BJ-9A66B0BA,Organisation Culture Adjara,ONG & Associations,Adjara,+229 40 52 79 20,organisationculture@organisationcul.org.bj,,PME (10-50),B2B,Google Maps,4.6,Actif,2026-06-29T00:22:54.905055,moyenne
BJ-CD0B28C5,Fondation Protection,ONG & Associations,Adjara,+229 33 69 76 13,fondation.protection@fondationprotec.com.bj,,PME (50-200),B2B,Google Maps,4.1,Actif,2026-06-29T00:22:54.905071,moyenne
BJ-167D8505,Prévention Adjara,ONG & Associations,Adjara,+229 62 26 81 70,prévention.adjara@hotmail.com,,PME (10-50),B2C,Google Maps,4.5,Actif,2026-06-29T00:22:54.905092,moyenne
BJ-2034EB78,Association Dialogue Coalition,ONG & Associations,Adjara,+229 78 81 61 29,associationdialogue@yahoo.com,,Grande (>200),B2B,Google Maps,4.5,Actif,2026-06-29T00:22:54.905108,moyenne
BJ-81EF4D0C,Club Étude Alliance Adjara,ONG & Associations,Adjara,+229 61 21 89 41,,,TPE (<10),B2B,Google Maps,4.1,Actif,2026-06-29T00:22:54.905121,basse
BJ-1B6A5BEE,Syndicat Accompagnement,ONG & Associations,Allada,+229 58 95 18 69,,syndicataccompagnement.bj,PME (10-50),B2C,Google Maps,4.4,Actif,2026-06-29T00:22:54.905139,moyenne
BJ-60DD828B,Syndicat Évaluation,ONG & Associations,Allada,+229 29 45 87 93,,syndicatévaluation.bj,PME (50-200),B2B,Google Maps,4.2,Actif,2026-06-29T00:22:54.905153,moyenne
BJ-711E7A73,Société Suivi ONG,ONG & Associations,Allada,+229 36 78 54 86,société.suivi@yahoo.com,,PME (10-50),B2B,Google Maps,3.7,Actif,2026-06-29T00:22:54.905174,moyenne
BJ-6479A9C7,ONG Microfinance Organisation,ONG & Associations,Allada,+229 32 88 44 19,o.microfinance@ongmicrofinance.org.bj,,PME (10-50),B2C,Google Maps,3.2,Actif,2026-06-29T00:22:54.905192,moyenne
BJ-95FDFFDA,Entrepreneuriat,ONG & Associations,Allada,+229 74 24 61 32,entrepreneuriat@hotmail.com,entrepreneuriat.bj,TPE (<10),B2B,Google Maps,4.6,Actif,2026-06-29T00:22:54.905206,haute
BJ-446BA976,Paix Network,ONG & Associations,Aplahoué,+229 39 93 14 24,,,TPE (<10),B2B,Google Maps,3.5,Actif,2026-06-29T00:22:54.905225,basse
BJ-FEBEE546,Club Assistance Aplahoué,ONG & Associations,Aplahoué,+229 91 83 93 27,clubassistance@clubassistancea.com.bj,,TPE (<10),B2C,Google Maps,4.5,Actif,2026-06-29T00:22:54.905246,moyenne
BJ-E2D7098A,Femme Fondation,ONG & Associations,Aplahoué,+229 57 47 64 92,f.fondation@yahoo.fr,femmefondation.bj,PME (10-50),B2C,Google Maps,3.9,Actif,2026-06-29T00:22:54.905266,haute
BJ-CC1909E0,Sport,ONG & Associations,Aplahoué,+229 41 34 42 44,sport@sport.org.bj,,TPE (<10),B2B,Google Maps,4.1,Actif,2026-06-29T00:22:54.905281,moyenne
BJ-D682A5F7,Droits Organisation,ONG & Associations,Aplahoué,+229 31 73 51 48,d.organisation@gmail.com,,TPE (<10),B2C,Google Maps,3.4,Actif,2026-06-29T00:22:54.905297,moyenne
BJ-600A1AB6,Accompagnement,ONG & Associations,Dogbo-Tota,+229 89 41 52 39,accompagnement@yahoo.fr,,PME (10-50),B2C,Google Maps,3.4,Actif,2026-06-29T00:22:54.905331,moyenne
BJ-7871F9FE,Philanthropie Organisation,ONG & Associations,Dogbo-Tota,+229 99 32 64 83,,,TPE (<10),B2B,Google Maps,4.8,Actif,2026-06-29T00:22:54.905343,basse
BJ-8304732C,Union Paix Fondation Dogbo-Tota,ONG & Associations,Dogbo-Tota,+229 75 69 59 51,union.paix@unionpaixfondat.bj,unionpaixfondationdogbotota.bj,PME (10-50),B2C,Google Maps,3.9,Actif,2026-06-29T00:22:54.905361,haute
BJ-2589199C,Organisation Formation,ONG & Associations,Dogbo-Tota,+229 29 18 60 87,,organisationformation.bj,PME (10-50),B2C,Google Maps,4.8,Actif,2026-06-29T00:22:54.905373,moyenne
BJ-8E5A94B5,Épargne Organisation,ONG & Associations,Kpomassè,+229 79 15 30 68,épargne.organisation@yahoo.com,,TPE (<10),B2B,Google Maps,4.9,Actif,2026-06-29T00:22:54.905397,moyenne
BJ-F57608A6,Ligue Coopération,ONG & Associations,Kpomassè,+229 68 24 62 28,liguecoopération@hotmail.com,,TPE (<10),B2C,Google Maps,3.4,Actif,2026-06-29T00:22:54.905414,moyenne
BJ-EE641BF6,Fédération Volontariat,ONG & Associations,Kpomassè,+229 37 61 76 50,fédération.volontariat@fédérationvolon.bj,,TPE (<10),B2C,Google Maps,3.9,Actif,2026-06-29T00:22:54.905444,moyenne
BJ-3683562C,Ligue Inclusion Fondation,ONG & Associations,Kpomassè,+229 83 61 70 61,ligueinclusion@yahoo.com,,PME (50-200),B2C,Google Maps,4.2,Actif,2026-06-29T00:22:54.905461,moyenne
BJ-25DD6676,ONG Suivi,ONG & Associations,Kpomassè,+229 45 15 21 31,ongsuivi@ongsuivi.bj,ongsuivi.bj,PME (10-50),B2C,Google Maps,4.3,Actif,2026-06-29T00:22:54.905479,haute
BJ-8444C331,Étude,ONG & Associations,Tori-Bossito,+229 74 16 68 70,étude@étude.bj,étude.bj,TPE (<10),B2C,Google Maps,4.1,Actif,2026-06-29T00:22:54.905505,haute
BJ-1D9163C0,Partenariat Tori-Bossito,ONG & Associations,Tori-Bossito,+229 51 35 23 16,partenariattori@gmail.com,partenariattoribossito.bj,PME (10-50),B2C,Google Maps,4.6,Actif,2026-06-29T00:22:54.905523,haute
BJ-9A278138,Organisation Philanthropie Bénin,ONG & Associations,Tori-Bossito,+229 23 59 53 34,,organisationphilanthropiebénin.bj,PME (10-50),B2C,Google Maps,3.4,Actif,2026-06-29T00:22:54.905537,moyenne
BJ-00A4F271,Assistance Network Tori-Bossito,ONG & Associations,Tori-Bossito,+229 57 50 82 94,assistancenetwork@assistancenetwo.com.bj,,TPE (<10),B2B,Google Maps,3.9,Actif,2026-06-29T00:22:54.905558,moyenne
BJ-53E789E6,Paix Africa Tori-Bossito,ONG & Associations,Tori-Bossito,+229 80 53 64 23,paixafrica@paixafricatorib.bj,paixafricatoribossito.bj,TPE (<10),B2C,Google Maps,4.3,Actif,2026-06-29T00:22:54.905594,haute
BJ-0B44D9E1,Club Diversité,ONG & Associations,Grand-Popo,+229 68 75 56 79,c.diversité@clubdiversité.org.bj,clubdiversité.bj,TPE (<10),B2C,Google Maps,3.0,Actif,2026-06-29T00:22:54.905634,haute
BJ-5EA34A0D,Diversité,ONG & Associations,Grand-Popo,+229 50 23 88 28,diversité@hotmail.com,,TPE (<10),B2B,Google Maps,4.3,Actif,2026-06-29T00:22:54.905652,moyenne
BJ-27003F26,Épargne International,ONG & Associations,Grand-Popo,+229 48 16 31 71,é.international@yahoo.fr,,TPE (<10),B2B,Google Maps,3.2,Actif,2026-06-29T00:22:54.905674,moyenne
BJ-D2FE7A03,Solidarité Grand-Popo,ONG & Associations,Grand-Popo,+229 88 22 25 39,s.grand@solidaritégrand.bj,,TPE (<10),B2C,Google Maps,3.6,Actif,2026-06-29T00:22:54.905694,moyenne
BJ-D22AE05E,Syndicat Diffusion Association,ONG & Associations,Athiémé,+229 34 37 49 62,syndicatdiffusion@syndicatdiffusi.com.bj,syndicatdiffusionassociation.bj,Grande (>200),B2B,Google Maps,4.4,Actif,2026-06-29T00:22:54.905735,haute
BJ-D3F82A0C,Syndicat Équité,ONG & Associations,Athiémé,+229 22 67 36 57,syndicatéquité@yahoo.com,,TPE (<10),B2B,Google Maps,3.0,Actif,2026-06-29T00:22:54.905753,moyenne
BJ-E4AD50D0,Ligue Inclusion,ONG & Associations,Athiémé,+229 32 47 20 30,,ligueinclusion.bj,PME (50-200),B2C,Google Maps,4.9,Actif,2026-06-29T00:22:54.905766,moyenne
BJ-F1A5CB87,Union Bénévolat,ONG & Associations,Athiémé,+229 22 12 12 48,u.bénévolat@yahoo.fr,unionbénévolat.bj,PME (50-200),B2B,Google Maps,3.1,Actif,2026-06-29T00:22:54.905784,haute
BJ-7B66F474,Inclusion,ONG & Associations,Athiémé,+229 86 57 16 41,inclusion@hotmail.com,inclusion.bj,TPE (<10),B2C,Google Maps,4.6,Actif,2026-06-29T00:22:54.905799,haute
BJ-E067C362,Citoyenneté Bopa,ONG & Associations,Bopa,+229 39 49 18 63,citoyenneté.bopa@citoyennetébopa.com.bj,citoyennetébopa.bj,PME (50-200),B2C,Google Maps,4.4,Actif,2026-06-29T00:22:54.905824,haute
BJ-E2526B06,Humanitaire Network Bopa,ONG & Associations,Bopa,+229 23 77 67 25,h.network@humanitairenetw.com.bj,,Grande (>200),B2B,Google Maps,4.7,Actif,2026-06-29T00:22:54.905843,moyenne
BJ-94E62C68,Partenariat Bopa,ONG & Associations,Bopa,+229 20 46 95 56,partenariatbopa@yahoo.com,,PME (50-200),B2C,Google Maps,5.0,Actif,2026-06-29T00:22:54.905862,moyenne
BJ-C585A913,Accompagnement,ONG & Associations,Bopa,+229 48 20 76 42,,accompagnement.bj,TPE (<10),B2B,Google Maps,3.8,Actif,2026-06-29T00:22:54.905876,moyenne
BJ-3AA060BD,Capitalisation,ONG & Associations,Bopa,+229 53 27 67 24,capitalisation@gmail.com,capitalisation.bj,Grande (>200),B2B,Google Maps,3.4,Actif,2026-06-29T00:22:54.905900,haute
BJ-D5E6523B,Prévention Africa,ONG & Associations,Houéyogbé,+229 69 71 76 86,p.africa@yahoo.fr,préventionafrica.bj,Grande (>200),B2C,Google Maps,3.1,Actif,2026-06-29T00:22:54.905927,haute
BJ-5E0D1C0C,Protection Network,ONG & Associations,Houéyogbé,+229 83 97 21 29,,,PME (50-200),B2C,Google Maps,4.7,Actif,2026-06-29T00:22:54.905943,basse
BJ-2AB38083,Club Sensibilisation ONG,ONG & Associations,Houéyogbé,+229 79 80 44 52,club.sensibilisation@yahoo.com,,PME (10-50),B2C,Google Maps,4.8,Actif,2026-06-29T00:22:54.905961,moyenne
BJ-352A8D85,Société Monitoring Fondation,ONG & Associations,Houéyogbé,+229 25 67 72 76,société.monitoring@outlook.com,sociétémonitoringfondation.bj,PME (10-50),B2C,Google Maps,4.7,Actif,2026-06-29T00:22:54.905982,haute
BJ-ABB79848,Santé Bénin Houéyogbé,ONG & Associations,Houéyogbé,+229 69 44 43 50,santébénin@yahoo.com,santébéninhouéyogbé.bj,TPE (<10),B2C,Google Maps,3.0,Actif,2026-06-29T00:22:54.906001,haute
BJ-F30EE64B,Charité Africa,ONG & Associations,Malanville,+229 94 83 15 99,charitéafrica@charitéafrica.com.bj,charitéafrica.bj,TPE (<10),B2C,Google Maps,4.1,Actif,2026-06-29T00:22:54.906029,haute
BJ-08137A6E,Union Paix,ONG & Associations,Malanville,+229 23 74 55 75,u.paix@gmail.com,unionpaix.bj,PME (10-50),B2C,Google Maps,4.7,Actif,2026-06-29T00:22:54.906047,haute
BJ-E1DF39E2,Femme Malanville,ONG & Associations,Malanville,+229 82 25 79 95,femmemalanville@yahoo.fr,,TPE (<10),B2C,Google Maps,3.9,Actif,2026-06-29T00:22:54.906066,moyenne
BJ-687F0CE9,Femme Africa,ONG & Associations,Malanville,+229 63 76 40 96,femme.africa@femmeafrica.org.bj,femmeafrica.bj,TPE (<10),B2B,Google Maps,4.5,Actif,2026-06-29T00:22:54.906083,haute
BJ-BB743500,Société Culture Alliance,ONG & Associations,Malanville,+229 44 24 13 70,sociétéculture@sociétéculturea.com.bj,,PME (10-50),B2B,Google Maps,3.6,Actif,2026-06-29T00:22:54.906100,moyenne
BJ-3B3176B3,Échange ONG,ONG & Associations,Kandi,+229 23 19 42 76,é.ong@yahoo.fr,échangeong.bj,PME (10-50),B2B,Google Maps,5.0,Actif,2026-06-29T00:22:54.906125,haute
BJ-F8B95BAB,Recherche Fondation Kandi,ONG & Associations,Kandi,+229 25 27 15 52,recherchefondation@recherchefondat.com.bj,recherchefondationkandi.bj,PME (10-50),B2C,Google Maps,3.4,Actif,2026-06-29T00:22:54.906143,haute
BJ-CB302662,Culture,ONG & Associations,Kandi,+229 48 43 51 65,,culture.bj,PME (10-50),B2B,Google Maps,4.7,Actif,2026-06-29T00:22:54.906156,moyenne
BJ-588C1023,Capitalisation Kandi,ONG & Associations,Kandi,+229 78 25 96 42,capitalisationkandi@capitalisationk.com.bj,capitalisationkandi.bj,PME (10-50),B2C,Google Maps,3.3,Actif,2026-06-29T00:22:54.906173,haute
BJ-9BBFB63E,Fondation Partenariat Alliance Banikoara,ONG & Associations,Banikoara,+229 38 32 47 43,f.partenariat@fondationparten.bj,fondationpartenariatalliancebanikoara.bj,PME (10-50),B2B,Google Maps,3.3,Actif,2026-06-29T00:22:54.906212,haute
BJ-8ABBD648,Fondation Entrepreneuriat,ONG & Associations,Banikoara,+229 56 61 11 75,fondation.entrepreneuriat@fondationentrep.org.bj,,PME (50-200),B2C,Google Maps,3.7,Actif,2026-06-29T00:22:54.906229,moyenne
BJ-49BF8EC7,Association Advocacy,ONG & Associations,Banikoara,+229 59 84 12 27,associationadvocacy@associationadvo.org.bj,associationadvocacy.bj,PME (50-200),B2C,Google Maps,3.6,Actif,2026-06-29T00:22:54.906253,haute
BJ-59FAC614,Fondation Environnement,ONG & Associations,Banikoara,+229 44 90 78 98,fondation.environnement@fondationenviro.com.bj,fondationenvironnement.bj,PME (10-50),B2B,Google Maps,3.8,Actif,2026-06-29T00:22:54.906269,haute
BJ-C188E263,Monitoring Fondation,ONG & Associations,Banikoara,+229 76 49 74 93,,,PME (10-50),B2C,Google Maps,3.3,Actif,2026-06-29T00:22:54.906281,basse
BJ-B60B914C,Fondation Plaidoyer Fondation Ségbana,ONG & Associations,Ségbana,+229 98 41 29 17,fondation.plaidoyer@fondationplaido.org.bj,fondationplaidoyerfondationségbana.bj,PME (10-50),B2B,Google Maps,3.3,Actif,2026-06-29T00:22:54.906306,haute
BJ-FBB27F19,ONG Éducation Fondation Ségbana,ONG & Associations,Ségbana,+229 77 58 91 92,,ongéducationfondationségbana.bj,PME (10-50),B2C,Google Maps,3.6,Actif,2026-06-29T00:22:54.906336,moyenne
BJ-88B69A1D,Charité ONG Ségbana,ONG & Associations,Ségbana,+229 88 24 73 53,,,PME (10-50),B2B,Google Maps,3.1,Actif,2026-06-29T00:22:54.906348,basse
BJ-40371DB4,Société Charité,ONG & Associations,Ségbana,+229 25 45 51 22,s.charité@sociétécharité.com.bj,sociétécharité.bj,TPE (<10),B2C,Google Maps,3.3,Actif,2026-06-29T00:22:54.906366,haute
BJ-4787AED1,Fondation Paix Coalition,ONG & Associations,Karimama,+229 62 27 61 21,,,TPE (<10),B2B,Google Maps,5.0,Actif,2026-06-29T00:22:54.906384,basse
BJ-21683E9C,Culture Association Karimama,ONG & Associations,Karimama,+229 98 25 45 38,,,PME (10-50),B2B,Google Maps,4.0,Actif,2026-06-29T00:22:54.906396,basse
BJ-E5AE12FC,Union Citoyenneté,ONG & Associations,Karimama,+229 38 49 70 86,,unioncitoyenneté.bj,TPE (<10),B2B,Google Maps,4.7,Actif,2026-06-29T00:22:54.906412,moyenne
BJ-8C93A2B7,Équité Bénin,ONG & Associations,Karimama,+229 63 38 24 83,équitébénin@hotmail.com,,TPE (<10),B2B,Google Maps,3.0,Actif,2026-06-29T00:22:54.906430,moyenne
BJ-9C5FB81F,Société Humanitaire,ONG & Associations,Karimama,+229 47 23 45 73,sociétéhumanitaire@hotmail.com,sociétéhumanitaire.bj,PME (50-200),B2C,Google Maps,3.7,Actif,2026-06-29T00:22:54.906450,haute
BJ-A7234BD6,Association Analyse Fondation Gogounou,ONG & Associations,Gogounou,+229 54 14 80 35,,associationanalysefondationgogounou.bj,TPE (<10),B2C,Google Maps,3.9,Actif,2026-06-29T00:22:54.906470,moyenne
BJ-4A16D168,Charité,ONG & Associations,Gogounou,+229 65 28 53 80,,charité.bj,PME (10-50),B2B,Google Maps,3.6,Actif,2026-06-29T00:22:54.906483,moyenne
BJ-EC754BA8,Fondation Volontariat,ONG & Associations,Gogounou,+229 80 90 72 28,,fondationvolontariat.bj,TPE (<10),B2C,Google Maps,3.8,Actif,2026-06-29T00:22:54.906495,moyenne
BJ-EA0660CA,Capitalisation Gogounou,ONG & Associations,Gogounou,+229 28 90 40 34,capitalisationgogounou@gmail.com,capitalisationgogounou.bj,PME (50-200),B2C,Google Maps,4.2,Actif,2026-06-29T00:22:54.906512,haute
BJ-97F388B3,Intégration,ONG & Associations,Gogounou,+229 49 97 58 16,intégration@outlook.com,intégration.bj,TPE (<10),B2B,Google Maps,3.3,Actif,2026-06-29T00:22:54.906527,haute
BJ-97D6B105,Syndicat Formation ONG,ONG & Associations,Cobly,+229 75 91 86 85,,,PME (50-200),B2B,Google Maps,4.7,Actif,2026-06-29T00:22:54.906545,basse
BJ-BC93FF00,Inclusion,ONG & Associations,Cobly,+229 66 33 51 50,,inclusion.bj,TPE (<10),B2B,Google Maps,4.9,Actif,2026-06-29T00:22:54.906564,moyenne
BJ-10230C45,Société Advocacy,ONG & Associations,Cobly,+229 49 11 80 78,société_advocacy@sociétéadvocacy.com.bj,,PME (10-50),B2B,Google Maps,4.1,Actif,2026-06-29T00:22:54.906609,moyenne
BJ-272D256C,Organisation Partenariat Alliance,ONG & Associations,Cobly,+229 22 99 34 33,organisationpartenariat@yahoo.com,organisationpartenariatalliance.bj,TPE (<10),B2B,Google Maps,4.4,Actif,2026-06-29T00:22:54.906630,haute
BJ-50C2CD47,Emploi Africa,ONG & Associations,Cobly,+229 55 47 14 60,emploiafrica@emploiafrica.com.bj,,TPE (<10),B2B,Google Maps,3.6,Actif,2026-06-29T00:22:54.906649,moyenne
BJ-9A769E10,Suivi Bénin,ONG & Associations,Tanguiéta,+229 35 73 56 51,suivi_bénin@hotmail.com,suivibénin.bj,PME (50-200),B2B,Google Maps,3.4,Actif,2026-06-29T00:22:54.906675,haute
BJ-9F69CFD8,Recherche,ONG & Associations,Tanguiéta,+229 68 24 64 43,,recherche.bj,TPE (<10),B2C,Google Maps,3.4,Actif,2026-06-29T00:22:54.906688,moyenne
BJ-E0F93715,Ligue Diversité,ONG & Associations,Tanguiéta,+229 27 78 85 22,ligue.diversité@gmail.com,liguediversité.bj,PME (50-200),B2C,Google Maps,3.9,Actif,2026-06-29T00:22:54.906706,haute
BJ-B383A139,Union Microfinance,ONG & Associations,Tanguiéta,+229 97 81 66 98,u.microfinance@outlook.com,unionmicrofinance.bj,Grande (>200),B2C,Google Maps,3.5,Actif,2026-06-29T00:22:54.906739,haute
BJ-125A9F79,Sensibilisation Matéri,ONG & Associations,Matéri,+229 56 26 62 73,sensibilisation.matéri@yahoo.fr,,PME (10-50),B2C,Google Maps,3.3,Actif,2026-06-29T00:22:54.906762,moyenne
BJ-706E141B,Bénévolat Alliance,ONG & Associations,Matéri,+229 81 80 76 66,b.alliance@bénévolatallian.org.bj,bénévolatalliance.bj,PME (10-50),B2C,Google Maps,4.7,Actif,2026-06-29T00:22:54.906782,haute
BJ-33D3A2B2,Volontariat Alliance,ONG & Associations,Matéri,+229 79 88 65 40,volontariat_alliance@volontariatalli.bj,volontariatalliance.bj,PME (50-200),B2B,Google Maps,4.2,Actif,2026-06-29T00:22:54.906803,haute
BJ-ED80868C,Microfinance Matéri,ONG & Associations,Matéri,+229 38 97 91 66,,microfinancematéri.bj,PME (10-50),B2B,Google Maps,4.8,Actif,2026-06-29T00:22:54.906819,moyenne
BJ-C92E5E08,Plaidoyer,ONG & Associations,Matéri,+229 28 95 35 55,plaidoyer@plaidoyer.org.bj,,PME (50-200),B2C,Google Maps,3.0,Actif,2026-06-29T00:22:54.906835,moyenne
BJ-F27307D1,Association Publication Organisation,ONG & Associations,Natitingou,+229 94 73 53 62,,,TPE (<10),B2B,Google Maps,4.3,Actif,2026-06-29T00:22:54.906869,basse
BJ-A6249558,Droits International Natitingou,ONG & Associations,Natitingou,+229 83 32 34 35,,droitsinternationalnatitingou.bj,PME (50-200),B2B,Google Maps,4.3,Actif,2026-06-29T00:22:54.906885,moyenne
BJ-64171684,Union Emploi Organisation,ONG & Associations,Natitingou,+229 70 56 84 12,,,TPE (<10),B2C,Google Maps,4.1,Actif,2026-06-29T00:22:54.906966,basse
BJ-2B294D7F,Analyse,ONG & Associations,Natitingou,+229 60 49 25 98,analyse@yahoo.fr,analyse.bj,TPE (<10),B2C,Google Maps,3.1,Actif,2026-06-29T00:22:54.906983,haute
BJ-BB0A4C38,Club Microfinance International,ONG & Associations,Toucountouna,+229 75 57 49 49,clubmicrofinance@clubmicrofinanc.bj,,TPE (<10),B2C,Google Maps,3.9,Actif,2026-06-29T00:22:54.907006,moyenne
BJ-6CDD00E2,Prévention Alliance Toucountouna,ONG & Associations,Toucountouna,+229 81 86 25 79,prévention.alliance@préventionallia.bj,,PME (50-200),B2B,Google Maps,4.5,Actif,2026-06-29T00:22:54.907026,moyenne
BJ-79016ED2,ONG Partenariat,ONG & Associations,Toucountouna,+229 52 17 33 73,ong.partenariat@yahoo.fr,,TPE (<10),B2C,Google Maps,3.1,Actif,2026-06-29T00:22:54.907045,moyenne
BJ-8BD5C2F1,Capitalisation Association,ONG & Associations,Toucountouna,+229 20 46 14 97,,,TPE (<10),B2B,Google Maps,4.4,Actif,2026-06-29T00:22:54.907057,basse
BJ-3A96EBF0,Santé Toucountouna,ONG & Associations,Toucountouna,+229 31 63 77 88,santétoucountouna@santétoucountou.bj,,Grande (>200),B2C,Google Maps,4.8,Actif,2026-06-29T00:22:54.907075,moyenne
BJ-5B66E867,Intégration Alliance,ONG & Associations,Boukoumbé,+229 53 95 58 49,intégrationalliance@gmail.com,,PME (10-50),B2C,Google Maps,3.5,Actif,2026-06-29T00:22:54.907098,moyenne
BJ-84FBBC19,Publication Coalition,ONG & Associations,Boukoumbé,+229 97 83 52 57,p.coalition@publicationcoal.org.bj,publicationcoalition.bj,PME (10-50),B2B,Google Maps,3.2,Actif,2026-06-29T00:22:54.907115,haute
BJ-316176C8,Capitalisation Coalition,ONG & Associations,Boukoumbé,+229 26 88 99 94,c.coalition@yahoo.fr,,PME (10-50),B2B,Google Maps,3.1,Actif,2026-06-29T00:22:54.907130,moyenne
BJ-BF45169F,Dialogue Bénin,ONG & Associations,Boukoumbé,+229 43 17 57 44,dialogue.bénin@gmail.com,dialoguebénin.bj,TPE (<10),B2B,Google Maps,3.6,Actif,2026-06-29T00:22:54.907148,haute
BJ-981577FB,Syndicat Insertion ONG,ONG & Associations,Boukoumbé,+229 30 26 26 35,,,Grande (>200),B2B,Google Maps,4.4,Actif,2026-06-29T00:22:54.907159,basse
BJ-F0332E51,Ligue Diversité,ONG & Associations,Kouandé,+229 52 90 32 58,,liguediversité.bj,PME (10-50),B2C,Google Maps,3.9,Actif,2026-06-29T00:22:54.907178,moyenne
BJ-5DC0E491,Advocacy Coalition,ONG & Associations,Kouandé,+229 50 88 28 80,advocacycoalition@outlook.com,,PME (50-200),B2C,Google Maps,3.4,Actif,2026-06-29T00:22:54.907194,moyenne
BJ-ED6CAC76,Insertion Association Kouandé,ONG & Associations,Kouandé,+229 76 10 66 84,insertion_association@insertionassoci.org.bj,,TPE (<10),B2C,Google Maps,4.7,Actif,2026-06-29T00:22:54.907214,moyenne
BJ-BE72103B,ONG Volontariat International,ONG & Associations,Kouandé,+229 59 10 76 49,,ongvolontariatinternational.bj,PME (10-50),B2C,Google Maps,4.5,Actif,2026-06-29T00:22:54.907230,moyenne
BJ-9330B3E5,Club Crédit Alliance Kouandé,ONG & Associations,Kouandé,+229 76 47 40 95,,clubcréditalliancekouandé.bj,PME (50-200),B2B,Google Maps,4.0,Actif,2026-06-29T00:22:54.907244,moyenne
BJ-25FF266B,Fondation Social ONG,ONG & Associations,Péhunco,+229 29 18 44 69,,fondationsocialong.bj,TPE (<10),B2C,Google Maps,3.1,Actif,2026-06-29T00:22:54.907262,moyenne
BJ-7284B163,Social International Péhunco,ONG & Associations,Péhunco,+229 55 28 13 21,,socialinternationalpéhunco.bj,PME (50-200),B2B,Google Maps,4.4,Actif,2026-06-29T00:22:54.907275,moyenne
BJ-06C55521,Union Sensibilisation Association,ONG & Associations,Péhunco,+229 88 48 27 87,union.sensibilisation@yahoo.fr,unionsensibilisationassociation.bj,PME (10-50),B2C,Google Maps,3.1,Actif,2026-06-29T00:22:54.907291,haute
BJ-97899319,Insertion,ONG & Associations,Péhunco,+229 80 45 29 62,insertion@gmail.com,insertion.bj,Grande (>200),B2B,Google Maps,4.0,Actif,2026-06-29T00:22:54.907306,haute
BJ-E1069695,Crédit Coalition,ONG & Associations,Péhunco,+229 35 74 95 88,,créditcoalition.bj,PME (10-50),B2B,Google Maps,3.5,Actif,2026-06-29T00:22:54.907319,moyenne
BJ-2B6C8799,Dialogue International,ONG & Associations,Tchaourou,+229 48 14 20 81,,dialogueinternational.bj,TPE (<10),B2C,Google Maps,3.2,Actif,2026-06-29T00:22:54.907340,moyenne
BJ-342B0CC3,Union Recherche Organisation Tchaourou,ONG & Associations,Tchaourou,+229 23 27 97 52,union.recherche@unionrechercheo.org.bj,unionrechercheorganisationtchaourou.bj,PME (50-200),B2C,Google Maps,3.3,Actif,2026-06-29T00:22:54.907374,haute
BJ-F77A46FF,Société Justice,ONG & Associations,Tchaourou,+229 47 86 50 98,,sociétéjustice.bj,TPE (<10),B2B,Google Maps,4.4,Actif,2026-06-29T00:22:54.907392,moyenne
BJ-270941A7,Club Entrepreneuriat,ONG & Associations,Tchaourou,+229 92 77 54 53,clubentrepreneuriat@yahoo.com,clubentrepreneuriat.bj,PME (50-200),B2B,Google Maps,4.6,Actif,2026-06-29T00:22:54.907408,haute
BJ-15BB8325,Club Aide,ONG & Associations,Tchaourou,+229 29 51 55 85,,,PME (10-50),B2B,Google Maps,3.2,Actif,2026-06-29T00:22:54.907419,basse
BJ-EF38782F,Diversité Nikki,ONG & Associations,Nikki,+229 83 68 66 82,,,PME (10-50),B2B,Google Maps,3.5,Actif,2026-06-29T00:22:54.907438,basse
BJ-7B5FED93,Prévention,ONG & Associations,Nikki,+229 51 22 26 28,prévention@prévention.bj,prévention.bj,PME (10-50),B2B,Google Maps,3.4,Actif,2026-06-29T00:22:54.907453,haute
BJ-1528F6DB,ONG Monitoring,ONG & Associations,Nikki,+229 33 59 68 26,o.monitoring@outlook.com,,TPE (<10),B2B,Google Maps,3.8,Actif,2026-06-29T00:22:54.907469,moyenne
BJ-310FB213,Coopération Network,ONG & Associations,Nikki,+229 64 50 23 33,c.network@yahoo.fr,,TPE (<10),B2C,Google Maps,4.7,Actif,2026-06-29T00:22:54.907486,moyenne
BJ-4D2C3AFF,Emploi Nikki,ONG & Associations,Nikki,+229 40 30 39 31,e.nikki@emploinikki.bj,,TPE (<10),B2C,Google Maps,3.1,Actif,2026-06-29T00:22:54.907505,moyenne
BJ-9BA60DD1,Organisation Droits,ONG & Associations,Bembéréké,+229 62 53 66 44,,,PME (50-200),B2B,Google Maps,4.2,Actif,2026-06-29T00:22:54.907541,basse
BJ-B242818C,Analyse Coalition,ONG & Associations,Bembéréké,+229 46 97 53 87,analyse.coalition@analysecoalitio.com.bj,analysecoalition.bj,PME (10-50),B2C,Google Maps,3.5,Actif,2026-06-29T00:22:54.907559,haute
BJ-EBB1C6D8,Organisation Philanthropie Bembéréké,ONG & Associations,Bembéréké,+229 34 47 68 45,,,PME (10-50),B2B,Google Maps,4.2,Actif,2026-06-29T00:22:54.907588,basse
BJ-E95F3DBC,Partenariat Africa,ONG & Associations,Bembéréké,+229 45 51 49 81,partenariatafrica@partenariatafri.bj,,Grande (>200),B2B,Google Maps,4.2,Actif,2026-06-29T00:22:54.907604,moyenne
BJ-3CF52F57,Assistance Alliance,ONG & Associations,Bembéréké,+229 53 97 42 80,a.alliance@assistanceallia.bj,assistancealliance.bj,PME (10-50),B2B,Google Maps,3.8,Actif,2026-06-29T00:22:54.907619,haute
BJ-979FA70A,Épargne Association,ONG & Associations,Kalalé,+229 78 86 25 85,,épargneassociation.bj,PME (50-200),B2B,Google Maps,3.7,Actif,2026-06-29T00:22:54.907638,moyenne
BJ-074579B4,Ligue Partenariat,ONG & Associations,Kalalé,+229 81 77 26 74,ligue.partenariat@yahoo.fr,liguepartenariat.bj,PME (10-50),B2B,Google Maps,4.1,Actif,2026-06-29T00:22:54.907654,haute
BJ-A212F49C,Évaluation Organisation,ONG & Associations,Kalalé,+229 97 80 97 54,,évaluationorganisation.bj,TPE (<10),B2B,Google Maps,3.1,Actif,2026-06-29T00:22:54.907666,moyenne
BJ-63BDFC70,Fédération Publication,ONG & Associations,Kalalé,+229 86 35 18 35,,,Grande (>200),B2B,Google Maps,3.9,Actif,2026-06-29T00:22:54.907677,basse
BJ-2B4B1EE3,Analyse,ONG & Associations,Kalalé,+229 56 34 56 36,analyse@outlook.com,,PME (10-50),B2C,Google Maps,4.3,Actif,2026-06-29T00:22:54.907691,moyenne
BJ-333B4F7A,Recherche,ONG & Associations,Ndali,+229 87 90 59 94,recherche@recherche.com.bj,recherche.bj,TPE (<10),B2C,Google Maps,4.9,Actif,2026-06-29T00:22:54.907711,haute
BJ-42D9C22F,Humanitaire Coalition,ONG & Associations,Ndali,+229 32 24 12 20,h.coalition@yahoo.com,humanitairecoalition.bj,PME (10-50),B2B,Google Maps,4.2,Actif,2026-06-29T00:22:54.907727,haute
BJ-6B17E86E,Sensibilisation Ndali,ONG & Associations,Ndali,+229 48 87 53 25,sensibilisation.ndali@yahoo.com,sensibilisationndali.bj,TPE (<10),B2B,Google Maps,4.1,Actif,2026-06-29T00:22:54.907745,haute
BJ-06C27724,Advocacy,ONG & Associations,Ndali,+229 86 93 52 19,advocacy@advocacy.bj,advocacy.bj,PME (50-200),B2C,Google Maps,4.5,Actif,2026-06-29T00:22:54.907760,haute
BJ-48039D1C,Diversité Fondation,ONG & Associations,Ndali,+229 23 91 91 27,diversité.fondation@outlook.com,,PME (50-200),B2B,Google Maps,3.5,Actif,2026-06-29T00:22:54.907779,moyenne
BJ-C09DDA03,Union Emploi Alliance,ONG & Associations,Ségbana,+229 90 54 64 25,union.emploi@unionemploialli.bj,,TPE (<10),B2B,Google Maps,4.2,Actif,2026-06-29T00:22:54.907805,moyenne
BJ-6EEB7A91,Club Coopération Bénin Ségbana,ONG & Associations,Ségbana,+229 52 10 83 42,c.coopération@hotmail.com,clubcoopérationbéninségbana.bj,PME (10-50),B2B,Google Maps,3.2,Actif,2026-06-29T00:22:54.907846,haute
BJ-89A671AC,Ligue Capitalisation,ONG & Associations,Ségbana,+229 67 58 97 68,ligue_capitalisation@gmail.com,liguecapitalisation.bj,TPE (<10),B2B,Google Maps,3.2,Actif,2026-06-29T00:22:54.907862,haute
BJ-48E20B6D,Entrepreneuriat,ONG & Associations,Ségbana,+229 39 58 95 28,,entrepreneuriat.bj,Grande (>200),B2B,Google Maps,3.6,Actif,2026-06-29T00:22:54.907876,moyenne
BJ-B20B570F,Association Prévention Organisation,ONG & Associations,Ségbana,+229 29 33 53 83,a.prévention@yahoo.com,associationpréventionorganisation.bj,PME (10-50),B2B,Google Maps,3.3,Actif,2026-06-29T00:22:54.907905,haute
BJ-B37E4FA7,Club Volontariat Coalition,ONG & Associations,Tchaourou,+229 56 69 79 57,clubvolontariat@clubvolontariat.com.bj,clubvolontariatcoalition.bj,TPE (<10),B2B,Google Maps,3.7,Actif,2026-06-29T00:22:54.907943,haute
BJ-44122667,Philanthropie International,ONG & Associations,Tchaourou,+229 51 53 56 19,p.international@yahoo.com,philanthropieinternational.bj,TPE (<10),B2C,Google Maps,3.8,Actif,2026-06-29T00:22:54.907963,haute
BJ-F992EADB,Fondation Charité,ONG & Associations,Tchaourou,+229 55 11 91 36,,fondationcharité.bj,PME (50-200),B2B,Google Maps,3.8,Actif,2026-06-29T00:22:54.907977,moyenne
BJ-94CA77AE,Advocacy,ONG & Associations,Bétérou,+229 47 45 33 15,advocacy@advocacy.com.bj,,PME (10-50),B2C,Google Maps,3.5,Actif,2026-06-29T00:22:54.908056,moyenne
BJ-2B50B990,Prévention,ONG & Associations,Bétérou,+229 27 68 45 16,prévention@prévention.org.bj,prévention.bj,Grande (>200),B2B,Google Maps,4.2,Actif,2026-06-29T00:22:54.908074,haute
BJ-F1999C79,Union Recherche Fondation,ONG & Associations,Bétérou,+229 20 87 78 65,union.recherche@unionrecherchef.org.bj,unionrecherchefondation.bj,TPE (<10),B2C,Google Maps,4.6,Actif,2026-06-29T00:22:54.908093,haute
BJ-57482C44,Échange,ONG & Associations,Bétérou,+229 91 94 96 48,échange@gmail.com,,PME (10-50),B2B,Google Maps,4.6,Actif,2026-06-29T00:22:54.908108,moyenne
BJ-D1D28724,Syndicat Démocratie Bétérou,ONG & Associations,Bétérou,+229 72 21 44 91,syndicat.démocratie@outlook.com,,PME (10-50),B2B,Google Maps,3.3,Actif,2026-06-29T00:22:54.908125,moyenne
BJ-06E897EB,Fondation Protection,ONG & Associations,Ouessè,+229 74 23 46 70,fondation.protection@fondationprotec.org.bj,fondationprotection.bj,TPE (<10),B2C,Google Maps,3.5,Actif,2026-06-29T00:22:54.908149,haute
BJ-81508884,Union Social International,ONG & Associations,Ouessè,+229 68 56 32 27,union.social@yahoo.fr,unionsocialinternational.bj,TPE (<10),B2B,Google Maps,3.8,Actif,2026-06-29T00:22:54.908166,haute
BJ-948CD9D3,ONG Capitalisation,ONG & Associations,Ouessè,+229 32 22 75 48,ongcapitalisation@ongcapitalisati.org.bj,ongcapitalisation.bj,TPE (<10),B2C,Google Maps,4.0,Actif,2026-06-29T00:22:54.908191,haute
BJ-866B1ABD,Association Humanitaire Africa,ONG & Associations,Ouessè,+229 37 13 89 59,associationhumanitaire@associationhuma.org.bj,,PME (50-200),B2C,Google Maps,3.9,Actif,2026-06-29T00:22:54.908209,moyenne
BJ-CA6AC3CF,Fédération Éducation,ONG & Associations,Ouessè,+229 77 82 88 96,fédérationéducation@yahoo.fr,,TPE (<10),B2C,Google Maps,4.3,Actif,2026-06-29T00:22:54.908227,moyenne
BJ-004C0252,ONG Recherche,ONG & Associations,Glazoué,+229 54 61 83 97,,,TPE (<10),B2B,Google Maps,4.2,Actif,2026-06-29T00:22:54.908260,basse
BJ-CEF16D75,Organisation Femme Fondation,ONG & Associations,Glazoué,+229 99 40 87 20,o.femme@outlook.com,organisationfemmefondation.bj,TPE (<10),B2C,Google Maps,3.9,Actif,2026-06-29T00:22:54.908277,haute
BJ-48E92F1D,Solidarité Fondation,ONG & Associations,Glazoué,+229 82 28 50 61,s.fondation@hotmail.com,,TPE (<10),B2B,Google Maps,3.6,Actif,2026-06-29T00:22:54.908298,moyenne
BJ-C313EC3B,Syndicat Analyse Coalition,ONG & Associations,Glazoué,+229 46 26 73 91,s.analyse@syndicatanalyse.org.bj,,TPE (<10),B2C,Google Maps,4.0,Actif,2026-06-29T00:22:54.908328,moyenne
BJ-6471F29A,Publication International,ONG & Associations,Dassa-Zoumè,+229 28 41 65 49,,,TPE (<10),B2C,Google Maps,3.5,Actif,2026-06-29T00:22:54.908346,basse
BJ-B7D9E474,Recherche Dassa-Zoumè,ONG & Associations,Dassa-Zoumè,+229 89 94 39 67,recherche_dassa@recherchedassaz.com.bj,recherchedassazoumè.bj,TPE (<10),B2C,Google Maps,3.5,Actif,2026-06-29T00:22:54.908366,haute
BJ-96B64C3C,Club Paix Africa,ONG & Associations,Dassa-Zoumè,+229 60 65 69 55,,clubpaixafrica.bj,Grande (>200),B2B,Google Maps,4.5,Actif,2026-06-29T00:22:54.908382,moyenne
BJ-07FE250E,Union Philanthropie,ONG & Associations,Dassa-Zoumè,+229 34 32 42 46,unionphilanthropie@yahoo.com,,TPE (<10),B2B,Google Maps,4.2,Actif,2026-06-29T00:22:54.908398,moyenne
BJ-40D48AF2,Insertion Alliance,ONG & Associations,Dassa-Zoumè,+229 23 20 29 82,,,TPE (<10),B2B,Google Maps,4.3,Actif,2026-06-29T00:22:54.908412,basse
BJ-D47CC49D,Fondation Partenariat,ONG & Associations,Savalou,+229 82 92 66 83,,fondationpartenariat.bj,TPE (<10),B2C,Google Maps,4.1,Actif,2026-06-29T00:22:54.908431,moyenne
BJ-2A52852B,Partenariat,ONG & Associations,Savalou,+229 61 66 11 37,partenariat@partenariat.bj,partenariat.bj,TPE (<10),B2B,Google Maps,4.4,Actif,2026-06-29T00:22:54.908446,haute
BJ-B38610E5,Charité,ONG & Associations,Savalou,+229 88 68 39 97,,,TPE (<10),B2C,Google Maps,4.4,Actif,2026-06-29T00:22:54.908458,basse
BJ-4D13719E,Organisation Microfinance Association,ONG & Associations,Savalou,+229 77 12 11 54,,,TPE (<10),B2C,Google Maps,4.7,Actif,2026-06-29T00:22:54.908469,basse
BJ-08F07123,ONG Enfant Savalou,ONG & Associations,Savalou,+229 33 82 72 88,,ongenfantsavalou.bj,PME (50-200),B2C,Google Maps,3.3,Actif,2026-06-29T00:22:54.908484,moyenne
BJ-3D1B6E99,Ligue Assistance,ONG & Associations,Bantè,+229 48 94 33 67,ligue.assistance@ligueassistance.org.bj,,TPE (<10),B2C,Google Maps,3.9,Actif,2026-06-29T00:22:54.908506,moyenne
BJ-7E2CB741,Union Démocratie Organisation,ONG & Associations,Bantè,+229 53 26 53 34,union.démocratie@uniondémocratie.com.bj,,TPE (<10),B2C,Google Maps,3.2,Actif,2026-06-29T00:22:54.908524,moyenne
BJ-76D3E7CD,Ligue Recherche International Bantè,ONG & Associations,Bantè,+229 25 54 82 64,l.recherche@liguerecherchei.org.bj,liguerechercheinternationalbantè.bj,Grande (>200),B2B,Google Maps,4.9,Actif,2026-06-29T00:22:54.908545,haute
BJ-A31DBB87,Union Droits Bénin,ONG & Associations,Bantè,+229 81 52 89 33,,uniondroitsbénin.bj,TPE (<10),B2C,Google Maps,4.0,Actif,2026-06-29T00:22:54.908559,moyenne
BJ-69D63CBC,Syndicat Démocratie Organisation Bantè,ONG & Associations,Bantè,+229 70 52 45 57,,,TPE (<10),B2C,Google Maps,3.3,Actif,2026-06-29T00:22:54.908570,basse
BJ-B14048EF,Prévention,ONG & Associations,Djougou,+229 71 91 42 82,prévention@yahoo.fr,,TPE (<10),B2B,Google Maps,4.8,Actif,2026-06-29T00:22:54.908590,moyenne
BJ-8A9C64C2,Association Sport Africa,ONG & Associations,Djougou,+229 93 87 58 42,a.sport@yahoo.com,associationsportafrica.bj,PME (10-50),B2B,Google Maps,4.1,Actif,2026-06-29T00:22:54.908608,haute
BJ-3B1B61AE,Paix,ONG & Associations,Djougou,+229 20 24 18 97,paix@yahoo.fr,paix.bj,Grande (>200),B2C,Google Maps,4.3,Actif,2026-06-29T00:22:54.908622,haute
BJ-5CC03266,Ligue Sensibilisation,ONG & Associations,Djougou,+229 65 74 87 64,liguesensibilisation@liguesensibilis.bj,,TPE (<10),B2C,Google Maps,3.5,Actif,2026-06-29T00:22:54.908664,moyenne
BJ-BBD52A87,Épargne,ONG & Associations,Djougou,+229 39 49 25 21,épargne@yahoo.com,épargne.bj,PME (10-50),B2C,Google Maps,4.4,Actif,2026-06-29T00:22:54.908689,haute
BJ-A912ABC1,ONG Démocratie Ouèssè,ONG & Associations,Ouèssè,+229 61 96 46 67,,ongdémocratieouèssè.bj,TPE (<10),B2B,Google Maps,3.4,Actif,2026-06-29T00:22:54.908746,moyenne
BJ-88558ED3,Justice Africa,ONG & Associations,Ouèssè,+229 63 94 71 22,j.africa@justiceafrica.org.bj,justiceafrica.bj,TPE (<10),B2C,Google Maps,3.8,Actif,2026-06-29T00:22:54.908778,haute
BJ-33527898,Solidarité Fondation,ONG & Associations,Ouèssè,+229 33 91 67 26,solidarité.fondation@solidaritéfonda.org.bj,solidaritéfondation.bj,PME (10-50),B2C,Google Maps,5.0,Actif,2026-06-29T00:22:54.908819,haute
BJ-05B3445B,Ligue Évaluation Ouèssè,ONG & Associations,Ouèssè,+229 51 77 75 61,,,PME (10-50),B2C,Google Maps,3.6,Actif,2026-06-29T00:22:54.908846,basse
BJ-D068D1C4,Fondation Analyse Coalition,ONG & Associations,Ouèssè,+229 23 32 74 57,fondationanalyse@outlook.com,,PME (10-50),B2B,Google Maps,3.0,Actif,2026-06-29T00:22:54.908874,moyenne
BJ-D24EDC59,Association Coopération Bassila,ONG & Associations,Bassila,+229 85 63 28 46,a.coopération@associationcoop.org.bj,associationcoopérationbassila.bj,TPE (<10),B2B,Google Maps,4.7,Actif,2026-06-29T00:22:54.908933,haute
BJ-1D371966,Social ONG,ONG & Associations,Bassila,+229 72 95 82 65,,,PME (50-200),B2B,Google Maps,3.5,Actif,2026-06-29T00:22:54.908957,basse
BJ-8EA51945,Syndicat Équité,ONG & Associations,Bassila,+229 53 68 29 95,syndicatéquité@syndicatéquité.com.bj,syndicatéquité.bj,PME (10-50),B2B,Google Maps,4.5,Actif,2026-06-29T00:22:54.909030,haute
BJ-730F9717,ONG Sensibilisation Coalition Bassila,ONG & Associations,Bassila,+229 76 32 19 49,ong.sensibilisation@ongsensibilisat.com.bj,ongsensibilisationcoalitionbassila.bj,PME (10-50),B2B,Google Maps,3.0,Actif,2026-06-29T00:22:54.909075,haute
BJ-7877776B,Insertion,ONG & Associations,Pehunco,+229 33 90 36 37,,,PME (50-200),B2C,Google Maps,3.1,Actif,2026-06-29T00:22:54.909104,basse
BJ-BEBBD19B,Advocacy Africa,ONG & Associations,Pehunco,+229 29 52 96 98,,,PME (10-50),B2B,Google Maps,4.8,Actif,2026-06-29T00:22:54.909117,basse
BJ-99B37B81,Club Jeunesse Bénin,ONG & Associations,Pehunco,+229 54 91 77 44,c.jeunesse@yahoo.fr,,TPE (<10),B2B,Google Maps,4.5,Actif,2026-06-29T00:22:54.909172,moyenne
BJ-1929255C,Jeunesse ONG,ONG & Associations,Pehunco,+229 43 33 55 41,j.ong@jeunesseong.com.bj,,TPE (<10),B2B,Google Maps,3.9,Actif,2026-06-29T00:22:54.909202,moyenne
BJ-331620AD,Fondation Bénévolat Coalition,ONG & Associations,Copargo,+229 87 78 83 59,fondation_bénévolat@fondationbénévo.org.bj,fondationbénévolatcoalition.bj,TPE (<10),B2B,Google Maps,3.7,Actif,2026-06-29T00:22:54.909253,haute
BJ-4F12B910,Intégration,ONG & Associations,Copargo,+229 32 81 67 78,,,Grande (>200),B2B,Google Maps,4.2,Actif,2026-06-29T00:22:54.909269,basse
BJ-3812796A,Recherche,ONG & Associations,Copargo,+229 58 86 42 36,recherche@outlook.com,,TPE (<10),B2C,Google Maps,4.2,Actif,2026-06-29T00:22:54.909284,moyenne
BJ-DECA58B4,Organisation Coopération Association Copargo,ONG & Associations,Copargo,+229 36 14 30 87,organisation.coopération@yahoo.fr,organisationcoopérationassociationcopargo.bj,Grande (>200),B2B,Google Maps,4.3,Actif,2026-06-29T00:22:54.909307,haute
BJ-4BB54097,Démocratie Copargo,ONG & Associations,Copargo,+229 87 36 17 65,d.copargo@yahoo.com,démocratiecopargo.bj,PME (10-50),B2B,Google Maps,4.9,Actif,2026-06-29T00:22:54.909326,haute
BJ-299E6525,Copropriété Africa,BTP & Immobilier,Cotonou,+229 90 48 61 65,c.africa@gmail.com,copropriétéafrica.bj,PME (10-50),B2B,Facebook Pages,,Actif,2026-06-29T00:22:54.909354,haute
BJ-07A7B6AD,Gestion Habitat Cotonou,BTP & Immobilier,Cotonou,+229 31 51 85 67,g.habitat@gestionhabitatc.bj,gestionhabitatcotonou.bj,TPE (<10),B2C,Facebook Pages,,Actif,2026-06-29T00:22:54.909372,haute
BJ-13BE6F8A,Promotion Architecte Cotonou,BTP & Immobilier,Cotonou,+229 75 32 19 14,promotion_architecte@yahoo.com,promotionarchitectecotonou.bj,TPE (<10),B2C,Facebook Pages,,Actif,2026-06-29T00:22:54.909401,haute
BJ-56309F8F,Urbanisme,BTP & Immobilier,Cotonou,+229 31 60 53 59,,,PME (10-50),B2B,Facebook Pages,,Actif,2026-06-29T00:22:54.909414,basse
BJ-EBA384C3,Menuiserie Bâtiments,BTP & Immobilier,Cotonou,+229 43 72 11 23,,,Grande (>200),B2B,Facebook Pages,,Actif,2026-06-29T00:22:54.909426,basse
BJ-B267736A,Réhabilitation,BTP & Immobilier,Abomey-Calavi,+229 47 71 11 76,réhabilitation@réhabilitation.com.bj,réhabilitation.bj,TPE (<10),B2C,Facebook Pages,,Actif,2026-06-29T00:22:54.909454,haute
BJ-32A0681C,SA Menuiserie Habitat,BTP & Immobilier,Abomey-Calavi,+229 90 50 47 69,menuiserie.habitat@yahoo.com,samenuiseriehabitat.bj,PME (10-50),B2C,Facebook Pages,,Actif,2026-06-29T00:22:54.909471,haute
BJ-63A28970,Ets Réhabilitation,BTP & Immobilier,Abomey-Calavi,+229 58 82 51 26,etsréhabilitation@outlook.com,,PME (50-200),B2C,Facebook Pages,,Actif,2026-06-29T00:22:54.909487,moyenne
BJ-433B3B36,Gestion SARL,BTP & Immobilier,Abomey-Calavi,+229 76 34 18 81,g.sarl@gestionsarl.com.bj,,TPE (<10),B2B,Facebook Pages,,Actif,2026-06-29T00:22:54.909503,moyenne
BJ-61EE3BDF,Ingénierie Africa Abomey-Calavi,BTP & Immobilier,Abomey-Calavi,+229 46 72 56 91,i.africa@ingénierieafric.bj,ingénierieafricaabomeycalavi.bj,PME (10-50),B2C,Facebook Pages,,Actif,2026-06-29T00:22:54.909522,haute
BJ-15704C87,BTP Bâtiment Porto-Novo,BTP & Immobilier,Porto-Novo,+229 44 90 98 43,btp_bâtiment@gmail.com,,TPE (<10),B2B,Facebook Pages,,Actif,2026-06-29T00:22:54.909550,moyenne
BJ-869E0478,Ingénierie,BTP & Immobilier,Porto-Novo,+229 75 84 25 36,ingénierie@ingénierie.org.bj,,PME (50-200),B2B,Facebook Pages,,Actif,2026-06-29T00:22:54.909566,moyenne
BJ-654CFE84,SARL Location Porto-Novo,BTP & Immobilier,Porto-Novo,+229 80 79 50 12,sarllocation@hotmail.com,,Grande (>200),B2C,Facebook Pages,,Actif,2026-06-29T00:22:54.909604,moyenne
BJ-AE4EBA7D,Syndic Africa,BTP & Immobilier,Porto-Novo,+229 57 20 88 37,,,TPE (<10),B2B,Facebook Pages,,Actif,2026-06-29T00:22:54.909627,basse
BJ-6F4D1B91,BTP Fondation Porto-Novo,BTP & Immobilier,Porto-Novo,+229 41 84 53 21,btp.fondation@btpfondationpor.com.bj,,TPE (<10),B2B,Facebook Pages,,Actif,2026-06-29T00:22:54.909654,moyenne
BJ-8F64F466,Terrassement Habitat,BTP & Immobilier,Parakou,+229 29 17 57 80,,,PME (10-50),B2C,Facebook Pages,,Actif,2026-06-29T00:22:54.909688,basse
BJ-69E951C4,Ets Promotion,BTP & Immobilier,Parakou,+229 48 59 94 33,ets.promotion@yahoo.fr,etspromotion.bj,TPE (<10),B2B,Facebook Pages,,Actif,2026-06-29T00:22:54.909728,haute
BJ-F983D473,SO Copropriété Parakou,BTP & Immobilier,Parakou,+229 67 46 11 28,copropriété.parakou@socopropriétépa.com.bj,,PME (50-200),B2C,Facebook Pages,,Actif,2026-06-29T00:22:54.909767,moyenne
BJ-764708F9,Construction Aménagement,BTP & Immobilier,Parakou,+229 64 15 65 44,construction.aménagement@constructionamé.org.bj,constructionaménagement.bj,TPE (<10),B2C,Facebook Pages,,Actif,2026-06-29T00:22:54.909791,haute
BJ-B0DEDED9,Promotion Urbanisme Promotion,BTP & Immobilier,Parakou,+229 91 91 56 48,,promotionurbanismepromotion.bj,TPE (<10),B2C,Facebook Pages,,Actif,2026-06-29T00:22:54.909804,moyenne
BJ-46631D4E,Plomberie International,BTP & Immobilier,Bohicon,+229 77 17 48 93,p.international@hotmail.com,plomberieinternational.bj,TPE (<10),B2C,Facebook Pages,,Actif,2026-06-29T00:22:54.909838,haute
BJ-06D1169D,Promotion Clôturage,BTP & Immobilier,Bohicon,+229 95 22 99 60,promotion_clôturage@promotionclôtur.org.bj,,Grande (>200),B2B,Facebook Pages,,Actif,2026-06-29T00:22:54.909857,moyenne
BJ-0A59BAE2,Peinture SA,BTP & Immobilier,Bohicon,+229 71 90 19 35,peinture@hotmail.com,peinturesa.bj,TPE (<10),B2C,Facebook Pages,,Actif,2026-06-29T00:22:54.909875,haute
BJ-C386B722,SCI Syndic Bénin,BTP & Immobilier,Bohicon,+229 76 29 46 55,s.syndic@yahoo.com,scisyndicbénin.bj,PME (10-50),B2C,Facebook Pages,,Actif,2026-06-29T00:22:54.909909,haute
BJ-4E1FAFAB,Promotion Promotion International,BTP & Immobilier,Bohicon,+229 48 90 47 52,,,PME (10-50),B2B,Facebook Pages,,Actif,2026-06-29T00:22:54.909923,basse
BJ-38B1219B,Construction,BTP & Immobilier,Natitingou,+229 65 59 74 40,construction@yahoo.fr,construction.bj,PME (10-50),B2C,Facebook Pages,,Actif,2026-06-29T00:22:54.909945,haute
BJ-FEA9B8CA,BTP Architecte Solutions,BTP & Immobilier,Natitingou,+229 85 69 23 86,btp.architecte@btparchitecteso.org.bj,,PME (10-50),B2C,Facebook Pages,,Actif,2026-06-29T00:22:54.909962,moyenne
BJ-BD3A8CE7,SARL Promotion,BTP & Immobilier,Natitingou,+229 78 71 19 39,s.promotion@gmail.com,,TPE (<10),B2B,Facebook Pages,,Actif,2026-06-29T00:22:54.909977,moyenne
BJ-73F555C8,Électricité Promotion,BTP & Immobilier,Natitingou,+229 68 38 58 11,,électricitépromotion.bj,TPE (<10),B2C,Facebook Pages,,Actif,2026-06-29T00:22:54.909990,moyenne
BJ-F7FB7111,Rénovation Bâtiments,BTP & Immobilier,Natitingou,+229 52 26 39 63,rénovationbâtiments@hotmail.com,rénovationbâtiments.bj,PME (10-50),B2C,Facebook Pages,,Actif,2026-06-29T00:22:54.910012,haute
BJ-66ECCE17,Construction Clôturage,BTP & Immobilier,Lokossa,+229 59 54 80 94,,constructionclôturage.bj,TPE (<10),B2C,Facebook Pages,,Actif,2026-06-29T00:22:54.910033,moyenne
BJ-BD6A94DD,Promotion Location,BTP & Immobilier,Lokossa,+229 20 78 60 27,,promotionlocation.bj,TPE (<10),B2B,Facebook Pages,,Actif,2026-06-29T00:22:54.910045,moyenne
BJ-E6CD91A9,Construction,BTP & Immobilier,Lokossa,+229 76 39 52 93,construction@construction.bj,construction.bj,TPE (<10),B2B,Facebook Pages,,Actif,2026-06-29T00:22:54.910073,haute
BJ-1AC50D3F,SA Rénovation Cabinet,BTP & Immobilier,Lokossa,+229 88 62 30 27,r.cabinet@gmail.com,,Grande (>200),B2B,Facebook Pages,,Actif,2026-06-29T00:22:54.910090,moyenne
BJ-B2BA3AA1,Clôturage,BTP & Immobilier,Ouidah,+229 70 72 25 90,clôturage@gmail.com,clôturage.bj,Grande (>200),B2C,Facebook Pages,,Actif,2026-06-29T00:22:54.910133,haute
BJ-71B81DBC,SO Voirie,BTP & Immobilier,Ouidah,+229 34 79 63 20,,sovoirie.bj,PME (10-50),B2C,Facebook Pages,,Actif,2026-06-29T00:22:54.910159,moyenne
BJ-0B301536,Groupe Habitat Solutions,BTP & Immobilier,Ouidah,+229 45 10 29 49,groupehabitat@gmail.com,groupehabitatsolutions.bj,TPE (<10),B2B,Facebook Pages,,Actif,2026-06-29T00:22:54.910197,haute
BJ-20617BED,SCI Électricité SA,BTP & Immobilier,Ouidah,+229 81 27 39 26,sci.électricité@outlook.com,,PME (10-50),B2C,Facebook Pages,,Actif,2026-06-29T00:22:54.910225,moyenne
BJ-394D6A96,Terrassement,BTP & Immobilier,Ouidah,+229 77 75 60 31,terrassement@terrassement.com.bj,terrassement.bj,PME (10-50),B2B,Facebook Pages,,Actif,2026-06-29T00:22:54.910248,haute
BJ-0E8C7B64,Aménagement Cabinet,BTP & Immobilier,Savalou,+229 42 72 86 45,a.cabinet@aménagementcabi.org.bj,,TPE (<10),B2B,Facebook Pages,,Actif,2026-06-29T00:22:54.910302,moyenne
BJ-1E9A8753,Peinture,BTP & Immobilier,Savalou,+229 62 10 41 44,peinture@hotmail.com,peinture.bj,PME (10-50),B2C,Facebook Pages,,Actif,2026-06-29T00:22:54.910319,haute
BJ-C9844509,Électricité Services,BTP & Immobilier,Savalou,+229 39 40 31 27,électricitéservices@yahoo.fr,,TPE (<10),B2B,Facebook Pages,,Actif,2026-06-29T00:22:54.910340,moyenne
BJ-9B908B4D,Aménagement,BTP & Immobilier,Savalou,+229 80 41 47 31,aménagement@aménagement.bj,aménagement.bj,TPE (<10),B2B,Facebook Pages,,Actif,2026-06-29T00:22:54.910366,haute
BJ-770E9787,SA Architecte,BTP & Immobilier,Savalou,+229 99 73 14 59,architecte@saarchitecte.org.bj,saarchitecte.bj,Grande (>200),B2C,Facebook Pages,,Actif,2026-06-29T00:22:54.910393,haute
BJ-B8E75712,SARL Isolation Services,BTP & Immobilier,Dassa-Zoumè,+229 88 31 35 54,s.isolation@yahoo.fr,,PME (50-200),B2B,Facebook Pages,,Actif,2026-06-29T00:22:54.910434,moyenne
BJ-47CC05F8,SA Copropriété Africa,BTP & Immobilier,Dassa-Zoumè,+229 71 34 79 97,copropriété_africa@sacopropriétéaf.com.bj,,PME (50-200),B2C,Facebook Pages,,Actif,2026-06-29T00:22:54.910454,moyenne
BJ-3F86FFEB,Urbanisme International,BTP & Immobilier,Dassa-Zoumè,+229 29 14 13 35,,,PME (10-50),B2B,Facebook Pages,,Actif,2026-06-29T00:22:54.910465,basse
BJ-FF0D4AF7,Construction Syndic International,BTP & Immobilier,Dassa-Zoumè,+229 60 21 92 47,,constructionsyndicinternational.bj,PME (10-50),B2B,Facebook Pages,,Actif,2026-06-29T00:22:54.910477,moyenne
BJ-7976C50A,Architecte International,BTP & Immobilier,Dassa-Zoumè,+229 56 11 45 85,architecteinternational@architecteinter.org.bj,architecteinternational.bj,Grande (>200),B2B,Facebook Pages,,Actif,2026-06-29T00:22:54.910494,haute
BJ-94A0974D,BTP Toiture Kétou,BTP & Immobilier,Kétou,+229 69 17 93 27,btp.toiture@hotmail.com,btptoiturekétou.bj,PME (10-50),B2B,Facebook Pages,,Actif,2026-06-29T00:22:54.910518,haute
BJ-B3EB6522,Copropriété Habitat,BTP & Immobilier,Kétou,+229 54 76 20 70,,,PME (10-50),B2C,Facebook Pages,,Actif,2026-06-29T00:22:54.910536,basse
BJ-517D1156,Électricité Bâtiments,BTP & Immobilier,Kétou,+229 71 61 21 75,électricitébâtiments@électricitébâti.com.bj,,PME (10-50),B2B,Facebook Pages,,Actif,2026-06-29T00:22:54.910557,moyenne
BJ-2CB03EDD,Groupe Location Services,BTP & Immobilier,Kétou,+229 91 30 75 36,g.location@groupelocations.com.bj,groupelocationservices.bj,PME (10-50),B2B,Facebook Pages,,Actif,2026-06-29T00:22:54.910579,haute
BJ-BB7AF134,Cabinet Réhabilitation International,BTP & Immobilier,Kétou,+229 61 20 88 77,cabinet.réhabilitation@hotmail.com,cabinetréhabilitationinternational.bj,PME (10-50),B2B,Facebook Pages,,Actif,2026-06-29T00:22:54.910596,haute
BJ-1F0AA92D,Menuiserie Promotion,BTP & Immobilier,Covè,+229 98 28 37 14,m.promotion@outlook.com,menuiseriepromotion.bj,TPE (<10),B2C,Facebook Pages,,Actif,2026-06-29T00:22:54.910621,haute
BJ-3BC848CC,Syndic,BTP & Immobilier,Covè,+229 75 21 72 33,syndic@hotmail.com,,PME (10-50),B2C,Facebook Pages,,Actif,2026-06-29T00:22:54.910635,moyenne
BJ-E519E7FC,SA Menuiserie Covè,BTP & Immobilier,Covè,+229 85 43 54 55,,,TPE (<10),B2C,Facebook Pages,,Actif,2026-06-29T00:22:54.910646,basse
BJ-ADBAAF91,SA Habitat Construction,BTP & Immobilier,Covè,+229 43 89 76 93,h.construction@yahoo.fr,,TPE (<10),B2C,Facebook Pages,,Actif,2026-06-29T00:22:54.910660,moyenne
BJ-A4B50670,Habitat,BTP & Immobilier,Covè,+229 61 84 18 58,habitat@habitat.org.bj,habitat.bj,PME (10-50),B2C,Facebook Pages,,Actif,2026-06-29T00:22:54.910674,haute
BJ-6557AD11,Groupe Réhabilitation Habitat,BTP & Immobilier,Pobè,+229 72 77 19 32,groupe.réhabilitation@grouperéhabilit.com.bj,grouperéhabilitationhabitat.bj,PME (10-50),B2B,Facebook Pages,,Actif,2026-06-29T00:22:54.910704,haute
BJ-08BB1593,SARL Syndic,BTP & Immobilier,Pobè,+229 83 43 29 75,sarl.syndic@yahoo.com,sarlsyndic.bj,TPE (<10),B2B,Facebook Pages,,Actif,2026-06-29T00:22:54.910721,haute
BJ-8AA0C373,Électricité,BTP & Immobilier,Pobè,+229 67 45 82 96,,,TPE (<10),B2C,Facebook Pages,,Actif,2026-06-29T00:22:54.910736,basse
BJ-BE32F682,Habitat Pobè,BTP & Immobilier,Pobè,+229 82 91 49 82,h.pobè@yahoo.com,habitatpobè.bj,Grande (>200),B2B,Facebook Pages,,Actif,2026-06-29T00:22:54.910755,haute
BJ-506413A6,Travaux,BTP & Immobilier,Pobè,+229 69 98 18 79,,,PME (10-50),B2B,Facebook Pages,,Actif,2026-06-29T00:22:54.910766,basse
BJ-54D1F3DE,Menuiserie,BTP & Immobilier,Sakété,+229 85 67 95 62,,,PME (50-200),B2B,Facebook Pages,,Actif,2026-06-29T00:22:54.910785,basse
BJ-EE5AB5D0,Plomberie Ets,BTP & Immobilier,Sakété,+229 46 36 49 16,,,TPE (<10),B2C,Facebook Pages,,Actif,2026-06-29T00:22:54.910797,basse
BJ-37C7070E,Aménagement Cabinet Sakété,BTP & Immobilier,Sakété,+229 33 92 77 39,aménagement.cabinet@aménagementcabi.org.bj,,PME (10-50),B2C,Facebook Pages,,Actif,2026-06-29T00:22:54.910815,moyenne
BJ-A0C0C9B2,BTP Ingénierie Sakété,BTP & Immobilier,Sakété,+229 28 77 21 55,btpingénierie@btpingénieriesa.com.bj,,PME (10-50),B2C,Facebook Pages,,Actif,2026-06-29T00:22:54.910848,moyenne
BJ-751D82EC,Électricité Services,BTP & Immobilier,Adjara,+229 23 86 63 94,,électricitéservices.bj,TPE (<10),B2B,Facebook Pages,,Actif,2026-06-29T00:22:54.910868,moyenne
BJ-56CCD197,Ets Ingénierie,BTP & Immobilier,Adjara,+229 31 57 89 98,ets.ingénierie@outlook.com,,PME (50-200),B2B,Facebook Pages,,Actif,2026-06-29T00:22:54.910884,moyenne
BJ-F09EA161,Cabinet Ferronnerie Bâtiments,BTP & Immobilier,Adjara,+229 31 62 26 38,c.ferronnerie@cabinetferronne.bj,,PME (10-50),B2C,Facebook Pages,,Actif,2026-06-29T00:22:54.910927,moyenne
BJ-127F4C59,Rénovation SA,BTP & Immobilier,Adjara,+229 29 56 78 94,,,PME (10-50),B2C,Facebook Pages,,Actif,2026-06-29T00:22:54.910941,basse
BJ-03DCC906,SARL Structure,BTP & Immobilier,Adjara,+229 80 79 89 28,sarlstructure@gmail.com,sarlstructure.bj,TPE (<10),B2B,Facebook Pages,,Actif,2026-06-29T00:22:54.910957,haute
BJ-B35A1B88,Groupe Électricité Solutions,BTP & Immobilier,Allada,+229 41 47 37 93,groupe.électricité@yahoo.com,,Grande (>200),B2B,Facebook Pages,,Actif,2026-06-29T00:22:54.910982,moyenne
BJ-A9E8C97B,Rénovation Bâtiments,BTP & Immobilier,Allada,+229 76 59 92 41,,,PME (50-200),B2C,Facebook Pages,,Actif,2026-06-29T00:22:54.910993,basse
BJ-825E1A8A,Structure Services,BTP & Immobilier,Allada,+229 56 87 52 92,structure.services@structureservic.com.bj,structureservices.bj,TPE (<10),B2B,Facebook Pages,,Actif,2026-06-29T00:22:54.911009,haute
BJ-14B685E8,Promotion Rénovation International,BTP & Immobilier,Allada,+229 42 46 16 42,p.rénovation@promotionrénova.com.bj,promotionrénovationinternational.bj,PME (50-200),B2B,Facebook Pages,,Actif,2026-06-29T00:22:54.911027,haute
BJ-13C4205B,SCI Peinture,BTP & Immobilier,Allada,+229 33 42 51 88,sci_peinture@yahoo.fr,scipeinture.bj,PME (10-50),B2C,Facebook Pages,,Actif,2026-06-29T00:22:54.911043,haute
BJ-B687D205,Construction Cabinet Aplahoué,BTP & Immobilier,Aplahoué,+229 88 57 61 77,construction.cabinet@yahoo.fr,constructioncabinetaplahoué.bj,TPE (<10),B2B,Facebook Pages,,Actif,2026-06-29T00:22:54.911066,haute
BJ-D54646AA,Construction Promotion,BTP & Immobilier,Aplahoué,+229 52 65 39 30,,constructionpromotion.bj,TPE (<10),B2C,Facebook Pages,,Actif,2026-06-29T00:22:54.911088,moyenne
BJ-58C8FBD6,SARL Construction International,BTP & Immobilier,Aplahoué,+229 30 69 30 20,sarl.construction@yahoo.fr,sarlconstructioninternational.bj,TPE (<10),B2B,Facebook Pages,,Actif,2026-06-29T00:22:54.911107,haute
BJ-ECAEF146,Ets Location,BTP & Immobilier,Aplahoué,+229 63 92 37 17,ets.location@etslocation.com.bj,etslocation.bj,TPE (<10),B2C,Facebook Pages,,Actif,2026-06-29T00:22:54.911123,haute
BJ-C75D58CD,SARL Ferronnerie Aplahoué,BTP & Immobilier,Aplahoué,+229 85 54 49 24,,,TPE (<10),B2B,Facebook Pages,,Actif,2026-06-29T00:22:54.911144,basse
BJ-F47B39C3,Groupe Bâtiment Promotion,BTP & Immobilier,Dogbo-Tota,+229 74 97 16 58,,groupebâtimentpromotion.bj,TPE (<10),B2B,Facebook Pages,,Actif,2026-06-29T00:22:54.911166,moyenne
BJ-1EE8FC3B,Construction Travaux Ets,BTP & Immobilier,Dogbo-Tota,+229 67 28 40 31,constructiontravaux@outlook.com,constructiontravauxets.bj,TPE (<10),B2B,Facebook Pages,,Actif,2026-06-29T00:22:54.911194,haute
BJ-815E2F87,Copropriété Dogbo-Tota,BTP & Immobilier,Dogbo-Tota,+229 84 16 48 64,,copropriétédogbotota.bj,PME (50-200),B2B,Facebook Pages,,Actif,2026-06-29T00:22:54.911208,moyenne
BJ-9475635D,SCI Ingénierie Bâtiments,BTP & Immobilier,Dogbo-Tota,+229 55 38 53 26,,,TPE (<10),B2C,Facebook Pages,,Actif,2026-06-29T00:22:54.911220,basse
BJ-94E528F6,SCI Structure Promotion Kpomassè,BTP & Immobilier,Kpomassè,+229 55 52 43 16,sci.structure@scistructurepro.bj,scistructurepromotionkpomassè.bj,Grande (>200),B2C,Facebook Pages,,Actif,2026-06-29T00:22:54.911245,haute
BJ-23CE35E8,Construction Plomberie,BTP & Immobilier,Kpomassè,+229 89 68 60 41,construction_plomberie@gmail.com,,PME (50-200),B2B,Facebook Pages,,Actif,2026-06-29T00:22:54.911260,moyenne
BJ-6DB6DC90,Groupe Béton,BTP & Immobilier,Kpomassè,+229 40 57 86 43,,,PME (10-50),B2B,Facebook Pages,,Actif,2026-06-29T00:22:54.911276,basse
BJ-F0B80F5E,Promotion Rénovation Groupe,BTP & Immobilier,Kpomassè,+229 32 33 67 29,,promotionrénovationgroupe.bj,TPE (<10),B2B,Facebook Pages,,Actif,2026-06-29T00:22:54.911290,moyenne
BJ-03E410F0,Architecte Habitat,BTP & Immobilier,Kpomassè,+229 88 95 89 47,architecte_habitat@architectehabit.org.bj,,TPE (<10),B2B,Facebook Pages,,Actif,2026-06-29T00:22:54.911306,moyenne
BJ-4C283A16,Location Tori-Bossito,BTP & Immobilier,Tori-Bossito,+229 48 25 52 18,locationtori@locationtoribos.com.bj,,TPE (<10),B2B,Facebook Pages,,Actif,2026-06-29T00:22:54.911329,moyenne
BJ-113271D5,Cabinet Peinture Ets Tori-Bossito,BTP & Immobilier,Tori-Bossito,+229 92 78 97 48,cabinet.peinture@cabinetpeinture.bj,cabinetpeintureetstoribossito.bj,PME (50-200),B2C,Facebook Pages,,Actif,2026-06-29T00:22:54.911346,haute
BJ-B48CE36D,Ets Toiture SA,BTP & Immobilier,Tori-Bossito,+229 70 40 23 97,ets.toiture@yahoo.fr,etstoituresa.bj,PME (10-50),B2B,Facebook Pages,,Actif,2026-06-29T00:22:54.911364,haute
BJ-2D16E1F9,Isolation Africa,BTP & Immobilier,Tori-Bossito,+229 57 82 37 15,isolation.africa@isolationafrica.org.bj,,TPE (<10),B2B,Facebook Pages,,Actif,2026-06-29T00:22:54.911395,moyenne
BJ-1471C85D,Cabinet Travaux Grand-Popo,BTP & Immobilier,Grand-Popo,+229 37 61 10 25,,cabinettravauxgrandpopo.bj,PME (50-200),B2C,Facebook Pages,,Actif,2026-06-29T00:22:54.911415,moyenne
BJ-4B47F13A,Béton SARL,BTP & Immobilier,Grand-Popo,+229 45 31 95 63,bétonsarl@yahoo.com,bétonsarl.bj,TPE (<10),B2C,Facebook Pages,,Actif,2026-06-29T00:22:54.911458,haute
BJ-3A932343,Structure Construction Grand-Popo,BTP & Immobilier,Grand-Popo,+229 50 43 53 76,structureconstruction@hotmail.com,,PME (10-50),B2C,Facebook Pages,,Actif,2026-06-29T00:22:54.911475,moyenne
BJ-BE5EFCAD,BTP Menuiserie SARL,BTP & Immobilier,Grand-Popo,+229 92 82 50 34,btp.menuiserie@btpmenuiseriesa.com.bj,,PME (10-50),B2B,Facebook Pages,,Actif,2026-06-29T00:22:54.911491,moyenne
BJ-1C6007D9,Construction Structure International,BTP & Immobilier,Athiémé,+229 28 28 43 94,,,PME (10-50),B2C,Facebook Pages,,Actif,2026-06-29T00:22:54.911514,basse
BJ-8654BA0D,Copropriété,BTP & Immobilier,Athiémé,+229 71 60 45 50,copropriété@gmail.com,,PME (10-50),B2B,Facebook Pages,,Actif,2026-06-29T00:22:54.911530,moyenne
BJ-D91C6844,Construction Construction,BTP & Immobilier,Athiémé,+229 38 58 96 31,,constructionconstruction.bj,PME (50-200),B2B,Facebook Pages,,Actif,2026-06-29T00:22:54.911542,moyenne
BJ-110F6ADF,Ferronnerie Services,BTP & Immobilier,Athiémé,+229 66 34 86 48,ferronnerie.services@outlook.com,ferronnerieservices.bj,PME (10-50),B2B,Facebook Pages,,Actif,2026-06-29T00:22:54.911558,haute
BJ-96BD0106,Groupe Bâtiment Construction Athiémé,BTP & Immobilier,Athiémé,+229 55 43 79 54,,groupebâtimentconstructionathiémé.bj,PME (50-200),B2C,Facebook Pages,,Actif,2026-06-29T00:22:54.911571,moyenne
BJ-73EB208C,Groupe Électricité,BTP & Immobilier,Bopa,+229 63 55 54 83,groupe.électricité@yahoo.fr,groupeélectricité.bj,PME (50-200),B2B,Facebook Pages,,Actif,2026-06-29T00:22:54.911595,haute
BJ-1B25B361,SA Réhabilitation,BTP & Immobilier,Bopa,+229 91 50 72 58,réhabilitation@saréhabilitatio.com.bj,saréhabilitation.bj,TPE (<10),B2C,Facebook Pages,,Actif,2026-06-29T00:22:54.911623,haute
BJ-9B2AC6C4,SA Urbanisme Cabinet,BTP & Immobilier,Bopa,+229 75 62 58 40,urbanisme.cabinet@gmail.com,saurbanismecabinet.bj,Grande (>200),B2B,Facebook Pages,,Actif,2026-06-29T00:22:54.911660,haute
BJ-C83051AE,SARL Structure,BTP & Immobilier,Bopa,+229 67 34 53 97,s.structure@sarlstructure.bj,sarlstructure.bj,TPE (<10),B2C,Facebook Pages,,Actif,2026-06-29T00:22:54.911679,haute
BJ-BDB285A3,SO Immobilier,BTP & Immobilier,Bopa,+229 46 98 89 28,,,TPE (<10),B2B,Facebook Pages,,Actif,2026-06-29T00:22:54.911691,basse
BJ-BA43CDBC,SA Plomberie,BTP & Immobilier,Houéyogbé,+229 85 57 38 93,,,Grande (>200),B2C,Facebook Pages,,Actif,2026-06-29T00:22:54.911710,basse
BJ-F22E9771,Architecte Groupe,BTP & Immobilier,Houéyogbé,+229 62 16 45 83,,architectegroupe.bj,TPE (<10),B2B,Facebook Pages,,Actif,2026-06-29T00:22:54.911723,moyenne
BJ-26833027,Clôturage,BTP & Immobilier,Houéyogbé,+229 45 97 61 69,clôturage@clôturage.com.bj,clôturage.bj,TPE (<10),B2C,Facebook Pages,,Actif,2026-06-29T00:22:54.911738,haute
BJ-796DB9D0,Copropriété Africa,BTP & Immobilier,Houéyogbé,+229 36 49 54 60,copropriété_africa@outlook.com,copropriétéafrica.bj,TPE (<10),B2C,Facebook Pages,,Actif,2026-06-29T00:22:54.911754,haute
BJ-D65B27E7,Toiture Bâtiments,BTP & Immobilier,Houéyogbé,+229 52 83 36 46,,toiturebâtiments.bj,TPE (<10),B2B,Facebook Pages,,Actif,2026-06-29T00:22:54.911770,moyenne
BJ-DDEA9270,Clôturage Promotion Malanville,BTP & Immobilier,Malanville,+229 90 58 34 34,,clôturagepromotionmalanville.bj,PME (10-50),B2B,Facebook Pages,,Actif,2026-06-29T00:22:54.911790,moyenne
BJ-FE79E95E,Maçonnerie Bâtiments,BTP & Immobilier,Malanville,+229 93 73 45 93,maçonnerie.bâtiments@yahoo.fr,maçonneriebâtiments.bj,PME (10-50),B2C,Facebook Pages,,Actif,2026-06-29T00:22:54.911811,haute
BJ-FBB5B26E,SCI Maçonnerie,BTP & Immobilier,Malanville,+229 64 68 52 64,s.maçonnerie@outlook.com,,TPE (<10),B2C,Facebook Pages,,Actif,2026-06-29T00:22:54.911831,moyenne
BJ-D0500A00,Construction Aménagement Ets Malanville,BTP & Immobilier,Malanville,+229 93 97 71 61,construction_aménagement@constructionamé.org.bj,constructionaménagementetsmalanville.bj,TPE (<10),B2C,Facebook Pages,,Actif,2026-06-29T00:22:54.911850,haute
BJ-EBF8EFEC,Promotion Structure Bâtiments,BTP & Immobilier,Malanville,+229 89 84 89 55,promotionstructure@promotionstruct.org.bj,promotionstructurebâtiments.bj,TPE (<10),B2C,Facebook Pages,,Actif,2026-06-29T00:22:54.911868,haute
BJ-33E3BE01,Peinture Solutions Kandi,BTP & Immobilier,Kandi,+229 75 97 32 95,peinturesolutions@gmail.com,peinturesolutionskandi.bj,TPE (<10),B2C,Facebook Pages,,Actif,2026-06-29T00:22:54.911907,haute
BJ-56E11F91,Promotion Fondation,BTP & Immobilier,Kandi,+229 55 59 56 52,promotionfondation@yahoo.com,,PME (50-200),B2B,Facebook Pages,,Actif,2026-06-29T00:22:54.911934,moyenne
BJ-C566DF3D,Peinture Kandi,BTP & Immobilier,Kandi,+229 89 71 17 54,,,PME (50-200),B2C,Facebook Pages,,Actif,2026-06-29T00:22:54.911946,basse
BJ-BE8F14A5,Construction Services,BTP & Immobilier,Kandi,+229 35 64 79 95,constructionservices@constructionser.com.bj,constructionservices.bj,PME (50-200),B2C,Facebook Pages,,Actif,2026-06-29T00:22:54.911973,haute
BJ-BB1AB7D1,Aménagement Habitat,BTP & Immobilier,Banikoara,+229 21 60 76 48,,aménagementhabitat.bj,Grande (>200),B2B,Facebook Pages,,Actif,2026-06-29T00:22:54.912005,moyenne
BJ-37F9736A,Ets Syndic,BTP & Immobilier,Banikoara,+229 84 74 71 43,ets_syndic@yahoo.fr,etssyndic.bj,TPE (<10),B2C,Facebook Pages,,Actif,2026-06-29T00:22:54.912020,haute
BJ-AB05F6EC,Construction Peinture Solutions,BTP & Immobilier,Banikoara,+229 91 32 53 30,constructionpeinture@constructionpei.com.bj,constructionpeinturesolutions.bj,TPE (<10),B2B,Facebook Pages,,Actif,2026-06-29T00:22:54.912040,haute
BJ-6E6728A2,Syndic Banikoara,BTP & Immobilier,Banikoara,+229 22 33 16 76,syndicbanikoara@outlook.com,syndicbanikoara.bj,PME (10-50),B2C,Facebook Pages,,Actif,2026-06-29T00:22:54.912058,haute
BJ-81A35B1F,SCI Menuiserie Solutions,BTP & Immobilier,Banikoara,+229 43 24 81 95,s.menuiserie@hotmail.com,scimenuiseriesolutions.bj,PME (10-50),B2C,Facebook Pages,,Actif,2026-06-29T00:22:54.912072,haute
BJ-BFD5B913,Ferronnerie SA,BTP & Immobilier,Ségbana,+229 25 11 81 53,ferronnerie@yahoo.fr,,TPE (<10),B2B,Facebook Pages,,Actif,2026-06-29T00:22:54.912094,moyenne
BJ-FDB82D94,Urbanisme Construction,BTP & Immobilier,Ségbana,+229 36 13 41 36,u.construction@outlook.com,urbanismeconstruction.bj,PME (10-50),B2B,Facebook Pages,,Actif,2026-06-29T00:22:54.912109,haute
BJ-AE384E87,Construction Ets,BTP & Immobilier,Ségbana,+229 90 10 55 98,construction.ets@constructionets.com.bj,constructionets.bj,PME (10-50),B2B,Facebook Pages,,Actif,2026-06-29T00:22:54.912124,haute
BJ-BB9358E9,Travaux,BTP & Immobilier,Ségbana,+229 85 61 13 91,travaux@travaux.bj,,PME (10-50),B2C,Facebook Pages,,Actif,2026-06-29T00:22:54.912137,moyenne
BJ-85A1CCF1,Ets Réhabilitation Ségbana,BTP & Immobilier,Ségbana,+229 37 14 71 86,etsréhabilitation@etsréhabilitati.org.bj,etsréhabilitationségbana.bj,PME (10-50),B2C,Facebook Pages,,Actif,2026-06-29T00:22:54.912155,haute
BJ-D3A746CD,Fondation,BTP & Immobilier,Karimama,+229 62 31 22 22,fondation@fondation.org.bj,fondation.bj,PME (10-50),B2B,Facebook Pages,,Actif,2026-06-29T00:22:54.912176,haute
BJ-5A6ACD85,SO Voirie,BTP & Immobilier,Karimama,+229 80 95 26 16,voirie@sovoirie.org.bj,sovoirie.bj,PME (10-50),B2C,Facebook Pages,,Actif,2026-06-29T00:22:54.912189,haute
BJ-216D984D,Gestion Construction Karimama,BTP & Immobilier,Karimama,+229 26 77 61 80,gestion.construction@gmail.com,gestionconstructionkarimama.bj,PME (10-50),B2C,Facebook Pages,,Actif,2026-06-29T00:22:54.912209,haute
BJ-1D6E7B36,Aménagement Bénin,BTP & Immobilier,Karimama,+229 20 20 59 53,a.bénin@outlook.com,aménagementbénin.bj,Grande (>200),B2C,Facebook Pages,,Actif,2026-06-29T00:22:54.912226,haute
BJ-3AB580E0,SA Maçonnerie Bâtiments Karimama,BTP & Immobilier,Karimama,+229 29 54 97 53,maçonnerie.bâtiments@samaçonneriebât.com.bj,samaçonneriebâtimentskarimama.bj,TPE (<10),B2C,Facebook Pages,,Actif,2026-06-29T00:22:54.912249,haute
BJ-3456A20B,Cabinet Syndic Africa,BTP & Immobilier,Gogounou,+229 26 96 58 84,c.syndic@gmail.com,,PME (50-200),B2B,Facebook Pages,,Actif,2026-06-29T00:22:54.912271,moyenne
BJ-315BFB82,Promotion Construction Gogounou,BTP & Immobilier,Gogounou,+229 62 62 81 34,promotion_construction@yahoo.fr,promotionconstructiongogounou.bj,PME (10-50),B2B,Facebook Pages,,Actif,2026-06-29T00:22:54.912286,haute
BJ-ED41E13E,Promotion,BTP & Immobilier,Gogounou,+229 55 26 61 29,promotion@yahoo.com,,PME (50-200),B2C,Facebook Pages,,Actif,2026-06-29T00:22:54.912299,moyenne
BJ-86146063,Promotion Immobilier Bénin,BTP & Immobilier,Gogounou,+229 52 87 79 18,,promotionimmobilierbénin.bj,TPE (<10),B2C,Facebook Pages,,Actif,2026-06-29T00:22:54.912314,moyenne
BJ-83C92F64,BTP Rénovation Cobly,BTP & Immobilier,Cobly,+229 48 10 15 21,btp.rénovation@yahoo.com,,Grande (>200),B2B,Facebook Pages,,Actif,2026-06-29T00:22:54.912353,moyenne
BJ-032134CF,SA Rénovation Africa Cobly,BTP & Immobilier,Cobly,+229 41 71 90 39,rénovationafrica@gmail.com,,PME (10-50),B2B,Facebook Pages,,Actif,2026-06-29T00:22:54.912370,moyenne
BJ-607AE8EF,BTP Habitat,BTP & Immobilier,Cobly,+229 85 27 14 67,b.habitat@btphabitat.bj,btphabitat.bj,PME (10-50),B2B,Facebook Pages,,Actif,2026-06-29T00:22:54.912389,haute
BJ-16C3AB26,Plomberie Cabinet,BTP & Immobilier,Cobly,+229 30 48 67 34,plomberiecabinet@outlook.com,plomberiecabinet.bj,TPE (<10),B2C,Facebook Pages,,Actif,2026-06-29T00:22:54.912404,haute
BJ-D66EA63F,Béton Habitat Cobly,BTP & Immobilier,Cobly,+229 76 28 91 78,,bétonhabitatcobly.bj,PME (10-50),B2C,Facebook Pages,,Actif,2026-06-29T00:22:54.912417,moyenne
BJ-E6623547,Plomberie Promotion Tanguiéta,BTP & Immobilier,Tanguiéta,+229 98 49 21 38,,,PME (10-50),B2B,Facebook Pages,,Actif,2026-06-29T00:22:54.912436,basse
BJ-E63ECE66,SCI Menuiserie SARL,BTP & Immobilier,Tanguiéta,+229 67 85 22 52,scimenuiserie@scimenuiseriesa.com.bj,scimenuiseriesarl.bj,PME (50-200),B2B,Facebook Pages,,Actif,2026-06-29T00:22:54.912453,haute
BJ-0440DD40,SARL Gestion Groupe,BTP & Immobilier,Tanguiéta,+229 89 93 99 49,sarl.gestion@yahoo.fr,,PME (10-50),B2B,Facebook Pages,,Actif,2026-06-29T00:22:54.912468,moyenne
BJ-71C784D7,Ferronnerie,BTP & Immobilier,Tanguiéta,+229 26 25 83 60,ferronnerie@ferronnerie.com.bj,,PME (50-200),B2B,Facebook Pages,,Actif,2026-06-29T00:22:54.912481,moyenne
BJ-4CB73DD3,SA Gestion,BTP & Immobilier,Tanguiéta,+229 55 18 46 54,gestion@sagestion.com.bj,sagestion.bj,PME (10-50),B2B,Facebook Pages,,Actif,2026-06-29T00:22:54.912494,haute
BJ-B17E4E72,Habitat Cabinet Matéri,BTP & Immobilier,Matéri,+229 78 50 90 13,,,PME (10-50),B2B,Facebook Pages,,Actif,2026-06-29T00:22:54.912512,basse
BJ-4D070003,Construction Location,BTP & Immobilier,Matéri,+229 22 81 53 58,c.location@hotmail.com,,TPE (<10),B2C,Facebook Pages,,Actif,2026-06-29T00:22:54.912528,moyenne
BJ-5F733765,SA Toiture International,BTP & Immobilier,Matéri,+229 57 58 87 33,,satoitureinternational.bj,PME (10-50),B2B,Facebook Pages,,Actif,2026-06-29T00:22:54.912543,moyenne
BJ-D4894477,Maçonnerie,BTP & Immobilier,Matéri,+229 85 87 78 34,maçonnerie@hotmail.com,,TPE (<10),B2B,Facebook Pages,,Actif,2026-06-29T00:22:54.912557,moyenne
BJ-CE4C306D,SO Ingénierie,BTP & Immobilier,Matéri,+229 53 65 96 22,ingénierie@hotmail.com,soingénierie.bj,PME (10-50),B2B,Facebook Pages,,Actif,2026-06-29T00:22:54.912571,haute
BJ-58D441CE,SA Toiture Habitat,BTP & Immobilier,Natitingou,+229 98 35 30 61,,satoiturehabitat.bj,TPE (<10),B2B,Facebook Pages,,Actif,2026-06-29T00:22:54.912590,moyenne
BJ-BC35DE49,Clôturage,BTP & Immobilier,Natitingou,+229 26 95 58 34,,clôturage.bj,TPE (<10),B2B,Facebook Pages,,Actif,2026-06-29T00:22:54.912602,moyenne
BJ-83B88D2B,Bâtiment Solutions,BTP & Immobilier,Natitingou,+229 96 73 56 87,b.solutions@outlook.com,,TPE (<10),B2C,Facebook Pages,,Actif,2026-06-29T00:22:54.912621,moyenne
BJ-725CBF30,Promotion Gestion Promotion,BTP & Immobilier,Natitingou,+229 98 98 16 10,promotiongestion@gmail.com,promotiongestionpromotion.bj,Grande (>200),B2B,Facebook Pages,,Actif,2026-06-29T00:22:54.912653,haute
BJ-B86E8404,Construction Travaux Solutions,BTP & Immobilier,Toucountouna,+229 44 64 95 20,c.travaux@hotmail.com,,TPE (<10),B2B,Facebook Pages,,Actif,2026-06-29T00:22:54.912674,moyenne
BJ-42001213,SO Terrassement Toucountouna,BTP & Immobilier,Toucountouna,+229 39 19 38 86,terrassementtoucountouna@soterrassementt.org.bj,,PME (10-50),B2C,Facebook Pages,,Actif,2026-06-29T00:22:54.912694,moyenne
BJ-F323EEDF,Gestion,BTP & Immobilier,Toucountouna,+229 89 28 87 37,gestion@outlook.com,,PME (10-50),B2C,Facebook Pages,,Actif,2026-06-29T00:22:54.912711,moyenne
BJ-14A73532,BTP Gestion International,BTP & Immobilier,Toucountouna,+229 27 12 32 83,b.gestion@btpgestioninter.org.bj,,PME (10-50),B2B,Facebook Pages,,Actif,2026-06-29T00:22:54.912727,moyenne
BJ-678AE265,Ets Gestion,BTP & Immobilier,Toucountouna,+229 54 81 56 58,e.gestion@etsgestion.bj,etsgestion.bj,TPE (<10),B2C,Facebook Pages,,Actif,2026-06-29T00:22:54.912744,haute
BJ-0AC154B4,Groupe Maison Boukoumbé,BTP & Immobilier,Boukoumbé,+229 81 68 41 41,groupe_maison@outlook.com,groupemaisonboukoumbé.bj,PME (10-50),B2B,Facebook Pages,,Actif,2026-06-29T00:22:54.912769,haute
BJ-59488DB2,Clôturage Boukoumbé,BTP & Immobilier,Boukoumbé,+229 41 11 91 90,clôturageboukoumbé@clôturageboukou.com.bj,clôturageboukoumbé.bj,TPE (<10),B2B,Facebook Pages,,Actif,2026-06-29T00:22:54.912787,haute
BJ-C6FB06A8,Béton Africa,BTP & Immobilier,Boukoumbé,+229 79 93 38 81,béton.africa@bétonafrica.bj,bétonafrica.bj,PME (50-200),B2B,Facebook Pages,,Actif,2026-06-29T00:22:54.912805,haute
BJ-5961800E,Construction Ingénierie,BTP & Immobilier,Boukoumbé,+229 83 52 24 90,c.ingénierie@constructioning.com.bj,,PME (10-50),B2C,Facebook Pages,,Actif,2026-06-29T00:22:54.912821,moyenne
BJ-19492C7A,Réhabilitation SARL Boukoumbé,BTP & Immobilier,Boukoumbé,+229 81 29 29 13,,réhabilitationsarlboukoumbé.bj,TPE (<10),B2B,Facebook Pages,,Actif,2026-06-29T00:22:54.912834,moyenne
BJ-0D61E4D7,SA Menuiserie Promotion,BTP & Immobilier,Kouandé,+229 60 26 11 16,,,PME (50-200),B2B,Facebook Pages,,Actif,2026-06-29T00:22:54.912852,basse
BJ-804F6C66,SO Syndic Solutions,BTP & Immobilier,Kouandé,+229 70 34 58 41,,,PME (50-200),B2C,Facebook Pages,,Actif,2026-06-29T00:22:54.912863,basse
BJ-E6E16342,Menuiserie Kouandé,BTP & Immobilier,Kouandé,+229 49 54 19 13,,,PME (10-50),B2B,Facebook Pages,,Actif,2026-06-29T00:22:54.912877,basse
BJ-2CAC5CD1,Isolation Bâtiments Kouandé,BTP & Immobilier,Kouandé,+229 59 39 33 53,i.bâtiments@yahoo.com,,TPE (<10),B2B,Facebook Pages,,Actif,2026-06-29T00:22:54.912915,moyenne
BJ-67B0A624,Peinture,BTP & Immobilier,Kouandé,+229 68 87 55 17,peinture@yahoo.fr,,TPE (<10),B2B,Facebook Pages,,Actif,2026-06-29T00:22:54.912931,moyenne
BJ-F355F708,SO Fondation,BTP & Immobilier,Péhunco,+229 32 85 86 80,fondation@sofondation.com.bj,sofondation.bj,PME (50-200),B2B,Facebook Pages,,Actif,2026-06-29T00:22:54.912953,haute
BJ-62AE6F00,SARL Travaux,BTP & Immobilier,Péhunco,+229 92 21 69 95,,,PME (50-200),B2C,Facebook Pages,,Actif,2026-06-29T00:22:54.912964,basse
BJ-875F4C8B,SA Plomberie Habitat,BTP & Immobilier,Péhunco,+229 36 19 51 16,plomberie.habitat@yahoo.com,saplomberiehabitat.bj,PME (50-200),B2B,Facebook Pages,,Actif,2026-06-29T00:22:54.912979,haute
BJ-548D1740,Groupe Architecte International,BTP & Immobilier,Péhunco,+229 82 61 54 20,g.architecte@gmail.com,,PME (50-200),B2B,Facebook Pages,,Actif,2026-06-29T00:22:54.912994,moyenne
BJ-F5505396,Copropriété,BTP & Immobilier,Péhunco,+229 85 75 57 94,copropriété@copropriété.com.bj,copropriété.bj,PME (50-200),B2C,Facebook Pages,,Actif,2026-06-29T00:22:54.913008,haute
BJ-8B099D92,Aménagement,BTP & Immobilier,Tchaourou,+229 86 50 61 36,,,PME (10-50),B2B,Facebook Pages,,Actif,2026-06-29T00:22:54.913026,basse
BJ-90D29033,Voirie,BTP & Immobilier,Tchaourou,+229 54 24 93 14,voirie@gmail.com,voirie.bj,Grande (>200),B2C,Facebook Pages,,Actif,2026-06-29T00:22:54.913039,haute
BJ-E3EFD7B5,Ets Gestion Construction,BTP & Immobilier,Tchaourou,+229 57 93 43 22,ets.gestion@etsgestionconst.org.bj,,TPE (<10),B2C,Facebook Pages,,Actif,2026-06-29T00:22:54.913058,moyenne
BJ-21BAB766,SCI Peinture Services,BTP & Immobilier,Tchaourou,+229 41 97 92 71,sci.peinture@scipeintureserv.bj,scipeintureservices.bj,PME (10-50),B2C,Facebook Pages,,Actif,2026-06-29T00:22:54.913074,haute
BJ-6E1EF4BC,Promotion Maison Groupe,BTP & Immobilier,Tchaourou,+229 82 42 25 53,promotionmaison@outlook.com,,PME (10-50),B2B,Facebook Pages,,Actif,2026-06-29T00:22:54.913089,moyenne
BJ-43563319,SCI Copropriété Bâtiments,BTP & Immobilier,Nikki,+229 40 75 46 34,scicopropriété@scicopropriétéb.org.bj,,TPE (<10),B2B,Facebook Pages,,Actif,2026-06-29T00:22:54.913116,moyenne
BJ-4A6DBCDF,Cabinet Voirie SA Nikki,BTP & Immobilier,Nikki,+229 56 22 70 77,cabinet.voirie@yahoo.com,,TPE (<10),B2B,Facebook Pages,,Actif,2026-06-29T00:22:54.913131,moyenne
BJ-506DAE43,Architecte Promotion,BTP & Immobilier,Nikki,+229 40 33 12 35,architecte.promotion@architectepromo.com.bj,architectepromotion.bj,TPE (<10),B2B,Facebook Pages,,Actif,2026-06-29T00:22:54.913150,haute
BJ-18040EDB,SO Travaux,BTP & Immobilier,Nikki,+229 72 53 21 50,,sotravaux.bj,Grande (>200),B2C,Facebook Pages,,Actif,2026-06-29T00:22:54.913161,moyenne
BJ-80AA0ED4,Terrassement Africa Nikki,BTP & Immobilier,Nikki,+229 90 49 89 38,terrassementafrica@yahoo.fr,terrassementafricanikki.bj,PME (50-200),B2B,Facebook Pages,,Actif,2026-06-29T00:22:54.913177,haute
BJ-BE5C6589,Terrassement SARL,BTP & Immobilier,Bembéréké,+229 48 58 32 62,terrassementsarl@gmail.com,,PME (10-50),B2C,Facebook Pages,,Actif,2026-06-29T00:22:54.913209,moyenne
BJ-07F2DF7F,SO Menuiserie Habitat,BTP & Immobilier,Bembéréké,+229 79 99 49 11,menuiserie.habitat@somenuiseriehab.bj,,TPE (<10),B2B,Facebook Pages,,Actif,2026-06-29T00:22:54.913243,moyenne
BJ-50C06677,Groupe Habitat,BTP & Immobilier,Bembéréké,+229 72 33 64 96,groupehabitat@groupehabitat.bj,,Grande (>200),B2C,Facebook Pages,,Actif,2026-06-29T00:22:54.913257,moyenne
BJ-F8C4814B,Travaux Solutions,BTP & Immobilier,Kalalé,+229 48 64 90 24,travauxsolutions@travauxsolution.com.bj,,PME (50-200),B2B,Facebook Pages,,Actif,2026-06-29T00:22:54.913282,moyenne
BJ-45CB107D,Ferronnerie,BTP & Immobilier,Kalalé,+229 86 81 79 45,,ferronnerie.bj,TPE (<10),B2B,Facebook Pages,,Actif,2026-06-29T00:22:54.913294,moyenne
BJ-653FBFF7,Architecte Africa,BTP & Immobilier,Kalalé,+229 30 31 74 94,architecte.africa@architecteafric.bj,,TPE (<10),B2C,Facebook Pages,,Actif,2026-06-29T00:22:54.913309,moyenne
BJ-38502A91,Immobilier Kalalé,BTP & Immobilier,Kalalé,+229 79 57 51 76,,immobilierkalalé.bj,PME (50-200),B2C,Facebook Pages,,Actif,2026-06-29T00:22:54.913321,moyenne
BJ-86176D88,SA Menuiserie,BTP & Immobilier,Kalalé,+229 23 88 29 39,menuiserie@outlook.com,,PME (50-200),B2C,Facebook Pages,,Actif,2026-06-29T00:22:54.913333,moyenne
BJ-4A5F86B2,SA Béton Habitat,BTP & Immobilier,Ndali,+229 38 14 33 60,,sabétonhabitat.bj,PME (10-50),B2B,Facebook Pages,,Actif,2026-06-29T00:22:54.913363,moyenne
BJ-68ABE9DF,Cabinet Isolation,BTP & Immobilier,Ndali,+229 73 12 66 35,cabinet_isolation@cabinetisolatio.bj,cabinetisolation.bj,TPE (<10),B2C,Facebook Pages,,Actif,2026-06-29T00:22:54.913390,haute
BJ-4CDCE47B,Cabinet Menuiserie,BTP & Immobilier,Ndali,+229 89 55 28 39,cabinet.menuiserie@yahoo.com,,TPE (<10),B2C,Facebook Pages,,Actif,2026-06-29T00:22:54.913405,moyenne
BJ-26A6A88E,SO Terrassement,BTP & Immobilier,Ndali,+229 22 18 18 17,terrassement@soterrassement.bj,soterrassement.bj,TPE (<10),B2C,Facebook Pages,,Actif,2026-06-29T00:22:54.913420,haute
BJ-E173AE7A,Construction Services,BTP & Immobilier,Ségbana,+229 66 55 20 79,,constructionservices.bj,Grande (>200),B2C,Facebook Pages,,Actif,2026-06-29T00:22:54.913438,moyenne
BJ-54466438,Construction Ferronnerie Solutions Ségbana,BTP & Immobilier,Ségbana,+229 25 69 85 20,constructionferronnerie@hotmail.com,constructionferronneriesolutionsségbana.bj,PME (50-200),B2B,Facebook Pages,,Actif,2026-06-29T00:22:54.913456,haute
BJ-D246ABF2,Structure Habitat,BTP & Immobilier,Ségbana,+229 61 13 19 69,s.habitat@structurehabita.org.bj,,PME (10-50),B2C,Facebook Pages,,Actif,2026-06-29T00:22:54.913472,moyenne
BJ-8FAF6EEB,SARL Rénovation Ségbana,BTP & Immobilier,Ségbana,+229 41 11 44 89,sarl_rénovation@sarlrénovations.org.bj,,TPE (<10),B2C,Facebook Pages,,Actif,2026-06-29T00:22:54.913489,moyenne
BJ-8DD33883,Cabinet Béton,BTP & Immobilier,Ségbana,+229 31 33 22 10,c.béton@cabinetbéton.com.bj,cabinetbéton.bj,Grande (>200),B2B,Facebook Pages,,Actif,2026-06-29T00:22:54.913509,haute
BJ-AB42339C,Structure Promotion,BTP & Immobilier,Tchaourou,+229 86 25 49 56,structure.promotion@structurepromot.org.bj,,Grande (>200),B2C,Facebook Pages,,Actif,2026-06-29T00:22:54.913531,moyenne
BJ-C24E15C4,Cabinet Promotion,BTP & Immobilier,Tchaourou,+229 72 27 33 22,c.promotion@gmail.com,cabinetpromotion.bj,TPE (<10),B2B,Facebook Pages,,Actif,2026-06-29T00:22:54.913546,haute
BJ-99B1C17F,Syndic,BTP & Immobilier,Tchaourou,+229 22 95 23 37,,,TPE (<10),B2C,Facebook Pages,,Actif,2026-06-29T00:22:54.913560,basse
BJ-56E2FDD3,SA Gestion,BTP & Immobilier,Tchaourou,+229 51 65 30 37,gestion@hotmail.com,sagestion.bj,TPE (<10),B2B,Facebook Pages,,Actif,2026-06-29T00:22:54.913575,haute
BJ-2AFAB76E,SO Toiture Habitat,BTP & Immobilier,Tchaourou,+229 33 86 10 32,,,TPE (<10),B2B,Facebook Pages,,Actif,2026-06-29T00:22:54.913585,basse
BJ-957955DA,Construction Bâtiment,BTP & Immobilier,Bétérou,+229 85 15 87 20,,constructionbâtiment.bj,PME (10-50),B2C,Facebook Pages,,Actif,2026-06-29T00:22:54.913604,moyenne
BJ-149C954F,Syndic Habitat,BTP & Immobilier,Bétérou,+229 27 62 12 70,syndichabitat@syndichabitat.com.bj,,PME (10-50),B2C,Facebook Pages,,Actif,2026-06-29T00:22:54.913619,moyenne
BJ-CCA9ACDC,Immobilier,BTP & Immobilier,Bétérou,+229 40 39 87 69,immobilier@immobilier.bj,,PME (10-50),B2B,Facebook Pages,,Actif,2026-06-29T00:22:54.913636,moyenne
BJ-AEF75546,Promotion Copropriété,BTP & Immobilier,Bétérou,+229 58 56 26 44,promotioncopropriété@hotmail.com,promotioncopropriété.bj,TPE (<10),B2B,Facebook Pages,,Actif,2026-06-29T00:22:54.913653,haute
BJ-954A5093,SCI Rénovation,BTP & Immobilier,Bétérou,+229 24 22 32 95,sci.rénovation@scirénovation.org.bj,scirénovation.bj,PME (10-50),B2B,Facebook Pages,,Actif,2026-06-29T00:22:54.913669,haute
BJ-B0CA4795,Syndic Solutions,BTP & Immobilier,Ouessè,+229 66 42 29 32,syndic.solutions@yahoo.com,syndicsolutions.bj,PME (10-50),B2C,Facebook Pages,,Actif,2026-06-29T00:22:54.913691,haute
BJ-6D89A567,Aménagement Ouessè,BTP & Immobilier,Ouessè,+229 88 19 37 72,a.ouessè@gmail.com,aménagementouessè.bj,TPE (<10),B2C,Facebook Pages,,Actif,2026-06-29T00:22:54.913709,haute
BJ-4AD9D575,Cabinet Bâtiment,BTP & Immobilier,Ouessè,+229 36 27 13 63,c.bâtiment@cabinetbâtiment.org.bj,cabinetbâtiment.bj,PME (10-50),B2B,Facebook Pages,,Actif,2026-06-29T00:22:54.913728,haute
BJ-E2B9D94F,Cabinet Maçonnerie International,BTP & Immobilier,Ouessè,+229 58 76 30 51,cabinetmaçonnerie@gmail.com,cabinetmaçonnerieinternational.bj,TPE (<10),B2B,Facebook Pages,,Actif,2026-06-29T00:22:54.913745,haute
BJ-05EDC4B8,Béton Construction,BTP & Immobilier,Ouessè,+229 59 66 41 66,b.construction@bétonconstructi.com.bj,bétonconstruction.bj,PME (10-50),B2B,Facebook Pages,,Actif,2026-06-29T00:22:54.913760,haute
BJ-3A2E95B5,SARL Habitat Glazoué,BTP & Immobilier,Glazoué,+229 94 60 37 87,sarlhabitat@hotmail.com,sarlhabitatglazoué.bj,PME (10-50),B2C,Facebook Pages,,Actif,2026-06-29T00:22:54.913783,haute
BJ-A43039B5,Construction Ingénierie Bénin,BTP & Immobilier,Glazoué,+229 99 11 66 94,construction.ingénierie@yahoo.fr,constructioningénieriebénin.bj,Grande (>200),B2C,Facebook Pages,,Actif,2026-06-29T00:22:54.913799,haute
BJ-C507187B,Location Bâtiments,BTP & Immobilier,Glazoué,+229 50 68 96 11,,locationbâtiments.bj,PME (50-200),B2B,Facebook Pages,,Actif,2026-06-29T00:22:54.913811,moyenne
BJ-B8ACA258,Construction Syndic Africa,BTP & Immobilier,Glazoué,+229 76 35 78 52,,,TPE (<10),B2B,Facebook Pages,,Actif,2026-06-29T00:22:54.913822,basse
BJ-72903B77,Location Bénin,BTP & Immobilier,Glazoué,+229 33 27 88 90,location.bénin@outlook.com,,PME (10-50),B2B,Facebook Pages,,Actif,2026-06-29T00:22:54.913837,moyenne
BJ-3CD529CA,Terrassement Construction,BTP & Immobilier,Dassa-Zoumè,+229 74 22 54 54,terrassement_construction@terrassementcon.bj,terrassementconstruction.bj,PME (50-200),B2C,Facebook Pages,,Actif,2026-06-29T00:22:54.913859,haute
BJ-2AB2B647,Construction Ferronnerie Habitat Dassa-Zoumè,BTP & Immobilier,Dassa-Zoumè,+229 76 71 10 24,,constructionferronneriehabitatdassazoumè.bj,PME (50-200),B2C,Facebook Pages,,Actif,2026-06-29T00:22:54.913899,moyenne
BJ-E8A4C8F7,BTP Aménagement,BTP & Immobilier,Dassa-Zoumè,+229 20 60 56 57,,btpaménagement.bj,TPE (<10),B2B,Facebook Pages,,Actif,2026-06-29T00:22:54.913946,moyenne
BJ-98C3478A,Électricité Construction Dassa-Zoumè,BTP & Immobilier,Dassa-Zoumè,+229 46 23 44 38,électricitéconstruction@électricitécons.org.bj,électricitéconstructiondassazoumè.bj,TPE (<10),B2B,Facebook Pages,,Actif,2026-06-29T00:22:54.913966,haute
BJ-7FD61E57,Habitat Ets,BTP & Immobilier,Savalou,+229 33 83 63 43,h.ets@habitatets.org.bj,,Grande (>200),B2B,Facebook Pages,,Actif,2026-06-29T00:22:54.913991,moyenne
BJ-BA97113C,SA Syndic Savalou,BTP & Immobilier,Savalou,+229 22 43 77 67,s.savalou@yahoo.com,sasyndicsavalou.bj,PME (10-50),B2C,Facebook Pages,,Actif,2026-06-29T00:22:54.914010,haute
BJ-9D17230E,SCI Maison,BTP & Immobilier,Savalou,+229 52 32 41 76,scimaison@scimaison.com.bj,scimaison.bj,TPE (<10),B2C,Facebook Pages,,Actif,2026-06-29T00:22:54.914026,haute
BJ-BFD1C47C,SARL Plomberie Ets,BTP & Immobilier,Savalou,+229 23 49 71 51,sarl.plomberie@sarlplomberieet.org.bj,sarlplomberieets.bj,PME (10-50),B2C,Facebook Pages,,Actif,2026-06-29T00:22:54.914042,haute
BJ-5E420229,Terrassement Bénin,BTP & Immobilier,Bantè,+229 65 17 59 21,terrassementbénin@hotmail.com,,TPE (<10),B2C,Facebook Pages,,Actif,2026-06-29T00:22:54.914080,moyenne
BJ-4F7DCC28,Copropriété Promotion,BTP & Immobilier,Bantè,+229 29 55 59 45,,,TPE (<10),B2B,Facebook Pages,,Actif,2026-06-29T00:22:54.914092,basse
BJ-8035BBA7,Rénovation Bantè,BTP & Immobilier,Bantè,+229 95 40 66 59,rénovation.bantè@rénovationbantè.bj,rénovationbantè.bj,TPE (<10),B2B,Facebook Pages,,Actif,2026-06-29T00:22:54.914112,haute
BJ-2FDAEC96,Ferronnerie,BTP & Immobilier,Bantè,+229 76 22 28 90,ferronnerie@outlook.com,ferronnerie.bj,TPE (<10),B2B,Facebook Pages,,Actif,2026-06-29T00:22:54.914141,haute
BJ-2329D2C5,Cabinet Ferronnerie Solutions,BTP & Immobilier,Djougou,+229 25 21 35 27,,cabinetferronneriesolutions.bj,TPE (<10),B2C,Facebook Pages,,Actif,2026-06-29T00:22:54.914160,moyenne
BJ-D1524B7E,Rénovation SA,BTP & Immobilier,Djougou,+229 63 98 83 61,rénovation@yahoo.fr,rénovationsa.bj,PME (50-200),B2B,Facebook Pages,,Actif,2026-06-29T00:22:54.914174,haute
BJ-06F308DB,Clôturage Ets,BTP & Immobilier,Djougou,+229 30 41 99 97,clôturageets@clôturageets.com.bj,clôturageets.bj,PME (10-50),B2B,Facebook Pages,,Actif,2026-06-29T00:22:54.914191,haute
BJ-1DE35F6E,Fondation SARL,BTP & Immobilier,Djougou,+229 34 68 46 58,f.sarl@fondationsarl.bj,,PME (10-50),B2B,Facebook Pages,,Actif,2026-06-29T00:22:54.914206,moyenne
BJ-8D657989,Syndic Groupe,BTP & Immobilier,Djougou,+229 30 60 73 81,syndic.groupe@syndicgroupe.com.bj,syndicgroupe.bj,TPE (<10),B2C,Facebook Pages,,Actif,2026-06-29T00:22:54.914222,haute
BJ-3082B298,Ingénierie,BTP & Immobilier,Ouèssè,+229 80 80 41 37,,,TPE (<10),B2B,Facebook Pages,,Actif,2026-06-29T00:22:54.914251,basse
BJ-C543FE92,Voirie,BTP & Immobilier,Ouèssè,+229 29 48 45 74,voirie@yahoo.com,voirie.bj,PME (50-200),B2B,Facebook Pages,,Actif,2026-06-29T00:22:54.914282,haute
BJ-8A51F23B,Location Bénin,BTP & Immobilier,Ouèssè,+229 80 89 99 28,locationbénin@locationbénin.org.bj,,TPE (<10),B2C,Facebook Pages,,Actif,2026-06-29T00:22:54.914299,moyenne
BJ-19CD2B79,BTP Bâtiment Solutions,BTP & Immobilier,Bassila,+229 23 57 91 71,btp.bâtiment@gmail.com,btpbâtimentsolutions.bj,PME (50-200),B2C,Facebook Pages,,Actif,2026-06-29T00:22:54.914326,haute
BJ-53295AA6,Maçonnerie,BTP & Immobilier,Bassila,+229 70 81 50 35,,,PME (10-50),B2B,Facebook Pages,,Actif,2026-06-29T00:22:54.914337,basse
BJ-6EC86A6D,Ets Terrassement Promotion,BTP & Immobilier,Bassila,+229 72 30 80 31,,,TPE (<10),B2C,Facebook Pages,,Actif,2026-06-29T00:22:54.914365,basse
BJ-52CC33A4,Électricité SARL,BTP & Immobilier,Bassila,+229 34 78 13 49,électricitésarl@gmail.com,électricitésarl.bj,PME (10-50),B2C,Facebook Pages,,Actif,2026-06-29T00:22:54.914381,haute
BJ-9D37B903,Promotion Voirie,BTP & Immobilier,Pehunco,+229 70 99 10 55,,promotionvoirie.bj,TPE (<10),B2B,Facebook Pages,,Actif,2026-06-29T00:22:54.914399,moyenne
BJ-9A79B2F0,Voirie Groupe,BTP & Immobilier,Pehunco,+229 61 32 91 45,voiriegroupe@voiriegroupe.bj,,PME (50-200),B2C,Facebook Pages,,Actif,2026-06-29T00:22:54.914415,moyenne
BJ-F41EB65C,Plomberie,BTP & Immobilier,Pehunco,+229 32 15 64 90,plomberie@plomberie.bj,,PME (50-200),B2C,Facebook Pages,,Actif,2026-06-29T00:22:54.914432,moyenne
BJ-21BF355A,Groupe Clôturage Pehunco,BTP & Immobilier,Pehunco,+229 69 54 66 92,groupeclôturage@outlook.com,groupeclôturagepehunco.bj,TPE (<10),B2B,Facebook Pages,,Actif,2026-06-29T00:22:54.914469,haute
BJ-6902372B,Construction Construction SARL,BTP & Immobilier,Pehunco,+229 22 58 16 76,construction.construction@outlook.com,constructionconstructionsarl.bj,TPE (<10),B2B,Facebook Pages,,Actif,2026-06-29T00:22:54.914490,haute
BJ-5053225A,SA Isolation Ets,BTP & Immobilier,Copargo,+229 75 80 66 45,isolation.ets@yahoo.fr,,PME (10-50),B2C,Facebook Pages,,Actif,2026-06-29T00:22:54.914513,moyenne
BJ-77F8162A,Promotion Voirie,BTP & Immobilier,Copargo,+229 34 11 46 89,,promotionvoirie.bj,TPE (<10),B2B,Facebook Pages,,Actif,2026-06-29T00:22:54.914526,moyenne
BJ-6690C77A,Copropriété Bénin,BTP & Immobilier,Copargo,+229 22 56 81 11,copropriétébénin@copropriétébéni.org.bj,,PME (50-200),B2C,Facebook Pages,,Actif,2026-06-29T00:22:54.914543,moyenne
BJ-79235BD2,Isolation Services,BTP & Immobilier,Copargo,+229 30 16 58 26,i.services@outlook.com,isolationservices.bj,TPE (<10),B2B,Facebook Pages,,Actif,2026-06-29T00:22:54.914563,haute
BJ-F79E744E,Habitat Cabinet Copargo,BTP & Immobilier,Copargo,+229 74 11 23 30,,habitatcabinetcopargo.bj,Grande (>200),B2B,Facebook Pages,,Actif,2026-06-29T00:22:54.914575,moyenne
BJ-A6BC4CE9,Chaussures,Commerce & Distribution,Cotonou,+229 88 22 17 10,,,TPE (<10),B2B/B2C,Facebook Pages,,Actif,2026-06-29T00:22:54.914594,basse
BJ-A56DD9DB,Carry,Commerce & Distribution,Cotonou,+229 80 48 18 65,,carry.bj,TPE (<10),B2C,Facebook Pages,,Actif,2026-06-29T00:22:54.914606,moyenne
BJ-35B26462,Groupe Boutique,Commerce & Distribution,Cotonou,+229 51 21 59 29,groupeboutique@gmail.com,,TPE (<10),B2B/B2C,Facebook Pages,,Actif,2026-06-29T00:22:54.914624,moyenne
BJ-CD58966A,Centre Détaillant,Commerce & Distribution,Cotonou,+229 68 33 39 43,,centredétaillant.bj,PME (50-200),B2C,Facebook Pages,,Actif,2026-06-29T00:22:54.914636,moyenne
BJ-74DCAA3C,Supermarché,Commerce & Distribution,Cotonou,+229 68 74 54 96,supermarché@supermarché.bj,,PME (10-50),B2C,Facebook Pages,,Actif,2026-06-29T00:22:54.914651,moyenne
BJ-DA991AE9,Drive Commerce Abomey-Calavi,Commerce & Distribution,Abomey-Calavi,+229 77 42 23 13,d.commerce@drivecommerceab.org.bj,,PME (10-50),B2B/B2C,Facebook Pages,,Actif,2026-06-29T00:22:54.914674,moyenne
BJ-F82C5956,Super Discount Groupe,Commerce & Distribution,Abomey-Calavi,+229 81 38 99 74,super_discount@superdiscountgr.bj,,PME (10-50),B2C,Facebook Pages,,Actif,2026-06-29T00:22:54.914689,moyenne
BJ-9565DA7B,Marché Stock Store,Commerce & Distribution,Abomey-Calavi,+229 65 81 85 18,m.stock@marchéstockstor.com.bj,,TPE (<10),B2C,Facebook Pages,,Actif,2026-06-29T00:22:54.914707,moyenne
BJ-C8736893,Distribution Bénin Abomey-Calavi,Commerce & Distribution,Abomey-Calavi,+229 61 75 47 28,,,Grande (>200),B2B/B2C,Facebook Pages,,Actif,2026-06-29T00:22:54.914730,basse
BJ-A2EA8D6F,SARL Détaillant Bénin,Commerce & Distribution,Porto-Novo,+229 67 16 44 32,sarl_détaillant@sarldétaillantb.org.bj,,PME (10-50),B2C,Facebook Pages,,Actif,2026-06-29T00:22:54.914754,moyenne
BJ-464711DF,Magasin,Commerce & Distribution,Porto-Novo,+229 27 86 24 45,,magasin.bj,PME (50-200),B2B/B2C,Facebook Pages,,Actif,2026-06-29T00:22:54.914765,moyenne
BJ-088F9E15,Centre Discount Commerce,Commerce & Distribution,Porto-Novo,+229 23 34 62 84,centrediscount@gmail.com,,PME (50-200),B2B/B2C,Facebook Pages,,Actif,2026-06-29T00:22:54.914784,moyenne
BJ-E91CF677,Distribution Parfumerie Store,Commerce & Distribution,Porto-Novo,+229 76 69 11 89,,,PME (10-50),B2C,Facebook Pages,,Actif,2026-06-29T00:22:54.914796,basse
BJ-B56DE3FF,SARL Commerce,Commerce & Distribution,Porto-Novo,+229 70 78 36 27,,,PME (50-200),B2C,Facebook Pages,,Actif,2026-06-29T00:22:54.914809,basse
BJ-8347D5E8,Distribution Carry Parakou,Commerce & Distribution,Parakou,+229 47 41 53 45,distribution.carry@yahoo.com,distributioncarryparakou.bj,PME (50-200),B2C,Facebook Pages,,Actif,2026-06-29T00:22:54.914835,haute
BJ-08985D32,Détaillant,Commerce & Distribution,Parakou,+229 29 21 27 46,,détaillant.bj,PME (10-50),B2C,Facebook Pages,,Actif,2026-06-29T00:22:54.914848,moyenne
BJ-1E826A94,Sport,Commerce & Distribution,Parakou,+229 85 81 51 33,sport@outlook.com,sport.bj,TPE (<10),B2B/B2C,Facebook Pages,,Actif,2026-06-29T00:22:54.914862,haute
BJ-D1A360EF,Centre Chaussures Store,Commerce & Distribution,Parakou,+229 51 98 84 97,centrechaussures@centrechaussure.com.bj,,PME (50-200),B2B/B2C,Facebook Pages,,Actif,2026-06-29T00:22:54.914909,moyenne
BJ-06F7D0E6,Centre Provision Ets,Commerce & Distribution,Parakou,+229 67 90 70 59,c.provision@centreprovision.com.bj,centreprovisionets.bj,PME (10-50),B2B/B2C,Facebook Pages,,Actif,2026-06-29T00:22:54.914927,haute
BJ-BD628F7B,Jouets Bohicon,Commerce & Distribution,Bohicon,+229 54 37 21 80,jouetsbohicon@hotmail.com,jouetsbohicon.bj,PME (10-50),B2C,Facebook Pages,,Actif,2026-06-29T00:22:54.914967,haute
BJ-6FBE7213,Commerce Vêtements Bohicon,Commerce & Distribution,Bohicon,+229 43 82 83 56,,,PME (10-50),B2B/B2C,Facebook Pages,,Actif,2026-06-29T00:22:54.914981,basse
BJ-BC880E82,Shop Détaillant,Commerce & Distribution,Bohicon,+229 81 25 11 63,s.détaillant@gmail.com,shopdétaillant.bj,PME (50-200),B2C,Facebook Pages,,Actif,2026-06-29T00:22:54.914999,haute
BJ-E17980FB,Boutique Automobile,Commerce & Distribution,Bohicon,+229 23 85 33 80,boutiqueautomobile@outlook.com,,TPE (<10),B2B/B2C,Facebook Pages,,Actif,2026-06-29T00:22:54.915013,moyenne
BJ-B0A77FF3,Groupe Décoration Store,Commerce & Distribution,Natitingou,+229 53 25 46 52,groupe.décoration@groupedécoratio.org.bj,groupedécorationstore.bj,PME (50-200),B2B/B2C,Facebook Pages,,Actif,2026-06-29T00:22:54.915037,haute
BJ-184EC483,Distribution Meuble,Commerce & Distribution,Natitingou,+229 68 38 32 98,distributionmeuble@distributionmeu.com.bj,,PME (10-50),B2C,Facebook Pages,,Actif,2026-06-29T00:22:54.915052,moyenne
BJ-7582B619,Parfumerie Groupe,Commerce & Distribution,Natitingou,+229 72 77 34 46,parfumerie.groupe@yahoo.com,parfumeriegroupe.bj,PME (10-50),B2C,Facebook Pages,,Actif,2026-06-29T00:22:54.915066,haute
BJ-0754C141,Boutique High-Tech,Commerce & Distribution,Natitingou,+229 94 14 47 23,,,TPE (<10),B2B/B2C,Facebook Pages,,Actif,2026-06-29T00:22:54.915076,basse
BJ-6201E23D,Super Décoration Market,Commerce & Distribution,Natitingou,+229 37 58 36 39,s.décoration@hotmail.com,superdécorationmarket.bj,PME (10-50),B2C,Facebook Pages,,Actif,2026-06-29T00:22:54.915092,haute
BJ-8A5FCE52,Magasin Groupe,Commerce & Distribution,Lokossa,+229 42 87 70 65,m.groupe@hotmail.com,magasingroupe.bj,PME (50-200),B2B/B2C,Facebook Pages,,Actif,2026-06-29T00:22:54.915116,haute
BJ-CB540EF2,Magasin Chaussures Market,Commerce & Distribution,Lokossa,+229 25 33 10 71,,,TPE (<10),B2B/B2C,Facebook Pages,,Actif,2026-06-29T00:22:54.915127,basse
BJ-DE868D9B,Vêtements Market Lokossa,Commerce & Distribution,Lokossa,+229 32 83 97 64,vêtements.market@vêtementsmarket.org.bj,,PME (50-200),B2B/B2C,Facebook Pages,,Actif,2026-06-29T00:22:54.915147,moyenne
BJ-C7C452AD,Chaussures,Commerce & Distribution,Lokossa,+229 62 56 50 29,chaussures@yahoo.com,,PME (10-50),B2B/B2C,Facebook Pages,,Actif,2026-06-29T00:22:54.915160,moyenne
BJ-49E8A12C,Magasin Bénin,Commerce & Distribution,Lokossa,+229 60 47 60 20,magasinbénin@magasinbénin.org.bj,,PME (50-200),B2B/B2C,Facebook Pages,,Actif,2026-06-29T00:22:54.915176,moyenne
BJ-DA9F13D6,Ets Automobile,Commerce & Distribution,Ouidah,+229 99 10 83 53,ets_automobile@yahoo.com,etsautomobile.bj,TPE (<10),B2B/B2C,Facebook Pages,,Actif,2026-06-29T00:22:54.915197,haute
BJ-E2BCE446,Commerce Grossiste,Commerce & Distribution,Ouidah,+229 37 15 73 33,commercegrossiste@commercegrossis.org.bj,commercegrossiste.bj,PME (10-50),B2C,Facebook Pages,,Actif,2026-06-29T00:22:54.915212,haute
BJ-A2C5D485,Moto Bénin,Commerce & Distribution,Ouidah,+229 33 54 27 61,,,TPE (<10),B2B/B2C,Facebook Pages,,Actif,2026-06-29T00:22:54.915222,basse
BJ-62087870,Ets Discount Ouidah,Commerce & Distribution,Ouidah,+229 66 33 68 12,ets.discount@etsdiscountouid.com.bj,,TPE (<10),B2B/B2C,Facebook Pages,,Actif,2026-06-29T00:22:54.915237,moyenne
BJ-8F559E50,Marché Jouets Bénin,Commerce & Distribution,Savalou,+229 63 66 63 73,marchéjouets@gmail.com,marchéjouetsbénin.bj,PME (10-50),B2C,Facebook Pages,,Actif,2026-06-29T00:22:54.915275,haute
BJ-57EAE47B,Quincaillerie,Commerce & Distribution,Savalou,+229 86 88 29 70,quincaillerie@quincaillerie.com.bj,,PME (10-50),B2C,Facebook Pages,,Actif,2026-06-29T00:22:54.915288,moyenne
BJ-BDC0F408,Store Jardin Ets Savalou,Commerce & Distribution,Savalou,+229 52 17 24 23,s.jardin@storejardinetss.bj,storejardinetssavalou.bj,TPE (<10),B2B/B2C,Facebook Pages,,Actif,2026-06-29T00:22:54.915307,haute
BJ-4D397758,Shop Drive,Commerce & Distribution,Savalou,+229 59 39 80 55,shop_drive@shopdrive.org.bj,,PME (50-200),B2C,Facebook Pages,,Actif,2026-06-29T00:22:54.915322,moyenne
BJ-2BF553D4,Marché Sport,Commerce & Distribution,Savalou,+229 95 32 13 39,m.sport@gmail.com,,PME (50-200),B2C,Facebook Pages,,Actif,2026-06-29T00:22:54.915338,moyenne
BJ-E41D3F02,Ets Quincaillerie Shop,Commerce & Distribution,Dassa-Zoumè,+229 52 17 21 72,etsquincaillerie@hotmail.com,,TPE (<10),B2B/B2C,Facebook Pages,,Actif,2026-06-29T00:22:54.915358,moyenne
BJ-0322370F,Boutique Détaillant,Commerce & Distribution,Dassa-Zoumè,+229 52 76 96 50,boutiquedétaillant@boutiquedétaill.bj,,TPE (<10),B2B/B2C,Facebook Pages,,Actif,2026-06-29T00:22:54.915375,moyenne
BJ-E18AEC73,Magasin Distribution Groupe Dassa-Zoumè,Commerce & Distribution,Dassa-Zoumè,+229 73 78 12 54,m.distribution@outlook.com,,Grande (>200),B2B/B2C,Facebook Pages,,Actif,2026-06-29T00:22:54.915394,moyenne
BJ-F7A9A8D7,Détaillant Dassa-Zoumè,Commerce & Distribution,Dassa-Zoumè,+229 32 73 15 49,détaillantdassa@yahoo.fr,détaillantdassazoumè.bj,TPE (<10),B2B/B2C,Facebook Pages,,Actif,2026-06-29T00:22:54.915411,haute
BJ-E9567C2B,Ets Grossiste Distribution Dassa-Zoumè,Commerce & Distribution,Dassa-Zoumè,+229 41 29 84 47,,,TPE (<10),B2B/B2C,Facebook Pages,,Actif,2026-06-29T00:22:54.915421,basse
BJ-5BA89A5D,Supermarché SARL,Commerce & Distribution,Kétou,+229 93 30 13 72,supermarché.sarl@supermarchésarl.com.bj,,PME (50-200),B2B/B2C,Facebook Pages,,Actif,2026-06-29T00:22:54.915444,moyenne
BJ-9FB376DC,Cosmétique Shop,Commerce & Distribution,Kétou,+229 90 59 14 57,,,PME (10-50),B2B/B2C,Facebook Pages,,Actif,2026-06-29T00:22:54.915460,basse
BJ-A309C974,Groupe Alimentaire Store Kétou,Commerce & Distribution,Kétou,+229 58 24 41 23,groupe.alimentaire@groupealimentai.bj,groupealimentairestorekétou.bj,TPE (<10),B2C,Facebook Pages,,Actif,2026-06-29T00:22:54.915483,haute
BJ-A3FF5DE3,Électroménager Shop,Commerce & Distribution,Kétou,+229 83 67 18 68,,électroménagershop.bj,Grande (>200),B2B/B2C,Facebook Pages,,Actif,2026-06-29T00:22:54.915496,moyenne
BJ-BE985728,Commerce Quincaillerie,Commerce & Distribution,Kétou,+229 55 66 78 84,commercequincaillerie@outlook.com,commercequincaillerie.bj,TPE (<10),B2B/B2C,Facebook Pages,,Actif,2026-06-29T00:22:54.915512,haute
BJ-E1933FB7,Magasin Covè,Commerce & Distribution,Covè,+229 32 52 19 71,,,TPE (<10),B2C,Facebook Pages,,Actif,2026-06-29T00:22:54.915530,basse
BJ-B344D72B,Commerce Alimentaire Covè,Commerce & Distribution,Covè,+229 26 70 59 12,commercealimentaire@hotmail.com,,PME (10-50),B2B/B2C,Facebook Pages,,Actif,2026-06-29T00:22:54.915545,moyenne
BJ-05DC2224,Marché High-Tech Covè,Commerce & Distribution,Covè,+229 80 65 79 70,,,PME (10-50),B2B/B2C,Facebook Pages,,Actif,2026-06-29T00:22:54.915557,basse
BJ-795B88F4,Store Marché Commerce,Commerce & Distribution,Covè,+229 29 96 57 12,s.marché@gmail.com,storemarchécommerce.bj,TPE (<10),B2C,Facebook Pages,,Actif,2026-06-29T00:22:54.915577,haute
BJ-CD9F94DB,Commerce Distribution Pobè,Commerce & Distribution,Pobè,+229 33 90 16 80,c.distribution@commercedistrib.org.bj,,PME (50-200),B2C,Facebook Pages,,Actif,2026-06-29T00:22:54.915623,moyenne
BJ-6E9BC499,High-Tech Shop,Commerce & Distribution,Pobè,+229 52 11 99 31,,hightechshop.bj,PME (50-200),B2B/B2C,Facebook Pages,,Actif,2026-06-29T00:22:54.915638,moyenne
BJ-5A4A74D3,Grossiste Ets Pobè,Commerce & Distribution,Pobè,+229 91 86 21 25,,,PME (10-50),B2C,Facebook Pages,,Actif,2026-06-29T00:22:54.915658,basse
BJ-C8F68D74,Groupe Stock Ets,Commerce & Distribution,Pobè,+229 33 86 27 51,,,TPE (<10),B2C,Facebook Pages,,Actif,2026-06-29T00:22:54.915669,basse
BJ-3D8AFEBC,Supply,Commerce & Distribution,Sakété,+229 28 42 91 72,supply@yahoo.fr,,TPE (<10),B2C,Facebook Pages,,Actif,2026-06-29T00:22:54.915689,moyenne
BJ-F5BDBB58,Magasin Électroménager Shop Sakété,Commerce & Distribution,Sakété,+229 56 11 25 24,,magasinélectroménagershopsakété.bj,TPE (<10),B2C,Facebook Pages,,Actif,2026-06-29T00:22:54.915702,moyenne
BJ-E562CAEA,Super Mode Groupe,Commerce & Distribution,Sakété,+229 76 37 89 56,supermode@hotmail.com,supermodegroupe.bj,PME (10-50),B2C,Facebook Pages,,Actif,2026-06-29T00:22:54.915718,haute
BJ-114267F4,Boutique Hypermarché Sakété,Commerce & Distribution,Sakété,+229 92 67 47 49,boutique.hypermarché@yahoo.fr,boutiquehypermarchésakété.bj,TPE (<10),B2C,Facebook Pages,,Actif,2026-06-29T00:22:54.915735,haute
BJ-1079B23C,Shop Discount Store,Commerce & Distribution,Sakété,+229 40 79 12 76,,shopdiscountstore.bj,TPE (<10),B2C,Facebook Pages,,Actif,2026-06-29T00:22:54.915748,moyenne
BJ-394B4090,Super Drive,Commerce & Distribution,Adjara,+229 97 90 38 97,s.drive@outlook.com,superdrive.bj,PME (50-200),B2B/B2C,Facebook Pages,,Actif,2026-06-29T00:22:54.915769,haute
BJ-669D1B94,Distribution Drive,Commerce & Distribution,Adjara,+229 96 68 89 63,distributiondrive@gmail.com,,PME (10-50),B2B/B2C,Facebook Pages,,Actif,2026-06-29T00:22:54.915785,moyenne
BJ-C5460376,Moto Adjara,Commerce & Distribution,Adjara,+229 69 24 73 73,m.adjara@hotmail.com,,PME (10-50),B2C,Facebook Pages,,Actif,2026-06-29T00:22:54.915803,moyenne
BJ-AF6AF905,Shop Supply Store,Commerce & Distribution,Adjara,+229 23 62 33 42,,,PME (10-50),B2C,Facebook Pages,,Actif,2026-06-29T00:22:54.915814,basse
BJ-1E9B6F9D,Supply,Commerce & Distribution,Adjara,+229 55 92 76 75,,supply.bj,TPE (<10),B2B/B2C,Facebook Pages,,Actif,2026-06-29T00:22:54.915825,moyenne
BJ-0D1DCC68,Groupe Parfumerie Market,Commerce & Distribution,Allada,+229 48 44 77 77,groupeparfumerie@groupeparfumeri.org.bj,groupeparfumeriemarket.bj,TPE (<10),B2C,Facebook Pages,,Actif,2026-06-29T00:22:54.915847,haute
BJ-950E2DBC,Bricolage,Commerce & Distribution,Allada,+229 71 36 62 27,bricolage@bricolage.com.bj,bricolage.bj,TPE (<10),B2C,Facebook Pages,,Actif,2026-06-29T00:22:54.915862,haute
BJ-FF2E426D,Vêtements Bénin,Commerce & Distribution,Allada,+229 47 50 41 42,vêtements_bénin@hotmail.com,vêtementsbénin.bj,TPE (<10),B2C,Facebook Pages,,Actif,2026-06-29T00:22:54.915879,haute
BJ-16E9B23D,Électroménager Commerce,Commerce & Distribution,Allada,+229 89 70 62 84,électroménager.commerce@électroménagerc.org.bj,électroménagercommerce.bj,PME (10-50),B2C,Facebook Pages,,Actif,2026-06-29T00:22:54.915910,haute
BJ-0942DFD3,SARL Cash,Commerce & Distribution,Allada,+229 56 70 91 34,,sarlcash.bj,PME (50-200),B2C,Facebook Pages,,Actif,2026-06-29T00:22:54.915922,moyenne
BJ-1474063A,Magasin Jouets International,Commerce & Distribution,Aplahoué,+229 34 59 46 46,magasin.jouets@gmail.com,magasinjouetsinternational.bj,TPE (<10),B2C,Facebook Pages,,Actif,2026-06-29T00:22:54.915949,haute
BJ-CCF611AC,Distribution Provision,Commerce & Distribution,Aplahoué,+229 44 72 72 92,distributionprovision@yahoo.fr,,TPE (<10),B2C,Facebook Pages,,Actif,2026-06-29T00:22:54.915965,moyenne
BJ-03571171,Centre Parfumerie Commerce,Commerce & Distribution,Aplahoué,+229 30 93 26 21,centreparfumerie@centreparfumeri.bj,centreparfumeriecommerce.bj,PME (50-200),B2C,Facebook Pages,,Actif,2026-06-29T00:22:54.915984,haute
BJ-7503B44D,Supermarché Bénin,Commerce & Distribution,Aplahoué,+229 52 18 76 97,supermarché.bénin@supermarchébéni.bj,supermarchébénin.bj,PME (50-200),B2B/B2C,Facebook Pages,,Actif,2026-06-29T00:22:54.916006,haute
BJ-2074F3E4,Marché Discount Store,Commerce & Distribution,Aplahoué,+229 54 28 76 56,,marchédiscountstore.bj,PME (50-200),B2B/B2C,Facebook Pages,,Actif,2026-06-29T00:22:54.916018,moyenne
BJ-357C6138,Cash Ets Dogbo-Tota,Commerce & Distribution,Dogbo-Tota,+229 96 96 13 26,cash.ets@outlook.com,cashetsdogbotota.bj,PME (10-50),B2B/B2C,Facebook Pages,,Actif,2026-06-29T00:22:54.916042,haute
BJ-B51AF16A,Grossiste Store,Commerce & Distribution,Dogbo-Tota,+229 55 18 90 64,g.store@yahoo.fr,grossistestore.bj,TPE (<10),B2B/B2C,Facebook Pages,,Actif,2026-06-29T00:22:54.916057,haute
BJ-6A1AEB9F,High-Tech Market Dogbo-Tota,Commerce & Distribution,Dogbo-Tota,+229 60 75 92 89,,,PME (50-200),B2C,Facebook Pages,,Actif,2026-06-29T00:22:54.916067,basse
BJ-B5D8BD74,Décoration International,Commerce & Distribution,Dogbo-Tota,+229 20 51 44 17,d.international@décorationinter.com.bj,décorationinternational.bj,TPE (<10),B2C,Facebook Pages,,Actif,2026-06-29T00:22:54.916084,haute
BJ-497E66F5,Chaussures,Commerce & Distribution,Dogbo-Tota,+229 51 53 41 19,,,PME (10-50),B2C,Facebook Pages,,Actif,2026-06-29T00:22:54.916095,basse
BJ-3DFC2687,Magasin Alimentaire Shop,Commerce & Distribution,Kpomassè,+229 56 20 25 76,,magasinalimentaireshop.bj,PME (50-200),B2B/B2C,Facebook Pages,,Actif,2026-06-29T00:22:54.916113,moyenne
BJ-BF493651,Électroménager,Commerce & Distribution,Kpomassè,+229 86 65 37 71,,,TPE (<10),B2C,Facebook Pages,,Actif,2026-06-29T00:22:54.916124,basse
BJ-158B3E04,Ets Décoration Bénin,Commerce & Distribution,Kpomassè,+229 37 52 11 59,ets_décoration@yahoo.fr,,PME (10-50),B2C,Facebook Pages,,Actif,2026-06-29T00:22:54.916143,moyenne
BJ-C6625416,Shop Discount Distribution,Commerce & Distribution,Kpomassè,+229 75 75 64 93,,shopdiscountdistribution.bj,TPE (<10),B2B/B2C,Facebook Pages,,Actif,2026-06-29T00:22:54.916156,moyenne
BJ-4F2BCA68,Épicerie Shop,Commerce & Distribution,Kpomassè,+229 34 40 43 33,,épicerieshop.bj,TPE (<10),B2C,Facebook Pages,,Actif,2026-06-29T00:22:54.916168,moyenne
BJ-5E0D48C9,Jouets,Commerce & Distribution,Tori-Bossito,+229 62 46 20 34,jouets@jouets.com.bj,,PME (10-50),B2C,Facebook Pages,,Actif,2026-06-29T00:22:54.916188,moyenne
BJ-9B2D61C8,Store Drive Distribution,Commerce & Distribution,Tori-Bossito,+229 48 33 38 95,storedrive@storedrivedistr.bj,storedrivedistribution.bj,TPE (<10),B2B/B2C,Facebook Pages,,Actif,2026-06-29T00:22:54.916205,haute
BJ-C730A7DA,Centre Discount,Commerce & Distribution,Tori-Bossito,+229 56 98 53 40,centrediscount@centrediscount.org.bj,,TPE (<10),B2B/B2C,Facebook Pages,,Actif,2026-06-29T00:22:54.916223,moyenne
BJ-69B40644,Ets Sport Tori-Bossito,Commerce & Distribution,Tori-Bossito,+229 71 39 71 30,e.sport@yahoo.com,etssporttoribossito.bj,Grande (>200),B2C,Facebook Pages,,Actif,2026-06-29T00:22:54.916239,haute
BJ-52607B6F,High-Tech,Commerce & Distribution,Tori-Bossito,+229 24 68 80 66,hightech@hightech.bj,hightech.bj,PME (10-50),B2C,Facebook Pages,,Actif,2026-06-29T00:22:54.916255,haute
BJ-84ACDD54,Détaillant,Commerce & Distribution,Grand-Popo,+229 94 19 55 61,,détaillant.bj,PME (50-200),B2C,Facebook Pages,,Actif,2026-06-29T00:22:54.916287,moyenne
BJ-5FC5305E,Discount,Commerce & Distribution,Grand-Popo,+229 22 33 10 56,,discount.bj,PME (50-200),B2C,Facebook Pages,,Actif,2026-06-29T00:22:54.916301,moyenne
BJ-249B557A,Marché Commerce Distribution,Commerce & Distribution,Grand-Popo,+229 89 73 96 11,m.commerce@marchécommerced.bj,,Grande (>200),B2C,Facebook Pages,,Actif,2026-06-29T00:22:54.916319,moyenne
BJ-15CF7A58,Centre Provision Bénin,Commerce & Distribution,Grand-Popo,+229 24 87 17 97,,centreprovisionbénin.bj,PME (10-50),B2C,Facebook Pages,,Actif,2026-06-29T00:22:54.916332,moyenne
BJ-F28C4459,Commerce Jouets Market,Commerce & Distribution,Athiémé,+229 74 17 18 53,,commercejouetsmarket.bj,Grande (>200),B2B/B2C,Facebook Pages,,Actif,2026-06-29T00:22:54.916350,moyenne
BJ-B0714444,Mode International,Commerce & Distribution,Athiémé,+229 25 35 41 69,,,PME (10-50),B2C,Facebook Pages,,Actif,2026-06-29T00:22:54.916361,basse
BJ-198066C4,Détaillant Distribution,Commerce & Distribution,Athiémé,+229 90 48 62 19,détaillantdistribution@outlook.com,détaillantdistribution.bj,Grande (>200),B2C,Facebook Pages,,Actif,2026-06-29T00:22:54.916377,haute
BJ-6273795E,Parfumerie SARL,Commerce & Distribution,Athiémé,+229 21 35 61 61,,,PME (10-50),B2B/B2C,Facebook Pages,,Actif,2026-06-29T00:22:54.916387,basse
BJ-6C89AAC2,Chaussures,Commerce & Distribution,Athiémé,+229 88 84 77 77,,,TPE (<10),B2B/B2C,Facebook Pages,,Actif,2026-06-29T00:22:54.916398,basse
BJ-0A24E8E2,Centre Provision Bénin,Commerce & Distribution,Bopa,+229 53 73 37 48,centreprovision@centreprovision.bj,,PME (50-200),B2B/B2C,Facebook Pages,,Actif,2026-06-29T00:22:54.916420,moyenne
BJ-06E42FE2,Marché Store,Commerce & Distribution,Bopa,+229 40 68 73 48,m.store@outlook.com,,PME (50-200),B2B/B2C,Facebook Pages,,Actif,2026-06-29T00:22:54.916441,moyenne
BJ-1102E524,Shop Jardin,Commerce & Distribution,Bopa,+229 23 77 85 50,shop_jardin@shopjardin.com.bj,,PME (50-200),B2B/B2C,Facebook Pages,,Actif,2026-06-29T00:22:54.916462,moyenne
BJ-C0EC5448,Décoration Ets,Commerce & Distribution,Bopa,+229 30 92 41 38,décorationets@yahoo.com,décorationets.bj,TPE (<10),B2B/B2C,Facebook Pages,,Actif,2026-06-29T00:22:54.916479,haute
BJ-79662E6C,Boutique Supermarché,Commerce & Distribution,Bopa,+229 91 13 77 40,,,Grande (>200),B2C,Facebook Pages,,Actif,2026-06-29T00:22:54.916491,basse
BJ-9ABB7A01,Meuble Bénin,Commerce & Distribution,Houéyogbé,+229 79 55 71 68,,,PME (50-200),B2C,Facebook Pages,,Actif,2026-06-29T00:22:54.916509,basse
BJ-841233F9,Commerce Discount,Commerce & Distribution,Houéyogbé,+229 85 96 45 45,commerce.discount@commercediscoun.com.bj,,PME (10-50),B2B/B2C,Facebook Pages,,Actif,2026-06-29T00:22:54.916525,moyenne
BJ-4075D14E,Sport,Commerce & Distribution,Houéyogbé,+229 76 49 50 35,sport@yahoo.fr,sport.bj,PME (10-50),B2B/B2C,Facebook Pages,,Actif,2026-06-29T00:22:54.916538,haute
BJ-AF764605,Centre Bricolage,Commerce & Distribution,Houéyogbé,+229 55 30 27 70,,centrebricolage.bj,PME (10-50),B2C,Facebook Pages,,Actif,2026-06-29T00:22:54.916549,moyenne
BJ-A12E0ECC,SARL Alimentaire,Commerce & Distribution,Houéyogbé,+229 28 21 67 28,sarlalimentaire@sarlalimentaire.org.bj,,TPE (<10),B2C,Facebook Pages,,Actif,2026-06-29T00:22:54.916564,moyenne
BJ-10A2526F,Quincaillerie Bénin,Commerce & Distribution,Malanville,+229 25 10 57 19,quincaillerie.bénin@quincailleriebé.bj,,PME (10-50),B2B/B2C,Facebook Pages,,Actif,2026-06-29T00:22:54.916591,moyenne
BJ-B7B9A98F,Ets Jouets,Commerce & Distribution,Malanville,+229 90 83 44 87,ets.jouets@yahoo.fr,etsjouets.bj,TPE (<10),B2C,Facebook Pages,,Actif,2026-06-29T00:22:54.916607,haute
BJ-F52F25B1,Marché Hard Distribution,Commerce & Distribution,Malanville,+229 45 63 18 80,,,TPE (<10),B2C,Facebook Pages,,Actif,2026-06-29T00:22:54.916622,basse
BJ-B83FE24D,Outillage,Commerce & Distribution,Kandi,+229 87 79 24 93,outillage@yahoo.fr,,PME (50-200),B2C,Facebook Pages,,Actif,2026-06-29T00:22:54.916664,moyenne
BJ-04FF6580,Marché International,Commerce & Distribution,Kandi,+229 98 89 90 96,,,TPE (<10),B2C,Facebook Pages,,Actif,2026-06-29T00:22:54.916680,basse
BJ-63C56788,Magasin Quincaillerie Store,Commerce & Distribution,Kandi,+229 51 40 25 12,,,TPE (<10),B2C,Facebook Pages,,Actif,2026-06-29T00:22:54.916691,basse
BJ-97D9F238,Boutique Alimentaire,Commerce & Distribution,Kandi,+229 60 46 55 89,boutique.alimentaire@yahoo.fr,boutiquealimentaire.bj,TPE (<10),B2B/B2C,Facebook Pages,,Actif,2026-06-29T00:22:54.916711,haute
BJ-D27AD6F7,Ets Quincaillerie Kandi,Commerce & Distribution,Kandi,+229 58 56 45 53,ets.quincaillerie@etsquincailleri.org.bj,,TPE (<10),B2C,Facebook Pages,,Actif,2026-06-29T00:22:54.916728,moyenne
BJ-8493B1F0,SARL Discount Distribution,Commerce & Distribution,Banikoara,+229 77 34 73 51,,sarldiscountdistribution.bj,TPE (<10),B2C,Facebook Pages,,Actif,2026-06-29T00:22:54.916747,moyenne
BJ-03D67B1D,Décoration Ets,Commerce & Distribution,Banikoara,+229 93 53 75 40,d.ets@yahoo.fr,décorationets.bj,TPE (<10),B2B/B2C,Facebook Pages,,Actif,2026-06-29T00:22:54.916764,haute
BJ-EBBDE4BE,Quincaillerie Banikoara,Commerce & Distribution,Banikoara,+229 50 24 49 66,,,TPE (<10),B2B/B2C,Facebook Pages,,Actif,2026-06-29T00:22:54.916779,basse
BJ-6D789F8F,Carry Banikoara,Commerce & Distribution,Banikoara,+229 60 74 13 83,c.banikoara@hotmail.com,,PME (10-50),B2B/B2C,Facebook Pages,,Actif,2026-06-29T00:22:54.916795,moyenne
BJ-155D9F3A,Store Carry Distribution Banikoara,Commerce & Distribution,Banikoara,+229 27 51 90 94,storecarry@storecarrydistr.bj,storecarrydistributionbanikoara.bj,PME (50-200),B2C,Facebook Pages,,Actif,2026-06-29T00:22:54.916812,haute
BJ-C190E883,Groupe Cosmétique,Commerce & Distribution,Ségbana,+229 62 39 85 79,,groupecosmétique.bj,TPE (<10),B2B/B2C,Facebook Pages,,Actif,2026-06-29T00:22:54.916833,moyenne
BJ-AC3B680E,Cash,Commerce & Distribution,Ségbana,+229 74 49 30 19,cash@cash.org.bj,cash.bj,TPE (<10),B2C,Facebook Pages,,Actif,2026-06-29T00:22:54.916848,haute
BJ-94E248B3,Marché Outillage Store,Commerce & Distribution,Ségbana,+229 56 42 85 14,,,TPE (<10),B2B/B2C,Facebook Pages,,Actif,2026-06-29T00:22:54.916860,basse
BJ-0C978720,Commerce Commerce International Ségbana,Commerce & Distribution,Ségbana,+229 98 65 51 87,,commercecommerceinternationalségbana.bj,TPE (<10),B2C,Facebook Pages,,Actif,2026-06-29T00:22:54.916877,moyenne
BJ-BD9A7750,Supermarché Ets,Commerce & Distribution,Ségbana,+229 33 89 32 12,supermarchéets@supermarchéets.bj,supermarchéets.bj,PME (50-200),B2C,Facebook Pages,,Actif,2026-06-29T00:22:54.916905,haute
BJ-BF83201F,Drive Shop,Commerce & Distribution,Karimama,+229 38 98 58 36,,driveshop.bj,TPE (<10),B2C,Facebook Pages,,Actif,2026-06-29T00:22:54.916924,moyenne
BJ-80D63920,Groupe Alimentaire Bénin Karimama,Commerce & Distribution,Karimama,+229 79 28 79 54,groupe_alimentaire@yahoo.com,groupealimentairebéninkarimama.bj,PME (10-50),B2B/B2C,Facebook Pages,,Actif,2026-06-29T00:22:54.916941,haute
BJ-6B7B0142,Magasin Discount,Commerce & Distribution,Karimama,+229 92 13 81 27,magasindiscount@outlook.com,,TPE (<10),B2B/B2C,Facebook Pages,,Actif,2026-06-29T00:22:54.916960,moyenne
BJ-F2C4EAB6,Marché Bricolage Bénin,Commerce & Distribution,Karimama,+229 28 95 54 14,,,PME (50-200),B2C,Facebook Pages,,Actif,2026-06-29T00:22:54.916971,basse
BJ-C72DEF11,Marché Décoration Ets,Commerce & Distribution,Karimama,+229 85 15 90 42,marché.décoration@yahoo.fr,marchédécorationets.bj,TPE (<10),B2B/B2C,Facebook Pages,,Actif,2026-06-29T00:22:54.916990,haute
BJ-D54C9D56,Jardin Gogounou,Commerce & Distribution,Gogounou,+229 78 31 89 25,jardingogounou@gmail.com,,PME (50-200),B2B/B2C,Facebook Pages,,Actif,2026-06-29T00:22:54.917016,moyenne
BJ-961B0A7D,Store Marché Market,Commerce & Distribution,Gogounou,+229 73 35 66 63,store.marché@storemarchémark.bj,storemarchémarket.bj,Grande (>200),B2B/B2C,Facebook Pages,,Actif,2026-06-29T00:22:54.917035,haute
BJ-25A2C3A3,Discount,Commerce & Distribution,Gogounou,+229 24 74 75 23,discount@yahoo.com,,PME (10-50),B2B/B2C,Facebook Pages,,Actif,2026-06-29T00:22:54.917061,moyenne
BJ-966F70FA,Marché Commerce,Commerce & Distribution,Gogounou,+229 62 95 55 92,m.commerce@gmail.com,,PME (50-200),B2B/B2C,Facebook Pages,,Actif,2026-06-29T00:22:54.917077,moyenne
BJ-A683451C,Super Jardin,Commerce & Distribution,Cobly,+229 38 77 77 89,superjardin@superjardin.com.bj,,PME (50-200),B2C,Facebook Pages,,Actif,2026-06-29T00:22:54.917100,moyenne
BJ-88C1BBD6,Groupe Outillage Cobly,Commerce & Distribution,Cobly,+229 64 41 14 93,groupe_outillage@hotmail.com,groupeoutillagecobly.bj,TPE (<10),B2B/B2C,Facebook Pages,,Actif,2026-06-29T00:22:54.917116,haute
BJ-E357B563,Marché,Commerce & Distribution,Cobly,+229 51 77 29 53,marché@marché.bj,,PME (50-200),B2C,Facebook Pages,,Actif,2026-06-29T00:22:54.917135,moyenne
BJ-AF9B637B,Shop Boutique,Commerce & Distribution,Cobly,+229 96 84 18 77,,,TPE (<10),B2B/B2C,Facebook Pages,,Actif,2026-06-29T00:22:54.917149,basse
BJ-2E62EDE4,Décoration,Commerce & Distribution,Tanguiéta,+229 96 19 33 57,,,PME (50-200),B2C,Facebook Pages,,Actif,2026-06-29T00:22:54.917181,basse
BJ-B8BAF723,Ets Quincaillerie SARL,Commerce & Distribution,Tanguiéta,+229 62 97 69 13,ets_quincaillerie@yahoo.fr,,TPE (<10),B2B/B2C,Facebook Pages,,Actif,2026-06-29T00:22:54.917197,moyenne
BJ-3DD93E80,Ets Jardin Distribution,Commerce & Distribution,Tanguiéta,+229 29 30 59 82,e.jardin@hotmail.com,etsjardindistribution.bj,TPE (<10),B2C,Facebook Pages,,Actif,2026-06-29T00:22:54.917214,haute
BJ-AB10B824,Store Moto,Commerce & Distribution,Tanguiéta,+229 58 75 18 17,store_moto@storemoto.com.bj,,Grande (>200),B2B/B2C,Facebook Pages,,Actif,2026-06-29T00:22:54.917230,moyenne
BJ-F4C33433,Meuble Market Tanguiéta,Commerce & Distribution,Tanguiéta,+229 82 94 80 84,meuble.market@meublemarkettan.bj,meublemarkettanguiéta.bj,TPE (<10),B2C,Facebook Pages,,Actif,2026-06-29T00:22:54.917249,haute
BJ-6539D59E,Stock Groupe,Commerce & Distribution,Matéri,+229 52 74 50 51,s.groupe@outlook.com,,PME (10-50),B2C,Facebook Pages,,Actif,2026-06-29T00:22:54.917275,moyenne
BJ-32A13B2F,Shop Hypermarché Shop,Commerce & Distribution,Matéri,+229 67 72 41 71,shop.hypermarché@hotmail.com,,PME (50-200),B2B/B2C,Facebook Pages,,Actif,2026-06-29T00:22:54.917296,moyenne
BJ-9088C391,Ets Hypermarché,Commerce & Distribution,Matéri,+229 80 31 83 71,ets.hypermarché@yahoo.fr,etshypermarché.bj,TPE (<10),B2B/B2C,Facebook Pages,,Actif,2026-06-29T00:22:54.917317,haute
BJ-5B0E923B,Grossiste,Commerce & Distribution,Matéri,+229 70 17 65 49,,grossiste.bj,TPE (<10),B2B/B2C,Facebook Pages,,Actif,2026-06-29T00:22:54.917330,moyenne
BJ-F6211369,Détaillant Matéri,Commerce & Distribution,Matéri,+229 30 39 53 31,détaillant.matéri@détaillantmatér.org.bj,,PME (10-50),B2C,Facebook Pages,,Actif,2026-06-29T00:22:54.917348,moyenne
BJ-D11ED712,Marché Market,Commerce & Distribution,Natitingou,+229 66 42 58 36,marchémarket@marchémarket.bj,,PME (10-50),B2B/B2C,Facebook Pages,,Actif,2026-06-29T00:22:54.917371,moyenne
BJ-70EFE103,Décoration,Commerce & Distribution,Natitingou,+229 91 24 62 57,décoration@hotmail.com,décoration.bj,PME (10-50),B2C,Facebook Pages,,Actif,2026-06-29T00:22:54.917386,haute
BJ-95C52240,Centre Discount,Commerce & Distribution,Natitingou,+229 73 70 94 58,centrediscount@gmail.com,,PME (50-200),B2C,Facebook Pages,,Actif,2026-06-29T00:22:54.917401,moyenne
BJ-720D6225,Commerce Électroménager Ets,Commerce & Distribution,Natitingou,+229 75 85 50 95,commerce.électroménager@hotmail.com,,PME (50-200),B2B/B2C,Facebook Pages,,Actif,2026-06-29T00:22:54.917416,moyenne
BJ-15B397B4,Boutique Discount,Commerce & Distribution,Natitingou,+229 61 61 37 85,boutiquediscount@hotmail.com,,PME (10-50),B2C,Facebook Pages,,Actif,2026-06-29T00:22:54.917431,moyenne
BJ-F5F291AB,Marché Outillage Toucountouna,Commerce & Distribution,Toucountouna,+229 58 46 37 93,marché.outillage@hotmail.com,,PME (10-50),B2B/B2C,Facebook Pages,,Actif,2026-06-29T00:22:54.917453,moyenne
BJ-B5443339,Shop Stock Commerce Toucountouna,Commerce & Distribution,Toucountouna,+229 64 15 52 15,shop.stock@shopstockcommer.bj,shopstockcommercetoucountouna.bj,PME (10-50),B2C,Facebook Pages,,Actif,2026-06-29T00:22:54.917470,haute
BJ-897CA0B8,Distribution Carry,Commerce & Distribution,Toucountouna,+229 44 46 10 24,distributioncarry@distributioncar.bj,,TPE (<10),B2C,Facebook Pages,,Actif,2026-06-29T00:22:54.917489,moyenne
BJ-7D389B53,Shop Automobile Store,Commerce & Distribution,Toucountouna,+229 22 76 71 49,shopautomobile@outlook.com,,PME (10-50),B2C,Facebook Pages,,Actif,2026-06-29T00:22:54.917504,moyenne
BJ-EA0489E8,Électroménager,Commerce & Distribution,Toucountouna,+229 65 55 26 39,,,TPE (<10),B2B/B2C,Facebook Pages,,Actif,2026-06-29T00:22:54.917515,basse
BJ-5DC773AB,Super Marché Store,Commerce & Distribution,Boukoumbé,+229 34 86 31 86,supermarché@yahoo.fr,,PME (50-200),B2C,Facebook Pages,,Actif,2026-06-29T00:22:54.917536,moyenne
BJ-EC75139D,Shop Automobile,Commerce & Distribution,Boukoumbé,+229 83 17 43 26,s.automobile@shopautomobile.com.bj,,PME (50-200),B2B/B2C,Facebook Pages,,Actif,2026-06-29T00:22:54.917551,moyenne
BJ-67554E69,Super Discount SARL Boukoumbé,Commerce & Distribution,Boukoumbé,+229 94 71 88 10,s.discount@yahoo.com,,TPE (<10),B2B/B2C,Facebook Pages,,Actif,2026-06-29T00:22:54.917570,moyenne
BJ-37C29165,Distribution Distribution Boukoumbé,Commerce & Distribution,Boukoumbé,+229 25 39 92 57,,,TPE (<10),B2B/B2C,Facebook Pages,,Actif,2026-06-29T00:22:54.917581,basse
BJ-A4E5429E,Store Hypermarché Store,Commerce & Distribution,Boukoumbé,+229 38 49 55 54,store.hypermarché@storehypermarch.org.bj,,TPE (<10),B2C,Facebook Pages,,Actif,2026-06-29T00:22:54.917597,moyenne
BJ-A4CA1AC3,Bricolage Ets,Commerce & Distribution,Kouandé,+229 33 76 39 61,bricolage.ets@hotmail.com,bricolageets.bj,Grande (>200),B2C,Facebook Pages,,Actif,2026-06-29T00:22:54.917618,haute
BJ-CE5DAD35,Boutique Cosmétique Groupe,Commerce & Distribution,Kouandé,+229 95 12 94 64,,,TPE (<10),B2C,Facebook Pages,,Actif,2026-06-29T00:22:54.917629,basse
BJ-0C241302,Détaillant Ets Kouandé,Commerce & Distribution,Kouandé,+229 31 53 19 11,détaillant.ets@hotmail.com,,PME (10-50),B2C,Facebook Pages,,Actif,2026-06-29T00:22:54.917648,moyenne
BJ-4E0D5A2B,Mode Ets,Commerce & Distribution,Kouandé,+229 41 35 23 32,,modeets.bj,PME (50-200),B2B/B2C,Facebook Pages,,Actif,2026-06-29T00:22:54.917660,moyenne
BJ-18ADA8A2,Drive Bénin Kouandé,Commerce & Distribution,Kouandé,+229 87 69 12 35,d.bénin@yahoo.fr,,Grande (>200),B2C,Facebook Pages,,Actif,2026-06-29T00:22:54.917678,moyenne
BJ-E35E5286,Shop Stock Market,Commerce & Distribution,Péhunco,+229 58 91 64 69,shop.stock@yahoo.fr,,PME (50-200),B2C,Facebook Pages,,Actif,2026-06-29T00:22:54.917699,moyenne
BJ-8B64BCAB,Distribution Supply Groupe,Commerce & Distribution,Péhunco,+229 86 15 18 14,distribution.supply@hotmail.com,,Grande (>200),B2B/B2C,Facebook Pages,,Actif,2026-06-29T00:22:54.917714,moyenne
BJ-45702EA6,Ets Meuble Shop Péhunco,Commerce & Distribution,Péhunco,+229 57 28 13 11,,etsmeubleshoppéhunco.bj,PME (50-200),B2C,Facebook Pages,,Actif,2026-06-29T00:22:54.917726,moyenne
BJ-EAEBBB0C,Discount Commerce,Commerce & Distribution,Péhunco,+229 63 50 62 23,,,TPE (<10),B2C,Facebook Pages,,Actif,2026-06-29T00:22:54.917737,basse
BJ-59497878,Distribution Meuble Ets,Commerce & Distribution,Péhunco,+229 72 28 31 76,,distributionmeubleets.bj,PME (10-50),B2C,Facebook Pages,,Actif,2026-06-29T00:22:54.917748,moyenne
BJ-512B612A,Jardin Distribution,Commerce & Distribution,Tchaourou,+229 67 89 37 35,j.distribution@yahoo.com,jardindistribution.bj,Grande (>200),B2B/B2C,Facebook Pages,,Actif,2026-06-29T00:22:54.917769,haute
BJ-7D00FB0D,Boutique Market,Commerce & Distribution,Tchaourou,+229 44 63 87 17,boutique.market@boutiquemarket.com.bj,,TPE (<10),B2C,Facebook Pages,,Actif,2026-06-29T00:22:54.917799,moyenne
BJ-940EC31D,High-Tech,Commerce & Distribution,Tchaourou,+229 23 95 39 96,,hightech.bj,PME (10-50),B2C,Facebook Pages,,Actif,2026-06-29T00:22:54.917814,moyenne
BJ-92296618,Store Boutique,Commerce & Distribution,Tchaourou,+229 22 30 60 37,store_boutique@hotmail.com,,TPE (<10),B2C,Facebook Pages,,Actif,2026-06-29T00:22:54.917829,moyenne
BJ-A171F376,Centre Drive SARL,Commerce & Distribution,Nikki,+229 49 39 16 10,centre_drive@gmail.com,,TPE (<10),B2B/B2C,Facebook Pages,,Actif,2026-06-29T00:22:54.917849,moyenne
BJ-A696E9E6,Mode Commerce,Commerce & Distribution,Nikki,+229 55 73 39 29,m.commerce@modecommerce.org.bj,,TPE (<10),B2C,Facebook Pages,,Actif,2026-06-29T00:22:54.917865,moyenne
BJ-BFFDB3E2,Distribution Drive Store,Commerce & Distribution,Nikki,+229 94 57 45 58,,distributiondrivestore.bj,TPE (<10),B2C,Facebook Pages,,Actif,2026-06-29T00:22:54.917897,moyenne
BJ-35B284A5,Shop Jardin,Commerce & Distribution,Nikki,+229 29 38 70 38,shopjardin@yahoo.com,shopjardin.bj,PME (10-50),B2B/B2C,Facebook Pages,,Actif,2026-06-29T00:22:54.917914,haute
BJ-A7C39D8F,Hard,Commerce & Distribution,Bembéréké,+229 20 81 77 69,,hard.bj,TPE (<10),B2B/B2C,Facebook Pages,,Actif,2026-06-29T00:22:54.917932,moyenne
BJ-E29E4274,Centre Alimentaire International,Commerce & Distribution,Bembéréké,+229 49 55 66 21,,,TPE (<10),B2C,Facebook Pages,,Actif,2026-06-29T00:22:54.917944,basse
BJ-64EA4C3E,Marché Automobile SARL,Commerce & Distribution,Bembéréké,+229 32 84 27 37,m.automobile@marchéautomobil.org.bj,marchéautomobilesarl.bj,Grande (>200),B2B/B2C,Facebook Pages,,Actif,2026-06-29T00:22:54.917965,haute
BJ-96D08F69,Jardin Shop,Commerce & Distribution,Bembéréké,+229 97 10 48 36,j.shop@jardinshop.bj,jardinshop.bj,Grande (>200),B2C,Facebook Pages,,Actif,2026-06-29T00:22:54.917981,haute
BJ-E676DC78,Centre High-Tech Bembéréké,Commerce & Distribution,Bembéréké,+229 62 81 99 33,,,TPE (<10),B2B/B2C,Facebook Pages,,Actif,2026-06-29T00:22:54.917993,basse
BJ-64378B94,Détaillant Bénin,Commerce & Distribution,Kalalé,+229 82 29 93 28,détaillant.bénin@yahoo.fr,,TPE (<10),B2B/B2C,Facebook Pages,,Actif,2026-06-29T00:22:54.918029,moyenne
BJ-9304E0EF,Hypermarché,Commerce & Distribution,Kalalé,+229 95 85 59 78,,hypermarché.bj,PME (10-50),B2C,Facebook Pages,,Actif,2026-06-29T00:22:54.918040,moyenne
BJ-FA5EECA9,SARL Provision Distribution,Commerce & Distribution,Kalalé,+229 39 42 26 68,sarlprovision@hotmail.com,,PME (50-200),B2C,Facebook Pages,,Actif,2026-06-29T00:22:54.918055,moyenne
BJ-697A1C7B,SARL Cash Kalalé,Commerce & Distribution,Kalalé,+229 87 58 85 88,sarl.cash@sarlcashkalalé.bj,,PME (50-200),B2B/B2C,Facebook Pages,,Actif,2026-06-29T00:22:54.918076,moyenne
BJ-2DC14B40,Distribution Quincaillerie Commerce,Commerce & Distribution,Ndali,+229 40 74 15 65,,,TPE (<10),B2C,Facebook Pages,,Actif,2026-06-29T00:22:54.918095,basse
BJ-07C00D5A,Vêtements Ndali,Commerce & Distribution,Ndali,+229 79 79 98 49,vêtementsndali@vêtementsndali.org.bj,vêtementsndali.bj,TPE (<10),B2B/B2C,Facebook Pages,,Actif,2026-06-29T00:22:54.918121,haute
BJ-D2999029,Groupe Supply SARL,Commerce & Distribution,Ndali,+229 74 32 37 21,g.supply@hotmail.com,,PME (10-50),B2B/B2C,Facebook Pages,,Actif,2026-06-29T00:22:54.918139,moyenne
BJ-257CA0D0,Décoration Market,Commerce & Distribution,Ndali,+229 59 40 58 35,d.market@décorationmarke.com.bj,décorationmarket.bj,PME (50-200),B2B/B2C,Facebook Pages,,Actif,2026-06-29T00:22:54.918156,haute
BJ-6BE212BA,Distribution Chaussures Bénin,Commerce & Distribution,Ndali,+229 86 65 93 70,distributionchaussures@distributioncha.org.bj,,TPE (<10),B2C,Facebook Pages,,Actif,2026-06-29T00:22:54.918174,moyenne
BJ-F93F707A,Magasin Store Ségbana,Commerce & Distribution,Ségbana,+229 66 41 90 47,magasin.store@magasinstoreség.com.bj,magasinstoreségbana.bj,TPE (<10),B2C,Facebook Pages,,Actif,2026-06-29T00:22:54.918202,haute
BJ-47310DAF,Détaillant Ségbana,Commerce & Distribution,Ségbana,+229 71 62 94 30,détaillant_ségbana@yahoo.com,,PME (10-50),B2C,Facebook Pages,,Actif,2026-06-29T00:22:54.918220,moyenne
BJ-5C8A0FDD,Électroménager,Commerce & Distribution,Ségbana,+229 54 90 61 32,électroménager@yahoo.fr,,PME (50-200),B2C,Facebook Pages,,Actif,2026-06-29T00:22:54.918234,moyenne
BJ-04B1AF67,Magasin Boutique Groupe Ségbana,Commerce & Distribution,Ségbana,+229 26 10 37 21,magasinboutique@magasinboutique.bj,magasinboutiquegroupeségbana.bj,Grande (>200),B2C,Facebook Pages,,Actif,2026-06-29T00:22:54.918253,haute
BJ-8AAEF17C,Hard Groupe,Commerce & Distribution,Ségbana,+229 70 40 49 23,h.groupe@hardgroupe.bj,,TPE (<10),B2C,Facebook Pages,,Actif,2026-06-29T00:22:54.918268,moyenne
BJ-6701FC19,Drive Shop,Commerce & Distribution,Tchaourou,+229 69 59 47 56,,,PME (10-50),B2C,Facebook Pages,,Actif,2026-06-29T00:22:54.918287,basse
BJ-18DBE173,Carry Bénin Tchaourou,Commerce & Distribution,Tchaourou,+229 64 24 34 45,,,PME (10-50),B2B/B2C,Facebook Pages,,Actif,2026-06-29T00:22:54.918299,basse
BJ-471DA49A,Magasin Discount Market,Commerce & Distribution,Tchaourou,+229 96 41 23 37,m.discount@magasindiscount.com.bj,,PME (10-50),B2B/B2C,Facebook Pages,,Actif,2026-06-29T00:22:54.918318,moyenne
BJ-13193BD4,Boutique,Commerce & Distribution,Tchaourou,+229 96 42 69 78,boutique@boutique.com.bj,,PME (10-50),B2B/B2C,Facebook Pages,,Actif,2026-06-29T00:22:54.918332,moyenne
BJ-E2582B55,Commerce Bénin,Commerce & Distribution,Tchaourou,+229 46 22 26 88,commercebénin@commercebénin.org.bj,,TPE (<10),B2C,Facebook Pages,,Actif,2026-06-29T00:22:54.918349,moyenne
BJ-DD76A3D4,Store Provision Distribution Bétérou,Commerce & Distribution,Bétérou,+229 75 15 13 90,s.provision@storeprovisiond.org.bj,,TPE (<10),B2C,Facebook Pages,,Actif,2026-06-29T00:22:54.918374,moyenne
BJ-ECEE30EC,Store Marché Commerce,Commerce & Distribution,Bétérou,+229 75 67 60 57,s.marché@hotmail.com,storemarchécommerce.bj,PME (10-50),B2C,Facebook Pages,,Actif,2026-06-29T00:22:54.918392,haute
BJ-C9A27500,Mode,Commerce & Distribution,Bétérou,+229 98 64 75 37,,,PME (10-50),B2B/B2C,Facebook Pages,,Actif,2026-06-29T00:22:54.918404,basse
BJ-DD50532B,Magasin Détaillant,Commerce & Distribution,Bétérou,+229 78 15 50 35,magasindétaillant@gmail.com,magasindétaillant.bj,PME (50-200),B2B/B2C,Facebook Pages,,Actif,2026-06-29T00:22:54.918420,haute
BJ-877082B0,Super Automobile Bétérou,Commerce & Distribution,Bétérou,+229 33 47 65 16,super.automobile@yahoo.fr,,PME (50-200),B2C,Facebook Pages,,Actif,2026-06-29T00:22:54.918441,moyenne
BJ-4AFBB3BF,Distribution Détaillant,Commerce & Distribution,Ouessè,+229 82 24 38 66,,distributiondétaillant.bj,TPE (<10),B2C,Facebook Pages,,Actif,2026-06-29T00:22:54.918461,moyenne
BJ-AA46A6A8,Ets Magasin Bénin,Commerce & Distribution,Ouessè,+229 66 40 58 52,ets_magasin@yahoo.com,,Grande (>200),B2B/B2C,Facebook Pages,,Actif,2026-06-29T00:22:54.918477,moyenne
BJ-FA6DD8AA,Commerce Vêtements Ouessè,Commerce & Distribution,Ouessè,+229 56 50 83 49,commerce.vêtements@gmail.com,,TPE (<10),B2C,Facebook Pages,,Actif,2026-06-29T00:22:54.918500,moyenne
BJ-BB03294D,Hard Store,Commerce & Distribution,Ouessè,+229 99 99 52 45,,,PME (50-200),B2B/B2C,Facebook Pages,,Actif,2026-06-29T00:22:54.918529,basse
BJ-5E910982,SARL Hard Bénin,Commerce & Distribution,Glazoué,+229 75 35 27 54,,sarlhardbénin.bj,PME (50-200),B2C,Facebook Pages,,Actif,2026-06-29T00:22:54.918548,moyenne
BJ-AA4D87A1,Commerce Provision SARL,Commerce & Distribution,Glazoué,+229 94 95 28 41,commerce_provision@commerceprovisi.bj,,PME (10-50),B2B/B2C,Facebook Pages,,Actif,2026-06-29T00:22:54.918563,moyenne
BJ-CD8BDDE3,Parfumerie,Commerce & Distribution,Glazoué,+229 60 27 91 54,parfumerie@parfumerie.com.bj,,PME (10-50),B2B/B2C,Facebook Pages,,Actif,2026-06-29T00:22:54.918577,moyenne
BJ-6067A7B1,Boutique,Commerce & Distribution,Glazoué,+229 23 36 71 44,,,PME (10-50),B2C,Facebook Pages,,Actif,2026-06-29T00:22:54.918598,basse
BJ-E04DD95F,Chaussures Market,Commerce & Distribution,Dassa-Zoumè,+229 67 59 37 17,,chaussuresmarket.bj,TPE (<10),B2B/B2C,Facebook Pages,,Actif,2026-06-29T00:22:54.918636,moyenne
BJ-0BCA758B,Ets Jardin,Commerce & Distribution,Dassa-Zoumè,+229 65 36 72 73,,,TPE (<10),B2B/B2C,Facebook Pages,,Actif,2026-06-29T00:22:54.918666,basse
BJ-A7F2F622,Carry Dassa-Zoumè,Commerce & Distribution,Dassa-Zoumè,+229 34 59 33 98,carrydassa@carrydassazoumè.bj,carrydassazoumè.bj,PME (50-200),B2B/B2C,Facebook Pages,,Actif,2026-06-29T00:22:54.918726,haute
BJ-7FBB8462,Store Moto Commerce,Commerce & Distribution,Dassa-Zoumè,+229 77 63 27 86,,storemotocommerce.bj,TPE (<10),B2C,Facebook Pages,,Actif,2026-06-29T00:22:54.918795,moyenne
BJ-5FF59C5D,Commerce,Commerce & Distribution,Savalou,+229 77 88 15 83,commerce@yahoo.fr,,TPE (<10),B2B/B2C,Facebook Pages,,Actif,2026-06-29T00:22:54.918914,moyenne
BJ-2122A43D,Cosmétique Ets,Commerce & Distribution,Savalou,+229 20 67 89 95,,,PME (10-50),B2B/B2C,Facebook Pages,,Actif,2026-06-29T00:22:54.918943,basse
BJ-7A649CA6,Ets Carry Savalou,Commerce & Distribution,Savalou,+229 63 37 80 21,,,Grande (>200),B2C,Facebook Pages,,Actif,2026-06-29T00:22:54.918962,basse
BJ-840436C0,Store Distribution Market,Commerce & Distribution,Savalou,+229 50 54 51 43,s.distribution@yahoo.fr,,PME (10-50),B2C,Facebook Pages,,Actif,2026-06-29T00:22:54.918995,moyenne
BJ-5CEF6977,Magasin Électroménager Store,Commerce & Distribution,Bantè,+229 96 41 40 28,magasin_électroménager@magasinélectrom.bj,,PME (50-200),B2C,Facebook Pages,,Actif,2026-06-29T00:22:54.919031,moyenne
BJ-6CA6A91D,Groupe Moto SARL,Commerce & Distribution,Bantè,+229 67 49 64 47,,groupemotosarl.bj,PME (50-200),B2B/B2C,Facebook Pages,,Actif,2026-06-29T00:22:54.919058,moyenne
BJ-B52D15F5,SARL Quincaillerie Shop,Commerce & Distribution,Bantè,+229 47 59 93 86,,sarlquincaillerieshop.bj,PME (10-50),B2B/B2C,Facebook Pages,,Actif,2026-06-29T00:22:54.919090,moyenne
BJ-5AE9C9BE,Hard Shop,Commerce & Distribution,Bantè,+229 83 50 24 32,,,PME (10-50),B2C,Facebook Pages,,Actif,2026-06-29T00:22:54.919114,basse
BJ-75F4A6DB,Super Alimentaire,Commerce & Distribution,Bantè,+229 63 25 85 38,,superalimentaire.bj,TPE (<10),B2C,Facebook Pages,,Actif,2026-06-29T00:22:54.919142,moyenne
BJ-79F5303E,Outillage Djougou,Commerce & Distribution,Djougou,+229 25 64 74 73,o.djougou@outillagedjougo.org.bj,outillagedjougou.bj,PME (50-200),B2C,Facebook Pages,,Actif,2026-06-29T00:22:54.919191,haute
BJ-A9AE9FBA,Marché Commerce Distribution,Commerce & Distribution,Djougou,+229 97 80 95 52,m.commerce@yahoo.fr,,TPE (<10),B2B/B2C,Facebook Pages,,Actif,2026-06-29T00:22:54.919227,moyenne
BJ-92D36F05,Grossiste Groupe,Commerce & Distribution,Djougou,+229 29 42 82 85,,grossistegroupe.bj,TPE (<10),B2C,Facebook Pages,,Actif,2026-06-29T00:22:54.919254,moyenne
BJ-8FA938CF,Super Alimentaire Commerce,Commerce & Distribution,Djougou,+229 62 76 31 88,s.alimentaire@yahoo.com,,PME (50-200),B2B/B2C,Facebook Pages,,Actif,2026-06-29T00:22:54.919302,moyenne
BJ-23BFC73B,Bricolage Ets,Commerce & Distribution,Ouèssè,+229 70 18 69 10,bricolageets@bricolageets.com.bj,,TPE (<10),B2C,Facebook Pages,,Actif,2026-06-29T00:22:54.919329,moyenne
BJ-67D6E917,Distribution Jardin SARL,Commerce & Distribution,Ouèssè,+229 83 73 32 58,d.jardin@distributionjar.com.bj,distributionjardinsarl.bj,Grande (>200),B2C,Facebook Pages,,Actif,2026-06-29T00:22:54.919348,haute
BJ-581CA948,Discount Ets,Commerce & Distribution,Ouèssè,+229 20 32 16 23,,discountets.bj,PME (50-200),B2C,Facebook Pages,,Actif,2026-06-29T00:22:54.919365,moyenne
BJ-3E55A404,Jardin Shop Ouèssè,Commerce & Distribution,Ouèssè,+229 81 88 33 18,,jardinshopouèssè.bj,TPE (<10),B2C,Facebook Pages,,Actif,2026-06-29T00:22:54.919387,moyenne
BJ-B04FE909,Cosmétique Groupe,Commerce & Distribution,Ouèssè,+229 91 64 74 91,cosmétiquegroupe@cosmétiquegroup.bj,,TPE (<10),B2B/B2C,Facebook Pages,,Actif,2026-06-29T00:22:54.919426,moyenne
BJ-CFBB051F,Super Marché Commerce,Commerce & Distribution,Bassila,+229 66 93 20 29,supermarché@yahoo.com,supermarchécommerce.bj,Grande (>200),B2B/B2C,Facebook Pages,,Actif,2026-06-29T00:22:54.919456,haute
BJ-239D1ECF,Centre Marché,Commerce & Distribution,Bassila,+229 20 70 44 64,,,TPE (<10),B2C,Facebook Pages,,Actif,2026-06-29T00:22:54.919468,basse
BJ-1A03A1E6,Ets Sport Groupe,Commerce & Distribution,Bassila,+229 71 87 99 21,,,PME (10-50),B2B/B2C,Facebook Pages,,Actif,2026-06-29T00:22:54.919479,basse
BJ-2BC43CA3,Distribution Vêtements International,Commerce & Distribution,Bassila,+229 55 27 31 51,,,PME (50-200),B2C,Facebook Pages,,Actif,2026-06-29T00:22:54.919491,basse
BJ-FED71CE2,Shop Discount SARL,Commerce & Distribution,Bassila,+229 32 22 61 14,shopdiscount@gmail.com,shopdiscountsarl.bj,PME (10-50),B2C,Facebook Pages,,Actif,2026-06-29T00:22:54.919507,haute
BJ-D4EA6A5A,Super Carry International,Commerce & Distribution,Pehunco,+229 28 50 58 59,s.carry@supercarryinter.bj,,PME (10-50),B2C,Facebook Pages,,Actif,2026-06-29T00:22:54.919529,moyenne
BJ-FF85430C,Automobile SARL,Commerce & Distribution,Pehunco,+229 35 33 89 66,automobile.sarl@yahoo.com,,PME (50-200),B2B/B2C,Facebook Pages,,Actif,2026-06-29T00:22:54.919561,moyenne
BJ-C92241CC,SARL Outillage SARL,Commerce & Distribution,Pehunco,+229 93 86 36 15,sarl_outillage@yahoo.com,sarloutillagesarl.bj,PME (10-50),B2C,Facebook Pages,,Actif,2026-06-29T00:22:54.919579,haute
BJ-A96EA4D7,Store Outillage,Commerce & Distribution,Pehunco,+229 37 53 70 19,,storeoutillage.bj,PME (10-50),B2B/B2C,Facebook Pages,,Actif,2026-06-29T00:22:54.919594,moyenne
BJ-0A7FAD73,Magasin Commerce Copargo,Commerce & Distribution,Copargo,+229 45 17 66 75,,,TPE (<10),B2C,Facebook Pages,,Actif,2026-06-29T00:22:54.919613,basse
BJ-9E34BE5C,Ets Automobile,Commerce & Distribution,Copargo,+229 47 79 80 76,,,PME (10-50),B2C,Facebook Pages,,Actif,2026-06-29T00:22:54.919624,basse
BJ-B7C8A563,Super Moto Market,Commerce & Distribution,Copargo,+229 34 14 39 17,,supermotomarket.bj,PME (50-200),B2C,Facebook Pages,,Actif,2026-06-29T00:22:54.919635,moyenne
BJ-0D9E4F45,Carry Bénin,Commerce & Distribution,Copargo,+229 51 33 28 36,carry.bénin@carrybénin.bj,,TPE (<10),B2B/B2C,Facebook Pages,,Actif,2026-06-29T00:22:54.919652,moyenne
BJ-3695DA5B,Distribution Discount SARL,Commerce & Distribution,Copargo,+229 68 32 92 84,,distributiondiscountsarl.bj,PME (10-50),B2B/B2C,Facebook Pages,,Actif,2026-06-29T00:22:54.919664,moyenne
BJ-4E9AF5D5,Lounge Resort,Restauration & Hôtellerie,Cotonou,+229 70 22 82 24,lounge.resort@loungeresort.com.bj,,PME (50-200),B2C,Facebook Pages,,Actif,2026-06-29T00:22:54.919687,moyenne
BJ-B0D67EB3,Hôtel Karaoke,Restauration & Hôtellerie,Cotonou,+229 36 93 19 58,hôtel.karaoke@hôtelkaraoke.org.bj,,Grande (>200),B2C,Facebook Pages,,Actif,2026-06-29T00:22:54.919710,moyenne
BJ-DED6B156,Café Gourmet,Restauration & Hôtellerie,Cotonou,+229 53 65 65 57,c.gourmet@cafégourmet.com.bj,cafégourmet.bj,TPE (<10),B2C,Facebook Pages,,Actif,2026-06-29T00:22:54.919731,haute
BJ-E39C6756,Bar Village Village Cotonou,Restauration & Hôtellerie,Cotonou,+229 81 85 99 48,bar.village@outlook.com,barvillagevillagecotonou.bj,PME (50-200),B2C,Facebook Pages,,Actif,2026-06-29T00:22:54.919748,haute
BJ-DF95FDFE,Burger Lodge Cotonou,Restauration & Hôtellerie,Cotonou,+229 77 89 16 75,,burgerlodgecotonou.bj,Grande (>200),B2C,Facebook Pages,,Actif,2026-06-29T00:22:54.919761,moyenne
BJ-00C031CA,Plaisir,Restauration & Hôtellerie,Abomey-Calavi,+229 36 38 19 45,plaisir@plaisir.org.bj,plaisir.bj,PME (10-50),B2C,Facebook Pages,,Actif,2026-06-29T00:22:54.919781,haute
BJ-7BB924C7,Café Fusion Village,Restauration & Hôtellerie,Abomey-Calavi,+229 20 84 52 42,,,PME (50-200),B2C,Facebook Pages,,Actif,2026-06-29T00:22:54.919792,basse
BJ-6D70556B,Discothèque Abomey-Calavi,Restauration & Hôtellerie,Abomey-Calavi,+229 42 29 91 49,discothèqueabomey@discothèqueabom.bj,discothèqueabomeycalavi.bj,Grande (>200),B2C,Facebook Pages,,Actif,2026-06-29T00:22:54.919826,haute
BJ-494F308E,Boulangerie International,Restauration & Hôtellerie,Abomey-Calavi,+229 90 77 50 47,boulangerie.international@yahoo.com,boulangerieinternational.bj,TPE (<10),B2C,Facebook Pages,,Actif,2026-06-29T00:22:54.919844,haute
BJ-9B7811F4,Salade Palace Porto-Novo,Restauration & Hôtellerie,Porto-Novo,+229 36 15 39 70,saladepalace@yahoo.fr,,TPE (<10),B2C,Facebook Pages,,Actif,2026-06-29T00:22:54.919865,moyenne
BJ-3FB8F926,Salade Brasserie,Restauration & Hôtellerie,Porto-Novo,+229 71 36 22 27,saladebrasserie@yahoo.com,saladebrasserie.bj,PME (10-50),B2C,Facebook Pages,,Actif,2026-06-29T00:22:54.919884,haute
BJ-9A801667,Goût Palace,Restauration & Hôtellerie,Porto-Novo,+229 75 41 88 26,goûtpalace@hotmail.com,goûtpalace.bj,TPE (<10),B2C,Facebook Pages,,Actif,2026-06-29T00:22:54.919919,haute
BJ-FD56FD28,Traiteur Local Café,Restauration & Hôtellerie,Porto-Novo,+229 46 41 68 78,traiteurlocal@yahoo.fr,,TPE (<10),B2C,Facebook Pages,,Actif,2026-06-29T00:22:54.919937,moyenne
BJ-D3068AF9,Restaurant Table Porto-Novo,Restauration & Hôtellerie,Porto-Novo,+229 67 59 34 30,restaurant.table@yahoo.fr,restauranttableportonovo.bj,PME (50-200),B2C,Facebook Pages,,Actif,2026-06-29T00:22:54.919953,haute
BJ-6674844A,Continental Parakou,Restauration & Hôtellerie,Parakou,+229 43 72 85 52,,continentalparakou.bj,TPE (<10),B2C,Facebook Pages,,Actif,2026-06-29T00:22:54.919973,moyenne
BJ-C096C7AE,Tacos Brasserie,Restauration & Hôtellerie,Parakou,+229 57 48 93 21,,,TPE (<10),B2C,Facebook Pages,,Actif,2026-06-29T00:22:54.919984,basse
BJ-6A166D5F,Traiteur Burger Resort,Restauration & Hôtellerie,Parakou,+229 43 28 77 51,t.burger@outlook.com,traiteurburgerresort.bj,TPE (<10),B2C,Facebook Pages,,Actif,2026-06-29T00:22:54.919999,haute
BJ-63BA28EB,Bistro Brasserie,Restauration & Hôtellerie,Parakou,+229 70 43 37 70,bistrobrasserie@bistrobrasserie.bj,,PME (50-200),B2C,Facebook Pages,,Actif,2026-06-29T00:22:54.920014,moyenne
BJ-8E89F101,Fast Goût Hotel,Restauration & Hôtellerie,Parakou,+229 55 25 76 56,f.goût@hotmail.com,fastgoûthotel.bj,PME (10-50),B2C,Facebook Pages,,Actif,2026-06-29T00:22:54.920031,haute
BJ-8C29CC54,Brasserie Tradition Café,Restauration & Hôtellerie,Bohicon,+229 41 76 19 18,,brasserietraditioncafé.bj,PME (10-50),B2C,Facebook Pages,,Actif,2026-06-29T00:22:54.920051,moyenne
BJ-D26C8746,Bar Mer Spa,Restauration & Hôtellerie,Bohicon,+229 85 50 23 25,,barmerspa.bj,PME (10-50),B2C,Facebook Pages,,Actif,2026-06-29T00:22:54.920063,moyenne
BJ-5F1A8FD8,Bar Royal,Restauration & Hôtellerie,Bohicon,+229 82 59 65 92,b.royal@gmail.com,barroyal.bj,TPE (<10),B2C,Facebook Pages,,Actif,2026-06-29T00:22:54.920081,haute
BJ-45FC4FC8,Glacier Lodge,Restauration & Hôtellerie,Bohicon,+229 71 19 51 62,,,TPE (<10),B2C,Facebook Pages,,Actif,2026-06-29T00:22:54.920092,basse
BJ-F332B33C,Restaurant Goût Restaurant,Restauration & Hôtellerie,Bohicon,+229 22 16 18 16,restaurantgoût@outlook.com,restaurantgoûtrestaurant.bj,TPE (<10),B2C,Facebook Pages,,Actif,2026-06-29T00:22:54.920109,haute
BJ-8BF1B8EE,Restaurant Grand Restaurant,Restauration & Hôtellerie,Natitingou,+229 22 89 14 97,restaurantgrand@restaurantgrand.org.bj,restaurantgrandrestaurant.bj,Grande (>200),B2C,Facebook Pages,,Actif,2026-06-29T00:22:54.920131,haute
BJ-BCB72299,Hôtel Pizzeria Brasserie Natitingou,Restauration & Hôtellerie,Natitingou,+229 70 44 89 34,hôtel.pizzeria@hôtelpizzeriabr.org.bj,hôtelpizzeriabrasserienatitingou.bj,Grande (>200),B2C,Facebook Pages,,Actif,2026-06-29T00:22:54.920150,haute
BJ-05A4E26F,Café Africain,Restauration & Hôtellerie,Natitingou,+229 38 68 12 57,café.africain@gmail.com,caféafricain.bj,TPE (<10),B2C,Facebook Pages,,Actif,2026-06-29T00:22:54.920170,haute
BJ-A4678B98,International Brasserie,Restauration & Hôtellerie,Natitingou,+229 78 48 55 68,international.brasserie@internationalbr.com.bj,,PME (10-50),B2C,Facebook Pages,,Actif,2026-06-29T00:22:54.920186,moyenne
BJ-2E51FC14,Traiteur Plage Village,Restauration & Hôtellerie,Natitingou,+229 47 53 14 24,,traiteurplagevillage.bj,TPE (<10),B2C,Facebook Pages,,Actif,2026-06-29T00:22:54.920198,moyenne
BJ-BF7C534D,Snack Authentique Hotel,Restauration & Hôtellerie,Lokossa,+229 81 69 49 88,,snackauthentiquehotel.bj,Grande (>200),B2C,Facebook Pages,,Actif,2026-06-29T00:22:54.920217,moyenne
BJ-E2E1F6B4,Tacos Palace,Restauration & Hôtellerie,Lokossa,+229 72 10 56 25,tacospalace@tacospalace.bj,tacospalace.bj,PME (50-200),B2C,Facebook Pages,,Actif,2026-06-29T00:22:54.920232,haute
BJ-E7EEFB19,Hôtel International Spa,Restauration & Hôtellerie,Lokossa,+229 61 82 18 32,,hôtelinternationalspa.bj,TPE (<10),B2C,Facebook Pages,,Actif,2026-06-29T00:22:54.920248,moyenne
BJ-643E3F1D,Gourmet Resort,Restauration & Hôtellerie,Lokossa,+229 71 46 62 13,g.resort@hotmail.com,,TPE (<10),B2C,Facebook Pages,,Actif,2026-06-29T00:22:54.920264,moyenne
BJ-B4C6CDCB,Restaurant Jardin Village,Restauration & Hôtellerie,Lokossa,+229 31 74 18 18,restaurantjardin@yahoo.com,restaurantjardinvillage.bj,PME (50-200),B2C,Facebook Pages,,Actif,2026-06-29T00:22:54.920282,haute
BJ-7A1BFE28,Bar Authentique Palace,Restauration & Hôtellerie,Ouidah,+229 77 47 40 66,bar.authentique@gmail.com,barauthentiquepalace.bj,Grande (>200),B2C,Facebook Pages,,Actif,2026-06-29T00:22:54.920322,haute
BJ-D14C3576,Pension Salade Restaurant Ouidah,Restauration & Hôtellerie,Ouidah,+229 95 60 53 97,pension.salade@hotmail.com,pensionsaladerestaurantouidah.bj,TPE (<10),B2C,Facebook Pages,,Actif,2026-06-29T00:22:54.920338,haute
BJ-F3B707AB,Pension Chocolaterie,Restauration & Hôtellerie,Ouidah,+229 48 86 44 98,pension.chocolaterie@pensionchocolat.bj,pensionchocolaterie.bj,TPE (<10),B2C,Facebook Pages,,Actif,2026-06-29T00:22:54.920354,haute
BJ-59752D5E,Glacier Spa Ouidah,Restauration & Hôtellerie,Ouidah,+229 33 72 79 89,,glacierspaouidah.bj,PME (10-50),B2C,Facebook Pages,,Actif,2026-06-29T00:22:54.920366,moyenne
BJ-D54BEAE3,Hôtel Village,Restauration & Hôtellerie,Savalou,+229 24 97 30 29,hôtelvillage@yahoo.com,hôtelvillage.bj,TPE (<10),B2C,Facebook Pages,,Actif,2026-06-29T00:22:54.920389,haute
BJ-CC2F48CB,Saveurs Spa,Restauration & Hôtellerie,Savalou,+229 30 38 12 38,s.spa@saveursspa.com.bj,saveursspa.bj,PME (50-200),B2C,Facebook Pages,,Actif,2026-06-29T00:22:54.920408,haute
BJ-090ABB19,Snack Plaisir,Restauration & Hôtellerie,Savalou,+229 97 36 72 55,s.plaisir@outlook.com,,TPE (<10),B2C,Facebook Pages,,Actif,2026-06-29T00:22:54.920426,moyenne
BJ-0A019701,Cantine Glacier,Restauration & Hôtellerie,Savalou,+229 97 97 27 71,,cantineglacier.bj,TPE (<10),B2C,Facebook Pages,,Actif,2026-06-29T00:22:54.920438,moyenne
BJ-09D95BCD,Délice,Restauration & Hôtellerie,Savalou,+229 62 18 86 41,délice@délice.org.bj,,PME (50-200),B2C,Facebook Pages,,Actif,2026-06-29T00:22:54.920453,moyenne
BJ-E18899C5,Fast Ambiance Lodge,Restauration & Hôtellerie,Dassa-Zoumè,+229 72 70 32 97,f.ambiance@hotmail.com,fastambiancelodge.bj,PME (10-50),B2C,Facebook Pages,,Actif,2026-06-29T00:22:54.920475,haute
BJ-E13D02E5,Lounge International Dassa-Zoumè,Restauration & Hôtellerie,Dassa-Zoumè,+229 88 16 66 63,loungeinternational@hotmail.com,loungeinternationaldassazoumè.bj,TPE (<10),B2C,Facebook Pages,,Actif,2026-06-29T00:22:54.920493,haute
BJ-991C5539,Hôtel Plaisir,Restauration & Hôtellerie,Dassa-Zoumè,+229 28 23 21 59,hôtel_plaisir@gmail.com,,TPE (<10),B2C,Facebook Pages,,Actif,2026-06-29T00:22:54.920509,moyenne
BJ-4191689F,Tacos Palace Dassa-Zoumè,Restauration & Hôtellerie,Dassa-Zoumè,+229 32 59 35 94,tacos_palace@tacospalacedass.org.bj,tacospalacedassazoumè.bj,PME (50-200),B2C,Facebook Pages,,Actif,2026-06-29T00:22:54.920527,haute
BJ-C8653421,Pension Table Café,Restauration & Hôtellerie,Dassa-Zoumè,+229 23 58 11 81,pensiontable@gmail.com,,PME (50-200),B2C,Facebook Pages,,Actif,2026-06-29T00:22:54.920541,moyenne
BJ-52ECCEC8,Plage Resort,Restauration & Hôtellerie,Kétou,+229 41 80 63 20,,plageresort.bj,PME (50-200),B2C,Facebook Pages,,Actif,2026-06-29T00:22:54.920560,moyenne
BJ-CD641853,Délice,Restauration & Hôtellerie,Kétou,+229 21 96 51 57,délice@délice.com.bj,délice.bj,TPE (<10),B2C,Facebook Pages,,Actif,2026-06-29T00:22:54.920574,haute
BJ-A5F5CF98,Brasserie,Restauration & Hôtellerie,Kétou,+229 48 11 19 48,,brasserie.bj,Grande (>200),B2C,Facebook Pages,,Actif,2026-06-29T00:22:54.920589,moyenne
BJ-C424E7C4,Pension Chocolaterie,Restauration & Hôtellerie,Kétou,+229 60 41 81 21,pensionchocolaterie@pensionchocolat.org.bj,pensionchocolaterie.bj,Grande (>200),B2C,Facebook Pages,,Actif,2026-06-29T00:22:54.920606,haute
BJ-79AF9B50,Pension Tacos Hotel,Restauration & Hôtellerie,Kétou,+229 82 58 85 52,,,PME (50-200),B2C,Facebook Pages,,Actif,2026-06-29T00:22:54.920617,basse
BJ-BFD2F966,Hôtel Glacier,Restauration & Hôtellerie,Covè,+229 33 88 28 56,hôtelglacier@yahoo.fr,,TPE (<10),B2C,Facebook Pages,,Actif,2026-06-29T00:22:54.920642,moyenne
BJ-7F3DA8B9,Jardin,Restauration & Hôtellerie,Covè,+229 54 66 55 57,jardin@yahoo.com,,PME (10-50),B2C,Facebook Pages,,Actif,2026-06-29T00:22:54.920656,moyenne
BJ-D44183E9,Brasserie International,Restauration & Hôtellerie,Covè,+229 56 90 49 76,brasserie.international@brasserieintern.com.bj,brasserieinternational.bj,Grande (>200),B2C,Facebook Pages,,Actif,2026-06-29T00:22:54.920676,haute
BJ-157216EF,Plaisir Bénin Covè,Restauration & Hôtellerie,Covè,+229 61 86 94 98,plaisirbénin@yahoo.fr,,PME (10-50),B2C,Facebook Pages,,Actif,2026-06-29T00:22:54.920692,moyenne
BJ-9C7AFC13,Continental,Restauration & Hôtellerie,Covè,+229 87 29 67 95,continental@gmail.com,continental.bj,TPE (<10),B2C,Facebook Pages,,Actif,2026-06-29T00:22:54.920706,haute
BJ-85D6DBC2,Saveurs Bénin,Restauration & Hôtellerie,Pobè,+229 60 57 57 15,,saveursbénin.bj,PME (50-200),B2C,Facebook Pages,,Actif,2026-06-29T00:22:54.920725,moyenne
BJ-2389D380,Authentique Resort,Restauration & Hôtellerie,Pobè,+229 56 55 20 65,authentiqueresort@authentiquereso.org.bj,authentiqueresort.bj,PME (10-50),B2C,Facebook Pages,,Actif,2026-06-29T00:22:54.920741,haute
BJ-A6427825,Ambiance Pobè,Restauration & Hôtellerie,Pobè,+229 40 62 71 82,ambiance.pobè@ambiancepobè.com.bj,ambiancepobè.bj,PME (50-200),B2C,Facebook Pages,,Actif,2026-06-29T00:22:54.920761,haute
BJ-C71D392A,Discothèque Brasserie,Restauration & Hôtellerie,Pobè,+229 57 22 66 87,discothèque.brasserie@discothèquebras.bj,,PME (10-50),B2C,Facebook Pages,,Actif,2026-06-29T00:22:54.920778,moyenne
BJ-DA3BE3FB,Gourmet Resort,Restauration & Hôtellerie,Pobè,+229 59 15 48 81,,,PME (10-50),B2C,Facebook Pages,,Actif,2026-06-29T00:22:54.920789,basse
BJ-782B9E6F,Restaurant Pizzeria,Restauration & Hôtellerie,Sakété,+229 62 21 89 74,,restaurantpizzeria.bj,PME (10-50),B2C,Facebook Pages,,Actif,2026-06-29T00:22:54.920808,moyenne
BJ-A08DB822,Food Jardin Sakété,Restauration & Hôtellerie,Sakété,+229 96 24 72 77,,foodjardinsakété.bj,TPE (<10),B2C,Facebook Pages,,Actif,2026-06-29T00:22:54.920819,moyenne
BJ-FEA71F45,Fast Authentique,Restauration & Hôtellerie,Sakété,+229 32 78 52 48,,fastauthentique.bj,PME (50-200),B2C,Facebook Pages,,Actif,2026-06-29T00:22:54.920831,moyenne
BJ-055B432E,Plage Spa,Restauration & Hôtellerie,Sakété,+229 86 92 74 61,,plagespa.bj,TPE (<10),B2C,Facebook Pages,,Actif,2026-06-29T00:22:54.920855,moyenne
BJ-2967449E,Palace,Restauration & Hôtellerie,Adjara,+229 95 95 28 23,,palace.bj,PME (50-200),B2C,Facebook Pages,,Actif,2026-06-29T00:22:54.920872,moyenne
BJ-A53BE6B1,Sandwich Lodge,Restauration & Hôtellerie,Adjara,+229 88 18 65 23,s.lodge@outlook.com,sandwichlodge.bj,TPE (<10),B2C,Facebook Pages,,Actif,2026-06-29T00:22:54.920906,haute
BJ-FEF287BC,Brasserie Spa,Restauration & Hôtellerie,Adjara,+229 87 33 17 47,brasserie_spa@hotmail.com,brasseriespa.bj,PME (10-50),B2C,Facebook Pages,,Actif,2026-06-29T00:22:54.920926,haute
BJ-ADA61396,Snack Grill Adjara,Restauration & Hôtellerie,Adjara,+229 80 67 75 85,snack.grill@snackgrilladjar.org.bj,snackgrilladjara.bj,PME (10-50),B2C,Facebook Pages,,Actif,2026-06-29T00:22:54.920943,haute
BJ-FD444522,Food Plage Resort,Restauration & Hôtellerie,Adjara,+229 45 60 69 73,food.plage@hotmail.com,foodplageresort.bj,TPE (<10),B2C,Facebook Pages,,Actif,2026-06-29T00:22:54.920957,haute
BJ-F7A620EA,Snack Salade,Restauration & Hôtellerie,Allada,+229 51 51 17 73,snacksalade@gmail.com,snacksalade.bj,Grande (>200),B2C,Facebook Pages,,Actif,2026-06-29T00:22:54.920979,haute
BJ-477ED839,Délice Village,Restauration & Hôtellerie,Allada,+229 60 65 69 44,délicevillage@yahoo.fr,délicevillage.bj,TPE (<10),B2C,Facebook Pages,,Actif,2026-06-29T00:22:54.920996,haute
BJ-63C74594,Salade Lodge,Restauration & Hôtellerie,Allada,+229 75 49 34 31,,saladelodge.bj,TPE (<10),B2C,Facebook Pages,,Actif,2026-06-29T00:22:54.921007,moyenne
BJ-2220AB0F,Café Bistro,Restauration & Hôtellerie,Allada,+229 64 19 86 10,café.bistro@cafébistro.bj,cafébistro.bj,PME (50-200),B2C,Facebook Pages,,Actif,2026-06-29T00:22:54.921024,haute
BJ-7AA609BE,Lounge,Restauration & Hôtellerie,Allada,+229 90 18 26 59,,lounge.bj,TPE (<10),B2C,Facebook Pages,,Actif,2026-06-29T00:22:54.921035,moyenne
BJ-CCF3F37A,Bistro,Restauration & Hôtellerie,Aplahoué,+229 81 23 78 91,bistro@bistro.bj,bistro.bj,PME (50-200),B2C,Facebook Pages,,Actif,2026-06-29T00:22:54.921055,haute
BJ-9668C482,Discothèque,Restauration & Hôtellerie,Aplahoué,+229 66 60 63 95,discothèque@discothèque.com.bj,discothèque.bj,PME (50-200),B2C,Facebook Pages,,Actif,2026-06-29T00:22:54.921070,haute
BJ-B7CC1020,Fast Mer,Restauration & Hôtellerie,Aplahoué,+229 20 75 76 50,f.mer@fastmer.bj,fastmer.bj,PME (10-50),B2C,Facebook Pages,,Actif,2026-06-29T00:22:54.921090,haute
BJ-078A507E,Snack Palace Aplahoué,Restauration & Hôtellerie,Aplahoué,+229 27 70 19 68,,,PME (10-50),B2C,Facebook Pages,,Actif,2026-06-29T00:22:54.921101,basse
BJ-2E5B607B,Fast Fusion Restaurant,Restauration & Hôtellerie,Aplahoué,+229 56 82 44 39,,,PME (10-50),B2C,Facebook Pages,,Actif,2026-06-29T00:22:54.921112,basse
BJ-75A57494,Snack Village Lodge,Restauration & Hôtellerie,Dogbo-Tota,+229 22 13 38 38,s.village@outlook.com,snackvillagelodge.bj,PME (10-50),B2C,Facebook Pages,,Actif,2026-06-29T00:22:54.921139,haute
BJ-C5826397,Grill,Restauration & Hôtellerie,Dogbo-Tota,+229 25 80 38 35,grill@hotmail.com,grill.bj,TPE (<10),B2C,Facebook Pages,,Actif,2026-06-29T00:22:54.921153,haute
BJ-A5A412D5,Mer,Restauration & Hôtellerie,Dogbo-Tota,+229 72 83 81 46,mer@mer.bj,mer.bj,TPE (<10),B2C,Facebook Pages,,Actif,2026-06-29T00:22:54.921166,haute
BJ-9110D78E,Salade Spa,Restauration & Hôtellerie,Dogbo-Tota,+229 39 67 93 95,s.spa@yahoo.fr,,PME (10-50),B2C,Facebook Pages,,Actif,2026-06-29T00:22:54.921181,moyenne
BJ-A5D76EB0,Brasserie,Restauration & Hôtellerie,Dogbo-Tota,+229 31 71 66 13,brasserie@outlook.com,brasserie.bj,PME (10-50),B2C,Facebook Pages,,Actif,2026-06-29T00:22:54.921193,haute
BJ-B79C07CA,Restaurant Lac Palace,Restauration & Hôtellerie,Kpomassè,+229 78 83 86 37,restaurantlac@restaurantlacpa.com.bj,restaurantlacpalace.bj,PME (50-200),B2C,Facebook Pages,,Actif,2026-06-29T00:22:54.921215,haute
BJ-C6DE1F89,Fast Délice Hotel Kpomassè,Restauration & Hôtellerie,Kpomassè,+229 95 81 58 53,,fastdélicehotelkpomassè.bj,PME (10-50),B2C,Facebook Pages,,Actif,2026-06-29T00:22:54.921228,moyenne
BJ-CF5B6727,Burger Village,Restauration & Hôtellerie,Kpomassè,+229 81 59 83 14,burger.village@burgervillage.bj,burgervillage.bj,PME (10-50),B2C,Facebook Pages,,Actif,2026-06-29T00:22:54.921247,haute
BJ-FA8613D0,Bar Fusion Village,Restauration & Hôtellerie,Kpomassè,+229 75 22 12 34,barfusion@barfusionvillag.com.bj,barfusionvillage.bj,Grande (>200),B2C,Facebook Pages,,Actif,2026-06-29T00:22:54.921263,haute
BJ-4928FB8B,Pâtisserie Restaurant,Restauration & Hôtellerie,Kpomassè,+229 42 21 84 39,p.restaurant@yahoo.fr,pâtisserierestaurant.bj,TPE (<10),B2C,Facebook Pages,,Actif,2026-06-29T00:22:54.921280,haute
BJ-247045BD,Cantine Lounge,Restauration & Hôtellerie,Tori-Bossito,+229 57 45 40 19,cantine.lounge@outlook.com,cantinelounge.bj,PME (10-50),B2C,Facebook Pages,,Actif,2026-06-29T00:22:54.921301,haute
BJ-0B0A2AC1,Sandwich Village,Restauration & Hôtellerie,Tori-Bossito,+229 24 17 19 91,sandwichvillage@outlook.com,sandwichvillage.bj,TPE (<10),B2C,Facebook Pages,,Actif,2026-06-29T00:22:54.921317,haute
BJ-A3ABAF93,Gourmet Tori-Bossito,Restauration & Hôtellerie,Tori-Bossito,+229 21 12 61 10,g.tori@gourmettoriboss.com.bj,gourmettoribossito.bj,TPE (<10),B2C,Facebook Pages,,Actif,2026-06-29T00:22:54.921338,haute
BJ-91547D5F,Sushi,Restauration & Hôtellerie,Tori-Bossito,+229 79 65 77 27,sushi@sushi.com.bj,sushi.bj,Grande (>200),B2C,Facebook Pages,,Actif,2026-06-29T00:22:54.921352,haute
BJ-6DAB576C,Food Glacier,Restauration & Hôtellerie,Tori-Bossito,+229 25 30 43 40,foodglacier@gmail.com,foodglacier.bj,TPE (<10),B2C,Facebook Pages,,Actif,2026-06-29T00:22:54.921366,haute
BJ-7E20CCF3,Délice Hotel,Restauration & Hôtellerie,Grand-Popo,+229 24 56 67 53,d.hotel@délicehotel.com.bj,,PME (50-200),B2C,Facebook Pages,,Actif,2026-06-29T00:22:54.921390,moyenne
BJ-07518476,Bar Palace Village,Restauration & Hôtellerie,Grand-Popo,+229 75 81 73 94,barpalace@hotmail.com,,Grande (>200),B2C,Facebook Pages,,Actif,2026-06-29T00:22:54.921404,moyenne
BJ-61F9D974,Restaurant Nouveau International,Restauration & Hôtellerie,Grand-Popo,+229 74 17 56 75,restaurantnouveau@restaurantnouve.org.bj,restaurantnouveauinternational.bj,PME (50-200),B2C,Facebook Pages,,Actif,2026-06-29T00:22:54.921423,haute
BJ-DEEA7264,Hôtel Pâtisserie,Restauration & Hôtellerie,Grand-Popo,+229 85 82 68 34,hôtelpâtisserie@hôtelpâtisserie.com.bj,hôtelpâtisserie.bj,PME (50-200),B2C,Facebook Pages,,Actif,2026-06-29T00:22:54.921442,haute
BJ-243268C7,Hôtel Saveurs,Restauration & Hôtellerie,Grand-Popo,+229 28 32 83 92,,hôtelsaveurs.bj,PME (10-50),B2C,Facebook Pages,,Actif,2026-06-29T00:22:54.921454,moyenne
BJ-3187476B,Brasserie Local,Restauration & Hôtellerie,Athiémé,+229 28 34 20 48,brasserie_local@brasserielocal.com.bj,brasserielocal.bj,TPE (<10),B2C,Facebook Pages,,Actif,2026-06-29T00:22:54.921478,haute
BJ-46AEC0CD,Village Hotel,Restauration & Hôtellerie,Athiémé,+229 80 87 77 45,village.hotel@yahoo.fr,villagehotel.bj,TPE (<10),B2C,Facebook Pages,,Actif,2026-06-29T00:22:54.921492,haute
BJ-1E58C518,Palace,Restauration & Hôtellerie,Athiémé,+229 29 20 48 57,,palace.bj,TPE (<10),B2C,Facebook Pages,,Actif,2026-06-29T00:22:54.921503,moyenne
BJ-27CCD9A3,Boulangerie Brasserie,Restauration & Hôtellerie,Athiémé,+229 20 54 53 21,boulangerie.brasserie@boulangeriebras.bj,boulangeriebrasserie.bj,TPE (<10),B2C,Facebook Pages,,Actif,2026-06-29T00:22:54.921519,haute
BJ-D560B642,Burger International,Restauration & Hôtellerie,Athiémé,+229 43 91 60 91,,burgerinternational.bj,PME (10-50),B2C,Facebook Pages,,Actif,2026-06-29T00:22:54.921530,moyenne
BJ-D9B00C7A,Sushi Café,Restauration & Hôtellerie,Bopa,+229 69 60 32 37,sushi.café@sushicafé.bj,sushicafé.bj,TPE (<10),B2C,Facebook Pages,,Actif,2026-06-29T00:22:54.921557,haute
BJ-BBBDD988,Café Royal,Restauration & Hôtellerie,Bopa,+229 23 68 52 24,café.royal@caféroyal.org.bj,caféroyal.bj,PME (10-50),B2C,Facebook Pages,,Actif,2026-06-29T00:22:54.921574,haute
BJ-B1D0F800,Brasserie Palace Café,Restauration & Hôtellerie,Bopa,+229 36 37 57 88,brasseriepalace@brasseriepalace.com.bj,,Grande (>200),B2C,Facebook Pages,,Actif,2026-06-29T00:22:54.921596,moyenne
BJ-ED85F3A1,Brasserie International,Restauration & Hôtellerie,Bopa,+229 43 86 37 84,,brasserieinternational.bj,PME (50-200),B2C,Facebook Pages,,Actif,2026-06-29T00:22:54.921609,moyenne
BJ-71C9C3B9,Cantine Gourmet,Restauration & Hôtellerie,Bopa,+229 61 98 42 32,cantine.gourmet@cantinegourmet.org.bj,cantinegourmet.bj,TPE (<10),B2C,Facebook Pages,,Actif,2026-06-29T00:22:54.921624,haute
BJ-0B059B81,Café Discothèque Resort,Restauration & Hôtellerie,Houéyogbé,+229 47 82 31 17,café.discothèque@cafédiscothèque.com.bj,cafédiscothèqueresort.bj,PME (10-50),B2C,Facebook Pages,,Actif,2026-06-29T00:22:54.921648,haute
BJ-7F6CEF73,Délice Houéyogbé,Restauration & Hôtellerie,Houéyogbé,+229 24 53 94 16,d.houéyogbé@délicehouéyogbé.bj,,PME (10-50),B2C,Facebook Pages,,Actif,2026-06-29T00:22:54.921665,moyenne
BJ-3B29D3AD,Lounge Resort Houéyogbé,Restauration & Hôtellerie,Houéyogbé,+229 94 89 36 40,loungeresort@gmail.com,loungeresorthouéyogbé.bj,PME (10-50),B2C,Facebook Pages,,Actif,2026-06-29T00:22:54.921682,haute
BJ-E3BA092D,Burger Brasserie,Restauration & Hôtellerie,Houéyogbé,+229 34 78 11 29,,,TPE (<10),B2C,Facebook Pages,,Actif,2026-06-29T00:22:54.921693,basse
BJ-EEBFFC7C,Bar Glacier,Restauration & Hôtellerie,Houéyogbé,+229 97 94 59 96,barglacier@outlook.com,barglacier.bj,PME (50-200),B2C,Facebook Pages,,Actif,2026-06-29T00:22:54.921708,haute
BJ-524F28AC,Snack Ambiance Restaurant,Restauration & Hôtellerie,Malanville,+229 24 89 84 17,snackambiance@snackambiancere.bj,snackambiancerestaurant.bj,PME (10-50),B2C,Facebook Pages,,Actif,2026-06-29T00:22:54.921734,haute
BJ-D0EC0193,Cantine Détente Village Malanville,Restauration & Hôtellerie,Malanville,+229 79 52 66 83,cantinedétente@yahoo.fr,cantinedétentevillagemalanville.bj,PME (10-50),B2C,Facebook Pages,,Actif,2026-06-29T00:22:54.921752,haute
BJ-B29F3F5A,Grand Village,Restauration & Hôtellerie,Malanville,+229 57 23 18 56,g.village@yahoo.com,grandvillage.bj,PME (10-50),B2C,Facebook Pages,,Actif,2026-06-29T00:22:54.921771,haute
BJ-B4612198,Café Grand Palace,Restauration & Hôtellerie,Malanville,+229 44 59 33 65,cafégrand@gmail.com,cafégrandpalace.bj,PME (10-50),B2C,Facebook Pages,,Actif,2026-06-29T00:22:54.921788,haute
BJ-2CC5A3DE,Fusion,Restauration & Hôtellerie,Kandi,+229 47 33 61 90,fusion@yahoo.com,fusion.bj,PME (10-50),B2C,Facebook Pages,,Actif,2026-06-29T00:22:54.921834,haute
BJ-17E8B95C,Food Salade Kandi,Restauration & Hôtellerie,Kandi,+229 78 16 78 34,f.salade@hotmail.com,foodsaladekandi.bj,PME (10-50),B2C,Facebook Pages,,Actif,2026-06-29T00:22:54.921853,haute
BJ-2E5C05EE,Snack Détente Café,Restauration & Hôtellerie,Kandi,+229 55 68 75 89,snackdétente@hotmail.com,snackdétentecafé.bj,PME (50-200),B2C,Facebook Pages,,Actif,2026-06-29T00:22:54.921869,haute
BJ-8D4B4005,Brasserie Inn,Restauration & Hôtellerie,Kandi,+229 44 58 99 21,b.inn@yahoo.fr,brasserieinn.bj,PME (50-200),B2C,Facebook Pages,,Actif,2026-06-29T00:22:54.921884,haute
BJ-3F64088B,Auberge Détente Kandi,Restauration & Hôtellerie,Kandi,+229 98 51 94 68,,aubergedétentekandi.bj,TPE (<10),B2C,Facebook Pages,,Actif,2026-06-29T00:22:54.921905,moyenne
BJ-27555F26,Restaurant Continental Brasserie,Restauration & Hôtellerie,Banikoara,+229 65 37 44 32,,restaurantcontinentalbrasserie.bj,PME (10-50),B2C,Facebook Pages,,Actif,2026-06-29T00:22:54.921945,moyenne
BJ-B93A6802,Pension Grill Banikoara,Restauration & Hôtellerie,Banikoara,+229 78 39 91 18,pensiongrill@pensiongrillban.com.bj,,PME (50-200),B2C,Facebook Pages,,Actif,2026-06-29T00:22:54.921962,moyenne
BJ-180D0C0D,Grill,Restauration & Hôtellerie,Banikoara,+229 61 89 77 77,grill@grill.org.bj,,PME (10-50),B2C,Facebook Pages,,Actif,2026-06-29T00:22:54.921993,moyenne
BJ-95BF480A,Café Royal,Restauration & Hôtellerie,Banikoara,+229 26 18 99 97,café.royal@caféroyal.com.bj,caféroyal.bj,PME (50-200),B2C,Facebook Pages,,Actif,2026-06-29T00:22:54.922024,haute
BJ-40A59AF4,Bar Saveur Restaurant,Restauration & Hôtellerie,Ségbana,+229 44 32 42 19,,,PME (50-200),B2C,Facebook Pages,,Actif,2026-06-29T00:22:54.922072,basse
BJ-FE5E3AED,Saveurs Village,Restauration & Hôtellerie,Ségbana,+229 68 70 31 96,s.village@outlook.com,saveursvillage.bj,TPE (<10),B2C,Facebook Pages,,Actif,2026-06-29T00:22:54.922104,haute
BJ-587FBDB3,Hôtel Burger,Restauration & Hôtellerie,Ségbana,+229 77 19 81 63,h.burger@outlook.com,hôtelburger.bj,Grande (>200),B2C,Facebook Pages,,Actif,2026-06-29T00:22:54.922119,haute
BJ-7EDDDEDB,Snack Tacos Bénin,Restauration & Hôtellerie,Ségbana,+229 21 56 91 48,,snacktacosbénin.bj,TPE (<10),B2C,Facebook Pages,,Actif,2026-06-29T00:22:54.922131,moyenne
BJ-3577420A,Sushi Brasserie,Restauration & Hôtellerie,Karimama,+229 77 21 67 17,sushi.brasserie@sushibrasserie.bj,,PME (10-50),B2C,Facebook Pages,,Actif,2026-06-29T00:22:54.922151,moyenne
BJ-18A37439,Traiteur Jardin International Karimama,Restauration & Hôtellerie,Karimama,+229 31 50 72 58,traiteurjardin@traiteurjardini.com.bj,,TPE (<10),B2C,Facebook Pages,,Actif,2026-06-29T00:22:54.922170,moyenne
BJ-01EBC67F,Africain,Restauration & Hôtellerie,Karimama,+229 53 53 99 52,africain@yahoo.fr,,PME (10-50),B2C,Facebook Pages,,Actif,2026-06-29T00:22:54.922185,moyenne
BJ-1CB7E711,Plaisir,Restauration & Hôtellerie,Karimama,+229 49 35 33 13,plaisir@hotmail.com,plaisir.bj,TPE (<10),B2C,Facebook Pages,,Actif,2026-06-29T00:22:54.922198,haute
BJ-B420FB19,Lac Karimama,Restauration & Hôtellerie,Karimama,+229 98 75 99 37,lac.karimama@lackarimama.com.bj,lackarimama.bj,Grande (>200),B2C,Facebook Pages,,Actif,2026-06-29T00:22:54.922212,haute
BJ-883A2E81,Auberge Salade Gogounou,Restauration & Hôtellerie,Gogounou,+229 35 27 69 84,aubergesalade@aubergesaladego.bj,aubergesaladegogounou.bj,TPE (<10),B2C,Facebook Pages,,Actif,2026-06-29T00:22:54.922234,haute
BJ-A18D7388,Cantine Palace,Restauration & Hôtellerie,Gogounou,+229 63 72 64 84,,,TPE (<10),B2C,Facebook Pages,,Actif,2026-06-29T00:22:54.922244,basse
BJ-CA872814,Pension International Gogounou,Restauration & Hôtellerie,Gogounou,+229 79 95 18 49,pension.international@pensioninternat.bj,pensioninternationalgogounou.bj,TPE (<10),B2C,Facebook Pages,,Actif,2026-06-29T00:22:54.922259,haute
BJ-E89FECB4,Cantine Saveur Gogounou,Restauration & Hôtellerie,Gogounou,+229 96 43 55 85,,cantinesaveurgogounou.bj,TPE (<10),B2C,Facebook Pages,,Actif,2026-06-29T00:22:54.922270,moyenne
BJ-5EB46DC7,Brasserie Sandwich Gogounou,Restauration & Hôtellerie,Gogounou,+229 88 92 48 70,brasseriesandwich@brasseriesandwi.com.bj,brasseriesandwichgogounou.bj,Grande (>200),B2C,Facebook Pages,,Actif,2026-06-29T00:22:54.922289,haute
BJ-60F91B74,Sandwich Cobly,Restauration & Hôtellerie,Cobly,+229 83 75 40 45,sandwich.cobly@yahoo.fr,sandwichcobly.bj,PME (10-50),B2C,Facebook Pages,,Actif,2026-06-29T00:22:54.922330,haute
BJ-96021590,Saveur Palace,Restauration & Hôtellerie,Cobly,+229 63 35 96 52,saveur.palace@yahoo.com,,TPE (<10),B2C,Facebook Pages,,Actif,2026-06-29T00:22:54.922344,moyenne
BJ-3F506274,Brasserie,Restauration & Hôtellerie,Cobly,+229 81 87 88 91,,brasserie.bj,PME (50-200),B2C,Facebook Pages,,Actif,2026-06-29T00:22:54.922375,moyenne
BJ-45210A5B,Traiteur Table Cobly,Restauration & Hôtellerie,Cobly,+229 41 99 68 15,t.table@yahoo.fr,,TPE (<10),B2C,Facebook Pages,,Actif,2026-06-29T00:22:54.922389,moyenne
BJ-CD4E75B9,Continental,Restauration & Hôtellerie,Cobly,+229 64 91 86 77,continental@yahoo.fr,continental.bj,PME (10-50),B2C,Facebook Pages,,Actif,2026-06-29T00:22:54.922402,haute
BJ-CBEDC08C,Cantine Discothèque Brasserie Tanguiéta,Restauration & Hôtellerie,Tanguiéta,+229 88 59 17 42,c.discothèque@cantinediscothè.bj,cantinediscothèquebrasserietanguiéta.bj,PME (50-200),B2C,Facebook Pages,,Actif,2026-06-29T00:22:54.922427,haute
BJ-19424251,Saveurs,Restauration & Hôtellerie,Tanguiéta,+229 84 51 44 68,,,PME (10-50),B2C,Facebook Pages,,Actif,2026-06-29T00:22:54.922438,basse
BJ-CA9F4A10,Brasserie Tradition Palace,Restauration & Hôtellerie,Tanguiéta,+229 86 40 64 91,b.tradition@brasserietradit.org.bj,brasserietraditionpalace.bj,PME (10-50),B2C,Facebook Pages,,Actif,2026-06-29T00:22:54.922476,haute
BJ-6D3EBDF4,Traiteur Royal,Restauration & Hôtellerie,Tanguiéta,+229 93 92 81 85,traiteurroyal@yahoo.com,traiteurroyal.bj,TPE (<10),B2C,Facebook Pages,,Actif,2026-06-29T00:22:54.922491,haute
BJ-A4C17AC0,Fast Fusion Bénin Tanguiéta,Restauration & Hôtellerie,Tanguiéta,+229 22 60 28 44,,fastfusionbénintanguiéta.bj,TPE (<10),B2C,Facebook Pages,,Actif,2026-06-29T00:22:54.922503,moyenne
BJ-E64E6460,Gourmet Matéri,Restauration & Hôtellerie,Matéri,+229 87 27 17 21,,gourmetmatéri.bj,PME (50-200),B2C,Facebook Pages,,Actif,2026-06-29T00:22:54.922520,moyenne
BJ-6240A354,Discothèque,Restauration & Hôtellerie,Matéri,+229 46 77 29 79,,,TPE (<10),B2C,Facebook Pages,,Actif,2026-06-29T00:22:54.922531,basse
BJ-0A9DDDC8,Salade Lodge,Restauration & Hôtellerie,Matéri,+229 56 99 98 59,salade.lodge@yahoo.com,saladelodge.bj,Grande (>200),B2C,Facebook Pages,,Actif,2026-06-29T00:22:54.922548,haute
BJ-EFD0CE6E,Snack Discothèque Restaurant,Restauration & Hôtellerie,Matéri,+229 44 90 64 20,,snackdiscothèquerestaurant.bj,PME (10-50),B2C,Facebook Pages,,Actif,2026-06-29T00:22:54.922561,moyenne
BJ-4B90F06F,Brasserie Jardin Brasserie,Restauration & Hôtellerie,Matéri,+229 59 59 92 95,,,PME (10-50),B2C,Facebook Pages,,Actif,2026-06-29T00:22:54.922571,basse
BJ-E5C8E43A,Hôtel Royal Café,Restauration & Hôtellerie,Natitingou,+229 42 55 44 33,,hôtelroyalcafé.bj,PME (10-50),B2C,Facebook Pages,,Actif,2026-06-29T00:22:54.922589,moyenne
BJ-1479076D,Glacier,Restauration & Hôtellerie,Natitingou,+229 41 66 59 76,glacier@glacier.bj,glacier.bj,PME (10-50),B2C,Facebook Pages,,Actif,2026-06-29T00:22:54.922602,haute
BJ-3C8AEEBD,Discothèque,Restauration & Hôtellerie,Natitingou,+229 97 37 14 67,discothèque@yahoo.fr,discothèque.bj,PME (50-200),B2C,Facebook Pages,,Actif,2026-06-29T00:22:54.922615,haute
BJ-6FCC585D,Saveur Natitingou,Restauration & Hôtellerie,Natitingou,+229 54 94 33 54,,saveurnatitingou.bj,TPE (<10),B2C,Facebook Pages,,Actif,2026-06-29T00:22:54.922626,moyenne
BJ-703BECF4,Snack Burger Palace Natitingou,Restauration & Hôtellerie,Natitingou,+229 96 14 13 11,snackburger@snackburgerpala.bj,snackburgerpalacenatitingou.bj,Grande (>200),B2C,Facebook Pages,,Actif,2026-06-29T00:22:54.922642,haute
BJ-EFDA96A4,Saveurs,Restauration & Hôtellerie,Toucountouna,+229 69 72 43 24,,saveurs.bj,PME (10-50),B2C,Facebook Pages,,Actif,2026-06-29T00:22:54.922658,moyenne
BJ-3536FCBF,Cantine International Restaurant,Restauration & Hôtellerie,Toucountouna,+229 39 39 18 63,,cantineinternationalrestaurant.bj,TPE (<10),B2C,Facebook Pages,,Actif,2026-06-29T00:22:54.922670,moyenne
BJ-FBD62E00,Fast Délice Resort Toucountouna,Restauration & Hôtellerie,Toucountouna,+229 68 79 61 47,f.délice@hotmail.com,fastdéliceresorttoucountouna.bj,PME (10-50),B2C,Facebook Pages,,Actif,2026-06-29T00:22:54.922690,haute
BJ-D3DB913C,Pizzeria,Restauration & Hôtellerie,Toucountouna,+229 93 21 72 20,pizzeria@yahoo.fr,pizzeria.bj,PME (10-50),B2C,Facebook Pages,,Actif,2026-06-29T00:22:54.922707,haute
BJ-A7D32A9E,Bistro Resort,Restauration & Hôtellerie,Toucountouna,+229 85 70 90 15,,bistroresort.bj,TPE (<10),B2C,Facebook Pages,,Actif,2026-06-29T00:22:54.922718,moyenne
BJ-7229085D,Saveurs Palace,Restauration & Hôtellerie,Boukoumbé,+229 92 20 57 98,saveurspalace@hotmail.com,,Grande (>200),B2C,Facebook Pages,,Actif,2026-06-29T00:22:54.922738,moyenne
BJ-D9CC7FAE,Food Grill,Restauration & Hôtellerie,Boukoumbé,+229 62 54 17 94,food.grill@yahoo.com,foodgrill.bj,PME (10-50),B2C,Facebook Pages,,Actif,2026-06-29T00:22:54.922753,haute
BJ-4F44A4D8,Brasserie Sushi Hotel,Restauration & Hôtellerie,Boukoumbé,+229 39 57 31 61,b.sushi@brasseriesushih.com.bj,brasseriesushihotel.bj,Grande (>200),B2C,Facebook Pages,,Actif,2026-06-29T00:22:54.922768,haute
BJ-7E921131,Cantine Burger Inn Boukoumbé,Restauration & Hôtellerie,Boukoumbé,+229 88 81 36 43,,cantineburgerinnboukoumbé.bj,Grande (>200),B2C,Facebook Pages,,Actif,2026-06-29T00:22:54.922780,moyenne
BJ-177B89A5,Café Lac Hotel,Restauration & Hôtellerie,Boukoumbé,+229 43 53 82 41,cafélac@cafélachotel.bj,cafélachotel.bj,PME (10-50),B2C,Facebook Pages,,Actif,2026-06-29T00:22:54.922797,haute
BJ-C331CA7E,Cantine Royal,Restauration & Hôtellerie,Kouandé,+229 24 36 34 21,,cantineroyal.bj,PME (50-200),B2C,Facebook Pages,,Actif,2026-06-29T00:22:54.922814,moyenne
BJ-8311FFAB,Pension Chocolaterie Resort,Restauration & Hôtellerie,Kouandé,+229 61 88 96 82,p.chocolaterie@gmail.com,pensionchocolaterieresort.bj,TPE (<10),B2C,Facebook Pages,,Actif,2026-06-29T00:22:54.922843,haute
BJ-ADB051BB,Saveurs Kouandé,Restauration & Hôtellerie,Kouandé,+229 93 20 27 70,saveurskouandé@gmail.com,,TPE (<10),B2C,Facebook Pages,,Actif,2026-06-29T00:22:54.922885,moyenne
BJ-A8D62C38,Pension Village Spa,Restauration & Hôtellerie,Kouandé,+229 26 50 17 93,,pensionvillagespa.bj,TPE (<10),B2C,Facebook Pages,,Actif,2026-06-29T00:22:54.922937,moyenne
BJ-8AE97769,Restaurant Pub,Restauration & Hôtellerie,Péhunco,+229 41 73 58 44,,restaurantpub.bj,PME (10-50),B2C,Facebook Pages,,Actif,2026-06-29T00:22:54.922973,moyenne
BJ-893F7120,Saveurs Hotel,Restauration & Hôtellerie,Péhunco,+229 56 61 24 50,,,PME (10-50),B2C,Facebook Pages,,Actif,2026-06-29T00:22:54.923012,basse
BJ-4D45A14A,Cantine Détente,Restauration & Hôtellerie,Péhunco,+229 92 53 58 17,c.détente@cantinedétente.org.bj,,TPE (<10),B2C,Facebook Pages,,Actif,2026-06-29T00:22:54.923043,moyenne
BJ-B84B400A,Traiteur Continental,Restauration & Hôtellerie,Péhunco,+229 81 97 83 73,,traiteurcontinental.bj,PME (50-200),B2C,Facebook Pages,,Actif,2026-06-29T00:22:54.923073,moyenne
BJ-56727B65,Cantine Burger Hotel Péhunco,Restauration & Hôtellerie,Péhunco,+229 60 48 75 51,,,TPE (<10),B2C,Facebook Pages,,Actif,2026-06-29T00:22:54.923098,basse
BJ-4236AA23,International Village,Restauration & Hôtellerie,Tchaourou,+229 67 16 43 62,international.village@internationalvi.org.bj,internationalvillage.bj,PME (10-50),B2C,Facebook Pages,,Actif,2026-06-29T00:22:54.923137,haute
BJ-FE4B5696,Burger Village,Restauration & Hôtellerie,Tchaourou,+229 20 28 15 71,burgervillage@burgervillage.com.bj,,TPE (<10),B2C,Facebook Pages,,Actif,2026-06-29T00:22:54.923170,moyenne
BJ-8444FD16,Hôtel Karaoke,Restauration & Hôtellerie,Tchaourou,+229 93 93 62 50,hôtel.karaoke@hôtelkaraoke.org.bj,hôtelkaraoke.bj,Grande (>200),B2C,Facebook Pages,,Actif,2026-06-29T00:22:54.923211,haute
BJ-67C6815C,Royal Restaurant Tchaourou,Restauration & Hôtellerie,Tchaourou,+229 98 20 96 27,r.restaurant@hotmail.com,royalrestauranttchaourou.bj,TPE (<10),B2C,Facebook Pages,,Actif,2026-06-29T00:22:54.923292,haute
BJ-173B9B22,Jardin Tchaourou,Restauration & Hôtellerie,Tchaourou,+229 87 92 53 80,,jardintchaourou.bj,TPE (<10),B2C,Facebook Pages,,Actif,2026-06-29T00:22:54.923322,moyenne
BJ-F0CC6D6D,Hôtel Pâtisserie,Restauration & Hôtellerie,Nikki,+229 62 23 97 51,,hôtelpâtisserie.bj,PME (50-200),B2C,Facebook Pages,,Actif,2026-06-29T00:22:54.923353,moyenne
BJ-357E4C97,Auberge Tradition Hotel,Restauration & Hôtellerie,Nikki,+229 39 63 74 77,,,PME (10-50),B2C,Facebook Pages,,Actif,2026-06-29T00:22:54.923365,basse
BJ-E8985B48,Auberge International Palace,Restauration & Hôtellerie,Nikki,+229 67 42 33 27,a.international@aubergeinternat.bj,aubergeinternationalpalace.bj,PME (10-50),B2C,Facebook Pages,,Actif,2026-06-29T00:22:54.923383,haute
BJ-ED35CB16,Boulangerie Inn Nikki,Restauration & Hôtellerie,Nikki,+229 90 21 28 79,boulangerie_inn@outlook.com,,TPE (<10),B2C,Facebook Pages,,Actif,2026-06-29T00:22:54.923416,moyenne
BJ-5931A333,Authentique,Restauration & Hôtellerie,Nikki,+229 35 73 26 60,authentique@hotmail.com,authentique.bj,Grande (>200),B2C,Facebook Pages,,Actif,2026-06-29T00:22:54.923430,haute
BJ-F8D8E4CF,Fusion,Restauration & Hôtellerie,Bembéréké,+229 50 66 67 66,fusion@fusion.com.bj,fusion.bj,PME (50-200),B2C,Facebook Pages,,Actif,2026-06-29T00:22:54.923450,haute
BJ-495D6078,Jardin,Restauration & Hôtellerie,Bembéréké,+229 67 40 28 37,jardin@yahoo.com,,Grande (>200),B2C,Facebook Pages,,Actif,2026-06-29T00:22:54.923463,moyenne
BJ-8382E50B,Pub,Restauration & Hôtellerie,Bembéréké,+229 45 18 23 85,pub@yahoo.fr,pub.bj,Grande (>200),B2C,Facebook Pages,,Actif,2026-06-29T00:22:54.923480,haute
BJ-3826554E,Salade Bembéréké,Restauration & Hôtellerie,Bembéréké,+229 85 77 30 87,s.bembéréké@gmail.com,saladebembéréké.bj,TPE (<10),B2C,Facebook Pages,,Actif,2026-06-29T00:22:54.923516,haute
BJ-913B7134,Café Fusion Café,Restauration & Hôtellerie,Kalalé,+229 49 90 97 30,,caféfusioncafé.bj,TPE (<10),B2C,Facebook Pages,,Actif,2026-06-29T00:22:54.923535,moyenne
BJ-105486B5,Authentique Brasserie,Restauration & Hôtellerie,Kalalé,+229 25 97 18 28,authentiquebrasserie@yahoo.com,authentiquebrasserie.bj,TPE (<10),B2C,Facebook Pages,,Actif,2026-06-29T00:22:54.923550,haute
BJ-9B21C360,Plage Palace,Restauration & Hôtellerie,Kalalé,+229 32 78 75 81,,,Grande (>200),B2C,Facebook Pages,,Actif,2026-06-29T00:22:54.923561,basse
BJ-0A7EDEDF,Café Plaisir Kalalé,Restauration & Hôtellerie,Kalalé,+229 79 18 86 73,caféplaisir@caféplaisirkala.bj,caféplaisirkalalé.bj,TPE (<10),B2C,Facebook Pages,,Actif,2026-06-29T00:22:54.923582,haute
BJ-061B6E6A,Café Authentique,Restauration & Hôtellerie,Kalalé,+229 39 69 35 51,caféauthentique@caféauthentique.org.bj,caféauthentique.bj,Grande (>200),B2C,Facebook Pages,,Actif,2026-06-29T00:22:54.923599,haute
BJ-98774648,Food Royal,Restauration & Hôtellerie,Ndali,+229 88 63 92 85,,foodroyal.bj,TPE (<10),B2C,Facebook Pages,,Actif,2026-06-29T00:22:54.923645,moyenne
BJ-8C015CD4,Tradition Café Ndali,Restauration & Hôtellerie,Ndali,+229 51 49 90 59,traditioncafé@traditioncafénd.org.bj,traditioncaféndali.bj,TPE (<10),B2C,Facebook Pages,,Actif,2026-06-29T00:22:54.923683,haute
BJ-2F16D24E,Glacier,Restauration & Hôtellerie,Ndali,+229 48 84 18 21,,glacier.bj,TPE (<10),B2C,Facebook Pages,,Actif,2026-06-29T00:22:54.923697,moyenne
BJ-0987B34D,Traiteur Table Ndali,Restauration & Hôtellerie,Ndali,+229 92 49 85 76,traiteurtable@outlook.com,traiteurtablendali.bj,PME (50-200),B2C,Facebook Pages,,Actif,2026-06-29T00:22:54.923712,haute
BJ-32208355,Brasserie Nouveau Brasserie,Restauration & Hôtellerie,Ségbana,+229 66 22 58 73,,brasserienouveaubrasserie.bj,PME (50-200),B2C,Facebook Pages,,Actif,2026-06-29T00:22:54.923730,moyenne
BJ-422FB7F3,Restaurant Nouveau Lodge,Restauration & Hôtellerie,Ségbana,+229 91 40 15 93,,restaurantnouveaulodge.bj,PME (10-50),B2C,Facebook Pages,,Actif,2026-06-29T00:22:54.923741,moyenne
BJ-148C93BB,Nouveau Spa,Restauration & Hôtellerie,Ségbana,+229 35 56 85 74,nouveauspa@yahoo.fr,nouveauspa.bj,PME (10-50),B2C,Facebook Pages,,Actif,2026-06-29T00:22:54.923756,haute
BJ-EE2FE5FA,Hôtel Palace Ségbana,Restauration & Hôtellerie,Ségbana,+229 38 26 30 84,,hôtelpalaceségbana.bj,Grande (>200),B2C,Facebook Pages,,Actif,2026-06-29T00:22:54.923771,moyenne
BJ-23565287,Sushi,Restauration & Hôtellerie,Ségbana,+229 88 41 15 54,sushi@sushi.com.bj,sushi.bj,TPE (<10),B2C,Facebook Pages,,Actif,2026-06-29T00:22:54.923785,haute
BJ-BCEA53E9,Food Tacos Café,Restauration & Hôtellerie,Tchaourou,+229 76 13 85 48,foodtacos@yahoo.com,foodtacoscafé.bj,TPE (<10),B2C,Facebook Pages,,Actif,2026-06-29T00:22:54.923808,haute
BJ-C34D2BD0,Tacos Hotel,Restauration & Hôtellerie,Tchaourou,+229 27 32 54 55,tacos.hotel@yahoo.com,tacoshotel.bj,Grande (>200),B2C,Facebook Pages,,Actif,2026-06-29T00:22:54.923823,haute
BJ-9C295E70,Snack Plaisir Brasserie,Restauration & Hôtellerie,Tchaourou,+229 45 14 60 28,snackplaisir@snackplaisirbra.bj,snackplaisirbrasserie.bj,TPE (<10),B2C,Facebook Pages,,Actif,2026-06-29T00:22:54.923842,haute
BJ-E8D5E94F,Brasserie Délice,Restauration & Hôtellerie,Tchaourou,+229 56 74 57 50,,brasseriedélice.bj,TPE (<10),B2C,Facebook Pages,,Actif,2026-06-29T00:22:54.923866,moyenne
BJ-69BD24B0,Salade Resort,Restauration & Hôtellerie,Bétérou,+229 72 55 38 35,salade_resort@yahoo.com,saladeresort.bj,PME (10-50),B2C,Facebook Pages,,Actif,2026-06-29T00:22:54.923887,haute
BJ-FEC2FF75,Jardin International,Restauration & Hôtellerie,Bétérou,+229 95 56 19 71,,jardininternational.bj,PME (10-50),B2C,Facebook Pages,,Actif,2026-06-29T00:22:54.923932,moyenne
BJ-4863E603,Traiteur Karaoke Café,Restauration & Hôtellerie,Bétérou,+229 48 87 39 87,,traiteurkaraokecafé.bj,TPE (<10),B2C,Facebook Pages,,Actif,2026-06-29T00:22:54.923945,moyenne
BJ-5A2877DB,Hôtel Palace Bénin,Restauration & Hôtellerie,Bétérou,+229 22 75 94 48,h.palace@hôtelpalacebéni.org.bj,,TPE (<10),B2C,Facebook Pages,,Actif,2026-06-29T00:22:54.923979,moyenne
BJ-2592AEE6,Sandwich,Restauration & Hôtellerie,Bétérou,+229 23 94 27 30,sandwich@sandwich.bj,sandwich.bj,TPE (<10),B2C,Facebook Pages,,Actif,2026-06-29T00:22:54.923993,haute
BJ-C8B52BDC,Bar Palace Brasserie,Restauration & Hôtellerie,Ouessè,+229 88 77 76 40,bar.palace@barpalacebrasse.org.bj,,PME (50-200),B2C,Facebook Pages,,Actif,2026-06-29T00:22:54.924019,moyenne
BJ-B84DA174,Snack Discothèque,Restauration & Hôtellerie,Ouessè,+229 47 86 86 95,,,Grande (>200),B2C,Facebook Pages,,Actif,2026-06-29T00:22:54.924031,basse
BJ-06B25115,Hôtel Tacos Lodge,Restauration & Hôtellerie,Ouessè,+229 42 64 94 18,,hôteltacoslodge.bj,PME (50-200),B2C,Facebook Pages,,Actif,2026-06-29T00:22:54.924048,moyenne
BJ-63652107,Snack Tradition Bénin,Restauration & Hôtellerie,Ouessè,+229 31 98 68 74,,snacktraditionbénin.bj,TPE (<10),B2C,Facebook Pages,,Actif,2026-06-29T00:22:54.924063,moyenne
BJ-E3018F46,Karaoke Spa,Restauration & Hôtellerie,Ouessè,+229 81 43 32 41,k.spa@karaokespa.org.bj,karaokespa.bj,PME (50-200),B2C,Facebook Pages,,Actif,2026-06-29T00:22:54.924079,haute
BJ-8D6AD14F,Nouveau Hotel Glazoué,Restauration & Hôtellerie,Glazoué,+229 82 16 88 51,nouveau_hotel@nouveauhotelgla.bj,nouveauhotelglazoué.bj,TPE (<10),B2C,Facebook Pages,,Actif,2026-06-29T00:22:54.924102,haute
BJ-A51F0D94,Snack Village,Restauration & Hôtellerie,Glazoué,+229 89 70 13 36,snackvillage@hotmail.com,snackvillage.bj,TPE (<10),B2C,Facebook Pages,,Actif,2026-06-29T00:22:54.924117,haute
BJ-3CB1714E,Café Salade Inn,Restauration & Hôtellerie,Glazoué,+229 94 36 45 73,c.salade@cafésaladeinn.bj,,PME (10-50),B2C,Facebook Pages,,Actif,2026-06-29T00:22:54.924134,moyenne
BJ-F9AA844A,Ambiance Restaurant,Restauration & Hôtellerie,Glazoué,+229 69 49 88 11,a.restaurant@gmail.com,ambiancerestaurant.bj,PME (10-50),B2C,Facebook Pages,,Actif,2026-06-29T00:22:54.924150,haute
BJ-99DF96B7,Bar International Café,Restauration & Hôtellerie,Glazoué,+229 62 84 88 91,bar.international@gmail.com,barinternationalcafé.bj,TPE (<10),B2C,Facebook Pages,,Actif,2026-06-29T00:22:54.924166,haute
BJ-752B7E18,Tradition Café,Restauration & Hôtellerie,Dassa-Zoumè,+229 43 41 16 37,tradition.café@yahoo.com,traditioncafé.bj,PME (10-50),B2C,Facebook Pages,,Actif,2026-06-29T00:22:54.924188,haute
BJ-A0879723,Café Sandwich,Restauration & Hôtellerie,Dassa-Zoumè,+229 88 87 61 95,c.sandwich@cafésandwich.bj,cafésandwich.bj,Grande (>200),B2C,Facebook Pages,,Actif,2026-06-29T00:22:54.924204,haute
BJ-545053FF,Bar Salade Resort Dassa-Zoumè,Restauration & Hôtellerie,Dassa-Zoumè,+229 37 51 66 32,bar.salade@barsaladeresort.com.bj,barsaladeresortdassazoumè.bj,PME (10-50),B2C,Facebook Pages,,Actif,2026-06-29T00:22:54.924225,haute
BJ-ECBA962E,Auberge Chocolaterie,Restauration & Hôtellerie,Dassa-Zoumè,+229 43 38 94 54,auberge.chocolaterie@aubergechocolat.bj,aubergechocolaterie.bj,TPE (<10),B2C,Facebook Pages,,Actif,2026-06-29T00:22:54.924242,haute
BJ-23BD884B,Village Resort,Restauration & Hôtellerie,Dassa-Zoumè,+229 34 97 43 57,,,Grande (>200),B2C,Facebook Pages,,Actif,2026-06-29T00:22:54.924252,basse
BJ-ED57A3B7,Pub International Savalou,Restauration & Hôtellerie,Savalou,+229 66 40 80 88,pub.international@yahoo.fr,pubinternationalsavalou.bj,PME (10-50),B2C,Facebook Pages,,Actif,2026-06-29T00:22:54.924274,haute
BJ-DC6B8FD0,Brasserie Royal Bénin Savalou,Restauration & Hôtellerie,Savalou,+229 51 15 11 71,,brasserieroyalbéninsavalou.bj,PME (50-200),B2C,Facebook Pages,,Actif,2026-06-29T00:22:54.924301,moyenne
BJ-CD779C63,Mer International,Restauration & Hôtellerie,Savalou,+229 57 61 78 23,mer.international@yahoo.fr,merinternational.bj,PME (50-200),B2C,Facebook Pages,,Actif,2026-06-29T00:22:54.924318,haute
BJ-7919080C,Tacos,Restauration & Hôtellerie,Savalou,+229 82 39 39 70,tacos@tacos.com.bj,,PME (50-200),B2C,Facebook Pages,,Actif,2026-06-29T00:22:54.924331,moyenne
BJ-5CBFBB14,Tacos,Restauration & Hôtellerie,Bantè,+229 53 90 99 78,tacos@hotmail.com,tacos.bj,PME (10-50),B2C,Facebook Pages,,Actif,2026-06-29T00:22:54.924351,haute
BJ-6A1C936A,Délice Café,Restauration & Hôtellerie,Bantè,+229 23 78 15 42,délicecafé@délicecafé.bj,délicecafé.bj,TPE (<10),B2C,Facebook Pages,,Actif,2026-06-29T00:22:54.924371,haute
BJ-F55BE882,Tacos Village,Restauration & Hôtellerie,Bantè,+229 25 10 67 46,tacos.village@outlook.com,tacosvillage.bj,TPE (<10),B2C,Facebook Pages,,Actif,2026-06-29T00:22:54.924389,haute
BJ-16C92235,Cantine Sushi Palace,Restauration & Hôtellerie,Bantè,+229 27 93 67 19,cantine.sushi@hotmail.com,cantinesushipalace.bj,PME (10-50),B2C,Facebook Pages,,Actif,2026-06-29T00:22:54.924404,haute
BJ-91918E73,Pension Détente,Restauration & Hôtellerie,Bantè,+229 85 20 60 21,,pensiondétente.bj,PME (10-50),B2C,Facebook Pages,,Actif,2026-06-29T00:22:54.924416,moyenne
BJ-A1B9C425,Tradition Lodge,Restauration & Hôtellerie,Djougou,+229 34 26 86 55,tradition.lodge@traditionlodge.org.bj,traditionlodge.bj,Grande (>200),B2C,Facebook Pages,,Actif,2026-06-29T00:22:54.924437,haute
BJ-D5985E73,Snack Lounge Café,Restauration & Hôtellerie,Djougou,+229 87 68 52 82,s.lounge@snackloungecafé.org.bj,snackloungecafé.bj,TPE (<10),B2C,Facebook Pages,,Actif,2026-06-29T00:22:54.924472,haute
BJ-669685A8,Discothèque Palace,Restauration & Hôtellerie,Djougou,+229 98 87 96 37,discothèque.palace@discothèquepala.org.bj,,PME (50-200),B2C,Facebook Pages,,Actif,2026-06-29T00:22:54.924488,moyenne
BJ-5E19B752,Auberge Glacier Restaurant Djougou,Restauration & Hôtellerie,Djougou,+229 82 58 46 93,a.glacier@aubergeglacierr.org.bj,aubergeglacierrestaurantdjougou.bj,Grande (>200),B2C,Facebook Pages,,Actif,2026-06-29T00:22:54.924519,haute
BJ-47AF6950,Tradition Palace,Restauration & Hôtellerie,Djougou,+229 20 76 68 52,,traditionpalace.bj,PME (50-200),B2C,Facebook Pages,,Actif,2026-06-29T00:22:54.924530,moyenne
BJ-9C2E5580,Palace,Restauration & Hôtellerie,Ouèssè,+229 72 66 11 37,palace@palace.com.bj,palace.bj,TPE (<10),B2C,Facebook Pages,,Actif,2026-06-29T00:22:54.924549,haute
BJ-762F8796,Détente Café,Restauration & Hôtellerie,Ouèssè,+229 56 48 67 45,détente_café@détentecafé.bj,détentecafé.bj,PME (10-50),B2C,Facebook Pages,,Actif,2026-06-29T00:22:54.924565,haute
BJ-05C43D5B,Traiteur Bistro Resort,Restauration & Hôtellerie,Ouèssè,+229 69 70 63 27,,traiteurbistroresort.bj,Grande (>200),B2C,Facebook Pages,,Actif,2026-06-29T00:22:54.924580,moyenne
BJ-F75BDC9C,Continental Village Ouèssè,Restauration & Hôtellerie,Ouèssè,+229 97 44 95 15,continental.village@hotmail.com,continentalvillageouèssè.bj,TPE (<10),B2C,Facebook Pages,,Actif,2026-06-29T00:22:54.924599,haute
BJ-9D158312,Nouveau,Restauration & Hôtellerie,Ouèssè,+229 79 42 14 93,nouveau@nouveau.com.bj,nouveau.bj,TPE (<10),B2C,Facebook Pages,,Actif,2026-06-29T00:22:54.924613,haute
BJ-DC36A555,Bistro,Restauration & Hôtellerie,Bassila,+229 83 93 70 13,,bistro.bj,PME (10-50),B2C,Facebook Pages,,Actif,2026-06-29T00:22:54.924630,moyenne
BJ-7EC10E32,Pension Pâtisserie,Restauration & Hôtellerie,Bassila,+229 46 41 54 17,pension.pâtisserie@pensionpâtisser.com.bj,,TPE (<10),B2C,Facebook Pages,,Actif,2026-06-29T00:22:54.924647,moyenne
BJ-7431BDC8,Saveurs Brasserie,Restauration & Hôtellerie,Bassila,+229 52 57 11 93,saveurs.brasserie@saveursbrasseri.org.bj,saveursbrasserie.bj,TPE (<10),B2C,Facebook Pages,,Actif,2026-06-29T00:22:54.924687,haute
BJ-26E78263,Pension Tradition,Restauration & Hôtellerie,Bassila,+229 46 90 31 23,pension.tradition@pensiontraditio.org.bj,pensiontradition.bj,PME (50-200),B2C,Facebook Pages,,Actif,2026-06-29T00:22:54.924735,haute
BJ-BA69CEDB,Snack Boulangerie Spa,Restauration & Hôtellerie,Bassila,+229 48 17 99 36,s.boulangerie@snackboulangeri.bj,,Grande (>200),B2C,Facebook Pages,,Actif,2026-06-29T00:22:54.924772,moyenne
BJ-3206E10C,Pâtisserie Village Pehunco,Restauration & Hôtellerie,Pehunco,+229 38 53 47 76,,pâtisserievillagepehunco.bj,PME (10-50),B2C,Facebook Pages,,Actif,2026-06-29T00:22:54.924812,moyenne
BJ-AF4907E7,Auberge Fusion,Restauration & Hôtellerie,Pehunco,+229 27 16 98 34,auberge.fusion@aubergefusion.org.bj,,PME (10-50),B2C,Facebook Pages,,Actif,2026-06-29T00:22:54.924843,moyenne
BJ-2838BF8E,Pâtisserie Pehunco,Restauration & Hôtellerie,Pehunco,+229 34 58 88 77,,pâtisseriepehunco.bj,TPE (<10),B2C,Facebook Pages,,Actif,2026-06-29T00:22:54.924870,moyenne
BJ-B9C8857B,Pub Spa Pehunco,Restauration & Hôtellerie,Pehunco,+229 57 14 30 17,pubspa@pubspapehunco.org.bj,,TPE (<10),B2C,Facebook Pages,,Actif,2026-06-29T00:22:54.924917,moyenne
BJ-A7B24410,Restaurant Fusion,Restauration & Hôtellerie,Pehunco,+229 90 40 83 28,,restaurantfusion.bj,PME (10-50),B2C,Facebook Pages,,Actif,2026-06-29T00:22:54.924973,moyenne
BJ-DBCB85D4,Tradition,Restauration & Hôtellerie,Copargo,+229 72 30 19 24,tradition@tradition.com.bj,,PME (50-200),B2C,Facebook Pages,,Actif,2026-06-29T00:22:54.925011,moyenne
BJ-89C2CC2D,Fast Nouveau,Restauration & Hôtellerie,Copargo,+229 57 51 99 92,fast.nouveau@fastnouveau.org.bj,fastnouveau.bj,TPE (<10),B2C,Facebook Pages,,Actif,2026-06-29T00:22:54.925042,haute
BJ-0BF09E33,Cantine Authentique Palace,Restauration & Hôtellerie,Copargo,+229 94 38 62 52,cantineauthentique@cantineauthenti.bj,,TPE (<10),B2C,Facebook Pages,,Actif,2026-06-29T00:22:54.925078,moyenne
BJ-BA12AF11,Plage,Restauration & Hôtellerie,Copargo,+229 84 72 90 13,,plage.bj,TPE (<10),B2C,Facebook Pages,,Actif,2026-06-29T00:22:54.925105,moyenne
BJ-0A5A6734,Lounge International,Restauration & Hôtellerie,Copargo,+229 55 28 79 11,loungeinternational@gmail.com,,PME (50-200),B2C,Facebook Pages,,Actif,2026-06-29T00:22:54.925137,moyenne
BJ-931CCFC6,Centre Radiologie,Santé & Pharmacie,Cotonou,+229 59 33 69 87,centreradiologie@gmail.com,,TPE (<10),B2C,Facebook Pages,,Actif,2026-06-29T00:22:54.925183,moyenne
BJ-17A3798E,Acupuncture Clinique Cotonou,Santé & Pharmacie,Cotonou,+229 98 18 50 58,acupunctureclinique@yahoo.fr,,PME (10-50),B2C,Facebook Pages,,Actif,2026-06-29T00:22:54.925216,moyenne
BJ-CE0F741F,Acupuncture,Santé & Pharmacie,Cotonou,+229 53 29 51 19,acupuncture@yahoo.fr,acupuncture.bj,PME (10-50),B2B,Facebook Pages,,Actif,2026-06-29T00:22:54.925247,haute
BJ-718BB646,Pharmacie Acupuncture,Santé & Pharmacie,Cotonou,+229 37 81 48 19,,,PME (10-50),B2B,Facebook Pages,,Actif,2026-06-29T00:22:54.925270,basse
BJ-3399BA72,Acupuncture Cabinet,Santé & Pharmacie,Cotonou,+229 45 84 18 77,a.cabinet@acupuncturecabi.com.bj,acupuncturecabinet.bj,PME (10-50),B2B,Facebook Pages,,Actif,2026-06-29T00:22:54.925302,haute
BJ-6C7EEA8F,Maternité,Santé & Pharmacie,Abomey-Calavi,+229 87 97 37 73,maternité@maternité.org.bj,maternité.bj,PME (50-200),B2C,Facebook Pages,,Actif,2026-06-29T00:22:54.925368,haute
BJ-594145EC,Analyses Abomey-Calavi,Santé & Pharmacie,Abomey-Calavi,+229 40 22 19 48,analysesabomey@yahoo.fr,analysesabomeycalavi.bj,TPE (<10),B2C,Facebook Pages,,Actif,2026-06-29T00:22:54.925397,haute
BJ-81FA7482,Pédiatrique Clinique,Santé & Pharmacie,Abomey-Calavi,+229 20 89 71 38,pédiatriqueclinique@pédiatriqueclin.com.bj,,TPE (<10),B2C,Facebook Pages,,Actif,2026-06-29T00:22:54.925426,moyenne
BJ-F1BD813F,Hôpital Kinésithérapie,Santé & Pharmacie,Abomey-Calavi,+229 58 28 62 43,h.kinésithérapie@hôpitalkinésith.com.bj,,TPE (<10),B2B,Facebook Pages,,Actif,2026-06-29T00:22:54.925455,moyenne
BJ-6B36CC4F,Dispensaire Pédiatrie International,Santé & Pharmacie,Abomey-Calavi,+229 79 81 24 92,d.pédiatrie@dispensairepédi.com.bj,dispensairepédiatrieinternational.bj,PME (50-200),B2B,Facebook Pages,,Actif,2026-06-29T00:22:54.925492,haute
BJ-8BD89119,Sanatorium Maternité Porto-Novo,Santé & Pharmacie,Porto-Novo,+229 22 79 92 54,s.maternité@sanatoriummater.com.bj,sanatoriummaternitéportonovo.bj,PME (50-200),B2C,Facebook Pages,,Actif,2026-06-29T00:22:54.925542,haute
BJ-D78BCC20,Sanatorium Sainte Pharmacie,Santé & Pharmacie,Porto-Novo,+229 73 66 34 44,s.sainte@gmail.com,sanatoriumsaintepharmacie.bj,TPE (<10),B2B,Facebook Pages,,Actif,2026-06-29T00:22:54.925568,haute
BJ-D443381E,Cabinet Rééducation Hôpital Porto-Novo,Santé & Pharmacie,Porto-Novo,+229 85 24 73 55,cabinet.rééducation@yahoo.com,cabinetrééducationhôpitalportonovo.bj,TPE (<10),B2B,Facebook Pages,,Actif,2026-06-29T00:22:54.925631,haute
BJ-FE0452E6,Pharma,Santé & Pharmacie,Porto-Novo,+229 62 26 75 77,pharma@outlook.com,pharma.bj,TPE (<10),B2C,Facebook Pages,,Actif,2026-06-29T00:22:54.925657,haute
BJ-928622F6,Soins Parakou,Santé & Pharmacie,Parakou,+229 88 37 79 48,,soinsparakou.bj,PME (50-200),B2C,Facebook Pages,,Actif,2026-06-29T00:22:54.925701,moyenne
BJ-7626C9F3,Nouveau,Santé & Pharmacie,Parakou,+229 42 16 70 49,nouveau@nouveau.com.bj,nouveau.bj,PME (10-50),B2B,Facebook Pages,,Actif,2026-06-29T00:22:54.925732,haute
BJ-FDC3AA56,Hôpital Dermatologie Bénin,Santé & Pharmacie,Parakou,+229 79 95 14 43,,hôpitaldermatologiebénin.bj,PME (10-50),B2B,Facebook Pages,,Actif,2026-06-29T00:22:54.925778,moyenne
BJ-A6EB9D48,Radiologie Care,Santé & Pharmacie,Parakou,+229 29 98 25 17,radiologie.care@radiologiecare.com.bj,,TPE (<10),B2B,Facebook Pages,,Actif,2026-06-29T00:22:54.925803,moyenne
BJ-662CB0BD,Laboratoire Bien-être Pharmacie,Santé & Pharmacie,Bohicon,+229 39 12 32 18,l.bien@gmail.com,laboratoirebienêtrepharmacie.bj,TPE (<10),B2C,Facebook Pages,,Actif,2026-06-29T00:22:54.925900,haute
BJ-25AA107D,Dentaire,Santé & Pharmacie,Bohicon,+229 84 14 73 24,dentaire@dentaire.org.bj,dentaire.bj,TPE (<10),B2B,Facebook Pages,,Actif,2026-06-29T00:22:54.925932,haute
BJ-E8037E01,Rééducation,Santé & Pharmacie,Bohicon,+229 37 40 40 82,rééducation@outlook.com,,PME (10-50),B2B,Facebook Pages,,Actif,2026-06-29T00:22:54.925965,moyenne
BJ-A0E225D2,Clinique Central,Santé & Pharmacie,Bohicon,+229 68 28 78 79,,cliniquecentral.bj,PME (10-50),B2C,Facebook Pages,,Actif,2026-06-29T00:22:54.925986,moyenne
BJ-7E4D6722,Médical Care,Santé & Pharmacie,Bohicon,+229 75 93 36 39,médical_care@outlook.com,médicalcare.bj,TPE (<10),B2C,Facebook Pages,,Actif,2026-06-29T00:22:54.926027,haute
BJ-663DCCF0,Dispensaire Radiologie International Natitingou,Santé & Pharmacie,Natitingou,+229 98 70 70 91,dispensaire_radiologie@hotmail.com,dispensaireradiologieinternationalnatitingou.bj,PME (10-50),B2B,Facebook Pages,,Actif,2026-06-29T00:22:54.926096,haute
BJ-4F087937,Centre Urgence Care Natitingou,Santé & Pharmacie,Natitingou,+229 90 81 44 38,centreurgence@yahoo.com,,TPE (<10),B2C,Facebook Pages,,Actif,2026-06-29T00:22:54.926128,moyenne
BJ-37385FB0,Urgence Care,Santé & Pharmacie,Natitingou,+229 25 60 74 40,urgencecare@yahoo.com,urgencecare.bj,PME (10-50),B2B,Facebook Pages,,Actif,2026-06-29T00:22:54.926162,haute
BJ-F56198B7,Laboratoire Orthodontie Cabinet Natitingou,Santé & Pharmacie,Natitingou,+229 85 36 71 84,,laboratoireorthodontiecabinetnatitingou.bj,TPE (<10),B2B,Facebook Pages,,Actif,2026-06-29T00:22:54.926183,moyenne
BJ-5CE09D8E,Acupuncture,Santé & Pharmacie,Natitingou,+229 90 73 88 89,acupuncture@acupuncture.bj,acupuncture.bj,Grande (>200),B2B,Facebook Pages,,Actif,2026-06-29T00:22:54.926221,haute
BJ-CD9C9058,Gynécologie Health Lokossa,Santé & Pharmacie,Lokossa,+229 82 12 85 62,gynécologiehealth@hotmail.com,,PME (50-200),B2C,Facebook Pages,,Actif,2026-06-29T00:22:54.926273,moyenne
BJ-FA430AF5,Dispensaire Rééducation,Santé & Pharmacie,Lokossa,+229 45 24 86 14,dispensairerééducation@dispensairerééd.bj,,TPE (<10),B2B,Facebook Pages,,Actif,2026-06-29T00:22:54.926317,moyenne
BJ-05372154,Rééducation,Santé & Pharmacie,Lokossa,+229 32 23 95 16,rééducation@yahoo.fr,rééducation.bj,PME (10-50),B2B,Facebook Pages,,Actif,2026-06-29T00:22:54.926360,haute
BJ-9F25CA4B,Maternité,Santé & Pharmacie,Lokossa,+229 56 24 23 43,maternité@yahoo.com,maternité.bj,Grande (>200),B2B,Facebook Pages,,Actif,2026-06-29T00:22:54.926391,haute
BJ-3D4BA8CA,Laboratoire Soins Centre,Santé & Pharmacie,Lokossa,+229 25 37 11 19,laboratoiresoins@hotmail.com,laboratoiresoinscentre.bj,PME (50-200),B2C,Facebook Pages,,Actif,2026-06-29T00:22:54.926425,haute
BJ-37F6D7C0,Pharmacie Médecine Bénin,Santé & Pharmacie,Ouidah,+229 65 89 12 33,p.médecine@yahoo.com,pharmaciemédecinebénin.bj,PME (50-200),B2B,Facebook Pages,,Actif,2026-06-29T00:22:54.926460,haute
BJ-557ADB23,Clinique Gériatrique,Santé & Pharmacie,Ouidah,+229 91 97 50 24,clinique.gériatrique@hotmail.com,,TPE (<10),B2C,Facebook Pages,,Actif,2026-06-29T00:22:54.926479,moyenne
BJ-BA281F31,Cabinet Médecine,Santé & Pharmacie,Ouidah,+229 95 50 73 94,cabinet.médecine@cabinetmédecine.org.bj,cabinetmédecine.bj,TPE (<10),B2B,Facebook Pages,,Actif,2026-06-29T00:22:54.926499,haute
BJ-5C693EE9,Centre Orthodontie Bénin,Santé & Pharmacie,Ouidah,+229 63 79 52 43,centreorthodontie@gmail.com,centreorthodontiebénin.bj,TPE (<10),B2C,Facebook Pages,,Actif,2026-06-29T00:22:54.926518,haute
BJ-F479B499,Médicament,Santé & Pharmacie,Ouidah,+229 27 84 86 12,médicament@médicament.com.bj,médicament.bj,TPE (<10),B2B,Facebook Pages,,Actif,2026-06-29T00:22:54.926533,haute
BJ-A91B428C,Cabinet Orthodontie Savalou,Santé & Pharmacie,Savalou,+229 27 90 93 56,cabinet.orthodontie@cabinetorthodon.bj,cabinetorthodontiesavalou.bj,TPE (<10),B2C,Facebook Pages,,Actif,2026-06-29T00:22:54.926559,haute
BJ-1AF4ED76,Polyclinique Acupuncture Pharmacie,Santé & Pharmacie,Savalou,+229 78 74 33 56,polyclinique.acupuncture@polycliniqueacu.bj,,PME (10-50),B2C,Facebook Pages,,Actif,2026-06-29T00:22:54.926577,moyenne
BJ-055B6F7F,Laboratoire Gynécologie,Santé & Pharmacie,Savalou,+229 53 35 25 68,laboratoiregynécologie@laboratoiregyné.org.bj,laboratoiregynécologie.bj,PME (50-200),B2B,Facebook Pages,,Actif,2026-06-29T00:22:54.926600,haute
BJ-69C5842E,Dispensaire Diététique,Santé & Pharmacie,Savalou,+229 99 95 72 57,dispensaire.diététique@dispensairediét.com.bj,dispensairediététique.bj,Grande (>200),B2C,Facebook Pages,,Actif,2026-06-29T00:22:54.926619,haute
BJ-CC596F2C,Cabinet Pédiatrie Dassa-Zoumè,Santé & Pharmacie,Dassa-Zoumè,+229 57 93 29 20,,,PME (50-200),B2C,Facebook Pages,,Actif,2026-06-29T00:22:54.926664,basse
BJ-C02C278A,Vie Cabinet,Santé & Pharmacie,Dassa-Zoumè,+229 35 55 86 50,,,PME (10-50),B2B,Facebook Pages,,Actif,2026-06-29T00:22:54.926679,basse
BJ-5F564395,Polyclinique Pharma Dassa-Zoumè,Santé & Pharmacie,Dassa-Zoumè,+229 77 27 49 92,polycliniquepharma@outlook.com,,TPE (<10),B2B,Facebook Pages,,Actif,2026-06-29T00:22:54.926697,moyenne
BJ-913BCE76,Clinique Sainte Dassa-Zoumè,Santé & Pharmacie,Dassa-Zoumè,+229 66 47 67 18,cliniquesainte@cliniquesainted.com.bj,,TPE (<10),B2B,Facebook Pages,,Actif,2026-06-29T00:22:54.926720,moyenne
BJ-0A9BCE33,Urgence Care,Santé & Pharmacie,Dassa-Zoumè,+229 53 31 34 84,urgence.care@urgencecare.com.bj,urgencecare.bj,Grande (>200),B2C,Facebook Pages,,Actif,2026-06-29T00:22:54.926738,haute
BJ-D7BAE4ED,Dispensaire Emergency Medical,Santé & Pharmacie,Kétou,+229 24 19 40 32,,dispensaireemergencymedical.bj,Grande (>200),B2B,Facebook Pages,,Actif,2026-06-29T00:22:54.926763,moyenne
BJ-CAD71D2E,Centre Central Pharmacie,Santé & Pharmacie,Kétou,+229 56 57 96 31,centre.central@centrecentralph.org.bj,centrecentralpharmacie.bj,TPE (<10),B2C,Facebook Pages,,Actif,2026-06-29T00:22:54.926782,haute
BJ-660920E3,Laboratoire Gériatrique,Santé & Pharmacie,Kétou,+229 36 26 95 24,laboratoire.gériatrique@yahoo.fr,,PME (10-50),B2B,Facebook Pages,,Actif,2026-06-29T00:22:54.926809,moyenne
BJ-A7F4D7F9,Ophtalmologie International,Santé & Pharmacie,Kétou,+229 33 82 67 50,ophtalmologieinternational@outlook.com,,TPE (<10),B2C,Facebook Pages,,Actif,2026-06-29T00:22:54.926828,moyenne
BJ-ED52323C,Centre Central Health,Santé & Pharmacie,Kétou,+229 79 38 97 48,centre.central@yahoo.com,,TPE (<10),B2C,Facebook Pages,,Actif,2026-06-29T00:22:54.926843,moyenne
BJ-56C117F2,Gériatrique,Santé & Pharmacie,Covè,+229 22 47 96 73,gériatrique@gériatrique.bj,,TPE (<10),B2B,Facebook Pages,,Actif,2026-06-29T00:22:54.926866,moyenne
BJ-CF62226F,Laboratoire Gériatrique Plus,Santé & Pharmacie,Covè,+229 57 53 47 28,,laboratoiregériatriqueplus.bj,TPE (<10),B2C,Facebook Pages,,Actif,2026-06-29T00:22:54.926880,moyenne
BJ-3BE2A719,Soins Bénin,Santé & Pharmacie,Covè,+229 78 57 81 37,soinsbénin@yahoo.com,soinsbénin.bj,PME (10-50),B2C,Facebook Pages,,Actif,2026-06-29T00:22:54.926922,haute
BJ-DFE6D8EB,Nouveau Centre Covè,Santé & Pharmacie,Covè,+229 92 57 13 76,nouveaucentre@yahoo.fr,,TPE (<10),B2B,Facebook Pages,,Actif,2026-06-29T00:22:54.926966,moyenne
BJ-73344F43,Cabinet Royal Care,Santé & Pharmacie,Pobè,+229 34 31 51 60,cabinetroyal@cabinetroyalcar.bj,,PME (50-200),B2B,Facebook Pages,,Actif,2026-06-29T00:22:54.926990,moyenne
BJ-A90BC179,Diététique Cabinet Pobè,Santé & Pharmacie,Pobè,+229 20 74 92 80,d.cabinet@yahoo.fr,diététiquecabinetpobè.bj,TPE (<10),B2C,Facebook Pages,,Actif,2026-06-29T00:22:54.927008,haute
BJ-7A369E10,Saint Plus,Santé & Pharmacie,Pobè,+229 62 90 37 53,saint.plus@yahoo.fr,saintplus.bj,PME (50-200),B2B,Facebook Pages,,Actif,2026-06-29T00:22:54.927030,haute
BJ-176502F3,Hôpital Dentaire Plus,Santé & Pharmacie,Pobè,+229 68 25 23 83,,hôpitaldentaireplus.bj,PME (50-200),B2C,Facebook Pages,,Actif,2026-06-29T00:22:54.927045,moyenne
BJ-DB444DAF,Soins Pharmacie,Santé & Pharmacie,Pobè,+229 21 61 21 51,soins.pharmacie@soinspharmacie.com.bj,soinspharmacie.bj,Grande (>200),B2B,Facebook Pages,,Actif,2026-06-29T00:22:54.927066,haute
BJ-A3442C47,Diététique,Santé & Pharmacie,Sakété,+229 73 90 88 73,diététique@diététique.org.bj,,TPE (<10),B2C,Facebook Pages,,Actif,2026-06-29T00:22:54.927100,moyenne
BJ-517E4389,Emergency Pharmacie Sakété,Santé & Pharmacie,Sakété,+229 82 23 37 76,emergency_pharmacie@emergencypharma.org.bj,emergencypharmaciesakété.bj,PME (10-50),B2C,Facebook Pages,,Actif,2026-06-29T00:22:54.927118,haute
BJ-C392CB01,Orthodontie,Santé & Pharmacie,Sakété,+229 47 12 62 87,orthodontie@yahoo.fr,orthodontie.bj,PME (10-50),B2C,Facebook Pages,,Actif,2026-06-29T00:22:54.927133,haute
BJ-DFFA6633,Hôpital Imagerie Care,Santé & Pharmacie,Sakété,+229 85 33 64 63,hôpitalimagerie@hôpitalimagerie.org.bj,hôpitalimageriecare.bj,TPE (<10),B2C,Facebook Pages,,Actif,2026-06-29T00:22:54.927150,haute
BJ-24B6AF36,Pharmacie Gynécologie,Santé & Pharmacie,Adjara,+229 95 70 10 32,pharmaciegynécologie@gmail.com,pharmaciegynécologie.bj,PME (10-50),B2C,Facebook Pages,,Actif,2026-06-29T00:22:54.927182,haute
BJ-14675963,Laboratoire Dermatologie,Santé & Pharmacie,Adjara,+229 59 79 87 46,laboratoiredermatologie@yahoo.com,,PME (10-50),B2C,Facebook Pages,,Actif,2026-06-29T00:22:54.927200,moyenne
BJ-10D65EEB,Dispensaire Santé Medical,Santé & Pharmacie,Adjara,+229 82 53 48 49,dispensairesanté@dispensairesant.org.bj,dispensairesantémedical.bj,TPE (<10),B2C,Facebook Pages,,Actif,2026-06-29T00:22:54.927229,haute
BJ-5C0CE6DC,Laboratoire Médical,Santé & Pharmacie,Adjara,+229 99 78 94 34,laboratoire.médical@gmail.com,laboratoiremédical.bj,PME (50-200),B2B,Facebook Pages,,Actif,2026-06-29T00:22:54.927264,haute
BJ-917B25F5,Hôpital Acupuncture,Santé & Pharmacie,Adjara,+229 71 61 24 48,hôpital.acupuncture@yahoo.com,hôpitalacupuncture.bj,TPE (<10),B2B,Facebook Pages,,Actif,2026-06-29T00:22:54.927282,haute
BJ-EE34ED6E,Médical Clinique,Santé & Pharmacie,Allada,+229 39 18 44 19,médicalclinique@hotmail.com,médicalclinique.bj,PME (50-200),B2C,Facebook Pages,,Actif,2026-06-29T00:22:54.927309,haute
BJ-91C89F1E,Médecine Allada,Santé & Pharmacie,Allada,+229 35 16 60 68,médecine.allada@médecineallada.org.bj,,Grande (>200),B2C,Facebook Pages,,Actif,2026-06-29T00:22:54.927327,moyenne
BJ-8097A958,Polyclinique Ostéopathie Pharmacie,Santé & Pharmacie,Allada,+229 55 29 25 33,polyclinique.ostéopathie@polycliniqueost.com.bj,,TPE (<10),B2B,Facebook Pages,,Actif,2026-06-29T00:22:54.927345,moyenne
BJ-3B7D4297,Sainte Plus,Santé & Pharmacie,Allada,+229 96 27 55 72,sainte.plus@sainteplus.org.bj,sainteplus.bj,PME (50-200),B2C,Facebook Pages,,Actif,2026-06-29T00:22:54.927362,haute
BJ-CAF4A77E,Clinique Guérison Bénin,Santé & Pharmacie,Allada,+229 70 57 62 57,cliniqueguérison@hotmail.com,cliniqueguérisonbénin.bj,PME (50-200),B2C,Facebook Pages,,Actif,2026-06-29T00:22:54.927380,haute
BJ-69B63D89,Dispensaire Pédiatrique,Santé & Pharmacie,Aplahoué,+229 65 86 40 31,dispensaire.pédiatrique@gmail.com,dispensairepédiatrique.bj,PME (50-200),B2C,Facebook Pages,,Actif,2026-06-29T00:22:54.927405,haute
BJ-967CFE7E,Cabinet Analyses Health,Santé & Pharmacie,Aplahoué,+229 32 56 97 66,c.analyses@hotmail.com,,TPE (<10),B2B,Facebook Pages,,Actif,2026-06-29T00:22:54.927421,moyenne
BJ-80BFD495,Nutrition Medical,Santé & Pharmacie,Aplahoué,+229 85 59 94 51,nutrition.medical@yahoo.fr,nutritionmedical.bj,PME (10-50),B2B,Facebook Pages,,Actif,2026-06-29T00:22:54.927446,haute
BJ-0CF4D7BC,Clinique Dermatologie,Santé & Pharmacie,Aplahoué,+229 63 81 22 30,clinique.dermatologie@cliniquedermato.com.bj,cliniquedermatologie.bj,PME (50-200),B2B,Facebook Pages,,Actif,2026-06-29T00:22:54.927463,haute
BJ-6C0B04B2,Sanatorium Soins,Santé & Pharmacie,Aplahoué,+229 39 31 98 97,sanatorium_soins@sanatoriumsoins.bj,sanatoriumsoins.bj,PME (10-50),B2C,Facebook Pages,,Actif,2026-06-29T00:22:54.927479,haute
BJ-8246A096,Nutrition,Santé & Pharmacie,Dogbo-Tota,+229 93 98 17 70,nutrition@nutrition.org.bj,nutrition.bj,TPE (<10),B2C,Facebook Pages,,Actif,2026-06-29T00:22:54.927500,haute
BJ-41C1955E,Rééducation,Santé & Pharmacie,Dogbo-Tota,+229 42 48 72 83,rééducation@outlook.com,rééducation.bj,PME (50-200),B2C,Facebook Pages,,Actif,2026-06-29T00:22:54.927515,haute
BJ-F9C9E111,Pharmacie Santé,Santé & Pharmacie,Dogbo-Tota,+229 33 27 57 49,pharmaciesanté@yahoo.com,pharmaciesanté.bj,PME (10-50),B2C,Facebook Pages,,Actif,2026-06-29T00:22:54.927531,haute
BJ-3FDD4863,Laboratoire Médical Care Dogbo-Tota,Santé & Pharmacie,Dogbo-Tota,+229 71 35 37 39,,laboratoiremédicalcaredogbotota.bj,PME (10-50),B2C,Facebook Pages,,Actif,2026-06-29T00:22:54.927545,moyenne
BJ-16E3E6CF,Dispensaire Diététique Dogbo-Tota,Santé & Pharmacie,Dogbo-Tota,+229 69 26 19 48,dispensairediététique@dispensairediét.bj,,TPE (<10),B2B,Facebook Pages,,Actif,2026-06-29T00:22:54.927563,moyenne
BJ-10523907,Chirurgie,Santé & Pharmacie,Kpomassè,+229 38 30 53 69,chirurgie@outlook.com,chirurgie.bj,TPE (<10),B2B,Facebook Pages,,Actif,2026-06-29T00:22:54.927584,haute
BJ-8CA62BBC,Dermatologie,Santé & Pharmacie,Kpomassè,+229 94 73 22 97,dermatologie@gmail.com,dermatologie.bj,Grande (>200),B2B,Facebook Pages,,Actif,2026-06-29T00:22:54.927598,haute
BJ-D0A43EE1,Sanatorium Pharma International,Santé & Pharmacie,Kpomassè,+229 52 84 74 62,s.pharma@gmail.com,,PME (50-200),B2B,Facebook Pages,,Actif,2026-06-29T00:22:54.927618,moyenne
BJ-EFDFFD78,Laboratoire Analyses,Santé & Pharmacie,Kpomassè,+229 95 42 15 95,laboratoire.analyses@laboratoireanal.com.bj,laboratoireanalyses.bj,TPE (<10),B2C,Facebook Pages,,Actif,2026-06-29T00:22:54.927636,haute
BJ-5333701A,Sanatorium Ostéopathie Bénin,Santé & Pharmacie,Kpomassè,+229 88 68 24 39,sanatoriumostéopathie@sanatoriumostéo.bj,sanatoriumostéopathiebénin.bj,PME (50-200),B2C,Facebook Pages,,Actif,2026-06-29T00:22:54.927658,haute
BJ-F323C3C0,Clinique Rééducation,Santé & Pharmacie,Tori-Bossito,+229 53 86 76 84,clinique.rééducation@cliniquerééduca.com.bj,,Grande (>200),B2B,Facebook Pages,,Actif,2026-06-29T00:22:54.927696,moyenne
BJ-C898A942,Pharmacie Pharma,Santé & Pharmacie,Tori-Bossito,+229 55 30 49 57,pharmacie.pharma@gmail.com,pharmaciepharma.bj,TPE (<10),B2C,Facebook Pages,,Actif,2026-06-29T00:22:54.927715,haute
BJ-60BE9EBB,Clinique Imagerie,Santé & Pharmacie,Tori-Bossito,+229 50 77 31 58,c.imagerie@hotmail.com,,PME (50-200),B2C,Facebook Pages,,Actif,2026-06-29T00:22:54.927731,moyenne
BJ-A272115D,Acupuncture,Santé & Pharmacie,Tori-Bossito,+229 48 30 65 47,acupuncture@acupuncture.bj,,Grande (>200),B2B,Facebook Pages,,Actif,2026-06-29T00:22:54.927745,moyenne
BJ-ABAD9CB5,Polyclinique Emergency,Santé & Pharmacie,Grand-Popo,+229 96 26 68 25,polyclinique_emergency@outlook.com,polycliniqueemergency.bj,TPE (<10),B2C,Facebook Pages,,Actif,2026-06-29T00:22:54.927768,haute
BJ-089C2E99,Sainte International,Santé & Pharmacie,Grand-Popo,+229 93 81 91 27,s.international@sainteinternati.com.bj,sainteinternational.bj,PME (50-200),B2B,Facebook Pages,,Actif,2026-06-29T00:22:54.927785,haute
BJ-8582FF30,Hôpital Royal Medical,Santé & Pharmacie,Grand-Popo,+229 82 52 17 60,hôpitalroyal@gmail.com,hôpitalroyalmedical.bj,TPE (<10),B2B,Facebook Pages,,Actif,2026-06-29T00:22:54.927807,haute
BJ-99751267,Gynécologie,Santé & Pharmacie,Grand-Popo,+229 31 84 85 37,gynécologie@yahoo.fr,,TPE (<10),B2C,Facebook Pages,,Actif,2026-06-29T00:22:54.927821,moyenne
BJ-92BC21CF,Pharmacie Central,Santé & Pharmacie,Grand-Popo,+229 95 50 68 50,pharmaciecentral@outlook.com,pharmaciecentral.bj,TPE (<10),B2B,Facebook Pages,,Actif,2026-06-29T00:22:54.927837,haute
BJ-035D933F,Polyclinique Orthodontie,Santé & Pharmacie,Athiémé,+229 92 87 93 83,polyclinique.orthodontie@polycliniqueort.bj,polycliniqueorthodontie.bj,PME (10-50),B2B,Facebook Pages,,Actif,2026-06-29T00:22:54.927861,haute
BJ-E94332C0,Ostéopathie Medical,Santé & Pharmacie,Athiémé,+229 94 80 71 49,ostéopathiemedical@yahoo.fr,,PME (10-50),B2C,Facebook Pages,,Actif,2026-06-29T00:22:54.927877,moyenne
BJ-1457947F,Urgence Medical,Santé & Pharmacie,Athiémé,+229 88 72 10 74,urgence.medical@urgencemedical.org.bj,urgencemedical.bj,PME (10-50),B2C,Facebook Pages,,Actif,2026-06-29T00:22:54.927920,haute
BJ-631A181C,Dermatologie Athiémé,Santé & Pharmacie,Athiémé,+229 58 56 75 37,,dermatologieathiémé.bj,PME (10-50),B2B,Facebook Pages,,Actif,2026-06-29T00:22:54.927939,moyenne
BJ-74B081AC,Emergency Bopa,Santé & Pharmacie,Bopa,+229 72 56 89 39,emergency.bopa@emergencybopa.com.bj,,PME (10-50),B2C,Facebook Pages,,Actif,2026-06-29T00:22:54.927978,moyenne
BJ-07EC3A6F,Laboratoire ORL Bopa,Santé & Pharmacie,Bopa,+229 39 10 54 34,l.orl@gmail.com,laboratoireorlbopa.bj,TPE (<10),B2B,Facebook Pages,,Actif,2026-06-29T00:22:54.928010,haute
BJ-E229DDF8,Orthodontie,Santé & Pharmacie,Bopa,+229 54 91 49 92,orthodontie@orthodontie.com.bj,,TPE (<10),B2B,Facebook Pages,,Actif,2026-06-29T00:22:54.928039,moyenne
BJ-5A485E53,Sanatorium Pharma Bopa,Santé & Pharmacie,Bopa,+229 84 15 15 67,,sanatoriumpharmabopa.bj,PME (50-200),B2C,Facebook Pages,,Actif,2026-06-29T00:22:54.928064,moyenne
BJ-08178117,Laboratoire Rééducation International Bopa,Santé & Pharmacie,Bopa,+229 96 45 57 31,laboratoire.rééducation@laboratoirerééd.com.bj,laboratoirerééducationinternationalbopa.bj,TPE (<10),B2C,Facebook Pages,,Actif,2026-06-29T00:22:54.928096,haute
BJ-D7E41BDE,Imagerie,Santé & Pharmacie,Houéyogbé,+229 26 78 40 37,imagerie@yahoo.com,imagerie.bj,TPE (<10),B2C,Facebook Pages,,Actif,2026-06-29T00:22:54.928140,haute
BJ-DB48A49F,Polyclinique Ophtalmologie Houéyogbé,Santé & Pharmacie,Houéyogbé,+229 64 32 69 77,polycliniqueophtalmologie@hotmail.com,,PME (50-200),B2B,Facebook Pages,,Actif,2026-06-29T00:22:54.928167,moyenne
BJ-781B594B,Analyses Pharmacie,Santé & Pharmacie,Houéyogbé,+229 99 49 29 56,analyses.pharmacie@yahoo.com,analysespharmacie.bj,PME (10-50),B2C,Facebook Pages,,Actif,2026-06-29T00:22:54.928193,haute
BJ-0C017C7E,Sanatorium Biologie,Santé & Pharmacie,Houéyogbé,+229 99 56 88 77,s.biologie@hotmail.com,sanatoriumbiologie.bj,TPE (<10),B2B,Facebook Pages,,Actif,2026-06-29T00:22:54.928227,haute
BJ-029D02FE,Sanatorium Sainte Houéyogbé,Santé & Pharmacie,Houéyogbé,+229 55 71 92 86,sanatorium.sainte@sanatoriumsaint.com.bj,sanatoriumsaintehouéyogbé.bj,PME (50-200),B2C,Facebook Pages,,Actif,2026-06-29T00:22:54.928249,haute
BJ-11D0C847,Clinique Ophtalmologie Cabinet Malanville,Santé & Pharmacie,Malanville,+229 94 62 50 76,clinique.ophtalmologie@outlook.com,cliniqueophtalmologiecabinetmalanville.bj,TPE (<10),B2B,Facebook Pages,,Actif,2026-06-29T00:22:54.928276,haute
BJ-C5D41F13,Pédiatrie Care,Santé & Pharmacie,Malanville,+229 86 10 98 65,pédiatrie.care@pédiatriecare.bj,pédiatriecare.bj,TPE (<10),B2C,Facebook Pages,,Actif,2026-06-29T00:22:54.928303,haute
BJ-579DD2F5,Clinique Central,Santé & Pharmacie,Malanville,+229 23 67 43 89,clinique.central@yahoo.fr,cliniquecentral.bj,TPE (<10),B2B,Facebook Pages,,Actif,2026-06-29T00:22:54.928324,haute
BJ-BCB67D50,Sanatorium Gériatrique,Santé & Pharmacie,Malanville,+229 58 71 39 52,,sanatoriumgériatrique.bj,PME (50-200),B2B,Facebook Pages,,Actif,2026-06-29T00:22:54.928338,moyenne
BJ-6C60FFAC,Urgence,Santé & Pharmacie,Malanville,+229 71 64 62 88,urgence@outlook.com,urgence.bj,PME (50-200),B2C,Facebook Pages,,Actif,2026-06-29T00:22:54.928352,haute
BJ-7B906C28,Pharmacie Maternité Health,Santé & Pharmacie,Kandi,+229 80 70 23 49,pharmaciematernité@pharmaciematern.bj,pharmaciematernitéhealth.bj,TPE (<10),B2B,Facebook Pages,,Actif,2026-06-29T00:22:54.928378,haute
BJ-3BF5F0EF,Sainte Medical,Santé & Pharmacie,Kandi,+229 31 30 32 42,,saintemedical.bj,PME (50-200),B2C,Facebook Pages,,Actif,2026-06-29T00:22:54.928390,moyenne
BJ-7C2BF755,Dispensaire Sainte Centre,Santé & Pharmacie,Kandi,+229 77 85 69 28,dispensaire.sainte@dispensairesain.com.bj,dispensairesaintecentre.bj,Grande (>200),B2C,Facebook Pages,,Actif,2026-06-29T00:22:54.928406,haute
BJ-43E14267,Biologie,Santé & Pharmacie,Kandi,+229 81 84 94 91,biologie@hotmail.com,biologie.bj,PME (50-200),B2C,Facebook Pages,,Actif,2026-06-29T00:22:54.928424,haute
BJ-A897B8B2,Sanatorium Soins,Santé & Pharmacie,Kandi,+229 39 35 62 53,sanatoriumsoins@sanatoriumsoins.com.bj,sanatoriumsoins.bj,TPE (<10),B2B,Facebook Pages,,Actif,2026-06-29T00:22:54.928441,haute
BJ-AD0E5EAE,Pédiatrique International Banikoara,Santé & Pharmacie,Banikoara,+229 83 51 64 56,,,TPE (<10),B2B,Facebook Pages,,Actif,2026-06-29T00:22:54.928460,basse
BJ-C425F1AB,Médical Care Banikoara,Santé & Pharmacie,Banikoara,+229 71 92 93 42,médical.care@gmail.com,médicalcarebanikoara.bj,PME (50-200),B2B,Facebook Pages,,Actif,2026-06-29T00:22:54.928478,haute
BJ-808A9E5E,Sanatorium Dentaire Cabinet,Santé & Pharmacie,Banikoara,+229 93 88 56 82,sanatorium.dentaire@yahoo.com,,Grande (>200),B2B,Facebook Pages,,Actif,2026-06-29T00:22:54.928497,moyenne
BJ-9A93B18E,Pédiatrie Cabinet,Santé & Pharmacie,Banikoara,+229 75 15 55 35,,,PME (10-50),B2C,Facebook Pages,,Actif,2026-06-29T00:22:54.928508,basse
BJ-E3C94330,Pharmacie Pédiatrie Health Banikoara,Santé & Pharmacie,Banikoara,+229 57 97 27 77,pharmacie.pédiatrie@hotmail.com,pharmaciepédiatriehealthbanikoara.bj,PME (10-50),B2B,Facebook Pages,,Actif,2026-06-29T00:22:54.928526,haute
BJ-7BD20EC9,Maternité Health,Santé & Pharmacie,Ségbana,+229 27 27 37 53,maternitéhealth@maternitéhealth.com.bj,,Grande (>200),B2C,Facebook Pages,,Actif,2026-06-29T00:22:54.928550,moyenne
BJ-10CC8ED6,Ostéopathie,Santé & Pharmacie,Ségbana,+229 37 31 22 52,ostéopathie@ostéopathie.bj,ostéopathie.bj,PME (50-200),B2C,Facebook Pages,,Actif,2026-06-29T00:22:54.928565,haute
BJ-7CE3C989,Pharmacie Maternité,Santé & Pharmacie,Ségbana,+229 94 35 29 61,,pharmaciematernité.bj,TPE (<10),B2C,Facebook Pages,,Actif,2026-06-29T00:22:54.928578,moyenne
BJ-12C94C53,Biologie International,Santé & Pharmacie,Ségbana,+229 77 37 44 93,b.international@biologieinterna.bj,,TPE (<10),B2B,Facebook Pages,,Actif,2026-06-29T00:22:54.928615,moyenne
BJ-EE8C4F30,Polyclinique Gynécologie,Santé & Pharmacie,Karimama,+229 68 74 18 42,polyclinique.gynécologie@hotmail.com,,PME (50-200),B2C,Facebook Pages,,Actif,2026-06-29T00:22:54.928666,moyenne
BJ-F69FB771,Centre Saint Care,Santé & Pharmacie,Karimama,+229 73 69 35 75,centre.saint@gmail.com,centresaintcare.bj,TPE (<10),B2B,Facebook Pages,,Actif,2026-06-29T00:22:54.928684,haute
BJ-D0E34E3D,Soins Karimama,Santé & Pharmacie,Karimama,+229 22 70 69 23,s.karimama@soinskarimama.org.bj,soinskarimama.bj,TPE (<10),B2B,Facebook Pages,,Actif,2026-06-29T00:22:54.928703,haute
BJ-165DC1EE,Gériatrique Health,Santé & Pharmacie,Karimama,+229 69 61 64 37,,,PME (10-50),B2B,Facebook Pages,,Actif,2026-06-29T00:22:54.928715,basse
BJ-9EF50553,Centre Ostéopathie International,Santé & Pharmacie,Karimama,+229 28 84 26 58,,centreostéopathieinternational.bj,TPE (<10),B2C,Facebook Pages,,Actif,2026-06-29T00:22:54.928731,moyenne
BJ-F37E0110,Cabinet Gynécologie,Santé & Pharmacie,Gogounou,+229 99 59 47 95,,cabinetgynécologie.bj,PME (10-50),B2B,Facebook Pages,,Actif,2026-06-29T00:22:54.928756,moyenne
BJ-8C83C6A1,Hôpital Guérison International,Santé & Pharmacie,Gogounou,+229 97 12 56 33,hôpitalguérison@outlook.com,hôpitalguérisoninternational.bj,PME (50-200),B2C,Facebook Pages,,Actif,2026-06-29T00:22:54.928778,haute
BJ-6DA61517,Pharmacie Cardiologie,Santé & Pharmacie,Gogounou,+229 81 34 58 80,p.cardiologie@hotmail.com,pharmaciecardiologie.bj,PME (10-50),B2B,Facebook Pages,,Actif,2026-06-29T00:22:54.928796,haute
BJ-F5468DF6,Polyclinique Maternité,Santé & Pharmacie,Gogounou,+229 20 22 24 11,polycliniquematernité@polycliniquemat.org.bj,,TPE (<10),B2C,Facebook Pages,,Actif,2026-06-29T00:22:54.928813,moyenne
BJ-EB274115,Rééducation International,Santé & Pharmacie,Gogounou,+229 21 39 63 42,rééducation.international@rééducationinte.bj,,Grande (>200),B2B,Facebook Pages,,Actif,2026-06-29T00:22:54.928830,moyenne
BJ-710C9C4B,Sanatorium Chirurgie Cabinet,Santé & Pharmacie,Cobly,+229 34 39 53 29,s.chirurgie@sanatoriumchiru.org.bj,,PME (10-50),B2B,Facebook Pages,,Actif,2026-06-29T00:22:54.928855,moyenne
BJ-FEA34671,Maternité Cobly,Santé & Pharmacie,Cobly,+229 93 52 18 88,m.cobly@gmail.com,maternitécobly.bj,TPE (<10),B2C,Facebook Pages,,Actif,2026-06-29T00:22:54.928872,haute
BJ-20784EA5,Emergency,Santé & Pharmacie,Cobly,+229 81 73 22 60,emergency@yahoo.com,,PME (10-50),B2C,Facebook Pages,,Actif,2026-06-29T00:22:54.928901,moyenne
BJ-6C14B709,Clinique Gynécologie,Santé & Pharmacie,Cobly,+229 31 49 80 71,c.gynécologie@cliniquegynécol.com.bj,,PME (10-50),B2C,Facebook Pages,,Actif,2026-06-29T00:22:54.928922,moyenne
BJ-D0047FD4,Polyclinique Gynécologie Health,Santé & Pharmacie,Cobly,+229 79 27 97 94,polycliniquegynécologie@hotmail.com,polycliniquegynécologiehealth.bj,TPE (<10),B2C,Facebook Pages,,Actif,2026-06-29T00:22:54.928939,haute
BJ-D24F936E,Hôpital Médecine,Santé & Pharmacie,Tanguiéta,+229 96 87 81 31,hôpital.médecine@hôpitalmédecine.com.bj,hôpitalmédecine.bj,PME (50-200),B2C,Facebook Pages,,Actif,2026-06-29T00:22:54.928964,haute
BJ-04189862,Santé Pharmacie Tanguiéta,Santé & Pharmacie,Tanguiéta,+229 26 56 81 98,santé.pharmacie@santépharmaciet.com.bj,santépharmacietanguiéta.bj,TPE (<10),B2C,Facebook Pages,,Actif,2026-06-29T00:22:54.928982,haute
BJ-119A787D,Pédiatrique,Santé & Pharmacie,Tanguiéta,+229 45 91 62 83,pédiatrique@pédiatrique.bj,,PME (50-200),B2C,Facebook Pages,,Actif,2026-06-29T00:22:54.928997,moyenne
BJ-92C4081D,Emergency Clinique,Santé & Pharmacie,Tanguiéta,+229 42 40 84 38,emergency.clinique@emergencycliniq.bj,emergencyclinique.bj,PME (10-50),B2C,Facebook Pages,,Actif,2026-06-29T00:22:54.929025,haute
BJ-B472B33C,Cabinet Central Cabinet,Santé & Pharmacie,Matéri,+229 86 73 99 92,c.central@gmail.com,cabinetcentralcabinet.bj,PME (50-200),B2B,Facebook Pages,,Actif,2026-06-29T00:22:54.929048,haute
BJ-5D4D9C06,Pharmacie Santé Matéri,Santé & Pharmacie,Matéri,+229 80 10 32 91,pharmacie_santé@pharmaciesantém.bj,pharmaciesantématéri.bj,PME (10-50),B2B,Facebook Pages,,Actif,2026-06-29T00:22:54.929066,haute
BJ-94653F28,Laboratoire Central,Santé & Pharmacie,Matéri,+229 94 83 38 13,laboratoirecentral@yahoo.fr,laboratoirecentral.bj,TPE (<10),B2C,Facebook Pages,,Actif,2026-06-29T00:22:54.929088,haute
BJ-43292BB6,Rééducation Centre,Santé & Pharmacie,Matéri,+229 85 80 73 27,rééducation.centre@outlook.com,rééducationcentre.bj,PME (50-200),B2C,Facebook Pages,,Actif,2026-06-29T00:22:54.929105,haute
BJ-E0040A3B,Dispensaire Bien-être,Santé & Pharmacie,Natitingou,+229 95 62 22 37,dispensaire.bien@gmail.com,dispensairebienêtre.bj,PME (10-50),B2B,Facebook Pages,,Actif,2026-06-29T00:22:54.929142,haute
BJ-50FEF3AE,Cabinet Ostéopathie,Santé & Pharmacie,Natitingou,+229 61 18 29 31,cabinetostéopathie@cabinetostéopat.bj,cabinetostéopathie.bj,PME (10-50),B2C,Facebook Pages,,Actif,2026-06-29T00:22:54.929163,haute
BJ-81EDE100,Centre Radiologie,Santé & Pharmacie,Natitingou,+229 34 86 84 55,,centreradiologie.bj,TPE (<10),B2C,Facebook Pages,,Actif,2026-06-29T00:22:54.929175,moyenne
BJ-DA4A5493,Pharmacie Kinésithérapie Centre,Santé & Pharmacie,Natitingou,+229 94 75 38 68,pharmacie.kinésithérapie@pharmaciekinési.org.bj,,PME (50-200),B2C,Facebook Pages,,Actif,2026-06-29T00:22:54.929192,moyenne
BJ-A489D566,Pharmacie Dentaire Hôpital,Santé & Pharmacie,Natitingou,+229 95 70 69 97,pharmacie.dentaire@gmail.com,pharmaciedentairehôpital.bj,TPE (<10),B2C,Facebook Pages,,Actif,2026-06-29T00:22:54.929210,haute
BJ-60833F7C,Emergency Bénin,Santé & Pharmacie,Toucountouna,+229 33 17 30 51,emergency.bénin@emergencybénin.bj,emergencybénin.bj,TPE (<10),B2C,Facebook Pages,,Actif,2026-06-29T00:22:54.929233,haute
BJ-FBEA41A3,Pédiatrique Health,Santé & Pharmacie,Toucountouna,+229 26 59 39 81,p.health@hotmail.com,,Grande (>200),B2C,Facebook Pages,,Actif,2026-06-29T00:22:54.929250,moyenne
BJ-55F8848F,Sanatorium Chirurgie,Santé & Pharmacie,Toucountouna,+229 47 70 13 47,sanatoriumchirurgie@sanatoriumchiru.com.bj,,PME (10-50),B2C,Facebook Pages,,Actif,2026-06-29T00:22:54.929269,moyenne
BJ-41FBB39B,Nutrition,Santé & Pharmacie,Toucountouna,+229 41 12 38 36,nutrition@yahoo.fr,nutrition.bj,TPE (<10),B2B,Facebook Pages,,Actif,2026-06-29T00:22:54.929283,haute
BJ-6D4E6138,Dermatologie Bénin,Santé & Pharmacie,Toucountouna,+229 97 10 87 83,dermatologiebénin@yahoo.fr,dermatologiebénin.bj,Grande (>200),B2C,Facebook Pages,,Actif,2026-06-29T00:22:54.929299,haute
BJ-B272F5D9,Hôpital Biologie Medical,Santé & Pharmacie,Boukoumbé,+229 22 91 77 33,hôpitalbiologie@yahoo.fr,hôpitalbiologiemedical.bj,Grande (>200),B2B,Facebook Pages,,Actif,2026-06-29T00:22:54.929323,haute
BJ-3F87C198,Sanatorium Gériatrique Medical Boukoumbé,Santé & Pharmacie,Boukoumbé,+229 84 57 35 85,sanatorium.gériatrique@yahoo.com,,PME (10-50),B2C,Facebook Pages,,Actif,2026-06-29T00:22:54.929340,moyenne
BJ-E88382EA,Sanatorium Acupuncture Medical,Santé & Pharmacie,Boukoumbé,+229 57 47 11 17,sanatoriumacupuncture@gmail.com,,PME (10-50),B2B,Facebook Pages,,Actif,2026-06-29T00:22:54.929356,moyenne
BJ-3C87E0F9,Centre Médicament,Santé & Pharmacie,Boukoumbé,+229 42 29 83 75,,centremédicament.bj,PME (10-50),B2C,Facebook Pages,,Actif,2026-06-29T00:22:54.929369,moyenne
BJ-462B517A,Centre Soins Clinique,Santé & Pharmacie,Boukoumbé,+229 56 28 25 52,centresoins@centresoinsclin.bj,centresoinsclinique.bj,TPE (<10),B2B,Facebook Pages,,Actif,2026-06-29T00:22:54.929389,haute
BJ-C1E01D77,Pédiatrique,Santé & Pharmacie,Kouandé,+229 96 25 95 82,pédiatrique@pédiatrique.bj,pédiatrique.bj,PME (10-50),B2C,Facebook Pages,,Actif,2026-06-29T00:22:54.929423,haute
BJ-FC5E9769,Polyclinique Urgence Hôpital,Santé & Pharmacie,Kouandé,+229 95 15 17 51,,,Grande (>200),B2B,Facebook Pages,,Actif,2026-06-29T00:22:54.929445,basse
BJ-C1E3B3EF,Laboratoire Bien-être,Santé & Pharmacie,Kouandé,+229 54 42 14 65,,laboratoirebienêtre.bj,Grande (>200),B2C,Facebook Pages,,Actif,2026-06-29T00:22:54.929462,moyenne
BJ-16BA5B99,Chirurgie Centre,Santé & Pharmacie,Kouandé,+229 24 23 24 47,chirurgie.centre@outlook.com,chirurgiecentre.bj,Grande (>200),B2B,Facebook Pages,,Actif,2026-06-29T00:22:54.929479,haute
BJ-DED2FD81,Dispensaire Guérison Kouandé,Santé & Pharmacie,Kouandé,+229 37 62 46 22,dispensaireguérison@gmail.com,dispensaireguérisonkouandé.bj,TPE (<10),B2C,Facebook Pages,,Actif,2026-06-29T00:22:54.929498,haute
BJ-45DEA9BD,Vie Medical Péhunco,Santé & Pharmacie,Péhunco,+229 48 73 93 94,vie_medical@yahoo.com,viemedicalpéhunco.bj,TPE (<10),B2B,Facebook Pages,,Actif,2026-06-29T00:22:54.929522,haute
BJ-3DE8A009,Cardiologie,Santé & Pharmacie,Péhunco,+229 93 10 59 86,cardiologie@gmail.com,,TPE (<10),B2C,Facebook Pages,,Actif,2026-06-29T00:22:54.929537,moyenne
BJ-C389CBCB,Sanatorium Royal,Santé & Pharmacie,Péhunco,+229 86 53 64 92,,sanatoriumroyal.bj,TPE (<10),B2B,Facebook Pages,,Actif,2026-06-29T00:22:54.929549,moyenne
BJ-E52C0587,Kinésithérapie Hôpital,Santé & Pharmacie,Péhunco,+229 98 99 21 43,kinésithérapie.hôpital@kinésithérapieh.com.bj,,TPE (<10),B2B,Facebook Pages,,Actif,2026-06-29T00:22:54.929566,moyenne
BJ-9A6B082C,Polyclinique Cardiologie,Santé & Pharmacie,Péhunco,+229 87 82 95 16,p.cardiologie@polycliniquecar.com.bj,polycliniquecardiologie.bj,Grande (>200),B2B,Facebook Pages,,Actif,2026-06-29T00:22:54.929583,haute
BJ-13568572,Guérison Pharmacie,Santé & Pharmacie,Tchaourou,+229 77 29 39 37,guérisonpharmacie@gmail.com,guérisonpharmacie.bj,Grande (>200),B2B,Facebook Pages,,Actif,2026-06-29T00:22:54.929616,haute
BJ-9452BC13,Ostéopathie Medical,Santé & Pharmacie,Tchaourou,+229 35 84 21 31,ostéopathie.medical@ostéopathiemedi.com.bj,ostéopathiemedical.bj,PME (50-200),B2B,Facebook Pages,,Actif,2026-06-29T00:22:54.929651,haute
BJ-52672F34,Clinique Ostéopathie,Santé & Pharmacie,Tchaourou,+229 35 90 47 19,cliniqueostéopathie@cliniqueostéopa.com.bj,cliniqueostéopathie.bj,PME (10-50),B2C,Facebook Pages,,Actif,2026-06-29T00:22:54.929669,haute
BJ-B8D03242,Dispensaire Nutrition Clinique,Santé & Pharmacie,Nikki,+229 57 80 35 61,,dispensairenutritionclinique.bj,PME (50-200),B2B,Facebook Pages,,Actif,2026-06-29T00:22:54.929699,moyenne
BJ-A1E4D251,Hôpital Guérison,Santé & Pharmacie,Nikki,+229 80 68 35 65,hôpitalguérison@hôpitalguérison.bj,,PME (50-200),B2B,Facebook Pages,,Actif,2026-06-29T00:22:54.929716,moyenne
BJ-2A4D0241,Pharmacie Vie Health,Santé & Pharmacie,Nikki,+229 24 46 40 91,pharmacie.vie@yahoo.com,,TPE (<10),B2C,Facebook Pages,,Actif,2026-06-29T00:22:54.929768,moyenne
BJ-816D7391,Urgence Plus,Santé & Pharmacie,Nikki,+229 99 88 99 42,urgence.plus@urgenceplus.bj,urgenceplus.bj,PME (10-50),B2C,Facebook Pages,,Actif,2026-06-29T00:22:54.929784,haute
BJ-CA569302,Pharmacie Gynécologie Clinique,Santé & Pharmacie,Bembéréké,+229 21 25 64 77,pharmaciegynécologie@yahoo.fr,,PME (10-50),B2C,Facebook Pages,,Actif,2026-06-29T00:22:54.929807,moyenne
BJ-E2AF3567,Centre Analyses,Santé & Pharmacie,Bembéréké,+229 40 68 92 64,centreanalyses@centreanalyses.com.bj,,TPE (<10),B2B,Facebook Pages,,Actif,2026-06-29T00:22:54.929824,moyenne
BJ-C11D682A,Bien-être,Santé & Pharmacie,Bembéréké,+229 27 65 27 24,bienêtre@yahoo.fr,bienêtre.bj,PME (10-50),B2B,Facebook Pages,,Actif,2026-06-29T00:22:54.929843,haute
BJ-9F002A1B,Cabinet Analyses,Santé & Pharmacie,Bembéréké,+229 56 84 52 11,,cabinetanalyses.bj,PME (10-50),B2C,Facebook Pages,,Actif,2026-06-29T00:22:54.929873,moyenne
BJ-AB3D99E0,Cardiologie Clinique,Santé & Pharmacie,Bembéréké,+229 44 80 49 50,cardiologie.clinique@yahoo.fr,cardiologieclinique.bj,PME (10-50),B2B,Facebook Pages,,Actif,2026-06-29T00:22:54.929902,haute
BJ-69F2510D,Cabinet Royal Medical Kalalé,Santé & Pharmacie,Kalalé,+229 40 74 37 23,,,TPE (<10),B2B,Facebook Pages,,Actif,2026-06-29T00:22:54.929926,basse
BJ-A6993AF3,Gynécologie Cabinet,Santé & Pharmacie,Kalalé,+229 93 45 39 71,g.cabinet@outlook.com,,PME (10-50),B2B,Facebook Pages,,Actif,2026-06-29T00:22:54.929943,moyenne
BJ-9A75A7D7,Pharma Cabinet,Santé & Pharmacie,Kalalé,+229 90 98 83 80,pharmacabinet@pharmacabinet.com.bj,pharmacabinet.bj,PME (50-200),B2C,Facebook Pages,,Actif,2026-06-29T00:22:54.929960,haute
BJ-D0ABE951,Clinique Gériatrique Clinique,Santé & Pharmacie,Kalalé,+229 94 40 73 39,,,Grande (>200),B2B,Facebook Pages,,Actif,2026-06-29T00:22:54.929971,basse
BJ-576408E8,Laboratoire Analyses Plus,Santé & Pharmacie,Kalalé,+229 94 70 65 78,l.analyses@laboratoireanal.bj,laboratoireanalysesplus.bj,Grande (>200),B2C,Facebook Pages,,Actif,2026-06-29T00:22:54.929988,haute
BJ-3DE12FB5,Polyclinique Guérison,Santé & Pharmacie,Ndali,+229 38 56 62 19,,polycliniqueguérison.bj,TPE (<10),B2B,Facebook Pages,,Actif,2026-06-29T00:22:54.930007,moyenne
BJ-0BD505D1,Analyses Cabinet Ndali,Santé & Pharmacie,Ndali,+229 44 71 76 25,analyses.cabinet@analysescabinet.bj,analysescabinetndali.bj,PME (10-50),B2B,Facebook Pages,,Actif,2026-06-29T00:22:54.930028,haute
BJ-04FED141,Polyclinique Kinésithérapie Medical,Santé & Pharmacie,Ndali,+229 42 93 52 24,polyclinique.kinésithérapie@hotmail.com,polycliniquekinésithérapiemedical.bj,PME (50-200),B2C,Facebook Pages,,Actif,2026-06-29T00:22:54.930053,haute
BJ-7CF1F87B,Médicament Hôpital,Santé & Pharmacie,Ndali,+229 63 12 95 42,médicament_hôpital@gmail.com,médicamenthôpital.bj,PME (10-50),B2B,Facebook Pages,,Actif,2026-06-29T00:22:54.930074,haute
BJ-C8C3918A,Maternité,Santé & Pharmacie,Ndali,+229 58 17 65 81,,maternité.bj,TPE (<10),B2C,Facebook Pages,,Actif,2026-06-29T00:22:54.930086,moyenne
BJ-F9BC5846,Pharmacie Central Hôpital,Santé & Pharmacie,Ségbana,+229 83 87 33 72,p.central@hotmail.com,pharmaciecentralhôpital.bj,PME (50-200),B2C,Facebook Pages,,Actif,2026-06-29T00:22:54.930126,haute
BJ-4E81CFB0,Hôpital Médicament Care,Santé & Pharmacie,Ségbana,+229 87 95 41 94,hôpital.médicament@yahoo.fr,,PME (10-50),B2C,Facebook Pages,,Actif,2026-06-29T00:22:54.930142,moyenne
BJ-2423792B,Hôpital Dermatologie,Santé & Pharmacie,Ségbana,+229 40 95 85 94,hôpital.dermatologie@yahoo.com,hôpitaldermatologie.bj,TPE (<10),B2C,Facebook Pages,,Actif,2026-06-29T00:22:54.930158,haute
BJ-F9467B6F,Cabinet Dentaire,Santé & Pharmacie,Ségbana,+229 90 18 55 56,cabinet.dentaire@cabinetdentaire.org.bj,,PME (10-50),B2B,Facebook Pages,,Actif,2026-06-29T00:22:54.930175,moyenne
BJ-02C075BC,Royal Tchaourou,Santé & Pharmacie,Tchaourou,+229 88 77 49 76,r.tchaourou@gmail.com,royaltchaourou.bj,PME (50-200),B2B,Facebook Pages,,Actif,2026-06-29T00:22:54.930197,haute
BJ-C2D1A8A1,Gériatrique Tchaourou,Santé & Pharmacie,Tchaourou,+229 58 64 45 20,g.tchaourou@gériatriquetcha.com.bj,gériatriquetchaourou.bj,PME (50-200),B2B,Facebook Pages,,Actif,2026-06-29T00:22:54.930215,haute
BJ-5663307C,Polyclinique Dentaire,Santé & Pharmacie,Tchaourou,+229 31 56 24 29,p.dentaire@polycliniqueden.com.bj,polycliniquedentaire.bj,PME (10-50),B2B,Facebook Pages,,Actif,2026-06-29T00:22:54.930234,haute
BJ-E7A0D178,Soins Centre,Santé & Pharmacie,Tchaourou,+229 64 90 83 15,soinscentre@soinscentre.com.bj,soinscentre.bj,TPE (<10),B2B,Facebook Pages,,Actif,2026-06-29T00:22:54.930251,haute
BJ-D033B6F6,Analyses,Santé & Pharmacie,Tchaourou,+229 98 31 63 74,analyses@analyses.com.bj,,PME (50-200),B2C,Facebook Pages,,Actif,2026-06-29T00:22:54.930264,moyenne
BJ-9D938ED0,Pédiatrique,Santé & Pharmacie,Bétérou,+229 98 80 97 22,pédiatrique@pédiatrique.bj,pédiatrique.bj,TPE (<10),B2C,Facebook Pages,,Actif,2026-06-29T00:22:54.930286,haute
BJ-B0920736,Ophtalmologie,Santé & Pharmacie,Bétérou,+229 34 84 83 87,ophtalmologie@ophtalmologie.org.bj,ophtalmologie.bj,PME (10-50),B2B,Facebook Pages,,Actif,2026-06-29T00:22:54.930312,haute
BJ-E3F9C7F0,Imagerie Bétérou,Santé & Pharmacie,Bétérou,+229 63 85 31 96,imagerie.bétérou@gmail.com,imageriebétérou.bj,PME (50-200),B2B,Facebook Pages,,Actif,2026-06-29T00:22:54.930329,haute
BJ-9A92E8A4,Kinésithérapie Clinique,Santé & Pharmacie,Bétérou,+229 22 40 63 51,,kinésithérapieclinique.bj,TPE (<10),B2B,Facebook Pages,,Actif,2026-06-29T00:22:54.930346,moyenne
BJ-25579BA5,Royal Centre,Santé & Pharmacie,Ouessè,+229 95 14 22 39,royal.centre@yahoo.fr,,PME (10-50),B2B,Facebook Pages,,Actif,2026-06-29T00:22:54.930369,moyenne
BJ-C4A018CE,Diététique Clinique,Santé & Pharmacie,Ouessè,+229 52 58 87 41,diététiqueclinique@diététiqueclini.org.bj,diététiqueclinique.bj,Grande (>200),B2C,Facebook Pages,,Actif,2026-06-29T00:22:54.930387,haute
BJ-F9086868,Gynécologie Ouessè,Santé & Pharmacie,Ouessè,+229 65 67 57 70,,gynécologieouessè.bj,TPE (<10),B2B,Facebook Pages,,Actif,2026-06-29T00:22:54.930402,moyenne
BJ-7894979C,Laboratoire Médecine Ouessè,Santé & Pharmacie,Ouessè,+229 76 71 37 73,laboratoiremédecine@outlook.com,,PME (50-200),B2B,Facebook Pages,,Actif,2026-06-29T00:22:54.930419,moyenne
BJ-C951BFA4,Pharmacie Urgence Medical,Santé & Pharmacie,Ouessè,+229 62 45 92 80,pharmacie.urgence@outlook.com,pharmacieurgencemedical.bj,PME (10-50),B2C,Facebook Pages,,Actif,2026-06-29T00:22:54.930435,haute
BJ-219ED19D,Pharmacie Soins Cabinet Glazoué,Santé & Pharmacie,Glazoué,+229 42 42 53 52,pharmacie.soins@pharmaciesoinsc.com.bj,pharmaciesoinscabinetglazoué.bj,PME (10-50),B2B,Facebook Pages,,Actif,2026-06-29T00:22:54.930482,haute
BJ-323897FA,Médical Bénin Glazoué,Santé & Pharmacie,Glazoué,+229 83 21 17 14,m.bénin@médicalbéningla.org.bj,,Grande (>200),B2C,Facebook Pages,,Actif,2026-06-29T00:22:54.930499,moyenne
BJ-D404CA57,Médicament Health,Santé & Pharmacie,Glazoué,+229 76 62 58 73,médicamenthealth@gmail.com,médicamenthealth.bj,PME (50-200),B2B,Facebook Pages,,Actif,2026-06-29T00:22:54.930516,haute
BJ-67724158,Ophtalmologie Care Glazoué,Santé & Pharmacie,Glazoué,+229 95 67 70 96,ophtalmologie_care@yahoo.fr,ophtalmologiecareglazoué.bj,PME (10-50),B2C,Facebook Pages,,Actif,2026-06-29T00:22:54.930532,haute
BJ-4B2844EA,Pédiatrie,Santé & Pharmacie,Dassa-Zoumè,+229 24 31 54 29,pédiatrie@outlook.com,pédiatrie.bj,TPE (<10),B2B,Facebook Pages,,Actif,2026-06-29T00:22:54.930569,haute
BJ-32BD518A,Centre Cardiologie Clinique Dassa-Zoumè,Santé & Pharmacie,Dassa-Zoumè,+229 86 93 18 25,c.cardiologie@gmail.com,centrecardiologiecliniquedassazoumè.bj,Grande (>200),B2C,Facebook Pages,,Actif,2026-06-29T00:22:54.930591,haute
BJ-FCDE6EA1,Urgence,Santé & Pharmacie,Dassa-Zoumè,+229 78 38 24 79,urgence@urgence.org.bj,urgence.bj,PME (50-200),B2C,Facebook Pages,,Actif,2026-06-29T00:22:54.930606,haute
BJ-FC8C9AC1,Pédiatrie Dassa-Zoumè,Santé & Pharmacie,Dassa-Zoumè,+229 26 23 32 24,pédiatriedassa@outlook.com,,TPE (<10),B2C,Facebook Pages,,Actif,2026-06-29T00:22:54.930622,moyenne
BJ-AF51109B,Pédiatrique,Santé & Pharmacie,Savalou,+229 25 47 60 93,pédiatrique@gmail.com,,TPE (<10),B2B,Facebook Pages,,Actif,2026-06-29T00:22:54.930643,moyenne
BJ-11D70471,Médecine,Santé & Pharmacie,Savalou,+229 92 23 12 28,médecine@yahoo.fr,,TPE (<10),B2B,Facebook Pages,,Actif,2026-06-29T00:22:54.930657,moyenne
BJ-F82DBDAF,Imagerie Bénin,Santé & Pharmacie,Savalou,+229 90 26 14 16,i.bénin@outlook.com,imageriebénin.bj,PME (10-50),B2B,Facebook Pages,,Actif,2026-06-29T00:22:54.930676,haute
BJ-E6B3EBCB,Maternité,Santé & Pharmacie,Savalou,+229 44 92 79 55,maternité@maternité.com.bj,maternité.bj,PME (50-200),B2C,Facebook Pages,,Actif,2026-06-29T00:22:54.930692,haute
BJ-6CD340B9,Hôpital Dermatologie,Santé & Pharmacie,Savalou,+229 39 23 37 55,,hôpitaldermatologie.bj,TPE (<10),B2B,Facebook Pages,,Actif,2026-06-29T00:22:54.930704,moyenne
BJ-B586695C,Hôpital Emergency,Santé & Pharmacie,Bantè,+229 42 96 52 35,hôpitalemergency@gmail.com,,PME (10-50),B2B,Facebook Pages,,Actif,2026-06-29T00:22:54.930726,moyenne
BJ-4D94DD9E,Hôpital Maternité,Santé & Pharmacie,Bantè,+229 70 88 20 95,,hôpitalmaternité.bj,PME (10-50),B2B,Facebook Pages,,Actif,2026-06-29T00:22:54.930738,moyenne
BJ-EB7AF260,Laboratoire Royal Clinique,Santé & Pharmacie,Bantè,+229 50 92 11 81,laboratoireroyal@yahoo.com,,TPE (<10),B2C,Facebook Pages,,Actif,2026-06-29T00:22:54.930757,moyenne
BJ-FD040853,Chirurgie Bantè,Santé & Pharmacie,Bantè,+229 31 47 64 19,chirurgie.bantè@yahoo.com,chirurgiebantè.bj,TPE (<10),B2C,Facebook Pages,,Actif,2026-06-29T00:22:54.930774,haute
BJ-73D4BAFF,Ostéopathie Centre Bantè,Santé & Pharmacie,Bantè,+229 91 38 50 65,ostéopathie.centre@ostéopathiecent.bj,,PME (10-50),B2B,Facebook Pages,,Actif,2026-06-29T00:22:54.930791,moyenne
BJ-A9205E14,Saint,Santé & Pharmacie,Djougou,+229 27 59 87 60,saint@saint.org.bj,saint.bj,PME (10-50),B2B,Facebook Pages,,Actif,2026-06-29T00:22:54.930812,haute
BJ-92AFCF32,Diététique Cabinet,Santé & Pharmacie,Djougou,+229 56 34 89 95,diététique.cabinet@hotmail.com,,PME (50-200),B2C,Facebook Pages,,Actif,2026-06-29T00:22:54.930829,moyenne
BJ-998C175F,Chirurgie,Santé & Pharmacie,Djougou,+229 72 20 78 46,chirurgie@gmail.com,chirurgie.bj,TPE (<10),B2C,Facebook Pages,,Actif,2026-06-29T00:22:54.930863,haute
BJ-B4933015,Hôpital Gériatrique Medical,Santé & Pharmacie,Djougou,+229 35 39 74 68,hôpitalgériatrique@hôpitalgériatri.bj,,TPE (<10),B2B,Facebook Pages,,Actif,2026-06-29T00:22:54.930880,moyenne
BJ-4638864E,Cardiologie Centre,Santé & Pharmacie,Djougou,+229 50 53 69 63,cardiologie.centre@cardiologiecent.com.bj,cardiologiecentre.bj,TPE (<10),B2B,Facebook Pages,,Actif,2026-06-29T00:22:54.930913,haute
BJ-736D7FEA,Orthodontie Care Ouèssè,Santé & Pharmacie,Ouèssè,+229 62 16 47 90,orthodontie.care@yahoo.com,orthodontiecareouèssè.bj,PME (10-50),B2C,Facebook Pages,,Actif,2026-06-29T00:22:54.930940,haute
BJ-53AE02CA,Laboratoire Médicament Care,Santé & Pharmacie,Ouèssè,+229 48 76 17 15,laboratoiremédicament@yahoo.fr,laboratoiremédicamentcare.bj,Grande (>200),B2B,Facebook Pages,,Actif,2026-06-29T00:22:54.930957,haute
BJ-8A7AEBA6,Hôpital Central Medical,Santé & Pharmacie,Ouèssè,+229 48 22 98 82,hôpital.central@gmail.com,hôpitalcentralmedical.bj,PME (50-200),B2B,Facebook Pages,,Actif,2026-06-29T00:22:54.930977,haute
BJ-3A469195,Hôpital Cardiologie Medical,Santé & Pharmacie,Ouèssè,+229 36 61 69 59,hôpital.cardiologie@hotmail.com,,TPE (<10),B2B,Facebook Pages,,Actif,2026-06-29T00:22:54.930993,moyenne
BJ-2A5EF17C,Laboratoire Urgence International,Santé & Pharmacie,Ouèssè,+229 69 14 53 88,l.urgence@hotmail.com,laboratoireurgenceinternational.bj,PME (50-200),B2B,Facebook Pages,,Actif,2026-06-29T00:22:54.931012,haute
BJ-F494ABED,Dispensaire Imagerie Plus Bassila,Santé & Pharmacie,Bassila,+229 56 74 12 23,dispensaire.imagerie@dispensaireimag.org.bj,dispensaireimagerieplusbassila.bj,TPE (<10),B2B,Facebook Pages,,Actif,2026-06-29T00:22:54.931036,haute
BJ-73B1E6AE,Sanatorium Ostéopathie Care Bassila,Santé & Pharmacie,Bassila,+229 22 45 12 78,s.ostéopathie@sanatoriumostéo.bj,sanatoriumostéopathiecarebassila.bj,PME (10-50),B2C,Facebook Pages,,Actif,2026-06-29T00:22:54.931054,haute
BJ-E1AD3B2B,ORL,Santé & Pharmacie,Bassila,+229 91 52 49 10,orl@yahoo.com,orl.bj,Grande (>200),B2B,Facebook Pages,,Actif,2026-06-29T00:22:54.931067,haute
BJ-7E2A5951,Clinique Dentaire Cabinet Bassila,Santé & Pharmacie,Bassila,+229 21 73 11 24,c.dentaire@cliniquedentair.bj,,PME (50-200),B2C,Facebook Pages,,Actif,2026-06-29T00:22:54.931083,moyenne
BJ-636CDC30,Centre Gynécologie Care,Santé & Pharmacie,Bassila,+229 41 56 21 37,,centregynécologiecare.bj,PME (10-50),B2B,Facebook Pages,,Actif,2026-06-29T00:22:54.931095,moyenne
BJ-200092A1,Centre Diététique International,Santé & Pharmacie,Pehunco,+229 69 48 34 29,centre.diététique@centrediététiqu.com.bj,centrediététiqueinternational.bj,PME (10-50),B2B,Facebook Pages,,Actif,2026-06-29T00:22:54.931123,haute
BJ-C9ACBA10,Dispensaire Pédiatrie Medical,Santé & Pharmacie,Pehunco,+229 21 97 54 72,dispensaire_pédiatrie@dispensairepédi.com.bj,,TPE (<10),B2C,Facebook Pages,,Actif,2026-06-29T00:22:54.931140,moyenne
BJ-D8C3C2D7,Sanatorium Ostéopathie,Santé & Pharmacie,Pehunco,+229 26 28 29 91,s.ostéopathie@sanatoriumostéo.bj,,TPE (<10),B2B,Facebook Pages,,Actif,2026-06-29T00:22:54.931159,moyenne
BJ-1781F622,Polyclinique Saint,Santé & Pharmacie,Pehunco,+229 63 96 80 26,,polycliniquesaint.bj,TPE (<10),B2C,Facebook Pages,,Actif,2026-06-29T00:22:54.931172,moyenne
BJ-2553A907,Ophtalmologie Pehunco,Santé & Pharmacie,Pehunco,+229 33 86 11 93,ophtalmologiepehunco@ophtalmologiepe.bj,ophtalmologiepehunco.bj,Grande (>200),B2B,Facebook Pages,,Actif,2026-06-29T00:22:54.931189,haute
BJ-C013D28C,Laboratoire Rééducation Copargo,Santé & Pharmacie,Copargo,+229 33 19 46 16,l.rééducation@gmail.com,,PME (10-50),B2C,Facebook Pages,,Actif,2026-06-29T00:22:54.931212,moyenne
BJ-0D4FB7E0,Laboratoire Guérison Bénin,Santé & Pharmacie,Copargo,+229 69 20 94 78,laboratoire.guérison@laboratoireguér.bj,laboratoireguérisonbénin.bj,Grande (>200),B2B,Facebook Pages,,Actif,2026-06-29T00:22:54.931230,haute
BJ-012981BF,Clinique Royal,Santé & Pharmacie,Copargo,+229 64 86 58 65,clinique.royal@cliniqueroyal.bj,,PME (10-50),B2B,Facebook Pages,,Actif,2026-06-29T00:22:54.931245,moyenne
BJ-F3EB212E,Pharmacie ORL Cabinet,Santé & Pharmacie,Copargo,+229 85 81 86 45,pharmacieorl@outlook.com,pharmacieorlcabinet.bj,PME (10-50),B2B,Facebook Pages,,Actif,2026-06-29T00:22:54.931261,haute
BJ-3CC7DB80,Hôpital Guérison,Santé & Pharmacie,Copargo,+229 74 87 89 23,h.guérison@outlook.com,hôpitalguérison.bj,PME (10-50),B2C,Facebook Pages,,Actif,2026-06-29T00:22:54.931278,haute
BJ-C8F33C64,Assurance Protection SARL,Finance & Assurance,Cotonou,+229 25 77 75 95,assuranceprotection@assuranceprotec.bj,assuranceprotectionsarl.bj,PME (10-50),B2B,Facebook Pages,,Actif,2026-06-29T00:22:54.931302,haute
BJ-08D241F5,Banque National Groupe,Finance & Assurance,Cotonou,+229 25 97 12 15,banque.national@banquenationalg.com.bj,banquenationalgroupe.bj,PME (50-200),B2B,Facebook Pages,,Actif,2026-06-29T00:22:54.931321,haute
BJ-7DA40D77,Capital Investissement International,Finance & Assurance,Cotonou,+229 37 15 93 96,capitalinvestissement@gmail.com,capitalinvestissementinternational.bj,TPE (<10),B2B,Facebook Pages,,Actif,2026-06-29T00:22:54.931343,haute
BJ-0A59664D,Monétique,Finance & Assurance,Cotonou,+229 71 90 10 24,monétique@gmail.com,monétique.bj,PME (10-50),B2C,Facebook Pages,,Actif,2026-06-29T00:22:54.931371,haute
BJ-076D3938,Épargne Broker,Finance & Assurance,Abomey-Calavi,+229 98 16 13 36,épargne.broker@outlook.com,,PME (50-200),B2B,Facebook Pages,,Actif,2026-06-29T00:22:54.931394,moyenne
BJ-CB337DDF,Banque Blockchain SA Abomey-Calavi,Finance & Assurance,Abomey-Calavi,+229 37 39 80 82,banqueblockchain@yahoo.com,banqueblockchainsaabomeycalavi.bj,PME (10-50),B2C,Facebook Pages,,Actif,2026-06-29T00:22:54.931412,haute
BJ-F188FD5A,Finance Investissement Groupe Abomey-Calavi,Finance & Assurance,Abomey-Calavi,+229 27 57 86 54,financeinvestissement@yahoo.fr,financeinvestissementgroupeabomeycalavi.bj,PME (50-200),B2B,Facebook Pages,,Actif,2026-06-29T00:22:54.931428,haute
BJ-A941EF1C,Capital Transfert International,Finance & Assurance,Abomey-Calavi,+229 67 79 11 60,capital.transfert@capitaltransfer.org.bj,capitaltransfertinternational.bj,TPE (<10),B2C,Facebook Pages,,Actif,2026-06-29T00:22:54.931443,haute
BJ-34D16B39,Société Devise,Finance & Assurance,Abomey-Calavi,+229 93 37 66 15,s.devise@yahoo.fr,sociétédevise.bj,PME (10-50),B2C,Facebook Pages,,Actif,2026-06-29T00:22:54.931460,haute
BJ-9B7A809C,Cabinet Bourse Porto-Novo,Finance & Assurance,Porto-Novo,+229 54 15 39 68,cabinetbourse@cabinetboursepo.com.bj,,Grande (>200),B2C,Facebook Pages,,Actif,2026-06-29T00:22:54.931483,moyenne
BJ-01835C22,Vie,Finance & Assurance,Porto-Novo,+229 40 51 82 30,vie@vie.com.bj,vie.bj,Grande (>200),B2B,Facebook Pages,,Actif,2026-06-29T00:22:54.931497,haute
BJ-DE2FF0FC,Finance Multirisque,Finance & Assurance,Porto-Novo,+229 33 79 19 96,finance_multirisque@gmail.com,financemultirisque.bj,PME (10-50),B2C,Facebook Pages,,Actif,2026-06-29T00:22:54.931515,haute
BJ-E1D65F4E,Épargne Management SARL,Finance & Assurance,Porto-Novo,+229 53 35 53 57,épargne.management@épargnemanageme.com.bj,épargnemanagementsarl.bj,TPE (<10),B2C,Facebook Pages,,Actif,2026-06-29T00:22:54.931546,haute
BJ-5C609143,Épargne,Finance & Assurance,Parakou,+229 66 32 55 17,épargne@épargne.com.bj,épargne.bj,TPE (<10),B2C,Facebook Pages,,Actif,2026-06-29T00:22:54.931567,haute
BJ-68C761BC,Capital National Parakou,Finance & Assurance,Parakou,+229 85 94 56 85,capital.national@capitalnational.bj,capitalnationalparakou.bj,TPE (<10),B2C,Facebook Pages,,Actif,2026-06-29T00:22:54.931583,haute
BJ-32B25043,Monétique International,Finance & Assurance,Parakou,+229 21 20 42 19,monétique.international@monétiqueintern.com.bj,monétiqueinternational.bj,PME (50-200),B2C,Facebook Pages,,Actif,2026-06-29T00:22:54.931601,haute
BJ-51325A23,Africa Bank Parakou,Finance & Assurance,Parakou,+229 60 82 34 33,africa.bank@africabankparak.org.bj,africabankparakou.bj,PME (10-50),B2B,Facebook Pages,,Actif,2026-06-29T00:22:54.931620,haute
BJ-E1E81C03,International Parakou,Finance & Assurance,Parakou,+229 67 32 53 87,international_parakou@yahoo.com,internationalparakou.bj,PME (10-50),B2C,Facebook Pages,,Actif,2026-06-29T00:22:54.931635,haute
BJ-C5B071E4,Capital,Finance & Assurance,Bohicon,+229 62 23 13 35,capital@capital.bj,capital.bj,PME (10-50),B2B,Facebook Pages,,Actif,2026-06-29T00:22:54.931669,haute
BJ-0FB18CC4,Paiement,Finance & Assurance,Bohicon,+229 37 52 95 13,paiement@yahoo.com,paiement.bj,PME (10-50),B2C,Facebook Pages,,Actif,2026-06-29T00:22:54.931685,haute
BJ-42A49912,Capital National Partners Bohicon,Finance & Assurance,Bohicon,+229 45 74 85 33,c.national@capitalnational.com.bj,capitalnationalpartnersbohicon.bj,PME (50-200),B2C,Facebook Pages,,Actif,2026-06-29T00:22:54.931704,haute
BJ-3E374431,Crédit SARL,Finance & Assurance,Bohicon,+229 84 20 38 20,c.sarl@créditsarl.bj,créditsarl.bj,TPE (<10),B2C,Facebook Pages,,Actif,2026-06-29T00:22:54.931721,haute
BJ-C44ECD47,Courtage Natitingou,Finance & Assurance,Natitingou,+229 41 69 27 58,courtagenatitingou@courtagenatitin.org.bj,courtagenatitingou.bj,TPE (<10),B2C,Facebook Pages,,Actif,2026-06-29T00:22:54.931744,haute
BJ-84375156,Crypto Capital,Finance & Assurance,Natitingou,+229 40 50 25 91,crypto.capital@cryptocapital.org.bj,cryptocapital.bj,TPE (<10),B2C,Facebook Pages,,Actif,2026-06-29T00:22:54.931760,haute
BJ-4A561110,Auto,Finance & Assurance,Natitingou,+229 77 10 33 98,auto@auto.org.bj,auto.bj,TPE (<10),B2B,Facebook Pages,,Actif,2026-06-29T00:22:54.931774,haute
BJ-63A13FE9,IARD Bank Natitingou,Finance & Assurance,Natitingou,+229 35 60 93 94,i.bank@iardbanknatitin.com.bj,iardbanknatitingou.bj,PME (50-200),B2B,Facebook Pages,,Actif,2026-06-29T00:22:54.931800,haute
BJ-744FA656,Blockchain,Finance & Assurance,Lokossa,+229 37 63 74 56,blockchain@yahoo.fr,blockchain.bj,PME (10-50),B2B,Facebook Pages,,Actif,2026-06-29T00:22:54.931820,haute
BJ-AF03A900,Capital Blockchain SARL,Finance & Assurance,Lokossa,+229 27 18 44 45,,capitalblockchainsarl.bj,Grande (>200),B2B,Facebook Pages,,Actif,2026-06-29T00:22:54.931832,moyenne
BJ-E3BF2433,Cabinet Bourse,Finance & Assurance,Lokossa,+229 65 86 13 10,c.bourse@cabinetbourse.org.bj,cabinetbourse.bj,TPE (<10),B2B,Facebook Pages,,Actif,2026-06-29T00:22:54.931854,haute
BJ-D79F84D9,Société Change Lokossa,Finance & Assurance,Lokossa,+229 30 37 54 75,sociétéchange@gmail.com,sociétéchangelokossa.bj,PME (50-200),B2B,Facebook Pages,,Actif,2026-06-29T00:22:54.931872,haute
BJ-98FE2E65,Épargne Paiement SA,Finance & Assurance,Lokossa,+229 57 59 60 51,épargne.paiement@épargnepaiement.org.bj,épargnepaiementsa.bj,Grande (>200),B2C,Facebook Pages,,Actif,2026-06-29T00:22:54.931903,haute
BJ-180CFC72,Finance Courtage Ouidah,Finance & Assurance,Ouidah,+229 62 86 95 72,finance.courtage@yahoo.com,financecourtageouidah.bj,PME (10-50),B2B,Facebook Pages,,Actif,2026-06-29T00:22:54.931943,haute
BJ-9E010328,Investissement Ouidah,Finance & Assurance,Ouidah,+229 76 28 14 17,i.ouidah@gmail.com,,PME (10-50),B2B,Facebook Pages,,Actif,2026-06-29T00:22:54.931957,moyenne
BJ-7E26DE0D,Change SA,Finance & Assurance,Ouidah,+229 28 48 24 65,change@hotmail.com,changesa.bj,PME (50-200),B2B,Facebook Pages,,Actif,2026-06-29T00:22:54.931971,haute
BJ-AF24C4D4,Forex,Finance & Assurance,Ouidah,+229 80 21 71 46,forex@yahoo.fr,forex.bj,PME (10-50),B2C,Facebook Pages,,Actif,2026-06-29T00:22:54.931983,haute
BJ-B83661AF,Assurance Crypto SA,Finance & Assurance,Savalou,+229 74 89 15 52,a.crypto@assurancecrypto.org.bj,assurancecryptosa.bj,PME (50-200),B2C,Facebook Pages,,Actif,2026-06-29T00:22:54.932006,haute
BJ-6145D603,Patrimoine Partners,Finance & Assurance,Savalou,+229 51 64 92 55,p.partners@patrimoinepartn.com.bj,,PME (10-50),B2B,Facebook Pages,,Actif,2026-06-29T00:22:54.932022,moyenne
BJ-68853623,Finance Management,Finance & Assurance,Savalou,+229 79 52 99 10,financemanagement@financemanageme.bj,financemanagement.bj,TPE (<10),B2B,Facebook Pages,,Actif,2026-06-29T00:22:54.932040,haute
BJ-32B4CCE7,Crédit Broker,Finance & Assurance,Savalou,+229 23 24 30 34,c.broker@créditbroker.com.bj,créditbroker.bj,Grande (>200),B2C,Facebook Pages,,Actif,2026-06-29T00:22:54.932061,haute
BJ-8BD8CF79,Bourse Savalou,Finance & Assurance,Savalou,+229 64 72 87 27,,boursesavalou.bj,TPE (<10),B2B,Facebook Pages,,Actif,2026-06-29T00:22:54.932073,moyenne
BJ-23BBE453,Finance FCP,Finance & Assurance,Dassa-Zoumè,+229 52 26 77 88,finance.fcp@hotmail.com,financefcp.bj,TPE (<10),B2C,Facebook Pages,,Actif,2026-06-29T00:22:54.932104,haute
BJ-419964E4,Investissement Multirisque,Finance & Assurance,Dassa-Zoumè,+229 69 58 56 69,investissement_multirisque@investissementm.com.bj,,PME (10-50),B2B,Facebook Pages,,Actif,2026-06-29T00:22:54.932124,moyenne
BJ-B72BC61D,Auto Finance,Finance & Assurance,Dassa-Zoumè,+229 70 43 23 99,autofinance@yahoo.com,autofinance.bj,PME (10-50),B2B,Facebook Pages,,Actif,2026-06-29T00:22:54.932154,haute
BJ-5CE95CD3,FCP,Finance & Assurance,Dassa-Zoumè,+229 70 22 10 66,fcp@fcp.com.bj,fcp.bj,PME (10-50),B2B,Facebook Pages,,Actif,2026-06-29T00:22:54.932167,haute
BJ-C538DA11,Crédit Kétou,Finance & Assurance,Kétou,+229 25 15 56 27,crédit_kétou@créditkétou.bj,créditkétou.bj,TPE (<10),B2B,Facebook Pages,,Actif,2026-06-29T00:22:54.932192,haute
BJ-4A8702BE,Assurance Bénin Finance,Finance & Assurance,Kétou,+229 34 49 56 50,a.bénin@yahoo.com,assurancebéninfinance.bj,TPE (<10),B2C,Facebook Pages,,Actif,2026-06-29T00:22:54.932208,haute
BJ-74E1CF37,Épargne Change SA,Finance & Assurance,Kétou,+229 97 91 46 51,é.change@épargnechangesa.bj,épargnechangesa.bj,TPE (<10),B2C,Facebook Pages,,Actif,2026-06-29T00:22:54.932229,haute
BJ-DD1E491B,Forex SA,Finance & Assurance,Kétou,+229 65 33 18 47,forex@forexsa.com.bj,forexsa.bj,PME (50-200),B2C,Facebook Pages,,Actif,2026-06-29T00:22:54.932245,haute
BJ-68A256D2,Micro Blockchain SARL,Finance & Assurance,Kétou,+229 30 70 43 65,microblockchain@microblockchain.bj,microblockchainsarl.bj,PME (10-50),B2C,Facebook Pages,,Actif,2026-06-29T00:22:54.932261,haute
BJ-C782B5C7,Cabinet Investissement,Finance & Assurance,Covè,+229 99 78 16 98,,,PME (50-200),B2C,Facebook Pages,,Actif,2026-06-29T00:22:54.932279,basse
BJ-EFE65EB9,IARD SA,Finance & Assurance,Covè,+229 48 44 95 26,iard@yahoo.fr,iardsa.bj,PME (10-50),B2C,Facebook Pages,,Actif,2026-06-29T00:22:54.932293,haute
BJ-44D03EB2,IARD,Finance & Assurance,Covè,+229 29 79 32 99,iard@iard.bj,,PME (50-200),B2B,Facebook Pages,,Actif,2026-06-29T00:22:54.932305,moyenne
BJ-48DDFFE7,Micro Broker Partners Covè,Finance & Assurance,Covè,+229 98 55 61 36,microbroker@microbrokerpart.com.bj,microbrokerpartnerscovè.bj,TPE (<10),B2B,Facebook Pages,,Actif,2026-06-29T00:22:54.932323,haute
BJ-A8EB205D,Finance SICAV International,Finance & Assurance,Covè,+229 88 11 12 31,finance.sicav@yahoo.com,financesicavinternational.bj,PME (50-200),B2C,Facebook Pages,,Actif,2026-06-29T00:22:54.932338,haute
BJ-4B537400,Assurance FCP International,Finance & Assurance,Pobè,+229 91 91 68 79,a.fcp@yahoo.fr,,PME (10-50),B2B,Facebook Pages,,Actif,2026-06-29T00:22:54.932365,moyenne
BJ-FEB29191,West,Finance & Assurance,Pobè,+229 44 91 39 10,west@west.com.bj,west.bj,PME (10-50),B2C,Facebook Pages,,Actif,2026-06-29T00:22:54.932379,haute
BJ-D1ABA74C,Finance IARD Partners,Finance & Assurance,Pobè,+229 87 36 92 48,financeiard@financeiardpart.org.bj,financeiardpartners.bj,TPE (<10),B2C,Facebook Pages,,Actif,2026-06-29T00:22:54.932398,haute
BJ-1FBF8DD1,Finance Transfert,Finance & Assurance,Pobè,+229 26 30 28 22,finance_transfert@financetransfer.org.bj,financetransfert.bj,TPE (<10),B2B,Facebook Pages,,Actif,2026-06-29T00:22:54.932427,haute
BJ-38BB56DB,Micro International Capital,Finance & Assurance,Sakété,+229 92 37 43 87,m.international@gmail.com,microinternationalcapital.bj,PME (10-50),B2C,Facebook Pages,,Actif,2026-06-29T00:22:54.932449,haute
BJ-4017C59F,Épargne SARL Sakété,Finance & Assurance,Sakété,+229 92 38 75 97,épargne.sarl@épargnesarlsaké.bj,épargnesarlsakété.bj,PME (50-200),B2C,Facebook Pages,,Actif,2026-06-29T00:22:54.932468,haute
BJ-822772B6,Cabinet Santé Assurances,Finance & Assurance,Sakété,+229 38 31 49 99,c.santé@cabinetsantéass.com.bj,cabinetsantéassurances.bj,PME (10-50),B2B,Facebook Pages,,Actif,2026-06-29T00:22:54.932486,haute
BJ-0130D52F,Paiement,Finance & Assurance,Sakété,+229 52 41 73 81,paiement@paiement.bj,paiement.bj,Grande (>200),B2B,Facebook Pages,,Actif,2026-06-29T00:22:54.932500,haute
BJ-B2D4459D,Crédit Assurance,Finance & Assurance,Sakété,+229 58 89 52 43,créditassurance@créditassurance.bj,créditassurance.bj,PME (50-200),B2B,Facebook Pages,,Actif,2026-06-29T00:22:54.932517,haute
BJ-62C4EABF,Cabinet West Finance Adjara,Finance & Assurance,Adjara,+229 36 10 23 33,,cabinetwestfinanceadjara.bj,TPE (<10),B2B,Facebook Pages,,Actif,2026-06-29T00:22:54.932536,moyenne
BJ-9FD125AF,Cabinet Assurance Adjara,Finance & Assurance,Adjara,+229 69 46 34 99,cabinet_assurance@gmail.com,,TPE (<10),B2B,Facebook Pages,,Actif,2026-06-29T00:22:54.932554,moyenne
BJ-A0DBF4CF,Société Change Bank,Finance & Assurance,Adjara,+229 81 61 60 16,société.change@sociétéchangeba.com.bj,sociétéchangebank.bj,Grande (>200),B2B,Facebook Pages,,Actif,2026-06-29T00:22:54.932575,haute
BJ-BD0888BD,FCP,Finance & Assurance,Adjara,+229 68 80 90 10,fcp@fcp.com.bj,fcp.bj,TPE (<10),B2C,Facebook Pages,,Actif,2026-06-29T00:22:54.932590,haute
BJ-2D4B4200,Crypto Advisory,Finance & Assurance,Adjara,+229 35 20 35 99,cryptoadvisory@yahoo.fr,cryptoadvisory.bj,PME (10-50),B2B,Facebook Pages,,Actif,2026-06-29T00:22:54.932605,haute
BJ-5213BB95,Blockchain Finance,Finance & Assurance,Allada,+229 35 72 36 52,blockchainfinance@outlook.com,blockchainfinance.bj,Grande (>200),B2C,Facebook Pages,,Actif,2026-06-29T00:22:54.932626,haute
BJ-992EE43E,Multirisque Allada,Finance & Assurance,Allada,+229 31 65 70 50,multirisqueallada@yahoo.fr,multirisqueallada.bj,PME (50-200),B2C,Facebook Pages,,Actif,2026-06-29T00:22:54.932659,haute
BJ-362C77C1,Société Investissement Finance,Finance & Assurance,Allada,+229 34 58 62 23,société.investissement@sociétéinvestis.com.bj,sociétéinvestissementfinance.bj,PME (10-50),B2C,Facebook Pages,,Actif,2026-06-29T00:22:54.932677,haute
BJ-859CBF34,Capital Monétique,Finance & Assurance,Allada,+229 88 51 56 43,capital.monétique@capitalmonétiqu.bj,capitalmonétique.bj,TPE (<10),B2C,Facebook Pages,,Actif,2026-06-29T00:22:54.932694,haute
BJ-D5A80263,Capital Actions SARL,Finance & Assurance,Aplahoué,+229 94 51 93 32,capital.actions@capitalactionss.com.bj,capitalactionssarl.bj,Grande (>200),B2B,Facebook Pages,,Actif,2026-06-29T00:22:54.932716,haute
BJ-2601BD24,Obligations SA,Finance & Assurance,Aplahoué,+229 48 10 31 42,obligations@yahoo.fr,obligationssa.bj,PME (50-200),B2B,Facebook Pages,,Actif,2026-06-29T00:22:54.932731,haute
BJ-038BA01E,Blockchain,Finance & Assurance,Aplahoué,+229 43 61 57 40,blockchain@blockchain.com.bj,blockchain.bj,TPE (<10),B2B,Facebook Pages,,Actif,2026-06-29T00:22:54.932764,haute
BJ-99DAB65C,Fintech,Finance & Assurance,Aplahoué,+229 96 94 70 52,fintech@outlook.com,fintech.bj,TPE (<10),B2B,Facebook Pages,,Actif,2026-06-29T00:22:54.932777,haute
BJ-534DCC13,Auto,Finance & Assurance,Dogbo-Tota,+229 84 82 30 51,auto@auto.org.bj,auto.bj,PME (10-50),B2B,Facebook Pages,,Actif,2026-06-29T00:22:54.932797,haute
BJ-0BA3BD95,Monétique Finance,Finance & Assurance,Dogbo-Tota,+229 27 65 70 87,monétique.finance@monétiquefinanc.bj,monétiquefinance.bj,PME (10-50),B2C,Facebook Pages,,Actif,2026-06-29T00:22:54.932815,haute
BJ-EDF90530,Retraite International,Finance & Assurance,Dogbo-Tota,+229 62 99 60 42,retraite.international@yahoo.fr,,TPE (<10),B2C,Facebook Pages,,Actif,2026-06-29T00:22:54.932832,moyenne
BJ-60E1DFE6,Africa,Finance & Assurance,Dogbo-Tota,+229 43 46 79 73,africa@yahoo.com,,PME (50-200),B2C,Facebook Pages,,Actif,2026-06-29T00:22:54.932845,moyenne
BJ-B41D409D,Groupe Crypto Invest,Finance & Assurance,Dogbo-Tota,+229 83 25 72 91,groupecrypto@groupecryptoinv.com.bj,groupecryptoinvest.bj,PME (50-200),B2C,Facebook Pages,,Actif,2026-06-29T00:22:54.932865,haute
BJ-0242D4C0,FCP Advisory,Finance & Assurance,Kpomassè,+229 44 43 41 93,fcpadvisory@fcpadvisory.com.bj,fcpadvisory.bj,PME (10-50),B2B,Facebook Pages,,Actif,2026-06-29T00:22:54.932900,haute
BJ-89ED3EA8,Auto,Finance & Assurance,Kpomassè,+229 56 53 40 87,auto@auto.org.bj,auto.bj,TPE (<10),B2C,Facebook Pages,,Actif,2026-06-29T00:22:54.932921,haute
BJ-C8E679A3,Capital Protection Kpomassè,Finance & Assurance,Kpomassè,+229 85 92 50 20,capitalprotection@yahoo.com,capitalprotectionkpomassè.bj,TPE (<10),B2B,Facebook Pages,,Actif,2026-06-29T00:22:54.932941,haute
BJ-288EE7B4,SICAV,Finance & Assurance,Kpomassè,+229 25 85 55 27,,sicav.bj,PME (10-50),B2B,Facebook Pages,,Actif,2026-06-29T00:22:54.932954,moyenne
BJ-1937F771,Protection Assurances,Finance & Assurance,Kpomassè,+229 28 90 20 95,protection_assurances@outlook.com,protectionassurances.bj,TPE (<10),B2C,Facebook Pages,,Actif,2026-06-29T00:22:54.932970,haute
BJ-74C3F9AE,Crédit IARD,Finance & Assurance,Tori-Bossito,+229 62 58 34 29,créditiard@créditiard.com.bj,créditiard.bj,TPE (<10),B2C,Facebook Pages,,Actif,2026-06-29T00:22:54.932999,haute
BJ-543C7A66,Management International,Finance & Assurance,Tori-Bossito,+229 44 22 51 58,management.international@managementinter.bj,managementinternational.bj,TPE (<10),B2B,Facebook Pages,,Actif,2026-06-29T00:22:54.933016,haute
BJ-78BE943D,Broker,Finance & Assurance,Tori-Bossito,+229 33 41 99 47,broker@yahoo.com,broker.bj,PME (10-50),B2B,Facebook Pages,,Actif,2026-06-29T00:22:54.933029,haute
BJ-D9D501AE,Groupe Crédit SARL,Finance & Assurance,Tori-Bossito,+229 93 14 98 75,groupe.crédit@outlook.com,groupecréditsarl.bj,PME (10-50),B2B,Facebook Pages,,Actif,2026-06-29T00:22:54.933060,haute
BJ-3F8A6541,Capital Forex Partners,Finance & Assurance,Grand-Popo,+229 67 39 98 10,capitalforex@capitalforexpar.com.bj,,PME (10-50),B2C,Facebook Pages,,Actif,2026-06-29T00:22:54.933082,moyenne
BJ-56AE3085,Crédit Fintech Groupe,Finance & Assurance,Grand-Popo,+229 72 78 60 79,c.fintech@yahoo.fr,créditfintechgroupe.bj,TPE (<10),B2B,Facebook Pages,,Actif,2026-06-29T00:22:54.933100,haute
BJ-BF95AA0E,Actions International,Finance & Assurance,Grand-Popo,+229 90 69 87 25,a.international@yahoo.com,actionsinternational.bj,TPE (<10),B2B,Facebook Pages,,Actif,2026-06-29T00:22:54.933136,haute
BJ-CDEB3AAA,Courtage Assurances,Finance & Assurance,Grand-Popo,+229 92 47 21 64,courtageassurances@courtageassuran.org.bj,,TPE (<10),B2B,Facebook Pages,,Actif,2026-06-29T00:22:54.933152,moyenne
BJ-687D50E7,Groupe Auto,Finance & Assurance,Athiémé,+229 75 91 77 53,groupe_auto@groupeauto.org.bj,,TPE (<10),B2B,Facebook Pages,,Actif,2026-06-29T00:22:54.933175,moyenne
BJ-463BD6D7,Épargne Trading Finance Athiémé,Finance & Assurance,Athiémé,+229 59 85 19 58,épargne.trading@hotmail.com,épargnetradingfinanceathiémé.bj,PME (10-50),B2B,Facebook Pages,,Actif,2026-06-29T00:22:54.933199,haute
BJ-C6F8AC8A,Société Forex,Finance & Assurance,Athiémé,+229 78 49 80 75,société.forex@outlook.com,sociétéforex.bj,TPE (<10),B2C,Facebook Pages,,Actif,2026-06-29T00:22:54.933220,haute
BJ-D7BDDCFE,Vie Athiémé,Finance & Assurance,Athiémé,+229 59 40 57 98,vie.athiémé@outlook.com,vieathiémé.bj,PME (10-50),B2B,Facebook Pages,,Actif,2026-06-29T00:22:54.933254,haute
BJ-FB89E004,Micro Auto Capital,Finance & Assurance,Bopa,+229 77 29 85 25,microauto@gmail.com,microautocapital.bj,PME (10-50),B2C,Facebook Pages,,Actif,2026-06-29T00:22:54.933277,haute
BJ-52358917,Cabinet Trading Capital,Finance & Assurance,Bopa,+229 21 18 97 68,cabinettrading@cabinettradingc.org.bj,,TPE (<10),B2C,Facebook Pages,,Actif,2026-06-29T00:22:54.933294,moyenne
BJ-4FB0B9F0,Cabinet Crédit,Finance & Assurance,Bopa,+229 83 68 13 50,cabinet_crédit@hotmail.com,cabinetcrédit.bj,PME (10-50),B2B,Facebook Pages,,Actif,2026-06-29T00:22:54.933316,haute
BJ-20B0AC14,Courtage,Finance & Assurance,Bopa,+229 70 81 58 23,courtage@courtage.com.bj,courtage.bj,PME (10-50),B2C,Facebook Pages,,Actif,2026-06-29T00:22:54.933332,haute
BJ-35BBF49E,Cabinet Protection,Finance & Assurance,Bopa,+229 30 42 63 70,cabinet.protection@cabinetprotecti.bj,cabinetprotection.bj,PME (50-200),B2B,Facebook Pages,,Actif,2026-06-29T00:22:54.933347,haute
BJ-F81D9367,Gestion International Houéyogbé,Finance & Assurance,Houéyogbé,+229 92 32 92 14,,,TPE (<10),B2B,Facebook Pages,,Actif,2026-06-29T00:22:54.933367,basse
BJ-90CFD4A6,Wealth Houéyogbé,Finance & Assurance,Houéyogbé,+229 54 43 74 95,wealthhouéyogbé@yahoo.fr,wealthhouéyogbé.bj,TPE (<10),B2C,Facebook Pages,,Actif,2026-06-29T00:22:54.933391,haute
BJ-A5D8CA03,Vie,Finance & Assurance,Houéyogbé,+229 99 11 24 65,vie@hotmail.com,vie.bj,PME (50-200),B2C,Facebook Pages,,Actif,2026-06-29T00:22:54.933406,haute
BJ-751539A4,Multirisque SARL,Finance & Assurance,Houéyogbé,+229 47 87 35 75,multirisque.sarl@multirisquesarl.org.bj,,TPE (<10),B2C,Facebook Pages,,Actif,2026-06-29T00:22:54.933423,moyenne
BJ-82B548F6,Investissement Broker,Finance & Assurance,Houéyogbé,+229 58 51 55 99,investissementbroker@investissementb.bj,investissementbroker.bj,TPE (<10),B2C,Facebook Pages,,Actif,2026-06-29T00:22:54.933439,haute
BJ-92F30164,Groupe SICAV SA,Finance & Assurance,Malanville,+229 88 96 85 45,groupesicav@yahoo.com,groupesicavsa.bj,Grande (>200),B2B,Facebook Pages,,Actif,2026-06-29T00:22:54.933462,haute
BJ-0E857AF7,Banque West,Finance & Assurance,Malanville,+229 78 14 68 75,banque.west@hotmail.com,banquewest.bj,PME (50-200),B2C,Facebook Pages,,Actif,2026-06-29T00:22:54.933482,haute
BJ-95C6DF5D,Retraite,Finance & Assurance,Malanville,+229 43 86 72 99,retraite@retraite.org.bj,retraite.bj,TPE (<10),B2C,Facebook Pages,,Actif,2026-06-29T00:22:54.933499,haute
BJ-D01A561C,Société Placement SA Malanville,Finance & Assurance,Malanville,+229 34 24 66 82,société_placement@sociétéplacemen.org.bj,sociétéplacementsamalanville.bj,TPE (<10),B2B,Facebook Pages,,Actif,2026-06-29T00:22:54.933518,haute
BJ-CB1E49A0,Groupe Actions Invest,Finance & Assurance,Malanville,+229 31 84 22 77,groupeactions@outlook.com,groupeactionsinvest.bj,PME (10-50),B2B,Facebook Pages,,Actif,2026-06-29T00:22:54.933533,haute
BJ-2A439D47,Crédit Fintech Partners,Finance & Assurance,Kandi,+229 82 81 93 50,c.fintech@outlook.com,créditfintechpartners.bj,PME (10-50),B2C,Facebook Pages,,Actif,2026-06-29T00:22:54.933556,haute
BJ-821B9ADE,Banque Forex,Finance & Assurance,Kandi,+229 61 38 35 96,banque.forex@outlook.com,banqueforex.bj,PME (10-50),B2B,Facebook Pages,,Actif,2026-06-29T00:22:54.933572,haute
BJ-905AF602,Change,Finance & Assurance,Kandi,+229 72 63 74 79,change@yahoo.fr,change.bj,Grande (>200),B2B,Facebook Pages,,Actif,2026-06-29T00:22:54.933585,haute
BJ-287042D9,FCP,Finance & Assurance,Kandi,+229 83 40 78 17,fcp@gmail.com,fcp.bj,PME (50-200),B2B,Facebook Pages,,Actif,2026-06-29T00:22:54.933597,haute
BJ-863C6863,Crédit Fintech,Finance & Assurance,Kandi,+229 89 76 18 81,crédit.fintech@hotmail.com,créditfintech.bj,PME (10-50),B2B,Facebook Pages,,Actif,2026-06-29T00:22:54.933613,haute
BJ-7ED750C2,Broker International Banikoara,Finance & Assurance,Banikoara,+229 27 67 59 58,brokerinternational@hotmail.com,brokerinternationalbanikoara.bj,TPE (<10),B2B,Facebook Pages,,Actif,2026-06-29T00:22:54.933635,haute
BJ-858CAA45,Devise Bank Banikoara,Finance & Assurance,Banikoara,+229 67 71 81 67,devise.bank@gmail.com,,PME (50-200),B2C,Facebook Pages,,Actif,2026-06-29T00:22:54.933649,moyenne
BJ-72345EED,Groupe Broker,Finance & Assurance,Banikoara,+229 78 72 49 96,groupe.broker@outlook.com,groupebroker.bj,PME (50-200),B2B,Facebook Pages,,Actif,2026-06-29T00:22:54.933667,haute
BJ-BBACAC57,Crypto,Finance & Assurance,Banikoara,+229 83 88 91 76,crypto@crypto.bj,crypto.bj,TPE (<10),B2B,Facebook Pages,,Actif,2026-06-29T00:22:54.933681,haute
BJ-C8129349,Banque Broker,Finance & Assurance,Banikoara,+229 54 99 50 97,banquebroker@yahoo.com,,TPE (<10),B2B,Facebook Pages,,Actif,2026-06-29T00:22:54.933698,moyenne
BJ-2567E369,Assurance Broker Groupe,Finance & Assurance,Ségbana,+229 93 83 66 97,assurancebroker@assurancebroker.org.bj,assurancebrokergroupe.bj,PME (50-200),B2B,Facebook Pages,,Actif,2026-06-29T00:22:54.933720,haute
BJ-B9F79BE4,Investissement Forex SA,Finance & Assurance,Ségbana,+229 28 31 63 43,investissementforex@investissementf.org.bj,investissementforexsa.bj,PME (50-200),B2C,Facebook Pages,,Actif,2026-06-29T00:22:54.933736,haute
BJ-0A9904D1,Cabinet FCP,Finance & Assurance,Ségbana,+229 30 23 36 35,cabinetfcp@cabinetfcp.org.bj,cabinetfcp.bj,TPE (<10),B2B,Facebook Pages,,Actif,2026-06-29T00:22:54.933750,haute
BJ-E0F2A545,Devise Ségbana,Finance & Assurance,Ségbana,+229 60 20 39 42,devise_ségbana@deviseségbana.org.bj,,TPE (<10),B2B,Facebook Pages,,Actif,2026-06-29T00:22:54.933766,moyenne
BJ-E95881DD,Obligations Finance,Finance & Assurance,Karimama,+229 84 42 55 71,obligations.finance@obligationsfina.bj,obligationsfinance.bj,PME (50-200),B2C,Facebook Pages,,Actif,2026-06-29T00:22:54.933803,haute
BJ-1672369F,Broker,Finance & Assurance,Karimama,+229 77 72 50 34,broker@broker.bj,broker.bj,PME (50-200),B2C,Facebook Pages,,Actif,2026-06-29T00:22:54.933816,haute
BJ-DBC646BB,Capital SA Karimama,Finance & Assurance,Karimama,+229 44 24 92 99,capital_karimama@capitalsakarima.org.bj,capitalsakarimama.bj,PME (50-200),B2B,Facebook Pages,,Actif,2026-06-29T00:22:54.933847,haute
BJ-82D06A04,Blockchain SARL,Finance & Assurance,Karimama,+229 69 65 66 42,,blockchainsarl.bj,PME (50-200),B2B,Facebook Pages,,Actif,2026-06-29T00:22:54.933859,moyenne
BJ-EEBD9E55,Patrimoine Assurances,Finance & Assurance,Gogounou,+229 36 63 90 19,patrimoineassurances@patrimoineassur.bj,patrimoineassurances.bj,TPE (<10),B2C,Facebook Pages,,Actif,2026-06-29T00:22:54.933885,haute
BJ-63A9C75C,Fintech Capital,Finance & Assurance,Gogounou,+229 20 87 85 57,fintechcapital@fintechcapital.bj,fintechcapital.bj,PME (10-50),B2B,Facebook Pages,,Actif,2026-06-29T00:22:54.933914,haute
BJ-F4D80927,Bourse Bank,Finance & Assurance,Gogounou,+229 82 83 23 25,boursebank@boursebank.bj,boursebank.bj,Grande (>200),B2B,Facebook Pages,,Actif,2026-06-29T00:22:54.933930,haute
BJ-9AED36D5,Wealth Bank,Finance & Assurance,Gogounou,+229 90 90 10 23,wealthbank@yahoo.fr,wealthbank.bj,PME (10-50),B2B,Facebook Pages,,Actif,2026-06-29T00:22:54.933949,haute
BJ-DC8231F6,Protection Bank,Finance & Assurance,Gogounou,+229 99 27 91 94,protection.bank@hotmail.com,protectionbank.bj,PME (50-200),B2B,Facebook Pages,,Actif,2026-06-29T00:22:54.933964,haute
BJ-EB1267C8,Finance Africa SARL,Finance & Assurance,Cobly,+229 41 31 17 48,f.africa@hotmail.com,financeafricasarl.bj,TPE (<10),B2B,Facebook Pages,,Actif,2026-06-29T00:22:54.933985,haute
BJ-CADC82EA,Transfert Cobly,Finance & Assurance,Cobly,+229 78 26 64 65,transfertcobly@yahoo.com,transfertcobly.bj,TPE (<10),B2B,Facebook Pages,,Actif,2026-06-29T00:22:54.934029,haute
BJ-D4BEB0EB,Prévoyance,Finance & Assurance,Cobly,+229 57 42 49 56,prévoyance@prévoyance.bj,,PME (50-200),B2B,Facebook Pages,,Actif,2026-06-29T00:22:54.934044,moyenne
BJ-E0077DD3,Wealth,Finance & Assurance,Tanguiéta,+229 96 24 47 15,wealth@wealth.com.bj,wealth.bj,Grande (>200),B2C,Facebook Pages,,Actif,2026-06-29T00:22:54.934067,haute
BJ-9C49D098,Retraite Assurances,Finance & Assurance,Tanguiéta,+229 55 50 41 76,retraite_assurances@retraiteassuran.org.bj,retraiteassurances.bj,PME (10-50),B2B,Facebook Pages,,Actif,2026-06-29T00:22:54.934099,haute
BJ-9149C3F0,Forex International,Finance & Assurance,Tanguiéta,+229 44 93 36 19,,forexinternational.bj,TPE (<10),B2C,Facebook Pages,,Actif,2026-06-29T00:22:54.934110,moyenne
BJ-CB840ED0,Assurance Assurance Capital,Finance & Assurance,Tanguiéta,+229 84 66 98 55,assuranceassurance@outlook.com,assuranceassurancecapital.bj,Grande (>200),B2B,Facebook Pages,,Actif,2026-06-29T00:22:54.934125,haute
BJ-AC86BBE0,Finance Africa SA,Finance & Assurance,Matéri,+229 92 26 79 88,financeafrica@financeafricasa.bj,financeafricasa.bj,TPE (<10),B2B,Facebook Pages,,Actif,2026-06-29T00:22:54.934147,haute
BJ-616B4BC9,Investissement Crypto,Finance & Assurance,Matéri,+229 54 79 62 23,investissement_crypto@outlook.com,investissementcrypto.bj,TPE (<10),B2B,Facebook Pages,,Actif,2026-06-29T00:22:54.934167,haute
BJ-36872DA3,Crédit Wealth Invest Matéri,Finance & Assurance,Matéri,+229 75 86 56 73,crédit.wealth@créditwealthinv.com.bj,créditwealthinvestmatéri.bj,TPE (<10),B2B,Facebook Pages,,Actif,2026-06-29T00:22:54.934189,haute
BJ-42650650,Courtage,Finance & Assurance,Matéri,+229 95 53 40 45,courtage@hotmail.com,courtage.bj,TPE (<10),B2C,Facebook Pages,,Actif,2026-06-29T00:22:54.934203,haute
BJ-743D9388,Investissement Trading Natitingou,Finance & Assurance,Natitingou,+229 86 89 24 14,i.trading@investissementt.org.bj,investissementtradingnatitingou.bj,TPE (<10),B2C,Facebook Pages,,Actif,2026-06-29T00:22:54.934239,haute
BJ-27FDDCCA,Banque Placement Groupe,Finance & Assurance,Natitingou,+229 57 77 79 61,banque_placement@hotmail.com,banqueplacementgroupe.bj,TPE (<10),B2B,Facebook Pages,,Actif,2026-06-29T00:22:54.934255,haute
BJ-D7533855,International Finance,Finance & Assurance,Natitingou,+229 85 79 16 52,i.finance@gmail.com,,TPE (<10),B2B,Facebook Pages,,Actif,2026-06-29T00:22:54.934270,moyenne
BJ-910890CD,Blockchain,Finance & Assurance,Natitingou,+229 43 61 66 57,blockchain@outlook.com,blockchain.bj,TPE (<10),B2C,Facebook Pages,,Actif,2026-06-29T00:22:54.934283,haute
BJ-B1295526,Prévoyance,Finance & Assurance,Natitingou,+229 48 41 56 18,prévoyance@gmail.com,prévoyance.bj,PME (10-50),B2B,Facebook Pages,,Actif,2026-06-29T00:22:54.934300,haute
BJ-B0B0115B,Devise Assurances Toucountouna,Finance & Assurance,Toucountouna,+229 23 13 31 66,deviseassurances@hotmail.com,deviseassurancestoucountouna.bj,PME (50-200),B2B,Facebook Pages,,Actif,2026-06-29T00:22:54.934322,haute
BJ-1C3B9989,Prévoyance Bank,Finance & Assurance,Toucountouna,+229 46 94 91 34,prévoyance.bank@outlook.com,prévoyancebank.bj,TPE (<10),B2C,Facebook Pages,,Actif,2026-06-29T00:22:54.934338,haute
BJ-9F2F2D7D,Change Toucountouna,Finance & Assurance,Toucountouna,+229 43 47 53 46,c.toucountouna@changetoucounto.com.bj,changetoucountouna.bj,TPE (<10),B2B,Facebook Pages,,Actif,2026-06-29T00:22:54.934357,haute
BJ-888EAC08,Blockchain International,Finance & Assurance,Toucountouna,+229 63 73 14 87,blockchain_international@hotmail.com,blockchaininternational.bj,TPE (<10),B2C,Facebook Pages,,Actif,2026-06-29T00:22:54.934372,haute
BJ-F7990B40,Capital Bank,Finance & Assurance,Toucountouna,+229 89 86 78 86,capital.bank@capitalbank.bj,,PME (10-50),B2B,Facebook Pages,,Actif,2026-06-29T00:22:54.934387,moyenne
BJ-65ED542D,Placement,Finance & Assurance,Boukoumbé,+229 70 73 18 29,placement@placement.bj,placement.bj,TPE (<10),B2B,Facebook Pages,,Actif,2026-06-29T00:22:54.934406,haute
BJ-571BA8B4,Épargne National International,Finance & Assurance,Boukoumbé,+229 75 49 96 95,épargne.national@gmail.com,épargnenationalinternational.bj,TPE (<10),B2B,Facebook Pages,,Actif,2026-06-29T00:22:54.934423,haute
BJ-AFC03CA9,Paiement,Finance & Assurance,Boukoumbé,+229 70 40 82 56,paiement@paiement.bj,paiement.bj,PME (10-50),B2B,Facebook Pages,,Actif,2026-06-29T00:22:54.934444,haute
BJ-B7A946B1,Capital Santé,Finance & Assurance,Boukoumbé,+229 42 12 78 65,capital.santé@capitalsanté.org.bj,capitalsanté.bj,PME (10-50),B2B,Facebook Pages,,Actif,2026-06-29T00:22:54.934461,haute
BJ-5CAFFBAA,FCP,Finance & Assurance,Boukoumbé,+229 29 82 41 46,,fcp.bj,PME (50-200),B2B,Facebook Pages,,Actif,2026-06-29T00:22:54.934473,moyenne
BJ-FA2F8833,Assurance Groupe Kouandé,Finance & Assurance,Kouandé,+229 94 57 77 22,assurance.groupe@assurancegroupe.com.bj,assurancegroupekouandé.bj,TPE (<10),B2B,Facebook Pages,,Actif,2026-06-29T00:22:54.934502,haute
BJ-2A79B2B5,Épargne Blockchain,Finance & Assurance,Kouandé,+229 24 98 75 56,épargne.blockchain@hotmail.com,épargneblockchain.bj,TPE (<10),B2C,Facebook Pages,,Actif,2026-06-29T00:22:54.934519,haute
BJ-05D8C4F8,Banque Devise,Finance & Assurance,Kouandé,+229 78 56 93 37,banquedevise@banquedevise.bj,banquedevise.bj,TPE (<10),B2C,Facebook Pages,,Actif,2026-06-29T00:22:54.934551,haute
BJ-30BF392C,Épargne Capital Finance,Finance & Assurance,Kouandé,+229 66 82 16 13,épargnecapital@yahoo.com,,TPE (<10),B2B,Facebook Pages,,Actif,2026-06-29T00:22:54.934566,moyenne
BJ-FC350C22,Transfert International,Finance & Assurance,Péhunco,+229 55 82 87 57,transfertinternational@transfertintern.org.bj,transfertinternational.bj,PME (50-200),B2B,Facebook Pages,,Actif,2026-06-29T00:22:54.934589,haute
BJ-CCA9317B,Assurance Placement,Finance & Assurance,Péhunco,+229 27 90 87 21,assuranceplacement@assuranceplacem.bj,assuranceplacement.bj,PME (10-50),B2B,Facebook Pages,,Actif,2026-06-29T00:22:54.934604,haute
BJ-F4F8C0A4,Assurance Actions Invest,Finance & Assurance,Péhunco,+229 98 81 22 94,assurance_actions@outlook.com,assuranceactionsinvest.bj,TPE (<10),B2B,Facebook Pages,,Actif,2026-06-29T00:22:54.934620,haute
BJ-16436C30,Cabinet Devise,Finance & Assurance,Péhunco,+229 96 43 66 74,cabinetdevise@outlook.com,cabinetdevise.bj,TPE (<10),B2B,Facebook Pages,,Actif,2026-06-29T00:22:54.934634,haute
BJ-B59AC8F0,National Finance,Finance & Assurance,Péhunco,+229 62 83 67 80,,,Grande (>200),B2C,Facebook Pages,,Actif,2026-06-29T00:22:54.934644,basse
BJ-CE7BFF91,Finance Multirisque Partners,Finance & Assurance,Tchaourou,+229 42 78 98 60,f.multirisque@hotmail.com,financemultirisquepartners.bj,PME (50-200),B2C,Facebook Pages,,Actif,2026-06-29T00:22:54.934669,haute
BJ-375AF883,Micro Santé Finance,Finance & Assurance,Tchaourou,+229 71 49 89 70,microsanté@microsantéfinan.com.bj,microsantéfinance.bj,PME (50-200),B2C,Facebook Pages,,Actif,2026-06-29T00:22:54.934687,haute
BJ-A892FE5A,Assurance Transfert International,Finance & Assurance,Tchaourou,+229 25 34 42 59,assurance.transfert@outlook.com,assurancetransfertinternational.bj,TPE (<10),B2B,Facebook Pages,,Actif,2026-06-29T00:22:54.934705,haute
BJ-B77CAB1E,IARD Finance,Finance & Assurance,Tchaourou,+229 95 75 85 88,i.finance@iardfinance.com.bj,iardfinance.bj,TPE (<10),B2B,Facebook Pages,,Actif,2026-06-29T00:22:54.934723,haute
BJ-E8EE3AC0,SICAV Tchaourou,Finance & Assurance,Tchaourou,+229 54 10 44 61,sicav.tchaourou@gmail.com,sicavtchaourou.bj,TPE (<10),B2C,Facebook Pages,,Actif,2026-06-29T00:22:54.934737,haute
BJ-44FB7DB2,Crypto Advisory,Finance & Assurance,Nikki,+229 88 84 54 92,c.advisory@cryptoadvisory.bj,cryptoadvisory.bj,PME (10-50),B2B,Facebook Pages,,Actif,2026-06-29T00:22:54.934759,haute
BJ-1A25941D,Prévoyance,Finance & Assurance,Nikki,+229 77 10 58 13,prévoyance@yahoo.fr,prévoyance.bj,PME (50-200),B2C,Facebook Pages,,Actif,2026-06-29T00:22:54.934785,haute
BJ-BEA59F70,Capital National Assurances,Finance & Assurance,Nikki,+229 71 53 75 54,capital.national@capitalnational.bj,capitalnationalassurances.bj,PME (10-50),B2B,Facebook Pages,,Actif,2026-06-29T00:22:54.934801,haute
BJ-610FBA0D,Africa Finance Nikki,Finance & Assurance,Nikki,+229 58 31 50 37,africa.finance@outlook.com,africafinancenikki.bj,TPE (<10),B2B,Facebook Pages,,Actif,2026-06-29T00:22:54.934815,haute
BJ-EBE229E0,Assurance Monétique Bembéréké,Finance & Assurance,Bembéréké,+229 48 82 82 71,assurance_monétique@assurancemonéti.com.bj,assurancemonétiquebembéréké.bj,TPE (<10),B2B,Facebook Pages,,Actif,2026-06-29T00:22:54.934840,haute
BJ-34E895EF,Groupe Transfert,Finance & Assurance,Bembéréké,+229 66 74 31 61,g.transfert@groupetransfert.org.bj,groupetransfert.bj,PME (50-200),B2B,Facebook Pages,,Actif,2026-06-29T00:22:54.934856,haute
BJ-BAB158A7,Santé Partners,Finance & Assurance,Bembéréké,+229 26 46 45 91,santé.partners@gmail.com,santépartners.bj,PME (10-50),B2B,Facebook Pages,,Actif,2026-06-29T00:22:54.934875,haute
BJ-A72A9C0F,Assurance Placement Bembéréké,Finance & Assurance,Bembéréké,+229 95 13 56 79,assuranceplacement@yahoo.com,assuranceplacementbembéréké.bj,TPE (<10),B2B,Facebook Pages,,Actif,2026-06-29T00:22:54.934906,haute
BJ-FF22E108,Bénin International,Finance & Assurance,Kalalé,+229 30 32 13 75,bénin.international@bénininternatio.org.bj,bénininternational.bj,TPE (<10),B2C,Facebook Pages,,Actif,2026-06-29T00:22:54.934949,haute
BJ-F7028145,Épargne Retraite,Finance & Assurance,Kalalé,+229 21 91 21 99,é.retraite@yahoo.fr,épargneretraite.bj,Grande (>200),B2C,Facebook Pages,,Actif,2026-06-29T00:22:54.934970,haute
BJ-826CD955,Crédit Management,Finance & Assurance,Kalalé,+229 55 42 65 74,crédit.management@outlook.com,créditmanagement.bj,PME (50-200),B2B,Facebook Pages,,Actif,2026-06-29T00:22:54.934986,haute
BJ-3CEC9ECF,FCP Assurances,Finance & Assurance,Kalalé,+229 74 76 43 63,fcp.assurances@hotmail.com,fcpassurances.bj,TPE (<10),B2B,Facebook Pages,,Actif,2026-06-29T00:22:54.935001,haute
BJ-FAE89A8D,Assurance Auto Groupe Kalalé,Finance & Assurance,Kalalé,+229 53 11 44 77,assuranceauto@outlook.com,assuranceautogroupekalalé.bj,PME (10-50),B2B,Facebook Pages,,Actif,2026-06-29T00:22:54.935021,haute
BJ-4D3DD9BC,Sécurité International,Finance & Assurance,Ndali,+229 52 65 44 99,sécuritéinternational@sécuritéinterna.com.bj,sécuritéinternational.bj,TPE (<10),B2C,Facebook Pages,,Actif,2026-06-29T00:22:54.935046,haute
BJ-60B12560,Monétique Advisory,Finance & Assurance,Ndali,+229 39 50 20 88,,monétiqueadvisory.bj,TPE (<10),B2B,Facebook Pages,,Actif,2026-06-29T00:22:54.935059,moyenne
BJ-7402E14D,Épargne Devise,Finance & Assurance,Ndali,+229 46 25 70 34,épargnedevise@outlook.com,,PME (10-50),B2C,Facebook Pages,,Actif,2026-06-29T00:22:54.935077,moyenne
BJ-D87EDA2D,Auto Partners,Finance & Assurance,Ndali,+229 64 96 18 81,auto.partners@autopartners.org.bj,autopartners.bj,TPE (<10),B2C,Facebook Pages,,Actif,2026-06-29T00:22:54.935094,haute
BJ-F622DBCB,Capital Transfert,Finance & Assurance,Ndali,+229 98 32 41 16,capital.transfert@outlook.com,capitaltransfert.bj,TPE (<10),B2C,Facebook Pages,,Actif,2026-06-29T00:22:54.935109,haute
BJ-7A7618B4,Devise Groupe Ségbana,Finance & Assurance,Ségbana,+229 78 82 26 62,devise.groupe@hotmail.com,devisegroupeségbana.bj,PME (50-200),B2B,Facebook Pages,,Actif,2026-06-29T00:22:54.935132,haute
BJ-826FB950,Épargne Bourse,Finance & Assurance,Ségbana,+229 34 91 77 47,épargne.bourse@épargnebourse.org.bj,épargnebourse.bj,TPE (<10),B2C,Facebook Pages,,Actif,2026-06-29T00:22:54.935150,haute
BJ-6533C61F,Capital Multirisque,Finance & Assurance,Ségbana,+229 31 63 79 80,c.multirisque@capitalmultiris.org.bj,,TPE (<10),B2B,Facebook Pages,,Actif,2026-06-29T00:22:54.935165,moyenne
BJ-D11B2EDF,Société Transfert Partners Ségbana,Finance & Assurance,Ségbana,+229 21 63 69 14,sociététransfert@yahoo.fr,sociététransfertpartnersségbana.bj,TPE (<10),B2B,Facebook Pages,,Actif,2026-06-29T00:22:54.935183,haute
BJ-8462D70F,Devise Capital,Finance & Assurance,Ségbana,+229 71 18 32 69,devise.capital@devisecapital.org.bj,devisecapital.bj,PME (50-200),B2B,Facebook Pages,,Actif,2026-06-29T00:22:54.935200,haute
BJ-BE915204,Assurance Patrimoine Assurances,Finance & Assurance,Tchaourou,+229 63 32 96 29,assurance.patrimoine@hotmail.com,assurancepatrimoineassurances.bj,PME (10-50),B2C,Facebook Pages,,Actif,2026-06-29T00:22:54.935222,haute
BJ-C850A241,Micro Multirisque,Finance & Assurance,Tchaourou,+229 74 45 23 94,micro.multirisque@micromultirisqu.com.bj,micromultirisque.bj,PME (10-50),B2C,Facebook Pages,,Actif,2026-06-29T00:22:54.935238,haute
BJ-E955C081,Assurance Monétique Assurances,Finance & Assurance,Tchaourou,+229 51 71 90 93,assurancemonétique@assurancemonéti.bj,assurancemonétiqueassurances.bj,Grande (>200),B2C,Facebook Pages,,Actif,2026-06-29T00:22:54.935262,haute
BJ-7B276575,Placement Finance,Finance & Assurance,Tchaourou,+229 89 79 34 75,placement.finance@yahoo.fr,placementfinance.bj,PME (50-200),B2B,Facebook Pages,,Actif,2026-06-29T00:22:54.935279,haute
BJ-EE3ABFE6,Gestion,Finance & Assurance,Tchaourou,+229 28 13 13 32,gestion@outlook.com,gestion.bj,PME (10-50),B2B,Facebook Pages,,Actif,2026-06-29T00:22:54.935305,haute
BJ-6C55FCEB,Actions,Finance & Assurance,Bétérou,+229 44 17 71 37,actions@yahoo.fr,actions.bj,PME (10-50),B2B,Facebook Pages,,Actif,2026-06-29T00:22:54.935352,haute
BJ-B1955F4E,Investissement National Partners Bétérou,Finance & Assurance,Bétérou,+229 69 66 83 36,investissement.national@outlook.com,investissementnationalpartnersbétérou.bj,Grande (>200),B2C,Facebook Pages,,Actif,2026-06-29T00:22:54.935397,haute
BJ-CB2B29B7,Finance Bénin Groupe,Finance & Assurance,Bétérou,+229 57 16 27 79,f.bénin@financebéningro.bj,financebéningroupe.bj,PME (50-200),B2B,Facebook Pages,,Actif,2026-06-29T00:22:54.935492,haute
BJ-0BD216C6,Sécurité Groupe,Finance & Assurance,Bétérou,+229 65 65 75 43,sécuritégroupe@hotmail.com,sécuritégroupe.bj,TPE (<10),B2C,Facebook Pages,,Actif,2026-06-29T00:22:54.935557,haute
BJ-D3A5F17A,Change,Finance & Assurance,Bétérou,+229 91 77 22 89,change@gmail.com,change.bj,PME (10-50),B2C,Facebook Pages,,Actif,2026-06-29T00:22:54.935576,haute
BJ-C0CE8992,Capital Change Groupe Ouessè,Finance & Assurance,Ouessè,+229 63 50 59 34,capitalchange@capitalchangegr.com.bj,capitalchangegroupeouessè.bj,TPE (<10),B2B,Facebook Pages,,Actif,2026-06-29T00:22:54.935604,haute
BJ-A94BA44B,Change SARL,Finance & Assurance,Ouessè,+229 85 44 26 35,changesarl@gmail.com,changesarl.bj,PME (50-200),B2C,Facebook Pages,,Actif,2026-06-29T00:22:54.935621,haute
BJ-421E3863,National Ouessè,Finance & Assurance,Ouessè,+229 45 97 99 46,nationalouessè@yahoo.com,nationalouessè.bj,PME (50-200),B2C,Facebook Pages,,Actif,2026-06-29T00:22:54.935642,haute
BJ-686ABFB3,Finance Protection,Finance & Assurance,Ouessè,+229 24 96 21 37,financeprotection@financeprotecti.bj,financeprotection.bj,Grande (>200),B2B,Facebook Pages,,Actif,2026-06-29T00:22:54.935675,haute
BJ-2B5B6D8B,Transfert,Finance & Assurance,Ouessè,+229 70 27 40 72,transfert@transfert.org.bj,transfert.bj,PME (50-200),B2B,Facebook Pages,,Actif,2026-06-29T00:22:54.935699,haute
BJ-EEF6879F,Patrimoine,Finance & Assurance,Glazoué,+229 99 71 85 24,patrimoine@patrimoine.com.bj,patrimoine.bj,PME (50-200),B2C,Facebook Pages,,Actif,2026-06-29T00:22:54.935723,haute
BJ-94937E36,Cabinet Devise Partners,Finance & Assurance,Glazoué,+229 99 28 17 49,c.devise@outlook.com,,PME (10-50),B2B,Facebook Pages,,Actif,2026-06-29T00:22:54.935755,moyenne
BJ-A0007351,Cabinet Crédit,Finance & Assurance,Glazoué,+229 92 53 60 19,c.crédit@cabinetcrédit.bj,,PME (10-50),B2C,Facebook Pages,,Actif,2026-06-29T00:22:54.935792,moyenne
BJ-CCEF0673,Finance Épargne Groupe,Finance & Assurance,Glazoué,+229 83 87 48 45,financeépargne@yahoo.com,financeépargnegroupe.bj,TPE (<10),B2B,Facebook Pages,,Actif,2026-06-29T00:22:54.935825,haute
BJ-47DDE8E9,Cabinet Paiement,Finance & Assurance,Glazoué,+229 30 62 97 28,c.paiement@cabinetpaiement.org.bj,cabinetpaiement.bj,PME (10-50),B2B,Facebook Pages,,Actif,2026-06-29T00:22:54.935856,haute
BJ-B07F8606,Placement,Finance & Assurance,Dassa-Zoumè,+229 63 45 42 56,placement@yahoo.fr,placement.bj,PME (50-200),B2C,Facebook Pages,,Actif,2026-06-29T00:22:54.935911,haute
BJ-3E6EA5F5,Assurance Transfert,Finance & Assurance,Dassa-Zoumè,+229 68 80 98 83,assurance_transfert@yahoo.fr,,TPE (<10),B2B,Facebook Pages,,Actif,2026-06-29T00:22:54.935935,moyenne
BJ-05D534CD,Bourse SA,Finance & Assurance,Dassa-Zoumè,+229 45 43 42 32,bourse@boursesa.bj,boursesa.bj,PME (50-200),B2B,Facebook Pages,,Actif,2026-06-29T00:22:54.935955,haute
BJ-F8861899,International International,Finance & Assurance,Dassa-Zoumè,+229 98 20 73 46,international.international@internationalin.bj,internationalinternational.bj,TPE (<10),B2B,Facebook Pages,,Actif,2026-06-29T00:22:54.935972,haute
BJ-F2FD61CB,Cabinet Trading,Finance & Assurance,Dassa-Zoumè,+229 72 77 51 14,cabinet.trading@cabinettrading.bj,cabinettrading.bj,PME (10-50),B2B,Facebook Pages,,Actif,2026-06-29T00:22:54.935988,haute
BJ-001FC71F,Bourse,Finance & Assurance,Savalou,+229 23 91 89 54,bourse@yahoo.com,bourse.bj,PME (10-50),B2B,Facebook Pages,,Actif,2026-06-29T00:22:54.936011,haute
BJ-31704499,Société IARD,Finance & Assurance,Savalou,+229 78 38 50 37,s.iard@sociétéiard.org.bj,sociétéiard.bj,Grande (>200),B2B,Facebook Pages,,Actif,2026-06-29T00:22:54.936029,haute
BJ-5855BF8E,Crédit Blockchain,Finance & Assurance,Savalou,+229 31 11 24 73,créditblockchain@créditblockchai.org.bj,créditblockchain.bj,TPE (<10),B2C,Facebook Pages,,Actif,2026-06-29T00:22:54.936049,haute
BJ-EFAE0D60,Forex,Finance & Assurance,Bantè,+229 55 30 16 91,forex@yahoo.com,forex.bj,PME (10-50),B2C,Facebook Pages,,Actif,2026-06-29T00:22:54.936168,haute
BJ-4D0B8EFF,Société Trading Partners,Finance & Assurance,Bantè,+229 92 56 18 58,société.trading@gmail.com,sociététradingpartners.bj,PME (10-50),B2B,Facebook Pages,,Actif,2026-06-29T00:22:54.936192,haute
BJ-20C7E9DF,Épargne Partners,Finance & Assurance,Bantè,+229 36 26 69 74,épargnepartners@épargnepartners.org.bj,épargnepartners.bj,TPE (<10),B2C,Facebook Pages,,Actif,2026-06-29T00:22:54.936215,haute
BJ-BCF2025C,Finance Devise Groupe,Finance & Assurance,Bantè,+229 50 53 90 27,financedevise@financedevisegr.org.bj,financedevisegroupe.bj,TPE (<10),B2C,Facebook Pages,,Actif,2026-06-29T00:22:54.936235,haute
BJ-834FC3C6,Groupe Obligations SARL,Finance & Assurance,Djougou,+229 26 31 62 72,groupeobligations@yahoo.fr,,Grande (>200),B2C,Facebook Pages,,Actif,2026-06-29T00:22:54.936262,moyenne
BJ-7B5D726C,Transfert,Finance & Assurance,Djougou,+229 48 65 39 72,transfert@yahoo.fr,transfert.bj,PME (10-50),B2C,Facebook Pages,,Actif,2026-06-29T00:22:54.936277,haute
BJ-326492F0,Banque Retraite,Finance & Assurance,Djougou,+229 90 34 88 23,banqueretraite@banqueretraite.org.bj,banqueretraite.bj,PME (50-200),B2B,Facebook Pages,,Actif,2026-06-29T00:22:54.936293,haute
BJ-19FB840E,Épargne Groupe Djougou,Finance & Assurance,Djougou,+229 56 15 28 95,épargnegroupe@yahoo.com,épargnegroupedjougou.bj,PME (50-200),B2C,Facebook Pages,,Actif,2026-06-29T00:22:54.936310,haute
BJ-2629700F,Finance Bourse,Finance & Assurance,Djougou,+229 48 29 81 29,finance_bourse@yahoo.fr,financebourse.bj,PME (10-50),B2B,Facebook Pages,,Actif,2026-06-29T00:22:54.936324,haute
BJ-E125A653,Finance Trading,Finance & Assurance,Ouèssè,+229 72 53 15 40,finance_trading@financetrading.org.bj,financetrading.bj,TPE (<10),B2B,Facebook Pages,,Actif,2026-06-29T00:22:54.936348,haute
BJ-F55FA1D3,Épargne Multirisque International,Finance & Assurance,Ouèssè,+229 70 75 30 65,é.multirisque@yahoo.com,épargnemultirisqueinternational.bj,Grande (>200),B2B,Facebook Pages,,Actif,2026-06-29T00:22:54.936365,haute
BJ-C5F635AF,Finance Fintech International,Finance & Assurance,Ouèssè,+229 38 51 67 67,financefintech@yahoo.fr,financefintechinternational.bj,TPE (<10),B2C,Facebook Pages,,Actif,2026-06-29T00:22:54.936384,haute
BJ-4D95DCA4,Vie Bank,Finance & Assurance,Ouèssè,+229 55 84 85 45,v.bank@viebank.org.bj,viebank.bj,TPE (<10),B2C,Facebook Pages,,Actif,2026-06-29T00:22:54.936401,haute
BJ-5B20E97D,Assurance Crypto Assurances Ouèssè,Finance & Assurance,Ouèssè,+229 98 25 76 65,assurance.crypto@yahoo.fr,,PME (50-200),B2B,Facebook Pages,,Actif,2026-06-29T00:22:54.936417,moyenne
BJ-247DBB8F,Investissement Bénin Assurances,Finance & Assurance,Bassila,+229 89 78 12 86,investissement.bénin@yahoo.fr,,TPE (<10),B2C,Facebook Pages,,Actif,2026-06-29T00:22:54.936439,moyenne
BJ-8D002840,Fintech,Finance & Assurance,Bassila,+229 71 14 18 33,fintech@hotmail.com,fintech.bj,PME (50-200),B2C,Facebook Pages,,Actif,2026-06-29T00:22:54.936452,haute
BJ-33ABFF33,Vie,Finance & Assurance,Bassila,+229 22 63 11 68,vie@yahoo.com,vie.bj,PME (10-50),B2B,Facebook Pages,,Actif,2026-06-29T00:22:54.936465,haute
BJ-5FE76D21,Vie Groupe,Finance & Assurance,Bassila,+229 23 64 71 69,vie.groupe@yahoo.fr,viegroupe.bj,TPE (<10),B2C,Facebook Pages,,Actif,2026-06-29T00:22:54.936483,haute
BJ-C50478A9,Société Épargne Groupe,Finance & Assurance,Bassila,+229 64 59 39 34,société.épargne@sociétéépargneg.bj,sociétéépargnegroupe.bj,PME (10-50),B2B,Facebook Pages,,Actif,2026-06-29T00:22:54.936501,haute
BJ-8B71536C,Broker,Finance & Assurance,Pehunco,+229 66 66 99 81,broker@gmail.com,broker.bj,TPE (<10),B2C,Facebook Pages,,Actif,2026-06-29T00:22:54.936521,haute
BJ-E00375AA,Finance Placement Pehunco,Finance & Assurance,Pehunco,+229 56 99 28 94,finance.placement@financeplacemen.bj,financeplacementpehunco.bj,PME (10-50),B2C,Facebook Pages,,Actif,2026-06-29T00:22:54.936537,haute
BJ-AA281A88,Société Protection Capital,Finance & Assurance,Pehunco,+229 82 22 42 50,s.protection@hotmail.com,sociétéprotectioncapital.bj,PME (50-200),B2C,Facebook Pages,,Actif,2026-06-29T00:22:54.936556,haute
BJ-679003AF,Micro Vie International,Finance & Assurance,Pehunco,+229 31 28 76 25,microvie@microvieinterna.bj,microvieinternational.bj,TPE (<10),B2B,Facebook Pages,,Actif,2026-06-29T00:22:54.936572,haute
BJ-EA5A2EAD,Finance Auto Bank Pehunco,Finance & Assurance,Pehunco,+229 54 61 41 16,financeauto@financeautobank.com.bj,financeautobankpehunco.bj,TPE (<10),B2C,Facebook Pages,,Actif,2026-06-29T00:22:54.936588,haute
BJ-72AE8CEB,Santé Bank,Finance & Assurance,Copargo,+229 86 14 49 28,s.bank@outlook.com,santébank.bj,PME (10-50),B2B,Facebook Pages,,Actif,2026-06-29T00:22:54.936615,haute
BJ-75D73E34,Groupe FCP,Finance & Assurance,Copargo,+229 94 85 71 66,groupefcp@gmail.com,groupefcp.bj,TPE (<10),B2C,Facebook Pages,,Actif,2026-06-29T00:22:54.936630,haute
BJ-B0214BE9,Retraite International,Finance & Assurance,Copargo,+229 66 67 34 96,,,PME (50-200),B2B,Facebook Pages,,Actif,2026-06-29T00:22:54.936654,basse
BJ-A5C14C01,Capital Copargo,Finance & Assurance,Copargo,+229 85 20 86 14,capitalcopargo@yahoo.fr,capitalcopargo.bj,PME (10-50),B2C,Facebook Pages,,Actif,2026-06-29T00:22:54.936669,haute
BJ-4D2FF60F,Car,Transport & Logistique,Cotonou,+229 36 36 27 69,car@yahoo.com,,TPE (<10),B2B,Facebook Pages,,Actif,2026-06-29T00:22:54.936689,moyenne
BJ-1F4F0BC5,Rapide Express,Transport & Logistique,Cotonou,+229 82 95 17 84,r.express@rapideexpress.org.bj,,TPE (<10),B2C,Facebook Pages,,Actif,2026-06-29T00:22:54.936704,moyenne
BJ-FC9AF879,Colis Cargo,Transport & Logistique,Cotonou,+229 38 68 59 30,coliscargo@gmail.com,coliscargo.bj,Grande (>200),B2B,Facebook Pages,,Actif,2026-06-29T00:22:54.936722,haute
BJ-20B51409,Particulier,Transport & Logistique,Cotonou,+229 23 66 45 15,particulier@outlook.com,particulier.bj,TPE (<10),B2B,Facebook Pages,,Actif,2026-06-29T00:22:54.936738,haute
BJ-0F60D622,Courtage,Transport & Logistique,Cotonou,+229 88 77 73 99,courtage@outlook.com,,TPE (<10),B2C,Facebook Pages,,Actif,2026-06-29T00:22:54.936750,moyenne
BJ-DA21E914,Delivery Déménagement Cargo Abomey-Calavi,Transport & Logistique,Abomey-Calavi,+229 52 77 22 17,delivery.déménagement@yahoo.fr,deliverydéménagementcargoabomeycalavi.bj,TPE (<10),B2C,Facebook Pages,,Actif,2026-06-29T00:22:54.936789,haute
BJ-5B33CE80,Rapide Transit,Transport & Logistique,Abomey-Calavi,+229 66 74 45 55,r.transit@gmail.com,rapidetransit.bj,TPE (<10),B2B,Facebook Pages,,Actif,2026-06-29T00:22:54.936816,haute
BJ-D2A4798D,Courtage,Transport & Logistique,Abomey-Calavi,+229 57 86 14 30,courtage@courtage.bj,courtage.bj,PME (10-50),B2B,Facebook Pages,,Actif,2026-06-29T00:22:54.936829,haute
BJ-CB05206A,Public Porto-Novo,Transport & Logistique,Porto-Novo,+229 44 67 26 21,publicporto@publicportonovo.bj,publicportonovo.bj,PME (50-200),B2C,Facebook Pages,,Actif,2026-06-29T00:22:54.936851,haute
BJ-0CFBCD2E,Fret Utilitaire Cargo,Transport & Logistique,Porto-Novo,+229 35 83 71 57,f.utilitaire@hotmail.com,fretutilitairecargo.bj,TPE (<10),B2C,Facebook Pages,,Actif,2026-06-29T00:22:54.936866,haute
BJ-9E51B10D,Transit Affrètement Freight Porto-Novo,Transport & Logistique,Porto-Novo,+229 56 51 53 70,transitaffrètement@transitaffrètem.org.bj,,TPE (<10),B2C,Facebook Pages,,Actif,2026-06-29T00:22:54.936901,moyenne
BJ-62FDC0AC,Conteneur,Transport & Logistique,Porto-Novo,+229 20 83 54 43,conteneur@conteneur.com.bj,,PME (10-50),B2B,Facebook Pages,,Actif,2026-06-29T00:22:54.936918,moyenne
BJ-0E6010C3,Express Camion Logistique,Transport & Logistique,Porto-Novo,+229 48 40 63 46,e.camion@expresscamionlo.bj,,TPE (<10),B2B,Facebook Pages,,Actif,2026-06-29T00:22:54.936933,moyenne
BJ-E490EBD0,Lourd,Transport & Logistique,Parakou,+229 57 43 28 24,lourd@gmail.com,lourd.bj,Grande (>200),B2B,Facebook Pages,,Actif,2026-06-29T00:22:54.936953,haute
BJ-A9D11F10,Car SARL Parakou,Transport & Logistique,Parakou,+229 32 24 32 30,carsarl@yahoo.com,carsarlparakou.bj,Grande (>200),B2C,Facebook Pages,,Actif,2026-06-29T00:22:54.936969,haute
BJ-7996AF50,VTC,Transport & Logistique,Parakou,+229 91 34 79 29,vtc@yahoo.fr,,PME (50-200),B2C,Facebook Pages,,Actif,2026-06-29T00:22:54.936998,moyenne
BJ-50CBD0B4,Warehousing,Transport & Logistique,Parakou,+229 63 83 82 11,warehousing@warehousing.com.bj,warehousing.bj,PME (50-200),B2B,Facebook Pages,,Actif,2026-06-29T00:22:54.937011,haute
BJ-574CCDDD,Navire Shipping,Transport & Logistique,Bohicon,+229 69 13 88 50,navire.shipping@navireshipping.org.bj,navireshipping.bj,PME (50-200),B2C,Facebook Pages,,Actif,2026-06-29T00:22:54.937033,haute
BJ-9A613EB0,Urgent Freight,Transport & Logistique,Bohicon,+229 91 58 21 77,u.freight@yahoo.com,urgentfreight.bj,TPE (<10),B2C,Facebook Pages,,Actif,2026-06-29T00:22:54.937048,haute
BJ-D169A1F5,Urgent Bohicon,Transport & Logistique,Bohicon,+229 46 17 28 25,urgent.bohicon@urgentbohicon.com.bj,,PME (50-200),B2B,Facebook Pages,,Actif,2026-06-29T00:22:54.937079,moyenne
BJ-6ECD905B,Groupe Fret International,Transport & Logistique,Bohicon,+229 55 45 42 43,g.fret@outlook.com,groupefretinternational.bj,TPE (<10),B2C,Facebook Pages,,Actif,2026-06-29T00:22:54.937094,haute
BJ-DAE1938B,Delivery Froid,Transport & Logistique,Natitingou,+229 32 84 24 30,delivery.froid@yahoo.fr,,TPE (<10),B2B,Facebook Pages,,Actif,2026-06-29T00:22:54.937114,moyenne
BJ-CCB759FF,Transport Supply Natitingou,Transport & Logistique,Natitingou,+229 48 44 48 48,transportsupply@transportsupply.com.bj,transportsupplynatitingou.bj,PME (10-50),B2C,Facebook Pages,,Actif,2026-06-29T00:22:54.937133,haute
BJ-6CAFBC00,Chaîne,Transport & Logistique,Natitingou,+229 52 38 89 29,chaîne@chaîne.com.bj,chaîne.bj,PME (10-50),B2C,Facebook Pages,,Actif,2026-06-29T00:22:54.937148,haute
BJ-B58C07A8,Messagerie Paquet Transport,Transport & Logistique,Natitingou,+229 91 21 28 80,m.paquet@outlook.com,messageriepaquettransport.bj,Grande (>200),B2B,Facebook Pages,,Actif,2026-06-29T00:22:54.937162,haute
BJ-3BF6DD54,Bus Delivery,Transport & Logistique,Natitingou,+229 44 65 31 69,b.delivery@yahoo.fr,busdelivery.bj,TPE (<10),B2C,Facebook Pages,,Actif,2026-06-29T00:22:54.937177,haute
BJ-BD90A607,Groupe Transit Delivery,Transport & Logistique,Lokossa,+229 84 23 87 75,g.transit@yahoo.fr,groupetransitdelivery.bj,TPE (<10),B2C,Facebook Pages,,Actif,2026-06-29T00:22:54.937198,haute
BJ-D8F7F186,Express Camion,Transport & Logistique,Lokossa,+229 77 12 55 25,expresscamion@expresscamion.com.bj,,TPE (<10),B2C,Facebook Pages,,Actif,2026-06-29T00:22:54.937221,moyenne
BJ-1359EB5E,Transport Route Logistique Lokossa,Transport & Logistique,Lokossa,+229 95 73 61 64,t.route@hotmail.com,transportroutelogistiquelokossa.bj,PME (10-50),B2C,Facebook Pages,,Actif,2026-06-29T00:22:54.937240,haute
BJ-B73A9352,VTC Bénin,Transport & Logistique,Lokossa,+229 80 23 16 54,,vtcbénin.bj,PME (10-50),B2C,Facebook Pages,,Actif,2026-06-29T00:22:54.937253,moyenne
BJ-8804F680,Rapide Camion Cargo Lokossa,Transport & Logistique,Lokossa,+229 35 15 52 74,rapide.camion@rapidecamioncar.com.bj,,TPE (<10),B2C,Facebook Pages,,Actif,2026-06-29T00:22:54.937268,moyenne
BJ-1602D461,Maritime Express,Transport & Logistique,Ouidah,+229 34 73 42 85,,maritimeexpress.bj,PME (50-200),B2B,Facebook Pages,,Actif,2026-06-29T00:22:54.937286,moyenne
BJ-0631154D,Cargo Aérien Cargo,Transport & Logistique,Ouidah,+229 86 78 16 79,c.aérien@yahoo.com,,PME (50-200),B2C,Facebook Pages,,Actif,2026-06-29T00:22:54.937302,moyenne
BJ-822E66FF,Rapide Aérien Cargo Ouidah,Transport & Logistique,Ouidah,+229 73 25 59 22,rapide.aérien@rapideaériencar.org.bj,,TPE (<10),B2C,Facebook Pages,,Actif,2026-06-29T00:22:54.937319,moyenne
BJ-916D2179,Chain Express,Transport & Logistique,Ouidah,+229 41 85 52 86,chain.express@yahoo.fr,chainexpress.bj,PME (50-200),B2B,Facebook Pages,,Actif,2026-06-29T00:22:54.937333,haute
BJ-3BA7796F,Particulier,Transport & Logistique,Ouidah,+229 32 27 48 87,particulier@particulier.org.bj,particulier.bj,Grande (>200),B2C,Facebook Pages,,Actif,2026-06-29T00:22:54.937346,haute
BJ-9029B14B,Groupe Transitaire Transport,Transport & Logistique,Savalou,+229 49 22 38 94,groupetransitaire@yahoo.com,groupetransitairetransport.bj,PME (50-200),B2B,Facebook Pages,,Actif,2026-06-29T00:22:54.937367,haute
BJ-0C28E9E1,Cargo Transport,Transport & Logistique,Savalou,+229 80 62 60 87,c.transport@gmail.com,cargotransport.bj,PME (10-50),B2C,Facebook Pages,,Actif,2026-06-29T00:22:54.937382,haute
BJ-03644402,Rapide Rapide Freight,Transport & Logistique,Savalou,+229 51 17 28 87,rapide_rapide@yahoo.com,rapiderapidefreight.bj,PME (50-200),B2C,Facebook Pages,,Actif,2026-06-29T00:22:54.937399,haute
BJ-BC4473DD,Car,Transport & Logistique,Savalou,+229 96 37 10 65,car@car.org.bj,car.bj,PME (10-50),B2B,Facebook Pages,,Actif,2026-06-29T00:22:54.937413,haute
BJ-081E3EE2,Delivery Transit,Transport & Logistique,Savalou,+229 70 95 58 14,d.transit@deliverytransit.bj,deliverytransit.bj,PME (50-200),B2B,Facebook Pages,,Actif,2026-06-29T00:22:54.937428,haute
BJ-CB249A5F,Fret VTC SARL,Transport & Logistique,Dassa-Zoumè,+229 72 80 87 29,fret_vtc@gmail.com,fretvtcsarl.bj,TPE (<10),B2C,Facebook Pages,,Actif,2026-06-29T00:22:54.937452,haute
BJ-5FAC75FB,SARL Route Freight Dassa-Zoumè,Transport & Logistique,Dassa-Zoumè,+229 58 50 35 95,sarl.route@yahoo.fr,,Grande (>200),B2C,Facebook Pages,,Actif,2026-06-29T00:22:54.937469,moyenne
BJ-41040398,Livraison Transport Dassa-Zoumè,Transport & Logistique,Dassa-Zoumè,+229 45 36 14 77,,livraisontransportdassazoumè.bj,TPE (<10),B2B,Facebook Pages,,Actif,2026-06-29T00:22:54.937481,moyenne
BJ-EEFE85D1,Transit Affrètement,Transport & Logistique,Dassa-Zoumè,+229 53 56 76 60,transit.affrètement@transitaffrètem.org.bj,,TPE (<10),B2B,Facebook Pages,,Actif,2026-06-29T00:22:54.937502,moyenne
BJ-B7FD1D2B,Bateau Bénin,Transport & Logistique,Dassa-Zoumè,+229 52 43 72 12,bateau_bénin@gmail.com,,TPE (<10),B2C,Facebook Pages,,Actif,2026-06-29T00:22:54.937518,moyenne
BJ-3C3AD2CE,Envoi,Transport & Logistique,Kétou,+229 54 58 50 31,envoi@yahoo.fr,envoi.bj,PME (10-50),B2B,Facebook Pages,,Actif,2026-06-29T00:22:54.937538,haute
BJ-149287D0,Logistique Car Africa,Transport & Logistique,Kétou,+229 77 72 35 88,,logistiquecarafrica.bj,Grande (>200),B2B,Facebook Pages,,Actif,2026-06-29T00:22:54.937559,moyenne
BJ-27603720,Cargo Warehousing SARL,Transport & Logistique,Kétou,+229 43 92 89 18,,,PME (10-50),B2C,Facebook Pages,,Actif,2026-06-29T00:22:54.937585,basse
BJ-3FE996D7,Cargo Rapide,Transport & Logistique,Kétou,+229 26 28 32 42,,cargorapide.bj,PME (50-200),B2B,Facebook Pages,,Actif,2026-06-29T00:22:54.937598,moyenne
BJ-3E540176,Transit,Transport & Logistique,Kétou,+229 77 55 92 50,transit@hotmail.com,transit.bj,PME (10-50),B2B,Facebook Pages,,Actif,2026-06-29T00:22:54.937611,haute
BJ-2B558BF4,Rapide Bus,Transport & Logistique,Covè,+229 44 54 77 34,rapidebus@yahoo.com,rapidebus.bj,TPE (<10),B2B,Facebook Pages,,Actif,2026-06-29T00:22:54.937634,haute
BJ-FEA45D28,SARL Chaîne,Transport & Logistique,Covè,+229 57 34 28 58,,,PME (50-200),B2B,Facebook Pages,,Actif,2026-06-29T00:22:54.937646,basse
BJ-52D4C737,Véhicule,Transport & Logistique,Covè,+229 68 18 11 71,véhicule@yahoo.com,,PME (10-50),B2C,Facebook Pages,,Actif,2026-06-29T00:22:54.937659,moyenne
BJ-F11224F9,Utilitaire,Transport & Logistique,Covè,+229 93 28 33 90,utilitaire@utilitaire.bj,,PME (10-50),B2C,Facebook Pages,,Actif,2026-06-29T00:22:54.937672,moyenne
BJ-F8F9A112,Poids,Transport & Logistique,Covè,+229 52 15 19 32,poids@poids.com.bj,,PME (10-50),B2B,Facebook Pages,,Actif,2026-06-29T00:22:54.937684,moyenne
BJ-62925356,Cargo Maritime,Transport & Logistique,Pobè,+229 32 90 13 85,c.maritime@cargomaritime.bj,,Grande (>200),B2B,Facebook Pages,,Actif,2026-06-29T00:22:54.937722,moyenne
BJ-DDA07E1F,Messagerie Particulier,Transport & Logistique,Pobè,+229 22 73 64 40,m.particulier@yahoo.com,messagerieparticulier.bj,PME (10-50),B2C,Facebook Pages,,Actif,2026-06-29T00:22:54.937741,haute
BJ-7A5D9457,Rapide Bénin,Transport & Logistique,Pobè,+229 79 22 53 88,r.bénin@rapidebénin.bj,rapidebénin.bj,PME (10-50),B2C,Facebook Pages,,Actif,2026-06-29T00:22:54.937758,haute
BJ-9C9AC153,Warehousing Transport,Transport & Logistique,Pobè,+229 68 53 93 77,warehousing.transport@yahoo.fr,warehousingtransport.bj,TPE (<10),B2C,Facebook Pages,,Actif,2026-06-29T00:22:54.937773,haute
BJ-DCA96B66,Colis Cargo,Transport & Logistique,Sakété,+229 36 35 87 23,colis.cargo@coliscargo.com.bj,,PME (10-50),B2B,Facebook Pages,,Actif,2026-06-29T00:22:54.937795,moyenne
BJ-B25955E8,Transport Chain,Transport & Logistique,Sakété,+229 64 71 68 61,,transportchain.bj,TPE (<10),B2C,Facebook Pages,,Actif,2026-06-29T00:22:54.937807,moyenne
BJ-0CB53030,Public Sakété,Transport & Logistique,Sakété,+229 48 55 55 55,publicsakété@publicsakété.bj,publicsakété.bj,PME (10-50),B2C,Facebook Pages,,Actif,2026-06-29T00:22:54.937824,haute
BJ-9D515806,Entrepôt,Transport & Logistique,Sakété,+229 52 24 26 49,entrepôt@entrepôt.bj,entrepôt.bj,PME (50-200),B2B,Facebook Pages,,Actif,2026-06-29T00:22:54.937838,haute
BJ-719A0868,Rapide Portuaire Cargo,Transport & Logistique,Sakété,+229 51 16 42 32,rapideportuaire@rapideportuaire.bj,,TPE (<10),B2B,Facebook Pages,,Actif,2026-06-29T00:22:54.937854,moyenne
BJ-DAADDBB1,Warehousing Adjara,Transport & Logistique,Adjara,+229 84 77 99 24,,,PME (50-200),B2C,Facebook Pages,,Actif,2026-06-29T00:22:54.937875,basse
BJ-BA557ABE,Cargo,Transport & Logistique,Adjara,+229 40 30 89 88,cargo@hotmail.com,,PME (50-200),B2C,Facebook Pages,,Actif,2026-06-29T00:22:54.937888,moyenne
BJ-86646319,Transport Bus,Transport & Logistique,Adjara,+229 86 87 33 13,t.bus@yahoo.fr,,PME (10-50),B2C,Facebook Pages,,Actif,2026-06-29T00:22:54.937916,moyenne
BJ-AB1905AA,Rapide Maritime Logistique Adjara,Transport & Logistique,Adjara,+229 83 92 41 96,rapidemaritime@rapidemaritimel.com.bj,rapidemaritimelogistiqueadjara.bj,PME (10-50),B2C,Facebook Pages,,Actif,2026-06-29T00:22:54.937934,haute
BJ-289D86FF,Transit,Transport & Logistique,Adjara,+229 82 26 94 97,transit@outlook.com,transit.bj,TPE (<10),B2C,Facebook Pages,,Actif,2026-06-29T00:22:54.937947,haute
BJ-D9048D73,Fret Supply Transport,Transport & Logistique,Allada,+229 58 40 59 90,fretsupply@fretsupplytrans.org.bj,fretsupplytransport.bj,TPE (<10),B2B,Facebook Pages,,Actif,2026-06-29T00:22:54.937972,haute
BJ-6703D5E6,Paquet Shipping,Transport & Logistique,Allada,+229 53 35 98 83,p.shipping@hotmail.com,paquetshipping.bj,PME (50-200),B2B,Facebook Pages,,Actif,2026-06-29T00:22:54.938000,haute
BJ-1AA07241,Aérien Allada,Transport & Logistique,Allada,+229 44 83 30 80,aérien.allada@aérienallada.bj,aérienallada.bj,TPE (<10),B2B,Facebook Pages,,Actif,2026-06-29T00:22:54.938021,haute
BJ-19759AF7,Messagerie Aérien Freight,Transport & Logistique,Allada,+229 90 72 12 46,,,TPE (<10),B2B,Facebook Pages,,Actif,2026-06-29T00:22:54.938033,basse
BJ-D3DA520D,Affrètement,Transport & Logistique,Aplahoué,+229 77 18 40 64,affrètement@affrètement.com.bj,affrètement.bj,PME (10-50),B2C,Facebook Pages,,Actif,2026-06-29T00:22:54.938054,haute
BJ-950D75F7,Poids,Transport & Logistique,Aplahoué,+229 24 19 85 64,poids@poids.com.bj,poids.bj,TPE (<10),B2C,Facebook Pages,,Actif,2026-06-29T00:22:54.938067,haute
BJ-EEA26A26,SARL Entrepôt,Transport & Logistique,Aplahoué,+229 83 99 36 51,s.entrepôt@sarlentrepôt.com.bj,,TPE (<10),B2B,Facebook Pages,,Actif,2026-06-29T00:22:54.938086,moyenne
BJ-11653E23,Transport Utilitaire,Transport & Logistique,Aplahoué,+229 71 92 69 25,transport.utilitaire@yahoo.com,,TPE (<10),B2C,Facebook Pages,,Actif,2026-06-29T00:22:54.938102,moyenne
BJ-9DDF4525,Logistique Rapide,Transport & Logistique,Aplahoué,+229 77 38 22 37,l.rapide@logistiquerapid.org.bj,,TPE (<10),B2C,Facebook Pages,,Actif,2026-06-29T00:22:54.938117,moyenne
BJ-422C655A,Express Bus Freight Dogbo-Tota,Transport & Logistique,Dogbo-Tota,+229 83 66 78 83,,expressbusfreightdogbotota.bj,PME (50-200),B2C,Facebook Pages,,Actif,2026-06-29T00:22:54.938135,moyenne
BJ-8475356B,Poids,Transport & Logistique,Dogbo-Tota,+229 34 27 25 80,,poids.bj,Grande (>200),B2B,Facebook Pages,,Actif,2026-06-29T00:22:54.938146,moyenne
BJ-68677534,Transit Entrepôt,Transport & Logistique,Dogbo-Tota,+229 83 78 54 53,transit.entrepôt@outlook.com,,PME (50-200),B2B,Facebook Pages,,Actif,2026-06-29T00:22:54.938161,moyenne
BJ-969B9DE5,Supply Express,Transport & Logistique,Dogbo-Tota,+229 62 31 66 73,s.express@supplyexpress.com.bj,,TPE (<10),B2C,Facebook Pages,,Actif,2026-06-29T00:22:54.938176,moyenne
BJ-560D80E9,Utilitaire International,Transport & Logistique,Kpomassè,+229 38 12 20 15,utilitaire_international@yahoo.com,utilitaireinternational.bj,Grande (>200),B2C,Facebook Pages,,Actif,2026-06-29T00:22:54.938208,haute
BJ-4CCDFE12,Bus SARL,Transport & Logistique,Kpomassè,+229 80 52 86 85,,bussarl.bj,TPE (<10),B2B,Facebook Pages,,Actif,2026-06-29T00:22:54.938223,moyenne
BJ-97669963,Cargo Douane International,Transport & Logistique,Kpomassè,+229 95 95 71 85,cargo.douane@yahoo.fr,cargodouaneinternational.bj,PME (10-50),B2C,Facebook Pages,,Actif,2026-06-29T00:22:54.938250,haute
BJ-E1E4EFCF,Affrètement,Transport & Logistique,Kpomassè,+229 21 97 13 15,affrètement@hotmail.com,,TPE (<10),B2B,Facebook Pages,,Actif,2026-06-29T00:22:54.938295,moyenne
BJ-AC8A42E9,Logistique Chambre Tori-Bossito,Transport & Logistique,Tori-Bossito,+229 85 83 86 82,,logistiquechambretoribossito.bj,Grande (>200),B2C,Facebook Pages,,Actif,2026-06-29T00:22:54.938316,moyenne
BJ-0CB0543D,Groupe Transit,Transport & Logistique,Tori-Bossito,+229 45 90 70 42,groupe.transit@gmail.com,groupetransit.bj,PME (10-50),B2C,Facebook Pages,,Actif,2026-06-29T00:22:54.938331,haute
BJ-1574F7E6,Froid Bénin,Transport & Logistique,Tori-Bossito,+229 32 61 46 77,froid.bénin@gmail.com,,TPE (<10),B2B,Facebook Pages,,Actif,2026-06-29T00:22:54.938351,moyenne
BJ-BCDE679A,Transport,Transport & Logistique,Tori-Bossito,+229 97 17 17 16,,,TPE (<10),B2B,Facebook Pages,,Actif,2026-06-29T00:22:54.938363,basse
BJ-71FEDF13,Logistique Portuaire,Transport & Logistique,Tori-Bossito,+229 37 65 88 74,logistique_portuaire@logistiqueportu.bj,logistiqueportuaire.bj,TPE (<10),B2B,Facebook Pages,,Actif,2026-06-29T00:22:54.938378,haute
BJ-58AF6FE3,Bateau,Transport & Logistique,Grand-Popo,+229 61 75 21 12,bateau@yahoo.com,,TPE (<10),B2B,Facebook Pages,,Actif,2026-06-29T00:22:54.938398,moyenne
BJ-F7F7205F,Transport International,Transport & Logistique,Grand-Popo,+229 34 54 15 50,,transportinternational.bj,TPE (<10),B2C,Facebook Pages,,Actif,2026-06-29T00:22:54.938409,moyenne
BJ-6E8721E5,Delivery Urgent,Transport & Logistique,Grand-Popo,+229 94 13 72 29,delivery.urgent@deliveryurgent.org.bj,deliveryurgent.bj,PME (10-50),B2B,Facebook Pages,,Actif,2026-06-29T00:22:54.938428,haute
BJ-C37DFEA4,SARL Urgent Grand-Popo,Transport & Logistique,Grand-Popo,+229 59 89 39 49,,sarlurgentgrandpopo.bj,Grande (>200),B2C,Facebook Pages,,Actif,2026-06-29T00:22:54.938440,moyenne
BJ-E07725F2,Delivery Transport,Transport & Logistique,Grand-Popo,+229 49 76 45 67,d.transport@yahoo.com,deliverytransport.bj,Grande (>200),B2C,Facebook Pages,,Actif,2026-06-29T00:22:54.938455,haute
BJ-726BE813,Groupe Warehousing International,Transport & Logistique,Athiémé,+229 53 54 89 23,,groupewarehousinginternational.bj,TPE (<10),B2B,Facebook Pages,,Actif,2026-06-29T00:22:54.938474,moyenne
BJ-7C679C3F,Groupe Car,Transport & Logistique,Athiémé,+229 92 25 22 93,groupe.car@groupecar.com.bj,,TPE (<10),B2B,Facebook Pages,,Actif,2026-06-29T00:22:54.938492,moyenne
BJ-121E2E69,Supply,Transport & Logistique,Athiémé,+229 99 46 32 51,,,PME (10-50),B2B,Facebook Pages,,Actif,2026-06-29T00:22:54.938505,basse
BJ-AB96F510,Envoi Transport,Transport & Logistique,Athiémé,+229 74 97 18 81,envoi.transport@envoitransport.com.bj,,TPE (<10),B2B,Facebook Pages,,Actif,2026-06-29T00:22:54.938521,moyenne
BJ-289874D6,Lourd,Transport & Logistique,Athiémé,+229 86 27 14 44,lourd@yahoo.com,lourd.bj,PME (50-200),B2C,Facebook Pages,,Actif,2026-06-29T00:22:54.938535,haute
BJ-96BFB5B8,Groupe Conteneur Bopa,Transport & Logistique,Bopa,+229 49 60 92 43,groupe.conteneur@hotmail.com,groupeconteneurbopa.bj,TPE (<10),B2B,Facebook Pages,,Actif,2026-06-29T00:22:54.938557,haute
BJ-D5E33ED4,Car,Transport & Logistique,Bopa,+229 55 50 64 56,car@car.org.bj,car.bj,TPE (<10),B2B,Facebook Pages,,Actif,2026-06-29T00:22:54.938571,haute
BJ-B3E7CEB1,Chaîne Shipping,Transport & Logistique,Bopa,+229 45 79 28 32,chaîne.shipping@chaîneshipping.bj,chaîneshipping.bj,TPE (<10),B2C,Facebook Pages,,Actif,2026-06-29T00:22:54.938592,haute
BJ-ECAA603A,Cargo Express,Transport & Logistique,Bopa,+229 90 83 13 97,cargoexpress@cargoexpress.com.bj,cargoexpress.bj,PME (50-200),B2B,Facebook Pages,,Actif,2026-06-29T00:22:54.938608,haute
BJ-7098FC88,Véhicule,Transport & Logistique,Bopa,+229 33 96 53 35,véhicule@outlook.com,,PME (10-50),B2C,Facebook Pages,,Actif,2026-06-29T00:22:54.938621,moyenne
BJ-82F9E29C,Paquet Bénin Houéyogbé,Transport & Logistique,Houéyogbé,+229 69 60 44 10,paquet.bénin@paquetbéninhoué.bj,paquetbéninhouéyogbé.bj,TPE (<10),B2B,Facebook Pages,,Actif,2026-06-29T00:22:54.938646,haute
BJ-226CE8B5,SARL Cargo,Transport & Logistique,Houéyogbé,+229 90 23 91 50,sarlcargo@hotmail.com,,PME (10-50),B2C,Facebook Pages,,Actif,2026-06-29T00:22:54.938662,moyenne
BJ-8B468ED0,Distribution Houéyogbé,Transport & Logistique,Houéyogbé,+229 74 54 60 47,distribution_houéyogbé@outlook.com,distributionhouéyogbé.bj,PME (50-200),B2B,Facebook Pages,,Actif,2026-06-29T00:22:54.938679,haute
BJ-F52149D1,Stockage Houéyogbé,Transport & Logistique,Houéyogbé,+229 80 51 12 74,stockagehouéyogbé@stockagehouéyog.bj,stockagehouéyogbé.bj,TPE (<10),B2C,Facebook Pages,,Actif,2026-06-29T00:22:54.938696,haute
BJ-CC0D4E4D,Car Africa Houéyogbé,Transport & Logistique,Houéyogbé,+229 93 89 63 92,car_africa@carafricahouéyo.com.bj,carafricahouéyogbé.bj,PME (10-50),B2B,Facebook Pages,,Actif,2026-06-29T00:22:54.938717,haute
BJ-4344014D,Bus,Transport & Logistique,Malanville,+229 44 33 34 79,,bus.bj,PME (10-50),B2C,Facebook Pages,,Actif,2026-06-29T00:22:54.938736,moyenne
BJ-BB10B5B3,Navire,Transport & Logistique,Malanville,+229 29 60 49 75,,,Grande (>200),B2B,Facebook Pages,,Actif,2026-06-29T00:22:54.938748,basse
BJ-B704F55F,Delivery Transitaire,Transport & Logistique,Malanville,+229 84 65 10 90,delivery.transitaire@yahoo.com,deliverytransitaire.bj,PME (10-50),B2C,Facebook Pages,,Actif,2026-06-29T00:22:54.938767,haute
BJ-E7503417,Groupe Entrepôt,Transport & Logistique,Malanville,+229 88 30 75 72,groupeentrepôt@groupeentrepôt.com.bj,groupeentrepôt.bj,TPE (<10),B2C,Facebook Pages,,Actif,2026-06-29T00:22:54.938790,haute
BJ-5F4A1851,Cargo Entrepôt Freight,Transport & Logistique,Malanville,+229 94 50 21 45,cargo.entrepôt@cargoentrepôtfr.org.bj,cargoentrepôtfreight.bj,TPE (<10),B2C,Facebook Pages,,Actif,2026-06-29T00:22:54.938808,haute
BJ-A01D4556,Transport Transit Freight,Transport & Logistique,Kandi,+229 73 72 34 78,t.transit@yahoo.com,transporttransitfreight.bj,PME (10-50),B2B,Facebook Pages,,Actif,2026-06-29T00:22:54.938831,haute
BJ-C1E1C6F0,Messagerie Poids,Transport & Logistique,Kandi,+229 82 64 94 24,messageriepoids@hotmail.com,messageriepoids.bj,TPE (<10),B2C,Facebook Pages,,Actif,2026-06-29T00:22:54.938847,haute
BJ-416375D2,Envoi Kandi,Transport & Logistique,Kandi,+229 75 44 19 58,envoikandi@envoikandi.bj,envoikandi.bj,PME (10-50),B2C,Facebook Pages,,Actif,2026-06-29T00:22:54.938863,haute
BJ-0A36C351,Transit Bus Bénin,Transport & Logistique,Kandi,+229 37 73 52 40,transitbus@transitbusbénin.com.bj,transitbusbénin.bj,PME (10-50),B2B,Facebook Pages,,Actif,2026-06-29T00:22:54.938881,haute
BJ-352A1E10,Distribution Freight,Transport & Logistique,Banikoara,+229 63 66 35 47,d.freight@distributionfre.bj,,TPE (<10),B2B,Facebook Pages,,Actif,2026-06-29T00:22:54.938949,moyenne
BJ-195E416D,Cargo Transport,Transport & Logistique,Banikoara,+229 79 63 90 68,cargotransport@cargotransport.org.bj,cargotransport.bj,PME (50-200),B2B,Facebook Pages,,Actif,2026-06-29T00:22:54.938966,haute
BJ-73E32B8A,Fret Entrepôt Transport,Transport & Logistique,Banikoara,+229 33 47 76 20,fretentrepôt@hotmail.com,,PME (10-50),B2B,Facebook Pages,,Actif,2026-06-29T00:22:54.938986,moyenne
BJ-B6C4B0E4,Delivery Stockage Freight Banikoara,Transport & Logistique,Banikoara,+229 44 61 78 87,deliverystockage@outlook.com,deliverystockagefreightbanikoara.bj,TPE (<10),B2B,Facebook Pages,,Actif,2026-06-29T00:22:54.939004,haute
BJ-CE738E62,Logistique Chaîne Banikoara,Transport & Logistique,Banikoara,+229 82 32 37 35,,logistiquechaînebanikoara.bj,PME (50-200),B2B,Facebook Pages,,Actif,2026-06-29T00:22:54.939017,moyenne
BJ-C99AF08F,Express Warehousing,Transport & Logistique,Ségbana,+229 42 65 61 14,express.warehousing@yahoo.fr,expresswarehousing.bj,PME (10-50),B2B,Facebook Pages,,Actif,2026-06-29T00:22:54.939039,haute
BJ-C46A7403,Groupe Envoi Shipping Ségbana,Transport & Logistique,Ségbana,+229 96 73 21 34,groupeenvoi@groupeenvoiship.bj,,PME (10-50),B2C,Facebook Pages,,Actif,2026-06-29T00:22:54.939094,moyenne
BJ-E65DEB71,Chain Bénin Ségbana,Transport & Logistique,Ségbana,+229 20 22 20 63,chainbénin@chainbéninségba.bj,,PME (10-50),B2B,Facebook Pages,,Actif,2026-06-29T00:22:54.939111,moyenne
BJ-6B9B2686,Poids,Transport & Logistique,Karimama,+229 44 56 47 70,poids@poids.com.bj,,TPE (<10),B2C,Facebook Pages,,Actif,2026-06-29T00:22:54.939132,moyenne
BJ-6E7F9F7C,Bateau Karimama,Transport & Logistique,Karimama,+229 21 81 25 36,b.karimama@hotmail.com,,TPE (<10),B2C,Facebook Pages,,Actif,2026-06-29T00:22:54.939148,moyenne
BJ-83C742DC,Maritime,Transport & Logistique,Karimama,+229 69 49 36 91,maritime@hotmail.com,,TPE (<10),B2C,Facebook Pages,,Actif,2026-06-29T00:22:54.939164,moyenne
BJ-848BFB43,Express Transport Shipping,Transport & Logistique,Karimama,+229 90 77 21 60,express_transport@hotmail.com,,TPE (<10),B2B,Facebook Pages,,Actif,2026-06-29T00:22:54.939179,moyenne
BJ-BFE32AE5,Warehousing Karimama,Transport & Logistique,Karimama,+229 20 47 14 94,w.karimama@gmail.com,warehousingkarimama.bj,PME (10-50),B2C,Facebook Pages,,Actif,2026-06-29T00:22:54.939195,haute
BJ-DDD6BC94,Navire Freight,Transport & Logistique,Gogounou,+229 36 64 90 88,navire.freight@navirefreight.com.bj,navirefreight.bj,Grande (>200),B2C,Facebook Pages,,Actif,2026-06-29T00:22:54.939217,haute
BJ-E38D0F24,Transport Courtage Gogounou,Transport & Logistique,Gogounou,+229 48 29 97 20,t.courtage@transportcourta.com.bj,,PME (10-50),B2B,Facebook Pages,,Actif,2026-06-29T00:22:54.939238,moyenne
BJ-197964C6,Messagerie Particulier Transport,Transport & Logistique,Gogounou,+229 98 10 66 95,m.particulier@messagerieparti.bj,messagerieparticuliertransport.bj,TPE (<10),B2C,Facebook Pages,,Actif,2026-06-29T00:22:54.939254,haute
BJ-A5A58AA8,Taxi,Transport & Logistique,Gogounou,+229 81 83 17 13,taxi@hotmail.com,,TPE (<10),B2C,Facebook Pages,,Actif,2026-06-29T00:22:54.939267,moyenne
BJ-0F2B5977,Transport,Transport & Logistique,Cobly,+229 24 11 39 98,,transport.bj,PME (10-50),B2B,Facebook Pages,,Actif,2026-06-29T00:22:54.939300,moyenne
BJ-648B11F9,Transit Transport Delivery,Transport & Logistique,Cobly,+229 63 71 73 81,t.transport@gmail.com,transittransportdelivery.bj,PME (50-200),B2C,Facebook Pages,,Actif,2026-06-29T00:22:54.939317,haute
BJ-E5263EFE,Rapide Car Shipping,Transport & Logistique,Cobly,+229 57 66 67 73,rapidecar@rapidecarshippi.com.bj,,PME (50-200),B2B,Facebook Pages,,Actif,2026-06-29T00:22:54.939337,moyenne
BJ-17512F1F,Groupe Déménagement,Transport & Logistique,Cobly,+229 29 31 65 65,groupe_déménagement@groupedéménagem.bj,groupedéménagement.bj,PME (10-50),B2B,Facebook Pages,,Actif,2026-06-29T00:22:54.939357,haute
BJ-D8BEF25E,Véhicule Logistique Cobly,Transport & Logistique,Cobly,+229 39 46 14 59,,,TPE (<10),B2B,Facebook Pages,,Actif,2026-06-29T00:22:54.939370,basse
BJ-5ED59E11,Groupe Transit Freight,Transport & Logistique,Tanguiéta,+229 53 34 44 52,g.transit@groupetransitfr.bj,groupetransitfreight.bj,PME (10-50),B2B,Facebook Pages,,Actif,2026-06-29T00:22:54.939414,haute
BJ-BFAB0494,Conteneur,Transport & Logistique,Tanguiéta,+229 44 93 29 88,conteneur@conteneur.org.bj,,PME (50-200),B2B,Facebook Pages,,Actif,2026-06-29T00:22:54.939452,moyenne
BJ-F98B6184,Taxi Transport,Transport & Logistique,Tanguiéta,+229 37 99 40 57,taxi_transport@yahoo.fr,taxitransport.bj,TPE (<10),B2C,Facebook Pages,,Actif,2026-06-29T00:22:54.939490,haute
BJ-C66B3BD3,Déménagement Shipping,Transport & Logistique,Tanguiéta,+229 91 84 27 33,déménagement.shipping@gmail.com,déménagementshipping.bj,PME (10-50),B2B,Facebook Pages,,Actif,2026-06-29T00:22:54.939532,haute
BJ-8F729132,Douane,Transport & Logistique,Tanguiéta,+229 60 52 20 30,douane@douane.com.bj,douane.bj,TPE (<10),B2B,Facebook Pages,,Actif,2026-06-29T00:22:54.939563,haute
BJ-FB7C2C0C,Delivery VTC Logistique,Transport & Logistique,Matéri,+229 66 44 80 60,,deliveryvtclogistique.bj,TPE (<10),B2B,Facebook Pages,,Actif,2026-06-29T00:22:54.939637,moyenne
BJ-B3FE0DBE,Transport Envoi,Transport & Logistique,Matéri,+229 34 28 99 25,transport_envoi@transportenvoi.com.bj,transportenvoi.bj,PME (10-50),B2C,Facebook Pages,,Actif,2026-06-29T00:22:54.939685,haute
BJ-A121EC5C,Express Portuaire Express,Transport & Logistique,Matéri,+229 21 84 86 69,expressportuaire@outlook.com,,PME (50-200),B2B,Facebook Pages,,Actif,2026-06-29T00:22:54.939729,moyenne
BJ-7D3A1F18,Groupe Rapide,Transport & Logistique,Matéri,+229 64 80 62 62,grouperapide@grouperapide.bj,grouperapide.bj,PME (50-200),B2C,Facebook Pages,,Actif,2026-06-29T00:22:54.939781,haute
BJ-97F6E1BD,Froid Transport,Transport & Logistique,Natitingou,+229 37 48 32 34,froid_transport@yahoo.fr,froidtransport.bj,TPE (<10),B2C,Facebook Pages,,Actif,2026-06-29T00:22:54.939836,haute
BJ-6DCD4A56,Groupe Aérien Transport,Transport & Logistique,Natitingou,+229 61 40 30 51,groupeaérien@groupeaérientra.bj,groupeaérientransport.bj,PME (10-50),B2B,Facebook Pages,,Actif,2026-06-29T00:22:54.939907,haute
BJ-A621228F,Delivery Bateau Natitingou,Transport & Logistique,Natitingou,+229 69 15 25 42,deliverybateau@deliverybateaun.com.bj,,TPE (<10),B2B,Facebook Pages,,Actif,2026-06-29T00:22:54.939960,moyenne
BJ-ED10CEAD,Warehousing,Transport & Logistique,Natitingou,+229 62 31 88 60,warehousing@warehousing.bj,warehousing.bj,Grande (>200),B2B,Facebook Pages,,Actif,2026-06-29T00:22:54.939998,haute
BJ-813B8972,Courtage,Transport & Logistique,Natitingou,+229 92 69 13 47,courtage@outlook.com,,Grande (>200),B2C,Facebook Pages,,Actif,2026-06-29T00:22:54.940031,moyenne
BJ-61FB14C5,Logistique Fret Express,Transport & Logistique,Toucountouna,+229 99 64 64 55,logistiquefret@logistiquefrete.com.bj,logistiquefretexpress.bj,PME (10-50),B2B,Facebook Pages,,Actif,2026-06-29T00:22:54.940085,haute
BJ-34222F9A,Logistique Supply Express,Transport & Logistique,Toucountouna,+229 70 44 74 36,,logistiquesupplyexpress.bj,TPE (<10),B2C,Facebook Pages,,Actif,2026-06-29T00:22:54.940106,moyenne
BJ-B96B2BB5,Transit Shipping,Transport & Logistique,Toucountouna,+229 92 82 40 78,,transitshipping.bj,TPE (<10),B2B,Facebook Pages,,Actif,2026-06-29T00:22:54.940130,moyenne
BJ-F5DC25ED,Paquet,Transport & Logistique,Toucountouna,+229 91 31 13 23,paquet@paquet.bj,paquet.bj,Grande (>200),B2B,Facebook Pages,,Actif,2026-06-29T00:22:54.940155,haute
BJ-23194628,Groupe Transport Toucountouna,Transport & Logistique,Toucountouna,+229 96 92 74 26,groupe.transport@groupetransport.org.bj,groupetransporttoucountouna.bj,TPE (<10),B2B,Facebook Pages,,Actif,2026-06-29T00:22:54.940181,haute
BJ-1014A14D,Cargo Cargo Transport,Transport & Logistique,Boukoumbé,+229 43 18 48 10,c.cargo@cargocargotrans.bj,,TPE (<10),B2B,Facebook Pages,,Actif,2026-06-29T00:22:54.940223,moyenne
BJ-9754E64A,Messagerie Portuaire,Transport & Logistique,Boukoumbé,+229 52 38 27 35,messagerie_portuaire@messagerieportu.com.bj,messagerieportuaire.bj,Grande (>200),B2B,Facebook Pages,,Actif,2026-06-29T00:22:54.940251,haute
BJ-B3FA1DEE,Car Boukoumbé,Transport & Logistique,Boukoumbé,+229 46 42 68 93,c.boukoumbé@gmail.com,carboukoumbé.bj,Grande (>200),B2C,Facebook Pages,,Actif,2026-06-29T00:22:54.940281,haute
BJ-705889F6,Conteneur Delivery,Transport & Logistique,Boukoumbé,+229 65 25 23 26,conteneurdelivery@yahoo.fr,,PME (10-50),B2C,Facebook Pages,,Actif,2026-06-29T00:22:54.940305,moyenne
BJ-C73E1E9B,Messagerie Aérien Africa,Transport & Logistique,Boukoumbé,+229 75 45 21 93,messagerieaérien@messagerieaérie.org.bj,,TPE (<10),B2B,Facebook Pages,,Actif,2026-06-29T00:22:54.940334,moyenne
BJ-306CB738,Déménagement,Transport & Logistique,Kouandé,+229 96 21 61 27,déménagement@yahoo.fr,déménagement.bj,PME (50-200),B2B,Facebook Pages,,Actif,2026-06-29T00:22:54.940373,haute
BJ-A5C1D7B9,Cargo,Transport & Logistique,Kouandé,+229 68 93 55 39,cargo@cargo.bj,,TPE (<10),B2C,Facebook Pages,,Actif,2026-06-29T00:22:54.940431,moyenne
BJ-39B70B10,Transit Kouandé,Transport & Logistique,Kouandé,+229 53 29 86 93,transitkouandé@transitkouandé.com.bj,,Grande (>200),B2B,Facebook Pages,,Actif,2026-06-29T00:22:54.940462,moyenne
BJ-279E5DC0,Cargo Stockage,Transport & Logistique,Kouandé,+229 31 24 72 21,cargo.stockage@yahoo.com,,TPE (<10),B2C,Facebook Pages,,Actif,2026-06-29T00:22:54.940494,moyenne
BJ-80EC504C,Rapide Particulier,Transport & Logistique,Péhunco,+229 33 41 68 80,rapide.particulier@rapideparticuli.com.bj,rapideparticulier.bj,Grande (>200),B2B,Facebook Pages,,Actif,2026-06-29T00:22:54.940546,haute
BJ-5B5330C2,Poids International,Transport & Logistique,Péhunco,+229 23 91 81 47,poidsinternational@gmail.com,,TPE (<10),B2C,Facebook Pages,,Actif,2026-06-29T00:22:54.940583,moyenne
BJ-2CC9D8A5,Delivery Courtage,Transport & Logistique,Péhunco,+229 25 43 92 54,deliverycourtage@deliverycourtag.com.bj,,PME (10-50),B2C,Facebook Pages,,Actif,2026-06-29T00:22:54.940617,moyenne
BJ-D6D79097,Public Africa,Transport & Logistique,Péhunco,+229 24 25 98 43,,,TPE (<10),B2C,Facebook Pages,,Actif,2026-06-29T00:22:54.940642,basse
BJ-72FA012A,Affrètement SARL,Transport & Logistique,Péhunco,+229 61 30 80 73,,affrètementsarl.bj,TPE (<10),B2C,Facebook Pages,,Actif,2026-06-29T00:22:54.940665,moyenne
BJ-542446F2,Warehousing Transport,Transport & Logistique,Tchaourou,+229 25 35 69 22,warehousingtransport@warehousingtran.org.bj,,Grande (>200),B2C,Facebook Pages,,Actif,2026-06-29T00:22:54.940743,moyenne
BJ-332E96CF,Chambre Bénin,Transport & Logistique,Tchaourou,+229 51 71 41 45,c.bénin@chambrebénin.com.bj,chambrebénin.bj,PME (50-200),B2B,Facebook Pages,,Actif,2026-06-29T00:22:54.940798,haute
BJ-0E1E7DEF,Express Fret Tchaourou,Transport & Logistique,Tchaourou,+229 69 93 85 89,express_fret@hotmail.com,expressfrettchaourou.bj,TPE (<10),B2C,Facebook Pages,,Actif,2026-06-29T00:22:54.940832,haute
BJ-95E61E41,Delivery Route Shipping,Transport & Logistique,Tchaourou,+229 96 57 42 97,d.route@deliveryroutesh.com.bj,,PME (10-50),B2B,Facebook Pages,,Actif,2026-06-29T00:22:54.940859,moyenne
BJ-7A062A94,Chambre,Transport & Logistique,Nikki,+229 84 24 83 27,chambre@outlook.com,chambre.bj,PME (10-50),B2B,Facebook Pages,,Actif,2026-06-29T00:22:54.940910,haute
BJ-E56EE31C,Express Froid Africa,Transport & Logistique,Nikki,+229 63 52 23 99,e.froid@yahoo.com,expressfroidafrica.bj,PME (10-50),B2B,Facebook Pages,,Actif,2026-06-29T00:22:54.940937,haute
BJ-2A6D0F03,Rapide Taxi Cargo,Transport & Logistique,Nikki,+229 53 37 51 66,,rapidetaxicargo.bj,PME (10-50),B2B,Facebook Pages,,Actif,2026-06-29T00:22:54.940992,moyenne
BJ-839A55AA,Véhicule Transport,Transport & Logistique,Nikki,+229 66 42 28 95,v.transport@gmail.com,,TPE (<10),B2B,Facebook Pages,,Actif,2026-06-29T00:22:54.941033,moyenne
BJ-1B283823,Transitaire,Transport & Logistique,Bembéréké,+229 21 47 74 93,transitaire@yahoo.com,transitaire.bj,PME (50-200),B2B,Facebook Pages,,Actif,2026-06-29T00:22:54.941071,haute
BJ-3E92F35D,Navire Shipping,Transport & Logistique,Bembéréké,+229 55 24 83 18,navire.shipping@navireshipping.com.bj,navireshipping.bj,PME (10-50),B2B,Facebook Pages,,Actif,2026-06-29T00:22:54.941115,haute
BJ-02CE5261,SARL Fret,Transport & Logistique,Bembéréké,+229 28 65 65 60,s.fret@sarlfret.com.bj,,TPE (<10),B2C,Facebook Pages,,Actif,2026-06-29T00:22:54.941132,moyenne
BJ-DFDCB6EA,SARL Chambre,Transport & Logistique,Bembéréké,+229 27 69 62 89,s.chambre@hotmail.com,,TPE (<10),B2B,Facebook Pages,,Actif,2026-06-29T00:22:54.941147,moyenne
BJ-E5A6AD56,Transport Cargo,Transport & Logistique,Kalalé,+229 71 61 85 82,,transportcargo.bj,TPE (<10),B2B,Facebook Pages,,Actif,2026-06-29T00:22:54.941166,moyenne
BJ-E104DE74,Froid Transport,Transport & Logistique,Kalalé,+229 22 97 56 36,froid.transport@yahoo.com,froidtransport.bj,TPE (<10),B2C,Facebook Pages,,Actif,2026-06-29T00:22:54.941182,haute
BJ-C1296176,Delivery Aérien Freight,Transport & Logistique,Kalalé,+229 26 56 24 73,,deliveryaérienfreight.bj,Grande (>200),B2C,Facebook Pages,,Actif,2026-06-29T00:22:54.941196,moyenne
BJ-16B85A7F,Navire Express,Transport & Logistique,Kalalé,+229 43 51 40 11,n.express@navireexpress.bj,,TPE (<10),B2B,Facebook Pages,,Actif,2026-06-29T00:22:54.941210,moyenne
BJ-3C45A535,Car Express,Transport & Logistique,Kalalé,+229 50 84 40 97,,,TPE (<10),B2C,Facebook Pages,,Actif,2026-06-29T00:22:54.941221,basse
BJ-34B46A79,Portuaire Ndali,Transport & Logistique,Ndali,+229 92 72 33 56,portuaire_ndali@hotmail.com,,PME (10-50),B2C,Facebook Pages,,Actif,2026-06-29T00:22:54.941243,moyenne
BJ-A2696D22,Rapide Camion International,Transport & Logistique,Ndali,+229 28 80 37 47,rapide_camion@rapidecamionint.com.bj,rapidecamioninternational.bj,PME (50-200),B2B,Facebook Pages,,Actif,2026-06-29T00:22:54.941259,haute
BJ-57DD6D35,Urgent Ndali,Transport & Logistique,Ndali,+229 68 63 69 94,,,TPE (<10),B2C,Facebook Pages,,Actif,2026-06-29T00:22:54.941276,basse
BJ-1AC6BEF3,SARL Colis,Transport & Logistique,Ndali,+229 88 20 49 24,,sarlcolis.bj,TPE (<10),B2B,Facebook Pages,,Actif,2026-06-29T00:22:54.941289,moyenne
BJ-5E310E6D,Transport Navire,Transport & Logistique,Ndali,+229 90 48 93 84,transportnavire@transportnavire.bj,transportnavire.bj,PME (10-50),B2C,Facebook Pages,,Actif,2026-06-29T00:22:54.941308,haute
BJ-EB82571F,Transport Taxi Bénin Ségbana,Transport & Logistique,Ségbana,+229 95 41 71 16,transporttaxi@transporttaxibé.bj,,PME (50-200),B2B,Facebook Pages,,Actif,2026-06-29T00:22:54.941352,moyenne
BJ-9A1B2FAC,Messagerie Warehousing Freight,Transport & Logistique,Ségbana,+229 94 19 27 58,messageriewarehousing@yahoo.fr,,PME (10-50),B2C,Facebook Pages,,Actif,2026-06-29T00:22:54.941387,moyenne
BJ-148EA561,SARL Déménagement,Transport & Logistique,Ségbana,+229 38 57 48 82,,sarldéménagement.bj,TPE (<10),B2C,Facebook Pages,,Actif,2026-06-29T00:22:54.941409,moyenne
BJ-00D06816,Cargo Douane,Transport & Logistique,Ségbana,+229 59 49 26 38,c.douane@cargodouane.com.bj,cargodouane.bj,TPE (<10),B2B,Facebook Pages,,Actif,2026-06-29T00:22:54.941426,haute
BJ-DD624693,Conteneur Cargo,Transport & Logistique,Ségbana,+229 87 33 65 46,conteneurcargo@conteneurcargo.org.bj,conteneurcargo.bj,TPE (<10),B2B,Facebook Pages,,Actif,2026-06-29T00:22:54.941442,haute
BJ-8CAFBC38,SARL Paquet Tchaourou,Transport & Logistique,Tchaourou,+229 51 68 66 55,sarl.paquet@yahoo.com,,TPE (<10),B2B,Facebook Pages,,Actif,2026-06-29T00:22:54.941465,moyenne
BJ-481ADC47,Particulier Express,Transport & Logistique,Tchaourou,+229 44 16 93 24,particulierexpress@hotmail.com,particulierexpress.bj,PME (50-200),B2C,Facebook Pages,,Actif,2026-06-29T00:22:54.941481,haute
BJ-86978981,Delivery Express,Transport & Logistique,Tchaourou,+229 47 82 39 91,,,TPE (<10),B2C,Facebook Pages,,Actif,2026-06-29T00:22:54.941495,basse
BJ-4AC6F430,SARL Chain,Transport & Logistique,Tchaourou,+229 26 31 16 96,sarl.chain@hotmail.com,sarlchain.bj,TPE (<10),B2B,Facebook Pages,,Actif,2026-06-29T00:22:54.941518,haute
BJ-971759ED,Transport Rapide International Bétérou,Transport & Logistique,Bétérou,+229 66 34 26 76,transport_rapide@transportrapide.bj,transportrapideinternationalbétérou.bj,TPE (<10),B2B,Facebook Pages,,Actif,2026-06-29T00:22:54.941581,haute
BJ-B3954F92,Affrètement,Transport & Logistique,Bétérou,+229 96 88 33 79,affrètement@affrètement.bj,affrètement.bj,TPE (<10),B2C,Facebook Pages,,Actif,2026-06-29T00:22:54.941615,haute
BJ-8B92733E,Aérien,Transport & Logistique,Bétérou,+229 92 10 45 59,,,PME (50-200),B2B,Facebook Pages,,Actif,2026-06-29T00:22:54.941645,basse
BJ-478AB841,VTC,Transport & Logistique,Bétérou,+229 94 84 92 35,,vtc.bj,PME (50-200),B2B,Facebook Pages,,Actif,2026-06-29T00:22:54.941670,moyenne
BJ-6F6BE9C6,Stockage Transport,Transport & Logistique,Bétérou,+229 41 30 50 31,,,PME (10-50),B2C,Facebook Pages,,Actif,2026-06-29T00:22:54.941695,basse
BJ-2C020C0E,Express Transitaire SARL,Transport & Logistique,Ouessè,+229 89 17 73 53,,,TPE (<10),B2C,Facebook Pages,,Actif,2026-06-29T00:22:54.941730,basse
BJ-4EC37A0B,Rapide Bateau Shipping,Transport & Logistique,Ouessè,+229 87 43 19 77,,rapidebateaushipping.bj,PME (10-50),B2C,Facebook Pages,,Actif,2026-06-29T00:22:54.941756,moyenne
BJ-59C8CE72,Urgent,Transport & Logistique,Ouessè,+229 94 79 85 69,urgent@urgent.org.bj,urgent.bj,Grande (>200),B2C,Facebook Pages,,Actif,2026-06-29T00:22:54.941789,haute
BJ-F61889D8,Lourd Ouessè,Transport & Logistique,Ouessè,+229 30 77 66 97,lourdouessè@yahoo.fr,,Grande (>200),B2C,Facebook Pages,,Actif,2026-06-29T00:22:54.941820,moyenne
BJ-AC351A24,Rapide Entrepôt Africa,Transport & Logistique,Ouessè,+229 61 57 72 80,r.entrepôt@rapideentrepôta.bj,rapideentrepôtafrica.bj,PME (10-50),B2B,Facebook Pages,,Actif,2026-06-29T00:22:54.941867,haute
BJ-8D00E2D1,Transit Shipping Glazoué,Transport & Logistique,Glazoué,+229 88 79 28 64,transit.shipping@outlook.com,transitshippingglazoué.bj,TPE (<10),B2C,Facebook Pages,,Actif,2026-06-29T00:22:54.941951,haute
BJ-73EE9B94,Express Courrier Africa Glazoué,Transport & Logistique,Glazoué,+229 23 92 75 89,e.courrier@expresscourrier.com.bj,expresscourrierafricaglazoué.bj,Grande (>200),B2C,Facebook Pages,,Actif,2026-06-29T00:22:54.941982,haute
BJ-DBFED328,Logistique Portuaire Glazoué,Transport & Logistique,Glazoué,+229 65 90 52 11,l.portuaire@logistiqueportu.com.bj,logistiqueportuaireglazoué.bj,TPE (<10),B2C,Facebook Pages,,Actif,2026-06-29T00:22:54.942013,haute
BJ-11A52A65,Véhicule,Transport & Logistique,Glazoué,+229 31 23 17 37,,véhicule.bj,PME (10-50),B2B,Facebook Pages,,Actif,2026-06-29T00:22:54.942039,moyenne
BJ-5CD61738,Express Distribution,Transport & Logistique,Glazoué,+229 32 33 32 82,express.distribution@expressdistribu.org.bj,expressdistribution.bj,PME (10-50),B2B,Facebook Pages,,Actif,2026-06-29T00:22:54.942067,haute
BJ-4B7899F4,Fret Courtage Dassa-Zoumè,Transport & Logistique,Dassa-Zoumè,+229 50 90 34 50,,fretcourtagedassazoumè.bj,Grande (>200),B2C,Facebook Pages,,Actif,2026-06-29T00:22:54.942111,moyenne
BJ-8896A6F2,Car,Transport & Logistique,Dassa-Zoumè,+229 39 82 23 95,,car.bj,PME (10-50),B2C,Facebook Pages,,Actif,2026-06-29T00:22:54.942136,moyenne
BJ-E1FD176C,Cargo International,Transport & Logistique,Dassa-Zoumè,+229 40 49 84 57,cargointernational@cargointernatio.bj,cargointernational.bj,TPE (<10),B2B,Facebook Pages,,Actif,2026-06-29T00:22:54.942171,haute
BJ-0B61B048,Stockage Freight,Transport & Logistique,Dassa-Zoumè,+229 98 83 98 96,s.freight@stockagefreight.bj,stockagefreight.bj,TPE (<10),B2B,Facebook Pages,,Actif,2026-06-29T00:22:54.942207,haute
BJ-9DD6460C,Groupe Messagerie,Transport & Logistique,Dassa-Zoumè,+229 59 53 97 62,,groupemessagerie.bj,Grande (>200),B2B,Facebook Pages,,Actif,2026-06-29T00:22:54.942229,moyenne
BJ-12A001D1,Groupe Urgent Savalou,Transport & Logistique,Savalou,+229 59 21 68 71,,groupeurgentsavalou.bj,PME (50-200),B2B,Facebook Pages,,Actif,2026-06-29T00:22:54.942265,moyenne
BJ-AA0E9B6C,Express Bus Cargo,Transport & Logistique,Savalou,+229 98 69 62 13,,expressbuscargo.bj,PME (10-50),B2C,Facebook Pages,,Actif,2026-06-29T00:22:54.942285,moyenne
BJ-E219ACCC,Chaîne,Transport & Logistique,Savalou,+229 46 41 27 26,chaîne@yahoo.fr,chaîne.bj,TPE (<10),B2B,Facebook Pages,,Actif,2026-06-29T00:22:54.942316,haute
BJ-EB371D48,Warehousing,Transport & Logistique,Savalou,+229 56 25 40 46,warehousing@outlook.com,warehousing.bj,PME (10-50),B2C,Facebook Pages,,Actif,2026-06-29T00:22:54.942347,haute
BJ-2091061D,Fret Stockage Transport Savalou,Transport & Logistique,Savalou,+229 62 38 79 85,,fretstockagetransportsavalou.bj,Grande (>200),B2C,Facebook Pages,,Actif,2026-06-29T00:22:54.942369,moyenne
BJ-8A7422EE,Stockage Bantè,Transport & Logistique,Bantè,+229 46 34 36 39,,stockagebantè.bj,PME (50-200),B2B,Facebook Pages,,Actif,2026-06-29T00:22:54.942425,moyenne
BJ-981E1819,Chambre Bantè,Transport & Logistique,Bantè,+229 87 89 80 40,c.bantè@chambrebantè.bj,chambrebantè.bj,Grande (>200),B2B,Facebook Pages,,Actif,2026-06-29T00:22:54.942465,haute
BJ-890F9159,Groupe Bateau,Transport & Logistique,Bantè,+229 91 29 30 39,groupebateau@groupebateau.org.bj,,PME (50-200),B2B,Facebook Pages,,Actif,2026-06-29T00:22:54.942508,moyenne
BJ-7FFEAEE7,Groupe Warehousing,Transport & Logistique,Bantè,+229 30 86 28 74,,groupewarehousing.bj,PME (10-50),B2B,Facebook Pages,,Actif,2026-06-29T00:22:54.942578,moyenne
BJ-AB743F34,Transit Véhicule,Transport & Logistique,Djougou,+229 74 31 32 73,,transitvéhicule.bj,TPE (<10),B2C,Facebook Pages,,Actif,2026-06-29T00:22:54.942619,moyenne
BJ-E540769D,Stockage Delivery,Transport & Logistique,Djougou,+229 52 82 83 24,stockage.delivery@stockagedeliver.com.bj,,PME (10-50),B2C,Facebook Pages,,Actif,2026-06-29T00:22:54.942647,moyenne
BJ-7D581F62,Colis SARL,Transport & Logistique,Djougou,+229 41 90 45 20,colissarl@gmail.com,colissarl.bj,PME (10-50),B2B,Facebook Pages,,Actif,2026-06-29T00:22:54.942679,haute
BJ-0BB23BB5,SARL Courrier,Transport & Logistique,Djougou,+229 40 83 77 15,sarl_courrier@gmail.com,sarlcourrier.bj,PME (50-200),B2B,Facebook Pages,,Actif,2026-06-29T00:22:54.942706,haute
BJ-B028B6E2,Transport Africa,Transport & Logistique,Djougou,+229 75 92 65 44,transport_africa@yahoo.fr,transportafrica.bj,PME (10-50),B2C,Facebook Pages,,Actif,2026-06-29T00:22:54.942733,haute
BJ-F21DA576,Chaîne Transport,Transport & Logistique,Ouèssè,+229 48 30 84 86,chaîne.transport@chaînetransport.com.bj,,TPE (<10),B2B,Facebook Pages,,Actif,2026-06-29T00:22:54.942781,moyenne
BJ-B7BBE131,Logistique Déménagement Freight,Transport & Logistique,Ouèssè,+229 90 36 80 56,,,TPE (<10),B2C,Facebook Pages,,Actif,2026-06-29T00:22:54.942801,basse
BJ-A5A00220,SARL Distribution Shipping,Transport & Logistique,Ouèssè,+229 26 61 15 26,sarldistribution@yahoo.fr,,PME (50-200),B2B,Facebook Pages,,Actif,2026-06-29T00:22:54.942839,moyenne
BJ-9DD14A6C,Rapide Déménagement,Transport & Logistique,Ouèssè,+229 87 18 32 12,rapide_déménagement@rapidedéménagem.org.bj,rapidedéménagement.bj,TPE (<10),B2C,Facebook Pages,,Actif,2026-06-29T00:22:54.942876,haute
BJ-25319FE0,Paquet Africa Ouèssè,Transport & Logistique,Ouèssè,+229 89 76 21 55,paquet_africa@yahoo.fr,,TPE (<10),B2C,Facebook Pages,,Actif,2026-06-29T00:22:54.942937,moyenne
BJ-5AA45846,Delivery Livraison,Transport & Logistique,Bassila,+229 24 97 55 40,deliverylivraison@deliverylivrais.bj,,TPE (<10),B2B,Facebook Pages,,Actif,2026-06-29T00:22:54.943002,moyenne
BJ-CA9B3EF6,Transport Urgent International,Transport & Logistique,Bassila,+229 26 94 26 23,,transporturgentinternational.bj,Grande (>200),B2B,Facebook Pages,,Actif,2026-06-29T00:22:54.943032,moyenne
BJ-306712BF,Courtage Shipping,Transport & Logistique,Bassila,+229 73 12 92 51,,,PME (10-50),B2C,Facebook Pages,,Actif,2026-06-29T00:22:54.943061,basse
BJ-CCF14BD7,Conteneur Freight,Transport & Logistique,Bassila,+229 97 39 73 31,conteneur.freight@yahoo.fr,conteneurfreight.bj,PME (10-50),B2B,Facebook Pages,,Actif,2026-06-29T00:22:54.943095,haute
BJ-80745E61,Stockage,Transport & Logistique,Bassila,+229 22 35 78 17,stockage@hotmail.com,stockage.bj,PME (50-200),B2C,Facebook Pages,,Actif,2026-06-29T00:22:54.943125,haute
BJ-8CD10707,Cargo Logistique Pehunco,Transport & Logistique,Pehunco,+229 91 45 49 63,cargologistique@cargologistique.bj,cargologistiquepehunco.bj,PME (10-50),B2C,Facebook Pages,,Actif,2026-06-29T00:22:54.943186,haute
BJ-B9DB5EDB,Douane Transport,Transport & Logistique,Pehunco,+229 73 77 49 57,douane.transport@yahoo.fr,douanetransport.bj,TPE (<10),B2B,Facebook Pages,,Actif,2026-06-29T00:22:54.943220,haute
BJ-3EDC5395,Douane Bénin Pehunco,Transport & Logistique,Pehunco,+229 84 92 61 40,d.bénin@douanebéninpehu.com.bj,douanebéninpehunco.bj,PME (10-50),B2C,Facebook Pages,,Actif,2026-06-29T00:22:54.943306,haute
BJ-738D03B3,Aérien Cargo,Transport & Logistique,Copargo,+229 66 34 52 32,,,PME (10-50),B2B,Facebook Pages,,Actif,2026-06-29T00:22:54.943391,basse
BJ-993EED92,SARL Particulier Transport,Transport & Logistique,Copargo,+229 88 71 23 78,sarlparticulier@sarlparticulier.com.bj,sarlparticuliertransport.bj,PME (10-50),B2C,Facebook Pages,,Actif,2026-06-29T00:22:54.943436,haute
BJ-45614DD6,Affrètement,Transport & Logistique,Copargo,+229 37 24 38 96,,affrètement.bj,TPE (<10),B2C,Facebook Pages,,Actif,2026-06-29T00:22:54.943468,moyenne
BJ-3E8EFB06,Camion,Transport & Logistique,Copargo,+229 34 41 44 38,camion@camion.com.bj,,TPE (<10),B2C,Facebook Pages,,Actif,2026-06-29T00:22:54.943494,moyenne
BJ-C7F84397,Logistique Fret Copargo,Transport & Logistique,Copargo,+229 85 61 26 68,logistique.fret@logistiquefretc.com.bj,,TPE (<10),B2C,Facebook Pages,,Actif,2026-06-29T00:22:54.943520,moyenne
BJ-174A6FD0,Mobile SA,Télécommunications,Cotonou,+229 30 71 64 73,mobile@hotmail.com,mobilesa.bj,PME (50-200),B2C,Facebook Pages,,Actif,2026-06-29T00:22:54.943561,haute
BJ-E2ECCE6B,Fiber Provider Connect,Télécommunications,Cotonou,+229 49 50 18 84,fiberprovider@fiberproviderco.org.bj,,Grande (>200),B2C,Facebook Pages,,Actif,2026-06-29T00:22:54.943588,moyenne
BJ-B959F464,Wireless Haut,Télécommunications,Cotonou,+229 92 95 93 66,w.haut@wirelesshaut.bj,wirelesshaut.bj,PME (10-50),B2B,Facebook Pages,,Actif,2026-06-29T00:22:54.943625,haute
BJ-31272E10,Hosted International,Télécommunications,Cotonou,+229 90 61 80 61,h.international@hostedinternati.com.bj,hostedinternational.bj,PME (10-50),B2C,Facebook Pages,,Actif,2026-06-29T00:22:54.943662,haute
BJ-59781FB7,Télécom Digital Connect,Télécommunications,Cotonou,+229 44 66 64 15,télécomdigital@télécomdigitalc.bj,télécomdigitalconnect.bj,PME (10-50),B2B,Facebook Pages,,Actif,2026-06-29T00:22:54.943700,haute
BJ-7EC8EDEE,ISP Networks,Télécommunications,Abomey-Calavi,+229 51 29 70 49,i.networks@gmail.com,ispnetworks.bj,TPE (<10),B2C,Facebook Pages,,Actif,2026-06-29T00:22:54.943741,haute
BJ-355DEB92,Hosted,Télécommunications,Abomey-Calavi,+229 24 32 83 80,hosted@gmail.com,hosted.bj,TPE (<10),B2C,Facebook Pages,,Actif,2026-06-29T00:22:54.943762,haute
BJ-3AD8F15D,Antenne Telecom Abomey-Calavi,Télécommunications,Abomey-Calavi,+229 40 53 61 51,a.telecom@antennetelecoma.org.bj,,TPE (<10),B2B,Facebook Pages,,Actif,2026-06-29T00:22:54.943793,moyenne
BJ-AB67EB1A,FAI Africa,Télécommunications,Abomey-Calavi,+229 99 45 44 41,f.africa@faiafrica.org.bj,faiafrica.bj,TPE (<10),B2B,Facebook Pages,,Actif,2026-06-29T00:22:54.943817,haute
BJ-602D16A1,Fil,Télécommunications,Abomey-Calavi,+229 98 39 25 20,fil@fil.com.bj,fil.bj,TPE (<10),B2B,Facebook Pages,,Actif,2026-06-29T00:22:54.943859,haute
BJ-C0B27A7F,PBX Telecom Porto-Novo,Télécommunications,Porto-Novo,+229 61 63 58 98,pbxtelecom@pbxtelecomporto.org.bj,,TPE (<10),B2B,Facebook Pages,,Actif,2026-06-29T00:22:54.943947,moyenne
BJ-3ED1A42D,Connect Data,Télécommunications,Porto-Novo,+229 60 72 41 35,connectdata@gmail.com,connectdata.bj,PME (10-50),B2C,Facebook Pages,,Actif,2026-06-29T00:22:54.943980,haute
BJ-9790998B,Internet Spectre Groupe,Télécommunications,Porto-Novo,+229 48 89 84 31,internet.spectre@internetspectre.com.bj,internetspectregroupe.bj,TPE (<10),B2B,Facebook Pages,,Actif,2026-06-29T00:22:54.944009,haute
BJ-93AB0F0D,Fiber Vitesse,Télécommunications,Parakou,+229 29 73 70 89,fibervitesse@fibervitesse.com.bj,fibervitesse.bj,PME (10-50),B2B,Facebook Pages,,Actif,2026-06-29T00:22:54.944102,haute
BJ-A851C2CD,Connect Internet,Télécommunications,Parakou,+229 95 67 95 31,connectinternet@connectinternet.com.bj,connectinternet.bj,PME (50-200),B2C,Facebook Pages,,Actif,2026-06-29T00:22:54.944138,haute
BJ-1DBE3640,Fréquence Parakou,Télécommunications,Parakou,+229 86 41 77 95,fréquence_parakou@hotmail.com,,PME (10-50),B2C,Facebook Pages,,Actif,2026-06-29T00:22:54.944177,moyenne
BJ-22572446,ISP SA Parakou,Télécommunications,Parakou,+229 79 79 39 90,isp.parakou@ispsaparakou.org.bj,ispsaparakou.bj,PME (10-50),B2C,Facebook Pages,,Actif,2026-06-29T00:22:54.944207,haute
BJ-1896FC31,SIP Groupe,Télécommunications,Parakou,+229 72 90 80 99,sip.groupe@yahoo.fr,sipgroupe.bj,PME (50-200),B2B,Facebook Pages,,Actif,2026-06-29T00:22:54.944238,haute
BJ-2918D3C6,Wireless Voice,Télécommunications,Bohicon,+229 87 31 69 25,wireless.voice@wirelessvoice.org.bj,wirelessvoice.bj,TPE (<10),B2C,Facebook Pages,,Actif,2026-06-29T00:22:54.944307,haute
BJ-E916ED51,Mobile Bandwidth SA,Télécommunications,Bohicon,+229 43 18 17 77,mobile.bandwidth@hotmail.com,mobilebandwidthsa.bj,PME (10-50),B2C,Facebook Pages,,Actif,2026-06-29T00:22:54.944344,haute
BJ-D35EF245,Optique International,Télécommunications,Bohicon,+229 38 35 25 37,optiqueinternational@optiqueinternat.com.bj,optiqueinternational.bj,TPE (<10),B2B,Facebook Pages,,Actif,2026-06-29T00:22:54.944386,haute
BJ-2BA48406,Satellite Haut,Télécommunications,Bohicon,+229 27 71 89 21,satellite.haut@satellitehaut.com.bj,,PME (50-200),B2C,Facebook Pages,,Actif,2026-06-29T00:22:54.944423,moyenne
BJ-6AC52ADF,Latence Africa Bohicon,Télécommunications,Bohicon,+229 63 47 98 79,l.africa@hotmail.com,latenceafricabohicon.bj,TPE (<10),B2B,Facebook Pages,,Actif,2026-06-29T00:22:54.944451,haute
BJ-B313CACB,4G,Télécommunications,Natitingou,+229 30 27 35 26,4g@gmail.com,4g.bj,PME (10-50),B2C,Facebook Pages,,Actif,2026-06-29T00:22:54.944494,haute
BJ-58B43918,Fiber Vitesse,Télécommunications,Natitingou,+229 32 63 30 85,fibervitesse@outlook.com,fibervitesse.bj,PME (50-200),B2B,Facebook Pages,,Actif,2026-06-29T00:22:54.944521,haute
BJ-A9C48CE3,Mobile SIP SA,Télécommunications,Natitingou,+229 68 25 67 85,m.sip@gmail.com,mobilesipsa.bj,TPE (<10),B2C,Facebook Pages,,Actif,2026-06-29T00:22:54.944561,haute
BJ-36989C28,Fiber Hosted,Télécommunications,Natitingou,+229 29 66 62 78,fiber_hosted@fiberhosted.org.bj,fiberhosted.bj,PME (50-200),B2C,Facebook Pages,,Actif,2026-06-29T00:22:54.944597,haute
BJ-65900DC3,Bandwidth,Télécommunications,Natitingou,+229 79 16 42 14,bandwidth@bandwidth.com.bj,bandwidth.bj,TPE (<10),B2C,Facebook Pages,,Actif,2026-06-29T00:22:54.944627,haute
BJ-50C255ED,Internet Hosted Bénin,Télécommunications,Lokossa,+229 38 13 96 24,i.hosted@gmail.com,internethostedbénin.bj,TPE (<10),B2B,Facebook Pages,,Actif,2026-06-29T00:22:54.944674,haute
BJ-278D3603,Fiber Tech Digital Lokossa,Télécommunications,Lokossa,+229 27 23 57 17,f.tech@fibertechdigita.org.bj,fibertechdigitallokossa.bj,PME (10-50),B2B,Facebook Pages,,Actif,2026-06-29T00:22:54.944710,haute
BJ-B4E90EBE,5G,Télécommunications,Lokossa,+229 30 41 33 21,5g@5g.com.bj,5g.bj,TPE (<10),B2C,Facebook Pages,,Actif,2026-06-29T00:22:54.944746,haute
BJ-5B1277C2,Fiber 5G Groupe,Télécommunications,Lokossa,+229 92 55 27 34,f.groupe@hotmail.com,fiber5ggroupe.bj,Grande (>200),B2C,Facebook Pages,,Actif,2026-06-29T00:22:54.944784,haute
BJ-E4608FA4,VoIP,Télécommunications,Lokossa,+229 98 31 82 46,voip@voip.com.bj,voip.bj,PME (10-50),B2C,Facebook Pages,,Actif,2026-06-29T00:22:54.944814,haute
BJ-6384D203,Mobile Coverage,Télécommunications,Ouidah,+229 24 55 53 99,m.coverage@mobilecoverage.bj,mobilecoverage.bj,PME (10-50),B2C,Facebook Pages,,Actif,2026-06-29T00:22:54.944858,haute
BJ-C163B7CD,Mobile Latence International,Télécommunications,Ouidah,+229 54 30 18 76,mobile.latence@mobilelatencein.org.bj,mobilelatenceinternational.bj,TPE (<10),B2C,Facebook Pages,,Actif,2026-06-29T00:22:54.944908,haute
BJ-0971FF61,Trunk Networks Ouidah,Télécommunications,Ouidah,+229 46 81 39 14,trunk_networks@yahoo.fr,trunknetworksouidah.bj,PME (10-50),B2C,Facebook Pages,,Actif,2026-06-29T00:22:54.944935,haute
BJ-9BB12431,Réseau Réseau Digital,Télécommunications,Ouidah,+229 29 84 16 11,réseau.réseau@yahoo.com,réseauréseaudigital.bj,TPE (<10),B2C,Facebook Pages,,Actif,2026-06-29T00:22:54.944961,haute
BJ-932C75D8,Satellite Coverage SARL,Télécommunications,Ouidah,+229 63 53 98 70,satellitecoverage@satellitecovera.bj,satellitecoveragesarl.bj,PME (50-200),B2B,Facebook Pages,,Actif,2026-06-29T00:22:54.944979,haute
BJ-4F3EF485,Wireless Haut Savalou,Télécommunications,Savalou,+229 43 56 94 30,wireless.haut@wirelesshautsav.org.bj,wirelesshautsavalou.bj,TPE (<10),B2B,Facebook Pages,,Actif,2026-06-29T00:22:54.945005,haute
BJ-5C26494A,Opérateur SA Savalou,Télécommunications,Savalou,+229 66 10 49 35,o.savalou@opérateursasava.com.bj,opérateursasavalou.bj,PME (10-50),B2C,Facebook Pages,,Actif,2026-06-29T00:22:54.945026,haute
BJ-4A2C79BF,Fiber Réseau Savalou,Télécommunications,Savalou,+229 41 79 65 59,fiber.réseau@outlook.com,,TPE (<10),B2C,Facebook Pages,,Actif,2026-06-29T00:22:54.945046,moyenne
BJ-1E4E314B,Réseau Fil Savalou,Télécommunications,Savalou,+229 80 74 99 48,réseau.fil@réseaufilsavalo.org.bj,réseaufilsavalou.bj,TPE (<10),B2C,Facebook Pages,,Actif,2026-06-29T00:22:54.945065,haute
BJ-F2FE2ED8,Internet PBX Telecom,Télécommunications,Savalou,+229 76 13 12 25,internet.pbx@internetpbxtele.com.bj,internetpbxtelecom.bj,Grande (>200),B2C,Facebook Pages,,Actif,2026-06-29T00:22:54.945082,haute
BJ-51A37A90,Fiber Ping,Télécommunications,Dassa-Zoumè,+229 80 33 43 44,fiberping@yahoo.fr,fiberping.bj,PME (50-200),B2C,Facebook Pages,,Actif,2026-06-29T00:22:54.945106,haute
BJ-325EB7FC,Vitesse Telecom,Télécommunications,Dassa-Zoumè,+229 99 26 13 24,v.telecom@yahoo.fr,vitessetelecom.bj,TPE (<10),B2C,Facebook Pages,,Actif,2026-06-29T00:22:54.945123,haute
BJ-78EF8D76,Mobile Telecom,Télécommunications,Dassa-Zoumè,+229 32 85 30 23,mobile.telecom@yahoo.com,mobiletelecom.bj,TPE (<10),B2B,Facebook Pages,,Actif,2026-06-29T00:22:54.945158,haute
BJ-85BFA33C,Réseau Satellite Digital,Télécommunications,Dassa-Zoumè,+229 80 22 98 50,réseau.satellite@yahoo.fr,réseausatellitedigital.bj,PME (10-50),B2B,Facebook Pages,,Actif,2026-06-29T00:22:54.945176,haute
BJ-A81D5A88,Télécom Wireless,Télécommunications,Kétou,+229 67 12 54 23,télécomwireless@télécomwireless.bj,télécomwireless.bj,TPE (<10),B2B,Facebook Pages,,Actif,2026-06-29T00:22:54.945202,haute
BJ-77C2B355,Réseau Fibre,Télécommunications,Kétou,+229 88 59 94 97,,réseaufibre.bj,Grande (>200),B2C,Facebook Pages,,Actif,2026-06-29T00:22:54.945216,moyenne
BJ-773351F0,Internet Relais Bénin,Télécommunications,Kétou,+229 61 79 15 47,internetrelais@internetrelaisb.org.bj,internetrelaisbénin.bj,TPE (<10),B2B,Facebook Pages,,Actif,2026-06-29T00:22:54.945237,haute
BJ-44E0E954,Internet Ping Kétou,Télécommunications,Kétou,+229 45 89 63 50,i.ping@yahoo.com,internetpingkétou.bj,PME (50-200),B2C,Facebook Pages,,Actif,2026-06-29T00:22:54.945255,haute
BJ-E57F8E3A,LTE,Télécommunications,Kétou,+229 50 62 85 40,lte@hotmail.com,lte.bj,PME (10-50),B2B,Facebook Pages,,Actif,2026-06-29T00:22:54.945269,haute
BJ-7AE2E0B8,MPLS,Télécommunications,Covè,+229 27 15 94 20,,mpls.bj,PME (10-50),B2C,Facebook Pages,,Actif,2026-06-29T00:22:54.945324,moyenne
BJ-F714F2F4,Communication Covè,Télécommunications,Covè,+229 47 72 29 88,c.covè@communicationco.bj,communicationcovè.bj,PME (10-50),B2B,Facebook Pages,,Actif,2026-06-29T00:22:54.945346,haute
BJ-0C645C11,Satellite Fibre Networks Covè,Télécommunications,Covè,+229 89 25 15 70,s.fibre@satellitefibren.com.bj,satellitefibrenetworkscovè.bj,TPE (<10),B2C,Facebook Pages,,Actif,2026-06-29T00:22:54.945364,haute
BJ-D95A6B00,Connect,Télécommunications,Pobè,+229 86 28 26 22,connect@connect.com.bj,connect.bj,PME (10-50),B2B,Facebook Pages,,Actif,2026-06-29T00:22:54.945386,haute
BJ-50DEAAA1,Connect Radio Pobè,Télécommunications,Pobè,+229 44 95 62 41,connect.radio@connectradiopob.com.bj,connectradiopobè.bj,PME (50-200),B2B,Facebook Pages,,Actif,2026-06-29T00:22:54.945404,haute
BJ-B22AD29B,Mobile Groupe,Télécommunications,Pobè,+229 23 21 53 11,mobilegroupe@mobilegroupe.org.bj,mobilegroupe.bj,PME (50-200),B2C,Facebook Pages,,Actif,2026-06-29T00:22:54.945423,haute
BJ-850A4B87,Connect Débit Networks,Télécommunications,Pobè,+229 50 96 70 68,connectdébit@connectdébitnet.org.bj,,TPE (<10),B2B,Facebook Pages,,Actif,2026-06-29T00:22:54.945442,moyenne
BJ-B453E29D,Coverage Bénin,Télécommunications,Pobè,+229 32 62 24 78,,coveragebénin.bj,PME (50-200),B2C,Facebook Pages,,Actif,2026-06-29T00:22:54.945454,moyenne
BJ-F24815ED,Connect Bénin,Télécommunications,Sakété,+229 83 76 31 48,connect.bénin@connectbénin.bj,,TPE (<10),B2B,Facebook Pages,,Actif,2026-06-29T00:22:54.945478,moyenne
BJ-51659B58,Réseau Vitesse International,Télécommunications,Sakété,+229 22 32 15 55,r.vitesse@réseauvitessein.org.bj,réseauvitesseinternational.bj,PME (10-50),B2B,Facebook Pages,,Actif,2026-06-29T00:22:54.945501,haute
BJ-C2E0F3B2,Internet SD-WAN Connect,Télécommunications,Sakété,+229 58 18 74 63,internetwan@outlook.com,internetsdwanconnect.bj,PME (10-50),B2C,Facebook Pages,,Actif,2026-06-29T00:22:54.945519,haute
BJ-37979D7E,Satellite Hosted,Télécommunications,Sakété,+229 34 32 12 40,satellitehosted@satellitehosted.org.bj,satellitehosted.bj,PME (10-50),B2C,Facebook Pages,,Actif,2026-06-29T00:22:54.945536,haute
BJ-1F168F09,Voice Telecom Sakété,Télécommunications,Sakété,+229 93 83 29 33,v.telecom@voicetelecomsak.bj,voicetelecomsakété.bj,PME (10-50),B2B,Facebook Pages,,Actif,2026-06-29T00:22:54.945553,haute
BJ-A8AC2DFA,Wireless SIP SARL,Télécommunications,Adjara,+229 54 30 31 72,wireless_sip@wirelesssipsarl.com.bj,wirelesssipsarl.bj,TPE (<10),B2B,Facebook Pages,,Actif,2026-06-29T00:22:54.945593,haute
BJ-6730A06F,Wireless Wireless,Télécommunications,Adjara,+229 98 39 89 54,wirelesswireless@wirelesswireles.com.bj,wirelesswireless.bj,PME (10-50),B2C,Facebook Pages,,Actif,2026-06-29T00:22:54.945629,haute
BJ-6545C808,Wireless FAI Connect,Télécommunications,Adjara,+229 68 48 67 28,wireless.fai@wirelessfaiconn.bj,wirelessfaiconnect.bj,PME (10-50),B2B,Facebook Pages,,Actif,2026-06-29T00:22:54.945672,haute
BJ-D6FED72B,ISP,Télécommunications,Adjara,+229 82 58 10 59,isp@gmail.com,isp.bj,PME (10-50),B2B,Facebook Pages,,Actif,2026-06-29T00:22:54.945704,haute
BJ-64E5A444,Connect ISP Allada,Télécommunications,Allada,+229 58 76 16 25,connectisp@connectispallad.com.bj,,TPE (<10),B2B,Facebook Pages,,Actif,2026-06-29T00:22:54.945750,moyenne
BJ-DEEC9A48,Fiber Digital,Télécommunications,Allada,+229 38 12 38 75,fiberdigital@fiberdigital.com.bj,fiberdigital.bj,TPE (<10),B2B,Facebook Pages,,Actif,2026-06-29T00:22:54.945786,haute
BJ-5B8B4B8B,Mobile Trunk SARL,Télécommunications,Allada,+229 37 49 66 83,mobile.trunk@mobiletrunksarl.org.bj,mobiletrunksarl.bj,TPE (<10),B2B,Facebook Pages,,Actif,2026-06-29T00:22:54.945856,haute
BJ-DE26E4A9,Fiber Spectre SARL,Télécommunications,Allada,+229 84 21 69 36,f.spectre@fiberspectresar.org.bj,fiberspectresarl.bj,TPE (<10),B2C,Facebook Pages,,Actif,2026-06-29T00:22:54.945904,haute
BJ-E9B0B3A7,Wireless Telecom,Télécommunications,Aplahoué,+229 49 49 20 59,w.telecom@outlook.com,wirelesstelecom.bj,Grande (>200),B2C,Facebook Pages,,Actif,2026-06-29T00:22:54.945936,haute
BJ-A937CBC1,Wireless Voice Bénin,Télécommunications,Aplahoué,+229 26 81 37 99,wireless.voice@yahoo.com,wirelessvoicebénin.bj,TPE (<10),B2C,Facebook Pages,,Actif,2026-06-29T00:22:54.945962,haute
BJ-006EA00A,Antenne Networks,Télécommunications,Aplahoué,+229 26 88 74 78,antennenetworks@hotmail.com,antennenetworks.bj,Grande (>200),B2B,Facebook Pages,,Actif,2026-06-29T00:22:54.945984,haute
BJ-2C970867,Réseau Spectre Africa Aplahoué,Télécommunications,Aplahoué,+229 80 89 45 35,r.spectre@réseauspectreaf.com.bj,réseauspectreafricaaplahoué.bj,PME (10-50),B2B,Facebook Pages,,Actif,2026-06-29T00:22:54.946005,haute
BJ-829A365D,Coaxial,Télécommunications,Aplahoué,+229 81 91 15 93,coaxial@outlook.com,coaxial.bj,PME (50-200),B2C,Facebook Pages,,Actif,2026-06-29T00:22:54.946020,haute
BJ-0B43C2AD,Coaxial SARL,Télécommunications,Dogbo-Tota,+229 26 63 76 40,coaxialsarl@yahoo.com,coaxialsarl.bj,TPE (<10),B2C,Facebook Pages,,Actif,2026-06-29T00:22:54.946049,haute
BJ-FF5CDF48,Satellite Africa,Télécommunications,Dogbo-Tota,+229 83 61 72 32,,satelliteafrica.bj,TPE (<10),B2B,Facebook Pages,,Actif,2026-06-29T00:22:54.946063,moyenne
BJ-77D94D56,5G Networks,Télécommunications,Dogbo-Tota,+229 59 87 66 26,networks@yahoo.com,5gnetworks.bj,PME (10-50),B2C,Facebook Pages,,Actif,2026-06-29T00:22:54.946078,haute
BJ-23C0029A,Couverture,Télécommunications,Dogbo-Tota,+229 93 45 71 12,couverture@yahoo.com,couverture.bj,TPE (<10),B2C,Facebook Pages,,Actif,2026-06-29T00:22:54.946092,haute
BJ-EC2BF74D,Mobile PBX Networks,Télécommunications,Dogbo-Tota,+229 45 73 85 28,m.pbx@hotmail.com,,Grande (>200),B2B,Facebook Pages,,Actif,2026-06-29T00:22:54.946109,moyenne
BJ-1BD256F1,Haut,Télécommunications,Kpomassè,+229 39 29 53 16,haut@outlook.com,haut.bj,PME (50-200),B2B,Facebook Pages,,Actif,2026-06-29T00:22:54.946132,haute
BJ-7E06E38D,MPLS Bénin,Télécommunications,Kpomassè,+229 33 76 98 15,mplsbénin@mplsbénin.com.bj,mplsbénin.bj,TPE (<10),B2C,Facebook Pages,,Actif,2026-06-29T00:22:54.946151,haute
BJ-E797FCC1,Satellite 5G Networks Kpomassè,Télécommunications,Kpomassè,+229 41 28 11 67,satellite.networks@gmail.com,satellite5gnetworkskpomassè.bj,PME (10-50),B2C,Facebook Pages,,Actif,2026-06-29T00:22:54.946181,haute
BJ-FCB53CAE,Internet Relais SA,Télécommunications,Kpomassè,+229 51 90 80 30,internet.relais@yahoo.com,internetrelaissa.bj,TPE (<10),B2C,Facebook Pages,,Actif,2026-06-29T00:22:54.946198,haute
BJ-F597A2D6,Wireless Tech SA,Télécommunications,Tori-Bossito,+229 24 87 49 31,wirelesstech@yahoo.com,wirelesstechsa.bj,PME (10-50),B2C,Facebook Pages,,Actif,2026-06-29T00:22:54.946266,haute
BJ-330BB7CC,BTS,Télécommunications,Tori-Bossito,+229 52 59 36 18,bts@yahoo.com,bts.bj,PME (10-50),B2B,Facebook Pages,,Actif,2026-06-29T00:22:54.946279,haute
BJ-60B38776,Data Bénin Tori-Bossito,Télécommunications,Tori-Bossito,+229 25 86 30 38,data.bénin@databénintoribo.org.bj,databénintoribossito.bj,TPE (<10),B2B,Facebook Pages,,Actif,2026-06-29T00:22:54.946299,haute
BJ-9A31BF96,Câble,Télécommunications,Grand-Popo,+229 83 58 59 26,câble@outlook.com,câble.bj,PME (10-50),B2C,Facebook Pages,,Actif,2026-06-29T00:22:54.946323,haute
BJ-E9D259E4,Wireless Fibre,Télécommunications,Grand-Popo,+229 53 20 10 68,wireless.fibre@wirelessfibre.com.bj,wirelessfibre.bj,TPE (<10),B2B,Facebook Pages,,Actif,2026-06-29T00:22:54.946340,haute
BJ-C09DB541,Tech,Télécommunications,Grand-Popo,+229 85 73 15 74,tech@yahoo.com,tech.bj,Grande (>200),B2B,Facebook Pages,,Actif,2026-06-29T00:22:54.946357,haute
BJ-A430C6A1,Réseau Optique,Télécommunications,Grand-Popo,+229 27 70 78 96,réseau.optique@outlook.com,réseauoptique.bj,PME (10-50),B2B,Facebook Pages,,Actif,2026-06-29T00:22:54.946375,haute
BJ-C1BEC5D3,4G Networks,Télécommunications,Grand-Popo,+229 36 86 39 48,networks@4gnetworks.bj,4gnetworks.bj,PME (10-50),B2B,Facebook Pages,,Actif,2026-06-29T00:22:54.946391,haute
BJ-889EC5B5,LTE Connect,Télécommunications,Athiémé,+229 90 92 27 30,l.connect@lteconnect.com.bj,lteconnect.bj,TPE (<10),B2C,Facebook Pages,,Actif,2026-06-29T00:22:54.946419,haute
BJ-C1CAF7C9,Wireless LTE,Télécommunications,Athiémé,+229 29 29 71 28,wirelesslte@wirelesslte.bj,wirelesslte.bj,TPE (<10),B2C,Facebook Pages,,Actif,2026-06-29T00:22:54.946437,haute
BJ-B31BF273,Digital SA,Télécommunications,Athiémé,+229 61 85 47 69,digital@yahoo.com,digitalsa.bj,TPE (<10),B2B,Facebook Pages,,Actif,2026-06-29T00:22:54.946452,haute
BJ-4927549E,Trunk Digital,Télécommunications,Athiémé,+229 64 88 73 58,trunkdigital@trunkdigital.org.bj,trunkdigital.bj,PME (10-50),B2B,Facebook Pages,,Actif,2026-06-29T00:22:54.946468,haute
BJ-074282BC,Mobile SD-WAN Connect Athiémé,Télécommunications,Athiémé,+229 39 47 70 42,m.wan@mobilesdwanconn.bj,mobilesdwanconnectathiémé.bj,PME (10-50),B2C,Facebook Pages,,Actif,2026-06-29T00:22:54.946488,haute
BJ-2EDB647A,ISP Groupe,Télécommunications,Bopa,+229 23 59 53 35,ispgroupe@yahoo.com,ispgroupe.bj,TPE (<10),B2B,Facebook Pages,,Actif,2026-06-29T00:22:54.946532,haute
BJ-356B8D18,Coverage Groupe,Télécommunications,Bopa,+229 79 99 51 24,coveragegroupe@coveragegroupe.com.bj,coveragegroupe.bj,PME (50-200),B2B,Facebook Pages,,Actif,2026-06-29T00:22:54.946552,haute
BJ-D3F0C725,Wireless Groupe,Télécommunications,Bopa,+229 91 58 86 33,wireless_groupe@yahoo.com,wirelessgroupe.bj,Grande (>200),B2C,Facebook Pages,,Actif,2026-06-29T00:22:54.946568,haute
BJ-DABD6CA4,Fiber Wireless International,Télécommunications,Bopa,+229 71 81 98 93,fiber.wireless@fiberwirelessin.com.bj,fiberwirelessinternational.bj,TPE (<10),B2C,Facebook Pages,,Actif,2026-06-29T00:22:54.946584,haute
BJ-866BE626,Digital Couverture,Télécommunications,Houéyogbé,+229 73 64 35 66,digitalcouverture@gmail.com,digitalcouverture.bj,PME (10-50),B2C,Facebook Pages,,Actif,2026-06-29T00:22:54.946607,haute
BJ-C592D8E3,Réseau Data Networks Houéyogbé,Télécommunications,Houéyogbé,+229 92 36 31 41,réseau_data@réseaudatanetwo.bj,réseaudatanetworkshouéyogbé.bj,PME (50-200),B2C,Facebook Pages,,Actif,2026-06-29T00:22:54.946627,haute
BJ-34702B38,SIP Connect Houéyogbé,Télécommunications,Houéyogbé,+229 99 97 47 79,s.connect@hotmail.com,sipconnecthouéyogbé.bj,TPE (<10),B2C,Facebook Pages,,Actif,2026-06-29T00:22:54.946645,haute
BJ-C49E732A,Fiber VoIP Groupe,Télécommunications,Houéyogbé,+229 26 64 96 21,fiber.voip@yahoo.com,fibervoipgroupe.bj,PME (50-200),B2B,Facebook Pages,,Actif,2026-06-29T00:22:54.946665,haute
BJ-625218BB,Connect MPLS International Houéyogbé,Télécommunications,Houéyogbé,+229 21 81 24 83,connect_mpls@connectmplsinte.org.bj,connectmplsinternationalhouéyogbé.bj,TPE (<10),B2C,Facebook Pages,,Actif,2026-06-29T00:22:54.946684,haute
BJ-3EC48AB7,Télécom Digital Bénin,Télécommunications,Malanville,+229 53 58 11 16,télécom.digital@télécomdigitalb.bj,télécomdigitalbénin.bj,Grande (>200),B2C,Facebook Pages,,Actif,2026-06-29T00:22:54.946722,haute
BJ-4265FFD5,ISP Groupe,Télécommunications,Malanville,+229 41 38 66 40,ispgroupe@yahoo.com,ispgroupe.bj,Grande (>200),B2B,Facebook Pages,,Actif,2026-06-29T00:22:54.946741,haute
BJ-C6DD9DF8,Mobile Optique,Télécommunications,Malanville,+229 53 70 11 60,mobile.optique@hotmail.com,mobileoptique.bj,Grande (>200),B2C,Facebook Pages,,Actif,2026-06-29T00:22:54.946757,haute
BJ-2AE8CEAF,Télécom Internet Bénin Malanville,Télécommunications,Malanville,+229 86 78 73 85,télécom.internet@télécominternet.org.bj,télécominternetbéninmalanville.bj,TPE (<10),B2B,Facebook Pages,,Actif,2026-06-29T00:22:54.946776,haute
BJ-CB3027D3,Digital ISP Bénin Kandi,Télécommunications,Kandi,+229 31 23 71 28,d.isp@digitalispbénin.com.bj,digitalispbéninkandi.bj,PME (50-200),B2B,Facebook Pages,,Actif,2026-06-29T00:22:54.946802,haute
BJ-19D29119,Wireless Coverage Kandi,Télécommunications,Kandi,+229 68 12 11 39,wireless.coverage@wirelesscoverag.com.bj,wirelesscoveragekandi.bj,PME (50-200),B2B,Facebook Pages,,Actif,2026-06-29T00:22:54.946820,haute
BJ-08BA85C3,Fiber Télécom International,Télécommunications,Kandi,+229 64 41 27 30,f.télécom@yahoo.com,fibertélécominternational.bj,PME (10-50),B2B,Facebook Pages,,Actif,2026-06-29T00:22:54.946841,haute
BJ-4305392F,Voice Bénin,Télécommunications,Kandi,+229 75 20 15 92,voice.bénin@gmail.com,voicebénin.bj,TPE (<10),B2C,Facebook Pages,,Actif,2026-06-29T00:22:54.946858,haute
BJ-78EBC672,Internet 5G SARL,Télécommunications,Kandi,+229 70 37 11 33,internet_sarl@internet5gsarl.org.bj,internet5gsarl.bj,TPE (<10),B2B,Facebook Pages,,Actif,2026-06-29T00:22:54.946874,haute
BJ-F95359B3,Digital 5G Telecom,Télécommunications,Banikoara,+229 81 11 45 43,digital.telecom@digital5gteleco.bj,digital5gtelecom.bj,TPE (<10),B2B,Facebook Pages,,Actif,2026-06-29T00:22:54.946916,haute
BJ-D650A386,Fiber Fiber Telecom,Télécommunications,Banikoara,+229 29 97 29 61,fiberfiber@fiberfibertelec.com.bj,fiberfibertelecom.bj,PME (10-50),B2B,Facebook Pages,,Actif,2026-06-29T00:22:54.946933,haute
BJ-484E7151,Opérateur,Télécommunications,Banikoara,+229 87 35 36 13,opérateur@opérateur.com.bj,opérateur.bj,TPE (<10),B2C,Facebook Pages,,Actif,2026-06-29T00:22:54.946955,haute
BJ-8CB68480,Satellite Antenne Networks Banikoara,Télécommunications,Banikoara,+229 85 77 59 14,satellite.antenne@yahoo.com,satelliteantennenetworksbanikoara.bj,Grande (>200),B2B,Facebook Pages,,Actif,2026-06-29T00:22:54.946976,haute
BJ-4A14984F,FAI Connect,Télécommunications,Banikoara,+229 62 23 25 72,f.connect@gmail.com,faiconnect.bj,TPE (<10),B2C,Facebook Pages,,Actif,2026-06-29T00:22:54.946992,haute
BJ-EDA665D5,Tech International,Télécommunications,Ségbana,+229 58 77 92 36,tech.international@techinternation.bj,techinternational.bj,PME (50-200),B2C,Facebook Pages,,Actif,2026-06-29T00:22:54.947016,haute
BJ-E3A29FE6,Fibre,Télécommunications,Ségbana,+229 86 44 33 22,fibre@fibre.org.bj,fibre.bj,TPE (<10),B2B,Facebook Pages,,Actif,2026-06-29T00:22:54.947031,haute
BJ-89AEE1EE,Provider Ségbana,Télécommunications,Ségbana,+229 99 49 34 15,provider.ségbana@outlook.com,providerségbana.bj,PME (50-200),B2C,Facebook Pages,,Actif,2026-06-29T00:22:54.947049,haute
BJ-A5CEEE61,Satellite Fil Groupe Ségbana,Télécommunications,Ségbana,+229 80 79 19 90,satellite.fil@gmail.com,satellitefilgroupeségbana.bj,TPE (<10),B2C,Facebook Pages,,Actif,2026-06-29T00:22:54.947066,haute
BJ-1D0BFF14,Fiber Réseau,Télécommunications,Ségbana,+229 81 39 67 44,fiber.réseau@fiberréseau.com.bj,fiberréseau.bj,PME (50-200),B2B,Facebook Pages,,Actif,2026-06-29T00:22:54.947084,haute
BJ-059E89F4,Wireless Fibre SA Karimama,Télécommunications,Karimama,+229 62 37 34 41,w.fibre@yahoo.com,wirelessfibresakarimama.bj,TPE (<10),B2B,Facebook Pages,,Actif,2026-06-29T00:22:54.947108,haute
BJ-8ADF6FE5,Satellite Centrex Africa,Télécommunications,Karimama,+229 79 27 15 63,satellitecentrex@outlook.com,,TPE (<10),B2B,Facebook Pages,,Actif,2026-06-29T00:22:54.947124,moyenne
BJ-F19B9B58,Connect Opérateur,Télécommunications,Karimama,+229 96 30 82 57,connectopérateur@outlook.com,connectopérateur.bj,TPE (<10),B2B,Facebook Pages,,Actif,2026-06-29T00:22:54.947145,haute
BJ-5D0BDCA0,Mobile Relais Digital,Télécommunications,Karimama,+229 34 44 50 90,m.relais@outlook.com,mobilerelaisdigital.bj,TPE (<10),B2C,Facebook Pages,,Actif,2026-06-29T00:22:54.947161,haute
BJ-36B4A319,Optique,Télécommunications,Karimama,+229 55 35 17 70,optique@yahoo.fr,optique.bj,PME (10-50),B2B,Facebook Pages,,Actif,2026-06-29T00:22:54.947176,haute
BJ-5B870F4E,Digital LTE,Télécommunications,Gogounou,+229 99 86 49 96,digital_lte@hotmail.com,,PME (50-200),B2B,Facebook Pages,,Actif,2026-06-29T00:22:54.947197,moyenne
BJ-0F001C90,Réseau Antenne,Télécommunications,Gogounou,+229 22 35 50 84,réseauantenne@réseauantenne.bj,réseauantenne.bj,PME (10-50),B2C,Facebook Pages,,Actif,2026-06-29T00:22:54.947215,haute
BJ-F61333BC,Digital Satellite International,Télécommunications,Gogounou,+229 24 42 88 24,digitalsatellite@digitalsatellit.bj,digitalsatelliteinternational.bj,PME (10-50),B2C,Facebook Pages,,Actif,2026-06-29T00:22:54.947232,haute
BJ-A4843088,Wireless LTE,Télécommunications,Gogounou,+229 48 95 41 53,w.lte@outlook.com,wirelesslte.bj,Grande (>200),B2B,Facebook Pages,,Actif,2026-06-29T00:22:54.947251,haute
BJ-39817686,SIP Africa,Télécommunications,Gogounou,+229 69 66 23 59,sip_africa@yahoo.com,sipafrica.bj,PME (50-200),B2B,Facebook Pages,,Actif,2026-06-29T00:22:54.947267,haute
BJ-8F4664F0,Wireless LTE,Télécommunications,Cobly,+229 78 24 18 38,wireless.lte@wirelesslte.com.bj,wirelesslte.bj,PME (50-200),B2C,Facebook Pages,,Actif,2026-06-29T00:22:54.947312,haute
BJ-3E717C71,Connect SIP International,Télécommunications,Cobly,+229 94 93 24 72,connect.sip@gmail.com,connectsipinternational.bj,PME (10-50),B2C,Facebook Pages,,Actif,2026-06-29T00:22:54.947331,haute
BJ-97B14968,Digital Cobly,Télécommunications,Cobly,+229 62 21 30 48,d.cobly@yahoo.fr,,TPE (<10),B2B,Facebook Pages,,Actif,2026-06-29T00:22:54.947350,moyenne
BJ-C03B86B6,Connect Optique,Télécommunications,Cobly,+229 95 94 20 34,connectoptique@hotmail.com,,Grande (>200),B2C,Facebook Pages,,Actif,2026-06-29T00:22:54.947366,moyenne
BJ-B03AE611,Bandwidth Groupe,Télécommunications,Cobly,+229 69 52 34 73,bandwidth_groupe@gmail.com,bandwidthgroupe.bj,PME (10-50),B2B,Facebook Pages,,Actif,2026-06-29T00:22:54.947381,haute
BJ-7DE3FA3D,PBX,Télécommunications,Tanguiéta,+229 86 16 65 27,pbx@gmail.com,pbx.bj,Grande (>200),B2B,Facebook Pages,,Actif,2026-06-29T00:22:54.947403,haute
BJ-20BE1418,Internet 5G Connect,Télécommunications,Tanguiéta,+229 72 69 96 53,i.connect@yahoo.fr,internet5gconnect.bj,TPE (<10),B2B,Facebook Pages,,Actif,2026-06-29T00:22:54.947419,haute
BJ-52C74BF0,Connect Fiber SA,Télécommunications,Tanguiéta,+229 22 79 89 51,connectfiber@connectfibersa.com.bj,connectfibersa.bj,TPE (<10),B2B,Facebook Pages,,Actif,2026-06-29T00:22:54.947436,haute
BJ-5774CB37,Bandwidth Tanguiéta,Télécommunications,Tanguiéta,+229 44 20 33 68,b.tanguiéta@yahoo.fr,bandwidthtanguiéta.bj,TPE (<10),B2C,Facebook Pages,,Actif,2026-06-29T00:22:54.947463,haute
BJ-75F54840,ISP,Télécommunications,Tanguiéta,+229 55 48 20 32,isp@isp.bj,isp.bj,TPE (<10),B2C,Facebook Pages,,Actif,2026-06-29T00:22:54.947477,haute
BJ-12DE771E,Radio SARL,Télécommunications,Matéri,+229 69 76 89 15,radio_sarl@radiosarl.org.bj,radiosarl.bj,PME (10-50),B2B,Facebook Pages,,Actif,2026-06-29T00:22:54.947500,haute
BJ-2796805F,Télécom Opérateur Telecom Matéri,Télécommunications,Matéri,+229 98 85 29 49,télécom.opérateur@télécomopérateu.com.bj,télécomopérateurtelecommatéri.bj,PME (50-200),B2B,Facebook Pages,,Actif,2026-06-29T00:22:54.947521,haute
BJ-0D27BE9D,ISP Telecom,Télécommunications,Matéri,+229 31 27 72 58,isp.telecom@isptelecom.org.bj,isptelecom.bj,TPE (<10),B2C,Facebook Pages,,Actif,2026-06-29T00:22:54.947544,haute
BJ-CB1C9C6A,Digital Trunk,Télécommunications,Matéri,+229 52 90 83 71,digital.trunk@yahoo.fr,digitaltrunk.bj,PME (10-50),B2C,Facebook Pages,,Actif,2026-06-29T00:22:54.947563,haute
BJ-3512A0FB,Mobile Voice SA,Télécommunications,Matéri,+229 22 89 69 16,mobile.voice@mobilevoicesa.com.bj,mobilevoicesa.bj,Grande (>200),B2B,Facebook Pages,,Actif,2026-06-29T00:22:54.947580,haute
BJ-06B982FD,Fréquence,Télécommunications,Natitingou,+229 40 23 51 93,fréquence@fréquence.org.bj,fréquence.bj,PME (10-50),B2C,Facebook Pages,,Actif,2026-06-29T00:22:54.947602,haute
BJ-E1515818,Haut Groupe,Télécommunications,Natitingou,+229 69 55 93 52,hautgroupe@hotmail.com,hautgroupe.bj,TPE (<10),B2B,Facebook Pages,,Actif,2026-06-29T00:22:54.947618,haute
BJ-0762DA1F,Mobile,Télécommunications,Natitingou,+229 69 98 20 60,mobile@mobile.org.bj,mobile.bj,TPE (<10),B2B,Facebook Pages,,Actif,2026-06-29T00:22:54.947632,haute
BJ-DFD95804,Internet Vitesse,Télécommunications,Natitingou,+229 69 82 64 37,,internetvitesse.bj,PME (10-50),B2B,Facebook Pages,,Actif,2026-06-29T00:22:54.947644,moyenne
BJ-B379C509,Sans Telecom Natitingou,Télécommunications,Natitingou,+229 82 10 13 54,s.telecom@gmail.com,sanstelecomnatitingou.bj,TPE (<10),B2C,Facebook Pages,,Actif,2026-06-29T00:22:54.947660,haute
BJ-41C74558,Centrex International,Télécommunications,Toucountouna,+229 78 56 28 42,c.international@yahoo.fr,centrexinternational.bj,TPE (<10),B2B,Facebook Pages,,Actif,2026-06-29T00:22:54.947682,haute
BJ-ACC3D9E4,Mobile Groupe,Télécommunications,Toucountouna,+229 73 14 73 73,mobile_groupe@mobilegroupe.com.bj,mobilegroupe.bj,TPE (<10),B2B,Facebook Pages,,Actif,2026-06-29T00:22:54.947698,haute
BJ-2D9BEAF8,Internet Spectre Networks,Télécommunications,Toucountouna,+229 45 15 97 34,internetspectre@hotmail.com,internetspectrenetworks.bj,PME (10-50),B2B,Facebook Pages,,Actif,2026-06-29T00:22:54.947716,haute
BJ-E03A0462,MPLS International,Télécommunications,Toucountouna,+229 70 54 20 36,mplsinternational@yahoo.com,mplsinternational.bj,PME (10-50),B2C,Facebook Pages,,Actif,2026-06-29T00:22:54.947734,haute
BJ-A2063E18,BTS,Télécommunications,Toucountouna,+229 21 63 53 84,bts@yahoo.com,bts.bj,TPE (<10),B2C,Facebook Pages,,Actif,2026-06-29T00:22:54.947748,haute
BJ-B5301A81,Bandwidth,Télécommunications,Boukoumbé,+229 50 40 37 64,bandwidth@bandwidth.bj,,TPE (<10),B2B,Facebook Pages,,Actif,2026-06-29T00:22:54.947768,moyenne
BJ-7C10648A,Digital Mobile Networks,Télécommunications,Boukoumbé,+229 32 16 65 41,digitalmobile@digitalmobilene.org.bj,digitalmobilenetworks.bj,TPE (<10),B2B,Facebook Pages,,Actif,2026-06-29T00:22:54.947785,haute
BJ-90CC6008,Connect VoIP Africa,Télécommunications,Boukoumbé,+229 22 54 95 73,connect_voip@connectvoipafri.com.bj,connectvoipafrica.bj,TPE (<10),B2B,Facebook Pages,,Actif,2026-06-29T00:22:54.947801,haute
BJ-BDF922C3,Fiber ISP SA,Télécommunications,Boukoumbé,+229 62 40 32 83,fiber.isp@fiberispsa.bj,fiberispsa.bj,TPE (<10),B2B,Facebook Pages,,Actif,2026-06-29T00:22:54.947830,haute
BJ-09651AA6,Latence Telecom,Télécommunications,Kouandé,+229 52 14 29 25,l.telecom@latencetelecom.com.bj,latencetelecom.bj,TPE (<10),B2B,Facebook Pages,,Actif,2026-06-29T00:22:54.947856,haute
BJ-DE3D59CB,Centrex Bénin,Télécommunications,Kouandé,+229 37 44 37 60,c.bénin@yahoo.com,centrexbénin.bj,PME (10-50),B2C,Facebook Pages,,Actif,2026-06-29T00:22:54.947876,haute
BJ-807E88F5,Mobile Relais,Télécommunications,Kouandé,+229 77 58 51 32,mobilerelais@yahoo.fr,mobilerelais.bj,PME (10-50),B2C,Facebook Pages,,Actif,2026-06-29T00:22:54.947914,haute
BJ-A4E0A1E4,Internet 4G International Kouandé,Télécommunications,Kouandé,+229 76 50 58 28,,internet4ginternationalkouandé.bj,PME (50-200),B2B,Facebook Pages,,Actif,2026-06-29T00:22:54.947932,moyenne
BJ-95FB0192,Fiber Mobile SA,Télécommunications,Kouandé,+229 22 30 59 41,f.mobile@fibermobilesa.org.bj,fibermobilesa.bj,TPE (<10),B2C,Facebook Pages,,Actif,2026-06-29T00:22:54.947949,haute
BJ-C581AF76,Relais Péhunco,Télécommunications,Péhunco,+229 73 57 86 24,relais.péhunco@gmail.com,,TPE (<10),B2C,Facebook Pages,,Actif,2026-06-29T00:22:54.947988,moyenne
BJ-85181FC8,Satellite Optique International,Télécommunications,Péhunco,+229 92 33 81 39,satellite_optique@satelliteoptiqu.com.bj,satelliteoptiqueinternational.bj,PME (50-200),B2C,Facebook Pages,,Actif,2026-06-29T00:22:54.948005,haute
BJ-B4F08C42,Digital Latence,Télécommunications,Péhunco,+229 75 27 35 58,d.latence@yahoo.com,digitallatence.bj,PME (10-50),B2B,Facebook Pages,,Actif,2026-06-29T00:22:54.948024,haute
BJ-BF31B3D5,Antenne,Télécommunications,Péhunco,+229 49 67 97 15,antenne@gmail.com,,PME (10-50),B2C,Facebook Pages,,Actif,2026-06-29T00:22:54.948037,moyenne
BJ-F43A97EC,Digital MPLS,Télécommunications,Tchaourou,+229 62 19 93 63,digital.mpls@outlook.com,digitalmpls.bj,PME (10-50),B2C,Facebook Pages,,Actif,2026-06-29T00:22:54.948059,haute
BJ-3394261A,Fiber Internet,Télécommunications,Tchaourou,+229 74 16 59 61,f.internet@outlook.com,,TPE (<10),B2C,Facebook Pages,,Actif,2026-06-29T00:22:54.948074,moyenne
BJ-1B207FBF,Internet Internet Connect Tchaourou,Télécommunications,Tchaourou,+229 72 38 28 22,i.internet@hotmail.com,internetinternetconnecttchaourou.bj,PME (10-50),B2C,Facebook Pages,,Actif,2026-06-29T00:22:54.948095,haute
BJ-D1A499A5,Opérateur SARL,Télécommunications,Tchaourou,+229 50 66 31 28,opérateursarl@hotmail.com,opérateursarl.bj,PME (50-200),B2C,Facebook Pages,,Actif,2026-06-29T00:22:54.948113,haute
BJ-239829E3,Wireless Fréquence Tchaourou,Télécommunications,Tchaourou,+229 40 86 74 45,,wirelessfréquencetchaourou.bj,TPE (<10),B2C,Facebook Pages,,Actif,2026-06-29T00:22:54.948126,moyenne
BJ-6B658E7E,Spectre,Télécommunications,Nikki,+229 73 82 73 22,spectre@spectre.org.bj,spectre.bj,PME (10-50),B2C,Facebook Pages,,Actif,2026-06-29T00:22:54.948148,haute
BJ-B0851DDF,SIP Telecom,Télécommunications,Nikki,+229 44 86 89 49,s.telecom@yahoo.com,siptelecom.bj,TPE (<10),B2B,Facebook Pages,,Actif,2026-06-29T00:22:54.948163,haute
BJ-86B6F6F0,Internet Câble Networks,Télécommunications,Nikki,+229 33 87 95 97,internet.câble@internetcâblene.com.bj,internetcâblenetworks.bj,PME (10-50),B2B,Facebook Pages,,Actif,2026-06-29T00:22:54.948182,haute
BJ-F2DD9508,LTE,Télécommunications,Nikki,+229 47 44 72 31,lte@lte.com.bj,lte.bj,PME (50-200),B2C,Facebook Pages,,Actif,2026-06-29T00:22:54.948211,haute
BJ-248292ED,Sans Digital Bembéréké,Télécommunications,Bembéréké,+229 94 84 91 95,sans.digital@sansdigitalbemb.bj,sansdigitalbembéréké.bj,PME (10-50),B2B,Facebook Pages,,Actif,2026-06-29T00:22:54.948235,haute
BJ-53A4F6D5,Internet Vitesse,Télécommunications,Bembéréké,+229 85 75 22 83,internet.vitesse@gmail.com,internetvitesse.bj,PME (10-50),B2C,Facebook Pages,,Actif,2026-06-29T00:22:54.948252,haute
BJ-633E1153,Spectre,Télécommunications,Bembéréké,+229 96 79 34 96,spectre@spectre.org.bj,spectre.bj,Grande (>200),B2C,Facebook Pages,,Actif,2026-06-29T00:22:54.948271,haute
BJ-36077DEA,LTE,Télécommunications,Bembéréké,+229 45 37 33 90,,lte.bj,PME (10-50),B2B,Facebook Pages,,Actif,2026-06-29T00:22:54.948283,moyenne
BJ-6997D99E,Coaxial Networks,Télécommunications,Bembéréké,+229 96 88 81 21,,coaxialnetworks.bj,TPE (<10),B2C,Facebook Pages,,Actif,2026-06-29T00:22:54.948295,moyenne
BJ-61332AC7,Mobile Radio Networks,Télécommunications,Kalalé,+229 89 47 79 11,m.radio@gmail.com,mobileradionetworks.bj,Grande (>200),B2B,Facebook Pages,,Actif,2026-06-29T00:22:54.948318,haute
BJ-AECB0372,Digital Réseau Africa,Télécommunications,Kalalé,+229 99 47 96 72,d.réseau@hotmail.com,digitalréseauafrica.bj,PME (50-200),B2C,Facebook Pages,,Actif,2026-06-29T00:22:54.948339,haute
BJ-C2629612,Centrex,Télécommunications,Kalalé,+229 50 30 38 12,centrex@centrex.bj,centrex.bj,TPE (<10),B2C,Facebook Pages,,Actif,2026-06-29T00:22:54.948354,haute
BJ-0CAF29C3,Ping,Télécommunications,Kalalé,+229 92 54 50 70,ping@ping.org.bj,ping.bj,PME (50-200),B2C,Facebook Pages,,Actif,2026-06-29T00:22:54.948368,haute
BJ-DE33D7FD,Digital Fil,Télécommunications,Kalalé,+229 47 21 81 93,digital.fil@digitalfil.bj,digitalfil.bj,PME (50-200),B2B,Facebook Pages,,Actif,2026-06-29T00:22:54.948384,haute
BJ-39D4DCCF,Couverture Ndali,Télécommunications,Ndali,+229 55 68 17 67,couverture_ndali@yahoo.fr,couverturendali.bj,PME (50-200),B2C,Facebook Pages,,Actif,2026-06-29T00:22:54.948406,haute
BJ-E15B9955,Connect Mobile Ndali,Télécommunications,Ndali,+229 88 36 89 34,connectmobile@yahoo.fr,connectmobilendali.bj,TPE (<10),B2B,Facebook Pages,,Actif,2026-06-29T00:22:54.948422,haute
BJ-66662184,Digital Trunk Connect,Télécommunications,Ndali,+229 72 34 63 99,digitaltrunk@digitaltrunkcon.com.bj,digitaltrunkconnect.bj,TPE (<10),B2C,Facebook Pages,,Actif,2026-06-29T00:22:54.948441,haute
BJ-D903187D,Relais SA Ndali,Télécommunications,Ndali,+229 68 90 68 35,r.ndali@relaissandali.bj,relaissandali.bj,TPE (<10),B2B,Facebook Pages,,Actif,2026-06-29T00:22:54.948458,haute
BJ-3502AF48,Fiber Ping,Télécommunications,Ndali,+229 45 11 62 28,f.ping@fiberping.com.bj,fiberping.bj,Grande (>200),B2B,Facebook Pages,,Actif,2026-06-29T00:22:54.948476,haute
BJ-15D889F1,Connect Télécom Bénin,Télécommunications,Ségbana,+229 71 55 19 19,,connecttélécombénin.bj,PME (10-50),B2C,Facebook Pages,,Actif,2026-06-29T00:22:54.948496,moyenne
BJ-2198A2DE,Digital Satellite SARL,Télécommunications,Ségbana,+229 22 23 82 61,digitalsatellite@digitalsatellit.com.bj,digitalsatellitesarl.bj,PME (10-50),B2B,Facebook Pages,,Actif,2026-06-29T00:22:54.948513,haute
BJ-E2C572C8,Connect Antenne SA,Télécommunications,Ségbana,+229 47 65 74 88,connectantenne@yahoo.fr,connectantennesa.bj,PME (10-50),B2B,Facebook Pages,,Actif,2026-06-29T00:22:54.948529,haute
BJ-2C1C15B5,ISP Ségbana,Télécommunications,Ségbana,+229 49 70 35 61,isp.ségbana@outlook.com,ispségbana.bj,TPE (<10),B2C,Facebook Pages,,Actif,2026-06-29T00:22:54.948545,haute
BJ-9D119BF2,Digital Voice,Télécommunications,Ségbana,+229 26 92 92 82,digitalvoice@outlook.com,digitalvoice.bj,Grande (>200),B2B,Facebook Pages,,Actif,2026-06-29T00:22:54.948561,haute
BJ-C61F0737,Latence Bénin,Télécommunications,Tchaourou,+229 83 56 98 96,l.bénin@latencebénin.com.bj,latencebénin.bj,TPE (<10),B2C,Facebook Pages,,Actif,2026-06-29T00:22:54.948585,haute
BJ-56F74D66,Voice Telecom Tchaourou,Télécommunications,Tchaourou,+229 93 75 29 37,voicetelecom@voicetelecomtch.com.bj,voicetelecomtchaourou.bj,TPE (<10),B2C,Facebook Pages,,Actif,2026-06-29T00:22:54.948602,haute
BJ-E6A84171,Internet Opérateur Tchaourou,Télécommunications,Tchaourou,+229 61 18 70 56,internet.opérateur@hotmail.com,internetopérateurtchaourou.bj,TPE (<10),B2C,Facebook Pages,,Actif,2026-06-29T00:22:54.948623,haute
BJ-87860695,Satellite Fréquence Networks,Télécommunications,Tchaourou,+229 32 13 10 87,satellite.fréquence@yahoo.fr,satellitefréquencenetworks.bj,PME (10-50),B2C,Facebook Pages,,Actif,2026-06-29T00:22:54.948641,haute
BJ-2D5C3F58,Débit,Télécommunications,Tchaourou,+229 26 96 43 28,débit@débit.org.bj,débit.bj,PME (10-50),B2B,Facebook Pages,,Actif,2026-06-29T00:22:54.948655,haute
BJ-506967B0,Satellite Voice Bétérou,Télécommunications,Bétérou,+229 32 90 12 52,satellitevoice@satellitevoiceb.bj,,PME (10-50),B2B,Facebook Pages,,Actif,2026-06-29T00:22:54.948679,moyenne
BJ-04BF70D1,Mobile Internet,Télécommunications,Bétérou,+229 48 64 75 49,mobile.internet@gmail.com,mobileinternet.bj,TPE (<10),B2B,Facebook Pages,,Actif,2026-06-29T00:22:54.948695,haute
BJ-90BA5498,Bandwidth,Télécommunications,Bétérou,+229 80 59 76 23,bandwidth@bandwidth.org.bj,bandwidth.bj,TPE (<10),B2B,Facebook Pages,,Actif,2026-06-29T00:22:54.948709,haute
BJ-F7F6760E,ISP,Télécommunications,Bétérou,+229 67 97 54 12,isp@isp.bj,isp.bj,TPE (<10),B2B,Facebook Pages,,Actif,2026-06-29T00:22:54.948723,haute
BJ-2D85A191,Fiber PBX Bénin,Télécommunications,Bétérou,+229 28 75 10 75,fiber.pbx@yahoo.fr,fiberpbxbénin.bj,TPE (<10),B2B,Facebook Pages,,Actif,2026-06-29T00:22:54.948740,haute
BJ-6CD262B3,Connect Networks,Télécommunications,Ouessè,+229 64 78 78 51,connect.networks@yahoo.fr,connectnetworks.bj,PME (10-50),B2B,Facebook Pages,,Actif,2026-06-29T00:22:54.948769,haute
BJ-997DF0BA,Fiber PBX Ouessè,Télécommunications,Ouessè,+229 22 95 94 86,,fiberpbxouessè.bj,TPE (<10),B2C,Facebook Pages,,Actif,2026-06-29T00:22:54.948782,moyenne
BJ-E3DF5219,VPN,Télécommunications,Ouessè,+229 82 93 72 26,vpn@yahoo.fr,,TPE (<10),B2C,Facebook Pages,,Actif,2026-06-29T00:22:54.948799,moyenne
BJ-F0419E77,Télécom Ping,Télécommunications,Ouessè,+229 40 22 92 95,télécom.ping@télécomping.org.bj,,PME (50-200),B2C,Facebook Pages,,Actif,2026-06-29T00:22:54.948817,moyenne
BJ-1DF052AC,Mobile 5G Telecom Ouessè,Télécommunications,Ouessè,+229 48 54 89 19,m.telecom@gmail.com,mobile5gtelecomouessè.bj,TPE (<10),B2B,Facebook Pages,,Actif,2026-06-29T00:22:54.948835,haute
BJ-C6FC79A1,Internet Fréquence,Télécommunications,Glazoué,+229 42 31 84 26,internetfréquence@gmail.com,internetfréquence.bj,PME (50-200),B2C,Facebook Pages,,Actif,2026-06-29T00:22:54.948859,haute
BJ-4CFF6F6D,Relais,Télécommunications,Glazoué,+229 36 48 73 15,relais@hotmail.com,relais.bj,PME (10-50),B2C,Facebook Pages,,Actif,2026-06-29T00:22:54.948873,haute
BJ-A82F4B7C,Fréquence Glazoué,Télécommunications,Glazoué,+229 22 93 84 65,,fréquenceglazoué.bj,TPE (<10),B2C,Facebook Pages,,Actif,2026-06-29T00:22:54.948885,moyenne
BJ-7632EE13,Réseau Glazoué,Télécommunications,Glazoué,+229 99 71 14 69,réseau.glazoué@réseauglazoué.org.bj,réseauglazoué.bj,PME (50-200),B2C,Facebook Pages,,Actif,2026-06-29T00:22:54.948920,haute
BJ-40206703,Connect Sans Connect Glazoué,Télécommunications,Glazoué,+229 46 77 28 36,c.sans@connectsansconn.bj,connectsansconnectglazoué.bj,TPE (<10),B2C,Facebook Pages,,Actif,2026-06-29T00:22:54.948940,haute
BJ-FB2335C2,Télécom Connect,Télécommunications,Dassa-Zoumè,+229 83 56 25 71,télécomconnect@télécomconnect.com.bj,télécomconnect.bj,TPE (<10),B2C,Facebook Pages,,Actif,2026-06-29T00:22:54.948979,haute
BJ-1B0BBF16,Réseau International,Télécommunications,Dassa-Zoumè,+229 70 39 30 19,r.international@réseauinternati.com.bj,réseauinternational.bj,TPE (<10),B2C,Facebook Pages,,Actif,2026-06-29T00:22:54.949000,haute
BJ-660897B3,ISP Connect,Télécommunications,Dassa-Zoumè,+229 77 12 96 39,ispconnect@ispconnect.bj,,PME (10-50),B2B,Facebook Pages,,Actif,2026-06-29T00:22:54.949033,moyenne
BJ-F77A03AF,Radio Bénin Savalou,Télécommunications,Savalou,+229 55 43 22 72,radio.bénin@radiobéninsaval.org.bj,radiobéninsavalou.bj,PME (10-50),B2B,Facebook Pages,,Actif,2026-06-29T00:22:54.949058,haute
BJ-0F3F0E2E,Connect Connect,Télécommunications,Savalou,+229 91 53 35 46,c.connect@connectconnect.com.bj,connectconnect.bj,TPE (<10),B2C,Facebook Pages,,Actif,2026-06-29T00:22:54.949074,haute
BJ-B95ECD58,4G Savalou,Télécommunications,Savalou,+229 33 29 90 89,savalou@4gsavalou.bj,4gsavalou.bj,PME (10-50),B2C,Facebook Pages,,Actif,2026-06-29T00:22:54.949093,haute
BJ-FF89FE80,Internet Coaxial,Télécommunications,Savalou,+229 40 79 56 52,internetcoaxial@internetcoaxial.bj,internetcoaxial.bj,PME (50-200),B2C,Facebook Pages,,Actif,2026-06-29T00:22:54.949109,haute
BJ-0EC7E109,Débit,Télécommunications,Savalou,+229 65 23 28 93,débit@débit.bj,débit.bj,TPE (<10),B2B,Facebook Pages,,Actif,2026-06-29T00:22:54.949124,haute
BJ-EC4DADE6,Communication Bénin,Télécommunications,Bantè,+229 71 91 53 23,communication.bénin@yahoo.fr,communicationbénin.bj,TPE (<10),B2C,Facebook Pages,,Actif,2026-06-29T00:22:54.949153,haute
BJ-6310D55C,Couverture SA,Télécommunications,Bantè,+229 77 77 55 13,couverture@yahoo.fr,,PME (10-50),B2C,Facebook Pages,,Actif,2026-06-29T00:22:54.949168,moyenne
BJ-CFA0F062,VPN,Télécommunications,Bantè,+229 21 64 40 76,vpn@yahoo.com,vpn.bj,PME (50-200),B2C,Facebook Pages,,Actif,2026-06-29T00:22:54.949185,haute
BJ-67018969,Ping,Télécommunications,Bantè,+229 32 45 94 46,ping@yahoo.com,ping.bj,TPE (<10),B2B,Facebook Pages,,Actif,2026-06-29T00:22:54.949201,haute
BJ-7CF68E5B,Fiber Fiber,Télécommunications,Bantè,+229 26 48 70 76,fiberfiber@fiberfiber.com.bj,fiberfiber.bj,TPE (<10),B2C,Facebook Pages,,Actif,2026-06-29T00:22:54.949217,haute
BJ-EB21C014,Réseau Vitesse SA Djougou,Télécommunications,Djougou,+229 30 20 71 90,r.vitesse@gmail.com,réseauvitessesadjougou.bj,TPE (<10),B2C,Facebook Pages,,Actif,2026-06-29T00:22:54.949242,haute
BJ-F8454A02,Fiber Fibre,Télécommunications,Djougou,+229 27 92 65 76,fiberfibre@fiberfibre.bj,fiberfibre.bj,TPE (<10),B2C,Facebook Pages,,Actif,2026-06-29T00:22:54.949258,haute
BJ-BED81A9F,Relais Connect,Télécommunications,Djougou,+229 61 61 89 12,relais.connect@relaisconnect.bj,relaisconnect.bj,Grande (>200),B2B,Facebook Pages,,Actif,2026-06-29T00:22:54.949274,haute
BJ-1A234E6D,Digital 5G Connect,Télécommunications,Djougou,+229 79 67 35 70,d.connect@digital5gconnec.com.bj,digital5gconnect.bj,PME (10-50),B2B,Facebook Pages,,Actif,2026-06-29T00:22:54.949290,haute
BJ-185DFF74,Spectre Africa,Télécommunications,Djougou,+229 77 10 93 68,spectreafrica@spectreafrica.bj,spectreafrica.bj,TPE (<10),B2B,Facebook Pages,,Actif,2026-06-29T00:22:54.949310,haute
BJ-3A4B5E9D,Relais,Télécommunications,Ouèssè,+229 68 88 98 11,relais@relais.org.bj,relais.bj,PME (10-50),B2C,Facebook Pages,,Actif,2026-06-29T00:22:54.949332,haute
BJ-F0858DAA,Fiber Spectre,Télécommunications,Ouèssè,+229 60 65 40 40,fiber.spectre@outlook.com,,TPE (<10),B2C,Facebook Pages,,Actif,2026-06-29T00:22:54.949347,moyenne
BJ-DEA4DDDC,Internet Provider Networks,Télécommunications,Ouèssè,+229 52 78 27 65,internetprovider@internetprovide.com.bj,internetprovidernetworks.bj,PME (10-50),B2C,Facebook Pages,,Actif,2026-06-29T00:22:54.949368,haute
BJ-F1B3344A,VPN,Télécommunications,Ouèssè,+229 79 31 73 14,vpn@vpn.org.bj,vpn.bj,TPE (<10),B2C,Facebook Pages,,Actif,2026-06-29T00:22:54.949382,haute
BJ-7F9664C8,Mobile Provider SARL,Télécommunications,Ouèssè,+229 94 56 22 87,mobileprovider@outlook.com,mobileprovidersarl.bj,TPE (<10),B2C,Facebook Pages,,Actif,2026-06-29T00:22:54.949397,haute
BJ-224789C2,Internet Sans Digital Bassila,Télécommunications,Bassila,+229 69 22 38 29,internet_sans@internetsansdig.bj,internetsansdigitalbassila.bj,TPE (<10),B2B,Facebook Pages,,Actif,2026-06-29T00:22:54.949420,haute
BJ-55666830,Digital Optique Networks,Télécommunications,Bassila,+229 58 50 94 35,digital.optique@yahoo.fr,digitaloptiquenetworks.bj,PME (50-200),B2C,Facebook Pages,,Actif,2026-06-29T00:22:54.949436,haute
BJ-A8E36891,Vitesse Groupe Bassila,Télécommunications,Bassila,+229 64 86 63 19,vitesse.groupe@outlook.com,,PME (50-200),B2B,Facebook Pages,,Actif,2026-06-29T00:22:54.949451,moyenne
BJ-E77D5B1C,Télécom Coverage,Télécommunications,Bassila,+229 26 69 12 28,télécomcoverage@yahoo.fr,télécomcoverage.bj,Grande (>200),B2B,Facebook Pages,,Actif,2026-06-29T00:22:54.949467,haute
BJ-A8236D60,Antenne Bassila,Télécommunications,Bassila,+229 57 78 26 82,antenne_bassila@yahoo.fr,antennebassila.bj,PME (10-50),B2C,Facebook Pages,,Actif,2026-06-29T00:22:54.949482,haute
BJ-BB574606,Coaxial Pehunco,Télécommunications,Pehunco,+229 78 42 18 23,coaxial.pehunco@hotmail.com,coaxialpehunco.bj,PME (10-50),B2C,Facebook Pages,,Actif,2026-06-29T00:22:54.949504,haute
BJ-681BAD3F,Optique Connect,Télécommunications,Pehunco,+229 68 57 99 89,optique.connect@optiqueconnect.bj,optiqueconnect.bj,PME (10-50),B2B,Facebook Pages,,Actif,2026-06-29T00:22:54.949520,haute
BJ-B812142A,Réseau PBX Pehunco,Télécommunications,Pehunco,+229 51 53 48 72,r.pbx@réseaupbxpehunc.bj,réseaupbxpehunco.bj,PME (10-50),B2C,Facebook Pages,,Actif,2026-06-29T00:22:54.949546,haute
BJ-559980E2,Radio Digital Pehunco,Télécommunications,Pehunco,+229 61 22 59 62,,radiodigitalpehunco.bj,PME (50-200),B2B,Facebook Pages,,Actif,2026-06-29T00:22:54.949559,moyenne
BJ-4C1AC14B,Mobile Télécom,Télécommunications,Pehunco,+229 55 54 11 52,mobile.télécom@yahoo.fr,mobiletélécom.bj,TPE (<10),B2B,Facebook Pages,,Actif,2026-06-29T00:22:54.949576,haute
BJ-EE8B1AEB,Connect Vitesse Digital,Télécommunications,Copargo,+229 79 36 67 85,connect.vitesse@connectvitessed.org.bj,connectvitessedigital.bj,PME (10-50),B2B,Facebook Pages,,Actif,2026-06-29T00:22:54.949603,haute
BJ-F3B787BC,Wireless Provider Groupe Copargo,Télécommunications,Copargo,+229 67 85 33 86,wireless.provider@yahoo.com,wirelessprovidergroupecopargo.bj,PME (50-200),B2B,Facebook Pages,,Actif,2026-06-29T00:22:54.949620,haute
BJ-9EE9D8E7,Débit International,Télécommunications,Copargo,+229 76 44 70 93,débit.international@yahoo.com,débitinternational.bj,TPE (<10),B2B,Facebook Pages,,Actif,2026-06-29T00:22:54.949637,haute
BJ-186C099F,Fiber Fiber,Télécommunications,Copargo,+229 64 22 91 57,,fiberfiber.bj,PME (50-200),B2C,Facebook Pages,,Actif,2026-06-29T00:22:54.949648,moyenne
BJ-95D96FCB,Fibre,Télécommunications,Copargo,+229 93 48 19 48,fibre@gmail.com,fibre.bj,PME (10-50),B2C,Facebook Pages,,Actif,2026-06-29T00:22:54.949661,haute
BJ-ACC1E708,Millet,Agriculture & Agroalimentaire,Cotonou,+229 29 70 81 32,,,TPE (<10),B2C,Facebook Pages,,Actif,2026-06-29T00:22:54.949684,basse
BJ-38CCFA19,Cire Ets Cotonou,Agriculture & Agroalimentaire,Cotonou,+229 86 18 96 32,c.ets@yahoo.fr,cireetscotonou.bj,PME (50-200),B2B,Facebook Pages,,Actif,2026-06-29T00:22:54.949701,haute
BJ-13DB6173,Café Production,Agriculture & Agroalimentaire,Cotonou,+229 87 17 83 70,café.production@caféproduction.com.bj,caféproduction.bj,TPE (<10),B2C,Facebook Pages,,Actif,2026-06-29T00:22:54.949721,haute
BJ-65B0064E,Production Engrais Cotonou,Agriculture & Agroalimentaire,Cotonou,+229 69 27 14 81,p.engrais@gmail.com,,PME (10-50),B2C,Facebook Pages,,Actif,2026-06-29T00:22:54.949737,moyenne
BJ-5788118B,Production Gombo Africa,Agriculture & Agroalimentaire,Cotonou,+229 21 94 24 36,productiongombo@productiongombo.bj,,TPE (<10),B2C,Facebook Pages,,Actif,2026-06-29T00:22:54.949752,moyenne
BJ-8E1122AC,SARL Céréale SARL,Agriculture & Agroalimentaire,Abomey-Calavi,+229 34 39 26 30,sarl.céréale@outlook.com,sarlcéréalesarl.bj,PME (50-200),B2C,Facebook Pages,,Actif,2026-06-29T00:22:54.949785,haute
BJ-4663027F,Chèvre Groupe,Agriculture & Agroalimentaire,Abomey-Calavi,+229 60 77 16 76,,chèvregroupe.bj,PME (10-50),B2B,Facebook Pages,,Actif,2026-06-29T00:22:54.949798,moyenne
BJ-7BC3A148,Ferme Sorgho Coop,Agriculture & Agroalimentaire,Abomey-Calavi,+229 83 31 60 81,ferme.sorgho@fermesorghocoop.bj,,PME (50-200),B2B,Facebook Pages,,Actif,2026-06-29T00:22:54.949815,moyenne
BJ-FE35C603,Pesticide Coop,Agriculture & Agroalimentaire,Abomey-Calavi,+229 78 96 37 35,,,PME (50-200),B2C,Facebook Pages,,Actif,2026-06-29T00:22:54.949826,basse
BJ-6FEBC93A,Domaine Ail Abomey-Calavi,Agriculture & Agroalimentaire,Abomey-Calavi,+229 77 27 23 81,domaineail@yahoo.fr,domaineailabomeycalavi.bj,TPE (<10),B2C,Facebook Pages,,Actif,2026-06-29T00:22:54.949842,haute
BJ-EE0A5550,Légume Coop,Agriculture & Agroalimentaire,Porto-Novo,+229 79 37 11 81,légume.coop@légumecoop.bj,légumecoop.bj,TPE (<10),B2C,Facebook Pages,,Actif,2026-06-29T00:22:54.949867,haute
BJ-34FE792E,Domaine Transformation Porto-Novo,Agriculture & Agroalimentaire,Porto-Novo,+229 72 62 83 12,d.transformation@gmail.com,,TPE (<10),B2C,Facebook Pages,,Actif,2026-06-29T00:22:54.949883,moyenne
BJ-A61CF945,Coton,Agriculture & Agroalimentaire,Porto-Novo,+229 58 57 80 90,coton@coton.com.bj,coton.bj,TPE (<10),B2B,Facebook Pages,,Actif,2026-06-29T00:22:54.949912,haute
BJ-80102B0D,Production Mangue Ets,Agriculture & Agroalimentaire,Porto-Novo,+229 28 73 82 66,production.mangue@productionmangu.org.bj,productionmangueets.bj,PME (10-50),B2C,Facebook Pages,,Actif,2026-06-29T00:22:54.949930,haute
BJ-B9B96029,Fruit Production,Agriculture & Agroalimentaire,Porto-Novo,+229 39 33 21 39,,fruitproduction.bj,TPE (<10),B2C,Facebook Pages,,Actif,2026-06-29T00:22:54.949942,moyenne
BJ-53F9F29C,Café Production,Agriculture & Agroalimentaire,Parakou,+229 64 49 14 21,caféproduction@caféproduction.bj,caféproduction.bj,TPE (<10),B2B,Facebook Pages,,Actif,2026-06-29T00:22:54.949971,haute
BJ-DF2689B5,Animale,Agriculture & Agroalimentaire,Parakou,+229 92 61 19 14,,animale.bj,PME (50-200),B2B,Facebook Pages,,Actif,2026-06-29T00:22:54.949984,moyenne
BJ-DFDC5E7D,Groupe Plantation Bénin,Agriculture & Agroalimentaire,Parakou,+229 48 59 72 49,groupeplantation@yahoo.fr,groupeplantationbénin.bj,TPE (<10),B2B,Facebook Pages,,Actif,2026-06-29T00:22:54.950000,haute
BJ-AF6B29D1,Ananas,Agriculture & Agroalimentaire,Parakou,+229 29 60 89 58,ananas@ananas.com.bj,,PME (10-50),B2B,Facebook Pages,,Actif,2026-06-29T00:22:54.950014,moyenne
BJ-B44AEDC8,Igname Plantation Parakou,Agriculture & Agroalimentaire,Parakou,+229 92 88 74 58,ignameplantation@yahoo.com,,PME (50-200),B2C,Facebook Pages,,Actif,2026-06-29T00:22:54.950029,moyenne
BJ-C6324972,Bœuf Plantation,Agriculture & Agroalimentaire,Bohicon,+229 44 12 79 80,,bœufplantation.bj,PME (50-200),B2B,Facebook Pages,,Actif,2026-06-29T00:22:54.950053,moyenne
BJ-D6522281,Ets Piment Bohicon,Agriculture & Agroalimentaire,Bohicon,+229 43 56 33 40,etspiment@etspimentbohico.com.bj,etspimentbohicon.bj,TPE (<10),B2B,Facebook Pages,,Actif,2026-06-29T00:22:54.950070,haute
BJ-095AD3B4,Fromage,Agriculture & Agroalimentaire,Bohicon,+229 94 38 59 18,fromage@fromage.org.bj,fromage.bj,TPE (<10),B2B,Facebook Pages,,Actif,2026-06-29T00:22:54.950088,haute
BJ-37DC32F0,Domaine Semence,Agriculture & Agroalimentaire,Bohicon,+229 20 99 92 35,,,TPE (<10),B2B,Facebook Pages,,Actif,2026-06-29T00:22:54.950100,basse
BJ-8F711205,Coopérative Taro Plantation,Agriculture & Agroalimentaire,Bohicon,+229 99 37 40 77,,coopérativetaroplantation.bj,Grande (>200),B2C,Facebook Pages,,Actif,2026-06-29T00:22:54.950113,moyenne
BJ-58E3C794,Lait SARL,Agriculture & Agroalimentaire,Natitingou,+229 21 29 68 15,,,TPE (<10),B2C,Facebook Pages,,Actif,2026-06-29T00:22:54.950132,basse
BJ-AA009696,Plantation Piment Ets,Agriculture & Agroalimentaire,Natitingou,+229 57 54 98 27,,,PME (10-50),B2B,Facebook Pages,,Actif,2026-06-29T00:22:54.950143,basse
BJ-24423517,Piment Production,Agriculture & Agroalimentaire,Natitingou,+229 67 60 68 79,,,TPE (<10),B2C,Facebook Pages,,Actif,2026-06-29T00:22:54.950153,basse
BJ-691D264A,Aubergine Africa Natitingou,Agriculture & Agroalimentaire,Natitingou,+229 43 70 15 54,aubergine.africa@yahoo.fr,aubergineafricanatitingou.bj,PME (10-50),B2C,Facebook Pages,,Actif,2026-06-29T00:22:54.950174,haute
BJ-AC90B5E6,SARL Ananas,Agriculture & Agroalimentaire,Natitingou,+229 75 99 75 79,s.ananas@yahoo.fr,sarlananas.bj,PME (10-50),B2C,Facebook Pages,,Actif,2026-06-29T00:22:54.950190,haute
BJ-921B696C,Ferme Bétail Africa,Agriculture & Agroalimentaire,Lokossa,+229 97 30 86 49,,,PME (50-200),B2B,Facebook Pages,,Actif,2026-06-29T00:22:54.950208,basse
BJ-724F30A0,Fromage Ets,Agriculture & Agroalimentaire,Lokossa,+229 47 77 94 89,f.ets@fromageets.org.bj,,Grande (>200),B2B,Facebook Pages,,Actif,2026-06-29T00:22:54.950224,moyenne
BJ-BB36834B,Plantation Gombo Groupe,Agriculture & Agroalimentaire,Lokossa,+229 70 60 61 16,plantation.gombo@plantationgombo.bj,,PME (50-200),B2C,Facebook Pages,,Actif,2026-06-29T00:22:54.950244,moyenne
BJ-AF678BE5,Manioc Agro,Agriculture & Agroalimentaire,Lokossa,+229 83 25 14 53,,maniocagro.bj,PME (50-200),B2C,Facebook Pages,,Actif,2026-06-29T00:22:54.950257,moyenne
BJ-CFEFCEBC,Production Ferme Coop,Agriculture & Agroalimentaire,Lokossa,+229 33 41 85 68,,productionfermecoop.bj,TPE (<10),B2C,Facebook Pages,,Actif,2026-06-29T00:22:54.950271,moyenne
BJ-66934FB9,Mangue Bénin,Agriculture & Agroalimentaire,Ouidah,+229 23 20 76 68,mangue.bénin@manguebénin.com.bj,manguebénin.bj,PME (50-200),B2C,Facebook Pages,,Actif,2026-06-29T00:22:54.950303,haute
BJ-7722C53F,SARL Riz,Agriculture & Agroalimentaire,Ouidah,+229 24 82 64 79,sarlriz@hotmail.com,sarlriz.bj,TPE (<10),B2C,Facebook Pages,,Actif,2026-06-29T00:22:54.950319,haute
BJ-334C313D,Pesticide Africa,Agriculture & Agroalimentaire,Ouidah,+229 67 78 24 82,pesticide.africa@pesticideafrica.com.bj,pesticideafrica.bj,TPE (<10),B2B,Facebook Pages,,Actif,2026-06-29T00:22:54.950336,haute
BJ-672BA6F4,Ail Plantation,Agriculture & Agroalimentaire,Ouidah,+229 83 31 36 63,a.plantation@ailplantation.org.bj,ailplantation.bj,PME (10-50),B2C,Facebook Pages,,Actif,2026-06-29T00:22:54.950351,haute
BJ-71A867CB,Groupe Mangue Bénin,Agriculture & Agroalimentaire,Ouidah,+229 54 45 15 59,,,PME (10-50),B2B,Facebook Pages,,Actif,2026-06-29T00:22:54.950363,basse
BJ-6AA52B48,Plantation Maïs,Agriculture & Agroalimentaire,Savalou,+229 98 61 75 14,,,Grande (>200),B2B,Facebook Pages,,Actif,2026-06-29T00:22:54.950405,basse
BJ-1CDEA388,Agriculture Ets,Agriculture & Agroalimentaire,Savalou,+229 65 38 49 48,,agricultureets.bj,TPE (<10),B2C,Facebook Pages,,Actif,2026-06-29T00:22:54.950425,moyenne
BJ-5BEA9831,Coopérative Miel Production Savalou,Agriculture & Agroalimentaire,Savalou,+229 82 85 33 84,coopérative_miel@yahoo.fr,coopérativemielproductionsavalou.bj,PME (10-50),B2B,Facebook Pages,,Actif,2026-06-29T00:22:54.950445,haute
BJ-11A6DA44,Exploitation Fromage Coop,Agriculture & Agroalimentaire,Savalou,+229 72 82 95 10,exploitationfromage@exploitationfro.bj,exploitationfromagecoop.bj,Grande (>200),B2C,Facebook Pages,,Actif,2026-06-29T00:22:54.950463,haute
BJ-5738C9E9,Pesticide,Agriculture & Agroalimentaire,Dassa-Zoumè,+229 53 39 68 47,pesticide@pesticide.bj,pesticide.bj,PME (50-200),B2C,Facebook Pages,,Actif,2026-06-29T00:22:54.950485,haute
BJ-9AC506BA,Plantation Œuf,Agriculture & Agroalimentaire,Dassa-Zoumè,+229 23 93 72 55,,plantationœuf.bj,Grande (>200),B2B,Facebook Pages,,Actif,2026-06-29T00:22:54.950500,moyenne
BJ-3E89BF88,Plantation Porc Coop,Agriculture & Agroalimentaire,Dassa-Zoumè,+229 84 62 48 85,plantation.porc@outlook.com,,PME (10-50),B2C,Facebook Pages,,Actif,2026-06-29T00:22:54.950515,moyenne
BJ-6ECFBBB1,Ferme Karité,Agriculture & Agroalimentaire,Dassa-Zoumè,+229 20 30 79 17,ferme.karité@fermekarité.org.bj,,TPE (<10),B2C,Facebook Pages,,Actif,2026-06-29T00:22:54.950533,moyenne
BJ-5AE7A8D6,Exploitation Manioc,Agriculture & Agroalimentaire,Dassa-Zoumè,+229 83 28 24 12,exploitation.manioc@gmail.com,,TPE (<10),B2B,Facebook Pages,,Actif,2026-06-29T00:22:54.950549,moyenne
BJ-AFC27ADC,Production Pesticide Farm,Agriculture & Agroalimentaire,Kétou,+229 31 14 83 20,production.pesticide@hotmail.com,,PME (50-200),B2C,Facebook Pages,,Actif,2026-06-29T00:22:54.950573,moyenne
BJ-AACB159C,Mouton Plantation,Agriculture & Agroalimentaire,Kétou,+229 33 99 46 27,moutonplantation@gmail.com,,TPE (<10),B2C,Facebook Pages,,Actif,2026-06-29T00:22:54.950589,moyenne
BJ-92E959B6,Agro Riz,Agriculture & Agroalimentaire,Kétou,+229 93 39 45 18,agro.riz@agroriz.org.bj,agroriz.bj,TPE (<10),B2B,Facebook Pages,,Actif,2026-06-29T00:22:54.950610,haute
BJ-DA5968F1,Porc Ets,Agriculture & Agroalimentaire,Kétou,+229 36 52 23 81,porc.ets@yahoo.com,,Grande (>200),B2B,Facebook Pages,,Actif,2026-06-29T00:22:54.950628,moyenne
BJ-C9FF4996,Groupe Anacarde Kétou,Agriculture & Agroalimentaire,Kétou,+229 51 79 31 97,,groupeanacardekétou.bj,TPE (<10),B2C,Facebook Pages,,Actif,2026-06-29T00:22:54.950641,moyenne
BJ-5CE31363,Céréale,Agriculture & Agroalimentaire,Covè,+229 98 29 78 40,,,PME (10-50),B2C,Facebook Pages,,Actif,2026-06-29T00:22:54.950661,basse
BJ-777AF723,Élevage,Agriculture & Agroalimentaire,Covè,+229 55 13 20 12,élevage@élevage.org.bj,,PME (50-200),B2C,Facebook Pages,,Actif,2026-06-29T00:22:54.950676,moyenne
BJ-EEDEC591,Ferme Fruit Coop Covè,Agriculture & Agroalimentaire,Covè,+229 74 15 18 97,,,TPE (<10),B2B,Facebook Pages,,Actif,2026-06-29T00:22:54.950688,basse
BJ-8B383E96,Tomate Covè,Agriculture & Agroalimentaire,Covè,+229 60 22 62 91,,tomatecovè.bj,TPE (<10),B2C,Facebook Pages,,Actif,2026-06-29T00:22:54.950705,moyenne
BJ-97BE7EE0,Agro Engrais,Agriculture & Agroalimentaire,Covè,+229 51 16 54 95,agro.engrais@yahoo.com,,PME (10-50),B2B,Facebook Pages,,Actif,2026-06-29T00:22:54.950721,moyenne
BJ-F00ADCFF,Domaine Élevage Ets,Agriculture & Agroalimentaire,Pobè,+229 37 72 80 95,domaineélevage@yahoo.com,domaineélevageets.bj,Grande (>200),B2B,Facebook Pages,,Actif,2026-06-29T00:22:54.950747,haute
BJ-6AE35C14,Ets Manioc Pobè,Agriculture & Agroalimentaire,Pobè,+229 87 85 42 23,e.manioc@etsmaniocpobè.bj,,TPE (<10),B2B,Facebook Pages,,Actif,2026-06-29T00:22:54.950765,moyenne
BJ-97557F7B,SARL Industrie Production,Agriculture & Agroalimentaire,Pobè,+229 86 91 69 45,sarlindustrie@sarlindustriepr.org.bj,sarlindustrieproduction.bj,PME (10-50),B2B,Facebook Pages,,Actif,2026-06-29T00:22:54.950788,haute
BJ-4FC5C69F,Exploitation Tomate,Agriculture & Agroalimentaire,Pobè,+229 77 65 12 28,exploitationtomate@exploitationtom.bj,exploitationtomate.bj,TPE (<10),B2C,Facebook Pages,,Actif,2026-06-29T00:22:54.950807,haute
BJ-1EF31175,Bœuf,Agriculture & Agroalimentaire,Pobè,+229 93 30 57 47,bœuf@bœuf.org.bj,bœuf.bj,TPE (<10),B2B,Facebook Pages,,Actif,2026-06-29T00:22:54.950825,haute
BJ-547A4672,Porc,Agriculture & Agroalimentaire,Sakété,+229 59 41 16 19,,porc.bj,PME (10-50),B2C,Facebook Pages,,Actif,2026-06-29T00:22:54.950846,moyenne
BJ-33A8D0B3,Santé SARL,Agriculture & Agroalimentaire,Sakété,+229 60 95 64 34,s.sarl@santésarl.bj,santésarl.bj,TPE (<10),B2C,Facebook Pages,,Actif,2026-06-29T00:22:54.950870,haute
BJ-516BB29A,Domaine Coton,Agriculture & Agroalimentaire,Sakété,+229 49 75 49 55,domainecoton@domainecoton.com.bj,domainecoton.bj,PME (10-50),B2C,Facebook Pages,,Actif,2026-06-29T00:22:54.950898,haute
BJ-CC96B218,Groupe Porc,Agriculture & Agroalimentaire,Sakété,+229 66 65 50 34,groupe_porc@gmail.com,groupeporc.bj,PME (10-50),B2B,Facebook Pages,,Actif,2026-06-29T00:22:54.950916,haute
BJ-A69E56DF,Aubergine Sakété,Agriculture & Agroalimentaire,Sakété,+229 26 25 61 13,aubergine.sakété@auberginesakété.org.bj,auberginesakété.bj,TPE (<10),B2B,Facebook Pages,,Actif,2026-06-29T00:22:54.950934,haute
BJ-99676326,Exploitation Industrie Agro,Agriculture & Agroalimentaire,Adjara,+229 69 73 92 75,exploitationindustrie@exploitationind.bj,,PME (50-200),B2B,Facebook Pages,,Actif,2026-06-29T00:22:54.950959,moyenne
BJ-DDF3C61E,Coopérative Anacarde Adjara,Agriculture & Agroalimentaire,Adjara,+229 86 35 41 98,,,Grande (>200),B2C,Facebook Pages,,Actif,2026-06-29T00:22:54.950971,basse
BJ-F1E1950B,Exploitation Lait,Agriculture & Agroalimentaire,Adjara,+229 49 18 67 29,,,TPE (<10),B2C,Facebook Pages,,Actif,2026-06-29T00:22:54.950987,basse
BJ-9629F8BB,Taro Adjara,Agriculture & Agroalimentaire,Adjara,+229 73 73 70 11,,taroadjara.bj,PME (50-200),B2B,Facebook Pages,,Actif,2026-06-29T00:22:54.951003,moyenne
BJ-AB7EEB24,Bœuf SARL,Agriculture & Agroalimentaire,Adjara,+229 57 22 61 31,bœuf.sarl@bœufsarl.com.bj,,PME (50-200),B2B,Facebook Pages,,Actif,2026-06-29T00:22:54.951022,moyenne
BJ-3277DEDC,Coton,Agriculture & Agroalimentaire,Allada,+229 89 72 23 36,,coton.bj,Grande (>200),B2C,Facebook Pages,,Actif,2026-06-29T00:22:54.951052,moyenne
BJ-D38931CD,Yaourt,Agriculture & Agroalimentaire,Allada,+229 22 80 35 18,yaourt@yahoo.fr,,Grande (>200),B2C,Facebook Pages,,Actif,2026-06-29T00:22:54.951065,moyenne
BJ-21407809,Domaine Taro Groupe,Agriculture & Agroalimentaire,Allada,+229 26 80 14 80,domaine.taro@domainetarogrou.org.bj,domainetarogroupe.bj,PME (10-50),B2C,Facebook Pages,,Actif,2026-06-29T00:22:54.951097,haute
BJ-BADCDB9D,Exploitation Céréale,Agriculture & Agroalimentaire,Aplahoué,+229 76 98 28 37,exploitationcéréale@outlook.com,exploitationcéréale.bj,TPE (<10),B2C,Facebook Pages,,Actif,2026-06-29T00:22:54.951121,haute
BJ-5F1317BA,Agro Coton Aplahoué,Agriculture & Agroalimentaire,Aplahoué,+229 43 72 86 87,agrocoton@hotmail.com,,PME (50-200),B2B,Facebook Pages,,Actif,2026-06-29T00:22:54.951137,moyenne
BJ-E31BB779,Aquaculture,Agriculture & Agroalimentaire,Aplahoué,+229 34 35 65 46,aquaculture@yahoo.fr,,PME (50-200),B2B,Facebook Pages,,Actif,2026-06-29T00:22:54.951155,moyenne
BJ-4910A62A,SARL Lait,Agriculture & Agroalimentaire,Aplahoué,+229 66 81 97 63,sarl.lait@sarllait.com.bj,sarllait.bj,PME (50-200),B2B,Facebook Pages,,Actif,2026-06-29T00:22:54.951171,haute
BJ-63C2330D,Palme Coop,Agriculture & Agroalimentaire,Aplahoué,+229 63 97 47 83,p.coop@palmecoop.bj,palmecoop.bj,PME (10-50),B2B,Facebook Pages,,Actif,2026-06-29T00:22:54.951187,haute
BJ-0E1DE9C3,Plantation Poulet,Agriculture & Agroalimentaire,Dogbo-Tota,+229 95 78 29 77,plantation.poulet@plantationpoule.bj,,PME (10-50),B2C,Facebook Pages,,Actif,2026-06-29T00:22:54.951210,moyenne
BJ-96AA1052,Ferme Animale,Agriculture & Agroalimentaire,Dogbo-Tota,+229 65 58 13 85,ferme.animale@yahoo.com,,PME (50-200),B2B,Facebook Pages,,Actif,2026-06-29T00:22:54.951225,moyenne
BJ-3173F586,Sorgho Plantation,Agriculture & Agroalimentaire,Dogbo-Tota,+229 44 17 17 84,s.plantation@sorghoplantatio.bj,,TPE (<10),B2B,Facebook Pages,,Actif,2026-06-29T00:22:54.951241,moyenne
BJ-33E61BAB,Transformation Plantation,Agriculture & Agroalimentaire,Dogbo-Tota,+229 47 46 57 73,,,PME (50-200),B2B,Facebook Pages,,Actif,2026-06-29T00:22:54.951256,basse
BJ-DAA23428,Groupe Mouton,Agriculture & Agroalimentaire,Dogbo-Tota,+229 33 11 50 60,,groupemouton.bj,PME (10-50),B2C,Facebook Pages,,Actif,2026-06-29T00:22:54.951268,moyenne
BJ-43D1422C,Miel,Agriculture & Agroalimentaire,Kpomassè,+229 74 46 72 13,miel@hotmail.com,,PME (10-50),B2B,Facebook Pages,,Actif,2026-06-29T00:22:54.951289,moyenne
BJ-55F41FA1,Maïs Bénin,Agriculture & Agroalimentaire,Kpomassè,+229 36 79 41 26,,,TPE (<10),B2C,Facebook Pages,,Actif,2026-06-29T00:22:54.951304,basse
BJ-9E1F0FA3,Ets Miel Bénin Kpomassè,Agriculture & Agroalimentaire,Kpomassè,+229 81 53 59 53,,etsmielbéninkpomassè.bj,TPE (<10),B2B,Facebook Pages,,Actif,2026-06-29T00:22:54.951321,moyenne
BJ-B7F09D43,Maïs Farm,Agriculture & Agroalimentaire,Kpomassè,+229 80 70 43 18,m.farm@hotmail.com,,PME (50-200),B2B,Facebook Pages,,Actif,2026-06-29T00:22:54.951337,moyenne
BJ-B37BCC13,Production Vétérinaire Bénin,Agriculture & Agroalimentaire,Kpomassè,+229 97 26 85 39,production_vétérinaire@yahoo.fr,,PME (10-50),B2C,Facebook Pages,,Actif,2026-06-29T00:22:54.951354,moyenne
BJ-9317BF56,Ferme Cacao Farm,Agriculture & Agroalimentaire,Tori-Bossito,+229 81 42 33 87,,fermecacaofarm.bj,TPE (<10),B2C,Facebook Pages,,Actif,2026-06-29T00:22:54.951377,moyenne
BJ-970F761D,Cacao,Agriculture & Agroalimentaire,Tori-Bossito,+229 29 26 39 79,cacao@cacao.org.bj,cacao.bj,TPE (<10),B2C,Facebook Pages,,Actif,2026-06-29T00:22:54.951392,haute
BJ-90E8C899,Domaine Taro,Agriculture & Agroalimentaire,Tori-Bossito,+229 49 74 63 94,d.taro@yahoo.fr,domainetaro.bj,PME (50-200),B2B,Facebook Pages,,Actif,2026-06-29T00:22:54.951407,haute
BJ-7BDBB581,Groupe Cacao Farm Tori-Bossito,Agriculture & Agroalimentaire,Tori-Bossito,+229 99 88 88 43,g.cacao@groupecacaofarm.org.bj,groupecacaofarmtoribossito.bj,PME (10-50),B2C,Facebook Pages,,Actif,2026-06-29T00:22:54.951424,haute
BJ-41EC8C23,Domaine Miel Ets,Agriculture & Agroalimentaire,Tori-Bossito,+229 62 15 16 90,,,PME (50-200),B2B,Facebook Pages,,Actif,2026-06-29T00:22:54.951435,basse
BJ-5942505B,Piment Grand-Popo,Agriculture & Agroalimentaire,Grand-Popo,+229 47 65 52 94,pimentgrand@gmail.com,,PME (50-200),B2B,Facebook Pages,,Actif,2026-06-29T00:22:54.951457,moyenne
BJ-9CC14806,Agro Ferme Groupe Grand-Popo,Agriculture & Agroalimentaire,Grand-Popo,+229 23 68 61 35,agroferme@outlook.com,,PME (10-50),B2B,Facebook Pages,,Actif,2026-06-29T00:22:54.951472,moyenne
BJ-A83311B9,Plantation Agro,Agriculture & Agroalimentaire,Grand-Popo,+229 96 32 64 99,,plantationagro.bj,TPE (<10),B2C,Facebook Pages,,Actif,2026-06-29T00:22:54.951487,moyenne
BJ-02B7005D,Ferme Chèvre Agro,Agriculture & Agroalimentaire,Grand-Popo,+229 57 74 14 91,f.chèvre@fermechèvreagro.org.bj,,TPE (<10),B2B,Facebook Pages,,Actif,2026-06-29T00:22:54.951505,moyenne
BJ-159C3091,Semence Africa,Agriculture & Agroalimentaire,Grand-Popo,+229 93 87 88 10,,semenceafrica.bj,PME (10-50),B2B,Facebook Pages,,Actif,2026-06-29T00:22:54.951520,moyenne
BJ-E8218DD5,Plantation Oignon,Agriculture & Agroalimentaire,Athiémé,+229 78 10 93 54,,plantationoignon.bj,Grande (>200),B2B,Facebook Pages,,Actif,2026-06-29T00:22:54.951540,moyenne
BJ-197F03BF,Huile Coop,Agriculture & Agroalimentaire,Athiémé,+229 42 31 95 80,,,PME (50-200),B2C,Facebook Pages,,Actif,2026-06-29T00:22:54.951551,basse
BJ-B163591C,Sorgho Bénin Athiémé,Agriculture & Agroalimentaire,Athiémé,+229 29 99 48 16,sorgho.bénin@outlook.com,,TPE (<10),B2C,Facebook Pages,,Actif,2026-06-29T00:22:54.951568,moyenne
BJ-D502F334,Igname,Agriculture & Agroalimentaire,Athiémé,+229 98 57 27 52,igname@gmail.com,igname.bj,TPE (<10),B2B,Facebook Pages,,Actif,2026-06-29T00:22:54.951582,haute
BJ-212ABFB4,Gombo Coop,Agriculture & Agroalimentaire,Athiémé,+229 80 79 44 44,g.coop@outlook.com,,PME (10-50),B2C,Facebook Pages,,Actif,2026-06-29T00:22:54.951597,moyenne
BJ-8604097F,Ferme Café Farm,Agriculture & Agroalimentaire,Bopa,+229 29 73 86 98,,fermecaféfarm.bj,PME (50-200),B2B,Facebook Pages,,Actif,2026-06-29T00:22:54.951618,moyenne
BJ-79D54638,Exploitation Taro Farm,Agriculture & Agroalimentaire,Bopa,+229 35 28 99 64,exploitation.taro@yahoo.com,,PME (10-50),B2C,Facebook Pages,,Actif,2026-06-29T00:22:54.951634,moyenne
BJ-6F2DC514,Ananas,Agriculture & Agroalimentaire,Bopa,+229 93 23 14 41,,ananas.bj,PME (10-50),B2C,Facebook Pages,,Actif,2026-06-29T00:22:54.951650,moyenne
BJ-9F611B26,Ets Tomate Production,Agriculture & Agroalimentaire,Bopa,+229 72 81 34 75,ets.tomate@outlook.com,etstomateproduction.bj,TPE (<10),B2C,Facebook Pages,,Actif,2026-06-29T00:22:54.951684,haute
BJ-75AA121C,Santé SARL,Agriculture & Agroalimentaire,Houéyogbé,+229 48 85 50 41,santésarl@santésarl.com.bj,,PME (10-50),B2C,Facebook Pages,,Actif,2026-06-29T00:22:54.951708,moyenne
BJ-E89435AF,Yaourt,Agriculture & Agroalimentaire,Houéyogbé,+229 38 50 76 94,yaourt@yaourt.org.bj,yaourt.bj,PME (10-50),B2C,Facebook Pages,,Actif,2026-06-29T00:22:54.951723,haute
BJ-E323D043,Domaine Ferme Houéyogbé,Agriculture & Agroalimentaire,Houéyogbé,+229 48 68 18 68,d.ferme@domainefermehou.bj,domainefermehouéyogbé.bj,TPE (<10),B2C,Facebook Pages,,Actif,2026-06-29T00:22:54.951742,haute
BJ-AB58E86C,Bœuf Houéyogbé,Agriculture & Agroalimentaire,Houéyogbé,+229 68 63 13 48,bœuf.houéyogbé@bœufhouéyogbé.org.bj,bœufhouéyogbé.bj,PME (10-50),B2C,Facebook Pages,,Actif,2026-06-29T00:22:54.951767,haute
BJ-651D80C4,Agriculture SARL,Agriculture & Agroalimentaire,Houéyogbé,+229 81 40 60 95,agriculture.sarl@agriculturesarl.com.bj,,TPE (<10),B2C,Facebook Pages,,Actif,2026-06-29T00:22:54.951788,moyenne
BJ-A6DB29C1,Œuf Coop,Agriculture & Agroalimentaire,Malanville,+229 52 53 73 92,œufcoop@œufcoop.org.bj,,PME (10-50),B2C,Facebook Pages,,Actif,2026-06-29T00:22:54.951815,moyenne
BJ-AE4CC759,Tomate Malanville,Agriculture & Agroalimentaire,Malanville,+229 75 35 22 21,,tomatemalanville.bj,Grande (>200),B2B,Facebook Pages,,Actif,2026-06-29T00:22:54.951830,moyenne
BJ-30A0850F,Œuf,Agriculture & Agroalimentaire,Malanville,+229 90 83 63 51,œuf@gmail.com,œuf.bj,PME (50-200),B2C,Facebook Pages,,Actif,2026-06-29T00:22:54.951849,haute
BJ-4EA44464,Porc,Agriculture & Agroalimentaire,Malanville,+229 83 13 21 65,porc@gmail.com,porc.bj,TPE (<10),B2C,Facebook Pages,,Actif,2026-06-29T00:22:54.951863,haute
BJ-A09B18F3,Ferme Ferme,Agriculture & Agroalimentaire,Malanville,+229 40 64 80 26,ferme_ferme@outlook.com,,Grande (>200),B2C,Facebook Pages,,Actif,2026-06-29T00:22:54.951879,moyenne
BJ-1B4285FC,Miel,Agriculture & Agroalimentaire,Kandi,+229 94 17 87 74,miel@gmail.com,miel.bj,PME (10-50),B2B,Facebook Pages,,Actif,2026-06-29T00:22:54.951915,haute
BJ-9A970472,Exploitation Sorgho Bénin Kandi,Agriculture & Agroalimentaire,Kandi,+229 23 88 12 98,exploitation.sorgho@exploitationsor.com.bj,,PME (10-50),B2C,Facebook Pages,,Actif,2026-06-29T00:22:54.951936,moyenne
BJ-ADB747D9,Café Plantation Kandi,Agriculture & Agroalimentaire,Kandi,+229 89 69 47 77,c.plantation@caféplantationk.org.bj,,PME (50-200),B2B,Facebook Pages,,Actif,2026-06-29T00:22:54.951954,moyenne
BJ-6E7E3127,Pêche Groupe,Agriculture & Agroalimentaire,Kandi,+229 32 64 76 94,p.groupe@gmail.com,pêchegroupe.bj,TPE (<10),B2C,Facebook Pages,,Actif,2026-06-29T00:22:54.951987,haute
BJ-4161D4F2,Café Farm Kandi,Agriculture & Agroalimentaire,Kandi,+229 40 30 25 77,caféfarm@caféfarmkandi.org.bj,caféfarmkandi.bj,Grande (>200),B2C,Facebook Pages,,Actif,2026-06-29T00:22:54.952032,haute
BJ-65B567B2,Agro Œuf SARL Banikoara,Agriculture & Agroalimentaire,Banikoara,+229 51 60 55 32,a.œuf@yahoo.com,agroœufsarlbanikoara.bj,PME (10-50),B2C,Facebook Pages,,Actif,2026-06-29T00:22:54.952142,haute
BJ-8444A416,Riz Banikoara,Agriculture & Agroalimentaire,Banikoara,+229 48 82 36 72,r.banikoara@hotmail.com,,TPE (<10),B2B,Facebook Pages,,Actif,2026-06-29T00:22:54.952194,moyenne
BJ-8A23CD61,Groupe Santé Agro,Agriculture & Agroalimentaire,Banikoara,+229 98 98 42 84,,,TPE (<10),B2B,Facebook Pages,,Actif,2026-06-29T00:22:54.952226,basse
BJ-28B1404F,Millet,Agriculture & Agroalimentaire,Banikoara,+229 58 91 98 60,millet@hotmail.com,millet.bj,TPE (<10),B2B,Facebook Pages,,Actif,2026-06-29T00:22:54.952244,haute
BJ-181EC45F,Exploitation Anacarde Production,Agriculture & Agroalimentaire,Ségbana,+229 59 68 20 95,exploitation.anacarde@exploitationana.bj,exploitationanacardeproduction.bj,TPE (<10),B2C,Facebook Pages,,Actif,2026-06-29T00:22:54.952310,haute
BJ-7006ED6D,Production Porc Coop,Agriculture & Agroalimentaire,Ségbana,+229 34 73 48 16,,productionporccoop.bj,TPE (<10),B2C,Facebook Pages,,Actif,2026-06-29T00:22:54.952338,moyenne
BJ-895B4096,Engrais,Agriculture & Agroalimentaire,Ségbana,+229 93 63 62 14,,engrais.bj,PME (50-200),B2B,Facebook Pages,,Actif,2026-06-29T00:22:54.952352,moyenne
BJ-80CE7341,Ferme Plantation Groupe Ségbana,Agriculture & Agroalimentaire,Ségbana,+229 34 46 43 78,ferme.plantation@hotmail.com,fermeplantationgroupeségbana.bj,TPE (<10),B2B,Facebook Pages,,Actif,2026-06-29T00:22:54.952373,haute
BJ-4DD31842,Pêche Plantation,Agriculture & Agroalimentaire,Ségbana,+229 61 72 60 74,p.plantation@outlook.com,pêcheplantation.bj,TPE (<10),B2B,Facebook Pages,,Actif,2026-06-29T00:22:54.952408,haute
BJ-E914F02A,Ail,Agriculture & Agroalimentaire,Karimama,+229 49 98 13 99,ail@yahoo.fr,,PME (50-200),B2B,Facebook Pages,,Actif,2026-06-29T00:22:54.952447,moyenne
BJ-86D6D848,SARL Chèvre SARL,Agriculture & Agroalimentaire,Karimama,+229 41 65 11 68,,sarlchèvresarl.bj,PME (10-50),B2B,Facebook Pages,,Actif,2026-06-29T00:22:54.952477,moyenne
BJ-037ED66B,Bœuf,Agriculture & Agroalimentaire,Karimama,+229 52 81 28 53,bœuf@gmail.com,,PME (10-50),B2B,Facebook Pages,,Actif,2026-06-29T00:22:54.952515,moyenne
BJ-4CE8A867,Chèvre,Agriculture & Agroalimentaire,Karimama,+229 66 22 32 66,chèvre@hotmail.com,,Grande (>200),B2C,Facebook Pages,,Actif,2026-06-29T00:22:54.952549,moyenne
BJ-262055B2,Palme,Agriculture & Agroalimentaire,Karimama,+229 84 71 18 40,palme@gmail.com,,PME (50-200),B2C,Facebook Pages,,Actif,2026-06-29T00:22:54.952577,moyenne
BJ-0B224A2B,Plantation Fruit,Agriculture & Agroalimentaire,Gogounou,+229 38 49 84 56,plantationfruit@plantationfruit.org.bj,plantationfruit.bj,TPE (<10),B2C,Facebook Pages,,Actif,2026-06-29T00:22:54.952626,haute
BJ-31F81589,Ferme Ets,Agriculture & Agroalimentaire,Gogounou,+229 65 88 86 53,ferme.ets@fermeets.com.bj,fermeets.bj,Grande (>200),B2B,Facebook Pages,,Actif,2026-06-29T00:22:54.952659,haute
BJ-96276E95,Palme,Agriculture & Agroalimentaire,Gogounou,+229 95 32 16 95,palme@palme.org.bj,palme.bj,PME (10-50),B2B,Facebook Pages,,Actif,2026-06-29T00:22:54.952701,haute
BJ-7F3CA3FB,Domaine Céréale Production Gogounou,Agriculture & Agroalimentaire,Gogounou,+229 66 73 40 99,d.céréale@domainecéréalep.com.bj,domainecéréaleproductiongogounou.bj,TPE (<10),B2C,Facebook Pages,,Actif,2026-06-29T00:22:54.952778,haute
BJ-1CDEA9E7,Riz Cobly,Agriculture & Agroalimentaire,Cobly,+229 40 91 61 69,r.cobly@rizcobly.com.bj,rizcobly.bj,TPE (<10),B2B,Facebook Pages,,Actif,2026-06-29T00:22:54.952828,haute
BJ-1ECC885E,Fruit,Agriculture & Agroalimentaire,Cobly,+229 94 89 68 17,fruit@yahoo.com,fruit.bj,TPE (<10),B2C,Facebook Pages,,Actif,2026-06-29T00:22:54.952858,haute
BJ-7166D0F4,Groupe Cacao Agro,Agriculture & Agroalimentaire,Cobly,+229 44 39 98 72,g.cacao@outlook.com,groupecacaoagro.bj,TPE (<10),B2B,Facebook Pages,,Actif,2026-06-29T00:22:54.952907,haute
BJ-A6E0CB63,Industrie Production,Agriculture & Agroalimentaire,Cobly,+229 23 24 91 56,industrie.production@industrieproduc.com.bj,industrieproduction.bj,PME (10-50),B2C,Facebook Pages,,Actif,2026-06-29T00:22:54.952930,haute
BJ-B3D35143,Plantation Céréale,Agriculture & Agroalimentaire,Cobly,+229 32 45 85 73,,,PME (10-50),B2C,Facebook Pages,,Actif,2026-06-29T00:22:54.952943,basse
BJ-D4EA0B47,Piment Plantation,Agriculture & Agroalimentaire,Tanguiéta,+229 33 97 56 66,piment.plantation@pimentplantatio.com.bj,,PME (10-50),B2C,Facebook Pages,,Actif,2026-06-29T00:22:54.952968,moyenne
BJ-7163A2D4,Exploitation Pesticide Bénin,Agriculture & Agroalimentaire,Tanguiéta,+229 27 41 67 17,e.pesticide@exploitationpes.com.bj,,TPE (<10),B2B,Facebook Pages,,Actif,2026-06-29T00:22:54.952987,moyenne
BJ-89A66230,Production Porc Coop,Agriculture & Agroalimentaire,Tanguiéta,+229 22 65 87 78,production.porc@productionporcc.bj,productionporccoop.bj,PME (10-50),B2B,Facebook Pages,,Actif,2026-06-29T00:22:54.953004,haute
BJ-5C109245,Groupe Ferme Coop Tanguiéta,Agriculture & Agroalimentaire,Tanguiéta,+229 76 15 58 80,g.ferme@hotmail.com,,TPE (<10),B2B,Facebook Pages,,Actif,2026-06-29T00:22:54.953025,moyenne
BJ-81F52CF5,Ferme Gombo,Agriculture & Agroalimentaire,Tanguiéta,+229 23 76 28 63,,,TPE (<10),B2B,Facebook Pages,,Actif,2026-06-29T00:22:54.953037,basse
BJ-D032AF21,Semence,Agriculture & Agroalimentaire,Matéri,+229 70 37 51 17,,,PME (50-200),B2C,Facebook Pages,,Actif,2026-06-29T00:22:54.953056,basse
BJ-638F9226,Agro Mangue Ets,Agriculture & Agroalimentaire,Matéri,+229 22 24 88 18,,,TPE (<10),B2C,Facebook Pages,,Actif,2026-06-29T00:22:54.953068,basse
BJ-F0BF88B7,Domaine Maïs Matéri,Agriculture & Agroalimentaire,Matéri,+229 70 83 49 29,domaine.maïs@outlook.com,domainemaïsmatéri.bj,PME (10-50),B2C,Facebook Pages,,Actif,2026-06-29T00:22:54.953089,haute
BJ-9214C876,Igname,Agriculture & Agroalimentaire,Matéri,+229 75 39 28 93,igname@yahoo.com,igname.bj,TPE (<10),B2C,Facebook Pages,,Actif,2026-06-29T00:22:54.953104,haute
BJ-5D1037C8,Ferme Riz,Agriculture & Agroalimentaire,Matéri,+229 37 62 40 23,,fermeriz.bj,TPE (<10),B2B,Facebook Pages,,Actif,2026-06-29T00:22:54.953119,moyenne
BJ-A2711FB6,Ets Fruit,Agriculture & Agroalimentaire,Natitingou,+229 28 71 66 69,etsfruit@yahoo.fr,etsfruit.bj,TPE (<10),B2B,Facebook Pages,,Actif,2026-06-29T00:22:54.953142,haute
BJ-CD805A5A,Groupe Palme,Agriculture & Agroalimentaire,Natitingou,+229 65 65 51 98,groupepalme@yahoo.fr,groupepalme.bj,TPE (<10),B2B,Facebook Pages,,Actif,2026-06-29T00:22:54.953159,haute
BJ-F4881D1F,Groupe Mangue,Agriculture & Agroalimentaire,Natitingou,+229 97 98 70 39,groupemangue@groupemangue.com.bj,,Grande (>200),B2B,Facebook Pages,,Actif,2026-06-29T00:22:54.953174,moyenne
BJ-396D63C5,Fromage Farm Natitingou,Agriculture & Agroalimentaire,Natitingou,+229 97 32 81 10,fromage.farm@fromagefarmnati.bj,fromagefarmnatitingou.bj,TPE (<10),B2B,Facebook Pages,,Actif,2026-06-29T00:22:54.953192,haute
BJ-1BBDE17A,Production Maïs Farm,Agriculture & Agroalimentaire,Natitingou,+229 30 59 46 65,production.maïs@productionmaïsf.com.bj,productionmaïsfarm.bj,TPE (<10),B2B,Facebook Pages,,Actif,2026-06-29T00:22:54.953210,haute
BJ-90E3D50C,Exploitation Oignon Africa,Agriculture & Agroalimentaire,Toucountouna,+229 50 32 48 99,exploitation.oignon@gmail.com,,PME (50-200),B2C,Facebook Pages,,Actif,2026-06-29T00:22:54.953233,moyenne
BJ-AB7ACA43,Plantation,Agriculture & Agroalimentaire,Toucountouna,+229 98 51 49 50,,plantation.bj,PME (10-50),B2B,Facebook Pages,,Actif,2026-06-29T00:22:54.953245,moyenne
BJ-1BDEBFBA,SARL Café Toucountouna,Agriculture & Agroalimentaire,Toucountouna,+229 80 32 79 17,sarl.café@sarlcafétoucoun.com.bj,sarlcafétoucountouna.bj,TPE (<10),B2B,Facebook Pages,,Actif,2026-06-29T00:22:54.953272,haute
BJ-D9AD086A,Ferme Ananas,Agriculture & Agroalimentaire,Toucountouna,+229 35 65 97 42,ferme.ananas@hotmail.com,fermeananas.bj,PME (10-50),B2C,Facebook Pages,,Actif,2026-06-29T00:22:54.953289,haute
BJ-EF2736AC,Groupe Semence Coop,Agriculture & Agroalimentaire,Toucountouna,+229 32 83 85 88,g.semence@groupesemenceco.com.bj,groupesemencecoop.bj,PME (50-200),B2B,Facebook Pages,,Actif,2026-06-29T00:22:54.953305,haute
BJ-676F6BD5,Igname SARL,Agriculture & Agroalimentaire,Boukoumbé,+229 24 36 88 28,igname.sarl@outlook.com,,TPE (<10),B2C,Facebook Pages,,Actif,2026-06-29T00:22:54.953327,moyenne
BJ-729B1587,Domaine Cire,Agriculture & Agroalimentaire,Boukoumbé,+229 83 10 50 82,domainecire@domainecire.org.bj,,PME (10-50),B2B,Facebook Pages,,Actif,2026-06-29T00:22:54.953343,moyenne
BJ-31C8C756,Ets Lait Plantation,Agriculture & Agroalimentaire,Boukoumbé,+229 90 45 58 86,,,TPE (<10),B2C,Facebook Pages,,Actif,2026-06-29T00:22:54.953385,basse
BJ-46F16DFC,Groupe Alimentaire Farm,Agriculture & Agroalimentaire,Kouandé,+229 85 16 21 99,,groupealimentairefarm.bj,TPE (<10),B2B,Facebook Pages,,Actif,2026-06-29T00:22:54.953405,moyenne
BJ-58A75CEB,Sorgho Africa,Agriculture & Agroalimentaire,Kouandé,+229 44 93 76 68,sorgho.africa@gmail.com,,TPE (<10),B2B,Facebook Pages,,Actif,2026-06-29T00:22:54.953422,moyenne
BJ-3FDAC355,Agro Maïs,Agriculture & Agroalimentaire,Kouandé,+229 99 72 99 88,agro.maïs@agromaïs.com.bj,,PME (50-200),B2C,Facebook Pages,,Actif,2026-06-29T00:22:54.953441,moyenne
BJ-C7CF09DD,Agriculture SARL,Agriculture & Agroalimentaire,Kouandé,+229 32 73 99 64,agriculturesarl@agriculturesarl.bj,,TPE (<10),B2B,Facebook Pages,,Actif,2026-06-29T00:22:54.953458,moyenne
BJ-6C2EAB9B,Coton,Agriculture & Agroalimentaire,Kouandé,+229 45 26 26 39,coton@yahoo.com,coton.bj,PME (50-200),B2C,Facebook Pages,,Actif,2026-06-29T00:22:54.953471,haute
BJ-A474E5C3,Miel SARL,Agriculture & Agroalimentaire,Péhunco,+229 45 97 66 49,,mielsarl.bj,PME (50-200),B2B,Facebook Pages,,Actif,2026-06-29T00:22:54.953490,moyenne
BJ-ABEE7483,Manioc,Agriculture & Agroalimentaire,Péhunco,+229 83 38 24 71,manioc@manioc.org.bj,,PME (10-50),B2C,Facebook Pages,,Actif,2026-06-29T00:22:54.953504,moyenne
BJ-486A4EF1,Exploitation Anacarde Coop,Agriculture & Agroalimentaire,Péhunco,+229 60 17 11 37,,,TPE (<10),B2B,Facebook Pages,,Actif,2026-06-29T00:22:54.953515,basse
BJ-481121C1,Exploitation Élevage Agro,Agriculture & Agroalimentaire,Péhunco,+229 56 40 94 28,,,PME (50-200),B2B,Facebook Pages,,Actif,2026-06-29T00:22:54.953527,basse
BJ-B9BD6D03,Production Miel,Agriculture & Agroalimentaire,Péhunco,+229 23 13 67 53,,,Grande (>200),B2C,Facebook Pages,,Actif,2026-06-29T00:22:54.953538,basse
BJ-9BBFF9D1,Coopérative Taro Tchaourou,Agriculture & Agroalimentaire,Tchaourou,+229 92 75 69 60,coopérativetaro@coopérativetaro.org.bj,,TPE (<10),B2C,Facebook Pages,,Actif,2026-06-29T00:22:54.953561,moyenne
BJ-7C1BA15C,Fromage Coop,Agriculture & Agroalimentaire,Tchaourou,+229 37 38 27 59,fromage.coop@fromagecoop.bj,,PME (10-50),B2C,Facebook Pages,,Actif,2026-06-29T00:22:54.953578,moyenne
BJ-31218563,Groupe Millet,Agriculture & Agroalimentaire,Tchaourou,+229 67 42 57 79,,,PME (10-50),B2C,Facebook Pages,,Actif,2026-06-29T00:22:54.953592,basse
BJ-F9D93BD4,SARL Céréale Agro,Agriculture & Agroalimentaire,Tchaourou,+229 75 60 53 25,,,TPE (<10),B2B,Facebook Pages,,Actif,2026-06-29T00:22:54.953604,basse
BJ-3AFAB402,Plantation Karité Farm,Agriculture & Agroalimentaire,Tchaourou,+229 97 21 39 38,,plantationkaritéfarm.bj,TPE (<10),B2B,Facebook Pages,,Actif,2026-06-29T00:22:54.953616,moyenne
BJ-A3CD46D5,Coton Nikki,Agriculture & Agroalimentaire,Nikki,+229 67 72 63 90,cotonnikki@cotonnikki.org.bj,cotonnikki.bj,TPE (<10),B2C,Facebook Pages,,Actif,2026-06-29T00:22:54.953658,haute
BJ-A6480A47,Tomate Nikki,Agriculture & Agroalimentaire,Nikki,+229 96 76 90 20,t.nikki@gmail.com,tomatenikki.bj,PME (10-50),B2C,Facebook Pages,,Actif,2026-06-29T00:22:54.953676,haute
BJ-98E8C6FA,Oignon Agro,Agriculture & Agroalimentaire,Nikki,+229 71 22 50 48,oignonagro@oignonagro.com.bj,,Grande (>200),B2C,Facebook Pages,,Actif,2026-06-29T00:22:54.953692,moyenne
BJ-ECF08566,Oignon,Agriculture & Agroalimentaire,Nikki,+229 79 44 87 94,,oignon.bj,Grande (>200),B2B,Facebook Pages,,Actif,2026-06-29T00:22:54.953703,moyenne
BJ-72EF9DD3,Exploitation Fruit Groupe,Agriculture & Agroalimentaire,Nikki,+229 25 28 47 95,exploitation_fruit@exploitationfru.bj,exploitationfruitgroupe.bj,TPE (<10),B2C,Facebook Pages,,Actif,2026-06-29T00:22:54.953719,haute
BJ-977BCB33,Exploitation Manioc,Agriculture & Agroalimentaire,Bembéréké,+229 94 33 74 36,,,TPE (<10),B2C,Facebook Pages,,Actif,2026-06-29T00:22:54.953738,basse
BJ-0EE198E1,Agro Groupe,Agriculture & Agroalimentaire,Bembéréké,+229 36 61 60 12,agro.groupe@yahoo.fr,agrogroupe.bj,PME (10-50),B2C,Facebook Pages,,Actif,2026-06-29T00:22:54.953753,haute
BJ-6E7DC093,Groupe Œuf,Agriculture & Agroalimentaire,Bembéréké,+229 44 23 24 18,,,TPE (<10),B2B,Facebook Pages,,Actif,2026-06-29T00:22:54.953773,basse
BJ-E36188FB,Anacarde,Agriculture & Agroalimentaire,Bembéréké,+229 88 18 62 63,,anacarde.bj,PME (50-200),B2C,Facebook Pages,,Actif,2026-06-29T00:22:54.953785,moyenne
BJ-A95BB488,Ets Pesticide,Agriculture & Agroalimentaire,Bembéréké,+229 47 72 50 32,ets.pesticide@gmail.com,etspesticide.bj,TPE (<10),B2B,Facebook Pages,,Actif,2026-06-29T00:22:54.953800,haute
BJ-44ADB1AD,Domaine Transformation,Agriculture & Agroalimentaire,Kalalé,+229 38 86 32 98,domainetransformation@gmail.com,domainetransformation.bj,PME (10-50),B2C,Facebook Pages,,Actif,2026-06-29T00:22:54.953839,haute
BJ-01AC015A,Ets Cire Bénin,Agriculture & Agroalimentaire,Kalalé,+229 75 72 15 50,etscire@gmail.com,,TPE (<10),B2B,Facebook Pages,,Actif,2026-06-29T00:22:54.953855,moyenne
BJ-D7E24802,Ets Ananas Farm,Agriculture & Agroalimentaire,Kalalé,+229 41 24 88 36,,etsananasfarm.bj,TPE (<10),B2C,Facebook Pages,,Actif,2026-06-29T00:22:54.953867,moyenne
BJ-808A73D8,Exploitation Karité Ets,Agriculture & Agroalimentaire,Kalalé,+229 41 93 28 41,,,PME (10-50),B2C,Facebook Pages,,Actif,2026-06-29T00:22:54.953882,basse
BJ-2E3703D6,Plantation Ndali,Agriculture & Agroalimentaire,Ndali,+229 21 28 12 96,plantation.ndali@plantationndali.org.bj,plantationndali.bj,TPE (<10),B2C,Facebook Pages,,Actif,2026-06-29T00:22:54.953918,haute
BJ-6E0CA470,Ferme Gombo Plantation,Agriculture & Agroalimentaire,Ndali,+229 90 32 70 32,f.gombo@fermegomboplant.com.bj,,TPE (<10),B2B,Facebook Pages,,Actif,2026-06-29T00:22:54.953935,moyenne
BJ-8E01FA9F,Exploitation Tomate Africa,Agriculture & Agroalimentaire,Ndali,+229 47 18 56 21,,exploitationtomateafrica.bj,PME (50-200),B2C,Facebook Pages,,Actif,2026-06-29T00:22:54.953950,moyenne
BJ-D5972C88,Domaine Ferme SARL,Agriculture & Agroalimentaire,Ndali,+229 71 55 57 74,domaineferme@domainefermesar.bj,domainefermesarl.bj,TPE (<10),B2B,Facebook Pages,,Actif,2026-06-29T00:22:54.953967,haute
BJ-4FB5B6C6,Pesticide Ndali,Agriculture & Agroalimentaire,Ndali,+229 36 79 89 88,p.ndali@pesticidendali.bj,pesticidendali.bj,PME (10-50),B2B,Facebook Pages,,Actif,2026-06-29T00:22:54.953983,haute
BJ-C641EB03,Plantation Ananas Ségbana,Agriculture & Agroalimentaire,Ségbana,+229 59 91 83 69,plantation.ananas@yahoo.com,plantationananasségbana.bj,TPE (<10),B2C,Facebook Pages,,Actif,2026-06-29T00:22:54.954008,haute
BJ-381A3B28,Domaine Anacarde Ségbana,Agriculture & Agroalimentaire,Ségbana,+229 62 95 70 69,domaine.anacarde@domaineanacarde.bj,,PME (50-200),B2C,Facebook Pages,,Actif,2026-06-29T00:22:54.954026,moyenne
BJ-56304857,Coopérative Céréale Ségbana,Agriculture & Agroalimentaire,Ségbana,+229 86 18 89 84,coopérativecéréale@hotmail.com,coopérativecéréaleségbana.bj,PME (50-200),B2B,Facebook Pages,,Actif,2026-06-29T00:22:54.954045,haute
BJ-B10B20E4,Groupe Cire Farm,Agriculture & Agroalimentaire,Ségbana,+229 72 64 25 42,g.cire@gmail.com,groupecirefarm.bj,PME (50-200),B2C,Facebook Pages,,Actif,2026-06-29T00:22:54.954060,haute
BJ-8A8ADAF3,Coton Plantation,Agriculture & Agroalimentaire,Ségbana,+229 39 89 65 53,coton.plantation@gmail.com,cotonplantation.bj,PME (10-50),B2B,Facebook Pages,,Actif,2026-06-29T00:22:54.954076,haute
BJ-47E15EE4,Ets Maïs Agro Tchaourou,Agriculture & Agroalimentaire,Tchaourou,+229 41 64 58 89,e.maïs@yahoo.com,etsmaïsagrotchaourou.bj,PME (10-50),B2C,Facebook Pages,,Actif,2026-06-29T00:22:54.954100,haute
BJ-E64434E4,Production Céréale,Agriculture & Agroalimentaire,Tchaourou,+229 72 43 20 79,productioncéréale@gmail.com,productioncéréale.bj,TPE (<10),B2C,Facebook Pages,,Actif,2026-06-29T00:22:54.954118,haute
BJ-56E091FC,Exploitation Pêche,Agriculture & Agroalimentaire,Tchaourou,+229 44 66 71 63,exploitation.pêche@hotmail.com,,PME (50-200),B2B,Facebook Pages,,Actif,2026-06-29T00:22:54.954140,moyenne
BJ-B9C3AEE5,Vétérinaire Agro Tchaourou,Agriculture & Agroalimentaire,Tchaourou,+229 72 86 70 83,,vétérinaireagrotchaourou.bj,PME (10-50),B2B,Facebook Pages,,Actif,2026-06-29T00:22:54.954153,moyenne
BJ-DD5A4976,Sorgho,Agriculture & Agroalimentaire,Tchaourou,+229 60 73 53 11,,sorgho.bj,TPE (<10),B2C,Facebook Pages,,Actif,2026-06-29T00:22:54.954169,moyenne
BJ-4DFD158B,Ail Bétérou,Agriculture & Agroalimentaire,Bétérou,+229 92 26 21 72,,,PME (10-50),B2B,Facebook Pages,,Actif,2026-06-29T00:22:54.954188,basse
BJ-29AC095D,Sorgho Bétérou,Agriculture & Agroalimentaire,Bétérou,+229 80 13 76 17,sorgho.bétérou@hotmail.com,sorghobétérou.bj,PME (10-50),B2C,Facebook Pages,,Actif,2026-06-29T00:22:54.954206,haute
BJ-8BA64302,Café Plantation,Agriculture & Agroalimentaire,Bétérou,+229 74 79 54 30,,,PME (10-50),B2C,Facebook Pages,,Actif,2026-06-29T00:22:54.954217,basse
BJ-30761D56,Plantation Lait Bétérou,Agriculture & Agroalimentaire,Bétérou,+229 66 57 63 13,plantation.lait@yahoo.com,plantationlaitbétérou.bj,PME (10-50),B2B,Facebook Pages,,Actif,2026-06-29T00:22:54.954234,haute
BJ-B2AB70D2,Pêche Agro Bétérou,Agriculture & Agroalimentaire,Bétérou,+229 78 87 48 82,pêche.agro@hotmail.com,pêcheagrobétérou.bj,Grande (>200),B2B,Facebook Pages,,Actif,2026-06-29T00:22:54.954251,haute
BJ-13538592,Plantation Taro Ouessè,Agriculture & Agroalimentaire,Ouessè,+229 62 44 83 15,plantation.taro@plantationtaroo.com.bj,plantationtaroouessè.bj,TPE (<10),B2C,Facebook Pages,,Actif,2026-06-29T00:22:54.954275,haute
BJ-9C993D7F,Cire Agro Ouessè,Agriculture & Agroalimentaire,Ouessè,+229 94 24 87 29,,,Grande (>200),B2C,Facebook Pages,,Actif,2026-06-29T00:22:54.954286,basse
BJ-B5EDDA85,Mouton Plantation Ouessè,Agriculture & Agroalimentaire,Ouessè,+229 69 45 86 97,mouton.plantation@yahoo.com,,PME (10-50),B2C,Facebook Pages,,Actif,2026-06-29T00:22:54.954305,moyenne
BJ-E1A90CBD,Plantation Maïs Production,Agriculture & Agroalimentaire,Ouessè,+229 79 88 17 91,plantation_maïs@yahoo.com,plantationmaïsproduction.bj,TPE (<10),B2C,Facebook Pages,,Actif,2026-06-29T00:22:54.954322,haute
BJ-6D4CCCDB,Agro Yaourt Farm,Agriculture & Agroalimentaire,Ouessè,+229 51 88 74 26,,agroyaourtfarm.bj,PME (50-200),B2B,Facebook Pages,,Actif,2026-06-29T00:22:54.954334,moyenne
BJ-AB92350A,Aquaculture,Agriculture & Agroalimentaire,Glazoué,+229 91 17 81 75,aquaculture@aquaculture.com.bj,,PME (10-50),B2C,Facebook Pages,,Actif,2026-06-29T00:22:54.954355,moyenne
BJ-A82ACD9A,Cire Plantation,Agriculture & Agroalimentaire,Glazoué,+229 49 42 34 38,,,TPE (<10),B2C,Facebook Pages,,Actif,2026-06-29T00:22:54.954378,basse
BJ-98D3DB07,Aquaculture Agro,Agriculture & Agroalimentaire,Glazoué,+229 23 32 37 33,aquaculture.agro@yahoo.fr,aquacultureagro.bj,PME (10-50),B2B,Facebook Pages,,Actif,2026-06-29T00:22:54.954394,haute
BJ-8F84F8CC,Piment,Agriculture & Agroalimentaire,Glazoué,+229 48 41 43 89,piment@piment.org.bj,,TPE (<10),B2C,Facebook Pages,,Actif,2026-06-29T00:22:54.954408,moyenne
BJ-79FA8381,Production Poulet Groupe Dassa-Zoumè,Agriculture & Agroalimentaire,Dassa-Zoumè,+229 38 75 83 39,productionpoulet@yahoo.fr,,TPE (<10),B2C,Facebook Pages,,Actif,2026-06-29T00:22:54.954431,moyenne
BJ-AD0179FF,Animale Dassa-Zoumè,Agriculture & Agroalimentaire,Dassa-Zoumè,+229 93 30 73 10,animaledassa@outlook.com,animaledassazoumè.bj,TPE (<10),B2B,Facebook Pages,,Actif,2026-06-29T00:22:54.954449,haute
BJ-2B5F3265,Coopérative Élevage Dassa-Zoumè,Agriculture & Agroalimentaire,Dassa-Zoumè,+229 74 66 34 25,coopérative_élevage@coopérativeélev.com.bj,coopérativeélevagedassazoumè.bj,TPE (<10),B2B,Facebook Pages,,Actif,2026-06-29T00:22:54.954471,haute
BJ-7E8BCD11,Domaine Fruit Farm,Agriculture & Agroalimentaire,Dassa-Zoumè,+229 88 79 98 69,,,PME (50-200),B2C,Facebook Pages,,Actif,2026-06-29T00:22:54.954487,basse
BJ-457F40E8,Domaine Lait Production Dassa-Zoumè,Agriculture & Agroalimentaire,Dassa-Zoumè,+229 26 37 15 93,domaine.lait@yahoo.com,,PME (10-50),B2C,Facebook Pages,,Actif,2026-06-29T00:22:54.954503,moyenne
BJ-4BE05CD9,Chèvre Coop,Agriculture & Agroalimentaire,Savalou,+229 41 75 16 62,,chèvrecoop.bj,PME (10-50),B2B,Facebook Pages,,Actif,2026-06-29T00:22:54.954523,moyenne
BJ-345A31A7,Exploitation Mangue Africa,Agriculture & Agroalimentaire,Savalou,+229 24 72 32 64,exploitation.mangue@exploitationman.org.bj,exploitationmangueafrica.bj,TPE (<10),B2B,Facebook Pages,,Actif,2026-06-29T00:22:54.954540,haute
BJ-A2EAD43A,Plantation Lait Farm,Agriculture & Agroalimentaire,Savalou,+229 28 46 12 15,plantation.lait@plantationlaitf.org.bj,plantationlaitfarm.bj,PME (50-200),B2B,Facebook Pages,,Actif,2026-06-29T00:22:54.954556,haute
BJ-9CC5C238,Millet Farm,Agriculture & Agroalimentaire,Savalou,+229 20 88 50 44,millet.farm@outlook.com,,TPE (<10),B2C,Facebook Pages,,Actif,2026-06-29T00:22:54.954571,moyenne
BJ-E256179B,Groupe Plantation SARL,Agriculture & Agroalimentaire,Bantè,+229 70 86 99 40,groupe.plantation@yahoo.fr,,PME (50-200),B2B,Facebook Pages,,Actif,2026-06-29T00:22:54.954609,moyenne
BJ-74FA5112,Pesticide,Agriculture & Agroalimentaire,Bantè,+229 76 59 51 48,pesticide@pesticide.com.bj,,TPE (<10),B2C,Facebook Pages,,Actif,2026-06-29T00:22:54.954623,moyenne
BJ-8FF9A0DE,Coopérative Transformation,Agriculture & Agroalimentaire,Bantè,+229 82 84 58 18,,coopérativetransformation.bj,TPE (<10),B2B,Facebook Pages,,Actif,2026-06-29T00:22:54.954651,moyenne
BJ-AB583642,Aubergine,Agriculture & Agroalimentaire,Bantè,+229 33 68 83 75,aubergine@gmail.com,,PME (50-200),B2C,Facebook Pages,,Actif,2026-06-29T00:22:54.954664,moyenne
BJ-54452094,Agro Africa Djougou,Agriculture & Agroalimentaire,Djougou,+229 41 61 91 26,agroafrica@agroafricadjoug.com.bj,agroafricadjougou.bj,PME (10-50),B2C,Facebook Pages,,Actif,2026-06-29T00:22:54.954687,haute
BJ-F858BFC6,Production Ananas Plantation Djougou,Agriculture & Agroalimentaire,Djougou,+229 80 12 73 10,,productionananasplantationdjougou.bj,PME (10-50),B2B,Facebook Pages,,Actif,2026-06-29T00:22:54.954700,moyenne
BJ-606C5327,Agro Bœuf Agro Djougou,Agriculture & Agroalimentaire,Djougou,+229 32 48 56 12,agro_bœuf@yahoo.fr,,PME (50-200),B2B,Facebook Pages,,Actif,2026-06-29T00:22:54.954719,moyenne
BJ-87688852,Agro Industrie Bénin,Agriculture & Agroalimentaire,Djougou,+229 50 32 50 11,agroindustrie@yahoo.fr,agroindustriebénin.bj,PME (50-200),B2B,Facebook Pages,,Actif,2026-06-29T00:22:54.954741,haute
BJ-AE818726,Exploitation Gombo Production,Agriculture & Agroalimentaire,Djougou,+229 49 18 98 74,,,TPE (<10),B2B,Facebook Pages,,Actif,2026-06-29T00:22:54.954754,basse
BJ-5A2552B1,Groupe Fromage,Agriculture & Agroalimentaire,Ouèssè,+229 64 82 43 43,groupefromage@groupefromage.bj,groupefromage.bj,TPE (<10),B2B,Facebook Pages,,Actif,2026-06-29T00:22:54.954778,haute
BJ-CA06D877,Agro Maïs Bénin Ouèssè,Agriculture & Agroalimentaire,Ouèssè,+229 24 17 67 83,a.maïs@agromaïsbéninou.org.bj,,TPE (<10),B2B,Facebook Pages,,Actif,2026-06-29T00:22:54.954796,moyenne
BJ-B583038C,Bœuf,Agriculture & Agroalimentaire,Ouèssè,+229 20 46 92 90,bœuf@gmail.com,bœuf.bj,TPE (<10),B2B,Facebook Pages,,Actif,2026-06-29T00:22:54.954815,haute
BJ-171DBDB7,Bétail Plantation Ouèssè,Agriculture & Agroalimentaire,Ouèssè,+229 47 66 92 22,bétail.plantation@bétailplantatio.com.bj,,TPE (<10),B2B,Facebook Pages,,Actif,2026-06-29T00:22:54.954833,moyenne
BJ-2A9766CA,Production Agro Plantation,Agriculture & Agroalimentaire,Ouèssè,+229 92 66 68 73,p.agro@gmail.com,,Grande (>200),B2C,Facebook Pages,,Actif,2026-06-29T00:22:54.954849,moyenne
BJ-F5AF4FC2,Domaine Alimentaire,Agriculture & Agroalimentaire,Bassila,+229 58 75 17 39,d.alimentaire@gmail.com,,PME (10-50),B2B,Facebook Pages,,Actif,2026-06-29T00:22:54.954884,moyenne
BJ-5043A308,Mangue Groupe,Agriculture & Agroalimentaire,Bassila,+229 82 46 90 84,,,Grande (>200),B2B,Facebook Pages,,Actif,2026-06-29T00:22:54.954909,basse
BJ-00D634FE,SARL Semence Bassila,Agriculture & Agroalimentaire,Bassila,+229 79 17 77 64,s.semence@hotmail.com,sarlsemencebassila.bj,TPE (<10),B2C,Facebook Pages,,Actif,2026-06-29T00:22:54.954925,haute
BJ-B97825E9,Patate Plantation,Agriculture & Agroalimentaire,Bassila,+229 27 76 46 67,patateplantation@patateplantatio.bj,patateplantation.bj,PME (10-50),B2C,Facebook Pages,,Actif,2026-06-29T00:22:54.954941,haute
BJ-B01C3E86,Groupe Cacao,Agriculture & Agroalimentaire,Bassila,+229 84 55 78 55,,groupecacao.bj,Grande (>200),B2C,Facebook Pages,,Actif,2026-06-29T00:22:54.954952,moyenne
BJ-92EEF440,Plantation Mouton,Agriculture & Agroalimentaire,Pehunco,+229 53 30 68 33,p.mouton@plantationmouto.com.bj,,PME (10-50),B2B,Facebook Pages,,Actif,2026-06-29T00:22:54.954974,moyenne
BJ-1E7F7577,Huile,Agriculture & Agroalimentaire,Pehunco,+229 31 66 39 36,huile@huile.bj,huile.bj,Grande (>200),B2C,Facebook Pages,,Actif,2026-06-29T00:22:54.954989,haute
BJ-19FE7945,Igname Pehunco,Agriculture & Agroalimentaire,Pehunco,+229 82 12 41 22,,ignamepehunco.bj,PME (10-50),B2B,Facebook Pages,,Actif,2026-06-29T00:22:54.955006,moyenne
BJ-D6852445,Coopérative Palme Groupe,Agriculture & Agroalimentaire,Pehunco,+229 30 55 25 24,c.palme@yahoo.fr,,TPE (<10),B2C,Facebook Pages,,Actif,2026-06-29T00:22:54.955023,moyenne
BJ-1597AC8C,Porc SARL Pehunco,Agriculture & Agroalimentaire,Pehunco,+229 74 41 30 52,porc.sarl@porcsarlpehunco.org.bj,porcsarlpehunco.bj,PME (10-50),B2B,Facebook Pages,,Actif,2026-06-29T00:22:54.955041,haute
BJ-7F0FA398,Agriculture Groupe,Agriculture & Agroalimentaire,Copargo,+229 46 40 83 31,,,PME (10-50),B2C,Facebook Pages,,Actif,2026-06-29T00:22:54.955059,basse
BJ-B5E190DD,Sorgho Groupe Copargo,Agriculture & Agroalimentaire,Copargo,+229 90 58 86 73,sorghogroupe@sorghogroupecop.bj,sorghogroupecopargo.bj,PME (10-50),B2B,Facebook Pages,,Actif,2026-06-29T00:22:54.955074,haute
BJ-AE1DA780,Chèvre,Agriculture & Agroalimentaire,Copargo,+229 55 28 26 52,chèvre@gmail.com,chèvre.bj,TPE (<10),B2C,Facebook Pages,,Actif,2026-06-29T00:22:54.955097,haute
BJ-0829752D,Mouton Groupe,Agriculture & Agroalimentaire,Copargo,+229 58 90 23 49,,,PME (10-50),B2C,Facebook Pages,,Actif,2026-06-29T00:22:54.955107,basse
BJ-4337D5D7,Exploitation Taro Bénin,Agriculture & Agroalimentaire,Copargo,+229 26 80 54 83,,exploitationtarobénin.bj,PME (10-50),B2C,Facebook Pages,,Actif,2026-06-29T00:22:54.955119,moyenne
BJ-8E6F025E,Formation Professionnel Training Cotonou,Éducation & Formation,Cotonou,+229 73 31 66 38,formationprofessionnel@hotmail.com,formationprofessionneltrainingcotonou.bj,PME (10-50),B2C,Facebook Pages,,Actif,2026-06-29T00:22:54.955147,haute
BJ-E591773F,École Art University,Éducation & Formation,Cotonou,+229 26 81 24 30,é.art@écoleartunivers.org.bj,écoleartuniversity.bj,TPE (<10),B2C,Facebook Pages,,Actif,2026-06-29T00:22:54.955169,haute
BJ-CB0A8EBB,École Développement Institute Cotonou,Éducation & Formation,Cotonou,+229 33 63 87 62,,écoledéveloppementinstitutecotonou.bj,PME (50-200),B2B,Facebook Pages,,Actif,2026-06-29T00:22:54.955185,moyenne
BJ-D4C2CA52,Académie Supérieur Institute,Éducation & Formation,Abomey-Calavi,+229 60 46 79 48,a.supérieur@hotmail.com,académiesupérieurinstitute.bj,TPE (<10),B2C,Facebook Pages,,Actif,2026-06-29T00:22:54.955240,haute
BJ-1B63E4F1,École Primaire Formation,Éducation & Formation,Abomey-Calavi,+229 76 80 70 41,écoleprimaire@outlook.com,écoleprimaireformation.bj,PME (10-50),B2C,Facebook Pages,,Actif,2026-06-29T00:22:54.955257,haute
BJ-E5043E77,Formation Diplôme University,Éducation & Formation,Abomey-Calavi,+229 74 41 59 22,formation.diplôme@formationdiplôm.org.bj,formationdiplômeuniversity.bj,PME (10-50),B2C,Facebook Pages,,Actif,2026-06-29T00:22:54.955275,haute
BJ-88955457,Cuisine,Éducation & Formation,Abomey-Calavi,+229 89 59 26 48,cuisine@cuisine.org.bj,cuisine.bj,TPE (<10),B2C,Facebook Pages,,Actif,2026-06-29T00:22:54.955288,haute
BJ-47DA8EF9,Marketing,Éducation & Formation,Abomey-Calavi,+229 40 83 89 52,,marketing.bj,PME (50-200),B2B,Facebook Pages,,Actif,2026-06-29T00:22:54.955300,moyenne
BJ-169A3A40,Danse École,Éducation & Formation,Porto-Novo,+229 77 63 27 84,danseécole@gmail.com,danseécole.bj,PME (10-50),B2C,Facebook Pages,,Actif,2026-06-29T00:22:54.955327,haute
BJ-0D96F970,Formation Diplôme,Éducation & Formation,Porto-Novo,+229 26 28 92 13,formation.diplôme@gmail.com,formationdiplôme.bj,PME (10-50),B2B,Facebook Pages,,Actif,2026-06-29T00:22:54.955347,haute
BJ-E8DF53B3,Formation Licence,Éducation & Formation,Porto-Novo,+229 87 86 92 76,formation_licence@formationlicenc.org.bj,formationlicence.bj,TPE (<10),B2B,Facebook Pages,,Actif,2026-06-29T00:22:54.955367,haute
BJ-608C6EF2,École Compétence Bénin,Éducation & Formation,Porto-Novo,+229 44 69 38 98,école.compétence@écolecompétence.bj,,Grande (>200),B2B,Facebook Pages,,Actif,2026-06-29T00:22:54.955385,moyenne
BJ-EC7947FE,Danse,Éducation & Formation,Porto-Novo,+229 95 77 48 67,danse@yahoo.com,danse.bj,Grande (>200),B2C,Facebook Pages,,Actif,2026-06-29T00:22:54.955399,haute
BJ-64268859,Enseignement Apprentissage,Éducation & Formation,Parakou,+229 47 33 72 65,enseignement.apprentissage@enseignementapp.org.bj,enseignementapprentissage.bj,TPE (<10),B2B,Facebook Pages,,Actif,2026-06-29T00:22:54.955422,haute
BJ-78D00697,Centre Comptabilité,Éducation & Formation,Parakou,+229 40 41 47 84,centre.comptabilité@centrecomptabil.bj,centrecomptabilité.bj,PME (10-50),B2C,Facebook Pages,,Actif,2026-06-29T00:22:54.955440,haute
BJ-BD6263B0,Lycée Éducation Parakou,Éducation & Formation,Parakou,+229 79 70 84 70,lycée.éducation@hotmail.com,lycéeéducationparakou.bj,PME (10-50),B2C,Facebook Pages,,Actif,2026-06-29T00:22:54.955459,haute
BJ-75A376C3,Diplôme University,Éducation & Formation,Parakou,+229 46 78 44 85,diplôme.university@diplômeuniversi.com.bj,diplômeuniversity.bj,PME (50-200),B2B,Facebook Pages,,Actif,2026-06-29T00:22:54.955476,haute
BJ-E9CE7230,Français Training,Éducation & Formation,Parakou,+229 69 32 27 70,,françaistraining.bj,TPE (<10),B2B,Facebook Pages,,Actif,2026-06-29T00:22:54.955487,moyenne
BJ-DB5D9A82,Art,Éducation & Formation,Bohicon,+229 34 81 32 56,art@gmail.com,,PME (10-50),B2B,Facebook Pages,,Actif,2026-06-29T00:22:54.955507,moyenne
BJ-6EE5396B,Pâtisserie Academy,Éducation & Formation,Bohicon,+229 74 65 16 55,pâtisserie.academy@gmail.com,pâtisserieacademy.bj,PME (50-200),B2B,Facebook Pages,,Actif,2026-06-29T00:22:54.955523,haute
BJ-50C40F63,Université Allemand,Éducation & Formation,Bohicon,+229 73 87 66 32,universitéallemand@hotmail.com,universitéallemand.bj,TPE (<10),B2C,Facebook Pages,,Actif,2026-06-29T00:22:54.955542,haute
BJ-8E1A59BB,Qualification School,Éducation & Formation,Bohicon,+229 53 22 92 42,qualificationschool@hotmail.com,qualificationschool.bj,PME (10-50),B2C,Facebook Pages,,Actif,2026-06-29T00:22:54.955558,haute
BJ-696255A4,Académie Finance,Éducation & Formation,Bohicon,+229 39 65 51 23,académie_finance@académiefinance.bj,académiefinance.bj,TPE (<10),B2B,Facebook Pages,,Actif,2026-06-29T00:22:54.955575,haute
BJ-D134D0AE,Danse Bénin Natitingou,Éducation & Formation,Natitingou,+229 98 68 20 20,d.bénin@dansebéninnatit.org.bj,,TPE (<10),B2C,Facebook Pages,,Actif,2026-06-29T00:22:54.955598,moyenne
BJ-502512C0,Métier School,Éducation & Formation,Natitingou,+229 41 31 18 81,métier.school@métierschool.com.bj,métierschool.bj,PME (50-200),B2B,Facebook Pages,,Actif,2026-06-29T00:22:54.955615,haute
BJ-B2C893EB,Formation Développement Lycée,Éducation & Formation,Natitingou,+229 58 24 14 65,formationdéveloppement@yahoo.com,,PME (10-50),B2B,Facebook Pages,,Actif,2026-06-29T00:22:54.955630,moyenne
BJ-4D257E57,École Formation Natitingou,Éducation & Formation,Natitingou,+229 86 36 79 38,,,PME (50-200),B2B,Facebook Pages,,Actif,2026-06-29T00:22:54.955644,basse
BJ-4B1D0EBC,Management University,Éducation & Formation,Lokossa,+229 77 29 70 83,management.university@yahoo.fr,,PME (10-50),B2B,Facebook Pages,,Actif,2026-06-29T00:22:54.955692,moyenne
BJ-901BF67E,Design Lokossa,Éducation & Formation,Lokossa,+229 59 36 58 88,designlokossa@designlokossa.org.bj,designlokossa.bj,PME (10-50),B2B,Facebook Pages,,Actif,2026-06-29T00:22:54.955711,haute
BJ-42E7AE9E,Apprentissage Lokossa,Éducation & Formation,Lokossa,+229 88 52 30 90,apprentissage.lokossa@apprentissagelo.com.bj,apprentissagelokossa.bj,PME (10-50),B2B,Facebook Pages,,Actif,2026-06-29T00:22:54.955728,haute
BJ-BB75BE9A,Comptabilité College Lokossa,Éducation & Formation,Lokossa,+229 89 37 40 20,comptabilitécollege@hotmail.com,comptabilitécollegelokossa.bj,TPE (<10),B2C,Facebook Pages,,Actif,2026-06-29T00:22:54.955744,haute
BJ-B4635EF6,Secondaire Training,Éducation & Formation,Ouidah,+229 81 59 32 27,,,TPE (<10),B2B,Facebook Pages,,Actif,2026-06-29T00:22:54.955762,basse
BJ-FF4C60F6,Apprentissage École,Éducation & Formation,Ouidah,+229 23 18 36 93,a.école@apprentissageéc.bj,,TPE (<10),B2C,Facebook Pages,,Actif,2026-06-29T00:22:54.955778,moyenne
BJ-5001A584,Institut Comptabilité,Éducation & Formation,Ouidah,+229 50 39 15 20,i.comptabilité@institutcomptab.com.bj,institutcomptabilité.bj,Grande (>200),B2B,Facebook Pages,,Actif,2026-06-29T00:22:54.955795,haute
BJ-837B9F00,Enseignement Droit Ouidah,Éducation & Formation,Ouidah,+229 63 21 93 38,enseignement.droit@enseignementdro.org.bj,enseignementdroitouidah.bj,PME (10-50),B2B,Facebook Pages,,Actif,2026-06-29T00:22:54.955811,haute
BJ-4BCCF9B7,École Licence,Éducation & Formation,Ouidah,+229 73 73 12 17,é.licence@écolelicence.com.bj,écolelicence.bj,TPE (<10),B2C,Facebook Pages,,Actif,2026-06-29T00:22:54.955828,haute
BJ-BE61110F,École Privé Training,Éducation & Formation,Savalou,+229 53 11 24 37,école.privé@écoleprivétrain.bj,,TPE (<10),B2B,Facebook Pages,,Actif,2026-06-29T00:22:54.955851,moyenne
BJ-4A653A92,RH,Éducation & Formation,Savalou,+229 50 30 68 66,rh@gmail.com,rh.bj,PME (50-200),B2B,Facebook Pages,,Actif,2026-06-29T00:22:54.955868,haute
BJ-56C136BB,Cours National,Éducation & Formation,Savalou,+229 67 99 21 91,,coursnational.bj,TPE (<10),B2C,Facebook Pages,,Actif,2026-06-29T00:22:54.955884,moyenne
BJ-7CC572A8,Communication College,Éducation & Formation,Savalou,+229 89 90 13 63,communicationcollege@communicationco.org.bj,communicationcollege.bj,PME (50-200),B2C,Facebook Pages,,Actif,2026-06-29T00:22:54.955913,haute
BJ-49291C06,Centre Diplôme Training,Éducation & Formation,Savalou,+229 21 91 69 96,c.diplôme@yahoo.fr,,PME (50-200),B2C,Facebook Pages,,Actif,2026-06-29T00:22:54.955930,moyenne
BJ-6A18C194,Diplôme University Dassa-Zoumè,Éducation & Formation,Dassa-Zoumè,+229 61 97 34 94,,diplômeuniversitydassazoumè.bj,Grande (>200),B2C,Facebook Pages,,Actif,2026-06-29T00:22:54.955954,moyenne
BJ-FA66EAB0,Enseignement Professionnel International,Éducation & Formation,Dassa-Zoumè,+229 53 40 13 10,enseignement.professionnel@enseignementpro.com.bj,enseignementprofessionnelinternational.bj,TPE (<10),B2C,Facebook Pages,,Actif,2026-06-29T00:22:54.955984,haute
BJ-87B894EA,Formation MBA,Éducation & Formation,Dassa-Zoumè,+229 52 87 40 39,formationmba@yahoo.com,,Grande (>200),B2C,Facebook Pages,,Actif,2026-06-29T00:22:54.955999,moyenne
BJ-7A268645,Compétence,Éducation & Formation,Dassa-Zoumè,+229 41 56 26 90,compétence@yahoo.fr,compétence.bj,PME (50-200),B2B,Facebook Pages,,Actif,2026-06-29T00:22:54.956012,haute
BJ-CF96EE27,Catholique,Éducation & Formation,Kétou,+229 86 19 87 48,catholique@yahoo.com,catholique.bj,TPE (<10),B2B,Facebook Pages,,Actif,2026-06-29T00:22:54.956032,haute
BJ-FF6EB4C0,Institut Allemand Lycée Kétou,Éducation & Formation,Kétou,+229 70 41 48 73,institut.allemand@institutalleman.org.bj,institutallemandlycéekétou.bj,TPE (<10),B2B,Facebook Pages,,Actif,2026-06-29T00:22:54.956050,haute
BJ-9D744601,Médecine,Éducation & Formation,Kétou,+229 62 26 99 50,médecine@médecine.com.bj,médecine.bj,PME (50-200),B2C,Facebook Pages,,Actif,2026-06-29T00:22:54.956067,haute
BJ-0A5EF057,Technique College,Éducation & Formation,Kétou,+229 31 88 15 87,,techniquecollege.bj,Grande (>200),B2C,Facebook Pages,,Actif,2026-06-29T00:22:54.956079,moyenne
BJ-92CC37BE,Chinois,Éducation & Formation,Kétou,+229 56 72 80 57,chinois@chinois.com.bj,chinois.bj,TPE (<10),B2B,Facebook Pages,,Actif,2026-06-29T00:22:54.956093,haute
BJ-93032B71,École Éducation,Éducation & Formation,Covè,+229 70 50 84 53,é.éducation@yahoo.fr,écoleéducation.bj,TPE (<10),B2B,Facebook Pages,,Actif,2026-06-29T00:22:54.956116,haute
BJ-D40D3349,École Catholique University,Éducation & Formation,Covè,+229 72 56 63 84,école.catholique@yahoo.com,écolecatholiqueuniversity.bj,TPE (<10),B2C,Facebook Pages,,Actif,2026-06-29T00:22:54.956133,haute
BJ-B50545FA,Cours Art,Éducation & Formation,Covè,+229 54 72 99 15,cours.art@coursart.com.bj,,PME (50-200),B2C,Facebook Pages,,Actif,2026-06-29T00:22:54.956149,moyenne
BJ-BCDD5E52,École Doctorat Covè,Éducation & Formation,Covè,+229 70 70 72 47,école.doctorat@yahoo.fr,écoledoctoratcovè.bj,Grande (>200),B2C,Facebook Pages,,Actif,2026-06-29T00:22:54.956165,haute
BJ-5E70EFB5,École Allemand,Éducation & Formation,Covè,+229 39 77 35 30,écoleallemand@yahoo.fr,écoleallemand.bj,PME (10-50),B2C,Facebook Pages,,Actif,2026-06-29T00:22:54.956180,haute
BJ-DDEE5448,Cours Professionnel École,Éducation & Formation,Pobè,+229 98 24 31 72,,coursprofessionnelécole.bj,TPE (<10),B2C,Facebook Pages,,Actif,2026-06-29T00:22:54.956199,moyenne
BJ-0F90E9C9,Université National Formation Pobè,Éducation & Formation,Pobè,+229 64 73 88 61,,universiténationalformationpobè.bj,PME (10-50),B2B,Facebook Pages,,Actif,2026-06-29T00:22:54.956215,moyenne
BJ-7EDA7A58,Public School,Éducation & Formation,Pobè,+229 78 19 63 25,public.school@publicschool.org.bj,publicschool.bj,TPE (<10),B2B,Facebook Pages,,Actif,2026-06-29T00:22:54.956249,haute
BJ-999D6AA0,Académie Développement,Éducation & Formation,Pobè,+229 20 12 85 66,académie.développement@académiedévelop.bj,,PME (50-200),B2C,Facebook Pages,,Actif,2026-06-29T00:22:54.956265,moyenne
BJ-97DCAF79,École Ingénierie Institute,Éducation & Formation,Sakété,+229 32 77 83 58,é.ingénierie@écoleingénierie.bj,,TPE (<10),B2C,Facebook Pages,,Actif,2026-06-29T00:22:54.956303,moyenne
BJ-643E2D4A,Formation Qualification Academy,Éducation & Formation,Sakété,+229 25 65 50 96,formationqualification@gmail.com,,PME (50-200),B2C,Facebook Pages,,Actif,2026-06-29T00:22:54.956322,moyenne
BJ-864310B5,Collège Public School,Éducation & Formation,Sakété,+229 44 34 95 32,c.public@yahoo.fr,,PME (50-200),B2C,Facebook Pages,,Actif,2026-06-29T00:22:54.956337,moyenne
BJ-4B7F6F2B,Collège Apprentissage,Éducation & Formation,Sakété,+229 93 16 71 12,collège.apprentissage@gmail.com,collègeapprentissage.bj,PME (50-200),B2C,Facebook Pages,,Actif,2026-06-29T00:22:54.956352,haute
BJ-BD12B423,Formation RH,Éducation & Formation,Adjara,+229 79 64 52 49,formation@hotmail.com,formationrh.bj,PME (10-50),B2B,Facebook Pages,,Actif,2026-06-29T00:22:54.956373,haute
BJ-96D6023E,Académie Doctorat Institute,Éducation & Formation,Adjara,+229 38 94 18 22,a.doctorat@gmail.com,académiedoctoratinstitute.bj,TPE (<10),B2C,Facebook Pages,,Actif,2026-06-29T00:22:54.956389,haute
BJ-1E3CA419,Allemand Lycée,Éducation & Formation,Adjara,+229 81 22 31 64,allemand.lycée@hotmail.com,allemandlycée.bj,PME (50-200),B2C,Facebook Pages,,Actif,2026-06-29T00:22:54.956408,haute
BJ-88836295,Université International,Éducation & Formation,Adjara,+229 91 39 19 72,u.international@universitéinter.com.bj,,Grande (>200),B2C,Facebook Pages,,Actif,2026-06-29T00:22:54.956425,moyenne
BJ-BED0307E,Collège Excellence Lycée,Éducation & Formation,Adjara,+229 82 27 65 50,collègeexcellence@yahoo.com,,PME (10-50),B2C,Facebook Pages,,Actif,2026-06-29T00:22:54.956440,moyenne
BJ-9C4BF07C,Formation Secondaire,Éducation & Formation,Allada,+229 38 12 82 49,f.secondaire@formationsecond.org.bj,formationsecondaire.bj,PME (50-200),B2B,Facebook Pages,,Actif,2026-06-29T00:22:54.956486,haute
BJ-0D193BAD,Cours Français,Éducation & Formation,Allada,+229 56 91 33 87,cours_français@outlook.com,coursfrançais.bj,Grande (>200),B2B,Facebook Pages,,Actif,2026-06-29T00:22:54.956530,haute
BJ-0D21BBEF,Lycée Privé College,Éducation & Formation,Allada,+229 80 71 40 40,,lycéeprivécollege.bj,TPE (<10),B2B,Facebook Pages,,Actif,2026-06-29T00:22:54.956560,moyenne
BJ-CACAE030,Lycée Cuisine Allada,Éducation & Formation,Allada,+229 96 91 76 62,l.cuisine@gmail.com,lycéecuisineallada.bj,PME (10-50),B2B,Facebook Pages,,Actif,2026-06-29T00:22:54.956599,haute
BJ-CF24302E,Connaissance Allada,Éducation & Formation,Allada,+229 85 13 83 65,,connaissanceallada.bj,Grande (>200),B2B,Facebook Pages,,Actif,2026-06-29T00:22:54.956614,moyenne
BJ-5AD9BFBC,Business International,Éducation & Formation,Aplahoué,+229 30 67 62 78,b.international@gmail.com,businessinternational.bj,PME (10-50),B2B,Facebook Pages,,Actif,2026-06-29T00:22:54.956640,haute
BJ-8F36DF39,Lycée Communication,Éducation & Formation,Aplahoué,+229 76 99 84 92,l.communication@lycéecommunicat.bj,lycéecommunication.bj,TPE (<10),B2B,Facebook Pages,,Actif,2026-06-29T00:22:54.956675,haute
BJ-0F545503,Master École Aplahoué,Éducation & Formation,Aplahoué,+229 86 65 96 52,master.école@masterécoleapla.com.bj,masterécoleaplahoué.bj,TPE (<10),B2C,Facebook Pages,,Actif,2026-06-29T00:22:54.956693,haute
BJ-EBA8EED6,Cuisine Academy,Éducation & Formation,Aplahoué,+229 49 83 54 12,,cuisineacademy.bj,TPE (<10),B2C,Facebook Pages,,Actif,2026-06-29T00:22:54.956706,moyenne
BJ-DF788475,Collège Langue Academy,Éducation & Formation,Dogbo-Tota,+229 73 38 28 59,collège.langue@gmail.com,,PME (50-200),B2B,Facebook Pages,,Actif,2026-06-29T00:22:54.956729,moyenne
BJ-B6BCD936,Master School,Éducation & Formation,Dogbo-Tota,+229 75 48 40 16,master_school@masterschool.org.bj,masterschool.bj,Grande (>200),B2B,Facebook Pages,,Actif,2026-06-29T00:22:54.956746,haute
BJ-85ACAE84,Académie Arabe,Éducation & Formation,Dogbo-Tota,+229 48 54 94 47,académie.arabe@académiearabe.bj,académiearabe.bj,PME (10-50),B2C,Facebook Pages,,Actif,2026-06-29T00:22:54.956764,haute
BJ-1B23DD53,MBA,Éducation & Formation,Dogbo-Tota,+229 46 77 23 44,mba@mba.bj,mba.bj,PME (50-200),B2C,Facebook Pages,,Actif,2026-06-29T00:22:54.956778,haute
BJ-8D5F9A93,Collège Technique Lycée Kpomassè,Éducation & Formation,Kpomassè,+229 63 27 51 44,collège.technique@gmail.com,collègetechniquelycéekpomassè.bj,TPE (<10),B2B,Facebook Pages,,Actif,2026-06-29T00:22:54.956821,haute
BJ-F334FCF3,Professionnel Lycée,Éducation & Formation,Kpomassè,+229 98 25 82 18,p.lycée@professionnelly.bj,professionnellycée.bj,TPE (<10),B2C,Facebook Pages,,Actif,2026-06-29T00:22:54.956839,haute
BJ-98E653AB,Centre Technique University,Éducation & Formation,Kpomassè,+229 52 76 30 41,c.technique@outlook.com,centretechniqueuniversity.bj,TPE (<10),B2C,Facebook Pages,,Actif,2026-06-29T00:22:54.956860,haute
BJ-69505718,Université Privé École,Éducation & Formation,Kpomassè,+229 49 21 80 52,universitéprivé@yahoo.com,universitéprivéécole.bj,TPE (<10),B2C,Facebook Pages,,Actif,2026-06-29T00:22:54.956877,haute
BJ-7A82DBE8,École Catholique Kpomassè,Éducation & Formation,Kpomassè,+229 51 89 21 54,école.catholique@écolecatholique.bj,écolecatholiquekpomassè.bj,PME (10-50),B2C,Facebook Pages,,Actif,2026-06-29T00:22:54.956909,haute
BJ-F9243C36,Cuisine,Éducation & Formation,Tori-Bossito,+229 52 14 38 49,cuisine@hotmail.com,cuisine.bj,PME (10-50),B2B,Facebook Pages,,Actif,2026-06-29T00:22:54.956932,haute
BJ-6831E877,Académie Anglais,Éducation & Formation,Tori-Bossito,+229 58 58 39 45,académieanglais@hotmail.com,académieanglais.bj,PME (50-200),B2B,Facebook Pages,,Actif,2026-06-29T00:22:54.956949,haute
BJ-4DBF3886,Primaire Tori-Bossito,Éducation & Formation,Tori-Bossito,+229 35 14 21 56,,primairetoribossito.bj,TPE (<10),B2B,Facebook Pages,,Actif,2026-06-29T00:22:54.956962,moyenne
BJ-9F712344,Diplôme,Éducation & Formation,Tori-Bossito,+229 96 96 12 86,,diplôme.bj,TPE (<10),B2C,Facebook Pages,,Actif,2026-06-29T00:22:54.956974,moyenne
BJ-4ED6C8E4,Académie Comptabilité,Éducation & Formation,Tori-Bossito,+229 93 17 59 52,,académiecomptabilité.bj,PME (10-50),B2B,Facebook Pages,,Actif,2026-06-29T00:22:54.956986,moyenne
BJ-CAE9B57C,Danse,Éducation & Formation,Grand-Popo,+229 29 61 66 89,danse@danse.com.bj,danse.bj,PME (50-200),B2C,Facebook Pages,,Actif,2026-06-29T00:22:54.957006,haute
BJ-2CBB3270,Cours Art Bénin,Éducation & Formation,Grand-Popo,+229 25 17 93 21,cours.art@coursartbénin.bj,coursartbénin.bj,TPE (<10),B2B,Facebook Pages,,Actif,2026-06-29T00:22:54.957023,haute
BJ-1347EC59,Enseignement Apprentissage,Éducation & Formation,Grand-Popo,+229 31 40 55 69,enseignement_apprentissage@enseignementapp.org.bj,enseignementapprentissage.bj,TPE (<10),B2C,Facebook Pages,,Actif,2026-06-29T00:22:54.957058,haute
BJ-CBEA859D,Centre Informatique International,Éducation & Formation,Grand-Popo,+229 97 63 91 42,centreinformatique@gmail.com,centreinformatiqueinternational.bj,TPE (<10),B2C,Facebook Pages,,Actif,2026-06-29T00:22:54.957074,haute
BJ-B7F96E7B,Institut Technique School,Éducation & Formation,Athiémé,+229 85 97 10 96,institut.technique@instituttechniq.bj,instituttechniqueschool.bj,PME (10-50),B2C,Facebook Pages,,Actif,2026-06-29T00:22:54.957096,haute
BJ-5EFB3B7D,Institut Pâtisserie,Éducation & Formation,Athiémé,+229 34 74 58 54,institutpâtisserie@hotmail.com,institutpâtisserie.bj,PME (50-200),B2B,Facebook Pages,,Actif,2026-06-29T00:22:54.957116,haute
BJ-CB669D52,Université Technique Academy,Éducation & Formation,Athiémé,+229 63 23 32 51,,universitétechniqueacademy.bj,PME (10-50),B2C,Facebook Pages,,Actif,2026-06-29T00:22:54.957130,moyenne
BJ-D2CBCD63,Formation Savoir École,Éducation & Formation,Athiémé,+229 30 83 99 10,f.savoir@yahoo.fr,formationsavoirécole.bj,PME (10-50),B2C,Facebook Pages,,Actif,2026-06-29T00:22:54.957146,haute
BJ-C6EDE600,Institut Communication Institute Athiémé,Éducation & Formation,Athiémé,+229 62 30 66 92,,institutcommunicationinstituteathiémé.bj,TPE (<10),B2C,Facebook Pages,,Actif,2026-06-29T00:22:54.957162,moyenne
BJ-106633F3,École Sport,Éducation & Formation,Bopa,+229 30 78 65 97,école.sport@outlook.com,écolesport.bj,Grande (>200),B2C,Facebook Pages,,Actif,2026-06-29T00:22:54.957192,haute
BJ-1E6E5BB7,National École,Éducation & Formation,Bopa,+229 58 52 96 71,nationalécole@outlook.com,nationalécole.bj,TPE (<10),B2C,Facebook Pages,,Actif,2026-06-29T00:22:54.957209,haute
BJ-6AAF7EAB,Droit,Éducation & Formation,Bopa,+229 70 37 36 68,droit@droit.org.bj,,TPE (<10),B2C,Facebook Pages,,Actif,2026-06-29T00:22:54.957226,moyenne
BJ-D2E7891D,Centre Design,Éducation & Formation,Bopa,+229 61 89 59 85,centre.design@gmail.com,,PME (50-200),B2B,Facebook Pages,,Actif,2026-06-29T00:22:54.957241,moyenne
BJ-68336315,Anglais Training Bopa,Éducation & Formation,Bopa,+229 25 40 69 11,anglaistraining@hotmail.com,anglaistrainingbopa.bj,TPE (<10),B2C,Facebook Pages,,Actif,2026-06-29T00:22:54.957256,haute
BJ-0179AAC1,Formation International School,Éducation & Formation,Houéyogbé,+229 43 60 95 81,,formationinternationalschool.bj,TPE (<10),B2C,Facebook Pages,,Actif,2026-06-29T00:22:54.957275,moyenne
BJ-569C052D,Cours Art Bénin,Éducation & Formation,Houéyogbé,+229 47 52 12 46,cours.art@coursartbénin.com.bj,coursartbénin.bj,TPE (<10),B2B,Facebook Pages,,Actif,2026-06-29T00:22:54.957292,haute
BJ-1E36A86D,Centre Architecture College,Éducation & Formation,Houéyogbé,+229 40 18 19 22,centrearchitecture@centrearchitect.bj,centrearchitecturecollege.bj,PME (50-200),B2C,Facebook Pages,,Actif,2026-06-29T00:22:54.957309,haute
BJ-E4D016CE,Sport Institute,Éducation & Formation,Houéyogbé,+229 40 21 30 37,s.institute@yahoo.fr,sportinstitute.bj,PME (10-50),B2C,Facebook Pages,,Actif,2026-06-29T00:22:54.957336,haute
BJ-88D25BEC,Public School,Éducation & Formation,Malanville,+229 40 72 74 88,publicschool@yahoo.com,publicschool.bj,PME (10-50),B2C,Facebook Pages,,Actif,2026-06-29T00:22:54.957357,haute
BJ-4D0CA20B,École Chinois School,Éducation & Formation,Malanville,+229 28 36 55 47,,écolechinoisschool.bj,PME (10-50),B2B,Facebook Pages,,Actif,2026-06-29T00:22:54.957369,moyenne
BJ-B9C216D2,École Savoir Institute,Éducation & Formation,Malanville,+229 94 19 10 84,é.savoir@écolesavoirinst.bj,écolesavoirinstitute.bj,Grande (>200),B2C,Facebook Pages,,Actif,2026-06-29T00:22:54.957393,haute
BJ-A2BBA7B4,Chinois Lycée,Éducation & Formation,Malanville,+229 51 77 15 72,chinoislycée@outlook.com,chinoislycée.bj,PME (50-200),B2B,Facebook Pages,,Actif,2026-06-29T00:22:54.957410,haute
BJ-63072466,Comptabilité,Éducation & Formation,Malanville,+229 63 12 43 46,comptabilité@outlook.com,,PME (10-50),B2B,Facebook Pages,,Actif,2026-06-29T00:22:54.957423,moyenne
BJ-C8BB1E16,Enseignement Anglais Kandi,Éducation & Formation,Kandi,+229 22 67 39 11,e.anglais@outlook.com,enseignementanglaiskandi.bj,PME (10-50),B2C,Facebook Pages,,Actif,2026-06-29T00:22:54.957445,haute
BJ-B933D8D9,Académie MBA,Éducation & Formation,Kandi,+229 31 74 55 79,a.mba@yahoo.fr,académiemba.bj,PME (10-50),B2B,Facebook Pages,,Actif,2026-06-29T00:22:54.957461,haute
BJ-8F270A72,Marketing School,Éducation & Formation,Kandi,+229 60 59 64 38,marketing_school@marketingschool.bj,,TPE (<10),B2C,Facebook Pages,,Actif,2026-06-29T00:22:54.957480,moyenne
BJ-A258327A,École Licence Lycée,Éducation & Formation,Kandi,+229 40 23 80 92,écolelicence@gmail.com,écolelicencelycée.bj,PME (10-50),B2B,Facebook Pages,,Actif,2026-06-29T00:22:54.957497,haute
BJ-0231DCE5,Centre Compétence Academy,Éducation & Formation,Kandi,+229 70 84 15 60,centre.compétence@centrecompétenc.com.bj,,TPE (<10),B2B,Facebook Pages,,Actif,2026-06-29T00:22:54.957516,moyenne
BJ-E320A3F8,École MBA,Éducation & Formation,Banikoara,+229 74 20 88 79,é.mba@yahoo.fr,écolemba.bj,Grande (>200),B2C,Facebook Pages,,Actif,2026-06-29T00:22:54.957539,haute
BJ-7EBD9474,Formation Master Bénin,Éducation & Formation,Banikoara,+229 84 65 85 30,formationmaster@gmail.com,formationmasterbénin.bj,PME (10-50),B2C,Facebook Pages,,Actif,2026-06-29T00:22:54.957556,haute
BJ-237BD1CB,Management,Éducation & Formation,Banikoara,+229 36 60 73 16,management@gmail.com,management.bj,PME (10-50),B2B,Facebook Pages,,Actif,2026-06-29T00:22:54.957572,haute
BJ-7DB004E5,Institut Arabe University Banikoara,Éducation & Formation,Banikoara,+229 72 94 23 72,,institutarabeuniversitybanikoara.bj,PME (10-50),B2C,Facebook Pages,,Actif,2026-06-29T00:22:54.957584,moyenne
BJ-61154C40,Certification Lycée,Éducation & Formation,Banikoara,+229 38 95 31 33,certification.lycée@gmail.com,,TPE (<10),B2B,Facebook Pages,,Actif,2026-06-29T00:22:54.957599,moyenne
BJ-A2D4E06C,Primaire École Ségbana,Éducation & Formation,Ségbana,+229 98 14 84 21,,primaireécoleségbana.bj,PME (10-50),B2B,Facebook Pages,,Actif,2026-06-29T00:22:54.957632,moyenne
BJ-78822EA2,Enseignement Protestant Institute Ségbana,Éducation & Formation,Ségbana,+229 79 42 29 82,enseignementprotestant@yahoo.com,enseignementprotestantinstituteségbana.bj,PME (50-200),B2C,Facebook Pages,,Actif,2026-06-29T00:22:54.957649,haute
BJ-AA59655C,Université Médecine Institute,Éducation & Formation,Ségbana,+229 70 51 39 55,université_médecine@yahoo.com,universitémédecineinstitute.bj,PME (50-200),B2B,Facebook Pages,,Actif,2026-06-29T00:22:54.957666,haute
BJ-F6018345,Lycée Privé University,Éducation & Formation,Ségbana,+229 89 91 33 14,lycée_privé@lycéeprivéunive.org.bj,lycéeprivéuniversity.bj,TPE (<10),B2B,Facebook Pages,,Actif,2026-06-29T00:22:54.957682,haute
BJ-FC6AB910,Anglais,Éducation & Formation,Karimama,+229 51 76 83 42,anglais@yahoo.com,anglais.bj,PME (50-200),B2C,Facebook Pages,,Actif,2026-06-29T00:22:54.957702,haute
BJ-8B93C5C5,Formation Danse,Éducation & Formation,Karimama,+229 95 93 35 68,formation_danse@yahoo.com,formationdanse.bj,TPE (<10),B2B,Facebook Pages,,Actif,2026-06-29T00:22:54.957717,haute
BJ-F7AD5A5B,Licence Lycée,Éducation & Formation,Karimama,+229 43 26 92 76,licencelycée@gmail.com,,TPE (<10),B2C,Facebook Pages,,Actif,2026-06-29T00:22:54.957736,moyenne
BJ-BEFB6FBB,Privé,Éducation & Formation,Karimama,+229 59 75 47 88,privé@privé.bj,privé.bj,TPE (<10),B2B,Facebook Pages,,Actif,2026-06-29T00:22:54.957753,haute
BJ-4E0FEF9B,Chinois,Éducation & Formation,Karimama,+229 97 40 40 56,chinois@chinois.bj,chinois.bj,TPE (<10),B2C,Facebook Pages,,Actif,2026-06-29T00:22:54.957766,haute
BJ-976B2C66,RH Academy,Éducation & Formation,Gogounou,+229 52 38 83 47,academy@hotmail.com,,PME (50-200),B2C,Facebook Pages,,Actif,2026-06-29T00:22:54.957799,moyenne
BJ-A6D55FC8,Doctorat,Éducation & Formation,Gogounou,+229 26 21 47 51,doctorat@hotmail.com,doctorat.bj,PME (10-50),B2B,Facebook Pages,,Actif,2026-06-29T00:22:54.957811,haute
BJ-30C0C616,Excellence École Gogounou,Éducation & Formation,Gogounou,+229 27 31 89 88,excellenceécole@gmail.com,excellenceécolegogounou.bj,PME (50-200),B2B,Facebook Pages,,Actif,2026-06-29T00:22:54.957827,haute
BJ-3E5260FE,Anglais,Éducation & Formation,Gogounou,+229 76 88 61 43,anglais@anglais.com.bj,anglais.bj,TPE (<10),B2C,Facebook Pages,,Actif,2026-06-29T00:22:54.957841,haute
BJ-FD6C472A,Institut Apprentissage Training,Éducation & Formation,Cobly,+229 63 13 20 68,institutapprentissage@institutapprent.org.bj,,PME (50-200),B2B,Facebook Pages,,Actif,2026-06-29T00:22:54.957862,moyenne
BJ-221AB88D,Protestant,Éducation & Formation,Cobly,+229 91 26 22 13,protestant@yahoo.com,protestant.bj,PME (10-50),B2C,Facebook Pages,,Actif,2026-06-29T00:22:54.957875,haute
BJ-412F4E48,Enseignement Anglais Cobly,Éducation & Formation,Cobly,+229 72 94 24 61,enseignementanglais@yahoo.com,enseignementanglaiscobly.bj,PME (50-200),B2C,Facebook Pages,,Actif,2026-06-29T00:22:54.957903,haute
BJ-480802FC,Académie Diplôme,Éducation & Formation,Cobly,+229 49 89 50 29,,,Grande (>200),B2B,Facebook Pages,,Actif,2026-06-29T00:22:54.957917,basse
BJ-74C2FEAA,Centre Management,Éducation & Formation,Cobly,+229 38 27 81 83,c.management@yahoo.fr,,Grande (>200),B2B,Facebook Pages,,Actif,2026-06-29T00:22:54.957932,moyenne
BJ-084F1AA0,Cours RH,Éducation & Formation,Tanguiéta,+229 30 59 66 24,cours@coursrh.com.bj,coursrh.bj,PME (50-200),B2C,Facebook Pages,,Actif,2026-06-29T00:22:54.957953,haute
BJ-85E2AE2F,École Design Formation Tanguiéta,Éducation & Formation,Tanguiéta,+229 55 88 65 11,école.design@hotmail.com,écoledesignformationtanguiéta.bj,PME (50-200),B2C,Facebook Pages,,Actif,2026-06-29T00:22:54.957975,haute
BJ-606CC502,Certification,Éducation & Formation,Tanguiéta,+229 28 73 97 71,certification@certification.com.bj,certification.bj,TPE (<10),B2C,Facebook Pages,,Actif,2026-06-29T00:22:54.957997,haute
BJ-967E9677,Technique Training,Éducation & Formation,Tanguiéta,+229 61 40 50 32,techniquetraining@techniquetraini.org.bj,techniquetraining.bj,TPE (<10),B2B,Facebook Pages,,Actif,2026-06-29T00:22:54.958033,haute
BJ-D17C3473,Master Institute,Éducation & Formation,Tanguiéta,+229 91 16 57 46,master.institute@masterinstitute.org.bj,masterinstitute.bj,TPE (<10),B2C,Facebook Pages,,Actif,2026-06-29T00:22:54.958059,haute
BJ-005A278F,Espagnol,Éducation & Formation,Matéri,+229 28 78 45 93,,espagnol.bj,PME (50-200),B2B,Facebook Pages,,Actif,2026-06-29T00:22:54.958080,moyenne
BJ-1573AB8C,École Chinois Institute Matéri,Éducation & Formation,Matéri,+229 78 78 54 75,écolechinois@écolechinoisins.com.bj,,TPE (<10),B2C,Facebook Pages,,Actif,2026-06-29T00:22:54.958125,moyenne
BJ-3993FA4E,Centre Droit,Éducation & Formation,Matéri,+229 50 14 63 76,,centredroit.bj,TPE (<10),B2C,Facebook Pages,,Actif,2026-06-29T00:22:54.958148,moyenne
BJ-88C5B12B,Académie Musique University,Éducation & Formation,Matéri,+229 54 86 33 72,a.musique@académiemusique.com.bj,académiemusiqueuniversity.bj,PME (10-50),B2B,Facebook Pages,,Actif,2026-06-29T00:22:54.958177,haute
BJ-6A1EB227,Enseignement Master,Éducation & Formation,Natitingou,+229 66 85 77 53,enseignement.master@hotmail.com,enseignementmaster.bj,TPE (<10),B2C,Facebook Pages,,Actif,2026-06-29T00:22:54.958227,haute
BJ-DAB71627,Connaissance Bénin,Éducation & Formation,Natitingou,+229 91 25 93 22,connaissance.bénin@yahoo.com,connaissancebénin.bj,PME (50-200),B2B,Facebook Pages,,Actif,2026-06-29T00:22:54.958260,haute
BJ-7136A6C2,Management École,Éducation & Formation,Natitingou,+229 97 35 22 71,management.école@yahoo.com,,Grande (>200),B2C,Facebook Pages,,Actif,2026-06-29T00:22:54.958322,moyenne
BJ-90FA57CD,Sport,Éducation & Formation,Natitingou,+229 96 34 50 36,sport@yahoo.fr,sport.bj,TPE (<10),B2C,Facebook Pages,,Actif,2026-06-29T00:22:54.958350,haute
BJ-F1EEB9C2,Excellence Toucountouna,Éducation & Formation,Toucountouna,+229 30 48 63 16,excellence.toucountouna@excellencetouco.bj,excellencetoucountouna.bj,Grande (>200),B2C,Facebook Pages,,Actif,2026-06-29T00:22:54.958393,haute
BJ-83DBEEB5,Enseignement Primaire College,Éducation & Formation,Toucountouna,+229 26 24 68 14,e.primaire@enseignementpri.com.bj,,PME (10-50),B2C,Facebook Pages,,Actif,2026-06-29T00:22:54.958428,moyenne
BJ-8FF08F9F,École Allemand School,Éducation & Formation,Toucountouna,+229 92 27 25 93,é.allemand@outlook.com,écoleallemandschool.bj,PME (10-50),B2C,Facebook Pages,,Actif,2026-06-29T00:22:54.958464,haute
BJ-064D5B36,Cours Secondaire Formation,Éducation & Formation,Toucountouna,+229 68 67 98 89,cours.secondaire@courssecondaire.com.bj,courssecondaireformation.bj,PME (50-200),B2B,Facebook Pages,,Actif,2026-06-29T00:22:54.958497,haute
BJ-BD23C608,Enseignement Qualification Training,Éducation & Formation,Toucountouna,+229 67 67 79 22,enseignementqualification@gmail.com,enseignementqualificationtraining.bj,Grande (>200),B2B,Facebook Pages,,Actif,2026-06-29T00:22:54.958528,haute
BJ-4EA08A1B,Lycée Technique,Éducation & Formation,Boukoumbé,+229 51 75 13 34,lycéetechnique@lycéetechnique.com.bj,lycéetechnique.bj,PME (10-50),B2C,Facebook Pages,,Actif,2026-06-29T00:22:54.958601,haute
BJ-622BFEEE,Technique Boukoumbé,Éducation & Formation,Boukoumbé,+229 25 77 68 75,technique.boukoumbé@techniqueboukou.org.bj,techniqueboukoumbé.bj,PME (10-50),B2B,Facebook Pages,,Actif,2026-06-29T00:22:54.958639,haute
BJ-E433928F,Collège Primaire,Éducation & Formation,Boukoumbé,+229 46 86 96 20,collège.primaire@yahoo.com,collègeprimaire.bj,PME (10-50),B2C,Facebook Pages,,Actif,2026-06-29T00:22:54.958667,haute
BJ-99D53F74,Académie Apprentissage,Éducation & Formation,Boukoumbé,+229 94 45 45 10,académieapprentissage@académieapprent.com.bj,académieapprentissage.bj,TPE (<10),B2B,Facebook Pages,,Actif,2026-06-29T00:22:54.958702,haute
BJ-6E623BEC,École Pâtisserie,Éducation & Formation,Kouandé,+229 80 68 33 20,,écolepâtisserie.bj,PME (50-200),B2C,Facebook Pages,,Actif,2026-06-29T00:22:54.958737,moyenne
BJ-3AFF8745,Centre Musique École,Éducation & Formation,Kouandé,+229 52 70 13 54,centremusique@centremusiqueéc.org.bj,centremusiqueécole.bj,PME (10-50),B2C,Facebook Pages,,Actif,2026-06-29T00:22:54.958768,haute
BJ-14A19308,Supérieur Kouandé,Éducation & Formation,Kouandé,+229 78 55 14 50,supérieur.kouandé@supérieurkouand.com.bj,,TPE (<10),B2B,Facebook Pages,,Actif,2026-06-29T00:22:54.958807,moyenne
BJ-522DAB49,Institut Professionnel Institute,Éducation & Formation,Kouandé,+229 77 66 95 53,i.professionnel@gmail.com,institutprofessionnelinstitute.bj,TPE (<10),B2C,Facebook Pages,,Actif,2026-06-29T00:22:54.958835,haute
BJ-2942475B,Compétence Training Kouandé,Éducation & Formation,Kouandé,+229 48 46 19 76,,compétencetrainingkouandé.bj,TPE (<10),B2C,Facebook Pages,,Actif,2026-06-29T00:22:54.958857,moyenne
BJ-6C59C4DB,Chinois,Éducation & Formation,Péhunco,+229 20 88 64 58,chinois@chinois.bj,chinois.bj,PME (10-50),B2B,Facebook Pages,,Actif,2026-06-29T00:22:54.958909,haute
BJ-00B1FF4C,École Éducation Bénin,Éducation & Formation,Péhunco,+229 73 80 90 74,é.éducation@écoleéducationb.org.bj,écoleéducationbénin.bj,PME (10-50),B2C,Facebook Pages,,Actif,2026-06-29T00:22:54.958943,haute
BJ-AC3EE25A,Université Primaire School Péhunco,Éducation & Formation,Péhunco,+229 26 61 89 44,université.primaire@universitéprima.com.bj,universitéprimaireschoolpéhunco.bj,PME (10-50),B2C,Facebook Pages,,Actif,2026-06-29T00:22:54.958975,haute
BJ-118E1CD1,Lycée Marketing Formation Péhunco,Éducation & Formation,Péhunco,+229 90 95 21 56,lycée.marketing@lycéemarketingf.bj,lycéemarketingformationpéhunco.bj,PME (10-50),B2C,Facebook Pages,,Actif,2026-06-29T00:22:54.959017,haute
BJ-FBE6A92F,Pâtisserie,Éducation & Formation,Tchaourou,+229 34 29 32 18,pâtisserie@hotmail.com,,TPE (<10),B2C,Facebook Pages,,Actif,2026-06-29T00:22:54.959106,moyenne
BJ-499B6C69,Institut Privé School,Éducation & Formation,Tchaourou,+229 26 35 49 17,i.privé@yahoo.com,institutprivéschool.bj,Grande (>200),B2C,Facebook Pages,,Actif,2026-06-29T00:22:54.959143,haute
BJ-DFD1B48C,Sport Academy,Éducation & Formation,Tchaourou,+229 96 12 86 92,sportacademy@sportacademy.org.bj,sportacademy.bj,PME (50-200),B2C,Facebook Pages,,Actif,2026-06-29T00:22:54.959187,haute
BJ-9BC09568,Centre Master College Tchaourou,Éducation & Formation,Tchaourou,+229 82 56 85 43,centremaster@gmail.com,,PME (10-50),B2C,Facebook Pages,,Actif,2026-06-29T00:22:54.959262,moyenne
BJ-4AFF7339,Master,Éducation & Formation,Nikki,+229 35 35 22 22,master@yahoo.com,master.bj,TPE (<10),B2B,Facebook Pages,,Actif,2026-06-29T00:22:54.959314,haute
BJ-610850ED,Connaissance College Nikki,Éducation & Formation,Nikki,+229 22 43 14 58,connaissance.college@connaissancecol.bj,connaissancecollegenikki.bj,TPE (<10),B2B,Facebook Pages,,Actif,2026-06-29T00:22:54.959439,haute
BJ-358157B4,Institut Compétence University,Éducation & Formation,Nikki,+229 47 43 95 59,i.compétence@outlook.com,,PME (50-200),B2B,Facebook Pages,,Actif,2026-06-29T00:22:54.959483,moyenne
BJ-01B7478C,Formation Apprentissage,Éducation & Formation,Bembéréké,+229 27 81 80 34,formation.apprentissage@formationappren.org.bj,formationapprentissage.bj,PME (10-50),B2C,Facebook Pages,,Actif,2026-06-29T00:22:54.959540,haute
BJ-5970C050,Lycée Design Academy Bembéréké,Éducation & Formation,Bembéréké,+229 98 89 37 98,l.design@lycéedesignacad.com.bj,lycéedesignacademybembéréké.bj,TPE (<10),B2B,Facebook Pages,,Actif,2026-06-29T00:22:54.959572,haute
BJ-DC5DF79E,Médecine Bembéréké,Éducation & Formation,Bembéréké,+229 97 26 48 91,m.bembéréké@yahoo.fr,médecinebembéréké.bj,PME (10-50),B2B,Facebook Pages,,Actif,2026-06-29T00:22:54.959606,haute
BJ-4618DC51,Cours Communication,Éducation & Formation,Bembéréké,+229 77 83 61 26,courscommunication@yahoo.com,,TPE (<10),B2B,Facebook Pages,,Actif,2026-06-29T00:22:54.959633,moyenne
BJ-2BE464A8,Académie Licence University,Éducation & Formation,Bembéréké,+229 76 75 31 26,académie.licence@académielicence.org.bj,académielicenceuniversity.bj,TPE (<10),B2B,Facebook Pages,,Actif,2026-06-29T00:22:54.959665,haute
BJ-4451A13B,École Anglais School,Éducation & Formation,Kalalé,+229 20 58 14 92,écoleanglais@yahoo.com,écoleanglaisschool.bj,TPE (<10),B2C,Facebook Pages,,Actif,2026-06-29T00:22:54.959718,haute
BJ-9742533D,Académie Protestant École,Éducation & Formation,Kalalé,+229 73 87 54 36,académieprotestant@académieprotest.bj,académieprotestantécole.bj,TPE (<10),B2C,Facebook Pages,,Actif,2026-06-29T00:22:54.959780,haute
BJ-69C0500D,Droit College,Éducation & Formation,Kalalé,+229 52 80 48 48,droit.college@outlook.com,droitcollege.bj,TPE (<10),B2B,Facebook Pages,,Actif,2026-06-29T00:22:54.959828,haute
BJ-E0127978,Université International School,Éducation & Formation,Ndali,+229 66 51 41 79,,universitéinternationalschool.bj,TPE (<10),B2B,Facebook Pages,,Actif,2026-06-29T00:22:54.959924,moyenne
BJ-A45E4B8C,Cuisine École,Éducation & Formation,Ndali,+229 59 92 98 83,,cuisineécole.bj,PME (10-50),B2C,Facebook Pages,,Actif,2026-06-29T00:22:54.959947,moyenne
BJ-31149B96,Institut Supérieur,Éducation & Formation,Ndali,+229 58 96 28 51,institut.supérieur@hotmail.com,institutsupérieur.bj,TPE (<10),B2B,Facebook Pages,,Actif,2026-06-29T00:22:54.959989,haute
BJ-E7A00C56,École Architecture,Éducation & Formation,Ndali,+229 38 46 40 18,écolearchitecture@gmail.com,écolearchitecture.bj,PME (50-200),B2C,Facebook Pages,,Actif,2026-06-29T00:22:54.960020,haute
BJ-1C723DE6,École Développement Ségbana,Éducation & Formation,Ségbana,+229 66 55 87 45,école.développement@hotmail.com,écoledéveloppementségbana.bj,Grande (>200),B2C,Facebook Pages,,Actif,2026-06-29T00:22:54.960109,haute
BJ-F1DE00C2,MBA,Éducation & Formation,Ségbana,+229 65 68 59 94,mba@outlook.com,mba.bj,PME (10-50),B2C,Facebook Pages,,Actif,2026-06-29T00:22:54.960135,haute
BJ-854C235D,Savoir Formation,Éducation & Formation,Ségbana,+229 43 68 42 93,savoirformation@gmail.com,savoirformation.bj,PME (10-50),B2B,Facebook Pages,,Actif,2026-06-29T00:22:54.960162,haute
BJ-6F7508CC,Centre Business College,Éducation & Formation,Ségbana,+229 33 17 31 49,centre.business@outlook.com,centrebusinesscollege.bj,TPE (<10),B2C,Facebook Pages,,Actif,2026-06-29T00:22:54.960196,haute
BJ-65D7BDEB,RH University,Éducation & Formation,Ségbana,+229 84 60 62 85,university@rhuniversity.bj,,PME (50-200),B2B,Facebook Pages,,Actif,2026-06-29T00:22:54.960230,moyenne
BJ-9D73EFFC,Français International,Éducation & Formation,Tchaourou,+229 33 48 54 66,f.international@yahoo.com,françaisinternational.bj,TPE (<10),B2C,Facebook Pages,,Actif,2026-06-29T00:22:54.960299,haute
BJ-78D3299D,Diplôme School,Éducation & Formation,Tchaourou,+229 43 27 57 70,diplôme.school@yahoo.com,diplômeschool.bj,PME (10-50),B2B,Facebook Pages,,Actif,2026-06-29T00:22:54.960368,haute
BJ-E83CE530,Privé Academy,Éducation & Formation,Tchaourou,+229 82 19 79 28,p.academy@privéacademy.com.bj,privéacademy.bj,PME (10-50),B2C,Facebook Pages,,Actif,2026-06-29T00:22:54.960405,haute
BJ-840EE949,Collège Design,Éducation & Formation,Bétérou,+229 81 61 25 71,collègedesign@outlook.com,,PME (10-50),B2B,Facebook Pages,,Actif,2026-06-29T00:22:54.960485,moyenne
BJ-5FAB2ED1,Business Institute,Éducation & Formation,Bétérou,+229 28 81 87 38,businessinstitute@hotmail.com,businessinstitute.bj,TPE (<10),B2B,Facebook Pages,,Actif,2026-06-29T00:22:54.960511,haute
BJ-CE5FF930,Musique International,Éducation & Formation,Bétérou,+229 98 20 34 92,musiqueinternational@gmail.com,musiqueinternational.bj,TPE (<10),B2C,Facebook Pages,,Actif,2026-06-29T00:22:54.960528,haute
BJ-927874EB,Architecture,Éducation & Formation,Bétérou,+229 57 57 21 63,architecture@architecture.org.bj,architecture.bj,PME (50-200),B2C,Facebook Pages,,Actif,2026-06-29T00:22:54.960544,haute
BJ-7ED663BD,Centre Excellence University,Éducation & Formation,Bétérou,+229 36 32 90 74,centre.excellence@yahoo.com,centreexcellenceuniversity.bj,TPE (<10),B2C,Facebook Pages,,Actif,2026-06-29T00:22:54.960561,haute
BJ-179593C4,Cuisine University,Éducation & Formation,Ouessè,+229 88 94 10 18,cuisineuniversity@cuisineuniversi.bj,cuisineuniversity.bj,Grande (>200),B2B,Facebook Pages,,Actif,2026-06-29T00:22:54.960605,haute
BJ-1256AC6C,École Allemand School,Éducation & Formation,Ouessè,+229 35 13 69 31,écoleallemand@écoleallemandsc.org.bj,écoleallemandschool.bj,PME (50-200),B2C,Facebook Pages,,Actif,2026-06-29T00:22:54.960627,haute
BJ-EFBE52D1,Doctorat,Éducation & Formation,Ouessè,+229 90 42 18 27,doctorat@doctorat.org.bj,,PME (10-50),B2C,Facebook Pages,,Actif,2026-06-29T00:22:54.960642,moyenne
BJ-D9E81661,École Master,Éducation & Formation,Ouessè,+229 96 97 53 16,école.master@outlook.com,,TPE (<10),B2C,Facebook Pages,,Actif,2026-06-29T00:22:54.960658,moyenne
BJ-B39364ED,Connaissance Glazoué,Éducation & Formation,Glazoué,+229 98 67 72 10,connaissance.glazoué@connaissancegla.com.bj,connaissanceglazoué.bj,PME (50-200),B2C,Facebook Pages,,Actif,2026-06-29T00:22:54.960684,haute
BJ-EBE34905,Académie Formation Training,Éducation & Formation,Glazoué,+229 54 52 72 49,académie.formation@outlook.com,académieformationtraining.bj,PME (10-50),B2B,Facebook Pages,,Actif,2026-06-29T00:22:54.960702,haute
BJ-11E1F09B,Anglais Institute,Éducation & Formation,Glazoué,+229 50 52 57 58,anglaisinstitute@anglaisinstitut.bj,anglaisinstitute.bj,TPE (<10),B2C,Facebook Pages,,Actif,2026-06-29T00:22:54.960718,haute
BJ-F9BEDF02,Cours Médecine,Éducation & Formation,Glazoué,+229 58 30 62 21,c.médecine@yahoo.com,coursmédecine.bj,TPE (<10),B2B,Facebook Pages,,Actif,2026-06-29T00:22:54.960734,haute
BJ-E91EB3C2,Droit Formation,Éducation & Formation,Glazoué,+229 21 10 84 10,d.formation@droitformation.com.bj,droitformation.bj,Grande (>200),B2C,Facebook Pages,,Actif,2026-06-29T00:22:54.960749,haute
BJ-C5A57174,Enseignement Liberté,Éducation & Formation,Dassa-Zoumè,+229 35 48 72 29,enseignement.liberté@enseignementlib.com.bj,,PME (10-50),B2C,Facebook Pages,,Actif,2026-06-29T00:22:54.960791,moyenne
BJ-EE639C40,Métier,Éducation & Formation,Dassa-Zoumè,+229 45 54 45 51,métier@outlook.com,métier.bj,TPE (<10),B2B,Facebook Pages,,Actif,2026-06-29T00:22:54.960811,haute
BJ-8E75E07F,École Sport,Éducation & Formation,Dassa-Zoumè,+229 57 17 71 46,écolesport@hotmail.com,,PME (50-200),B2C,Facebook Pages,,Actif,2026-06-29T00:22:54.960827,moyenne
BJ-32407DAD,Public Institute,Éducation & Formation,Dassa-Zoumè,+229 99 38 63 55,p.institute@yahoo.fr,publicinstitute.bj,PME (10-50),B2C,Facebook Pages,,Actif,2026-06-29T00:22:54.960843,haute
BJ-99CC5EF0,Lycée Danse École,Éducation & Formation,Savalou,+229 36 79 50 30,lycéedanse@outlook.com,lycéedanseécole.bj,PME (50-200),B2B,Facebook Pages,,Actif,2026-06-29T00:22:54.960867,haute
BJ-A0DE3C8B,École Master Savalou,Éducation & Formation,Savalou,+229 76 84 37 80,é.master@écolemastersava.com.bj,écolemastersavalou.bj,TPE (<10),B2B,Facebook Pages,,Actif,2026-06-29T00:22:54.960885,haute
BJ-3F618352,Université Métier Academy,Éducation & Formation,Savalou,+229 57 70 59 74,universitémétier@gmail.com,universitémétieracademy.bj,TPE (<10),B2C,Facebook Pages,,Actif,2026-06-29T00:22:54.960930,haute
BJ-05DCCC42,Droit University,Éducation & Formation,Savalou,+229 88 65 95 64,droituniversity@outlook.com,droituniversity.bj,TPE (<10),B2C,Facebook Pages,,Actif,2026-06-29T00:22:54.960948,haute
BJ-1E928AF4,Français,Éducation & Formation,Savalou,+229 89 20 49 51,,français.bj,PME (10-50),B2B,Facebook Pages,,Actif,2026-06-29T00:22:54.960961,moyenne
BJ-AA82EFA1,École Compétence,Éducation & Formation,Bantè,+229 65 84 93 97,écolecompétence@yahoo.com,écolecompétence.bj,TPE (<10),B2B,Facebook Pages,,Actif,2026-06-29T00:22:54.960987,haute
BJ-EEC77878,Académie Danse Bénin,Éducation & Formation,Bantè,+229 24 22 23 83,,académiedansebénin.bj,TPE (<10),B2B,Facebook Pages,,Actif,2026-06-29T00:22:54.961000,moyenne
BJ-2D8B15BC,Doctorat College,Éducation & Formation,Bantè,+229 74 64 89 51,d.college@doctoratcollege.com.bj,,TPE (<10),B2C,Facebook Pages,,Actif,2026-06-29T00:22:54.961021,moyenne
BJ-A7C013A1,École Privé Bantè,Éducation & Formation,Bantè,+229 58 53 34 29,école.privé@écoleprivébantè.org.bj,,TPE (<10),B2C,Facebook Pages,,Actif,2026-06-29T00:22:54.961039,moyenne
BJ-D9175962,École Certification International,Éducation & Formation,Bantè,+229 63 13 22 17,école.certification@outlook.com,écolecertificationinternational.bj,PME (10-50),B2B,Facebook Pages,,Actif,2026-06-29T00:22:54.961057,haute
BJ-816E136B,Institut Métier University,Éducation & Formation,Djougou,+229 73 67 48 90,institutmétier@yahoo.com,institutmétieruniversity.bj,PME (50-200),B2C,Facebook Pages,,Actif,2026-06-29T00:22:54.961086,haute
BJ-C899A01C,Qualification,Éducation & Formation,Djougou,+229 26 24 77 91,,qualification.bj,PME (10-50),B2B,Facebook Pages,,Actif,2026-06-29T00:22:54.961100,moyenne
BJ-7C2CFA66,Lycée Secondaire School,Éducation & Formation,Djougou,+229 40 76 47 66,l.secondaire@yahoo.fr,lycéesecondaireschool.bj,TPE (<10),B2C,Facebook Pages,,Actif,2026-06-29T00:22:54.961119,haute
BJ-3FE2505C,Académie Formation College,Éducation & Formation,Djougou,+229 20 73 61 95,académie.formation@académieformati.com.bj,académieformationcollege.bj,TPE (<10),B2C,Facebook Pages,,Actif,2026-06-29T00:22:54.961137,haute
BJ-DF4C5B37,Enseignement Anglais Lycée,Éducation & Formation,Djougou,+229 57 77 30 64,enseignement.anglais@enseignementang.org.bj,enseignementanglaislycée.bj,TPE (<10),B2C,Facebook Pages,,Actif,2026-06-29T00:22:54.961166,haute
BJ-CE75BEC6,Institut Diplôme Ouèssè,Éducation & Formation,Ouèssè,+229 22 50 17 56,institutdiplôme@institutdiplôme.org.bj,institutdiplômeouèssè.bj,TPE (<10),B2C,Facebook Pages,,Actif,2026-06-29T00:22:54.961191,haute
BJ-BA4C83C8,Lycée Supérieur,Éducation & Formation,Ouèssè,+229 93 20 96 79,lycéesupérieur@gmail.com,lycéesupérieur.bj,PME (10-50),B2B,Facebook Pages,,Actif,2026-06-29T00:22:54.961209,haute
BJ-0DB1E9C7,Français,Éducation & Formation,Ouèssè,+229 51 56 90 42,français@français.com.bj,français.bj,PME (50-200),B2C,Facebook Pages,,Actif,2026-06-29T00:22:54.961226,haute
BJ-44DB8FB2,Collège Connaissance,Éducation & Formation,Ouèssè,+229 43 40 91 75,c.connaissance@collègeconnaiss.bj,collègeconnaissance.bj,TPE (<10),B2C,Facebook Pages,,Actif,2026-06-29T00:22:54.961248,haute
BJ-CEC664BC,Enseignement Secondaire School,Éducation & Formation,Ouèssè,+229 28 66 66 34,enseignement.secondaire@enseignementsec.org.bj,enseignementsecondaireschool.bj,TPE (<10),B2B,Facebook Pages,,Actif,2026-06-29T00:22:54.961265,haute
BJ-C30F5FE2,Design,Éducation & Formation,Bassila,+229 89 14 15 39,design@design.com.bj,design.bj,TPE (<10),B2B,Facebook Pages,,Actif,2026-06-29T00:22:54.961288,haute
BJ-01063FD0,Savoir Lycée,Éducation & Formation,Bassila,+229 53 89 21 27,savoir.lycée@outlook.com,,PME (50-200),B2C,Facebook Pages,,Actif,2026-06-29T00:22:54.961306,moyenne
BJ-F6802940,Métier,Éducation & Formation,Bassila,+229 54 75 35 78,métier@gmail.com,métier.bj,PME (50-200),B2B,Facebook Pages,,Actif,2026-06-29T00:22:54.961348,haute
BJ-14743CEA,Enseignement Master,Éducation & Formation,Bassila,+229 46 54 58 17,enseignement.master@yahoo.fr,enseignementmaster.bj,Grande (>200),B2B,Facebook Pages,,Actif,2026-06-29T00:22:54.961415,haute
BJ-FBA21692,Institut Sport Pehunco,Éducation & Formation,Pehunco,+229 22 46 53 71,institut.sport@yahoo.fr,institutsportpehunco.bj,TPE (<10),B2B,Facebook Pages,,Actif,2026-06-29T00:22:54.961447,haute
BJ-506B7689,Collège Qualification University Pehunco,Éducation & Formation,Pehunco,+229 23 38 41 64,collègequalification@collègequalific.org.bj,collègequalificationuniversitypehunco.bj,PME (50-200),B2C,Facebook Pages,,Actif,2026-06-29T00:22:54.961468,haute
BJ-7F8AAC1A,Cours Technique Bénin,Éducation & Formation,Pehunco,+229 35 93 85 57,c.technique@yahoo.fr,courstechniquebénin.bj,PME (10-50),B2B,Facebook Pages,,Actif,2026-06-29T00:22:54.961491,haute
BJ-76B9D4A0,Formation Technique Training,Éducation & Formation,Pehunco,+229 78 41 81 17,formation.technique@yahoo.fr,formationtechniquetraining.bj,TPE (<10),B2B,Facebook Pages,,Actif,2026-06-29T00:22:54.961510,haute
BJ-F867CF43,Collège Qualification Academy,Éducation & Formation,Pehunco,+229 48 53 94 19,collège.qualification@collègequalific.bj,collègequalificationacademy.bj,TPE (<10),B2B,Facebook Pages,,Actif,2026-06-29T00:22:54.961527,haute
BJ-A465884A,Collège Doctorat International Copargo,Éducation & Formation,Copargo,+229 24 91 38 73,collège_doctorat@yahoo.fr,collègedoctoratinternationalcopargo.bj,PME (10-50),B2B,Facebook Pages,,Actif,2026-06-29T00:22:54.961552,haute
BJ-B05C3197,Institut Certification,Éducation & Formation,Copargo,+229 20 38 64 13,institutcertification@yahoo.com,,PME (10-50),B2B,Facebook Pages,,Actif,2026-06-29T00:22:54.961572,moyenne
BJ-87C5C73C,Ingénierie École,Éducation & Formation,Copargo,+229 96 69 93 99,ingénierieécole@outlook.com,ingénierieécole.bj,PME (50-200),B2B,Facebook Pages,,Actif,2026-06-29T00:22:54.961591,haute
BJ-7F739CAD,Formation Arabe,Éducation & Formation,Copargo,+229 40 40 34 87,formation.arabe@yahoo.com,formationarabe.bj,Grande (>200),B2C,Facebook Pages,,Actif,2026-06-29T00:22:54.961607,haute
BJ-64341275,Lycée Arabe,Éducation & Formation,Copargo,+229 25 55 61 96,,lycéearabe.bj,TPE (<10),B2C,Facebook Pages,,Actif,2026-06-29T00:22:54.961619,moyenne
BJ-D598C4DF,Ethereum Africa,Technologie & IT,Cotonou,+229 73 17 11 34,ethereum.africa@ethereumafrica.bj,,TPE (<10),B2B,Facebook Pages,,Actif,2026-06-29T00:22:54.961643,moyenne
BJ-433BBC48,Oracle,Technologie & IT,Cotonou,+229 39 33 94 68,oracle@oracle.com.bj,oracle.bj,PME (10-50),B2C,Facebook Pages,,Actif,2026-06-29T00:22:54.961657,haute
BJ-87281E21,PHP,Technologie & IT,Cotonou,+229 60 20 83 52,php@gmail.com,,PME (10-50),B2C,Facebook Pages,,Actif,2026-06-29T00:22:54.961687,moyenne
BJ-FAA589F3,Info Network Bénin,Technologie & IT,Cotonou,+229 89 94 67 50,infonetwork@hotmail.com,,TPE (<10),B2B,Facebook Pages,,Actif,2026-06-29T00:22:54.961704,moyenne
BJ-35BB5561,Docker,Technologie & IT,Abomey-Calavi,+229 88 19 84 46,docker@docker.com.bj,docker.bj,PME (50-200),B2B,Facebook Pages,,Actif,2026-06-29T00:22:54.961725,haute
BJ-B7A05AFD,Windows,Technologie & IT,Abomey-Calavi,+229 45 18 37 72,windows@windows.bj,windows.bj,Grande (>200),B2B,Facebook Pages,,Actif,2026-06-29T00:22:54.961739,haute
BJ-57BF8A12,PostgreSQL,Technologie & IT,Abomey-Calavi,+229 46 13 72 47,postgresql@postgresql.org.bj,postgresql.bj,PME (10-50),B2C,Facebook Pages,,Actif,2026-06-29T00:22:54.961753,haute
BJ-6BDD1E6F,App Crypto Labs,Technologie & IT,Abomey-Calavi,+229 49 85 80 27,a.crypto@gmail.com,appcryptolabs.bj,PME (10-50),B2C,Facebook Pages,,Actif,2026-06-29T00:22:54.961769,haute
BJ-2174A69B,Kubernetes,Technologie & IT,Abomey-Calavi,+229 48 12 79 93,kubernetes@kubernetes.com.bj,kubernetes.bj,PME (50-200),B2B,Facebook Pages,,Actif,2026-06-29T00:22:54.961786,haute
BJ-57C7D6E5,CI/CD Solutions,Technologie & IT,Porto-Novo,+229 40 90 80 27,ci/cdsolutions@ci/cdsolutions.org.bj,ci/cdsolutions.bj,TPE (<10),B2C,Facebook Pages,,Actif,2026-06-29T00:22:54.961809,haute
BJ-AA40B7D1,Mobile Bénin,Technologie & IT,Porto-Novo,+229 51 64 13 41,m.bénin@yahoo.com,mobilebénin.bj,PME (10-50),B2C,Facebook Pages,,Actif,2026-06-29T00:22:54.961831,haute
BJ-50CAB644,DevOps,Technologie & IT,Porto-Novo,+229 67 50 49 97,devops@devops.org.bj,devops.bj,TPE (<10),B2B,Facebook Pages,,Actif,2026-06-29T00:22:54.961848,haute
BJ-257AA724,C++ Porto-Novo,Technologie & IT,Porto-Novo,+229 21 64 56 42,c.porto@c++portonovo.bj,c++portonovo.bj,PME (50-200),B2B,Facebook Pages,,Actif,2026-06-29T00:22:54.961865,haute
BJ-874E0172,Cyber Intelligence,Technologie & IT,Porto-Novo,+229 46 24 21 41,c.intelligence@gmail.com,cyberintelligence.bj,TPE (<10),B2B,Facebook Pages,,Actif,2026-06-29T00:22:54.961914,haute
BJ-C6F70002,Cyber Internet,Technologie & IT,Parakou,+229 70 98 23 47,cyberinternet@hotmail.com,cyberinternet.bj,TPE (<10),B2B,Facebook Pages,,Actif,2026-06-29T00:22:54.961938,haute
BJ-AD3835DB,Smart Go SARL Parakou,Technologie & IT,Parakou,+229 51 64 83 76,smart.sarl@smartgosarlpara.bj,smartgosarlparakou.bj,PME (50-200),B2C,Facebook Pages,,Actif,2026-06-29T00:22:54.961956,haute
BJ-93F8A8EE,Crypto Parakou,Technologie & IT,Parakou,+229 90 10 84 78,crypto_parakou@cryptoparakou.bj,cryptoparakou.bj,TPE (<10),B2B,Facebook Pages,,Actif,2026-06-29T00:22:54.961972,haute
BJ-A8AD9D6E,AI Kanban,Technologie & IT,Parakou,+229 82 69 80 41,kanban@aikanban.bj,aikanban.bj,Grande (>200),B2C,Facebook Pages,,Actif,2026-06-29T00:22:54.961986,haute
BJ-65F80755,Big Studios Parakou,Technologie & IT,Parakou,+229 26 40 53 95,big.studios@hotmail.com,bigstudiosparakou.bj,PME (10-50),B2C,Facebook Pages,,Actif,2026-06-29T00:22:54.962002,haute
BJ-605F701E,Digital Python,Technologie & IT,Bohicon,+229 92 85 90 37,digital.python@digitalpython.bj,digitalpython.bj,TPE (<10),B2C,Facebook Pages,,Actif,2026-06-29T00:22:54.962025,haute
BJ-E17C090B,AI C++ Labs,Technologie & IT,Bohicon,+229 58 31 38 35,c++labs@aic++labs.bj,aic++labs.bj,TPE (<10),B2C,Facebook Pages,,Actif,2026-06-29T00:22:54.962042,haute
BJ-8F25F239,DevOps Soft Bohicon,Technologie & IT,Bohicon,+229 69 36 46 56,d.soft@devopssoftbohic.com.bj,devopssoftbohicon.bj,PME (10-50),B2C,Facebook Pages,,Actif,2026-06-29T00:22:54.962064,haute
BJ-160D8E32,Analytics Africa,Technologie & IT,Bohicon,+229 74 52 83 96,a.africa@yahoo.fr,analyticsafrica.bj,PME (50-200),B2B,Facebook Pages,,Actif,2026-06-29T00:22:54.962080,haute
BJ-6A3DB950,SaaS,Technologie & IT,Bohicon,+229 96 90 46 93,saas@yahoo.com,saas.bj,PME (50-200),B2C,Facebook Pages,,Actif,2026-06-29T00:22:54.962094,haute
BJ-F3B926F0,Cyber Design Africa Natitingou,Technologie & IT,Natitingou,+229 72 19 48 98,cyber.design@cyberdesignafri.org.bj,cyberdesignafricanatitingou.bj,Grande (>200),B2C,Facebook Pages,,Actif,2026-06-29T00:22:54.962139,haute
BJ-4B412EEB,Info IaaS Systems,Technologie & IT,Natitingou,+229 39 36 75 26,infoiaas@yahoo.fr,infoiaassystems.bj,Grande (>200),B2B,Facebook Pages,,Actif,2026-06-29T00:22:54.962155,haute
BJ-08500717,Ethereum Studios,Technologie & IT,Natitingou,+229 53 95 52 47,ethereumstudios@yahoo.com,ethereumstudios.bj,PME (50-200),B2B,Facebook Pages,,Actif,2026-06-29T00:22:54.962170,haute
BJ-53567CA9,Technologie SARL,Technologie & IT,Natitingou,+229 41 28 63 39,technologie_sarl@technologiesarl.bj,technologiesarl.bj,TPE (<10),B2C,Facebook Pages,,Actif,2026-06-29T00:22:54.962186,haute
BJ-8395ECFA,AI iOS,Technologie & IT,Lokossa,+229 45 34 57 72,ios@outlook.com,aiios.bj,TPE (<10),B2B,Facebook Pages,,Actif,2026-06-29T00:22:54.962207,haute
BJ-55CBBE0B,C# Soft Lokossa,Technologie & IT,Lokossa,+229 82 33 43 38,soft.lokossa@hotmail.com,c#softlokossa.bj,PME (50-200),B2B,Facebook Pages,,Actif,2026-06-29T00:22:54.962223,haute
BJ-3CABE398,Web Kanban Bénin Lokossa,Technologie & IT,Lokossa,+229 20 79 66 24,web.kanban@hotmail.com,webkanbanbéninlokossa.bj,Grande (>200),B2B,Facebook Pages,,Actif,2026-06-29T00:22:54.962245,haute
BJ-C4C3B846,Info Kotlin,Technologie & IT,Lokossa,+229 20 14 55 27,i.kotlin@infokotlin.com.bj,infokotlin.bj,TPE (<10),B2B,Facebook Pages,,Actif,2026-06-29T00:22:54.962262,haute
BJ-321C5648,App SQL Studios Lokossa,Technologie & IT,Lokossa,+229 42 74 87 12,app.sql@yahoo.fr,appsqlstudioslokossa.bj,PME (10-50),B2C,Facebook Pages,,Actif,2026-06-29T00:22:54.962282,haute
BJ-1A2268EE,Database,Technologie & IT,Ouidah,+229 96 14 53 38,database@database.com.bj,database.bj,Grande (>200),B2C,Facebook Pages,,Actif,2026-06-29T00:22:54.962305,haute
BJ-725DC4DC,MongoDB Tech,Technologie & IT,Ouidah,+229 93 61 31 54,mongodbtech@mongodbtech.bj,mongodbtech.bj,PME (10-50),B2C,Facebook Pages,,Actif,2026-06-29T00:22:54.962322,haute
BJ-7F17FC72,CI/CD Systems,Technologie & IT,Ouidah,+229 20 78 92 47,ci/cdsystems@hotmail.com,ci/cdsystems.bj,Grande (>200),B2B,Facebook Pages,,Actif,2026-06-29T00:22:54.962340,haute
BJ-2215D75D,Digital PHP,Technologie & IT,Ouidah,+229 67 44 53 18,digital.php@outlook.com,digitalphp.bj,PME (10-50),B2B,Facebook Pages,,Actif,2026-06-29T00:22:54.962357,haute
BJ-AB1CE64C,AI Tech,Technologie & IT,Ouidah,+229 85 38 35 81,tech@yahoo.fr,aitech.bj,TPE (<10),B2B,Facebook Pages,,Actif,2026-06-29T00:22:54.962370,haute
BJ-C94FD52A,App Kubernetes Savalou,Technologie & IT,Savalou,+229 49 12 27 98,a.kubernetes@appkubernetessa.com.bj,appkubernetessavalou.bj,TPE (<10),B2C,Facebook Pages,,Actif,2026-06-29T00:22:54.962394,haute
BJ-19D3031C,REST Labs,Technologie & IT,Savalou,+229 73 62 82 94,restlabs@restlabs.org.bj,restlabs.bj,PME (10-50),B2B,Facebook Pages,,Actif,2026-06-29T00:22:54.962410,haute
BJ-CDD1EC14,Info Container Works,Technologie & IT,Savalou,+229 33 25 70 74,i.container@infocontainerwo.org.bj,infocontainerworks.bj,TPE (<10),B2C,Facebook Pages,,Actif,2026-06-29T00:22:54.962431,haute
BJ-035687E0,Smart Deep,Technologie & IT,Savalou,+229 77 94 61 77,,smartdeep.bj,PME (10-50),B2C,Facebook Pages,,Actif,2026-06-29T00:22:54.962445,moyenne
BJ-1056B4CA,NoSQL,Technologie & IT,Savalou,+229 78 91 17 59,nosql@yahoo.fr,nosql.bj,TPE (<10),B2C,Facebook Pages,,Actif,2026-06-29T00:22:54.962459,haute
BJ-D76DB403,Cyber Bitcoin International,Technologie & IT,Dassa-Zoumè,+229 30 68 72 15,cyber.bitcoin@yahoo.com,cyberbitcoininternational.bj,PME (10-50),B2C,Facebook Pages,,Actif,2026-06-29T00:22:54.962483,haute
BJ-D4F03758,Smart Internet Systems,Technologie & IT,Dassa-Zoumè,+229 37 57 70 51,,smartinternetsystems.bj,PME (10-50),B2C,Facebook Pages,,Actif,2026-06-29T00:22:54.962500,moyenne
BJ-B0B69D1C,Technologie,Technologie & IT,Dassa-Zoumè,+229 57 10 31 60,technologie@technologie.com.bj,technologie.bj,TPE (<10),B2C,Facebook Pages,,Actif,2026-06-29T00:22:54.962516,haute
BJ-90C88A49,Soft Python Soft,Technologie & IT,Dassa-Zoumè,+229 54 61 59 11,softpython@yahoo.com,softpythonsoft.bj,PME (10-50),B2B,Facebook Pages,,Actif,2026-06-29T00:22:54.962532,haute
BJ-7D460EA3,AI DevOps,Technologie & IT,Dassa-Zoumè,+229 76 84 56 60,devops@yahoo.fr,aidevops.bj,Grande (>200),B2B,Facebook Pages,,Actif,2026-06-29T00:22:54.962547,haute
BJ-316A9BCA,Learning Soft,Technologie & IT,Kétou,+229 80 90 87 34,learning.soft@learningsoft.org.bj,learningsoft.bj,TPE (<10),B2C,Facebook Pages,,Actif,2026-06-29T00:22:54.962571,haute
BJ-8B63D400,Soft IaaS,Technologie & IT,Kétou,+229 46 49 47 62,softiaas@yahoo.fr,softiaas.bj,PME (50-200),B2C,Facebook Pages,,Actif,2026-06-29T00:22:54.962587,haute
BJ-E708FF65,App Deep,Technologie & IT,Kétou,+229 96 35 57 19,app.deep@appdeep.org.bj,appdeep.bj,TPE (<10),B2C,Facebook Pages,,Actif,2026-06-29T00:22:54.962607,haute
BJ-DB746362,Data Web Digital Kétou,Technologie & IT,Kétou,+229 89 80 80 99,data_web@datawebdigitalk.org.bj,datawebdigitalkétou.bj,PME (50-200),B2C,Facebook Pages,,Actif,2026-06-29T00:22:54.962627,haute
BJ-0B6BF9EB,Tech NoSQL,Technologie & IT,Kétou,+229 65 26 25 18,t.nosql@technosql.bj,technosql.bj,TPE (<10),B2C,Facebook Pages,,Actif,2026-06-29T00:22:54.962643,haute
BJ-72EE5692,Info Angular,Technologie & IT,Covè,+229 95 45 66 65,i.angular@gmail.com,infoangular.bj,Grande (>200),B2C,Facebook Pages,,Actif,2026-06-29T00:22:54.962666,haute
BJ-F9B9A10B,Java,Technologie & IT,Covè,+229 35 22 14 46,java@java.com.bj,java.bj,TPE (<10),B2B,Facebook Pages,,Actif,2026-06-29T00:22:54.962681,haute
BJ-7E24D2E9,Machine Studios,Technologie & IT,Covè,+229 54 84 82 88,machine_studios@yahoo.com,machinestudios.bj,PME (10-50),B2B,Facebook Pages,,Actif,2026-06-29T00:22:54.962698,haute
BJ-6AEE92B6,Digital Logiciel,Technologie & IT,Covè,+229 22 19 51 29,d.logiciel@yahoo.fr,digitallogiciel.bj,PME (50-200),B2C,Facebook Pages,,Actif,2026-06-29T00:22:54.962742,haute
BJ-EF470A71,AI NoSQL Covè,Technologie & IT,Covè,+229 40 52 93 73,nosql.covè@gmail.com,ainosqlcovè.bj,TPE (<10),B2B,Facebook Pages,,Actif,2026-06-29T00:22:54.962781,haute
BJ-8BA1BCF1,App Logiciel,Technologie & IT,Pobè,+229 23 21 59 70,a.logiciel@applogiciel.bj,applogiciel.bj,TPE (<10),B2B,Facebook Pages,,Actif,2026-06-29T00:22:54.962825,haute
BJ-D768228F,Tech Java Solutions,Technologie & IT,Pobè,+229 88 99 60 74,techjava@yahoo.fr,,Grande (>200),B2C,Facebook Pages,,Actif,2026-06-29T00:22:54.962859,moyenne
BJ-8DCC9B72,Data PHP Bénin,Technologie & IT,Pobè,+229 69 10 32 67,d.php@hotmail.com,dataphpbénin.bj,TPE (<10),B2B,Facebook Pages,,Actif,2026-06-29T00:22:54.962936,haute
BJ-432A83C5,CI/CD Systems,Technologie & IT,Pobè,+229 93 52 78 37,ci/cdsystems@yahoo.fr,ci/cdsystems.bj,TPE (<10),B2C,Facebook Pages,,Actif,2026-06-29T00:22:54.962954,haute
BJ-E69DDEE8,DevOps Bénin,Technologie & IT,Sakété,+229 86 48 26 82,devopsbénin@outlook.com,devopsbénin.bj,PME (50-200),B2C,Facebook Pages,,Actif,2026-06-29T00:22:54.962979,haute
BJ-C3E01B0D,Cyber Web Studios,Technologie & IT,Sakété,+229 39 85 83 39,c.web@cyberwebstudios.bj,cyberwebstudios.bj,PME (50-200),B2C,Facebook Pages,,Actif,2026-06-29T00:22:54.962997,haute
BJ-60BFEE47,Flutter Tech,Technologie & IT,Sakété,+229 25 63 78 98,flutter.tech@fluttertech.org.bj,fluttertech.bj,TPE (<10),B2B,Facebook Pages,,Actif,2026-06-29T00:22:54.963014,haute
BJ-2D1448ED,Data Digital,Technologie & IT,Sakété,+229 24 76 85 28,datadigital@yahoo.com,datadigital.bj,TPE (<10),B2B,Facebook Pages,,Actif,2026-06-29T00:22:54.963029,haute
BJ-430A414C,Data Java,Technologie & IT,Sakété,+229 86 36 66 14,d.java@hotmail.com,datajava.bj,PME (50-200),B2B,Facebook Pages,,Actif,2026-06-29T00:22:54.963044,haute
BJ-E78D7F9D,IaaS Soft,Technologie & IT,Adjara,+229 36 59 53 32,i.soft@iaassoft.bj,iaassoft.bj,PME (10-50),B2B,Facebook Pages,,Actif,2026-06-29T00:22:54.963066,haute
BJ-C272BAA7,Cloud UX/UI Adjara,Technologie & IT,Adjara,+229 59 23 17 64,cloud.ux/ui@outlook.com,cloudux/uiadjara.bj,PME (50-200),B2C,Facebook Pages,,Actif,2026-06-29T00:22:54.963087,haute
BJ-48ECF247,Angular,Technologie & IT,Adjara,+229 59 76 51 28,angular@angular.org.bj,angular.bj,PME (10-50),B2C,Facebook Pages,,Actif,2026-06-29T00:22:54.963105,haute
BJ-C0288AF6,Go Africa,Technologie & IT,Adjara,+229 78 26 16 77,africa@goafrica.org.bj,goafrica.bj,PME (50-200),B2B,Facebook Pages,,Actif,2026-06-29T00:22:54.963120,haute
BJ-9CD2C5AC,Cyber PostgreSQL,Technologie & IT,Adjara,+229 89 12 91 51,cyber.postgresql@cyberpostgresql.org.bj,cyberpostgresql.bj,TPE (<10),B2C,Facebook Pages,,Actif,2026-06-29T00:22:54.963136,haute
BJ-DC8CC708,Deep,Technologie & IT,Allada,+229 95 42 37 55,deep@yahoo.com,deep.bj,PME (10-50),B2B,Facebook Pages,,Actif,2026-06-29T00:22:54.963173,haute
BJ-BA58D5BD,Kanban Digital,Technologie & IT,Allada,+229 58 98 29 57,kanbandigital@kanbandigital.com.bj,kanbandigital.bj,TPE (<10),B2C,Facebook Pages,,Actif,2026-06-29T00:22:54.963203,haute
BJ-E1427EBF,Vue Systems,Technologie & IT,Allada,+229 58 66 58 33,vuesystems@outlook.com,,PME (10-50),B2B,Facebook Pages,,Actif,2026-06-29T00:22:54.963225,moyenne
BJ-B6EB2033,Mobile Solutions,Technologie & IT,Allada,+229 71 19 23 20,mobile.solutions@outlook.com,mobilesolutions.bj,TPE (<10),B2B,Facebook Pages,,Actif,2026-06-29T00:22:54.963242,haute
BJ-D94C3FF0,Soft Big,Technologie & IT,Allada,+229 64 45 35 37,s.big@hotmail.com,,PME (50-200),B2B,Facebook Pages,,Actif,2026-06-29T00:22:54.963257,moyenne
BJ-4EAB6329,Web Scrum Bénin,Technologie & IT,Aplahoué,+229 58 85 46 70,webscrum@webscrumbénin.org.bj,webscrumbénin.bj,PME (50-200),B2C,Facebook Pages,,Actif,2026-06-29T00:22:54.963285,haute
BJ-D85849D3,MySQL,Technologie & IT,Aplahoué,+229 22 78 71 72,mysql@mysql.com.bj,mysql.bj,PME (50-200),B2C,Facebook Pages,,Actif,2026-06-29T00:22:54.963300,haute
BJ-86276342,Cloud Oracle,Technologie & IT,Aplahoué,+229 35 64 29 81,cloud.oracle@cloudoracle.org.bj,cloudoracle.bj,PME (50-200),B2C,Facebook Pages,,Actif,2026-06-29T00:22:54.963320,haute
BJ-CB44AD53,Go Studios,Technologie & IT,Aplahoué,+229 61 95 91 19,studios@outlook.com,gostudios.bj,PME (10-50),B2C,Facebook Pages,,Actif,2026-06-29T00:22:54.963338,haute
BJ-106DB1DF,Data PHP,Technologie & IT,Aplahoué,+229 38 18 31 55,d.php@dataphp.bj,dataphp.bj,PME (10-50),B2B,Facebook Pages,,Actif,2026-06-29T00:22:54.963354,haute
BJ-A3E84A18,Digital Docker Dogbo-Tota,Technologie & IT,Dogbo-Tota,+229 39 75 71 91,d.docker@yahoo.fr,digitaldockerdogbotota.bj,TPE (<10),B2C,Facebook Pages,,Actif,2026-06-29T00:22:54.963378,haute
BJ-75157F91,Python Digital,Technologie & IT,Dogbo-Tota,+229 80 45 46 67,p.digital@hotmail.com,pythondigital.bj,TPE (<10),B2C,Facebook Pages,,Actif,2026-06-29T00:22:54.963394,haute
BJ-7F865E41,Data IoT Dogbo-Tota,Technologie & IT,Dogbo-Tota,+229 40 23 49 93,data_iot@dataiotdogbotot.bj,dataiotdogbotota.bj,PME (50-200),B2B,Facebook Pages,,Actif,2026-06-29T00:22:54.963412,haute
BJ-E81CA953,CRM,Technologie & IT,Dogbo-Tota,+229 86 91 33 70,,crm.bj,TPE (<10),B2B,Facebook Pages,,Actif,2026-06-29T00:22:54.963424,moyenne
BJ-1F903F6D,Things,Technologie & IT,Dogbo-Tota,+229 84 79 90 28,things@outlook.com,things.bj,TPE (<10),B2B,Facebook Pages,,Actif,2026-06-29T00:22:54.963438,haute
BJ-D66E92F8,MongoDB Labs,Technologie & IT,Kpomassè,+229 66 49 36 56,mongodb.labs@mongodblabs.bj,mongodblabs.bj,PME (10-50),B2B,Facebook Pages,,Actif,2026-06-29T00:22:54.963460,haute
BJ-84A5C947,UX/UI Works,Technologie & IT,Kpomassè,+229 74 34 32 93,u.works@ux/uiworks.bj,ux/uiworks.bj,Grande (>200),B2C,Facebook Pages,,Actif,2026-06-29T00:22:54.963476,haute
BJ-1AC9AA85,AI Things,Technologie & IT,Kpomassè,+229 56 87 11 10,things@aithings.com.bj,aithings.bj,TPE (<10),B2B,Facebook Pages,,Actif,2026-06-29T00:22:54.963494,haute
BJ-9144C2F0,Angular Studios,Technologie & IT,Kpomassè,+229 95 91 20 42,a.studios@angularstudios.bj,,TPE (<10),B2C,Facebook Pages,,Actif,2026-06-29T00:22:54.963510,moyenne
BJ-A1BE30DC,PHP SARL,Technologie & IT,Kpomassè,+229 80 70 93 92,p.sarl@phpsarl.org.bj,phpsarl.bj,PME (10-50),B2C,Facebook Pages,,Actif,2026-06-29T00:22:54.963526,haute
BJ-3C8408CE,Swift,Technologie & IT,Tori-Bossito,+229 56 20 74 49,swift@swift.bj,swift.bj,PME (10-50),B2B,Facebook Pages,,Actif,2026-06-29T00:22:54.963551,haute
BJ-1F4034F6,REST,Technologie & IT,Tori-Bossito,+229 85 86 55 99,rest@rest.com.bj,rest.bj,TPE (<10),B2C,Facebook Pages,,Actif,2026-06-29T00:22:54.963569,haute
BJ-34A8D36F,Windows Tori-Bossito,Technologie & IT,Tori-Bossito,+229 45 52 21 96,windowstori@gmail.com,windowstoribossito.bj,PME (50-200),B2B,Facebook Pages,,Actif,2026-06-29T00:22:54.963586,haute
BJ-0E9F3471,Cyber MySQL Tech,Technologie & IT,Tori-Bossito,+229 94 66 82 48,cybermysql@cybermysqltech.com.bj,cybermysqltech.bj,PME (50-200),B2C,Facebook Pages,,Actif,2026-06-29T00:22:54.963601,haute
BJ-4D43BBE7,Cyber Kotlin Labs,Technologie & IT,Tori-Bossito,+229 64 26 20 47,cyberkotlin@yahoo.fr,cyberkotlinlabs.bj,PME (50-200),B2B,Facebook Pages,,Actif,2026-06-29T00:22:54.963616,haute
BJ-EB3781EC,React Soft,Technologie & IT,Grand-Popo,+229 44 39 45 79,r.soft@reactsoft.bj,reactsoft.bj,TPE (<10),B2C,Facebook Pages,,Actif,2026-06-29T00:22:54.963638,haute
BJ-48826B46,Solution Grand-Popo,Technologie & IT,Grand-Popo,+229 33 58 54 96,solutiongrand@yahoo.com,solutiongrandpopo.bj,PME (50-200),B2C,Facebook Pages,,Actif,2026-06-29T00:22:54.963654,haute
BJ-95FA0881,Smart Data Systems,Technologie & IT,Grand-Popo,+229 84 29 79 87,smart.data@smartdatasystem.org.bj,smartdatasystems.bj,TPE (<10),B2C,Facebook Pages,,Actif,2026-06-29T00:22:54.963674,haute
BJ-07EF4C65,PHP Grand-Popo,Technologie & IT,Grand-Popo,+229 76 94 31 64,phpgrand@phpgrandpopo.com.bj,phpgrandpopo.bj,PME (10-50),B2B,Facebook Pages,,Actif,2026-06-29T00:22:54.963691,haute
BJ-FDA05851,Internet,Technologie & IT,Grand-Popo,+229 31 35 87 23,internet@outlook.com,internet.bj,TPE (<10),B2B,Facebook Pages,,Actif,2026-06-29T00:22:54.963704,haute
BJ-ADDD590D,Sys API,Technologie & IT,Athiémé,+229 41 52 65 41,sysapi@yahoo.fr,sysapi.bj,TPE (<10),B2B,Facebook Pages,,Actif,2026-06-29T00:22:54.963726,haute
BJ-F7EBCEAD,Bitcoin,Technologie & IT,Athiémé,+229 59 13 84 94,bitcoin@yahoo.com,bitcoin.bj,PME (50-200),B2C,Facebook Pages,,Actif,2026-06-29T00:22:54.963740,haute
BJ-0D3FA205,API Digital,Technologie & IT,Athiémé,+229 95 82 94 15,api_digital@apidigital.org.bj,apidigital.bj,TPE (<10),B2C,Facebook Pages,,Actif,2026-06-29T00:22:54.963760,haute
BJ-ED5BA5E2,Linux,Technologie & IT,Athiémé,+229 33 11 88 94,linux@yahoo.fr,linux.bj,TPE (<10),B2C,Facebook Pages,,Actif,2026-06-29T00:22:54.963774,haute
BJ-8EC1AA72,App Java Works,Technologie & IT,Athiémé,+229 21 97 78 27,app_java@appjavaworks.com.bj,appjavaworks.bj,TPE (<10),B2C,Facebook Pages,,Actif,2026-06-29T00:22:54.963800,haute
BJ-45AEAE1E,Data Agile,Technologie & IT,Bopa,+229 23 80 51 98,dataagile@dataagile.bj,,PME (50-200),B2C,Facebook Pages,,Actif,2026-06-29T00:22:54.963850,moyenne
BJ-71C1D017,Business Digital,Technologie & IT,Bopa,+229 29 99 71 51,b.digital@businessdigital.bj,businessdigital.bj,PME (10-50),B2B,Facebook Pages,,Actif,2026-06-29T00:22:54.963900,haute
BJ-58830659,Tech Crypto,Technologie & IT,Bopa,+229 59 61 28 87,,techcrypto.bj,PME (10-50),B2B,Facebook Pages,,Actif,2026-06-29T00:22:54.963929,moyenne
BJ-5706E29A,Cloud Bitcoin Africa,Technologie & IT,Bopa,+229 98 38 89 32,cloud.bitcoin@cloudbitcoinafr.bj,cloudbitcoinafrica.bj,TPE (<10),B2B,Facebook Pages,,Actif,2026-06-29T00:22:54.963949,haute
BJ-688319E5,Rust Tech,Technologie & IT,Bopa,+229 40 59 75 50,r.tech@rusttech.com.bj,rusttech.bj,Grande (>200),B2C,Facebook Pages,,Actif,2026-06-29T00:22:54.963965,haute
BJ-322FE3B9,IaaS Houéyogbé,Technologie & IT,Houéyogbé,+229 90 73 91 97,iaas.houéyogbé@gmail.com,iaashouéyogbé.bj,PME (50-200),B2B,Facebook Pages,,Actif,2026-06-29T00:22:54.963992,haute
BJ-0E905412,Android Houéyogbé,Technologie & IT,Houéyogbé,+229 49 46 78 54,androidhouéyogbé@androidhouéyogb.com.bj,androidhouéyogbé.bj,PME (50-200),B2B,Facebook Pages,,Actif,2026-06-29T00:22:54.964011,haute
BJ-AED38660,Data IaaS Africa Houéyogbé,Technologie & IT,Houéyogbé,+229 92 51 60 14,data.iaas@outlook.com,dataiaasafricahouéyogbé.bj,TPE (<10),B2C,Facebook Pages,,Actif,2026-06-29T00:22:54.964030,haute
BJ-9FB27FDF,Cloud Things Houéyogbé,Technologie & IT,Houéyogbé,+229 34 78 90 36,c.things@yahoo.fr,cloudthingshouéyogbé.bj,PME (10-50),B2C,Facebook Pages,,Actif,2026-06-29T00:22:54.964047,haute
BJ-C1816F16,Kotlin,Technologie & IT,Houéyogbé,+229 49 81 93 38,kotlin@yahoo.fr,kotlin.bj,PME (50-200),B2B,Facebook Pages,,Actif,2026-06-29T00:22:54.964070,haute
BJ-27D2E762,Internet Malanville,Technologie & IT,Malanville,+229 67 55 30 23,internetmalanville@internetmalanvi.org.bj,internetmalanville.bj,PME (10-50),B2C,Facebook Pages,,Actif,2026-06-29T00:22:54.964097,haute
BJ-8928549C,AI Internet Labs,Technologie & IT,Malanville,+229 72 71 76 90,internetlabs@aiinternetlabs.com.bj,aiinternetlabs.bj,TPE (<10),B2B,Facebook Pages,,Actif,2026-06-29T00:22:54.964115,haute
BJ-60C33150,Soft Cyber Soft,Technologie & IT,Malanville,+229 52 11 97 81,softcyber@hotmail.com,softcybersoft.bj,Grande (>200),B2B,Facebook Pages,,Actif,2026-06-29T00:22:54.964133,haute
BJ-3EF09725,Data Bitcoin Tech,Technologie & IT,Malanville,+229 58 11 35 16,data.bitcoin@gmail.com,databitcointech.bj,PME (50-200),B2B,Facebook Pages,,Actif,2026-06-29T00:22:54.964148,haute
BJ-6C6AFF76,Digital Studios,Technologie & IT,Malanville,+229 94 81 89 26,digitalstudios@digitalstudios.bj,digitalstudios.bj,TPE (<10),B2B,Facebook Pages,,Actif,2026-06-29T00:22:54.964164,haute
BJ-8D4D895B,Internet Kandi,Technologie & IT,Kandi,+229 52 44 53 18,i.kandi@gmail.com,internetkandi.bj,PME (10-50),B2C,Facebook Pages,,Actif,2026-06-29T00:22:54.964190,haute
BJ-A75E3A24,Tech Design,Technologie & IT,Kandi,+229 25 53 14 55,,techdesign.bj,Grande (>200),B2B,Facebook Pages,,Actif,2026-06-29T00:22:54.964203,moyenne
BJ-6A0666B1,IoT Systems,Technologie & IT,Kandi,+229 47 37 78 62,iot.systems@yahoo.com,iotsystems.bj,PME (10-50),B2C,Facebook Pages,,Actif,2026-06-29T00:22:54.964233,haute
BJ-8ACABF4F,Design,Technologie & IT,Kandi,+229 38 13 73 52,design@design.com.bj,design.bj,TPE (<10),B2C,Facebook Pages,,Actif,2026-06-29T00:22:54.964247,haute
BJ-1BE599E9,MySQL,Technologie & IT,Banikoara,+229 89 45 82 89,mysql@mysql.org.bj,mysql.bj,TPE (<10),B2B,Facebook Pages,,Actif,2026-06-29T00:22:54.964267,haute
BJ-64FD073E,Oracle,Technologie & IT,Banikoara,+229 79 14 28 24,oracle@oracle.com.bj,oracle.bj,PME (10-50),B2C,Facebook Pages,,Actif,2026-06-29T00:22:54.964300,haute
BJ-BC3743A7,Serverless Works,Technologie & IT,Banikoara,+229 81 47 92 91,serverless.works@serverlessworks.com.bj,serverlessworks.bj,TPE (<10),B2B,Facebook Pages,,Actif,2026-06-29T00:22:54.964316,haute
BJ-22E58BC2,Tech Vue Banikoara,Technologie & IT,Banikoara,+229 86 41 50 59,tech.vue@hotmail.com,techvuebanikoara.bj,PME (10-50),B2C,Facebook Pages,,Actif,2026-06-29T00:22:54.964332,haute
BJ-04114AF9,Crypto Tech,Technologie & IT,Ségbana,+229 20 58 70 79,c.tech@cryptotech.com.bj,cryptotech.bj,TPE (<10),B2C,Facebook Pages,,Actif,2026-06-29T00:22:54.964355,haute
BJ-F080B3C9,Sys Kotlin Hub Ségbana,Technologie & IT,Ségbana,+229 30 82 48 68,sys.kotlin@hotmail.com,syskotlinhubségbana.bj,TPE (<10),B2B,Facebook Pages,,Actif,2026-06-29T00:22:54.964386,haute
BJ-73776BB8,Kanban,Technologie & IT,Ségbana,+229 30 43 22 57,kanban@kanban.com.bj,kanban.bj,PME (10-50),B2C,Facebook Pages,,Actif,2026-06-29T00:22:54.964400,haute
BJ-49D2D192,Info Angular,Technologie & IT,Ségbana,+229 29 91 91 94,info_angular@hotmail.com,,TPE (<10),B2B,Facebook Pages,,Actif,2026-06-29T00:22:54.964414,moyenne
BJ-210F439E,Go Tech Karimama,Technologie & IT,Karimama,+229 83 13 54 90,t.karimama@yahoo.com,gotechkarimama.bj,TPE (<10),B2B,Facebook Pages,,Actif,2026-06-29T00:22:54.964437,haute
BJ-E387B32E,Net MongoDB SARL,Technologie & IT,Karimama,+229 70 10 50 22,n.mongodb@outlook.com,netmongodbsarl.bj,PME (10-50),B2B,Facebook Pages,,Actif,2026-06-29T00:22:54.964452,haute
BJ-B9312C63,Intelligence,Technologie & IT,Karimama,+229 28 76 36 13,intelligence@intelligence.com.bj,intelligence.bj,PME (10-50),B2B,Facebook Pages,,Actif,2026-06-29T00:22:54.964469,haute
BJ-DA9A208E,BI,Technologie & IT,Karimama,+229 76 27 16 17,bi@bi.org.bj,bi.bj,PME (10-50),B2C,Facebook Pages,,Actif,2026-06-29T00:22:54.964484,haute
BJ-DFE64206,Cyber Microservices,Technologie & IT,Karimama,+229 21 77 93 78,cybermicroservices@cybermicroservi.bj,cybermicroservices.bj,Grande (>200),B2C,Facebook Pages,,Actif,2026-06-29T00:22:54.964504,haute
BJ-162C6143,Info Microservices Gogounou,Technologie & IT,Gogounou,+229 43 56 61 28,info.microservices@infomicroservic.bj,infomicroservicesgogounou.bj,TPE (<10),B2C,Facebook Pages,,Actif,2026-06-29T00:22:54.964528,haute
BJ-4C3698A8,Web Intelligence Studios,Technologie & IT,Gogounou,+229 98 42 31 87,web.intelligence@gmail.com,webintelligencestudios.bj,PME (10-50),B2C,Facebook Pages,,Actif,2026-06-29T00:22:54.964544,haute
BJ-492FB3C5,Swift,Technologie & IT,Gogounou,+229 48 12 93 94,,swift.bj,TPE (<10),B2B,Facebook Pages,,Actif,2026-06-29T00:22:54.964556,moyenne
BJ-15D3B6E7,CI/CD,Technologie & IT,Gogounou,+229 38 31 47 52,ci/cd@ci/cd.com.bj,ci/cd.bj,Grande (>200),B2C,Facebook Pages,,Actif,2026-06-29T00:22:54.964569,haute
BJ-A32ED70E,Kubernetes International Gogounou,Technologie & IT,Gogounou,+229 31 99 69 81,k.international@kubernetesinter.bj,kubernetesinternationalgogounou.bj,TPE (<10),B2B,Facebook Pages,,Actif,2026-06-29T00:22:54.964590,haute
BJ-6A9B5312,AI Serverless,Technologie & IT,Cobly,+229 78 37 72 47,serverless@aiserverless.com.bj,aiserverless.bj,Grande (>200),B2C,Facebook Pages,,Actif,2026-06-29T00:22:54.964612,haute
BJ-D5FE851D,Network Cobly,Technologie & IT,Cobly,+229 91 10 60 42,n.cobly@networkcobly.com.bj,networkcobly.bj,TPE (<10),B2C,Facebook Pages,,Actif,2026-06-29T00:22:54.964628,haute
BJ-12778846,Smart React,Technologie & IT,Cobly,+229 57 92 83 23,smartreact@yahoo.fr,smartreact.bj,PME (10-50),B2B,Facebook Pages,,Actif,2026-06-29T00:22:54.964646,haute
BJ-46F0CE9B,Soft Agile,Technologie & IT,Cobly,+229 21 45 71 81,s.agile@softagile.com.bj,softagile.bj,PME (10-50),B2B,Facebook Pages,,Actif,2026-06-29T00:22:54.964662,haute
BJ-B3723EFB,Digital Android,Technologie & IT,Cobly,+229 21 13 41 66,digitalandroid@outlook.com,digitalandroid.bj,PME (10-50),B2B,Facebook Pages,,Actif,2026-06-29T00:22:54.964677,haute
BJ-9F5A361F,Web AI Systems,Technologie & IT,Tanguiéta,+229 96 25 78 69,websystems@yahoo.fr,webaisystems.bj,PME (10-50),B2C,Facebook Pages,,Actif,2026-06-29T00:22:54.964713,haute
BJ-41528CD6,Deep,Technologie & IT,Tanguiéta,+229 28 49 14 52,deep@deep.bj,deep.bj,TPE (<10),B2C,Facebook Pages,,Actif,2026-06-29T00:22:54.964731,haute
BJ-74DBCABC,AI Things Africa Tanguiéta,Technologie & IT,Tanguiéta,+229 59 82 17 21,t.africa@aithingsafricat.bj,aithingsafricatanguiéta.bj,TPE (<10),B2B,Facebook Pages,,Actif,2026-06-29T00:22:54.964750,haute
BJ-BC7F8AFE,Digital Things,Technologie & IT,Tanguiéta,+229 46 59 48 50,digital.things@digitalthings.bj,digitalthings.bj,PME (10-50),B2B,Facebook Pages,,Actif,2026-06-29T00:22:54.964766,haute
BJ-4271E46D,Digital Angular Digital,Technologie & IT,Matéri,+229 29 64 30 99,d.angular@digitalangulard.org.bj,digitalangulardigital.bj,PME (10-50),B2B,Facebook Pages,,Actif,2026-06-29T00:22:54.964789,haute
BJ-FE547704,AI Android,Technologie & IT,Matéri,+229 45 62 39 64,android@aiandroid.org.bj,aiandroid.bj,PME (50-200),B2B,Facebook Pages,,Actif,2026-06-29T00:22:54.964804,haute
BJ-D51E11C8,Swift,Technologie & IT,Matéri,+229 28 71 64 82,swift@swift.bj,swift.bj,PME (50-200),B2B,Facebook Pages,,Actif,2026-06-29T00:22:54.964821,haute
BJ-97E2DB1D,Soft C++ Labs,Technologie & IT,Matéri,+229 27 36 96 92,soft.c++@softc++labs.org.bj,softc++labs.bj,PME (10-50),B2C,Facebook Pages,,Actif,2026-06-29T00:22:54.964838,haute
BJ-D11B63A3,Tech NoSQL,Technologie & IT,Matéri,+229 24 44 89 31,technosql@technosql.org.bj,technosql.bj,TPE (<10),B2C,Facebook Pages,,Actif,2026-06-29T00:22:54.964853,haute
BJ-2BB77373,AI Things,Technologie & IT,Natitingou,+229 78 51 32 64,things@aithings.bj,aithings.bj,TPE (<10),B2C,Facebook Pages,,Actif,2026-06-29T00:22:54.964874,haute
BJ-09B8680D,PHP Natitingou,Technologie & IT,Natitingou,+229 45 53 58 15,php_natitingou@yahoo.fr,phpnatitingou.bj,Grande (>200),B2B,Facebook Pages,,Actif,2026-06-29T00:22:54.964900,haute
BJ-3A8E42F8,Serverless,Technologie & IT,Natitingou,+229 44 77 18 50,serverless@serverless.org.bj,serverless.bj,TPE (<10),B2B,Facebook Pages,,Actif,2026-06-29T00:22:54.964917,haute
BJ-7FDF491A,PaaS Systems,Technologie & IT,Natitingou,+229 55 74 28 98,paas_systems@outlook.com,paassystems.bj,TPE (<10),B2B,Facebook Pages,,Actif,2026-06-29T00:22:54.964933,haute
BJ-C9A84BD4,App C# Tech,Technologie & IT,Natitingou,+229 68 92 86 15,app.tech@appc#tech.bj,appc#tech.bj,TPE (<10),B2B,Facebook Pages,,Actif,2026-06-29T00:22:54.964949,haute
BJ-2730F61A,MongoDB,Technologie & IT,Toucountouna,+229 36 89 92 95,,mongodb.bj,PME (10-50),B2C,Facebook Pages,,Actif,2026-06-29T00:22:54.964986,moyenne
BJ-03DCF2B5,Info macOS,Technologie & IT,Toucountouna,+229 84 90 17 21,info.macos@infomacos.bj,infomacos.bj,PME (10-50),B2B,Facebook Pages,,Actif,2026-06-29T00:22:54.965005,haute
BJ-F347FBE3,Fullstack Hub,Technologie & IT,Toucountouna,+229 91 40 15 14,fullstack.hub@fullstackhub.bj,fullstackhub.bj,PME (50-200),B2C,Facebook Pages,,Actif,2026-06-29T00:22:54.965022,haute
BJ-7536A851,Smart Informatique,Technologie & IT,Boukoumbé,+229 93 57 20 17,s.informatique@smartinformatiq.org.bj,,PME (50-200),B2B,Facebook Pages,,Actif,2026-06-29T00:22:54.965058,moyenne
BJ-8D5745CC,BI,Technologie & IT,Boukoumbé,+229 76 11 86 64,,bi.bj,PME (10-50),B2C,Facebook Pages,,Actif,2026-06-29T00:22:54.965071,moyenne
BJ-67E7C7D4,Data,Technologie & IT,Boukoumbé,+229 95 96 53 17,data@data.org.bj,data.bj,PME (10-50),B2B,Facebook Pages,,Actif,2026-06-29T00:22:54.965085,haute
BJ-7031DE69,Informatique Systems Boukoumbé,Technologie & IT,Boukoumbé,+229 81 66 71 90,informatiquesystems@informatiquesys.com.bj,informatiquesystemsboukoumbé.bj,PME (10-50),B2C,Facebook Pages,,Actif,2026-06-29T00:22:54.965103,haute
BJ-D92C08D5,Smart MySQL Boukoumbé,Technologie & IT,Boukoumbé,+229 56 30 82 78,smartmysql@yahoo.fr,smartmysqlboukoumbé.bj,PME (10-50),B2C,Facebook Pages,,Actif,2026-06-29T00:22:54.965124,haute
BJ-21F8094C,C# Soft,Technologie & IT,Kouandé,+229 41 67 20 51,soft@hotmail.com,c#soft.bj,TPE (<10),B2C,Facebook Pages,,Actif,2026-06-29T00:22:54.965146,haute
BJ-AA1213A9,Cyber Bitcoin,Technologie & IT,Kouandé,+229 22 73 19 30,c.bitcoin@cyberbitcoin.org.bj,cyberbitcoin.bj,TPE (<10),B2B,Facebook Pages,,Actif,2026-06-29T00:22:54.965163,haute
BJ-37E2976D,Solution Soft,Technologie & IT,Kouandé,+229 35 72 21 86,solutionsoft@solutionsoft.org.bj,solutionsoft.bj,TPE (<10),B2B,Facebook Pages,,Actif,2026-06-29T00:22:54.965181,haute
BJ-480A1DD8,Node,Technologie & IT,Kouandé,+229 89 40 49 10,node@gmail.com,node.bj,PME (50-200),B2C,Facebook Pages,,Actif,2026-06-29T00:22:54.965196,haute
BJ-05463B66,Cloud,Technologie & IT,Kouandé,+229 55 86 75 17,cloud@outlook.com,,TPE (<10),B2B,Facebook Pages,,Actif,2026-06-29T00:22:54.965212,moyenne
BJ-4949BCEC,Soft Serverless,Technologie & IT,Péhunco,+229 38 30 58 76,s.serverless@softserverless.com.bj,softserverless.bj,PME (50-200),B2B,Facebook Pages,,Actif,2026-06-29T00:22:54.965236,haute
BJ-5F75EC15,Frontend,Technologie & IT,Péhunco,+229 53 21 38 98,frontend@frontend.com.bj,frontend.bj,PME (50-200),B2B,Facebook Pages,,Actif,2026-06-29T00:22:54.965250,haute
BJ-409DC471,Web C++,Technologie & IT,Péhunco,+229 23 25 66 55,web.c++@gmail.com,webc++.bj,TPE (<10),B2B,Facebook Pages,,Actif,2026-06-29T00:22:54.965266,haute
BJ-4B87A69A,AI Java Tech,Technologie & IT,Péhunco,+229 30 99 53 87,j.tech@aijavatech.org.bj,aijavatech.bj,TPE (<10),B2C,Facebook Pages,,Actif,2026-06-29T00:22:54.965283,haute
BJ-9B4B9566,Data PaaS Systems,Technologie & IT,Péhunco,+229 55 41 72 36,datapaas@outlook.com,datapaassystems.bj,PME (10-50),B2B,Facebook Pages,,Actif,2026-06-29T00:22:54.965298,haute
BJ-31BB855D,Backend Hub,Technologie & IT,Tchaourou,+229 26 79 74 87,b.hub@backendhub.com.bj,backendhub.bj,TPE (<10),B2B,Facebook Pages,,Actif,2026-06-29T00:22:54.965322,haute
BJ-E3E312B5,Things,Technologie & IT,Tchaourou,+229 51 47 51 16,things@yahoo.fr,things.bj,PME (10-50),B2C,Facebook Pages,,Actif,2026-06-29T00:22:54.965335,haute
BJ-54F638B2,Cyber Logiciel,Technologie & IT,Tchaourou,+229 90 12 64 85,c.logiciel@cyberlogiciel.bj,cyberlogiciel.bj,TPE (<10),B2B,Facebook Pages,,Actif,2026-06-29T00:22:54.965354,haute
BJ-DFA4AA8C,Solution Tech Tchaourou,Technologie & IT,Tchaourou,+229 88 47 86 93,solutiontech@hotmail.com,solutiontechtchaourou.bj,PME (10-50),B2C,Facebook Pages,,Actif,2026-06-29T00:22:54.965371,haute
BJ-178BEC1F,Digital Deep,Technologie & IT,Tchaourou,+229 42 72 72 86,digital.deep@digitaldeep.org.bj,digitaldeep.bj,PME (50-200),B2C,Facebook Pages,,Actif,2026-06-29T00:22:54.965387,haute
BJ-C1BF0FC4,Net Network Hub,Technologie & IT,Nikki,+229 92 35 26 20,net.network@netnetworkhub.org.bj,netnetworkhub.bj,TPE (<10),B2C,Facebook Pages,,Actif,2026-06-29T00:22:54.965410,haute
BJ-49883327,CI/CD Systems,Technologie & IT,Nikki,+229 73 42 66 88,ci/cd.systems@ci/cdsystems.bj,ci/cdsystems.bj,Grande (>200),B2B,Facebook Pages,,Actif,2026-06-29T00:22:54.965429,haute
BJ-217127D0,BI,Technologie & IT,Nikki,+229 94 84 40 92,bi@yahoo.fr,,PME (10-50),B2C,Facebook Pages,,Actif,2026-06-29T00:22:54.965444,moyenne
BJ-B3CE22B4,Docker,Technologie & IT,Nikki,+229 51 29 89 54,docker@docker.com.bj,docker.bj,PME (10-50),B2B,Facebook Pages,,Actif,2026-06-29T00:22:54.965458,haute
BJ-7AE6973F,Tech Application Labs,Technologie & IT,Nikki,+229 59 58 31 38,tech.application@hotmail.com,techapplicationlabs.bj,PME (50-200),B2C,Facebook Pages,,Actif,2026-06-29T00:22:54.965473,haute
BJ-F8E3A94F,Digital MongoDB Solutions Bembéréké,Technologie & IT,Bembéréké,+229 70 38 52 35,digital_mongodb@gmail.com,digitalmongodbsolutionsbembéréké.bj,TPE (<10),B2B,Facebook Pages,,Actif,2026-06-29T00:22:54.965498,haute
BJ-D3BE96DD,App Intelligence,Technologie & IT,Bembéréké,+229 87 57 44 66,a.intelligence@yahoo.fr,appintelligence.bj,PME (10-50),B2C,Facebook Pages,,Actif,2026-06-29T00:22:54.965515,haute
BJ-27244A05,Frontend Bembéréké,Technologie & IT,Bembéréké,+229 59 67 95 23,f.bembéréké@gmail.com,frontendbembéréké.bj,PME (50-200),B2C,Facebook Pages,,Actif,2026-06-29T00:22:54.965536,haute
BJ-6364E131,Data React Bembéréké,Technologie & IT,Bembéréké,+229 75 69 11 99,data.react@datareactbembér.org.bj,datareactbembéréké.bj,PME (50-200),B2B,Facebook Pages,,Actif,2026-06-29T00:22:54.965555,haute
BJ-DD5E2ADE,Backend,Technologie & IT,Bembéréké,+229 81 79 49 99,backend@gmail.com,backend.bj,TPE (<10),B2B,Facebook Pages,,Actif,2026-06-29T00:22:54.965570,haute
BJ-E768704C,Deep Kalalé,Technologie & IT,Kalalé,+229 92 53 37 95,deep.kalalé@hotmail.com,deepkalalé.bj,TPE (<10),B2B,Facebook Pages,,Actif,2026-06-29T00:22:54.965597,haute
BJ-C1012F90,Digital IoT Kalalé,Technologie & IT,Kalalé,+229 76 19 60 83,,digitaliotkalalé.bj,TPE (<10),B2B,Facebook Pages,,Actif,2026-06-29T00:22:54.965611,moyenne
BJ-FE0EC6F6,Bitcoin Labs,Technologie & IT,Kalalé,+229 22 10 34 24,bitcoinlabs@hotmail.com,bitcoinlabs.bj,PME (10-50),B2B,Facebook Pages,,Actif,2026-06-29T00:22:54.965627,haute
BJ-10D17899,Android,Technologie & IT,Kalalé,+229 89 42 63 75,android@yahoo.fr,android.bj,PME (50-200),B2B,Facebook Pages,,Actif,2026-06-29T00:22:54.965641,haute
BJ-31D005A7,PHP Kalalé,Technologie & IT,Kalalé,+229 20 10 26 37,phpkalalé@hotmail.com,phpkalalé.bj,TPE (<10),B2B,Facebook Pages,,Actif,2026-06-29T00:22:54.965657,haute
BJ-00AA52AC,Vue Ndali,Technologie & IT,Ndali,+229 24 82 58 47,vue.ndali@yahoo.com,vuendali.bj,PME (50-200),B2C,Facebook Pages,,Actif,2026-06-29T00:22:54.965680,haute
BJ-B8AB016D,App SQL,Technologie & IT,Ndali,+229 57 99 27 21,app.sql@yahoo.com,appsql.bj,PME (50-200),B2B,Facebook Pages,,Actif,2026-06-29T00:22:54.965700,haute
BJ-67F45CEE,AI Backend Labs,Technologie & IT,Ndali,+229 97 89 75 93,b.labs@aibackendlabs.com.bj,aibackendlabs.bj,PME (50-200),B2C,Facebook Pages,,Actif,2026-06-29T00:22:54.965720,haute
BJ-A6BCA823,Sys Agile Digital,Technologie & IT,Ndali,+229 80 18 73 67,sysagile@gmail.com,sysagiledigital.bj,PME (10-50),B2B,Facebook Pages,,Actif,2026-06-29T00:22:54.965752,haute
BJ-372DBF8B,Kotlin,Technologie & IT,Ségbana,+229 30 70 13 84,kotlin@yahoo.com,kotlin.bj,TPE (<10),B2C,Facebook Pages,,Actif,2026-06-29T00:22:54.965772,haute
BJ-774B5F7E,GraphQL,Technologie & IT,Ségbana,+229 76 69 47 16,graphql@graphql.com.bj,graphql.bj,Grande (>200),B2C,Facebook Pages,,Actif,2026-06-29T00:22:54.965801,haute
BJ-38E3C04B,Info Kubernetes Hub,Technologie & IT,Ségbana,+229 40 36 36 91,i.kubernetes@yahoo.com,infokuberneteshub.bj,TPE (<10),B2C,Facebook Pages,,Actif,2026-06-29T00:22:54.965816,haute
BJ-C2165A30,Go,Technologie & IT,Ségbana,+229 53 24 60 62,go@outlook.com,go.bj,PME (10-50),B2C,Facebook Pages,,Actif,2026-06-29T00:22:54.965830,haute
BJ-8953335B,Blockchain Solutions,Technologie & IT,Tchaourou,+229 92 34 70 85,b.solutions@gmail.com,blockchainsolutions.bj,PME (10-50),B2C,Facebook Pages,,Actif,2026-06-29T00:22:54.965856,haute
BJ-074AA0FD,Things Solutions,Technologie & IT,Tchaourou,+229 45 78 71 25,things.solutions@gmail.com,thingssolutions.bj,TPE (<10),B2B,Facebook Pages,,Actif,2026-06-29T00:22:54.965872,haute
BJ-76B0E610,Cyber IaaS,Technologie & IT,Tchaourou,+229 43 52 68 90,cyberiaas@yahoo.fr,cyberiaas.bj,PME (50-200),B2C,Facebook Pages,,Actif,2026-06-29T00:22:54.965904,haute
BJ-76EAE9D0,Microservices Solutions,Technologie & IT,Tchaourou,+229 54 17 24 70,microservices.solutions@outlook.com,microservicessolutions.bj,PME (50-200),B2C,Facebook Pages,,Actif,2026-06-29T00:22:54.965923,haute
BJ-3F93AEFF,Info Java Tchaourou,Technologie & IT,Tchaourou,+229 33 47 78 33,infojava@infojavatchaour.com.bj,infojavatchaourou.bj,PME (50-200),B2C,Facebook Pages,,Actif,2026-06-29T00:22:54.965939,haute
BJ-264519CE,ERP,Technologie & IT,Bétérou,+229 28 38 38 61,erp@hotmail.com,erp.bj,PME (50-200),B2C,Facebook Pages,,Actif,2026-06-29T00:22:54.965960,haute
BJ-3D4DFE5D,Serverless,Technologie & IT,Bétérou,+229 79 29 42 97,serverless@serverless.com.bj,serverless.bj,PME (50-200),B2C,Facebook Pages,,Actif,2026-06-29T00:22:54.965974,haute
BJ-C5587976,React,Technologie & IT,Bétérou,+229 50 76 97 94,react@yahoo.fr,,TPE (<10),B2B,Facebook Pages,,Actif,2026-06-29T00:22:54.965986,moyenne
BJ-6FCF8F7B,Frontend SARL Bétérou,Technologie & IT,Bétérou,+229 37 20 99 34,frontendsarl@outlook.com,frontendsarlbétérou.bj,TPE (<10),B2C,Facebook Pages,,Actif,2026-06-29T00:22:54.966003,haute
BJ-5B03BFD4,Web Linux,Technologie & IT,Bétérou,+229 97 33 46 71,weblinux@weblinux.bj,weblinux.bj,PME (10-50),B2B,Facebook Pages,,Actif,2026-06-29T00:22:54.966019,haute
BJ-5F5A5EB4,Sys Cyber Ouessè,Technologie & IT,Ouessè,+229 75 37 42 73,sys.cyber@yahoo.com,syscyberouessè.bj,PME (10-50),B2C,Facebook Pages,,Actif,2026-06-29T00:22:54.966043,haute
BJ-96410FFF,Go Digital,Technologie & IT,Ouessè,+229 78 54 58 61,digital@gmail.com,godigital.bj,PME (10-50),B2C,Facebook Pages,,Actif,2026-06-29T00:22:54.966058,haute
BJ-23270D1C,Web UX/UI Ouessè,Technologie & IT,Ouessè,+229 86 54 24 73,webux/ui@webux/uiouessè.org.bj,webux/uiouessè.bj,TPE (<10),B2B,Facebook Pages,,Actif,2026-06-29T00:22:54.966081,haute
BJ-310F6AAF,Tech React,Technologie & IT,Ouessè,+229 72 90 52 70,tech.react@techreact.bj,techreact.bj,PME (10-50),B2B,Facebook Pages,,Actif,2026-06-29T00:22:54.966098,haute
BJ-AC6155F8,Cloud Scrum Studios,Technologie & IT,Ouessè,+229 91 25 79 83,cloudscrum@yahoo.com,cloudscrumstudios.bj,PME (10-50),B2B,Facebook Pages,,Actif,2026-06-29T00:22:54.966113,haute
BJ-15D16027,Intelligence,Technologie & IT,Glazoué,+229 34 44 24 13,intelligence@yahoo.com,intelligence.bj,TPE (<10),B2C,Facebook Pages,,Actif,2026-06-29T00:22:54.966133,haute
BJ-EAD97896,Digital CI/CD,Technologie & IT,Glazoué,+229 80 53 61 33,digitalci/cd@outlook.com,digitalci/cd.bj,PME (50-200),B2C,Facebook Pages,,Actif,2026-06-29T00:22:54.966163,haute
BJ-D11C2CFC,Soft macOS Studios Glazoué,Technologie & IT,Glazoué,+229 53 86 32 67,softmacos@softmacosstudio.com.bj,softmacosstudiosglazoué.bj,PME (50-200),B2B,Facebook Pages,,Actif,2026-06-29T00:22:54.966182,haute
BJ-4B81AAC1,Blockchain Digital,Technologie & IT,Glazoué,+229 37 26 86 26,blockchain_digital@gmail.com,blockchaindigital.bj,PME (50-200),B2C,Facebook Pages,,Actif,2026-06-29T00:22:54.966198,haute
BJ-961BB3D3,Smart Fullstack,Technologie & IT,Dassa-Zoumè,+229 42 92 77 60,smart.fullstack@yahoo.fr,smartfullstack.bj,PME (10-50),B2C,Facebook Pages,,Actif,2026-06-29T00:22:54.966221,haute
BJ-93F1F5EB,macOS Africa Dassa-Zoumè,Technologie & IT,Dassa-Zoumè,+229 89 99 16 46,macos.africa@macosafricadass.bj,macosafricadassazoumè.bj,TPE (<10),B2C,Facebook Pages,,Actif,2026-06-29T00:22:54.966241,haute
BJ-F2AA0E04,Data Vue,Technologie & IT,Dassa-Zoumè,+229 23 14 52 32,d.vue@hotmail.com,datavue.bj,Grande (>200),B2C,Facebook Pages,,Actif,2026-06-29T00:22:54.966261,haute
BJ-BB9A3D39,Info Serverless Dassa-Zoumè,Technologie & IT,Dassa-Zoumè,+229 33 84 41 69,i.serverless@gmail.com,infoserverlessdassazoumè.bj,PME (10-50),B2C,Facebook Pages,,Actif,2026-06-29T00:22:54.966282,haute
BJ-421C7A8F,Cloud Agile Dassa-Zoumè,Technologie & IT,Dassa-Zoumè,+229 97 14 23 55,cloud.agile@hotmail.com,cloudagiledassazoumè.bj,TPE (<10),B2C,Facebook Pages,,Actif,2026-06-29T00:22:54.966298,haute
BJ-2837F495,Tech Oracle,Technologie & IT,Savalou,+229 65 71 65 81,techoracle@yahoo.fr,,PME (10-50),B2B,Facebook Pages,,Actif,2026-06-29T00:22:54.966321,moyenne
BJ-4F73EF19,Tech Design Savalou,Technologie & IT,Savalou,+229 92 96 61 32,techdesign@techdesignsaval.bj,techdesignsavalou.bj,TPE (<10),B2B,Facebook Pages,,Actif,2026-06-29T00:22:54.966338,haute
BJ-6772DC5A,Logiciel Studios,Technologie & IT,Savalou,+229 96 13 41 62,logiciel.studios@yahoo.fr,logicielstudios.bj,PME (50-200),B2B,Facebook Pages,,Actif,2026-06-29T00:22:54.966353,haute
BJ-21635016,ERP,Technologie & IT,Savalou,+229 98 34 91 24,erp@gmail.com,erp.bj,PME (10-50),B2C,Facebook Pages,,Actif,2026-06-29T00:22:54.966367,haute
BJ-A9C2C1E2,App Python Soft,Technologie & IT,Savalou,+229 75 38 20 71,a.python@hotmail.com,apppythonsoft.bj,Grande (>200),B2C,Facebook Pages,,Actif,2026-06-29T00:22:54.966390,haute
BJ-EC1C8B93,Web Android,Technologie & IT,Bantè,+229 83 76 79 44,w.android@webandroid.org.bj,webandroid.bj,PME (50-200),B2B,Facebook Pages,,Actif,2026-06-29T00:22:54.966413,haute
BJ-5B56F536,Logiciel Studios Bantè,Technologie & IT,Bantè,+229 84 82 41 97,logiciel.studios@gmail.com,logicielstudiosbantè.bj,PME (50-200),B2B,Facebook Pages,,Actif,2026-06-29T00:22:54.966431,haute
BJ-6C666BAE,API,Technologie & IT,Bantè,+229 88 54 14 53,api@api.org.bj,api.bj,Grande (>200),B2C,Facebook Pages,,Actif,2026-06-29T00:22:54.966448,haute
BJ-00B93E34,Digital Hub,Technologie & IT,Bantè,+229 79 72 80 20,digitalhub@gmail.com,digitalhub.bj,PME (10-50),B2C,Facebook Pages,,Actif,2026-06-29T00:22:54.966464,haute
BJ-C6067C62,Smart API,Technologie & IT,Bantè,+229 72 72 24 70,s.api@outlook.com,smartapi.bj,PME (10-50),B2C,Facebook Pages,,Actif,2026-06-29T00:22:54.966479,haute
BJ-21EE975F,Smart Cyber,Technologie & IT,Djougou,+229 58 95 65 73,s.cyber@smartcyber.com.bj,smartcyber.bj,PME (10-50),B2C,Facebook Pages,,Actif,2026-06-29T00:22:54.966507,haute
BJ-2B7FE6B8,AI SQL,Technologie & IT,Djougou,+229 60 27 29 43,,aisql.bj,PME (50-200),B2B,Facebook Pages,,Actif,2026-06-29T00:22:54.966520,moyenne
BJ-08C9314E,Smart BI,Technologie & IT,Djougou,+229 90 55 17 85,smart@yahoo.fr,,PME (50-200),B2B,Facebook Pages,,Actif,2026-06-29T00:22:54.966533,moyenne
BJ-79C16D20,SQL Solutions Djougou,Technologie & IT,Djougou,+229 98 16 89 35,sqlsolutions@sqlsolutionsdjo.bj,sqlsolutionsdjougou.bj,TPE (<10),B2C,Facebook Pages,,Actif,2026-06-29T00:22:54.966549,haute
BJ-088069BA,Learning Works,Technologie & IT,Djougou,+229 77 91 83 95,learningworks@learningworks.bj,learningworks.bj,Grande (>200),B2C,Facebook Pages,,Actif,2026-06-29T00:22:54.966565,haute
BJ-18EFF635,App GraphQL Tech,Technologie & IT,Ouèssè,+229 38 51 80 68,appgraphql@appgraphqltech.bj,appgraphqltech.bj,PME (10-50),B2C,Facebook Pages,,Actif,2026-06-29T00:22:54.966591,haute
BJ-34D6E669,Web Web Studios,Technologie & IT,Ouèssè,+229 77 45 41 34,web_web@webwebstudios.bj,webwebstudios.bj,PME (50-200),B2B,Facebook Pages,,Actif,2026-06-29T00:22:54.966608,haute
BJ-C469EFA5,Soft Application SARL,Technologie & IT,Ouèssè,+229 38 53 93 95,soft.application@softapplication.bj,softapplicationsarl.bj,PME (10-50),B2B,Facebook Pages,,Actif,2026-06-29T00:22:54.966631,haute
BJ-2BE1AC4C,Web Technologie,Technologie & IT,Ouèssè,+229 28 23 76 51,web.technologie@webtechnologie.org.bj,webtechnologie.bj,PME (10-50),B2B,Facebook Pages,,Actif,2026-06-29T00:22:54.966648,haute
BJ-896404A2,Kotlin Hub,Technologie & IT,Ouèssè,+229 63 40 16 67,kotlin.hub@yahoo.fr,kotlinhub.bj,TPE (<10),B2C,Facebook Pages,,Actif,2026-06-29T00:22:54.966663,haute
BJ-476E1E84,Intelligence,Technologie & IT,Bassila,+229 31 25 20 11,intelligence@intelligence.com.bj,intelligence.bj,PME (50-200),B2B,Facebook Pages,,Actif,2026-06-29T00:22:54.966684,haute
BJ-F988AEAF,Net Frontend,Technologie & IT,Bassila,+229 93 68 37 47,netfrontend@netfrontend.org.bj,netfrontend.bj,PME (50-200),B2B,Facebook Pages,,Actif,2026-06-29T00:22:54.966700,haute
BJ-6F6345F4,JavaScript Digital,Technologie & IT,Bassila,+229 40 33 84 69,javascriptdigital@yahoo.fr,javascriptdigital.bj,PME (50-200),B2C,Facebook Pages,,Actif,2026-06-29T00:22:54.966715,haute
BJ-F54F3D57,Soft Kanban,Technologie & IT,Bassila,+229 30 69 66 37,s.kanban@softkanban.com.bj,softkanban.bj,TPE (<10),B2C,Facebook Pages,,Actif,2026-06-29T00:22:54.966731,haute
BJ-7EE04680,Analytics Digital,Technologie & IT,Bassila,+229 82 36 75 87,a.digital@yahoo.com,analyticsdigital.bj,TPE (<10),B2C,Facebook Pages,,Actif,2026-06-29T00:22:54.966746,haute
BJ-4F7724E5,Kotlin Studios,Technologie & IT,Pehunco,+229 20 52 25 87,kotlin_studios@kotlinstudios.com.bj,kotlinstudios.bj,TPE (<10),B2B,Facebook Pages,,Actif,2026-06-29T00:22:54.966768,haute
BJ-00466A50,Deep,Technologie & IT,Pehunco,+229 76 85 52 80,deep@deep.bj,deep.bj,TPE (<10),B2B,Facebook Pages,,Actif,2026-06-29T00:22:54.966782,haute
BJ-193F97C7,CRM Pehunco,Technologie & IT,Pehunco,+229 34 97 38 74,crm.pehunco@gmail.com,crmpehunco.bj,PME (50-200),B2B,Facebook Pages,,Actif,2026-06-29T00:22:54.966800,haute
BJ-116CE264,Tech Go Pehunco,Technologie & IT,Pehunco,+229 55 30 92 47,techpehunco@techgopehunco.com.bj,techgopehunco.bj,TPE (<10),B2B,Facebook Pages,,Actif,2026-06-29T00:22:54.966820,haute
BJ-ECB45B98,Web Swift Pehunco,Technologie & IT,Pehunco,+229 36 60 71 71,web.swift@yahoo.fr,webswiftpehunco.bj,PME (10-50),B2C,Facebook Pages,,Actif,2026-06-29T00:22:54.966836,haute
BJ-5B925CA1,Smart Node Systems,Technologie & IT,Copargo,+229 34 34 46 65,s.node@smartnodesystem.com.bj,smartnodesystems.bj,PME (10-50),B2C,Facebook Pages,,Actif,2026-06-29T00:22:54.966875,haute
BJ-04DE1459,Soft Oracle Soft Copargo,Technologie & IT,Copargo,+229 48 83 38 93,softoracle@hotmail.com,softoraclesoftcopargo.bj,TPE (<10),B2B,Facebook Pages,,Actif,2026-06-29T00:22:54.966904,haute
BJ-48B6F686,Info Design Copargo,Technologie & IT,Copargo,+229 28 71 63 16,i.design@infodesigncopar.org.bj,infodesigncopargo.bj,TPE (<10),B2C,Facebook Pages,,Actif,2026-06-29T00:22:54.966924,haute
BJ-CA88899E,Soft Ethereum Labs Copargo,Technologie & IT,Copargo,+229 42 46 38 67,soft.ethereum@softethereumlab.com.bj,softethereumlabscopargo.bj,PME (50-200),B2B,Facebook Pages,,Actif,2026-06-29T00:22:54.966940,haute
BJ-C389B983,Agile Copargo,Technologie & IT,Copargo,+229 84 85 82 26,agilecopargo@agilecopargo.org.bj,agilecopargo.bj,TPE (<10),B2B,Facebook Pages,,Actif,2026-06-29T00:22:54.966955,haute
BJ-07167D2D,Plant Bois Manufacture,Industrie & Manufacture,Cotonou,+229 97 77 98 72,plantbois@yahoo.fr,,TPE (<10),B2B,Facebook Pages,,Actif,2026-06-29T00:22:54.966979,moyenne
BJ-5EEB2AAB,Reliure Cotonou,Industrie & Manufacture,Cotonou,+229 76 84 38 99,reliure.cotonou@reliurecotonou.bj,,TPE (<10),B2B,Facebook Pages,,Actif,2026-06-29T00:22:54.966996,moyenne
BJ-401DAF23,Atelier Perçage SA,Industrie & Manufacture,Cotonou,+229 62 79 21 21,a.perçage@gmail.com,,PME (10-50),B2B,Facebook Pages,,Actif,2026-06-29T00:22:54.967020,moyenne
BJ-211F4534,Acier Manufacture,Industrie & Manufacture,Cotonou,+229 29 63 15 78,,aciermanufacture.bj,TPE (<10),B2B,Facebook Pages,,Actif,2026-06-29T00:22:54.967034,moyenne
BJ-3C64B3F8,Works Hydraulique Cotonou,Industrie & Manufacture,Cotonou,+229 59 21 98 64,workshydraulique@workshydrauliqu.com.bj,workshydrauliquecotonou.bj,PME (10-50),B2B,Facebook Pages,,Actif,2026-06-29T00:22:54.967051,haute
BJ-D0DB0AAD,Pharmaceutique Manufacture Abomey-Calavi,Industrie & Manufacture,Abomey-Calavi,+229 40 66 82 77,p.manufacture@pharmaceutiquem.com.bj,,PME (10-50),B2B,Facebook Pages,,Actif,2026-06-29T00:22:54.967074,moyenne
BJ-6E0B1E8B,Atelier Plastique Plant,Industrie & Manufacture,Abomey-Calavi,+229 58 17 19 11,atelier_plastique@atelierplastiqu.com.bj,atelierplastiqueplant.bj,PME (10-50),B2B,Facebook Pages,,Actif,2026-06-29T00:22:54.967091,haute
BJ-50576FEC,Tournage,Industrie & Manufacture,Abomey-Calavi,+229 87 33 40 47,tournage@outlook.com,tournage.bj,Grande (>200),B2B,Facebook Pages,,Actif,2026-06-29T00:22:54.967120,haute
BJ-26C63DDA,Fraisage,Industrie & Manufacture,Abomey-Calavi,+229 37 14 55 84,,fraisage.bj,PME (10-50),B2B,Facebook Pages,,Actif,2026-06-29T00:22:54.967132,moyenne
BJ-B9690EE6,Automobile,Industrie & Manufacture,Porto-Novo,+229 71 86 15 13,automobile@automobile.bj,automobile.bj,TPE (<10),B2B,Facebook Pages,,Actif,2026-06-29T00:22:54.967152,haute
BJ-6E96EC78,Industrie Électrique SA Porto-Novo,Industrie & Manufacture,Porto-Novo,+229 29 46 91 84,i.électrique@industrieélectr.com.bj,industrieélectriquesaportonovo.bj,PME (50-200),B2B,Facebook Pages,,Actif,2026-06-29T00:22:54.967173,haute
BJ-07A97E91,Manufacture Plastique,Industrie & Manufacture,Porto-Novo,+229 89 27 47 94,m.plastique@manufactureplas.bj,,PME (10-50),B2B,Facebook Pages,,Actif,2026-06-29T00:22:54.967192,moyenne
BJ-90455399,Manufacture Conditionnement Manufacture,Industrie & Manufacture,Porto-Novo,+229 31 59 41 54,,,PME (10-50),B2B,Facebook Pages,,Actif,2026-06-29T00:22:54.967205,basse
BJ-A5586543,Verre,Industrie & Manufacture,Porto-Novo,+229 64 34 89 37,verre@verre.org.bj,verre.bj,TPE (<10),B2B,Facebook Pages,,Actif,2026-06-29T00:22:54.967218,haute
BJ-A6C5BB1B,Électrique Industries,Industrie & Manufacture,Parakou,+229 56 54 11 20,,,Grande (>200),B2B,Facebook Pages,,Actif,2026-06-29T00:22:54.967237,basse
BJ-1EF85793,Fabrique Emballage SA,Industrie & Manufacture,Parakou,+229 99 78 22 89,fabrique_emballage@yahoo.fr,fabriqueemballagesa.bj,TPE (<10),B2B,Facebook Pages,,Actif,2026-06-29T00:22:54.967254,haute
BJ-DA9C73DF,Manufacture Carton,Industrie & Manufacture,Parakou,+229 91 53 60 71,,manufacturecarton.bj,TPE (<10),B2B,Facebook Pages,,Actif,2026-06-29T00:22:54.967295,moyenne
BJ-6495B35E,Plastique,Industrie & Manufacture,Bohicon,+229 51 22 70 97,,plastique.bj,PME (50-200),B2B,Facebook Pages,,Actif,2026-06-29T00:22:54.967312,moyenne
BJ-E48A5E7D,Works Béton,Industrie & Manufacture,Bohicon,+229 88 28 28 50,worksbéton@gmail.com,worksbéton.bj,PME (50-200),B2B,Facebook Pages,,Actif,2026-06-29T00:22:54.967331,haute
BJ-D9892F85,Manufacture Laser Africa,Industrie & Manufacture,Bohicon,+229 59 89 63 30,manufacturelaser@gmail.com,,TPE (<10),B2B,Facebook Pages,,Actif,2026-06-29T00:22:54.967349,moyenne
BJ-7FCE0CC5,Usine CNC,Industrie & Manufacture,Bohicon,+229 94 47 13 84,usinecnc@yahoo.fr,usinecnc.bj,TPE (<10),B2B,Facebook Pages,,Actif,2026-06-29T00:22:54.967369,haute
BJ-DB491367,Adhésif,Industrie & Manufacture,Bohicon,+229 22 33 40 84,,adhésif.bj,PME (10-50),B2B,Facebook Pages,,Actif,2026-06-29T00:22:54.967383,moyenne
BJ-94073821,Unité Imprimerie Plant,Industrie & Manufacture,Natitingou,+229 29 54 15 13,u.imprimerie@yahoo.com,unitéimprimerieplant.bj,PME (50-200),B2B,Facebook Pages,,Actif,2026-06-29T00:22:54.967410,haute
BJ-855BC91B,Industrie Bois Plant,Industrie & Manufacture,Natitingou,+229 97 43 53 12,industrie_bois@industrieboispl.bj,,Grande (>200),B2B,Facebook Pages,,Actif,2026-06-29T00:22:54.967428,moyenne
BJ-D4099440,Acier Manufacture,Industrie & Manufacture,Natitingou,+229 66 92 15 37,aciermanufacture@hotmail.com,,TPE (<10),B2B,Facebook Pages,,Actif,2026-06-29T00:22:54.967443,moyenne
BJ-097700F5,Peinture,Industrie & Manufacture,Natitingou,+229 54 73 88 28,,peinture.bj,PME (10-50),B2B,Facebook Pages,,Actif,2026-06-29T00:22:54.967457,moyenne
BJ-761BA506,Hydraulique Manufacture,Industrie & Manufacture,Natitingou,+229 65 19 28 59,h.manufacture@hydrauliquemanu.bj,hydrauliquemanufacture.bj,PME (50-200),B2B,Facebook Pages,,Actif,2026-06-29T00:22:54.967478,haute
BJ-7CA4DCF9,Béton Lokossa,Industrie & Manufacture,Lokossa,+229 81 76 79 95,b.lokossa@bétonlokossa.com.bj,bétonlokossa.bj,PME (50-200),B2B,Facebook Pages,,Actif,2026-06-29T00:22:54.967505,haute
BJ-E433545E,Cuivre Plant,Industrie & Manufacture,Lokossa,+229 42 53 37 94,cuivre.plant@outlook.com,,PME (10-50),B2B,Facebook Pages,,Actif,2026-06-29T00:22:54.967521,moyenne
BJ-0DCD710C,Zinc,Industrie & Manufacture,Lokossa,+229 53 56 49 73,zinc@zinc.bj,zinc.bj,Grande (>200),B2B,Facebook Pages,,Actif,2026-06-29T00:22:54.967538,haute
BJ-D31A87E0,Usine Fraisage,Industrie & Manufacture,Lokossa,+229 76 15 78 38,,usinefraisage.bj,PME (10-50),B2B,Facebook Pages,,Actif,2026-06-29T00:22:54.967550,moyenne
BJ-DB80C95B,Usine Imprimerie Africa,Industrie & Manufacture,Lokossa,+229 99 37 30 69,u.imprimerie@usineimprimerie.bj,usineimprimerieafrica.bj,PME (10-50),B2B,Facebook Pages,,Actif,2026-06-29T00:22:54.967566,haute
BJ-27FB6F0D,Atelier CNC Africa,Industrie & Manufacture,Ouidah,+229 59 81 33 74,ateliercnc@ateliercncafric.com.bj,ateliercncafrica.bj,PME (10-50),B2B,Facebook Pages,,Actif,2026-06-29T00:22:54.967593,haute
BJ-3156D572,Reliure Works,Industrie & Manufacture,Ouidah,+229 89 72 25 18,,reliureworks.bj,TPE (<10),B2B,Facebook Pages,,Actif,2026-06-29T00:22:54.967605,moyenne
BJ-0A2B01A4,Métal Factory,Industrie & Manufacture,Ouidah,+229 54 54 37 20,métal_factory@métalfactory.com.bj,,PME (50-200),B2B,Facebook Pages,,Actif,2026-06-29T00:22:54.967622,moyenne
BJ-BBD3391B,Usine Cuivre,Industrie & Manufacture,Ouidah,+229 47 89 37 66,usine.cuivre@outlook.com,usinecuivre.bj,TPE (<10),B2B,Facebook Pages,,Actif,2026-06-29T00:22:54.967640,haute
BJ-53504D46,Fabrique Emballage,Industrie & Manufacture,Ouidah,+229 43 65 14 97,fabrique.emballage@outlook.com,fabriqueemballage.bj,PME (10-50),B2B,Facebook Pages,,Actif,2026-06-29T00:22:54.967655,haute
BJ-FF29E1ED,Fabrique Plastique Africa,Industrie & Manufacture,Savalou,+229 82 21 70 57,fabrique.plastique@fabriqueplastiq.org.bj,fabriqueplastiqueafrica.bj,PME (10-50),B2B,Facebook Pages,,Actif,2026-06-29T00:22:54.967676,haute
BJ-9B6FD81C,Industrie Carton,Industrie & Manufacture,Savalou,+229 80 34 35 49,,,TPE (<10),B2B,Facebook Pages,,Actif,2026-06-29T00:22:54.967687,basse
BJ-CFA14F1C,Works Fonte,Industrie & Manufacture,Savalou,+229 49 20 48 83,,,TPE (<10),B2B,Facebook Pages,,Actif,2026-06-29T00:22:54.967700,basse
BJ-D02AEBC9,Transformation Savalou,Industrie & Manufacture,Savalou,+229 59 38 28 38,transformationsavalou@outlook.com,,PME (50-200),B2B,Facebook Pages,,Actif,2026-06-29T00:22:54.967716,moyenne
BJ-8E08E719,Manufacture Textile Works,Industrie & Manufacture,Savalou,+229 85 21 50 89,manufacture.textile@yahoo.com,manufacturetextileworks.bj,TPE (<10),B2B,Facebook Pages,,Actif,2026-06-29T00:22:54.967731,haute
BJ-C8E04A36,Fabrique Céramique,Industrie & Manufacture,Dassa-Zoumè,+229 48 85 37 41,fabriquecéramique@fabriquecéramiq.com.bj,,TPE (<10),B2B,Facebook Pages,,Actif,2026-06-29T00:22:54.967754,moyenne
BJ-C26B2187,Perçage Dassa-Zoumè,Industrie & Manufacture,Dassa-Zoumè,+229 98 91 15 38,perçage.dassa@outlook.com,perçagedassazoumè.bj,TPE (<10),B2B,Facebook Pages,,Actif,2026-06-29T00:22:54.967771,haute
BJ-DDF1BC6B,Usine Automobile,Industrie & Manufacture,Dassa-Zoumè,+229 99 31 59 23,u.automobile@hotmail.com,usineautomobile.bj,TPE (<10),B2B,Facebook Pages,,Actif,2026-06-29T00:22:54.967786,haute
BJ-5FFA7962,Transformation Plant Dassa-Zoumè,Industrie & Manufacture,Dassa-Zoumè,+229 81 51 28 70,,,TPE (<10),B2B,Facebook Pages,,Actif,2026-06-29T00:22:54.967798,basse
BJ-018AC167,Usine Cuivre SA,Industrie & Manufacture,Dassa-Zoumè,+229 87 57 56 78,usinecuivre@yahoo.fr,usinecuivresa.bj,PME (10-50),B2B,Facebook Pages,,Actif,2026-06-29T00:22:54.967813,haute
BJ-2A5399C1,Works Soudure,Industrie & Manufacture,Kétou,+229 69 97 96 32,works.soudure@yahoo.com,workssoudure.bj,PME (10-50),B2B,Facebook Pages,,Actif,2026-06-29T00:22:54.967834,haute
BJ-5E9BB2D7,Fabrique Automobile Africa,Industrie & Manufacture,Kétou,+229 50 11 71 63,fabrique.automobile@fabriqueautomob.org.bj,,PME (10-50),B2B,Facebook Pages,,Actif,2026-06-29T00:22:54.967849,moyenne
BJ-6B417536,Manufacture Alimentaire Kétou,Industrie & Manufacture,Kétou,+229 53 18 24 69,manufacturealimentaire@hotmail.com,manufacturealimentairekétou.bj,PME (10-50),B2B,Facebook Pages,,Actif,2026-06-29T00:22:54.967869,haute
BJ-AEEAAF71,Robotique Works Kétou,Industrie & Manufacture,Kétou,+229 36 64 17 18,robotiqueworks@robotiqueworksk.com.bj,robotiqueworkskétou.bj,PME (10-50),B2B,Facebook Pages,,Actif,2026-06-29T00:22:54.967911,haute
BJ-2860413F,Plant Production,Industrie & Manufacture,Kétou,+229 94 23 73 45,,plantproduction.bj,PME (10-50),B2B,Facebook Pages,,Actif,2026-06-29T00:22:54.967928,moyenne
BJ-94C0D1BF,Usine Carton Industry,Industrie & Manufacture,Covè,+229 44 16 76 60,usine.carton@outlook.com,usinecartonindustry.bj,PME (10-50),B2B,Facebook Pages,,Actif,2026-06-29T00:22:54.967953,haute
BJ-F6DB23D1,Découpe,Industrie & Manufacture,Covè,+229 27 77 19 61,découpe@gmail.com,,PME (50-200),B2B,Facebook Pages,,Actif,2026-06-29T00:22:54.967967,moyenne
BJ-F29E823A,Perçage Covè,Industrie & Manufacture,Covè,+229 73 57 12 44,perçage.covè@yahoo.com,perçagecovè.bj,TPE (<10),B2B,Facebook Pages,,Actif,2026-06-29T00:22:54.967983,haute
BJ-67A068A2,Emballage,Industrie & Manufacture,Covè,+229 31 28 67 94,emballage@yahoo.com,,PME (10-50),B2B,Facebook Pages,,Actif,2026-06-29T00:22:54.968009,moyenne
BJ-5BCE6B4E,Usine Carton,Industrie & Manufacture,Pobè,+229 75 69 62 29,u.carton@yahoo.com,,TPE (<10),B2B,Facebook Pages,,Actif,2026-06-29T00:22:54.968031,moyenne
BJ-AD9C8E5A,Production Imprimerie,Industrie & Manufacture,Pobè,+229 70 51 31 53,,productionimprimerie.bj,PME (10-50),B2B,Facebook Pages,,Actif,2026-06-29T00:22:54.968042,moyenne
BJ-537019F1,Industrie Béton Manufacture Pobè,Industrie & Manufacture,Pobè,+229 23 98 64 81,industrie.béton@industriebétonm.org.bj,industriebétonmanufacturepobè.bj,TPE (<10),B2B,Facebook Pages,,Actif,2026-06-29T00:22:54.968064,haute
BJ-28E4D16E,Hydraulique Pobè,Industrie & Manufacture,Pobè,+229 64 54 49 78,hydraulique.pobè@hydrauliquepobè.bj,,TPE (<10),B2B,Facebook Pages,,Actif,2026-06-29T00:22:54.968081,moyenne
BJ-EE068B3F,Ciment Factory,Industrie & Manufacture,Pobè,+229 87 82 33 46,cimentfactory@cimentfactory.com.bj,cimentfactory.bj,PME (50-200),B2B,Facebook Pages,,Actif,2026-06-29T00:22:54.968096,haute
BJ-00EAB0AE,Works Verre Industries,Industrie & Manufacture,Sakété,+229 80 80 71 11,works_verre@worksverreindus.bj,worksverreindustries.bj,TPE (<10),B2B,Facebook Pages,,Actif,2026-06-29T00:22:54.968118,haute
BJ-2DA05EA2,Vernis,Industrie & Manufacture,Sakété,+229 98 87 13 70,vernis@vernis.bj,,PME (10-50),B2B,Facebook Pages,,Actif,2026-06-29T00:22:54.968131,moyenne
BJ-2C4B4E05,Métal Groupe Sakété,Industrie & Manufacture,Sakété,+229 64 79 58 57,métalgroupe@métalgroupesaké.com.bj,,TPE (<10),B2B,Facebook Pages,,Actif,2026-06-29T00:22:54.968148,moyenne
BJ-166E1827,Hydraulique,Industrie & Manufacture,Sakété,+229 79 65 47 50,hydraulique@gmail.com,hydraulique.bj,PME (50-200),B2B,Facebook Pages,,Actif,2026-06-29T00:22:54.968165,haute
BJ-A63A9565,Acier Sakété,Industrie & Manufacture,Sakété,+229 23 88 53 52,,,PME (50-200),B2B,Facebook Pages,,Actif,2026-06-29T00:22:54.968177,basse
BJ-0FD6C6B3,Imprimerie,Industrie & Manufacture,Adjara,+229 31 12 51 21,imprimerie@yahoo.com,,PME (10-50),B2B,Facebook Pages,,Actif,2026-06-29T00:22:54.968197,moyenne
BJ-D585697E,Manufacture Mécanique Groupe Adjara,Industrie & Manufacture,Adjara,+229 64 73 41 87,m.mécanique@manufactureméca.org.bj,,Grande (>200),B2B,Facebook Pages,,Actif,2026-06-29T00:22:54.968215,moyenne
BJ-F184A32D,Soudure Bénin,Industrie & Manufacture,Adjara,+229 50 49 72 62,soudurebénin@gmail.com,,PME (10-50),B2B,Facebook Pages,,Actif,2026-06-29T00:22:54.968235,moyenne
BJ-5C6E2B9D,Plant Mécanique SARL,Industrie & Manufacture,Adjara,+229 39 98 97 64,,,PME (10-50),B2B,Facebook Pages,,Actif,2026-06-29T00:22:54.968247,basse
BJ-002975FB,Métal Adjara,Industrie & Manufacture,Adjara,+229 57 39 44 30,métaladjara@outlook.com,métaladjara.bj,TPE (<10),B2B,Facebook Pages,,Actif,2026-06-29T00:22:54.968268,haute
BJ-34D023AD,Carton,Industrie & Manufacture,Allada,+229 46 50 64 52,,,PME (50-200),B2B,Facebook Pages,,Actif,2026-06-29T00:22:54.968286,basse
BJ-5F80BD9E,Usine Emballage,Industrie & Manufacture,Allada,+229 53 76 62 16,usine.emballage@yahoo.fr,usineemballage.bj,PME (10-50),B2B,Facebook Pages,,Actif,2026-06-29T00:22:54.968302,haute
BJ-1A84D0F5,Bois Factory,Industrie & Manufacture,Allada,+229 77 12 27 53,boisfactory@boisfactory.org.bj,,TPE (<10),B2B,Facebook Pages,,Actif,2026-06-29T00:22:54.968317,moyenne
BJ-FF6C5A1D,Production Soudure SA,Industrie & Manufacture,Allada,+229 76 79 22 39,production_soudure@productionsoudu.org.bj,productionsouduresa.bj,TPE (<10),B2B,Facebook Pages,,Actif,2026-06-29T00:22:54.968334,haute
BJ-E54CC0C5,Édition Factory Allada,Industrie & Manufacture,Allada,+229 92 79 89 34,éditionfactory@outlook.com,éditionfactoryallada.bj,Grande (>200),B2B,Facebook Pages,,Actif,2026-06-29T00:22:54.968352,haute
BJ-5974FE22,Cuivre,Industrie & Manufacture,Aplahoué,+229 25 99 24 22,cuivre@outlook.com,cuivre.bj,TPE (<10),B2B,Facebook Pages,,Actif,2026-06-29T00:22:54.968372,haute
BJ-F658CBE9,Mécanique Manufacture,Industrie & Manufacture,Aplahoué,+229 43 43 13 17,mécanique.manufacture@mécaniquemanufa.com.bj,,TPE (<10),B2B,Facebook Pages,,Actif,2026-06-29T00:22:54.968393,moyenne
BJ-500730DE,Électrique Groupe,Industrie & Manufacture,Aplahoué,+229 56 46 12 46,électrique_groupe@électriquegroup.org.bj,,PME (50-200),B2B,Facebook Pages,,Actif,2026-06-29T00:22:54.968415,moyenne
BJ-F20D3CC7,Manufacture Céramique Groupe,Industrie & Manufacture,Aplahoué,+229 53 37 71 47,,manufacturecéramiquegroupe.bj,TPE (<10),B2B,Facebook Pages,,Actif,2026-06-29T00:22:54.968429,moyenne
BJ-E71480FC,Industrie Carton,Industrie & Manufacture,Aplahoué,+229 69 68 40 97,industrie_carton@industriecarton.bj,,PME (50-200),B2B,Facebook Pages,,Actif,2026-06-29T00:22:54.968448,moyenne
BJ-1D35E440,Colle SARL Dogbo-Tota,Industrie & Manufacture,Dogbo-Tota,+229 84 23 22 80,collesarl@hotmail.com,,PME (50-200),B2B,Facebook Pages,,Actif,2026-06-29T00:22:54.968471,moyenne
BJ-834FBD41,Plant Robotique,Industrie & Manufacture,Dogbo-Tota,+229 66 56 36 52,plant_robotique@plantrobotique.org.bj,,Grande (>200),B2B,Facebook Pages,,Actif,2026-06-29T00:22:54.968488,moyenne
BJ-7800E0D6,Atelier Aluminium Industry,Industrie & Manufacture,Dogbo-Tota,+229 96 29 75 48,atelier.aluminium@atelieraluminiu.com.bj,,PME (10-50),B2B,Facebook Pages,,Actif,2026-06-29T00:22:54.968503,moyenne
BJ-E94FE7E8,Usine Carrelage SA,Industrie & Manufacture,Dogbo-Tota,+229 65 95 31 26,,usinecarrelagesa.bj,TPE (<10),B2B,Facebook Pages,,Actif,2026-06-29T00:22:54.968516,moyenne
BJ-7EFEB6D7,Emballage Manufacture Dogbo-Tota,Industrie & Manufacture,Dogbo-Tota,+229 65 30 58 44,emballage_manufacture@gmail.com,,TPE (<10),B2B,Facebook Pages,,Actif,2026-06-29T00:22:54.968531,moyenne
BJ-B28D0BA0,Automatique,Industrie & Manufacture,Kpomassè,+229 75 40 86 59,automatique@automatique.com.bj,automatique.bj,PME (50-200),B2B,Facebook Pages,,Actif,2026-06-29T00:22:54.968552,haute
BJ-8E28B9F7,Production Tournage Works,Industrie & Manufacture,Kpomassè,+229 22 42 97 36,p.tournage@hotmail.com,,PME (50-200),B2B,Facebook Pages,,Actif,2026-06-29T00:22:54.968567,moyenne
BJ-5F34E3A9,Métal,Industrie & Manufacture,Kpomassè,+229 94 25 19 81,métal@métal.com.bj,métal.bj,Grande (>200),B2B,Facebook Pages,,Actif,2026-06-29T00:22:54.968586,haute
BJ-50E72195,Production Assemblage,Industrie & Manufacture,Kpomassè,+229 46 65 68 33,production.assemblage@productionassem.org.bj,,PME (50-200),B2B,Facebook Pages,,Actif,2026-06-29T00:22:54.968602,moyenne
BJ-EDF8AE98,Fabrique Adhésif,Industrie & Manufacture,Kpomassè,+229 95 10 32 24,fabrique.adhésif@fabriqueadhésif.bj,,PME (10-50),B2B,Facebook Pages,,Actif,2026-06-29T00:22:54.968619,moyenne
BJ-3E1AF6B8,Manufacture Automatisation Works,Industrie & Manufacture,Tori-Bossito,+229 57 66 79 64,,,PME (50-200),B2B,Facebook Pages,,Actif,2026-06-29T00:22:54.968643,basse
BJ-C5FE86A9,Laser Industries Tori-Bossito,Industrie & Manufacture,Tori-Bossito,+229 71 99 61 28,laser_industries@hotmail.com,laserindustriestoribossito.bj,TPE (<10),B2B,Facebook Pages,,Actif,2026-06-29T00:22:54.968681,haute
BJ-9781F90F,Cuivre,Industrie & Manufacture,Tori-Bossito,+229 98 33 24 37,cuivre@yahoo.fr,,PME (10-50),B2B,Facebook Pages,,Actif,2026-06-29T00:22:54.968769,moyenne
BJ-9877F538,Plant Ciment,Industrie & Manufacture,Tori-Bossito,+229 41 90 63 61,plant.ciment@outlook.com,plantciment.bj,TPE (<10),B2B,Facebook Pages,,Actif,2026-06-29T00:22:54.968864,haute
BJ-72935CBC,Fabrique Cuivre Grand-Popo,Industrie & Manufacture,Grand-Popo,+229 41 61 64 11,fabrique.cuivre@fabriquecuivreg.org.bj,,TPE (<10),B2B,Facebook Pages,,Actif,2026-06-29T00:22:54.968924,moyenne
BJ-6963A7A3,Automatique,Industrie & Manufacture,Grand-Popo,+229 57 48 86 94,automatique@hotmail.com,,PME (50-200),B2B,Facebook Pages,,Actif,2026-06-29T00:22:54.968964,moyenne
BJ-20FE6192,Industrie Colle SARL,Industrie & Manufacture,Grand-Popo,+229 46 16 17 47,industrie.colle@industriecolles.org.bj,industriecollesarl.bj,PME (10-50),B2B,Facebook Pages,,Actif,2026-06-29T00:22:54.969045,haute
BJ-1B4B755A,CNC Industry,Industrie & Manufacture,Grand-Popo,+229 97 50 51 91,,,Grande (>200),B2B,Facebook Pages,,Actif,2026-06-29T00:22:54.969074,basse
BJ-2A6A983C,Usine Acier Industry,Industrie & Manufacture,Athiémé,+229 92 57 13 79,usine.acier@gmail.com,usineacierindustry.bj,TPE (<10),B2B,Facebook Pages,,Actif,2026-06-29T00:22:54.969128,haute
BJ-B6B9624E,Unité Chimie,Industrie & Manufacture,Athiémé,+229 65 86 17 53,,unitéchimie.bj,TPE (<10),B2B,Facebook Pages,,Actif,2026-06-29T00:22:54.969157,moyenne
BJ-C8EA2663,Cuivre Athiémé,Industrie & Manufacture,Athiémé,+229 98 21 78 27,,cuivreathiémé.bj,PME (10-50),B2B,Facebook Pages,,Actif,2026-06-29T00:22:54.969187,moyenne
BJ-C0E95FDF,Unité Emballage,Industrie & Manufacture,Athiémé,+229 73 20 25 30,unitéemballage@unitéemballage.org.bj,unitéemballage.bj,PME (10-50),B2B,Facebook Pages,,Actif,2026-06-29T00:22:54.969227,haute
BJ-119D1BD3,Manufacture Automobile Industries,Industrie & Manufacture,Athiémé,+229 52 84 69 22,manufactureautomobile@manufactureauto.com.bj,manufactureautomobileindustries.bj,PME (10-50),B2B,Facebook Pages,,Actif,2026-06-29T00:22:54.969248,haute
BJ-45C1F508,Assemblage,Industrie & Manufacture,Bopa,+229 50 46 52 69,assemblage@assemblage.org.bj,,PME (50-200),B2B,Facebook Pages,,Actif,2026-06-29T00:22:54.969272,moyenne
BJ-3AF2E906,Laser,Industrie & Manufacture,Bopa,+229 75 82 74 25,laser@outlook.com,laser.bj,PME (50-200),B2B,Facebook Pages,,Actif,2026-06-29T00:22:54.969287,haute
BJ-A91E5218,Zinc,Industrie & Manufacture,Bopa,+229 83 12 19 47,,zinc.bj,PME (50-200),B2B,Facebook Pages,,Actif,2026-06-29T00:22:54.969305,moyenne
BJ-445A1CDF,Pharmaceutique Factory,Industrie & Manufacture,Bopa,+229 26 15 51 69,p.factory@pharmaceutiquef.org.bj,pharmaceutiquefactory.bj,PME (50-200),B2B,Facebook Pages,,Actif,2026-06-29T00:22:54.969322,haute
BJ-8A6D9DED,Reliure Bopa,Industrie & Manufacture,Bopa,+229 72 88 39 75,,reliurebopa.bj,PME (10-50),B2B,Facebook Pages,,Actif,2026-06-29T00:22:54.969334,moyenne
BJ-E5045787,Manufacture Pharmaceutique,Industrie & Manufacture,Houéyogbé,+229 75 65 86 65,,,PME (50-200),B2B,Facebook Pages,,Actif,2026-06-29T00:22:54.969353,basse
BJ-51A50966,Cuivre Works,Industrie & Manufacture,Houéyogbé,+229 41 28 67 77,cuivreworks@gmail.com,,Grande (>200),B2B,Facebook Pages,,Actif,2026-06-29T00:22:54.969368,moyenne
BJ-A8DD48E2,Zinc Groupe,Industrie & Manufacture,Houéyogbé,+229 83 50 29 88,zinc.groupe@gmail.com,,TPE (<10),B2B,Facebook Pages,,Actif,2026-06-29T00:22:54.969387,moyenne
BJ-581DC0E2,Fabrique Électronique Works,Industrie & Manufacture,Houéyogbé,+229 88 75 42 24,,,PME (50-200),B2B,Facebook Pages,,Actif,2026-06-29T00:22:54.969399,basse
BJ-3D341F7D,Fabrique Laser Houéyogbé,Industrie & Manufacture,Houéyogbé,+229 52 47 43 69,fabriquelaser@hotmail.com,,TPE (<10),B2B,Facebook Pages,,Actif,2026-06-29T00:22:54.969416,moyenne
BJ-EF384158,Atelier Textile,Industrie & Manufacture,Malanville,+229 80 45 39 19,,ateliertextile.bj,PME (10-50),B2B,Facebook Pages,,Actif,2026-06-29T00:22:54.969465,moyenne
BJ-A19650D0,Fabrique Métal,Industrie & Manufacture,Malanville,+229 38 86 83 27,fabrique.métal@gmail.com,,Grande (>200),B2B,Facebook Pages,,Actif,2026-06-29T00:22:54.969481,moyenne
BJ-F630A614,Production Découpe,Industrie & Manufacture,Kandi,+229 54 80 24 88,productiondécoupe@productiondécou.org.bj,,Grande (>200),B2B,Facebook Pages,,Actif,2026-06-29T00:22:54.969518,moyenne
BJ-EB17783F,Alimentaire Plant,Industrie & Manufacture,Kandi,+229 98 56 90 13,alimentaire_plant@outlook.com,alimentaireplant.bj,TPE (<10),B2B,Facebook Pages,,Actif,2026-06-29T00:22:54.969534,haute
BJ-D94D70AC,Adhésif,Industrie & Manufacture,Kandi,+229 86 50 64 26,,adhésif.bj,PME (50-200),B2B,Facebook Pages,,Actif,2026-06-29T00:22:54.969546,moyenne
BJ-6935EF3A,Usine Aluminium Groupe,Industrie & Manufacture,Kandi,+229 78 67 58 76,,usinealuminiumgroupe.bj,PME (10-50),B2B,Facebook Pages,,Actif,2026-06-29T00:22:54.969576,moyenne
BJ-91B60443,Colle Plant,Industrie & Manufacture,Banikoara,+229 91 75 17 16,c.plant@colleplant.org.bj,colleplant.bj,TPE (<10),B2B,Facebook Pages,,Actif,2026-06-29T00:22:54.969599,haute
BJ-44D01E48,Mécanique SA,Industrie & Manufacture,Banikoara,+229 68 25 81 27,,mécaniquesa.bj,PME (50-200),B2B,Facebook Pages,,Actif,2026-06-29T00:22:54.969611,moyenne
BJ-265AA8C4,Industrie Édition,Industrie & Manufacture,Banikoara,+229 90 10 51 46,industrieédition@industrieéditio.com.bj,industrieédition.bj,TPE (<10),B2B,Facebook Pages,,Actif,2026-06-29T00:22:54.969631,haute
BJ-B6261B78,Manufacture Automatique,Industrie & Manufacture,Banikoara,+229 29 96 92 51,m.automatique@outlook.com,,PME (50-200),B2B,Facebook Pages,,Actif,2026-06-29T00:22:54.969652,moyenne
BJ-4B5064C7,Atelier Automobile,Industrie & Manufacture,Banikoara,+229 28 11 23 25,,atelierautomobile.bj,PME (10-50),B2B,Facebook Pages,,Actif,2026-06-29T00:22:54.969664,moyenne
BJ-26C8D053,Usine Mécanique SA,Industrie & Manufacture,Ségbana,+229 25 28 24 15,usine.mécanique@usinemécaniques.bj,usinemécaniquesa.bj,TPE (<10),B2B,Facebook Pages,,Actif,2026-06-29T00:22:54.969692,haute
BJ-B0B0CF9D,Aluminium Industries,Industrie & Manufacture,Ségbana,+229 83 25 58 60,aluminiumindustries@hotmail.com,,TPE (<10),B2B,Facebook Pages,,Actif,2026-06-29T00:22:54.969708,moyenne
BJ-7D3A2123,Plant Céramique SARL Ségbana,Industrie & Manufacture,Ségbana,+229 99 77 82 48,plant.céramique@plantcéramiques.com.bj,plantcéramiquesarlségbana.bj,TPE (<10),B2B,Facebook Pages,,Actif,2026-06-29T00:22:54.969727,haute
BJ-EF7AAD17,Works Emballage,Industrie & Manufacture,Ségbana,+229 38 25 27 23,worksemballage@worksemballage.bj,worksemballage.bj,PME (50-200),B2B,Facebook Pages,,Actif,2026-06-29T00:22:54.969743,haute
BJ-3478ECDD,Robotique,Industrie & Manufacture,Ségbana,+229 29 18 11 68,robotique@outlook.com,robotique.bj,TPE (<10),B2B,Facebook Pages,,Actif,2026-06-29T00:22:54.969757,haute
BJ-88EED7C5,Automatique,Industrie & Manufacture,Karimama,+229 77 41 22 85,automatique@automatique.org.bj,,PME (10-50),B2B,Facebook Pages,,Actif,2026-06-29T00:22:54.969777,moyenne
BJ-4F8D6190,Works Électrique SARL Karimama,Industrie & Manufacture,Karimama,+229 28 99 50 14,,,TPE (<10),B2B,Facebook Pages,,Actif,2026-06-29T00:22:54.969789,basse
BJ-957E31FF,Peinture Africa,Industrie & Manufacture,Karimama,+229 68 88 44 31,peinture.africa@peintureafrica.org.bj,,PME (50-200),B2B,Facebook Pages,,Actif,2026-06-29T00:22:54.969807,moyenne
BJ-AEFDA3AD,Fabrique Conditionnement Bénin Karimama,Industrie & Manufacture,Karimama,+229 80 20 37 11,,,PME (50-200),B2B,Facebook Pages,,Actif,2026-06-29T00:22:54.969819,basse
BJ-AAA66AED,Production Zinc SARL,Industrie & Manufacture,Gogounou,+229 27 23 43 39,production.zinc@gmail.com,productionzincsarl.bj,TPE (<10),B2B,Facebook Pages,,Actif,2026-06-29T00:22:54.969856,haute
BJ-7D58A4AD,Industrie Assemblage SA,Industrie & Manufacture,Gogounou,+229 28 52 71 75,,,PME (10-50),B2B,Facebook Pages,,Actif,2026-06-29T00:22:54.969870,basse
BJ-6A053CBB,Plant Fonte Manufacture,Industrie & Manufacture,Gogounou,+229 53 62 35 31,plantfonte@hotmail.com,plantfontemanufacture.bj,TPE (<10),B2B,Facebook Pages,,Actif,2026-06-29T00:22:54.969886,haute
BJ-249EAB88,Works Pharmaceutique,Industrie & Manufacture,Gogounou,+229 38 28 11 49,works_pharmaceutique@hotmail.com,workspharmaceutique.bj,TPE (<10),B2B,Facebook Pages,,Actif,2026-06-29T00:22:54.969925,haute
BJ-7DA1DAC0,Béton SA,Industrie & Manufacture,Cobly,+229 54 21 50 59,béton@bétonsa.com.bj,,TPE (<10),B2B,Facebook Pages,,Actif,2026-06-29T00:22:54.969974,moyenne
BJ-25843507,Manufacture CNC,Industrie & Manufacture,Cobly,+229 27 66 26 36,m.cnc@yahoo.fr,,TPE (<10),B2B,Facebook Pages,,Actif,2026-06-29T00:22:54.969993,moyenne
BJ-8C7EADFE,Fabrique Cuivre,Industrie & Manufacture,Cobly,+229 75 62 76 78,f.cuivre@yahoo.com,,TPE (<10),B2B,Facebook Pages,,Actif,2026-06-29T00:22:54.970008,moyenne
BJ-006DBF14,Plant Chimie,Industrie & Manufacture,Cobly,+229 60 20 10 12,plant.chimie@plantchimie.com.bj,,TPE (<10),B2B,Facebook Pages,,Actif,2026-06-29T00:22:54.970023,moyenne
BJ-4222E40C,Conditionnement Plant,Industrie & Manufacture,Tanguiéta,+229 60 56 74 73,conditionnementplant@hotmail.com,conditionnementplant.bj,TPE (<10),B2B,Facebook Pages,,Actif,2026-06-29T00:22:54.970049,haute
BJ-C48EEA4A,Fabrique Ciment Bénin,Industrie & Manufacture,Tanguiéta,+229 46 19 89 18,fabrique_ciment@fabriquecimentb.com.bj,,PME (10-50),B2B,Facebook Pages,,Actif,2026-06-29T00:22:54.970066,moyenne
BJ-C18C7F4A,Fabrique Tournage Factory,Industrie & Manufacture,Tanguiéta,+229 63 53 33 43,fabriquetournage@fabriquetournag.com.bj,fabriquetournagefactory.bj,PME (10-50),B2B,Facebook Pages,,Actif,2026-06-29T00:22:54.970082,haute
BJ-51442312,Atelier Colle,Industrie & Manufacture,Tanguiéta,+229 24 47 51 66,a.colle@hotmail.com,ateliercolle.bj,TPE (<10),B2B,Facebook Pages,,Actif,2026-06-29T00:22:54.970098,haute
BJ-FF1BCD91,Plant Métal,Industrie & Manufacture,Tanguiéta,+229 50 36 51 98,p.métal@yahoo.fr,plantmétal.bj,TPE (<10),B2B,Facebook Pages,,Actif,2026-06-29T00:22:54.970114,haute
BJ-64044050,Unité Zinc SA,Industrie & Manufacture,Matéri,+229 29 56 64 18,unitézinc@unitézincsa.bj,unitézincsa.bj,PME (10-50),B2B,Facebook Pages,,Actif,2026-06-29T00:22:54.970138,haute
BJ-408F7363,Fabrique Automatisation Africa,Industrie & Manufacture,Matéri,+229 77 63 11 61,fabriqueautomatisation@outlook.com,fabriqueautomatisationafrica.bj,TPE (<10),B2B,Facebook Pages,,Actif,2026-06-29T00:22:54.970157,haute
BJ-CB66F629,Colle,Industrie & Manufacture,Matéri,+229 88 20 62 47,colle@yahoo.com,colle.bj,TPE (<10),B2B,Facebook Pages,,Actif,2026-06-29T00:22:54.970173,haute
BJ-C30EF62A,Tournage Industry,Industrie & Manufacture,Matéri,+229 67 90 12 37,tournage.industry@tournageindustr.com.bj,tournageindustry.bj,PME (50-200),B2B,Facebook Pages,,Actif,2026-06-29T00:22:54.970189,haute
BJ-8936B6EC,Fabrique Plastique Africa,Industrie & Manufacture,Matéri,+229 39 98 35 54,f.plastique@gmail.com,fabriqueplastiqueafrica.bj,TPE (<10),B2B,Facebook Pages,,Actif,2026-06-29T00:22:54.970204,haute
BJ-A8A0BB72,Vernis Natitingou,Industrie & Manufacture,Natitingou,+229 81 20 53 30,vernis.natitingou@yahoo.com,vernisnatitingou.bj,PME (10-50),B2B,Facebook Pages,,Actif,2026-06-29T00:22:54.970226,haute
BJ-09000397,Usine Électronique Works Natitingou,Industrie & Manufacture,Natitingou,+229 47 46 67 23,,usineélectroniqueworksnatitingou.bj,PME (10-50),B2B,Facebook Pages,,Actif,2026-06-29T00:22:54.970243,moyenne
BJ-C82D01A3,Fabrique Conditionnement,Industrie & Manufacture,Natitingou,+229 27 15 33 96,fabrique.conditionnement@fabriqueconditi.org.bj,fabriqueconditionnement.bj,PME (10-50),B2B,Facebook Pages,,Actif,2026-06-29T00:22:54.970259,haute
BJ-9E77C79D,Fabrication Plant,Industrie & Manufacture,Natitingou,+229 86 65 19 91,f.plant@gmail.com,,PME (50-200),B2B,Facebook Pages,,Actif,2026-06-29T00:22:54.970273,moyenne
BJ-BFD372BC,Usinage,Industrie & Manufacture,Natitingou,+229 53 96 11 58,usinage@yahoo.fr,usinage.bj,Grande (>200),B2B,Facebook Pages,,Actif,2026-06-29T00:22:54.970286,haute
BJ-4AFAA832,Électrique Works,Industrie & Manufacture,Toucountouna,+229 28 10 79 33,,,PME (10-50),B2B,Facebook Pages,,Actif,2026-06-29T00:22:54.970304,basse
BJ-04AA3ADB,Industrie Cuivre,Industrie & Manufacture,Toucountouna,+229 66 31 28 44,industrie.cuivre@industriecuivre.com.bj,,TPE (<10),B2B,Facebook Pages,,Actif,2026-06-29T00:22:54.970319,moyenne
BJ-D541FACE,Manufacture Adhésif,Industrie & Manufacture,Toucountouna,+229 99 15 61 81,manufacture.adhésif@yahoo.com,manufactureadhésif.bj,TPE (<10),B2B,Facebook Pages,,Actif,2026-06-29T00:22:54.970338,haute
BJ-A8E73D1B,Usine Métal Industries,Industrie & Manufacture,Toucountouna,+229 26 68 83 97,usinemétal@hotmail.com,,TPE (<10),B2B,Facebook Pages,,Actif,2026-06-29T00:22:54.970357,moyenne
BJ-036D02E9,Works Verre Industry,Industrie & Manufacture,Toucountouna,+229 36 77 85 57,,worksverreindustry.bj,PME (50-200),B2B,Facebook Pages,,Actif,2026-06-29T00:22:54.970369,moyenne
BJ-4BFCF315,Manufacture Carton,Industrie & Manufacture,Boukoumbé,+229 76 58 26 87,,manufacturecarton.bj,TPE (<10),B2B,Facebook Pages,,Actif,2026-06-29T00:22:54.970387,moyenne
BJ-03DFD384,Peinture SARL,Industrie & Manufacture,Boukoumbé,+229 78 30 35 13,,,PME (10-50),B2B,Facebook Pages,,Actif,2026-06-29T00:22:54.970398,basse
BJ-A6CE75C6,Carrelage Industry,Industrie & Manufacture,Boukoumbé,+229 82 42 72 64,c.industry@carrelageindust.bj,carrelageindustry.bj,PME (50-200),B2B,Facebook Pages,,Actif,2026-06-29T00:22:54.970417,haute
BJ-4C909E62,Fabrication Boukoumbé,Industrie & Manufacture,Boukoumbé,+229 85 74 18 38,,fabricationboukoumbé.bj,PME (10-50),B2B,Facebook Pages,,Actif,2026-06-29T00:22:54.970430,moyenne
BJ-5AFC953A,Usine Plastique Plant Boukoumbé,Industrie & Manufacture,Boukoumbé,+229 69 42 31 89,usineplastique@usineplastiquep.org.bj,usineplastiqueplantboukoumbé.bj,PME (10-50),B2B,Facebook Pages,,Actif,2026-06-29T00:22:54.970447,haute
BJ-5B2A19A9,Industrie Carton Works,Industrie & Manufacture,Kouandé,+229 61 97 10 46,industrie.carton@industriecarton.bj,industriecartonworks.bj,PME (50-200),B2B,Facebook Pages,,Actif,2026-06-29T00:22:54.970469,haute
BJ-C0D7379E,Béton Factory,Industrie & Manufacture,Kouandé,+229 96 58 82 79,b.factory@bétonfactory.bj,bétonfactory.bj,TPE (<10),B2B,Facebook Pages,,Actif,2026-06-29T00:22:54.970486,haute
BJ-7F001942,Découpe Kouandé,Industrie & Manufacture,Kouandé,+229 20 36 55 61,découpekouandé@découpekouandé.bj,,Grande (>200),B2B,Facebook Pages,,Actif,2026-06-29T00:22:54.970507,moyenne
BJ-9915FA4C,Peinture Groupe,Industrie & Manufacture,Kouandé,+229 78 83 21 67,peinturegroupe@hotmail.com,peinturegroupe.bj,TPE (<10),B2B,Facebook Pages,,Actif,2026-06-29T00:22:54.970523,haute
BJ-1295EDC6,Tournage Kouandé,Industrie & Manufacture,Kouandé,+229 62 51 75 61,,tournagekouandé.bj,TPE (<10),B2B,Facebook Pages,,Actif,2026-06-29T00:22:54.970535,moyenne
BJ-51C79948,Production Colle Factory Péhunco,Industrie & Manufacture,Péhunco,+229 27 11 52 55,production.colle@productioncolle.com.bj,,TPE (<10),B2B,Facebook Pages,,Actif,2026-06-29T00:22:54.970572,moyenne
BJ-9A25E90E,Papier Works,Industrie & Manufacture,Péhunco,+229 86 39 70 97,p.works@papierworks.bj,,PME (10-50),B2B,Facebook Pages,,Actif,2026-06-29T00:22:54.970587,moyenne
BJ-86002E98,Atelier Céramique Péhunco,Industrie & Manufacture,Péhunco,+229 57 10 50 37,atelier_céramique@ateliercéramiqu.com.bj,ateliercéramiquepéhunco.bj,PME (50-200),B2B,Facebook Pages,,Actif,2026-06-29T00:22:54.970604,haute
BJ-31BF74FE,Zinc,Industrie & Manufacture,Péhunco,+229 36 40 78 71,zinc@zinc.org.bj,,PME (50-200),B2B,Facebook Pages,,Actif,2026-06-29T00:22:54.970616,moyenne
BJ-2F796A06,Plastique Industries,Industrie & Manufacture,Tchaourou,+229 54 75 44 74,plastiqueindustries@plastiqueindust.org.bj,plastiqueindustries.bj,PME (10-50),B2B,Facebook Pages,,Actif,2026-06-29T00:22:54.970639,haute
BJ-05CAB855,Production Reliure Tchaourou,Industrie & Manufacture,Tchaourou,+229 21 21 60 61,production_reliure@productionreliu.com.bj,productionreliuretchaourou.bj,PME (10-50),B2B,Facebook Pages,,Actif,2026-06-29T00:22:54.970656,haute
BJ-00A0C608,Imprimerie Africa,Industrie & Manufacture,Tchaourou,+229 53 55 59 30,imprimerie_africa@gmail.com,,PME (10-50),B2B,Facebook Pages,,Actif,2026-06-29T00:22:54.970676,moyenne
BJ-67426328,Aluminium,Industrie & Manufacture,Tchaourou,+229 95 16 70 57,aluminium@aluminium.com.bj,aluminium.bj,PME (50-200),B2B,Facebook Pages,,Actif,2026-06-29T00:22:54.970690,haute
BJ-97774966,Imprimerie,Industrie & Manufacture,Tchaourou,+229 58 24 86 70,imprimerie@imprimerie.bj,imprimerie.bj,TPE (<10),B2B,Facebook Pages,,Actif,2026-06-29T00:22:54.970704,haute
BJ-623E9157,Laser SARL,Industrie & Manufacture,Nikki,+229 46 52 55 88,lasersarl@lasersarl.bj,lasersarl.bj,PME (10-50),B2B,Facebook Pages,,Actif,2026-06-29T00:22:54.970726,haute
BJ-81410D64,Production Aluminium Manufacture,Industrie & Manufacture,Nikki,+229 46 58 32 86,,productionaluminiummanufacture.bj,TPE (<10),B2B,Facebook Pages,,Actif,2026-06-29T00:22:54.970738,moyenne
BJ-F5654CDB,Works Mécanique Plant,Industrie & Manufacture,Nikki,+229 21 54 42 80,works.mécanique@worksmécaniquep.org.bj,worksmécaniqueplant.bj,TPE (<10),B2B,Facebook Pages,,Actif,2026-06-29T00:22:54.970759,haute
BJ-F3938FA4,Béton,Industrie & Manufacture,Nikki,+229 27 21 15 12,béton@hotmail.com,béton.bj,PME (10-50),B2B,Facebook Pages,,Actif,2026-06-29T00:22:54.970773,haute
BJ-5593301F,Colle Factory,Industrie & Manufacture,Nikki,+229 68 79 30 95,c.factory@gmail.com,collefactory.bj,TPE (<10),B2B,Facebook Pages,,Actif,2026-06-29T00:22:54.970788,haute
BJ-CB5B1044,Industrie Zinc Industries,Industrie & Manufacture,Bembéréké,+229 62 73 44 43,industrie.zinc@yahoo.com,industriezincindustries.bj,TPE (<10),B2B,Facebook Pages,,Actif,2026-06-29T00:22:54.970810,haute
BJ-778F9D49,Découpe Bembéréké,Industrie & Manufacture,Bembéréké,+229 36 71 97 49,,découpebembéréké.bj,PME (50-200),B2B,Facebook Pages,,Actif,2026-06-29T00:22:54.970823,moyenne
BJ-3935E2D6,Électronique Bembéréké,Industrie & Manufacture,Bembéréké,+229 35 87 36 73,électronique.bembéréké@électroniquebem.bj,électroniquebembéréké.bj,TPE (<10),B2B,Facebook Pages,,Actif,2026-06-29T00:22:54.970845,haute
BJ-A8E260AA,Atelier Électronique Works,Industrie & Manufacture,Bembéréké,+229 35 89 73 77,,atelierélectroniqueworks.bj,TPE (<10),B2B,Facebook Pages,,Actif,2026-06-29T00:22:54.970858,moyenne
BJ-B357EFBF,Usine Béton Groupe,Industrie & Manufacture,Kalalé,+229 70 95 52 31,usinebéton@yahoo.com,usinebétongroupe.bj,PME (10-50),B2B,Facebook Pages,,Actif,2026-06-29T00:22:54.970903,haute
BJ-EC0C87A1,Acier,Industrie & Manufacture,Kalalé,+229 80 36 25 95,acier@yahoo.com,,TPE (<10),B2B,Facebook Pages,,Actif,2026-06-29T00:22:54.970919,moyenne
BJ-190B6DBB,Fabrique Alimentaire Kalalé,Industrie & Manufacture,Kalalé,+229 46 67 56 64,f.alimentaire@gmail.com,,PME (10-50),B2B,Facebook Pages,,Actif,2026-06-29T00:22:54.970934,moyenne
BJ-373F831A,Conditionnement,Industrie & Manufacture,Kalalé,+229 91 65 55 47,conditionnement@outlook.com,conditionnement.bj,TPE (<10),B2B,Facebook Pages,,Actif,2026-06-29T00:22:54.970951,haute
BJ-1D2A0701,Carton,Industrie & Manufacture,Kalalé,+229 84 74 94 54,carton@carton.com.bj,carton.bj,PME (50-200),B2B,Facebook Pages,,Actif,2026-06-29T00:22:54.970965,haute
BJ-928F41E2,Atelier Découpe SA,Industrie & Manufacture,Ndali,+229 32 25 33 30,atelierdécoupe@gmail.com,,PME (10-50),B2B,Facebook Pages,,Actif,2026-06-29T00:22:54.970987,moyenne
BJ-C46990AB,Works Découpe Works,Industrie & Manufacture,Ndali,+229 48 31 82 26,,worksdécoupeworks.bj,PME (10-50),B2B,Facebook Pages,,Actif,2026-06-29T00:22:54.971000,moyenne
BJ-41D4B3DA,Industrie Mécanique,Industrie & Manufacture,Ndali,+229 78 14 82 83,industrie.mécanique@yahoo.fr,industriemécanique.bj,TPE (<10),B2B,Facebook Pages,,Actif,2026-06-29T00:22:54.971019,haute
BJ-B02E4C90,Works Découpe Bénin,Industrie & Manufacture,Ndali,+229 83 28 10 87,w.découpe@worksdécoupebén.org.bj,worksdécoupebénin.bj,PME (50-200),B2B,Facebook Pages,,Actif,2026-06-29T00:22:54.971036,haute
BJ-52D15F4C,Fabrique Carrelage,Industrie & Manufacture,Ndali,+229 59 73 74 58,,,PME (10-50),B2B,Facebook Pages,,Actif,2026-06-29T00:22:54.971047,basse
BJ-DE8F04AC,Carrelage SARL,Industrie & Manufacture,Ségbana,+229 45 59 47 93,carrelagesarl@outlook.com,carrelagesarl.bj,PME (50-200),B2B,Facebook Pages,,Actif,2026-06-29T00:22:54.971069,haute
BJ-3630BFF8,Laser,Industrie & Manufacture,Ségbana,+229 26 80 39 64,,laser.bj,PME (10-50),B2B,Facebook Pages,,Actif,2026-06-29T00:22:54.971081,moyenne
BJ-B63BB79E,Unité Vernis SA,Industrie & Manufacture,Ségbana,+229 45 82 37 44,unité.vernis@unitévernissa.org.bj,unitévernissa.bj,TPE (<10),B2B,Facebook Pages,,Actif,2026-06-29T00:22:54.971122,haute
BJ-42A2ED4E,Soudure Factory,Industrie & Manufacture,Tchaourou,+229 63 53 28 78,soudure.factory@hotmail.com,soudurefactory.bj,PME (10-50),B2B,Facebook Pages,,Actif,2026-06-29T00:22:54.971174,haute
BJ-843488BC,Fabrication Works,Industrie & Manufacture,Tchaourou,+229 48 71 56 17,,,PME (50-200),B2B,Facebook Pages,,Actif,2026-06-29T00:22:54.971188,basse
BJ-6B92B176,Adhésif Groupe,Industrie & Manufacture,Tchaourou,+229 80 71 74 68,adhésif.groupe@yahoo.com,adhésifgroupe.bj,Grande (>200),B2B,Facebook Pages,,Actif,2026-06-29T00:22:54.971204,haute
BJ-DD988877,Plant Aluminium Bétérou,Industrie & Manufacture,Bétérou,+229 37 32 92 81,plant.aluminium@plantaluminiumb.bj,plantaluminiumbétérou.bj,PME (10-50),B2B,Facebook Pages,,Actif,2026-06-29T00:22:54.971232,haute
BJ-A3DDEEA5,Atelier Édition Bétérou,Industrie & Manufacture,Bétérou,+229 28 14 83 43,,atelieréditionbétérou.bj,TPE (<10),B2B,Facebook Pages,,Actif,2026-06-29T00:22:54.971246,moyenne
BJ-FAD1B575,Unité Colle,Industrie & Manufacture,Bétérou,+229 84 86 85 83,unité_colle@unitécolle.org.bj,unitécolle.bj,PME (10-50),B2B,Facebook Pages,,Actif,2026-06-29T00:22:54.971262,haute
BJ-847FE7CE,Industrie Aluminium,Industrie & Manufacture,Bétérou,+229 41 64 29 38,industrie_aluminium@yahoo.fr,industriealuminium.bj,PME (10-50),B2B,Facebook Pages,,Actif,2026-06-29T00:22:54.971277,haute
BJ-0F24F707,Aluminium Works,Industrie & Manufacture,Bétérou,+229 41 38 43 25,aluminium_works@aluminiumworks.org.bj,,TPE (<10),B2B,Facebook Pages,,Actif,2026-06-29T00:22:54.971291,moyenne
BJ-74BF9AAE,Robotique,Industrie & Manufacture,Ouessè,+229 86 83 71 30,robotique@robotique.com.bj,,PME (50-200),B2B,Facebook Pages,,Actif,2026-06-29T00:22:54.971315,moyenne
BJ-444BA4E3,Atelier Textile SA,Industrie & Manufacture,Ouessè,+229 80 55 20 37,atelier_textile@yahoo.com,ateliertextilesa.bj,Grande (>200),B2B,Facebook Pages,,Actif,2026-06-29T00:22:54.971332,haute
BJ-614ED1C5,Fonte Manufacture,Industrie & Manufacture,Ouessè,+229 78 43 53 44,f.manufacture@hotmail.com,fontemanufacture.bj,PME (50-200),B2B,Facebook Pages,,Actif,2026-06-29T00:22:54.971350,haute
BJ-A73CA3E2,Unité Zinc Ouessè,Industrie & Manufacture,Ouessè,+229 75 32 10 74,unitézinc@yahoo.com,,PME (10-50),B2B,Facebook Pages,,Actif,2026-06-29T00:22:54.971366,moyenne
BJ-D22A6BF6,Usine Production SARL,Industrie & Manufacture,Ouessè,+229 84 87 20 68,usineproduction@yahoo.fr,,PME (10-50),B2B,Facebook Pages,,Actif,2026-06-29T00:22:54.971380,moyenne
BJ-4F7F4F22,Plant Carton,Industrie & Manufacture,Glazoué,+229 49 96 47 59,plant.carton@plantcarton.com.bj,plantcarton.bj,TPE (<10),B2B,Facebook Pages,,Actif,2026-06-29T00:22:54.971402,haute
BJ-D99331E6,Découpe Glazoué,Industrie & Manufacture,Glazoué,+229 51 76 87 85,découpe.glazoué@outlook.com,,TPE (<10),B2B,Facebook Pages,,Actif,2026-06-29T00:22:54.971418,moyenne
BJ-7266FFB5,Unité Découpe,Industrie & Manufacture,Glazoué,+229 60 76 80 44,,unitédécoupe.bj,PME (10-50),B2B,Facebook Pages,,Actif,2026-06-29T00:22:54.971429,moyenne
BJ-2194CA14,Works Fraisage Industries,Industrie & Manufacture,Glazoué,+229 93 66 13 33,w.fraisage@gmail.com,worksfraisageindustries.bj,TPE (<10),B2B,Facebook Pages,,Actif,2026-06-29T00:22:54.971445,haute
BJ-67F649FB,Usine Découpe Glazoué,Industrie & Manufacture,Glazoué,+229 78 79 61 11,usinedécoupe@outlook.com,,PME (50-200),B2B,Facebook Pages,,Actif,2026-06-29T00:22:54.971460,moyenne
BJ-DF1E6BE4,Plant Tournage,Industrie & Manufacture,Dassa-Zoumè,+229 97 10 85 90,,,PME (50-200),B2B,Facebook Pages,,Actif,2026-06-29T00:22:54.971477,basse
BJ-7588E26E,Fabrique Pneumatique Groupe,Industrie & Manufacture,Dassa-Zoumè,+229 20 43 10 76,f.pneumatique@outlook.com,fabriquepneumatiquegroupe.bj,PME (50-200),B2B,Facebook Pages,,Actif,2026-06-29T00:22:54.971500,haute
BJ-36978322,Perçage,Industrie & Manufacture,Dassa-Zoumè,+229 25 36 66 31,perçage@perçage.com.bj,,TPE (<10),B2B,Facebook Pages,,Actif,2026-06-29T00:22:54.971532,moyenne
BJ-BE6F2781,Reliure SA Dassa-Zoumè,Industrie & Manufacture,Dassa-Zoumè,+229 45 34 55 69,reliure.dassa@hotmail.com,reliuresadassazoumè.bj,PME (50-200),B2B,Facebook Pages,,Actif,2026-06-29T00:22:54.971549,haute
BJ-13F865A4,Production,Industrie & Manufacture,Savalou,+229 93 58 67 67,production@yahoo.com,production.bj,PME (10-50),B2B,Facebook Pages,,Actif,2026-06-29T00:22:54.971569,haute
BJ-A04FC9BE,Fraisage Savalou,Industrie & Manufacture,Savalou,+229 69 73 27 26,fraisage.savalou@fraisagesavalou.com.bj,,Grande (>200),B2B,Facebook Pages,,Actif,2026-06-29T00:22:54.971584,moyenne
BJ-A9865B0B,Soudure Savalou,Industrie & Manufacture,Savalou,+229 99 89 69 18,soudure.savalou@gmail.com,souduresavalou.bj,Grande (>200),B2B,Facebook Pages,,Actif,2026-06-29T00:22:54.971599,haute
BJ-8018DB34,Usinage Groupe,Industrie & Manufacture,Savalou,+229 39 37 34 30,,,PME (50-200),B2B,Facebook Pages,,Actif,2026-06-29T00:22:54.971610,basse
BJ-92CCAD2E,Manufacture Hydraulique Factory,Industrie & Manufacture,Savalou,+229 66 90 81 40,manufacture_hydraulique@manufacturehydr.org.bj,,TPE (<10),B2B,Facebook Pages,,Actif,2026-06-29T00:22:54.971624,moyenne
BJ-03D133D5,Carrelage Africa,Industrie & Manufacture,Bantè,+229 95 14 67 34,carrelage.africa@yahoo.fr,carrelageafrica.bj,TPE (<10),B2B,Facebook Pages,,Actif,2026-06-29T00:22:54.971645,haute
BJ-13E9A1A5,Works Pneumatique Industry Bantè,Industrie & Manufacture,Bantè,+229 40 20 12 14,w.pneumatique@hotmail.com,workspneumatiqueindustrybantè.bj,PME (50-200),B2B,Facebook Pages,,Actif,2026-06-29T00:22:54.971679,haute
BJ-6655F8C7,Plant Zinc Groupe,Industrie & Manufacture,Bantè,+229 77 31 49 17,plant.zinc@plantzincgroupe.org.bj,plantzincgroupe.bj,TPE (<10),B2B,Facebook Pages,,Actif,2026-06-29T00:22:54.971695,haute
BJ-59B9F76A,Automatisation,Industrie & Manufacture,Bantè,+229 93 21 17 80,automatisation@automatisation.com.bj,,PME (10-50),B2B,Facebook Pages,,Actif,2026-06-29T00:22:54.971708,moyenne
BJ-DF40408C,Usine Plastique Factory,Industrie & Manufacture,Djougou,+229 91 47 26 47,u.plastique@outlook.com,usineplastiquefactory.bj,TPE (<10),B2B,Facebook Pages,,Actif,2026-06-29T00:22:54.971729,haute
BJ-66FB868C,Usine Fraisage Manufacture Djougou,Industrie & Manufacture,Djougou,+229 52 73 69 51,usinefraisage@usinefraisagema.bj,usinefraisagemanufacturedjougou.bj,PME (50-200),B2B,Facebook Pages,,Actif,2026-06-29T00:22:54.971748,haute
BJ-450D42CC,Bois SA Djougou,Industrie & Manufacture,Djougou,+229 36 49 51 74,bois.djougou@outlook.com,boissadjougou.bj,TPE (<10),B2B,Facebook Pages,,Actif,2026-06-29T00:22:54.971764,haute
BJ-9A9179E2,Aluminium Plant,Industrie & Manufacture,Djougou,+229 44 18 69 28,,aluminiumplant.bj,PME (10-50),B2B,Facebook Pages,,Actif,2026-06-29T00:22:54.971775,moyenne
BJ-A3EFA955,Hydraulique Industries,Industrie & Manufacture,Djougou,+229 77 66 17 61,,hydrauliqueindustries.bj,TPE (<10),B2B,Facebook Pages,,Actif,2026-06-29T00:22:54.971786,moyenne
BJ-3DA1A8DF,Céramique,Industrie & Manufacture,Ouèssè,+229 84 77 56 49,céramique@outlook.com,céramique.bj,Grande (>200),B2B,Facebook Pages,,Actif,2026-06-29T00:22:54.971807,haute
BJ-9C73CE69,Découpe,Industrie & Manufacture,Ouèssè,+229 56 65 84 49,découpe@découpe.org.bj,découpe.bj,TPE (<10),B2B,Facebook Pages,,Actif,2026-06-29T00:22:54.971822,haute
BJ-AA51764F,Métal,Industrie & Manufacture,Ouèssè,+229 51 60 52 12,métal@hotmail.com,,PME (50-200),B2B,Facebook Pages,,Actif,2026-06-29T00:22:54.971838,moyenne
BJ-D8543F45,Pneumatique Groupe,Industrie & Manufacture,Ouèssè,+229 64 83 74 61,,pneumatiquegroupe.bj,PME (50-200),B2B,Facebook Pages,,Actif,2026-06-29T00:22:54.971850,moyenne
BJ-0B7B4876,Imprimerie Plant,Industrie & Manufacture,Ouèssè,+229 27 86 55 83,,,TPE (<10),B2B,Facebook Pages,,Actif,2026-06-29T00:22:54.971860,basse
BJ-C8BD88DF,Zinc,Industrie & Manufacture,Bassila,+229 34 99 76 43,zinc@zinc.bj,,TPE (<10),B2B,Facebook Pages,,Actif,2026-06-29T00:22:54.971880,moyenne
BJ-510161BE,CNC,Industrie & Manufacture,Bassila,+229 57 89 10 36,cnc@yahoo.com,,PME (10-50),B2B,Facebook Pages,,Actif,2026-06-29T00:22:54.971903,moyenne
BJ-EB64840D,Pneumatique,Industrie & Manufacture,Bassila,+229 61 44 93 48,pneumatique@pneumatique.org.bj,pneumatique.bj,PME (10-50),B2B,Facebook Pages,,Actif,2026-06-29T00:22:54.971921,haute
BJ-294E244B,Usine Production Bénin,Industrie & Manufacture,Bassila,+229 52 54 79 90,usine.production@usineproduction.org.bj,usineproductionbénin.bj,TPE (<10),B2B,Facebook Pages,,Actif,2026-06-29T00:22:54.971939,haute
BJ-2E4E42DA,Production Emballage,Industrie & Manufacture,Pehunco,+229 67 51 99 58,production.emballage@gmail.com,,Grande (>200),B2B,Facebook Pages,,Actif,2026-06-29T00:22:54.971972,moyenne
BJ-B6A7462E,Plant Bois,Industrie & Manufacture,Pehunco,+229 45 38 60 45,plantbois@outlook.com,plantbois.bj,PME (10-50),B2B,Facebook Pages,,Actif,2026-06-29T00:22:54.971990,haute
BJ-29AD8770,Soudure SARL,Industrie & Manufacture,Pehunco,+229 35 23 51 22,souduresarl@yahoo.com,souduresarl.bj,Grande (>200),B2B,Facebook Pages,,Actif,2026-06-29T00:22:54.972008,haute
BJ-27CAAA72,CNC Pehunco,Industrie & Manufacture,Pehunco,+229 45 25 19 36,cnc.pehunco@yahoo.com,cncpehunco.bj,PME (10-50),B2B,Facebook Pages,,Actif,2026-06-29T00:22:54.972023,haute
BJ-C3E3C763,Cuivre Factory,Industrie & Manufacture,Pehunco,+229 93 30 65 84,cuivre.factory@hotmail.com,cuivrefactory.bj,TPE (<10),B2B,Facebook Pages,,Actif,2026-06-29T00:22:54.972037,haute
BJ-76E8CD84,Plastique Copargo,Industrie & Manufacture,Copargo,+229 65 82 11 46,plastique.copargo@plastiquecoparg.com.bj,,TPE (<10),B2B,Facebook Pages,,Actif,2026-06-29T00:22:54.972058,moyenne
BJ-64545371,Pharmaceutique Africa,Industrie & Manufacture,Copargo,+229 29 70 29 68,pharmaceutiqueafrica@hotmail.com,pharmaceutiqueafrica.bj,PME (10-50),B2B,Facebook Pages,,Actif,2026-06-29T00:22:54.972073,haute
BJ-2313FDBE,Industrie Zinc,Industrie & Manufacture,Copargo,+229 92 26 63 73,industriezinc@industriezinc.org.bj,,PME (50-200),B2B,Facebook Pages,,Actif,2026-06-29T00:22:54.972088,moyenne
BJ-495F1A03,Reliure Copargo,Industrie & Manufacture,Copargo,+229 77 13 42 72,r.copargo@reliurecopargo.org.bj,reliurecopargo.bj,PME (50-200),B2B,Facebook Pages,,Actif,2026-06-29T00:22:54.972120,haute
BJ-FBAEE386,Comptable,Services aux entreprises,Cotonou,+229 34 87 28 40,comptable@comptable.bj,,TPE (<10),B2B,Facebook Pages,,Actif,2026-06-29T00:22:54.972140,moyenne
BJ-DFEFC83C,Partners Label,Services aux entreprises,Cotonou,+229 99 88 57 81,partnerslabel@yahoo.fr,,PME (50-200),B2B,Facebook Pages,,Actif,2026-06-29T00:22:54.972154,moyenne
BJ-3C34893A,Business Advisory,Services aux entreprises,Cotonou,+229 73 94 53 75,businessadvisory@yahoo.fr,businessadvisory.bj,PME (50-200),B2B,Facebook Pages,,Actif,2026-06-29T00:22:54.972172,haute
BJ-030899DE,Bureau Certification,Services aux entreprises,Cotonou,+229 42 68 29 13,bureaucertification@gmail.com,bureaucertification.bj,PME (50-200),B2B,Facebook Pages,,Actif,2026-06-29T00:22:54.972187,haute
BJ-C98F4255,RH Advisory,Services aux entreprises,Cotonou,+229 41 78 54 59,advisory@rhadvisory.bj,,Grande (>200),B2B,Facebook Pages,,Actif,2026-06-29T00:22:54.972203,moyenne
BJ-262C303D,Contrôle,Services aux entreprises,Abomey-Calavi,+229 33 29 93 46,contrôle@contrôle.bj,contrôle.bj,PME (10-50),B2B,Facebook Pages,,Actif,2026-06-29T00:22:54.972225,haute
BJ-4D01E8F3,Agence Intérim,Services aux entreprises,Abomey-Calavi,+229 93 85 72 55,agence.intérim@yahoo.com,agenceintérim.bj,TPE (<10),B2B,Facebook Pages,,Actif,2026-06-29T00:22:54.972241,haute
BJ-F9715EF7,Juridique Consulting,Services aux entreprises,Abomey-Calavi,+229 56 98 63 79,juridique.consulting@yahoo.fr,,TPE (<10),B2B,Facebook Pages,,Actif,2026-06-29T00:22:54.972255,moyenne
BJ-A585BE72,Juridique Africa,Services aux entreprises,Abomey-Calavi,+229 33 36 54 94,j.africa@juridiqueafrica.org.bj,juridiqueafrica.bj,TPE (<10),B2B,Facebook Pages,,Actif,2026-06-29T00:22:54.972270,haute
BJ-F1635AFF,Portage,Services aux entreprises,Abomey-Calavi,+229 53 11 11 39,portage@yahoo.fr,portage.bj,PME (10-50),B2B,Facebook Pages,,Actif,2026-06-29T00:22:54.972283,haute
BJ-BC29CD45,Excellence Services,Services aux entreprises,Porto-Novo,+229 91 54 11 44,excellenceservices@excellenceservi.com.bj,excellenceservices.bj,TPE (<10),B2B,Facebook Pages,,Actif,2026-06-29T00:22:54.972305,haute
BJ-E521223D,Solutions Surveillance International Porto-Novo,Services aux entreprises,Porto-Novo,+229 37 70 76 21,s.surveillance@solutionssurvei.com.bj,solutionssurveillanceinternationalportonovo.bj,TPE (<10),B2B,Facebook Pages,,Actif,2026-06-29T00:22:54.972322,haute
BJ-34BC7229,Accréditation,Services aux entreprises,Porto-Novo,+229 34 94 24 90,accréditation@accréditation.com.bj,accréditation.bj,PME (10-50),B2B,Facebook Pages,,Actif,2026-06-29T00:22:54.972342,haute
BJ-BC920500,Cabinet Publicité,Services aux entreprises,Porto-Novo,+229 97 11 87 50,cabinetpublicité@yahoo.com,,PME (10-50),B2B,Facebook Pages,,Actif,2026-06-29T00:22:54.972358,moyenne
BJ-3DA2F266,Expert Solutions Porto-Novo,Services aux entreprises,Porto-Novo,+229 98 68 70 48,expertsolutions@outlook.com,expertsolutionsportonovo.bj,PME (10-50),B2B,Facebook Pages,,Actif,2026-06-29T00:22:54.972374,haute
BJ-BAA74F36,Partners Sécurité Partners,Services aux entreprises,Parakou,+229 32 52 42 98,partners.sécurité@partnerssécurit.bj,partnerssécuritépartners.bj,TPE (<10),B2B,Facebook Pages,,Actif,2026-06-29T00:22:54.972398,haute
BJ-793885D9,Consulting ISO Services,Services aux entreprises,Parakou,+229 40 13 71 27,,consultingisoservices.bj,PME (50-200),B2B,Facebook Pages,,Actif,2026-06-29T00:22:54.972411,moyenne
BJ-3BC98769,Solutions Publiques,Services aux entreprises,Parakou,+229 45 90 34 49,solutions.publiques@solutionspubliq.bj,solutionspubliques.bj,TPE (<10),B2B,Facebook Pages,,Actif,2026-06-29T00:22:54.972426,haute
BJ-5F6BF883,Portage Solutions,Services aux entreprises,Parakou,+229 62 74 83 15,portagesolutions@yahoo.com,,TPE (<10),B2B,Facebook Pages,,Actif,2026-06-29T00:22:54.972440,moyenne
BJ-CBBDEF6F,Performance Cabinet Parakou,Services aux entreprises,Parakou,+229 44 46 90 15,p.cabinet@yahoo.fr,performancecabinetparakou.bj,PME (50-200),B2B,Facebook Pages,,Actif,2026-06-29T00:22:54.972455,haute
BJ-12B37C05,Agence Fiscal Advisory Bohicon,Services aux entreprises,Bohicon,+229 52 72 37 56,a.fiscal@agencefiscaladv.bj,agencefiscaladvisorybohicon.bj,Grande (>200),B2B,Facebook Pages,,Actif,2026-06-29T00:22:54.972481,haute
BJ-EE8DA2D6,Fiscal,Services aux entreprises,Bohicon,+229 59 13 50 39,fiscal@fiscal.bj,fiscal.bj,TPE (<10),B2B,Facebook Pages,,Actif,2026-06-29T00:22:54.972495,haute
BJ-71F53D1F,Salarial Bureau,Services aux entreprises,Bohicon,+229 23 18 63 66,salarial.bureau@salarialbureau.bj,salarialbureau.bj,TPE (<10),B2B,Facebook Pages,,Actif,2026-06-29T00:22:54.972512,haute
BJ-985080B4,Partners Ménage,Services aux entreprises,Bohicon,+229 23 22 35 22,p.ménage@gmail.com,,PME (10-50),B2B,Facebook Pages,,Actif,2026-06-29T00:22:54.972528,moyenne
BJ-6738E6BE,Solutions Recrutement,Services aux entreprises,Bohicon,+229 47 46 39 20,solutions_recrutement@hotmail.com,,PME (10-50),B2B,Facebook Pages,,Actif,2026-06-29T00:22:54.972542,moyenne
BJ-926B9F09,Norme Bénin,Services aux entreprises,Natitingou,+229 46 24 61 11,normebénin@outlook.com,,TPE (<10),B2B,Facebook Pages,,Actif,2026-06-29T00:22:54.972568,moyenne
BJ-62F5D955,Partners Réputation Cabinet Natitingou,Services aux entreprises,Natitingou,+229 87 54 39 99,partnersréputation@gmail.com,,PME (10-50),B2B,Facebook Pages,,Actif,2026-06-29T00:22:54.972588,moyenne
BJ-FA8C7F66,Qualité,Services aux entreprises,Natitingou,+229 38 19 81 28,qualité@qualité.com.bj,qualité.bj,TPE (<10),B2B,Facebook Pages,,Actif,2026-06-29T00:22:54.972603,haute
BJ-811FB84F,Portage,Services aux entreprises,Natitingou,+229 83 79 38 58,portage@portage.org.bj,portage.bj,PME (50-200),B2B,Facebook Pages,,Actif,2026-06-29T00:22:54.972617,haute
BJ-7DB06D86,Agence Événement Cabinet,Services aux entreprises,Natitingou,+229 94 52 14 16,agenceévénement@hotmail.com,agenceévénementcabinet.bj,Grande (>200),B2B,Facebook Pages,,Actif,2026-06-29T00:22:54.972633,haute
BJ-E81B4388,Tête,Services aux entreprises,Lokossa,+229 65 74 46 34,tête@yahoo.fr,,TPE (<10),B2B,Facebook Pages,,Actif,2026-06-29T00:22:54.972653,moyenne
BJ-7A1C3F30,Recrutement International,Services aux entreprises,Lokossa,+229 73 58 96 30,,recrutementinternational.bj,TPE (<10),B2B,Facebook Pages,,Actif,2026-06-29T00:22:54.972664,moyenne
BJ-AC4F36A1,Transformation Services,Services aux entreprises,Lokossa,+229 57 95 82 82,transformation.services@transformations.com.bj,transformationservices.bj,PME (10-50),B2B,Facebook Pages,,Actif,2026-06-29T00:22:54.972696,haute
BJ-C28E51EB,Solutions Événementiel Solutions Lokossa,Services aux entreprises,Lokossa,+229 61 54 54 61,solutionsévénementiel@solutionsévénem.bj,solutionsévénementielsolutionslokossa.bj,PME (50-200),B2B,Facebook Pages,,Actif,2026-06-29T00:22:54.972718,haute
BJ-AD74E329,Audit Sécurité Consulting,Services aux entreprises,Ouidah,+229 53 60 88 38,a.sécurité@yahoo.com,auditsécuritéconsulting.bj,PME (10-50),B2B,Facebook Pages,,Actif,2026-06-29T00:22:54.972759,haute
BJ-50AFB6CA,Tête Advisory,Services aux entreprises,Ouidah,+229 57 42 53 60,,têteadvisory.bj,PME (50-200),B2B,Facebook Pages,,Actif,2026-06-29T00:22:54.972770,moyenne
BJ-9BFB8D35,Stratégie Africa,Services aux entreprises,Ouidah,+229 38 21 55 45,stratégie.africa@hotmail.com,stratégieafrica.bj,Grande (>200),B2B,Facebook Pages,,Actif,2026-06-29T00:22:54.972790,haute
BJ-7EE4BEE2,Bureau Publicité Partners,Services aux entreprises,Ouidah,+229 69 62 66 84,b.publicité@bureaupublicité.bj,bureaupublicitépartners.bj,TPE (<10),B2B,Facebook Pages,,Actif,2026-06-29T00:22:54.972808,haute
BJ-EAE521D1,ISO Bénin,Services aux entreprises,Savalou,+229 44 41 92 85,iso.bénin@yahoo.com,isobénin.bj,PME (10-50),B2B,Facebook Pages,,Actif,2026-06-29T00:22:54.972845,haute
BJ-45117AC5,Audit Norme Solutions,Services aux entreprises,Savalou,+229 97 89 18 36,audit.norme@auditnormesolut.com.bj,auditnormesolutions.bj,PME (50-200),B2B,Facebook Pages,,Actif,2026-06-29T00:22:54.972864,haute
BJ-58B5F9D0,Partners Formation Africa,Services aux entreprises,Savalou,+229 38 47 50 37,partners.formation@gmail.com,partnersformationafrica.bj,Grande (>200),B2B,Facebook Pages,,Actif,2026-06-29T00:22:54.972905,haute
BJ-EFA7FFF4,Expert Nettoyage International,Services aux entreprises,Dassa-Zoumè,+229 29 75 82 35,expert_nettoyage@yahoo.fr,expertnettoyageinternational.bj,PME (10-50),B2B,Facebook Pages,,Actif,2026-06-29T00:22:54.972929,haute
BJ-8054D2E2,Accréditation Dassa-Zoumè,Services aux entreprises,Dassa-Zoumè,+229 95 59 54 64,accréditationdassa@gmail.com,accréditationdassazoumè.bj,PME (10-50),B2B,Facebook Pages,,Actif,2026-06-29T00:22:54.972961,haute
BJ-FFD7DD3B,Audit Communication Bénin,Services aux entreprises,Dassa-Zoumè,+229 29 27 86 30,audit_communication@yahoo.com,auditcommunicationbénin.bj,PME (10-50),B2B,Facebook Pages,,Actif,2026-06-29T00:22:54.972978,haute
BJ-1D8F1100,Expert Management Bénin,Services aux entreprises,Dassa-Zoumè,+229 98 79 94 60,expertmanagement@hotmail.com,expertmanagementbénin.bj,PME (50-200),B2B,Facebook Pages,,Actif,2026-06-29T00:22:54.972993,haute
BJ-FA1E077A,Partners Performance,Services aux entreprises,Kétou,+229 79 90 73 86,,partnersperformance.bj,PME (10-50),B2B,Facebook Pages,,Actif,2026-06-29T00:22:54.973016,moyenne
BJ-9D17DE16,Solutions Recrutement International Kétou,Services aux entreprises,Kétou,+229 24 87 36 66,s.recrutement@hotmail.com,,PME (10-50),B2B,Facebook Pages,,Actif,2026-06-29T00:22:54.973032,moyenne
BJ-440E9872,Bureau Inspection,Services aux entreprises,Kétou,+229 82 57 51 95,bureauinspection@yahoo.com,bureauinspection.bj,PME (10-50),B2B,Facebook Pages,,Actif,2026-06-29T00:22:54.973062,haute
BJ-EE63CC63,Audit Marketing Solutions,Services aux entreprises,Kétou,+229 43 54 34 65,auditmarketing@hotmail.com,auditmarketingsolutions.bj,Grande (>200),B2B,Facebook Pages,,Actif,2026-06-29T00:22:54.973078,haute
BJ-BBF21039,Presse,Services aux entreprises,Kétou,+229 60 94 70 26,presse@presse.bj,,PME (10-50),B2B,Facebook Pages,,Actif,2026-06-29T00:22:54.973092,moyenne
BJ-DB9A7CED,Norme,Services aux entreprises,Covè,+229 76 58 25 84,norme@norme.org.bj,,Grande (>200),B2B,Facebook Pages,,Actif,2026-06-29T00:22:54.973115,moyenne
BJ-BB4D842A,Agence RH Covè,Services aux entreprises,Covè,+229 76 99 10 56,,,PME (10-50),B2B,Facebook Pages,,Actif,2026-06-29T00:22:54.973127,basse
BJ-3C7468D5,Conseil RH Bénin Covè,Services aux entreprises,Covè,+229 40 68 76 35,conseil.bénin@conseilrhbéninc.com.bj,conseilrhbénincovè.bj,PME (10-50),B2B,Facebook Pages,,Actif,2026-06-29T00:22:54.973146,haute
BJ-EF78B0C3,Ménage Cabinet Covè,Services aux entreprises,Covè,+229 25 43 33 46,ménage.cabinet@ménagecabinetco.bj,ménagecabinetcovè.bj,PME (10-50),B2B,Facebook Pages,,Actif,2026-06-29T00:22:54.973163,haute
BJ-CF1157D3,Expert Inspection Cabinet Covè,Services aux entreprises,Covè,+229 87 41 59 24,expert.inspection@yahoo.com,expertinspectioncabinetcovè.bj,TPE (<10),B2B,Facebook Pages,,Actif,2026-06-29T00:22:54.973180,haute
BJ-4FBAA05C,Agence Intérim,Services aux entreprises,Pobè,+229 70 80 88 81,,agenceintérim.bj,PME (10-50),B2B,Facebook Pages,,Actif,2026-06-29T00:22:54.973200,moyenne
BJ-7372BFFF,Partners Consulting Bureau,Services aux entreprises,Pobè,+229 83 30 48 30,partnersconsulting@outlook.com,,TPE (<10),B2B,Facebook Pages,,Actif,2026-06-29T00:22:54.973224,moyenne
BJ-9C94DD90,Cabinet Événementiel Cabinet,Services aux entreprises,Pobè,+229 33 66 41 52,cabinet.événementiel@cabinetévénemen.org.bj,cabinetévénementielcabinet.bj,PME (50-200),B2B,Facebook Pages,,Actif,2026-06-29T00:22:54.973280,haute
BJ-537E41CF,Consulting Digital Pobè,Services aux entreprises,Pobè,+229 41 85 12 70,c.digital@consultingdigit.bj,consultingdigitalpobè.bj,PME (10-50),B2B,Facebook Pages,,Actif,2026-06-29T00:22:54.973297,haute
BJ-7AB381DD,Bureau Label,Services aux entreprises,Sakété,+229 99 54 33 65,bureaulabel@bureaulabel.com.bj,,PME (50-200),B2B,Facebook Pages,,Actif,2026-06-29T00:22:54.973321,moyenne
BJ-42A51BF8,Bureau Label Sakété,Services aux entreprises,Sakété,+229 69 36 98 15,bureau_label@yahoo.fr,bureaulabelsakété.bj,TPE (<10),B2B,Facebook Pages,,Actif,2026-06-29T00:22:54.973337,haute
BJ-58262F2C,Marque Sakété,Services aux entreprises,Sakété,+229 77 15 25 18,marquesakété@marquesakété.com.bj,,PME (10-50),B2B,Facebook Pages,,Actif,2026-06-29T00:22:54.973353,moyenne
BJ-73BA96A7,Consulting Indépendant,Services aux entreprises,Sakété,+229 55 63 24 88,consulting.indépendant@consultingindép.com.bj,consultingindépendant.bj,PME (50-200),B2B,Facebook Pages,,Actif,2026-06-29T00:22:54.973370,haute
BJ-C453F725,Cabinet Presse,Services aux entreprises,Sakété,+229 78 93 99 74,cabinet_presse@yahoo.com,cabinetpresse.bj,PME (10-50),B2B,Facebook Pages,,Actif,2026-06-29T00:22:54.973386,haute
BJ-833FB5AF,Performance,Services aux entreprises,Adjara,+229 48 47 68 90,performance@yahoo.fr,,PME (10-50),B2B,Facebook Pages,,Actif,2026-06-29T00:22:54.973405,moyenne
BJ-4F56F90A,Inspection Solutions Adjara,Services aux entreprises,Adjara,+229 91 78 21 77,inspection.solutions@inspectionsolut.org.bj,inspectionsolutionsadjara.bj,PME (10-50),B2B,Facebook Pages,,Actif,2026-06-29T00:22:54.973425,haute
BJ-87D21030,Entretien,Services aux entreprises,Adjara,+229 92 39 50 67,,,Grande (>200),B2B,Facebook Pages,,Actif,2026-06-29T00:22:54.973440,basse
BJ-61A9C5CF,Agence Salarial Cabinet,Services aux entreprises,Adjara,+229 61 91 25 23,a.salarial@agencesalarialc.com.bj,agencesalarialcabinet.bj,PME (10-50),B2B,Facebook Pages,,Actif,2026-06-29T00:22:54.973456,haute
BJ-1E983C8F,Cabinet Business,Services aux entreprises,Adjara,+229 84 98 71 62,,cabinetbusiness.bj,Grande (>200),B2B,Facebook Pages,,Actif,2026-06-29T00:22:54.973469,moyenne
BJ-56F0454E,Expert Business,Services aux entreprises,Allada,+229 68 51 20 50,expert.business@outlook.com,expertbusiness.bj,PME (10-50),B2B,Facebook Pages,,Actif,2026-06-29T00:22:54.973491,haute
BJ-59CB299E,Bureau Tête Partners,Services aux entreprises,Allada,+229 73 86 53 24,,bureautêtepartners.bj,Grande (>200),B2B,Facebook Pages,,Actif,2026-06-29T00:22:54.973507,moyenne
BJ-8631CF4D,Événement Consulting,Services aux entreprises,Allada,+229 41 84 79 40,é.consulting@yahoo.com,,TPE (<10),B2B,Facebook Pages,,Actif,2026-06-29T00:22:54.973536,moyenne
BJ-E2E6FA90,Solutions Business Africa,Services aux entreprises,Allada,+229 89 18 91 14,solutionsbusiness@solutionsbusine.com.bj,solutionsbusinessafrica.bj,PME (10-50),B2B,Facebook Pages,,Actif,2026-06-29T00:22:54.973552,haute
BJ-D617DA7A,Agence Recrutement,Services aux entreprises,Aplahoué,+229 59 53 34 39,agence.recrutement@agencerecruteme.com.bj,agencerecrutement.bj,Grande (>200),B2B,Facebook Pages,,Actif,2026-06-29T00:22:54.973588,haute
BJ-540988E4,Cabinet Gardiennage Bénin Aplahoué,Services aux entreprises,Aplahoué,+229 53 68 49 79,cabinet.gardiennage@cabinetgardienn.com.bj,cabinetgardiennagebéninaplahoué.bj,TPE (<10),B2B,Facebook Pages,,Actif,2026-06-29T00:22:54.973610,haute
BJ-C8F54BDE,Consulting Intérim,Services aux entreprises,Aplahoué,+229 64 59 55 19,,consultingintérim.bj,PME (10-50),B2B,Facebook Pages,,Actif,2026-06-29T00:22:54.973622,moyenne
BJ-A930A559,Conseil Événement,Services aux entreprises,Aplahoué,+229 83 36 68 27,,conseilévénement.bj,Grande (>200),B2B,Facebook Pages,,Actif,2026-06-29T00:22:54.973635,moyenne
BJ-90E40258,Réputation Dogbo-Tota,Services aux entreprises,Dogbo-Tota,+229 27 35 39 21,réputationdogbo@réputationdogbo.org.bj,réputationdogbotota.bj,TPE (<10),B2B,Facebook Pages,,Actif,2026-06-29T00:22:54.973660,haute
BJ-F55C17B2,Intérim International,Services aux entreprises,Dogbo-Tota,+229 90 86 57 42,i.international@yahoo.com,intériminternational.bj,PME (10-50),B2B,Facebook Pages,,Actif,2026-06-29T00:22:54.973676,haute
BJ-C6755E17,Performance,Services aux entreprises,Dogbo-Tota,+229 20 22 66 53,performance@yahoo.com,performance.bj,PME (10-50),B2B,Facebook Pages,,Actif,2026-06-29T00:22:54.973689,haute
BJ-CF6C1EF3,Bureau Certification Solutions Dogbo-Tota,Services aux entreprises,Dogbo-Tota,+229 92 18 19 46,bureau.certification@yahoo.com,bureaucertificationsolutionsdogbotota.bj,PME (10-50),B2B,Facebook Pages,,Actif,2026-06-29T00:22:54.973709,haute
BJ-7BFAE994,Audit Norme Consulting,Services aux entreprises,Dogbo-Tota,+229 65 82 39 59,,,PME (10-50),B2B,Facebook Pages,,Actif,2026-06-29T00:22:54.973720,basse
BJ-FBC8CF99,Audit Label,Services aux entreprises,Kpomassè,+229 65 25 50 31,audit.label@auditlabel.org.bj,auditlabel.bj,TPE (<10),B2B,Facebook Pages,,Actif,2026-06-29T00:22:54.973757,haute
BJ-D8679DEB,Cabinet Management International Kpomassè,Services aux entreprises,Kpomassè,+229 88 75 10 14,,,TPE (<10),B2B,Facebook Pages,,Actif,2026-06-29T00:22:54.973775,basse
BJ-5F4C14CD,Marketing Services,Services aux entreprises,Kpomassè,+229 84 83 92 60,m.services@yahoo.fr,,TPE (<10),B2B,Facebook Pages,,Actif,2026-06-29T00:22:54.973791,moyenne
BJ-01B8391C,Label Advisory,Services aux entreprises,Kpomassè,+229 28 38 25 82,label.advisory@labeladvisory.org.bj,labeladvisory.bj,TPE (<10),B2B,Facebook Pages,,Actif,2026-06-29T00:22:54.973806,haute
BJ-70435E41,Gardiennage,Services aux entreprises,Tori-Bossito,+229 36 71 45 31,,gardiennage.bj,TPE (<10),B2B,Facebook Pages,,Actif,2026-06-29T00:22:54.973824,moyenne
BJ-6B4517ED,Solutions Vérification Consulting,Services aux entreprises,Tori-Bossito,+229 41 67 78 96,solutionsvérification@solutionsvérifi.bj,,TPE (<10),B2B,Facebook Pages,,Actif,2026-06-29T00:22:54.973844,moyenne
BJ-67C28F6C,Partners Consulting Bureau Tori-Bossito,Services aux entreprises,Tori-Bossito,+229 64 24 27 12,partners.consulting@yahoo.fr,,TPE (<10),B2B,Facebook Pages,,Actif,2026-06-29T00:22:54.973864,moyenne
BJ-F53FADD9,Consulting Label,Services aux entreprises,Tori-Bossito,+229 52 32 69 12,,,TPE (<10),B2B,Facebook Pages,,Actif,2026-06-29T00:22:54.973875,basse
BJ-0F1557CF,Vérification Advisory,Services aux entreprises,Tori-Bossito,+229 85 39 55 79,vérificationadvisory@vérificationadv.org.bj,,PME (10-50),B2B,Facebook Pages,,Actif,2026-06-29T00:22:54.973904,moyenne
BJ-4EDA9217,Expert Accréditation Solutions,Services aux entreprises,Grand-Popo,+229 28 87 71 53,expertaccréditation@expertaccrédita.com.bj,expertaccréditationsolutions.bj,Grande (>200),B2B,Facebook Pages,,Actif,2026-06-29T00:22:54.973941,haute
BJ-2AD3F948,Agence Recrutement Bénin,Services aux entreprises,Grand-Popo,+229 26 72 76 30,agence_recrutement@agencerecruteme.org.bj,agencerecrutementbénin.bj,PME (50-200),B2B,Facebook Pages,,Actif,2026-06-29T00:22:54.973960,haute
BJ-3348FA9A,Business,Services aux entreprises,Grand-Popo,+229 48 70 84 37,business@yahoo.fr,business.bj,PME (10-50),B2B,Facebook Pages,,Actif,2026-06-29T00:22:54.973977,haute
BJ-65FA1D54,Cabinet Relations,Services aux entreprises,Grand-Popo,+229 44 41 97 33,cabinet.relations@cabinetrelation.com.bj,,PME (10-50),B2B,Facebook Pages,,Actif,2026-06-29T00:22:54.973996,moyenne
BJ-28675BE2,Consulting Sécurité,Services aux entreprises,Grand-Popo,+229 83 86 14 54,consultingsécurité@outlook.com,consultingsécurité.bj,TPE (<10),B2B,Facebook Pages,,Actif,2026-06-29T00:22:54.974012,haute
BJ-3C99984E,Solutions Sécurité Athiémé,Services aux entreprises,Athiémé,+229 97 43 47 48,solutionssécurité@hotmail.com,,PME (10-50),B2B,Facebook Pages,,Actif,2026-06-29T00:22:54.974039,moyenne
BJ-24F0251E,Intérim International,Services aux entreprises,Athiémé,+229 99 57 34 85,intérim.international@yahoo.com,,TPE (<10),B2B,Facebook Pages,,Actif,2026-06-29T00:22:54.974055,moyenne
BJ-4717C182,Solutions Chasse Bureau Athiémé,Services aux entreprises,Athiémé,+229 93 17 41 68,solutionschasse@gmail.com,solutionschassebureauathiémé.bj,TPE (<10),B2B,Facebook Pages,,Actif,2026-06-29T00:22:54.974072,haute
BJ-9A536E77,Cabinet Événement,Services aux entreprises,Athiémé,+229 80 57 88 32,cabinetévénement@cabinetévénemen.bj,,PME (50-200),B2B,Facebook Pages,,Actif,2026-06-29T00:22:54.974088,moyenne
BJ-6FF4811F,Solutions Conseil Athiémé,Services aux entreprises,Athiémé,+229 80 27 82 96,solutionsconseil@gmail.com,solutionsconseilathiémé.bj,TPE (<10),B2B,Facebook Pages,,Actif,2026-06-29T00:22:54.974105,haute
BJ-8E19B261,Qualité Services Bopa,Services aux entreprises,Bopa,+229 51 47 18 26,qualitéservices@qualitéservices.bj,qualitéservicesbopa.bj,PME (10-50),B2B,Facebook Pages,,Actif,2026-06-29T00:22:54.974130,haute
BJ-8BBB5419,Communication Consulting,Services aux entreprises,Bopa,+229 63 40 70 83,communication_consulting@communicationco.bj,communicationconsulting.bj,TPE (<10),B2B,Facebook Pages,,Actif,2026-06-29T00:22:54.974147,haute
BJ-6E569A3E,Vérification Services,Services aux entreprises,Bopa,+229 22 37 77 19,,vérificationservices.bj,TPE (<10),B2B,Facebook Pages,,Actif,2026-06-29T00:22:54.974162,moyenne
BJ-804AE90D,Consulting Digital,Services aux entreprises,Bopa,+229 86 60 84 31,consulting_digital@outlook.com,consultingdigital.bj,TPE (<10),B2B,Facebook Pages,,Actif,2026-06-29T00:22:54.974178,haute
BJ-A75DD1BF,Recrutement Consulting,Services aux entreprises,Bopa,+229 35 38 31 30,recrutement.consulting@recrutementcons.com.bj,,TPE (<10),B2B,Facebook Pages,,Actif,2026-06-29T00:22:54.974194,moyenne
BJ-A797D877,Vérification Solutions,Services aux entreprises,Houéyogbé,+229 68 73 53 65,vérification.solutions@hotmail.com,vérificationsolutions.bj,PME (50-200),B2B,Facebook Pages,,Actif,2026-06-29T00:22:54.974217,haute
BJ-199B01A4,Innovation Services Houéyogbé,Services aux entreprises,Houéyogbé,+229 56 60 13 11,innovation.services@hotmail.com,innovationserviceshouéyogbé.bj,TPE (<10),B2B,Facebook Pages,,Actif,2026-06-29T00:22:54.974234,haute
BJ-F5381AB0,Relations Africa,Services aux entreprises,Houéyogbé,+229 49 74 15 41,relationsafrica@relationsafrica.org.bj,relationsafrica.bj,PME (10-50),B2B,Facebook Pages,,Actif,2026-06-29T00:22:54.974250,haute
BJ-EAE39CFA,Portage International,Services aux entreprises,Houéyogbé,+229 88 41 53 75,p.international@yahoo.fr,portageinternational.bj,Grande (>200),B2B,Facebook Pages,,Actif,2026-06-29T00:22:54.974265,haute
BJ-1E827784,Partners Réputation International,Services aux entreprises,Malanville,+229 94 83 34 30,p.réputation@yahoo.com,partnersréputationinternational.bj,TPE (<10),B2B,Facebook Pages,,Actif,2026-06-29T00:22:54.974308,haute
BJ-89D2A649,Conseil Inspection,Services aux entreprises,Malanville,+229 63 66 37 25,c.inspection@gmail.com,conseilinspection.bj,TPE (<10),B2B,Facebook Pages,,Actif,2026-06-29T00:22:54.974324,haute
BJ-5AAE7968,Contrôle Africa,Services aux entreprises,Malanville,+229 48 64 83 80,,contrôleafrica.bj,PME (10-50),B2B,Facebook Pages,,Actif,2026-06-29T00:22:54.974339,moyenne
BJ-9D38C642,Cabinet Expert,Services aux entreprises,Malanville,+229 30 33 91 68,cabinet.expert@cabinetexpert.org.bj,cabinetexpert.bj,PME (10-50),B2B,Facebook Pages,,Actif,2026-06-29T00:22:54.974355,haute
BJ-EB3BCF4D,Audit Cabinet,Services aux entreprises,Malanville,+229 21 26 69 24,audit.cabinet@auditcabinet.org.bj,auditcabinet.bj,TPE (<10),B2B,Facebook Pages,,Actif,2026-06-29T00:22:54.974370,haute
BJ-AFC875A4,Consulting Norme Africa,Services aux entreprises,Kandi,+229 53 75 45 89,consulting_norme@consultingnorme.org.bj,consultingnormeafrica.bj,PME (50-200),B2B,Facebook Pages,,Actif,2026-06-29T00:22:54.974396,haute
BJ-7DFEEED2,Bureau Protection,Services aux entreprises,Kandi,+229 20 62 65 38,bureau.protection@bureauprotectio.bj,bureauprotection.bj,PME (10-50),B2B,Facebook Pages,,Actif,2026-06-29T00:22:54.974411,haute
BJ-6D782285,Solutions Chasse Advisory,Services aux entreprises,Kandi,+229 47 29 41 23,solutions.chasse@solutionschasse.org.bj,solutionschasseadvisory.bj,TPE (<10),B2B,Facebook Pages,,Actif,2026-06-29T00:22:54.974426,haute
BJ-2B62BC45,Consulting Portage Consulting,Services aux entreprises,Kandi,+229 66 87 15 98,consulting.portage@outlook.com,consultingportageconsulting.bj,PME (10-50),B2B,Facebook Pages,,Actif,2026-06-29T00:22:54.974441,haute
BJ-A560A477,Audit Gardiennage,Services aux entreprises,Kandi,+229 86 32 97 83,a.gardiennage@yahoo.com,auditgardiennage.bj,Grande (>200),B2B,Facebook Pages,,Actif,2026-06-29T00:22:54.974454,haute
BJ-373A5689,Agence Management Cabinet,Services aux entreprises,Banikoara,+229 88 44 20 61,agence.management@gmail.com,agencemanagementcabinet.bj,TPE (<10),B2B,Facebook Pages,,Actif,2026-06-29T00:22:54.974475,haute
BJ-F758EB43,Comptable Advisory,Services aux entreprises,Banikoara,+229 76 72 70 21,c.advisory@gmail.com,comptableadvisory.bj,PME (50-200),B2B,Facebook Pages,,Actif,2026-06-29T00:22:54.974490,haute
BJ-A4CF812E,Expert Réputation Banikoara,Services aux entreprises,Banikoara,+229 83 89 53 65,expert.réputation@gmail.com,,PME (10-50),B2B,Facebook Pages,,Actif,2026-06-29T00:22:54.974509,moyenne
BJ-F742DDE7,Conseil Formation,Services aux entreprises,Banikoara,+229 78 23 18 53,conseil.formation@conseilformatio.com.bj,conseilformation.bj,PME (50-200),B2B,Facebook Pages,,Actif,2026-06-29T00:22:54.974525,haute
BJ-700D8697,Certification Cabinet,Services aux entreprises,Banikoara,+229 87 80 31 26,,certificationcabinet.bj,TPE (<10),B2B,Facebook Pages,,Actif,2026-06-29T00:22:54.974539,moyenne
BJ-4C7CE67E,Cabinet Portage,Services aux entreprises,Ségbana,+229 40 78 30 58,c.portage@hotmail.com,cabinetportage.bj,TPE (<10),B2B,Facebook Pages,,Actif,2026-06-29T00:22:54.974576,haute
BJ-77959095,Événement,Services aux entreprises,Ségbana,+229 57 60 93 73,événement@hotmail.com,événement.bj,PME (10-50),B2B,Facebook Pages,,Actif,2026-06-29T00:22:54.974590,haute
BJ-859A4973,Audit Portage Bénin Ségbana,Services aux entreprises,Ségbana,+229 85 53 19 14,auditportage@hotmail.com,,TPE (<10),B2B,Facebook Pages,,Actif,2026-06-29T00:22:54.974619,moyenne
BJ-7020446C,Performance,Services aux entreprises,Karimama,+229 40 74 55 12,performance@performance.com.bj,,Grande (>200),B2B,Facebook Pages,,Actif,2026-06-29T00:22:54.974639,moyenne
BJ-12786AD2,Business Karimama,Services aux entreprises,Karimama,+229 88 64 65 73,b.karimama@outlook.com,businesskarimama.bj,TPE (<10),B2B,Facebook Pages,,Actif,2026-06-29T00:22:54.974669,haute
BJ-B017BC9C,ISO,Services aux entreprises,Karimama,+229 66 71 31 59,iso@iso.org.bj,iso.bj,Grande (>200),B2B,Facebook Pages,,Actif,2026-06-29T00:22:54.974706,haute
BJ-0F9F582C,Consulting Marque Services,Services aux entreprises,Karimama,+229 27 13 91 63,c.marque@hotmail.com,consultingmarqueservices.bj,TPE (<10),B2B,Facebook Pages,,Actif,2026-06-29T00:22:54.974739,haute
BJ-87FC1893,Solutions Norme,Services aux entreprises,Karimama,+229 55 84 40 56,,solutionsnorme.bj,PME (10-50),B2B,Facebook Pages,,Actif,2026-06-29T00:22:54.974764,moyenne
BJ-92C8CB6D,Cabinet Stratégie Cabinet,Services aux entreprises,Gogounou,+229 98 47 28 39,cabinet.stratégie@gmail.com,cabinetstratégiecabinet.bj,Grande (>200),B2B,Facebook Pages,,Actif,2026-06-29T00:22:54.974818,haute
BJ-1BBFDC57,Norme,Services aux entreprises,Gogounou,+229 59 32 75 20,norme@norme.bj,norme.bj,PME (10-50),B2B,Facebook Pages,,Actif,2026-06-29T00:22:54.974848,haute
BJ-F7829630,Tête Consulting Gogounou,Services aux entreprises,Gogounou,+229 48 97 14 86,tête_consulting@outlook.com,têteconsultinggogounou.bj,PME (10-50),B2B,Facebook Pages,,Actif,2026-06-29T00:22:54.974899,haute
BJ-97D10210,Consulting Consulting,Services aux entreprises,Gogounou,+229 29 97 31 13,c.consulting@gmail.com,consultingconsulting.bj,TPE (<10),B2B,Facebook Pages,,Actif,2026-06-29T00:22:54.974925,haute
BJ-EDBF800C,Qualité,Services aux entreprises,Gogounou,+229 60 92 91 73,,qualité.bj,PME (10-50),B2B,Facebook Pages,,Actif,2026-06-29T00:22:54.974938,moyenne
BJ-40781962,Expert ISO Bureau,Services aux entreprises,Cobly,+229 38 38 24 59,expert.iso@expertisobureau.bj,expertisobureau.bj,TPE (<10),B2B,Facebook Pages,,Actif,2026-06-29T00:22:54.974964,haute
BJ-EB84E79C,Bureau Entretien Bureau,Services aux entreprises,Cobly,+229 51 94 93 15,bureauentretien@outlook.com,bureauentretienbureau.bj,PME (10-50),B2B,Facebook Pages,,Actif,2026-06-29T00:22:54.974980,haute
BJ-D31E4085,Norme Solutions,Services aux entreprises,Cobly,+229 21 25 21 72,normesolutions@normesolutions.bj,normesolutions.bj,PME (10-50),B2B,Facebook Pages,,Actif,2026-06-29T00:22:54.974999,haute
BJ-8BBEF2A8,Salarial Bureau,Services aux entreprises,Cobly,+229 44 60 89 56,s.bureau@salarialbureau.org.bj,salarialbureau.bj,PME (10-50),B2B,Facebook Pages,,Actif,2026-06-29T00:22:54.975015,haute
BJ-6243613C,Événement International Cobly,Services aux entreprises,Cobly,+229 63 15 86 75,événement.international@outlook.com,événementinternationalcobly.bj,PME (10-50),B2B,Facebook Pages,,Actif,2026-06-29T00:22:54.975033,haute
BJ-9FBD0835,Consulting Formation Advisory,Services aux entreprises,Tanguiéta,+229 34 26 48 39,consultingformation@consultingforma.com.bj,,PME (10-50),B2B,Facebook Pages,,Actif,2026-06-29T00:22:54.975070,moyenne
BJ-3CF1158F,Conseil Nettoyage Partners,Services aux entreprises,Tanguiéta,+229 87 63 94 53,c.nettoyage@yahoo.fr,,TPE (<10),B2B,Facebook Pages,,Actif,2026-06-29T00:22:54.975085,moyenne
BJ-CB97FEAA,Publiques Services Tanguiéta,Services aux entreprises,Tanguiéta,+229 89 38 46 88,publiquesservices@publiquesservic.org.bj,publiquesservicestanguiéta.bj,PME (10-50),B2B,Facebook Pages,,Actif,2026-06-29T00:22:54.975102,haute
BJ-E16B4D11,Bureau Publicité,Services aux entreprises,Tanguiéta,+229 71 98 88 16,,bureaupublicité.bj,PME (10-50),B2B,Facebook Pages,,Actif,2026-06-29T00:22:54.975114,moyenne
BJ-0DE9A1C2,Image Partners,Services aux entreprises,Matéri,+229 94 11 83 12,i.partners@imagepartners.bj,,PME (10-50),B2B,Facebook Pages,,Actif,2026-06-29T00:22:54.975136,moyenne
BJ-45FC1B6F,Expert ISO Services Matéri,Services aux entreprises,Matéri,+229 37 77 57 48,expert.iso@expertisoservic.org.bj,expertisoservicesmatéri.bj,PME (10-50),B2B,Facebook Pages,,Actif,2026-06-29T00:22:54.975154,haute
BJ-CA2961B0,Bureau Image Matéri,Services aux entreprises,Matéri,+229 89 75 81 73,bureauimage@bureauimagematé.bj,bureauimagematéri.bj,Grande (>200),B2B,Facebook Pages,,Actif,2026-06-29T00:22:54.975173,haute
BJ-A2EF69C6,Cabinet Marque Matéri,Services aux entreprises,Matéri,+229 97 68 52 31,cabinet.marque@yahoo.fr,cabinetmarquematéri.bj,Grande (>200),B2B,Facebook Pages,,Actif,2026-06-29T00:22:54.975189,haute
BJ-09FD5C71,Cabinet CDD Bénin Matéri,Services aux entreprises,Matéri,+229 60 36 56 35,c.cdd@outlook.com,cabinetcddbéninmatéri.bj,TPE (<10),B2B,Facebook Pages,,Actif,2026-06-29T00:22:54.975210,haute
BJ-FFED601A,Inspection International,Services aux entreprises,Natitingou,+229 48 79 39 98,,inspectioninternational.bj,TPE (<10),B2B,Facebook Pages,,Actif,2026-06-29T00:22:54.975243,moyenne
BJ-EA3E842E,Expert Protection,Services aux entreprises,Natitingou,+229 94 27 88 30,e.protection@expertprotectio.com.bj,expertprotection.bj,Grande (>200),B2B,Facebook Pages,,Actif,2026-06-29T00:22:54.975259,haute
BJ-25E4D413,Audit Expert,Services aux entreprises,Natitingou,+229 37 47 28 30,,,PME (10-50),B2B,Facebook Pages,,Actif,2026-06-29T00:22:54.975270,basse
BJ-6D028AE5,Image Partners,Services aux entreprises,Natitingou,+229 69 59 57 55,image.partners@imagepartners.com.bj,imagepartners.bj,PME (10-50),B2B,Facebook Pages,,Actif,2026-06-29T00:22:54.975285,haute
BJ-16207D9B,Sécurité Consulting,Services aux entreprises,Toucountouna,+229 21 83 99 45,sécuritéconsulting@sécuritéconsult.org.bj,sécuritéconsulting.bj,PME (10-50),B2B,Facebook Pages,,Actif,2026-06-29T00:22:54.975313,haute
BJ-72C6F117,Innovation Partners Toucountouna,Services aux entreprises,Toucountouna,+229 67 47 23 67,innovation_partners@innovationpartn.bj,innovationpartnerstoucountouna.bj,PME (10-50),B2B,Facebook Pages,,Actif,2026-06-29T00:22:54.975346,haute
BJ-3AA2A2EF,Formation Bénin,Services aux entreprises,Toucountouna,+229 47 99 82 32,f.bénin@gmail.com,formationbénin.bj,PME (50-200),B2B,Facebook Pages,,Actif,2026-06-29T00:22:54.975393,haute
BJ-1E8999FD,RH Bénin,Services aux entreprises,Toucountouna,+229 95 95 24 84,bénin@outlook.com,rhbénin.bj,TPE (<10),B2B,Facebook Pages,,Actif,2026-06-29T00:22:54.975428,haute
BJ-D7CA33D4,Marketing Toucountouna,Services aux entreprises,Toucountouna,+229 46 36 74 90,m.toucountouna@gmail.com,marketingtoucountouna.bj,PME (10-50),B2B,Facebook Pages,,Actif,2026-06-29T00:22:54.975464,haute
BJ-0F87974C,Relations Partners,Services aux entreprises,Boukoumbé,+229 24 35 93 52,relations.partners@hotmail.com,,TPE (<10),B2B,Facebook Pages,,Actif,2026-06-29T00:22:54.975511,moyenne
BJ-A3FA228C,Agence Image,Services aux entreprises,Boukoumbé,+229 28 34 11 86,agence.image@agenceimage.com.bj,agenceimage.bj,TPE (<10),B2B,Facebook Pages,,Actif,2026-06-29T00:22:54.975548,haute
BJ-6460F785,Solutions Transformation Services,Services aux entreprises,Boukoumbé,+229 25 42 30 10,solutionstransformation@yahoo.fr,solutionstransformationservices.bj,PME (50-200),B2B,Facebook Pages,,Actif,2026-06-29T00:22:54.975584,haute
BJ-DA3D8431,CDD,Services aux entreprises,Boukoumbé,+229 45 74 15 23,cdd@hotmail.com,cdd.bj,PME (50-200),B2B,Facebook Pages,,Actif,2026-06-29T00:22:54.975620,haute
BJ-DF215FD5,Cabinet Marketing Bureau,Services aux entreprises,Boukoumbé,+229 76 84 92 75,cabinet.marketing@cabinetmarketin.org.bj,cabinetmarketingbureau.bj,PME (50-200),B2B,Facebook Pages,,Actif,2026-06-29T00:22:54.975659,haute
BJ-C43A5830,Juridique,Services aux entreprises,Kouandé,+229 99 10 60 33,juridique@hotmail.com,juridique.bj,PME (50-200),B2B,Facebook Pages,,Actif,2026-06-29T00:22:54.975716,haute
BJ-28AD7DF2,Conseil Intérim Solutions Kouandé,Services aux entreprises,Kouandé,+229 89 40 10 92,,conseilintérimsolutionskouandé.bj,TPE (<10),B2B,Facebook Pages,,Actif,2026-06-29T00:22:54.975769,moyenne
BJ-E9ED7759,Événementiel,Services aux entreprises,Kouandé,+229 71 29 50 31,événementiel@yahoo.com,événementiel.bj,PME (50-200),B2B,Facebook Pages,,Actif,2026-06-29T00:22:54.975810,haute
BJ-9218B780,Solutions CDI Kouandé,Services aux entreprises,Kouandé,+229 97 62 23 27,solutions.cdi@solutionscdikou.com.bj,,TPE (<10),B2B,Facebook Pages,,Actif,2026-06-29T00:22:54.975846,moyenne
BJ-C5F67D22,Cabinet Inspection Péhunco,Services aux entreprises,Péhunco,+229 66 76 59 79,,cabinetinspectionpéhunco.bj,PME (10-50),B2B,Facebook Pages,,Actif,2026-06-29T00:22:54.975933,moyenne
BJ-FDEF5E11,Solutions Gardiennage Cabinet Péhunco,Services aux entreprises,Péhunco,+229 84 67 58 12,solutions.gardiennage@solutionsgardie.com.bj,,PME (10-50),B2B,Facebook Pages,,Actif,2026-06-29T00:22:54.975973,moyenne
BJ-FF875B03,Agence Formation Services,Services aux entreprises,Péhunco,+229 88 29 81 90,,agenceformationservices.bj,PME (50-200),B2B,Facebook Pages,,Actif,2026-06-29T00:22:54.975985,moyenne
BJ-26690612,Formation Advisory,Services aux entreprises,Péhunco,+229 98 16 16 33,,formationadvisory.bj,TPE (<10),B2B,Facebook Pages,,Actif,2026-06-29T00:22:54.975997,moyenne
BJ-708551EE,Gardiennage Partners Tchaourou,Services aux entreprises,Tchaourou,+229 62 95 94 63,gardiennagepartners@hotmail.com,gardiennagepartnerstchaourou.bj,PME (50-200),B2B,Facebook Pages,,Actif,2026-06-29T00:22:54.976023,haute
BJ-2B40E971,Bureau Ménage International,Services aux entreprises,Tchaourou,+229 66 32 26 53,b.ménage@bureauménageint.com.bj,bureauménageinternational.bj,TPE (<10),B2B,Facebook Pages,,Actif,2026-06-29T00:22:54.976055,haute
BJ-5B4C6475,Cabinet Marque,Services aux entreprises,Tchaourou,+229 52 94 21 39,,cabinetmarque.bj,PME (10-50),B2B,Facebook Pages,,Actif,2026-06-29T00:22:54.976089,moyenne
BJ-A6C529A8,Marque,Services aux entreprises,Tchaourou,+229 66 18 53 40,marque@marque.bj,marque.bj,PME (10-50),B2B,Facebook Pages,,Actif,2026-06-29T00:22:54.976107,haute
BJ-FF85F614,Conseil Stratégie Advisory,Services aux entreprises,Tchaourou,+229 64 91 44 94,conseilstratégie@yahoo.com,conseilstratégieadvisory.bj,TPE (<10),B2B,Facebook Pages,,Actif,2026-06-29T00:22:54.976125,haute
BJ-4CE93174,Freelance Africa,Services aux entreprises,Nikki,+229 32 51 71 35,freelance.africa@freelanceafrica.com.bj,,PME (50-200),B2B,Facebook Pages,,Actif,2026-06-29T00:22:54.976150,moyenne
BJ-B3E53C76,Audit Protection Africa Nikki,Services aux entreprises,Nikki,+229 37 10 63 82,audit_protection@outlook.com,auditprotectionafricanikki.bj,PME (50-200),B2B,Facebook Pages,,Actif,2026-06-29T00:22:54.976171,haute
BJ-A222478C,Business International Nikki,Services aux entreprises,Nikki,+229 29 44 49 71,b.international@businessinterna.org.bj,businessinternationalnikki.bj,TPE (<10),B2B,Facebook Pages,,Actif,2026-06-29T00:22:54.976189,haute
BJ-FC900575,Cabinet Formation,Services aux entreprises,Nikki,+229 66 49 68 82,,,PME (10-50),B2B,Facebook Pages,,Actif,2026-06-29T00:22:54.976201,basse
BJ-92A16C6F,Agence Inspection Bureau,Services aux entreprises,Nikki,+229 82 33 31 17,agence.inspection@yahoo.fr,agenceinspectionbureau.bj,PME (10-50),B2B,Facebook Pages,,Actif,2026-06-29T00:22:54.976216,haute
BJ-9591509F,Business,Services aux entreprises,Bembéréké,+229 95 53 49 14,business@gmail.com,,Grande (>200),B2B,Facebook Pages,,Actif,2026-06-29T00:22:54.976255,moyenne
BJ-9CA4CEC6,Audit Formation,Services aux entreprises,Bembéréké,+229 70 64 28 58,auditformation@auditformation.com.bj,auditformation.bj,TPE (<10),B2B,Facebook Pages,,Actif,2026-06-29T00:22:54.976292,haute
BJ-41BF4435,Formation,Services aux entreprises,Bembéréké,+229 57 42 37 75,formation@yahoo.com,formation.bj,TPE (<10),B2B,Facebook Pages,,Actif,2026-06-29T00:22:54.976330,haute
BJ-87C4A5D0,Agence Audit Bureau,Services aux entreprises,Bembéréké,+229 41 64 16 57,a.audit@yahoo.fr,agenceauditbureau.bj,PME (10-50),B2B,Facebook Pages,,Actif,2026-06-29T00:22:54.976370,haute
BJ-42FEF473,Relations,Services aux entreprises,Bembéréké,+229 93 14 36 88,relations@relations.bj,relations.bj,TPE (<10),B2B,Facebook Pages,,Actif,2026-06-29T00:22:54.976397,haute
BJ-70C86996,Consulting Salarial,Services aux entreprises,Kalalé,+229 71 64 32 25,consulting.salarial@consultingsalar.org.bj,consultingsalarial.bj,TPE (<10),B2B,Facebook Pages,,Actif,2026-06-29T00:22:54.976463,haute
BJ-217C41DF,Expert Sécurité,Services aux entreprises,Kalalé,+229 29 66 30 82,e.sécurité@expertsécurité.org.bj,expertsécurité.bj,PME (50-200),B2B,Facebook Pages,,Actif,2026-06-29T00:22:54.976513,haute
BJ-11507B1C,Partners Innovation Consulting,Services aux entreprises,Kalalé,+229 91 37 15 27,partners.innovation@partnersinnovat.bj,partnersinnovationconsulting.bj,PME (50-200),B2B,Facebook Pages,,Actif,2026-06-29T00:22:54.976555,haute
BJ-30B9B174,Conseil Accréditation,Services aux entreprises,Kalalé,+229 63 54 91 88,c.accréditation@yahoo.fr,conseilaccréditation.bj,TPE (<10),B2B,Facebook Pages,,Actif,2026-06-29T00:22:54.976597,haute
BJ-7A838DAC,CDI Kalalé,Services aux entreprises,Kalalé,+229 81 48 37 59,c.kalalé@outlook.com,cdikalalé.bj,PME (10-50),B2B,Facebook Pages,,Actif,2026-06-29T00:22:54.976629,haute
BJ-B148EA7F,Bureau Image Ndali,Services aux entreprises,Ndali,+229 42 53 99 23,bureauimage@hotmail.com,,PME (50-200),B2B,Facebook Pages,,Actif,2026-06-29T00:22:54.976679,moyenne
BJ-32D2C285,Agence Sécurité Advisory Ndali,Services aux entreprises,Ndali,+229 49 18 37 21,agencesécurité@hotmail.com,agencesécuritéadvisoryndali.bj,PME (50-200),B2B,Facebook Pages,,Actif,2026-06-29T00:22:54.976724,haute
BJ-2294B5AF,Organisation Africa,Services aux entreprises,Ndali,+229 66 48 12 81,o.africa@hotmail.com,organisationafrica.bj,PME (10-50),B2B,Facebook Pages,,Actif,2026-06-29T00:22:54.976783,haute
BJ-7D70B3C9,Salarial Ndali,Services aux entreprises,Ndali,+229 76 28 12 78,salarial.ndali@salarialndali.bj,salarialndali.bj,PME (50-200),B2B,Facebook Pages,,Actif,2026-06-29T00:22:54.976829,haute
BJ-BDFD99FF,Consulting Performance Cabinet Ndali,Services aux entreprises,Ndali,+229 39 11 95 34,consulting.performance@yahoo.fr,consultingperformancecabinetndali.bj,Grande (>200),B2B,Facebook Pages,,Actif,2026-06-29T00:22:54.976874,haute
BJ-F5445C36,Réputation Services,Services aux entreprises,Ségbana,+229 72 20 51 37,r.services@hotmail.com,,PME (50-200),B2B,Facebook Pages,,Actif,2026-06-29T00:22:54.976962,moyenne
BJ-7DC97F9A,Image Bénin,Services aux entreprises,Ségbana,+229 68 51 82 19,image_bénin@yahoo.fr,imagebénin.bj,PME (50-200),B2B,Facebook Pages,,Actif,2026-06-29T00:22:54.977003,haute
BJ-556156B5,Audit Bénin,Services aux entreprises,Ségbana,+229 97 42 65 30,audit.bénin@auditbénin.com.bj,auditbénin.bj,PME (50-200),B2B,Facebook Pages,,Actif,2026-06-29T00:22:54.977041,haute
BJ-1EFBE36B,Agence ISO,Services aux entreprises,Ségbana,+229 97 12 41 21,agenceiso@agenceiso.bj,agenceiso.bj,TPE (<10),B2B,Facebook Pages,,Actif,2026-06-29T00:22:54.977087,haute
BJ-BE422F79,Bureau Innovation Ségbana,Services aux entreprises,Ségbana,+229 83 20 14 81,b.innovation@bureauinnovatio.bj,bureauinnovationségbana.bj,TPE (<10),B2B,Facebook Pages,,Actif,2026-06-29T00:22:54.977123,haute
BJ-642E403B,Agence Tête International,Services aux entreprises,Tchaourou,+229 63 25 69 53,agence_tête@yahoo.fr,agencetêteinternational.bj,Grande (>200),B2B,Facebook Pages,,Actif,2026-06-29T00:22:54.977171,haute
BJ-ABCBE9F2,Expert Marketing,Services aux entreprises,Tchaourou,+229 61 51 45 43,expert.marketing@hotmail.com,expertmarketing.bj,PME (50-200),B2B,Facebook Pages,,Actif,2026-06-29T00:22:54.977191,haute
BJ-B9305F0E,Agence Expert Africa Tchaourou,Services aux entreprises,Tchaourou,+229 40 91 64 18,agence_expert@agenceexpertafr.bj,agenceexpertafricatchaourou.bj,TPE (<10),B2B,Facebook Pages,,Actif,2026-06-29T00:22:54.977221,haute
BJ-07426E9E,Business Tchaourou,Services aux entreprises,Tchaourou,+229 26 63 50 44,business.tchaourou@hotmail.com,businesstchaourou.bj,TPE (<10),B2B,Facebook Pages,,Actif,2026-06-29T00:22:54.977239,haute
BJ-502A7690,Agence Conseil,Services aux entreprises,Tchaourou,+229 68 14 44 66,agenceconseil@yahoo.fr,agenceconseil.bj,PME (10-50),B2B,Facebook Pages,,Actif,2026-06-29T00:22:54.977255,haute
BJ-98E0F254,Conseil Portage,Services aux entreprises,Bétérou,+229 54 45 71 79,conseil.portage@yahoo.com,conseilportage.bj,TPE (<10),B2B,Facebook Pages,,Actif,2026-06-29T00:22:54.977280,haute
BJ-736214E4,Expert Marketing,Services aux entreprises,Bétérou,+229 59 23 45 88,expert.marketing@hotmail.com,expertmarketing.bj,PME (50-200),B2B,Facebook Pages,,Actif,2026-06-29T00:22:54.977300,haute
BJ-3FC3B45B,Publicité Africa,Services aux entreprises,Bétérou,+229 75 43 61 94,publicité.africa@publicitéafrica.org.bj,publicitéafrica.bj,Grande (>200),B2B,Facebook Pages,,Actif,2026-06-29T00:22:54.977319,haute
BJ-91EE80A0,Comptable,Services aux entreprises,Bétérou,+229 79 18 81 84,comptable@comptable.com.bj,comptable.bj,TPE (<10),B2B,Facebook Pages,,Actif,2026-06-29T00:22:54.977333,haute
BJ-0221F1B4,Vérification,Services aux entreprises,Bétérou,+229 37 74 39 75,vérification@vérification.org.bj,vérification.bj,TPE (<10),B2B,Facebook Pages,,Actif,2026-06-29T00:22:54.977348,haute
BJ-D677CA17,Agence Business,Services aux entreprises,Ouessè,+229 44 19 71 29,agencebusiness@agencebusiness.bj,agencebusiness.bj,PME (10-50),B2B,Facebook Pages,,Actif,2026-06-29T00:22:54.977372,haute
BJ-52F1B49B,Audit Contrôle,Services aux entreprises,Ouessè,+229 49 52 25 61,audit.contrôle@auditcontrôle.com.bj,auditcontrôle.bj,Grande (>200),B2B,Facebook Pages,,Actif,2026-06-29T00:22:54.977389,haute
BJ-EBBF1A48,Consulting Publiques,Services aux entreprises,Ouessè,+229 40 96 86 78,consultingpubliques@consultingpubli.bj,,PME (10-50),B2B,Facebook Pages,,Actif,2026-06-29T00:22:54.977410,moyenne
BJ-06D6F75B,Chasse Ouessè,Services aux entreprises,Ouessè,+229 39 24 27 72,c.ouessè@chasseouessè.org.bj,chasseouessè.bj,TPE (<10),B2B,Facebook Pages,,Actif,2026-06-29T00:22:54.977428,haute
BJ-FC60614F,Publicité Ouessè,Services aux entreprises,Ouessè,+229 35 88 36 28,publicité.ouessè@yahoo.com,publicitéouessè.bj,TPE (<10),B2B,Facebook Pages,,Actif,2026-06-29T00:22:54.977450,haute
BJ-8E119020,Solutions Protection Solutions Glazoué,Services aux entreprises,Glazoué,+229 95 83 12 84,s.protection@solutionsprotec.bj,,PME (50-200),B2B,Facebook Pages,,Actif,2026-06-29T00:22:54.977493,moyenne
BJ-0F152318,Norme Services Glazoué,Services aux entreprises,Glazoué,+229 47 72 95 14,,normeservicesglazoué.bj,PME (50-200),B2B,Facebook Pages,,Actif,2026-06-29T00:22:54.977507,moyenne
BJ-D8992F14,Cabinet Business Glazoué,Services aux entreprises,Glazoué,+229 95 88 90 69,cabinetbusiness@cabinetbusiness.org.bj,cabinetbusinessglazoué.bj,TPE (<10),B2B,Facebook Pages,,Actif,2026-06-29T00:22:54.977525,haute
BJ-A54BD624,Solutions Entretien,Services aux entreprises,Glazoué,+229 53 85 18 44,,solutionsentretien.bj,PME (10-50),B2B,Facebook Pages,,Actif,2026-06-29T00:22:54.977538,moyenne
BJ-062A3367,Solutions Fiscal Cabinet Dassa-Zoumè,Services aux entreprises,Dassa-Zoumè,+229 34 48 59 53,,solutionsfiscalcabinetdassazoumè.bj,Grande (>200),B2B,Facebook Pages,,Actif,2026-06-29T00:22:54.977559,moyenne
BJ-37E7E4EE,CDI,Services aux entreprises,Dassa-Zoumè,+229 43 85 33 62,cdi@gmail.com,cdi.bj,Grande (>200),B2B,Facebook Pages,,Actif,2026-06-29T00:22:54.977573,haute
BJ-18968605,Conseil Fiscal Consulting,Services aux entreprises,Dassa-Zoumè,+229 99 53 97 97,conseilfiscal@conseilfiscalco.bj,conseilfiscalconsulting.bj,PME (10-50),B2B,Facebook Pages,,Actif,2026-06-29T00:22:54.977612,haute
BJ-6196753B,Réputation Dassa-Zoumè,Services aux entreprises,Dassa-Zoumè,+229 81 72 33 82,r.dassa@yahoo.fr,réputationdassazoumè.bj,Grande (>200),B2B,Facebook Pages,,Actif,2026-06-29T00:22:54.977631,haute
BJ-3C024ED4,Marketing Consulting,Services aux entreprises,Savalou,+229 58 90 37 57,marketing.consulting@marketingconsul.com.bj,,TPE (<10),B2B,Facebook Pages,,Actif,2026-06-29T00:22:54.977705,moyenne
BJ-78EB464F,Partners Juridique,Services aux entreprises,Savalou,+229 39 83 35 87,partnersjuridique@outlook.com,partnersjuridique.bj,Grande (>200),B2B,Facebook Pages,,Actif,2026-06-29T00:22:54.977720,haute
BJ-2EF8B68C,Agence Publiques Advisory Bantè,Services aux entreprises,Bantè,+229 62 31 42 68,agence.publiques@yahoo.fr,agencepubliquesadvisorybantè.bj,Grande (>200),B2B,Facebook Pages,,Actif,2026-06-29T00:22:54.977745,haute
BJ-35878599,Agence Portage Solutions,Services aux entreprises,Bantè,+229 29 63 72 95,agence.portage@agenceportageso.bj,agenceportagesolutions.bj,PME (10-50),B2B,Facebook Pages,,Actif,2026-06-29T00:22:54.977763,haute
BJ-A076BAF7,Certification,Services aux entreprises,Bantè,+229 32 32 12 83,certification@certification.org.bj,certification.bj,TPE (<10),B2B,Facebook Pages,,Actif,2026-06-29T00:22:54.977785,haute
BJ-593079A3,Audit Performance Bantè,Services aux entreprises,Bantè,+229 80 64 18 68,,auditperformancebantè.bj,Grande (>200),B2B,Facebook Pages,,Actif,2026-06-29T00:22:54.977799,moyenne
BJ-83A2069F,Expert Consulting Bantè,Services aux entreprises,Bantè,+229 99 35 17 55,expertconsulting@expertconsultin.bj,expertconsultingbantè.bj,PME (10-50),B2B,Facebook Pages,,Actif,2026-06-29T00:22:54.977816,haute
BJ-DF6DCC36,Business Djougou,Services aux entreprises,Djougou,+229 74 31 74 40,businessdjougou@businessdjougou.bj,businessdjougou.bj,PME (50-200),B2B,Facebook Pages,,Actif,2026-06-29T00:22:54.977839,haute
BJ-C182DB1F,Partners Freelance,Services aux entreprises,Djougou,+229 62 85 46 80,p.freelance@yahoo.fr,,PME (10-50),B2B,Facebook Pages,,Actif,2026-06-29T00:22:54.977854,moyenne
BJ-8CFA91AD,Audit Sécurité,Services aux entreprises,Djougou,+229 53 85 47 80,audit.sécurité@gmail.com,auditsécurité.bj,PME (50-200),B2B,Facebook Pages,,Actif,2026-06-29T00:22:54.977875,haute
BJ-065E8B59,ISO Advisory,Services aux entreprises,Djougou,+229 57 13 21 10,i.advisory@outlook.com,,PME (10-50),B2B,Facebook Pages,,Actif,2026-06-29T00:22:54.977916,moyenne
BJ-FB5A9E30,Sécurité Bureau,Services aux entreprises,Ouèssè,+229 60 19 91 88,sécurité.bureau@hotmail.com,sécuritébureau.bj,TPE (<10),B2B,Facebook Pages,,Actif,2026-06-29T00:22:54.977963,haute
BJ-E95CD8C6,RH International,Services aux entreprises,Ouèssè,+229 94 68 49 18,international@rhinternational.com.bj,,PME (50-200),B2B,Facebook Pages,,Actif,2026-06-29T00:22:54.977978,moyenne
BJ-DF6251F5,Expert Nettoyage Cabinet Ouèssè,Services aux entreprises,Ouèssè,+229 46 16 34 51,expertnettoyage@expertnettoyage.com.bj,expertnettoyagecabinetouèssè.bj,PME (10-50),B2B,Facebook Pages,,Actif,2026-06-29T00:22:54.978000,haute
BJ-BB625ED6,Relations,Services aux entreprises,Ouèssè,+229 79 46 40 90,relations@yahoo.fr,,Grande (>200),B2B,Facebook Pages,,Actif,2026-06-29T00:22:54.978037,moyenne
BJ-D8BD5C94,Solutions Certification Services,Services aux entreprises,Bassila,+229 32 37 40 11,solutions.certification@outlook.com,solutionscertificationservices.bj,PME (10-50),B2B,Facebook Pages,,Actif,2026-06-29T00:22:54.978078,haute
BJ-28A4E52A,Événementiel Services,Services aux entreprises,Bassila,+229 65 67 91 65,événementielservices@gmail.com,événementielservices.bj,TPE (<10),B2B,Facebook Pages,,Actif,2026-06-29T00:22:54.978166,haute
BJ-F931FD9D,Cabinet Innovation Bassila,Services aux entreprises,Bassila,+229 22 95 56 24,cabinetinnovation@gmail.com,cabinetinnovationbassila.bj,Grande (>200),B2B,Facebook Pages,,Actif,2026-06-29T00:22:54.978203,haute
BJ-1C79F496,Audit Portage,Services aux entreprises,Bassila,+229 64 70 44 15,audit.portage@auditportage.com.bj,auditportage.bj,PME (10-50),B2B,Facebook Pages,,Actif,2026-06-29T00:22:54.978240,haute
BJ-F7B5C6A4,Consulting Image,Services aux entreprises,Pehunco,+229 99 75 97 40,consulting_image@gmail.com,consultingimage.bj,PME (50-200),B2B,Facebook Pages,,Actif,2026-06-29T00:22:54.978285,haute
BJ-604C12E4,Partners Indépendant International,Services aux entreprises,Pehunco,+229 49 99 98 94,p.indépendant@hotmail.com,partnersindépendantinternational.bj,PME (10-50),B2B,Facebook Pages,,Actif,2026-06-29T00:22:54.978318,haute
BJ-4BEBADD2,Cabinet CDD Partners,Services aux entreprises,Pehunco,+229 61 21 61 79,cabinet.cdd@outlook.com,cabinetcddpartners.bj,PME (10-50),B2B,Facebook Pages,,Actif,2026-06-29T00:22:54.978352,haute
BJ-6FDFF13D,Marketing,Services aux entreprises,Pehunco,+229 87 14 24 97,marketing@marketing.com.bj,marketing.bj,TPE (<10),B2B,Facebook Pages,,Actif,2026-06-29T00:22:54.978383,haute
BJ-E0A69A3A,Cabinet Sécurité,Services aux entreprises,Pehunco,+229 25 51 70 79,cabinet.sécurité@cabinetsécurité.com.bj,cabinetsécurité.bj,TPE (<10),B2B,Facebook Pages,,Actif,2026-06-29T00:22:54.978417,haute
BJ-509F688B,Certification,Services aux entreprises,Copargo,+229 49 76 78 96,certification@outlook.com,,TPE (<10),B2B,Facebook Pages,,Actif,2026-06-29T00:22:54.978470,moyenne
BJ-2752E2F2,Digital Cabinet Copargo,Services aux entreprises,Copargo,+229 53 99 12 36,digital_cabinet@yahoo.fr,digitalcabinetcopargo.bj,TPE (<10),B2B,Facebook Pages,,Actif,2026-06-29T00:22:54.978519,haute
BJ-06264357,Business Partners Copargo,Services aux entreprises,Copargo,+229 75 52 14 70,businesspartners@businesspartner.com.bj,businesspartnerscopargo.bj,PME (10-50),B2B,Facebook Pages,,Actif,2026-06-29T00:22:54.978557,haute
BJ-E2BC1090,Digital Copargo,Services aux entreprises,Copargo,+229 33 86 54 67,digital.copargo@digitalcopargo.org.bj,,PME (10-50),B2B,Facebook Pages,,Actif,2026-06-29T00:22:54.978591,moyenne
BJ-E08292CF,Audit Organisation Consulting,Services aux entreprises,Copargo,+229 24 36 68 63,a.organisation@yahoo.fr,auditorganisationconsulting.bj,Grande (>200),B2B,Facebook Pages,,Actif,2026-06-29T00:22:54.978623,haute
BJ-271B7FC6,Environnement Énergie Power,Énergie & Environnement,Cotonou,+229 51 33 25 89,,environnementénergiepower.bj,TPE (<10),B2C,Facebook Pages,,Actif,2026-06-29T00:22:54.978677,moyenne
BJ-5ABF2DE1,Offgrid Environment,Énergie & Environnement,Cotonou,+229 72 46 61 44,o.environment@offgridenvironm.com.bj,offgridenvironment.bj,Grande (>200),B2B,Facebook Pages,,Actif,2026-06-29T00:22:54.978717,haute
BJ-B50B5F1F,Nature Désinfection,Énergie & Environnement,Cotonou,+229 92 85 67 67,,naturedésinfection.bj,PME (50-200),B2B,Facebook Pages,,Actif,2026-06-29T00:22:54.978749,moyenne
BJ-BC15C045,Clean Valorisation Clean Cotonou,Énergie & Environnement,Cotonou,+229 23 16 36 14,c.valorisation@cleanvalorisati.bj,cleanvalorisationcleancotonou.bj,TPE (<10),B2C,Facebook Pages,,Actif,2026-06-29T00:22:54.978786,haute
BJ-4C68F654,Agriculture,Énergie & Environnement,Cotonou,+229 23 17 22 87,agriculture@gmail.com,agriculture.bj,Grande (>200),B2C,Facebook Pages,,Actif,2026-06-29T00:22:54.978818,haute
BJ-20A4EF19,Bio Smart,Énergie & Environnement,Abomey-Calavi,+229 62 42 48 95,b.smart@biosmart.org.bj,biosmart.bj,Grande (>200),B2C,Facebook Pages,,Actif,2026-06-29T00:22:54.978876,haute
BJ-F8E0766A,Nature Écologie Power,Énergie & Environnement,Abomey-Calavi,+229 84 67 96 94,nature.écologie@hotmail.com,natureécologiepower.bj,PME (10-50),B2B,Facebook Pages,,Actif,2026-06-29T00:22:54.978923,haute
BJ-44AD3A83,Vert Adduction Environment,Énergie & Environnement,Abomey-Calavi,+229 76 99 28 42,vertadduction@vertadductionen.com.bj,vertadductionenvironment.bj,TPE (<10),B2B,Facebook Pages,,Actif,2026-06-29T00:22:54.978944,haute
BJ-27633E25,Power Assainissement Environment,Énergie & Environnement,Abomey-Calavi,+229 75 53 33 63,power.assainissement@powerassainisse.bj,powerassainissementenvironment.bj,PME (50-200),B2B,Facebook Pages,,Actif,2026-06-29T00:22:54.978962,haute
BJ-08B01DAE,Environnement Déchets Green,Énergie & Environnement,Abomey-Calavi,+229 93 89 97 59,environnement.déchets@environnementdé.com.bj,environnementdéchetsgreen.bj,TPE (<10),B2C,Facebook Pages,,Actif,2026-06-29T00:22:54.978983,haute
BJ-56BA11E6,Incinération Energy Porto-Novo,Énergie & Environnement,Porto-Novo,+229 52 20 14 72,incinération.energy@outlook.com,,TPE (<10),B2C,Facebook Pages,,Actif,2026-06-29T00:22:54.979010,moyenne
BJ-00872C64,Bio Renouvelable Water,Énergie & Environnement,Porto-Novo,+229 93 73 80 57,biorenouvelable@gmail.com,,PME (50-200),B2C,Facebook Pages,,Actif,2026-06-29T00:22:54.979032,moyenne
BJ-1C4D3F9D,Filtration,Énergie & Environnement,Porto-Novo,+229 97 77 79 88,filtration@filtration.org.bj,,PME (50-200),B2C,Facebook Pages,,Actif,2026-06-29T00:22:54.979050,moyenne
BJ-000A36CA,Panneau Water,Énergie & Environnement,Porto-Novo,+229 56 49 56 63,,panneauwater.bj,PME (10-50),B2B,Facebook Pages,,Actif,2026-06-29T00:22:54.979064,moyenne
BJ-F95263C3,Power Assainissement,Énergie & Environnement,Porto-Novo,+229 90 41 70 63,power.assainissement@powerassainisse.bj,,PME (50-200),B2B,Facebook Pages,,Actif,2026-06-29T00:22:54.979081,moyenne
BJ-7D49DB7D,Agriculture Clean,Énergie & Environnement,Parakou,+229 70 96 36 87,a.clean@yahoo.fr,,PME (10-50),B2B,Facebook Pages,,Actif,2026-06-29T00:22:54.979104,moyenne
BJ-20F9740A,Purification,Énergie & Environnement,Parakou,+229 95 19 20 23,purification@purification.com.bj,,TPE (<10),B2B,Facebook Pages,,Actif,2026-06-29T00:22:54.979119,moyenne
BJ-39858DC1,Eco Énergie Parakou,Énergie & Environnement,Parakou,+229 61 92 46 82,eco.énergie@hotmail.com,,TPE (<10),B2C,Facebook Pages,,Actif,2026-06-29T00:22:54.979141,moyenne
BJ-72A5BD67,Environnement SARL Parakou,Énergie & Environnement,Parakou,+229 62 74 23 47,e.sarl@environnementsa.bj,environnementsarlparakou.bj,TPE (<10),B2B,Facebook Pages,,Actif,2026-06-29T00:22:54.979159,haute
BJ-0EDD11C5,Énergie Batterie Green,Énergie & Environnement,Parakou,+229 36 24 33 66,énergie_batterie@yahoo.fr,énergiebatteriegreen.bj,PME (10-50),B2B,Facebook Pages,,Actif,2026-06-29T00:22:54.979178,haute
BJ-9BD43D57,Nature Environnement Energy,Énergie & Environnement,Bohicon,+229 64 86 99 75,,natureenvironnementenergy.bj,PME (10-50),B2B,Facebook Pages,,Actif,2026-06-29T00:22:54.979200,moyenne
BJ-BF12E44C,Assainissement Green,Énergie & Environnement,Bohicon,+229 71 97 15 10,assainissementgreen@hotmail.com,assainissementgreen.bj,TPE (<10),B2C,Facebook Pages,,Actif,2026-06-29T00:22:54.979216,haute
BJ-C7430848,Biogaz SARL Bohicon,Énergie & Environnement,Bohicon,+229 48 76 91 70,biogaz.sarl@yahoo.fr,biogazsarlbohicon.bj,TPE (<10),B2B,Facebook Pages,,Actif,2026-06-29T00:22:54.979236,haute
BJ-EBE22418,Eco Phréatique Eco Bohicon,Énergie & Environnement,Bohicon,+229 31 30 17 43,,ecophréatiqueecobohicon.bj,PME (50-200),B2B,Facebook Pages,,Actif,2026-06-29T00:22:54.979251,moyenne
BJ-5D1FBDD7,Solar Pompage,Énergie & Environnement,Bohicon,+229 82 35 70 81,solar.pompage@solarpompage.bj,solarpompage.bj,PME (10-50),B2C,Facebook Pages,,Actif,2026-06-29T00:22:54.979268,haute
BJ-FABBBF17,Nature Forage,Énergie & Environnement,Natitingou,+229 98 47 90 74,nature.forage@natureforage.bj,,TPE (<10),B2C,Facebook Pages,,Actif,2026-06-29T00:22:54.979291,moyenne
BJ-7FFE445D,Incinération,Énergie & Environnement,Natitingou,+229 64 88 85 84,incinération@gmail.com,,PME (50-200),B2B,Facebook Pages,,Actif,2026-06-29T00:22:54.979306,moyenne
BJ-C77A6B79,Clean Assainissement Power,Énergie & Environnement,Natitingou,+229 69 29 10 88,clean_assainissement@cleanassainisse.bj,cleanassainissementpower.bj,TPE (<10),B2B,Facebook Pages,,Actif,2026-06-29T00:22:54.979327,haute
BJ-1AFE8EFB,Solar Dépollution Natitingou,Énergie & Environnement,Natitingou,+229 88 53 22 87,,solardépollutionnatitingou.bj,Grande (>200),B2B,Facebook Pages,,Actif,2026-06-29T00:22:54.979341,moyenne
BJ-A79BEC8B,Eau Assainissement Green,Énergie & Environnement,Natitingou,+229 58 90 34 90,eau.assainissement@yahoo.fr,,PME (50-200),B2C,Facebook Pages,,Actif,2026-06-29T00:22:54.979356,moyenne
BJ-9083D506,Solaire Power,Énergie & Environnement,Lokossa,+229 48 93 38 57,solaire.power@solairepower.bj,solairepower.bj,TPE (<10),B2B,Facebook Pages,,Actif,2026-06-29T00:22:54.979379,haute
BJ-70389D5B,Clean Incinération,Énergie & Environnement,Lokossa,+229 78 92 88 92,cleanincinération@cleanincinérati.bj,cleanincinération.bj,PME (50-200),B2C,Facebook Pages,,Actif,2026-06-29T00:22:54.979398,haute
BJ-293F1A79,Smart Lokossa,Énergie & Environnement,Lokossa,+229 31 98 65 51,,smartlokossa.bj,TPE (<10),B2B,Facebook Pages,,Actif,2026-06-29T00:22:54.979414,moyenne
BJ-F56F1133,Nature Traitement Green Lokossa,Énergie & Environnement,Lokossa,+229 26 15 51 73,nature.traitement@naturetraitemen.org.bj,naturetraitementgreenlokossa.bj,PME (50-200),B2B,Facebook Pages,,Actif,2026-06-29T00:22:54.979432,haute
BJ-B541F12A,Vert Purification Africa Lokossa,Énergie & Environnement,Lokossa,+229 83 41 94 69,,vertpurificationafricalokossa.bj,PME (10-50),B2C,Facebook Pages,,Actif,2026-06-29T00:22:54.979445,moyenne
BJ-CDB2DB6D,Compostage,Énergie & Environnement,Ouidah,+229 73 62 33 39,compostage@yahoo.fr,compostage.bj,TPE (<10),B2C,Facebook Pages,,Actif,2026-06-29T00:22:54.979466,haute
BJ-AB3014D8,Vert Onduleur Environment,Énergie & Environnement,Ouidah,+229 98 76 88 78,vert.onduleur@hotmail.com,,PME (50-200),B2C,Facebook Pages,,Actif,2026-06-29T00:22:54.979483,moyenne
BJ-05416E51,Power Phréatique Solar,Énergie & Environnement,Ouidah,+229 84 82 97 86,powerphréatique@outlook.com,powerphréatiquesolar.bj,PME (10-50),B2B,Facebook Pages,,Actif,2026-06-29T00:22:54.979508,haute
BJ-84F0C8DC,Power Tri,Énergie & Environnement,Ouidah,+229 44 77 95 84,p.tri@powertri.com.bj,powertri.bj,PME (10-50),B2C,Facebook Pages,,Actif,2026-06-29T00:22:54.979526,haute
BJ-98C9EA69,Filtration,Énergie & Environnement,Ouidah,+229 25 90 45 66,filtration@yahoo.fr,filtration.bj,PME (50-200),B2B,Facebook Pages,,Actif,2026-06-29T00:22:54.979540,haute
BJ-05DC393A,Incinération Environment,Énergie & Environnement,Savalou,+229 31 79 89 30,,incinérationenvironment.bj,TPE (<10),B2B,Facebook Pages,,Actif,2026-06-29T00:22:54.979561,moyenne
BJ-073E8337,Power Assainissement,Énergie & Environnement,Savalou,+229 37 54 76 73,p.assainissement@outlook.com,powerassainissement.bj,TPE (<10),B2B,Facebook Pages,,Actif,2026-06-29T00:22:54.979578,haute
BJ-A2344EE2,Bio Déchets Power,Énergie & Environnement,Savalou,+229 20 94 85 99,biodéchets@yahoo.fr,biodéchetspower.bj,TPE (<10),B2B,Facebook Pages,,Actif,2026-06-29T00:22:54.979598,haute
BJ-35C2F2BB,Hydraulique Africa,Énergie & Environnement,Savalou,+229 76 97 88 36,hydraulique.africa@hotmail.com,hydrauliqueafrica.bj,PME (10-50),B2C,Facebook Pages,,Actif,2026-06-29T00:22:54.979620,haute
BJ-7DE00D6F,Filtration,Énergie & Environnement,Savalou,+229 49 48 22 16,filtration@outlook.com,filtration.bj,PME (10-50),B2C,Facebook Pages,,Actif,2026-06-29T00:22:54.979635,haute
BJ-769FE68A,Filtration,Énergie & Environnement,Dassa-Zoumè,+229 41 36 75 38,,,TPE (<10),B2B,Facebook Pages,,Actif,2026-06-29T00:22:54.979667,basse
BJ-7FD06C83,Nappe,Énergie & Environnement,Dassa-Zoumè,+229 69 61 47 54,nappe@gmail.com,,Grande (>200),B2C,Facebook Pages,,Actif,2026-06-29T00:22:54.979680,moyenne
BJ-C3519B79,Power Grid Africa,Énergie & Environnement,Dassa-Zoumè,+229 53 35 14 21,powergrid@outlook.com,powergridafrica.bj,PME (10-50),B2C,Facebook Pages,,Actif,2026-06-29T00:22:54.979696,haute
BJ-08488DC2,Environnement Dépollution,Énergie & Environnement,Dassa-Zoumè,+229 76 64 88 80,environnement_dépollution@environnementdé.com.bj,environnementdépollution.bj,PME (50-200),B2C,Facebook Pages,,Actif,2026-06-29T00:22:54.979716,haute
BJ-6059BAEE,Bio Power Environment Kétou,Énergie & Environnement,Kétou,+229 93 36 54 52,biopower@yahoo.fr,biopowerenvironmentkétou.bj,PME (50-200),B2C,Facebook Pages,,Actif,2026-06-29T00:22:54.979740,haute
BJ-BB677015,Énergie Onduleur Kétou,Énergie & Environnement,Kétou,+229 82 61 46 47,énergie.onduleur@énergieonduleur.com.bj,énergieonduleurkétou.bj,PME (50-200),B2B,Facebook Pages,,Actif,2026-06-29T00:22:54.979759,haute
BJ-733B6E07,Smart,Énergie & Environnement,Kétou,+229 31 29 74 44,smart@smart.org.bj,smart.bj,TPE (<10),B2B,Facebook Pages,,Actif,2026-06-29T00:22:54.979777,haute
BJ-53E54494,Bio Énergie,Énergie & Environnement,Kétou,+229 70 73 44 41,,bioénergie.bj,TPE (<10),B2C,Facebook Pages,,Actif,2026-06-29T00:22:54.979791,moyenne
BJ-313F2578,Recyclage,Énergie & Environnement,Kétou,+229 57 77 94 96,recyclage@recyclage.com.bj,recyclage.bj,TPE (<10),B2C,Facebook Pages,,Actif,2026-06-29T00:22:54.979806,haute
BJ-00F9FB79,Bio Smart Energy,Énergie & Environnement,Covè,+229 31 12 69 70,b.smart@gmail.com,biosmartenergy.bj,PME (50-200),B2C,Facebook Pages,,Actif,2026-06-29T00:22:54.979829,haute
BJ-8EF874E9,Onduleur Covè,Énergie & Environnement,Covè,+229 67 19 24 52,,onduleurcovè.bj,PME (10-50),B2C,Facebook Pages,,Actif,2026-06-29T00:22:54.979842,moyenne
BJ-E9AF33CE,Éolien Hydroélectricité Eco,Énergie & Environnement,Covè,+229 24 53 94 89,,éolienhydroélectricitéeco.bj,PME (10-50),B2B,Facebook Pages,,Actif,2026-06-29T00:22:54.979855,moyenne
BJ-1D9EA88B,Eau,Énergie & Environnement,Covè,+229 78 18 61 58,eau@hotmail.com,eau.bj,PME (10-50),B2B,Facebook Pages,,Actif,2026-06-29T00:22:54.979872,haute
BJ-00B9FDC8,Biogaz Energy,Énergie & Environnement,Covè,+229 42 32 87 28,biogazenergy@yahoo.fr,biogazenergy.bj,PME (10-50),B2B,Facebook Pages,,Actif,2026-06-29T00:22:54.979902,haute
BJ-1152F9CE,Solar Traitement Solar,Énergie & Environnement,Pobè,+229 79 49 61 61,solartraitement@solartraitement.bj,,PME (10-50),B2C,Facebook Pages,,Actif,2026-06-29T00:22:54.979932,moyenne
BJ-62CD64F9,Dépollution Green Pobè,Énergie & Environnement,Pobè,+229 54 25 61 48,d.green@dépollutiongree.bj,dépollutiongreenpobè.bj,PME (10-50),B2C,Facebook Pages,,Actif,2026-06-29T00:22:54.979955,haute
BJ-6CB60B27,Pompage SARL,Énergie & Environnement,Pobè,+229 68 94 22 75,pompagesarl@pompagesarl.com.bj,,TPE (<10),B2C,Facebook Pages,,Actif,2026-06-29T00:22:54.979974,moyenne
BJ-3B280A97,Clean Renouvelable Green,Énergie & Environnement,Pobè,+229 34 50 24 11,cleanrenouvelable@cleanrenouvelab.com.bj,,TPE (<10),B2C,Facebook Pages,,Actif,2026-06-29T00:22:54.979991,moyenne
BJ-3C56DF4D,Bio Offgrid,Énergie & Environnement,Pobè,+229 70 23 36 26,biooffgrid@biooffgrid.bj,biooffgrid.bj,TPE (<10),B2C,Facebook Pages,,Actif,2026-06-29T00:22:54.980007,haute
BJ-D4651C7F,Power Adduction,Énergie & Environnement,Sakété,+229 87 76 33 63,p.adduction@poweradduction.org.bj,poweradduction.bj,PME (50-200),B2C,Facebook Pages,,Actif,2026-06-29T00:22:54.980030,haute
BJ-74DA9386,Phréatique,Énergie & Environnement,Sakété,+229 24 47 74 54,phréatique@phréatique.bj,,TPE (<10),B2B,Facebook Pages,,Actif,2026-06-29T00:22:54.980046,moyenne
BJ-F4B0F28D,Power Dépollution,Énergie & Environnement,Sakété,+229 27 75 36 46,power.dépollution@yahoo.fr,powerdépollution.bj,PME (10-50),B2B,Facebook Pages,,Actif,2026-06-29T00:22:54.980063,haute
BJ-A5FF230C,Écologie Solar,Énergie & Environnement,Sakété,+229 75 49 80 80,,,Grande (>200),B2B,Facebook Pages,,Actif,2026-06-29T00:22:54.980074,basse
BJ-95D536B9,Solar Traitement,Énergie & Environnement,Sakété,+229 42 17 65 91,solartraitement@yahoo.com,solartraitement.bj,PME (10-50),B2B,Facebook Pages,,Actif,2026-06-29T00:22:54.980090,haute
BJ-0AE2AAA9,Nappe Africa Adjara,Énergie & Environnement,Adjara,+229 50 52 62 95,nappe.africa@nappeafricaadja.bj,nappeafricaadjara.bj,PME (10-50),B2C,Facebook Pages,,Actif,2026-06-29T00:22:54.980113,haute
BJ-E86F8988,Forage Adjara,Énergie & Environnement,Adjara,+229 23 26 66 52,forage.adjara@outlook.com,forageadjara.bj,PME (10-50),B2C,Facebook Pages,,Actif,2026-06-29T00:22:54.980128,haute
BJ-D417839A,Durable Energy,Énergie & Environnement,Adjara,+229 34 16 86 39,durableenergy@durableenergy.com.bj,durableenergy.bj,TPE (<10),B2C,Facebook Pages,,Actif,2026-06-29T00:22:54.980156,haute
BJ-3954AFD8,Nature Agriculture,Énergie & Environnement,Adjara,+229 59 87 84 59,,,PME (10-50),B2C,Facebook Pages,,Actif,2026-06-29T00:22:54.980169,basse
BJ-52E388D3,Valorisation SARL Allada,Énergie & Environnement,Allada,+229 31 23 79 40,valorisation.sarl@yahoo.fr,valorisationsarlallada.bj,TPE (<10),B2B,Facebook Pages,,Actif,2026-06-29T00:22:54.980206,haute
BJ-BBFD0532,Power Photovoltaïque,Énergie & Environnement,Allada,+229 72 89 77 66,powerphotovoltaïque@hotmail.com,powerphotovoltaïque.bj,PME (10-50),B2C,Facebook Pages,,Actif,2026-06-29T00:22:54.980223,haute
BJ-4E3615E4,Power Panneau Environment,Énergie & Environnement,Allada,+229 47 23 58 32,power.panneau@powerpanneauenv.com.bj,powerpanneauenvironment.bj,TPE (<10),B2C,Facebook Pages,,Actif,2026-06-29T00:22:54.980239,haute
BJ-68DCB1B2,Solar Stockage SARL,Énergie & Environnement,Allada,+229 69 55 58 45,s.stockage@outlook.com,solarstockagesarl.bj,PME (10-50),B2B,Facebook Pages,,Actif,2026-06-29T00:22:54.980255,haute
BJ-2B6C86FF,Clean Adduction Bénin,Énergie & Environnement,Allada,+229 98 43 70 84,clean_adduction@gmail.com,,PME (10-50),B2C,Facebook Pages,,Actif,2026-06-29T00:22:54.980270,moyenne
BJ-18B1204D,Eau Irrigation SARL Aplahoué,Énergie & Environnement,Aplahoué,+229 45 44 78 71,eauirrigation@outlook.com,eauirrigationsarlaplahoué.bj,PME (10-50),B2B,Facebook Pages,,Actif,2026-06-29T00:22:54.980294,haute
BJ-7EC4A5AE,Power Clean,Énergie & Environnement,Aplahoué,+229 96 46 54 82,powerclean@powerclean.org.bj,powerclean.bj,PME (10-50),B2B,Facebook Pages,,Actif,2026-06-29T00:22:54.980310,haute
BJ-9A681E10,Éolien Compostage,Énergie & Environnement,Aplahoué,+229 38 72 45 54,éolien.compostage@outlook.com,éoliencompostage.bj,PME (10-50),B2B,Facebook Pages,,Actif,2026-06-29T00:22:54.980331,haute
BJ-54BBD4FC,Eau Photovoltaïque Eco,Énergie & Environnement,Aplahoué,+229 85 40 97 68,eauphotovoltaïque@yahoo.com,,TPE (<10),B2B,Facebook Pages,,Actif,2026-06-29T00:22:54.980351,moyenne
BJ-05DD4AC3,Géothermie,Énergie & Environnement,Aplahoué,+229 37 96 28 36,,géothermie.bj,TPE (<10),B2C,Facebook Pages,,Actif,2026-06-29T00:22:54.980364,moyenne
BJ-CC08AD10,Vert Assainissement Africa Dogbo-Tota,Énergie & Environnement,Dogbo-Tota,+229 64 11 54 87,vertassainissement@outlook.com,,Grande (>200),B2B,Facebook Pages,,Actif,2026-06-29T00:22:54.980388,moyenne
BJ-2D83CD7A,Biomasse Dogbo-Tota,Énergie & Environnement,Dogbo-Tota,+229 38 21 30 25,biomassedogbo@yahoo.com,biomassedogbotota.bj,TPE (<10),B2B,Facebook Pages,,Actif,2026-06-29T00:22:54.980404,haute
BJ-583F28F2,Solar Batterie Bénin,Énergie & Environnement,Dogbo-Tota,+229 92 16 80 17,,,PME (50-200),B2B,Facebook Pages,,Actif,2026-06-29T00:22:54.980416,basse
BJ-6361E887,Renouvelable Water,Énergie & Environnement,Dogbo-Tota,+229 41 65 72 43,renouvelablewater@renouvelablewat.org.bj,renouvelablewater.bj,PME (50-200),B2B,Facebook Pages,,Actif,2026-06-29T00:22:54.980436,haute
BJ-6B9C74CB,Clean Microgrid,Énergie & Environnement,Dogbo-Tota,+229 35 14 40 20,c.microgrid@hotmail.com,,PME (50-200),B2B,Facebook Pages,,Actif,2026-06-29T00:22:54.980451,moyenne
BJ-4E321012,Désinfection Environment,Énergie & Environnement,Kpomassè,+229 66 81 77 14,désinfection.environment@gmail.com,désinfectionenvironment.bj,PME (50-200),B2C,Facebook Pages,,Actif,2026-06-29T00:22:54.980480,haute
BJ-20D466D4,Solar Incinération Kpomassè,Énergie & Environnement,Kpomassè,+229 94 53 64 63,,,PME (10-50),B2C,Facebook Pages,,Actif,2026-06-29T00:22:54.980493,basse
BJ-C0047CF8,Énergie Photovoltaïque,Énergie & Environnement,Kpomassè,+229 94 19 71 11,,énergiephotovoltaïque.bj,TPE (<10),B2B,Facebook Pages,,Actif,2026-06-29T00:22:54.980509,moyenne
BJ-FEBC688F,Power Écologie Environment,Énergie & Environnement,Kpomassè,+229 40 96 95 40,powerécologie@powerécologieen.org.bj,,TPE (<10),B2B,Facebook Pages,,Actif,2026-06-29T00:22:54.980528,moyenne
BJ-59F9A514,Réseau,Énergie & Environnement,Kpomassè,+229 60 82 90 22,réseau@réseau.org.bj,réseau.bj,PME (10-50),B2C,Facebook Pages,,Actif,2026-06-29T00:22:54.980543,haute
BJ-F8790569,Tri Tori-Bossito,Énergie & Environnement,Tori-Bossito,+229 24 10 94 62,t.tori@hotmail.com,tritoribossito.bj,Grande (>200),B2B,Facebook Pages,,Actif,2026-06-29T00:22:54.980566,haute
BJ-9864449F,Eco Potable Power,Énergie & Environnement,Tori-Bossito,+229 35 20 94 22,ecopotable@ecopotablepower.bj,ecopotablepower.bj,PME (50-200),B2C,Facebook Pages,,Actif,2026-06-29T00:22:54.980583,haute
BJ-8EE3C6CF,Eco Écologie Eco,Énergie & Environnement,Tori-Bossito,+229 47 26 97 12,eco.écologie@ecoécologieeco.com.bj,ecoécologieeco.bj,PME (50-200),B2C,Facebook Pages,,Actif,2026-06-29T00:22:54.980600,haute
BJ-72A11536,Power Smart Tori-Bossito,Énergie & Environnement,Tori-Bossito,+229 45 84 73 13,powersmart@outlook.com,powersmarttoribossito.bj,Grande (>200),B2B,Facebook Pages,,Actif,2026-06-29T00:22:54.980617,haute
BJ-07E22447,Biomasse Environment,Énergie & Environnement,Tori-Bossito,+229 91 41 53 77,biomasse.environment@yahoo.fr,,PME (10-50),B2B,Facebook Pages,,Actif,2026-06-29T00:22:54.980632,moyenne
BJ-6258FF32,Énergie Hydroélectricité Power,Énergie & Environnement,Grand-Popo,+229 76 71 69 98,,énergiehydroélectricitépower.bj,PME (50-200),B2C,Facebook Pages,,Actif,2026-06-29T00:22:54.980653,moyenne
BJ-3A36CA36,Phréatique Energy,Énergie & Environnement,Grand-Popo,+229 33 54 68 13,phréatique_energy@phréatiqueenerg.bj,phréatiqueenergy.bj,TPE (<10),B2B,Facebook Pages,,Actif,2026-06-29T00:22:54.980671,haute
BJ-EEB6C0E1,Eco Filtration,Énergie & Environnement,Grand-Popo,+229 31 51 17 69,eco.filtration@ecofiltration.org.bj,ecofiltration.bj,TPE (<10),B2B,Facebook Pages,,Actif,2026-06-29T00:22:54.980690,haute
BJ-17BD1F02,Tri Power,Énergie & Environnement,Grand-Popo,+229 88 70 56 29,tri.power@yahoo.fr,tripower.bj,PME (10-50),B2C,Facebook Pages,,Actif,2026-06-29T00:22:54.980709,haute
BJ-72AD850C,Énergie Phréatique Environment,Énergie & Environnement,Grand-Popo,+229 76 49 21 23,é.phréatique@hotmail.com,énergiephréatiqueenvironment.bj,TPE (<10),B2C,Facebook Pages,,Actif,2026-06-29T00:22:54.980727,haute
BJ-2C42DF5D,Éolien Solaire,Énergie & Environnement,Athiémé,+229 44 67 53 62,é.solaire@yahoo.com,éoliensolaire.bj,TPE (<10),B2C,Facebook Pages,,Actif,2026-06-29T00:22:54.980751,haute
BJ-20651E05,Potable,Énergie & Environnement,Athiémé,+229 29 14 63 97,potable@yahoo.com,potable.bj,PME (10-50),B2B,Facebook Pages,,Actif,2026-06-29T00:22:54.980766,haute
BJ-264006A5,Clean Hydroélectricité,Énergie & Environnement,Athiémé,+229 39 90 51 55,clean.hydroélectricité@cleanhydroélect.bj,,TPE (<10),B2C,Facebook Pages,,Actif,2026-06-29T00:22:54.980783,moyenne
BJ-C2961BE8,Géothermie Solar,Énergie & Environnement,Athiémé,+229 76 21 50 40,,,Grande (>200),B2C,Facebook Pages,,Actif,2026-06-29T00:22:54.980799,basse
BJ-41C379CA,Environnement Nappe,Énergie & Environnement,Athiémé,+229 32 60 77 17,environnement.nappe@yahoo.fr,environnementnappe.bj,TPE (<10),B2C,Facebook Pages,,Actif,2026-06-29T00:22:54.980815,haute
BJ-ABC0EC22,Power Valorisation Bénin,Énergie & Environnement,Bopa,+229 57 21 74 94,powervalorisation@powervalorisati.bj,powervalorisationbénin.bj,TPE (<10),B2B,Facebook Pages,,Actif,2026-06-29T00:22:54.980856,haute
BJ-65C38010,Forage Power Bopa,Énergie & Environnement,Bopa,+229 27 19 77 78,foragepower@foragepowerbopa.com.bj,foragepowerbopa.bj,PME (10-50),B2B,Facebook Pages,,Actif,2026-06-29T00:22:54.980873,haute
BJ-495ADED7,Adduction,Énergie & Environnement,Bopa,+229 92 45 74 42,adduction@adduction.org.bj,adduction.bj,TPE (<10),B2C,Facebook Pages,,Actif,2026-06-29T00:22:54.980909,haute
BJ-68B0B88E,Photovoltaïque,Énergie & Environnement,Bopa,+229 61 99 41 71,photovoltaïque@photovoltaïque.com.bj,photovoltaïque.bj,TPE (<10),B2B,Facebook Pages,,Actif,2026-06-29T00:22:54.980932,haute
BJ-6CF3E4B4,Solar Pompage,Énergie & Environnement,Houéyogbé,+229 70 16 73 64,solarpompage@outlook.com,solarpompage.bj,PME (10-50),B2B,Facebook Pages,,Actif,2026-06-29T00:22:54.980957,haute
BJ-3513E985,Eau Environnement Solar,Énergie & Environnement,Houéyogbé,+229 91 90 99 96,,,Grande (>200),B2B,Facebook Pages,,Actif,2026-06-29T00:22:54.980969,basse
BJ-E37A39B6,Compostage Houéyogbé,Énergie & Environnement,Houéyogbé,+229 77 45 54 81,compostage.houéyogbé@compostagehouéy.org.bj,compostagehouéyogbé.bj,Grande (>200),B2C,Facebook Pages,,Actif,2026-06-29T00:22:54.980987,haute
BJ-4ABA5A6B,Eco Biogaz Green,Énergie & Environnement,Houéyogbé,+229 51 40 43 99,,ecobiogazgreen.bj,PME (10-50),B2C,Facebook Pages,,Actif,2026-06-29T00:22:54.980999,moyenne
BJ-4AD3F470,Power Hydraulique,Énergie & Environnement,Houéyogbé,+229 40 74 32 48,p.hydraulique@powerhydrauliqu.bj,,TPE (<10),B2B,Facebook Pages,,Actif,2026-06-29T00:22:54.981018,moyenne
BJ-034C4A37,Phréatique,Énergie & Environnement,Malanville,+229 22 85 16 35,phréatique@phréatique.org.bj,phréatique.bj,PME (50-200),B2C,Facebook Pages,,Actif,2026-06-29T00:22:54.981040,haute
BJ-1E0047D1,Batterie Malanville,Énergie & Environnement,Malanville,+229 88 43 94 78,batterie.malanville@batteriemalanvi.org.bj,batteriemalanville.bj,TPE (<10),B2C,Facebook Pages,,Actif,2026-06-29T00:22:54.981057,haute
BJ-218634D7,Power Vert Eco Malanville,Énergie & Environnement,Malanville,+229 51 60 37 35,powervert@powervertecomal.com.bj,,TPE (<10),B2B,Facebook Pages,,Actif,2026-06-29T00:22:54.981076,moyenne
BJ-7BA36444,Désinfection,Énergie & Environnement,Malanville,+229 50 94 27 66,désinfection@désinfection.bj,désinfection.bj,TPE (<10),B2B,Facebook Pages,,Actif,2026-06-29T00:22:54.981091,haute
BJ-36AAF28B,Agriculture Malanville,Énergie & Environnement,Malanville,+229 73 15 38 90,agriculture.malanville@gmail.com,agriculturemalanville.bj,Grande (>200),B2C,Facebook Pages,,Actif,2026-06-29T00:22:54.981107,haute
BJ-C9ABA108,Géothermie,Énergie & Environnement,Kandi,+229 36 71 99 50,,géothermie.bj,PME (50-200),B2B,Facebook Pages,,Actif,2026-06-29T00:22:54.981127,moyenne
BJ-741E4B65,Clean Réseau Clean,Énergie & Environnement,Kandi,+229 25 53 68 83,clean.réseau@yahoo.fr,cleanréseauclean.bj,PME (10-50),B2C,Facebook Pages,,Actif,2026-06-29T00:22:54.981144,haute
BJ-1AB713A4,Environnement Valorisation Environment,Énergie & Environnement,Kandi,+229 46 76 82 93,environnement.valorisation@gmail.com,,TPE (<10),B2B,Facebook Pages,,Actif,2026-06-29T00:22:54.981159,moyenne
BJ-62819B72,Biomasse SARL Kandi,Énergie & Environnement,Kandi,+229 87 35 92 11,biomassesarl@biomassesarlkan.org.bj,biomassesarlkandi.bj,TPE (<10),B2C,Facebook Pages,,Actif,2026-06-29T00:22:54.981175,haute
BJ-924AFF00,Phréatique Solar,Énergie & Environnement,Kandi,+229 36 66 43 36,phréatiquesolar@yahoo.fr,phréatiquesolar.bj,TPE (<10),B2B,Facebook Pages,,Actif,2026-06-29T00:22:54.981192,haute
BJ-0533D4D6,Solar Grid Banikoara,Énergie & Environnement,Banikoara,+229 39 44 82 10,solargrid@solargridbaniko.org.bj,solargridbanikoara.bj,Grande (>200),B2C,Facebook Pages,,Actif,2026-06-29T00:22:54.981215,haute
BJ-9A266F9D,Vert Forage,Énergie & Environnement,Banikoara,+229 53 46 60 77,v.forage@vertforage.bj,vertforage.bj,TPE (<10),B2C,Facebook Pages,,Actif,2026-06-29T00:22:54.981232,haute
BJ-F780C56D,Bio Hydroélectricité Clean,Énergie & Environnement,Banikoara,+229 79 64 33 73,,biohydroélectricitéclean.bj,PME (50-200),B2B,Facebook Pages,,Actif,2026-06-29T00:22:54.981248,moyenne
BJ-B66CE5C0,Clean Purification Power,Énergie & Environnement,Banikoara,+229 50 51 66 46,cleanpurification@yahoo.fr,,TPE (<10),B2C,Facebook Pages,,Actif,2026-06-29T00:22:54.981266,moyenne
BJ-5A391476,Écologie Water,Énergie & Environnement,Banikoara,+229 99 60 81 80,écologie.water@yahoo.com,écologiewater.bj,PME (10-50),B2C,Facebook Pages,,Actif,2026-06-29T00:22:54.981284,haute
BJ-DD01A817,Power Dépollution Solar,Énergie & Environnement,Ségbana,+229 78 19 36 45,powerdépollution@powerdépollutio.org.bj,powerdépollutionsolar.bj,TPE (<10),B2B,Facebook Pages,,Actif,2026-06-29T00:22:54.981309,haute
BJ-D63426B2,Compostage,Énergie & Environnement,Ségbana,+229 96 12 70 71,compostage@compostage.bj,compostage.bj,TPE (<10),B2B,Facebook Pages,,Actif,2026-06-29T00:22:54.981328,haute
BJ-894146B2,Bio Hydroélectricité,Énergie & Environnement,Ségbana,+229 80 99 70 59,,biohydroélectricité.bj,PME (10-50),B2B,Facebook Pages,,Actif,2026-06-29T00:22:54.981341,moyenne
BJ-7D97B2B8,Solar Écologie Bénin,Énergie & Environnement,Ségbana,+229 80 35 39 31,,solarécologiebénin.bj,TPE (<10),B2C,Facebook Pages,,Actif,2026-06-29T00:22:54.981354,moyenne
BJ-3167550F,Eco Eau Energy Ségbana,Énergie & Environnement,Ségbana,+229 77 96 22 13,ecoeau@outlook.com,,TPE (<10),B2B,Facebook Pages,,Actif,2026-06-29T00:22:54.981370,moyenne
BJ-EC650977,Déchets Power,Énergie & Environnement,Karimama,+229 97 84 98 58,déchets_power@déchetspower.com.bj,,PME (10-50),B2C,Facebook Pages,,Actif,2026-06-29T00:22:54.981393,moyenne
BJ-7DC262EC,Distribution Environment,Énergie & Environnement,Karimama,+229 77 82 18 22,distributionenvironment@yahoo.com,distributionenvironment.bj,TPE (<10),B2C,Facebook Pages,,Actif,2026-06-29T00:22:54.981410,haute
BJ-20FDE9E7,Recyclage,Énergie & Environnement,Karimama,+229 88 28 44 89,recyclage@recyclage.com.bj,recyclage.bj,TPE (<10),B2B,Facebook Pages,,Actif,2026-06-29T00:22:54.981442,haute
BJ-82F03B91,Assainissement,Énergie & Environnement,Gogounou,+229 80 87 70 10,assainissement@assainissement.com.bj,assainissement.bj,PME (10-50),B2C,Facebook Pages,,Actif,2026-06-29T00:22:54.981477,haute
BJ-E4A78489,Distribution Solar,Énergie & Environnement,Gogounou,+229 97 60 72 52,distribution.solar@distributionsol.org.bj,distributionsolar.bj,PME (50-200),B2C,Facebook Pages,,Actif,2026-06-29T00:22:54.981494,haute
BJ-FC70C4B4,Environnement Onduleur Gogounou,Énergie & Environnement,Gogounou,+229 49 30 35 69,,environnementonduleurgogounou.bj,TPE (<10),B2B,Facebook Pages,,Actif,2026-06-29T00:22:54.981506,moyenne
BJ-74F1C2CB,Onduleur Clean,Énergie & Environnement,Gogounou,+229 91 41 35 60,o.clean@onduleurclean.org.bj,onduleurclean.bj,PME (50-200),B2B,Facebook Pages,,Actif,2026-06-29T00:22:54.981523,haute
BJ-BDF54790,Puits Energy,Énergie & Environnement,Gogounou,+229 41 80 47 54,puitsenergy@hotmail.com,,PME (10-50),B2B,Facebook Pages,,Actif,2026-06-29T00:22:54.981537,moyenne
BJ-3AF4B115,Eco Valorisation Cobly,Énergie & Environnement,Cobly,+229 93 70 24 24,,ecovalorisationcobly.bj,PME (10-50),B2B,Facebook Pages,,Actif,2026-06-29T00:22:54.981556,moyenne
BJ-E6B48F64,Photovoltaïque Cobly,Énergie & Environnement,Cobly,+229 50 90 49 49,p.cobly@hotmail.com,,TPE (<10),B2C,Facebook Pages,,Actif,2026-06-29T00:22:54.981576,moyenne
BJ-D3A8E759,Nature Offgrid Clean,Énergie & Environnement,Cobly,+229 52 86 12 28,n.offgrid@yahoo.com,,TPE (<10),B2C,Facebook Pages,,Actif,2026-06-29T00:22:54.981598,moyenne
BJ-F8923D38,Agriculture Bénin,Énergie & Environnement,Cobly,+229 54 91 11 56,agriculture.bénin@agriculturebéni.bj,,TPE (<10),B2B,Facebook Pages,,Actif,2026-06-29T00:22:54.981615,moyenne
BJ-B9A47209,Géothermie Green,Énergie & Environnement,Cobly,+229 96 22 48 22,g.green@gmail.com,géothermiegreen.bj,PME (10-50),B2B,Facebook Pages,,Actif,2026-06-29T00:22:54.981635,haute
BJ-C5375FD2,Stockage Water,Énergie & Environnement,Tanguiéta,+229 70 59 29 35,s.water@yahoo.fr,stockagewater.bj,PME (50-200),B2C,Facebook Pages,,Actif,2026-06-29T00:22:54.981658,haute
BJ-6C040AA1,Nature Réseau Eco,Énergie & Environnement,Tanguiéta,+229 36 23 80 96,n.réseau@natureréseaueco.org.bj,,PME (50-200),B2C,Facebook Pages,,Actif,2026-06-29T00:22:54.981675,moyenne
BJ-B9C95AE8,Vert Distribution Tanguiéta,Énergie & Environnement,Tanguiéta,+229 63 90 61 22,,vertdistributiontanguiéta.bj,TPE (<10),B2B,Facebook Pages,,Actif,2026-06-29T00:22:54.981688,moyenne
BJ-DDD1041E,Potable Eco Tanguiéta,Énergie & Environnement,Tanguiéta,+229 93 56 37 68,,potableecotanguiéta.bj,PME (10-50),B2B,Facebook Pages,,Actif,2026-06-29T00:22:54.981701,moyenne
BJ-BABDC64C,Nature Géothermie,Énergie & Environnement,Tanguiéta,+229 98 25 94 55,,naturegéothermie.bj,TPE (<10),B2B,Facebook Pages,,Actif,2026-06-29T00:22:54.981713,moyenne
BJ-F834EEF4,Incinération Solar,Énergie & Environnement,Matéri,+229 57 79 20 38,incinération.solar@yahoo.fr,,PME (10-50),B2C,Facebook Pages,,Actif,2026-06-29T00:22:54.981739,moyenne
BJ-64EAD699,Environnement Grid Bénin Matéri,Énergie & Environnement,Matéri,+229 25 21 53 18,environnementgrid@environnementgr.bj,environnementgridbéninmatéri.bj,PME (50-200),B2C,Facebook Pages,,Actif,2026-06-29T00:22:54.981759,haute
BJ-569B9D53,Stockage Clean Matéri,Énergie & Environnement,Matéri,+229 68 32 32 26,,stockagecleanmatéri.bj,Grande (>200),B2B,Facebook Pages,,Actif,2026-06-29T00:22:54.981775,moyenne
BJ-F0E5C66B,Power Nappe Africa,Énergie & Environnement,Matéri,+229 35 50 43 91,powernappe@yahoo.fr,,TPE (<10),B2B,Facebook Pages,,Actif,2026-06-29T00:22:54.981790,moyenne
BJ-9A2A9B0B,Énergie Durable Matéri,Énergie & Environnement,Matéri,+229 61 42 23 33,é.durable@gmail.com,énergiedurablematéri.bj,PME (50-200),B2B,Facebook Pages,,Actif,2026-06-29T00:22:54.981807,haute
BJ-B087A1FA,Nature Power,Énergie & Environnement,Natitingou,+229 75 63 67 87,nature.power@outlook.com,naturepower.bj,PME (10-50),B2B,Facebook Pages,,Actif,2026-06-29T00:22:54.981829,haute
BJ-9AFBBEB5,Potable Green Natitingou,Énergie & Environnement,Natitingou,+229 29 42 47 59,potablegreen@outlook.com,potablegreennatitingou.bj,TPE (<10),B2B,Facebook Pages,,Actif,2026-06-29T00:22:54.981845,haute
BJ-1B484765,Adduction,Énergie & Environnement,Natitingou,+229 82 72 47 98,adduction@hotmail.com,adduction.bj,PME (10-50),B2C,Facebook Pages,,Actif,2026-06-29T00:22:54.981875,haute
BJ-EBFECCCF,Hydraulique Energy,Énergie & Environnement,Natitingou,+229 68 34 24 17,hydraulique.energy@hydrauliqueener.bj,hydrauliqueenergy.bj,PME (50-200),B2C,Facebook Pages,,Actif,2026-06-29T00:22:54.981907,haute
BJ-3C5630DD,Tri,Énergie & Environnement,Toucountouna,+229 56 49 12 95,tri@tri.bj,tri.bj,TPE (<10),B2B,Facebook Pages,,Actif,2026-06-29T00:22:54.981949,haute
BJ-28D97419,Power Réseau,Énergie & Environnement,Toucountouna,+229 33 12 95 11,powerréseau@powerréseau.org.bj,powerréseau.bj,PME (10-50),B2C,Facebook Pages,,Actif,2026-06-29T00:22:54.981971,haute
BJ-559FAE03,Assainissement Bénin Toucountouna,Énergie & Environnement,Toucountouna,+229 64 53 19 75,,assainissementbénintoucountouna.bj,PME (50-200),B2B,Facebook Pages,,Actif,2026-06-29T00:22:54.981985,moyenne
BJ-CA9BA069,Bio Réseau Green,Énergie & Environnement,Toucountouna,+229 45 58 85 30,bio.réseau@outlook.com,,TPE (<10),B2C,Facebook Pages,,Actif,2026-06-29T00:22:54.982002,moyenne
BJ-4717EBC1,Onduleur Bénin Boukoumbé,Énergie & Environnement,Boukoumbé,+229 60 46 59 79,onduleurbénin@yahoo.com,onduleurbéninboukoumbé.bj,TPE (<10),B2C,Facebook Pages,,Actif,2026-06-29T00:22:54.982027,haute
BJ-E30F406D,Microgrid Eco,Énergie & Environnement,Boukoumbé,+229 91 94 35 44,m.eco@microgrideco.com.bj,microgrideco.bj,TPE (<10),B2C,Facebook Pages,,Actif,2026-06-29T00:22:54.982044,haute
BJ-C49C2BF4,Eau Clean Boukoumbé,Énergie & Environnement,Boukoumbé,+229 60 35 35 30,eauclean@eaucleanboukoum.com.bj,eaucleanboukoumbé.bj,TPE (<10),B2C,Facebook Pages,,Actif,2026-06-29T00:22:54.982066,haute
BJ-77703740,Traitement,Énergie & Environnement,Boukoumbé,+229 32 52 54 39,traitement@outlook.com,traitement.bj,TPE (<10),B2C,Facebook Pages,,Actif,2026-06-29T00:22:54.982081,haute
BJ-A18B48D0,Environnement Énergie Solar,Énergie & Environnement,Boukoumbé,+229 87 97 80 81,,,Grande (>200),B2C,Facebook Pages,,Actif,2026-06-29T00:22:54.982093,basse
BJ-07B102C4,Clean Offgrid Environment,Énergie & Environnement,Kouandé,+229 21 62 56 69,clean.offgrid@cleanoffgridenv.org.bj,,TPE (<10),B2B,Facebook Pages,,Actif,2026-06-29T00:22:54.982116,moyenne
BJ-F3F625DA,Agriculture,Énergie & Environnement,Kouandé,+229 59 72 94 39,agriculture@yahoo.com,agriculture.bj,TPE (<10),B2B,Facebook Pages,,Actif,2026-06-29T00:22:54.982130,haute
BJ-76523120,Compostage,Énergie & Environnement,Kouandé,+229 49 61 39 29,compostage@compostage.bj,compostage.bj,Grande (>200),B2B,Facebook Pages,,Actif,2026-06-29T00:22:54.982150,haute
BJ-A25B67AE,Éolien Valorisation,Énergie & Environnement,Kouandé,+229 45 59 66 25,é.valorisation@outlook.com,éolienvalorisation.bj,PME (10-50),B2C,Facebook Pages,,Actif,2026-06-29T00:22:54.982168,haute
BJ-C65D9A4B,Power Power,Énergie & Environnement,Kouandé,+229 89 53 33 59,power.power@powerpower.org.bj,powerpower.bj,PME (10-50),B2C,Facebook Pages,,Actif,2026-06-29T00:22:54.982184,haute
BJ-1334C5B4,Clean Smart,Énergie & Environnement,Péhunco,+229 39 93 85 70,,cleansmart.bj,PME (10-50),B2B,Facebook Pages,,Actif,2026-06-29T00:22:54.982204,moyenne
BJ-1A9871C4,Vert Microgrid,Énergie & Environnement,Péhunco,+229 27 59 26 92,vert.microgrid@vertmicrogrid.bj,vertmicrogrid.bj,PME (50-200),B2C,Facebook Pages,,Actif,2026-06-29T00:22:54.982220,haute
BJ-35278876,Clean Pompage Clean,Énergie & Environnement,Péhunco,+229 50 60 79 94,clean.pompage@yahoo.com,cleanpompageclean.bj,Grande (>200),B2B,Facebook Pages,,Actif,2026-06-29T00:22:54.982236,haute
BJ-A7ACD6EF,Stockage Green,Énergie & Environnement,Péhunco,+229 22 86 25 80,stockagegreen@gmail.com,,TPE (<10),B2C,Facebook Pages,,Actif,2026-06-29T00:22:54.982250,moyenne
BJ-A137ABDA,Nature Biogaz SARL,Énergie & Environnement,Péhunco,+229 73 94 14 23,,naturebiogazsarl.bj,PME (50-200),B2B,Facebook Pages,,Actif,2026-06-29T00:22:54.982262,moyenne
BJ-43567819,Grid Africa,Énergie & Environnement,Tchaourou,+229 66 67 71 14,g.africa@outlook.com,,PME (10-50),B2B,Facebook Pages,,Actif,2026-06-29T00:22:54.982283,moyenne
BJ-E39D6AED,Power Distribution Environment,Énergie & Environnement,Tchaourou,+229 56 82 31 29,,powerdistributionenvironment.bj,PME (50-200),B2B,Facebook Pages,,Actif,2026-06-29T00:22:54.982295,moyenne
BJ-FBA525C0,Nature Potable Clean,Énergie & Environnement,Tchaourou,+229 60 34 93 60,nature.potable@naturepotablecl.com.bj,naturepotableclean.bj,TPE (<10),B2C,Facebook Pages,,Actif,2026-06-29T00:22:54.982315,haute
BJ-160E435E,Grid Energy,Énergie & Environnement,Tchaourou,+229 56 40 58 58,grid.energy@gridenergy.com.bj,gridenergy.bj,TPE (<10),B2B,Facebook Pages,,Actif,2026-06-29T00:22:54.982331,haute
BJ-6B2A9B98,Microgrid Eco,Énergie & Environnement,Tchaourou,+229 81 53 49 99,microgrid.eco@microgrideco.com.bj,microgrideco.bj,TPE (<10),B2C,Facebook Pages,,Actif,2026-06-29T00:22:54.982346,haute
BJ-31A24418,Dépollution,Énergie & Environnement,Nikki,+229 65 31 99 97,,dépollution.bj,PME (10-50),B2C,Facebook Pages,,Actif,2026-06-29T00:22:54.982366,moyenne
BJ-67AA2397,Solar Filtration,Énergie & Environnement,Nikki,+229 97 12 84 52,solar_filtration@solarfiltration.bj,solarfiltration.bj,PME (50-200),B2C,Facebook Pages,,Actif,2026-06-29T00:22:54.982386,haute
BJ-50773EE2,Vert Vert Power,Énergie & Environnement,Nikki,+229 76 65 67 29,vertvert@vertvertpower.bj,vertvertpower.bj,PME (10-50),B2C,Facebook Pages,,Actif,2026-06-29T00:22:54.982402,haute
BJ-4EC1186A,Énergie Biogaz,Énergie & Environnement,Nikki,+229 94 60 95 80,,,PME (50-200),B2B,Facebook Pages,,Actif,2026-06-29T00:22:54.982414,basse
BJ-CC04A173,Adduction Power,Énergie & Environnement,Nikki,+229 68 24 39 89,adduction_power@yahoo.com,adductionpower.bj,PME (50-200),B2B,Facebook Pages,,Actif,2026-06-29T00:22:54.982429,haute
BJ-E67EC5F7,Eau Renouvelable SARL,Énergie & Environnement,Bembéréké,+229 63 49 55 99,eau.renouvelable@yahoo.com,eaurenouvelablesarl.bj,PME (10-50),B2C,Facebook Pages,,Actif,2026-06-29T00:22:54.982451,haute
BJ-CEC9F0AC,Forage Bénin,Énergie & Environnement,Bembéréké,+229 21 41 99 85,forage_bénin@foragebénin.org.bj,foragebénin.bj,PME (50-200),B2B,Facebook Pages,,Actif,2026-06-29T00:22:54.982474,haute
BJ-F8320BFC,Nappe Environment Bembéréké,Énergie & Environnement,Bembéréké,+229 66 53 17 54,nappe.environment@gmail.com,nappeenvironmentbembéréké.bj,TPE (<10),B2B,Facebook Pages,,Actif,2026-06-29T00:22:54.982495,haute
BJ-1100151A,Environnement Réseau,Énergie & Environnement,Bembéréké,+229 71 14 94 87,environnement.réseau@environnementré.bj,,PME (10-50),B2C,Facebook Pages,,Actif,2026-06-29T00:22:54.982513,moyenne
BJ-60BBFB8D,Vert Durable Africa,Énergie & Environnement,Bembéréké,+229 79 48 37 33,,vertdurableafrica.bj,PME (50-200),B2C,Facebook Pages,,Actif,2026-06-29T00:22:54.982525,moyenne
BJ-588C1CEE,Solar Assainissement Solar,Énergie & Environnement,Kalalé,+229 39 36 41 94,solar.assainissement@solarassainisse.org.bj,solarassainissementsolar.bj,PME (10-50),B2C,Facebook Pages,,Actif,2026-06-29T00:22:54.982550,haute
BJ-13CA0421,Bio Désinfection,Énergie & Environnement,Kalalé,+229 58 85 98 89,bio_désinfection@gmail.com,biodésinfection.bj,TPE (<10),B2B,Facebook Pages,,Actif,2026-06-29T00:22:54.982568,haute
BJ-DB9974E5,Eco Offgrid Power Kalalé,Énergie & Environnement,Kalalé,+229 45 56 14 43,e.offgrid@gmail.com,,TPE (<10),B2B,Facebook Pages,,Actif,2026-06-29T00:22:54.982592,moyenne
BJ-1DA8D8DA,Dépollution Energy,Énergie & Environnement,Kalalé,+229 47 49 25 30,dépollutionenergy@gmail.com,,TPE (<10),B2B,Facebook Pages,,Actif,2026-06-29T00:22:54.982608,moyenne
BJ-302DAE3A,Eco Valorisation,Énergie & Environnement,Kalalé,+229 86 18 11 52,eco.valorisation@hotmail.com,,TPE (<10),B2C,Facebook Pages,,Actif,2026-06-29T00:22:54.982623,moyenne
BJ-18C44CEA,Solar Environnement Water,Énergie & Environnement,Ndali,+229 96 70 24 43,s.environnement@hotmail.com,solarenvironnementwater.bj,Grande (>200),B2C,Facebook Pages,,Actif,2026-06-29T00:22:54.982647,haute
BJ-92666BFD,Énergie Photovoltaïque,Énergie & Environnement,Ndali,+229 67 42 48 26,é.photovoltaïque@énergiephotovol.com.bj,,PME (10-50),B2B,Facebook Pages,,Actif,2026-06-29T00:22:54.982665,moyenne
BJ-0CC15B3C,Solar Écologie Africa,Énergie & Environnement,Ndali,+229 73 71 13 28,solar.écologie@solarécologieaf.bj,solarécologieafrica.bj,PME (50-200),B2B,Facebook Pages,,Actif,2026-06-29T00:22:54.982686,haute
BJ-18BBCF7A,Nature Valorisation Green,Énergie & Environnement,Ndali,+229 39 42 67 35,naturevalorisation@naturevalorisat.org.bj,naturevalorisationgreen.bj,PME (10-50),B2C,Facebook Pages,,Actif,2026-06-29T00:22:54.982706,haute
BJ-7614D68E,Eco Offgrid,Énergie & Environnement,Ndali,+229 32 40 81 49,,ecooffgrid.bj,TPE (<10),B2C,Facebook Pages,,Actif,2026-06-29T00:22:54.982719,moyenne
BJ-299CE3C3,Eau Renouvelable Bénin,Énergie & Environnement,Ségbana,+229 21 93 94 59,,eaurenouvelablebénin.bj,PME (10-50),B2B,Facebook Pages,,Actif,2026-06-29T00:22:54.982739,moyenne
BJ-CFFA2D5C,Power Power,Énergie & Environnement,Ségbana,+229 85 93 45 43,power_power@yahoo.com,powerpower.bj,PME (10-50),B2B,Facebook Pages,,Actif,2026-06-29T00:22:54.982755,haute
BJ-9ED83ED7,Clean Phréatique,Énergie & Environnement,Ségbana,+229 93 91 96 97,clean.phréatique@outlook.com,cleanphréatique.bj,TPE (<10),B2C,Facebook Pages,,Actif,2026-06-29T00:22:54.982771,haute
BJ-37D2439A,Eco Batterie Environment,Énergie & Environnement,Ségbana,+229 51 59 32 78,eco.batterie@ecobatterieenvi.com.bj,ecobatterieenvironment.bj,PME (50-200),B2C,Facebook Pages,,Actif,2026-06-29T00:22:54.982787,haute
BJ-FCDE1DA6,Eco Traitement Eco,Énergie & Environnement,Ségbana,+229 27 86 46 74,eco.traitement@outlook.com,ecotraitementeco.bj,TPE (<10),B2B,Facebook Pages,,Actif,2026-06-29T00:22:54.982803,haute
BJ-AA9FDB6D,Éolien Photovoltaïque Solar,Énergie & Environnement,Tchaourou,+229 73 66 58 81,,éolienphotovoltaïquesolar.bj,PME (10-50),B2B,Facebook Pages,,Actif,2026-06-29T00:22:54.982823,moyenne
BJ-5F057326,Irrigation,Énergie & Environnement,Tchaourou,+229 44 77 98 95,irrigation@outlook.com,irrigation.bj,PME (50-200),B2B,Facebook Pages,,Actif,2026-06-29T00:22:54.982837,haute
BJ-ED11C952,Photovoltaïque Tchaourou,Énergie & Environnement,Tchaourou,+229 91 94 46 14,p.tchaourou@photovoltaïquet.bj,,Grande (>200),B2C,Facebook Pages,,Actif,2026-06-29T00:22:54.982886,moyenne
BJ-4E5A6903,Eau Écologie Energy,Énergie & Environnement,Tchaourou,+229 32 74 91 25,eauécologie@yahoo.com,,Grande (>200),B2B,Facebook Pages,,Actif,2026-06-29T00:22:54.982916,moyenne
BJ-D790FBC0,Clean Compostage Power,Énergie & Environnement,Bétérou,+229 85 71 51 91,,cleancompostagepower.bj,PME (50-200),B2C,Facebook Pages,,Actif,2026-06-29T00:22:54.982936,moyenne
BJ-3402DAA1,Renouvelable,Énergie & Environnement,Bétérou,+229 93 36 22 26,renouvelable@hotmail.com,,PME (10-50),B2B,Facebook Pages,,Actif,2026-06-29T00:22:54.982949,moyenne
BJ-CAF737BA,Power Clean,Énergie & Environnement,Bétérou,+229 51 14 38 35,power.clean@powerclean.com.bj,powerclean.bj,PME (10-50),B2B,Facebook Pages,,Actif,2026-06-29T00:22:54.982964,haute
BJ-32372099,Éolien Puits Clean Bétérou,Énergie & Environnement,Bétérou,+229 82 30 60 38,éolien.puits@yahoo.fr,éolienpuitscleanbétérou.bj,PME (50-200),B2B,Facebook Pages,,Actif,2026-06-29T00:22:54.982985,haute
BJ-54F870F0,Eco Filtration Water Bétérou,Énergie & Environnement,Bétérou,+229 48 67 90 91,ecofiltration@hotmail.com,,Grande (>200),B2C,Facebook Pages,,Actif,2026-06-29T00:22:54.983002,moyenne
BJ-361C6471,Éolien Irrigation SARL,Énergie & Environnement,Ouessè,+229 21 61 59 11,éolien.irrigation@gmail.com,,PME (10-50),B2B,Facebook Pages,,Actif,2026-06-29T00:22:54.983025,moyenne
BJ-61BBB7B2,Phréatique Environment,Énergie & Environnement,Ouessè,+229 42 86 10 30,phréatiqueenvironment@hotmail.com,,PME (50-200),B2C,Facebook Pages,,Actif,2026-06-29T00:22:54.983042,moyenne
BJ-57B8658F,Eau Eau Environment,Énergie & Environnement,Ouessè,+229 56 30 34 44,eaueau@eaueauenvironme.org.bj,eaueauenvironment.bj,PME (10-50),B2C,Facebook Pages,,Actif,2026-06-29T00:22:54.983063,haute
BJ-D0C662D4,Clean Écologie Ouessè,Énergie & Environnement,Ouessè,+229 33 55 28 31,cleanécologie@yahoo.com,cleanécologieouessè.bj,TPE (<10),B2C,Facebook Pages,,Actif,2026-06-29T00:22:54.983080,haute
BJ-EE2E82B9,Nature Réseau Environment,Énergie & Environnement,Ouessè,+229 29 65 71 64,nature_réseau@natureréseauenv.bj,natureréseauenvironment.bj,Grande (>200),B2C,Facebook Pages,,Actif,2026-06-29T00:22:54.983098,haute
BJ-EA5B7E8E,Clean Glazoué,Énergie & Environnement,Glazoué,+229 93 63 54 39,c.glazoué@cleanglazoué.com.bj,cleanglazoué.bj,TPE (<10),B2C,Facebook Pages,,Actif,2026-06-29T00:22:54.983123,haute
BJ-D0F9DABD,Adduction Glazoué,Énergie & Environnement,Glazoué,+229 85 17 70 11,,adductionglazoué.bj,PME (10-50),B2B,Facebook Pages,,Actif,2026-06-29T00:22:54.983135,moyenne
BJ-A34E6EBB,Photovoltaïque,Énergie & Environnement,Glazoué,+229 24 64 32 17,photovoltaïque@gmail.com,,PME (10-50),B2B,Facebook Pages,,Actif,2026-06-29T00:22:54.983149,moyenne
BJ-38704E4B,Vert Offgrid Power,Énergie & Environnement,Glazoué,+229 92 22 14 53,,,TPE (<10),B2B,Facebook Pages,,Actif,2026-06-29T00:22:54.983160,basse
BJ-E2E70338,Onduleur Glazoué,Énergie & Environnement,Glazoué,+229 83 15 44 81,o.glazoué@outlook.com,onduleurglazoué.bj,PME (10-50),B2C,Facebook Pages,,Actif,2026-06-29T00:22:54.983176,haute
BJ-775C8B84,Onduleur Africa,Énergie & Environnement,Dassa-Zoumè,+229 83 28 15 44,o.africa@yahoo.com,onduleurafrica.bj,PME (50-200),B2B,Facebook Pages,,Actif,2026-06-29T00:22:54.983198,haute
BJ-72930703,Eco Power Dassa-Zoumè,Énergie & Environnement,Dassa-Zoumè,+229 55 72 40 78,eco_power@hotmail.com,,TPE (<10),B2C,Facebook Pages,,Actif,2026-06-29T00:22:54.983214,moyenne
BJ-958A7C5A,Purification Water Dassa-Zoumè,Énergie & Environnement,Dassa-Zoumè,+229 86 47 19 38,p.water@purificationwat.com.bj,,PME (10-50),B2C,Facebook Pages,,Actif,2026-06-29T00:22:54.983236,moyenne
BJ-685D6DF4,Compostage Environment,Énergie & Environnement,Dassa-Zoumè,+229 76 78 89 74,compostage.environment@compostageenvir.com.bj,compostageenvironment.bj,PME (10-50),B2C,Facebook Pages,,Actif,2026-06-29T00:22:54.983253,haute
BJ-EAE326D9,Eco Environnement Dassa-Zoumè,Énergie & Environnement,Dassa-Zoumè,+229 61 12 57 75,,,PME (50-200),B2B,Facebook Pages,,Actif,2026-06-29T00:22:54.983269,basse
BJ-0FF3BA37,Environnement Hydraulique,Énergie & Environnement,Savalou,+229 71 72 94 30,,environnementhydraulique.bj,TPE (<10),B2C,Facebook Pages,,Actif,2026-06-29T00:22:54.983287,moyenne
BJ-F8200D2C,Recyclage Clean,Énergie & Environnement,Savalou,+229 58 60 61 32,,recyclageclean.bj,PME (10-50),B2B,Facebook Pages,,Actif,2026-06-29T00:22:54.983299,moyenne
BJ-AB91FE89,Pompage,Énergie & Environnement,Savalou,+229 34 54 72 93,pompage@yahoo.fr,pompage.bj,TPE (<10),B2C,Facebook Pages,,Actif,2026-06-29T00:22:54.983313,haute
BJ-7C04A6EE,Irrigation,Énergie & Environnement,Savalou,+229 28 19 13 53,irrigation@irrigation.com.bj,,Grande (>200),B2C,Facebook Pages,,Actif,2026-06-29T00:22:54.983327,moyenne
BJ-9C785176,Clean Grid Eco,Énergie & Environnement,Savalou,+229 39 73 77 96,cleangrid@cleangrideco.bj,cleangrideco.bj,PME (50-200),B2C,Facebook Pages,,Actif,2026-06-29T00:22:54.983347,haute
BJ-D1BED053,Bio Hydraulique Africa Bantè,Énergie & Environnement,Bantè,+229 68 65 16 33,b.hydraulique@biohydrauliquea.org.bj,,PME (50-200),B2B,Facebook Pages,,Actif,2026-06-29T00:22:54.983371,moyenne
BJ-3C948A0F,Phréatique Bantè,Énergie & Environnement,Bantè,+229 35 18 18 54,phréatiquebantè@outlook.com,phréatiquebantè.bj,PME (50-200),B2B,Facebook Pages,,Actif,2026-06-29T00:22:54.983389,haute
BJ-95DECD44,Vert Smart Green,Énergie & Environnement,Bantè,+229 88 71 10 95,vert.smart@vertsmartgreen.com.bj,,PME (10-50),B2B,Facebook Pages,,Actif,2026-06-29T00:22:54.983408,moyenne
BJ-A339A4F1,Eau Traitement,Énergie & Environnement,Bantè,+229 90 30 72 82,eautraitement@eautraitement.bj,eautraitement.bj,PME (50-200),B2B,Facebook Pages,,Actif,2026-06-29T00:22:54.983426,haute
BJ-25DD35A3,Énergie Géothermie,Énergie & Environnement,Bantè,+229 24 89 31 32,énergie_géothermie@énergiegéotherm.bj,énergiegéothermie.bj,PME (50-200),B2C,Facebook Pages,,Actif,2026-06-29T00:22:54.983444,haute
BJ-C7330C3A,Stockage SARL,Énergie & Environnement,Djougou,+229 91 68 38 52,stockagesarl@stockagesarl.bj,stockagesarl.bj,TPE (<10),B2B,Facebook Pages,,Actif,2026-06-29T00:22:54.983471,haute
BJ-0207A6FC,Forage,Énergie & Environnement,Djougou,+229 72 27 56 58,forage@gmail.com,forage.bj,TPE (<10),B2B,Facebook Pages,,Actif,2026-06-29T00:22:54.983486,haute
BJ-A456EA12,Dépollution Djougou,Énergie & Environnement,Djougou,+229 46 40 93 81,dépollutiondjougou@dépollutiondjou.org.bj,dépollutiondjougou.bj,PME (10-50),B2C,Facebook Pages,,Actif,2026-06-29T00:22:54.983503,haute
BJ-A185F368,Eco Agriculture Bénin Djougou,Énergie & Environnement,Djougou,+229 42 87 73 46,,ecoagriculturebénindjougou.bj,TPE (<10),B2B,Facebook Pages,,Actif,2026-06-29T00:22:54.983516,moyenne
BJ-1F234F91,Écologie,Énergie & Environnement,Djougou,+229 42 40 62 29,écologie@écologie.com.bj,,PME (10-50),B2C,Facebook Pages,,Actif,2026-06-29T00:22:54.983533,moyenne
BJ-BB6E42B5,Potable,Énergie & Environnement,Ouèssè,+229 91 80 67 88,potable@hotmail.com,potable.bj,PME (50-200),B2B,Facebook Pages,,Actif,2026-06-29T00:22:54.983591,haute
BJ-FA7F0A44,Puits Eco,Énergie & Environnement,Ouèssè,+229 94 45 56 95,puits.eco@yahoo.com,,PME (10-50),B2C,Facebook Pages,,Actif,2026-06-29T00:22:54.983633,moyenne
BJ-8F72E95E,Assainissement Africa Ouèssè,Énergie & Environnement,Ouèssè,+229 97 21 66 14,assainissementafrica@yahoo.fr,,TPE (<10),B2B,Facebook Pages,,Actif,2026-06-29T00:22:54.983673,moyenne
BJ-6EA347D9,Solar Renouvelable Environment,Énergie & Environnement,Ouèssè,+229 90 82 35 55,solar.renouvelable@outlook.com,solarrenouvelableenvironment.bj,PME (50-200),B2C,Facebook Pages,,Actif,2026-06-29T00:22:54.983710,haute
BJ-35E69A03,Eau Water,Énergie & Environnement,Ouèssè,+229 44 26 24 67,e.water@outlook.com,,TPE (<10),B2C,Facebook Pages,,Actif,2026-06-29T00:22:54.983742,moyenne
BJ-4AC8BC9C,Grid Bassila,Énergie & Environnement,Bassila,+229 58 47 68 60,gridbassila@gridbassila.bj,,TPE (<10),B2C,Facebook Pages,,Actif,2026-06-29T00:22:54.983787,moyenne
BJ-DDA5F1FB,Éolien Potable Power,Énergie & Environnement,Bassila,+229 87 59 78 53,,éolienpotablepower.bj,TPE (<10),B2B,Facebook Pages,,Actif,2026-06-29T00:22:54.983816,moyenne
BJ-D9BDBD55,Énergie Désinfection,Énergie & Environnement,Bassila,+229 61 30 27 73,énergie_désinfection@énergiedésinfec.com.bj,,PME (10-50),B2B,Facebook Pages,,Actif,2026-06-29T00:22:54.983855,moyenne
BJ-EAADB3D8,Offgrid,Énergie & Environnement,Bassila,+229 95 90 33 39,offgrid@offgrid.com.bj,offgrid.bj,TPE (<10),B2B,Facebook Pages,,Actif,2026-06-29T00:22:54.983884,haute
BJ-A252BDC1,Vert Green,Énergie & Environnement,Bassila,+229 69 62 83 17,vertgreen@vertgreen.com.bj,,TPE (<10),B2B,Facebook Pages,,Actif,2026-06-29T00:22:54.983928,moyenne
BJ-D4DACB84,Eau Assainissement Green,Énergie & Environnement,Pehunco,+229 73 91 45 66,eau.assainissement@eauassainisseme.bj,,TPE (<10),B2B,Facebook Pages,,Actif,2026-06-29T00:22:54.983971,moyenne
BJ-B95FEB79,Nappe SARL,Énergie & Environnement,Pehunco,+229 47 19 19 55,nappe.sarl@yahoo.com,nappesarl.bj,TPE (<10),B2C,Facebook Pages,,Actif,2026-06-29T00:22:54.984004,haute
BJ-6F1AA5E1,Biogaz Pehunco,Énergie & Environnement,Pehunco,+229 61 46 81 46,biogaz.pehunco@biogazpehunco.com.bj,biogazpehunco.bj,TPE (<10),B2C,Facebook Pages,,Actif,2026-06-29T00:22:54.984066,haute
BJ-7A695454,Offgrid,Énergie & Environnement,Pehunco,+229 64 18 55 59,offgrid@offgrid.bj,offgrid.bj,PME (50-200),B2C,Facebook Pages,,Actif,2026-06-29T00:22:54.984082,haute
BJ-FF17DD10,Solar Durable,Énergie & Environnement,Copargo,+229 73 21 56 66,solardurable@solardurable.com.bj,,PME (10-50),B2B,Facebook Pages,,Actif,2026-06-29T00:22:54.984109,moyenne
BJ-D9EBCE52,Power Phréatique Environment,Énergie & Environnement,Copargo,+229 80 27 24 10,power.phréatique@powerphréatique.bj,powerphréatiqueenvironment.bj,PME (10-50),B2C,Facebook Pages,,Actif,2026-06-29T00:22:54.984129,haute
BJ-2530F211,Forage Environment,Énergie & Environnement,Copargo,+229 89 99 43 58,f.environment@gmail.com,forageenvironment.bj,TPE (<10),B2B,Facebook Pages,,Actif,2026-06-29T00:22:54.984146,haute
BJ-B22F57E2,Tri Copargo,Énergie & Environnement,Copargo,+229 62 26 52 77,,tricopargo.bj,Grande (>200),B2C,Facebook Pages,,Actif,2026-06-29T00:22:54.984158,moyenne
BJ-C0AA0F91,Environnement Irrigation Green,Énergie & Environnement,Copargo,+229 55 20 71 32,environnement_irrigation@environnementir.com.bj,environnementirrigationgreen.bj,Grande (>200),B2B,Facebook Pages,,Actif,2026-06-29T00:22:54.984174,haute
BJ-7FE9AFAB,Studio Son Press,Médias & Communication,Cotonou,+229 58 24 79 74,,studiosonpress.bj,TPE (<10),B2B,Facebook Pages,,Actif,2026-06-29T00:22:54.984194,moyenne
BJ-AF5DBDDA,YouTube Productions,Médias & Communication,Cotonou,+229 24 49 17 93,youtubeproductions@youtubeproducti.org.bj,youtubeproductions.bj,TPE (<10),B2B,Facebook Pages,,Actif,2026-06-29T00:22:54.984211,haute
BJ-1E83022E,Journalisme Communication,Médias & Communication,Cotonou,+229 52 96 86 47,journalismecommunication@journalismecomm.com.bj,journalismecommunication.bj,PME (10-50),B2C,Facebook Pages,,Actif,2026-06-29T00:22:54.984231,haute
BJ-037044E7,Communication Démocratie Radio,Médias & Communication,Cotonou,+229 41 92 72 65,,,TPE (<10),B2B,Facebook Pages,,Actif,2026-06-29T00:22:54.984243,basse
BJ-BAF7EAEE,Production Influenceur Media,Médias & Communication,Cotonou,+229 34 12 81 66,p.influenceur@hotmail.com,productioninfluenceurmedia.bj,TPE (<10),B2C,Facebook Pages,,Actif,2026-06-29T00:22:54.984259,haute
BJ-6D944D4F,Studio Twitter Communication,Médias & Communication,Abomey-Calavi,+229 48 17 58 62,studiotwitter@studiotwitterco.com.bj,studiotwittercommunication.bj,PME (10-50),B2B,Facebook Pages,,Actif,2026-06-29T00:22:54.984282,haute
BJ-B62D8FEA,Studio Vidéo,Médias & Communication,Abomey-Calavi,+229 84 79 31 14,,studiovidéo.bj,PME (50-200),B2B,Facebook Pages,,Actif,2026-06-29T00:22:54.984295,moyenne
BJ-E424EF03,Communication Éditorial Bénin,Médias & Communication,Abomey-Calavi,+229 40 94 20 20,c.éditorial@gmail.com,communicationéditorialbénin.bj,TPE (<10),B2C,Facebook Pages,,Actif,2026-06-29T00:22:54.984312,haute
BJ-DFE82449,Radio Sociaux Networks,Médias & Communication,Abomey-Calavi,+229 93 14 66 74,radiosociaux@radiosociauxnet.bj,radiosociauxnetworks.bj,PME (10-50),B2C,Facebook Pages,,Actif,2026-06-29T00:22:54.984328,haute
BJ-CA2B05A9,Communication Twitter News,Médias & Communication,Abomey-Calavi,+229 45 71 95 17,communicationtwitter@yahoo.fr,communicationtwitternews.bj,TPE (<10),B2B,Facebook Pages,,Actif,2026-06-29T00:22:54.984343,haute
BJ-A6D0676D,Twitter,Médias & Communication,Porto-Novo,+229 53 14 52 12,twitter@twitter.bj,twitter.bj,PME (10-50),B2C,Facebook Pages,,Actif,2026-06-29T00:22:54.984363,haute
BJ-A46F625F,Enquête Radio,Médias & Communication,Porto-Novo,+229 90 22 54 10,enquêteradio@outlook.com,enquêteradio.bj,PME (10-50),B2B,Facebook Pages,,Actif,2026-06-29T00:22:54.984380,haute
BJ-BFC6026B,TV Liberté Africa,Médias & Communication,Porto-Novo,+229 34 54 62 77,libertéafrica@tvlibertéafrica.org.bj,tvlibertéafrica.bj,PME (10-50),B2C,Facebook Pages,,Actif,2026-06-29T00:22:54.984407,haute
BJ-411719A2,Montage,Médias & Communication,Porto-Novo,+229 91 19 97 54,montage@montage.bj,montage.bj,TPE (<10),B2B,Facebook Pages,,Actif,2026-06-29T00:22:54.984421,haute
BJ-3702A335,Mixage Studios,Médias & Communication,Porto-Novo,+229 20 21 32 29,,mixagestudios.bj,TPE (<10),B2B,Facebook Pages,,Actif,2026-06-29T00:22:54.984433,moyenne
BJ-84A96AB1,Communication Graphisme Networks,Médias & Communication,Parakou,+229 40 23 90 83,communication.graphisme@outlook.com,communicationgraphismenetworks.bj,PME (50-200),B2C,Facebook Pages,,Actif,2026-06-29T00:22:54.984460,haute
BJ-D7052992,Influenceur Africa,Médias & Communication,Parakou,+229 47 59 85 31,,influenceurafrica.bj,PME (10-50),B2B,Facebook Pages,,Actif,2026-06-29T00:22:54.984473,moyenne
BJ-2972FD05,Image Communication,Médias & Communication,Parakou,+229 25 33 54 72,imagecommunication@imagecommunicat.org.bj,,TPE (<10),B2C,Facebook Pages,,Actif,2026-06-29T00:22:54.984489,moyenne
BJ-C4528121,Montage,Médias & Communication,Parakou,+229 55 74 76 94,montage@montage.bj,montage.bj,TPE (<10),B2C,Facebook Pages,,Actif,2026-06-29T00:22:54.984503,haute
BJ-75D3C64B,Studio Rédaction Press Parakou,Médias & Communication,Parakou,+229 28 85 67 80,s.rédaction@hotmail.com,studiorédactionpressparakou.bj,TPE (<10),B2C,Facebook Pages,,Actif,2026-06-29T00:22:54.984524,haute
BJ-DA9CC948,Diffusion Radio,Médias & Communication,Bohicon,+229 39 40 84 15,diffusion_radio@outlook.com,diffusionradio.bj,TPE (<10),B2B,Facebook Pages,,Actif,2026-06-29T00:22:54.984546,haute
BJ-A1B87806,Production SVOD Networks,Médias & Communication,Bohicon,+229 74 71 86 45,production.svod@gmail.com,productionsvodnetworks.bj,PME (50-200),B2B,Facebook Pages,,Actif,2026-06-29T00:22:54.984578,haute
BJ-5A19917D,Marketing TV,Médias & Communication,Bohicon,+229 21 74 78 27,marketing@gmail.com,marketingtv.bj,PME (50-200),B2B,Facebook Pages,,Actif,2026-06-29T00:22:54.984593,haute
BJ-69D3D37F,Journal Twitter TV,Médias & Communication,Bohicon,+229 46 85 24 69,,journaltwittertv.bj,PME (50-200),B2B,Facebook Pages,,Actif,2026-06-29T00:22:54.984604,moyenne
BJ-FBB241CC,Agence Podcast News,Médias & Communication,Natitingou,+229 86 14 66 19,agencepodcast@agencepodcastne.com.bj,,Grande (>200),B2C,Facebook Pages,,Actif,2026-06-29T00:22:54.984626,moyenne
BJ-C5A0BC14,VOD,Médias & Communication,Natitingou,+229 46 48 67 14,vod@yahoo.com,,Grande (>200),B2C,Facebook Pages,,Actif,2026-06-29T00:22:54.984657,moyenne
BJ-2D541DF1,Network,Médias & Communication,Natitingou,+229 71 10 39 36,network@gmail.com,network.bj,PME (50-200),B2B,Facebook Pages,,Actif,2026-06-29T00:22:54.984670,haute
BJ-631ED603,Studio Enquête Productions,Médias & Communication,Natitingou,+229 25 20 29 25,studio.enquête@studioenquêtepr.com.bj,studioenquêteproductions.bj,PME (50-200),B2C,Facebook Pages,,Actif,2026-06-29T00:22:54.984687,haute
BJ-25F90B19,Information Bénin,Médias & Communication,Lokossa,+229 28 33 41 57,i.bénin@yahoo.com,informationbénin.bj,PME (10-50),B2B,Facebook Pages,,Actif,2026-06-29T00:22:54.984710,haute
BJ-3300356F,Reportage Lokossa,Médias & Communication,Lokossa,+229 31 34 50 78,reportagelokossa@reportagelokoss.org.bj,reportagelokossa.bj,TPE (<10),B2B,Facebook Pages,,Actif,2026-06-29T00:22:54.984727,haute
BJ-AE24F43C,Publicité TV,Médias & Communication,Lokossa,+229 96 47 99 40,publicité@gmail.com,publicitétv.bj,PME (50-200),B2C,Facebook Pages,,Actif,2026-06-29T00:22:54.984745,haute
BJ-4A6CE740,Agence Radio,Médias & Communication,Lokossa,+229 27 14 67 98,,agenceradio.bj,TPE (<10),B2B,Facebook Pages,,Actif,2026-06-29T00:22:54.984757,moyenne
BJ-5BD94719,Diffusion Facebook News,Médias & Communication,Lokossa,+229 20 14 19 27,diffusion.facebook@outlook.com,,PME (50-200),B2C,Facebook Pages,,Actif,2026-06-29T00:22:54.984771,moyenne
BJ-685F3247,Communication Graphisme News,Médias & Communication,Ouidah,+229 22 24 98 18,communication.graphisme@communicationgr.com.bj,communicationgraphismenews.bj,PME (50-200),B2B,Facebook Pages,,Actif,2026-06-29T00:22:54.984793,haute
BJ-4A5F69A9,Communication National Africa,Médias & Communication,Ouidah,+229 98 11 97 89,communicationnational@communicationna.org.bj,communicationnationalafrica.bj,PME (50-200),B2C,Facebook Pages,,Actif,2026-06-29T00:22:54.984808,haute
BJ-43AF8662,Design Studios,Médias & Communication,Ouidah,+229 90 95 54 79,designstudios@hotmail.com,designstudios.bj,PME (50-200),B2C,Facebook Pages,,Actif,2026-06-29T00:22:54.984823,haute
BJ-2742ED51,Communication Journal,Médias & Communication,Ouidah,+229 82 86 24 98,,communicationjournal.bj,PME (10-50),B2B,Facebook Pages,,Actif,2026-06-29T00:22:54.984839,moyenne
BJ-8AED7E54,Presse Éditorial Studios Ouidah,Médias & Communication,Ouidah,+229 84 76 22 94,p.éditorial@presseéditorial.bj,presseéditorialstudiosouidah.bj,PME (10-50),B2B,Facebook Pages,,Actif,2026-06-29T00:22:54.984857,haute
BJ-4637A711,Presse Savalou,Médias & Communication,Savalou,+229 75 33 15 48,presse.savalou@pressesavalou.org.bj,pressesavalou.bj,TPE (<10),B2C,Facebook Pages,,Actif,2026-06-29T00:22:54.984880,haute
BJ-9E519AB2,Radio Animation Radio,Médias & Communication,Savalou,+229 68 53 26 24,radioanimation@yahoo.com,radioanimationradio.bj,TPE (<10),B2C,Facebook Pages,,Actif,2026-06-29T00:22:54.984911,haute
BJ-96326B59,Média Facebook,Médias & Communication,Savalou,+229 50 77 14 61,médiafacebook@médiafacebook.bj,médiafacebook.bj,PME (10-50),B2B,Facebook Pages,,Actif,2026-06-29T00:22:54.984933,haute
BJ-E1D74C45,Production Communication Africa,Médias & Communication,Savalou,+229 53 69 34 98,production.communication@productioncommu.com.bj,productioncommunicationafrica.bj,PME (10-50),B2B,Facebook Pages,,Actif,2026-06-29T00:22:54.984950,haute
BJ-860503F9,TikTok,Médias & Communication,Savalou,+229 29 28 91 53,,tiktok.bj,TPE (<10),B2B,Facebook Pages,,Actif,2026-06-29T00:22:54.984962,moyenne
BJ-47791242,YouTube Dassa-Zoumè,Médias & Communication,Dassa-Zoumè,+229 53 57 93 43,youtube.dassa@youtubedassazou.org.bj,youtubedassazoumè.bj,Grande (>200),B2C,Facebook Pages,,Actif,2026-06-29T00:22:54.984988,haute
BJ-A566303A,Sociaux TV,Médias & Communication,Dassa-Zoumè,+229 65 32 37 78,sociaux@yahoo.fr,,TPE (<10),B2B,Facebook Pages,,Actif,2026-06-29T00:22:54.985002,moyenne
BJ-E1C2CAC7,Journal Marketing,Médias & Communication,Dassa-Zoumè,+229 27 43 49 29,journalmarketing@journalmarketin.bj,journalmarketing.bj,TPE (<10),B2B,Facebook Pages,,Actif,2026-06-29T00:22:54.985032,haute
BJ-7F2C1B67,Instagram Radio,Médias & Communication,Dassa-Zoumè,+229 24 26 62 86,i.radio@outlook.com,instagramradio.bj,TPE (<10),B2B,Facebook Pages,,Actif,2026-06-29T00:22:54.985047,haute
BJ-BF7D625E,Studio Son,Médias & Communication,Kétou,+229 45 14 68 44,,studioson.bj,TPE (<10),B2B,Facebook Pages,,Actif,2026-06-29T00:22:54.985066,moyenne
BJ-10BB63C8,TikTok Radio Kétou,Médias & Communication,Kétou,+229 53 91 80 11,tiktok.radio@outlook.com,tiktokradiokétou.bj,TPE (<10),B2B,Facebook Pages,,Actif,2026-06-29T00:22:54.985083,haute
BJ-9F26C522,Journal National,Médias & Communication,Kétou,+229 37 19 33 35,journalnational@journalnational.org.bj,,TPE (<10),B2C,Facebook Pages,,Actif,2026-06-29T00:22:54.985102,moyenne
BJ-40C1C179,Interview Studios Kétou,Médias & Communication,Kétou,+229 90 52 33 90,i.studios@gmail.com,,TPE (<10),B2C,Facebook Pages,,Actif,2026-06-29T00:22:54.985120,moyenne
BJ-A9B30655,Démocratie Bénin,Médias & Communication,Kétou,+229 38 96 51 68,démocratiebénin@démocratiebénin.org.bj,démocratiebénin.bj,TPE (<10),B2C,Facebook Pages,,Actif,2026-06-29T00:22:54.985137,haute
BJ-44FE081F,Nouvelles Communication,Médias & Communication,Covè,+229 34 14 74 53,,,TPE (<10),B2B,Facebook Pages,,Actif,2026-06-29T00:22:54.985156,basse
BJ-D86D894C,Diffusion Montage Africa,Médias & Communication,Covè,+229 68 62 21 92,diffusion_montage@hotmail.com,,PME (50-200),B2C,Facebook Pages,,Actif,2026-06-29T00:22:54.985175,moyenne
BJ-6DE3C78A,Digital Studios Covè,Médias & Communication,Covè,+229 24 11 10 26,,digitalstudioscovè.bj,TPE (<10),B2B,Facebook Pages,,Actif,2026-06-29T00:22:54.985189,moyenne
BJ-10C35234,Film Media,Médias & Communication,Covè,+229 64 83 45 84,f.media@filmmedia.com.bj,filmmedia.bj,TPE (<10),B2B,Facebook Pages,,Actif,2026-06-29T00:22:54.985205,haute
BJ-51A1EB57,Son Media,Médias & Communication,Covè,+229 93 36 89 88,s.media@gmail.com,sonmedia.bj,PME (10-50),B2C,Facebook Pages,,Actif,2026-06-29T00:22:54.985221,haute
BJ-DCB844EC,Production Contenu,Médias & Communication,Pobè,+229 82 36 25 57,production.contenu@yahoo.com,productioncontenu.bj,PME (50-200),B2C,Facebook Pages,,Actif,2026-06-29T00:22:54.985253,haute
BJ-11151A0D,Montage,Médias & Communication,Pobè,+229 60 10 73 82,montage@yahoo.fr,montage.bj,PME (50-200),B2C,Facebook Pages,,Actif,2026-06-29T00:22:54.985267,haute
BJ-E4040EED,Communication VOD Africa,Médias & Communication,Pobè,+229 59 73 36 25,,communicationvodafrica.bj,PME (50-200),B2C,Facebook Pages,,Actif,2026-06-29T00:22:54.985284,moyenne
BJ-46E07F31,Instagram,Médias & Communication,Pobè,+229 61 96 46 23,,instagram.bj,PME (10-50),B2B,Facebook Pages,,Actif,2026-06-29T00:22:54.985296,moyenne
BJ-60386F19,Studio Instagram,Médias & Communication,Pobè,+229 59 56 61 62,,studioinstagram.bj,PME (10-50),B2B,Facebook Pages,,Actif,2026-06-29T00:22:54.985308,moyenne
BJ-1B8506CB,Télévision TV,Médias & Communication,Sakété,+229 90 41 16 61,télévision@outlook.com,télévisiontv.bj,TPE (<10),B2B,Facebook Pages,,Actif,2026-06-29T00:22:54.985344,haute
BJ-D0CB635A,Studio Nouvelles Africa,Médias & Communication,Sakété,+229 77 86 40 56,studionouvelles@yahoo.fr,studionouvellesafrica.bj,PME (10-50),B2C,Facebook Pages,,Actif,2026-06-29T00:22:54.985362,haute
BJ-8A4EF302,Journal Démocratie,Médias & Communication,Sakété,+229 53 71 66 65,,journaldémocratie.bj,PME (50-200),B2B,Facebook Pages,,Actif,2026-06-29T00:22:54.985375,moyenne
BJ-E417A548,Agence Social Networks,Médias & Communication,Sakété,+229 39 15 10 73,agence_social@hotmail.com,,TPE (<10),B2C,Facebook Pages,,Actif,2026-06-29T00:22:54.985390,moyenne
BJ-15551117,Presse Digital,Médias & Communication,Adjara,+229 73 49 94 77,,,PME (50-200),B2B,Facebook Pages,,Actif,2026-06-29T00:22:54.985408,basse
BJ-C9C8DD05,Facebook Communication Adjara,Médias & Communication,Adjara,+229 65 54 20 85,facebook.communication@hotmail.com,facebookcommunicationadjara.bj,TPE (<10),B2C,Facebook Pages,,Actif,2026-06-29T00:22:54.985446,haute
BJ-B60A421A,Studio Network,Médias & Communication,Adjara,+229 97 51 15 41,studionetwork@hotmail.com,studionetwork.bj,PME (50-200),B2C,Facebook Pages,,Actif,2026-06-29T00:22:54.985506,haute
BJ-5FCFB149,Graphisme Networks,Médias & Communication,Adjara,+229 86 36 85 79,graphisme.networks@gmail.com,graphismenetworks.bj,Grande (>200),B2C,Facebook Pages,,Actif,2026-06-29T00:22:54.985534,haute
BJ-1475F242,TV Network,Médias & Communication,Adjara,+229 29 54 24 49,,tvnetwork.bj,TPE (<10),B2B,Facebook Pages,,Actif,2026-06-29T00:22:54.985560,moyenne
BJ-973E2564,Studio OTT TV,Médias & Communication,Allada,+229 26 86 59 59,studioott@gmail.com,studiootttv.bj,TPE (<10),B2B,Facebook Pages,,Actif,2026-06-29T00:22:54.985610,haute
BJ-218A8C12,Marketing Productions,Médias & Communication,Allada,+229 89 55 65 87,m.productions@marketingproduc.bj,marketingproductions.bj,PME (50-200),B2C,Facebook Pages,,Actif,2026-06-29T00:22:54.985649,haute
BJ-D9624B8B,Studio Digital,Médias & Communication,Allada,+229 44 93 78 52,,studiodigital.bj,PME (50-200),B2B,Facebook Pages,,Actif,2026-06-29T00:22:54.985666,moyenne
BJ-B156E3AD,Documentaire,Médias & Communication,Allada,+229 75 46 66 18,documentaire@gmail.com,documentaire.bj,TPE (<10),B2B,Facebook Pages,,Actif,2026-06-29T00:22:54.985680,haute
BJ-77760111,Vidéo,Médias & Communication,Allada,+229 48 97 71 20,vidéo@vidéo.org.bj,vidéo.bj,TPE (<10),B2C,Facebook Pages,,Actif,2026-06-29T00:22:54.985695,haute
BJ-88286555,Média Éditorial Studios,Médias & Communication,Aplahoué,+229 72 72 26 23,média.éditorial@médiaéditorials.org.bj,médiaéditorialstudios.bj,TPE (<10),B2B,Facebook Pages,,Actif,2026-06-29T00:22:54.985741,haute
BJ-187237E1,Montage,Médias & Communication,Aplahoué,+229 39 73 67 74,montage@montage.org.bj,montage.bj,TPE (<10),B2C,Facebook Pages,,Actif,2026-06-29T00:22:54.985776,haute
BJ-82020B03,TV Communication Media,Médias & Communication,Aplahoué,+229 97 26 32 94,communication.media@outlook.com,tvcommunicationmedia.bj,PME (50-200),B2C,Facebook Pages,,Actif,2026-06-29T00:22:54.985814,haute
BJ-6BAAF19F,Média Information,Médias & Communication,Aplahoué,+229 57 60 18 35,médiainformation@médiainformatio.bj,médiainformation.bj,PME (10-50),B2C,Facebook Pages,,Actif,2026-06-29T00:22:54.985850,haute
BJ-BD3D3805,Journal Vidéo Media,Médias & Communication,Dogbo-Tota,+229 36 43 13 37,journal_vidéo@journalvidéomed.bj,journalvidéomedia.bj,PME (50-200),B2C,Facebook Pages,,Actif,2026-06-29T00:22:54.985935,haute
BJ-C5F51D2B,Vidéo,Médias & Communication,Dogbo-Tota,+229 53 10 62 53,,vidéo.bj,TPE (<10),B2B,Facebook Pages,,Actif,2026-06-29T00:22:54.985951,moyenne
BJ-C86B6980,Twitter Media,Médias & Communication,Dogbo-Tota,+229 56 38 65 19,t.media@hotmail.com,twittermedia.bj,TPE (<10),B2C,Facebook Pages,,Actif,2026-06-29T00:22:54.985984,haute
BJ-49B578D5,Radio Réalisation,Médias & Communication,Kpomassè,+229 68 51 86 74,radio.réalisation@outlook.com,,TPE (<10),B2B,Facebook Pages,,Actif,2026-06-29T00:22:54.986077,moyenne
BJ-414B8A4F,Presse Média Media,Médias & Communication,Kpomassè,+229 80 74 41 79,p.média@gmail.com,,PME (50-200),B2C,Facebook Pages,,Actif,2026-06-29T00:22:54.986108,moyenne
BJ-85A7433C,Blogueur,Médias & Communication,Kpomassè,+229 22 65 91 80,blogueur@blogueur.org.bj,blogueur.bj,PME (10-50),B2B,Facebook Pages,,Actif,2026-06-29T00:22:54.986136,haute
BJ-81730CAF,Agence Film Press Kpomassè,Médias & Communication,Kpomassè,+229 88 89 11 44,a.film@agencefilmpress.bj,,TPE (<10),B2C,Facebook Pages,,Actif,2026-06-29T00:22:54.986157,moyenne
BJ-1DF45AB7,Production Éditorial Press,Médias & Communication,Kpomassè,+229 56 67 76 81,productionéditorial@outlook.com,productionéditorialpress.bj,Grande (>200),B2B,Facebook Pages,,Actif,2026-06-29T00:22:54.986176,haute
BJ-3E9CA764,Streaming Tori-Bossito,Médias & Communication,Tori-Bossito,+229 65 83 36 59,,streamingtoribossito.bj,Grande (>200),B2C,Facebook Pages,,Actif,2026-06-29T00:22:54.986198,moyenne
BJ-1DABEA62,Production Publicité,Médias & Communication,Tori-Bossito,+229 80 61 47 85,production_publicité@gmail.com,,TPE (<10),B2C,Facebook Pages,,Actif,2026-06-29T00:22:54.986225,moyenne
BJ-57CD2F07,Communication Mixage,Médias & Communication,Tori-Bossito,+229 20 13 23 72,communicationmixage@yahoo.fr,communicationmixage.bj,TPE (<10),B2B,Facebook Pages,,Actif,2026-06-29T00:22:54.986241,haute
BJ-55C27353,Radio Démocratie Studios,Médias & Communication,Tori-Bossito,+229 92 21 28 11,radio_démocratie@yahoo.fr,radiodémocratiestudios.bj,Grande (>200),B2B,Facebook Pages,,Actif,2026-06-29T00:22:54.986258,haute
BJ-4A807F87,Journal Série Radio,Médias & Communication,Grand-Popo,+229 25 80 17 82,j.série@gmail.com,journalsérieradio.bj,TPE (<10),B2C,Facebook Pages,,Actif,2026-06-29T00:22:54.986281,haute
BJ-0D6577CE,Mixage Africa,Médias & Communication,Grand-Popo,+229 55 73 48 39,mixage.africa@mixageafrica.org.bj,mixageafrica.bj,PME (50-200),B2C,Facebook Pages,,Actif,2026-06-29T00:22:54.986302,haute
BJ-2139B48E,Agence YouTube Media Grand-Popo,Médias & Communication,Grand-Popo,+229 26 10 89 65,,agenceyoutubemediagrandpopo.bj,TPE (<10),B2B,Facebook Pages,,Actif,2026-06-29T00:22:54.986332,moyenne
BJ-8B591C3A,Mixage Bénin,Médias & Communication,Grand-Popo,+229 39 17 40 97,m.bénin@mixagebénin.org.bj,mixagebénin.bj,PME (50-200),B2B,Facebook Pages,,Actif,2026-06-29T00:22:54.986351,haute
BJ-69046ABB,Agence Blogueur,Médias & Communication,Athiémé,+229 46 91 62 88,agence.blogueur@agenceblogueur.com.bj,agenceblogueur.bj,TPE (<10),B2C,Facebook Pages,,Actif,2026-06-29T00:22:54.986389,haute
BJ-6DE71C4D,Presse TikTok Africa,Médias & Communication,Athiémé,+229 75 28 53 21,pressetiktok@gmail.com,pressetiktokafrica.bj,PME (50-200),B2B,Facebook Pages,,Actif,2026-06-29T00:22:54.986405,haute
BJ-AA9BD6BF,Presse Rédaction,Médias & Communication,Athiémé,+229 73 59 79 19,p.rédaction@presserédaction.bj,,TPE (<10),B2B,Facebook Pages,,Actif,2026-06-29T00:22:54.986426,moyenne
BJ-5C56A42E,Instagram,Médias & Communication,Athiémé,+229 49 56 66 54,instagram@instagram.com.bj,,Grande (>200),B2C,Facebook Pages,,Actif,2026-06-29T00:22:54.986440,moyenne
BJ-D87CC784,Instagram,Médias & Communication,Bopa,+229 45 43 56 73,instagram@gmail.com,instagram.bj,PME (50-200),B2B,Facebook Pages,,Actif,2026-06-29T00:22:54.986460,haute
BJ-31E27D6A,Liberté Radio Bopa,Médias & Communication,Bopa,+229 83 95 85 74,liberté.radio@libertéradiobop.bj,libertéradiobopa.bj,PME (10-50),B2C,Facebook Pages,,Actif,2026-06-29T00:22:54.986480,haute
BJ-3A7E4164,Studio Image TV Bopa,Médias & Communication,Bopa,+229 90 19 25 20,s.image@studioimagetvbo.bj,studioimagetvbopa.bj,PME (10-50),B2B,Facebook Pages,,Actif,2026-06-29T00:22:54.986500,haute
BJ-870D02FD,TV Communication Bénin,Médias & Communication,Bopa,+229 51 99 14 14,communication.bénin@tvcommunication.com.bj,tvcommunicationbénin.bj,TPE (<10),B2B,Facebook Pages,,Actif,2026-06-29T00:22:54.986519,haute
BJ-18F43E04,Communication Série Media,Médias & Communication,Bopa,+229 63 62 55 53,communicationsérie@gmail.com,communicationsériemedia.bj,Grande (>200),B2B,Facebook Pages,,Actif,2026-06-29T00:22:54.986535,haute
BJ-E7534BA6,Influenceur Press,Médias & Communication,Houéyogbé,+229 74 62 42 91,i.press@gmail.com,influenceurpress.bj,PME (50-200),B2C,Facebook Pages,,Actif,2026-06-29T00:22:54.986558,haute
BJ-AAE60E74,TikTok Houéyogbé,Médias & Communication,Houéyogbé,+229 83 96 75 90,tiktok_houéyogbé@tiktokhouéyogbé.com.bj,,PME (50-200),B2B,Facebook Pages,,Actif,2026-06-29T00:22:54.986575,moyenne
BJ-3C63CA19,Communication Studios,Médias & Communication,Houéyogbé,+229 80 55 28 41,,,TPE (<10),B2B,Facebook Pages,,Actif,2026-06-29T00:22:54.986586,basse
BJ-4A5E5F42,LinkedIn Houéyogbé,Médias & Communication,Houéyogbé,+229 76 33 91 80,linkedin.houéyogbé@yahoo.fr,linkedinhouéyogbé.bj,PME (50-200),B2B,Facebook Pages,,Actif,2026-06-29T00:22:54.986606,haute
BJ-7CA8EA25,TV Photo Radio Houéyogbé,Médias & Communication,Houéyogbé,+229 73 34 94 82,photoradio@outlook.com,tvphotoradiohouéyogbé.bj,TPE (<10),B2B,Facebook Pages,,Actif,2026-06-29T00:22:54.986623,haute
BJ-F847BD6E,Diffusion Design Malanville,Médias & Communication,Malanville,+229 68 68 12 75,,diffusiondesignmalanville.bj,TPE (<10),B2C,Facebook Pages,,Actif,2026-06-29T00:22:54.986642,moyenne
BJ-DAD95100,Agence Streaming Productions,Médias & Communication,Malanville,+229 50 15 44 45,agencestreaming@gmail.com,agencestreamingproductions.bj,TPE (<10),B2C,Facebook Pages,,Actif,2026-06-29T00:22:54.986658,haute
BJ-38C2C2F9,LinkedIn,Médias & Communication,Malanville,+229 42 15 46 70,,,TPE (<10),B2B,Facebook Pages,,Actif,2026-06-29T00:22:54.986673,basse
BJ-4C1B2E98,Facebook Communication,Médias & Communication,Malanville,+229 81 14 74 80,facebook.communication@facebookcommuni.com.bj,facebookcommunication.bj,PME (50-200),B2C,Facebook Pages,,Actif,2026-06-29T00:22:54.986690,haute
BJ-15E3A0AD,YouTube TV,Médias & Communication,Malanville,+229 49 41 39 12,youtube@hotmail.com,youtubetv.bj,PME (50-200),B2B,Facebook Pages,,Actif,2026-06-29T00:22:54.986704,haute
BJ-2C7AC4B5,Diffusion Réseaux Bénin,Médias & Communication,Kandi,+229 51 15 75 20,diffusion.réseaux@diffusionréseau.bj,,TPE (<10),B2C,Facebook Pages,,Actif,2026-06-29T00:22:54.986727,moyenne
BJ-3DD6443D,Agence International,Médias & Communication,Kandi,+229 45 32 72 27,,agenceinternational.bj,PME (10-50),B2C,Facebook Pages,,Actif,2026-06-29T00:22:54.986738,moyenne
BJ-8BF00091,Blogueur Radio,Médias & Communication,Kandi,+229 30 36 47 29,,blogueurradio.bj,PME (10-50),B2B,Facebook Pages,,Actif,2026-06-29T00:22:54.986750,moyenne
BJ-EF6BDB91,Production Cinéma,Médias & Communication,Kandi,+229 79 30 30 92,production.cinéma@productionciném.bj,,Grande (>200),B2C,Facebook Pages,,Actif,2026-06-29T00:22:54.986771,moyenne
BJ-C16814CC,TV Graphisme,Médias & Communication,Kandi,+229 59 54 54 18,graphisme@gmail.com,tvgraphisme.bj,PME (50-200),B2C,Facebook Pages,,Actif,2026-06-29T00:22:54.986785,haute
BJ-D0FC5FD5,Démocratie,Médias & Communication,Banikoara,+229 80 40 96 40,démocratie@outlook.com,démocratie.bj,PME (10-50),B2B,Facebook Pages,,Actif,2026-06-29T00:22:54.986806,haute
BJ-A4DC7E73,Radio National News,Médias & Communication,Banikoara,+229 25 52 10 23,radio.national@radionationalne.com.bj,radionationalnews.bj,TPE (<10),B2B,Facebook Pages,,Actif,2026-06-29T00:22:54.986825,haute
BJ-4A3301A4,Média Radio Banikoara,Médias & Communication,Banikoara,+229 66 37 75 75,,,PME (50-200),B2B,Facebook Pages,,Actif,2026-06-29T00:22:54.986841,basse
BJ-B5E2CEA4,Communication Radio TV,Médias & Communication,Banikoara,+229 64 19 33 85,communication.radio@yahoo.com,communicationradiotv.bj,TPE (<10),B2C,Facebook Pages,,Actif,2026-06-29T00:22:54.986857,haute
BJ-EF2B21AC,Rédaction News Banikoara,Médias & Communication,Banikoara,+229 76 38 16 68,rédaction.news@yahoo.fr,rédactionnewsbanikoara.bj,PME (50-200),B2C,Facebook Pages,,Actif,2026-06-29T00:22:54.986878,haute
BJ-8D99E9E3,Production Communication,Médias & Communication,Ségbana,+229 52 50 16 49,production.communication@yahoo.com,productioncommunication.bj,PME (10-50),B2B,Facebook Pages,,Actif,2026-06-29T00:22:54.986914,haute
BJ-AC2C3E17,Média Son,Médias & Communication,Ségbana,+229 78 32 32 64,média.son@yahoo.fr,médiason.bj,TPE (<10),B2B,Facebook Pages,,Actif,2026-06-29T00:22:54.986931,haute
BJ-2AF3B569,Communication Instagram News Ségbana,Médias & Communication,Ségbana,+229 29 79 23 11,,communicationinstagramnewsségbana.bj,TPE (<10),B2C,Facebook Pages,,Actif,2026-06-29T00:22:54.986944,moyenne
BJ-8583F13C,Communication Social,Médias & Communication,Ségbana,+229 63 65 28 65,c.social@communicationso.org.bj,communicationsocial.bj,TPE (<10),B2B,Facebook Pages,,Actif,2026-06-29T00:22:54.986976,haute
BJ-91EE04C5,Publicité,Médias & Communication,Karimama,+229 74 52 15 15,publicité@gmail.com,publicité.bj,TPE (<10),B2C,Facebook Pages,,Actif,2026-06-29T00:22:54.986997,haute
BJ-4713E747,Presse Nouvelles Radio,Médias & Communication,Karimama,+229 44 77 86 94,,pressenouvellesradio.bj,TPE (<10),B2C,Facebook Pages,,Actif,2026-06-29T00:22:54.987008,moyenne
BJ-63A2C08F,Podcast Karimama,Médias & Communication,Karimama,+229 65 97 57 48,,podcastkarimama.bj,PME (50-200),B2B,Facebook Pages,,Actif,2026-06-29T00:22:54.987023,moyenne
BJ-78138EDB,SVOD,Médias & Communication,Karimama,+229 66 97 37 27,svod@hotmail.com,svod.bj,PME (10-50),B2B,Facebook Pages,,Actif,2026-06-29T00:22:54.987037,haute
BJ-C5A6D77E,Agence Réalisation Africa Karimama,Médias & Communication,Karimama,+229 66 31 55 38,agenceréalisation@gmail.com,agenceréalisationafricakarimama.bj,PME (50-200),B2C,Facebook Pages,,Actif,2026-06-29T00:22:54.987054,haute
BJ-1FA32CAB,Création Networks,Médias & Communication,Gogounou,+229 89 17 43 54,créationnetworks@outlook.com,créationnetworks.bj,TPE (<10),B2B,Facebook Pages,,Actif,2026-06-29T00:22:54.987077,haute
BJ-E08F7885,Social Productions,Médias & Communication,Gogounou,+229 92 19 62 34,s.productions@socialproductio.com.bj,socialproductions.bj,PME (50-200),B2C,Facebook Pages,,Actif,2026-06-29T00:22:54.987094,haute
BJ-95C3A762,Radio Rédaction Studios Gogounou,Médias & Communication,Gogounou,+229 71 10 37 26,r.rédaction@radiorédactions.org.bj,radiorédactionstudiosgogounou.bj,TPE (<10),B2B,Facebook Pages,,Actif,2026-06-29T00:22:54.987111,haute
BJ-3F0DC7A3,Communication Interview TV,Médias & Communication,Gogounou,+229 35 96 88 64,c.interview@communicationin.bj,communicationinterviewtv.bj,TPE (<10),B2B,Facebook Pages,,Actif,2026-06-29T00:22:54.987131,haute
BJ-721C9C8B,Journal Facebook Bénin Gogounou,Médias & Communication,Gogounou,+229 70 65 47 91,j.facebook@journalfacebook.bj,,PME (50-200),B2B,Facebook Pages,,Actif,2026-06-29T00:22:54.987148,moyenne
BJ-45D4A77C,Média Blogueur,Médias & Communication,Cobly,+229 44 72 27 64,,médiablogueur.bj,TPE (<10),B2C,Facebook Pages,,Actif,2026-06-29T00:22:54.987168,moyenne
BJ-BE36D092,Instagram Communication,Médias & Communication,Cobly,+229 50 72 39 29,instagram.communication@instagramcommun.com.bj,,PME (50-200),B2C,Facebook Pages,,Actif,2026-06-29T00:22:54.987183,moyenne
BJ-F544D62B,Communication Network,Médias & Communication,Cobly,+229 66 31 84 27,communicationnetwork@outlook.com,,TPE (<10),B2B,Facebook Pages,,Actif,2026-06-29T00:22:54.987201,moyenne
BJ-66C54352,TV Contenu Africa,Médias & Communication,Cobly,+229 96 85 42 14,contenuafrica@yahoo.fr,,TPE (<10),B2B,Facebook Pages,,Actif,2026-06-29T00:22:54.987216,moyenne
BJ-F0376C0D,Interview Cobly,Médias & Communication,Cobly,+229 53 40 56 80,i.cobly@hotmail.com,interviewcobly.bj,PME (10-50),B2B,Facebook Pages,,Actif,2026-06-29T00:22:54.987235,haute
BJ-BCA65244,Journal,Médias & Communication,Tanguiéta,+229 28 80 60 41,journal@journal.com.bj,journal.bj,TPE (<10),B2B,Facebook Pages,,Actif,2026-06-29T00:22:54.987256,haute
BJ-33C571D8,Média Design Tanguiéta,Médias & Communication,Tanguiéta,+229 23 55 37 47,,médiadesigntanguiéta.bj,TPE (<10),B2C,Facebook Pages,,Actif,2026-06-29T00:22:54.987268,moyenne
BJ-1644FDFE,TV Animation,Médias & Communication,Tanguiéta,+229 72 13 30 80,animation@yahoo.com,,PME (50-200),B2C,Facebook Pages,,Actif,2026-06-29T00:22:54.987281,moyenne
BJ-66918B16,Montage,Médias & Communication,Tanguiéta,+229 32 22 59 10,,,PME (10-50),B2C,Facebook Pages,,Actif,2026-06-29T00:22:54.987291,basse
BJ-2888FA1E,Éditorial,Médias & Communication,Tanguiéta,+229 93 71 67 91,éditorial@éditorial.com.bj,,Grande (>200),B2B,Facebook Pages,,Actif,2026-06-29T00:22:54.987305,moyenne
BJ-DCFC8833,Information,Médias & Communication,Matéri,+229 77 26 77 40,information@information.org.bj,information.bj,PME (50-200),B2C,Facebook Pages,,Actif,2026-06-29T00:22:54.987325,haute
BJ-3DA2F93A,Réalisation,Médias & Communication,Matéri,+229 25 28 14 48,réalisation@yahoo.fr,réalisation.bj,TPE (<10),B2B,Facebook Pages,,Actif,2026-06-29T00:22:54.987338,haute
BJ-8454200A,Média Rédaction,Médias & Communication,Matéri,+229 48 26 15 86,,médiarédaction.bj,PME (50-200),B2C,Facebook Pages,,Actif,2026-06-29T00:22:54.987353,moyenne
BJ-BB9B504D,Blogueur Media,Médias & Communication,Matéri,+229 50 22 79 28,blogueur.media@gmail.com,blogueurmedia.bj,Grande (>200),B2C,Facebook Pages,,Actif,2026-06-29T00:22:54.987372,haute
BJ-6F5822B6,Reportage Networks,Médias & Communication,Matéri,+229 64 28 37 46,r.networks@reportagenetwor.org.bj,reportagenetworks.bj,PME (10-50),B2B,Facebook Pages,,Actif,2026-06-29T00:22:54.987388,haute
BJ-A66FDFD1,Studio Production,Médias & Communication,Natitingou,+229 49 15 68 78,s.production@yahoo.com,studioproduction.bj,PME (50-200),B2B,Facebook Pages,,Actif,2026-06-29T00:22:54.987411,haute
BJ-AC7012D7,Montage Africa,Médias & Communication,Natitingou,+229 88 15 17 80,,,PME (50-200),B2B,Facebook Pages,,Actif,2026-06-29T00:22:54.987422,basse
BJ-E397AE15,Production Design Media,Médias & Communication,Natitingou,+229 37 68 37 44,,productiondesignmedia.bj,PME (50-200),B2C,Facebook Pages,,Actif,2026-06-29T00:22:54.987433,moyenne
BJ-1015E30C,Rédaction,Médias & Communication,Natitingou,+229 47 17 83 26,rédaction@yahoo.com,rédaction.bj,PME (10-50),B2C,Facebook Pages,,Actif,2026-06-29T00:22:54.987461,haute
BJ-518236C4,Social Press Toucountouna,Médias & Communication,Toucountouna,+229 50 11 36 74,social.press@socialpresstouc.com.bj,socialpresstoucountouna.bj,Grande (>200),B2B,Facebook Pages,,Actif,2026-06-29T00:22:54.987486,haute
BJ-39FFE651,Documentaire,Médias & Communication,Toucountouna,+229 37 50 64 24,documentaire@documentaire.com.bj,documentaire.bj,PME (10-50),B2C,Facebook Pages,,Actif,2026-06-29T00:22:54.987501,haute
BJ-0E392A56,Radio Instagram Media,Médias & Communication,Toucountouna,+229 23 41 35 78,radioinstagram@radioinstagramm.bj,radioinstagrammedia.bj,TPE (<10),B2C,Facebook Pages,,Actif,2026-06-29T00:22:54.987520,haute
BJ-9999C562,Communication Streaming News,Médias & Communication,Toucountouna,+229 31 77 35 92,,communicationstreamingnews.bj,TPE (<10),B2C,Facebook Pages,,Actif,2026-06-29T00:22:54.987532,moyenne
BJ-86F7DDC4,Studio Communication,Médias & Communication,Toucountouna,+229 26 10 76 56,studio.communication@studiocommunica.org.bj,studiocommunication.bj,PME (10-50),B2B,Facebook Pages,,Actif,2026-06-29T00:22:54.987547,haute
BJ-CC0EC511,Marketing,Médias & Communication,Boukoumbé,+229 89 81 31 91,marketing@marketing.com.bj,marketing.bj,PME (10-50),B2C,Facebook Pages,,Actif,2026-06-29T00:22:54.987568,haute
BJ-B38A0758,Son TV Boukoumbé,Médias & Communication,Boukoumbé,+229 63 77 63 49,,sontvboukoumbé.bj,PME (10-50),B2C,Facebook Pages,,Actif,2026-06-29T00:22:54.987580,moyenne
BJ-A0B28C25,Journal LinkedIn Africa,Médias & Communication,Boukoumbé,+229 29 13 98 61,journal.linkedin@gmail.com,journallinkedinafrica.bj,PME (10-50),B2B,Facebook Pages,,Actif,2026-06-29T00:22:54.987599,haute
BJ-B06C90A0,Publicité Boukoumbé,Médias & Communication,Boukoumbé,+229 68 91 11 84,publicité.boukoumbé@gmail.com,publicitéboukoumbé.bj,PME (50-200),B2B,Facebook Pages,,Actif,2026-06-29T00:22:54.987616,haute
BJ-5EDC79B3,Média International News,Médias & Communication,Kouandé,+229 88 98 49 32,médiainternational@outlook.com,,TPE (<10),B2B,Facebook Pages,,Actif,2026-06-29T00:22:54.987656,moyenne
BJ-B5F18ED8,Éditorial Radio Kouandé,Médias & Communication,Kouandé,+229 73 62 90 43,é.radio@hotmail.com,éditorialradiokouandé.bj,TPE (<10),B2C,Facebook Pages,,Actif,2026-06-29T00:22:54.987673,haute
BJ-7F26EAA3,Communication Réalisation,Médias & Communication,Kouandé,+229 65 55 56 16,communicationréalisation@communicationré.com.bj,communicationréalisation.bj,TPE (<10),B2B,Facebook Pages,,Actif,2026-06-29T00:22:54.987694,haute
BJ-4807E356,Montage Radio,Médias & Communication,Kouandé,+229 68 93 33 52,montage_radio@montageradio.bj,montageradio.bj,TPE (<10),B2B,Facebook Pages,,Actif,2026-06-29T00:22:54.987710,haute
BJ-9D15A7D5,Animation,Médias & Communication,Kouandé,+229 28 92 42 83,,animation.bj,PME (50-200),B2C,Facebook Pages,,Actif,2026-06-29T00:22:54.987721,moyenne
BJ-9AB08A0F,Média YouTube TV,Médias & Communication,Péhunco,+229 39 31 79 88,m.youtube@yahoo.com,,PME (50-200),B2C,Facebook Pages,,Actif,2026-06-29T00:22:54.987744,moyenne
BJ-29DB82DB,Diffusion Podcast,Médias & Communication,Péhunco,+229 62 29 62 77,,diffusionpodcast.bj,PME (10-50),B2C,Facebook Pages,,Actif,2026-06-29T00:22:54.987756,moyenne
BJ-D014DDC1,Instagram,Médias & Communication,Péhunco,+229 20 13 82 79,instagram@instagram.bj,,PME (10-50),B2B,Facebook Pages,,Actif,2026-06-29T00:22:54.987769,moyenne
BJ-44D6B1CB,Son,Médias & Communication,Péhunco,+229 56 86 58 28,son@son.bj,son.bj,PME (10-50),B2B,Facebook Pages,,Actif,2026-06-29T00:22:54.987782,haute
BJ-F6B80F05,Production Péhunco,Médias & Communication,Péhunco,+229 83 38 57 17,production.péhunco@productionpéhun.bj,productionpéhunco.bj,PME (50-200),B2B,Facebook Pages,,Actif,2026-06-29T00:22:54.987799,haute
BJ-14F8EBFB,Son,Médias & Communication,Tchaourou,+229 74 46 19 30,son@son.bj,son.bj,TPE (<10),B2C,Facebook Pages,,Actif,2026-06-29T00:22:54.987819,haute
BJ-EE1F892B,Journal Documentaire Productions,Médias & Communication,Tchaourou,+229 61 51 71 92,journal.documentaire@journaldocument.org.bj,journaldocumentaireproductions.bj,TPE (<10),B2B,Facebook Pages,,Actif,2026-06-29T00:22:54.987836,haute
BJ-41CB05CD,Série Press,Médias & Communication,Tchaourou,+229 87 49 64 64,sériepress@hotmail.com,sériepress.bj,PME (10-50),B2C,Facebook Pages,,Actif,2026-06-29T00:22:54.987855,haute
BJ-155667C0,VOD Radio Tchaourou,Médias & Communication,Tchaourou,+229 96 68 97 54,v.radio@yahoo.com,vodradiotchaourou.bj,TPE (<10),B2C,Facebook Pages,,Actif,2026-06-29T00:22:54.987871,haute
BJ-C5159BEA,Média Mixage Press,Médias & Communication,Tchaourou,+229 87 47 24 17,médiamixage@hotmail.com,médiamixagepress.bj,TPE (<10),B2C,Facebook Pages,,Actif,2026-06-29T00:22:54.987887,haute
BJ-BEC88160,TV Démocratie,Médias & Communication,Nikki,+229 34 91 86 67,démocratie@tvdémocratie.org.bj,tvdémocratie.bj,PME (10-50),B2B,Facebook Pages,,Actif,2026-06-29T00:22:54.987921,haute
BJ-A4763601,YouTube Press Nikki,Médias & Communication,Nikki,+229 45 29 49 59,youtube.press@outlook.com,youtubepressnikki.bj,PME (10-50),B2C,Facebook Pages,,Actif,2026-06-29T00:22:54.987956,haute
BJ-07E8E23B,Graphisme,Médias & Communication,Nikki,+229 74 70 58 44,graphisme@graphisme.bj,graphisme.bj,TPE (<10),B2C,Facebook Pages,,Actif,2026-06-29T00:22:54.987970,haute
BJ-A4A0F1D9,Animation Nikki,Médias & Communication,Nikki,+229 45 60 85 58,,animationnikki.bj,Grande (>200),B2B,Facebook Pages,,Actif,2026-06-29T00:22:54.987981,moyenne
BJ-79BC6C87,Publicité Radio,Médias & Communication,Bembéréké,+229 60 64 47 87,,publicitéradio.bj,TPE (<10),B2B,Facebook Pages,,Actif,2026-06-29T00:22:54.988003,moyenne
BJ-1EAD508F,Radio International News,Médias & Communication,Bembéréké,+229 30 38 53 10,radio.international@radiointernatio.bj,radiointernationalnews.bj,TPE (<10),B2C,Facebook Pages,,Actif,2026-06-29T00:22:54.988020,haute
BJ-66E7B480,Série Bénin Bembéréké,Médias & Communication,Bembéréké,+229 55 64 98 87,série.bénin@sériebéninbembé.com.bj,,PME (10-50),B2C,Facebook Pages,,Actif,2026-06-29T00:22:54.988043,moyenne
BJ-C3E6FF57,Actualité TV,Médias & Communication,Bembéréké,+229 20 86 73 86,actualité@hotmail.com,actualitétv.bj,TPE (<10),B2B,Facebook Pages,,Actif,2026-06-29T00:22:54.988071,haute
BJ-F10AA8C5,TV Interview Kalalé,Médias & Communication,Kalalé,+229 81 68 83 52,i.kalalé@yahoo.com,tvinterviewkalalé.bj,PME (50-200),B2C,Facebook Pages,,Actif,2026-06-29T00:22:54.988094,haute
BJ-1C4591C6,Diffusion Digital,Médias & Communication,Kalalé,+229 93 10 15 27,,diffusiondigital.bj,PME (50-200),B2B,Facebook Pages,,Actif,2026-06-29T00:22:54.988106,moyenne
BJ-C49CC406,Agence Communication TV,Médias & Communication,Kalalé,+229 98 58 27 66,,,PME (50-200),B2B,Facebook Pages,,Actif,2026-06-29T00:22:54.988117,basse
BJ-A8E6F4C8,LinkedIn Networks,Médias & Communication,Kalalé,+229 76 86 71 59,linkedin.networks@linkedinnetwork.org.bj,,PME (10-50),B2B,Facebook Pages,,Actif,2026-06-29T00:22:54.988132,moyenne
BJ-3BB6AE32,Facebook News Kalalé,Médias & Communication,Kalalé,+229 84 93 19 26,facebook.news@facebooknewskal.bj,facebooknewskalalé.bj,PME (50-200),B2B,Facebook Pages,,Actif,2026-06-29T00:22:54.988148,haute
BJ-21C1CDFD,Facebook Ndali,Médias & Communication,Ndali,+229 49 86 41 66,facebookndali@facebookndali.com.bj,facebookndali.bj,TPE (<10),B2C,Facebook Pages,,Actif,2026-06-29T00:22:54.988171,haute
BJ-367714C5,Communication Journalisme Ndali,Médias & Communication,Ndali,+229 35 21 75 35,c.journalisme@hotmail.com,communicationjournalismendali.bj,PME (50-200),B2C,Facebook Pages,,Actif,2026-06-29T00:22:54.988187,haute
BJ-72DBED44,Reportage TV Ndali,Médias & Communication,Ndali,+229 95 14 92 35,,reportagetvndali.bj,PME (10-50),B2C,Facebook Pages,,Actif,2026-06-29T00:22:54.988205,moyenne
BJ-D57FA442,Studio Graphisme Ndali,Médias & Communication,Ndali,+229 84 87 37 53,studio.graphisme@studiographisme.com.bj,,PME (10-50),B2C,Facebook Pages,,Actif,2026-06-29T00:22:54.988220,moyenne
BJ-61CCDC2A,Journal Montage Media Ndali,Médias & Communication,Ndali,+229 70 23 83 23,j.montage@journalmontagem.bj,journalmontagemediandali.bj,PME (50-200),B2B,Facebook Pages,,Actif,2026-06-29T00:22:54.988236,haute
BJ-723624A1,Publicité Bénin,Médias & Communication,Ségbana,+229 83 96 14 88,publicitébénin@publicitébénin.com.bj,,PME (50-200),B2C,Facebook Pages,,Actif,2026-06-29T00:22:54.988258,moyenne
BJ-EB4816D1,Podcast TV,Médias & Communication,Ségbana,+229 75 20 13 17,podcast@hotmail.com,,PME (10-50),B2B,Facebook Pages,,Actif,2026-06-29T00:22:54.988275,moyenne
BJ-F91A14A6,Presse Influenceur,Médias & Communication,Ségbana,+229 99 31 87 96,,presseinfluenceur.bj,PME (10-50),B2B,Facebook Pages,,Actif,2026-06-29T00:22:54.988287,moyenne
BJ-D9157566,Journal Productions Ségbana,Médias & Communication,Ségbana,+229 31 30 18 20,journalproductions@journalproducti.com.bj,journalproductionsségbana.bj,PME (10-50),B2C,Facebook Pages,,Actif,2026-06-29T00:22:54.988304,haute
BJ-9404FF46,Production Télévision Studios,Médias & Communication,Ségbana,+229 60 24 35 86,productiontélévision@yahoo.fr,productiontélévisionstudios.bj,TPE (<10),B2C,Facebook Pages,,Actif,2026-06-29T00:22:54.988321,haute
BJ-F0899D40,TV Digital Media,Médias & Communication,Tchaourou,+229 66 17 11 89,d.media@tvdigitalmedia.org.bj,tvdigitalmedia.bj,PME (10-50),B2B,Facebook Pages,,Actif,2026-06-29T00:22:54.988344,haute
BJ-5C291CFC,Studio Graphisme Networks,Médias & Communication,Tchaourou,+229 62 11 54 73,studiographisme@studiographisme.com.bj,studiographismenetworks.bj,TPE (<10),B2B,Facebook Pages,,Actif,2026-06-29T00:22:54.988359,haute
BJ-1D2FA68E,National Bénin,Médias & Communication,Tchaourou,+229 24 32 46 85,n.bénin@nationalbénin.bj,nationalbénin.bj,Grande (>200),B2B,Facebook Pages,,Actif,2026-06-29T00:22:54.988379,haute
BJ-A2F1A05D,Production Twitter,Médias & Communication,Tchaourou,+229 33 54 13 56,production.twitter@yahoo.com,productiontwitter.bj,TPE (<10),B2C,Facebook Pages,,Actif,2026-06-29T00:22:54.988394,haute
BJ-CFDC5185,Radio Media,Médias & Communication,Tchaourou,+229 56 18 76 77,r.media@yahoo.fr,radiomedia.bj,PME (10-50),B2B,Facebook Pages,,Actif,2026-06-29T00:22:54.988408,haute
BJ-07E71E0A,Liberté Radio,Médias & Communication,Bétérou,+229 47 73 51 91,,libertéradio.bj,PME (50-200),B2C,Facebook Pages,,Actif,2026-06-29T00:22:54.988427,moyenne
BJ-BE3CA7CC,Presse Marketing,Médias & Communication,Bétérou,+229 32 95 45 83,pressemarketing@outlook.com,pressemarketing.bj,PME (10-50),B2C,Facebook Pages,,Actif,2026-06-29T00:22:54.988447,haute
BJ-D37CDDCA,Presse Streaming,Médias & Communication,Bétérou,+229 72 52 25 42,presse_streaming@hotmail.com,pressestreaming.bj,PME (10-50),B2B,Facebook Pages,,Actif,2026-06-29T00:22:54.988463,haute
BJ-0733D3EF,Production Montage,Médias & Communication,Bétérou,+229 45 51 30 45,production.montage@yahoo.fr,productionmontage.bj,TPE (<10),B2C,Facebook Pages,,Actif,2026-06-29T00:22:54.988478,haute
BJ-DFF179E3,Communication Press,Médias & Communication,Bétérou,+229 98 20 22 58,communicationpress@communicationpr.com.bj,communicationpress.bj,TPE (<10),B2C,Facebook Pages,,Actif,2026-06-29T00:22:54.988493,haute
BJ-F9292D01,Journalisme Productions,Médias & Communication,Ouessè,+229 29 14 26 46,,journalismeproductions.bj,TPE (<10),B2C,Facebook Pages,,Actif,2026-06-29T00:22:54.988512,moyenne
BJ-4BE42F8D,Reportage,Médias & Communication,Ouessè,+229 97 75 63 94,reportage@reportage.com.bj,reportage.bj,Grande (>200),B2C,Facebook Pages,,Actif,2026-06-29T00:22:54.988525,haute
BJ-6111DB24,LinkedIn Africa,Médias & Communication,Ouessè,+229 95 29 37 29,linkedinafrica@linkedinafrica.bj,linkedinafrica.bj,TPE (<10),B2C,Facebook Pages,,Actif,2026-06-29T00:22:54.988569,haute
BJ-FEC3053B,Agence Documentaire Press,Médias & Communication,Glazoué,+229 48 74 32 45,agence.documentaire@agencedocumenta.bj,agencedocumentairepress.bj,TPE (<10),B2B,Facebook Pages,,Actif,2026-06-29T00:22:54.988634,haute
BJ-A4423407,Actualité Communication,Médias & Communication,Glazoué,+229 64 20 93 23,a.communication@outlook.com,actualitécommunication.bj,TPE (<10),B2C,Facebook Pages,,Actif,2026-06-29T00:22:54.988663,haute
BJ-5AE103E8,Production OTT,Médias & Communication,Glazoué,+229 67 35 94 63,production.ott@productionott.bj,productionott.bj,TPE (<10),B2C,Facebook Pages,,Actif,2026-06-29T00:22:54.988686,haute
BJ-F5A2178B,TikTok,Médias & Communication,Glazoué,+229 81 28 22 38,tiktok@hotmail.com,tiktok.bj,PME (10-50),B2B,Facebook Pages,,Actif,2026-06-29T00:22:54.988700,haute
BJ-66D27A2D,Communication Éditorial,Médias & Communication,Dassa-Zoumè,+229 34 41 94 84,,,PME (10-50),B2B,Facebook Pages,,Actif,2026-06-29T00:22:54.988719,basse
BJ-23C05C75,Production Contenu Dassa-Zoumè,Médias & Communication,Dassa-Zoumè,+229 97 53 20 25,productioncontenu@yahoo.fr,productioncontenudassazoumè.bj,TPE (<10),B2B,Facebook Pages,,Actif,2026-06-29T00:22:54.988759,haute
BJ-1F61B1A9,TV LinkedIn,Médias & Communication,Dassa-Zoumè,+229 85 76 45 94,linkedin@yahoo.com,,PME (10-50),B2B,Facebook Pages,,Actif,2026-06-29T00:22:54.988785,moyenne
BJ-7FFE028F,Studio VOD Networks,Médias & Communication,Savalou,+229 87 13 20 16,,studiovodnetworks.bj,TPE (<10),B2B,Facebook Pages,,Actif,2026-06-29T00:22:54.988807,moyenne
BJ-7336C5DC,Design,Médias & Communication,Savalou,+229 51 50 14 71,design@design.com.bj,,PME (10-50),B2B,Facebook Pages,,Actif,2026-06-29T00:22:54.988820,moyenne
BJ-BEE1CB24,Journal Démocratie Africa,Médias & Communication,Savalou,+229 58 89 59 53,journaldémocratie@journaldémocrat.com.bj,journaldémocratieafrica.bj,PME (10-50),B2C,Facebook Pages,,Actif,2026-06-29T00:22:54.988863,haute
BJ-E98E640C,Diffusion YouTube TV,Médias & Communication,Savalou,+229 79 24 99 21,d.youtube@diffusionyoutub.bj,diffusionyoutubetv.bj,PME (10-50),B2B,Facebook Pages,,Actif,2026-06-29T00:22:54.988880,haute
BJ-B33F239F,Network,Médias & Communication,Bantè,+229 90 93 35 80,network@yahoo.com,network.bj,PME (50-200),B2B,Facebook Pages,,Actif,2026-06-29T00:22:54.988939,haute
BJ-0D4F8D91,Agence Production Communication Bantè,Médias & Communication,Bantè,+229 25 47 62 94,a.production@agenceproductio.com.bj,agenceproductioncommunicationbantè.bj,PME (10-50),B2C,Facebook Pages,,Actif,2026-06-29T00:22:54.988973,haute
BJ-A428EBB2,Presse Networks Bantè,Médias & Communication,Bantè,+229 26 83 80 15,,,TPE (<10),B2C,Facebook Pages,,Actif,2026-06-29T00:22:54.989001,basse
BJ-C21F4A9A,Son,Médias & Communication,Bantè,+229 85 23 49 83,son@outlook.com,son.bj,TPE (<10),B2B,Facebook Pages,,Actif,2026-06-29T00:22:54.989031,haute
BJ-E6C1276F,Production Actualité Networks,Médias & Communication,Bantè,+229 57 77 42 49,production.actualité@yahoo.fr,productionactualiténetworks.bj,TPE (<10),B2B,Facebook Pages,,Actif,2026-06-29T00:22:54.989051,haute
BJ-A46B9791,Éditorial,Médias & Communication,Djougou,+229 43 51 20 97,éditorial@yahoo.fr,,TPE (<10),B2B,Facebook Pages,,Actif,2026-06-29T00:22:54.989071,moyenne
BJ-3A320E6C,Diffusion Montage,Médias & Communication,Djougou,+229 24 78 57 84,,diffusionmontage.bj,TPE (<10),B2C,Facebook Pages,,Actif,2026-06-29T00:22:54.989086,moyenne
BJ-B7F19B92,Production,Médias & Communication,Djougou,+229 43 53 58 63,production@production.org.bj,production.bj,PME (10-50),B2B,Facebook Pages,,Actif,2026-06-29T00:22:54.989099,haute
BJ-4B562639,Radio Studios,Médias & Communication,Djougou,+229 35 62 84 83,radio.studios@radiostudios.com.bj,,TPE (<10),B2B,Facebook Pages,,Actif,2026-06-29T00:22:54.989114,moyenne
BJ-A4B58334,Digital Africa,Médias & Communication,Djougou,+229 65 79 61 46,digitalafrica@digitalafrica.com.bj,digitalafrica.bj,TPE (<10),B2B,Facebook Pages,,Actif,2026-06-29T00:22:54.989129,haute
BJ-85B02961,Marketing Networks Ouèssè,Médias & Communication,Ouèssè,+229 54 62 86 96,marketingnetworks@gmail.com,marketingnetworksouèssè.bj,TPE (<10),B2C,Facebook Pages,,Actif,2026-06-29T00:22:54.989151,haute
BJ-0CFBA667,Digital,Médias & Communication,Ouèssè,+229 88 64 59 62,digital@yahoo.com,digital.bj,TPE (<10),B2C,Facebook Pages,,Actif,2026-06-29T00:22:54.989165,haute
BJ-6E270624,Radio Communication,Médias & Communication,Ouèssè,+229 85 88 19 87,,radiocommunication.bj,Grande (>200),B2C,Facebook Pages,,Actif,2026-06-29T00:22:54.989193,moyenne
BJ-14A73CF3,Production Réalisation,Médias & Communication,Ouèssè,+229 68 66 32 66,production.réalisation@productionréali.com.bj,productionréalisation.bj,PME (50-200),B2B,Facebook Pages,,Actif,2026-06-29T00:22:54.989209,haute
BJ-D1F6C6AA,Studio SVOD,Médias & Communication,Bassila,+229 66 17 43 84,studiosvod@studiosvod.com.bj,studiosvod.bj,PME (50-200),B2B,Facebook Pages,,Actif,2026-06-29T00:22:54.989230,haute
BJ-E41F9DE3,Interview,Médias & Communication,Bassila,+229 35 36 68 79,interview@yahoo.fr,interview.bj,Grande (>200),B2C,Facebook Pages,,Actif,2026-06-29T00:22:54.989243,haute
BJ-79389629,Diffusion Journalisme Productions,Médias & Communication,Bassila,+229 38 92 27 30,diffusionjournalisme@diffusionjourna.bj,diffusionjournalismeproductions.bj,PME (50-200),B2B,Facebook Pages,,Actif,2026-06-29T00:22:54.989258,haute
BJ-B14C6CE0,Facebook Media,Médias & Communication,Bassila,+229 72 53 67 72,f.media@gmail.com,facebookmedia.bj,PME (10-50),B2B,Facebook Pages,,Actif,2026-06-29T00:22:54.989272,haute
BJ-C118A680,Nouvelles Radio,Médias & Communication,Bassila,+229 95 37 19 39,nouvelles.radio@yahoo.com,,TPE (<10),B2B,Facebook Pages,,Actif,2026-06-29T00:22:54.989288,moyenne
BJ-AE08076E,Journal Radio,Médias & Communication,Pehunco,+229 95 85 39 29,,journalradio.bj,Grande (>200),B2C,Facebook Pages,,Actif,2026-06-29T00:22:54.989309,moyenne
BJ-CADC9C06,Agence Reportage TV,Médias & Communication,Pehunco,+229 52 91 77 56,,agencereportagetv.bj,Grande (>200),B2C,Facebook Pages,,Actif,2026-06-29T00:22:54.989322,moyenne
BJ-CCCB45FB,Blogueur,Médias & Communication,Pehunco,+229 69 41 39 92,blogueur@blogueur.bj,,PME (10-50),B2B,Facebook Pages,,Actif,2026-06-29T00:22:54.989338,moyenne
BJ-F41207E8,Cinéma Communication,Médias & Communication,Pehunco,+229 28 77 76 80,,cinémacommunication.bj,Grande (>200),B2C,Facebook Pages,,Actif,2026-06-29T00:22:54.989352,moyenne
BJ-63BE6F36,TV Design,Médias & Communication,Pehunco,+229 73 97 59 86,,,PME (50-200),B2B,Facebook Pages,,Actif,2026-06-29T00:22:54.989363,basse
BJ-E248164A,TikTok Copargo,Médias & Communication,Copargo,+229 92 40 24 21,,tiktokcopargo.bj,TPE (<10),B2B,Facebook Pages,,Actif,2026-06-29T00:22:54.989400,moyenne
BJ-AFB3C719,Série,Médias & Communication,Copargo,+229 36 41 19 86,série@yahoo.fr,série.bj,TPE (<10),B2B,Facebook Pages,,Actif,2026-06-29T00:22:54.989414,haute
BJ-322A9F2E,Journal Copargo,Médias & Communication,Copargo,+229 44 58 33 88,,,PME (10-50),B2C,Facebook Pages,,Actif,2026-06-29T00:22:54.989424,basse
BJ-AB7CCB3B,Accompagnement Cotonou,ONG & Associations,Cotonou,+229 80 93 99 90,a.cotonou@outlook.com,,TPE (<10),B2C,Facebook Pages,,Actif,2026-06-29T00:22:54.989489,moyenne
BJ-29E07D31,Monitoring Alliance,ONG & Associations,Cotonou,+229 52 97 16 18,monitoringalliance@monitoringallia.bj,monitoringalliance.bj,TPE (<10),B2B,Facebook Pages,,Actif,2026-06-29T00:22:54.989505,haute
BJ-4FE4DB6B,Association Équité Association Cotonou,ONG & Associations,Cotonou,+229 49 72 47 41,,associationéquitéassociationcotonou.bj,PME (10-50),B2B,Facebook Pages,,Actif,2026-06-29T00:22:54.989521,moyenne
BJ-2FEB0963,ONG Épargne,ONG & Associations,Cotonou,+229 62 54 85 56,ong.épargne@ongépargne.bj,ongépargne.bj,PME (10-50),B2B,Facebook Pages,,Actif,2026-06-29T00:22:54.989555,haute
BJ-6C345EE6,Organisation Santé Africa,ONG & Associations,Cotonou,+229 37 26 22 50,organisation_santé@organisationsan.bj,organisationsantéafrica.bj,TPE (<10),B2C,Facebook Pages,,Actif,2026-06-29T00:22:54.989574,haute
BJ-911B183B,Association Diversité,ONG & Associations,Abomey-Calavi,+229 81 71 77 44,association_diversité@yahoo.fr,associationdiversité.bj,PME (10-50),B2B,Facebook Pages,,Actif,2026-06-29T00:22:54.989598,haute
BJ-DD3CA354,Sensibilisation,ONG & Associations,Abomey-Calavi,+229 37 21 39 10,,sensibilisation.bj,PME (10-50),B2C,Facebook Pages,,Actif,2026-06-29T00:22:54.989609,moyenne
BJ-794DEE08,Fédération Santé Abomey-Calavi,ONG & Associations,Abomey-Calavi,+229 30 24 15 95,fédérationsanté@yahoo.fr,,PME (10-50),B2C,Facebook Pages,,Actif,2026-06-29T00:22:54.989625,moyenne
BJ-0E920BB7,Advocacy,ONG & Associations,Abomey-Calavi,+229 94 47 64 98,advocacy@advocacy.bj,,TPE (<10),B2C,Facebook Pages,,Actif,2026-06-29T00:22:54.989638,moyenne
BJ-30570AE5,Organisation Volontariat Abomey-Calavi,ONG & Associations,Abomey-Calavi,+229 99 38 89 50,organisationvolontariat@organisationvol.com.bj,organisationvolontariatabomeycalavi.bj,PME (10-50),B2C,Facebook Pages,,Actif,2026-06-29T00:22:54.989654,haute
BJ-0505C71D,Union Insertion,ONG & Associations,Porto-Novo,+229 84 78 73 17,u.insertion@unioninsertion.bj,unioninsertion.bj,PME (50-200),B2B,Facebook Pages,,Actif,2026-06-29T00:22:54.989690,haute
BJ-D9DADEF6,Club Accompagnement,ONG & Associations,Porto-Novo,+229 50 80 42 54,club.accompagnement@yahoo.com,clubaccompagnement.bj,PME (10-50),B2B,Facebook Pages,,Actif,2026-06-29T00:22:54.989707,haute
BJ-FD66AFE6,Union Inclusion,ONG & Associations,Porto-Novo,+229 60 56 78 59,unioninclusion@unioninclusion.bj,unioninclusion.bj,PME (10-50),B2C,Facebook Pages,,Actif,2026-06-29T00:22:54.989722,haute
BJ-BA5B5682,Développement Porto-Novo,ONG & Associations,Porto-Novo,+229 42 67 20 39,,,TPE (<10),B2B,Facebook Pages,,Actif,2026-06-29T00:22:54.989733,basse
BJ-FEF9E8B1,Organisation Inclusion Organisation Parakou,ONG & Associations,Parakou,+229 22 78 10 64,,,Grande (>200),B2B,Facebook Pages,,Actif,2026-06-29T00:22:54.989750,basse
BJ-370FBDA0,Ligue Publication,ONG & Associations,Parakou,+229 81 81 72 23,liguepublication@yahoo.fr,liguepublication.bj,PME (50-200),B2C,Facebook Pages,,Actif,2026-06-29T00:22:54.989776,haute
BJ-42BA7008,Développement,ONG & Associations,Parakou,+229 33 85 38 70,développement@développement.com.bj,,PME (10-50),B2B,Facebook Pages,,Actif,2026-06-29T00:22:54.989805,moyenne
BJ-25B404C6,Association Diversité Parakou,ONG & Associations,Parakou,+229 95 34 62 66,associationdiversité@associationdive.bj,,PME (50-200),B2B,Facebook Pages,,Actif,2026-06-29T00:22:54.989870,moyenne
BJ-ECBD5F7E,Droits,ONG & Associations,Parakou,+229 21 39 34 79,,,TPE (<10),B2C,Facebook Pages,,Actif,2026-06-29T00:22:54.989905,basse
BJ-77D2BE00,Suivi Bohicon,ONG & Associations,Bohicon,+229 63 10 84 37,suivi.bohicon@suivibohicon.org.bj,suivibohicon.bj,PME (10-50),B2C,Facebook Pages,,Actif,2026-06-29T00:22:54.989956,haute
BJ-103B48F6,Fondation Humanitaire,ONG & Associations,Bohicon,+229 76 84 62 34,,,PME (10-50),B2C,Facebook Pages,,Actif,2026-06-29T00:22:54.989970,basse
BJ-89092A68,Société Équité International,ONG & Associations,Bohicon,+229 69 99 74 71,,sociétééquitéinternational.bj,TPE (<10),B2C,Facebook Pages,,Actif,2026-06-29T00:22:54.989988,moyenne
BJ-EDDBD58C,Volontariat Alliance,ONG & Associations,Bohicon,+229 48 32 60 73,v.alliance@gmail.com,volontariatalliance.bj,TPE (<10),B2B,Facebook Pages,,Actif,2026-06-29T00:22:54.990005,haute
BJ-562EF7F5,Partenariat,ONG & Associations,Natitingou,+229 55 57 10 36,,,Grande (>200),B2B,Facebook Pages,,Actif,2026-06-29T00:22:54.990038,basse
BJ-08B5632A,Philanthropie Alliance,ONG & Associations,Natitingou,+229 43 28 71 67,p.alliance@hotmail.com,philanthropiealliance.bj,PME (10-50),B2C,Facebook Pages,,Actif,2026-06-29T00:22:54.990064,haute
BJ-549121C0,Étude ONG,ONG & Associations,Natitingou,+229 98 36 38 76,,étudeong.bj,TPE (<10),B2B,Facebook Pages,,Actif,2026-06-29T00:22:54.990077,moyenne
BJ-0E10290E,Union Sensibilisation,ONG & Associations,Natitingou,+229 81 18 77 96,unionsensibilisation@yahoo.fr,,Grande (>200),B2B,Facebook Pages,,Actif,2026-06-29T00:22:54.990091,moyenne
BJ-67E6639B,Fédération Suivi,ONG & Associations,Lokossa,+229 54 11 75 36,,,PME (50-200),B2C,Facebook Pages,,Actif,2026-06-29T00:22:54.990109,basse
BJ-43459EF0,Union Monitoring International,ONG & Associations,Lokossa,+229 56 12 37 98,union.monitoring@gmail.com,unionmonitoringinternational.bj,PME (50-200),B2C,Facebook Pages,,Actif,2026-06-29T00:22:54.990125,haute
BJ-645E04DD,Microfinance,ONG & Associations,Lokossa,+229 32 23 45 59,microfinance@microfinance.bj,microfinance.bj,PME (50-200),B2C,Facebook Pages,,Actif,2026-06-29T00:22:54.990142,haute
BJ-E0D1A461,Fondation Volontariat ONG,ONG & Associations,Lokossa,+229 24 55 71 68,f.volontariat@yahoo.com,,TPE (<10),B2C,Facebook Pages,,Actif,2026-06-29T00:22:54.990157,moyenne
BJ-C7739211,Suivi Bénin,ONG & Associations,Lokossa,+229 76 97 83 30,suivibénin@suivibénin.bj,suivibénin.bj,TPE (<10),B2B,Facebook Pages,,Actif,2026-06-29T00:22:54.990174,haute
BJ-F842FDB7,Association Diversité,ONG & Associations,Ouidah,+229 37 67 93 36,a.diversité@associationdive.org.bj,,Grande (>200),B2B,Facebook Pages,,Actif,2026-06-29T00:22:54.990197,moyenne
BJ-7C5714E0,Société Philanthropie,ONG & Associations,Ouidah,+229 51 53 63 44,société.philanthropie@yahoo.fr,sociétéphilanthropie.bj,Grande (>200),B2B,Facebook Pages,,Actif,2026-06-29T00:22:54.990214,haute
BJ-B9ABBDC5,Emploi Network,ONG & Associations,Ouidah,+229 93 11 33 53,,,PME (10-50),B2C,Facebook Pages,,Actif,2026-06-29T00:22:54.990229,basse
BJ-27748C1E,Formation Association,ONG & Associations,Ouidah,+229 24 86 49 52,formationassociation@formationassoci.bj,formationassociation.bj,PME (10-50),B2C,Facebook Pages,,Actif,2026-06-29T00:22:54.990245,haute
BJ-E752A39D,Association Démocratie Alliance,ONG & Associations,Ouidah,+229 36 26 45 59,,,TPE (<10),B2C,Facebook Pages,,Actif,2026-06-29T00:22:54.990256,basse
BJ-09A59595,Société Aide Network,ONG & Associations,Savalou,+229 80 11 90 77,sociétéaide@sociétéaidenetw.com.bj,,PME (50-200),B2C,Facebook Pages,,Actif,2026-06-29T00:22:54.990280,moyenne
BJ-D6C1ED0A,Protection Africa,ONG & Associations,Savalou,+229 98 51 46 61,,protectionafrica.bj,TPE (<10),B2B,Facebook Pages,,Actif,2026-06-29T00:22:54.990293,moyenne
BJ-B492A82B,Intégration Fondation,ONG & Associations,Savalou,+229 46 19 48 53,intégration.fondation@intégrationfond.com.bj,intégrationfondation.bj,TPE (<10),B2B,Facebook Pages,,Actif,2026-06-29T00:22:54.990317,haute
BJ-D1C9C5DB,Diffusion International,ONG & Associations,Savalou,+229 59 95 33 27,diffusion.international@yahoo.com,diffusioninternational.bj,PME (10-50),B2B,Facebook Pages,,Actif,2026-06-29T00:22:54.990333,haute
BJ-EB2B5731,Volontariat International,ONG & Associations,Savalou,+229 31 18 53 48,v.international@hotmail.com,volontariatinternational.bj,TPE (<10),B2C,Facebook Pages,,Actif,2026-06-29T00:22:54.990347,haute
BJ-F785C6EC,Sport Network,ONG & Associations,Dassa-Zoumè,+229 40 42 18 43,sport_network@outlook.com,sportnetwork.bj,TPE (<10),B2B,Facebook Pages,,Actif,2026-06-29T00:22:54.990370,haute
BJ-11B9E097,Entrepreneuriat International,ONG & Associations,Dassa-Zoumè,+229 50 44 11 25,entrepreneuriat.international@outlook.com,entrepreneuriatinternational.bj,PME (10-50),B2C,Facebook Pages,,Actif,2026-06-29T00:22:54.990386,haute
BJ-8E19BD44,Union Philanthropie Dassa-Zoumè,ONG & Associations,Dassa-Zoumè,+229 97 15 41 55,union.philanthropie@unionphilanthro.bj,unionphilanthropiedassazoumè.bj,PME (10-50),B2B,Facebook Pages,,Actif,2026-06-29T00:22:54.990404,haute
BJ-D0BB2614,Fondation Citoyenneté,ONG & Associations,Dassa-Zoumè,+229 80 75 45 70,,,PME (10-50),B2C,Facebook Pages,,Actif,2026-06-29T00:22:54.990415,basse
BJ-1A069AE9,Union Diffusion Association Dassa-Zoumè,ONG & Associations,Dassa-Zoumè,+229 30 99 46 98,uniondiffusion@outlook.com,,PME (10-50),B2C,Facebook Pages,,Actif,2026-06-29T00:22:54.990431,moyenne
BJ-F313DE21,Fondation Social,ONG & Associations,Kétou,+229 70 99 53 39,fondationsocial@gmail.com,fondationsocial.bj,PME (50-200),B2C,Facebook Pages,,Actif,2026-06-29T00:22:54.990454,haute
BJ-AC08F4FB,Droits International,ONG & Associations,Kétou,+229 41 65 45 43,d.international@droitsinternati.bj,,PME (50-200),B2C,Facebook Pages,,Actif,2026-06-29T00:22:54.990469,moyenne
BJ-7C0F018D,Fondation Développement,ONG & Associations,Kétou,+229 75 14 54 82,fondation.développement@hotmail.com,fondationdéveloppement.bj,TPE (<10),B2B,Facebook Pages,,Actif,2026-06-29T00:22:54.990489,haute
BJ-BD6F95EF,Fondation Formation Organisation,ONG & Associations,Kétou,+229 78 60 46 86,fondation_formation@fondationformat.com.bj,,PME (50-200),B2C,Facebook Pages,,Actif,2026-06-29T00:22:54.990513,moyenne
BJ-DCE09B79,Société Éducation,ONG & Associations,Kétou,+229 73 83 38 42,société_éducation@sociétééducatio.bj,sociétééducation.bj,PME (10-50),B2C,Facebook Pages,,Actif,2026-06-29T00:22:54.990530,haute
BJ-3FB7EEE3,Société Démocratie International,ONG & Associations,Covè,+229 55 68 42 28,société.démocratie@sociétédémocrat.com.bj,sociétédémocratieinternational.bj,TPE (<10),B2B,Facebook Pages,,Actif,2026-06-29T00:22:54.990555,haute
BJ-BD14C616,Entrepreneuriat Network,ONG & Associations,Covè,+229 96 63 95 89,entrepreneuriat_network@entrepreneuriat.bj,,Grande (>200),B2C,Facebook Pages,,Actif,2026-06-29T00:22:54.990571,moyenne
BJ-26B116EE,Union Social,ONG & Associations,Covè,+229 92 33 91 89,u.social@unionsocial.bj,,TPE (<10),B2C,Facebook Pages,,Actif,2026-06-29T00:22:54.990608,moyenne
BJ-F95E234D,Monitoring,ONG & Associations,Covè,+229 38 92 91 49,monitoring@monitoring.bj,,PME (50-200),B2B,Facebook Pages,,Actif,2026-06-29T00:22:54.990621,moyenne
BJ-D14A0648,Fondation Emploi Africa Pobè,ONG & Associations,Pobè,+229 85 45 74 86,fondation.emploi@gmail.com,fondationemploiafricapobè.bj,TPE (<10),B2C,Facebook Pages,,Actif,2026-06-29T00:22:54.990678,haute
BJ-CB1140F3,Fondation Culture Bénin,ONG & Associations,Pobè,+229 53 90 74 17,fondationculture@fondationcultur.bj,fondationculturebénin.bj,PME (10-50),B2B,Facebook Pages,,Actif,2026-06-29T00:22:54.990695,haute
BJ-1BE98850,Syndicat Paix International,ONG & Associations,Pobè,+229 41 33 42 95,,,TPE (<10),B2C,Facebook Pages,,Actif,2026-06-29T00:22:54.990707,basse
BJ-CA93FA2E,ONG Culture Coalition,ONG & Associations,Sakété,+229 73 17 62 28,o.culture@ongculturecoali.com.bj,,PME (50-200),B2B,Facebook Pages,,Actif,2026-06-29T00:22:54.990730,moyenne
BJ-DA2D527F,Diversité Africa,ONG & Associations,Sakété,+229 29 40 95 35,d.africa@yahoo.fr,,Grande (>200),B2B,Facebook Pages,,Actif,2026-06-29T00:22:54.990762,moyenne
BJ-DB4AB056,Organisation Coopération,ONG & Associations,Sakété,+229 81 86 13 64,,,TPE (<10),B2B,Facebook Pages,,Actif,2026-06-29T00:22:54.990774,basse
BJ-48337DB9,Club Évaluation,ONG & Associations,Sakété,+229 81 62 79 18,clubévaluation@clubévaluation.bj,,PME (10-50),B2C,Facebook Pages,,Actif,2026-06-29T00:22:54.990790,moyenne
BJ-3FE81B93,Fondation Recherche Adjara,ONG & Associations,Adjara,+229 86 93 68 55,,fondationrechercheadjara.bj,Grande (>200),B2B,Facebook Pages,,Actif,2026-06-29T00:22:54.990809,moyenne
BJ-19083944,Aide,ONG & Associations,Adjara,+229 46 88 12 46,aide@aide.com.bj,aide.bj,PME (50-200),B2B,Facebook Pages,,Actif,2026-06-29T00:22:54.990841,haute
BJ-50F0FE75,Analyse ONG,ONG & Associations,Adjara,+229 79 89 58 49,a.ong@yahoo.com,,PME (10-50),B2B,Facebook Pages,,Actif,2026-06-29T00:22:54.990857,moyenne
BJ-20371FE2,Intégration,ONG & Associations,Adjara,+229 98 76 44 77,,intégration.bj,TPE (<10),B2B,Facebook Pages,,Actif,2026-06-29T00:22:54.990870,moyenne
BJ-86885D5D,Union Enfant Allada,ONG & Associations,Allada,+229 83 38 32 90,union_enfant@yahoo.fr,unionenfantallada.bj,TPE (<10),B2C,Facebook Pages,,Actif,2026-06-29T00:22:54.990921,haute
BJ-83C3D423,Association Formation Coalition,ONG & Associations,Allada,+229 27 35 93 63,associationformation@associationform.com.bj,,TPE (<10),B2C,Facebook Pages,,Actif,2026-06-29T00:22:54.990937,moyenne
BJ-2EE8DE67,Partenariat Allada,ONG & Associations,Allada,+229 21 93 51 93,p.allada@partenariatalla.com.bj,,PME (50-200),B2B,Facebook Pages,,Actif,2026-06-29T00:22:54.990952,moyenne
BJ-9D9007FC,Ligue Insertion,ONG & Associations,Allada,+229 98 85 59 31,ligue.insertion@yahoo.com,ligueinsertion.bj,PME (10-50),B2B,Facebook Pages,,Actif,2026-06-29T00:22:54.990967,haute
BJ-7ED28F83,Ligue Analyse Fondation,ONG & Associations,Aplahoué,+229 97 81 98 68,ligue.analyse@ligueanalysefon.com.bj,,TPE (<10),B2B,Facebook Pages,,Actif,2026-06-29T00:22:54.990990,moyenne
BJ-62735478,Aide Association,ONG & Associations,Aplahoué,+229 22 52 20 98,aide.association@aideassociation.com.bj,,PME (50-200),B2C,Facebook Pages,,Actif,2026-06-29T00:22:54.991005,moyenne
BJ-0CD6746F,Sport Network,ONG & Associations,Aplahoué,+229 32 80 97 77,sport.network@yahoo.com,sportnetwork.bj,PME (10-50),B2C,Facebook Pages,,Actif,2026-06-29T00:22:54.991023,haute
BJ-2F069F0C,Fondation Analyse Bénin,ONG & Associations,Aplahoué,+229 20 57 67 27,fondationanalyse@fondationanalys.org.bj,fondationanalysebénin.bj,TPE (<10),B2C,Facebook Pages,,Actif,2026-06-29T00:22:54.991044,haute
BJ-8ABD1CE9,Prévention Coalition,ONG & Associations,Aplahoué,+229 57 81 72 53,,,PME (50-200),B2B,Facebook Pages,,Actif,2026-06-29T00:22:54.991056,basse
BJ-8A81DB85,Équité Organisation,ONG & Associations,Dogbo-Tota,+229 67 47 12 24,équitéorganisation@équitéorganisat.org.bj,équitéorganisation.bj,TPE (<10),B2C,Facebook Pages,,Actif,2026-06-29T00:22:54.991083,haute
BJ-2B3CE532,Capitalisation Dogbo-Tota,ONG & Associations,Dogbo-Tota,+229 40 18 44 54,,capitalisationdogbotota.bj,TPE (<10),B2B,Facebook Pages,,Actif,2026-06-29T00:22:54.991097,moyenne
BJ-4B6C166A,Ligue Coopération Association,ONG & Associations,Dogbo-Tota,+229 34 74 97 28,l.coopération@hotmail.com,,PME (10-50),B2C,Facebook Pages,,Actif,2026-06-29T00:22:54.991118,moyenne
BJ-17BF35CB,Syndicat Advocacy,ONG & Associations,Dogbo-Tota,+229 36 72 39 70,syndicatadvocacy@syndicatadvocac.org.bj,,Grande (>200),B2B,Facebook Pages,,Actif,2026-06-29T00:22:54.991135,moyenne
BJ-6DF3D2A7,Charité Network,ONG & Associations,Dogbo-Tota,+229 93 38 52 40,,chariténetwork.bj,TPE (<10),B2B,Facebook Pages,,Actif,2026-06-29T00:22:54.991147,moyenne
BJ-92908B10,Syndicat Assistance,ONG & Associations,Kpomassè,+229 80 69 26 75,s.assistance@syndicatassista.com.bj,syndicatassistance.bj,PME (10-50),B2C,Facebook Pages,,Actif,2026-06-29T00:22:54.991169,haute
BJ-53F72A4B,Suivi,ONG & Associations,Kpomassè,+229 43 73 34 56,suivi@suivi.org.bj,suivi.bj,PME (10-50),B2B,Facebook Pages,,Actif,2026-06-29T00:22:54.991183,haute
BJ-54AC6FE5,Ligue Protection Alliance,ONG & Associations,Kpomassè,+229 84 75 93 64,,ligueprotectionalliance.bj,Grande (>200),B2B,Facebook Pages,,Actif,2026-06-29T00:22:54.991197,moyenne
BJ-950B2BD4,Accompagnement,ONG & Associations,Kpomassè,+229 81 52 37 65,accompagnement@hotmail.com,,TPE (<10),B2C,Facebook Pages,,Actif,2026-06-29T00:22:54.991211,moyenne
BJ-AF7C9938,Club Solidarité,ONG & Associations,Kpomassè,+229 46 11 13 68,,,PME (50-200),B2C,Facebook Pages,,Actif,2026-06-29T00:22:54.991222,basse
BJ-5A141FE4,Protection,ONG & Associations,Tori-Bossito,+229 30 30 49 94,,,TPE (<10),B2C,Facebook Pages,,Actif,2026-06-29T00:22:54.991239,basse
BJ-CA94CFF5,Ligue Femme Bénin,ONG & Associations,Tori-Bossito,+229 59 33 33 62,ligue_femme@liguefemmebénin.bj,,TPE (<10),B2C,Facebook Pages,,Actif,2026-06-29T00:22:54.991256,moyenne
BJ-C163CA5D,Organisation Recherche,ONG & Associations,Tori-Bossito,+229 24 48 38 83,o.recherche@hotmail.com,,PME (10-50),B2C,Facebook Pages,,Actif,2026-06-29T00:22:54.991270,moyenne
BJ-9B64BEBA,Organisation Jeunesse,ONG & Associations,Tori-Bossito,+229 62 79 49 88,organisationjeunesse@organisationjeu.bj,organisationjeunesse.bj,TPE (<10),B2B,Facebook Pages,,Actif,2026-06-29T00:22:54.991285,haute
BJ-AAC273CC,Union Coopération,ONG & Associations,Tori-Bossito,+229 90 86 67 41,unioncoopération@yahoo.fr,,PME (10-50),B2B,Facebook Pages,,Actif,2026-06-29T00:22:54.991300,moyenne
BJ-9EA49EFA,Organisation Protection,ONG & Associations,Grand-Popo,+229 22 40 37 25,o.protection@organisationpro.org.bj,organisationprotection.bj,PME (10-50),B2C,Facebook Pages,,Actif,2026-06-29T00:22:54.991379,haute
BJ-01D24107,Fédération Monitoring,ONG & Associations,Grand-Popo,+229 21 51 90 40,fédérationmonitoring@yahoo.fr,,PME (10-50),B2B,Facebook Pages,,Actif,2026-06-29T00:22:54.991419,moyenne
BJ-1FB96838,Advocacy,ONG & Associations,Grand-Popo,+229 45 38 49 27,,,PME (50-200),B2B,Facebook Pages,,Actif,2026-06-29T00:22:54.991449,basse
BJ-70D02E0D,Syndicat Publication Bénin,ONG & Associations,Grand-Popo,+229 42 76 42 93,syndicat.publication@syndicatpublica.bj,syndicatpublicationbénin.bj,PME (10-50),B2B,Facebook Pages,,Actif,2026-06-29T00:22:54.991483,haute
BJ-78866C76,Club Sport,ONG & Associations,Athiémé,+229 23 87 46 68,clubsport@clubsport.com.bj,clubsport.bj,TPE (<10),B2C,Facebook Pages,,Actif,2026-06-29T00:22:54.991528,haute
BJ-6BF95D40,ONG Emploi Athiémé,ONG & Associations,Athiémé,+229 92 11 79 25,o.emploi@hotmail.com,,PME (10-50),B2B,Facebook Pages,,Actif,2026-06-29T00:22:54.991549,moyenne
BJ-BA77B824,Union Sensibilisation,ONG & Associations,Athiémé,+229 49 67 22 17,unionsensibilisation@unionsensibilis.com.bj,,PME (10-50),B2C,Facebook Pages,,Actif,2026-06-29T00:22:54.991566,moyenne
BJ-1C3E298E,Évaluation,ONG & Associations,Athiémé,+229 86 63 82 73,évaluation@évaluation.org.bj,,PME (50-200),B2B,Facebook Pages,,Actif,2026-06-29T00:22:54.991581,moyenne
BJ-2040BBD5,Droits,ONG & Associations,Athiémé,+229 30 55 96 96,,droits.bj,TPE (<10),B2B,Facebook Pages,,Actif,2026-06-29T00:22:54.991593,moyenne
BJ-B1A068EE,Capitalisation Bénin Bopa,ONG & Associations,Bopa,+229 32 20 65 72,capitalisationbénin@outlook.com,,Grande (>200),B2B,Facebook Pages,,Actif,2026-06-29T00:22:54.991618,moyenne
BJ-04C939FD,Ligue Jeunesse,ONG & Associations,Bopa,+229 21 64 74 60,ligue.jeunesse@liguejeunesse.bj,liguejeunesse.bj,PME (10-50),B2B,Facebook Pages,,Actif,2026-06-29T00:22:54.991635,haute
BJ-437954B6,Syndicat Démocratie Fondation Bopa,ONG & Associations,Bopa,+229 79 75 61 64,syndicat.démocratie@outlook.com,syndicatdémocratiefondationbopa.bj,Grande (>200),B2B,Facebook Pages,,Actif,2026-06-29T00:22:54.991658,haute
BJ-01747CD8,Sensibilisation,ONG & Associations,Bopa,+229 50 35 19 94,sensibilisation@sensibilisation.bj,,PME (10-50),B2B,Facebook Pages,,Actif,2026-06-29T00:22:54.991673,moyenne
BJ-B46B312F,Syndicat Développement Africa,ONG & Associations,Bopa,+229 41 79 99 96,syndicat.développement@syndicatdévelop.com.bj,syndicatdéveloppementafrica.bj,PME (50-200),B2B,Facebook Pages,,Actif,2026-06-29T00:22:54.991694,haute
BJ-AF33065E,Syndicat Emploi,ONG & Associations,Houéyogbé,+229 53 40 73 73,syndicatemploi@syndicatemploi.com.bj,syndicatemploi.bj,TPE (<10),B2C,Facebook Pages,,Actif,2026-06-29T00:22:54.991717,haute
BJ-FD611750,ONG Formation ONG Houéyogbé,ONG & Associations,Houéyogbé,+229 55 10 11 60,,ongformationonghouéyogbé.bj,TPE (<10),B2B,Facebook Pages,,Actif,2026-06-29T00:22:54.991731,moyenne
BJ-68E0B9D4,Fondation Évaluation,ONG & Associations,Houéyogbé,+229 68 40 60 21,fondation.évaluation@hotmail.com,fondationévaluation.bj,TPE (<10),B2C,Facebook Pages,,Actif,2026-06-29T00:22:54.991747,haute
BJ-D2264C17,Association Jeunesse International,ONG & Associations,Houéyogbé,+229 22 52 29 17,associationjeunesse@yahoo.fr,,PME (10-50),B2C,Facebook Pages,,Actif,2026-06-29T00:22:54.991780,moyenne
BJ-AF81D436,Justice ONG,ONG & Associations,Malanville,+229 51 32 40 35,,justiceong.bj,TPE (<10),B2C,Facebook Pages,,Actif,2026-06-29T00:22:54.991800,moyenne
BJ-E656AEBD,Assistance,ONG & Associations,Malanville,+229 36 65 47 90,assistance@outlook.com,,TPE (<10),B2B,Facebook Pages,,Actif,2026-06-29T00:22:54.991813,moyenne
BJ-D6C5218A,Solidarité Coalition,ONG & Associations,Malanville,+229 77 57 93 55,,solidaritécoalition.bj,PME (10-50),B2B,Facebook Pages,,Actif,2026-06-29T00:22:54.991841,moyenne
BJ-EF0CB711,ONG Évaluation Africa Malanville,ONG & Associations,Malanville,+229 66 19 97 48,,,PME (50-200),B2C,Facebook Pages,,Actif,2026-06-29T00:22:54.991853,basse
BJ-7D6D4CAD,Union Charité,ONG & Associations,Malanville,+229 83 81 71 81,,,PME (50-200),B2C,Facebook Pages,,Actif,2026-06-29T00:22:54.991864,basse
BJ-C860F473,Démocratie Coalition,ONG & Associations,Kandi,+229 84 53 55 63,démocratie.coalition@démocratiecoali.org.bj,démocratiecoalition.bj,Grande (>200),B2B,Facebook Pages,,Actif,2026-06-29T00:22:54.991887,haute
BJ-0D0E680E,Association Jeunesse,ONG & Associations,Kandi,+229 47 22 69 33,a.jeunesse@associationjeun.bj,associationjeunesse.bj,TPE (<10),B2C,Facebook Pages,,Actif,2026-06-29T00:22:54.991942,haute
BJ-99CE90E5,Organisation Protection,ONG & Associations,Kandi,+229 55 70 14 14,organisationprotection@organisationpro.com.bj,organisationprotection.bj,PME (10-50),B2C,Facebook Pages,,Actif,2026-06-29T00:22:54.991958,haute
BJ-05186A88,Publication,ONG & Associations,Kandi,+229 50 24 53 23,publication@yahoo.com,publication.bj,PME (10-50),B2B,Facebook Pages,,Actif,2026-06-29T00:22:54.991972,haute
BJ-E68F689D,Droits,ONG & Associations,Kandi,+229 89 51 15 23,droits@yahoo.fr,,PME (10-50),B2C,Facebook Pages,,Actif,2026-06-29T00:22:54.991984,moyenne
BJ-A6BEC142,Monitoring Alliance,ONG & Associations,Banikoara,+229 93 12 61 54,m.alliance@monitoringallia.org.bj,monitoringalliance.bj,TPE (<10),B2C,Facebook Pages,,Actif,2026-06-29T00:22:54.992025,haute
BJ-FBC20F9A,Club Emploi International,ONG & Associations,Banikoara,+229 54 25 64 58,c.emploi@clubemploiinter.org.bj,clubemploiinternational.bj,PME (50-200),B2B,Facebook Pages,,Actif,2026-06-29T00:22:54.992063,haute
BJ-35265635,Suivi,ONG & Associations,Banikoara,+229 63 76 75 13,suivi@yahoo.com,suivi.bj,PME (10-50),B2C,Facebook Pages,,Actif,2026-06-29T00:22:54.992100,haute
BJ-5EB6C9F6,Philanthropie,ONG & Associations,Banikoara,+229 64 89 94 26,,philanthropie.bj,PME (50-200),B2C,Facebook Pages,,Actif,2026-06-29T00:22:54.992129,moyenne
BJ-4DC89565,Association Aide Network,ONG & Associations,Banikoara,+229 79 64 34 17,associationaide@associationaide.com.bj,associationaidenetwork.bj,PME (10-50),B2B,Facebook Pages,,Actif,2026-06-29T00:22:54.992169,haute
BJ-F300275F,Club Inclusion,ONG & Associations,Ségbana,+229 35 98 82 65,,,Grande (>200),B2B,Facebook Pages,,Actif,2026-06-29T00:22:54.992212,basse
BJ-BF1AC0D2,Évaluation,ONG & Associations,Ségbana,+229 70 42 81 69,évaluation@outlook.com,évaluation.bj,PME (50-200),B2C,Facebook Pages,,Actif,2026-06-29T00:22:54.992244,haute
BJ-D4BA27F0,Syndicat Aide ONG,ONG & Associations,Ségbana,+229 40 31 79 73,syndicataide@hotmail.com,,TPE (<10),B2C,Facebook Pages,,Actif,2026-06-29T00:22:54.992317,moyenne
BJ-803DE073,Justice,ONG & Associations,Ségbana,+229 66 88 61 22,justice@justice.com.bj,justice.bj,Grande (>200),B2B,Facebook Pages,,Actif,2026-06-29T00:22:54.992348,haute
BJ-016F6215,Fédération Inclusion,ONG & Associations,Karimama,+229 48 84 97 78,,fédérationinclusion.bj,PME (10-50),B2C,Facebook Pages,,Actif,2026-06-29T00:22:54.992403,moyenne
BJ-958D85E3,Charité Association,ONG & Associations,Karimama,+229 94 76 63 28,,charitéassociation.bj,Grande (>200),B2C,Facebook Pages,,Actif,2026-06-29T00:22:54.992457,moyenne
BJ-1A09CD2E,Ligue Solidarité,ONG & Associations,Karimama,+229 79 46 96 61,,,TPE (<10),B2C,Facebook Pages,,Actif,2026-06-29T00:22:54.992485,basse
BJ-E33559A6,Équité Karimama,ONG & Associations,Karimama,+229 57 53 84 60,équité.karimama@équitékarimama.com.bj,équitékarimama.bj,Grande (>200),B2C,Facebook Pages,,Actif,2026-06-29T00:22:54.992509,haute
BJ-8C92CD57,Paix Karimama,ONG & Associations,Karimama,+229 29 90 56 96,paixkarimama@outlook.com,,TPE (<10),B2C,Facebook Pages,,Actif,2026-06-29T00:22:54.992527,moyenne
BJ-B5584681,Prévention,ONG & Associations,Gogounou,+229 27 44 15 24,,,PME (50-200),B2B,Facebook Pages,,Actif,2026-06-29T00:22:54.992551,basse
BJ-3DA999D1,Syndicat Microfinance,ONG & Associations,Gogounou,+229 89 55 52 47,syndicat_microfinance@syndicatmicrofi.bj,syndicatmicrofinance.bj,TPE (<10),B2B,Facebook Pages,,Actif,2026-06-29T00:22:54.992568,haute
BJ-8ED11B7E,Équité,ONG & Associations,Gogounou,+229 73 99 90 34,équité@équité.bj,équité.bj,TPE (<10),B2C,Facebook Pages,,Actif,2026-06-29T00:22:54.992584,haute
BJ-E63718D3,Social Coalition,ONG & Associations,Gogounou,+229 39 54 17 83,social.coalition@socialcoalition.com.bj,,PME (10-50),B2B,Facebook Pages,,Actif,2026-06-29T00:22:54.992600,moyenne
BJ-A7C515D5,Charité ONG,ONG & Associations,Gogounou,+229 36 60 87 10,charitéong@outlook.com,charitéong.bj,TPE (<10),B2B,Facebook Pages,,Actif,2026-06-29T00:22:54.992617,haute
BJ-DCEA94C5,Société Échange International,ONG & Associations,Cobly,+229 92 63 61 96,société.échange@gmail.com,sociétééchangeinternational.bj,PME (10-50),B2C,Facebook Pages,,Actif,2026-06-29T00:22:54.992644,haute
BJ-E062682D,Union Assistance,ONG & Associations,Cobly,+229 41 18 90 64,union.assistance@yahoo.com,unionassistance.bj,TPE (<10),B2B,Facebook Pages,,Actif,2026-06-29T00:22:54.992664,haute
BJ-1D23C494,Club Solidarité,ONG & Associations,Cobly,+229 94 35 15 63,,,Grande (>200),B2B,Facebook Pages,,Actif,2026-06-29T00:22:54.992680,basse
BJ-81FC32AF,Fédération Évaluation Bénin,ONG & Associations,Cobly,+229 25 41 98 91,fédérationévaluation@fédérationévalu.org.bj,,TPE (<10),B2B,Facebook Pages,,Actif,2026-06-29T00:22:54.992700,moyenne
BJ-8DC51AC8,Club Entrepreneuriat Bénin,ONG & Associations,Cobly,+229 56 91 83 14,clubentrepreneuriat@clubentrepreneu.com.bj,clubentrepreneuriatbénin.bj,TPE (<10),B2B,Facebook Pages,,Actif,2026-06-29T00:22:54.992721,haute
BJ-8D9AB5E4,Évaluation Africa,ONG & Associations,Tanguiéta,+229 65 18 77 87,évaluation.africa@yahoo.com,,PME (10-50),B2C,Facebook Pages,,Actif,2026-06-29T00:22:54.992769,moyenne
BJ-DF715039,Plaidoyer,ONG & Associations,Tanguiéta,+229 55 19 93 12,plaidoyer@outlook.com,,PME (10-50),B2B,Facebook Pages,,Actif,2026-06-29T00:22:54.992808,moyenne
BJ-A596D2F1,Fédération Advocacy,ONG & Associations,Tanguiéta,+229 33 33 72 38,fédérationadvocacy@yahoo.com,fédérationadvocacy.bj,TPE (<10),B2C,Facebook Pages,,Actif,2026-06-29T00:22:54.992845,haute
BJ-1ADD0562,Diffusion Fondation,ONG & Associations,Tanguiéta,+229 85 68 51 17,d.fondation@diffusionfondat.org.bj,,TPE (<10),B2C,Facebook Pages,,Actif,2026-06-29T00:22:54.992878,moyenne
BJ-B733BE96,Fondation Charité Network,ONG & Associations,Tanguiéta,+229 20 53 75 64,fondationcharité@yahoo.com,,TPE (<10),B2C,Facebook Pages,,Actif,2026-06-29T00:22:54.992927,moyenne
BJ-6018A8DB,Prévention,ONG & Associations,Matéri,+229 76 28 76 23,,,TPE (<10),B2C,Facebook Pages,,Actif,2026-06-29T00:22:54.992965,basse
BJ-77DD20E4,Prévention ONG Matéri,ONG & Associations,Matéri,+229 82 28 77 40,prévention.ong@gmail.com,préventionongmatéri.bj,TPE (<10),B2B,Facebook Pages,,Actif,2026-06-29T00:22:54.993006,haute
BJ-2648AC7C,Fondation Justice,ONG & Associations,Matéri,+229 34 55 39 71,fondation.justice@fondationjustic.org.bj,,TPE (<10),B2C,Facebook Pages,,Actif,2026-06-29T00:22:54.993044,moyenne
BJ-0F33417E,ONG Recherche,ONG & Associations,Matéri,+229 57 22 72 44,,ongrecherche.bj,PME (50-200),B2C,Facebook Pages,,Actif,2026-06-29T00:22:54.993072,moyenne
BJ-9B1E6074,Sensibilisation,ONG & Associations,Matéri,+229 81 74 74 41,,sensibilisation.bj,Grande (>200),B2C,Facebook Pages,,Actif,2026-06-29T00:22:54.993098,moyenne
BJ-E0C2C41D,Club Plaidoyer International,ONG & Associations,Natitingou,+229 50 79 66 64,clubplaidoyer@hotmail.com,clubplaidoyerinternational.bj,PME (10-50),B2B,Facebook Pages,,Actif,2026-06-29T00:22:54.993146,haute
BJ-BF119751,Société Échange,ONG & Associations,Natitingou,+229 27 19 70 65,,,PME (50-200),B2C,Facebook Pages,,Actif,2026-06-29T00:22:54.993175,basse
BJ-881D1011,Équité Coalition,ONG & Associations,Natitingou,+229 79 24 89 20,équité_coalition@équitécoalition.com.bj,,TPE (<10),B2B,Facebook Pages,,Actif,2026-06-29T00:22:54.993213,moyenne
BJ-63F66029,Syndicat Bénévolat Coalition,ONG & Associations,Natitingou,+229 88 10 25 15,,syndicatbénévolatcoalition.bj,PME (10-50),B2B,Facebook Pages,,Actif,2026-06-29T00:22:54.993238,moyenne
BJ-3C3036BC,Association Humanitaire Network Natitingou,ONG & Associations,Natitingou,+229 68 57 20 20,,associationhumanitairenetworknatitingou.bj,PME (50-200),B2B,Facebook Pages,,Actif,2026-06-29T00:22:54.993283,moyenne
BJ-8CB24514,Partenariat Network,ONG & Associations,Toucountouna,+229 87 59 34 18,partenariat.network@partenariatnetw.org.bj,partenariatnetwork.bj,TPE (<10),B2B,Facebook Pages,,Actif,2026-06-29T00:22:54.993331,haute
BJ-6E432743,Citoyenneté,ONG & Associations,Toucountouna,+229 40 47 56 56,citoyenneté@citoyenneté.com.bj,,TPE (<10),B2C,Facebook Pages,,Actif,2026-06-29T00:22:54.993356,moyenne
BJ-466760C2,Étude International,ONG & Associations,Toucountouna,+229 52 42 16 87,,étudeinternational.bj,PME (10-50),B2C,Facebook Pages,,Actif,2026-06-29T00:22:54.993382,moyenne
BJ-78EB70BD,Ligue Coopération Organisation,ONG & Associations,Toucountouna,+229 64 84 72 32,liguecoopération@liguecoopératio.com.bj,liguecoopérationorganisation.bj,PME (10-50),B2C,Facebook Pages,,Actif,2026-06-29T00:22:54.993418,haute
BJ-4BB227CF,Fédération Advocacy Organisation Boukoumbé,ONG & Associations,Boukoumbé,+229 87 20 77 29,fédération.advocacy@hotmail.com,fédérationadvocacyorganisationboukoumbé.bj,TPE (<10),B2C,Facebook Pages,,Actif,2026-06-29T00:22:54.993494,haute
BJ-1B10E2F8,Bénévolat Coalition,ONG & Associations,Boukoumbé,+229 77 40 12 89,bénévolat.coalition@hotmail.com,,TPE (<10),B2C,Facebook Pages,,Actif,2026-06-29T00:22:54.993521,moyenne
BJ-84554E11,Société Éducation,ONG & Associations,Boukoumbé,+229 76 86 76 97,société_éducation@sociétééducatio.org.bj,,PME (10-50),B2B,Facebook Pages,,Actif,2026-06-29T00:22:54.993549,moyenne
BJ-C51D71BC,Microfinance,ONG & Associations,Boukoumbé,+229 76 34 72 14,,microfinance.bj,TPE (<10),B2B,Facebook Pages,,Actif,2026-06-29T00:22:54.993579,moyenne
BJ-7D480C54,Syndicat Bénévolat,ONG & Associations,Boukoumbé,+229 92 38 75 94,s.bénévolat@yahoo.fr,syndicatbénévolat.bj,TPE (<10),B2B,Facebook Pages,,Actif,2026-06-29T00:22:54.993609,haute
BJ-A05DDA18,Protection Africa,ONG & Associations,Kouandé,+229 68 28 57 62,protection.africa@gmail.com,protectionafrica.bj,PME (10-50),B2C,Facebook Pages,,Actif,2026-06-29T00:22:54.993697,haute
BJ-2E8075F0,ONG Développement,ONG & Associations,Kouandé,+229 22 63 82 39,,,TPE (<10),B2B,Facebook Pages,,Actif,2026-06-29T00:22:54.993735,basse
BJ-2CDBE9BD,Organisation Coopération Association,ONG & Associations,Kouandé,+229 62 55 66 84,organisationcoopération@gmail.com,organisationcoopérationassociation.bj,TPE (<10),B2C,Facebook Pages,,Actif,2026-06-29T00:22:54.993768,haute
BJ-EF23A739,Citoyenneté Network,ONG & Associations,Péhunco,+229 55 40 95 53,c.network@citoyenneténetw.org.bj,,TPE (<10),B2B,Facebook Pages,,Actif,2026-06-29T00:22:54.993861,moyenne
BJ-5ADB2F30,Société Aide Association,ONG & Associations,Péhunco,+229 76 22 86 86,s.aide@hotmail.com,sociétéaideassociation.bj,PME (10-50),B2C,Facebook Pages,,Actif,2026-06-29T00:22:54.993922,haute
BJ-CB930502,Suivi ONG,ONG & Associations,Péhunco,+229 22 79 57 36,suivi.ong@yahoo.com,suiviong.bj,TPE (<10),B2C,Facebook Pages,,Actif,2026-06-29T00:22:54.994012,haute
BJ-430764FA,Ligue Protection,ONG & Associations,Péhunco,+229 87 14 10 63,,,TPE (<10),B2C,Facebook Pages,,Actif,2026-06-29T00:22:54.994040,basse
BJ-0D13EBC6,Volontariat,ONG & Associations,Tchaourou,+229 28 71 53 63,volontariat@volontariat.bj,,TPE (<10),B2B,Facebook Pages,,Actif,2026-06-29T00:22:54.994088,moyenne
BJ-40A9A9A9,Société Aide Alliance Tchaourou,ONG & Associations,Tchaourou,+229 97 20 45 25,société.aide@sociétéaidealli.org.bj,sociétéaidealliancetchaourou.bj,TPE (<10),B2C,Facebook Pages,,Actif,2026-06-29T00:22:54.994142,haute
BJ-9375C76F,Fondation Protection Coalition,ONG & Associations,Tchaourou,+229 78 29 19 74,fondationprotection@fondationprotec.com.bj,,Grande (>200),B2C,Facebook Pages,,Actif,2026-06-29T00:22:54.994180,moyenne
BJ-E665027C,Emploi,ONG & Associations,Tchaourou,+229 77 87 46 47,emploi@emploi.org.bj,emploi.bj,TPE (<10),B2B,Facebook Pages,,Actif,2026-06-29T00:22:54.994212,haute
BJ-74768A45,Organisation Démocratie Coalition,ONG & Associations,Tchaourou,+229 44 58 68 51,,organisationdémocratiecoalition.bj,TPE (<10),B2B,Facebook Pages,,Actif,2026-06-29T00:22:54.994242,moyenne
BJ-D69E2FD3,Syndicat Santé Nikki,ONG & Associations,Nikki,+229 59 41 83 14,syndicat_santé@syndicatsanténi.com.bj,syndicatsanténikki.bj,PME (50-200),B2B,Facebook Pages,,Actif,2026-06-29T00:22:54.994289,haute
BJ-91DF80EF,Bénévolat,ONG & Associations,Nikki,+229 33 51 66 46,bénévolat@bénévolat.bj,,PME (50-200),B2C,Facebook Pages,,Actif,2026-06-29T00:22:54.994306,moyenne
BJ-F6060F18,Emploi Fondation,ONG & Associations,Nikki,+229 56 48 14 34,,emploifondation.bj,TPE (<10),B2C,Facebook Pages,,Actif,2026-06-29T00:22:54.994319,moyenne
BJ-227581B6,Ligue Bénévolat International,ONG & Associations,Nikki,+229 66 32 26 47,,liguebénévolatinternational.bj,TPE (<10),B2B,Facebook Pages,,Actif,2026-06-29T00:22:54.994332,moyenne
BJ-4AA502D2,Emploi,ONG & Associations,Nikki,+229 32 12 83 65,emploi@yahoo.com,emploi.bj,TPE (<10),B2C,Facebook Pages,,Actif,2026-06-29T00:22:54.994346,haute
BJ-00257B08,Advocacy Organisation,ONG & Associations,Bembéréké,+229 27 98 83 74,a.organisation@advocacyorganis.bj,,PME (10-50),B2B,Facebook Pages,,Actif,2026-06-29T00:22:54.994372,moyenne
BJ-7FADF8F9,Jeunesse,ONG & Associations,Bembéréké,+229 83 20 17 39,jeunesse@hotmail.com,,PME (10-50),B2B,Facebook Pages,,Actif,2026-06-29T00:22:54.994386,moyenne
BJ-ABF7136E,Santé Network Bembéréké,ONG & Associations,Bembéréké,+229 81 42 14 37,santé.network@santénetworkbem.org.bj,santénetworkbembéréké.bj,PME (10-50),B2B,Facebook Pages,,Actif,2026-06-29T00:22:54.994439,haute
BJ-72226761,Entrepreneuriat International,ONG & Associations,Bembéréké,+229 48 88 37 21,,entrepreneuriatinternational.bj,TPE (<10),B2B,Facebook Pages,,Actif,2026-06-29T00:22:54.994455,moyenne
BJ-9A05D12B,Société Développement Fondation,ONG & Associations,Kalalé,+229 56 45 25 93,,,PME (50-200),B2C,Facebook Pages,,Actif,2026-06-29T00:22:54.994476,basse
BJ-3C782EC2,Étude,ONG & Associations,Kalalé,+229 75 11 69 73,étude@étude.org.bj,étude.bj,TPE (<10),B2B,Facebook Pages,,Actif,2026-06-29T00:22:54.994491,haute
BJ-5B9CB3F3,Fondation Advocacy,ONG & Associations,Kalalé,+229 72 29 68 25,,fondationadvocacy.bj,PME (50-200),B2B,Facebook Pages,,Actif,2026-06-29T00:22:54.994503,moyenne
BJ-69641BD7,Échange Organisation,ONG & Associations,Kalalé,+229 34 76 33 51,,échangeorganisation.bj,PME (10-50),B2B,Facebook Pages,,Actif,2026-06-29T00:22:54.994516,moyenne
BJ-D19F090B,Ligue Monitoring International,ONG & Associations,Kalalé,+229 61 44 57 21,l.monitoring@liguemonitoring.bj,liguemonitoringinternational.bj,PME (10-50),B2B,Facebook Pages,,Actif,2026-06-29T00:22:54.994533,haute
BJ-18E802D7,Sensibilisation Organisation,ONG & Associations,Ndali,+229 74 34 96 42,sensibilisationorganisation@sensibilisation.org.bj,,Grande (>200),B2C,Facebook Pages,,Actif,2026-06-29T00:22:54.994562,moyenne
BJ-9393F1A3,Club Diffusion ONG,ONG & Associations,Ndali,+229 87 91 48 41,club.diffusion@hotmail.com,,PME (50-200),B2C,Facebook Pages,,Actif,2026-06-29T00:22:54.994579,moyenne
BJ-4C18D810,ONG Volontariat Fondation,ONG & Associations,Ndali,+229 83 48 17 19,ongvolontariat@yahoo.fr,,Grande (>200),B2C,Facebook Pages,,Actif,2026-06-29T00:22:54.994612,moyenne
BJ-161BB689,Solidarité,ONG & Associations,Ndali,+229 26 36 26 84,solidarité@solidarité.com.bj,solidarité.bj,PME (50-200),B2B,Facebook Pages,,Actif,2026-06-29T00:22:54.994627,haute
BJ-F2A4A500,Organisation Inclusion Association,ONG & Associations,Ségbana,+229 39 58 78 19,organisationinclusion@organisationinc.org.bj,organisationinclusionassociation.bj,TPE (<10),B2B,Facebook Pages,,Actif,2026-06-29T00:22:54.994672,haute
BJ-AF16F8F8,Club Microfinance,ONG & Associations,Ségbana,+229 47 17 86 54,club.microfinance@outlook.com,clubmicrofinance.bj,TPE (<10),B2B,Facebook Pages,,Actif,2026-06-29T00:22:54.994688,haute
BJ-BBFB8385,Association Diffusion Alliance,ONG & Associations,Ségbana,+229 48 57 30 38,associationdiffusion@yahoo.com,associationdiffusionalliance.bj,TPE (<10),B2B,Facebook Pages,,Actif,2026-06-29T00:22:54.994704,haute
BJ-E44DDAFB,Aide Bénin Ségbana,ONG & Associations,Ségbana,+229 50 71 60 29,,aidebéninségbana.bj,TPE (<10),B2C,Facebook Pages,,Actif,2026-06-29T00:22:54.994719,moyenne
BJ-DB3010C0,Société Épargne Tchaourou,ONG & Associations,Tchaourou,+229 67 62 76 88,sociétéépargne@sociétéépargnet.bj,,PME (50-200),B2C,Facebook Pages,,Actif,2026-06-29T00:22:54.994746,moyenne
BJ-27B970FF,Syndicat Éducation,ONG & Associations,Tchaourou,+229 75 64 40 92,,,PME (50-200),B2C,Facebook Pages,,Actif,2026-06-29T00:22:54.994758,basse
BJ-99E6E320,Microfinance Organisation,ONG & Associations,Tchaourou,+229 93 25 80 59,,,TPE (<10),B2C,Facebook Pages,,Actif,2026-06-29T00:22:54.994772,basse
BJ-97748174,Association Analyse Africa,ONG & Associations,Tchaourou,+229 22 74 46 34,a.analyse@yahoo.fr,associationanalyseafrica.bj,TPE (<10),B2C,Facebook Pages,,Actif,2026-06-29T00:22:54.994790,haute
BJ-42C8744F,Organisation Santé Alliance,ONG & Associations,Bétérou,+229 49 32 26 38,,,PME (10-50),B2C,Facebook Pages,,Actif,2026-06-29T00:22:54.994821,basse
BJ-77753190,ONG Recherche Network Bétérou,ONG & Associations,Bétérou,+229 79 70 68 10,,,PME (10-50),B2C,Facebook Pages,,Actif,2026-06-29T00:22:54.994832,basse
BJ-B7DA64A1,Protection International,ONG & Associations,Bétérou,+229 27 57 86 57,protection.international@protectioninter.com.bj,,PME (50-200),B2B,Facebook Pages,,Actif,2026-06-29T00:22:54.994849,moyenne
BJ-4D9D6091,Union Suivi,ONG & Associations,Bétérou,+229 52 27 33 27,unionsuivi@unionsuivi.bj,unionsuivi.bj,TPE (<10),B2B,Facebook Pages,,Actif,2026-06-29T00:22:54.994866,haute
BJ-B73771AA,Union Solidarité Fondation,ONG & Associations,Bétérou,+229 66 46 55 20,,,TPE (<10),B2C,Facebook Pages,,Actif,2026-06-29T00:22:54.994877,basse
BJ-A95E09CA,Advocacy,ONG & Associations,Ouessè,+229 76 96 21 81,advocacy@advocacy.org.bj,advocacy.bj,Grande (>200),B2B,Facebook Pages,,Actif,2026-06-29T00:22:54.994920,haute
BJ-F586CCA3,Microfinance Alliance Ouessè,ONG & Associations,Ouessè,+229 24 57 84 51,,,PME (50-200),B2C,Facebook Pages,,Actif,2026-06-29T00:22:54.994933,basse
BJ-D1B0119C,Suivi Coalition,ONG & Associations,Ouessè,+229 86 63 62 75,,suivicoalition.bj,PME (10-50),B2B,Facebook Pages,,Actif,2026-06-29T00:22:54.994949,moyenne
BJ-53DFA222,Ligue Étude Network,ONG & Associations,Ouessè,+229 87 88 65 13,,,TPE (<10),B2C,Facebook Pages,,Actif,2026-06-29T00:22:54.994961,basse
BJ-AA8E9D4D,Société Insertion,ONG & Associations,Glazoué,+229 20 23 35 60,société.insertion@sociétéinsertio.bj,,PME (50-200),B2C,Facebook Pages,,Actif,2026-06-29T00:22:54.995002,moyenne
BJ-97A52234,Développement Glazoué,ONG & Associations,Glazoué,+229 67 33 57 97,,développementglazoué.bj,TPE (<10),B2B,Facebook Pages,,Actif,2026-06-29T00:22:54.995030,moyenne
BJ-DE7D5022,Association Suivi,ONG & Associations,Glazoué,+229 36 78 50 13,,,TPE (<10),B2C,Facebook Pages,,Actif,2026-06-29T00:22:54.995044,basse
BJ-703EB46C,Éducation Coalition,ONG & Associations,Dassa-Zoumè,+229 70 92 63 32,,,PME (50-200),B2C,Facebook Pages,,Actif,2026-06-29T00:22:54.995083,basse
BJ-4D84ECD8,Étude Fondation,ONG & Associations,Dassa-Zoumè,+229 50 56 48 84,,étudefondation.bj,PME (10-50),B2C,Facebook Pages,,Actif,2026-06-29T00:22:54.995096,moyenne
BJ-AA7CE361,Recherche ONG Dassa-Zoumè,ONG & Associations,Dassa-Zoumè,+229 28 57 12 18,,rechercheongdassazoumè.bj,TPE (<10),B2B,Facebook Pages,,Actif,2026-06-29T00:22:54.995112,moyenne
BJ-0E88F085,Ligue Solidarité Association,ONG & Associations,Dassa-Zoumè,+229 57 54 98 20,ligue.solidarité@gmail.com,liguesolidaritéassociation.bj,TPE (<10),B2C,Facebook Pages,,Actif,2026-06-29T00:22:54.995132,haute
BJ-AAEA67E3,Ligue Diffusion Africa,ONG & Associations,Dassa-Zoumè,+229 67 45 74 52,ligue.diffusion@yahoo.com,,PME (50-200),B2B,Facebook Pages,,Actif,2026-06-29T00:22:54.995148,moyenne
BJ-7FB7E58E,Ligue Plaidoyer Coalition,ONG & Associations,Savalou,+229 66 30 63 31,l.plaidoyer@yahoo.com,,PME (10-50),B2C,Facebook Pages,,Actif,2026-06-29T00:22:54.995170,moyenne
BJ-AE5504A3,Assistance Alliance,ONG & Associations,Savalou,+229 27 67 94 17,assistance.alliance@yahoo.fr,,PME (10-50),B2B,Facebook Pages,,Actif,2026-06-29T00:22:54.995185,moyenne
BJ-8C9FDA57,Évaluation Bénin,ONG & Associations,Savalou,+229 61 71 77 10,évaluation.bénin@yahoo.fr,évaluationbénin.bj,TPE (<10),B2B,Facebook Pages,,Actif,2026-06-29T00:22:54.995204,haute
BJ-2233EFF2,Fondation Dialogue Bénin,ONG & Associations,Savalou,+229 40 65 11 79,,,PME (10-50),B2C,Facebook Pages,,Actif,2026-06-29T00:22:54.995215,basse
BJ-541761A6,Association Aide,ONG & Associations,Savalou,+229 78 20 21 77,association.aide@associationaide.org.bj,,PME (50-200),B2C,Facebook Pages,,Actif,2026-06-29T00:22:54.995230,moyenne
BJ-5BECC92C,Syndicat Développement Organisation,ONG & Associations,Bantè,+229 98 38 79 60,syndicatdéveloppement@syndicatdévelop.org.bj,syndicatdéveloppementorganisation.bj,TPE (<10),B2B,Facebook Pages,,Actif,2026-06-29T00:22:54.995256,haute
BJ-9D640839,Organisation Santé Network,ONG & Associations,Bantè,+229 75 36 10 95,organisationsanté@yahoo.com,organisationsanténetwork.bj,TPE (<10),B2C,Facebook Pages,,Actif,2026-06-29T00:22:54.995275,haute
BJ-23D987DE,Capitalisation Organisation,ONG & Associations,Bantè,+229 58 80 35 50,capitalisationorganisation@capitalisationo.bj,capitalisationorganisation.bj,PME (10-50),B2C,Facebook Pages,,Actif,2026-06-29T00:22:54.995296,haute
BJ-66E9879E,Étude ONG Bantè,ONG & Associations,Bantè,+229 93 85 42 34,étude.ong@outlook.com,étudeongbantè.bj,TPE (<10),B2C,Facebook Pages,,Actif,2026-06-29T00:22:54.995323,haute
BJ-1D2939FC,Union Philanthropie Organisation,ONG & Associations,Bantè,+229 38 47 30 33,u.philanthropie@unionphilanthro.org.bj,unionphilanthropieorganisation.bj,TPE (<10),B2C,Facebook Pages,,Actif,2026-06-29T00:22:54.995359,haute
BJ-020C4646,Club Environnement International,ONG & Associations,Djougou,+229 85 64 66 63,,clubenvironnementinternational.bj,PME (10-50),B2C,Facebook Pages,,Actif,2026-06-29T00:22:54.995394,moyenne
BJ-CEE07FD2,Dialogue,ONG & Associations,Djougou,+229 70 46 90 51,dialogue@dialogue.com.bj,,TPE (<10),B2C,Facebook Pages,,Actif,2026-06-29T00:22:54.995409,moyenne
BJ-B0BC50AB,Jeunesse ONG,ONG & Associations,Djougou,+229 90 62 37 35,,,PME (10-50),B2B,Facebook Pages,,Actif,2026-06-29T00:22:54.995425,basse
BJ-474321F3,Volontariat,ONG & Associations,Djougou,+229 68 43 17 94,volontariat@gmail.com,volontariat.bj,PME (50-200),B2C,Facebook Pages,,Actif,2026-06-29T00:22:54.995439,haute
BJ-7FC9529F,Citoyenneté Organisation Djougou,ONG & Associations,Djougou,+229 67 23 27 47,,,PME (10-50),B2B,Facebook Pages,,Actif,2026-06-29T00:22:54.995450,basse
BJ-336E257D,Syndicat Volontariat Ouèssè,ONG & Associations,Ouèssè,+229 74 25 17 69,syndicatvolontariat@syndicatvolonta.com.bj,syndicatvolontariatouèssè.bj,TPE (<10),B2B,Facebook Pages,,Actif,2026-06-29T00:22:54.995476,haute
BJ-A3F1D2D2,Organisation Entrepreneuriat,ONG & Associations,Ouèssè,+229 57 32 82 48,o.entrepreneuriat@organisationent.bj,organisationentrepreneuriat.bj,PME (10-50),B2B,Facebook Pages,,Actif,2026-06-29T00:22:54.995497,haute
BJ-31A58B71,Capitalisation International,ONG & Associations,Ouèssè,+229 80 81 44 76,capitalisationinternational@capitalisationi.bj,capitalisationinternational.bj,TPE (<10),B2B,Facebook Pages,,Actif,2026-06-29T00:22:54.995515,haute
BJ-03F68B14,Recherche Bénin,ONG & Associations,Ouèssè,+229 37 11 88 65,,recherchebénin.bj,PME (10-50),B2C,Facebook Pages,,Actif,2026-06-29T00:22:54.995528,moyenne
BJ-0019D9BC,Social Fondation,ONG & Associations,Ouèssè,+229 71 32 13 24,socialfondation@socialfondation.com.bj,,PME (50-200),B2C,Facebook Pages,,Actif,2026-06-29T00:22:54.995543,moyenne
BJ-2E529948,Environnement Coalition,ONG & Associations,Bassila,+229 37 93 25 76,,environnementcoalition.bj,PME (50-200),B2C,Facebook Pages,,Actif,2026-06-29T00:22:54.995563,moyenne
BJ-18246B7D,Club Formation,ONG & Associations,Bassila,+229 75 33 31 29,club.formation@clubformation.org.bj,clubformation.bj,TPE (<10),B2B,Facebook Pages,,Actif,2026-06-29T00:22:54.995578,haute
BJ-646537F1,Union Humanitaire Network Bassila,ONG & Associations,Bassila,+229 68 65 13 19,union.humanitaire@unionhumanitair.org.bj,unionhumanitairenetworkbassila.bj,PME (50-200),B2C,Facebook Pages,,Actif,2026-06-29T00:22:54.995610,haute
BJ-9B90B863,Développement ONG Bassila,ONG & Associations,Bassila,+229 37 90 56 20,développement_ong@hotmail.com,développementongbassila.bj,TPE (<10),B2C,Facebook Pages,,Actif,2026-06-29T00:22:54.995627,haute
BJ-C126330F,Union Paix Bénin Pehunco,ONG & Associations,Pehunco,+229 37 51 90 96,union.paix@unionpaixbéninp.bj,unionpaixbéninpehunco.bj,PME (10-50),B2C,Facebook Pages,,Actif,2026-06-29T00:22:54.995651,haute
BJ-E1AE3534,Organisation Culture Africa,ONG & Associations,Pehunco,+229 96 80 11 68,organisationculture@gmail.com,,PME (10-50),B2B,Facebook Pages,,Actif,2026-06-29T00:22:54.995683,moyenne
BJ-8F4342C0,Recherche Coalition Pehunco,ONG & Associations,Pehunco,+229 77 35 80 12,,recherchecoalitionpehunco.bj,Grande (>200),B2C,Facebook Pages,,Actif,2026-06-29T00:22:54.995697,moyenne
BJ-6CC1B86E,Microfinance Organisation,ONG & Associations,Pehunco,+229 49 99 38 61,,microfinanceorganisation.bj,TPE (<10),B2C,Facebook Pages,,Actif,2026-06-29T00:22:54.995712,moyenne
BJ-BD4C9FAF,Advocacy,ONG & Associations,Copargo,+229 41 58 52 51,advocacy@advocacy.bj,advocacy.bj,PME (50-200),B2B,Facebook Pages,,Actif,2026-06-29T00:22:54.995734,haute
BJ-8C163783,Ligue Démocratie ONG,ONG & Associations,Copargo,+229 73 16 58 15,l.démocratie@hotmail.com,,Grande (>200),B2C,Facebook Pages,,Actif,2026-06-29T00:22:54.995751,moyenne
BJ-9F517A50,Fondation Intégration,ONG & Associations,Copargo,+229 24 36 51 85,,fondationintégration.bj,PME (10-50),B2B,Facebook Pages,,Actif,2026-06-29T00:22:54.995763,moyenne
BJ-90E3F221,Microfinance Fondation,ONG & Associations,Copargo,+229 45 25 17 31,microfinancefondation@microfinancefon.bj,,TPE (<10),B2B,Facebook Pages,,Actif,2026-06-29T00:22:54.995778,moyenne
BJ-08BBDCB9,Paix Copargo,ONG & Associations,Copargo,+229 88 46 46 24,,paixcopargo.bj,PME (10-50),B2B,Facebook Pages,,Actif,2026-06-29T00:22:54.995790,moyenne
BJ-186CBA3E,Groupe Urbanisme Cotonou,BTP & Immobilier,Cotonou,+229 38 19 51 10,,groupeurbanismecotonou.bj,Grande (>200),B2B,CCIB Annuaire,,Actif,2026-06-29T00:22:54.995814,moyenne
BJ-9E41759D,Construction Réhabilitation Habitat,BTP & Immobilier,Cotonou,+229 48 65 92 71,construction.réhabilitation@constructionréh.bj,constructionréhabilitationhabitat.bj,Grande (>200),B2C,CCIB Annuaire,,Actif,2026-06-29T00:22:54.995834,haute
BJ-20443AEE,BTP Construction Solutions,BTP & Immobilier,Cotonou,+229 53 86 79 17,,btpconstructionsolutions.bj,PME (10-50),B2C,CCIB Annuaire,,Actif,2026-06-29T00:22:54.995849,moyenne
BJ-C629E7EF,SO Fondation Africa,BTP & Immobilier,Cotonou,+229 25 34 62 53,fondation.africa@yahoo.fr,sofondationafrica.bj,TPE (<10),B2C,CCIB Annuaire,,Actif,2026-06-29T00:22:54.995866,haute
BJ-EDE33374,Cabinet Ingénierie Services Cotonou,BTP & Immobilier,Cotonou,+229 79 71 74 78,cabinetingénierie@gmail.com,cabinetingénierieservicescotonou.bj,PME (10-50),B2C,CCIB Annuaire,,Actif,2026-06-29T00:22:54.995887,haute
BJ-D55E7013,SO Immobilier Cabinet Abomey-Calavi,BTP & Immobilier,Abomey-Calavi,+229 27 57 99 55,immobiliercabinet@yahoo.fr,soimmobiliercabinetabomeycalavi.bj,Grande (>200),B2B,CCIB Annuaire,,Actif,2026-06-29T00:22:54.995925,haute
BJ-5A2A4324,Ferronnerie Groupe,BTP & Immobilier,Abomey-Calavi,+229 54 58 37 76,,ferronneriegroupe.bj,PME (10-50),B2B,CCIB Annuaire,,Actif,2026-06-29T00:22:54.995938,moyenne
BJ-3E1C6941,Construction Immobilier,BTP & Immobilier,Abomey-Calavi,+229 95 26 40 54,c.immobilier@outlook.com,constructionimmobilier.bj,PME (10-50),B2C,CCIB Annuaire,,Actif,2026-06-29T00:22:54.995954,haute
BJ-EDD5E587,BTP Copropriété,BTP & Immobilier,Abomey-Calavi,+229 26 41 49 61,btpcopropriété@btpcopropriété.org.bj,,TPE (<10),B2B,CCIB Annuaire,,Actif,2026-06-29T00:22:54.995972,moyenne
BJ-83B5A41B,SA Menuiserie,BTP & Immobilier,Abomey-Calavi,+229 79 70 29 23,,,PME (50-200),B2C,CCIB Annuaire,,Actif,2026-06-29T00:22:54.995983,basse
BJ-0D0237F7,Menuiserie,BTP & Immobilier,Porto-Novo,+229 43 97 94 69,menuiserie@gmail.com,,TPE (<10),B2B,CCIB Annuaire,,Actif,2026-06-29T00:22:54.996003,moyenne
BJ-D8B4751E,Groupe Maçonnerie,BTP & Immobilier,Porto-Novo,+229 66 20 90 79,groupemaçonnerie@groupemaçonneri.org.bj,,PME (50-200),B2C,CCIB Annuaire,,Actif,2026-06-29T00:22:54.996021,moyenne
BJ-1AABDC89,Ets Plomberie,BTP & Immobilier,Porto-Novo,+229 46 32 63 67,etsplomberie@yahoo.com,,TPE (<10),B2C,CCIB Annuaire,,Actif,2026-06-29T00:22:54.996044,moyenne
BJ-F610AD56,BTP Ingénierie,BTP & Immobilier,Porto-Novo,+229 72 75 10 74,btp_ingénierie@btpingénierie.bj,,TPE (<10),B2C,CCIB Annuaire,,Actif,2026-06-29T00:22:54.996061,moyenne
BJ-EE19B198,SA Ingénierie Groupe,BTP & Immobilier,Porto-Novo,+229 70 82 74 30,,saingénieriegroupe.bj,Grande (>200),B2C,CCIB Annuaire,,Actif,2026-06-29T00:22:54.996074,moyenne
BJ-2B636FF5,Ets Béton,BTP & Immobilier,Parakou,+229 45 15 56 70,etsbéton@yahoo.fr,etsbéton.bj,Grande (>200),B2C,CCIB Annuaire,,Actif,2026-06-29T00:22:54.996098,haute
BJ-CB38536C,Ets Maçonnerie Habitat,BTP & Immobilier,Parakou,+229 68 12 35 21,etsmaçonnerie@yahoo.com,,TPE (<10),B2B,CCIB Annuaire,,Actif,2026-06-29T00:22:54.996115,moyenne
BJ-F28BE3AD,BTP Peinture SA,BTP & Immobilier,Parakou,+229 73 38 89 13,b.peinture@yahoo.com,,PME (50-200),B2C,CCIB Annuaire,,Actif,2026-06-29T00:22:54.996130,moyenne
BJ-F42C265E,Promotion Travaux Bâtiments Parakou,BTP & Immobilier,Parakou,+229 39 14 46 76,promotion.travaux@promotiontravau.org.bj,,Grande (>200),B2B,CCIB Annuaire,,Actif,2026-06-29T00:22:54.996148,moyenne
BJ-1FF27622,Toiture Africa,BTP & Immobilier,Parakou,+229 33 20 20 94,,,PME (10-50),B2B,CCIB Annuaire,,Actif,2026-06-29T00:22:54.996160,basse
BJ-ABDD2F46,Syndic SA,BTP & Immobilier,Bohicon,+229 86 12 99 11,syndic@gmail.com,,PME (50-200),B2C,CCIB Annuaire,,Actif,2026-06-29T00:22:54.996180,moyenne
BJ-8458DE56,BTP Peinture,BTP & Immobilier,Bohicon,+229 28 11 70 22,btppeinture@btppeinture.org.bj,btppeinture.bj,TPE (<10),B2C,CCIB Annuaire,,Actif,2026-06-29T00:22:54.996197,haute
BJ-01BC4420,Aménagement,BTP & Immobilier,Bohicon,+229 24 96 56 37,,aménagement.bj,PME (10-50),B2B,CCIB Annuaire,,Actif,2026-06-29T00:22:54.996213,moyenne
BJ-33884D33,Électricité Bohicon,BTP & Immobilier,Bohicon,+229 85 83 29 19,électricitébohicon@yahoo.com,,PME (50-200),B2B,CCIB Annuaire,,Actif,2026-06-29T00:22:54.996230,moyenne
BJ-D19041A1,Construction Voirie Cabinet,BTP & Immobilier,Bohicon,+229 35 15 75 32,c.voirie@yahoo.com,constructionvoiriecabinet.bj,PME (50-200),B2B,CCIB Annuaire,,Actif,2026-06-29T00:22:54.996247,haute
BJ-83238068,Toiture Bâtiments,BTP & Immobilier,Natitingou,+229 78 77 59 69,toiture.bâtiments@toiturebâtiment.bj,,PME (10-50),B2B,CCIB Annuaire,,Actif,2026-06-29T00:22:54.996276,moyenne
BJ-8179514A,Cabinet Isolation,BTP & Immobilier,Natitingou,+229 87 83 49 37,c.isolation@outlook.com,,PME (50-200),B2C,CCIB Annuaire,,Actif,2026-06-29T00:22:54.996323,moyenne
BJ-C95969ED,Électricité Habitat,BTP & Immobilier,Natitingou,+229 61 49 49 65,électricité_habitat@yahoo.fr,électricitéhabitat.bj,Grande (>200),B2C,CCIB Annuaire,,Actif,2026-06-29T00:22:54.996341,haute
BJ-2281839B,Syndic Bâtiments,BTP & Immobilier,Lokossa,+229 32 29 12 46,syndicbâtiments@syndicbâtiments.org.bj,syndicbâtiments.bj,TPE (<10),B2C,CCIB Annuaire,,Actif,2026-06-29T00:22:54.996365,haute
BJ-45B52EFA,Ingénierie Ets,BTP & Immobilier,Lokossa,+229 42 37 61 64,ingénierie_ets@ingénierieets.bj,ingénierieets.bj,TPE (<10),B2B,CCIB Annuaire,,Actif,2026-06-29T00:22:54.996382,haute
BJ-E9B01992,Construction Groupe Lokossa,BTP & Immobilier,Lokossa,+229 28 65 30 86,c.groupe@gmail.com,constructiongroupelokossa.bj,PME (10-50),B2B,CCIB Annuaire,,Actif,2026-06-29T00:22:54.996403,haute
BJ-733D4ABC,SARL Réhabilitation Bâtiments,BTP & Immobilier,Lokossa,+229 78 33 14 59,,,PME (50-200),B2C,CCIB Annuaire,,Actif,2026-06-29T00:22:54.996415,basse
BJ-A3CE8307,Isolation Lokossa,BTP & Immobilier,Lokossa,+229 76 89 73 36,isolation.lokossa@isolationlokoss.com.bj,isolationlokossa.bj,TPE (<10),B2C,CCIB Annuaire,,Actif,2026-06-29T00:22:54.996431,haute
BJ-1F42D045,SARL Électricité,BTP & Immobilier,Ouidah,+229 49 82 53 53,,sarlélectricité.bj,TPE (<10),B2B,CCIB Annuaire,,Actif,2026-06-29T00:22:54.996456,moyenne
BJ-E2916C42,Cabinet Structure,BTP & Immobilier,Ouidah,+229 31 79 80 70,c.structure@outlook.com,cabinetstructure.bj,TPE (<10),B2B,CCIB Annuaire,,Actif,2026-06-29T00:22:54.996472,haute
BJ-1CC22964,BTP Construction Ouidah,BTP & Immobilier,Ouidah,+229 76 83 75 56,btp.construction@gmail.com,,TPE (<10),B2C,CCIB Annuaire,,Actif,2026-06-29T00:22:54.996487,moyenne
BJ-D0DE1D1F,SCI Béton Groupe Ouidah,BTP & Immobilier,Ouidah,+229 79 29 52 47,,scibétongroupeouidah.bj,PME (50-200),B2C,CCIB Annuaire,,Actif,2026-06-29T00:22:54.996499,moyenne
BJ-EAE9802E,Bâtiment Groupe,BTP & Immobilier,Ouidah,+229 42 13 47 11,,bâtimentgroupe.bj,PME (50-200),B2C,CCIB Annuaire,,Actif,2026-06-29T00:22:54.996511,moyenne
BJ-D56703EA,Maçonnerie Habitat,BTP & Immobilier,Savalou,+229 93 59 56 56,maçonnerie.habitat@yahoo.com,maçonneriehabitat.bj,PME (10-50),B2B,CCIB Annuaire,,Actif,2026-06-29T00:22:54.996534,haute
BJ-BB0B2266,SCI Ingénierie International,BTP & Immobilier,Savalou,+229 63 78 98 33,,sciingénierieinternational.bj,TPE (<10),B2B,CCIB Annuaire,,Actif,2026-06-29T00:22:54.996547,moyenne
BJ-EC9794B6,Promotion Structure,BTP & Immobilier,Savalou,+229 40 89 96 55,,promotionstructure.bj,PME (50-200),B2B,CCIB Annuaire,,Actif,2026-06-29T00:22:54.996568,moyenne
BJ-D94C342C,Promotion Bâtiments,BTP & Immobilier,Savalou,+229 21 44 61 10,,,TPE (<10),B2C,CCIB Annuaire,,Actif,2026-06-29T00:22:54.996579,basse
BJ-8149845F,Ets Copropriété Habitat,BTP & Immobilier,Savalou,+229 43 82 48 61,ets_copropriété@etscopropriétéh.com.bj,,PME (50-200),B2C,CCIB Annuaire,,Actif,2026-06-29T00:22:54.996597,moyenne
BJ-B4444842,SCI Électricité International,BTP & Immobilier,Dassa-Zoumè,+229 35 74 97 64,,sciélectricitéinternational.bj,PME (50-200),B2C,CCIB Annuaire,,Actif,2026-06-29T00:22:54.996617,moyenne
BJ-7DB65236,Gestion Services,BTP & Immobilier,Dassa-Zoumè,+229 38 73 44 65,,,PME (50-200),B2B,CCIB Annuaire,,Actif,2026-06-29T00:22:54.996631,basse
BJ-82101899,Promotion Dassa-Zoumè,BTP & Immobilier,Dassa-Zoumè,+229 98 50 39 79,promotiondassa@promotiondassaz.bj,,PME (50-200),B2B,CCIB Annuaire,,Actif,2026-06-29T00:22:54.996649,moyenne
BJ-C7A891C8,Promotion Menuiserie,BTP & Immobilier,Dassa-Zoumè,+229 51 16 27 47,p.menuiserie@yahoo.com,promotionmenuiserie.bj,TPE (<10),B2B,CCIB Annuaire,,Actif,2026-06-29T00:22:54.996665,haute
BJ-B6BFF39D,SCI Électricité Solutions,BTP & Immobilier,Dassa-Zoumè,+229 32 39 15 95,s.électricité@sciélectricités.bj,sciélectricitésolutions.bj,TPE (<10),B2C,CCIB Annuaire,,Actif,2026-06-29T00:22:54.996685,haute
BJ-71D53D79,Voirie Solutions,BTP & Immobilier,Kétou,+229 64 87 39 81,,,TPE (<10),B2C,CCIB Annuaire,,Actif,2026-06-29T00:22:54.996703,basse
BJ-7C0FB550,SA Béton SA,BTP & Immobilier,Kétou,+229 49 12 92 95,béton@outlook.com,sabétonsa.bj,PME (10-50),B2C,CCIB Annuaire,,Actif,2026-06-29T00:22:54.996718,haute
BJ-98C3BFAF,SCI Toiture,BTP & Immobilier,Kétou,+229 73 10 24 18,,scitoiture.bj,TPE (<10),B2C,CCIB Annuaire,,Actif,2026-06-29T00:22:54.996733,moyenne
BJ-6B2C8F58,Copropriété,BTP & Immobilier,Kétou,+229 41 36 35 79,copropriété@hotmail.com,,TPE (<10),B2C,CCIB Annuaire,,Actif,2026-06-29T00:22:54.996746,moyenne
BJ-27EC292C,SARL Construction Ets,BTP & Immobilier,Kétou,+229 65 62 36 56,sarl.construction@sarlconstructio.bj,,PME (10-50),B2B,CCIB Annuaire,,Actif,2026-06-29T00:22:54.996762,moyenne
BJ-9AC908B7,SO Architecte Habitat Covè,BTP & Immobilier,Covè,+229 71 76 35 53,architecte.habitat@soarchitectehab.org.bj,soarchitectehabitatcovè.bj,PME (10-50),B2B,CCIB Annuaire,,Actif,2026-06-29T00:22:54.996787,haute
BJ-06EA3890,Menuiserie International,BTP & Immobilier,Covè,+229 92 24 66 96,menuiserieinternational@menuiserieinter.org.bj,menuiserieinternational.bj,TPE (<10),B2B,CCIB Annuaire,,Actif,2026-06-29T00:22:54.996802,haute
BJ-02629BAF,Maçonnerie International,BTP & Immobilier,Covè,+229 27 11 99 80,maçonnerie_international@hotmail.com,,PME (10-50),B2C,CCIB Annuaire,,Actif,2026-06-29T00:22:54.996818,moyenne
BJ-065997F3,Promotion Rénovation Cabinet,BTP & Immobilier,Covè,+229 38 31 23 26,p.rénovation@promotionrénova.com.bj,,TPE (<10),B2B,CCIB Annuaire,,Actif,2026-06-29T00:22:54.996835,moyenne
BJ-1D2E9D06,BTP Travaux Covè,BTP & Immobilier,Covè,+229 81 69 55 25,b.travaux@btptravauxcovè.bj,btptravauxcovè.bj,PME (50-200),B2C,CCIB Annuaire,,Actif,2026-06-29T00:22:54.996865,haute
BJ-1FFC622D,Location Pobè,BTP & Immobilier,Pobè,+229 67 76 56 56,,locationpobè.bj,PME (10-50),B2C,CCIB Annuaire,,Actif,2026-06-29T00:22:54.996884,moyenne
BJ-1D6782E4,Voirie International,BTP & Immobilier,Pobè,+229 51 65 46 65,voirieinternational@voirieinternati.com.bj,,PME (50-200),B2B,CCIB Annuaire,,Actif,2026-06-29T00:22:54.996918,moyenne
BJ-66F4D9D6,Voirie Promotion Pobè,BTP & Immobilier,Pobè,+229 48 36 97 46,v.promotion@voiriepromotion.org.bj,voiriepromotionpobè.bj,TPE (<10),B2C,CCIB Annuaire,,Actif,2026-06-29T00:22:54.996940,haute
BJ-525B6446,Menuiserie,BTP & Immobilier,Pobè,+229 63 13 84 72,,menuiserie.bj,PME (50-200),B2C,CCIB Annuaire,,Actif,2026-06-29T00:22:54.996953,moyenne
BJ-D46FAB06,Menuiserie SARL,BTP & Immobilier,Pobè,+229 91 44 43 10,menuiseriesarl@hotmail.com,,Grande (>200),B2B,CCIB Annuaire,,Actif,2026-06-29T00:22:54.996969,moyenne
BJ-EC846F5F,Plomberie Cabinet Sakété,BTP & Immobilier,Sakété,+229 48 42 12 91,plomberiecabinet@yahoo.com,plomberiecabinetsakété.bj,Grande (>200),B2C,CCIB Annuaire,,Actif,2026-06-29T00:22:54.996994,haute
BJ-6CE0E5DF,Aménagement Sakété,BTP & Immobilier,Sakété,+229 69 70 17 51,aménagement_sakété@hotmail.com,,PME (50-200),B2B,CCIB Annuaire,,Actif,2026-06-29T00:22:54.997010,moyenne
BJ-580F090A,Location Solutions,BTP & Immobilier,Sakété,+229 34 74 34 45,locationsolutions@hotmail.com,,TPE (<10),B2C,CCIB Annuaire,,Actif,2026-06-29T00:22:54.997025,moyenne
BJ-C94C6195,Construction Syndic Solutions,BTP & Immobilier,Sakété,+229 86 86 24 39,construction.syndic@constructionsyn.bj,constructionsyndicsolutions.bj,TPE (<10),B2B,CCIB Annuaire,,Actif,2026-06-29T00:22:54.997055,haute
BJ-DB537D93,Groupe Isolation Cabinet,BTP & Immobilier,Adjara,+229 34 59 62 20,g.isolation@gmail.com,,TPE (<10),B2C,CCIB Annuaire,,Actif,2026-06-29T00:22:54.997077,moyenne
BJ-CD4F0C87,Peinture,BTP & Immobilier,Adjara,+229 33 79 92 83,peinture@yahoo.fr,,TPE (<10),B2C,CCIB Annuaire,,Actif,2026-06-29T00:22:54.997090,moyenne
BJ-95CA02A8,Terrassement Ets,BTP & Immobilier,Adjara,+229 73 88 68 25,terrassement.ets@terrassementets.org.bj,terrassementets.bj,TPE (<10),B2B,CCIB Annuaire,,Actif,2026-06-29T00:22:54.997109,haute
BJ-A06D3BB2,Construction SA,BTP & Immobilier,Adjara,+229 63 85 48 75,,constructionsa.bj,TPE (<10),B2B,CCIB Annuaire,,Actif,2026-06-29T00:22:54.997122,moyenne
BJ-FFF0D0C6,BTP Construction,BTP & Immobilier,Adjara,+229 58 22 64 32,btp.construction@btpconstruction.bj,,PME (50-200),B2C,CCIB Annuaire,,Actif,2026-06-29T00:22:54.997137,moyenne
BJ-2599DB08,Gestion,BTP & Immobilier,Allada,+229 67 24 75 76,gestion@gmail.com,gestion.bj,PME (10-50),B2C,CCIB Annuaire,,Actif,2026-06-29T00:22:54.997158,haute
BJ-794FDBF7,SCI Immobilier Bâtiments,BTP & Immobilier,Allada,+229 76 10 33 70,sci.immobilier@outlook.com,sciimmobilierbâtiments.bj,TPE (<10),B2C,CCIB Annuaire,,Actif,2026-06-29T00:22:54.997182,haute
BJ-B29AB438,SO Architecte Cabinet,BTP & Immobilier,Allada,+229 79 80 58 73,architectecabinet@outlook.com,soarchitectecabinet.bj,PME (10-50),B2C,CCIB Annuaire,,Actif,2026-06-29T00:22:54.997198,haute
BJ-32301701,Gestion Ets,BTP & Immobilier,Allada,+229 22 56 21 18,gestion_ets@gestionets.org.bj,gestionets.bj,TPE (<10),B2B,CCIB Annuaire,,Actif,2026-06-29T00:22:54.997215,haute
BJ-92141CC2,Syndic Cabinet,BTP & Immobilier,Allada,+229 82 64 74 58,syndiccabinet@syndiccabinet.bj,syndiccabinet.bj,TPE (<10),B2B,CCIB Annuaire,,Actif,2026-06-29T00:22:54.997231,haute
BJ-10287EB4,Location Aplahoué,BTP & Immobilier,Aplahoué,+229 95 53 15 37,locationaplahoué@locationaplahou.com.bj,,TPE (<10),B2C,CCIB Annuaire,,Actif,2026-06-29T00:22:54.997255,moyenne
BJ-2F2C69BB,Menuiserie,BTP & Immobilier,Aplahoué,+229 24 20 48 39,menuiserie@hotmail.com,menuiserie.bj,PME (10-50),B2B,CCIB Annuaire,,Actif,2026-06-29T00:22:54.997269,haute
BJ-5956870A,Ets Ferronnerie SA,BTP & Immobilier,Aplahoué,+229 23 18 26 53,,etsferronneriesa.bj,PME (10-50),B2B,CCIB Annuaire,,Actif,2026-06-29T00:22:54.997284,moyenne
BJ-D5079A3A,Architecte Services,BTP & Immobilier,Aplahoué,+229 46 93 91 17,architecteservices@architecteservi.org.bj,architecteservices.bj,PME (50-200),B2B,CCIB Annuaire,,Actif,2026-06-29T00:22:54.997301,haute
BJ-5ED12DA1,Location,BTP & Immobilier,Aplahoué,+229 75 25 43 46,,,PME (50-200),B2C,CCIB Annuaire,,Actif,2026-06-29T00:22:54.997312,basse
BJ-534537C6,Groupe Isolation Cabinet,BTP & Immobilier,Dogbo-Tota,+229 42 73 83 64,groupeisolation@groupeisolation.bj,groupeisolationcabinet.bj,PME (50-200),B2C,CCIB Annuaire,,Actif,2026-06-29T00:22:54.997335,haute
BJ-FC240E66,Gestion Groupe,BTP & Immobilier,Dogbo-Tota,+229 71 24 12 65,,gestiongroupe.bj,TPE (<10),B2B,CCIB Annuaire,,Actif,2026-06-29T00:22:54.997358,moyenne
BJ-8B1A77F7,SA Rénovation Dogbo-Tota,BTP & Immobilier,Dogbo-Tota,+229 73 48 30 43,rénovationdogbo@yahoo.com,,TPE (<10),B2B,CCIB Annuaire,,Actif,2026-06-29T00:22:54.997375,moyenne
BJ-54C533B6,Réhabilitation Dogbo-Tota,BTP & Immobilier,Dogbo-Tota,+229 56 16 95 23,réhabilitationdogbo@réhabilitationd.bj,réhabilitationdogbotota.bj,PME (10-50),B2B,CCIB Annuaire,,Actif,2026-06-29T00:22:54.997393,haute
BJ-2B5061A0,BTP Syndic,BTP & Immobilier,Kpomassè,+229 58 90 57 63,b.syndic@btpsyndic.org.bj,btpsyndic.bj,PME (10-50),B2B,CCIB Annuaire,,Actif,2026-06-29T00:22:54.997416,haute
BJ-F390B643,Copropriété,BTP & Immobilier,Kpomassè,+229 38 14 47 98,copropriété@yahoo.com,,TPE (<10),B2C,CCIB Annuaire,,Actif,2026-06-29T00:22:54.997430,moyenne
BJ-986C0064,Travaux Kpomassè,BTP & Immobilier,Kpomassè,+229 51 85 14 89,t.kpomassè@yahoo.fr,travauxkpomassè.bj,PME (10-50),B2C,CCIB Annuaire,,Actif,2026-06-29T00:22:54.997468,haute
BJ-D9E1452F,Ets Voirie International,BTP & Immobilier,Kpomassè,+229 77 74 52 13,ets_voirie@etsvoirieintern.com.bj,,PME (50-200),B2B,CCIB Annuaire,,Actif,2026-06-29T00:22:54.997484,moyenne
BJ-15BB9D6F,Peinture Tori-Bossito,BTP & Immobilier,Tori-Bossito,+229 22 72 66 85,peinture.tori@peinturetoribos.com.bj,,PME (10-50),B2C,CCIB Annuaire,,Actif,2026-06-29T00:22:54.997507,moyenne
BJ-5AB5086D,Construction Bénin,BTP & Immobilier,Tori-Bossito,+229 80 19 27 85,constructionbénin@constructionbén.bj,constructionbénin.bj,PME (10-50),B2C,CCIB Annuaire,,Actif,2026-06-29T00:22:54.997525,haute
BJ-FFC2374A,Terrassement International,BTP & Immobilier,Tori-Bossito,+229 68 36 72 84,terrassementinternational@yahoo.fr,,TPE (<10),B2B,CCIB Annuaire,,Actif,2026-06-29T00:22:54.997544,moyenne
BJ-BA05BB83,Groupe Promotion Groupe,BTP & Immobilier,Tori-Bossito,+229 33 51 83 58,,groupepromotiongroupe.bj,TPE (<10),B2B,CCIB Annuaire,,Actif,2026-06-29T00:22:54.997556,moyenne
BJ-BBF3C427,Construction Bâtiment Ets,BTP & Immobilier,Tori-Bossito,+229 62 93 27 12,,,PME (10-50),B2B,CCIB Annuaire,,Actif,2026-06-29T00:22:54.997567,basse
BJ-846E8A22,SA Voirie,BTP & Immobilier,Grand-Popo,+229 31 45 60 63,voirie@outlook.com,,TPE (<10),B2C,CCIB Annuaire,,Actif,2026-06-29T00:22:54.997590,moyenne
BJ-33FE3714,SA Menuiserie,BTP & Immobilier,Grand-Popo,+229 80 76 79 78,menuiserie@samenuiserie.com.bj,,TPE (<10),B2B,CCIB Annuaire,,Actif,2026-06-29T00:22:54.997619,moyenne
BJ-9D77D146,Groupe Copropriété International,BTP & Immobilier,Grand-Popo,+229 67 71 53 13,groupecopropriété@outlook.com,,PME (10-50),B2C,CCIB Annuaire,,Actif,2026-06-29T00:22:54.997636,moyenne
BJ-88073D1D,Bâtiment Ets,BTP & Immobilier,Grand-Popo,+229 98 31 10 80,bâtiment.ets@bâtimentets.bj,,TPE (<10),B2C,CCIB Annuaire,,Actif,2026-06-29T00:22:54.997653,moyenne
BJ-A7DF445E,SA Réhabilitation,BTP & Immobilier,Athiémé,+229 78 62 23 58,,saréhabilitation.bj,PME (10-50),B2B,CCIB Annuaire,,Actif,2026-06-29T00:22:54.997673,moyenne
BJ-12EDAC88,Maison SARL,BTP & Immobilier,Athiémé,+229 55 55 65 40,,maisonsarl.bj,TPE (<10),B2B,CCIB Annuaire,,Actif,2026-06-29T00:22:54.997699,moyenne
BJ-D2C8F4DE,BTP Immobilier Bénin,BTP & Immobilier,Athiémé,+229 70 65 34 72,,btpimmobilierbénin.bj,TPE (<10),B2C,CCIB Annuaire,,Actif,2026-06-29T00:22:54.997710,moyenne
BJ-F58A5ABC,Cabinet Habitat,BTP & Immobilier,Athiémé,+229 82 30 24 49,cabinet.habitat@cabinethabitat.org.bj,,TPE (<10),B2C,CCIB Annuaire,,Actif,2026-06-29T00:22:54.997729,moyenne
BJ-D3F9F305,BTP Ferronnerie SARL,BTP & Immobilier,Bopa,+229 57 30 11 23,,,TPE (<10),B2C,CCIB Annuaire,,Actif,2026-06-29T00:22:54.997748,basse
BJ-19CA1787,Aménagement SA,BTP & Immobilier,Bopa,+229 85 88 87 33,aménagement@hotmail.com,,PME (50-200),B2C,CCIB Annuaire,,Actif,2026-06-29T00:22:54.997761,moyenne
BJ-702EADBF,Toiture Construction,BTP & Immobilier,Bopa,+229 67 46 73 55,t.construction@toitureconstruc.com.bj,toitureconstruction.bj,PME (10-50),B2B,CCIB Annuaire,,Actif,2026-06-29T00:22:54.997780,haute
BJ-62CEE3ED,Cabinet Voirie Africa,BTP & Immobilier,Bopa,+229 63 22 34 53,cabinetvoirie@cabinetvoirieaf.com.bj,cabinetvoirieafrica.bj,TPE (<10),B2C,CCIB Annuaire,,Actif,2026-06-29T00:22:54.997796,haute
BJ-1EB2D6F5,SA Isolation SA,BTP & Immobilier,Houéyogbé,+229 86 57 90 48,isolation@saisolationsa.org.bj,saisolationsa.bj,TPE (<10),B2B,CCIB Annuaire,,Actif,2026-06-29T00:22:54.997830,haute
BJ-4B15221D,Promotion Ferronnerie Ets Houéyogbé,BTP & Immobilier,Houéyogbé,+229 29 38 99 12,p.ferronnerie@promotionferron.bj,promotionferronnerieetshouéyogbé.bj,PME (50-200),B2B,CCIB Annuaire,,Actif,2026-06-29T00:22:54.997861,haute
BJ-EE85877E,Maçonnerie Houéyogbé,BTP & Immobilier,Houéyogbé,+229 33 46 99 83,,,PME (50-200),B2B,CCIB Annuaire,,Actif,2026-06-29T00:22:54.997874,basse
BJ-E333FD51,Isolation Solutions Houéyogbé,BTP & Immobilier,Houéyogbé,+229 37 42 55 57,,isolationsolutionshouéyogbé.bj,PME (10-50),B2C,CCIB Annuaire,,Actif,2026-06-29T00:22:54.997886,moyenne
BJ-63A303D5,Construction Réhabilitation Groupe Houéyogbé,BTP & Immobilier,Houéyogbé,+229 80 42 74 47,constructionréhabilitation@outlook.com,,TPE (<10),B2B,CCIB Annuaire,,Actif,2026-06-29T00:22:54.997922,moyenne
BJ-9A6CAFF3,Construction Électricité Bâtiments,BTP & Immobilier,Malanville,+229 46 34 84 66,construction.électricité@outlook.com,constructionélectricitébâtiments.bj,TPE (<10),B2B,CCIB Annuaire,,Actif,2026-06-29T00:22:54.997948,haute
BJ-7AB45840,Plomberie SA,BTP & Immobilier,Malanville,+229 93 58 67 46,,,TPE (<10),B2C,CCIB Annuaire,,Actif,2026-06-29T00:22:54.997974,basse
BJ-13797432,Copropriété,BTP & Immobilier,Kandi,+229 49 83 32 42,copropriété@copropriété.com.bj,,PME (10-50),B2B,CCIB Annuaire,,Actif,2026-06-29T00:22:54.998024,moyenne
BJ-FAA04D41,Syndic,BTP & Immobilier,Kandi,+229 65 60 52 12,syndic@syndic.org.bj,syndic.bj,Grande (>200),B2B,CCIB Annuaire,,Actif,2026-06-29T00:22:54.998038,haute
BJ-1F4F5056,Construction Aménagement,BTP & Immobilier,Kandi,+229 84 59 91 34,construction.aménagement@yahoo.com,constructionaménagement.bj,PME (10-50),B2C,CCIB Annuaire,,Actif,2026-06-29T00:22:54.998054,haute
BJ-B08FC760,Syndic SA,BTP & Immobilier,Kandi,+229 45 66 39 73,syndic@syndicsa.org.bj,,PME (10-50),B2B,CCIB Annuaire,,Actif,2026-06-29T00:22:54.998068,moyenne
BJ-1FDD049C,SA Maçonnerie Promotion,BTP & Immobilier,Kandi,+229 67 15 94 97,m.promotion@outlook.com,samaçonneriepromotion.bj,PME (10-50),B2C,CCIB Annuaire,,Actif,2026-06-29T00:22:54.998089,haute
BJ-0D38D28D,Promotion Promotion Construction,BTP & Immobilier,Banikoara,+229 95 99 21 50,p.promotion@yahoo.com,promotionpromotionconstruction.bj,TPE (<10),B2C,CCIB Annuaire,,Actif,2026-06-29T00:22:54.998112,haute
BJ-9A09639E,Construction Isolation,BTP & Immobilier,Banikoara,+229 84 45 47 57,constructionisolation@gmail.com,constructionisolation.bj,PME (10-50),B2C,CCIB Annuaire,,Actif,2026-06-29T00:22:54.998127,haute
BJ-5220F489,Menuiserie Construction,BTP & Immobilier,Banikoara,+229 77 78 31 69,,menuiserieconstruction.bj,Grande (>200),B2B,CCIB Annuaire,,Actif,2026-06-29T00:22:54.998142,moyenne
BJ-BA6B00B0,Ingénierie Africa,BTP & Immobilier,Banikoara,+229 98 84 41 89,ingénierieafrica@outlook.com,ingénierieafrica.bj,TPE (<10),B2B,CCIB Annuaire,,Actif,2026-06-29T00:22:54.998159,haute
BJ-9230508B,Ferronnerie Banikoara,BTP & Immobilier,Banikoara,+229 95 26 93 53,,ferronneriebanikoara.bj,PME (10-50),B2C,CCIB Annuaire,,Actif,2026-06-29T00:22:54.998170,moyenne
BJ-A7312482,Architecte Bénin,BTP & Immobilier,Ségbana,+229 92 16 76 68,architecte.bénin@yahoo.fr,architectebénin.bj,PME (10-50),B2B,CCIB Annuaire,,Actif,2026-06-29T00:22:54.998193,haute
BJ-6425A191,Ets Toiture,BTP & Immobilier,Ségbana,+229 69 19 67 51,ets.toiture@etstoiture.com.bj,etstoiture.bj,TPE (<10),B2B,CCIB Annuaire,,Actif,2026-06-29T00:22:54.998210,haute
BJ-25EDB54B,Réhabilitation,BTP & Immobilier,Ségbana,+229 75 24 23 13,réhabilitation@réhabilitation.com.bj,,PME (50-200),B2C,CCIB Annuaire,,Actif,2026-06-29T00:22:54.998224,moyenne
BJ-07F53979,SCI Peinture International,BTP & Immobilier,Ségbana,+229 99 20 22 43,,scipeintureinternational.bj,Grande (>200),B2C,CCIB Annuaire,,Actif,2026-06-29T00:22:54.998236,moyenne
BJ-E515CE10,Bâtiment,BTP & Immobilier,Ségbana,+229 22 57 32 60,bâtiment@bâtiment.org.bj,bâtiment.bj,Grande (>200),B2B,CCIB Annuaire,,Actif,2026-06-29T00:22:54.998253,haute
BJ-1D620002,Clôturage Bénin,BTP & Immobilier,Karimama,+229 94 59 56 32,clôturage.bénin@yahoo.fr,,TPE (<10),B2B,CCIB Annuaire,,Actif,2026-06-29T00:22:54.998275,moyenne
BJ-BE8798EA,Habitat Karimama,BTP & Immobilier,Karimama,+229 20 99 42 28,habitat.karimama@habitatkarimama.bj,,TPE (<10),B2C,CCIB Annuaire,,Actif,2026-06-29T00:22:54.998292,moyenne
BJ-A8BBA13E,Électricité Ets,BTP & Immobilier,Karimama,+229 82 97 20 85,,électricitéets.bj,Grande (>200),B2B,CCIB Annuaire,,Actif,2026-06-29T00:22:54.998307,moyenne
BJ-464F3940,SO Structure Karimama,BTP & Immobilier,Karimama,+229 22 42 36 35,,,PME (50-200),B2C,CCIB Annuaire,,Actif,2026-06-29T00:22:54.998319,basse
BJ-6F1D9F45,SCI Aménagement,BTP & Immobilier,Karimama,+229 62 96 16 55,,,PME (50-200),B2C,CCIB Annuaire,,Actif,2026-06-29T00:22:54.998329,basse
BJ-31953C37,SA Ferronnerie,BTP & Immobilier,Gogounou,+229 37 29 18 56,ferronnerie@gmail.com,saferronnerie.bj,Grande (>200),B2C,CCIB Annuaire,,Actif,2026-06-29T00:22:54.998349,haute
BJ-B46F88ED,Syndic,BTP & Immobilier,Gogounou,+229 62 95 68 16,syndic@syndic.bj,,PME (50-200),B2B,CCIB Annuaire,,Actif,2026-06-29T00:22:54.998362,moyenne
BJ-3118B40F,SCI Syndic,BTP & Immobilier,Gogounou,+229 45 19 30 64,sci.syndic@hotmail.com,,PME (10-50),B2C,CCIB Annuaire,,Actif,2026-06-29T00:22:54.998377,moyenne
BJ-868F6D0B,SA Béton Cabinet,BTP & Immobilier,Gogounou,+229 35 35 96 65,b.cabinet@sabétoncabinet.org.bj,sabétoncabinet.bj,PME (10-50),B2B,CCIB Annuaire,,Actif,2026-06-29T00:22:54.998395,haute
BJ-71705044,SCI Menuiserie,BTP & Immobilier,Gogounou,+229 89 71 24 97,s.menuiserie@hotmail.com,,TPE (<10),B2B,CCIB Annuaire,,Actif,2026-06-29T00:22:54.998409,moyenne
BJ-A865126B,Immobilier,BTP & Immobilier,Cobly,+229 89 28 68 41,,,TPE (<10),B2C,CCIB Annuaire,,Actif,2026-06-29T00:22:54.998427,basse
BJ-31BAF038,Menuiserie Cobly,BTP & Immobilier,Cobly,+229 48 89 49 19,menuiseriecobly@outlook.com,menuiseriecobly.bj,Grande (>200),B2C,CCIB Annuaire,,Actif,2026-06-29T00:22:54.998442,haute
BJ-8287DD71,Voirie Habitat Cobly,BTP & Immobilier,Cobly,+229 82 71 74 59,,voiriehabitatcobly.bj,PME (50-200),B2C,CCIB Annuaire,,Actif,2026-06-29T00:22:54.998457,moyenne
BJ-694FBA17,Terrassement,BTP & Immobilier,Cobly,+229 30 71 35 44,terrassement@yahoo.fr,terrassement.bj,PME (50-200),B2B,CCIB Annuaire,,Actif,2026-06-29T00:22:54.998470,haute
BJ-343B097D,Promotion Fondation Bénin,BTP & Immobilier,Cobly,+229 58 12 37 62,,promotionfondationbénin.bj,TPE (<10),B2C,CCIB Annuaire,,Actif,2026-06-29T00:22:54.998488,moyenne
BJ-C90D8F8B,SO Structure Services Tanguiéta,BTP & Immobilier,Tanguiéta,+229 50 70 41 15,s.services@outlook.com,sostructureservicestanguiéta.bj,PME (10-50),B2C,CCIB Annuaire,,Actif,2026-06-29T00:22:54.998512,haute
BJ-77E5FACC,Aménagement,BTP & Immobilier,Tanguiéta,+229 72 82 14 94,aménagement@outlook.com,aménagement.bj,PME (10-50),B2C,CCIB Annuaire,,Actif,2026-06-29T00:22:54.998525,haute
BJ-C8162C43,Isolation,BTP & Immobilier,Tanguiéta,+229 70 89 69 17,,,PME (50-200),B2B,CCIB Annuaire,,Actif,2026-06-29T00:22:54.998536,basse
BJ-06D7D269,Clôturage,BTP & Immobilier,Tanguiéta,+229 82 93 73 17,clôturage@clôturage.bj,,PME (50-200),B2C,CCIB Annuaire,,Actif,2026-06-29T00:22:54.998549,moyenne
BJ-80882C3C,Rénovation,BTP & Immobilier,Tanguiéta,+229 88 52 79 46,rénovation@rénovation.org.bj,rénovation.bj,PME (50-200),B2B,CCIB Annuaire,,Actif,2026-06-29T00:22:54.998563,haute
BJ-A5CD7119,SA Menuiserie,BTP & Immobilier,Matéri,+229 45 36 24 27,menuiserie@samenuiserie.com.bj,samenuiserie.bj,TPE (<10),B2C,CCIB Annuaire,,Actif,2026-06-29T00:22:54.998583,haute
BJ-54BC6360,Bâtiment Bâtiments,BTP & Immobilier,Matéri,+229 35 12 12 87,b.bâtiments@gmail.com,bâtimentbâtiments.bj,Grande (>200),B2B,CCIB Annuaire,,Actif,2026-06-29T00:22:54.998600,haute
BJ-4BC03BC0,Immobilier,BTP & Immobilier,Matéri,+229 29 98 92 28,immobilier@immobilier.bj,immobilier.bj,Grande (>200),B2B,CCIB Annuaire,,Actif,2026-06-29T00:22:54.998616,haute
BJ-F2A0DD0F,Ets Isolation,BTP & Immobilier,Matéri,+229 76 68 29 73,,,PME (50-200),B2C,CCIB Annuaire,,Actif,2026-06-29T00:22:54.998627,basse
BJ-BA57890B,Réhabilitation Ets Matéri,BTP & Immobilier,Matéri,+229 69 65 21 40,r.ets@outlook.com,réhabilitationetsmatéri.bj,PME (50-200),B2C,CCIB Annuaire,,Actif,2026-06-29T00:22:54.998644,haute
BJ-A422BE6D,Rénovation,BTP & Immobilier,Natitingou,+229 28 35 58 47,rénovation@yahoo.com,rénovation.bj,PME (50-200),B2C,CCIB Annuaire,,Actif,2026-06-29T00:22:54.998665,haute
BJ-E848A8DE,SO Aménagement Solutions Natitingou,BTP & Immobilier,Natitingou,+229 44 82 43 55,a.solutions@outlook.com,,PME (10-50),B2B,CCIB Annuaire,,Actif,2026-06-29T00:22:54.998681,moyenne
BJ-FD540E1B,Construction Béton,BTP & Immobilier,Natitingou,+229 48 39 94 83,construction.béton@yahoo.com,constructionbéton.bj,TPE (<10),B2C,CCIB Annuaire,,Actif,2026-06-29T00:22:54.998700,haute
BJ-FEBE4D28,SA Toiture,BTP & Immobilier,Natitingou,+229 73 79 30 32,toiture@satoiture.org.bj,satoiture.bj,PME (10-50),B2C,CCIB Annuaire,,Actif,2026-06-29T00:22:54.998723,haute
BJ-AC4BC6E2,Construction Terrassement,BTP & Immobilier,Natitingou,+229 67 70 29 29,construction.terrassement@constructionter.bj,constructionterrassement.bj,PME (50-200),B2B,CCIB Annuaire,,Actif,2026-06-29T00:22:54.998756,haute
BJ-BCE71CE4,BTP Plomberie Solutions,BTP & Immobilier,Toucountouna,+229 28 82 72 74,btpplomberie@outlook.com,btpplomberiesolutions.bj,TPE (<10),B2C,CCIB Annuaire,,Actif,2026-06-29T00:22:54.998799,haute
BJ-BFCD973C,Peinture Solutions,BTP & Immobilier,Toucountouna,+229 36 28 37 12,,peinturesolutions.bj,TPE (<10),B2B,CCIB Annuaire,,Actif,2026-06-29T00:22:54.998829,moyenne
BJ-155316DE,SCI Location,BTP & Immobilier,Toucountouna,+229 55 37 96 68,sci.location@yahoo.fr,scilocation.bj,PME (10-50),B2B,CCIB Annuaire,,Actif,2026-06-29T00:22:54.998863,haute
BJ-8D013684,SO Plomberie SA,BTP & Immobilier,Toucountouna,+229 45 34 26 96,plomberie@yahoo.fr,,PME (10-50),B2C,CCIB Annuaire,,Actif,2026-06-29T00:22:54.998902,moyenne
BJ-580D0150,SO Habitat,BTP & Immobilier,Toucountouna,+229 59 80 84 99,habitat@sohabitat.bj,sohabitat.bj,TPE (<10),B2C,CCIB Annuaire,,Actif,2026-06-29T00:22:54.998920,haute
BJ-2D580E93,Promotion Syndic SARL Boukoumbé,BTP & Immobilier,Boukoumbé,+229 45 82 75 65,,,TPE (<10),B2B,CCIB Annuaire,,Actif,2026-06-29T00:22:54.998940,basse
BJ-83CD119E,Urbanisme Cabinet,BTP & Immobilier,Boukoumbé,+229 52 18 48 85,urbanisme_cabinet@yahoo.fr,urbanismecabinet.bj,PME (50-200),B2C,CCIB Annuaire,,Actif,2026-06-29T00:22:54.998957,haute
BJ-8585A75F,BTP Bâtiment,BTP & Immobilier,Boukoumbé,+229 68 44 61 15,,btpbâtiment.bj,PME (10-50),B2B,CCIB Annuaire,,Actif,2026-06-29T00:22:54.998971,moyenne
BJ-1FAF937E,Fondation,BTP & Immobilier,Boukoumbé,+229 73 17 65 89,fondation@outlook.com,,TPE (<10),B2B,CCIB Annuaire,,Actif,2026-06-29T00:22:54.998988,moyenne
BJ-174B1168,Ferronnerie,BTP & Immobilier,Boukoumbé,+229 54 18 69 52,ferronnerie@ferronnerie.bj,,PME (10-50),B2C,CCIB Annuaire,,Actif,2026-06-29T00:22:54.999001,moyenne
BJ-2AF3925B,Construction Syndic,BTP & Immobilier,Kouandé,+229 92 12 93 32,,constructionsyndic.bj,PME (50-200),B2B,CCIB Annuaire,,Actif,2026-06-29T00:22:54.999020,moyenne
BJ-FB699EAE,Ets Aménagement SARL,BTP & Immobilier,Kouandé,+229 67 18 23 65,,,PME (10-50),B2B,CCIB Annuaire,,Actif,2026-06-29T00:22:54.999031,basse
BJ-88C7E26D,Bâtiment Solutions,BTP & Immobilier,Kouandé,+229 79 13 60 37,,,Grande (>200),B2C,CCIB Annuaire,,Actif,2026-06-29T00:22:54.999050,basse
BJ-96D2C942,Construction Ferronnerie Bénin,BTP & Immobilier,Kouandé,+229 82 93 58 77,c.ferronnerie@hotmail.com,constructionferronneriebénin.bj,PME (10-50),B2B,CCIB Annuaire,,Actif,2026-06-29T00:22:54.999081,haute
BJ-D1E73BAE,Habitat Habitat,BTP & Immobilier,Péhunco,+229 61 63 77 52,,habitathabitat.bj,TPE (<10),B2B,CCIB Annuaire,,Actif,2026-06-29T00:22:54.999099,moyenne
BJ-C64DE70C,Menuiserie International,BTP & Immobilier,Péhunco,+229 76 68 71 54,m.international@hotmail.com,menuiserieinternational.bj,Grande (>200),B2B,CCIB Annuaire,,Actif,2026-06-29T00:22:54.999132,haute
BJ-A83EC172,Ferronnerie,BTP & Immobilier,Péhunco,+229 32 52 23 74,ferronnerie@yahoo.com,,TPE (<10),B2C,CCIB Annuaire,,Actif,2026-06-29T00:22:54.999145,moyenne
BJ-32270447,Ferronnerie Services,BTP & Immobilier,Péhunco,+229 98 58 39 48,f.services@yahoo.com,,PME (50-200),B2C,CCIB Annuaire,,Actif,2026-06-29T00:22:54.999159,moyenne
BJ-88400224,Maison Solutions,BTP & Immobilier,Tchaourou,+229 51 27 84 67,,maisonsolutions.bj,TPE (<10),B2B,CCIB Annuaire,,Actif,2026-06-29T00:22:54.999177,moyenne
BJ-DE9F3CE4,Promotion,BTP & Immobilier,Tchaourou,+229 39 66 64 95,promotion@outlook.com,promotion.bj,Grande (>200),B2C,CCIB Annuaire,,Actif,2026-06-29T00:22:54.999190,haute
BJ-7223F929,Ets Habitat,BTP & Immobilier,Tchaourou,+229 78 89 85 90,etshabitat@etshabitat.com.bj,etshabitat.bj,PME (10-50),B2C,CCIB Annuaire,,Actif,2026-06-29T00:22:54.999223,haute
BJ-88E4DA36,SA Promotion Tchaourou,BTP & Immobilier,Tchaourou,+229 28 97 72 17,promotion.tchaourou@outlook.com,,TPE (<10),B2C,CCIB Annuaire,,Actif,2026-06-29T00:22:54.999241,moyenne
BJ-2E534EB2,BTP Syndic Bâtiments,BTP & Immobilier,Tchaourou,+229 68 56 98 33,,,TPE (<10),B2B,CCIB Annuaire,,Actif,2026-06-29T00:22:54.999252,basse
BJ-9916E2D9,Bâtiment Cabinet,BTP & Immobilier,Nikki,+229 55 95 36 36,bâtimentcabinet@bâtimentcabinet.com.bj,bâtimentcabinet.bj,PME (10-50),B2C,CCIB Annuaire,,Actif,2026-06-29T00:22:54.999280,haute
BJ-1151E8EF,Promotion Urbanisme Nikki,BTP & Immobilier,Nikki,+229 80 36 80 53,promotionurbanisme@promotionurbani.com.bj,promotionurbanismenikki.bj,TPE (<10),B2C,CCIB Annuaire,,Actif,2026-06-29T00:22:54.999298,haute
BJ-7D6526B6,Construction Architecte Nikki,BTP & Immobilier,Nikki,+229 28 46 65 84,,,PME (50-200),B2C,CCIB Annuaire,,Actif,2026-06-29T00:22:54.999309,basse
BJ-51B4EEB5,Ets Plomberie,BTP & Immobilier,Nikki,+229 31 51 82 79,e.plomberie@outlook.com,etsplomberie.bj,PME (50-200),B2C,CCIB Annuaire,,Actif,2026-06-29T00:22:54.999324,haute
BJ-30524226,Groupe Maçonnerie SA,BTP & Immobilier,Nikki,+229 64 13 31 52,,groupemaçonneriesa.bj,TPE (<10),B2B,CCIB Annuaire,,Actif,2026-06-29T00:22:54.999336,moyenne
BJ-3767C501,Réhabilitation,BTP & Immobilier,Bembéréké,+229 56 71 39 75,,,PME (10-50),B2B,CCIB Annuaire,,Actif,2026-06-29T00:22:54.999354,basse
BJ-9B3DD6D2,Groupe Aménagement,BTP & Immobilier,Bembéréké,+229 52 42 65 70,groupeaménagement@yahoo.fr,,PME (50-200),B2B,CCIB Annuaire,,Actif,2026-06-29T00:22:54.999373,moyenne
BJ-1378B285,Structure,BTP & Immobilier,Bembéréké,+229 86 96 16 12,structure@structure.org.bj,structure.bj,PME (50-200),B2B,CCIB Annuaire,,Actif,2026-06-29T00:22:54.999394,haute
BJ-C2AC4E8E,Groupe Plomberie Bembéréké,BTP & Immobilier,Bembéréké,+229 36 48 84 49,,groupeplomberiebembéréké.bj,PME (10-50),B2C,CCIB Annuaire,,Actif,2026-06-29T00:22:54.999408,moyenne
BJ-8AC01264,Réhabilitation Bembéréké,BTP & Immobilier,Bembéréké,+229 63 36 32 82,réhabilitation.bembéréké@réhabilitationb.bj,réhabilitationbembéréké.bj,PME (50-200),B2C,CCIB Annuaire,,Actif,2026-06-29T00:22:54.999426,haute
BJ-E5722172,Gestion,BTP & Immobilier,Kalalé,+229 38 85 21 90,gestion@gestion.com.bj,,TPE (<10),B2C,CCIB Annuaire,,Actif,2026-06-29T00:22:54.999446,moyenne
BJ-0C5DC9D3,Terrassement,BTP & Immobilier,Kalalé,+229 64 24 14 77,terrassement@terrassement.bj,terrassement.bj,TPE (<10),B2B,CCIB Annuaire,,Actif,2026-06-29T00:22:54.999460,haute
BJ-3CE2B4B9,Location Africa Kalalé,BTP & Immobilier,Kalalé,+229 56 18 55 65,l.africa@locationafricak.org.bj,locationafricakalalé.bj,Grande (>200),B2C,CCIB Annuaire,,Actif,2026-06-29T00:22:54.999477,haute
BJ-F3E8BCAC,Clôturage Construction Kalalé,BTP & Immobilier,Kalalé,+229 85 76 53 52,,clôturageconstructionkalalé.bj,Grande (>200),B2C,CCIB Annuaire,,Actif,2026-06-29T00:22:54.999490,moyenne
BJ-07536583,Ets Réhabilitation,BTP & Immobilier,Kalalé,+229 28 14 94 74,etsréhabilitation@etsréhabilitati.com.bj,,PME (50-200),B2B,CCIB Annuaire,,Actif,2026-06-29T00:22:54.999506,moyenne
BJ-0C4BBE99,Clôturage,BTP & Immobilier,Ndali,+229 70 57 29 39,,clôturage.bj,PME (50-200),B2C,CCIB Annuaire,,Actif,2026-06-29T00:22:54.999524,moyenne
BJ-9A6639E2,SARL Terrassement Ndali,BTP & Immobilier,Ndali,+229 42 57 98 62,,,PME (10-50),B2B,CCIB Annuaire,,Actif,2026-06-29T00:22:54.999554,basse
BJ-E90A8203,Cabinet Toiture,BTP & Immobilier,Ndali,+229 76 71 88 63,cabinet.toiture@cabinettoiture.com.bj,,PME (50-200),B2C,CCIB Annuaire,,Actif,2026-06-29T00:22:54.999571,moyenne
BJ-E03FBBD8,Cabinet Réhabilitation Bénin,BTP & Immobilier,Ndali,+229 51 38 92 41,cabinet_réhabilitation@gmail.com,cabinetréhabilitationbénin.bj,PME (10-50),B2B,CCIB Annuaire,,Actif,2026-06-29T00:22:54.999588,haute
BJ-8DCC263F,SA Architecte,BTP & Immobilier,Ségbana,+229 56 86 65 68,architecte@saarchitecte.org.bj,saarchitecte.bj,PME (50-200),B2B,CCIB Annuaire,,Actif,2026-06-29T00:22:54.999609,haute
BJ-F3F76A7B,Menuiserie,BTP & Immobilier,Ségbana,+229 85 10 32 15,,,PME (10-50),B2C,CCIB Annuaire,,Actif,2026-06-29T00:22:54.999619,basse
BJ-E38661D7,Construction Architecte,BTP & Immobilier,Ségbana,+229 66 24 75 21,,constructionarchitecte.bj,PME (50-200),B2B,CCIB Annuaire,,Actif,2026-06-29T00:22:54.999644,moyenne
BJ-91C382B2,Cabinet Architecte Construction,BTP & Immobilier,Ségbana,+229 66 33 60 55,,cabinetarchitecteconstruction.bj,PME (10-50),B2C,CCIB Annuaire,,Actif,2026-06-29T00:22:54.999660,moyenne
BJ-A5A7BDA6,Cabinet Ingénierie Construction,BTP & Immobilier,Tchaourou,+229 80 38 12 16,cabinetingénierie@cabinetingénier.com.bj,,PME (50-200),B2B,CCIB Annuaire,,Actif,2026-06-29T00:22:54.999683,moyenne
BJ-3A70852C,Plomberie Groupe,BTP & Immobilier,Tchaourou,+229 56 67 75 68,plomberie_groupe@plomberiegroupe.org.bj,plomberiegroupe.bj,Grande (>200),B2C,CCIB Annuaire,,Actif,2026-06-29T00:22:54.999699,haute
BJ-855FB93C,Ets Isolation Africa Tchaourou,BTP & Immobilier,Tchaourou,+229 40 38 29 68,,etsisolationafricatchaourou.bj,PME (10-50),B2C,CCIB Annuaire,,Actif,2026-06-29T00:22:54.999714,moyenne
BJ-B74DCA2D,Béton Promotion Tchaourou,BTP & Immobilier,Tchaourou,+229 32 21 12 99,béton.promotion@yahoo.com,,TPE (<10),B2B,CCIB Annuaire,,Actif,2026-06-29T00:22:54.999734,moyenne
BJ-EE37764F,Cabinet Urbanisme,BTP & Immobilier,Bétérou,+229 77 52 38 47,cabineturbanisme@yahoo.fr,cabineturbanisme.bj,PME (10-50),B2B,CCIB Annuaire,,Actif,2026-06-29T00:22:54.999766,haute
BJ-F01B0DC2,Ets Plomberie,BTP & Immobilier,Bétérou,+229 29 68 40 27,,,TPE (<10),B2B,CCIB Annuaire,,Actif,2026-06-29T00:22:54.999778,basse
BJ-FA8DC05A,Ets Terrassement,BTP & Immobilier,Bétérou,+229 79 43 35 36,,,PME (10-50),B2C,CCIB Annuaire,,Actif,2026-06-29T00:22:54.999788,basse
BJ-A37BDC58,Réhabilitation,BTP & Immobilier,Bétérou,+229 53 96 11 49,,,TPE (<10),B2B,CCIB Annuaire,,Actif,2026-06-29T00:22:54.999799,basse
BJ-6618D085,Cabinet Construction Bénin,BTP & Immobilier,Bétérou,+229 70 36 45 91,cabinet_construction@yahoo.com,,Grande (>200),B2B,CCIB Annuaire,,Actif,2026-06-29T00:22:54.999814,moyenne
BJ-0FECD9C7,Construction,BTP & Immobilier,Ouessè,+229 62 90 97 18,construction@construction.com.bj,construction.bj,PME (10-50),B2B,CCIB Annuaire,,Actif,2026-06-29T00:22:54.999834,haute
BJ-66840D41,Isolation,BTP & Immobilier,Ouessè,+229 25 58 65 55,isolation@yahoo.com,isolation.bj,PME (50-200),B2B,CCIB Annuaire,,Actif,2026-06-29T00:22:54.999848,haute
BJ-E9BD84AF,Aménagement,BTP & Immobilier,Ouessè,+229 97 15 50 34,aménagement@aménagement.org.bj,aménagement.bj,TPE (<10),B2C,CCIB Annuaire,,Actif,2026-06-29T00:22:54.999870,haute
BJ-A324224E,Groupe Construction Groupe,BTP & Immobilier,Ouessè,+229 29 64 55 33,groupe.construction@groupeconstruct.org.bj,groupeconstructiongroupe.bj,TPE (<10),B2B,CCIB Annuaire,,Actif,2026-06-29T00:22:54.999888,haute
BJ-7CA6141E,Location Bénin,BTP & Immobilier,Ouessè,+229 97 98 63 24,,,PME (10-50),B2C,CCIB Annuaire,,Actif,2026-06-29T00:22:54.999916,basse
BJ-99D87815,Promotion Maison SARL,BTP & Immobilier,Glazoué,+229 35 36 90 47,promotionmaison@gmail.com,promotionmaisonsarl.bj,TPE (<10),B2B,CCIB Annuaire,,Actif,2026-06-29T00:22:54.999940,haute
BJ-18856F54,Syndic Ets Glazoué,BTP & Immobilier,Glazoué,+229 31 61 38 34,syndicets@yahoo.com,,TPE (<10),B2C,CCIB Annuaire,,Actif,2026-06-29T00:22:54.999956,moyenne
BJ-27A38771,Groupe Fondation,BTP & Immobilier,Glazoué,+229 73 58 14 88,,,PME (10-50),B2C,CCIB Annuaire,,Actif,2026-06-29T00:22:54.999967,basse
BJ-A1907DB2,Ets Aménagement Glazoué,BTP & Immobilier,Glazoué,+229 90 11 59 17,etsaménagement@yahoo.com,etsaménagementglazoué.bj,TPE (<10),B2B,CCIB Annuaire,,Actif,2026-06-29T00:22:54.999985,haute
BJ-8D781D35,Aménagement,BTP & Immobilier,Glazoué,+229 46 94 21 38,,,PME (10-50),B2B,CCIB Annuaire,,Actif,2026-06-29T00:22:54.999996,basse
BJ-91E1298B,Ets Maçonnerie,BTP & Immobilier,Dassa-Zoumè,+229 31 90 40 91,etsmaçonnerie@etsmaçonnerie.com.bj,etsmaçonnerie.bj,TPE (<10),B2B,CCIB Annuaire,,Actif,2026-06-29T00:22:55.000020,haute
BJ-A2CA8D7C,Structure,BTP & Immobilier,Dassa-Zoumè,+229 31 84 29 64,structure@yahoo.com,,TPE (<10),B2B,CCIB Annuaire,,Actif,2026-06-29T00:22:55.000034,moyenne
BJ-765D7A1E,Copropriété SARL,BTP & Immobilier,Dassa-Zoumè,+229 86 74 25 48,copropriété.sarl@hotmail.com,copropriétésarl.bj,TPE (<10),B2B,CCIB Annuaire,,Actif,2026-06-29T00:22:55.000054,haute
BJ-3F43C412,Terrassement Habitat Dassa-Zoumè,BTP & Immobilier,Dassa-Zoumè,+229 31 99 94 11,t.habitat@gmail.com,terrassementhabitatdassazoumè.bj,TPE (<10),B2C,CCIB Annuaire,,Actif,2026-06-29T00:22:55.000073,haute
BJ-C1979187,SCI Terrassement SA Dassa-Zoumè,BTP & Immobilier,Dassa-Zoumè,+229 94 33 53 45,sci_terrassement@outlook.com,sciterrassementsadassazoumè.bj,TPE (<10),B2C,CCIB Annuaire,,Actif,2026-06-29T00:22:55.000091,haute
BJ-228D37D4,Promotion Bénin,BTP & Immobilier,Savalou,+229 89 13 54 45,promotion.bénin@promotionbénin.bj,promotionbénin.bj,TPE (<10),B2B,CCIB Annuaire,,Actif,2026-06-29T00:22:55.000114,haute
BJ-1538305A,Promotion Gestion SA,BTP & Immobilier,Savalou,+229 75 64 96 56,promotiongestion@outlook.com,promotiongestionsa.bj,PME (50-200),B2C,CCIB Annuaire,,Actif,2026-06-29T00:22:55.000130,haute
BJ-06BF93D3,Ingénierie Bâtiments,BTP & Immobilier,Savalou,+229 93 68 21 64,ingénierie.bâtiments@ingénieriebâtim.bj,,TPE (<10),B2C,CCIB Annuaire,,Actif,2026-06-29T00:22:55.000146,moyenne
BJ-AC8339CD,SARL Urbanisme Solutions,BTP & Immobilier,Savalou,+229 77 20 90 28,s.urbanisme@outlook.com,sarlurbanismesolutions.bj,PME (10-50),B2C,CCIB Annuaire,,Actif,2026-06-29T00:22:55.000162,haute
BJ-DBA7872D,SARL Toiture Cabinet,BTP & Immobilier,Savalou,+229 20 96 12 58,s.toiture@gmail.com,sarltoiturecabinet.bj,Grande (>200),B2B,CCIB Annuaire,,Actif,2026-06-29T00:22:55.000177,haute
BJ-8BC9F20C,Promotion Maçonnerie Groupe,BTP & Immobilier,Bantè,+229 42 95 17 97,promotion_maçonnerie@gmail.com,,Grande (>200),B2C,CCIB Annuaire,,Actif,2026-06-29T00:22:55.000216,moyenne
BJ-6B4D857A,SCI Structure Bantè,BTP & Immobilier,Bantè,+229 42 13 81 79,s.structure@outlook.com,,TPE (<10),B2C,CCIB Annuaire,,Actif,2026-06-29T00:22:55.000238,moyenne
BJ-8CC0EFA8,SA Plomberie,BTP & Immobilier,Bantè,+229 42 87 15 24,,saplomberie.bj,PME (50-200),B2C,CCIB Annuaire,,Actif,2026-06-29T00:22:55.000252,moyenne
BJ-682BC9B1,SARL Clôturage SARL,BTP & Immobilier,Bantè,+229 57 86 94 75,s.clôturage@yahoo.com,,TPE (<10),B2B,CCIB Annuaire,,Actif,2026-06-29T00:22:55.000271,moyenne
BJ-1E57A3B0,Promotion Djougou,BTP & Immobilier,Djougou,+229 75 97 85 86,,,TPE (<10),B2C,CCIB Annuaire,,Actif,2026-06-29T00:22:55.000290,basse
BJ-D0DC4162,Rénovation Construction,BTP & Immobilier,Djougou,+229 45 35 33 43,rénovation.construction@yahoo.fr,rénovationconstruction.bj,PME (50-200),B2C,CCIB Annuaire,,Actif,2026-06-29T00:22:55.000307,haute
BJ-98FFCFD6,Gestion Groupe,BTP & Immobilier,Djougou,+229 99 20 28 76,gestion.groupe@gestiongroupe.bj,,TPE (<10),B2C,CCIB Annuaire,,Actif,2026-06-29T00:22:55.000322,moyenne
BJ-E5BD5A0B,Groupe Fondation Cabinet,BTP & Immobilier,Djougou,+229 92 93 50 13,groupe.fondation@yahoo.com,groupefondationcabinet.bj,PME (50-200),B2C,CCIB Annuaire,,Actif,2026-06-29T00:22:55.000338,haute
BJ-416A7476,Rénovation Ets,BTP & Immobilier,Djougou,+229 80 21 71 93,,rénovationets.bj,TPE (<10),B2B,CCIB Annuaire,,Actif,2026-06-29T00:22:55.000351,moyenne
BJ-485700ED,SCI Copropriété,BTP & Immobilier,Ouèssè,+229 80 51 56 38,s.copropriété@scicopropriété.org.bj,,PME (50-200),B2C,CCIB Annuaire,,Actif,2026-06-29T00:22:55.000377,moyenne
BJ-3760C231,Terrassement Bénin,BTP & Immobilier,Ouèssè,+229 31 41 79 98,t.bénin@hotmail.com,terrassementbénin.bj,TPE (<10),B2B,CCIB Annuaire,,Actif,2026-06-29T00:22:55.000413,haute
BJ-123A7329,Architecte Promotion,BTP & Immobilier,Ouèssè,+229 85 85 89 15,a.promotion@architectepromo.bj,architectepromotion.bj,PME (50-200),B2C,CCIB Annuaire,,Actif,2026-06-29T00:22:55.000431,haute
BJ-76540D9C,Groupe Ingénierie Habitat,BTP & Immobilier,Ouèssè,+229 56 12 56 20,g.ingénierie@groupeingénieri.com.bj,groupeingénieriehabitat.bj,PME (50-200),B2B,CCIB Annuaire,,Actif,2026-06-29T00:22:55.000449,haute
BJ-6AE92917,SCI Habitat Services,BTP & Immobilier,Bassila,+229 37 33 78 95,sci.habitat@yahoo.com,,PME (10-50),B2C,CCIB Annuaire,,Actif,2026-06-29T00:22:55.000471,moyenne
BJ-045AC825,SA Menuiserie SARL,BTP & Immobilier,Bassila,+229 55 20 39 35,menuiserie_sarl@yahoo.com,,PME (50-200),B2C,CCIB Annuaire,,Actif,2026-06-29T00:22:55.000528,moyenne
BJ-F7B161C1,SA Fondation,BTP & Immobilier,Bassila,+229 90 20 50 24,fondation@hotmail.com,safondation.bj,PME (10-50),B2C,CCIB Annuaire,,Actif,2026-06-29T00:22:55.000564,haute
BJ-21EE4871,Copropriété Bénin Bassila,BTP & Immobilier,Bassila,+229 76 82 36 86,,copropriétébéninbassila.bj,TPE (<10),B2C,CCIB Annuaire,,Actif,2026-06-29T00:22:55.000594,moyenne
BJ-66D6ED04,Groupe Aménagement Promotion,BTP & Immobilier,Pehunco,+229 43 77 64 42,groupe.aménagement@groupeaménageme.bj,,TPE (<10),B2C,CCIB Annuaire,,Actif,2026-06-29T00:22:55.000645,moyenne
BJ-33AC28C9,SA Béton,BTP & Immobilier,Pehunco,+229 95 97 58 85,béton@yahoo.fr,sabéton.bj,TPE (<10),B2C,CCIB Annuaire,,Actif,2026-06-29T00:22:55.000678,haute
BJ-AE571714,Promotion Ferronnerie Cabinet,BTP & Immobilier,Pehunco,+229 51 30 59 32,promotion.ferronnerie@yahoo.fr,,PME (10-50),B2B,CCIB Annuaire,,Actif,2026-06-29T00:22:55.000718,moyenne
BJ-64BB077F,SO Promotion Pehunco,BTP & Immobilier,Pehunco,+229 47 62 63 84,promotionpehunco@outlook.com,sopromotionpehunco.bj,TPE (<10),B2B,CCIB Annuaire,,Actif,2026-06-29T00:22:55.000753,haute
BJ-5DF295BD,Rénovation Groupe,BTP & Immobilier,Pehunco,+229 23 70 12 74,r.groupe@yahoo.fr,,TPE (<10),B2B,CCIB Annuaire,,Actif,2026-06-29T00:22:55.000789,moyenne
BJ-F119359F,Construction Structure Bâtiments,BTP & Immobilier,Copargo,+229 78 67 10 22,c.structure@outlook.com,,TPE (<10),B2B,CCIB Annuaire,,Actif,2026-06-29T00:22:55.000834,moyenne
BJ-76049B91,Cabinet Structure Groupe,BTP & Immobilier,Copargo,+229 20 86 40 26,cabinet.structure@yahoo.fr,,TPE (<10),B2B,CCIB Annuaire,,Actif,2026-06-29T00:22:55.000864,moyenne
BJ-22D53C44,Cabinet Structure,BTP & Immobilier,Copargo,+229 33 24 56 26,cabinetstructure@hotmail.com,,TPE (<10),B2C,CCIB Annuaire,,Actif,2026-06-29T00:22:55.000905,moyenne
BJ-DF4A588C,Groupe Immobilier,BTP & Immobilier,Copargo,+229 59 59 56 22,groupe.immobilier@groupeimmobilie.com.bj,groupeimmobilier.bj,TPE (<10),B2B,CCIB Annuaire,,Actif,2026-06-29T00:22:55.000941,haute
BJ-6B09E6CB,Ets Plomberie Copargo,BTP & Immobilier,Copargo,+229 98 34 97 58,,etsplomberiecopargo.bj,PME (50-200),B2B,CCIB Annuaire,,Actif,2026-06-29T00:22:55.000971,moyenne
BJ-DC865FEE,Distribution Meuble Ets,Commerce & Distribution,Cotonou,+229 69 68 49 43,distribution.meuble@hotmail.com,,PME (10-50),B2C,CCIB Annuaire,,Actif,2026-06-29T00:22:55.001028,moyenne
BJ-1B44FEEC,Carry Distribution,Commerce & Distribution,Cotonou,+229 92 66 62 89,c.distribution@hotmail.com,carrydistribution.bj,PME (10-50),B2C,CCIB Annuaire,,Actif,2026-06-29T00:22:55.001058,haute
BJ-27105DBB,Supermarché Groupe,Commerce & Distribution,Cotonou,+229 36 74 60 84,s.groupe@hotmail.com,,TPE (<10),B2B/B2C,CCIB Annuaire,,Actif,2026-06-29T00:22:55.001099,moyenne
BJ-F57BD8FC,Magasin Outillage,Commerce & Distribution,Cotonou,+229 98 93 71 67,magasin_outillage@magasinoutillag.com.bj,,PME (50-200),B2B/B2C,CCIB Annuaire,,Actif,2026-06-29T00:22:55.001137,moyenne
BJ-773A41C8,Shop Alimentaire,Commerce & Distribution,Cotonou,+229 71 27 24 80,,shopalimentaire.bj,Grande (>200),B2C,CCIB Annuaire,,Actif,2026-06-29T00:22:55.001151,moyenne
BJ-8D942558,Moto Distribution,Commerce & Distribution,Abomey-Calavi,+229 28 76 57 41,,,PME (10-50),B2B/B2C,CCIB Annuaire,,Actif,2026-06-29T00:22:55.001173,basse
BJ-4BE0F97C,Commerce Automobile,Commerce & Distribution,Abomey-Calavi,+229 65 17 80 25,,commerceautomobile.bj,PME (10-50),B2C,CCIB Annuaire,,Actif,2026-06-29T00:22:55.001185,moyenne
BJ-19BFD580,Magasin Commerce Bénin,Commerce & Distribution,Abomey-Calavi,+229 26 67 85 33,magasincommerce@yahoo.com,magasincommercebénin.bj,TPE (<10),B2B/B2C,CCIB Annuaire,,Actif,2026-06-29T00:22:55.001203,haute
BJ-4BD46E65,Magasin Jouets,Commerce & Distribution,Abomey-Calavi,+229 39 79 69 17,m.jouets@magasinjouets.org.bj,,PME (10-50),B2C,CCIB Annuaire,,Actif,2026-06-29T00:22:55.001219,moyenne
BJ-ABB9FB1D,Commerce Décoration Store,Commerce & Distribution,Abomey-Calavi,+229 25 17 42 67,,,PME (10-50),B2C,CCIB Annuaire,,Actif,2026-06-29T00:22:55.001231,basse
BJ-B16EC8E3,Ets Supply International,Commerce & Distribution,Porto-Novo,+229 82 80 51 47,ets.supply@hotmail.com,,Grande (>200),B2B/B2C,CCIB Annuaire,,Actif,2026-06-29T00:22:55.001253,moyenne
BJ-C0DDE55F,Parfumerie Distribution,Commerce & Distribution,Porto-Novo,+229 30 27 92 81,,,PME (10-50),B2C,CCIB Annuaire,,Actif,2026-06-29T00:22:55.001265,basse
BJ-E30DC97F,Shop Quincaillerie SARL,Commerce & Distribution,Porto-Novo,+229 40 14 50 86,shop.quincaillerie@shopquincailler.bj,,PME (10-50),B2B/B2C,CCIB Annuaire,,Actif,2026-06-29T00:22:55.001284,moyenne
BJ-E7D0126F,Commerce Stock,Commerce & Distribution,Porto-Novo,+229 42 87 10 46,,,PME (10-50),B2C,CCIB Annuaire,,Actif,2026-06-29T00:22:55.001296,basse
BJ-494A2867,Ets Distribution,Commerce & Distribution,Porto-Novo,+229 74 56 85 12,,etsdistribution.bj,PME (10-50),B2C,CCIB Annuaire,,Actif,2026-06-29T00:22:55.001308,moyenne
BJ-65167842,Super Discount,Commerce & Distribution,Parakou,+229 84 62 93 40,superdiscount@superdiscount.org.bj,,TPE (<10),B2C,CCIB Annuaire,,Actif,2026-06-29T00:22:55.001333,moyenne
BJ-AF6541F2,Ets Hypermarché,Commerce & Distribution,Parakou,+229 90 84 44 15,e.hypermarché@etshypermarché.bj,,PME (10-50),B2C,CCIB Annuaire,,Actif,2026-06-29T00:22:55.001352,moyenne
BJ-84B38D17,Commerce Hard Bénin Parakou,Commerce & Distribution,Parakou,+229 91 58 57 84,c.hard@commercehardbén.bj,,PME (10-50),B2C,CCIB Annuaire,,Actif,2026-06-29T00:22:55.001369,moyenne
BJ-D828A85E,Marché Moto Parakou,Commerce & Distribution,Parakou,+229 50 19 85 30,,,TPE (<10),B2C,CCIB Annuaire,,Actif,2026-06-29T00:22:55.001397,basse
BJ-EEFD8CD8,Ets Mode SARL,Commerce & Distribution,Bohicon,+229 70 61 74 42,,etsmodesarl.bj,PME (10-50),B2B/B2C,CCIB Annuaire,,Actif,2026-06-29T00:22:55.001415,moyenne
BJ-9451E3D1,Supply Market,Commerce & Distribution,Bohicon,+229 73 96 83 48,supply.market@supplymarket.org.bj,,PME (50-200),B2B/B2C,CCIB Annuaire,,Actif,2026-06-29T00:22:55.001431,moyenne
BJ-A4FAE2EB,Marché Magasin,Commerce & Distribution,Bohicon,+229 66 68 14 45,,,PME (50-200),B2B/B2C,CCIB Annuaire,,Actif,2026-06-29T00:22:55.001445,basse
BJ-6DE22DFD,Centre Supply Commerce,Commerce & Distribution,Bohicon,+229 23 72 49 86,centre.supply@centresupplycom.com.bj,,PME (10-50),B2C,CCIB Annuaire,,Actif,2026-06-29T00:22:55.001472,moyenne
BJ-0D214F89,Cosmétique Shop Natitingou,Commerce & Distribution,Natitingou,+229 94 42 78 43,,,Grande (>200),B2C,CCIB Annuaire,,Actif,2026-06-29T00:22:55.001490,basse
BJ-BD8A655D,Hard,Commerce & Distribution,Natitingou,+229 37 97 98 26,hard@hard.org.bj,,PME (10-50),B2B/B2C,CCIB Annuaire,,Actif,2026-06-29T00:22:55.001504,moyenne
BJ-C8D76553,Bricolage Store,Commerce & Distribution,Natitingou,+229 40 92 89 36,b.store@bricolagestore.bj,,PME (50-200),B2B/B2C,CCIB Annuaire,,Actif,2026-06-29T00:22:55.001534,moyenne
BJ-775D30D3,Super Cosmétique,Commerce & Distribution,Lokossa,+229 84 31 88 91,,supercosmétique.bj,PME (10-50),B2C,CCIB Annuaire,,Actif,2026-06-29T00:22:55.001563,moyenne
BJ-112E9D82,Super Commerce Lokossa,Commerce & Distribution,Lokossa,+229 30 86 41 64,,supercommercelokossa.bj,PME (10-50),B2B/B2C,CCIB Annuaire,,Actif,2026-06-29T00:22:55.001576,moyenne
BJ-C6F80CF1,Parfumerie Bénin,Commerce & Distribution,Lokossa,+229 23 68 85 40,p.bénin@gmail.com,parfumeriebénin.bj,PME (10-50),B2B/B2C,CCIB Annuaire,,Actif,2026-06-29T00:22:55.001595,haute
BJ-31A75C61,Bricolage,Commerce & Distribution,Lokossa,+229 56 18 96 25,bricolage@outlook.com,,TPE (<10),B2C,CCIB Annuaire,,Actif,2026-06-29T00:22:55.001610,moyenne
BJ-3C32D9D4,Centre Bricolage,Commerce & Distribution,Lokossa,+229 74 79 91 14,centre.bricolage@gmail.com,centrebricolage.bj,TPE (<10),B2B/B2C,CCIB Annuaire,,Actif,2026-06-29T00:22:55.001628,haute
BJ-EE43739B,Marché Stock SARL Ouidah,Commerce & Distribution,Ouidah,+229 34 18 97 25,marché.stock@marchéstocksarl.bj,marchéstocksarlouidah.bj,PME (10-50),B2B/B2C,CCIB Annuaire,,Actif,2026-06-29T00:22:55.001654,haute
BJ-91F8589D,Alimentaire Market Ouidah,Commerce & Distribution,Ouidah,+229 47 65 56 83,alimentaire_market@yahoo.fr,alimentairemarketouidah.bj,TPE (<10),B2C,CCIB Annuaire,,Actif,2026-06-29T00:22:55.001671,haute
BJ-1EE115B6,Ets Boutique,Commerce & Distribution,Ouidah,+229 42 62 27 77,,,Grande (>200),B2B/B2C,CCIB Annuaire,,Actif,2026-06-29T00:22:55.001681,basse
BJ-2A4B5EDA,Chaussures,Commerce & Distribution,Ouidah,+229 34 12 83 53,chaussures@chaussures.org.bj,chaussures.bj,PME (10-50),B2B/B2C,CCIB Annuaire,,Actif,2026-06-29T00:22:55.001703,haute
BJ-B3D305BA,Mode Commerce,Commerce & Distribution,Ouidah,+229 33 45 65 15,mode.commerce@modecommerce.bj,,TPE (<10),B2C,CCIB Annuaire,,Actif,2026-06-29T00:22:55.001730,moyenne
BJ-69C100DE,Centre Quincaillerie,Commerce & Distribution,Savalou,+229 33 68 45 57,c.quincaillerie@centrequincaill.com.bj,,PME (50-200),B2C,CCIB Annuaire,,Actif,2026-06-29T00:22:55.001806,moyenne
BJ-698CAAB1,Shop Chaussures Shop,Commerce & Distribution,Savalou,+229 43 94 59 37,,shopchaussuresshop.bj,PME (50-200),B2B/B2C,CCIB Annuaire,,Actif,2026-06-29T00:22:55.001844,moyenne
BJ-E5FB3BA3,Sport Market,Commerce & Distribution,Savalou,+229 67 30 83 49,sport.market@hotmail.com,sportmarket.bj,TPE (<10),B2B/B2C,CCIB Annuaire,,Actif,2026-06-29T00:22:55.001879,haute
BJ-7BCFF241,Jardin Market Savalou,Commerce & Distribution,Savalou,+229 86 43 10 64,jardinmarket@jardinmarketsav.org.bj,jardinmarketsavalou.bj,PME (50-200),B2B/B2C,CCIB Annuaire,,Actif,2026-06-29T00:22:55.001916,haute
BJ-193BE9DD,Carry Groupe,Commerce & Distribution,Dassa-Zoumè,+229 34 57 98 56,carry.groupe@gmail.com,,TPE (<10),B2B/B2C,CCIB Annuaire,,Actif,2026-06-29T00:22:55.001950,moyenne
BJ-0A8A5C8D,Jouets,Commerce & Distribution,Dassa-Zoumè,+229 65 15 11 68,,,PME (50-200),B2B/B2C,CCIB Annuaire,,Actif,2026-06-29T00:22:55.001977,basse
BJ-9D9BD13E,SARL Jardin Bénin,Commerce & Distribution,Dassa-Zoumè,+229 40 86 94 75,s.jardin@hotmail.com,,PME (10-50),B2C,CCIB Annuaire,,Actif,2026-06-29T00:22:55.002014,moyenne
BJ-18DF643B,Boutique Provision Ets,Commerce & Distribution,Dassa-Zoumè,+229 77 69 13 11,boutiqueprovision@outlook.com,boutiqueprovisionets.bj,TPE (<10),B2B/B2C,CCIB Annuaire,,Actif,2026-06-29T00:22:55.002109,haute
BJ-813CE089,Outillage Commerce,Commerce & Distribution,Dassa-Zoumè,+229 55 33 29 52,outillage.commerce@outillagecommer.bj,,PME (10-50),B2C,CCIB Annuaire,,Actif,2026-06-29T00:22:55.002164,moyenne
BJ-5E7E2682,Boutique Ets,Commerce & Distribution,Kétou,+229 44 49 15 49,boutiqueets@yahoo.fr,boutiqueets.bj,TPE (<10),B2C,CCIB Annuaire,,Actif,2026-06-29T00:22:55.002203,haute
BJ-570044A2,Vêtements,Commerce & Distribution,Kétou,+229 20 64 59 63,vêtements@gmail.com,,PME (10-50),B2B/B2C,CCIB Annuaire,,Actif,2026-06-29T00:22:55.002220,moyenne
BJ-9C9D66A4,Ets Jouets International,Commerce & Distribution,Kétou,+229 29 65 33 59,etsjouets@etsjouetsintern.com.bj,,TPE (<10),B2C,CCIB Annuaire,,Actif,2026-06-29T00:22:55.002242,moyenne
BJ-1EB23769,Shop Hypermarché,Commerce & Distribution,Kétou,+229 87 60 33 92,s.hypermarché@yahoo.com,,Grande (>200),B2B/B2C,CCIB Annuaire,,Actif,2026-06-29T00:22:55.002263,moyenne
BJ-2EB608AE,Boutique Mode Kétou,Commerce & Distribution,Kétou,+229 40 68 85 45,b.mode@yahoo.com,boutiquemodekétou.bj,PME (50-200),B2B/B2C,CCIB Annuaire,,Actif,2026-06-29T00:22:55.002281,haute
BJ-697BB54C,Marché,Commerce & Distribution,Covè,+229 35 69 59 37,,,TPE (<10),B2C,CCIB Annuaire,,Actif,2026-06-29T00:22:55.002316,basse
BJ-52399ECB,Distribution Store,Commerce & Distribution,Covè,+229 74 10 20 39,distributionstore@distributionsto.org.bj,distributionstore.bj,TPE (<10),B2C,CCIB Annuaire,,Actif,2026-06-29T00:22:55.002345,haute
BJ-0AD6A8F0,Super Discount Shop,Commerce & Distribution,Covè,+229 32 38 55 77,,,TPE (<10),B2B/B2C,CCIB Annuaire,,Actif,2026-06-29T00:22:55.002357,basse
BJ-DECCEBA7,Meuble,Commerce & Distribution,Covè,+229 46 96 21 11,,meuble.bj,TPE (<10),B2B/B2C,CCIB Annuaire,,Actif,2026-06-29T00:22:55.002370,moyenne
BJ-12A66930,Grossiste International,Commerce & Distribution,Covè,+229 40 37 90 22,grossiste_international@yahoo.fr,,PME (50-200),B2C,CCIB Annuaire,,Actif,2026-06-29T00:22:55.002386,moyenne
BJ-118F195C,Shop Hard Distribution Pobè,Commerce & Distribution,Pobè,+229 64 35 81 73,s.hard@shopharddistrib.bj,,PME (10-50),B2C,CCIB Annuaire,,Actif,2026-06-29T00:22:55.002427,moyenne
BJ-1A42E0EB,Discount,Commerce & Distribution,Pobè,+229 33 22 93 72,,,PME (10-50),B2C,CCIB Annuaire,,Actif,2026-06-29T00:22:55.002450,basse
BJ-20F7D295,Grossiste,Commerce & Distribution,Pobè,+229 34 70 43 60,grossiste@yahoo.com,grossiste.bj,TPE (<10),B2B/B2C,CCIB Annuaire,,Actif,2026-06-29T00:22:55.002478,haute
BJ-EF7587EE,SARL Moto,Commerce & Distribution,Pobè,+229 31 57 58 22,sarl.moto@outlook.com,sarlmoto.bj,TPE (<10),B2B/B2C,CCIB Annuaire,,Actif,2026-06-29T00:22:55.002519,haute
BJ-0AC52237,Centre Supply Ets Sakété,Commerce & Distribution,Sakété,+229 81 83 18 32,centresupply@centresupplyets.org.bj,,PME (10-50),B2B/B2C,CCIB Annuaire,,Actif,2026-06-29T00:22:55.002566,moyenne
BJ-A3BCEEDF,Meuble,Commerce & Distribution,Sakété,+229 25 33 45 42,meuble@meuble.bj,,PME (10-50),B2B/B2C,CCIB Annuaire,,Actif,2026-06-29T00:22:55.002595,moyenne
BJ-8669F56F,Super Provision International,Commerce & Distribution,Sakété,+229 92 37 43 18,super.provision@superprovisioni.bj,,PME (10-50),B2B/B2C,CCIB Annuaire,,Actif,2026-06-29T00:22:55.002627,moyenne
BJ-F24AB858,Distribution Discount Commerce,Commerce & Distribution,Sakété,+229 78 21 22 29,,distributiondiscountcommerce.bj,TPE (<10),B2C,CCIB Annuaire,,Actif,2026-06-29T00:22:55.002656,moyenne
BJ-9E83E85A,Mode,Commerce & Distribution,Sakété,+229 43 63 90 75,,mode.bj,Grande (>200),B2C,CCIB Annuaire,,Actif,2026-06-29T00:22:55.002671,moyenne
BJ-9C95A54A,Commerce Boutique Adjara,Commerce & Distribution,Adjara,+229 33 51 68 91,commerce.boutique@commerceboutiqu.org.bj,,TPE (<10),B2C,CCIB Annuaire,,Actif,2026-06-29T00:22:55.002699,moyenne
BJ-24ECA9CD,Jouets,Commerce & Distribution,Adjara,+229 53 82 53 43,,jouets.bj,PME (10-50),B2B/B2C,CCIB Annuaire,,Actif,2026-06-29T00:22:55.002712,moyenne
BJ-D1CEE8F5,Drive,Commerce & Distribution,Adjara,+229 76 17 69 57,drive@drive.com.bj,,Grande (>200),B2C,CCIB Annuaire,,Actif,2026-06-29T00:22:55.002732,moyenne
BJ-5B957F5E,Distribution Carry Adjara,Commerce & Distribution,Adjara,+229 51 38 27 61,,distributioncarryadjara.bj,PME (50-200),B2B/B2C,CCIB Annuaire,,Actif,2026-06-29T00:22:55.002745,moyenne
BJ-1C627CF3,Cosmétique,Commerce & Distribution,Adjara,+229 95 56 82 57,cosmétique@outlook.com,cosmétique.bj,PME (10-50),B2B/B2C,CCIB Annuaire,,Actif,2026-06-29T00:22:55.002761,haute
BJ-CD4EA824,Ets Bricolage,Commerce & Distribution,Allada,+229 35 53 48 13,,,PME (10-50),B2B/B2C,CCIB Annuaire,,Actif,2026-06-29T00:22:55.002778,basse
BJ-1B3D0598,Jardin Distribution,Commerce & Distribution,Allada,+229 77 30 30 84,,jardindistribution.bj,PME (10-50),B2B/B2C,CCIB Annuaire,,Actif,2026-06-29T00:22:55.002791,moyenne
BJ-36C47B98,Discount International,Commerce & Distribution,Allada,+229 49 30 23 30,d.international@discountinterna.com.bj,,TPE (<10),B2B/B2C,CCIB Annuaire,,Actif,2026-06-29T00:22:55.002806,moyenne
BJ-271C01C4,Vêtements Groupe,Commerce & Distribution,Allada,+229 82 76 30 34,,,PME (50-200),B2C,CCIB Annuaire,,Actif,2026-06-29T00:22:55.002818,basse
BJ-F3C8CD11,Shop Quincaillerie,Commerce & Distribution,Allada,+229 35 90 92 48,shop.quincaillerie@shopquincailler.org.bj,shopquincaillerie.bj,TPE (<10),B2B/B2C,CCIB Annuaire,,Actif,2026-06-29T00:22:55.002834,haute
BJ-5F8B6760,Bricolage SARL,Commerce & Distribution,Aplahoué,+229 41 42 66 13,,bricolagesarl.bj,TPE (<10),B2C,CCIB Annuaire,,Actif,2026-06-29T00:22:55.002852,moyenne
BJ-8C11F215,Centre Boutique Aplahoué,Commerce & Distribution,Aplahoué,+229 67 18 17 42,centre.boutique@yahoo.com,,PME (50-200),B2C,CCIB Annuaire,,Actif,2026-06-29T00:22:55.002877,moyenne
BJ-A4742F35,Cash,Commerce & Distribution,Aplahoué,+229 24 48 62 42,,cash.bj,TPE (<10),B2C,CCIB Annuaire,,Actif,2026-06-29T00:22:55.002942,moyenne
BJ-FE809073,Outillage Shop,Commerce & Distribution,Aplahoué,+229 80 32 96 10,,,Grande (>200),B2C,CCIB Annuaire,,Actif,2026-06-29T00:22:55.002966,basse
BJ-5BFF5B01,Cash,Commerce & Distribution,Dogbo-Tota,+229 50 77 33 29,,cash.bj,PME (50-200),B2B/B2C,CCIB Annuaire,,Actif,2026-06-29T00:22:55.003001,moyenne
BJ-6ECB5C31,Décoration Bénin Dogbo-Tota,Commerce & Distribution,Dogbo-Tota,+229 55 12 37 40,,décorationbénindogbotota.bj,TPE (<10),B2B/B2C,CCIB Annuaire,,Actif,2026-06-29T00:22:55.003028,moyenne
BJ-0B2C61FA,Ets Carry,Commerce & Distribution,Dogbo-Tota,+229 78 23 96 40,etscarry@etscarry.bj,,Grande (>200),B2B/B2C,CCIB Annuaire,,Actif,2026-06-29T00:22:55.003060,moyenne
BJ-07E8B770,Mode Dogbo-Tota,Commerce & Distribution,Dogbo-Tota,+229 80 27 97 80,,,PME (10-50),B2B/B2C,CCIB Annuaire,,Actif,2026-06-29T00:22:55.003087,basse
BJ-08E43AF8,Shop High-Tech Store,Commerce & Distribution,Dogbo-Tota,+229 43 19 23 65,s.high@shophightechsto.org.bj,,PME (10-50),B2B/B2C,CCIB Annuaire,,Actif,2026-06-29T00:22:55.003120,moyenne
BJ-CB019869,Centre Décoration Market,Commerce & Distribution,Kpomassè,+229 40 84 90 68,c.décoration@centredécoratio.com.bj,,TPE (<10),B2C,CCIB Annuaire,,Actif,2026-06-29T00:22:55.003166,moyenne
BJ-F8FDAC17,Groupe Supermarché SARL Kpomassè,Commerce & Distribution,Kpomassè,+229 35 82 99 14,g.supermarché@groupesupermarc.org.bj,groupesupermarchésarlkpomassè.bj,PME (10-50),B2C,CCIB Annuaire,,Actif,2026-06-29T00:22:55.003198,haute
BJ-FF48E249,Groupe Mode Kpomassè,Commerce & Distribution,Kpomassè,+229 23 97 32 61,groupe_mode@outlook.com,,TPE (<10),B2C,CCIB Annuaire,,Actif,2026-06-29T00:22:55.003220,moyenne
BJ-9056FB2D,Magasin Vêtements,Commerce & Distribution,Kpomassè,+229 38 67 93 57,magasinvêtements@magasinvêtement.org.bj,magasinvêtements.bj,PME (50-200),B2B/B2C,CCIB Annuaire,,Actif,2026-06-29T00:22:55.003239,haute
BJ-E58E8744,Store Distribution,Commerce & Distribution,Kpomassè,+229 83 98 28 83,,storedistribution.bj,TPE (<10),B2B/B2C,CCIB Annuaire,,Actif,2026-06-29T00:22:55.003252,moyenne
BJ-D12FBBA3,Distribution Épicerie Ets,Commerce & Distribution,Tori-Bossito,+229 31 63 36 57,,distributionépicerieets.bj,PME (50-200),B2C,CCIB Annuaire,,Actif,2026-06-29T00:22:55.003273,moyenne
BJ-DEB3E3C9,Store Jouets,Commerce & Distribution,Tori-Bossito,+229 88 39 83 41,,,PME (50-200),B2B/B2C,CCIB Annuaire,,Actif,2026-06-29T00:22:55.003285,basse
BJ-AAB5F370,Distribution Vêtements Ets,Commerce & Distribution,Tori-Bossito,+229 23 41 69 94,,,TPE (<10),B2B/B2C,CCIB Annuaire,,Actif,2026-06-29T00:22:55.003296,basse
BJ-4CB64AB3,Commerce SARL Tori-Bossito,Commerce & Distribution,Tori-Bossito,+229 49 59 97 28,commerce.sarl@commercesarltor.bj,,PME (10-50),B2B/B2C,CCIB Annuaire,,Actif,2026-06-29T00:22:55.003317,moyenne
BJ-AC14F589,Électroménager Tori-Bossito,Commerce & Distribution,Tori-Bossito,+229 42 33 61 78,électroménager_tori@électroménagert.bj,électroménagertoribossito.bj,PME (10-50),B2C,CCIB Annuaire,,Actif,2026-06-29T00:22:55.003338,haute
BJ-55DC5588,Shop Supply,Commerce & Distribution,Grand-Popo,+229 95 89 78 51,shop.supply@shopsupply.org.bj,shopsupply.bj,TPE (<10),B2B/B2C,CCIB Annuaire,,Actif,2026-06-29T00:22:55.003361,haute
BJ-5CACEE28,Store Meuble,Commerce & Distribution,Grand-Popo,+229 87 39 66 27,s.meuble@outlook.com,,PME (10-50),B2C,CCIB Annuaire,,Actif,2026-06-29T00:22:55.003378,moyenne
BJ-8B19DBFC,Commerce Hard,Commerce & Distribution,Grand-Popo,+229 96 93 49 25,,,TPE (<10),B2C,CCIB Annuaire,,Actif,2026-06-29T00:22:55.003392,basse
BJ-86AF7BF4,Centre Électroménager,Commerce & Distribution,Grand-Popo,+229 39 17 45 55,centreélectroménager@centreélectromé.bj,centreélectroménager.bj,Grande (>200),B2C,CCIB Annuaire,,Actif,2026-06-29T00:22:55.003411,haute
BJ-257D3FF6,Électroménager Store,Commerce & Distribution,Grand-Popo,+229 30 79 58 74,électroménagerstore@électroménagers.com.bj,,TPE (<10),B2C,CCIB Annuaire,,Actif,2026-06-29T00:22:55.003428,moyenne
BJ-96471001,Détaillant Bénin,Commerce & Distribution,Athiémé,+229 49 37 82 70,,,PME (10-50),B2B/B2C,CCIB Annuaire,,Actif,2026-06-29T00:22:55.003446,basse
BJ-37784562,Centre Grossiste Distribution Athiémé,Commerce & Distribution,Athiémé,+229 45 65 57 27,centre.grossiste@centregrossiste.com.bj,,PME (50-200),B2C,CCIB Annuaire,,Actif,2026-06-29T00:22:55.003464,moyenne
BJ-7CA1C335,Commerce Hard Ets Athiémé,Commerce & Distribution,Athiémé,+229 65 39 30 82,commerce.hard@outlook.com,,TPE (<10),B2C,CCIB Annuaire,,Actif,2026-06-29T00:22:55.003481,moyenne
BJ-2F5BEC91,Distribution Boutique Bénin,Commerce & Distribution,Athiémé,+229 41 39 57 26,distributionboutique@distributionbou.com.bj,,TPE (<10),B2B/B2C,CCIB Annuaire,,Actif,2026-06-29T00:22:55.003497,moyenne
BJ-DF1F66C7,Supermarché Groupe Athiémé,Commerce & Distribution,Athiémé,+229 41 86 47 45,s.groupe@supermarchégrou.com.bj,,TPE (<10),B2C,CCIB Annuaire,,Actif,2026-06-29T00:22:55.003518,moyenne
BJ-D879F10E,Store Épicerie Ets,Commerce & Distribution,Bopa,+229 44 44 13 29,,,TPE (<10),B2B/B2C,CCIB Annuaire,,Actif,2026-06-29T00:22:55.003540,basse
BJ-8FC3B33C,High-Tech Bopa,Commerce & Distribution,Bopa,+229 48 17 40 24,,,TPE (<10),B2C,CCIB Annuaire,,Actif,2026-06-29T00:22:55.003552,basse
BJ-77727161,Boutique,Commerce & Distribution,Bopa,+229 60 49 84 94,,boutique.bj,PME (10-50),B2B/B2C,CCIB Annuaire,,Actif,2026-06-29T00:22:55.003566,moyenne
BJ-FC1CC98D,Drive Commerce,Commerce & Distribution,Bopa,+229 37 18 73 87,,drivecommerce.bj,PME (50-200),B2C,CCIB Annuaire,,Actif,2026-06-29T00:22:55.003579,moyenne
BJ-3A874C12,Grossiste Shop,Commerce & Distribution,Bopa,+229 93 29 95 59,g.shop@grossisteshop.org.bj,,PME (10-50),B2C,CCIB Annuaire,,Actif,2026-06-29T00:22:55.003597,moyenne
BJ-47E8EE23,Commerce Carry Houéyogbé,Commerce & Distribution,Houéyogbé,+229 83 47 88 10,,,PME (10-50),B2C,CCIB Annuaire,,Actif,2026-06-29T00:22:55.003615,basse
BJ-BA32FAA7,Électroménager Distribution,Commerce & Distribution,Houéyogbé,+229 73 87 43 23,électroménagerdistribution@électroménagerd.org.bj,électroménagerdistribution.bj,TPE (<10),B2C,CCIB Annuaire,,Actif,2026-06-29T00:22:55.003634,haute
BJ-A7736A9E,Discount,Commerce & Distribution,Houéyogbé,+229 32 77 81 22,discount@discount.org.bj,discount.bj,PME (10-50),B2B/B2C,CCIB Annuaire,,Actif,2026-06-29T00:22:55.003648,haute
BJ-376BDDD0,Supermarché Commerce Houéyogbé,Commerce & Distribution,Houéyogbé,+229 61 70 72 64,supermarché.commerce@supermarchécomm.bj,supermarchécommercehouéyogbé.bj,TPE (<10),B2C,CCIB Annuaire,,Actif,2026-06-29T00:22:55.003666,haute
BJ-A4F770B5,Hypermarché,Commerce & Distribution,Houéyogbé,+229 87 43 52 67,hypermarché@hypermarché.com.bj,,TPE (<10),B2B/B2C,CCIB Annuaire,,Actif,2026-06-29T00:22:55.003680,moyenne
BJ-F4A68C62,Discount Groupe Malanville,Commerce & Distribution,Malanville,+229 42 15 47 12,,,TPE (<10),B2B/B2C,CCIB Annuaire,,Actif,2026-06-29T00:22:55.003697,basse
BJ-0D6E3D88,Décoration,Commerce & Distribution,Malanville,+229 93 55 92 19,décoration@décoration.bj,décoration.bj,TPE (<10),B2B/B2C,CCIB Annuaire,,Actif,2026-06-29T00:22:55.003727,haute
BJ-80AECD84,Marché Bricolage,Commerce & Distribution,Malanville,+229 25 44 53 65,,,TPE (<10),B2B/B2C,CCIB Annuaire,,Actif,2026-06-29T00:22:55.003738,basse
BJ-98471DCC,Magasin Moto Ets,Commerce & Distribution,Malanville,+229 56 10 28 73,m.moto@yahoo.com,magasinmotoets.bj,TPE (<10),B2C,CCIB Annuaire,,Actif,2026-06-29T00:22:55.003754,haute
BJ-B94AC7B4,Groupe Stock,Commerce & Distribution,Kandi,+229 98 35 99 50,groupestock@groupestock.bj,,PME (10-50),B2B/B2C,CCIB Annuaire,,Actif,2026-06-29T00:22:55.003777,moyenne
BJ-7E8E0BD4,Groupe Boutique,Commerce & Distribution,Kandi,+229 92 63 68 41,g.boutique@groupeboutique.com.bj,,PME (10-50),B2C,CCIB Annuaire,,Actif,2026-06-29T00:22:55.003792,moyenne
BJ-AC07BEFC,Boutique Chaussures Distribution,Commerce & Distribution,Kandi,+229 67 51 65 40,,,TPE (<10),B2C,CCIB Annuaire,,Actif,2026-06-29T00:22:55.003803,basse
BJ-1D7DB859,Magasin Sport,Commerce & Distribution,Kandi,+229 83 52 91 76,magasin.sport@outlook.com,,PME (10-50),B2B/B2C,CCIB Annuaire,,Actif,2026-06-29T00:22:55.003819,moyenne
BJ-D8C50497,Supermarché Ets,Commerce & Distribution,Kandi,+229 26 91 47 51,,,TPE (<10),B2C,CCIB Annuaire,,Actif,2026-06-29T00:22:55.003830,basse
BJ-F952D537,Magasin Grossiste,Commerce & Distribution,Banikoara,+229 41 50 39 64,magasin.grossiste@yahoo.com,magasingrossiste.bj,TPE (<10),B2B/B2C,CCIB Annuaire,,Actif,2026-06-29T00:22:55.003855,haute
BJ-A0C6B859,SARL Épicerie Market,Commerce & Distribution,Banikoara,+229 29 39 23 87,sarl.épicerie@sarlépiceriemar.bj,sarlépiceriemarket.bj,TPE (<10),B2B/B2C,CCIB Annuaire,,Actif,2026-06-29T00:22:55.003874,haute
BJ-BE6EC2E7,Boutique Parfumerie Banikoara,Commerce & Distribution,Banikoara,+229 69 95 43 79,boutique.parfumerie@yahoo.fr,,TPE (<10),B2B/B2C,CCIB Annuaire,,Actif,2026-06-29T00:22:55.003903,moyenne
BJ-FB7EEB8D,Moto,Commerce & Distribution,Banikoara,+229 62 75 11 39,moto@moto.com.bj,,TPE (<10),B2B/B2C,CCIB Annuaire,,Actif,2026-06-29T00:22:55.003919,moyenne
BJ-1B0D3406,Bricolage,Commerce & Distribution,Banikoara,+229 32 59 53 27,bricolage@bricolage.com.bj,bricolage.bj,PME (10-50),B2B/B2C,CCIB Annuaire,,Actif,2026-06-29T00:22:55.003933,haute
BJ-8DB884F6,Boutique Magasin,Commerce & Distribution,Ségbana,+229 87 19 62 91,b.magasin@boutiquemagasin.bj,boutiquemagasin.bj,PME (10-50),B2B/B2C,CCIB Annuaire,,Actif,2026-06-29T00:22:55.003957,haute
BJ-6B7B6EB9,Drive Distribution,Commerce & Distribution,Ségbana,+229 81 54 58 32,d.distribution@drivedistributi.com.bj,,PME (50-200),B2B/B2C,CCIB Annuaire,,Actif,2026-06-29T00:22:55.003972,moyenne
BJ-CB67BBCE,Centre Marché,Commerce & Distribution,Ségbana,+229 40 53 98 93,centre_marché@centremarché.bj,,PME (10-50),B2B/B2C,CCIB Annuaire,,Actif,2026-06-29T00:22:55.003992,moyenne
BJ-FEDDC968,Marché Market Ségbana,Commerce & Distribution,Ségbana,+229 99 26 70 82,m.market@marchémarketség.com.bj,,TPE (<10),B2B/B2C,CCIB Annuaire,,Actif,2026-06-29T00:22:55.004010,moyenne
BJ-2B6AF876,Distribution Alimentaire International,Commerce & Distribution,Ségbana,+229 52 88 67 88,distribution.alimentaire@distributionali.bj,,PME (10-50),B2C,CCIB Annuaire,,Actif,2026-06-29T00:22:55.004025,moyenne
BJ-4BEA9EF6,Drive,Commerce & Distribution,Karimama,+229 24 93 83 81,drive@yahoo.com,,PME (10-50),B2B/B2C,CCIB Annuaire,,Actif,2026-06-29T00:22:55.004045,moyenne
BJ-D08FFFF3,Bricolage Groupe,Commerce & Distribution,Karimama,+229 50 46 35 31,bricolage.groupe@yahoo.com,,Grande (>200),B2C,CCIB Annuaire,,Actif,2026-06-29T00:22:55.004060,moyenne
BJ-559961BD,Marché Hypermarché International,Commerce & Distribution,Karimama,+229 42 41 44 86,m.hypermarché@yahoo.fr,,TPE (<10),B2B/B2C,CCIB Annuaire,,Actif,2026-06-29T00:22:55.004079,moyenne
BJ-B468F845,Boutique International,Commerce & Distribution,Gogounou,+229 48 56 75 92,boutiqueinternational@boutiqueinterna.bj,,TPE (<10),B2B/B2C,CCIB Annuaire,,Actif,2026-06-29T00:22:55.004129,moyenne
BJ-B3AAC97E,Store Commerce,Commerce & Distribution,Gogounou,+229 63 66 62 65,,storecommerce.bj,PME (10-50),B2B/B2C,CCIB Annuaire,,Actif,2026-06-29T00:22:55.004145,moyenne
BJ-6DDF549B,Marché Parfumerie,Commerce & Distribution,Gogounou,+229 95 75 67 45,,marchéparfumerie.bj,PME (50-200),B2B/B2C,CCIB Annuaire,,Actif,2026-06-29T00:22:55.004157,moyenne
BJ-59B9D438,Marché Distribution Gogounou,Commerce & Distribution,Gogounou,+229 34 79 58 80,marchédistribution@marchédistribut.org.bj,marchédistributiongogounou.bj,TPE (<10),B2B/B2C,CCIB Annuaire,,Actif,2026-06-29T00:22:55.004175,haute
BJ-47F246F5,Stock Shop Gogounou,Commerce & Distribution,Gogounou,+229 58 52 82 52,s.shop@stockshopgogoun.bj,stockshopgogounou.bj,PME (10-50),B2B/B2C,CCIB Annuaire,,Actif,2026-06-29T00:22:55.004191,haute
BJ-BC0F2E91,Carry,Commerce & Distribution,Cobly,+229 57 30 41 96,carry@carry.bj,,TPE (<10),B2B/B2C,CCIB Annuaire,,Actif,2026-06-29T00:22:55.004211,moyenne
BJ-C13786E1,Commerce Marché,Commerce & Distribution,Cobly,+229 54 23 24 26,commerce_marché@yahoo.fr,,PME (10-50),B2B/B2C,CCIB Annuaire,,Actif,2026-06-29T00:22:55.004228,moyenne
BJ-02E3B173,Marché Distribution,Commerce & Distribution,Cobly,+229 23 88 76 16,marchédistribution@marchédistribut.bj,marchédistribution.bj,PME (50-200),B2B/B2C,CCIB Annuaire,,Actif,2026-06-29T00:22:55.004248,haute
BJ-963CEF28,Boutique Supermarché Market,Commerce & Distribution,Cobly,+229 57 51 53 52,,,Grande (>200),B2B/B2C,CCIB Annuaire,,Actif,2026-06-29T00:22:55.004260,basse
BJ-3EC569C5,Hard,Commerce & Distribution,Cobly,+229 60 89 37 31,hard@hard.bj,,PME (10-50),B2B/B2C,CCIB Annuaire,,Actif,2026-06-29T00:22:55.004274,moyenne
BJ-00697F2B,Cash,Commerce & Distribution,Tanguiéta,+229 71 80 36 11,,,TPE (<10),B2C,CCIB Annuaire,,Actif,2026-06-29T00:22:55.004306,basse
BJ-1F624261,Groupe Provision Tanguiéta,Commerce & Distribution,Tanguiéta,+229 60 52 48 66,,,TPE (<10),B2C,CCIB Annuaire,,Actif,2026-06-29T00:22:55.004317,basse
BJ-357DB7B8,Jardin Market,Commerce & Distribution,Tanguiéta,+229 63 45 30 26,,,PME (50-200),B2C,CCIB Annuaire,,Actif,2026-06-29T00:22:55.004328,basse
BJ-2684CDF5,Boutique Électroménager International Tanguiéta,Commerce & Distribution,Tanguiéta,+229 48 44 77 18,boutique.électroménager@boutiqueélectro.bj,,PME (50-200),B2B/B2C,CCIB Annuaire,,Actif,2026-06-29T00:22:55.004350,moyenne
BJ-823F46C9,Discount,Commerce & Distribution,Matéri,+229 75 87 22 39,discount@discount.bj,,PME (10-50),B2B/B2C,CCIB Annuaire,,Actif,2026-06-29T00:22:55.004370,moyenne
BJ-47A16893,Stock Bénin,Commerce & Distribution,Matéri,+229 79 74 59 34,,,TPE (<10),B2C,CCIB Annuaire,,Actif,2026-06-29T00:22:55.004381,basse
BJ-B16F5ED8,Moto,Commerce & Distribution,Matéri,+229 32 88 60 18,,moto.bj,TPE (<10),B2C,CCIB Annuaire,,Actif,2026-06-29T00:22:55.004395,moyenne
BJ-A1E5772E,Outillage Distribution Matéri,Commerce & Distribution,Matéri,+229 84 79 11 14,,,PME (10-50),B2C,CCIB Annuaire,,Actif,2026-06-29T00:22:55.004407,basse
BJ-B9EE12C4,Hard Groupe Matéri,Commerce & Distribution,Matéri,+229 53 31 72 82,hard.groupe@hardgroupematér.com.bj,hardgroupematéri.bj,TPE (<10),B2B/B2C,CCIB Annuaire,,Actif,2026-06-29T00:22:55.004428,haute
BJ-D74DBD51,Centre Détaillant,Commerce & Distribution,Natitingou,+229 58 58 52 76,centredétaillant@outlook.com,,PME (10-50),B2C,CCIB Annuaire,,Actif,2026-06-29T00:22:55.004458,moyenne
BJ-491E994D,Super Meuble,Commerce & Distribution,Natitingou,+229 91 98 25 47,,,TPE (<10),B2C,CCIB Annuaire,,Actif,2026-06-29T00:22:55.004469,basse
BJ-4B3A664B,Store Outillage,Commerce & Distribution,Natitingou,+229 98 37 78 59,,storeoutillage.bj,TPE (<10),B2C,CCIB Annuaire,,Actif,2026-06-29T00:22:55.004481,moyenne
BJ-1F3D10F5,Vêtements Shop Natitingou,Commerce & Distribution,Natitingou,+229 25 50 48 88,v.shop@outlook.com,,PME (10-50),B2C,CCIB Annuaire,,Actif,2026-06-29T00:22:55.004498,moyenne
BJ-89AAB0B9,Centre Grossiste,Commerce & Distribution,Natitingou,+229 77 88 29 71,c.grossiste@gmail.com,centregrossiste.bj,PME (10-50),B2B/B2C,CCIB Annuaire,,Actif,2026-06-29T00:22:55.004515,haute
BJ-A58B6EDC,Magasin,Commerce & Distribution,Toucountouna,+229 51 55 59 35,magasin@yahoo.com,,PME (10-50),B2B/B2C,CCIB Annuaire,,Actif,2026-06-29T00:22:55.004552,moyenne
BJ-4FEC8150,Grossiste International,Commerce & Distribution,Toucountouna,+229 44 75 29 33,,,PME (50-200),B2B/B2C,CCIB Annuaire,,Actif,2026-06-29T00:22:55.004566,basse
BJ-ED7D16BF,Mode Bénin,Commerce & Distribution,Toucountouna,+229 44 27 87 79,,,Grande (>200),B2B/B2C,CCIB Annuaire,,Actif,2026-06-29T00:22:55.004578,basse
BJ-3358EA85,Vêtements,Commerce & Distribution,Toucountouna,+229 97 78 51 81,vêtements@vêtements.bj,vêtements.bj,PME (50-200),B2C,CCIB Annuaire,,Actif,2026-06-29T00:22:55.004592,haute
BJ-E28A7468,Marché Distribution Boukoumbé,Commerce & Distribution,Boukoumbé,+229 50 64 83 95,marchédistribution@outlook.com,,Grande (>200),B2C,CCIB Annuaire,,Actif,2026-06-29T00:22:55.004615,moyenne
BJ-2F4A8501,Drive Shop Boukoumbé,Commerce & Distribution,Boukoumbé,+229 52 58 49 83,,,PME (50-200),B2C,CCIB Annuaire,,Actif,2026-06-29T00:22:55.004626,basse
BJ-1E605C02,Groupe Discount SARL Boukoumbé,Commerce & Distribution,Boukoumbé,+229 31 80 15 97,,groupediscountsarlboukoumbé.bj,TPE (<10),B2B/B2C,CCIB Annuaire,,Actif,2026-06-29T00:22:55.004639,moyenne
BJ-2A74C5A5,Bricolage Commerce,Commerce & Distribution,Boukoumbé,+229 34 54 29 67,,bricolagecommerce.bj,PME (50-200),B2B/B2C,CCIB Annuaire,,Actif,2026-06-29T00:22:55.004651,moyenne
BJ-42A12F82,Supermarché Market,Commerce & Distribution,Boukoumbé,+229 38 73 61 57,supermarché.market@supermarchémark.bj,,PME (50-200),B2B/B2C,CCIB Annuaire,,Actif,2026-06-29T00:22:55.004667,moyenne
BJ-EE8CD9B5,Détaillant,Commerce & Distribution,Kouandé,+229 80 41 76 82,,détaillant.bj,Grande (>200),B2C,CCIB Annuaire,,Actif,2026-06-29T00:22:55.004686,moyenne
BJ-1FB1A280,Marché Magasin,Commerce & Distribution,Kouandé,+229 86 61 31 42,m.magasin@marchémagasin.bj,,PME (10-50),B2C,CCIB Annuaire,,Actif,2026-06-29T00:22:55.004702,moyenne
BJ-37E75AD4,Super Moto,Commerce & Distribution,Kouandé,+229 90 10 26 41,super_moto@yahoo.fr,,PME (10-50),B2B/B2C,CCIB Annuaire,,Actif,2026-06-29T00:22:55.004728,moyenne
BJ-ABF55C24,Cash,Commerce & Distribution,Kouandé,+229 79 70 44 37,,cash.bj,Grande (>200),B2B/B2C,CCIB Annuaire,,Actif,2026-06-29T00:22:55.004753,moyenne
BJ-45748A1B,Supermarché,Commerce & Distribution,Péhunco,+229 88 95 88 24,supermarché@yahoo.com,,TPE (<10),B2B/B2C,CCIB Annuaire,,Actif,2026-06-29T00:22:55.004773,moyenne
BJ-B7E663E2,Cash,Commerce & Distribution,Péhunco,+229 31 61 19 61,cash@outlook.com,,TPE (<10),B2C,CCIB Annuaire,,Actif,2026-06-29T00:22:55.004786,moyenne
BJ-E8B9FD1B,Épicerie,Commerce & Distribution,Péhunco,+229 95 29 83 55,épicerie@épicerie.bj,,PME (50-200),B2B/B2C,CCIB Annuaire,,Actif,2026-06-29T00:22:55.004799,moyenne
BJ-8621556F,Magasin Vêtements,Commerce & Distribution,Péhunco,+229 26 54 89 77,magasin_vêtements@yahoo.com,,TPE (<10),B2C,CCIB Annuaire,,Actif,2026-06-29T00:22:55.004815,moyenne
BJ-B9BBBDAB,Ets Chaussures,Commerce & Distribution,Tchaourou,+229 72 87 66 20,,,PME (50-200),B2B/B2C,CCIB Annuaire,,Actif,2026-06-29T00:22:55.004846,basse
BJ-EA3CD526,SARL Discount Market,Commerce & Distribution,Tchaourou,+229 43 37 36 46,sarl.discount@sarldiscountmar.bj,sarldiscountmarket.bj,PME (10-50),B2C,CCIB Annuaire,,Actif,2026-06-29T00:22:55.004862,haute
BJ-E90DB2A8,Distribution Meuble Commerce,Commerce & Distribution,Tchaourou,+229 91 83 24 90,,,PME (50-200),B2B/B2C,CCIB Annuaire,,Actif,2026-06-29T00:22:55.004876,basse
BJ-941564F4,Cash,Commerce & Distribution,Tchaourou,+229 22 38 28 67,,,PME (10-50),B2B/B2C,CCIB Annuaire,,Actif,2026-06-29T00:22:55.004887,basse
BJ-FB977E9B,Shop Mode Distribution,Commerce & Distribution,Tchaourou,+229 80 11 24 35,shopmode@yahoo.com,,PME (10-50),B2C,CCIB Annuaire,,Actif,2026-06-29T00:22:55.004914,moyenne
BJ-B83F95B5,Discount Bénin,Commerce & Distribution,Nikki,+229 52 58 79 25,discount.bénin@discountbénin.org.bj,,TPE (<10),B2C,CCIB Annuaire,,Actif,2026-06-29T00:22:55.004943,moyenne
BJ-829F80A6,Marché Hypermarché,Commerce & Distribution,Nikki,+229 51 34 38 96,marché_hypermarché@marchéhypermarc.com.bj,marchéhypermarché.bj,Grande (>200),B2B/B2C,CCIB Annuaire,,Actif,2026-06-29T00:22:55.004962,haute
BJ-A851BBC9,Parfumerie SARL,Commerce & Distribution,Nikki,+229 93 56 79 55,parfumeriesarl@parfumeriesarl.org.bj,parfumeriesarl.bj,PME (50-200),B2B/B2C,CCIB Annuaire,,Actif,2026-06-29T00:22:55.004997,haute
BJ-569BABAD,Magasin Mode Nikki,Commerce & Distribution,Nikki,+229 26 65 14 63,,,PME (10-50),B2C,CCIB Annuaire,,Actif,2026-06-29T00:22:55.005008,basse
BJ-37D7A672,Magasin Détaillant,Commerce & Distribution,Bembéréké,+229 92 98 94 25,magasin.détaillant@gmail.com,magasindétaillant.bj,PME (10-50),B2C,CCIB Annuaire,,Actif,2026-06-29T00:22:55.005032,haute
BJ-DC6A400C,Centre Marché Ets,Commerce & Distribution,Bembéréké,+229 99 66 16 37,centremarché@gmail.com,,Grande (>200),B2B/B2C,CCIB Annuaire,,Actif,2026-06-29T00:22:55.005047,moyenne
BJ-E072431F,Boutique Bembéréké,Commerce & Distribution,Bembéréké,+229 56 92 13 37,b.bembéréké@boutiquebembéré.bj,,PME (50-200),B2C,CCIB Annuaire,,Actif,2026-06-29T00:22:55.005066,moyenne
BJ-41A447C8,Provision,Commerce & Distribution,Bembéréké,+229 30 84 48 45,provision@gmail.com,provision.bj,PME (10-50),B2C,CCIB Annuaire,,Actif,2026-06-29T00:22:55.005081,haute
BJ-670F3D3A,Vêtements SARL,Commerce & Distribution,Bembéréké,+229 50 63 69 10,vêtementssarl@vêtementssarl.com.bj,,PME (10-50),B2B/B2C,CCIB Annuaire,,Actif,2026-06-29T00:22:55.005097,moyenne
BJ-729540E2,Ets Provision Distribution Kalalé,Commerce & Distribution,Kalalé,+229 64 21 19 40,ets.provision@etsprovisiondis.org.bj,etsprovisiondistributionkalalé.bj,Grande (>200),B2B/B2C,CCIB Annuaire,,Actif,2026-06-29T00:22:55.005123,haute
BJ-7DF5476C,Parfumerie,Commerce & Distribution,Kalalé,+229 39 11 33 24,parfumerie@outlook.com,,TPE (<10),B2C,CCIB Annuaire,,Actif,2026-06-29T00:22:55.005136,moyenne
BJ-05C0C2B2,Supply Kalalé,Commerce & Distribution,Kalalé,+229 81 34 61 24,,supplykalalé.bj,PME (10-50),B2C,CCIB Annuaire,,Actif,2026-06-29T00:22:55.005148,moyenne
BJ-F433710F,Marché Électroménager International,Commerce & Distribution,Kalalé,+229 32 99 19 62,m.électroménager@marchéélectromé.bj,marchéélectroménagerinternational.bj,PME (10-50),B2B/B2C,CCIB Annuaire,,Actif,2026-06-29T00:22:55.005166,haute
BJ-913DFA31,Groupe Carry Ets,Commerce & Distribution,Kalalé,+229 72 31 75 91,g.carry@groupecarryets.com.bj,groupecarryets.bj,PME (50-200),B2C,CCIB Annuaire,,Actif,2026-06-29T00:22:55.005182,haute
BJ-B654ADFE,Centre Cash,Commerce & Distribution,Ndali,+229 74 85 74 69,,,PME (10-50),B2B/B2C,CCIB Annuaire,,Actif,2026-06-29T00:22:55.005203,basse
BJ-5506AE9D,High-Tech SARL,Commerce & Distribution,Ndali,+229 91 86 41 54,,,PME (10-50),B2C,CCIB Annuaire,,Actif,2026-06-29T00:22:55.005215,basse
BJ-6CA626F1,Commerce,Commerce & Distribution,Ndali,+229 96 93 60 45,commerce@yahoo.fr,,Grande (>200),B2C,CCIB Annuaire,,Actif,2026-06-29T00:22:55.005230,moyenne
BJ-E3AC727F,Centre Automobile Ets,Commerce & Distribution,Ndali,+229 72 75 58 80,centreautomobile@centreautomobil.org.bj,centreautomobileets.bj,TPE (<10),B2B/B2C,CCIB Annuaire,,Actif,2026-06-29T00:22:55.005250,haute
BJ-E756BEFA,Centre Automobile,Commerce & Distribution,Ndali,+229 75 33 78 56,,,PME (10-50),B2B/B2C,CCIB Annuaire,,Actif,2026-06-29T00:22:55.005261,basse
BJ-C9D978F7,Ets Discount,Commerce & Distribution,Ségbana,+229 70 23 73 78,etsdiscount@etsdiscount.bj,,PME (50-200),B2B/B2C,CCIB Annuaire,,Actif,2026-06-29T00:22:55.005282,moyenne
BJ-89259BBA,Meuble Store Ségbana,Commerce & Distribution,Ségbana,+229 72 94 58 68,meuble.store@hotmail.com,,PME (10-50),B2B/B2C,CCIB Annuaire,,Actif,2026-06-29T00:22:55.005298,moyenne
BJ-26E89365,Shop Moto Ségbana,Commerce & Distribution,Ségbana,+229 49 56 90 15,shopmoto@outlook.com,shopmotoségbana.bj,PME (10-50),B2C,CCIB Annuaire,,Actif,2026-06-29T00:22:55.005315,haute
BJ-E17DBF07,SARL Provision Ségbana,Commerce & Distribution,Ségbana,+229 24 45 45 62,,,PME (10-50),B2C,CCIB Annuaire,,Actif,2026-06-29T00:22:55.005326,basse
BJ-F28BB7E2,Magasin High-Tech Store,Commerce & Distribution,Ségbana,+229 68 76 35 74,,magasinhightechstore.bj,TPE (<10),B2B/B2C,CCIB Annuaire,,Actif,2026-06-29T00:22:55.005338,moyenne
BJ-468AA354,Discount Shop,Commerce & Distribution,Tchaourou,+229 43 96 63 31,discountshop@yahoo.fr,,PME (50-200),B2B/B2C,CCIB Annuaire,,Actif,2026-06-29T00:22:55.005359,moyenne
BJ-38F10BCC,Drive SARL,Commerce & Distribution,Tchaourou,+229 77 80 59 86,d.sarl@outlook.com,drivesarl.bj,TPE (<10),B2B/B2C,CCIB Annuaire,,Actif,2026-06-29T00:22:55.005374,haute
BJ-D9402AD8,Centre High-Tech,Commerce & Distribution,Tchaourou,+229 50 70 82 92,,,Grande (>200),B2B/B2C,CCIB Annuaire,,Actif,2026-06-29T00:22:55.005406,basse
BJ-25DA1E6A,Magasin Groupe,Commerce & Distribution,Bétérou,+229 89 51 12 97,,magasingroupe.bj,PME (10-50),B2B/B2C,CCIB Annuaire,,Actif,2026-06-29T00:22:55.005437,moyenne
BJ-CA8D7B47,Commerce Discount,Commerce & Distribution,Bétérou,+229 86 88 68 34,commerce_discount@commercediscoun.org.bj,,PME (10-50),B2B/B2C,CCIB Annuaire,,Actif,2026-06-29T00:22:55.005453,moyenne
BJ-CD4F1FEC,Décoration,Commerce & Distribution,Bétérou,+229 99 41 55 62,décoration@décoration.bj,décoration.bj,PME (10-50),B2C,CCIB Annuaire,,Actif,2026-06-29T00:22:55.005466,haute
BJ-E46B1233,Épicerie,Commerce & Distribution,Bétérou,+229 48 79 76 25,épicerie@épicerie.com.bj,épicerie.bj,TPE (<10),B2B/B2C,CCIB Annuaire,,Actif,2026-06-29T00:22:55.005480,haute
BJ-80B3CEF3,Store Jouets,Commerce & Distribution,Ouessè,+229 93 75 79 69,storejouets@storejouets.bj,storejouets.bj,TPE (<10),B2B/B2C,CCIB Annuaire,,Actif,2026-06-29T00:22:55.005520,haute
BJ-DE0481BF,Ets Automobile Market,Commerce & Distribution,Ouessè,+229 72 50 21 19,ets_automobile@etsautomobilema.org.bj,,TPE (<10),B2C,CCIB Annuaire,,Actif,2026-06-29T00:22:55.005536,moyenne
BJ-1E800A0A,Bricolage,Commerce & Distribution,Ouessè,+229 30 41 73 63,,,TPE (<10),B2C,CCIB Annuaire,,Actif,2026-06-29T00:22:55.005550,basse
BJ-6F484EB7,Magasin Outillage,Commerce & Distribution,Ouessè,+229 59 64 90 36,,magasinoutillage.bj,PME (10-50),B2B/B2C,CCIB Annuaire,,Actif,2026-06-29T00:22:55.005562,moyenne
BJ-CC03D87D,Quincaillerie Store,Commerce & Distribution,Ouessè,+229 90 10 74 42,,,PME (50-200),B2C,CCIB Annuaire,,Actif,2026-06-29T00:22:55.005572,basse
BJ-3C449740,Carry,Commerce & Distribution,Glazoué,+229 66 37 62 75,carry@hotmail.com,,TPE (<10),B2C,CCIB Annuaire,,Actif,2026-06-29T00:22:55.005591,moyenne
BJ-2331B281,Magasin Meuble Commerce Glazoué,Commerce & Distribution,Glazoué,+229 72 87 53 95,m.meuble@yahoo.com,,PME (10-50),B2C,CCIB Annuaire,,Actif,2026-06-29T00:22:55.005608,moyenne
BJ-5C41A713,Sport Groupe,Commerce & Distribution,Glazoué,+229 42 93 14 53,sportgroupe@sportgroupe.com.bj,,PME (10-50),B2B/B2C,CCIB Annuaire,,Actif,2026-06-29T00:22:55.005623,moyenne
BJ-5EC70905,Boutique Épicerie,Commerce & Distribution,Glazoué,+229 73 33 93 36,boutiqueépicerie@boutiqueépiceri.com.bj,,PME (50-200),B2B/B2C,CCIB Annuaire,,Actif,2026-06-29T00:22:55.005640,moyenne
BJ-89398DE0,High-Tech,Commerce & Distribution,Glazoué,+229 60 80 85 15,,hightech.bj,TPE (<10),B2B/B2C,CCIB Annuaire,,Actif,2026-06-29T00:22:55.005652,moyenne
BJ-FAFA26E4,Distribution Chaussures Dassa-Zoumè,Commerce & Distribution,Dassa-Zoumè,+229 25 43 24 47,distribution.chaussures@yahoo.fr,distributionchaussuresdassazoumè.bj,PME (10-50),B2C,CCIB Annuaire,,Actif,2026-06-29T00:22:55.005677,haute
BJ-B2B71145,Super Distribution SARL,Commerce & Distribution,Dassa-Zoumè,+229 94 88 55 25,,superdistributionsarl.bj,Grande (>200),B2C,CCIB Annuaire,,Actif,2026-06-29T00:22:55.005690,moyenne
BJ-9B6E890C,Outillage Market,Commerce & Distribution,Dassa-Zoumè,+229 66 55 98 19,outillage.market@yahoo.com,outillagemarket.bj,PME (10-50),B2B/B2C,CCIB Annuaire,,Actif,2026-06-29T00:22:55.005708,haute
BJ-F17F271D,SARL Vêtements Dassa-Zoumè,Commerce & Distribution,Dassa-Zoumè,+229 29 31 61 76,,sarlvêtementsdassazoumè.bj,PME (50-200),B2C,CCIB Annuaire,,Actif,2026-06-29T00:22:55.005722,moyenne
BJ-40F57280,Centre Hard SARL,Commerce & Distribution,Dassa-Zoumè,+229 20 67 80 86,c.hard@hotmail.com,centrehardsarl.bj,TPE (<10),B2B/B2C,CCIB Annuaire,,Actif,2026-06-29T00:22:55.005740,haute
BJ-1C4F772B,Centre Cash Commerce,Commerce & Distribution,Savalou,+229 99 75 93 50,c.cash@yahoo.com,,PME (10-50),B2B/B2C,CCIB Annuaire,,Actif,2026-06-29T00:22:55.005761,moyenne
BJ-AD2DF50E,Jouets,Commerce & Distribution,Savalou,+229 90 95 18 99,jouets@jouets.org.bj,,Grande (>200),B2B/B2C,CCIB Annuaire,,Actif,2026-06-29T00:22:55.005775,moyenne
BJ-D843507E,Commerce Commerce,Commerce & Distribution,Savalou,+229 99 78 78 16,,,Grande (>200),B2C,CCIB Annuaire,,Actif,2026-06-29T00:22:55.005786,basse
BJ-2B813674,Commerce Jouets Savalou,Commerce & Distribution,Savalou,+229 74 20 94 24,commercejouets@commercejouetss.com.bj,commercejouetssavalou.bj,PME (10-50),B2B/B2C,CCIB Annuaire,,Actif,2026-06-29T00:22:55.005801,haute
BJ-2706E0D8,Jardin,Commerce & Distribution,Bantè,+229 99 50 39 18,jardin@jardin.bj,,Grande (>200),B2B/B2C,CCIB Annuaire,,Actif,2026-06-29T00:22:55.005831,moyenne
BJ-B48BDFC7,Jouets Commerce,Commerce & Distribution,Bantè,+229 62 70 41 55,j.commerce@jouetscommerce.org.bj,jouetscommerce.bj,TPE (<10),B2C,CCIB Annuaire,,Actif,2026-06-29T00:22:55.005847,haute
BJ-31D75791,Hypermarché SARL Bantè,Commerce & Distribution,Bantè,+229 75 32 24 76,h.sarl@hypermarchésarl.com.bj,,PME (50-200),B2B/B2C,CCIB Annuaire,,Actif,2026-06-29T00:22:55.005871,moyenne
BJ-9219E02B,Distribution Stock Bantè,Commerce & Distribution,Bantè,+229 40 72 87 11,,,PME (10-50),B2B/B2C,CCIB Annuaire,,Actif,2026-06-29T00:22:55.005910,basse
BJ-D0311907,Mode,Commerce & Distribution,Djougou,+229 95 35 92 81,mode@mode.org.bj,mode.bj,PME (10-50),B2C,CCIB Annuaire,,Actif,2026-06-29T00:22:55.005932,haute
BJ-EE058FA6,Cosmétique,Commerce & Distribution,Djougou,+229 71 10 73 12,cosmétique@outlook.com,,PME (10-50),B2C,CCIB Annuaire,,Actif,2026-06-29T00:22:55.005946,moyenne
BJ-F29637BE,Jardin,Commerce & Distribution,Djougou,+229 57 29 25 37,jardin@outlook.com,jardin.bj,TPE (<10),B2B/B2C,CCIB Annuaire,,Actif,2026-06-29T00:22:55.005959,haute
BJ-81FF4426,Grossiste Distribution,Commerce & Distribution,Djougou,+229 51 60 46 73,grossistedistribution@grossistedistri.bj,grossistedistribution.bj,Grande (>200),B2C,CCIB Annuaire,,Actif,2026-06-29T00:22:55.005979,haute
BJ-F0121951,Supermarché Djougou,Commerce & Distribution,Djougou,+229 21 26 10 65,supermarchédjougou@hotmail.com,,TPE (<10),B2C,CCIB Annuaire,,Actif,2026-06-29T00:22:55.005996,moyenne
BJ-2FCE498F,Boutique Marché Ouèssè,Commerce & Distribution,Ouèssè,+229 87 47 84 19,b.marché@boutiquemarchéo.com.bj,boutiquemarchéouèssè.bj,PME (10-50),B2C,CCIB Annuaire,,Actif,2026-06-29T00:22:55.006021,haute
BJ-529D15BD,Distribution Épicerie International,Commerce & Distribution,Ouèssè,+229 60 43 27 16,,,Grande (>200),B2B/B2C,CCIB Annuaire,,Actif,2026-06-29T00:22:55.006032,basse
BJ-7E4B99BA,SARL Bricolage Groupe,Commerce & Distribution,Ouèssè,+229 89 75 94 28,,sarlbricolagegroupe.bj,TPE (<10),B2C,CCIB Annuaire,,Actif,2026-06-29T00:22:55.006047,moyenne
BJ-5ECD4D50,Ets Moto Commerce,Commerce & Distribution,Ouèssè,+229 26 26 77 41,,,PME (50-200),B2B/B2C,CCIB Annuaire,,Actif,2026-06-29T00:22:55.006059,basse
BJ-83EDFB9A,Supermarché Bénin Bassila,Commerce & Distribution,Bassila,+229 45 88 90 28,supermarchébénin@supermarchébéni.com.bj,supermarchébéninbassila.bj,TPE (<10),B2C,CCIB Annuaire,,Actif,2026-06-29T00:22:55.006100,haute
BJ-0BBDAC6C,Centre Parfumerie Commerce,Commerce & Distribution,Bassila,+229 48 59 77 32,centre.parfumerie@hotmail.com,centreparfumeriecommerce.bj,PME (10-50),B2C,CCIB Annuaire,,Actif,2026-06-29T00:22:55.006116,haute
BJ-342C6412,Alimentaire Bassila,Commerce & Distribution,Bassila,+229 94 29 60 87,,,TPE (<10),B2C,CCIB Annuaire,,Actif,2026-06-29T00:22:55.006127,basse
BJ-1F13FD6B,Parfumerie Ets,Commerce & Distribution,Bassila,+229 44 57 73 20,,parfumerieets.bj,PME (10-50),B2B/B2C,CCIB Annuaire,,Actif,2026-06-29T00:22:55.006139,moyenne
BJ-12E91A78,Store Hard Commerce,Commerce & Distribution,Bassila,+229 66 32 25 66,store.hard@storehardcommer.com.bj,,TPE (<10),B2C,CCIB Annuaire,,Actif,2026-06-29T00:22:55.006154,moyenne
BJ-C6060F35,Commerce Marché,Commerce & Distribution,Pehunco,+229 71 54 90 88,,,PME (10-50),B2B/B2C,CCIB Annuaire,,Actif,2026-06-29T00:22:55.006172,basse
BJ-0020A940,Distribution Électroménager Shop,Commerce & Distribution,Pehunco,+229 85 97 76 22,,,PME (50-200),B2C,CCIB Annuaire,,Actif,2026-06-29T00:22:55.006184,basse
BJ-E85C7899,SARL Cash Shop,Commerce & Distribution,Pehunco,+229 89 74 20 40,,,Grande (>200),B2C,CCIB Annuaire,,Actif,2026-06-29T00:22:55.006197,basse
BJ-90BC9A76,Centre Alimentaire Ets,Commerce & Distribution,Pehunco,+229 42 12 51 24,,centrealimentaireets.bj,TPE (<10),B2C,CCIB Annuaire,,Actif,2026-06-29T00:22:55.006222,moyenne
BJ-C1E41520,Super Supermarché Copargo,Commerce & Distribution,Copargo,+229 42 43 12 63,supersupermarché@supersupermarch.bj,supersupermarchécopargo.bj,Grande (>200),B2B/B2C,CCIB Annuaire,,Actif,2026-06-29T00:22:55.006245,haute
BJ-C55C4C4C,Cosmétique,Commerce & Distribution,Copargo,+229 39 78 30 63,cosmétique@gmail.com,,PME (10-50),B2C,CCIB Annuaire,,Actif,2026-06-29T00:22:55.006259,moyenne
BJ-8B4D7467,Distribution Drive International,Commerce & Distribution,Copargo,+229 38 13 94 13,d.drive@distributiondri.bj,distributiondriveinternational.bj,TPE (<10),B2B/B2C,CCIB Annuaire,,Actif,2026-06-29T00:22:55.006279,haute
BJ-ADD01C69,Store Parfumerie Commerce Copargo,Commerce & Distribution,Copargo,+229 64 30 58 40,storeparfumerie@outlook.com,,PME (10-50),B2B/B2C,CCIB Annuaire,,Actif,2026-06-29T00:22:55.006295,moyenne
BJ-9C48717E,Parfumerie,Commerce & Distribution,Copargo,+229 53 24 99 34,,,TPE (<10),B2B/B2C,CCIB Annuaire,,Actif,2026-06-29T00:22:55.006305,basse
BJ-3CE42583,Mer,Restauration & Hôtellerie,Cotonou,+229 88 86 79 16,mer@yahoo.com,mer.bj,PME (50-200),B2C,CCIB Annuaire,,Actif,2026-06-29T00:22:55.006326,haute
BJ-B80AE5D1,Hôtel Grill,Restauration & Hôtellerie,Cotonou,+229 27 26 12 19,hôtelgrill@yahoo.fr,hôtelgrill.bj,TPE (<10),B2C,CCIB Annuaire,,Actif,2026-06-29T00:22:55.006346,haute
BJ-668D473C,Saveurs,Restauration & Hôtellerie,Cotonou,+229 21 76 22 76,,saveurs.bj,PME (10-50),B2C,CCIB Annuaire,,Actif,2026-06-29T00:22:55.006361,moyenne
BJ-8D964A0A,Brasserie Pub Bénin,Restauration & Hôtellerie,Cotonou,+229 75 76 91 96,,,PME (50-200),B2C,CCIB Annuaire,,Actif,2026-06-29T00:22:55.006373,basse
BJ-C1D2B195,Sandwich Cotonou,Restauration & Hôtellerie,Cotonou,+229 54 56 93 29,s.cotonou@sandwichcotonou.org.bj,,TPE (<10),B2C,CCIB Annuaire,,Actif,2026-06-29T00:22:55.006389,moyenne
BJ-74EA3AF8,Fast Local Lodge,Restauration & Hôtellerie,Abomey-Calavi,+229 75 74 75 16,,fastlocallodge.bj,TPE (<10),B2C,CCIB Annuaire,,Actif,2026-06-29T00:22:55.006407,moyenne
BJ-17A0B29B,Discothèque,Restauration & Hôtellerie,Abomey-Calavi,+229 64 99 55 16,discothèque@discothèque.org.bj,,TPE (<10),B2C,CCIB Annuaire,,Actif,2026-06-29T00:22:55.006421,moyenne
BJ-85145349,Mer Café,Restauration & Hôtellerie,Abomey-Calavi,+229 92 65 11 77,mer.café@hotmail.com,mercafé.bj,TPE (<10),B2C,CCIB Annuaire,,Actif,2026-06-29T00:22:55.006453,haute
BJ-B9E3A5B1,Auberge Pub,Restauration & Hôtellerie,Abomey-Calavi,+229 80 94 23 70,auberge.pub@hotmail.com,aubergepub.bj,TPE (<10),B2C,CCIB Annuaire,,Actif,2026-06-29T00:22:55.006496,haute
BJ-90F69AF4,Burger Inn,Restauration & Hôtellerie,Abomey-Calavi,+229 83 18 57 20,burger.inn@gmail.com,burgerinn.bj,TPE (<10),B2C,CCIB Annuaire,,Actif,2026-06-29T00:22:55.006533,haute
BJ-F7D81B4A,Fast Local Lodge,Restauration & Hôtellerie,Porto-Novo,+229 60 18 15 33,fastlocal@outlook.com,fastlocallodge.bj,PME (10-50),B2C,CCIB Annuaire,,Actif,2026-06-29T00:22:55.006577,haute
BJ-B3CE13FD,Café Karaoke,Restauration & Hôtellerie,Porto-Novo,+229 68 53 58 20,cafékaraoke@cafékaraoke.com.bj,,PME (10-50),B2C,CCIB Annuaire,,Actif,2026-06-29T00:22:55.006597,moyenne
BJ-5999EB77,Tradition Restaurant,Restauration & Hôtellerie,Porto-Novo,+229 35 35 78 50,t.restaurant@traditionrestau.org.bj,,TPE (<10),B2C,CCIB Annuaire,,Actif,2026-06-29T00:22:55.006623,moyenne
BJ-D836091F,Gourmet,Restauration & Hôtellerie,Porto-Novo,+229 34 77 47 85,gourmet@gourmet.bj,,PME (10-50),B2C,CCIB Annuaire,,Actif,2026-06-29T00:22:55.006638,moyenne
BJ-03D0F492,Lac Bénin,Restauration & Hôtellerie,Porto-Novo,+229 50 66 34 34,lacbénin@outlook.com,lacbénin.bj,TPE (<10),B2C,CCIB Annuaire,,Actif,2026-06-29T00:22:55.006655,haute
BJ-F36A94AB,Hôtel Grill Parakou,Restauration & Hôtellerie,Parakou,+229 91 18 44 72,,hôtelgrillparakou.bj,TPE (<10),B2C,CCIB Annuaire,,Actif,2026-06-29T00:22:55.006676,moyenne
BJ-CBDF92D4,Cantine Gourmet Lodge Parakou,Restauration & Hôtellerie,Parakou,+229 96 36 45 35,cantinegourmet@yahoo.fr,cantinegourmetlodgeparakou.bj,PME (50-200),B2C,CCIB Annuaire,,Actif,2026-06-29T00:22:55.006693,haute
BJ-D4D89BA7,Fusion Café,Restauration & Hôtellerie,Parakou,+229 85 47 92 49,,fusioncafé.bj,PME (10-50),B2C,CCIB Annuaire,,Actif,2026-06-29T00:22:55.006706,moyenne
BJ-F46C86B3,Goût,Restauration & Hôtellerie,Parakou,+229 75 42 14 82,,goût.bj,PME (50-200),B2C,CCIB Annuaire,,Actif,2026-06-29T00:22:55.006718,moyenne
BJ-8C7C10E9,Jardin Resort,Restauration & Hôtellerie,Parakou,+229 86 60 34 62,j.resort@jardinresort.org.bj,jardinresort.bj,TPE (<10),B2C,CCIB Annuaire,,Actif,2026-06-29T00:22:55.006734,haute
BJ-C56E506E,Délice Resort,Restauration & Hôtellerie,Bohicon,+229 98 76 77 31,déliceresort@hotmail.com,déliceresort.bj,PME (50-200),B2C,CCIB Annuaire,,Actif,2026-06-29T00:22:55.006760,haute
BJ-D60626F0,Sandwich Village,Restauration & Hôtellerie,Bohicon,+229 95 14 83 14,sandwichvillage@sandwichvillage.bj,,TPE (<10),B2C,CCIB Annuaire,,Actif,2026-06-29T00:22:55.006777,moyenne
BJ-FADA49AB,Authentique,Restauration & Hôtellerie,Bohicon,+229 94 55 90 19,authentique@authentique.bj,authentique.bj,PME (50-200),B2C,CCIB Annuaire,,Actif,2026-06-29T00:22:55.006793,haute
BJ-F604ED86,Fast Glacier Lodge Bohicon,Restauration & Hôtellerie,Bohicon,+229 94 25 43 23,fastglacier@fastglacierlodg.com.bj,fastglacierlodgebohicon.bj,PME (10-50),B2C,CCIB Annuaire,,Actif,2026-06-29T00:22:55.006811,haute
BJ-CB3E585F,Africain,Restauration & Hôtellerie,Bohicon,+229 80 72 38 56,africain@hotmail.com,,PME (10-50),B2C,CCIB Annuaire,,Actif,2026-06-29T00:22:55.006824,moyenne
BJ-3CD74335,Bar Saveurs Brasserie,Restauration & Hôtellerie,Natitingou,+229 97 12 32 72,bar.saveurs@barsaveursbrass.org.bj,,TPE (<10),B2C,CCIB Annuaire,,Actif,2026-06-29T00:22:55.006866,moyenne
BJ-06C486FD,Restaurant Fusion,Restauration & Hôtellerie,Natitingou,+229 66 73 39 41,,,TPE (<10),B2C,CCIB Annuaire,,Actif,2026-06-29T00:22:55.006898,basse
BJ-799EADB6,Salade,Restauration & Hôtellerie,Natitingou,+229 63 67 58 63,,salade.bj,PME (50-200),B2C,CCIB Annuaire,,Actif,2026-06-29T00:22:55.006915,moyenne
BJ-40917A48,Food Karaoke Palace,Restauration & Hôtellerie,Lokossa,+229 37 33 54 77,foodkaraoke@foodkaraokepala.bj,foodkaraokepalace.bj,PME (10-50),B2C,CCIB Annuaire,,Actif,2026-06-29T00:22:55.006939,haute
BJ-0886489E,Chocolaterie Café,Restauration & Hôtellerie,Lokossa,+229 73 59 16 15,,chocolateriecafé.bj,PME (10-50),B2C,CCIB Annuaire,,Actif,2026-06-29T00:22:55.006956,moyenne
BJ-37AD934F,Continental,Restauration & Hôtellerie,Lokossa,+229 40 81 96 19,,,TPE (<10),B2C,CCIB Annuaire,,Actif,2026-06-29T00:22:55.006975,basse
BJ-124A286C,Auberge Lac Bénin,Restauration & Hôtellerie,Lokossa,+229 56 25 18 41,a.lac@yahoo.fr,aubergelacbénin.bj,Grande (>200),B2C,CCIB Annuaire,,Actif,2026-06-29T00:22:55.006992,haute
BJ-BAFD7E26,Tacos,Restauration & Hôtellerie,Lokossa,+229 67 98 78 17,tacos@yahoo.fr,tacos.bj,PME (10-50),B2C,CCIB Annuaire,,Actif,2026-06-29T00:22:55.007005,haute
BJ-022E98F1,Pizzeria,Restauration & Hôtellerie,Ouidah,+229 58 58 55 66,pizzeria@pizzeria.com.bj,pizzeria.bj,PME (10-50),B2C,CCIB Annuaire,,Actif,2026-06-29T00:22:55.007026,haute
BJ-AE3F81CD,Grill International,Restauration & Hôtellerie,Ouidah,+229 80 68 20 72,g.international@grillinternatio.bj,grillinternational.bj,TPE (<10),B2C,CCIB Annuaire,,Actif,2026-06-29T00:22:55.007042,haute
BJ-266A0814,Pâtisserie,Restauration & Hôtellerie,Ouidah,+229 97 17 16 27,pâtisserie@yahoo.fr,,TPE (<10),B2C,CCIB Annuaire,,Actif,2026-06-29T00:22:55.007056,moyenne
BJ-D6A08946,Bar Grand Resort,Restauration & Hôtellerie,Ouidah,+229 34 58 44 41,bargrand@bargrandresort.bj,bargrandresort.bj,PME (10-50),B2C,CCIB Annuaire,,Actif,2026-06-29T00:22:55.007072,haute
BJ-107C1DBB,Délice,Restauration & Hôtellerie,Ouidah,+229 63 37 91 65,délice@délice.org.bj,,PME (10-50),B2C,CCIB Annuaire,,Actif,2026-06-29T00:22:55.007086,moyenne
BJ-DECA2AE2,Bar Nouveau Palace,Restauration & Hôtellerie,Savalou,+229 86 70 68 16,,barnouveaupalace.bj,TPE (<10),B2C,CCIB Annuaire,,Actif,2026-06-29T00:22:55.007104,moyenne
BJ-5D422229,Bar Fusion Palace,Restauration & Hôtellerie,Savalou,+229 97 61 92 59,bar.fusion@gmail.com,barfusionpalace.bj,PME (10-50),B2C,CCIB Annuaire,,Actif,2026-06-29T00:22:55.007122,haute
BJ-B71FE44F,Table Spa,Restauration & Hôtellerie,Savalou,+229 37 54 48 46,tablespa@tablespa.bj,tablespa.bj,Grande (>200),B2C,CCIB Annuaire,,Actif,2026-06-29T00:22:55.007141,haute
BJ-5414BF74,Salade Inn Savalou,Restauration & Hôtellerie,Savalou,+229 23 12 85 88,salade_inn@outlook.com,,PME (10-50),B2C,CCIB Annuaire,,Actif,2026-06-29T00:22:55.007156,moyenne
BJ-1C67985A,Cantine Lounge Spa,Restauration & Hôtellerie,Savalou,+229 51 18 77 37,c.lounge@yahoo.fr,cantineloungespa.bj,TPE (<10),B2C,CCIB Annuaire,,Actif,2026-06-29T00:22:55.007171,haute
BJ-7636AB42,Continental Resort,Restauration & Hôtellerie,Dassa-Zoumè,+229 39 30 97 98,,continentalresort.bj,TPE (<10),B2C,CCIB Annuaire,,Actif,2026-06-29T00:22:55.007190,moyenne
BJ-5A8503D0,Café Ambiance,Restauration & Hôtellerie,Dassa-Zoumè,+229 44 37 75 25,caféambiance@caféambiance.org.bj,caféambiance.bj,TPE (<10),B2C,CCIB Annuaire,,Actif,2026-06-29T00:22:55.007207,haute
BJ-8A7A6F17,Hôtel Burger Village Dassa-Zoumè,Restauration & Hôtellerie,Dassa-Zoumè,+229 84 96 91 46,h.burger@yahoo.fr,hôtelburgervillagedassazoumè.bj,TPE (<10),B2C,CCIB Annuaire,,Actif,2026-06-29T00:22:55.007231,haute
BJ-A18E5A01,Village Dassa-Zoumè,Restauration & Hôtellerie,Dassa-Zoumè,+229 47 53 21 49,villagedassa@villagedassazou.org.bj,villagedassazoumè.bj,TPE (<10),B2C,CCIB Annuaire,,Actif,2026-06-29T00:22:55.007249,haute
BJ-D5FAF83B,Sushi,Restauration & Hôtellerie,Dassa-Zoumè,+229 93 66 90 10,,sushi.bj,PME (50-200),B2C,CCIB Annuaire,,Actif,2026-06-29T00:22:55.007260,moyenne
BJ-BA4E1FDD,Auberge Royal Kétou,Restauration & Hôtellerie,Kétou,+229 37 38 56 40,,aubergeroyalkétou.bj,TPE (<10),B2C,CCIB Annuaire,,Actif,2026-06-29T00:22:55.007280,moyenne
BJ-6ED68F4E,Goût Lodge Kétou,Restauration & Hôtellerie,Kétou,+229 20 24 48 50,goût.lodge@goûtlodgekétou.com.bj,goûtlodgekétou.bj,PME (50-200),B2C,CCIB Annuaire,,Actif,2026-06-29T00:22:55.007297,haute
BJ-015A3C13,Détente International,Restauration & Hôtellerie,Kétou,+229 26 51 98 30,détente.international@yahoo.fr,détenteinternational.bj,PME (10-50),B2C,CCIB Annuaire,,Actif,2026-06-29T00:22:55.007316,haute
BJ-BA0FE374,Mer Village,Restauration & Hôtellerie,Kétou,+229 79 69 36 59,,mervillage.bj,PME (50-200),B2C,CCIB Annuaire,,Actif,2026-06-29T00:22:55.007328,moyenne
BJ-5F479288,Traiteur Karaoke Kétou,Restauration & Hôtellerie,Kétou,+229 90 49 50 50,,traiteurkaraokekétou.bj,TPE (<10),B2C,CCIB Annuaire,,Actif,2026-06-29T00:22:55.007341,moyenne
BJ-1AFF1EA8,Restaurant Table Covè,Restauration & Hôtellerie,Covè,+229 52 73 67 42,restauranttable@yahoo.com,restauranttablecovè.bj,TPE (<10),B2C,CCIB Annuaire,,Actif,2026-06-29T00:22:55.007364,haute
BJ-3307B70B,Restaurant Chocolaterie,Restauration & Hôtellerie,Covè,+229 84 63 49 38,r.chocolaterie@gmail.com,,PME (10-50),B2C,CCIB Annuaire,,Actif,2026-06-29T00:22:55.007382,moyenne
BJ-705B276F,Food Tacos,Restauration & Hôtellerie,Covè,+229 76 61 20 90,,foodtacos.bj,PME (50-200),B2C,CCIB Annuaire,,Actif,2026-06-29T00:22:55.007395,moyenne
BJ-44330AD0,Food Authentique Spa,Restauration & Hôtellerie,Covè,+229 87 19 97 64,,foodauthentiquespa.bj,Grande (>200),B2C,CCIB Annuaire,,Actif,2026-06-29T00:22:55.007406,moyenne
BJ-ECDC171D,Plage Brasserie Covè,Restauration & Hôtellerie,Covè,+229 36 54 88 63,p.brasserie@yahoo.fr,,TPE (<10),B2C,CCIB Annuaire,,Actif,2026-06-29T00:22:55.007421,moyenne
BJ-860056D1,Continental Inn,Restauration & Hôtellerie,Pobè,+229 73 43 34 12,continentalinn@yahoo.fr,continentalinn.bj,PME (10-50),B2C,CCIB Annuaire,,Actif,2026-06-29T00:22:55.007443,haute
BJ-D7614494,Brasserie Palace,Restauration & Hôtellerie,Pobè,+229 78 19 94 45,,brasseriepalace.bj,Grande (>200),B2C,CCIB Annuaire,,Actif,2026-06-29T00:22:55.007455,moyenne
BJ-B308F1E6,Bistro Café Pobè,Restauration & Hôtellerie,Pobè,+229 24 42 62 12,bistro.café@bistrocafépobè.bj,,PME (10-50),B2C,CCIB Annuaire,,Actif,2026-06-29T00:22:55.007475,moyenne
BJ-6E899961,Lounge,Restauration & Hôtellerie,Pobè,+229 76 26 17 19,,,TPE (<10),B2C,CCIB Annuaire,,Actif,2026-06-29T00:22:55.007487,basse
BJ-2DA7FCE5,Africain,Restauration & Hôtellerie,Pobè,+229 98 62 50 14,,africain.bj,PME (50-200),B2C,CCIB Annuaire,,Actif,2026-06-29T00:22:55.007498,moyenne
BJ-8C98686F,Restaurant Mer Sakété,Restauration & Hôtellerie,Sakété,+229 77 35 66 32,restaurant.mer@gmail.com,restaurantmersakété.bj,Grande (>200),B2C,CCIB Annuaire,,Actif,2026-06-29T00:22:55.007520,haute
BJ-22F424EB,Grand Café,Restauration & Hôtellerie,Sakété,+229 39 76 38 68,,,Grande (>200),B2C,CCIB Annuaire,,Actif,2026-06-29T00:22:55.007532,basse
BJ-92C56BD6,Tacos Sakété,Restauration & Hôtellerie,Sakété,+229 44 91 14 62,t.sakété@hotmail.com,tacossakété.bj,TPE (<10),B2C,CCIB Annuaire,,Actif,2026-06-29T00:22:55.007548,haute
BJ-5B8ADBC5,Royal Resort,Restauration & Hôtellerie,Sakété,+229 36 76 21 73,royal_resort@royalresort.com.bj,royalresort.bj,TPE (<10),B2C,CCIB Annuaire,,Actif,2026-06-29T00:22:55.007563,haute
BJ-9E98A4BB,Glacier Lodge Sakété,Restauration & Hôtellerie,Sakété,+229 39 32 76 11,glacier.lodge@yahoo.fr,glacierlodgesakété.bj,PME (10-50),B2C,CCIB Annuaire,,Actif,2026-06-29T00:22:55.007578,haute
BJ-666A214C,Café Chocolaterie,Restauration & Hôtellerie,Adjara,+229 82 29 64 62,,caféchocolaterie.bj,TPE (<10),B2C,CCIB Annuaire,,Actif,2026-06-29T00:22:55.007600,moyenne
BJ-D8EFB0E8,Restaurant Continental Adjara,Restauration & Hôtellerie,Adjara,+229 54 55 10 97,restaurant_continental@restaurantconti.bj,restaurantcontinentaladjara.bj,TPE (<10),B2C,CCIB Annuaire,,Actif,2026-06-29T00:22:55.007635,haute
BJ-C12B3DAD,Glacier,Restauration & Hôtellerie,Adjara,+229 37 53 43 84,,,PME (10-50),B2C,CCIB Annuaire,,Actif,2026-06-29T00:22:55.007646,basse
BJ-0E01ED42,Hôtel Jardin,Restauration & Hôtellerie,Adjara,+229 56 12 96 62,h.jardin@gmail.com,,TPE (<10),B2C,CCIB Annuaire,,Actif,2026-06-29T00:22:55.007661,moyenne
BJ-6B4E8E69,Jardin Village,Restauration & Hôtellerie,Allada,+229 73 69 25 12,jardinvillage@jardinvillage.com.bj,jardinvillage.bj,PME (10-50),B2C,CCIB Annuaire,,Actif,2026-06-29T00:22:55.007684,haute
BJ-71DA20E3,Sushi,Restauration & Hôtellerie,Allada,+229 29 87 77 88,,sushi.bj,TPE (<10),B2C,CCIB Annuaire,,Actif,2026-06-29T00:22:55.007695,moyenne
BJ-D15E96F7,Auberge Sushi Allada,Restauration & Hôtellerie,Allada,+229 39 57 42 41,aubergesushi@gmail.com,aubergesushiallada.bj,TPE (<10),B2C,CCIB Annuaire,,Actif,2026-06-29T00:22:55.007710,haute
BJ-EE5ADCC2,Pizzeria Village,Restauration & Hôtellerie,Allada,+229 27 59 77 39,,pizzeriavillage.bj,Grande (>200),B2C,CCIB Annuaire,,Actif,2026-06-29T00:22:55.007721,moyenne
BJ-20F97518,Local Resort Allada,Restauration & Hôtellerie,Allada,+229 57 25 94 63,,localresortallada.bj,TPE (<10),B2C,CCIB Annuaire,,Actif,2026-06-29T00:22:55.007733,moyenne
BJ-EAF823D7,Hôtel Fusion Café,Restauration & Hôtellerie,Aplahoué,+229 90 96 34 97,hôtel_fusion@outlook.com,hôtelfusioncafé.bj,PME (10-50),B2C,CCIB Annuaire,,Actif,2026-06-29T00:22:55.007756,haute
BJ-E3AD58BF,Sandwich Palace,Restauration & Hôtellerie,Aplahoué,+229 99 17 79 96,s.palace@yahoo.com,sandwichpalace.bj,PME (10-50),B2C,CCIB Annuaire,,Actif,2026-06-29T00:22:55.007773,haute
BJ-E61B9592,Hôtel Ambiance Restaurant,Restauration & Hôtellerie,Aplahoué,+229 30 76 56 58,hôtelambiance@outlook.com,,TPE (<10),B2C,CCIB Annuaire,,Actif,2026-06-29T00:22:55.007792,moyenne
BJ-6F11E425,Lounge Restaurant Aplahoué,Restauration & Hôtellerie,Aplahoué,+229 61 88 94 56,lounge.restaurant@gmail.com,loungerestaurantaplahoué.bj,Grande (>200),B2C,CCIB Annuaire,,Actif,2026-06-29T00:22:55.007809,haute
BJ-E3DF8DFD,Hôtel Délice Village,Restauration & Hôtellerie,Aplahoué,+229 86 45 15 93,hôtel.délice@yahoo.com,,PME (50-200),B2C,CCIB Annuaire,,Actif,2026-06-29T00:22:55.007825,moyenne
BJ-BE39009D,Bar Salade Bénin,Restauration & Hôtellerie,Dogbo-Tota,+229 26 12 52 44,barsalade@barsaladebénin.org.bj,barsaladebénin.bj,TPE (<10),B2C,CCIB Annuaire,,Actif,2026-06-29T00:22:55.007849,haute
BJ-D7E04985,Traiteur Tradition Lodge,Restauration & Hôtellerie,Dogbo-Tota,+229 21 73 71 61,traiteur.tradition@yahoo.com,,PME (50-200),B2C,CCIB Annuaire,,Actif,2026-06-29T00:22:55.007878,moyenne
BJ-66BD5A76,Tacos,Restauration & Hôtellerie,Dogbo-Tota,+229 59 57 83 96,tacos@yahoo.com,tacos.bj,PME (50-200),B2C,CCIB Annuaire,,Actif,2026-06-29T00:22:55.007903,haute
BJ-2F5D1597,Bar Plage,Restauration & Hôtellerie,Dogbo-Tota,+229 27 99 98 39,barplage@barplage.bj,barplage.bj,PME (10-50),B2C,CCIB Annuaire,,Actif,2026-06-29T00:22:55.007945,haute
BJ-AC058A64,Cantine Karaoke Hotel,Restauration & Hôtellerie,Dogbo-Tota,+229 51 86 20 72,cantinekaraoke@outlook.com,cantinekaraokehotel.bj,PME (10-50),B2C,CCIB Annuaire,,Actif,2026-06-29T00:22:55.007989,haute
BJ-1082FAD6,Jardin Resort,Restauration & Hôtellerie,Kpomassè,+229 28 28 21 97,,jardinresort.bj,TPE (<10),B2C,CCIB Annuaire,,Actif,2026-06-29T00:22:55.008024,moyenne
BJ-A18467E5,Food Plaisir Village,Restauration & Hôtellerie,Kpomassè,+229 20 99 98 91,foodplaisir@foodplaisirvill.com.bj,foodplaisirvillage.bj,PME (10-50),B2C,CCIB Annuaire,,Actif,2026-06-29T00:22:55.008041,haute
BJ-3135C158,Brasserie Karaoke,Restauration & Hôtellerie,Kpomassè,+229 22 45 49 78,brasserie.karaoke@brasseriekaraok.bj,brasseriekaraoke.bj,Grande (>200),B2C,CCIB Annuaire,,Actif,2026-06-29T00:22:55.008062,haute
BJ-633F47CE,Chocolaterie Lodge,Restauration & Hôtellerie,Kpomassè,+229 85 97 97 25,chocolaterie.lodge@chocolaterielod.org.bj,chocolaterielodge.bj,PME (50-200),B2C,CCIB Annuaire,,Actif,2026-06-29T00:22:55.008090,haute
BJ-AEA696B1,Hôtel Plaisir,Restauration & Hôtellerie,Kpomassè,+229 34 67 49 61,h.plaisir@hôtelplaisir.com.bj,hôtelplaisir.bj,TPE (<10),B2C,CCIB Annuaire,,Actif,2026-06-29T00:22:55.008120,haute
BJ-2F62AEB8,Traiteur Fusion Café,Restauration & Hôtellerie,Tori-Bossito,+229 36 37 33 20,,,TPE (<10),B2C,CCIB Annuaire,,Actif,2026-06-29T00:22:55.008158,basse
BJ-419102D5,Auberge Plaisir Inn,Restauration & Hôtellerie,Tori-Bossito,+229 99 27 53 75,aubergeplaisir@hotmail.com,,TPE (<10),B2C,CCIB Annuaire,,Actif,2026-06-29T00:22:55.008177,moyenne
BJ-19BA720F,Brasserie Plage Restaurant,Restauration & Hôtellerie,Tori-Bossito,+229 54 12 52 65,brasserie.plage@yahoo.com,brasserieplagerestaurant.bj,PME (10-50),B2C,CCIB Annuaire,,Actif,2026-06-29T00:22:55.008199,haute
BJ-DE9B26CE,Glacier Tori-Bossito,Restauration & Hôtellerie,Tori-Bossito,+229 20 83 84 86,glaciertori@hotmail.com,glaciertoribossito.bj,TPE (<10),B2C,CCIB Annuaire,,Actif,2026-06-29T00:22:55.008215,haute
BJ-C8290431,Pension Saveur,Restauration & Hôtellerie,Tori-Bossito,+229 74 38 46 35,,pensionsaveur.bj,TPE (<10),B2C,CCIB Annuaire,,Actif,2026-06-29T00:22:55.008240,moyenne
BJ-E7471A43,Saveurs Spa,Restauration & Hôtellerie,Grand-Popo,+229 64 85 62 51,,saveursspa.bj,Grande (>200),B2C,CCIB Annuaire,,Actif,2026-06-29T00:22:55.008259,moyenne
BJ-3715E0C9,Bar Pizzeria Lodge,Restauration & Hôtellerie,Grand-Popo,+229 39 46 15 45,,barpizzerialodge.bj,TPE (<10),B2C,CCIB Annuaire,,Actif,2026-06-29T00:22:55.008274,moyenne
BJ-3E0F203C,Sandwich Inn Grand-Popo,Restauration & Hôtellerie,Grand-Popo,+229 78 69 30 87,sandwich_inn@sandwichinngran.com.bj,,TPE (<10),B2C,CCIB Annuaire,,Actif,2026-06-29T00:22:55.008293,moyenne
BJ-253B3499,Chocolaterie,Restauration & Hôtellerie,Grand-Popo,+229 35 78 63 31,chocolaterie@chocolaterie.bj,chocolaterie.bj,TPE (<10),B2C,CCIB Annuaire,,Actif,2026-06-29T00:22:55.008307,haute
BJ-32A3838B,Fusion Brasserie,Restauration & Hôtellerie,Grand-Popo,+229 60 22 66 20,fusion.brasserie@yahoo.fr,fusionbrasserie.bj,TPE (<10),B2C,CCIB Annuaire,,Actif,2026-06-29T00:22:55.008322,haute
BJ-7A19F97D,Auberge Plaisir,Restauration & Hôtellerie,Athiémé,+229 52 39 11 76,aubergeplaisir@outlook.com,,PME (10-50),B2C,CCIB Annuaire,,Actif,2026-06-29T00:22:55.008342,moyenne
BJ-3F386767,Pension Authentique Athiémé,Restauration & Hôtellerie,Athiémé,+229 96 18 24 72,,pensionauthentiqueathiémé.bj,TPE (<10),B2C,CCIB Annuaire,,Actif,2026-06-29T00:22:55.008354,moyenne
BJ-51DDAA01,Auberge Plage Athiémé,Restauration & Hôtellerie,Athiémé,+229 43 44 36 48,auberge_plage@yahoo.fr,,TPE (<10),B2C,CCIB Annuaire,,Actif,2026-06-29T00:22:55.008370,moyenne
BJ-5D42528B,Table,Restauration & Hôtellerie,Athiémé,+229 43 91 55 10,table@gmail.com,table.bj,TPE (<10),B2C,CCIB Annuaire,,Actif,2026-06-29T00:22:55.008382,haute
BJ-372C5908,Nouveau Hotel,Restauration & Hôtellerie,Athiémé,+229 96 20 55 48,nouveau.hotel@hotmail.com,nouveauhotel.bj,TPE (<10),B2C,CCIB Annuaire,,Actif,2026-06-29T00:22:55.008397,haute
BJ-8BE7B094,Saveur Bopa,Restauration & Hôtellerie,Bopa,+229 66 46 59 99,s.bopa@outlook.com,saveurbopa.bj,PME (50-200),B2C,CCIB Annuaire,,Actif,2026-06-29T00:22:55.008418,haute
BJ-3C7FC91D,Palace,Restauration & Hôtellerie,Bopa,+229 29 79 20 84,palace@palace.bj,palace.bj,PME (50-200),B2C,CCIB Annuaire,,Actif,2026-06-29T00:22:55.008431,haute
BJ-B3AF008F,Bistro,Restauration & Hôtellerie,Bopa,+229 73 84 39 57,,,PME (50-200),B2C,CCIB Annuaire,,Actif,2026-06-29T00:22:55.008445,basse
BJ-654B794E,Traiteur Brasserie Lodge,Restauration & Hôtellerie,Bopa,+229 66 98 38 79,t.brasserie@traiteurbrasser.org.bj,traiteurbrasserielodge.bj,TPE (<10),B2C,CCIB Annuaire,,Actif,2026-06-29T00:22:55.008461,haute
BJ-3B1044A9,Tradition Hotel,Restauration & Hôtellerie,Houéyogbé,+229 69 59 80 66,tradition.hotel@traditionhotel.bj,,PME (50-200),B2C,CCIB Annuaire,,Actif,2026-06-29T00:22:55.008497,moyenne
BJ-C0D48101,Continental,Restauration & Hôtellerie,Houéyogbé,+229 90 69 35 58,continental@yahoo.fr,continental.bj,TPE (<10),B2C,CCIB Annuaire,,Actif,2026-06-29T00:22:55.008521,haute
BJ-90142F01,Sushi,Restauration & Hôtellerie,Houéyogbé,+229 38 56 20 45,sushi@hotmail.com,sushi.bj,TPE (<10),B2C,CCIB Annuaire,,Actif,2026-06-29T00:22:55.008534,haute
BJ-4C2E4990,Snack Sushi,Restauration & Hôtellerie,Houéyogbé,+229 76 27 10 60,snack.sushi@yahoo.fr,snacksushi.bj,TPE (<10),B2C,CCIB Annuaire,,Actif,2026-06-29T00:22:55.008547,haute
BJ-4EED2FA8,Fast Ambiance International,Restauration & Hôtellerie,Malanville,+229 32 34 25 98,f.ambiance@fastambianceint.bj,,TPE (<10),B2C,CCIB Annuaire,,Actif,2026-06-29T00:22:55.008568,moyenne
BJ-6A41211B,Délice Lodge Malanville,Restauration & Hôtellerie,Malanville,+229 55 63 90 25,délice.lodge@délicelodgemala.bj,délicelodgemalanville.bj,TPE (<10),B2C,CCIB Annuaire,,Actif,2026-06-29T00:22:55.008607,haute
BJ-3374AD6C,Pension Détente Village,Restauration & Hôtellerie,Malanville,+229 90 96 30 75,,pensiondétentevillage.bj,TPE (<10),B2C,CCIB Annuaire,,Actif,2026-06-29T00:22:55.008626,moyenne
BJ-82156624,Gourmet,Restauration & Hôtellerie,Malanville,+229 98 32 15 14,,gourmet.bj,PME (10-50),B2C,CCIB Annuaire,,Actif,2026-06-29T00:22:55.008682,moyenne
BJ-91BA7957,Bar Fusion Restaurant,Restauration & Hôtellerie,Kandi,+229 91 74 54 31,barfusion@barfusionrestau.com.bj,barfusionrestaurant.bj,TPE (<10),B2C,CCIB Annuaire,,Actif,2026-06-29T00:22:55.008729,haute
BJ-42756761,Brasserie Discothèque Palace,Restauration & Hôtellerie,Kandi,+229 42 28 90 32,,brasseriediscothèquepalace.bj,PME (10-50),B2C,CCIB Annuaire,,Actif,2026-06-29T00:22:55.008752,moyenne
BJ-1CE5659B,Fast Jardin Bénin,Restauration & Hôtellerie,Kandi,+229 96 82 63 65,,,PME (10-50),B2C,CCIB Annuaire,,Actif,2026-06-29T00:22:55.008771,basse
BJ-04C39545,Pâtisserie Kandi,Restauration & Hôtellerie,Kandi,+229 27 54 55 99,pâtisserie.kandi@pâtisseriekandi.org.bj,pâtisseriekandi.bj,PME (50-200),B2C,CCIB Annuaire,,Actif,2026-06-29T00:22:55.008805,haute
BJ-F00718A0,Table,Restauration & Hôtellerie,Kandi,+229 54 35 33 12,,table.bj,TPE (<10),B2C,CCIB Annuaire,,Actif,2026-06-29T00:22:55.008827,moyenne
BJ-03B0DAB3,Pizzeria,Restauration & Hôtellerie,Banikoara,+229 76 46 36 57,,,TPE (<10),B2C,CCIB Annuaire,,Actif,2026-06-29T00:22:55.008860,basse
BJ-D0A5EE2D,Food Délice Spa,Restauration & Hôtellerie,Banikoara,+229 97 60 34 75,,fooddélicespa.bj,Grande (>200),B2C,CCIB Annuaire,,Actif,2026-06-29T00:22:55.008882,moyenne
BJ-B71F0E72,Plaisir Banikoara,Restauration & Hôtellerie,Banikoara,+229 27 69 80 49,plaisirbanikoara@plaisirbanikoar.org.bj,plaisirbanikoara.bj,TPE (<10),B2C,CCIB Annuaire,,Actif,2026-06-29T00:22:55.008934,haute
BJ-EB3805AB,Plaisir,Restauration & Hôtellerie,Banikoara,+229 54 16 44 56,plaisir@plaisir.com.bj,plaisir.bj,PME (10-50),B2C,CCIB Annuaire,,Actif,2026-06-29T00:22:55.008960,haute
BJ-9BF4CEF5,Cantine Salade,Restauration & Hôtellerie,Banikoara,+229 68 27 87 16,c.salade@cantinesalade.org.bj,cantinesalade.bj,TPE (<10),B2C,CCIB Annuaire,,Actif,2026-06-29T00:22:55.008989,haute
BJ-82E83267,Ambiance Inn,Restauration & Hôtellerie,Ségbana,+229 75 65 37 12,a.inn@hotmail.com,ambianceinn.bj,PME (10-50),B2C,CCIB Annuaire,,Actif,2026-06-29T00:22:55.009031,haute
BJ-52D1078E,Goût Bénin,Restauration & Hôtellerie,Ségbana,+229 65 28 67 57,g.bénin@goûtbénin.com.bj,goûtbénin.bj,PME (10-50),B2C,CCIB Annuaire,,Actif,2026-06-29T00:22:55.009069,haute
BJ-934FDFBF,Restaurant Mer,Restauration & Hôtellerie,Ségbana,+229 43 62 78 11,,restaurantmer.bj,PME (10-50),B2C,CCIB Annuaire,,Actif,2026-06-29T00:22:55.009105,moyenne
BJ-F8259A54,Fast Sandwich,Restauration & Hôtellerie,Ségbana,+229 87 46 36 69,fastsandwich@yahoo.com,fastsandwich.bj,PME (10-50),B2C,CCIB Annuaire,,Actif,2026-06-29T00:22:55.009144,haute
BJ-FA6D2042,Karaoke,Restauration & Hôtellerie,Ségbana,+229 77 68 65 74,karaoke@karaoke.bj,karaoke.bj,PME (50-200),B2C,CCIB Annuaire,,Actif,2026-06-29T00:22:55.009174,haute
BJ-D8E22CCA,Restaurant Chocolaterie,Restauration & Hôtellerie,Karimama,+229 26 33 54 54,r.chocolaterie@gmail.com,restaurantchocolaterie.bj,PME (50-200),B2C,CCIB Annuaire,,Actif,2026-06-29T00:22:55.009225,haute
BJ-7142F10F,Auberge Pub,Restauration & Hôtellerie,Karimama,+229 51 37 38 79,auberge_pub@aubergepub.org.bj,aubergepub.bj,TPE (<10),B2C,CCIB Annuaire,,Actif,2026-06-29T00:22:55.009265,haute
BJ-3BD487BF,Bar Pizzeria Lodge,Restauration & Hôtellerie,Karimama,+229 25 97 95 78,,barpizzerialodge.bj,TPE (<10),B2C,CCIB Annuaire,,Actif,2026-06-29T00:22:55.009305,moyenne
BJ-AFB37E37,Bar Palace Resort,Restauration & Hôtellerie,Karimama,+229 82 66 95 51,,,Grande (>200),B2C,CCIB Annuaire,,Actif,2026-06-29T00:22:55.009337,basse
BJ-1A15EE93,Brasserie Lac Resort,Restauration & Hôtellerie,Karimama,+229 25 49 51 52,brasserielac@hotmail.com,brasserielacresort.bj,PME (50-200),B2C,CCIB Annuaire,,Actif,2026-06-29T00:22:55.009372,haute
BJ-C821C7BA,Chocolaterie,Restauration & Hôtellerie,Gogounou,+229 63 39 24 38,chocolaterie@chocolaterie.org.bj,chocolaterie.bj,PME (10-50),B2C,CCIB Annuaire,,Actif,2026-06-29T00:22:55.009418,haute
BJ-2EBF2E8B,Bar Glacier Brasserie,Restauration & Hôtellerie,Gogounou,+229 78 54 84 80,,,TPE (<10),B2C,CCIB Annuaire,,Actif,2026-06-29T00:22:55.009445,basse
BJ-51888E46,Jardin Village,Restauration & Hôtellerie,Gogounou,+229 77 74 38 76,,jardinvillage.bj,Grande (>200),B2C,CCIB Annuaire,,Actif,2026-06-29T00:22:55.009473,moyenne
BJ-1D7CF3C2,Bar Ambiance,Restauration & Hôtellerie,Gogounou,+229 40 54 73 32,,barambiance.bj,TPE (<10),B2C,CCIB Annuaire,,Actif,2026-06-29T00:22:55.009500,moyenne
BJ-A7579226,Fast Détente,Restauration & Hôtellerie,Gogounou,+229 73 95 81 86,,fastdétente.bj,TPE (<10),B2C,CCIB Annuaire,,Actif,2026-06-29T00:22:55.009529,moyenne
BJ-1DC54A7D,Traiteur Gourmet,Restauration & Hôtellerie,Cobly,+229 53 66 84 11,,traiteurgourmet.bj,TPE (<10),B2C,CCIB Annuaire,,Actif,2026-06-29T00:22:55.009570,moyenne
BJ-0C7B3050,Food Local Village,Restauration & Hôtellerie,Cobly,+229 44 15 43 89,foodlocal@foodlocalvillag.com.bj,foodlocalvillage.bj,TPE (<10),B2C,CCIB Annuaire,,Actif,2026-06-29T00:22:55.009648,haute
BJ-F9E3A8AD,Cantine Pâtisserie Café,Restauration & Hôtellerie,Cobly,+229 36 29 76 48,cantinepâtisserie@yahoo.com,,PME (10-50),B2C,CCIB Annuaire,,Actif,2026-06-29T00:22:55.009693,moyenne
BJ-E5051CED,Cantine Tacos Spa,Restauration & Hôtellerie,Cobly,+229 49 43 12 97,cantine.tacos@gmail.com,cantinetacosspa.bj,PME (10-50),B2C,CCIB Annuaire,,Actif,2026-06-29T00:22:55.009737,haute
BJ-E8A1FEC9,Auberge Karaoke Lodge,Restauration & Hôtellerie,Tanguiéta,+229 78 16 81 74,a.karaoke@aubergekaraokel.org.bj,aubergekaraokelodge.bj,PME (10-50),B2C,CCIB Annuaire,,Actif,2026-06-29T00:22:55.009800,haute
BJ-BB8BD61F,Gourmet Spa,Restauration & Hôtellerie,Tanguiéta,+229 96 83 86 87,,,TPE (<10),B2C,CCIB Annuaire,,Actif,2026-06-29T00:22:55.009832,basse
BJ-E0FE7F06,Snack Tradition Brasserie,Restauration & Hôtellerie,Tanguiéta,+229 88 33 86 34,snack.tradition@snacktraditionb.bj,,TPE (<10),B2C,CCIB Annuaire,,Actif,2026-06-29T00:22:55.009883,moyenne
BJ-019CFA78,Sushi Village,Restauration & Hôtellerie,Tanguiéta,+229 99 95 46 49,,,PME (10-50),B2C,CCIB Annuaire,,Actif,2026-06-29T00:22:55.009928,basse
BJ-2172DB3B,Brasserie Saveurs,Restauration & Hôtellerie,Tanguiéta,+229 73 14 23 79,,brasseriesaveurs.bj,PME (50-200),B2C,CCIB Annuaire,,Actif,2026-06-29T00:22:55.009954,moyenne
BJ-BD8062D2,Café Jardin,Restauration & Hôtellerie,Matéri,+229 70 82 89 40,,,TPE (<10),B2C,CCIB Annuaire,,Actif,2026-06-29T00:22:55.009988,basse
BJ-A6F0BACE,Food Sushi Lodge,Restauration & Hôtellerie,Matéri,+229 66 33 59 88,foodsushi@hotmail.com,foodsushilodge.bj,Grande (>200),B2C,CCIB Annuaire,,Actif,2026-06-29T00:22:55.010015,haute
BJ-C18D094A,Bar Ambiance Café,Restauration & Hôtellerie,Matéri,+229 45 78 60 51,barambiance@hotmail.com,barambiancecafé.bj,PME (10-50),B2C,CCIB Annuaire,,Actif,2026-06-29T00:22:55.010051,haute
BJ-7A8CD07C,Hôtel Salade International Matéri,Restauration & Hôtellerie,Matéri,+229 56 30 89 85,hôtelsalade@yahoo.fr,hôtelsaladeinternationalmatéri.bj,PME (10-50),B2C,CCIB Annuaire,,Actif,2026-06-29T00:22:55.010083,haute
BJ-4836D01F,Traiteur Fusion Inn,Restauration & Hôtellerie,Matéri,+229 22 64 36 97,t.fusion@yahoo.fr,traiteurfusioninn.bj,TPE (<10),B2C,CCIB Annuaire,,Actif,2026-06-29T00:22:55.010112,haute
BJ-E49BB41C,Snack Grand Inn,Restauration & Hôtellerie,Natitingou,+229 40 29 23 55,snack.grand@hotmail.com,snackgrandinn.bj,TPE (<10),B2C,CCIB Annuaire,,Actif,2026-06-29T00:22:55.010153,haute
BJ-EEB9B3A7,Fusion,Restauration & Hôtellerie,Natitingou,+229 37 28 78 68,,fusion.bj,TPE (<10),B2C,CCIB Annuaire,,Actif,2026-06-29T00:22:55.010191,moyenne
BJ-0D29BC85,Burger,Restauration & Hôtellerie,Natitingou,+229 44 69 68 53,burger@burger.com.bj,burger.bj,PME (10-50),B2C,CCIB Annuaire,,Actif,2026-06-29T00:22:55.010214,haute
BJ-81587EE1,Continental Hotel,Restauration & Hôtellerie,Natitingou,+229 67 92 51 50,,continentalhotel.bj,TPE (<10),B2C,CCIB Annuaire,,Actif,2026-06-29T00:22:55.010238,moyenne
BJ-4C8445B2,Grand Spa Toucountouna,Restauration & Hôtellerie,Toucountouna,+229 25 23 13 99,,,PME (10-50),B2C,CCIB Annuaire,,Actif,2026-06-29T00:22:55.010282,basse
BJ-87392927,Goût Village,Restauration & Hôtellerie,Toucountouna,+229 87 96 58 22,goût.village@goûtvillage.bj,goûtvillage.bj,PME (50-200),B2C,CCIB Annuaire,,Actif,2026-06-29T00:22:55.010325,haute
BJ-04736717,Brasserie Détente,Restauration & Hôtellerie,Toucountouna,+229 47 11 94 92,,,PME (50-200),B2C,CCIB Annuaire,,Actif,2026-06-29T00:22:55.010362,basse
BJ-3C2505F5,Cantine Continental Toucountouna,Restauration & Hôtellerie,Toucountouna,+229 29 63 80 25,cantine.continental@cantinecontinen.com.bj,cantinecontinentaltoucountouna.bj,TPE (<10),B2C,CCIB Annuaire,,Actif,2026-06-29T00:22:55.010399,haute
BJ-D965A8D2,Salade Inn Toucountouna,Restauration & Hôtellerie,Toucountouna,+229 37 74 61 85,,,PME (50-200),B2C,CCIB Annuaire,,Actif,2026-06-29T00:22:55.010420,basse
BJ-14BB1678,Cantine Gourmet Palace,Restauration & Hôtellerie,Boukoumbé,+229 45 11 54 69,,cantinegourmetpalace.bj,PME (10-50),B2C,CCIB Annuaire,,Actif,2026-06-29T00:22:55.010463,moyenne
BJ-BE980030,Tradition,Restauration & Hôtellerie,Boukoumbé,+229 46 50 24 96,tradition@tradition.bj,tradition.bj,TPE (<10),B2C,CCIB Annuaire,,Actif,2026-06-29T00:22:55.010492,haute
BJ-D1111027,Local Restaurant Boukoumbé,Restauration & Hôtellerie,Boukoumbé,+229 52 57 82 32,local.restaurant@yahoo.com,localrestaurantboukoumbé.bj,TPE (<10),B2C,CCIB Annuaire,,Actif,2026-06-29T00:22:55.010524,haute
BJ-95837B6A,Jardin Boukoumbé,Restauration & Hôtellerie,Boukoumbé,+229 59 54 15 21,jardinboukoumbé@yahoo.com,jardinboukoumbé.bj,PME (10-50),B2C,CCIB Annuaire,,Actif,2026-06-29T00:22:55.010575,haute
BJ-890540CD,Sushi,Restauration & Hôtellerie,Boukoumbé,+229 27 46 42 98,sushi@outlook.com,,TPE (<10),B2C,CCIB Annuaire,,Actif,2026-06-29T00:22:55.010592,moyenne
BJ-CCD7AED2,Saveurs,Restauration & Hôtellerie,Kouandé,+229 76 10 91 79,saveurs@outlook.com,,TPE (<10),B2C,CCIB Annuaire,,Actif,2026-06-29T00:22:55.010616,moyenne
BJ-BCA09D88,Nouveau,Restauration & Hôtellerie,Kouandé,+229 26 43 67 41,,nouveau.bj,Grande (>200),B2C,CCIB Annuaire,,Actif,2026-06-29T00:22:55.010628,moyenne
BJ-7626D396,Snack Saveurs Resort,Restauration & Hôtellerie,Kouandé,+229 74 11 95 81,snack.saveurs@gmail.com,,TPE (<10),B2C,CCIB Annuaire,,Actif,2026-06-29T00:22:55.010648,moyenne
BJ-AE17675F,Restaurant Brasserie Kouandé,Restauration & Hôtellerie,Kouandé,+229 71 83 21 20,r.brasserie@restaurantbrass.com.bj,,PME (10-50),B2C,CCIB Annuaire,,Actif,2026-06-29T00:22:55.010666,moyenne
BJ-B756F125,Pizzeria,Restauration & Hôtellerie,Kouandé,+229 96 33 47 39,,pizzeria.bj,TPE (<10),B2C,CCIB Annuaire,,Actif,2026-06-29T00:22:55.010678,moyenne
BJ-E98A4E98,Pension Salade,Restauration & Hôtellerie,Péhunco,+229 46 70 91 71,pension.salade@pensionsalade.com.bj,pensionsalade.bj,PME (50-200),B2C,CCIB Annuaire,,Actif,2026-06-29T00:22:55.010703,haute
BJ-1144F624,Restaurant Lac Palace Péhunco,Restauration & Hôtellerie,Péhunco,+229 36 85 54 21,,,PME (50-200),B2C,CCIB Annuaire,,Actif,2026-06-29T00:22:55.010718,basse
BJ-61EFE8AA,Délice,Restauration & Hôtellerie,Péhunco,+229 57 71 14 41,délice@yahoo.fr,délice.bj,TPE (<10),B2C,CCIB Annuaire,,Actif,2026-06-29T00:22:55.010733,haute
BJ-CF28CC1E,Pension Saveur Hotel Péhunco,Restauration & Hôtellerie,Péhunco,+229 42 89 11 81,p.saveur@pensionsaveurho.com.bj,pensionsaveurhotelpéhunco.bj,PME (10-50),B2C,CCIB Annuaire,,Actif,2026-06-29T00:22:55.010754,haute
BJ-6BF49BF7,Boulangerie Spa,Restauration & Hôtellerie,Péhunco,+229 99 34 48 29,boulangeriespa@boulangeriespa.com.bj,boulangeriespa.bj,Grande (>200),B2C,CCIB Annuaire,,Actif,2026-06-29T00:22:55.010771,haute
BJ-1B4F8319,Traiteur Plage Bénin,Restauration & Hôtellerie,Tchaourou,+229 57 53 71 58,traiteur_plage@traiteurplagebé.bj,traiteurplagebénin.bj,PME (10-50),B2C,CCIB Annuaire,,Actif,2026-06-29T00:22:55.010796,haute
BJ-4A944F6D,Tacos,Restauration & Hôtellerie,Tchaourou,+229 32 19 11 57,tacos@tacos.org.bj,tacos.bj,PME (10-50),B2C,CCIB Annuaire,,Actif,2026-06-29T00:22:55.010828,haute
BJ-A285474B,Fusion Hotel,Restauration & Hôtellerie,Tchaourou,+229 51 73 14 50,f.hotel@gmail.com,fusionhotel.bj,Grande (>200),B2C,CCIB Annuaire,,Actif,2026-06-29T00:22:55.010845,haute
BJ-FD3B2265,Traiteur Village,Restauration & Hôtellerie,Tchaourou,+229 64 25 68 68,traiteur_village@traiteurvillage.org.bj,traiteurvillage.bj,TPE (<10),B2C,CCIB Annuaire,,Actif,2026-06-29T00:22:55.010860,haute
BJ-5ED71669,Brasserie Saveur,Restauration & Hôtellerie,Nikki,+229 99 53 21 27,brasserie.saveur@brasseriesaveur.bj,brasseriesaveur.bj,Grande (>200),B2C,CCIB Annuaire,,Actif,2026-06-29T00:22:55.010883,haute
BJ-7AA1CA3C,Traiteur Table,Restauration & Hôtellerie,Nikki,+229 73 37 89 38,traiteurtable@traiteurtable.org.bj,traiteurtable.bj,Grande (>200),B2C,CCIB Annuaire,,Actif,2026-06-29T00:22:55.010932,haute
BJ-17B5421D,Saveur Nikki,Restauration & Hôtellerie,Nikki,+229 74 27 31 17,saveur.nikki@outlook.com,,PME (10-50),B2C,CCIB Annuaire,,Actif,2026-06-29T00:22:55.010947,moyenne
BJ-D13368AE,Pension Tacos,Restauration & Hôtellerie,Nikki,+229 67 84 88 42,p.tacos@pensiontacos.bj,pensiontacos.bj,TPE (<10),B2C,CCIB Annuaire,,Actif,2026-06-29T00:22:55.010963,haute
BJ-36710037,Brasserie Saveurs Restaurant Bembéréké,Restauration & Hôtellerie,Bembéréké,+229 91 28 63 63,brasseriesaveurs@brasseriesaveur.com.bj,brasseriesaveursrestaurantbembéréké.bj,Grande (>200),B2C,CCIB Annuaire,,Actif,2026-06-29T00:22:55.010988,haute
BJ-AF1A6BFC,Pâtisserie International,Restauration & Hôtellerie,Bembéréké,+229 73 89 35 38,pâtisserieinternational@pâtisserieinter.org.bj,pâtisserieinternational.bj,TPE (<10),B2C,CCIB Annuaire,,Actif,2026-06-29T00:22:55.011007,haute
BJ-1EF17204,Goût Restaurant,Restauration & Hôtellerie,Bembéréké,+229 54 24 13 59,,goûtrestaurant.bj,PME (50-200),B2C,CCIB Annuaire,,Actif,2026-06-29T00:22:55.011026,moyenne
BJ-9B585386,Snack Tradition Spa Bembéréké,Restauration & Hôtellerie,Bembéréké,+229 78 97 79 91,snack.tradition@snacktraditions.org.bj,,PME (50-200),B2C,CCIB Annuaire,,Actif,2026-06-29T00:22:55.011045,moyenne
BJ-B6BAFE3D,Gourmet,Restauration & Hôtellerie,Bembéréké,+229 67 71 78 61,gourmet@gourmet.bj,,PME (10-50),B2C,CCIB Annuaire,,Actif,2026-06-29T00:22:55.011058,moyenne
BJ-2C3216EB,Authentique Spa Kalalé,Restauration & Hôtellerie,Kalalé,+229 80 46 86 51,,authentiquespakalalé.bj,PME (50-200),B2C,CCIB Annuaire,,Actif,2026-06-29T00:22:55.011078,moyenne
BJ-16268674,Local Village Kalalé,Restauration & Hôtellerie,Kalalé,+229 39 34 59 54,,,TPE (<10),B2C,CCIB Annuaire,,Actif,2026-06-29T00:22:55.011090,basse
BJ-55C5D8CE,Restaurant Nouveau,Restauration & Hôtellerie,Kalalé,+229 96 81 15 14,r.nouveau@outlook.com,restaurantnouveau.bj,TPE (<10),B2C,CCIB Annuaire,,Actif,2026-06-29T00:22:55.011111,haute
BJ-7F85CF47,Hôtel Discothèque Lodge,Restauration & Hôtellerie,Kalalé,+229 48 43 54 53,hôteldiscothèque@hôteldiscothèqu.bj,,Grande (>200),B2C,CCIB Annuaire,,Actif,2026-06-29T00:22:55.011129,moyenne
BJ-6F146F5A,Fast Fusion,Restauration & Hôtellerie,Kalalé,+229 70 29 17 90,,fastfusion.bj,TPE (<10),B2C,CCIB Annuaire,,Actif,2026-06-29T00:22:55.011141,moyenne
BJ-49EA0988,Café Africain Inn,Restauration & Hôtellerie,Ndali,+229 54 65 32 10,café.africain@gmail.com,caféafricaininn.bj,PME (10-50),B2C,CCIB Annuaire,,Actif,2026-06-29T00:22:55.011166,haute
BJ-D61E9D8C,Salade Ndali,Restauration & Hôtellerie,Ndali,+229 62 44 53 12,,saladendali.bj,PME (50-200),B2C,CCIB Annuaire,,Actif,2026-06-29T00:22:55.011178,moyenne
BJ-28E6C20C,Nouveau Spa Ndali,Restauration & Hôtellerie,Ndali,+229 39 11 29 69,nouveauspa@nouveauspandali.org.bj,nouveauspandali.bj,PME (10-50),B2C,CCIB Annuaire,,Actif,2026-06-29T00:22:55.011197,haute
BJ-04A5CDF6,Grand Village,Restauration & Hôtellerie,Ndali,+229 95 15 72 95,,grandvillage.bj,Grande (>200),B2C,CCIB Annuaire,,Actif,2026-06-29T00:22:55.011209,moyenne
BJ-8FC3707B,Cantine Pâtisserie,Restauration & Hôtellerie,Ndali,+229 30 26 14 22,cantinepâtisserie@gmail.com,cantinepâtisserie.bj,TPE (<10),B2C,CCIB Annuaire,,Actif,2026-06-29T00:22:55.011226,haute
BJ-0C2DA6C5,Snack International Village Ségbana,Restauration & Hôtellerie,Ségbana,+229 61 99 24 77,snackinternational@snackinternatio.com.bj,snackinternationalvillageségbana.bj,PME (10-50),B2C,CCIB Annuaire,,Actif,2026-06-29T00:22:55.011270,haute
BJ-BCDDBA48,Table Inn Ségbana,Restauration & Hôtellerie,Ségbana,+229 62 15 72 12,table.inn@hotmail.com,tableinnségbana.bj,PME (10-50),B2C,CCIB Annuaire,,Actif,2026-06-29T00:22:55.011288,haute
BJ-52611191,Royal Restaurant,Restauration & Hôtellerie,Ségbana,+229 50 52 82 56,royalrestaurant@yahoo.fr,,PME (10-50),B2C,CCIB Annuaire,,Actif,2026-06-29T00:22:55.011303,moyenne
BJ-E9DCC139,Fast Continental,Restauration & Hôtellerie,Ségbana,+229 34 26 35 22,fast.continental@yahoo.com,,TPE (<10),B2C,CCIB Annuaire,,Actif,2026-06-29T00:22:55.011318,moyenne
BJ-5A2F4B57,Traiteur Salade Café,Restauration & Hôtellerie,Tchaourou,+229 30 68 55 28,,traiteursaladecafé.bj,TPE (<10),B2C,CCIB Annuaire,,Actif,2026-06-29T00:22:55.011376,moyenne
BJ-1F25D8D9,Fast Sandwich,Restauration & Hôtellerie,Tchaourou,+229 22 59 16 54,fastsandwich@fastsandwich.bj,,PME (50-200),B2C,CCIB Annuaire,,Actif,2026-06-29T00:22:55.011405,moyenne
BJ-61FB9731,Jardin Brasserie Tchaourou,Restauration & Hôtellerie,Tchaourou,+229 37 28 28 11,jardinbrasserie@jardinbrasserie.com.bj,jardinbrasserietchaourou.bj,TPE (<10),B2C,CCIB Annuaire,,Actif,2026-06-29T00:22:55.011433,haute
BJ-EB0BA249,Snack Africain Tchaourou,Restauration & Hôtellerie,Tchaourou,+229 53 12 35 42,snack_africain@yahoo.fr,snackafricaintchaourou.bj,Grande (>200),B2C,CCIB Annuaire,,Actif,2026-06-29T00:22:55.011469,haute
BJ-BBADD690,Cantine Sandwich,Restauration & Hôtellerie,Bétérou,+229 85 34 31 97,cantinesandwich@gmail.com,cantinesandwich.bj,TPE (<10),B2C,CCIB Annuaire,,Actif,2026-06-29T00:22:55.011515,haute
BJ-470A7154,Snack Tradition,Restauration & Hôtellerie,Bétérou,+229 81 27 18 49,,snacktradition.bj,PME (50-200),B2C,CCIB Annuaire,,Actif,2026-06-29T00:22:55.011541,moyenne
BJ-AB7E8136,Village Hotel,Restauration & Hôtellerie,Bétérou,+229 61 88 58 35,,villagehotel.bj,TPE (<10),B2C,CCIB Annuaire,,Actif,2026-06-29T00:22:55.011591,moyenne
BJ-2F8C9BE9,Tradition Brasserie,Restauration & Hôtellerie,Bétérou,+229 45 81 76 28,tradition.brasserie@yahoo.com,traditionbrasserie.bj,PME (50-200),B2C,CCIB Annuaire,,Actif,2026-06-29T00:22:55.011623,haute
BJ-78EB682B,Table International,Restauration & Hôtellerie,Ouessè,+229 89 15 48 85,table.international@tableinternatio.com.bj,tableinternational.bj,PME (10-50),B2C,CCIB Annuaire,,Actif,2026-06-29T00:22:55.011666,haute
BJ-F38213B8,Grill Café,Restauration & Hôtellerie,Ouessè,+229 47 33 86 45,,grillcafé.bj,TPE (<10),B2C,CCIB Annuaire,,Actif,2026-06-29T00:22:55.011701,moyenne
BJ-6C1AFBDC,Continental Café,Restauration & Hôtellerie,Ouessè,+229 30 29 65 42,continental.café@continentalcafé.bj,continentalcafé.bj,TPE (<10),B2C,CCIB Annuaire,,Actif,2026-06-29T00:22:55.011739,haute
BJ-8C8E1D59,Brasserie Glacier Ouessè,Restauration & Hôtellerie,Ouessè,+229 80 76 40 31,brasserieglacier@brasserieglacie.bj,brasserieglacierouessè.bj,TPE (<10),B2C,CCIB Annuaire,,Actif,2026-06-29T00:22:55.011775,haute
BJ-6B894757,Food Fusion Café,Restauration & Hôtellerie,Ouessè,+229 71 62 51 14,,foodfusioncafé.bj,TPE (<10),B2C,CCIB Annuaire,,Actif,2026-06-29T00:22:55.011801,moyenne
BJ-BE717A46,Table Glazoué,Restauration & Hôtellerie,Glazoué,+229 51 74 17 11,,tableglazoué.bj,PME (50-200),B2C,CCIB Annuaire,,Actif,2026-06-29T00:22:55.011837,moyenne
BJ-014B3834,Chocolaterie Glazoué,Restauration & Hôtellerie,Glazoué,+229 36 16 24 96,c.glazoué@outlook.com,,PME (10-50),B2C,CCIB Annuaire,,Actif,2026-06-29T00:22:55.011878,moyenne
BJ-E3D9FB06,Discothèque Palace,Restauration & Hôtellerie,Glazoué,+229 84 98 43 25,discothèquepalace@yahoo.com,discothèquepalace.bj,PME (10-50),B2C,CCIB Annuaire,,Actif,2026-06-29T00:22:55.011935,haute
BJ-42AC5397,Fast Sushi,Restauration & Hôtellerie,Glazoué,+229 79 30 99 70,fastsushi@fastsushi.org.bj,fastsushi.bj,TPE (<10),B2C,CCIB Annuaire,,Actif,2026-06-29T00:22:55.011958,haute
BJ-7B06EF30,Pizzeria Spa Glazoué,Restauration & Hôtellerie,Glazoué,+229 73 60 51 65,pizzeriaspa@outlook.com,pizzeriaspaglazoué.bj,Grande (>200),B2C,CCIB Annuaire,,Actif,2026-06-29T00:22:55.011976,haute
BJ-3491D55E,Brasserie Royal International,Restauration & Hôtellerie,Dassa-Zoumè,+229 66 23 69 48,b.royal@yahoo.fr,,TPE (<10),B2C,CCIB Annuaire,,Actif,2026-06-29T00:22:55.012017,moyenne
BJ-BAFDA6DD,Discothèque Village Dassa-Zoumè,Restauration & Hôtellerie,Dassa-Zoumè,+229 79 80 57 33,,,PME (50-200),B2C,CCIB Annuaire,,Actif,2026-06-29T00:22:55.012033,basse
BJ-01304D69,Restaurant Plage Village,Restauration & Hôtellerie,Dassa-Zoumè,+229 89 40 53 83,restaurantplage@gmail.com,restaurantplagevillage.bj,PME (10-50),B2C,CCIB Annuaire,,Actif,2026-06-29T00:22:55.012050,haute
BJ-94DED671,Bar Grand Hotel,Restauration & Hôtellerie,Dassa-Zoumè,+229 40 37 51 91,bar.grand@yahoo.com,bargrandhotel.bj,PME (10-50),B2C,CCIB Annuaire,,Actif,2026-06-29T00:22:55.012065,haute
BJ-5E60B511,Local Café Savalou,Restauration & Hôtellerie,Savalou,+229 22 22 35 77,local_café@yahoo.com,,PME (10-50),B2C,CCIB Annuaire,,Actif,2026-06-29T00:22:55.012088,moyenne
BJ-56658A4B,Café Fusion Palace,Restauration & Hôtellerie,Savalou,+229 62 91 19 45,café.fusion@outlook.com,caféfusionpalace.bj,PME (10-50),B2C,CCIB Annuaire,,Actif,2026-06-29T00:22:55.012106,haute
BJ-60B706AE,Ambiance Restaurant,Restauration & Hôtellerie,Savalou,+229 83 38 87 38,,ambiancerestaurant.bj,TPE (<10),B2C,CCIB Annuaire,,Actif,2026-06-29T00:22:55.012118,moyenne
BJ-0A152285,Restaurant Nouveau Brasserie,Restauration & Hôtellerie,Savalou,+229 85 21 93 94,r.nouveau@hotmail.com,restaurantnouveaubrasserie.bj,TPE (<10),B2C,CCIB Annuaire,,Actif,2026-06-29T00:22:55.012137,haute
BJ-FA7D5D8D,Pâtisserie,Restauration & Hôtellerie,Savalou,+229 46 66 35 80,pâtisserie@pâtisserie.bj,pâtisserie.bj,TPE (<10),B2C,CCIB Annuaire,,Actif,2026-06-29T00:22:55.012156,haute
BJ-9F9EBE85,Local Brasserie,Restauration & Hôtellerie,Bantè,+229 26 63 53 52,local.brasserie@localbrasserie.bj,localbrasserie.bj,TPE (<10),B2C,CCIB Annuaire,,Actif,2026-06-29T00:22:55.012179,haute
BJ-2C065C86,Brasserie Bénin,Restauration & Hôtellerie,Bantè,+229 54 62 20 93,brasserie.bénin@brasseriebénin.bj,brasseriebénin.bj,PME (10-50),B2C,CCIB Annuaire,,Actif,2026-06-29T00:22:55.012197,haute
BJ-2F1C38F8,Café Brasserie,Restauration & Hôtellerie,Bantè,+229 48 69 11 35,café.brasserie@yahoo.com,cafébrasserie.bj,PME (10-50),B2C,CCIB Annuaire,,Actif,2026-06-29T00:22:55.012234,haute
BJ-FB5AE63D,Pension Plaisir Bénin,Restauration & Hôtellerie,Bantè,+229 27 29 94 48,p.plaisir@hotmail.com,pensionplaisirbénin.bj,PME (50-200),B2C,CCIB Annuaire,,Actif,2026-06-29T00:22:55.012250,haute
BJ-465BDB5C,Brasserie Burger Brasserie Djougou,Restauration & Hôtellerie,Djougou,+229 99 53 69 50,brasserieburger@brasserieburger.com.bj,brasserieburgerbrasseriedjougou.bj,Grande (>200),B2C,CCIB Annuaire,,Actif,2026-06-29T00:22:55.012274,haute
BJ-2FB06B3D,Fusion,Restauration & Hôtellerie,Djougou,+229 73 73 24 68,,fusion.bj,TPE (<10),B2C,CCIB Annuaire,,Actif,2026-06-29T00:22:55.012287,moyenne
BJ-5E2AEAEC,Bar Grand,Restauration & Hôtellerie,Djougou,+229 34 22 31 63,,bargrand.bj,TPE (<10),B2C,CCIB Annuaire,,Actif,2026-06-29T00:22:55.012311,moyenne
BJ-391323B4,Bistro Djougou,Restauration & Hôtellerie,Djougou,+229 54 88 66 85,b.djougou@yahoo.com,bistrodjougou.bj,PME (10-50),B2C,CCIB Annuaire,,Actif,2026-06-29T00:22:55.012327,haute
BJ-0F6E9083,Plaisir Restaurant,Restauration & Hôtellerie,Ouèssè,+229 78 27 84 25,plaisirrestaurant@gmail.com,plaisirrestaurant.bj,PME (50-200),B2C,CCIB Annuaire,,Actif,2026-06-29T00:22:55.012350,haute
BJ-2C35E263,Bar Fusion,Restauration & Hôtellerie,Ouèssè,+229 39 81 40 30,barfusion@barfusion.bj,barfusion.bj,Grande (>200),B2C,CCIB Annuaire,,Actif,2026-06-29T00:22:55.012366,haute
BJ-BB99EE48,Pension Délice,Restauration & Hôtellerie,Ouèssè,+229 56 83 60 55,,pensiondélice.bj,PME (50-200),B2C,CCIB Annuaire,,Actif,2026-06-29T00:22:55.012382,moyenne
BJ-BC9EF592,Brasserie Gourmet Village,Restauration & Hôtellerie,Ouèssè,+229 54 15 15 25,brasserie.gourmet@yahoo.fr,brasseriegourmetvillage.bj,PME (10-50),B2C,CCIB Annuaire,,Actif,2026-06-29T00:22:55.012401,haute
BJ-31B614F3,Boulangerie Spa Ouèssè,Restauration & Hôtellerie,Ouèssè,+229 66 19 82 88,boulangerie_spa@yahoo.fr,boulangeriespaouèssè.bj,PME (10-50),B2C,CCIB Annuaire,,Actif,2026-06-29T00:22:55.012419,haute
BJ-4E3A31C2,Fast Gourmet,Restauration & Hôtellerie,Bassila,+229 27 72 49 97,fast.gourmet@yahoo.com,,PME (10-50),B2C,CCIB Annuaire,,Actif,2026-06-29T00:22:55.012440,moyenne
BJ-8E1D787D,Traiteur Sushi,Restauration & Hôtellerie,Bassila,+229 59 21 74 22,traiteur.sushi@outlook.com,traiteursushi.bj,PME (10-50),B2C,CCIB Annuaire,,Actif,2026-06-29T00:22:55.012456,haute
BJ-6370C659,Café Pâtisserie,Restauration & Hôtellerie,Bassila,+229 38 75 72 70,cafépâtisserie@gmail.com,cafépâtisserie.bj,Grande (>200),B2C,CCIB Annuaire,,Actif,2026-06-29T00:22:55.012476,haute
BJ-B014881F,Chocolaterie Resort,Restauration & Hôtellerie,Bassila,+229 46 99 85 80,chocolaterie_resort@yahoo.fr,chocolaterieresort.bj,PME (10-50),B2C,CCIB Annuaire,,Actif,2026-06-29T00:22:55.012492,haute
BJ-FF102826,Pension Bistro,Restauration & Hôtellerie,Pehunco,+229 35 13 14 89,pensionbistro@pensionbistro.com.bj,pensionbistro.bj,PME (50-200),B2C,CCIB Annuaire,,Actif,2026-06-29T00:22:55.012528,haute
BJ-2A46E3D5,Africain Café Pehunco,Restauration & Hôtellerie,Pehunco,+229 86 80 70 43,africain.café@yahoo.com,africaincafépehunco.bj,TPE (<10),B2C,CCIB Annuaire,,Actif,2026-06-29T00:22:55.012545,haute
BJ-74C1711C,Royal Restaurant,Restauration & Hôtellerie,Pehunco,+229 76 26 55 67,royalrestaurant@gmail.com,,PME (50-200),B2C,CCIB Annuaire,,Actif,2026-06-29T00:22:55.012563,moyenne
BJ-58F1FD44,Traiteur Karaoke,Restauration & Hôtellerie,Pehunco,+229 41 15 16 14,,,Grande (>200),B2C,CCIB Annuaire,,Actif,2026-06-29T00:22:55.012574,basse
BJ-49300D31,Africain,Restauration & Hôtellerie,Pehunco,+229 23 60 14 31,africain@africain.com.bj,africain.bj,TPE (<10),B2C,CCIB Annuaire,,Actif,2026-06-29T00:22:55.012589,haute
BJ-1BA59BAF,Sandwich,Restauration & Hôtellerie,Copargo,+229 42 28 46 33,sandwich@outlook.com,sandwich.bj,PME (50-200),B2C,CCIB Annuaire,,Actif,2026-06-29T00:22:55.012609,haute
BJ-7A9704B6,Boulangerie,Restauration & Hôtellerie,Copargo,+229 95 99 40 53,boulangerie@yahoo.com,,PME (10-50),B2C,CCIB Annuaire,,Actif,2026-06-29T00:22:55.012623,moyenne
BJ-4B9BBD31,Traiteur Ambiance Inn,Restauration & Hôtellerie,Copargo,+229 46 88 39 27,,traiteurambianceinn.bj,PME (10-50),B2C,CCIB Annuaire,,Actif,2026-06-29T00:22:55.012635,moyenne
BJ-AA8C185E,Hôtel Tacos Palace,Restauration & Hôtellerie,Copargo,+229 56 53 15 16,,,TPE (<10),B2C,CCIB Annuaire,,Actif,2026-06-29T00:22:55.012649,basse
BJ-11444D98,Snack Sandwich Brasserie,Restauration & Hôtellerie,Copargo,+229 78 83 32 29,,,Grande (>200),B2C,CCIB Annuaire,,Actif,2026-06-29T00:22:55.012660,basse
BJ-1AE05BD5,Cabinet Soins Medical,Santé & Pharmacie,Cotonou,+229 96 39 72 22,c.soins@cabinetsoinsmed.bj,cabinetsoinsmedical.bj,PME (10-50),B2C,CCIB Annuaire,,Actif,2026-06-29T00:22:55.012684,haute
BJ-2FDD4305,Rééducation,Santé & Pharmacie,Cotonou,+229 96 94 79 80,,rééducation.bj,PME (10-50),B2C,CCIB Annuaire,,Actif,2026-06-29T00:22:55.012696,moyenne
BJ-E7EC32A0,Centre Analyses,Santé & Pharmacie,Cotonou,+229 49 57 12 79,,centreanalyses.bj,PME (50-200),B2C,CCIB Annuaire,,Actif,2026-06-29T00:22:55.012711,moyenne
BJ-86479DAC,Hôpital Orthodontie Bénin,Santé & Pharmacie,Cotonou,+229 25 91 24 35,,hôpitalorthodontiebénin.bj,TPE (<10),B2B,CCIB Annuaire,,Actif,2026-06-29T00:22:55.012724,moyenne
BJ-FC4CF893,Emergency Pharmacie,Santé & Pharmacie,Abomey-Calavi,+229 75 65 53 95,emergencypharmacie@yahoo.fr,,TPE (<10),B2C,CCIB Annuaire,,Actif,2026-06-29T00:22:55.012763,moyenne
BJ-42DF507C,Hôpital Diététique Medical,Santé & Pharmacie,Abomey-Calavi,+229 41 21 69 43,hôpitaldiététique@gmail.com,hôpitaldiététiquemedical.bj,Grande (>200),B2B,CCIB Annuaire,,Actif,2026-06-29T00:22:55.012781,haute
BJ-14B92C94,Clinique Kinésithérapie Hôpital,Santé & Pharmacie,Abomey-Calavi,+229 86 50 79 18,clinique.kinésithérapie@cliniquekinésit.bj,cliniquekinésithérapiehôpital.bj,PME (10-50),B2C,CCIB Annuaire,,Actif,2026-06-29T00:22:55.012807,haute
BJ-099B6455,Guérison Bénin,Santé & Pharmacie,Abomey-Calavi,+229 56 13 56 95,guérisonbénin@guérisonbénin.bj,guérisonbénin.bj,TPE (<10),B2C,CCIB Annuaire,,Actif,2026-06-29T00:22:55.012825,haute
BJ-E58AA084,Cabinet Royal Health,Santé & Pharmacie,Abomey-Calavi,+229 92 74 92 89,cabinet.royal@cabinetroyalhea.org.bj,,TPE (<10),B2C,CCIB Annuaire,,Actif,2026-06-29T00:22:55.012841,moyenne
BJ-D036414E,Biologie,Santé & Pharmacie,Porto-Novo,+229 81 66 57 80,biologie@gmail.com,biologie.bj,PME (10-50),B2B,CCIB Annuaire,,Actif,2026-06-29T00:22:55.012863,haute
BJ-FBBEED0D,Diététique Care,Santé & Pharmacie,Porto-Novo,+229 31 65 17 37,diététique.care@outlook.com,,PME (50-200),B2C,CCIB Annuaire,,Actif,2026-06-29T00:22:55.012879,moyenne
BJ-A9D55215,Sanatorium Maternité Pharmacie,Santé & Pharmacie,Porto-Novo,+229 99 43 54 53,,sanatoriummaternitépharmacie.bj,TPE (<10),B2C,CCIB Annuaire,,Actif,2026-06-29T00:22:55.012909,moyenne
BJ-E4C0390E,Kinésithérapie Porto-Novo,Santé & Pharmacie,Porto-Novo,+229 75 92 71 32,k.porto@yahoo.fr,,PME (50-200),B2C,CCIB Annuaire,,Actif,2026-06-29T00:22:55.012929,moyenne
BJ-074A11D8,Diététique Porto-Novo,Santé & Pharmacie,Porto-Novo,+229 72 25 96 84,diététiqueporto@diététiqueporto.org.bj,,TPE (<10),B2B,CCIB Annuaire,,Actif,2026-06-29T00:22:55.012945,moyenne
BJ-B76355D1,Imagerie Cabinet,Santé & Pharmacie,Parakou,+229 27 86 60 55,i.cabinet@imageriecabinet.bj,imageriecabinet.bj,TPE (<10),B2B,CCIB Annuaire,,Actif,2026-06-29T00:22:55.012973,haute
BJ-0A648717,Cabinet Médecine Cabinet,Santé & Pharmacie,Parakou,+229 60 91 65 99,cabinet_médecine@hotmail.com,,Grande (>200),B2C,CCIB Annuaire,,Actif,2026-06-29T00:22:55.012993,moyenne
BJ-13AC54EF,Sanatorium Médicament Clinique,Santé & Pharmacie,Parakou,+229 96 48 70 29,sanatoriummédicament@yahoo.fr,sanatoriummédicamentclinique.bj,TPE (<10),B2B,CCIB Annuaire,,Actif,2026-06-29T00:22:55.013010,haute
BJ-CB0816A3,Radiologie,Santé & Pharmacie,Parakou,+229 75 78 79 21,,,PME (50-200),B2B,CCIB Annuaire,,Actif,2026-06-29T00:22:55.013021,basse
BJ-2C5E2D3D,Central Clinique,Santé & Pharmacie,Parakou,+229 43 59 93 83,central.clinique@centralclinique.com.bj,centralclinique.bj,PME (50-200),B2C,CCIB Annuaire,,Actif,2026-06-29T00:22:55.013037,haute
BJ-FCF47D80,Biologie,Santé & Pharmacie,Bohicon,+229 84 23 47 42,biologie@biologie.bj,biologie.bj,Grande (>200),B2B,CCIB Annuaire,,Actif,2026-06-29T00:22:55.013058,haute
BJ-99FDCEEC,Diététique Pharmacie,Santé & Pharmacie,Bohicon,+229 24 75 78 15,d.pharmacie@yahoo.fr,diététiquepharmacie.bj,TPE (<10),B2C,CCIB Annuaire,,Actif,2026-06-29T00:22:55.013074,haute
BJ-D42119E9,Nouveau Bohicon,Santé & Pharmacie,Bohicon,+229 95 61 19 66,,nouveaubohicon.bj,PME (10-50),B2C,CCIB Annuaire,,Actif,2026-06-29T00:22:55.013089,moyenne
BJ-1E0932C7,Polyclinique Central Clinique Bohicon,Santé & Pharmacie,Bohicon,+229 97 50 97 60,polyclinique_central@polycliniquecen.com.bj,polycliniquecentralcliniquebohicon.bj,TPE (<10),B2C,CCIB Annuaire,,Actif,2026-06-29T00:22:55.013107,haute
BJ-5ACD8416,Ophtalmologie,Santé & Pharmacie,Bohicon,+229 34 18 67 39,ophtalmologie@hotmail.com,ophtalmologie.bj,TPE (<10),B2B,CCIB Annuaire,,Actif,2026-06-29T00:22:55.013120,haute
BJ-31B5EDD2,Laboratoire Soins Bénin,Santé & Pharmacie,Natitingou,+229 75 77 66 92,laboratoire_soins@yahoo.fr,,TPE (<10),B2B,CCIB Annuaire,,Actif,2026-06-29T00:22:55.013154,moyenne
BJ-81D9D709,Pharmacie Imagerie,Santé & Pharmacie,Natitingou,+229 79 51 51 39,pharmacie_imagerie@pharmacieimager.com.bj,pharmacieimagerie.bj,TPE (<10),B2B,CCIB Annuaire,,Actif,2026-06-29T00:22:55.013170,haute
BJ-A503DD96,Kinésithérapie Natitingou,Santé & Pharmacie,Natitingou,+229 21 34 37 24,kinésithérapie.natitingou@gmail.com,kinésithérapienatitingou.bj,TPE (<10),B2C,CCIB Annuaire,,Actif,2026-06-29T00:22:55.013190,haute
BJ-A608FCB6,Cardiologie,Santé & Pharmacie,Natitingou,+229 52 20 58 87,cardiologie@cardiologie.com.bj,cardiologie.bj,PME (10-50),B2C,CCIB Annuaire,,Actif,2026-06-29T00:22:55.013203,haute
BJ-6266F807,Chirurgie Lokossa,Santé & Pharmacie,Lokossa,+229 59 80 43 22,chirurgie.lokossa@yahoo.fr,chirurgielokossa.bj,PME (10-50),B2B,CCIB Annuaire,,Actif,2026-06-29T00:22:55.013233,haute
BJ-F91856B2,Centre Sainte Lokossa,Santé & Pharmacie,Lokossa,+229 49 87 45 88,centresainte@outlook.com,centresaintelokossa.bj,PME (10-50),B2B,CCIB Annuaire,,Actif,2026-06-29T00:22:55.013250,haute
BJ-8BEF924C,Médical Bénin,Santé & Pharmacie,Lokossa,+229 42 50 57 90,médicalbénin@médicalbénin.org.bj,,PME (10-50),B2C,CCIB Annuaire,,Actif,2026-06-29T00:22:55.013269,moyenne
BJ-E46A504D,Pharmacie Sainte,Santé & Pharmacie,Lokossa,+229 53 45 74 44,p.sainte@pharmaciesainte.com.bj,pharmaciesainte.bj,TPE (<10),B2C,CCIB Annuaire,,Actif,2026-06-29T00:22:55.013286,haute
BJ-29BD2C57,Sanatorium Médicament Health,Santé & Pharmacie,Lokossa,+229 25 64 90 87,sanatoriummédicament@sanatoriummédic.com.bj,sanatoriummédicamenthealth.bj,TPE (<10),B2C,CCIB Annuaire,,Actif,2026-06-29T00:22:55.013304,haute
BJ-1149CF06,Hôpital Cardiologie Bénin,Santé & Pharmacie,Ouidah,+229 58 94 44 21,hôpital.cardiologie@hôpitalcardiolo.com.bj,,TPE (<10),B2B,CCIB Annuaire,,Actif,2026-06-29T00:22:55.013327,moyenne
BJ-1E66F192,Hôpital Nouveau Care,Santé & Pharmacie,Ouidah,+229 31 75 68 58,hôpital.nouveau@hôpitalnouveauc.bj,,PME (50-200),B2B,CCIB Annuaire,,Actif,2026-06-29T00:22:55.013345,moyenne
BJ-237E5BA4,Centre Santé,Santé & Pharmacie,Ouidah,+229 36 89 61 29,centre.santé@yahoo.fr,,PME (10-50),B2C,CCIB Annuaire,,Actif,2026-06-29T00:22:55.013360,moyenne
BJ-4099252E,Dispensaire Pharma,Santé & Pharmacie,Ouidah,+229 62 47 19 34,dispensaire.pharma@dispensairephar.org.bj,,PME (50-200),B2C,CCIB Annuaire,,Actif,2026-06-29T00:22:55.013375,moyenne
BJ-589A16E9,Biologie,Santé & Pharmacie,Ouidah,+229 84 22 90 90,,biologie.bj,PME (50-200),B2C,CCIB Annuaire,,Actif,2026-06-29T00:22:55.013386,moyenne
BJ-58228BD4,Clinique Biologie Health,Santé & Pharmacie,Savalou,+229 36 62 77 12,clinique.biologie@cliniquebiologi.org.bj,cliniquebiologiehealth.bj,PME (10-50),B2B,CCIB Annuaire,,Actif,2026-06-29T00:22:55.013411,haute
BJ-35D95175,Maternité International Savalou,Santé & Pharmacie,Savalou,+229 83 20 39 59,maternité.international@maternitéintern.com.bj,maternitéinternationalsavalou.bj,PME (50-200),B2C,CCIB Annuaire,,Actif,2026-06-29T00:22:55.013487,haute
BJ-35AEF06C,Gynécologie Plus,Santé & Pharmacie,Savalou,+229 37 38 30 27,gynécologieplus@gynécologieplus.com.bj,gynécologieplus.bj,TPE (<10),B2B,CCIB Annuaire,,Actif,2026-06-29T00:22:55.013509,haute
BJ-636F019D,Acupuncture,Santé & Pharmacie,Dassa-Zoumè,+229 46 93 20 35,acupuncture@acupuncture.org.bj,acupuncture.bj,PME (10-50),B2C,CCIB Annuaire,,Actif,2026-06-29T00:22:55.013555,haute
BJ-6B537BE4,Hôpital Nouveau Health,Santé & Pharmacie,Dassa-Zoumè,+229 56 38 34 70,hôpital.nouveau@hotmail.com,hôpitalnouveauhealth.bj,PME (10-50),B2B,CCIB Annuaire,,Actif,2026-06-29T00:22:55.013593,haute
BJ-A487492B,Hôpital Guérison Health,Santé & Pharmacie,Dassa-Zoumè,+229 20 30 70 60,,,TPE (<10),B2C,CCIB Annuaire,,Actif,2026-06-29T00:22:55.013623,basse
BJ-E675652E,Laboratoire Chirurgie Bénin,Santé & Pharmacie,Dassa-Zoumè,+229 31 26 20 82,l.chirurgie@yahoo.com,laboratoirechirurgiebénin.bj,PME (10-50),B2C,CCIB Annuaire,,Actif,2026-06-29T00:22:55.013663,haute
BJ-F1FEB56A,Radiologie International,Santé & Pharmacie,Dassa-Zoumè,+229 68 65 33 18,radiologieinternational@outlook.com,radiologieinternational.bj,TPE (<10),B2C,CCIB Annuaire,,Actif,2026-06-29T00:22:55.013697,haute
BJ-DDC0F485,Sanatorium Médicament,Santé & Pharmacie,Kétou,+229 48 85 29 77,s.médicament@sanatoriummédic.com.bj,sanatoriummédicament.bj,TPE (<10),B2C,CCIB Annuaire,,Actif,2026-06-29T00:22:55.013778,haute
BJ-F8915393,Nouveau Clinique,Santé & Pharmacie,Kétou,+229 30 13 44 86,n.clinique@nouveauclinique.org.bj,nouveauclinique.bj,PME (10-50),B2B,CCIB Annuaire,,Actif,2026-06-29T00:22:55.013820,haute
BJ-685E2086,Gynécologie Clinique,Santé & Pharmacie,Kétou,+229 39 33 18 34,gynécologie.clinique@gynécologieclin.com.bj,gynécologieclinique.bj,TPE (<10),B2B,CCIB Annuaire,,Actif,2026-06-29T00:22:55.013856,haute
BJ-27B94BC6,Centre Pédiatrique Medical,Santé & Pharmacie,Kétou,+229 84 66 59 30,centrepédiatrique@centrepédiatriq.org.bj,centrepédiatriquemedical.bj,PME (50-200),B2C,CCIB Annuaire,,Actif,2026-06-29T00:22:55.013905,haute
BJ-06DB1378,Cabinet Santé Health,Santé & Pharmacie,Covè,+229 27 29 22 32,,,TPE (<10),B2C,CCIB Annuaire,,Actif,2026-06-29T00:22:55.013943,basse
BJ-B7E5C4A2,Pharmacie Diététique,Santé & Pharmacie,Covè,+229 42 10 61 36,pharmacie.diététique@hotmail.com,,PME (10-50),B2C,CCIB Annuaire,,Actif,2026-06-29T00:22:55.013979,moyenne
BJ-4AC1C20B,Cabinet Ophtalmologie International,Santé & Pharmacie,Covè,+229 80 17 54 72,c.ophtalmologie@cabinetophtalmo.com.bj,,TPE (<10),B2C,CCIB Annuaire,,Actif,2026-06-29T00:22:55.014013,moyenne
BJ-2C99D55D,Pharmacie Ostéopathie Care,Santé & Pharmacie,Covè,+229 31 15 75 84,pharmacieostéopathie@yahoo.fr,pharmacieostéopathiecare.bj,PME (10-50),B2C,CCIB Annuaire,,Actif,2026-06-29T00:22:55.014050,haute
BJ-33732E94,Clinique Dermatologie,Santé & Pharmacie,Covè,+229 59 77 60 64,cliniquedermatologie@cliniquedermato.bj,cliniquedermatologie.bj,TPE (<10),B2C,CCIB Annuaire,,Actif,2026-06-29T00:22:55.014085,haute
BJ-2051F2FF,Clinique Médecine Plus,Santé & Pharmacie,Pobè,+229 41 37 37 17,cliniquemédecine@gmail.com,cliniquemédecineplus.bj,TPE (<10),B2C,CCIB Annuaire,,Actif,2026-06-29T00:22:55.014133,haute
BJ-CE12AAB6,Médical,Santé & Pharmacie,Pobè,+229 52 12 42 29,,médical.bj,TPE (<10),B2C,CCIB Annuaire,,Actif,2026-06-29T00:22:55.014159,moyenne
BJ-444586FF,Sanatorium Radiologie Centre Pobè,Santé & Pharmacie,Pobè,+229 63 33 71 68,s.radiologie@sanatoriumradio.com.bj,,PME (10-50),B2C,CCIB Annuaire,,Actif,2026-06-29T00:22:55.014242,moyenne
BJ-A9EE3223,Analyses Pharmacie Pobè,Santé & Pharmacie,Pobè,+229 25 70 33 55,a.pharmacie@yahoo.com,analysespharmaciepobè.bj,PME (10-50),B2B,CCIB Annuaire,,Actif,2026-06-29T00:22:55.014281,haute
BJ-4007955A,Laboratoire Nouveau Clinique,Santé & Pharmacie,Sakété,+229 76 57 32 99,l.nouveau@yahoo.com,laboratoirenouveauclinique.bj,TPE (<10),B2B,CCIB Annuaire,,Actif,2026-06-29T00:22:55.014324,haute
BJ-5BDE32A7,Polyclinique Santé Centre,Santé & Pharmacie,Sakété,+229 77 53 78 34,p.santé@yahoo.fr,,TPE (<10),B2C,CCIB Annuaire,,Actif,2026-06-29T00:22:55.014361,moyenne
BJ-C4C20C5A,Acupuncture Plus,Santé & Pharmacie,Sakété,+229 36 37 94 66,a.plus@yahoo.fr,acupunctureplus.bj,Grande (>200),B2C,CCIB Annuaire,,Actif,2026-06-29T00:22:55.014427,haute
BJ-9468DB44,Biologie Cabinet,Santé & Pharmacie,Sakété,+229 26 49 34 79,biologiecabinet@outlook.com,,TPE (<10),B2B,CCIB Annuaire,,Actif,2026-06-29T00:22:55.014460,moyenne
BJ-00885651,Cardiologie Clinique,Santé & Pharmacie,Adjara,+229 60 54 44 63,c.clinique@cardiologieclin.org.bj,cardiologieclinique.bj,TPE (<10),B2C,CCIB Annuaire,,Actif,2026-06-29T00:22:55.014505,haute
BJ-F449DA80,Centre Pharma Adjara,Santé & Pharmacie,Adjara,+229 53 67 72 85,centrepharma@outlook.com,,PME (10-50),B2C,CCIB Annuaire,,Actif,2026-06-29T00:22:55.014538,moyenne
BJ-6A97878B,Rééducation Pharmacie Adjara,Santé & Pharmacie,Adjara,+229 96 46 74 43,rééducation.pharmacie@gmail.com,,PME (10-50),B2B,CCIB Annuaire,,Actif,2026-06-29T00:22:55.014582,moyenne
BJ-E86F6FE8,Dispensaire Gériatrique Clinique,Santé & Pharmacie,Adjara,+229 94 77 17 78,dispensaire.gériatrique@dispensairegéri.com.bj,,PME (10-50),B2C,CCIB Annuaire,,Actif,2026-06-29T00:22:55.014652,moyenne
BJ-D29D8878,Hôpital Central Allada,Santé & Pharmacie,Allada,+229 44 57 68 92,hôpital_central@yahoo.fr,hôpitalcentralallada.bj,TPE (<10),B2B,CCIB Annuaire,,Actif,2026-06-29T00:22:55.014697,haute
BJ-FDCB2EB6,Biologie Health,Santé & Pharmacie,Allada,+229 31 51 86 77,b.health@biologiehealth.com.bj,biologiehealth.bj,PME (50-200),B2C,CCIB Annuaire,,Actif,2026-06-29T00:22:55.014758,haute
BJ-C4181252,Analyses,Santé & Pharmacie,Allada,+229 32 56 49 23,,,TPE (<10),B2B,CCIB Annuaire,,Actif,2026-06-29T00:22:55.014786,basse
BJ-CB300298,Sanatorium Acupuncture Hôpital,Santé & Pharmacie,Allada,+229 55 54 80 88,sanatorium.acupuncture@sanatoriumacupu.bj,sanatoriumacupuncturehôpital.bj,Grande (>200),B2B,CCIB Annuaire,,Actif,2026-06-29T00:22:55.014823,haute
BJ-A8FB44AB,Hôpital Chirurgie Health Aplahoué,Santé & Pharmacie,Aplahoué,+229 63 29 27 35,,hôpitalchirurgiehealthaplahoué.bj,PME (10-50),B2C,CCIB Annuaire,,Actif,2026-06-29T00:22:55.014860,moyenne
BJ-C8A68B16,Pharmacie Dentaire Centre,Santé & Pharmacie,Aplahoué,+229 27 98 68 32,pharmacie.dentaire@gmail.com,pharmaciedentairecentre.bj,Grande (>200),B2B,CCIB Annuaire,,Actif,2026-06-29T00:22:55.014904,haute
BJ-DED48321,Laboratoire Nouveau Aplahoué,Santé & Pharmacie,Aplahoué,+229 31 68 10 60,laboratoirenouveau@laboratoirenouv.org.bj,laboratoirenouveauaplahoué.bj,TPE (<10),B2B,CCIB Annuaire,,Actif,2026-06-29T00:22:55.014945,haute
BJ-5197A0F0,Hôpital Bien-être,Santé & Pharmacie,Aplahoué,+229 41 12 25 91,hôpital.bien@yahoo.com,hôpitalbienêtre.bj,PME (50-200),B2B,CCIB Annuaire,,Actif,2026-06-29T00:22:55.014983,haute
BJ-4FD313EE,Chirurgie Aplahoué,Santé & Pharmacie,Aplahoué,+229 75 84 39 65,chirurgie.aplahoué@chirurgieaplaho.bj,chirurgieaplahoué.bj,TPE (<10),B2B,CCIB Annuaire,,Actif,2026-06-29T00:22:55.015018,haute
BJ-A2B268B8,Dispensaire Analyses Dogbo-Tota,Santé & Pharmacie,Dogbo-Tota,+229 49 39 65 26,d.analyses@yahoo.fr,dispensaireanalysesdogbotota.bj,TPE (<10),B2B,CCIB Annuaire,,Actif,2026-06-29T00:22:55.015062,haute
BJ-86DB1AEC,Cabinet Nouveau Care,Santé & Pharmacie,Dogbo-Tota,+229 41 18 24 38,cabinet.nouveau@gmail.com,cabinetnouveaucare.bj,PME (10-50),B2C,CCIB Annuaire,,Actif,2026-06-29T00:22:55.015096,haute
BJ-9BC50074,Saint Pharmacie,Santé & Pharmacie,Dogbo-Tota,+229 99 90 24 66,saint.pharmacie@yahoo.com,saintpharmacie.bj,PME (10-50),B2C,CCIB Annuaire,,Actif,2026-06-29T00:22:55.015127,haute
BJ-E69D0549,Biologie Bénin,Santé & Pharmacie,Dogbo-Tota,+229 28 60 66 84,,biologiebénin.bj,TPE (<10),B2B,CCIB Annuaire,,Actif,2026-06-29T00:22:55.015154,moyenne
BJ-ABAB9426,Ophtalmologie,Santé & Pharmacie,Dogbo-Tota,+229 76 15 49 95,ophtalmologie@ophtalmologie.com.bj,ophtalmologie.bj,TPE (<10),B2C,CCIB Annuaire,,Actif,2026-06-29T00:22:55.015186,haute
BJ-C6EC8B1E,Clinique Pédiatrique Kpomassè,Santé & Pharmacie,Kpomassè,+229 65 48 27 45,clinique.pédiatrique@cliniquepédiatr.org.bj,,PME (50-200),B2C,CCIB Annuaire,,Actif,2026-06-29T00:22:55.015233,moyenne
BJ-87C29C98,Hôpital Central,Santé & Pharmacie,Kpomassè,+229 96 81 25 80,,,TPE (<10),B2C,CCIB Annuaire,,Actif,2026-06-29T00:22:55.015259,basse
BJ-9530FE6D,Urgence,Santé & Pharmacie,Kpomassè,+229 72 32 84 41,urgence@yahoo.com,urgence.bj,TPE (<10),B2B,CCIB Annuaire,,Actif,2026-06-29T00:22:55.015291,haute
BJ-1B370926,Nutrition,Santé & Pharmacie,Kpomassè,+229 83 28 29 90,nutrition@gmail.com,nutrition.bj,PME (50-200),B2C,CCIB Annuaire,,Actif,2026-06-29T00:22:55.015321,haute
BJ-D945460E,Royal Pharmacie,Santé & Pharmacie,Kpomassè,+229 56 73 35 40,royalpharmacie@outlook.com,royalpharmacie.bj,TPE (<10),B2B,CCIB Annuaire,,Actif,2026-06-29T00:22:55.015352,haute
BJ-2C6961F0,Sanatorium Sainte Tori-Bossito,Santé & Pharmacie,Tori-Bossito,+229 58 87 99 12,sanatorium.sainte@sanatoriumsaint.org.bj,sanatoriumsaintetoribossito.bj,TPE (<10),B2C,CCIB Annuaire,,Actif,2026-06-29T00:22:55.015394,haute
BJ-9B888203,Ophtalmologie Plus,Santé & Pharmacie,Tori-Bossito,+229 55 45 89 83,ophtalmologie.plus@ophtalmologiepl.bj,,Grande (>200),B2B,CCIB Annuaire,,Actif,2026-06-29T00:22:55.015428,moyenne
BJ-40F0D9D9,Pharmacie Royal,Santé & Pharmacie,Tori-Bossito,+229 40 81 32 56,p.royal@outlook.com,pharmacieroyal.bj,TPE (<10),B2B,CCIB Annuaire,,Actif,2026-06-29T00:22:55.015461,haute
BJ-2F1FAB3E,Sainte Plus,Santé & Pharmacie,Tori-Bossito,+229 58 58 66 90,s.plus@yahoo.fr,,PME (10-50),B2C,CCIB Annuaire,,Actif,2026-06-29T00:22:55.015493,moyenne
BJ-1A600BAC,Urgence Care,Santé & Pharmacie,Tori-Bossito,+229 58 54 76 63,urgence.care@gmail.com,urgencecare.bj,PME (10-50),B2B,CCIB Annuaire,,Actif,2026-06-29T00:22:55.015523,haute
BJ-760DC768,Hôpital ORL Bénin,Santé & Pharmacie,Grand-Popo,+229 54 31 32 95,,,PME (10-50),B2B,CCIB Annuaire,,Actif,2026-06-29T00:22:55.015559,basse
BJ-2127006E,Médecine,Santé & Pharmacie,Grand-Popo,+229 89 66 47 75,médecine@outlook.com,médecine.bj,PME (10-50),B2B,CCIB Annuaire,,Actif,2026-06-29T00:22:55.015631,haute
BJ-2505D049,Bien-être Cabinet,Santé & Pharmacie,Grand-Popo,+229 56 92 27 19,bien.être@yahoo.fr,bienêtrecabinet.bj,Grande (>200),B2B,CCIB Annuaire,,Actif,2026-06-29T00:22:55.015665,haute
BJ-D1DA6C49,Centre Pédiatrique Grand-Popo,Santé & Pharmacie,Grand-Popo,+229 57 50 74 85,centrepédiatrique@gmail.com,centrepédiatriquegrandpopo.bj,PME (10-50),B2C,CCIB Annuaire,,Actif,2026-06-29T00:22:55.015700,haute
BJ-6B5C73D4,Vie Health,Santé & Pharmacie,Athiémé,+229 73 67 72 75,vie.health@viehealth.com.bj,viehealth.bj,TPE (<10),B2B,CCIB Annuaire,,Actif,2026-06-29T00:22:55.015745,haute
BJ-94074A5F,Biologie International Athiémé,Santé & Pharmacie,Athiémé,+229 97 86 91 12,biologie.international@yahoo.com,biologieinternationalathiémé.bj,TPE (<10),B2C,CCIB Annuaire,,Actif,2026-06-29T00:22:55.015779,haute
BJ-84E042A2,Laboratoire Central Bénin Athiémé,Santé & Pharmacie,Athiémé,+229 96 36 23 25,l.central@gmail.com,laboratoirecentralbéninathiémé.bj,TPE (<10),B2B,CCIB Annuaire,,Actif,2026-06-29T00:22:55.015813,haute
BJ-9DD84D78,Clinique Ostéopathie Athiémé,Santé & Pharmacie,Athiémé,+229 27 88 49 33,cliniqueostéopathie@cliniqueostéopa.bj,,PME (10-50),B2B,CCIB Annuaire,,Actif,2026-06-29T00:22:55.015848,moyenne
BJ-ADEA69E0,Bien-être Clinique,Santé & Pharmacie,Athiémé,+229 65 71 38 30,,bienêtreclinique.bj,PME (10-50),B2B,CCIB Annuaire,,Actif,2026-06-29T00:22:55.015875,moyenne
BJ-2DEC7167,Biologie Hôpital,Santé & Pharmacie,Bopa,+229 37 82 21 97,biologiehôpital@biologiehôpital.org.bj,,PME (10-50),B2B,CCIB Annuaire,,Actif,2026-06-29T00:22:55.015971,moyenne
BJ-86538EF9,Polyclinique Gériatrique Hôpital,Santé & Pharmacie,Bopa,+229 30 39 31 51,p.gériatrique@polycliniquegér.org.bj,,PME (50-200),B2C,CCIB Annuaire,,Actif,2026-06-29T00:22:55.016012,moyenne
BJ-E8991B92,Laboratoire Biologie International Bopa,Santé & Pharmacie,Bopa,+229 26 94 34 42,laboratoire_biologie@hotmail.com,,TPE (<10),B2B,CCIB Annuaire,,Actif,2026-06-29T00:22:55.016046,moyenne
BJ-0581BB76,Polyclinique Vie Bénin,Santé & Pharmacie,Bopa,+229 66 25 22 34,polycliniquevie@polycliniquevie.bj,polycliniqueviebénin.bj,PME (10-50),B2B,CCIB Annuaire,,Actif,2026-06-29T00:22:55.016081,haute
BJ-06078951,Hôpital Rééducation Cabinet,Santé & Pharmacie,Houéyogbé,+229 44 22 11 28,hôpital.rééducation@yahoo.com,hôpitalrééducationcabinet.bj,TPE (<10),B2B,CCIB Annuaire,,Actif,2026-06-29T00:22:55.016130,haute
BJ-8ABEEE8A,Sanatorium Gériatrique,Santé & Pharmacie,Houéyogbé,+229 28 79 78 33,,sanatoriumgériatrique.bj,PME (10-50),B2C,CCIB Annuaire,,Actif,2026-06-29T00:22:55.016157,moyenne
BJ-7CEE6C53,Acupuncture Hôpital Houéyogbé,Santé & Pharmacie,Houéyogbé,+229 52 90 98 12,acupuncturehôpital@outlook.com,acupuncturehôpitalhouéyogbé.bj,PME (50-200),B2B,CCIB Annuaire,,Actif,2026-06-29T00:22:55.016191,haute
BJ-DFCA845E,Imagerie Cabinet,Santé & Pharmacie,Houéyogbé,+229 98 88 72 36,i.cabinet@gmail.com,imageriecabinet.bj,TPE (<10),B2B,CCIB Annuaire,,Actif,2026-06-29T00:22:55.016224,haute
BJ-319E8072,Laboratoire Vie Bénin,Santé & Pharmacie,Houéyogbé,+229 36 51 66 68,l.vie@outlook.com,laboratoireviebénin.bj,PME (10-50),B2C,CCIB Annuaire,,Actif,2026-06-29T00:22:55.016260,haute
BJ-ADEDF3D4,Pharma Bénin Malanville,Santé & Pharmacie,Malanville,+229 83 84 77 90,p.bénin@outlook.com,pharmabéninmalanville.bj,TPE (<10),B2C,CCIB Annuaire,,Actif,2026-06-29T00:22:55.016320,haute
BJ-CBDBD995,Pharmacie Orthodontie Malanville,Santé & Pharmacie,Malanville,+229 68 47 28 14,,pharmacieorthodontiemalanville.bj,TPE (<10),B2B,CCIB Annuaire,,Actif,2026-06-29T00:22:55.016350,moyenne
BJ-DCC5A004,Laboratoire Kinésithérapie Bénin Malanville,Santé & Pharmacie,Malanville,+229 26 44 72 78,laboratoirekinésithérapie@laboratoirekiné.com.bj,laboratoirekinésithérapiebéninmalanville.bj,PME (10-50),B2B,CCIB Annuaire,,Actif,2026-06-29T00:22:55.016398,haute
BJ-218AB699,Hôpital Radiologie,Santé & Pharmacie,Malanville,+229 36 77 73 65,hôpitalradiologie@hôpitalradiolog.org.bj,hôpitalradiologie.bj,PME (50-200),B2B,CCIB Annuaire,,Actif,2026-06-29T00:22:55.016439,haute
BJ-5A7FD248,Analyses Cabinet,Santé & Pharmacie,Malanville,+229 60 38 56 69,analyses.cabinet@gmail.com,analysescabinet.bj,TPE (<10),B2C,CCIB Annuaire,,Actif,2026-06-29T00:22:55.016472,haute
BJ-C4C6E19C,Hôpital Orthodontie,Santé & Pharmacie,Kandi,+229 96 92 97 16,,hôpitalorthodontie.bj,TPE (<10),B2B,CCIB Annuaire,,Actif,2026-06-29T00:22:55.016513,moyenne
BJ-D0AAA23D,Dispensaire Nouveau,Santé & Pharmacie,Kandi,+229 20 78 34 94,dispensairenouveau@yahoo.fr,,PME (10-50),B2B,CCIB Annuaire,,Actif,2026-06-29T00:22:55.016549,moyenne
BJ-050415E7,Sainte Plus,Santé & Pharmacie,Kandi,+229 43 29 76 54,sainte.plus@sainteplus.com.bj,sainteplus.bj,PME (10-50),B2C,CCIB Annuaire,,Actif,2026-06-29T00:22:55.016582,haute
BJ-404FDEFA,Hôpital Guérison Kandi,Santé & Pharmacie,Kandi,+229 27 66 31 47,hôpitalguérison@hotmail.com,hôpitalguérisonkandi.bj,PME (10-50),B2C,CCIB Annuaire,,Actif,2026-06-29T00:22:55.016616,haute
BJ-13AAE7DD,Clinique Gériatrique,Santé & Pharmacie,Kandi,+229 40 24 42 44,c.gériatrique@yahoo.fr,,PME (10-50),B2C,CCIB Annuaire,,Actif,2026-06-29T00:22:55.016653,moyenne
BJ-989BA6E9,Pédiatrique Health,Santé & Pharmacie,Banikoara,+229 99 69 55 43,pédiatrique.health@pédiatriqueheal.bj,pédiatriquehealth.bj,PME (50-200),B2C,CCIB Annuaire,,Actif,2026-06-29T00:22:55.016700,haute
BJ-14922896,Sanatorium Gynécologie Medical,Santé & Pharmacie,Banikoara,+229 52 19 32 80,s.gynécologie@gmail.com,sanatoriumgynécologiemedical.bj,PME (50-200),B2B,CCIB Annuaire,,Actif,2026-06-29T00:22:55.016747,haute
BJ-0329FA0E,Clinique Soins,Santé & Pharmacie,Banikoara,+229 63 41 25 68,clinique_soins@hotmail.com,cliniquesoins.bj,PME (50-200),B2B,CCIB Annuaire,,Actif,2026-06-29T00:22:55.016785,haute
BJ-27150DEB,Royal Cabinet,Santé & Pharmacie,Banikoara,+229 64 15 94 76,,,TPE (<10),B2B,CCIB Annuaire,,Actif,2026-06-29T00:22:55.016811,basse
BJ-73F50E35,Dispensaire Biologie Plus,Santé & Pharmacie,Banikoara,+229 42 18 76 45,dispensairebiologie@yahoo.com,dispensairebiologieplus.bj,PME (50-200),B2B,CCIB Annuaire,,Actif,2026-06-29T00:22:55.016843,haute
BJ-7290F944,Cabinet Rééducation Pharmacie Ségbana,Santé & Pharmacie,Ségbana,+229 62 13 17 45,cabinetrééducation@cabinetrééducat.com.bj,cabinetrééducationpharmacieségbana.bj,TPE (<10),B2B,CCIB Annuaire,,Actif,2026-06-29T00:22:55.016906,haute
BJ-AE08293A,Maternité Ségbana,Santé & Pharmacie,Ségbana,+229 27 31 83 98,m.ségbana@maternitéségban.com.bj,maternitéségbana.bj,TPE (<10),B2B,CCIB Annuaire,,Actif,2026-06-29T00:22:55.016929,haute
BJ-EE7565B9,Hôpital Biologie Bénin,Santé & Pharmacie,Ségbana,+229 87 89 51 60,hôpital.biologie@hôpitalbiologie.org.bj,hôpitalbiologiebénin.bj,PME (50-200),B2B,CCIB Annuaire,,Actif,2026-06-29T00:22:55.016948,haute
BJ-20982FFA,Dispensaire Vie Pharmacie,Santé & Pharmacie,Ségbana,+229 77 41 78 24,,,PME (50-200),B2B,CCIB Annuaire,,Actif,2026-06-29T00:22:55.016977,basse
BJ-7730F013,Sanatorium Analyses Bénin,Santé & Pharmacie,Karimama,+229 70 78 92 54,s.analyses@sanatoriumanaly.com.bj,sanatoriumanalysesbénin.bj,PME (10-50),B2B,CCIB Annuaire,,Actif,2026-06-29T00:22:55.017003,haute
BJ-2CE400F4,Pédiatrie Care,Santé & Pharmacie,Karimama,+229 59 29 81 45,pédiatriecare@hotmail.com,pédiatriecare.bj,PME (50-200),B2C,CCIB Annuaire,,Actif,2026-06-29T00:22:55.017020,haute
BJ-87ACECA4,Dentaire,Santé & Pharmacie,Karimama,+229 79 79 69 67,dentaire@hotmail.com,dentaire.bj,TPE (<10),B2B,CCIB Annuaire,,Actif,2026-06-29T00:22:55.017037,haute
BJ-D72818B4,Laboratoire Dentaire,Santé & Pharmacie,Karimama,+229 96 35 60 85,laboratoire_dentaire@outlook.com,laboratoiredentaire.bj,TPE (<10),B2B,CCIB Annuaire,,Actif,2026-06-29T00:22:55.017054,haute
BJ-DAAD61EC,Bien-être Plus Karimama,Santé & Pharmacie,Karimama,+229 76 98 80 43,b.être@hotmail.com,bienêtrepluskarimama.bj,TPE (<10),B2B,CCIB Annuaire,,Actif,2026-06-29T00:22:55.017072,haute
BJ-1E3BD57E,Nutrition Centre Gogounou,Santé & Pharmacie,Gogounou,+229 89 36 35 45,nutrition.centre@nutritioncentre.com.bj,nutritioncentregogounou.bj,PME (10-50),B2B,CCIB Annuaire,,Actif,2026-06-29T00:22:55.017099,haute
BJ-33C16969,Central Medical,Santé & Pharmacie,Gogounou,+229 59 67 13 59,central.medical@centralmedical.com.bj,,TPE (<10),B2C,CCIB Annuaire,,Actif,2026-06-29T00:22:55.017116,moyenne
BJ-FA1BFAB4,Dispensaire Acupuncture Clinique,Santé & Pharmacie,Gogounou,+229 60 17 66 44,dispensaireacupuncture@dispensaireacup.org.bj,dispensaireacupunctureclinique.bj,TPE (<10),B2B,CCIB Annuaire,,Actif,2026-06-29T00:22:55.017132,haute
BJ-229E21AF,Centre Dentaire,Santé & Pharmacie,Gogounou,+229 86 91 46 39,centre.dentaire@yahoo.com,,TPE (<10),B2C,CCIB Annuaire,,Actif,2026-06-29T00:22:55.017147,moyenne
BJ-3EAAE8EC,Maternité Care,Santé & Pharmacie,Gogounou,+229 73 19 86 27,,maternitécare.bj,PME (50-200),B2C,CCIB Annuaire,,Actif,2026-06-29T00:22:55.017159,moyenne
BJ-C41D4F32,ORL,Santé & Pharmacie,Cobly,+229 52 30 83 57,orl@orl.org.bj,orl.bj,TPE (<10),B2C,CCIB Annuaire,,Actif,2026-06-29T00:22:55.017181,haute
BJ-202F3D60,Dispensaire Cardiologie Plus,Santé & Pharmacie,Cobly,+229 60 64 76 96,dispensairecardiologie@dispensairecard.bj,dispensairecardiologieplus.bj,PME (50-200),B2C,CCIB Annuaire,,Actif,2026-06-29T00:22:55.017198,haute
BJ-BC07CC4E,Gynécologie,Santé & Pharmacie,Cobly,+229 81 33 62 62,gynécologie@gynécologie.com.bj,,PME (10-50),B2B,CCIB Annuaire,,Actif,2026-06-29T00:22:55.017216,moyenne
BJ-8917D2C7,Analyses Clinique,Santé & Pharmacie,Cobly,+229 32 27 38 10,a.clinique@analysescliniqu.com.bj,,TPE (<10),B2C,CCIB Annuaire,,Actif,2026-06-29T00:22:55.017235,moyenne
BJ-A3CEB3EB,Orthodontie Medical,Santé & Pharmacie,Cobly,+229 43 28 33 87,o.medical@orthodontiemedi.org.bj,,PME (50-200),B2B,CCIB Annuaire,,Actif,2026-06-29T00:22:55.017250,moyenne
BJ-544B36B2,Sanatorium Pharma,Santé & Pharmacie,Tanguiéta,+229 86 53 29 50,sanatorium_pharma@sanatoriumpharm.bj,sanatoriumpharma.bj,TPE (<10),B2C,CCIB Annuaire,,Actif,2026-06-29T00:22:55.017273,haute
BJ-A044D1C2,Soins Bénin,Santé & Pharmacie,Tanguiéta,+229 60 87 73 91,soinsbénin@soinsbénin.com.bj,soinsbénin.bj,PME (50-200),B2B,CCIB Annuaire,,Actif,2026-06-29T00:22:55.017291,haute
BJ-4B3B1F3B,Pharmacie Médical Clinique,Santé & Pharmacie,Tanguiéta,+229 78 70 49 33,,pharmaciemédicalclinique.bj,PME (10-50),B2B,CCIB Annuaire,,Actif,2026-06-29T00:22:55.017303,moyenne
BJ-BDAD7400,Cabinet Ophtalmologie,Santé & Pharmacie,Tanguiéta,+229 24 38 67 43,cabinetophtalmologie@yahoo.com,,Grande (>200),B2B,CCIB Annuaire,,Actif,2026-06-29T00:22:55.017318,moyenne
BJ-007B7EFD,Clinique Analyses Centre,Santé & Pharmacie,Tanguiéta,+229 33 43 72 62,c.analyses@gmail.com,cliniqueanalysescentre.bj,TPE (<10),B2C,CCIB Annuaire,,Actif,2026-06-29T00:22:55.017333,haute
BJ-EC43F277,Gériatrique,Santé & Pharmacie,Matéri,+229 37 58 82 90,,gériatrique.bj,TPE (<10),B2B,CCIB Annuaire,,Actif,2026-06-29T00:22:55.017352,moyenne
BJ-15F9D10D,Santé Centre,Santé & Pharmacie,Matéri,+229 98 58 75 92,,santécentre.bj,PME (10-50),B2B,CCIB Annuaire,,Actif,2026-06-29T00:22:55.017364,moyenne
BJ-028C45C3,Guérison Health,Santé & Pharmacie,Matéri,+229 73 29 59 94,guérisonhealth@guérisonhealth.org.bj,guérisonhealth.bj,TPE (<10),B2C,CCIB Annuaire,,Actif,2026-06-29T00:22:55.017390,haute
BJ-8AA8C987,Pédiatrique,Santé & Pharmacie,Matéri,+229 88 89 33 51,pédiatrique@pédiatrique.org.bj,pédiatrique.bj,TPE (<10),B2C,CCIB Annuaire,,Actif,2026-06-29T00:22:55.017404,haute
BJ-789B46E8,Polyclinique Diététique,Santé & Pharmacie,Matéri,+229 93 45 80 49,polyclinique.diététique@yahoo.fr,polycliniquediététique.bj,PME (10-50),B2C,CCIB Annuaire,,Actif,2026-06-29T00:22:55.017427,haute
BJ-6E619415,Gynécologie Clinique,Santé & Pharmacie,Natitingou,+229 76 77 70 99,gynécologie.clinique@yahoo.fr,gynécologieclinique.bj,TPE (<10),B2C,CCIB Annuaire,,Actif,2026-06-29T00:22:55.017451,haute
BJ-2BE2B573,Chirurgie Plus,Santé & Pharmacie,Natitingou,+229 69 97 84 33,chirurgie.plus@chirurgieplus.com.bj,chirurgieplus.bj,TPE (<10),B2C,CCIB Annuaire,,Actif,2026-06-29T00:22:55.017468,haute
BJ-2A752378,Emergency Bénin Natitingou,Santé & Pharmacie,Natitingou,+229 70 45 18 65,emergency_bénin@emergencybéninn.org.bj,,TPE (<10),B2B,CCIB Annuaire,,Actif,2026-06-29T00:22:55.017485,moyenne
BJ-C8624328,Sainte International,Santé & Pharmacie,Natitingou,+229 68 86 10 31,,,Grande (>200),B2C,CCIB Annuaire,,Actif,2026-06-29T00:22:55.017497,basse
BJ-1CC40101,Polyclinique Soins Plus,Santé & Pharmacie,Toucountouna,+229 97 74 65 55,p.soins@polycliniquesoi.bj,polycliniquesoinsplus.bj,PME (10-50),B2B,CCIB Annuaire,,Actif,2026-06-29T00:22:55.017532,haute
BJ-8A830FC2,Central Clinique,Santé & Pharmacie,Toucountouna,+229 38 33 11 74,c.clinique@outlook.com,centralclinique.bj,PME (50-200),B2B,CCIB Annuaire,,Actif,2026-06-29T00:22:55.017548,haute
BJ-3E6486F8,Maternité Bénin Toucountouna,Santé & Pharmacie,Toucountouna,+229 96 75 79 22,maternitébénin@yahoo.fr,,PME (50-200),B2C,CCIB Annuaire,,Actif,2026-06-29T00:22:55.017567,moyenne
BJ-B495BD67,Sanatorium Santé,Santé & Pharmacie,Toucountouna,+229 39 16 14 76,sanatoriumsanté@sanatoriumsanté.bj,sanatoriumsanté.bj,TPE (<10),B2C,CCIB Annuaire,,Actif,2026-06-29T00:22:55.017588,haute
BJ-F313F2D1,Sainte Cabinet Toucountouna,Santé & Pharmacie,Toucountouna,+229 93 71 53 80,,saintecabinettoucountouna.bj,PME (50-200),B2C,CCIB Annuaire,,Actif,2026-06-29T00:22:55.017600,moyenne
BJ-C05A0635,Kinésithérapie International Boukoumbé,Santé & Pharmacie,Boukoumbé,+229 50 72 95 52,,kinésithérapieinternationalboukoumbé.bj,PME (50-200),B2B,CCIB Annuaire,,Actif,2026-06-29T00:22:55.017620,moyenne
BJ-63A414CC,Laboratoire Gériatrique Cabinet,Santé & Pharmacie,Boukoumbé,+229 41 52 76 80,laboratoire_gériatrique@laboratoiregéri.com.bj,laboratoiregériatriquecabinet.bj,TPE (<10),B2C,CCIB Annuaire,,Actif,2026-06-29T00:22:55.017638,haute
BJ-32D04CC6,Acupuncture Centre,Santé & Pharmacie,Boukoumbé,+229 80 94 73 67,acupuncture.centre@acupuncturecent.bj,acupuncturecentre.bj,PME (10-50),B2C,CCIB Annuaire,,Actif,2026-06-29T00:22:55.017654,haute
BJ-A89B21A6,Radiologie,Santé & Pharmacie,Boukoumbé,+229 25 29 19 59,radiologie@radiologie.bj,,TPE (<10),B2B,CCIB Annuaire,,Actif,2026-06-29T00:22:55.017684,moyenne
BJ-32BDEBFE,Sanatorium Ostéopathie Cabinet,Santé & Pharmacie,Kouandé,+229 99 95 30 90,s.ostéopathie@yahoo.fr,sanatoriumostéopathiecabinet.bj,TPE (<10),B2B,CCIB Annuaire,,Actif,2026-06-29T00:22:55.017708,haute
BJ-80735A3A,Centre Acupuncture,Santé & Pharmacie,Kouandé,+229 46 38 42 42,c.acupuncture@outlook.com,centreacupuncture.bj,PME (10-50),B2C,CCIB Annuaire,,Actif,2026-06-29T00:22:55.017723,haute
BJ-CE291AE2,Pharmacie Nutrition Clinique,Santé & Pharmacie,Kouandé,+229 48 53 89 19,pharmacie.nutrition@yahoo.fr,,TPE (<10),B2B,CCIB Annuaire,,Actif,2026-06-29T00:22:55.017741,moyenne
BJ-79A18AE8,Ostéopathie,Santé & Pharmacie,Kouandé,+229 39 76 11 43,,,PME (10-50),B2C,CCIB Annuaire,,Actif,2026-06-29T00:22:55.017753,basse
BJ-DB1838FA,Cardiologie Kouandé,Santé & Pharmacie,Kouandé,+229 83 40 41 89,cardiologie_kouandé@yahoo.fr,cardiologiekouandé.bj,Grande (>200),B2C,CCIB Annuaire,,Actif,2026-06-29T00:22:55.017770,haute
BJ-EA8668AD,Dispensaire Diététique Cabinet Péhunco,Santé & Pharmacie,Péhunco,+229 60 44 34 58,,,PME (10-50),B2B,CCIB Annuaire,,Actif,2026-06-29T00:22:55.017787,basse
BJ-BD3B4B9B,Urgence,Santé & Pharmacie,Péhunco,+229 21 35 40 43,urgence@urgence.bj,urgence.bj,Grande (>200),B2B,CCIB Annuaire,,Actif,2026-06-29T00:22:55.017801,haute
BJ-BF4D72A3,Sanatorium Gynécologie,Santé & Pharmacie,Péhunco,+229 43 17 95 37,sanatoriumgynécologie@outlook.com,sanatoriumgynécologie.bj,TPE (<10),B2B,CCIB Annuaire,,Actif,2026-06-29T00:22:55.017817,haute
BJ-72A480C9,Ostéopathie Péhunco,Santé & Pharmacie,Péhunco,+229 20 18 54 56,ostéopathie.péhunco@ostéopathiepéhu.bj,,PME (10-50),B2B,CCIB Annuaire,,Actif,2026-06-29T00:22:55.017834,moyenne
BJ-CB8897CE,Médecine,Santé & Pharmacie,Péhunco,+229 69 38 16 46,médecine@gmail.com,médecine.bj,TPE (<10),B2B,CCIB Annuaire,,Actif,2026-06-29T00:22:55.017848,haute
BJ-203551C1,Kinésithérapie Health,Santé & Pharmacie,Tchaourou,+229 28 98 36 53,k.health@kinésithérapieh.org.bj,kinésithérapiehealth.bj,PME (10-50),B2B,CCIB Annuaire,,Actif,2026-06-29T00:22:55.017871,haute
BJ-28B14F36,Gynécologie Centre,Santé & Pharmacie,Tchaourou,+229 54 38 84 76,g.centre@gynécologiecent.bj,gynécologiecentre.bj,TPE (<10),B2C,CCIB Annuaire,,Actif,2026-06-29T00:22:55.017888,haute
BJ-EFF00B43,Dispensaire Ostéopathie,Santé & Pharmacie,Tchaourou,+229 36 20 13 39,d.ostéopathie@gmail.com,,TPE (<10),B2C,CCIB Annuaire,,Actif,2026-06-29T00:22:55.017917,moyenne
BJ-3269D683,Cabinet Bien-être Tchaourou,Santé & Pharmacie,Tchaourou,+229 33 53 83 57,c.bien@yahoo.com,cabinetbienêtretchaourou.bj,TPE (<10),B2B,CCIB Annuaire,,Actif,2026-06-29T00:22:55.017935,haute
BJ-65650AB0,Clinique Radiologie,Santé & Pharmacie,Tchaourou,+229 67 53 29 67,cliniqueradiologie@gmail.com,cliniqueradiologie.bj,PME (50-200),B2B,CCIB Annuaire,,Actif,2026-06-29T00:22:55.017950,haute
BJ-47415D4A,Hôpital Nutrition Plus,Santé & Pharmacie,Nikki,+229 56 31 76 35,hôpitalnutrition@hôpitalnutritio.bj,hôpitalnutritionplus.bj,PME (10-50),B2B,CCIB Annuaire,,Actif,2026-06-29T00:22:55.017974,haute
BJ-07A77745,Polyclinique Analyses Health,Santé & Pharmacie,Nikki,+229 38 34 44 95,,polycliniqueanalyseshealth.bj,PME (10-50),B2C,CCIB Annuaire,,Actif,2026-06-29T00:22:55.017990,moyenne
BJ-3CE30E86,Dispensaire Imagerie,Santé & Pharmacie,Nikki,+229 86 64 40 62,dispensaireimagerie@hotmail.com,dispensaireimagerie.bj,Grande (>200),B2B,CCIB Annuaire,,Actif,2026-06-29T00:22:55.018010,haute
BJ-C18EBC77,Pharmacie Nutrition Pharmacie,Santé & Pharmacie,Nikki,+229 85 97 41 65,p.nutrition@pharmacienutrit.com.bj,pharmacienutritionpharmacie.bj,PME (10-50),B2C,CCIB Annuaire,,Actif,2026-06-29T00:22:55.018026,haute
BJ-A1217EF4,Pharma,Santé & Pharmacie,Nikki,+229 29 39 54 73,pharma@yahoo.fr,pharma.bj,TPE (<10),B2C,CCIB Annuaire,,Actif,2026-06-29T00:22:55.018039,haute
BJ-5EDEAFC0,Hôpital Sainte Health,Santé & Pharmacie,Bembéréké,+229 89 46 58 73,h.sainte@yahoo.fr,,PME (50-200),B2B,CCIB Annuaire,,Actif,2026-06-29T00:22:55.018078,moyenne
BJ-971EDC54,Emergency,Santé & Pharmacie,Bembéréké,+229 35 59 31 48,emergency@yahoo.com,,PME (50-200),B2B,CCIB Annuaire,,Actif,2026-06-29T00:22:55.018094,moyenne
BJ-677C8B5B,Cabinet Chirurgie,Santé & Pharmacie,Bembéréké,+229 81 21 57 73,cabinetchirurgie@yahoo.com,,TPE (<10),B2B,CCIB Annuaire,,Actif,2026-06-29T00:22:55.018109,moyenne
BJ-55B5E217,Polyclinique Analyses,Santé & Pharmacie,Bembéréké,+229 69 73 72 26,polycliniqueanalyses@yahoo.fr,polycliniqueanalyses.bj,PME (10-50),B2C,CCIB Annuaire,,Actif,2026-06-29T00:22:55.018124,haute
BJ-BCC853AA,Hôpital Dermatologie Bénin,Santé & Pharmacie,Kalalé,+229 97 46 22 65,hôpitaldermatologie@hôpitaldermatol.bj,hôpitaldermatologiebénin.bj,PME (10-50),B2B,CCIB Annuaire,,Actif,2026-06-29T00:22:55.018148,haute
BJ-EFB97F9D,Cabinet Guérison Kalalé,Santé & Pharmacie,Kalalé,+229 65 64 95 29,cabinetguérison@hotmail.com,cabinetguérisonkalalé.bj,TPE (<10),B2C,CCIB Annuaire,,Actif,2026-06-29T00:22:55.018165,haute
BJ-C28983E4,Analyses Bénin,Santé & Pharmacie,Kalalé,+229 87 22 24 60,a.bénin@outlook.com,analysesbénin.bj,TPE (<10),B2B,CCIB Annuaire,,Actif,2026-06-29T00:22:55.018181,haute
BJ-44F15423,Centre Emergency,Santé & Pharmacie,Kalalé,+229 78 80 20 41,centre_emergency@gmail.com,centreemergency.bj,PME (50-200),B2B,CCIB Annuaire,,Actif,2026-06-29T00:22:55.018196,haute
BJ-4003BDEE,Kinésithérapie International Ndali,Santé & Pharmacie,Ndali,+229 75 11 24 65,k.international@outlook.com,,TPE (<10),B2C,CCIB Annuaire,,Actif,2026-06-29T00:22:55.018232,moyenne
BJ-ADA75003,Kinésithérapie,Santé & Pharmacie,Ndali,+229 46 80 10 81,kinésithérapie@yahoo.com,,TPE (<10),B2C,CCIB Annuaire,,Actif,2026-06-29T00:22:55.018246,moyenne
BJ-D577357A,Dispensaire Sainte Hôpital,Santé & Pharmacie,Ndali,+229 49 39 17 69,,dispensairesaintehôpital.bj,TPE (<10),B2B,CCIB Annuaire,,Actif,2026-06-29T00:22:55.018262,moyenne
BJ-36D8375D,Dispensaire Santé Ndali,Santé & Pharmacie,Ndali,+229 48 83 13 39,dispensaire_santé@outlook.com,,PME (50-200),B2B,CCIB Annuaire,,Actif,2026-06-29T00:22:55.018294,moyenne
BJ-E1D7D04F,Gynécologie,Santé & Pharmacie,Ségbana,+229 92 64 88 64,gynécologie@gynécologie.org.bj,,TPE (<10),B2B,CCIB Annuaire,,Actif,2026-06-29T00:22:55.018315,moyenne
BJ-CA1A07C2,Cardiologie Clinique,Santé & Pharmacie,Ségbana,+229 93 58 67 47,c.clinique@yahoo.com,cardiologieclinique.bj,TPE (<10),B2C,CCIB Annuaire,,Actif,2026-06-29T00:22:55.018335,haute
BJ-8FA81F65,Laboratoire Gériatrique Pharmacie,Santé & Pharmacie,Ségbana,+229 54 21 57 47,laboratoiregériatrique@yahoo.fr,laboratoiregériatriquepharmacie.bj,PME (50-200),B2C,CCIB Annuaire,,Actif,2026-06-29T00:22:55.018372,haute
BJ-E8F33C83,Pédiatrique,Santé & Pharmacie,Ségbana,+229 75 26 80 10,pédiatrique@gmail.com,pédiatrique.bj,Grande (>200),B2B,CCIB Annuaire,,Actif,2026-06-29T00:22:55.018385,haute
BJ-01106659,Médical Care,Santé & Pharmacie,Tchaourou,+229 83 60 31 52,médicalcare@yahoo.com,médicalcare.bj,PME (10-50),B2B,CCIB Annuaire,,Actif,2026-06-29T00:22:55.018409,haute
BJ-09892E0C,Polyclinique Nouveau International,Santé & Pharmacie,Tchaourou,+229 30 35 50 67,polyclinique_nouveau@polycliniquenou.bj,polycliniquenouveauinternational.bj,Grande (>200),B2B,CCIB Annuaire,,Actif,2026-06-29T00:22:55.018426,haute
BJ-F95549B9,Dentaire Tchaourou,Santé & Pharmacie,Tchaourou,+229 56 55 51 96,dentaire.tchaourou@gmail.com,,PME (50-200),B2B,CCIB Annuaire,,Actif,2026-06-29T00:22:55.018460,moyenne
BJ-2721DD7A,Bien-être Pharmacie Tchaourou,Santé & Pharmacie,Tchaourou,+229 42 46 18 89,,bienêtrepharmacietchaourou.bj,PME (10-50),B2C,CCIB Annuaire,,Actif,2026-06-29T00:22:55.018473,moyenne
BJ-98CBFB9C,Polyclinique Emergency Clinique,Santé & Pharmacie,Bétérou,+229 75 35 26 51,,,PME (10-50),B2C,CCIB Annuaire,,Actif,2026-06-29T00:22:55.018492,basse
BJ-690B7A48,Maternité,Santé & Pharmacie,Bétérou,+229 52 53 48 26,maternité@maternité.com.bj,,TPE (<10),B2C,CCIB Annuaire,,Actif,2026-06-29T00:22:55.018507,moyenne
BJ-0C6FAD10,Hôpital Emergency,Santé & Pharmacie,Bétérou,+229 65 12 45 43,hôpitalemergency@hôpitalemergenc.bj,,PME (50-200),B2C,CCIB Annuaire,,Actif,2026-06-29T00:22:55.018525,moyenne
BJ-40B0CBAE,Polyclinique Central Cabinet,Santé & Pharmacie,Bétérou,+229 90 64 84 76,polyclinique.central@polycliniquecen.com.bj,polycliniquecentralcabinet.bj,TPE (<10),B2B,CCIB Annuaire,,Actif,2026-06-29T00:22:55.018542,haute
BJ-CC157112,Clinique Gériatrique,Santé & Pharmacie,Ouessè,+229 23 74 68 44,clinique_gériatrique@cliniquegériatr.org.bj,,PME (10-50),B2B,CCIB Annuaire,,Actif,2026-06-29T00:22:55.018582,moyenne
BJ-BB6E423A,Hôpital Urgence,Santé & Pharmacie,Ouessè,+229 20 12 74 71,hôpital.urgence@yahoo.fr,hôpitalurgence.bj,TPE (<10),B2C,CCIB Annuaire,,Actif,2026-06-29T00:22:55.018599,haute
BJ-51139C4F,Urgence Bénin,Santé & Pharmacie,Ouessè,+229 33 32 18 85,urgencebénin@gmail.com,urgencebénin.bj,TPE (<10),B2C,CCIB Annuaire,,Actif,2026-06-29T00:22:55.018638,haute
BJ-6DCFE565,Cabinet Médecine,Santé & Pharmacie,Ouessè,+229 46 44 33 84,c.médecine@cabinetmédecine.org.bj,,TPE (<10),B2C,CCIB Annuaire,,Actif,2026-06-29T00:22:55.018687,moyenne
BJ-8AF21E80,Sanatorium Imagerie,Santé & Pharmacie,Glazoué,+229 88 39 75 33,,,PME (50-200),B2B,CCIB Annuaire,,Actif,2026-06-29T00:22:55.018827,basse
BJ-42181F2C,Sanatorium Médicament Pharmacie,Santé & Pharmacie,Glazoué,+229 88 88 43 39,,sanatoriummédicamentpharmacie.bj,PME (50-200),B2C,CCIB Annuaire,,Actif,2026-06-29T00:22:55.018874,moyenne
BJ-CC834811,Clinique Rééducation Centre,Santé & Pharmacie,Glazoué,+229 61 76 36 60,c.rééducation@cliniquerééduca.org.bj,cliniquerééducationcentre.bj,TPE (<10),B2B,CCIB Annuaire,,Actif,2026-06-29T00:22:55.018926,haute
BJ-2B52FC32,Chirurgie,Santé & Pharmacie,Glazoué,+229 83 81 45 92,chirurgie@yahoo.fr,chirurgie.bj,PME (10-50),B2B,CCIB Annuaire,,Actif,2026-06-29T00:22:55.018950,haute
BJ-772A68E2,Ophtalmologie International Glazoué,Santé & Pharmacie,Glazoué,+229 93 44 13 97,ophtalmologie.international@ophtalmologiein.com.bj,,PME (10-50),B2B,CCIB Annuaire,,Actif,2026-06-29T00:22:55.018985,moyenne
BJ-4F57E34B,Médicament Health Dassa-Zoumè,Santé & Pharmacie,Dassa-Zoumè,+229 90 46 15 58,médicamenthealth@médicamenthealt.org.bj,médicamenthealthdassazoumè.bj,PME (10-50),B2B,CCIB Annuaire,,Actif,2026-06-29T00:22:55.019044,haute
BJ-7E1978D3,Hôpital Biologie Medical,Santé & Pharmacie,Dassa-Zoumè,+229 76 60 94 46,hôpitalbiologie@hôpitalbiologie.bj,hôpitalbiologiemedical.bj,Grande (>200),B2C,CCIB Annuaire,,Actif,2026-06-29T00:22:55.019091,haute
BJ-3DCE029F,Dispensaire Radiologie Centre Dassa-Zoumè,Santé & Pharmacie,Dassa-Zoumè,+229 31 77 35 37,,,PME (50-200),B2B,CCIB Annuaire,,Actif,2026-06-29T00:22:55.019123,basse
BJ-0915DF4D,Hôpital Imagerie Medical,Santé & Pharmacie,Dassa-Zoumè,+229 69 63 17 71,hôpitalimagerie@hôpitalimagerie.bj,hôpitalimageriemedical.bj,PME (10-50),B2B,CCIB Annuaire,,Actif,2026-06-29T00:22:55.019165,haute
BJ-9EB048B5,Hôpital Emergency Bénin,Santé & Pharmacie,Dassa-Zoumè,+229 46 75 41 22,hôpital_emergency@hôpitalemergenc.bj,,PME (50-200),B2C,CCIB Annuaire,,Actif,2026-06-29T00:22:55.019199,moyenne
BJ-C67F05E4,Clinique Pharma,Santé & Pharmacie,Savalou,+229 34 40 39 91,clinique.pharma@cliniquepharma.bj,,PME (10-50),B2B,CCIB Annuaire,,Actif,2026-06-29T00:22:55.019282,moyenne
BJ-B64F8EC7,Centre Médical Health,Santé & Pharmacie,Savalou,+229 59 69 40 21,centre.médical@outlook.com,centremédicalhealth.bj,Grande (>200),B2C,CCIB Annuaire,,Actif,2026-06-29T00:22:55.019319,haute
BJ-44434D00,Central International,Santé & Pharmacie,Savalou,+229 89 23 73 12,,,Grande (>200),B2C,CCIB Annuaire,,Actif,2026-06-29T00:22:55.019346,basse
BJ-70081479,Urgence Health,Santé & Pharmacie,Savalou,+229 88 88 85 86,urgence.health@urgencehealth.bj,,PME (10-50),B2C,CCIB Annuaire,,Actif,2026-06-29T00:22:55.019371,moyenne
BJ-69D1FA59,Dispensaire Ophtalmologie Medical,Santé & Pharmacie,Bantè,+229 85 50 93 41,dispensaire.ophtalmologie@yahoo.com,dispensaireophtalmologiemedical.bj,PME (10-50),B2B,CCIB Annuaire,,Actif,2026-06-29T00:22:55.019398,haute
BJ-F810466B,Analyses Bantè,Santé & Pharmacie,Bantè,+229 97 62 20 38,analysesbantè@analysesbantè.com.bj,analysesbantè.bj,TPE (<10),B2B,CCIB Annuaire,,Actif,2026-06-29T00:22:55.019417,haute
BJ-BFC3CD82,Cabinet Dermatologie,Santé & Pharmacie,Bantè,+229 86 14 57 92,cabinetdermatologie@hotmail.com,cabinetdermatologie.bj,Grande (>200),B2B,CCIB Annuaire,,Actif,2026-06-29T00:22:55.019455,haute
BJ-C320B4A4,Cardiologie International,Santé & Pharmacie,Bantè,+229 93 76 66 19,cardiologieinternational@hotmail.com,cardiologieinternational.bj,TPE (<10),B2C,CCIB Annuaire,,Actif,2026-06-29T00:22:55.019472,haute
BJ-6FCB6F9A,Nouveau Cabinet Djougou,Santé & Pharmacie,Djougou,+229 91 15 68 61,,nouveaucabinetdjougou.bj,PME (50-200),B2B,CCIB Annuaire,,Actif,2026-06-29T00:22:55.019492,moyenne
BJ-760751F4,Polyclinique Santé Bénin Djougou,Santé & Pharmacie,Djougou,+229 90 93 45 57,polycliniquesanté@polycliniquesan.com.bj,,PME (10-50),B2B,CCIB Annuaire,,Actif,2026-06-29T00:22:55.019510,moyenne
BJ-1112EA52,Pédiatrique,Santé & Pharmacie,Djougou,+229 33 91 76 27,pédiatrique@yahoo.com,pédiatrique.bj,PME (50-200),B2B,CCIB Annuaire,,Actif,2026-06-29T00:22:55.019525,haute
BJ-5DF1D7DF,Laboratoire ORL,Santé & Pharmacie,Djougou,+229 65 26 76 95,laboratoire.orl@hotmail.com,,TPE (<10),B2C,CCIB Annuaire,,Actif,2026-06-29T00:22:55.019540,moyenne
BJ-6ACE43D1,Médical Djougou,Santé & Pharmacie,Djougou,+229 88 47 42 14,médical.djougou@médicaldjougou.org.bj,,TPE (<10),B2C,CCIB Annuaire,,Actif,2026-06-29T00:22:55.019557,moyenne
BJ-B0780188,Biologie,Santé & Pharmacie,Ouèssè,+229 26 21 61 67,,,TPE (<10),B2C,CCIB Annuaire,,Actif,2026-06-29T00:22:55.019576,basse
BJ-034AD285,Nouveau Plus,Santé & Pharmacie,Ouèssè,+229 28 35 49 66,n.plus@gmail.com,nouveauplus.bj,PME (10-50),B2B,CCIB Annuaire,,Actif,2026-06-29T00:22:55.019592,haute
BJ-D670A5CC,Polyclinique ORL Hôpital,Santé & Pharmacie,Ouèssè,+229 42 20 75 60,polyclinique.orl@hotmail.com,polycliniqueorlhôpital.bj,TPE (<10),B2B,CCIB Annuaire,,Actif,2026-06-29T00:22:55.019613,haute
BJ-619C03A6,Nutrition Ouèssè,Santé & Pharmacie,Ouèssè,+229 90 84 22 50,,nutritionouèssè.bj,TPE (<10),B2C,CCIB Annuaire,,Actif,2026-06-29T00:22:55.019626,moyenne
BJ-B30A38CA,Sainte Medical,Santé & Pharmacie,Ouèssè,+229 81 26 25 51,,,Grande (>200),B2B,CCIB Annuaire,,Actif,2026-06-29T00:22:55.019637,basse
BJ-5DCEE6FF,Chirurgie Plus,Santé & Pharmacie,Bassila,+229 37 45 58 58,,chirurgieplus.bj,TPE (<10),B2B,CCIB Annuaire,,Actif,2026-06-29T00:22:55.019658,moyenne
BJ-780DF78C,Laboratoire Pédiatrique,Santé & Pharmacie,Bassila,+229 92 22 49 97,laboratoire_pédiatrique@laboratoirepédi.org.bj,laboratoirepédiatrique.bj,PME (50-200),B2C,CCIB Annuaire,,Actif,2026-06-29T00:22:55.019680,haute
BJ-2B40FA2C,Central Health,Santé & Pharmacie,Bassila,+229 89 18 23 73,central.health@centralhealth.org.bj,,PME (10-50),B2C,CCIB Annuaire,,Actif,2026-06-29T00:22:55.019700,moyenne
BJ-EE1AE16F,Gynécologie Plus Bassila,Santé & Pharmacie,Bassila,+229 58 32 70 82,,gynécologieplusbassila.bj,TPE (<10),B2C,CCIB Annuaire,,Actif,2026-06-29T00:22:55.019713,moyenne
BJ-5ED2F142,Hôpital Maternité,Santé & Pharmacie,Bassila,+229 47 46 18 48,hôpital.maternité@hotmail.com,hôpitalmaternité.bj,TPE (<10),B2B,CCIB Annuaire,,Actif,2026-06-29T00:22:55.019730,haute
BJ-3F48FE74,Ophtalmologie Cabinet Pehunco,Santé & Pharmacie,Pehunco,+229 88 10 52 75,,ophtalmologiecabinetpehunco.bj,PME (10-50),B2C,CCIB Annuaire,,Actif,2026-06-29T00:22:55.019749,moyenne
BJ-9552F4F1,Centre Bien-être,Santé & Pharmacie,Pehunco,+229 37 93 50 86,centrebien@hotmail.com,centrebienêtre.bj,Grande (>200),B2C,CCIB Annuaire,,Actif,2026-06-29T00:22:55.019786,haute
BJ-7719C0AF,Clinique Emergency,Santé & Pharmacie,Pehunco,+229 29 46 14 78,clinique.emergency@cliniqueemergen.org.bj,cliniqueemergency.bj,Grande (>200),B2C,CCIB Annuaire,,Actif,2026-06-29T00:22:55.019803,haute
BJ-49C9826E,Maternité,Santé & Pharmacie,Pehunco,+229 82 59 92 58,maternité@maternité.org.bj,maternité.bj,PME (50-200),B2B,CCIB Annuaire,,Actif,2026-06-29T00:22:55.019817,haute
BJ-BB3EBD46,Polyclinique Sainte Cabinet Copargo,Santé & Pharmacie,Copargo,+229 52 96 46 92,polycliniquesainte@yahoo.fr,polycliniquesaintecabinetcopargo.bj,TPE (<10),B2B,CCIB Annuaire,,Actif,2026-06-29T00:22:55.019839,haute
BJ-E3D39AA0,Sanatorium Dentaire Pharmacie,Santé & Pharmacie,Copargo,+229 64 84 74 44,sanatoriumdentaire@hotmail.com,sanatoriumdentairepharmacie.bj,PME (50-200),B2B,CCIB Annuaire,,Actif,2026-06-29T00:22:55.019856,haute
BJ-B4FF2E52,Pharmacie Soins,Santé & Pharmacie,Copargo,+229 85 57 23 59,pharmacie_soins@outlook.com,pharmaciesoins.bj,PME (50-200),B2B,CCIB Annuaire,,Actif,2026-06-29T00:22:55.019872,haute
BJ-56DDC18F,Clinique Diététique Care,Santé & Pharmacie,Copargo,+229 67 62 42 17,clinique.diététique@outlook.com,cliniquediététiquecare.bj,TPE (<10),B2C,CCIB Annuaire,,Actif,2026-06-29T00:22:55.019902,haute
BJ-B862BC82,Sanatorium Médicament International,Santé & Pharmacie,Copargo,+229 31 94 56 67,,,PME (10-50),B2B,CCIB Annuaire,,Actif,2026-06-29T00:22:55.019918,basse
BJ-C819CAD0,Santé Cotonou,Finance & Assurance,Cotonou,+229 39 47 65 61,,,TPE (<10),B2B,CCIB Annuaire,,Actif,2026-06-29T00:22:55.019939,basse
BJ-97A4E52C,Investissement Invest,Finance & Assurance,Cotonou,+229 40 99 37 14,i.invest@yahoo.com,investissementinvest.bj,Grande (>200),B2C,CCIB Annuaire,,Actif,2026-06-29T00:22:55.019954,haute
BJ-87E57568,Management Cotonou,Finance & Assurance,Cotonou,+229 40 28 63 98,management.cotonou@managementcoton.bj,,PME (50-200),B2B,CCIB Annuaire,,Actif,2026-06-29T00:22:55.019976,moyenne
BJ-E2FC8CF0,West,Finance & Assurance,Cotonou,+229 62 62 10 94,west@yahoo.fr,west.bj,PME (50-200),B2C,CCIB Annuaire,,Actif,2026-06-29T00:22:55.020003,haute
BJ-2DD3F6DA,Banque Paiement SARL,Finance & Assurance,Abomey-Calavi,+229 67 84 30 75,banque.paiement@hotmail.com,banquepaiementsarl.bj,Grande (>200),B2B,CCIB Annuaire,,Actif,2026-06-29T00:22:55.020025,haute
BJ-424946FC,Bénin SA,Finance & Assurance,Abomey-Calavi,+229 51 92 80 97,bénin@béninsa.org.bj,béninsa.bj,PME (50-200),B2C,CCIB Annuaire,,Actif,2026-06-29T00:22:55.020041,haute
BJ-D7612868,Multirisque Invest Abomey-Calavi,Finance & Assurance,Abomey-Calavi,+229 29 66 32 69,multirisque.invest@yahoo.com,,PME (10-50),B2B,CCIB Annuaire,,Actif,2026-06-29T00:22:55.020056,moyenne
BJ-B49F795B,Crédit Paiement Groupe,Finance & Assurance,Abomey-Calavi,+229 60 16 95 24,créditpaiement@yahoo.fr,,Grande (>200),B2C,CCIB Annuaire,,Actif,2026-06-29T00:22:55.020076,moyenne
BJ-155FA260,West Advisory Abomey-Calavi,Finance & Assurance,Abomey-Calavi,+229 47 40 65 46,westadvisory@outlook.com,westadvisoryabomeycalavi.bj,TPE (<10),B2B,CCIB Annuaire,,Actif,2026-06-29T00:22:55.020093,haute
BJ-FD9882F6,Micro Auto,Finance & Assurance,Porto-Novo,+229 58 55 24 74,micro.auto@gmail.com,microauto.bj,PME (10-50),B2C,CCIB Annuaire,,Actif,2026-06-29T00:22:55.020129,haute
BJ-ABAF7121,Forex,Finance & Assurance,Porto-Novo,+229 41 35 29 78,forex@forex.bj,forex.bj,PME (10-50),B2C,CCIB Annuaire,,Actif,2026-06-29T00:22:55.020146,haute
BJ-8C3762C3,Épargne Groupe,Finance & Assurance,Porto-Novo,+229 51 24 44 26,é.groupe@hotmail.com,épargnegroupe.bj,TPE (<10),B2B,CCIB Annuaire,,Actif,2026-06-29T00:22:55.020163,haute
BJ-6AC243D5,Wealth Groupe,Finance & Assurance,Porto-Novo,+229 34 26 36 93,wealth_groupe@gmail.com,wealthgroupe.bj,PME (10-50),B2B,CCIB Annuaire,,Actif,2026-06-29T00:22:55.020178,haute
BJ-7D1AA3A7,Groupe Santé Capital,Finance & Assurance,Parakou,+229 88 64 96 45,groupesanté@outlook.com,groupesantécapital.bj,PME (10-50),B2C,CCIB Annuaire,,Actif,2026-06-29T00:22:55.020201,haute
BJ-D0773F2C,Finance Courtage,Finance & Assurance,Parakou,+229 39 91 16 57,finance_courtage@hotmail.com,financecourtage.bj,PME (10-50),B2B,CCIB Annuaire,,Actif,2026-06-29T00:22:55.020217,haute
BJ-558025F9,Wealth Finance,Finance & Assurance,Parakou,+229 28 33 18 92,wealth.finance@wealthfinance.bj,wealthfinance.bj,PME (50-200),B2B,CCIB Annuaire,,Actif,2026-06-29T00:22:55.020242,haute
BJ-D47BE3CA,Crédit Vie Partners,Finance & Assurance,Parakou,+229 70 44 49 38,c.vie@créditviepartne.bj,,TPE (<10),B2B,CCIB Annuaire,,Actif,2026-06-29T00:22:55.020259,moyenne
BJ-D0D99573,Épargne SICAV Capital,Finance & Assurance,Parakou,+229 38 85 69 73,épargnesicav@épargnesicavcap.org.bj,épargnesicavcapital.bj,PME (50-200),B2C,CCIB Annuaire,,Actif,2026-06-29T00:22:55.020277,haute
BJ-927D7A64,Wealth,Finance & Assurance,Bohicon,+229 59 18 67 57,wealth@wealth.org.bj,,Grande (>200),B2C,CCIB Annuaire,,Actif,2026-06-29T00:22:55.020297,moyenne
BJ-130F53A5,Paiement SA Bohicon,Finance & Assurance,Bohicon,+229 21 66 56 15,paiement.bohicon@outlook.com,paiementsabohicon.bj,PME (50-200),B2B,CCIB Annuaire,,Actif,2026-06-29T00:22:55.020313,haute
BJ-E2478831,Épargne,Finance & Assurance,Bohicon,+229 93 32 10 12,épargne@outlook.com,épargne.bj,PME (10-50),B2C,CCIB Annuaire,,Actif,2026-06-29T00:22:55.020331,haute
BJ-1A8CBCD1,Crédit Placement Invest Bohicon,Finance & Assurance,Bohicon,+229 89 80 91 45,crédit.placement@gmail.com,créditplacementinvestbohicon.bj,TPE (<10),B2C,CCIB Annuaire,,Actif,2026-06-29T00:22:55.020349,haute
BJ-0459176E,Finance Protection International,Finance & Assurance,Natitingou,+229 49 83 18 80,finance.protection@financeprotecti.bj,financeprotectioninternational.bj,TPE (<10),B2B,CCIB Annuaire,,Actif,2026-06-29T00:22:55.020400,haute
BJ-1DC03B14,Monétique,Finance & Assurance,Natitingou,+229 74 39 70 29,monétique@monétique.org.bj,monétique.bj,TPE (<10),B2C,CCIB Annuaire,,Actif,2026-06-29T00:22:55.020418,haute
BJ-FEA1A206,Blockchain Finance,Finance & Assurance,Natitingou,+229 40 76 78 18,blockchain.finance@outlook.com,blockchainfinance.bj,Grande (>200),B2C,CCIB Annuaire,,Actif,2026-06-29T00:22:55.020433,haute
BJ-7596AB48,Prévoyance Assurances,Finance & Assurance,Natitingou,+229 42 85 40 43,prévoyanceassurances@prévoyanceassur.bj,prévoyanceassurances.bj,PME (50-200),B2B,CCIB Annuaire,,Actif,2026-06-29T00:22:55.020453,haute
BJ-DAE78AD6,Investissement IARD,Finance & Assurance,Lokossa,+229 33 72 67 80,investissement.iard@investissementi.com.bj,investissementiard.bj,TPE (<10),B2C,CCIB Annuaire,,Actif,2026-06-29T00:22:55.020476,haute
BJ-906F0115,Cabinet Crypto Advisory,Finance & Assurance,Lokossa,+229 76 30 37 55,cabinet.crypto@cabinetcryptoad.bj,,TPE (<10),B2C,CCIB Annuaire,,Actif,2026-06-29T00:22:55.020492,moyenne
BJ-E50CA3FB,Groupe Africa Finance,Finance & Assurance,Lokossa,+229 22 75 69 55,,,PME (10-50),B2C,CCIB Annuaire,,Actif,2026-06-29T00:22:55.020507,basse
BJ-C8BF9E03,Micro FCP International,Finance & Assurance,Lokossa,+229 35 28 76 49,m.fcp@microfcpinterna.bj,microfcpinternational.bj,TPE (<10),B2C,CCIB Annuaire,,Actif,2026-06-29T00:22:55.020527,haute
BJ-387AA6FC,Crédit Assurance,Finance & Assurance,Lokossa,+229 52 65 59 69,c.assurance@créditassurance.bj,créditassurance.bj,PME (50-200),B2B,CCIB Annuaire,,Actif,2026-06-29T00:22:55.020545,haute
BJ-8331074C,Multirisque,Finance & Assurance,Ouidah,+229 22 99 76 21,multirisque@multirisque.org.bj,multirisque.bj,PME (50-200),B2C,CCIB Annuaire,,Actif,2026-06-29T00:22:55.020565,haute
BJ-67967FF1,Finance Bourse,Finance & Assurance,Ouidah,+229 62 74 27 52,finance.bourse@financebourse.com.bj,financebourse.bj,PME (10-50),B2B,CCIB Annuaire,,Actif,2026-06-29T00:22:55.020594,haute
BJ-62F79984,Cabinet Actions Finance,Finance & Assurance,Ouidah,+229 28 26 81 96,cabinetactions@cabinetactionsf.bj,cabinetactionsfinance.bj,PME (50-200),B2C,CCIB Annuaire,,Actif,2026-06-29T00:22:55.020610,haute
BJ-C182AFBB,Crédit Management Groupe Ouidah,Finance & Assurance,Ouidah,+229 85 92 56 15,c.management@créditmanagemen.org.bj,créditmanagementgroupeouidah.bj,TPE (<10),B2C,CCIB Annuaire,,Actif,2026-06-29T00:22:55.020627,haute
BJ-D92520E6,Broker Savalou,Finance & Assurance,Savalou,+229 38 73 10 68,broker.savalou@yahoo.com,brokersavalou.bj,PME (10-50),B2C,CCIB Annuaire,,Actif,2026-06-29T00:22:55.020649,haute
BJ-A1AE7243,Investissement Change Invest Savalou,Finance & Assurance,Savalou,+229 74 77 37 47,i.change@gmail.com,investissementchangeinvestsavalou.bj,TPE (<10),B2C,CCIB Annuaire,,Actif,2026-06-29T00:22:55.020665,haute
BJ-552200F6,Wealth Invest Savalou,Finance & Assurance,Savalou,+229 92 38 37 71,,wealthinvestsavalou.bj,PME (50-200),B2B,CCIB Annuaire,,Actif,2026-06-29T00:22:55.020680,moyenne
BJ-797989F6,Finance Épargne Savalou,Finance & Assurance,Savalou,+229 97 82 76 42,finance_épargne@financeépargnes.com.bj,,PME (10-50),B2B,CCIB Annuaire,,Actif,2026-06-29T00:22:55.020711,moyenne
BJ-191BA363,Crédit Fintech Bank,Finance & Assurance,Dassa-Zoumè,+229 51 56 61 23,crédit.fintech@créditfintechba.bj,créditfintechbank.bj,PME (10-50),B2C,CCIB Annuaire,,Actif,2026-06-29T00:22:55.020735,haute
BJ-D1FD47FE,Groupe National Dassa-Zoumè,Finance & Assurance,Dassa-Zoumè,+229 73 60 84 36,groupe.national@groupenationald.com.bj,,TPE (<10),B2B,CCIB Annuaire,,Actif,2026-06-29T00:22:55.020752,moyenne
BJ-8BBED908,Finance Investissement,Finance & Assurance,Dassa-Zoumè,+229 81 62 74 46,,financeinvestissement.bj,PME (10-50),B2C,CCIB Annuaire,,Actif,2026-06-29T00:22:55.020778,moyenne
BJ-65610726,Santé Bank,Finance & Assurance,Dassa-Zoumè,+229 72 25 24 74,santé.bank@hotmail.com,santébank.bj,PME (10-50),B2C,CCIB Annuaire,,Actif,2026-06-29T00:22:55.020799,haute
BJ-7571BE36,Patrimoine Advisory,Finance & Assurance,Kétou,+229 54 84 61 38,patrimoine.advisory@hotmail.com,,Grande (>200),B2B,CCIB Annuaire,,Actif,2026-06-29T00:22:55.020826,moyenne
BJ-4BEDE757,Société Broker,Finance & Assurance,Kétou,+229 69 82 24 34,s.broker@sociétébroker.bj,sociétébroker.bj,PME (50-200),B2B,CCIB Annuaire,,Actif,2026-06-29T00:22:55.020844,haute
BJ-B02C6B00,Micro Vie International,Finance & Assurance,Kétou,+229 79 36 31 19,,microvieinternational.bj,PME (10-50),B2B,CCIB Annuaire,,Actif,2026-06-29T00:22:55.020871,moyenne
BJ-45C71A4A,Épargne Groupe,Finance & Assurance,Kétou,+229 32 10 36 28,épargne.groupe@gmail.com,épargnegroupe.bj,TPE (<10),B2C,CCIB Annuaire,,Actif,2026-06-29T00:22:55.020887,haute
BJ-EB52DBEF,Crédit Courtage,Finance & Assurance,Kétou,+229 60 52 71 98,créditcourtage@yahoo.fr,créditcourtage.bj,PME (10-50),B2B,CCIB Annuaire,,Actif,2026-06-29T00:22:55.020932,haute
BJ-0181F29F,Crédit Gestion Covè,Finance & Assurance,Covè,+229 60 87 41 39,créditgestion@outlook.com,créditgestioncovè.bj,PME (10-50),B2B,CCIB Annuaire,,Actif,2026-06-29T00:22:55.020970,haute
BJ-DF60A275,Fintech,Finance & Assurance,Covè,+229 26 18 76 52,fintech@yahoo.com,fintech.bj,PME (50-200),B2B,CCIB Annuaire,,Actif,2026-06-29T00:22:55.020984,haute
BJ-DA9ED98D,Société Bourse Invest Covè,Finance & Assurance,Covè,+229 58 23 45 57,société_bourse@hotmail.com,sociétébourseinvestcovè.bj,Grande (>200),B2B,CCIB Annuaire,,Actif,2026-06-29T00:22:55.021002,haute
BJ-3B2965DF,Fintech International Covè,Finance & Assurance,Covè,+229 28 51 29 57,fintech_international@outlook.com,fintechinternationalcovè.bj,Grande (>200),B2B,CCIB Annuaire,,Actif,2026-06-29T00:22:55.021017,haute
BJ-A7A8838C,Capital Transfert,Finance & Assurance,Covè,+229 33 26 71 32,capital.transfert@capitaltransfer.com.bj,capitaltransfert.bj,TPE (<10),B2B,CCIB Annuaire,,Actif,2026-06-29T00:22:55.021046,haute
BJ-E1B47C7B,Investissement Forex,Finance & Assurance,Pobè,+229 42 46 10 37,investissement_forex@hotmail.com,investissementforex.bj,PME (50-200),B2C,CCIB Annuaire,,Actif,2026-06-29T00:22:55.021067,haute
BJ-4A7D83A5,Courtage,Finance & Assurance,Pobè,+229 99 25 57 16,courtage@yahoo.com,courtage.bj,PME (50-200),B2B,CCIB Annuaire,,Actif,2026-06-29T00:22:55.021081,haute
BJ-32FD0022,Groupe Change Pobè,Finance & Assurance,Pobè,+229 40 63 25 18,g.change@yahoo.com,groupechangepobè.bj,PME (50-200),B2C,CCIB Annuaire,,Actif,2026-06-29T00:22:55.021099,haute
BJ-E34401E7,Crédit SICAV,Finance & Assurance,Pobè,+229 27 67 48 91,c.sicav@gmail.com,créditsicav.bj,PME (10-50),B2C,CCIB Annuaire,,Actif,2026-06-29T00:22:55.021116,haute
BJ-7616268D,Capital SICAV SARL Pobè,Finance & Assurance,Pobè,+229 47 15 63 27,c.sicav@yahoo.fr,capitalsicavsarlpobè.bj,PME (50-200),B2B,CCIB Annuaire,,Actif,2026-06-29T00:22:55.021131,haute
BJ-383B729A,Multirisque Sakété,Finance & Assurance,Sakété,+229 84 87 53 17,multirisque.sakété@outlook.com,multirisquesakété.bj,TPE (<10),B2B,CCIB Annuaire,,Actif,2026-06-29T00:22:55.021170,haute
BJ-93C7506F,Gestion,Finance & Assurance,Sakété,+229 32 79 70 87,,,PME (10-50),B2B,CCIB Annuaire,,Actif,2026-06-29T00:22:55.021181,basse
BJ-E54F92CF,Micro Patrimoine Groupe,Finance & Assurance,Sakété,+229 42 29 14 74,micro.patrimoine@gmail.com,micropatrimoinegroupe.bj,TPE (<10),B2C,CCIB Annuaire,,Actif,2026-06-29T00:22:55.021213,haute
BJ-4ADDC000,Retraite Invest Sakété,Finance & Assurance,Sakété,+229 49 82 73 24,retraiteinvest@retraiteinvests.org.bj,,PME (50-200),B2B,CCIB Annuaire,,Actif,2026-06-29T00:22:55.021230,moyenne
BJ-709BD998,Société Patrimoine,Finance & Assurance,Sakété,+229 76 35 82 37,s.patrimoine@sociétépatrimoi.bj,,Grande (>200),B2C,CCIB Annuaire,,Actif,2026-06-29T00:22:55.021248,moyenne
BJ-68220AD1,Patrimoine Adjara,Finance & Assurance,Adjara,+229 70 32 46 61,p.adjara@hotmail.com,patrimoineadjara.bj,Grande (>200),B2B,CCIB Annuaire,,Actif,2026-06-29T00:22:55.021283,haute
BJ-AFFE2AA3,Cabinet Assurance,Finance & Assurance,Adjara,+229 52 65 54 43,cabinetassurance@outlook.com,cabinetassurance.bj,PME (10-50),B2B,CCIB Annuaire,,Actif,2026-06-29T00:22:55.021298,haute
BJ-82112532,Société Paiement,Finance & Assurance,Adjara,+229 76 12 25 62,société.paiement@yahoo.com,,TPE (<10),B2B,CCIB Annuaire,,Actif,2026-06-29T00:22:55.021315,moyenne
BJ-31EEC1E6,Assurance Invest,Finance & Assurance,Adjara,+229 67 60 88 90,assurance.invest@assuranceinvest.org.bj,assuranceinvest.bj,PME (10-50),B2C,CCIB Annuaire,,Actif,2026-06-29T00:22:55.021331,haute
BJ-3922F9F6,Finance Africa,Finance & Assurance,Adjara,+229 88 73 18 94,finance.africa@hotmail.com,financeafrica.bj,PME (10-50),B2C,CCIB Annuaire,,Actif,2026-06-29T00:22:55.021345,haute
BJ-1E627A84,Finance Wealth SARL Allada,Finance & Assurance,Allada,+229 99 11 76 19,f.wealth@financewealthsa.com.bj,financewealthsarlallada.bj,PME (50-200),B2C,CCIB Annuaire,,Actif,2026-06-29T00:22:55.021367,haute
BJ-090F4044,Patrimoine International Allada,Finance & Assurance,Allada,+229 81 13 59 32,p.international@patrimoineinter.bj,patrimoineinternationalallada.bj,PME (10-50),B2C,CCIB Annuaire,,Actif,2026-06-29T00:22:55.021382,haute
BJ-967E77D8,Forex Bank,Finance & Assurance,Allada,+229 69 89 65 71,,forexbank.bj,Grande (>200),B2B,CCIB Annuaire,,Actif,2026-06-29T00:22:55.021393,moyenne
BJ-B4A2D791,Banque Crypto,Finance & Assurance,Allada,+229 66 36 40 45,banquecrypto@yahoo.fr,banquecrypto.bj,Grande (>200),B2B,CCIB Annuaire,,Actif,2026-06-29T00:22:55.021407,haute
BJ-FC6CB845,Épargne SA Allada,Finance & Assurance,Allada,+229 77 18 43 18,épargneallada@épargnesaallada.com.bj,épargnesaallada.bj,PME (10-50),B2B,CCIB Annuaire,,Actif,2026-06-29T00:22:55.021423,haute
BJ-8B86F06C,Auto International,Finance & Assurance,Aplahoué,+229 93 43 92 44,a.international@autointernation.com.bj,autointernational.bj,PME (10-50),B2B,CCIB Annuaire,,Actif,2026-06-29T00:22:55.021444,haute
BJ-B4A3693D,Wealth Aplahoué,Finance & Assurance,Aplahoué,+229 78 64 23 67,,wealthaplahoué.bj,TPE (<10),B2B,CCIB Annuaire,,Actif,2026-06-29T00:22:55.021460,moyenne
BJ-6420F7B6,Épargne FCP Capital,Finance & Assurance,Aplahoué,+229 73 67 38 17,épargne.fcp@épargnefcpcapit.com.bj,épargnefcpcapital.bj,PME (50-200),B2C,CCIB Annuaire,,Actif,2026-06-29T00:22:55.021480,haute
BJ-3775FA13,Épargne Broker Groupe Aplahoué,Finance & Assurance,Aplahoué,+229 45 31 60 31,épargnebroker@yahoo.fr,épargnebrokergroupeaplahoué.bj,TPE (<10),B2B,CCIB Annuaire,,Actif,2026-06-29T00:22:55.021497,haute
BJ-4F6D032F,Crédit Crédit,Finance & Assurance,Aplahoué,+229 35 67 79 16,crédit.crédit@yahoo.com,créditcrédit.bj,TPE (<10),B2B,CCIB Annuaire,,Actif,2026-06-29T00:22:55.021514,haute
BJ-4C177E62,Épargne IARD,Finance & Assurance,Dogbo-Tota,+229 33 38 58 28,épargneiard@yahoo.fr,épargneiard.bj,PME (10-50),B2B,CCIB Annuaire,,Actif,2026-06-29T00:22:55.021536,haute
BJ-446E3240,Finance Vie Invest,Finance & Assurance,Dogbo-Tota,+229 81 51 44 46,finance.vie@yahoo.fr,financevieinvest.bj,TPE (<10),B2B,CCIB Annuaire,,Actif,2026-06-29T00:22:55.021565,haute
BJ-A854EDC7,Finance Wealth,Finance & Assurance,Dogbo-Tota,+229 44 99 65 22,finance.wealth@financewealth.bj,,PME (10-50),B2C,CCIB Annuaire,,Actif,2026-06-29T00:22:55.021580,moyenne
BJ-44B606E5,Transfert Finance,Finance & Assurance,Dogbo-Tota,+229 93 77 39 36,t.finance@outlook.com,transfertfinance.bj,Grande (>200),B2B,CCIB Annuaire,,Actif,2026-06-29T00:22:55.021594,haute
BJ-7C6F5A55,SICAV Groupe,Finance & Assurance,Kpomassè,+229 39 89 97 36,sicav.groupe@yahoo.com,sicavgroupe.bj,PME (50-200),B2C,CCIB Annuaire,,Actif,2026-06-29T00:22:55.021615,haute
BJ-E3B35067,Société Assurance SA,Finance & Assurance,Kpomassè,+229 61 42 61 18,société.assurance@yahoo.fr,,PME (10-50),B2C,CCIB Annuaire,,Actif,2026-06-29T00:22:55.021635,moyenne
BJ-178380D5,Groupe Management Partners,Finance & Assurance,Kpomassè,+229 74 77 88 28,groupe_management@groupemanagemen.bj,groupemanagementpartners.bj,TPE (<10),B2B,CCIB Annuaire,,Actif,2026-06-29T00:22:55.021654,haute
BJ-3E90AE5A,Monétique,Finance & Assurance,Kpomassè,+229 97 50 29 42,monétique@monétique.com.bj,,TPE (<10),B2C,CCIB Annuaire,,Actif,2026-06-29T00:22:55.021668,moyenne
BJ-DDB56C3D,Épargne Santé,Finance & Assurance,Kpomassè,+229 33 57 46 60,é.santé@épargnesanté.bj,épargnesanté.bj,PME (50-200),B2C,CCIB Annuaire,,Actif,2026-06-29T00:22:55.021685,haute
BJ-D4023DC9,Cabinet Actions Invest,Finance & Assurance,Tori-Bossito,+229 84 68 27 51,c.actions@outlook.com,cabinetactionsinvest.bj,PME (10-50),B2B,CCIB Annuaire,,Actif,2026-06-29T00:22:55.021706,haute
BJ-5E1AEDB5,National Partners,Finance & Assurance,Tori-Bossito,+229 82 45 51 94,national.partners@nationalpartner.org.bj,nationalpartners.bj,PME (10-50),B2B,CCIB Annuaire,,Actif,2026-06-29T00:22:55.021725,haute
BJ-4C9D50E1,Groupe Retraite SA,Finance & Assurance,Tori-Bossito,+229 27 21 10 43,groupe.retraite@outlook.com,grouperetraitesa.bj,TPE (<10),B2B,CCIB Annuaire,,Actif,2026-06-29T00:22:55.021740,haute
BJ-4889EBE9,Investissement FCP,Finance & Assurance,Tori-Bossito,+229 90 44 93 24,i.fcp@investissementf.com.bj,,PME (50-200),B2C,CCIB Annuaire,,Actif,2026-06-29T00:22:55.021754,moyenne
BJ-7EA1AEAF,Finance SICAV,Finance & Assurance,Tori-Bossito,+229 64 16 59 31,financesicav@yahoo.fr,financesicav.bj,TPE (<10),B2C,CCIB Annuaire,,Actif,2026-06-29T00:22:55.021769,haute
BJ-6A531EBF,Finance Vie Finance,Finance & Assurance,Grand-Popo,+229 90 71 61 50,f.vie@financeviefinan.bj,financeviefinance.bj,PME (10-50),B2B,CCIB Annuaire,,Actif,2026-06-29T00:22:55.021803,haute
BJ-5029719A,Banque Forex International,Finance & Assurance,Grand-Popo,+229 41 67 20 95,banqueforex@yahoo.com,banqueforexinternational.bj,PME (10-50),B2C,CCIB Annuaire,,Actif,2026-06-29T00:22:55.021821,haute
BJ-CFE75725,SICAV,Finance & Assurance,Grand-Popo,+229 81 17 64 26,sicav@sicav.com.bj,sicav.bj,TPE (<10),B2C,CCIB Annuaire,,Actif,2026-06-29T00:22:55.021848,haute
BJ-E2D2648E,Assurance Actions Partners Grand-Popo,Finance & Assurance,Grand-Popo,+229 58 40 20 29,assurance.actions@gmail.com,assuranceactionspartnersgrandpopo.bj,PME (50-200),B2C,CCIB Annuaire,,Actif,2026-06-29T00:22:55.021864,haute
BJ-06E832EF,Prévoyance Capital,Finance & Assurance,Athiémé,+229 41 48 70 80,p.capital@yahoo.com,prévoyancecapital.bj,PME (10-50),B2B,CCIB Annuaire,,Actif,2026-06-29T00:22:55.021888,haute
BJ-A59FBD31,Société Placement,Finance & Assurance,Athiémé,+229 97 21 24 53,société.placement@yahoo.fr,sociétéplacement.bj,PME (10-50),B2C,CCIB Annuaire,,Actif,2026-06-29T00:22:55.021919,haute
BJ-BF1EDBD5,Courtage,Finance & Assurance,Athiémé,+229 57 94 31 73,courtage@courtage.com.bj,courtage.bj,TPE (<10),B2C,CCIB Annuaire,,Actif,2026-06-29T00:22:55.021934,haute
BJ-56E27EFB,Africa Advisory,Finance & Assurance,Athiémé,+229 27 28 28 72,a.advisory@outlook.com,africaadvisory.bj,PME (10-50),B2B,CCIB Annuaire,,Actif,2026-06-29T00:22:55.021949,haute
BJ-B07CD67F,Bourse,Finance & Assurance,Athiémé,+229 87 99 76 10,bourse@yahoo.com,bourse.bj,TPE (<10),B2C,CCIB Annuaire,,Actif,2026-06-29T00:22:55.021965,haute
BJ-C6506506,Finance Crédit,Finance & Assurance,Bopa,+229 79 64 71 90,finance.crédit@financecrédit.org.bj,financecrédit.bj,PME (50-200),B2B,CCIB Annuaire,,Actif,2026-06-29T00:22:55.021994,haute
BJ-A56816C3,Crédit Paiement,Finance & Assurance,Bopa,+229 32 52 99 50,crédit_paiement@créditpaiement.org.bj,créditpaiement.bj,PME (10-50),B2C,CCIB Annuaire,,Actif,2026-06-29T00:22:55.022015,haute
BJ-322DCF22,Assurance Multirisque,Finance & Assurance,Bopa,+229 93 50 17 13,assurancemultirisque@outlook.com,assurancemultirisque.bj,PME (10-50),B2B,CCIB Annuaire,,Actif,2026-06-29T00:22:55.022030,haute
BJ-8AD04828,Crédit Bank,Finance & Assurance,Bopa,+229 44 94 75 51,créditbank@créditbank.org.bj,créditbank.bj,PME (50-200),B2B,CCIB Annuaire,,Actif,2026-06-29T00:22:55.022050,haute
BJ-B2787FC5,Investissement Blockchain Groupe,Finance & Assurance,Bopa,+229 79 49 84 39,i.blockchain@investissementb.bj,,PME (50-200),B2C,CCIB Annuaire,,Actif,2026-06-29T00:22:55.022066,moyenne
BJ-0A69573A,IARD,Finance & Assurance,Houéyogbé,+229 21 44 69 12,iard@iard.com.bj,iard.bj,Grande (>200),B2C,CCIB Annuaire,,Actif,2026-06-29T00:22:55.022087,haute
BJ-90EC5C34,Société Capital Houéyogbé,Finance & Assurance,Houéyogbé,+229 75 34 18 13,sociétécapital@yahoo.com,sociétécapitalhouéyogbé.bj,PME (10-50),B2B,CCIB Annuaire,,Actif,2026-06-29T00:22:55.022104,haute
BJ-9F67E531,Protection SA,Finance & Assurance,Houéyogbé,+229 92 45 10 89,protection@protectionsa.bj,,TPE (<10),B2C,CCIB Annuaire,,Actif,2026-06-29T00:22:55.022118,moyenne
BJ-92455482,Cabinet Blockchain,Finance & Assurance,Houéyogbé,+229 91 82 31 24,cabinet.blockchain@cabinetblockcha.com.bj,cabinetblockchain.bj,TPE (<10),B2C,CCIB Annuaire,,Actif,2026-06-29T00:22:55.022134,haute
BJ-4DF0986B,Bourse Houéyogbé,Finance & Assurance,Houéyogbé,+229 82 61 46 30,,boursehouéyogbé.bj,PME (10-50),B2C,CCIB Annuaire,,Actif,2026-06-29T00:22:55.022146,moyenne
BJ-D51A5491,Micro Bénin,Finance & Assurance,Malanville,+229 61 96 13 23,m.bénin@hotmail.com,microbénin.bj,Grande (>200),B2C,CCIB Annuaire,,Actif,2026-06-29T00:22:55.022169,haute
BJ-58BDF773,Banque Paiement SARL,Finance & Assurance,Malanville,+229 34 68 70 37,banquepaiement@outlook.com,banquepaiementsarl.bj,PME (10-50),B2B,CCIB Annuaire,,Actif,2026-06-29T00:22:55.022184,haute
BJ-2135C589,Capital Trading,Finance & Assurance,Malanville,+229 95 91 95 67,capital_trading@capitaltrading.org.bj,,TPE (<10),B2C,CCIB Annuaire,,Actif,2026-06-29T00:22:55.022202,moyenne
BJ-C2D45DF0,Cabinet Prévoyance,Finance & Assurance,Malanville,+229 38 66 44 92,cabinetprévoyance@cabinetprévoyan.org.bj,cabinetprévoyance.bj,PME (50-200),B2C,CCIB Annuaire,,Actif,2026-06-29T00:22:55.022219,haute
BJ-3170C5DF,IARD Assurances,Finance & Assurance,Malanville,+229 85 70 87 54,iardassurances@yahoo.com,iardassurances.bj,PME (10-50),B2C,CCIB Annuaire,,Actif,2026-06-29T00:22:55.022234,haute
BJ-B16B858B,Micro Sécurité Partners Kandi,Finance & Assurance,Kandi,+229 47 23 72 15,micro.sécurité@hotmail.com,microsécuritépartnerskandi.bj,TPE (<10),B2C,CCIB Annuaire,,Actif,2026-06-29T00:22:55.022258,haute
BJ-B077BA56,Courtage Bank,Finance & Assurance,Kandi,+229 67 80 76 95,c.bank@yahoo.com,courtagebank.bj,PME (50-200),B2B,CCIB Annuaire,,Actif,2026-06-29T00:22:55.022277,haute
BJ-D211B192,Finance Retraite Advisory,Finance & Assurance,Kandi,+229 58 75 10 40,f.retraite@financeretraite.bj,financeretraiteadvisory.bj,Grande (>200),B2C,CCIB Annuaire,,Actif,2026-06-29T00:22:55.022292,haute
BJ-ECDC0844,Broker SA,Finance & Assurance,Kandi,+229 53 30 64 71,broker@gmail.com,,PME (10-50),B2C,CCIB Annuaire,,Actif,2026-06-29T00:22:55.022306,moyenne
BJ-9D6FBD1B,Société FCP Banikoara,Finance & Assurance,Banikoara,+229 24 41 49 40,société.fcp@gmail.com,sociétéfcpbanikoara.bj,PME (50-200),B2C,CCIB Annuaire,,Actif,2026-06-29T00:22:55.022342,haute
BJ-D3B96EE1,Finance Africa Advisory,Finance & Assurance,Banikoara,+229 20 12 35 98,financeafrica@financeafricaad.com.bj,financeafricaadvisory.bj,TPE (<10),B2C,CCIB Annuaire,,Actif,2026-06-29T00:22:55.022376,haute
BJ-161E7531,IARD Assurances,Finance & Assurance,Banikoara,+229 52 34 29 85,iardassurances@outlook.com,iardassurances.bj,TPE (<10),B2C,CCIB Annuaire,,Actif,2026-06-29T00:22:55.022391,haute
BJ-56694310,Cabinet Épargne Assurances,Finance & Assurance,Ségbana,+229 40 76 15 17,cabinet_épargne@yahoo.com,cabinetépargneassurances.bj,PME (10-50),B2B,CCIB Annuaire,,Actif,2026-06-29T00:22:55.022435,haute
BJ-28858A71,Micro Protection,Finance & Assurance,Ségbana,+229 87 92 20 99,m.protection@microprotection.bj,microprotection.bj,TPE (<10),B2C,CCIB Annuaire,,Actif,2026-06-29T00:22:55.022451,haute
BJ-5F5BEAED,Finance FCP Ségbana,Finance & Assurance,Ségbana,+229 46 68 32 92,finance_fcp@financefcpségba.bj,,TPE (<10),B2B,CCIB Annuaire,,Actif,2026-06-29T00:22:55.022467,moyenne
BJ-3D3BFE3F,Finance Transfert,Finance & Assurance,Ségbana,+229 35 11 82 61,finance.transfert@yahoo.com,financetransfert.bj,TPE (<10),B2C,CCIB Annuaire,,Actif,2026-06-29T00:22:55.022482,haute
BJ-613D3795,Société Trading Ségbana,Finance & Assurance,Ségbana,+229 92 92 37 24,s.trading@sociététradings.com.bj,sociététradingségbana.bj,PME (50-200),B2C,CCIB Annuaire,,Actif,2026-06-29T00:22:55.022500,haute
BJ-68639CBF,Capital Prévoyance Capital,Finance & Assurance,Karimama,+229 27 90 76 30,capital.prévoyance@capitalprévoyan.bj,capitalprévoyancecapital.bj,PME (50-200),B2C,CCIB Annuaire,,Actif,2026-06-29T00:22:55.022524,haute
BJ-BC8F4B72,SICAV Finance Karimama,Finance & Assurance,Karimama,+229 52 66 46 99,sicavfinance@sicavfinancekar.com.bj,,TPE (<10),B2B,CCIB Annuaire,,Actif,2026-06-29T00:22:55.022544,moyenne
BJ-B9F149C9,Banque Wealth Partners Karimama,Finance & Assurance,Karimama,+229 85 66 58 29,b.wealth@outlook.com,banquewealthpartnerskarimama.bj,PME (50-200),B2B,CCIB Annuaire,,Actif,2026-06-29T00:22:55.022567,haute
BJ-3C995224,Finance Wealth,Finance & Assurance,Karimama,+229 51 24 88 42,finance.wealth@financewealth.bj,financewealth.bj,TPE (<10),B2C,CCIB Annuaire,,Actif,2026-06-29T00:22:55.022583,haute
BJ-7C050FF7,Fintech,Finance & Assurance,Karimama,+229 40 26 56 74,fintech@fintech.com.bj,fintech.bj,PME (10-50),B2C,CCIB Annuaire,,Actif,2026-06-29T00:22:55.022597,haute
BJ-F376961E,Trading,Finance & Assurance,Gogounou,+229 49 35 40 42,trading@trading.org.bj,trading.bj,PME (50-200),B2B,CCIB Annuaire,,Actif,2026-06-29T00:22:55.022617,haute
BJ-1B3861AB,Blockchain SARL,Finance & Assurance,Gogounou,+229 32 31 77 87,blockchain.sarl@gmail.com,blockchainsarl.bj,PME (10-50),B2C,CCIB Annuaire,,Actif,2026-06-29T00:22:55.022632,haute
BJ-5A0E4000,Multirisque,Finance & Assurance,Gogounou,+229 94 16 97 51,multirisque@yahoo.fr,multirisque.bj,TPE (<10),B2C,CCIB Annuaire,,Actif,2026-06-29T00:22:55.022645,haute
BJ-4CAD70AB,Prévoyance,Finance & Assurance,Gogounou,+229 47 77 50 30,prévoyance@prévoyance.bj,prévoyance.bj,TPE (<10),B2B,CCIB Annuaire,,Actif,2026-06-29T00:22:55.022660,haute
BJ-4B3F76DC,Sécurité Gogounou,Finance & Assurance,Gogounou,+229 70 83 32 35,sécurité.gogounou@hotmail.com,sécuritégogounou.bj,PME (50-200),B2C,CCIB Annuaire,,Actif,2026-06-29T00:22:55.022676,haute
BJ-E61F3C3E,Groupe Trading,Finance & Assurance,Cobly,+229 93 80 55 32,groupe.trading@yahoo.com,groupetrading.bj,TPE (<10),B2B,CCIB Annuaire,,Actif,2026-06-29T00:22:55.022701,haute
BJ-C3FE9E48,Épargne Blockchain,Finance & Assurance,Cobly,+229 42 94 35 74,épargne.blockchain@gmail.com,épargneblockchain.bj,PME (50-200),B2C,CCIB Annuaire,,Actif,2026-06-29T00:22:55.022719,haute
BJ-0F25D13F,Groupe Gestion,Finance & Assurance,Cobly,+229 61 66 84 37,groupegestion@groupegestion.bj,groupegestion.bj,PME (10-50),B2B,CCIB Annuaire,,Actif,2026-06-29T00:22:55.022736,haute
BJ-1222B457,Finance Prévoyance,Finance & Assurance,Cobly,+229 23 77 17 87,financeprévoyance@outlook.com,financeprévoyance.bj,TPE (<10),B2B,CCIB Annuaire,,Actif,2026-06-29T00:22:55.022753,haute
BJ-AF9FF96A,FCP International,Finance & Assurance,Cobly,+229 75 32 78 54,fcp.international@fcpinternationa.com.bj,fcpinternational.bj,PME (50-200),B2C,CCIB Annuaire,,Actif,2026-06-29T00:22:55.022771,haute
BJ-BE703EA3,Société Actions Finance,Finance & Assurance,Tanguiéta,+229 29 74 20 35,sociétéactions@yahoo.com,sociétéactionsfinance.bj,PME (10-50),B2C,CCIB Annuaire,,Actif,2026-06-29T00:22:55.022794,haute
BJ-528F97C5,Capital Monétique,Finance & Assurance,Tanguiéta,+229 54 26 56 45,capital.monétique@outlook.com,capitalmonétique.bj,TPE (<10),B2C,CCIB Annuaire,,Actif,2026-06-29T00:22:55.022811,haute
BJ-7274BF14,Micro Africa,Finance & Assurance,Tanguiéta,+229 35 94 78 71,microafrica@hotmail.com,microafrica.bj,TPE (<10),B2B,CCIB Annuaire,,Actif,2026-06-29T00:22:55.022829,haute
BJ-F76B6268,Micro Vie Invest,Finance & Assurance,Tanguiéta,+229 50 86 34 67,microvie@yahoo.fr,microvieinvest.bj,Grande (>200),B2C,CCIB Annuaire,,Actif,2026-06-29T00:22:55.022844,haute
BJ-4C4BD341,FCP,Finance & Assurance,Tanguiéta,+229 69 64 42 99,fcp@fcp.org.bj,fcp.bj,TPE (<10),B2C,CCIB Annuaire,,Actif,2026-06-29T00:22:55.022858,haute
BJ-C4D1A1EC,Vie Finance,Finance & Assurance,Matéri,+229 94 76 25 80,v.finance@yahoo.com,viefinance.bj,TPE (<10),B2C,CCIB Annuaire,,Actif,2026-06-29T00:22:55.022880,haute
BJ-C7ACA50A,Blockchain,Finance & Assurance,Matéri,+229 95 79 66 25,blockchain@blockchain.com.bj,blockchain.bj,PME (50-200),B2C,CCIB Annuaire,,Actif,2026-06-29T00:22:55.022910,haute
BJ-779B407F,Placement,Finance & Assurance,Matéri,+229 72 73 71 83,placement@placement.com.bj,placement.bj,TPE (<10),B2B,CCIB Annuaire,,Actif,2026-06-29T00:22:55.022943,haute
BJ-922E2A7D,IARD Invest,Finance & Assurance,Matéri,+229 34 82 94 56,iard_invest@yahoo.fr,iardinvest.bj,TPE (<10),B2B,CCIB Annuaire,,Actif,2026-06-29T00:22:55.022975,haute
BJ-67BB6500,Investissement Actions SARL,Finance & Assurance,Matéri,+229 91 60 46 91,,investissementactionssarl.bj,TPE (<10),B2B,CCIB Annuaire,,Actif,2026-06-29T00:22:55.023001,moyenne
BJ-C3782F0A,Actions Groupe,Finance & Assurance,Natitingou,+229 20 11 89 62,actionsgroupe@yahoo.fr,actionsgroupe.bj,TPE (<10),B2B,CCIB Annuaire,,Actif,2026-06-29T00:22:55.023041,haute
BJ-3BAC0365,Banque IARD Bank,Finance & Assurance,Natitingou,+229 58 69 72 65,banque_iard@banqueiardbank.org.bj,banqueiardbank.bj,PME (10-50),B2B,CCIB Annuaire,,Actif,2026-06-29T00:22:55.023073,haute
BJ-586FF26D,Groupe Gestion Advisory Natitingou,Finance & Assurance,Natitingou,+229 71 24 67 52,groupegestion@gmail.com,groupegestionadvisorynatitingou.bj,TPE (<10),B2C,CCIB Annuaire,,Actif,2026-06-29T00:22:55.023107,haute
BJ-8AA57523,Actions SA,Finance & Assurance,Natitingou,+229 65 81 32 20,actions@yahoo.fr,actionssa.bj,TPE (<10),B2B,CCIB Annuaire,,Actif,2026-06-29T00:22:55.023143,haute
BJ-C23C72DA,Protection Assurances,Finance & Assurance,Natitingou,+229 50 83 69 72,p.assurances@hotmail.com,protectionassurances.bj,PME (10-50),B2B,CCIB Annuaire,,Actif,2026-06-29T00:22:55.023185,haute
BJ-E432E68E,Crédit International Toucountouna,Finance & Assurance,Toucountouna,+229 50 16 21 74,crédit.international@créditinternati.org.bj,créditinternationaltoucountouna.bj,TPE (<10),B2B,CCIB Annuaire,,Actif,2026-06-29T00:22:55.023238,haute
BJ-A14D3B46,Assurance Bank,Finance & Assurance,Toucountouna,+229 45 89 14 57,a.bank@yahoo.com,assurancebank.bj,Grande (>200),B2C,CCIB Annuaire,,Actif,2026-06-29T00:22:55.023257,haute
BJ-FDC2AD65,Management Toucountouna,Finance & Assurance,Toucountouna,+229 63 81 89 88,m.toucountouna@managementtouco.com.bj,managementtoucountouna.bj,TPE (<10),B2B,CCIB Annuaire,,Actif,2026-06-29T00:22:55.023280,haute
BJ-58112459,Finance Forex Assurances Toucountouna,Finance & Assurance,Toucountouna,+229 34 60 97 99,finance.forex@financeforexass.bj,financeforexassurancestoucountouna.bj,Grande (>200),B2B,CCIB Annuaire,,Actif,2026-06-29T00:22:55.023297,haute
BJ-54B90BA9,Broker Capital Toucountouna,Finance & Assurance,Toucountouna,+229 56 52 92 10,broker.capital@brokercapitalto.bj,brokercapitaltoucountouna.bj,PME (50-200),B2C,CCIB Annuaire,,Actif,2026-06-29T00:22:55.023314,haute
BJ-98D555D8,Capital Advisory,Finance & Assurance,Boukoumbé,+229 75 71 27 52,c.advisory@hotmail.com,capitaladvisory.bj,PME (10-50),B2B,CCIB Annuaire,,Actif,2026-06-29T00:22:55.023338,haute
BJ-9B85B28A,Finance Obligations International,Finance & Assurance,Boukoumbé,+229 99 76 24 94,f.obligations@financeobligati.bj,financeobligationsinternational.bj,PME (50-200),B2B,CCIB Annuaire,,Actif,2026-06-29T00:22:55.023354,haute
BJ-80A2D254,Société Fintech,Finance & Assurance,Boukoumbé,+229 89 40 58 13,société.fintech@sociétéfintech.com.bj,sociétéfintech.bj,PME (10-50),B2B,CCIB Annuaire,,Actif,2026-06-29T00:22:55.023371,haute
BJ-90A9FA76,Paiement SA,Finance & Assurance,Boukoumbé,+229 27 82 61 56,paiement@yahoo.com,,PME (10-50),B2C,CCIB Annuaire,,Actif,2026-06-29T00:22:55.023389,moyenne
BJ-80544DFF,Gestion Finance,Finance & Assurance,Kouandé,+229 44 50 56 79,g.finance@outlook.com,gestionfinance.bj,PME (50-200),B2C,CCIB Annuaire,,Actif,2026-06-29T00:22:55.023426,haute
BJ-84A651BB,Épargne Forex,Finance & Assurance,Kouandé,+229 25 89 38 57,é.forex@yahoo.fr,,PME (10-50),B2C,CCIB Annuaire,,Actif,2026-06-29T00:22:55.023442,moyenne
BJ-BC257423,Micro Monétique Bank Kouandé,Finance & Assurance,Kouandé,+229 65 55 57 22,micromonétique@micromonétiqueb.bj,micromonétiquebankkouandé.bj,TPE (<10),B2C,CCIB Annuaire,,Actif,2026-06-29T00:22:55.023463,haute
BJ-47325F89,Fintech,Finance & Assurance,Kouandé,+229 82 75 61 11,fintech@hotmail.com,fintech.bj,TPE (<10),B2C,CCIB Annuaire,,Actif,2026-06-29T00:22:55.023481,haute
BJ-F7C74E43,Épargne Africa,Finance & Assurance,Kouandé,+229 60 40 73 34,épargne.africa@épargneafrica.com.bj,épargneafrica.bj,TPE (<10),B2B,CCIB Annuaire,,Actif,2026-06-29T00:22:55.023499,haute
BJ-E089F557,Paiement Péhunco,Finance & Assurance,Péhunco,+229 67 47 33 29,paiementpéhunco@paiementpéhunco.bj,paiementpéhunco.bj,PME (10-50),B2B,CCIB Annuaire,,Actif,2026-06-29T00:22:55.023523,haute
BJ-0A94A1D6,Placement,Finance & Assurance,Péhunco,+229 66 74 89 11,placement@placement.bj,placement.bj,Grande (>200),B2C,CCIB Annuaire,,Actif,2026-06-29T00:22:55.023537,haute
BJ-B7D5A770,Protection,Finance & Assurance,Péhunco,+229 87 32 34 23,protection@gmail.com,protection.bj,TPE (<10),B2B,CCIB Annuaire,,Actif,2026-06-29T00:22:55.023550,haute
BJ-052912AC,Société Épargne Assurances,Finance & Assurance,Péhunco,+229 89 73 91 10,société.épargne@gmail.com,sociétéépargneassurances.bj,PME (10-50),B2B,CCIB Annuaire,,Actif,2026-06-29T00:22:55.023567,haute
BJ-43C81347,Monétique,Finance & Assurance,Péhunco,+229 23 55 99 27,monétique@monétique.org.bj,monétique.bj,TPE (<10),B2B,CCIB Annuaire,,Actif,2026-06-29T00:22:55.023581,haute
BJ-F4A95A44,Bourse,Finance & Assurance,Tchaourou,+229 54 36 10 65,bourse@yahoo.com,bourse.bj,PME (50-200),B2B,CCIB Annuaire,,Actif,2026-06-29T00:22:55.023616,haute
BJ-772E943A,Assurance FCP Assurances,Finance & Assurance,Tchaourou,+229 51 17 41 80,assurance.fcp@assurancefcpass.org.bj,assurancefcpassurances.bj,TPE (<10),B2B,CCIB Annuaire,,Actif,2026-06-29T00:22:55.023649,haute
BJ-36A204FD,Bourse Partners,Finance & Assurance,Tchaourou,+229 41 45 77 54,b.partners@yahoo.fr,boursepartners.bj,PME (10-50),B2C,CCIB Annuaire,,Actif,2026-06-29T00:22:55.023666,haute
BJ-B5E5576A,Capital Trading Assurances,Finance & Assurance,Nikki,+229 75 67 58 16,capitaltrading@yahoo.fr,capitaltradingassurances.bj,PME (50-200),B2C,CCIB Annuaire,,Actif,2026-06-29T00:22:55.023702,haute
BJ-0AC490D6,Société Sécurité Advisory,Finance & Assurance,Nikki,+229 84 95 84 59,sociétésécurité@yahoo.fr,sociétésécuritéadvisory.bj,TPE (<10),B2C,CCIB Annuaire,,Actif,2026-06-29T00:22:55.023719,haute
BJ-13853CFF,Blockchain,Finance & Assurance,Nikki,+229 37 38 43 79,blockchain@yahoo.com,,Grande (>200),B2C,CCIB Annuaire,,Actif,2026-06-29T00:22:55.023731,moyenne
BJ-C04915DF,Assurance Gestion,Finance & Assurance,Nikki,+229 29 92 41 52,assurancegestion@assurancegestio.bj,assurancegestion.bj,TPE (<10),B2C,CCIB Annuaire,,Actif,2026-06-29T00:22:55.023751,haute
BJ-779A9861,Capital,Finance & Assurance,Nikki,+229 24 72 84 17,capital@capital.bj,capital.bj,PME (50-200),B2B,CCIB Annuaire,,Actif,2026-06-29T00:22:55.023764,haute
BJ-2CB93ED1,Transfert,Finance & Assurance,Bembéréké,+229 62 60 99 97,transfert@yahoo.fr,transfert.bj,PME (10-50),B2B,CCIB Annuaire,,Actif,2026-06-29T00:22:55.023796,haute
BJ-ED7810AE,Patrimoine,Finance & Assurance,Bembéréké,+229 64 72 16 88,patrimoine@patrimoine.bj,patrimoine.bj,PME (10-50),B2B,CCIB Annuaire,,Actif,2026-06-29T00:22:55.023812,haute
BJ-0CB757A5,National SARL Bembéréké,Finance & Assurance,Bembéréké,+229 90 82 28 23,n.sarl@nationalsarlbem.com.bj,nationalsarlbembéréké.bj,TPE (<10),B2C,CCIB Annuaire,,Actif,2026-06-29T00:22:55.023830,haute
BJ-A19274B9,Sécurité Partners,Finance & Assurance,Bembéréké,+229 64 40 58 61,s.partners@yahoo.fr,sécuritépartners.bj,Grande (>200),B2B,CCIB Annuaire,,Actif,2026-06-29T00:22:55.023846,haute
BJ-7C88691C,Prévoyance,Finance & Assurance,Kalalé,+229 43 88 11 37,prévoyance@hotmail.com,prévoyance.bj,TPE (<10),B2C,CCIB Annuaire,,Actif,2026-06-29T00:22:55.023872,haute
BJ-63220B34,Micro SICAV,Finance & Assurance,Kalalé,+229 72 59 87 85,microsicav@yahoo.fr,microsicav.bj,PME (10-50),B2C,CCIB Annuaire,,Actif,2026-06-29T00:22:55.023887,haute
BJ-0F4F6C2D,Broker Assurances,Finance & Assurance,Kalalé,+229 28 97 89 38,broker.assurances@outlook.com,brokerassurances.bj,PME (10-50),B2C,CCIB Annuaire,,Actif,2026-06-29T00:22:55.023954,haute
BJ-6C2F0137,Africa Kalalé,Finance & Assurance,Kalalé,+229 35 85 17 17,africa.kalalé@africakalalé.bj,,TPE (<10),B2B,CCIB Annuaire,,Actif,2026-06-29T00:22:55.023989,moyenne
BJ-8FF2FA71,FCP,Finance & Assurance,Kalalé,+229 88 13 68 14,fcp@hotmail.com,fcp.bj,PME (10-50),B2B,CCIB Annuaire,,Actif,2026-06-29T00:22:55.024002,haute
BJ-0CBD7985,Protection International Ndali,Finance & Assurance,Ndali,+229 66 98 21 66,protectioninternational@yahoo.fr,,PME (50-200),B2C,CCIB Annuaire,,Actif,2026-06-29T00:22:55.024023,moyenne
BJ-DC414AAA,Capital Crédit Invest Ndali,Finance & Assurance,Ndali,+229 97 66 67 12,capital.crédit@capitalcréditin.org.bj,capitalcréditinvestndali.bj,PME (10-50),B2B,CCIB Annuaire,,Actif,2026-06-29T00:22:55.024042,haute
BJ-21B360B1,Actions SARL Ndali,Finance & Assurance,Ndali,+229 24 71 74 16,actions.sarl@yahoo.com,actionssarlndali.bj,Grande (>200),B2C,CCIB Annuaire,,Actif,2026-06-29T00:22:55.024063,haute
BJ-478E41D5,Investissement Courtage,Finance & Assurance,Ndali,+229 90 68 17 27,i.courtage@investissementc.com.bj,investissementcourtage.bj,TPE (<10),B2C,CCIB Annuaire,,Actif,2026-06-29T00:22:55.024079,haute
BJ-65AF7CA0,Épargne Management,Finance & Assurance,Ndali,+229 21 19 82 96,épargne.management@hotmail.com,épargnemanagement.bj,PME (10-50),B2C,CCIB Annuaire,,Actif,2026-06-29T00:22:55.024094,haute
BJ-27254C1B,Banque Blockchain International,Finance & Assurance,Ségbana,+229 34 97 44 55,,banqueblockchaininternational.bj,TPE (<10),B2C,CCIB Annuaire,,Actif,2026-06-29T00:22:55.024113,moyenne
BJ-0B840023,Capital Crypto,Finance & Assurance,Ségbana,+229 71 66 91 62,capital.crypto@capitalcrypto.com.bj,capitalcrypto.bj,TPE (<10),B2C,CCIB Annuaire,,Actif,2026-06-29T00:22:55.024128,haute
BJ-9822A2A3,Investissement Assurance,Finance & Assurance,Ségbana,+229 23 46 88 90,i.assurance@investissementa.com.bj,investissementassurance.bj,Grande (>200),B2B,CCIB Annuaire,,Actif,2026-06-29T00:22:55.024144,haute
BJ-68529C48,Cabinet Épargne,Finance & Assurance,Ségbana,+229 90 93 61 69,cabinet_épargne@gmail.com,,TPE (<10),B2B,CCIB Annuaire,,Actif,2026-06-29T00:22:55.024173,moyenne
BJ-9980CBA7,Bourse Invest,Finance & Assurance,Tchaourou,+229 25 30 95 55,bourseinvest@outlook.com,bourseinvest.bj,TPE (<10),B2B,CCIB Annuaire,,Actif,2026-06-29T00:22:55.024194,haute
BJ-DDB4A0B5,Multirisque,Finance & Assurance,Tchaourou,+229 82 39 48 54,multirisque@yahoo.com,multirisque.bj,PME (10-50),B2C,CCIB Annuaire,,Actif,2026-06-29T00:22:55.024206,haute
BJ-F739DFB2,Assurance Actions Groupe Tchaourou,Finance & Assurance,Tchaourou,+229 54 78 80 94,,assuranceactionsgroupetchaourou.bj,PME (10-50),B2B,CCIB Annuaire,,Actif,2026-06-29T00:22:55.024221,moyenne
BJ-5E27A80B,Cabinet Africa Tchaourou,Finance & Assurance,Tchaourou,+229 85 17 39 41,cabinetafrica@yahoo.com,cabinetafricatchaourou.bj,PME (50-200),B2B,CCIB Annuaire,,Actif,2026-06-29T00:22:55.024236,haute
BJ-118FCAE8,Transfert Capital,Finance & Assurance,Tchaourou,+229 49 14 71 19,transfert.capital@transfertcapita.org.bj,transfertcapital.bj,TPE (<10),B2C,CCIB Annuaire,,Actif,2026-06-29T00:22:55.024250,haute
BJ-BE965B37,Crédit SARL,Finance & Assurance,Bétérou,+229 65 76 71 61,crédit.sarl@outlook.com,créditsarl.bj,PME (10-50),B2B,CCIB Annuaire,,Actif,2026-06-29T00:22:55.024276,haute
BJ-345BEC9E,Multirisque,Finance & Assurance,Bétérou,+229 60 59 87 77,multirisque@multirisque.com.bj,multirisque.bj,TPE (<10),B2B,CCIB Annuaire,,Actif,2026-06-29T00:22:55.024290,haute
BJ-F8307E22,Santé Advisory Bétérou,Finance & Assurance,Bétérou,+229 25 40 45 66,santé.advisory@santéadvisorybé.org.bj,santéadvisorybétérou.bj,TPE (<10),B2B,CCIB Annuaire,,Actif,2026-06-29T00:22:55.024307,haute
BJ-B5BA7102,Épargne Finance,Finance & Assurance,Bétérou,+229 55 50 83 32,,épargnefinance.bj,TPE (<10),B2B,CCIB Annuaire,,Actif,2026-06-29T00:22:55.024322,moyenne
BJ-32731ACD,Cabinet Vie,Finance & Assurance,Bétérou,+229 71 21 55 47,cabinetvie@yahoo.fr,cabinetvie.bj,PME (10-50),B2B,CCIB Annuaire,,Actif,2026-06-29T00:22:55.024337,haute
BJ-B2156DFC,Blockchain Bank,Finance & Assurance,Ouessè,+229 55 63 45 16,blockchain.bank@yahoo.com,,TPE (<10),B2C,CCIB Annuaire,,Actif,2026-06-29T00:22:55.024357,moyenne
BJ-56D91312,Bourse Bank,Finance & Assurance,Ouessè,+229 69 61 97 40,bourse.bank@outlook.com,boursebank.bj,PME (10-50),B2B,CCIB Annuaire,,Actif,2026-06-29T00:22:55.024372,haute
BJ-F40756F5,Groupe Wealth,Finance & Assurance,Ouessè,+229 71 13 61 19,groupe.wealth@groupewealth.bj,,TPE (<10),B2B,CCIB Annuaire,,Actif,2026-06-29T00:22:55.024389,moyenne
BJ-B7AADB8A,Crédit Courtage,Finance & Assurance,Ouessè,+229 80 93 67 23,c.courtage@outlook.com,créditcourtage.bj,PME (10-50),B2C,CCIB Annuaire,,Actif,2026-06-29T00:22:55.024405,haute
BJ-BB17FBA4,Finance Devise Ouessè,Finance & Assurance,Ouessè,+229 71 70 36 93,financedevise@financedeviseou.com.bj,,PME (50-200),B2C,CCIB Annuaire,,Actif,2026-06-29T00:22:55.024421,moyenne
BJ-822B314B,Broker Invest,Finance & Assurance,Glazoué,+229 79 17 59 18,b.invest@gmail.com,,TPE (<10),B2C,CCIB Annuaire,,Actif,2026-06-29T00:22:55.024441,moyenne
BJ-577E9B4D,Retraite Finance,Finance & Assurance,Glazoué,+229 73 96 20 31,retraitefinance@retraitefinance.bj,,PME (10-50),B2B,CCIB Annuaire,,Actif,2026-06-29T00:22:55.024456,moyenne
BJ-D43E5617,Vie Partners,Finance & Assurance,Glazoué,+229 94 60 43 35,v.partners@viepartners.com.bj,viepartners.bj,PME (10-50),B2B,CCIB Annuaire,,Actif,2026-06-29T00:22:55.024471,haute
BJ-E69A6AA4,Bourse Bank,Finance & Assurance,Glazoué,+229 64 74 68 87,boursebank@boursebank.bj,boursebank.bj,TPE (<10),B2C,CCIB Annuaire,,Actif,2026-06-29T00:22:55.024485,haute
BJ-DAE2BD46,Groupe SICAV,Finance & Assurance,Glazoué,+229 37 47 18 32,groupesicav@yahoo.com,groupesicav.bj,TPE (<10),B2B,CCIB Annuaire,,Actif,2026-06-29T00:22:55.024499,haute
BJ-70424851,Crédit Prévoyance Groupe,Finance & Assurance,Dassa-Zoumè,+229 62 33 93 87,crédit.prévoyance@créditprévoyanc.org.bj,créditprévoyancegroupe.bj,TPE (<10),B2B,CCIB Annuaire,,Actif,2026-06-29T00:22:55.024522,haute
BJ-05E3C595,Épargne Bénin SA,Finance & Assurance,Dassa-Zoumè,+229 42 84 29 86,é.bénin@outlook.com,épargnebéninsa.bj,TPE (<10),B2C,CCIB Annuaire,,Actif,2026-06-29T00:22:55.024539,haute
BJ-A5C2ACFC,International SARL,Finance & Assurance,Dassa-Zoumè,+229 64 19 59 28,internationalsarl@internationalsa.bj,,PME (10-50),B2C,CCIB Annuaire,,Actif,2026-06-29T00:22:55.024560,moyenne
BJ-2303898A,Courtage Partners,Finance & Assurance,Dassa-Zoumè,+229 56 59 58 97,courtage.partners@outlook.com,courtagepartners.bj,TPE (<10),B2B,CCIB Annuaire,,Actif,2026-06-29T00:22:55.024575,haute
BJ-D9E1822A,Investissement Obligations Finance,Finance & Assurance,Dassa-Zoumè,+229 87 48 12 68,i.obligations@investissemento.com.bj,investissementobligationsfinance.bj,PME (50-200),B2B,CCIB Annuaire,,Actif,2026-06-29T00:22:55.024590,haute
BJ-6A3B4008,Obligations SA,Finance & Assurance,Savalou,+229 70 65 69 29,obligations@yahoo.com,obligationssa.bj,PME (10-50),B2B,CCIB Annuaire,,Actif,2026-06-29T00:22:55.024632,haute
BJ-E13DA132,Investissement Prévoyance Assurances,Finance & Assurance,Savalou,+229 46 11 79 15,i.prévoyance@yahoo.fr,investissementprévoyanceassurances.bj,TPE (<10),B2C,CCIB Annuaire,,Actif,2026-06-29T00:22:55.024690,haute
BJ-30826BEB,Retraite,Finance & Assurance,Savalou,+229 86 34 50 28,retraite@retraite.bj,retraite.bj,TPE (<10),B2B,CCIB Annuaire,,Actif,2026-06-29T00:22:55.024723,haute
BJ-A9905332,Investissement Capital Savalou,Finance & Assurance,Savalou,+229 22 84 77 61,investissementcapital@hotmail.com,,PME (10-50),B2B,CCIB Annuaire,,Actif,2026-06-29T00:22:55.024754,moyenne
BJ-581F2D34,Courtage Bank,Finance & Assurance,Savalou,+229 29 91 88 48,c.bank@courtagebank.org.bj,courtagebank.bj,PME (10-50),B2C,CCIB Annuaire,,Actif,2026-06-29T00:22:55.024788,haute
BJ-61CE6DEC,Bénin Finance,Finance & Assurance,Bantè,+229 56 47 72 48,béninfinance@béninfinance.com.bj,béninfinance.bj,PME (10-50),B2C,CCIB Annuaire,,Actif,2026-06-29T00:22:55.024838,haute
BJ-5E969DAE,Société Crédit,Finance & Assurance,Bantè,+229 69 26 29 96,sociétécrédit@sociétécrédit.bj,sociétécrédit.bj,TPE (<10),B2C,CCIB Annuaire,,Actif,2026-06-29T00:22:55.024899,haute
BJ-3B41BB15,Cabinet Prévoyance,Finance & Assurance,Bantè,+229 64 48 80 55,c.prévoyance@outlook.com,cabinetprévoyance.bj,TPE (<10),B2C,CCIB Annuaire,,Actif,2026-06-29T00:22:55.024926,haute
BJ-B4BE6158,Investissement Broker SA,Finance & Assurance,Bantè,+229 64 50 83 31,i.broker@yahoo.com,investissementbrokersa.bj,TPE (<10),B2C,CCIB Annuaire,,Actif,2026-06-29T00:22:55.024944,haute
BJ-B0D14ABA,Groupe Capital Groupe,Finance & Assurance,Bantè,+229 90 17 67 70,groupe_capital@gmail.com,groupecapitalgroupe.bj,TPE (<10),B2B,CCIB Annuaire,,Actif,2026-06-29T00:22:55.024960,haute
BJ-AF68FC30,Trading,Finance & Assurance,Djougou,+229 88 99 54 89,trading@hotmail.com,trading.bj,TPE (<10),B2B,CCIB Annuaire,,Actif,2026-06-29T00:22:55.024982,haute
BJ-5379D274,Micro Wealth Bank,Finance & Assurance,Djougou,+229 88 37 76 36,m.wealth@outlook.com,microwealthbank.bj,TPE (<10),B2C,CCIB Annuaire,,Actif,2026-06-29T00:22:55.025002,haute
BJ-188F809C,Société Forex,Finance & Assurance,Djougou,+229 91 61 34 43,société.forex@sociétéforex.bj,sociétéforex.bj,TPE (<10),B2B,CCIB Annuaire,,Actif,2026-06-29T00:22:55.025019,haute
BJ-79274FC6,Micro Capital,Finance & Assurance,Djougou,+229 77 41 14 85,micro.capital@microcapital.bj,microcapital.bj,TPE (<10),B2C,CCIB Annuaire,,Actif,2026-06-29T00:22:55.025035,haute
BJ-08EB992E,Blockchain Advisory,Finance & Assurance,Djougou,+229 74 97 58 88,blockchain.advisory@yahoo.com,blockchainadvisory.bj,PME (10-50),B2C,CCIB Annuaire,,Actif,2026-06-29T00:22:55.025050,haute
BJ-FE7616B0,Investissement Paiement,Finance & Assurance,Ouèssè,+229 43 32 97 47,investissementpaiement@gmail.com,,Grande (>200),B2B,CCIB Annuaire,,Actif,2026-06-29T00:22:55.025071,moyenne
BJ-3717D81D,Courtage Ouèssè,Finance & Assurance,Ouèssè,+229 73 70 13 17,c.ouèssè@courtageouèssè.bj,courtageouèssè.bj,TPE (<10),B2C,CCIB Annuaire,,Actif,2026-06-29T00:22:55.025090,haute
BJ-FEB5C6A8,Vie Partners Ouèssè,Finance & Assurance,Ouèssè,+229 34 52 51 46,viepartners@viepartnersouès.bj,viepartnersouèssè.bj,TPE (<10),B2C,CCIB Annuaire,,Actif,2026-06-29T00:22:55.025111,haute
BJ-F1587ABC,SICAV,Finance & Assurance,Ouèssè,+229 98 80 42 70,sicav@outlook.com,,TPE (<10),B2C,CCIB Annuaire,,Actif,2026-06-29T00:22:55.025125,moyenne
BJ-E275E0CE,SICAV Ouèssè,Finance & Assurance,Ouèssè,+229 90 30 99 29,sicavouèssè@hotmail.com,sicavouèssè.bj,TPE (<10),B2B,CCIB Annuaire,,Actif,2026-06-29T00:22:55.025141,haute
BJ-48341060,Forex,Finance & Assurance,Bassila,+229 62 19 22 46,forex@yahoo.fr,forex.bj,TPE (<10),B2C,CCIB Annuaire,,Actif,2026-06-29T00:22:55.025175,haute
BJ-F41DA0AE,Investissement Patrimoine Bassila,Finance & Assurance,Bassila,+229 41 24 13 88,investissement.patrimoine@investissementp.com.bj,investissementpatrimoinebassila.bj,TPE (<10),B2C,CCIB Annuaire,,Actif,2026-06-29T00:22:55.025192,haute
BJ-2DB33D78,Épargne Vie Bassila,Finance & Assurance,Bassila,+229 68 87 83 61,épargnevie@gmail.com,épargneviebassila.bj,PME (10-50),B2C,CCIB Annuaire,,Actif,2026-06-29T00:22:55.025213,haute
BJ-B0162CD9,Investissement IARD,Finance & Assurance,Bassila,+229 21 59 68 82,investissement.iard@hotmail.com,investissementiard.bj,PME (10-50),B2C,CCIB Annuaire,,Actif,2026-06-29T00:22:55.025229,haute
BJ-85825862,Transfert,Finance & Assurance,Pehunco,+229 65 76 85 13,transfert@transfert.com.bj,transfert.bj,TPE (<10),B2B,CCIB Annuaire,,Actif,2026-06-29T00:22:55.025250,haute
BJ-9B8952D7,Finance Prévoyance,Finance & Assurance,Pehunco,+229 89 64 28 46,finance.prévoyance@financeprévoyan.org.bj,financeprévoyance.bj,TPE (<10),B2B,CCIB Annuaire,,Actif,2026-06-29T00:22:55.025281,haute
BJ-8E3852FB,Banque International Groupe,Finance & Assurance,Pehunco,+229 51 72 45 36,banqueinternational@banqueinternati.com.bj,banqueinternationalgroupe.bj,PME (50-200),B2B,CCIB Annuaire,,Actif,2026-06-29T00:22:55.025309,haute
BJ-5E36BAB2,Groupe Protection Assurances,Finance & Assurance,Pehunco,+229 36 18 60 14,g.protection@groupeprotectio.bj,groupeprotectionassurances.bj,TPE (<10),B2B,CCIB Annuaire,,Actif,2026-06-29T00:22:55.025347,haute
BJ-8BA1ACBB,Wealth,Finance & Assurance,Pehunco,+229 37 30 84 40,wealth@yahoo.fr,wealth.bj,PME (50-200),B2B,CCIB Annuaire,,Actif,2026-06-29T00:22:55.025378,haute
BJ-667CE353,West SA,Finance & Assurance,Copargo,+229 33 31 29 36,west@westsa.bj,westsa.bj,TPE (<10),B2C,CCIB Annuaire,,Actif,2026-06-29T00:22:55.025424,haute
BJ-A71500DA,Finance Transfert Finance,Finance & Assurance,Copargo,+229 94 73 23 54,finance.transfert@financetransfer.org.bj,financetransfertfinance.bj,PME (50-200),B2B,CCIB Annuaire,,Actif,2026-06-29T00:22:55.025462,haute
BJ-4D541B12,Monétique Copargo,Finance & Assurance,Copargo,+229 47 91 41 49,monétique.copargo@gmail.com,monétiquecopargo.bj,PME (10-50),B2B,CCIB Annuaire,,Actif,2026-06-29T00:22:55.025498,haute
BJ-70A65581,Investissement Gestion Finance,Finance & Assurance,Copargo,+229 75 63 87 76,investissement.gestion@investissementg.org.bj,investissementgestionfinance.bj,TPE (<10),B2C,CCIB Annuaire,,Actif,2026-06-29T00:22:55.025534,haute
BJ-D71E8B7F,IARD,Finance & Assurance,Copargo,+229 46 10 83 60,iard@iard.org.bj,,TPE (<10),B2C,CCIB Annuaire,,Actif,2026-06-29T00:22:55.025565,moyenne
BJ-E1EF547F,Camion,Transport & Logistique,Cotonou,+229 56 81 84 87,,camion.bj,Grande (>200),B2B,CCIB Annuaire,,Actif,2026-06-29T00:22:55.025617,moyenne
BJ-5DD005F8,Rapide Logistique,Transport & Logistique,Cotonou,+229 22 50 42 60,rapide_logistique@hotmail.com,,PME (10-50),B2C,CCIB Annuaire,,Actif,2026-06-29T00:22:55.025663,moyenne
BJ-7143DD0E,Express Maritime,Transport & Logistique,Cotonou,+229 28 68 78 86,express.maritime@gmail.com,expressmaritime.bj,PME (10-50),B2B,CCIB Annuaire,,Actif,2026-06-29T00:22:55.025709,haute
BJ-8E6404B6,Cargo,Transport & Logistique,Cotonou,+229 91 71 80 67,cargo@yahoo.fr,,PME (10-50),B2C,CCIB Annuaire,,Actif,2026-06-29T00:22:55.025734,moyenne
BJ-8DC00A74,Aérien Cotonou,Transport & Logistique,Cotonou,+229 21 86 90 43,a.cotonou@gmail.com,aériencotonou.bj,PME (10-50),B2B,CCIB Annuaire,,Actif,2026-06-29T00:22:55.025764,haute
BJ-F6664158,Rapide Cargo,Transport & Logistique,Abomey-Calavi,+229 62 97 47 29,rapide.cargo@rapidecargo.com.bj,,PME (10-50),B2B,CCIB Annuaire,,Actif,2026-06-29T00:22:55.025804,moyenne
BJ-AA6F2FDA,SARL Poids Logistique,Transport & Logistique,Abomey-Calavi,+229 56 62 81 72,sarlpoids@sarlpoidslogist.bj,,PME (10-50),B2C,CCIB Annuaire,,Actif,2026-06-29T00:22:55.025830,moyenne
BJ-DB253273,Groupe Véhicule,Transport & Logistique,Abomey-Calavi,+229 80 49 61 68,groupe.véhicule@groupevéhicule.bj,groupevéhicule.bj,TPE (<10),B2C,CCIB Annuaire,,Actif,2026-06-29T00:22:55.025861,haute
BJ-DA3055F0,Chain Freight,Transport & Logistique,Abomey-Calavi,+229 68 38 38 92,chainfreight@chainfreight.bj,,PME (10-50),B2B,CCIB Annuaire,,Actif,2026-06-29T00:22:55.025913,moyenne
BJ-25352A9B,Rapide Froid SARL,Transport & Logistique,Abomey-Calavi,+229 89 49 37 38,,rapidefroidsarl.bj,PME (50-200),B2B,CCIB Annuaire,,Actif,2026-06-29T00:22:55.025934,moyenne
BJ-B70559C4,Particulier,Transport & Logistique,Porto-Novo,+229 29 40 47 97,particulier@yahoo.fr,,PME (50-200),B2B,CCIB Annuaire,,Actif,2026-06-29T00:22:55.025970,moyenne
BJ-9FF48D9C,SARL Poids Porto-Novo,Transport & Logistique,Porto-Novo,+229 83 80 37 23,s.poids@sarlpoidsporton.org.bj,,PME (50-200),B2C,CCIB Annuaire,,Actif,2026-06-29T00:22:55.025997,moyenne
BJ-B7CEF447,Rapide Public Cargo Porto-Novo,Transport & Logistique,Porto-Novo,+229 91 52 43 70,,rapidepubliccargoportonovo.bj,TPE (<10),B2B,CCIB Annuaire,,Actif,2026-06-29T00:22:55.026053,moyenne
BJ-609099F6,Portuaire Porto-Novo,Transport & Logistique,Porto-Novo,+229 98 65 98 33,,portuaireportonovo.bj,TPE (<10),B2C,CCIB Annuaire,,Actif,2026-06-29T00:22:55.026088,moyenne
BJ-796E744B,Logistique Express Shipping,Transport & Logistique,Porto-Novo,+229 59 35 45 62,l.express@logistiqueexpre.org.bj,logistiqueexpressshipping.bj,PME (10-50),B2B,CCIB Annuaire,,Actif,2026-06-29T00:22:55.026123,haute
BJ-A3053345,Rapide Fret,Transport & Logistique,Parakou,+229 99 43 31 22,r.fret@rapidefret.org.bj,rapidefret.bj,TPE (<10),B2B,CCIB Annuaire,,Actif,2026-06-29T00:22:55.026194,haute
BJ-8122F982,Froid Transport,Transport & Logistique,Parakou,+229 58 11 98 92,froidtransport@froidtransport.com.bj,,TPE (<10),B2C,CCIB Annuaire,,Actif,2026-06-29T00:22:55.026231,moyenne
BJ-63E63B4A,Colis,Transport & Logistique,Parakou,+229 28 45 45 12,colis@colis.com.bj,colis.bj,TPE (<10),B2C,CCIB Annuaire,,Actif,2026-06-29T00:22:55.026256,haute
BJ-D2EAEFFF,Cargo Poids Express Bohicon,Transport & Logistique,Bohicon,+229 24 18 76 48,cargo_poids@cargopoidsexpre.bj,cargopoidsexpressbohicon.bj,TPE (<10),B2B,CCIB Annuaire,,Actif,2026-06-29T00:22:55.026341,haute
BJ-81425EB3,Transport Chambre,Transport & Logistique,Bohicon,+229 46 86 92 77,,transportchambre.bj,TPE (<10),B2B,CCIB Annuaire,,Actif,2026-06-29T00:22:55.026369,moyenne
BJ-0F8EEC17,Bus Bohicon,Transport & Logistique,Bohicon,+229 52 83 76 95,b.bohicon@outlook.com,,PME (50-200),B2C,CCIB Annuaire,,Actif,2026-06-29T00:22:55.026426,moyenne
BJ-983A0EAC,Entrepôt Express,Transport & Logistique,Bohicon,+229 74 47 26 36,e.express@entrepôtexpress.com.bj,entrepôtexpress.bj,TPE (<10),B2B,CCIB Annuaire,,Actif,2026-06-29T00:22:55.026477,haute
BJ-EBE2D2E7,Bus Cargo Bohicon,Transport & Logistique,Bohicon,+229 77 48 29 53,buscargo@hotmail.com,buscargobohicon.bj,PME (50-200),B2C,CCIB Annuaire,,Actif,2026-06-29T00:22:55.026513,haute
BJ-FFF42704,Véhicule,Transport & Logistique,Natitingou,+229 70 90 15 41,véhicule@véhicule.bj,véhicule.bj,Grande (>200),B2C,CCIB Annuaire,,Actif,2026-06-29T00:22:55.026574,haute
BJ-EBB0E040,Courtage Cargo,Transport & Logistique,Natitingou,+229 32 62 64 64,,courtagecargo.bj,PME (10-50),B2C,CCIB Annuaire,,Actif,2026-06-29T00:22:55.026609,moyenne
BJ-A64A8598,Poids Transport Natitingou,Transport & Logistique,Natitingou,+229 99 16 81 58,,poidstransportnatitingou.bj,Grande (>200),B2C,CCIB Annuaire,,Actif,2026-06-29T00:22:55.026648,moyenne
BJ-FE26B8C5,Livraison Transport,Transport & Logistique,Natitingou,+229 45 52 87 38,livraison.transport@yahoo.com,livraisontransport.bj,Grande (>200),B2C,CCIB Annuaire,,Actif,2026-06-29T00:22:55.026680,haute
BJ-D70305AD,Cargo Express Natitingou,Transport & Logistique,Natitingou,+229 98 30 54 72,,cargoexpressnatitingou.bj,TPE (<10),B2B,CCIB Annuaire,,Actif,2026-06-29T00:22:55.026695,moyenne
BJ-CFC5B59C,Douane,Transport & Logistique,Lokossa,+229 87 19 76 22,douane@yahoo.com,douane.bj,Grande (>200),B2B,CCIB Annuaire,,Actif,2026-06-29T00:22:55.026721,haute
BJ-17AE0A9E,Courtage Delivery,Transport & Logistique,Lokossa,+229 99 50 47 55,,courtagedelivery.bj,Grande (>200),B2B,CCIB Annuaire,,Actif,2026-06-29T00:22:55.026733,moyenne
BJ-8E87C40F,Portuaire,Transport & Logistique,Lokossa,+229 97 36 93 89,portuaire@gmail.com,portuaire.bj,PME (50-200),B2C,CCIB Annuaire,,Actif,2026-06-29T00:22:55.026754,haute
BJ-19C4458A,Envoi,Transport & Logistique,Lokossa,+229 31 17 24 55,,,PME (10-50),B2C,CCIB Annuaire,,Actif,2026-06-29T00:22:55.026767,basse
BJ-2A0C031E,Véhicule International,Transport & Logistique,Lokossa,+229 41 69 93 85,véhiculeinternational@véhiculeinterna.bj,véhiculeinternational.bj,PME (50-200),B2B,CCIB Annuaire,,Actif,2026-06-29T00:22:55.026796,haute
BJ-7FF43658,Supply Cargo Ouidah,Transport & Logistique,Ouidah,+229 84 95 62 86,supplycargo@gmail.com,supplycargoouidah.bj,PME (10-50),B2B,CCIB Annuaire,,Actif,2026-06-29T00:22:55.026842,haute
BJ-F8AE847E,Rapide Distribution Ouidah,Transport & Logistique,Ouidah,+229 88 11 73 83,rapide.distribution@rapidedistribut.com.bj,rapidedistributionouidah.bj,TPE (<10),B2C,CCIB Annuaire,,Actif,2026-06-29T00:22:55.026879,haute
BJ-FF313FB1,Entrepôt Logistique Ouidah,Transport & Logistique,Ouidah,+229 69 22 47 13,entrepôtlogistique@entrepôtlogisti.com.bj,entrepôtlogistiqueouidah.bj,PME (50-200),B2B,CCIB Annuaire,,Actif,2026-06-29T00:22:55.026933,haute
BJ-AE23EEAA,Express Route,Transport & Logistique,Ouidah,+229 66 19 95 76,e.route@expressroute.com.bj,expressroute.bj,PME (50-200),B2C,CCIB Annuaire,,Actif,2026-06-29T00:22:55.026967,haute
BJ-F02992EF,Express Messagerie Freight,Transport & Logistique,Ouidah,+229 43 83 40 65,express.messagerie@gmail.com,expressmessageriefreight.bj,PME (10-50),B2C,CCIB Annuaire,,Actif,2026-06-29T00:22:55.026996,haute
BJ-1B9149C5,SARL Supply Freight,Transport & Logistique,Savalou,+229 23 20 88 42,s.supply@outlook.com,sarlsupplyfreight.bj,PME (10-50),B2B,CCIB Annuaire,,Actif,2026-06-29T00:22:55.027049,haute
BJ-D39B17C5,Froid International Savalou,Transport & Logistique,Savalou,+229 47 55 20 79,froid.international@outlook.com,froidinternationalsavalou.bj,PME (10-50),B2B,CCIB Annuaire,,Actif,2026-06-29T00:22:55.027084,haute
BJ-E74FF708,Conteneur,Transport & Logistique,Savalou,+229 93 69 29 24,,conteneur.bj,TPE (<10),B2C,CCIB Annuaire,,Actif,2026-06-29T00:22:55.027115,moyenne
BJ-801DE51A,Logistique Transit Freight,Transport & Logistique,Savalou,+229 86 35 30 12,,,TPE (<10),B2C,CCIB Annuaire,,Actif,2026-06-29T00:22:55.027142,basse
BJ-B7348E68,Express Transitaire Logistique,Transport & Logistique,Savalou,+229 22 47 81 13,expresstransitaire@hotmail.com,,TPE (<10),B2C,CCIB Annuaire,,Actif,2026-06-29T00:22:55.027170,moyenne
BJ-602BE0BA,Transit Déménagement SARL,Transport & Logistique,Dassa-Zoumè,+229 62 55 78 46,transitdéménagement@transitdéménage.org.bj,transitdéménagementsarl.bj,PME (10-50),B2B,CCIB Annuaire,,Actif,2026-06-29T00:22:55.027218,haute
BJ-EBCFF6A1,Conteneur Delivery,Transport & Logistique,Dassa-Zoumè,+229 45 29 65 12,conteneur.delivery@outlook.com,,PME (50-200),B2C,CCIB Annuaire,,Actif,2026-06-29T00:22:55.027251,moyenne
BJ-CB0FEF45,Aérien Bénin,Transport & Logistique,Dassa-Zoumè,+229 21 99 73 86,aérien.bénin@outlook.com,,TPE (<10),B2C,CCIB Annuaire,,Actif,2026-06-29T00:22:55.027290,moyenne
BJ-6D8656D7,Rapide Chaîne SARL,Transport & Logistique,Dassa-Zoumè,+229 23 31 67 59,rapidechaîne@hotmail.com,rapidechaînesarl.bj,PME (10-50),B2C,CCIB Annuaire,,Actif,2026-06-29T00:22:55.027325,haute
BJ-EAE7E065,Rapide Rapide,Transport & Logistique,Dassa-Zoumè,+229 28 62 73 73,r.rapide@rapiderapide.com.bj,rapiderapide.bj,PME (10-50),B2B,CCIB Annuaire,,Actif,2026-06-29T00:22:55.027357,haute
BJ-EA00A568,Transport Poids Delivery Kétou,Transport & Logistique,Kétou,+229 71 78 99 38,,transportpoidsdeliverykétou.bj,Grande (>200),B2C,CCIB Annuaire,,Actif,2026-06-29T00:22:55.027395,moyenne
BJ-89B99B90,Transitaire,Transport & Logistique,Kétou,+229 52 86 27 42,transitaire@yahoo.com,transitaire.bj,TPE (<10),B2C,CCIB Annuaire,,Actif,2026-06-29T00:22:55.027426,haute
BJ-86C52192,Logistique Poids Logistique,Transport & Logistique,Kétou,+229 98 11 24 30,l.poids@logistiquepoids.org.bj,logistiquepoidslogistique.bj,PME (10-50),B2C,CCIB Annuaire,,Actif,2026-06-29T00:22:55.027467,haute
BJ-10FE8527,Conteneur,Transport & Logistique,Kétou,+229 49 85 69 34,conteneur@yahoo.com,,TPE (<10),B2B,CCIB Annuaire,,Actif,2026-06-29T00:22:55.027515,moyenne
BJ-2B6BEC84,Rapide Messagerie,Transport & Logistique,Kétou,+229 40 96 31 44,rapide.messagerie@rapidemessageri.com.bj,,TPE (<10),B2B,CCIB Annuaire,,Actif,2026-06-29T00:22:55.027551,moyenne
BJ-E73A3676,Chambre,Transport & Logistique,Covè,+229 97 96 14 21,chambre@hotmail.com,chambre.bj,TPE (<10),B2B,CCIB Annuaire,,Actif,2026-06-29T00:22:55.027591,haute
BJ-6EF8A01F,Stockage Delivery Covè,Transport & Logistique,Covè,+229 40 45 62 60,s.delivery@outlook.com,stockagedeliverycovè.bj,TPE (<10),B2B,CCIB Annuaire,,Actif,2026-06-29T00:22:55.027626,haute
BJ-A674AAB6,Messagerie Douane,Transport & Logistique,Covè,+229 65 83 10 55,messageriedouane@outlook.com,messageriedouane.bj,PME (10-50),B2C,CCIB Annuaire,,Actif,2026-06-29T00:22:55.027658,haute
BJ-19898429,Douane Covè,Transport & Logistique,Covè,+229 69 14 87 27,d.covè@douanecovè.com.bj,douanecovè.bj,TPE (<10),B2C,CCIB Annuaire,,Actif,2026-06-29T00:22:55.027697,haute
BJ-9F53A3C9,Messagerie Conteneur,Transport & Logistique,Covè,+229 78 71 73 41,messagerie.conteneur@messagerieconte.bj,messagerieconteneur.bj,TPE (<10),B2B,CCIB Annuaire,,Actif,2026-06-29T00:22:55.027731,haute
BJ-D4C90287,Public Pobè,Transport & Logistique,Pobè,+229 71 22 37 16,public.pobè@yahoo.com,publicpobè.bj,PME (50-200),B2C,CCIB Annuaire,,Actif,2026-06-29T00:22:55.027775,haute
BJ-9DBE3C64,Groupe Paquet Express,Transport & Logistique,Pobè,+229 89 70 10 27,groupepaquet@groupepaquetexp.org.bj,groupepaquetexpress.bj,PME (50-200),B2C,CCIB Annuaire,,Actif,2026-06-29T00:22:55.027808,haute
BJ-5E60EA2C,Delivery Affrètement Logistique,Transport & Logistique,Pobè,+229 50 79 28 73,deliveryaffrètement@deliveryaffrète.com.bj,deliveryaffrètementlogistique.bj,PME (10-50),B2B,CCIB Annuaire,,Actif,2026-06-29T00:22:55.027848,haute
BJ-9153322B,Fret Maritime Bénin,Transport & Logistique,Pobè,+229 64 79 14 64,fretmaritime@yahoo.fr,fretmaritimebénin.bj,PME (10-50),B2C,CCIB Annuaire,,Actif,2026-06-29T00:22:55.027883,haute
BJ-3952600B,SARL Envoi Africa,Transport & Logistique,Pobè,+229 95 26 62 79,sarl.envoi@outlook.com,sarlenvoiafrica.bj,PME (10-50),B2B,CCIB Annuaire,,Actif,2026-06-29T00:22:55.027930,haute
BJ-D89FCB39,Navire Cargo,Transport & Logistique,Sakété,+229 58 35 49 38,navire.cargo@navirecargo.bj,navirecargo.bj,PME (50-200),B2B,CCIB Annuaire,,Actif,2026-06-29T00:22:55.027963,haute
BJ-F43B04FB,Groupe Utilitaire Logistique,Transport & Logistique,Sakété,+229 20 58 60 69,groupe.utilitaire@groupeutilitair.org.bj,groupeutilitairelogistique.bj,PME (50-200),B2B,CCIB Annuaire,,Actif,2026-06-29T00:22:55.028000,haute
BJ-9A3CDF7C,Transit,Transport & Logistique,Sakété,+229 43 88 57 59,transit@transit.org.bj,transit.bj,TPE (<10),B2C,CCIB Annuaire,,Actif,2026-06-29T00:22:55.028013,haute
BJ-E12DDF62,Delivery Messagerie Africa,Transport & Logistique,Sakété,+229 30 33 92 13,d.messagerie@hotmail.com,deliverymessagerieafrica.bj,TPE (<10),B2C,CCIB Annuaire,,Actif,2026-06-29T00:22:55.028029,haute
BJ-2C3BB369,Transport Delivery,Transport & Logistique,Adjara,+229 72 99 62 11,t.delivery@yahoo.fr,,PME (10-50),B2B,CCIB Annuaire,,Actif,2026-06-29T00:22:55.028052,moyenne
BJ-F5E8B00D,Cargo SARL Adjara,Transport & Logistique,Adjara,+229 50 53 44 97,cargosarl@yahoo.com,cargosarladjara.bj,PME (10-50),B2C,CCIB Annuaire,,Actif,2026-06-29T00:22:55.028068,haute
BJ-59AD5E94,Conteneur,Transport & Logistique,Adjara,+229 97 37 37 34,,,PME (10-50),B2C,CCIB Annuaire,,Actif,2026-06-29T00:22:55.028083,basse
BJ-2F345A26,Logistique Distribution,Transport & Logistique,Adjara,+229 53 69 80 45,logistiquedistribution@yahoo.com,logistiquedistribution.bj,TPE (<10),B2C,CCIB Annuaire,,Actif,2026-06-29T00:22:55.028100,haute
BJ-4AF421AA,Logistique Déménagement Bénin,Transport & Logistique,Adjara,+229 31 73 74 75,logistiquedéménagement@outlook.com,logistiquedéménagementbénin.bj,TPE (<10),B2B,CCIB Annuaire,,Actif,2026-06-29T00:22:55.028118,haute
BJ-55EE70FA,Poids Cargo,Transport & Logistique,Allada,+229 79 29 54 15,poids.cargo@outlook.com,poidscargo.bj,TPE (<10),B2B,CCIB Annuaire,,Actif,2026-06-29T00:22:55.028141,haute
BJ-1E136034,Cargo Public Africa,Transport & Logistique,Allada,+229 63 10 40 15,cargo.public@yahoo.fr,cargopublicafrica.bj,Grande (>200),B2B,CCIB Annuaire,,Actif,2026-06-29T00:22:55.028158,haute
BJ-5186B54A,Livraison Freight,Transport & Logistique,Allada,+229 47 94 51 12,livraison_freight@livraisonfreigh.org.bj,,TPE (<10),B2C,CCIB Annuaire,,Actif,2026-06-29T00:22:55.028173,moyenne
BJ-6578BDA1,Car Delivery,Transport & Logistique,Allada,+229 21 46 86 17,car.delivery@gmail.com,,PME (10-50),B2C,CCIB Annuaire,,Actif,2026-06-29T00:22:55.028188,moyenne
BJ-2FB4DF3B,VTC,Transport & Logistique,Allada,+229 83 89 87 59,vtc@outlook.com,,PME (50-200),B2B,CCIB Annuaire,,Actif,2026-06-29T00:22:55.028201,moyenne
BJ-3D5A5C4E,Groupe Aérien International,Transport & Logistique,Aplahoué,+229 97 15 98 43,,,Grande (>200),B2C,CCIB Annuaire,,Actif,2026-06-29T00:22:55.028219,basse
BJ-963CFF02,Fret Transitaire International Aplahoué,Transport & Logistique,Aplahoué,+229 40 14 51 31,,frettransitaireinternationalaplahoué.bj,PME (50-200),B2B,CCIB Annuaire,,Actif,2026-06-29T00:22:55.028233,moyenne
BJ-302B83FE,Fret Portuaire Freight,Transport & Logistique,Aplahoué,+229 65 35 99 92,fret.portuaire@gmail.com,fretportuairefreight.bj,TPE (<10),B2B,CCIB Annuaire,,Actif,2026-06-29T00:22:55.028269,haute
BJ-3179974D,Messagerie Chambre,Transport & Logistique,Aplahoué,+229 98 60 91 62,messageriechambre@messageriechamb.com.bj,,PME (10-50),B2B,CCIB Annuaire,,Actif,2026-06-29T00:22:55.028284,moyenne
BJ-D27F8566,Douane Dogbo-Tota,Transport & Logistique,Dogbo-Tota,+229 37 96 79 21,douane_dogbo@douanedogbotota.org.bj,douanedogbotota.bj,TPE (<10),B2C,CCIB Annuaire,,Actif,2026-06-29T00:22:55.028307,haute
BJ-2AB8A5C3,Transport Fret,Transport & Logistique,Dogbo-Tota,+229 21 11 28 94,,transportfret.bj,TPE (<10),B2B,CCIB Annuaire,,Actif,2026-06-29T00:22:55.028319,moyenne
BJ-236A8D83,SARL Bateau,Transport & Logistique,Dogbo-Tota,+229 60 35 24 74,sarlbateau@sarlbateau.com.bj,sarlbateau.bj,TPE (<10),B2C,CCIB Annuaire,,Actif,2026-06-29T00:22:55.028335,haute
BJ-BF12C222,Chambre Express,Transport & Logistique,Dogbo-Tota,+229 57 64 29 72,chambre.express@yahoo.com,,PME (10-50),B2B,CCIB Annuaire,,Actif,2026-06-29T00:22:55.028367,moyenne
BJ-11A3CB7E,Express Fret Delivery,Transport & Logistique,Kpomassè,+229 49 80 96 15,e.fret@expressfretdeli.bj,,PME (10-50),B2C,CCIB Annuaire,,Actif,2026-06-29T00:22:55.028390,moyenne
BJ-9CCC3CD6,Transit Douane,Transport & Logistique,Kpomassè,+229 61 56 19 96,transit_douane@transitdouane.org.bj,,PME (10-50),B2C,CCIB Annuaire,,Actif,2026-06-29T00:22:55.028406,moyenne
BJ-08EF7C46,VTC Transport,Transport & Logistique,Kpomassè,+229 72 66 97 38,v.transport@vtctransport.bj,vtctransport.bj,PME (10-50),B2B,CCIB Annuaire,,Actif,2026-06-29T00:22:55.028425,haute
BJ-17BBE11D,Transit Route,Transport & Logistique,Kpomassè,+229 62 29 40 96,transitroute@yahoo.fr,,TPE (<10),B2C,CCIB Annuaire,,Actif,2026-06-29T00:22:55.028440,moyenne
BJ-BA70FA62,Groupe Douane Kpomassè,Transport & Logistique,Kpomassè,+229 89 57 11 25,g.douane@groupedouanekpo.org.bj,groupedouanekpomassè.bj,TPE (<10),B2B,CCIB Annuaire,,Actif,2026-06-29T00:22:55.028458,haute
BJ-005CC98D,Navire,Transport & Logistique,Tori-Bossito,+229 42 81 60 51,,navire.bj,PME (50-200),B2C,CCIB Annuaire,,Actif,2026-06-29T00:22:55.028476,moyenne
BJ-BDA75348,SARL Entrepôt,Transport & Logistique,Tori-Bossito,+229 34 83 49 89,sarlentrepôt@sarlentrepôt.com.bj,sarlentrepôt.bj,TPE (<10),B2C,CCIB Annuaire,,Actif,2026-06-29T00:22:55.028494,haute
BJ-C7B19CE1,Cargo Entrepôt SARL,Transport & Logistique,Tori-Bossito,+229 63 66 41 82,c.entrepôt@cargoentrepôtsa.bj,cargoentrepôtsarl.bj,TPE (<10),B2B,CCIB Annuaire,,Actif,2026-06-29T00:22:55.028514,haute
BJ-16F86049,Chain,Transport & Logistique,Tori-Bossito,+229 38 57 81 57,chain@chain.org.bj,chain.bj,Grande (>200),B2B,CCIB Annuaire,,Actif,2026-06-29T00:22:55.028530,haute
BJ-A04F6ED4,Delivery Route Tori-Bossito,Transport & Logistique,Tori-Bossito,+229 73 70 78 85,,,TPE (<10),B2B,CCIB Annuaire,,Actif,2026-06-29T00:22:55.028541,basse
BJ-6B5F4B55,Poids Shipping,Transport & Logistique,Grand-Popo,+229 69 66 76 39,,,PME (10-50),B2C,CCIB Annuaire,,Actif,2026-06-29T00:22:55.028559,basse
BJ-6361D42D,Express Chaîne Delivery,Transport & Logistique,Grand-Popo,+229 61 80 87 96,,expresschaînedelivery.bj,PME (50-200),B2B,CCIB Annuaire,,Actif,2026-06-29T00:22:55.028571,moyenne
BJ-2457DDA8,Taxi Transport Grand-Popo,Transport & Logistique,Grand-Popo,+229 93 94 46 22,t.transport@hotmail.com,taxitransportgrandpopo.bj,PME (10-50),B2C,CCIB Annuaire,,Actif,2026-06-29T00:22:55.028592,haute
BJ-94F00902,Messagerie Chain,Transport & Logistique,Grand-Popo,+229 89 45 60 84,,messageriechain.bj,PME (10-50),B2C,CCIB Annuaire,,Actif,2026-06-29T00:22:55.028604,moyenne
BJ-1BFDB0DF,SARL Supply Shipping,Transport & Logistique,Grand-Popo,+229 22 25 72 69,,sarlsupplyshipping.bj,TPE (<10),B2C,CCIB Annuaire,,Actif,2026-06-29T00:22:55.028615,moyenne
BJ-508265FA,Rapide Logistique,Transport & Logistique,Athiémé,+229 72 56 31 42,r.logistique@rapidelogistiqu.org.bj,,PME (50-200),B2B,CCIB Annuaire,,Actif,2026-06-29T00:22:55.028638,moyenne
BJ-C3C44E12,SARL Paquet,Transport & Logistique,Athiémé,+229 82 36 52 68,,sarlpaquet.bj,Grande (>200),B2C,CCIB Annuaire,,Actif,2026-06-29T00:22:55.028650,moyenne
BJ-5976A6EA,Groupe VTC,Transport & Logistique,Athiémé,+229 96 61 56 16,groupevtc@groupevtc.bj,,TPE (<10),B2C,CCIB Annuaire,,Actif,2026-06-29T00:22:55.028665,moyenne
BJ-69E8B938,Transit Distribution Shipping,Transport & Logistique,Athiémé,+229 95 19 24 29,transitdistribution@transitdistribu.org.bj,transitdistributionshipping.bj,PME (10-50),B2B,CCIB Annuaire,,Actif,2026-06-29T00:22:55.028683,haute
BJ-2E1DF7F5,Messagerie Courrier Bénin,Transport & Logistique,Athiémé,+229 50 16 68 10,,,Grande (>200),B2B,CCIB Annuaire,,Actif,2026-06-29T00:22:55.028694,basse
BJ-D9AE8300,Logistique Rapide,Transport & Logistique,Bopa,+229 68 26 75 54,logistiquerapide@logistiquerapid.com.bj,logistiquerapide.bj,PME (10-50),B2C,CCIB Annuaire,,Actif,2026-06-29T00:22:55.028721,haute
BJ-29B4E8BA,Lourd,Transport & Logistique,Bopa,+229 47 24 17 29,lourd@lourd.bj,lourd.bj,PME (50-200),B2C,CCIB Annuaire,,Actif,2026-06-29T00:22:55.028736,haute
BJ-730C319F,Affrètement Africa,Transport & Logistique,Bopa,+229 75 50 21 70,affrètement.africa@affrètementafri.org.bj,affrètementafrica.bj,PME (50-200),B2B,CCIB Annuaire,,Actif,2026-06-29T00:22:55.028760,haute
BJ-FC9A88F9,Froid Bopa,Transport & Logistique,Bopa,+229 34 43 37 63,froid.bopa@froidbopa.org.bj,,TPE (<10),B2C,CCIB Annuaire,,Actif,2026-06-29T00:22:55.028778,moyenne
BJ-9B607902,Bateau Express,Transport & Logistique,Bopa,+229 65 23 17 56,bateau.express@bateauexpress.bj,bateauexpress.bj,PME (50-200),B2C,CCIB Annuaire,,Actif,2026-06-29T00:22:55.028793,haute
BJ-67D2AD2F,Delivery Lourd Bénin Houéyogbé,Transport & Logistique,Houéyogbé,+229 28 17 17 18,,deliverylourdbéninhouéyogbé.bj,TPE (<10),B2C,CCIB Annuaire,,Actif,2026-06-29T00:22:55.028817,moyenne
BJ-A7F92A8C,Fret VTC Express,Transport & Logistique,Houéyogbé,+229 23 64 14 16,,fretvtcexpress.bj,Grande (>200),B2C,CCIB Annuaire,,Actif,2026-06-29T00:22:55.028848,moyenne
BJ-6C320C22,Transit Car,Transport & Logistique,Houéyogbé,+229 53 53 64 32,t.car@transitcar.bj,,Grande (>200),B2B,CCIB Annuaire,,Actif,2026-06-29T00:22:55.028863,moyenne
BJ-84D23B3E,Navire Logistique,Transport & Logistique,Houéyogbé,+229 68 52 20 85,,,TPE (<10),B2B,CCIB Annuaire,,Actif,2026-06-29T00:22:55.028875,basse
BJ-92D556DD,SARL Envoi SARL,Transport & Logistique,Malanville,+229 60 18 94 26,sarl.envoi@sarlenvoisarl.bj,sarlenvoisarl.bj,PME (50-200),B2B,CCIB Annuaire,,Actif,2026-06-29T00:22:55.028924,haute
BJ-945C75D9,Messagerie Taxi Malanville,Transport & Logistique,Malanville,+229 39 15 92 12,messagerie.taxi@messagerietaxim.org.bj,messagerietaximalanville.bj,PME (50-200),B2C,CCIB Annuaire,,Actif,2026-06-29T00:22:55.028960,haute
BJ-B5A23CEE,Conteneur Express,Transport & Logistique,Malanville,+229 75 61 30 41,conteneurexpress@yahoo.fr,,PME (10-50),B2C,CCIB Annuaire,,Actif,2026-06-29T00:22:55.029004,moyenne
BJ-1D600A00,Transport Bateau Bénin,Transport & Logistique,Malanville,+229 62 24 90 65,transportbateau@gmail.com,,TPE (<10),B2B,CCIB Annuaire,,Actif,2026-06-29T00:22:55.029046,moyenne
BJ-B0DB8532,Chaîne Transport,Transport & Logistique,Malanville,+229 68 87 35 39,,chaînetransport.bj,Grande (>200),B2B,CCIB Annuaire,,Actif,2026-06-29T00:22:55.029069,moyenne
BJ-73EC7E65,Cargo Affrètement Delivery,Transport & Logistique,Kandi,+229 97 43 66 38,c.affrètement@gmail.com,cargoaffrètementdelivery.bj,PME (10-50),B2B,CCIB Annuaire,,Actif,2026-06-29T00:22:55.029122,haute
BJ-11020F49,Fret Supply Logistique,Transport & Logistique,Kandi,+229 69 99 14 46,fret_supply@fretsupplylogis.com.bj,fretsupplylogistique.bj,TPE (<10),B2C,CCIB Annuaire,,Actif,2026-06-29T00:22:55.029174,haute
BJ-4B598F71,Cargo Stockage,Transport & Logistique,Kandi,+229 43 26 35 70,,cargostockage.bj,PME (10-50),B2B,CCIB Annuaire,,Actif,2026-06-29T00:22:55.029201,moyenne
BJ-A2EFCFF2,Chaîne Kandi,Transport & Logistique,Kandi,+229 56 16 58 94,,chaînekandi.bj,Grande (>200),B2B,CCIB Annuaire,,Actif,2026-06-29T00:22:55.029237,moyenne
BJ-23086248,Rapide Delivery Banikoara,Transport & Logistique,Banikoara,+229 99 84 50 34,,,PME (50-200),B2C,CCIB Annuaire,,Actif,2026-06-29T00:22:55.029367,basse
BJ-E9A6D71B,Affrètement Bénin,Transport & Logistique,Banikoara,+229 25 35 52 42,affrètementbénin@yahoo.fr,affrètementbénin.bj,TPE (<10),B2B,CCIB Annuaire,,Actif,2026-06-29T00:22:55.029405,haute
BJ-52833E3B,Public Africa,Transport & Logistique,Banikoara,+229 33 26 61 72,,publicafrica.bj,PME (10-50),B2B,CCIB Annuaire,,Actif,2026-06-29T00:22:55.029447,moyenne
BJ-95256252,Rapide Entrepôt Freight,Transport & Logistique,Banikoara,+229 92 58 82 73,rapide.entrepôt@yahoo.fr,,PME (10-50),B2B,CCIB Annuaire,,Actif,2026-06-29T00:22:55.029492,moyenne
BJ-AD6455E6,Delivery Paquet,Transport & Logistique,Banikoara,+229 77 63 28 40,delivery.paquet@yahoo.fr,deliverypaquet.bj,PME (10-50),B2C,CCIB Annuaire,,Actif,2026-06-29T00:22:55.029524,haute
BJ-726706BC,Transitaire Shipping,Transport & Logistique,Ségbana,+229 60 42 48 83,transitaireshipping@transitaireship.bj,transitaireshipping.bj,PME (10-50),B2C,CCIB Annuaire,,Actif,2026-06-29T00:22:55.029567,haute
BJ-99207117,Conteneur Transport,Transport & Logistique,Ségbana,+229 54 54 11 66,conteneurtransport@conteneurtransp.org.bj,,TPE (<10),B2B,CCIB Annuaire,,Actif,2026-06-29T00:22:55.029598,moyenne
BJ-D562C687,Delivery Particulier Africa,Transport & Logistique,Ségbana,+229 84 33 24 96,delivery.particulier@yahoo.com,,PME (10-50),B2B,CCIB Annuaire,,Actif,2026-06-29T00:22:55.029628,moyenne
BJ-898EEB2A,Express VTC Delivery,Transport & Logistique,Ségbana,+229 33 49 64 20,expressvtc@expressvtcdeliv.org.bj,,TPE (<10),B2B,CCIB Annuaire,,Actif,2026-06-29T00:22:55.029658,moyenne
BJ-9FECC013,Transit Shipping,Transport & Logistique,Ségbana,+229 87 29 20 69,,transitshipping.bj,TPE (<10),B2C,CCIB Annuaire,,Actif,2026-06-29T00:22:55.029682,moyenne
BJ-EFC62CB6,Bateau,Transport & Logistique,Karimama,+229 52 86 74 86,bateau@bateau.com.bj,,PME (50-200),B2B,CCIB Annuaire,,Actif,2026-06-29T00:22:55.029742,moyenne
BJ-604FB855,Express Envoi Cargo Karimama,Transport & Logistique,Karimama,+229 20 79 70 29,express.envoi@expressenvoicar.org.bj,expressenvoicargokarimama.bj,TPE (<10),B2C,CCIB Annuaire,,Actif,2026-06-29T00:22:55.029782,haute
BJ-D1A5A703,Urgent Cargo,Transport & Logistique,Karimama,+229 75 48 77 80,,urgentcargo.bj,PME (10-50),B2B,CCIB Annuaire,,Actif,2026-06-29T00:22:55.029807,moyenne
BJ-C5254B7B,Groupe Express Bénin Karimama,Transport & Logistique,Karimama,+229 22 46 20 35,,,TPE (<10),B2B,CCIB Annuaire,,Actif,2026-06-29T00:22:55.029831,basse
BJ-54E68547,Transport Particulier,Transport & Logistique,Gogounou,+229 47 28 22 32,transport.particulier@transportpartic.bj,,TPE (<10),B2C,CCIB Annuaire,,Actif,2026-06-29T00:22:55.029902,moyenne
BJ-748773A0,Stockage SARL,Transport & Logistique,Gogounou,+229 79 78 71 65,stockage.sarl@yahoo.fr,stockagesarl.bj,TPE (<10),B2B,CCIB Annuaire,,Actif,2026-06-29T00:22:55.029935,haute
BJ-7E2A4D09,Cargo Route,Transport & Logistique,Gogounou,+229 61 16 74 22,c.route@cargoroute.com.bj,cargoroute.bj,TPE (<10),B2C,CCIB Annuaire,,Actif,2026-06-29T00:22:55.029968,haute
BJ-1397BD1E,Rapide Transport Gogounou,Transport & Logistique,Gogounou,+229 31 21 88 23,,rapidetransportgogounou.bj,PME (10-50),B2B,CCIB Annuaire,,Actif,2026-06-29T00:22:55.029998,moyenne
BJ-76630E54,Bateau Bénin,Transport & Logistique,Gogounou,+229 25 26 73 12,bateau.bénin@bateaubénin.org.bj,,PME (50-200),B2C,CCIB Annuaire,,Actif,2026-06-29T00:22:55.030036,moyenne
BJ-6338D5C0,Express,Transport & Logistique,Cobly,+229 24 85 80 10,express@express.com.bj,,PME (10-50),B2B,CCIB Annuaire,,Actif,2026-06-29T00:22:55.030078,moyenne
BJ-1C06CB56,Camion,Transport & Logistique,Cobly,+229 56 59 32 59,camion@camion.bj,camion.bj,TPE (<10),B2B,CCIB Annuaire,,Actif,2026-06-29T00:22:55.030111,haute
BJ-DDFD78CC,Chaîne Transport,Transport & Logistique,Cobly,+229 35 29 97 31,chaîne.transport@hotmail.com,chaînetransport.bj,TPE (<10),B2B,CCIB Annuaire,,Actif,2026-06-29T00:22:55.030155,haute
BJ-1A3A1CF3,Express Paquet Delivery Cobly,Transport & Logistique,Cobly,+229 32 28 74 96,e.paquet@expresspaquetde.bj,,TPE (<10),B2B,CCIB Annuaire,,Actif,2026-06-29T00:22:55.030195,moyenne
BJ-CD9B2452,Rapide Transitaire,Transport & Logistique,Cobly,+229 42 94 18 65,rapide.transitaire@hotmail.com,rapidetransitaire.bj,TPE (<10),B2C,CCIB Annuaire,,Actif,2026-06-29T00:22:55.030230,haute
BJ-69E2B8DC,Logistique Route Express,Transport & Logistique,Tanguiéta,+229 87 52 18 46,logistique.route@hotmail.com,logistiquerouteexpress.bj,PME (10-50),B2C,CCIB Annuaire,,Actif,2026-06-29T00:22:55.030278,haute
BJ-DC22E2F7,Delivery Express Logistique,Transport & Logistique,Tanguiéta,+229 85 71 31 13,deliveryexpress@yahoo.fr,deliveryexpresslogistique.bj,Grande (>200),B2B,CCIB Annuaire,,Actif,2026-06-29T00:22:55.030314,haute
BJ-A042BC3C,Transit Livraison Africa,Transport & Logistique,Tanguiéta,+229 89 39 71 88,,transitlivraisonafrica.bj,PME (10-50),B2B,CCIB Annuaire,,Actif,2026-06-29T00:22:55.030346,moyenne
BJ-078B6F41,SARL Portuaire Shipping,Transport & Logistique,Tanguiéta,+229 74 48 12 22,,sarlportuaireshipping.bj,PME (50-200),B2B,CCIB Annuaire,,Actif,2026-06-29T00:22:55.030375,moyenne
BJ-A335FC79,Bateau,Transport & Logistique,Tanguiéta,+229 66 22 63 98,bateau@bateau.org.bj,bateau.bj,PME (10-50),B2C,CCIB Annuaire,,Actif,2026-06-29T00:22:55.030406,haute
BJ-8DC0EC34,Affrètement,Transport & Logistique,Matéri,+229 51 24 49 47,,affrètement.bj,PME (10-50),B2B,CCIB Annuaire,,Actif,2026-06-29T00:22:55.030458,moyenne
BJ-7737F2FF,Fret Livraison Transport Matéri,Transport & Logistique,Matéri,+229 46 57 93 34,fret.livraison@outlook.com,fretlivraisontransportmatéri.bj,TPE (<10),B2C,CCIB Annuaire,,Actif,2026-06-29T00:22:55.030499,haute
BJ-3113BDEA,Transport,Transport & Logistique,Matéri,+229 78 90 59 16,transport@gmail.com,transport.bj,Grande (>200),B2C,CCIB Annuaire,,Actif,2026-06-29T00:22:55.030537,haute
BJ-0725D643,Rapide Paquet,Transport & Logistique,Matéri,+229 30 59 25 93,r.paquet@rapidepaquet.org.bj,rapidepaquet.bj,TPE (<10),B2C,CCIB Annuaire,,Actif,2026-06-29T00:22:55.030574,haute
BJ-5972C208,Delivery Camion Matéri,Transport & Logistique,Matéri,+229 39 85 16 45,deliverycamion@deliverycamionm.org.bj,,PME (50-200),B2C,CCIB Annuaire,,Actif,2026-06-29T00:22:55.030612,moyenne
BJ-4D2DCA74,Bateau Natitingou,Transport & Logistique,Natitingou,+229 36 88 32 57,bateau.natitingou@bateaunatitingo.org.bj,bateaunatitingou.bj,TPE (<10),B2C,CCIB Annuaire,,Actif,2026-06-29T00:22:55.030662,haute
BJ-1C889A20,Stockage,Transport & Logistique,Natitingou,+229 41 30 42 39,stockage@outlook.com,,PME (50-200),B2B,CCIB Annuaire,,Actif,2026-06-29T00:22:55.030693,moyenne
BJ-843A76FF,Logistique Conteneur Bénin Natitingou,Transport & Logistique,Natitingou,+229 20 48 94 67,,,PME (50-200),B2C,CCIB Annuaire,,Actif,2026-06-29T00:22:55.030721,basse
BJ-16CE5CAD,Express Transport,Transport & Logistique,Natitingou,+229 83 61 89 30,express_transport@gmail.com,,PME (50-200),B2C,CCIB Annuaire,,Actif,2026-06-29T00:22:55.030757,moyenne
BJ-80F69080,Chambre SARL,Transport & Logistique,Natitingou,+229 97 36 33 45,c.sarl@chambresarl.bj,chambresarl.bj,PME (10-50),B2B,CCIB Annuaire,,Actif,2026-06-29T00:22:55.030794,haute
BJ-08EBD86A,Delivery Douane Freight,Transport & Logistique,Toucountouna,+229 69 58 64 80,delivery.douane@deliverydouanef.org.bj,deliverydouanefreight.bj,TPE (<10),B2C,CCIB Annuaire,,Actif,2026-06-29T00:22:55.030844,haute
BJ-F0240523,Aérien Toucountouna,Transport & Logistique,Toucountouna,+229 51 75 92 36,aérientoucountouna@yahoo.fr,,PME (50-200),B2B,CCIB Annuaire,,Actif,2026-06-29T00:22:55.030883,moyenne
BJ-996CD56A,Fret Particulier Bénin,Transport & Logistique,Toucountouna,+229 75 94 97 53,fret.particulier@fretparticulier.org.bj,,PME (10-50),B2C,CCIB Annuaire,,Actif,2026-06-29T00:22:55.030945,moyenne
BJ-4B0C1CA9,Messagerie Navire Bénin,Transport & Logistique,Toucountouna,+229 93 69 27 64,messagerie.navire@outlook.com,,TPE (<10),B2B,CCIB Annuaire,,Actif,2026-06-29T00:22:55.030983,moyenne
BJ-3B14795F,Véhicule Toucountouna,Transport & Logistique,Toucountouna,+229 24 18 94 79,véhicule.toucountouna@véhiculetoucoun.com.bj,véhiculetoucountouna.bj,PME (50-200),B2B,CCIB Annuaire,,Actif,2026-06-29T00:22:55.031023,haute
BJ-7AACC43A,Taxi Africa,Transport & Logistique,Boukoumbé,+229 83 30 78 78,,,PME (50-200),B2C,CCIB Annuaire,,Actif,2026-06-29T00:22:55.031063,basse
BJ-FECFBA94,Delivery Portuaire,Transport & Logistique,Boukoumbé,+229 31 54 26 21,deliveryportuaire@gmail.com,deliveryportuaire.bj,TPE (<10),B2C,CCIB Annuaire,,Actif,2026-06-29T00:22:55.031099,haute
BJ-B9947A11,Transit Entrepôt,Transport & Logistique,Boukoumbé,+229 36 16 19 45,,transitentrepôt.bj,TPE (<10),B2B,CCIB Annuaire,,Actif,2026-06-29T00:22:55.031128,moyenne
BJ-19FEA768,SARL Paquet,Transport & Logistique,Boukoumbé,+229 89 21 61 84,,sarlpaquet.bj,PME (50-200),B2C,CCIB Annuaire,,Actif,2026-06-29T00:22:55.031156,moyenne
BJ-52745C13,Rapide Entrepôt,Transport & Logistique,Boukoumbé,+229 94 11 52 80,rapideentrepôt@rapideentrepôt.com.bj,,PME (50-200),B2C,CCIB Annuaire,,Actif,2026-06-29T00:22:55.031193,moyenne
BJ-DF1AD33D,Express Supply,Transport & Logistique,Kouandé,+229 48 38 82 80,expresssupply@expresssupply.org.bj,,PME (50-200),B2C,CCIB Annuaire,,Actif,2026-06-29T00:22:55.031240,moyenne
BJ-A76BCC0C,Supply,Transport & Logistique,Kouandé,+229 24 89 45 58,supply@gmail.com,supply.bj,TPE (<10),B2B,CCIB Annuaire,,Actif,2026-06-29T00:22:55.031272,haute
BJ-B46A25DE,Rapide Chambre Kouandé,Transport & Logistique,Kouandé,+229 24 98 53 81,,rapidechambrekouandé.bj,PME (50-200),B2B,CCIB Annuaire,,Actif,2026-06-29T00:22:55.031306,moyenne
BJ-D14D7B9B,Cargo Warehousing Freight,Transport & Logistique,Kouandé,+229 84 65 77 44,cargo.warehousing@cargowarehousin.bj,cargowarehousingfreight.bj,PME (10-50),B2C,CCIB Annuaire,,Actif,2026-06-29T00:22:55.031348,haute
BJ-9A37AA83,Express Chain,Transport & Logistique,Péhunco,+229 20 93 30 66,expresschain@gmail.com,expresschain.bj,PME (10-50),B2C,CCIB Annuaire,,Actif,2026-06-29T00:22:55.031422,haute
BJ-6A921E7C,Courtage SARL,Transport & Logistique,Péhunco,+229 57 58 38 95,c.sarl@courtagesarl.bj,,TPE (<10),B2B,CCIB Annuaire,,Actif,2026-06-29T00:22:55.031458,moyenne
BJ-DB7291F5,Douane Shipping Péhunco,Transport & Logistique,Péhunco,+229 47 19 35 80,d.shipping@yahoo.fr,douaneshippingpéhunco.bj,Grande (>200),B2B,CCIB Annuaire,,Actif,2026-06-29T00:22:55.031501,haute
BJ-E412A183,Froid,Transport & Logistique,Péhunco,+229 39 30 91 59,,froid.bj,TPE (<10),B2B,CCIB Annuaire,,Actif,2026-06-29T00:22:55.031530,moyenne
BJ-CDAE112A,Chambre,Transport & Logistique,Péhunco,+229 64 94 33 35,,,PME (10-50),B2C,CCIB Annuaire,,Actif,2026-06-29T00:22:55.031557,basse
BJ-9F4A5CE1,Groupe Douane Transport,Transport & Logistique,Tchaourou,+229 90 95 66 10,groupedouane@groupedouanetra.com.bj,groupedouanetransport.bj,PME (50-200),B2B,CCIB Annuaire,,Actif,2026-06-29T00:22:55.031607,haute
BJ-6F3CB98C,Chain Shipping,Transport & Logistique,Tchaourou,+229 81 55 41 18,c.shipping@chainshipping.bj,chainshipping.bj,PME (10-50),B2B,CCIB Annuaire,,Actif,2026-06-29T00:22:55.031643,haute
BJ-FA4EDD0C,Transport SARL Tchaourou,Transport & Logistique,Tchaourou,+229 42 18 34 30,transportsarl@yahoo.fr,,PME (10-50),B2B,CCIB Annuaire,,Actif,2026-06-29T00:22:55.031683,moyenne
BJ-E248128D,Express Distribution,Transport & Logistique,Tchaourou,+229 73 89 35 23,expressdistribution@yahoo.com,expressdistribution.bj,TPE (<10),B2B,CCIB Annuaire,,Actif,2026-06-29T00:22:55.031720,haute
BJ-0B1FC65F,Rapide Froid Express,Transport & Logistique,Tchaourou,+229 52 73 30 30,rapide.froid@rapidefroidexpr.com.bj,,PME (10-50),B2C,CCIB Annuaire,,Actif,2026-06-29T00:22:55.031756,moyenne
BJ-C068212E,SARL Livraison Shipping,Transport & Logistique,Nikki,+229 89 57 88 55,sarllivraison@outlook.com,sarllivraisonshipping.bj,TPE (<10),B2B,CCIB Annuaire,,Actif,2026-06-29T00:22:55.031803,haute
BJ-6BE221E8,Conteneur Nikki,Transport & Logistique,Nikki,+229 64 57 83 23,c.nikki@hotmail.com,,TPE (<10),B2C,CCIB Annuaire,,Actif,2026-06-29T00:22:55.031838,moyenne
BJ-B5771199,Navire Logistique,Transport & Logistique,Nikki,+229 55 53 53 28,n.logistique@yahoo.com,,PME (10-50),B2C,CCIB Annuaire,,Actif,2026-06-29T00:22:55.031931,moyenne
BJ-022FA245,Transit Express,Transport & Logistique,Nikki,+229 48 41 12 49,t.express@transitexpress.com.bj,,TPE (<10),B2B,CCIB Annuaire,,Actif,2026-06-29T00:22:55.031977,moyenne
BJ-DC803125,Déménagement,Transport & Logistique,Bembéréké,+229 51 90 99 50,déménagement@outlook.com,,PME (10-50),B2B,CCIB Annuaire,,Actif,2026-06-29T00:22:55.032028,moyenne
BJ-561EBE9E,Delivery Route,Transport & Logistique,Bembéréké,+229 38 32 25 89,d.route@deliveryroute.com.bj,deliveryroute.bj,PME (10-50),B2C,CCIB Annuaire,,Actif,2026-06-29T00:22:55.032065,haute
BJ-A2996E4E,Chambre Express,Transport & Logistique,Bembéréké,+229 26 84 79 65,c.express@hotmail.com,chambreexpress.bj,TPE (<10),B2C,CCIB Annuaire,,Actif,2026-06-29T00:22:55.032110,haute
BJ-66AF0804,Fret Bateau International,Transport & Logistique,Bembéréké,+229 95 81 32 58,,fretbateauinternational.bj,PME (50-200),B2B,CCIB Annuaire,,Actif,2026-06-29T00:22:55.032139,moyenne
BJ-8436AAC6,Groupe Chambre Logistique,Transport & Logistique,Bembéréké,+229 27 89 24 20,groupe.chambre@groupechambrelo.bj,groupechambrelogistique.bj,TPE (<10),B2B,CCIB Annuaire,,Actif,2026-06-29T00:22:55.032175,haute
BJ-D731736F,Transit Shipping,Transport & Logistique,Kalalé,+229 46 51 74 27,transitshipping@transitshipping.org.bj,transitshipping.bj,TPE (<10),B2B,CCIB Annuaire,,Actif,2026-06-29T00:22:55.032222,haute
BJ-EC2A7A58,Groupe Transitaire Bénin,Transport & Logistique,Kalalé,+229 32 40 25 59,,,Grande (>200),B2B,CCIB Annuaire,,Actif,2026-06-29T00:22:55.032248,basse
BJ-E6E4947F,Fret Urgent,Transport & Logistique,Kalalé,+229 83 60 30 32,fret_urgent@yahoo.fr,freturgent.bj,TPE (<10),B2C,CCIB Annuaire,,Actif,2026-06-29T00:22:55.032282,haute
BJ-BFC82846,Envoi,Transport & Logistique,Kalalé,+229 30 85 75 45,envoi@outlook.com,,TPE (<10),B2C,CCIB Annuaire,,Actif,2026-06-29T00:22:55.032311,moyenne
BJ-FBF66C84,Messagerie Maritime,Transport & Logistique,Kalalé,+229 44 14 77 11,,messageriemaritime.bj,PME (10-50),B2B,CCIB Annuaire,,Actif,2026-06-29T00:22:55.032342,moyenne
BJ-C51600C6,Affrètement,Transport & Logistique,Ndali,+229 21 65 37 67,affrètement@yahoo.fr,,Grande (>200),B2C,CCIB Annuaire,,Actif,2026-06-29T00:22:55.032385,moyenne
BJ-8BF4F4F2,Groupe Envoi,Transport & Logistique,Ndali,+229 52 39 38 33,,,TPE (<10),B2B,CCIB Annuaire,,Actif,2026-06-29T00:22:55.032411,basse
BJ-F78EDC18,Messagerie Déménagement Ndali,Transport & Logistique,Ndali,+229 43 38 41 51,m.déménagement@yahoo.fr,messageriedéménagementndali.bj,PME (50-200),B2C,CCIB Annuaire,,Actif,2026-06-29T00:22:55.032453,haute
BJ-0902DE4B,Delivery Public Bénin,Transport & Logistique,Ndali,+229 36 54 63 17,delivery.public@yahoo.fr,,TPE (<10),B2B,CCIB Annuaire,,Actif,2026-06-29T00:22:55.032491,moyenne
BJ-A938A7BF,Rapide Shipping,Transport & Logistique,Ndali,+229 64 24 86 75,rapide.shipping@yahoo.fr,,PME (10-50),B2B,CCIB Annuaire,,Actif,2026-06-29T00:22:55.032525,moyenne
BJ-C9169D1F,Chaîne Cargo,Transport & Logistique,Ségbana,+229 26 41 43 12,,chaînecargo.bj,TPE (<10),B2C,CCIB Annuaire,,Actif,2026-06-29T00:22:55.032596,moyenne
BJ-1CDA7E7D,Affrètement,Transport & Logistique,Ségbana,+229 58 43 22 92,,affrètement.bj,TPE (<10),B2C,CCIB Annuaire,,Actif,2026-06-29T00:22:55.032622,moyenne
BJ-869361F0,Rapide Transport Ségbana,Transport & Logistique,Ségbana,+229 42 94 36 75,rapide.transport@rapidetransport.org.bj,rapidetransportségbana.bj,PME (50-200),B2C,CCIB Annuaire,,Actif,2026-06-29T00:22:55.032666,haute
BJ-19C1CCBA,Rapide Chambre International,Transport & Logistique,Ségbana,+229 55 78 96 83,rapide_chambre@rapidechambrein.com.bj,,TPE (<10),B2C,CCIB Annuaire,,Actif,2026-06-29T00:22:55.032701,moyenne
BJ-89F39055,Cargo Camion,Transport & Logistique,Tchaourou,+229 60 77 33 39,c.camion@hotmail.com,cargocamion.bj,PME (10-50),B2B,CCIB Annuaire,,Actif,2026-06-29T00:22:55.032746,haute
BJ-9FAE1117,Messagerie Transport Tchaourou,Transport & Logistique,Tchaourou,+229 98 52 31 38,,,TPE (<10),B2B,CCIB Annuaire,,Actif,2026-06-29T00:22:55.032772,basse
BJ-3E30A5D3,Chambre Express,Transport & Logistique,Tchaourou,+229 37 86 46 62,c.express@gmail.com,chambreexpress.bj,TPE (<10),B2C,CCIB Annuaire,,Actif,2026-06-29T00:22:55.032842,haute
BJ-97BB83F5,Déménagement Cargo,Transport & Logistique,Tchaourou,+229 36 44 55 84,,déménagementcargo.bj,PME (10-50),B2C,CCIB Annuaire,,Actif,2026-06-29T00:22:55.032870,moyenne
BJ-A9303934,Chain,Transport & Logistique,Bétérou,+229 27 50 38 35,chain@yahoo.fr,chain.bj,TPE (<10),B2C,CCIB Annuaire,,Actif,2026-06-29T00:22:55.032923,haute
BJ-FEB21284,Livraison Freight,Transport & Logistique,Bétérou,+229 56 88 87 14,l.freight@livraisonfreigh.com.bj,livraisonfreight.bj,TPE (<10),B2B,CCIB Annuaire,,Actif,2026-06-29T00:22:55.032960,haute
BJ-10DCB35E,Froid,Transport & Logistique,Bétérou,+229 24 20 35 69,froid@yahoo.fr,froid.bj,PME (10-50),B2B,CCIB Annuaire,,Actif,2026-06-29T00:22:55.032992,haute
BJ-82862C64,Express Bateau Logistique,Transport & Logistique,Bétérou,+229 59 53 69 63,expressbateau@expressbateaulo.com.bj,expressbateaulogistique.bj,PME (10-50),B2B,CCIB Annuaire,,Actif,2026-06-29T00:22:55.033028,haute
BJ-CC1A37A2,Douane,Transport & Logistique,Bétérou,+229 29 39 96 41,douane@yahoo.fr,,PME (10-50),B2B,CCIB Annuaire,,Actif,2026-06-29T00:22:55.033056,moyenne
BJ-63FED778,Rapide Courtage Express,Transport & Logistique,Ouessè,+229 24 70 15 97,rapidecourtage@yahoo.com,,Grande (>200),B2B,CCIB Annuaire,,Actif,2026-06-29T00:22:55.033100,moyenne
BJ-14BFF3D4,Transport Véhicule SARL,Transport & Logistique,Ouessè,+229 77 65 41 60,t.véhicule@transportvéhicu.com.bj,,PME (10-50),B2C,CCIB Annuaire,,Actif,2026-06-29T00:22:55.033143,moyenne
BJ-DCE909B2,Particulier,Transport & Logistique,Ouessè,+229 53 23 79 61,particulier@outlook.com,,TPE (<10),B2B,CCIB Annuaire,,Actif,2026-06-29T00:22:55.033177,moyenne
BJ-2A8A09CE,Urgent Ouessè,Transport & Logistique,Ouessè,+229 97 36 23 56,u.ouessè@urgentouessè.bj,urgentouessè.bj,PME (10-50),B2B,CCIB Annuaire,,Actif,2026-06-29T00:22:55.033219,haute
BJ-B967CC7C,Cargo Aérien Freight Ouessè,Transport & Logistique,Ouessè,+229 59 75 82 54,,,PME (10-50),B2C,CCIB Annuaire,,Actif,2026-06-29T00:22:55.033246,basse
BJ-82AC008D,Groupe Distribution,Transport & Logistique,Glazoué,+229 76 93 56 35,groupe.distribution@outlook.com,,PME (50-200),B2C,CCIB Annuaire,,Actif,2026-06-29T00:22:55.033322,moyenne
BJ-514C4934,Entrepôt Africa,Transport & Logistique,Glazoué,+229 71 62 17 85,,entrepôtafrica.bj,TPE (<10),B2C,CCIB Annuaire,,Actif,2026-06-29T00:22:55.033349,moyenne
BJ-77632D3C,Chain Cargo,Transport & Logistique,Glazoué,+229 55 78 57 49,chain.cargo@chaincargo.org.bj,,TPE (<10),B2C,CCIB Annuaire,,Actif,2026-06-29T00:22:55.033382,moyenne
BJ-DE3CA65D,Froid,Transport & Logistique,Glazoué,+229 60 62 10 78,,froid.bj,PME (50-200),B2C,CCIB Annuaire,,Actif,2026-06-29T00:22:55.033408,moyenne
BJ-A82FA8DB,Camion,Transport & Logistique,Dassa-Zoumè,+229 81 87 33 67,camion@outlook.com,,TPE (<10),B2B,CCIB Annuaire,,Actif,2026-06-29T00:22:55.033449,moyenne
BJ-FF4DB94A,VTC Bénin,Transport & Logistique,Dassa-Zoumè,+229 44 27 51 49,vtc.bénin@outlook.com,vtcbénin.bj,PME (50-200),B2C,CCIB Annuaire,,Actif,2026-06-29T00:22:55.033483,haute
BJ-E13AF310,Cargo Transitaire,Transport & Logistique,Dassa-Zoumè,+229 76 24 91 36,cargotransitaire@cargotransitair.org.bj,,PME (50-200),B2C,CCIB Annuaire,,Actif,2026-06-29T00:22:55.033522,moyenne
BJ-017CE083,Froid Logistique Dassa-Zoumè,Transport & Logistique,Dassa-Zoumè,+229 85 22 77 28,f.logistique@froidlogistique.bj,,Grande (>200),B2C,CCIB Annuaire,,Actif,2026-06-29T00:22:55.033559,moyenne
BJ-42BA2B42,Delivery Transport,Transport & Logistique,Dassa-Zoumè,+229 37 30 15 71,d.transport@outlook.com,deliverytransport.bj,TPE (<10),B2B,CCIB Annuaire,,Actif,2026-06-29T00:22:55.033593,haute
BJ-A74952AF,Paquet,Transport & Logistique,Savalou,+229 91 78 19 60,paquet@paquet.bj,,TPE (<10),B2B,CCIB Annuaire,,Actif,2026-06-29T00:22:55.033633,moyenne
BJ-98D45D06,Logistique Car Cargo,Transport & Logistique,Savalou,+229 47 50 23 13,logistique.car@hotmail.com,logistiquecarcargo.bj,PME (50-200),B2B,CCIB Annuaire,,Actif,2026-06-29T00:22:55.033667,haute
BJ-9C6563D0,Transport Transitaire Logistique,Transport & Logistique,Savalou,+229 33 19 90 39,,transporttransitairelogistique.bj,PME (10-50),B2B,CCIB Annuaire,,Actif,2026-06-29T00:22:55.033694,moyenne
BJ-022FAC51,Affrètement,Transport & Logistique,Savalou,+229 77 93 70 92,affrètement@affrètement.com.bj,affrètement.bj,TPE (<10),B2C,CCIB Annuaire,,Actif,2026-06-29T00:22:55.033726,haute
BJ-6DF37E8A,Messagerie Car,Transport & Logistique,Savalou,+229 37 33 91 57,messageriecar@outlook.com,,PME (50-200),B2B,CCIB Annuaire,,Actif,2026-06-29T00:22:55.033762,moyenne
BJ-3B6F595E,Messagerie Bateau,Transport & Logistique,Bantè,+229 99 62 87 45,m.bateau@yahoo.com,messageriebateau.bj,Grande (>200),B2B,CCIB Annuaire,,Actif,2026-06-29T00:22:55.033806,haute
BJ-E9E44809,Express Courtage International,Transport & Logistique,Bantè,+229 61 34 34 90,express_courtage@yahoo.fr,expresscourtageinternational.bj,TPE (<10),B2C,CCIB Annuaire,,Actif,2026-06-29T00:22:55.033841,haute
BJ-C42EE1EB,Logistique Douane,Transport & Logistique,Bantè,+229 40 54 36 13,,,PME (50-200),B2C,CCIB Annuaire,,Actif,2026-06-29T00:22:55.033869,basse
BJ-A34B85BA,Rapide Lourd Bantè,Transport & Logistique,Bantè,+229 30 18 41 63,rapide.lourd@rapidelourdbant.bj,,PME (50-200),B2B,CCIB Annuaire,,Actif,2026-06-29T00:22:55.033916,moyenne
BJ-E7733B28,Chain Freight Bantè,Transport & Logistique,Bantè,+229 58 97 21 16,c.freight@yahoo.com,chainfreightbantè.bj,TPE (<10),B2C,CCIB Annuaire,,Actif,2026-06-29T00:22:55.033952,haute
BJ-92009E84,Transit Distribution,Transport & Logistique,Djougou,+229 60 81 10 23,transitdistribution@transitdistribu.bj,transitdistribution.bj,TPE (<10),B2B,CCIB Annuaire,,Actif,2026-06-29T00:22:55.033998,haute
BJ-D7C5C9C0,Taxi Delivery Djougou,Transport & Logistique,Djougou,+229 36 70 77 58,,taxideliverydjougou.bj,PME (10-50),B2B,CCIB Annuaire,,Actif,2026-06-29T00:22:55.034025,moyenne
BJ-BFCB256F,Taxi SARL,Transport & Logistique,Djougou,+229 70 66 20 80,t.sarl@outlook.com,,PME (10-50),B2C,CCIB Annuaire,,Actif,2026-06-29T00:22:55.034062,moyenne
BJ-446A8DF8,Express VTC SARL,Transport & Logistique,Djougou,+229 23 30 77 39,,,TPE (<10),B2B,CCIB Annuaire,,Actif,2026-06-29T00:22:55.034088,basse
BJ-403EF731,Chambre,Transport & Logistique,Djougou,+229 32 72 17 93,,chambre.bj,TPE (<10),B2B,CCIB Annuaire,,Actif,2026-06-29T00:22:55.034113,moyenne
BJ-72F5C50B,Delivery Distribution,Transport & Logistique,Ouèssè,+229 97 47 78 82,deliverydistribution@hotmail.com,deliverydistribution.bj,PME (50-200),B2B,CCIB Annuaire,,Actif,2026-06-29T00:22:55.034160,haute
BJ-24355F46,SARL Navire Freight,Transport & Logistique,Ouèssè,+229 97 27 35 92,sarl_navire@yahoo.com,,TPE (<10),B2B,CCIB Annuaire,,Actif,2026-06-29T00:22:55.034192,moyenne
BJ-916230E1,Courrier,Transport & Logistique,Ouèssè,+229 67 98 31 45,courrier@outlook.com,courrier.bj,PME (50-200),B2C,CCIB Annuaire,,Actif,2026-06-29T00:22:55.034228,haute
BJ-615E7199,Chain,Transport & Logistique,Ouèssè,+229 37 26 99 28,chain@yahoo.com,chain.bj,TPE (<10),B2B,CCIB Annuaire,,Actif,2026-06-29T00:22:55.034261,haute
BJ-582C87F5,Déménagement Transport,Transport & Logistique,Ouèssè,+229 59 17 91 29,déménagementtransport@hotmail.com,,PME (50-200),B2C,CCIB Annuaire,,Actif,2026-06-29T00:22:55.034299,moyenne
BJ-1FB23EEC,Delivery Navire Express,Transport & Logistique,Bassila,+229 50 67 82 31,deliverynavire@deliverynaviree.org.bj,deliverynavireexpress.bj,TPE (<10),B2B,CCIB Annuaire,,Actif,2026-06-29T00:22:55.034346,haute
BJ-C1D19B50,Messagerie Transport,Transport & Logistique,Bassila,+229 92 76 83 13,,,PME (50-200),B2C,CCIB Annuaire,,Actif,2026-06-29T00:22:55.034370,basse
BJ-CE51D61C,Conteneur Shipping,Transport & Logistique,Bassila,+229 27 44 88 40,c.shipping@conteneurshippi.bj,conteneurshipping.bj,TPE (<10),B2C,CCIB Annuaire,,Actif,2026-06-29T00:22:55.034406,haute
BJ-5A93F324,Warehousing Delivery,Transport & Logistique,Bassila,+229 85 40 99 92,warehousingdelivery@warehousingdeli.com.bj,warehousingdelivery.bj,TPE (<10),B2C,CCIB Annuaire,,Actif,2026-06-29T00:22:55.034442,haute
BJ-BDD835C2,Delivery Lourd,Transport & Logistique,Bassila,+229 75 76 26 30,deliverylourd@gmail.com,deliverylourd.bj,PME (10-50),B2B,CCIB Annuaire,,Actif,2026-06-29T00:22:55.034475,haute
BJ-B4596492,Rapide,Transport & Logistique,Pehunco,+229 45 81 37 96,rapide@rapide.com.bj,rapide.bj,TPE (<10),B2C,CCIB Annuaire,,Actif,2026-06-29T00:22:55.034518,haute
BJ-6D2C556B,Bateau,Transport & Logistique,Pehunco,+229 76 95 81 83,bateau@bateau.bj,bateau.bj,PME (10-50),B2B,CCIB Annuaire,,Actif,2026-06-29T00:22:55.034549,haute
BJ-1BCDDFD2,Cargo Envoi International,Transport & Logistique,Pehunco,+229 84 76 57 98,cargo_envoi@gmail.com,cargoenvoiinternational.bj,PME (10-50),B2C,CCIB Annuaire,,Actif,2026-06-29T00:22:55.034594,haute
BJ-28131C0F,Cargo Urgent Transport,Transport & Logistique,Pehunco,+229 28 61 30 82,cargo_urgent@yahoo.com,cargourgenttransport.bj,TPE (<10),B2B,CCIB Annuaire,,Actif,2026-06-29T00:22:55.034628,haute
BJ-28F0188E,Messagerie Supply Delivery,Transport & Logistique,Pehunco,+229 25 90 43 74,,messageriesupplydelivery.bj,PME (50-200),B2B,CCIB Annuaire,,Actif,2026-06-29T00:22:55.034654,moyenne
BJ-4848B560,Public Africa,Transport & Logistique,Copargo,+229 39 37 50 51,,publicafrica.bj,TPE (<10),B2B,CCIB Annuaire,,Actif,2026-06-29T00:22:55.034693,moyenne
BJ-852E3390,Delivery Urgent,Transport & Logistique,Copargo,+229 29 52 19 12,delivery.urgent@deliveryurgent.bj,,TPE (<10),B2B,CCIB Annuaire,,Actif,2026-06-29T00:22:55.034733,moyenne
BJ-A39AE16F,SARL Affrètement,Transport & Logistique,Copargo,+229 58 41 47 48,sarlaffrètement@sarlaffrètement.bj,sarlaffrètement.bj,TPE (<10),B2C,CCIB Annuaire,,Actif,2026-06-29T00:22:55.034772,haute
BJ-D8C34C21,Navire Logistique,Transport & Logistique,Copargo,+229 46 67 59 40,navire.logistique@yahoo.com,navirelogistique.bj,PME (50-200),B2C,CCIB Annuaire,,Actif,2026-06-29T00:22:55.034807,haute
BJ-7592257F,Douane International Copargo,Transport & Logistique,Copargo,+229 64 17 89 43,d.international@douaneinternati.bj,,TPE (<10),B2B,CCIB Annuaire,,Actif,2026-06-29T00:22:55.034842,moyenne
BJ-568C79DF,Fiber VoIP,Télécommunications,Cotonou,+229 42 69 93 21,fiber.voip@outlook.com,fibervoip.bj,PME (10-50),B2B,CCIB Annuaire,,Actif,2026-06-29T00:22:55.034905,haute
BJ-359AC10F,Digital Cotonou,Télécommunications,Cotonou,+229 82 66 43 27,digitalcotonou@outlook.com,,PME (10-50),B2B,CCIB Annuaire,,Actif,2026-06-29T00:22:55.034944,moyenne
BJ-0F5972D0,Satellite Internet Africa,Télécommunications,Cotonou,+229 73 21 83 86,satelliteinternet@satelliteintern.org.bj,satelliteinternetafrica.bj,TPE (<10),B2C,CCIB Annuaire,,Actif,2026-06-29T00:22:55.034990,haute
BJ-A0FDA8EB,Fiber Latence,Télécommunications,Cotonou,+229 33 79 12 97,fiberlatence@fiberlatence.bj,fiberlatence.bj,PME (50-200),B2C,CCIB Annuaire,,Actif,2026-06-29T00:22:55.035022,haute
BJ-83E15E78,PBX Africa Cotonou,Télécommunications,Cotonou,+229 50 59 34 56,pbx.africa@pbxafricacotono.bj,pbxafricacotonou.bj,PME (10-50),B2C,CCIB Annuaire,,Actif,2026-06-29T00:22:55.035059,haute
BJ-45097DD5,Mobile Voice SARL,Télécommunications,Abomey-Calavi,+229 54 86 42 68,mobile_voice@gmail.com,mobilevoicesarl.bj,TPE (<10),B2B,CCIB Annuaire,,Actif,2026-06-29T00:22:55.035105,haute
BJ-9D47B2B0,Centrex,Télécommunications,Abomey-Calavi,+229 79 19 80 47,centrex@centrex.com.bj,centrex.bj,PME (50-200),B2C,CCIB Annuaire,,Actif,2026-06-29T00:22:55.035135,haute
BJ-8375CA19,Réseau Cloud Digital,Télécommunications,Abomey-Calavi,+229 43 29 97 84,réseaucloud@outlook.com,réseauclouddigital.bj,Grande (>200),B2B,CCIB Annuaire,,Actif,2026-06-29T00:22:55.035170,haute
BJ-79AD7332,Réseau Radio,Télécommunications,Abomey-Calavi,+229 33 81 70 91,r.radio@gmail.com,réseauradio.bj,TPE (<10),B2C,CCIB Annuaire,,Actif,2026-06-29T00:22:55.035207,haute
BJ-5AA9E141,Digital Fiber Networks Porto-Novo,Télécommunications,Porto-Novo,+229 57 79 42 77,d.fiber@digitalfibernet.com.bj,digitalfibernetworksportonovo.bj,PME (50-200),B2C,CCIB Annuaire,,Actif,2026-06-29T00:22:55.035294,haute
BJ-DFC4F971,ISP SA,Télécommunications,Porto-Novo,+229 21 61 23 65,isp@ispsa.bj,ispsa.bj,TPE (<10),B2C,CCIB Annuaire,,Actif,2026-06-29T00:22:55.035327,haute
BJ-78C41E8F,Réseau Wireless,Télécommunications,Porto-Novo,+229 97 37 42 48,r.wireless@réseauwireless.org.bj,réseauwireless.bj,TPE (<10),B2B,CCIB Annuaire,,Actif,2026-06-29T00:22:55.035371,haute
BJ-7BCD6F99,Connect 4G,Télécommunications,Porto-Novo,+229 22 29 36 99,connect@yahoo.fr,connect4g.bj,Grande (>200),B2B,CCIB Annuaire,,Actif,2026-06-29T00:22:55.035406,haute
BJ-E880753F,Télécom VoIP,Télécommunications,Porto-Novo,+229 67 64 14 62,télécom.voip@gmail.com,télécomvoip.bj,Grande (>200),B2C,CCIB Annuaire,,Actif,2026-06-29T00:22:55.035462,haute
BJ-631C6B9E,Télécom Fil Bénin,Télécommunications,Parakou,+229 45 84 50 78,télécom_fil@télécomfilbénin.org.bj,télécomfilbénin.bj,TPE (<10),B2C,CCIB Annuaire,,Actif,2026-06-29T00:22:55.035573,haute
BJ-D32E3F3B,Ping International Parakou,Télécommunications,Parakou,+229 93 34 57 36,p.international@pinginternation.com.bj,pinginternationalparakou.bj,TPE (<10),B2B,CCIB Annuaire,,Actif,2026-06-29T00:22:55.035632,haute
BJ-238367BD,ISP Groupe,Télécommunications,Parakou,+229 46 26 11 22,i.groupe@ispgroupe.bj,ispgroupe.bj,TPE (<10),B2B,CCIB Annuaire,,Actif,2026-06-29T00:22:55.035669,haute
BJ-CC7BFABC,Connect VoIP,Télécommunications,Parakou,+229 28 14 27 84,c.voip@connectvoip.bj,connectvoip.bj,PME (50-200),B2B,CCIB Annuaire,,Actif,2026-06-29T00:22:55.035699,haute
BJ-54B21D6F,Data Connect Parakou,Télécommunications,Parakou,+229 99 45 29 33,dataconnect@yahoo.com,dataconnectparakou.bj,TPE (<10),B2B,CCIB Annuaire,,Actif,2026-06-29T00:22:55.035731,haute
BJ-6476A039,Réseau Haut,Télécommunications,Bohicon,+229 96 69 57 88,r.haut@réseauhaut.org.bj,réseauhaut.bj,TPE (<10),B2B,CCIB Annuaire,,Actif,2026-06-29T00:22:55.035782,haute
BJ-9410A624,Mobile BTS,Télécommunications,Bohicon,+229 78 74 24 83,mobile.bts@outlook.com,mobilebts.bj,Grande (>200),B2B,CCIB Annuaire,,Actif,2026-06-29T00:22:55.035823,haute
BJ-30611BFF,LTE Digital,Télécommunications,Bohicon,+229 37 38 97 26,l.digital@yahoo.fr,ltedigital.bj,PME (10-50),B2C,CCIB Annuaire,,Actif,2026-06-29T00:22:55.035863,haute
BJ-60E28815,ISP,Télécommunications,Bohicon,+229 87 61 78 28,isp@isp.org.bj,isp.bj,TPE (<10),B2B,CCIB Annuaire,,Actif,2026-06-29T00:22:55.035911,haute
BJ-0B8105BC,Internet Débit,Télécommunications,Bohicon,+229 65 43 79 64,internet.débit@outlook.com,internetdébit.bj,PME (10-50),B2B,CCIB Annuaire,,Actif,2026-06-29T00:22:55.035960,haute
BJ-B93AD8F1,Internet Télécom,Télécommunications,Natitingou,+229 61 39 33 77,internet.télécom@hotmail.com,internettélécom.bj,PME (10-50),B2B,CCIB Annuaire,,Actif,2026-06-29T00:22:55.036010,haute
BJ-2CDDB438,Ping Natitingou,Télécommunications,Natitingou,+229 25 24 62 28,pingnatitingou@yahoo.com,pingnatitingou.bj,TPE (<10),B2B,CCIB Annuaire,,Actif,2026-06-29T00:22:55.036042,haute
BJ-5F5A084E,BTS,Télécommunications,Natitingou,+229 43 77 18 75,bts@bts.org.bj,bts.bj,TPE (<10),B2B,CCIB Annuaire,,Actif,2026-06-29T00:22:55.036072,haute
BJ-511BDFEB,Internet Vitesse Natitingou,Télécommunications,Natitingou,+229 71 39 69 34,internet.vitesse@internetvitesse.bj,internetvitessenatitingou.bj,PME (50-200),B2C,CCIB Annuaire,,Actif,2026-06-29T00:22:55.036109,haute
BJ-B7C48AE2,Connect MPLS Bénin,Télécommunications,Natitingou,+229 77 28 20 55,c.mpls@connectmplsbéni.bj,connectmplsbénin.bj,TPE (<10),B2B,CCIB Annuaire,,Actif,2026-06-29T00:22:55.036150,haute
BJ-CFFEE062,Télécom Optique Lokossa,Télécommunications,Lokossa,+229 60 45 22 96,télécomoptique@yahoo.com,télécomoptiquelokossa.bj,TPE (<10),B2C,CCIB Annuaire,,Actif,2026-06-29T00:22:55.036196,haute
BJ-A09EED6C,Wireless PBX,Télécommunications,Lokossa,+229 85 93 20 45,wirelesspbx@yahoo.fr,wirelesspbx.bj,PME (10-50),B2B,CCIB Annuaire,,Actif,2026-06-29T00:22:55.036228,haute
BJ-7C43D768,Connect Latence,Télécommunications,Lokossa,+229 94 39 86 38,connectlatence@yahoo.com,,PME (10-50),B2B,CCIB Annuaire,,Actif,2026-06-29T00:22:55.036287,moyenne
BJ-C298BE5F,Satellite Provider SA,Télécommunications,Lokossa,+229 21 45 92 75,satelliteprovider@satelliteprovid.org.bj,,PME (10-50),B2B,CCIB Annuaire,,Actif,2026-06-29T00:22:55.036319,moyenne
BJ-53561FF8,Télécom Lokossa,Télécommunications,Lokossa,+229 83 64 14 92,télécomlokossa@gmail.com,télécomlokossa.bj,PME (50-200),B2B,CCIB Annuaire,,Actif,2026-06-29T00:22:55.036340,haute
BJ-6AB13972,Digital Cloud SARL,Télécommunications,Ouidah,+229 84 61 54 89,digitalcloud@yahoo.com,digitalcloudsarl.bj,TPE (<10),B2B,CCIB Annuaire,,Actif,2026-06-29T00:22:55.036366,haute
BJ-AB0CA8DB,Mobile Optique SARL Ouidah,Télécommunications,Ouidah,+229 82 65 11 55,mobile_optique@mobileoptiquesa.org.bj,,TPE (<10),B2B,CCIB Annuaire,,Actif,2026-06-29T00:22:55.036383,moyenne
BJ-AD4C12A4,Mobile Satellite,Télécommunications,Ouidah,+229 20 69 49 60,mobilesatellite@mobilesatellite.bj,mobilesatellite.bj,TPE (<10),B2C,CCIB Annuaire,,Actif,2026-06-29T00:22:55.036399,haute
BJ-4FB917DB,Internet Coaxial SA,Télécommunications,Ouidah,+229 78 55 46 62,internet_coaxial@yahoo.com,internetcoaxialsa.bj,TPE (<10),B2C,CCIB Annuaire,,Actif,2026-06-29T00:22:55.036421,haute
BJ-50BF5AFF,Connect Networks,Télécommunications,Ouidah,+229 74 79 34 90,connect.networks@connectnetworks.bj,connectnetworks.bj,Grande (>200),B2C,CCIB Annuaire,,Actif,2026-06-29T00:22:55.036436,haute
BJ-D0D9B973,LTE Digital,Télécommunications,Savalou,+229 29 90 33 72,ltedigital@ltedigital.bj,ltedigital.bj,TPE (<10),B2B,CCIB Annuaire,,Actif,2026-06-29T00:22:55.036490,haute
BJ-513107EA,Optique,Télécommunications,Savalou,+229 59 37 70 34,optique@optique.bj,optique.bj,PME (10-50),B2C,CCIB Annuaire,,Actif,2026-06-29T00:22:55.036504,haute
BJ-74442776,Fréquence Africa,Télécommunications,Savalou,+229 88 72 13 62,fréquence.africa@fréquenceafrica.bj,fréquenceafrica.bj,TPE (<10),B2B,CCIB Annuaire,,Actif,2026-06-29T00:22:55.036522,haute
BJ-12904CE6,Internet Digital Connect,Télécommunications,Dassa-Zoumè,+229 66 84 70 43,internet.digital@internetdigital.com.bj,internetdigitalconnect.bj,TPE (<10),B2B,CCIB Annuaire,,Actif,2026-06-29T00:22:55.036548,haute
BJ-7B42C41E,LTE Groupe,Télécommunications,Dassa-Zoumè,+229 49 57 13 37,lte.groupe@gmail.com,ltegroupe.bj,TPE (<10),B2C,CCIB Annuaire,,Actif,2026-06-29T00:22:55.036564,haute
BJ-6135E475,Réseau Couverture,Télécommunications,Dassa-Zoumè,+229 32 38 28 48,réseaucouverture@réseaucouvertur.org.bj,réseaucouverture.bj,TPE (<10),B2B,CCIB Annuaire,,Actif,2026-06-29T00:22:55.036599,haute
BJ-6DF7372C,Débit Dassa-Zoumè,Télécommunications,Dassa-Zoumè,+229 24 56 74 95,débitdassa@débitdassazoumè.bj,débitdassazoumè.bj,PME (10-50),B2C,CCIB Annuaire,,Actif,2026-06-29T00:22:55.036617,haute
BJ-5883C2A5,Fréquence SARL,Télécommunications,Kétou,+229 86 21 85 53,fréquence.sarl@yahoo.com,fréquencesarl.bj,TPE (<10),B2C,CCIB Annuaire,,Actif,2026-06-29T00:22:55.036641,haute
BJ-2B21327B,Internet Optique SARL Kétou,Télécommunications,Kétou,+229 48 71 81 15,internet.optique@internetoptique.org.bj,internetoptiquesarlkétou.bj,Grande (>200),B2B,CCIB Annuaire,,Actif,2026-06-29T00:22:55.036660,haute
BJ-76B1981E,Fiber Wireless,Télécommunications,Kétou,+229 80 78 37 21,fiber.wireless@fiberwireless.com.bj,fiberwireless.bj,TPE (<10),B2C,CCIB Annuaire,,Actif,2026-06-29T00:22:55.036679,haute
BJ-F12A9DB9,Réseau Satellite SARL,Télécommunications,Kétou,+229 77 78 86 27,réseau.satellite@réseausatellite.com.bj,réseausatellitesarl.bj,PME (10-50),B2B,CCIB Annuaire,,Actif,2026-06-29T00:22:55.036700,haute
BJ-611B8B36,Tech Kétou,Télécommunications,Kétou,+229 99 47 65 85,tech.kétou@gmail.com,,Grande (>200),B2B,CCIB Annuaire,,Actif,2026-06-29T00:22:55.036717,moyenne
BJ-EEE9481F,Réseau Digital,Télécommunications,Covè,+229 87 82 69 85,réseau.digital@réseaudigital.bj,réseaudigital.bj,PME (10-50),B2C,CCIB Annuaire,,Actif,2026-06-29T00:22:55.036741,haute
BJ-F09E455D,Connect Communication SA Covè,Télécommunications,Covè,+229 42 44 41 16,c.communication@connectcommunic.org.bj,connectcommunicationsacovè.bj,TPE (<10),B2C,CCIB Annuaire,,Actif,2026-06-29T00:22:55.036760,haute
BJ-53035104,Bandwidth Networks,Télécommunications,Covè,+229 71 91 32 67,b.networks@bandwidthnetwor.bj,bandwidthnetworks.bj,TPE (<10),B2C,CCIB Annuaire,,Actif,2026-06-29T00:22:55.036777,haute
BJ-3642EC47,Antenne Groupe,Télécommunications,Covè,+229 83 59 28 55,antenne.groupe@antennegroupe.org.bj,antennegroupe.bj,TPE (<10),B2C,CCIB Annuaire,,Actif,2026-06-29T00:22:55.036793,haute
BJ-93E8C0FF,Radio Africa,Télécommunications,Covè,+229 59 19 38 91,r.africa@outlook.com,radioafrica.bj,Grande (>200),B2B,CCIB Annuaire,,Actif,2026-06-29T00:22:55.036808,haute
BJ-6C308835,VPN,Télécommunications,Pobè,+229 40 71 68 99,vpn@vpn.bj,vpn.bj,Grande (>200),B2B,CCIB Annuaire,,Actif,2026-06-29T00:22:55.036843,haute
BJ-2C90C77A,Coverage Connect Pobè,Télécommunications,Pobè,+229 88 89 59 36,coverageconnect@gmail.com,coverageconnectpobè.bj,TPE (<10),B2B,CCIB Annuaire,,Actif,2026-06-29T00:22:55.036863,haute
BJ-563BE887,Télécom Fibre SARL Pobè,Télécommunications,Pobè,+229 82 50 65 80,t.fibre@télécomfibresar.org.bj,télécomfibresarlpobè.bj,TPE (<10),B2B,CCIB Annuaire,,Actif,2026-06-29T00:22:55.036881,haute
BJ-4D518211,Sans Groupe,Télécommunications,Pobè,+229 45 17 68 68,s.groupe@yahoo.com,sansgroupe.bj,TPE (<10),B2B,CCIB Annuaire,,Actif,2026-06-29T00:22:55.036918,haute
BJ-E8D18447,Optique,Télécommunications,Sakété,+229 34 92 38 52,optique@optique.com.bj,optique.bj,TPE (<10),B2B,CCIB Annuaire,,Actif,2026-06-29T00:22:55.036942,haute
BJ-4E0C68C5,Mobile Optique International,Télécommunications,Sakété,+229 63 46 58 37,mobile.optique@yahoo.com,mobileoptiqueinternational.bj,PME (10-50),B2B,CCIB Annuaire,,Actif,2026-06-29T00:22:55.036958,haute
BJ-346BDC9E,Haut Digital,Télécommunications,Sakété,+229 39 19 48 98,hautdigital@hautdigital.bj,hautdigital.bj,TPE (<10),B2C,CCIB Annuaire,,Actif,2026-06-29T00:22:55.036978,haute
BJ-1A6ED3D9,Vitesse Sakété,Télécommunications,Sakété,+229 81 99 54 28,v.sakété@yahoo.fr,,TPE (<10),B2B,CCIB Annuaire,,Actif,2026-06-29T00:22:55.036997,moyenne
BJ-CF98E5EB,Fréquence Bénin,Télécommunications,Sakété,+229 95 82 15 13,fréquencebénin@fréquencebénin.bj,fréquencebénin.bj,PME (10-50),B2C,CCIB Annuaire,,Actif,2026-06-29T00:22:55.037016,haute
BJ-69D607EA,Débit Africa,Télécommunications,Adjara,+229 60 70 99 81,d.africa@yahoo.fr,débitafrica.bj,TPE (<10),B2C,CCIB Annuaire,,Actif,2026-06-29T00:22:55.037040,haute
BJ-7CC410B0,Relais Bénin,Télécommunications,Adjara,+229 58 86 61 74,relais.bénin@yahoo.com,relaisbénin.bj,PME (50-200),B2B,CCIB Annuaire,,Actif,2026-06-29T00:22:55.037057,haute
BJ-5408AAE7,Internet Ping Networks,Télécommunications,Adjara,+229 37 72 44 55,internet.ping@yahoo.fr,,PME (50-200),B2B,CCIB Annuaire,,Actif,2026-06-29T00:22:55.037088,moyenne
BJ-37C9AB07,Digital Ping,Télécommunications,Adjara,+229 92 74 92 89,digital_ping@yahoo.fr,digitalping.bj,PME (10-50),B2B,CCIB Annuaire,,Actif,2026-06-29T00:22:55.037103,haute
BJ-0AD09F0C,Fiber Wireless Allada,Télécommunications,Allada,+229 64 52 10 21,fiber.wireless@fiberwirelessal.bj,fiberwirelessallada.bj,TPE (<10),B2B,CCIB Annuaire,,Actif,2026-06-29T00:22:55.037130,haute
BJ-6CDC6EE1,Opérateur Networks,Télécommunications,Allada,+229 99 78 59 25,,opérateurnetworks.bj,TPE (<10),B2C,CCIB Annuaire,,Actif,2026-06-29T00:22:55.037145,moyenne
BJ-64155107,Bandwidth SA,Télécommunications,Allada,+229 75 55 33 12,bandwidth@bandwidthsa.com.bj,bandwidthsa.bj,TPE (<10),B2B,CCIB Annuaire,,Actif,2026-06-29T00:22:55.037160,haute
BJ-04B68EE0,Fil International,Télécommunications,Allada,+229 43 62 37 51,fil_international@yahoo.com,filinternational.bj,PME (50-200),B2B,CCIB Annuaire,,Actif,2026-06-29T00:22:55.037175,haute
BJ-DB9F41A2,Télécom Provider Networks,Télécommunications,Allada,+229 23 61 38 47,télécom.provider@gmail.com,télécomprovidernetworks.bj,TPE (<10),B2B,CCIB Annuaire,,Actif,2026-06-29T00:22:55.037191,haute
BJ-7FA66D23,Digital 5G Bénin,Télécommunications,Aplahoué,+229 28 53 50 54,digitalbénin@digital5gbénin.com.bj,digital5gbénin.bj,Grande (>200),B2B,CCIB Annuaire,,Actif,2026-06-29T00:22:55.037216,haute
BJ-8B6CFB3E,Connect BTS Digital,Télécommunications,Aplahoué,+229 89 74 16 49,,connectbtsdigital.bj,PME (10-50),B2B,CCIB Annuaire,,Actif,2026-06-29T00:22:55.037228,moyenne
BJ-F3832A46,Satellite Fréquence Networks,Télécommunications,Aplahoué,+229 71 49 20 81,satellitefréquence@yahoo.fr,satellitefréquencenetworks.bj,PME (10-50),B2C,CCIB Annuaire,,Actif,2026-06-29T00:22:55.037248,haute
BJ-2ED0C6BF,Satellite Vitesse,Télécommunications,Aplahoué,+229 29 75 41 49,s.vitesse@yahoo.fr,,TPE (<10),B2C,CCIB Annuaire,,Actif,2026-06-29T00:22:55.037266,moyenne
BJ-2C47344C,Satellite 4G,Télécommunications,Aplahoué,+229 51 83 89 46,satellite@satellite4g.org.bj,satellite4g.bj,PME (10-50),B2B,CCIB Annuaire,,Actif,2026-06-29T00:22:55.037280,haute
BJ-5FF81316,Trunk Dogbo-Tota,Télécommunications,Dogbo-Tota,+229 25 50 18 91,trunk.dogbo@trunkdogbotota.org.bj,trunkdogbotota.bj,TPE (<10),B2C,CCIB Annuaire,,Actif,2026-06-29T00:22:55.037302,haute
BJ-AC0704BA,Satellite Fiber Networks,Télécommunications,Dogbo-Tota,+229 31 87 12 28,satellitefiber@outlook.com,satellitefibernetworks.bj,PME (50-200),B2C,CCIB Annuaire,,Actif,2026-06-29T00:22:55.037318,haute
BJ-0B9FB7D9,Communication Networks,Télécommunications,Dogbo-Tota,+229 20 87 45 72,c.networks@hotmail.com,communicationnetworks.bj,Grande (>200),B2C,CCIB Annuaire,,Actif,2026-06-29T00:22:55.037332,haute
BJ-009A5D99,Satellite FAI,Télécommunications,Dogbo-Tota,+229 28 34 44 41,satellite.fai@yahoo.com,satellitefai.bj,TPE (<10),B2C,CCIB Annuaire,,Actif,2026-06-29T00:22:55.037346,haute
BJ-43EBCE4C,Mobile VPN Telecom,Télécommunications,Dogbo-Tota,+229 20 26 98 72,m.vpn@yahoo.com,mobilevpntelecom.bj,Grande (>200),B2B,CCIB Annuaire,,Actif,2026-06-29T00:22:55.037360,haute
BJ-1C923CD5,Internet Digital Digital,Télécommunications,Kpomassè,+229 95 62 32 38,internet.digital@outlook.com,,TPE (<10),B2C,CCIB Annuaire,,Actif,2026-06-29T00:22:55.037382,moyenne
BJ-7486DD06,LTE Networks,Télécommunications,Kpomassè,+229 25 86 99 26,ltenetworks@outlook.com,ltenetworks.bj,TPE (<10),B2B,CCIB Annuaire,,Actif,2026-06-29T00:22:55.037398,haute
BJ-C4F038BF,Vitesse Digital,Télécommunications,Kpomassè,+229 89 89 73 89,vitessedigital@vitessedigital.bj,vitessedigital.bj,TPE (<10),B2C,CCIB Annuaire,,Actif,2026-06-29T00:22:55.037417,haute
BJ-09787FF7,Digital Optique Africa,Télécommunications,Kpomassè,+229 27 25 95 15,digital.optique@digitaloptiquea.com.bj,digitaloptiqueafrica.bj,PME (10-50),B2C,CCIB Annuaire,,Actif,2026-06-29T00:22:55.037438,haute
BJ-13B76C41,Réseau ISP Kpomassè,Télécommunications,Kpomassè,+229 50 56 86 51,réseau.isp@réseauispkpomas.bj,,Grande (>200),B2B,CCIB Annuaire,,Actif,2026-06-29T00:22:55.037455,moyenne
BJ-F89AD7CE,Bandwidth International,Télécommunications,Tori-Bossito,+229 45 67 74 91,b.international@hotmail.com,bandwidthinternational.bj,PME (50-200),B2C,CCIB Annuaire,,Actif,2026-06-29T00:22:55.037477,haute
BJ-EF015B0A,Spectre SA,Télécommunications,Tori-Bossito,+229 86 70 57 67,spectre@spectresa.bj,,PME (50-200),B2C,CCIB Annuaire,,Actif,2026-06-29T00:22:55.037495,moyenne
BJ-FA5CDD74,Mobile Antenne,Télécommunications,Tori-Bossito,+229 66 24 36 50,m.antenne@yahoo.fr,,PME (10-50),B2C,CCIB Annuaire,,Actif,2026-06-29T00:22:55.037509,moyenne
BJ-A23C900C,Wireless Centrex,Télécommunications,Tori-Bossito,+229 24 82 49 79,w.centrex@gmail.com,wirelesscentrex.bj,Grande (>200),B2C,CCIB Annuaire,,Actif,2026-06-29T00:22:55.037524,haute
BJ-E5F858C5,Opérateur,Télécommunications,Tori-Bossito,+229 62 64 14 27,opérateur@opérateur.com.bj,opérateur.bj,PME (10-50),B2B,CCIB Annuaire,,Actif,2026-06-29T00:22:55.037538,haute
BJ-085B3AF4,Connect Centrex SA,Télécommunications,Grand-Popo,+229 25 22 55 71,c.centrex@gmail.com,connectcentrexsa.bj,PME (50-200),B2B,CCIB Annuaire,,Actif,2026-06-29T00:22:55.037560,haute
BJ-9161106B,Spectre Bénin Grand-Popo,Télécommunications,Grand-Popo,+229 64 61 79 19,spectrebénin@yahoo.fr,spectrebéningrandpopo.bj,TPE (<10),B2B,CCIB Annuaire,,Actif,2026-06-29T00:22:55.037578,haute
BJ-0E1FD5B6,Réseau Wireless,Télécommunications,Grand-Popo,+229 70 26 81 49,réseau.wireless@réseauwireless.com.bj,,PME (10-50),B2B,CCIB Annuaire,,Actif,2026-06-29T00:22:55.037597,moyenne
BJ-1701B694,Digital Sans Telecom,Télécommunications,Grand-Popo,+229 59 31 99 69,digitalsans@digitalsanstele.org.bj,digitalsanstelecom.bj,PME (10-50),B2C,CCIB Annuaire,,Actif,2026-06-29T00:22:55.037617,haute
BJ-1721EFFF,Satellite Télécom,Télécommunications,Grand-Popo,+229 97 19 80 88,satellite.télécom@satellitetéléco.com.bj,satellitetélécom.bj,TPE (<10),B2C,CCIB Annuaire,,Actif,2026-06-29T00:22:55.037654,haute
BJ-C6909D9C,Trunk Groupe,Télécommunications,Athiémé,+229 46 46 25 49,t.groupe@trunkgroupe.org.bj,trunkgroupe.bj,TPE (<10),B2C,CCIB Annuaire,,Actif,2026-06-29T00:22:55.037699,haute
BJ-EC3D5F3A,Sans,Télécommunications,Athiémé,+229 62 82 21 27,sans@sans.com.bj,sans.bj,PME (10-50),B2B,CCIB Annuaire,,Actif,2026-06-29T00:22:55.037728,haute
BJ-27BDE045,Internet Athiémé,Télécommunications,Athiémé,+229 66 51 14 63,internetathiémé@gmail.com,internetathiémé.bj,TPE (<10),B2C,CCIB Annuaire,,Actif,2026-06-29T00:22:55.037761,haute
BJ-176CB7F8,SIP International,Télécommunications,Athiémé,+229 98 31 43 59,sip.international@outlook.com,sipinternational.bj,PME (50-200),B2B,CCIB Annuaire,,Actif,2026-06-29T00:22:55.037793,haute
BJ-F1943947,Fiber Athiémé,Télécommunications,Athiémé,+229 75 83 49 20,,fiberathiémé.bj,PME (50-200),B2B,CCIB Annuaire,,Actif,2026-06-29T00:22:55.037819,moyenne
BJ-E6B9B466,Optique International,Télécommunications,Bopa,+229 99 86 78 29,optiqueinternational@yahoo.fr,optiqueinternational.bj,PME (50-200),B2B,CCIB Annuaire,,Actif,2026-06-29T00:22:55.037864,haute
BJ-1A326E0E,ISP,Télécommunications,Bopa,+229 21 74 54 75,isp@isp.org.bj,isp.bj,PME (50-200),B2B,CCIB Annuaire,,Actif,2026-06-29T00:22:55.037901,haute
BJ-E273D985,Wireless Latence Bopa,Télécommunications,Bopa,+229 98 24 66 67,,wirelesslatencebopa.bj,PME (10-50),B2C,CCIB Annuaire,,Actif,2026-06-29T00:22:55.037920,moyenne
BJ-B259C332,Communication Networks Bopa,Télécommunications,Bopa,+229 98 46 61 47,communication_networks@communicationne.com.bj,communicationnetworksbopa.bj,TPE (<10),B2B,CCIB Annuaire,,Actif,2026-06-29T00:22:55.037939,haute
BJ-44B2421C,Communication Connect,Télécommunications,Bopa,+229 71 79 59 96,communicationconnect@hotmail.com,communicationconnect.bj,Grande (>200),B2C,CCIB Annuaire,,Actif,2026-06-29T00:22:55.037956,haute
BJ-04D25392,Internet LTE SA,Télécommunications,Houéyogbé,+229 36 25 43 48,internetlte@yahoo.fr,internetltesa.bj,TPE (<10),B2B,CCIB Annuaire,,Actif,2026-06-29T00:22:55.037980,haute
BJ-22A1B8B0,Réseau LTE SA,Télécommunications,Houéyogbé,+229 93 61 42 83,réseau.lte@réseaultesa.bj,réseaultesa.bj,PME (10-50),B2C,CCIB Annuaire,,Actif,2026-06-29T00:22:55.038002,haute
BJ-4CF98EA7,4G,Télécommunications,Houéyogbé,+229 65 49 60 23,4g@yahoo.fr,4g.bj,PME (10-50),B2B,CCIB Annuaire,,Actif,2026-06-29T00:22:55.038017,haute
BJ-B3C0FA42,Coaxial,Télécommunications,Houéyogbé,+229 79 19 74 26,coaxial@gmail.com,coaxial.bj,TPE (<10),B2B,CCIB Annuaire,,Actif,2026-06-29T00:22:55.038030,haute
BJ-68541DD1,Relais,Télécommunications,Houéyogbé,+229 36 88 79 26,,,PME (10-50),B2B,CCIB Annuaire,,Actif,2026-06-29T00:22:55.038041,basse
BJ-E27738C4,Télécom Digital SA,Télécommunications,Malanville,+229 25 87 13 18,télécom_digital@télécomdigitals.org.bj,télécomdigitalsa.bj,TPE (<10),B2C,CCIB Annuaire,,Actif,2026-06-29T00:22:55.038065,haute
BJ-E0D58ED5,Connect 5G,Télécommunications,Malanville,+229 77 40 22 10,connect@connect5g.bj,connect5g.bj,TPE (<10),B2C,CCIB Annuaire,,Actif,2026-06-29T00:22:55.038080,haute
BJ-A1AA8EE0,Opérateur Malanville,Télécommunications,Malanville,+229 98 20 49 96,opérateur.malanville@opérateurmalanv.bj,opérateurmalanville.bj,PME (10-50),B2C,CCIB Annuaire,,Actif,2026-06-29T00:22:55.038101,haute
BJ-1B27ADD3,Réseau Cloud SARL,Télécommunications,Malanville,+229 98 58 42 80,réseaucloud@hotmail.com,réseaucloudsarl.bj,TPE (<10),B2C,CCIB Annuaire,,Actif,2026-06-29T00:22:55.038118,haute
BJ-7BED3632,Fibre,Télécommunications,Malanville,+229 37 47 21 98,fibre@yahoo.com,fibre.bj,TPE (<10),B2B,CCIB Annuaire,,Actif,2026-06-29T00:22:55.038132,haute
BJ-F4BDBC3E,Fil Groupe,Télécommunications,Kandi,+229 20 56 46 93,filgroupe@yahoo.com,filgroupe.bj,PME (10-50),B2B,CCIB Annuaire,,Actif,2026-06-29T00:22:55.038164,haute
BJ-DD4C10D0,Digital Networks,Télécommunications,Kandi,+229 88 50 31 59,digital.networks@yahoo.fr,digitalnetworks.bj,PME (50-200),B2B,CCIB Annuaire,,Actif,2026-06-29T00:22:55.038180,haute
BJ-32F17D6C,Satellite Connect SA,Télécommunications,Kandi,+229 41 19 95 57,satellite.connect@yahoo.com,satelliteconnectsa.bj,PME (10-50),B2C,CCIB Annuaire,,Actif,2026-06-29T00:22:55.038196,haute
BJ-35F15EA7,Débit Africa,Télécommunications,Kandi,+229 84 45 89 32,d.africa@débitafrica.bj,débitafrica.bj,PME (10-50),B2B,CCIB Annuaire,,Actif,2026-06-29T00:22:55.038213,haute
BJ-04246CF4,Opérateur SARL,Télécommunications,Kandi,+229 91 71 76 71,opérateur.sarl@outlook.com,opérateursarl.bj,TPE (<10),B2B,CCIB Annuaire,,Actif,2026-06-29T00:22:55.038229,haute
BJ-8E2C17F7,SIP Telecom Banikoara,Télécommunications,Banikoara,+229 47 25 61 87,sip.telecom@gmail.com,siptelecombanikoara.bj,TPE (<10),B2B,CCIB Annuaire,,Actif,2026-06-29T00:22:55.038252,haute
BJ-E271BA89,Digital SARL,Télécommunications,Banikoara,+229 58 24 64 37,d.sarl@digitalsarl.com.bj,digitalsarl.bj,PME (10-50),B2B,CCIB Annuaire,,Actif,2026-06-29T00:22:55.038268,haute
BJ-96D656E2,Fiber VoIP International Banikoara,Télécommunications,Banikoara,+229 54 19 81 87,fibervoip@fibervoipintern.org.bj,fibervoipinternationalbanikoara.bj,TPE (<10),B2B,CCIB Annuaire,,Actif,2026-06-29T00:22:55.038288,haute
BJ-BA834517,LTE Groupe,Télécommunications,Banikoara,+229 73 53 63 20,ltegroupe@ltegroupe.bj,ltegroupe.bj,TPE (<10),B2B,CCIB Annuaire,,Actif,2026-06-29T00:22:55.038304,haute
BJ-066E5586,Mobile Connect SARL,Télécommunications,Banikoara,+229 26 24 26 48,mobile.connect@mobileconnectsa.org.bj,mobileconnectsarl.bj,PME (10-50),B2C,CCIB Annuaire,,Actif,2026-06-29T00:22:55.038320,haute
BJ-2939CD76,Réseau LTE,Télécommunications,Ségbana,+229 39 78 90 52,réseau.lte@outlook.com,réseaulte.bj,TPE (<10),B2C,CCIB Annuaire,,Actif,2026-06-29T00:22:55.038347,haute
BJ-FC9D619D,Satellite Fiber Bénin Ségbana,Télécommunications,Ségbana,+229 43 14 28 65,s.fiber@satellitefiberb.org.bj,satellitefiberbéninségbana.bj,PME (10-50),B2B,CCIB Annuaire,,Actif,2026-06-29T00:22:55.038383,haute
BJ-065AAE43,Internet Fil,Télécommunications,Ségbana,+229 40 47 48 45,internet_fil@internetfil.bj,internetfil.bj,PME (50-200),B2B,CCIB Annuaire,,Actif,2026-06-29T00:22:55.038402,haute
BJ-18AB9BCE,Internet Tech,Télécommunications,Ségbana,+229 57 22 95 44,internettech@internettech.org.bj,,TPE (<10),B2B,CCIB Annuaire,,Actif,2026-06-29T00:22:55.038418,moyenne
BJ-50E0F0B9,Wireless Radio Bénin Karimama,Télécommunications,Karimama,+229 82 16 32 90,w.radio@yahoo.com,wirelessradiobéninkarimama.bj,PME (50-200),B2C,CCIB Annuaire,,Actif,2026-06-29T00:22:55.038441,haute
BJ-A1BAD47B,5G,Télécommunications,Karimama,+229 30 25 23 89,,5g.bj,TPE (<10),B2C,CCIB Annuaire,,Actif,2026-06-29T00:22:55.038452,moyenne
BJ-9A05E44D,Vitesse Connect,Télécommunications,Karimama,+229 49 73 84 10,vitesse.connect@hotmail.com,vitesseconnect.bj,TPE (<10),B2C,CCIB Annuaire,,Actif,2026-06-29T00:22:55.038470,haute
BJ-039E9E17,Réseau Internet Karimama,Télécommunications,Karimama,+229 26 24 22 37,r.internet@réseauinternetk.bj,réseauinternetkarimama.bj,PME (10-50),B2C,CCIB Annuaire,,Actif,2026-06-29T00:22:55.038488,haute
BJ-7937BC55,Digital Opérateur SA,Télécommunications,Karimama,+229 30 81 22 69,digitalopérateur@outlook.com,digitalopérateursa.bj,TPE (<10),B2C,CCIB Annuaire,,Actif,2026-06-29T00:22:55.038504,haute
BJ-60D8433A,Réseau Couverture,Télécommunications,Gogounou,+229 23 89 94 10,réseaucouverture@réseaucouvertur.bj,réseaucouverture.bj,Grande (>200),B2B,CCIB Annuaire,,Actif,2026-06-29T00:22:55.038528,haute
BJ-460E7D0D,Cloud,Télécommunications,Gogounou,+229 48 90 95 95,cloud@outlook.com,cloud.bj,PME (10-50),B2B,CCIB Annuaire,,Actif,2026-06-29T00:22:55.038541,haute
BJ-C74D30FD,VoIP,Télécommunications,Gogounou,+229 26 78 32 85,voip@outlook.com,voip.bj,PME (50-200),B2C,CCIB Annuaire,,Actif,2026-06-29T00:22:55.038554,haute
BJ-E9F4F280,Réseau FAI,Télécommunications,Gogounou,+229 38 26 50 87,réseau.fai@réseaufai.com.bj,réseaufai.bj,PME (50-200),B2C,CCIB Annuaire,,Actif,2026-06-29T00:22:55.038570,haute
BJ-DBFE6D8F,Connect Connect,Télécommunications,Gogounou,+229 79 13 74 49,connect_connect@yahoo.fr,connectconnect.bj,PME (10-50),B2B,CCIB Annuaire,,Actif,2026-06-29T00:22:55.038585,haute
BJ-E01504A5,Réseau LTE,Télécommunications,Cobly,+229 67 76 51 11,réseau_lte@réseaulte.com.bj,réseaulte.bj,PME (50-200),B2B,CCIB Annuaire,,Actif,2026-06-29T00:22:55.038607,haute
BJ-812D99B0,Satellite Spectre Networks,Télécommunications,Cobly,+229 29 36 89 48,satellite_spectre@satellitespectr.com.bj,satellitespectrenetworks.bj,PME (10-50),B2B,CCIB Annuaire,,Actif,2026-06-29T00:22:55.038624,haute
BJ-AB1A458F,Wireless FAI Africa,Télécommunications,Cobly,+229 36 63 80 10,w.fai@yahoo.fr,wirelessfaiafrica.bj,TPE (<10),B2C,CCIB Annuaire,,Actif,2026-06-29T00:22:55.038642,haute
BJ-6A0FCAA3,Fréquence International,Télécommunications,Cobly,+229 89 63 26 13,fréquence.international@yahoo.com,fréquenceinternational.bj,Grande (>200),B2B,CCIB Annuaire,,Actif,2026-06-29T00:22:55.038662,haute
BJ-1DEC2266,Trunk International,Télécommunications,Cobly,+229 36 99 50 31,trunkinternational@yahoo.fr,trunkinternational.bj,TPE (<10),B2C,CCIB Annuaire,,Actif,2026-06-29T00:22:55.038681,haute
BJ-919D929D,Ping,Télécommunications,Tanguiéta,+229 66 79 83 65,ping@yahoo.com,ping.bj,TPE (<10),B2B,CCIB Annuaire,,Actif,2026-06-29T00:22:55.038702,haute
BJ-9779708A,Fiber Antenne,Télécommunications,Tanguiéta,+229 64 62 43 65,fiberantenne@hotmail.com,fiberantenne.bj,TPE (<10),B2C,CCIB Annuaire,,Actif,2026-06-29T00:22:55.038718,haute
BJ-966C2FCC,Couverture Networks,Télécommunications,Tanguiéta,+229 93 37 70 35,couverture.networks@couverturenetwo.bj,couverturenetworks.bj,Grande (>200),B2C,CCIB Annuaire,,Actif,2026-06-29T00:22:55.038747,haute
BJ-15C7202F,Fiber Wireless,Télécommunications,Tanguiéta,+229 55 21 12 23,fiberwireless@outlook.com,fiberwireless.bj,PME (10-50),B2C,CCIB Annuaire,,Actif,2026-06-29T00:22:55.038762,haute
BJ-371F219B,Mobile SD-WAN Matéri,Télécommunications,Matéri,+229 37 57 31 95,m.wan@outlook.com,,Grande (>200),B2B,CCIB Annuaire,,Actif,2026-06-29T00:22:55.038785,moyenne
BJ-8BEFE66D,Coaxial International,Télécommunications,Matéri,+229 51 65 19 44,c.international@coaxialinternat.org.bj,coaxialinternational.bj,PME (10-50),B2B,CCIB Annuaire,,Actif,2026-06-29T00:22:55.038801,haute
BJ-39D249F6,5G International,Télécommunications,Matéri,+229 51 63 30 35,international@outlook.com,5ginternational.bj,TPE (<10),B2B,CCIB Annuaire,,Actif,2026-06-29T00:22:55.038820,haute
BJ-3391A4EE,VoIP,Télécommunications,Matéri,+229 23 31 55 76,voip@yahoo.fr,voip.bj,PME (10-50),B2C,CCIB Annuaire,,Actif,2026-06-29T00:22:55.038833,haute
BJ-FA566FE6,Haut SA,Télécommunications,Matéri,+229 48 60 83 54,haut@hautsa.org.bj,hautsa.bj,PME (10-50),B2C,CCIB Annuaire,,Actif,2026-06-29T00:22:55.038847,haute
BJ-B21A7EB7,Hosted,Télécommunications,Natitingou,+229 54 76 86 32,hosted@hosted.com.bj,hosted.bj,TPE (<10),B2C,CCIB Annuaire,,Actif,2026-06-29T00:22:55.038867,haute
BJ-242592CD,Mobile 4G,Télécommunications,Natitingou,+229 64 78 43 82,mobile@mobile4g.bj,mobile4g.bj,PME (50-200),B2C,CCIB Annuaire,,Actif,2026-06-29T00:22:55.038881,haute
BJ-93475950,Vitesse,Télécommunications,Natitingou,+229 81 39 59 24,vitesse@vitesse.org.bj,vitesse.bj,TPE (<10),B2C,CCIB Annuaire,,Actif,2026-06-29T00:22:55.038904,haute
BJ-876C7ECD,Antenne,Télécommunications,Natitingou,+229 60 60 87 26,antenne@antenne.com.bj,antenne.bj,TPE (<10),B2C,CCIB Annuaire,,Actif,2026-06-29T00:22:55.038937,haute
BJ-775344EB,Wireless LTE,Télécommunications,Toucountouna,+229 84 15 75 92,wireless.lte@wirelesslte.org.bj,wirelesslte.bj,PME (10-50),B2B,CCIB Annuaire,,Actif,2026-06-29T00:22:55.038960,haute
BJ-01CB9BCC,Digital Débit,Télécommunications,Toucountouna,+229 56 69 18 50,digital.débit@digitaldébit.org.bj,digitaldébit.bj,Grande (>200),B2C,CCIB Annuaire,,Actif,2026-06-29T00:22:55.038978,haute
BJ-A155A16B,Wireless SIP Networks,Télécommunications,Toucountouna,+229 91 88 92 86,wirelesssip@outlook.com,wirelesssipnetworks.bj,PME (10-50),B2B,CCIB Annuaire,,Actif,2026-06-29T00:22:55.038997,haute
BJ-C2A0C859,Voice,Télécommunications,Toucountouna,+229 66 89 60 85,voice@hotmail.com,voice.bj,PME (10-50),B2B,CCIB Annuaire,,Actif,2026-06-29T00:22:55.039025,haute
BJ-D1EA57B4,Réseau Digital,Télécommunications,Boukoumbé,+229 52 96 10 35,réseaudigital@gmail.com,réseaudigital.bj,PME (10-50),B2B,CCIB Annuaire,,Actif,2026-06-29T00:22:55.039051,haute
BJ-D5B9E3DE,Bandwidth Digital,Télécommunications,Boukoumbé,+229 70 74 22 15,bandwidthdigital@bandwidthdigita.org.bj,bandwidthdigital.bj,PME (10-50),B2B,CCIB Annuaire,,Actif,2026-06-29T00:22:55.039069,haute
BJ-EB10FD29,Wireless Connect Connect Boukoumbé,Télécommunications,Boukoumbé,+229 89 69 78 25,wirelessconnect@yahoo.fr,wirelessconnectconnectboukoumbé.bj,PME (50-200),B2C,CCIB Annuaire,,Actif,2026-06-29T00:22:55.039086,haute
BJ-1CE0939F,Réseau Radio,Télécommunications,Boukoumbé,+229 88 24 70 44,réseauradio@outlook.com,réseauradio.bj,Grande (>200),B2C,CCIB Annuaire,,Actif,2026-06-29T00:22:55.039102,haute
BJ-958E05E4,Fiber FAI Telecom,Télécommunications,Boukoumbé,+229 50 27 49 61,fiber_fai@fiberfaitelecom.com.bj,fiberfaitelecom.bj,PME (50-200),B2B,CCIB Annuaire,,Actif,2026-06-29T00:22:55.039118,haute
BJ-FC3F2222,Coaxial SA,Télécommunications,Kouandé,+229 27 26 66 70,coaxial@coaxialsa.bj,coaxialsa.bj,TPE (<10),B2C,CCIB Annuaire,,Actif,2026-06-29T00:22:55.039139,haute
BJ-B3592FC7,Satellite Communication Groupe,Télécommunications,Kouandé,+229 71 68 95 14,satellite.communication@satellitecommun.com.bj,satellitecommunicationgroupe.bj,Grande (>200),B2B,CCIB Annuaire,,Actif,2026-06-29T00:22:55.039159,haute
BJ-D5237C89,Digital FAI Africa,Télécommunications,Kouandé,+229 66 58 32 36,d.fai@outlook.com,digitalfaiafrica.bj,PME (50-200),B2B,CCIB Annuaire,,Actif,2026-06-29T00:22:55.039192,haute
BJ-0B3406C8,Télécom Coverage,Télécommunications,Kouandé,+229 52 85 41 56,télécomcoverage@hotmail.com,télécomcoverage.bj,PME (10-50),B2C,CCIB Annuaire,,Actif,2026-06-29T00:22:55.039208,haute
BJ-2445E885,Connect Fiber Africa Péhunco,Télécommunications,Péhunco,+229 47 45 58 24,connectfiber@hotmail.com,connectfiberafricapéhunco.bj,TPE (<10),B2C,CCIB Annuaire,,Actif,2026-06-29T00:22:55.039233,haute
BJ-B3237DB0,Réseau Fibre Digital,Télécommunications,Péhunco,+229 68 51 27 93,réseaufibre@yahoo.fr,réseaufibredigital.bj,PME (50-200),B2B,CCIB Annuaire,,Actif,2026-06-29T00:22:55.039256,haute
BJ-4D640EFC,Digital Internet,Télécommunications,Péhunco,+229 24 38 65 17,d.internet@outlook.com,digitalinternet.bj,PME (10-50),B2C,CCIB Annuaire,,Actif,2026-06-29T00:22:55.039272,haute
BJ-690BD5F9,Télécom International,Télécommunications,Péhunco,+229 39 59 88 22,t.international@télécominternat.bj,télécominternational.bj,TPE (<10),B2C,CCIB Annuaire,,Actif,2026-06-29T00:22:55.039295,haute
BJ-D2D118C2,Internet,Télécommunications,Péhunco,+229 33 42 29 62,internet@internet.bj,internet.bj,PME (50-200),B2C,CCIB Annuaire,,Actif,2026-06-29T00:22:55.039323,haute
BJ-E40E3723,Antenne Groupe,Télécommunications,Tchaourou,+229 84 26 41 50,a.groupe@antennegroupe.bj,antennegroupe.bj,Grande (>200),B2C,CCIB Annuaire,,Actif,2026-06-29T00:22:55.039350,haute
BJ-096AA1D6,Digital Latence SARL Tchaourou,Télécommunications,Tchaourou,+229 33 96 29 28,d.latence@digitallatences.com.bj,digitallatencesarltchaourou.bj,PME (50-200),B2B,CCIB Annuaire,,Actif,2026-06-29T00:22:55.039385,haute
BJ-780CBEAD,Internet Coverage Bénin,Télécommunications,Tchaourou,+229 40 43 75 50,internetcoverage@internetcoverag.bj,internetcoveragebénin.bj,TPE (<10),B2C,CCIB Annuaire,,Actif,2026-06-29T00:22:55.039417,haute
BJ-9410AC86,Digital 5G Digital,Télécommunications,Nikki,+229 72 13 78 54,d.digital@gmail.com,,TPE (<10),B2B,CCIB Annuaire,,Actif,2026-06-29T00:22:55.039442,moyenne
BJ-539CEE0E,Digital Fil,Télécommunications,Nikki,+229 21 68 36 66,d.fil@digitalfil.bj,digitalfil.bj,Grande (>200),B2C,CCIB Annuaire,,Actif,2026-06-29T00:22:55.039459,haute
BJ-80008A85,Connect MPLS,Télécommunications,Nikki,+229 83 46 59 62,c.mpls@yahoo.fr,connectmpls.bj,PME (10-50),B2B,CCIB Annuaire,,Actif,2026-06-29T00:22:55.039474,haute
BJ-50A9589B,Satellite LTE Digital,Télécommunications,Nikki,+229 62 97 12 20,satellite_lte@satelliteltedig.bj,satelliteltedigital.bj,PME (50-200),B2B,CCIB Annuaire,,Actif,2026-06-29T00:22:55.039490,haute
BJ-0C90872A,Radio SARL,Télécommunications,Nikki,+229 90 17 56 53,radiosarl@radiosarl.com.bj,radiosarl.bj,TPE (<10),B2C,CCIB Annuaire,,Actif,2026-06-29T00:22:55.039505,haute
BJ-F12600D4,Réseau Centrex International,Télécommunications,Bembéréké,+229 27 24 48 13,réseau.centrex@réseaucentrexin.bj,réseaucentrexinternational.bj,TPE (<10),B2C,CCIB Annuaire,,Actif,2026-06-29T00:22:55.039529,haute
BJ-6D05C5DE,Satellite Tech,Télécommunications,Bembéréké,+229 71 97 91 80,satellite.tech@yahoo.com,,PME (10-50),B2C,CCIB Annuaire,,Actif,2026-06-29T00:22:55.039545,moyenne
BJ-4384602E,Mobile SD-WAN,Télécommunications,Bembéréké,+229 42 91 90 31,mobile.wan@outlook.com,mobilesdwan.bj,PME (10-50),B2B,CCIB Annuaire,,Actif,2026-06-29T00:22:55.039563,haute
BJ-E48B98BF,Tech,Télécommunications,Bembéréké,+229 64 33 90 83,tech@tech.org.bj,,TPE (<10),B2C,CCIB Annuaire,,Actif,2026-06-29T00:22:55.039580,moyenne
BJ-8C9E9DB4,Internet Networks,Télécommunications,Bembéréké,+229 77 73 64 31,internet_networks@internetnetwork.org.bj,internetnetworks.bj,PME (10-50),B2B,CCIB Annuaire,,Actif,2026-06-29T00:22:55.039597,haute
BJ-6BC6ACE3,Connect Fréquence,Télécommunications,Kalalé,+229 36 83 64 55,connectfréquence@hotmail.com,connectfréquence.bj,PME (10-50),B2C,CCIB Annuaire,,Actif,2026-06-29T00:22:55.039620,haute
BJ-4E76F150,VPN Groupe Kalalé,Télécommunications,Kalalé,+229 56 80 58 40,v.groupe@vpngroupekalalé.bj,vpngroupekalalé.bj,TPE (<10),B2B,CCIB Annuaire,,Actif,2026-06-29T00:22:55.039637,haute
BJ-7994592C,Satellite Internet Kalalé,Télécommunications,Kalalé,+229 73 79 84 25,satelliteinternet@satelliteintern.bj,satelliteinternetkalalé.bj,PME (10-50),B2C,CCIB Annuaire,,Actif,2026-06-29T00:22:55.039654,haute
BJ-09BC7E0F,Réseau VoIP Bénin Kalalé,Télécommunications,Kalalé,+229 95 51 76 13,réseau.voip@réseauvoipbénin.com.bj,réseauvoipbéninkalalé.bj,PME (10-50),B2C,CCIB Annuaire,,Actif,2026-06-29T00:22:55.039672,haute
BJ-C2F68174,Satellite SARL,Télécommunications,Kalalé,+229 31 46 95 30,satellitesarl@outlook.com,satellitesarl.bj,TPE (<10),B2C,CCIB Annuaire,,Actif,2026-06-29T00:22:55.039695,haute
BJ-2605E8DE,Antenne,Télécommunications,Ndali,+229 29 87 42 30,antenne@yahoo.fr,antenne.bj,TPE (<10),B2C,CCIB Annuaire,,Actif,2026-06-29T00:22:55.039729,haute
BJ-D443D6E2,Coaxial International,Télécommunications,Ndali,+229 93 43 94 22,coaxial.international@gmail.com,,TPE (<10),B2B,CCIB Annuaire,,Actif,2026-06-29T00:22:55.039755,moyenne
BJ-9D0F9F36,Digital Fiber International,Télécommunications,Ndali,+229 66 80 61 94,digital.fiber@gmail.com,,TPE (<10),B2B,CCIB Annuaire,,Actif,2026-06-29T00:22:55.039780,moyenne
BJ-703504CF,Optique,Télécommunications,Ndali,+229 66 46 83 71,optique@optique.bj,optique.bj,PME (10-50),B2B,CCIB Annuaire,,Actif,2026-06-29T00:22:55.039811,haute
BJ-230BC5B3,Fiber SARL,Télécommunications,Ségbana,+229 46 25 61 87,fiber.sarl@fibersarl.com.bj,fibersarl.bj,PME (10-50),B2B,CCIB Annuaire,,Actif,2026-06-29T00:22:55.039943,haute
BJ-6AEA24C2,Wireless SA,Télécommunications,Ségbana,+229 40 42 13 23,wireless@wirelesssa.org.bj,wirelesssa.bj,Grande (>200),B2C,CCIB Annuaire,,Actif,2026-06-29T00:22:55.039995,haute
BJ-A7E9AF26,Mobile Connect Networks,Télécommunications,Ségbana,+229 35 63 22 23,mobileconnect@mobileconnectne.com.bj,,PME (50-200),B2B,CCIB Annuaire,,Actif,2026-06-29T00:22:55.040045,moyenne
BJ-330AC936,Fibre Digital,Télécommunications,Ségbana,+229 86 11 68 18,fibre.digital@fibredigital.com.bj,fibredigital.bj,TPE (<10),B2C,CCIB Annuaire,,Actif,2026-06-29T00:22:55.040094,haute
BJ-3536838A,Fréquence,Télécommunications,Tchaourou,+229 89 30 45 26,fréquence@fréquence.com.bj,fréquence.bj,PME (10-50),B2B,CCIB Annuaire,,Actif,2026-06-29T00:22:55.040132,haute
BJ-1CECF02F,Réseau Trunk,Télécommunications,Tchaourou,+229 72 60 24 39,réseautrunk@hotmail.com,réseautrunk.bj,PME (10-50),B2C,CCIB Annuaire,,Actif,2026-06-29T00:22:55.040163,haute
BJ-6FEB4B51,BTS,Télécommunications,Tchaourou,+229 87 83 10 65,bts@gmail.com,bts.bj,TPE (<10),B2B,CCIB Annuaire,,Actif,2026-06-29T00:22:55.040196,haute
BJ-62434BA1,Satellite Ping Connect Tchaourou,Télécommunications,Tchaourou,+229 29 88 31 73,satellite.ping@yahoo.fr,satellitepingconnecttchaourou.bj,TPE (<10),B2C,CCIB Annuaire,,Actif,2026-06-29T00:22:55.040232,haute
BJ-0DF4D8F2,Communication Bénin,Télécommunications,Tchaourou,+229 53 20 55 77,communicationbénin@communicationbé.bj,communicationbénin.bj,Grande (>200),B2B,CCIB Annuaire,,Actif,2026-06-29T00:22:55.040276,haute
BJ-3770B1F7,Internet,Télécommunications,Bétérou,+229 80 73 39 61,internet@gmail.com,internet.bj,Grande (>200),B2B,CCIB Annuaire,,Actif,2026-06-29T00:22:55.040318,haute
BJ-83341FFC,Wireless MPLS,Télécommunications,Bétérou,+229 24 23 27 23,wireless.mpls@hotmail.com,wirelessmpls.bj,TPE (<10),B2C,CCIB Annuaire,,Actif,2026-06-29T00:22:55.040352,haute
BJ-44FC5E0B,SD-WAN Bétérou,Télécommunications,Bétérou,+229 24 74 97 20,w.bétérou@yahoo.fr,sdwanbétérou.bj,PME (10-50),B2C,CCIB Annuaire,,Actif,2026-06-29T00:22:55.040388,haute
BJ-E5370495,Sans Networks,Télécommunications,Bétérou,+229 99 28 37 45,sans_networks@sansnetworks.com.bj,sansnetworks.bj,TPE (<10),B2C,CCIB Annuaire,,Actif,2026-06-29T00:22:55.040415,haute
BJ-FCB14C61,Connect Opérateur Ouessè,Télécommunications,Ouessè,+229 41 83 23 30,connectopérateur@gmail.com,connectopérateurouessè.bj,PME (10-50),B2B,CCIB Annuaire,,Actif,2026-06-29T00:22:55.040458,haute
BJ-876651B2,Télécom Mobile,Télécommunications,Ouessè,+229 48 64 20 84,télécommobile@gmail.com,télécommobile.bj,TPE (<10),B2C,CCIB Annuaire,,Actif,2026-06-29T00:22:55.040496,haute
BJ-E3CB4466,Couverture,Télécommunications,Ouessè,+229 51 58 38 16,couverture@couverture.bj,couverture.bj,Grande (>200),B2C,CCIB Annuaire,,Actif,2026-06-29T00:22:55.040512,haute
BJ-168DE996,Coverage,Télécommunications,Ouessè,+229 41 50 85 95,coverage@gmail.com,coverage.bj,TPE (<10),B2B,CCIB Annuaire,,Actif,2026-06-29T00:22:55.040565,haute
BJ-9D269038,MPLS Telecom,Télécommunications,Ouessè,+229 30 89 39 97,mplstelecom@gmail.com,mplstelecom.bj,PME (10-50),B2B,CCIB Annuaire,,Actif,2026-06-29T00:22:55.040595,haute
BJ-2C5E5FFE,SD-WAN Digital,Télécommunications,Glazoué,+229 78 55 51 45,wandigital@yahoo.fr,,PME (50-200),B2C,CCIB Annuaire,,Actif,2026-06-29T00:22:55.040660,moyenne
BJ-2A1B2E4A,Wireless Centrex,Télécommunications,Glazoué,+229 83 58 50 12,wirelesscentrex@wirelesscentrex.bj,wirelesscentrex.bj,PME (50-200),B2C,CCIB Annuaire,,Actif,2026-06-29T00:22:55.040718,haute
BJ-647CA565,Mobile Coverage SARL Glazoué,Télécommunications,Glazoué,+229 81 64 41 64,mobilecoverage@hotmail.com,mobilecoveragesarlglazoué.bj,PME (50-200),B2C,CCIB Annuaire,,Actif,2026-06-29T00:22:55.040756,haute
BJ-E659B9D3,4G SARL Glazoué,Télécommunications,Glazoué,+229 86 31 50 26,sarlglazoué@4gsarlglazoué.com.bj,4gsarlglazoué.bj,TPE (<10),B2B,CCIB Annuaire,,Actif,2026-06-29T00:22:55.040792,haute
BJ-9B4E1416,Internet MPLS Telecom,Télécommunications,Glazoué,+229 91 98 30 66,internetmpls@internetmplstel.org.bj,internetmplstelecom.bj,Grande (>200),B2B,CCIB Annuaire,,Actif,2026-06-29T00:22:55.040830,haute
BJ-AE782EC1,Digital Bandwidth Groupe,Télécommunications,Dassa-Zoumè,+229 33 74 63 61,digital.bandwidth@hotmail.com,digitalbandwidthgroupe.bj,PME (50-200),B2B,CCIB Annuaire,,Actif,2026-06-29T00:22:55.040874,haute
BJ-EC9F1E2D,Wireless,Télécommunications,Dassa-Zoumè,+229 71 19 53 29,wireless@outlook.com,wireless.bj,PME (10-50),B2B,CCIB Annuaire,,Actif,2026-06-29T00:22:55.040915,haute
BJ-47DF6CCD,Fiber Optique Groupe,Télécommunications,Dassa-Zoumè,+229 57 13 22 73,f.optique@hotmail.com,fiberoptiquegroupe.bj,PME (10-50),B2B,CCIB Annuaire,,Actif,2026-06-29T00:22:55.040940,haute
BJ-7644DC09,Digital Trunk Groupe Dassa-Zoumè,Télécommunications,Dassa-Zoumè,+229 90 30 10 21,digital.trunk@yahoo.fr,digitaltrunkgroupedassazoumè.bj,TPE (<10),B2B,CCIB Annuaire,,Actif,2026-06-29T00:22:55.040960,haute
BJ-3695693A,Internet Fibre International,Télécommunications,Dassa-Zoumè,+229 23 49 56 11,internetfibre@internetfibrein.bj,internetfibreinternational.bj,TPE (<10),B2B,CCIB Annuaire,,Actif,2026-06-29T00:22:55.040978,haute
BJ-C659069A,Radio Digital Savalou,Télécommunications,Savalou,+229 66 56 88 80,r.digital@radiodigitalsav.com.bj,radiodigitalsavalou.bj,PME (10-50),B2C,CCIB Annuaire,,Actif,2026-06-29T00:22:55.041004,haute
BJ-3208C7F9,Mobile Relais SA Savalou,Télécommunications,Savalou,+229 95 99 66 36,mobile.relais@mobilerelaissas.org.bj,mobilerelaissasavalou.bj,PME (10-50),B2B,CCIB Annuaire,,Actif,2026-06-29T00:22:55.041021,haute
BJ-C079F1CD,Coaxial Telecom,Télécommunications,Savalou,+229 27 38 86 84,c.telecom@coaxialtelecom.com.bj,coaxialtelecom.bj,PME (50-200),B2B,CCIB Annuaire,,Actif,2026-06-29T00:22:55.041053,haute
BJ-855B183F,Fiber Opérateur Networks Savalou,Télécommunications,Savalou,+229 34 15 60 98,fiber_opérateur@outlook.com,fiberopérateurnetworkssavalou.bj,PME (10-50),B2B,CCIB Annuaire,,Actif,2026-06-29T00:22:55.041072,haute
BJ-130439E2,Satellite MPLS SARL,Télécommunications,Savalou,+229 71 23 74 13,s.mpls@hotmail.com,satellitemplssarl.bj,TPE (<10),B2C,CCIB Annuaire,,Actif,2026-06-29T00:22:55.041087,haute
BJ-D8EE9CA7,Digital Groupe,Télécommunications,Bantè,+229 52 64 56 22,digitalgroupe@digitalgroupe.org.bj,digitalgroupe.bj,PME (10-50),B2C,CCIB Annuaire,,Actif,2026-06-29T00:22:55.041110,haute
BJ-CE31E177,Vitesse Bénin,Télécommunications,Bantè,+229 81 34 64 50,vitessebénin@hotmail.com,vitessebénin.bj,TPE (<10),B2C,CCIB Annuaire,,Actif,2026-06-29T00:22:55.041127,haute
BJ-5D2C5F00,Satellite Coaxial Bénin,Télécommunications,Bantè,+229 69 11 18 87,s.coaxial@hotmail.com,satellitecoaxialbénin.bj,PME (10-50),B2C,CCIB Annuaire,,Actif,2026-06-29T00:22:55.041179,haute
BJ-66066262,Satellite Tech,Télécommunications,Bantè,+229 47 15 65 82,satellite.tech@satellitetech.org.bj,satellitetech.bj,PME (50-200),B2C,CCIB Annuaire,,Actif,2026-06-29T00:22:55.041196,haute
BJ-95FE4E08,Antenne Bantè,Télécommunications,Bantè,+229 99 78 40 92,a.bantè@antennebantè.com.bj,antennebantè.bj,PME (50-200),B2B,CCIB Annuaire,,Actif,2026-06-29T00:22:55.041214,haute
BJ-37D1053D,Internet Vitesse,Télécommunications,Djougou,+229 74 12 73 57,internetvitesse@internetvitesse.org.bj,internetvitesse.bj,PME (10-50),B2C,CCIB Annuaire,,Actif,2026-06-29T00:22:55.041237,haute
BJ-8E98F488,Mobile VPN SARL,Télécommunications,Djougou,+229 96 69 26 94,m.vpn@mobilevpnsarl.org.bj,mobilevpnsarl.bj,Grande (>200),B2B,CCIB Annuaire,,Actif,2026-06-29T00:22:55.041255,haute
BJ-D8961182,Fiber Communication,Télécommunications,Djougou,+229 94 59 85 79,fibercommunication@fibercommunicat.bj,fibercommunication.bj,TPE (<10),B2B,CCIB Annuaire,,Actif,2026-06-29T00:22:55.041297,haute
BJ-B015D6D2,Télécom Tech Networks Djougou,Télécommunications,Djougou,+229 54 68 85 80,télécom_tech@outlook.com,télécomtechnetworksdjougou.bj,PME (10-50),B2B,CCIB Annuaire,,Actif,2026-06-29T00:22:55.041333,haute
BJ-EC62ACC9,Digital Wireless SARL,Télécommunications,Djougou,+229 40 59 40 16,digitalwireless@yahoo.com,digitalwirelesssarl.bj,TPE (<10),B2C,CCIB Annuaire,,Actif,2026-06-29T00:22:55.041352,haute
BJ-D04382BA,Mobile 5G Africa,Télécommunications,Ouèssè,+229 80 51 67 77,mobile_africa@yahoo.com,mobile5gafrica.bj,TPE (<10),B2B,CCIB Annuaire,,Actif,2026-06-29T00:22:55.041376,haute
BJ-1D2AB6CD,Internet Réseau Telecom Ouèssè,Télécommunications,Ouèssè,+229 80 88 58 23,internet.réseau@internetréseaut.bj,internetréseautelecomouèssè.bj,TPE (<10),B2C,CCIB Annuaire,,Actif,2026-06-29T00:22:55.041396,haute
BJ-3E6FB7F7,Coverage Networks Ouèssè,Télécommunications,Ouèssè,+229 45 50 49 88,coveragenetworks@coveragenetwork.com.bj,,TPE (<10),B2C,CCIB Annuaire,,Actif,2026-06-29T00:22:55.041421,moyenne
BJ-17A5F3F0,Mobile Câble,Télécommunications,Ouèssè,+229 44 15 29 23,mobilecâble@mobilecâble.com.bj,mobilecâble.bj,PME (10-50),B2C,CCIB Annuaire,,Actif,2026-06-29T00:22:55.041458,haute
BJ-D1A8EFBA,Data Groupe,Télécommunications,Ouèssè,+229 59 78 28 61,data.groupe@datagroupe.bj,datagroupe.bj,PME (50-200),B2C,CCIB Annuaire,,Actif,2026-06-29T00:22:55.041486,haute
BJ-68951032,Satellite Latence Bénin,Télécommunications,Bassila,+229 20 18 80 57,satellitelatence@satellitelatenc.bj,satellitelatencebénin.bj,PME (50-200),B2B,CCIB Annuaire,,Actif,2026-06-29T00:22:55.041536,haute
BJ-971D1B61,Couverture SA,Télécommunications,Bassila,+229 96 80 45 46,couverture@gmail.com,,PME (50-200),B2C,CCIB Annuaire,,Actif,2026-06-29T00:22:55.041566,moyenne
BJ-9A839108,Débit,Télécommunications,Bassila,+229 55 47 62 10,débit@débit.org.bj,débit.bj,PME (50-200),B2C,CCIB Annuaire,,Actif,2026-06-29T00:22:55.041601,haute
BJ-55D1B139,Couverture Bassila,Télécommunications,Bassila,+229 46 20 31 36,c.bassila@yahoo.fr,couverturebassila.bj,PME (10-50),B2C,CCIB Annuaire,,Actif,2026-06-29T00:22:55.041636,haute
BJ-F9971B95,Internet Data International,Télécommunications,Bassila,+229 45 12 50 12,internet.data@internetdataint.bj,internetdatainternational.bj,PME (10-50),B2C,CCIB Annuaire,,Actif,2026-06-29T00:22:55.041671,haute
BJ-F7CBFEC1,Réseau Fibre,Télécommunications,Pehunco,+229 33 77 83 57,r.fibre@réseaufibre.bj,réseaufibre.bj,TPE (<10),B2B,CCIB Annuaire,,Actif,2026-06-29T00:22:55.041731,haute
BJ-A294CD68,Connect Digital,Télécommunications,Pehunco,+229 86 52 11 64,connect.digital@connectdigital.org.bj,connectdigital.bj,PME (50-200),B2B,CCIB Annuaire,,Actif,2026-06-29T00:22:55.041763,haute
BJ-AF70D712,Fiber SIP Connect,Télécommunications,Pehunco,+229 86 31 20 32,f.sip@fibersipconnect.bj,fibersipconnect.bj,Grande (>200),B2C,CCIB Annuaire,,Actif,2026-06-29T00:22:55.041797,haute
BJ-CF2986FF,Data Networks,Télécommunications,Pehunco,+229 52 10 80 75,data.networks@outlook.com,,PME (50-200),B2C,CCIB Annuaire,,Actif,2026-06-29T00:22:55.041826,moyenne
BJ-B45D41CB,BTS International,Télécommunications,Pehunco,+229 73 21 49 92,btsinternational@outlook.com,btsinternational.bj,PME (50-200),B2B,CCIB Annuaire,,Actif,2026-06-29T00:22:55.041870,haute
BJ-6AA20017,Voice Connect Copargo,Télécommunications,Copargo,+229 79 57 55 48,voice.connect@voiceconnectcop.bj,voiceconnectcopargo.bj,PME (10-50),B2C,CCIB Annuaire,,Actif,2026-06-29T00:22:55.041925,haute
BJ-6676B4C2,Fiber Tech,Télécommunications,Copargo,+229 24 97 48 70,fiber.tech@fibertech.org.bj,fibertech.bj,PME (10-50),B2B,CCIB Annuaire,,Actif,2026-06-29T00:22:55.041951,haute
BJ-102FBB37,Antenne Copargo,Télécommunications,Copargo,+229 31 64 93 43,antenne.copargo@outlook.com,antennecopargo.bj,TPE (<10),B2B,CCIB Annuaire,,Actif,2026-06-29T00:22:55.041980,haute
BJ-CFE90DF0,SIP International,Télécommunications,Copargo,+229 48 25 60 45,sip.international@outlook.com,sipinternational.bj,PME (10-50),B2B,CCIB Annuaire,,Actif,2026-06-29T00:22:55.042004,haute
BJ-48B3D153,Voice Africa,Télécommunications,Copargo,+229 67 86 74 70,voiceafrica@gmail.com,voiceafrica.bj,TPE (<10),B2C,CCIB Annuaire,,Actif,2026-06-29T00:22:55.042035,haute
BJ-D727C457,Ets Mouton,Agriculture & Agroalimentaire,Cotonou,+229 67 47 42 30,,etsmouton.bj,PME (50-200),B2B,CCIB Annuaire,,Actif,2026-06-29T00:22:55.042074,moyenne
BJ-CC2CA3A6,Groupe Miel Agro Cotonou,Agriculture & Agroalimentaire,Cotonou,+229 78 51 68 92,,groupemielagrocotonou.bj,TPE (<10),B2B,CCIB Annuaire,,Actif,2026-06-29T00:22:55.042103,moyenne
BJ-4374FAFC,Ets Mangue,Agriculture & Agroalimentaire,Cotonou,+229 76 55 40 44,,,PME (10-50),B2B,CCIB Annuaire,,Actif,2026-06-29T00:22:55.042126,basse
BJ-6390A2DB,Ferme Manioc,Agriculture & Agroalimentaire,Cotonou,+229 45 93 44 41,fermemanioc@yahoo.com,fermemanioc.bj,Grande (>200),B2C,CCIB Annuaire,,Actif,2026-06-29T00:22:55.042153,haute
BJ-2FEB79EE,Huile Abomey-Calavi,Agriculture & Agroalimentaire,Abomey-Calavi,+229 72 38 20 40,huileabomey@huileabomeycala.bj,huileabomeycalavi.bj,TPE (<10),B2B,CCIB Annuaire,,Actif,2026-06-29T00:22:55.042214,haute
BJ-B1990AD4,Exploitation Ananas,Agriculture & Agroalimentaire,Abomey-Calavi,+229 95 58 61 74,exploitationananas@exploitationana.com.bj,exploitationananas.bj,PME (50-200),B2C,CCIB Annuaire,,Actif,2026-06-29T00:22:55.042243,haute
BJ-577683B6,Production Café,Agriculture & Agroalimentaire,Abomey-Calavi,+229 75 22 92 85,p.café@productioncafé.org.bj,productioncafé.bj,PME (50-200),B2B,CCIB Annuaire,,Actif,2026-06-29T00:22:55.042279,haute
BJ-4563855E,Semence SARL,Agriculture & Agroalimentaire,Abomey-Calavi,+229 85 35 76 26,semence_sarl@semencesarl.com.bj,semencesarl.bj,PME (50-200),B2C,CCIB Annuaire,,Actif,2026-06-29T00:22:55.042314,haute
BJ-479B9EC5,Ferme Tomate,Agriculture & Agroalimentaire,Abomey-Calavi,+229 44 37 60 90,fermetomate@fermetomate.bj,,Grande (>200),B2B,CCIB Annuaire,,Actif,2026-06-29T00:22:55.042342,moyenne
BJ-4DD89CD2,Bétail,Agriculture & Agroalimentaire,Porto-Novo,+229 91 10 32 51,bétail@yahoo.fr,bétail.bj,TPE (<10),B2C,CCIB Annuaire,,Actif,2026-06-29T00:22:55.042382,haute
BJ-1C979D71,Œuf,Agriculture & Agroalimentaire,Porto-Novo,+229 40 38 67 76,œuf@hotmail.com,,TPE (<10),B2B,CCIB Annuaire,,Actif,2026-06-29T00:22:55.042407,moyenne
BJ-7453884A,Coopérative Œuf Bénin,Agriculture & Agroalimentaire,Porto-Novo,+229 62 34 60 41,coopérativeœuf@coopérativeœufb.com.bj,,PME (10-50),B2C,CCIB Annuaire,,Actif,2026-06-29T00:22:55.042455,moyenne
BJ-9C282B83,Domaine Millet,Agriculture & Agroalimentaire,Porto-Novo,+229 66 15 91 37,,,Grande (>200),B2C,CCIB Annuaire,,Actif,2026-06-29T00:22:55.042479,basse
BJ-3405C9BE,Ail,Agriculture & Agroalimentaire,Porto-Novo,+229 90 56 73 18,ail@ail.org.bj,ail.bj,TPE (<10),B2C,CCIB Annuaire,,Actif,2026-06-29T00:22:55.042512,haute
BJ-2A26B590,Domaine Santé,Agriculture & Agroalimentaire,Parakou,+229 60 80 68 10,domainesanté@domainesanté.bj,,PME (10-50),B2B,CCIB Annuaire,,Actif,2026-06-29T00:22:55.042559,moyenne
BJ-DFF1ADB0,Millet SARL,Agriculture & Agroalimentaire,Parakou,+229 75 20 70 64,millet.sarl@gmail.com,,TPE (<10),B2B,CCIB Annuaire,,Actif,2026-06-29T00:22:55.042592,moyenne
BJ-6B33919D,Huile,Agriculture & Agroalimentaire,Parakou,+229 83 33 96 18,huile@yahoo.com,,TPE (<10),B2C,CCIB Annuaire,,Actif,2026-06-29T00:22:55.042618,moyenne
BJ-BC2AE1DE,Groupe Animale,Agriculture & Agroalimentaire,Parakou,+229 97 36 10 22,,,PME (10-50),B2B,CCIB Annuaire,,Actif,2026-06-29T00:22:55.042650,basse
BJ-45C780A2,SARL Fromage Africa,Agriculture & Agroalimentaire,Parakou,+229 92 55 24 66,sarlfromage@sarlfromageafri.bj,,TPE (<10),B2B,CCIB Annuaire,,Actif,2026-06-29T00:22:55.042695,moyenne
BJ-A1C73E36,Lait Bohicon,Agriculture & Agroalimentaire,Bohicon,+229 84 93 95 64,lait.bohicon@laitbohicon.org.bj,laitbohicon.bj,PME (10-50),B2B,CCIB Annuaire,,Actif,2026-06-29T00:22:55.042759,haute
BJ-53F6A2B2,Exploitation Cacao Bénin,Agriculture & Agroalimentaire,Bohicon,+229 62 71 12 63,exploitation.cacao@yahoo.com,exploitationcacaobénin.bj,PME (10-50),B2B,CCIB Annuaire,,Actif,2026-06-29T00:22:55.042793,haute
BJ-952084EB,Vétérinaire,Agriculture & Agroalimentaire,Bohicon,+229 52 71 92 81,,,Grande (>200),B2B,CCIB Annuaire,,Actif,2026-06-29T00:22:55.042820,basse
BJ-462A842D,Production Œuf Ets,Agriculture & Agroalimentaire,Bohicon,+229 87 59 21 52,,productionœufets.bj,PME (50-200),B2B,CCIB Annuaire,,Actif,2026-06-29T00:22:55.042852,moyenne
BJ-3F32B52D,Mangue Groupe,Agriculture & Agroalimentaire,Bohicon,+229 73 63 61 81,m.groupe@manguegroupe.bj,,Grande (>200),B2C,CCIB Annuaire,,Actif,2026-06-29T00:22:55.042884,moyenne
BJ-613AC06A,Ferme Agro Africa,Agriculture & Agroalimentaire,Natitingou,+229 83 50 48 48,ferme.agro@gmail.com,fermeagroafrica.bj,TPE (<10),B2B,CCIB Annuaire,,Actif,2026-06-29T00:22:55.042949,haute
BJ-353184C1,Ets Fromage Plantation Natitingou,Agriculture & Agroalimentaire,Natitingou,+229 66 85 20 83,e.fromage@etsfromageplant.com.bj,etsfromageplantationnatitingou.bj,TPE (<10),B2C,CCIB Annuaire,,Actif,2026-06-29T00:22:55.042986,haute
BJ-80EAE674,Coopérative Manioc Coop,Agriculture & Agroalimentaire,Natitingou,+229 76 67 50 66,coopérative.manioc@coopérativemani.com.bj,coopérativemanioccoop.bj,Grande (>200),B2C,CCIB Annuaire,,Actif,2026-06-29T00:22:55.043035,haute
BJ-330770F3,SARL Agriculture Production Natitingou,Agriculture & Agroalimentaire,Natitingou,+229 28 71 35 98,sarl.agriculture@hotmail.com,sarlagricultureproductionnatitingou.bj,PME (10-50),B2C,CCIB Annuaire,,Actif,2026-06-29T00:22:55.043065,haute
BJ-67CAF9CF,Domaine Gombo Groupe,Agriculture & Agroalimentaire,Natitingou,+229 40 82 54 32,domaine.gombo@domainegombogro.com.bj,,PME (10-50),B2B,CCIB Annuaire,,Actif,2026-06-29T00:22:55.043088,moyenne
BJ-753F3E70,Agriculture Bénin,Agriculture & Agroalimentaire,Lokossa,+229 49 23 74 97,agriculture.bénin@agriculturebéni.bj,agriculturebénin.bj,PME (10-50),B2C,CCIB Annuaire,,Actif,2026-06-29T00:22:55.043139,haute
BJ-D0001C6A,Production Animale,Agriculture & Agroalimentaire,Lokossa,+229 78 66 66 86,p.animale@productionanima.org.bj,,TPE (<10),B2C,CCIB Annuaire,,Actif,2026-06-29T00:22:55.043180,moyenne
BJ-25EF804F,Exploitation Palme Coop,Agriculture & Agroalimentaire,Lokossa,+229 83 91 74 36,,exploitationpalmecoop.bj,PME (50-200),B2C,CCIB Annuaire,,Actif,2026-06-29T00:22:55.043202,moyenne
BJ-0524DDFA,Lait Africa,Agriculture & Agroalimentaire,Lokossa,+229 42 64 69 75,,laitafrica.bj,PME (10-50),B2C,CCIB Annuaire,,Actif,2026-06-29T00:22:55.043221,moyenne
BJ-4BD2E4DB,Karité Bénin,Agriculture & Agroalimentaire,Lokossa,+229 86 15 48 15,karitébénin@hotmail.com,,TPE (<10),B2C,CCIB Annuaire,,Actif,2026-06-29T00:22:55.043255,moyenne
BJ-2F98AFD3,Palme Africa Ouidah,Agriculture & Agroalimentaire,Ouidah,+229 57 35 31 16,palmeafrica@palmeafricaouid.bj,,PME (10-50),B2C,CCIB Annuaire,,Actif,2026-06-29T00:22:55.043304,moyenne
BJ-D71E538C,Oignon Farm,Agriculture & Agroalimentaire,Ouidah,+229 62 33 63 36,oignon.farm@hotmail.com,,PME (10-50),B2C,CCIB Annuaire,,Actif,2026-06-29T00:22:55.043323,moyenne
BJ-6CBA710D,Groupe Agriculture Ouidah,Agriculture & Agroalimentaire,Ouidah,+229 99 74 88 32,groupe.agriculture@groupeagricultu.com.bj,groupeagricultureouidah.bj,PME (50-200),B2B,CCIB Annuaire,,Actif,2026-06-29T00:22:55.043341,haute
BJ-8D6E84DB,Domaine Tomate Plantation,Agriculture & Agroalimentaire,Ouidah,+229 84 75 64 51,domaine.tomate@outlook.com,,PME (50-200),B2B,CCIB Annuaire,,Actif,2026-06-29T00:22:55.043356,moyenne
BJ-F72DA615,Tomate,Agriculture & Agroalimentaire,Ouidah,+229 26 52 14 14,tomate@hotmail.com,tomate.bj,PME (50-200),B2C,CCIB Annuaire,,Actif,2026-06-29T00:22:55.043370,haute
BJ-2AF34071,Fromage,Agriculture & Agroalimentaire,Savalou,+229 79 93 49 74,fromage@fromage.org.bj,,TPE (<10),B2B,CCIB Annuaire,,Actif,2026-06-29T00:22:55.043392,moyenne
BJ-8E6E4ECD,Ferme Savalou,Agriculture & Agroalimentaire,Savalou,+229 24 66 60 95,,,PME (10-50),B2C,CCIB Annuaire,,Actif,2026-06-29T00:22:55.043405,basse
BJ-55BC2BC0,Huile,Agriculture & Agroalimentaire,Savalou,+229 75 33 71 68,huile@gmail.com,huile.bj,PME (10-50),B2C,CCIB Annuaire,,Actif,2026-06-29T00:22:55.043422,haute
BJ-AD24A8BB,Maïs,Agriculture & Agroalimentaire,Dassa-Zoumè,+229 91 93 24 99,maïs@yahoo.com,,TPE (<10),B2B,CCIB Annuaire,,Actif,2026-06-29T00:22:55.043475,moyenne
BJ-FDFBC939,Exploitation Agriculture Dassa-Zoumè,Agriculture & Agroalimentaire,Dassa-Zoumè,+229 45 40 20 90,e.agriculture@yahoo.com,exploitationagriculturedassazoumè.bj,PME (50-200),B2C,CCIB Annuaire,,Actif,2026-06-29T00:22:55.043504,haute
BJ-FF8BDEDC,Bœuf Dassa-Zoumè,Agriculture & Agroalimentaire,Dassa-Zoumè,+229 44 93 76 36,bœuf.dassa@yahoo.fr,bœufdassazoumè.bj,Grande (>200),B2C,CCIB Annuaire,,Actif,2026-06-29T00:22:55.043544,haute
BJ-2920B628,Coopérative Alimentaire Production,Agriculture & Agroalimentaire,Dassa-Zoumè,+229 85 49 27 32,coopérative.alimentaire@yahoo.com,coopérativealimentaireproduction.bj,PME (50-200),B2B,CCIB Annuaire,,Actif,2026-06-29T00:22:55.043586,haute
BJ-CE404990,Oignon Ets,Agriculture & Agroalimentaire,Dassa-Zoumè,+229 89 17 66 57,oignon.ets@yahoo.com,oignonets.bj,TPE (<10),B2C,CCIB Annuaire,,Actif,2026-06-29T00:22:55.043617,haute
BJ-000CE0B6,Piment,Agriculture & Agroalimentaire,Kétou,+229 29 18 18 75,piment@piment.org.bj,,PME (10-50),B2B,CCIB Annuaire,,Actif,2026-06-29T00:22:55.043654,moyenne
BJ-1D425714,Coopérative Fruit Africa,Agriculture & Agroalimentaire,Kétou,+229 72 16 54 64,,,TPE (<10),B2C,CCIB Annuaire,,Actif,2026-06-29T00:22:55.043673,basse
BJ-A982418E,Production Animale Bénin,Agriculture & Agroalimentaire,Kétou,+229 23 42 94 48,,productionanimalebénin.bj,PME (50-200),B2B,CCIB Annuaire,,Actif,2026-06-29T00:22:55.043709,moyenne
BJ-30C20D5D,Coopérative Riz Kétou,Agriculture & Agroalimentaire,Kétou,+229 80 46 51 84,coopérativeriz@coopérativerizk.org.bj,coopérativerizkétou.bj,PME (10-50),B2B,CCIB Annuaire,,Actif,2026-06-29T00:22:55.043756,haute
BJ-5E9EC78E,Huile,Agriculture & Agroalimentaire,Kétou,+229 33 39 29 87,huile@hotmail.com,,PME (10-50),B2C,CCIB Annuaire,,Actif,2026-06-29T00:22:55.043792,moyenne
BJ-606D3BEA,Fruit,Agriculture & Agroalimentaire,Covè,+229 68 82 20 86,fruit@fruit.org.bj,,PME (10-50),B2C,CCIB Annuaire,,Actif,2026-06-29T00:22:55.043837,moyenne
BJ-E9AAC981,SARL Lait Ets,Agriculture & Agroalimentaire,Covè,+229 61 32 29 77,sarllait@outlook.com,,TPE (<10),B2B,CCIB Annuaire,,Actif,2026-06-29T00:22:55.043872,moyenne
BJ-7D69C0E2,Production Taro Plantation Covè,Agriculture & Agroalimentaire,Covè,+229 64 88 41 50,productiontaro@gmail.com,,TPE (<10),B2C,CCIB Annuaire,,Actif,2026-06-29T00:22:55.043917,moyenne
BJ-21ACCAB6,Manioc,Agriculture & Agroalimentaire,Covè,+229 51 18 17 65,,,PME (10-50),B2C,CCIB Annuaire,,Actif,2026-06-29T00:22:55.043937,basse
BJ-28002C71,Lait,Agriculture & Agroalimentaire,Covè,+229 39 70 79 72,lait@lait.org.bj,lait.bj,TPE (<10),B2C,CCIB Annuaire,,Actif,2026-06-29T00:22:55.043961,haute
BJ-97BE5F9E,Exploitation Poulet,Agriculture & Agroalimentaire,Pobè,+229 67 51 23 13,exploitation.poulet@exploitationpou.org.bj,exploitationpoulet.bj,PME (50-200),B2C,CCIB Annuaire,,Actif,2026-06-29T00:22:55.044014,haute
BJ-A32BAFEE,Plantation Igname Ets Pobè,Agriculture & Agroalimentaire,Pobè,+229 44 76 55 23,p.igname@hotmail.com,plantationignameetspobè.bj,Grande (>200),B2C,CCIB Annuaire,,Actif,2026-06-29T00:22:55.044050,haute
BJ-F86F59A8,Palme,Agriculture & Agroalimentaire,Pobè,+229 41 87 94 38,palme@hotmail.com,,TPE (<10),B2C,CCIB Annuaire,,Actif,2026-06-29T00:22:55.044092,moyenne
BJ-59008B3A,Oignon,Agriculture & Agroalimentaire,Pobè,+229 33 19 25 96,oignon@oignon.org.bj,oignon.bj,PME (50-200),B2C,CCIB Annuaire,,Actif,2026-06-29T00:22:55.044124,haute
BJ-2ADAF496,Ets Ananas Plantation Pobè,Agriculture & Agroalimentaire,Pobè,+229 72 50 42 44,e.ananas@etsananasplanta.bj,,PME (10-50),B2C,CCIB Annuaire,,Actif,2026-06-29T00:22:55.044160,moyenne
BJ-FF4C6B1B,Sorgho Coop Sakété,Agriculture & Agroalimentaire,Sakété,+229 97 29 39 46,sorghocoop@outlook.com,,PME (50-200),B2C,CCIB Annuaire,,Actif,2026-06-29T00:22:55.044210,moyenne
BJ-086A8FE0,Plantation Santé Production,Agriculture & Agroalimentaire,Sakété,+229 49 68 57 50,plantation.santé@outlook.com,,TPE (<10),B2C,CCIB Annuaire,,Actif,2026-06-29T00:22:55.044245,moyenne
BJ-BD5E4CC5,Mouton Plantation,Agriculture & Agroalimentaire,Sakété,+229 80 76 90 19,moutonplantation@moutonplantatio.org.bj,,TPE (<10),B2C,CCIB Annuaire,,Actif,2026-06-29T00:22:55.044280,moyenne
BJ-D27C088E,Porc Farm,Agriculture & Agroalimentaire,Sakété,+229 54 38 99 21,,porcfarm.bj,PME (10-50),B2B,CCIB Annuaire,,Actif,2026-06-29T00:22:55.044306,moyenne
BJ-DBA84041,Plantation Patate SARL,Agriculture & Agroalimentaire,Sakété,+229 55 61 41 32,p.patate@plantationpatat.bj,plantationpatatesarl.bj,TPE (<10),B2C,CCIB Annuaire,,Actif,2026-06-29T00:22:55.044347,haute
BJ-FC18C21A,Poulet Africa,Agriculture & Agroalimentaire,Adjara,+229 30 61 12 38,,pouletafrica.bj,PME (50-200),B2B,CCIB Annuaire,,Actif,2026-06-29T00:22:55.044384,moyenne
BJ-97FE8B99,Production Industrie Agro Adjara,Agriculture & Agroalimentaire,Adjara,+229 65 90 57 22,,productionindustrieagroadjara.bj,PME (10-50),B2B,CCIB Annuaire,,Actif,2026-06-29T00:22:55.044415,moyenne
BJ-F68B85BE,Domaine Aubergine,Agriculture & Agroalimentaire,Adjara,+229 60 12 85 54,domaine_aubergine@domaineaubergin.bj,,TPE (<10),B2C,CCIB Annuaire,,Actif,2026-06-29T00:22:55.044485,moyenne
BJ-FFEEEDB9,Œuf SARL,Agriculture & Agroalimentaire,Adjara,+229 79 71 70 83,œuf_sarl@œufsarl.bj,,TPE (<10),B2C,CCIB Annuaire,,Actif,2026-06-29T00:22:55.044525,moyenne
BJ-A3E8BAB4,Agro Gombo Agro Allada,Agriculture & Agroalimentaire,Allada,+229 40 14 56 15,agrogombo@agrogomboagroal.bj,,PME (10-50),B2B,CCIB Annuaire,,Actif,2026-06-29T00:22:55.044577,moyenne
BJ-2C5EF2E4,Exploitation Légume,Agriculture & Agroalimentaire,Allada,+229 68 99 19 92,exploitation.légume@gmail.com,exploitationlégume.bj,PME (10-50),B2C,CCIB Annuaire,,Actif,2026-06-29T00:22:55.044614,haute
BJ-C6ECE789,Domaine Poulet Ets Allada,Agriculture & Agroalimentaire,Allada,+229 70 70 14 45,domaine.poulet@domainepouletet.org.bj,domainepouletetsallada.bj,PME (10-50),B2B,CCIB Annuaire,,Actif,2026-06-29T00:22:55.044654,haute
BJ-0F68992D,Plantation Farm,Agriculture & Agroalimentaire,Aplahoué,+229 87 31 24 20,plantationfarm@hotmail.com,plantationfarm.bj,PME (50-200),B2C,CCIB Annuaire,,Actif,2026-06-29T00:22:55.044792,haute
BJ-1CD4FC77,Santé Ets,Agriculture & Agroalimentaire,Aplahoué,+229 42 51 50 33,s.ets@santéets.com.bj,,PME (50-200),B2C,CCIB Annuaire,,Actif,2026-06-29T00:22:55.044838,moyenne
BJ-941ECD11,Production Semence Aplahoué,Agriculture & Agroalimentaire,Aplahoué,+229 97 29 34 28,p.semence@hotmail.com,,TPE (<10),B2B,CCIB Annuaire,,Actif,2026-06-29T00:22:55.044903,moyenne
BJ-701CC8EE,Ferme Palme Farm,Agriculture & Agroalimentaire,Aplahoué,+229 99 21 60 69,ferme.palme@gmail.com,fermepalmefarm.bj,PME (50-200),B2C,CCIB Annuaire,,Actif,2026-06-29T00:22:55.044946,haute
BJ-2EA1BDB3,Domaine Plantation Africa,Agriculture & Agroalimentaire,Dogbo-Tota,+229 61 91 33 43,domaineplantation@domaineplantati.bj,,TPE (<10),B2C,CCIB Annuaire,,Actif,2026-06-29T00:22:55.045019,moyenne
BJ-B4FEC411,Miel Plantation Dogbo-Tota,Agriculture & Agroalimentaire,Dogbo-Tota,+229 67 30 79 16,mielplantation@gmail.com,,TPE (<10),B2C,CCIB Annuaire,,Actif,2026-06-29T00:22:55.045052,moyenne
BJ-75246B35,Maïs Dogbo-Tota,Agriculture & Agroalimentaire,Dogbo-Tota,+229 53 48 21 35,maïs.dogbo@maïsdogbotota.com.bj,maïsdogbotota.bj,PME (10-50),B2C,CCIB Annuaire,,Actif,2026-06-29T00:22:55.045090,haute
BJ-6C975763,Cacao,Agriculture & Agroalimentaire,Dogbo-Tota,+229 81 45 53 70,cacao@yahoo.com,cacao.bj,PME (50-200),B2C,CCIB Annuaire,,Actif,2026-06-29T00:22:55.045120,haute
BJ-90EB6D50,Ets Maïs Plantation,Agriculture & Agroalimentaire,Kpomassè,+229 30 20 50 73,e.maïs@yahoo.com,,TPE (<10),B2B,CCIB Annuaire,,Actif,2026-06-29T00:22:55.045170,moyenne
BJ-C22A4C7A,Ferme Maïs Bénin,Agriculture & Agroalimentaire,Kpomassè,+229 33 76 72 67,fermemaïs@fermemaïsbénin.com.bj,fermemaïsbénin.bj,TPE (<10),B2B,CCIB Annuaire,,Actif,2026-06-29T00:22:55.045209,haute
BJ-6C0EB2AA,Coopérative Élevage,Agriculture & Agroalimentaire,Kpomassè,+229 95 30 12 41,c.élevage@coopérativeélev.bj,,PME (50-200),B2C,CCIB Annuaire,,Actif,2026-06-29T00:22:55.045251,moyenne
BJ-497AF844,Élevage,Agriculture & Agroalimentaire,Kpomassè,+229 71 21 60 47,élevage@hotmail.com,,TPE (<10),B2C,CCIB Annuaire,,Actif,2026-06-29T00:22:55.045285,moyenne
BJ-D62DB642,Ferme Riz Farm,Agriculture & Agroalimentaire,Kpomassè,+229 41 18 43 95,ferme.riz@fermerizfarm.org.bj,,PME (10-50),B2B,CCIB Annuaire,,Actif,2026-06-29T00:22:55.045318,moyenne
BJ-8CB223F0,Manioc,Agriculture & Agroalimentaire,Tori-Bossito,+229 66 61 84 56,manioc@manioc.bj,,TPE (<10),B2B,CCIB Annuaire,,Actif,2026-06-29T00:22:55.045343,moyenne
BJ-D3B97E53,Maïs,Agriculture & Agroalimentaire,Tori-Bossito,+229 47 39 94 98,maïs@maïs.bj,maïs.bj,TPE (<10),B2C,CCIB Annuaire,,Actif,2026-06-29T00:22:55.045360,haute
BJ-AAF06DA0,Café,Agriculture & Agroalimentaire,Tori-Bossito,+229 27 58 17 18,café@yahoo.fr,café.bj,PME (10-50),B2C,CCIB Annuaire,,Actif,2026-06-29T00:22:55.045374,haute
BJ-EFAD5E15,Ets Bœuf Bénin,Agriculture & Agroalimentaire,Tori-Bossito,+229 39 86 89 35,,,TPE (<10),B2B,CCIB Annuaire,,Actif,2026-06-29T00:22:55.045387,basse
BJ-1466EBC7,Yaourt,Agriculture & Agroalimentaire,Tori-Bossito,+229 99 50 57 68,yaourt@yaourt.bj,,PME (10-50),B2C,CCIB Annuaire,,Actif,2026-06-29T00:22:55.045402,moyenne
BJ-6F300BD3,Exploitation Anacarde Ets Grand-Popo,Agriculture & Agroalimentaire,Grand-Popo,+229 21 92 89 73,exploitation.anacarde@exploitationana.org.bj,,PME (50-200),B2C,CCIB Annuaire,,Actif,2026-06-29T00:22:55.045431,moyenne
BJ-3AAC5F7C,Cacao Production Grand-Popo,Agriculture & Agroalimentaire,Grand-Popo,+229 92 95 81 60,c.production@yahoo.com,,PME (10-50),B2C,CCIB Annuaire,,Actif,2026-06-29T00:22:55.045449,moyenne
BJ-F0A5AA04,Palme Bénin,Agriculture & Agroalimentaire,Grand-Popo,+229 44 43 92 66,palmebénin@palmebénin.com.bj,,PME (10-50),B2C,CCIB Annuaire,,Actif,2026-06-29T00:22:55.045478,moyenne
BJ-77BB2FFB,Riz Coop,Agriculture & Agroalimentaire,Grand-Popo,+229 90 90 95 46,rizcoop@rizcoop.bj,,Grande (>200),B2B,CCIB Annuaire,,Actif,2026-06-29T00:22:55.045497,moyenne
BJ-6EFF0550,Oignon,Agriculture & Agroalimentaire,Grand-Popo,+229 58 61 93 60,oignon@hotmail.com,oignon.bj,TPE (<10),B2B,CCIB Annuaire,,Actif,2026-06-29T00:22:55.045511,haute
BJ-86BB35B7,Coopérative Oignon Athiémé,Agriculture & Agroalimentaire,Athiémé,+229 71 64 66 19,,coopérativeoignonathiémé.bj,PME (10-50),B2C,CCIB Annuaire,,Actif,2026-06-29T00:22:55.045534,moyenne
BJ-5ABFBA31,Transformation Coop,Agriculture & Agroalimentaire,Athiémé,+229 36 92 51 54,transformation.coop@transformationc.bj,transformationcoop.bj,TPE (<10),B2B,CCIB Annuaire,,Actif,2026-06-29T00:22:55.045553,haute
BJ-21A6DFB2,Production Élevage SARL,Agriculture & Agroalimentaire,Athiémé,+229 73 14 43 82,production.élevage@yahoo.fr,,TPE (<10),B2B,CCIB Annuaire,,Actif,2026-06-29T00:22:55.045576,moyenne
BJ-F2334358,Coopérative Poulet Coop,Agriculture & Agroalimentaire,Athiémé,+229 93 65 84 68,c.poulet@coopérativepoul.bj,coopérativepouletcoop.bj,PME (10-50),B2C,CCIB Annuaire,,Actif,2026-06-29T00:22:55.045597,haute
BJ-D6B99FBD,Aubergine,Agriculture & Agroalimentaire,Athiémé,+229 85 33 65 24,,aubergine.bj,PME (10-50),B2B,CCIB Annuaire,,Actif,2026-06-29T00:22:55.045610,moyenne
BJ-4108E909,Pesticide Plantation,Agriculture & Agroalimentaire,Bopa,+229 84 92 82 69,pesticide.plantation@pesticideplanta.bj,pesticideplantation.bj,PME (50-200),B2B,CCIB Annuaire,,Actif,2026-06-29T00:22:55.045638,haute
BJ-EFF1962E,Agro Miel,Agriculture & Agroalimentaire,Bopa,+229 35 10 78 41,a.miel@yahoo.fr,agromiel.bj,PME (10-50),B2C,CCIB Annuaire,,Actif,2026-06-29T00:22:55.045656,haute
BJ-AD501B31,Oignon Bopa,Agriculture & Agroalimentaire,Bopa,+229 60 27 41 99,,,TPE (<10),B2C,CCIB Annuaire,,Actif,2026-06-29T00:22:55.045669,basse
BJ-CD09DE77,Maïs Bopa,Agriculture & Agroalimentaire,Bopa,+229 25 16 12 80,,maïsbopa.bj,PME (10-50),B2C,CCIB Annuaire,,Actif,2026-06-29T00:22:55.045686,moyenne
BJ-60DB28F3,Coopérative Ferme Bénin Bopa,Agriculture & Agroalimentaire,Bopa,+229 48 59 68 22,coopérativeferme@yahoo.com,coopérativefermebéninbopa.bj,TPE (<10),B2C,CCIB Annuaire,,Actif,2026-06-29T00:22:55.045705,haute
BJ-6DFD95CC,Patate Plantation,Agriculture & Agroalimentaire,Houéyogbé,+229 41 97 42 31,patateplantation@yahoo.com,patateplantation.bj,PME (10-50),B2C,CCIB Annuaire,,Actif,2026-06-29T00:22:55.045730,haute
BJ-7DBECC02,Santé Groupe,Agriculture & Agroalimentaire,Houéyogbé,+229 93 73 76 13,santégroupe@outlook.com,,PME (10-50),B2C,CCIB Annuaire,,Actif,2026-06-29T00:22:55.045747,moyenne
BJ-7335A040,Production Pêche Bénin Houéyogbé,Agriculture & Agroalimentaire,Houéyogbé,+229 65 11 33 72,productionpêche@outlook.com,productionpêchebéninhouéyogbé.bj,PME (50-200),B2C,CCIB Annuaire,,Actif,2026-06-29T00:22:55.045766,haute
BJ-3E235C07,Exploitation Engrais Coop Houéyogbé,Agriculture & Agroalimentaire,Houéyogbé,+229 98 42 44 16,exploitationengrais@exploitationeng.bj,exploitationengraiscoophouéyogbé.bj,TPE (<10),B2C,CCIB Annuaire,,Actif,2026-06-29T00:22:55.045786,haute
BJ-A27920A6,Ferme Huile Ets,Agriculture & Agroalimentaire,Houéyogbé,+229 48 34 24 57,,fermehuileets.bj,PME (10-50),B2B,CCIB Annuaire,,Actif,2026-06-29T00:22:55.045799,moyenne
BJ-14A54588,Ferme Cacao Plantation,Agriculture & Agroalimentaire,Malanville,+229 35 61 10 75,fermecacao@yahoo.fr,,PME (50-200),B2B,CCIB Annuaire,,Actif,2026-06-29T00:22:55.045822,moyenne
BJ-D3E53B3E,Ets Animale,Agriculture & Agroalimentaire,Malanville,+229 35 97 27 50,ets.animale@gmail.com,etsanimale.bj,TPE (<10),B2C,CCIB Annuaire,,Actif,2026-06-29T00:22:55.045839,haute
BJ-4EAA6184,Industrie,Agriculture & Agroalimentaire,Malanville,+229 96 39 41 42,,industrie.bj,TPE (<10),B2B,CCIB Annuaire,,Actif,2026-06-29T00:22:55.045855,moyenne
BJ-611E1707,Maïs,Agriculture & Agroalimentaire,Malanville,+229 96 84 96 22,,maïs.bj,PME (50-200),B2C,CCIB Annuaire,,Actif,2026-06-29T00:22:55.045868,moyenne
BJ-EAFF5D6B,Ferme Semence,Agriculture & Agroalimentaire,Malanville,+229 87 71 16 61,,fermesemence.bj,TPE (<10),B2B,CCIB Annuaire,,Actif,2026-06-29T00:22:55.045885,moyenne
BJ-C5FC1749,Coopérative Agriculture,Agriculture & Agroalimentaire,Kandi,+229 28 49 81 65,,coopérativeagriculture.bj,Grande (>200),B2C,CCIB Annuaire,,Actif,2026-06-29T00:22:55.045945,moyenne
BJ-A53A3318,Aquaculture Coop,Agriculture & Agroalimentaire,Kandi,+229 34 56 46 98,aquaculturecoop@aquaculturecoop.bj,aquaculturecoop.bj,TPE (<10),B2C,CCIB Annuaire,,Actif,2026-06-29T00:22:55.045991,haute
BJ-959B6EEA,Agro Œuf Agro Kandi,Agriculture & Agroalimentaire,Kandi,+229 64 19 94 55,agroœuf@agroœufagrokand.bj,,TPE (<10),B2B,CCIB Annuaire,,Actif,2026-06-29T00:22:55.046033,moyenne
BJ-27743F5A,Production Gombo,Agriculture & Agroalimentaire,Kandi,+229 43 87 81 54,p.gombo@yahoo.com,,PME (10-50),B2C,CCIB Annuaire,,Actif,2026-06-29T00:22:55.046053,moyenne
BJ-E6BDFBE6,Exploitation Sorgho SARL,Agriculture & Agroalimentaire,Kandi,+229 73 68 42 17,exploitation.sorgho@exploitationsor.org.bj,exploitationsorghosarl.bj,PME (10-50),B2B,CCIB Annuaire,,Actif,2026-06-29T00:22:55.046071,haute
BJ-E15446CE,Ferme Groupe,Agriculture & Agroalimentaire,Banikoara,+229 54 80 81 49,fermegroupe@fermegroupe.org.bj,,TPE (<10),B2C,CCIB Annuaire,,Actif,2026-06-29T00:22:55.046106,moyenne
BJ-575D7431,Maïs SARL,Agriculture & Agroalimentaire,Banikoara,+229 82 64 60 85,maïssarl@yahoo.com,,PME (10-50),B2B,CCIB Annuaire,,Actif,2026-06-29T00:22:55.046155,moyenne
BJ-39CC41B9,Pêche Africa,Agriculture & Agroalimentaire,Banikoara,+229 25 57 93 50,pêcheafrica@outlook.com,pêcheafrica.bj,TPE (<10),B2C,CCIB Annuaire,,Actif,2026-06-29T00:22:55.046206,haute
BJ-D592E971,Anacarde Groupe,Agriculture & Agroalimentaire,Banikoara,+229 27 22 36 87,,anacardegroupe.bj,PME (10-50),B2C,CCIB Annuaire,,Actif,2026-06-29T00:22:55.046238,moyenne
BJ-3ACCF504,Coopérative Légume SARL,Agriculture & Agroalimentaire,Banikoara,+229 90 76 85 23,coopérativelégume@yahoo.fr,,PME (10-50),B2C,CCIB Annuaire,,Actif,2026-06-29T00:22:55.046260,moyenne
BJ-44AF10F4,Millet,Agriculture & Agroalimentaire,Ségbana,+229 32 16 91 23,millet@yahoo.fr,,Grande (>200),B2B,CCIB Annuaire,,Actif,2026-06-29T00:22:55.046286,moyenne
BJ-6D47D5A6,Aquaculture Africa Ségbana,Agriculture & Agroalimentaire,Ségbana,+229 20 68 71 75,aquaculture.africa@aquacultureafri.org.bj,aquacultureafricaségbana.bj,TPE (<10),B2B,CCIB Annuaire,,Actif,2026-06-29T00:22:55.046307,haute
BJ-814603A5,Plantation Anacarde Groupe Ségbana,Agriculture & Agroalimentaire,Ségbana,+229 48 82 29 23,plantation_anacarde@outlook.com,plantationanacardegroupeségbana.bj,TPE (<10),B2B,CCIB Annuaire,,Actif,2026-06-29T00:22:55.046329,haute
BJ-EB2427FF,Production Agro,Agriculture & Agroalimentaire,Ségbana,+229 34 62 16 59,productionagro@gmail.com,,TPE (<10),B2C,CCIB Annuaire,,Actif,2026-06-29T00:22:55.046359,moyenne
BJ-E7FEDE2B,Cacao Ets,Agriculture & Agroalimentaire,Ségbana,+229 85 35 62 54,cacao.ets@cacaoets.bj,cacaoets.bj,Grande (>200),B2C,CCIB Annuaire,,Actif,2026-06-29T00:22:55.046395,haute
BJ-7C604292,Œuf,Agriculture & Agroalimentaire,Karimama,+229 65 71 27 88,,,TPE (<10),B2B,CCIB Annuaire,,Actif,2026-06-29T00:22:55.046436,basse
BJ-3BC5223C,Ferme Production,Agriculture & Agroalimentaire,Karimama,+229 69 25 82 99,fermeproduction@fermeproduction.bj,fermeproduction.bj,PME (50-200),B2B,CCIB Annuaire,,Actif,2026-06-29T00:22:55.046473,haute
BJ-5B882D7F,Lait Farm,Agriculture & Agroalimentaire,Karimama,+229 56 13 15 43,l.farm@yahoo.fr,,PME (10-50),B2B,CCIB Annuaire,,Actif,2026-06-29T00:22:55.046510,moyenne
BJ-2FD4CB2F,Industrie Africa,Agriculture & Agroalimentaire,Karimama,+229 30 99 10 27,i.africa@industrieafrica.bj,industrieafrica.bj,TPE (<10),B2B,CCIB Annuaire,,Actif,2026-06-29T00:22:55.046540,haute
BJ-BF0B9AC1,Groupe Agro Ets,Agriculture & Agroalimentaire,Karimama,+229 23 17 35 21,,groupeagroets.bj,PME (50-200),B2C,CCIB Annuaire,,Actif,2026-06-29T00:22:55.046566,moyenne
BJ-C71B9811,Santé Gogounou,Agriculture & Agroalimentaire,Gogounou,+229 56 84 66 58,santé.gogounou@yahoo.com,,PME (50-200),B2C,CCIB Annuaire,,Actif,2026-06-29T00:22:55.046611,moyenne
BJ-AB67075C,Aquaculture,Agriculture & Agroalimentaire,Gogounou,+229 42 65 81 58,aquaculture@hotmail.com,aquaculture.bj,PME (50-200),B2B,CCIB Annuaire,,Actif,2026-06-29T00:22:55.046645,haute
BJ-8B375670,SARL Manioc Farm,Agriculture & Agroalimentaire,Gogounou,+229 78 78 88 52,sarlmanioc@sarlmaniocfarm.com.bj,,TPE (<10),B2B,CCIB Annuaire,,Actif,2026-06-29T00:22:55.046713,moyenne
BJ-51514C36,Industrie Bénin,Agriculture & Agroalimentaire,Gogounou,+229 94 94 69 87,i.bénin@hotmail.com,,PME (10-50),B2B,CCIB Annuaire,,Actif,2026-06-29T00:22:55.046747,moyenne
BJ-FA5CE4F0,Groupe Plantation SARL Cobly,Agriculture & Agroalimentaire,Cobly,+229 90 49 53 25,groupe.plantation@groupeplantatio.com.bj,groupeplantationsarlcobly.bj,PME (10-50),B2B,CCIB Annuaire,,Actif,2026-06-29T00:22:55.046800,haute
BJ-7F2088B5,Mouton Ets,Agriculture & Agroalimentaire,Cobly,+229 56 60 78 66,,moutonets.bj,PME (50-200),B2B,CCIB Annuaire,,Actif,2026-06-29T00:22:55.046856,moyenne
BJ-3BDA7BB2,Karité,Agriculture & Agroalimentaire,Cobly,+229 79 90 16 49,karité@karité.org.bj,,PME (10-50),B2C,CCIB Annuaire,,Actif,2026-06-29T00:22:55.046902,moyenne
BJ-76181B66,Ets Santé SARL,Agriculture & Agroalimentaire,Cobly,+229 94 54 76 39,,etssantésarl.bj,TPE (<10),B2B,CCIB Annuaire,,Actif,2026-06-29T00:22:55.046935,moyenne
BJ-F70A0F67,Groupe Vétérinaire Plantation,Agriculture & Agroalimentaire,Tanguiéta,+229 54 12 40 66,groupevétérinaire@yahoo.com,,TPE (<10),B2C,CCIB Annuaire,,Actif,2026-06-29T00:22:55.046998,moyenne
BJ-74C8B029,Domaine Santé Production,Agriculture & Agroalimentaire,Tanguiéta,+229 65 86 64 56,,domainesantéproduction.bj,PME (10-50),B2C,CCIB Annuaire,,Actif,2026-06-29T00:22:55.047032,moyenne
BJ-8D726D96,Plantation Poulet Tanguiéta,Agriculture & Agroalimentaire,Tanguiéta,+229 31 44 83 93,,,PME (50-200),B2C,CCIB Annuaire,,Actif,2026-06-29T00:22:55.047076,basse
BJ-691E760A,Plantation Millet Agro,Agriculture & Agroalimentaire,Tanguiéta,+229 38 75 71 89,,plantationmilletagro.bj,TPE (<10),B2C,CCIB Annuaire,,Actif,2026-06-29T00:22:55.047107,moyenne
BJ-7F08222C,SARL Industrie Groupe,Agriculture & Agroalimentaire,Tanguiéta,+229 58 30 95 41,s.industrie@sarlindustriegr.org.bj,sarlindustriegroupe.bj,PME (50-200),B2B,CCIB Annuaire,,Actif,2026-06-29T00:22:55.047143,haute
BJ-1E5513E5,Production Aubergine Groupe,Agriculture & Agroalimentaire,Matéri,+229 96 17 10 24,p.aubergine@gmail.com,,PME (10-50),B2C,CCIB Annuaire,,Actif,2026-06-29T00:22:55.047187,moyenne
BJ-95C66B7E,Ets Maïs Africa,Agriculture & Agroalimentaire,Matéri,+229 95 71 90 35,,etsmaïsafrica.bj,Grande (>200),B2B,CCIB Annuaire,,Actif,2026-06-29T00:22:55.047215,moyenne
BJ-732FA68F,Agro Groupe,Agriculture & Agroalimentaire,Matéri,+229 48 90 60 83,agrogroupe@outlook.com,agrogroupe.bj,PME (10-50),B2B,CCIB Annuaire,,Actif,2026-06-29T00:22:55.047252,haute
BJ-22299D9B,Ferme Engrais,Agriculture & Agroalimentaire,Matéri,+229 39 44 21 57,ferme.engrais@fermeengrais.bj,,TPE (<10),B2B,CCIB Annuaire,,Actif,2026-06-29T00:22:55.047286,moyenne
BJ-FFA5C885,Animale Coop,Agriculture & Agroalimentaire,Matéri,+229 39 85 39 72,a.coop@yahoo.fr,,PME (50-200),B2B,CCIB Annuaire,,Actif,2026-06-29T00:22:55.047317,moyenne
BJ-9412DAE8,Agro Gombo Production,Agriculture & Agroalimentaire,Natitingou,+229 20 75 45 48,agrogombo@agrogomboproduc.bj,agrogomboproduction.bj,PME (10-50),B2B,CCIB Annuaire,,Actif,2026-06-29T00:22:55.047364,haute
BJ-620918F5,Agro Œuf,Agriculture & Agroalimentaire,Natitingou,+229 79 65 87 32,,,TPE (<10),B2C,CCIB Annuaire,,Actif,2026-06-29T00:22:55.047388,basse
BJ-1448DAA6,Ets Mouton Agro,Agriculture & Agroalimentaire,Natitingou,+229 93 62 26 47,etsmouton@outlook.com,etsmoutonagro.bj,Grande (>200),B2B,CCIB Annuaire,,Actif,2026-06-29T00:22:55.047407,haute
BJ-F7D5342F,Huile Plantation,Agriculture & Agroalimentaire,Natitingou,+229 33 69 49 70,h.plantation@huileplantation.bj,huileplantation.bj,PME (50-200),B2C,CCIB Annuaire,,Actif,2026-06-29T00:22:55.047424,haute
BJ-0E2CE21C,Domaine Fruit,Agriculture & Agroalimentaire,Natitingou,+229 40 96 96 33,,domainefruit.bj,TPE (<10),B2B,CCIB Annuaire,,Actif,2026-06-29T00:22:55.047441,moyenne
BJ-BB08A88C,Bœuf,Agriculture & Agroalimentaire,Toucountouna,+229 24 64 72 54,bœuf@bœuf.org.bj,,PME (10-50),B2C,CCIB Annuaire,,Actif,2026-06-29T00:22:55.047468,moyenne
BJ-9E8CC510,Coopérative Poulet Production,Agriculture & Agroalimentaire,Toucountouna,+229 24 28 79 86,,coopérativepouletproduction.bj,TPE (<10),B2C,CCIB Annuaire,,Actif,2026-06-29T00:22:55.047482,moyenne
BJ-C0C33A34,Plantation Tomate Plantation,Agriculture & Agroalimentaire,Toucountouna,+229 83 94 96 34,plantation_tomate@yahoo.com,plantationtomateplantation.bj,PME (50-200),B2B,CCIB Annuaire,,Actif,2026-06-29T00:22:55.047503,haute
BJ-E6956C29,Groupe Coton Africa Toucountouna,Agriculture & Agroalimentaire,Toucountouna,+229 21 18 74 32,groupe.coton@groupecotonafri.org.bj,,Grande (>200),B2C,CCIB Annuaire,,Actif,2026-06-29T00:22:55.047522,moyenne
BJ-16F99CBF,Coopérative Palme Coop,Agriculture & Agroalimentaire,Toucountouna,+229 38 81 57 25,,,TPE (<10),B2C,CCIB Annuaire,,Actif,2026-06-29T00:22:55.047534,basse
BJ-1DAFA8D2,Tomate Ets,Agriculture & Agroalimentaire,Boukoumbé,+229 92 64 12 81,tomate.ets@tomateets.bj,,TPE (<10),B2B,CCIB Annuaire,,Actif,2026-06-29T00:22:55.047559,moyenne
BJ-99C8695C,Agro Élevage Production,Agriculture & Agroalimentaire,Boukoumbé,+229 74 49 69 25,a.élevage@agroélevageprod.bj,agroélevageproduction.bj,PME (50-200),B2B,CCIB Annuaire,,Actif,2026-06-29T00:22:55.047580,haute
BJ-108899F4,Domaine Yaourt,Agriculture & Agroalimentaire,Boukoumbé,+229 66 67 40 51,domaineyaourt@yahoo.com,domaineyaourt.bj,PME (50-200),B2B,CCIB Annuaire,,Actif,2026-06-29T00:22:55.047597,haute
BJ-222365E1,Production Plantation Coop Boukoumbé,Agriculture & Agroalimentaire,Boukoumbé,+229 28 58 95 77,production.plantation@yahoo.com,,TPE (<10),B2B,CCIB Annuaire,,Actif,2026-06-29T00:22:55.047615,moyenne
BJ-6CCF9A12,Agro Semence Production,Agriculture & Agroalimentaire,Kouandé,+229 46 74 79 23,,agrosemenceproduction.bj,PME (50-200),B2B,CCIB Annuaire,,Actif,2026-06-29T00:22:55.047668,moyenne
BJ-542A039E,Agro Santé Production,Agriculture & Agroalimentaire,Kouandé,+229 39 25 71 44,a.santé@agrosantéproduc.org.bj,,PME (50-200),B2B,CCIB Annuaire,,Actif,2026-06-29T00:22:55.047689,moyenne
BJ-A4206AFB,Coopérative Lait Kouandé,Agriculture & Agroalimentaire,Kouandé,+229 77 24 58 43,coopérativelait@hotmail.com,coopérativelaitkouandé.bj,TPE (<10),B2C,CCIB Annuaire,,Actif,2026-06-29T00:22:55.047715,haute
BJ-CA03E868,Groupe Légume Kouandé,Agriculture & Agroalimentaire,Kouandé,+229 34 22 37 57,,,PME (10-50),B2B,CCIB Annuaire,,Actif,2026-06-29T00:22:55.047728,basse
BJ-A554C294,Cire Péhunco,Agriculture & Agroalimentaire,Péhunco,+229 85 58 99 11,cire.péhunco@gmail.com,,TPE (<10),B2C,CCIB Annuaire,,Actif,2026-06-29T00:22:55.047756,moyenne
BJ-0B1BE364,Poulet,Agriculture & Agroalimentaire,Péhunco,+229 78 69 31 88,,,Grande (>200),B2B,CCIB Annuaire,,Actif,2026-06-29T00:22:55.047769,basse
BJ-87202001,Riz Coop,Agriculture & Agroalimentaire,Péhunco,+229 70 95 22 51,riz.coop@yahoo.com,,PME (10-50),B2C,CCIB Annuaire,,Actif,2026-06-29T00:22:55.047789,moyenne
BJ-012CBC16,Ets Animale,Agriculture & Agroalimentaire,Péhunco,+229 20 18 45 13,ets_animale@etsanimale.org.bj,,TPE (<10),B2B,CCIB Annuaire,,Actif,2026-06-29T00:22:55.047808,moyenne
BJ-47E7F3FF,Oignon Africa Péhunco,Agriculture & Agroalimentaire,Péhunco,+229 71 32 43 85,oignon.africa@outlook.com,,PME (10-50),B2C,CCIB Annuaire,,Actif,2026-06-29T00:22:55.047824,moyenne
BJ-DC6DAB98,SARL Fromage Plantation,Agriculture & Agroalimentaire,Tchaourou,+229 55 47 91 74,s.fromage@sarlfromageplan.bj,sarlfromageplantation.bj,TPE (<10),B2B,CCIB Annuaire,,Actif,2026-06-29T00:22:55.047849,haute
BJ-7D4E2589,Plantation Oignon,Agriculture & Agroalimentaire,Tchaourou,+229 40 28 79 97,,,PME (50-200),B2B,CCIB Annuaire,,Actif,2026-06-29T00:22:55.047874,basse
BJ-16A96D6D,Plantation Palme,Agriculture & Agroalimentaire,Tchaourou,+229 34 28 65 66,,plantationpalme.bj,TPE (<10),B2B,CCIB Annuaire,,Actif,2026-06-29T00:22:55.047906,moyenne
BJ-9DAC5CF8,Patate,Agriculture & Agroalimentaire,Tchaourou,+229 49 18 35 52,,,TPE (<10),B2C,CCIB Annuaire,,Actif,2026-06-29T00:22:55.047923,basse
BJ-700758EF,Groupe Bétail,Agriculture & Agroalimentaire,Nikki,+229 59 65 80 99,groupe.bétail@yahoo.com,groupebétail.bj,PME (10-50),B2B,CCIB Annuaire,,Actif,2026-06-29T00:22:55.047948,haute
BJ-3533E58B,Exploitation Yaourt Africa,Agriculture & Agroalimentaire,Nikki,+229 68 20 52 72,exploitation.yaourt@exploitationyao.org.bj,exploitationyaourtafrica.bj,PME (50-200),B2B,CCIB Annuaire,,Actif,2026-06-29T00:22:55.047966,haute
BJ-1AA93391,Plantation Yaourt Production,Agriculture & Agroalimentaire,Nikki,+229 70 44 79 95,plantationyaourt@plantationyaour.bj,,TPE (<10),B2B,CCIB Annuaire,,Actif,2026-06-29T00:22:55.047983,moyenne
BJ-D43DBE68,Production Aubergine Nikki,Agriculture & Agroalimentaire,Nikki,+229 47 45 65 56,productionaubergine@gmail.com,,PME (10-50),B2B,CCIB Annuaire,,Actif,2026-06-29T00:22:55.048000,moyenne
BJ-4452E2B5,Agro Miel Ets,Agriculture & Agroalimentaire,Nikki,+229 94 39 46 26,,,PME (50-200),B2C,CCIB Annuaire,,Actif,2026-06-29T00:22:55.048011,basse
BJ-361129DF,Agro Groupe Bembéréké,Agriculture & Agroalimentaire,Bembéréké,+229 35 73 91 89,agro_groupe@agrogroupebembé.org.bj,agrogroupebembéréké.bj,TPE (<10),B2B,CCIB Annuaire,,Actif,2026-06-29T00:22:55.048037,haute
BJ-BFDB7177,Coopérative Coton,Agriculture & Agroalimentaire,Bembéréké,+229 32 11 72 26,coopérativecoton@hotmail.com,,TPE (<10),B2B,CCIB Annuaire,,Actif,2026-06-29T00:22:55.048054,moyenne
BJ-7551EC4E,Sorgho Bénin Bembéréké,Agriculture & Agroalimentaire,Bembéréké,+229 66 27 23 92,sorgho.bénin@sorghobéninbemb.com.bj,sorghobéninbembéréké.bj,Grande (>200),B2C,CCIB Annuaire,,Actif,2026-06-29T00:22:55.048077,haute
BJ-F0E93060,Yaourt,Agriculture & Agroalimentaire,Bembéréké,+229 31 88 82 71,yaourt@yaourt.org.bj,yaourt.bj,TPE (<10),B2C,CCIB Annuaire,,Actif,2026-06-29T00:22:55.048094,haute
BJ-A24650FF,Production Millet Groupe Bembéréké,Agriculture & Agroalimentaire,Bembéréké,+229 80 28 64 16,production.millet@productionmille.org.bj,,PME (10-50),B2B,CCIB Annuaire,,Actif,2026-06-29T00:22:55.048117,moyenne
BJ-6E58229F,Ets Mangue,Agriculture & Agroalimentaire,Kalalé,+229 21 73 43 17,,,TPE (<10),B2B,CCIB Annuaire,,Actif,2026-06-29T00:22:55.048137,basse
BJ-489AB0C9,Agro Vétérinaire Groupe,Agriculture & Agroalimentaire,Kalalé,+229 43 46 79 19,,agrovétérinairegroupe.bj,TPE (<10),B2B,CCIB Annuaire,,Actif,2026-06-29T00:22:55.048150,moyenne
BJ-D37F046D,Cire SARL,Agriculture & Agroalimentaire,Kalalé,+229 95 27 94 20,,,PME (10-50),B2C,CCIB Annuaire,,Actif,2026-06-29T00:22:55.048162,basse
BJ-0B3059D0,Aubergine SARL,Agriculture & Agroalimentaire,Kalalé,+229 50 67 58 77,,auberginesarl.bj,PME (10-50),B2C,CCIB Annuaire,,Actif,2026-06-29T00:22:55.048174,moyenne
BJ-0D1851FC,Cacao Production,Agriculture & Agroalimentaire,Kalalé,+229 44 41 96 87,c.production@hotmail.com,cacaoproduction.bj,PME (50-200),B2C,CCIB Annuaire,,Actif,2026-06-29T00:22:55.048190,haute
BJ-7CE8542C,Riz Production,Agriculture & Agroalimentaire,Ndali,+229 52 21 55 93,rizproduction@rizproduction.org.bj,,PME (10-50),B2B,CCIB Annuaire,,Actif,2026-06-29T00:22:55.048213,moyenne
BJ-6E0F5BD2,Patate Coop,Agriculture & Agroalimentaire,Ndali,+229 24 17 98 22,,,TPE (<10),B2C,CCIB Annuaire,,Actif,2026-06-29T00:22:55.048226,basse
BJ-3CECBD0B,SARL Anacarde Farm,Agriculture & Agroalimentaire,Ndali,+229 29 95 21 61,,,PME (10-50),B2C,CCIB Annuaire,,Actif,2026-06-29T00:22:55.048240,basse
BJ-36E6908F,Ail Coop,Agriculture & Agroalimentaire,Ndali,+229 76 43 92 97,a.coop@ailcoop.bj,ailcoop.bj,PME (10-50),B2B,CCIB Annuaire,,Actif,2026-06-29T00:22:55.048261,haute
BJ-8D5D6F7A,Porc Ségbana,Agriculture & Agroalimentaire,Ségbana,+229 60 87 84 20,porc.ségbana@gmail.com,,TPE (<10),B2B,CCIB Annuaire,,Actif,2026-06-29T00:22:55.048299,moyenne
BJ-A21EEC9B,Miel Groupe,Agriculture & Agroalimentaire,Ségbana,+229 87 98 15 43,,mielgroupe.bj,PME (10-50),B2B,CCIB Annuaire,,Actif,2026-06-29T00:22:55.048312,moyenne
BJ-C967414D,Production Karité,Agriculture & Agroalimentaire,Ségbana,+229 59 91 52 31,,,TPE (<10),B2C,CCIB Annuaire,,Actif,2026-06-29T00:22:55.048323,basse
BJ-C81D4CAF,SARL Piment Production,Agriculture & Agroalimentaire,Ségbana,+229 77 80 23 44,s.piment@sarlpimentprodu.org.bj,,TPE (<10),B2C,CCIB Annuaire,,Actif,2026-06-29T00:22:55.048343,moyenne
BJ-8D53AF00,Exploitation Palme Ségbana,Agriculture & Agroalimentaire,Ségbana,+229 39 78 48 87,e.palme@yahoo.fr,,PME (50-200),B2B,CCIB Annuaire,,Actif,2026-06-29T00:22:55.048360,moyenne
BJ-FE7DDDCF,Agro Engrais Agro,Agriculture & Agroalimentaire,Tchaourou,+229 39 28 59 99,agroengrais@outlook.com,agroengraisagro.bj,PME (10-50),B2B,CCIB Annuaire,,Actif,2026-06-29T00:22:55.048383,haute
BJ-83F4D89C,Ets Aubergine Coop,Agriculture & Agroalimentaire,Tchaourou,+229 61 85 60 35,ets.aubergine@etsauberginecoo.com.bj,etsauberginecoop.bj,PME (10-50),B2B,CCIB Annuaire,,Actif,2026-06-29T00:22:55.048399,haute
BJ-E586900C,Coopérative Ananas,Agriculture & Agroalimentaire,Tchaourou,+229 92 51 68 41,coopérative.ananas@hotmail.com,coopérativeananas.bj,PME (10-50),B2C,CCIB Annuaire,,Actif,2026-06-29T00:22:55.048420,haute
BJ-ABEC79FD,Chèvre Bénin,Agriculture & Agroalimentaire,Tchaourou,+229 50 84 26 59,,chèvrebénin.bj,PME (50-200),B2C,CCIB Annuaire,,Actif,2026-06-29T00:22:55.048433,moyenne
BJ-90118A69,Groupe Pesticide,Agriculture & Agroalimentaire,Bétérou,+229 76 28 29 53,,groupepesticide.bj,TPE (<10),B2C,CCIB Annuaire,,Actif,2026-06-29T00:22:55.048467,moyenne
BJ-3203B07F,Œuf,Agriculture & Agroalimentaire,Bétérou,+229 50 58 37 98,œuf@yahoo.fr,,TPE (<10),B2B,CCIB Annuaire,,Actif,2026-06-29T00:22:55.048481,moyenne
BJ-23C5A5FD,Ferme Miel,Agriculture & Agroalimentaire,Bétérou,+229 88 82 68 55,fermemiel@hotmail.com,,PME (10-50),B2C,CCIB Annuaire,,Actif,2026-06-29T00:22:55.048497,moyenne
BJ-2D5EA0CE,Palme,Agriculture & Agroalimentaire,Bétérou,+229 78 31 82 24,palme@palme.bj,palme.bj,PME (50-200),B2B,CCIB Annuaire,,Actif,2026-06-29T00:22:55.048511,haute
BJ-0955D048,Engrais,Agriculture & Agroalimentaire,Bétérou,+229 44 97 74 63,engrais@engrais.com.bj,engrais.bj,PME (10-50),B2B,CCIB Annuaire,,Actif,2026-06-29T00:22:55.048525,haute
BJ-2FB7B585,Ananas Ouessè,Agriculture & Agroalimentaire,Ouessè,+229 82 18 94 20,a.ouessè@ananasouessè.com.bj,,PME (10-50),B2B,CCIB Annuaire,,Actif,2026-06-29T00:22:55.048548,moyenne
BJ-75FB433D,Ets Mangue Bénin,Agriculture & Agroalimentaire,Ouessè,+229 99 29 14 89,,,PME (50-200),B2C,CCIB Annuaire,,Actif,2026-06-29T00:22:55.048561,basse
BJ-EEEE5510,Lait,Agriculture & Agroalimentaire,Ouessè,+229 50 87 26 89,lait@lait.com.bj,lait.bj,Grande (>200),B2C,CCIB Annuaire,,Actif,2026-06-29T00:22:55.048575,haute
BJ-293A0519,Mangue Ouessè,Agriculture & Agroalimentaire,Ouessè,+229 94 66 63 34,,,PME (10-50),B2B,CCIB Annuaire,,Actif,2026-06-29T00:22:55.048590,basse
BJ-DBAE0D25,Mangue,Agriculture & Agroalimentaire,Ouessè,+229 73 20 74 12,mangue@hotmail.com,,PME (10-50),B2B,CCIB Annuaire,,Actif,2026-06-29T00:22:55.048607,moyenne
BJ-F9676A38,Vétérinaire Groupe,Agriculture & Agroalimentaire,Glazoué,+229 21 11 61 10,,vétérinairegroupe.bj,Grande (>200),B2C,CCIB Annuaire,,Actif,2026-06-29T00:22:55.048627,moyenne
BJ-D4843D31,Groupe Mouton Coop,Agriculture & Agroalimentaire,Glazoué,+229 98 27 69 42,,groupemoutoncoop.bj,PME (50-200),B2C,CCIB Annuaire,,Actif,2026-06-29T00:22:55.048638,moyenne
BJ-5B80B185,Plantation Piment,Agriculture & Agroalimentaire,Glazoué,+229 58 79 72 43,plantation_piment@plantationpimen.org.bj,,PME (10-50),B2C,CCIB Annuaire,,Actif,2026-06-29T00:22:55.048654,moyenne
BJ-029DC82C,SARL Porc Glazoué,Agriculture & Agroalimentaire,Glazoué,+229 62 47 92 65,sarl.porc@sarlporcglazoué.bj,,Grande (>200),B2B,CCIB Annuaire,,Actif,2026-06-29T00:22:55.048672,moyenne
BJ-7391BAC4,Coopérative Transformation Agro,Agriculture & Agroalimentaire,Glazoué,+229 97 47 44 17,,coopérativetransformationagro.bj,PME (10-50),B2C,CCIB Annuaire,,Actif,2026-06-29T00:22:55.048685,moyenne
BJ-E6F39ED4,Domaine Engrais,Agriculture & Agroalimentaire,Dassa-Zoumè,+229 25 60 40 30,domaine.engrais@domaineengrais.org.bj,domaineengrais.bj,PME (50-200),B2B,CCIB Annuaire,,Actif,2026-06-29T00:22:55.048712,haute
BJ-084DD76B,Agro Bétail Ets Dassa-Zoumè,Agriculture & Agroalimentaire,Dassa-Zoumè,+229 88 75 43 87,,agrobétailetsdassazoumè.bj,TPE (<10),B2C,CCIB Annuaire,,Actif,2026-06-29T00:22:55.048725,moyenne
BJ-30B3B462,Cire Production,Agriculture & Agroalimentaire,Dassa-Zoumè,+229 66 61 77 90,,cireproduction.bj,TPE (<10),B2C,CCIB Annuaire,,Actif,2026-06-29T00:22:55.048747,moyenne
BJ-CFC3E1D4,Karité Dassa-Zoumè,Agriculture & Agroalimentaire,Dassa-Zoumè,+229 84 81 55 44,karité_dassa@hotmail.com,,PME (10-50),B2C,CCIB Annuaire,,Actif,2026-06-29T00:22:55.048765,moyenne
BJ-019F0197,Ets Chèvre Farm,Agriculture & Agroalimentaire,Dassa-Zoumè,+229 53 84 29 35,e.chèvre@yahoo.com,etschèvrefarm.bj,Grande (>200),B2B,CCIB Annuaire,,Actif,2026-06-29T00:22:55.048783,haute
BJ-5448704C,Vétérinaire Groupe,Agriculture & Agroalimentaire,Savalou,+229 69 82 71 13,v.groupe@gmail.com,,TPE (<10),B2B,CCIB Annuaire,,Actif,2026-06-29T00:22:55.048806,moyenne
BJ-0B667E12,Agriculture Agro,Agriculture & Agroalimentaire,Savalou,+229 71 95 96 87,agricultureagro@yahoo.fr,agricultureagro.bj,TPE (<10),B2C,CCIB Annuaire,,Actif,2026-06-29T00:22:55.048822,haute
BJ-D094AB1F,Poulet SARL,Agriculture & Agroalimentaire,Savalou,+229 29 31 14 87,poulet.sarl@gmail.com,,Grande (>200),B2C,CCIB Annuaire,,Actif,2026-06-29T00:22:55.048838,moyenne
BJ-C9CDB4E8,Maïs Savalou,Agriculture & Agroalimentaire,Savalou,+229 25 34 54 51,maïs.savalou@maïssavalou.org.bj,,Grande (>200),B2B,CCIB Annuaire,,Actif,2026-06-29T00:22:55.048855,moyenne
BJ-E89DC655,Exploitation Industrie,Agriculture & Agroalimentaire,Savalou,+229 45 66 71 60,exploitation_industrie@outlook.com,,TPE (<10),B2B,CCIB Annuaire,,Actif,2026-06-29T00:22:55.048874,moyenne
BJ-37BBDCF6,Aubergine Ets Bantè,Agriculture & Agroalimentaire,Bantè,+229 57 18 43 59,a.ets@hotmail.com,aubergineetsbantè.bj,Grande (>200),B2C,CCIB Annuaire,,Actif,2026-06-29T00:22:55.048915,haute
BJ-5BC4B954,Groupe Sorgho,Agriculture & Agroalimentaire,Bantè,+229 89 83 47 59,groupesorgho@hotmail.com,,TPE (<10),B2C,CCIB Annuaire,,Actif,2026-06-29T00:22:55.048932,moyenne
BJ-90A77605,Coton,Agriculture & Agroalimentaire,Bantè,+229 97 80 94 50,coton@coton.bj,coton.bj,PME (10-50),B2C,CCIB Annuaire,,Actif,2026-06-29T00:22:55.048949,haute
BJ-D6DEAAC9,Ferme Cacao,Agriculture & Agroalimentaire,Bantè,+229 27 64 79 84,f.cacao@fermecacao.org.bj,,PME (50-200),B2C,CCIB Annuaire,,Actif,2026-06-29T00:22:55.048979,moyenne
BJ-69E2FE8A,Exploitation Ananas Djougou,Agriculture & Agroalimentaire,Djougou,+229 36 24 89 86,,exploitationananasdjougou.bj,TPE (<10),B2B,CCIB Annuaire,,Actif,2026-06-29T00:22:55.048999,moyenne
BJ-65746931,Maïs Africa,Agriculture & Agroalimentaire,Djougou,+229 42 28 27 35,,maïsafrica.bj,PME (10-50),B2B,CCIB Annuaire,,Actif,2026-06-29T00:22:55.049011,moyenne
BJ-3E850906,Groupe Engrais Farm,Agriculture & Agroalimentaire,Djougou,+229 93 46 99 66,groupe.engrais@hotmail.com,groupeengraisfarm.bj,TPE (<10),B2C,CCIB Annuaire,,Actif,2026-06-29T00:22:55.049027,haute
BJ-4233D0E2,Coopérative Aquaculture Farm,Agriculture & Agroalimentaire,Djougou,+229 77 10 14 68,coopérativeaquaculture@coopérativeaqua.org.bj,,PME (10-50),B2C,CCIB Annuaire,,Actif,2026-06-29T00:22:55.049045,moyenne
BJ-D5A6E4D8,Plantation Cire Ets,Agriculture & Agroalimentaire,Djougou,+229 95 46 30 26,plantation.cire@plantationciree.bj,plantationcireets.bj,PME (50-200),B2B,CCIB Annuaire,,Actif,2026-06-29T00:22:55.049062,haute
BJ-936FC49B,Ets Transformation Farm Ouèssè,Agriculture & Agroalimentaire,Ouèssè,+229 57 40 40 67,e.transformation@etstransformati.com.bj,,PME (10-50),B2B,CCIB Annuaire,,Actif,2026-06-29T00:22:55.049087,moyenne
BJ-98BD068B,Légume Ets,Agriculture & Agroalimentaire,Ouèssè,+229 31 89 88 24,légume.ets@légumeets.com.bj,légumeets.bj,TPE (<10),B2B,CCIB Annuaire,,Actif,2026-06-29T00:22:55.049109,haute
BJ-3E9236D9,Plantation Plantation,Agriculture & Agroalimentaire,Ouèssè,+229 80 20 43 19,,plantationplantation.bj,PME (10-50),B2B,CCIB Annuaire,,Actif,2026-06-29T00:22:55.049125,moyenne
BJ-565847B7,Ets Aquaculture Ouèssè,Agriculture & Agroalimentaire,Ouèssè,+229 85 73 35 75,etsaquaculture@outlook.com,etsaquacultureouèssè.bj,PME (10-50),B2C,CCIB Annuaire,,Actif,2026-06-29T00:22:55.049143,haute
BJ-CC332318,Millet Production Ouèssè,Agriculture & Agroalimentaire,Ouèssè,+229 39 55 28 58,m.production@gmail.com,milletproductionouèssè.bj,Grande (>200),B2C,CCIB Annuaire,,Actif,2026-06-29T00:22:55.049164,haute
BJ-83887C6F,Karité Plantation,Agriculture & Agroalimentaire,Bassila,+229 40 14 79 70,karitéplantation@yahoo.com,,PME (50-200),B2B,CCIB Annuaire,,Actif,2026-06-29T00:22:55.049188,moyenne
BJ-5F0B3950,Pesticide Bénin,Agriculture & Agroalimentaire,Bassila,+229 45 12 68 74,,pesticidebénin.bj,Grande (>200),B2C,CCIB Annuaire,,Actif,2026-06-29T00:22:55.049215,moyenne
BJ-1CE19F7C,Exploitation Animale,Agriculture & Agroalimentaire,Bassila,+229 61 70 76 60,exploitationanimale@yahoo.fr,exploitationanimale.bj,TPE (<10),B2B,CCIB Annuaire,,Actif,2026-06-29T00:22:55.049232,haute
BJ-8527DABE,Agro Karité Plantation Bassila,Agriculture & Agroalimentaire,Bassila,+229 37 76 75 99,a.karité@gmail.com,agrokaritéplantationbassila.bj,PME (10-50),B2C,CCIB Annuaire,,Actif,2026-06-29T00:22:55.049249,haute
BJ-3649EA52,Production Semence Plantation,Agriculture & Agroalimentaire,Pehunco,+229 90 70 67 34,production.semence@productionsemen.com.bj,productionsemenceplantation.bj,TPE (<10),B2C,CCIB Annuaire,,Actif,2026-06-29T00:22:55.049273,haute
BJ-E075CB5D,Groupe Santé,Agriculture & Agroalimentaire,Pehunco,+229 64 79 86 32,,groupesanté.bj,TPE (<10),B2B,CCIB Annuaire,,Actif,2026-06-29T00:22:55.049286,moyenne
BJ-69196083,Fruit Pehunco,Agriculture & Agroalimentaire,Pehunco,+229 78 17 62 26,,fruitpehunco.bj,PME (10-50),B2C,CCIB Annuaire,,Actif,2026-06-29T00:22:55.049298,moyenne
BJ-D0ADE098,Élevage Bénin,Agriculture & Agroalimentaire,Pehunco,+229 22 12 44 83,,élevagebénin.bj,TPE (<10),B2B,CCIB Annuaire,,Actif,2026-06-29T00:22:55.049314,moyenne
BJ-A2A607F6,Coopérative Agro,Agriculture & Agroalimentaire,Pehunco,+229 21 23 62 13,coopérativeagro@gmail.com,coopérativeagro.bj,TPE (<10),B2C,CCIB Annuaire,,Actif,2026-06-29T00:22:55.049331,haute
BJ-2A25FE14,Igname,Agriculture & Agroalimentaire,Copargo,+229 73 80 74 90,igname@igname.com.bj,igname.bj,TPE (<10),B2C,CCIB Annuaire,,Actif,2026-06-29T00:22:55.049353,haute
BJ-4EADDFC5,Ets Café,Agriculture & Agroalimentaire,Copargo,+229 62 63 29 37,e.café@etscafé.bj,etscafé.bj,TPE (<10),B2C,CCIB Annuaire,,Actif,2026-06-29T00:22:55.049412,haute
BJ-ED9A935D,Groupe Miel Copargo,Agriculture & Agroalimentaire,Copargo,+229 74 40 16 26,,,TPE (<10),B2C,CCIB Annuaire,,Actif,2026-06-29T00:22:55.049425,basse
BJ-0203517F,Millet,Agriculture & Agroalimentaire,Copargo,+229 92 28 84 27,millet@gmail.com,,PME (50-200),B2C,CCIB Annuaire,,Actif,2026-06-29T00:22:55.049439,moyenne
BJ-36EB0815,MBA Lycée,Éducation & Formation,Cotonou,+229 73 12 57 39,mba.lycée@mbalycée.com.bj,mbalycée.bj,TPE (<10),B2B,CCIB Annuaire,,Actif,2026-06-29T00:22:55.049467,haute
BJ-8D6811E2,Musique Lycée,Éducation & Formation,Cotonou,+229 66 77 46 62,musiquelycée@musiquelycée.com.bj,,PME (50-200),B2C,CCIB Annuaire,,Actif,2026-06-29T00:22:55.049490,moyenne
BJ-08F4DDEF,École Business Bénin,Éducation & Formation,Cotonou,+229 89 92 17 69,écolebusiness@écolebusinessbé.org.bj,écolebusinessbénin.bj,TPE (<10),B2B,CCIB Annuaire,,Actif,2026-06-29T00:22:55.049532,haute
BJ-54DE26BD,Centre Catholique,Éducation & Formation,Cotonou,+229 51 74 32 47,c.catholique@centrecatholiqu.com.bj,,PME (50-200),B2C,CCIB Annuaire,,Actif,2026-06-29T00:22:55.049550,moyenne
BJ-517F3EDE,Lycée Chinois,Éducation & Formation,Abomey-Calavi,+229 58 27 26 18,l.chinois@lycéechinois.com.bj,lycéechinois.bj,PME (50-200),B2B,CCIB Annuaire,,Actif,2026-06-29T00:22:55.049575,haute
BJ-6D239E38,Lycée Supérieur Institute Abomey-Calavi,Éducation & Formation,Abomey-Calavi,+229 54 55 30 79,lycée.supérieur@lycéesupérieuri.com.bj,lycéesupérieurinstituteabomeycalavi.bj,PME (10-50),B2B,CCIB Annuaire,,Actif,2026-06-29T00:22:55.049596,haute
BJ-D49025AA,Formation,Éducation & Formation,Abomey-Calavi,+229 70 61 90 73,formation@outlook.com,formation.bj,Grande (>200),B2C,CCIB Annuaire,,Actif,2026-06-29T00:22:55.049611,haute
BJ-7599691D,Enseignement Liberté,Éducation & Formation,Abomey-Calavi,+229 20 90 84 87,e.liberté@enseignementlib.com.bj,enseignementliberté.bj,PME (50-200),B2C,CCIB Annuaire,,Actif,2026-06-29T00:22:55.049629,haute
BJ-B915323D,Centre RH Abomey-Calavi,Éducation & Formation,Abomey-Calavi,+229 86 16 19 10,centre_abomey@outlook.com,centrerhabomeycalavi.bj,TPE (<10),B2C,CCIB Annuaire,,Actif,2026-06-29T00:22:55.049647,haute
BJ-96982377,Sport Formation Porto-Novo,Éducation & Formation,Porto-Novo,+229 70 28 55 56,sportformation@sportformationp.com.bj,sportformationportonovo.bj,PME (10-50),B2B,CCIB Annuaire,,Actif,2026-06-29T00:22:55.049676,haute
BJ-9C3EDD9E,Allemand École,Éducation & Formation,Porto-Novo,+229 97 67 22 20,allemandécole@allemandécole.org.bj,allemandécole.bj,TPE (<10),B2C,CCIB Annuaire,,Actif,2026-06-29T00:22:55.049695,haute
BJ-F3922688,Enseignement Licence,Éducation & Formation,Porto-Novo,+229 24 79 51 29,enseignement_licence@yahoo.com,enseignementlicence.bj,PME (10-50),B2B,CCIB Annuaire,,Actif,2026-06-29T00:22:55.049714,haute
BJ-A702234D,Lycée Technique École,Éducation & Formation,Porto-Novo,+229 74 69 14 35,lycée_technique@lycéetechniqueé.com.bj,lycéetechniqueécole.bj,TPE (<10),B2B,CCIB Annuaire,,Actif,2026-06-29T00:22:55.049732,haute
BJ-2DD615B5,Ingénierie College Porto-Novo,Éducation & Formation,Porto-Novo,+229 92 86 52 70,i.college@yahoo.fr,,TPE (<10),B2C,CCIB Annuaire,,Actif,2026-06-29T00:22:55.049750,moyenne
BJ-D2CDDE39,Architecture Formation,Éducation & Formation,Parakou,+229 41 53 20 92,architecture.formation@architecturefor.com.bj,architectureformation.bj,TPE (<10),B2B,CCIB Annuaire,,Actif,2026-06-29T00:22:55.049775,haute
BJ-53F3CB0D,Institut Technique,Éducation & Formation,Parakou,+229 94 58 17 44,i.technique@outlook.com,instituttechnique.bj,TPE (<10),B2B,CCIB Annuaire,,Actif,2026-06-29T00:22:55.049791,haute
BJ-39A611D2,Formation Design,Éducation & Formation,Parakou,+229 71 57 23 42,f.design@formationdesign.org.bj,,PME (50-200),B2C,CCIB Annuaire,,Actif,2026-06-29T00:22:55.049809,moyenne
BJ-ED45D5C2,Connaissance College,Éducation & Formation,Parakou,+229 37 97 12 20,connaissancecollege@connaissancecol.org.bj,connaissancecollege.bj,PME (50-200),B2B,CCIB Annuaire,,Actif,2026-06-29T00:22:55.049826,haute
BJ-D2B1D332,École Métier,Éducation & Formation,Parakou,+229 76 95 61 33,é.métier@outlook.com,écolemétier.bj,TPE (<10),B2C,CCIB Annuaire,,Actif,2026-06-29T00:22:55.049843,haute
BJ-F7FD43A6,Collège Supérieur,Éducation & Formation,Bohicon,+229 41 80 85 66,collège.supérieur@collègesupérieu.com.bj,collègesupérieur.bj,TPE (<10),B2C,CCIB Annuaire,,Actif,2026-06-29T00:22:55.049868,haute
BJ-B4076939,École Informatique,Éducation & Formation,Bohicon,+229 76 62 93 43,,,PME (10-50),B2C,CCIB Annuaire,,Actif,2026-06-29T00:22:55.049880,basse
BJ-D05FDBFE,Master,Éducation & Formation,Bohicon,+229 54 15 11 50,,master.bj,TPE (<10),B2B,CCIB Annuaire,,Actif,2026-06-29T00:22:55.049914,moyenne
BJ-C1B5384F,Anglais Bohicon,Éducation & Formation,Bohicon,+229 21 92 96 99,anglais.bohicon@yahoo.com,anglaisbohicon.bj,PME (10-50),B2B,CCIB Annuaire,,Actif,2026-06-29T00:22:55.049934,haute
BJ-2156EAD1,Collège Primaire University,Éducation & Formation,Natitingou,+229 71 40 24 36,collège.primaire@yahoo.fr,collègeprimaireuniversity.bj,PME (10-50),B2C,CCIB Annuaire,,Actif,2026-06-29T00:22:55.049979,haute
BJ-C3B247D0,Musique,Éducation & Formation,Natitingou,+229 23 62 79 17,musique@musique.com.bj,musique.bj,PME (10-50),B2B,CCIB Annuaire,,Actif,2026-06-29T00:22:55.049994,haute
BJ-493A91EA,Institut Langue Institute,Éducation & Formation,Natitingou,+229 44 76 90 79,i.langue@institutlanguei.com.bj,,PME (50-200),B2C,CCIB Annuaire,,Actif,2026-06-29T00:22:55.050011,moyenne
BJ-485E3156,Académie Catholique Training,Éducation & Formation,Natitingou,+229 79 56 10 22,académie_catholique@outlook.com,,PME (10-50),B2B,CCIB Annuaire,,Actif,2026-06-29T00:22:55.050028,moyenne
BJ-6A051C71,Informatique École,Éducation & Formation,Natitingou,+229 67 73 73 30,informatique.école@outlook.com,,PME (50-200),B2B,CCIB Annuaire,,Actif,2026-06-29T00:22:55.050044,moyenne
BJ-FA40D5F1,Enseignement Français International,Éducation & Formation,Lokossa,+229 97 26 51 95,enseignementfrançais@enseignementfra.org.bj,enseignementfrançaisinternational.bj,PME (50-200),B2C,CCIB Annuaire,,Actif,2026-06-29T00:22:55.050070,haute
BJ-C34C743E,École Connaissance Lokossa,Éducation & Formation,Lokossa,+229 94 97 13 76,école_connaissance@écoleconnaissan.org.bj,écoleconnaissancelokossa.bj,TPE (<10),B2C,CCIB Annuaire,,Actif,2026-06-29T00:22:55.050089,haute
BJ-3F38E589,Doctorat,Éducation & Formation,Lokossa,+229 39 98 71 15,doctorat@outlook.com,doctorat.bj,PME (10-50),B2B,CCIB Annuaire,,Actif,2026-06-29T00:22:55.050103,haute
BJ-4FFFB2C8,Formation Primaire,Éducation & Formation,Lokossa,+229 90 60 85 42,f.primaire@outlook.com,formationprimaire.bj,PME (10-50),B2B,CCIB Annuaire,,Actif,2026-06-29T00:22:55.050125,haute
BJ-7D80BFAB,École Public,Éducation & Formation,Lokossa,+229 51 42 73 16,é.public@yahoo.fr,écolepublic.bj,TPE (<10),B2B,CCIB Annuaire,,Actif,2026-06-29T00:22:55.050143,haute
BJ-43D10F62,Enseignement Secondaire Training,Éducation & Formation,Ouidah,+229 99 19 16 31,enseignementsecondaire@gmail.com,enseignementsecondairetraining.bj,TPE (<10),B2B,CCIB Annuaire,,Actif,2026-06-29T00:22:55.050170,haute
BJ-4F5CD57B,Institut Éducation,Éducation & Formation,Ouidah,+229 36 65 73 55,,institutéducation.bj,PME (50-200),B2B,CCIB Annuaire,,Actif,2026-06-29T00:22:55.050183,moyenne
BJ-6D425E2F,Marketing School,Éducation & Formation,Ouidah,+229 87 74 30 77,marketingschool@marketingschool.com.bj,marketingschool.bj,PME (10-50),B2C,CCIB Annuaire,,Actif,2026-06-29T00:22:55.050200,haute
BJ-93ED01A6,Développement School,Éducation & Formation,Ouidah,+229 57 82 97 86,développementschool@yahoo.com,développementschool.bj,TPE (<10),B2C,CCIB Annuaire,,Actif,2026-06-29T00:22:55.050234,haute
BJ-E3CDDD80,Centre Communication Formation,Éducation & Formation,Savalou,+229 43 50 86 64,centre.communication@yahoo.fr,centrecommunicationformation.bj,PME (50-200),B2C,CCIB Annuaire,,Actif,2026-06-29T00:22:55.050257,haute
BJ-72C3D1FE,Académie Certification Lycée,Éducation & Formation,Savalou,+229 57 56 60 38,académie.certification@académiecertifi.com.bj,académiecertificationlycée.bj,TPE (<10),B2C,CCIB Annuaire,,Actif,2026-06-29T00:22:55.050275,haute
BJ-1F6B94B5,Lycée Chinois,Éducation & Formation,Savalou,+229 20 70 26 68,lycée_chinois@gmail.com,lycéechinois.bj,TPE (<10),B2B,CCIB Annuaire,,Actif,2026-06-29T00:22:55.050295,haute
BJ-BBE1336A,Anglais School Savalou,Éducation & Formation,Savalou,+229 20 98 68 86,a.school@yahoo.com,anglaisschoolsavalou.bj,PME (50-200),B2B,CCIB Annuaire,,Actif,2026-06-29T00:22:55.050313,haute
BJ-4874A598,Lycée Savoir,Éducation & Formation,Savalou,+229 89 13 21 57,lycée.savoir@hotmail.com,,PME (50-200),B2B,CCIB Annuaire,,Actif,2026-06-29T00:22:55.050328,moyenne
BJ-890FA42F,Savoir International,Éducation & Formation,Dassa-Zoumè,+229 20 70 62 21,,,TPE (<10),B2B,CCIB Annuaire,,Actif,2026-06-29T00:22:55.050361,basse
BJ-E29E33A4,Formation Sport Formation,Éducation & Formation,Dassa-Zoumè,+229 97 11 73 98,formation.sport@formationsportf.com.bj,formationsportformation.bj,TPE (<10),B2C,CCIB Annuaire,,Actif,2026-06-29T00:22:55.050378,haute
BJ-4ED70110,École Licence Academy,Éducation & Formation,Dassa-Zoumè,+229 81 44 98 73,école.licence@écolelicenceaca.org.bj,écolelicenceacademy.bj,TPE (<10),B2C,CCIB Annuaire,,Actif,2026-06-29T00:22:55.050400,haute
BJ-7AB9E70C,Doctorat Bénin,Éducation & Formation,Dassa-Zoumè,+229 48 95 33 17,d.bénin@doctoratbénin.org.bj,doctoratbénin.bj,TPE (<10),B2B,CCIB Annuaire,,Actif,2026-06-29T00:22:55.050421,haute
BJ-E30BE7C3,Institut Arabe College,Éducation & Formation,Kétou,+229 44 13 98 79,i.arabe@institutarabeco.bj,institutarabecollege.bj,TPE (<10),B2B,CCIB Annuaire,,Actif,2026-06-29T00:22:55.050445,haute
BJ-EAEC5540,Université MBA,Éducation & Formation,Kétou,+229 72 69 90 10,u.mba@outlook.com,universitémba.bj,TPE (<10),B2B,CCIB Annuaire,,Actif,2026-06-29T00:22:55.050462,haute
BJ-3865FA79,Business Academy,Éducation & Formation,Kétou,+229 47 36 28 16,business.academy@outlook.com,businessacademy.bj,PME (50-200),B2B,CCIB Annuaire,,Actif,2026-06-29T00:22:55.050480,haute
BJ-6ABF4D18,Savoir,Éducation & Formation,Kétou,+229 65 87 66 63,savoir@savoir.org.bj,savoir.bj,PME (50-200),B2C,CCIB Annuaire,,Actif,2026-06-29T00:22:55.050496,haute
BJ-26C6421F,Architecture Kétou,Éducation & Formation,Kétou,+229 80 54 12 87,a.kétou@gmail.com,architecturekétou.bj,PME (50-200),B2B,CCIB Annuaire,,Actif,2026-06-29T00:22:55.050513,haute
BJ-D176662F,Centre Médecine,Éducation & Formation,Covè,+229 87 63 56 61,centremédecine@centremédecine.org.bj,centremédecine.bj,PME (10-50),B2C,CCIB Annuaire,,Actif,2026-06-29T00:22:55.050538,haute
BJ-9FE1E7CF,Lycée Ingénierie Academy,Éducation & Formation,Covè,+229 53 43 36 23,,lycéeingénierieacademy.bj,PME (10-50),B2B,CCIB Annuaire,,Actif,2026-06-29T00:22:55.050550,moyenne
BJ-12D241BE,Lycée Espagnol,Éducation & Formation,Covè,+229 24 65 42 97,l.espagnol@gmail.com,lycéeespagnol.bj,TPE (<10),B2B,CCIB Annuaire,,Actif,2026-06-29T00:22:55.050567,haute
BJ-F25BBA33,Excellence,Éducation & Formation,Covè,+229 49 94 55 79,excellence@outlook.com,excellence.bj,PME (10-50),B2C,CCIB Annuaire,,Actif,2026-06-29T00:22:55.050580,haute
BJ-DE289CED,Architecture International,Éducation & Formation,Covè,+229 58 83 64 80,architecture.international@architectureint.com.bj,architectureinternational.bj,TPE (<10),B2C,CCIB Annuaire,,Actif,2026-06-29T00:22:55.050597,haute
BJ-E2EF908E,Master University,Éducation & Formation,Pobè,+229 82 83 53 91,master.university@gmail.com,masteruniversity.bj,PME (10-50),B2B,CCIB Annuaire,,Actif,2026-06-29T00:22:55.050619,haute
BJ-0A30C864,Académie Management,Éducation & Formation,Pobè,+229 58 35 82 68,,académiemanagement.bj,PME (10-50),B2B,CCIB Annuaire,,Actif,2026-06-29T00:22:55.050633,moyenne
BJ-3296D4BD,National Lycée,Éducation & Formation,Pobè,+229 34 50 16 32,national.lycée@nationallycée.org.bj,,PME (10-50),B2B,CCIB Annuaire,,Actif,2026-06-29T00:22:55.050653,moyenne
BJ-4FF8DF51,Institut Design,Éducation & Formation,Pobè,+229 66 70 76 98,i.design@institutdesign.com.bj,institutdesign.bj,PME (50-200),B2B,CCIB Annuaire,,Actif,2026-06-29T00:22:55.050671,haute
BJ-F36427D4,Formation Chinois,Éducation & Formation,Pobè,+229 81 44 98 62,,formationchinois.bj,Grande (>200),B2C,CCIB Annuaire,,Actif,2026-06-29T00:22:55.050687,moyenne
BJ-2A1892A9,Centre Savoir,Éducation & Formation,Sakété,+229 85 35 22 14,centresavoir@centresavoir.bj,centresavoir.bj,PME (10-50),B2B,CCIB Annuaire,,Actif,2026-06-29T00:22:55.050710,haute
BJ-3F230E63,Business Academy,Éducation & Formation,Sakété,+229 59 68 95 62,business.academy@businessacademy.com.bj,businessacademy.bj,TPE (<10),B2B,CCIB Annuaire,,Actif,2026-06-29T00:22:55.050726,haute
BJ-47613C98,Formation Métier,Éducation & Formation,Sakété,+229 58 46 51 29,formationmétier@formationmétier.bj,formationmétier.bj,TPE (<10),B2C,CCIB Annuaire,,Actif,2026-06-29T00:22:55.050747,haute
BJ-AE4D7F67,Cuisine Bénin Sakété,Éducation & Formation,Sakété,+229 31 73 34 23,cuisinebénin@hotmail.com,cuisinebéninsakété.bj,TPE (<10),B2B,CCIB Annuaire,,Actif,2026-06-29T00:22:55.050765,haute
BJ-674A4C63,MBA,Éducation & Formation,Sakété,+229 40 15 14 94,,mba.bj,TPE (<10),B2C,CCIB Annuaire,,Actif,2026-06-29T00:22:55.050777,moyenne
BJ-01C9E1AD,Formation Formation International,Éducation & Formation,Adjara,+229 22 85 10 13,f.formation@formationformat.bj,formationformationinternational.bj,PME (10-50),B2C,CCIB Annuaire,,Actif,2026-06-29T00:22:55.050801,haute
BJ-C91A9872,Collège Apprentissage Institute,Éducation & Formation,Adjara,+229 25 74 29 51,collège.apprentissage@gmail.com,,PME (10-50),B2B,CCIB Annuaire,,Actif,2026-06-29T00:22:55.050818,moyenne
BJ-E82DC2B1,Formation Français,Éducation & Formation,Adjara,+229 75 84 28 38,formationfrançais@formationfrança.bj,,PME (50-200),B2C,CCIB Annuaire,,Actif,2026-06-29T00:22:55.050834,moyenne
BJ-7271444E,Académie Protestant,Éducation & Formation,Adjara,+229 33 47 73 25,académieprotestant@outlook.com,,TPE (<10),B2B,CCIB Annuaire,,Actif,2026-06-29T00:22:55.050854,moyenne
BJ-548E24C6,Cours International,Éducation & Formation,Adjara,+229 35 96 68 21,cours.international@yahoo.fr,coursinternational.bj,PME (50-200),B2C,CCIB Annuaire,,Actif,2026-06-29T00:22:55.050871,haute
BJ-B1F146AA,Cuisine Allada,Éducation & Formation,Allada,+229 96 70 65 87,cuisine.allada@outlook.com,cuisineallada.bj,PME (10-50),B2C,CCIB Annuaire,,Actif,2026-06-29T00:22:55.050902,haute
BJ-456F7E6A,École Médecine Institute,Éducation & Formation,Allada,+229 87 70 78 36,écolemédecine@écolemédecinein.org.bj,,TPE (<10),B2C,CCIB Annuaire,,Actif,2026-06-29T00:22:55.050921,moyenne
BJ-C084D64F,Certification,Éducation & Formation,Allada,+229 26 69 12 66,certification@outlook.com,certification.bj,TPE (<10),B2C,CCIB Annuaire,,Actif,2026-06-29T00:22:55.050935,haute
BJ-ECF90974,Université Apprentissage Allada,Éducation & Formation,Allada,+229 86 61 63 42,université.apprentissage@outlook.com,universitéapprentissageallada.bj,TPE (<10),B2C,CCIB Annuaire,,Actif,2026-06-29T00:22:55.050952,haute
BJ-56571006,Université Master Training,Éducation & Formation,Allada,+229 28 59 68 51,universitémaster@yahoo.fr,universitémastertraining.bj,TPE (<10),B2C,CCIB Annuaire,,Actif,2026-06-29T00:22:55.050969,haute
BJ-CC702F7A,Université Apprentissage College,Éducation & Formation,Aplahoué,+229 22 85 60 22,université_apprentissage@gmail.com,universitéapprentissagecollege.bj,PME (10-50),B2C,CCIB Annuaire,,Actif,2026-06-29T00:22:55.050993,haute
BJ-8B0DCEB0,Université Finance School Aplahoué,Éducation & Formation,Aplahoué,+229 97 58 93 69,u.finance@universitéfinan.com.bj,universitéfinanceschoolaplahoué.bj,PME (50-200),B2C,CCIB Annuaire,,Actif,2026-06-29T00:22:55.051016,haute
BJ-D99002CB,Finance,Éducation & Formation,Aplahoué,+229 31 64 87 83,finance@yahoo.com,finance.bj,PME (50-200),B2C,CCIB Annuaire,,Actif,2026-06-29T00:22:55.051037,haute
BJ-5DA23E26,Centre MBA Academy Aplahoué,Éducation & Formation,Aplahoué,+229 90 88 46 79,,centrembaacademyaplahoué.bj,PME (10-50),B2B,CCIB Annuaire,,Actif,2026-06-29T00:22:55.051052,moyenne
BJ-AF83FB7B,Design School,Éducation & Formation,Aplahoué,+229 22 14 19 61,designschool@yahoo.com,designschool.bj,PME (50-200),B2B,CCIB Annuaire,,Actif,2026-06-29T00:22:55.051069,haute
BJ-E41AC394,Académie Développement,Éducation & Formation,Dogbo-Tota,+229 75 91 15 54,académiedéveloppement@hotmail.com,académiedéveloppement.bj,PME (50-200),B2C,CCIB Annuaire,,Actif,2026-06-29T00:22:55.051093,haute
BJ-3F454AA4,Business,Éducation & Formation,Dogbo-Tota,+229 71 49 87 35,business@business.com.bj,business.bj,TPE (<10),B2C,CCIB Annuaire,,Actif,2026-06-29T00:22:55.051108,haute
BJ-499D7400,Cours Diplôme University,Éducation & Formation,Dogbo-Tota,+229 53 37 57 64,cours.diplôme@coursdiplômeuni.bj,coursdiplômeuniversity.bj,TPE (<10),B2B,CCIB Annuaire,,Actif,2026-06-29T00:22:55.051126,haute
BJ-83406ADC,École Allemand,Éducation & Formation,Dogbo-Tota,+229 58 23 15 11,écoleallemand@écoleallemand.org.bj,écoleallemand.bj,TPE (<10),B2C,CCIB Annuaire,,Actif,2026-06-29T00:22:55.051143,haute
BJ-CE54A27B,Supérieur,Éducation & Formation,Dogbo-Tota,+229 63 81 80 85,supérieur@yahoo.com,,TPE (<10),B2C,CCIB Annuaire,,Actif,2026-06-29T00:22:55.051156,moyenne
BJ-62C4B80F,Centre Connaissance Institute,Éducation & Formation,Kpomassè,+229 66 57 14 36,centreconnaissance@gmail.com,centreconnaissanceinstitute.bj,TPE (<10),B2B,CCIB Annuaire,,Actif,2026-06-29T00:22:55.051179,haute
BJ-C199028A,Formation Savoir Kpomassè,Éducation & Formation,Kpomassè,+229 25 73 53 82,formation.savoir@formationsavoir.org.bj,,TPE (<10),B2C,CCIB Annuaire,,Actif,2026-06-29T00:22:55.051197,moyenne
BJ-53D06053,Musique,Éducation & Formation,Kpomassè,+229 28 11 28 42,,musique.bj,Grande (>200),B2B,CCIB Annuaire,,Actif,2026-06-29T00:22:55.051212,moyenne
BJ-C5B9C5FE,Lycée Compétence Academy Kpomassè,Éducation & Formation,Kpomassè,+229 20 89 20 24,lycéecompétence@lycéecompétence.bj,lycéecompétenceacademykpomassè.bj,TPE (<10),B2C,CCIB Annuaire,,Actif,2026-06-29T00:22:55.051240,haute
BJ-0BBDA79A,Droit Academy,Éducation & Formation,Kpomassè,+229 43 26 45 34,droit.academy@droitacademy.bj,droitacademy.bj,TPE (<10),B2C,CCIB Annuaire,,Actif,2026-06-29T00:22:55.051258,haute
BJ-1B2E3B42,Université Art Lycée,Éducation & Formation,Tori-Bossito,+229 48 48 54 77,université.art@universitéartly.com.bj,,TPE (<10),B2C,CCIB Annuaire,,Actif,2026-06-29T00:22:55.051283,moyenne
BJ-A8D2A32B,Institut Primaire Lycée,Éducation & Formation,Tori-Bossito,+229 35 29 71 81,i.primaire@institutprimair.com.bj,institutprimairelycée.bj,PME (50-200),B2B,CCIB Annuaire,,Actif,2026-06-29T00:22:55.051336,haute
BJ-55AF3CCA,Supérieur,Éducation & Formation,Tori-Bossito,+229 37 15 60 84,supérieur@yahoo.com,supérieur.bj,TPE (<10),B2C,CCIB Annuaire,,Actif,2026-06-29T00:22:55.051351,haute
BJ-4795EC07,Cuisine Lycée Grand-Popo,Éducation & Formation,Grand-Popo,+229 21 67 32 62,cuisine.lycée@gmail.com,cuisinelycéegrandpopo.bj,PME (10-50),B2C,CCIB Annuaire,,Actif,2026-06-29T00:22:55.051380,haute
BJ-976EF6AB,Compétence,Éducation & Formation,Grand-Popo,+229 67 22 41 12,compétence@compétence.com.bj,compétence.bj,TPE (<10),B2C,CCIB Annuaire,,Actif,2026-06-29T00:22:55.051397,haute
BJ-E2329933,École Compétence Institute,Éducation & Formation,Grand-Popo,+229 59 14 19 32,écolecompétence@yahoo.com,écolecompétenceinstitute.bj,PME (50-200),B2C,CCIB Annuaire,,Actif,2026-06-29T00:22:55.051418,haute
BJ-6B0AC354,Centre Management Grand-Popo,Éducation & Formation,Grand-Popo,+229 64 12 36 94,c.management@outlook.com,centremanagementgrandpopo.bj,Grande (>200),B2C,CCIB Annuaire,,Actif,2026-06-29T00:22:55.051436,haute
BJ-77DEC911,Droit Grand-Popo,Éducation & Formation,Grand-Popo,+229 46 99 43 91,droit_grand@gmail.com,,PME (50-200),B2C,CCIB Annuaire,,Actif,2026-06-29T00:22:55.051452,moyenne
BJ-6B345466,Marketing School,Éducation & Formation,Athiémé,+229 99 34 19 50,marketing_school@marketingschool.bj,marketingschool.bj,PME (10-50),B2B,CCIB Annuaire,,Actif,2026-06-29T00:22:55.051476,haute
BJ-9A14287C,Apprentissage Bénin,Éducation & Formation,Athiémé,+229 41 41 78 28,apprentissage.bénin@yahoo.fr,,PME (10-50),B2B,CCIB Annuaire,,Actif,2026-06-29T00:22:55.051494,moyenne
BJ-99CF2ED7,Doctorat,Éducation & Formation,Athiémé,+229 48 49 20 81,doctorat@yahoo.com,doctorat.bj,PME (10-50),B2C,CCIB Annuaire,,Actif,2026-06-29T00:22:55.051508,haute
BJ-4A556DC4,Lycée Business,Éducation & Formation,Athiémé,+229 92 66 58 65,,lycéebusiness.bj,TPE (<10),B2B,CCIB Annuaire,,Actif,2026-06-29T00:22:55.051521,moyenne
BJ-B97FA871,Supérieur École,Éducation & Formation,Athiémé,+229 37 83 42 55,,supérieurécole.bj,TPE (<10),B2B,CCIB Annuaire,,Actif,2026-06-29T00:22:55.051533,moyenne
BJ-DB0F6E9F,Chinois,Éducation & Formation,Bopa,+229 21 28 72 13,chinois@outlook.com,chinois.bj,TPE (<10),B2B,CCIB Annuaire,,Actif,2026-06-29T00:22:55.051554,haute
BJ-914B2D7A,Excellence University,Éducation & Formation,Bopa,+229 89 97 32 58,excellenceuniversity@excellenceunive.bj,excellenceuniversity.bj,Grande (>200),B2C,CCIB Annuaire,,Actif,2026-06-29T00:22:55.051571,haute
BJ-E11E06F7,Protestant Bopa,Éducation & Formation,Bopa,+229 40 30 20 87,protestant.bopa@yahoo.com,protestantbopa.bj,PME (10-50),B2B,CCIB Annuaire,,Actif,2026-06-29T00:22:55.051588,haute
BJ-66A6FD2F,École Formation,Éducation & Formation,Bopa,+229 37 71 62 15,écoleformation@yahoo.com,écoleformation.bj,PME (10-50),B2C,CCIB Annuaire,,Actif,2026-06-29T00:22:55.051609,haute
BJ-3D34F261,Enseignement Espagnol École,Éducation & Formation,Bopa,+229 27 24 67 99,enseignementespagnol@enseignementesp.org.bj,enseignementespagnolécole.bj,TPE (<10),B2C,CCIB Annuaire,,Actif,2026-06-29T00:22:55.051632,haute
BJ-0E72E869,Institut Droit,Éducation & Formation,Houéyogbé,+229 80 68 12 77,,,PME (50-200),B2C,CCIB Annuaire,,Actif,2026-06-29T00:22:55.051652,basse
BJ-50B256F2,Cours Sport,Éducation & Formation,Houéyogbé,+229 59 84 84 10,,courssport.bj,TPE (<10),B2C,CCIB Annuaire,,Actif,2026-06-29T00:22:55.051664,moyenne
BJ-AFA92E1C,Académie Communication,Éducation & Formation,Houéyogbé,+229 89 43 65 32,académie.communication@outlook.com,académiecommunication.bj,PME (50-200),B2B,CCIB Annuaire,,Actif,2026-06-29T00:22:55.051686,haute
BJ-AB213AD7,Centre Savoir,Éducation & Formation,Houéyogbé,+229 64 30 43 26,,centresavoir.bj,TPE (<10),B2C,CCIB Annuaire,,Actif,2026-06-29T00:22:55.051700,moyenne
BJ-3C3A7058,Institut Certification Lycée Houéyogbé,Éducation & Formation,Houéyogbé,+229 83 10 84 99,institutcertification@institutcertifi.org.bj,institutcertificationlycéehouéyogbé.bj,TPE (<10),B2C,CCIB Annuaire,,Actif,2026-06-29T00:22:55.051720,haute
BJ-5402C09D,Cours Primaire Lycée,Éducation & Formation,Malanville,+229 23 92 17 69,cours.primaire@gmail.com,,TPE (<10),B2B,CCIB Annuaire,,Actif,2026-06-29T00:22:55.051744,moyenne
BJ-944E931A,École Espagnol,Éducation & Formation,Malanville,+229 44 69 76 44,é.espagnol@hotmail.com,,PME (10-50),B2B,CCIB Annuaire,,Actif,2026-06-29T00:22:55.051761,moyenne
BJ-420A2866,Centre Secondaire Academy Malanville,Éducation & Formation,Malanville,+229 50 21 85 87,centre.secondaire@centresecondair.com.bj,centresecondaireacademymalanville.bj,PME (50-200),B2C,CCIB Annuaire,,Actif,2026-06-29T00:22:55.051782,haute
BJ-BE6EAD9F,Secondaire Training,Éducation & Formation,Malanville,+229 20 80 52 58,secondairetraining@yahoo.com,,TPE (<10),B2C,CCIB Annuaire,,Actif,2026-06-29T00:22:55.051800,moyenne
BJ-7514BCBF,Public Malanville,Éducation & Formation,Malanville,+229 48 42 75 70,p.malanville@yahoo.com,publicmalanville.bj,TPE (<10),B2B,CCIB Annuaire,,Actif,2026-06-29T00:22:55.051816,haute
BJ-522D2769,Compétence Kandi,Éducation & Formation,Kandi,+229 81 29 75 78,compétencekandi@compétencekandi.bj,,Grande (>200),B2B,CCIB Annuaire,,Actif,2026-06-29T00:22:55.051842,moyenne
BJ-29A3D7B4,Cours Droit Kandi,Éducation & Formation,Kandi,+229 45 25 18 79,cours_droit@gmail.com,coursdroitkandi.bj,TPE (<10),B2C,CCIB Annuaire,,Actif,2026-06-29T00:22:55.051860,haute
BJ-A329929D,Formation Français,Éducation & Formation,Kandi,+229 44 87 68 40,formationfrançais@formationfrança.org.bj,,TPE (<10),B2C,CCIB Annuaire,,Actif,2026-06-29T00:22:55.051880,moyenne
BJ-991833B2,École Anglais School,Éducation & Formation,Kandi,+229 61 24 77 13,école.anglais@outlook.com,écoleanglaisschool.bj,TPE (<10),B2B,CCIB Annuaire,,Actif,2026-06-29T00:22:55.051914,haute
BJ-2D2DB926,Diplôme,Éducation & Formation,Kandi,+229 85 82 73 35,diplôme@diplôme.bj,diplôme.bj,TPE (<10),B2B,CCIB Annuaire,,Actif,2026-06-29T00:22:55.051932,haute
BJ-B52DDCCA,Cours Compétence Lycée,Éducation & Formation,Banikoara,+229 39 48 65 79,courscompétence@outlook.com,courscompétencelycée.bj,TPE (<10),B2B,CCIB Annuaire,,Actif,2026-06-29T00:22:55.051959,haute
BJ-78E33EA6,Cours Protestant Banikoara,Éducation & Formation,Banikoara,+229 87 89 73 22,cours.protestant@gmail.com,coursprotestantbanikoara.bj,PME (10-50),B2B,CCIB Annuaire,,Actif,2026-06-29T00:22:55.051981,haute
BJ-FC922CCD,Centre Licence Lycée,Éducation & Formation,Banikoara,+229 65 14 31 19,centre.licence@gmail.com,centrelicencelycée.bj,TPE (<10),B2B,CCIB Annuaire,,Actif,2026-06-29T00:22:55.052002,haute
BJ-A1A604A7,Institut Danse,Éducation & Formation,Banikoara,+229 28 31 71 63,,institutdanse.bj,PME (10-50),B2C,CCIB Annuaire,,Actif,2026-06-29T00:22:55.052015,moyenne
BJ-C6B867D4,Centre Marketing Training,Éducation & Formation,Ségbana,+229 22 83 29 53,,centremarketingtraining.bj,TPE (<10),B2C,CCIB Annuaire,,Actif,2026-06-29T00:22:55.052054,moyenne
BJ-4EE576C7,École Secondaire Lycée Ségbana,Éducation & Formation,Ségbana,+229 45 79 52 88,,,TPE (<10),B2B,CCIB Annuaire,,Actif,2026-06-29T00:22:55.052088,basse
BJ-23DD1E5A,Université Public,Éducation & Formation,Ségbana,+229 54 68 68 46,u.public@universitépubli.com.bj,universitépublic.bj,Grande (>200),B2C,CCIB Annuaire,,Actif,2026-06-29T00:22:55.052186,haute
BJ-58F2CAD1,Institut Master International,Éducation & Formation,Ségbana,+229 69 80 89 95,institut_master@outlook.com,institutmasterinternational.bj,PME (50-200),B2C,CCIB Annuaire,,Actif,2026-06-29T00:22:55.052244,haute
BJ-219EEA00,Informatique School,Éducation & Formation,Ségbana,+229 86 20 53 65,informatiqueschool@hotmail.com,informatiqueschool.bj,TPE (<10),B2C,CCIB Annuaire,,Actif,2026-06-29T00:22:55.052279,haute
BJ-81588D1B,Chinois Karimama,Éducation & Formation,Karimama,+229 71 68 45 79,chinoiskarimama@yahoo.fr,chinoiskarimama.bj,TPE (<10),B2C,CCIB Annuaire,,Actif,2026-06-29T00:22:55.052326,haute
BJ-5ADCC0F7,Management Karimama,Éducation & Formation,Karimama,+229 33 21 37 54,management.karimama@gmail.com,managementkarimama.bj,PME (50-200),B2C,CCIB Annuaire,,Actif,2026-06-29T00:22:55.052363,haute
BJ-19D561DD,Licence University Karimama,Éducation & Formation,Karimama,+229 23 39 46 60,l.university@yahoo.fr,licenceuniversitykarimama.bj,TPE (<10),B2B,CCIB Annuaire,,Actif,2026-06-29T00:22:55.052404,haute
BJ-1350F400,Musique,Éducation & Formation,Karimama,+229 51 95 64 47,musique@gmail.com,,PME (50-200),B2C,CCIB Annuaire,,Actif,2026-06-29T00:22:55.052441,moyenne
BJ-21570DB3,Français,Éducation & Formation,Karimama,+229 65 47 94 44,français@gmail.com,français.bj,TPE (<10),B2B,CCIB Annuaire,,Actif,2026-06-29T00:22:55.052460,haute
BJ-C5B35EB7,École Espagnol Institute,Éducation & Formation,Gogounou,+229 96 60 27 19,école_espagnol@écoleespagnolin.bj,écoleespagnolinstitute.bj,PME (10-50),B2B,CCIB Annuaire,,Actif,2026-06-29T00:22:55.052492,haute
BJ-E6B4E88C,École Métier Formation,Éducation & Formation,Gogounou,+229 83 66 59 55,,écolemétierformation.bj,TPE (<10),B2B,CCIB Annuaire,,Actif,2026-06-29T00:22:55.052506,moyenne
BJ-ABA44FF1,Centre Doctorat Training,Éducation & Formation,Gogounou,+229 40 78 53 84,centredoctorat@centredoctoratt.com.bj,centredoctorattraining.bj,TPE (<10),B2C,CCIB Annuaire,,Actif,2026-06-29T00:22:55.052530,haute
BJ-5C8315A7,Centre Savoir Training,Éducation & Formation,Gogounou,+229 20 41 19 80,c.savoir@centresavoirtra.com.bj,centresavoirtraining.bj,TPE (<10),B2B,CCIB Annuaire,,Actif,2026-06-29T00:22:55.052548,haute
BJ-EADB1F6A,École Marketing,Éducation & Formation,Gogounou,+229 80 92 13 20,école.marketing@hotmail.com,écolemarketing.bj,TPE (<10),B2C,CCIB Annuaire,,Actif,2026-06-29T00:22:55.052566,haute
BJ-54B74378,Enseignement Métier Cobly,Éducation & Formation,Cobly,+229 44 15 79 21,enseignementmétier@outlook.com,enseignementmétiercobly.bj,PME (10-50),B2B,CCIB Annuaire,,Actif,2026-06-29T00:22:55.052606,haute
BJ-CAD851B0,Sport School Cobly,Éducation & Formation,Cobly,+229 22 29 83 68,s.school@sportschoolcobl.com.bj,,PME (10-50),B2B,CCIB Annuaire,,Actif,2026-06-29T00:22:55.052641,moyenne
BJ-DD96A2A9,Formation Espagnol,Éducation & Formation,Cobly,+229 64 47 12 19,,,PME (10-50),B2B,CCIB Annuaire,,Actif,2026-06-29T00:22:55.052667,basse
BJ-8DBAC999,Académie Certification School,Éducation & Formation,Cobly,+229 35 12 26 83,académie.certification@académiecertifi.org.bj,,PME (50-200),B2B,CCIB Annuaire,,Actif,2026-06-29T00:22:55.052710,moyenne
BJ-36D54031,Cours Arabe,Éducation & Formation,Cobly,+229 88 96 41 66,c.arabe@gmail.com,,TPE (<10),B2C,CCIB Annuaire,,Actif,2026-06-29T00:22:55.052745,moyenne
BJ-80EC41F3,Allemand,Éducation & Formation,Tanguiéta,+229 93 31 38 91,allemand@allemand.bj,allemand.bj,TPE (<10),B2B,CCIB Annuaire,,Actif,2026-06-29T00:22:55.052792,haute
BJ-2BF4BA4B,Design,Éducation & Formation,Tanguiéta,+229 56 45 91 17,design@design.bj,design.bj,PME (10-50),B2B,CCIB Annuaire,,Actif,2026-06-29T00:22:55.052829,haute
BJ-6D290B27,Certification University,Éducation & Formation,Tanguiéta,+229 52 70 17 10,c.university@hotmail.com,certificationuniversity.bj,PME (10-50),B2B,CCIB Annuaire,,Actif,2026-06-29T00:22:55.052863,haute
BJ-DD6428CD,Enseignement Public Tanguiéta,Éducation & Formation,Tanguiéta,+229 20 91 62 75,e.public@enseignementpub.org.bj,enseignementpublictanguiéta.bj,TPE (<10),B2C,CCIB Annuaire,,Actif,2026-06-29T00:22:55.052927,haute
BJ-ED45207F,Danse Tanguiéta,Éducation & Formation,Tanguiéta,+229 50 21 29 93,dansetanguiéta@dansetanguiéta.bj,dansetanguiéta.bj,PME (10-50),B2C,CCIB Annuaire,,Actif,2026-06-29T00:22:55.052980,haute
BJ-CB1EFC2A,Formation Marketing Academy,Éducation & Formation,Matéri,+229 48 86 92 66,formation.marketing@yahoo.fr,,PME (10-50),B2B,CCIB Annuaire,,Actif,2026-06-29T00:22:55.053030,moyenne
BJ-97B53589,Enseignement Privé International,Éducation & Formation,Matéri,+229 99 62 38 65,enseignement.privé@enseignementpri.bj,enseignementprivéinternational.bj,PME (50-200),B2B,CCIB Annuaire,,Actif,2026-06-29T00:22:55.053068,haute
BJ-F67F02B5,Université Licence Bénin,Éducation & Formation,Matéri,+229 51 64 67 80,u.licence@universitélicen.com.bj,universitélicencebénin.bj,TPE (<10),B2B,CCIB Annuaire,,Actif,2026-06-29T00:22:55.053110,haute
BJ-89BBAE72,Collège Architecture École,Éducation & Formation,Matéri,+229 92 30 16 75,collège.architecture@outlook.com,collègearchitectureécole.bj,TPE (<10),B2B,CCIB Annuaire,,Actif,2026-06-29T00:22:55.053186,haute
BJ-887F439A,Business Natitingou,Éducation & Formation,Natitingou,+229 66 22 49 28,businessnatitingou@businessnatitin.org.bj,businessnatitingou.bj,TPE (<10),B2C,CCIB Annuaire,,Actif,2026-06-29T00:22:55.053218,haute
BJ-23D1CDAA,Diplôme Lycée,Éducation & Formation,Natitingou,+229 25 82 56 73,d.lycée@gmail.com,diplômelycée.bj,TPE (<10),B2C,CCIB Annuaire,,Actif,2026-06-29T00:22:55.053238,haute
BJ-38C92C43,École Catholique,Éducation & Formation,Natitingou,+229 79 82 66 12,école_catholique@écolecatholique.bj,écolecatholique.bj,PME (10-50),B2C,CCIB Annuaire,,Actif,2026-06-29T00:22:55.053257,haute
BJ-D7482961,Enseignement Primaire,Éducation & Formation,Toucountouna,+229 28 13 16 18,enseignement.primaire@enseignementpri.com.bj,,PME (10-50),B2C,CCIB Annuaire,,Actif,2026-06-29T00:22:55.053313,moyenne
BJ-14FD93DD,Académie Art College,Éducation & Formation,Toucountouna,+229 91 41 17 30,académie.art@académieartcoll.com.bj,académieartcollege.bj,PME (50-200),B2B,CCIB Annuaire,,Actif,2026-06-29T00:22:55.053333,haute
BJ-E84D6216,Master,Éducation & Formation,Toucountouna,+229 71 22 62 83,master@master.org.bj,,PME (10-50),B2C,CCIB Annuaire,,Actif,2026-06-29T00:22:55.053352,moyenne
BJ-C5AA0CC2,Supérieur,Éducation & Formation,Toucountouna,+229 71 34 94 47,supérieur@yahoo.fr,,PME (10-50),B2C,CCIB Annuaire,,Actif,2026-06-29T00:22:55.053367,moyenne
BJ-79A982AC,Cours Excellence Lycée,Éducation & Formation,Toucountouna,+229 25 51 85 12,cours.excellence@coursexcellence.org.bj,coursexcellencelycée.bj,PME (50-200),B2C,CCIB Annuaire,,Actif,2026-06-29T00:22:55.053387,haute
BJ-72915DAE,Centre Sport Boukoumbé,Éducation & Formation,Boukoumbé,+229 47 67 35 76,centresport@yahoo.com,,PME (10-50),B2B,CCIB Annuaire,,Actif,2026-06-29T00:22:55.053413,moyenne
BJ-1F3B8E5E,Formation Arabe,Éducation & Formation,Boukoumbé,+229 40 15 89 41,f.arabe@formationarabe.com.bj,,PME (10-50),B2B,CCIB Annuaire,,Actif,2026-06-29T00:22:55.053431,moyenne
BJ-0B0B30EF,Collège Métier,Éducation & Formation,Boukoumbé,+229 28 90 73 86,collègemétier@collègemétier.com.bj,collègemétier.bj,Grande (>200),B2C,CCIB Annuaire,,Actif,2026-06-29T00:22:55.053450,haute
BJ-34ABD17B,Droit Institute,Éducation & Formation,Boukoumbé,+229 61 58 13 57,droit.institute@outlook.com,droitinstitute.bj,PME (10-50),B2C,CCIB Annuaire,,Actif,2026-06-29T00:22:55.053467,haute
BJ-85968587,Doctorat Institute,Éducation & Formation,Boukoumbé,+229 31 69 56 62,d.institute@hotmail.com,,PME (50-200),B2B,CCIB Annuaire,,Actif,2026-06-29T00:22:55.053487,moyenne
BJ-2127DC36,Collège Architecture,Éducation & Formation,Kouandé,+229 92 63 89 89,c.architecture@collègearchitec.bj,collègearchitecture.bj,TPE (<10),B2B,CCIB Annuaire,,Actif,2026-06-29T00:22:55.053513,haute
BJ-865382C9,Université Apprentissage,Éducation & Formation,Kouandé,+229 38 39 34 11,université.apprentissage@universitéappre.com.bj,universitéapprentissage.bj,Grande (>200),B2B,CCIB Annuaire,,Actif,2026-06-29T00:22:55.053536,haute
BJ-1A380B31,Collège Secondaire,Éducation & Formation,Kouandé,+229 30 31 72 78,collègesecondaire@hotmail.com,collègesecondaire.bj,PME (10-50),B2B,CCIB Annuaire,,Actif,2026-06-29T00:22:55.053557,haute
BJ-BFD907A9,Allemand,Éducation & Formation,Kouandé,+229 71 96 61 26,allemand@yahoo.com,allemand.bj,PME (50-200),B2C,CCIB Annuaire,,Actif,2026-06-29T00:22:55.053574,haute
BJ-96DE4AC1,École Médecine Formation,Éducation & Formation,Kouandé,+229 70 39 92 75,école.médecine@écolemédecinefo.com.bj,,PME (50-200),B2C,CCIB Annuaire,,Actif,2026-06-29T00:22:55.053592,moyenne
BJ-829DD379,Art University,Éducation & Formation,Péhunco,+229 84 26 91 50,art.university@artuniversity.org.bj,artuniversity.bj,PME (10-50),B2C,CCIB Annuaire,,Actif,2026-06-29T00:22:55.053618,haute
BJ-8C866CBC,Centre Liberté,Éducation & Formation,Péhunco,+229 39 72 84 49,c.liberté@centreliberté.bj,centreliberté.bj,PME (10-50),B2C,CCIB Annuaire,,Actif,2026-06-29T00:22:55.053637,haute
BJ-A2B4D1F7,Compétence School,Éducation & Formation,Péhunco,+229 34 47 76 80,compétenceschool@yahoo.fr,compétenceschool.bj,TPE (<10),B2C,CCIB Annuaire,,Actif,2026-06-29T00:22:55.053656,haute
BJ-7D68E436,Formation Savoir University,Éducation & Formation,Péhunco,+229 97 93 39 64,formation.savoir@formationsavoir.com.bj,formationsavoiruniversity.bj,TPE (<10),B2B,CCIB Annuaire,,Actif,2026-06-29T00:22:55.053675,haute
BJ-66D7A8DD,Anglais Lycée,Éducation & Formation,Péhunco,+229 93 68 81 54,anglais_lycée@hotmail.com,anglaislycée.bj,TPE (<10),B2C,CCIB Annuaire,,Actif,2026-06-29T00:22:55.053693,haute
BJ-F8401108,Centre Apprentissage University,Éducation & Formation,Tchaourou,+229 53 75 56 19,centreapprentissage@centreapprentis.org.bj,centreapprentissageuniversity.bj,TPE (<10),B2B,CCIB Annuaire,,Actif,2026-06-29T00:22:55.053718,haute
BJ-F8D696B6,Technique Academy,Éducation & Formation,Tchaourou,+229 54 61 98 61,technique.academy@techniqueacadem.com.bj,techniqueacademy.bj,TPE (<10),B2C,CCIB Annuaire,,Actif,2026-06-29T00:22:55.053747,haute
BJ-3C512D93,RH International,Éducation & Formation,Tchaourou,+229 85 81 63 57,international@rhinternational.com.bj,,TPE (<10),B2C,CCIB Annuaire,,Actif,2026-06-29T00:22:55.053775,moyenne
BJ-DF35D4ED,Design Formation Tchaourou,Éducation & Formation,Tchaourou,+229 85 23 41 62,design.formation@designformation.bj,designformationtchaourou.bj,PME (10-50),B2C,CCIB Annuaire,,Actif,2026-06-29T00:22:55.053850,haute
BJ-5F09FCB4,Collège Éducation,Éducation & Formation,Tchaourou,+229 57 11 93 19,collègeéducation@collègeéducatio.org.bj,,TPE (<10),B2B,CCIB Annuaire,,Actif,2026-06-29T00:22:55.053886,moyenne
BJ-FC902273,Académie Médecine,Éducation & Formation,Nikki,+229 93 37 29 75,a.médecine@académiemédecin.com.bj,académiemédecine.bj,TPE (<10),B2B,CCIB Annuaire,,Actif,2026-06-29T00:22:55.053950,haute
BJ-2FEF26B2,Académie Primaire International,Éducation & Formation,Nikki,+229 32 60 13 80,académieprimaire@yahoo.com,académieprimaireinternational.bj,PME (10-50),B2C,CCIB Annuaire,,Actif,2026-06-29T00:22:55.053982,haute
BJ-4E31625E,Université Protestant Nikki,Éducation & Formation,Nikki,+229 28 79 68 32,université.protestant@outlook.com,universitéprotestantnikki.bj,PME (10-50),B2C,CCIB Annuaire,,Actif,2026-06-29T00:22:55.054003,haute
BJ-9366A6E4,International Nikki,Éducation & Formation,Nikki,+229 94 35 14 40,international.nikki@gmail.com,,TPE (<10),B2C,CCIB Annuaire,,Actif,2026-06-29T00:22:55.054026,moyenne
BJ-DAFBFE21,Centre MBA University,Éducation & Formation,Nikki,+229 93 11 32 83,,,PME (10-50),B2B,CCIB Annuaire,,Actif,2026-06-29T00:22:55.054039,basse
BJ-9A98D504,École Ingénierie,Éducation & Formation,Bembéréké,+229 97 35 34 54,é.ingénierie@écoleingénierie.com.bj,écoleingénierie.bj,PME (50-200),B2C,CCIB Annuaire,,Actif,2026-06-29T00:22:55.054090,haute
BJ-0341D196,Cours Développement,Éducation & Formation,Bembéréké,+229 40 16 81 61,c.développement@hotmail.com,coursdéveloppement.bj,PME (10-50),B2C,CCIB Annuaire,,Actif,2026-06-29T00:22:55.054112,haute
BJ-DC72C597,Qualification Lycée,Éducation & Formation,Bembéréké,+229 59 94 46 66,qualificationlycée@qualificationly.com.bj,qualificationlycée.bj,TPE (<10),B2B,CCIB Annuaire,,Actif,2026-06-29T00:22:55.054132,haute
BJ-5F0B0BBB,Business School Bembéréké,Éducation & Formation,Bembéréké,+229 30 64 31 64,business.school@businessschoolb.com.bj,businessschoolbembéréké.bj,PME (10-50),B2C,CCIB Annuaire,,Actif,2026-06-29T00:22:55.054150,haute
BJ-A6D1413D,Primaire Formation,Éducation & Formation,Kalalé,+229 74 75 31 20,primaire.formation@gmail.com,primaireformation.bj,PME (10-50),B2B,CCIB Annuaire,,Actif,2026-06-29T00:22:55.054175,haute
BJ-C7EB1EF9,Enseignement Public,Éducation & Formation,Kalalé,+229 30 42 99 33,enseignement.public@yahoo.fr,,TPE (<10),B2C,CCIB Annuaire,,Actif,2026-06-29T00:22:55.054192,moyenne
BJ-A918FFBE,Centre International Lycée Kalalé,Éducation & Formation,Kalalé,+229 25 53 73 77,,centreinternationallycéekalalé.bj,Grande (>200),B2C,CCIB Annuaire,,Actif,2026-06-29T00:22:55.054209,moyenne
BJ-41E70A3B,Français Kalalé,Éducation & Formation,Kalalé,+229 23 65 65 18,françaiskalalé@françaiskalalé.bj,françaiskalalé.bj,PME (50-200),B2C,CCIB Annuaire,,Actif,2026-06-29T00:22:55.054228,haute
BJ-C1B6D13B,Académie Danse,Éducation & Formation,Kalalé,+229 51 68 54 63,académiedanse@hotmail.com,académiedanse.bj,TPE (<10),B2C,CCIB Annuaire,,Actif,2026-06-29T00:22:55.054246,haute
BJ-93EE8957,Enseignement Finance Bénin,Éducation & Formation,Ndali,+229 50 24 23 99,,enseignementfinancebénin.bj,Grande (>200),B2C,CCIB Annuaire,,Actif,2026-06-29T00:22:55.054267,moyenne
BJ-14CCA713,Diplôme Ndali,Éducation & Formation,Ndali,+229 33 64 35 92,diplômendali@yahoo.com,,PME (50-200),B2B,CCIB Annuaire,,Actif,2026-06-29T00:22:55.054284,moyenne
BJ-FC4E1689,Art Bénin,Éducation & Formation,Ndali,+229 83 17 40 42,artbénin@artbénin.org.bj,artbénin.bj,PME (10-50),B2B,CCIB Annuaire,,Actif,2026-06-29T00:22:55.054306,haute
BJ-6068C075,Collège Qualification,Éducation & Formation,Ndali,+229 44 97 63 52,collègequalification@yahoo.com,collègequalification.bj,PME (50-200),B2C,CCIB Annuaire,,Actif,2026-06-29T00:22:55.054324,haute
BJ-111C69EB,Collège Arabe Formation,Éducation & Formation,Ndali,+229 68 75 67 82,c.arabe@collègearabefor.com.bj,collègearabeformation.bj,PME (50-200),B2C,CCIB Annuaire,,Actif,2026-06-29T00:22:55.054342,haute
BJ-E570028A,Enseignement Licence,Éducation & Formation,Ségbana,+229 70 86 37 56,enseignement.licence@outlook.com,enseignementlicence.bj,TPE (<10),B2B,CCIB Annuaire,,Actif,2026-06-29T00:22:55.054370,haute
BJ-C3648D0C,Médecine,Éducation & Formation,Ségbana,+229 95 62 30 62,médecine@hotmail.com,médecine.bj,PME (50-200),B2C,CCIB Annuaire,,Actif,2026-06-29T00:22:55.054385,haute
BJ-BC1AFB28,Collège Supérieur,Éducation & Formation,Ségbana,+229 25 82 40 35,collège.supérieur@outlook.com,collègesupérieur.bj,Grande (>200),B2B,CCIB Annuaire,,Actif,2026-06-29T00:22:55.054402,haute
BJ-3C2FE75C,Enseignement International École,Éducation & Formation,Ségbana,+229 55 77 89 85,enseignement.international@enseignementint.com.bj,enseignementinternationalécole.bj,PME (10-50),B2C,CCIB Annuaire,,Actif,2026-06-29T00:22:55.054420,haute
BJ-671ACCED,Français Training,Éducation & Formation,Ségbana,+229 89 80 95 41,françaistraining@outlook.com,,TPE (<10),B2C,CCIB Annuaire,,Actif,2026-06-29T00:22:55.054437,moyenne
BJ-F11FC09E,École Technique Institute,Éducation & Formation,Tchaourou,+229 20 46 30 27,é.technique@écoletechniquei.org.bj,écoletechniqueinstitute.bj,PME (50-200),B2B,CCIB Annuaire,,Actif,2026-06-29T00:22:55.054463,haute
BJ-A3273A17,Lycée Protestant Training Tchaourou,Éducation & Formation,Tchaourou,+229 58 19 36 28,l.protestant@yahoo.com,,PME (10-50),B2C,CCIB Annuaire,,Actif,2026-06-29T00:22:55.054481,moyenne
BJ-97E54BAC,Certification Training,Éducation & Formation,Tchaourou,+229 90 53 98 13,certificationtraining@certificationtr.bj,,TPE (<10),B2B,CCIB Annuaire,,Actif,2026-06-29T00:22:55.054500,moyenne
BJ-A113CFE8,Centre Doctorat,Éducation & Formation,Tchaourou,+229 76 10 67 40,centre.doctorat@outlook.com,centredoctorat.bj,TPE (<10),B2C,CCIB Annuaire,,Actif,2026-06-29T00:22:55.054518,haute
BJ-10AF3C7E,École Formation,Éducation & Formation,Tchaourou,+229 38 41 72 88,école.formation@écoleformation.com.bj,,TPE (<10),B2C,CCIB Annuaire,,Actif,2026-06-29T00:22:55.054544,moyenne
BJ-DE1A5ED1,Finance College,Éducation & Formation,Bétérou,+229 39 84 58 18,finance.college@financecollege.org.bj,financecollege.bj,TPE (<10),B2C,CCIB Annuaire,,Actif,2026-06-29T00:22:55.054569,haute
BJ-48A9F31E,Langue Lycée,Éducation & Formation,Bétérou,+229 20 38 50 75,,languelycée.bj,PME (10-50),B2C,CCIB Annuaire,,Actif,2026-06-29T00:22:55.054583,moyenne
BJ-17314ABF,École MBA Lycée,Éducation & Formation,Bétérou,+229 34 86 76 34,é.mba@écolembalycée.bj,écolembalycée.bj,TPE (<10),B2C,CCIB Annuaire,,Actif,2026-06-29T00:22:55.054601,haute
BJ-00607719,Centre Informatique,Éducation & Formation,Bétérou,+229 57 70 90 55,centreinformatique@centreinformati.bj,centreinformatique.bj,TPE (<10),B2C,CCIB Annuaire,,Actif,2026-06-29T00:22:55.054635,haute
BJ-EEAAE922,Collège Métier,Éducation & Formation,Ouessè,+229 41 27 97 85,collège.métier@yahoo.com,collègemétier.bj,PME (50-200),B2B,CCIB Annuaire,,Actif,2026-06-29T00:22:55.054659,haute
BJ-5B452DAB,Institut Business College,Éducation & Formation,Ouessè,+229 28 43 62 26,institut.business@institutbusines.bj,institutbusinesscollege.bj,TPE (<10),B2C,CCIB Annuaire,,Actif,2026-06-29T00:22:55.054699,haute
BJ-002415EE,Métier College,Éducation & Formation,Ouessè,+229 30 34 54 15,métier.college@métiercollege.org.bj,métiercollege.bj,TPE (<10),B2B,CCIB Annuaire,,Actif,2026-06-29T00:22:55.054720,haute
BJ-7F3CEAD0,École Protestant School Ouessè,Éducation & Formation,Ouessè,+229 89 17 93 64,é.protestant@gmail.com,écoleprotestantschoolouessè.bj,Grande (>200),B2C,CCIB Annuaire,,Actif,2026-06-29T00:22:55.054738,haute
BJ-F5AC258E,Doctorat,Éducation & Formation,Glazoué,+229 30 63 53 88,doctorat@doctorat.com.bj,doctorat.bj,TPE (<10),B2B,CCIB Annuaire,,Actif,2026-06-29T00:22:55.054760,haute
BJ-DDA6E576,Université Design Lycée,Éducation & Formation,Glazoué,+229 95 17 93 38,université.design@yahoo.fr,universitédesignlycée.bj,PME (50-200),B2B,CCIB Annuaire,,Actif,2026-06-29T00:22:55.054778,haute
BJ-776D8320,Collège Privé Institute,Éducation & Formation,Glazoué,+229 37 64 22 61,collège.privé@collègeprivéins.bj,collègeprivéinstitute.bj,Grande (>200),B2C,CCIB Annuaire,,Actif,2026-06-29T00:22:55.054796,haute
BJ-770D5C57,Collège Licence,Éducation & Formation,Glazoué,+229 62 39 66 77,c.licence@yahoo.fr,collègelicence.bj,PME (50-200),B2B,CCIB Annuaire,,Actif,2026-06-29T00:22:55.054813,haute
BJ-6377C880,Lycée Apprentissage Training Glazoué,Éducation & Formation,Glazoué,+229 74 92 87 36,lycée.apprentissage@yahoo.fr,lycéeapprentissagetrainingglazoué.bj,PME (50-200),B2C,CCIB Annuaire,,Actif,2026-06-29T00:22:55.054832,haute
BJ-F7932F75,Design,Éducation & Formation,Dassa-Zoumè,+229 68 49 58 69,design@design.bj,design.bj,TPE (<10),B2C,CCIB Annuaire,,Actif,2026-06-29T00:22:55.054854,haute
BJ-7329F890,International Training,Éducation & Formation,Dassa-Zoumè,+229 89 11 67 75,international.training@outlook.com,internationaltraining.bj,PME (10-50),B2C,CCIB Annuaire,,Actif,2026-06-29T00:22:55.054871,haute
BJ-41523355,Académie Communication Dassa-Zoumè,Éducation & Formation,Dassa-Zoumè,+229 34 13 43 67,académie.communication@yahoo.com,académiecommunicationdassazoumè.bj,PME (10-50),B2C,CCIB Annuaire,,Actif,2026-06-29T00:22:55.054908,haute
BJ-784701C2,Collège Pâtisserie Bénin,Éducation & Formation,Dassa-Zoumè,+229 58 44 79 84,,,TPE (<10),B2B,CCIB Annuaire,,Actif,2026-06-29T00:22:55.054925,basse
BJ-471B0031,Cours Certification College,Éducation & Formation,Dassa-Zoumè,+229 77 61 68 26,c.certification@yahoo.fr,courscertificationcollege.bj,TPE (<10),B2B,CCIB Annuaire,,Actif,2026-06-29T00:22:55.054943,haute
BJ-9B6110B8,Technique,Éducation & Formation,Savalou,+229 88 92 23 30,technique@gmail.com,technique.bj,TPE (<10),B2B,CCIB Annuaire,,Actif,2026-06-29T00:22:55.054985,haute
BJ-C2E1F5AA,Université Musique,Éducation & Formation,Savalou,+229 91 85 67 84,université.musique@universitémusiq.org.bj,universitémusique.bj,TPE (<10),B2B,CCIB Annuaire,,Actif,2026-06-29T00:22:55.055005,haute
BJ-E4D72B9D,Management International,Éducation & Formation,Savalou,+229 89 70 64 29,managementinternational@managementinter.bj,managementinternational.bj,PME (10-50),B2C,CCIB Annuaire,,Actif,2026-06-29T00:22:55.055021,haute
BJ-F33EE3BD,Marketing School,Éducation & Formation,Savalou,+229 54 75 33 65,marketingschool@marketingschool.org.bj,marketingschool.bj,PME (50-200),B2C,CCIB Annuaire,,Actif,2026-06-29T00:22:55.055041,haute
BJ-FDB50EA8,Cuisine Bantè,Éducation & Formation,Bantè,+229 21 45 97 88,,cuisinebantè.bj,PME (10-50),B2B,CCIB Annuaire,,Actif,2026-06-29T00:22:55.055062,moyenne
BJ-D191BE02,Université Danse,Éducation & Formation,Bantè,+229 34 91 99 87,,universitédanse.bj,PME (10-50),B2C,CCIB Annuaire,,Actif,2026-06-29T00:22:55.055075,moyenne
BJ-F6264893,Cours Médecine School,Éducation & Formation,Bantè,+229 50 11 34 39,,coursmédecineschool.bj,TPE (<10),B2B,CCIB Annuaire,,Actif,2026-06-29T00:22:55.055091,moyenne
BJ-2B6D42AD,Apprentissage,Éducation & Formation,Bantè,+229 65 26 27 70,,apprentissage.bj,TPE (<10),B2C,CCIB Annuaire,,Actif,2026-06-29T00:22:55.055103,moyenne
BJ-D5ECDDDC,Université Supérieur Bantè,Éducation & Formation,Bantè,+229 71 76 20 93,,universitésupérieurbantè.bj,TPE (<10),B2B,CCIB Annuaire,,Actif,2026-06-29T00:22:55.055116,moyenne
BJ-03B991CF,Centre Licence Training,Éducation & Formation,Djougou,+229 24 25 72 93,,centrelicencetraining.bj,PME (10-50),B2B,CCIB Annuaire,,Actif,2026-06-29T00:22:55.055134,moyenne
BJ-351F5416,Formation Langue École,Éducation & Formation,Djougou,+229 67 61 33 94,,formationlangueécole.bj,TPE (<10),B2B,CCIB Annuaire,,Actif,2026-06-29T00:22:55.055159,moyenne
BJ-8098AC7F,École Éducation Djougou,Éducation & Formation,Djougou,+229 20 68 22 72,é.éducation@hotmail.com,,PME (10-50),B2C,CCIB Annuaire,,Actif,2026-06-29T00:22:55.055244,moyenne
BJ-13BCAFDB,Institut International College,Éducation & Formation,Djougou,+229 42 23 80 45,institut.international@yahoo.fr,institutinternationalcollege.bj,TPE (<10),B2B,CCIB Annuaire,,Actif,2026-06-29T00:22:55.055287,haute
BJ-A427B974,National Institute,Éducation & Formation,Ouèssè,+229 42 43 27 24,,nationalinstitute.bj,TPE (<10),B2B,CCIB Annuaire,,Actif,2026-06-29T00:22:55.055364,moyenne
BJ-226C2338,Université Chinois Ouèssè,Éducation & Formation,Ouèssè,+229 47 12 65 52,université.chinois@universitéchino.org.bj,universitéchinoisouèssè.bj,PME (10-50),B2B,CCIB Annuaire,,Actif,2026-06-29T00:22:55.055407,haute
BJ-99171146,Éducation Training Ouèssè,Éducation & Formation,Ouèssè,+229 62 58 84 37,é.training@éducationtraini.bj,éducationtrainingouèssè.bj,PME (10-50),B2B,CCIB Annuaire,,Actif,2026-06-29T00:22:55.055451,haute
BJ-470F57CB,Lycée Privé Academy,Éducation & Formation,Bassila,+229 77 51 20 28,lycée_privé@lycéeprivéacade.com.bj,lycéeprivéacademy.bj,PME (10-50),B2C,CCIB Annuaire,,Actif,2026-06-29T00:22:55.055527,haute
BJ-CAA3FB88,Collège Savoir Lycée,Éducation & Formation,Bassila,+229 23 40 22 63,collège.savoir@yahoo.fr,collègesavoirlycée.bj,PME (50-200),B2C,CCIB Annuaire,,Actif,2026-06-29T00:22:55.055563,haute
BJ-900D15B1,Formation Cuisine,Éducation & Formation,Bassila,+229 57 84 19 71,formation.cuisine@formationcuisin.org.bj,formationcuisine.bj,TPE (<10),B2B,CCIB Annuaire,,Actif,2026-06-29T00:22:55.055593,haute
BJ-2AE40488,Académie Espagnol Bénin,Éducation & Formation,Bassila,+229 94 25 33 86,académieespagnol@académieespagno.com.bj,,PME (10-50),B2C,CCIB Annuaire,,Actif,2026-06-29T00:22:55.055619,moyenne
BJ-E3D90980,Enseignement Protestant,Éducation & Formation,Bassila,+229 54 28 78 84,enseignement_protestant@enseignementpro.org.bj,enseignementprotestant.bj,PME (10-50),B2C,CCIB Annuaire,,Actif,2026-06-29T00:22:55.055659,haute
BJ-665850AA,Université Business Institute,Éducation & Formation,Pehunco,+229 41 22 19 63,université_business@universitébusin.bj,universitébusinessinstitute.bj,Grande (>200),B2B,CCIB Annuaire,,Actif,2026-06-29T00:22:55.055714,haute
BJ-20C9BD25,Collège Privé International,Éducation & Formation,Pehunco,+229 32 61 89 72,collège.privé@outlook.com,collègeprivéinternational.bj,TPE (<10),B2B,CCIB Annuaire,,Actif,2026-06-29T00:22:55.055753,haute
BJ-E17A3BC6,Architecture Institute,Éducation & Formation,Pehunco,+229 98 29 93 27,architecture.institute@architectureins.bj,architectureinstitute.bj,PME (10-50),B2B,CCIB Annuaire,,Actif,2026-06-29T00:22:55.055781,haute
BJ-C17535F4,Formation Management,Éducation & Formation,Pehunco,+229 54 35 59 57,f.management@outlook.com,formationmanagement.bj,TPE (<10),B2B,CCIB Annuaire,,Actif,2026-06-29T00:22:55.055811,haute
BJ-00C8B8C8,École Art,Éducation & Formation,Pehunco,+229 83 32 72 40,écoleart@écoleart.com.bj,écoleart.bj,PME (10-50),B2C,CCIB Annuaire,,Actif,2026-06-29T00:22:55.055840,haute
BJ-564A8675,Formation Master École,Éducation & Formation,Copargo,+229 76 11 82 71,formation.master@formationmaster.org.bj,formationmasterécole.bj,TPE (<10),B2C,CCIB Annuaire,,Actif,2026-06-29T00:22:55.055940,haute
BJ-9325C7A0,Centre Compétence,Éducation & Formation,Copargo,+229 73 74 49 16,centre.compétence@gmail.com,centrecompétence.bj,TPE (<10),B2B,CCIB Annuaire,,Actif,2026-06-29T00:22:55.055980,haute
BJ-5F0A1C77,Français International,Éducation & Formation,Copargo,+229 89 66 72 44,f.international@gmail.com,françaisinternational.bj,PME (50-200),B2B,CCIB Annuaire,,Actif,2026-06-29T00:22:55.056009,haute
BJ-73B475D8,Catholique,Éducation & Formation,Copargo,+229 77 99 26 71,catholique@catholique.bj,catholique.bj,TPE (<10),B2B,CCIB Annuaire,,Actif,2026-06-29T00:22:55.056032,haute
BJ-EE08E4B2,Technologie Digital,Technologie & IT,Cotonou,+229 83 88 84 70,t.digital@outlook.com,technologiedigital.bj,PME (50-200),B2B,CCIB Annuaire,,Actif,2026-06-29T00:22:55.056071,haute
BJ-0320B310,Windows Labs,Technologie & IT,Cotonou,+229 82 48 43 61,windowslabs@windowslabs.com.bj,windowslabs.bj,PME (10-50),B2B,CCIB Annuaire,,Actif,2026-06-29T00:22:55.056103,haute
BJ-6B655AD9,Data Kotlin,Technologie & IT,Cotonou,+229 78 38 64 74,data_kotlin@datakotlin.bj,datakotlin.bj,TPE (<10),B2C,CCIB Annuaire,,Actif,2026-06-29T00:22:55.056153,haute
BJ-3212FF78,Angular,Technologie & IT,Cotonou,+229 63 26 73 82,angular@angular.com.bj,angular.bj,TPE (<10),B2B,CCIB Annuaire,,Actif,2026-06-29T00:22:55.056188,haute
BJ-9687ECEF,Sys Database Bénin Cotonou,Technologie & IT,Cotonou,+229 57 82 31 63,s.database@gmail.com,sysdatabasebénincotonou.bj,PME (10-50),B2C,CCIB Annuaire,,Actif,2026-06-29T00:22:55.056227,haute
BJ-255FB3A4,macOS Solutions,Technologie & IT,Abomey-Calavi,+229 50 97 98 11,macossolutions@macossolutions.bj,,TPE (<10),B2C,CCIB Annuaire,,Actif,2026-06-29T00:22:55.056264,moyenne
BJ-DF199371,Net Application Abomey-Calavi,Technologie & IT,Abomey-Calavi,+229 59 25 83 15,n.application@netapplicationa.org.bj,netapplicationabomeycalavi.bj,PME (10-50),B2C,CCIB Annuaire,,Actif,2026-06-29T00:22:55.056292,haute
BJ-B49F0DAC,Cloud Kanban SARL,Technologie & IT,Abomey-Calavi,+229 50 12 26 97,cloudkanban@cloudkanbansarl.org.bj,cloudkanbansarl.bj,PME (10-50),B2B,CCIB Annuaire,,Actif,2026-06-29T00:22:55.056317,haute
BJ-8883CE18,Info Big Africa Abomey-Calavi,Technologie & IT,Abomey-Calavi,+229 60 94 39 94,info.big@infobigafricaab.bj,infobigafricaabomeycalavi.bj,TPE (<10),B2B,CCIB Annuaire,,Actif,2026-06-29T00:22:55.056347,haute
BJ-B7286ABE,Python Abomey-Calavi,Technologie & IT,Abomey-Calavi,+229 65 85 30 69,p.abomey@pythonabomeycal.bj,pythonabomeycalavi.bj,PME (10-50),B2C,CCIB Annuaire,,Actif,2026-06-29T00:22:55.056393,haute
BJ-2BF9384C,Data ERP SARL,Technologie & IT,Porto-Novo,+229 22 70 88 73,d.erp@dataerpsarl.bj,dataerpsarl.bj,TPE (<10),B2C,CCIB Annuaire,,Actif,2026-06-29T00:22:55.056440,haute
BJ-C7ED618E,Technologie Africa Porto-Novo,Technologie & IT,Porto-Novo,+229 92 40 96 55,technologie.africa@outlook.com,technologieafricaportonovo.bj,TPE (<10),B2B,CCIB Annuaire,,Actif,2026-06-29T00:22:55.056475,haute
BJ-A0E95099,Tech REST Solutions,Technologie & IT,Porto-Novo,+229 82 67 91 97,tech_rest@techrestsolutio.org.bj,techrestsolutions.bj,TPE (<10),B2C,CCIB Annuaire,,Actif,2026-06-29T00:22:55.056513,haute
BJ-6AE15B9F,App PHP Digital,Technologie & IT,Porto-Novo,+229 76 55 48 67,appphp@appphpdigital.org.bj,appphpdigital.bj,PME (50-200),B2C,CCIB Annuaire,,Actif,2026-06-29T00:22:55.056548,haute
BJ-A64B4768,Soft SQL Porto-Novo,Technologie & IT,Porto-Novo,+229 28 24 29 38,softsql@softsqlportonov.bj,softsqlportonovo.bj,TPE (<10),B2C,CCIB Annuaire,,Actif,2026-06-29T00:22:55.056585,haute
BJ-642EB1A3,Cloud Frontend,Technologie & IT,Parakou,+229 54 77 69 73,cloud.frontend@cloudfrontend.org.bj,cloudfrontend.bj,PME (10-50),B2C,CCIB Annuaire,,Actif,2026-06-29T00:22:55.056648,haute
BJ-C02C8164,Things Solutions,Technologie & IT,Parakou,+229 78 60 49 52,things.solutions@outlook.com,thingssolutions.bj,PME (10-50),B2B,CCIB Annuaire,,Actif,2026-06-29T00:22:55.056688,haute
BJ-58684F15,iOS Tech,Technologie & IT,Parakou,+229 82 46 53 82,ios.tech@iostech.com.bj,iostech.bj,TPE (<10),B2C,CCIB Annuaire,,Actif,2026-06-29T00:22:55.056728,haute
BJ-6290523F,SQL Soft,Technologie & IT,Parakou,+229 99 17 38 35,sqlsoft@sqlsoft.com.bj,sqlsoft.bj,TPE (<10),B2B,CCIB Annuaire,,Actif,2026-06-29T00:22:55.056771,haute
BJ-CF3C2E8A,Linux,Technologie & IT,Parakou,+229 66 82 35 35,linux@yahoo.fr,linux.bj,TPE (<10),B2B,CCIB Annuaire,,Actif,2026-06-29T00:22:55.056804,haute
BJ-3B6A6E24,Linux,Technologie & IT,Bohicon,+229 58 72 94 30,linux@gmail.com,linux.bj,PME (10-50),B2B,CCIB Annuaire,,Actif,2026-06-29T00:22:55.056858,haute
BJ-50A3982F,C# Bohicon,Technologie & IT,Bohicon,+229 34 99 85 81,bohicon@c#bohicon.org.bj,c#bohicon.bj,TPE (<10),B2C,CCIB Annuaire,,Actif,2026-06-29T00:22:55.056901,haute
BJ-35C91364,Net CI/CD Bohicon,Technologie & IT,Bohicon,+229 95 17 89 21,net.ci/cd@netci/cdbohicon.com.bj,netci/cdbohicon.bj,TPE (<10),B2B,CCIB Annuaire,,Actif,2026-06-29T00:22:55.056940,haute
BJ-4A4D910B,Tech REST Systems,Technologie & IT,Bohicon,+229 26 91 74 45,t.rest@techrestsystems.bj,techrestsystems.bj,TPE (<10),B2B,CCIB Annuaire,,Actif,2026-06-29T00:22:55.056959,haute
BJ-77D28368,Tech IaaS,Technologie & IT,Bohicon,+229 77 22 84 37,tech.iaas@yahoo.com,,PME (50-200),B2C,CCIB Annuaire,,Actif,2026-06-29T00:22:55.056976,moyenne
BJ-87792041,Soft SaaS Solutions,Technologie & IT,Natitingou,+229 25 95 32 16,soft_saas@softsaassolutio.bj,softsaassolutions.bj,TPE (<10),B2C,CCIB Annuaire,,Actif,2026-06-29T00:22:55.057004,haute
BJ-37A0566A,AI Swift Works,Technologie & IT,Natitingou,+229 38 63 81 56,swift_works@outlook.com,aiswiftworks.bj,PME (50-200),B2C,CCIB Annuaire,,Actif,2026-06-29T00:22:55.057021,haute
BJ-F833AF08,Tech Big Studios,Technologie & IT,Natitingou,+229 65 95 26 32,t.big@techbigstudios.com.bj,techbigstudios.bj,PME (50-200),B2B,CCIB Annuaire,,Actif,2026-06-29T00:22:55.057043,haute
BJ-B53D232D,Machine International,Technologie & IT,Natitingou,+229 68 18 70 71,machineinternational@yahoo.com,machineinternational.bj,TPE (<10),B2C,CCIB Annuaire,,Actif,2026-06-29T00:22:55.057059,haute
BJ-8B158848,Système International,Technologie & IT,Natitingou,+229 93 75 88 10,systèmeinternational@gmail.com,systèmeinternational.bj,TPE (<10),B2B,CCIB Annuaire,,Actif,2026-06-29T00:22:55.057080,haute
BJ-3F06FAE9,PaaS,Technologie & IT,Lokossa,+229 23 24 34 25,paas@outlook.com,paas.bj,TPE (<10),B2C,CCIB Annuaire,,Actif,2026-06-29T00:22:55.057103,haute
BJ-1EC8A348,Digital CI/CD Solutions,Technologie & IT,Lokossa,+229 45 92 68 17,d.ci/cd@digitalci/cdsol.com.bj,digitalci/cdsolutions.bj,Grande (>200),B2C,CCIB Annuaire,,Actif,2026-06-29T00:22:55.057120,haute
BJ-8C6512B3,IoT Labs,Technologie & IT,Lokossa,+229 25 78 70 43,iotlabs@hotmail.com,iotlabs.bj,PME (10-50),B2C,CCIB Annuaire,,Actif,2026-06-29T00:22:55.057141,haute
BJ-71BB8E73,Cloud MongoDB Lokossa,Technologie & IT,Lokossa,+229 50 56 82 37,cloudmongodb@yahoo.fr,cloudmongodblokossa.bj,PME (50-200),B2C,CCIB Annuaire,,Actif,2026-06-29T00:22:55.057158,haute
BJ-F52A611D,Cloud C# Soft,Technologie & IT,Lokossa,+229 47 46 90 81,cloud_soft@yahoo.com,cloudc#soft.bj,Grande (>200),B2C,CCIB Annuaire,,Actif,2026-06-29T00:22:55.057175,haute
BJ-B948E837,AI Digital,Technologie & IT,Ouidah,+229 67 18 15 61,digital@outlook.com,aidigital.bj,PME (10-50),B2C,CCIB Annuaire,,Actif,2026-06-29T00:22:55.057197,haute
BJ-F5D31916,Things,Technologie & IT,Ouidah,+229 62 71 36 93,things@yahoo.com,things.bj,PME (10-50),B2B,CCIB Annuaire,,Actif,2026-06-29T00:22:55.057215,haute
BJ-F93BDFEC,Smart Go,Technologie & IT,Ouidah,+229 65 79 41 71,smart@smartgo.org.bj,smartgo.bj,TPE (<10),B2C,CCIB Annuaire,,Actif,2026-06-29T00:22:55.057230,haute
BJ-D4F01783,Docker Labs,Technologie & IT,Ouidah,+229 95 29 91 41,dockerlabs@gmail.com,dockerlabs.bj,TPE (<10),B2C,CCIB Annuaire,,Actif,2026-06-29T00:22:55.057248,haute
BJ-340FF44A,Web API SARL Ouidah,Technologie & IT,Ouidah,+229 82 79 25 54,,webapisarlouidah.bj,TPE (<10),B2B,CCIB Annuaire,,Actif,2026-06-29T00:22:55.057263,moyenne
BJ-1E3AD06F,Tech Ruby,Technologie & IT,Savalou,+229 28 71 51 77,,techruby.bj,PME (10-50),B2B,CCIB Annuaire,,Actif,2026-06-29T00:22:55.057293,moyenne
BJ-6E249E50,Linux,Technologie & IT,Savalou,+229 71 28 80 12,linux@outlook.com,linux.bj,TPE (<10),B2C,CCIB Annuaire,,Actif,2026-06-29T00:22:55.057323,haute
BJ-3C822314,Mobile Labs Savalou,Technologie & IT,Savalou,+229 22 67 77 33,m.labs@hotmail.com,mobilelabssavalou.bj,TPE (<10),B2B,CCIB Annuaire,,Actif,2026-06-29T00:22:55.057347,haute
BJ-9E080256,Big Solutions,Technologie & IT,Savalou,+229 83 98 13 70,big_solutions@yahoo.com,bigsolutions.bj,Grande (>200),B2B,CCIB Annuaire,,Actif,2026-06-29T00:22:55.057365,haute
BJ-E6A26F01,Solution,Technologie & IT,Savalou,+229 45 47 60 89,solution@hotmail.com,solution.bj,PME (50-200),B2C,CCIB Annuaire,,Actif,2026-06-29T00:22:55.057379,haute
BJ-FE6266C7,Java,Technologie & IT,Dassa-Zoumè,+229 21 66 53 78,java@java.com.bj,java.bj,TPE (<10),B2C,CCIB Annuaire,,Actif,2026-06-29T00:22:55.057403,haute
BJ-8A50E96E,CI/CD International,Technologie & IT,Dassa-Zoumè,+229 38 17 77 31,c.international@ci/cdinternatio.org.bj,ci/cdinternational.bj,TPE (<10),B2B,CCIB Annuaire,,Actif,2026-06-29T00:22:55.057420,haute
BJ-736E8D63,MongoDB,Technologie & IT,Dassa-Zoumè,+229 36 86 37 73,mongodb@mongodb.bj,mongodb.bj,PME (50-200),B2C,CCIB Annuaire,,Actif,2026-06-29T00:22:55.057434,haute
BJ-6AA1E64E,SQL Dassa-Zoumè,Technologie & IT,Dassa-Zoumè,+229 62 66 49 32,sqldassa@sqldassazoumè.org.bj,sqldassazoumè.bj,TPE (<10),B2B,CCIB Annuaire,,Actif,2026-06-29T00:22:55.057455,haute
BJ-80BADE1B,Frontend International,Technologie & IT,Dassa-Zoumè,+229 80 13 65 95,f.international@frontendinterna.com.bj,frontendinternational.bj,TPE (<10),B2B,CCIB Annuaire,,Actif,2026-06-29T00:22:55.057471,haute
BJ-3E27A29B,Tech Oracle,Technologie & IT,Kétou,+229 35 13 24 96,t.oracle@yahoo.fr,techoracle.bj,Grande (>200),B2B,CCIB Annuaire,,Actif,2026-06-29T00:22:55.057503,haute
BJ-4EE5D0E1,App Learning,Technologie & IT,Kétou,+229 24 43 15 88,a.learning@gmail.com,applearning.bj,TPE (<10),B2B,CCIB Annuaire,,Actif,2026-06-29T00:22:55.057535,haute
BJ-0B618391,macOS,Technologie & IT,Kétou,+229 58 95 31 32,macos@yahoo.com,macos.bj,TPE (<10),B2C,CCIB Annuaire,,Actif,2026-06-29T00:22:55.057566,haute
BJ-9CDD7A47,Cyber Blockchain Digital,Technologie & IT,Kétou,+229 38 74 76 73,cyberblockchain@hotmail.com,cyberblockchaindigital.bj,PME (50-200),B2C,CCIB Annuaire,,Actif,2026-06-29T00:22:55.057586,haute
BJ-52C35A29,IaaS Digital,Technologie & IT,Kétou,+229 76 59 51 66,iaas.digital@outlook.com,iaasdigital.bj,TPE (<10),B2C,CCIB Annuaire,,Actif,2026-06-29T00:22:55.057602,haute
BJ-3E311891,Security Solutions,Technologie & IT,Covè,+229 80 14 11 63,security.solutions@gmail.com,securitysolutions.bj,TPE (<10),B2B,CCIB Annuaire,,Actif,2026-06-29T00:22:55.057627,haute
BJ-918BF5D3,AI Swift Labs,Technologie & IT,Covè,+229 80 58 71 15,,aiswiftlabs.bj,PME (50-200),B2B,CCIB Annuaire,,Actif,2026-06-29T00:22:55.057639,moyenne
BJ-59661FC0,Digital Cyber International,Technologie & IT,Covè,+229 53 41 28 31,d.cyber@digitalcyberint.bj,digitalcyberinternational.bj,TPE (<10),B2B,CCIB Annuaire,,Actif,2026-06-29T00:22:55.057669,haute
BJ-1A89B520,Mobile Systems Covè,Technologie & IT,Covè,+229 71 17 27 39,m.systems@mobilesystemsco.org.bj,mobilesystemscovè.bj,TPE (<10),B2B,CCIB Annuaire,,Actif,2026-06-29T00:22:55.057688,haute
BJ-54E85739,App Node Soft,Technologie & IT,Pobè,+229 26 21 37 70,appnode@gmail.com,appnodesoft.bj,PME (10-50),B2B,CCIB Annuaire,,Actif,2026-06-29T00:22:55.057711,haute
BJ-E3C5224C,Java,Technologie & IT,Pobè,+229 24 83 73 14,java@hotmail.com,java.bj,PME (50-200),B2B,CCIB Annuaire,,Actif,2026-06-29T00:22:55.057726,haute
BJ-BAE76F00,Fullstack Solutions,Technologie & IT,Pobè,+229 76 73 33 30,f.solutions@fullstacksoluti.com.bj,fullstacksolutions.bj,TPE (<10),B2C,CCIB Annuaire,,Actif,2026-06-29T00:22:55.057763,haute
BJ-17C24F01,Database Pobè,Technologie & IT,Pobè,+229 94 68 37 77,d.pobè@databasepobè.org.bj,databasepobè.bj,PME (10-50),B2C,CCIB Annuaire,,Actif,2026-06-29T00:22:55.057782,haute
BJ-EE753C90,C#,Technologie & IT,Sakété,+229 73 75 26 22,c#@yahoo.fr,c#.bj,TPE (<10),B2B,CCIB Annuaire,,Actif,2026-06-29T00:22:55.057804,haute
BJ-AEB2945D,Web Intelligence,Technologie & IT,Sakété,+229 21 57 62 64,web_intelligence@gmail.com,webintelligence.bj,PME (10-50),B2C,CCIB Annuaire,,Actif,2026-06-29T00:22:55.057824,haute
BJ-C807AB2C,Cloud Développement,Technologie & IT,Sakété,+229 32 54 94 88,cloud.développement@clouddéveloppem.com.bj,clouddéveloppement.bj,TPE (<10),B2C,CCIB Annuaire,,Actif,2026-06-29T00:22:55.057843,haute
BJ-37B35A57,Digital Kotlin Sakété,Technologie & IT,Sakété,+229 89 47 42 17,digital.kotlin@digitalkotlinsa.com.bj,digitalkotlinsakété.bj,PME (10-50),B2B,CCIB Annuaire,,Actif,2026-06-29T00:22:55.057862,haute
BJ-9C44D0D8,Net Digital,Technologie & IT,Sakété,+229 81 24 28 35,net.digital@gmail.com,netdigital.bj,PME (50-200),B2C,CCIB Annuaire,,Actif,2026-06-29T00:22:55.057878,haute
BJ-5A17A74D,Smart Cyber Hub,Technologie & IT,Adjara,+229 93 79 68 66,smartcyber@smartcyberhub.com.bj,smartcyberhub.bj,PME (10-50),B2B,CCIB Annuaire,,Actif,2026-06-29T00:22:55.057920,haute
BJ-E5116414,Développement Africa Adjara,Technologie & IT,Adjara,+229 35 41 67 89,d.africa@yahoo.fr,développementafricaadjara.bj,TPE (<10),B2B,CCIB Annuaire,,Actif,2026-06-29T00:22:55.057942,haute
BJ-CB778AE6,Cyber Blockchain Systems,Technologie & IT,Adjara,+229 75 13 98 27,cyberblockchain@outlook.com,cyberblockchainsystems.bj,TPE (<10),B2B,CCIB Annuaire,,Actif,2026-06-29T00:22:55.057963,haute
BJ-1DFAB001,DevOps Solutions Adjara,Technologie & IT,Adjara,+229 88 56 46 75,devops.solutions@devopssolutions.bj,devopssolutionsadjara.bj,PME (50-200),B2B,CCIB Annuaire,,Actif,2026-06-29T00:22:55.057981,haute
BJ-E92E817F,Digital MongoDB,Technologie & IT,Adjara,+229 31 16 66 32,,digitalmongodb.bj,PME (10-50),B2B,CCIB Annuaire,,Actif,2026-06-29T00:22:55.057994,moyenne
BJ-51D3F885,Cyber JavaScript Soft Allada,Technologie & IT,Allada,+229 78 88 23 44,cyberjavascript@cyberjavascript.bj,cyberjavascriptsoftallada.bj,TPE (<10),B2B,CCIB Annuaire,,Actif,2026-06-29T00:22:55.058020,haute
BJ-E49E04D3,MySQL International,Technologie & IT,Allada,+229 34 64 20 49,mysql.international@yahoo.com,mysqlinternational.bj,PME (10-50),B2B,CCIB Annuaire,,Actif,2026-06-29T00:22:55.058036,haute
BJ-FCA5397E,Intelligence Labs,Technologie & IT,Allada,+229 59 41 46 14,intelligencelabs@intelligencelab.bj,intelligencelabs.bj,PME (10-50),B2C,CCIB Annuaire,,Actif,2026-06-29T00:22:55.058053,haute
BJ-EAA33CAA,Microservices Bénin Allada,Technologie & IT,Allada,+229 31 29 52 47,,microservicesbéninallada.bj,PME (10-50),B2C,CCIB Annuaire,,Actif,2026-06-29T00:22:55.058068,moyenne
BJ-28E93BD6,Tech Linux,Technologie & IT,Allada,+229 26 54 13 16,tech.linux@techlinux.org.bj,techlinux.bj,Grande (>200),B2B,CCIB Annuaire,,Actif,2026-06-29T00:22:55.058095,haute
BJ-0844DF0C,Sys Microservices,Technologie & IT,Aplahoué,+229 35 87 85 93,sys.microservices@hotmail.com,sysmicroservices.bj,PME (50-200),B2C,CCIB Annuaire,,Actif,2026-06-29T00:22:55.058135,haute
BJ-794A35A2,BI,Technologie & IT,Aplahoué,+229 64 82 91 53,bi@gmail.com,bi.bj,PME (10-50),B2C,CCIB Annuaire,,Actif,2026-06-29T00:22:55.058162,haute
BJ-19259C61,Linux Digital,Technologie & IT,Aplahoué,+229 39 25 58 24,linux.digital@linuxdigital.org.bj,linuxdigital.bj,TPE (<10),B2B,CCIB Annuaire,,Actif,2026-06-29T00:22:55.058196,haute
BJ-40CEDCBA,Data MySQL,Technologie & IT,Aplahoué,+229 78 76 29 30,data_mysql@datamysql.com.bj,datamysql.bj,TPE (<10),B2C,CCIB Annuaire,,Actif,2026-06-29T00:22:55.058236,haute
BJ-03004696,Python,Technologie & IT,Aplahoué,+229 69 58 57 77,python@outlook.com,python.bj,TPE (<10),B2B,CCIB Annuaire,,Actif,2026-06-29T00:22:55.058266,haute
BJ-6300A0D1,React,Technologie & IT,Dogbo-Tota,+229 63 75 52 63,react@react.bj,react.bj,TPE (<10),B2B,CCIB Annuaire,,Actif,2026-06-29T00:22:55.058307,haute
BJ-4977737B,Machine Dogbo-Tota,Technologie & IT,Dogbo-Tota,+229 20 30 30 16,machinedogbo@machinedogbotot.com.bj,machinedogbotota.bj,Grande (>200),B2B,CCIB Annuaire,,Actif,2026-06-29T00:22:55.058346,haute
BJ-62288CAB,Node,Technologie & IT,Dogbo-Tota,+229 47 64 50 78,node@node.org.bj,,PME (50-200),B2B,CCIB Annuaire,,Actif,2026-06-29T00:22:55.058377,moyenne
BJ-1CADA1B3,Smart Solution,Technologie & IT,Dogbo-Tota,+229 76 94 53 30,smart.solution@yahoo.com,smartsolution.bj,PME (10-50),B2C,CCIB Annuaire,,Actif,2026-06-29T00:22:55.058410,haute
BJ-87B3767A,Web Deep Works,Technologie & IT,Dogbo-Tota,+229 55 35 21 23,w.deep@outlook.com,webdeepworks.bj,TPE (<10),B2C,CCIB Annuaire,,Actif,2026-06-29T00:22:55.058444,haute
BJ-C94B56E4,Informatique Labs,Technologie & IT,Kpomassè,+229 76 35 73 29,informatique.labs@outlook.com,informatiquelabs.bj,PME (10-50),B2B,CCIB Annuaire,,Actif,2026-06-29T00:22:55.058487,haute
BJ-969F2AE7,IoT International,Technologie & IT,Kpomassè,+229 77 15 91 63,i.international@iotinternationa.bj,iotinternational.bj,TPE (<10),B2C,CCIB Annuaire,,Actif,2026-06-29T00:22:55.058521,haute
BJ-C779DFEE,Crypto SARL,Technologie & IT,Kpomassè,+229 64 13 25 74,cryptosarl@yahoo.com,cryptosarl.bj,PME (50-200),B2C,CCIB Annuaire,,Actif,2026-06-29T00:22:55.058562,haute
BJ-BC655AC5,Data Business,Technologie & IT,Kpomassè,+229 67 38 15 13,data_business@databusiness.com.bj,databusiness.bj,PME (50-200),B2C,CCIB Annuaire,,Actif,2026-06-29T00:22:55.058592,haute
BJ-F32EF507,iOS,Technologie & IT,Kpomassè,+229 65 25 66 53,,ios.bj,TPE (<10),B2C,CCIB Annuaire,,Actif,2026-06-29T00:22:55.058612,moyenne
BJ-2CCDE9A2,Data Studios,Technologie & IT,Tori-Bossito,+229 71 96 10 86,data.studios@datastudios.com.bj,datastudios.bj,TPE (<10),B2C,CCIB Annuaire,,Actif,2026-06-29T00:22:55.058652,haute
BJ-E0B9E268,BI,Technologie & IT,Tori-Bossito,+229 43 40 62 23,bi@gmail.com,bi.bj,Grande (>200),B2C,CCIB Annuaire,,Actif,2026-06-29T00:22:55.058676,haute
BJ-4DE7DF8B,Sys Fullstack Tori-Bossito,Technologie & IT,Tori-Bossito,+229 36 17 48 86,sys_fullstack@sysfullstacktor.com.bj,sysfullstacktoribossito.bj,TPE (<10),B2C,CCIB Annuaire,,Actif,2026-06-29T00:22:55.058707,haute
BJ-6AF193D2,App Fullstack Tech,Technologie & IT,Tori-Bossito,+229 54 55 59 95,appfullstack@hotmail.com,appfullstacktech.bj,PME (50-200),B2B,CCIB Annuaire,,Actif,2026-06-29T00:22:55.058738,haute
BJ-984FF44C,Kubernetes Bénin,Technologie & IT,Tori-Bossito,+229 70 87 64 44,kubernetes.bénin@outlook.com,kubernetesbénin.bj,TPE (<10),B2C,CCIB Annuaire,,Actif,2026-06-29T00:22:55.058770,haute
BJ-3EF63652,Data Grand-Popo,Technologie & IT,Grand-Popo,+229 89 14 41 86,d.grand@outlook.com,datagrandpopo.bj,PME (10-50),B2B,CCIB Annuaire,,Actif,2026-06-29T00:22:55.058810,haute
BJ-3F46A151,GraphQL Grand-Popo,Technologie & IT,Grand-Popo,+229 86 89 80 41,graphql.grand@hotmail.com,graphqlgrandpopo.bj,PME (10-50),B2B,CCIB Annuaire,,Actif,2026-06-29T00:22:55.058839,haute
BJ-B5EF0622,Tech Kanban Systems Grand-Popo,Technologie & IT,Grand-Popo,+229 20 74 69 39,t.kanban@techkanbansyste.com.bj,techkanbansystemsgrandpopo.bj,TPE (<10),B2C,CCIB Annuaire,,Actif,2026-06-29T00:22:55.058879,haute
BJ-1F6FF3AB,Learning,Technologie & IT,Grand-Popo,+229 89 42 56 30,learning@hotmail.com,learning.bj,PME (50-200),B2B,CCIB Annuaire,,Actif,2026-06-29T00:22:55.058923,haute
BJ-701DFD70,Cloud CRM,Technologie & IT,Athiémé,+229 47 58 78 58,cloudcrm@yahoo.fr,cloudcrm.bj,PME (50-200),B2B,CCIB Annuaire,,Actif,2026-06-29T00:22:55.058996,haute
BJ-FE7F3D40,AI React,Technologie & IT,Athiémé,+229 43 38 41 35,react@outlook.com,aireact.bj,PME (10-50),B2B,CCIB Annuaire,,Actif,2026-06-29T00:22:55.059029,haute
BJ-AA55B510,API Systems,Technologie & IT,Athiémé,+229 51 15 90 88,a.systems@apisystems.bj,apisystems.bj,TPE (<10),B2B,CCIB Annuaire,,Actif,2026-06-29T00:22:55.059062,haute
BJ-33433AC3,macOS Studios Athiémé,Technologie & IT,Athiémé,+229 79 34 48 28,macos.studios@macosstudiosath.bj,macosstudiosathiémé.bj,PME (10-50),B2B,CCIB Annuaire,,Actif,2026-06-29T00:22:55.059102,haute
BJ-2DC755A6,Ruby Digital,Technologie & IT,Athiémé,+229 95 84 24 35,rubydigital@yahoo.fr,rubydigital.bj,Grande (>200),B2B,CCIB Annuaire,,Actif,2026-06-29T00:22:55.059130,haute
BJ-C1322B10,AI Application Studios,Technologie & IT,Bopa,+229 72 10 14 81,application.studios@gmail.com,,TPE (<10),B2C,CCIB Annuaire,,Actif,2026-06-29T00:22:55.059175,moyenne
BJ-EA283CB3,Cloud macOS,Technologie & IT,Bopa,+229 68 66 46 74,cloudmacos@cloudmacos.org.bj,cloudmacos.bj,PME (10-50),B2C,CCIB Annuaire,,Actif,2026-06-29T00:22:55.059207,haute
BJ-82CE143B,Sys Business Works,Technologie & IT,Bopa,+229 24 61 34 39,sysbusiness@sysbusinesswork.com.bj,sysbusinessworks.bj,TPE (<10),B2B,CCIB Annuaire,,Actif,2026-06-29T00:22:55.059246,haute
BJ-7D57C596,Smart Blockchain Bénin,Technologie & IT,Bopa,+229 43 55 80 43,smartblockchain@smartblockchain.bj,,PME (50-200),B2C,CCIB Annuaire,,Actif,2026-06-29T00:22:55.059282,moyenne
BJ-164480D7,Web Frontend Bopa,Technologie & IT,Bopa,+229 83 30 14 84,webfrontend@webfrontendbopa.org.bj,webfrontendbopa.bj,Grande (>200),B2B,CCIB Annuaire,,Actif,2026-06-29T00:22:55.059318,haute
BJ-B69E1569,Soft IaaS,Technologie & IT,Houéyogbé,+229 47 91 82 59,s.iaas@yahoo.fr,softiaas.bj,TPE (<10),B2B,CCIB Annuaire,,Actif,2026-06-29T00:22:55.059396,haute
BJ-B65810F2,Tech Design Digital,Technologie & IT,Houéyogbé,+229 61 98 39 38,t.design@yahoo.fr,techdesigndigital.bj,TPE (<10),B2C,CCIB Annuaire,,Actif,2026-06-29T00:22:55.059434,haute
BJ-DB72B67D,Web SQL,Technologie & IT,Houéyogbé,+229 97 92 18 91,websql@websql.bj,websql.bj,TPE (<10),B2C,CCIB Annuaire,,Actif,2026-06-29T00:22:55.059472,haute
BJ-BA40A6CA,ERP,Technologie & IT,Houéyogbé,+229 71 42 90 88,erp@erp.bj,erp.bj,PME (50-200),B2B,CCIB Annuaire,,Actif,2026-06-29T00:22:55.059497,haute
BJ-3B1813FE,PHP,Technologie & IT,Houéyogbé,+229 60 91 46 45,php@php.bj,php.bj,PME (10-50),B2C,CCIB Annuaire,,Actif,2026-06-29T00:22:55.059533,haute
BJ-0CAEF6BF,Data Angular SARL,Technologie & IT,Malanville,+229 57 46 13 84,dataangular@yahoo.fr,dataangularsarl.bj,PME (10-50),B2B,CCIB Annuaire,,Actif,2026-06-29T00:22:55.059585,haute
BJ-91A7A143,AI Swift Digital,Technologie & IT,Malanville,+229 20 79 59 26,swift_digital@aiswiftdigital.bj,aiswiftdigital.bj,PME (10-50),B2B,CCIB Annuaire,,Actif,2026-06-29T00:22:55.059624,haute
BJ-1D1A7FD0,Fullstack Soft Malanville,Technologie & IT,Malanville,+229 47 64 93 67,f.soft@fullstacksoftma.com.bj,fullstacksoftmalanville.bj,PME (10-50),B2C,CCIB Annuaire,,Actif,2026-06-29T00:22:55.059665,haute
BJ-643BA05F,Go Labs,Technologie & IT,Malanville,+229 35 60 88 86,labs@outlook.com,golabs.bj,TPE (<10),B2B,CCIB Annuaire,,Actif,2026-06-29T00:22:55.059699,haute
BJ-1885E8E7,Kubernetes Hub,Technologie & IT,Malanville,+229 89 67 77 45,kubernetes_hub@hotmail.com,kuberneteshub.bj,TPE (<10),B2C,CCIB Annuaire,,Actif,2026-06-29T00:22:55.059733,haute
BJ-74FB1AC1,Solution Works,Technologie & IT,Kandi,+229 65 59 77 62,s.works@gmail.com,solutionworks.bj,TPE (<10),B2C,CCIB Annuaire,,Actif,2026-06-29T00:22:55.059790,haute
BJ-4DF7771F,Database,Technologie & IT,Kandi,+229 68 42 93 73,database@database.org.bj,database.bj,PME (50-200),B2C,CCIB Annuaire,,Actif,2026-06-29T00:22:55.059824,haute
BJ-A4105C11,Cyber Digital Kandi,Technologie & IT,Kandi,+229 86 54 52 36,cyberdigital@cyberdigitalkan.org.bj,cyberdigitalkandi.bj,PME (50-200),B2C,CCIB Annuaire,,Actif,2026-06-29T00:22:55.059853,haute
BJ-2F4D19CD,Sys Business Works,Technologie & IT,Kandi,+229 70 92 95 54,sysbusiness@gmail.com,sysbusinessworks.bj,PME (10-50),B2B,CCIB Annuaire,,Actif,2026-06-29T00:22:55.059878,haute
BJ-B332B5BE,Backend Bénin,Technologie & IT,Kandi,+229 81 58 66 63,b.bénin@backendbénin.org.bj,backendbénin.bj,PME (10-50),B2B,CCIB Annuaire,,Actif,2026-06-29T00:22:55.059933,haute
BJ-EC84052F,Cyber Network Banikoara,Technologie & IT,Banikoara,+229 49 56 44 78,cyber.network@cybernetworkban.org.bj,cybernetworkbanikoara.bj,TPE (<10),B2C,CCIB Annuaire,,Actif,2026-06-29T00:22:55.059982,haute
BJ-37B13189,Info Cyber Bénin,Technologie & IT,Banikoara,+229 98 23 37 85,i.cyber@yahoo.com,infocyberbénin.bj,PME (10-50),B2C,CCIB Annuaire,,Actif,2026-06-29T00:22:55.060013,haute
BJ-8F51E69A,Cyber Microservices Digital,Technologie & IT,Banikoara,+229 44 56 71 73,cyber.microservices@yahoo.com,cybermicroservicesdigital.bj,PME (10-50),B2C,CCIB Annuaire,,Actif,2026-06-29T00:22:55.060087,haute
BJ-23AE34C9,AI IaaS Africa,Technologie & IT,Banikoara,+229 43 46 47 32,iaas_africa@gmail.com,aiiaasafrica.bj,PME (50-200),B2B,CCIB Annuaire,,Actif,2026-06-29T00:22:55.060106,haute
BJ-B68ECA0C,Smart Windows Africa Ségbana,Technologie & IT,Ségbana,+229 65 18 22 87,s.windows@yahoo.com,smartwindowsafricaségbana.bj,TPE (<10),B2C,CCIB Annuaire,,Actif,2026-06-29T00:22:55.060136,haute
BJ-0AF6FCFC,Cloud C++ Tech,Technologie & IT,Ségbana,+229 27 69 24 57,cloud.c++@cloudc++tech.org.bj,cloudc++tech.bj,TPE (<10),B2C,CCIB Annuaire,,Actif,2026-06-29T00:22:55.060160,haute
BJ-355D8A2F,iOS,Technologie & IT,Ségbana,+229 36 83 87 31,ios@yahoo.fr,ios.bj,TPE (<10),B2B,CCIB Annuaire,,Actif,2026-06-29T00:22:55.060193,haute
BJ-912C4F81,Learning Works Ségbana,Technologie & IT,Ségbana,+229 52 97 75 74,learningworks@outlook.com,learningworksségbana.bj,PME (50-200),B2C,CCIB Annuaire,,Actif,2026-06-29T00:22:55.060215,haute
BJ-B49F17A7,Net Backend Hub,Technologie & IT,Karimama,+229 80 64 63 36,n.backend@netbackendhub.bj,netbackendhub.bj,TPE (<10),B2C,CCIB Annuaire,,Actif,2026-06-29T00:22:55.060242,haute
BJ-3C6F67FF,Soft Vue,Technologie & IT,Karimama,+229 59 36 98 50,softvue@softvue.org.bj,softvue.bj,PME (10-50),B2C,CCIB Annuaire,,Actif,2026-06-29T00:22:55.060260,haute
BJ-676820A5,Docker Labs Karimama,Technologie & IT,Karimama,+229 25 82 61 20,,dockerlabskarimama.bj,PME (50-200),B2B,CCIB Annuaire,,Actif,2026-06-29T00:22:55.060277,moyenne
BJ-DBB34252,Agile,Technologie & IT,Karimama,+229 36 21 15 65,agile@yahoo.fr,agile.bj,PME (10-50),B2C,CCIB Annuaire,,Actif,2026-06-29T00:22:55.060294,haute
BJ-3AACB8E3,Info Digital Soft Karimama,Technologie & IT,Karimama,+229 57 45 44 25,,infodigitalsoftkarimama.bj,PME (10-50),B2C,CCIB Annuaire,,Actif,2026-06-29T00:22:55.060307,moyenne
BJ-B7BC92E4,Smart Big,Technologie & IT,Gogounou,+229 75 52 84 73,smartbig@yahoo.com,smartbig.bj,PME (50-200),B2C,CCIB Annuaire,,Actif,2026-06-29T00:22:55.060336,haute
BJ-40EAFB07,Vue,Technologie & IT,Gogounou,+229 20 62 50 89,vue@hotmail.com,vue.bj,PME (10-50),B2C,CCIB Annuaire,,Actif,2026-06-29T00:22:55.060352,haute
BJ-0183090D,PHP,Technologie & IT,Gogounou,+229 71 30 10 42,php@yahoo.com,php.bj,TPE (<10),B2B,CCIB Annuaire,,Actif,2026-06-29T00:22:55.060381,haute
BJ-7C0B0DB9,Net Java SARL,Technologie & IT,Gogounou,+229 88 16 23 45,netjava@netjavasarl.org.bj,netjavasarl.bj,TPE (<10),B2C,CCIB Annuaire,,Actif,2026-06-29T00:22:55.060400,haute
BJ-72A0D5A5,Cyber SaaS Tech,Technologie & IT,Cobly,+229 76 15 25 25,cybersaas@cybersaastech.org.bj,cybersaastech.bj,PME (50-200),B2C,CCIB Annuaire,,Actif,2026-06-29T00:22:55.060426,haute
BJ-264A7D91,Cyber NoSQL International,Technologie & IT,Cobly,+229 77 37 65 83,cyber.nosql@cybernosqlinter.com.bj,cybernosqlinternational.bj,PME (10-50),B2C,CCIB Annuaire,,Actif,2026-06-29T00:22:55.060444,haute
BJ-00AD58D9,JavaScript Soft,Technologie & IT,Cobly,+229 43 98 40 28,javascriptsoft@gmail.com,javascriptsoft.bj,PME (50-200),B2C,CCIB Annuaire,,Actif,2026-06-29T00:22:55.060465,haute
BJ-0FE4678D,App Crypto,Technologie & IT,Cobly,+229 78 48 58 12,app.crypto@appcrypto.com.bj,appcrypto.bj,PME (50-200),B2B,CCIB Annuaire,,Actif,2026-06-29T00:22:55.060484,haute
BJ-C39A47D0,Net Learning,Technologie & IT,Cobly,+229 70 78 86 99,net.learning@hotmail.com,netlearning.bj,Grande (>200),B2C,CCIB Annuaire,,Actif,2026-06-29T00:22:55.060502,haute
BJ-25B5F37A,Machine,Technologie & IT,Tanguiéta,+229 92 23 89 97,machine@machine.bj,machine.bj,PME (10-50),B2C,CCIB Annuaire,,Actif,2026-06-29T00:22:55.060526,haute
BJ-B4118078,Net Learning Bénin,Technologie & IT,Tanguiéta,+229 82 83 41 89,net_learning@netlearningbéni.bj,netlearningbénin.bj,TPE (<10),B2C,CCIB Annuaire,,Actif,2026-06-29T00:22:55.060549,haute
BJ-E9A6AFA6,AI CRM,Technologie & IT,Tanguiéta,+229 69 85 86 70,crm@aicrm.com.bj,aicrm.bj,TPE (<10),B2B,CCIB Annuaire,,Actif,2026-06-29T00:22:55.060566,haute
BJ-A1A6B03B,App BI Tanguiéta,Technologie & IT,Tanguiéta,+229 67 20 90 19,a.tanguiéta@appbitanguiéta.com.bj,appbitanguiéta.bj,TPE (<10),B2C,CCIB Annuaire,,Actif,2026-06-29T00:22:55.060592,haute
BJ-BE1E109F,AI NoSQL,Technologie & IT,Tanguiéta,+229 60 38 83 12,nosql@hotmail.com,ainosql.bj,PME (10-50),B2C,CCIB Annuaire,,Actif,2026-06-29T00:22:55.060612,haute
BJ-AA6C989C,Angular Solutions,Technologie & IT,Matéri,+229 43 54 11 71,a.solutions@angularsolution.org.bj,angularsolutions.bj,TPE (<10),B2C,CCIB Annuaire,,Actif,2026-06-29T00:22:55.060638,haute
BJ-773B8CCA,Angular,Technologie & IT,Matéri,+229 44 77 16 59,angular@angular.bj,angular.bj,PME (50-200),B2B,CCIB Annuaire,,Actif,2026-06-29T00:22:55.060653,haute
BJ-E03E403E,MySQL,Technologie & IT,Matéri,+229 36 35 59 65,mysql@gmail.com,mysql.bj,TPE (<10),B2B,CCIB Annuaire,,Actif,2026-06-29T00:22:55.060670,haute
BJ-529A22A7,Net Deep,Technologie & IT,Matéri,+229 74 60 49 17,netdeep@hotmail.com,netdeep.bj,PME (10-50),B2C,CCIB Annuaire,,Actif,2026-06-29T00:22:55.060688,haute
BJ-D79D805D,Crypto SARL Matéri,Technologie & IT,Matéri,+229 88 68 70 68,cryptosarl@cryptosarlmatér.org.bj,cryptosarlmatéri.bj,TPE (<10),B2B,CCIB Annuaire,,Actif,2026-06-29T00:22:55.060707,haute
BJ-8740F3BE,Network SARL,Technologie & IT,Natitingou,+229 68 18 39 16,n.sarl@gmail.com,networksarl.bj,TPE (<10),B2C,CCIB Annuaire,,Actif,2026-06-29T00:22:55.060731,haute
BJ-B59C098B,Deep Studios,Technologie & IT,Natitingou,+229 20 39 27 26,d.studios@deepstudios.com.bj,deepstudios.bj,Grande (>200),B2C,CCIB Annuaire,,Actif,2026-06-29T00:22:55.060747,haute
BJ-EDD3990A,Soft Système International,Technologie & IT,Natitingou,+229 32 27 95 68,softsystème@softsystèmeinte.bj,,TPE (<10),B2C,CCIB Annuaire,,Actif,2026-06-29T00:22:55.060767,moyenne
BJ-35786526,Ruby Soft Natitingou,Technologie & IT,Natitingou,+229 46 36 57 11,ruby.soft@rubysoftnatitin.com.bj,rubysoftnatitingou.bj,TPE (<10),B2C,CCIB Annuaire,,Actif,2026-06-29T00:22:55.060784,haute
BJ-17F58B97,Serverless Labs,Technologie & IT,Natitingou,+229 20 63 84 71,serverlesslabs@serverlesslabs.com.bj,serverlesslabs.bj,PME (50-200),B2B,CCIB Annuaire,,Actif,2026-06-29T00:22:55.060800,haute
BJ-1CC100C1,PHP SARL,Technologie & IT,Toucountouna,+229 73 11 47 51,phpsarl@phpsarl.org.bj,phpsarl.bj,PME (10-50),B2C,CCIB Annuaire,,Actif,2026-06-29T00:22:55.060824,haute
BJ-D15FBEAA,Net Microservices,Technologie & IT,Toucountouna,+229 82 80 64 22,net.microservices@netmicroservice.bj,netmicroservices.bj,PME (10-50),B2C,CCIB Annuaire,,Actif,2026-06-29T00:22:55.060846,haute
BJ-B0084023,Business Studios,Technologie & IT,Toucountouna,+229 29 82 28 41,b.studios@gmail.com,businessstudios.bj,PME (50-200),B2B,CCIB Annuaire,,Actif,2026-06-29T00:22:55.060867,haute
BJ-8E5CA826,Application,Technologie & IT,Toucountouna,+229 83 55 48 55,application@application.com.bj,application.bj,TPE (<10),B2B,CCIB Annuaire,,Actif,2026-06-29T00:22:55.060938,haute
BJ-AA6C4FA3,App Things,Technologie & IT,Boukoumbé,+229 35 83 31 72,appthings@outlook.com,appthings.bj,Grande (>200),B2B,CCIB Annuaire,,Actif,2026-06-29T00:22:55.060985,haute
BJ-6D5BF565,Cloud NoSQL,Technologie & IT,Boukoumbé,+229 74 98 70 32,c.nosql@gmail.com,cloudnosql.bj,Grande (>200),B2C,CCIB Annuaire,,Actif,2026-06-29T00:22:55.061011,haute
BJ-E33E66DF,Linux Soft,Technologie & IT,Boukoumbé,+229 84 53 91 87,linuxsoft@linuxsoft.bj,linuxsoft.bj,PME (10-50),B2C,CCIB Annuaire,,Actif,2026-06-29T00:22:55.061039,haute
BJ-F331B081,AI BI Studios Boukoumbé,Technologie & IT,Boukoumbé,+229 97 16 18 92,studiosboukoumbé@aibistudiosbouk.org.bj,aibistudiosboukoumbé.bj,TPE (<10),B2C,CCIB Annuaire,,Actif,2026-06-29T00:22:55.061081,haute
BJ-A84ECA65,Digital Docker Boukoumbé,Technologie & IT,Boukoumbé,+229 60 63 61 22,digital.docker@hotmail.com,digitaldockerboukoumbé.bj,TPE (<10),B2B,CCIB Annuaire,,Actif,2026-06-29T00:22:55.061118,haute
BJ-123DFC1F,Linux,Technologie & IT,Kouandé,+229 33 39 16 50,linux@yahoo.com,linux.bj,PME (10-50),B2C,CCIB Annuaire,,Actif,2026-06-29T00:22:55.061146,haute
BJ-C0C37457,Smart Business Soft,Technologie & IT,Kouandé,+229 70 66 73 18,smart_business@smartbusinessso.com.bj,smartbusinesssoft.bj,PME (50-200),B2C,CCIB Annuaire,,Actif,2026-06-29T00:22:55.061165,haute
BJ-C9D2DEB6,Soft Angular SARL,Technologie & IT,Kouandé,+229 90 74 15 45,softangular@outlook.com,softangularsarl.bj,TPE (<10),B2C,CCIB Annuaire,,Actif,2026-06-29T00:22:55.061188,haute
BJ-50786608,Design Bénin,Technologie & IT,Kouandé,+229 44 47 18 30,design.bénin@outlook.com,designbénin.bj,TPE (<10),B2B,CCIB Annuaire,,Actif,2026-06-29T00:22:55.061206,haute
BJ-08301C4A,Net Learning Systems,Technologie & IT,Kouandé,+229 64 46 74 13,net.learning@netlearningsyst.com.bj,netlearningsystems.bj,PME (10-50),B2B,CCIB Annuaire,,Actif,2026-06-29T00:22:55.061228,haute
BJ-782EAFF2,AI,Technologie & IT,Péhunco,+229 85 86 42 79,,ai.bj,PME (50-200),B2C,CCIB Annuaire,,Actif,2026-06-29T00:22:55.061248,moyenne
BJ-C3C6BF31,Sys Blockchain Labs,Technologie & IT,Péhunco,+229 35 59 59 98,sys.blockchain@sysblockchainla.com.bj,sysblockchainlabs.bj,PME (10-50),B2C,CCIB Annuaire,,Actif,2026-06-29T00:22:55.061265,haute
BJ-5CAA566B,Tech Flutter Péhunco,Technologie & IT,Péhunco,+229 46 98 48 65,,techflutterpéhunco.bj,PME (10-50),B2B,CCIB Annuaire,,Actif,2026-06-29T00:22:55.061279,moyenne
BJ-FA60E7B2,Info Cloud Péhunco,Technologie & IT,Péhunco,+229 46 95 77 97,infocloud@outlook.com,infocloudpéhunco.bj,PME (10-50),B2C,CCIB Annuaire,,Actif,2026-06-29T00:22:55.061300,haute
BJ-DCF2943E,Kanban,Technologie & IT,Péhunco,+229 56 46 65 35,kanban@hotmail.com,kanban.bj,TPE (<10),B2B,CCIB Annuaire,,Actif,2026-06-29T00:22:55.061315,haute
BJ-A00C1B4F,Soft Crypto,Technologie & IT,Tchaourou,+229 25 35 91 15,s.crypto@outlook.com,softcrypto.bj,PME (10-50),B2C,CCIB Annuaire,,Actif,2026-06-29T00:22:55.061338,haute
BJ-92ECA914,Data Analytics International,Technologie & IT,Tchaourou,+229 91 80 50 86,dataanalytics@outlook.com,dataanalyticsinternational.bj,Grande (>200),B2C,CCIB Annuaire,,Actif,2026-06-29T00:22:55.061355,haute
BJ-498DF028,Smart MySQL Bénin,Technologie & IT,Tchaourou,+229 80 76 88 38,smartmysql@hotmail.com,smartmysqlbénin.bj,TPE (<10),B2B,CCIB Annuaire,,Actif,2026-06-29T00:22:55.061377,haute
BJ-89EEAF3A,Web Python Soft,Technologie & IT,Tchaourou,+229 22 89 18 11,w.python@yahoo.com,,PME (50-200),B2C,CCIB Annuaire,,Actif,2026-06-29T00:22:55.061394,moyenne
BJ-F8CDFFF8,Tech Artificielle,Technologie & IT,Tchaourou,+229 24 31 90 88,tech.artificielle@yahoo.com,techartificielle.bj,Grande (>200),B2B,CCIB Annuaire,,Actif,2026-06-29T00:22:55.061410,haute
BJ-CFBED2D4,Cloud Data,Technologie & IT,Nikki,+229 78 43 55 68,cloud.data@yahoo.fr,clouddata.bj,PME (10-50),B2B,CCIB Annuaire,,Actif,2026-06-29T00:22:55.061432,haute
BJ-1C4E7AD5,Info Agile Studios,Technologie & IT,Nikki,+229 25 18 97 25,i.agile@yahoo.com,infoagilestudios.bj,Grande (>200),B2C,CCIB Annuaire,,Actif,2026-06-29T00:22:55.061448,haute
BJ-5384710F,Analytics Systems,Technologie & IT,Nikki,+229 28 42 18 69,,analyticssystems.bj,TPE (<10),B2B,CCIB Annuaire,,Actif,2026-06-29T00:22:55.061465,moyenne
BJ-974D4592,Cloud PaaS Solutions,Technologie & IT,Nikki,+229 67 86 89 38,cloudpaas@yahoo.fr,cloudpaassolutions.bj,TPE (<10),B2C,CCIB Annuaire,,Actif,2026-06-29T00:22:55.061481,haute
BJ-0A2CDFCE,App Backend Bénin,Technologie & IT,Nikki,+229 79 63 69 74,appbackend@outlook.com,appbackendbénin.bj,Grande (>200),B2B,CCIB Annuaire,,Actif,2026-06-29T00:22:55.061498,haute
BJ-E660958E,Smart Android,Technologie & IT,Bembéréké,+229 91 31 12 51,smart.android@smartandroid.org.bj,smartandroid.bj,TPE (<10),B2B,CCIB Annuaire,,Actif,2026-06-29T00:22:55.061522,haute
BJ-7EECDC36,Artificielle,Technologie & IT,Bembéréké,+229 82 76 89 30,artificielle@artificielle.com.bj,artificielle.bj,TPE (<10),B2B,CCIB Annuaire,,Actif,2026-06-29T00:22:55.061537,haute
BJ-2CB24698,Ruby,Technologie & IT,Bembéréké,+229 61 41 33 99,ruby@ruby.org.bj,ruby.bj,TPE (<10),B2C,CCIB Annuaire,,Actif,2026-06-29T00:22:55.061555,haute
BJ-5665CA37,Net Solution Works,Technologie & IT,Bembéréké,+229 27 53 49 13,netsolution@netsolutionwork.org.bj,netsolutionworks.bj,PME (10-50),B2C,CCIB Annuaire,,Actif,2026-06-29T00:22:55.061573,haute
BJ-D0865D0B,Scrum,Technologie & IT,Bembéréké,+229 91 39 71 65,scrum@scrum.org.bj,scrum.bj,PME (10-50),B2C,CCIB Annuaire,,Actif,2026-06-29T00:22:55.061588,haute
BJ-806B439E,Sys Ruby Solutions Kalalé,Technologie & IT,Kalalé,+229 87 61 17 45,sysruby@hotmail.com,sysrubysolutionskalalé.bj,PME (10-50),B2B,CCIB Annuaire,,Actif,2026-06-29T00:22:55.061614,haute
BJ-FC4F8DDE,Angular,Technologie & IT,Kalalé,+229 55 83 88 42,angular@yahoo.com,angular.bj,PME (10-50),B2C,CCIB Annuaire,,Actif,2026-06-29T00:22:55.061629,haute
BJ-CDB939CA,Smart DevOps Bénin,Technologie & IT,Kalalé,+229 96 82 48 65,smart.devops@outlook.com,smartdevopsbénin.bj,PME (10-50),B2B,CCIB Annuaire,,Actif,2026-06-29T00:22:55.061645,haute
BJ-072C035F,Smart Solution Africa,Technologie & IT,Kalalé,+229 64 30 36 44,s.solution@smartsolutionaf.com.bj,smartsolutionafrica.bj,TPE (<10),B2C,CCIB Annuaire,,Actif,2026-06-29T00:22:55.061662,haute
BJ-50BB1C7E,PHP International Kalalé,Technologie & IT,Kalalé,+229 22 28 90 43,php.international@phpinternationa.com.bj,phpinternationalkalalé.bj,TPE (<10),B2C,CCIB Annuaire,,Actif,2026-06-29T00:22:55.061685,haute
BJ-D913BD53,Tech Machine Ndali,Technologie & IT,Ndali,+229 51 68 39 30,tech.machine@techmachinendal.com.bj,techmachinendali.bj,PME (10-50),B2B,CCIB Annuaire,,Actif,2026-06-29T00:22:55.061725,haute
BJ-A9596E87,Informatique Digital,Technologie & IT,Ndali,+229 84 52 83 72,informatique.digital@informatiquedig.com.bj,,TPE (<10),B2B,CCIB Annuaire,,Actif,2026-06-29T00:22:55.061743,moyenne
BJ-B71111BF,Smart Web,Technologie & IT,Ndali,+229 79 98 10 80,smart.web@smartweb.bj,smartweb.bj,PME (50-200),B2C,CCIB Annuaire,,Actif,2026-06-29T00:22:55.061763,haute
BJ-DC71D3CD,Tech React Hub,Technologie & IT,Ndali,+229 68 89 15 79,t.react@gmail.com,techreacthub.bj,PME (10-50),B2B,CCIB Annuaire,,Actif,2026-06-29T00:22:55.061780,haute
BJ-3024B1C7,Tech Python,Technologie & IT,Ndali,+229 32 10 61 47,t.python@hotmail.com,techpython.bj,PME (10-50),B2B,CCIB Annuaire,,Actif,2026-06-29T00:22:55.061796,haute
BJ-0E064695,AI API Soft,Technologie & IT,Ségbana,+229 98 37 78 48,a.soft@aiapisoft.bj,aiapisoft.bj,Grande (>200),B2B,CCIB Annuaire,,Actif,2026-06-29T00:22:55.061822,haute
BJ-22E6EF37,SQL Africa,Technologie & IT,Ségbana,+229 97 56 58 28,sqlafrica@sqlafrica.com.bj,sqlafrica.bj,PME (10-50),B2B,CCIB Annuaire,,Actif,2026-06-29T00:22:55.061839,haute
BJ-203DA102,Cloud C# Labs Ségbana,Technologie & IT,Ségbana,+229 31 54 95 40,cloudlabs@yahoo.fr,cloudc#labsségbana.bj,PME (50-200),B2C,CCIB Annuaire,,Actif,2026-06-29T00:22:55.061861,haute
BJ-6355D8EA,Data ERP,Technologie & IT,Ségbana,+229 97 37 18 39,data.erp@dataerp.com.bj,dataerp.bj,PME (10-50),B2B,CCIB Annuaire,,Actif,2026-06-29T00:22:55.061879,haute
BJ-67F475E6,BI,Technologie & IT,Ségbana,+229 24 15 72 79,bi@gmail.com,bi.bj,TPE (<10),B2C,CCIB Annuaire,,Actif,2026-06-29T00:22:55.061934,haute
BJ-0AF36368,App Things Bénin,Technologie & IT,Tchaourou,+229 68 29 79 10,a.things@hotmail.com,appthingsbénin.bj,TPE (<10),B2C,CCIB Annuaire,,Actif,2026-06-29T00:22:55.061969,haute
BJ-3B3B2BE2,Scrum Africa,Technologie & IT,Tchaourou,+229 51 92 41 96,scrum.africa@yahoo.com,scrumafrica.bj,TPE (<10),B2B,CCIB Annuaire,,Actif,2026-06-29T00:22:55.062004,haute
BJ-1EE929D7,PaaS,Technologie & IT,Tchaourou,+229 52 37 64 51,,paas.bj,PME (50-200),B2B,CCIB Annuaire,,Actif,2026-06-29T00:22:55.062038,moyenne
BJ-83113F82,Système Africa,Technologie & IT,Tchaourou,+229 63 88 76 98,système.africa@outlook.com,systèmeafrica.bj,PME (10-50),B2B,CCIB Annuaire,,Actif,2026-06-29T00:22:55.062079,haute
BJ-E93F596F,Smart PostgreSQL,Technologie & IT,Tchaourou,+229 53 44 48 36,smart.postgresql@smartpostgresql.bj,smartpostgresql.bj,PME (50-200),B2C,CCIB Annuaire,,Actif,2026-06-29T00:22:55.062108,haute
BJ-DB52B433,Database Digital,Technologie & IT,Bétérou,+229 61 75 27 87,d.digital@outlook.com,databasedigital.bj,PME (50-200),B2C,CCIB Annuaire,,Actif,2026-06-29T00:22:55.062152,haute
BJ-06BF1F9C,Cyber MySQL Soft Bétérou,Technologie & IT,Bétérou,+229 33 19 73 52,cyber.mysql@cybermysqlsoftb.bj,cybermysqlsoftbétérou.bj,Grande (>200),B2B,CCIB Annuaire,,Actif,2026-06-29T00:22:55.062191,haute
BJ-81F04ACE,Digital PHP Bétérou,Technologie & IT,Bétérou,+229 31 73 80 78,,digitalphpbétérou.bj,PME (10-50),B2C,CCIB Annuaire,,Actif,2026-06-29T00:22:55.062221,moyenne
BJ-73FAF112,Net Learning,Technologie & IT,Bétérou,+229 30 76 45 59,net.learning@netlearning.bj,netlearning.bj,PME (10-50),B2C,CCIB Annuaire,,Actif,2026-06-29T00:22:55.062252,haute
BJ-5F5FEC75,Things Hub,Technologie & IT,Bétérou,+229 93 37 34 35,t.hub@gmail.com,thingshub.bj,PME (10-50),B2B,CCIB Annuaire,,Actif,2026-06-29T00:22:55.062278,haute
BJ-F7764FC4,AI Flutter Studios,Technologie & IT,Ouessè,+229 82 42 41 60,flutterstudios@hotmail.com,aiflutterstudios.bj,PME (10-50),B2B,CCIB Annuaire,,Actif,2026-06-29T00:22:55.062334,haute
BJ-A935FE14,Tech Machine International,Technologie & IT,Ouessè,+229 52 95 81 68,t.machine@techmachineinte.com.bj,techmachineinternational.bj,Grande (>200),B2C,CCIB Annuaire,,Actif,2026-06-29T00:22:55.062371,haute
BJ-ACBC21C9,Soft C++,Technologie & IT,Ouessè,+229 49 64 50 30,softc++@yahoo.fr,softc++.bj,PME (10-50),B2C,CCIB Annuaire,,Actif,2026-06-29T00:22:55.062414,haute
BJ-7A5A5FEA,MySQL Systems,Technologie & IT,Ouessè,+229 96 63 67 82,m.systems@yahoo.com,mysqlsystems.bj,TPE (<10),B2B,CCIB Annuaire,,Actif,2026-06-29T00:22:55.062447,haute
BJ-FCFB4F8D,Cyber Solutions,Technologie & IT,Ouessè,+229 64 96 60 77,c.solutions@cybersolutions.bj,cybersolutions.bj,TPE (<10),B2B,CCIB Annuaire,,Actif,2026-06-29T00:22:55.062482,haute
BJ-484899D6,Frontend Solutions,Technologie & IT,Glazoué,+229 81 43 41 42,frontendsolutions@frontendsolutio.bj,frontendsolutions.bj,PME (50-200),B2C,CCIB Annuaire,,Actif,2026-06-29T00:22:55.062530,haute
BJ-1E2F251E,Frontend Glazoué,Technologie & IT,Glazoué,+229 20 31 15 27,frontend.glazoué@yahoo.com,frontendglazoué.bj,TPE (<10),B2C,CCIB Annuaire,,Actif,2026-06-29T00:22:55.062566,haute
BJ-401E8C29,AI Bitcoin International,Technologie & IT,Glazoué,+229 46 80 63 60,bitcoininternational@aibitcoinintern.bj,aibitcoininternational.bj,PME (10-50),B2C,CCIB Annuaire,,Actif,2026-06-29T00:22:55.062603,haute
BJ-1FD87AF7,Backend Works,Technologie & IT,Glazoué,+229 90 80 41 62,backendworks@backendworks.bj,backendworks.bj,PME (50-200),B2C,CCIB Annuaire,,Actif,2026-06-29T00:22:55.062670,haute
BJ-321DD5D3,Technologie Tech,Technologie & IT,Dassa-Zoumè,+229 80 96 40 71,technologietech@technologietech.bj,technologietech.bj,PME (10-50),B2B,CCIB Annuaire,,Actif,2026-06-29T00:22:55.062725,haute
BJ-54E26BE7,Scrum Systems Dassa-Zoumè,Technologie & IT,Dassa-Zoumè,+229 32 83 50 93,scrumsystems@scrumsystemsdas.bj,scrumsystemsdassazoumè.bj,PME (50-200),B2C,CCIB Annuaire,,Actif,2026-06-29T00:22:55.062769,haute
BJ-800EB74B,PHP Labs,Technologie & IT,Dassa-Zoumè,+229 65 51 12 46,php.labs@outlook.com,phplabs.bj,TPE (<10),B2C,CCIB Annuaire,,Actif,2026-06-29T00:22:55.062812,haute
BJ-E02AE02B,Soft Deep International,Technologie & IT,Dassa-Zoumè,+229 84 58 39 98,soft.deep@hotmail.com,softdeepinternational.bj,PME (10-50),B2C,CCIB Annuaire,,Actif,2026-06-29T00:22:55.062850,haute
BJ-630A8C59,AI Data Dassa-Zoumè,Technologie & IT,Dassa-Zoumè,+229 92 42 44 58,data.dassa@aidatadassazoum.org.bj,aidatadassazoumè.bj,PME (10-50),B2C,CCIB Annuaire,,Actif,2026-06-29T00:22:55.062910,haute
BJ-80E99C26,Bitcoin,Technologie & IT,Savalou,+229 30 37 53 86,bitcoin@yahoo.fr,bitcoin.bj,PME (50-200),B2C,CCIB Annuaire,,Actif,2026-06-29T00:22:55.062960,haute
BJ-E88789B6,Agile,Technologie & IT,Savalou,+229 45 23 46 51,agile@agile.bj,agile.bj,PME (50-200),B2C,CCIB Annuaire,,Actif,2026-06-29T00:22:55.062994,haute
BJ-E6E58A1A,SaaS,Technologie & IT,Savalou,+229 94 73 55 20,saas@yahoo.com,saas.bj,TPE (<10),B2C,CCIB Annuaire,,Actif,2026-06-29T00:22:55.063026,haute
BJ-30F2E073,AI Cyber Studios,Technologie & IT,Savalou,+229 42 67 62 26,cyber_studios@gmail.com,,PME (10-50),B2C,CCIB Annuaire,,Actif,2026-06-29T00:22:55.063061,moyenne
BJ-C4C74FDF,GraphQL Savalou,Technologie & IT,Savalou,+229 74 57 58 63,graphqlsavalou@graphqlsavalou.org.bj,graphqlsavalou.bj,TPE (<10),B2C,CCIB Annuaire,,Actif,2026-06-29T00:22:55.063104,haute
BJ-2D51DC6B,Tech iOS,Technologie & IT,Bantè,+229 55 74 77 94,tech_ios@techios.com.bj,techios.bj,PME (10-50),B2B,CCIB Annuaire,,Actif,2026-06-29T00:22:55.063153,haute
BJ-8FDD0A2E,Net PostgreSQL Systems,Technologie & IT,Bantè,+229 84 55 24 41,netpostgresql@yahoo.com,netpostgresqlsystems.bj,PME (10-50),B2C,CCIB Annuaire,,Actif,2026-06-29T00:22:55.063191,haute
BJ-34DBFD34,AI Internet International,Technologie & IT,Bantè,+229 92 85 70 27,internet.international@hotmail.com,aiinternetinternational.bj,TPE (<10),B2B,CCIB Annuaire,,Actif,2026-06-29T00:22:55.063235,haute
BJ-99AA7880,Web Java SARL Bantè,Technologie & IT,Bantè,+229 50 55 51 36,w.java@webjavasarlbant.bj,webjavasarlbantè.bj,TPE (<10),B2B,CCIB Annuaire,,Actif,2026-06-29T00:22:55.063274,haute
BJ-9FDA69ED,Scrum,Technologie & IT,Bantè,+229 91 13 32 45,scrum@scrum.bj,scrum.bj,PME (50-200),B2C,CCIB Annuaire,,Actif,2026-06-29T00:22:55.063304,haute
BJ-3F173591,Smart Machine SARL,Technologie & IT,Djougou,+229 80 73 82 21,,smartmachinesarl.bj,TPE (<10),B2B,CCIB Annuaire,,Actif,2026-06-29T00:22:55.063342,moyenne
BJ-08438A71,Web MySQL Hub,Technologie & IT,Djougou,+229 41 63 12 94,webmysql@webmysqlhub.org.bj,webmysqlhub.bj,Grande (>200),B2B,CCIB Annuaire,,Actif,2026-06-29T00:22:55.063376,haute
BJ-401956F7,Microservices,Technologie & IT,Djougou,+229 55 32 31 37,microservices@yahoo.com,microservices.bj,TPE (<10),B2C,CCIB Annuaire,,Actif,2026-06-29T00:22:55.063404,haute
BJ-EA8C3C14,Machine,Technologie & IT,Djougou,+229 90 64 51 90,machine@yahoo.com,machine.bj,TPE (<10),B2C,CCIB Annuaire,,Actif,2026-06-29T00:22:55.063442,haute
BJ-3BB893BD,UX/UI Works Djougou,Technologie & IT,Djougou,+229 76 19 23 18,ux/ui.works@ux/uiworksdjoug.org.bj,ux/uiworksdjougou.bj,TPE (<10),B2C,CCIB Annuaire,,Actif,2026-06-29T00:22:55.063482,haute
BJ-1E98CA44,Data Ruby Hub Ouèssè,Technologie & IT,Ouèssè,+229 41 59 35 79,d.ruby@outlook.com,datarubyhubouèssè.bj,PME (50-200),B2B,CCIB Annuaire,,Actif,2026-06-29T00:22:55.063527,haute
BJ-C796CF09,Artificielle Bénin Ouèssè,Technologie & IT,Ouèssè,+229 41 23 77 21,artificielle.bénin@gmail.com,artificiellebéninouèssè.bj,PME (10-50),B2B,CCIB Annuaire,,Actif,2026-06-29T00:22:55.063566,haute
BJ-A139C0C1,Smart Security Soft,Technologie & IT,Ouèssè,+229 32 58 83 20,s.security@yahoo.fr,smartsecuritysoft.bj,TPE (<10),B2C,CCIB Annuaire,,Actif,2026-06-29T00:22:55.063618,haute
BJ-C354D050,Cloud CI/CD Solutions,Technologie & IT,Ouèssè,+229 98 27 54 48,cloud.ci/cd@cloudci/cdsolut.bj,cloudci/cdsolutions.bj,TPE (<10),B2C,CCIB Annuaire,,Actif,2026-06-29T00:22:55.063660,haute
BJ-63B5C156,Android Africa Ouèssè,Technologie & IT,Ouèssè,+229 33 51 95 17,android.africa@androidafricaou.bj,androidafricaouèssè.bj,Grande (>200),B2C,CCIB Annuaire,,Actif,2026-06-29T00:22:55.063701,haute
BJ-30EF84CE,BI SARL,Technologie & IT,Bassila,+229 24 18 50 58,sarl@bisarl.org.bj,,Grande (>200),B2B,CCIB Annuaire,,Actif,2026-06-29T00:22:55.063729,moyenne
BJ-79F9D005,Logiciel Bénin Bassila,Technologie & IT,Bassila,+229 31 89 62 68,logicielbénin@logicielbéninba.com.bj,logicielbéninbassila.bj,Grande (>200),B2B,CCIB Annuaire,,Actif,2026-06-29T00:22:55.063750,haute
BJ-DE875E92,Tech Swift Works,Technologie & IT,Bassila,+229 80 70 23 37,tech_swift@techswiftworks.org.bj,techswiftworks.bj,PME (50-200),B2C,CCIB Annuaire,,Actif,2026-06-29T00:22:55.063783,haute
BJ-8DF82106,macOS Works,Technologie & IT,Bassila,+229 27 80 40 46,macos.works@outlook.com,macosworks.bj,PME (10-50),B2C,CCIB Annuaire,,Actif,2026-06-29T00:22:55.063798,haute
BJ-F3E0ED2D,Crypto Studios,Technologie & IT,Pehunco,+229 96 96 95 64,crypto.studios@yahoo.fr,cryptostudios.bj,PME (50-200),B2B,CCIB Annuaire,,Actif,2026-06-29T00:22:55.063822,haute
BJ-710E764D,Frontend Digital,Technologie & IT,Pehunco,+229 42 95 66 61,f.digital@yahoo.fr,frontenddigital.bj,PME (10-50),B2B,CCIB Annuaire,,Actif,2026-06-29T00:22:55.063839,haute
BJ-D7EB8864,Kubernetes Soft,Technologie & IT,Pehunco,+229 23 34 36 37,kubernetes.soft@kubernetessoft.bj,,TPE (<10),B2C,CCIB Annuaire,,Actif,2026-06-29T00:22:55.063858,moyenne
BJ-C59E5C52,Info Container,Technologie & IT,Pehunco,+229 71 71 89 72,info.container@yahoo.fr,infocontainer.bj,PME (10-50),B2B,CCIB Annuaire,,Actif,2026-06-29T00:22:55.063876,haute
BJ-55C565BE,Intelligence Hub,Technologie & IT,Pehunco,+229 85 77 13 18,intelligence.hub@intelligencehub.bj,intelligencehub.bj,PME (10-50),B2C,CCIB Annuaire,,Actif,2026-06-29T00:22:55.063912,haute
BJ-00A5987C,Tech Oracle Labs,Technologie & IT,Copargo,+229 54 59 31 92,t.oracle@gmail.com,techoraclelabs.bj,PME (10-50),B2C,CCIB Annuaire,,Actif,2026-06-29T00:22:55.063964,haute
BJ-5867F247,Scrum Africa Copargo,Technologie & IT,Copargo,+229 49 62 55 19,s.africa@scrumafricacopa.org.bj,,TPE (<10),B2B,CCIB Annuaire,,Actif,2026-06-29T00:22:55.064009,moyenne
BJ-362E4A99,Net Analytics,Technologie & IT,Copargo,+229 45 25 27 59,n.analytics@yahoo.fr,netanalytics.bj,TPE (<10),B2C,CCIB Annuaire,,Actif,2026-06-29T00:22:55.064046,haute
BJ-564E6D92,PaaS,Technologie & IT,Copargo,+229 59 63 85 87,paas@gmail.com,paas.bj,PME (50-200),B2C,CCIB Annuaire,,Actif,2026-06-29T00:22:55.064075,haute
BJ-A86CFFBA,Flutter,Technologie & IT,Copargo,+229 25 90 84 38,flutter@flutter.org.bj,flutter.bj,PME (10-50),B2B,CCIB Annuaire,,Actif,2026-06-29T00:22:55.064107,haute
BJ-040B31D1,Pharmaceutique Cotonou,Industrie & Manufacture,Cotonou,+229 74 49 26 69,pharmaceutique.cotonou@pharmaceutiquec.com.bj,pharmaceutiquecotonou.bj,TPE (<10),B2B,CCIB Annuaire,,Actif,2026-06-29T00:22:55.064159,haute
BJ-5C8DF9D4,Mécanique Industries,Industrie & Manufacture,Cotonou,+229 63 60 90 35,mécanique.industries@yahoo.com,mécaniqueindustries.bj,PME (50-200),B2B,CCIB Annuaire,,Actif,2026-06-29T00:22:55.064196,haute
BJ-06C23A45,Production Bois Africa,Industrie & Manufacture,Cotonou,+229 35 96 63 95,p.bois@yahoo.com,productionboisafrica.bj,PME (50-200),B2B,CCIB Annuaire,,Actif,2026-06-29T00:22:55.064238,haute
BJ-D786E42C,Robotique Industries,Industrie & Manufacture,Cotonou,+229 40 68 38 84,robotiqueindustries@robotiqueindust.bj,,PME (10-50),B2B,CCIB Annuaire,,Actif,2026-06-29T00:22:55.064312,moyenne
BJ-9B9DB61C,Fonte Industry,Industrie & Manufacture,Abomey-Calavi,+229 27 15 28 93,fonteindustry@yahoo.fr,fonteindustry.bj,Grande (>200),B2B,CCIB Annuaire,,Actif,2026-06-29T00:22:55.064371,haute
BJ-182C9562,Automatisation Abomey-Calavi,Industrie & Manufacture,Abomey-Calavi,+229 82 86 61 82,automatisation.abomey@automatisationa.bj,,TPE (<10),B2B,CCIB Annuaire,,Actif,2026-06-29T00:22:55.064416,moyenne
BJ-BECE78A9,Reliure Abomey-Calavi,Industrie & Manufacture,Abomey-Calavi,+229 83 57 79 72,reliure.abomey@outlook.com,reliureabomeycalavi.bj,PME (10-50),B2B,CCIB Annuaire,,Actif,2026-06-29T00:22:55.064455,haute
BJ-009ACDFA,Chimie Industry Abomey-Calavi,Industrie & Manufacture,Abomey-Calavi,+229 91 24 18 39,chimie.industry@chimieindustrya.org.bj,chimieindustryabomeycalavi.bj,TPE (<10),B2B,CCIB Annuaire,,Actif,2026-06-29T00:22:55.064492,haute
BJ-8B4E430C,Colle Abomey-Calavi,Industrie & Manufacture,Abomey-Calavi,+229 32 30 97 81,,colleabomeycalavi.bj,TPE (<10),B2B,CCIB Annuaire,,Actif,2026-06-29T00:22:55.064521,moyenne
BJ-9B69C8FD,Unité Automatique Porto-Novo,Industrie & Manufacture,Porto-Novo,+229 49 83 59 88,u.automatique@unitéautomatiqu.bj,,PME (10-50),B2B,CCIB Annuaire,,Actif,2026-06-29T00:22:55.064586,moyenne
BJ-C7C81E9D,Fabrique Laser,Industrie & Manufacture,Porto-Novo,+229 34 41 17 80,fabriquelaser@fabriquelaser.org.bj,,PME (10-50),B2B,CCIB Annuaire,,Actif,2026-06-29T00:22:55.064614,moyenne
BJ-006660C7,Usine Verre Industries,Industrie & Manufacture,Porto-Novo,+229 45 30 19 56,,usineverreindustries.bj,TPE (<10),B2B,CCIB Annuaire,,Actif,2026-06-29T00:22:55.064640,moyenne
BJ-AC75EF71,Tournage Bénin,Industrie & Manufacture,Porto-Novo,+229 81 80 85 63,tournage.bénin@yahoo.com,tournagebénin.bj,TPE (<10),B2B,CCIB Annuaire,,Actif,2026-06-29T00:22:55.064671,haute
BJ-C49EAD0B,Production Africa,Industrie & Manufacture,Porto-Novo,+229 77 29 55 37,,productionafrica.bj,PME (10-50),B2B,CCIB Annuaire,,Actif,2026-06-29T00:22:55.064694,moyenne
BJ-DDB6A672,Robotique Parakou,Industrie & Manufacture,Parakou,+229 81 28 59 65,robotique.parakou@hotmail.com,robotiqueparakou.bj,TPE (<10),B2B,CCIB Annuaire,,Actif,2026-06-29T00:22:55.064733,haute
BJ-7F45B1A3,Bois,Industrie & Manufacture,Parakou,+229 51 55 66 93,,bois.bj,TPE (<10),B2B,CCIB Annuaire,,Actif,2026-06-29T00:22:55.064754,moyenne
BJ-EF06CF5E,Works Plastique,Industrie & Manufacture,Parakou,+229 94 90 11 62,works.plastique@worksplastique.bj,worksplastique.bj,PME (50-200),B2B,CCIB Annuaire,,Actif,2026-06-29T00:22:55.064780,haute
BJ-716994AE,Fabrication Bénin,Industrie & Manufacture,Parakou,+229 63 61 72 73,fabrication.bénin@outlook.com,,TPE (<10),B2B,CCIB Annuaire,,Actif,2026-06-29T00:22:55.064805,moyenne
BJ-3285D431,Bois SARL,Industrie & Manufacture,Parakou,+229 82 38 95 36,boissarl@boissarl.bj,,TPE (<10),B2B,CCIB Annuaire,,Actif,2026-06-29T00:22:55.064831,moyenne
BJ-6250CD88,Plant Cuivre,Industrie & Manufacture,Bohicon,+229 50 92 90 26,,plantcuivre.bj,TPE (<10),B2B,CCIB Annuaire,,Actif,2026-06-29T00:22:55.064863,moyenne
BJ-CECAF31A,Unité Découpe Africa,Industrie & Manufacture,Bohicon,+229 95 10 95 25,u.découpe@unitédécoupeafr.com.bj,unitédécoupeafrica.bj,PME (50-200),B2B,CCIB Annuaire,,Actif,2026-06-29T00:22:55.064911,haute
BJ-2D5B2E1A,Unité Céramique,Industrie & Manufacture,Bohicon,+229 58 64 13 32,unité.céramique@unitécéramique.org.bj,unitécéramique.bj,Grande (>200),B2B,CCIB Annuaire,,Actif,2026-06-29T00:22:55.064952,haute
BJ-77594B35,Production Automobile Bohicon,Industrie & Manufacture,Bohicon,+229 45 99 17 36,,,PME (10-50),B2B,CCIB Annuaire,,Actif,2026-06-29T00:22:55.064975,basse
BJ-53EB3330,Production Céramique Plant Bohicon,Industrie & Manufacture,Bohicon,+229 64 82 16 47,productioncéramique@productioncéram.com.bj,productioncéramiqueplantbohicon.bj,Grande (>200),B2B,CCIB Annuaire,,Actif,2026-06-29T00:22:55.065012,haute
BJ-76CE42E4,Perçage,Industrie & Manufacture,Natitingou,+229 34 73 88 82,perçage@perçage.org.bj,,PME (10-50),B2B,CCIB Annuaire,,Actif,2026-06-29T00:22:55.065072,moyenne
BJ-7AA9B74C,Plant Conditionnement,Industrie & Manufacture,Natitingou,+229 63 17 41 84,p.conditionnement@plantconditionn.bj,plantconditionnement.bj,PME (50-200),B2B,CCIB Annuaire,,Actif,2026-06-29T00:22:55.065111,haute
BJ-36F4DCB2,Emballage,Industrie & Manufacture,Natitingou,+229 88 96 51 46,,,TPE (<10),B2B,CCIB Annuaire,,Actif,2026-06-29T00:22:55.065126,basse
BJ-3F46B257,Fabrique Métal,Industrie & Manufacture,Natitingou,+229 79 11 43 11,,,TPE (<10),B2B,CCIB Annuaire,,Actif,2026-06-29T00:22:55.065137,basse
BJ-454CDD8D,Unité Plastique,Industrie & Manufacture,Natitingou,+229 56 67 95 65,unitéplastique@unitéplastique.com.bj,,TPE (<10),B2B,CCIB Annuaire,,Actif,2026-06-29T00:22:55.065156,moyenne
BJ-D8549928,Fraisage,Industrie & Manufacture,Lokossa,+229 41 80 26 87,fraisage@fraisage.bj,fraisage.bj,TPE (<10),B2B,CCIB Annuaire,,Actif,2026-06-29T00:22:55.065185,haute
BJ-25EA1F13,Assemblage Africa Lokossa,Industrie & Manufacture,Lokossa,+229 53 80 53 44,,,TPE (<10),B2B,CCIB Annuaire,,Actif,2026-06-29T00:22:55.065198,basse
BJ-AFD9663D,Unité Laser Bénin,Industrie & Manufacture,Lokossa,+229 29 71 70 45,,unitélaserbénin.bj,PME (10-50),B2B,CCIB Annuaire,,Actif,2026-06-29T00:22:55.065234,moyenne
BJ-5E79A26B,Aluminium SARL,Industrie & Manufacture,Lokossa,+229 83 57 28 20,aluminiumsarl@gmail.com,,TPE (<10),B2B,CCIB Annuaire,,Actif,2026-06-29T00:22:55.065255,moyenne
BJ-725CE43A,Plant Papier Industry,Industrie & Manufacture,Ouidah,+229 87 61 82 59,plant.papier@plantpapierindu.com.bj,plantpapierindustry.bj,PME (10-50),B2B,CCIB Annuaire,,Actif,2026-06-29T00:22:55.065280,haute
BJ-D0D7E0F7,Plant Verre,Industrie & Manufacture,Ouidah,+229 92 18 64 92,plant.verre@plantverre.org.bj,plantverre.bj,TPE (<10),B2B,CCIB Annuaire,,Actif,2026-06-29T00:22:55.065297,haute
BJ-E7B180BD,Emballage Ouidah,Industrie & Manufacture,Ouidah,+229 31 32 99 49,emballageouidah@yahoo.fr,emballageouidah.bj,PME (50-200),B2B,CCIB Annuaire,,Actif,2026-06-29T00:22:55.065313,haute
BJ-9BCC323C,Atelier Céramique SARL,Industrie & Manufacture,Ouidah,+229 23 19 83 70,atelier.céramique@outlook.com,,TPE (<10),B2B,CCIB Annuaire,,Actif,2026-06-29T00:22:55.065331,moyenne
BJ-21832486,Chimie Ouidah,Industrie & Manufacture,Ouidah,+229 61 87 46 17,chimieouidah@yahoo.com,,PME (50-200),B2B,CCIB Annuaire,,Actif,2026-06-29T00:22:55.065350,moyenne
BJ-A68FE42A,Électrique Industries,Industrie & Manufacture,Savalou,+229 57 62 48 81,,électriqueindustries.bj,TPE (<10),B2B,CCIB Annuaire,,Actif,2026-06-29T00:22:55.065386,moyenne
BJ-1C6700DE,Atelier Électronique Groupe,Industrie & Manufacture,Savalou,+229 74 39 91 75,atelierélectronique@outlook.com,,Grande (>200),B2B,CCIB Annuaire,,Actif,2026-06-29T00:22:55.065435,moyenne
BJ-CDE4437E,Unité Tournage,Industrie & Manufacture,Dassa-Zoumè,+229 77 74 89 87,u.tournage@unitétournage.com.bj,unitétournage.bj,PME (10-50),B2B,CCIB Annuaire,,Actif,2026-06-29T00:22:55.065460,haute
BJ-E798F727,Découpe Groupe,Industrie & Manufacture,Dassa-Zoumè,+229 96 36 42 42,découpegroupe@découpegroupe.com.bj,découpegroupe.bj,PME (10-50),B2B,CCIB Annuaire,,Actif,2026-06-29T00:22:55.065478,haute
BJ-8905B811,Fabrique Peinture Groupe,Industrie & Manufacture,Dassa-Zoumè,+229 41 42 60 78,,fabriquepeinturegroupe.bj,PME (50-200),B2B,CCIB Annuaire,,Actif,2026-06-29T00:22:55.065490,moyenne
BJ-69409AAA,Atelier Électronique,Industrie & Manufacture,Dassa-Zoumè,+229 68 24 31 67,,,TPE (<10),B2B,CCIB Annuaire,,Actif,2026-06-29T00:22:55.065502,basse
BJ-F7C6A5E0,CNC,Industrie & Manufacture,Dassa-Zoumè,+229 47 74 86 42,,cnc.bj,PME (50-200),B2B,CCIB Annuaire,,Actif,2026-06-29T00:22:55.065513,moyenne
BJ-D7DB8CD3,Usine Aluminium Works,Industrie & Manufacture,Kétou,+229 26 16 58 65,usinealuminium@gmail.com,,PME (50-200),B2B,CCIB Annuaire,,Actif,2026-06-29T00:22:55.065536,moyenne
BJ-E11D62AC,Conditionnement Plant Kétou,Industrie & Manufacture,Kétou,+229 57 21 91 68,conditionnement.plant@yahoo.com,,TPE (<10),B2B,CCIB Annuaire,,Actif,2026-06-29T00:22:55.065552,moyenne
BJ-B25700C5,Manufacture Métal,Industrie & Manufacture,Kétou,+229 38 46 94 35,m.métal@manufactureméta.bj,manufacturemétal.bj,TPE (<10),B2B,CCIB Annuaire,,Actif,2026-06-29T00:22:55.065572,haute
BJ-5EE60005,Emballage Plant,Industrie & Manufacture,Kétou,+229 51 41 93 80,emballageplant@gmail.com,,PME (50-200),B2B,CCIB Annuaire,,Actif,2026-06-29T00:22:55.065588,moyenne
BJ-01BEACE3,Verre,Industrie & Manufacture,Kétou,+229 28 67 96 40,verre@gmail.com,verre.bj,TPE (<10),B2B,CCIB Annuaire,,Actif,2026-06-29T00:22:55.065602,haute
BJ-2CFB61C6,Mécanique,Industrie & Manufacture,Covè,+229 30 26 13 12,mécanique@gmail.com,mécanique.bj,PME (10-50),B2B,CCIB Annuaire,,Actif,2026-06-29T00:22:55.065624,haute
BJ-9F93A858,Électronique Africa,Industrie & Manufacture,Covè,+229 55 71 80 69,électroniqueafrica@électroniqueafr.com.bj,électroniqueafrica.bj,PME (50-200),B2B,CCIB Annuaire,,Actif,2026-06-29T00:22:55.065646,haute
BJ-157C43EC,Mécanique Industries,Industrie & Manufacture,Covè,+229 50 11 28 93,mécanique.industries@yahoo.fr,mécaniqueindustries.bj,PME (50-200),B2B,CCIB Annuaire,,Actif,2026-06-29T00:22:55.065663,haute
BJ-85F000CC,Usine Cuivre Groupe,Industrie & Manufacture,Covè,+229 36 75 92 40,usine.cuivre@hotmail.com,usinecuivregroupe.bj,TPE (<10),B2B,CCIB Annuaire,,Actif,2026-06-29T00:22:55.065684,haute
BJ-58CBE8DE,Assemblage Factory,Industrie & Manufacture,Covè,+229 28 60 95 32,,assemblagefactory.bj,PME (50-200),B2B,CCIB Annuaire,,Actif,2026-06-29T00:22:55.065696,moyenne
BJ-14380F2E,Conditionnement Bénin Pobè,Industrie & Manufacture,Pobè,+229 75 81 80 81,c.bénin@gmail.com,conditionnementbéninpobè.bj,PME (10-50),B2B,CCIB Annuaire,,Actif,2026-06-29T00:22:55.065721,haute
BJ-88D4F45B,Plant Carton,Industrie & Manufacture,Pobè,+229 90 13 55 42,p.carton@yahoo.fr,,TPE (<10),B2B,CCIB Annuaire,,Actif,2026-06-29T00:22:55.065737,moyenne
BJ-751B6168,Céramique Plant,Industrie & Manufacture,Pobè,+229 39 97 49 40,c.plant@céramiqueplant.bj,,PME (10-50),B2B,CCIB Annuaire,,Actif,2026-06-29T00:22:55.065764,moyenne
BJ-F659554C,Conditionnement Plant Pobè,Industrie & Manufacture,Pobè,+229 45 73 72 85,conditionnement.plant@conditionnement.org.bj,,PME (10-50),B2B,CCIB Annuaire,,Actif,2026-06-29T00:22:55.065783,moyenne
BJ-8338B7C8,Works Papier Africa,Industrie & Manufacture,Pobè,+229 34 82 29 65,,workspapierafrica.bj,Grande (>200),B2B,CCIB Annuaire,,Actif,2026-06-29T00:22:55.065795,moyenne
BJ-7818AAB7,Manufacture Béton,Industrie & Manufacture,Sakété,+229 69 74 23 79,m.béton@yahoo.com,manufacturebéton.bj,PME (50-200),B2B,CCIB Annuaire,,Actif,2026-06-29T00:22:55.065819,haute
BJ-BA7D8CA9,Unité Découpe Sakété,Industrie & Manufacture,Sakété,+229 99 70 42 87,unitédécoupe@yahoo.fr,unitédécoupesakété.bj,PME (10-50),B2B,CCIB Annuaire,,Actif,2026-06-29T00:22:55.065838,haute
BJ-C2A7B4DF,Works Pneumatique Industry,Industrie & Manufacture,Sakété,+229 78 93 49 73,,workspneumatiqueindustry.bj,TPE (<10),B2B,CCIB Annuaire,,Actif,2026-06-29T00:22:55.065864,moyenne
BJ-CF1A9C97,Works Vernis,Industrie & Manufacture,Sakété,+229 78 99 21 52,worksvernis@outlook.com,worksvernis.bj,Grande (>200),B2B,CCIB Annuaire,,Actif,2026-06-29T00:22:55.065880,haute
BJ-131C4BA1,CNC Works,Industrie & Manufacture,Adjara,+229 93 65 47 40,cncworks@cncworks.org.bj,,PME (10-50),B2B,CCIB Annuaire,,Actif,2026-06-29T00:22:55.065924,moyenne
BJ-9E48CC50,Mécanique,Industrie & Manufacture,Adjara,+229 38 16 17 42,mécanique@outlook.com,mécanique.bj,PME (10-50),B2B,CCIB Annuaire,,Actif,2026-06-29T00:22:55.065950,haute
BJ-5CC6D645,Manufacture Robotique SARL,Industrie & Manufacture,Adjara,+229 91 86 68 92,manufacture.robotique@yahoo.fr,manufacturerobotiquesarl.bj,TPE (<10),B2B,CCIB Annuaire,,Actif,2026-06-29T00:22:55.065988,haute
BJ-DAAFE25E,Électronique,Industrie & Manufacture,Adjara,+229 35 50 96 53,électronique@hotmail.com,,PME (50-200),B2B,CCIB Annuaire,,Actif,2026-06-29T00:22:55.066016,moyenne
BJ-F629619B,Production Fraisage Allada,Industrie & Manufacture,Allada,+229 83 80 33 59,p.fraisage@yahoo.com,productionfraisageallada.bj,PME (50-200),B2B,CCIB Annuaire,,Actif,2026-06-29T00:22:55.066087,haute
BJ-3EBE2076,Pharmaceutique,Industrie & Manufacture,Allada,+229 40 25 41 59,pharmaceutique@gmail.com,pharmaceutique.bj,TPE (<10),B2B,CCIB Annuaire,,Actif,2026-06-29T00:22:55.066112,haute
BJ-59B3BD4D,Usine Automobile Industries,Industrie & Manufacture,Allada,+229 83 28 92 39,,,TPE (<10),B2B,CCIB Annuaire,,Actif,2026-06-29T00:22:55.066131,basse
BJ-F95A5281,Manufacture Ciment Allada,Industrie & Manufacture,Allada,+229 63 23 66 37,manufacture.ciment@yahoo.fr,,PME (50-200),B2B,CCIB Annuaire,,Actif,2026-06-29T00:22:55.066160,moyenne
BJ-1E331009,Pneumatique SARL,Industrie & Manufacture,Allada,+229 25 10 61 28,pneumatique_sarl@pneumatiquesarl.org.bj,,PME (10-50),B2B,CCIB Annuaire,,Actif,2026-06-29T00:22:55.066207,moyenne
BJ-2168EF99,Automatisation,Industrie & Manufacture,Aplahoué,+229 22 12 97 47,,automatisation.bj,PME (10-50),B2B,CCIB Annuaire,,Actif,2026-06-29T00:22:55.066250,moyenne
BJ-6AADF64A,Tournage,Industrie & Manufacture,Aplahoué,+229 95 82 33 41,tournage@tournage.com.bj,tournage.bj,Grande (>200),B2B,CCIB Annuaire,,Actif,2026-06-29T00:22:55.066276,haute
BJ-4E735148,Unité Pneumatique,Industrie & Manufacture,Aplahoué,+229 72 70 15 10,unité.pneumatique@unitépneumatiqu.bj,unitépneumatique.bj,PME (50-200),B2B,CCIB Annuaire,,Actif,2026-06-29T00:22:55.066324,haute
BJ-B5ABA94B,Fabrique Soudure Plant,Industrie & Manufacture,Aplahoué,+229 26 68 68 73,fabriquesoudure@fabriquesoudure.bj,fabriquesoudureplant.bj,TPE (<10),B2B,CCIB Annuaire,,Actif,2026-06-29T00:22:55.066365,haute
BJ-9C3BAAB9,Fabrique Automatisation,Industrie & Manufacture,Aplahoué,+229 86 40 77 93,,,TPE (<10),B2B,CCIB Annuaire,,Actif,2026-06-29T00:22:55.066388,basse
BJ-DBDD4435,Unité Usinage,Industrie & Manufacture,Dogbo-Tota,+229 25 36 87 58,u.usinage@outlook.com,unitéusinage.bj,TPE (<10),B2B,CCIB Annuaire,,Actif,2026-06-29T00:22:55.066428,haute
BJ-77A485B4,Manufacture Ciment,Industrie & Manufacture,Dogbo-Tota,+229 23 27 73 23,m.ciment@manufacturecime.org.bj,manufactureciment.bj,PME (10-50),B2B,CCIB Annuaire,,Actif,2026-06-29T00:22:55.066454,haute
BJ-D966E7B9,Industrie Cuivre Factory Dogbo-Tota,Industrie & Manufacture,Dogbo-Tota,+229 51 68 49 69,industriecuivre@industriecuivre.bj,industriecuivrefactorydogbotota.bj,PME (50-200),B2B,CCIB Annuaire,,Actif,2026-06-29T00:22:55.066481,haute
BJ-F94BBDA1,Plant Plastique SARL,Industrie & Manufacture,Dogbo-Tota,+229 57 14 62 88,p.plastique@plantplastiques.com.bj,plantplastiquesarl.bj,PME (10-50),B2B,CCIB Annuaire,,Actif,2026-06-29T00:22:55.066519,haute
BJ-F1CAB56E,Adhésif Works,Industrie & Manufacture,Dogbo-Tota,+229 71 56 39 34,,adhésifworks.bj,PME (50-200),B2B,CCIB Annuaire,,Actif,2026-06-29T00:22:55.066543,moyenne
BJ-28F225B4,Automobile Industry,Industrie & Manufacture,Kpomassè,+229 93 95 49 54,automobile.industry@yahoo.com,automobileindustry.bj,TPE (<10),B2B,CCIB Annuaire,,Actif,2026-06-29T00:22:55.066588,haute
BJ-F2431DB8,Industrie Électronique Plant Kpomassè,Industrie & Manufacture,Kpomassè,+229 80 80 11 66,industrie.électronique@yahoo.com,industrieélectroniqueplantkpomassè.bj,PME (10-50),B2B,CCIB Annuaire,,Actif,2026-06-29T00:22:55.066615,haute
BJ-607A5071,Assemblage,Industrie & Manufacture,Kpomassè,+229 65 48 35 88,assemblage@hotmail.com,assemblage.bj,TPE (<10),B2B,CCIB Annuaire,,Actif,2026-06-29T00:22:55.066634,haute
BJ-8994AD1E,Usine Découpe,Industrie & Manufacture,Kpomassè,+229 39 99 78 91,usine.découpe@hotmail.com,usinedécoupe.bj,TPE (<10),B2B,CCIB Annuaire,,Actif,2026-06-29T00:22:55.066653,haute
BJ-47E4B04B,Works Production,Industrie & Manufacture,Kpomassè,+229 23 26 71 99,w.production@yahoo.com,worksproduction.bj,TPE (<10),B2B,CCIB Annuaire,,Actif,2026-06-29T00:22:55.066670,haute
BJ-31430D06,Atelier Emballage,Industrie & Manufacture,Tori-Bossito,+229 46 67 69 76,atelieremballage@atelieremballag.bj,,PME (10-50),B2B,CCIB Annuaire,,Actif,2026-06-29T00:22:55.066695,moyenne
BJ-A6BB1FA8,Production Emballage,Industrie & Manufacture,Tori-Bossito,+229 91 44 13 20,p.emballage@gmail.com,productionemballage.bj,PME (50-200),B2B,CCIB Annuaire,,Actif,2026-06-29T00:22:55.066711,haute
BJ-112412F2,Manufacture Carrelage,Industrie & Manufacture,Tori-Bossito,+229 75 80 80 85,manufacturecarrelage@outlook.com,manufacturecarrelage.bj,PME (10-50),B2B,CCIB Annuaire,,Actif,2026-06-29T00:22:55.066727,haute
BJ-987A1BC8,Cuivre Bénin,Industrie & Manufacture,Tori-Bossito,+229 44 81 76 94,cuivrebénin@cuivrebénin.bj,,TPE (<10),B2B,CCIB Annuaire,,Actif,2026-06-29T00:22:55.066745,moyenne
BJ-11747611,Fabrique Laser Plant,Industrie & Manufacture,Tori-Bossito,+229 44 10 31 94,f.laser@hotmail.com,fabriquelaserplant.bj,TPE (<10),B2B,CCIB Annuaire,,Actif,2026-06-29T00:22:55.066761,haute
BJ-BEE9FFE9,Production Découpe,Industrie & Manufacture,Grand-Popo,+229 46 45 41 35,,productiondécoupe.bj,TPE (<10),B2B,CCIB Annuaire,,Actif,2026-06-29T00:22:55.066782,moyenne
BJ-1920E584,Textile Works Grand-Popo,Industrie & Manufacture,Grand-Popo,+229 27 44 63 83,textile.works@yahoo.fr,,PME (50-200),B2B,CCIB Annuaire,,Actif,2026-06-29T00:22:55.066802,moyenne
BJ-CB1882A0,Manufacture Plastique Works,Industrie & Manufacture,Grand-Popo,+229 81 68 74 24,manufacture.plastique@manufactureplas.bj,manufactureplastiqueworks.bj,TPE (<10),B2B,CCIB Annuaire,,Actif,2026-06-29T00:22:55.066822,haute
BJ-631C3CCB,Production Plant,Industrie & Manufacture,Grand-Popo,+229 87 53 51 75,,,PME (10-50),B2B,CCIB Annuaire,,Actif,2026-06-29T00:22:55.066853,basse
BJ-3F18C144,Fabrique Découpe,Industrie & Manufacture,Athiémé,+229 71 90 22 98,fabriquedécoupe@hotmail.com,fabriquedécoupe.bj,PME (50-200),B2B,CCIB Annuaire,,Actif,2026-06-29T00:22:55.066878,haute
BJ-6C36CCED,Unité Mécanique Manufacture,Industrie & Manufacture,Athiémé,+229 99 89 88 48,,unitémécaniquemanufacture.bj,Grande (>200),B2B,CCIB Annuaire,,Actif,2026-06-29T00:22:55.066907,moyenne
BJ-717B4CDB,Conditionnement Industries,Industrie & Manufacture,Athiémé,+229 23 77 41 64,conditionnementindustries@conditionnement.com.bj,conditionnementindustries.bj,Grande (>200),B2B,CCIB Annuaire,,Actif,2026-06-29T00:22:55.066926,haute
BJ-9B746989,Unité Emballage Factory Athiémé,Industrie & Manufacture,Athiémé,+229 50 73 74 63,unitéemballage@gmail.com,,TPE (<10),B2B,CCIB Annuaire,,Actif,2026-06-29T00:22:55.066943,moyenne
BJ-1E4AFD3F,Industrie Carton Plant,Industrie & Manufacture,Athiémé,+229 56 37 78 28,industrie.carton@industriecarton.bj,,TPE (<10),B2B,CCIB Annuaire,,Actif,2026-06-29T00:22:55.066960,moyenne
BJ-006575E0,Plant Textile,Industrie & Manufacture,Bopa,+229 82 88 85 14,p.textile@outlook.com,planttextile.bj,PME (10-50),B2B,CCIB Annuaire,,Actif,2026-06-29T00:22:55.066984,haute
BJ-0796EF92,Céramique Industries,Industrie & Manufacture,Bopa,+229 81 56 20 91,céramique.industries@céramiqueindust.com.bj,,PME (50-200),B2B,CCIB Annuaire,,Actif,2026-06-29T00:22:55.067003,moyenne
BJ-CA47FE72,Reliure Manufacture Bopa,Industrie & Manufacture,Bopa,+229 29 78 35 51,reliure.manufacture@reliuremanufact.org.bj,reliuremanufacturebopa.bj,PME (10-50),B2B,CCIB Annuaire,,Actif,2026-06-29T00:22:55.067026,haute
BJ-3D35146A,Plant Perçage Africa,Industrie & Manufacture,Bopa,+229 35 31 56 25,plant.perçage@outlook.com,plantperçageafrica.bj,PME (10-50),B2B,CCIB Annuaire,,Actif,2026-06-29T00:22:55.067044,haute
BJ-7A0B9DAB,Plant Verre SA,Industrie & Manufacture,Bopa,+229 49 35 89 71,plantverre@plantverresa.bj,,PME (10-50),B2B,CCIB Annuaire,,Actif,2026-06-29T00:22:55.067060,moyenne
BJ-2F0D68E9,Atelier Production,Industrie & Manufacture,Houéyogbé,+229 72 72 72 26,atelier.production@atelierproducti.org.bj,atelierproduction.bj,PME (50-200),B2B,CCIB Annuaire,,Actif,2026-06-29T00:22:55.067084,haute
BJ-88ABA6A1,Fabrique Production Bénin,Industrie & Manufacture,Houéyogbé,+229 63 65 53 97,fabrique.production@yahoo.fr,fabriqueproductionbénin.bj,PME (10-50),B2B,CCIB Annuaire,,Actif,2026-06-29T00:22:55.067102,haute
BJ-506D4B61,Alimentaire Houéyogbé,Industrie & Manufacture,Houéyogbé,+229 89 78 57 49,a.houéyogbé@alimentairehoué.com.bj,alimentairehouéyogbé.bj,Grande (>200),B2B,CCIB Annuaire,,Actif,2026-06-29T00:22:55.067120,haute
BJ-BC48B44B,Production Chimie,Industrie & Manufacture,Houéyogbé,+229 83 25 35 67,production.chimie@gmail.com,,TPE (<10),B2B,CCIB Annuaire,,Actif,2026-06-29T00:22:55.067135,moyenne
BJ-C0121933,Emballage,Industrie & Manufacture,Houéyogbé,+229 61 11 69 73,emballage@emballage.bj,,Grande (>200),B2B,CCIB Annuaire,,Actif,2026-06-29T00:22:55.067154,moyenne
BJ-A03F6ADB,Vernis,Industrie & Manufacture,Malanville,+229 32 53 48 62,vernis@hotmail.com,vernis.bj,TPE (<10),B2B,CCIB Annuaire,,Actif,2026-06-29T00:22:55.067175,haute
BJ-E0445369,Plant Fraisage,Industrie & Manufacture,Malanville,+229 46 35 35 64,plant.fraisage@plantfraisage.org.bj,,TPE (<10),B2B,CCIB Annuaire,,Actif,2026-06-29T00:22:55.067191,moyenne
BJ-7F2B5488,Papier,Industrie & Manufacture,Malanville,+229 41 79 39 17,papier@gmail.com,papier.bj,PME (10-50),B2B,CCIB Annuaire,,Actif,2026-06-29T00:22:55.067208,haute
BJ-BA358226,Laser,Industrie & Manufacture,Malanville,+229 78 19 57 86,,laser.bj,PME (50-200),B2B,CCIB Annuaire,,Actif,2026-06-29T00:22:55.067220,moyenne
BJ-DD0D1949,Carton,Industrie & Manufacture,Malanville,+229 42 17 59 28,carton@gmail.com,carton.bj,TPE (<10),B2B,CCIB Annuaire,,Actif,2026-06-29T00:22:55.067233,haute
BJ-44920643,Plant Cuivre Works Kandi,Industrie & Manufacture,Kandi,+229 60 87 98 18,plantcuivre@hotmail.com,plantcuivreworkskandi.bj,TPE (<10),B2B,CCIB Annuaire,,Actif,2026-06-29T00:22:55.067260,haute
BJ-7ADDFB42,Plant Fonte,Industrie & Manufacture,Kandi,+229 62 37 84 56,plant.fonte@plantfonte.bj,plantfonte.bj,Grande (>200),B2B,CCIB Annuaire,,Actif,2026-06-29T00:22:55.067278,haute
BJ-E4BC7B2C,Assemblage,Industrie & Manufacture,Kandi,+229 48 78 63 37,assemblage@yahoo.fr,,PME (10-50),B2B,CCIB Annuaire,,Actif,2026-06-29T00:22:55.067294,moyenne
BJ-0BFA6907,Bois Works,Industrie & Manufacture,Kandi,+229 60 32 27 12,bois_works@boisworks.bj,boisworks.bj,TPE (<10),B2B,CCIB Annuaire,,Actif,2026-06-29T00:22:55.067311,haute
BJ-F4FD7C58,Atelier Peinture,Industrie & Manufacture,Kandi,+229 96 97 96 35,atelier_peinture@atelierpeinture.com.bj,,PME (50-200),B2B,CCIB Annuaire,,Actif,2026-06-29T00:22:55.067327,moyenne
BJ-511B9EB5,Plant Papier Works,Industrie & Manufacture,Banikoara,+229 72 31 86 77,plantpapier@plantpapierwork.org.bj,plantpapierworks.bj,PME (10-50),B2B,CCIB Annuaire,,Actif,2026-06-29T00:22:55.067350,haute
BJ-4E55AD67,Fabrique Ciment Banikoara,Industrie & Manufacture,Banikoara,+229 86 47 94 49,,fabriquecimentbanikoara.bj,PME (10-50),B2B,CCIB Annuaire,,Actif,2026-06-29T00:22:55.067363,moyenne
BJ-D8ECF911,Works Imprimerie,Industrie & Manufacture,Banikoara,+229 81 55 17 96,worksimprimerie@outlook.com,worksimprimerie.bj,PME (10-50),B2B,CCIB Annuaire,,Actif,2026-06-29T00:22:55.067384,haute
BJ-7ECD6581,Manufacture CNC Groupe,Industrie & Manufacture,Banikoara,+229 24 87 32 26,manufacturecnc@gmail.com,manufacturecncgroupe.bj,TPE (<10),B2B,CCIB Annuaire,,Actif,2026-06-29T00:22:55.067401,haute
BJ-73AACB6A,Production Verre Bénin,Industrie & Manufacture,Banikoara,+229 99 35 47 46,productionverre@outlook.com,productionverrebénin.bj,PME (50-200),B2B,CCIB Annuaire,,Actif,2026-06-29T00:22:55.067418,haute
BJ-BC5202F1,Textile Works,Industrie & Manufacture,Ségbana,+229 66 84 75 37,textile.works@textileworks.bj,textileworks.bj,PME (10-50),B2B,CCIB Annuaire,,Actif,2026-06-29T00:22:55.067442,haute
BJ-2BF41A01,Automobile Manufacture,Industrie & Manufacture,Ségbana,+229 99 66 32 89,,automobilemanufacture.bj,TPE (<10),B2B,CCIB Annuaire,,Actif,2026-06-29T00:22:55.067454,moyenne
BJ-6511DFCE,Perçage Industries,Industrie & Manufacture,Ségbana,+229 96 38 47 18,perçage.industries@gmail.com,perçageindustries.bj,PME (10-50),B2B,CCIB Annuaire,,Actif,2026-06-29T00:22:55.067485,haute
BJ-A9B91A0E,Acier Karimama,Industrie & Manufacture,Karimama,+229 86 82 57 50,acier.karimama@yahoo.com,acierkarimama.bj,TPE (<10),B2B,CCIB Annuaire,,Actif,2026-06-29T00:22:55.067520,haute
BJ-269A30AA,Industrie CNC Factory,Industrie & Manufacture,Karimama,+229 36 27 30 83,industriecnc@industriecncfac.bj,,TPE (<10),B2B,CCIB Annuaire,,Actif,2026-06-29T00:22:55.067536,moyenne
BJ-C495B262,Manufacture Reliure Groupe,Industrie & Manufacture,Karimama,+229 72 68 24 79,,,TPE (<10),B2B,CCIB Annuaire,,Actif,2026-06-29T00:22:55.067551,basse
BJ-1E5235FE,CNC,Industrie & Manufacture,Karimama,+229 23 23 72 42,cnc@yahoo.com,cnc.bj,PME (50-200),B2B,CCIB Annuaire,,Actif,2026-06-29T00:22:55.067566,haute
BJ-35226FB2,Unité Pneumatique Industries,Industrie & Manufacture,Karimama,+229 64 74 61 56,unitépneumatique@hotmail.com,unitépneumatiqueindustries.bj,TPE (<10),B2B,CCIB Annuaire,,Actif,2026-06-29T00:22:55.067584,haute
BJ-36AE71CA,Works Céramique Plant Gogounou,Industrie & Manufacture,Gogounou,+229 25 24 37 32,,workscéramiqueplantgogounou.bj,PME (50-200),B2B,CCIB Annuaire,,Actif,2026-06-29T00:22:55.067606,moyenne
BJ-EF1EAEAD,Édition SARL,Industrie & Manufacture,Gogounou,+229 48 40 94 12,,,Grande (>200),B2B,CCIB Annuaire,,Actif,2026-06-29T00:22:55.067618,basse
BJ-920CD2BE,Fabrique Pharmaceutique Industries,Industrie & Manufacture,Gogounou,+229 67 63 57 34,fabrique.pharmaceutique@fabriquepharmac.bj,,Grande (>200),B2B,CCIB Annuaire,,Actif,2026-06-29T00:22:55.067634,moyenne
BJ-CC8BB883,Papier Plant Gogounou,Industrie & Manufacture,Gogounou,+229 37 27 44 11,,papierplantgogounou.bj,TPE (<10),B2B,CCIB Annuaire,,Actif,2026-06-29T00:22:55.067650,moyenne
BJ-DE91C867,Fabrique Plastique Manufacture,Industrie & Manufacture,Gogounou,+229 85 83 98 10,fabriqueplastique@yahoo.com,fabriqueplastiquemanufacture.bj,PME (50-200),B2B,CCIB Annuaire,,Actif,2026-06-29T00:22:55.067669,haute
BJ-E6965D33,Mécanique Groupe,Industrie & Manufacture,Cobly,+229 74 99 21 38,mécanique.groupe@yahoo.fr,mécaniquegroupe.bj,PME (50-200),B2B,CCIB Annuaire,,Actif,2026-06-29T00:22:55.067694,haute
BJ-6FA3DEA2,Unité Plastique,Industrie & Manufacture,Cobly,+229 66 82 14 59,,,TPE (<10),B2B,CCIB Annuaire,,Actif,2026-06-29T00:22:55.067706,basse
BJ-C8841444,Électronique Industries,Industrie & Manufacture,Cobly,+229 41 11 87 75,électronique.industries@électroniqueind.bj,,TPE (<10),B2B,CCIB Annuaire,,Actif,2026-06-29T00:22:55.067728,moyenne
BJ-F98256EE,Industrie Plastique Groupe,Industrie & Manufacture,Cobly,+229 57 41 11 68,industrieplastique@outlook.com,industrieplastiquegroupe.bj,PME (10-50),B2B,CCIB Annuaire,,Actif,2026-06-29T00:22:55.067744,haute
BJ-CDB75593,Emballage SARL,Industrie & Manufacture,Cobly,+229 34 13 20 20,emballage.sarl@emballagesarl.com.bj,emballagesarl.bj,TPE (<10),B2B,CCIB Annuaire,,Actif,2026-06-29T00:22:55.067760,haute
BJ-E7ACD186,Plant Fonte Tanguiéta,Industrie & Manufacture,Tanguiéta,+229 98 72 92 47,plant.fonte@plantfontetangu.com.bj,,PME (50-200),B2B,CCIB Annuaire,,Actif,2026-06-29T00:22:55.067784,moyenne
BJ-7544293B,Métal Plant,Industrie & Manufacture,Tanguiéta,+229 21 89 93 71,m.plant@métalplant.bj,,PME (50-200),B2B,CCIB Annuaire,,Actif,2026-06-29T00:22:55.067802,moyenne
BJ-513F5E4F,Plant Carton,Industrie & Manufacture,Tanguiéta,+229 34 72 13 15,plant_carton@hotmail.com,plantcarton.bj,TPE (<10),B2B,CCIB Annuaire,,Actif,2026-06-29T00:22:55.067818,haute
BJ-8C4A6045,Papier,Industrie & Manufacture,Tanguiéta,+229 52 63 90 19,,papier.bj,PME (10-50),B2B,CCIB Annuaire,,Actif,2026-06-29T00:22:55.067830,moyenne
BJ-C5B40D0D,Automatique SARL,Industrie & Manufacture,Tanguiéta,+229 48 64 27 64,,,TPE (<10),B2B,CCIB Annuaire,,Actif,2026-06-29T00:22:55.067842,basse
BJ-C95F8679,Unité Reliure,Industrie & Manufacture,Matéri,+229 54 39 14 20,unité.reliure@yahoo.fr,unitéreliure.bj,PME (10-50),B2B,CCIB Annuaire,,Actif,2026-06-29T00:22:55.067866,haute
BJ-FEA28E82,Plant Imprimerie,Industrie & Manufacture,Matéri,+229 84 80 94 30,plant.imprimerie@plantimprimerie.bj,,PME (50-200),B2B,CCIB Annuaire,,Actif,2026-06-29T00:22:55.067885,moyenne
BJ-7DDBDF24,Cuivre Matéri,Industrie & Manufacture,Matéri,+229 76 31 55 22,c.matéri@outlook.com,cuivrematéri.bj,PME (50-200),B2B,CCIB Annuaire,,Actif,2026-06-29T00:22:55.067941,haute
BJ-506E3578,Industrie Automatique SARL,Industrie & Manufacture,Matéri,+229 56 77 60 30,industrie.automatique@industrieautoma.com.bj,industrieautomatiquesarl.bj,TPE (<10),B2B,CCIB Annuaire,,Actif,2026-06-29T00:22:55.068008,haute
BJ-798619C7,Production Reliure,Industrie & Manufacture,Natitingou,+229 39 12 63 77,production_reliure@productionreliu.bj,productionreliure.bj,Grande (>200),B2B,CCIB Annuaire,,Actif,2026-06-29T00:22:55.068054,haute
BJ-9C08CE5B,Carton,Industrie & Manufacture,Natitingou,+229 68 53 37 78,,carton.bj,Grande (>200),B2B,CCIB Annuaire,,Actif,2026-06-29T00:22:55.068084,moyenne
BJ-5B509AD1,Works Électronique,Industrie & Manufacture,Natitingou,+229 98 20 24 57,works.électronique@worksélectroniq.bj,worksélectronique.bj,TPE (<10),B2B,CCIB Annuaire,,Actif,2026-06-29T00:22:55.068128,haute
BJ-323E9A91,Tournage Natitingou,Industrie & Manufacture,Natitingou,+229 79 69 60 36,tournage.natitingou@gmail.com,tournagenatitingou.bj,PME (50-200),B2B,CCIB Annuaire,,Actif,2026-06-29T00:22:55.068156,haute
BJ-539BF3D8,Manufacture Alimentaire,Industrie & Manufacture,Natitingou,+229 93 88 66 52,,,PME (10-50),B2B,CCIB Annuaire,,Actif,2026-06-29T00:22:55.068174,basse
BJ-FF55E105,Électronique,Industrie & Manufacture,Toucountouna,+229 59 43 65 93,électronique@électronique.bj,électronique.bj,PME (10-50),B2B,CCIB Annuaire,,Actif,2026-06-29T00:22:55.068209,haute
BJ-EA791ADC,Fabrique Transformation,Industrie & Manufacture,Toucountouna,+229 79 87 35 64,fabriquetransformation@fabriquetransfo.com.bj,,PME (50-200),B2B,CCIB Annuaire,,Actif,2026-06-29T00:22:55.068234,moyenne
BJ-0E3B7EB1,Mécanique Africa,Industrie & Manufacture,Toucountouna,+229 79 68 99 56,mécanique.africa@mécaniqueafrica.bj,mécaniqueafrica.bj,PME (10-50),B2B,CCIB Annuaire,,Actif,2026-06-29T00:22:55.068270,haute
BJ-C38CE966,Tournage Africa,Industrie & Manufacture,Toucountouna,+229 49 10 98 23,tournageafrica@gmail.com,,PME (10-50),B2B,CCIB Annuaire,,Actif,2026-06-29T00:22:55.068297,moyenne
BJ-A26AA557,Reliure Africa,Industrie & Manufacture,Toucountouna,+229 46 27 12 75,,reliureafrica.bj,TPE (<10),B2B,CCIB Annuaire,,Actif,2026-06-29T00:22:55.068318,moyenne
BJ-819D063F,Production Métal,Industrie & Manufacture,Boukoumbé,+229 70 99 41 57,productionmétal@productionmétal.com.bj,productionmétal.bj,TPE (<10),B2B,CCIB Annuaire,,Actif,2026-06-29T00:22:55.068359,haute
BJ-5CE6B831,Carrelage,Industrie & Manufacture,Boukoumbé,+229 62 49 10 28,carrelage@gmail.com,,PME (10-50),B2B,CCIB Annuaire,,Actif,2026-06-29T00:22:55.068385,moyenne
BJ-BA8BAAA1,Plastique Manufacture,Industrie & Manufacture,Boukoumbé,+229 29 10 16 86,,plastiquemanufacture.bj,TPE (<10),B2B,CCIB Annuaire,,Actif,2026-06-29T00:22:55.068405,moyenne
BJ-DE31F8F1,Colle Works,Industrie & Manufacture,Boukoumbé,+229 58 22 67 40,colleworks@hotmail.com,colleworks.bj,PME (50-200),B2B,CCIB Annuaire,,Actif,2026-06-29T00:22:55.068431,haute
BJ-1FE5B7F7,Emballage SARL,Industrie & Manufacture,Boukoumbé,+229 50 17 48 20,emballage.sarl@emballagesarl.bj,emballagesarl.bj,TPE (<10),B2B,CCIB Annuaire,,Actif,2026-06-29T00:22:55.068457,haute
BJ-A5861376,Peinture Works,Industrie & Manufacture,Kouandé,+229 20 36 78 74,peintureworks@peintureworks.org.bj,,PME (50-200),B2B,CCIB Annuaire,,Actif,2026-06-29T00:22:55.068499,moyenne
BJ-6F75DAF9,Emballage Kouandé,Industrie & Manufacture,Kouandé,+229 92 37 31 95,e.kouandé@emballagekouand.bj,emballagekouandé.bj,PME (50-200),B2B,CCIB Annuaire,,Actif,2026-06-29T00:22:55.068534,haute
BJ-3A1B3E96,Plastique Manufacture,Industrie & Manufacture,Kouandé,+229 60 44 96 70,,plastiquemanufacture.bj,PME (10-50),B2B,CCIB Annuaire,,Actif,2026-06-29T00:22:55.068579,moyenne
BJ-A40F76B1,Industrie Verre Manufacture,Industrie & Manufacture,Kouandé,+229 65 47 49 17,industrieverre@industrieverrem.bj,industrieverremanufacture.bj,PME (50-200),B2B,CCIB Annuaire,,Actif,2026-06-29T00:22:55.068626,haute
BJ-FEC67D51,Reliure,Industrie & Manufacture,Kouandé,+229 37 78 99 20,reliure@gmail.com,,TPE (<10),B2B,CCIB Annuaire,,Actif,2026-06-29T00:22:55.068656,moyenne
BJ-8EDCF2A2,Usinage,Industrie & Manufacture,Péhunco,+229 75 96 12 39,usinage@usinage.com.bj,usinage.bj,PME (10-50),B2B,CCIB Annuaire,,Actif,2026-06-29T00:22:55.068703,haute
BJ-69CDC799,Works Acier Péhunco,Industrie & Manufacture,Péhunco,+229 91 11 92 77,w.acier@gmail.com,worksacierpéhunco.bj,PME (50-200),B2B,CCIB Annuaire,,Actif,2026-06-29T00:22:55.068743,haute
BJ-78E5E2E7,Fabrique Laser Industries,Industrie & Manufacture,Péhunco,+229 63 80 40 90,fabrique.laser@fabriquelaserin.org.bj,fabriquelaserindustries.bj,PME (10-50),B2B,CCIB Annuaire,,Actif,2026-06-29T00:22:55.068772,haute
BJ-677513CF,Imprimerie Plant,Industrie & Manufacture,Péhunco,+229 54 49 36 48,imprimerieplant@gmail.com,,TPE (<10),B2B,CCIB Annuaire,,Actif,2026-06-29T00:22:55.068798,moyenne
BJ-762B9049,Reliure Groupe,Industrie & Manufacture,Péhunco,+229 89 48 54 93,reliure.groupe@reliuregroupe.bj,,PME (10-50),B2B,CCIB Annuaire,,Actif,2026-06-29T00:22:55.068827,moyenne
BJ-CD263FFC,Manufacture Plastique SARL,Industrie & Manufacture,Tchaourou,+229 20 63 72 12,manufacture.plastique@gmail.com,,PME (10-50),B2B,CCIB Annuaire,,Actif,2026-06-29T00:22:55.068879,moyenne
BJ-26CF6EFE,Works Emballage Plant,Industrie & Manufacture,Tchaourou,+229 81 63 71 72,w.emballage@worksemballagep.com.bj,worksemballageplant.bj,PME (50-200),B2B,CCIB Annuaire,,Actif,2026-06-29T00:22:55.068933,haute
BJ-6B4661AF,Fabrique Métal SARL Tchaourou,Industrie & Manufacture,Tchaourou,+229 31 87 52 81,fabrique.métal@gmail.com,fabriquemétalsarltchaourou.bj,PME (50-200),B2B,CCIB Annuaire,,Actif,2026-06-29T00:22:55.069017,haute
BJ-142DF67A,Zinc Industries,Industrie & Manufacture,Tchaourou,+229 68 20 18 40,z.industries@zincindustries.org.bj,zincindustries.bj,PME (10-50),B2B,CCIB Annuaire,,Actif,2026-06-29T00:22:55.069050,haute
BJ-8CEBE3A9,Robotique Bénin,Industrie & Manufacture,Nikki,+229 41 21 86 35,robotique.bénin@yahoo.com,,Grande (>200),B2B,CCIB Annuaire,,Actif,2026-06-29T00:22:55.069105,moyenne
BJ-463C42B0,Manufacture Usinage Nikki,Industrie & Manufacture,Nikki,+229 24 67 27 77,manufactureusinage@yahoo.com,,PME (10-50),B2B,CCIB Annuaire,,Actif,2026-06-29T00:22:55.069135,moyenne
BJ-DA226CE3,Production Électrique Nikki,Industrie & Manufacture,Nikki,+229 52 57 17 13,,,PME (10-50),B2B,CCIB Annuaire,,Actif,2026-06-29T00:22:55.069165,basse
BJ-9D9AD77B,Verre Industries Nikki,Industrie & Manufacture,Nikki,+229 33 14 46 68,v.industries@hotmail.com,,TPE (<10),B2B,CCIB Annuaire,,Actif,2026-06-29T00:22:55.069203,moyenne
BJ-417B2B6D,Fabrique Peinture Nikki,Industrie & Manufacture,Nikki,+229 83 10 22 80,fabrique.peinture@outlook.com,,PME (10-50),B2B,CCIB Annuaire,,Actif,2026-06-29T00:22:55.069239,moyenne
BJ-15AB0FA0,Plant Automatique Bembéréké,Industrie & Manufacture,Bembéréké,+229 31 18 93 90,,plantautomatiquebembéréké.bj,PME (10-50),B2B,CCIB Annuaire,,Actif,2026-06-29T00:22:55.069284,moyenne
BJ-A60200C4,Aluminium Plant Bembéréké,Industrie & Manufacture,Bembéréké,+229 55 77 22 11,aluminiumplant@yahoo.com,aluminiumplantbembéréké.bj,TPE (<10),B2B,CCIB Annuaire,,Actif,2026-06-29T00:22:55.069325,haute
BJ-F14A6040,Peinture Plant Bembéréké,Industrie & Manufacture,Bembéréké,+229 90 89 29 67,peinture.plant@peintureplantbe.bj,,PME (10-50),B2B,CCIB Annuaire,,Actif,2026-06-29T00:22:55.069378,moyenne
BJ-6C3A5E5E,Laser,Industrie & Manufacture,Bembéréké,+229 64 75 14 70,laser@laser.bj,laser.bj,TPE (<10),B2B,CCIB Annuaire,,Actif,2026-06-29T00:22:55.069415,haute
BJ-2EF45707,Industrie Colle SA,Industrie & Manufacture,Bembéréké,+229 62 57 33 28,i.colle@hotmail.com,industriecollesa.bj,PME (10-50),B2B,CCIB Annuaire,,Actif,2026-06-29T00:22:55.069448,haute
BJ-EC000A89,Usinage Groupe,Industrie & Manufacture,Kalalé,+229 90 20 95 21,u.groupe@usinagegroupe.com.bj,usinagegroupe.bj,TPE (<10),B2B,CCIB Annuaire,,Actif,2026-06-29T00:22:55.069503,haute
BJ-67895BC8,Tournage,Industrie & Manufacture,Kalalé,+229 65 61 93 76,tournage@tournage.com.bj,,PME (10-50),B2B,CCIB Annuaire,,Actif,2026-06-29T00:22:55.069534,moyenne
BJ-81B3B18B,Atelier Plastique Groupe Kalalé,Industrie & Manufacture,Kalalé,+229 41 51 64 42,atelier.plastique@yahoo.fr,atelierplastiquegroupekalalé.bj,TPE (<10),B2B,CCIB Annuaire,,Actif,2026-06-29T00:22:55.069583,haute
BJ-9C94E712,Conditionnement Industry,Industrie & Manufacture,Kalalé,+229 76 21 24 84,conditionnement.industry@conditionnement.com.bj,conditionnementindustry.bj,TPE (<10),B2B,CCIB Annuaire,,Actif,2026-06-29T00:22:55.069621,haute
BJ-33A68598,Manufacture Pneumatique Industries,Industrie & Manufacture,Kalalé,+229 87 62 88 77,manufacturepneumatique@manufacturepneu.com.bj,manufacturepneumatiqueindustries.bj,TPE (<10),B2B,CCIB Annuaire,,Actif,2026-06-29T00:22:55.069649,haute
BJ-48D4F3F6,Production Laser Industries Ndali,Industrie & Manufacture,Ndali,+229 26 47 43 64,production.laser@productionlaser.org.bj,,PME (50-200),B2B,CCIB Annuaire,,Actif,2026-06-29T00:22:55.069698,moyenne
BJ-1E460A3C,Fabrique Plastique Industry,Industrie & Manufacture,Ndali,+229 21 70 97 20,fabrique.plastique@yahoo.fr,fabriqueplastiqueindustry.bj,PME (10-50),B2B,CCIB Annuaire,,Actif,2026-06-29T00:22:55.069739,haute
BJ-98143BBA,Pneumatique Manufacture Ndali,Industrie & Manufacture,Ndali,+229 33 15 25 31,p.manufacture@yahoo.com,pneumatiquemanufacturendali.bj,Grande (>200),B2B,CCIB Annuaire,,Actif,2026-06-29T00:22:55.069776,haute
BJ-8DF39E78,Assemblage,Industrie & Manufacture,Ndali,+229 55 17 63 35,assemblage@assemblage.com.bj,assemblage.bj,TPE (<10),B2B,CCIB Annuaire,,Actif,2026-06-29T00:22:55.069808,haute
BJ-457CED7E,Acier,Industrie & Manufacture,Ndali,+229 68 25 77 17,,acier.bj,TPE (<10),B2B,CCIB Annuaire,,Actif,2026-06-29T00:22:55.069840,moyenne
BJ-A32D8B9F,Céramique Works Ségbana,Industrie & Manufacture,Ségbana,+229 61 23 85 71,c.works@hotmail.com,céramiqueworksségbana.bj,TPE (<10),B2B,CCIB Annuaire,,Actif,2026-06-29T00:22:55.069908,haute
BJ-2A3B956D,Usinage,Industrie & Manufacture,Ségbana,+229 70 18 36 83,usinage@usinage.org.bj,usinage.bj,PME (50-200),B2B,CCIB Annuaire,,Actif,2026-06-29T00:22:55.069934,haute
BJ-CFE1487F,Zinc Bénin,Industrie & Manufacture,Ségbana,+229 43 53 31 10,zinc.bénin@zincbénin.com.bj,zincbénin.bj,TPE (<10),B2B,CCIB Annuaire,,Actif,2026-06-29T00:22:55.069955,haute
BJ-4CF55039,Carton Ségbana,Industrie & Manufacture,Ségbana,+229 54 49 43 42,cartonségbana@cartonségbana.com.bj,cartonségbana.bj,PME (10-50),B2B,CCIB Annuaire,,Actif,2026-06-29T00:22:55.069974,haute
BJ-7E0F4A9E,Atelier Papier SA,Industrie & Manufacture,Ségbana,+229 93 88 50 44,a.papier@yahoo.com,,PME (10-50),B2B,CCIB Annuaire,,Actif,2026-06-29T00:22:55.069991,moyenne
BJ-530F3C67,Production Mécanique Industry,Industrie & Manufacture,Tchaourou,+229 97 69 17 63,production.mécanique@yahoo.fr,,Grande (>200),B2B,CCIB Annuaire,,Actif,2026-06-29T00:22:55.070017,moyenne
BJ-FD3F9554,Manufacture Bois Africa Tchaourou,Industrie & Manufacture,Tchaourou,+229 82 18 87 68,manufacture.bois@manufacturebois.org.bj,,PME (50-200),B2B,CCIB Annuaire,,Actif,2026-06-29T00:22:55.070035,moyenne
BJ-807FFFBD,Production Béton Plant Tchaourou,Industrie & Manufacture,Tchaourou,+229 51 20 95 42,production.béton@productionbéton.com.bj,productionbétonplanttchaourou.bj,PME (50-200),B2B,CCIB Annuaire,,Actif,2026-06-29T00:22:55.070059,haute
BJ-44CE11D9,Céramique Manufacture Tchaourou,Industrie & Manufacture,Tchaourou,+229 58 51 13 72,c.manufacture@céramiquemanufa.bj,céramiquemanufacturetchaourou.bj,TPE (<10),B2B,CCIB Annuaire,,Actif,2026-06-29T00:22:55.070079,haute
BJ-99892247,Industrie Papier SARL,Industrie & Manufacture,Bétérou,+229 80 33 34 31,industriepapier@industriepapier.org.bj,,Grande (>200),B2B,CCIB Annuaire,,Actif,2026-06-29T00:22:55.070120,moyenne
BJ-DF0A907C,Emballage,Industrie & Manufacture,Bétérou,+229 58 81 40 38,,emballage.bj,PME (50-200),B2B,CCIB Annuaire,,Actif,2026-06-29T00:22:55.070134,moyenne
BJ-236C13B2,Unité Mécanique,Industrie & Manufacture,Bétérou,+229 38 90 11 43,,unitémécanique.bj,PME (50-200),B2B,CCIB Annuaire,,Actif,2026-06-29T00:22:55.070148,moyenne
BJ-1DADEBE0,Acier SA Bétérou,Industrie & Manufacture,Bétérou,+229 78 35 62 32,acier.bétérou@yahoo.com,aciersabétérou.bj,Grande (>200),B2B,CCIB Annuaire,,Actif,2026-06-29T00:22:55.070165,haute
BJ-1A7F78D8,Assemblage Manufacture Bétérou,Industrie & Manufacture,Bétérou,+229 89 76 90 26,,,TPE (<10),B2B,CCIB Annuaire,,Actif,2026-06-29T00:22:55.070177,basse
BJ-EDF1D704,Atelier Conditionnement Africa,Industrie & Manufacture,Ouessè,+229 27 90 57 42,a.conditionnement@atelierconditio.org.bj,,PME (10-50),B2B,CCIB Annuaire,,Actif,2026-06-29T00:22:55.070204,moyenne
BJ-459417D8,Manufacture Cuivre Ouessè,Industrie & Manufacture,Ouessè,+229 27 95 77 28,,manufacturecuivreouessè.bj,Grande (>200),B2B,CCIB Annuaire,,Actif,2026-06-29T00:22:55.070219,moyenne
BJ-0960F2B3,Pneumatique Ouessè,Industrie & Manufacture,Ouessè,+229 52 32 25 63,,pneumatiqueouessè.bj,TPE (<10),B2B,CCIB Annuaire,,Actif,2026-06-29T00:22:55.070235,moyenne
BJ-DD2856AE,Atelier Conditionnement,Industrie & Manufacture,Ouessè,+229 73 25 88 67,a.conditionnement@atelierconditio.bj,atelierconditionnement.bj,TPE (<10),B2B,CCIB Annuaire,,Actif,2026-06-29T00:22:55.070252,haute
BJ-E5C2A8B7,Manufacture Automobile,Industrie & Manufacture,Ouessè,+229 72 79 44 32,manufactureautomobile@gmail.com,manufactureautomobile.bj,TPE (<10),B2B,CCIB Annuaire,,Actif,2026-06-29T00:22:55.070268,haute
BJ-7662A13F,Plant Béton Glazoué,Industrie & Manufacture,Glazoué,+229 56 54 83 99,plant.béton@plantbétonglazo.bj,,PME (10-50),B2B,CCIB Annuaire,,Actif,2026-06-29T00:22:55.070293,moyenne
BJ-2E293947,Unité Emballage,Industrie & Manufacture,Glazoué,+229 37 36 17 55,unité.emballage@unitéemballage.bj,unitéemballage.bj,TPE (<10),B2B,CCIB Annuaire,,Actif,2026-06-29T00:22:55.070315,haute
BJ-9F6A3FF2,Works Découpe,Industrie & Manufacture,Glazoué,+229 84 66 21 59,works.découpe@hotmail.com,worksdécoupe.bj,PME (10-50),B2B,CCIB Annuaire,,Actif,2026-06-29T00:22:55.070332,haute
BJ-EDDC37B7,Works Peinture,Industrie & Manufacture,Glazoué,+229 49 70 81 17,workspeinture@workspeinture.com.bj,workspeinture.bj,PME (10-50),B2B,CCIB Annuaire,,Actif,2026-06-29T00:22:55.070349,haute
BJ-6FD8FC1E,Vernis,Industrie & Manufacture,Dassa-Zoumè,+229 94 47 45 68,vernis@vernis.org.bj,,PME (50-200),B2B,CCIB Annuaire,,Actif,2026-06-29T00:22:55.070399,moyenne
BJ-C4DC7714,Fabrique Vernis,Industrie & Manufacture,Dassa-Zoumè,+229 78 58 98 93,fabriquevernis@yahoo.com,fabriquevernis.bj,PME (50-200),B2B,CCIB Annuaire,,Actif,2026-06-29T00:22:55.070418,haute
BJ-74059221,Usine Reliure Bénin,Industrie & Manufacture,Dassa-Zoumè,+229 90 71 21 15,usine_reliure@usinereliurebén.org.bj,usinereliurebénin.bj,TPE (<10),B2B,CCIB Annuaire,,Actif,2026-06-29T00:22:55.070437,haute
BJ-774372DC,Zinc SARL Dassa-Zoumè,Industrie & Manufacture,Dassa-Zoumè,+229 73 69 64 95,z.sarl@gmail.com,zincsarldassazoumè.bj,PME (50-200),B2B,CCIB Annuaire,,Actif,2026-06-29T00:22:55.070455,haute
BJ-FA7B03CB,Reliure SA,Industrie & Manufacture,Savalou,+229 87 29 70 78,reliure@reliuresa.org.bj,reliuresa.bj,TPE (<10),B2B,CCIB Annuaire,,Actif,2026-06-29T00:22:55.070477,haute
BJ-6D9DBC26,Laser,Industrie & Manufacture,Savalou,+229 55 67 60 89,laser@laser.org.bj,laser.bj,PME (50-200),B2B,CCIB Annuaire,,Actif,2026-06-29T00:22:55.070495,haute
BJ-E39DAB55,Manufacture Découpe,Industrie & Manufacture,Savalou,+229 89 36 45 71,,,TPE (<10),B2B,CCIB Annuaire,,Actif,2026-06-29T00:22:55.070507,basse
BJ-DEBAB188,Manufacture Verre SA,Industrie & Manufacture,Savalou,+229 47 32 62 50,manufacture.verre@manufactureverr.bj,,PME (50-200),B2B,CCIB Annuaire,,Actif,2026-06-29T00:22:55.070523,moyenne
BJ-5C207760,Production Bois Bénin,Industrie & Manufacture,Savalou,+229 70 75 59 90,p.bois@productionboisb.com.bj,,TPE (<10),B2B,CCIB Annuaire,,Actif,2026-06-29T00:22:55.070540,moyenne
BJ-35C3DE7D,Fabrication Works,Industrie & Manufacture,Bantè,+229 94 85 49 76,fabricationworks@yahoo.com,fabricationworks.bj,TPE (<10),B2B,CCIB Annuaire,,Actif,2026-06-29T00:22:55.070564,haute
BJ-FEC06C4F,Usine Chimie,Industrie & Manufacture,Bantè,+229 63 41 40 88,usine.chimie@hotmail.com,,PME (50-200),B2B,CCIB Annuaire,,Actif,2026-06-29T00:22:55.070580,moyenne
BJ-1F444DD4,Fabrique Électrique Plant Bantè,Industrie & Manufacture,Bantè,+229 25 82 24 78,fabrique.électrique@yahoo.fr,fabriqueélectriqueplantbantè.bj,PME (10-50),B2B,CCIB Annuaire,,Actif,2026-06-29T00:22:55.070601,haute
BJ-EB5CFBB4,Plastique,Industrie & Manufacture,Bantè,+229 51 89 83 95,plastique@yahoo.com,plastique.bj,PME (10-50),B2B,CCIB Annuaire,,Actif,2026-06-29T00:22:55.070616,haute
BJ-8AFDE82C,Industrie Perçage Manufacture,Industrie & Manufacture,Bantè,+229 32 35 37 70,industrieperçage@industrieperçag.bj,,PME (10-50),B2B,CCIB Annuaire,,Actif,2026-06-29T00:22:55.070634,moyenne
BJ-6E6B08BD,Fabrique Automatisation Groupe Djougou,Industrie & Manufacture,Djougou,+229 78 60 17 87,fabrique.automatisation@fabriqueautomat.bj,,TPE (<10),B2B,CCIB Annuaire,,Actif,2026-06-29T00:22:55.070658,moyenne
BJ-73140593,Conditionnement,Industrie & Manufacture,Djougou,+229 81 39 83 66,conditionnement@yahoo.fr,conditionnement.bj,PME (50-200),B2B,CCIB Annuaire,,Actif,2026-06-29T00:22:55.070672,haute
BJ-D2591018,Papier Groupe,Industrie & Manufacture,Djougou,+229 85 77 21 54,,papiergroupe.bj,PME (50-200),B2B,CCIB Annuaire,,Actif,2026-06-29T00:22:55.070684,moyenne
BJ-E43B2E5E,Textile Plant,Industrie & Manufacture,Djougou,+229 48 63 39 92,t.plant@yahoo.com,,PME (10-50),B2B,CCIB Annuaire,,Actif,2026-06-29T00:22:55.070699,moyenne
BJ-93678A90,Transformation Plant Djougou,Industrie & Manufacture,Djougou,+229 73 30 11 73,transformation_plant@transformationp.bj,,TPE (<10),B2B,CCIB Annuaire,,Actif,2026-06-29T00:22:55.070715,moyenne
BJ-CCF787CE,Fabrique Alimentaire,Industrie & Manufacture,Ouèssè,+229 64 23 49 72,,fabriquealimentaire.bj,PME (50-200),B2B,CCIB Annuaire,,Actif,2026-06-29T00:22:55.070734,moyenne
BJ-497C6C7F,Atelier Fabrication Works,Industrie & Manufacture,Ouèssè,+229 24 17 17 51,atelier.fabrication@atelierfabricat.com.bj,atelierfabricationworks.bj,PME (50-200),B2B,CCIB Annuaire,,Actif,2026-06-29T00:22:55.070754,haute
BJ-CF46721A,Unité Ciment,Industrie & Manufacture,Ouèssè,+229 49 67 10 19,,unitéciment.bj,PME (50-200),B2B,CCIB Annuaire,,Actif,2026-06-29T00:22:55.070773,moyenne
BJ-3EA3CAFC,Électronique,Industrie & Manufacture,Ouèssè,+229 48 32 84 59,électronique@outlook.com,,PME (10-50),B2B,CCIB Annuaire,,Actif,2026-06-29T00:22:55.070787,moyenne
BJ-EEBC951A,Manufacture Ciment,Industrie & Manufacture,Ouèssè,+229 60 93 30 83,manufacture.ciment@yahoo.com,manufactureciment.bj,TPE (<10),B2B,CCIB Annuaire,,Actif,2026-06-29T00:22:55.070803,haute
BJ-B167C3F5,Fabrique Mécanique,Industrie & Manufacture,Bassila,+229 66 92 78 15,,fabriquemécanique.bj,PME (50-200),B2B,CCIB Annuaire,,Actif,2026-06-29T00:22:55.070823,moyenne
BJ-0ADA5A45,Carton SA,Industrie & Manufacture,Bassila,+229 68 81 15 22,carton@cartonsa.bj,cartonsa.bj,PME (50-200),B2B,CCIB Annuaire,,Actif,2026-06-29T00:22:55.070838,haute
BJ-2C30C1E5,Plant Conditionnement Bassila,Industrie & Manufacture,Bassila,+229 67 76 79 38,p.conditionnement@hotmail.com,plantconditionnementbassila.bj,TPE (<10),B2B,CCIB Annuaire,,Actif,2026-06-29T00:22:55.070853,haute
BJ-0C6C4F0B,Verre Bassila,Industrie & Manufacture,Bassila,+229 84 77 83 95,verrebassila@yahoo.fr,verrebassila.bj,PME (50-200),B2B,CCIB Annuaire,,Actif,2026-06-29T00:22:55.070869,haute
BJ-A43B5551,Atelier Robotique Industry,Industrie & Manufacture,Bassila,+229 30 36 73 28,atelierrobotique@atelierrobotiqu.com.bj,,PME (10-50),B2B,CCIB Annuaire,,Actif,2026-06-29T00:22:55.070884,moyenne
BJ-B1ACE9B2,Industrie Vernis SARL,Industrie & Manufacture,Pehunco,+229 46 41 56 40,industrie_vernis@industrievernis.com.bj,industrievernissarl.bj,PME (10-50),B2B,CCIB Annuaire,,Actif,2026-06-29T00:22:55.070920,haute
BJ-9C59FA10,Usine Emballage SA Pehunco,Industrie & Manufacture,Pehunco,+229 77 96 18 65,usineemballage@yahoo.com,usineemballagesapehunco.bj,PME (10-50),B2B,CCIB Annuaire,,Actif,2026-06-29T00:22:55.070937,haute
BJ-C41AC035,Works Emballage,Industrie & Manufacture,Pehunco,+229 92 66 68 55,worksemballage@worksemballage.org.bj,worksemballage.bj,PME (10-50),B2B,CCIB Annuaire,,Actif,2026-06-29T00:22:55.070956,haute
BJ-927941B9,Unité Bois,Industrie & Manufacture,Pehunco,+229 54 98 17 94,u.bois@outlook.com,,TPE (<10),B2B,CCIB Annuaire,,Actif,2026-06-29T00:22:55.070974,moyenne
BJ-A12616EA,Ciment Industries,Industrie & Manufacture,Pehunco,+229 92 55 85 38,cimentindustries@gmail.com,,Grande (>200),B2B,CCIB Annuaire,,Actif,2026-06-29T00:22:55.070989,moyenne
BJ-1140E6DE,Acier,Industrie & Manufacture,Copargo,+229 55 59 68 86,,,TPE (<10),B2B,CCIB Annuaire,,Actif,2026-06-29T00:22:55.071007,basse
BJ-8283254A,Works Chimie Plant,Industrie & Manufacture,Copargo,+229 42 75 10 40,workschimie@workschimieplan.bj,workschimieplant.bj,Grande (>200),B2B,CCIB Annuaire,,Actif,2026-06-29T00:22:55.071027,haute
BJ-3902E780,Plant Fabrication Manufacture,Industrie & Manufacture,Copargo,+229 98 27 50 86,plant.fabrication@plantfabricatio.com.bj,plantfabricationmanufacture.bj,PME (10-50),B2B,CCIB Annuaire,,Actif,2026-06-29T00:22:55.071044,haute
BJ-8EFF673E,Métal Africa,Industrie & Manufacture,Copargo,+229 60 19 80 64,métalafrica@outlook.com,,TPE (<10),B2B,CCIB Annuaire,,Actif,2026-06-29T00:22:55.071059,moyenne
BJ-D1364BE4,Céramique Groupe,Industrie & Manufacture,Copargo,+229 78 27 33 75,céramique.groupe@outlook.com,,PME (10-50),B2B,CCIB Annuaire,,Actif,2026-06-29T00:22:55.071074,moyenne
BJ-A8EE9C56,Intérim,Services aux entreprises,Cotonou,+229 99 92 60 33,intérim@yahoo.com,intérim.bj,PME (10-50),B2B,CCIB Annuaire,,Actif,2026-06-29T00:22:55.071097,haute
BJ-10D2606D,Surveillance,Services aux entreprises,Cotonou,+229 43 66 62 12,,surveillance.bj,PME (10-50),B2B,CCIB Annuaire,,Actif,2026-06-29T00:22:55.071109,moyenne
BJ-A0004EF0,Sécurité Cabinet,Services aux entreprises,Cotonou,+229 85 16 96 54,sécuritécabinet@gmail.com,sécuritécabinet.bj,TPE (<10),B2B,CCIB Annuaire,,Actif,2026-06-29T00:22:55.071148,haute
BJ-FE0145D3,Agence Performance,Services aux entreprises,Cotonou,+229 89 31 85 84,agenceperformance@hotmail.com,agenceperformance.bj,TPE (<10),B2B,CCIB Annuaire,,Actif,2026-06-29T00:22:55.071165,haute
BJ-1795B870,Solutions Relations Services,Services aux entreprises,Abomey-Calavi,+229 97 62 43 99,solutions.relations@solutionsrelati.org.bj,solutionsrelationsservices.bj,PME (10-50),B2B,CCIB Annuaire,,Actif,2026-06-29T00:22:55.071188,haute
BJ-CAF4AD41,Cabinet Conseil Bénin,Services aux entreprises,Abomey-Calavi,+229 70 70 68 93,cabinetconseil@gmail.com,cabinetconseilbénin.bj,PME (10-50),B2B,CCIB Annuaire,,Actif,2026-06-29T00:22:55.071205,haute
BJ-A0D7A07B,Chasse,Services aux entreprises,Abomey-Calavi,+229 82 18 61 60,chasse@chasse.com.bj,,Grande (>200),B2B,CCIB Annuaire,,Actif,2026-06-29T00:22:55.071233,moyenne
BJ-BB6B0094,Partners Fiscal Abomey-Calavi,Services aux entreprises,Abomey-Calavi,+229 57 33 42 78,partners_fiscal@outlook.com,partnersfiscalabomeycalavi.bj,PME (50-200),B2B,CCIB Annuaire,,Actif,2026-06-29T00:22:55.071249,haute
BJ-880E0FA3,Consulting Comptable Bureau Porto-Novo,Services aux entreprises,Porto-Novo,+229 36 15 95 80,c.comptable@gmail.com,consultingcomptablebureauportonovo.bj,TPE (<10),B2B,CCIB Annuaire,,Actif,2026-06-29T00:22:55.071272,haute
BJ-D8E91B13,Solutions Organisation,Services aux entreprises,Porto-Novo,+229 57 77 19 77,solutions_organisation@outlook.com,solutionsorganisation.bj,TPE (<10),B2B,CCIB Annuaire,,Actif,2026-06-29T00:22:55.071323,haute
BJ-32DD7D77,Marque Porto-Novo,Services aux entreprises,Porto-Novo,+229 25 61 75 78,m.porto@hotmail.com,marqueportonovo.bj,TPE (<10),B2B,CCIB Annuaire,,Actif,2026-06-29T00:22:55.071339,haute
BJ-00F3C5B0,Audit ISO,Services aux entreprises,Parakou,+229 74 86 39 95,a.iso@auditiso.bj,,PME (50-200),B2B,CCIB Annuaire,,Actif,2026-06-29T00:22:55.071361,moyenne
BJ-58725DF7,Expert Recrutement,Services aux entreprises,Parakou,+229 65 43 44 59,expert.recrutement@yahoo.com,expertrecrutement.bj,PME (10-50),B2B,CCIB Annuaire,,Actif,2026-06-29T00:22:55.071377,haute
BJ-1FAF827E,Solutions Innovation,Services aux entreprises,Parakou,+229 70 73 11 59,solutions.innovation@outlook.com,solutionsinnovation.bj,TPE (<10),B2B,CCIB Annuaire,,Actif,2026-06-29T00:22:55.071393,haute
BJ-89FBFD9F,Surveillance Bénin Parakou,Services aux entreprises,Parakou,+229 47 79 63 13,surveillance_bénin@surveillancebén.org.bj,surveillancebéninparakou.bj,PME (50-200),B2B,CCIB Annuaire,,Actif,2026-06-29T00:22:55.071412,haute
BJ-324A6CE5,Entretien,Services aux entreprises,Parakou,+229 71 26 31 23,entretien@yahoo.fr,entretien.bj,Grande (>200),B2B,CCIB Annuaire,,Actif,2026-06-29T00:22:55.071425,haute
BJ-BE8372B6,Conseil Performance,Services aux entreprises,Bohicon,+229 81 39 30 76,c.performance@conseilperforma.com.bj,conseilperformance.bj,PME (10-50),B2B,CCIB Annuaire,,Actif,2026-06-29T00:22:55.071464,haute
BJ-DA1C1B92,Audit Indépendant,Services aux entreprises,Bohicon,+229 65 67 62 30,a.indépendant@auditindépendan.org.bj,auditindépendant.bj,PME (10-50),B2B,CCIB Annuaire,,Actif,2026-06-29T00:22:55.071485,haute
BJ-8E0E1EB8,Solutions Ménage,Services aux entreprises,Bohicon,+229 82 41 16 90,solutionsménage@solutionsménage.com.bj,solutionsménage.bj,TPE (<10),B2B,CCIB Annuaire,,Actif,2026-06-29T00:22:55.071506,haute
BJ-466B6F37,Presse Bénin,Services aux entreprises,Bohicon,+229 36 21 50 81,pressebénin@pressebénin.com.bj,pressebénin.bj,TPE (<10),B2B,CCIB Annuaire,,Actif,2026-06-29T00:22:55.071523,haute
BJ-DAF3BEB1,Agence ISO,Services aux entreprises,Natitingou,+229 49 84 92 68,a.iso@gmail.com,,PME (50-200),B2B,CCIB Annuaire,,Actif,2026-06-29T00:22:55.071546,moyenne
BJ-2F0204C1,Bureau Management,Services aux entreprises,Natitingou,+229 29 40 67 94,bureau.management@gmail.com,bureaumanagement.bj,PME (10-50),B2B,CCIB Annuaire,,Actif,2026-06-29T00:22:55.071562,haute
BJ-66338C38,Gardiennage Natitingou,Services aux entreprises,Natitingou,+229 42 20 57 99,g.natitingou@yahoo.fr,gardiennagenatitingou.bj,PME (10-50),B2B,CCIB Annuaire,,Actif,2026-06-29T00:22:55.071582,haute
BJ-E2B2CA55,Consulting Inspection Cabinet,Services aux entreprises,Natitingou,+229 83 64 33 99,consulting.inspection@consultinginspe.org.bj,consultinginspectioncabinet.bj,PME (10-50),B2B,CCIB Annuaire,,Actif,2026-06-29T00:22:55.071599,haute
BJ-84FB9148,Cabinet Surveillance,Services aux entreprises,Natitingou,+229 73 36 94 76,c.surveillance@cabinetsurveill.org.bj,cabinetsurveillance.bj,PME (10-50),B2B,CCIB Annuaire,,Actif,2026-06-29T00:22:55.071615,haute
BJ-49D296C0,Inspection Advisory,Services aux entreprises,Lokossa,+229 67 51 70 67,inspection.advisory@inspectionadvis.com.bj,inspectionadvisory.bj,TPE (<10),B2B,CCIB Annuaire,,Actif,2026-06-29T00:22:55.071638,haute
BJ-8DB8742E,Expert Portage Services,Services aux entreprises,Lokossa,+229 71 25 38 55,,expertportageservices.bj,PME (50-200),B2B,CCIB Annuaire,,Actif,2026-06-29T00:22:55.071650,moyenne
BJ-64641E79,Image,Services aux entreprises,Lokossa,+229 32 74 17 16,image@image.com.bj,image.bj,TPE (<10),B2B,CCIB Annuaire,,Actif,2026-06-29T00:22:55.071668,haute
BJ-B5A67418,Bureau Presse Bénin,Services aux entreprises,Lokossa,+229 44 83 27 61,b.presse@outlook.com,,TPE (<10),B2B,CCIB Annuaire,,Actif,2026-06-29T00:22:55.071684,moyenne
BJ-C13B4785,Chasse,Services aux entreprises,Lokossa,+229 20 94 91 38,chasse@hotmail.com,chasse.bj,Grande (>200),B2B,CCIB Annuaire,,Actif,2026-06-29T00:22:55.071698,haute
BJ-2399204D,Partners Relations,Services aux entreprises,Ouidah,+229 26 90 70 43,p.relations@hotmail.com,partnersrelations.bj,Grande (>200),B2B,CCIB Annuaire,,Actif,2026-06-29T00:22:55.071721,haute
BJ-EEC1F07D,Agence Organisation Solutions,Services aux entreprises,Ouidah,+229 50 35 54 60,agenceorganisation@agenceorganisat.bj,,TPE (<10),B2B,CCIB Annuaire,,Actif,2026-06-29T00:22:55.071736,moyenne
BJ-01EEF0A3,Image,Services aux entreprises,Ouidah,+229 42 52 46 80,image@image.com.bj,,PME (10-50),B2B,CCIB Annuaire,,Actif,2026-06-29T00:22:55.071750,moyenne
BJ-F64E18B0,Agence CDD Partners,Services aux entreprises,Ouidah,+229 41 34 19 69,agencecdd@agencecddpartne.bj,agencecddpartners.bj,TPE (<10),B2B,CCIB Annuaire,,Actif,2026-06-29T00:22:55.071784,haute
BJ-D9B8F128,Expert Réputation International Savalou,Services aux entreprises,Savalou,+229 94 23 75 97,expertréputation@yahoo.com,expertréputationinternationalsavalou.bj,TPE (<10),B2B,CCIB Annuaire,,Actif,2026-06-29T00:22:55.071816,haute
BJ-1F83F816,Audit Sécurité Services,Services aux entreprises,Savalou,+229 88 51 41 95,audit.sécurité@yahoo.fr,auditsécuritéservices.bj,TPE (<10),B2B,CCIB Annuaire,,Actif,2026-06-29T00:22:55.071834,haute
BJ-E5CCDCC2,Image,Services aux entreprises,Savalou,+229 29 27 37 55,image@yahoo.fr,image.bj,PME (10-50),B2B,CCIB Annuaire,,Actif,2026-06-29T00:22:55.071852,haute
BJ-BF4135C9,Publicité International,Services aux entreprises,Savalou,+229 26 20 61 76,publicitéinternational@publicitéintern.bj,publicitéinternational.bj,TPE (<10),B2B,CCIB Annuaire,,Actif,2026-06-29T00:22:55.071870,haute
BJ-DFD63F57,Gardiennage Consulting,Services aux entreprises,Savalou,+229 62 28 15 25,gardiennageconsulting@hotmail.com,,TPE (<10),B2B,CCIB Annuaire,,Actif,2026-06-29T00:22:55.071885,moyenne
BJ-D36D63C7,Consulting Image Cabinet Dassa-Zoumè,Services aux entreprises,Dassa-Zoumè,+229 64 66 63 80,consultingimage@consultingimage.bj,consultingimagecabinetdassazoumè.bj,PME (10-50),B2B,CCIB Annuaire,,Actif,2026-06-29T00:22:55.071930,haute
BJ-AB9C0E14,Solutions Intérim International Dassa-Zoumè,Services aux entreprises,Dassa-Zoumè,+229 86 98 22 94,solutionsintérim@solutionsintéri.org.bj,solutionsintériminternationaldassazoumè.bj,PME (50-200),B2B,CCIB Annuaire,,Actif,2026-06-29T00:22:55.071951,haute
BJ-B97E1849,Expert Formation Partners,Services aux entreprises,Dassa-Zoumè,+229 28 72 52 83,expertformation@expertformation.com.bj,expertformationpartners.bj,TPE (<10),B2B,CCIB Annuaire,,Actif,2026-06-29T00:22:55.071969,haute
BJ-43BE29B4,Agence Portage Partners,Services aux entreprises,Dassa-Zoumè,+229 24 46 75 26,agence.portage@agenceportagepa.com.bj,agenceportagepartners.bj,PME (10-50),B2B,CCIB Annuaire,,Actif,2026-06-29T00:22:55.071985,haute
BJ-4B21005C,Consulting Intérim Dassa-Zoumè,Services aux entreprises,Dassa-Zoumè,+229 94 47 94 11,c.intérim@hotmail.com,,TPE (<10),B2B,CCIB Annuaire,,Actif,2026-06-29T00:22:55.072012,moyenne
BJ-6A870E8E,Bureau Innovation Bureau,Services aux entreprises,Kétou,+229 43 55 14 47,bureauinnovation@bureauinnovatio.com.bj,,PME (50-200),B2B,CCIB Annuaire,,Actif,2026-06-29T00:22:55.072037,moyenne
BJ-2B0A6DE9,Audit,Services aux entreprises,Kétou,+229 99 34 33 33,audit@outlook.com,audit.bj,PME (50-200),B2B,CCIB Annuaire,,Actif,2026-06-29T00:22:55.072051,haute
BJ-B775C398,Innovation,Services aux entreprises,Kétou,+229 31 75 80 23,innovation@innovation.com.bj,innovation.bj,Grande (>200),B2B,CCIB Annuaire,,Actif,2026-06-29T00:22:55.072069,haute
BJ-EF2889E5,Partners Qualité Partners Kétou,Services aux entreprises,Kétou,+229 49 99 12 74,p.qualité@partnersqualité.bj,,TPE (<10),B2B,CCIB Annuaire,,Actif,2026-06-29T00:22:55.072102,moyenne
BJ-773BCFE6,Partners Excellence,Services aux entreprises,Covè,+229 87 59 55 13,p.excellence@yahoo.fr,partnersexcellence.bj,TPE (<10),B2B,CCIB Annuaire,,Actif,2026-06-29T00:22:55.072125,haute
BJ-69081111,Publicité Services,Services aux entreprises,Covè,+229 52 86 36 48,publicité.services@publicitéservic.bj,publicitéservices.bj,PME (50-200),B2B,CCIB Annuaire,,Actif,2026-06-29T00:22:55.072143,haute
BJ-89FB9069,Cabinet Relations,Services aux entreprises,Covè,+229 70 29 44 36,cabinet_relations@cabinetrelation.org.bj,cabinetrelations.bj,TPE (<10),B2B,CCIB Annuaire,,Actif,2026-06-29T00:22:55.072164,haute
BJ-847C648A,Presse,Services aux entreprises,Covè,+229 63 76 67 90,presse@presse.com.bj,,PME (10-50),B2B,CCIB Annuaire,,Actif,2026-06-29T00:22:55.072178,moyenne
BJ-8F90CD71,Expert Formation Africa,Services aux entreprises,Pobè,+229 99 18 54 88,expertformation@expertformation.bj,expertformationafrica.bj,TPE (<10),B2B,CCIB Annuaire,,Actif,2026-06-29T00:22:55.072215,haute
BJ-36FB08EA,Audit CDD Cabinet,Services aux entreprises,Pobè,+229 52 53 35 66,auditcdd@outlook.com,auditcddcabinet.bj,PME (50-200),B2B,CCIB Annuaire,,Actif,2026-06-29T00:22:55.072231,haute
BJ-C1322B9E,Vérification Cabinet,Services aux entreprises,Pobè,+229 80 18 22 56,v.cabinet@vérificationcab.bj,,PME (10-50),B2B,CCIB Annuaire,,Actif,2026-06-29T00:22:55.072251,moyenne
BJ-D6447FA8,Solutions Portage,Services aux entreprises,Pobè,+229 79 46 25 28,solutions.portage@gmail.com,solutionsportage.bj,TPE (<10),B2B,CCIB Annuaire,,Actif,2026-06-29T00:22:55.072268,haute
BJ-12D9CB62,Sécurité Solutions,Services aux entreprises,Pobè,+229 28 55 78 65,sécurité_solutions@sécuritésolutio.org.bj,sécuritésolutions.bj,PME (10-50),B2B,CCIB Annuaire,,Actif,2026-06-29T00:22:55.072284,haute
BJ-A53033BB,Inspection,Services aux entreprises,Sakété,+229 29 30 31 42,inspection@inspection.com.bj,inspection.bj,Grande (>200),B2B,CCIB Annuaire,,Actif,2026-06-29T00:22:55.072306,haute
BJ-DF2E3D85,Consulting Digital Sakété,Services aux entreprises,Sakété,+229 83 79 77 85,consulting.digital@yahoo.fr,consultingdigitalsakété.bj,PME (50-200),B2B,CCIB Annuaire,,Actif,2026-06-29T00:22:55.072326,haute
BJ-FBC2BC79,Audit Chasse,Services aux entreprises,Sakété,+229 70 85 35 67,a.chasse@gmail.com,auditchasse.bj,TPE (<10),B2B,CCIB Annuaire,,Actif,2026-06-29T00:22:55.072343,haute
BJ-0B581353,Sécurité Africa Sakété,Services aux entreprises,Sakété,+229 89 23 53 72,sécurité.africa@hotmail.com,sécuritéafricasakété.bj,PME (10-50),B2B,CCIB Annuaire,,Actif,2026-06-29T00:22:55.072361,haute
BJ-7CA685AF,Accréditation Solutions,Services aux entreprises,Sakété,+229 32 51 93 57,a.solutions@yahoo.fr,,TPE (<10),B2B,CCIB Annuaire,,Actif,2026-06-29T00:22:55.072377,moyenne
BJ-E852B9A4,Label Advisory,Services aux entreprises,Adjara,+229 82 43 55 63,labeladvisory@yahoo.fr,labeladvisory.bj,TPE (<10),B2B,CCIB Annuaire,,Actif,2026-06-29T00:22:55.072403,haute
BJ-34CB804C,Chasse,Services aux entreprises,Adjara,+229 74 55 34 15,chasse@chasse.org.bj,,PME (10-50),B2B,CCIB Annuaire,,Actif,2026-06-29T00:22:55.072417,moyenne
BJ-8E547DB2,Partners Management Solutions Adjara,Services aux entreprises,Adjara,+229 67 81 99 87,partnersmanagement@partnersmanagem.org.bj,partnersmanagementsolutionsadjara.bj,PME (10-50),B2B,CCIB Annuaire,,Actif,2026-06-29T00:22:55.072436,haute
BJ-21F1184D,Événementiel,Services aux entreprises,Adjara,+229 32 56 25 97,événementiel@événementiel.org.bj,événementiel.bj,TPE (<10),B2B,CCIB Annuaire,,Actif,2026-06-29T00:22:55.072452,haute
BJ-B5725BB6,Entretien Solutions,Services aux entreprises,Adjara,+229 39 42 37 75,e.solutions@outlook.com,entretiensolutions.bj,TPE (<10),B2B,CCIB Annuaire,,Actif,2026-06-29T00:22:55.072468,haute
BJ-E6D34088,Expert Inspection,Services aux entreprises,Allada,+229 59 57 53 68,expertinspection@hotmail.com,expertinspection.bj,TPE (<10),B2B,CCIB Annuaire,,Actif,2026-06-29T00:22:55.072490,haute
BJ-8DC9F2F5,Bureau Inspection International,Services aux entreprises,Allada,+229 75 40 88 65,bureau.inspection@bureauinspectio.org.bj,,PME (50-200),B2B,CCIB Annuaire,,Actif,2026-06-29T00:22:55.072510,moyenne
BJ-E9EE6DC4,Business,Services aux entreprises,Allada,+229 68 70 37 68,business@outlook.com,business.bj,Grande (>200),B2B,CCIB Annuaire,,Actif,2026-06-29T00:22:55.072524,haute
BJ-87DA59C8,Intérim International,Services aux entreprises,Allada,+229 77 34 47 91,intérim_international@intériminternat.com.bj,,PME (10-50),B2B,CCIB Annuaire,,Actif,2026-06-29T00:22:55.072540,moyenne
BJ-203246D9,Événement Services,Services aux entreprises,Allada,+229 98 11 46 99,événementservices@événementservic.org.bj,,PME (50-200),B2B,CCIB Annuaire,,Actif,2026-06-29T00:22:55.072558,moyenne
BJ-373E1E7F,Partners Presse,Services aux entreprises,Aplahoué,+229 72 50 82 35,p.presse@partnerspresse.org.bj,partnerspresse.bj,TPE (<10),B2B,CCIB Annuaire,,Actif,2026-06-29T00:22:55.072582,haute
BJ-1E5A7684,Réputation,Services aux entreprises,Aplahoué,+229 99 45 64 12,,réputation.bj,PME (50-200),B2B,CCIB Annuaire,,Actif,2026-06-29T00:22:55.072594,moyenne
BJ-375FA6C3,Cabinet Contrôle Partners,Services aux entreprises,Aplahoué,+229 87 99 90 30,c.contrôle@yahoo.com,cabinetcontrôlepartners.bj,TPE (<10),B2B,CCIB Annuaire,,Actif,2026-06-29T00:22:55.072614,haute
BJ-13FD0C5C,Partners Management Services,Services aux entreprises,Aplahoué,+229 38 42 90 24,partnersmanagement@partnersmanagem.bj,partnersmanagementservices.bj,PME (50-200),B2B,CCIB Annuaire,,Actif,2026-06-29T00:22:55.072632,haute
BJ-CAA55E4B,CDI Aplahoué,Services aux entreprises,Aplahoué,+229 72 68 42 33,c.aplahoué@outlook.com,,TPE (<10),B2B,CCIB Annuaire,,Actif,2026-06-29T00:22:55.072648,moyenne
BJ-5A68DD8A,Transformation International,Services aux entreprises,Dogbo-Tota,+229 93 82 20 93,transformation_international@hotmail.com,transformationinternational.bj,PME (50-200),B2B,CCIB Annuaire,,Actif,2026-06-29T00:22:55.072671,haute
BJ-BD17A675,Bureau Communication,Services aux entreprises,Dogbo-Tota,+229 95 90 81 95,bureaucommunication@bureaucommunica.com.bj,bureaucommunication.bj,PME (10-50),B2B,CCIB Annuaire,,Actif,2026-06-29T00:22:55.072691,haute
BJ-B1B68CC7,Événement,Services aux entreprises,Dogbo-Tota,+229 50 63 71 87,événement@événement.com.bj,événement.bj,PME (10-50),B2B,CCIB Annuaire,,Actif,2026-06-29T00:22:55.072707,haute
BJ-31140238,Consulting Événementiel,Services aux entreprises,Dogbo-Tota,+229 65 11 21 70,consultingévénementiel@outlook.com,consultingévénementiel.bj,TPE (<10),B2B,CCIB Annuaire,,Actif,2026-06-29T00:22:55.072723,haute
BJ-1698A74B,Cabinet Vérification,Services aux entreprises,Dogbo-Tota,+229 92 53 80 69,cabinet.vérification@cabinetvérifica.bj,cabinetvérification.bj,PME (50-200),B2B,CCIB Annuaire,,Actif,2026-06-29T00:22:55.072741,haute
BJ-0556128E,Agence Organisation,Services aux entreprises,Kpomassè,+229 46 87 16 83,a.organisation@yahoo.com,agenceorganisation.bj,TPE (<10),B2B,CCIB Annuaire,,Actif,2026-06-29T00:22:55.072763,haute
BJ-BE0BCEF2,Consulting Juridique Services,Services aux entreprises,Kpomassè,+229 39 75 75 95,consultingjuridique@hotmail.com,consultingjuridiqueservices.bj,TPE (<10),B2B,CCIB Annuaire,,Actif,2026-06-29T00:22:55.072780,haute
BJ-CCA4C4E6,Conseil Image Advisory,Services aux entreprises,Kpomassè,+229 87 42 23 45,conseil.image@conseilimageadv.bj,conseilimageadvisory.bj,PME (10-50),B2B,CCIB Annuaire,,Actif,2026-06-29T00:22:55.072799,haute
BJ-284069C4,Image Cabinet,Services aux entreprises,Kpomassè,+229 46 43 38 74,image.cabinet@imagecabinet.org.bj,,Grande (>200),B2B,CCIB Annuaire,,Actif,2026-06-29T00:22:55.072815,moyenne
BJ-E81884C0,Agence Norme Consulting Kpomassè,Services aux entreprises,Kpomassè,+229 60 57 29 20,agence.norme@agencenormecons.com.bj,agencenormeconsultingkpomassè.bj,PME (10-50),B2B,CCIB Annuaire,,Actif,2026-06-29T00:22:55.072834,haute
BJ-EDFF625C,Sécurité Africa,Services aux entreprises,Tori-Bossito,+229 77 75 78 57,sécurité_africa@sécuritéafrica.org.bj,sécuritéafrica.bj,TPE (<10),B2B,CCIB Annuaire,,Actif,2026-06-29T00:22:55.072862,haute
BJ-C9B7F536,Chasse Partners,Services aux entreprises,Tori-Bossito,+229 60 16 19 81,chasse.partners@chassepartners.org.bj,,PME (10-50),B2B,CCIB Annuaire,,Actif,2026-06-29T00:22:55.072878,moyenne
BJ-6001F9C6,Label,Services aux entreprises,Tori-Bossito,+229 48 93 29 95,label@label.com.bj,label.bj,PME (10-50),B2B,CCIB Annuaire,,Actif,2026-06-29T00:22:55.072902,haute
BJ-ECD327F2,Expert Excellence Cabinet,Services aux entreprises,Tori-Bossito,+229 98 16 45 64,expertexcellence@yahoo.com,,PME (50-200),B2B,CCIB Annuaire,,Actif,2026-06-29T00:22:55.072918,moyenne
BJ-A95CF0A1,Conseil Sécurité,Services aux entreprises,Tori-Bossito,+229 75 77 69 88,conseil_sécurité@yahoo.fr,conseilsécurité.bj,PME (10-50),B2B,CCIB Annuaire,,Actif,2026-06-29T00:22:55.072935,haute
BJ-089B3064,Solutions Publicité Africa,Services aux entreprises,Grand-Popo,+229 94 72 34 13,solutionspublicité@hotmail.com,solutionspublicitéafrica.bj,PME (50-200),B2B,CCIB Annuaire,,Actif,2026-06-29T00:22:55.072960,haute
BJ-CC90AB39,Cabinet Innovation,Services aux entreprises,Grand-Popo,+229 24 40 10 64,cabinetinnovation@gmail.com,cabinetinnovation.bj,TPE (<10),B2B,CCIB Annuaire,,Actif,2026-06-29T00:22:55.072976,haute
BJ-E87BC7E5,Audit Stratégie,Services aux entreprises,Grand-Popo,+229 27 29 82 46,a.stratégie@auditstratégie.org.bj,auditstratégie.bj,Grande (>200),B2B,CCIB Annuaire,,Actif,2026-06-29T00:22:55.072996,haute
BJ-1751E644,Audit Nettoyage Grand-Popo,Services aux entreprises,Grand-Popo,+229 93 70 33 90,audit_nettoyage@auditnettoyageg.bj,,PME (10-50),B2B,CCIB Annuaire,,Actif,2026-06-29T00:22:55.073017,moyenne
BJ-3BC84B26,Entretien Bureau,Services aux entreprises,Grand-Popo,+229 60 14 80 78,entretienbureau@gmail.com,entretienbureau.bj,PME (50-200),B2B,CCIB Annuaire,,Actif,2026-06-29T00:22:55.073033,haute
BJ-1C044BEC,Audit Événementiel,Services aux entreprises,Athiémé,+229 41 42 68 32,auditévénementiel@gmail.com,auditévénementiel.bj,PME (10-50),B2B,CCIB Annuaire,,Actif,2026-06-29T00:22:55.073056,haute
BJ-4848F7A3,Marque Bureau,Services aux entreprises,Athiémé,+229 66 79 62 77,marque.bureau@marquebureau.bj,,PME (10-50),B2B,CCIB Annuaire,,Actif,2026-06-29T00:22:55.073072,moyenne
BJ-1BB0C186,Organisation,Services aux entreprises,Athiémé,+229 49 86 64 55,organisation@gmail.com,,TPE (<10),B2B,CCIB Annuaire,,Actif,2026-06-29T00:22:55.073085,moyenne
BJ-476D4BA1,Indépendant Athiémé,Services aux entreprises,Athiémé,+229 83 74 91 81,,indépendantathiémé.bj,TPE (<10),B2B,CCIB Annuaire,,Actif,2026-06-29T00:22:55.073098,moyenne
BJ-C7E3C89E,Solutions Label Africa Bopa,Services aux entreprises,Bopa,+229 68 39 21 23,solutionslabel@outlook.com,solutionslabelafricabopa.bj,TPE (<10),B2B,CCIB Annuaire,,Actif,2026-06-29T00:22:55.073136,haute
BJ-33548E50,Intérim,Services aux entreprises,Bopa,+229 55 54 54 34,intérim@intérim.bj,intérim.bj,TPE (<10),B2B,CCIB Annuaire,,Actif,2026-06-29T00:22:55.073152,haute
BJ-4E310442,Expert Certification Bopa,Services aux entreprises,Bopa,+229 31 71 34 51,expertcertification@hotmail.com,expertcertificationbopa.bj,TPE (<10),B2B,CCIB Annuaire,,Actif,2026-06-29T00:22:55.073173,haute
BJ-2656F25A,RH,Services aux entreprises,Bopa,+229 78 64 15 10,rh@yahoo.fr,rh.bj,TPE (<10),B2B,CCIB Annuaire,,Actif,2026-06-29T00:22:55.073211,haute
BJ-6B40326C,Consulting Vérification,Services aux entreprises,Bopa,+229 56 80 32 53,consulting.vérification@hotmail.com,consultingvérification.bj,PME (50-200),B2B,CCIB Annuaire,,Actif,2026-06-29T00:22:55.073245,haute
BJ-3AF2B91D,Management Cabinet,Services aux entreprises,Houéyogbé,+229 20 25 36 61,managementcabinet@hotmail.com,managementcabinet.bj,PME (50-200),B2B,CCIB Annuaire,,Actif,2026-06-29T00:22:55.073283,haute
BJ-6741C701,Bureau Vérification Services,Services aux entreprises,Houéyogbé,+229 28 93 44 13,bureau.vérification@gmail.com,,TPE (<10),B2B,CCIB Annuaire,,Actif,2026-06-29T00:22:55.073306,moyenne
BJ-9C741F96,Conseil Ménage,Services aux entreprises,Houéyogbé,+229 88 48 14 89,,conseilménage.bj,PME (50-200),B2B,CCIB Annuaire,,Actif,2026-06-29T00:22:55.073335,moyenne
BJ-258CA527,Partners CDI,Services aux entreprises,Houéyogbé,+229 35 76 24 23,partners.cdi@partnerscdi.com.bj,partnerscdi.bj,PME (50-200),B2B,CCIB Annuaire,,Actif,2026-06-29T00:22:55.073356,haute
BJ-13C626ED,Expert Surveillance,Services aux entreprises,Malanville,+229 54 52 33 92,,expertsurveillance.bj,TPE (<10),B2B,CCIB Annuaire,,Actif,2026-06-29T00:22:55.073376,moyenne
BJ-6053AA82,Portage International,Services aux entreprises,Malanville,+229 64 55 12 36,portage.international@portageinternat.bj,portageinternational.bj,PME (50-200),B2B,CCIB Annuaire,,Actif,2026-06-29T00:22:55.073394,haute
BJ-385AAD5D,Bureau Consulting Africa Malanville,Services aux entreprises,Malanville,+229 78 49 97 68,,bureauconsultingafricamalanville.bj,Grande (>200),B2B,CCIB Annuaire,,Actif,2026-06-29T00:22:55.073409,moyenne
BJ-92F751D2,Conseil Nettoyage,Services aux entreprises,Malanville,+229 70 81 67 48,conseilnettoyage@yahoo.com,conseilnettoyage.bj,PME (10-50),B2B,CCIB Annuaire,,Actif,2026-06-29T00:22:55.073424,haute
BJ-71BE0955,Conseil Publiques Partners,Services aux entreprises,Malanville,+229 34 18 71 60,conseilpubliques@conseilpublique.bj,conseilpubliquespartners.bj,TPE (<10),B2B,CCIB Annuaire,,Actif,2026-06-29T00:22:55.073440,haute
BJ-620BA2C1,Image,Services aux entreprises,Kandi,+229 35 27 92 55,image@gmail.com,,TPE (<10),B2B,CCIB Annuaire,,Actif,2026-06-29T00:22:55.073460,moyenne
BJ-246FE984,Cabinet Indépendant,Services aux entreprises,Kandi,+229 24 94 48 46,cabinetindépendant@yahoo.fr,,PME (50-200),B2B,CCIB Annuaire,,Actif,2026-06-29T00:22:55.073477,moyenne
BJ-70F31495,Innovation International Kandi,Services aux entreprises,Kandi,+229 21 82 87 23,innovation.international@hotmail.com,innovationinternationalkandi.bj,PME (50-200),B2B,CCIB Annuaire,,Actif,2026-06-29T00:22:55.073494,haute
BJ-C7214D24,Agence Audit,Services aux entreprises,Kandi,+229 22 45 90 51,agenceaudit@yahoo.com,agenceaudit.bj,PME (10-50),B2B,CCIB Annuaire,,Actif,2026-06-29T00:22:55.073510,haute
BJ-23779A80,Formation,Services aux entreprises,Kandi,+229 20 98 93 75,formation@formation.org.bj,formation.bj,PME (10-50),B2B,CCIB Annuaire,,Actif,2026-06-29T00:22:55.073523,haute
BJ-46AF3995,Solutions Label Services,Services aux entreprises,Banikoara,+229 32 99 40 98,solutionslabel@solutionslabels.org.bj,solutionslabelservices.bj,PME (50-200),B2B,CCIB Annuaire,,Actif,2026-06-29T00:22:55.073546,haute
BJ-22397B33,Solutions Contrôle Africa,Services aux entreprises,Banikoara,+229 98 67 86 30,s.contrôle@solutionscontrô.com.bj,solutionscontrôleafrica.bj,PME (10-50),B2B,CCIB Annuaire,,Actif,2026-06-29T00:22:55.073568,haute
BJ-FD7000E1,Consulting Business Partners,Services aux entreprises,Banikoara,+229 94 56 87 62,,consultingbusinesspartners.bj,PME (50-200),B2B,CCIB Annuaire,,Actif,2026-06-29T00:22:55.073583,moyenne
BJ-37D124BF,Contrôle,Services aux entreprises,Banikoara,+229 54 99 24 58,contrôle@gmail.com,contrôle.bj,PME (50-200),B2B,CCIB Annuaire,,Actif,2026-06-29T00:22:55.073600,haute
BJ-628029B7,Excellence Solutions,Services aux entreprises,Banikoara,+229 32 81 46 56,excellence.solutions@yahoo.com,excellencesolutions.bj,TPE (<10),B2B,CCIB Annuaire,,Actif,2026-06-29T00:22:55.073619,haute
BJ-ACF343FF,Bureau Événement Partners Ségbana,Services aux entreprises,Ségbana,+229 51 72 18 11,bureauévénement@outlook.com,,PME (10-50),B2B,CCIB Annuaire,,Actif,2026-06-29T00:22:55.073644,moyenne
BJ-9AE0CE38,Label Ségbana,Services aux entreprises,Ségbana,+229 50 81 22 23,l.ségbana@labelségbana.bj,labelségbana.bj,TPE (<10),B2B,CCIB Annuaire,,Actif,2026-06-29T00:22:55.073666,haute
BJ-B2B214AC,Conseil Fiscal Consulting,Services aux entreprises,Ségbana,+229 27 22 36 48,c.fiscal@outlook.com,conseilfiscalconsulting.bj,Grande (>200),B2B,CCIB Annuaire,,Actif,2026-06-29T00:22:55.073682,haute
BJ-5CCB1442,Marque Ségbana,Services aux entreprises,Ségbana,+229 35 24 52 75,marqueségbana@yahoo.com,marqueségbana.bj,Grande (>200),B2B,CCIB Annuaire,,Actif,2026-06-29T00:22:55.073699,haute
BJ-D28EAEBA,Partners Qualité Partners,Services aux entreprises,Ségbana,+229 72 89 31 45,partners.qualité@gmail.com,partnersqualitépartners.bj,PME (10-50),B2B,CCIB Annuaire,,Actif,2026-06-29T00:22:55.073716,haute
BJ-BB31626B,Stratégie,Services aux entreprises,Karimama,+229 39 53 55 12,stratégie@stratégie.org.bj,stratégie.bj,PME (10-50),B2B,CCIB Annuaire,,Actif,2026-06-29T00:22:55.073741,haute
BJ-459144BD,Recrutement Consulting,Services aux entreprises,Karimama,+229 57 21 54 78,recrutementconsulting@recrutementcons.org.bj,recrutementconsulting.bj,Grande (>200),B2B,CCIB Annuaire,,Actif,2026-06-29T00:22:55.073758,haute
BJ-AFAD25FD,RH Cabinet,Services aux entreprises,Karimama,+229 90 45 18 44,cabinet@hotmail.com,,TPE (<10),B2B,CCIB Annuaire,,Actif,2026-06-29T00:22:55.073774,moyenne
BJ-24EF4890,Partners CDD Solutions Karimama,Services aux entreprises,Karimama,+229 55 21 47 65,partners.cdd@partnerscddsolu.org.bj,,PME (10-50),B2B,CCIB Annuaire,,Actif,2026-06-29T00:22:55.073790,moyenne
BJ-8E4C8BC8,Transformation Services,Services aux entreprises,Karimama,+229 43 26 37 31,transformation.services@yahoo.fr,transformationservices.bj,PME (10-50),B2B,CCIB Annuaire,,Actif,2026-06-29T00:22:55.073806,haute
BJ-3CE8BE21,Expert Communication,Services aux entreprises,Gogounou,+229 96 70 87 16,expert.communication@hotmail.com,,PME (10-50),B2B,CCIB Annuaire,,Actif,2026-06-29T00:22:55.073827,moyenne
BJ-09D68B18,Management International,Services aux entreprises,Gogounou,+229 36 27 43 55,management.international@managementinter.bj,managementinternational.bj,PME (50-200),B2B,CCIB Annuaire,,Actif,2026-06-29T00:22:55.073842,haute
BJ-FD17840A,Presse Advisory,Services aux entreprises,Gogounou,+229 28 77 17 70,presse.advisory@yahoo.com,presseadvisory.bj,PME (10-50),B2B,CCIB Annuaire,,Actif,2026-06-29T00:22:55.073857,haute
BJ-8CCDB563,Audit Indépendant Bénin Gogounou,Services aux entreprises,Gogounou,+229 26 70 20 99,,auditindépendantbéningogounou.bj,PME (50-200),B2B,CCIB Annuaire,,Actif,2026-06-29T00:22:55.073872,moyenne
BJ-8CCA2299,Solutions Performance Services,Services aux entreprises,Gogounou,+229 88 88 76 95,,solutionsperformanceservices.bj,TPE (<10),B2B,CCIB Annuaire,,Actif,2026-06-29T00:22:55.073883,moyenne
BJ-C268F206,Relations International,Services aux entreprises,Cobly,+229 46 44 75 43,relationsinternational@hotmail.com,relationsinternational.bj,Grande (>200),B2B,CCIB Annuaire,,Actif,2026-06-29T00:22:55.073921,haute
BJ-C37590A9,Conseil Innovation Cobly,Services aux entreprises,Cobly,+229 96 15 83 16,conseil_innovation@conseilinnovati.org.bj,conseilinnovationcobly.bj,TPE (<10),B2B,CCIB Annuaire,,Actif,2026-06-29T00:22:55.073937,haute
BJ-4D1F1665,Cabinet Norme,Services aux entreprises,Cobly,+229 84 12 80 74,,cabinetnorme.bj,TPE (<10),B2B,CCIB Annuaire,,Actif,2026-06-29T00:22:55.073956,moyenne
BJ-FE624598,Solutions Certification,Services aux entreprises,Cobly,+229 40 48 74 13,,,Grande (>200),B2B,CCIB Annuaire,,Actif,2026-06-29T00:22:55.073968,basse
BJ-C7625B77,Comptable Advisory,Services aux entreprises,Cobly,+229 41 81 58 52,comptable_advisory@comptableadviso.org.bj,comptableadvisory.bj,TPE (<10),B2B,CCIB Annuaire,,Actif,2026-06-29T00:22:55.073984,haute
BJ-A9B305AC,Marque International Tanguiéta,Services aux entreprises,Tanguiéta,+229 95 95 28 46,marque.international@marqueinternati.com.bj,marqueinternationaltanguiéta.bj,TPE (<10),B2B,CCIB Annuaire,,Actif,2026-06-29T00:22:55.074009,haute
BJ-49B9CA00,Solutions Communication Services,Services aux entreprises,Tanguiéta,+229 47 56 32 42,solutions.communication@gmail.com,,TPE (<10),B2B,CCIB Annuaire,,Actif,2026-06-29T00:22:55.074025,moyenne
BJ-C6F19E9E,Transformation Consulting,Services aux entreprises,Tanguiéta,+229 68 68 15 29,transformationconsulting@outlook.com,transformationconsulting.bj,TPE (<10),B2B,CCIB Annuaire,,Actif,2026-06-29T00:22:55.074043,haute
BJ-7EECF4B6,Solutions Nettoyage Tanguiéta,Services aux entreprises,Tanguiéta,+229 84 48 28 24,solutionsnettoyage@hotmail.com,solutionsnettoyagetanguiéta.bj,PME (10-50),B2B,CCIB Annuaire,,Actif,2026-06-29T00:22:55.074061,haute
BJ-F0E9343E,Consulting Nettoyage Advisory,Services aux entreprises,Tanguiéta,+229 82 70 59 54,consultingnettoyage@hotmail.com,,Grande (>200),B2B,CCIB Annuaire,,Actif,2026-06-29T00:22:55.074077,moyenne
BJ-7A90FFF7,Événementiel Advisory,Services aux entreprises,Matéri,+229 52 49 20 36,événementieladvisory@événementieladv.org.bj,événementieladvisory.bj,TPE (<10),B2B,CCIB Annuaire,,Actif,2026-06-29T00:22:55.074102,haute
BJ-25100CFC,Qualité,Services aux entreprises,Matéri,+229 48 36 43 83,qualité@qualité.com.bj,qualité.bj,TPE (<10),B2B,CCIB Annuaire,,Actif,2026-06-29T00:22:55.074138,haute
BJ-99C15424,Solutions Chasse Africa,Services aux entreprises,Matéri,+229 64 37 38 89,s.chasse@solutionschasse.org.bj,solutionschasseafrica.bj,TPE (<10),B2B,CCIB Annuaire,,Actif,2026-06-29T00:22:55.074155,haute
BJ-A091C27C,Relations,Services aux entreprises,Matéri,+229 89 62 85 75,relations@relations.org.bj,,TPE (<10),B2B,CCIB Annuaire,,Actif,2026-06-29T00:22:55.074169,moyenne
BJ-F1350AE2,Accréditation Solutions Natitingou,Services aux entreprises,Natitingou,+229 40 94 97 11,accréditationsolutions@gmail.com,accréditationsolutionsnatitingou.bj,PME (50-200),B2B,CCIB Annuaire,,Actif,2026-06-29T00:22:55.074194,haute
BJ-B6C7F5A3,Fiscal International,Services aux entreprises,Natitingou,+229 96 67 98 70,f.international@hotmail.com,fiscalinternational.bj,PME (50-200),B2B,CCIB Annuaire,,Actif,2026-06-29T00:22:55.074210,haute
BJ-E4A9ACF0,Partners Stratégie,Services aux entreprises,Natitingou,+229 50 44 27 54,,partnersstratégie.bj,TPE (<10),B2B,CCIB Annuaire,,Actif,2026-06-29T00:22:55.074223,moyenne
BJ-8B336E8C,Consulting Portage Natitingou,Services aux entreprises,Natitingou,+229 22 75 84 73,consultingportage@consultingporta.org.bj,consultingportagenatitingou.bj,TPE (<10),B2B,CCIB Annuaire,,Actif,2026-06-29T00:22:55.074240,haute
BJ-860C9A64,Consulting Protection Natitingou,Services aux entreprises,Natitingou,+229 44 13 44 67,consulting.protection@hotmail.com,consultingprotectionnatitingou.bj,PME (50-200),B2B,CCIB Annuaire,,Actif,2026-06-29T00:22:55.074259,haute
BJ-569B48DF,Sécurité Bénin Toucountouna,Services aux entreprises,Toucountouna,+229 84 83 99 65,s.bénin@gmail.com,,TPE (<10),B2B,CCIB Annuaire,,Actif,2026-06-29T00:22:55.074284,moyenne
BJ-FB168899,Performance,Services aux entreprises,Toucountouna,+229 55 63 63 75,performance@performance.org.bj,performance.bj,PME (50-200),B2B,CCIB Annuaire,,Actif,2026-06-29T00:22:55.074298,haute
BJ-1DBA6E6E,Partners ISO,Services aux entreprises,Toucountouna,+229 28 97 16 34,partners.iso@partnersiso.bj,partnersiso.bj,PME (10-50),B2B,CCIB Annuaire,,Actif,2026-06-29T00:22:55.074318,haute
BJ-DF09D5C6,Conseil Innovation Toucountouna,Services aux entreprises,Toucountouna,+229 93 60 35 61,c.innovation@conseilinnovati.bj,,TPE (<10),B2B,CCIB Annuaire,,Actif,2026-06-29T00:22:55.074334,moyenne
BJ-F1CD1768,Solutions Digital Toucountouna,Services aux entreprises,Toucountouna,+229 50 57 94 42,solutions.digital@gmail.com,solutionsdigitaltoucountouna.bj,PME (10-50),B2B,CCIB Annuaire,,Actif,2026-06-29T00:22:55.074350,haute
BJ-A0AD8F05,Audit Boukoumbé,Services aux entreprises,Boukoumbé,+229 99 48 12 91,audit.boukoumbé@hotmail.com,auditboukoumbé.bj,PME (50-200),B2B,CCIB Annuaire,,Actif,2026-06-29T00:22:55.074377,haute
BJ-60E662A8,Certification,Services aux entreprises,Boukoumbé,+229 58 88 77 68,certification@yahoo.fr,certification.bj,TPE (<10),B2B,CCIB Annuaire,,Actif,2026-06-29T00:22:55.074391,haute
BJ-0900C85B,Partners Recrutement Partners,Services aux entreprises,Boukoumbé,+229 31 44 25 97,partners.recrutement@partnersrecrute.bj,partnersrecrutementpartners.bj,PME (10-50),B2B,CCIB Annuaire,,Actif,2026-06-29T00:22:55.074407,haute
BJ-E4ECFFBA,Expert Chasse,Services aux entreprises,Boukoumbé,+229 87 38 90 42,expertchasse@expertchasse.bj,expertchasse.bj,PME (10-50),B2B,CCIB Annuaire,,Actif,2026-06-29T00:22:55.074423,haute
BJ-C560FEF4,Bureau Fiscal Advisory,Services aux entreprises,Boukoumbé,+229 73 25 89 53,bureau.fiscal@outlook.com,bureaufiscaladvisory.bj,PME (10-50),B2B,CCIB Annuaire,,Actif,2026-06-29T00:22:55.074438,haute
BJ-4C3E02CA,Freelance Solutions Kouandé,Services aux entreprises,Kouandé,+229 20 19 99 66,freelance_solutions@yahoo.com,,PME (50-200),B2B,CCIB Annuaire,,Actif,2026-06-29T00:22:55.074461,moyenne
BJ-FF0EF7B9,Marque Advisory,Services aux entreprises,Kouandé,+229 99 77 56 20,,marqueadvisory.bj,PME (10-50),B2B,CCIB Annuaire,,Actif,2026-06-29T00:22:55.074473,moyenne
BJ-429D1017,Partners Norme International,Services aux entreprises,Kouandé,+229 48 58 54 46,partnersnorme@yahoo.com,partnersnormeinternational.bj,TPE (<10),B2B,CCIB Annuaire,,Actif,2026-06-29T00:22:55.074526,haute
BJ-2248BC27,Surveillance Cabinet,Services aux entreprises,Péhunco,+229 39 69 42 11,s.cabinet@hotmail.com,surveillancecabinet.bj,PME (10-50),B2B,CCIB Annuaire,,Actif,2026-06-29T00:22:55.074551,haute
BJ-863D88AC,Conseil Sécurité,Services aux entreprises,Péhunco,+229 74 60 37 37,c.sécurité@yahoo.com,conseilsécurité.bj,PME (10-50),B2B,CCIB Annuaire,,Actif,2026-06-29T00:22:55.074569,haute
BJ-1C452B9D,Consulting Événementiel,Services aux entreprises,Péhunco,+229 45 55 22 53,consulting_événementiel@yahoo.fr,consultingévénementiel.bj,PME (10-50),B2B,CCIB Annuaire,,Actif,2026-06-29T00:22:55.074587,haute
BJ-4EE73D53,Partners Événement,Services aux entreprises,Péhunco,+229 67 23 13 60,partners.événement@partnersévéneme.com.bj,partnersévénement.bj,PME (10-50),B2B,CCIB Annuaire,,Actif,2026-06-29T00:22:55.074604,haute
BJ-8571EF6B,Marque Bureau,Services aux entreprises,Péhunco,+229 60 62 50 18,marquebureau@marquebureau.bj,marquebureau.bj,Grande (>200),B2B,CCIB Annuaire,,Actif,2026-06-29T00:22:55.074620,haute
BJ-CB2F2498,Partners Protection,Services aux entreprises,Tchaourou,+229 76 54 70 43,p.protection@partnersprotect.com.bj,partnersprotection.bj,PME (10-50),B2B,CCIB Annuaire,,Actif,2026-06-29T00:22:55.074665,haute
BJ-F4FC0A19,Solutions Accréditation,Services aux entreprises,Tchaourou,+229 55 20 46 96,solutionsaccréditation@yahoo.com,solutionsaccréditation.bj,TPE (<10),B2B,CCIB Annuaire,,Actif,2026-06-29T00:22:55.074693,haute
BJ-6531A64B,Solutions Marque,Services aux entreprises,Tchaourou,+229 65 56 21 62,solutions.marque@solutionsmarque.bj,,PME (50-200),B2B,CCIB Annuaire,,Actif,2026-06-29T00:22:55.074735,moyenne
BJ-A609F556,Bureau Protection Solutions,Services aux entreprises,Tchaourou,+229 85 15 82 96,bureau.protection@yahoo.com,bureauprotectionsolutions.bj,PME (10-50),B2B,CCIB Annuaire,,Actif,2026-06-29T00:22:55.074777,haute
BJ-34946B78,Cabinet Sécurité,Services aux entreprises,Tchaourou,+229 32 33 32 15,c.sécurité@gmail.com,cabinetsécurité.bj,PME (10-50),B2B,CCIB Annuaire,,Actif,2026-06-29T00:22:55.074820,haute
BJ-4EB0F521,Expert Norme International,Services aux entreprises,Nikki,+229 24 49 99 65,expert.norme@expertnormeinte.org.bj,expertnormeinternational.bj,PME (50-200),B2B,CCIB Annuaire,,Actif,2026-06-29T00:22:55.074876,haute
BJ-2A6DA850,Audit Nikki,Services aux entreprises,Nikki,+229 86 99 21 17,auditnikki@auditnikki.bj,,TPE (<10),B2B,CCIB Annuaire,,Actif,2026-06-29T00:22:55.074918,moyenne
BJ-D63F59CD,Agence Norme,Services aux entreprises,Nikki,+229 96 18 82 48,agencenorme@yahoo.com,agencenorme.bj,PME (50-200),B2B,CCIB Annuaire,,Actif,2026-06-29T00:22:55.074938,haute
BJ-C95B551F,Audit Expert Africa,Services aux entreprises,Nikki,+229 57 10 95 50,auditexpert@auditexpertafri.com.bj,,PME (10-50),B2B,CCIB Annuaire,,Actif,2026-06-29T00:22:55.074955,moyenne
BJ-51F255A9,Solutions Comptable International,Services aux entreprises,Nikki,+229 93 57 50 46,solutions.comptable@solutionscompta.bj,solutionscomptableinternational.bj,PME (50-200),B2B,CCIB Annuaire,,Actif,2026-06-29T00:22:55.074972,haute
BJ-D434E3DF,Chasse Bembéréké,Services aux entreprises,Bembéréké,+229 55 77 78 79,chassebembéréké@outlook.com,chassebembéréké.bj,TPE (<10),B2B,CCIB Annuaire,,Actif,2026-06-29T00:22:55.074998,haute
BJ-B7661F79,Norme Bembéréké,Services aux entreprises,Bembéréké,+229 90 64 60 79,norme.bembéréké@normebembéréké.bj,,TPE (<10),B2B,CCIB Annuaire,,Actif,2026-06-29T00:22:55.075016,moyenne
BJ-91192C40,Cabinet Juridique Advisory,Services aux entreprises,Bembéréké,+229 64 10 78 96,cabinet.juridique@cabinetjuridiqu.com.bj,,TPE (<10),B2B,CCIB Annuaire,,Actif,2026-06-29T00:22:55.075040,moyenne
BJ-1D701186,Ménage Bembéréké,Services aux entreprises,Bembéréké,+229 24 15 34 11,m.bembéréké@ménagebembéréké.com.bj,ménagebembéréké.bj,TPE (<10),B2B,CCIB Annuaire,,Actif,2026-06-29T00:22:55.075059,haute
BJ-A7E92CA9,Cabinet Label Bureau Bembéréké,Services aux entreprises,Bembéréké,+229 71 25 34 70,cabinet_label@hotmail.com,cabinetlabelbureaubembéréké.bj,PME (50-200),B2B,CCIB Annuaire,,Actif,2026-06-29T00:22:55.075078,haute
BJ-3AACF2B6,Agence RH Bénin,Services aux entreprises,Kalalé,+229 63 72 93 96,agence.bénin@gmail.com,agencerhbénin.bj,TPE (<10),B2B,CCIB Annuaire,,Actif,2026-06-29T00:22:55.075102,haute
BJ-2DCAE254,Agence Management,Services aux entreprises,Kalalé,+229 90 11 52 29,agence.management@agencemanagemen.org.bj,agencemanagement.bj,TPE (<10),B2B,CCIB Annuaire,,Actif,2026-06-29T00:22:55.075119,haute
BJ-5BA10F02,Agence Expert International,Services aux entreprises,Kalalé,+229 70 51 33 64,a.expert@outlook.com,agenceexpertinternational.bj,TPE (<10),B2B,CCIB Annuaire,,Actif,2026-06-29T00:22:55.075135,haute
BJ-6FBD1636,Solutions Événement Partners,Services aux entreprises,Kalalé,+229 30 36 22 18,solutions.événement@yahoo.com,solutionsévénementpartners.bj,TPE (<10),B2B,CCIB Annuaire,,Actif,2026-06-29T00:22:55.075172,haute
BJ-AB9E96A7,Comptable International,Services aux entreprises,Ndali,+229 89 52 11 68,comptable.international@comptableintern.com.bj,comptableinternational.bj,PME (10-50),B2B,CCIB Annuaire,,Actif,2026-06-29T00:22:55.075196,haute
BJ-F3FEC230,Bureau Performance,Services aux entreprises,Ndali,+229 47 90 11 63,bureauperformance@bureauperforman.bj,bureauperformance.bj,PME (10-50),B2B,CCIB Annuaire,,Actif,2026-06-29T00:22:55.075213,haute
BJ-60E8F89D,Solutions Juridique Solutions Ndali,Services aux entreprises,Ndali,+229 53 41 65 72,s.juridique@solutionsjuridi.org.bj,solutionsjuridiquesolutionsndali.bj,TPE (<10),B2B,CCIB Annuaire,,Actif,2026-06-29T00:22:55.075233,haute
BJ-FCA6E68C,Audit Intérim Consulting,Services aux entreprises,Ndali,+229 67 80 85 46,audit.intérim@gmail.com,auditintérimconsulting.bj,Grande (>200),B2B,CCIB Annuaire,,Actif,2026-06-29T00:22:55.075253,haute
BJ-FC4633E0,Partners Salarial International,Services aux entreprises,Ndali,+229 69 93 12 20,,partnerssalarialinternational.bj,TPE (<10),B2B,CCIB Annuaire,,Actif,2026-06-29T00:22:55.075269,moyenne
BJ-A7892439,Marketing Bureau,Services aux entreprises,Ségbana,+229 41 26 67 47,marketingbureau@gmail.com,marketingbureau.bj,TPE (<10),B2B,CCIB Annuaire,,Actif,2026-06-29T00:22:55.075384,haute
BJ-1ADA04FE,Bureau Juridique,Services aux entreprises,Ségbana,+229 35 62 79 50,b.juridique@bureaujuridique.bj,bureaujuridique.bj,PME (50-200),B2B,CCIB Annuaire,,Actif,2026-06-29T00:22:55.075436,haute
BJ-59AF0BAE,Audit Freelance Partners,Services aux entreprises,Ségbana,+229 97 68 77 30,audit.freelance@auditfreelancep.bj,auditfreelancepartners.bj,Grande (>200),B2B,CCIB Annuaire,,Actif,2026-06-29T00:22:55.075497,haute
BJ-12DDE861,Communication Consulting,Services aux entreprises,Tchaourou,+229 89 50 19 36,,communicationconsulting.bj,TPE (<10),B2B,CCIB Annuaire,,Actif,2026-06-29T00:22:55.075549,moyenne
BJ-59706123,Solutions Publiques,Services aux entreprises,Tchaourou,+229 90 14 73 18,solutionspubliques@solutionspubliq.com.bj,solutionspubliques.bj,PME (10-50),B2B,CCIB Annuaire,,Actif,2026-06-29T00:22:55.075586,haute
BJ-542074D4,Consulting Publicité Cabinet Tchaourou,Services aux entreprises,Tchaourou,+229 76 61 71 92,consultingpublicité@consultingpubli.bj,consultingpublicitécabinettchaourou.bj,TPE (<10),B2B,CCIB Annuaire,,Actif,2026-06-29T00:22:55.075637,haute
BJ-792885DA,Cabinet Conseil,Services aux entreprises,Tchaourou,+229 26 10 14 36,cabinetconseil@cabinetconseil.bj,cabinetconseil.bj,PME (10-50),B2B,CCIB Annuaire,,Actif,2026-06-29T00:22:55.075681,haute
BJ-CB5CC5FC,Solutions Organisation Services Tchaourou,Services aux entreprises,Tchaourou,+229 51 93 63 47,,solutionsorganisationservicestchaourou.bj,TPE (<10),B2B,CCIB Annuaire,,Actif,2026-06-29T00:22:55.075712,moyenne
BJ-979C426A,Publiques,Services aux entreprises,Bétérou,+229 33 32 61 22,publiques@gmail.com,publiques.bj,Grande (>200),B2B,CCIB Annuaire,,Actif,2026-06-29T00:22:55.075760,haute
BJ-5C8E12CC,Consulting Protection Solutions,Services aux entreprises,Bétérou,+229 85 25 29 37,consultingprotection@yahoo.fr,consultingprotectionsolutions.bj,PME (50-200),B2B,CCIB Annuaire,,Actif,2026-06-29T00:22:55.075796,haute
BJ-84E1A2B6,Conseil Relations Bureau Bétérou,Services aux entreprises,Bétérou,+229 54 17 51 78,conseil.relations@conseilrelation.bj,conseilrelationsbureaubétérou.bj,PME (10-50),B2B,CCIB Annuaire,,Actif,2026-06-29T00:22:55.075836,haute
BJ-6EA68B00,Solutions Digital,Services aux entreprises,Bétérou,+229 68 72 49 96,solutions.digital@solutionsdigita.bj,solutionsdigital.bj,PME (10-50),B2B,CCIB Annuaire,,Actif,2026-06-29T00:22:55.075875,haute
BJ-5AD4DD66,Solutions Sécurité Ouessè,Services aux entreprises,Ouessè,+229 23 26 71 67,solutionssécurité@yahoo.com,,PME (50-200),B2B,CCIB Annuaire,,Actif,2026-06-29T00:22:55.075980,moyenne
BJ-FA663C39,Réputation,Services aux entreprises,Ouessè,+229 87 65 60 96,,réputation.bj,TPE (<10),B2B,CCIB Annuaire,,Actif,2026-06-29T00:22:55.076012,moyenne
BJ-E9C9EEE8,Inspection,Services aux entreprises,Ouessè,+229 50 52 12 93,inspection@hotmail.com,inspection.bj,TPE (<10),B2B,CCIB Annuaire,,Actif,2026-06-29T00:22:55.076059,haute
BJ-74292F86,Accréditation Partners,Services aux entreprises,Ouessè,+229 59 53 82 98,accréditationpartners@outlook.com,accréditationpartners.bj,Grande (>200),B2B,CCIB Annuaire,,Actif,2026-06-29T00:22:55.076099,haute
BJ-D136B52E,Partners Salarial Africa Ouessè,Services aux entreprises,Ouessè,+229 77 51 89 96,partners.salarial@partnerssalaria.bj,,TPE (<10),B2B,CCIB Annuaire,,Actif,2026-06-29T00:22:55.076145,moyenne
BJ-0CBF51B5,Conseil Management,Services aux entreprises,Glazoué,+229 81 36 36 23,conseil.management@outlook.com,conseilmanagement.bj,PME (10-50),B2B,CCIB Annuaire,,Actif,2026-06-29T00:22:55.076211,haute
BJ-3FB343AB,Expert Tête,Services aux entreprises,Glazoué,+229 62 77 46 73,,,TPE (<10),B2B,CCIB Annuaire,,Actif,2026-06-29T00:22:55.076241,basse
BJ-B592A349,Expert Presse,Services aux entreprises,Glazoué,+229 61 19 37 33,expert.presse@yahoo.fr,expertpresse.bj,TPE (<10),B2B,CCIB Annuaire,,Actif,2026-06-29T00:22:55.076277,haute
BJ-72C35CB4,Cabinet Réputation,Services aux entreprises,Glazoué,+229 73 31 86 80,c.réputation@cabinetréputati.org.bj,cabinetréputation.bj,PME (50-200),B2B,CCIB Annuaire,,Actif,2026-06-29T00:22:55.076322,haute
BJ-C41BC19C,Partners Formation Bureau,Services aux entreprises,Glazoué,+229 25 68 60 66,partners.formation@partnersformati.bj,partnersformationbureau.bj,PME (50-200),B2B,CCIB Annuaire,,Actif,2026-06-29T00:22:55.076359,haute
BJ-2310E574,Expert Transformation,Services aux entreprises,Dassa-Zoumè,+229 37 66 67 95,e.transformation@gmail.com,experttransformation.bj,PME (10-50),B2B,CCIB Annuaire,,Actif,2026-06-29T00:22:55.076412,haute
BJ-FFCD9DE7,Cabinet Sécurité,Services aux entreprises,Dassa-Zoumè,+229 46 73 42 84,cabinet_sécurité@yahoo.com,,TPE (<10),B2B,CCIB Annuaire,,Actif,2026-06-29T00:22:55.076481,moyenne
BJ-4F3932A5,Partners Communication,Services aux entreprises,Dassa-Zoumè,+229 70 71 95 44,,partnerscommunication.bj,PME (10-50),B2B,CCIB Annuaire,,Actif,2026-06-29T00:22:55.076510,moyenne
BJ-D5373C94,Audit CDD,Services aux entreprises,Dassa-Zoumè,+229 92 89 83 51,audit.cdd@auditcdd.org.bj,auditcdd.bj,PME (10-50),B2B,CCIB Annuaire,,Actif,2026-06-29T00:22:55.076549,haute
BJ-0CA25EA6,Publiques,Services aux entreprises,Savalou,+229 73 33 20 48,publiques@yahoo.com,publiques.bj,PME (10-50),B2B,CCIB Annuaire,,Actif,2026-06-29T00:22:55.076594,haute
BJ-E0F52270,Partners Réputation,Services aux entreprises,Savalou,+229 43 19 20 69,p.réputation@partnersréputat.org.bj,partnersréputation.bj,PME (50-200),B2B,CCIB Annuaire,,Actif,2026-06-29T00:22:55.076632,haute
BJ-5DDCFCCC,Conseil Africa,Services aux entreprises,Savalou,+229 39 63 38 65,,conseilafrica.bj,TPE (<10),B2B,CCIB Annuaire,,Actif,2026-06-29T00:22:55.076660,moyenne
BJ-A93FFBA3,Partners Publiques,Services aux entreprises,Savalou,+229 30 94 97 65,partnerspubliques@yahoo.fr,partnerspubliques.bj,TPE (<10),B2B,CCIB Annuaire,,Actif,2026-06-29T00:22:55.076705,haute
BJ-F19155B5,Organisation,Services aux entreprises,Bantè,+229 53 71 28 12,organisation@hotmail.com,organisation.bj,TPE (<10),B2B,CCIB Annuaire,,Actif,2026-06-29T00:22:55.076784,haute
BJ-2B4FE85C,Excellence,Services aux entreprises,Bantè,+229 98 19 85 99,excellence@excellence.bj,excellence.bj,Grande (>200),B2B,CCIB Annuaire,,Actif,2026-06-29T00:22:55.076814,haute
BJ-DAE246FD,Expert,Services aux entreprises,Bantè,+229 59 81 44 54,expert@expert.com.bj,expert.bj,PME (10-50),B2B,CCIB Annuaire,,Actif,2026-06-29T00:22:55.076861,haute
BJ-77E33B2B,Business Bantè,Services aux entreprises,Bantè,+229 80 54 24 82,business.bantè@businessbantè.bj,,TPE (<10),B2B,CCIB Annuaire,,Actif,2026-06-29T00:22:55.076943,moyenne
BJ-7F471F98,Audit Événementiel Bantè,Services aux entreprises,Bantè,+229 33 56 36 86,audit.événementiel@hotmail.com,auditévénementielbantè.bj,TPE (<10),B2B,CCIB Annuaire,,Actif,2026-06-29T00:22:55.076984,haute
BJ-526A0426,Relations Solutions,Services aux entreprises,Djougou,+229 64 55 17 35,r.solutions@relationssoluti.com.bj,relationssolutions.bj,TPE (<10),B2B,CCIB Annuaire,,Actif,2026-06-29T00:22:55.077037,haute
BJ-98033D6C,Bureau Surveillance Africa Djougou,Services aux entreprises,Djougou,+229 35 46 30 72,bureau.surveillance@hotmail.com,bureausurveillanceafricadjougou.bj,TPE (<10),B2B,CCIB Annuaire,,Actif,2026-06-29T00:22:55.077076,haute
BJ-B0DD06E6,Agence Qualité Djougou,Services aux entreprises,Djougou,+229 61 35 84 36,agence.qualité@yahoo.fr,,PME (50-200),B2B,CCIB Annuaire,,Actif,2026-06-29T00:22:55.077115,moyenne
BJ-A770EFBF,Inspection,Services aux entreprises,Djougou,+229 36 42 54 64,inspection@inspection.com.bj,inspection.bj,TPE (<10),B2B,CCIB Annuaire,,Actif,2026-06-29T00:22:55.077152,haute
BJ-25A332A2,Gardiennage,Services aux entreprises,Djougou,+229 84 42 79 44,gardiennage@gardiennage.org.bj,gardiennage.bj,TPE (<10),B2B,CCIB Annuaire,,Actif,2026-06-29T00:22:55.077186,haute
BJ-BE569F78,Agence Marketing,Services aux entreprises,Ouèssè,+229 52 17 42 14,a.marketing@yahoo.com,agencemarketing.bj,TPE (<10),B2B,CCIB Annuaire,,Actif,2026-06-29T00:22:55.077281,haute
BJ-A69A0F9D,Audit Salarial,Services aux entreprises,Ouèssè,+229 64 57 63 53,a.salarial@auditsalarial.bj,,PME (50-200),B2B,CCIB Annuaire,,Actif,2026-06-29T00:22:55.077334,moyenne
BJ-A3E766DF,Agence Communication,Services aux entreprises,Ouèssè,+229 50 92 27 31,,,PME (10-50),B2B,CCIB Annuaire,,Actif,2026-06-29T00:22:55.077373,basse
BJ-C67CFEE5,Sécurité Services,Services aux entreprises,Ouèssè,+229 55 77 95 18,sécurité.services@yahoo.fr,,PME (50-200),B2B,CCIB Annuaire,,Actif,2026-06-29T00:22:55.077440,moyenne
BJ-557CB58B,Sécurité Bureau,Services aux entreprises,Bassila,+229 21 92 93 33,sécuritébureau@sécuritébureau.org.bj,sécuritébureau.bj,PME (50-200),B2B,CCIB Annuaire,,Actif,2026-06-29T00:22:55.077564,haute
BJ-42BA4595,Conseil Organisation,Services aux entreprises,Bassila,+229 38 63 57 79,conseil.organisation@hotmail.com,conseilorganisation.bj,TPE (<10),B2B,CCIB Annuaire,,Actif,2026-06-29T00:22:55.077621,haute
BJ-7FD19A9E,Label,Services aux entreprises,Bassila,+229 74 30 82 37,label@label.com.bj,label.bj,PME (10-50),B2B,CCIB Annuaire,,Actif,2026-06-29T00:22:55.077664,haute
BJ-864AF5D6,Tête,Services aux entreprises,Bassila,+229 90 87 90 64,tête@tête.org.bj,tête.bj,Grande (>200),B2B,CCIB Annuaire,,Actif,2026-06-29T00:22:55.077744,haute
BJ-10B047E2,Vérification,Services aux entreprises,Bassila,+229 62 85 91 81,vérification@outlook.com,,TPE (<10),B2B,CCIB Annuaire,,Actif,2026-06-29T00:22:55.077795,moyenne
BJ-7A8BF91E,Audit Portage,Services aux entreprises,Pehunco,+229 88 79 13 29,audit.portage@gmail.com,auditportage.bj,PME (10-50),B2B,CCIB Annuaire,,Actif,2026-06-29T00:22:55.077875,haute
BJ-5E3BACE9,Image,Services aux entreprises,Pehunco,+229 48 88 79 85,image@outlook.com,image.bj,PME (50-200),B2B,CCIB Annuaire,,Actif,2026-06-29T00:22:55.077930,haute
BJ-DCAD9247,Publiques Africa,Services aux entreprises,Pehunco,+229 64 89 81 25,publiques.africa@yahoo.com,,PME (10-50),B2B,CCIB Annuaire,,Actif,2026-06-29T00:22:55.077978,moyenne
BJ-E1228C57,Conseil Excellence,Services aux entreprises,Pehunco,+229 31 30 59 80,c.excellence@conseilexcellen.bj,conseilexcellence.bj,TPE (<10),B2B,CCIB Annuaire,,Actif,2026-06-29T00:22:55.078015,haute
BJ-A316237B,Expert Excellence,Services aux entreprises,Pehunco,+229 64 92 75 77,expert.excellence@expertexcellenc.bj,expertexcellence.bj,Grande (>200),B2B,CCIB Annuaire,,Actif,2026-06-29T00:22:55.078050,haute
BJ-204B3045,Comptable Services,Services aux entreprises,Copargo,+229 43 12 59 71,comptable.services@comptableservic.org.bj,comptableservices.bj,Grande (>200),B2B,CCIB Annuaire,,Actif,2026-06-29T00:22:55.078108,haute
BJ-9AF1A8D2,Image,Services aux entreprises,Copargo,+229 96 92 62 24,,image.bj,PME (10-50),B2B,CCIB Annuaire,,Actif,2026-06-29T00:22:55.078135,moyenne
BJ-AE38E127,Agence Nettoyage Advisory,Services aux entreprises,Copargo,+229 78 45 68 77,agence.nettoyage@yahoo.fr,agencenettoyageadvisory.bj,PME (10-50),B2B,CCIB Annuaire,,Actif,2026-06-29T00:22:55.078173,haute
BJ-E636F5E6,Chasse,Services aux entreprises,Copargo,+229 67 61 76 42,chasse@chasse.org.bj,chasse.bj,TPE (<10),B2B,CCIB Annuaire,,Actif,2026-06-29T00:22:55.078256,haute
BJ-1E028C21,Nappe Power Cotonou,Énergie & Environnement,Cotonou,+229 55 45 43 76,n.power@outlook.com,nappepowercotonou.bj,TPE (<10),B2B,CCIB Annuaire,,Actif,2026-06-29T00:22:55.078309,haute
BJ-C9114708,Éolien Hydraulique Clean,Énergie & Environnement,Cotonou,+229 85 17 61 81,éolienhydraulique@éolienhydrauliq.com.bj,éolienhydrauliqueclean.bj,PME (10-50),B2B,CCIB Annuaire,,Actif,2026-06-29T00:22:55.078353,haute
BJ-DC8F085C,Solar Tri Africa,Énergie & Environnement,Cotonou,+229 61 79 97 60,solartri@solartriafrica.org.bj,,PME (10-50),B2C,CCIB Annuaire,,Actif,2026-06-29T00:22:55.078398,moyenne
BJ-6CB825E5,Nature Purification,Énergie & Environnement,Cotonou,+229 20 48 10 41,n.purification@naturepurificat.org.bj,naturepurification.bj,PME (10-50),B2C,CCIB Annuaire,,Actif,2026-06-29T00:22:55.078436,haute
BJ-ED19F8E2,Onduleur Solar,Énergie & Environnement,Cotonou,+229 66 34 57 50,,onduleursolar.bj,TPE (<10),B2B,CCIB Annuaire,,Actif,2026-06-29T00:22:55.078464,moyenne
BJ-C7C8BAE3,Offgrid Energy Abomey-Calavi,Énergie & Environnement,Abomey-Calavi,+229 25 49 10 70,offgridenergy@yahoo.fr,offgridenergyabomeycalavi.bj,TPE (<10),B2C,CCIB Annuaire,,Actif,2026-06-29T00:22:55.078521,haute
BJ-5B979410,Environnement Recyclage Power,Énergie & Environnement,Abomey-Calavi,+229 47 82 79 79,,environnementrecyclagepower.bj,TPE (<10),B2C,CCIB Annuaire,,Actif,2026-06-29T00:22:55.078549,moyenne
BJ-BB91A99B,Géothermie Energy,Énergie & Environnement,Abomey-Calavi,+229 78 41 39 47,géothermie.energy@géothermieenerg.org.bj,géothermieenergy.bj,TPE (<10),B2C,CCIB Annuaire,,Actif,2026-06-29T00:22:55.078624,haute
BJ-04694089,Renouvelable SARL,Énergie & Environnement,Abomey-Calavi,+229 93 14 78 47,renouvelablesarl@gmail.com,renouvelablesarl.bj,Grande (>200),B2B,CCIB Annuaire,,Actif,2026-06-29T00:22:55.078660,haute
BJ-7CF17EAD,Eau Tri,Énergie & Environnement,Abomey-Calavi,+229 90 33 41 63,e.tri@outlook.com,eautri.bj,TPE (<10),B2B,CCIB Annuaire,,Actif,2026-06-29T00:22:55.078694,haute
BJ-D43FB61E,Microgrid Water Porto-Novo,Énergie & Environnement,Porto-Novo,+229 44 68 27 86,microgrid.water@yahoo.fr,microgridwaterportonovo.bj,TPE (<10),B2B,CCIB Annuaire,,Actif,2026-06-29T00:22:55.078746,haute
BJ-62D263B1,Nature Offgrid Solar Porto-Novo,Énergie & Environnement,Porto-Novo,+229 22 24 59 53,,natureoffgridsolarportonovo.bj,TPE (<10),B2B,CCIB Annuaire,,Actif,2026-06-29T00:22:55.078773,moyenne
BJ-FD04682A,Énergie Durable Africa,Énergie & Environnement,Porto-Novo,+229 34 16 32 44,énergie.durable@énergiedurablea.com.bj,énergiedurableafrica.bj,Grande (>200),B2B,CCIB Annuaire,,Actif,2026-06-29T00:22:55.078821,haute
BJ-47A64BEF,Agriculture,Énergie & Environnement,Porto-Novo,+229 59 14 16 88,agriculture@hotmail.com,agriculture.bj,TPE (<10),B2B,CCIB Annuaire,,Actif,2026-06-29T00:22:55.078862,haute
BJ-915AE4AD,Panneau Bénin,Énergie & Environnement,Parakou,+229 75 97 56 23,p.bénin@yahoo.com,panneaubénin.bj,TPE (<10),B2C,CCIB Annuaire,,Actif,2026-06-29T00:22:55.078990,haute
BJ-FDD02D3E,Assainissement Africa,Énergie & Environnement,Parakou,+229 88 65 44 80,,assainissementafrica.bj,TPE (<10),B2B,CCIB Annuaire,,Actif,2026-06-29T00:22:55.079025,moyenne
BJ-F8D0B3F5,Énergie Batterie Clean,Énergie & Environnement,Parakou,+229 67 83 39 56,énergie_batterie@énergiebatterie.bj,énergiebatterieclean.bj,PME (50-200),B2B,CCIB Annuaire,,Actif,2026-06-29T00:22:55.079058,haute
BJ-0344EF16,Power Clean Solar,Énergie & Environnement,Parakou,+229 37 11 84 29,p.clean@hotmail.com,powercleansolar.bj,PME (50-200),B2B,CCIB Annuaire,,Actif,2026-06-29T00:22:55.079085,haute
BJ-4C65787C,Assainissement Green Parakou,Énergie & Environnement,Parakou,+229 33 58 48 27,assainissement.green@assainissementg.bj,assainissementgreenparakou.bj,Grande (>200),B2C,CCIB Annuaire,,Actif,2026-06-29T00:22:55.079116,haute
BJ-0DEC1812,Power Écologie Power,Énergie & Environnement,Bohicon,+229 21 69 17 80,,,PME (10-50),B2B,CCIB Annuaire,,Actif,2026-06-29T00:22:55.079157,basse
BJ-F4EC376E,Panneau,Énergie & Environnement,Bohicon,+229 48 69 97 57,panneau@panneau.org.bj,panneau.bj,TPE (<10),B2B,CCIB Annuaire,,Actif,2026-06-29T00:22:55.079190,haute
BJ-7E16CAC6,Solar Offgrid Bénin Bohicon,Énergie & Environnement,Bohicon,+229 67 78 58 16,solaroffgrid@solaroffgridbén.org.bj,solaroffgridbéninbohicon.bj,PME (10-50),B2B,CCIB Annuaire,,Actif,2026-06-29T00:22:55.079260,haute
BJ-5E180B7F,Bio Valorisation Power,Énergie & Environnement,Bohicon,+229 46 80 48 57,bio.valorisation@biovalorisation.bj,biovalorisationpower.bj,Grande (>200),B2B,CCIB Annuaire,,Actif,2026-06-29T00:22:55.079308,haute
BJ-4F48BE73,Recyclage Africa,Énergie & Environnement,Bohicon,+229 73 97 62 25,recyclage.africa@recyclageafrica.bj,,TPE (<10),B2C,CCIB Annuaire,,Actif,2026-06-29T00:22:55.079343,moyenne
BJ-3D6F305D,Power Adduction,Énergie & Environnement,Natitingou,+229 87 87 83 28,power.adduction@yahoo.fr,poweradduction.bj,TPE (<10),B2B,CCIB Annuaire,,Actif,2026-06-29T00:22:55.079397,haute
BJ-DF56F378,Vert Biomasse Natitingou,Énergie & Environnement,Natitingou,+229 83 46 52 37,,vertbiomassenatitingou.bj,TPE (<10),B2B,CCIB Annuaire,,Actif,2026-06-29T00:22:55.079419,moyenne
BJ-0833C7DB,Smart,Énergie & Environnement,Natitingou,+229 39 40 58 22,smart@yahoo.com,smart.bj,Grande (>200),B2B,CCIB Annuaire,,Actif,2026-06-29T00:22:55.079463,haute
BJ-F7E47BF3,Stockage Water,Énergie & Environnement,Natitingou,+229 76 70 43 89,s.water@outlook.com,,PME (10-50),B2B,CCIB Annuaire,,Actif,2026-06-29T00:22:55.079492,moyenne
BJ-856404DF,Éolien Énergie,Énergie & Environnement,Natitingou,+229 23 79 48 46,é.énergie@éolienénergie.bj,éolienénergie.bj,TPE (<10),B2C,CCIB Annuaire,,Actif,2026-06-29T00:22:55.079531,haute
BJ-6C46FC10,Eco Potable,Énergie & Environnement,Lokossa,+229 39 21 25 73,ecopotable@yahoo.fr,ecopotable.bj,PME (50-200),B2B,CCIB Annuaire,,Actif,2026-06-29T00:22:55.079572,haute
BJ-41626AA4,Eco Énergie SARL,Énergie & Environnement,Lokossa,+229 78 43 32 93,eco.énergie@yahoo.fr,,TPE (<10),B2C,CCIB Annuaire,,Actif,2026-06-29T00:22:55.079600,moyenne
BJ-EE3837F1,Offgrid,Énergie & Environnement,Lokossa,+229 74 37 90 93,,offgrid.bj,TPE (<10),B2C,CCIB Annuaire,,Actif,2026-06-29T00:22:55.079627,moyenne
BJ-CA63F78B,Eco Assainissement Lokossa,Énergie & Environnement,Lokossa,+229 38 23 69 56,ecoassainissement@ecoassainisseme.bj,,TPE (<10),B2C,CCIB Annuaire,,Actif,2026-06-29T00:22:55.079658,moyenne
BJ-91B7A85A,Grid,Énergie & Environnement,Lokossa,+229 36 61 30 93,,grid.bj,TPE (<10),B2C,CCIB Annuaire,,Actif,2026-06-29T00:22:55.079680,moyenne
BJ-14575661,Stockage,Énergie & Environnement,Ouidah,+229 53 96 85 20,stockage@outlook.com,stockage.bj,PME (10-50),B2B,CCIB Annuaire,,Actif,2026-06-29T00:22:55.079717,haute
BJ-9FAA8906,Hydroélectricité,Énergie & Environnement,Ouidah,+229 23 39 83 10,,,TPE (<10),B2B,CCIB Annuaire,,Actif,2026-06-29T00:22:55.079741,basse
BJ-D53FB78E,Filtration Environment,Énergie & Environnement,Ouidah,+229 55 98 64 42,filtrationenvironment@outlook.com,filtrationenvironment.bj,TPE (<10),B2B,CCIB Annuaire,,Actif,2026-06-29T00:22:55.079768,haute
BJ-CB3690B4,Purification Power,Énergie & Environnement,Ouidah,+229 74 85 98 84,purificationpower@yahoo.fr,purificationpower.bj,PME (50-200),B2C,CCIB Annuaire,,Actif,2026-06-29T00:22:55.079792,haute
BJ-21A48638,Forage,Énergie & Environnement,Ouidah,+229 69 45 15 94,forage@outlook.com,forage.bj,TPE (<10),B2C,CCIB Annuaire,,Actif,2026-06-29T00:22:55.079813,haute
BJ-B2455368,Purification SARL,Énergie & Environnement,Savalou,+229 91 66 74 96,purificationsarl@purificationsar.org.bj,purificationsarl.bj,Grande (>200),B2B,CCIB Annuaire,,Actif,2026-06-29T00:22:55.079859,haute
BJ-4C73E0FC,Nappe,Énergie & Environnement,Savalou,+229 54 43 76 57,nappe@yahoo.fr,,PME (50-200),B2C,CCIB Annuaire,,Actif,2026-06-29T00:22:55.079946,moyenne
BJ-77B4A580,Eco Filtration Savalou,Énergie & Environnement,Savalou,+229 74 93 40 47,eco_filtration@ecofiltrationsa.org.bj,ecofiltrationsavalou.bj,TPE (<10),B2C,CCIB Annuaire,,Actif,2026-06-29T00:22:55.079989,haute
BJ-0B9E57C0,Valorisation,Énergie & Environnement,Savalou,+229 96 57 64 29,,,TPE (<10),B2B,CCIB Annuaire,,Actif,2026-06-29T00:22:55.080019,basse
BJ-65CA1D0D,Nappe Water,Énergie & Environnement,Dassa-Zoumè,+229 43 90 12 90,nappe_water@nappewater.bj,nappewater.bj,PME (10-50),B2C,CCIB Annuaire,,Actif,2026-06-29T00:22:55.080084,haute
BJ-B1EC13A9,Solar Écologie SARL,Énergie & Environnement,Dassa-Zoumè,+229 34 84 81 91,solarécologie@solarécologiesa.com.bj,,TPE (<10),B2B,CCIB Annuaire,,Actif,2026-06-29T00:22:55.080129,moyenne
BJ-FD8C562C,Forage Bénin,Énergie & Environnement,Dassa-Zoumè,+229 53 69 20 83,,,PME (10-50),B2B,CCIB Annuaire,,Actif,2026-06-29T00:22:55.080150,basse
BJ-E5DF0AF7,Énergie Puits,Énergie & Environnement,Dassa-Zoumè,+229 42 90 53 89,é.puits@énergiepuits.bj,énergiepuits.bj,TPE (<10),B2B,CCIB Annuaire,,Actif,2026-06-29T00:22:55.080188,haute
BJ-634F10CC,Pompage Dassa-Zoumè,Énergie & Environnement,Dassa-Zoumè,+229 38 59 32 74,pompage.dassa@outlook.com,pompagedassazoumè.bj,PME (10-50),B2C,CCIB Annuaire,,Actif,2026-06-29T00:22:55.080219,haute
BJ-4F4B989C,Déchets Eco Kétou,Énergie & Environnement,Kétou,+229 89 51 31 95,d.eco@gmail.com,déchetsecokétou.bj,Grande (>200),B2C,CCIB Annuaire,,Actif,2026-06-29T00:22:55.080269,haute
BJ-A5F8F1A9,Renouvelable Clean,Énergie & Environnement,Kétou,+229 38 84 47 53,renouvelableclean@renouvelablecle.bj,renouvelableclean.bj,Grande (>200),B2C,CCIB Annuaire,,Actif,2026-06-29T00:22:55.080303,haute
BJ-332F9B2F,Clean Écologie,Énergie & Environnement,Kétou,+229 86 67 78 72,clean_écologie@gmail.com,cleanécologie.bj,PME (50-200),B2C,CCIB Annuaire,,Actif,2026-06-29T00:22:55.080376,haute
BJ-AA0D9B18,Nature Forage Water,Énergie & Environnement,Kétou,+229 91 92 74 82,natureforage@gmail.com,natureforagewater.bj,TPE (<10),B2B,CCIB Annuaire,,Actif,2026-06-29T00:22:55.080426,haute
BJ-86DD546D,Énergie,Énergie & Environnement,Kétou,+229 44 24 90 31,énergie@outlook.com,,TPE (<10),B2C,CCIB Annuaire,,Actif,2026-06-29T00:22:55.080459,moyenne
BJ-0AF43651,Énergie Tri,Énergie & Environnement,Covè,+229 44 60 60 42,,énergietri.bj,TPE (<10),B2B,CCIB Annuaire,,Actif,2026-06-29T00:22:55.080505,moyenne
BJ-8FD1E3B9,Eau Clean Covè,Énergie & Environnement,Covè,+229 62 80 74 64,e.clean@yahoo.fr,eaucleancovè.bj,Grande (>200),B2C,CCIB Annuaire,,Actif,2026-06-29T00:22:55.080542,haute
BJ-F407A10F,Power Biogaz Energy,Énergie & Environnement,Covè,+229 69 47 28 96,powerbiogaz@hotmail.com,powerbiogazenergy.bj,TPE (<10),B2C,CCIB Annuaire,,Actif,2026-06-29T00:22:55.080583,haute
BJ-198FDCEA,Énergie Puits,Énergie & Environnement,Covè,+229 79 84 63 49,énergie.puits@énergiepuits.bj,énergiepuits.bj,PME (50-200),B2C,CCIB Annuaire,,Actif,2026-06-29T00:22:55.080621,haute
BJ-2EEEF254,Énergie Adduction Water,Énergie & Environnement,Covè,+229 44 32 75 46,é.adduction@énergieadductio.org.bj,énergieadductionwater.bj,PME (50-200),B2B,CCIB Annuaire,,Actif,2026-06-29T00:22:55.080660,haute
BJ-2BDC3CBC,Power Énergie Africa,Énergie & Environnement,Pobè,+229 94 67 66 95,,powerénergieafrica.bj,PME (50-200),B2B,CCIB Annuaire,,Actif,2026-06-29T00:22:55.080699,moyenne
BJ-6283D3A9,Vert Photovoltaïque Bénin,Énergie & Environnement,Pobè,+229 95 96 70 45,v.photovoltaïque@vertphotovoltaï.bj,vertphotovoltaïquebénin.bj,PME (10-50),B2B,CCIB Annuaire,,Actif,2026-06-29T00:22:55.080741,haute
BJ-735548D7,Eau Tri,Énergie & Environnement,Pobè,+229 53 70 74 19,eau.tri@eautri.com.bj,,TPE (<10),B2B,CCIB Annuaire,,Actif,2026-06-29T00:22:55.080780,moyenne
BJ-D381ABE0,Environnement Onduleur SARL,Énergie & Environnement,Pobè,+229 53 99 11 99,e.onduleur@yahoo.fr,,PME (10-50),B2B,CCIB Annuaire,,Actif,2026-06-29T00:22:55.080814,moyenne
BJ-00B64B33,Désinfection,Énergie & Environnement,Pobè,+229 37 97 62 75,désinfection@outlook.com,désinfection.bj,TPE (<10),B2C,CCIB Annuaire,,Actif,2026-06-29T00:22:55.080846,haute
BJ-95E0809A,Onduleur Eco,Énergie & Environnement,Sakété,+229 51 78 79 39,o.eco@onduleureco.org.bj,onduleureco.bj,PME (50-200),B2C,CCIB Annuaire,,Actif,2026-06-29T00:22:55.080907,haute
BJ-CD3E092A,Grid Water,Énergie & Environnement,Sakété,+229 36 70 66 81,gridwater@gridwater.com.bj,gridwater.bj,PME (10-50),B2B,CCIB Annuaire,,Actif,2026-06-29T00:22:55.080942,haute
BJ-1C90EBDC,Eau Photovoltaïque,Énergie & Environnement,Sakété,+229 61 57 75 69,eau.photovoltaïque@eauphotovoltaïq.bj,eauphotovoltaïque.bj,PME (50-200),B2C,CCIB Annuaire,,Actif,2026-06-29T00:22:55.080964,haute
BJ-D4000258,Adduction Water,Énergie & Environnement,Sakété,+229 26 83 38 92,adduction.water@yahoo.com,adductionwater.bj,Grande (>200),B2C,CCIB Annuaire,,Actif,2026-06-29T00:22:55.080982,haute
BJ-EC7FE7C4,Énergie Batterie Eco,Énergie & Environnement,Sakété,+229 57 55 10 47,énergie.batterie@hotmail.com,,TPE (<10),B2C,CCIB Annuaire,,Actif,2026-06-29T00:22:55.081000,moyenne
BJ-0F1BB3A9,Grid Adjara,Énergie & Environnement,Adjara,+229 94 75 32 97,,gridadjara.bj,PME (10-50),B2B,CCIB Annuaire,,Actif,2026-06-29T00:22:55.081025,moyenne
BJ-0FE9D891,Agriculture Green,Énergie & Environnement,Adjara,+229 20 45 45 37,agriculture.green@agriculturegree.org.bj,,TPE (<10),B2C,CCIB Annuaire,,Actif,2026-06-29T00:22:55.081043,moyenne
BJ-7DFCAA65,Eau Potable SARL,Énergie & Environnement,Adjara,+229 67 47 22 95,,eaupotablesarl.bj,Grande (>200),B2C,CCIB Annuaire,,Actif,2026-06-29T00:22:55.081062,moyenne
BJ-5E49C63F,Potable,Énergie & Environnement,Adjara,+229 39 77 79 52,,,Grande (>200),B2C,CCIB Annuaire,,Actif,2026-06-29T00:22:55.081078,basse
BJ-92A86F43,Éolien Traitement,Énergie & Environnement,Adjara,+229 25 56 62 92,,,TPE (<10),B2C,CCIB Annuaire,,Actif,2026-06-29T00:22:55.081090,basse
BJ-F9412E2A,Offgrid Water,Énergie & Environnement,Allada,+229 60 58 36 98,,offgridwater.bj,TPE (<10),B2C,CCIB Annuaire,,Actif,2026-06-29T00:22:55.081111,moyenne
BJ-714657DE,Biogaz Solar Allada,Énergie & Environnement,Allada,+229 75 48 82 28,b.solar@biogazsolaralla.bj,,PME (50-200),B2C,CCIB Annuaire,,Actif,2026-06-29T00:22:55.081131,moyenne
BJ-ABDEEEE3,Eco Phréatique,Énergie & Environnement,Allada,+229 94 27 78 25,e.phréatique@ecophréatique.com.bj,ecophréatique.bj,TPE (<10),B2B,CCIB Annuaire,,Actif,2026-06-29T00:22:55.081158,haute
BJ-1AA4F555,Vert Incinération Water,Énergie & Environnement,Allada,+229 25 13 70 56,vertincinération@yahoo.com,,TPE (<10),B2C,CCIB Annuaire,,Actif,2026-06-29T00:22:55.081187,moyenne
BJ-9813CD66,Environnement Solaire Allada,Énergie & Environnement,Allada,+229 58 71 29 84,environnementsolaire@outlook.com,,PME (50-200),B2B,CCIB Annuaire,,Actif,2026-06-29T00:22:55.081205,moyenne
BJ-0405F99A,Énergie Géothermie,Énergie & Environnement,Aplahoué,+229 60 46 86 58,,,PME (10-50),B2C,CCIB Annuaire,,Actif,2026-06-29T00:22:55.081226,basse
BJ-938349F1,Eau Géothermie Water,Énergie & Environnement,Aplahoué,+229 35 28 62 26,eaugéothermie@hotmail.com,eaugéothermiewater.bj,PME (50-200),B2B,CCIB Annuaire,,Actif,2026-06-29T00:22:55.081245,haute
BJ-A6A09E3B,Eau Assainissement,Énergie & Environnement,Aplahoué,+229 63 58 20 51,,eauassainissement.bj,TPE (<10),B2C,CCIB Annuaire,,Actif,2026-06-29T00:22:55.081262,moyenne
BJ-BD74D017,Bio Durable,Énergie & Environnement,Aplahoué,+229 99 60 42 50,bio.durable@gmail.com,biodurable.bj,TPE (<10),B2C,CCIB Annuaire,,Actif,2026-06-29T00:22:55.081282,haute
BJ-6ACBCDBB,Offgrid Clean,Énergie & Environnement,Aplahoué,+229 30 40 55 85,offgrid.clean@offgridclean.bj,offgridclean.bj,Grande (>200),B2B,CCIB Annuaire,,Actif,2026-06-29T00:22:55.081300,haute
BJ-3B42CD5F,Biogaz,Énergie & Environnement,Dogbo-Tota,+229 59 53 24 66,biogaz@biogaz.com.bj,,PME (10-50),B2C,CCIB Annuaire,,Actif,2026-06-29T00:22:55.081323,moyenne
BJ-145C9A1E,Bio Énergie,Énergie & Environnement,Dogbo-Tota,+229 24 16 67 87,,bioénergie.bj,PME (50-200),B2B,CCIB Annuaire,,Actif,2026-06-29T00:22:55.081338,moyenne
BJ-5CF93A21,Énergie Écologie Eco,Énergie & Environnement,Dogbo-Tota,+229 26 69 32 55,énergieécologie@yahoo.com,énergieécologieeco.bj,PME (50-200),B2C,CCIB Annuaire,,Actif,2026-06-29T00:22:55.081357,haute
BJ-D8FFDEE8,Smart,Énergie & Environnement,Dogbo-Tota,+229 66 84 44 14,smart@outlook.com,smart.bj,PME (10-50),B2B,CCIB Annuaire,,Actif,2026-06-29T00:22:55.081372,haute
BJ-9296975C,Pompage Eco,Énergie & Environnement,Dogbo-Tota,+229 35 80 85 76,p.eco@pompageeco.org.bj,pompageeco.bj,TPE (<10),B2B,CCIB Annuaire,,Actif,2026-06-29T00:22:55.081395,haute
BJ-FFA26C85,Bio Hydraulique Water Kpomassè,Énergie & Environnement,Kpomassè,+229 71 19 69 63,biohydraulique@biohydrauliquew.org.bj,biohydrauliquewaterkpomassè.bj,TPE (<10),B2B,CCIB Annuaire,,Actif,2026-06-29T00:22:55.081426,haute
BJ-F5CE09C3,Eau Clean,Énergie & Environnement,Kpomassè,+229 61 77 44 37,eauclean@yahoo.fr,,Grande (>200),B2C,CCIB Annuaire,,Actif,2026-06-29T00:22:55.081444,moyenne
BJ-A5345679,Environnement Incinération Africa,Énergie & Environnement,Kpomassè,+229 84 88 69 57,environnement.incinération@yahoo.fr,environnementincinérationafrica.bj,TPE (<10),B2B,CCIB Annuaire,,Actif,2026-06-29T00:22:55.081467,haute
BJ-33176382,Dépollution Solar,Énergie & Environnement,Kpomassè,+229 87 27 51 55,dépollution.solar@outlook.com,,PME (50-200),B2C,CCIB Annuaire,,Actif,2026-06-29T00:22:55.081485,moyenne
BJ-8D371BD2,Réseau Power,Énergie & Environnement,Kpomassè,+229 76 14 67 96,réseau_power@réseaupower.bj,,TPE (<10),B2B,CCIB Annuaire,,Actif,2026-06-29T00:22:55.081505,moyenne
BJ-CBBAABE3,Eau Tri Bénin,Énergie & Environnement,Tori-Bossito,+229 90 84 86 97,e.tri@eautribénin.org.bj,eautribénin.bj,TPE (<10),B2C,CCIB Annuaire,,Actif,2026-06-29T00:22:55.081534,haute
BJ-A5F288DE,Recyclage,Énergie & Environnement,Tori-Bossito,+229 67 25 48 59,recyclage@recyclage.org.bj,,Grande (>200),B2B,CCIB Annuaire,,Actif,2026-06-29T00:22:55.081551,moyenne
BJ-DD7A0FAD,Eco Biogaz Solar,Énergie & Environnement,Tori-Bossito,+229 97 99 25 39,eco.biogaz@hotmail.com,ecobiogazsolar.bj,TPE (<10),B2C,CCIB Annuaire,,Actif,2026-06-29T00:22:55.081571,haute
BJ-0646FA33,Batterie,Énergie & Environnement,Tori-Bossito,+229 85 39 86 33,batterie@batterie.org.bj,batterie.bj,PME (10-50),B2C,CCIB Annuaire,,Actif,2026-06-29T00:22:55.081586,haute
BJ-ED1EC8FC,Power Environment,Énergie & Environnement,Tori-Bossito,+229 46 80 11 41,power.environment@powerenvironmen.org.bj,powerenvironment.bj,PME (10-50),B2B,CCIB Annuaire,,Actif,2026-06-29T00:22:55.081605,haute
BJ-36E945A6,Eau Panneau Power,Énergie & Environnement,Grand-Popo,+229 96 47 53 75,eaupanneau@hotmail.com,,Grande (>200),B2B,CCIB Annuaire,,Actif,2026-06-29T00:22:55.081628,moyenne
BJ-BC123122,Énergie Nappe Water Grand-Popo,Énergie & Environnement,Grand-Popo,+229 54 79 25 35,énergienappe@yahoo.com,énergienappewatergrandpopo.bj,PME (50-200),B2C,CCIB Annuaire,,Actif,2026-06-29T00:22:55.081651,haute
BJ-75A8A342,Nature Solaire SARL Grand-Popo,Énergie & Environnement,Grand-Popo,+229 72 33 15 79,,naturesolairesarlgrandpopo.bj,PME (10-50),B2C,CCIB Annuaire,,Actif,2026-06-29T00:22:55.081687,moyenne
BJ-3363619B,Environnement Power Green,Énergie & Environnement,Grand-Popo,+229 51 34 34 22,environnement.power@yahoo.fr,environnementpowergreen.bj,PME (10-50),B2C,CCIB Annuaire,,Actif,2026-06-29T00:22:55.081740,haute
BJ-7C0650CB,Solaire Water,Énergie & Environnement,Grand-Popo,+229 86 85 30 93,s.water@gmail.com,solairewater.bj,Grande (>200),B2B,CCIB Annuaire,,Actif,2026-06-29T00:22:55.081783,haute
BJ-5E92E289,Vert Athiémé,Énergie & Environnement,Athiémé,+229 74 90 57 52,v.athiémé@vertathiémé.org.bj,vertathiémé.bj,PME (10-50),B2B,CCIB Annuaire,,Actif,2026-06-29T00:22:55.081837,haute
BJ-B738B57E,Géothermie SARL,Énergie & Environnement,Athiémé,+229 60 40 77 77,géothermie.sarl@géothermiesarl.com.bj,géothermiesarl.bj,PME (50-200),B2C,CCIB Annuaire,,Actif,2026-06-29T00:22:55.081877,haute
BJ-D71E7B4F,Éolien Microgrid Water,Énergie & Environnement,Athiémé,+229 90 87 30 21,éolienmicrogrid@outlook.com,éolienmicrogridwater.bj,TPE (<10),B2C,CCIB Annuaire,,Actif,2026-06-29T00:22:55.081925,haute
BJ-CC7899A0,Énergie Panneau Africa,Énergie & Environnement,Athiémé,+229 45 37 40 44,é.panneau@énergiepanneaua.org.bj,énergiepanneauafrica.bj,PME (10-50),B2C,CCIB Annuaire,,Actif,2026-06-29T00:22:55.081946,haute
BJ-FEAAE30D,Smart,Énergie & Environnement,Bopa,+229 44 96 46 13,smart@outlook.com,smart.bj,PME (10-50),B2C,CCIB Annuaire,,Actif,2026-06-29T00:22:55.081992,haute
BJ-764F3133,Pompage Bopa,Énergie & Environnement,Bopa,+229 22 51 24 30,pompage.bopa@pompagebopa.bj,pompagebopa.bj,TPE (<10),B2B,CCIB Annuaire,,Actif,2026-06-29T00:22:55.082011,haute
BJ-9BA9156A,Énergie Energy,Énergie & Environnement,Bopa,+229 42 42 62 35,,énergieenergy.bj,TPE (<10),B2C,CCIB Annuaire,,Actif,2026-06-29T00:22:55.082044,moyenne
BJ-665E7B4F,Environnement Compostage,Énergie & Environnement,Bopa,+229 22 21 87 26,,,TPE (<10),B2C,CCIB Annuaire,,Actif,2026-06-29T00:22:55.082063,basse
BJ-151ADACB,Forage Energy,Énergie & Environnement,Bopa,+229 48 15 67 90,forage_energy@outlook.com,forageenergy.bj,PME (50-200),B2C,CCIB Annuaire,,Actif,2026-06-29T00:22:55.082082,haute
BJ-8957F60B,Assainissement Water,Énergie & Environnement,Houéyogbé,+229 31 75 68 89,,assainissementwater.bj,PME (10-50),B2B,CCIB Annuaire,,Actif,2026-06-29T00:22:55.082104,moyenne
BJ-E811AF4B,Éolien Assainissement,Énergie & Environnement,Houéyogbé,+229 77 17 41 89,,,PME (10-50),B2C,CCIB Annuaire,,Actif,2026-06-29T00:22:55.082116,basse
BJ-D0178EE1,Eco Éolien Green,Énergie & Environnement,Houéyogbé,+229 88 75 94 21,eco.éolien@ecoéoliengreen.com.bj,ecoéoliengreen.bj,Grande (>200),B2C,CCIB Annuaire,,Actif,2026-06-29T00:22:55.082136,haute
BJ-D32B4B0F,Assainissement Bénin Houéyogbé,Énergie & Environnement,Houéyogbé,+229 65 75 20 87,assainissement.bénin@yahoo.com,assainissementbéninhouéyogbé.bj,TPE (<10),B2B,CCIB Annuaire,,Actif,2026-06-29T00:22:55.082155,haute
BJ-B1531559,Power Power Houéyogbé,Énergie & Environnement,Houéyogbé,+229 62 23 97 82,p.power@gmail.com,powerpowerhouéyogbé.bj,TPE (<10),B2C,CCIB Annuaire,,Actif,2026-06-29T00:22:55.082174,haute
BJ-33F1674B,Énergie Solaire,Énergie & Environnement,Malanville,+229 41 48 25 45,,énergiesolaire.bj,PME (10-50),B2B,CCIB Annuaire,,Actif,2026-06-29T00:22:55.082196,moyenne
BJ-E7AFA0FC,Nature Assainissement Clean,Énergie & Environnement,Malanville,+229 93 20 99 38,natureassainissement@gmail.com,natureassainissementclean.bj,PME (50-200),B2C,CCIB Annuaire,,Actif,2026-06-29T00:22:55.082215,haute
BJ-81BD46FF,Power Eau Environment,Énergie & Environnement,Malanville,+229 33 63 60 71,power.eau@powereauenviron.org.bj,powereauenvironment.bj,Grande (>200),B2B,CCIB Annuaire,,Actif,2026-06-29T00:22:55.082246,haute
BJ-FB6196C6,Grid Clean,Énergie & Environnement,Malanville,+229 79 61 28 30,,gridclean.bj,PME (10-50),B2B,CCIB Annuaire,,Actif,2026-06-29T00:22:55.082261,moyenne
BJ-832C03C9,Eco Pompage Malanville,Énergie & Environnement,Malanville,+229 42 20 74 33,eco.pompage@ecopompagemalan.bj,ecopompagemalanville.bj,PME (50-200),B2C,CCIB Annuaire,,Actif,2026-06-29T00:22:55.082284,haute
BJ-A2388A88,Déchets Kandi,Énergie & Environnement,Kandi,+229 46 18 62 92,déchets.kandi@déchetskandi.com.bj,déchetskandi.bj,TPE (<10),B2B,CCIB Annuaire,,Actif,2026-06-29T00:22:55.082314,haute
BJ-A299D5AC,Power Environment,Énergie & Environnement,Kandi,+229 38 96 30 24,p.environment@powerenvironmen.org.bj,powerenvironment.bj,TPE (<10),B2C,CCIB Annuaire,,Actif,2026-06-29T00:22:55.082331,haute
BJ-86AEA616,Renouvelable,Énergie & Environnement,Kandi,+229 57 32 55 26,renouvelable@hotmail.com,,PME (10-50),B2C,CCIB Annuaire,,Actif,2026-06-29T00:22:55.082345,moyenne
BJ-B08B6210,Hydraulique SARL,Énergie & Environnement,Kandi,+229 23 63 18 87,h.sarl@gmail.com,hydrauliquesarl.bj,TPE (<10),B2C,CCIB Annuaire,,Actif,2026-06-29T00:22:55.082362,haute
BJ-1E67D49E,Microgrid,Énergie & Environnement,Kandi,+229 30 78 45 29,microgrid@microgrid.com.bj,microgrid.bj,TPE (<10),B2C,CCIB Annuaire,,Actif,2026-06-29T00:22:55.082377,haute
BJ-77B178E1,Power Phréatique Banikoara,Énergie & Environnement,Banikoara,+229 70 98 85 62,,powerphréatiquebanikoara.bj,PME (10-50),B2C,CCIB Annuaire,,Actif,2026-06-29T00:22:55.082400,moyenne
BJ-3EF3D496,Offgrid,Énergie & Environnement,Banikoara,+229 77 42 62 36,offgrid@offgrid.org.bj,offgrid.bj,TPE (<10),B2B,CCIB Annuaire,,Actif,2026-06-29T00:22:55.082415,haute
BJ-3F95AD18,Solar Distribution,Énergie & Environnement,Banikoara,+229 81 12 27 65,s.distribution@solardistributi.com.bj,,TPE (<10),B2B,CCIB Annuaire,,Actif,2026-06-29T00:22:55.082436,moyenne
BJ-BE3FDFC7,Vert Forage Green,Énergie & Environnement,Banikoara,+229 62 87 64 37,vertforage@vertforagegreen.com.bj,vertforagegreen.bj,PME (10-50),B2C,CCIB Annuaire,,Actif,2026-06-29T00:22:55.082454,haute
BJ-7FB0CB7A,Énergie,Énergie & Environnement,Banikoara,+229 65 24 41 14,énergie@énergie.bj,énergie.bj,PME (10-50),B2C,CCIB Annuaire,,Actif,2026-06-29T00:22:55.082469,haute
BJ-E6825C4D,Éolien Ségbana,Énergie & Environnement,Ségbana,+229 33 16 94 81,éolienségbana@hotmail.com,éolienségbana.bj,PME (10-50),B2B,CCIB Annuaire,,Actif,2026-06-29T00:22:55.082495,haute
BJ-641E4983,Assainissement Environment,Énergie & Environnement,Ségbana,+229 27 84 38 57,assainissement.environment@hotmail.com,,PME (10-50),B2B,CCIB Annuaire,,Actif,2026-06-29T00:22:55.082512,moyenne
BJ-36275F04,Hydroélectricité,Énergie & Environnement,Ségbana,+229 95 32 60 17,hydroélectricité@hydroélectricit.bj,hydroélectricité.bj,PME (10-50),B2B,CCIB Annuaire,,Actif,2026-06-29T00:22:55.082528,haute
BJ-31A09E32,Éolien Durable Bénin,Énergie & Environnement,Ségbana,+229 56 58 45 24,,éoliendurablebénin.bj,TPE (<10),B2C,CCIB Annuaire,,Actif,2026-06-29T00:22:55.082546,moyenne
BJ-6C136D46,Irrigation Ségbana,Énergie & Environnement,Ségbana,+229 89 58 60 81,irrigation_ségbana@irrigationségba.bj,irrigationségbana.bj,TPE (<10),B2B,CCIB Annuaire,,Actif,2026-06-29T00:22:55.082565,haute
BJ-02007C84,Potable Karimama,Énergie & Environnement,Karimama,+229 34 39 32 45,p.karimama@potablekarimama.com.bj,potablekarimama.bj,TPE (<10),B2B,CCIB Annuaire,,Actif,2026-06-29T00:22:55.082590,haute
BJ-5FC25F77,Eco Réseau Clean,Énergie & Environnement,Karimama,+229 92 40 68 17,eco.réseau@yahoo.fr,,PME (50-200),B2B,CCIB Annuaire,,Actif,2026-06-29T00:22:55.082608,moyenne
BJ-4F5B8260,Environnement Écologie,Énergie & Environnement,Karimama,+229 87 36 33 16,environnement.écologie@hotmail.com,environnementécologie.bj,TPE (<10),B2C,CCIB Annuaire,,Actif,2026-06-29T00:22:55.082634,haute
BJ-16E37F63,Nature Onduleur Green,Énergie & Environnement,Karimama,+229 34 74 54 75,nature.onduleur@outlook.com,natureonduleurgreen.bj,PME (50-200),B2B,CCIB Annuaire,,Actif,2026-06-29T00:22:55.082652,haute
BJ-D2877C56,Incinération Energy,Énergie & Environnement,Karimama,+229 47 81 74 78,incinération_energy@yahoo.com,,PME (10-50),B2B,CCIB Annuaire,,Actif,2026-06-29T00:22:55.082668,moyenne
BJ-96EC81AA,Onduleur,Énergie & Environnement,Gogounou,+229 90 98 83 83,onduleur@outlook.com,onduleur.bj,TPE (<10),B2B,CCIB Annuaire,,Actif,2026-06-29T00:22:55.082691,haute
BJ-B120C300,Potable,Énergie & Environnement,Gogounou,+229 84 11 36 65,potable@potable.bj,potable.bj,PME (10-50),B2B,CCIB Annuaire,,Actif,2026-06-29T00:22:55.082707,haute
BJ-7042FDC3,Écologie,Énergie & Environnement,Gogounou,+229 90 19 45 44,,écologie.bj,TPE (<10),B2B,CCIB Annuaire,,Actif,2026-06-29T00:22:55.082720,moyenne
BJ-7AD6457B,Eau Solaire Solar,Énergie & Environnement,Gogounou,+229 40 92 36 24,,,TPE (<10),B2C,CCIB Annuaire,,Actif,2026-06-29T00:22:55.082732,basse
BJ-D0A082D2,Clean Vert,Énergie & Environnement,Gogounou,+229 23 89 51 46,c.vert@outlook.com,,TPE (<10),B2B,CCIB Annuaire,,Actif,2026-06-29T00:22:55.082747,moyenne
BJ-0251D8C4,Nappe Power Cobly,Énergie & Environnement,Cobly,+229 81 89 73 19,,nappepowercobly.bj,TPE (<10),B2B,CCIB Annuaire,,Actif,2026-06-29T00:22:55.082770,moyenne
BJ-6E60B4DF,Nature Vert,Énergie & Environnement,Cobly,+229 55 55 91 24,nature.vert@naturevert.org.bj,naturevert.bj,TPE (<10),B2B,CCIB Annuaire,,Actif,2026-06-29T00:22:55.082791,haute
BJ-2A768DA2,Éolien Tri Bénin,Énergie & Environnement,Cobly,+229 36 21 23 89,é.tri@éolientribénin.com.bj,éolientribénin.bj,PME (10-50),B2C,CCIB Annuaire,,Actif,2026-06-29T00:22:55.082814,haute
BJ-5992FEB4,Clean Traitement Green,Énergie & Environnement,Cobly,+229 60 30 56 23,clean.traitement@cleantraitement.com.bj,cleantraitementgreen.bj,PME (10-50),B2C,CCIB Annuaire,,Actif,2026-06-29T00:22:55.082832,haute
BJ-6016848A,Eau Biogaz Water,Énergie & Environnement,Cobly,+229 21 55 10 58,,eaubiogazwater.bj,TPE (<10),B2C,CCIB Annuaire,,Actif,2026-06-29T00:22:55.082845,moyenne
BJ-CC367E65,Dépollution Tanguiéta,Énergie & Environnement,Tanguiéta,+229 52 46 78 48,dépollution.tanguiéta@dépollutiontang.com.bj,dépollutiontanguiéta.bj,PME (10-50),B2C,CCIB Annuaire,,Actif,2026-06-29T00:22:55.082875,haute
BJ-38616EC1,Biogaz,Énergie & Environnement,Tanguiéta,+229 87 75 31 36,biogaz@biogaz.bj,biogaz.bj,PME (10-50),B2B,CCIB Annuaire,,Actif,2026-06-29T00:22:55.082930,haute
BJ-988B6DDD,Solar Microgrid SARL,Énergie & Environnement,Tanguiéta,+229 74 23 82 51,solar.microgrid@solarmicrogrids.org.bj,solarmicrogridsarl.bj,PME (50-200),B2C,CCIB Annuaire,,Actif,2026-06-29T00:22:55.082966,haute
BJ-7DD2844D,Environnement Dépollution Tanguiéta,Énergie & Environnement,Tanguiéta,+229 72 50 95 69,environnement.dépollution@outlook.com,environnementdépollutiontanguiéta.bj,PME (10-50),B2B,CCIB Annuaire,,Actif,2026-06-29T00:22:55.082990,haute
BJ-5109EEA4,Power Solaire Matéri,Énergie & Environnement,Matéri,+229 54 10 49 22,powersolaire@powersolairemat.org.bj,powersolairematéri.bj,Grande (>200),B2B,CCIB Annuaire,,Actif,2026-06-29T00:22:55.083017,haute
BJ-92FBA74E,Éolien Irrigation,Énergie & Environnement,Matéri,+229 45 84 61 40,éolien.irrigation@éolienirrigatio.org.bj,,TPE (<10),B2C,CCIB Annuaire,,Actif,2026-06-29T00:22:55.083036,moyenne
BJ-8700BFB7,Éolien Hydraulique Matéri,Énergie & Environnement,Matéri,+229 80 11 63 18,éolienhydraulique@éolienhydrauliq.com.bj,éolienhydrauliquematéri.bj,PME (10-50),B2B,CCIB Annuaire,,Actif,2026-06-29T00:22:55.083059,haute
BJ-3BA6280C,Environnement Nappe,Énergie & Environnement,Matéri,+229 97 80 91 28,environnement.nappe@yahoo.fr,,Grande (>200),B2B,CCIB Annuaire,,Actif,2026-06-29T00:22:55.083076,moyenne
BJ-4670DDC8,Incinération,Énergie & Environnement,Matéri,+229 97 29 74 61,,incinération.bj,TPE (<10),B2C,CCIB Annuaire,,Actif,2026-06-29T00:22:55.083089,moyenne
BJ-BC301E0D,Éolien Puits Eco Natitingou,Énergie & Environnement,Natitingou,+229 87 13 70 41,éolienpuits@éolienpuitsecon.org.bj,,PME (50-200),B2C,CCIB Annuaire,,Actif,2026-06-29T00:22:55.083116,moyenne
BJ-4F33A167,Tri Power Natitingou,Énergie & Environnement,Natitingou,+229 26 49 72 13,tri.power@outlook.com,tripowernatitingou.bj,PME (10-50),B2C,CCIB Annuaire,,Actif,2026-06-29T00:22:55.083134,haute
BJ-F0BBE0FD,Énergie Assainissement,Énergie & Environnement,Natitingou,+229 52 27 84 36,é.assainissement@énergieassainis.org.bj,énergieassainissement.bj,TPE (<10),B2C,CCIB Annuaire,,Actif,2026-06-29T00:22:55.083152,haute
BJ-E6282175,Power Dépollution,Énergie & Environnement,Natitingou,+229 67 96 78 91,power.dépollution@powerdépollutio.org.bj,powerdépollution.bj,TPE (<10),B2B,CCIB Annuaire,,Actif,2026-06-29T00:22:55.083198,haute
BJ-C8FACB2E,Phréatique,Énergie & Environnement,Toucountouna,+229 64 94 19 24,phréatique@outlook.com,phréatique.bj,TPE (<10),B2C,CCIB Annuaire,,Actif,2026-06-29T00:22:55.083222,haute
BJ-A8616B60,Nature Environnement,Énergie & Environnement,Toucountouna,+229 65 11 28 54,nature.environnement@yahoo.com,natureenvironnement.bj,TPE (<10),B2C,CCIB Annuaire,,Actif,2026-06-29T00:22:55.083239,haute
BJ-AFDCF861,Biogaz Toucountouna,Énergie & Environnement,Toucountouna,+229 41 36 35 15,biogaz.toucountouna@biogaztoucounto.org.bj,biogaztoucountouna.bj,TPE (<10),B2C,CCIB Annuaire,,Actif,2026-06-29T00:22:55.083275,haute
BJ-6BAC2FE2,Éolien Tri Green,Énergie & Environnement,Toucountouna,+229 95 97 39 43,éolien.tri@hotmail.com,,PME (50-200),B2B,CCIB Annuaire,,Actif,2026-06-29T00:22:55.083292,moyenne
BJ-5D4AC7C2,Eau Environment,Énergie & Environnement,Boukoumbé,+229 48 13 50 49,eau.environment@eauenvironment.org.bj,eauenvironment.bj,PME (10-50),B2C,CCIB Annuaire,,Actif,2026-06-29T00:22:55.083316,haute
BJ-E2CFC80F,Eau Biogaz,Énergie & Environnement,Boukoumbé,+229 47 48 66 68,,eaubiogaz.bj,PME (10-50),B2B,CCIB Annuaire,,Actif,2026-06-29T00:22:55.083329,moyenne
BJ-DA1E5ED6,Irrigation Africa Boukoumbé,Énergie & Environnement,Boukoumbé,+229 41 88 79 28,irrigationafrica@yahoo.fr,,TPE (<10),B2B,CCIB Annuaire,,Actif,2026-06-29T00:22:55.083347,moyenne
BJ-E3AC5B95,Power Énergie,Énergie & Environnement,Boukoumbé,+229 95 38 47 14,p.énergie@powerénergie.com.bj,,PME (10-50),B2B,CCIB Annuaire,,Actif,2026-06-29T00:22:55.083364,moyenne
BJ-CACB70D4,Solar Photovoltaïque SARL,Énergie & Environnement,Boukoumbé,+229 37 98 75 12,,solarphotovoltaïquesarl.bj,PME (50-200),B2C,CCIB Annuaire,,Actif,2026-06-29T00:22:55.083378,moyenne
BJ-0FEE944C,Eau Compostage,Énergie & Environnement,Kouandé,+229 88 78 31 65,e.compostage@yahoo.fr,,Grande (>200),B2B,CCIB Annuaire,,Actif,2026-06-29T00:22:55.083402,moyenne
BJ-F7273F13,Solar Renouvelable,Énergie & Environnement,Kouandé,+229 56 86 68 74,,solarrenouvelable.bj,TPE (<10),B2B,CCIB Annuaire,,Actif,2026-06-29T00:22:55.083455,moyenne
BJ-60CF67FD,Incinération Green,Énergie & Environnement,Kouandé,+229 81 24 89 99,incinérationgreen@incinérationgre.com.bj,incinérationgreen.bj,PME (10-50),B2B,CCIB Annuaire,,Actif,2026-06-29T00:22:55.083477,haute
BJ-4D9E6387,Écologie Green,Énergie & Environnement,Kouandé,+229 20 77 84 50,écologie_green@écologiegreen.bj,écologiegreen.bj,TPE (<10),B2B,CCIB Annuaire,,Actif,2026-06-29T00:22:55.083497,haute
BJ-705062E2,Hydroélectricité Péhunco,Énergie & Environnement,Péhunco,+229 63 97 56 59,,hydroélectricitépéhunco.bj,TPE (<10),B2C,CCIB Annuaire,,Actif,2026-06-29T00:22:55.083519,moyenne
BJ-0D40E344,Filtration Clean,Énergie & Environnement,Péhunco,+229 47 71 73 10,f.clean@filtrationclean.org.bj,,TPE (<10),B2C,CCIB Annuaire,,Actif,2026-06-29T00:22:55.083536,moyenne
BJ-051275EE,Grid Eco,Énergie & Environnement,Péhunco,+229 28 79 99 71,grid_eco@yahoo.com,grideco.bj,PME (10-50),B2B,CCIB Annuaire,,Actif,2026-06-29T00:22:55.083553,haute
BJ-CE1CF2F5,Clean Assainissement SARL,Énergie & Environnement,Péhunco,+229 86 85 59 65,,,TPE (<10),B2B,CCIB Annuaire,,Actif,2026-06-29T00:22:55.083580,basse
BJ-E4D5C05D,Clean Solar,Énergie & Environnement,Tchaourou,+229 80 19 71 34,,cleansolar.bj,TPE (<10),B2B,CCIB Annuaire,,Actif,2026-06-29T00:22:55.083601,moyenne
BJ-97BD9A93,Smart Environment,Énergie & Environnement,Tchaourou,+229 45 79 12 69,smart.environment@smartenvironmen.org.bj,smartenvironment.bj,TPE (<10),B2C,CCIB Annuaire,,Actif,2026-06-29T00:22:55.083619,haute
BJ-EF03D267,Énergie Stockage Tchaourou,Énergie & Environnement,Tchaourou,+229 56 65 86 79,é.stockage@énergiestockage.bj,énergiestockagetchaourou.bj,TPE (<10),B2B,CCIB Annuaire,,Actif,2026-06-29T00:22:55.083643,haute
BJ-C7F546FF,Solar Pompage Environment,Énergie & Environnement,Tchaourou,+229 72 24 67 78,,,PME (50-200),B2C,CCIB Annuaire,,Actif,2026-06-29T00:22:55.083657,basse
BJ-8056EEA6,Hydroélectricité Africa,Énergie & Environnement,Tchaourou,+229 87 83 39 57,,hydroélectricitéafrica.bj,TPE (<10),B2B,CCIB Annuaire,,Actif,2026-06-29T00:22:55.083674,moyenne
BJ-24F2B093,Désinfection Nikki,Énergie & Environnement,Nikki,+229 88 53 16 15,désinfection.nikki@désinfectionnik.org.bj,,PME (10-50),B2B,CCIB Annuaire,,Actif,2026-06-29T00:22:55.083803,moyenne
BJ-FA861255,Biogaz Nikki,Énergie & Environnement,Nikki,+229 98 62 55 51,biogaznikki@biogaznikki.com.bj,biogaznikki.bj,TPE (<10),B2B,CCIB Annuaire,,Actif,2026-06-29T00:22:55.083846,haute
BJ-B9330331,Nature Durable Bénin,Énergie & Environnement,Nikki,+229 76 21 68 53,n.durable@outlook.com,naturedurablebénin.bj,PME (10-50),B2C,CCIB Annuaire,,Actif,2026-06-29T00:22:55.083882,haute
BJ-A6868CE8,Durable SARL,Énergie & Environnement,Bembéréké,+229 89 84 95 23,durablesarl@gmail.com,durablesarl.bj,TPE (<10),B2B,CCIB Annuaire,,Actif,2026-06-29T00:22:55.083953,haute
BJ-D3EFCF7E,Onduleur Bénin,Énergie & Environnement,Bembéréké,+229 78 47 36 73,,,TPE (<10),B2C,CCIB Annuaire,,Actif,2026-06-29T00:22:55.083970,basse
BJ-72431EFA,Incinération Green,Énergie & Environnement,Bembéréké,+229 80 87 95 41,incinérationgreen@incinérationgre.bj,,PME (10-50),B2B,CCIB Annuaire,,Actif,2026-06-29T00:22:55.083995,moyenne
BJ-03CE87F0,Vert Solaire SARL Bembéréké,Énergie & Environnement,Bembéréké,+229 58 12 48 53,v.solaire@vertsolairesarl.com.bj,vertsolairesarlbembéréké.bj,TPE (<10),B2B,CCIB Annuaire,,Actif,2026-06-29T00:22:55.084031,haute
BJ-53EF06F0,Vert Réseau,Énergie & Environnement,Kalalé,+229 98 89 53 78,,vertréseau.bj,TPE (<10),B2C,CCIB Annuaire,,Actif,2026-06-29T00:22:55.084053,moyenne
BJ-671FC97D,Éolien Power,Énergie & Environnement,Kalalé,+229 56 42 60 18,éolien.power@yahoo.com,,PME (10-50),B2C,CCIB Annuaire,,Actif,2026-06-29T00:22:55.084070,moyenne
BJ-2E5A38F0,Compostage Environment,Énergie & Environnement,Kalalé,+229 73 95 18 98,compostage_environment@compostageenvir.bj,compostageenvironment.bj,PME (50-200),B2B,CCIB Annuaire,,Actif,2026-06-29T00:22:55.084088,haute
BJ-4C91130F,Eco Vert SARL,Énergie & Environnement,Kalalé,+229 86 36 99 80,ecovert@outlook.com,,PME (10-50),B2B,CCIB Annuaire,,Actif,2026-06-29T00:22:55.084103,moyenne
BJ-06B4080A,Power Géothermie Clean,Énergie & Environnement,Kalalé,+229 46 32 62 98,,,PME (10-50),B2B,CCIB Annuaire,,Actif,2026-06-29T00:22:55.084114,basse
BJ-DD9FE392,Énergie Microgrid,Énergie & Environnement,Ndali,+229 50 99 28 53,,énergiemicrogrid.bj,PME (50-200),B2C,CCIB Annuaire,,Actif,2026-06-29T00:22:55.084135,moyenne
BJ-67B992BC,Assainissement Environment,Énergie & Environnement,Ndali,+229 83 50 95 27,assainissement_environment@outlook.com,assainissementenvironment.bj,TPE (<10),B2B,CCIB Annuaire,,Actif,2026-06-29T00:22:55.084152,haute
BJ-7B444F11,Clean Grid,Énergie & Environnement,Ndali,+229 77 23 93 69,c.grid@gmail.com,cleangrid.bj,PME (10-50),B2C,CCIB Annuaire,,Actif,2026-06-29T00:22:55.084171,haute
BJ-3EE93140,Vert Dépollution,Énergie & Environnement,Ndali,+229 39 53 27 31,vertdépollution@hotmail.com,vertdépollution.bj,PME (10-50),B2B,CCIB Annuaire,,Actif,2026-06-29T00:22:55.084189,haute
BJ-D2298FE9,Éolien Bénin,Énergie & Environnement,Ndali,+229 60 85 32 89,,,PME (50-200),B2B,CCIB Annuaire,,Actif,2026-06-29T00:22:55.084201,basse
BJ-63DB33D9,Power Déchets Bénin,Énergie & Environnement,Ségbana,+229 81 98 46 16,p.déchets@powerdéchetsbén.com.bj,powerdéchetsbénin.bj,PME (50-200),B2C,CCIB Annuaire,,Actif,2026-06-29T00:22:55.084249,haute
BJ-FE6BFE8F,Adduction Bénin,Énergie & Environnement,Ségbana,+229 63 79 34 36,adductionbénin@adductionbénin.org.bj,adductionbénin.bj,TPE (<10),B2C,CCIB Annuaire,,Actif,2026-06-29T00:22:55.084267,haute
BJ-854A2818,Renouvelable Environment,Énergie & Environnement,Ségbana,+229 31 21 93 35,,,PME (10-50),B2C,CCIB Annuaire,,Actif,2026-06-29T00:22:55.084279,basse
BJ-EB5B3912,Compostage Clean,Énergie & Environnement,Ségbana,+229 73 25 36 74,compostage.clean@gmail.com,compostageclean.bj,PME (10-50),B2B,CCIB Annuaire,,Actif,2026-06-29T00:22:55.084295,haute
BJ-6C4F2580,Énergie Biogaz,Énergie & Environnement,Tchaourou,+229 77 58 56 31,énergiebiogaz@gmail.com,énergiebiogaz.bj,TPE (<10),B2B,CCIB Annuaire,,Actif,2026-06-29T00:22:55.084333,haute
BJ-1A8F2B70,Éolien Éolien Tchaourou,Énergie & Environnement,Tchaourou,+229 21 72 43 46,éolien.éolien@yahoo.com,éolienéolientchaourou.bj,PME (10-50),B2C,CCIB Annuaire,,Actif,2026-06-29T00:22:55.084354,haute
BJ-4A9AC009,Filtration Clean,Énergie & Environnement,Tchaourou,+229 67 69 38 41,f.clean@hotmail.com,filtrationclean.bj,PME (10-50),B2C,CCIB Annuaire,,Actif,2026-06-29T00:22:55.084370,haute
BJ-88FB4F8C,Eco Puits,Énergie & Environnement,Bétérou,+229 84 41 66 14,eco.puits@gmail.com,,TPE (<10),B2C,CCIB Annuaire,,Actif,2026-06-29T00:22:55.084405,moyenne
BJ-89C703EE,Recyclage SARL,Énergie & Environnement,Bétérou,+229 32 47 20 91,recyclage.sarl@gmail.com,recyclagesarl.bj,Grande (>200),B2C,CCIB Annuaire,,Actif,2026-06-29T00:22:55.084420,haute
BJ-B6454215,Traitement Green,Énergie & Environnement,Bétérou,+229 74 92 99 32,traitement.green@gmail.com,,PME (50-200),B2C,CCIB Annuaire,,Actif,2026-06-29T00:22:55.084435,moyenne
BJ-179C1DEA,Éolien Onduleur Africa,Énergie & Environnement,Bétérou,+229 41 88 11 89,,éolienonduleurafrica.bj,TPE (<10),B2C,CCIB Annuaire,,Actif,2026-06-29T00:22:55.084448,moyenne
BJ-5171FE1F,Stockage Bétérou,Énergie & Environnement,Bétérou,+229 58 58 48 56,stockage.bétérou@outlook.com,stockagebétérou.bj,PME (50-200),B2B,CCIB Annuaire,,Actif,2026-06-29T00:22:55.084464,haute
BJ-ED55067F,Solaire,Énergie & Environnement,Ouessè,+229 63 39 65 41,solaire@solaire.com.bj,,PME (50-200),B2C,CCIB Annuaire,,Actif,2026-06-29T00:22:55.084498,moyenne
BJ-6E92735C,Traitement,Énergie & Environnement,Ouessè,+229 49 50 37 11,traitement@traitement.com.bj,,TPE (<10),B2C,CCIB Annuaire,,Actif,2026-06-29T00:22:55.084530,moyenne
BJ-F4F95EDB,Eau Valorisation,Énergie & Environnement,Ouessè,+229 73 95 54 18,eau.valorisation@eauvalorisation.bj,,TPE (<10),B2B,CCIB Annuaire,,Actif,2026-06-29T00:22:55.084547,moyenne
BJ-64AB393C,Assainissement Green,Énergie & Environnement,Glazoué,+229 88 78 44 79,a.green@yahoo.fr,assainissementgreen.bj,PME (10-50),B2C,CCIB Annuaire,,Actif,2026-06-29T00:22:55.084569,haute
BJ-0367B33A,Clean Hydraulique,Énergie & Environnement,Glazoué,+229 37 40 45 57,c.hydraulique@yahoo.fr,cleanhydraulique.bj,TPE (<10),B2C,CCIB Annuaire,,Actif,2026-06-29T00:22:55.084585,haute
BJ-15272E3C,Désinfection Eco,Énergie & Environnement,Glazoué,+229 26 94 64 50,désinfection.eco@yahoo.com,désinfectioneco.bj,TPE (<10),B2C,CCIB Annuaire,,Actif,2026-06-29T00:22:55.084602,haute
BJ-045C41B0,Énergie Dépollution Green,Énergie & Environnement,Glazoué,+229 61 97 36 39,énergiedépollution@hotmail.com,énergiedépollutiongreen.bj,TPE (<10),B2C,CCIB Annuaire,,Actif,2026-06-29T00:22:55.084620,haute
BJ-84317CB4,Vert Batterie,Énergie & Environnement,Glazoué,+229 61 84 72 24,vert.batterie@vertbatterie.com.bj,vertbatterie.bj,PME (10-50),B2C,CCIB Annuaire,,Actif,2026-06-29T00:22:55.084636,haute
BJ-E4126F0C,Nature Photovoltaïque Dassa-Zoumè,Énergie & Environnement,Dassa-Zoumè,+229 48 60 71 93,n.photovoltaïque@naturephotovolt.bj,naturephotovoltaïquedassazoumè.bj,TPE (<10),B2B,CCIB Annuaire,,Actif,2026-06-29T00:22:55.084662,haute
BJ-74C74769,Déchets Bénin,Énergie & Environnement,Dassa-Zoumè,+229 53 68 53 12,déchets.bénin@déchetsbénin.bj,déchetsbénin.bj,PME (10-50),B2C,CCIB Annuaire,,Actif,2026-06-29T00:22:55.084684,haute
BJ-D7736F29,Irrigation Eco Dassa-Zoumè,Énergie & Environnement,Dassa-Zoumè,+229 34 72 15 48,irrigation.eco@irrigationecoda.org.bj,irrigationecodassazoumè.bj,PME (10-50),B2C,CCIB Annuaire,,Actif,2026-06-29T00:22:55.084707,haute
BJ-120B1FD3,Onduleur Environment Dassa-Zoumè,Énergie & Environnement,Dassa-Zoumè,+229 39 59 74 90,,onduleurenvironmentdassazoumè.bj,TPE (<10),B2B,CCIB Annuaire,,Actif,2026-06-29T00:22:55.084721,moyenne
BJ-F8B29377,Énergie Incinération,Énergie & Environnement,Dassa-Zoumè,+229 59 17 25 36,é.incinération@énergieincinéra.org.bj,énergieincinération.bj,TPE (<10),B2C,CCIB Annuaire,,Actif,2026-06-29T00:22:55.084745,haute
BJ-91F8751E,Power Valorisation Clean,Énergie & Environnement,Savalou,+229 55 37 24 15,power.valorisation@powervalorisati.bj,,PME (50-200),B2B,CCIB Annuaire,,Actif,2026-06-29T00:22:55.084785,moyenne
BJ-C78161F1,Réseau SARL,Énergie & Environnement,Savalou,+229 72 17 85 40,réseau.sarl@réseausarl.org.bj,,TPE (<10),B2B,CCIB Annuaire,,Actif,2026-06-29T00:22:55.084813,moyenne
BJ-B55D267A,Dépollution,Énergie & Environnement,Savalou,+229 59 26 78 50,dépollution@outlook.com,dépollution.bj,TPE (<10),B2B,CCIB Annuaire,,Actif,2026-06-29T00:22:55.084835,haute
BJ-5917D896,Microgrid Water,Énergie & Environnement,Savalou,+229 61 32 28 27,microgrid.water@microgridwater.org.bj,microgridwater.bj,Grande (>200),B2B,CCIB Annuaire,,Actif,2026-06-29T00:22:55.084866,haute
BJ-FA5E636B,Environnement Clean Green,Énergie & Environnement,Savalou,+229 74 91 68 26,environnement.clean@environnementcl.org.bj,environnementcleangreen.bj,TPE (<10),B2B,CCIB Annuaire,,Actif,2026-06-29T00:22:55.084909,haute
BJ-22C68885,Power Smart,Énergie & Environnement,Bantè,+229 90 26 88 96,power_smart@powersmart.com.bj,powersmart.bj,PME (50-200),B2C,CCIB Annuaire,,Actif,2026-06-29T00:22:55.084981,haute
BJ-36ABFE97,Solar Tri Water,Énergie & Environnement,Bantè,+229 53 66 52 66,,solartriwater.bj,PME (10-50),B2B,CCIB Annuaire,,Actif,2026-06-29T00:22:55.085006,moyenne
BJ-B11C3F79,Grid,Énergie & Environnement,Bantè,+229 98 34 28 35,grid@grid.bj,,PME (10-50),B2B,CCIB Annuaire,,Actif,2026-06-29T00:22:55.085032,moyenne
BJ-E9AA5D9F,Clean Assainissement SARL,Énergie & Environnement,Bantè,+229 50 54 94 58,,cleanassainissementsarl.bj,PME (10-50),B2B,CCIB Annuaire,,Actif,2026-06-29T00:22:55.085052,moyenne
BJ-E206ECD1,Éolien Éolien Green,Énergie & Environnement,Djougou,+229 81 17 45 72,éolienéolien@éolienéoliengre.bj,éolienéoliengreen.bj,TPE (<10),B2C,CCIB Annuaire,,Actif,2026-06-29T00:22:55.085094,haute
BJ-B9408F6C,Power Offgrid Africa,Énergie & Environnement,Djougou,+229 79 63 42 27,p.offgrid@yahoo.fr,,PME (50-200),B2B,CCIB Annuaire,,Actif,2026-06-29T00:22:55.085121,moyenne
BJ-ABB32CE5,Traitement,Énergie & Environnement,Djougou,+229 25 24 80 23,traitement@traitement.org.bj,,TPE (<10),B2B,CCIB Annuaire,,Actif,2026-06-29T00:22:55.085166,moyenne
BJ-96263DE2,Eau Adduction,Énergie & Environnement,Djougou,+229 48 21 10 99,e.adduction@yahoo.fr,,PME (50-200),B2C,CCIB Annuaire,,Actif,2026-06-29T00:22:55.085205,moyenne
BJ-DD0959B7,Solar Power Environment Ouèssè,Énergie & Environnement,Ouèssè,+229 26 75 73 21,solar_power@solarpowerenvir.com.bj,,TPE (<10),B2B,CCIB Annuaire,,Actif,2026-06-29T00:22:55.085267,moyenne
BJ-9C3987C1,Power,Énergie & Environnement,Ouèssè,+229 26 13 86 96,power@gmail.com,power.bj,TPE (<10),B2C,CCIB Annuaire,,Actif,2026-06-29T00:22:55.085301,haute
BJ-77A2539B,Power Hydroélectricité Africa,Énergie & Environnement,Ouèssè,+229 85 67 71 39,p.hydroélectricité@yahoo.fr,,TPE (<10),B2C,CCIB Annuaire,,Actif,2026-06-29T00:22:55.085344,moyenne
BJ-2662D5FA,Tri,Énergie & Environnement,Ouèssè,+229 90 60 69 74,tri@tri.com.bj,,PME (10-50),B2B,CCIB Annuaire,,Actif,2026-06-29T00:22:55.085371,moyenne
BJ-D9A858FC,Biomasse Ouèssè,Énergie & Environnement,Ouèssè,+229 83 63 42 29,,biomasseouèssè.bj,TPE (<10),B2C,CCIB Annuaire,,Actif,2026-06-29T00:22:55.085404,moyenne
BJ-1FCA27D6,Eau Adduction,Énergie & Environnement,Bassila,+229 99 53 12 59,eauadduction@yahoo.fr,eauadduction.bj,PME (50-200),B2C,CCIB Annuaire,,Actif,2026-06-29T00:22:55.085457,haute
BJ-DF01D53C,Éolien Recyclage Bassila,Énergie & Environnement,Bassila,+229 80 93 96 47,é.recyclage@hotmail.com,,TPE (<10),B2B,CCIB Annuaire,,Actif,2026-06-29T00:22:55.085510,moyenne
BJ-AB7E4D36,Puits,Énergie & Environnement,Bassila,+229 45 73 59 93,puits@puits.bj,puits.bj,PME (50-200),B2B,CCIB Annuaire,,Actif,2026-06-29T00:22:55.085536,haute
BJ-A1AC35CC,Traitement Clean,Énergie & Environnement,Bassila,+229 30 68 27 51,traitementclean@traitementclean.com.bj,,TPE (<10),B2C,CCIB Annuaire,,Actif,2026-06-29T00:22:55.085563,moyenne
BJ-85035E12,Stockage Energy,Énergie & Environnement,Bassila,+229 93 63 90 57,s.energy@stockageenergy.org.bj,,TPE (<10),B2C,CCIB Annuaire,,Actif,2026-06-29T00:22:55.085597,moyenne
BJ-59CB9A1A,Bio Microgrid Energy Pehunco,Énergie & Environnement,Pehunco,+229 35 20 84 48,,biomicrogridenergypehunco.bj,TPE (<10),B2B,CCIB Annuaire,,Actif,2026-06-29T00:22:55.085643,moyenne
BJ-231513A1,Compostage Energy,Énergie & Environnement,Pehunco,+229 81 42 55 90,compostage.energy@outlook.com,compostageenergy.bj,PME (10-50),B2C,CCIB Annuaire,,Actif,2026-06-29T00:22:55.085678,haute
BJ-C6B82598,Puits Clean Pehunco,Énergie & Environnement,Pehunco,+229 50 19 96 14,p.clean@yahoo.com,,PME (50-200),B2C,CCIB Annuaire,,Actif,2026-06-29T00:22:55.085712,moyenne
BJ-DF504118,Environnement Power,Énergie & Environnement,Pehunco,+229 34 91 26 45,environnement.power@yahoo.com,,TPE (<10),B2B,CCIB Annuaire,,Actif,2026-06-29T00:22:55.085751,moyenne
BJ-1A007AE3,Nature Adduction Green,Énergie & Environnement,Pehunco,+229 29 99 44 74,natureadduction@natureadduction.com.bj,natureadductiongreen.bj,TPE (<10),B2C,CCIB Annuaire,,Actif,2026-06-29T00:22:55.085780,haute
BJ-F95CE44C,Potable Solar,Énergie & Environnement,Copargo,+229 87 22 51 43,potablesolar@potablesolar.org.bj,,TPE (<10),B2B,CCIB Annuaire,,Actif,2026-06-29T00:22:55.085829,moyenne
BJ-FD191E4B,Onduleur,Énergie & Environnement,Copargo,+229 74 10 73 89,onduleur@onduleur.com.bj,,PME (10-50),B2C,CCIB Annuaire,,Actif,2026-06-29T00:22:55.085864,moyenne
BJ-C33F30BC,Bio Assainissement Bénin,Énergie & Environnement,Copargo,+229 82 14 88 39,bioassainissement@hotmail.com,bioassainissementbénin.bj,TPE (<10),B2C,CCIB Annuaire,,Actif,2026-06-29T00:22:55.085925,haute
BJ-C3608405,Batterie,Énergie & Environnement,Copargo,+229 73 32 17 80,batterie@yahoo.fr,,TPE (<10),B2B,CCIB Annuaire,,Actif,2026-06-29T00:22:55.085959,moyenne
BJ-2E8544D6,Durable Water,Énergie & Environnement,Copargo,+229 56 65 81 75,durable_water@durablewater.com.bj,durablewater.bj,TPE (<10),B2B,CCIB Annuaire,,Actif,2026-06-29T00:22:55.085990,haute
BJ-B4E7329A,Studio Journal Cotonou,Médias & Communication,Cotonou,+229 76 77 46 94,studiojournal@studiojournalco.com.bj,,TPE (<10),B2B,CCIB Annuaire,,Actif,2026-06-29T00:22:55.086038,moyenne
BJ-3D865569,Communication Nouvelles Bénin,Médias & Communication,Cotonou,+229 27 84 13 46,communicationnouvelles@communicationno.bj,communicationnouvellesbénin.bj,TPE (<10),B2B,CCIB Annuaire,,Actif,2026-06-29T00:22:55.086078,haute
BJ-3817FFA5,Production Influenceur Africa,Médias & Communication,Cotonou,+229 98 51 79 21,production.influenceur@productioninflu.org.bj,productioninfluenceurafrica.bj,TPE (<10),B2B,CCIB Annuaire,,Actif,2026-06-29T00:22:55.086123,haute
BJ-48EC986C,Interview Cotonou,Médias & Communication,Cotonou,+229 99 61 58 87,interview.cotonou@yahoo.fr,interviewcotonou.bj,TPE (<10),B2C,CCIB Annuaire,,Actif,2026-06-29T00:22:55.086153,haute
BJ-AA09C019,Facebook Africa,Médias & Communication,Cotonou,+229 26 19 30 98,,facebookafrica.bj,PME (10-50),B2C,CCIB Annuaire,,Actif,2026-06-29T00:22:55.086182,moyenne
BJ-24C419F6,Réseaux Radio,Médias & Communication,Abomey-Calavi,+229 79 98 72 74,r.radio@réseauxradio.org.bj,réseauxradio.bj,PME (50-200),B2B,CCIB Annuaire,,Actif,2026-06-29T00:22:55.086237,haute
BJ-1BE0FA0C,Agence VOD TV Abomey-Calavi,Médias & Communication,Abomey-Calavi,+229 27 57 38 85,a.vod@agencevodtvabom.com.bj,agencevodtvabomeycalavi.bj,PME (50-200),B2C,CCIB Annuaire,,Actif,2026-06-29T00:22:55.086276,haute
BJ-162F5AEA,Média Journal,Médias & Communication,Abomey-Calavi,+229 21 68 29 16,média.journal@médiajournal.org.bj,médiajournal.bj,PME (50-200),B2C,CCIB Annuaire,,Actif,2026-06-29T00:22:55.086311,haute
BJ-C9A7B82A,TV Photo,Médias & Communication,Abomey-Calavi,+229 69 60 69 95,photo@yahoo.fr,tvphoto.bj,PME (10-50),B2B,CCIB Annuaire,,Actif,2026-06-29T00:22:55.086343,haute
BJ-719FB974,Journal,Médias & Communication,Abomey-Calavi,+229 29 17 63 28,,journal.bj,TPE (<10),B2C,CCIB Annuaire,,Actif,2026-06-29T00:22:55.086364,moyenne
BJ-91B55ADA,TV Rédaction,Médias & Communication,Porto-Novo,+229 25 54 24 45,,tvrédaction.bj,PME (10-50),B2B,CCIB Annuaire,,Actif,2026-06-29T00:22:55.086403,moyenne
BJ-4716378B,Mixage Press,Médias & Communication,Porto-Novo,+229 57 51 61 15,m.press@mixagepress.org.bj,mixagepress.bj,PME (10-50),B2B,CCIB Annuaire,,Actif,2026-06-29T00:22:55.086437,haute
BJ-C5DC122C,Production Facebook,Médias & Communication,Porto-Novo,+229 66 62 24 50,production.facebook@outlook.com,,PME (10-50),B2C,CCIB Annuaire,,Actif,2026-06-29T00:22:55.086482,moyenne
BJ-7256B445,Télévision Studios,Médias & Communication,Porto-Novo,+229 98 85 42 96,,,TPE (<10),B2B,CCIB Annuaire,,Actif,2026-06-29T00:22:55.086497,basse
BJ-EB4C224F,Communication Création Porto-Novo,Médias & Communication,Porto-Novo,+229 77 46 45 69,communicationcréation@communicationcr.bj,communicationcréationportonovo.bj,TPE (<10),B2B,CCIB Annuaire,,Actif,2026-06-29T00:22:55.086519,haute
BJ-1F1A4B82,Contenu TV,Médias & Communication,Parakou,+229 42 97 69 65,contenu@yahoo.fr,,PME (50-200),B2C,CCIB Annuaire,,Actif,2026-06-29T00:22:55.086543,moyenne
BJ-07277CD9,Journal Media,Médias & Communication,Parakou,+229 34 71 31 23,journal.media@hotmail.com,,PME (50-200),B2B,CCIB Annuaire,,Actif,2026-06-29T00:22:55.086559,moyenne
BJ-6B8B58D2,Éditorial,Médias & Communication,Parakou,+229 31 64 53 48,,,TPE (<10),B2C,CCIB Annuaire,,Actif,2026-06-29T00:22:55.086571,basse
BJ-58A2B89F,Série Press,Médias & Communication,Parakou,+229 78 91 16 43,s.press@sériepress.bj,sériepress.bj,TPE (<10),B2C,CCIB Annuaire,,Actif,2026-06-29T00:22:55.086589,haute
BJ-F6EBA71C,Média Publicité Radio,Médias & Communication,Parakou,+229 23 77 65 81,,médiapublicitéradio.bj,PME (50-200),B2B,CCIB Annuaire,,Actif,2026-06-29T00:22:55.086603,moyenne
BJ-5274BB57,Production Production TV,Médias & Communication,Bohicon,+229 22 86 92 40,productionproduction@productionprodu.com.bj,productionproductiontv.bj,PME (10-50),B2B,CCIB Annuaire,,Actif,2026-06-29T00:22:55.086627,haute
BJ-76A4DA41,Média,Médias & Communication,Bohicon,+229 23 35 79 30,média@média.bj,média.bj,TPE (<10),B2B,CCIB Annuaire,,Actif,2026-06-29T00:22:55.086643,haute
BJ-1D280224,Radio VOD Communication Bohicon,Médias & Communication,Bohicon,+229 20 73 12 37,,radiovodcommunicationbohicon.bj,TPE (<10),B2B,CCIB Annuaire,,Actif,2026-06-29T00:22:55.086659,moyenne
BJ-2C4E2BF4,Presse TV,Médias & Communication,Bohicon,+229 62 22 87 53,presse@pressetv.org.bj,pressetv.bj,TPE (<10),B2C,CCIB Annuaire,,Actif,2026-06-29T00:22:55.086675,haute
BJ-0AC1AE47,Radio TikTok TV,Médias & Communication,Bohicon,+229 20 29 70 10,,,PME (10-50),B2B,CCIB Annuaire,,Actif,2026-06-29T00:22:55.086686,basse
BJ-8E2D5B56,Communication Réseaux Communication,Médias & Communication,Natitingou,+229 88 40 66 81,communicationréseaux@yahoo.com,communicationréseauxcommunication.bj,PME (10-50),B2B,CCIB Annuaire,,Actif,2026-06-29T00:22:55.086712,haute
BJ-2309B463,Image,Médias & Communication,Natitingou,+229 80 73 90 58,,image.bj,TPE (<10),B2C,CCIB Annuaire,,Actif,2026-06-29T00:22:55.086724,moyenne
BJ-BA0593B6,Radio Influenceur Africa,Médias & Communication,Natitingou,+229 45 33 79 96,radioinfluenceur@yahoo.fr,radioinfluenceurafrica.bj,PME (50-200),B2B,CCIB Annuaire,,Actif,2026-06-29T00:22:55.086741,haute
BJ-55FE3103,Média Photo Bénin,Médias & Communication,Natitingou,+229 91 73 63 66,média.photo@gmail.com,,Grande (>200),B2C,CCIB Annuaire,,Actif,2026-06-29T00:22:55.086758,moyenne
BJ-DB383EAB,Radio Sociaux Networks,Médias & Communication,Natitingou,+229 74 39 52 62,,,PME (10-50),B2B,CCIB Annuaire,,Actif,2026-06-29T00:22:55.086770,basse
BJ-28F2C057,TV Mixage Bénin,Médias & Communication,Lokossa,+229 99 34 15 79,mixage.bénin@tvmixagebénin.com.bj,tvmixagebénin.bj,TPE (<10),B2C,CCIB Annuaire,,Actif,2026-06-29T00:22:55.086796,haute
BJ-5CE55750,Studio Social,Médias & Communication,Lokossa,+229 87 59 10 92,studiosocial@hotmail.com,studiosocial.bj,TPE (<10),B2B,CCIB Annuaire,,Actif,2026-06-29T00:22:55.086842,haute
BJ-8AA6F24E,Diffusion International Africa Lokossa,Médias & Communication,Lokossa,+229 26 98 25 20,,,PME (50-200),B2C,CCIB Annuaire,,Actif,2026-06-29T00:22:55.086854,basse
BJ-97961BF7,Journal VOD Bénin,Médias & Communication,Lokossa,+229 52 26 96 85,,journalvodbénin.bj,TPE (<10),B2C,CCIB Annuaire,,Actif,2026-06-29T00:22:55.086870,moyenne
BJ-14662FC6,Mixage,Médias & Communication,Ouidah,+229 88 41 27 12,mixage@hotmail.com,mixage.bj,PME (10-50),B2C,CCIB Annuaire,,Actif,2026-06-29T00:22:55.086909,haute
BJ-4BE2DC70,Social Ouidah,Médias & Communication,Ouidah,+229 36 76 23 37,,socialouidah.bj,TPE (<10),B2B,CCIB Annuaire,,Actif,2026-06-29T00:22:55.086924,moyenne
BJ-3518B78D,Agence Actualité Studios,Médias & Communication,Ouidah,+229 87 74 27 36,a.actualité@outlook.com,agenceactualitéstudios.bj,PME (10-50),B2C,CCIB Annuaire,,Actif,2026-06-29T00:22:55.086943,haute
BJ-CFD51E95,Radio Network,Médias & Communication,Ouidah,+229 34 16 32 69,radionetwork@hotmail.com,radionetwork.bj,PME (10-50),B2B,CCIB Annuaire,,Actif,2026-06-29T00:22:55.086959,haute
BJ-085CAA87,Journal Son Ouidah,Médias & Communication,Ouidah,+229 50 34 77 67,journalson@journalsonouida.org.bj,journalsonouidah.bj,TPE (<10),B2B,CCIB Annuaire,,Actif,2026-06-29T00:22:55.086976,haute
BJ-1CD6FCD3,Radio Contenu,Médias & Communication,Savalou,+229 99 51 55 89,,radiocontenu.bj,TPE (<10),B2C,CCIB Annuaire,,Actif,2026-06-29T00:22:55.086996,moyenne
BJ-C6C9C556,Démocratie Productions,Médias & Communication,Savalou,+229 93 86 79 81,démocratie.productions@démocratieprodu.com.bj,démocratieproductions.bj,PME (10-50),B2C,CCIB Annuaire,,Actif,2026-06-29T00:22:55.087014,haute
BJ-80C2E3F5,Communication Image TV,Médias & Communication,Savalou,+229 89 40 88 92,communicationimage@yahoo.com,communicationimagetv.bj,PME (10-50),B2B,CCIB Annuaire,,Actif,2026-06-29T00:22:55.087034,haute
BJ-0FA4DD35,Communication Démocratie,Médias & Communication,Savalou,+229 57 91 28 57,communication.démocratie@communicationdé.com.bj,communicationdémocratie.bj,TPE (<10),B2B,CCIB Annuaire,,Actif,2026-06-29T00:22:55.087053,haute
BJ-E790502A,Média Rédaction,Médias & Communication,Savalou,+229 92 25 70 64,média.rédaction@médiarédaction.org.bj,médiarédaction.bj,TPE (<10),B2C,CCIB Annuaire,,Actif,2026-06-29T00:22:55.087070,haute
BJ-AC6BEC4E,TikTok Africa,Médias & Communication,Dassa-Zoumè,+229 92 56 12 60,,tiktokafrica.bj,Grande (>200),B2B,CCIB Annuaire,,Actif,2026-06-29T00:22:55.087090,moyenne
BJ-6BAEE23F,Interview Networks,Médias & Communication,Dassa-Zoumè,+229 48 19 77 39,i.networks@interviewnetwor.com.bj,interviewnetworks.bj,PME (10-50),B2B,CCIB Annuaire,,Actif,2026-06-29T00:22:55.087111,haute
BJ-559CD7B0,Production SVOD Africa,Médias & Communication,Dassa-Zoumè,+229 55 28 70 93,production.svod@hotmail.com,productionsvodafrica.bj,TPE (<10),B2C,CCIB Annuaire,,Actif,2026-06-29T00:22:55.087128,haute
BJ-7FB20048,Journal Montage TV Dassa-Zoumè,Médias & Communication,Dassa-Zoumè,+229 89 33 74 53,journalmontage@yahoo.com,,PME (10-50),B2B,CCIB Annuaire,,Actif,2026-06-29T00:22:55.087145,moyenne
BJ-D1C0BD2B,OTT,Médias & Communication,Dassa-Zoumè,+229 98 54 71 75,ott@yahoo.com,ott.bj,TPE (<10),B2C,CCIB Annuaire,,Actif,2026-06-29T00:22:55.087159,haute
BJ-BA9DCCF1,Agence Média Communication,Médias & Communication,Kétou,+229 97 25 62 90,agence.média@gmail.com,agencemédiacommunication.bj,TPE (<10),B2C,CCIB Annuaire,,Actif,2026-06-29T00:22:55.087188,haute
BJ-78963A75,Actualité,Médias & Communication,Kétou,+229 60 39 98 65,actualité@actualité.org.bj,,PME (50-200),B2B,CCIB Annuaire,,Actif,2026-06-29T00:22:55.087202,moyenne
BJ-7A15B964,Presse Social Kétou,Médias & Communication,Kétou,+229 81 87 98 43,presse_social@hotmail.com,pressesocialkétou.bj,Grande (>200),B2B,CCIB Annuaire,,Actif,2026-06-29T00:22:55.087223,haute
BJ-4140DA28,Communication Démocratie,Médias & Communication,Kétou,+229 84 12 14 76,communicationdémocratie@yahoo.com,communicationdémocratie.bj,PME (50-200),B2B,CCIB Annuaire,,Actif,2026-06-29T00:22:55.087241,haute
BJ-9DBBBD99,Mixage Studios,Médias & Communication,Kétou,+229 33 20 46 47,mixage.studios@hotmail.com,mixagestudios.bj,PME (10-50),B2C,CCIB Annuaire,,Actif,2026-06-29T00:22:55.087256,haute
BJ-ECA1CE34,Radio Production,Médias & Communication,Covè,+229 27 56 59 72,radio.production@radioproduction.bj,radioproduction.bj,PME (10-50),B2C,CCIB Annuaire,,Actif,2026-06-29T00:22:55.087280,haute
BJ-DF01686E,Journal Graphisme,Médias & Communication,Covè,+229 56 65 97 63,j.graphisme@journalgraphism.com.bj,journalgraphisme.bj,TPE (<10),B2C,CCIB Annuaire,,Actif,2026-06-29T00:22:55.087297,haute
BJ-1A7CEE5E,International Networks,Médias & Communication,Covè,+229 79 73 76 96,,,TPE (<10),B2C,CCIB Annuaire,,Actif,2026-06-29T00:22:55.087309,basse
BJ-C936D312,Agence Journalisme Studios,Médias & Communication,Covè,+229 40 74 39 89,agencejournalisme@agencejournalis.bj,,TPE (<10),B2B,CCIB Annuaire,,Actif,2026-06-29T00:22:55.087324,moyenne
BJ-6648004C,Studio Facebook Productions,Médias & Communication,Covè,+229 49 74 55 94,studiofacebook@studiofacebookp.org.bj,studiofacebookproductions.bj,PME (10-50),B2C,CCIB Annuaire,,Actif,2026-06-29T00:22:55.087346,haute
BJ-45A96F77,Radio Contenu News,Médias & Communication,Pobè,+229 30 35 82 67,radiocontenu@radiocontenunew.bj,radiocontenunews.bj,TPE (<10),B2B,CCIB Annuaire,,Actif,2026-06-29T00:22:55.087369,haute
BJ-EE23405F,Influenceur Radio,Médias & Communication,Pobè,+229 22 12 12 43,influenceur.radio@influenceurradi.org.bj,,TPE (<10),B2B,CCIB Annuaire,,Actif,2026-06-29T00:22:55.087385,moyenne
BJ-220FDBEB,Graphisme Studios,Médias & Communication,Pobè,+229 68 42 78 29,g.studios@graphismestudio.bj,graphismestudios.bj,PME (10-50),B2C,CCIB Annuaire,,Actif,2026-06-29T00:22:55.087404,haute
BJ-47C53877,TV Production Radio,Médias & Communication,Pobè,+229 24 26 45 36,productionradio@outlook.com,tvproductionradio.bj,TPE (<10),B2C,CCIB Annuaire,,Actif,2026-06-29T00:22:55.087422,haute
BJ-098AAF85,Diffusion Information Productions Pobè,Médias & Communication,Pobè,+229 90 11 92 49,diffusioninformation@outlook.com,diffusioninformationproductionspobè.bj,PME (10-50),B2C,CCIB Annuaire,,Actif,2026-06-29T00:22:55.087439,haute
BJ-B781A942,Communication Network Bénin,Médias & Communication,Sakété,+229 72 16 12 40,communication.network@communicationne.bj,communicationnetworkbénin.bj,PME (10-50),B2C,CCIB Annuaire,,Actif,2026-06-29T00:22:55.087466,haute
BJ-7D00EE79,Média Démocratie Studios,Médias & Communication,Sakété,+229 61 36 66 81,média.démocratie@gmail.com,médiadémocratiestudios.bj,PME (10-50),B2C,CCIB Annuaire,,Actif,2026-06-29T00:22:55.087485,haute
BJ-5694923B,Graphisme,Médias & Communication,Sakété,+229 75 36 71 80,graphisme@gmail.com,graphisme.bj,PME (10-50),B2B,CCIB Annuaire,,Actif,2026-06-29T00:22:55.087499,haute
BJ-44E37400,Journal OTT,Médias & Communication,Sakété,+229 81 70 56 65,journalott@outlook.com,journalott.bj,TPE (<10),B2C,CCIB Annuaire,,Actif,2026-06-29T00:22:55.087515,haute
BJ-A6775E0B,Studio TikTok Bénin,Médias & Communication,Sakété,+229 98 68 74 78,studio.tiktok@studiotiktokbén.org.bj,,TPE (<10),B2B,CCIB Annuaire,,Actif,2026-06-29T00:22:55.087532,moyenne
BJ-BA6A7B23,Journalisme Adjara,Médias & Communication,Adjara,+229 64 94 68 51,journalismeadjara@hotmail.com,journalismeadjara.bj,PME (50-200),B2B,CCIB Annuaire,,Actif,2026-06-29T00:22:55.087571,haute
BJ-C93F557A,Studio National,Médias & Communication,Adjara,+229 88 36 42 84,studionational@studionational.com.bj,studionational.bj,TPE (<10),B2B,CCIB Annuaire,,Actif,2026-06-29T00:22:55.087605,haute
BJ-AB54DBCE,Communication Mixage Africa Adjara,Médias & Communication,Adjara,+229 20 33 91 47,communication.mixage@gmail.com,,PME (10-50),B2C,CCIB Annuaire,,Actif,2026-06-29T00:22:55.087624,moyenne
BJ-34A06664,Instagram,Médias & Communication,Allada,+229 28 76 42 97,instagram@hotmail.com,instagram.bj,TPE (<10),B2C,CCIB Annuaire,,Actif,2026-06-29T00:22:55.087646,haute
BJ-A6F35F90,Journal Photo Productions,Médias & Communication,Allada,+229 66 49 46 49,journalphoto@journalphotopro.org.bj,journalphotoproductions.bj,TPE (<10),B2C,CCIB Annuaire,,Actif,2026-06-29T00:22:55.087663,haute
BJ-43FFE8FF,Diffusion Interview Africa Allada,Médias & Communication,Allada,+229 54 91 64 14,diffusion.interview@diffusioninterv.bj,,PME (10-50),B2C,CCIB Annuaire,,Actif,2026-06-29T00:22:55.087681,moyenne
BJ-ECD16A17,Production Mixage Networks,Médias & Communication,Allada,+229 70 43 80 54,production_mixage@productionmixag.org.bj,productionmixagenetworks.bj,PME (50-200),B2C,CCIB Annuaire,,Actif,2026-06-29T00:22:55.087697,haute
BJ-D476F781,Influenceur Radio Allada,Médias & Communication,Allada,+229 39 96 97 38,influenceurradio@influenceurradi.org.bj,influenceurradioallada.bj,PME (50-200),B2B,CCIB Annuaire,,Actif,2026-06-29T00:22:55.087717,haute
BJ-D6878091,Communication Son Bénin Aplahoué,Médias & Communication,Aplahoué,+229 91 93 94 40,communicationson@communicationso.bj,communicationsonbéninaplahoué.bj,Grande (>200),B2C,CCIB Annuaire,,Actif,2026-06-29T00:22:55.087744,haute
BJ-436864AF,Production TV Aplahoué,Médias & Communication,Aplahoué,+229 90 16 13 44,productionaplahoué@productiontvapl.com.bj,productiontvaplahoué.bj,TPE (<10),B2C,CCIB Annuaire,,Actif,2026-06-29T00:22:55.087766,haute
BJ-440A0EC2,Production VOD,Médias & Communication,Aplahoué,+229 73 26 29 61,production_vod@outlook.com,productionvod.bj,PME (50-200),B2C,CCIB Annuaire,,Actif,2026-06-29T00:22:55.087787,haute
BJ-A9E523B9,Marketing,Médias & Communication,Aplahoué,+229 38 76 40 18,marketing@yahoo.com,marketing.bj,PME (10-50),B2C,CCIB Annuaire,,Actif,2026-06-29T00:22:55.087816,haute
BJ-3AF98ECE,Média Actualité Africa Dogbo-Tota,Médias & Communication,Dogbo-Tota,+229 82 43 95 93,médiaactualité@médiaactualitéa.com.bj,médiaactualitéafricadogbotota.bj,Grande (>200),B2B,CCIB Annuaire,,Actif,2026-06-29T00:22:55.087845,haute
BJ-5D8CC2A1,Journal Production Dogbo-Tota,Médias & Communication,Dogbo-Tota,+229 70 20 92 56,journal.production@gmail.com,journalproductiondogbotota.bj,PME (10-50),B2C,CCIB Annuaire,,Actif,2026-06-29T00:22:55.087864,haute
BJ-8FEE9549,Journalisme TV Dogbo-Tota,Médias & Communication,Dogbo-Tota,+229 33 74 35 85,j.dogbo@journalismetvdo.org.bj,,TPE (<10),B2C,CCIB Annuaire,,Actif,2026-06-29T00:22:55.087880,moyenne
BJ-CE43BB85,Radio Démocratie Bénin,Médias & Communication,Dogbo-Tota,+229 38 30 72 77,,,PME (50-200),B2C,CCIB Annuaire,,Actif,2026-06-29T00:22:55.087906,basse
BJ-BBBAE8C6,Presse OTT TV,Médias & Communication,Dogbo-Tota,+229 44 30 82 56,presse.ott@outlook.com,presseotttv.bj,TPE (<10),B2C,CCIB Annuaire,,Actif,2026-06-29T00:22:55.087925,haute
BJ-7D4C9106,Journalisme,Médias & Communication,Kpomassè,+229 84 71 73 14,journalisme@gmail.com,,PME (10-50),B2C,CCIB Annuaire,,Actif,2026-06-29T00:22:55.087948,moyenne
BJ-FE37335A,Communication Interview,Médias & Communication,Kpomassè,+229 87 40 29 83,communicationinterview@communicationin.com.bj,communicationinterview.bj,PME (10-50),B2B,CCIB Annuaire,,Actif,2026-06-29T00:22:55.087971,haute
BJ-47E92AA1,TV Instagram Communication Kpomassè,Médias & Communication,Kpomassè,+229 68 76 18 36,,,TPE (<10),B2B,CCIB Annuaire,,Actif,2026-06-29T00:22:55.087987,basse
BJ-9FCD40E8,TV Information,Médias & Communication,Kpomassè,+229 50 62 34 29,information@outlook.com,,Grande (>200),B2B,CCIB Annuaire,,Actif,2026-06-29T00:22:55.088014,moyenne
BJ-A700378C,Diffusion Cinéma Productions Tori-Bossito,Médias & Communication,Tori-Bossito,+229 90 95 63 10,diffusioncinéma@diffusioncinéma.bj,diffusioncinémaproductionstoribossito.bj,TPE (<10),B2C,CCIB Annuaire,,Actif,2026-06-29T00:22:55.088054,haute
BJ-6C960E56,Éditorial Productions Tori-Bossito,Médias & Communication,Tori-Bossito,+229 41 67 81 76,éditorialproductions@éditorialproduc.org.bj,,TPE (<10),B2B,CCIB Annuaire,,Actif,2026-06-29T00:22:55.088076,moyenne
BJ-6CDF1DCC,Communication National,Médias & Communication,Tori-Bossito,+229 31 39 80 57,communication.national@outlook.com,communicationnational.bj,Grande (>200),B2C,CCIB Annuaire,,Actif,2026-06-29T00:22:55.088094,haute
BJ-5E663681,Design Radio,Médias & Communication,Tori-Bossito,+229 20 40 91 33,d.radio@designradio.bj,designradio.bj,TPE (<10),B2C,CCIB Annuaire,,Actif,2026-06-29T00:22:55.088111,haute
BJ-4E7D3BC3,Influenceur,Médias & Communication,Tori-Bossito,+229 33 68 41 15,influenceur@yahoo.fr,influenceur.bj,Grande (>200),B2B,CCIB Annuaire,,Actif,2026-06-29T00:22:55.088126,haute
BJ-70B93E4E,Radio Podcast Networks,Médias & Communication,Grand-Popo,+229 53 11 75 30,,radiopodcastnetworks.bj,PME (10-50),B2C,CCIB Annuaire,,Actif,2026-06-29T00:22:55.088146,moyenne
BJ-817D5101,Réalisation Radio,Médias & Communication,Grand-Popo,+229 99 78 48 16,,réalisationradio.bj,TPE (<10),B2B,CCIB Annuaire,,Actif,2026-06-29T00:22:55.088178,moyenne
BJ-098430DF,Podcast Media Grand-Popo,Médias & Communication,Grand-Popo,+229 59 66 88 60,podcastmedia@podcastmediagra.org.bj,podcastmediagrandpopo.bj,TPE (<10),B2B,CCIB Annuaire,,Actif,2026-06-29T00:22:55.088197,haute
BJ-699F4111,Journalisme,Médias & Communication,Athiémé,+229 92 51 66 95,journalisme@hotmail.com,journalisme.bj,TPE (<10),B2B,CCIB Annuaire,,Actif,2026-06-29T00:22:55.088233,haute
BJ-974EE8DC,Télévision,Médias & Communication,Athiémé,+229 59 93 21 31,télévision@gmail.com,télévision.bj,PME (50-200),B2B,CCIB Annuaire,,Actif,2026-06-29T00:22:55.088265,haute
BJ-C8FF491C,Radio SVOD,Médias & Communication,Athiémé,+229 97 71 98 78,radio.svod@radiosvod.org.bj,radiosvod.bj,PME (10-50),B2B,CCIB Annuaire,,Actif,2026-06-29T00:22:55.088307,haute
BJ-79FA70F8,Presse Reportage News,Médias & Communication,Athiémé,+229 84 85 77 60,,pressereportagenews.bj,PME (10-50),B2B,CCIB Annuaire,,Actif,2026-06-29T00:22:55.088328,moyenne
BJ-500EACCA,Studio Réseaux Press,Médias & Communication,Athiémé,+229 39 10 81 99,studioréseaux@studioréseauxpr.org.bj,,PME (10-50),B2C,CCIB Annuaire,,Actif,2026-06-29T00:22:55.088358,moyenne
BJ-7FB1D5EB,Studio Social TV,Médias & Communication,Bopa,+229 23 61 60 65,studiosocial@yahoo.fr,studiosocialtv.bj,PME (10-50),B2B,CCIB Annuaire,,Actif,2026-06-29T00:22:55.088401,haute
BJ-E77B252B,Média LinkedIn,Médias & Communication,Bopa,+229 51 95 32 15,média.linkedin@médialinkedin.com.bj,,PME (10-50),B2B,CCIB Annuaire,,Actif,2026-06-29T00:22:55.088434,moyenne
BJ-C0EFC1B0,Vidéo Communication,Médias & Communication,Bopa,+229 50 82 40 87,vidéo.communication@gmail.com,vidéocommunication.bj,PME (50-200),B2B,CCIB Annuaire,,Actif,2026-06-29T00:22:55.088471,haute
BJ-A3747963,SVOD News Bopa,Médias & Communication,Bopa,+229 74 64 18 86,svodnews@svodnewsbopa.org.bj,svodnewsbopa.bj,TPE (<10),B2B,CCIB Annuaire,,Actif,2026-06-29T00:22:55.088499,haute
BJ-3D7C590D,Studio Facebook Africa,Médias & Communication,Bopa,+229 76 80 19 71,,studiofacebookafrica.bj,PME (10-50),B2B,CCIB Annuaire,,Actif,2026-06-29T00:22:55.088521,moyenne
BJ-87A68926,Radio Digital Radio,Médias & Communication,Houéyogbé,+229 89 60 29 42,radio.digital@radiodigitalrad.org.bj,radiodigitalradio.bj,Grande (>200),B2C,CCIB Annuaire,,Actif,2026-06-29T00:22:55.088563,haute
BJ-19F19545,Production Podcast TV,Médias & Communication,Houéyogbé,+229 84 32 82 99,productionpodcast@yahoo.com,productionpodcasttv.bj,TPE (<10),B2C,CCIB Annuaire,,Actif,2026-06-29T00:22:55.088592,haute
BJ-C82FAB13,Montage,Médias & Communication,Houéyogbé,+229 60 31 93 73,montage@outlook.com,montage.bj,Grande (>200),B2B,CCIB Annuaire,,Actif,2026-06-29T00:22:55.088615,haute
BJ-7455A23F,Agence Vidéo News,Médias & Communication,Houéyogbé,+229 42 61 22 18,,agencevidéonews.bj,PME (50-200),B2B,CCIB Annuaire,,Actif,2026-06-29T00:22:55.088638,moyenne
BJ-8B715383,Photo TV,Médias & Communication,Houéyogbé,+229 46 36 23 74,,,PME (50-200),B2B,CCIB Annuaire,,Actif,2026-06-29T00:22:55.088658,basse
BJ-B8C90613,Facebook Malanville,Médias & Communication,Malanville,+229 41 57 89 88,facebook.malanville@yahoo.com,,PME (50-200),B2B,CCIB Annuaire,,Actif,2026-06-29T00:22:55.088702,moyenne
BJ-6FC83399,Contenu Productions,Médias & Communication,Malanville,+229 40 55 31 31,contenu_productions@contenuproducti.org.bj,,TPE (<10),B2C,CCIB Annuaire,,Actif,2026-06-29T00:22:55.088732,moyenne
BJ-DF860A11,Presse Création Malanville,Médias & Communication,Malanville,+229 43 23 96 76,p.création@pressecréationm.org.bj,pressecréationmalanville.bj,TPE (<10),B2B,CCIB Annuaire,,Actif,2026-06-29T00:22:55.088772,haute
BJ-36EFE8AD,Instagram,Médias & Communication,Malanville,+229 49 30 97 12,instagram@outlook.com,instagram.bj,PME (10-50),B2C,CCIB Annuaire,,Actif,2026-06-29T00:22:55.088797,haute
BJ-C0807CFB,Cinéma Communication,Médias & Communication,Malanville,+229 50 61 42 89,cinémacommunication@outlook.com,cinémacommunication.bj,PME (10-50),B2B,CCIB Annuaire,,Actif,2026-06-29T00:22:55.088827,haute
BJ-20976A7D,Production Podcast Bénin,Médias & Communication,Kandi,+229 21 72 20 38,p.podcast@productionpodca.bj,productionpodcastbénin.bj,TPE (<10),B2B,CCIB Annuaire,,Actif,2026-06-29T00:22:55.088871,haute
BJ-693701F2,TV Twitter Networks,Médias & Communication,Kandi,+229 65 74 11 28,twitter.networks@tvtwitternetwor.org.bj,tvtwitternetworks.bj,TPE (<10),B2B,CCIB Annuaire,,Actif,2026-06-29T00:22:55.088925,haute
BJ-E5C4D6EC,Diffusion Influenceur TV Kandi,Médias & Communication,Kandi,+229 59 92 99 59,diffusioninfluenceur@diffusioninflue.org.bj,diffusioninfluenceurtvkandi.bj,PME (10-50),B2B,CCIB Annuaire,,Actif,2026-06-29T00:22:55.088957,haute
BJ-AA913D3C,Presse OTT Bénin,Médias & Communication,Kandi,+229 64 97 33 90,,presseottbénin.bj,PME (10-50),B2B,CCIB Annuaire,,Actif,2026-06-29T00:22:55.088980,moyenne
BJ-F01BDE9C,TV Mixage,Médias & Communication,Kandi,+229 20 54 53 74,,tvmixage.bj,TPE (<10),B2B,CCIB Annuaire,,Actif,2026-06-29T00:22:55.089001,moyenne
BJ-116B9742,Journal SVOD Banikoara,Médias & Communication,Banikoara,+229 26 53 27 30,,journalsvodbanikoara.bj,PME (10-50),B2B,CCIB Annuaire,,Actif,2026-06-29T00:22:55.089034,moyenne
BJ-91CCAF14,Radio Journalisme Radio,Médias & Communication,Banikoara,+229 79 57 94 91,radio.journalisme@outlook.com,radiojournalismeradio.bj,TPE (<10),B2C,CCIB Annuaire,,Actif,2026-06-29T00:22:55.089064,haute
BJ-F97EED88,Production Publicité,Médias & Communication,Banikoara,+229 25 86 48 31,production.publicité@yahoo.fr,productionpublicité.bj,PME (50-200),B2C,CCIB Annuaire,,Actif,2026-06-29T00:22:55.089109,haute
BJ-E150902A,Média Banikoara,Médias & Communication,Banikoara,+229 27 96 37 15,médiabanikoara@médiabanikoara.com.bj,,PME (50-200),B2B,CCIB Annuaire,,Actif,2026-06-29T00:22:55.089148,moyenne
BJ-2DF89215,Studio Sociaux,Médias & Communication,Banikoara,+229 61 86 76 98,studiosociaux@hotmail.com,,TPE (<10),B2C,CCIB Annuaire,,Actif,2026-06-29T00:22:55.089178,moyenne
BJ-6DD81CE1,Streaming,Médias & Communication,Ségbana,+229 53 44 60 61,streaming@streaming.com.bj,,TPE (<10),B2B,CCIB Annuaire,,Actif,2026-06-29T00:22:55.089203,moyenne
BJ-BECA93CE,Agence Facebook Radio,Médias & Communication,Ségbana,+229 37 37 64 55,,agencefacebookradio.bj,Grande (>200),B2C,CCIB Annuaire,,Actif,2026-06-29T00:22:55.089216,moyenne
BJ-DB705E3F,Création,Médias & Communication,Ségbana,+229 96 21 66 52,création@création.bj,création.bj,PME (10-50),B2C,CCIB Annuaire,,Actif,2026-06-29T00:22:55.089232,haute
BJ-0332A40E,Studio Rédaction,Médias & Communication,Ségbana,+229 96 44 20 75,,studiorédaction.bj,PME (10-50),B2B,CCIB Annuaire,,Actif,2026-06-29T00:22:55.089250,moyenne
BJ-AA90063D,Diffusion Mixage,Médias & Communication,Ségbana,+229 63 24 21 20,diffusion.mixage@yahoo.com,,PME (10-50),B2C,CCIB Annuaire,,Actif,2026-06-29T00:22:55.089267,moyenne
BJ-0FF8369D,Instagram Radio Karimama,Médias & Communication,Karimama,+229 23 59 29 56,,instagramradiokarimama.bj,PME (50-200),B2B,CCIB Annuaire,,Actif,2026-06-29T00:22:55.089287,moyenne
BJ-3874D55E,TV Son Radio,Médias & Communication,Karimama,+229 80 11 65 81,son.radio@gmail.com,,TPE (<10),B2B,CCIB Annuaire,,Actif,2026-06-29T00:22:55.089302,moyenne
BJ-534BA57C,Média Télévision TV Karimama,Médias & Communication,Karimama,+229 35 39 51 13,médiatélévision@outlook.com,médiatélévisiontvkarimama.bj,Grande (>200),B2B,CCIB Annuaire,,Actif,2026-06-29T00:22:55.089325,haute
BJ-3961BF93,Diffusion Actualité Press,Médias & Communication,Karimama,+229 47 11 87 18,diffusion.actualité@hotmail.com,diffusionactualitépress.bj,Grande (>200),B2C,CCIB Annuaire,,Actif,2026-06-29T00:22:55.089343,haute
BJ-FBBB00F0,Presse National Networks,Médias & Communication,Karimama,+229 38 70 89 47,p.national@yahoo.com,pressenationalnetworks.bj,TPE (<10),B2B,CCIB Annuaire,,Actif,2026-06-29T00:22:55.089359,haute
BJ-5C45AF04,Média Facebook,Médias & Communication,Gogounou,+229 80 17 36 65,médiafacebook@yahoo.com,,PME (50-200),B2B,CCIB Annuaire,,Actif,2026-06-29T00:22:55.089383,moyenne
BJ-6CB4A533,Éditorial Media,Médias & Communication,Gogounou,+229 49 18 90 88,éditorial.media@hotmail.com,,PME (50-200),B2B,CCIB Annuaire,,Actif,2026-06-29T00:22:55.089403,moyenne
BJ-D8E709B5,Publicité Africa,Médias & Communication,Gogounou,+229 54 41 64 61,publicité.africa@gmail.com,,Grande (>200),B2C,CCIB Annuaire,,Actif,2026-06-29T00:22:55.089420,moyenne
BJ-76FA8C60,Radio Télévision Africa,Médias & Communication,Gogounou,+229 67 22 96 18,,radiotélévisionafrica.bj,PME (10-50),B2C,CCIB Annuaire,,Actif,2026-06-29T00:22:55.089432,moyenne
BJ-31B8A72B,Journal Information News,Médias & Communication,Gogounou,+229 46 22 76 22,,journalinformationnews.bj,PME (10-50),B2B,CCIB Annuaire,,Actif,2026-06-29T00:22:55.089445,moyenne
BJ-632D8941,Presse Network Cobly,Médias & Communication,Cobly,+229 22 49 97 36,,pressenetworkcobly.bj,PME (10-50),B2B,CCIB Annuaire,,Actif,2026-06-29T00:22:55.089464,moyenne
BJ-2C64F13C,Blogueur,Médias & Communication,Cobly,+229 64 15 26 65,blogueur@hotmail.com,blogueur.bj,TPE (<10),B2B,CCIB Annuaire,,Actif,2026-06-29T00:22:55.089478,haute
BJ-0945EF9F,Nouvelles Media,Médias & Communication,Cobly,+229 69 65 60 91,,nouvellesmedia.bj,PME (10-50),B2C,CCIB Annuaire,,Actif,2026-06-29T00:22:55.089490,moyenne
BJ-FECF8696,Presse Productions,Médias & Communication,Cobly,+229 62 28 87 91,presseproductions@yahoo.com,,TPE (<10),B2B,CCIB Annuaire,,Actif,2026-06-29T00:22:55.089527,moyenne
BJ-46BA8AC3,Média Montage Tanguiéta,Médias & Communication,Tanguiéta,+229 69 21 24 35,médiamontage@hotmail.com,médiamontagetanguiéta.bj,PME (10-50),B2C,CCIB Annuaire,,Actif,2026-06-29T00:22:55.089561,haute
BJ-3F200BCF,Photo,Médias & Communication,Tanguiéta,+229 60 51 55 55,,photo.bj,PME (10-50),B2C,CCIB Annuaire,,Actif,2026-06-29T00:22:55.089574,moyenne
BJ-71DBD8BD,Presse Network Tanguiéta,Médias & Communication,Tanguiéta,+229 34 79 48 78,pressenetwork@pressenetworkta.com.bj,pressenetworktanguiéta.bj,TPE (<10),B2C,CCIB Annuaire,,Actif,2026-06-29T00:22:55.089591,haute
BJ-AE1A61C2,Marketing,Médias & Communication,Tanguiéta,+229 54 52 92 98,marketing@marketing.org.bj,marketing.bj,TPE (<10),B2C,CCIB Annuaire,,Actif,2026-06-29T00:22:55.089606,haute
BJ-04A107F0,Studio Podcast,Médias & Communication,Tanguiéta,+229 38 59 79 40,studio.podcast@studiopodcast.org.bj,studiopodcast.bj,PME (50-200),B2B,CCIB Annuaire,,Actif,2026-06-29T00:22:55.089622,haute
BJ-938C058A,Studio Communication Press Matéri,Médias & Communication,Matéri,+229 65 55 46 67,studio.communication@gmail.com,studiocommunicationpressmatéri.bj,Grande (>200),B2B,CCIB Annuaire,,Actif,2026-06-29T00:22:55.089646,haute
BJ-668D9A71,Instagram,Médias & Communication,Matéri,+229 30 47 75 29,instagram@instagram.org.bj,instagram.bj,PME (50-200),B2B,CCIB Annuaire,,Actif,2026-06-29T00:22:55.089660,haute
BJ-01F7F628,Diffusion Streaming Productions Matéri,Médias & Communication,Matéri,+229 53 25 58 44,diffusion.streaming@diffusionstream.org.bj,diffusionstreamingproductionsmatéri.bj,TPE (<10),B2B,CCIB Annuaire,,Actif,2026-06-29T00:22:55.089682,haute
BJ-323EE6F7,Sociaux,Médias & Communication,Matéri,+229 46 27 48 30,,sociaux.bj,PME (10-50),B2B,CCIB Annuaire,,Actif,2026-06-29T00:22:55.089695,moyenne
BJ-511494AE,Film,Médias & Communication,Matéri,+229 84 35 96 72,film@hotmail.com,film.bj,PME (50-200),B2C,CCIB Annuaire,,Actif,2026-06-29T00:22:55.089710,haute
BJ-C08C3F89,Instagram,Médias & Communication,Natitingou,+229 21 56 83 42,instagram@instagram.bj,instagram.bj,PME (50-200),B2B,CCIB Annuaire,,Actif,2026-06-29T00:22:55.089754,haute
BJ-2291AE91,OTT Communication,Médias & Communication,Natitingou,+229 53 29 22 62,ott.communication@ottcommunicatio.com.bj,,TPE (<10),B2B,CCIB Annuaire,,Actif,2026-06-29T00:22:55.089780,moyenne
BJ-58EF06A4,Studio VOD Radio,Médias & Communication,Natitingou,+229 64 48 83 58,studiovod@studiovodradio.org.bj,studiovodradio.bj,PME (50-200),B2C,CCIB Annuaire,,Actif,2026-06-29T00:22:55.089821,haute
BJ-63DAB9C9,Image Studios,Médias & Communication,Natitingou,+229 79 70 96 73,i.studios@hotmail.com,imagestudios.bj,PME (50-200),B2B,CCIB Annuaire,,Actif,2026-06-29T00:22:55.089867,haute
BJ-9A687F1F,Média Bénin,Médias & Communication,Natitingou,+229 31 49 54 23,,médiabénin.bj,TPE (<10),B2C,CCIB Annuaire,,Actif,2026-06-29T00:22:55.089912,moyenne
BJ-4CEA7ED6,Agence VOD,Médias & Communication,Toucountouna,+229 70 96 75 52,agence_vod@agencevod.bj,agencevod.bj,PME (10-50),B2B,CCIB Annuaire,,Actif,2026-06-29T00:22:55.089963,haute
BJ-5DAC55FB,Production Film Toucountouna,Médias & Communication,Toucountouna,+229 27 32 65 57,production.film@productionfilmt.org.bj,productionfilmtoucountouna.bj,TPE (<10),B2B,CCIB Annuaire,,Actif,2026-06-29T00:22:55.090000,haute
BJ-6B32F337,Information,Médias & Communication,Toucountouna,+229 42 78 62 71,information@gmail.com,information.bj,TPE (<10),B2C,CCIB Annuaire,,Actif,2026-06-29T00:22:55.090023,haute
BJ-D07AAA04,Agence Série Press,Médias & Communication,Toucountouna,+229 76 30 58 11,agencesérie@yahoo.fr,agencesériepress.bj,PME (50-200),B2C,CCIB Annuaire,,Actif,2026-06-29T00:22:55.090043,haute
BJ-AB79A418,Journal Twitter Radio,Médias & Communication,Toucountouna,+229 55 79 71 98,,journaltwitterradio.bj,PME (50-200),B2C,CCIB Annuaire,,Actif,2026-06-29T00:22:55.090056,moyenne
BJ-D4AB0A0C,Mixage Radio,Médias & Communication,Boukoumbé,+229 98 16 88 85,mixageradio@mixageradio.org.bj,mixageradio.bj,PME (10-50),B2B,CCIB Annuaire,,Actif,2026-06-29T00:22:55.090082,haute
BJ-0D40E15A,Liberté Bénin,Médias & Communication,Boukoumbé,+229 26 86 24 27,liberté.bénin@libertébénin.com.bj,libertébénin.bj,PME (50-200),B2B,CCIB Annuaire,,Actif,2026-06-29T00:22:55.090101,haute
BJ-AB1418DE,Journal Journal News,Médias & Communication,Boukoumbé,+229 65 23 82 65,,journaljournalnews.bj,Grande (>200),B2B,CCIB Annuaire,,Actif,2026-06-29T00:22:55.090113,moyenne
BJ-69385717,Production SVOD,Médias & Communication,Boukoumbé,+229 23 86 74 90,production.svod@productionsvod.org.bj,productionsvod.bj,TPE (<10),B2C,CCIB Annuaire,,Actif,2026-06-29T00:22:55.090130,haute
BJ-4F482A40,Presse,Médias & Communication,Boukoumbé,+229 97 42 72 45,,presse.bj,TPE (<10),B2C,CCIB Annuaire,,Actif,2026-06-29T00:22:55.090143,moyenne
BJ-C1DF6D7E,Radio Information,Médias & Communication,Kouandé,+229 25 52 95 69,,,TPE (<10),B2B,CCIB Annuaire,,Actif,2026-06-29T00:22:55.090161,basse
BJ-3B687566,Production Documentaire,Médias & Communication,Kouandé,+229 74 36 76 64,production_documentaire@yahoo.com,,PME (10-50),B2B,CCIB Annuaire,,Actif,2026-06-29T00:22:55.090177,moyenne
BJ-05A74BF4,Création Radio,Médias & Communication,Kouandé,+229 37 33 86 30,,créationradio.bj,PME (50-200),B2B,CCIB Annuaire,,Actif,2026-06-29T00:22:55.090198,moyenne
BJ-3B2694DF,Agence Publicité Africa Kouandé,Médias & Communication,Kouandé,+229 67 29 38 33,,agencepublicitéafricakouandé.bj,PME (50-200),B2C,CCIB Annuaire,,Actif,2026-06-29T00:22:55.090215,moyenne
BJ-969AB5BD,Presse Communication,Médias & Communication,Kouandé,+229 50 58 61 75,p.communication@pressecommunica.org.bj,pressecommunication.bj,PME (10-50),B2B,CCIB Annuaire,,Actif,2026-06-29T00:22:55.090232,haute
BJ-B53C7754,Communication Péhunco,Médias & Communication,Péhunco,+229 29 38 66 89,c.péhunco@communicationpé.bj,communicationpéhunco.bj,PME (10-50),B2B,CCIB Annuaire,,Actif,2026-06-29T00:22:55.090257,haute
BJ-2ACE9214,Communication Actualité Péhunco,Médias & Communication,Péhunco,+229 87 33 11 49,,,PME (10-50),B2C,CCIB Annuaire,,Actif,2026-06-29T00:22:55.090269,basse
BJ-B590ADCB,Journal,Médias & Communication,Péhunco,+229 28 31 80 57,journal@yahoo.fr,journal.bj,TPE (<10),B2B,CCIB Annuaire,,Actif,2026-06-29T00:22:55.090283,haute
BJ-151DD611,Presse Péhunco,Médias & Communication,Péhunco,+229 61 59 25 28,presse.péhunco@pressepéhunco.bj,pressepéhunco.bj,PME (10-50),B2C,CCIB Annuaire,,Actif,2026-06-29T00:22:55.090300,haute
BJ-0E6E0FC6,Journal Série Péhunco,Médias & Communication,Péhunco,+229 91 49 74 30,,journalsériepéhunco.bj,PME (10-50),B2C,CCIB Annuaire,,Actif,2026-06-29T00:22:55.090312,moyenne
BJ-6E2C3CA0,International Media,Médias & Communication,Tchaourou,+229 92 65 31 75,internationalmedia@internationalme.bj,internationalmedia.bj,Grande (>200),B2C,CCIB Annuaire,,Actif,2026-06-29T00:22:55.090336,haute
BJ-40B2ADC7,Son Tchaourou,Médias & Communication,Tchaourou,+229 33 79 60 15,s.tchaourou@yahoo.fr,sontchaourou.bj,TPE (<10),B2C,CCIB Annuaire,,Actif,2026-06-29T00:22:55.090352,haute
BJ-92021880,Interview,Médias & Communication,Tchaourou,+229 28 12 61 95,interview@interview.org.bj,interview.bj,TPE (<10),B2C,CCIB Annuaire,,Actif,2026-06-29T00:22:55.090369,haute
BJ-C75C8D88,TV Contenu,Médias & Communication,Tchaourou,+229 75 47 57 46,contenu@tvcontenu.org.bj,,PME (50-200),B2B,CCIB Annuaire,,Actif,2026-06-29T00:22:55.090384,moyenne
BJ-BB58EC1B,Diffusion SVOD Tchaourou,Médias & Communication,Tchaourou,+229 37 38 86 73,diffusionsvod@gmail.com,diffusionsvodtchaourou.bj,PME (10-50),B2B,CCIB Annuaire,,Actif,2026-06-29T00:22:55.090401,haute
BJ-15B42604,National Networks Nikki,Médias & Communication,Nikki,+229 20 18 75 28,,nationalnetworksnikki.bj,PME (50-200),B2B,CCIB Annuaire,,Actif,2026-06-29T00:22:55.090420,moyenne
BJ-322DA12A,Communication Vidéo,Médias & Communication,Nikki,+229 94 52 65 38,,,TPE (<10),B2C,CCIB Annuaire,,Actif,2026-06-29T00:22:55.090433,basse
BJ-F8533441,Radio Blogueur Radio,Médias & Communication,Nikki,+229 67 66 60 85,radioblogueur@radioblogueurra.org.bj,,Grande (>200),B2C,CCIB Annuaire,,Actif,2026-06-29T00:22:55.090452,moyenne
BJ-D56901B9,Journal Nouvelles Networks,Médias & Communication,Nikki,+229 62 51 93 23,journalnouvelles@journalnouvelle.bj,journalnouvellesnetworks.bj,TPE (<10),B2C,CCIB Annuaire,,Actif,2026-06-29T00:22:55.090469,haute
BJ-BC708392,Instagram Radio Nikki,Médias & Communication,Nikki,+229 60 62 73 62,instagramradio@gmail.com,instagramradionikki.bj,TPE (<10),B2C,CCIB Annuaire,,Actif,2026-06-29T00:22:55.090484,haute
BJ-753E8DFA,Média Twitter,Médias & Communication,Bembéréké,+229 89 28 80 86,média.twitter@gmail.com,médiatwitter.bj,TPE (<10),B2B,CCIB Annuaire,,Actif,2026-06-29T00:22:55.090509,haute
BJ-C8C67D23,Média Studios,Médias & Communication,Bembéréké,+229 92 65 22 45,m.studios@médiastudios.bj,médiastudios.bj,Grande (>200),B2B,CCIB Annuaire,,Actif,2026-06-29T00:22:55.090530,haute
BJ-4B00CF40,Production Communication Press,Médias & Communication,Bembéréké,+229 29 41 78 74,,productioncommunicationpress.bj,PME (10-50),B2C,CCIB Annuaire,,Actif,2026-06-29T00:22:55.090547,moyenne
BJ-7484757B,Blogueur Media,Médias & Communication,Bembéréké,+229 21 25 24 64,b.media@blogueurmedia.org.bj,blogueurmedia.bj,PME (10-50),B2C,CCIB Annuaire,,Actif,2026-06-29T00:22:55.090565,haute
BJ-EEE9AB37,Agence Radio News,Médias & Communication,Bembéréké,+229 37 49 17 56,a.radio@gmail.com,agenceradionews.bj,PME (50-200),B2B,CCIB Annuaire,,Actif,2026-06-29T00:22:55.090581,haute
BJ-4ABE4E84,Média,Médias & Communication,Kalalé,+229 24 13 97 29,,média.bj,PME (10-50),B2C,CCIB Annuaire,,Actif,2026-06-29T00:22:55.090600,moyenne
BJ-FC770AFA,Démocratie,Médias & Communication,Kalalé,+229 75 46 29 20,,démocratie.bj,PME (10-50),B2C,CCIB Annuaire,,Actif,2026-06-29T00:22:55.090612,moyenne
BJ-D6DF87AF,National Bénin,Médias & Communication,Kalalé,+229 29 41 97 81,national.bénin@outlook.com,nationalbénin.bj,PME (10-50),B2C,CCIB Annuaire,,Actif,2026-06-29T00:22:55.090629,haute
BJ-6D603D6E,Enquête,Médias & Communication,Kalalé,+229 34 72 90 45,enquête@yahoo.com,enquête.bj,PME (10-50),B2C,CCIB Annuaire,,Actif,2026-06-29T00:22:55.090643,haute
BJ-FD067BF7,VOD,Médias & Communication,Ndali,+229 89 36 89 63,vod@yahoo.com,vod.bj,TPE (<10),B2C,CCIB Annuaire,,Actif,2026-06-29T00:22:55.090676,haute
BJ-80DB5D53,Communication Série,Médias & Communication,Ndali,+229 70 55 35 15,communicationsérie@hotmail.com,communicationsérie.bj,PME (10-50),B2C,CCIB Annuaire,,Actif,2026-06-29T00:22:55.090693,haute
BJ-C739AE39,Diffusion Radio Networks,Médias & Communication,Ndali,+229 50 61 35 88,diffusion.radio@yahoo.com,diffusionradionetworks.bj,PME (10-50),B2B,CCIB Annuaire,,Actif,2026-06-29T00:22:55.090712,haute
BJ-C56C035D,Agence Contenu,Médias & Communication,Ndali,+229 54 84 24 53,agence.contenu@agencecontenu.com.bj,,PME (50-200),B2B,CCIB Annuaire,,Actif,2026-06-29T00:22:55.090728,moyenne
BJ-4564FCA9,Contenu,Médias & Communication,Ndali,+229 32 92 61 63,,contenu.bj,TPE (<10),B2B,CCIB Annuaire,,Actif,2026-06-29T00:22:55.090743,moyenne
BJ-611DD136,Communication TikTok Press,Médias & Communication,Ségbana,+229 73 52 67 18,communicationtiktok@gmail.com,communicationtiktokpress.bj,PME (50-200),B2B,CCIB Annuaire,,Actif,2026-06-29T00:22:55.090767,haute
BJ-5C368CE4,Journal VOD Ségbana,Médias & Communication,Ségbana,+229 95 10 58 51,,,PME (10-50),B2C,CCIB Annuaire,,Actif,2026-06-29T00:22:55.090780,basse
BJ-EABDF018,Liberté Studios,Médias & Communication,Ségbana,+229 94 53 37 23,liberté.studios@hotmail.com,libertéstudios.bj,PME (10-50),B2B,CCIB Annuaire,,Actif,2026-06-29T00:22:55.090796,haute
BJ-A6FFE25B,Journal Média Radio,Médias & Communication,Ségbana,+229 69 54 95 57,,journalmédiaradio.bj,PME (10-50),B2C,CCIB Annuaire,,Actif,2026-06-29T00:22:55.090808,moyenne
BJ-D5FC21E1,Influenceur,Médias & Communication,Ségbana,+229 26 31 44 45,,,TPE (<10),B2B,CCIB Annuaire,,Actif,2026-06-29T00:22:55.090819,basse
BJ-85B6A6F2,Presse Social,Médias & Communication,Tchaourou,+229 55 55 98 38,pressesocial@yahoo.fr,pressesocial.bj,TPE (<10),B2C,CCIB Annuaire,,Actif,2026-06-29T00:22:55.090842,haute
BJ-F301523B,OTT,Médias & Communication,Tchaourou,+229 45 83 96 87,,ott.bj,PME (50-200),B2C,CCIB Annuaire,,Actif,2026-06-29T00:22:55.090854,moyenne
BJ-A3B5F7E1,Studio Blogueur,Médias & Communication,Tchaourou,+229 51 24 95 52,studioblogueur@studioblogueur.org.bj,studioblogueur.bj,PME (50-200),B2C,CCIB Annuaire,,Actif,2026-06-29T00:22:55.090873,haute
BJ-F77EC8A6,Publicité Communication,Médias & Communication,Tchaourou,+229 53 23 21 33,,,Grande (>200),B2C,CCIB Annuaire,,Actif,2026-06-29T00:22:55.090885,basse
BJ-5859D2BE,Enquête News,Médias & Communication,Tchaourou,+229 88 27 82 22,enquêtenews@enquêtenews.org.bj,enquêtenews.bj,PME (10-50),B2B,CCIB Annuaire,,Actif,2026-06-29T00:22:55.090920,haute
BJ-B92309C1,Communication SVOD,Médias & Communication,Bétérou,+229 59 86 72 59,,communicationsvod.bj,PME (50-200),B2C,CCIB Annuaire,,Actif,2026-06-29T00:22:55.090942,moyenne
BJ-C1A6B58E,Streaming Bétérou,Médias & Communication,Bétérou,+229 92 39 82 70,streaming.bétérou@hotmail.com,streamingbétérou.bj,PME (50-200),B2B,CCIB Annuaire,,Actif,2026-06-29T00:22:55.090959,haute
BJ-CCF43684,Production Média,Médias & Communication,Bétérou,+229 87 97 99 50,productionmédia@productionmédia.com.bj,productionmédia.bj,TPE (<10),B2B,CCIB Annuaire,,Actif,2026-06-29T00:22:55.090976,haute
BJ-7A11952C,Réalisation Africa,Médias & Communication,Bétérou,+229 51 78 40 99,,,TPE (<10),B2C,CCIB Annuaire,,Actif,2026-06-29T00:22:55.090988,basse
BJ-0F2E6078,Journal,Médias & Communication,Bétérou,+229 66 80 84 56,journal@gmail.com,journal.bj,TPE (<10),B2B,CCIB Annuaire,,Actif,2026-06-29T00:22:55.091002,haute
BJ-A656FC33,Diffusion International Africa Ouessè,Médias & Communication,Ouessè,+229 79 67 71 74,d.international@yahoo.com,diffusioninternationalafricaouessè.bj,PME (50-200),B2B,CCIB Annuaire,,Actif,2026-06-29T00:22:55.091026,haute
BJ-B18C6671,TV Presse Press,Médias & Communication,Ouessè,+229 66 78 88 89,pressepress@tvpressepress.org.bj,tvpressepress.bj,PME (10-50),B2B,CCIB Annuaire,,Actif,2026-06-29T00:22:55.091047,haute
BJ-50B94751,Télévision Communication Ouessè,Médias & Communication,Ouessè,+229 53 60 92 56,télévisioncommunication@télévisioncommu.com.bj,télévisioncommunicationouessè.bj,PME (50-200),B2B,CCIB Annuaire,,Actif,2026-06-29T00:22:55.091070,haute
BJ-FCD0F843,Film Networks,Médias & Communication,Ouessè,+229 72 56 72 89,film.networks@filmnetworks.org.bj,filmnetworks.bj,PME (50-200),B2B,CCIB Annuaire,,Actif,2026-06-29T00:22:55.091089,haute
BJ-80A73BA5,Agence Éditorial Bénin,Médias & Communication,Ouessè,+229 50 64 80 13,agenceéditorial@agenceéditorial.org.bj,agenceéditorialbénin.bj,Grande (>200),B2C,CCIB Annuaire,,Actif,2026-06-29T00:22:55.091108,haute
BJ-30D00659,Production Rédaction Press,Médias & Communication,Glazoué,+229 78 14 10 56,production.rédaction@productionrédac.bj,productionrédactionpress.bj,TPE (<10),B2B,CCIB Annuaire,,Actif,2026-06-29T00:22:55.091134,haute
BJ-113A9F98,Journal International,Médias & Communication,Glazoué,+229 40 48 78 82,,journalinternational.bj,TPE (<10),B2C,CCIB Annuaire,,Actif,2026-06-29T00:22:55.091146,moyenne
BJ-3B52DF01,SVOD Glazoué,Médias & Communication,Glazoué,+229 39 47 14 32,s.glazoué@svodglazoué.bj,svodglazoué.bj,TPE (<10),B2B,CCIB Annuaire,,Actif,2026-06-29T00:22:55.091164,haute
BJ-E09D0384,Radio Blogueur Press,Médias & Communication,Glazoué,+229 70 48 91 18,r.blogueur@radioblogueurpr.com.bj,radioblogueurpress.bj,TPE (<10),B2C,CCIB Annuaire,,Actif,2026-06-29T00:22:55.091180,haute
BJ-631792FA,Studio Création Communication,Médias & Communication,Dassa-Zoumè,+229 98 33 70 12,studiocréation@gmail.com,studiocréationcommunication.bj,TPE (<10),B2C,CCIB Annuaire,,Actif,2026-06-29T00:22:55.091218,haute
BJ-6ABABC26,Podcast Radio,Médias & Communication,Dassa-Zoumè,+229 97 54 68 63,podcast.radio@yahoo.com,podcastradio.bj,Grande (>200),B2C,CCIB Annuaire,,Actif,2026-06-29T00:22:55.091235,haute
BJ-46715687,Diffusion Influenceur,Médias & Communication,Dassa-Zoumè,+229 72 28 56 48,diffusion.influenceur@hotmail.com,diffusioninfluenceur.bj,TPE (<10),B2B,CCIB Annuaire,,Actif,2026-06-29T00:22:55.091255,haute
BJ-11924FE8,Radio Réalisation Dassa-Zoumè,Médias & Communication,Dassa-Zoumè,+229 28 68 78 73,radioréalisation@radioréalisatio.org.bj,radioréalisationdassazoumè.bj,TPE (<10),B2B,CCIB Annuaire,,Actif,2026-06-29T00:22:55.091293,haute
BJ-B478D2CC,Média Photo Press,Médias & Communication,Dassa-Zoumè,+229 92 48 34 49,média.photo@yahoo.com,,PME (50-200),B2C,CCIB Annuaire,,Actif,2026-06-29T00:22:55.091328,moyenne
BJ-B9EABD8D,Twitter,Médias & Communication,Savalou,+229 80 16 55 82,twitter@hotmail.com,twitter.bj,TPE (<10),B2B,CCIB Annuaire,,Actif,2026-06-29T00:22:55.091353,haute
BJ-BBE29CF8,Diffusion Enquête,Médias & Communication,Savalou,+229 75 82 16 23,diffusion.enquête@diffusionenquêt.org.bj,,TPE (<10),B2C,CCIB Annuaire,,Actif,2026-06-29T00:22:55.091377,moyenne
BJ-54BF1810,Radio Actualité Press,Médias & Communication,Savalou,+229 64 32 62 61,radioactualité@yahoo.fr,,TPE (<10),B2C,CCIB Annuaire,,Actif,2026-06-29T00:22:55.091404,moyenne
BJ-E18491A4,Studio Design Media,Médias & Communication,Savalou,+229 25 35 98 82,studiodesign@gmail.com,,PME (50-200),B2C,CCIB Annuaire,,Actif,2026-06-29T00:22:55.091437,moyenne
BJ-9851ED2C,Publicité,Médias & Communication,Savalou,+229 76 96 66 32,publicité@hotmail.com,publicité.bj,PME (10-50),B2C,CCIB Annuaire,,Actif,2026-06-29T00:22:55.091460,haute
BJ-5CB066A0,Radio,Médias & Communication,Bantè,+229 30 19 60 64,,,TPE (<10),B2B,CCIB Annuaire,,Actif,2026-06-29T00:22:55.091500,basse
BJ-C6B105B1,Presse Communication Productions,Médias & Communication,Bantè,+229 36 84 81 14,presse.communication@pressecommunica.org.bj,,TPE (<10),B2B,CCIB Annuaire,,Actif,2026-06-29T00:22:55.091536,moyenne
BJ-F30C36DE,Rédaction Networks,Médias & Communication,Bantè,+229 44 84 18 25,rédactionnetworks@rédactionnetwor.org.bj,rédactionnetworks.bj,PME (10-50),B2C,CCIB Annuaire,,Actif,2026-06-29T00:22:55.091610,haute
BJ-C14D02E1,Design,Médias & Communication,Bantè,+229 98 45 99 62,design@design.bj,design.bj,PME (50-200),B2C,CCIB Annuaire,,Actif,2026-06-29T00:22:55.091640,haute
BJ-69F95BC3,Presse Contenu Radio,Médias & Communication,Djougou,+229 48 84 71 31,pressecontenu@pressecontenura.bj,pressecontenuradio.bj,TPE (<10),B2B,CCIB Annuaire,,Actif,2026-06-29T00:22:55.091685,haute
BJ-78AAA1A9,Documentaire TV,Médias & Communication,Djougou,+229 46 72 96 53,documentaire@gmail.com,documentairetv.bj,PME (10-50),B2C,CCIB Annuaire,,Actif,2026-06-29T00:22:55.091717,haute
BJ-DD82B9F8,Animation Djougou,Médias & Communication,Djougou,+229 24 10 37 91,,animationdjougou.bj,TPE (<10),B2B,CCIB Annuaire,,Actif,2026-06-29T00:22:55.091742,moyenne
BJ-B04A23ED,Communication Vidéo,Médias & Communication,Djougou,+229 91 82 28 83,communicationvidéo@yahoo.com,,TPE (<10),B2C,CCIB Annuaire,,Actif,2026-06-29T00:22:55.091772,moyenne
BJ-2505609F,Photo Bénin Ouèssè,Médias & Communication,Ouèssè,+229 88 14 39 88,p.bénin@yahoo.fr,,PME (50-200),B2B,CCIB Annuaire,,Actif,2026-06-29T00:22:55.091841,moyenne
BJ-DF7CEDCC,Presse Cinéma Media Ouèssè,Médias & Communication,Ouèssè,+229 71 57 22 63,pressecinéma@pressecinémamed.com.bj,pressecinémamediaouèssè.bj,TPE (<10),B2C,CCIB Annuaire,,Actif,2026-06-29T00:22:55.091874,haute
BJ-493808EC,TV OTT,Médias & Communication,Ouèssè,+229 51 10 35 40,ott@tvott.com.bj,,TPE (<10),B2C,CCIB Annuaire,,Actif,2026-06-29T00:22:55.091978,moyenne
BJ-1D6339B9,Journal Contenu,Médias & Communication,Ouèssè,+229 54 89 87 15,,journalcontenu.bj,PME (10-50),B2C,CCIB Annuaire,,Actif,2026-06-29T00:22:55.092009,moyenne
BJ-7236CF24,Diffusion Interview Africa,Médias & Communication,Bassila,+229 88 56 71 60,,diffusioninterviewafrica.bj,PME (10-50),B2C,CCIB Annuaire,,Actif,2026-06-29T00:22:55.092055,moyenne
BJ-F3F5AC9E,Studio Rédaction TV Bassila,Médias & Communication,Bassila,+229 58 77 33 60,s.rédaction@yahoo.fr,,TPE (<10),B2C,CCIB Annuaire,,Actif,2026-06-29T00:22:55.092092,moyenne
BJ-4855FCF7,Nouvelles TV,Médias & Communication,Bassila,+229 61 13 89 32,nouvelles@yahoo.fr,nouvellestv.bj,PME (10-50),B2B,CCIB Annuaire,,Actif,2026-06-29T00:22:55.092132,haute
BJ-80003F4B,Animation Productions Bassila,Médias & Communication,Bassila,+229 69 15 26 93,animation.productions@animationproduc.org.bj,animationproductionsbassila.bj,TPE (<10),B2B,CCIB Annuaire,,Actif,2026-06-29T00:22:55.092167,haute
BJ-B6E3585A,Enquête,Médias & Communication,Bassila,+229 86 38 29 89,enquête@enquête.bj,enquête.bj,PME (50-200),B2B,CCIB Annuaire,,Actif,2026-06-29T00:22:55.092186,haute
BJ-DFF5509C,Diffusion Journalisme Pehunco,Médias & Communication,Pehunco,+229 97 93 50 35,d.journalisme@hotmail.com,diffusionjournalismepehunco.bj,Grande (>200),B2B,CCIB Annuaire,,Actif,2026-06-29T00:22:55.092223,haute
BJ-8EF25864,Journal International,Médias & Communication,Pehunco,+229 53 17 67 61,journal.international@journalinternat.com.bj,,TPE (<10),B2B,CCIB Annuaire,,Actif,2026-06-29T00:22:55.092243,moyenne
BJ-B0A8F939,Journal Radio Pehunco,Médias & Communication,Pehunco,+229 73 16 94 45,journal.radio@journalradiopeh.org.bj,journalradiopehunco.bj,TPE (<10),B2C,CCIB Annuaire,,Actif,2026-06-29T00:22:55.092263,haute
BJ-B36C02DC,YouTube Press,Médias & Communication,Pehunco,+229 46 17 61 70,,youtubepress.bj,PME (50-200),B2C,CCIB Annuaire,,Actif,2026-06-29T00:22:55.092292,moyenne
BJ-8677511B,Photo Press,Médias & Communication,Copargo,+229 38 15 11 96,,photopress.bj,TPE (<10),B2B,CCIB Annuaire,,Actif,2026-06-29T00:22:55.092313,moyenne
BJ-1DDFBCF4,Journal International TV,Médias & Communication,Copargo,+229 29 39 78 50,journal.international@journalinternat.bj,,PME (50-200),B2B,CCIB Annuaire,,Actif,2026-06-29T00:22:55.092331,moyenne
BJ-6C21A0E2,Presse Éditorial Media Copargo,Médias & Communication,Copargo,+229 68 28 34 33,presse_éditorial@presseéditorial.bj,presseéditorialmediacopargo.bj,PME (10-50),B2C,CCIB Annuaire,,Actif,2026-06-29T00:22:55.092353,haute
BJ-CA7B46EE,Réalisation Networks,Médias & Communication,Copargo,+229 74 91 10 61,réalisationnetworks@réalisationnetw.bj,réalisationnetworks.bj,PME (10-50),B2B,CCIB Annuaire,,Actif,2026-06-29T00:22:55.092399,haute
BJ-9E5D7FDC,Marketing,Médias & Communication,Copargo,+229 80 26 79 59,marketing@hotmail.com,marketing.bj,PME (10-50),B2C,CCIB Annuaire,,Actif,2026-06-29T00:22:55.092439,haute
BJ-CD570FD3,Fondation Justice,ONG & Associations,Cotonou,+229 94 38 65 77,fondationjustice@outlook.com,fondationjustice.bj,PME (10-50),B2B,CCIB Annuaire,,Actif,2026-06-29T00:22:55.092486,haute
BJ-A2D8EF13,Association Insertion,ONG & Associations,Cotonou,+229 69 21 71 42,associationinsertion@yahoo.fr,,TPE (<10),B2B,CCIB Annuaire,,Actif,2026-06-29T00:22:55.092512,moyenne
BJ-57A31746,Protection Africa,ONG & Associations,Cotonou,+229 34 94 78 47,protectionafrica@protectionafric.org.bj,protectionafrica.bj,TPE (<10),B2C,CCIB Annuaire,,Actif,2026-06-29T00:22:55.092547,haute
BJ-A7EC3246,ONG Justice,ONG & Associations,Cotonou,+229 75 85 65 76,,,PME (50-200),B2B,CCIB Annuaire,,Actif,2026-06-29T00:22:55.092568,basse
BJ-CA02A4BB,Solidarité International,ONG & Associations,Cotonou,+229 80 37 65 48,solidaritéinternational@yahoo.com,solidaritéinternational.bj,PME (50-200),B2C,CCIB Annuaire,,Actif,2026-06-29T00:22:55.092607,haute
BJ-6A952C26,Association Accompagnement ONG,ONG & Associations,Abomey-Calavi,+229 87 16 40 13,a.accompagnement@yahoo.fr,associationaccompagnementong.bj,PME (10-50),B2C,CCIB Annuaire,,Actif,2026-06-29T00:22:55.092652,haute
BJ-7D3D37E9,Capitalisation,ONG & Associations,Abomey-Calavi,+229 31 91 56 17,capitalisation@outlook.com,,PME (50-200),B2C,CCIB Annuaire,,Actif,2026-06-29T00:22:55.092681,moyenne
BJ-E0F58AED,Prévention Association,ONG & Associations,Abomey-Calavi,+229 28 61 88 44,,préventionassociation.bj,PME (10-50),B2C,CCIB Annuaire,,Actif,2026-06-29T00:22:55.092705,moyenne
BJ-722B6F61,Évaluation Abomey-Calavi,ONG & Associations,Abomey-Calavi,+229 36 93 33 90,,,TPE (<10),B2B,CCIB Annuaire,,Actif,2026-06-29T00:22:55.092728,basse
BJ-F8974DAA,Paix Alliance Abomey-Calavi,ONG & Associations,Abomey-Calavi,+229 29 68 48 74,paix.alliance@gmail.com,paixallianceabomeycalavi.bj,Grande (>200),B2C,CCIB Annuaire,,Actif,2026-06-29T00:22:55.092754,haute
BJ-7DADCDEB,Femme,ONG & Associations,Porto-Novo,+229 91 21 68 21,,,TPE (<10),B2C,CCIB Annuaire,,Actif,2026-06-29T00:22:55.092786,basse
BJ-9996F190,Dialogue ONG,ONG & Associations,Porto-Novo,+229 83 13 41 16,dialogueong@dialogueong.org.bj,,Grande (>200),B2B,CCIB Annuaire,,Actif,2026-06-29T00:22:55.092812,moyenne
BJ-1C841AC6,Solidarité,ONG & Associations,Porto-Novo,+229 34 47 43 74,,solidarité.bj,TPE (<10),B2C,CCIB Annuaire,,Actif,2026-06-29T00:22:55.092852,moyenne
BJ-8203193C,Capitalisation International,ONG & Associations,Porto-Novo,+229 30 49 23 18,,,TPE (<10),B2B,CCIB Annuaire,,Actif,2026-06-29T00:22:55.092875,basse
BJ-83CE3EB7,Publication,ONG & Associations,Porto-Novo,+229 62 36 27 67,,,PME (10-50),B2B,CCIB Annuaire,,Actif,2026-06-29T00:22:55.092919,basse
BJ-204E0030,Monitoring International,ONG & Associations,Parakou,+229 39 21 84 36,m.international@yahoo.com,,PME (10-50),B2B,CCIB Annuaire,,Actif,2026-06-29T00:22:55.092978,moyenne
BJ-EC5B3B82,Fondation Social Parakou,ONG & Associations,Parakou,+229 44 76 20 96,,fondationsocialparakou.bj,PME (10-50),B2C,CCIB Annuaire,,Actif,2026-06-29T00:22:55.093021,moyenne
BJ-946A08BD,Ligue Protection International,ONG & Associations,Parakou,+229 97 91 75 82,l.protection@yahoo.com,ligueprotectioninternational.bj,PME (10-50),B2C,CCIB Annuaire,,Actif,2026-06-29T00:22:55.093058,haute
BJ-D18A7622,Organisation Inclusion,ONG & Associations,Parakou,+229 24 83 18 28,o.inclusion@hotmail.com,organisationinclusion.bj,PME (10-50),B2B,CCIB Annuaire,,Actif,2026-06-29T00:22:55.093093,haute
BJ-F96ECFDA,ONG Recherche,ONG & Associations,Parakou,+229 42 13 53 42,o.recherche@ongrecherche.org.bj,ongrecherche.bj,PME (50-200),B2B,CCIB Annuaire,,Actif,2026-06-29T00:22:55.093122,haute
BJ-402AAFDF,Ligue Environnement Alliance Bohicon,ONG & Associations,Bohicon,+229 45 72 40 84,,ligueenvironnementalliancebohicon.bj,PME (50-200),B2B,CCIB Annuaire,,Actif,2026-06-29T00:22:55.093168,moyenne
BJ-6D85D6CD,Fédération Crédit Africa,ONG & Associations,Bohicon,+229 68 83 62 51,,fédérationcréditafrica.bj,TPE (<10),B2C,CCIB Annuaire,,Actif,2026-06-29T00:22:55.093195,moyenne
BJ-8966BB69,Union Publication,ONG & Associations,Bohicon,+229 90 68 25 62,,unionpublication.bj,TPE (<10),B2C,CCIB Annuaire,,Actif,2026-06-29T00:22:55.093234,moyenne
BJ-6472FC35,Syndicat Inclusion Fondation,ONG & Associations,Bohicon,+229 72 20 69 77,syndicat_inclusion@hotmail.com,,TPE (<10),B2B,CCIB Annuaire,,Actif,2026-06-29T00:22:55.093266,moyenne
BJ-87E9D088,Association Prévention,ONG & Associations,Bohicon,+229 34 75 22 44,association.prévention@outlook.com,associationprévention.bj,PME (10-50),B2C,CCIB Annuaire,,Actif,2026-06-29T00:22:55.093296,haute
BJ-03C41DD4,Fédération Démocratie,ONG & Associations,Natitingou,+229 72 74 98 34,,,PME (10-50),B2B,CCIB Annuaire,,Actif,2026-06-29T00:22:55.093333,basse
BJ-BDB1183C,Société Assistance,ONG & Associations,Natitingou,+229 30 45 82 77,s.assistance@hotmail.com,,TPE (<10),B2B,CCIB Annuaire,,Actif,2026-06-29T00:22:55.093361,moyenne
BJ-04E6D9CB,Association Social Coalition,ONG & Associations,Natitingou,+229 38 31 10 32,associationsocial@associationsoci.bj,,PME (10-50),B2C,CCIB Annuaire,,Actif,2026-06-29T00:22:55.093396,moyenne
BJ-912752D5,Advocacy Alliance,ONG & Associations,Natitingou,+229 82 39 13 37,advocacy.alliance@advocacyallianc.bj,advocacyalliance.bj,TPE (<10),B2C,CCIB Annuaire,,Actif,2026-06-29T00:22:55.093449,haute
BJ-1179569F,Analyse Coalition,ONG & Associations,Lokossa,+229 27 58 69 76,analysecoalition@analysecoalitio.com.bj,analysecoalition.bj,PME (50-200),B2C,CCIB Annuaire,,Actif,2026-06-29T00:22:55.093503,haute
BJ-374DC0EE,Société Développement Lokossa,ONG & Associations,Lokossa,+229 47 89 23 52,sociétédéveloppement@yahoo.com,,Grande (>200),B2B,CCIB Annuaire,,Actif,2026-06-29T00:22:55.093554,moyenne
BJ-4AE35250,Fédération Citoyenneté ONG,ONG & Associations,Lokossa,+229 76 32 67 80,fédération.citoyenneté@fédérationcitoy.com.bj,fédérationcitoyennetéong.bj,PME (10-50),B2B,CCIB Annuaire,,Actif,2026-06-29T00:22:55.093607,haute
BJ-909C23AC,Fédération Coopération,ONG & Associations,Lokossa,+229 22 43 21 67,fédérationcoopération@fédérationcoopé.org.bj,fédérationcoopération.bj,TPE (<10),B2B,CCIB Annuaire,,Actif,2026-06-29T00:22:55.093644,haute
BJ-C918E95F,Inclusion,ONG & Associations,Lokossa,+229 37 63 57 93,inclusion@inclusion.bj,,TPE (<10),B2B,CCIB Annuaire,,Actif,2026-06-29T00:22:55.093672,moyenne
BJ-0351F730,ONG Entrepreneuriat,ONG & Associations,Ouidah,+229 26 13 91 59,o.entrepreneuriat@hotmail.com,ongentrepreneuriat.bj,PME (50-200),B2C,CCIB Annuaire,,Actif,2026-06-29T00:22:55.093720,haute
BJ-3CEFC2D9,ONG Humanitaire,ONG & Associations,Ouidah,+229 76 77 62 24,ong.humanitaire@onghumanitaire.bj,onghumanitaire.bj,TPE (<10),B2B,CCIB Annuaire,,Actif,2026-06-29T00:22:55.093753,haute
BJ-A034C21F,Ligue Équité Ouidah,ONG & Associations,Ouidah,+229 20 97 94 46,ligueéquité@ligueéquitéouid.com.bj,ligueéquitéouidah.bj,PME (50-200),B2C,CCIB Annuaire,,Actif,2026-06-29T00:22:55.093800,haute
BJ-224485D6,Société Justice,ONG & Associations,Ouidah,+229 72 12 93 35,sociétéjustice@yahoo.com,sociétéjustice.bj,PME (50-200),B2B,CCIB Annuaire,,Actif,2026-06-29T00:22:55.093832,haute
BJ-F8CEE264,Club Paix Network,ONG & Associations,Ouidah,+229 30 74 55 91,clubpaix@clubpaixnetwork.bj,clubpaixnetwork.bj,PME (10-50),B2B,CCIB Annuaire,,Actif,2026-06-29T00:22:55.093858,haute
BJ-282FDB1D,Association Assistance,ONG & Associations,Savalou,+229 98 66 32 69,association_assistance@associationassi.bj,associationassistance.bj,TPE (<10),B2B,CCIB Annuaire,,Actif,2026-06-29T00:22:55.093920,haute
BJ-7C666BEC,Ligue Bénévolat,ONG & Associations,Savalou,+229 78 48 50 93,liguebénévolat@liguebénévolat.com.bj,,TPE (<10),B2B,CCIB Annuaire,,Actif,2026-06-29T00:22:55.093950,moyenne
BJ-C34B6B20,Analyse,ONG & Associations,Savalou,+229 25 72 18 91,analyse@gmail.com,,Grande (>200),B2C,CCIB Annuaire,,Actif,2026-06-29T00:22:55.093984,moyenne
BJ-99666E87,Union Insertion,ONG & Associations,Savalou,+229 33 32 46 64,u.insertion@yahoo.fr,unioninsertion.bj,PME (10-50),B2C,CCIB Annuaire,,Actif,2026-06-29T00:22:55.094014,haute
BJ-6442486F,Ligue Social Association,ONG & Associations,Savalou,+229 52 80 44 33,ligue.social@yahoo.com,,TPE (<10),B2C,CCIB Annuaire,,Actif,2026-06-29T00:22:55.094041,moyenne
BJ-E00A2FE9,Monitoring Alliance,ONG & Associations,Dassa-Zoumè,+229 70 62 62 95,,,TPE (<10),B2B,CCIB Annuaire,,Actif,2026-06-29T00:22:55.094080,basse
BJ-2F6630AE,Jeunesse Network,ONG & Associations,Dassa-Zoumè,+229 96 31 19 14,jeunesse_network@jeunessenetwork.org.bj,jeunessenetwork.bj,PME (10-50),B2B,CCIB Annuaire,,Actif,2026-06-29T00:22:55.094122,haute
BJ-C8A5FD78,Société Bénévolat Dassa-Zoumè,ONG & Associations,Dassa-Zoumè,+229 62 94 13 24,société.bénévolat@sociétébénévola.org.bj,,TPE (<10),B2C,CCIB Annuaire,,Actif,2026-06-29T00:22:55.094172,moyenne
BJ-D5CB8588,Démocratie Coalition,ONG & Associations,Dassa-Zoumè,+229 88 25 99 60,démocratiecoalition@yahoo.com,,PME (10-50),B2C,CCIB Annuaire,,Actif,2026-06-29T00:22:55.094242,moyenne
BJ-B11153E5,Volontariat,ONG & Associations,Kétou,+229 52 13 30 87,,,TPE (<10),B2C,CCIB Annuaire,,Actif,2026-06-29T00:22:55.094320,basse
BJ-21A67ECF,Organisation Inclusion Bénin,ONG & Associations,Kétou,+229 60 73 95 90,,,TPE (<10),B2B,CCIB Annuaire,,Actif,2026-06-29T00:22:55.094349,basse
BJ-400C296E,Syndicat Partenariat,ONG & Associations,Kétou,+229 24 43 17 33,syndicatpartenariat@syndicatpartena.bj,,Grande (>200),B2C,CCIB Annuaire,,Actif,2026-06-29T00:22:55.094401,moyenne
BJ-514FBE65,Solidarité ONG,ONG & Associations,Kétou,+229 92 31 46 10,,,PME (50-200),B2C,CCIB Annuaire,,Actif,2026-06-29T00:22:55.094422,basse
BJ-B55B1A1F,Fondation Inclusion Alliance,ONG & Associations,Covè,+229 24 25 61 52,fondation.inclusion@fondationinclus.com.bj,fondationinclusionalliance.bj,PME (10-50),B2B,CCIB Annuaire,,Actif,2026-06-29T00:22:55.094465,haute
BJ-3E008AD2,Insertion Alliance,ONG & Associations,Covè,+229 37 58 27 37,,insertionalliance.bj,PME (10-50),B2B,CCIB Annuaire,,Actif,2026-06-29T00:22:55.094485,moyenne
BJ-2B2E84AB,Ligue Prévention Organisation,ONG & Associations,Covè,+229 82 95 77 42,ligueprévention@ligueprévention.com.bj,liguepréventionorganisation.bj,TPE (<10),B2C,CCIB Annuaire,,Actif,2026-06-29T00:22:55.094527,haute
BJ-07BCA218,Association Recherche Covè,ONG & Associations,Covè,+229 48 18 84 84,associationrecherche@associationrech.org.bj,,PME (50-200),B2B,CCIB Annuaire,,Actif,2026-06-29T00:22:55.094566,moyenne
BJ-5B66E04D,Étude ONG,ONG & Associations,Covè,+229 22 49 22 37,,,Grande (>200),B2B,CCIB Annuaire,,Actif,2026-06-29T00:22:55.094601,basse
BJ-AECAD05C,Insertion,ONG & Associations,Pobè,+229 72 89 48 91,,,Grande (>200),B2B,CCIB Annuaire,,Actif,2026-06-29T00:22:55.094642,basse
BJ-37A4CE6D,Enfant Alliance,ONG & Associations,Pobè,+229 59 29 97 10,enfantalliance@yahoo.com,enfantalliance.bj,PME (50-200),B2C,CCIB Annuaire,,Actif,2026-06-29T00:22:55.094673,haute
BJ-27624942,ONG Sensibilisation,ONG & Associations,Pobè,+229 35 52 34 19,ongsensibilisation@gmail.com,ongsensibilisation.bj,PME (50-200),B2B,CCIB Annuaire,,Actif,2026-06-29T00:22:55.094738,haute
BJ-522A71AC,Société Suivi Association,ONG & Associations,Pobè,+229 42 99 88 78,sociétésuivi@sociétésuiviass.bj,sociétésuiviassociation.bj,PME (50-200),B2B,CCIB Annuaire,,Actif,2026-06-29T00:22:55.094778,haute
BJ-CA976C6B,Société Femme Bénin,ONG & Associations,Sakété,+229 29 46 38 97,société.femme@sociétéfemmebén.org.bj,sociétéfemmebénin.bj,PME (50-200),B2B,CCIB Annuaire,,Actif,2026-06-29T00:22:55.094836,haute
BJ-6A544F49,Union Capitalisation International,ONG & Associations,Sakété,+229 61 13 46 37,u.capitalisation@unioncapitalisa.bj,,TPE (<10),B2C,CCIB Annuaire,,Actif,2026-06-29T00:22:55.094872,moyenne
BJ-A53D4668,Recherche Africa,ONG & Associations,Sakété,+229 90 47 45 93,,rechercheafrica.bj,PME (10-50),B2B,CCIB Annuaire,,Actif,2026-06-29T00:22:55.094917,moyenne
BJ-FE5C9AFD,Organisation Épargne Sakété,ONG & Associations,Sakété,+229 58 38 31 33,organisation.épargne@organisationépa.org.bj,organisationépargnesakété.bj,TPE (<10),B2C,CCIB Annuaire,,Actif,2026-06-29T00:22:55.094963,haute
BJ-CDB61B26,Sport Africa Sakété,ONG & Associations,Sakété,+229 46 60 22 88,s.africa@sportafricasaké.com.bj,sportafricasakété.bj,PME (10-50),B2C,CCIB Annuaire,,Actif,2026-06-29T00:22:55.094999,haute
BJ-FF55E5A2,Étude Organisation Adjara,ONG & Associations,Adjara,+229 32 37 21 52,étudeorganisation@yahoo.fr,étudeorganisationadjara.bj,TPE (<10),B2C,CCIB Annuaire,,Actif,2026-06-29T00:22:55.095058,haute
BJ-2CF799E0,Évaluation Fondation,ONG & Associations,Adjara,+229 54 26 15 14,é.fondation@évaluationfonda.org.bj,évaluationfondation.bj,TPE (<10),B2B,CCIB Annuaire,,Actif,2026-06-29T00:22:55.095091,haute
BJ-6DF6DDC8,Accompagnement Alliance,ONG & Associations,Adjara,+229 26 45 58 63,,,PME (10-50),B2C,CCIB Annuaire,,Actif,2026-06-29T00:22:55.095121,basse
BJ-877CEC7D,Social Adjara,ONG & Associations,Adjara,+229 59 79 37 32,socialadjara@socialadjara.org.bj,socialadjara.bj,TPE (<10),B2C,CCIB Annuaire,,Actif,2026-06-29T00:22:55.095157,haute
BJ-C18EFA06,Suivi,ONG & Associations,Adjara,+229 28 41 54 97,,,PME (50-200),B2C,CCIB Annuaire,,Actif,2026-06-29T00:22:55.095178,basse
BJ-1EA81274,Capitalisation,ONG & Associations,Allada,+229 86 38 66 66,capitalisation@hotmail.com,capitalisation.bj,PME (50-200),B2B,CCIB Annuaire,,Actif,2026-06-29T00:22:55.095225,haute
BJ-8F0BE245,Culture Allada,ONG & Associations,Allada,+229 52 71 25 90,c.allada@hotmail.com,cultureallada.bj,TPE (<10),B2B,CCIB Annuaire,,Actif,2026-06-29T00:22:55.095277,haute
BJ-4E83AEC9,Philanthropie Africa Allada,ONG & Associations,Allada,+229 36 89 88 38,p.africa@philanthropieaf.bj,philanthropieafricaallada.bj,PME (10-50),B2C,CCIB Annuaire,,Actif,2026-06-29T00:22:55.095314,haute
BJ-D876E6BA,Ligue Santé,ONG & Associations,Allada,+229 27 98 23 89,l.santé@hotmail.com,liguesanté.bj,Grande (>200),B2C,CCIB Annuaire,,Actif,2026-06-29T00:22:55.095351,haute
BJ-6E6FE17B,Prévention,ONG & Associations,Allada,+229 47 11 68 11,prévention@prévention.com.bj,prévention.bj,PME (10-50),B2C,CCIB Annuaire,,Actif,2026-06-29T00:22:55.095383,haute
BJ-B98CEEAE,Protection,ONG & Associations,Aplahoué,+229 62 52 92 97,protection@outlook.com,,TPE (<10),B2B,CCIB Annuaire,,Actif,2026-06-29T00:22:55.095438,moyenne
BJ-63DAD4B1,ONG Étude,ONG & Associations,Aplahoué,+229 32 99 49 24,,ongétude.bj,Grande (>200),B2C,CCIB Annuaire,,Actif,2026-06-29T00:22:55.095502,moyenne
BJ-13F4E243,Club Évaluation ONG,ONG & Associations,Aplahoué,+229 60 47 78 99,c.évaluation@yahoo.fr,clubévaluationong.bj,TPE (<10),B2C,CCIB Annuaire,,Actif,2026-06-29T00:22:55.095577,haute
BJ-155285A9,ONG Assistance Coalition,ONG & Associations,Dogbo-Tota,+229 67 53 80 40,,ongassistancecoalition.bj,PME (10-50),B2C,CCIB Annuaire,,Actif,2026-06-29T00:22:55.095620,moyenne
BJ-60082569,Justice Coalition,ONG & Associations,Dogbo-Tota,+229 20 99 42 17,j.coalition@justicecoalitio.com.bj,justicecoalition.bj,Grande (>200),B2B,CCIB Annuaire,,Actif,2026-06-29T00:22:55.095659,haute
BJ-98478558,Éducation ONG,ONG & Associations,Dogbo-Tota,+229 76 96 99 81,éducation.ong@yahoo.com,,TPE (<10),B2C,CCIB Annuaire,,Actif,2026-06-29T00:22:55.095712,moyenne
BJ-09D2395A,Ligue Femme,ONG & Associations,Dogbo-Tota,+229 54 65 99 59,ligue.femme@yahoo.fr,liguefemme.bj,PME (10-50),B2C,CCIB Annuaire,,Actif,2026-06-29T00:22:55.095755,haute
BJ-C935B660,Organisation Dialogue,ONG & Associations,Dogbo-Tota,+229 65 38 89 36,organisationdialogue@gmail.com,organisationdialogue.bj,PME (10-50),B2B,CCIB Annuaire,,Actif,2026-06-29T00:22:55.095796,haute
BJ-7E026407,Droits Network,ONG & Associations,Kpomassè,+229 39 99 25 13,droits.network@droitsnetwork.org.bj,droitsnetwork.bj,Grande (>200),B2B,CCIB Annuaire,,Actif,2026-06-29T00:22:55.095849,haute
BJ-9F816F6C,Association Prévention,ONG & Associations,Kpomassè,+229 85 45 26 75,,associationprévention.bj,PME (10-50),B2B,CCIB Annuaire,,Actif,2026-06-29T00:22:55.095878,moyenne
BJ-2F2A5E34,Analyse Kpomassè,ONG & Associations,Kpomassè,+229 49 56 63 99,,,TPE (<10),B2B,CCIB Annuaire,,Actif,2026-06-29T00:22:55.095924,basse
BJ-FD70EEF5,Entrepreneuriat Coalition,ONG & Associations,Kpomassè,+229 96 11 52 13,entrepreneuriat_coalition@yahoo.com,entrepreneuriatcoalition.bj,PME (10-50),B2C,CCIB Annuaire,,Actif,2026-06-29T00:22:55.095945,haute
BJ-341C95E0,Recherche Alliance,ONG & Associations,Kpomassè,+229 95 99 75 76,recherchealliance@rechercheallian.bj,,TPE (<10),B2B,CCIB Annuaire,,Actif,2026-06-29T00:22:55.095963,moyenne
BJ-B2C9C92D,Microfinance,ONG & Associations,Tori-Bossito,+229 30 20 30 77,,,TPE (<10),B2B,CCIB Annuaire,,Actif,2026-06-29T00:22:55.095987,basse
BJ-061B7F6F,Association Intégration,ONG & Associations,Tori-Bossito,+229 21 83 66 90,,associationintégration.bj,TPE (<10),B2C,CCIB Annuaire,,Actif,2026-06-29T00:22:55.096002,moyenne
BJ-EB40F094,ONG Échange International Tori-Bossito,ONG & Associations,Tori-Bossito,+229 80 34 81 88,o.échange@ongéchangeinter.org.bj,,PME (50-200),B2C,CCIB Annuaire,,Actif,2026-06-29T00:22:55.096031,moyenne
BJ-EBDF99FE,Ligue Plaidoyer Tori-Bossito,ONG & Associations,Tori-Bossito,+229 97 17 73 32,l.plaidoyer@ligueplaidoyert.org.bj,ligueplaidoyertoribossito.bj,TPE (<10),B2B,CCIB Annuaire,,Actif,2026-06-29T00:22:55.096052,haute
BJ-528CB434,Organisation Accompagnement,ONG & Associations,Tori-Bossito,+229 59 12 45 87,organisation.accompagnement@yahoo.fr,organisationaccompagnement.bj,PME (10-50),B2B,CCIB Annuaire,,Actif,2026-06-29T00:22:55.096070,haute
BJ-1CBC5A1E,Justice Association,ONG & Associations,Grand-Popo,+229 99 54 44 49,justice.association@outlook.com,,TPE (<10),B2B,CCIB Annuaire,,Actif,2026-06-29T00:22:55.096118,moyenne
BJ-56692ED9,Inclusion International,ONG & Associations,Grand-Popo,+229 56 56 21 28,,,PME (10-50),B2C,CCIB Annuaire,,Actif,2026-06-29T00:22:55.096133,basse
BJ-56E87E29,Volontariat,ONG & Associations,Grand-Popo,+229 97 65 15 16,,,PME (10-50),B2B,CCIB Annuaire,,Actif,2026-06-29T00:22:55.096149,basse
BJ-37BE03E4,Association Charité,ONG & Associations,Grand-Popo,+229 53 83 31 92,,associationcharité.bj,TPE (<10),B2C,CCIB Annuaire,,Actif,2026-06-29T00:22:55.096164,moyenne
BJ-5ACCFFD3,Emploi Association Grand-Popo,ONG & Associations,Grand-Popo,+229 26 20 47 36,,,TPE (<10),B2B,CCIB Annuaire,,Actif,2026-06-29T00:22:55.096197,basse
BJ-710086ED,Capitalisation Athiémé,ONG & Associations,Athiémé,+229 80 73 64 34,capitalisationathiémé@yahoo.com,capitalisationathiémé.bj,TPE (<10),B2B,CCIB Annuaire,,Actif,2026-06-29T00:22:55.096259,haute
BJ-C7941BCC,Charité Bénin,ONG & Associations,Athiémé,+229 49 37 21 12,charitébénin@charitébénin.bj,,PME (50-200),B2C,CCIB Annuaire,,Actif,2026-06-29T00:22:55.096313,moyenne
BJ-752EED22,Démocratie Africa,ONG & Associations,Athiémé,+229 77 98 11 98,démocratieafrica@démocratieafric.bj,démocratieafrica.bj,TPE (<10),B2B,CCIB Annuaire,,Actif,2026-06-29T00:22:55.096389,haute
BJ-909DC3AE,Fédération Plaidoyer Alliance,ONG & Associations,Athiémé,+229 41 46 89 83,fédérationplaidoyer@yahoo.fr,,PME (50-200),B2C,CCIB Annuaire,,Actif,2026-06-29T00:22:55.096412,moyenne
BJ-72005D4F,Société Publication Fondation,ONG & Associations,Bopa,+229 44 54 69 41,s.publication@hotmail.com,,PME (50-200),B2B,CCIB Annuaire,,Actif,2026-06-29T00:22:55.096443,moyenne
BJ-F499A02D,Organisation Enfant Bopa,ONG & Associations,Bopa,+229 65 75 87 45,organisation.enfant@organisationenf.bj,,TPE (<10),B2B,CCIB Annuaire,,Actif,2026-06-29T00:22:55.096481,moyenne
BJ-CC83303A,Association Évaluation,ONG & Associations,Bopa,+229 33 92 89 51,association.évaluation@gmail.com,associationévaluation.bj,TPE (<10),B2C,CCIB Annuaire,,Actif,2026-06-29T00:22:55.096501,haute
BJ-1B763AAD,Syndicat Crédit Bénin,ONG & Associations,Bopa,+229 92 50 47 60,syndicat.crédit@gmail.com,syndicatcréditbénin.bj,PME (10-50),B2C,CCIB Annuaire,,Actif,2026-06-29T00:22:55.096520,haute
BJ-C881B7AF,Inclusion Fondation,ONG & Associations,Houéyogbé,+229 87 53 73 44,inclusionfondation@inclusionfondat.bj,inclusionfondation.bj,PME (50-200),B2B,CCIB Annuaire,,Actif,2026-06-29T00:22:55.096550,haute
BJ-D993B009,ONG Dialogue Alliance,ONG & Associations,Houéyogbé,+229 89 45 55 41,ong.dialogue@ongdialoguealli.bj,ongdialoguealliance.bj,Grande (>200),B2C,CCIB Annuaire,,Actif,2026-06-29T00:22:55.096568,haute
BJ-92AC1702,ONG Citoyenneté,ONG & Associations,Houéyogbé,+229 66 96 72 45,ongcitoyenneté@ongcitoyenneté.org.bj,,TPE (<10),B2B,CCIB Annuaire,,Actif,2026-06-29T00:22:55.096588,moyenne
BJ-21FEED83,Diversité Coalition Houéyogbé,ONG & Associations,Houéyogbé,+229 24 82 48 91,,,TPE (<10),B2B,CCIB Annuaire,,Actif,2026-06-29T00:22:55.096600,basse
BJ-4FC4FC03,Société Développement,ONG & Associations,Houéyogbé,+229 65 42 75 16,,sociétédéveloppement.bj,PME (10-50),B2C,CCIB Annuaire,,Actif,2026-06-29T00:22:55.096613,moyenne
BJ-503A6C1F,Association Philanthropie Association,ONG & Associations,Malanville,+229 37 44 28 10,a.philanthropie@hotmail.com,associationphilanthropieassociation.bj,PME (10-50),B2C,CCIB Annuaire,,Actif,2026-06-29T00:22:55.096638,haute
BJ-9601FF2A,Fondation Formation,ONG & Associations,Malanville,+229 61 15 65 81,,fondationformation.bj,PME (10-50),B2C,CCIB Annuaire,,Actif,2026-06-29T00:22:55.096651,moyenne
BJ-F388DB0D,Fondation Développement ONG,ONG & Associations,Malanville,+229 37 51 27 75,fondationdéveloppement@fondationdévelo.com.bj,,TPE (<10),B2B,CCIB Annuaire,,Actif,2026-06-29T00:22:55.096673,moyenne
BJ-52AE8795,Club Coopération ONG Malanville,ONG & Associations,Malanville,+229 71 19 79 41,clubcoopération@clubcoopération.com.bj,clubcoopérationongmalanville.bj,Grande (>200),B2B,CCIB Annuaire,,Actif,2026-06-29T00:22:55.096694,haute
BJ-F0F90F1F,Fondation Prévention Association,ONG & Associations,Malanville,+229 73 67 53 76,fondationprévention@yahoo.fr,fondationpréventionassociation.bj,Grande (>200),B2B,CCIB Annuaire,,Actif,2026-06-29T00:22:55.096711,haute
BJ-684565F9,Club Échange Organisation,ONG & Associations,Kandi,+229 90 98 79 98,club.échange@outlook.com,,TPE (<10),B2B,CCIB Annuaire,,Actif,2026-06-29T00:22:55.096736,moyenne
BJ-ADB4A99D,Société Paix,ONG & Associations,Kandi,+229 41 90 32 85,sociétépaix@yahoo.com,,TPE (<10),B2C,CCIB Annuaire,,Actif,2026-06-29T00:22:55.096753,moyenne
BJ-A8D1F0EF,Intégration,ONG & Associations,Kandi,+229 90 67 23 68,,intégration.bj,PME (50-200),B2B,CCIB Annuaire,,Actif,2026-06-29T00:22:55.096766,moyenne
BJ-BB887589,Crédit Kandi,ONG & Associations,Kandi,+229 26 71 53 95,c.kandi@créditkandi.com.bj,,Grande (>200),B2B,CCIB Annuaire,,Actif,2026-06-29T00:22:55.096783,moyenne
BJ-D2C43D67,Analyse,ONG & Associations,Kandi,+229 61 74 37 85,analyse@yahoo.com,,PME (10-50),B2C,CCIB Annuaire,,Actif,2026-06-29T00:22:55.096797,moyenne
BJ-F2380727,Union Microfinance,ONG & Associations,Banikoara,+229 79 51 30 40,union.microfinance@unionmicrofinan.com.bj,,PME (10-50),B2C,CCIB Annuaire,,Actif,2026-06-29T00:22:55.096821,moyenne
BJ-28BC3727,Microfinance,ONG & Associations,Banikoara,+229 27 64 39 41,,microfinance.bj,TPE (<10),B2B,CCIB Annuaire,,Actif,2026-06-29T00:22:55.096833,moyenne
BJ-AC95EE1C,Ligue Inclusion,ONG & Associations,Banikoara,+229 31 94 68 50,ligueinclusion@ligueinclusion.bj,,TPE (<10),B2B,CCIB Annuaire,,Actif,2026-06-29T00:22:55.096872,moyenne
BJ-61B02BE1,Syndicat Prévention ONG,ONG & Associations,Banikoara,+229 76 55 88 28,syndicat.prévention@syndicatprévent.bj,,PME (10-50),B2C,CCIB Annuaire,,Actif,2026-06-29T00:22:55.096926,moyenne
BJ-A3FB1A93,ONG Paix,ONG & Associations,Ségbana,+229 37 61 38 12,o.paix@ongpaix.com.bj,,TPE (<10),B2C,CCIB Annuaire,,Actif,2026-06-29T00:22:55.096968,moyenne
BJ-D6F47DE3,Diffusion,ONG & Associations,Ségbana,+229 20 36 60 68,,diffusion.bj,PME (50-200),B2B,CCIB Annuaire,,Actif,2026-06-29T00:22:55.096982,moyenne
BJ-CB9306BD,Fédération Paix Bénin,ONG & Associations,Ségbana,+229 79 65 11 52,,,PME (10-50),B2B,CCIB Annuaire,,Actif,2026-06-29T00:22:55.096995,basse
BJ-89958F53,Publication,ONG & Associations,Ségbana,+229 47 80 94 11,publication@outlook.com,,PME (50-200),B2B,CCIB Annuaire,,Actif,2026-06-29T00:22:55.097010,moyenne
BJ-165AA97C,ONG Protection,ONG & Associations,Ségbana,+229 73 74 41 93,o.protection@gmail.com,,TPE (<10),B2C,CCIB Annuaire,,Actif,2026-06-29T00:22:55.097026,moyenne
BJ-7EE36FF7,Syndicat Épargne,ONG & Associations,Karimama,+229 82 56 78 51,s.épargne@hotmail.com,syndicatépargne.bj,PME (50-200),B2B,CCIB Annuaire,,Actif,2026-06-29T00:22:55.097070,haute
BJ-FA8D4BCF,Jeunesse Organisation Karimama,ONG & Associations,Karimama,+229 95 87 18 72,,jeunesseorganisationkarimama.bj,PME (50-200),B2C,CCIB Annuaire,,Actif,2026-06-29T00:22:55.097087,moyenne
BJ-B184E45E,Solidarité Alliance,ONG & Associations,Karimama,+229 81 56 66 12,,solidaritéalliance.bj,PME (10-50),B2B,CCIB Annuaire,,Actif,2026-06-29T00:22:55.097100,moyenne
BJ-27E27DEB,Justice Karimama,ONG & Associations,Karimama,+229 53 97 32 47,justice.karimama@justicekarimama.org.bj,,PME (50-200),B2B,CCIB Annuaire,,Actif,2026-06-29T00:22:55.097118,moyenne
BJ-A2FFE9AD,Organisation Femme Coalition,ONG & Associations,Gogounou,+229 20 61 89 41,o.femme@organisationfem.bj,organisationfemmecoalition.bj,Grande (>200),B2B,CCIB Annuaire,,Actif,2026-06-29T00:22:55.097143,haute
BJ-DF412DD5,Partenariat Alliance,ONG & Associations,Gogounou,+229 41 72 42 93,,,TPE (<10),B2B,CCIB Annuaire,,Actif,2026-06-29T00:22:55.097155,basse
BJ-E86E3626,Protection,ONG & Associations,Gogounou,+229 22 40 37 26,protection@protection.com.bj,protection.bj,TPE (<10),B2C,CCIB Annuaire,,Actif,2026-06-29T00:22:55.097171,haute
BJ-681AF2E9,Analyse,ONG & Associations,Gogounou,+229 86 79 10 74,,analyse.bj,PME (50-200),B2C,CCIB Annuaire,,Actif,2026-06-29T00:22:55.097187,moyenne
BJ-EFF5C871,Intégration Association,ONG & Associations,Gogounou,+229 86 67 18 75,intégrationassociation@yahoo.com,,TPE (<10),B2C,CCIB Annuaire,,Actif,2026-06-29T00:22:55.097205,moyenne
BJ-2128C877,Publication Cobly,ONG & Associations,Cobly,+229 55 94 42 81,,publicationcobly.bj,TPE (<10),B2B,CCIB Annuaire,,Actif,2026-06-29T00:22:55.097226,moyenne
BJ-C47F42EF,Assistance ONG Cobly,ONG & Associations,Cobly,+229 57 84 93 55,assistanceong@assistanceongco.bj,,PME (50-200),B2C,CCIB Annuaire,,Actif,2026-06-29T00:22:55.097244,moyenne
BJ-7C2335EE,Coopération,ONG & Associations,Cobly,+229 61 28 18 88,coopération@coopération.bj,,TPE (<10),B2B,CCIB Annuaire,,Actif,2026-06-29T00:22:55.097285,moyenne
BJ-08836857,Fédération Recherche Association Cobly,ONG & Associations,Cobly,+229 28 67 40 98,fédération.recherche@fédérationreche.org.bj,,PME (50-200),B2B,CCIB Annuaire,,Actif,2026-06-29T00:22:55.097307,moyenne
BJ-64B1886C,Santé Association,ONG & Associations,Tanguiéta,+229 85 60 18 22,santéassociation@yahoo.com,,TPE (<10),B2C,CCIB Annuaire,,Actif,2026-06-29T00:22:55.097332,moyenne
BJ-782563E2,Organisation Inclusion Organisation,ONG & Associations,Tanguiéta,+229 57 22 14 52,organisation.inclusion@organisationinc.com.bj,organisationinclusionorganisation.bj,TPE (<10),B2B,CCIB Annuaire,,Actif,2026-06-29T00:22:55.097350,haute
BJ-C1D5C948,Plaidoyer Organisation,ONG & Associations,Tanguiéta,+229 53 15 72 99,plaidoyerorganisation@yahoo.fr,plaidoyerorganisation.bj,TPE (<10),B2C,CCIB Annuaire,,Actif,2026-06-29T00:22:55.097370,haute
BJ-0D300D45,Paix,ONG & Associations,Tanguiéta,+229 23 47 68 97,,paix.bj,TPE (<10),B2C,CCIB Annuaire,,Actif,2026-06-29T00:22:55.097382,moyenne
BJ-93839E6E,Femme,ONG & Associations,Tanguiéta,+229 46 92 37 66,,femme.bj,Grande (>200),B2C,CCIB Annuaire,,Actif,2026-06-29T00:22:55.097395,moyenne
BJ-A175A112,Ligue Dialogue Alliance,ONG & Associations,Matéri,+229 85 31 89 65,ligue_dialogue@gmail.com,liguedialoguealliance.bj,Grande (>200),B2C,CCIB Annuaire,,Actif,2026-06-29T00:22:55.097425,haute
BJ-AD0A639B,Fondation Épargne,ONG & Associations,Matéri,+229 55 54 76 65,f.épargne@fondationépargn.org.bj,fondationépargne.bj,PME (50-200),B2C,CCIB Annuaire,,Actif,2026-06-29T00:22:55.097446,haute
BJ-DEC73E10,ONG Environnement Matéri,ONG & Associations,Matéri,+229 74 40 63 90,o.environnement@ongenvironnemen.bj,ongenvironnementmatéri.bj,PME (10-50),B2C,CCIB Annuaire,,Actif,2026-06-29T00:22:55.097469,haute
BJ-CEA8A531,Ligue Citoyenneté,ONG & Associations,Matéri,+229 26 74 22 40,,liguecitoyenneté.bj,TPE (<10),B2C,CCIB Annuaire,,Actif,2026-06-29T00:22:55.097484,moyenne
BJ-AC350187,Justice Bénin,ONG & Associations,Matéri,+229 38 47 61 35,j.bénin@justicebénin.bj,justicebénin.bj,PME (10-50),B2B,CCIB Annuaire,,Actif,2026-06-29T00:22:55.097503,haute
BJ-E7E747AF,Environnement Fondation Natitingou,ONG & Associations,Natitingou,+229 30 85 36 37,,environnementfondationnatitingou.bj,TPE (<10),B2C,CCIB Annuaire,,Actif,2026-06-29T00:22:55.097525,moyenne
BJ-44AF43A6,Équité Natitingou,ONG & Associations,Natitingou,+229 58 79 17 84,équité_natitingou@équiténatitingo.bj,,TPE (<10),B2B,CCIB Annuaire,,Actif,2026-06-29T00:22:55.097545,moyenne
BJ-0F2AF64A,Recherche,ONG & Associations,Natitingou,+229 39 12 28 13,recherche@hotmail.com,recherche.bj,TPE (<10),B2C,CCIB Annuaire,,Actif,2026-06-29T00:22:55.097565,haute
BJ-B6006DF7,Association Recherche Coalition,ONG & Associations,Natitingou,+229 64 14 87 30,associationrecherche@associationrech.org.bj,,Grande (>200),B2B,CCIB Annuaire,,Actif,2026-06-29T00:22:55.097583,moyenne
BJ-2C01728B,Syndicat Accompagnement,ONG & Associations,Natitingou,+229 94 68 29 77,,,TPE (<10),B2C,CCIB Annuaire,,Actif,2026-06-29T00:22:55.097595,basse
BJ-5627B726,Recherche,ONG & Associations,Toucountouna,+229 95 66 48 72,,recherche.bj,TPE (<10),B2C,CCIB Annuaire,,Actif,2026-06-29T00:22:55.097616,moyenne
BJ-547D8C60,Monitoring Alliance,ONG & Associations,Toucountouna,+229 33 28 43 75,monitoring.alliance@outlook.com,,TPE (<10),B2B,CCIB Annuaire,,Actif,2026-06-29T00:22:55.097633,moyenne
BJ-536BAA0C,Syndicat Jeunesse Association,ONG & Associations,Toucountouna,+229 28 36 69 48,syndicat.jeunesse@syndicatjeuness.org.bj,,PME (10-50),B2B,CCIB Annuaire,,Actif,2026-06-29T00:22:55.097652,moyenne
BJ-DA1B609E,Club Équité Fondation,ONG & Associations,Toucountouna,+229 28 81 92 84,club_équité@gmail.com,,PME (10-50),B2C,CCIB Annuaire,,Actif,2026-06-29T00:22:55.097685,moyenne
BJ-D8552C6C,Organisation Sport ONG,ONG & Associations,Boukoumbé,+229 75 26 61 79,organisationsport@gmail.com,,TPE (<10),B2B,CCIB Annuaire,,Actif,2026-06-29T00:22:55.097713,moyenne
BJ-5D569542,Aide Association Boukoumbé,ONG & Associations,Boukoumbé,+229 62 36 65 17,aideassociation@hotmail.com,aideassociationboukoumbé.bj,TPE (<10),B2B,CCIB Annuaire,,Actif,2026-06-29T00:22:55.097734,haute
BJ-33785359,Syndicat Formation Network,ONG & Associations,Boukoumbé,+229 85 69 12 16,syndicat_formation@gmail.com,,PME (50-200),B2B,CCIB Annuaire,,Actif,2026-06-29T00:22:55.097751,moyenne
BJ-D1BFBD13,Société Formation Bénin,ONG & Associations,Boukoumbé,+229 77 69 21 89,société.formation@sociétéformatio.org.bj,,TPE (<10),B2C,CCIB Annuaire,,Actif,2026-06-29T00:22:55.097788,moyenne
BJ-0046F848,Organisation Dialogue International,ONG & Associations,Kouandé,+229 75 14 86 56,o.dialogue@organisationdia.com.bj,,TPE (<10),B2C,CCIB Annuaire,,Actif,2026-06-29T00:22:55.097825,moyenne
BJ-F0903DBC,Association Étude Fondation,ONG & Associations,Kouandé,+229 55 31 88 27,associationétude@associationétud.bj,associationétudefondation.bj,PME (50-200),B2C,CCIB Annuaire,,Actif,2026-06-29T00:22:55.097844,haute
BJ-4C29EAB1,Syndicat Suivi Kouandé,ONG & Associations,Kouandé,+229 37 49 22 89,syndicatsuivi@outlook.com,syndicatsuivikouandé.bj,Grande (>200),B2C,CCIB Annuaire,,Actif,2026-06-29T00:22:55.097865,haute
BJ-E2F47CA7,Solidarité International Kouandé,ONG & Associations,Kouandé,+229 81 98 51 99,solidaritéinternational@hotmail.com,,PME (50-200),B2C,CCIB Annuaire,,Actif,2026-06-29T00:22:55.097886,moyenne
BJ-D946B715,Club Volontariat,ONG & Associations,Kouandé,+229 57 30 58 65,club.volontariat@outlook.com,clubvolontariat.bj,PME (50-200),B2C,CCIB Annuaire,,Actif,2026-06-29T00:22:55.097924,haute
BJ-F3F47605,Organisation Volontariat Association,ONG & Associations,Péhunco,+229 38 67 53 10,organisationvolontariat@organisationvol.org.bj,,PME (50-200),B2B,CCIB Annuaire,,Actif,2026-06-29T00:22:55.097949,moyenne
BJ-6A46DDBD,Sensibilisation Péhunco,ONG & Associations,Péhunco,+229 73 85 31 17,,sensibilisationpéhunco.bj,TPE (<10),B2C,CCIB Annuaire,,Actif,2026-06-29T00:22:55.097963,moyenne
BJ-67360EFD,Ligue Évaluation,ONG & Associations,Péhunco,+229 35 21 31 48,l.évaluation@hotmail.com,,PME (50-200),B2B,CCIB Annuaire,,Actif,2026-06-29T00:22:55.097980,moyenne
BJ-8F683A9A,Ligue Jeunesse,ONG & Associations,Péhunco,+229 76 46 42 15,,,TPE (<10),B2B,CCIB Annuaire,,Actif,2026-06-29T00:22:55.097992,basse
BJ-F3EBFFBC,Échange Network,ONG & Associations,Péhunco,+229 20 45 57 60,échange.network@échangenetwork.org.bj,échangenetwork.bj,PME (10-50),B2C,CCIB Annuaire,,Actif,2026-06-29T00:22:55.098010,haute
BJ-89A0B96A,Union Philanthropie Tchaourou,ONG & Associations,Tchaourou,+229 35 76 44 98,,,TPE (<10),B2B,CCIB Annuaire,,Actif,2026-06-29T00:22:55.098029,basse
BJ-F24DE431,Organisation Droits Association,ONG & Associations,Tchaourou,+229 61 55 58 15,organisationdroits@gmail.com,organisationdroitsassociation.bj,PME (10-50),B2C,CCIB Annuaire,,Actif,2026-06-29T00:22:55.098046,haute
BJ-C86A0F08,Société Accompagnement Bénin,ONG & Associations,Tchaourou,+229 63 34 58 10,société.accompagnement@sociétéaccompag.bj,,Grande (>200),B2C,CCIB Annuaire,,Actif,2026-06-29T00:22:55.098068,moyenne
BJ-4C8DA6BC,Citoyenneté,ONG & Associations,Tchaourou,+229 58 81 49 84,citoyenneté@outlook.com,citoyenneté.bj,TPE (<10),B2B,CCIB Annuaire,,Actif,2026-06-29T00:22:55.098084,haute
BJ-949FE860,Paix Coalition,ONG & Associations,Tchaourou,+229 49 45 78 77,paix.coalition@yahoo.fr,,PME (10-50),B2B,CCIB Annuaire,,Actif,2026-06-29T00:22:55.098100,moyenne
BJ-F0CAB743,Société Social Fondation,ONG & Associations,Nikki,+229 63 67 93 69,société_social@sociétésocialfo.bj,,TPE (<10),B2C,CCIB Annuaire,,Actif,2026-06-29T00:22:55.098125,moyenne
BJ-88029588,Recherche,ONG & Associations,Nikki,+229 69 43 28 56,recherche@recherche.org.bj,,PME (10-50),B2B,CCIB Annuaire,,Actif,2026-06-29T00:22:55.098153,moyenne
BJ-ACD85DAB,Citoyenneté,ONG & Associations,Nikki,+229 47 34 59 72,,,TPE (<10),B2B,CCIB Annuaire,,Actif,2026-06-29T00:22:55.098165,basse
BJ-20E3E784,Fédération Bénévolat Network,ONG & Associations,Nikki,+229 32 31 20 20,,fédérationbénévolatnetwork.bj,PME (10-50),B2C,CCIB Annuaire,,Actif,2026-06-29T00:22:55.098178,moyenne
BJ-1760EA73,Environnement Fondation,ONG & Associations,Bembéréké,+229 38 65 23 27,e.fondation@environnementfo.com.bj,,PME (10-50),B2C,CCIB Annuaire,,Actif,2026-06-29T00:22:55.098200,moyenne
BJ-8249422B,Échange Bembéréké,ONG & Associations,Bembéréké,+229 82 43 14 69,,échangebembéréké.bj,PME (10-50),B2B,CCIB Annuaire,,Actif,2026-06-29T00:22:55.098213,moyenne
BJ-31B833B2,Protection Africa Bembéréké,ONG & Associations,Bembéréké,+229 44 38 50 93,protectionafrica@protectionafric.bj,protectionafricabembéréké.bj,TPE (<10),B2B,CCIB Annuaire,,Actif,2026-06-29T00:22:55.098238,haute
BJ-1A005668,Ligue Jeunesse,ONG & Associations,Bembéréké,+229 67 48 46 51,ligue.jeunesse@hotmail.com,liguejeunesse.bj,PME (50-200),B2C,CCIB Annuaire,,Actif,2026-06-29T00:22:55.098256,haute
BJ-5B373B1E,ONG Diversité Africa Bembéréké,ONG & Associations,Bembéréké,+229 34 76 35 41,ongdiversité@yahoo.com,,PME (50-200),B2C,CCIB Annuaire,,Actif,2026-06-29T00:22:55.098277,moyenne
BJ-BCC64F19,Syndicat Évaluation Organisation,ONG & Associations,Kalalé,+229 56 76 87 66,,,TPE (<10),B2B,CCIB Annuaire,,Actif,2026-06-29T00:22:55.098297,basse
BJ-DB5C23AE,Union Publication,ONG & Associations,Kalalé,+229 75 14 35 22,,,PME (10-50),B2B,CCIB Annuaire,,Actif,2026-06-29T00:22:55.098324,basse
BJ-1F9EED9B,Fondation Partenariat,ONG & Associations,Kalalé,+229 85 21 54 23,fondation.partenariat@hotmail.com,,TPE (<10),B2B,CCIB Annuaire,,Actif,2026-06-29T00:22:55.098341,moyenne
BJ-8F9287D0,Volontariat,ONG & Associations,Kalalé,+229 34 24 63 59,volontariat@volontariat.com.bj,volontariat.bj,PME (10-50),B2B,CCIB Annuaire,,Actif,2026-06-29T00:22:55.098356,haute
BJ-ACA0396D,Syndicat Charité Network,ONG & Associations,Ndali,+229 51 65 79 79,syndicat.charité@hotmail.com,syndicatchariténetwork.bj,PME (10-50),B2C,CCIB Annuaire,,Actif,2026-06-29T00:22:55.098380,haute
BJ-DC61604C,Citoyenneté International,ONG & Associations,Ndali,+229 41 54 39 70,c.international@outlook.com,,Grande (>200),B2B,CCIB Annuaire,,Actif,2026-06-29T00:22:55.098396,moyenne
BJ-41B97E04,Diversité,ONG & Associations,Ndali,+229 54 59 10 66,,,TPE (<10),B2B,CCIB Annuaire,,Actif,2026-06-29T00:22:55.098411,basse
BJ-F26128AB,Club Sport Africa,ONG & Associations,Ndali,+229 45 38 17 63,club.sport@outlook.com,,PME (10-50),B2B,CCIB Annuaire,,Actif,2026-06-29T00:22:55.098428,moyenne
BJ-C00A293D,Sensibilisation Fondation Ndali,ONG & Associations,Ndali,+229 80 40 31 82,s.fondation@sensibilisation.org.bj,sensibilisationfondationndali.bj,PME (10-50),B2B,CCIB Annuaire,,Actif,2026-06-29T00:22:55.098445,haute
BJ-5761307F,Coopération Network Ségbana,ONG & Associations,Ségbana,+229 89 87 50 68,,coopérationnetworkségbana.bj,TPE (<10),B2C,CCIB Annuaire,,Actif,2026-06-29T00:22:55.098467,moyenne
BJ-9EEC11ED,Association Jeunesse,ONG & Associations,Ségbana,+229 35 96 13 15,a.jeunesse@associationjeun.bj,,TPE (<10),B2B,CCIB Annuaire,,Actif,2026-06-29T00:22:55.098484,moyenne
BJ-9E9C732D,Association Femme Bénin,ONG & Associations,Ségbana,+229 30 50 26 28,associationfemme@gmail.com,associationfemmebénin.bj,PME (10-50),B2C,CCIB Annuaire,,Actif,2026-06-29T00:22:55.098501,haute
BJ-9F8045B8,Volontariat International,ONG & Associations,Ségbana,+229 50 92 25 54,,volontariatinternational.bj,TPE (<10),B2C,CCIB Annuaire,,Actif,2026-06-29T00:22:55.098513,moyenne
BJ-36C948B9,Assistance Network Ségbana,ONG & Associations,Ségbana,+229 40 16 74 36,assistance.network@assistancenetwo.bj,,PME (10-50),B2C,CCIB Annuaire,,Actif,2026-06-29T00:22:55.098535,moyenne
BJ-629D2ED5,Fondation Équité Africa,ONG & Associations,Tchaourou,+229 67 63 43 28,fondation.équité@fondationéquité.org.bj,fondationéquitéafrica.bj,TPE (<10),B2B,CCIB Annuaire,,Actif,2026-06-29T00:22:55.098577,haute
BJ-553473C7,Développement Association,ONG & Associations,Tchaourou,+229 92 19 91 20,développementassociation@yahoo.com,développementassociation.bj,PME (50-200),B2C,CCIB Annuaire,,Actif,2026-06-29T00:22:55.098614,haute
BJ-405E2C0E,ONG Capitalisation Bénin,ONG & Associations,Tchaourou,+229 29 59 36 35,,,PME (10-50),B2B,CCIB Annuaire,,Actif,2026-06-29T00:22:55.098626,basse
BJ-0DE112EE,Capitalisation Bétérou,ONG & Associations,Bétérou,+229 35 32 83 94,capitalisation.bétérou@capitalisationb.com.bj,,Grande (>200),B2C,CCIB Annuaire,,Actif,2026-06-29T00:22:55.098670,moyenne
BJ-88BFB96D,Fédération Monitoring ONG,ONG & Associations,Bétérou,+229 67 11 36 42,,fédérationmonitoringong.bj,TPE (<10),B2C,CCIB Annuaire,,Actif,2026-06-29T00:22:55.098688,moyenne
BJ-79EAACB5,Protection Alliance Bétérou,ONG & Associations,Bétérou,+229 41 25 62 49,p.alliance@yahoo.com,protectionalliancebétérou.bj,PME (10-50),B2B,CCIB Annuaire,,Actif,2026-06-29T00:22:55.098708,haute
BJ-17FC45F9,Épargne Organisation Bétérou,ONG & Associations,Bétérou,+229 28 10 42 30,épargneorganisation@gmail.com,,PME (10-50),B2B,CCIB Annuaire,,Actif,2026-06-29T00:22:55.098725,moyenne
BJ-8D3AFE63,Épargne,ONG & Associations,Bétérou,+229 73 18 88 30,,épargne.bj,PME (10-50),B2C,CCIB Annuaire,,Actif,2026-06-29T00:22:55.098737,moyenne
BJ-717CC84F,ONG Accompagnement Alliance,ONG & Associations,Ouessè,+229 22 39 50 78,o.accompagnement@yahoo.com,ongaccompagnementalliance.bj,PME (10-50),B2C,CCIB Annuaire,,Actif,2026-06-29T00:22:55.098761,haute
BJ-80D2DF58,Fondation Recherche,ONG & Associations,Ouessè,+229 46 37 11 42,fondation_recherche@yahoo.com,,PME (10-50),B2B,CCIB Annuaire,,Actif,2026-06-29T00:22:55.098777,moyenne
BJ-A3DF8F75,Fédération Enfant,ONG & Associations,Ouessè,+229 63 57 12 44,f.enfant@fédérationenfan.org.bj,,PME (50-200),B2C,CCIB Annuaire,,Actif,2026-06-29T00:22:55.098798,moyenne
BJ-DE0BB7A0,Insertion Ouessè,ONG & Associations,Ouessè,+229 37 98 11 80,insertion.ouessè@gmail.com,insertionouessè.bj,TPE (<10),B2B,CCIB Annuaire,,Actif,2026-06-29T00:22:55.098816,haute
BJ-13D97FF2,Diversité Ouessè,ONG & Associations,Ouessè,+229 62 20 20 44,,,PME (10-50),B2C,CCIB Annuaire,,Actif,2026-06-29T00:22:55.098828,basse
BJ-A30F62E1,Humanitaire,ONG & Associations,Glazoué,+229 40 42 43 10,,humanitaire.bj,PME (50-200),B2C,CCIB Annuaire,,Actif,2026-06-29T00:22:55.098847,moyenne
BJ-01FF0B66,Société Solidarité Network,ONG & Associations,Glazoué,+229 20 18 35 55,société.solidarité@sociétésolidari.com.bj,,PME (10-50),B2B,CCIB Annuaire,,Actif,2026-06-29T00:22:55.098864,moyenne
BJ-219332F1,ONG Développement,ONG & Associations,Glazoué,+229 23 12 85 22,,ongdéveloppement.bj,PME (10-50),B2B,CCIB Annuaire,,Actif,2026-06-29T00:22:55.098877,moyenne
BJ-55CE2CB1,Association Enfant Bénin Glazoué,ONG & Associations,Glazoué,+229 35 96 80 74,association_enfant@associationenfa.bj,associationenfantbéninglazoué.bj,PME (10-50),B2C,CCIB Annuaire,,Actif,2026-06-29T00:22:55.098935,haute
BJ-B24244E2,Prévention Network,ONG & Associations,Glazoué,+229 28 65 76 78,,préventionnetwork.bj,TPE (<10),B2B,CCIB Annuaire,,Actif,2026-06-29T00:22:55.098953,moyenne
BJ-2904C791,Union Protection Bénin,ONG & Associations,Dassa-Zoumè,+229 77 39 69 16,,unionprotectionbénin.bj,PME (50-200),B2B,CCIB Annuaire,,Actif,2026-06-29T00:22:55.098976,moyenne
BJ-EA2319D7,Éducation Alliance,ONG & Associations,Dassa-Zoumè,+229 95 31 13 15,éducationalliance@outlook.com,éducationalliance.bj,Grande (>200),B2B,CCIB Annuaire,,Actif,2026-06-29T00:22:55.098995,haute
BJ-427D8DF7,Emploi ONG,ONG & Associations,Dassa-Zoumè,+229 64 32 18 52,,,PME (10-50),B2C,CCIB Annuaire,,Actif,2026-06-29T00:22:55.099012,basse
BJ-BF47838A,Évaluation,ONG & Associations,Dassa-Zoumè,+229 69 39 12 98,évaluation@yahoo.fr,évaluation.bj,TPE (<10),B2C,CCIB Annuaire,,Actif,2026-06-29T00:22:55.099027,haute
BJ-07A72F3E,Équité Dassa-Zoumè,ONG & Associations,Dassa-Zoumè,+229 23 94 65 40,,équitédassazoumè.bj,PME (10-50),B2C,CCIB Annuaire,,Actif,2026-06-29T00:22:55.099040,moyenne
BJ-17BC1179,Association Assistance Organisation,ONG & Associations,Savalou,+229 89 65 85 21,a.assistance@associationassi.bj,,PME (10-50),B2C,CCIB Annuaire,,Actif,2026-06-29T00:22:55.099064,moyenne
BJ-4DE90C02,Fondation Inclusion Fondation Savalou,ONG & Associations,Savalou,+229 43 93 59 61,fondationinclusion@fondationinclus.bj,fondationinclusionfondationsavalou.bj,TPE (<10),B2B,CCIB Annuaire,,Actif,2026-06-29T00:22:55.099082,haute
BJ-FD2FF951,Union Culture Savalou,ONG & Associations,Savalou,+229 93 53 87 17,union.culture@unionculturesav.org.bj,unionculturesavalou.bj,PME (10-50),B2B,CCIB Annuaire,,Actif,2026-06-29T00:22:55.099098,haute
BJ-6D57725D,Fédération Microfinance ONG,ONG & Associations,Savalou,+229 60 97 41 35,,fédérationmicrofinanceong.bj,TPE (<10),B2B,CCIB Annuaire,,Actif,2026-06-29T00:22:55.099111,moyenne
BJ-69334F1D,Ligue Sensibilisation ONG,ONG & Associations,Savalou,+229 54 28 31 33,liguesensibilisation@liguesensibilis.bj,liguesensibilisationong.bj,TPE (<10),B2C,CCIB Annuaire,,Actif,2026-06-29T00:22:55.099132,haute
BJ-6F095A5B,Protection Coalition,ONG & Associations,Bantè,+229 91 22 88 25,,protectioncoalition.bj,Grande (>200),B2B,CCIB Annuaire,,Actif,2026-06-29T00:22:55.099152,moyenne
BJ-D5D13E5A,Fondation Femme Bénin,ONG & Associations,Bantè,+229 28 89 76 35,fondation.femme@hotmail.com,,PME (10-50),B2B,CCIB Annuaire,,Actif,2026-06-29T00:22:55.099168,moyenne
BJ-9E863DDE,Enfant Coalition,ONG & Associations,Bantè,+229 64 12 65 49,enfant.coalition@yahoo.fr,,PME (50-200),B2C,CCIB Annuaire,,Actif,2026-06-29T00:22:55.099187,moyenne
BJ-027686C1,Club Emploi Association,ONG & Associations,Bantè,+229 71 37 15 46,,,PME (10-50),B2C,CCIB Annuaire,,Actif,2026-06-29T00:22:55.099216,basse
BJ-AE9479BB,Échange International Djougou,ONG & Associations,Djougou,+229 26 13 92 32,échangeinternational@hotmail.com,,PME (10-50),B2C,CCIB Annuaire,,Actif,2026-06-29T00:22:55.099243,moyenne
BJ-AD3F37F9,Société Capitalisation,ONG & Associations,Djougou,+229 62 80 86 71,société.capitalisation@sociétécapitali.com.bj,,TPE (<10),B2B,CCIB Annuaire,,Actif,2026-06-29T00:22:55.099261,moyenne
BJ-3B1A8186,Recherche,ONG & Associations,Djougou,+229 27 97 27 28,recherche@recherche.org.bj,recherche.bj,PME (10-50),B2C,CCIB Annuaire,,Actif,2026-06-29T00:22:55.099275,haute
BJ-8A118D77,Fédération Volontariat Association,ONG & Associations,Djougou,+229 21 96 80 90,f.volontariat@fédérationvolon.org.bj,fédérationvolontariatassociation.bj,TPE (<10),B2B,CCIB Annuaire,,Actif,2026-06-29T00:22:55.099293,haute
BJ-BD6CE974,Club Paix Djougou,ONG & Associations,Djougou,+229 68 16 53 61,clubpaix@clubpaixdjougou.org.bj,clubpaixdjougou.bj,PME (50-200),B2B,CCIB Annuaire,,Actif,2026-06-29T00:22:55.099310,haute
BJ-58A41606,Société Humanitaire Organisation,ONG & Associations,Ouèssè,+229 43 49 38 22,,sociétéhumanitaireorganisation.bj,TPE (<10),B2C,CCIB Annuaire,,Actif,2026-06-29T00:22:55.099342,moyenne
BJ-E899FB5C,Emploi,ONG & Associations,Ouèssè,+229 21 53 40 48,emploi@yahoo.fr,,PME (10-50),B2B,CCIB Annuaire,,Actif,2026-06-29T00:22:55.099359,moyenne
BJ-9FF5AD1F,ONG Advocacy,ONG & Associations,Ouèssè,+229 94 17 74 91,ong.advocacy@hotmail.com,ongadvocacy.bj,TPE (<10),B2B,CCIB Annuaire,,Actif,2026-06-29T00:22:55.099376,haute
BJ-7B1BBE64,Association Étude,ONG & Associations,Ouèssè,+229 86 68 97 93,,associationétude.bj,PME (10-50),B2C,CCIB Annuaire,,Actif,2026-06-29T00:22:55.099389,moyenne
BJ-8C500C48,ONG Formation Organisation,ONG & Associations,Bassila,+229 25 71 35 26,ongformation@hotmail.com,,TPE (<10),B2C,CCIB Annuaire,,Actif,2026-06-29T00:22:55.099411,moyenne
BJ-ED80C870,Ligue Recherche Network,ONG & Associations,Bassila,+229 20 17 32 81,liguerecherche@yahoo.fr,,PME (10-50),B2C,CCIB Annuaire,,Actif,2026-06-29T00:22:55.099427,moyenne
BJ-8F211672,Épargne,ONG & Associations,Bassila,+229 92 19 82 62,épargne@épargne.bj,,PME (10-50),B2C,CCIB Annuaire,,Actif,2026-06-29T00:22:55.099441,moyenne
BJ-E6462A8A,Fédération Enfant,ONG & Associations,Bassila,+229 58 87 84 89,fédérationenfant@outlook.com,fédérationenfant.bj,PME (10-50),B2B,CCIB Annuaire,,Actif,2026-06-29T00:22:55.099457,haute
BJ-A0771C06,Monitoring,ONG & Associations,Bassila,+229 83 24 35 55,,monitoring.bj,TPE (<10),B2B,CCIB Annuaire,,Actif,2026-06-29T00:22:55.099469,moyenne
BJ-8DABB4E0,Fédération Partenariat,ONG & Associations,Pehunco,+229 51 46 89 82,,fédérationpartenariat.bj,TPE (<10),B2B,CCIB Annuaire,,Actif,2026-06-29T00:22:55.099489,moyenne
BJ-D7D06EBA,Fondation Suivi Pehunco,ONG & Associations,Pehunco,+229 96 12 60 18,fondation.suivi@yahoo.com,fondationsuivipehunco.bj,PME (10-50),B2B,CCIB Annuaire,,Actif,2026-06-29T00:22:55.099509,haute
BJ-7062B078,Club Emploi Fondation Pehunco,ONG & Associations,Pehunco,+229 94 17 82 18,club.emploi@outlook.com,clubemploifondationpehunco.bj,TPE (<10),B2B,CCIB Annuaire,,Actif,2026-06-29T00:22:55.099535,haute
BJ-7AFB477E,Advocacy Network,ONG & Associations,Pehunco,+229 66 24 54 22,a.network@gmail.com,advocacynetwork.bj,TPE (<10),B2C,CCIB Annuaire,,Actif,2026-06-29T00:22:55.099552,haute
BJ-91F2EA06,Association Femme Network Pehunco,ONG & Associations,Pehunco,+229 92 81 90 44,association.femme@hotmail.com,associationfemmenetworkpehunco.bj,TPE (<10),B2B,CCIB Annuaire,,Actif,2026-06-29T00:22:55.099572,haute
BJ-4BC6F437,Société Coopération,ONG & Associations,Copargo,+229 40 70 90 69,société.coopération@sociétécoopérat.com.bj,,TPE (<10),B2B,CCIB Annuaire,,Actif,2026-06-29T00:22:55.099601,moyenne
BJ-0B069740,Fédération Paix Alliance,ONG & Associations,Copargo,+229 78 44 62 30,fédération.paix@fédérationpaixa.bj,,PME (10-50),B2B,CCIB Annuaire,,Actif,2026-06-29T00:22:55.099620,moyenne
BJ-CBE8E588,Association Sensibilisation,ONG & Associations,Copargo,+229 21 77 84 65,associationsensibilisation@outlook.com,,TPE (<10),B2B,CCIB Annuaire,,Actif,2026-06-29T00:22:55.099636,moyenne
BJ-37198036,Assistance,ONG & Associations,Copargo,+229 94 40 75 63,assistance@assistance.bj,,PME (10-50),B2B,CCIB Annuaire,,Actif,2026-06-29T00:22:55.099649,moyenne
BJ-CFFFAD69,Ligue Recherche,ONG & Associations,Copargo,+229 99 39 72 44,ligue.recherche@yahoo.com,liguerecherche.bj,PME (10-50),B2C,CCIB Annuaire,,Actif,2026-06-29T00:22:55.099665,haute
BJ-353EC838,Copropriété Cotonou,BTP & Immobilier,Cotonou,+229 32 19 95 31,copropriétécotonou@gmail.com,copropriétécotonou.bj,TPE (<10),B2B,APIEx,,Actif,2026-06-29T00:22:55.099693,haute
BJ-33A3F67A,SO Réhabilitation,BTP & Immobilier,Cotonou,+229 43 70 96 91,réhabilitation@soréhabilitatio.com.bj,soréhabilitation.bj,PME (50-200),B2C,APIEx,,Actif,2026-06-29T00:22:55.099727,haute
BJ-0BB396DA,Ets Toiture Promotion,BTP & Immobilier,Cotonou,+229 31 25 32 14,etstoiture@etstoiturepromo.com.bj,etstoiturepromotion.bj,TPE (<10),B2C,APIEx,,Actif,2026-06-29T00:22:55.099745,haute
BJ-30BF26D6,Ets Ingénierie,BTP & Immobilier,Cotonou,+229 33 54 67 51,ets.ingénierie@etsingénierie.bj,etsingénierie.bj,PME (10-50),B2C,APIEx,,Actif,2026-06-29T00:22:55.099763,haute
BJ-D129ADC0,Ets Ferronnerie Services Abomey-Calavi,BTP & Immobilier,Abomey-Calavi,+229 97 95 32 75,e.ferronnerie@etsferronneries.org.bj,,PME (10-50),B2B,APIEx,,Actif,2026-06-29T00:22:55.099788,moyenne
BJ-F72588DF,Cabinet Ferronnerie Habitat,BTP & Immobilier,Abomey-Calavi,+229 85 72 95 16,cabinetferronnerie@cabinetferronne.org.bj,,TPE (<10),B2B,APIEx,,Actif,2026-06-29T00:22:55.099804,moyenne
BJ-A5C68DF5,Construction Copropriété Cabinet,BTP & Immobilier,Abomey-Calavi,+229 51 16 69 56,constructioncopropriété@constructioncop.org.bj,,PME (50-200),B2C,APIEx,,Actif,2026-06-29T00:22:55.099823,moyenne
BJ-95AA1BEA,Syndic,BTP & Immobilier,Abomey-Calavi,+229 74 78 98 28,syndic@outlook.com,,TPE (<10),B2C,APIEx,,Actif,2026-06-29T00:22:55.099849,moyenne
BJ-A2436620,Ets Bâtiment Habitat Abomey-Calavi,BTP & Immobilier,Abomey-Calavi,+229 95 65 91 56,ets.bâtiment@hotmail.com,,PME (10-50),B2C,APIEx,,Actif,2026-06-29T00:22:55.099868,moyenne
BJ-10C6F2AC,BTP Isolation Porto-Novo,BTP & Immobilier,Porto-Novo,+229 39 70 42 32,btpisolation@btpisolationpor.org.bj,,PME (50-200),B2B,APIEx,,Actif,2026-06-29T00:22:55.099908,moyenne
BJ-D8F7F1AA,SO Copropriété Ets,BTP & Immobilier,Porto-Novo,+229 83 44 95 47,c.ets@socopropriétéet.com.bj,socopropriétéets.bj,PME (50-200),B2B,APIEx,,Actif,2026-06-29T00:22:55.099930,haute
BJ-61D2254F,Construction Béton,BTP & Immobilier,Porto-Novo,+229 67 56 42 59,c.béton@constructionbét.bj,constructionbéton.bj,PME (50-200),B2C,APIEx,,Actif,2026-06-29T00:22:55.099952,haute
BJ-9FB64C5A,BTP Syndic Cabinet,BTP & Immobilier,Porto-Novo,+229 41 54 89 71,,,PME (10-50),B2B,APIEx,,Actif,2026-06-29T00:22:55.099990,basse
BJ-8EBEBBC4,Copropriété Solutions,BTP & Immobilier,Porto-Novo,+229 67 50 89 65,,,Grande (>200),B2B,APIEx,,Actif,2026-06-29T00:22:55.100019,basse
BJ-96BEC865,SO Toiture Parakou,BTP & Immobilier,Parakou,+229 74 76 30 14,,,PME (50-200),B2B,APIEx,,Actif,2026-06-29T00:22:55.100043,basse
BJ-B8498806,Maçonnerie Habitat,BTP & Immobilier,Parakou,+229 65 74 97 49,maçonnerie.habitat@maçonneriehabit.bj,maçonneriehabitat.bj,TPE (<10),B2C,APIEx,,Actif,2026-06-29T00:22:55.100065,haute
BJ-BB6D96F6,Menuiserie,BTP & Immobilier,Parakou,+229 78 15 80 77,menuiserie@menuiserie.com.bj,menuiserie.bj,PME (50-200),B2C,APIEx,,Actif,2026-06-29T00:22:55.100083,haute
BJ-CF84C293,Électricité,BTP & Immobilier,Parakou,+229 83 52 11 94,,,TPE (<10),B2C,APIEx,,Actif,2026-06-29T00:22:55.100095,basse
BJ-C15320FE,Plomberie Parakou,BTP & Immobilier,Parakou,+229 83 60 38 61,plomberie.parakou@plomberieparako.bj,plomberieparakou.bj,TPE (<10),B2C,APIEx,,Actif,2026-06-29T00:22:55.100113,haute
BJ-14553BAF,Cabinet Architecte,BTP & Immobilier,Bohicon,+229 54 80 74 73,,cabinetarchitecte.bj,TPE (<10),B2B,APIEx,,Actif,2026-06-29T00:22:55.100151,moyenne
BJ-E6DE21E7,SCI Construction Bohicon,BTP & Immobilier,Bohicon,+229 89 72 58 78,sciconstruction@sciconstruction.bj,sciconstructionbohicon.bj,TPE (<10),B2B,APIEx,,Actif,2026-06-29T00:22:55.100168,haute
BJ-E16CA9E9,Rénovation,BTP & Immobilier,Bohicon,+229 82 27 58 73,rénovation@rénovation.com.bj,,PME (50-200),B2C,APIEx,,Actif,2026-06-29T00:22:55.100187,moyenne
BJ-28ECEFE2,Cabinet Ferronnerie,BTP & Immobilier,Bohicon,+229 52 56 10 47,cabinet_ferronnerie@outlook.com,cabinetferronnerie.bj,TPE (<10),B2B,APIEx,,Actif,2026-06-29T00:22:55.100205,haute
BJ-D5F71AE4,SA Structure,BTP & Immobilier,Bohicon,+229 91 38 42 56,structure@hotmail.com,,TPE (<10),B2C,APIEx,,Actif,2026-06-29T00:22:55.100222,moyenne
BJ-47B4C461,SA Réhabilitation Bénin,BTP & Immobilier,Natitingou,+229 83 16 47 51,réhabilitation.bénin@saréhabilitatio.bj,,PME (50-200),B2C,APIEx,,Actif,2026-06-29T00:22:55.100261,moyenne
BJ-1C7994C7,Copropriété International,BTP & Immobilier,Natitingou,+229 36 39 37 36,,,TPE (<10),B2C,APIEx,,Actif,2026-06-29T00:22:55.100273,basse
BJ-DDEBED1D,BTP Fondation,BTP & Immobilier,Natitingou,+229 52 80 83 58,btpfondation@btpfondation.com.bj,btpfondation.bj,PME (10-50),B2C,APIEx,,Actif,2026-06-29T00:22:55.100290,haute
BJ-B4B012C4,Maison Natitingou,BTP & Immobilier,Natitingou,+229 80 96 53 10,maisonnatitingou@maisonnatitingo.bj,maisonnatitingou.bj,PME (10-50),B2B,APIEx,,Actif,2026-06-29T00:22:55.100307,haute
BJ-2CFDE334,Ets Ingénierie,BTP & Immobilier,Lokossa,+229 82 24 17 48,ets.ingénierie@gmail.com,etsingénierie.bj,TPE (<10),B2B,APIEx,,Actif,2026-06-29T00:22:55.100331,haute
BJ-B66F84FF,Terrassement Ets,BTP & Immobilier,Lokossa,+229 73 82 32 66,terrassement_ets@yahoo.fr,terrassementets.bj,TPE (<10),B2B,APIEx,,Actif,2026-06-29T00:22:55.100348,haute
BJ-7A9A2362,SO Architecte Bénin,BTP & Immobilier,Lokossa,+229 43 50 96 68,,soarchitectebénin.bj,PME (10-50),B2B,APIEx,,Actif,2026-06-29T00:22:55.100392,moyenne
BJ-ACB8EA4A,BTP Gestion,BTP & Immobilier,Lokossa,+229 40 44 61 60,b.gestion@gmail.com,btpgestion.bj,TPE (<10),B2B,APIEx,,Actif,2026-06-29T00:22:55.100409,haute
BJ-71F39FFC,Ets Aménagement Promotion,BTP & Immobilier,Ouidah,+229 35 61 43 69,,,Grande (>200),B2B,APIEx,,Actif,2026-06-29T00:22:55.100428,basse
BJ-0EA41E19,Travaux Groupe,BTP & Immobilier,Ouidah,+229 47 42 55 47,travaux.groupe@travauxgroupe.com.bj,travauxgroupe.bj,PME (10-50),B2B,APIEx,,Actif,2026-06-29T00:22:55.100456,haute
BJ-E1740800,Voirie Services,BTP & Immobilier,Ouidah,+229 48 81 94 62,v.services@voirieservices.org.bj,,TPE (<10),B2B,APIEx,,Actif,2026-06-29T00:22:55.100471,moyenne
BJ-9C3ECC31,SCI Ingénierie Habitat,BTP & Immobilier,Ouidah,+229 87 75 59 34,s.ingénierie@gmail.com,sciingénieriehabitat.bj,PME (50-200),B2B,APIEx,,Actif,2026-06-29T00:22:55.100493,haute
BJ-176D409D,SO Aménagement Savalou,BTP & Immobilier,Savalou,+229 99 74 45 20,,soaménagementsavalou.bj,TPE (<10),B2C,APIEx,,Actif,2026-06-29T00:22:55.100512,moyenne
BJ-2A03748B,BTP Voirie,BTP & Immobilier,Savalou,+229 38 83 21 40,b.voirie@outlook.com,btpvoirie.bj,TPE (<10),B2B,APIEx,,Actif,2026-06-29T00:22:55.100532,haute
BJ-8062EDEE,Immobilier SA,BTP & Immobilier,Savalou,+229 70 67 64 72,immobilier@immobiliersa.com.bj,immobiliersa.bj,TPE (<10),B2B,APIEx,,Actif,2026-06-29T00:22:55.100550,haute
BJ-69890E91,SO Copropriété International,BTP & Immobilier,Savalou,+229 31 44 88 93,copropriété.international@socopropriétéin.org.bj,socopropriétéinternational.bj,PME (50-200),B2C,APIEx,,Actif,2026-06-29T00:22:55.100570,haute
BJ-D976F08B,Cabinet Béton Promotion,BTP & Immobilier,Savalou,+229 44 92 17 33,,,PME (50-200),B2B,APIEx,,Actif,2026-06-29T00:22:55.100581,basse
BJ-D78906B0,Menuiserie Promotion,BTP & Immobilier,Dassa-Zoumè,+229 24 61 59 83,menuiserie.promotion@gmail.com,menuiseriepromotion.bj,Grande (>200),B2C,APIEx,,Actif,2026-06-29T00:22:55.100667,haute
BJ-DC720347,Peinture,BTP & Immobilier,Kétou,+229 59 98 31 11,peinture@peinture.bj,peinture.bj,TPE (<10),B2B,APIEx,,Actif,2026-06-29T00:22:55.100702,haute
BJ-D0C2B220,Syndic,BTP & Immobilier,Kétou,+229 92 53 99 21,syndic@yahoo.fr,syndic.bj,PME (50-200),B2C,APIEx,,Actif,2026-06-29T00:22:55.100719,haute
BJ-AF8180A7,Urbanisme Cabinet Kétou,BTP & Immobilier,Kétou,+229 74 87 10 98,urbanisme.cabinet@outlook.com,,TPE (<10),B2C,APIEx,,Actif,2026-06-29T00:22:55.100737,moyenne
BJ-C5588638,Réhabilitation Construction,BTP & Immobilier,Covè,+229 35 37 95 98,réhabilitation.construction@réhabilitationc.org.bj,réhabilitationconstruction.bj,PME (50-200),B2C,APIEx,,Actif,2026-06-29T00:22:55.100775,haute
BJ-CDFABE61,Travaux Cabinet,BTP & Immobilier,Covè,+229 75 76 73 52,,travauxcabinet.bj,PME (50-200),B2C,APIEx,,Actif,2026-06-29T00:22:55.100808,moyenne
BJ-2DC14990,SO Urbanisme Construction Covè,BTP & Immobilier,Covè,+229 89 38 28 67,u.construction@sourbanismecons.com.bj,sourbanismeconstructioncovè.bj,TPE (<10),B2B,APIEx,,Actif,2026-06-29T00:22:55.100828,haute
BJ-E8E5CB51,Promotion Bâtiment Covè,BTP & Immobilier,Covè,+229 54 61 96 42,promotion.bâtiment@hotmail.com,,PME (50-200),B2C,APIEx,,Actif,2026-06-29T00:22:55.100844,moyenne
BJ-A574699D,SO Maison Promotion,BTP & Immobilier,Pobè,+229 71 71 83 41,,somaisonpromotion.bj,TPE (<10),B2C,APIEx,,Actif,2026-06-29T00:22:55.100865,moyenne
BJ-F0FDB886,Syndic,BTP & Immobilier,Pobè,+229 44 72 42 81,syndic@syndic.com.bj,syndic.bj,PME (10-50),B2C,APIEx,,Actif,2026-06-29T00:22:55.100880,haute
BJ-CF0D188C,Construction Maison,BTP & Immobilier,Pobè,+229 24 55 77 70,constructionmaison@constructionmai.bj,constructionmaison.bj,PME (50-200),B2B,APIEx,,Actif,2026-06-29T00:22:55.100928,haute
BJ-533C50D7,Groupe Isolation Pobè,BTP & Immobilier,Pobè,+229 49 74 29 69,g.isolation@groupeisolation.org.bj,,PME (50-200),B2B,APIEx,,Actif,2026-06-29T00:22:55.100951,moyenne
BJ-C9DC4063,Location,BTP & Immobilier,Pobè,+229 89 89 54 35,location@location.bj,location.bj,TPE (<10),B2B,APIEx,,Actif,2026-06-29T00:22:55.100966,haute
BJ-9D129600,SO Maison,BTP & Immobilier,Sakété,+229 65 79 55 13,,somaison.bj,TPE (<10),B2B,APIEx,,Actif,2026-06-29T00:22:55.100987,moyenne
BJ-A5B04881,Copropriété,BTP & Immobilier,Sakété,+229 25 55 91 99,copropriété@hotmail.com,copropriété.bj,TPE (<10),B2C,APIEx,,Actif,2026-06-29T00:22:55.101006,haute
BJ-160BD88A,BTP Rénovation Africa,BTP & Immobilier,Sakété,+229 94 29 48 47,b.rénovation@btprénovationaf.bj,btprénovationafrica.bj,PME (10-50),B2C,APIEx,,Actif,2026-06-29T00:22:55.101025,haute
BJ-43ADD676,Aménagement,BTP & Immobilier,Sakété,+229 45 82 73 30,aménagement@hotmail.com,,Grande (>200),B2B,APIEx,,Actif,2026-06-29T00:22:55.101040,moyenne
BJ-A414462C,Clôturage SA,BTP & Immobilier,Sakété,+229 43 19 59 39,clôturage@yahoo.fr,clôturagesa.bj,PME (50-200),B2B,APIEx,,Actif,2026-06-29T00:22:55.101056,haute
BJ-5F866425,Groupe Béton,BTP & Immobilier,Adjara,+229 62 98 24 95,,,PME (50-200),B2B,APIEx,,Actif,2026-06-29T00:22:55.101075,basse
BJ-2D423A86,SCI Maçonnerie Adjara,BTP & Immobilier,Adjara,+229 95 32 99 56,sci.maçonnerie@scimaçonneriead.com.bj,scimaçonnerieadjara.bj,PME (10-50),B2C,APIEx,,Actif,2026-06-29T00:22:55.101093,haute
BJ-6114C771,Groupe Toiture,BTP & Immobilier,Adjara,+229 84 11 60 12,groupetoiture@groupetoiture.org.bj,groupetoiture.bj,TPE (<10),B2C,APIEx,,Actif,2026-06-29T00:22:55.101116,haute
BJ-FB9312D9,Travaux,BTP & Immobilier,Adjara,+229 37 11 55 28,travaux@yahoo.fr,,PME (10-50),B2B,APIEx,,Actif,2026-06-29T00:22:55.101131,moyenne
BJ-BE9B17F8,Cabinet Menuiserie Solutions,BTP & Immobilier,Adjara,+229 76 54 81 93,,cabinetmenuiseriesolutions.bj,TPE (<10),B2C,APIEx,,Actif,2026-06-29T00:22:55.101143,moyenne
BJ-32020929,Location Ets,BTP & Immobilier,Allada,+229 67 46 31 37,,,TPE (<10),B2B,APIEx,,Actif,2026-06-29T00:22:55.101162,basse
BJ-F73E381C,SCI Isolation,BTP & Immobilier,Allada,+229 85 41 84 65,s.isolation@sciisolation.org.bj,,TPE (<10),B2C,APIEx,,Actif,2026-06-29T00:22:55.101179,moyenne
BJ-0E49CD96,BTP Maçonnerie International,BTP & Immobilier,Allada,+229 77 91 77 11,btp.maçonnerie@btpmaçonneriein.bj,btpmaçonnerieinternational.bj,Grande (>200),B2C,APIEx,,Actif,2026-06-29T00:22:55.101197,haute
BJ-15714F94,Peinture Ets,BTP & Immobilier,Allada,+229 66 37 19 27,,peintureets.bj,PME (50-200),B2C,APIEx,,Actif,2026-06-29T00:22:55.101210,moyenne
BJ-834F1FCE,BTP Isolation International,BTP & Immobilier,Allada,+229 52 61 48 49,btp.isolation@outlook.com,,PME (10-50),B2C,APIEx,,Actif,2026-06-29T00:22:55.101231,moyenne
BJ-3FAF6743,Structure Promotion,BTP & Immobilier,Aplahoué,+229 47 82 26 68,structurepromotion@structurepromot.org.bj,structurepromotion.bj,TPE (<10),B2B,APIEx,,Actif,2026-06-29T00:22:55.101263,haute
BJ-FA1DB97F,Peinture,BTP & Immobilier,Aplahoué,+229 85 93 19 74,,peinture.bj,PME (50-200),B2C,APIEx,,Actif,2026-06-29T00:22:55.101277,moyenne
BJ-FB7A61EA,SARL Électricité Aplahoué,BTP & Immobilier,Aplahoué,+229 64 17 95 63,,,PME (50-200),B2B,APIEx,,Actif,2026-06-29T00:22:55.101293,basse
BJ-69ED4286,Promotion Rénovation,BTP & Immobilier,Aplahoué,+229 85 98 58 27,promotion.rénovation@promotionrénova.com.bj,promotionrénovation.bj,TPE (<10),B2B,APIEx,,Actif,2026-06-29T00:22:55.101312,haute
BJ-0CA34FFE,Terrassement Aplahoué,BTP & Immobilier,Aplahoué,+229 55 28 70 26,terrassement.aplahoué@terrassementapl.com.bj,,TPE (<10),B2B,APIEx,,Actif,2026-06-29T00:22:55.101330,moyenne
BJ-D0E92AF9,Habitat Bâtiments Dogbo-Tota,BTP & Immobilier,Dogbo-Tota,+229 96 54 82 81,habitatbâtiments@habitatbâtiment.com.bj,habitatbâtimentsdogbotota.bj,TPE (<10),B2C,APIEx,,Actif,2026-06-29T00:22:55.101361,haute
BJ-28076E1C,Cabinet Bâtiment Dogbo-Tota,BTP & Immobilier,Dogbo-Tota,+229 22 22 56 93,cabinet.bâtiment@cabinetbâtiment.com.bj,cabinetbâtimentdogbotota.bj,PME (10-50),B2B,APIEx,,Actif,2026-06-29T00:22:55.101385,haute
BJ-1478D9FE,Fondation International,BTP & Immobilier,Dogbo-Tota,+229 94 80 71 14,f.international@fondationintern.org.bj,fondationinternational.bj,TPE (<10),B2B,APIEx,,Actif,2026-06-29T00:22:55.101403,haute
BJ-711BE5CF,Maçonnerie Ets,BTP & Immobilier,Dogbo-Tota,+229 33 91 12 71,maçonnerie.ets@yahoo.fr,maçonnerieets.bj,PME (10-50),B2C,APIEx,,Actif,2026-06-29T00:22:55.101422,haute
BJ-604184A1,SA Promotion Kpomassè,BTP & Immobilier,Kpomassè,+229 90 72 68 30,,sapromotionkpomassè.bj,PME (50-200),B2B,APIEx,,Actif,2026-06-29T00:22:55.101464,moyenne
BJ-6A43DCF3,Construction Maison Habitat,BTP & Immobilier,Kpomassè,+229 95 32 54 23,,constructionmaisonhabitat.bj,PME (10-50),B2B,APIEx,,Actif,2026-06-29T00:22:55.101477,moyenne
BJ-65C68345,Immobilier Ets,BTP & Immobilier,Kpomassè,+229 73 69 19 65,immobilierets@yahoo.com,immobilierets.bj,TPE (<10),B2B,APIEx,,Actif,2026-06-29T00:22:55.101500,haute
BJ-3B77D197,SA Construction,BTP & Immobilier,Kpomassè,+229 62 96 61 60,construction@gmail.com,saconstruction.bj,Grande (>200),B2C,APIEx,,Actif,2026-06-29T00:22:55.101516,haute
BJ-497C767B,SO Construction,BTP & Immobilier,Kpomassè,+229 81 73 86 69,construction@soconstruction.bj,soconstruction.bj,PME (10-50),B2C,APIEx,,Actif,2026-06-29T00:22:55.101532,haute
BJ-458B9C71,Syndic,BTP & Immobilier,Tori-Bossito,+229 61 67 50 12,syndic@gmail.com,syndic.bj,Grande (>200),B2B,APIEx,,Actif,2026-06-29T00:22:55.101555,haute
BJ-C97E686E,Construction Réhabilitation Habitat Tori-Bossito,BTP & Immobilier,Tori-Bossito,+229 53 20 71 52,construction.réhabilitation@gmail.com,,PME (50-200),B2B,APIEx,,Actif,2026-06-29T00:22:55.101580,moyenne
BJ-EB312176,Cabinet Fondation Bénin,BTP & Immobilier,Tori-Bossito,+229 92 36 42 17,cabinetfondation@outlook.com,cabinetfondationbénin.bj,PME (10-50),B2C,APIEx,,Actif,2026-06-29T00:22:55.101600,haute
BJ-4C0DF367,Fondation Bénin,BTP & Immobilier,Tori-Bossito,+229 25 48 98 66,fondation.bénin@hotmail.com,,Grande (>200),B2C,APIEx,,Actif,2026-06-29T00:22:55.101617,moyenne
BJ-006BF4E2,Promotion Copropriété,BTP & Immobilier,Tori-Bossito,+229 83 57 54 24,promotioncopropriété@promotioncoprop.com.bj,,PME (50-200),B2B,APIEx,,Actif,2026-06-29T00:22:55.101634,moyenne
BJ-3FCB146B,Promotion Isolation Habitat,BTP & Immobilier,Grand-Popo,+229 35 94 31 14,,,PME (50-200),B2C,APIEx,,Actif,2026-06-29T00:22:55.101655,basse
BJ-1A11A8DC,BTP Électricité Construction,BTP & Immobilier,Grand-Popo,+229 72 60 79 10,b.électricité@yahoo.fr,btpélectricitéconstruction.bj,PME (10-50),B2C,APIEx,,Actif,2026-06-29T00:22:55.101674,haute
BJ-D11407CD,Aménagement Groupe,BTP & Immobilier,Grand-Popo,+229 80 10 58 17,aménagement.groupe@aménagementgrou.bj,,TPE (<10),B2C,APIEx,,Actif,2026-06-29T00:22:55.101698,moyenne
BJ-4C7304DD,SA Bâtiment,BTP & Immobilier,Grand-Popo,+229 31 84 38 56,bâtiment@outlook.com,sabâtiment.bj,TPE (<10),B2C,APIEx,,Actif,2026-06-29T00:22:55.101715,haute
BJ-D004F7DD,Architecte,BTP & Immobilier,Grand-Popo,+229 35 71 76 17,architecte@architecte.org.bj,architecte.bj,PME (10-50),B2C,APIEx,,Actif,2026-06-29T00:22:55.101731,haute
BJ-7BEE452F,Cabinet Menuiserie Athiémé,BTP & Immobilier,Athiémé,+229 64 56 10 96,,cabinetmenuiserieathiémé.bj,Grande (>200),B2C,APIEx,,Actif,2026-06-29T00:22:55.101754,moyenne
BJ-F2E0705A,SCI Urbanisme Habitat,BTP & Immobilier,Athiémé,+229 69 71 48 21,sci.urbanisme@sciurbanismehab.org.bj,sciurbanismehabitat.bj,PME (50-200),B2B,APIEx,,Actif,2026-06-29T00:22:55.101777,haute
BJ-07E2C8D6,Syndic,BTP & Immobilier,Athiémé,+229 21 93 22 26,,syndic.bj,PME (50-200),B2C,APIEx,,Actif,2026-06-29T00:22:55.101804,moyenne
BJ-65188ED6,Ferronnerie Bâtiments,BTP & Immobilier,Athiémé,+229 55 66 77 61,,ferronneriebâtiments.bj,TPE (<10),B2C,APIEx,,Actif,2026-06-29T00:22:55.101836,moyenne
BJ-256716F7,Promotion Clôturage Bénin Bopa,BTP & Immobilier,Bopa,+229 58 67 35 51,promotion_clôturage@yahoo.com,promotionclôturagebéninbopa.bj,TPE (<10),B2B,APIEx,,Actif,2026-06-29T00:22:55.101883,haute
BJ-07FFB57C,Architecte,BTP & Immobilier,Bopa,+229 98 96 78 91,architecte@architecte.org.bj,architecte.bj,PME (50-200),B2B,APIEx,,Actif,2026-06-29T00:22:55.101920,haute
BJ-4F540499,Groupe Travaux SARL,BTP & Immobilier,Bopa,+229 58 50 75 20,groupe_travaux@yahoo.fr,groupetravauxsarl.bj,PME (50-200),B2C,APIEx,,Actif,2026-06-29T00:22:55.101944,haute
BJ-A6F4A1F7,Location,BTP & Immobilier,Bopa,+229 37 13 69 10,location@location.bj,location.bj,PME (50-200),B2B,APIEx,,Actif,2026-06-29T00:22:55.101960,haute
BJ-8765D644,Cabinet Habitat Houéyogbé,BTP & Immobilier,Houéyogbé,+229 94 75 32 92,,cabinethabitathouéyogbé.bj,TPE (<10),B2B,APIEx,,Actif,2026-06-29T00:22:55.102001,moyenne
BJ-7C20EB53,Groupe Terrassement Ets,BTP & Immobilier,Houéyogbé,+229 32 27 55 74,groupeterrassement@groupeterrassem.com.bj,,PME (10-50),B2C,APIEx,,Actif,2026-06-29T00:22:55.102020,moyenne
BJ-081EE8FA,Promotion Maçonnerie Africa,BTP & Immobilier,Houéyogbé,+229 84 76 51 12,promotionmaçonnerie@promotionmaçonn.com.bj,promotionmaçonnerieafrica.bj,PME (10-50),B2B,APIEx,,Actif,2026-06-29T00:22:55.102040,haute
BJ-D074D603,SA Ferronnerie SARL,BTP & Immobilier,Houéyogbé,+229 45 25 36 25,,saferronneriesarl.bj,TPE (<10),B2C,APIEx,,Actif,2026-06-29T00:22:55.102053,moyenne
BJ-14369F01,Cabinet Maison,BTP & Immobilier,Houéyogbé,+229 50 43 62 65,cabinetmaison@outlook.com,cabinetmaison.bj,PME (10-50),B2B,APIEx,,Actif,2026-06-29T00:22:55.102081,haute
BJ-B8D81883,Promotion Promotion International Malanville,BTP & Immobilier,Malanville,+229 50 77 65 43,promotionpromotion@promotionpromot.org.bj,,TPE (<10),B2C,APIEx,,Actif,2026-06-29T00:22:55.102154,moyenne
BJ-2F49B629,BTP Plomberie SA,BTP & Immobilier,Malanville,+229 90 77 63 87,btp.plomberie@btpplomberiesa.bj,btpplomberiesa.bj,Grande (>200),B2C,APIEx,,Actif,2026-06-29T00:22:55.102180,haute
BJ-F5712425,Construction Réhabilitation Services,BTP & Immobilier,Malanville,+229 86 59 73 52,,constructionréhabilitationservices.bj,Grande (>200),B2C,APIEx,,Actif,2026-06-29T00:22:55.102209,moyenne
BJ-4521ED3B,Électricité Services,BTP & Immobilier,Malanville,+229 65 82 79 24,é.services@électricitéserv.org.bj,électricitéservices.bj,PME (50-200),B2C,APIEx,,Actif,2026-06-29T00:22:55.102244,haute
BJ-EEFF8426,SCI Immobilier,BTP & Immobilier,Kandi,+229 54 32 16 32,sciimmobilier@yahoo.com,sciimmobilier.bj,PME (10-50),B2C,APIEx,,Actif,2026-06-29T00:22:55.102289,haute
BJ-A063D192,SO Ingénierie Kandi,BTP & Immobilier,Kandi,+229 41 86 16 62,ingénieriekandi@gmail.com,soingénieriekandi.bj,PME (10-50),B2C,APIEx,,Actif,2026-06-29T00:22:55.102328,haute
BJ-8F18BFFB,SARL Ingénierie Services,BTP & Immobilier,Kandi,+229 47 86 14 45,s.ingénierie@yahoo.com,,PME (10-50),B2B,APIEx,,Actif,2026-06-29T00:22:55.102364,moyenne
BJ-960456B0,Promotion Architecte,BTP & Immobilier,Kandi,+229 67 18 87 98,promotionarchitecte@promotionarchit.bj,,PME (10-50),B2B,APIEx,,Actif,2026-06-29T00:22:55.102402,moyenne
BJ-4B781CE5,SA Bâtiment,BTP & Immobilier,Kandi,+229 86 40 48 75,,sabâtiment.bj,PME (50-200),B2C,APIEx,,Actif,2026-06-29T00:22:55.102430,moyenne
BJ-777EE961,Cabinet Aménagement,BTP & Immobilier,Banikoara,+229 72 79 12 65,c.aménagement@cabinetaménagem.com.bj,,Grande (>200),B2B,APIEx,,Actif,2026-06-29T00:22:55.102477,moyenne
BJ-F147B1D1,Ets Maçonnerie International,BTP & Immobilier,Banikoara,+229 90 10 72 61,etsmaçonnerie@etsmaçonneriein.com.bj,etsmaçonnerieinternational.bj,TPE (<10),B2B,APIEx,,Actif,2026-06-29T00:22:55.102519,haute
BJ-2CF1985F,Électricité Construction,BTP & Immobilier,Banikoara,+229 42 35 55 16,électricité.construction@outlook.com,électricitéconstruction.bj,PME (10-50),B2C,APIEx,,Actif,2026-06-29T00:22:55.102571,haute
BJ-BEC22344,Immobilier,BTP & Immobilier,Banikoara,+229 95 12 39 82,immobilier@immobilier.com.bj,immobilier.bj,PME (50-200),B2C,APIEx,,Actif,2026-06-29T00:22:55.102602,haute
BJ-6D0B6EE7,SCI Plomberie Ets Ségbana,BTP & Immobilier,Ségbana,+229 44 56 66 44,sciplomberie@sciplomberieets.org.bj,sciplomberieetsségbana.bj,PME (10-50),B2C,APIEx,,Actif,2026-06-29T00:22:55.102680,haute
BJ-2BAC6905,Ets Structure Ets,BTP & Immobilier,Ségbana,+229 37 47 19 72,e.structure@etsstructureets.bj,etsstructureets.bj,PME (50-200),B2B,APIEx,,Actif,2026-06-29T00:22:55.102719,haute
BJ-DD109D04,Terrassement,BTP & Immobilier,Ségbana,+229 73 36 15 32,,terrassement.bj,TPE (<10),B2C,APIEx,,Actif,2026-06-29T00:22:55.102743,moyenne
BJ-FBDB0170,Promotion Clôturage Habitat,BTP & Immobilier,Ségbana,+229 31 11 74 90,p.clôturage@yahoo.fr,promotionclôturagehabitat.bj,Grande (>200),B2B,APIEx,,Actif,2026-06-29T00:22:55.102787,haute
BJ-D2EAADCD,Clôturage,BTP & Immobilier,Ségbana,+229 99 18 21 98,clôturage@clôturage.com.bj,clôturage.bj,TPE (<10),B2B,APIEx,,Actif,2026-06-29T00:22:55.102827,haute
BJ-F5FA8028,SARL Réhabilitation SA,BTP & Immobilier,Karimama,+229 66 62 53 84,,,PME (10-50),B2B,APIEx,,Actif,2026-06-29T00:22:55.102873,basse
BJ-540D7E0B,Béton Karimama,BTP & Immobilier,Karimama,+229 28 12 31 99,béton.karimama@yahoo.com,bétonkarimama.bj,Grande (>200),B2C,APIEx,,Actif,2026-06-29T00:22:55.102925,haute
BJ-9A9F8FAC,SARL Bâtiment,BTP & Immobilier,Karimama,+229 41 43 27 31,sarlbâtiment@gmail.com,sarlbâtiment.bj,TPE (<10),B2C,APIEx,,Actif,2026-06-29T00:22:55.102974,haute
BJ-40A9548F,Promotion Bâtiment,BTP & Immobilier,Karimama,+229 91 34 66 65,,,PME (50-200),B2C,APIEx,,Actif,2026-06-29T00:22:55.103003,basse
BJ-CC7B2705,Location SA,BTP & Immobilier,Karimama,+229 29 68 67 78,location@hotmail.com,,PME (10-50),B2B,APIEx,,Actif,2026-06-29T00:22:55.103036,moyenne
BJ-2FF7935F,Ets Menuiserie,BTP & Immobilier,Gogounou,+229 84 37 64 52,ets.menuiserie@yahoo.com,,TPE (<10),B2B,APIEx,,Actif,2026-06-29T00:22:55.103071,moyenne
BJ-3D323E89,SO Copropriété Gogounou,BTP & Immobilier,Gogounou,+229 95 60 10 17,copropriétégogounou@yahoo.com,socopropriétégogounou.bj,PME (50-200),B2B,APIEx,,Actif,2026-06-29T00:22:55.103103,haute
BJ-C5414C63,Construction Plomberie Construction,BTP & Immobilier,Gogounou,+229 88 69 22 57,constructionplomberie@hotmail.com,,PME (10-50),B2B,APIEx,,Actif,2026-06-29T00:22:55.103135,moyenne
BJ-A879D861,Cabinet Voirie International,BTP & Immobilier,Gogounou,+229 24 91 47 90,,,PME (50-200),B2B,APIEx,,Actif,2026-06-29T00:22:55.103157,basse
BJ-A807337F,Maçonnerie,BTP & Immobilier,Gogounou,+229 97 37 65 51,maçonnerie@maçonnerie.com.bj,,TPE (<10),B2C,APIEx,,Actif,2026-06-29T00:22:55.103185,moyenne
BJ-74DE005E,Promotion Ferronnerie International Cobly,BTP & Immobilier,Cobly,+229 21 48 30 11,promotion.ferronnerie@yahoo.fr,,PME (50-200),B2B,APIEx,,Actif,2026-06-29T00:22:55.103226,moyenne
BJ-36038DFD,Location Cabinet,BTP & Immobilier,Cobly,+229 75 80 15 29,l.cabinet@yahoo.com,locationcabinet.bj,TPE (<10),B2B,APIEx,,Actif,2026-06-29T00:22:55.103264,haute
BJ-1BA435C6,Gestion International,BTP & Immobilier,Cobly,+229 63 88 29 54,g.international@gestioninternat.bj,,PME (50-200),B2C,APIEx,,Actif,2026-06-29T00:22:55.103284,moyenne
BJ-677F2AC7,Copropriété International,BTP & Immobilier,Cobly,+229 45 99 23 91,copropriétéinternational@copropriétéinte.org.bj,copropriétéinternational.bj,PME (10-50),B2B,APIEx,,Actif,2026-06-29T00:22:55.103303,haute
BJ-612A2C76,Syndic Bénin,BTP & Immobilier,Tanguiéta,+229 77 36 56 59,syndicbénin@hotmail.com,syndicbénin.bj,PME (50-200),B2B,APIEx,,Actif,2026-06-29T00:22:55.103342,haute
BJ-A955A64E,Réhabilitation,BTP & Immobilier,Tanguiéta,+229 84 60 40 16,réhabilitation@yahoo.com,réhabilitation.bj,PME (50-200),B2C,APIEx,,Actif,2026-06-29T00:22:55.103357,haute
BJ-2DE19D23,Cabinet Peinture Tanguiéta,BTP & Immobilier,Tanguiéta,+229 97 63 41 72,cabinet.peinture@gmail.com,,TPE (<10),B2B,APIEx,,Actif,2026-06-29T00:22:55.103374,moyenne
BJ-99594997,Cabinet Toiture Bâtiments,BTP & Immobilier,Matéri,+229 83 83 33 80,,,Grande (>200),B2C,APIEx,,Actif,2026-06-29T00:22:55.103404,basse
BJ-F824F7DB,Promotion,BTP & Immobilier,Matéri,+229 31 97 10 88,promotion@gmail.com,promotion.bj,PME (50-200),B2C,APIEx,,Actif,2026-06-29T00:22:55.103418,haute
BJ-F89EA5A3,Clôturage,BTP & Immobilier,Matéri,+229 74 82 79 36,clôturage@clôturage.org.bj,,Grande (>200),B2B,APIEx,,Actif,2026-06-29T00:22:55.103435,moyenne
BJ-05258B73,Travaux Promotion,BTP & Immobilier,Matéri,+229 89 25 35 54,travaux.promotion@travauxpromotio.bj,,PME (10-50),B2B,APIEx,,Actif,2026-06-29T00:22:55.103452,moyenne
BJ-905EA909,Rénovation,BTP & Immobilier,Matéri,+229 58 58 73 64,rénovation@rénovation.bj,,Grande (>200),B2C,APIEx,,Actif,2026-06-29T00:22:55.103469,moyenne
BJ-88C7BF20,SA Travaux Africa,BTP & Immobilier,Natitingou,+229 50 93 36 44,t.africa@outlook.com,,TPE (<10),B2B,APIEx,,Actif,2026-06-29T00:22:55.103491,moyenne
BJ-6142ACDE,SARL Terrassement Groupe Natitingou,BTP & Immobilier,Natitingou,+229 76 82 44 68,s.terrassement@sarlterrassemen.org.bj,sarlterrassementgroupenatitingou.bj,PME (50-200),B2B,APIEx,,Actif,2026-06-29T00:22:55.103535,haute
BJ-D4996BF3,SARL Syndic Ets Natitingou,BTP & Immobilier,Natitingou,+229 52 41 73 93,sarl.syndic@gmail.com,sarlsyndicetsnatitingou.bj,PME (10-50),B2B,APIEx,,Actif,2026-06-29T00:22:55.103554,haute
BJ-B2A0414C,Ingénierie,BTP & Immobilier,Toucountouna,+229 54 34 72 60,ingénierie@gmail.com,ingénierie.bj,TPE (<10),B2B,APIEx,,Actif,2026-06-29T00:22:55.103576,haute
BJ-E646DC5A,Maçonnerie,BTP & Immobilier,Toucountouna,+229 39 98 19 89,maçonnerie@maçonnerie.com.bj,maçonnerie.bj,TPE (<10),B2C,APIEx,,Actif,2026-06-29T00:22:55.103590,haute
BJ-17A45FF3,Cabinet Fondation,BTP & Immobilier,Toucountouna,+229 58 11 23 26,cabinet.fondation@outlook.com,,PME (50-200),B2C,APIEx,,Actif,2026-06-29T00:22:55.103609,moyenne
BJ-56849C7B,BTP Habitat Bénin,BTP & Immobilier,Toucountouna,+229 39 58 10 62,btphabitat@yahoo.com,btphabitatbénin.bj,PME (10-50),B2C,APIEx,,Actif,2026-06-29T00:22:55.103626,haute
BJ-F1B97050,Cabinet Bâtiment SA Toucountouna,BTP & Immobilier,Toucountouna,+229 94 28 98 20,c.bâtiment@outlook.com,,PME (10-50),B2C,APIEx,,Actif,2026-06-29T00:22:55.103643,moyenne
BJ-24554040,SO Plomberie Ets,BTP & Immobilier,Boukoumbé,+229 27 30 83 77,p.ets@soplomberieets.bj,,PME (50-200),B2C,APIEx,,Actif,2026-06-29T00:22:55.103666,moyenne
BJ-2794DD3E,Voirie Africa,BTP & Immobilier,Boukoumbé,+229 73 33 23 29,voirie.africa@gmail.com,voirieafrica.bj,PME (50-200),B2B,APIEx,,Actif,2026-06-29T00:22:55.103683,haute
BJ-D5FF1578,Promotion Habitat Boukoumbé,BTP & Immobilier,Boukoumbé,+229 45 16 71 36,,,TPE (<10),B2B,APIEx,,Actif,2026-06-29T00:22:55.103694,basse
BJ-07D4DCFC,Travaux Bénin,BTP & Immobilier,Boukoumbé,+229 83 28 96 42,,travauxbénin.bj,PME (10-50),B2C,APIEx,,Actif,2026-06-29T00:22:55.103720,moyenne
BJ-91C85CDB,Construction Architecte Kouandé,BTP & Immobilier,Kouandé,+229 62 36 85 33,c.architecte@yahoo.fr,constructionarchitectekouandé.bj,TPE (<10),B2B,APIEx,,Actif,2026-06-29T00:22:55.103743,haute
BJ-B61398BF,SO Location,BTP & Immobilier,Kouandé,+229 98 10 72 85,location@solocation.org.bj,solocation.bj,Grande (>200),B2B,APIEx,,Actif,2026-06-29T00:22:55.103758,haute
BJ-344C86E4,Promotion Plomberie,BTP & Immobilier,Kouandé,+229 61 93 35 40,,promotionplomberie.bj,PME (50-200),B2C,APIEx,,Actif,2026-06-29T00:22:55.103773,moyenne
BJ-344FB6FE,Groupe Terrassement,BTP & Immobilier,Kouandé,+229 66 28 91 29,,,PME (10-50),B2C,APIEx,,Actif,2026-06-29T00:22:55.103785,basse
BJ-A7A72C12,Aménagement,BTP & Immobilier,Kouandé,+229 52 57 52 39,aménagement@yahoo.com,aménagement.bj,TPE (<10),B2B,APIEx,,Actif,2026-06-29T00:22:55.103799,haute
BJ-B8391E70,SO Location SARL,BTP & Immobilier,Péhunco,+229 40 69 80 71,,,TPE (<10),B2B,APIEx,,Actif,2026-06-29T00:22:55.103817,basse
BJ-F7C332B5,BTP Maison Péhunco,BTP & Immobilier,Péhunco,+229 36 24 14 37,btp.maison@btpmaisonpéhunc.bj,btpmaisonpéhunco.bj,PME (10-50),B2C,APIEx,,Actif,2026-06-29T00:22:55.103838,haute
BJ-6949B929,Clôturage,BTP & Immobilier,Péhunco,+229 64 52 54 48,clôturage@clôturage.bj,clôturage.bj,PME (10-50),B2C,APIEx,,Actif,2026-06-29T00:22:55.103854,haute
BJ-A20D319A,Ferronnerie Solutions,BTP & Immobilier,Péhunco,+229 90 58 64 64,ferronneriesolutions@ferronneriesolu.com.bj,ferronneriesolutions.bj,PME (10-50),B2C,APIEx,,Actif,2026-06-29T00:22:55.103870,haute
BJ-302CA0ED,Construction Voirie,BTP & Immobilier,Péhunco,+229 40 41 74 41,,constructionvoirie.bj,Grande (>200),B2B,APIEx,,Actif,2026-06-29T00:22:55.103882,moyenne
BJ-665D3630,SCI Isolation Tchaourou,BTP & Immobilier,Tchaourou,+229 20 69 54 64,sci.isolation@sciisolationtch.bj,,PME (50-200),B2B,APIEx,,Actif,2026-06-29T00:22:55.103942,moyenne
BJ-9179B927,Terrassement Tchaourou,BTP & Immobilier,Tchaourou,+229 40 58 39 59,t.tchaourou@terrassementtch.com.bj,terrassementtchaourou.bj,Grande (>200),B2C,APIEx,,Actif,2026-06-29T00:22:55.103978,haute
BJ-BBF889FE,Urbanisme,BTP & Immobilier,Tchaourou,+229 53 22 74 94,urbanisme@yahoo.fr,,PME (50-200),B2C,APIEx,,Actif,2026-06-29T00:22:55.104010,moyenne
BJ-8452FE00,Architecte Services,BTP & Immobilier,Tchaourou,+229 88 56 73 63,,,PME (50-200),B2B,APIEx,,Actif,2026-06-29T00:22:55.104030,basse
BJ-56930D0E,Menuiserie Construction,BTP & Immobilier,Tchaourou,+229 67 77 35 79,m.construction@menuiserieconst.org.bj,menuiserieconstruction.bj,TPE (<10),B2C,APIEx,,Actif,2026-06-29T00:22:55.104057,haute
BJ-0CC06D6A,Travaux Promotion,BTP & Immobilier,Nikki,+229 89 56 12 54,t.promotion@travauxpromotio.com.bj,,Grande (>200),B2C,APIEx,,Actif,2026-06-29T00:22:55.104106,moyenne
BJ-FB83A1B5,Terrassement Cabinet,BTP & Immobilier,Nikki,+229 81 12 95 16,terrassement.cabinet@hotmail.com,,TPE (<10),B2C,APIEx,,Actif,2026-06-29T00:22:55.104139,moyenne
BJ-14770C6E,Bâtiment,BTP & Immobilier,Nikki,+229 70 59 48 90,bâtiment@bâtiment.com.bj,bâtiment.bj,PME (10-50),B2B,APIEx,,Actif,2026-06-29T00:22:55.104158,haute
BJ-E903C9BE,SA Terrassement Services,BTP & Immobilier,Nikki,+229 80 81 67 53,terrassement.services@saterrassements.com.bj,saterrassementservices.bj,Grande (>200),B2B,APIEx,,Actif,2026-06-29T00:22:55.104175,haute
BJ-E4B53DC1,Promotion Maison Promotion,BTP & Immobilier,Nikki,+229 31 97 46 18,,,TPE (<10),B2B,APIEx,,Actif,2026-06-29T00:22:55.104187,basse
BJ-FD20E965,SA Réhabilitation,BTP & Immobilier,Bembéréké,+229 49 77 70 59,réhabilitation@yahoo.fr,saréhabilitation.bj,TPE (<10),B2C,APIEx,,Actif,2026-06-29T00:22:55.104232,haute
BJ-7BAE9B60,SCI Maison,BTP & Immobilier,Bembéréké,+229 38 25 50 89,scimaison@scimaison.bj,,PME (10-50),B2C,APIEx,,Actif,2026-06-29T00:22:55.104277,moyenne
BJ-F0E607FB,Copropriété Solutions,BTP & Immobilier,Bembéréké,+229 47 36 39 54,,copropriétésolutions.bj,PME (50-200),B2B,APIEx,,Actif,2026-06-29T00:22:55.104302,moyenne
BJ-3202BD88,BTP Structure,BTP & Immobilier,Bembéréké,+229 88 56 37 70,,btpstructure.bj,PME (10-50),B2C,APIEx,,Actif,2026-06-29T00:22:55.104339,moyenne
BJ-FC964BC5,SO Urbanisme Bembéréké,BTP & Immobilier,Bembéréké,+229 55 36 82 59,,,TPE (<10),B2B,APIEx,,Actif,2026-06-29T00:22:55.104367,basse
BJ-E254D2F7,SO Ingénierie Bénin,BTP & Immobilier,Kalalé,+229 71 67 40 89,ingénierie.bénin@soingénieriebén.org.bj,,PME (10-50),B2B,APIEx,,Actif,2026-06-29T00:22:55.104417,moyenne
BJ-A3404B54,Location,BTP & Immobilier,Kalalé,+229 34 98 54 81,location@outlook.com,,TPE (<10),B2C,APIEx,,Actif,2026-06-29T00:22:55.104434,moyenne
BJ-4F2AFDF5,Ets Rénovation,BTP & Immobilier,Kalalé,+229 43 16 24 48,etsrénovation@yahoo.fr,etsrénovation.bj,TPE (<10),B2C,APIEx,,Actif,2026-06-29T00:22:55.104454,haute
BJ-4B2E5A64,Urbanisme,BTP & Immobilier,Kalalé,+229 68 58 91 49,,,Grande (>200),B2C,APIEx,,Actif,2026-06-29T00:22:55.104465,basse
BJ-BCE0CAF3,SCI Maison,BTP & Immobilier,Kalalé,+229 91 82 93 75,scimaison@scimaison.com.bj,,PME (10-50),B2C,APIEx,,Actif,2026-06-29T00:22:55.104482,moyenne
BJ-BF7D9C96,Construction,BTP & Immobilier,Ndali,+229 24 49 36 87,,construction.bj,PME (10-50),B2C,APIEx,,Actif,2026-06-29T00:22:55.104502,moyenne
BJ-45707829,Habitat,BTP & Immobilier,Ndali,+229 66 18 31 70,,habitat.bj,PME (50-200),B2C,APIEx,,Actif,2026-06-29T00:22:55.104515,moyenne
BJ-B119803B,Groupe Gestion SA,BTP & Immobilier,Ndali,+229 44 96 63 84,g.gestion@groupegestionsa.org.bj,,TPE (<10),B2C,APIEx,,Actif,2026-06-29T00:22:55.104536,moyenne
BJ-01E03F22,Aménagement,BTP & Immobilier,Ndali,+229 26 36 72 88,,aménagement.bj,TPE (<10),B2B,APIEx,,Actif,2026-06-29T00:22:55.104553,moyenne
BJ-6F9732F0,BTP Gestion,BTP & Immobilier,Ndali,+229 27 21 49 54,,btpgestion.bj,TPE (<10),B2B,APIEx,,Actif,2026-06-29T00:22:55.104566,moyenne
BJ-9CD42CFB,SO Immobilier Solutions,BTP & Immobilier,Ségbana,+229 88 14 83 22,,,TPE (<10),B2B,APIEx,,Actif,2026-06-29T00:22:55.104584,basse
BJ-DB383515,Groupe Urbanisme,BTP & Immobilier,Ségbana,+229 43 69 70 59,,,PME (10-50),B2B,APIEx,,Actif,2026-06-29T00:22:55.104596,basse
BJ-E6292459,Ets Gestion Services,BTP & Immobilier,Ségbana,+229 25 31 66 31,ets.gestion@yahoo.com,etsgestionservices.bj,TPE (<10),B2B,APIEx,,Actif,2026-06-29T00:22:55.104618,haute
BJ-3FEB58CC,Plomberie Solutions,BTP & Immobilier,Ségbana,+229 37 64 39 71,,,PME (10-50),B2C,APIEx,,Actif,2026-06-29T00:22:55.104629,basse
BJ-F39095FC,Groupe Habitat,BTP & Immobilier,Ségbana,+229 84 83 84 18,groupe.habitat@yahoo.com,,PME (50-200),B2B,APIEx,,Actif,2026-06-29T00:22:55.104644,moyenne
BJ-BA1AE818,SA Clôturage Promotion,BTP & Immobilier,Tchaourou,+229 98 43 49 37,clôturagepromotion@saclôturageprom.bj,,PME (10-50),B2C,APIEx,,Actif,2026-06-29T00:22:55.104669,moyenne
BJ-BF2256D6,Terrassement Habitat Tchaourou,BTP & Immobilier,Tchaourou,+229 23 18 62 18,terrassement.habitat@terrassementhab.com.bj,,Grande (>200),B2B,APIEx,,Actif,2026-06-29T00:22:55.104686,moyenne
BJ-6645BCBB,Urbanisme Ets Tchaourou,BTP & Immobilier,Tchaourou,+229 62 66 13 73,u.ets@outlook.com,urbanismeetstchaourou.bj,TPE (<10),B2C,APIEx,,Actif,2026-06-29T00:22:55.104706,haute
BJ-63FF9C8D,SO Aménagement Cabinet,BTP & Immobilier,Tchaourou,+229 44 73 53 92,,soaménagementcabinet.bj,TPE (<10),B2B,APIEx,,Actif,2026-06-29T00:22:55.104719,moyenne
BJ-671CBEAA,SARL Toiture Construction,BTP & Immobilier,Tchaourou,+229 93 85 17 57,sarltoiture@sarltoiturecons.com.bj,sarltoitureconstruction.bj,PME (50-200),B2C,APIEx,,Actif,2026-06-29T00:22:55.104735,haute
BJ-562209A0,Isolation,BTP & Immobilier,Bétérou,+229 32 12 89 32,isolation@isolation.org.bj,,PME (10-50),B2C,APIEx,,Actif,2026-06-29T00:22:55.104768,moyenne
BJ-7A4EFF82,Fondation Cabinet,BTP & Immobilier,Bétérou,+229 32 59 24 79,fondation.cabinet@gmail.com,fondationcabinet.bj,PME (50-200),B2C,APIEx,,Actif,2026-06-29T00:22:55.104784,haute
BJ-D72C76DB,Ets Toiture,BTP & Immobilier,Bétérou,+229 93 76 79 49,etstoiture@yahoo.fr,etstoiture.bj,TPE (<10),B2C,APIEx,,Actif,2026-06-29T00:22:55.104799,haute
BJ-55294482,Construction Ferronnerie Bénin,BTP & Immobilier,Bétérou,+229 86 69 46 43,c.ferronnerie@constructionfer.org.bj,constructionferronneriebénin.bj,PME (10-50),B2C,APIEx,,Actif,2026-06-29T00:22:55.104818,haute
BJ-A22F5981,SA Peinture Groupe,BTP & Immobilier,Ouessè,+229 56 37 31 90,peinture.groupe@sapeinturegroup.com.bj,sapeinturegroupe.bj,PME (10-50),B2C,APIEx,,Actif,2026-06-29T00:22:55.104852,haute
BJ-19816E48,Ets Terrassement,BTP & Immobilier,Ouessè,+229 29 91 82 53,etsterrassement@outlook.com,etsterrassement.bj,TPE (<10),B2B,APIEx,,Actif,2026-06-29T00:22:55.104874,haute
BJ-363EE89F,Voirie SARL Ouessè,BTP & Immobilier,Ouessè,+229 85 15 88 57,v.sarl@yahoo.com,voiriesarlouessè.bj,TPE (<10),B2B,APIEx,,Actif,2026-06-29T00:22:55.104906,haute
BJ-709AB102,SO Syndic,BTP & Immobilier,Ouessè,+229 65 12 49 44,syndic@yahoo.com,sosyndic.bj,PME (10-50),B2C,APIEx,,Actif,2026-06-29T00:22:55.104924,haute
BJ-C44DC30A,Gestion Africa,BTP & Immobilier,Glazoué,+229 92 30 67 84,gestionafrica@hotmail.com,,PME (50-200),B2C,APIEx,,Actif,2026-06-29T00:22:55.104946,moyenne
BJ-3A65E263,Promotion SARL Glazoué,BTP & Immobilier,Glazoué,+229 27 48 38 14,promotionsarl@yahoo.com,,PME (50-200),B2B,APIEx,,Actif,2026-06-29T00:22:55.104963,moyenne
BJ-DC56A050,Copropriété,BTP & Immobilier,Glazoué,+229 35 71 64 68,copropriété@yahoo.com,copropriété.bj,PME (50-200),B2B,APIEx,,Actif,2026-06-29T00:22:55.104982,haute
BJ-327417D4,Bâtiment SA,BTP & Immobilier,Glazoué,+229 70 60 17 78,,bâtimentsa.bj,PME (10-50),B2B,APIEx,,Actif,2026-06-29T00:22:55.104995,moyenne
BJ-63720869,SA Isolation SA,BTP & Immobilier,Glazoué,+229 66 92 70 78,,saisolationsa.bj,TPE (<10),B2B,APIEx,,Actif,2026-06-29T00:22:55.105007,moyenne
BJ-1AF75E02,Ets Copropriété,BTP & Immobilier,Dassa-Zoumè,+229 74 91 43 36,etscopropriété@gmail.com,etscopropriété.bj,PME (10-50),B2C,APIEx,,Actif,2026-06-29T00:22:55.105031,haute
BJ-E5A5D1CF,Rénovation Bâtiments Dassa-Zoumè,BTP & Immobilier,Dassa-Zoumè,+229 83 56 24 57,r.bâtiments@rénovationbâtim.com.bj,rénovationbâtimentsdassazoumè.bj,PME (50-200),B2C,APIEx,,Actif,2026-06-29T00:22:55.105065,haute
BJ-C7D9F8D3,Cabinet Habitat,BTP & Immobilier,Dassa-Zoumè,+229 78 56 67 36,c.habitat@cabinethabitat.bj,cabinethabitat.bj,PME (10-50),B2B,APIEx,,Actif,2026-06-29T00:22:55.105082,haute
BJ-BFCE6582,Béton Ets,BTP & Immobilier,Dassa-Zoumè,+229 80 32 68 89,béton.ets@bétonets.bj,bétonets.bj,PME (10-50),B2B,APIEx,,Actif,2026-06-29T00:22:55.105100,haute
BJ-8D47158A,Toiture Bénin,BTP & Immobilier,Savalou,+229 30 93 76 99,toiture_bénin@yahoo.com,toiturebénin.bj,PME (50-200),B2C,APIEx,,Actif,2026-06-29T00:22:55.105124,haute
BJ-8DEDCA40,Ets Peinture Promotion,BTP & Immobilier,Savalou,+229 34 88 66 26,e.peinture@etspeintureprom.bj,etspeinturepromotion.bj,PME (10-50),B2C,APIEx,,Actif,2026-06-29T00:22:55.105159,haute
BJ-DD37A8F6,Clôturage,BTP & Immobilier,Savalou,+229 98 89 37 14,clôturage@clôturage.bj,,PME (10-50),B2C,APIEx,,Actif,2026-06-29T00:22:55.105174,moyenne
BJ-217241F6,SARL Menuiserie,BTP & Immobilier,Savalou,+229 69 95 30 86,sarl.menuiserie@gmail.com,sarlmenuiserie.bj,TPE (<10),B2C,APIEx,,Actif,2026-06-29T00:22:55.105190,haute
BJ-6CC2D478,SO Peinture Bantè,BTP & Immobilier,Bantè,+229 48 41 68 76,p.bantè@sopeinturebantè.org.bj,sopeinturebantè.bj,TPE (<10),B2B,APIEx,,Actif,2026-06-29T00:22:55.105215,haute
BJ-E2C32BDF,Construction Maison Bantè,BTP & Immobilier,Bantè,+229 75 41 53 36,constructionmaison@yahoo.com,,PME (10-50),B2B,APIEx,,Actif,2026-06-29T00:22:55.105232,moyenne
BJ-F570DF66,SARL Ferronnerie,BTP & Immobilier,Bantè,+229 86 46 50 22,sarlferronnerie@sarlferronnerie.com.bj,,PME (10-50),B2C,APIEx,,Actif,2026-06-29T00:22:55.105251,moyenne
BJ-84BBB3A4,Terrassement,BTP & Immobilier,Bantè,+229 41 80 35 42,terrassement@terrassement.bj,,TPE (<10),B2B,APIEx,,Actif,2026-06-29T00:22:55.105265,moyenne
BJ-442C269B,BTP Aménagement International Bantè,BTP & Immobilier,Bantè,+229 82 24 36 84,,,PME (50-200),B2B,APIEx,,Actif,2026-06-29T00:22:55.105276,basse
BJ-F5AFD421,Terrassement Habitat,BTP & Immobilier,Djougou,+229 34 54 65 68,terrassement.habitat@yahoo.com,terrassementhabitat.bj,PME (10-50),B2B,APIEx,,Actif,2026-06-29T00:22:55.105299,haute
BJ-C51691D1,Groupe Isolation International,BTP & Immobilier,Djougou,+229 82 32 43 12,groupe_isolation@groupeisolation.com.bj,,PME (50-200),B2B,APIEx,,Actif,2026-06-29T00:22:55.105315,moyenne
BJ-4E691C71,Construction Solutions Djougou,BTP & Immobilier,Djougou,+229 89 10 21 71,c.solutions@yahoo.com,constructionsolutionsdjougou.bj,TPE (<10),B2B,APIEx,,Actif,2026-06-29T00:22:55.105331,haute
BJ-2C65F60D,Bâtiment Construction Djougou,BTP & Immobilier,Djougou,+229 79 11 19 55,bâtiment.construction@bâtimentconstru.org.bj,bâtimentconstructiondjougou.bj,TPE (<10),B2C,APIEx,,Actif,2026-06-29T00:22:55.105354,haute
BJ-90765498,Construction Structure Ets,BTP & Immobilier,Djougou,+229 87 43 56 83,c.structure@outlook.com,constructionstructureets.bj,PME (50-200),B2C,APIEx,,Actif,2026-06-29T00:22:55.105370,haute
BJ-27500CDD,SA Location Services,BTP & Immobilier,Ouèssè,+229 82 98 85 61,location.services@gmail.com,salocationservices.bj,PME (10-50),B2B,APIEx,,Actif,2026-06-29T00:22:55.105392,haute
BJ-06AAE084,Peinture Ets,BTP & Immobilier,Ouèssè,+229 80 66 94 88,p.ets@peintureets.com.bj,peintureets.bj,TPE (<10),B2B,APIEx,,Actif,2026-06-29T00:22:55.105409,haute
BJ-8378339D,Immobilier Ouèssè,BTP & Immobilier,Ouèssè,+229 75 61 45 75,immobilierouèssè@immobilierouèss.com.bj,,PME (10-50),B2C,APIEx,,Actif,2026-06-29T00:22:55.105429,moyenne
BJ-69058C7B,Plomberie Cabinet,BTP & Immobilier,Ouèssè,+229 59 38 99 80,plomberiecabinet@outlook.com,plomberiecabinet.bj,PME (10-50),B2B,APIEx,,Actif,2026-06-29T00:22:55.105449,haute
BJ-2D69F5F4,Terrassement Cabinet,BTP & Immobilier,Ouèssè,+229 72 45 68 21,terrassement.cabinet@hotmail.com,terrassementcabinet.bj,PME (50-200),B2C,APIEx,,Actif,2026-06-29T00:22:55.105465,haute
BJ-4E8AC4F8,Construction Rénovation Ets,BTP & Immobilier,Bassila,+229 30 12 65 83,,constructionrénovationets.bj,Grande (>200),B2C,APIEx,,Actif,2026-06-29T00:22:55.105486,moyenne
BJ-A258010F,SO Terrassement,BTP & Immobilier,Bassila,+229 25 69 65 69,terrassement@soterrassement.bj,soterrassement.bj,PME (10-50),B2B,APIEx,,Actif,2026-06-29T00:22:55.105501,haute
BJ-EC81DB5C,Rénovation,BTP & Immobilier,Bassila,+229 89 21 78 30,,,TPE (<10),B2C,APIEx,,Actif,2026-06-29T00:22:55.105512,basse
BJ-AFB57292,SA Toiture Bénin,BTP & Immobilier,Bassila,+229 78 42 44 32,,,TPE (<10),B2B,APIEx,,Actif,2026-06-29T00:22:55.105524,basse
BJ-703E27F7,Cabinet Aménagement Services Pehunco,BTP & Immobilier,Pehunco,+229 26 62 25 45,cabinetaménagement@gmail.com,cabinetaménagementservicespehunco.bj,PME (10-50),B2C,APIEx,,Actif,2026-06-29T00:22:55.105562,haute
BJ-282291C2,Promotion Habitat Cabinet,BTP & Immobilier,Pehunco,+229 52 89 89 49,promotionhabitat@promotionhabita.org.bj,promotionhabitatcabinet.bj,TPE (<10),B2B,APIEx,,Actif,2026-06-29T00:22:55.105580,haute
BJ-1DF1C791,Promotion Plomberie,BTP & Immobilier,Pehunco,+229 52 83 18 20,promotionplomberie@promotionplombe.bj,promotionplomberie.bj,Grande (>200),B2C,APIEx,,Actif,2026-06-29T00:22:55.105614,haute
BJ-A4BA8B78,Structure Promotion,BTP & Immobilier,Pehunco,+229 41 92 63 80,s.promotion@outlook.com,,TPE (<10),B2C,APIEx,,Actif,2026-06-29T00:22:55.105629,moyenne
BJ-DECA3DC5,Travaux Habitat,BTP & Immobilier,Copargo,+229 52 12 89 88,travaux.habitat@travauxhabitat.bj,travauxhabitat.bj,PME (50-200),B2C,APIEx,,Actif,2026-06-29T00:22:55.105652,haute
BJ-7A9D73C4,Construction Bâtiment,BTP & Immobilier,Copargo,+229 89 12 84 41,construction.bâtiment@constructionbât.bj,constructionbâtiment.bj,PME (10-50),B2B,APIEx,,Actif,2026-06-29T00:22:55.105683,haute
BJ-A1A95CEF,Ets Ferronnerie Copargo,BTP & Immobilier,Copargo,+229 86 59 27 39,ets.ferronnerie@yahoo.fr,etsferronneriecopargo.bj,PME (10-50),B2B,APIEx,,Actif,2026-06-29T00:22:55.105699,haute
BJ-E85B4871,SO Aménagement,BTP & Immobilier,Copargo,+229 97 99 41 33,,,PME (10-50),B2B,APIEx,,Actif,2026-06-29T00:22:55.105715,basse
BJ-05AAFB06,Vêtements,Commerce & Distribution,Cotonou,+229 69 67 21 43,vêtements@outlook.com,vêtements.bj,PME (10-50),B2C,APIEx,,Actif,2026-06-29T00:22:55.105740,haute
BJ-9667F27D,SARL Supermarché International,Commerce & Distribution,Cotonou,+229 67 62 40 22,sarlsupermarché@gmail.com,,TPE (<10),B2C,APIEx,,Actif,2026-06-29T00:22:55.105779,moyenne
BJ-B41CD48C,Store Moto Market,Commerce & Distribution,Cotonou,+229 51 98 52 88,store_moto@outlook.com,,PME (50-200),B2B/B2C,APIEx,,Actif,2026-06-29T00:22:55.105795,moyenne
BJ-F8BAF968,Centre Vêtements Bénin Cotonou,Commerce & Distribution,Cotonou,+229 68 40 39 66,centrevêtements@hotmail.com,centrevêtementsbénincotonou.bj,PME (10-50),B2B/B2C,APIEx,,Actif,2026-06-29T00:22:55.105817,haute
BJ-5530E6DC,Commerce Chaussures,Commerce & Distribution,Abomey-Calavi,+229 22 73 28 34,commerce.chaussures@yahoo.fr,,PME (10-50),B2B/B2C,APIEx,,Actif,2026-06-29T00:22:55.105842,moyenne
BJ-66123308,Stock,Commerce & Distribution,Abomey-Calavi,+229 92 13 86 25,stock@yahoo.fr,,PME (10-50),B2B/B2C,APIEx,,Actif,2026-06-29T00:22:55.105856,moyenne
BJ-EFE4AB3D,Moto,Commerce & Distribution,Abomey-Calavi,+229 47 28 24 41,moto@gmail.com,,TPE (<10),B2B/B2C,APIEx,,Actif,2026-06-29T00:22:55.105870,moyenne
BJ-B7CA843C,Boutique Cash Groupe,Commerce & Distribution,Abomey-Calavi,+229 67 63 57 41,boutiquecash@boutiquecashgro.org.bj,boutiquecashgroupe.bj,PME (50-200),B2B/B2C,APIEx,,Actif,2026-06-29T00:22:55.105886,haute
BJ-901BD178,Quincaillerie Shop,Commerce & Distribution,Abomey-Calavi,+229 54 57 85 85,q.shop@quincailleriesh.bj,quincaillerieshop.bj,PME (50-200),B2B/B2C,APIEx,,Actif,2026-06-29T00:22:55.105913,haute
BJ-376865C9,Boutique Chaussures Ets,Commerce & Distribution,Porto-Novo,+229 33 33 51 17,boutiquechaussures@yahoo.com,boutiquechaussuresets.bj,PME (10-50),B2B/B2C,APIEx,,Actif,2026-06-29T00:22:55.105938,haute
BJ-E8295265,Shop Marché,Commerce & Distribution,Porto-Novo,+229 28 64 64 20,,shopmarché.bj,PME (50-200),B2B/B2C,APIEx,,Actif,2026-06-29T00:22:55.105967,moyenne
BJ-E2BFFCCD,Centre Drive Market,Commerce & Distribution,Porto-Novo,+229 20 14 94 84,c.drive@yahoo.com,centredrivemarket.bj,TPE (<10),B2C,APIEx,,Actif,2026-06-29T00:22:55.105983,haute
BJ-91860447,Marché Commerce,Commerce & Distribution,Porto-Novo,+229 62 14 74 68,marchécommerce@marchécommerce.bj,marchécommerce.bj,PME (10-50),B2C,APIEx,,Actif,2026-06-29T00:22:55.106002,haute
BJ-B95844CB,Cash,Commerce & Distribution,Parakou,+229 39 70 97 32,cash@cash.com.bj,,PME (10-50),B2C,APIEx,,Actif,2026-06-29T00:22:55.106023,moyenne
BJ-01B5C4EF,Centre Jouets,Commerce & Distribution,Parakou,+229 72 49 99 45,centrejouets@centrejouets.org.bj,centrejouets.bj,TPE (<10),B2C,APIEx,,Actif,2026-06-29T00:22:55.106043,haute
BJ-83EEF1C5,Boutique Commerce Parakou,Commerce & Distribution,Parakou,+229 71 87 42 76,,,PME (10-50),B2C,APIEx,,Actif,2026-06-29T00:22:55.106055,basse
BJ-C258782B,Groupe Boutique,Commerce & Distribution,Parakou,+229 73 83 18 18,groupeboutique@groupeboutique.com.bj,,TPE (<10),B2C,APIEx,,Actif,2026-06-29T00:22:55.106071,moyenne
BJ-E5503CF4,Store Marché Groupe,Commerce & Distribution,Parakou,+229 67 23 53 39,,,TPE (<10),B2B/B2C,APIEx,,Actif,2026-06-29T00:22:55.106082,basse
BJ-C65A48C2,Marché Carry Commerce,Commerce & Distribution,Bohicon,+229 33 30 98 56,marchécarry@marchécarrycomm.bj,,TPE (<10),B2B/B2C,APIEx,,Actif,2026-06-29T00:22:55.106106,moyenne
BJ-FA3691ED,Shop Magasin Bénin,Commerce & Distribution,Bohicon,+229 29 25 36 99,,shopmagasinbénin.bj,PME (10-50),B2C,APIEx,,Actif,2026-06-29T00:22:55.106119,moyenne
BJ-982B5A3D,Magasin International,Commerce & Distribution,Bohicon,+229 38 82 17 62,,,PME (10-50),B2B/B2C,APIEx,,Actif,2026-06-29T00:22:55.106133,basse
BJ-0A49634D,Moto Store,Commerce & Distribution,Bohicon,+229 48 26 44 11,motostore@gmail.com,motostore.bj,PME (10-50),B2C,APIEx,,Actif,2026-06-29T00:22:55.106149,haute
BJ-E3E90940,Super Quincaillerie Bohicon,Commerce & Distribution,Bohicon,+229 64 74 65 15,s.quincaillerie@superquincaille.org.bj,,PME (10-50),B2B/B2C,APIEx,,Actif,2026-06-29T00:22:55.106165,moyenne
BJ-4ABF1A77,Centre Épicerie,Commerce & Distribution,Natitingou,+229 29 97 64 91,,,PME (10-50),B2C,APIEx,,Actif,2026-06-29T00:22:55.106183,basse
BJ-CF5A7760,Cash Commerce,Commerce & Distribution,Natitingou,+229 52 41 54 79,cashcommerce@yahoo.com,,PME (10-50),B2B/B2C,APIEx,,Actif,2026-06-29T00:22:55.106199,moyenne
BJ-1F9DFBD0,Marché Supermarché Market,Commerce & Distribution,Natitingou,+229 61 27 15 60,,marchésupermarchémarket.bj,TPE (<10),B2C,APIEx,,Actif,2026-06-29T00:22:55.106235,moyenne
BJ-1B3E3DC3,Store Cash Groupe,Commerce & Distribution,Natitingou,+229 75 43 40 44,s.cash@yahoo.com,,PME (10-50),B2C,APIEx,,Actif,2026-06-29T00:22:55.106250,moyenne
BJ-E667E6CE,Centre Meuble SARL,Commerce & Distribution,Lokossa,+229 94 44 24 92,,,PME (10-50),B2B/B2C,APIEx,,Actif,2026-06-29T00:22:55.106269,basse
BJ-601B75D9,Outillage Store,Commerce & Distribution,Lokossa,+229 79 15 96 43,,outillagestore.bj,Grande (>200),B2C,APIEx,,Actif,2026-06-29T00:22:55.106281,moyenne
BJ-A6BC9BBD,Cash Store,Commerce & Distribution,Lokossa,+229 80 41 18 87,cash.store@cashstore.org.bj,,PME (10-50),B2B/B2C,APIEx,,Actif,2026-06-29T00:22:55.106303,moyenne
BJ-26972FCB,Store Carry Commerce Lokossa,Commerce & Distribution,Lokossa,+229 89 35 88 32,,,PME (10-50),B2B/B2C,APIEx,,Actif,2026-06-29T00:22:55.106316,basse
BJ-E28523E4,Marché Quincaillerie Commerce,Commerce & Distribution,Lokossa,+229 28 46 95 83,,marchéquincailleriecommerce.bj,TPE (<10),B2B/B2C,APIEx,,Actif,2026-06-29T00:22:55.106328,moyenne
BJ-F89CFE01,Jardin,Commerce & Distribution,Ouidah,+229 76 56 51 99,jardin@jardin.com.bj,jardin.bj,TPE (<10),B2C,APIEx,,Actif,2026-06-29T00:22:55.106348,haute
BJ-F938D105,Automobile,Commerce & Distribution,Ouidah,+229 40 27 89 87,,automobile.bj,PME (10-50),B2C,APIEx,,Actif,2026-06-29T00:22:55.106360,moyenne
BJ-AE8B2B6C,Commerce Stock,Commerce & Distribution,Ouidah,+229 85 92 62 60,,,TPE (<10),B2B/B2C,APIEx,,Actif,2026-06-29T00:22:55.106370,basse
BJ-FC4990B3,Commerce Meuble Distribution,Commerce & Distribution,Ouidah,+229 91 81 48 63,commerce.meuble@commercemeubled.org.bj,commercemeubledistribution.bj,PME (10-50),B2B/B2C,APIEx,,Actif,2026-06-29T00:22:55.106387,haute
BJ-FD2383D4,Magasin Grossiste Ouidah,Commerce & Distribution,Ouidah,+229 57 25 87 41,magasin.grossiste@magasingrossist.org.bj,,Grande (>200),B2C,APIEx,,Actif,2026-06-29T00:22:55.106403,moyenne
BJ-3EB63D20,Électroménager Savalou,Commerce & Distribution,Savalou,+229 90 51 49 92,électroménager.savalou@électroménagers.bj,électroménagersavalou.bj,PME (10-50),B2B/B2C,APIEx,,Actif,2026-06-29T00:22:55.106428,haute
BJ-BBD630DB,Supermarché Distribution,Commerce & Distribution,Savalou,+229 49 12 57 29,,,TPE (<10),B2C,APIEx,,Actif,2026-06-29T00:22:55.106440,basse
BJ-74D8ED44,Moto Groupe,Commerce & Distribution,Savalou,+229 91 65 36 42,,motogroupe.bj,PME (10-50),B2B/B2C,APIEx,,Actif,2026-06-29T00:22:55.106455,moyenne
BJ-D597F9C5,Store Hard,Commerce & Distribution,Savalou,+229 23 38 70 95,,storehard.bj,TPE (<10),B2B/B2C,APIEx,,Actif,2026-06-29T00:22:55.106468,moyenne
BJ-CDFAD2CC,Store Magasin SARL Savalou,Commerce & Distribution,Savalou,+229 37 84 71 59,s.magasin@yahoo.fr,,PME (50-200),B2B/B2C,APIEx,,Actif,2026-06-29T00:22:55.106483,moyenne
BJ-517731BE,Chaussures Distribution,Commerce & Distribution,Dassa-Zoumè,+229 23 58 66 61,chaussuresdistribution@chaussuresdistr.bj,,TPE (<10),B2C,APIEx,,Actif,2026-06-29T00:22:55.106507,moyenne
BJ-38B577E6,Marché Discount,Commerce & Distribution,Dassa-Zoumè,+229 64 12 85 14,,marchédiscount.bj,Grande (>200),B2C,APIEx,,Actif,2026-06-29T00:22:55.106566,moyenne
BJ-89D6D995,Décoration Market Kétou,Commerce & Distribution,Kétou,+229 32 73 86 95,,,PME (10-50),B2C,APIEx,,Actif,2026-06-29T00:22:55.106617,basse
BJ-E4DF5A9A,Ets Parfumerie,Commerce & Distribution,Kétou,+229 84 14 69 90,e.parfumerie@gmail.com,,TPE (<10),B2C,APIEx,,Actif,2026-06-29T00:22:55.106633,moyenne
BJ-84FCD0FB,Hard International,Commerce & Distribution,Kétou,+229 61 59 97 93,hard.international@hardinternation.bj,,TPE (<10),B2B/B2C,APIEx,,Actif,2026-06-29T00:22:55.106653,moyenne
BJ-688B76EE,SARL Décoration,Commerce & Distribution,Kétou,+229 58 32 36 72,sarldécoration@sarldécoration.bj,,PME (10-50),B2C,APIEx,,Actif,2026-06-29T00:22:55.106686,moyenne
BJ-1961E1BD,Distribution Mode,Commerce & Distribution,Covè,+229 36 23 99 74,,,PME (50-200),B2B/B2C,APIEx,,Actif,2026-06-29T00:22:55.106705,basse
BJ-8531071F,Commerce Discount,Commerce & Distribution,Covè,+229 69 27 92 58,,,TPE (<10),B2C,APIEx,,Actif,2026-06-29T00:22:55.106716,basse
BJ-DBCF06B6,Drive,Commerce & Distribution,Covè,+229 75 88 94 48,drive@gmail.com,drive.bj,TPE (<10),B2C,APIEx,,Actif,2026-06-29T00:22:55.106730,haute
BJ-C22851FC,Commerce Détaillant Distribution Covè,Commerce & Distribution,Covè,+229 40 58 21 36,commercedétaillant@yahoo.fr,,PME (50-200),B2C,APIEx,,Actif,2026-06-29T00:22:55.106759,moyenne
BJ-C0700752,Store Jouets Shop,Commerce & Distribution,Pobè,+229 82 22 96 47,,storejouetsshop.bj,TPE (<10),B2C,APIEx,,Actif,2026-06-29T00:22:55.106778,moyenne
BJ-3F783BB0,Centre Grossiste,Commerce & Distribution,Pobè,+229 85 86 98 55,,,PME (10-50),B2B/B2C,APIEx,,Actif,2026-06-29T00:22:55.106790,basse
BJ-E8F920F3,Détaillant,Commerce & Distribution,Pobè,+229 48 66 65 82,,détaillant.bj,PME (10-50),B2B/B2C,APIEx,,Actif,2026-06-29T00:22:55.106804,moyenne
BJ-4F241FD3,Store Bricolage Shop,Commerce & Distribution,Pobè,+229 46 64 43 10,store_bricolage@outlook.com,,PME (50-200),B2C,APIEx,,Actif,2026-06-29T00:22:55.106842,moyenne
BJ-044581DD,Carry,Commerce & Distribution,Sakété,+229 38 16 76 70,carry@outlook.com,,PME (10-50),B2C,APIEx,,Actif,2026-06-29T00:22:55.106862,moyenne
BJ-08F40013,Jouets Market Sakété,Commerce & Distribution,Sakété,+229 42 57 24 63,jouetsmarket@yahoo.com,,Grande (>200),B2C,APIEx,,Actif,2026-06-29T00:22:55.106879,moyenne
BJ-6368903B,Marché Supply Store,Commerce & Distribution,Sakété,+229 68 85 43 64,marchésupply@marchésupplysto.com.bj,marchésupplystore.bj,TPE (<10),B2B/B2C,APIEx,,Actif,2026-06-29T00:22:55.106912,haute
BJ-AC328E93,Détaillant Commerce,Commerce & Distribution,Sakété,+229 26 81 56 97,,détaillantcommerce.bj,PME (10-50),B2B/B2C,APIEx,,Actif,2026-06-29T00:22:55.106926,moyenne
BJ-1CF302BD,Cosmétique Store,Commerce & Distribution,Sakété,+229 24 23 58 36,cosmétique.store@cosmétiquestore.org.bj,cosmétiquestore.bj,PME (10-50),B2C,APIEx,,Actif,2026-06-29T00:22:55.106944,haute
BJ-26D94873,Marché Décoration Distribution Adjara,Commerce & Distribution,Adjara,+229 24 56 33 93,marché_décoration@marchédécoratio.bj,marchédécorationdistributionadjara.bj,PME (10-50),B2B/B2C,APIEx,,Actif,2026-06-29T00:22:55.106971,haute
BJ-855D3251,Parfumerie Bénin,Commerce & Distribution,Adjara,+229 52 25 57 61,p.bénin@yahoo.fr,parfumeriebénin.bj,Grande (>200),B2B/B2C,APIEx,,Actif,2026-06-29T00:22:55.106989,haute
BJ-BC302FDC,SARL Provision Ets,Commerce & Distribution,Adjara,+229 33 71 72 48,,,PME (50-200),B2C,APIEx,,Actif,2026-06-29T00:22:55.107004,basse
BJ-499B30B2,Boutique Cash Adjara,Commerce & Distribution,Adjara,+229 50 83 35 50,boutique.cash@boutiquecashadj.org.bj,,TPE (<10),B2B/B2C,APIEx,,Actif,2026-06-29T00:22:55.107021,moyenne
BJ-29826ADC,Outillage International,Commerce & Distribution,Adjara,+229 25 24 30 20,outillageinternational@yahoo.fr,outillageinternational.bj,PME (50-200),B2C,APIEx,,Actif,2026-06-29T00:22:55.107037,haute
BJ-32A5E40E,Magasin Shop,Commerce & Distribution,Allada,+229 83 23 79 26,magasinshop@outlook.com,,PME (50-200),B2B/B2C,APIEx,,Actif,2026-06-29T00:22:55.107059,moyenne
BJ-D1CBA8B8,Cash Allada,Commerce & Distribution,Allada,+229 55 73 22 53,cash.allada@hotmail.com,,TPE (<10),B2C,APIEx,,Actif,2026-06-29T00:22:55.107075,moyenne
BJ-AF5EE7DC,Bricolage Bénin,Commerce & Distribution,Allada,+229 44 29 86 86,bricolage.bénin@yahoo.com,bricolagebénin.bj,TPE (<10),B2C,APIEx,,Actif,2026-06-29T00:22:55.107091,haute
BJ-151EAAED,Ets Mode,Commerce & Distribution,Allada,+229 39 87 52 43,e.mode@etsmode.com.bj,,PME (10-50),B2C,APIEx,,Actif,2026-06-29T00:22:55.107106,moyenne
BJ-2252A483,Shop Grossiste,Commerce & Distribution,Allada,+229 77 70 75 84,s.grossiste@outlook.com,,PME (50-200),B2C,APIEx,,Actif,2026-06-29T00:22:55.107124,moyenne
BJ-5BB34CB5,Marché Market,Commerce & Distribution,Aplahoué,+229 93 39 18 11,marchémarket@gmail.com,marchémarket.bj,TPE (<10),B2C,APIEx,,Actif,2026-06-29T00:22:55.107152,haute
BJ-874E41FF,Drive Bénin,Commerce & Distribution,Aplahoué,+229 65 31 88 30,d.bénin@hotmail.com,drivebénin.bj,PME (50-200),B2C,APIEx,,Actif,2026-06-29T00:22:55.107169,haute
BJ-F1A69D46,Distribution Mode Aplahoué,Commerce & Distribution,Aplahoué,+229 62 83 52 23,,distributionmodeaplahoué.bj,Grande (>200),B2B/B2C,APIEx,,Actif,2026-06-29T00:22:55.107185,moyenne
BJ-0FB5297E,Hypermarché,Commerce & Distribution,Aplahoué,+229 35 95 27 28,hypermarché@hotmail.com,,PME (10-50),B2B/B2C,APIEx,,Actif,2026-06-29T00:22:55.107211,moyenne
BJ-4666FAAC,Hypermarché,Commerce & Distribution,Dogbo-Tota,+229 34 17 45 77,hypermarché@yahoo.com,,PME (10-50),B2B/B2C,APIEx,,Actif,2026-06-29T00:22:55.107231,moyenne
BJ-1C94E613,SARL Boutique Distribution,Commerce & Distribution,Dogbo-Tota,+229 36 56 38 36,sarl.boutique@outlook.com,sarlboutiquedistribution.bj,PME (50-200),B2C,APIEx,,Actif,2026-06-29T00:22:55.107249,haute
BJ-448A7CD3,Épicerie Store,Commerce & Distribution,Dogbo-Tota,+229 51 65 44 92,é.store@épiceriestore.com.bj,,Grande (>200),B2B/B2C,APIEx,,Actif,2026-06-29T00:22:55.107266,moyenne
BJ-7F74388B,Magasin Grossiste Distribution,Commerce & Distribution,Dogbo-Tota,+229 43 25 21 44,m.grossiste@magasingrossist.com.bj,magasingrossistedistribution.bj,PME (50-200),B2B/B2C,APIEx,,Actif,2026-06-29T00:22:55.107282,haute
BJ-47483C92,Ets Jardin,Commerce & Distribution,Dogbo-Tota,+229 42 86 37 12,,,Grande (>200),B2B/B2C,APIEx,,Actif,2026-06-29T00:22:55.107294,basse
BJ-6B05369D,Ets Supply Groupe Kpomassè,Commerce & Distribution,Kpomassè,+229 27 19 84 70,,etssupplygroupekpomassè.bj,TPE (<10),B2B/B2C,APIEx,,Actif,2026-06-29T00:22:55.107313,moyenne
BJ-35355E26,Distribution Sport Shop,Commerce & Distribution,Kpomassè,+229 59 69 11 55,,distributionsportshop.bj,TPE (<10),B2B/B2C,APIEx,,Actif,2026-06-29T00:22:55.107325,moyenne
BJ-82C2D091,Store Supermarché,Commerce & Distribution,Kpomassè,+229 39 67 11 33,store.supermarché@gmail.com,storesupermarché.bj,PME (50-200),B2B/B2C,APIEx,,Actif,2026-06-29T00:22:55.107345,haute
BJ-12A04AFB,Boutique Moto,Commerce & Distribution,Kpomassè,+229 87 92 63 79,boutique.moto@boutiquemoto.bj,,PME (50-200),B2B/B2C,APIEx,,Actif,2026-06-29T00:22:55.107363,moyenne
BJ-DA6049BC,Provision Store Kpomassè,Commerce & Distribution,Kpomassè,+229 80 93 38 79,p.store@outlook.com,,TPE (<10),B2C,APIEx,,Actif,2026-06-29T00:22:55.107379,moyenne
BJ-21D9646B,Boutique Market,Commerce & Distribution,Tori-Bossito,+229 20 77 62 57,b.market@hotmail.com,,PME (50-200),B2B/B2C,APIEx,,Actif,2026-06-29T00:22:55.107400,moyenne
BJ-E49497D1,Boutique Marché Tori-Bossito,Commerce & Distribution,Tori-Bossito,+229 98 17 80 32,b.marché@boutiquemarchét.org.bj,,PME (10-50),B2C,APIEx,,Actif,2026-06-29T00:22:55.107418,moyenne
BJ-A2C1648A,Parfumerie Bénin,Commerce & Distribution,Tori-Bossito,+229 88 77 34 96,,parfumeriebénin.bj,Grande (>200),B2C,APIEx,,Actif,2026-06-29T00:22:55.107434,moyenne
BJ-99E853D6,Électroménager Shop,Commerce & Distribution,Tori-Bossito,+229 99 48 62 70,électroménagershop@outlook.com,électroménagershop.bj,TPE (<10),B2B/B2C,APIEx,,Actif,2026-06-29T00:22:55.107452,haute
BJ-8A915120,Store Discount International,Commerce & Distribution,Tori-Bossito,+229 95 24 88 21,,storediscountinternational.bj,PME (10-50),B2C,APIEx,,Actif,2026-06-29T00:22:55.107464,moyenne
BJ-6F2659AE,Cash International,Commerce & Distribution,Grand-Popo,+229 26 32 35 51,cash.international@cashinternation.org.bj,,PME (50-200),B2C,APIEx,,Actif,2026-06-29T00:22:55.107487,moyenne
BJ-C410A817,Shop Provision,Commerce & Distribution,Grand-Popo,+229 41 72 85 50,shop.provision@shopprovision.org.bj,,TPE (<10),B2B/B2C,APIEx,,Actif,2026-06-29T00:22:55.107503,moyenne
BJ-D103859E,Distribution Épicerie,Commerce & Distribution,Grand-Popo,+229 74 59 46 93,distribution.épicerie@distributionépi.com.bj,,PME (50-200),B2B/B2C,APIEx,,Actif,2026-06-29T00:22:55.107527,moyenne
BJ-11FE741E,Boutique Meuble,Commerce & Distribution,Grand-Popo,+229 62 34 99 55,,,PME (50-200),B2C,APIEx,,Actif,2026-06-29T00:22:55.107539,basse
BJ-B8C979F3,Store Moto SARL,Commerce & Distribution,Grand-Popo,+229 33 56 10 84,,,TPE (<10),B2C,APIEx,,Actif,2026-06-29T00:22:55.107550,basse
BJ-F3358700,Groupe Alimentaire Athiémé,Commerce & Distribution,Athiémé,+229 76 69 81 25,groupe.alimentaire@yahoo.fr,groupealimentaireathiémé.bj,PME (10-50),B2B/B2C,APIEx,,Actif,2026-06-29T00:22:55.107577,haute
BJ-1092B29B,Commerce Chaussures Athiémé,Commerce & Distribution,Athiémé,+229 27 52 84 69,commerce.chaussures@commercechaussu.com.bj,commercechaussuresathiémé.bj,PME (10-50),B2B/B2C,APIEx,,Actif,2026-06-29T00:22:55.107612,haute
BJ-B8223827,Groupe Cosmétique Bénin,Commerce & Distribution,Athiémé,+229 39 91 31 14,groupecosmétique@yahoo.com,,Grande (>200),B2B/B2C,APIEx,,Actif,2026-06-29T00:22:55.107628,moyenne
BJ-EA444804,Ets Jouets Athiémé,Commerce & Distribution,Athiémé,+229 81 30 52 44,etsjouets@etsjouetsathiém.bj,etsjouetsathiémé.bj,TPE (<10),B2B/B2C,APIEx,,Actif,2026-06-29T00:22:55.107645,haute
BJ-FA09EB0C,Shop Jardin International,Commerce & Distribution,Bopa,+229 41 54 79 36,s.jardin@gmail.com,shopjardininternational.bj,PME (10-50),B2C,APIEx,,Actif,2026-06-29T00:22:55.107669,haute
BJ-2C811509,Bricolage,Commerce & Distribution,Bopa,+229 52 34 77 17,,,PME (10-50),B2C,APIEx,,Actif,2026-06-29T00:22:55.107681,basse
BJ-048394FC,Marché Quincaillerie,Commerce & Distribution,Bopa,+229 95 84 11 65,,,Grande (>200),B2B/B2C,APIEx,,Actif,2026-06-29T00:22:55.107696,basse
BJ-447DA545,Carry SARL,Commerce & Distribution,Bopa,+229 32 80 70 56,carrysarl@yahoo.fr,carrysarl.bj,TPE (<10),B2C,APIEx,,Actif,2026-06-29T00:22:55.107715,haute
BJ-DAC8B86C,Quincaillerie Distribution,Commerce & Distribution,Bopa,+229 49 47 52 17,q.distribution@gmail.com,,Grande (>200),B2B/B2C,APIEx,,Actif,2026-06-29T00:22:55.107730,moyenne
BJ-48BAC875,Marché Chaussures,Commerce & Distribution,Houéyogbé,+229 46 95 52 27,marchéchaussures@yahoo.com,,Grande (>200),B2B/B2C,APIEx,,Actif,2026-06-29T00:22:55.107756,moyenne
BJ-7B31E93E,Moto Market,Commerce & Distribution,Houéyogbé,+229 47 22 77 53,m.market@outlook.com,,TPE (<10),B2B/B2C,APIEx,,Actif,2026-06-29T00:22:55.107772,moyenne
BJ-CFE5B8A0,Super Commerce Commerce,Commerce & Distribution,Houéyogbé,+229 92 71 68 36,,,Grande (>200),B2B/B2C,APIEx,,Actif,2026-06-29T00:22:55.107784,basse
BJ-01B814F1,Carry Houéyogbé,Commerce & Distribution,Houéyogbé,+229 73 53 24 98,,carryhouéyogbé.bj,Grande (>200),B2C,APIEx,,Actif,2026-06-29T00:22:55.107796,moyenne
BJ-16DCED08,Distribution Sport Houéyogbé,Commerce & Distribution,Houéyogbé,+229 57 26 13 67,distributionsport@outlook.com,distributionsporthouéyogbé.bj,Grande (>200),B2B/B2C,APIEx,,Actif,2026-06-29T00:22:55.107813,haute
BJ-04037803,Groupe Détaillant Bénin,Commerce & Distribution,Malanville,+229 40 89 52 86,,,PME (50-200),B2C,APIEx,,Actif,2026-06-29T00:22:55.107831,basse
BJ-4CAE5C94,Commerce International,Commerce & Distribution,Malanville,+229 36 15 73 58,,commerceinternational.bj,PME (50-200),B2C,APIEx,,Actif,2026-06-29T00:22:55.107844,moyenne
BJ-64D6419E,Jouets Market,Commerce & Distribution,Malanville,+229 95 60 55 40,jouetsmarket@jouetsmarket.org.bj,,TPE (<10),B2C,APIEx,,Actif,2026-06-29T00:22:55.107862,moyenne
BJ-7517D9ED,Bricolage Bénin,Commerce & Distribution,Malanville,+229 61 80 56 16,bricolage.bénin@bricolagebénin.com.bj,bricolagebénin.bj,PME (50-200),B2C,APIEx,,Actif,2026-06-29T00:22:55.107880,haute
BJ-CDE54729,Super Mode,Commerce & Distribution,Malanville,+229 91 64 67 34,s.mode@gmail.com,supermode.bj,TPE (<10),B2B/B2C,APIEx,,Actif,2026-06-29T00:22:55.107907,haute
BJ-37155834,Store High-Tech Store,Commerce & Distribution,Kandi,+229 26 58 57 27,,storehightechstore.bj,PME (10-50),B2B/B2C,APIEx,,Actif,2026-06-29T00:22:55.107942,moyenne
BJ-8F34F3C7,Shop Hard Commerce,Commerce & Distribution,Kandi,+229 42 74 58 70,,shophardcommerce.bj,Grande (>200),B2B/B2C,APIEx,,Actif,2026-06-29T00:22:55.107965,moyenne
BJ-8BFB1A84,Hard International Kandi,Commerce & Distribution,Kandi,+229 64 84 84 44,h.international@outlook.com,hardinternationalkandi.bj,PME (10-50),B2C,APIEx,,Actif,2026-06-29T00:22:55.107982,haute
BJ-34666F4A,Quincaillerie Commerce,Commerce & Distribution,Kandi,+229 42 94 18 66,,,PME (10-50),B2C,APIEx,,Actif,2026-06-29T00:22:55.107994,basse
BJ-99A0FB94,Vêtements Market,Commerce & Distribution,Kandi,+229 70 39 66 61,vêtements.market@gmail.com,,TPE (<10),B2C,APIEx,,Actif,2026-06-29T00:22:55.108016,moyenne
BJ-C0FC7AF9,Marché Discount Market,Commerce & Distribution,Banikoara,+229 26 65 23 96,,marchédiscountmarket.bj,TPE (<10),B2C,APIEx,,Actif,2026-06-29T00:22:55.108043,moyenne
BJ-21B24A23,Super Moto,Commerce & Distribution,Banikoara,+229 66 83 82 74,s.moto@gmail.com,supermoto.bj,PME (50-200),B2C,APIEx,,Actif,2026-06-29T00:22:55.108092,haute
BJ-EE3133A7,Vêtements,Commerce & Distribution,Banikoara,+229 54 22 82 18,,vêtements.bj,TPE (<10),B2B/B2C,APIEx,,Actif,2026-06-29T00:22:55.108150,moyenne
BJ-882913DF,SARL Mode Store,Commerce & Distribution,Banikoara,+229 52 54 39 73,,sarlmodestore.bj,TPE (<10),B2B/B2C,APIEx,,Actif,2026-06-29T00:22:55.108165,moyenne
BJ-647B2CB3,SARL Automobile Shop,Commerce & Distribution,Ségbana,+229 77 48 90 22,sarlautomobile@sarlautomobiles.bj,,PME (10-50),B2B/B2C,APIEx,,Actif,2026-06-29T00:22:55.108193,moyenne
BJ-BE0561EE,Provision Commerce,Commerce & Distribution,Ségbana,+229 51 13 80 88,provisioncommerce@hotmail.com,provisioncommerce.bj,TPE (<10),B2C,APIEx,,Actif,2026-06-29T00:22:55.108211,haute
BJ-C08762A9,Super Automobile,Commerce & Distribution,Ségbana,+229 44 21 21 62,super.automobile@outlook.com,superautomobile.bj,TPE (<10),B2C,APIEx,,Actif,2026-06-29T00:22:55.108227,haute
BJ-6B3E745F,Jouets Ségbana,Commerce & Distribution,Ségbana,+229 89 83 26 26,jouetsségbana@hotmail.com,,PME (10-50),B2C,APIEx,,Actif,2026-06-29T00:22:55.108245,moyenne
BJ-A14B1D7E,Vêtements SARL,Commerce & Distribution,Karimama,+229 38 23 94 20,vêtements.sarl@outlook.com,vêtementssarl.bj,TPE (<10),B2B/B2C,APIEx,,Actif,2026-06-29T00:22:55.108285,haute
BJ-0EB8E0CD,Parfumerie Market,Commerce & Distribution,Karimama,+229 22 75 91 32,p.market@hotmail.com,,TPE (<10),B2B/B2C,APIEx,,Actif,2026-06-29T00:22:55.108322,moyenne
BJ-DDD9145E,Magasin Cash Karimama,Commerce & Distribution,Karimama,+229 88 58 72 43,,,TPE (<10),B2C,APIEx,,Actif,2026-06-29T00:22:55.108335,basse
BJ-30C5E79A,Magasin Discount International,Commerce & Distribution,Karimama,+229 40 45 15 52,magasindiscount@magasindiscount.com.bj,,PME (10-50),B2C,APIEx,,Actif,2026-06-29T00:22:55.108355,moyenne
BJ-8E022D38,Ets Quincaillerie,Commerce & Distribution,Gogounou,+229 90 80 48 38,etsquincaillerie@yahoo.fr,etsquincaillerie.bj,Grande (>200),B2B/B2C,APIEx,,Actif,2026-06-29T00:22:55.108379,haute
BJ-3A1A2A3A,Groupe Discount,Commerce & Distribution,Gogounou,+229 92 44 25 55,groupe_discount@gmail.com,groupediscount.bj,PME (10-50),B2B/B2C,APIEx,,Actif,2026-06-29T00:22:55.108394,haute
BJ-E1ECA89B,Commerce Décoration Groupe,Commerce & Distribution,Gogounou,+229 94 35 17 82,,commercedécorationgroupe.bj,TPE (<10),B2C,APIEx,,Actif,2026-06-29T00:22:55.108408,moyenne
BJ-A689FEF4,Ets Supply Distribution,Commerce & Distribution,Gogounou,+229 85 69 60 15,e.supply@yahoo.fr,etssupplydistribution.bj,TPE (<10),B2B/B2C,APIEx,,Actif,2026-06-29T00:22:55.108424,haute
BJ-CC4D383B,Ets Distribution International,Commerce & Distribution,Gogounou,+229 41 50 78 12,e.distribution@etsdistribution.org.bj,,TPE (<10),B2B/B2C,APIEx,,Actif,2026-06-29T00:22:55.108439,moyenne
BJ-B7E03E10,Store Hypermarché,Commerce & Distribution,Cobly,+229 50 70 95 10,,,PME (10-50),B2C,APIEx,,Actif,2026-06-29T00:22:55.108458,basse
BJ-50AABC03,Moto,Commerce & Distribution,Cobly,+229 52 35 56 64,moto@gmail.com,moto.bj,TPE (<10),B2C,APIEx,,Actif,2026-06-29T00:22:55.108473,haute
BJ-95B854D4,Shop Stock Market,Commerce & Distribution,Cobly,+229 58 76 78 23,,,Grande (>200),B2C,APIEx,,Actif,2026-06-29T00:22:55.108487,basse
BJ-CDF49275,Magasin Carry SARL,Commerce & Distribution,Cobly,+229 75 58 54 57,magasin.carry@magasincarrysar.org.bj,,TPE (<10),B2B/B2C,APIEx,,Actif,2026-06-29T00:22:55.108504,moyenne
BJ-AAAE7067,SARL Sport,Commerce & Distribution,Cobly,+229 36 11 95 47,,,PME (10-50),B2B/B2C,APIEx,,Actif,2026-06-29T00:22:55.108515,basse
BJ-67AD38E9,Centre Cash,Commerce & Distribution,Tanguiéta,+229 94 94 75 47,centrecash@yahoo.fr,centrecash.bj,PME (10-50),B2C,APIEx,,Actif,2026-06-29T00:22:55.108537,haute
BJ-6D8CD701,Ets Détaillant Bénin,Commerce & Distribution,Tanguiéta,+229 43 40 51 42,,,PME (10-50),B2C,APIEx,,Actif,2026-06-29T00:22:55.108548,basse
BJ-E2EA2A7C,Magasin Détaillant Tanguiéta,Commerce & Distribution,Tanguiéta,+229 65 61 26 95,m.détaillant@magasindétailla.bj,magasindétaillanttanguiéta.bj,PME (50-200),B2B/B2C,APIEx,,Actif,2026-06-29T00:22:55.108572,haute
BJ-80FC8088,SARL Jouets Distribution,Commerce & Distribution,Tanguiéta,+229 33 45 84 91,,,TPE (<10),B2C,APIEx,,Actif,2026-06-29T00:22:55.108584,basse
BJ-4252ECE3,Électroménager Ets,Commerce & Distribution,Tanguiéta,+229 54 66 49 62,électroménagerets@électroménagere.org.bj,,TPE (<10),B2C,APIEx,,Actif,2026-06-29T00:22:55.108601,moyenne
BJ-4876D5C0,Drive Market Matéri,Commerce & Distribution,Matéri,+229 54 76 84 85,drive_market@drivemarketmaté.com.bj,drivemarketmatéri.bj,TPE (<10),B2B/B2C,APIEx,,Actif,2026-06-29T00:22:55.108687,haute
BJ-06A20CDC,Ets Moto,Commerce & Distribution,Matéri,+229 76 38 40 85,,etsmoto.bj,TPE (<10),B2C,APIEx,,Actif,2026-06-29T00:22:55.108721,moyenne
BJ-EE889F89,Ets Boutique,Commerce & Distribution,Matéri,+229 54 36 60 35,,etsboutique.bj,PME (10-50),B2C,APIEx,,Actif,2026-06-29T00:22:55.108753,moyenne
BJ-3442EE58,Distribution High-Tech,Commerce & Distribution,Matéri,+229 23 48 69 63,distribution.high@distributionhig.bj,,PME (50-200),B2B/B2C,APIEx,,Actif,2026-06-29T00:22:55.108796,moyenne
BJ-A9B14D6A,Marché Carry International,Commerce & Distribution,Natitingou,+229 33 33 55 31,marché.carry@marchécarryinte.bj,marchécarryinternational.bj,PME (10-50),B2C,APIEx,,Actif,2026-06-29T00:22:55.108851,haute
BJ-F0DB0C4B,Cash Groupe,Commerce & Distribution,Natitingou,+229 27 76 17 89,cash.groupe@cashgroupe.com.bj,,TPE (<10),B2B/B2C,APIEx,,Actif,2026-06-29T00:22:55.108886,moyenne
BJ-0087DF1A,Décoration Natitingou,Commerce & Distribution,Natitingou,+229 34 76 40 82,décoration.natitingou@décorationnatit.org.bj,,TPE (<10),B2B/B2C,APIEx,,Actif,2026-06-29T00:22:55.108927,moyenne
BJ-0F88894A,Électroménager Distribution,Commerce & Distribution,Natitingou,+229 58 34 92 63,électroménagerdistribution@électroménagerd.bj,électroménagerdistribution.bj,PME (10-50),B2B/B2C,APIEx,,Actif,2026-06-29T00:22:55.108948,haute
BJ-EDEAEAAF,High-Tech Market,Commerce & Distribution,Natitingou,+229 52 72 66 54,h.tech@hightechmarket.org.bj,,PME (50-200),B2C,APIEx,,Actif,2026-06-29T00:22:55.108967,moyenne
BJ-5EB41F5C,Shop Hypermarché Ets Toucountouna,Commerce & Distribution,Toucountouna,+229 37 93 67 79,shop_hypermarché@shophypermarché.bj,,TPE (<10),B2C,APIEx,,Actif,2026-06-29T00:22:55.109010,moyenne
BJ-91BE96A1,Boutique Électroménager,Commerce & Distribution,Toucountouna,+229 96 54 98 93,boutiqueélectroménager@boutiqueélectro.org.bj,,TPE (<10),B2B/B2C,APIEx,,Actif,2026-06-29T00:22:55.109044,moyenne
BJ-39805ABC,Supply Store,Commerce & Distribution,Toucountouna,+229 90 74 42 97,supplystore@supplystore.com.bj,supplystore.bj,TPE (<10),B2C,APIEx,,Actif,2026-06-29T00:22:55.109086,haute
BJ-D9EEDEC3,Magasin Ets,Commerce & Distribution,Toucountouna,+229 85 75 87 58,,magasinets.bj,TPE (<10),B2B/B2C,APIEx,,Actif,2026-06-29T00:22:55.109109,moyenne
BJ-935EFC87,Automobile,Commerce & Distribution,Boukoumbé,+229 43 72 62 99,automobile@automobile.com.bj,,TPE (<10),B2C,APIEx,,Actif,2026-06-29T00:22:55.109198,moyenne
BJ-00AC982B,Chaussures,Commerce & Distribution,Boukoumbé,+229 36 23 32 33,chaussures@chaussures.org.bj,,TPE (<10),B2C,APIEx,,Actif,2026-06-29T00:22:55.109222,moyenne
BJ-72126779,Hypermarché,Commerce & Distribution,Boukoumbé,+229 83 29 28 36,,hypermarché.bj,PME (10-50),B2B/B2C,APIEx,,Actif,2026-06-29T00:22:55.109244,moyenne
BJ-F422173D,Marché Hypermarché Shop,Commerce & Distribution,Kouandé,+229 49 82 98 45,marchéhypermarché@hotmail.com,,PME (50-200),B2C,APIEx,,Actif,2026-06-29T00:22:55.109288,moyenne
BJ-A4A549B0,Moto Shop,Commerce & Distribution,Kouandé,+229 42 57 30 93,moto.shop@yahoo.fr,motoshop.bj,TPE (<10),B2C,APIEx,,Actif,2026-06-29T00:22:55.109324,haute
BJ-5E73B41E,Magasin Distribution Groupe,Commerce & Distribution,Kouandé,+229 50 76 50 27,magasindistribution@magasindistribu.com.bj,,PME (10-50),B2B/B2C,APIEx,,Actif,2026-06-29T00:22:55.109358,moyenne
BJ-86E1724D,Stock International,Commerce & Distribution,Kouandé,+229 81 35 24 40,,,PME (10-50),B2C,APIEx,,Actif,2026-06-29T00:22:55.109382,basse
BJ-E5284194,Commerce Ets Kouandé,Commerce & Distribution,Kouandé,+229 37 13 38 92,,,TPE (<10),B2B/B2C,APIEx,,Actif,2026-06-29T00:22:55.109401,basse
BJ-C6968530,Ets Discount International,Commerce & Distribution,Péhunco,+229 70 39 27 19,e.discount@gmail.com,etsdiscountinternational.bj,TPE (<10),B2B/B2C,APIEx,,Actif,2026-06-29T00:22:55.109471,haute
BJ-2DE69E64,Provision Distribution,Commerce & Distribution,Péhunco,+229 32 79 91 39,,,PME (50-200),B2C,APIEx,,Actif,2026-06-29T00:22:55.109491,basse
BJ-8325A2D6,Magasin Bricolage,Commerce & Distribution,Péhunco,+229 32 33 82 46,magasin.bricolage@magasinbricolag.bj,magasinbricolage.bj,TPE (<10),B2C,APIEx,,Actif,2026-06-29T00:22:55.109518,haute
BJ-4E3C594E,Commerce High-Tech Bénin Péhunco,Commerce & Distribution,Péhunco,+229 76 96 67 17,,,PME (10-50),B2C,APIEx,,Actif,2026-06-29T00:22:55.109539,basse
BJ-6CD01C40,Marché Alimentaire Groupe,Commerce & Distribution,Tchaourou,+229 28 47 52 58,marchéalimentaire@marchéalimentai.org.bj,marchéalimentairegroupe.bj,PME (50-200),B2B/B2C,APIEx,,Actif,2026-06-29T00:22:55.109595,haute
BJ-A793B71B,Boutique Store,Commerce & Distribution,Tchaourou,+229 59 98 11 42,,,PME (10-50),B2C,APIEx,,Actif,2026-06-29T00:22:55.109629,basse
BJ-FCA32153,Électroménager Store,Commerce & Distribution,Tchaourou,+229 39 25 16 47,électroménager.store@électroménagers.com.bj,électroménagerstore.bj,PME (10-50),B2B/B2C,APIEx,,Actif,2026-06-29T00:22:55.109700,haute
BJ-D54FE090,Outillage Shop,Commerce & Distribution,Tchaourou,+229 86 80 27 18,,outillageshop.bj,Grande (>200),B2B/B2C,APIEx,,Actif,2026-06-29T00:22:55.109738,moyenne
BJ-BF46C895,Quincaillerie International Tchaourou,Commerce & Distribution,Tchaourou,+229 54 54 28 29,,,TPE (<10),B2B/B2C,APIEx,,Actif,2026-06-29T00:22:55.109760,basse
BJ-57015A66,Boutique Bricolage Ets,Commerce & Distribution,Nikki,+229 74 85 90 87,b.bricolage@yahoo.fr,,Grande (>200),B2B/B2C,APIEx,,Actif,2026-06-29T00:22:55.109815,moyenne
BJ-A4203EE4,Détaillant Distribution,Commerce & Distribution,Nikki,+229 54 11 21 17,détaillant_distribution@gmail.com,,PME (50-200),B2C,APIEx,,Actif,2026-06-29T00:22:55.109847,moyenne
BJ-0109ABA1,Outillage,Commerce & Distribution,Nikki,+229 84 52 78 60,outillage@outillage.com.bj,outillage.bj,TPE (<10),B2B/B2C,APIEx,,Actif,2026-06-29T00:22:55.109888,haute
BJ-0BBFA10A,Groupe Quincaillerie,Commerce & Distribution,Nikki,+229 33 39 84 71,g.quincaillerie@groupequincaill.com.bj,,TPE (<10),B2C,APIEx,,Actif,2026-06-29T00:22:55.109948,moyenne
BJ-7B1218B7,Jouets Shop Nikki,Commerce & Distribution,Nikki,+229 49 32 21 98,,jouetsshopnikki.bj,PME (10-50),B2B/B2C,APIEx,,Actif,2026-06-29T00:22:55.109977,moyenne
BJ-42CEFF81,Alimentaire Ets,Commerce & Distribution,Bembéréké,+229 64 93 34 49,,,PME (50-200),B2B/B2C,APIEx,,Actif,2026-06-29T00:22:55.110033,basse
BJ-40CA5EC4,Marché Moto Distribution,Commerce & Distribution,Bembéréké,+229 89 83 49 22,marchémoto@marchémotodistr.com.bj,,TPE (<10),B2C,APIEx,,Actif,2026-06-29T00:22:55.110077,moyenne
BJ-2F16B0BD,Ets Boutique,Commerce & Distribution,Bembéréké,+229 99 43 14 46,,etsboutique.bj,PME (10-50),B2B/B2C,APIEx,,Actif,2026-06-29T00:22:55.110146,moyenne
BJ-B7AB47F6,Store Hypermarché Bembéréké,Commerce & Distribution,Bembéréké,+229 62 21 19 18,storehypermarché@storehypermarch.org.bj,,PME (50-200),B2C,APIEx,,Actif,2026-06-29T00:22:55.110210,moyenne
BJ-3B8953BC,Carry Store Kalalé,Commerce & Distribution,Kalalé,+229 42 19 59 26,,,TPE (<10),B2C,APIEx,,Actif,2026-06-29T00:22:55.110255,basse
BJ-406FF0D0,Magasin Vêtements Ets,Commerce & Distribution,Kalalé,+229 70 98 46 93,magasinvêtements@magasinvêtement.org.bj,,PME (10-50),B2B/B2C,APIEx,,Actif,2026-06-29T00:22:55.110288,moyenne
BJ-B808854F,Ets Quincaillerie Distribution,Commerce & Distribution,Kalalé,+229 21 31 87 95,ets.quincaillerie@gmail.com,etsquincailleriedistribution.bj,Grande (>200),B2C,APIEx,,Actif,2026-06-29T00:22:55.110325,haute
BJ-1BBFE35E,Store Supermarché International,Commerce & Distribution,Kalalé,+229 99 56 18 19,store.supermarché@gmail.com,storesupermarchéinternational.bj,Grande (>200),B2C,APIEx,,Actif,2026-06-29T00:22:55.110362,haute
BJ-83BF2AD6,Meuble Kalalé,Commerce & Distribution,Kalalé,+229 27 11 87 57,meublekalalé@meublekalalé.bj,,Grande (>200),B2C,APIEx,,Actif,2026-06-29T00:22:55.110413,moyenne
BJ-8430A404,Parfumerie Market,Commerce & Distribution,Ndali,+229 32 70 71 57,,,TPE (<10),B2C,APIEx,,Actif,2026-06-29T00:22:55.110461,basse
BJ-2EBEF8A7,Centre Jardin Groupe Ndali,Commerce & Distribution,Ndali,+229 92 37 28 94,,centrejardingroupendali.bj,PME (50-200),B2C,APIEx,,Actif,2026-06-29T00:22:55.110499,moyenne
BJ-45750E62,Centre Cosmétique,Commerce & Distribution,Ndali,+229 88 66 62 31,c.cosmétique@gmail.com,,TPE (<10),B2C,APIEx,,Actif,2026-06-29T00:22:55.110542,moyenne
BJ-369F58F9,Hard International,Commerce & Distribution,Ndali,+229 23 58 34 77,hard.international@hardinternation.org.bj,hardinternational.bj,TPE (<10),B2C,APIEx,,Actif,2026-06-29T00:22:55.110580,haute
BJ-AB6321F2,Commerce Commerce,Commerce & Distribution,Ndali,+229 22 43 26 31,,,PME (50-200),B2B/B2C,APIEx,,Actif,2026-06-29T00:22:55.110606,basse
BJ-FF9C9869,Parfumerie,Commerce & Distribution,Ségbana,+229 62 95 33 34,parfumerie@parfumerie.com.bj,parfumerie.bj,Grande (>200),B2C,APIEx,,Actif,2026-06-29T00:22:55.110653,haute
BJ-7B7823FD,Distribution Meuble Distribution,Commerce & Distribution,Ségbana,+229 54 54 39 19,,distributionmeubledistribution.bj,PME (50-200),B2B/B2C,APIEx,,Actif,2026-06-29T00:22:55.110683,moyenne
BJ-02F17B37,Centre Moto,Commerce & Distribution,Ségbana,+229 62 23 36 61,centremoto@yahoo.fr,centremoto.bj,TPE (<10),B2C,APIEx,,Actif,2026-06-29T00:22:55.110720,haute
BJ-B6575E72,Commerce Cosmétique,Commerce & Distribution,Ségbana,+229 24 45 21 94,c.cosmétique@yahoo.fr,commercecosmétique.bj,TPE (<10),B2C,APIEx,,Actif,2026-06-29T00:22:55.110760,haute
BJ-0CF8FBC0,Centre Boutique,Commerce & Distribution,Ségbana,+229 33 79 91 19,,,PME (50-200),B2C,APIEx,,Actif,2026-06-29T00:22:55.110786,basse
BJ-402F43F6,Jouets Market,Commerce & Distribution,Tchaourou,+229 72 38 85 22,jouets.market@gmail.com,,PME (50-200),B2C,APIEx,,Actif,2026-06-29T00:22:55.110834,moyenne
BJ-CCE3AFA2,Ets Parfumerie,Commerce & Distribution,Tchaourou,+229 37 67 42 18,e.parfumerie@yahoo.com,,PME (10-50),B2B/B2C,APIEx,,Actif,2026-06-29T00:22:55.110870,moyenne
BJ-688548FA,Groupe Cosmétique,Commerce & Distribution,Tchaourou,+229 63 26 52 16,groupecosmétique@gmail.com,groupecosmétique.bj,PME (10-50),B2B/B2C,APIEx,,Actif,2026-06-29T00:22:55.110947,haute
BJ-6D05FB50,Groupe Électroménager Bénin,Commerce & Distribution,Tchaourou,+229 59 18 32 54,groupe_électroménager@groupeélectromé.org.bj,,TPE (<10),B2C,APIEx,,Actif,2026-06-29T00:22:55.110996,moyenne
BJ-3675075B,Cosmétique Shop,Commerce & Distribution,Tchaourou,+229 92 76 36 68,c.shop@yahoo.fr,cosmétiqueshop.bj,Grande (>200),B2C,APIEx,,Actif,2026-06-29T00:22:55.111027,haute
BJ-5B3B30CE,Commerce Bétérou,Commerce & Distribution,Bétérou,+229 83 13 33 17,commerce.bétérou@commercebétérou.org.bj,commercebétérou.bj,TPE (<10),B2B/B2C,APIEx,,Actif,2026-06-29T00:22:55.111098,haute
BJ-3E414810,Sport Bétérou,Commerce & Distribution,Bétérou,+229 57 95 77 16,sport.bétérou@sportbétérou.org.bj,sportbétérou.bj,PME (10-50),B2B/B2C,APIEx,,Actif,2026-06-29T00:22:55.111146,haute
BJ-1BFEEC22,Boutique Hard Distribution Bétérou,Commerce & Distribution,Bétérou,+229 82 91 57 42,,,PME (10-50),B2B/B2C,APIEx,,Actif,2026-06-29T00:22:55.111174,basse
BJ-F3BFFF29,Boutique Outillage Bétérou,Commerce & Distribution,Bétérou,+229 20 86 31 87,boutiqueoutillage@boutiqueoutilla.com.bj,,TPE (<10),B2C,APIEx,,Actif,2026-06-29T00:22:55.111222,moyenne
BJ-D892C445,Hard,Commerce & Distribution,Bétérou,+229 56 84 55 73,hard@yahoo.fr,hard.bj,PME (10-50),B2B/B2C,APIEx,,Actif,2026-06-29T00:22:55.111262,haute
BJ-13AD5F6F,Distribution Bricolage,Commerce & Distribution,Ouessè,+229 27 31 18 64,distribution.bricolage@distributionbri.org.bj,,PME (50-200),B2B/B2C,APIEx,,Actif,2026-06-29T00:22:55.111321,moyenne
BJ-BCF06360,Ets Moto,Commerce & Distribution,Ouessè,+229 66 77 29 30,etsmoto@outlook.com,etsmoto.bj,Grande (>200),B2C,APIEx,,Actif,2026-06-29T00:22:55.111357,haute
BJ-CE895D83,Décoration Shop,Commerce & Distribution,Ouessè,+229 75 40 24 98,décorationshop@décorationshop.org.bj,décorationshop.bj,PME (10-50),B2B/B2C,APIEx,,Actif,2026-06-29T00:22:55.111404,haute
BJ-61267780,Vêtements,Commerce & Distribution,Ouessè,+229 48 44 50 92,vêtements@yahoo.fr,vêtements.bj,PME (50-200),B2B/B2C,APIEx,,Actif,2026-06-29T00:22:55.111444,haute
BJ-C28F5C25,Boutique Commerce Store,Commerce & Distribution,Ouessè,+229 77 43 30 21,,boutiquecommercestore.bj,PME (50-200),B2C,APIEx,,Actif,2026-06-29T00:22:55.111476,moyenne
BJ-B5617BF9,Drive,Commerce & Distribution,Glazoué,+229 92 78 28 31,,,PME (10-50),B2B/B2C,APIEx,,Actif,2026-06-29T00:22:55.111526,basse
BJ-F54F947F,Magasin Détaillant Groupe,Commerce & Distribution,Glazoué,+229 25 91 59 61,magasin.détaillant@yahoo.com,magasindétaillantgroupe.bj,PME (10-50),B2B/B2C,APIEx,,Actif,2026-06-29T00:22:55.111567,haute
BJ-67E917CF,Outillage Distribution,Commerce & Distribution,Glazoué,+229 93 56 51 99,outillage_distribution@yahoo.fr,,PME (10-50),B2B/B2C,APIEx,,Actif,2026-06-29T00:22:55.111605,moyenne
BJ-74D2097B,Supermarché,Commerce & Distribution,Glazoué,+229 22 36 95 76,,supermarché.bj,TPE (<10),B2C,APIEx,,Actif,2026-06-29T00:22:55.111635,moyenne
BJ-A571E468,Stock Groupe,Commerce & Distribution,Glazoué,+229 62 43 59 29,s.groupe@stockgroupe.com.bj,stockgroupe.bj,Grande (>200),B2B/B2C,APIEx,,Actif,2026-06-29T00:22:55.111677,haute
BJ-D8F81C32,Supermarché,Commerce & Distribution,Dassa-Zoumè,+229 58 31 63 17,supermarché@supermarché.bj,,PME (50-200),B2C,APIEx,,Actif,2026-06-29T00:22:55.111732,moyenne
BJ-98F54E22,Ets Électroménager,Commerce & Distribution,Dassa-Zoumè,+229 34 94 57 73,ets.électroménager@outlook.com,,PME (10-50),B2C,APIEx,,Actif,2026-06-29T00:22:55.111771,moyenne
BJ-B2FA5571,High-Tech,Commerce & Distribution,Dassa-Zoumè,+229 31 39 24 55,,,PME (10-50),B2B/B2C,APIEx,,Actif,2026-06-29T00:22:55.111808,basse
BJ-15419F02,Parfumerie SARL,Commerce & Distribution,Dassa-Zoumè,+229 36 12 72 61,,parfumeriesarl.bj,Grande (>200),B2C,APIEx,,Actif,2026-06-29T00:22:55.111845,moyenne
BJ-61E07982,Discount Groupe Dassa-Zoumè,Commerce & Distribution,Dassa-Zoumè,+229 33 74 24 59,,,PME (10-50),B2B/B2C,APIEx,,Actif,2026-06-29T00:22:55.111874,basse
BJ-9D844F1E,SARL Commerce,Commerce & Distribution,Savalou,+229 69 20 78 22,,,PME (10-50),B2B/B2C,APIEx,,Actif,2026-06-29T00:22:55.111969,basse
BJ-7457EEF5,Drive International,Commerce & Distribution,Savalou,+229 59 69 73 59,driveinternational@driveinternatio.com.bj,,PME (10-50),B2C,APIEx,,Actif,2026-06-29T00:22:55.112005,moyenne
BJ-07AC0B99,Shop Électroménager,Commerce & Distribution,Savalou,+229 31 36 57 37,shop_électroménager@hotmail.com,shopélectroménager.bj,PME (10-50),B2C,APIEx,,Actif,2026-06-29T00:22:55.112044,haute
BJ-59FDCEFA,Chaussures SARL,Commerce & Distribution,Savalou,+229 79 90 93 81,chaussures_sarl@gmail.com,,TPE (<10),B2C,APIEx,,Actif,2026-06-29T00:22:55.112080,moyenne
BJ-F674AFF4,Super High-Tech,Commerce & Distribution,Savalou,+229 63 41 63 89,,superhightech.bj,Grande (>200),B2C,APIEx,,Actif,2026-06-29T00:22:55.112109,moyenne
BJ-270497CB,Super Stock International,Commerce & Distribution,Bantè,+229 21 54 83 18,superstock@superstockinter.com.bj,,TPE (<10),B2C,APIEx,,Actif,2026-06-29T00:22:55.112164,moyenne
BJ-ED0A4CC2,Jouets Commerce Bantè,Commerce & Distribution,Bantè,+229 62 42 75 51,,jouetscommercebantè.bj,PME (50-200),B2B/B2C,APIEx,,Actif,2026-06-29T00:22:55.112193,moyenne
BJ-DE7E7F70,Carry Distribution Bantè,Commerce & Distribution,Bantè,+229 64 26 64 28,,,PME (10-50),B2B/B2C,APIEx,,Actif,2026-06-29T00:22:55.112235,basse
BJ-63C68C6E,Shop Drive,Commerce & Distribution,Djougou,+229 50 91 22 85,shop.drive@yahoo.com,,TPE (<10),B2B/B2C,APIEx,,Actif,2026-06-29T00:22:55.112384,moyenne
BJ-38DEFD3B,Distribution Boutique,Commerce & Distribution,Djougou,+229 27 39 10 74,d.boutique@distributionbou.org.bj,,PME (50-200),B2C,APIEx,,Actif,2026-06-29T00:22:55.112419,moyenne
BJ-79486A27,Bricolage Store,Commerce & Distribution,Djougou,+229 35 22 40 52,b.store@yahoo.fr,bricolagestore.bj,TPE (<10),B2C,APIEx,,Actif,2026-06-29T00:22:55.112463,haute
BJ-5441F99F,Bricolage,Commerce & Distribution,Djougou,+229 21 38 64 13,bricolage@outlook.com,,PME (50-200),B2C,APIEx,,Actif,2026-06-29T00:22:55.112497,moyenne
BJ-400AA92A,Outillage,Commerce & Distribution,Ouèssè,+229 87 20 68 30,outillage@yahoo.fr,,TPE (<10),B2C,APIEx,,Actif,2026-06-29T00:22:55.112544,moyenne
BJ-69B562BA,Commerce Automobile,Commerce & Distribution,Ouèssè,+229 89 88 15 63,commerceautomobile@commerceautomob.com.bj,commerceautomobile.bj,PME (10-50),B2C,APIEx,,Actif,2026-06-29T00:22:55.112580,haute
BJ-1AC05A74,SARL Supply Shop,Commerce & Distribution,Ouèssè,+229 72 50 39 61,,sarlsupplyshop.bj,PME (10-50),B2B/B2C,APIEx,,Actif,2026-06-29T00:22:55.112616,moyenne
BJ-51921A68,Carry,Commerce & Distribution,Ouèssè,+229 27 88 23 97,carry@carry.com.bj,,TPE (<10),B2C,APIEx,,Actif,2026-06-29T00:22:55.112648,moyenne
BJ-7F0F8677,SARL Supply,Commerce & Distribution,Ouèssè,+229 42 74 68 24,sarl.supply@yahoo.fr,sarlsupply.bj,PME (10-50),B2C,APIEx,,Actif,2026-06-29T00:22:55.112682,haute
BJ-F42D5FF2,Jardin Market,Commerce & Distribution,Bassila,+229 77 34 13 51,jardinmarket@hotmail.com,jardinmarket.bj,PME (50-200),B2B/B2C,APIEx,,Actif,2026-06-29T00:22:55.112729,haute
BJ-A8D7C87E,Store Boutique,Commerce & Distribution,Bassila,+229 72 52 72 25,,storeboutique.bj,TPE (<10),B2C,APIEx,,Actif,2026-06-29T00:22:55.112756,moyenne
BJ-E7653F5B,Commerce Meuble Market,Commerce & Distribution,Bassila,+229 71 98 26 61,c.meuble@yahoo.com,commercemeublemarket.bj,TPE (<10),B2C,APIEx,,Actif,2026-06-29T00:22:55.112810,haute
BJ-546FF8F3,Boutique Hard Commerce,Commerce & Distribution,Bassila,+229 98 41 17 87,,boutiquehardcommerce.bj,TPE (<10),B2B/B2C,APIEx,,Actif,2026-06-29T00:22:55.112864,moyenne
BJ-CC55EE29,Détaillant,Commerce & Distribution,Bassila,+229 53 87 34 93,détaillant@yahoo.fr,détaillant.bj,TPE (<10),B2C,APIEx,,Actif,2026-06-29T00:22:55.112923,haute
BJ-9A9EBCA9,Boutique Sport,Commerce & Distribution,Pehunco,+229 55 47 69 18,,boutiquesport.bj,TPE (<10),B2B/B2C,APIEx,,Actif,2026-06-29T00:22:55.113005,moyenne
BJ-FF3CCF31,Magasin Drive Pehunco,Commerce & Distribution,Pehunco,+229 51 62 43 41,magasindrive@magasindrivepeh.org.bj,magasindrivepehunco.bj,TPE (<10),B2B/B2C,APIEx,,Actif,2026-06-29T00:22:55.113057,haute
BJ-3D9C5FE8,Supply Shop Pehunco,Commerce & Distribution,Pehunco,+229 87 13 81 59,,,TPE (<10),B2B/B2C,APIEx,,Actif,2026-06-29T00:22:55.113084,basse
BJ-343194F1,Outillage Pehunco,Commerce & Distribution,Pehunco,+229 20 58 46 84,,,TPE (<10),B2B/B2C,APIEx,,Actif,2026-06-29T00:22:55.113113,basse
BJ-4FF37A02,Super Grossiste,Commerce & Distribution,Copargo,+229 96 55 60 45,supergrossiste@supergrossiste.org.bj,supergrossiste.bj,PME (50-200),B2C,APIEx,,Actif,2026-06-29T00:22:55.113161,haute
BJ-E2547F19,Parfumerie Copargo,Commerce & Distribution,Copargo,+229 45 14 28 30,p.copargo@gmail.com,,TPE (<10),B2B/B2C,APIEx,,Actif,2026-06-29T00:22:55.113195,moyenne
BJ-B36523B5,Commerce Parfumerie SARL,Commerce & Distribution,Copargo,+229 61 16 84 56,,commerceparfumeriesarl.bj,PME (50-200),B2B/B2C,APIEx,,Actif,2026-06-29T00:22:55.113220,moyenne
BJ-69554AEE,Ets High-Tech Market,Commerce & Distribution,Copargo,+229 48 74 73 65,ets_high@yahoo.fr,,TPE (<10),B2C,APIEx,,Actif,2026-06-29T00:22:55.113253,moyenne
BJ-AD292947,Commerce Boutique Shop,Commerce & Distribution,Copargo,+229 79 48 53 27,c.boutique@commerceboutiqu.com.bj,,TPE (<10),B2B/B2C,APIEx,,Actif,2026-06-29T00:22:55.113286,moyenne
BJ-598DA59E,Plage Cotonou,Restauration & Hôtellerie,Cotonou,+229 37 16 52 76,,plagecotonou.bj,Grande (>200),B2C,APIEx,,Actif,2026-06-29T00:22:55.113333,moyenne
BJ-BEEA723E,Cantine Royal Hotel,Restauration & Hôtellerie,Cotonou,+229 85 28 54 38,,cantineroyalhotel.bj,Grande (>200),B2C,APIEx,,Actif,2026-06-29T00:22:55.113360,moyenne
BJ-8FD7906F,Bar Goût,Restauration & Hôtellerie,Cotonou,+229 89 35 80 33,,bargoût.bj,PME (50-200),B2C,APIEx,,Actif,2026-06-29T00:22:55.113395,moyenne
BJ-BFD40454,Pension Royal,Restauration & Hôtellerie,Cotonou,+229 98 82 32 84,pensionroyal@pensionroyal.com.bj,pensionroyal.bj,Grande (>200),B2C,APIEx,,Actif,2026-06-29T00:22:55.113434,haute
BJ-C08053A8,Traiteur Salade,Restauration & Hôtellerie,Abomey-Calavi,+229 31 15 20 43,traiteursalade@gmail.com,,TPE (<10),B2C,APIEx,,Actif,2026-06-29T00:22:55.113537,moyenne
BJ-C1CF97F8,Chocolaterie,Restauration & Hôtellerie,Abomey-Calavi,+229 34 13 89 89,chocolaterie@chocolaterie.com.bj,chocolaterie.bj,TPE (<10),B2C,APIEx,,Actif,2026-06-29T00:22:55.113571,haute
BJ-BC0F5BE7,Brasserie Royal,Restauration & Hôtellerie,Abomey-Calavi,+229 91 29 51 23,,brasserieroyal.bj,PME (50-200),B2C,APIEx,,Actif,2026-06-29T00:22:55.113603,moyenne
BJ-95E65C08,Saveurs,Restauration & Hôtellerie,Abomey-Calavi,+229 25 66 58 82,saveurs@gmail.com,,TPE (<10),B2C,APIEx,,Actif,2026-06-29T00:22:55.113636,moyenne
BJ-CDD7D6F9,Grill,Restauration & Hôtellerie,Abomey-Calavi,+229 54 27 95 52,,grill.bj,TPE (<10),B2C,APIEx,,Actif,2026-06-29T00:22:55.113663,moyenne
BJ-E256A05A,Lounge Brasserie,Restauration & Hôtellerie,Porto-Novo,+229 22 37 25 97,lounge.brasserie@loungebrasserie.org.bj,loungebrasserie.bj,Grande (>200),B2C,APIEx,,Actif,2026-06-29T00:22:55.113713,haute
BJ-C648D76F,Pub Inn,Restauration & Hôtellerie,Porto-Novo,+229 78 13 66 18,,pubinn.bj,Grande (>200),B2C,APIEx,,Actif,2026-06-29T00:22:55.113738,moyenne
BJ-E56A39E2,International International,Restauration & Hôtellerie,Porto-Novo,+229 61 79 89 53,internationalinternational@gmail.com,internationalinternational.bj,PME (10-50),B2C,APIEx,,Actif,2026-06-29T00:22:55.113782,haute
BJ-5334A046,Bistro,Restauration & Hôtellerie,Porto-Novo,+229 47 24 34 86,bistro@bistro.org.bj,bistro.bj,PME (50-200),B2C,APIEx,,Actif,2026-06-29T00:22:55.113812,haute
BJ-EFCE8996,Traiteur Grill,Restauration & Hôtellerie,Porto-Novo,+229 26 23 88 40,,traiteurgrill.bj,TPE (<10),B2C,APIEx,,Actif,2026-06-29T00:22:55.113839,moyenne
BJ-99C718C8,Fusion Parakou,Restauration & Hôtellerie,Parakou,+229 25 36 69 83,fusion_parakou@yahoo.com,,PME (10-50),B2C,APIEx,,Actif,2026-06-29T00:22:55.113884,moyenne
BJ-69EFF67A,Fast Tradition Brasserie,Restauration & Hôtellerie,Parakou,+229 87 56 35 87,fasttradition@hotmail.com,,TPE (<10),B2C,APIEx,,Actif,2026-06-29T00:22:55.113932,moyenne
BJ-5AE6D519,Restaurant Salade Spa,Restauration & Hôtellerie,Parakou,+229 27 38 73 82,restaurantsalade@restaurantsalad.com.bj,restaurantsaladespa.bj,TPE (<10),B2C,APIEx,,Actif,2026-06-29T00:22:55.113967,haute
BJ-E78C14B1,Délice,Restauration & Hôtellerie,Parakou,+229 75 92 96 56,délice@yahoo.com,,PME (50-200),B2C,APIEx,,Actif,2026-06-29T00:22:55.113996,moyenne
BJ-B4D76F97,Détente Palace,Restauration & Hôtellerie,Parakou,+229 92 54 82 77,,détentepalace.bj,PME (50-200),B2C,APIEx,,Actif,2026-06-29T00:22:55.114026,moyenne
BJ-3C1C9C04,Brasserie,Restauration & Hôtellerie,Bohicon,+229 53 30 88 30,brasserie@brasserie.bj,brasserie.bj,PME (10-50),B2C,APIEx,,Actif,2026-06-29T00:22:55.114086,haute
BJ-0BABAD50,Pub Village,Restauration & Hôtellerie,Bohicon,+229 37 19 75 93,pub.village@pubvillage.org.bj,pubvillage.bj,PME (10-50),B2C,APIEx,,Actif,2026-06-29T00:22:55.114129,haute
BJ-24873DA2,Cantine Village,Restauration & Hôtellerie,Bohicon,+229 61 65 44 58,cantinevillage@cantinevillage.org.bj,,PME (50-200),B2C,APIEx,,Actif,2026-06-29T00:22:55.114172,moyenne
BJ-59BAD171,Snack Lounge Restaurant,Restauration & Hôtellerie,Bohicon,+229 66 25 62 39,,snackloungerestaurant.bj,PME (10-50),B2C,APIEx,,Actif,2026-06-29T00:22:55.114211,moyenne
BJ-7DEBABFD,Brasserie Sushi Brasserie,Restauration & Hôtellerie,Bohicon,+229 29 26 92 71,,brasseriesushibrasserie.bj,PME (10-50),B2C,APIEx,,Actif,2026-06-29T00:22:55.114240,moyenne
BJ-FDA44806,Brasserie Lac,Restauration & Hôtellerie,Natitingou,+229 91 93 76 33,brasserie.lac@gmail.com,brasserielac.bj,TPE (<10),B2C,APIEx,,Actif,2026-06-29T00:22:55.114292,haute
BJ-93F33C44,Authentique Natitingou,Restauration & Hôtellerie,Natitingou,+229 96 20 28 96,a.natitingou@authentiquenati.com.bj,authentiquenatitingou.bj,PME (50-200),B2C,APIEx,,Actif,2026-06-29T00:22:55.114328,haute
BJ-7C56E0B6,Brasserie Boulangerie Bénin,Restauration & Hôtellerie,Natitingou,+229 85 60 43 93,b.boulangerie@outlook.com,brasserieboulangeriebénin.bj,Grande (>200),B2C,APIEx,,Actif,2026-06-29T00:22:55.114368,haute
BJ-158E2203,Brasserie Plaisir,Restauration & Hôtellerie,Natitingou,+229 53 69 26 59,b.plaisir@yahoo.fr,,PME (50-200),B2C,APIEx,,Actif,2026-06-29T00:22:55.114400,moyenne
BJ-B7B0A2ED,Plage Hotel,Restauration & Hôtellerie,Natitingou,+229 40 81 23 66,,plagehotel.bj,Grande (>200),B2C,APIEx,,Actif,2026-06-29T00:22:55.114428,moyenne
BJ-EFFD76EF,Cantine Local,Restauration & Hôtellerie,Lokossa,+229 90 85 50 94,cantine.local@hotmail.com,cantinelocal.bj,PME (10-50),B2C,APIEx,,Actif,2026-06-29T00:22:55.114475,haute
BJ-2180BD6B,Grill,Restauration & Hôtellerie,Lokossa,+229 69 60 19 16,grill@grill.bj,grill.bj,PME (10-50),B2C,APIEx,,Actif,2026-06-29T00:22:55.114531,haute
BJ-0F8C2ADA,Traiteur Plaisir Brasserie,Restauration & Hôtellerie,Lokossa,+229 39 12 56 93,,traiteurplaisirbrasserie.bj,TPE (<10),B2C,APIEx,,Actif,2026-06-29T00:22:55.114566,moyenne
BJ-1B721F10,Bar Royal,Restauration & Hôtellerie,Lokossa,+229 27 24 37 36,,,PME (50-200),B2C,APIEx,,Actif,2026-06-29T00:22:55.114594,basse
BJ-9A89EDB4,Tradition Ouidah,Restauration & Hôtellerie,Ouidah,+229 43 15 61 51,tradition.ouidah@traditionouidah.com.bj,traditionouidah.bj,TPE (<10),B2C,APIEx,,Actif,2026-06-29T00:22:55.114677,haute
BJ-2BA85441,Auberge Chocolaterie Bénin,Restauration & Hôtellerie,Ouidah,+229 71 20 11 34,aubergechocolaterie@aubergechocolat.com.bj,aubergechocolateriebénin.bj,TPE (<10),B2C,APIEx,,Actif,2026-06-29T00:22:55.114716,haute
BJ-5A797251,Café Ambiance,Restauration & Hôtellerie,Ouidah,+229 29 24 23 81,,caféambiance.bj,TPE (<10),B2C,APIEx,,Actif,2026-06-29T00:22:55.114745,moyenne
BJ-C29234C4,Pizzeria Hotel,Restauration & Hôtellerie,Ouidah,+229 24 72 52 34,p.hotel@pizzeriahotel.bj,pizzeriahotel.bj,TPE (<10),B2C,APIEx,,Actif,2026-06-29T00:22:55.114782,haute
BJ-E807B3E3,Gourmet International,Restauration & Hôtellerie,Ouidah,+229 78 95 65 50,,gourmetinternational.bj,TPE (<10),B2C,APIEx,,Actif,2026-06-29T00:22:55.114808,moyenne
BJ-7497B624,Glacier Bénin Savalou,Restauration & Hôtellerie,Savalou,+229 87 61 97 43,glacier.bénin@glacierbéninsav.bj,,TPE (<10),B2C,APIEx,,Actif,2026-06-29T00:22:55.114861,moyenne
BJ-4DAE31D2,Snack Plaisir Savalou,Restauration & Hôtellerie,Savalou,+229 96 80 96 25,,snackplaisirsavalou.bj,PME (10-50),B2C,APIEx,,Actif,2026-06-29T00:22:55.114887,moyenne
BJ-A34BA648,Boulangerie Inn,Restauration & Hôtellerie,Savalou,+229 39 28 64 43,b.inn@boulangerieinn.com.bj,,PME (10-50),B2C,APIEx,,Actif,2026-06-29T00:22:55.114981,moyenne
BJ-C1C4BD27,Authentique Brasserie,Restauration & Hôtellerie,Savalou,+229 91 38 92 87,authentique.brasserie@outlook.com,authentiquebrasserie.bj,TPE (<10),B2C,APIEx,,Actif,2026-06-29T00:22:55.115013,haute
BJ-52538E73,Cantine Tradition Inn,Restauration & Hôtellerie,Dassa-Zoumè,+229 86 86 13 97,cantine.tradition@outlook.com,,PME (10-50),B2C,APIEx,,Actif,2026-06-29T00:22:55.115057,moyenne
BJ-EAED210A,Hôtel Grill,Restauration & Hôtellerie,Dassa-Zoumè,+229 96 22 62 58,,hôtelgrill.bj,PME (50-200),B2C,APIEx,,Actif,2026-06-29T00:22:55.115084,moyenne
BJ-23BBC5B5,Délice Lodge,Restauration & Hôtellerie,Dassa-Zoumè,+229 74 26 62 34,,,PME (10-50),B2C,APIEx,,Actif,2026-06-29T00:22:55.115109,basse
BJ-E7C81ECB,Fast Table,Restauration & Hôtellerie,Kétou,+229 43 72 99 27,fasttable@fasttable.org.bj,fasttable.bj,Grande (>200),B2C,APIEx,,Actif,2026-06-29T00:22:55.115216,haute
BJ-8D78F1AA,Traiteur Gourmet Kétou,Restauration & Hôtellerie,Kétou,+229 55 33 81 39,traiteurgourmet@traiteurgourmet.bj,traiteurgourmetkétou.bj,TPE (<10),B2C,APIEx,,Actif,2026-06-29T00:22:55.115252,haute
BJ-A6EB3205,Tacos Village,Restauration & Hôtellerie,Kétou,+229 67 51 23 28,t.village@tacosvillage.bj,tacosvillage.bj,TPE (<10),B2C,APIEx,,Actif,2026-06-29T00:22:55.115288,haute
BJ-6EA68BD6,Hôtel Salade,Restauration & Hôtellerie,Kétou,+229 45 99 27 17,h.salade@hôtelsalade.bj,hôtelsalade.bj,PME (50-200),B2C,APIEx,,Actif,2026-06-29T00:22:55.115324,haute
BJ-DCEA935E,Snack Salade,Restauration & Hôtellerie,Kétou,+229 95 47 17 87,snack.salade@yahoo.com,,TPE (<10),B2C,APIEx,,Actif,2026-06-29T00:22:55.115357,moyenne
BJ-0F899217,Hôtel Burger Lodge,Restauration & Hôtellerie,Covè,+229 99 20 94 75,hôtelburger@hôtelburgerlodg.bj,hôtelburgerlodge.bj,TPE (<10),B2C,APIEx,,Actif,2026-06-29T00:22:55.115410,haute
BJ-11B69259,Chocolaterie Restaurant,Restauration & Hôtellerie,Covè,+229 41 82 47 21,c.restaurant@chocolaterieres.org.bj,chocolaterierestaurant.bj,PME (10-50),B2C,APIEx,,Actif,2026-06-29T00:22:55.115442,haute
BJ-2A78895F,Détente,Restauration & Hôtellerie,Covè,+229 50 30 71 22,détente@détente.org.bj,détente.bj,PME (10-50),B2C,APIEx,,Actif,2026-06-29T00:22:55.115473,haute
BJ-21DFA648,Hôtel Ambiance International Covè,Restauration & Hôtellerie,Covè,+229 21 82 78 22,hôtel.ambiance@hôtelambiancein.com.bj,,TPE (<10),B2C,APIEx,,Actif,2026-06-29T00:22:55.115508,moyenne
BJ-346175EE,Salade,Restauration & Hôtellerie,Covè,+229 90 57 84 49,salade@salade.com.bj,salade.bj,PME (10-50),B2C,APIEx,,Actif,2026-06-29T00:22:55.115537,haute
BJ-8A247151,Cantine Saveur Lodge,Restauration & Hôtellerie,Pobè,+229 35 93 28 85,cantine.saveur@hotmail.com,cantinesaveurlodge.bj,PME (50-200),B2C,APIEx,,Actif,2026-06-29T00:22:55.115578,haute
BJ-9E71213B,Sushi Village,Restauration & Hôtellerie,Pobè,+229 63 22 80 30,,sushivillage.bj,Grande (>200),B2C,APIEx,,Actif,2026-06-29T00:22:55.115603,moyenne
BJ-3945DB2A,Détente Resort,Restauration & Hôtellerie,Pobè,+229 44 92 10 27,détenteresort@détenteresort.org.bj,détenteresort.bj,PME (50-200),B2C,APIEx,,Actif,2026-06-29T00:22:55.115648,haute
BJ-20F8C0A3,Goût Café Pobè,Restauration & Hôtellerie,Pobè,+229 43 82 48 18,g.café@hotmail.com,goûtcafépobè.bj,PME (10-50),B2C,APIEx,,Actif,2026-06-29T00:22:55.115681,haute
BJ-EEC86434,Snack International Hotel Pobè,Restauration & Hôtellerie,Pobè,+229 69 90 31 52,snack.international@snackinternatio.org.bj,snackinternationalhotelpobè.bj,PME (10-50),B2C,APIEx,,Actif,2026-06-29T00:22:55.115723,haute
BJ-1A9AA1E0,Lac Brasserie,Restauration & Hôtellerie,Sakété,+229 20 25 45 85,lacbrasserie@outlook.com,lacbrasserie.bj,PME (10-50),B2C,APIEx,,Actif,2026-06-29T00:22:55.115767,haute
BJ-3A5B91ED,Saveur Palace,Restauration & Hôtellerie,Sakété,+229 86 79 35 70,,,PME (50-200),B2C,APIEx,,Actif,2026-06-29T00:22:55.115791,basse
BJ-8B489FF2,Plaisir Sakété,Restauration & Hôtellerie,Sakété,+229 95 95 85 52,plaisir.sakété@plaisirsakété.bj,plaisirsakété.bj,Grande (>200),B2C,APIEx,,Actif,2026-06-29T00:22:55.115853,haute
BJ-11B5D086,Plage Bénin Sakété,Restauration & Hôtellerie,Sakété,+229 23 39 34 30,plagebénin@yahoo.com,plagebéninsakété.bj,PME (10-50),B2C,APIEx,,Actif,2026-06-29T00:22:55.115906,haute
BJ-2B91A158,Auberge Pâtisserie,Restauration & Hôtellerie,Adjara,+229 25 53 64 49,aubergepâtisserie@aubergepâtisser.com.bj,aubergepâtisserie.bj,PME (10-50),B2C,APIEx,,Actif,2026-06-29T00:22:55.115956,haute
BJ-7624877E,Tacos,Restauration & Hôtellerie,Adjara,+229 51 95 37 48,tacos@yahoo.com,tacos.bj,PME (50-200),B2C,APIEx,,Actif,2026-06-29T00:22:55.115987,haute
BJ-9DD800FB,Brasserie Palace,Restauration & Hôtellerie,Adjara,+229 60 21 75 53,b.palace@brasseriepalace.com.bj,,PME (50-200),B2C,APIEx,,Actif,2026-06-29T00:22:55.116029,moyenne
BJ-1159C7BF,Glacier International,Restauration & Hôtellerie,Adjara,+229 81 23 19 57,glacier.international@glacierinternat.bj,glacierinternational.bj,PME (10-50),B2C,APIEx,,Actif,2026-06-29T00:22:55.116067,haute
BJ-82C5D8FD,Hôtel Fusion,Restauration & Hôtellerie,Adjara,+229 36 78 51 82,hôtelfusion@hôtelfusion.org.bj,hôtelfusion.bj,PME (50-200),B2C,APIEx,,Actif,2026-06-29T00:22:55.116106,haute
BJ-CCE1E1F9,Gourmet,Restauration & Hôtellerie,Allada,+229 70 59 96 27,,gourmet.bj,PME (50-200),B2C,APIEx,,Actif,2026-06-29T00:22:55.116153,moyenne
BJ-F177C407,Hôtel Lac,Restauration & Hôtellerie,Allada,+229 22 22 29 24,,hôtellac.bj,TPE (<10),B2C,APIEx,,Actif,2026-06-29T00:22:55.116184,moyenne
BJ-C614576D,Pension Africain Inn,Restauration & Hôtellerie,Allada,+229 42 67 97 37,pensionafricain@pensionafricain.bj,,PME (10-50),B2C,APIEx,,Actif,2026-06-29T00:22:55.116222,moyenne
BJ-30DD6E3F,Grill,Restauration & Hôtellerie,Allada,+229 29 83 35 77,grill@gmail.com,grill.bj,PME (10-50),B2C,APIEx,,Actif,2026-06-29T00:22:55.116261,haute
BJ-42A2F3CF,Café Brasserie,Restauration & Hôtellerie,Allada,+229 27 71 60 76,cafébrasserie@outlook.com,cafébrasserie.bj,PME (10-50),B2C,APIEx,,Actif,2026-06-29T00:22:55.116298,haute
BJ-A1A41CF4,Fast Salade,Restauration & Hôtellerie,Aplahoué,+229 26 50 97 77,f.salade@fastsalade.org.bj,fastsalade.bj,PME (50-200),B2C,APIEx,,Actif,2026-06-29T00:22:55.116352,haute
BJ-54551445,Saveur Lodge,Restauration & Hôtellerie,Aplahoué,+229 29 16 75 86,saveur.lodge@saveurlodge.bj,saveurlodge.bj,PME (10-50),B2C,APIEx,,Actif,2026-06-29T00:22:55.116391,haute
BJ-D758F030,Détente Aplahoué,Restauration & Hôtellerie,Aplahoué,+229 53 73 50 91,d.aplahoué@gmail.com,,PME (50-200),B2C,APIEx,,Actif,2026-06-29T00:22:55.116435,moyenne
BJ-7C441A11,Restaurant Grill,Restauration & Hôtellerie,Aplahoué,+229 53 84 60 37,restaurantgrill@restaurantgrill.com.bj,restaurantgrill.bj,TPE (<10),B2C,APIEx,,Actif,2026-06-29T00:22:55.116507,haute
BJ-3A930DAD,Traiteur Authentique,Restauration & Hôtellerie,Dogbo-Tota,+229 31 94 54 10,t.authentique@traiteurauthent.org.bj,traiteurauthentique.bj,PME (10-50),B2C,APIEx,,Actif,2026-06-29T00:22:55.116556,haute
BJ-54764D73,Hôtel Jardin Inn,Restauration & Hôtellerie,Dogbo-Tota,+229 43 85 91 81,h.jardin@gmail.com,hôteljardininn.bj,PME (10-50),B2C,APIEx,,Actif,2026-06-29T00:22:55.116595,haute
BJ-B1AE56C0,Continental Palace Dogbo-Tota,Restauration & Hôtellerie,Dogbo-Tota,+229 70 46 65 66,continental.palace@continentalpala.bj,continentalpalacedogbotota.bj,TPE (<10),B2C,APIEx,,Actif,2026-06-29T00:22:55.116635,haute
BJ-53C8BA54,Burger Café,Restauration & Hôtellerie,Dogbo-Tota,+229 91 43 52 94,b.café@burgercafé.org.bj,burgercafé.bj,Grande (>200),B2C,APIEx,,Actif,2026-06-29T00:22:55.116673,haute
BJ-3A769D9C,Village Bénin,Restauration & Hôtellerie,Dogbo-Tota,+229 48 51 93 65,,villagebénin.bj,TPE (<10),B2C,APIEx,,Actif,2026-06-29T00:22:55.116702,moyenne
BJ-300DA5FD,Palace Bénin,Restauration & Hôtellerie,Kpomassè,+229 99 94 76 80,,palacebénin.bj,PME (50-200),B2C,APIEx,,Actif,2026-06-29T00:22:55.116744,moyenne
BJ-38F47C51,Café Boulangerie,Restauration & Hôtellerie,Kpomassè,+229 70 97 89 15,caféboulangerie@caféboulangerie.org.bj,caféboulangerie.bj,PME (10-50),B2C,APIEx,,Actif,2026-06-29T00:22:55.116785,haute
BJ-4AC8C9EA,Palace Resort,Restauration & Hôtellerie,Kpomassè,+229 84 71 59 30,,palaceresort.bj,PME (50-200),B2C,APIEx,,Actif,2026-06-29T00:22:55.116849,moyenne
BJ-D69257CE,Glacier Restaurant,Restauration & Hôtellerie,Kpomassè,+229 36 25 70 41,glacier.restaurant@yahoo.com,glacierrestaurant.bj,TPE (<10),B2C,APIEx,,Actif,2026-06-29T00:22:55.116909,haute
BJ-EFE05C51,Burger International,Restauration & Hôtellerie,Tori-Bossito,+229 86 15 89 86,burger.international@burgerinternati.org.bj,burgerinternational.bj,TPE (<10),B2C,APIEx,,Actif,2026-06-29T00:22:55.116967,haute
BJ-3C79D715,Bar Lac Restaurant Tori-Bossito,Restauration & Hôtellerie,Tori-Bossito,+229 60 15 47 25,barlac@barlacrestauran.bj,barlacrestauranttoribossito.bj,TPE (<10),B2C,APIEx,,Actif,2026-06-29T00:22:55.117006,haute
BJ-CEF9C31E,Royal Bénin,Restauration & Hôtellerie,Tori-Bossito,+229 95 63 32 53,,,PME (10-50),B2C,APIEx,,Actif,2026-06-29T00:22:55.117033,basse
BJ-FB7ED1B4,Fast Salade,Restauration & Hôtellerie,Tori-Bossito,+229 68 62 21 26,fastsalade@fastsalade.com.bj,fastsalade.bj,TPE (<10),B2C,APIEx,,Actif,2026-06-29T00:22:55.117071,haute
BJ-7AEBD61E,Jardin Hotel,Restauration & Hôtellerie,Tori-Bossito,+229 87 96 24 11,,jardinhotel.bj,PME (10-50),B2C,APIEx,,Actif,2026-06-29T00:22:55.117098,moyenne
BJ-C63DB097,Cantine Tradition,Restauration & Hôtellerie,Grand-Popo,+229 86 98 79 89,cantine.tradition@yahoo.com,,Grande (>200),B2C,APIEx,,Actif,2026-06-29T00:22:55.117145,moyenne
BJ-61DFB67B,Traiteur Sushi,Restauration & Hôtellerie,Grand-Popo,+229 34 85 81 11,,,TPE (<10),B2C,APIEx,,Actif,2026-06-29T00:22:55.117172,basse
BJ-6BCCA3E3,Fast Grand International,Restauration & Hôtellerie,Grand-Popo,+229 90 11 44 31,fastgrand@yahoo.com,fastgrandinternational.bj,TPE (<10),B2C,APIEx,,Actif,2026-06-29T00:22:55.117212,haute
BJ-386D0581,Authentique Café,Restauration & Hôtellerie,Grand-Popo,+229 87 19 46 91,authentique.café@authentiquecafé.com.bj,authentiquecafé.bj,TPE (<10),B2C,APIEx,,Actif,2026-06-29T00:22:55.117257,haute
BJ-F66949F5,Café Pâtisserie,Restauration & Hôtellerie,Grand-Popo,+229 80 60 96 91,,cafépâtisserie.bj,Grande (>200),B2C,APIEx,,Actif,2026-06-29T00:22:55.117287,moyenne
BJ-72A0544C,Snack Pub Palace Athiémé,Restauration & Hôtellerie,Athiémé,+229 85 16 46 64,,,PME (10-50),B2C,APIEx,,Actif,2026-06-29T00:22:55.117328,basse
BJ-EE7FB8FB,Hôtel Nouveau Lodge,Restauration & Hôtellerie,Athiémé,+229 63 19 96 23,,hôtelnouveaulodge.bj,TPE (<10),B2C,APIEx,,Actif,2026-06-29T00:22:55.117357,moyenne
BJ-5029EF97,Hôtel Mer,Restauration & Hôtellerie,Athiémé,+229 48 85 66 69,hôtel_mer@hôtelmer.com.bj,,PME (50-200),B2C,APIEx,,Actif,2026-06-29T00:22:55.117395,moyenne
BJ-B5D03F60,Délice,Restauration & Hôtellerie,Athiémé,+229 52 85 29 79,,délice.bj,PME (10-50),B2C,APIEx,,Actif,2026-06-29T00:22:55.117424,moyenne
BJ-519033E5,Snack Pâtisserie Lodge,Restauration & Hôtellerie,Athiémé,+229 74 92 31 88,,snackpâtisserielodge.bj,TPE (<10),B2C,APIEx,,Actif,2026-06-29T00:22:55.117454,moyenne
BJ-3407DE2F,Café Délice,Restauration & Hôtellerie,Bopa,+229 95 51 37 17,cafédélice@gmail.com,cafédélice.bj,PME (10-50),B2C,APIEx,,Actif,2026-06-29T00:22:55.117505,haute
BJ-9F6A3F9F,Boulangerie Café,Restauration & Hôtellerie,Bopa,+229 48 92 23 61,b.café@yahoo.com,boulangeriecafé.bj,TPE (<10),B2C,APIEx,,Actif,2026-06-29T00:22:55.117544,haute
BJ-1CEC22F9,Bar Tacos,Restauration & Hôtellerie,Bopa,+229 32 35 11 69,bar.tacos@bartacos.com.bj,,Grande (>200),B2C,APIEx,,Actif,2026-06-29T00:22:55.117591,moyenne
BJ-010D38DF,Pizzeria Bopa,Restauration & Hôtellerie,Bopa,+229 98 22 48 49,pizzeriabopa@hotmail.com,pizzeriabopa.bj,TPE (<10),B2C,APIEx,,Actif,2026-06-29T00:22:55.117631,haute
BJ-2205E99D,Auberge Continental Resort,Restauration & Hôtellerie,Bopa,+229 43 42 89 15,auberge.continental@aubergecontinen.bj,aubergecontinentalresort.bj,TPE (<10),B2C,APIEx,,Actif,2026-06-29T00:22:55.117669,haute
BJ-64248411,Grill Resort,Restauration & Hôtellerie,Houéyogbé,+229 32 97 60 24,grill_resort@yahoo.fr,grillresort.bj,TPE (<10),B2C,APIEx,,Actif,2026-06-29T00:22:55.117730,haute
BJ-064E4F61,Bar Fusion Resort,Restauration & Hôtellerie,Houéyogbé,+229 52 54 37 46,,,TPE (<10),B2C,APIEx,,Actif,2026-06-29T00:22:55.117793,basse
BJ-ACD182CD,Saveur Village Houéyogbé,Restauration & Hôtellerie,Houéyogbé,+229 62 16 69 15,,saveurvillagehouéyogbé.bj,PME (10-50),B2C,APIEx,,Actif,2026-06-29T00:22:55.117822,moyenne
BJ-BDA92B8B,Snack Pub International,Restauration & Hôtellerie,Malanville,+229 29 19 13 53,,snackpubinternational.bj,Grande (>200),B2C,APIEx,,Actif,2026-06-29T00:22:55.117914,moyenne
BJ-FC0D4D50,Cantine Plaisir Village,Restauration & Hôtellerie,Malanville,+229 32 13 17 33,,cantineplaisirvillage.bj,TPE (<10),B2C,APIEx,,Actif,2026-06-29T00:22:55.117945,moyenne
BJ-52ADAD69,Fusion Restaurant,Restauration & Hôtellerie,Malanville,+229 83 69 74 37,,fusionrestaurant.bj,PME (50-200),B2C,APIEx,,Actif,2026-06-29T00:22:55.117977,moyenne
BJ-6C18E912,Saveurs,Restauration & Hôtellerie,Malanville,+229 95 64 74 27,saveurs@yahoo.com,saveurs.bj,Grande (>200),B2C,APIEx,,Actif,2026-06-29T00:22:55.118010,haute
BJ-842A7183,Traiteur Continental,Restauration & Hôtellerie,Malanville,+229 25 66 81 40,,traiteurcontinental.bj,PME (50-200),B2C,APIEx,,Actif,2026-06-29T00:22:55.118038,moyenne
BJ-41026385,Fast Authentique,Restauration & Hôtellerie,Kandi,+229 85 20 58 19,f.authentique@fastauthentique.bj,fastauthentique.bj,PME (10-50),B2C,APIEx,,Actif,2026-06-29T00:22:55.118087,haute
BJ-7F02E165,Village Lodge,Restauration & Hôtellerie,Kandi,+229 76 18 45 52,v.lodge@villagelodge.bj,,Grande (>200),B2C,APIEx,,Actif,2026-06-29T00:22:55.118125,moyenne
BJ-E3F9C93D,Traiteur Chocolaterie Resort,Restauration & Hôtellerie,Kandi,+229 25 90 38 60,traiteurchocolaterie@traiteurchocola.bj,traiteurchocolaterieresort.bj,PME (50-200),B2C,APIEx,,Actif,2026-06-29T00:22:55.118170,haute
BJ-C39AF9E6,Bar Table Kandi,Restauration & Hôtellerie,Kandi,+229 90 16 61 47,,bartablekandi.bj,TPE (<10),B2C,APIEx,,Actif,2026-06-29T00:22:55.118200,moyenne
BJ-CEB5C25F,Local Resort,Restauration & Hôtellerie,Banikoara,+229 60 96 67 33,local.resort@yahoo.fr,,PME (10-50),B2C,APIEx,,Actif,2026-06-29T00:22:55.118280,moyenne
BJ-62E64C5E,Burger Café Banikoara,Restauration & Hôtellerie,Banikoara,+229 56 47 23 92,burgercafé@burgercafébanik.com.bj,burgercafébanikoara.bj,PME (50-200),B2C,APIEx,,Actif,2026-06-29T00:22:55.118322,haute
BJ-AB4DBFE7,Sandwich Brasserie Banikoara,Restauration & Hôtellerie,Banikoara,+229 73 13 75 73,sandwichbrasserie@yahoo.fr,sandwichbrasseriebanikoara.bj,TPE (<10),B2C,APIEx,,Actif,2026-06-29T00:22:55.118364,haute
BJ-FABE68DD,Tacos,Restauration & Hôtellerie,Banikoara,+229 89 95 84 80,,tacos.bj,PME (50-200),B2C,APIEx,,Actif,2026-06-29T00:22:55.118425,moyenne
BJ-54173906,Discothèque,Restauration & Hôtellerie,Ségbana,+229 55 87 32 59,discothèque@discothèque.org.bj,,PME (50-200),B2C,APIEx,,Actif,2026-06-29T00:22:55.118473,moyenne
BJ-7E2C817F,Sandwich,Restauration & Hôtellerie,Ségbana,+229 56 24 33 22,sandwich@gmail.com,sandwich.bj,PME (10-50),B2C,APIEx,,Actif,2026-06-29T00:22:55.118505,haute
BJ-EB7F65B7,Hôtel Tacos Lodge,Restauration & Hôtellerie,Ségbana,+229 23 10 57 90,,hôteltacoslodge.bj,PME (10-50),B2C,APIEx,,Actif,2026-06-29T00:22:55.118535,moyenne
BJ-41EA81B1,Traiteur Sushi,Restauration & Hôtellerie,Ségbana,+229 34 28 27 76,,,PME (50-200),B2C,APIEx,,Actif,2026-06-29T00:22:55.118561,basse
BJ-6E522B4E,Fast Jardin,Restauration & Hôtellerie,Ségbana,+229 36 36 32 32,f.jardin@fastjardin.com.bj,fastjardin.bj,PME (10-50),B2C,APIEx,,Actif,2026-06-29T00:22:55.118599,haute
BJ-285B1A4C,Hôtel Grill Resort,Restauration & Hôtellerie,Karimama,+229 83 40 11 25,hôtel.grill@hotmail.com,hôtelgrillresort.bj,PME (10-50),B2C,APIEx,,Actif,2026-06-29T00:22:55.118652,haute
BJ-7FACCB62,Café Grill Palace,Restauration & Hôtellerie,Karimama,+229 42 33 26 37,,,TPE (<10),B2C,APIEx,,Actif,2026-06-29T00:22:55.118738,basse
BJ-4F637787,Salade Karimama,Restauration & Hôtellerie,Karimama,+229 71 78 32 24,,,Grande (>200),B2C,APIEx,,Actif,2026-06-29T00:22:55.118765,basse
BJ-9FC2D839,Snack Goût,Restauration & Hôtellerie,Karimama,+229 88 55 14 96,snack_goût@gmail.com,snackgoût.bj,Grande (>200),B2C,APIEx,,Actif,2026-06-29T00:22:55.118805,haute
BJ-9432976D,Restaurant Glacier Lodge,Restauration & Hôtellerie,Gogounou,+229 42 25 57 62,restaurant.glacier@restaurantglaci.org.bj,restaurantglacierlodge.bj,PME (50-200),B2C,APIEx,,Actif,2026-06-29T00:22:55.118857,haute
BJ-821E3F8D,Local,Restauration & Hôtellerie,Gogounou,+229 57 29 98 60,local@local.bj,,TPE (<10),B2C,APIEx,,Actif,2026-06-29T00:22:55.118906,moyenne
BJ-2F19B701,Local Lodge,Restauration & Hôtellerie,Gogounou,+229 99 67 79 61,locallodge@hotmail.com,,PME (50-200),B2C,APIEx,,Actif,2026-06-29T00:22:55.118953,moyenne
BJ-64C0EF45,Brasserie Africain,Restauration & Hôtellerie,Gogounou,+229 62 54 21 43,brasserieafricain@yahoo.fr,brasserieafricain.bj,TPE (<10),B2C,APIEx,,Actif,2026-06-29T00:22:55.119022,haute
BJ-561313CA,Auberge Chocolaterie,Restauration & Hôtellerie,Cobly,+229 61 54 84 61,a.chocolaterie@yahoo.com,,PME (10-50),B2C,APIEx,,Actif,2026-06-29T00:22:55.119152,moyenne
BJ-FD90C6A0,Saveur Café,Restauration & Hôtellerie,Cobly,+229 56 96 16 48,saveurcafé@saveurcafé.org.bj,saveurcafé.bj,PME (10-50),B2C,APIEx,,Actif,2026-06-29T00:22:55.119241,haute
BJ-A568DDF6,Salade,Restauration & Hôtellerie,Cobly,+229 65 90 33 74,,salade.bj,Grande (>200),B2C,APIEx,,Actif,2026-06-29T00:22:55.119332,moyenne
BJ-8B34946B,Snack Africain Resort,Restauration & Hôtellerie,Cobly,+229 42 65 30 71,snack.africain@snackafricainre.com.bj,snackafricainresort.bj,TPE (<10),B2C,APIEx,,Actif,2026-06-29T00:22:55.119422,haute
BJ-3C2A12E7,Food Gourmet Village Tanguiéta,Restauration & Hôtellerie,Tanguiéta,+229 62 16 19 53,food_gourmet@gmail.com,foodgourmetvillagetanguiéta.bj,TPE (<10),B2C,APIEx,,Actif,2026-06-29T00:22:55.119566,haute
BJ-81D390B7,Burger,Restauration & Hôtellerie,Tanguiéta,+229 73 88 25 18,burger@burger.bj,burger.bj,TPE (<10),B2C,APIEx,,Actif,2026-06-29T00:22:55.119620,haute
BJ-EA385590,Food Fusion International,Restauration & Hôtellerie,Tanguiéta,+229 92 56 13 26,food.fusion@hotmail.com,,Grande (>200),B2C,APIEx,,Actif,2026-06-29T00:22:55.119703,moyenne
BJ-CA7E389A,Authentique,Restauration & Hôtellerie,Tanguiéta,+229 76 81 52 26,authentique@yahoo.fr,authentique.bj,PME (10-50),B2C,APIEx,,Actif,2026-06-29T00:22:55.119752,haute
BJ-D81E0B32,Village Palace,Restauration & Hôtellerie,Tanguiéta,+229 62 89 35 95,villagepalace@villagepalace.bj,villagepalace.bj,TPE (<10),B2C,APIEx,,Actif,2026-06-29T00:22:55.119808,haute
BJ-5EC07D91,Plage Village,Restauration & Hôtellerie,Matéri,+229 97 89 24 64,,plagevillage.bj,PME (10-50),B2C,APIEx,,Actif,2026-06-29T00:22:55.119883,moyenne
BJ-6034A659,Pension Table,Restauration & Hôtellerie,Matéri,+229 48 21 77 28,pensiontable@pensiontable.bj,pensiontable.bj,PME (50-200),B2C,APIEx,,Actif,2026-06-29T00:22:55.120003,haute
BJ-ED8619D7,Palace,Restauration & Hôtellerie,Matéri,+229 20 71 72 19,,palace.bj,Grande (>200),B2C,APIEx,,Actif,2026-06-29T00:22:55.120066,moyenne
BJ-D30CD59C,Discothèque Brasserie,Restauration & Hôtellerie,Matéri,+229 41 45 52 44,d.brasserie@discothèquebras.org.bj,discothèquebrasserie.bj,PME (10-50),B2C,APIEx,,Actif,2026-06-29T00:22:55.120151,haute
BJ-F75E111A,Food Jardin,Restauration & Hôtellerie,Natitingou,+229 92 31 47 45,food_jardin@hotmail.com,foodjardin.bj,PME (10-50),B2C,APIEx,,Actif,2026-06-29T00:22:55.120209,haute
BJ-C8153F50,Chocolaterie,Restauration & Hôtellerie,Natitingou,+229 46 89 77 67,chocolaterie@yahoo.fr,chocolaterie.bj,TPE (<10),B2C,APIEx,,Actif,2026-06-29T00:22:55.120251,haute
BJ-C0C01787,Traiteur Délice,Restauration & Hôtellerie,Natitingou,+229 70 56 96 69,t.délice@traiteurdélice.com.bj,traiteurdélice.bj,PME (50-200),B2C,APIEx,,Actif,2026-06-29T00:22:55.120294,haute
BJ-7C8551A8,Sushi,Restauration & Hôtellerie,Natitingou,+229 60 76 93 13,sushi@sushi.com.bj,sushi.bj,TPE (<10),B2C,APIEx,,Actif,2026-06-29T00:22:55.120328,haute
BJ-B54AD993,Authentique Resort,Restauration & Hôtellerie,Natitingou,+229 24 10 49 75,,authentiqueresort.bj,PME (50-200),B2C,APIEx,,Actif,2026-06-29T00:22:55.120357,moyenne
BJ-BDBB4EC6,Fast Karaoke Village,Restauration & Hôtellerie,Toucountouna,+229 66 18 96 94,,fastkaraokevillage.bj,PME (10-50),B2C,APIEx,,Actif,2026-06-29T00:22:55.120401,moyenne
BJ-A8142941,Fusion Toucountouna,Restauration & Hôtellerie,Toucountouna,+229 96 16 14 63,fusion.toucountouna@fusiontoucounto.org.bj,fusiontoucountouna.bj,Grande (>200),B2C,APIEx,,Actif,2026-06-29T00:22:55.120446,haute
BJ-EF343142,Pâtisserie Lodge Toucountouna,Restauration & Hôtellerie,Toucountouna,+229 32 15 23 56,p.lodge@hotmail.com,pâtisserielodgetoucountouna.bj,TPE (<10),B2C,APIEx,,Actif,2026-06-29T00:22:55.120492,haute
BJ-06E8112A,Pub Bénin,Restauration & Hôtellerie,Toucountouna,+229 45 33 16 68,,pubbénin.bj,TPE (<10),B2C,APIEx,,Actif,2026-06-29T00:22:55.120522,moyenne
BJ-1D3C0B8C,Brasserie Pizzeria,Restauration & Hôtellerie,Toucountouna,+229 94 57 92 85,brasserie_pizzeria@brasseriepizzer.com.bj,brasseriepizzeria.bj,TPE (<10),B2C,APIEx,,Actif,2026-06-29T00:22:55.120559,haute
BJ-4C960292,Brasserie Bénin,Restauration & Hôtellerie,Boukoumbé,+229 63 81 42 92,,brasseriebénin.bj,PME (10-50),B2C,APIEx,,Actif,2026-06-29T00:22:55.120599,moyenne
BJ-3D1680D2,Food Gourmet Spa,Restauration & Hôtellerie,Boukoumbé,+229 27 87 59 15,food_gourmet@yahoo.fr,,PME (50-200),B2C,APIEx,,Actif,2026-06-29T00:22:55.120634,moyenne
BJ-D4ED6BCD,Brasserie Goût Palace,Restauration & Hôtellerie,Boukoumbé,+229 73 93 67 11,,,PME (10-50),B2C,APIEx,,Actif,2026-06-29T00:22:55.120660,basse
BJ-9CBDBA86,Bistro,Restauration & Hôtellerie,Boukoumbé,+229 87 12 74 15,bistro@bistro.bj,bistro.bj,TPE (<10),B2C,APIEx,,Actif,2026-06-29T00:22:55.120691,haute
BJ-B3DABCD3,Authentique Palace,Restauration & Hôtellerie,Kouandé,+229 76 13 96 25,,authentiquepalace.bj,TPE (<10),B2C,APIEx,,Actif,2026-06-29T00:22:55.120765,moyenne
BJ-E6A4963B,Restaurant Pizzeria,Restauration & Hôtellerie,Kouandé,+229 89 67 15 46,restaurant.pizzeria@restaurantpizze.org.bj,restaurantpizzeria.bj,TPE (<10),B2C,APIEx,,Actif,2026-06-29T00:22:55.120801,haute
BJ-EAC04786,Plaisir,Restauration & Hôtellerie,Kouandé,+229 62 39 68 31,plaisir@yahoo.com,plaisir.bj,PME (50-200),B2C,APIEx,,Actif,2026-06-29T00:22:55.120863,haute
BJ-FFE6ECFF,Snack Grand Péhunco,Restauration & Hôtellerie,Péhunco,+229 20 34 16 37,,snackgrandpéhunco.bj,TPE (<10),B2C,APIEx,,Actif,2026-06-29T00:22:55.120965,moyenne
BJ-5DC8EC2A,Salade Lodge,Restauration & Hôtellerie,Péhunco,+229 91 28 79 76,,,PME (10-50),B2C,APIEx,,Actif,2026-06-29T00:22:55.120992,basse
BJ-5BD7B5A1,Authentique Lodge,Restauration & Hôtellerie,Péhunco,+229 53 96 50 97,authentique.lodge@authentiquelodg.org.bj,authentiquelodge.bj,TPE (<10),B2C,APIEx,,Actif,2026-06-29T00:22:55.121029,haute
BJ-FF8AE140,Brasserie Table,Restauration & Hôtellerie,Péhunco,+229 88 34 39 13,b.table@hotmail.com,brasserietable.bj,TPE (<10),B2C,APIEx,,Actif,2026-06-29T00:22:55.121065,haute
BJ-61014E34,Traiteur Pizzeria Bénin,Restauration & Hôtellerie,Péhunco,+229 31 19 86 72,traiteur.pizzeria@yahoo.com,traiteurpizzeriabénin.bj,PME (10-50),B2C,APIEx,,Actif,2026-06-29T00:22:55.121105,haute
BJ-AAA171C6,Cantine Authentique,Restauration & Hôtellerie,Tchaourou,+229 69 22 71 84,cantineauthentique@yahoo.fr,cantineauthentique.bj,PME (50-200),B2C,APIEx,,Actif,2026-06-29T00:22:55.121151,haute
BJ-F36D8506,Karaoke Hotel,Restauration & Hôtellerie,Tchaourou,+229 97 78 76 79,k.hotel@gmail.com,,TPE (<10),B2C,APIEx,,Actif,2026-06-29T00:22:55.121185,moyenne
BJ-EFBF7129,Chocolaterie Lodge Tchaourou,Restauration & Hôtellerie,Tchaourou,+229 75 69 13 51,chocolaterielodge@chocolaterielod.com.bj,chocolaterielodgetchaourou.bj,TPE (<10),B2C,APIEx,,Actif,2026-06-29T00:22:55.121249,haute
BJ-D1935F6D,Fast Africain,Restauration & Hôtellerie,Tchaourou,+229 45 17 89 60,fast.africain@fastafricain.org.bj,,TPE (<10),B2C,APIEx,,Actif,2026-06-29T00:22:55.121284,moyenne
BJ-617EE20F,Pension Palace,Restauration & Hôtellerie,Nikki,+229 45 60 68 18,,pensionpalace.bj,TPE (<10),B2C,APIEx,,Actif,2026-06-29T00:22:55.121328,moyenne
BJ-BB4D8970,Restaurant Pub Palace,Restauration & Hôtellerie,Nikki,+229 48 90 84 61,,restaurantpubpalace.bj,PME (10-50),B2C,APIEx,,Actif,2026-06-29T00:22:55.121358,moyenne
BJ-180AD694,Hôtel International Lodge,Restauration & Hôtellerie,Nikki,+229 46 33 83 12,h.international@gmail.com,hôtelinternationallodge.bj,PME (10-50),B2C,APIEx,,Actif,2026-06-29T00:22:55.121398,haute
BJ-352EC106,Gourmet Café,Restauration & Hôtellerie,Nikki,+229 81 31 86 92,,,PME (10-50),B2C,APIEx,,Actif,2026-06-29T00:22:55.121463,basse
BJ-CEB176E6,Fast Plaisir,Restauration & Hôtellerie,Bembéréké,+229 59 38 27 83,fastplaisir@fastplaisir.com.bj,fastplaisir.bj,PME (50-200),B2C,APIEx,,Actif,2026-06-29T00:22:55.121517,haute
BJ-A697C2F1,Auberge Jardin International,Restauration & Hôtellerie,Bembéréké,+229 82 89 58 18,aubergejardin@aubergejardinin.org.bj,aubergejardininternational.bj,PME (50-200),B2C,APIEx,,Actif,2026-06-29T00:22:55.121602,haute
BJ-CBAA6366,Hôtel Discothèque Spa,Restauration & Hôtellerie,Bembéréké,+229 94 27 20 27,hôtel.discothèque@hôteldiscothèqu.bj,,PME (10-50),B2C,APIEx,,Actif,2026-06-29T00:22:55.121646,moyenne
BJ-6F8C27DA,Bistro,Restauration & Hôtellerie,Bembéréké,+229 83 79 91 50,,bistro.bj,PME (10-50),B2C,APIEx,,Actif,2026-06-29T00:22:55.121673,moyenne
BJ-D84A5B21,Cantine Plaisir Restaurant Kalalé,Restauration & Hôtellerie,Kalalé,+229 26 81 67 76,cantineplaisir@cantineplaisirr.com.bj,cantineplaisirrestaurantkalalé.bj,Grande (>200),B2C,APIEx,,Actif,2026-06-29T00:22:55.121722,haute
BJ-400E363A,Sushi Kalalé,Restauration & Hôtellerie,Kalalé,+229 67 21 23 95,sushikalalé@sushikalalé.bj,sushikalalé.bj,TPE (<10),B2C,APIEx,,Actif,2026-06-29T00:22:55.121761,haute
BJ-826E952B,Burger Kalalé,Restauration & Hôtellerie,Kalalé,+229 50 29 28 82,,burgerkalalé.bj,PME (10-50),B2C,APIEx,,Actif,2026-06-29T00:22:55.121790,moyenne
BJ-CEA99C5E,Fusion Lodge,Restauration & Hôtellerie,Kalalé,+229 38 38 81 47,fusion.lodge@outlook.com,fusionlodge.bj,TPE (<10),B2C,APIEx,,Actif,2026-06-29T00:22:55.121824,haute
BJ-10900F41,Détente,Restauration & Hôtellerie,Kalalé,+229 30 33 46 43,détente@outlook.com,,PME (50-200),B2C,APIEx,,Actif,2026-06-29T00:22:55.121855,moyenne
BJ-A012570E,Pension Continental Spa,Restauration & Hôtellerie,Ndali,+229 76 87 22 48,pension.continental@hotmail.com,,TPE (<10),B2C,APIEx,,Actif,2026-06-29T00:22:55.121918,moyenne
BJ-71AB12CE,Restaurant Table Lodge,Restauration & Hôtellerie,Ndali,+229 48 17 54 83,restaurant.table@outlook.com,restauranttablelodge.bj,PME (10-50),B2C,APIEx,,Actif,2026-06-29T00:22:55.121956,haute
BJ-6390A66D,Food Chocolaterie Brasserie,Restauration & Hôtellerie,Ndali,+229 60 42 38 52,foodchocolaterie@foodchocolateri.org.bj,foodchocolateriebrasserie.bj,TPE (<10),B2C,APIEx,,Actif,2026-06-29T00:22:55.121999,haute
BJ-2DEBB4DA,Lac Resort Ndali,Restauration & Hôtellerie,Ndali,+229 82 62 23 25,,,TPE (<10),B2C,APIEx,,Actif,2026-06-29T00:22:55.122026,basse
BJ-68D7F458,Grill Café Ndali,Restauration & Hôtellerie,Ndali,+229 81 94 38 17,,grillcaféndali.bj,PME (50-200),B2C,APIEx,,Actif,2026-06-29T00:22:55.122056,moyenne
BJ-208E099C,Local International,Restauration & Hôtellerie,Ségbana,+229 34 23 10 34,,localinternational.bj,PME (10-50),B2C,APIEx,,Actif,2026-06-29T00:22:55.122100,moyenne
BJ-E518127B,Authentique Inn Ségbana,Restauration & Hôtellerie,Ségbana,+229 72 77 24 46,authentiqueinn@gmail.com,,PME (10-50),B2C,APIEx,,Actif,2026-06-29T00:22:55.122148,moyenne
BJ-F752C1D7,Restaurant Continental Bénin,Restauration & Hôtellerie,Ségbana,+229 27 20 93 28,r.continental@restaurantconti.org.bj,,TPE (<10),B2C,APIEx,,Actif,2026-06-29T00:22:55.122185,moyenne
BJ-54713F7C,Pension Royal Café Ségbana,Restauration & Hôtellerie,Ségbana,+229 75 98 40 42,pension.royal@yahoo.com,pensionroyalcaféségbana.bj,Grande (>200),B2C,APIEx,,Actif,2026-06-29T00:22:55.122221,haute
BJ-BC3FF997,Restaurant Saveurs Ségbana,Restauration & Hôtellerie,Ségbana,+229 53 57 24 14,restaurant.saveurs@hotmail.com,restaurantsaveursségbana.bj,TPE (<10),B2C,APIEx,,Actif,2026-06-29T00:22:55.122253,haute
BJ-6ECFCC1E,Traiteur Pizzeria International,Restauration & Hôtellerie,Tchaourou,+229 72 99 11 10,traiteur.pizzeria@gmail.com,traiteurpizzeriainternational.bj,PME (50-200),B2C,APIEx,,Actif,2026-06-29T00:22:55.122340,haute
BJ-6D4498F4,Traiteur Continental,Restauration & Hôtellerie,Tchaourou,+229 66 41 80 39,,traiteurcontinental.bj,TPE (<10),B2C,APIEx,,Actif,2026-06-29T00:22:55.122371,moyenne
BJ-F1EEB781,Food Authentique Village,Restauration & Hôtellerie,Tchaourou,+229 23 74 38 12,,foodauthentiquevillage.bj,TPE (<10),B2C,APIEx,,Actif,2026-06-29T00:22:55.122400,moyenne
BJ-5560091E,Cantine Salade Palace,Restauration & Hôtellerie,Tchaourou,+229 85 32 79 17,c.salade@cantinesaladepa.bj,cantinesaladepalace.bj,TPE (<10),B2C,APIEx,,Actif,2026-06-29T00:22:55.122437,haute
BJ-90F7BC0A,Fast Lounge Village,Restauration & Hôtellerie,Bétérou,+229 96 42 19 69,fastlounge@fastloungevilla.com.bj,fastloungevillage.bj,TPE (<10),B2C,APIEx,,Actif,2026-06-29T00:22:55.122485,haute
BJ-76F272BA,Pension Tacos Brasserie,Restauration & Hôtellerie,Bétérou,+229 52 52 86 80,pension_tacos@pensiontacosbra.com.bj,pensiontacosbrasserie.bj,Grande (>200),B2C,APIEx,,Actif,2026-06-29T00:22:55.122521,haute
BJ-D7342780,Snack Bistro Spa,Restauration & Hôtellerie,Bétérou,+229 72 66 73 46,s.bistro@snackbistrospa.bj,snackbistrospa.bj,PME (10-50),B2C,APIEx,,Actif,2026-06-29T00:22:55.122563,haute
BJ-96E9AB0A,Traiteur Lounge,Restauration & Hôtellerie,Bétérou,+229 87 21 55 65,,,Grande (>200),B2C,APIEx,,Actif,2026-06-29T00:22:55.122595,basse
BJ-CE76A728,Café Bistro Palace,Restauration & Hôtellerie,Bétérou,+229 32 17 31 13,c.bistro@hotmail.com,cafébistropalace.bj,TPE (<10),B2C,APIEx,,Actif,2026-06-29T00:22:55.122632,haute
BJ-D243797B,Food Tradition,Restauration & Hôtellerie,Ouessè,+229 23 19 39 64,food_tradition@yahoo.com,foodtradition.bj,TPE (<10),B2C,APIEx,,Actif,2026-06-29T00:22:55.122683,haute
BJ-D17648E7,Brasserie Fusion,Restauration & Hôtellerie,Ouessè,+229 49 85 59 45,brasserie.fusion@brasseriefusion.com.bj,brasseriefusion.bj,TPE (<10),B2C,APIEx,,Actif,2026-06-29T00:22:55.122719,haute
BJ-58581802,Café Royal Café Ouessè,Restauration & Hôtellerie,Ouessè,+229 98 48 96 98,café.royal@yahoo.com,,Grande (>200),B2C,APIEx,,Actif,2026-06-29T00:22:55.122753,moyenne
BJ-4407362C,Saveur International,Restauration & Hôtellerie,Ouessè,+229 31 22 64 72,saveur.international@saveurinternati.bj,saveurinternational.bj,PME (10-50),B2C,APIEx,,Actif,2026-06-29T00:22:55.122789,haute
BJ-FE38362B,Fusion Lodge,Restauration & Hôtellerie,Ouessè,+229 28 19 78 12,fusion.lodge@fusionlodge.org.bj,fusionlodge.bj,TPE (<10),B2C,APIEx,,Actif,2026-06-29T00:22:55.122823,haute
BJ-A767B88F,Brasserie Glazoué,Restauration & Hôtellerie,Glazoué,+229 75 28 76 30,brasserieglazoué@gmail.com,brasserieglazoué.bj,PME (50-200),B2C,APIEx,,Actif,2026-06-29T00:22:55.122871,haute
BJ-E9C6B9EC,Continental Glazoué,Restauration & Hôtellerie,Glazoué,+229 43 77 28 71,continentalglazoué@outlook.com,,PME (10-50),B2C,APIEx,,Actif,2026-06-29T00:22:55.122924,moyenne
BJ-F04706D8,Pâtisserie International,Restauration & Hôtellerie,Glazoué,+229 56 61 95 79,pâtisserieinternational@pâtisserieinter.com.bj,pâtisserieinternational.bj,PME (10-50),B2C,APIEx,,Actif,2026-06-29T00:22:55.122949,haute
BJ-B794B50A,Saveur,Restauration & Hôtellerie,Glazoué,+229 24 56 29 80,saveur@outlook.com,saveur.bj,PME (10-50),B2C,APIEx,,Actif,2026-06-29T00:22:55.122964,haute
BJ-63A0B148,Goût International,Restauration & Hôtellerie,Glazoué,+229 96 25 47 66,,goûtinternational.bj,Grande (>200),B2C,APIEx,,Actif,2026-06-29T00:22:55.122978,moyenne
BJ-4C7885DF,Plage Hotel,Restauration & Hôtellerie,Dassa-Zoumè,+229 85 88 77 68,plagehotel@hotmail.com,plagehotel.bj,PME (10-50),B2C,APIEx,,Actif,2026-06-29T00:22:55.123003,haute
BJ-28B6B141,Cantine Glacier International Dassa-Zoumè,Restauration & Hôtellerie,Dassa-Zoumè,+229 81 68 41 70,cantine_glacier@outlook.com,,PME (50-200),B2C,APIEx,,Actif,2026-06-29T00:22:55.123022,moyenne
BJ-CF9F5D33,Hôtel Discothèque,Restauration & Hôtellerie,Dassa-Zoumè,+229 32 56 89 89,hôteldiscothèque@hôteldiscothèqu.bj,,TPE (<10),B2C,APIEx,,Actif,2026-06-29T00:22:55.123044,moyenne
BJ-23843FFA,Hôtel Délice Restaurant,Restauration & Hôtellerie,Dassa-Zoumè,+229 24 19 42 96,h.délice@gmail.com,,PME (50-200),B2C,APIEx,,Actif,2026-06-29T00:22:55.123062,moyenne
BJ-03D555F0,Karaoke,Restauration & Hôtellerie,Dassa-Zoumè,+229 25 47 41 65,karaoke@karaoke.com.bj,karaoke.bj,PME (50-200),B2C,APIEx,,Actif,2026-06-29T00:22:55.123077,haute
BJ-2F22B22B,Auberge Brasserie Resort Savalou,Restauration & Hôtellerie,Savalou,+229 46 14 19 75,a.brasserie@hotmail.com,,TPE (<10),B2C,APIEx,,Actif,2026-06-29T00:22:55.123120,moyenne
BJ-833BDCD0,Cantine Sushi Café Savalou,Restauration & Hôtellerie,Savalou,+229 96 63 48 31,cantine.sushi@gmail.com,,PME (50-200),B2C,APIEx,,Actif,2026-06-29T00:22:55.123139,moyenne
BJ-BD4B3F7E,Cantine Sushi Brasserie,Restauration & Hôtellerie,Savalou,+229 68 99 11 56,,cantinesushibrasserie.bj,PME (10-50),B2C,APIEx,,Actif,2026-06-29T00:22:55.123152,moyenne
BJ-563D38BE,Ambiance Palace Savalou,Restauration & Hôtellerie,Savalou,+229 90 52 73 95,ambiancepalace@hotmail.com,ambiancepalacesavalou.bj,PME (10-50),B2C,APIEx,,Actif,2026-06-29T00:22:55.123193,haute
BJ-357C85EF,Local Spa Bantè,Restauration & Hôtellerie,Bantè,+229 87 27 41 61,local.spa@localspabantè.com.bj,localspabantè.bj,TPE (<10),B2C,APIEx,,Actif,2026-06-29T00:22:55.123233,haute
BJ-8326ED32,Food International Palace,Restauration & Hôtellerie,Bantè,+229 41 55 46 15,food.international@outlook.com,foodinternationalpalace.bj,Grande (>200),B2C,APIEx,,Actif,2026-06-29T00:22:55.123252,haute
BJ-D5AB7044,Food Continental Café,Restauration & Hôtellerie,Bantè,+229 53 88 91 89,food.continental@outlook.com,foodcontinentalcafé.bj,PME (10-50),B2C,APIEx,,Actif,2026-06-29T00:22:55.123274,haute
BJ-38A52170,Traiteur Village,Restauration & Hôtellerie,Bantè,+229 72 54 64 61,traiteur.village@hotmail.com,traiteurvillage.bj,PME (10-50),B2C,APIEx,,Actif,2026-06-29T00:22:55.123291,haute
BJ-2F2630CA,Cantine Continental,Restauration & Hôtellerie,Bantè,+229 87 59 99 83,cantine.continental@yahoo.fr,cantinecontinental.bj,Grande (>200),B2C,APIEx,,Actif,2026-06-29T00:22:55.123307,haute
BJ-289DBBAF,Saveurs Hotel Djougou,Restauration & Hôtellerie,Djougou,+229 90 46 43 97,s.hotel@outlook.com,,TPE (<10),B2C,APIEx,,Actif,2026-06-29T00:22:55.123330,moyenne
BJ-BD38ED83,Nouveau International,Restauration & Hôtellerie,Djougou,+229 80 57 19 37,nouveau.international@hotmail.com,,Grande (>200),B2C,APIEx,,Actif,2026-06-29T00:22:55.123345,moyenne
BJ-3A4F4C25,Restaurant Mer Spa Djougou,Restauration & Hôtellerie,Djougou,+229 51 31 80 81,restaurant.mer@restaurantmersp.bj,restaurantmerspadjougou.bj,PME (50-200),B2C,APIEx,,Actif,2026-06-29T00:22:55.123363,haute
BJ-C9AA14C1,Hôtel Goût,Restauration & Hôtellerie,Djougou,+229 51 68 35 92,hôtel.goût@yahoo.fr,,TPE (<10),B2C,APIEx,,Actif,2026-06-29T00:22:55.123381,moyenne
BJ-538E6ACB,Pension Grill Spa,Restauration & Hôtellerie,Djougou,+229 38 15 92 46,pension.grill@hotmail.com,pensiongrillspa.bj,TPE (<10),B2C,APIEx,,Actif,2026-06-29T00:22:55.123397,haute
BJ-534B97CF,Traiteur Tradition,Restauration & Hôtellerie,Ouèssè,+229 27 87 28 62,t.tradition@traiteurtraditi.bj,traiteurtradition.bj,TPE (<10),B2C,APIEx,,Actif,2026-06-29T00:22:55.123424,haute
BJ-91BF80AE,Tradition Spa,Restauration & Hôtellerie,Ouèssè,+229 89 32 11 89,tradition.spa@gmail.com,,Grande (>200),B2C,APIEx,,Actif,2026-06-29T00:22:55.123442,moyenne
BJ-6FC17F23,Hôtel Authentique Inn Ouèssè,Restauration & Hôtellerie,Ouèssè,+229 52 65 70 99,hôtel.authentique@hôtelauthentiqu.com.bj,hôtelauthentiqueinnouèssè.bj,PME (10-50),B2C,APIEx,,Actif,2026-06-29T00:22:55.123464,haute
BJ-46C9F1B8,Brasserie Grand,Restauration & Hôtellerie,Ouèssè,+229 43 60 29 55,,brasseriegrand.bj,TPE (<10),B2C,APIEx,,Actif,2026-06-29T00:22:55.123492,moyenne
BJ-EE012F0B,Brasserie Local,Restauration & Hôtellerie,Bassila,+229 29 71 86 30,brasserie.local@brasserielocal.org.bj,brasserielocal.bj,PME (50-200),B2C,APIEx,,Actif,2026-06-29T00:22:55.123515,haute
BJ-995C895F,Traiteur Saveurs,Restauration & Hôtellerie,Bassila,+229 78 40 52 65,t.saveurs@hotmail.com,traiteursaveurs.bj,TPE (<10),B2C,APIEx,,Actif,2026-06-29T00:22:55.123531,haute
BJ-C089E0E7,Palace Palace,Restauration & Hôtellerie,Bassila,+229 79 37 52 10,palace.palace@hotmail.com,palacepalace.bj,PME (10-50),B2C,APIEx,,Actif,2026-06-29T00:22:55.123546,haute
BJ-29E14BFC,Café Nouveau,Restauration & Hôtellerie,Bassila,+229 31 47 66 38,c.nouveau@yahoo.fr,cafénouveau.bj,TPE (<10),B2C,APIEx,,Actif,2026-06-29T00:22:55.123563,haute
BJ-4033A1C0,Lounge Palace Bassila,Restauration & Hôtellerie,Bassila,+229 44 75 29 44,l.palace@loungepalacebas.com.bj,loungepalacebassila.bj,PME (10-50),B2C,APIEx,,Actif,2026-06-29T00:22:55.123579,haute
BJ-BCC30E15,Gourmet Palace,Restauration & Hôtellerie,Pehunco,+229 77 43 45 25,gourmetpalace@gmail.com,gourmetpalace.bj,TPE (<10),B2C,APIEx,,Actif,2026-06-29T00:22:55.123601,haute
BJ-1075A5CB,Café Discothèque Café,Restauration & Hôtellerie,Pehunco,+229 71 22 52 24,c.discothèque@cafédiscothèque.bj,,PME (10-50),B2C,APIEx,,Actif,2026-06-29T00:22:55.123622,moyenne
BJ-BC6A0206,Continental Brasserie,Restauration & Hôtellerie,Pehunco,+229 81 23 44 73,continentalbrasserie@gmail.com,continentalbrasserie.bj,TPE (<10),B2C,APIEx,,Actif,2026-06-29T00:22:55.123642,haute
BJ-9085083B,Lounge Lodge,Restauration & Hôtellerie,Pehunco,+229 27 66 78 95,loungelodge@loungelodge.com.bj,loungelodge.bj,TPE (<10),B2C,APIEx,,Actif,2026-06-29T00:22:55.123667,haute
BJ-6E1F54C3,Snack Ambiance International,Restauration & Hôtellerie,Pehunco,+229 45 67 40 66,s.ambiance@snackambiancein.bj,snackambianceinternational.bj,PME (10-50),B2C,APIEx,,Actif,2026-06-29T00:22:55.123683,haute
BJ-1904CC63,Pub Palace,Restauration & Hôtellerie,Copargo,+229 50 29 21 93,,pubpalace.bj,Grande (>200),B2C,APIEx,,Actif,2026-06-29T00:22:55.123703,moyenne
BJ-3DC2BD7F,Bar Grand,Restauration & Hôtellerie,Copargo,+229 56 69 46 90,bargrand@bargrand.org.bj,,PME (10-50),B2C,APIEx,,Actif,2026-06-29T00:22:55.123719,moyenne
BJ-3723C670,Karaoke Restaurant,Restauration & Hôtellerie,Copargo,+229 33 51 51 21,,karaokerestaurant.bj,PME (10-50),B2C,APIEx,,Actif,2026-06-29T00:22:55.123731,moyenne
BJ-615075DE,Café Ambiance Hotel,Restauration & Hôtellerie,Copargo,+229 93 60 13 33,c.ambiance@outlook.com,caféambiancehotel.bj,Grande (>200),B2C,APIEx,,Actif,2026-06-29T00:22:55.123748,haute
BJ-C4C09C3D,Snack Karaoke Copargo,Restauration & Hôtellerie,Copargo,+229 35 88 67 55,snack_karaoke@snackkaraokecop.bj,snackkaraokecopargo.bj,TPE (<10),B2C,APIEx,,Actif,2026-06-29T00:22:55.123764,haute
BJ-A8925E8E,Clinique Acupuncture Cotonou,Santé & Pharmacie,Cotonou,+229 24 40 94 50,cliniqueacupuncture@cliniqueacupunc.org.bj,cliniqueacupuncturecotonou.bj,TPE (<10),B2B,APIEx,,Actif,2026-06-29T00:22:55.123789,haute
BJ-EB137AAB,Dispensaire Médecine Centre,Santé & Pharmacie,Cotonou,+229 36 46 80 39,dispensairemédecine@gmail.com,dispensairemédecinecentre.bj,PME (50-200),B2B,APIEx,,Actif,2026-06-29T00:22:55.123808,haute
BJ-DCA514E3,Sanatorium Emergency Cabinet,Santé & Pharmacie,Cotonou,+229 41 33 51 45,sanatorium.emergency@sanatoriumemerg.com.bj,sanatoriumemergencycabinet.bj,Grande (>200),B2B,APIEx,,Actif,2026-06-29T00:22:55.123828,haute
BJ-7EC77836,Imagerie International,Santé & Pharmacie,Cotonou,+229 67 27 50 30,i.international@imagerieinterna.org.bj,,TPE (<10),B2B,APIEx,,Actif,2026-06-29T00:22:55.123845,moyenne
BJ-170C4403,Centre Médical,Santé & Pharmacie,Cotonou,+229 77 15 23 62,centre_médical@centremédical.org.bj,centremédical.bj,TPE (<10),B2B,APIEx,,Actif,2026-06-29T00:22:55.123863,haute
BJ-72285CF7,Laboratoire Cardiologie Hôpital,Santé & Pharmacie,Abomey-Calavi,+229 56 45 21 85,l.cardiologie@hotmail.com,laboratoirecardiologiehôpital.bj,PME (50-200),B2B,APIEx,,Actif,2026-06-29T00:22:55.123904,haute
BJ-AA417934,Saint Hôpital,Santé & Pharmacie,Abomey-Calavi,+229 55 94 71 30,,sainthôpital.bj,TPE (<10),B2B,APIEx,,Actif,2026-06-29T00:22:55.123924,moyenne
BJ-78BECBE3,Hôpital Vie,Santé & Pharmacie,Abomey-Calavi,+229 43 94 58 63,hôpital.vie@hôpitalvie.bj,hôpitalvie.bj,PME (10-50),B2C,APIEx,,Actif,2026-06-29T00:22:55.123942,haute
BJ-00A2E0DE,Laboratoire ORL,Santé & Pharmacie,Abomey-Calavi,+229 57 32 90 95,laboratoire.orl@laboratoireorl.bj,laboratoireorl.bj,Grande (>200),B2B,APIEx,,Actif,2026-06-29T00:22:55.123958,haute
BJ-ED6ABD33,Polyclinique Chirurgie Pharmacie,Santé & Pharmacie,Abomey-Calavi,+229 41 73 64 92,polycliniquechirurgie@polycliniquechi.com.bj,polycliniquechirurgiepharmacie.bj,PME (50-200),B2C,APIEx,,Actif,2026-06-29T00:22:55.123978,haute
BJ-52EDBA9D,Laboratoire Maternité,Santé & Pharmacie,Porto-Novo,+229 68 87 30 79,,laboratoirematernité.bj,PME (10-50),B2C,APIEx,,Actif,2026-06-29T00:22:55.123999,moyenne
BJ-F1FA2DEF,Diététique Pharmacie,Santé & Pharmacie,Porto-Novo,+229 35 35 29 64,diététique_pharmacie@outlook.com,,TPE (<10),B2C,APIEx,,Actif,2026-06-29T00:22:55.124019,moyenne
BJ-4B527CA3,Orthodontie Centre,Santé & Pharmacie,Porto-Novo,+229 35 53 22 61,o.centre@outlook.com,orthodontiecentre.bj,PME (10-50),B2B,APIEx,,Actif,2026-06-29T00:22:55.124038,haute
BJ-0C491612,Pharmacie Médecine Plus,Santé & Pharmacie,Porto-Novo,+229 58 58 58 46,pharmaciemédecine@pharmaciemédeci.bj,pharmaciemédecineplus.bj,TPE (<10),B2C,APIEx,,Actif,2026-06-29T00:22:55.124057,haute
BJ-83CCD3F6,Hôpital Nutrition,Santé & Pharmacie,Porto-Novo,+229 60 31 36 65,,hôpitalnutrition.bj,TPE (<10),B2C,APIEx,,Actif,2026-06-29T00:22:55.124070,moyenne
BJ-0A048316,Biologie Care,Santé & Pharmacie,Parakou,+229 76 49 31 44,,,TPE (<10),B2C,APIEx,,Actif,2026-06-29T00:22:55.124088,basse
BJ-82E6B226,Clinique Ophtalmologie Parakou,Santé & Pharmacie,Parakou,+229 71 55 65 36,c.ophtalmologie@yahoo.com,,TPE (<10),B2B,APIEx,,Actif,2026-06-29T00:22:55.124107,moyenne
BJ-AF6B16C1,Pharmacie Dentaire Medical,Santé & Pharmacie,Parakou,+229 84 39 19 56,pharmaciedentaire@pharmaciedentai.com.bj,,Grande (>200),B2B,APIEx,,Actif,2026-06-29T00:22:55.124124,moyenne
BJ-128CC594,Cabinet Dermatologie,Santé & Pharmacie,Parakou,+229 34 97 31 68,c.dermatologie@hotmail.com,cabinetdermatologie.bj,TPE (<10),B2C,APIEx,,Actif,2026-06-29T00:22:55.124139,haute
BJ-281090CC,Centre Diététique Cabinet,Santé & Pharmacie,Parakou,+229 66 21 36 23,,centrediététiquecabinet.bj,TPE (<10),B2B,APIEx,,Actif,2026-06-29T00:22:55.124152,moyenne
BJ-5FAEA1F7,Médical,Santé & Pharmacie,Bohicon,+229 27 21 59 89,médical@hotmail.com,,PME (50-200),B2B,APIEx,,Actif,2026-06-29T00:22:55.124173,moyenne
BJ-2EEA8BAB,Pharmacie Emergency,Santé & Pharmacie,Bohicon,+229 30 62 43 55,pharmacieemergency@pharmacieemerge.com.bj,,Grande (>200),B2B,APIEx,,Actif,2026-06-29T00:22:55.124208,moyenne
BJ-8BB042B7,Nouveau,Santé & Pharmacie,Bohicon,+229 76 36 17 43,nouveau@nouveau.com.bj,nouveau.bj,TPE (<10),B2B,APIEx,,Actif,2026-06-29T00:22:55.124223,haute
BJ-D0727732,Pédiatrique Centre Bohicon,Santé & Pharmacie,Bohicon,+229 27 87 25 90,pédiatrique.centre@pédiatriquecent.com.bj,pédiatriquecentrebohicon.bj,PME (50-200),B2B,APIEx,,Actif,2026-06-29T00:22:55.124241,haute
BJ-84F58073,Gériatrique Clinique,Santé & Pharmacie,Natitingou,+229 20 66 12 38,,,PME (10-50),B2B,APIEx,,Actif,2026-06-29T00:22:55.124260,basse
BJ-10181B60,Sanatorium Pharma Clinique,Santé & Pharmacie,Natitingou,+229 66 87 61 76,sanatorium.pharma@outlook.com,sanatoriumpharmaclinique.bj,TPE (<10),B2C,APIEx,,Actif,2026-06-29T00:22:55.124279,haute
BJ-D936AE68,Soins Plus,Santé & Pharmacie,Natitingou,+229 48 42 35 97,s.plus@soinsplus.org.bj,soinsplus.bj,TPE (<10),B2B,APIEx,,Actif,2026-06-29T00:22:55.124296,haute
BJ-4627FCDD,Orthodontie Health,Santé & Pharmacie,Natitingou,+229 47 24 10 88,o.health@yahoo.fr,orthodontiehealth.bj,TPE (<10),B2C,APIEx,,Actif,2026-06-29T00:22:55.124312,haute
BJ-F02EBAE8,Cardiologie Cabinet,Santé & Pharmacie,Natitingou,+229 91 48 80 53,cardiologie.cabinet@gmail.com,cardiologiecabinet.bj,PME (50-200),B2C,APIEx,,Actif,2026-06-29T00:22:55.124327,haute
BJ-4830FF52,Nutrition Medical,Santé & Pharmacie,Lokossa,+229 63 64 52 11,nutrition_medical@nutritionmedica.com.bj,,Grande (>200),B2B,APIEx,,Actif,2026-06-29T00:22:55.124353,moyenne
BJ-8A4CDEDD,Dispensaire Pédiatrie,Santé & Pharmacie,Lokossa,+229 99 37 20 89,dispensaire.pédiatrie@gmail.com,dispensairepédiatrie.bj,Grande (>200),B2C,APIEx,,Actif,2026-06-29T00:22:55.124371,haute
BJ-2F94E0FE,Centre Santé Lokossa,Santé & Pharmacie,Lokossa,+229 23 45 49 58,centre.santé@centresantéloko.org.bj,centresantélokossa.bj,TPE (<10),B2B,APIEx,,Actif,2026-06-29T00:22:55.124392,haute
BJ-C043136D,Polyclinique Chirurgie Cabinet,Santé & Pharmacie,Lokossa,+229 64 65 82 73,polyclinique_chirurgie@polycliniquechi.org.bj,,TPE (<10),B2C,APIEx,,Actif,2026-06-29T00:22:55.124409,moyenne
BJ-0711F8AA,Polyclinique Rééducation,Santé & Pharmacie,Lokossa,+229 89 92 67 56,p.rééducation@yahoo.com,polycliniquerééducation.bj,PME (10-50),B2C,APIEx,,Actif,2026-06-29T00:22:55.124426,haute
BJ-B6904DDA,Centre Saint Health,Santé & Pharmacie,Ouidah,+229 24 19 31 71,centre.saint@centresaintheal.bj,,TPE (<10),B2B,APIEx,,Actif,2026-06-29T00:22:55.124449,moyenne
BJ-706227DA,Santé Plus,Santé & Pharmacie,Ouidah,+229 60 89 70 44,santé_plus@hotmail.com,santéplus.bj,TPE (<10),B2B,APIEx,,Actif,2026-06-29T00:22:55.124470,haute
BJ-79F97632,Pharmacie Dermatologie Ouidah,Santé & Pharmacie,Ouidah,+229 94 93 70 52,pharmaciedermatologie@yahoo.fr,,PME (50-200),B2C,APIEx,,Actif,2026-06-29T00:22:55.124486,moyenne
BJ-FAD12516,Chirurgie Cabinet,Santé & Pharmacie,Ouidah,+229 26 55 32 91,chirurgiecabinet@yahoo.fr,,PME (10-50),B2B,APIEx,,Actif,2026-06-29T00:22:55.124500,moyenne
BJ-C72FB921,Soins Centre,Santé & Pharmacie,Ouidah,+229 23 97 79 42,,,PME (50-200),B2C,APIEx,,Actif,2026-06-29T00:22:55.124511,basse
BJ-09E2D4FC,Dispensaire Bien-être Savalou,Santé & Pharmacie,Savalou,+229 92 27 38 41,dispensaire.bien@gmail.com,dispensairebienêtresavalou.bj,TPE (<10),B2C,APIEx,,Actif,2026-06-29T00:22:55.124535,haute
BJ-6B1E49B9,Ostéopathie,Santé & Pharmacie,Savalou,+229 59 32 33 50,ostéopathie@ostéopathie.com.bj,ostéopathie.bj,Grande (>200),B2C,APIEx,,Actif,2026-06-29T00:22:55.124550,haute
BJ-501FFCE4,Centre Diététique,Santé & Pharmacie,Savalou,+229 54 30 17 41,centrediététique@centrediététiqu.com.bj,centrediététique.bj,TPE (<10),B2C,APIEx,,Actif,2026-06-29T00:22:55.124571,haute
BJ-61E69220,Pharmacie Chirurgie,Santé & Pharmacie,Savalou,+229 83 27 43 41,,pharmaciechirurgie.bj,PME (50-200),B2B,APIEx,,Actif,2026-06-29T00:22:55.124610,moyenne
BJ-ECFE9BA9,Laboratoire Nutrition,Santé & Pharmacie,Savalou,+229 26 93 81 60,,laboratoirenutrition.bj,TPE (<10),B2C,APIEx,,Actif,2026-06-29T00:22:55.124626,moyenne
BJ-F103AF51,Gynécologie,Santé & Pharmacie,Dassa-Zoumè,+229 69 13 19 21,gynécologie@gynécologie.com.bj,gynécologie.bj,TPE (<10),B2C,APIEx,,Actif,2026-06-29T00:22:55.124650,haute
BJ-671C0EF7,Dispensaire Pharma Dassa-Zoumè,Santé & Pharmacie,Dassa-Zoumè,+229 62 11 27 95,dispensaire_pharma@gmail.com,dispensairepharmadassazoumè.bj,PME (50-200),B2C,APIEx,,Actif,2026-06-29T00:22:55.124670,haute
BJ-BF7C8886,Laboratoire Imagerie,Santé & Pharmacie,Dassa-Zoumè,+229 41 67 21 87,laboratoire.imagerie@outlook.com,laboratoireimagerie.bj,TPE (<10),B2B,APIEx,,Actif,2026-06-29T00:22:55.124686,haute
BJ-6B960F78,Hôpital Soins,Santé & Pharmacie,Dassa-Zoumè,+229 24 76 68 18,,hôpitalsoins.bj,TPE (<10),B2B,APIEx,,Actif,2026-06-29T00:22:55.124700,moyenne
BJ-38CE5DDA,Hôpital Acupuncture,Santé & Pharmacie,Dassa-Zoumè,+229 78 83 66 18,hôpitalacupuncture@hôpitalacupunct.bj,hôpitalacupuncture.bj,TPE (<10),B2C,APIEx,,Actif,2026-06-29T00:22:55.124747,haute
BJ-40A3D4F0,Analyses,Santé & Pharmacie,Kétou,+229 56 39 53 33,analyses@analyses.org.bj,analyses.bj,PME (50-200),B2B,APIEx,,Actif,2026-06-29T00:22:55.124798,haute
BJ-5A528A4B,Centre Rééducation Kétou,Santé & Pharmacie,Kétou,+229 84 26 87 81,centre_rééducation@outlook.com,,PME (10-50),B2B,APIEx,,Actif,2026-06-29T00:22:55.124834,moyenne
BJ-37CBBEFD,Clinique Gynécologie Cabinet Kétou,Santé & Pharmacie,Kétou,+229 48 78 81 72,clinique.gynécologie@yahoo.fr,cliniquegynécologiecabinetkétou.bj,PME (10-50),B2B,APIEx,,Actif,2026-06-29T00:22:55.124875,haute
BJ-EC3AC5D9,Polyclinique Diététique,Santé & Pharmacie,Kétou,+229 53 33 42 75,polycliniquediététique@polycliniquedié.bj,polycliniquediététique.bj,PME (50-200),B2B,APIEx,,Actif,2026-06-29T00:22:55.124915,haute
BJ-005667BA,Pharmacie Dentaire,Santé & Pharmacie,Kétou,+229 68 43 87 25,pharmaciedentaire@yahoo.com,pharmaciedentaire.bj,TPE (<10),B2B,APIEx,,Actif,2026-06-29T00:22:55.124934,haute
BJ-89C8F86B,Centre Santé Covè,Santé & Pharmacie,Covè,+229 86 95 74 45,centresanté@centresantécovè.org.bj,centresantécovè.bj,TPE (<10),B2B,APIEx,,Actif,2026-06-29T00:22:55.124961,haute
BJ-C2DB970A,Clinique Médicament Medical,Santé & Pharmacie,Covè,+229 48 74 82 41,c.médicament@cliniquemédicam.org.bj,cliniquemédicamentmedical.bj,TPE (<10),B2C,APIEx,,Actif,2026-06-29T00:22:55.124984,haute
BJ-565C9CED,Cabinet Diététique Cabinet,Santé & Pharmacie,Covè,+229 59 90 98 86,c.diététique@cabinetdiététiq.org.bj,cabinetdiététiquecabinet.bj,PME (10-50),B2C,APIEx,,Actif,2026-06-29T00:22:55.125001,haute
BJ-84E26A6C,Bien-être Centre,Santé & Pharmacie,Covè,+229 91 44 72 35,bien.être@bienêtrecentre.org.bj,bienêtrecentre.bj,PME (50-200),B2C,APIEx,,Actif,2026-06-29T00:22:55.125019,haute
BJ-B2C746A6,Polyclinique Chirurgie,Santé & Pharmacie,Covè,+229 43 83 86 17,polycliniquechirurgie@polycliniquechi.bj,,PME (10-50),B2B,APIEx,,Actif,2026-06-29T00:22:55.125039,moyenne
BJ-1485D481,Pharmacie ORL,Santé & Pharmacie,Pobè,+229 48 29 91 89,pharmacieorl@pharmacieorl.org.bj,pharmacieorl.bj,PME (10-50),B2C,APIEx,,Actif,2026-06-29T00:22:55.125064,haute
BJ-63F88556,Dispensaire Nouveau Bénin,Santé & Pharmacie,Pobè,+229 76 21 87 71,dispensaire.nouveau@dispensairenouv.com.bj,dispensairenouveaubénin.bj,PME (10-50),B2B,APIEx,,Actif,2026-06-29T00:22:55.125086,haute
BJ-6625FF43,Polyclinique Dentaire Medical,Santé & Pharmacie,Pobè,+229 86 58 42 32,polycliniquedentaire@polycliniqueden.org.bj,polycliniquedentairemedical.bj,PME (50-200),B2B,APIEx,,Actif,2026-06-29T00:22:55.125106,haute
BJ-1D0186EF,Laboratoire ORL Plus,Santé & Pharmacie,Pobè,+229 52 46 24 95,laboratoire.orl@laboratoireorlp.bj,laboratoireorlplus.bj,TPE (<10),B2C,APIEx,,Actif,2026-06-29T00:22:55.125123,haute
BJ-8D14D82B,Laboratoire Radiologie International,Santé & Pharmacie,Pobè,+229 98 50 95 21,laboratoire.radiologie@laboratoireradi.org.bj,laboratoireradiologieinternational.bj,PME (50-200),B2C,APIEx,,Actif,2026-06-29T00:22:55.125144,haute
BJ-FC5DE154,Vie Medical,Santé & Pharmacie,Sakété,+229 87 55 33 34,vie.medical@outlook.com,viemedical.bj,TPE (<10),B2B,APIEx,,Actif,2026-06-29T00:22:55.125168,haute
BJ-48FD9BC6,Dermatologie,Santé & Pharmacie,Sakété,+229 69 11 57 66,dermatologie@gmail.com,dermatologie.bj,TPE (<10),B2C,APIEx,,Actif,2026-06-29T00:22:55.125182,haute
BJ-E0332C49,Médicament Pharmacie,Santé & Pharmacie,Sakété,+229 78 16 76 16,m.pharmacie@outlook.com,médicamentpharmacie.bj,PME (10-50),B2B,APIEx,,Actif,2026-06-29T00:22:55.125216,haute
BJ-D33D7877,Analyses Cabinet,Santé & Pharmacie,Sakété,+229 78 30 47 25,analysescabinet@outlook.com,analysescabinet.bj,TPE (<10),B2B,APIEx,,Actif,2026-06-29T00:22:55.125233,haute
BJ-A1EF8C4F,Polyclinique Central Pharmacie,Santé & Pharmacie,Adjara,+229 56 28 18 39,polycliniquecentral@polycliniquecen.org.bj,,PME (10-50),B2C,APIEx,,Actif,2026-06-29T00:22:55.125264,moyenne
BJ-8EACED11,Polyclinique Médecine,Santé & Pharmacie,Adjara,+229 53 13 69 29,p.médecine@polycliniqueméd.org.bj,polycliniquemédecine.bj,TPE (<10),B2C,APIEx,,Actif,2026-06-29T00:22:55.125309,haute
BJ-FB5DD5CE,Laboratoire Emergency Care,Santé & Pharmacie,Adjara,+229 20 35 55 92,,laboratoireemergencycare.bj,TPE (<10),B2C,APIEx,,Actif,2026-06-29T00:22:55.125345,moyenne
BJ-D5F057E3,Sanatorium Vie Adjara,Santé & Pharmacie,Adjara,+229 26 73 51 13,sanatorium.vie@sanatoriumviead.org.bj,sanatoriumvieadjara.bj,PME (50-200),B2C,APIEx,,Actif,2026-06-29T00:22:55.125386,haute
BJ-2F366429,Sanatorium Vie,Santé & Pharmacie,Adjara,+229 39 52 94 10,sanatorium.vie@yahoo.com,sanatoriumvie.bj,TPE (<10),B2C,APIEx,,Actif,2026-06-29T00:22:55.125429,haute
BJ-2DCA90A0,Laboratoire Rééducation Cabinet,Santé & Pharmacie,Allada,+229 27 26 82 96,laboratoirerééducation@gmail.com,laboratoirerééducationcabinet.bj,PME (10-50),B2C,APIEx,,Actif,2026-06-29T00:22:55.125463,haute
BJ-AE0D2F88,Radiologie,Santé & Pharmacie,Allada,+229 45 53 64 12,radiologie@radiologie.com.bj,radiologie.bj,TPE (<10),B2C,APIEx,,Actif,2026-06-29T00:22:55.125481,haute
BJ-B3C816B8,Acupuncture Cabinet,Santé & Pharmacie,Allada,+229 31 98 79 64,acupuncture.cabinet@acupuncturecabi.bj,acupuncturecabinet.bj,PME (50-200),B2B,APIEx,,Actif,2026-06-29T00:22:55.125498,haute
BJ-F5A9DE3A,Orthodontie Allada,Santé & Pharmacie,Allada,+229 77 19 66 89,orthodontie.allada@orthodontiealla.bj,orthodontieallada.bj,TPE (<10),B2C,APIEx,,Actif,2026-06-29T00:22:55.125516,haute
BJ-BDA7C3AB,Clinique Emergency,Santé & Pharmacie,Allada,+229 87 25 75 67,cliniqueemergency@cliniqueemergen.com.bj,cliniqueemergency.bj,PME (10-50),B2C,APIEx,,Actif,2026-06-29T00:22:55.125531,haute
BJ-03F97D37,Clinique Acupuncture International,Santé & Pharmacie,Aplahoué,+229 45 27 28 94,cliniqueacupuncture@gmail.com,cliniqueacupunctureinternational.bj,PME (10-50),B2C,APIEx,,Actif,2026-06-29T00:22:55.125556,haute
BJ-EFC1E929,Laboratoire Nouveau,Santé & Pharmacie,Aplahoué,+229 48 59 24 70,laboratoirenouveau@laboratoirenouv.bj,,Grande (>200),B2B,APIEx,,Actif,2026-06-29T00:22:55.125573,moyenne
BJ-FB165184,Orthodontie,Santé & Pharmacie,Aplahoué,+229 37 70 55 10,orthodontie@orthodontie.com.bj,orthodontie.bj,TPE (<10),B2C,APIEx,,Actif,2026-06-29T00:22:55.125603,haute
BJ-B4986791,Clinique Orthodontie Pharmacie,Santé & Pharmacie,Aplahoué,+229 36 89 53 40,clinique.orthodontie@cliniqueorthodo.org.bj,cliniqueorthodontiepharmacie.bj,TPE (<10),B2B,APIEx,,Actif,2026-06-29T00:22:55.125651,haute
BJ-5B0DF9E6,Biologie Hôpital,Santé & Pharmacie,Aplahoué,+229 38 86 32 14,biologie.hôpital@yahoo.fr,biologiehôpital.bj,TPE (<10),B2C,APIEx,,Actif,2026-06-29T00:22:55.125685,haute
BJ-59E8BDDD,Pédiatrie Clinique,Santé & Pharmacie,Dogbo-Tota,+229 90 82 27 60,,,PME (10-50),B2B,APIEx,,Actif,2026-06-29T00:22:55.125720,basse
BJ-49F1C442,Centre Dentaire,Santé & Pharmacie,Dogbo-Tota,+229 80 11 40 15,centredentaire@centredentaire.bj,,TPE (<10),B2C,APIEx,,Actif,2026-06-29T00:22:55.125747,moyenne
BJ-875354B1,Hôpital Pharma,Santé & Pharmacie,Dogbo-Tota,+229 44 88 25 81,hôpital_pharma@hotmail.com,hôpitalpharma.bj,PME (50-200),B2B,APIEx,,Actif,2026-06-29T00:22:55.125776,haute
BJ-29903D04,Cabinet Guérison Health Dogbo-Tota,Santé & Pharmacie,Dogbo-Tota,+229 92 59 26 17,,cabinetguérisonhealthdogbotota.bj,PME (50-200),B2C,APIEx,,Actif,2026-06-29T00:22:55.125801,moyenne
BJ-03E99633,Laboratoire Guérison Cabinet Dogbo-Tota,Santé & Pharmacie,Dogbo-Tota,+229 89 49 12 78,laboratoire.guérison@gmail.com,laboratoireguérisoncabinetdogbotota.bj,PME (10-50),B2B,APIEx,,Actif,2026-06-29T00:22:55.125836,haute
BJ-F97DC471,Pharmacie Médecine Care Kpomassè,Santé & Pharmacie,Kpomassè,+229 39 83 32 71,pharmaciemédecine@yahoo.com,pharmaciemédecinecarekpomassè.bj,PME (10-50),B2C,APIEx,,Actif,2026-06-29T00:22:55.125925,haute
BJ-7C3FD68A,Nutrition Kpomassè,Santé & Pharmacie,Kpomassè,+229 28 43 74 62,nutritionkpomassè@nutritionkpomas.org.bj,nutritionkpomassè.bj,PME (50-200),B2B,APIEx,,Actif,2026-06-29T00:22:55.125983,haute
BJ-0620D982,Acupuncture Bénin,Santé & Pharmacie,Kpomassè,+229 46 59 98 42,acupuncturebénin@yahoo.fr,,Grande (>200),B2C,APIEx,,Actif,2026-06-29T00:22:55.126017,moyenne
BJ-1847AD7F,Central Centre Kpomassè,Santé & Pharmacie,Kpomassè,+229 44 12 90 82,,centralcentrekpomassè.bj,TPE (<10),B2B,APIEx,,Actif,2026-06-29T00:22:55.126054,moyenne
BJ-439DB3EB,Centre Ostéopathie Bénin Tori-Bossito,Santé & Pharmacie,Tori-Bossito,+229 53 83 31 62,centreostéopathie@hotmail.com,centreostéopathiebénintoribossito.bj,TPE (<10),B2C,APIEx,,Actif,2026-06-29T00:22:55.126111,haute
BJ-C76AF8B1,Laboratoire Emergency Health,Santé & Pharmacie,Tori-Bossito,+229 48 47 48 38,l.emergency@laboratoireemer.bj,laboratoireemergencyhealth.bj,PME (50-200),B2B,APIEx,,Actif,2026-06-29T00:22:55.126150,haute
BJ-65D0667F,Rééducation Cabinet Tori-Bossito,Santé & Pharmacie,Tori-Bossito,+229 93 46 92 57,rééducation.cabinet@outlook.com,rééducationcabinettoribossito.bj,TPE (<10),B2C,APIEx,,Actif,2026-06-29T00:22:55.126183,haute
BJ-66277ADE,Clinique Biologie,Santé & Pharmacie,Tori-Bossito,+229 33 99 64 16,,cliniquebiologie.bj,TPE (<10),B2C,APIEx,,Actif,2026-06-29T00:22:55.126213,moyenne
BJ-600B83C1,Sanatorium Ostéopathie,Santé & Pharmacie,Tori-Bossito,+229 25 24 27 67,sanatorium.ostéopathie@sanatoriumostéo.com.bj,sanatoriumostéopathie.bj,PME (50-200),B2C,APIEx,,Actif,2026-06-29T00:22:55.126244,haute
BJ-7767B45B,Ostéopathie Hôpital,Santé & Pharmacie,Grand-Popo,+229 52 77 89 76,ostéopathie.hôpital@yahoo.fr,,Grande (>200),B2B,APIEx,,Actif,2026-06-29T00:22:55.126299,moyenne
BJ-350CA66F,ORL,Santé & Pharmacie,Grand-Popo,+229 42 22 20 79,orl@orl.org.bj,,TPE (<10),B2C,APIEx,,Actif,2026-06-29T00:22:55.126365,moyenne
BJ-43971BCF,Hôpital Nutrition Medical Grand-Popo,Santé & Pharmacie,Grand-Popo,+229 86 40 31 77,hôpitalnutrition@hotmail.com,hôpitalnutritionmedicalgrandpopo.bj,TPE (<10),B2C,APIEx,,Actif,2026-06-29T00:22:55.126410,haute
BJ-A67922F2,Laboratoire Bien-être,Santé & Pharmacie,Grand-Popo,+229 25 83 69 47,laboratoire_bien@laboratoirebien.com.bj,,TPE (<10),B2B,APIEx,,Actif,2026-06-29T00:22:55.126447,moyenne
BJ-11C58A18,Pharma Care,Santé & Pharmacie,Athiémé,+229 53 71 25 28,p.care@outlook.com,pharmacare.bj,PME (10-50),B2C,APIEx,,Actif,2026-06-29T00:22:55.126485,haute
BJ-00C128F7,Polyclinique Analyses Health,Santé & Pharmacie,Athiémé,+229 74 31 20 53,p.analyses@polycliniqueana.com.bj,,PME (10-50),B2B,APIEx,,Actif,2026-06-29T00:22:55.126512,moyenne
BJ-32CB6BF8,Dispensaire Soins,Santé & Pharmacie,Athiémé,+229 28 21 97 94,d.soins@dispensairesoin.org.bj,dispensairesoins.bj,PME (10-50),B2C,APIEx,,Actif,2026-06-29T00:22:55.126531,haute
BJ-EAA518A9,Sanatorium Urgence Care,Santé & Pharmacie,Athiémé,+229 80 55 12 13,,sanatoriumurgencecare.bj,PME (10-50),B2B,APIEx,,Actif,2026-06-29T00:22:55.126548,moyenne
BJ-2960705F,Sanatorium Ostéopathie,Santé & Pharmacie,Athiémé,+229 58 39 57 45,sanatorium.ostéopathie@hotmail.com,,PME (10-50),B2B,APIEx,,Actif,2026-06-29T00:22:55.126566,moyenne
BJ-9902E3E2,Guérison Plus,Santé & Pharmacie,Bopa,+229 84 55 27 10,,guérisonplus.bj,TPE (<10),B2B,APIEx,,Actif,2026-06-29T00:22:55.126589,moyenne
BJ-9421B9C1,Hôpital ORL,Santé & Pharmacie,Bopa,+229 63 83 68 80,h.orl@yahoo.com,,TPE (<10),B2C,APIEx,,Actif,2026-06-29T00:22:55.126608,moyenne
BJ-0727C862,Cabinet Emergency,Santé & Pharmacie,Bopa,+229 94 20 48 62,,cabinetemergency.bj,Grande (>200),B2B,APIEx,,Actif,2026-06-29T00:22:55.126626,moyenne
BJ-D73F4CD0,Acupuncture,Santé & Pharmacie,Bopa,+229 70 25 49 44,acupuncture@outlook.com,,TPE (<10),B2B,APIEx,,Actif,2026-06-29T00:22:55.126641,moyenne
BJ-F9F54AB9,Cabinet Nutrition,Santé & Pharmacie,Bopa,+229 59 35 80 16,cabinetnutrition@cabinetnutritio.bj,cabinetnutrition.bj,TPE (<10),B2B,APIEx,,Actif,2026-06-29T00:22:55.126661,haute
BJ-2D924B27,Hôpital Dentaire,Santé & Pharmacie,Houéyogbé,+229 48 35 11 93,h.dentaire@hôpitaldentaire.bj,hôpitaldentaire.bj,PME (50-200),B2B,APIEx,,Actif,2026-06-29T00:22:55.126689,haute
BJ-97E136D8,Radiologie Pharmacie,Santé & Pharmacie,Houéyogbé,+229 84 22 78 58,radiologie.pharmacie@gmail.com,radiologiepharmacie.bj,Grande (>200),B2C,APIEx,,Actif,2026-06-29T00:22:55.126707,haute
BJ-1240800C,Dispensaire Urgence Care,Santé & Pharmacie,Houéyogbé,+229 35 67 34 69,,dispensaireurgencecare.bj,PME (10-50),B2B,APIEx,,Actif,2026-06-29T00:22:55.126721,moyenne
BJ-A17E0AFB,Vie Centre,Santé & Pharmacie,Houéyogbé,+229 52 85 23 33,vie.centre@viecentre.org.bj,viecentre.bj,TPE (<10),B2C,APIEx,,Actif,2026-06-29T00:22:55.126739,haute
BJ-2F2FF3B7,Dispensaire Guérison Hôpital,Santé & Pharmacie,Houéyogbé,+229 84 45 36 21,dispensaireguérison@dispensaireguér.org.bj,,PME (10-50),B2B,APIEx,,Actif,2026-06-29T00:22:55.126795,moyenne
BJ-1A61E378,Rééducation,Santé & Pharmacie,Malanville,+229 97 57 10 85,rééducation@rééducation.bj,rééducation.bj,PME (10-50),B2B,APIEx,,Actif,2026-06-29T00:22:55.126873,haute
BJ-95637AF3,Biologie Malanville,Santé & Pharmacie,Malanville,+229 56 89 19 23,biologie_malanville@biologiemalanvi.org.bj,biologiemalanville.bj,PME (50-200),B2B,APIEx,,Actif,2026-06-29T00:22:55.126942,haute
BJ-69AC7298,Centre Médecine Care,Santé & Pharmacie,Malanville,+229 84 96 39 60,,,PME (10-50),B2C,APIEx,,Actif,2026-06-29T00:22:55.126992,basse
BJ-D95BDB99,Polyclinique Dentaire Care,Santé & Pharmacie,Malanville,+229 98 99 80 70,polyclinique.dentaire@polycliniqueden.bj,,PME (10-50),B2B,APIEx,,Actif,2026-06-29T00:22:55.127026,moyenne
BJ-F6963E8A,Maternité Health,Santé & Pharmacie,Malanville,+229 46 14 86 51,,maternitéhealth.bj,PME (50-200),B2C,APIEx,,Actif,2026-06-29T00:22:55.127042,moyenne
BJ-1CEBA86D,Cabinet Pédiatrique Pharmacie,Santé & Pharmacie,Kandi,+229 79 56 47 70,,,TPE (<10),B2C,APIEx,,Actif,2026-06-29T00:22:55.127068,basse
BJ-49E8BC1F,Laboratoire Rééducation Cabinet,Santé & Pharmacie,Kandi,+229 67 17 53 56,laboratoirerééducation@laboratoirerééd.bj,laboratoirerééducationcabinet.bj,PME (10-50),B2C,APIEx,,Actif,2026-06-29T00:22:55.127100,haute
BJ-E9F56917,Sanatorium Cardiologie Centre,Santé & Pharmacie,Kandi,+229 52 27 27 39,s.cardiologie@yahoo.fr,,TPE (<10),B2B,APIEx,,Actif,2026-06-29T00:22:55.127128,moyenne
BJ-DDE15F3D,Analyses,Santé & Pharmacie,Kandi,+229 97 54 99 86,analyses@analyses.bj,,PME (50-200),B2B,APIEx,,Actif,2026-06-29T00:22:55.127164,moyenne
BJ-8724673D,Centre Nouveau Kandi,Santé & Pharmacie,Kandi,+229 97 89 55 34,c.nouveau@yahoo.fr,centrenouveaukandi.bj,TPE (<10),B2C,APIEx,,Actif,2026-06-29T00:22:55.127185,haute
BJ-69D97342,Dispensaire Ophtalmologie Banikoara,Santé & Pharmacie,Banikoara,+229 68 44 63 96,d.ophtalmologie@dispensaireopht.bj,dispensaireophtalmologiebanikoara.bj,TPE (<10),B2B,APIEx,,Actif,2026-06-29T00:22:55.127221,haute
BJ-3E2F994D,Pharma Bénin,Santé & Pharmacie,Banikoara,+229 36 60 69 20,pharmabénin@yahoo.fr,pharmabénin.bj,Grande (>200),B2B,APIEx,,Actif,2026-06-29T00:22:55.127242,haute
BJ-48F90C08,Laboratoire Acupuncture,Santé & Pharmacie,Banikoara,+229 76 73 63 31,laboratoireacupuncture@laboratoireacup.org.bj,laboratoireacupuncture.bj,PME (10-50),B2C,APIEx,,Actif,2026-06-29T00:22:55.127263,haute
BJ-8C566713,Dermatologie Pharmacie,Santé & Pharmacie,Banikoara,+229 27 25 27 20,dermatologie.pharmacie@dermatologiepha.org.bj,,TPE (<10),B2B,APIEx,,Actif,2026-06-29T00:22:55.127280,moyenne
BJ-5850060C,Imagerie,Santé & Pharmacie,Banikoara,+229 62 66 18 54,imagerie@hotmail.com,imagerie.bj,Grande (>200),B2B,APIEx,,Actif,2026-06-29T00:22:55.127294,haute
BJ-58B6B05C,Central Cabinet,Santé & Pharmacie,Ségbana,+229 81 94 38 89,centralcabinet@centralcabinet.org.bj,centralcabinet.bj,TPE (<10),B2C,APIEx,,Actif,2026-06-29T00:22:55.127319,haute
BJ-E824D571,Sanatorium Nouveau,Santé & Pharmacie,Ségbana,+229 37 87 12 98,s.nouveau@sanatoriumnouve.org.bj,sanatoriumnouveau.bj,PME (10-50),B2B,APIEx,,Actif,2026-06-29T00:22:55.127335,haute
BJ-BEFDEB10,Hôpital Sainte Medical,Santé & Pharmacie,Ségbana,+229 83 31 63 19,hôpital.sainte@hotmail.com,hôpitalsaintemedical.bj,TPE (<10),B2C,APIEx,,Actif,2026-06-29T00:22:55.127355,haute
BJ-8C7624A0,Laboratoire Ostéopathie International,Santé & Pharmacie,Ségbana,+229 67 45 78 72,l.ostéopathie@hotmail.com,laboratoireostéopathieinternational.bj,TPE (<10),B2C,APIEx,,Actif,2026-06-29T00:22:55.127373,haute
BJ-82C07977,Clinique Chirurgie,Santé & Pharmacie,Ségbana,+229 97 90 60 45,c.chirurgie@cliniquechirurg.bj,cliniquechirurgie.bj,TPE (<10),B2B,APIEx,,Actif,2026-06-29T00:22:55.127394,haute
BJ-B80E8776,Pharmacie Urgence Pharmacie,Santé & Pharmacie,Karimama,+229 47 43 85 43,,pharmacieurgencepharmacie.bj,TPE (<10),B2C,APIEx,,Actif,2026-06-29T00:22:55.127414,moyenne
BJ-6686C6F9,Dispensaire Imagerie International,Santé & Pharmacie,Karimama,+229 24 51 81 95,,,PME (50-200),B2B,APIEx,,Actif,2026-06-29T00:22:55.127426,basse
BJ-CE51F25A,Clinique Sainte Care,Santé & Pharmacie,Karimama,+229 85 77 26 84,c.sainte@yahoo.com,,PME (10-50),B2C,APIEx,,Actif,2026-06-29T00:22:55.127445,moyenne
BJ-3D565DE5,Hôpital Guérison Health Karimama,Santé & Pharmacie,Karimama,+229 97 88 56 55,hôpitalguérison@yahoo.com,hôpitalguérisonhealthkarimama.bj,PME (50-200),B2B,APIEx,,Actif,2026-06-29T00:22:55.127466,haute
BJ-FB9369DC,Sanatorium Nutrition,Santé & Pharmacie,Karimama,+229 97 65 23 32,sanatorium.nutrition@sanatoriumnutri.org.bj,sanatoriumnutrition.bj,PME (50-200),B2C,APIEx,,Actif,2026-06-29T00:22:55.127482,haute
BJ-2A847FF2,Centre Orthodontie Hôpital,Santé & Pharmacie,Gogounou,+229 53 47 23 57,centre.orthodontie@centreorthodont.bj,centreorthodontiehôpital.bj,PME (10-50),B2C,APIEx,,Actif,2026-06-29T00:22:55.127523,haute
BJ-BEBE7F1A,Sanatorium Ophtalmologie Medical,Santé & Pharmacie,Gogounou,+229 48 46 84 87,sanatoriumophtalmologie@yahoo.fr,sanatoriumophtalmologiemedical.bj,TPE (<10),B2C,APIEx,,Actif,2026-06-29T00:22:55.127561,haute
BJ-34DDD0F8,Polyclinique Ophtalmologie,Santé & Pharmacie,Gogounou,+229 89 46 13 91,p.ophtalmologie@outlook.com,,PME (10-50),B2B,APIEx,,Actif,2026-06-29T00:22:55.127598,moyenne
BJ-08FF9504,Cabinet Urgence Hôpital,Santé & Pharmacie,Gogounou,+229 71 76 95 50,c.urgence@outlook.com,cabineturgencehôpital.bj,PME (50-200),B2B,APIEx,,Actif,2026-06-29T00:22:55.127633,haute
BJ-C1465F20,Centre Sainte Gogounou,Santé & Pharmacie,Gogounou,+229 57 52 57 79,c.sainte@centresaintegog.org.bj,centresaintegogounou.bj,PME (50-200),B2C,APIEx,,Actif,2026-06-29T00:22:55.127668,haute
BJ-28E0E3DA,Bien-être Centre Cobly,Santé & Pharmacie,Cobly,+229 44 68 33 95,,,TPE (<10),B2C,APIEx,,Actif,2026-06-29T00:22:55.127717,basse
BJ-1D16FA1D,Orthodontie Clinique Cobly,Santé & Pharmacie,Cobly,+229 67 93 25 12,orthodontieclinique@hotmail.com,orthodontiecliniquecobly.bj,TPE (<10),B2C,APIEx,,Actif,2026-06-29T00:22:55.127752,haute
BJ-EED43B42,Gériatrique,Santé & Pharmacie,Cobly,+229 57 95 25 64,gériatrique@gériatrique.com.bj,,TPE (<10),B2C,APIEx,,Actif,2026-06-29T00:22:55.127819,moyenne
BJ-672B7310,Pharmacie Acupuncture,Santé & Pharmacie,Cobly,+229 20 72 81 90,pharmacieacupuncture@pharmacieacupun.com.bj,pharmacieacupuncture.bj,PME (10-50),B2B,APIEx,,Actif,2026-06-29T00:22:55.127877,haute
BJ-F23AE4FD,Dispensaire Cardiologie Health,Santé & Pharmacie,Cobly,+229 49 12 19 13,d.cardiologie@yahoo.fr,dispensairecardiologiehealth.bj,Grande (>200),B2B,APIEx,,Actif,2026-06-29T00:22:55.127954,haute
BJ-B44F6759,Gériatrique Pharmacie Tanguiéta,Santé & Pharmacie,Tanguiéta,+229 76 24 68 38,g.pharmacie@yahoo.com,,TPE (<10),B2B,APIEx,,Actif,2026-06-29T00:22:55.128052,moyenne
BJ-4EEE5249,Cardiologie,Santé & Pharmacie,Tanguiéta,+229 71 26 61 74,,cardiologie.bj,PME (50-200),B2C,APIEx,,Actif,2026-06-29T00:22:55.128107,moyenne
BJ-551879B9,Dentaire Care Tanguiéta,Santé & Pharmacie,Tanguiéta,+229 79 80 10 16,dentairecare@dentairecaretan.com.bj,,PME (10-50),B2B,APIEx,,Actif,2026-06-29T00:22:55.128164,moyenne
BJ-DAE0DEE2,Hôpital Central Hôpital,Santé & Pharmacie,Tanguiéta,+229 58 53 27 31,hôpital.central@outlook.com,,PME (10-50),B2B,APIEx,,Actif,2026-06-29T00:22:55.128204,moyenne
BJ-99775327,Ophtalmologie International,Santé & Pharmacie,Tanguiéta,+229 58 58 28 69,ophtalmologieinternational@gmail.com,ophtalmologieinternational.bj,TPE (<10),B2C,APIEx,,Actif,2026-06-29T00:22:55.128242,haute
BJ-062764C6,Pharmacie Ostéopathie,Santé & Pharmacie,Matéri,+229 49 63 61 46,pharmacie.ostéopathie@gmail.com,pharmacieostéopathie.bj,Grande (>200),B2C,APIEx,,Actif,2026-06-29T00:22:55.128307,haute
BJ-41604A7B,Médecine Medical Matéri,Santé & Pharmacie,Matéri,+229 93 31 75 19,médecine.medical@outlook.com,médecinemedicalmatéri.bj,TPE (<10),B2B,APIEx,,Actif,2026-06-29T00:22:55.128358,haute
BJ-E14DE723,Cabinet Sainte,Santé & Pharmacie,Matéri,+229 45 73 61 16,c.sainte@cabinetsainte.org.bj,cabinetsainte.bj,PME (10-50),B2B,APIEx,,Actif,2026-06-29T00:22:55.128401,haute
BJ-53566011,Sanatorium Chirurgie,Santé & Pharmacie,Matéri,+229 90 97 57 72,sanatoriumchirurgie@sanatoriumchiru.com.bj,sanatoriumchirurgie.bj,PME (50-200),B2C,APIEx,,Actif,2026-06-29T00:22:55.128423,haute
BJ-1B74BA1C,Sainte Care Matéri,Santé & Pharmacie,Matéri,+229 60 49 43 85,sainte.care@yahoo.com,saintecarematéri.bj,TPE (<10),B2C,APIEx,,Actif,2026-06-29T00:22:55.128448,haute
BJ-70B43604,Clinique Biologie,Santé & Pharmacie,Natitingou,+229 83 94 44 84,cliniquebiologie@cliniquebiologi.com.bj,cliniquebiologie.bj,PME (50-200),B2B,APIEx,,Actif,2026-06-29T00:22:55.128504,haute
BJ-9F3EE959,Central Natitingou,Santé & Pharmacie,Natitingou,+229 41 51 59 57,central.natitingou@centralnatiting.com.bj,,PME (10-50),B2C,APIEx,,Actif,2026-06-29T00:22:55.128560,moyenne
BJ-035BE60A,Gynécologie Natitingou,Santé & Pharmacie,Natitingou,+229 20 17 39 17,g.natitingou@yahoo.com,gynécologienatitingou.bj,Grande (>200),B2B,APIEx,,Actif,2026-06-29T00:22:55.128600,haute
BJ-A2F3CDD4,Vie Centre,Santé & Pharmacie,Natitingou,+229 44 96 45 71,vie.centre@yahoo.fr,,TPE (<10),B2C,APIEx,,Actif,2026-06-29T00:22:55.128636,moyenne
BJ-31C43BD5,Sanatorium Santé Toucountouna,Santé & Pharmacie,Toucountouna,+229 47 64 69 91,sanatoriumsanté@sanatoriumsanté.org.bj,,TPE (<10),B2B,APIEx,,Actif,2026-06-29T00:22:55.128738,moyenne
BJ-B96CE433,Pédiatrie Care,Santé & Pharmacie,Toucountouna,+229 91 26 11 13,pédiatriecare@pédiatriecare.com.bj,pédiatriecare.bj,TPE (<10),B2B,APIEx,,Actif,2026-06-29T00:22:55.128789,haute
BJ-B84B5E0A,Bien-être,Santé & Pharmacie,Toucountouna,+229 41 58 31 62,,,PME (10-50),B2C,APIEx,,Actif,2026-06-29T00:22:55.128830,basse
BJ-DDE68438,Pharmacie Orthodontie Clinique Toucountouna,Santé & Pharmacie,Toucountouna,+229 35 22 58 41,,pharmacieorthodontiecliniquetoucountouna.bj,TPE (<10),B2C,APIEx,,Actif,2026-06-29T00:22:55.128866,moyenne
BJ-E6F3EC1D,Médicament,Santé & Pharmacie,Toucountouna,+229 96 55 72 93,médicament@outlook.com,,PME (50-200),B2C,APIEx,,Actif,2026-06-29T00:22:55.128930,moyenne
BJ-677FC89C,Polyclinique Kinésithérapie,Santé & Pharmacie,Boukoumbé,+229 29 54 29 63,polyclinique.kinésithérapie@polycliniquekin.org.bj,polycliniquekinésithérapie.bj,TPE (<10),B2B,APIEx,,Actif,2026-06-29T00:22:55.129005,haute
BJ-B0B81F19,Guérison,Santé & Pharmacie,Boukoumbé,+229 67 81 72 16,guérison@guérison.com.bj,guérison.bj,PME (10-50),B2B,APIEx,,Actif,2026-06-29T00:22:55.129038,haute
BJ-6F4FD003,Cabinet Saint Boukoumbé,Santé & Pharmacie,Boukoumbé,+229 20 58 43 25,cabinetsaint@outlook.com,cabinetsaintboukoumbé.bj,TPE (<10),B2B,APIEx,,Actif,2026-06-29T00:22:55.129059,haute
BJ-D41E0A57,Clinique ORL,Santé & Pharmacie,Boukoumbé,+229 77 60 27 42,clinique.orl@gmail.com,cliniqueorl.bj,PME (10-50),B2B,APIEx,,Actif,2026-06-29T00:22:55.129078,haute
BJ-F23AE6CF,Gériatrique Cabinet,Santé & Pharmacie,Boukoumbé,+229 25 40 75 65,,,TPE (<10),B2C,APIEx,,Actif,2026-06-29T00:22:55.129091,basse
BJ-B1B26473,Kinésithérapie Hôpital,Santé & Pharmacie,Kouandé,+229 40 36 25 72,,kinésithérapiehôpital.bj,TPE (<10),B2B,APIEx,,Actif,2026-06-29T00:22:55.129117,moyenne
BJ-1C7F3557,Soins Kouandé,Santé & Pharmacie,Kouandé,+229 88 42 68 21,soins.kouandé@yahoo.fr,,PME (50-200),B2B,APIEx,,Actif,2026-06-29T00:22:55.129136,moyenne
BJ-444E57FB,Gynécologie Bénin,Santé & Pharmacie,Kouandé,+229 21 73 66 23,g.bénin@gynécologiebéni.org.bj,gynécologiebénin.bj,PME (10-50),B2B,APIEx,,Actif,2026-06-29T00:22:55.129163,haute
BJ-2E6EB2B9,Laboratoire Pédiatrique Care,Santé & Pharmacie,Kouandé,+229 33 23 98 93,l.pédiatrique@laboratoirepédi.com.bj,laboratoirepédiatriquecare.bj,PME (50-200),B2C,APIEx,,Actif,2026-06-29T00:22:55.129186,haute
BJ-88C799C6,Acupuncture Bénin Kouandé,Santé & Pharmacie,Kouandé,+229 23 55 89 33,acupuncturebénin@acupuncturebéni.bj,acupuncturebéninkouandé.bj,TPE (<10),B2B,APIEx,,Actif,2026-06-29T00:22:55.129210,haute
BJ-69000E5F,Centre Urgence Plus,Santé & Pharmacie,Péhunco,+229 47 86 33 17,centre.urgence@outlook.com,centreurgenceplus.bj,TPE (<10),B2C,APIEx,,Actif,2026-06-29T00:22:55.129239,haute
BJ-6E062BAD,Saint Péhunco,Santé & Pharmacie,Péhunco,+229 32 74 63 13,saint_péhunco@gmail.com,saintpéhunco.bj,PME (50-200),B2B,APIEx,,Actif,2026-06-29T00:22:55.129258,haute
BJ-34C1B6F1,Pharmacie Chirurgie Péhunco,Santé & Pharmacie,Péhunco,+229 38 97 12 98,,pharmaciechirurgiepéhunco.bj,TPE (<10),B2C,APIEx,,Actif,2026-06-29T00:22:55.129272,moyenne
BJ-0DA5F2A9,Acupuncture Péhunco,Santé & Pharmacie,Péhunco,+229 59 61 93 49,acupuncture.péhunco@acupuncturepéhu.org.bj,,PME (10-50),B2B,APIEx,,Actif,2026-06-29T00:22:55.129291,moyenne
BJ-D02EB244,Santé Centre,Santé & Pharmacie,Péhunco,+229 70 27 69 50,santé.centre@outlook.com,santécentre.bj,PME (10-50),B2C,APIEx,,Actif,2026-06-29T00:22:55.129311,haute
BJ-F2E72C0B,Cabinet Nouveau Bénin,Santé & Pharmacie,Tchaourou,+229 49 42 31 56,cabinetnouveau@gmail.com,cabinetnouveaubénin.bj,TPE (<10),B2C,APIEx,,Actif,2026-06-29T00:22:55.129400,haute
BJ-18B4B27C,Hôpital Central,Santé & Pharmacie,Tchaourou,+229 93 94 15 99,hôpitalcentral@hôpitalcentral.com.bj,hôpitalcentral.bj,Grande (>200),B2C,APIEx,,Actif,2026-06-29T00:22:55.129498,haute
BJ-D5580779,Ostéopathie,Santé & Pharmacie,Tchaourou,+229 57 40 63 94,ostéopathie@ostéopathie.com.bj,ostéopathie.bj,Grande (>200),B2C,APIEx,,Actif,2026-06-29T00:22:55.129535,haute
BJ-C0FFD248,Sanatorium Radiologie Health Nikki,Santé & Pharmacie,Nikki,+229 81 46 24 30,sanatoriumradiologie@sanatoriumradio.bj,sanatoriumradiologiehealthnikki.bj,Grande (>200),B2B,APIEx,,Actif,2026-06-29T00:22:55.129601,haute
BJ-8623978A,Bien-être Nikki,Santé & Pharmacie,Nikki,+229 85 33 31 40,bienêtre@yahoo.com,bienêtrenikki.bj,PME (50-200),B2C,APIEx,,Actif,2026-06-29T00:22:55.129667,haute
BJ-8EA58F77,Gynécologie Plus,Santé & Pharmacie,Nikki,+229 52 35 72 13,gynécologieplus@gynécologieplus.bj,gynécologieplus.bj,TPE (<10),B2B,APIEx,,Actif,2026-06-29T00:22:55.129707,haute
BJ-B9629FF4,Ophtalmologie Centre,Santé & Pharmacie,Nikki,+229 98 24 54 92,,ophtalmologiecentre.bj,PME (10-50),B2B,APIEx,,Actif,2026-06-29T00:22:55.129735,moyenne
BJ-C28FE9A5,Polyclinique Pharma Pharmacie,Santé & Pharmacie,Bembéréké,+229 91 17 70 73,polyclinique_pharma@polycliniquepha.org.bj,,PME (10-50),B2B,APIEx,,Actif,2026-06-29T00:22:55.129825,moyenne
BJ-51E5CDE4,Polyclinique Diététique International Bembéréké,Santé & Pharmacie,Bembéréké,+229 53 59 87 55,polycliniquediététique@polycliniquedié.org.bj,polycliniquediététiqueinternationalbembéréké.bj,TPE (<10),B2C,APIEx,,Actif,2026-06-29T00:22:55.129867,haute
BJ-BA64751E,Pédiatrique Bembéréké,Santé & Pharmacie,Bembéréké,+229 75 76 95 50,,pédiatriquebembéréké.bj,PME (10-50),B2C,APIEx,,Actif,2026-06-29T00:22:55.129919,moyenne
BJ-BAF81095,Sanatorium Emergency,Santé & Pharmacie,Bembéréké,+229 81 56 99 69,s.emergency@yahoo.fr,sanatoriumemergency.bj,TPE (<10),B2C,APIEx,,Actif,2026-06-29T00:22:55.129959,haute
BJ-8963C6B6,Médical,Santé & Pharmacie,Bembéréké,+229 69 82 96 11,médical@yahoo.fr,médical.bj,Grande (>200),B2C,APIEx,,Actif,2026-06-29T00:22:55.129991,haute
BJ-20ADD04B,Polyclinique Chirurgie,Santé & Pharmacie,Kalalé,+229 78 43 77 55,polycliniquechirurgie@hotmail.com,,TPE (<10),B2C,APIEx,,Actif,2026-06-29T00:22:55.130035,moyenne
BJ-CB52CAE8,Polyclinique Nouveau,Santé & Pharmacie,Kalalé,+229 82 12 42 67,polycliniquenouveau@polycliniquenou.org.bj,polycliniquenouveau.bj,PME (10-50),B2C,APIEx,,Actif,2026-06-29T00:22:55.130075,haute
BJ-0FC4136C,Radiologie,Santé & Pharmacie,Kalalé,+229 88 21 79 13,radiologie@gmail.com,,PME (10-50),B2B,APIEx,,Actif,2026-06-29T00:22:55.130106,moyenne
BJ-241A3D5E,Cabinet Soins Hôpital,Santé & Pharmacie,Kalalé,+229 65 27 14 72,cabinetsoins@yahoo.com,cabinetsoinshôpital.bj,TPE (<10),B2B,APIEx,,Actif,2026-06-29T00:22:55.130142,haute
BJ-98492998,Cabinet Guérison,Santé & Pharmacie,Kalalé,+229 58 62 42 75,cabinet.guérison@cabinetguérison.org.bj,cabinetguérison.bj,TPE (<10),B2C,APIEx,,Actif,2026-06-29T00:22:55.130179,haute
BJ-F018E3D1,Centre Biologie Pharmacie,Santé & Pharmacie,Ndali,+229 89 58 81 76,centre.biologie@centrebiologiep.com.bj,,TPE (<10),B2B,APIEx,,Actif,2026-06-29T00:22:55.130233,moyenne
BJ-D8F8D8F0,Polyclinique Emergency,Santé & Pharmacie,Ndali,+229 29 32 31 86,polycliniqueemergency@yahoo.fr,,Grande (>200),B2C,APIEx,,Actif,2026-06-29T00:22:55.130350,moyenne
BJ-BEB4BCDE,Nouveau Ndali,Santé & Pharmacie,Ndali,+229 27 99 43 91,nouveaundali@yahoo.fr,nouveaundali.bj,TPE (<10),B2B,APIEx,,Actif,2026-06-29T00:22:55.130400,haute
BJ-CAE722FD,Royal Centre,Santé & Pharmacie,Ndali,+229 22 51 15 33,royal.centre@royalcentre.org.bj,,TPE (<10),B2B,APIEx,,Actif,2026-06-29T00:22:55.130426,moyenne
BJ-E9C16BDC,Dispensaire Dermatologie International,Santé & Pharmacie,Ségbana,+229 63 42 20 37,dispensaire.dermatologie@hotmail.com,,TPE (<10),B2B,APIEx,,Actif,2026-06-29T00:22:55.130460,moyenne
BJ-B7E1435F,Médical Hôpital,Santé & Pharmacie,Ségbana,+229 89 46 28 64,médical.hôpital@médicalhôpital.com.bj,médicalhôpital.bj,TPE (<10),B2C,APIEx,,Actif,2026-06-29T00:22:55.130528,haute
BJ-E87E773F,Nutrition Medical,Santé & Pharmacie,Ségbana,+229 39 93 69 51,nutrition.medical@yahoo.com,nutritionmedical.bj,PME (50-200),B2C,APIEx,,Actif,2026-06-29T00:22:55.130572,haute
BJ-2B9516CE,Pharmacie Médical,Santé & Pharmacie,Tchaourou,+229 75 86 34 73,pharmacie.médical@pharmaciemédica.org.bj,pharmaciemédical.bj,TPE (<10),B2C,APIEx,,Actif,2026-06-29T00:22:55.130659,haute
BJ-DED31AFF,Laboratoire Dermatologie Bénin,Santé & Pharmacie,Tchaourou,+229 62 50 64 15,laboratoiredermatologie@hotmail.com,laboratoiredermatologiebénin.bj,PME (10-50),B2B,APIEx,,Actif,2026-06-29T00:22:55.130731,haute
BJ-B992E97A,Dentaire Hôpital,Santé & Pharmacie,Tchaourou,+229 56 26 79 91,dentaire.hôpital@gmail.com,,TPE (<10),B2B,APIEx,,Actif,2026-06-29T00:22:55.130765,moyenne
BJ-CA520B7E,Sanatorium Médecine,Santé & Pharmacie,Tchaourou,+229 27 26 59 99,sanatoriummédecine@sanatoriummédec.bj,sanatoriummédecine.bj,Grande (>200),B2B,APIEx,,Actif,2026-06-29T00:22:55.130801,haute
BJ-C1ED9861,ORL Bétérou,Santé & Pharmacie,Bétérou,+229 50 43 29 38,orlbétérou@gmail.com,orlbétérou.bj,PME (50-200),B2B,APIEx,,Actif,2026-06-29T00:22:55.130883,haute
BJ-A39819AF,Médical,Santé & Pharmacie,Bétérou,+229 52 39 54 70,médical@yahoo.fr,,TPE (<10),B2C,APIEx,,Actif,2026-06-29T00:22:55.130920,moyenne
BJ-70B3FA1E,Cabinet Analyses Cabinet,Santé & Pharmacie,Bétérou,+229 39 93 93 11,cabinet.analyses@yahoo.com,,TPE (<10),B2C,APIEx,,Actif,2026-06-29T00:22:55.130939,moyenne
BJ-FB1D9672,Chirurgie Care,Santé & Pharmacie,Bétérou,+229 49 64 82 16,chirurgiecare@chirurgiecare.bj,chirurgiecare.bj,PME (10-50),B2C,APIEx,,Actif,2026-06-29T00:22:55.130957,haute
BJ-F81456A4,ORL,Santé & Pharmacie,Ouessè,+229 99 83 26 95,orl@yahoo.fr,orl.bj,TPE (<10),B2B,APIEx,,Actif,2026-06-29T00:22:55.130981,haute
BJ-7DF095FC,Vie Ouessè,Santé & Pharmacie,Ouessè,+229 71 54 25 88,vieouessè@vieouessè.com.bj,vieouessè.bj,Grande (>200),B2B,APIEx,,Actif,2026-06-29T00:22:55.131001,haute
BJ-E83A2798,Biologie Clinique,Santé & Pharmacie,Ouessè,+229 56 92 11 54,b.clinique@yahoo.com,,TPE (<10),B2C,APIEx,,Actif,2026-06-29T00:22:55.131021,moyenne
BJ-A1C29E37,Polyclinique Urgence Clinique Ouessè,Santé & Pharmacie,Ouessè,+229 98 84 56 71,polycliniqueurgence@gmail.com,,TPE (<10),B2B,APIEx,,Actif,2026-06-29T00:22:55.131041,moyenne
BJ-E2AB4FC9,Pharmacie Dentaire Cabinet,Santé & Pharmacie,Ouessè,+229 52 21 93 42,,pharmaciedentairecabinet.bj,TPE (<10),B2C,APIEx,,Actif,2026-06-29T00:22:55.131054,moyenne
BJ-F55D6008,Rééducation Clinique,Santé & Pharmacie,Glazoué,+229 94 35 76 68,,rééducationclinique.bj,PME (10-50),B2C,APIEx,,Actif,2026-06-29T00:22:55.131091,moyenne
BJ-A8ADD4CE,Diététique,Santé & Pharmacie,Glazoué,+229 66 70 42 68,diététique@diététique.org.bj,diététique.bj,TPE (<10),B2C,APIEx,,Actif,2026-06-29T00:22:55.131108,haute
BJ-93AA4026,Clinique Ostéopathie Pharmacie,Santé & Pharmacie,Glazoué,+229 27 31 69 19,,,PME (10-50),B2B,APIEx,,Actif,2026-06-29T00:22:55.131120,basse
BJ-91D8259A,Rééducation Hôpital,Santé & Pharmacie,Glazoué,+229 93 57 95 34,rééducationhôpital@rééducationhôpi.bj,rééducationhôpital.bj,PME (10-50),B2C,APIEx,,Actif,2026-06-29T00:22:55.131143,haute
BJ-17391BA3,Hôpital Maternité,Santé & Pharmacie,Dassa-Zoumè,+229 95 36 11 38,hôpitalmaternité@hôpitalmaternit.bj,hôpitalmaternité.bj,PME (50-200),B2C,APIEx,,Actif,2026-06-29T00:22:55.131170,haute
BJ-2EDE1F55,Clinique Radiologie,Santé & Pharmacie,Dassa-Zoumè,+229 33 76 37 12,clinique.radiologie@cliniqueradiolo.bj,cliniqueradiologie.bj,PME (10-50),B2C,APIEx,,Actif,2026-06-29T00:22:55.131192,haute
BJ-4E4C2587,Dispensaire Royal,Santé & Pharmacie,Dassa-Zoumè,+229 70 42 54 39,dispensaireroyal@yahoo.fr,dispensaireroyal.bj,PME (50-200),B2C,APIEx,,Actif,2026-06-29T00:22:55.131212,haute
BJ-ACE0AB42,Sanatorium Santé Bénin,Santé & Pharmacie,Dassa-Zoumè,+229 55 99 85 10,sanatorium.santé@sanatoriumsanté.bj,sanatoriumsantébénin.bj,TPE (<10),B2B,APIEx,,Actif,2026-06-29T00:22:55.131231,haute
BJ-7808D44C,Cabinet Pédiatrie Bénin,Santé & Pharmacie,Savalou,+229 53 48 77 59,c.pédiatrie@cabinetpédiatri.bj,cabinetpédiatriebénin.bj,PME (50-200),B2C,APIEx,,Actif,2026-06-29T00:22:55.131273,haute
BJ-7AC6B424,ORL,Santé & Pharmacie,Savalou,+229 26 28 97 86,orl@orl.com.bj,orl.bj,PME (10-50),B2C,APIEx,,Actif,2026-06-29T00:22:55.131288,haute
BJ-DA756E2C,Clinique Médicament Bénin Savalou,Santé & Pharmacie,Savalou,+229 63 23 85 87,clinique.médicament@cliniquemédicam.com.bj,cliniquemédicamentbéninsavalou.bj,PME (50-200),B2C,APIEx,,Actif,2026-06-29T00:22:55.131307,haute
BJ-DD793CB3,Centre Guérison Cabinet,Santé & Pharmacie,Savalou,+229 72 42 26 96,,,PME (10-50),B2B,APIEx,,Actif,2026-06-29T00:22:55.131318,basse
BJ-F727F67F,Sainte Centre,Santé & Pharmacie,Savalou,+229 62 51 77 53,saintecentre@saintecentre.com.bj,saintecentre.bj,PME (10-50),B2B,APIEx,,Actif,2026-06-29T00:22:55.131336,haute
BJ-B37E333D,Sanatorium Emergency Hôpital,Santé & Pharmacie,Bantè,+229 20 12 86 52,s.emergency@hotmail.com,sanatoriumemergencyhôpital.bj,PME (10-50),B2C,APIEx,,Actif,2026-06-29T00:22:55.131360,haute
BJ-A85210BA,Dentaire International,Santé & Pharmacie,Bantè,+229 59 85 48 68,dentaireinternational@dentaireinterna.com.bj,dentaireinternational.bj,PME (10-50),B2C,APIEx,,Actif,2026-06-29T00:22:55.131377,haute
BJ-C416AF01,Ostéopathie,Santé & Pharmacie,Bantè,+229 27 72 70 30,ostéopathie@gmail.com,ostéopathie.bj,PME (10-50),B2C,APIEx,,Actif,2026-06-29T00:22:55.131396,haute
BJ-6B22737F,Rééducation,Santé & Pharmacie,Bantè,+229 35 28 81 35,rééducation@gmail.com,rééducation.bj,TPE (<10),B2C,APIEx,,Actif,2026-06-29T00:22:55.131410,haute
BJ-BBB9CF4C,Pharma Plus Bantè,Santé & Pharmacie,Bantè,+229 52 85 50 61,pharma.plus@pharmaplusbantè.org.bj,pharmaplusbantè.bj,PME (50-200),B2B,APIEx,,Actif,2026-06-29T00:22:55.131429,haute
BJ-9AC142BB,Nutrition Health,Santé & Pharmacie,Djougou,+229 67 79 82 77,nutritionhealth@nutritionhealth.com.bj,nutritionhealth.bj,TPE (<10),B2C,APIEx,,Actif,2026-06-29T00:22:55.131457,haute
BJ-CCBA40FA,Polyclinique Urgence,Santé & Pharmacie,Djougou,+229 36 64 13 81,polycliniqueurgence@polycliniqueurg.org.bj,,TPE (<10),B2C,APIEx,,Actif,2026-06-29T00:22:55.131474,moyenne
BJ-F4D91890,Acupuncture,Santé & Pharmacie,Djougou,+229 24 50 46 22,acupuncture@acupuncture.com.bj,acupuncture.bj,TPE (<10),B2B,APIEx,,Actif,2026-06-29T00:22:55.131489,haute
BJ-DA863469,Ostéopathie Djougou,Santé & Pharmacie,Djougou,+229 88 50 79 78,ostéopathiedjougou@outlook.com,,TPE (<10),B2B,APIEx,,Actif,2026-06-29T00:22:55.131505,moyenne
BJ-18A00D00,Gériatrique Plus,Santé & Pharmacie,Djougou,+229 64 22 45 88,g.plus@gmail.com,gériatriqueplus.bj,TPE (<10),B2C,APIEx,,Actif,2026-06-29T00:22:55.131521,haute
BJ-D3B4E6D9,Pédiatrie International,Santé & Pharmacie,Ouèssè,+229 48 25 12 54,pédiatrieinternational@outlook.com,pédiatrieinternational.bj,TPE (<10),B2C,APIEx,,Actif,2026-06-29T00:22:55.131546,haute
BJ-F066F30E,Pédiatrique Ouèssè,Santé & Pharmacie,Ouèssè,+229 75 31 61 34,pédiatriqueouèssè@pédiatriqueouès.org.bj,pédiatriqueouèssè.bj,TPE (<10),B2C,APIEx,,Actif,2026-06-29T00:22:55.131574,haute
BJ-9B686528,Central Ouèssè,Santé & Pharmacie,Ouèssè,+229 44 55 17 97,centralouèssè@outlook.com,,PME (50-200),B2B,APIEx,,Actif,2026-06-29T00:22:55.131593,moyenne
BJ-11998228,Dispensaire Kinésithérapie International,Santé & Pharmacie,Ouèssè,+229 22 91 45 40,d.kinésithérapie@yahoo.fr,dispensairekinésithérapieinternational.bj,TPE (<10),B2C,APIEx,,Actif,2026-06-29T00:22:55.131629,haute
BJ-68DB3B02,Pharmacie Urgence,Santé & Pharmacie,Bassila,+229 65 34 88 44,p.urgence@pharmacieurgenc.org.bj,,TPE (<10),B2C,APIEx,,Actif,2026-06-29T00:22:55.131652,moyenne
BJ-204047FC,Royal Care,Santé & Pharmacie,Bassila,+229 52 39 71 54,r.care@royalcare.com.bj,royalcare.bj,PME (10-50),B2B,APIEx,,Actif,2026-06-29T00:22:55.131669,haute
BJ-ED21FE11,Laboratoire Pédiatrie Health,Santé & Pharmacie,Bassila,+229 58 26 73 93,laboratoire.pédiatrie@hotmail.com,,PME (50-200),B2C,APIEx,,Actif,2026-06-29T00:22:55.131685,moyenne
BJ-D2155C27,Gériatrique Cabinet,Santé & Pharmacie,Bassila,+229 37 64 23 21,gériatriquecabinet@yahoo.fr,gériatriquecabinet.bj,PME (10-50),B2C,APIEx,,Actif,2026-06-29T00:22:55.131702,haute
BJ-2149818A,Sanatorium Ostéopathie Bassila,Santé & Pharmacie,Bassila,+229 50 37 70 19,sanatorium.ostéopathie@hotmail.com,,TPE (<10),B2B,APIEx,,Actif,2026-06-29T00:22:55.131722,moyenne
BJ-59E37824,Sainte Clinique,Santé & Pharmacie,Pehunco,+229 80 87 74 53,,sainteclinique.bj,TPE (<10),B2C,APIEx,,Actif,2026-06-29T00:22:55.131743,moyenne
BJ-70EDE9EF,Santé International,Santé & Pharmacie,Pehunco,+229 73 85 71 38,,santéinternational.bj,PME (10-50),B2B,APIEx,,Actif,2026-06-29T00:22:55.131757,moyenne
BJ-F2EA4B46,Médical,Santé & Pharmacie,Pehunco,+229 87 54 51 60,,médical.bj,Grande (>200),B2C,APIEx,,Actif,2026-06-29T00:22:55.131772,moyenne
BJ-3B19DE08,Pharmacie ORL Pharmacie,Santé & Pharmacie,Pehunco,+229 36 94 74 71,pharmacie.orl@pharmacieorlpha.bj,pharmacieorlpharmacie.bj,TPE (<10),B2C,APIEx,,Actif,2026-06-29T00:22:55.131795,haute
BJ-12DC46D5,Pharmacie Imagerie Pehunco,Santé & Pharmacie,Pehunco,+229 92 18 70 87,pharmacieimagerie@yahoo.fr,pharmacieimageriepehunco.bj,PME (50-200),B2B,APIEx,,Actif,2026-06-29T00:22:55.131813,haute
BJ-6DD9DBAA,Cabinet Chirurgie,Santé & Pharmacie,Copargo,+229 55 59 67 44,cabinetchirurgie@cabinetchirurgi.bj,,PME (50-200),B2C,APIEx,,Actif,2026-06-29T00:22:55.131837,moyenne
BJ-2C456815,Nutrition,Santé & Pharmacie,Copargo,+229 47 59 36 66,nutrition@nutrition.com.bj,nutrition.bj,PME (10-50),B2B,APIEx,,Actif,2026-06-29T00:22:55.131852,haute
BJ-2E642DD3,Emergency,Santé & Pharmacie,Copargo,+229 64 17 92 40,emergency@emergency.com.bj,emergency.bj,PME (10-50),B2C,APIEx,,Actif,2026-06-29T00:22:55.131867,haute
BJ-EBDB1248,Dermatologie Health,Santé & Pharmacie,Copargo,+229 94 98 17 97,dermatologiehealth@dermatologiehea.org.bj,dermatologiehealth.bj,PME (10-50),B2C,APIEx,,Actif,2026-06-29T00:22:55.131883,haute
BJ-F89FCAEA,Pharma,Santé & Pharmacie,Copargo,+229 48 24 20 48,pharma@gmail.com,pharma.bj,PME (50-200),B2B,APIEx,,Actif,2026-06-29T00:22:55.131912,haute
BJ-F795C533,Société Sécurité Capital,Finance & Assurance,Cotonou,+229 38 88 86 90,société.sécurité@hotmail.com,sociétésécuritécapital.bj,TPE (<10),B2B,APIEx,,Actif,2026-06-29T00:22:55.131940,haute
BJ-AFF7FBB0,Santé Partners,Finance & Assurance,Cotonou,+229 83 86 37 61,s.partners@santépartners.org.bj,,PME (50-200),B2B,APIEx,,Actif,2026-06-29T00:22:55.131959,moyenne
BJ-5D95367E,Crypto,Finance & Assurance,Cotonou,+229 96 67 67 11,crypto@crypto.bj,crypto.bj,TPE (<10),B2B,APIEx,,Actif,2026-06-29T00:22:55.131981,haute
BJ-926B6496,Devise Cotonou,Finance & Assurance,Cotonou,+229 92 12 56 93,devise.cotonou@outlook.com,devisecotonou.bj,PME (10-50),B2C,APIEx,,Actif,2026-06-29T00:22:55.131998,haute
BJ-200BBEE4,Africa Partners,Finance & Assurance,Cotonou,+229 25 86 83 87,africapartners@yahoo.com,africapartners.bj,PME (10-50),B2B,APIEx,,Actif,2026-06-29T00:22:55.132019,haute
BJ-8B367DBA,Management Capital,Finance & Assurance,Abomey-Calavi,+229 53 19 13 65,,managementcapital.bj,PME (10-50),B2C,APIEx,,Actif,2026-06-29T00:22:55.132079,moyenne
BJ-9F568D4B,Cabinet Vie,Finance & Assurance,Abomey-Calavi,+229 87 91 84 28,cabinet.vie@cabinetvie.com.bj,,PME (10-50),B2B,APIEx,,Actif,2026-06-29T00:22:55.132117,moyenne
BJ-18990C92,Investissement Bénin,Finance & Assurance,Abomey-Calavi,+229 69 53 22 15,investissement_bénin@gmail.com,investissementbénin.bj,PME (10-50),B2C,APIEx,,Actif,2026-06-29T00:22:55.132144,haute
BJ-EB335BE2,Groupe Africa,Finance & Assurance,Abomey-Calavi,+229 52 94 66 12,groupe.africa@hotmail.com,groupeafrica.bj,TPE (<10),B2B,APIEx,,Actif,2026-06-29T00:22:55.132183,haute
BJ-763B5013,Cabinet Placement Porto-Novo,Finance & Assurance,Porto-Novo,+229 47 25 71 74,,cabinetplacementportonovo.bj,PME (50-200),B2B,APIEx,,Actif,2026-06-29T00:22:55.132205,moyenne
BJ-7F395CAA,Finance Fintech Capital,Finance & Assurance,Porto-Novo,+229 87 92 34 91,financefintech@financefintechc.com.bj,financefintechcapital.bj,TPE (<10),B2B,APIEx,,Actif,2026-06-29T00:22:55.132222,haute
BJ-D1DEFC48,Épargne National,Finance & Assurance,Porto-Novo,+229 68 59 18 47,épargne.national@hotmail.com,épargnenational.bj,PME (50-200),B2C,APIEx,,Actif,2026-06-29T00:22:55.132246,haute
BJ-EEDCF5A3,Investissement Devise Partners,Finance & Assurance,Porto-Novo,+229 92 40 14 24,investissementdevise@yahoo.com,investissementdevisepartners.bj,PME (50-200),B2B,APIEx,,Actif,2026-06-29T00:22:55.132264,haute
BJ-DCD7134F,Capital West,Finance & Assurance,Porto-Novo,+229 40 17 79 76,c.west@capitalwest.org.bj,capitalwest.bj,PME (50-200),B2B,APIEx,,Actif,2026-06-29T00:22:55.132281,haute
BJ-336C3C47,Investissement Crédit SA,Finance & Assurance,Parakou,+229 72 75 76 35,investissement.crédit@hotmail.com,investissementcréditsa.bj,TPE (<10),B2B,APIEx,,Actif,2026-06-29T00:22:55.132320,haute
BJ-EB1454BE,Monétique,Finance & Assurance,Parakou,+229 60 95 42 45,monétique@monétique.org.bj,monétique.bj,Grande (>200),B2C,APIEx,,Actif,2026-06-29T00:22:55.132336,haute
BJ-6F7978C7,Société Wealth,Finance & Assurance,Parakou,+229 93 33 76 20,société_wealth@hotmail.com,,PME (50-200),B2C,APIEx,,Actif,2026-06-29T00:22:55.132352,moyenne
BJ-FE2DE5A7,Micro Prévoyance International,Finance & Assurance,Parakou,+229 38 85 54 89,microprévoyance@microprévoyance.bj,microprévoyanceinternational.bj,TPE (<10),B2B,APIEx,,Actif,2026-06-29T00:22:55.132371,haute
BJ-6D88051F,Protection,Finance & Assurance,Bohicon,+229 87 17 44 74,protection@gmail.com,protection.bj,PME (10-50),B2B,APIEx,,Actif,2026-06-29T00:22:55.132392,haute
BJ-BBBE3AE6,Groupe Monétique,Finance & Assurance,Bohicon,+229 77 31 21 99,g.monétique@groupemonétique.com.bj,groupemonétique.bj,Grande (>200),B2B,APIEx,,Actif,2026-06-29T00:22:55.132410,haute
BJ-E6E5CD1B,Finance Gestion,Finance & Assurance,Bohicon,+229 78 57 29 54,finance.gestion@outlook.com,financegestion.bj,TPE (<10),B2C,APIEx,,Actif,2026-06-29T00:22:55.132429,haute
BJ-F1F2B751,Placement Bohicon,Finance & Assurance,Bohicon,+229 91 97 33 46,placementbohicon@outlook.com,placementbohicon.bj,TPE (<10),B2B,APIEx,,Actif,2026-06-29T00:22:55.132449,haute
BJ-AF295EC3,Finance Prévoyance Bohicon,Finance & Assurance,Bohicon,+229 84 79 79 85,f.prévoyance@outlook.com,,TPE (<10),B2C,APIEx,,Actif,2026-06-29T00:22:55.132466,moyenne
BJ-07229661,Obligations Finance,Finance & Assurance,Natitingou,+229 78 83 25 38,obligations.finance@yahoo.com,obligationsfinance.bj,TPE (<10),B2C,APIEx,,Actif,2026-06-29T00:22:55.132489,haute
BJ-46440317,Santé Bank,Finance & Assurance,Natitingou,+229 90 64 18 35,santé_bank@hotmail.com,santébank.bj,PME (50-200),B2C,APIEx,,Actif,2026-06-29T00:22:55.132507,haute
BJ-27772BB7,Investissement Bank Natitingou,Finance & Assurance,Natitingou,+229 83 38 45 77,i.bank@investissementb.org.bj,investissementbanknatitingou.bj,TPE (<10),B2C,APIEx,,Actif,2026-06-29T00:22:55.132524,haute
BJ-3567873E,Investissement Investissement,Finance & Assurance,Natitingou,+229 98 28 60 41,i.investissement@investissementi.bj,investissementinvestissement.bj,PME (50-200),B2B,APIEx,,Actif,2026-06-29T00:22:55.132544,haute
BJ-0704AF94,Transfert,Finance & Assurance,Natitingou,+229 98 87 41 93,transfert@transfert.bj,transfert.bj,TPE (<10),B2B,APIEx,,Actif,2026-06-29T00:22:55.132559,haute
BJ-7D465A9E,Forex Groupe,Finance & Assurance,Lokossa,+229 76 85 54 96,forexgroupe@forexgroupe.org.bj,forexgroupe.bj,Grande (>200),B2B,APIEx,,Actif,2026-06-29T00:22:55.132582,haute
BJ-D5D4E8BB,Groupe Broker International,Finance & Assurance,Lokossa,+229 78 79 16 99,groupebroker@yahoo.com,groupebrokerinternational.bj,Grande (>200),B2B,APIEx,,Actif,2026-06-29T00:22:55.132597,haute
BJ-A4DCAC08,Banque Fintech,Finance & Assurance,Lokossa,+229 83 46 35 81,banque.fintech@banquefintech.com.bj,banquefintech.bj,Grande (>200),B2C,APIEx,,Actif,2026-06-29T00:22:55.132617,haute
BJ-5ABA3917,Assurance Protection,Finance & Assurance,Lokossa,+229 86 29 36 41,a.protection@hotmail.com,assuranceprotection.bj,PME (10-50),B2C,APIEx,,Actif,2026-06-29T00:22:55.132634,haute
BJ-4F9D32A9,Banque FCP Groupe,Finance & Assurance,Lokossa,+229 34 56 53 21,b.fcp@banquefcpgroupe.com.bj,banquefcpgroupe.bj,TPE (<10),B2C,APIEx,,Actif,2026-06-29T00:22:55.132649,haute
BJ-302196E6,Placement Partners,Finance & Assurance,Ouidah,+229 63 65 79 82,placementpartners@yahoo.com,placementpartners.bj,PME (10-50),B2C,APIEx,,Actif,2026-06-29T00:22:55.132671,haute
BJ-57E1124B,Fintech Groupe,Finance & Assurance,Ouidah,+229 42 70 57 53,fintechgroupe@yahoo.com,fintechgroupe.bj,PME (10-50),B2C,APIEx,,Actif,2026-06-29T00:22:55.132688,haute
BJ-A2BA4355,Investissement Actions Advisory Ouidah,Finance & Assurance,Ouidah,+229 73 94 46 22,i.actions@gmail.com,investissementactionsadvisoryouidah.bj,PME (50-200),B2C,APIEx,,Actif,2026-06-29T00:22:55.132708,haute
BJ-FA146194,Patrimoine International,Finance & Assurance,Ouidah,+229 43 79 60 64,p.international@patrimoineinter.bj,patrimoineinternational.bj,PME (50-200),B2C,APIEx,,Actif,2026-06-29T00:22:55.132724,haute
BJ-D90A4184,Société Blockchain Advisory,Finance & Assurance,Ouidah,+229 88 43 78 92,société.blockchain@yahoo.fr,sociétéblockchainadvisory.bj,PME (50-200),B2C,APIEx,,Actif,2026-06-29T00:22:55.132741,haute
BJ-F684CC59,Cabinet Protection,Finance & Assurance,Savalou,+229 48 83 18 12,cabinetprotection@cabinetprotecti.bj,cabinetprotection.bj,PME (10-50),B2C,APIEx,,Actif,2026-06-29T00:22:55.132764,haute
BJ-9B0E89D9,Crédit,Finance & Assurance,Savalou,+229 97 33 73 51,crédit@crédit.com.bj,crédit.bj,PME (10-50),B2B,APIEx,,Actif,2026-06-29T00:22:55.132797,haute
BJ-8584F88B,Crypto Savalou,Finance & Assurance,Savalou,+229 38 87 82 29,c.savalou@cryptosavalou.bj,cryptosavalou.bj,PME (50-200),B2B,APIEx,,Actif,2026-06-29T00:22:55.132814,haute
BJ-66CF7061,Groupe Retraite Partners Savalou,Finance & Assurance,Savalou,+229 32 34 85 11,groupe_retraite@outlook.com,grouperetraitepartnerssavalou.bj,PME (50-200),B2B,APIEx,,Actif,2026-06-29T00:22:55.132830,haute
BJ-217AA0FB,Multirisque Partners Dassa-Zoumè,Finance & Assurance,Dassa-Zoumè,+229 97 45 50 47,m.partners@outlook.com,multirisquepartnersdassazoumè.bj,PME (10-50),B2B,APIEx,,Actif,2026-06-29T00:22:55.132859,haute
BJ-0AEC913C,Société Africa Assurances,Finance & Assurance,Dassa-Zoumè,+229 84 45 43 96,sociétéafrica@sociétéafricaas.bj,sociétéafricaassurances.bj,PME (50-200),B2B,APIEx,,Actif,2026-06-29T00:22:55.132906,haute
BJ-B1C558EC,Investissement Crédit Groupe Dassa-Zoumè,Finance & Assurance,Dassa-Zoumè,+229 42 84 41 85,investissementcrédit@investissementc.org.bj,investissementcréditgroupedassazoumè.bj,PME (50-200),B2B,APIEx,,Actif,2026-06-29T00:22:55.132928,haute
BJ-FB352B27,Devise SA,Finance & Assurance,Kétou,+229 75 79 38 96,devise@devisesa.com.bj,devisesa.bj,PME (50-200),B2C,APIEx,,Actif,2026-06-29T00:22:55.132968,haute
BJ-70E6D981,Société Africa Invest Kétou,Finance & Assurance,Kétou,+229 32 39 36 37,société.africa@gmail.com,sociétéafricainvestkétou.bj,TPE (<10),B2B,APIEx,,Actif,2026-06-29T00:22:55.132987,haute
BJ-DB634995,Finance Monétique Advisory,Finance & Assurance,Kétou,+229 36 47 94 83,finance.monétique@hotmail.com,financemonétiqueadvisory.bj,TPE (<10),B2B,APIEx,,Actif,2026-06-29T00:22:55.133012,haute
BJ-7428E1A9,Broker SA,Finance & Assurance,Kétou,+229 62 24 77 13,broker@yahoo.com,brokersa.bj,PME (50-200),B2C,APIEx,,Actif,2026-06-29T00:22:55.133030,haute
BJ-77BA433E,Retraite,Finance & Assurance,Kétou,+229 39 76 91 67,retraite@retraite.bj,retraite.bj,PME (10-50),B2C,APIEx,,Actif,2026-06-29T00:22:55.133044,haute
BJ-286EAE16,Bourse Advisory,Finance & Assurance,Covè,+229 57 56 79 79,b.advisory@outlook.com,bourseadvisory.bj,TPE (<10),B2C,APIEx,,Actif,2026-06-29T00:22:55.133082,haute
BJ-E1A82FA1,Banque Change Invest,Finance & Assurance,Covè,+229 71 36 96 46,banque.change@banquechangeinv.com.bj,,PME (10-50),B2C,APIEx,,Actif,2026-06-29T00:22:55.133099,moyenne
BJ-A8FA35D5,Banque SICAV Capital,Finance & Assurance,Covè,+229 53 51 91 61,b.sicav@gmail.com,banquesicavcapital.bj,TPE (<10),B2B,APIEx,,Actif,2026-06-29T00:22:55.133114,haute
BJ-EE391918,Crédit Trading Advisory,Finance & Assurance,Pobè,+229 94 21 66 15,crédit.trading@outlook.com,crédittradingadvisory.bj,TPE (<10),B2C,APIEx,,Actif,2026-06-29T00:22:55.133155,haute
BJ-B8E255E6,Investissement West,Finance & Assurance,Pobè,+229 97 10 80 93,investissement.west@investissementw.org.bj,investissementwest.bj,PME (10-50),B2B,APIEx,,Actif,2026-06-29T00:22:55.133172,haute
BJ-071EFB03,Investissement Blockchain,Finance & Assurance,Pobè,+229 58 52 15 41,investissementblockchain@investissementb.com.bj,investissementblockchain.bj,PME (50-200),B2B,APIEx,,Actif,2026-06-29T00:22:55.133206,haute
BJ-876D5925,Épargne Paiement Finance,Finance & Assurance,Pobè,+229 84 43 43 92,épargnepaiement@yahoo.com,,Grande (>200),B2B,APIEx,,Actif,2026-06-29T00:22:55.133222,moyenne
BJ-EA78EA9E,Fintech Capital,Finance & Assurance,Sakété,+229 88 86 17 97,fintech.capital@gmail.com,fintechcapital.bj,PME (10-50),B2C,APIEx,,Actif,2026-06-29T00:22:55.133245,haute
BJ-7CCAD0A2,Banque Obligations Capital,Finance & Assurance,Sakété,+229 94 43 90 24,banque.obligations@banqueobligatio.org.bj,banqueobligationscapital.bj,TPE (<10),B2B,APIEx,,Actif,2026-06-29T00:22:55.133261,haute
BJ-319AA4C1,Groupe Prévoyance Groupe,Finance & Assurance,Sakété,+229 47 86 85 33,groupeprévoyance@groupeprévoyanc.com.bj,groupeprévoyancegroupe.bj,PME (10-50),B2C,APIEx,,Actif,2026-06-29T00:22:55.133283,haute
BJ-A64AC7EC,Prévoyance,Finance & Assurance,Sakété,+229 38 46 27 59,prévoyance@yahoo.fr,prévoyance.bj,PME (50-200),B2B,APIEx,,Actif,2026-06-29T00:22:55.133298,haute
BJ-7238C451,Patrimoine Partners Sakété,Finance & Assurance,Sakété,+229 54 92 61 67,,patrimoinepartnerssakété.bj,PME (10-50),B2C,APIEx,,Actif,2026-06-29T00:22:55.133315,moyenne
BJ-C989DD5A,Bourse,Finance & Assurance,Adjara,+229 61 34 80 34,bourse@yahoo.com,bourse.bj,TPE (<10),B2C,APIEx,,Actif,2026-06-29T00:22:55.133336,haute
BJ-E05D6ADE,Assurance Sécurité,Finance & Assurance,Adjara,+229 30 59 54 21,assurance.sécurité@yahoo.com,assurancesécurité.bj,Grande (>200),B2B,APIEx,,Actif,2026-06-29T00:22:55.133371,haute
BJ-7138949E,Capital Santé Groupe Adjara,Finance & Assurance,Adjara,+229 53 57 74 31,capitalsanté@gmail.com,capitalsantégroupeadjara.bj,PME (10-50),B2C,APIEx,,Actif,2026-06-29T00:22:55.133389,haute
BJ-26F5C3FB,Micro International International,Finance & Assurance,Adjara,+229 74 68 87 44,micro.international@microinternatio.bj,microinternationalinternational.bj,PME (10-50),B2B,APIEx,,Actif,2026-06-29T00:22:55.133405,haute
BJ-CB9A6140,Finance Monétique,Finance & Assurance,Allada,+229 51 44 38 81,finance.monétique@financemonétiqu.bj,,PME (10-50),B2B,APIEx,,Actif,2026-06-29T00:22:55.133430,moyenne
BJ-EA47E100,West,Finance & Assurance,Allada,+229 54 30 83 75,west@west.org.bj,west.bj,Grande (>200),B2C,APIEx,,Actif,2026-06-29T00:22:55.133444,haute
BJ-382375AD,Multirisque Groupe,Finance & Assurance,Allada,+229 93 43 50 23,m.groupe@yahoo.com,multirisquegroupe.bj,TPE (<10),B2B,APIEx,,Actif,2026-06-29T00:22:55.133474,haute
BJ-0D4AEB6A,Crédit Monétique,Finance & Assurance,Allada,+229 88 33 12 49,crédit.monétique@créditmonétique.org.bj,créditmonétique.bj,Grande (>200),B2B,APIEx,,Actif,2026-06-29T00:22:55.133495,haute
BJ-153BD4A1,Assurance Placement,Finance & Assurance,Aplahoué,+229 89 57 29 72,assurance.placement@assuranceplacem.org.bj,assuranceplacement.bj,Grande (>200),B2B,APIEx,,Actif,2026-06-29T00:22:55.133519,haute
BJ-4A84C469,FCP Invest,Finance & Assurance,Aplahoué,+229 34 23 33 49,fcp.invest@outlook.com,fcpinvest.bj,TPE (<10),B2C,APIEx,,Actif,2026-06-29T00:22:55.133535,haute
BJ-30BC7957,Micro Transfert Aplahoué,Finance & Assurance,Aplahoué,+229 89 37 70 36,microtransfert@gmail.com,microtransfertaplahoué.bj,PME (50-200),B2C,APIEx,,Actif,2026-06-29T00:22:55.133574,haute
BJ-089227DE,Investissement International,Finance & Assurance,Aplahoué,+229 24 74 64 94,investissement.international@investissementi.com.bj,investissementinternational.bj,TPE (<10),B2B,APIEx,,Actif,2026-06-29T00:22:55.133590,haute
BJ-5C45A0DF,FCP,Finance & Assurance,Dogbo-Tota,+229 67 67 59 14,fcp@hotmail.com,fcp.bj,TPE (<10),B2B,APIEx,,Actif,2026-06-29T00:22:55.133611,haute
BJ-13B4B60A,Finance Santé International,Finance & Assurance,Dogbo-Tota,+229 58 62 29 31,financesanté@financesantéint.com.bj,financesantéinternational.bj,PME (50-200),B2B,APIEx,,Actif,2026-06-29T00:22:55.133629,haute
BJ-29A8538D,Finance Retraite,Finance & Assurance,Dogbo-Tota,+229 48 49 98 39,f.retraite@financeretraite.com.bj,financeretraite.bj,Grande (>200),B2C,APIEx,,Actif,2026-06-29T00:22:55.133646,haute
BJ-61BC1002,Groupe FCP,Finance & Assurance,Dogbo-Tota,+229 25 88 56 84,groupe.fcp@groupefcp.com.bj,,TPE (<10),B2B,APIEx,,Actif,2026-06-29T00:22:55.133661,moyenne
BJ-6693205B,Obligations,Finance & Assurance,Dogbo-Tota,+229 60 59 41 55,obligations@gmail.com,obligations.bj,PME (10-50),B2B,APIEx,,Actif,2026-06-29T00:22:55.133675,haute
BJ-20C9BA32,Finance International Advisory,Finance & Assurance,Kpomassè,+229 38 88 36 62,financeinternational@outlook.com,financeinternationaladvisory.bj,Grande (>200),B2C,APIEx,,Actif,2026-06-29T00:22:55.133698,haute
BJ-D8507312,Placement,Finance & Assurance,Kpomassè,+229 47 11 73 44,placement@placement.com.bj,placement.bj,PME (50-200),B2C,APIEx,,Actif,2026-06-29T00:22:55.133712,haute
BJ-614DC560,Société Devise Kpomassè,Finance & Assurance,Kpomassè,+229 90 28 15 53,,sociétédevisekpomassè.bj,TPE (<10),B2C,APIEx,,Actif,2026-06-29T00:22:55.133728,moyenne
BJ-849CF59B,Trading,Finance & Assurance,Kpomassè,+229 72 46 29 97,trading@trading.com.bj,trading.bj,PME (10-50),B2C,APIEx,,Actif,2026-06-29T00:22:55.133742,haute
BJ-B5D8AF93,Monétique Kpomassè,Finance & Assurance,Kpomassè,+229 46 67 40 92,m.kpomassè@yahoo.com,monétiquekpomassè.bj,TPE (<10),B2B,APIEx,,Actif,2026-06-29T00:22:55.133759,haute
BJ-1B96EC02,Assurance Bourse Partners,Finance & Assurance,Tori-Bossito,+229 39 87 17 41,a.bourse@outlook.com,,Grande (>200),B2C,APIEx,,Actif,2026-06-29T00:22:55.133782,moyenne
BJ-CC57F75D,Patrimoine,Finance & Assurance,Tori-Bossito,+229 33 14 63 42,patrimoine@patrimoine.bj,patrimoine.bj,Grande (>200),B2C,APIEx,,Actif,2026-06-29T00:22:55.133796,haute
BJ-76592651,Capital Fintech Advisory,Finance & Assurance,Tori-Bossito,+229 42 18 49 53,,capitalfintechadvisory.bj,PME (10-50),B2C,APIEx,,Actif,2026-06-29T00:22:55.133808,moyenne
BJ-23DD5AB7,Retraite Partners,Finance & Assurance,Tori-Bossito,+229 90 23 57 91,retraite.partners@gmail.com,retraitepartners.bj,TPE (<10),B2B,APIEx,,Actif,2026-06-29T00:22:55.133827,haute
BJ-D50DEA48,Assurance Capital Finance,Finance & Assurance,Tori-Bossito,+229 35 39 47 99,assurance.capital@assurancecapita.bj,assurancecapitalfinance.bj,TPE (<10),B2C,APIEx,,Actif,2026-06-29T00:22:55.133842,haute
BJ-E26FED3E,Société West,Finance & Assurance,Grand-Popo,+229 73 32 76 31,sociétéwest@sociétéwest.org.bj,sociétéwest.bj,PME (50-200),B2B,APIEx,,Actif,2026-06-29T00:22:55.133871,haute
BJ-86307C7F,Investissement Assurance,Finance & Assurance,Grand-Popo,+229 43 57 12 23,investissement.assurance@hotmail.com,investissementassurance.bj,Grande (>200),B2C,APIEx,,Actif,2026-06-29T00:22:55.133886,haute
BJ-F94F24EA,Société Change,Finance & Assurance,Grand-Popo,+229 24 21 28 27,sociétéchange@sociétéchange.bj,,TPE (<10),B2B,APIEx,,Actif,2026-06-29T00:22:55.133933,moyenne
BJ-C0341EE1,IARD Grand-Popo,Finance & Assurance,Grand-Popo,+229 99 51 17 29,iardgrand@iardgrandpopo.org.bj,iardgrandpopo.bj,PME (50-200),B2B,APIEx,,Actif,2026-06-29T00:22:55.133954,haute
BJ-1975535A,Transfert,Finance & Assurance,Grand-Popo,+229 96 56 37 13,transfert@transfert.com.bj,transfert.bj,PME (10-50),B2C,APIEx,,Actif,2026-06-29T00:22:55.133969,haute
BJ-0D75D2D2,Finance West Athiémé,Finance & Assurance,Athiémé,+229 62 63 23 39,financewest@financewestathi.org.bj,financewestathiémé.bj,TPE (<10),B2C,APIEx,,Actif,2026-06-29T00:22:55.133995,haute
BJ-E5DF91ED,Investissement Vie Partners,Finance & Assurance,Athiémé,+229 55 20 61 65,,investissementviepartners.bj,PME (50-200),B2C,APIEx,,Actif,2026-06-29T00:22:55.134008,moyenne
BJ-7E41F4D1,Transfert Partners,Finance & Assurance,Athiémé,+229 85 47 51 73,transfert.partners@transfertpartne.org.bj,transfertpartners.bj,TPE (<10),B2C,APIEx,,Actif,2026-06-29T00:22:55.134025,haute
BJ-7679662C,Société Crédit,Finance & Assurance,Athiémé,+229 68 94 64 68,s.crédit@yahoo.com,sociétécrédit.bj,PME (50-200),B2C,APIEx,,Actif,2026-06-29T00:22:55.134042,haute
BJ-32979B3B,Épargne Santé Advisory Athiémé,Finance & Assurance,Athiémé,+229 28 10 76 88,épargne.santé@yahoo.com,,PME (10-50),B2B,APIEx,,Actif,2026-06-29T00:22:55.134059,moyenne
BJ-0E4CE9B3,Change SARL,Finance & Assurance,Bopa,+229 91 32 34 65,c.sarl@yahoo.fr,changesarl.bj,PME (50-200),B2C,APIEx,,Actif,2026-06-29T00:22:55.134083,haute
BJ-EBE5C128,Banque National,Finance & Assurance,Bopa,+229 43 17 22 79,,banquenational.bj,Grande (>200),B2C,APIEx,,Actif,2026-06-29T00:22:55.134115,moyenne
BJ-16734E7D,Retraite Capital Bopa,Finance & Assurance,Bopa,+229 92 61 28 15,retraite.capital@yahoo.fr,retraitecapitalbopa.bj,PME (10-50),B2C,APIEx,,Actif,2026-06-29T00:22:55.134139,haute
BJ-AE3169FA,Investissement Prévoyance Finance Bopa,Finance & Assurance,Bopa,+229 64 47 68 13,,investissementprévoyancefinancebopa.bj,PME (10-50),B2B,APIEx,,Actif,2026-06-29T00:22:55.134153,moyenne
BJ-42B3565A,Banque Bénin Houéyogbé,Finance & Assurance,Houéyogbé,+229 69 31 22 84,banque.bénin@yahoo.com,banquebéninhouéyogbé.bj,PME (50-200),B2B,APIEx,,Actif,2026-06-29T00:22:55.134177,haute
BJ-50B7D2B8,West Bank,Finance & Assurance,Houéyogbé,+229 41 50 67 70,west.bank@westbank.com.bj,westbank.bj,TPE (<10),B2B,APIEx,,Actif,2026-06-29T00:22:55.134195,haute
BJ-19BD4564,Actions,Finance & Assurance,Houéyogbé,+229 94 11 51 89,actions@actions.org.bj,actions.bj,PME (50-200),B2C,APIEx,,Actif,2026-06-29T00:22:55.134209,haute
BJ-76132FAC,Capital Auto Houéyogbé,Finance & Assurance,Houéyogbé,+229 35 33 68 55,capital.auto@capitalautohoué.com.bj,capitalautohouéyogbé.bj,PME (10-50),B2C,APIEx,,Actif,2026-06-29T00:22:55.134226,haute
BJ-B9BB0C6E,Bénin Capital,Finance & Assurance,Malanville,+229 99 78 80 21,bénin_capital@bénincapital.org.bj,bénincapital.bj,PME (50-200),B2C,APIEx,,Actif,2026-06-29T00:22:55.134267,haute
BJ-00BABEDB,Groupe SICAV,Finance & Assurance,Malanville,+229 30 49 12 95,g.sicav@hotmail.com,groupesicav.bj,TPE (<10),B2C,APIEx,,Actif,2026-06-29T00:22:55.134283,haute
BJ-651A27E1,Placement Assurances,Finance & Assurance,Malanville,+229 28 48 94 75,placementassurances@yahoo.com,placementassurances.bj,TPE (<10),B2C,APIEx,,Actif,2026-06-29T00:22:55.134302,haute
BJ-C21E5E44,Crédit,Finance & Assurance,Malanville,+229 25 28 72 19,crédit@gmail.com,crédit.bj,PME (10-50),B2C,APIEx,,Actif,2026-06-29T00:22:55.134317,haute
BJ-B95B2EE6,Banque Wealth Advisory,Finance & Assurance,Malanville,+229 54 21 81 41,banquewealth@outlook.com,banquewealthadvisory.bj,TPE (<10),B2B,APIEx,,Actif,2026-06-29T00:22:55.134332,haute
BJ-33A6D0D7,Investissement SARL,Finance & Assurance,Kandi,+229 41 17 95 85,investissement.sarl@investissements.org.bj,investissementsarl.bj,TPE (<10),B2B,APIEx,,Actif,2026-06-29T00:22:55.134356,haute
BJ-6D3FFB89,Crypto,Finance & Assurance,Kandi,+229 36 43 84 93,crypto@crypto.bj,crypto.bj,PME (10-50),B2C,APIEx,,Actif,2026-06-29T00:22:55.134370,haute
BJ-BE869B02,Banque Transfert,Finance & Assurance,Kandi,+229 86 59 46 86,banque.transfert@yahoo.com,banquetransfert.bj,TPE (<10),B2B,APIEx,,Actif,2026-06-29T00:22:55.134385,haute
BJ-23FAF038,Actions Groupe,Finance & Assurance,Kandi,+229 93 48 75 57,a.groupe@gmail.com,actionsgroupe.bj,TPE (<10),B2B,APIEx,,Actif,2026-06-29T00:22:55.134404,haute
BJ-2BD0ADE7,Multirisque Capital,Finance & Assurance,Kandi,+229 96 53 17 33,m.capital@hotmail.com,,TPE (<10),B2C,APIEx,,Actif,2026-06-29T00:22:55.134419,moyenne
BJ-B03026FE,Gestion Assurances,Finance & Assurance,Banikoara,+229 42 93 66 30,gestion_assurances@gestionassuranc.bj,gestionassurances.bj,PME (10-50),B2C,APIEx,,Actif,2026-06-29T00:22:55.134443,haute
BJ-22E95EF6,Groupe Bourse,Finance & Assurance,Banikoara,+229 64 66 49 51,groupebourse@groupebourse.bj,groupebourse.bj,TPE (<10),B2C,APIEx,,Actif,2026-06-29T00:22:55.134459,haute
BJ-029C5146,Épargne Vie,Finance & Assurance,Banikoara,+229 22 38 60 91,é.vie@épargnevie.com.bj,épargnevie.bj,PME (50-200),B2B,APIEx,,Actif,2026-06-29T00:22:55.134481,haute
BJ-205A6D0F,Investissement,Finance & Assurance,Banikoara,+229 76 81 61 35,investissement@gmail.com,investissement.bj,PME (10-50),B2C,APIEx,,Actif,2026-06-29T00:22:55.134495,haute
BJ-2A9711FF,Auto Invest,Finance & Assurance,Banikoara,+229 39 35 90 93,autoinvest@autoinvest.com.bj,autoinvest.bj,PME (10-50),B2B,APIEx,,Actif,2026-06-29T00:22:55.134511,haute
BJ-C8F667E5,Assurance West Ségbana,Finance & Assurance,Ségbana,+229 56 52 38 46,assurance.west@yahoo.com,assurancewestségbana.bj,TPE (<10),B2B,APIEx,,Actif,2026-06-29T00:22:55.134535,haute
BJ-72DC98AB,Change SA,Finance & Assurance,Ségbana,+229 22 69 76 45,change@yahoo.fr,changesa.bj,PME (50-200),B2C,APIEx,,Actif,2026-06-29T00:22:55.134550,haute
BJ-80A246C7,Investissement Groupe,Finance & Assurance,Ségbana,+229 61 93 20 71,investissementgroupe@outlook.com,investissementgroupe.bj,PME (50-200),B2B,APIEx,,Actif,2026-06-29T00:22:55.134566,haute
BJ-3F65CCB4,Trading,Finance & Assurance,Ségbana,+229 26 41 44 68,trading@trading.bj,trading.bj,PME (50-200),B2B,APIEx,,Actif,2026-06-29T00:22:55.134580,haute
BJ-A7506625,Transfert,Finance & Assurance,Ségbana,+229 77 94 67 29,transfert@transfert.org.bj,transfert.bj,TPE (<10),B2C,APIEx,,Actif,2026-06-29T00:22:55.134593,haute
BJ-34B2CB2C,Épargne Capital,Finance & Assurance,Karimama,+229 99 84 36 73,,épargnecapital.bj,PME (50-200),B2B,APIEx,,Actif,2026-06-29T00:22:55.134616,moyenne
BJ-8EBD279E,Finance West Bank,Finance & Assurance,Karimama,+229 95 89 19 65,f.west@gmail.com,financewestbank.bj,TPE (<10),B2B,APIEx,,Actif,2026-06-29T00:22:55.134635,haute
BJ-51605A3C,Banque Trading Groupe,Finance & Assurance,Karimama,+229 32 40 80 88,b.trading@banquetradinggr.bj,banquetradinggroupe.bj,TPE (<10),B2B,APIEx,,Actif,2026-06-29T00:22:55.134656,haute
BJ-FA2B900A,Wealth SA,Finance & Assurance,Karimama,+229 65 60 20 77,wealth@hotmail.com,wealthsa.bj,PME (10-50),B2B,APIEx,,Actif,2026-06-29T00:22:55.134670,haute
BJ-ACB279DB,Épargne Protection International,Finance & Assurance,Karimama,+229 50 30 98 52,,,PME (10-50),B2C,APIEx,,Actif,2026-06-29T00:22:55.134681,basse
BJ-8930DD50,Banque Assurance Gogounou,Finance & Assurance,Gogounou,+229 85 80 58 91,banqueassurance@outlook.com,banqueassurancegogounou.bj,TPE (<10),B2B,APIEx,,Actif,2026-06-29T00:22:55.134705,haute
BJ-A5738FE0,Crédit West,Finance & Assurance,Gogounou,+229 27 45 65 36,créditwest@créditwest.bj,créditwest.bj,TPE (<10),B2B,APIEx,,Actif,2026-06-29T00:22:55.134727,haute
BJ-AB63567E,Actions Gogounou,Finance & Assurance,Gogounou,+229 34 77 42 64,a.gogounou@actionsgogounou.org.bj,actionsgogounou.bj,PME (10-50),B2B,APIEx,,Actif,2026-06-29T00:22:55.134744,haute
BJ-F33CA73E,Auto Assurances,Finance & Assurance,Gogounou,+229 41 63 45 52,auto.assurances@yahoo.com,autoassurances.bj,Grande (>200),B2C,APIEx,,Actif,2026-06-29T00:22:55.134760,haute
BJ-9C7402CB,Assurance Fintech Invest Gogounou,Finance & Assurance,Gogounou,+229 65 80 29 87,a.fintech@assurancefintec.org.bj,assurancefintechinvestgogounou.bj,PME (10-50),B2C,APIEx,,Actif,2026-06-29T00:22:55.134777,haute
BJ-69BFC18F,Placement,Finance & Assurance,Cobly,+229 22 59 35 87,placement@placement.bj,placement.bj,TPE (<10),B2C,APIEx,,Actif,2026-06-29T00:22:55.134799,haute
BJ-20752542,Africa International,Finance & Assurance,Cobly,+229 66 18 87 17,africa.international@africainternati.com.bj,africainternational.bj,TPE (<10),B2B,APIEx,,Actif,2026-06-29T00:22:55.134815,haute
BJ-BE3D64DF,Cabinet Change Cobly,Finance & Assurance,Cobly,+229 39 19 91 76,,cabinetchangecobly.bj,TPE (<10),B2B,APIEx,,Actif,2026-06-29T00:22:55.134832,moyenne
BJ-F0C30381,Assurance Épargne,Finance & Assurance,Cobly,+229 81 81 29 15,,assuranceépargne.bj,TPE (<10),B2B,APIEx,,Actif,2026-06-29T00:22:55.134845,moyenne
BJ-C7AE5304,Wealth Advisory,Finance & Assurance,Cobly,+229 50 59 85 95,w.advisory@wealthadvisory.com.bj,,PME (10-50),B2C,APIEx,,Actif,2026-06-29T00:22:55.134864,moyenne
BJ-F8E4BD8A,Change Finance,Finance & Assurance,Tanguiéta,+229 82 14 43 84,c.finance@changefinance.com.bj,,Grande (>200),B2C,APIEx,,Actif,2026-06-29T00:22:55.134888,moyenne
BJ-16E1EE79,Monétique SA,Finance & Assurance,Tanguiéta,+229 99 61 80 93,monétique@monétiquesa.org.bj,monétiquesa.bj,TPE (<10),B2B,APIEx,,Actif,2026-06-29T00:22:55.134918,haute
BJ-98FC7A3E,Société Patrimoine SARL,Finance & Assurance,Tanguiéta,+229 51 11 24 51,sociétépatrimoine@outlook.com,sociétépatrimoinesarl.bj,PME (10-50),B2B,APIEx,,Actif,2026-06-29T00:22:55.134951,haute
BJ-E33A626B,Finance Bénin SARL Tanguiéta,Finance & Assurance,Tanguiéta,+229 93 55 83 86,financebénin@yahoo.fr,financebéninsarltanguiéta.bj,TPE (<10),B2B,APIEx,,Actif,2026-06-29T00:22:55.134969,haute
BJ-F4FA826B,Finance Capital Matéri,Finance & Assurance,Matéri,+229 81 95 47 22,financecapital@financecapitalm.com.bj,financecapitalmatéri.bj,PME (10-50),B2C,APIEx,,Actif,2026-06-29T00:22:55.134994,haute
BJ-41383E3B,Capital Trading,Finance & Assurance,Matéri,+229 45 92 54 53,capitaltrading@capitaltrading.org.bj,capitaltrading.bj,TPE (<10),B2C,APIEx,,Actif,2026-06-29T00:22:55.135027,haute
BJ-380E5302,Société Broker Partners,Finance & Assurance,Matéri,+229 34 39 46 50,société_broker@gmail.com,sociétébrokerpartners.bj,TPE (<10),B2B,APIEx,,Actif,2026-06-29T00:22:55.135045,haute
BJ-CA22F5DF,Bourse Advisory,Finance & Assurance,Matéri,+229 72 49 61 72,bourse_advisory@bourseadvisory.bj,bourseadvisory.bj,PME (50-200),B2B,APIEx,,Actif,2026-06-29T00:22:55.135062,haute
BJ-486F7AAA,Sécurité Natitingou,Finance & Assurance,Natitingou,+229 97 96 38 22,sécurité.natitingou@gmail.com,sécuriténatitingou.bj,TPE (<10),B2C,APIEx,,Actif,2026-06-29T00:22:55.135089,haute
BJ-1D534C3E,Fintech,Finance & Assurance,Natitingou,+229 90 61 94 20,fintech@gmail.com,fintech.bj,PME (10-50),B2B,APIEx,,Actif,2026-06-29T00:22:55.135104,haute
BJ-B9BE33CE,Société Épargne Natitingou,Finance & Assurance,Natitingou,+229 49 45 63 68,sociétéépargne@sociétéépargnen.com.bj,,PME (10-50),B2C,APIEx,,Actif,2026-06-29T00:22:55.135122,moyenne
BJ-4A301164,Auto Assurances,Finance & Assurance,Natitingou,+229 49 70 81 65,a.assurances@autoassurances.org.bj,autoassurances.bj,TPE (<10),B2C,APIEx,,Actif,2026-06-29T00:22:55.135138,haute
BJ-2E1F8603,Assurance Épargne International,Finance & Assurance,Natitingou,+229 56 27 49 13,a.épargne@assuranceépargn.org.bj,assuranceépargneinternational.bj,PME (50-200),B2B,APIEx,,Actif,2026-06-29T00:22:55.135158,haute
BJ-50BFA0B8,Retraite SARL Toucountouna,Finance & Assurance,Toucountouna,+229 85 78 70 91,retraitesarl@retraitesarltou.org.bj,retraitesarltoucountouna.bj,Grande (>200),B2C,APIEx,,Actif,2026-06-29T00:22:55.135186,haute
BJ-FDE6C250,Paiement Invest,Finance & Assurance,Toucountouna,+229 27 69 72 11,paiement.invest@yahoo.com,paiementinvest.bj,PME (10-50),B2B,APIEx,,Actif,2026-06-29T00:22:55.135203,haute
BJ-AC01BF79,Forex Invest,Finance & Assurance,Toucountouna,+229 44 77 54 74,f.invest@forexinvest.bj,forexinvest.bj,PME (10-50),B2C,APIEx,,Actif,2026-06-29T00:22:55.135227,haute
BJ-27670B23,Wealth,Finance & Assurance,Toucountouna,+229 64 19 44 28,wealth@yahoo.fr,,PME (10-50),B2C,APIEx,,Actif,2026-06-29T00:22:55.135242,moyenne
BJ-93AD82A5,FCP Invest,Finance & Assurance,Boukoumbé,+229 41 37 97 90,fcp.invest@fcpinvest.bj,fcpinvest.bj,TPE (<10),B2C,APIEx,,Actif,2026-06-29T00:22:55.135279,haute
BJ-4F7AB379,Épargne Forex Groupe,Finance & Assurance,Boukoumbé,+229 99 30 79 27,épargne.forex@hotmail.com,épargneforexgroupe.bj,PME (10-50),B2B,APIEx,,Actif,2026-06-29T00:22:55.135297,haute
BJ-BEDFDEEA,Banque Actions Boukoumbé,Finance & Assurance,Boukoumbé,+229 88 86 29 62,banqueactions@hotmail.com,banqueactionsboukoumbé.bj,PME (10-50),B2B,APIEx,,Actif,2026-06-29T00:22:55.135319,haute
BJ-687989DA,Société Management,Finance & Assurance,Boukoumbé,+229 33 72 20 35,société.management@sociétémanageme.org.bj,sociétémanagement.bj,TPE (<10),B2B,APIEx,,Actif,2026-06-29T00:22:55.135337,haute
BJ-7C0E9A7B,Banque Paiement Partners Boukoumbé,Finance & Assurance,Boukoumbé,+229 47 21 50 64,banque.paiement@outlook.com,banquepaiementpartnersboukoumbé.bj,PME (10-50),B2B,APIEx,,Actif,2026-06-29T00:22:55.135354,haute
BJ-DFF0E131,Épargne Prévoyance Kouandé,Finance & Assurance,Kouandé,+229 59 26 76 18,épargneprévoyance@épargneprévoyan.bj,,PME (10-50),B2B,APIEx,,Actif,2026-06-29T00:22:55.135384,moyenne
BJ-D8433AA5,Fintech Finance,Finance & Assurance,Kouandé,+229 73 89 25 30,f.finance@fintechfinance.com.bj,,PME (10-50),B2B,APIEx,,Actif,2026-06-29T00:22:55.135405,moyenne
BJ-9DFE02BF,Société Change Partners Kouandé,Finance & Assurance,Kouandé,+229 87 26 35 23,société_change@yahoo.fr,sociétéchangepartnerskouandé.bj,TPE (<10),B2B,APIEx,,Actif,2026-06-29T00:22:55.135427,haute
BJ-D0A1AFD1,Assurance Sécurité Partners,Finance & Assurance,Kouandé,+229 69 97 98 54,assurancesécurité@assurancesécuri.com.bj,assurancesécuritépartners.bj,Grande (>200),B2C,APIEx,,Actif,2026-06-29T00:22:55.135447,haute
BJ-A42BEF5C,Crédit Fintech Partners Kouandé,Finance & Assurance,Kouandé,+229 73 75 83 46,créditfintech@créditfintechpa.bj,créditfintechpartnerskouandé.bj,PME (50-200),B2C,APIEx,,Actif,2026-06-29T00:22:55.135464,haute
BJ-DABE4557,Société West,Finance & Assurance,Péhunco,+229 73 60 83 70,société.west@sociétéwest.com.bj,sociétéwest.bj,PME (10-50),B2B,APIEx,,Actif,2026-06-29T00:22:55.135490,haute
BJ-49C95C9E,Micro Capital Partners,Finance & Assurance,Péhunco,+229 20 54 16 51,micro.capital@yahoo.fr,microcapitalpartners.bj,TPE (<10),B2C,APIEx,,Actif,2026-06-29T00:22:55.135506,haute
BJ-FFAD4773,Vie Advisory,Finance & Assurance,Péhunco,+229 21 52 20 27,v.advisory@vieadvisory.com.bj,vieadvisory.bj,TPE (<10),B2C,APIEx,,Actif,2026-06-29T00:22:55.135524,haute
BJ-722B85E5,Épargne Fintech SARL,Finance & Assurance,Péhunco,+229 72 58 35 91,épargnefintech@hotmail.com,épargnefintechsarl.bj,PME (50-200),B2C,APIEx,,Actif,2026-06-29T00:22:55.135541,haute
BJ-9CEFF1FD,Forex Advisory,Finance & Assurance,Péhunco,+229 29 77 72 18,,forexadvisory.bj,TPE (<10),B2B,APIEx,,Actif,2026-06-29T00:22:55.135558,moyenne
BJ-6D10638F,Société Wealth Advisory,Finance & Assurance,Tchaourou,+229 71 85 47 43,s.wealth@sociétéwealthad.org.bj,sociétéwealthadvisory.bj,Grande (>200),B2C,APIEx,,Actif,2026-06-29T00:22:55.135583,haute
BJ-A50470AC,Investissement International,Finance & Assurance,Tchaourou,+229 84 61 27 85,investissement.international@investissementi.bj,investissementinternational.bj,PME (10-50),B2C,APIEx,,Actif,2026-06-29T00:22:55.135622,haute
BJ-D21455DE,Patrimoine,Finance & Assurance,Tchaourou,+229 50 46 84 68,patrimoine@patrimoine.org.bj,patrimoine.bj,PME (50-200),B2C,APIEx,,Actif,2026-06-29T00:22:55.135637,haute
BJ-0A3EE178,Capital Transfert Capital,Finance & Assurance,Nikki,+229 53 38 60 79,capitaltransfert@gmail.com,,PME (10-50),B2C,APIEx,,Actif,2026-06-29T00:22:55.135674,moyenne
BJ-A065B670,Protection Nikki,Finance & Assurance,Nikki,+229 45 32 44 61,protectionnikki@yahoo.com,protectionnikki.bj,PME (10-50),B2C,APIEx,,Actif,2026-06-29T00:22:55.135691,haute
BJ-E6D80968,Santé SA,Finance & Assurance,Nikki,+229 44 34 16 54,santé@santésa.bj,santésa.bj,PME (10-50),B2B,APIEx,,Actif,2026-06-29T00:22:55.135723,haute
BJ-49F3398E,Paiement Capital Nikki,Finance & Assurance,Nikki,+229 56 79 47 78,paiement_capital@paiementcapital.com.bj,paiementcapitalnikki.bj,PME (10-50),B2C,APIEx,,Actif,2026-06-29T00:22:55.135754,haute
BJ-BDA9DEC6,Finance Management International,Finance & Assurance,Nikki,+229 60 91 83 88,finance.management@financemanageme.com.bj,financemanagementinternational.bj,PME (50-200),B2B,APIEx,,Actif,2026-06-29T00:22:55.135784,haute
BJ-FA992A6F,National,Finance & Assurance,Bembéréké,+229 80 17 78 45,national@national.bj,,TPE (<10),B2B,APIEx,,Actif,2026-06-29T00:22:55.135832,moyenne
BJ-B362AC2F,Épargne,Finance & Assurance,Bembéréké,+229 88 28 30 76,épargne@hotmail.com,,Grande (>200),B2C,APIEx,,Actif,2026-06-29T00:22:55.135867,moyenne
BJ-FBD182CE,Wealth Capital,Finance & Assurance,Bembéréké,+229 73 88 78 25,wealth.capital@wealthcapital.bj,,TPE (<10),B2C,APIEx,,Actif,2026-06-29T00:22:55.135944,moyenne
BJ-A4603D6F,Fintech,Finance & Assurance,Bembéréké,+229 82 53 70 27,fintech@fintech.bj,,PME (10-50),B2B,APIEx,,Actif,2026-06-29T00:22:55.135976,moyenne
BJ-094FAAD5,Finance Vie Bembéréké,Finance & Assurance,Bembéréké,+229 48 37 64 36,finance.vie@yahoo.fr,financeviebembéréké.bj,PME (10-50),B2B,APIEx,,Actif,2026-06-29T00:22:55.136012,haute
BJ-1A94D575,Investissement SICAV SA Kalalé,Finance & Assurance,Kalalé,+229 72 11 41 63,,investissementsicavsakalalé.bj,TPE (<10),B2B,APIEx,,Actif,2026-06-29T00:22:55.136052,moyenne
BJ-5BC580EC,Cabinet Auto Groupe Kalalé,Finance & Assurance,Kalalé,+229 40 26 12 53,cabinet_auto@cabinetautogrou.bj,,PME (10-50),B2B,APIEx,,Actif,2026-06-29T00:22:55.136076,moyenne
BJ-8A6E6AB2,Trading,Finance & Assurance,Kalalé,+229 82 63 21 30,trading@trading.bj,trading.bj,TPE (<10),B2C,APIEx,,Actif,2026-06-29T00:22:55.136097,haute
BJ-290D974A,Assurance Obligations,Finance & Assurance,Kalalé,+229 60 55 50 64,assurance.obligations@gmail.com,assuranceobligations.bj,PME (10-50),B2B,APIEx,,Actif,2026-06-29T00:22:55.136168,haute
BJ-69BE8C6C,Crypto International,Finance & Assurance,Ndali,+229 90 64 52 71,c.international@yahoo.com,cryptointernational.bj,TPE (<10),B2C,APIEx,,Actif,2026-06-29T00:22:55.136336,haute
BJ-72B71951,Courtage Groupe,Finance & Assurance,Ndali,+229 26 90 96 59,courtagegroupe@gmail.com,,TPE (<10),B2B,APIEx,,Actif,2026-06-29T00:22:55.136386,moyenne
BJ-32A7BDD5,SICAV Groupe,Finance & Assurance,Ndali,+229 35 59 46 45,sicavgroupe@sicavgroupe.bj,sicavgroupe.bj,PME (10-50),B2C,APIEx,,Actif,2026-06-29T00:22:55.136464,haute
BJ-51CA0655,Investissement Prévoyance,Finance & Assurance,Ndali,+229 59 28 20 19,investissementprévoyance@yahoo.com,investissementprévoyance.bj,PME (50-200),B2B,APIEx,,Actif,2026-06-29T00:22:55.136528,haute
BJ-00C472FA,Finance Paiement,Finance & Assurance,Ndali,+229 50 20 28 69,finance.paiement@financepaiement.bj,financepaiement.bj,PME (50-200),B2B,APIEx,,Actif,2026-06-29T00:22:55.136582,haute
BJ-D634856E,Banque Fintech Advisory,Finance & Assurance,Ségbana,+229 86 23 32 44,banquefintech@banquefintechad.com.bj,banquefintechadvisory.bj,TPE (<10),B2C,APIEx,,Actif,2026-06-29T00:22:55.136659,haute
BJ-9D24514E,SICAV,Finance & Assurance,Ségbana,+229 58 57 62 63,sicav@sicav.org.bj,sicav.bj,PME (50-200),B2C,APIEx,,Actif,2026-06-29T00:22:55.136703,haute
BJ-77837CCC,National SARL,Finance & Assurance,Ségbana,+229 75 33 66 42,national_sarl@hotmail.com,nationalsarl.bj,PME (50-200),B2C,APIEx,,Actif,2026-06-29T00:22:55.136742,haute
BJ-BD4154BB,Assurance Prévoyance Bank,Finance & Assurance,Ségbana,+229 72 80 23 12,assuranceprévoyance@assuranceprévoy.org.bj,assuranceprévoyancebank.bj,TPE (<10),B2C,APIEx,,Actif,2026-06-29T00:22:55.136812,haute
BJ-960AEA4F,International International,Finance & Assurance,Ségbana,+229 55 70 42 39,international.international@yahoo.com,internationalinternational.bj,Grande (>200),B2B,APIEx,,Actif,2026-06-29T00:22:55.136872,haute
BJ-134132CA,Trading,Finance & Assurance,Tchaourou,+229 28 87 89 61,trading@outlook.com,trading.bj,PME (10-50),B2C,APIEx,,Actif,2026-06-29T00:22:55.136965,haute
BJ-CB0870B0,Fintech SA,Finance & Assurance,Tchaourou,+229 60 81 65 53,fintech@fintechsa.com.bj,fintechsa.bj,TPE (<10),B2B,APIEx,,Actif,2026-06-29T00:22:55.137013,haute
BJ-96E84F6F,Capital Auto Finance,Finance & Assurance,Tchaourou,+229 30 45 82 46,c.auto@hotmail.com,capitalautofinance.bj,TPE (<10),B2C,APIEx,,Actif,2026-06-29T00:22:55.137053,haute
BJ-41F67B8F,Société FCP Groupe,Finance & Assurance,Bétérou,+229 26 24 34 82,s.fcp@outlook.com,sociétéfcpgroupe.bj,PME (50-200),B2B,APIEx,,Actif,2026-06-29T00:22:55.137089,haute
BJ-4F50E21F,Finance Bourse Bétérou,Finance & Assurance,Bétérou,+229 93 61 80 29,f.bourse@yahoo.com,financeboursebétérou.bj,TPE (<10),B2B,APIEx,,Actif,2026-06-29T00:22:55.137127,haute
BJ-27D1D722,Forex Capital,Finance & Assurance,Bétérou,+229 26 27 43 77,forex.capital@forexcapital.com.bj,forexcapital.bj,PME (10-50),B2B,APIEx,,Actif,2026-06-29T00:22:55.137146,haute
BJ-DBFB5FED,Capital Obligations Bank Bétérou,Finance & Assurance,Bétérou,+229 52 49 70 74,capital.obligations@yahoo.com,capitalobligationsbankbétérou.bj,TPE (<10),B2B,APIEx,,Actif,2026-06-29T00:22:55.137171,haute
BJ-9700509F,Groupe Gestion Assurances,Finance & Assurance,Bétérou,+229 30 53 94 98,groupegestion@groupegestionas.org.bj,,TPE (<10),B2C,APIEx,,Actif,2026-06-29T00:22:55.137189,moyenne
BJ-C30EEB06,Épargne Actions Ouessè,Finance & Assurance,Ouessè,+229 58 44 98 13,épargne_actions@yahoo.com,épargneactionsouessè.bj,TPE (<10),B2C,APIEx,,Actif,2026-06-29T00:22:55.137215,haute
BJ-B8B8F1EB,Cabinet National Ouessè,Finance & Assurance,Ouessè,+229 55 86 21 87,cabinet.national@cabinetnational.com.bj,cabinetnationalouessè.bj,TPE (<10),B2C,APIEx,,Actif,2026-06-29T00:22:55.137235,haute
BJ-0F85320A,Finance Capital,Finance & Assurance,Ouessè,+229 50 47 62 33,finance_capital@financecapital.bj,financecapital.bj,TPE (<10),B2B,APIEx,,Actif,2026-06-29T00:22:55.137256,haute
BJ-70A1E4E0,Investissement Blockchain Ouessè,Finance & Assurance,Ouessè,+229 88 24 91 42,investissementblockchain@investissementb.bj,investissementblockchainouessè.bj,PME (10-50),B2B,APIEx,,Actif,2026-06-29T00:22:55.137275,haute
BJ-0E3BCA20,IARD,Finance & Assurance,Ouessè,+229 41 96 15 83,,iard.bj,PME (10-50),B2C,APIEx,,Actif,2026-06-29T00:22:55.137292,moyenne
BJ-3E0510B5,Broker,Finance & Assurance,Glazoué,+229 32 18 76 83,broker@broker.com.bj,broker.bj,TPE (<10),B2C,APIEx,,Actif,2026-06-29T00:22:55.137316,haute
BJ-277CCF96,Assurance Management Invest Glazoué,Finance & Assurance,Glazoué,+229 69 76 95 42,assurance.management@assurancemanage.org.bj,assurancemanagementinvestglazoué.bj,PME (50-200),B2B,APIEx,,Actif,2026-06-29T00:22:55.137337,haute
BJ-9600C0D7,SICAV Glazoué,Finance & Assurance,Glazoué,+229 44 69 20 27,s.glazoué@yahoo.com,sicavglazoué.bj,Grande (>200),B2C,APIEx,,Actif,2026-06-29T00:22:55.137362,haute
BJ-1D76706B,Retraite,Finance & Assurance,Glazoué,+229 29 82 97 83,retraite@retraite.com.bj,retraite.bj,PME (10-50),B2B,APIEx,,Actif,2026-06-29T00:22:55.137378,haute
BJ-59AAE8CD,IARD,Finance & Assurance,Glazoué,+229 47 12 48 41,iard@iard.com.bj,iard.bj,TPE (<10),B2B,APIEx,,Actif,2026-06-29T00:22:55.137394,haute
BJ-D340DB83,Épargne Épargne,Finance & Assurance,Dassa-Zoumè,+229 94 20 18 79,é.épargne@gmail.com,épargneépargne.bj,PME (10-50),B2C,APIEx,,Actif,2026-06-29T00:22:55.137429,haute
BJ-19FBF98D,Groupe Actions Dassa-Zoumè,Finance & Assurance,Dassa-Zoumè,+229 94 99 23 61,groupeactions@groupeactionsda.bj,groupeactionsdassazoumè.bj,Grande (>200),B2C,APIEx,,Actif,2026-06-29T00:22:55.137471,haute
BJ-1BC271BF,Épargne Actions,Finance & Assurance,Dassa-Zoumè,+229 27 54 17 97,épargneactions@gmail.com,épargneactions.bj,PME (10-50),B2C,APIEx,,Actif,2026-06-29T00:22:55.137512,haute
BJ-DC153C7E,Capital Invest,Finance & Assurance,Dassa-Zoumè,+229 54 32 37 36,capital.invest@capitalinvest.org.bj,capitalinvest.bj,TPE (<10),B2C,APIEx,,Actif,2026-06-29T00:22:55.137551,haute
BJ-7E739CF8,Société Sécurité Dassa-Zoumè,Finance & Assurance,Dassa-Zoumè,+229 79 92 18 34,sociétésécurité@sociétésécurité.org.bj,,TPE (<10),B2C,APIEx,,Actif,2026-06-29T00:22:55.137604,moyenne
BJ-70B53162,Société Bourse Assurances Savalou,Finance & Assurance,Savalou,+229 71 95 87 23,sociétébourse@yahoo.com,sociétébourseassurancessavalou.bj,Grande (>200),B2B,APIEx,,Actif,2026-06-29T00:22:55.137659,haute
BJ-17BC26D0,Change,Finance & Assurance,Savalou,+229 45 41 35 76,change@change.org.bj,change.bj,TPE (<10),B2B,APIEx,,Actif,2026-06-29T00:22:55.137692,haute
BJ-B4788B5A,Fintech Savalou,Finance & Assurance,Savalou,+229 60 13 90 88,fintech.savalou@yahoo.com,fintechsavalou.bj,PME (10-50),B2C,APIEx,,Actif,2026-06-29T00:22:55.137729,haute
BJ-4FE4A2F3,Forex Groupe Savalou,Finance & Assurance,Savalou,+229 60 57 25 75,f.groupe@hotmail.com,forexgroupesavalou.bj,TPE (<10),B2B,APIEx,,Actif,2026-06-29T00:22:55.137764,haute
BJ-2EB6767A,Épargne Placement Savalou,Finance & Assurance,Savalou,+229 79 16 60 52,épargneplacement@épargneplacemen.bj,épargneplacementsavalou.bj,TPE (<10),B2B,APIEx,,Actif,2026-06-29T00:22:55.137802,haute
BJ-D17D0FAB,Assurance Fintech Bank,Finance & Assurance,Bantè,+229 56 36 94 76,assurancefintech@hotmail.com,assurancefintechbank.bj,PME (10-50),B2C,APIEx,,Actif,2026-06-29T00:22:55.137854,haute
BJ-70CF3C0D,Finance Assurance Finance Bantè,Finance & Assurance,Bantè,+229 33 91 84 17,f.assurance@financeassuranc.com.bj,financeassurancefinancebantè.bj,PME (10-50),B2C,APIEx,,Actif,2026-06-29T00:22:55.137906,haute
BJ-C23A07BE,Obligations SA Bantè,Finance & Assurance,Bantè,+229 81 99 27 41,o.bantè@obligationssaba.org.bj,obligationssabantè.bj,PME (50-200),B2B,APIEx,,Actif,2026-06-29T00:22:55.137947,haute
BJ-70A49649,Banque Auto,Finance & Assurance,Bantè,+229 47 39 12 44,banque.auto@yahoo.fr,banqueauto.bj,TPE (<10),B2B,APIEx,,Actif,2026-06-29T00:22:55.137970,haute
BJ-33E3F6DE,Gestion Bantè,Finance & Assurance,Bantè,+229 60 33 73 72,gestionbantè@hotmail.com,gestionbantè.bj,PME (10-50),B2B,APIEx,,Actif,2026-06-29T00:22:55.137988,haute
BJ-DD81463E,Épargne Africa Djougou,Finance & Assurance,Djougou,+229 41 43 92 47,é.africa@épargneafricadj.com.bj,épargneafricadjougou.bj,PME (50-200),B2C,APIEx,,Actif,2026-06-29T00:22:55.138017,haute
BJ-DBAD955D,Finance Capital Advisory,Finance & Assurance,Djougou,+229 90 35 39 64,financecapital@hotmail.com,financecapitaladvisory.bj,TPE (<10),B2C,APIEx,,Actif,2026-06-29T00:22:55.138036,haute
BJ-6854830E,Finance Forex,Finance & Assurance,Djougou,+229 45 78 72 52,f.forex@yahoo.fr,financeforex.bj,TPE (<10),B2B,APIEx,,Actif,2026-06-29T00:22:55.138054,haute
BJ-5ED9B3F8,Assurance Trading,Finance & Assurance,Djougou,+229 88 35 57 95,assurance.trading@yahoo.com,assurancetrading.bj,PME (50-200),B2B,APIEx,,Actif,2026-06-29T00:22:55.138086,haute
BJ-DBD58EA3,Crédit SICAV,Finance & Assurance,Ouèssè,+229 77 71 83 39,,,Grande (>200),B2B,APIEx,,Actif,2026-06-29T00:22:55.138106,basse
BJ-74FFFA6B,Finance Auto Groupe,Finance & Assurance,Ouèssè,+229 50 54 48 39,f.auto@yahoo.fr,financeautogroupe.bj,PME (50-200),B2C,APIEx,,Actif,2026-06-29T00:22:55.138123,haute
BJ-076AB301,Cabinet Broker Invest,Finance & Assurance,Ouèssè,+229 22 60 46 89,cabinetbroker@outlook.com,cabinetbrokerinvest.bj,PME (10-50),B2C,APIEx,,Actif,2026-06-29T00:22:55.138142,haute
BJ-4D6CEAD8,Finance Devise,Finance & Assurance,Ouèssè,+229 49 96 51 80,financedevise@yahoo.fr,financedevise.bj,TPE (<10),B2C,APIEx,,Actif,2026-06-29T00:22:55.138162,haute
BJ-87317B07,Épargne Bourse SA Ouèssè,Finance & Assurance,Ouèssè,+229 81 56 46 96,épargnebourse@épargneboursesa.com.bj,épargneboursesaouèssè.bj,PME (10-50),B2C,APIEx,,Actif,2026-06-29T00:22:55.138184,haute
BJ-12D93C83,Société Courtage International,Finance & Assurance,Bassila,+229 89 45 38 73,s.courtage@sociétécourtage.com.bj,sociétécourtageinternational.bj,TPE (<10),B2B,APIEx,,Actif,2026-06-29T00:22:55.138211,haute
BJ-DF44BFC4,Micro Retraite,Finance & Assurance,Bassila,+229 65 44 26 82,micro.retraite@microretraite.bj,microretraite.bj,PME (10-50),B2B,APIEx,,Actif,2026-06-29T00:22:55.138228,haute
BJ-D495984C,Crédit Protection Advisory,Finance & Assurance,Bassila,+229 56 30 60 88,crédit.protection@outlook.com,créditprotectionadvisory.bj,PME (50-200),B2B,APIEx,,Actif,2026-06-29T00:22:55.138245,haute
BJ-C0A4DFDB,SICAV,Finance & Assurance,Bassila,+229 42 53 15 63,sicav@hotmail.com,sicav.bj,PME (10-50),B2B,APIEx,,Actif,2026-06-29T00:22:55.138276,haute
BJ-EFF5CAD9,Monétique Partners Pehunco,Finance & Assurance,Pehunco,+229 23 61 43 33,monétique.partners@gmail.com,,TPE (<10),B2B,APIEx,,Actif,2026-06-29T00:22:55.138317,moyenne
BJ-2EA4064A,IARD Pehunco,Finance & Assurance,Pehunco,+229 24 28 80 48,iard.pehunco@yahoo.com,iardpehunco.bj,PME (50-200),B2B,APIEx,,Actif,2026-06-29T00:22:55.138338,haute
BJ-1E6B5EB9,Management Finance,Finance & Assurance,Pehunco,+229 85 93 35 30,management.finance@yahoo.fr,managementfinance.bj,TPE (<10),B2B,APIEx,,Actif,2026-06-29T00:22:55.138355,haute
BJ-7D26A552,Finance Épargne,Finance & Assurance,Pehunco,+229 49 67 37 81,f.épargne@yahoo.fr,financeépargne.bj,PME (50-200),B2C,APIEx,,Actif,2026-06-29T00:22:55.138372,haute
BJ-E848D098,Capital Épargne Bank,Finance & Assurance,Copargo,+229 87 96 71 76,capitalépargne@capitalépargneb.org.bj,capitalépargnebank.bj,TPE (<10),B2C,APIEx,,Actif,2026-06-29T00:22:55.138397,haute
BJ-5F265BF8,Obligations,Finance & Assurance,Copargo,+229 90 16 62 15,obligations@obligations.com.bj,,PME (10-50),B2B,APIEx,,Actif,2026-06-29T00:22:55.138411,moyenne
BJ-CFAB6D04,Capital Capital Copargo,Finance & Assurance,Copargo,+229 95 10 64 58,c.capital@capitalcapitalc.org.bj,capitalcapitalcopargo.bj,PME (50-200),B2B,APIEx,,Actif,2026-06-29T00:22:55.138428,haute
BJ-17004038,Actions,Finance & Assurance,Copargo,+229 62 80 67 39,actions@yahoo.com,actions.bj,PME (10-50),B2C,APIEx,,Actif,2026-06-29T00:22:55.138441,haute
BJ-CC01CA34,Assurance National,Finance & Assurance,Copargo,+229 30 56 37 84,assurance_national@yahoo.com,assurancenational.bj,TPE (<10),B2C,APIEx,,Actif,2026-06-29T00:22:55.138460,haute
BJ-25F862A6,Fret,Transport & Logistique,Cotonou,+229 26 61 27 56,fret@fret.com.bj,fret.bj,PME (50-200),B2B,APIEx,,Actif,2026-06-29T00:22:55.138483,haute
BJ-5B583555,Fret Livraison SARL,Transport & Logistique,Cotonou,+229 21 74 66 91,fret.livraison@hotmail.com,,PME (10-50),B2C,APIEx,,Actif,2026-06-29T00:22:55.138499,moyenne
BJ-2C29BB57,Navire Delivery,Transport & Logistique,Cotonou,+229 29 14 63 26,navire.delivery@hotmail.com,,PME (50-200),B2B,APIEx,,Actif,2026-06-29T00:22:55.138518,moyenne
BJ-DECD2620,Delivery Chambre Cotonou,Transport & Logistique,Cotonou,+229 67 39 55 18,deliverychambre@deliverychambre.bj,,TPE (<10),B2B,APIEx,,Actif,2026-06-29T00:22:55.138534,moyenne
BJ-2923E421,Rapide Express Transport,Transport & Logistique,Abomey-Calavi,+229 41 75 28 63,r.express@yahoo.com,rapideexpresstransport.bj,PME (10-50),B2B,APIEx,,Actif,2026-06-29T00:22:55.138569,haute
BJ-0AB18351,Chain SARL,Transport & Logistique,Abomey-Calavi,+229 59 76 76 71,,,TPE (<10),B2B,APIEx,,Actif,2026-06-29T00:22:55.138581,basse
BJ-362775EB,Colis,Transport & Logistique,Abomey-Calavi,+229 80 18 32 62,colis@colis.org.bj,,TPE (<10),B2C,APIEx,,Actif,2026-06-29T00:22:55.138594,moyenne
BJ-384FCB82,Car Shipping,Transport & Logistique,Abomey-Calavi,+229 32 64 54 93,c.shipping@yahoo.fr,carshipping.bj,TPE (<10),B2C,APIEx,,Actif,2026-06-29T00:22:55.138610,haute
BJ-A7279C79,Transit SARL,Transport & Logistique,Abomey-Calavi,+229 44 46 53 18,transit.sarl@hotmail.com,transitsarl.bj,TPE (<10),B2C,APIEx,,Actif,2026-06-29T00:22:55.138628,haute
BJ-585A2D1B,Taxi Logistique Porto-Novo,Transport & Logistique,Porto-Novo,+229 58 10 83 27,taxi_logistique@gmail.com,,PME (50-200),B2C,APIEx,,Actif,2026-06-29T00:22:55.138651,moyenne
BJ-5B9E54B5,Cargo,Transport & Logistique,Porto-Novo,+229 81 91 12 97,cargo@hotmail.com,cargo.bj,PME (50-200),B2B,APIEx,,Actif,2026-06-29T00:22:55.138665,haute
BJ-6CDFAD76,Rapide Camion,Transport & Logistique,Porto-Novo,+229 42 89 25 68,rapide.camion@rapidecamion.org.bj,rapidecamion.bj,PME (10-50),B2B,APIEx,,Actif,2026-06-29T00:22:55.138683,haute
BJ-04DA2127,Courrier Africa,Transport & Logistique,Porto-Novo,+229 44 50 77 33,c.africa@hotmail.com,,PME (50-200),B2B,APIEx,,Actif,2026-06-29T00:22:55.138701,moyenne
BJ-222B49A3,Transport,Transport & Logistique,Porto-Novo,+229 73 96 11 72,transport@yahoo.fr,,Grande (>200),B2B,APIEx,,Actif,2026-06-29T00:22:55.138714,moyenne
BJ-554FE6AA,Utilitaire SARL,Transport & Logistique,Parakou,+229 59 35 84 99,,,Grande (>200),B2B,APIEx,,Actif,2026-06-29T00:22:55.138732,basse
BJ-C8E5DB8D,Transit Chain,Transport & Logistique,Parakou,+229 90 16 57 57,t.chain@transitchain.org.bj,,PME (50-200),B2B,APIEx,,Actif,2026-06-29T00:22:55.138747,moyenne
BJ-63C2DB3C,Particulier Cargo Parakou,Transport & Logistique,Parakou,+229 41 33 94 70,particulier.cargo@yahoo.com,particuliercargoparakou.bj,TPE (<10),B2C,APIEx,,Actif,2026-06-29T00:22:55.138776,haute
BJ-18B2D00E,Transit Fret SARL,Transport & Logistique,Parakou,+229 85 20 85 79,transitfret@transitfretsarl.org.bj,transitfretsarl.bj,TPE (<10),B2C,APIEx,,Actif,2026-06-29T00:22:55.138791,haute
BJ-8DE49091,Cargo Cargo,Transport & Logistique,Bohicon,+229 40 55 99 36,c.cargo@cargocargo.com.bj,cargocargo.bj,TPE (<10),B2C,APIEx,,Actif,2026-06-29T00:22:55.138813,haute
BJ-C84087CB,Supply Delivery,Transport & Logistique,Bohicon,+229 73 39 45 72,supply.delivery@gmail.com,supplydelivery.bj,PME (10-50),B2B,APIEx,,Actif,2026-06-29T00:22:55.138829,haute
BJ-9158062F,Froid Bohicon,Transport & Logistique,Bohicon,+229 91 31 47 25,f.bohicon@hotmail.com,froidbohicon.bj,TPE (<10),B2B,APIEx,,Actif,2026-06-29T00:22:55.138862,haute
BJ-BF0F4C0E,Messagerie Bus,Transport & Logistique,Bohicon,+229 25 30 21 13,m.bus@messageriebus.bj,messageriebus.bj,PME (50-200),B2C,APIEx,,Actif,2026-06-29T00:22:55.138878,haute
BJ-5ECEA569,Messagerie Stockage Natitingou,Transport & Logistique,Natitingou,+229 84 40 76 67,,messageriestockagenatitingou.bj,PME (10-50),B2C,APIEx,,Actif,2026-06-29T00:22:55.138910,moyenne
BJ-38FA2523,Paquet Africa,Transport & Logistique,Natitingou,+229 43 15 70 40,paquet.africa@paquetafrica.org.bj,paquetafrica.bj,TPE (<10),B2C,APIEx,,Actif,2026-06-29T00:22:55.138926,haute
BJ-2EA8B895,Rapide Poids Natitingou,Transport & Logistique,Natitingou,+229 85 60 75 75,,rapidepoidsnatitingou.bj,PME (10-50),B2B,APIEx,,Actif,2026-06-29T00:22:55.138943,moyenne
BJ-386E5D2F,Aérien Natitingou,Transport & Logistique,Natitingou,+229 58 69 70 21,aérien.natitingou@outlook.com,aériennatitingou.bj,TPE (<10),B2B,APIEx,,Actif,2026-06-29T00:22:55.138961,haute
BJ-F105BB4F,Rapide Chambre Cargo,Transport & Logistique,Natitingou,+229 78 75 95 17,,,TPE (<10),B2C,APIEx,,Actif,2026-06-29T00:22:55.138973,basse
BJ-75DA498D,Logistique Chambre,Transport & Logistique,Lokossa,+229 90 98 88 76,logistiquechambre@yahoo.com,logistiquechambre.bj,PME (50-200),B2C,APIEx,,Actif,2026-06-29T00:22:55.138996,haute
BJ-373B5923,Chaîne Lokossa,Transport & Logistique,Lokossa,+229 47 39 74 51,chaînelokossa@hotmail.com,,TPE (<10),B2C,APIEx,,Actif,2026-06-29T00:22:55.139017,moyenne
BJ-3F88065A,Supply,Transport & Logistique,Lokossa,+229 24 85 77 85,supply@supply.bj,supply.bj,PME (50-200),B2C,APIEx,,Actif,2026-06-29T00:22:55.139034,haute
BJ-E405498E,Navire,Transport & Logistique,Lokossa,+229 94 16 14 74,,navire.bj,TPE (<10),B2B,APIEx,,Actif,2026-06-29T00:22:55.139047,moyenne
BJ-EBA81916,Lourd,Transport & Logistique,Lokossa,+229 67 34 96 70,,lourd.bj,TPE (<10),B2B,APIEx,,Actif,2026-06-29T00:22:55.139059,moyenne
BJ-2B7D5741,Transit Douane Ouidah,Transport & Logistique,Ouidah,+229 49 92 17 68,transit.douane@transitdouaneou.com.bj,transitdouaneouidah.bj,PME (10-50),B2C,APIEx,,Actif,2026-06-29T00:22:55.139081,haute
BJ-67A3A3B2,Groupe Warehousing Logistique,Transport & Logistique,Ouidah,+229 73 59 11 86,groupewarehousing@hotmail.com,groupewarehousinglogistique.bj,PME (10-50),B2B,APIEx,,Actif,2026-06-29T00:22:55.139097,haute
BJ-56D1B2F6,Poids,Transport & Logistique,Ouidah,+229 42 66 30 62,poids@hotmail.com,poids.bj,PME (50-200),B2C,APIEx,,Actif,2026-06-29T00:22:55.139110,haute
BJ-AE2D689A,Express Utilitaire,Transport & Logistique,Ouidah,+229 71 99 43 50,express.utilitaire@yahoo.fr,expressutilitaire.bj,Grande (>200),B2C,APIEx,,Actif,2026-06-29T00:22:55.139126,haute
BJ-BBDEB0E9,Conteneur Ouidah,Transport & Logistique,Ouidah,+229 60 89 80 14,conteneur.ouidah@hotmail.com,,Grande (>200),B2C,APIEx,,Actif,2026-06-29T00:22:55.139140,moyenne
BJ-3B0811FD,SARL Utilitaire Transport,Transport & Logistique,Savalou,+229 37 47 45 24,sarl.utilitaire@sarlutilitairet.org.bj,sarlutilitairetransport.bj,PME (10-50),B2B,APIEx,,Actif,2026-06-29T00:22:55.139163,haute
BJ-2D32658A,Portuaire Shipping,Transport & Logistique,Savalou,+229 61 82 14 22,p.shipping@portuaireshippi.bj,portuaireshipping.bj,PME (10-50),B2C,APIEx,,Actif,2026-06-29T00:22:55.139183,haute
BJ-327E8482,Cargo Froid Freight Savalou,Transport & Logistique,Savalou,+229 96 23 36 10,cargo.froid@hotmail.com,,PME (10-50),B2B,APIEx,,Actif,2026-06-29T00:22:55.139216,moyenne
BJ-AC4E4485,Urgent,Transport & Logistique,Savalou,+229 92 96 80 51,,urgent.bj,PME (10-50),B2C,APIEx,,Actif,2026-06-29T00:22:55.139228,moyenne
BJ-55B0065E,Fret,Transport & Logistique,Dassa-Zoumè,+229 41 57 68 77,fret@fret.com.bj,fret.bj,PME (10-50),B2B,APIEx,,Actif,2026-06-29T00:22:55.139249,haute
BJ-B80661F3,Route Express,Transport & Logistique,Dassa-Zoumè,+229 34 87 95 58,r.express@routeexpress.org.bj,,Grande (>200),B2B,APIEx,,Actif,2026-06-29T00:22:55.139264,moyenne
BJ-7EC47F90,VTC Shipping Dassa-Zoumè,Transport & Logistique,Dassa-Zoumè,+229 95 73 28 84,,vtcshippingdassazoumè.bj,PME (10-50),B2C,APIEx,,Actif,2026-06-29T00:22:55.139278,moyenne
BJ-E5319D3A,Rapide Bateau,Transport & Logistique,Dassa-Zoumè,+229 21 76 25 14,,rapidebateau.bj,PME (50-200),B2C,APIEx,,Actif,2026-06-29T00:22:55.139290,moyenne
BJ-0ABE7433,Poids,Transport & Logistique,Dassa-Zoumè,+229 61 70 90 25,,poids.bj,Grande (>200),B2B,APIEx,,Actif,2026-06-29T00:22:55.139302,moyenne
BJ-D8FC53FD,Transport Taxi,Transport & Logistique,Kétou,+229 73 13 60 27,transport.taxi@outlook.com,transporttaxi.bj,TPE (<10),B2C,APIEx,,Actif,2026-06-29T00:22:55.139324,haute
BJ-1C871297,Transport Colis Cargo,Transport & Logistique,Kétou,+229 28 55 21 73,transport.colis@gmail.com,,PME (50-200),B2B,APIEx,,Actif,2026-06-29T00:22:55.139340,moyenne
BJ-CAF51B6B,Transit Distribution International,Transport & Logistique,Kétou,+229 60 11 61 39,t.distribution@transitdistribu.org.bj,transitdistributioninternational.bj,PME (50-200),B2B,APIEx,,Actif,2026-06-29T00:22:55.139360,haute
BJ-F1C371BE,Transit Camion,Transport & Logistique,Kétou,+229 54 80 67 66,transit.camion@hotmail.com,transitcamion.bj,TPE (<10),B2B,APIEx,,Actif,2026-06-29T00:22:55.139375,haute
BJ-E8509446,SARL Déménagement Freight,Transport & Logistique,Covè,+229 49 41 58 61,s.déménagement@hotmail.com,sarldéménagementfreight.bj,TPE (<10),B2C,APIEx,,Actif,2026-06-29T00:22:55.139417,haute
BJ-0DF4D18A,Bateau SARL,Transport & Logistique,Covè,+229 83 49 63 46,b.sarl@bateausarl.com.bj,,TPE (<10),B2B,APIEx,,Actif,2026-06-29T00:22:55.139434,moyenne
BJ-F80E0F48,Transit Camion,Transport & Logistique,Covè,+229 86 34 69 27,,transitcamion.bj,TPE (<10),B2B,APIEx,,Actif,2026-06-29T00:22:55.139448,moyenne
BJ-AB01F5E7,Groupe Camion Delivery Covè,Transport & Logistique,Covè,+229 59 18 21 75,groupe_camion@groupecamiondel.org.bj,groupecamiondeliverycovè.bj,TPE (<10),B2B,APIEx,,Actif,2026-06-29T00:22:55.139467,haute
BJ-AAE016C9,Bateau,Transport & Logistique,Covè,+229 49 50 37 69,bateau@yahoo.fr,bateau.bj,TPE (<10),B2B,APIEx,,Actif,2026-06-29T00:22:55.139480,haute
BJ-6F1144BA,Logistique Utilitaire SARL,Transport & Logistique,Pobè,+229 60 67 68 67,l.utilitaire@yahoo.com,,PME (10-50),B2B,APIEx,,Actif,2026-06-29T00:22:55.139506,moyenne
BJ-F0FDA3AE,SARL Affrètement,Transport & Logistique,Pobè,+229 41 38 72 77,s.affrètement@yahoo.com,,PME (10-50),B2B,APIEx,,Actif,2026-06-29T00:22:55.139523,moyenne
BJ-BACF1E14,Transitaire,Transport & Logistique,Pobè,+229 32 90 10 88,transitaire@yahoo.com,,TPE (<10),B2B,APIEx,,Actif,2026-06-29T00:22:55.139540,moyenne
BJ-F227A651,Paquet,Transport & Logistique,Pobè,+229 96 60 81 85,,paquet.bj,TPE (<10),B2B,APIEx,,Actif,2026-06-29T00:22:55.139552,moyenne
BJ-67B7FCF3,Delivery Paquet Transport,Transport & Logistique,Pobè,+229 53 25 91 84,,,TPE (<10),B2B,APIEx,,Actif,2026-06-29T00:22:55.139563,basse
BJ-31722B54,Stockage Africa,Transport & Logistique,Sakété,+229 79 64 54 48,stockageafrica@stockageafrica.org.bj,stockageafrica.bj,TPE (<10),B2C,APIEx,,Actif,2026-06-29T00:22:55.139585,haute
BJ-45B2CEAC,Cargo Affrètement,Transport & Logistique,Sakété,+229 43 25 88 68,c.affrètement@cargoaffrètemen.org.bj,,TPE (<10),B2C,APIEx,,Actif,2026-06-29T00:22:55.139602,moyenne
BJ-6BBA6F1D,Express Africa,Transport & Logistique,Sakété,+229 76 19 12 83,e.africa@yahoo.com,expressafrica.bj,PME (10-50),B2C,APIEx,,Actif,2026-06-29T00:22:55.139617,haute
BJ-7540E5DE,Express Supply Cargo,Transport & Logistique,Sakété,+229 69 98 94 96,expresssupply@yahoo.fr,,Grande (>200),B2B,APIEx,,Actif,2026-06-29T00:22:55.139632,moyenne
BJ-15629DB0,Delivery Courrier Freight,Transport & Logistique,Sakété,+229 46 91 88 52,,deliverycourrierfreight.bj,TPE (<10),B2C,APIEx,,Actif,2026-06-29T00:22:55.139644,moyenne
BJ-947D5C68,Express Navire Logistique,Transport & Logistique,Adjara,+229 79 51 63 63,express.navire@hotmail.com,,TPE (<10),B2B,APIEx,,Actif,2026-06-29T00:22:55.139665,moyenne
BJ-46691E60,Poids Adjara,Transport & Logistique,Adjara,+229 92 76 29 69,,poidsadjara.bj,TPE (<10),B2B,APIEx,,Actif,2026-06-29T00:22:55.139677,moyenne
BJ-B6CF17F7,Express Chambre,Transport & Logistique,Adjara,+229 98 72 12 76,express.chambre@hotmail.com,expresschambre.bj,PME (10-50),B2C,APIEx,,Actif,2026-06-29T00:22:55.139700,haute
BJ-9457190C,Express Delivery,Transport & Logistique,Adjara,+229 40 68 49 82,,,PME (50-200),B2B,APIEx,,Actif,2026-06-29T00:22:55.139712,basse
BJ-8967E2F8,Affrètement,Transport & Logistique,Adjara,+229 21 65 28 69,affrètement@affrètement.bj,affrètement.bj,PME (50-200),B2C,APIEx,,Actif,2026-06-29T00:22:55.139728,haute
BJ-7643294C,Express Bateau Allada,Transport & Logistique,Allada,+229 46 45 40 75,e.bateau@yahoo.com,,PME (10-50),B2B,APIEx,,Actif,2026-06-29T00:22:55.139750,moyenne
BJ-9B24C5C0,Froid Delivery,Transport & Logistique,Allada,+229 79 19 19 77,f.delivery@froiddelivery.com.bj,froiddelivery.bj,PME (10-50),B2C,APIEx,,Actif,2026-06-29T00:22:55.139767,haute
BJ-DA7CEF19,Rapide Cargo Transport,Transport & Logistique,Allada,+229 66 60 71 96,rapide.cargo@yahoo.com,rapidecargotransport.bj,TPE (<10),B2C,APIEx,,Actif,2026-06-29T00:22:55.139782,haute
BJ-D302AC21,Warehousing Express,Transport & Logistique,Allada,+229 82 40 15 84,warehousingexpress@warehousingexpr.bj,warehousingexpress.bj,TPE (<10),B2C,APIEx,,Actif,2026-06-29T00:22:55.139805,haute
BJ-AF4A627D,Transport Taxi Express,Transport & Logistique,Allada,+229 88 81 82 78,transporttaxi@transporttaxiex.org.bj,transporttaxiexpress.bj,TPE (<10),B2C,APIEx,,Actif,2026-06-29T00:22:55.139848,haute
BJ-B2A50F27,Lourd,Transport & Logistique,Aplahoué,+229 62 36 77 51,lourd@hotmail.com,lourd.bj,PME (10-50),B2B,APIEx,,Actif,2026-06-29T00:22:55.139899,haute
BJ-404C52C3,Maritime Africa,Transport & Logistique,Aplahoué,+229 81 42 92 65,m.africa@maritimeafrica.com.bj,maritimeafrica.bj,TPE (<10),B2C,APIEx,,Actif,2026-06-29T00:22:55.139927,haute
BJ-0858280E,Chaîne Freight,Transport & Logistique,Aplahoué,+229 31 26 26 13,chaîne_freight@yahoo.com,,PME (50-200),B2C,APIEx,,Actif,2026-06-29T00:22:55.139950,moyenne
BJ-7AFD692B,Rapide Rapide Delivery,Transport & Logistique,Aplahoué,+229 98 79 64 33,rapiderapide@yahoo.com,,Grande (>200),B2B,APIEx,,Actif,2026-06-29T00:22:55.139967,moyenne
BJ-B1053C46,Navire,Transport & Logistique,Aplahoué,+229 44 68 76 81,navire@yahoo.com,navire.bj,PME (10-50),B2C,APIEx,,Actif,2026-06-29T00:22:55.139984,haute
BJ-7A451CFE,Cargo Poids International Dogbo-Tota,Transport & Logistique,Dogbo-Tota,+229 28 19 96 55,c.poids@cargopoidsinter.org.bj,,TPE (<10),B2C,APIEx,,Actif,2026-06-29T00:22:55.140013,moyenne
BJ-8FE2291D,SARL Bateau Delivery,Transport & Logistique,Dogbo-Tota,+229 26 67 79 71,s.bateau@outlook.com,sarlbateaudelivery.bj,PME (50-200),B2C,APIEx,,Actif,2026-06-29T00:22:55.140031,haute
BJ-0F909764,Fret Aérien,Transport & Logistique,Dogbo-Tota,+229 77 43 90 95,fretaérien@yahoo.com,fretaérien.bj,Grande (>200),B2B,APIEx,,Actif,2026-06-29T00:22:55.140048,haute
BJ-ABAB05B4,Transport Lourd Logistique,Transport & Logistique,Dogbo-Tota,+229 79 68 85 46,transportlourd@transportlourdl.com.bj,,TPE (<10),B2B,APIEx,,Actif,2026-06-29T00:22:55.140065,moyenne
BJ-EB672153,Fret Douane Bénin Kpomassè,Transport & Logistique,Kpomassè,+229 85 41 34 15,fret_douane@yahoo.com,,PME (50-200),B2C,APIEx,,Actif,2026-06-29T00:22:55.140105,moyenne
BJ-1EE25599,Transit Chaîne,Transport & Logistique,Kpomassè,+229 22 27 16 85,,transitchaîne.bj,PME (10-50),B2C,APIEx,,Actif,2026-06-29T00:22:55.140119,moyenne
BJ-ECE8C0F2,Colis,Transport & Logistique,Kpomassè,+229 45 98 12 68,colis@colis.bj,colis.bj,TPE (<10),B2B,APIEx,,Actif,2026-06-29T00:22:55.140149,haute
BJ-347C8DB3,Delivery Stockage Shipping,Transport & Logistique,Kpomassè,+229 35 42 81 11,d.stockage@yahoo.fr,deliverystockageshipping.bj,PME (10-50),B2C,APIEx,,Actif,2026-06-29T00:22:55.140166,haute
BJ-5B764AB2,Camion Cargo,Transport & Logistique,Tori-Bossito,+229 54 69 53 78,,,PME (50-200),B2B,APIEx,,Actif,2026-06-29T00:22:55.140184,basse
BJ-C0B13A2B,Express,Transport & Logistique,Tori-Bossito,+229 52 85 86 10,,express.bj,TPE (<10),B2B,APIEx,,Actif,2026-06-29T00:22:55.140196,moyenne
BJ-2D5F83F7,Cargo Véhicule Bénin Tori-Bossito,Transport & Logistique,Tori-Bossito,+229 45 55 65 56,cargovéhicule@cargovéhiculebé.bj,cargovéhiculebénintoribossito.bj,PME (50-200),B2B,APIEx,,Actif,2026-06-29T00:22:55.140217,haute
BJ-EC099938,Particulier International,Transport & Logistique,Tori-Bossito,+229 24 57 13 18,,particulierinternational.bj,PME (10-50),B2C,APIEx,,Actif,2026-06-29T00:22:55.140229,moyenne
BJ-A1D1EC39,Rapide Véhicule,Transport & Logistique,Tori-Bossito,+229 84 14 91 59,,rapidevéhicule.bj,PME (10-50),B2C,APIEx,,Actif,2026-06-29T00:22:55.140241,moyenne
BJ-1EF59DF6,Rapide Bénin,Transport & Logistique,Grand-Popo,+229 53 91 94 79,rapide.bénin@rapidebénin.bj,,TPE (<10),B2B,APIEx,,Actif,2026-06-29T00:22:55.140268,moyenne
BJ-033FFFE4,Groupe Public Africa,Transport & Logistique,Grand-Popo,+229 66 88 84 45,g.public@outlook.com,groupepublicafrica.bj,TPE (<10),B2B,APIEx,,Actif,2026-06-29T00:22:55.140288,haute
BJ-B5985588,Transport Poids,Transport & Logistique,Grand-Popo,+229 93 21 83 78,,transportpoids.bj,PME (50-200),B2B,APIEx,,Actif,2026-06-29T00:22:55.140308,moyenne
BJ-9624B2DC,Paquet Grand-Popo,Transport & Logistique,Grand-Popo,+229 72 40 53 98,paquetgrand@hotmail.com,paquetgrandpopo.bj,PME (10-50),B2B,APIEx,,Actif,2026-06-29T00:22:55.140325,haute
BJ-760AE13A,Poids,Transport & Logistique,Grand-Popo,+229 21 34 90 35,poids@poids.com.bj,poids.bj,TPE (<10),B2B,APIEx,,Actif,2026-06-29T00:22:55.140339,haute
BJ-175F6B82,Express,Transport & Logistique,Athiémé,+229 95 60 41 49,express@express.org.bj,,TPE (<10),B2C,APIEx,,Actif,2026-06-29T00:22:55.140360,moyenne
BJ-7F275A0F,Maritime Africa,Transport & Logistique,Athiémé,+229 85 44 17 65,,maritimeafrica.bj,TPE (<10),B2B,APIEx,,Actif,2026-06-29T00:22:55.140373,moyenne
BJ-11668EB0,Portuaire Delivery,Transport & Logistique,Athiémé,+229 64 25 82 88,portuaire_delivery@portuairedelive.bj,portuairedelivery.bj,TPE (<10),B2C,APIEx,,Actif,2026-06-29T00:22:55.140389,haute
BJ-AAAA9F4E,Transit Stockage SARL Athiémé,Transport & Logistique,Athiémé,+229 27 83 58 93,t.stockage@transitstockage.bj,transitstockagesarlathiémé.bj,PME (50-200),B2B,APIEx,,Actif,2026-06-29T00:22:55.140411,haute
BJ-0C111945,Cargo Express,Transport & Logistique,Athiémé,+229 78 71 71 10,c.express@cargoexpress.org.bj,,TPE (<10),B2B,APIEx,,Actif,2026-06-29T00:22:55.140426,moyenne
BJ-7CA3322D,Messagerie Courrier,Transport & Logistique,Bopa,+229 59 13 54 50,messagerie.courrier@messageriecourr.com.bj,,PME (10-50),B2C,APIEx,,Actif,2026-06-29T00:22:55.140449,moyenne
BJ-DC346943,Chaîne Bénin,Transport & Logistique,Bopa,+229 47 47 59 33,,chaînebénin.bj,TPE (<10),B2B,APIEx,,Actif,2026-06-29T00:22:55.140466,moyenne
BJ-2C00BBDB,Cargo Colis,Transport & Logistique,Bopa,+229 85 74 48 68,cargo.colis@cargocolis.com.bj,,TPE (<10),B2C,APIEx,,Actif,2026-06-29T00:22:55.140484,moyenne
BJ-B1CCCFF8,Express Bus,Transport & Logistique,Bopa,+229 67 66 79 23,,expressbus.bj,PME (10-50),B2B,APIEx,,Actif,2026-06-29T00:22:55.140497,moyenne
BJ-24E02C42,Véhicule Bopa,Transport & Logistique,Bopa,+229 87 91 55 98,véhicule.bopa@véhiculebopa.bj,véhiculebopa.bj,TPE (<10),B2C,APIEx,,Actif,2026-06-29T00:22:55.140515,haute
BJ-DFA699DC,Transitaire Express,Transport & Logistique,Houéyogbé,+229 89 56 52 98,transitaire_express@yahoo.fr,,PME (10-50),B2C,APIEx,,Actif,2026-06-29T00:22:55.140540,moyenne
BJ-3E8E812B,Colis,Transport & Logistique,Houéyogbé,+229 31 96 60 67,colis@yahoo.fr,colis.bj,Grande (>200),B2B,APIEx,,Actif,2026-06-29T00:22:55.140555,haute
BJ-921B4EAB,Messagerie Shipping,Transport & Logistique,Houéyogbé,+229 89 61 99 99,messagerie.shipping@yahoo.fr,,TPE (<10),B2B,APIEx,,Actif,2026-06-29T00:22:55.140570,moyenne
BJ-A3E7ECB5,Messagerie Camion Logistique Houéyogbé,Transport & Logistique,Houéyogbé,+229 33 90 17 74,messageriecamion@hotmail.com,,Grande (>200),B2B,APIEx,,Actif,2026-06-29T00:22:55.140586,moyenne
BJ-D2A80E60,SARL Warehousing Bénin,Transport & Logistique,Houéyogbé,+229 53 19 57 97,sarl.warehousing@outlook.com,,PME (10-50),B2B,APIEx,,Actif,2026-06-29T00:22:55.140603,moyenne
BJ-D0F97A1A,Groupe Messagerie,Transport & Logistique,Malanville,+229 85 11 29 85,,groupemessagerie.bj,PME (10-50),B2B,APIEx,,Actif,2026-06-29T00:22:55.140622,moyenne
BJ-69FFBBB4,Conteneur Malanville,Transport & Logistique,Malanville,+229 80 56 68 61,conteneurmalanville@yahoo.fr,,TPE (<10),B2C,APIEx,,Actif,2026-06-29T00:22:55.140637,moyenne
BJ-049FDF72,Urgent Shipping,Transport & Logistique,Malanville,+229 92 65 18 17,,urgentshipping.bj,PME (50-200),B2B,APIEx,,Actif,2026-06-29T00:22:55.140653,moyenne
BJ-0355E4B9,Transit Public,Transport & Logistique,Malanville,+229 32 69 23 22,transitpublic@yahoo.fr,,PME (10-50),B2B,APIEx,,Actif,2026-06-29T00:22:55.140680,moyenne
BJ-ADE5FC09,Messagerie Camion,Transport & Logistique,Kandi,+229 29 88 78 87,messagerie.camion@messageriecamio.org.bj,,PME (10-50),B2B,APIEx,,Actif,2026-06-29T00:22:55.140703,moyenne
BJ-8524D733,Transport Entrepôt,Transport & Logistique,Kandi,+229 95 99 67 78,t.entrepôt@outlook.com,,TPE (<10),B2C,APIEx,,Actif,2026-06-29T00:22:55.140720,moyenne
BJ-ED9919D6,Transport Paquet International,Transport & Logistique,Kandi,+229 65 76 78 97,,transportpaquetinternational.bj,PME (10-50),B2C,APIEx,,Actif,2026-06-29T00:22:55.140732,moyenne
BJ-61D9A600,Messagerie Rapide Logistique Kandi,Transport & Logistique,Kandi,+229 31 99 29 99,,messagerierapidelogistiquekandi.bj,PME (10-50),B2C,APIEx,,Actif,2026-06-29T00:22:55.140745,moyenne
BJ-91210EBF,Delivery Distribution,Transport & Logistique,Kandi,+229 95 81 92 86,d.distribution@outlook.com,deliverydistribution.bj,PME (50-200),B2B,APIEx,,Actif,2026-06-29T00:22:55.140763,haute
BJ-CF6315AC,SARL Route International,Transport & Logistique,Banikoara,+229 92 92 69 75,sarlroute@sarlrouteintern.bj,sarlrouteinternational.bj,PME (10-50),B2B,APIEx,,Actif,2026-06-29T00:22:55.140787,haute
BJ-1D217D68,Stockage,Transport & Logistique,Banikoara,+229 47 81 28 82,stockage@stockage.org.bj,,TPE (<10),B2C,APIEx,,Actif,2026-06-29T00:22:55.140801,moyenne
BJ-5BC28572,Delivery Urgent,Transport & Logistique,Banikoara,+229 79 57 76 34,,,PME (10-50),B2C,APIEx,,Actif,2026-06-29T00:22:55.140814,basse
BJ-4E174815,Express Affrètement,Transport & Logistique,Banikoara,+229 42 73 43 73,,,PME (10-50),B2C,APIEx,,Actif,2026-06-29T00:22:55.140826,basse
BJ-D927EC1C,Route International Banikoara,Transport & Logistique,Banikoara,+229 90 91 80 58,routeinternational@yahoo.com,routeinternationalbanikoara.bj,Grande (>200),B2B,APIEx,,Actif,2026-06-29T00:22:55.140845,haute
BJ-2A7338C4,Transport Supply,Transport & Logistique,Ségbana,+229 32 29 55 90,transport_supply@gmail.com,transportsupply.bj,PME (10-50),B2B,APIEx,,Actif,2026-06-29T00:22:55.140867,haute
BJ-65B7E037,Véhicule Freight,Transport & Logistique,Ségbana,+229 29 35 45 20,véhiculefreight@véhiculefreight.org.bj,,TPE (<10),B2B,APIEx,,Actif,2026-06-29T00:22:55.140884,moyenne
BJ-4102FA07,Cargo Véhicule,Transport & Logistique,Ségbana,+229 34 29 80 72,cargovéhicule@cargovéhicule.bj,cargovéhicule.bj,PME (10-50),B2B,APIEx,,Actif,2026-06-29T00:22:55.140912,haute
BJ-35891ABC,SARL Camion Delivery,Transport & Logistique,Ségbana,+229 85 80 82 94,s.camion@sarlcamiondeliv.bj,sarlcamiondelivery.bj,PME (50-200),B2B,APIEx,,Actif,2026-06-29T00:22:55.140930,haute
BJ-99EBC8B5,Chaîne SARL Ségbana,Transport & Logistique,Ségbana,+229 66 42 19 92,,,PME (50-200),B2C,APIEx,,Actif,2026-06-29T00:22:55.140942,basse
BJ-C5511FDD,SARL Aérien Express,Transport & Logistique,Karimama,+229 38 11 33 43,sarl.aérien@sarlaérienexpre.com.bj,sarlaérienexpress.bj,TPE (<10),B2C,APIEx,,Actif,2026-06-29T00:22:55.140984,haute
BJ-007240E3,Transit Aérien Bénin,Transport & Logistique,Karimama,+229 72 72 20 22,transit.aérien@transitaérienbé.org.bj,,PME (50-200),B2C,APIEx,,Actif,2026-06-29T00:22:55.141021,moyenne
BJ-05597DEE,Transit Express Karimama,Transport & Logistique,Karimama,+229 21 66 76 49,,,PME (10-50),B2B,APIEx,,Actif,2026-06-29T00:22:55.141032,basse
BJ-EB807347,Messagerie Douane,Transport & Logistique,Gogounou,+229 26 25 93 53,,,TPE (<10),B2C,APIEx,,Actif,2026-06-29T00:22:55.141050,basse
BJ-B33F471E,Rapide Route Delivery,Transport & Logistique,Gogounou,+229 97 66 63 47,,rapideroutedelivery.bj,PME (10-50),B2B,APIEx,,Actif,2026-06-29T00:22:55.141062,moyenne
BJ-AEA175F4,Express Conteneur,Transport & Logistique,Gogounou,+229 98 29 18 60,express_conteneur@hotmail.com,,TPE (<10),B2C,APIEx,,Actif,2026-06-29T00:22:55.141080,moyenne
BJ-C45F95CE,Chain,Transport & Logistique,Gogounou,+229 96 38 73 24,chain@chain.org.bj,chain.bj,PME (50-200),B2B,APIEx,,Actif,2026-06-29T00:22:55.141095,haute
BJ-553B6F73,Groupe Courtage SARL Gogounou,Transport & Logistique,Gogounou,+229 41 99 12 57,groupe.courtage@groupecourtages.org.bj,groupecourtagesarlgogounou.bj,PME (10-50),B2B,APIEx,,Actif,2026-06-29T00:22:55.141112,haute
BJ-1C5480A7,Rapide Navire Logistique,Transport & Logistique,Cobly,+229 59 17 46 81,rapide.navire@outlook.com,rapidenavirelogistique.bj,Grande (>200),B2C,APIEx,,Actif,2026-06-29T00:22:55.141134,haute
BJ-83012460,Messagerie Urgent,Transport & Logistique,Cobly,+229 78 63 47 11,m.urgent@messagerieurgen.bj,messagerieurgent.bj,PME (50-200),B2C,APIEx,,Actif,2026-06-29T00:22:55.141151,haute
BJ-22EA7C3F,Portuaire Transport Cobly,Transport & Logistique,Cobly,+229 42 38 98 75,p.transport@portuairetransp.bj,,TPE (<10),B2B,APIEx,,Actif,2026-06-29T00:22:55.141171,moyenne
BJ-1D3321C2,Express Chaîne,Transport & Logistique,Cobly,+229 24 67 46 84,e.chaîne@hotmail.com,expresschaîne.bj,PME (10-50),B2B,APIEx,,Actif,2026-06-29T00:22:55.141192,haute
BJ-74252764,Delivery Conteneur,Transport & Logistique,Cobly,+229 61 11 54 98,,deliveryconteneur.bj,PME (10-50),B2B,APIEx,,Actif,2026-06-29T00:22:55.141218,moyenne
BJ-62F999BE,Route,Transport & Logistique,Tanguiéta,+229 78 21 63 39,route@route.bj,,TPE (<10),B2C,APIEx,,Actif,2026-06-29T00:22:55.141293,moyenne
BJ-99D651BB,Entrepôt,Transport & Logistique,Tanguiéta,+229 61 35 77 79,entrepôt@entrepôt.org.bj,,PME (50-200),B2C,APIEx,,Actif,2026-06-29T00:22:55.141327,moyenne
BJ-201EA8C7,Logistique Urgent,Transport & Logistique,Tanguiéta,+229 33 22 27 37,logistiqueurgent@hotmail.com,logistiqueurgent.bj,Grande (>200),B2C,APIEx,,Actif,2026-06-29T00:22:55.141364,haute
BJ-F76E58A6,Car,Transport & Logistique,Tanguiéta,+229 85 82 49 15,car@car.org.bj,car.bj,PME (10-50),B2C,APIEx,,Actif,2026-06-29T00:22:55.141399,haute
BJ-2C8F43D4,Messagerie Distribution,Transport & Logistique,Tanguiéta,+229 49 48 68 47,,messageriedistribution.bj,PME (10-50),B2B,APIEx,,Actif,2026-06-29T00:22:55.141423,moyenne
BJ-40C1CCE1,Transit Aérien Bénin,Transport & Logistique,Matéri,+229 77 95 41 11,transitaérien@transitaérienbé.org.bj,,PME (10-50),B2C,APIEx,,Actif,2026-06-29T00:22:55.141454,moyenne
BJ-B84112C3,Logistique Distribution Matéri,Transport & Logistique,Matéri,+229 38 73 68 75,,logistiquedistributionmatéri.bj,PME (10-50),B2C,APIEx,,Actif,2026-06-29T00:22:55.141469,moyenne
BJ-839F4A7F,Transit Déménagement,Transport & Logistique,Matéri,+229 74 98 67 88,,transitdéménagement.bj,TPE (<10),B2B,APIEx,,Actif,2026-06-29T00:22:55.141487,moyenne
BJ-140241BD,Fret Route Africa,Transport & Logistique,Matéri,+229 59 73 58 65,,fretrouteafrica.bj,PME (10-50),B2B,APIEx,,Actif,2026-06-29T00:22:55.141504,moyenne
BJ-697F3B0B,Cargo Car Bénin,Transport & Logistique,Matéri,+229 69 91 24 82,c.car@gmail.com,,PME (10-50),B2B,APIEx,,Actif,2026-06-29T00:22:55.141522,moyenne
BJ-F69B08F6,Douane Natitingou,Transport & Logistique,Natitingou,+229 95 46 83 27,douane.natitingou@outlook.com,,Grande (>200),B2B,APIEx,,Actif,2026-06-29T00:22:55.141560,moyenne
BJ-1D9310AD,Delivery Messagerie Logistique,Transport & Logistique,Natitingou,+229 82 74 64 25,,deliverymessagerielogistique.bj,PME (50-200),B2B,APIEx,,Actif,2026-06-29T00:22:55.141584,moyenne
BJ-BB3A8D37,Delivery Fret Natitingou,Transport & Logistique,Natitingou,+229 39 67 40 66,,deliveryfretnatitingou.bj,Grande (>200),B2B,APIEx,,Actif,2026-06-29T00:22:55.141596,moyenne
BJ-3C0556C9,Chain,Transport & Logistique,Toucountouna,+229 30 62 10 34,chain@gmail.com,,PME (10-50),B2C,APIEx,,Actif,2026-06-29T00:22:55.141615,moyenne
BJ-18ADCD3B,SARL Courtage,Transport & Logistique,Toucountouna,+229 27 33 44 51,sarl.courtage@yahoo.com,,Grande (>200),B2B,APIEx,,Actif,2026-06-29T00:22:55.141631,moyenne
BJ-62BF3FAA,Camion,Transport & Logistique,Toucountouna,+229 38 59 13 87,camion@camion.org.bj,camion.bj,PME (10-50),B2C,APIEx,,Actif,2026-06-29T00:22:55.141648,haute
BJ-B470781C,Distribution Express,Transport & Logistique,Toucountouna,+229 24 86 36 37,distributionexpress@yahoo.fr,distributionexpress.bj,TPE (<10),B2C,APIEx,,Actif,2026-06-29T00:22:55.141666,haute
BJ-5A72DECE,Aérien Express,Transport & Logistique,Toucountouna,+229 61 20 74 10,,,PME (50-200),B2C,APIEx,,Actif,2026-06-29T00:22:55.141677,basse
BJ-79E53ED1,Paquet Boukoumbé,Transport & Logistique,Boukoumbé,+229 81 31 42 11,,paquetboukoumbé.bj,PME (10-50),B2B,APIEx,,Actif,2026-06-29T00:22:55.141696,moyenne
BJ-B4A296B8,Transit Chambre Delivery,Transport & Logistique,Boukoumbé,+229 84 12 60 49,transit.chambre@transitchambred.bj,,PME (10-50),B2C,APIEx,,Actif,2026-06-29T00:22:55.141713,moyenne
BJ-FAF450A7,Chain,Transport & Logistique,Boukoumbé,+229 79 26 13 21,chain@outlook.com,,Grande (>200),B2B,APIEx,,Actif,2026-06-29T00:22:55.141726,moyenne
BJ-55B1E0E8,Rapide Utilitaire Freight,Transport & Logistique,Boukoumbé,+229 69 71 37 38,rapide.utilitaire@rapideutilitair.org.bj,rapideutilitairefreight.bj,PME (10-50),B2C,APIEx,,Actif,2026-06-29T00:22:55.141746,haute
BJ-34C42924,Portuaire,Transport & Logistique,Boukoumbé,+229 33 36 19 51,,portuaire.bj,TPE (<10),B2B,APIEx,,Actif,2026-06-29T00:22:55.141758,moyenne
BJ-34C63955,Douane,Transport & Logistique,Kouandé,+229 44 77 68 28,,douane.bj,TPE (<10),B2B,APIEx,,Actif,2026-06-29T00:22:55.141777,moyenne
BJ-16775B98,Stockage Kouandé,Transport & Logistique,Kouandé,+229 54 43 97 15,s.kouandé@gmail.com,,PME (10-50),B2C,APIEx,,Actif,2026-06-29T00:22:55.141797,moyenne
BJ-98C59108,Groupe Route Delivery,Transport & Logistique,Kouandé,+229 32 89 59 50,grouperoute@grouperoutedeli.com.bj,grouperoutedelivery.bj,PME (10-50),B2C,APIEx,,Actif,2026-06-29T00:22:55.141832,haute
BJ-76366B1A,Cargo Entrepôt,Transport & Logistique,Kouandé,+229 88 79 38 13,c.entrepôt@yahoo.fr,cargoentrepôt.bj,TPE (<10),B2B,APIEx,,Actif,2026-06-29T00:22:55.141849,haute
BJ-E22C3B6C,Express Chambre SARL,Transport & Logistique,Péhunco,+229 68 64 72 81,e.chambre@yahoo.fr,,TPE (<10),B2C,APIEx,,Actif,2026-06-29T00:22:55.141885,moyenne
BJ-E373BCDC,Chaîne Delivery,Transport & Logistique,Péhunco,+229 88 30 32 24,chaîne.delivery@hotmail.com,,TPE (<10),B2C,APIEx,,Actif,2026-06-29T00:22:55.141923,moyenne
BJ-0B878B7E,Transit Taxi Shipping,Transport & Logistique,Péhunco,+229 62 24 40 45,transit.taxi@yahoo.com,transittaxishipping.bj,PME (10-50),B2B,APIEx,,Actif,2026-06-29T00:22:55.141956,haute
BJ-7B28EF92,Delivery Route,Transport & Logistique,Péhunco,+229 66 35 26 78,deliveryroute@deliveryroute.org.bj,,TPE (<10),B2C,APIEx,,Actif,2026-06-29T00:22:55.142005,moyenne
BJ-AC6F6C03,Transport Chambre,Transport & Logistique,Tchaourou,+229 73 85 12 32,transportchambre@transportchambr.com.bj,transportchambre.bj,PME (10-50),B2C,APIEx,,Actif,2026-06-29T00:22:55.142048,haute
BJ-485692E0,Affrètement,Transport & Logistique,Tchaourou,+229 59 62 16 86,affrètement@affrètement.com.bj,affrètement.bj,TPE (<10),B2B,APIEx,,Actif,2026-06-29T00:22:55.142076,haute
BJ-D30A5F7A,Bus Tchaourou,Transport & Logistique,Tchaourou,+229 83 89 76 44,bustchaourou@outlook.com,,PME (10-50),B2C,APIEx,,Actif,2026-06-29T00:22:55.142108,moyenne
BJ-A52DCFD7,Courrier Logistique,Transport & Logistique,Tchaourou,+229 35 47 61 72,courrierlogistique@yahoo.com,courrierlogistique.bj,TPE (<10),B2C,APIEx,,Actif,2026-06-29T00:22:55.142142,haute
BJ-232488CF,Logistique Affrètement Bénin,Transport & Logistique,Tchaourou,+229 60 66 84 81,,logistiqueaffrètementbénin.bj,PME (10-50),B2B,APIEx,,Actif,2026-06-29T00:22:55.142164,moyenne
BJ-6B6991CA,Groupe Véhicule Express Nikki,Transport & Logistique,Nikki,+229 82 24 29 69,groupe.véhicule@outlook.com,,TPE (<10),B2B,APIEx,,Actif,2026-06-29T00:22:55.142208,moyenne
BJ-45DCBB23,Groupe Transitaire Nikki,Transport & Logistique,Nikki,+229 43 21 94 14,groupe.transitaire@groupetransitai.bj,,PME (10-50),B2C,APIEx,,Actif,2026-06-29T00:22:55.142237,moyenne
BJ-1D89A74C,Rapide Conteneur Nikki,Transport & Logistique,Nikki,+229 75 86 39 48,rapideconteneur@hotmail.com,rapideconteneurnikki.bj,PME (50-200),B2C,APIEx,,Actif,2026-06-29T00:22:55.142265,haute
BJ-A57CF308,Bus Africa,Transport & Logistique,Nikki,+229 20 53 76 48,,,PME (10-50),B2B,APIEx,,Actif,2026-06-29T00:22:55.142288,basse
BJ-3FA22A76,Rapide Public,Transport & Logistique,Nikki,+229 36 47 26 75,r.public@outlook.com,rapidepublic.bj,TPE (<10),B2B,APIEx,,Actif,2026-06-29T00:22:55.142317,haute
BJ-DB44ECE1,Transport Livraison Express,Transport & Logistique,Bembéréké,+229 89 85 55 87,,transportlivraisonexpress.bj,PME (10-50),B2B,APIEx,,Actif,2026-06-29T00:22:55.142358,moyenne
BJ-B544E8E7,Express VTC,Transport & Logistique,Bembéréké,+229 42 58 84 71,,,PME (50-200),B2B,APIEx,,Actif,2026-06-29T00:22:55.142381,basse
BJ-FE28E627,Particulier Freight Bembéréké,Transport & Logistique,Bembéréké,+229 57 82 41 41,p.freight@yahoo.com,particulierfreightbembéréké.bj,TPE (<10),B2C,APIEx,,Actif,2026-06-29T00:22:55.142423,haute
BJ-15BB1DD8,Transport Courrier,Transport & Logistique,Bembéréké,+229 92 76 69 54,transport.courrier@yahoo.fr,,TPE (<10),B2C,APIEx,,Actif,2026-06-29T00:22:55.142455,moyenne
BJ-1485B8ED,Transport Conteneur Shipping Bembéréké,Transport & Logistique,Bembéréké,+229 88 86 75 82,transport.conteneur@transportconten.bj,,TPE (<10),B2B,APIEx,,Actif,2026-06-29T00:22:55.142488,moyenne
BJ-9AC67431,Douane,Transport & Logistique,Kalalé,+229 76 50 28 87,,douane.bj,PME (50-200),B2C,APIEx,,Actif,2026-06-29T00:22:55.142526,moyenne
BJ-B0A0BE2C,Warehousing Transport,Transport & Logistique,Kalalé,+229 84 90 86 84,warehousingtransport@warehousingtran.org.bj,,TPE (<10),B2B,APIEx,,Actif,2026-06-29T00:22:55.142560,moyenne
BJ-D4D6B0F0,Delivery Public,Transport & Logistique,Kalalé,+229 34 69 72 25,deliverypublic@gmail.com,deliverypublic.bj,TPE (<10),B2C,APIEx,,Actif,2026-06-29T00:22:55.142593,haute
BJ-F3E2DE9F,Affrètement Bénin,Transport & Logistique,Kalalé,+229 46 10 11 61,,affrètementbénin.bj,TPE (<10),B2C,APIEx,,Actif,2026-06-29T00:22:55.142625,moyenne
BJ-45211CE1,Fret Douane,Transport & Logistique,Kalalé,+229 72 20 77 43,fret.douane@fretdouane.bj,fretdouane.bj,PME (10-50),B2C,APIEx,,Actif,2026-06-29T00:22:55.142661,haute
BJ-41A7B462,Affrètement Africa,Transport & Logistique,Ndali,+229 72 73 99 73,affrètement.africa@affrètementafri.bj,affrètementafrica.bj,Grande (>200),B2B,APIEx,,Actif,2026-06-29T00:22:55.142709,haute
BJ-0FFB54EC,Delivery Affrètement Cargo,Transport & Logistique,Ndali,+229 29 33 22 53,delivery.affrètement@deliveryaffrète.bj,,PME (10-50),B2C,APIEx,,Actif,2026-06-29T00:22:55.142749,moyenne
BJ-338071B3,Aérien Freight,Transport & Logistique,Ndali,+229 67 63 96 43,aérienfreight@outlook.com,,PME (10-50),B2C,APIEx,,Actif,2026-06-29T00:22:55.142796,moyenne
BJ-F131C5F7,Conteneur Express,Transport & Logistique,Ndali,+229 66 17 46 57,conteneurexpress@conteneurexpres.org.bj,conteneurexpress.bj,PME (50-200),B2C,APIEx,,Actif,2026-06-29T00:22:55.142841,haute
BJ-EED47C24,Véhicule Bénin Ndali,Transport & Logistique,Ndali,+229 54 14 79 26,,,PME (10-50),B2B,APIEx,,Actif,2026-06-29T00:22:55.142869,basse
BJ-AB91DAF7,Portuaire,Transport & Logistique,Ségbana,+229 97 74 42 44,portuaire@portuaire.com.bj,portuaire.bj,TPE (<10),B2B,APIEx,,Actif,2026-06-29T00:22:55.142934,haute
BJ-A96F6853,Cargo Messagerie Africa,Transport & Logistique,Ségbana,+229 75 16 59 52,cargo.messagerie@cargomessagerie.com.bj,,PME (50-200),B2C,APIEx,,Actif,2026-06-29T00:22:55.142973,moyenne
BJ-80AD0AFC,Delivery Froid Shipping,Transport & Logistique,Ségbana,+229 35 87 56 27,,deliveryfroidshipping.bj,TPE (<10),B2B,APIEx,,Actif,2026-06-29T00:22:55.143002,moyenne
BJ-66C7EB4F,Messagerie Déménagement,Transport & Logistique,Ségbana,+229 62 23 10 94,,,PME (10-50),B2B,APIEx,,Actif,2026-06-29T00:22:55.143030,basse
BJ-36357523,Messagerie Maritime Express Ségbana,Transport & Logistique,Ségbana,+229 52 36 57 63,m.maritime@gmail.com,messageriemaritimeexpressségbana.bj,PME (10-50),B2C,APIEx,,Actif,2026-06-29T00:22:55.143069,haute
BJ-82201DD5,Douane Freight,Transport & Logistique,Tchaourou,+229 25 97 14 34,douane.freight@douanefreight.bj,,TPE (<10),B2B,APIEx,,Actif,2026-06-29T00:22:55.143121,moyenne
BJ-4133BDB2,Déménagement Transport,Transport & Logistique,Tchaourou,+229 68 68 78 47,déménagement.transport@déménagementtra.bj,,Grande (>200),B2C,APIEx,,Actif,2026-06-29T00:22:55.143204,moyenne
BJ-5C08D460,Chaîne,Transport & Logistique,Tchaourou,+229 45 60 20 61,chaîne@chaîne.com.bj,chaîne.bj,PME (50-200),B2B,APIEx,,Actif,2026-06-29T00:22:55.143243,haute
BJ-3378DADF,Chain,Transport & Logistique,Tchaourou,+229 60 65 58 10,chain@chain.org.bj,chain.bj,TPE (<10),B2B,APIEx,,Actif,2026-06-29T00:22:55.143274,haute
BJ-D56F0572,Poids,Transport & Logistique,Bétérou,+229 42 27 68 99,poids@poids.org.bj,poids.bj,PME (10-50),B2C,APIEx,,Actif,2026-06-29T00:22:55.143321,haute
BJ-6436CC35,Utilitaire,Transport & Logistique,Bétérou,+229 63 83 94 48,,utilitaire.bj,PME (10-50),B2C,APIEx,,Actif,2026-06-29T00:22:55.143358,moyenne
BJ-9890AA85,Fret Affrètement International,Transport & Logistique,Bétérou,+229 44 11 21 95,fret.affrètement@outlook.com,fretaffrètementinternational.bj,TPE (<10),B2B,APIEx,,Actif,2026-06-29T00:22:55.143402,haute
BJ-0BA56627,Fret Bateau,Transport & Logistique,Bétérou,+229 48 40 78 14,,fretbateau.bj,TPE (<10),B2C,APIEx,,Actif,2026-06-29T00:22:55.143461,moyenne
BJ-4FA2DA3A,Rapide Affrètement Logistique,Transport & Logistique,Ouessè,+229 22 93 96 79,rapideaffrètement@hotmail.com,rapideaffrètementlogistique.bj,PME (50-200),B2C,APIEx,,Actif,2026-06-29T00:22:55.143526,haute
BJ-6880D56C,Distribution Express,Transport & Logistique,Ouessè,+229 39 24 25 23,distribution.express@gmail.com,distributionexpress.bj,PME (10-50),B2C,APIEx,,Actif,2026-06-29T00:22:55.143564,haute
BJ-C09F8106,Affrètement,Transport & Logistique,Ouessè,+229 86 99 52 60,,affrètement.bj,Grande (>200),B2B,APIEx,,Actif,2026-06-29T00:22:55.143602,moyenne
BJ-C384D2BC,Bateau Shipping,Transport & Logistique,Ouessè,+229 27 57 74 44,bateau.shipping@bateaushipping.com.bj,bateaushipping.bj,PME (50-200),B2C,APIEx,,Actif,2026-06-29T00:22:55.143641,haute
BJ-8E552C68,Cargo Ouessè,Transport & Logistique,Ouessè,+229 52 23 32 50,,cargoouessè.bj,PME (50-200),B2C,APIEx,,Actif,2026-06-29T00:22:55.143678,moyenne
BJ-9E6927D0,Chaîne Cargo,Transport & Logistique,Glazoué,+229 43 80 34 85,chaînecargo@outlook.com,chaînecargo.bj,PME (10-50),B2C,APIEx,,Actif,2026-06-29T00:22:55.143734,haute
BJ-DC24B803,Route,Transport & Logistique,Glazoué,+229 40 28 34 67,route@route.com.bj,,Grande (>200),B2C,APIEx,,Actif,2026-06-29T00:22:55.143768,moyenne
BJ-A83BE4C1,Courtage,Transport & Logistique,Glazoué,+229 99 77 20 39,courtage@courtage.bj,courtage.bj,PME (50-200),B2C,APIEx,,Actif,2026-06-29T00:22:55.143800,haute
BJ-C1409FED,Rapide Colis,Transport & Logistique,Glazoué,+229 92 70 26 49,r.colis@rapidecolis.bj,rapidecolis.bj,TPE (<10),B2C,APIEx,,Actif,2026-06-29T00:22:55.143837,haute
BJ-0D8BA70B,Distribution Shipping,Transport & Logistique,Dassa-Zoumè,+229 69 36 82 17,distributionshipping@hotmail.com,distributionshipping.bj,TPE (<10),B2B,APIEx,,Actif,2026-06-29T00:22:55.143948,haute
BJ-30AAEBEE,Envoi,Transport & Logistique,Dassa-Zoumè,+229 42 67 47 73,envoi@yahoo.com,,PME (10-50),B2C,APIEx,,Actif,2026-06-29T00:22:55.143980,moyenne
BJ-CEC3D9B8,Transit Taxi Bénin,Transport & Logistique,Dassa-Zoumè,+229 95 86 42 55,transit_taxi@hotmail.com,transittaxibénin.bj,PME (50-200),B2B,APIEx,,Actif,2026-06-29T00:22:55.144068,haute
BJ-6B8A8772,Logistique Poids Logistique,Transport & Logistique,Dassa-Zoumè,+229 70 66 49 12,logistiquepoids@gmail.com,,PME (50-200),B2C,APIEx,,Actif,2026-06-29T00:22:55.144106,moyenne
BJ-0AD74703,Express Rapide Cargo,Transport & Logistique,Savalou,+229 69 78 93 31,express.rapide@yahoo.fr,,PME (50-200),B2C,APIEx,,Actif,2026-06-29T00:22:55.144217,moyenne
BJ-42074347,Delivery Chain Savalou,Transport & Logistique,Savalou,+229 89 29 62 73,,deliverychainsavalou.bj,PME (10-50),B2C,APIEx,,Actif,2026-06-29T00:22:55.144246,moyenne
BJ-E9A7B736,Express Rapide Savalou,Transport & Logistique,Savalou,+229 98 60 72 56,,expressrapidesavalou.bj,PME (10-50),B2C,APIEx,,Actif,2026-06-29T00:22:55.144275,moyenne
BJ-F139B643,Cargo Warehousing Shipping,Transport & Logistique,Bantè,+229 56 65 77 88,cargo.warehousing@outlook.com,cargowarehousingshipping.bj,PME (10-50),B2B,APIEx,,Actif,2026-06-29T00:22:55.144334,haute
BJ-36E0318B,Particulier Freight,Transport & Logistique,Bantè,+229 88 22 17 16,particulierfreight@particulierfrei.org.bj,particulierfreight.bj,TPE (<10),B2B,APIEx,,Actif,2026-06-29T00:22:55.144378,haute
BJ-BCD4B7CF,Express Public,Transport & Logistique,Bantè,+229 72 37 55 41,,expresspublic.bj,TPE (<10),B2C,APIEx,,Actif,2026-06-29T00:22:55.144412,moyenne
BJ-FD665240,Urgent SARL,Transport & Logistique,Bantè,+229 70 75 16 28,urgent.sarl@urgentsarl.org.bj,urgentsarl.bj,TPE (<10),B2C,APIEx,,Actif,2026-06-29T00:22:55.144453,haute
BJ-385913DB,Route Africa,Transport & Logistique,Bantè,+229 36 94 32 76,route.africa@hotmail.com,,TPE (<10),B2C,APIEx,,Actif,2026-06-29T00:22:55.144489,moyenne
BJ-77BEAC5B,Fret Envoi Freight,Transport & Logistique,Djougou,+229 94 56 17 91,,fretenvoifreight.bj,PME (10-50),B2B,APIEx,,Actif,2026-06-29T00:22:55.144532,moyenne
BJ-18DC4056,Fret Chambre Freight,Transport & Logistique,Djougou,+229 77 46 21 19,fretchambre@yahoo.fr,,Grande (>200),B2B,APIEx,,Actif,2026-06-29T00:22:55.144567,moyenne
BJ-FBB4E47D,Delivery Express,Transport & Logistique,Djougou,+229 64 83 50 70,,deliveryexpress.bj,Grande (>200),B2C,APIEx,,Actif,2026-06-29T00:22:55.144596,moyenne
BJ-148F177E,Rapide Supply Delivery Djougou,Transport & Logistique,Djougou,+229 98 39 30 23,r.supply@rapidesupplydel.org.bj,,TPE (<10),B2B,APIEx,,Actif,2026-06-29T00:22:55.144633,moyenne
BJ-97BE592F,Logistique Véhicule,Transport & Logistique,Djougou,+229 31 31 34 99,logistique.véhicule@hotmail.com,,TPE (<10),B2B,APIEx,,Actif,2026-06-29T00:22:55.144680,moyenne
BJ-28D4F228,Cargo Navire,Transport & Logistique,Ouèssè,+229 82 66 16 29,,cargonavire.bj,TPE (<10),B2C,APIEx,,Actif,2026-06-29T00:22:55.144723,moyenne
BJ-7AB62D4F,Transit Chambre,Transport & Logistique,Ouèssè,+229 66 37 12 36,,,PME (50-200),B2C,APIEx,,Actif,2026-06-29T00:22:55.144749,basse
BJ-7574539B,Conteneur,Transport & Logistique,Ouèssè,+229 45 37 37 68,,conteneur.bj,TPE (<10),B2B,APIEx,,Actif,2026-06-29T00:22:55.144784,moyenne
BJ-3285778F,Delivery Car Shipping,Transport & Logistique,Ouèssè,+229 71 83 44 48,,,PME (50-200),B2C,APIEx,,Actif,2026-06-29T00:22:55.144814,basse
BJ-7F20BFA0,Transitaire,Transport & Logistique,Ouèssè,+229 70 89 21 98,transitaire@hotmail.com,transitaire.bj,Grande (>200),B2C,APIEx,,Actif,2026-06-29T00:22:55.144855,haute
BJ-FE89701F,Entrepôt Delivery,Transport & Logistique,Bassila,+229 44 28 15 67,entrepôt.delivery@entrepôtdeliver.org.bj,entrepôtdelivery.bj,Grande (>200),B2B,APIEx,,Actif,2026-06-29T00:22:55.144932,haute
BJ-A0E4661B,Fret Déménagement Bassila,Transport & Logistique,Bassila,+229 99 43 27 10,fret.déménagement@fretdéménagemen.org.bj,,PME (10-50),B2C,APIEx,,Actif,2026-06-29T00:22:55.144964,moyenne
BJ-D6213A90,Courrier,Transport & Logistique,Bassila,+229 84 97 76 89,courrier@gmail.com,courrier.bj,PME (50-200),B2C,APIEx,,Actif,2026-06-29T00:22:55.144988,haute
BJ-90EF3776,Rapide Freight,Transport & Logistique,Bassila,+229 80 91 66 10,rapidefreight@rapidefreight.com.bj,,PME (10-50),B2C,APIEx,,Actif,2026-06-29T00:22:55.145023,moyenne
BJ-FDFC38A5,Camion Logistique,Transport & Logistique,Bassila,+229 46 11 49 88,c.logistique@camionlogistiqu.org.bj,camionlogistique.bj,PME (10-50),B2C,APIEx,,Actif,2026-06-29T00:22:55.145052,haute
BJ-99862402,Transport VTC Transport,Transport & Logistique,Pehunco,+229 63 76 95 33,,transportvtctransport.bj,PME (10-50),B2C,APIEx,,Actif,2026-06-29T00:22:55.145092,moyenne
BJ-3BD41B6E,Transport Africa,Transport & Logistique,Pehunco,+229 68 46 83 50,,,TPE (<10),B2B,APIEx,,Actif,2026-06-29T00:22:55.145111,basse
BJ-9E77563D,Fret Chambre,Transport & Logistique,Pehunco,+229 78 21 71 39,f.chambre@hotmail.com,,PME (10-50),B2C,APIEx,,Actif,2026-06-29T00:22:55.145144,moyenne
BJ-AE4A590D,Transport Douane,Transport & Logistique,Pehunco,+229 80 91 75 85,transportdouane@hotmail.com,,Grande (>200),B2C,APIEx,,Actif,2026-06-29T00:22:55.145170,moyenne
BJ-C05ACCFB,VTC,Transport & Logistique,Pehunco,+229 48 39 94 70,vtc@hotmail.com,vtc.bj,PME (50-200),B2B,APIEx,,Actif,2026-06-29T00:22:55.145195,haute
BJ-56DB0461,Messagerie,Transport & Logistique,Copargo,+229 64 49 14 25,messagerie@messagerie.com.bj,,TPE (<10),B2C,APIEx,,Actif,2026-06-29T00:22:55.145246,moyenne
BJ-A3130456,Delivery Livraison Cargo,Transport & Logistique,Copargo,+229 73 21 97 99,delivery.livraison@deliverylivrais.org.bj,,PME (10-50),B2B,APIEx,,Actif,2026-06-29T00:22:55.145279,moyenne
BJ-11368BD8,Transit Chambre Freight,Transport & Logistique,Copargo,+229 68 91 72 76,transit.chambre@outlook.com,,TPE (<10),B2B,APIEx,,Actif,2026-06-29T00:22:55.145308,moyenne
BJ-AB1E13ED,Express Chain,Transport & Logistique,Copargo,+229 83 41 47 68,,expresschain.bj,TPE (<10),B2C,APIEx,,Actif,2026-06-29T00:22:55.145332,moyenne
BJ-2EE0B3F6,Conteneur,Transport & Logistique,Copargo,+229 68 60 46 21,conteneur@conteneur.com.bj,conteneur.bj,PME (10-50),B2C,APIEx,,Actif,2026-06-29T00:22:55.145359,haute
BJ-2912B3FF,Internet LTE,Télécommunications,Cotonou,+229 72 74 53 80,i.lte@internetlte.com.bj,internetlte.bj,PME (10-50),B2C,APIEx,,Actif,2026-06-29T00:22:55.145407,haute
BJ-5B3DAE34,Wireless Débit,Télécommunications,Cotonou,+229 37 84 76 90,wireless.débit@gmail.com,wirelessdébit.bj,PME (10-50),B2C,APIEx,,Actif,2026-06-29T00:22:55.145439,haute
BJ-091045A9,Radio,Télécommunications,Cotonou,+229 21 58 94 13,radio@outlook.com,radio.bj,TPE (<10),B2B,APIEx,,Actif,2026-06-29T00:22:55.145471,haute
BJ-45C68784,Haut International,Télécommunications,Cotonou,+229 94 25 66 75,haut_international@hautinternation.com.bj,hautinternational.bj,TPE (<10),B2B,APIEx,,Actif,2026-06-29T00:22:55.145505,haute
BJ-869E846C,Satellite ISP Abomey-Calavi,Télécommunications,Abomey-Calavi,+229 53 72 87 27,satellite.isp@gmail.com,satelliteispabomeycalavi.bj,PME (50-200),B2B,APIEx,,Actif,2026-06-29T00:22:55.145577,haute
BJ-4F6ED29D,Ping Digital,Télécommunications,Abomey-Calavi,+229 28 33 41 19,p.digital@outlook.com,pingdigital.bj,PME (10-50),B2B,APIEx,,Actif,2026-06-29T00:22:55.145608,haute
BJ-AC38DF31,Optique,Télécommunications,Abomey-Calavi,+229 70 56 96 74,optique@gmail.com,optique.bj,TPE (<10),B2B,APIEx,,Actif,2026-06-29T00:22:55.145632,haute
BJ-27DC210C,Digital Connect,Télécommunications,Abomey-Calavi,+229 97 85 53 69,digital.connect@gmail.com,digitalconnect.bj,PME (10-50),B2B,APIEx,,Actif,2026-06-29T00:22:55.145721,haute
BJ-23EFB75D,BTS Telecom,Télécommunications,Porto-Novo,+229 40 80 90 48,btstelecom@yahoo.com,btstelecom.bj,TPE (<10),B2B,APIEx,,Actif,2026-06-29T00:22:55.145770,haute
BJ-6FBF5AA5,Trunk,Télécommunications,Porto-Novo,+229 59 87 43 70,trunk@trunk.com.bj,trunk.bj,TPE (<10),B2B,APIEx,,Actif,2026-06-29T00:22:55.145799,haute
BJ-D0504ABF,Couverture,Télécommunications,Porto-Novo,+229 99 90 76 43,couverture@hotmail.com,couverture.bj,PME (10-50),B2B,APIEx,,Actif,2026-06-29T00:22:55.145829,haute
BJ-B82CA8E6,Fiber Latence,Télécommunications,Porto-Novo,+229 59 26 61 94,fiber.latence@fiberlatence.org.bj,fiberlatence.bj,PME (10-50),B2B,APIEx,,Actif,2026-06-29T00:22:55.145863,haute
BJ-C6489721,Mobile Connect SA,Télécommunications,Porto-Novo,+229 56 15 36 36,mobileconnect@outlook.com,,TPE (<10),B2C,APIEx,,Actif,2026-06-29T00:22:55.145887,moyenne
BJ-4371D440,Satellite Wireless Connect,Télécommunications,Parakou,+229 75 87 47 12,satellitewireless@satellitewirele.com.bj,satellitewirelessconnect.bj,PME (10-50),B2B,APIEx,,Actif,2026-06-29T00:22:55.145947,haute
BJ-28DBF703,Réseau Digital,Télécommunications,Parakou,+229 35 31 10 12,r.digital@réseaudigital.com.bj,réseaudigital.bj,PME (50-200),B2C,APIEx,,Actif,2026-06-29T00:22:55.146000,haute
BJ-99174AE4,Mobile Ping Bénin,Télécommunications,Parakou,+229 89 60 81 32,m.ping@hotmail.com,mobilepingbénin.bj,TPE (<10),B2B,APIEx,,Actif,2026-06-29T00:22:55.146050,haute
BJ-2A4EE62D,Mobile SIP,Télécommunications,Parakou,+229 78 77 52 90,m.sip@yahoo.com,mobilesip.bj,PME (10-50),B2C,APIEx,,Actif,2026-06-29T00:22:55.146109,haute
BJ-AAB885C6,Internet VPN SA,Télécommunications,Bohicon,+229 42 95 62 34,internetvpn@gmail.com,,TPE (<10),B2B,APIEx,,Actif,2026-06-29T00:22:55.146169,moyenne
BJ-DF531577,Radio Connect,Télécommunications,Bohicon,+229 97 69 36 12,,radioconnect.bj,Grande (>200),B2C,APIEx,,Actif,2026-06-29T00:22:55.146202,moyenne
BJ-A098C5A5,Réseau Bohicon,Télécommunications,Bohicon,+229 21 18 64 63,r.bohicon@réseaubohicon.bj,réseaubohicon.bj,PME (10-50),B2C,APIEx,,Actif,2026-06-29T00:22:55.146223,haute
BJ-643B1972,Fiber Câble Bohicon,Télécommunications,Bohicon,+229 46 36 36 49,fiber.câble@yahoo.fr,fibercâblebohicon.bj,PME (10-50),B2B,APIEx,,Actif,2026-06-29T00:22:55.146242,haute
BJ-FEDEE980,Connect Optique,Télécommunications,Natitingou,+229 22 20 47 97,connect_optique@yahoo.fr,connectoptique.bj,PME (50-200),B2C,APIEx,,Actif,2026-06-29T00:22:55.146267,haute
BJ-0FC0EE17,Ping,Télécommunications,Natitingou,+229 38 33 96 38,ping@hotmail.com,ping.bj,Grande (>200),B2C,APIEx,,Actif,2026-06-29T00:22:55.146297,haute
BJ-2B6CE9CE,VPN International,Télécommunications,Natitingou,+229 96 55 35 98,vpninternational@gmail.com,vpninternational.bj,TPE (<10),B2C,APIEx,,Actif,2026-06-29T00:22:55.146313,haute
BJ-EE0D60B2,Opérateur Africa,Télécommunications,Natitingou,+229 59 79 61 16,opérateur.africa@gmail.com,opérateurafrica.bj,PME (50-200),B2C,APIEx,,Actif,2026-06-29T00:22:55.146335,haute
BJ-0462AE0E,Mobile Trunk Telecom,Télécommunications,Lokossa,+229 92 71 20 48,mobile.trunk@outlook.com,mobiletrunktelecom.bj,PME (10-50),B2C,APIEx,,Actif,2026-06-29T00:22:55.146363,haute
BJ-1261CE6F,Fiber Tech Bénin Lokossa,Télécommunications,Lokossa,+229 27 51 82 94,f.tech@fibertechbéninl.org.bj,fibertechbéninlokossa.bj,PME (50-200),B2C,APIEx,,Actif,2026-06-29T00:22:55.146384,haute
BJ-A45E7BCD,Connect Câble,Télécommunications,Lokossa,+229 56 79 60 31,connectcâble@outlook.com,connectcâble.bj,TPE (<10),B2B,APIEx,,Actif,2026-06-29T00:22:55.146408,haute
BJ-E8AC6A10,Télécom Opérateur Africa,Télécommunications,Lokossa,+229 58 61 49 49,télécom.opérateur@télécomopérateu.com.bj,télécomopérateurafrica.bj,TPE (<10),B2B,APIEx,,Actif,2026-06-29T00:22:55.146428,haute
BJ-F3EF4882,Wireless,Télécommunications,Lokossa,+229 88 79 12 28,wireless@wireless.org.bj,wireless.bj,PME (50-200),B2C,APIEx,,Actif,2026-06-29T00:22:55.146443,haute
BJ-C1D765A8,Connect Spectre SARL,Télécommunications,Ouidah,+229 50 75 50 55,connect.spectre@connectspectres.com.bj,connectspectresarl.bj,Grande (>200),B2C,APIEx,,Actif,2026-06-29T00:22:55.146467,haute
BJ-E9648C78,Digital Fibre,Télécommunications,Ouidah,+229 95 32 14 90,digital_fibre@hotmail.com,digitalfibre.bj,Grande (>200),B2C,APIEx,,Actif,2026-06-29T00:22:55.146496,haute
BJ-6D0CBF34,Radio,Télécommunications,Ouidah,+229 20 89 26 14,radio@hotmail.com,radio.bj,PME (10-50),B2B,APIEx,,Actif,2026-06-29T00:22:55.146510,haute
BJ-FDBB44A7,Satellite VPN Ouidah,Télécommunications,Ouidah,+229 22 78 28 96,satellitevpn@satellitevpnoui.bj,satellitevpnouidah.bj,TPE (<10),B2C,APIEx,,Actif,2026-06-29T00:22:55.146527,haute
BJ-B01F395B,Réseau Latence,Télécommunications,Savalou,+229 70 88 58 76,réseau_latence@gmail.com,réseaulatence.bj,Grande (>200),B2B,APIEx,,Actif,2026-06-29T00:22:55.146551,haute
BJ-739CE395,Télécom VoIP,Télécommunications,Savalou,+229 55 63 25 39,télécom_voip@télécomvoip.com.bj,télécomvoip.bj,TPE (<10),B2C,APIEx,,Actif,2026-06-29T00:22:55.146570,haute
BJ-4DE3DD7C,Wireless SA,Télécommunications,Savalou,+229 59 96 16 86,wireless@wirelesssa.bj,wirelesssa.bj,PME (50-200),B2C,APIEx,,Actif,2026-06-29T00:22:55.146589,haute
BJ-E72417BD,Digital Provider,Télécommunications,Savalou,+229 34 87 11 56,digital_provider@digitalprovider.bj,digitalprovider.bj,PME (10-50),B2B,APIEx,,Actif,2026-06-29T00:22:55.146606,haute
BJ-82A226DC,Réseau 5G Bénin Savalou,Télécommunications,Savalou,+229 72 36 11 69,réseau_bénin@réseau5gbéninsa.bj,réseau5gbéninsavalou.bj,TPE (<10),B2C,APIEx,,Actif,2026-06-29T00:22:55.146625,haute
BJ-9948625C,Télécom Radio,Télécommunications,Dassa-Zoumè,+229 92 57 40 35,télécomradio@télécomradio.org.bj,télécomradio.bj,PME (10-50),B2C,APIEx,,Actif,2026-06-29T00:22:55.146652,haute
BJ-04D0103F,Haut Groupe,Télécommunications,Dassa-Zoumè,+229 60 68 29 74,h.groupe@yahoo.com,hautgroupe.bj,TPE (<10),B2C,APIEx,,Actif,2026-06-29T00:22:55.146674,haute
BJ-9CB64312,Opérateur SARL,Télécommunications,Dassa-Zoumè,+229 35 22 88 18,opérateur.sarl@opérateursarl.org.bj,opérateursarl.bj,PME (50-200),B2C,APIEx,,Actif,2026-06-29T00:22:55.146694,haute
BJ-3D4CD82B,Provider International,Télécommunications,Dassa-Zoumè,+229 88 67 76 80,p.international@hotmail.com,providerinternational.bj,TPE (<10),B2C,APIEx,,Actif,2026-06-29T00:22:55.146710,haute
BJ-16BF9727,Digital Groupe,Télécommunications,Dassa-Zoumè,+229 39 54 64 65,digitalgroupe@outlook.com,digitalgroupe.bj,PME (10-50),B2B,APIEx,,Actif,2026-06-29T00:22:55.146727,haute
BJ-D984A8DF,Couverture SA Kétou,Télécommunications,Kétou,+229 27 56 62 83,c.kétou@yahoo.fr,couverturesakétou.bj,PME (10-50),B2C,APIEx,,Actif,2026-06-29T00:22:55.146752,haute
BJ-9D70D667,Provider,Télécommunications,Kétou,+229 71 21 75 66,provider@provider.org.bj,provider.bj,TPE (<10),B2B,APIEx,,Actif,2026-06-29T00:22:55.146769,haute
BJ-F3F2C254,FAI Telecom,Télécommunications,Kétou,+229 75 44 50 39,fai.telecom@gmail.com,,TPE (<10),B2C,APIEx,,Actif,2026-06-29T00:22:55.146788,moyenne
BJ-ED656F27,Digital Ping Africa Kétou,Télécommunications,Kétou,+229 33 62 48 47,digital.ping@outlook.com,digitalpingafricakétou.bj,TPE (<10),B2C,APIEx,,Actif,2026-06-29T00:22:55.146807,haute
BJ-3FD8EA78,Réseau Tech,Télécommunications,Kétou,+229 53 71 48 78,r.tech@hotmail.com,réseautech.bj,PME (10-50),B2C,APIEx,,Actif,2026-06-29T00:22:55.146828,haute
BJ-4CE1F45B,Satellite Tech,Télécommunications,Covè,+229 27 77 23 63,s.tech@outlook.com,,PME (50-200),B2C,APIEx,,Actif,2026-06-29T00:22:55.146852,moyenne
BJ-C39008FE,BTS Covè,Télécommunications,Covè,+229 72 95 87 98,bts.covè@btscovè.bj,btscovè.bj,TPE (<10),B2C,APIEx,,Actif,2026-06-29T00:22:55.146871,haute
BJ-3F0325DC,VoIP Digital Covè,Télécommunications,Covè,+229 85 95 72 12,,voipdigitalcovè.bj,PME (10-50),B2C,APIEx,,Actif,2026-06-29T00:22:55.146884,moyenne
BJ-7DC3A2E3,Bandwidth Groupe,Télécommunications,Covè,+229 41 44 45 67,bandwidth.groupe@gmail.com,bandwidthgroupe.bj,PME (50-200),B2B,APIEx,,Actif,2026-06-29T00:22:55.146941,haute
BJ-12E0237A,Réseau 5G Bénin,Télécommunications,Covè,+229 69 70 78 40,réseau.bénin@réseau5gbénin.com.bj,réseau5gbénin.bj,TPE (<10),B2B,APIEx,,Actif,2026-06-29T00:22:55.146967,haute
BJ-0081D2E1,Télécom Radio Africa,Télécommunications,Pobè,+229 37 68 86 12,télécomradio@télécomradioafr.com.bj,télécomradioafrica.bj,PME (50-200),B2B,APIEx,,Actif,2026-06-29T00:22:55.146994,haute
BJ-082773DC,Télécom Connect,Télécommunications,Pobè,+229 28 53 96 67,télécomconnect@télécomconnect.com.bj,télécomconnect.bj,TPE (<10),B2C,APIEx,,Actif,2026-06-29T00:22:55.147013,haute
BJ-641E872D,Cloud Connect,Télécommunications,Pobè,+229 89 12 23 23,cloudconnect@hotmail.com,cloudconnect.bj,TPE (<10),B2C,APIEx,,Actif,2026-06-29T00:22:55.147038,haute
BJ-B6528C70,Cloud,Télécommunications,Pobè,+229 42 27 35 66,cloud@gmail.com,cloud.bj,PME (50-200),B2C,APIEx,,Actif,2026-06-29T00:22:55.147054,haute
BJ-C1476065,LTE Telecom Pobè,Télécommunications,Pobè,+229 76 69 83 50,ltetelecom@gmail.com,,PME (10-50),B2B,APIEx,,Actif,2026-06-29T00:22:55.147070,moyenne
BJ-BCDFBAF7,Débit Sakété,Télécommunications,Sakété,+229 64 59 83 62,débitsakété@débitsakété.org.bj,débitsakété.bj,PME (10-50),B2B,APIEx,,Actif,2026-06-29T00:22:55.147096,haute
BJ-E0DB9CFF,Digital Radio,Télécommunications,Sakété,+229 44 11 60 74,digital.radio@digitalradio.bj,digitalradio.bj,PME (10-50),B2B,APIEx,,Actif,2026-06-29T00:22:55.147129,haute
BJ-5211B60D,Latence,Télécommunications,Sakété,+229 98 43 51 96,latence@hotmail.com,latence.bj,PME (10-50),B2B,APIEx,,Actif,2026-06-29T00:22:55.147143,haute
BJ-4A4CA049,Satellite 4G Groupe,Télécommunications,Sakété,+229 69 88 74 88,satellitegroupe@satellite4ggrou.bj,satellite4ggroupe.bj,TPE (<10),B2B,APIEx,,Actif,2026-06-29T00:22:55.147162,haute
BJ-E812D8C1,Connect Latence SARL,Télécommunications,Adjara,+229 54 71 52 42,connectlatence@connectlatences.org.bj,,TPE (<10),B2C,APIEx,,Actif,2026-06-29T00:22:55.147188,moyenne
BJ-722C22E1,Télécom Réseau,Télécommunications,Adjara,+229 55 76 23 35,télécomréseau@télécomréseau.org.bj,télécomréseau.bj,TPE (<10),B2C,APIEx,,Actif,2026-06-29T00:22:55.147208,haute
BJ-8DAAADB0,Communication SARL,Télécommunications,Adjara,+229 97 82 29 72,communicationsarl@communicationsa.org.bj,communicationsarl.bj,TPE (<10),B2B,APIEx,,Actif,2026-06-29T00:22:55.147228,haute
BJ-740E0BC2,Internet Sans International,Télécommunications,Adjara,+229 52 34 38 64,internetsans@internetsansint.bj,internetsansinternational.bj,TPE (<10),B2B,APIEx,,Actif,2026-06-29T00:22:55.147268,haute
BJ-38E170B2,Wireless SARL Allada,Télécommunications,Allada,+229 41 12 75 78,wirelesssarl@outlook.com,wirelesssarlallada.bj,Grande (>200),B2C,APIEx,,Actif,2026-06-29T00:22:55.147296,haute
BJ-CEDF8ABF,Coverage,Télécommunications,Allada,+229 34 73 23 12,coverage@coverage.bj,coverage.bj,TPE (<10),B2C,APIEx,,Actif,2026-06-29T00:22:55.147313,haute
BJ-6F0CD5B1,Internet Digital Allada,Télécommunications,Allada,+229 79 69 19 39,internetdigital@internetdigital.bj,internetdigitalallada.bj,TPE (<10),B2C,APIEx,,Actif,2026-06-29T00:22:55.147331,haute
BJ-8578DD06,Digital SIP Digital Allada,Télécommunications,Allada,+229 44 98 49 52,digital.sip@digitalsipdigit.bj,digitalsipdigitalallada.bj,PME (10-50),B2B,APIEx,,Actif,2026-06-29T00:22:55.147348,haute
BJ-5D2C5A91,Câble Allada,Télécommunications,Allada,+229 52 90 29 32,,câbleallada.bj,PME (10-50),B2B,APIEx,,Actif,2026-06-29T00:22:55.147363,moyenne
BJ-066B007F,VPN Connect,Télécommunications,Aplahoué,+229 93 86 40 93,vpnconnect@gmail.com,vpnconnect.bj,PME (50-200),B2C,APIEx,,Actif,2026-06-29T00:22:55.147387,haute
BJ-4CDDC85B,FAI,Télécommunications,Aplahoué,+229 87 66 59 65,fai@outlook.com,fai.bj,Grande (>200),B2B,APIEx,,Actif,2026-06-29T00:22:55.147403,haute
BJ-79A37BD7,Fiber Fil,Télécommunications,Aplahoué,+229 83 78 42 30,fiberfil@yahoo.com,,PME (10-50),B2B,APIEx,,Actif,2026-06-29T00:22:55.147436,moyenne
BJ-66C913DF,Câble Connect,Télécommunications,Aplahoué,+229 56 60 70 75,câble_connect@câbleconnect.bj,câbleconnect.bj,PME (10-50),B2C,APIEx,,Actif,2026-06-29T00:22:55.147492,haute
BJ-E1102DA4,Internet Coverage International,Télécommunications,Aplahoué,+229 84 64 94 36,internet_coverage@yahoo.fr,internetcoverageinternational.bj,TPE (<10),B2C,APIEx,,Actif,2026-06-29T00:22:55.147529,haute
BJ-632EE5AB,5G Africa,Télécommunications,Dogbo-Tota,+229 66 83 82 63,africa@5gafrica.org.bj,5gafrica.bj,PME (10-50),B2C,APIEx,,Actif,2026-06-29T00:22:55.147579,haute
BJ-6D291EEE,Fiber Cloud,Télécommunications,Dogbo-Tota,+229 39 48 41 20,fiber.cloud@fibercloud.org.bj,fibercloud.bj,PME (50-200),B2C,APIEx,,Actif,2026-06-29T00:22:55.147618,haute
BJ-8F5EE3EB,Wireless Opérateur SARL Dogbo-Tota,Télécommunications,Dogbo-Tota,+229 77 49 37 11,wireless_opérateur@gmail.com,wirelessopérateursarldogbotota.bj,PME (10-50),B2B,APIEx,,Actif,2026-06-29T00:22:55.147650,haute
BJ-148063FC,Câble Connect,Télécommunications,Dogbo-Tota,+229 79 94 54 13,câbleconnect@câbleconnect.com.bj,câbleconnect.bj,TPE (<10),B2B,APIEx,,Actif,2026-06-29T00:22:55.147677,haute
BJ-69041296,Digital Spectre Dogbo-Tota,Télécommunications,Dogbo-Tota,+229 90 33 59 50,digitalspectre@gmail.com,digitalspectredogbotota.bj,PME (50-200),B2B,APIEx,,Actif,2026-06-29T00:22:55.147704,haute
BJ-150DD562,Satellite Networks Kpomassè,Télécommunications,Kpomassè,+229 91 52 39 15,satellite_networks@satellitenetwor.com.bj,satellitenetworkskpomassè.bj,PME (50-200),B2C,APIEx,,Actif,2026-06-29T00:22:55.147751,haute
BJ-46882E67,Connect Câble,Télécommunications,Kpomassè,+229 62 65 12 27,connectcâble@connectcâble.com.bj,connectcâble.bj,TPE (<10),B2C,APIEx,,Actif,2026-06-29T00:22:55.147784,haute
BJ-CC6A8718,PBX Connect Kpomassè,Télécommunications,Kpomassè,+229 90 56 25 57,pbxconnect@pbxconnectkpoma.com.bj,pbxconnectkpomassè.bj,Grande (>200),B2B,APIEx,,Actif,2026-06-29T00:22:55.147840,haute
BJ-AE1B2C28,Fiber Trunk,Télécommunications,Kpomassè,+229 78 86 12 62,,fibertrunk.bj,PME (50-200),B2B,APIEx,,Actif,2026-06-29T00:22:55.147869,moyenne
BJ-24415002,Mobile Coverage,Télécommunications,Kpomassè,+229 26 96 46 13,mobile.coverage@mobilecoverage.com.bj,,PME (10-50),B2C,APIEx,,Actif,2026-06-29T00:22:55.147915,moyenne
BJ-2A538249,BTS International Tori-Bossito,Télécommunications,Tori-Bossito,+229 29 21 94 44,btsinternational@hotmail.com,btsinternationaltoribossito.bj,PME (10-50),B2C,APIEx,,Actif,2026-06-29T00:22:55.147978,haute
BJ-FE440A02,Fiber Mobile Groupe,Télécommunications,Tori-Bossito,+229 27 18 45 69,fiber_mobile@outlook.com,fibermobilegroupe.bj,PME (50-200),B2B,APIEx,,Actif,2026-06-29T00:22:55.148006,haute
BJ-5F13EF93,Connect Optique,Télécommunications,Tori-Bossito,+229 20 27 63 63,c.optique@yahoo.com,connectoptique.bj,PME (10-50),B2C,APIEx,,Actif,2026-06-29T00:22:55.148029,haute
BJ-6BAFE4AC,VoIP Tori-Bossito,Télécommunications,Tori-Bossito,+229 35 83 95 70,voip.tori@voiptoribossito.bj,voiptoribossito.bj,TPE (<10),B2B,APIEx,,Actif,2026-06-29T00:22:55.148055,haute
BJ-31984D1B,SD-WAN,Télécommunications,Tori-Bossito,+229 30 22 21 77,,sdwan.bj,PME (50-200),B2C,APIEx,,Actif,2026-06-29T00:22:55.148074,moyenne
BJ-96872D24,Fiber Fréquence,Télécommunications,Grand-Popo,+229 45 73 54 65,fiberfréquence@fiberfréquence.com.bj,fiberfréquence.bj,TPE (<10),B2C,APIEx,,Actif,2026-06-29T00:22:55.148119,haute
BJ-D1138DE8,Digital Internet,Télécommunications,Grand-Popo,+229 90 85 88 62,digital_internet@digitalinternet.com.bj,digitalinternet.bj,TPE (<10),B2C,APIEx,,Actif,2026-06-29T00:22:55.148145,haute
BJ-0938A8A0,Réseau SA Grand-Popo,Télécommunications,Grand-Popo,+229 87 99 50 18,réseau_grand@gmail.com,réseausagrandpopo.bj,TPE (<10),B2B,APIEx,,Actif,2026-06-29T00:22:55.148185,haute
BJ-E9FEB37D,Wireless Vitesse,Télécommunications,Grand-Popo,+229 33 76 92 32,wirelessvitesse@hotmail.com,wirelessvitesse.bj,TPE (<10),B2B,APIEx,,Actif,2026-06-29T00:22:55.148215,haute
BJ-2329E798,Fiber Coverage Bénin,Télécommunications,Grand-Popo,+229 44 14 25 16,f.coverage@hotmail.com,fibercoveragebénin.bj,PME (50-200),B2C,APIEx,,Actif,2026-06-29T00:22:55.148246,haute
BJ-FA0867EC,Internet LTE Bénin,Télécommunications,Athiémé,+229 75 37 75 82,internet.lte@hotmail.com,internetltebénin.bj,TPE (<10),B2C,APIEx,,Actif,2026-06-29T00:22:55.148295,haute
BJ-7F46172F,Mobile VoIP Athiémé,Télécommunications,Athiémé,+229 29 49 86 35,mobilevoip@yahoo.com,mobilevoipathiémé.bj,TPE (<10),B2C,APIEx,,Actif,2026-06-29T00:22:55.148329,haute
BJ-FFF928B8,ISP,Télécommunications,Athiémé,+229 76 39 89 71,isp@outlook.com,isp.bj,TPE (<10),B2B,APIEx,,Actif,2026-06-29T00:22:55.148353,haute
BJ-FCF24DFA,Débit,Télécommunications,Athiémé,+229 28 13 81 47,débit@débit.org.bj,débit.bj,TPE (<10),B2C,APIEx,,Actif,2026-06-29T00:22:55.148377,haute
BJ-B81CAAFE,Radio Connect,Télécommunications,Athiémé,+229 67 49 40 88,radioconnect@radioconnect.com.bj,,PME (10-50),B2C,APIEx,,Actif,2026-06-29T00:22:55.148406,moyenne
BJ-FCF7425D,Trunk SARL,Télécommunications,Bopa,+229 82 78 61 38,trunksarl@trunksarl.bj,trunksarl.bj,PME (50-200),B2C,APIEx,,Actif,2026-06-29T00:22:55.148451,haute
BJ-D622E527,Digital Hosted Bopa,Télécommunications,Bopa,+229 40 66 63 45,digitalhosted@digitalhostedbo.bj,digitalhostedbopa.bj,TPE (<10),B2B,APIEx,,Actif,2026-06-29T00:22:55.148485,haute
BJ-436EB002,Réseau,Télécommunications,Bopa,+229 30 54 63 24,réseau@gmail.com,réseau.bj,PME (10-50),B2B,APIEx,,Actif,2026-06-29T00:22:55.148522,haute
BJ-34E698AB,BTS Groupe,Télécommunications,Bopa,+229 49 51 57 37,btsgroupe@btsgroupe.com.bj,btsgroupe.bj,PME (10-50),B2C,APIEx,,Actif,2026-06-29T00:22:55.148555,haute
BJ-39074F2B,Mobile Trunk,Télécommunications,Bopa,+229 49 33 21 58,m.trunk@yahoo.com,mobiletrunk.bj,PME (10-50),B2B,APIEx,,Actif,2026-06-29T00:22:55.148585,haute
BJ-258A81D8,Fiber Optique SA,Télécommunications,Houéyogbé,+229 99 28 58 12,f.optique@fiberoptiquesa.org.bj,fiberoptiquesa.bj,PME (10-50),B2C,APIEx,,Actif,2026-06-29T00:22:55.148661,haute
BJ-9E26E5C5,Couverture,Télécommunications,Houéyogbé,+229 86 46 30 26,couverture@couverture.bj,couverture.bj,PME (50-200),B2C,APIEx,,Actif,2026-06-29T00:22:55.148684,haute
BJ-2241FE6A,4G SA,Télécommunications,Houéyogbé,+229 63 53 96 30,4gsa@4gsa.org.bj,4gsa.bj,PME (10-50),B2C,APIEx,,Actif,2026-06-29T00:22:55.148712,haute
BJ-31423199,Internet Ping Connect,Télécommunications,Houéyogbé,+229 88 70 45 84,internet.ping@internetpingcon.org.bj,internetpingconnect.bj,PME (50-200),B2C,APIEx,,Actif,2026-06-29T00:22:55.148750,haute
BJ-662503E1,Internet 4G,Télécommunications,Malanville,+229 29 90 35 63,internet@hotmail.com,,PME (50-200),B2B,APIEx,,Actif,2026-06-29T00:22:55.148787,moyenne
BJ-8CC07AA3,Mobile Wireless Africa,Télécommunications,Malanville,+229 89 31 88 86,mobilewireless@mobilewirelessa.bj,mobilewirelessafrica.bj,PME (50-200),B2C,APIEx,,Actif,2026-06-29T00:22:55.148816,haute
BJ-88F856ED,Connect 4G Malanville,Télécommunications,Malanville,+229 52 46 80 16,connectmalanville@connect4gmalanv.org.bj,,TPE (<10),B2C,APIEx,,Actif,2026-06-29T00:22:55.148852,moyenne
BJ-1696BC4A,Télécom 5G Malanville,Télécommunications,Malanville,+229 84 81 55 97,télécommalanville@outlook.com,télécom5gmalanville.bj,PME (10-50),B2B,APIEx,,Actif,2026-06-29T00:22:55.148887,haute
BJ-DF6E8985,Fil Malanville,Télécommunications,Malanville,+229 92 80 98 18,fil.malanville@filmalanville.bj,filmalanville.bj,TPE (<10),B2B,APIEx,,Actif,2026-06-29T00:22:55.148934,haute
BJ-5E3E8AEC,Internet Fréquence Digital,Télécommunications,Kandi,+229 22 81 77 88,internet.fréquence@internetfréquen.bj,internetfréquencedigital.bj,TPE (<10),B2C,APIEx,,Actif,2026-06-29T00:22:55.148980,haute
BJ-CF08A2A8,ISP Digital,Télécommunications,Kandi,+229 37 51 54 58,i.digital@ispdigital.com.bj,ispdigital.bj,TPE (<10),B2B,APIEx,,Actif,2026-06-29T00:22:55.149021,haute
BJ-6E2017B8,Fiber Connect,Télécommunications,Kandi,+229 81 54 23 13,fiber.connect@outlook.com,,PME (10-50),B2C,APIEx,,Actif,2026-06-29T00:22:55.149046,moyenne
BJ-DE127242,Internet VPN,Télécommunications,Kandi,+229 26 59 21 54,internetvpn@hotmail.com,internetvpn.bj,TPE (<10),B2C,APIEx,,Actif,2026-06-29T00:22:55.149090,haute
BJ-D62015B7,Sans,Télécommunications,Kandi,+229 75 41 96 82,sans@yahoo.com,sans.bj,TPE (<10),B2C,APIEx,,Actif,2026-06-29T00:22:55.149125,haute
BJ-BB8C7ACE,Mobile Spectre,Télécommunications,Banikoara,+229 75 69 15 52,mobile.spectre@outlook.com,mobilespectre.bj,TPE (<10),B2C,APIEx,,Actif,2026-06-29T00:22:55.149190,haute
BJ-DE9F80D1,5G Telecom Banikoara,Télécommunications,Banikoara,+229 26 42 36 48,telecombanikoara@gmail.com,5gtelecombanikoara.bj,PME (10-50),B2C,APIEx,,Actif,2026-06-29T00:22:55.149229,haute
BJ-6F413FD3,Data,Télécommunications,Banikoara,+229 45 68 64 92,data@data.org.bj,data.bj,Grande (>200),B2C,APIEx,,Actif,2026-06-29T00:22:55.149296,haute
BJ-2A8126FF,Satellite Centrex,Télécommunications,Banikoara,+229 77 63 17 17,satellite.centrex@satellitecentre.bj,satellitecentrex.bj,PME (10-50),B2C,APIEx,,Actif,2026-06-29T00:22:55.149350,haute
BJ-717BA29F,Radio Africa,Télécommunications,Ségbana,+229 81 51 21 32,radio.africa@gmail.com,radioafrica.bj,PME (10-50),B2C,APIEx,,Actif,2026-06-29T00:22:55.149403,haute
BJ-E01DBE5F,Réseau Data Networks,Télécommunications,Ségbana,+229 39 82 91 13,r.data@hotmail.com,réseaudatanetworks.bj,Grande (>200),B2B,APIEx,,Actif,2026-06-29T00:22:55.149445,haute
BJ-FC069515,Télécom SIP,Télécommunications,Ségbana,+229 34 17 50 80,télécomsip@télécomsip.com.bj,télécomsip.bj,PME (50-200),B2B,APIEx,,Actif,2026-06-29T00:22:55.149482,haute
BJ-10038C6B,VoIP,Télécommunications,Ségbana,+229 61 61 19 86,voip@outlook.com,voip.bj,TPE (<10),B2C,APIEx,,Actif,2026-06-29T00:22:55.149499,haute
BJ-8966818E,Optique,Télécommunications,Ségbana,+229 89 98 78 46,optique@hotmail.com,optique.bj,TPE (<10),B2B,APIEx,,Actif,2026-06-29T00:22:55.149514,haute
BJ-B835B98E,Digital Satellite Digital,Télécommunications,Karimama,+229 82 94 23 95,digital_satellite@outlook.com,digitalsatellitedigital.bj,PME (50-200),B2C,APIEx,,Actif,2026-06-29T00:22:55.149548,haute
BJ-44F67CF4,MPLS,Télécommunications,Karimama,+229 28 42 60 11,mpls@mpls.com.bj,mpls.bj,Grande (>200),B2C,APIEx,,Actif,2026-06-29T00:22:55.149564,haute
BJ-6805CD20,PBX Telecom,Télécommunications,Karimama,+229 75 29 31 87,p.telecom@pbxtelecom.org.bj,pbxtelecom.bj,PME (50-200),B2B,APIEx,,Actif,2026-06-29T00:22:55.149584,haute
BJ-42D91884,Mobile Satellite Africa,Télécommunications,Karimama,+229 64 47 84 34,mobile.satellite@mobilesatellite.bj,mobilesatelliteafrica.bj,Grande (>200),B2C,APIEx,,Actif,2026-06-29T00:22:55.149603,haute
BJ-D4D3C2E9,Centrex Groupe,Télécommunications,Karimama,+229 74 31 30 93,centrexgroupe@centrexgroupe.com.bj,centrexgroupe.bj,TPE (<10),B2C,APIEx,,Actif,2026-06-29T00:22:55.149620,haute
BJ-ECA934D4,Fiber Communication,Télécommunications,Gogounou,+229 74 41 92 92,fibercommunication@yahoo.fr,fibercommunication.bj,PME (50-200),B2C,APIEx,,Actif,2026-06-29T00:22:55.149645,haute
BJ-4220C503,Satellite Télécom Connect,Télécommunications,Gogounou,+229 79 75 85 14,satellite.télécom@outlook.com,satellitetélécomconnect.bj,TPE (<10),B2C,APIEx,,Actif,2026-06-29T00:22:55.149664,haute
BJ-3E2C9B0F,PBX,Télécommunications,Gogounou,+229 78 37 34 98,pbx@pbx.com.bj,pbx.bj,PME (50-200),B2B,APIEx,,Actif,2026-06-29T00:22:55.149678,haute
BJ-2D13A183,Couverture,Télécommunications,Gogounou,+229 77 53 96 30,couverture@gmail.com,couverture.bj,PME (10-50),B2B,APIEx,,Actif,2026-06-29T00:22:55.149695,haute
BJ-7A52B800,Mobile SA,Télécommunications,Gogounou,+229 74 45 81 61,mobile@outlook.com,mobilesa.bj,PME (50-200),B2C,APIEx,,Actif,2026-06-29T00:22:55.149710,haute
BJ-DAFEBF8C,Digital Vitesse,Télécommunications,Cobly,+229 74 44 77 47,digital.vitesse@yahoo.fr,digitalvitesse.bj,PME (10-50),B2B,APIEx,,Actif,2026-06-29T00:22:55.149733,haute
BJ-6D48DE58,Wireless Bénin,Télécommunications,Cobly,+229 42 15 50 46,wirelessbénin@wirelessbénin.bj,wirelessbénin.bj,PME (10-50),B2C,APIEx,,Actif,2026-06-29T00:22:55.149752,haute
BJ-7D2E74DF,Fiber SIP Groupe Cobly,Télécommunications,Cobly,+229 46 83 38 39,fiber.sip@gmail.com,fibersipgroupecobly.bj,TPE (<10),B2C,APIEx,,Actif,2026-06-29T00:22:55.149773,haute
BJ-A092CC9A,Fiber FAI,Télécommunications,Cobly,+229 39 82 49 84,fiberfai@yahoo.fr,fiberfai.bj,PME (50-200),B2B,APIEx,,Actif,2026-06-29T00:22:55.149789,haute
BJ-32A03DFC,Digital Provider International,Télécommunications,Cobly,+229 69 90 91 56,digitalprovider@yahoo.com,digitalproviderinternational.bj,TPE (<10),B2C,APIEx,,Actif,2026-06-29T00:22:55.149805,haute
BJ-079DB136,Vitesse,Télécommunications,Tanguiéta,+229 96 90 74 67,vitesse@hotmail.com,vitesse.bj,TPE (<10),B2C,APIEx,,Actif,2026-06-29T00:22:55.149826,haute
BJ-8B2E1A92,Satellite Satellite Telecom,Télécommunications,Tanguiéta,+229 91 58 10 19,satellitesatellite@satellitesatell.com.bj,satellitesatellitetelecom.bj,PME (10-50),B2B,APIEx,,Actif,2026-06-29T00:22:55.149843,haute
BJ-986D0EF4,Coverage Groupe,Télécommunications,Tanguiéta,+229 22 89 18 46,coverage_groupe@coveragegroupe.com.bj,coveragegroupe.bj,TPE (<10),B2B,APIEx,,Actif,2026-06-29T00:22:55.149860,haute
BJ-10013380,Internet Provider Bénin,Télécommunications,Tanguiéta,+229 78 16 78 66,internet.provider@internetprovide.org.bj,internetproviderbénin.bj,TPE (<10),B2B,APIEx,,Actif,2026-06-29T00:22:55.149882,haute
BJ-51088B6E,Wireless,Télécommunications,Tanguiéta,+229 62 49 58 74,wireless@yahoo.com,wireless.bj,PME (50-200),B2B,APIEx,,Actif,2026-06-29T00:22:55.149918,haute
BJ-081F85B2,Satellite BTS,Télécommunications,Matéri,+229 69 85 22 33,satellite.bts@satellitebts.com.bj,satellitebts.bj,PME (50-200),B2C,APIEx,,Actif,2026-06-29T00:22:55.149943,haute
BJ-30E90F42,SIP SARL Matéri,Télécommunications,Matéri,+229 22 77 46 98,sip.sarl@outlook.com,sipsarlmatéri.bj,Grande (>200),B2B,APIEx,,Actif,2026-06-29T00:22:55.149961,haute
BJ-39C8BE2F,Connect FAI,Télécommunications,Matéri,+229 51 16 62 10,connect.fai@outlook.com,connectfai.bj,TPE (<10),B2B,APIEx,,Actif,2026-06-29T00:22:55.149982,haute
BJ-CBDE8A65,Réseau Telecom,Télécommunications,Matéri,+229 32 42 12 83,,réseautelecom.bj,PME (50-200),B2C,APIEx,,Actif,2026-06-29T00:22:55.149995,moyenne
BJ-535B7E52,Digital Vitesse,Télécommunications,Matéri,+229 96 64 18 96,digital.vitesse@yahoo.com,digitalvitesse.bj,TPE (<10),B2C,APIEx,,Actif,2026-06-29T00:22:55.150011,haute
BJ-490DA6C9,Connect Sans Telecom Natitingou,Télécommunications,Natitingou,+229 73 50 57 57,connectsans@connectsanstele.bj,connectsanstelecomnatitingou.bj,TPE (<10),B2C,APIEx,,Actif,2026-06-29T00:22:55.150046,haute
BJ-D4459E12,Télécom Optique,Télécommunications,Natitingou,+229 61 32 85 49,télécomoptique@gmail.com,télécomoptique.bj,TPE (<10),B2B,APIEx,,Actif,2026-06-29T00:22:55.150065,haute
BJ-1A19E200,Optique International,Télécommunications,Natitingou,+229 82 82 47 97,o.international@yahoo.com,optiqueinternational.bj,Grande (>200),B2B,APIEx,,Actif,2026-06-29T00:22:55.150081,haute
BJ-AFCF20B1,MPLS Africa,Télécommunications,Natitingou,+229 61 98 51 93,mplsafrica@gmail.com,mplsafrica.bj,PME (50-200),B2C,APIEx,,Actif,2026-06-29T00:22:55.150097,haute
BJ-98B51B65,Internet Haut SARL,Télécommunications,Natitingou,+229 42 20 76 56,internet.haut@internethautsar.org.bj,internethautsarl.bj,PME (10-50),B2C,APIEx,,Actif,2026-06-29T00:22:55.150113,haute
BJ-BB74484B,Satellite Câble Toucountouna,Télécommunications,Toucountouna,+229 37 97 79 53,s.câble@satellitecâblet.org.bj,satellitecâbletoucountouna.bj,PME (10-50),B2C,APIEx,,Actif,2026-06-29T00:22:55.150152,haute
BJ-C1D26DE1,Câble Bénin,Télécommunications,Toucountouna,+229 90 97 32 18,,câblebénin.bj,PME (10-50),B2B,APIEx,,Actif,2026-06-29T00:22:55.150183,moyenne
BJ-ED6AE3F2,LTE,Télécommunications,Boukoumbé,+229 32 68 49 59,lte@lte.org.bj,lte.bj,TPE (<10),B2C,APIEx,,Actif,2026-06-29T00:22:55.150219,haute
BJ-67418D34,Radio SARL Boukoumbé,Télécommunications,Boukoumbé,+229 93 88 29 13,radio.sarl@radiosarlboukou.com.bj,radiosarlboukoumbé.bj,TPE (<10),B2B,APIEx,,Actif,2026-06-29T00:22:55.150241,haute
BJ-6C247D05,Wireless Satellite Boukoumbé,Télécommunications,Boukoumbé,+229 51 74 90 42,w.satellite@wirelesssatelli.bj,,Grande (>200),B2B,APIEx,,Actif,2026-06-29T00:22:55.150259,moyenne
BJ-4E8ECBBB,Fréquence Bénin,Télécommunications,Boukoumbé,+229 89 46 91 39,f.bénin@fréquencebénin.org.bj,fréquencebénin.bj,PME (10-50),B2C,APIEx,,Actif,2026-06-29T00:22:55.150277,haute
BJ-094435E8,VPN Africa,Télécommunications,Boukoumbé,+229 60 49 34 62,vpnafrica@gmail.com,vpnafrica.bj,TPE (<10),B2C,APIEx,,Actif,2026-06-29T00:22:55.150294,haute
BJ-1C1175DC,Connect Mobile,Télécommunications,Kouandé,+229 31 95 82 31,connectmobile@connectmobile.org.bj,connectmobile.bj,TPE (<10),B2C,APIEx,,Actif,2026-06-29T00:22:55.150317,haute
BJ-A1D70428,Réseau Cloud Kouandé,Télécommunications,Kouandé,+229 47 96 30 74,réseau.cloud@outlook.com,réseaucloudkouandé.bj,TPE (<10),B2C,APIEx,,Actif,2026-06-29T00:22:55.150335,haute
BJ-1530BF67,Wireless Wireless Telecom,Télécommunications,Kouandé,+229 71 36 51 99,wirelesswireless@yahoo.fr,wirelesswirelesstelecom.bj,TPE (<10),B2B,APIEx,,Actif,2026-06-29T00:22:55.150356,haute
BJ-C32422A9,Internet Wireless Connect,Télécommunications,Kouandé,+229 21 40 19 78,internetwireless@gmail.com,internetwirelessconnect.bj,TPE (<10),B2C,APIEx,,Actif,2026-06-29T00:22:55.150373,haute
BJ-A2B5F06D,Mobile Fréquence Connect,Télécommunications,Kouandé,+229 42 55 45 38,mobile.fréquence@gmail.com,,TPE (<10),B2C,APIEx,,Actif,2026-06-29T00:22:55.150397,moyenne
BJ-18256453,Fiber Ping Groupe Péhunco,Télécommunications,Péhunco,+229 88 44 43 78,fiberping@gmail.com,fiberpinggroupepéhunco.bj,PME (10-50),B2C,APIEx,,Actif,2026-06-29T00:22:55.150423,haute
BJ-CB17A925,Hosted Digital,Télécommunications,Péhunco,+229 29 50 80 49,h.digital@hosteddigital.com.bj,hosteddigital.bj,PME (50-200),B2B,APIEx,,Actif,2026-06-29T00:22:55.150440,haute
BJ-5CD19876,Satellite SD-WAN Groupe Péhunco,Télécommunications,Péhunco,+229 55 43 64 53,satellite.wan@satellitesdwang.org.bj,satellitesdwangroupepéhunco.bj,TPE (<10),B2C,APIEx,,Actif,2026-06-29T00:22:55.150473,haute
BJ-5BFE69BE,Connect Sans Péhunco,Télécommunications,Péhunco,+229 54 26 71 69,connect.sans@gmail.com,connectsanspéhunco.bj,TPE (<10),B2B,APIEx,,Actif,2026-06-29T00:22:55.150490,haute
BJ-E70A1D3B,Connect VPN Digital Tchaourou,Télécommunications,Tchaourou,+229 42 27 24 41,connectvpn@connectvpndigit.bj,connectvpndigitaltchaourou.bj,Grande (>200),B2B,APIEx,,Actif,2026-06-29T00:22:55.150515,haute
BJ-0559607E,Fiber Coaxial Africa,Télécommunications,Tchaourou,+229 78 71 38 61,fiber_coaxial@yahoo.fr,fibercoaxialafrica.bj,TPE (<10),B2B,APIEx,,Actif,2026-06-29T00:22:55.150534,haute
BJ-1310CDBC,Voice Bénin,Télécommunications,Tchaourou,+229 78 63 61 57,v.bénin@voicebénin.com.bj,voicebénin.bj,PME (10-50),B2C,APIEx,,Actif,2026-06-29T00:22:55.150556,haute
BJ-7386118E,Satellite Communication SA,Télécommunications,Tchaourou,+229 56 47 67 36,satellite.communication@satellitecommun.org.bj,satellitecommunicationsa.bj,PME (10-50),B2C,APIEx,,Actif,2026-06-29T00:22:55.150574,haute
BJ-D132F1B8,Mobile 5G,Télécommunications,Nikki,+229 37 91 16 43,mobile@mobile5g.org.bj,mobile5g.bj,TPE (<10),B2B,APIEx,,Actif,2026-06-29T00:22:55.150610,haute
BJ-056232CE,Relais Bénin,Télécommunications,Nikki,+229 90 92 15 12,,relaisbénin.bj,Grande (>200),B2B,APIEx,,Actif,2026-06-29T00:22:55.150623,moyenne
BJ-EAB4578F,Ping,Télécommunications,Nikki,+229 71 99 13 73,ping@yahoo.fr,ping.bj,TPE (<10),B2B,APIEx,,Actif,2026-06-29T00:22:55.150636,haute
BJ-BAEC00F6,Télécom Débit Telecom,Télécommunications,Nikki,+229 33 79 89 68,télécomdébit@hotmail.com,télécomdébittelecom.bj,PME (10-50),B2C,APIEx,,Actif,2026-06-29T00:22:55.150654,haute
BJ-66F30F7A,Mobile Hosted Networks,Télécommunications,Nikki,+229 92 33 26 11,m.hosted@outlook.com,mobilehostednetworks.bj,TPE (<10),B2B,APIEx,,Actif,2026-06-29T00:22:55.150671,haute
BJ-785C7371,Wireless Opérateur International,Télécommunications,Bembéréké,+229 31 99 79 76,w.opérateur@gmail.com,wirelessopérateurinternational.bj,PME (10-50),B2C,APIEx,,Actif,2026-06-29T00:22:55.150696,haute
BJ-2F744FB1,Centrex Connect,Télécommunications,Bembéréké,+229 91 40 19 54,centrex.connect@hotmail.com,centrexconnect.bj,TPE (<10),B2C,APIEx,,Actif,2026-06-29T00:22:55.150712,haute
BJ-1D83F561,Optique,Télécommunications,Bembéréké,+229 90 66 93 98,optique@optique.com.bj,optique.bj,PME (10-50),B2B,APIEx,,Actif,2026-06-29T00:22:55.150729,haute
BJ-A101C143,Hosted Bénin,Télécommunications,Bembéréké,+229 99 95 87 63,,hostedbénin.bj,TPE (<10),B2C,APIEx,,Actif,2026-06-29T00:22:55.150742,moyenne
BJ-3575C10D,Digital Télécom Telecom,Télécommunications,Kalalé,+229 20 28 60 73,digitaltélécom@digitaltélécomt.bj,,PME (50-200),B2B,APIEx,,Actif,2026-06-29T00:22:55.150783,moyenne
BJ-FE4AD5CE,Data Networks Kalalé,Télécommunications,Kalalé,+229 57 88 49 76,datanetworks@datanetworkskal.org.bj,datanetworkskalalé.bj,PME (10-50),B2C,APIEx,,Actif,2026-06-29T00:22:55.150805,haute
BJ-C81A55B5,Internet Radio,Télécommunications,Kalalé,+229 98 29 79 35,internet_radio@yahoo.fr,internetradio.bj,TPE (<10),B2C,APIEx,,Actif,2026-06-29T00:22:55.150822,haute
BJ-9B9C45E7,Antenne Digital,Télécommunications,Kalalé,+229 92 83 95 15,antenne.digital@antennedigital.org.bj,antennedigital.bj,TPE (<10),B2C,APIEx,,Actif,2026-06-29T00:22:55.150838,haute
BJ-1948ADFE,Digital Couverture Africa,Télécommunications,Kalalé,+229 71 75 69 32,digital.couverture@yahoo.com,digitalcouvertureafrica.bj,TPE (<10),B2C,APIEx,,Actif,2026-06-29T00:22:55.150857,haute
BJ-A91BF2FA,Satellite Radio,Télécommunications,Ndali,+229 61 81 19 18,satellite.radio@satelliteradio.org.bj,satelliteradio.bj,PME (50-200),B2C,APIEx,,Actif,2026-06-29T00:22:55.150881,haute
BJ-66503D23,4G,Télécommunications,Ndali,+229 43 73 68 99,4g@outlook.com,4g.bj,TPE (<10),B2B,APIEx,,Actif,2026-06-29T00:22:55.150916,haute
BJ-1E69B794,Digital BTS,Télécommunications,Ndali,+229 81 46 95 25,d.bts@outlook.com,digitalbts.bj,PME (10-50),B2C,APIEx,,Actif,2026-06-29T00:22:55.150953,haute
BJ-567F7D7A,Cloud,Télécommunications,Ndali,+229 55 54 22 82,cloud@cloud.org.bj,cloud.bj,PME (10-50),B2C,APIEx,,Actif,2026-06-29T00:22:55.150967,haute
BJ-3ED5CC4F,Coverage Ségbana,Télécommunications,Ségbana,+229 97 96 99 83,coverage.ségbana@gmail.com,,TPE (<10),B2C,APIEx,,Actif,2026-06-29T00:22:55.151006,moyenne
BJ-03F6C6B8,Réseau Fibre Digital,Télécommunications,Ségbana,+229 25 13 27 21,réseaufibre@réseaufibredigi.bj,,TPE (<10),B2B,APIEx,,Actif,2026-06-29T00:22:55.151024,moyenne
BJ-8939AF94,Wireless FAI Africa,Télécommunications,Ségbana,+229 50 16 80 87,wireless.fai@wirelessfaiafri.bj,,PME (50-200),B2B,APIEx,,Actif,2026-06-29T00:22:55.151041,moyenne
BJ-D4D1AE1B,Mobile VoIP,Télécommunications,Ségbana,+229 47 39 99 40,mobile_voip@yahoo.fr,mobilevoip.bj,PME (10-50),B2B,APIEx,,Actif,2026-06-29T00:22:55.151060,haute
BJ-B47B3197,PBX Tchaourou,Télécommunications,Tchaourou,+229 37 13 84 65,p.tchaourou@outlook.com,pbxtchaourou.bj,TPE (<10),B2B,APIEx,,Actif,2026-06-29T00:22:55.151085,haute
BJ-05C9F12E,Fil,Télécommunications,Tchaourou,+229 20 13 35 36,fil@fil.bj,fil.bj,TPE (<10),B2B,APIEx,,Actif,2026-06-29T00:22:55.151099,haute
BJ-B7576078,Mobile Vitesse Telecom,Télécommunications,Tchaourou,+229 88 70 81 67,mobile_vitesse@outlook.com,mobilevitessetelecom.bj,PME (10-50),B2C,APIEx,,Actif,2026-06-29T00:22:55.151119,haute
BJ-203F8ADB,Voice International,Télécommunications,Tchaourou,+229 35 26 50 15,voice.international@yahoo.com,voiceinternational.bj,Grande (>200),B2C,APIEx,,Actif,2026-06-29T00:22:55.151135,haute
BJ-233E0AF7,Digital Fréquence,Télécommunications,Tchaourou,+229 45 24 31 72,digitalfréquence@digitalfréquenc.com.bj,digitalfréquence.bj,PME (10-50),B2B,APIEx,,Actif,2026-06-29T00:22:55.151153,haute
BJ-DB7B0086,Internet Tech,Télécommunications,Bétérou,+229 97 51 41 91,i.tech@internettech.bj,internettech.bj,Grande (>200),B2B,APIEx,,Actif,2026-06-29T00:22:55.151177,haute
BJ-E7995BCA,Connect International,Télécommunications,Bétérou,+229 61 67 20 17,connect.international@yahoo.fr,connectinternational.bj,TPE (<10),B2C,APIEx,,Actif,2026-06-29T00:22:55.151192,haute
BJ-F62DB3B0,Mobile Connect Bétérou,Télécommunications,Bétérou,+229 62 78 44 55,mobile_connect@mobileconnectbé.com.bj,mobileconnectbétérou.bj,PME (50-200),B2B,APIEx,,Actif,2026-06-29T00:22:55.151210,haute
BJ-3C4FBDD2,Mobile Réseau SA Bétérou,Télécommunications,Bétérou,+229 72 89 81 85,m.réseau@outlook.com,mobileréseausabétérou.bj,TPE (<10),B2B,APIEx,,Actif,2026-06-29T00:22:55.151229,haute
BJ-25F5E8EC,LTE Bénin Bétérou,Télécommunications,Bétérou,+229 85 72 38 64,l.bénin@ltebéninbétérou.com.bj,ltebéninbétérou.bj,PME (50-200),B2B,APIEx,,Actif,2026-06-29T00:22:55.151247,haute
BJ-9AE814AE,Débit Africa Ouessè,Télécommunications,Ouessè,+229 23 66 29 71,d.africa@débitafricaoues.org.bj,débitafricaouessè.bj,PME (10-50),B2B,APIEx,,Actif,2026-06-29T00:22:55.151272,haute
BJ-124DDB8E,Wireless Spectre,Télécommunications,Ouessè,+229 82 75 46 79,wirelessspectre@yahoo.com,wirelessspectre.bj,TPE (<10),B2B,APIEx,,Actif,2026-06-29T00:22:55.151289,haute
BJ-4F30B7D4,Télécom LTE,Télécommunications,Ouessè,+229 27 35 78 12,télécomlte@hotmail.com,télécomlte.bj,PME (10-50),B2B,APIEx,,Actif,2026-06-29T00:22:55.151317,haute
BJ-9753C62B,LTE,Télécommunications,Ouessè,+229 64 50 26 77,lte@lte.org.bj,,PME (10-50),B2B,APIEx,,Actif,2026-06-29T00:22:55.151333,moyenne
BJ-3FAE6B0E,Hosted Connect Ouessè,Télécommunications,Ouessè,+229 60 71 39 40,,hostedconnectouessè.bj,PME (50-200),B2B,APIEx,,Actif,2026-06-29T00:22:55.151345,moyenne
BJ-492265F8,Mobile Africa,Télécommunications,Glazoué,+229 94 71 56 67,mobileafrica@gmail.com,mobileafrica.bj,PME (10-50),B2B,APIEx,,Actif,2026-06-29T00:22:55.151377,haute
BJ-A0993EE9,Wireless Relais Groupe,Télécommunications,Glazoué,+229 91 18 69 64,wireless_relais@yahoo.com,,TPE (<10),B2C,APIEx,,Actif,2026-06-29T00:22:55.151395,moyenne
BJ-0D82DC9C,Fiber Digital Networks,Télécommunications,Glazoué,+229 30 42 69 44,fiber.digital@fiberdigitalnet.bj,fiberdigitalnetworks.bj,PME (50-200),B2B,APIEx,,Actif,2026-06-29T00:22:55.151411,haute
BJ-504DED0E,Vitesse,Télécommunications,Glazoué,+229 61 96 66 63,vitesse@gmail.com,vitesse.bj,TPE (<10),B2B,APIEx,,Actif,2026-06-29T00:22:55.151425,haute
BJ-B254EDA4,Haut,Télécommunications,Glazoué,+229 63 68 20 65,haut@yahoo.fr,haut.bj,Grande (>200),B2B,APIEx,,Actif,2026-06-29T00:22:55.151439,haute
BJ-045AE310,Coverage International Dassa-Zoumè,Télécommunications,Dassa-Zoumè,+229 93 24 91 22,coverage.international@outlook.com,coverageinternationaldassazoumè.bj,PME (50-200),B2B,APIEx,,Actif,2026-06-29T00:22:55.151465,haute
BJ-8126AF15,BTS Digital,Télécommunications,Dassa-Zoumè,+229 70 95 71 74,btsdigital@yahoo.com,btsdigital.bj,PME (50-200),B2C,APIEx,,Actif,2026-06-29T00:22:55.151481,haute
BJ-7F313FA6,Internet Coaxial,Télécommunications,Dassa-Zoumè,+229 94 22 84 63,i.coaxial@yahoo.com,internetcoaxial.bj,TPE (<10),B2C,APIEx,,Actif,2026-06-29T00:22:55.151500,haute
BJ-3B144317,Fibre International,Télécommunications,Dassa-Zoumè,+229 31 84 97 15,f.international@yahoo.com,fibreinternational.bj,TPE (<10),B2B,APIEx,,Actif,2026-06-29T00:22:55.151517,haute
BJ-3FAF4677,Réseau Satellite,Télécommunications,Dassa-Zoumè,+229 29 36 65 43,réseausatellite@gmail.com,réseausatellite.bj,TPE (<10),B2B,APIEx,,Actif,2026-06-29T00:22:55.151534,haute
BJ-A326CE78,Coverage,Télécommunications,Savalou,+229 93 73 30 38,coverage@coverage.org.bj,coverage.bj,PME (50-200),B2C,APIEx,,Actif,2026-06-29T00:22:55.151555,haute
BJ-CBFC75E5,VPN,Télécommunications,Savalou,+229 46 82 64 44,vpn@vpn.org.bj,vpn.bj,TPE (<10),B2B,APIEx,,Actif,2026-06-29T00:22:55.151584,haute
BJ-0C048432,Haut Savalou,Télécommunications,Savalou,+229 81 81 15 13,hautsavalou@hautsavalou.com.bj,hautsavalou.bj,PME (10-50),B2B,APIEx,,Actif,2026-06-29T00:22:55.151605,haute
BJ-3E4521F2,Relais,Télécommunications,Savalou,+229 72 17 88 23,relais@yahoo.fr,relais.bj,TPE (<10),B2C,APIEx,,Actif,2026-06-29T00:22:55.151618,haute
BJ-97F44827,Internet Provider,Télécommunications,Bantè,+229 93 24 76 46,i.provider@yahoo.fr,internetprovider.bj,TPE (<10),B2B,APIEx,,Actif,2026-06-29T00:22:55.151642,haute
BJ-FC274490,Fibre International Bantè,Télécommunications,Bantè,+229 52 74 16 60,fibre.international@yahoo.com,fibreinternationalbantè.bj,PME (10-50),B2B,APIEx,,Actif,2026-06-29T00:22:55.151660,haute
BJ-942EB8D8,Internet,Télécommunications,Bantè,+229 47 21 47 27,,internet.bj,PME (10-50),B2B,APIEx,,Actif,2026-06-29T00:22:55.151675,moyenne
BJ-5FB01BF4,Fiber Satellite Bantè,Télécommunications,Bantè,+229 21 92 12 43,fiber.satellite@yahoo.com,fibersatellitebantè.bj,PME (10-50),B2C,APIEx,,Actif,2026-06-29T00:22:55.151707,haute
BJ-8BA2318D,Internet BTS,Télécommunications,Djougou,+229 89 22 66 97,i.bts@hotmail.com,,PME (10-50),B2B,APIEx,,Actif,2026-06-29T00:22:55.151729,moyenne
BJ-CF29FFB2,Digital Digital,Télécommunications,Djougou,+229 52 31 12 96,digitaldigital@gmail.com,digitaldigital.bj,PME (10-50),B2C,APIEx,,Actif,2026-06-29T00:22:55.151745,haute
BJ-FADFEC22,Wireless Sans,Télécommunications,Djougou,+229 52 14 68 94,wireless.sans@wirelesssans.com.bj,wirelesssans.bj,TPE (<10),B2C,APIEx,,Actif,2026-06-29T00:22:55.151761,haute
BJ-E69F975C,Digital Hosted Connect,Télécommunications,Djougou,+229 48 85 79 60,digitalhosted@digitalhostedco.org.bj,digitalhostedconnect.bj,TPE (<10),B2C,APIEx,,Actif,2026-06-29T00:22:55.151776,haute
BJ-18218181,Câble,Télécommunications,Djougou,+229 59 24 79 66,câble@câble.bj,câble.bj,TPE (<10),B2C,APIEx,,Actif,2026-06-29T00:22:55.151792,haute
BJ-C7D37958,Télécom Satellite SA,Télécommunications,Ouèssè,+229 80 61 25 49,télécom.satellite@gmail.com,télécomsatellitesa.bj,TPE (<10),B2B,APIEx,,Actif,2026-06-29T00:22:55.151822,haute
BJ-B569B744,Mobile Sans Telecom,Télécommunications,Ouèssè,+229 70 76 91 40,mobilesans@mobilesanstelec.bj,mobilesanstelecom.bj,TPE (<10),B2B,APIEx,,Actif,2026-06-29T00:22:55.151840,haute
BJ-DD160ADA,Réseau FAI SARL,Télécommunications,Ouèssè,+229 87 13 25 31,réseau.fai@réseaufaisarl.org.bj,réseaufaisarl.bj,Grande (>200),B2B,APIEx,,Actif,2026-06-29T00:22:55.151862,haute
BJ-FEBB7ACC,Wireless VPN Groupe,Télécommunications,Ouèssè,+229 63 88 97 72,wirelessvpn@wirelessvpngrou.org.bj,wirelessvpngroupe.bj,TPE (<10),B2B,APIEx,,Actif,2026-06-29T00:22:55.151883,haute
BJ-F56D5109,Mobile Câble International Ouèssè,Télécommunications,Ouèssè,+229 33 66 78 96,mobile.câble@mobilecâbleinte.org.bj,mobilecâbleinternationalouèssè.bj,PME (10-50),B2B,APIEx,,Actif,2026-06-29T00:22:55.151919,haute
BJ-2F68DB9A,Wireless FAI Connect,Télécommunications,Bassila,+229 82 28 64 37,wirelessfai@yahoo.fr,wirelessfaiconnect.bj,PME (10-50),B2B,APIEx,,Actif,2026-06-29T00:22:55.151949,haute
BJ-42443987,Satellite Sans,Télécommunications,Bassila,+229 69 41 88 85,satellite.sans@satellitesans.com.bj,satellitesans.bj,PME (10-50),B2C,APIEx,,Actif,2026-06-29T00:22:55.151966,haute
BJ-6703D150,Satellite Cloud,Télécommunications,Bassila,+229 48 15 96 20,satellite.cloud@yahoo.fr,,TPE (<10),B2B,APIEx,,Actif,2026-06-29T00:22:55.151981,moyenne
BJ-8B2F5895,Réseau Bandwidth Connect,Télécommunications,Bassila,+229 59 55 59 51,réseau.bandwidth@yahoo.com,réseaubandwidthconnect.bj,Grande (>200),B2C,APIEx,,Actif,2026-06-29T00:22:55.151999,haute
BJ-168FBDE4,Réseau Haut Bénin,Télécommunications,Pehunco,+229 26 28 80 80,réseauhaut@hotmail.com,réseauhautbénin.bj,TPE (<10),B2C,APIEx,,Actif,2026-06-29T00:22:55.152038,haute
BJ-2FBE7A2D,FAI Networks,Télécommunications,Pehunco,+229 28 95 43 19,fainetworks@yahoo.fr,fainetworks.bj,PME (50-200),B2C,APIEx,,Actif,2026-06-29T00:22:55.152055,haute
BJ-6EB2B157,Mobile SD-WAN,Télécommunications,Pehunco,+229 24 79 99 36,mobilewan@mobilesdwan.com.bj,mobilesdwan.bj,TPE (<10),B2C,APIEx,,Actif,2026-06-29T00:22:55.152078,haute
BJ-8AD47659,Optique Bénin,Télécommunications,Pehunco,+229 59 45 98 25,optiquebénin@optiquebénin.com.bj,,PME (50-200),B2C,APIEx,,Actif,2026-06-29T00:22:55.152102,moyenne
BJ-950751AA,SIP Groupe,Télécommunications,Pehunco,+229 41 26 19 35,sip.groupe@sipgroupe.com.bj,sipgroupe.bj,TPE (<10),B2B,APIEx,,Actif,2026-06-29T00:22:55.152118,haute
BJ-A9623CFD,Digital PBX,Télécommunications,Copargo,+229 34 15 48 52,digital_pbx@digitalpbx.bj,digitalpbx.bj,PME (10-50),B2B,APIEx,,Actif,2026-06-29T00:22:55.152141,haute
BJ-BE413B0C,Digital Centrex Digital,Télécommunications,Copargo,+229 46 16 25 17,digital.centrex@digitalcentrexd.org.bj,digitalcentrexdigital.bj,PME (50-200),B2C,APIEx,,Actif,2026-06-29T00:22:55.152163,haute
BJ-05D1F806,Digital Sans Bénin,Télécommunications,Copargo,+229 63 57 97 33,digitalsans@gmail.com,digitalsansbénin.bj,PME (10-50),B2B,APIEx,,Actif,2026-06-29T00:22:55.152181,haute
BJ-C1A08D15,Connect Satellite,Télécommunications,Copargo,+229 97 37 56 76,connect.satellite@connectsatellit.bj,connectsatellite.bj,PME (50-200),B2C,APIEx,,Actif,2026-06-29T00:22:55.152199,haute
BJ-72343FAC,Connect Digital Groupe,Télécommunications,Copargo,+229 37 66 54 13,connectdigital@connectdigitalg.org.bj,connectdigitalgroupe.bj,TPE (<10),B2B,APIEx,,Actif,2026-06-29T00:22:55.152215,haute
BJ-665820DB,SARL Mouton,Agriculture & Agroalimentaire,Cotonou,+229 62 10 49 25,,,PME (50-200),B2C,APIEx,,Actif,2026-06-29T00:22:55.152236,basse
BJ-0F72A8C5,Ets Ail Agro,Agriculture & Agroalimentaire,Cotonou,+229 29 33 27 27,etsail@yahoo.com,etsailagro.bj,PME (10-50),B2C,APIEx,,Actif,2026-06-29T00:22:55.152255,haute
BJ-58097357,Oignon Plantation,Agriculture & Agroalimentaire,Cotonou,+229 84 64 46 16,,,TPE (<10),B2C,APIEx,,Actif,2026-06-29T00:22:55.152269,basse
BJ-4F15E052,Ferme Ferme,Agriculture & Agroalimentaire,Cotonou,+229 90 86 30 36,ferme.ferme@hotmail.com,fermeferme.bj,TPE (<10),B2C,APIEx,,Actif,2026-06-29T00:22:55.152286,haute
BJ-74E852BD,Mouton SARL,Agriculture & Agroalimentaire,Cotonou,+229 89 36 83 63,mouton.sarl@moutonsarl.bj,moutonsarl.bj,PME (10-50),B2B,APIEx,,Actif,2026-06-29T00:22:55.152306,haute
BJ-C790B56A,Production Plantation Farm,Agriculture & Agroalimentaire,Abomey-Calavi,+229 86 74 91 62,p.plantation@productionplant.bj,,PME (10-50),B2C,APIEx,,Actif,2026-06-29T00:22:55.152329,moyenne
BJ-83BB867A,Ferme Cacao,Agriculture & Agroalimentaire,Abomey-Calavi,+229 32 60 95 33,,,PME (10-50),B2B,APIEx,,Actif,2026-06-29T00:22:55.152342,basse
BJ-C5E153D3,Tomate Bénin,Agriculture & Agroalimentaire,Abomey-Calavi,+229 91 64 53 30,tomatebénin@hotmail.com,,PME (50-200),B2B,APIEx,,Actif,2026-06-29T00:22:55.152359,moyenne
BJ-E00E9C01,Coopérative Café,Agriculture & Agroalimentaire,Abomey-Calavi,+229 40 60 62 47,coopérative.café@coopérativecafé.bj,coopérativecafé.bj,TPE (<10),B2B,APIEx,,Actif,2026-06-29T00:22:55.152383,haute
BJ-EECFF9FB,Exploitation Fromage,Agriculture & Agroalimentaire,Abomey-Calavi,+229 40 88 37 91,exploitation.fromage@outlook.com,,PME (10-50),B2C,APIEx,,Actif,2026-06-29T00:22:55.152400,moyenne
BJ-337DDD8C,Agro Chèvre Agro Porto-Novo,Agriculture & Agroalimentaire,Porto-Novo,+229 54 58 61 31,agro.chèvre@agrochèvreagrop.bj,,PME (50-200),B2B,APIEx,,Actif,2026-06-29T00:22:55.152434,moyenne
BJ-07DC92E4,Semence,Agriculture & Agroalimentaire,Porto-Novo,+229 45 85 93 32,,semence.bj,Grande (>200),B2C,APIEx,,Actif,2026-06-29T00:22:55.152482,moyenne
BJ-DC93A615,Exploitation Pêche Coop,Agriculture & Agroalimentaire,Porto-Novo,+229 65 78 70 41,,,PME (10-50),B2C,APIEx,,Actif,2026-06-29T00:22:55.152509,basse
BJ-91459E59,Ets Sorgho,Agriculture & Agroalimentaire,Porto-Novo,+229 64 63 59 21,etssorgho@etssorgho.bj,,TPE (<10),B2B,APIEx,,Actif,2026-06-29T00:22:55.152544,moyenne
BJ-A6B168EF,SARL Bétail Plantation,Agriculture & Agroalimentaire,Porto-Novo,+229 41 36 62 85,sarl_bétail@yahoo.com,sarlbétailplantation.bj,PME (50-200),B2C,APIEx,,Actif,2026-06-29T00:22:55.152586,haute
BJ-E6C29BAD,Fromage Production Parakou,Agriculture & Agroalimentaire,Parakou,+229 62 53 13 75,f.production@fromageproducti.com.bj,fromageproductionparakou.bj,PME (10-50),B2C,APIEx,,Actif,2026-06-29T00:22:55.152643,haute
BJ-8C13CFDF,Coopérative Riz,Agriculture & Agroalimentaire,Parakou,+229 95 98 48 41,,,TPE (<10),B2B,APIEx,,Actif,2026-06-29T00:22:55.152660,basse
BJ-741EEB60,Plantation Maïs Production,Agriculture & Agroalimentaire,Parakou,+229 52 14 58 82,plantation.maïs@yahoo.fr,plantationmaïsproduction.bj,PME (10-50),B2B,APIEx,,Actif,2026-06-29T00:22:55.152693,haute
BJ-15F26D2F,Pesticide,Agriculture & Agroalimentaire,Parakou,+229 74 35 82 13,pesticide@yahoo.com,,TPE (<10),B2B,APIEx,,Actif,2026-06-29T00:22:55.152708,moyenne
BJ-D1404FEA,Plantation Patate SARL Bohicon,Agriculture & Agroalimentaire,Bohicon,+229 75 47 10 26,,plantationpatatesarlbohicon.bj,TPE (<10),B2B,APIEx,,Actif,2026-06-29T00:22:55.152743,moyenne
BJ-F6B94499,Production Millet Farm Bohicon,Agriculture & Agroalimentaire,Bohicon,+229 83 54 75 36,productionmillet@yahoo.fr,productionmilletfarmbohicon.bj,TPE (<10),B2B,APIEx,,Actif,2026-06-29T00:22:55.152780,haute
BJ-DE408C88,Animale Farm,Agriculture & Agroalimentaire,Bohicon,+229 78 17 17 48,animale.farm@yahoo.com,animalefarm.bj,Grande (>200),B2C,APIEx,,Actif,2026-06-29T00:22:55.152826,haute
BJ-03A034D6,Groupe Tomate Agro,Agriculture & Agroalimentaire,Bohicon,+229 96 71 66 28,groupe.tomate@gmail.com,,TPE (<10),B2C,APIEx,,Actif,2026-06-29T00:22:55.152962,moyenne
BJ-8B09F1CE,Ferme Miel,Agriculture & Agroalimentaire,Natitingou,+229 61 13 46 63,,fermemiel.bj,TPE (<10),B2B,APIEx,,Actif,2026-06-29T00:22:55.153026,moyenne
BJ-1C527AF2,Ets Pesticide,Agriculture & Agroalimentaire,Natitingou,+229 49 33 82 25,,,Grande (>200),B2B,APIEx,,Actif,2026-06-29T00:22:55.153126,basse
BJ-868C95E4,Industrie Natitingou,Agriculture & Agroalimentaire,Natitingou,+229 85 65 56 23,industrienatitingou@industrienatiti.bj,,PME (10-50),B2B,APIEx,,Actif,2026-06-29T00:22:55.153212,moyenne
BJ-CC139A64,Ets Vétérinaire,Agriculture & Agroalimentaire,Natitingou,+229 32 93 53 72,,etsvétérinaire.bj,PME (10-50),B2C,APIEx,,Actif,2026-06-29T00:22:55.153251,moyenne
BJ-35585B8C,Coopérative Vétérinaire,Agriculture & Agroalimentaire,Lokossa,+229 55 71 68 39,coopérativevétérinaire@coopérativevété.bj,coopérativevétérinaire.bj,PME (50-200),B2B,APIEx,,Actif,2026-06-29T00:22:55.153334,haute
BJ-DA4C3C76,Huile,Agriculture & Agroalimentaire,Lokossa,+229 97 52 97 37,,,PME (10-50),B2C,APIEx,,Actif,2026-06-29T00:22:55.153368,basse
BJ-5F848FA8,Plantation Palme,Agriculture & Agroalimentaire,Lokossa,+229 55 27 39 55,plantationpalme@plantationpalme.bj,plantationpalme.bj,PME (10-50),B2B,APIEx,,Actif,2026-06-29T00:22:55.153428,haute
BJ-9E48B678,Agriculture Agro,Agriculture & Agroalimentaire,Lokossa,+229 83 69 44 61,,,Grande (>200),B2C,APIEx,,Actif,2026-06-29T00:22:55.153464,basse
BJ-24643CD9,Production Karité,Agriculture & Agroalimentaire,Lokossa,+229 63 93 65 18,productionkarité@productionkarit.org.bj,productionkarité.bj,PME (10-50),B2B,APIEx,,Actif,2026-06-29T00:22:55.153489,haute
BJ-4BF56748,Production Transformation Plantation,Agriculture & Agroalimentaire,Ouidah,+229 78 60 41 23,production.transformation@yahoo.fr,productiontransformationplantation.bj,PME (10-50),B2C,APIEx,,Actif,2026-06-29T00:22:55.153528,haute
BJ-544FC938,SARL Poulet,Agriculture & Agroalimentaire,Ouidah,+229 81 25 52 32,sarl.poulet@yahoo.fr,,PME (10-50),B2B,APIEx,,Actif,2026-06-29T00:22:55.153571,moyenne
BJ-52C6E0AD,Mangue,Agriculture & Agroalimentaire,Ouidah,+229 64 51 92 84,mangue@outlook.com,,Grande (>200),B2C,APIEx,,Actif,2026-06-29T00:22:55.153596,moyenne
BJ-FCE4F19A,Groupe Taro,Agriculture & Agroalimentaire,Ouidah,+229 83 46 78 45,,groupetaro.bj,PME (10-50),B2B,APIEx,,Actif,2026-06-29T00:22:55.153625,moyenne
BJ-08E44205,Production Fruit Ets,Agriculture & Agroalimentaire,Ouidah,+229 57 75 70 42,production.fruit@yahoo.com,productionfruitets.bj,PME (10-50),B2C,APIEx,,Actif,2026-06-29T00:22:55.153660,haute
BJ-74CD4D50,Agro Alimentaire Savalou,Agriculture & Agroalimentaire,Savalou,+229 55 12 67 31,,agroalimentairesavalou.bj,PME (10-50),B2C,APIEx,,Actif,2026-06-29T00:22:55.153684,moyenne
BJ-976FFDBF,Plantation Porc,Agriculture & Agroalimentaire,Savalou,+229 71 24 65 88,plantation.porc@plantationporc.org.bj,,PME (50-200),B2C,APIEx,,Actif,2026-06-29T00:22:55.153700,moyenne
BJ-E679A15D,Coopérative Millet Farm,Agriculture & Agroalimentaire,Savalou,+229 86 86 26 25,coopérative.millet@coopérativemill.com.bj,,Grande (>200),B2B,APIEx,,Actif,2026-06-29T00:22:55.153731,moyenne
BJ-2AC4C3A0,Coopérative Ananas Savalou,Agriculture & Agroalimentaire,Savalou,+229 52 92 34 48,coopérativeananas@yahoo.com,coopérativeananassavalou.bj,TPE (<10),B2C,APIEx,,Actif,2026-06-29T00:22:55.153758,haute
BJ-77856B78,Exploitation Coton,Agriculture & Agroalimentaire,Savalou,+229 98 18 56 79,exploitation_coton@exploitationcot.org.bj,exploitationcoton.bj,PME (10-50),B2C,APIEx,,Actif,2026-06-29T00:22:55.153785,haute
BJ-E0AA7C64,Ets Porc Groupe Dassa-Zoumè,Agriculture & Agroalimentaire,Dassa-Zoumè,+229 40 28 10 24,ets.porc@etsporcgroupeda.org.bj,,PME (10-50),B2B,APIEx,,Actif,2026-06-29T00:22:55.153841,moyenne
BJ-377E8C39,Mouton,Agriculture & Agroalimentaire,Dassa-Zoumè,+229 44 37 27 44,mouton@hotmail.com,mouton.bj,TPE (<10),B2B,APIEx,,Actif,2026-06-29T00:22:55.153860,haute
BJ-1270949E,Production Ananas Ets,Agriculture & Agroalimentaire,Dassa-Zoumè,+229 36 78 98 26,production.ananas@hotmail.com,productionananasets.bj,PME (10-50),B2C,APIEx,,Actif,2026-06-29T00:22:55.153878,haute
BJ-A6A2292D,Domaine Vétérinaire Plantation,Agriculture & Agroalimentaire,Dassa-Zoumè,+229 90 68 25 45,domainevétérinaire@yahoo.fr,domainevétérinaireplantation.bj,Grande (>200),B2B,APIEx,,Actif,2026-06-29T00:22:55.153945,haute
BJ-214BDF2B,SARL Lait,Agriculture & Agroalimentaire,Kétou,+229 52 30 30 14,s.lait@hotmail.com,,PME (50-200),B2C,APIEx,,Actif,2026-06-29T00:22:55.153973,moyenne
BJ-3236FA55,Agro Chèvre Kétou,Agriculture & Agroalimentaire,Kétou,+229 86 33 18 52,a.chèvre@agrochèvrekétou.org.bj,agrochèvrekétou.bj,PME (10-50),B2B,APIEx,,Actif,2026-06-29T00:22:55.153995,haute
BJ-2314CACE,Œuf,Agriculture & Agroalimentaire,Kétou,+229 77 70 73 27,œuf@œuf.bj,,Grande (>200),B2B,APIEx,,Actif,2026-06-29T00:22:55.154019,moyenne
BJ-409062AC,Domaine Coton,Agriculture & Agroalimentaire,Kétou,+229 29 68 23 73,,domainecoton.bj,Grande (>200),B2B,APIEx,,Actif,2026-06-29T00:22:55.154034,moyenne
BJ-23AA92B0,Sorgho,Agriculture & Agroalimentaire,Covè,+229 69 70 59 16,sorgho@sorgho.bj,sorgho.bj,PME (10-50),B2C,APIEx,,Actif,2026-06-29T00:22:55.154074,haute
BJ-8013D3CA,Groupe Bœuf Farm,Agriculture & Agroalimentaire,Covè,+229 65 35 99 85,,,PME (50-200),B2C,APIEx,,Actif,2026-06-29T00:22:55.154088,basse
BJ-6236EB5F,SARL Patate,Agriculture & Agroalimentaire,Covè,+229 58 55 27 17,sarlpatate@outlook.com,sarlpatate.bj,PME (50-200),B2B,APIEx,,Actif,2026-06-29T00:22:55.154115,haute
BJ-ACB39B01,SARL Porc,Agriculture & Agroalimentaire,Covè,+229 67 11 57 31,,,TPE (<10),B2B,APIEx,,Actif,2026-06-29T00:22:55.154130,basse
BJ-E191E536,Manioc Coop Covè,Agriculture & Agroalimentaire,Covè,+229 98 63 19 49,,,PME (10-50),B2B,APIEx,,Actif,2026-06-29T00:22:55.154144,basse
BJ-DC2A90C9,Agro Sorgho,Agriculture & Agroalimentaire,Pobè,+229 29 17 45 84,a.sorgho@agrosorgho.bj,agrosorgho.bj,PME (10-50),B2C,APIEx,,Actif,2026-06-29T00:22:55.154175,haute
BJ-A505DB3E,Palme SARL,Agriculture & Agroalimentaire,Pobè,+229 60 10 77 30,,,TPE (<10),B2C,APIEx,,Actif,2026-06-29T00:22:55.154188,basse
BJ-F7330A31,Domaine Œuf,Agriculture & Agroalimentaire,Pobè,+229 98 44 34 30,domaineœuf@yahoo.fr,,TPE (<10),B2C,APIEx,,Actif,2026-06-29T00:22:55.154219,moyenne
BJ-803CB88B,Légume,Agriculture & Agroalimentaire,Pobè,+229 55 71 11 98,légume@outlook.com,légume.bj,Grande (>200),B2C,APIEx,,Actif,2026-06-29T00:22:55.154241,haute
BJ-B6FCDAB7,Exploitation Anacarde,Agriculture & Agroalimentaire,Pobè,+229 34 13 76 13,exploitation.anacarde@yahoo.fr,exploitationanacarde.bj,PME (10-50),B2C,APIEx,,Actif,2026-06-29T00:22:55.154261,haute
BJ-523268FA,Riz SARL,Agriculture & Agroalimentaire,Sakété,+229 45 26 33 64,riz.sarl@rizsarl.com.bj,rizsarl.bj,PME (50-200),B2C,APIEx,,Actif,2026-06-29T00:22:55.154286,haute
BJ-DE11E8BC,Coopérative Ail,Agriculture & Agroalimentaire,Sakété,+229 91 77 95 90,coopérative.ail@hotmail.com,coopérativeail.bj,TPE (<10),B2B,APIEx,,Actif,2026-06-29T00:22:55.154308,haute
BJ-C69FBEAD,Groupe Aubergine,Agriculture & Agroalimentaire,Sakété,+229 86 65 28 36,,,TPE (<10),B2C,APIEx,,Actif,2026-06-29T00:22:55.154320,basse
BJ-55AF1BF3,SARL Animale Africa,Agriculture & Agroalimentaire,Sakété,+229 53 47 95 81,,,PME (10-50),B2C,APIEx,,Actif,2026-06-29T00:22:55.154331,basse
BJ-1CBC5656,Production Porc Ets,Agriculture & Agroalimentaire,Sakété,+229 20 33 86 67,,,PME (50-200),B2B,APIEx,,Actif,2026-06-29T00:22:55.154342,basse
BJ-8DA76E81,Agro Farm,Agriculture & Agroalimentaire,Adjara,+229 63 20 49 42,agro.farm@yahoo.fr,,TPE (<10),B2B,APIEx,,Actif,2026-06-29T00:22:55.154365,moyenne
BJ-B30019F5,Miel Africa,Agriculture & Agroalimentaire,Adjara,+229 89 37 68 23,m.africa@outlook.com,mielafrica.bj,PME (50-200),B2C,APIEx,,Actif,2026-06-29T00:22:55.154387,haute
BJ-BB003A5C,Production Riz,Agriculture & Agroalimentaire,Adjara,+229 62 92 22 57,,productionriz.bj,TPE (<10),B2B,APIEx,,Actif,2026-06-29T00:22:55.154404,moyenne
BJ-BA752D17,Groupe Semence Bénin,Agriculture & Agroalimentaire,Adjara,+229 39 57 92 12,groupesemence@groupesemencebé.com.bj,groupesemencebénin.bj,PME (10-50),B2B,APIEx,,Actif,2026-06-29T00:22:55.154424,haute
BJ-DEB52A56,Mangue Production Adjara,Agriculture & Agroalimentaire,Adjara,+229 25 44 38 39,,mangueproductionadjara.bj,TPE (<10),B2C,APIEx,,Actif,2026-06-29T00:22:55.154438,moyenne
BJ-4F0F0177,Plantation Semence Allada,Agriculture & Agroalimentaire,Allada,+229 41 72 23 16,plantation.semence@outlook.com,,PME (10-50),B2C,APIEx,,Actif,2026-06-29T00:22:55.154462,moyenne
BJ-C3E47462,Domaine Oignon Ets,Agriculture & Agroalimentaire,Allada,+229 98 69 47 99,domaine.oignon@domaineoignonet.com.bj,domaineoignonets.bj,TPE (<10),B2B,APIEx,,Actif,2026-06-29T00:22:55.154481,haute
BJ-3557009B,Gombo SARL,Agriculture & Agroalimentaire,Allada,+229 84 15 27 40,,,PME (50-200),B2B,APIEx,,Actif,2026-06-29T00:22:55.154493,basse
BJ-7A59E1F9,Domaine Porc Farm,Agriculture & Agroalimentaire,Allada,+229 27 48 49 59,domaine.porc@gmail.com,,PME (50-200),B2C,APIEx,,Actif,2026-06-29T00:22:55.154508,moyenne
BJ-9A01B2D6,Production Oignon Groupe,Agriculture & Agroalimentaire,Allada,+229 24 41 30 59,p.oignon@productionoigno.com.bj,,TPE (<10),B2C,APIEx,,Actif,2026-06-29T00:22:55.154525,moyenne
BJ-3E9E0EDF,Plantation Patate Aplahoué,Agriculture & Agroalimentaire,Aplahoué,+229 68 79 13 12,plantation.patate@hotmail.com,plantationpatateaplahoué.bj,TPE (<10),B2C,APIEx,,Actif,2026-06-29T00:22:55.154557,haute
BJ-988ADD03,Riz Groupe,Agriculture & Agroalimentaire,Aplahoué,+229 28 13 48 67,,,PME (10-50),B2B,APIEx,,Actif,2026-06-29T00:22:55.154570,basse
BJ-CFD21D7F,SARL Tomate Groupe,Agriculture & Agroalimentaire,Aplahoué,+229 51 50 49 41,,,PME (10-50),B2B,APIEx,,Actif,2026-06-29T00:22:55.154584,basse
BJ-E4CCDCEA,Ets Anacarde Plantation,Agriculture & Agroalimentaire,Aplahoué,+229 53 44 34 72,,etsanacardeplantation.bj,PME (10-50),B2B,APIEx,,Actif,2026-06-29T00:22:55.154597,moyenne
BJ-100386B0,Groupe Alimentaire SARL,Agriculture & Agroalimentaire,Aplahoué,+229 72 32 53 32,g.alimentaire@groupealimentai.bj,groupealimentairesarl.bj,PME (10-50),B2C,APIEx,,Actif,2026-06-29T00:22:55.154614,haute
BJ-788DE0CC,Millet Dogbo-Tota,Agriculture & Agroalimentaire,Dogbo-Tota,+229 72 99 46 71,m.dogbo@yahoo.fr,milletdogbotota.bj,Grande (>200),B2C,APIEx,,Actif,2026-06-29T00:22:55.154637,haute
BJ-87000D78,Aubergine Production,Agriculture & Agroalimentaire,Dogbo-Tota,+229 34 93 32 94,,aubergineproduction.bj,TPE (<10),B2C,APIEx,,Actif,2026-06-29T00:22:55.154664,moyenne
BJ-7EA403B0,Coopérative Élevage Ets,Agriculture & Agroalimentaire,Dogbo-Tota,+229 32 52 95 76,c.élevage@coopérativeélev.bj,coopérativeélevageets.bj,TPE (<10),B2B,APIEx,,Actif,2026-06-29T00:22:55.154699,haute
BJ-BC62EFC2,Plantation Pêche,Agriculture & Agroalimentaire,Dogbo-Tota,+229 51 93 89 28,,plantationpêche.bj,PME (50-200),B2C,APIEx,,Actif,2026-06-29T00:22:55.154712,moyenne
BJ-C72E8D4B,Ferme Coop,Agriculture & Agroalimentaire,Kpomassè,+229 28 54 66 12,fermecoop@fermecoop.org.bj,,PME (50-200),B2B,APIEx,,Actif,2026-06-29T00:22:55.154735,moyenne
BJ-E320C267,Millet,Agriculture & Agroalimentaire,Kpomassè,+229 87 80 15 24,millet@millet.com.bj,millet.bj,PME (50-200),B2C,APIEx,,Actif,2026-06-29T00:22:55.154749,haute
BJ-1B60C915,Millet Africa,Agriculture & Agroalimentaire,Kpomassè,+229 69 46 71 70,,milletafrica.bj,PME (50-200),B2B,APIEx,,Actif,2026-06-29T00:22:55.154764,moyenne
BJ-820FD183,Bœuf,Agriculture & Agroalimentaire,Kpomassè,+229 39 11 91 80,bœuf@yahoo.com,bœuf.bj,TPE (<10),B2B,APIEx,,Actif,2026-06-29T00:22:55.154781,haute
BJ-74952114,Cire Kpomassè,Agriculture & Agroalimentaire,Kpomassè,+229 82 41 55 94,c.kpomassè@cirekpomassè.org.bj,,PME (10-50),B2B,APIEx,,Actif,2026-06-29T00:22:55.154798,moyenne
BJ-5EDB18D7,Production Industrie Tori-Bossito,Agriculture & Agroalimentaire,Tori-Bossito,+229 97 10 59 73,,,PME (10-50),B2B,APIEx,,Actif,2026-06-29T00:22:55.154817,basse
BJ-0BA8E060,Alimentaire Coop,Agriculture & Agroalimentaire,Tori-Bossito,+229 70 32 38 72,a.coop@yahoo.fr,,PME (50-200),B2C,APIEx,,Actif,2026-06-29T00:22:55.154832,moyenne
BJ-B1E32B1D,Coopérative Ananas,Agriculture & Agroalimentaire,Tori-Bossito,+229 50 18 50 34,coopérativeananas@coopérativeanan.org.bj,,PME (10-50),B2C,APIEx,,Actif,2026-06-29T00:22:55.154848,moyenne
BJ-D836A0B1,Yaourt Africa,Agriculture & Agroalimentaire,Tori-Bossito,+229 20 97 35 38,yaourtafrica@outlook.com,,TPE (<10),B2B,APIEx,,Actif,2026-06-29T00:22:55.154864,moyenne
BJ-07B93BC6,Sorgho Tori-Bossito,Agriculture & Agroalimentaire,Tori-Bossito,+229 21 17 97 51,sorgho_tori@outlook.com,,PME (50-200),B2C,APIEx,,Actif,2026-06-29T00:22:55.154879,moyenne
BJ-A513F625,Ets Céréale Coop,Agriculture & Agroalimentaire,Grand-Popo,+229 63 27 31 13,ets.céréale@gmail.com,,Grande (>200),B2B,APIEx,,Actif,2026-06-29T00:22:55.154920,moyenne
BJ-9A17C043,Domaine Bœuf Production,Agriculture & Agroalimentaire,Grand-Popo,+229 77 62 83 24,domainebœuf@yahoo.fr,domainebœufproduction.bj,Grande (>200),B2B,APIEx,,Actif,2026-06-29T00:22:55.154942,haute
BJ-37A21B68,Plantation Mouton Africa,Agriculture & Agroalimentaire,Grand-Popo,+229 27 35 15 69,plantation.mouton@yahoo.fr,,TPE (<10),B2C,APIEx,,Actif,2026-06-29T00:22:55.154964,moyenne
BJ-5F6EEB8C,Cacao Bénin,Agriculture & Agroalimentaire,Grand-Popo,+229 53 66 10 93,,,Grande (>200),B2C,APIEx,,Actif,2026-06-29T00:22:55.154976,basse
BJ-63461E89,Yaourt Groupe,Agriculture & Agroalimentaire,Grand-Popo,+229 59 42 69 96,yaourtgroupe@yahoo.fr,yaourtgroupe.bj,PME (50-200),B2C,APIEx,,Actif,2026-06-29T00:22:55.154991,haute
BJ-104D95AE,Groupe Animale,Agriculture & Agroalimentaire,Athiémé,+229 63 88 51 58,groupeanimale@groupeanimale.com.bj,groupeanimale.bj,PME (10-50),B2C,APIEx,,Actif,2026-06-29T00:22:55.155015,haute
BJ-39B4DB9C,Coopérative Poulet,Agriculture & Agroalimentaire,Athiémé,+229 74 88 26 69,coopérativepoulet@coopérativepoul.com.bj,coopérativepoulet.bj,PME (10-50),B2C,APIEx,,Actif,2026-06-29T00:22:55.155037,haute
BJ-FF5BD33C,Groupe Tomate Ets,Agriculture & Agroalimentaire,Athiémé,+229 69 36 16 72,g.tomate@groupetomateets.bj,,PME (50-200),B2C,APIEx,,Actif,2026-06-29T00:22:55.155053,moyenne
BJ-841D4255,Coopérative Aquaculture,Agriculture & Agroalimentaire,Athiémé,+229 51 30 56 65,,coopérativeaquaculture.bj,PME (10-50),B2B,APIEx,,Actif,2026-06-29T00:22:55.155065,moyenne
BJ-32CDB005,Taro,Agriculture & Agroalimentaire,Athiémé,+229 92 35 24 75,taro@yahoo.fr,taro.bj,PME (50-200),B2C,APIEx,,Actif,2026-06-29T00:22:55.155079,haute
BJ-F80E3F6E,SARL Lait,Agriculture & Agroalimentaire,Bopa,+229 42 96 53 78,sarllait@gmail.com,sarllait.bj,Grande (>200),B2C,APIEx,,Actif,2026-06-29T00:22:55.155101,haute
BJ-6ACC886E,Domaine Bétail Bopa,Agriculture & Agroalimentaire,Bopa,+229 80 26 86 15,d.bétail@domainebétailbo.com.bj,domainebétailbopa.bj,PME (10-50),B2B,APIEx,,Actif,2026-06-29T00:22:55.155120,haute
BJ-03609269,Élevage Farm Bopa,Agriculture & Agroalimentaire,Bopa,+229 61 39 22 71,é.farm@élevagefarmbopa.bj,,PME (10-50),B2B,APIEx,,Actif,2026-06-29T00:22:55.155156,moyenne
BJ-1C208C1B,Huile,Agriculture & Agroalimentaire,Bopa,+229 90 42 58 43,,huile.bj,TPE (<10),B2B,APIEx,,Actif,2026-06-29T00:22:55.155168,moyenne
BJ-C5D5F052,Porc Plantation Houéyogbé,Agriculture & Agroalimentaire,Houéyogbé,+229 79 78 87 66,p.plantation@gmail.com,porcplantationhouéyogbé.bj,TPE (<10),B2C,APIEx,,Actif,2026-06-29T00:22:55.155192,haute
BJ-23B04E8A,Exploitation Palme,Agriculture & Agroalimentaire,Houéyogbé,+229 21 72 15 26,exploitation.palme@hotmail.com,exploitationpalme.bj,PME (10-50),B2C,APIEx,,Actif,2026-06-29T00:22:55.155209,haute
BJ-BC4E2D35,Oignon,Agriculture & Agroalimentaire,Houéyogbé,+229 71 34 82 51,,oignon.bj,TPE (<10),B2B,APIEx,,Actif,2026-06-29T00:22:55.155224,moyenne
BJ-FCC60B1F,Domaine Animale Africa,Agriculture & Agroalimentaire,Houéyogbé,+229 24 64 55 33,d.animale@domaineanimalea.com.bj,,TPE (<10),B2C,APIEx,,Actif,2026-06-29T00:22:55.155252,moyenne
BJ-311A8605,Production Millet Plantation Malanville,Agriculture & Agroalimentaire,Malanville,+229 51 37 22 47,productionmillet@gmail.com,,PME (50-200),B2B,APIEx,,Actif,2026-06-29T00:22:55.155274,moyenne
BJ-E2150BB7,Agro Millet,Agriculture & Agroalimentaire,Malanville,+229 99 37 11 79,agromillet@agromillet.com.bj,agromillet.bj,TPE (<10),B2C,APIEx,,Actif,2026-06-29T00:22:55.155292,haute
BJ-EB95FC93,Agriculture,Agriculture & Agroalimentaire,Malanville,+229 75 19 99 46,agriculture@agriculture.org.bj,,PME (10-50),B2B,APIEx,,Actif,2026-06-29T00:22:55.155324,moyenne
BJ-FFB276F8,Poulet Production,Agriculture & Agroalimentaire,Malanville,+229 72 81 22 79,poulet.production@yahoo.fr,pouletproduction.bj,PME (10-50),B2B,APIEx,,Actif,2026-06-29T00:22:55.155354,haute
BJ-20785766,Groupe Cire,Agriculture & Agroalimentaire,Malanville,+229 25 92 12 70,,groupecire.bj,PME (50-200),B2C,APIEx,,Actif,2026-06-29T00:22:55.155367,moyenne
BJ-EF42AEEE,Ferme SARL,Agriculture & Agroalimentaire,Kandi,+229 45 44 34 49,,fermesarl.bj,PME (50-200),B2C,APIEx,,Actif,2026-06-29T00:22:55.155388,moyenne
BJ-C4D4716E,Alimentaire Farm Kandi,Agriculture & Agroalimentaire,Kandi,+229 46 19 25 18,,,TPE (<10),B2C,APIEx,,Actif,2026-06-29T00:22:55.155437,basse
BJ-4A3B8C2D,Groupe Chèvre,Agriculture & Agroalimentaire,Kandi,+229 82 27 48 14,,groupechèvre.bj,PME (10-50),B2B,APIEx,,Actif,2026-06-29T00:22:55.155460,moyenne
BJ-750E3944,Coopérative Industrie Agro,Agriculture & Agroalimentaire,Banikoara,+229 93 83 80 18,,coopérativeindustrieagro.bj,PME (50-200),B2B,APIEx,,Actif,2026-06-29T00:22:55.155495,moyenne
BJ-D6D0BBCA,Ananas,Agriculture & Agroalimentaire,Banikoara,+229 62 10 73 68,ananas@ananas.com.bj,,PME (10-50),B2C,APIEx,,Actif,2026-06-29T00:22:55.155521,moyenne
BJ-F0573429,Groupe Palme,Agriculture & Agroalimentaire,Banikoara,+229 90 57 54 43,groupe.palme@yahoo.com,groupepalme.bj,Grande (>200),B2B,APIEx,,Actif,2026-06-29T00:22:55.155558,haute
BJ-77578F3F,Cacao Agro,Agriculture & Agroalimentaire,Banikoara,+229 75 65 59 37,cacaoagro@gmail.com,,TPE (<10),B2B,APIEx,,Actif,2026-06-29T00:22:55.155583,moyenne
BJ-6F483821,Taro,Agriculture & Agroalimentaire,Banikoara,+229 85 95 25 59,taro@taro.bj,taro.bj,TPE (<10),B2B,APIEx,,Actif,2026-06-29T00:22:55.155604,haute
BJ-D61A8CD0,Mouton Agro Ségbana,Agriculture & Agroalimentaire,Ségbana,+229 33 25 45 86,moutonagro@hotmail.com,,TPE (<10),B2C,APIEx,,Actif,2026-06-29T00:22:55.155652,moyenne
BJ-971442CA,Riz Africa,Agriculture & Agroalimentaire,Ségbana,+229 22 10 89 28,,,PME (50-200),B2C,APIEx,,Actif,2026-06-29T00:22:55.155681,basse
BJ-16F92386,Agro Légume Farm Ségbana,Agriculture & Agroalimentaire,Ségbana,+229 57 19 16 15,agro.légume@agrolégumefarms.com.bj,agrolégumefarmségbana.bj,TPE (<10),B2B,APIEx,,Actif,2026-06-29T00:22:55.155706,haute
BJ-36042AA2,Production Oignon Agro,Agriculture & Agroalimentaire,Ségbana,+229 54 66 32 78,,productionoignonagro.bj,PME (50-200),B2B,APIEx,,Actif,2026-06-29T00:22:55.155719,moyenne
BJ-13EE4AAC,Semence,Agriculture & Agroalimentaire,Karimama,+229 31 50 93 68,semence@semence.com.bj,,PME (10-50),B2B,APIEx,,Actif,2026-06-29T00:22:55.155758,moyenne
BJ-E1B58A3A,Légume Plantation,Agriculture & Agroalimentaire,Karimama,+229 77 98 45 44,légume.plantation@légumeplantatio.com.bj,,TPE (<10),B2B,APIEx,,Actif,2026-06-29T00:22:55.155791,moyenne
BJ-C97B138E,Mouton Agro Karimama,Agriculture & Agroalimentaire,Karimama,+229 42 13 36 16,moutonagro@moutonagrokarim.bj,moutonagrokarimama.bj,PME (50-200),B2C,APIEx,,Actif,2026-06-29T00:22:55.155809,haute
BJ-2D1E30A3,Santé Farm,Agriculture & Agroalimentaire,Karimama,+229 21 77 98 81,,santéfarm.bj,PME (50-200),B2B,APIEx,,Actif,2026-06-29T00:22:55.155821,moyenne
BJ-2256F295,Exploitation Poulet,Agriculture & Agroalimentaire,Gogounou,+229 48 63 90 69,exploitationpoulet@outlook.com,exploitationpoulet.bj,PME (10-50),B2B,APIEx,,Actif,2026-06-29T00:22:55.155848,haute
BJ-937BA9B3,Groupe Ananas Coop,Agriculture & Agroalimentaire,Gogounou,+229 49 44 92 91,,groupeananascoop.bj,PME (10-50),B2B,APIEx,,Actif,2026-06-29T00:22:55.155864,moyenne
BJ-7FAD9BE2,Ets Lait Farm,Agriculture & Agroalimentaire,Gogounou,+229 32 24 81 45,,,PME (10-50),B2B,APIEx,,Actif,2026-06-29T00:22:55.155876,basse
BJ-A066F91A,SARL Cacao Cobly,Agriculture & Agroalimentaire,Cobly,+229 78 74 40 20,sarlcacao@sarlcacaocobly.com.bj,sarlcacaocobly.bj,Grande (>200),B2C,APIEx,,Actif,2026-06-29T00:22:55.155941,haute
BJ-F715F466,Ferme Œuf Cobly,Agriculture & Agroalimentaire,Cobly,+229 85 42 79 35,fermeœuf@hotmail.com,,TPE (<10),B2B,APIEx,,Actif,2026-06-29T00:22:55.155961,moyenne
BJ-686A3947,Exploitation Vétérinaire Farm,Agriculture & Agroalimentaire,Cobly,+229 32 34 16 20,exploitationvétérinaire@gmail.com,exploitationvétérinairefarm.bj,PME (10-50),B2C,APIEx,,Actif,2026-06-29T00:22:55.155986,haute
BJ-EA98E5C1,Cire,Agriculture & Agroalimentaire,Cobly,+229 73 49 37 69,cire@cire.com.bj,,TPE (<10),B2B,APIEx,,Actif,2026-06-29T00:22:55.156001,moyenne
BJ-133F7D59,Plantation Plantation Production,Agriculture & Agroalimentaire,Cobly,+229 74 89 49 58,plantationplantation@plantationplant.bj,plantationplantationproduction.bj,PME (50-200),B2C,APIEx,,Actif,2026-06-29T00:22:55.156018,haute
BJ-2EF219AB,Agro Aquaculture Ets,Agriculture & Agroalimentaire,Tanguiéta,+229 31 31 97 43,a.aquaculture@agroaquaculture.bj,,PME (50-200),B2B,APIEx,,Actif,2026-06-29T00:22:55.156040,moyenne
BJ-51C391E7,Groupe Patate Tanguiéta,Agriculture & Agroalimentaire,Tanguiéta,+229 26 40 88 70,groupe_patate@groupepatatetan.com.bj,,PME (10-50),B2C,APIEx,,Actif,2026-06-29T00:22:55.156057,moyenne
BJ-450D936E,Ets Mangue Coop Tanguiéta,Agriculture & Agroalimentaire,Tanguiéta,+229 37 32 57 90,e.mangue@etsmanguecoopta.org.bj,,TPE (<10),B2C,APIEx,,Actif,2026-06-29T00:22:55.156075,moyenne
BJ-D192A834,Animale,Agriculture & Agroalimentaire,Tanguiéta,+229 53 95 25 64,animale@animale.bj,animale.bj,PME (10-50),B2C,APIEx,,Actif,2026-06-29T00:22:55.156089,haute
BJ-CDA0A625,Ferme Piment Ets,Agriculture & Agroalimentaire,Tanguiéta,+229 29 10 95 33,,,TPE (<10),B2C,APIEx,,Actif,2026-06-29T00:22:55.156100,basse
BJ-3ECE0118,Piment Africa,Agriculture & Agroalimentaire,Matéri,+229 95 37 17 21,piment.africa@hotmail.com,pimentafrica.bj,PME (10-50),B2B,APIEx,,Actif,2026-06-29T00:22:55.156122,haute
BJ-FD57C391,Coopérative Chèvre,Agriculture & Agroalimentaire,Matéri,+229 68 19 29 77,coopérative.chèvre@yahoo.fr,coopérativechèvre.bj,PME (10-50),B2B,APIEx,,Actif,2026-06-29T00:22:55.156143,haute
BJ-21A26BDB,Aubergine,Agriculture & Agroalimentaire,Matéri,+229 41 80 93 66,,,TPE (<10),B2B,APIEx,,Actif,2026-06-29T00:22:55.156174,basse
BJ-D7D0F212,Ferme Agro Matéri,Agriculture & Agroalimentaire,Matéri,+229 47 10 90 82,ferme_agro@hotmail.com,fermeagromatéri.bj,PME (10-50),B2C,APIEx,,Actif,2026-06-29T00:22:55.156191,haute
BJ-38F968C1,Légume Plantation Natitingou,Agriculture & Agroalimentaire,Natitingou,+229 20 42 36 40,,légumeplantationnatitingou.bj,TPE (<10),B2C,APIEx,,Actif,2026-06-29T00:22:55.156212,moyenne
BJ-DF651E79,Taro,Agriculture & Agroalimentaire,Natitingou,+229 60 29 80 17,taro@taro.com.bj,taro.bj,PME (10-50),B2B,APIEx,,Actif,2026-06-29T00:22:55.156226,haute
BJ-3DB1D47B,Semence Ets,Agriculture & Agroalimentaire,Natitingou,+229 77 68 60 88,semenceets@yahoo.com,semenceets.bj,PME (10-50),B2B,APIEx,,Actif,2026-06-29T00:22:55.156242,haute
BJ-3239905D,Animale Coop,Agriculture & Agroalimentaire,Natitingou,+229 94 51 39 55,animale.coop@gmail.com,,TPE (<10),B2C,APIEx,,Actif,2026-06-29T00:22:55.156255,moyenne
BJ-DF10C9A4,Agro Manioc Natitingou,Agriculture & Agroalimentaire,Natitingou,+229 27 77 39 92,agro_manioc@yahoo.fr,,PME (50-200),B2C,APIEx,,Actif,2026-06-29T00:22:55.156270,moyenne
BJ-B76A8916,Pesticide Production,Agriculture & Agroalimentaire,Toucountouna,+229 26 11 20 61,,pesticideproduction.bj,PME (10-50),B2B,APIEx,,Actif,2026-06-29T00:22:55.156289,moyenne
BJ-B4042554,Bétail Agro,Agriculture & Agroalimentaire,Toucountouna,+229 59 96 80 19,bétail.agro@yahoo.com,,PME (10-50),B2B,APIEx,,Actif,2026-06-29T00:22:55.156305,moyenne
BJ-1F709C30,Domaine Élevage Production,Agriculture & Agroalimentaire,Toucountouna,+229 29 58 62 75,,domaineélevageproduction.bj,TPE (<10),B2B,APIEx,,Actif,2026-06-29T00:22:55.156321,moyenne
BJ-B74DD4BA,Chèvre Toucountouna,Agriculture & Agroalimentaire,Toucountouna,+229 55 79 57 28,chèvretoucountouna@outlook.com,,TPE (<10),B2C,APIEx,,Actif,2026-06-29T00:22:55.156338,moyenne
BJ-12C7CE87,Ferme Miel Groupe,Agriculture & Agroalimentaire,Toucountouna,+229 44 35 90 47,ferme.miel@outlook.com,,TPE (<10),B2B,APIEx,,Actif,2026-06-29T00:22:55.156372,moyenne
BJ-B7A38C2F,Production Semence Groupe,Agriculture & Agroalimentaire,Boukoumbé,+229 27 47 56 98,p.semence@productionsemen.bj,,TPE (<10),B2B,APIEx,,Actif,2026-06-29T00:22:55.156419,moyenne
BJ-7098DA5F,Industrie Ets Boukoumbé,Agriculture & Agroalimentaire,Boukoumbé,+229 58 46 30 56,,,TPE (<10),B2C,APIEx,,Actif,2026-06-29T00:22:55.156457,basse
BJ-D112EC8F,Ferme Coton Coop,Agriculture & Agroalimentaire,Boukoumbé,+229 62 67 17 13,ferme.coton@yahoo.fr,,TPE (<10),B2B,APIEx,,Actif,2026-06-29T00:22:55.156500,moyenne
BJ-59494F44,Vétérinaire,Agriculture & Agroalimentaire,Boukoumbé,+229 32 31 57 14,vétérinaire@gmail.com,,PME (50-200),B2C,APIEx,,Actif,2026-06-29T00:22:55.156540,moyenne
BJ-6DC352E0,Ferme Mangue Agro,Agriculture & Agroalimentaire,Boukoumbé,+229 61 13 91 76,fermemangue@fermemangueagro.com.bj,fermemangueagro.bj,TPE (<10),B2B,APIEx,,Actif,2026-06-29T00:22:55.156574,haute
BJ-2497B71E,Ferme Millet,Agriculture & Agroalimentaire,Kouandé,+229 23 25 35 41,fermemillet@outlook.com,,Grande (>200),B2C,APIEx,,Actif,2026-06-29T00:22:55.156607,moyenne
BJ-3BBA4E51,Pesticide,Agriculture & Agroalimentaire,Kouandé,+229 79 22 37 98,pesticide@pesticide.com.bj,,TPE (<10),B2C,APIEx,,Actif,2026-06-29T00:22:55.156624,moyenne
BJ-9ACABE46,Domaine Cire,Agriculture & Agroalimentaire,Kouandé,+229 90 23 28 86,domainecire@gmail.com,domainecire.bj,Grande (>200),B2B,APIEx,,Actif,2026-06-29T00:22:55.156644,haute
BJ-AF126522,Pesticide Plantation,Agriculture & Agroalimentaire,Kouandé,+229 22 96 29 24,pesticideplantation@pesticideplanta.org.bj,pesticideplantation.bj,TPE (<10),B2C,APIEx,,Actif,2026-06-29T00:22:55.156662,haute
BJ-91A8F0E5,Agro Santé,Agriculture & Agroalimentaire,Kouandé,+229 38 63 76 91,,agrosanté.bj,PME (50-200),B2B,APIEx,,Actif,2026-06-29T00:22:55.156675,moyenne
BJ-CC6F6B69,Plantation Céréale Ets,Agriculture & Agroalimentaire,Péhunco,+229 33 34 78 32,plantation.céréale@plantationcéréa.bj,,PME (10-50),B2B,APIEx,,Actif,2026-06-29T00:22:55.156702,moyenne
BJ-1FFBC4EF,Céréale SARL,Agriculture & Agroalimentaire,Péhunco,+229 39 26 55 77,céréalesarl@yahoo.com,,TPE (<10),B2B,APIEx,,Actif,2026-06-29T00:22:55.156723,moyenne
BJ-67AEA56A,Agro Coton Bénin,Agriculture & Agroalimentaire,Péhunco,+229 90 96 59 57,agro.coton@hotmail.com,agrocotonbénin.bj,TPE (<10),B2C,APIEx,,Actif,2026-06-29T00:22:55.156740,haute
BJ-9F78EAC0,Production Café,Agriculture & Agroalimentaire,Péhunco,+229 69 84 47 65,productioncafé@productioncafé.org.bj,,Grande (>200),B2B,APIEx,,Actif,2026-06-29T00:22:55.156758,moyenne
BJ-57FF546E,Domaine Karité,Agriculture & Agroalimentaire,Péhunco,+229 71 77 48 93,,domainekarité.bj,PME (50-200),B2C,APIEx,,Actif,2026-06-29T00:22:55.156770,moyenne
BJ-D1680227,Production Millet Groupe,Agriculture & Agroalimentaire,Tchaourou,+229 69 41 17 67,,,PME (10-50),B2B,APIEx,,Actif,2026-06-29T00:22:55.156805,basse
BJ-698BA11B,Coopérative Tomate Groupe,Agriculture & Agroalimentaire,Tchaourou,+229 50 83 28 81,coopérativetomate@gmail.com,,TPE (<10),B2C,APIEx,,Actif,2026-06-29T00:22:55.156825,moyenne
BJ-F6C3C82B,Industrie Farm,Agriculture & Agroalimentaire,Tchaourou,+229 77 64 69 30,i.farm@industriefarm.org.bj,industriefarm.bj,TPE (<10),B2B,APIEx,,Actif,2026-06-29T00:22:55.156845,haute
BJ-A61926A2,Ferme Lait,Agriculture & Agroalimentaire,Tchaourou,+229 56 23 39 84,ferme.lait@outlook.com,fermelait.bj,TPE (<10),B2C,APIEx,,Actif,2026-06-29T00:22:55.156861,haute
BJ-4EB2C896,Ets Lait Production,Agriculture & Agroalimentaire,Nikki,+229 36 38 68 56,ets.lait@yahoo.fr,etslaitproduction.bj,TPE (<10),B2B,APIEx,,Actif,2026-06-29T00:22:55.156884,haute
BJ-A31B8DE9,Production Céréale,Agriculture & Agroalimentaire,Nikki,+229 42 76 44 48,productioncéréale@productioncéréa.bj,,PME (10-50),B2C,APIEx,,Actif,2026-06-29T00:22:55.156915,moyenne
BJ-45C0AE93,Agro Aubergine,Agriculture & Agroalimentaire,Nikki,+229 61 39 42 27,agro_aubergine@gmail.com,agroaubergine.bj,PME (50-200),B2B,APIEx,,Actif,2026-06-29T00:22:55.156932,haute
BJ-686E74DB,Lait Coop,Agriculture & Agroalimentaire,Nikki,+229 70 37 85 34,lait.coop@outlook.com,,TPE (<10),B2C,APIEx,,Actif,2026-06-29T00:22:55.156946,moyenne
BJ-1C9F92E3,Pesticide Bénin,Agriculture & Agroalimentaire,Nikki,+229 99 42 10 81,,,TPE (<10),B2C,APIEx,,Actif,2026-06-29T00:22:55.156957,basse
BJ-E513A8BB,Coopérative Mangue,Agriculture & Agroalimentaire,Bembéréké,+229 59 86 14 26,c.mangue@coopérativemang.com.bj,coopérativemangue.bj,PME (50-200),B2C,APIEx,,Actif,2026-06-29T00:22:55.156982,haute
BJ-401FBE71,SARL Agro,Agriculture & Agroalimentaire,Bembéréké,+229 57 22 51 92,sarlagro@sarlagro.com.bj,,Grande (>200),B2C,APIEx,,Actif,2026-06-29T00:22:55.156997,moyenne
BJ-E28CD0F4,Ets Poulet Coop,Agriculture & Agroalimentaire,Bembéréké,+229 68 79 36 69,,etspouletcoop.bj,PME (50-200),B2B,APIEx,,Actif,2026-06-29T00:22:55.157013,moyenne
BJ-BD2222E2,Ferme Huile Production,Agriculture & Agroalimentaire,Bembéréké,+229 25 11 50 53,ferme.huile@fermehuileprodu.bj,fermehuileproduction.bj,PME (50-200),B2C,APIEx,,Actif,2026-06-29T00:22:55.157030,haute
BJ-D44DBD03,Ferme Cire Bembéréké,Agriculture & Agroalimentaire,Bembéréké,+229 95 53 21 79,ferme.cire@fermecirebembér.bj,fermecirebembéréké.bj,TPE (<10),B2B,APIEx,,Actif,2026-06-29T00:22:55.157048,haute
BJ-1A65B441,SARL Légume Groupe,Agriculture & Agroalimentaire,Kalalé,+229 25 37 52 61,sarl_légume@sarllégumegroup.org.bj,sarllégumegroupe.bj,TPE (<10),B2C,APIEx,,Actif,2026-06-29T00:22:55.157073,haute
BJ-F5AB8DC7,Plantation Plantation,Agriculture & Agroalimentaire,Kalalé,+229 38 91 70 24,plantation.plantation@hotmail.com,plantationplantation.bj,PME (10-50),B2C,APIEx,,Actif,2026-06-29T00:22:55.157090,haute
BJ-5208769B,Transformation Plantation,Agriculture & Agroalimentaire,Kalalé,+229 59 77 49 67,transformation.plantation@transformationp.com.bj,transformationplantation.bj,TPE (<10),B2B,APIEx,,Actif,2026-06-29T00:22:55.157107,haute
BJ-F3C23550,Karité,Agriculture & Agroalimentaire,Kalalé,+229 31 35 36 73,karité@yahoo.fr,karité.bj,PME (50-200),B2C,APIEx,,Actif,2026-06-29T00:22:55.157121,haute
BJ-D828DD94,Cire Africa,Agriculture & Agroalimentaire,Kalalé,+229 24 17 87 95,c.africa@yahoo.com,cireafrica.bj,PME (10-50),B2B,APIEx,,Actif,2026-06-29T00:22:55.157141,haute
BJ-6B5AF4FC,Ets Plantation,Agriculture & Agroalimentaire,Ndali,+229 36 48 22 64,ets_plantation@hotmail.com,,Grande (>200),B2B,APIEx,,Actif,2026-06-29T00:22:55.157163,moyenne
BJ-8FE6CE62,Groupe Pêche Groupe,Agriculture & Agroalimentaire,Ndali,+229 34 88 22 81,g.pêche@yahoo.fr,groupepêchegroupe.bj,PME (10-50),B2B,APIEx,,Actif,2026-06-29T00:22:55.157184,haute
BJ-4032193E,Sorgho Africa,Agriculture & Agroalimentaire,Ndali,+229 24 17 31 20,sorgho.africa@sorghoafrica.org.bj,sorghoafrica.bj,TPE (<10),B2B,APIEx,,Actif,2026-06-29T00:22:55.157203,haute
BJ-D6CE105B,SARL Coton Groupe,Agriculture & Agroalimentaire,Ndali,+229 99 15 72 79,sarlcoton@outlook.com,,TPE (<10),B2B,APIEx,,Actif,2026-06-29T00:22:55.157218,moyenne
BJ-624C5ABC,Production Miel,Agriculture & Agroalimentaire,Ndali,+229 99 50 17 86,productionmiel@productionmiel.com.bj,productionmiel.bj,PME (10-50),B2C,APIEx,,Actif,2026-06-29T00:22:55.157233,haute
BJ-F73841ED,SARL Miel,Agriculture & Agroalimentaire,Ségbana,+229 38 60 12 42,sarl.miel@outlook.com,sarlmiel.bj,PME (50-200),B2C,APIEx,,Actif,2026-06-29T00:22:55.157285,haute
BJ-5058EC90,Palme Plantation,Agriculture & Agroalimentaire,Ségbana,+229 57 12 49 19,p.plantation@yahoo.com,,TPE (<10),B2B,APIEx,,Actif,2026-06-29T00:22:55.157300,moyenne
BJ-DD80D27A,Café Africa,Agriculture & Agroalimentaire,Ségbana,+229 20 16 27 37,café.africa@yahoo.fr,,PME (10-50),B2B,APIEx,,Actif,2026-06-29T00:22:55.157315,moyenne
BJ-6EB236F0,Ets Igname Africa,Agriculture & Agroalimentaire,Tchaourou,+229 48 92 95 52,e.igname@gmail.com,etsignameafrica.bj,Grande (>200),B2B,APIEx,,Actif,2026-06-29T00:22:55.157339,haute
BJ-AAD1F17F,Production Palme,Agriculture & Agroalimentaire,Tchaourou,+229 57 59 30 91,,,Grande (>200),B2B,APIEx,,Actif,2026-06-29T00:22:55.157351,basse
BJ-5374B2B1,Cacao Farm,Agriculture & Agroalimentaire,Tchaourou,+229 44 13 38 23,cacaofarm@gmail.com,,TPE (<10),B2B,APIEx,,Actif,2026-06-29T00:22:55.157376,moyenne
BJ-A38124AC,Agro Chèvre Bénin,Agriculture & Agroalimentaire,Tchaourou,+229 67 48 58 46,a.chèvre@gmail.com,,TPE (<10),B2B,APIEx,,Actif,2026-06-29T00:22:55.157393,moyenne
BJ-DC885C12,Domaine Céréale Agro,Agriculture & Agroalimentaire,Tchaourou,+229 94 46 43 76,,domainecéréaleagro.bj,TPE (<10),B2C,APIEx,,Actif,2026-06-29T00:22:55.157405,moyenne
BJ-F94A0C9C,Gombo Plantation,Agriculture & Agroalimentaire,Bétérou,+229 56 97 69 27,,,PME (10-50),B2B,APIEx,,Actif,2026-06-29T00:22:55.157423,basse
BJ-2FBABDC2,Plantation Transformation,Agriculture & Agroalimentaire,Bétérou,+229 73 91 56 92,plantationtransformation@plantationtrans.org.bj,,PME (10-50),B2B,APIEx,,Actif,2026-06-29T00:22:55.157440,moyenne
BJ-DC6DD136,Anacarde,Agriculture & Agroalimentaire,Bétérou,+229 91 92 95 57,,anacarde.bj,PME (10-50),B2C,APIEx,,Actif,2026-06-29T00:22:55.157451,moyenne
BJ-5D69CDB7,Maïs Ets,Agriculture & Agroalimentaire,Bétérou,+229 99 30 74 11,,maïsets.bj,PME (50-200),B2C,APIEx,,Actif,2026-06-29T00:22:55.157464,moyenne
BJ-0EBBBFFE,Chèvre Agro,Agriculture & Agroalimentaire,Bétérou,+229 71 34 45 50,chèvre.agro@chèvreagro.bj,chèvreagro.bj,TPE (<10),B2C,APIEx,,Actif,2026-06-29T00:22:55.157481,haute
BJ-59FB2514,Agro Aubergine,Agriculture & Agroalimentaire,Ouessè,+229 69 26 91 73,agro.aubergine@agroaubergine.bj,agroaubergine.bj,TPE (<10),B2C,APIEx,,Actif,2026-06-29T00:22:55.157504,haute
BJ-2B1F66D9,Production Piment Ouessè,Agriculture & Agroalimentaire,Ouessè,+229 64 67 23 95,,,TPE (<10),B2C,APIEx,,Actif,2026-06-29T00:22:55.157516,basse
BJ-35A9582A,SARL Industrie Agro,Agriculture & Agroalimentaire,Ouessè,+229 87 71 89 38,,,PME (50-200),B2B,APIEx,,Actif,2026-06-29T00:22:55.157529,basse
BJ-FEE82AC9,Domaine Karité Plantation,Agriculture & Agroalimentaire,Ouessè,+229 79 93 72 16,domainekarité@domainekaritépl.com.bj,domainekaritéplantation.bj,PME (50-200),B2B,APIEx,,Actif,2026-06-29T00:22:55.157548,haute
BJ-0DED69C2,Transformation Ets,Agriculture & Agroalimentaire,Ouessè,+229 74 30 11 25,,,PME (50-200),B2C,APIEx,,Actif,2026-06-29T00:22:55.157562,basse
BJ-48EB1EB0,Ferme Engrais Production Glazoué,Agriculture & Agroalimentaire,Glazoué,+229 31 83 30 64,ferme.engrais@fermeengraispro.com.bj,fermeengraisproductionglazoué.bj,PME (10-50),B2C,APIEx,,Actif,2026-06-29T00:22:55.157587,haute
BJ-6A69F633,Plantation Ets,Agriculture & Agroalimentaire,Glazoué,+229 76 76 94 17,plantation.ets@plantationets.org.bj,plantationets.bj,TPE (<10),B2C,APIEx,,Actif,2026-06-29T00:22:55.157603,haute
BJ-792E8F5B,Mouton Farm,Agriculture & Agroalimentaire,Glazoué,+229 91 13 93 48,moutonfarm@moutonfarm.org.bj,moutonfarm.bj,PME (10-50),B2C,APIEx,,Actif,2026-06-29T00:22:55.157637,haute
BJ-7F1B97C3,Coopérative Pêche Africa,Agriculture & Agroalimentaire,Glazoué,+229 24 29 44 41,coopérative.pêche@yahoo.com,coopérativepêcheafrica.bj,PME (50-200),B2B,APIEx,,Actif,2026-06-29T00:22:55.157656,haute
BJ-FF619F90,Agro Huile,Agriculture & Agroalimentaire,Dassa-Zoumè,+229 60 97 68 27,agro_huile@outlook.com,,TPE (<10),B2C,APIEx,,Actif,2026-06-29T00:22:55.157678,moyenne
BJ-A1F550CE,Domaine Élevage Dassa-Zoumè,Agriculture & Agroalimentaire,Dassa-Zoumè,+229 70 43 91 66,domaine.élevage@domaineélevaged.org.bj,,PME (10-50),B2B,APIEx,,Actif,2026-06-29T00:22:55.157696,moyenne
BJ-F1675BF0,Aubergine,Agriculture & Agroalimentaire,Dassa-Zoumè,+229 84 41 37 64,,aubergine.bj,TPE (<10),B2B,APIEx,,Actif,2026-06-29T00:22:55.157712,moyenne
BJ-50B39CB3,Groupe Yaourt Dassa-Zoumè,Agriculture & Agroalimentaire,Dassa-Zoumè,+229 69 22 97 34,groupeyaourt@outlook.com,groupeyaourtdassazoumè.bj,PME (10-50),B2C,APIEx,,Actif,2026-06-29T00:22:55.157729,haute
BJ-D3994139,Anacarde Production,Agriculture & Agroalimentaire,Dassa-Zoumè,+229 94 13 84 66,anacardeproduction@yahoo.fr,,PME (50-200),B2B,APIEx,,Actif,2026-06-29T00:22:55.157745,moyenne
BJ-A6DBC9F9,Miel SARL,Agriculture & Agroalimentaire,Savalou,+229 77 33 94 44,mielsarl@gmail.com,,TPE (<10),B2C,APIEx,,Actif,2026-06-29T00:22:55.157767,moyenne
BJ-3EFF2C09,Coopérative Igname,Agriculture & Agroalimentaire,Savalou,+229 57 93 55 74,coopérative_igname@outlook.com,coopérativeigname.bj,TPE (<10),B2B,APIEx,,Actif,2026-06-29T00:22:55.157784,haute
BJ-6DBD084F,Agro Bétail Africa,Agriculture & Agroalimentaire,Savalou,+229 61 29 68 64,,agrobétailafrica.bj,TPE (<10),B2C,APIEx,,Actif,2026-06-29T00:22:55.157797,moyenne
BJ-A42211CF,Transformation Production,Agriculture & Agroalimentaire,Savalou,+229 22 21 52 23,transformation_production@gmail.com,,PME (10-50),B2B,APIEx,,Actif,2026-06-29T00:22:55.157811,moyenne
BJ-764521CF,Plantation Élevage Agro,Agriculture & Agroalimentaire,Savalou,+229 53 29 48 81,,plantationélevageagro.bj,TPE (<10),B2B,APIEx,,Actif,2026-06-29T00:22:55.157824,moyenne
BJ-33749CE0,Agro Agro Ets,Agriculture & Agroalimentaire,Bantè,+229 43 63 25 14,agroagro@hotmail.com,agroagroets.bj,PME (10-50),B2C,APIEx,,Actif,2026-06-29T00:22:55.157846,haute
BJ-4BA0FF0A,Exploitation Porc,Agriculture & Agroalimentaire,Bantè,+229 22 60 24 39,exploitation.porc@outlook.com,exploitationporc.bj,TPE (<10),B2C,APIEx,,Actif,2026-06-29T00:22:55.157861,haute
BJ-ACE14821,Cire,Agriculture & Agroalimentaire,Bantè,+229 62 32 44 27,,cire.bj,TPE (<10),B2B,APIEx,,Actif,2026-06-29T00:22:55.157877,moyenne
BJ-91F60737,Ferme Chèvre,Agriculture & Agroalimentaire,Bantè,+229 61 25 75 49,f.chèvre@fermechèvre.org.bj,fermechèvre.bj,PME (50-200),B2B,APIEx,,Actif,2026-06-29T00:22:55.157915,haute
BJ-03B6DB97,Sorgho,Agriculture & Agroalimentaire,Bantè,+229 68 90 43 35,,sorgho.bj,PME (10-50),B2B,APIEx,,Actif,2026-06-29T00:22:55.157951,moyenne
BJ-BEF5669E,SARL Igname,Agriculture & Agroalimentaire,Djougou,+229 48 62 43 46,,sarligname.bj,PME (10-50),B2C,APIEx,,Actif,2026-06-29T00:22:55.157978,moyenne
BJ-C8B5986E,Poulet SARL,Agriculture & Agroalimentaire,Djougou,+229 84 86 74 18,poulet.sarl@pouletsarl.org.bj,,PME (10-50),B2C,APIEx,,Actif,2026-06-29T00:22:55.158010,moyenne
BJ-C0C24DD4,Céréale,Agriculture & Agroalimentaire,Djougou,+229 27 32 32 96,céréale@céréale.com.bj,céréale.bj,PME (10-50),B2B,APIEx,,Actif,2026-06-29T00:22:55.158025,haute
BJ-DB9DE0D1,Ananas Ets Djougou,Agriculture & Agroalimentaire,Djougou,+229 28 29 83 71,,ananasetsdjougou.bj,PME (50-200),B2C,APIEx,,Actif,2026-06-29T00:22:55.158038,moyenne
BJ-EB3CB11D,Groupe Bétail Ouèssè,Agriculture & Agroalimentaire,Ouèssè,+229 61 62 60 58,groupebétail@groupebétailouè.bj,groupebétailouèssè.bj,PME (10-50),B2B,APIEx,,Actif,2026-06-29T00:22:55.158089,haute
BJ-234B309B,Agro Millet Ouèssè,Agriculture & Agroalimentaire,Ouèssè,+229 25 78 16 49,agro_millet@agromilletouèss.org.bj,agromilletouèssè.bj,TPE (<10),B2B,APIEx,,Actif,2026-06-29T00:22:55.158124,haute
BJ-9ED2A7F6,Riz Bénin,Agriculture & Agroalimentaire,Ouèssè,+229 70 34 20 79,,rizbénin.bj,TPE (<10),B2C,APIEx,,Actif,2026-06-29T00:22:55.158161,moyenne
BJ-2D904539,Agro Cire Farm,Agriculture & Agroalimentaire,Ouèssè,+229 41 46 29 62,agrocire@yahoo.com,,TPE (<10),B2B,APIEx,,Actif,2026-06-29T00:22:55.158195,moyenne
BJ-CBF45E6D,Coopérative Poulet Ouèssè,Agriculture & Agroalimentaire,Ouèssè,+229 98 46 94 67,coopérative_poulet@yahoo.fr,coopérativepouletouèssè.bj,PME (50-200),B2C,APIEx,,Actif,2026-06-29T00:22:55.158231,haute
BJ-1DEF0AE9,Bœuf Coop,Agriculture & Agroalimentaire,Bassila,+229 32 20 92 39,b.coop@outlook.com,,TPE (<10),B2B,APIEx,,Actif,2026-06-29T00:22:55.158276,moyenne
BJ-216B9B1C,Groupe Poulet Plantation,Agriculture & Agroalimentaire,Bassila,+229 78 62 35 60,groupepoulet@hotmail.com,groupepouletplantation.bj,TPE (<10),B2B,APIEx,,Actif,2026-06-29T00:22:55.158310,haute
BJ-288A4540,Plantation Huile Bénin,Agriculture & Agroalimentaire,Bassila,+229 63 34 64 84,plantationhuile@plantationhuile.org.bj,plantationhuilebénin.bj,TPE (<10),B2B,APIEx,,Actif,2026-06-29T00:22:55.158346,haute
BJ-72B9F823,Domaine Bétail Plantation,Agriculture & Agroalimentaire,Bassila,+229 80 35 16 53,,domainebétailplantation.bj,PME (50-200),B2C,APIEx,,Actif,2026-06-29T00:22:55.158400,moyenne
BJ-20B8FAE9,Plantation Ets,Agriculture & Agroalimentaire,Pehunco,+229 93 22 54 41,,plantationets.bj,PME (10-50),B2B,APIEx,,Actif,2026-06-29T00:22:55.158436,moyenne
BJ-66A8E864,Animale SARL,Agriculture & Agroalimentaire,Pehunco,+229 30 95 71 44,,animalesarl.bj,PME (10-50),B2C,APIEx,,Actif,2026-06-29T00:22:55.158466,moyenne
BJ-7CDCCFA3,Maïs Farm,Agriculture & Agroalimentaire,Pehunco,+229 73 37 91 57,,maïsfarm.bj,TPE (<10),B2C,APIEx,,Actif,2026-06-29T00:22:55.158499,moyenne
BJ-5587CA70,Exploitation Riz,Agriculture & Agroalimentaire,Pehunco,+229 27 52 95 45,,exploitationriz.bj,TPE (<10),B2C,APIEx,,Actif,2026-06-29T00:22:55.158552,moyenne
BJ-CE96B3B2,Ferme Ferme Bénin,Agriculture & Agroalimentaire,Copargo,+229 97 25 79 75,f.ferme@fermefermebénin.com.bj,,PME (10-50),B2B,APIEx,,Actif,2026-06-29T00:22:55.158602,moyenne
BJ-A85EEC9E,Production Élevage Ets,Agriculture & Agroalimentaire,Copargo,+229 63 55 96 96,,productionélevageets.bj,PME (10-50),B2B,APIEx,,Actif,2026-06-29T00:22:55.158626,moyenne
BJ-7D665DDF,Légume Bénin Copargo,Agriculture & Agroalimentaire,Copargo,+229 68 67 57 83,l.bénin@yahoo.com,,PME (10-50),B2C,APIEx,,Actif,2026-06-29T00:22:55.158655,moyenne
BJ-5063BCFD,Agro Gombo,Agriculture & Agroalimentaire,Copargo,+229 25 28 84 92,,,PME (10-50),B2B,APIEx,,Actif,2026-06-29T00:22:55.158677,basse
BJ-CEFDA06C,Agro Manioc,Agriculture & Agroalimentaire,Copargo,+229 97 65 64 21,a.manioc@agromanioc.com.bj,,PME (50-200),B2C,APIEx,,Actif,2026-06-29T00:22:55.158708,moyenne
BJ-D31A1E35,Master,Éducation & Formation,Cotonou,+229 98 66 95 52,,,TPE (<10),B2B,APIEx,,Actif,2026-06-29T00:22:55.158743,basse
BJ-664CB2FC,Cours International Academy,Éducation & Formation,Cotonou,+229 40 57 17 71,coursinternational@coursinternatio.com.bj,,PME (10-50),B2C,APIEx,,Actif,2026-06-29T00:22:55.158771,moyenne
BJ-6D7D0B78,Institut Management École,Éducation & Formation,Cotonou,+229 95 48 89 41,,institutmanagementécole.bj,TPE (<10),B2B,APIEx,,Actif,2026-06-29T00:22:55.158807,moyenne
BJ-CC923236,Français International,Éducation & Formation,Cotonou,+229 44 78 56 37,f.international@françaisinterna.org.bj,françaisinternational.bj,Grande (>200),B2B,APIEx,,Actif,2026-06-29T00:22:55.158847,haute
BJ-B82A1498,Académie RH,Éducation & Formation,Cotonou,+229 22 35 56 63,académie@outlook.com,académierh.bj,PME (10-50),B2C,APIEx,,Actif,2026-06-29T00:22:55.158875,haute
BJ-4EBBB88F,Liberté University,Éducation & Formation,Abomey-Calavi,+229 47 57 83 50,liberté.university@gmail.com,libertéuniversity.bj,TPE (<10),B2B,APIEx,,Actif,2026-06-29T00:22:55.158996,haute
BJ-AA13EAEC,Communication Institute,Éducation & Formation,Abomey-Calavi,+229 85 56 97 86,,communicationinstitute.bj,PME (10-50),B2C,APIEx,,Actif,2026-06-29T00:22:55.159024,moyenne
BJ-AE208DA3,Anglais,Éducation & Formation,Porto-Novo,+229 53 25 24 55,anglais@yahoo.com,anglais.bj,PME (10-50),B2C,APIEx,,Actif,2026-06-29T00:22:55.159181,haute
BJ-7814DCB4,Doctorat University,Éducation & Formation,Porto-Novo,+229 56 87 42 57,doctoratuniversity@outlook.com,doctoratuniversity.bj,TPE (<10),B2B,APIEx,,Actif,2026-06-29T00:22:55.159223,haute
BJ-EA344865,Danse Lycée,Éducation & Formation,Porto-Novo,+229 25 51 68 94,danselycée@danselycée.com.bj,danselycée.bj,TPE (<10),B2B,APIEx,,Actif,2026-06-29T00:22:55.159265,haute
BJ-E8B582DC,École Langue,Éducation & Formation,Porto-Novo,+229 72 75 89 49,é.langue@yahoo.fr,écolelangue.bj,TPE (<10),B2C,APIEx,,Actif,2026-06-29T00:22:55.159306,haute
BJ-CEFB551A,Design Institute Parakou,Éducation & Formation,Parakou,+229 76 10 65 80,d.institute@yahoo.fr,designinstituteparakou.bj,PME (10-50),B2B,APIEx,,Actif,2026-06-29T00:22:55.159362,haute
BJ-6399666C,Centre Art Training,Éducation & Formation,Parakou,+229 98 85 16 37,centre.art@centrearttraini.bj,,TPE (<10),B2B,APIEx,,Actif,2026-06-29T00:22:55.159396,moyenne
BJ-58FB162D,Excellence University,Éducation & Formation,Parakou,+229 81 83 73 86,excellence.university@excellenceunive.bj,excellenceuniversity.bj,TPE (<10),B2B,APIEx,,Actif,2026-06-29T00:22:55.159431,haute
BJ-FCF4542D,Anglais,Éducation & Formation,Parakou,+229 24 18 72 83,anglais@outlook.com,anglais.bj,TPE (<10),B2B,APIEx,,Actif,2026-06-29T00:22:55.159462,haute
BJ-AEA634E1,Enseignement Cuisine School,Éducation & Formation,Parakou,+229 69 83 92 42,enseignement_cuisine@enseignementcui.bj,enseignementcuisineschool.bj,PME (10-50),B2C,APIEx,,Actif,2026-06-29T00:22:55.159500,haute
BJ-0D1F1DA8,Droit Training,Éducation & Formation,Bohicon,+229 61 64 25 18,d.training@droittraining.bj,,TPE (<10),B2B,APIEx,,Actif,2026-06-29T00:22:55.159552,moyenne
BJ-AC5B191D,Certification International,Éducation & Formation,Bohicon,+229 81 59 90 66,certificationinternational@certificationin.com.bj,,PME (10-50),B2B,APIEx,,Actif,2026-06-29T00:22:55.159589,moyenne
BJ-3A40FE19,Connaissance,Éducation & Formation,Bohicon,+229 68 38 73 12,connaissance@connaissance.org.bj,connaissance.bj,Grande (>200),B2C,APIEx,,Actif,2026-06-29T00:22:55.159631,haute
BJ-6C0C6DEF,Institut National,Éducation & Formation,Bohicon,+229 57 67 12 23,,,PME (50-200),B2C,APIEx,,Actif,2026-06-29T00:22:55.159663,basse
BJ-2791CDE2,Enseignement Art,Éducation & Formation,Bohicon,+229 68 80 32 96,e.art@enseignementart.bj,enseignementart.bj,PME (10-50),B2C,APIEx,,Actif,2026-06-29T00:22:55.159701,haute
BJ-9CCC8975,Métier International,Éducation & Formation,Natitingou,+229 61 74 60 88,métier.international@yahoo.fr,métierinternational.bj,PME (10-50),B2B,APIEx,,Actif,2026-06-29T00:22:55.159760,haute
BJ-58EB52B2,Institut Ingénierie Natitingou,Éducation & Formation,Natitingou,+229 22 91 41 80,institut.ingénierie@institutingénie.org.bj,institutingénierienatitingou.bj,PME (10-50),B2C,APIEx,,Actif,2026-06-29T00:22:55.159836,haute
BJ-19802DB1,Anglais School,Éducation & Formation,Natitingou,+229 27 75 59 93,anglaisschool@gmail.com,anglaisschool.bj,PME (50-200),B2B,APIEx,,Actif,2026-06-29T00:22:55.159873,haute
BJ-04EAAD51,Collège Espagnol International,Éducation & Formation,Natitingou,+229 52 40 96 50,collège.espagnol@collègeespagnol.org.bj,collègeespagnolinternational.bj,PME (10-50),B2C,APIEx,,Actif,2026-06-29T00:22:55.159932,haute
BJ-9058B3FE,Formation Arabe College,Éducation & Formation,Lokossa,+229 59 82 10 48,formation.arabe@yahoo.com,formationarabecollege.bj,PME (10-50),B2B,APIEx,,Actif,2026-06-29T00:22:55.159983,haute
BJ-E32FB225,École Doctorat École Lokossa,Éducation & Formation,Lokossa,+229 88 77 98 42,écoledoctorat@outlook.com,écoledoctoratécolelokossa.bj,TPE (<10),B2C,APIEx,,Actif,2026-06-29T00:22:55.160025,haute
BJ-084ECC6C,Enseignement National Bénin,Éducation & Formation,Lokossa,+229 23 58 75 71,enseignement.national@yahoo.fr,,PME (10-50),B2B,APIEx,,Actif,2026-06-29T00:22:55.160071,moyenne
BJ-1520DC97,Privé,Éducation & Formation,Lokossa,+229 31 31 43 71,privé@privé.com.bj,privé.bj,PME (10-50),B2C,APIEx,,Actif,2026-06-29T00:22:55.160108,haute
BJ-598C7483,Français,Éducation & Formation,Lokossa,+229 42 64 67 15,,,PME (10-50),B2C,APIEx,,Actif,2026-06-29T00:22:55.160137,basse
BJ-AD74ADD2,Académie Espagnol,Éducation & Formation,Ouidah,+229 31 38 74 17,académieespagnol@académieespagno.bj,académieespagnol.bj,PME (50-200),B2B,APIEx,,Actif,2026-06-29T00:22:55.160197,haute
BJ-63487566,RH Training,Éducation & Formation,Ouidah,+229 67 72 74 17,,rhtraining.bj,PME (50-200),B2B,APIEx,,Actif,2026-06-29T00:22:55.160226,moyenne
BJ-0734B729,Centre Privé,Éducation & Formation,Ouidah,+229 52 84 11 77,c.privé@centreprivé.com.bj,centreprivé.bj,TPE (<10),B2C,APIEx,,Actif,2026-06-29T00:22:55.160266,haute
BJ-A0CB230C,Cuisine International,Éducation & Formation,Ouidah,+229 57 86 71 40,cuisineinternational@cuisineinternat.org.bj,cuisineinternational.bj,PME (10-50),B2B,APIEx,,Actif,2026-06-29T00:22:55.160313,haute
BJ-6368AECA,Doctorat,Éducation & Formation,Ouidah,+229 21 46 74 30,doctorat@doctorat.bj,doctorat.bj,PME (10-50),B2C,APIEx,,Actif,2026-06-29T00:22:55.160347,haute
BJ-4DCE0BB2,Lycée Apprentissage Bénin,Éducation & Formation,Savalou,+229 67 71 97 70,lycée_apprentissage@outlook.com,lycéeapprentissagebénin.bj,Grande (>200),B2B,APIEx,,Actif,2026-06-29T00:22:55.160403,haute
BJ-432CB436,Français School,Éducation & Formation,Savalou,+229 58 84 98 72,f.school@françaisschool.bj,françaisschool.bj,TPE (<10),B2B,APIEx,,Actif,2026-06-29T00:22:55.160444,haute
BJ-0FA5307E,Cours RH,Éducation & Formation,Savalou,+229 76 84 40 85,,coursrh.bj,Grande (>200),B2B,APIEx,,Actif,2026-06-29T00:22:55.160482,moyenne
BJ-69109F9A,Certification Institute Savalou,Éducation & Formation,Savalou,+229 72 68 42 63,certification.institute@outlook.com,certificationinstitutesavalou.bj,PME (50-200),B2B,APIEx,,Actif,2026-06-29T00:22:55.160558,haute
BJ-2D2B74E8,École Design,Éducation & Formation,Dassa-Zoumè,+229 56 84 53 65,écoledesign@yahoo.com,écoledesign.bj,TPE (<10),B2B,APIEx,,Actif,2026-06-29T00:22:55.160608,haute
BJ-E7C85BE5,Langue University,Éducation & Formation,Dassa-Zoumè,+229 48 63 29 35,langueuniversity@gmail.com,,TPE (<10),B2B,APIEx,,Actif,2026-06-29T00:22:55.160638,moyenne
BJ-E8233205,Institut Diplôme Institute Dassa-Zoumè,Éducation & Formation,Dassa-Zoumè,+229 99 29 72 39,i.diplôme@hotmail.com,institutdiplômeinstitutedassazoumè.bj,Grande (>200),B2C,APIEx,,Actif,2026-06-29T00:22:55.160673,haute
BJ-5A6327DD,Pâtisserie School,Éducation & Formation,Dassa-Zoumè,+229 42 39 19 11,p.school@yahoo.com,pâtisserieschool.bj,TPE (<10),B2C,APIEx,,Actif,2026-06-29T00:22:55.160713,haute
BJ-A84801B5,Université Protestant,Éducation & Formation,Dassa-Zoumè,+229 37 24 64 57,université.protestant@universitéprote.com.bj,universitéprotestant.bj,PME (10-50),B2B,APIEx,,Actif,2026-06-29T00:22:55.160746,haute
BJ-C783B438,Lycée Droit Training,Éducation & Formation,Kétou,+229 83 12 41 45,l.droit@hotmail.com,lycéedroittraining.bj,PME (50-200),B2C,APIEx,,Actif,2026-06-29T00:22:55.160792,haute
BJ-0E2D8F54,Collège Métier,Éducation & Formation,Kétou,+229 61 92 64 75,collègemétier@gmail.com,,PME (50-200),B2C,APIEx,,Actif,2026-06-29T00:22:55.160821,moyenne
BJ-2252237D,Diplôme Kétou,Éducation & Formation,Kétou,+229 53 50 81 43,d.kétou@diplômekétou.org.bj,diplômekétou.bj,PME (50-200),B2B,APIEx,,Actif,2026-06-29T00:22:55.160857,haute
BJ-C67948D8,Ingénierie Kétou,Éducation & Formation,Kétou,+229 93 10 62 33,ingénierie.kétou@yahoo.com,,TPE (<10),B2B,APIEx,,Actif,2026-06-29T00:22:55.160905,moyenne
BJ-0272E660,MBA,Éducation & Formation,Kétou,+229 35 49 80 81,mba@hotmail.com,mba.bj,PME (10-50),B2C,APIEx,,Actif,2026-06-29T00:22:55.160939,haute
BJ-CC5D2D19,Allemand,Éducation & Formation,Covè,+229 43 25 49 51,,allemand.bj,PME (10-50),B2B,APIEx,,Actif,2026-06-29T00:22:55.160977,moyenne
BJ-0E1C8DFD,Informatique Covè,Éducation & Formation,Covè,+229 62 64 10 55,informatique.covè@informatiquecov.org.bj,informatiquecovè.bj,TPE (<10),B2B,APIEx,,Actif,2026-06-29T00:22:55.161020,haute
BJ-0B703FE0,Savoir,Éducation & Formation,Covè,+229 52 28 31 30,savoir@yahoo.com,,Grande (>200),B2C,APIEx,,Actif,2026-06-29T00:22:55.161044,moyenne
BJ-2654E2B0,Collège Secondaire,Éducation & Formation,Covè,+229 45 24 95 16,,collègesecondaire.bj,PME (10-50),B2C,APIEx,,Actif,2026-06-29T00:22:55.161066,moyenne
BJ-83ED3A60,Droit,Éducation & Formation,Covè,+229 98 78 59 53,droit@hotmail.com,,PME (10-50),B2B,APIEx,,Actif,2026-06-29T00:22:55.161089,moyenne
BJ-6C5C86B4,Supérieur School,Éducation & Formation,Pobè,+229 70 41 56 80,s.school@supérieurschool.org.bj,,TPE (<10),B2B,APIEx,,Actif,2026-06-29T00:22:55.161135,moyenne
BJ-EEB28D99,École Privé Bénin,Éducation & Formation,Pobè,+229 75 17 24 70,école.privé@écoleprivébénin.bj,écoleprivébénin.bj,PME (10-50),B2B,APIEx,,Actif,2026-06-29T00:22:55.161175,haute
BJ-58FBEF3A,Médecine Institute Pobè,Éducation & Formation,Pobè,+229 88 40 97 29,médecine.institute@outlook.com,médecineinstitutepobè.bj,TPE (<10),B2C,APIEx,,Actif,2026-06-29T00:22:55.161237,haute
BJ-F42480CE,Technique University,Éducation & Formation,Pobè,+229 52 55 75 79,techniqueuniversity@hotmail.com,techniqueuniversity.bj,TPE (<10),B2C,APIEx,,Actif,2026-06-29T00:22:55.161275,haute
BJ-D872A46C,Lycée Supérieur Lycée,Éducation & Formation,Pobè,+229 30 57 89 59,lycéesupérieur@outlook.com,lycéesupérieurlycée.bj,PME (10-50),B2B,APIEx,,Actif,2026-06-29T00:22:55.161307,haute
BJ-CFB43B8D,Compétence,Éducation & Formation,Sakété,+229 47 42 36 30,compétence@gmail.com,compétence.bj,PME (10-50),B2B,APIEx,,Actif,2026-06-29T00:22:55.161349,haute
BJ-89917D47,Institut Doctorat University,Éducation & Formation,Sakété,+229 41 17 33 74,institutdoctorat@institutdoctora.bj,institutdoctoratuniversity.bj,PME (10-50),B2C,APIEx,,Actif,2026-06-29T00:22:55.161378,haute
BJ-1387EBC0,Académie Doctorat Institute Sakété,Éducation & Formation,Sakété,+229 43 70 78 17,académiedoctorat@hotmail.com,académiedoctoratinstitutesakété.bj,PME (10-50),B2B,APIEx,,Actif,2026-06-29T00:22:55.161407,haute
BJ-B6F54354,École Éducation International,Éducation & Formation,Sakété,+229 42 26 97 68,école.éducation@outlook.com,,Grande (>200),B2B,APIEx,,Actif,2026-06-29T00:22:55.161442,moyenne
BJ-2AC89BD0,Liberté Lycée Sakété,Éducation & Formation,Sakété,+229 82 63 63 86,liberté.lycée@yahoo.com,libertélycéesakété.bj,Grande (>200),B2B,APIEx,,Actif,2026-06-29T00:22:55.161473,haute
BJ-3E069254,Arabe Adjara,Éducation & Formation,Adjara,+229 35 22 54 86,arabeadjara@hotmail.com,arabeadjara.bj,PME (10-50),B2C,APIEx,,Actif,2026-06-29T00:22:55.161518,haute
BJ-822A60F6,Ingénierie,Éducation & Formation,Adjara,+229 67 97 13 94,ingénierie@ingénierie.com.bj,ingénierie.bj,PME (50-200),B2C,APIEx,,Actif,2026-06-29T00:22:55.161547,haute
BJ-454DFCFA,Institut Droit,Éducation & Formation,Adjara,+229 35 22 93 93,institutdroit@yahoo.fr,institutdroit.bj,TPE (<10),B2C,APIEx,,Actif,2026-06-29T00:22:55.161590,haute
BJ-AC68291C,Design Bénin,Éducation & Formation,Adjara,+229 37 28 24 24,d.bénin@designbénin.org.bj,designbénin.bj,PME (10-50),B2B,APIEx,,Actif,2026-06-29T00:22:55.161628,haute
BJ-52F7166B,Cours Primaire Bénin,Éducation & Formation,Adjara,+229 91 38 80 97,cours.primaire@coursprimairebé.com.bj,coursprimairebénin.bj,Grande (>200),B2C,APIEx,,Actif,2026-06-29T00:22:55.161678,haute
BJ-32BAC151,Langue,Éducation & Formation,Allada,+229 59 57 33 35,langue@yahoo.com,langue.bj,TPE (<10),B2C,APIEx,,Actif,2026-06-29T00:22:55.161726,haute
BJ-FA3AC9CC,Centre Business,Éducation & Formation,Allada,+229 96 93 26 84,centre.business@centrebusiness.com.bj,centrebusiness.bj,PME (50-200),B2C,APIEx,,Actif,2026-06-29T00:22:55.161753,haute
BJ-BA409108,Finance,Éducation & Formation,Allada,+229 48 69 37 59,finance@finance.bj,finance.bj,TPE (<10),B2B,APIEx,,Actif,2026-06-29T00:22:55.161777,haute
BJ-5760058F,Enseignement Protestant Institute,Éducation & Formation,Allada,+229 56 10 70 66,enseignement.protestant@enseignementpro.org.bj,enseignementprotestantinstitute.bj,TPE (<10),B2C,APIEx,,Actif,2026-06-29T00:22:55.161811,haute
BJ-F7BB0260,Licence Institute,Éducation & Formation,Allada,+229 59 38 58 75,l.institute@licenceinstitut.bj,licenceinstitute.bj,TPE (<10),B2C,APIEx,,Actif,2026-06-29T00:22:55.161836,haute
BJ-7B5D2DD4,Licence,Éducation & Formation,Aplahoué,+229 61 73 19 45,licence@licence.org.bj,,PME (10-50),B2B,APIEx,,Actif,2026-06-29T00:22:55.161913,moyenne
BJ-3E94F4A8,Design International Aplahoué,Éducation & Formation,Aplahoué,+229 40 31 50 13,d.international@designinternati.com.bj,designinternationalaplahoué.bj,PME (10-50),B2B,APIEx,,Actif,2026-06-29T00:22:55.161960,haute
BJ-6A1E9C9C,Art International,Éducation & Formation,Aplahoué,+229 81 66 18 47,a.international@artinternationa.com.bj,artinternational.bj,PME (50-200),B2B,APIEx,,Actif,2026-06-29T00:22:55.162001,haute
BJ-EC5BF6CB,Université Supérieur School,Éducation & Formation,Aplahoué,+229 75 29 75 67,universitésupérieur@universitésupér.com.bj,universitésupérieurschool.bj,TPE (<10),B2C,APIEx,,Actif,2026-06-29T00:22:55.162035,haute
BJ-EB4B2BDF,Institut Professionnel,Éducation & Formation,Aplahoué,+229 88 44 66 17,institutprofessionnel@yahoo.fr,institutprofessionnel.bj,PME (50-200),B2B,APIEx,,Actif,2026-06-29T00:22:55.162067,haute
BJ-1DFA73FA,Sport Dogbo-Tota,Éducation & Formation,Dogbo-Tota,+229 26 86 52 29,s.dogbo@hotmail.com,sportdogbotota.bj,PME (50-200),B2B,APIEx,,Actif,2026-06-29T00:22:55.162125,haute
BJ-3F61DC13,Académie Musique École Dogbo-Tota,Éducation & Formation,Dogbo-Tota,+229 72 86 43 88,académie_musique@yahoo.fr,académiemusiqueécoledogbotota.bj,TPE (<10),B2C,APIEx,,Actif,2026-06-29T00:22:55.162160,haute
BJ-AD4EA114,Centre Management Bénin,Éducation & Formation,Dogbo-Tota,+229 29 64 59 60,centremanagement@centremanagemen.org.bj,,TPE (<10),B2B,APIEx,,Actif,2026-06-29T00:22:55.162204,moyenne
BJ-35FBD381,Cours Excellence,Éducation & Formation,Dogbo-Tota,+229 94 54 58 35,c.excellence@gmail.com,coursexcellence.bj,PME (50-200),B2B,APIEx,,Actif,2026-06-29T00:22:55.162244,haute
BJ-77B1B7DB,Finance Dogbo-Tota,Éducation & Formation,Dogbo-Tota,+229 44 77 88 82,,financedogbotota.bj,PME (10-50),B2B,APIEx,,Actif,2026-06-29T00:22:55.162281,moyenne
BJ-909ED0A9,Musique École,Éducation & Formation,Kpomassè,+229 82 74 90 50,,,TPE (<10),B2B,APIEx,,Actif,2026-06-29T00:22:55.162337,basse
BJ-A105FFA8,Académie Certification Institute,Éducation & Formation,Kpomassè,+229 99 61 36 93,a.certification@yahoo.com,académiecertificationinstitute.bj,TPE (<10),B2B,APIEx,,Actif,2026-06-29T00:22:55.162368,haute
BJ-F05E442B,Ingénierie,Éducation & Formation,Kpomassè,+229 76 95 53 39,ingénierie@yahoo.com,ingénierie.bj,PME (10-50),B2B,APIEx,,Actif,2026-06-29T00:22:55.162410,haute
BJ-37094846,Collège Éducation Formation Kpomassè,Éducation & Formation,Kpomassè,+229 49 10 15 98,collège.éducation@yahoo.fr,collègeéducationformationkpomassè.bj,TPE (<10),B2B,APIEx,,Actif,2026-06-29T00:22:55.162455,haute
BJ-A126CDDE,Université Management,Éducation & Formation,Kpomassè,+229 98 61 62 39,université.management@outlook.com,universitémanagement.bj,TPE (<10),B2C,APIEx,,Actif,2026-06-29T00:22:55.162489,haute
BJ-AA82738D,Université Français,Éducation & Formation,Tori-Bossito,+229 81 37 22 55,université.français@yahoo.com,universitéfrançais.bj,PME (10-50),B2B,APIEx,,Actif,2026-06-29T00:22:55.162547,haute
BJ-26BA56E7,Institut Qualification Tori-Bossito,Éducation & Formation,Tori-Bossito,+229 57 23 64 25,institut.qualification@yahoo.com,institutqualificationtoribossito.bj,PME (50-200),B2C,APIEx,,Actif,2026-06-29T00:22:55.162587,haute
BJ-CB77561D,Lycée Communication,Éducation & Formation,Tori-Bossito,+229 22 24 14 38,lycéecommunication@yahoo.com,lycéecommunication.bj,PME (10-50),B2C,APIEx,,Actif,2026-06-29T00:22:55.162630,haute
BJ-63825D77,Centre Français Tori-Bossito,Éducation & Formation,Tori-Bossito,+229 49 78 62 27,centre.français@centrefrançaist.com.bj,centrefrançaistoribossito.bj,TPE (<10),B2B,APIEx,,Actif,2026-06-29T00:22:55.162672,haute
BJ-FAE3C105,Technique,Éducation & Formation,Tori-Bossito,+229 32 17 75 52,technique@yahoo.com,technique.bj,TPE (<10),B2C,APIEx,,Actif,2026-06-29T00:22:55.162697,haute
BJ-33CDBCEA,Cours Espagnol,Éducation & Formation,Grand-Popo,+229 58 49 49 29,coursespagnol@hotmail.com,coursespagnol.bj,PME (50-200),B2C,APIEx,,Actif,2026-06-29T00:22:55.162829,haute
BJ-547AF260,École Architecture,Éducation & Formation,Grand-Popo,+229 68 85 87 24,écolearchitecture@outlook.com,écolearchitecture.bj,PME (10-50),B2C,APIEx,,Actif,2026-06-29T00:22:55.162887,haute
BJ-A2448A45,Formation Espagnol International Athiémé,Éducation & Formation,Athiémé,+229 38 37 76 27,formation_espagnol@outlook.com,formationespagnolinternationalathiémé.bj,TPE (<10),B2B,APIEx,,Actif,2026-06-29T00:22:55.162966,haute
BJ-6D7F5876,Anglais School,Éducation & Formation,Athiémé,+229 68 32 83 54,,anglaisschool.bj,TPE (<10),B2B,APIEx,,Actif,2026-06-29T00:22:55.162989,moyenne
BJ-2F329AD1,Institut Sport,Éducation & Formation,Athiémé,+229 90 62 37 21,institutsport@institutsport.com.bj,institutsport.bj,Grande (>200),B2C,APIEx,,Actif,2026-06-29T00:22:55.163015,haute
BJ-AE9D6A8B,Centre Technique École Athiémé,Éducation & Formation,Athiémé,+229 96 77 44 44,centre.technique@centretechnique.bj,centretechniqueécoleathiémé.bj,PME (10-50),B2B,APIEx,,Actif,2026-06-29T00:22:55.163044,haute
BJ-573A1FEA,Formation Licence University,Éducation & Formation,Athiémé,+229 22 54 64 54,,formationlicenceuniversity.bj,Grande (>200),B2B,APIEx,,Actif,2026-06-29T00:22:55.163064,moyenne
BJ-A9676F94,Design,Éducation & Formation,Bopa,+229 55 27 47 74,design@design.bj,design.bj,TPE (<10),B2B,APIEx,,Actif,2026-06-29T00:22:55.163100,haute
BJ-82C777BF,École Communication Lycée,Éducation & Formation,Bopa,+229 62 47 93 50,écolecommunication@hotmail.com,écolecommunicationlycée.bj,TPE (<10),B2C,APIEx,,Actif,2026-06-29T00:22:55.163129,haute
BJ-E38FE66A,Collège Privé,Éducation & Formation,Bopa,+229 40 39 37 90,collègeprivé@hotmail.com,collègeprivé.bj,Grande (>200),B2B,APIEx,,Actif,2026-06-29T00:22:55.163196,haute
BJ-9F6874E6,Anglais,Éducation & Formation,Bopa,+229 97 67 12 85,anglais@yahoo.com,anglais.bj,PME (10-50),B2C,APIEx,,Actif,2026-06-29T00:22:55.163219,haute
BJ-83F27A49,Formation Sport,Éducation & Formation,Houéyogbé,+229 47 90 10 33,formation.sport@formationsport.org.bj,formationsport.bj,Grande (>200),B2B,APIEx,,Actif,2026-06-29T00:22:55.163263,haute
BJ-49AD437E,Enseignement Chinois École,Éducation & Formation,Houéyogbé,+229 71 76 56 13,enseignement.chinois@enseignementchi.bj,enseignementchinoisécole.bj,TPE (<10),B2C,APIEx,,Actif,2026-06-29T00:22:55.163298,haute
BJ-8F6794F7,Enseignement Qualification,Éducation & Formation,Houéyogbé,+229 97 90 32 97,enseignementqualification@yahoo.fr,enseignementqualification.bj,TPE (<10),B2C,APIEx,,Actif,2026-06-29T00:22:55.163336,haute
BJ-29787C29,Architecture,Éducation & Formation,Houéyogbé,+229 74 94 29 44,architecture@outlook.com,,PME (10-50),B2B,APIEx,,Actif,2026-06-29T00:22:55.163363,moyenne
BJ-6E4C7C39,Collège Technique,Éducation & Formation,Malanville,+229 34 95 87 38,collège.technique@hotmail.com,collègetechnique.bj,PME (10-50),B2B,APIEx,,Actif,2026-06-29T00:22:55.163437,haute
BJ-C28F4B60,Centre Apprentissage Formation Malanville,Éducation & Formation,Malanville,+229 81 48 78 26,centre.apprentissage@outlook.com,centreapprentissageformationmalanville.bj,PME (50-200),B2C,APIEx,,Actif,2026-06-29T00:22:55.163464,haute
BJ-8DDB551B,Médecine Training,Éducation & Formation,Malanville,+229 62 36 38 90,médecine.training@outlook.com,médecinetraining.bj,TPE (<10),B2C,APIEx,,Actif,2026-06-29T00:22:55.163507,haute
BJ-F569E4F7,Primaire,Éducation & Formation,Malanville,+229 61 14 58 83,primaire@outlook.com,primaire.bj,PME (10-50),B2C,APIEx,,Actif,2026-06-29T00:22:55.163531,haute
BJ-14FD07FF,Cours Pâtisserie École,Éducation & Formation,Malanville,+229 70 58 62 56,courspâtisserie@courspâtisserie.org.bj,,Grande (>200),B2C,APIEx,,Actif,2026-06-29T00:22:55.163566,moyenne
BJ-A513BB00,Institut Espagnol College Kandi,Éducation & Formation,Kandi,+229 60 87 96 65,institutespagnol@institutespagno.bj,institutespagnolcollegekandi.bj,TPE (<10),B2B,APIEx,,Actif,2026-06-29T00:22:55.163614,haute
BJ-9DBE956B,Droit School,Éducation & Formation,Kandi,+229 56 80 57 17,droit.school@yahoo.fr,droitschool.bj,PME (10-50),B2B,APIEx,,Actif,2026-06-29T00:22:55.163641,haute
BJ-84BCF60A,Cours Protestant Kandi,Éducation & Formation,Kandi,+229 53 86 93 32,,coursprotestantkandi.bj,PME (50-200),B2C,APIEx,,Actif,2026-06-29T00:22:55.163662,moyenne
BJ-BB29FE34,Université Ingénierie,Éducation & Formation,Kandi,+229 42 36 71 11,u.ingénierie@universitéingén.com.bj,,TPE (<10),B2C,APIEx,,Actif,2026-06-29T00:22:55.163692,moyenne
BJ-E802CE57,Secondaire Bénin,Éducation & Formation,Kandi,+229 79 45 88 87,secondaire.bénin@yahoo.com,secondairebénin.bj,TPE (<10),B2B,APIEx,,Actif,2026-06-29T00:22:55.163722,haute
BJ-ACB62130,Centre Langue College,Éducation & Formation,Banikoara,+229 78 41 44 72,centrelangue@centrelanguecol.com.bj,centrelanguecollege.bj,TPE (<10),B2B,APIEx,,Actif,2026-06-29T00:22:55.163768,haute
BJ-E590130B,Éducation Banikoara,Éducation & Formation,Banikoara,+229 33 65 89 61,,éducationbanikoara.bj,TPE (<10),B2C,APIEx,,Actif,2026-06-29T00:22:55.163827,moyenne
BJ-0CDD4424,Centre Technique,Éducation & Formation,Banikoara,+229 92 94 78 46,centretechnique@hotmail.com,,PME (50-200),B2B,APIEx,,Actif,2026-06-29T00:22:55.163854,moyenne
BJ-F52AD267,Design Formation,Éducation & Formation,Banikoara,+229 26 58 72 57,d.formation@yahoo.fr,designformation.bj,PME (10-50),B2C,APIEx,,Actif,2026-06-29T00:22:55.163887,haute
BJ-607AFC71,Lycée Finance Institute,Éducation & Formation,Ségbana,+229 20 45 94 64,lycée.finance@lycéefinanceins.bj,lycéefinanceinstitute.bj,PME (10-50),B2C,APIEx,,Actif,2026-06-29T00:22:55.163951,haute
BJ-9F10C961,Formation Architecture School,Éducation & Formation,Ségbana,+229 97 64 11 41,f.architecture@formationarchit.com.bj,formationarchitectureschool.bj,TPE (<10),B2B,APIEx,,Actif,2026-06-29T00:22:55.163981,haute
BJ-39153A88,Ingénierie École,Éducation & Formation,Ségbana,+229 97 66 32 19,ingénierieécole@hotmail.com,ingénierieécole.bj,TPE (<10),B2C,APIEx,,Actif,2026-06-29T00:22:55.164021,haute
BJ-AEB932A6,Cours International École,Éducation & Formation,Ségbana,+229 99 90 42 21,cours.international@hotmail.com,coursinternationalécole.bj,TPE (<10),B2C,APIEx,,Actif,2026-06-29T00:22:55.164055,haute
BJ-A7AAF79F,Formation Secondaire Lycée,Éducation & Formation,Ségbana,+229 49 40 79 72,f.secondaire@formationsecond.bj,,PME (10-50),B2C,APIEx,,Actif,2026-06-29T00:22:55.164096,moyenne
BJ-07C168B1,Cours Privé Karimama,Éducation & Formation,Karimama,+229 49 76 83 33,coursprivé@coursprivékarim.org.bj,coursprivékarimama.bj,PME (50-200),B2B,APIEx,,Actif,2026-06-29T00:22:55.164146,haute
BJ-E9A187D9,Business Academy,Éducation & Formation,Karimama,+229 23 38 91 77,business.academy@yahoo.fr,businessacademy.bj,TPE (<10),B2B,APIEx,,Actif,2026-06-29T00:22:55.164176,haute
BJ-72B4C6E9,Doctorat,Éducation & Formation,Karimama,+229 20 78 18 81,doctorat@yahoo.com,,TPE (<10),B2C,APIEx,,Actif,2026-06-29T00:22:55.164205,moyenne
BJ-62848AFE,Architecture,Éducation & Formation,Karimama,+229 22 61 47 23,architecture@gmail.com,architecture.bj,PME (50-200),B2B,APIEx,,Actif,2026-06-29T00:22:55.164231,haute
BJ-D3D9ED10,Institut Diplôme,Éducation & Formation,Karimama,+229 27 18 87 60,institutdiplôme@institutdiplôme.org.bj,institutdiplôme.bj,Grande (>200),B2B,APIEx,,Actif,2026-06-29T00:22:55.164260,haute
BJ-1296C98B,Marketing École,Éducation & Formation,Gogounou,+229 26 30 25 16,marketingécole@marketingécole.org.bj,marketingécole.bj,TPE (<10),B2B,APIEx,,Actif,2026-06-29T00:22:55.164301,haute
BJ-F8CC8AC3,Centre Pâtisserie College,Éducation & Formation,Gogounou,+229 89 17 49 22,c.pâtisserie@centrepâtisseri.org.bj,,TPE (<10),B2C,APIEx,,Actif,2026-06-29T00:22:55.164329,moyenne
BJ-C2A3B30D,Université Langue,Éducation & Formation,Gogounou,+229 47 28 10 98,,,PME (10-50),B2C,APIEx,,Actif,2026-06-29T00:22:55.164350,basse
BJ-96E45A11,Technique Institute,Éducation & Formation,Gogounou,+229 64 19 43 10,technique.institute@techniqueinstit.bj,techniqueinstitute.bj,PME (50-200),B2C,APIEx,,Actif,2026-06-29T00:22:55.164379,haute
BJ-513E25EF,Primaire Lycée Gogounou,Éducation & Formation,Gogounou,+229 43 38 17 23,primaire.lycée@yahoo.com,primairelycéegogounou.bj,PME (50-200),B2C,APIEx,,Actif,2026-06-29T00:22:55.164408,haute
BJ-60C43628,Collège Qualification Formation,Éducation & Formation,Cobly,+229 36 60 29 60,collègequalification@collègequalific.bj,collègequalificationformation.bj,PME (10-50),B2B,APIEx,,Actif,2026-06-29T00:22:55.164468,haute
BJ-CE60371B,Institut Qualification Cobly,Éducation & Formation,Cobly,+229 66 29 63 57,,institutqualificationcobly.bj,TPE (<10),B2B,APIEx,,Actif,2026-06-29T00:22:55.164491,moyenne
BJ-307D646D,Technique Cobly,Éducation & Formation,Cobly,+229 73 39 84 38,t.cobly@gmail.com,techniquecobly.bj,TPE (<10),B2C,APIEx,,Actif,2026-06-29T00:22:55.164534,haute
BJ-CCE224FA,Professionnel Bénin,Éducation & Formation,Cobly,+229 94 99 95 78,professionnel.bénin@professionnelbé.bj,,PME (10-50),B2C,APIEx,,Actif,2026-06-29T00:22:55.164602,moyenne
BJ-F19D8E80,Comptabilité School Tanguiéta,Éducation & Formation,Tanguiéta,+229 50 84 12 13,comptabilité.school@comptabilitésch.com.bj,comptabilitéschooltanguiéta.bj,TPE (<10),B2B,APIEx,,Actif,2026-06-29T00:22:55.164633,haute
BJ-640046E5,Institut Communication,Éducation & Formation,Tanguiéta,+229 55 19 50 64,institut.communication@institutcommuni.com.bj,institutcommunication.bj,PME (50-200),B2B,APIEx,,Actif,2026-06-29T00:22:55.164652,haute
BJ-2D756394,RH,Éducation & Formation,Tanguiéta,+229 71 74 26 60,rh@yahoo.fr,rh.bj,PME (50-200),B2C,APIEx,,Actif,2026-06-29T00:22:55.164683,haute
BJ-10665149,Académie Primaire International,Éducation & Formation,Tanguiéta,+229 61 85 54 70,académieprimaire@hotmail.com,académieprimaireinternational.bj,PME (50-200),B2B,APIEx,,Actif,2026-06-29T00:22:55.164701,haute
BJ-A64ECC1B,Lycée Espagnol Training,Éducation & Formation,Matéri,+229 90 96 74 12,l.espagnol@hotmail.com,lycéeespagnoltraining.bj,PME (10-50),B2C,APIEx,,Actif,2026-06-29T00:22:55.164725,haute
BJ-CF3F7EBC,Doctorat Lycée,Éducation & Formation,Matéri,+229 20 45 16 29,d.lycée@doctoratlycée.bj,,PME (50-200),B2B,APIEx,,Actif,2026-06-29T00:22:55.164743,moyenne
BJ-E34F521A,Formation Espagnol University Matéri,Éducation & Formation,Matéri,+229 78 56 99 95,formation_espagnol@yahoo.com,formationespagnoluniversitymatéri.bj,TPE (<10),B2B,APIEx,,Actif,2026-06-29T00:22:55.164765,haute
BJ-3034040E,Secondaire,Éducation & Formation,Matéri,+229 85 58 93 27,secondaire@yahoo.com,secondaire.bj,PME (50-200),B2B,APIEx,,Actif,2026-06-29T00:22:55.164780,haute
BJ-2E9FA1F9,Formation,Éducation & Formation,Matéri,+229 84 48 94 97,formation@formation.bj,formation.bj,PME (10-50),B2B,APIEx,,Actif,2026-06-29T00:22:55.164794,haute
BJ-360DAAA6,Académie Master Bénin Natitingou,Éducation & Formation,Natitingou,+229 34 47 49 22,,académiemasterbéninnatitingou.bj,PME (10-50),B2C,APIEx,,Actif,2026-06-29T00:22:55.164815,moyenne
BJ-400FF2EE,Lycée Médecine International Natitingou,Éducation & Formation,Natitingou,+229 61 46 66 79,l.médecine@lycéemédecinein.com.bj,lycéemédecineinternationalnatitingou.bj,Grande (>200),B2B,APIEx,,Actif,2026-06-29T00:22:55.164839,haute
BJ-7942338C,Primaire School,Éducation & Formation,Natitingou,+229 81 66 76 86,primaire.school@primaireschool.com.bj,primaireschool.bj,PME (10-50),B2B,APIEx,,Actif,2026-06-29T00:22:55.164860,haute
BJ-3ED48C66,Centre Excellence,Éducation & Formation,Natitingou,+229 27 95 37 35,centre.excellence@centreexcellenc.bj,,PME (10-50),B2B,APIEx,,Actif,2026-06-29T00:22:55.164876,moyenne
BJ-CA12B397,Enseignement Secondaire School,Éducation & Formation,Toucountouna,+229 90 78 82 80,enseignement.secondaire@enseignementsec.bj,enseignementsecondaireschool.bj,TPE (<10),B2C,APIEx,,Actif,2026-06-29T00:22:55.164951,haute
BJ-A2335FA2,Enseignement Sport Bénin,Éducation & Formation,Toucountouna,+229 52 19 62 22,enseignement.sport@gmail.com,enseignementsportbénin.bj,PME (10-50),B2C,APIEx,,Actif,2026-06-29T00:22:55.164970,haute
BJ-9D14BC48,Institut Ingénierie,Éducation & Formation,Toucountouna,+229 24 96 96 25,institutingénierie@gmail.com,,PME (50-200),B2C,APIEx,,Actif,2026-06-29T00:22:55.165007,moyenne
BJ-3A29291F,Catholique Academy,Éducation & Formation,Toucountouna,+229 29 70 76 88,catholique_academy@catholiqueacade.com.bj,catholiqueacademy.bj,TPE (<10),B2C,APIEx,,Actif,2026-06-29T00:22:55.165024,haute
BJ-74B8ECF9,Supérieur Boukoumbé,Éducation & Formation,Boukoumbé,+229 99 82 51 49,supérieurboukoumbé@yahoo.fr,supérieurboukoumbé.bj,PME (10-50),B2B,APIEx,,Actif,2026-06-29T00:22:55.165049,haute
BJ-3DFB8F74,Chinois College,Éducation & Formation,Boukoumbé,+229 89 51 20 63,chinoiscollege@yahoo.fr,chinoiscollege.bj,PME (50-200),B2C,APIEx,,Actif,2026-06-29T00:22:55.165066,haute
BJ-C3109C01,Centre Privé Training Boukoumbé,Éducation & Formation,Boukoumbé,+229 84 56 33 62,centreprivé@centreprivétrai.org.bj,,TPE (<10),B2C,APIEx,,Actif,2026-06-29T00:22:55.165084,moyenne
BJ-04BE4A2C,Doctorat Boukoumbé,Éducation & Formation,Boukoumbé,+229 42 31 81 33,doctoratboukoumbé@doctoratboukoum.bj,,Grande (>200),B2B,APIEx,,Actif,2026-06-29T00:22:55.165101,moyenne
BJ-7B53DA09,Centre Compétence Formation,Éducation & Formation,Kouandé,+229 34 29 51 95,centrecompétence@gmail.com,centrecompétenceformation.bj,TPE (<10),B2B,APIEx,,Actif,2026-06-29T00:22:55.165141,haute
BJ-D960EB48,Institut Sport Training,Éducation & Formation,Kouandé,+229 47 70 81 83,institut.sport@yahoo.com,institutsporttraining.bj,PME (50-200),B2B,APIEx,,Actif,2026-06-29T00:22:55.165157,haute
BJ-09DCAD8D,Master,Éducation & Formation,Kouandé,+229 97 94 79 18,master@master.org.bj,master.bj,TPE (<10),B2B,APIEx,,Actif,2026-06-29T00:22:55.165175,haute
BJ-E8454D66,Centre Management Training,Éducation & Formation,Kouandé,+229 93 74 26 10,centre.management@centremanagemen.com.bj,,PME (10-50),B2C,APIEx,,Actif,2026-06-29T00:22:55.165195,moyenne
BJ-D2FFF22E,Public University Kouandé,Éducation & Formation,Kouandé,+229 59 80 36 99,public.university@publicuniversit.com.bj,publicuniversitykouandé.bj,Grande (>200),B2B,APIEx,,Actif,2026-06-29T00:22:55.165217,haute
BJ-92197D5B,Métier,Éducation & Formation,Péhunco,+229 74 35 13 69,,métier.bj,PME (50-200),B2B,APIEx,,Actif,2026-06-29T00:22:55.165237,moyenne
BJ-569B5CA4,Collège Ingénierie Formation,Éducation & Formation,Péhunco,+229 59 38 86 89,c.ingénierie@collègeingénier.org.bj,collègeingénierieformation.bj,TPE (<10),B2B,APIEx,,Actif,2026-06-29T00:22:55.165255,haute
BJ-9C799616,Collège Médecine,Éducation & Formation,Péhunco,+229 72 72 10 85,collègemédecine@collègemédecine.com.bj,collègemédecine.bj,TPE (<10),B2B,APIEx,,Actif,2026-06-29T00:22:55.165272,haute
BJ-3D508323,Liberté Bénin,Éducation & Formation,Péhunco,+229 73 20 41 30,liberté.bénin@yahoo.fr,libertébénin.bj,TPE (<10),B2C,APIEx,,Actif,2026-06-29T00:22:55.165294,haute
BJ-DD2F12B3,Management College,Éducation & Formation,Péhunco,+229 32 91 59 29,management.college@hotmail.com,,TPE (<10),B2B,APIEx,,Actif,2026-06-29T00:22:55.165309,moyenne
BJ-6520BF0B,École Langue Tchaourou,Éducation & Formation,Tchaourou,+229 54 24 38 29,école.langue@écolelanguetcha.org.bj,écolelanguetchaourou.bj,PME (10-50),B2B,APIEx,,Actif,2026-06-29T00:22:55.165341,haute
BJ-BE65D13A,Enseignement Savoir École,Éducation & Formation,Tchaourou,+229 73 49 73 45,e.savoir@yahoo.fr,enseignementsavoirécole.bj,PME (10-50),B2B,APIEx,,Actif,2026-06-29T00:22:55.165359,haute
BJ-9BB2DF3C,Cours Pâtisserie,Éducation & Formation,Tchaourou,+229 88 11 13 31,c.pâtisserie@yahoo.fr,courspâtisserie.bj,PME (10-50),B2B,APIEx,,Actif,2026-06-29T00:22:55.165379,haute
BJ-7DC22FC7,Cours Catholique Training,Éducation & Formation,Tchaourou,+229 30 37 56 44,cours.catholique@yahoo.com,courscatholiquetraining.bj,Grande (>200),B2B,APIEx,,Actif,2026-06-29T00:22:55.165396,haute
BJ-580F4BFD,Cours Arabe,Éducation & Formation,Tchaourou,+229 25 83 20 41,coursarabe@gmail.com,,PME (50-200),B2B,APIEx,,Actif,2026-06-29T00:22:55.165412,moyenne
BJ-D18F894F,Académie Diplôme,Éducation & Formation,Nikki,+229 89 45 79 34,académiediplôme@académiediplôme.bj,académiediplôme.bj,PME (50-200),B2C,APIEx,,Actif,2026-06-29T00:22:55.165437,haute
BJ-4DB83A16,Finance School,Éducation & Formation,Nikki,+229 77 58 20 26,finance.school@gmail.com,financeschool.bj,TPE (<10),B2B,APIEx,,Actif,2026-06-29T00:22:55.165453,haute
BJ-7955E579,Qualification College,Éducation & Formation,Nikki,+229 73 83 48 87,qualification.college@yahoo.com,qualificationcollege.bj,PME (50-200),B2B,APIEx,,Actif,2026-06-29T00:22:55.165468,haute
BJ-568807FB,Lycée Catholique École Nikki,Éducation & Formation,Nikki,+229 39 88 33 14,l.catholique@hotmail.com,lycéecatholiqueécolenikki.bj,TPE (<10),B2B,APIEx,,Actif,2026-06-29T00:22:55.165486,haute
BJ-6C66CDE8,Enseignement Sport Nikki,Éducation & Formation,Nikki,+229 38 77 48 44,enseignement.sport@hotmail.com,enseignementsportnikki.bj,PME (10-50),B2B,APIEx,,Actif,2026-06-29T00:22:55.165502,haute
BJ-12D9F4B9,Centre Certification,Éducation & Formation,Bembéréké,+229 50 20 17 43,c.certification@yahoo.fr,centrecertification.bj,PME (50-200),B2B,APIEx,,Actif,2026-06-29T00:22:55.165524,haute
BJ-5D14E2D8,Université Public Institute,Éducation & Formation,Bembéréké,+229 85 93 22 84,universitépublic@universitépubli.com.bj,universitépublicinstitute.bj,Grande (>200),B2C,APIEx,,Actif,2026-06-29T00:22:55.165542,haute
BJ-F8D34796,Université Chinois Formation,Éducation & Formation,Bembéréké,+229 31 44 76 48,universitéchinois@universitéchino.org.bj,universitéchinoisformation.bj,PME (10-50),B2B,APIEx,,Actif,2026-06-29T00:22:55.165574,haute
BJ-C25AB1F2,Cours Comptabilité,Éducation & Formation,Bembéréké,+229 32 84 64 87,c.comptabilité@yahoo.fr,,PME (10-50),B2C,APIEx,,Actif,2026-06-29T00:22:55.165591,moyenne
BJ-35EF7865,MBA Kalalé,Éducation & Formation,Kalalé,+229 20 93 47 26,mba.kalalé@mbakalalé.bj,mbakalalé.bj,TPE (<10),B2C,APIEx,,Actif,2026-06-29T00:22:55.165631,haute
BJ-60AA9825,Centre National Lycée,Éducation & Formation,Kalalé,+229 55 41 76 46,centre_national@centrenationall.com.bj,centrenationallycée.bj,TPE (<10),B2C,APIEx,,Actif,2026-06-29T00:22:55.165649,haute
BJ-FE09225A,Éducation Institute Kalalé,Éducation & Formation,Kalalé,+229 87 66 12 77,é.institute@éducationinstit.org.bj,éducationinstitutekalalé.bj,TPE (<10),B2C,APIEx,,Actif,2026-06-29T00:22:55.165668,haute
BJ-1AEE7D01,École Éducation,Éducation & Formation,Kalalé,+229 89 36 38 94,é.éducation@écoleéducation.org.bj,écoleéducation.bj,TPE (<10),B2B,APIEx,,Actif,2026-06-29T00:22:55.165689,haute
BJ-79B386B4,Cours Cuisine Ndali,Éducation & Formation,Ndali,+229 37 52 21 22,c.cuisine@yahoo.com,courscuisinendali.bj,PME (50-200),B2B,APIEx,,Actif,2026-06-29T00:22:55.165728,haute
BJ-E9A0BF8A,Sport Bénin,Éducation & Formation,Ndali,+229 91 99 29 83,sport.bénin@gmail.com,sportbénin.bj,PME (10-50),B2B,APIEx,,Actif,2026-06-29T00:22:55.165746,haute
BJ-E8DFC0A2,Institut Connaissance Bénin,Éducation & Formation,Ndali,+229 57 63 66 29,i.connaissance@institutconnais.com.bj,institutconnaissancebénin.bj,TPE (<10),B2C,APIEx,,Actif,2026-06-29T00:22:55.165767,haute
BJ-68400DA7,Collège Privé Ndali,Éducation & Formation,Ndali,+229 64 24 93 49,collègeprivé@collègeprivénda.bj,collègeprivéndali.bj,PME (10-50),B2C,APIEx,,Actif,2026-06-29T00:22:55.165786,haute
BJ-8F020E97,Diplôme Lycée,Éducation & Formation,Ndali,+229 89 79 53 95,diplômelycée@hotmail.com,diplômelycée.bj,PME (10-50),B2C,APIEx,,Actif,2026-06-29T00:22:55.165802,haute
BJ-6B33E307,École Certification,Éducation & Formation,Ségbana,+229 38 28 16 19,é.certification@outlook.com,,Grande (>200),B2C,APIEx,,Actif,2026-06-29T00:22:55.165825,moyenne
BJ-A7DE7924,Centre International School,Éducation & Formation,Ségbana,+229 26 69 29 50,c.international@gmail.com,centreinternationalschool.bj,TPE (<10),B2B,APIEx,,Actif,2026-06-29T00:22:55.165843,haute
BJ-56DBE86B,Éducation College,Éducation & Formation,Ségbana,+229 72 62 80 48,éducation.college@éducationcolleg.bj,,PME (10-50),B2C,APIEx,,Actif,2026-06-29T00:22:55.165874,moyenne
BJ-FAA5BF8D,Lycée Secondaire,Éducation & Formation,Ségbana,+229 23 12 86 68,lycéesecondaire@yahoo.fr,,TPE (<10),B2C,APIEx,,Actif,2026-06-29T00:22:55.165912,moyenne
BJ-6476D7BB,Centre Droit,Éducation & Formation,Tchaourou,+229 56 84 31 52,,centredroit.bj,PME (10-50),B2C,APIEx,,Actif,2026-06-29T00:22:55.165936,moyenne
BJ-0CD283BD,Protestant Training,Éducation & Formation,Tchaourou,+229 44 74 90 27,,,TPE (<10),B2B,APIEx,,Actif,2026-06-29T00:22:55.165969,basse
BJ-25124219,Langue Academy,Éducation & Formation,Tchaourou,+229 63 48 26 13,langueacademy@yahoo.fr,langueacademy.bj,PME (50-200),B2C,APIEx,,Actif,2026-06-29T00:22:55.165985,haute
BJ-3FC1A627,Supérieur Tchaourou,Éducation & Formation,Tchaourou,+229 86 88 71 84,supérieur.tchaourou@supérieurtchaou.org.bj,supérieurtchaourou.bj,PME (10-50),B2B,APIEx,,Actif,2026-06-29T00:22:55.166003,haute
BJ-9718AA62,Collège Qualification,Éducation & Formation,Bétérou,+229 25 59 96 10,c.qualification@collègequalific.bj,collègequalification.bj,TPE (<10),B2B,APIEx,,Actif,2026-06-29T00:22:55.166029,haute
BJ-FF07A526,Institut Diplôme,Éducation & Formation,Bétérou,+229 44 26 27 65,i.diplôme@institutdiplôme.org.bj,institutdiplôme.bj,Grande (>200),B2B,APIEx,,Actif,2026-06-29T00:22:55.166047,haute
BJ-6F4D9E4E,Enseignement Excellence Training,Éducation & Formation,Bétérou,+229 55 47 36 38,,,PME (50-200),B2B,APIEx,,Actif,2026-06-29T00:22:55.166059,basse
BJ-7399F9E7,Université Primaire,Éducation & Formation,Bétérou,+229 94 95 39 94,universitéprimaire@universitéprima.com.bj,,Grande (>200),B2B,APIEx,,Actif,2026-06-29T00:22:55.166075,moyenne
BJ-FDEC3162,Professionnel,Éducation & Formation,Ouessè,+229 64 55 70 60,professionnel@professionnel.bj,professionnel.bj,PME (10-50),B2B,APIEx,,Actif,2026-06-29T00:22:55.166132,haute
BJ-60050786,Collège Sport Lycée Ouessè,Éducation & Formation,Ouessè,+229 57 16 29 14,collègesport@yahoo.com,collègesportlycéeouessè.bj,PME (10-50),B2C,APIEx,,Actif,2026-06-29T00:22:55.166154,haute
BJ-899A9D08,Enseignement Licence College,Éducation & Formation,Ouessè,+229 91 55 80 25,e.licence@enseignementlic.bj,,Grande (>200),B2C,APIEx,,Actif,2026-06-29T00:22:55.166171,moyenne
BJ-3B757962,Centre Communication International Ouessè,Éducation & Formation,Ouessè,+229 23 26 77 25,centrecommunication@centrecommunica.bj,centrecommunicationinternationalouessè.bj,Grande (>200),B2C,APIEx,,Actif,2026-06-29T00:22:55.166190,haute
BJ-50186A8F,MBA Glazoué,Éducation & Formation,Glazoué,+229 98 10 52 80,m.glazoué@gmail.com,mbaglazoué.bj,TPE (<10),B2C,APIEx,,Actif,2026-06-29T00:22:55.166213,haute
BJ-12FEEDA3,MBA École Glazoué,Éducation & Formation,Glazoué,+229 63 62 40 97,,mbaécoleglazoué.bj,Grande (>200),B2C,APIEx,,Actif,2026-06-29T00:22:55.166226,moyenne
BJ-E154BAAC,Formation Formation University,Éducation & Formation,Glazoué,+229 98 50 13 59,formation.formation@formationformat.bj,formationformationuniversity.bj,PME (50-200),B2B,APIEx,,Actif,2026-06-29T00:22:55.166247,haute
BJ-4C89E748,Master Lycée,Éducation & Formation,Glazoué,+229 21 42 27 98,masterlycée@masterlycée.org.bj,masterlycée.bj,TPE (<10),B2C,APIEx,,Actif,2026-06-29T00:22:55.166264,haute
BJ-D818C8A3,Savoir,Éducation & Formation,Glazoué,+229 40 83 69 92,savoir@outlook.com,savoir.bj,TPE (<10),B2B,APIEx,,Actif,2026-06-29T00:22:55.166278,haute
BJ-22F1B0E3,Métier Bénin,Éducation & Formation,Dassa-Zoumè,+229 37 64 13 69,métier.bénin@métierbénin.bj,métierbénin.bj,PME (10-50),B2C,APIEx,,Actif,2026-06-29T00:22:55.166302,haute
BJ-ABDFDA07,Université Qualification,Éducation & Formation,Dassa-Zoumè,+229 68 48 66 28,université.qualification@universitéquali.bj,universitéqualification.bj,PME (50-200),B2C,APIEx,,Actif,2026-06-29T00:22:55.166321,haute
BJ-CAE706F7,Formation National,Éducation & Formation,Dassa-Zoumè,+229 94 21 54 75,,,TPE (<10),B2B,APIEx,,Actif,2026-06-29T00:22:55.166335,basse
BJ-A7C96EAC,Collège Master,Éducation & Formation,Dassa-Zoumè,+229 87 22 58 99,collègemaster@outlook.com,collègemaster.bj,TPE (<10),B2C,APIEx,,Actif,2026-06-29T00:22:55.166353,haute
BJ-D318961D,Académie National Academy,Éducation & Formation,Dassa-Zoumè,+229 50 40 52 78,académienational@académienationa.org.bj,académienationalacademy.bj,TPE (<10),B2C,APIEx,,Actif,2026-06-29T00:22:55.166371,haute
BJ-20D0EB49,Formation RH College,Éducation & Formation,Savalou,+229 68 73 23 58,formation.college@yahoo.com,formationrhcollege.bj,TPE (<10),B2C,APIEx,,Actif,2026-06-29T00:22:55.166394,haute
BJ-FC7B011D,Doctorat School Savalou,Éducation & Formation,Savalou,+229 74 77 87 34,d.school@outlook.com,doctoratschoolsavalou.bj,PME (10-50),B2C,APIEx,,Actif,2026-06-29T00:22:55.166411,haute
BJ-CFCFC8B1,Académie Compétence,Éducation & Formation,Savalou,+229 24 66 76 93,académie.compétence@yahoo.fr,académiecompétence.bj,TPE (<10),B2C,APIEx,,Actif,2026-06-29T00:22:55.166432,haute
BJ-F2193D9A,Université Métier University,Éducation & Formation,Savalou,+229 32 84 45 51,université.métier@outlook.com,universitémétieruniversity.bj,TPE (<10),B2B,APIEx,,Actif,2026-06-29T00:22:55.166450,haute
BJ-63035765,Institut Droit,Éducation & Formation,Savalou,+229 27 97 63 95,i.droit@outlook.com,institutdroit.bj,PME (10-50),B2B,APIEx,,Actif,2026-06-29T00:22:55.166466,haute
BJ-ADBD547B,Formation Éducation International Bantè,Éducation & Formation,Bantè,+229 41 84 65 76,formation.éducation@yahoo.fr,formationéducationinternationalbantè.bj,PME (10-50),B2B,APIEx,,Actif,2026-06-29T00:22:55.166493,haute
BJ-15C61678,Cuisine,Éducation & Formation,Bantè,+229 48 56 27 59,cuisine@cuisine.com.bj,cuisine.bj,TPE (<10),B2C,APIEx,,Actif,2026-06-29T00:22:55.166511,haute
BJ-1A681731,Lycée Excellence,Éducation & Formation,Bantè,+229 46 58 37 84,lycée_excellence@lycéeexcellence.bj,,PME (50-200),B2B,APIEx,,Actif,2026-06-29T00:22:55.166531,moyenne
BJ-56829704,Master International Bantè,Éducation & Formation,Bantè,+229 78 13 88 19,,,PME (50-200),B2C,APIEx,,Actif,2026-06-29T00:22:55.166547,basse
BJ-43800719,Excellence Bantè,Éducation & Formation,Bantè,+229 69 94 64 69,e.bantè@excellencebantè.org.bj,excellencebantè.bj,PME (10-50),B2C,APIEx,,Actif,2026-06-29T00:22:55.166566,haute
BJ-3BE0BCCC,Architecture Djougou,Éducation & Formation,Djougou,+229 30 96 26 86,architecture.djougou@hotmail.com,architecturedjougou.bj,Grande (>200),B2C,APIEx,,Actif,2026-06-29T00:22:55.166590,haute
BJ-DC290ACB,Chinois,Éducation & Formation,Djougou,+229 28 51 30 22,chinois@chinois.com.bj,chinois.bj,PME (10-50),B2C,APIEx,,Actif,2026-06-29T00:22:55.166605,haute
BJ-A48034A8,Université Sport,Éducation & Formation,Djougou,+229 82 40 32 68,,universitésport.bj,Grande (>200),B2B,APIEx,,Actif,2026-06-29T00:22:55.166618,moyenne
BJ-8C819121,Formation Catholique,Éducation & Formation,Djougou,+229 75 57 73 15,formation.catholique@formationcathol.bj,formationcatholique.bj,Grande (>200),B2B,APIEx,,Actif,2026-06-29T00:22:55.166634,haute
BJ-C48D7E72,Arabe Academy,Éducation & Formation,Djougou,+229 66 97 16 17,arabeacademy@gmail.com,arabeacademy.bj,PME (10-50),B2C,APIEx,,Actif,2026-06-29T00:22:55.166650,haute
BJ-77D9CF6D,Formation International,Éducation & Formation,Ouèssè,+229 50 34 77 33,,,TPE (<10),B2C,APIEx,,Actif,2026-06-29T00:22:55.166669,basse
BJ-617CBEE4,Secondaire,Éducation & Formation,Ouèssè,+229 63 29 49 41,secondaire@yahoo.com,,TPE (<10),B2B,APIEx,,Actif,2026-06-29T00:22:55.166682,moyenne
BJ-A957D9AB,Marketing,Éducation & Formation,Ouèssè,+229 52 69 73 14,marketing@outlook.com,marketing.bj,PME (10-50),B2B,APIEx,,Actif,2026-06-29T00:22:55.166702,haute
BJ-4A70F3A8,Formation Allemand Lycée,Éducation & Formation,Ouèssè,+229 39 42 43 81,,,TPE (<10),B2C,APIEx,,Actif,2026-06-29T00:22:55.166729,basse
BJ-400AB8BF,Université Connaissance University,Éducation & Formation,Bassila,+229 64 95 86 18,université.connaissance@universitéconna.org.bj,,Grande (>200),B2B,APIEx,,Actif,2026-06-29T00:22:55.166754,moyenne
BJ-9BCBDE71,Centre Allemand École,Éducation & Formation,Bassila,+229 62 37 29 10,centre_allemand@centreallemandé.bj,centreallemandécole.bj,PME (10-50),B2C,APIEx,,Actif,2026-06-29T00:22:55.166790,haute
BJ-0D3D57ED,Université Éducation Bassila,Éducation & Formation,Bassila,+229 84 91 91 76,universitééducation@universitééduca.com.bj,universitééducationbassila.bj,PME (50-200),B2C,APIEx,,Actif,2026-06-29T00:22:55.166824,haute
BJ-B703CEFD,Langue Institute,Éducation & Formation,Pehunco,+229 53 72 53 53,,langueinstitute.bj,TPE (<10),B2B,APIEx,,Actif,2026-06-29T00:22:55.166844,moyenne
BJ-B155BF1F,Privé Institute,Éducation & Formation,Pehunco,+229 56 33 92 25,privéinstitute@yahoo.com,privéinstitute.bj,PME (10-50),B2C,APIEx,,Actif,2026-06-29T00:22:55.166861,haute
BJ-A568B650,Cuisine,Éducation & Formation,Pehunco,+229 86 38 70 83,cuisine@yahoo.com,cuisine.bj,TPE (<10),B2C,APIEx,,Actif,2026-06-29T00:22:55.166881,haute
BJ-FC1D49B3,Cours Business Lycée,Éducation & Formation,Pehunco,+229 70 73 71 40,cours.business@coursbusinessly.com.bj,coursbusinesslycée.bj,PME (50-200),B2C,APIEx,,Actif,2026-06-29T00:22:55.166927,haute
BJ-CF80EE94,Supérieur Bénin,Éducation & Formation,Pehunco,+229 49 99 17 42,supérieur.bénin@supérieurbénin.bj,,TPE (<10),B2B,APIEx,,Actif,2026-06-29T00:22:55.166947,moyenne
BJ-A3810122,Université Médecine,Éducation & Formation,Copargo,+229 21 75 16 74,,universitémédecine.bj,PME (50-200),B2C,APIEx,,Actif,2026-06-29T00:22:55.166970,moyenne
BJ-2DD20949,Doctorat,Éducation & Formation,Copargo,+229 83 89 44 75,doctorat@outlook.com,,Grande (>200),B2B,APIEx,,Actif,2026-06-29T00:22:55.166986,moyenne
BJ-FD48B65B,Université Finance,Éducation & Formation,Copargo,+229 88 29 44 49,u.finance@universitéfinan.com.bj,,PME (10-50),B2C,APIEx,,Actif,2026-06-29T00:22:55.167006,moyenne
BJ-2518736A,Formation Management,Éducation & Formation,Copargo,+229 77 62 25 19,f.management@formationmanage.com.bj,formationmanagement.bj,TPE (<10),B2B,APIEx,,Actif,2026-06-29T00:22:55.167023,haute
BJ-E496ECB7,École Ingénierie,Éducation & Formation,Copargo,+229 75 76 34 19,école.ingénierie@écoleingénierie.com.bj,écoleingénierie.bj,PME (10-50),B2C,APIEx,,Actif,2026-06-29T00:22:55.167046,haute
BJ-B6F72C04,AI AI,Technologie & IT,Cotonou,+229 42 29 14 41,aiai@aiai.bj,aiai.bj,TPE (<10),B2B,APIEx,,Actif,2026-06-29T00:22:55.167070,haute
BJ-13B40B08,Technologie SARL,Technologie & IT,Cotonou,+229 20 75 10 56,technologiesarl@yahoo.fr,technologiesarl.bj,PME (10-50),B2B,APIEx,,Actif,2026-06-29T00:22:55.167087,haute
BJ-BB945FEF,Data MySQL Tech,Technologie & IT,Cotonou,+229 71 79 31 16,datamysql@datamysqltech.org.bj,datamysqltech.bj,Grande (>200),B2B,APIEx,,Actif,2026-06-29T00:22:55.167108,haute
BJ-7328AE1A,Go Cotonou,Technologie & IT,Cotonou,+229 81 30 32 34,cotonou@gocotonou.org.bj,gocotonou.bj,TPE (<10),B2C,APIEx,,Actif,2026-06-29T00:22:55.167127,haute
BJ-1C492B46,Sys Linux,Technologie & IT,Cotonou,+229 64 19 50 82,syslinux@gmail.com,syslinux.bj,PME (10-50),B2C,APIEx,,Actif,2026-06-29T00:22:55.167143,haute
BJ-108BD7F1,Flutter Africa,Technologie & IT,Abomey-Calavi,+229 75 30 20 64,,flutterafrica.bj,PME (50-200),B2B,APIEx,,Actif,2026-06-29T00:22:55.167163,moyenne
BJ-0F990F00,Info Angular,Technologie & IT,Abomey-Calavi,+229 25 94 78 81,infoangular@hotmail.com,,TPE (<10),B2C,APIEx,,Actif,2026-06-29T00:22:55.167179,moyenne
BJ-CCECBE23,Internet,Technologie & IT,Abomey-Calavi,+229 57 42 68 29,internet@internet.org.bj,internet.bj,TPE (<10),B2B,APIEx,,Actif,2026-06-29T00:22:55.167193,haute
BJ-5C0AADD7,Kotlin Abomey-Calavi,Technologie & IT,Abomey-Calavi,+229 33 99 90 91,kotlinabomey@outlook.com,kotlinabomeycalavi.bj,TPE (<10),B2C,APIEx,,Actif,2026-06-29T00:22:55.167209,haute
BJ-A604F8C8,Cloud Digital,Technologie & IT,Abomey-Calavi,+229 39 99 65 29,cloud.digital@clouddigital.com.bj,clouddigital.bj,PME (10-50),B2C,APIEx,,Actif,2026-06-29T00:22:55.167224,haute
BJ-45DCB1B8,Cyber Frontend Porto-Novo,Technologie & IT,Porto-Novo,+229 65 52 30 60,cyberfrontend@outlook.com,cyberfrontendportonovo.bj,TPE (<10),B2B,APIEx,,Actif,2026-06-29T00:22:55.167250,haute
BJ-5DC50B75,Web Développement,Technologie & IT,Porto-Novo,+229 43 58 60 21,web.développement@webdéveloppemen.bj,webdéveloppement.bj,PME (50-200),B2C,APIEx,,Actif,2026-06-29T00:22:55.167270,haute
BJ-EABAEA34,App ERP SARL,Technologie & IT,Porto-Novo,+229 69 23 97 57,app.erp@apperpsarl.bj,apperpsarl.bj,PME (10-50),B2B,APIEx,,Actif,2026-06-29T00:22:55.167289,haute
BJ-04BE87BD,Sys AI,Technologie & IT,Porto-Novo,+229 31 89 98 76,sys@sysai.org.bj,sysai.bj,TPE (<10),B2C,APIEx,,Actif,2026-06-29T00:22:55.167305,haute
BJ-E9641B90,MongoDB Soft,Technologie & IT,Porto-Novo,+229 80 88 34 50,mongodb.soft@outlook.com,mongodbsoft.bj,Grande (>200),B2C,APIEx,,Actif,2026-06-29T00:22:55.167320,haute
BJ-FD25979A,Cyber Container International,Technologie & IT,Parakou,+229 34 51 39 54,cyber.container@gmail.com,cybercontainerinternational.bj,PME (10-50),B2C,APIEx,,Actif,2026-06-29T00:22:55.167343,haute
BJ-B3A84E12,Net CRM,Technologie & IT,Parakou,+229 59 18 65 17,netcrm@yahoo.com,,PME (10-50),B2C,APIEx,,Actif,2026-06-29T00:22:55.167359,moyenne
BJ-864E9681,Blockchain Works Parakou,Technologie & IT,Parakou,+229 34 88 24 70,blockchainworks@yahoo.fr,blockchainworksparakou.bj,PME (10-50),B2C,APIEx,,Actif,2026-06-29T00:22:55.167378,haute
BJ-3A47FC9B,Tech Android Digital,Technologie & IT,Parakou,+229 91 90 38 74,t.android@gmail.com,techandroiddigital.bj,PME (50-200),B2B,APIEx,,Actif,2026-06-29T00:22:55.167393,haute
BJ-48E1B5D7,Web Labs Parakou,Technologie & IT,Parakou,+229 89 59 97 75,web.labs@weblabsparakou.bj,,Grande (>200),B2B,APIEx,,Actif,2026-06-29T00:22:55.167408,moyenne
BJ-2C2F8F41,Cloud Docker Bénin,Technologie & IT,Bohicon,+229 38 37 95 75,c.docker@gmail.com,clouddockerbénin.bj,TPE (<10),B2C,APIEx,,Actif,2026-06-29T00:22:55.167448,haute
BJ-02E8E20F,REST,Technologie & IT,Bohicon,+229 50 24 52 32,rest@gmail.com,,PME (10-50),B2B,APIEx,,Actif,2026-06-29T00:22:55.167464,moyenne
BJ-B08D8202,App Kubernetes,Technologie & IT,Bohicon,+229 20 36 79 30,app.kubernetes@yahoo.com,appkubernetes.bj,TPE (<10),B2C,APIEx,,Actif,2026-06-29T00:22:55.167480,haute
BJ-D3084413,Security,Technologie & IT,Bohicon,+229 82 57 74 76,security@security.bj,security.bj,PME (10-50),B2B,APIEx,,Actif,2026-06-29T00:22:55.167495,haute
BJ-3FAB32CD,Cyber Cyber,Technologie & IT,Natitingou,+229 64 25 28 58,,cybercyber.bj,TPE (<10),B2B,APIEx,,Actif,2026-06-29T00:22:55.167514,moyenne
BJ-E78A15E1,App Microservices,Technologie & IT,Natitingou,+229 21 14 62 86,app_microservices@yahoo.com,appmicroservices.bj,PME (50-200),B2C,APIEx,,Actif,2026-06-29T00:22:55.167533,haute
BJ-3EE55D54,App IaaS Studios,Technologie & IT,Natitingou,+229 40 21 99 99,,appiaasstudios.bj,TPE (<10),B2B,APIEx,,Actif,2026-06-29T00:22:55.167545,moyenne
BJ-C561EF40,Oracle Systems,Technologie & IT,Natitingou,+229 44 93 79 49,oracle.systems@oraclesystems.org.bj,oraclesystems.bj,TPE (<10),B2C,APIEx,,Actif,2026-06-29T00:22:55.167561,haute
BJ-FBD82B37,Smart Python Hub,Technologie & IT,Natitingou,+229 26 97 40 74,smartpython@yahoo.fr,smartpythonhub.bj,Grande (>200),B2B,APIEx,,Actif,2026-06-29T00:22:55.167598,haute
BJ-B2798897,Sys CRM Tech,Technologie & IT,Lokossa,+229 99 12 54 75,s.crm@yahoo.fr,syscrmtech.bj,TPE (<10),B2C,APIEx,,Actif,2026-06-29T00:22:55.167634,haute
BJ-D9894961,Sys Docker,Technologie & IT,Lokossa,+229 81 10 29 79,,,PME (10-50),B2C,APIEx,,Actif,2026-06-29T00:22:55.167660,basse
BJ-E21B4ADF,Technologie Soft,Technologie & IT,Lokossa,+229 83 40 10 52,technologiesoft@technologiesoft.com.bj,technologiesoft.bj,TPE (<10),B2C,APIEx,,Actif,2026-06-29T00:22:55.167701,haute
BJ-430984BC,Info Ruby Hub,Technologie & IT,Lokossa,+229 39 33 99 89,info_ruby@yahoo.fr,inforubyhub.bj,PME (10-50),B2B,APIEx,,Actif,2026-06-29T00:22:55.167739,haute
BJ-A727D16D,Info Frontend SARL,Technologie & IT,Lokossa,+229 37 55 82 85,i.frontend@infofrontendsar.bj,infofrontendsarl.bj,Grande (>200),B2B,APIEx,,Actif,2026-06-29T00:22:55.167775,haute
BJ-D2B7A479,Intelligence,Technologie & IT,Ouidah,+229 22 39 46 95,intelligence@intelligence.com.bj,intelligence.bj,Grande (>200),B2B,APIEx,,Actif,2026-06-29T00:22:55.167818,haute
BJ-9DC86E4E,UX/UI,Technologie & IT,Ouidah,+229 42 14 20 36,ux/ui@yahoo.fr,ux/ui.bj,PME (50-200),B2C,APIEx,,Actif,2026-06-29T00:22:55.167847,haute
BJ-7F90F548,UX/UI Tech Ouidah,Technologie & IT,Ouidah,+229 27 64 18 76,,ux/uitechouidah.bj,PME (10-50),B2B,APIEx,,Actif,2026-06-29T00:22:55.167871,moyenne
BJ-CB6BCCF6,Crypto Works,Technologie & IT,Ouidah,+229 48 78 50 67,cryptoworks@cryptoworks.org.bj,cryptoworks.bj,PME (10-50),B2C,APIEx,,Actif,2026-06-29T00:22:55.167915,haute
BJ-D0A39325,Cyber macOS,Technologie & IT,Ouidah,+229 91 81 91 80,cybermacos@cybermacos.org.bj,cybermacos.bj,TPE (<10),B2B,APIEx,,Actif,2026-06-29T00:22:55.167942,haute
BJ-3617F881,Digital PaaS,Technologie & IT,Savalou,+229 72 16 69 57,digitalpaas@digitalpaas.org.bj,digitalpaas.bj,PME (10-50),B2B,APIEx,,Actif,2026-06-29T00:22:55.167980,haute
BJ-0C1C9802,Sys Technologie Systems,Technologie & IT,Savalou,+229 98 17 83 94,systechnologie@outlook.com,systechnologiesystems.bj,TPE (<10),B2C,APIEx,,Actif,2026-06-29T00:22:55.168004,haute
BJ-B33E180A,PHP Systems,Technologie & IT,Savalou,+229 49 71 24 37,phpsystems@outlook.com,phpsystems.bj,TPE (<10),B2B,APIEx,,Actif,2026-06-29T00:22:55.168042,haute
BJ-79FDE596,App Microservices,Technologie & IT,Savalou,+229 72 48 60 45,app.microservices@yahoo.com,appmicroservices.bj,PME (50-200),B2C,APIEx,,Actif,2026-06-29T00:22:55.168071,haute
BJ-49B14E9D,React Soft,Technologie & IT,Savalou,+229 31 42 26 62,r.soft@reactsoft.com.bj,reactsoft.bj,Grande (>200),B2B,APIEx,,Actif,2026-06-29T00:22:55.168104,haute
BJ-9E5EBCBC,C# Hub,Technologie & IT,Dassa-Zoumè,+229 93 22 71 92,hub@gmail.com,c#hub.bj,PME (50-200),B2B,APIEx,,Actif,2026-06-29T00:22:55.168150,haute
BJ-FDCDD190,Ruby Works,Technologie & IT,Dassa-Zoumè,+229 96 48 87 66,ruby.works@rubyworks.bj,rubyworks.bj,PME (10-50),B2B,APIEx,,Actif,2026-06-29T00:22:55.168184,haute
BJ-46BE7C99,Développement Studios,Technologie & IT,Dassa-Zoumè,+229 83 67 62 69,développementstudios@yahoo.com,développementstudios.bj,PME (50-200),B2B,APIEx,,Actif,2026-06-29T00:22:55.168217,haute
BJ-B6499B3F,Business Systems,Technologie & IT,Dassa-Zoumè,+229 71 14 84 44,b.systems@yahoo.com,businesssystems.bj,PME (10-50),B2B,APIEx,,Actif,2026-06-29T00:22:55.168244,haute
BJ-C49E1F3F,GraphQL Soft Dassa-Zoumè,Technologie & IT,Dassa-Zoumè,+229 41 53 63 29,graphqlsoft@outlook.com,graphqlsoftdassazoumè.bj,PME (10-50),B2C,APIEx,,Actif,2026-06-29T00:22:55.168272,haute
BJ-0B86DDAA,Web BI,Technologie & IT,Kétou,+229 72 20 88 90,web@outlook.com,webbi.bj,PME (50-200),B2B,APIEx,,Actif,2026-06-29T00:22:55.168310,haute
BJ-0B4C81BE,ERP Soft,Technologie & IT,Kétou,+229 97 59 70 55,erp.soft@erpsoft.com.bj,erpsoft.bj,TPE (<10),B2B,APIEx,,Actif,2026-06-29T00:22:55.168336,haute
BJ-5D411FF7,iOS,Technologie & IT,Kétou,+229 63 48 82 38,ios@ios.bj,ios.bj,PME (10-50),B2B,APIEx,,Actif,2026-06-29T00:22:55.168370,haute
BJ-47679CB1,Smart IaaS Studios Kétou,Technologie & IT,Kétou,+229 54 85 32 21,smart_iaas@smartiaasstudio.org.bj,smartiaasstudioskétou.bj,PME (10-50),B2B,APIEx,,Actif,2026-06-29T00:22:55.168402,haute
BJ-6893D72C,Data,Technologie & IT,Kétou,+229 98 40 19 20,data@yahoo.com,data.bj,TPE (<10),B2B,APIEx,,Actif,2026-06-29T00:22:55.168434,haute
BJ-97BD0475,Info PostgreSQL SARL,Technologie & IT,Covè,+229 21 42 36 24,info.postgresql@infopostgresqls.bj,infopostgresqlsarl.bj,TPE (<10),B2B,APIEx,,Actif,2026-06-29T00:22:55.168478,haute
BJ-F841D796,Cloud Rust Hub,Technologie & IT,Covè,+229 60 84 34 70,c.rust@cloudrusthub.bj,cloudrusthub.bj,Grande (>200),B2B,APIEx,,Actif,2026-06-29T00:22:55.168511,haute
BJ-051B4652,Kanban,Technologie & IT,Covè,+229 41 14 47 13,kanban@kanban.bj,kanban.bj,PME (10-50),B2C,APIEx,,Actif,2026-06-29T00:22:55.168534,haute
BJ-FC730277,Crypto SARL,Technologie & IT,Covè,+229 20 77 32 73,cryptosarl@hotmail.com,cryptosarl.bj,PME (50-200),B2B,APIEx,,Actif,2026-06-29T00:22:55.168560,haute
BJ-D2A8AE7E,Soft Things Bénin Covè,Technologie & IT,Covè,+229 71 73 74 11,softthings@softthingsbénin.com.bj,softthingsbénincovè.bj,TPE (<10),B2B,APIEx,,Actif,2026-06-29T00:22:55.168593,haute
BJ-A17FD048,Digital Deep,Technologie & IT,Pobè,+229 36 26 63 37,digitaldeep@outlook.com,digitaldeep.bj,PME (10-50),B2B,APIEx,,Actif,2026-06-29T00:22:55.168637,haute
BJ-B2A7B52F,Digital C++,Technologie & IT,Pobè,+229 60 86 53 16,d.c++@yahoo.com,digitalc++.bj,PME (10-50),B2B,APIEx,,Actif,2026-06-29T00:22:55.168663,haute
BJ-414AAC1D,AI Intelligence,Technologie & IT,Pobè,+229 54 14 97 58,intelligence@hotmail.com,aiintelligence.bj,PME (10-50),B2B,APIEx,,Actif,2026-06-29T00:22:55.168725,haute
BJ-BD5976B4,Tech Android Pobè,Technologie & IT,Pobè,+229 45 70 50 37,tech.android@yahoo.fr,techandroidpobè.bj,TPE (<10),B2B,APIEx,,Actif,2026-06-29T00:22:55.168772,haute
BJ-9D3BFA5A,Cyber Machine Africa,Technologie & IT,Pobè,+229 52 59 63 72,c.machine@cybermachineafr.bj,cybermachineafrica.bj,PME (10-50),B2B,APIEx,,Actif,2026-06-29T00:22:55.168810,haute
BJ-F8AD8A2C,Digital AI Hub,Technologie & IT,Sakété,+229 34 33 70 98,digital.hub@digitalaihub.org.bj,digitalaihub.bj,PME (10-50),B2B,APIEx,,Actif,2026-06-29T00:22:55.168865,haute
BJ-9B484D99,Swift Works,Technologie & IT,Sakété,+229 42 31 77 93,s.works@swiftworks.org.bj,swiftworks.bj,TPE (<10),B2B,APIEx,,Actif,2026-06-29T00:22:55.168912,haute
BJ-83A383B5,Tech Ethereum International,Technologie & IT,Sakété,+229 53 98 53 55,tech_ethereum@hotmail.com,techethereuminternational.bj,PME (50-200),B2B,APIEx,,Actif,2026-06-29T00:22:55.168949,haute
BJ-D644C536,MySQL Bénin,Technologie & IT,Sakété,+229 59 15 36 84,mysqlbénin@mysqlbénin.com.bj,mysqlbénin.bj,TPE (<10),B2C,APIEx,,Actif,2026-06-29T00:22:55.168982,haute
BJ-5C92C665,Sys Ethereum,Technologie & IT,Sakété,+229 83 49 83 77,sysethereum@yahoo.com,sysethereum.bj,TPE (<10),B2B,APIEx,,Actif,2026-06-29T00:22:55.169019,haute
BJ-031902F9,Sys API Solutions Adjara,Technologie & IT,Adjara,+229 70 76 79 77,sys.api@yahoo.fr,sysapisolutionsadjara.bj,PME (50-200),B2B,APIEx,,Actif,2026-06-29T00:22:55.169062,haute
BJ-9F5DD04B,Agile,Technologie & IT,Adjara,+229 91 18 38 48,agile@outlook.com,agile.bj,PME (50-200),B2B,APIEx,,Actif,2026-06-29T00:22:55.169091,haute
BJ-E2972A6B,Bitcoin,Technologie & IT,Adjara,+229 20 85 87 20,bitcoin@bitcoin.org.bj,bitcoin.bj,TPE (<10),B2B,APIEx,,Actif,2026-06-29T00:22:55.169132,haute
BJ-9474F0B6,Sys Big,Technologie & IT,Adjara,+229 98 94 75 44,s.big@sysbig.org.bj,sysbig.bj,TPE (<10),B2B,APIEx,,Actif,2026-06-29T00:22:55.169170,haute
BJ-FB45D900,Tech Linux,Technologie & IT,Adjara,+229 52 89 75 86,techlinux@outlook.com,techlinux.bj,TPE (<10),B2B,APIEx,,Actif,2026-06-29T00:22:55.169207,haute
BJ-7295F34D,CRM,Technologie & IT,Allada,+229 42 72 68 16,crm@crm.bj,crm.bj,TPE (<10),B2C,APIEx,,Actif,2026-06-29T00:22:55.169252,haute
BJ-2F1273DB,AI Backend,Technologie & IT,Allada,+229 51 82 27 29,backend@yahoo.fr,aibackend.bj,PME (10-50),B2B,APIEx,,Actif,2026-06-29T00:22:55.169280,haute
BJ-98CBD296,CRM Bénin,Technologie & IT,Allada,+229 54 72 63 50,crmbénin@crmbénin.bj,crmbénin.bj,TPE (<10),B2B,APIEx,,Actif,2026-06-29T00:22:55.169322,haute
BJ-AD170C0C,Security Works,Technologie & IT,Allada,+229 73 91 96 18,security.works@securityworks.com.bj,securityworks.bj,TPE (<10),B2B,APIEx,,Actif,2026-06-29T00:22:55.169358,haute
BJ-BCC7C2C4,Info Application,Technologie & IT,Allada,+229 33 87 97 93,i.application@infoapplication.com.bj,infoapplication.bj,PME (50-200),B2B,APIEx,,Actif,2026-06-29T00:22:55.169397,haute
BJ-A12F23C0,Info Oracle,Technologie & IT,Aplahoué,+229 29 18 83 95,info_oracle@yahoo.com,infooracle.bj,TPE (<10),B2C,APIEx,,Actif,2026-06-29T00:22:55.169452,haute
BJ-CBCDCD2C,Soft Kanban Aplahoué,Technologie & IT,Aplahoué,+229 84 38 90 51,s.kanban@yahoo.com,softkanbanaplahoué.bj,PME (50-200),B2B,APIEx,,Actif,2026-06-29T00:22:55.169502,haute
BJ-AF060D1D,C# Digital,Technologie & IT,Aplahoué,+229 89 78 30 48,digital@c#digital.com.bj,c#digital.bj,Grande (>200),B2C,APIEx,,Actif,2026-06-29T00:22:55.169544,haute
BJ-5E0F9858,Digital Oracle Aplahoué,Technologie & IT,Aplahoué,+229 85 91 55 42,digital.oracle@digitaloracleap.org.bj,digitaloracleaplahoué.bj,PME (50-200),B2B,APIEx,,Actif,2026-06-29T00:22:55.169612,haute
BJ-2589AA24,Cyber,Technologie & IT,Aplahoué,+229 96 21 93 17,cyber@cyber.com.bj,cyber.bj,TPE (<10),B2B,APIEx,,Actif,2026-06-29T00:22:55.169651,haute
BJ-1A212B7F,Soft Swift,Technologie & IT,Dogbo-Tota,+229 59 19 48 28,softswift@softswift.com.bj,softswift.bj,TPE (<10),B2B,APIEx,,Actif,2026-06-29T00:22:55.169710,haute
BJ-5608EEEC,Ruby,Technologie & IT,Dogbo-Tota,+229 89 89 49 99,ruby@gmail.com,ruby.bj,PME (10-50),B2C,APIEx,,Actif,2026-06-29T00:22:55.169744,haute
BJ-8AA356D7,App Database,Technologie & IT,Dogbo-Tota,+229 87 35 48 82,app.database@appdatabase.org.bj,appdatabase.bj,TPE (<10),B2B,APIEx,,Actif,2026-06-29T00:22:55.169774,haute
BJ-84F966DB,Vue,Technologie & IT,Dogbo-Tota,+229 98 17 55 92,vue@gmail.com,vue.bj,PME (50-200),B2B,APIEx,,Actif,2026-06-29T00:22:55.169812,haute
BJ-45B06A3B,Info Angular,Technologie & IT,Dogbo-Tota,+229 21 57 59 27,i.angular@infoangular.com.bj,infoangular.bj,PME (50-200),B2B,APIEx,,Actif,2026-06-29T00:22:55.169851,haute
BJ-96E54F82,Soft PostgreSQL,Technologie & IT,Kpomassè,+229 66 10 11 48,soft.postgresql@yahoo.fr,softpostgresql.bj,Grande (>200),B2B,APIEx,,Actif,2026-06-29T00:22:55.169922,haute
BJ-56938847,Cyber Cyber,Technologie & IT,Kpomassè,+229 83 66 10 34,cyber.cyber@cybercyber.com.bj,cybercyber.bj,TPE (<10),B2C,APIEx,,Actif,2026-06-29T00:22:55.169953,haute
BJ-03EFE5BB,Vue Kpomassè,Technologie & IT,Kpomassè,+229 46 82 54 70,vue.kpomassè@vuekpomassè.bj,vuekpomassè.bj,PME (50-200),B2B,APIEx,,Actif,2026-06-29T00:22:55.169979,haute
BJ-4D45BA7B,Info Informatique,Technologie & IT,Kpomassè,+229 27 84 29 63,info.informatique@outlook.com,infoinformatique.bj,TPE (<10),B2C,APIEx,,Actif,2026-06-29T00:22:55.170000,haute
BJ-FC3C9533,Data GraphQL,Technologie & IT,Kpomassè,+229 52 64 95 21,datagraphql@datagraphql.com.bj,datagraphql.bj,PME (10-50),B2B,APIEx,,Actif,2026-06-29T00:22:55.170017,haute
BJ-5C8D6012,Sys UX/UI Solutions,Technologie & IT,Tori-Bossito,+229 76 16 87 59,sys.ux/ui@sysux/uisolutio.bj,sysux/uisolutions.bj,Grande (>200),B2C,APIEx,,Actif,2026-06-29T00:22:55.170044,haute
BJ-B5993450,Sys Things,Technologie & IT,Tori-Bossito,+229 71 38 54 43,sys.things@systhings.com.bj,systhings.bj,PME (10-50),B2C,APIEx,,Actif,2026-06-29T00:22:55.170061,haute
BJ-F6A0A52A,Android SARL,Technologie & IT,Tori-Bossito,+229 57 17 21 44,androidsarl@hotmail.com,androidsarl.bj,PME (10-50),B2C,APIEx,,Actif,2026-06-29T00:22:55.170077,haute
BJ-914EA2E3,API Tech,Technologie & IT,Tori-Bossito,+229 22 60 85 15,a.tech@apitech.bj,apitech.bj,TPE (<10),B2C,APIEx,,Actif,2026-06-29T00:22:55.170093,haute
BJ-595D5B43,Web Digital,Technologie & IT,Tori-Bossito,+229 48 19 61 39,webdigital@webdigital.org.bj,webdigital.bj,PME (50-200),B2C,APIEx,,Actif,2026-06-29T00:22:55.170109,haute
BJ-47892CD8,JavaScript Bénin,Technologie & IT,Grand-Popo,+229 75 31 89 38,javascript.bénin@javascriptbénin.bj,javascriptbénin.bj,PME (10-50),B2C,APIEx,,Actif,2026-06-29T00:22:55.170135,haute
BJ-FFA0E3C7,CRM Studios Grand-Popo,Technologie & IT,Grand-Popo,+229 49 96 66 35,crmstudios@crmstudiosgrand.bj,crmstudiosgrandpopo.bj,Grande (>200),B2B,APIEx,,Actif,2026-06-29T00:22:55.170153,haute
BJ-E53BB991,Soft Crypto Soft,Technologie & IT,Grand-Popo,+229 21 12 79 95,softcrypto@softcryptosoft.bj,softcryptosoft.bj,PME (50-200),B2B,APIEx,,Actif,2026-06-29T00:22:55.170172,haute
BJ-2EDD7E48,Deep Grand-Popo,Technologie & IT,Grand-Popo,+229 81 86 81 99,d.grand@deepgrandpopo.bj,deepgrandpopo.bj,PME (10-50),B2B,APIEx,,Actif,2026-06-29T00:22:55.170189,haute
BJ-A6A4FD2B,Info Vue,Technologie & IT,Grand-Popo,+229 53 47 57 85,infovue@infovue.org.bj,infovue.bj,TPE (<10),B2B,APIEx,,Actif,2026-06-29T00:22:55.170205,haute
BJ-38BBC9E0,App Informatique Tech,Technologie & IT,Athiémé,+229 55 30 43 89,,appinformatiquetech.bj,TPE (<10),B2B,APIEx,,Actif,2026-06-29T00:22:55.170228,moyenne
BJ-3BA5AFE7,Learning International,Technologie & IT,Athiémé,+229 22 58 21 14,learning.international@gmail.com,learninginternational.bj,PME (50-200),B2C,APIEx,,Actif,2026-06-29T00:22:55.170252,haute
BJ-0A45AC8E,Kanban Athiémé,Technologie & IT,Athiémé,+229 61 36 24 22,kanbanathiémé@kanbanathiémé.com.bj,kanbanathiémé.bj,PME (50-200),B2B,APIEx,,Actif,2026-06-29T00:22:55.170271,haute
BJ-FD3F78B8,Info Android Athiémé,Technologie & IT,Athiémé,+229 92 99 51 96,i.android@hotmail.com,,PME (10-50),B2C,APIEx,,Actif,2026-06-29T00:22:55.170289,moyenne
BJ-80A7B8FC,AI Agile Digital,Technologie & IT,Athiémé,+229 29 10 81 84,a.digital@yahoo.fr,aiagiledigital.bj,PME (10-50),B2B,APIEx,,Actif,2026-06-29T00:22:55.170305,haute
BJ-FE3FDD22,Info PaaS Bénin,Technologie & IT,Bopa,+229 74 37 98 63,infopaas@infopaasbénin.com.bj,,TPE (<10),B2B,APIEx,,Actif,2026-06-29T00:22:55.170330,moyenne
BJ-2D5B9100,Cloud Agile Soft,Technologie & IT,Bopa,+229 81 92 33 91,c.agile@gmail.com,cloudagilesoft.bj,TPE (<10),B2C,APIEx,,Actif,2026-06-29T00:22:55.170346,haute
BJ-5481CF31,PaaS Studios Bopa,Technologie & IT,Bopa,+229 42 54 58 94,paas.studios@paasstudiosbopa.com.bj,paasstudiosbopa.bj,PME (10-50),B2C,APIEx,,Actif,2026-06-29T00:22:55.170366,haute
BJ-790618F9,Tech Mobile Digital Bopa,Technologie & IT,Bopa,+229 92 68 17 84,tech.mobile@gmail.com,techmobiledigitalbopa.bj,TPE (<10),B2C,APIEx,,Actif,2026-06-29T00:22:55.170383,haute
BJ-85921EAA,Scrum International Bopa,Technologie & IT,Bopa,+229 24 41 56 49,scrum.international@outlook.com,scruminternationalbopa.bj,TPE (<10),B2C,APIEx,,Actif,2026-06-29T00:22:55.170399,haute
BJ-EE9A15AA,Soft Things,Technologie & IT,Houéyogbé,+229 61 76 12 65,soft.things@hotmail.com,softthings.bj,PME (10-50),B2C,APIEx,,Actif,2026-06-29T00:22:55.170423,haute
BJ-B0693BC1,Digital Java,Technologie & IT,Houéyogbé,+229 32 26 45 60,digital.java@outlook.com,digitaljava.bj,TPE (<10),B2B,APIEx,,Actif,2026-06-29T00:22:55.170439,haute
BJ-05363C1A,Net C#,Technologie & IT,Houéyogbé,+229 85 24 65 48,net@yahoo.com,netc#.bj,PME (10-50),B2B,APIEx,,Actif,2026-06-29T00:22:55.170454,haute
BJ-76BBE635,Net Business Africa,Technologie & IT,Houéyogbé,+229 35 59 49 30,n.business@netbusinessafri.bj,netbusinessafrica.bj,TPE (<10),B2C,APIEx,,Actif,2026-06-29T00:22:55.170474,haute
BJ-4DB77DE6,Sys Android,Technologie & IT,Malanville,+229 20 65 92 55,,sysandroid.bj,Grande (>200),B2B,APIEx,,Actif,2026-06-29T00:22:55.170507,moyenne
BJ-D2BBEC32,AI Android,Technologie & IT,Malanville,+229 71 33 36 84,android@outlook.com,aiandroid.bj,Grande (>200),B2B,APIEx,,Actif,2026-06-29T00:22:55.170522,haute
BJ-8B936C20,Cyber CRM,Technologie & IT,Malanville,+229 45 28 36 48,cyber.crm@cybercrm.com.bj,cybercrm.bj,TPE (<10),B2C,APIEx,,Actif,2026-06-29T00:22:55.170541,haute
BJ-5856266A,Net UX/UI Tech,Technologie & IT,Malanville,+229 94 77 30 75,n.ux/ui@yahoo.com,netux/uitech.bj,PME (50-200),B2B,APIEx,,Actif,2026-06-29T00:22:55.170557,haute
BJ-20B07B8D,Fullstack,Technologie & IT,Malanville,+229 76 20 44 98,fullstack@gmail.com,fullstack.bj,Grande (>200),B2C,APIEx,,Actif,2026-06-29T00:22:55.170570,haute
BJ-0E4B8D50,Oracle Digital Kandi,Technologie & IT,Kandi,+229 40 36 37 85,,oracledigitalkandi.bj,PME (10-50),B2B,APIEx,,Actif,2026-06-29T00:22:55.170589,moyenne
BJ-E2659696,Data Things Solutions,Technologie & IT,Kandi,+229 45 51 25 58,,datathingssolutions.bj,TPE (<10),B2C,APIEx,,Actif,2026-06-29T00:22:55.170616,moyenne
BJ-CAC0383A,Security Systems,Technologie & IT,Kandi,+229 51 45 73 19,security.systems@yahoo.fr,securitysystems.bj,Grande (>200),B2C,APIEx,,Actif,2026-06-29T00:22:55.170632,haute
BJ-9BC7B7E5,iOS Kandi,Technologie & IT,Kandi,+229 62 94 30 61,ios.kandi@yahoo.com,ioskandi.bj,Grande (>200),B2C,APIEx,,Actif,2026-06-29T00:22:55.170649,haute
BJ-234996AD,App Deep Banikoara,Technologie & IT,Banikoara,+229 65 12 95 44,app.deep@appdeepbanikoar.bj,,TPE (<10),B2C,APIEx,,Actif,2026-06-29T00:22:55.170671,moyenne
BJ-71E306C8,Cyber ERP,Technologie & IT,Banikoara,+229 83 27 27 91,,cybererp.bj,PME (10-50),B2C,APIEx,,Actif,2026-06-29T00:22:55.170687,moyenne
BJ-8217F1BE,Cyber Container Works Banikoara,Technologie & IT,Banikoara,+229 80 99 85 14,cyber.container@cybercontainerw.org.bj,cybercontainerworksbanikoara.bj,TPE (<10),B2B,APIEx,,Actif,2026-06-29T00:22:55.170710,haute
BJ-09262167,Soft ERP,Technologie & IT,Banikoara,+229 64 48 73 34,,softerp.bj,TPE (<10),B2C,APIEx,,Actif,2026-06-29T00:22:55.170722,moyenne
BJ-79F76065,Digital Logiciel Works,Technologie & IT,Banikoara,+229 35 52 12 36,digital.logiciel@hotmail.com,digitallogicielworks.bj,Grande (>200),B2B,APIEx,,Actif,2026-06-29T00:22:55.170738,haute
BJ-EFAA9563,MongoDB,Technologie & IT,Ségbana,+229 57 48 40 26,mongodb@gmail.com,mongodb.bj,PME (10-50),B2B,APIEx,,Actif,2026-06-29T00:22:55.170758,haute
BJ-59A18374,Go Labs,Technologie & IT,Ségbana,+229 74 87 35 10,labs@yahoo.com,golabs.bj,PME (50-200),B2B,APIEx,,Actif,2026-06-29T00:22:55.170772,haute
BJ-94D311F7,Tech Bitcoin,Technologie & IT,Ségbana,+229 94 24 83 96,tech.bitcoin@techbitcoin.org.bj,techbitcoin.bj,PME (10-50),B2B,APIEx,,Actif,2026-06-29T00:22:55.170789,haute
BJ-A6FE8E24,IoT,Technologie & IT,Ségbana,+229 95 83 45 85,iot@iot.bj,iot.bj,PME (10-50),B2B,APIEx,,Actif,2026-06-29T00:22:55.170803,haute
BJ-07DA8BD4,Serverless Hub,Technologie & IT,Ségbana,+229 84 20 74 20,serverless_hub@serverlesshub.com.bj,serverlesshub.bj,PME (50-200),B2B,APIEx,,Actif,2026-06-29T00:22:55.170819,haute
BJ-7E4CE653,App Web Systems,Technologie & IT,Karimama,+229 26 10 80 96,app.web@yahoo.fr,appwebsystems.bj,TPE (<10),B2C,APIEx,,Actif,2026-06-29T00:22:55.170841,haute
BJ-2FD258E0,Cloud Rust,Technologie & IT,Karimama,+229 69 42 34 63,cloudrust@cloudrust.com.bj,,PME (10-50),B2C,APIEx,,Actif,2026-06-29T00:22:55.170856,moyenne
BJ-1FBE5E53,Cyber Big SARL,Technologie & IT,Karimama,+229 67 59 58 29,cyberbig@cyberbigsarl.com.bj,cyberbigsarl.bj,TPE (<10),B2B,APIEx,,Actif,2026-06-29T00:22:55.170875,haute
BJ-AC3088E2,Sys Learning Digital,Technologie & IT,Karimama,+229 66 61 26 70,sys.learning@gmail.com,syslearningdigital.bj,PME (10-50),B2B,APIEx,,Actif,2026-06-29T00:22:55.170907,haute
BJ-BECD7569,C# Soft,Technologie & IT,Karimama,+229 43 74 54 76,soft@gmail.com,c#soft.bj,PME (10-50),B2B,APIEx,,Actif,2026-06-29T00:22:55.170923,haute
BJ-B06056EB,BI International,Technologie & IT,Gogounou,+229 87 87 23 34,international@hotmail.com,biinternational.bj,PME (50-200),B2B,APIEx,,Actif,2026-06-29T00:22:55.170944,haute
BJ-1175573C,Sys Application Works,Technologie & IT,Gogounou,+229 65 75 52 40,sys.application@sysapplicationw.bj,sysapplicationworks.bj,PME (50-200),B2C,APIEx,,Actif,2026-06-29T00:22:55.170960,haute
BJ-765E2053,Database Solutions,Technologie & IT,Gogounou,+229 73 95 31 36,databasesolutions@databasesolutio.bj,databasesolutions.bj,PME (50-200),B2C,APIEx,,Actif,2026-06-29T00:22:55.170976,haute
BJ-E5D93D57,Data macOS,Technologie & IT,Gogounou,+229 31 36 61 40,d.macos@datamacos.com.bj,datamacos.bj,PME (50-200),B2C,APIEx,,Actif,2026-06-29T00:22:55.171004,haute
BJ-6A148490,Sys Application Studios,Technologie & IT,Cobly,+229 51 66 62 69,sysapplication@sysapplications.bj,sysapplicationstudios.bj,Grande (>200),B2C,APIEx,,Actif,2026-06-29T00:22:55.171026,haute
BJ-C86AE624,NoSQL Labs,Technologie & IT,Cobly,+229 41 68 28 23,nosql.labs@nosqllabs.org.bj,nosqllabs.bj,TPE (<10),B2B,APIEx,,Actif,2026-06-29T00:22:55.171041,haute
BJ-B8EB9635,GraphQL Hub,Technologie & IT,Cobly,+229 62 49 85 16,,graphqlhub.bj,TPE (<10),B2B,APIEx,,Actif,2026-06-29T00:22:55.171057,moyenne
BJ-23E7B53D,Digital Data,Technologie & IT,Cobly,+229 79 85 79 59,digitaldata@yahoo.com,digitaldata.bj,PME (10-50),B2B,APIEx,,Actif,2026-06-29T00:22:55.171073,haute
BJ-C5AFFE09,Net PostgreSQL Soft,Technologie & IT,Cobly,+229 55 71 39 95,net.postgresql@gmail.com,netpostgresqlsoft.bj,TPE (<10),B2C,APIEx,,Actif,2026-06-29T00:22:55.171088,haute
BJ-85391396,Intelligence,Technologie & IT,Tanguiéta,+229 82 87 63 44,intelligence@intelligence.org.bj,intelligence.bj,PME (50-200),B2C,APIEx,,Actif,2026-06-29T00:22:55.171108,haute
BJ-33BAC7E6,Blockchain,Technologie & IT,Tanguiéta,+229 60 67 58 82,blockchain@blockchain.com.bj,blockchain.bj,PME (10-50),B2C,APIEx,,Actif,2026-06-29T00:22:55.171122,haute
BJ-788E385F,macOS International Tanguiéta,Technologie & IT,Tanguiéta,+229 26 66 49 63,m.international@macosinternatio.org.bj,macosinternationaltanguiéta.bj,PME (50-200),B2C,APIEx,,Actif,2026-06-29T00:22:55.171146,haute
BJ-C100B948,Sys Analytics,Technologie & IT,Tanguiéta,+229 40 99 66 98,sys_analytics@sysanalytics.bj,sysanalytics.bj,PME (50-200),B2B,APIEx,,Actif,2026-06-29T00:22:55.171163,haute
BJ-A6CA0C4B,iOS Tanguiéta,Technologie & IT,Tanguiéta,+229 65 13 35 42,iostanguiéta@iostanguiéta.org.bj,iostanguiéta.bj,Grande (>200),B2C,APIEx,,Actif,2026-06-29T00:22:55.171185,haute
BJ-E6BC1671,AI Tech Matéri,Technologie & IT,Matéri,+229 77 32 35 52,tech.matéri@outlook.com,,PME (10-50),B2B,APIEx,,Actif,2026-06-29T00:22:55.171209,moyenne
BJ-87453C8E,Tech Analytics,Technologie & IT,Matéri,+229 61 75 65 80,tech.analytics@techanalytics.com.bj,techanalytics.bj,Grande (>200),B2B,APIEx,,Actif,2026-06-29T00:22:55.171226,haute
BJ-91B678A8,Oracle,Technologie & IT,Matéri,+229 55 72 35 96,oracle@oracle.bj,oracle.bj,PME (50-200),B2B,APIEx,,Actif,2026-06-29T00:22:55.171243,haute
BJ-E046AF4C,Big,Technologie & IT,Matéri,+229 64 67 91 96,big@yahoo.com,big.bj,TPE (<10),B2B,APIEx,,Actif,2026-06-29T00:22:55.171256,haute
BJ-8FB836A0,Net Business Bénin,Technologie & IT,Matéri,+229 72 26 76 41,n.business@gmail.com,netbusinessbénin.bj,TPE (<10),B2C,APIEx,,Actif,2026-06-29T00:22:55.171275,haute
BJ-D12581E7,Informatique Works,Technologie & IT,Natitingou,+229 62 97 17 65,,informatiqueworks.bj,PME (50-200),B2C,APIEx,,Actif,2026-06-29T00:22:55.171295,moyenne
BJ-3083FC00,Cyber Application Natitingou,Technologie & IT,Natitingou,+229 46 64 24 56,cyber.application@cyberapplicatio.com.bj,cyberapplicationnatitingou.bj,PME (50-200),B2C,APIEx,,Actif,2026-06-29T00:22:55.171312,haute
BJ-034666FB,Analytics Tech,Technologie & IT,Natitingou,+229 61 96 11 51,analyticstech@analyticstech.com.bj,analyticstech.bj,TPE (<10),B2C,APIEx,,Actif,2026-06-29T00:22:55.171354,haute
BJ-50BA57BB,Flutter Digital,Technologie & IT,Toucountouna,+229 48 64 20 36,flutterdigital@outlook.com,flutterdigital.bj,PME (10-50),B2C,APIEx,,Actif,2026-06-29T00:22:55.171376,haute
BJ-88BD40C6,PostgreSQL SARL,Technologie & IT,Toucountouna,+229 97 28 95 19,postgresql.sarl@outlook.com,postgresqlsarl.bj,PME (10-50),B2B,APIEx,,Actif,2026-06-29T00:22:55.171395,haute
BJ-295FCF9F,Cloud Backend Solutions,Technologie & IT,Toucountouna,+229 48 29 96 86,,cloudbackendsolutions.bj,TPE (<10),B2B,APIEx,,Actif,2026-06-29T00:22:55.171410,moyenne
BJ-FC6A3280,AI Informatique,Technologie & IT,Toucountouna,+229 82 51 29 30,informatique@aiinformatique.org.bj,aiinformatique.bj,TPE (<10),B2B,APIEx,,Actif,2026-06-29T00:22:55.171424,haute
BJ-67AD25AA,C#,Technologie & IT,Toucountouna,+229 54 42 22 98,c#@hotmail.com,c#.bj,PME (10-50),B2C,APIEx,,Actif,2026-06-29T00:22:55.171439,haute
BJ-A6B34419,GraphQL Labs,Technologie & IT,Boukoumbé,+229 55 62 64 38,graphql.labs@graphqllabs.com.bj,graphqllabs.bj,PME (50-200),B2B,APIEx,,Actif,2026-06-29T00:22:55.171461,haute
BJ-F15593D6,Digital,Technologie & IT,Boukoumbé,+229 59 70 34 65,digital@digital.org.bj,digital.bj,TPE (<10),B2B,APIEx,,Actif,2026-06-29T00:22:55.171475,haute
BJ-17FF2BB0,Kotlin,Technologie & IT,Boukoumbé,+229 72 51 56 13,kotlin@hotmail.com,kotlin.bj,PME (10-50),B2C,APIEx,,Actif,2026-06-29T00:22:55.171489,haute
BJ-6E83EB71,Deep Boukoumbé,Technologie & IT,Boukoumbé,+229 34 97 74 94,deepboukoumbé@yahoo.fr,deepboukoumbé.bj,TPE (<10),B2C,APIEx,,Actif,2026-06-29T00:22:55.171506,haute
BJ-1E1DFD38,Frontend Studios,Technologie & IT,Boukoumbé,+229 74 45 26 43,frontend.studios@gmail.com,frontendstudios.bj,PME (50-200),B2C,APIEx,,Actif,2026-06-29T00:22:55.171522,haute
BJ-D4527462,Digital Kanban,Technologie & IT,Kouandé,+229 43 22 39 39,digital.kanban@digitalkanban.org.bj,digitalkanban.bj,TPE (<10),B2C,APIEx,,Actif,2026-06-29T00:22:55.171544,haute
BJ-982DB582,AI iOS Labs,Technologie & IT,Kouandé,+229 47 60 67 36,ios.labs@aiioslabs.bj,aiioslabs.bj,PME (50-200),B2C,APIEx,,Actif,2026-06-29T00:22:55.171560,haute
BJ-E5CFFC90,Info React,Technologie & IT,Kouandé,+229 35 42 89 84,inforeact@inforeact.com.bj,inforeact.bj,TPE (<10),B2B,APIEx,,Actif,2026-06-29T00:22:55.171578,haute
BJ-104E58F1,Smart Docker,Technologie & IT,Kouandé,+229 26 79 81 85,smart.docker@outlook.com,smartdocker.bj,PME (10-50),B2C,APIEx,,Actif,2026-06-29T00:22:55.171599,haute
BJ-ED0310E7,Digital DevOps Labs,Technologie & IT,Kouandé,+229 77 37 70 11,digitaldevops@digitaldevopsla.bj,digitaldevopslabs.bj,Grande (>200),B2C,APIEx,,Actif,2026-06-29T00:22:55.171616,haute
BJ-E429E174,App Rust Péhunco,Technologie & IT,Péhunco,+229 36 76 52 56,app.rust@apprustpéhunco.org.bj,apprustpéhunco.bj,TPE (<10),B2B,APIEx,,Actif,2026-06-29T00:22:55.171657,haute
BJ-A87E5A7E,Frontend Bénin,Technologie & IT,Péhunco,+229 88 36 55 46,f.bénin@outlook.com,frontendbénin.bj,PME (50-200),B2C,APIEx,,Actif,2026-06-29T00:22:55.171674,haute
BJ-5C61C4A3,Container Studios,Technologie & IT,Péhunco,+229 85 84 38 31,containerstudios@gmail.com,containerstudios.bj,PME (50-200),B2B,APIEx,,Actif,2026-06-29T00:22:55.171689,haute
BJ-98ADECE4,Cloud Security Works Péhunco,Technologie & IT,Péhunco,+229 83 66 25 77,,cloudsecurityworkspéhunco.bj,Grande (>200),B2C,APIEx,,Actif,2026-06-29T00:22:55.171702,moyenne
BJ-2B32F62B,Kanban Hub Tchaourou,Technologie & IT,Tchaourou,+229 65 26 75 32,kanban.hub@kanbanhubtchaou.bj,kanbanhubtchaourou.bj,TPE (<10),B2C,APIEx,,Actif,2026-06-29T00:22:55.171725,haute
BJ-D6B72C71,Tech Intelligence Digital,Technologie & IT,Tchaourou,+229 93 28 61 11,,techintelligencedigital.bj,PME (10-50),B2C,APIEx,,Actif,2026-06-29T00:22:55.171738,moyenne
BJ-322B867E,Web Hub Tchaourou,Technologie & IT,Tchaourou,+229 59 92 84 70,web.hub@webhubtchaourou.bj,webhubtchaourou.bj,TPE (<10),B2B,APIEx,,Actif,2026-06-29T00:22:55.171770,haute
BJ-B9BE9604,Tech ERP Labs,Technologie & IT,Tchaourou,+229 67 46 58 23,tech.erp@hotmail.com,techerplabs.bj,PME (10-50),B2C,APIEx,,Actif,2026-06-29T00:22:55.171788,haute
BJ-EF09A2A0,IaaS,Technologie & IT,Tchaourou,+229 98 82 68 97,iaas@iaas.bj,iaas.bj,PME (10-50),B2C,APIEx,,Actif,2026-06-29T00:22:55.171801,haute
BJ-C8F35FCB,SaaS Hub,Technologie & IT,Nikki,+229 30 54 16 56,saas.hub@saashub.org.bj,saashub.bj,TPE (<10),B2B,APIEx,,Actif,2026-06-29T00:22:55.171824,haute
BJ-EC96BA5C,AI Digital Works,Technologie & IT,Nikki,+229 53 11 99 14,digital.works@yahoo.com,aidigitalworks.bj,TPE (<10),B2C,APIEx,,Actif,2026-06-29T00:22:55.171840,haute
BJ-84FEE423,Go SARL,Technologie & IT,Nikki,+229 21 53 71 53,sarl@gosarl.com.bj,gosarl.bj,PME (10-50),B2B,APIEx,,Actif,2026-06-29T00:22:55.171854,haute
BJ-AB318DDC,Tech Cloud Studios Nikki,Technologie & IT,Nikki,+229 86 80 26 42,t.cloud@outlook.com,techcloudstudiosnikki.bj,TPE (<10),B2C,APIEx,,Actif,2026-06-29T00:22:55.171874,haute
BJ-7D993334,Net Kanban,Technologie & IT,Nikki,+229 86 32 48 42,netkanban@yahoo.fr,netkanban.bj,TPE (<10),B2B,APIEx,,Actif,2026-06-29T00:22:55.171900,haute
BJ-674E82BF,App Deep Africa,Technologie & IT,Bembéréké,+229 53 58 28 42,,appdeepafrica.bj,TPE (<10),B2B,APIEx,,Actif,2026-06-29T00:22:55.171922,moyenne
BJ-590431E9,Rust Labs,Technologie & IT,Bembéréké,+229 53 15 69 66,rust.labs@rustlabs.com.bj,rustlabs.bj,PME (50-200),B2C,APIEx,,Actif,2026-06-29T00:22:55.171938,haute
BJ-B0AA3866,MongoDB,Technologie & IT,Bembéréké,+229 75 52 82 65,mongodb@hotmail.com,mongodb.bj,Grande (>200),B2C,APIEx,,Actif,2026-06-29T00:22:55.171977,haute
BJ-C6AC227A,Data Logiciel,Technologie & IT,Bembéréké,+229 42 36 96 53,datalogiciel@datalogiciel.org.bj,datalogiciel.bj,TPE (<10),B2B,APIEx,,Actif,2026-06-29T00:22:55.171993,haute
BJ-82A74BDD,Cyber MongoDB,Technologie & IT,Kalalé,+229 75 61 89 46,cybermongodb@yahoo.fr,,PME (10-50),B2B,APIEx,,Actif,2026-06-29T00:22:55.172018,moyenne
BJ-85372523,ERP Bénin,Technologie & IT,Kalalé,+229 96 94 22 88,erp.bénin@outlook.com,erpbénin.bj,TPE (<10),B2B,APIEx,,Actif,2026-06-29T00:22:55.172039,haute
BJ-1C8DB722,Crypto Tech Kalalé,Technologie & IT,Kalalé,+229 79 19 40 19,c.tech@cryptotechkalal.org.bj,cryptotechkalalé.bj,TPE (<10),B2B,APIEx,,Actif,2026-06-29T00:22:55.172058,haute
BJ-B501786B,Cyber Cloud Solutions,Technologie & IT,Kalalé,+229 90 67 28 15,,cybercloudsolutions.bj,PME (10-50),B2B,APIEx,,Actif,2026-06-29T00:22:55.172071,moyenne
BJ-41BE0179,PaaS International,Technologie & IT,Kalalé,+229 50 93 90 95,paas.international@paasinternation.bj,paasinternational.bj,PME (10-50),B2B,APIEx,,Actif,2026-06-29T00:22:55.172087,haute
BJ-819BC895,Data Bitcoin Ndali,Technologie & IT,Ndali,+229 84 85 31 30,d.bitcoin@outlook.com,databitcoinndali.bj,PME (50-200),B2C,APIEx,,Actif,2026-06-29T00:22:55.172113,haute
BJ-FD3D07A6,UX/UI Ndali,Technologie & IT,Ndali,+229 38 81 19 97,u.ndali@outlook.com,ux/uindali.bj,PME (10-50),B2B,APIEx,,Actif,2026-06-29T00:22:55.172130,haute
BJ-2E1E6427,Data Soft,Technologie & IT,Ndali,+229 55 65 41 44,datasoft@datasoft.bj,datasoft.bj,TPE (<10),B2C,APIEx,,Actif,2026-06-29T00:22:55.172149,haute
BJ-D9980652,C++,Technologie & IT,Ndali,+229 48 56 18 30,c++@c++.com.bj,c++.bj,PME (10-50),B2C,APIEx,,Actif,2026-06-29T00:22:55.172163,haute
BJ-B65B9AD2,Digital Bitcoin,Technologie & IT,Ndali,+229 70 99 62 61,digital_bitcoin@digitalbitcoin.com.bj,digitalbitcoin.bj,PME (50-200),B2B,APIEx,,Actif,2026-06-29T00:22:55.172179,haute
BJ-2DED6C5A,iOS Soft Ségbana,Technologie & IT,Ségbana,+229 54 95 67 67,iossoft@outlook.com,iossoftségbana.bj,PME (50-200),B2C,APIEx,,Actif,2026-06-29T00:22:55.172217,haute
BJ-3DC41D90,Data Deep,Technologie & IT,Ségbana,+229 38 51 28 41,data_deep@gmail.com,datadeep.bj,PME (10-50),B2B,APIEx,,Actif,2026-06-29T00:22:55.172234,haute
BJ-60CD5648,Vue,Technologie & IT,Ségbana,+229 77 91 91 32,vue@gmail.com,vue.bj,TPE (<10),B2C,APIEx,,Actif,2026-06-29T00:22:55.172247,haute
BJ-AEA50305,App Ruby Africa Tchaourou,Technologie & IT,Tchaourou,+229 93 47 18 53,appruby@yahoo.fr,,TPE (<10),B2C,APIEx,,Actif,2026-06-29T00:22:55.172282,moyenne
BJ-81B61DAB,Info IaaS Hub,Technologie & IT,Tchaourou,+229 49 13 24 13,info.iaas@yahoo.com,infoiaashub.bj,PME (10-50),B2B,APIEx,,Actif,2026-06-29T00:22:55.172299,haute
BJ-937AF1AE,Sys Blockchain International,Technologie & IT,Tchaourou,+229 86 30 89 13,sysblockchain@sysblockchainin.org.bj,sysblockchaininternational.bj,TPE (<10),B2B,APIEx,,Actif,2026-06-29T00:22:55.172319,haute
BJ-B2F5C403,Soft MySQL Hub Tchaourou,Technologie & IT,Tchaourou,+229 76 90 94 83,s.mysql@softmysqlhubtch.bj,softmysqlhubtchaourou.bj,PME (50-200),B2B,APIEx,,Actif,2026-06-29T00:22:55.172338,haute
BJ-B51D36B2,Soft Linux Bénin Tchaourou,Technologie & IT,Tchaourou,+229 79 26 73 48,softlinux@softlinuxbénint.bj,softlinuxbénintchaourou.bj,PME (10-50),B2B,APIEx,,Actif,2026-06-29T00:22:55.172359,haute
BJ-A8B6357F,Web,Technologie & IT,Bétérou,+229 67 48 17 38,web@yahoo.fr,web.bj,TPE (<10),B2B,APIEx,,Actif,2026-06-29T00:22:55.172382,haute
BJ-53BF4725,Data Kanban,Technologie & IT,Bétérou,+229 31 29 36 62,data.kanban@gmail.com,datakanban.bj,PME (10-50),B2C,APIEx,,Actif,2026-06-29T00:22:55.172398,haute
BJ-1F718746,Cloud,Technologie & IT,Bétérou,+229 41 72 59 26,cloud@cloud.bj,cloud.bj,PME (10-50),B2B,APIEx,,Actif,2026-06-29T00:22:55.172412,haute
BJ-75AE9EC8,Soft JavaScript,Technologie & IT,Bétérou,+229 51 27 99 62,s.javascript@softjavascript.bj,softjavascript.bj,TPE (<10),B2C,APIEx,,Actif,2026-06-29T00:22:55.172429,haute
BJ-86E91C90,Deep Bénin,Technologie & IT,Bétérou,+229 93 77 43 85,deepbénin@deepbénin.org.bj,deepbénin.bj,PME (10-50),B2B,APIEx,,Actif,2026-06-29T00:22:55.172446,haute
BJ-725F5064,Cyber Bitcoin,Technologie & IT,Ouessè,+229 38 31 17 86,cyberbitcoin@yahoo.com,cyberbitcoin.bj,TPE (<10),B2C,APIEx,,Actif,2026-06-29T00:22:55.172469,haute
BJ-64CEE458,Microservices,Technologie & IT,Ouessè,+229 82 99 71 47,microservices@microservices.bj,microservices.bj,TPE (<10),B2C,APIEx,,Actif,2026-06-29T00:22:55.172482,haute
BJ-FC757BC1,Solution SARL,Technologie & IT,Ouessè,+229 42 78 66 73,s.sarl@solutionsarl.org.bj,solutionsarl.bj,TPE (<10),B2B,APIEx,,Actif,2026-06-29T00:22:55.172498,haute
BJ-814C448C,Database,Technologie & IT,Ouessè,+229 66 50 77 95,database@database.bj,database.bj,PME (10-50),B2B,APIEx,,Actif,2026-06-29T00:22:55.172512,haute
BJ-24AF6874,Web Big International,Technologie & IT,Ouessè,+229 90 91 26 71,webbig@webbiginternati.org.bj,webbiginternational.bj,PME (50-200),B2C,APIEx,,Actif,2026-06-29T00:22:55.172535,haute
BJ-DF469E14,Blockchain,Technologie & IT,Glazoué,+229 48 37 56 41,blockchain@blockchain.bj,,PME (50-200),B2B,APIEx,,Actif,2026-06-29T00:22:55.172555,moyenne
BJ-E8C21861,Data Rust,Technologie & IT,Glazoué,+229 53 53 15 37,data.rust@hotmail.com,datarust.bj,PME (50-200),B2C,APIEx,,Actif,2026-06-29T00:22:55.172571,haute
BJ-6D0D688E,Ethereum,Technologie & IT,Glazoué,+229 85 99 53 18,ethereum@yahoo.com,ethereum.bj,PME (50-200),B2C,APIEx,,Actif,2026-06-29T00:22:55.172588,haute
BJ-BFD8095A,Sys C#,Technologie & IT,Glazoué,+229 84 83 75 67,sys@hotmail.com,,TPE (<10),B2B,APIEx,,Actif,2026-06-29T00:22:55.172601,moyenne
BJ-96ABA97F,Application SARL Glazoué,Technologie & IT,Glazoué,+229 89 23 46 28,application.sarl@yahoo.fr,applicationsarlglazoué.bj,TPE (<10),B2B,APIEx,,Actif,2026-06-29T00:22:55.172619,haute
BJ-F5325DB8,CI/CD Bénin Dassa-Zoumè,Technologie & IT,Dassa-Zoumè,+229 55 27 20 48,ci/cdbénin@ci/cdbénindassa.bj,ci/cdbénindassazoumè.bj,PME (10-50),B2B,APIEx,,Actif,2026-06-29T00:22:55.172645,haute
BJ-B3AF44CC,Web Go Bénin,Technologie & IT,Dassa-Zoumè,+229 98 60 42 58,webbénin@webgobénin.com.bj,webgobénin.bj,PME (50-200),B2B,APIEx,,Actif,2026-06-29T00:22:55.172680,haute
BJ-9F73A325,Cyber PostgreSQL Dassa-Zoumè,Technologie & IT,Dassa-Zoumè,+229 88 31 63 87,cyberpostgresql@cyberpostgresql.org.bj,cyberpostgresqldassazoumè.bj,PME (50-200),B2B,APIEx,,Actif,2026-06-29T00:22:55.172700,haute
BJ-CDF1AC09,Cyber REST,Technologie & IT,Dassa-Zoumè,+229 87 32 66 39,cyberrest@yahoo.fr,cyberrest.bj,TPE (<10),B2C,APIEx,,Actif,2026-06-29T00:22:55.172716,haute
BJ-BD4C5BB5,C# Digital Savalou,Technologie & IT,Savalou,+229 89 94 38 53,digitalsavalou@c#digitalsavalo.com.bj,c#digitalsavalou.bj,PME (10-50),B2C,APIEx,,Actif,2026-06-29T00:22:55.172739,haute
BJ-E2069257,Data Android Savalou,Technologie & IT,Savalou,+229 34 15 44 96,data_android@dataandroidsava.bj,dataandroidsavalou.bj,PME (10-50),B2C,APIEx,,Actif,2026-06-29T00:22:55.172759,haute
BJ-538DCA49,Smart Learning,Technologie & IT,Savalou,+229 57 36 67 53,smartlearning@gmail.com,,PME (50-200),B2C,APIEx,,Actif,2026-06-29T00:22:55.172774,moyenne
BJ-3A191D2D,Info Intelligence,Technologie & IT,Savalou,+229 46 43 59 75,infointelligence@hotmail.com,,TPE (<10),B2C,APIEx,,Actif,2026-06-29T00:22:55.172788,moyenne
BJ-48AF6D88,Sys Learning Africa,Technologie & IT,Savalou,+229 89 33 23 86,sys.learning@outlook.com,syslearningafrica.bj,PME (10-50),B2C,APIEx,,Actif,2026-06-29T00:22:55.172803,haute
BJ-FABB741B,Python,Technologie & IT,Bantè,+229 64 16 99 65,python@python.org.bj,python.bj,TPE (<10),B2B,APIEx,,Actif,2026-06-29T00:22:55.172824,haute
BJ-E2DDA920,Data Design Bantè,Technologie & IT,Bantè,+229 96 86 26 19,data.design@datadesignbantè.bj,datadesignbantè.bj,TPE (<10),B2C,APIEx,,Actif,2026-06-29T00:22:55.172842,haute
BJ-46F60037,Net BI Soft Bantè,Technologie & IT,Bantè,+229 71 67 17 80,net.soft@netbisoftbantè.org.bj,netbisoftbantè.bj,PME (10-50),B2C,APIEx,,Actif,2026-06-29T00:22:55.172864,haute
BJ-526F0575,Sys Digital Bantè,Technologie & IT,Bantè,+229 43 92 59 44,s.digital@sysdigitalbantè.bj,sysdigitalbantè.bj,PME (50-200),B2C,APIEx,,Actif,2026-06-29T00:22:55.172911,haute
BJ-D967C85A,Cloud Learning Systems,Technologie & IT,Djougou,+229 41 62 33 53,cloud_learning@cloudlearningsy.com.bj,cloudlearningsystems.bj,PME (10-50),B2C,APIEx,,Actif,2026-06-29T00:22:55.172951,haute
BJ-BBF8C106,Logiciel International Djougou,Technologie & IT,Djougou,+229 90 50 38 79,logiciel_international@yahoo.com,logicielinternationaldjougou.bj,TPE (<10),B2B,APIEx,,Actif,2026-06-29T00:22:55.172974,haute
BJ-7653EBFD,Web Intelligence Djougou,Technologie & IT,Djougou,+229 33 54 14 88,webintelligence@webintelligence.org.bj,webintelligencedjougou.bj,PME (10-50),B2C,APIEx,,Actif,2026-06-29T00:22:55.172990,haute
BJ-311385A6,Data Informatique Djougou,Technologie & IT,Djougou,+229 38 33 46 16,d.informatique@datainformatiqu.com.bj,datainformatiquedjougou.bj,PME (10-50),B2B,APIEx,,Actif,2026-06-29T00:22:55.173006,haute
BJ-3D62D225,Learning Systems Ouèssè,Technologie & IT,Ouèssè,+229 70 72 76 12,learningsystems@learningsystems.com.bj,learningsystemsouèssè.bj,TPE (<10),B2B,APIEx,,Actif,2026-06-29T00:22:55.173032,haute
BJ-227B5603,Digital Serverless Studios,Technologie & IT,Ouèssè,+229 45 93 11 53,digital_serverless@digitalserverle.org.bj,digitalserverlessstudios.bj,PME (10-50),B2B,APIEx,,Actif,2026-06-29T00:22:55.173049,haute
BJ-889DED0B,Rust,Technologie & IT,Ouèssè,+229 48 57 48 18,rust@yahoo.com,rust.bj,PME (10-50),B2B,APIEx,,Actif,2026-06-29T00:22:55.173066,haute
BJ-72C3F558,Digital Swift Ouèssè,Technologie & IT,Ouèssè,+229 42 61 61 60,d.swift@hotmail.com,digitalswiftouèssè.bj,PME (10-50),B2C,APIEx,,Actif,2026-06-29T00:22:55.173084,haute
BJ-E1C16133,Cyber Kotlin,Technologie & IT,Ouèssè,+229 76 37 23 79,c.kotlin@yahoo.fr,cyberkotlin.bj,TPE (<10),B2B,APIEx,,Actif,2026-06-29T00:22:55.173101,haute
BJ-1F0AE263,Tech Kotlin,Technologie & IT,Bassila,+229 67 13 19 13,techkotlin@techkotlin.bj,techkotlin.bj,Grande (>200),B2B,APIEx,,Actif,2026-06-29T00:22:55.173143,haute
BJ-BA20FD57,Node SARL,Technologie & IT,Bassila,+229 40 54 36 12,node_sarl@yahoo.fr,nodesarl.bj,PME (50-200),B2B,APIEx,,Actif,2026-06-29T00:22:55.173171,haute
BJ-ED1BB579,Data C# Soft,Technologie & IT,Bassila,+229 75 89 85 50,data.soft@hotmail.com,datac#soft.bj,PME (50-200),B2C,APIEx,,Actif,2026-06-29T00:22:55.173206,haute
BJ-25A9EDBD,Digital Flutter Labs,Technologie & IT,Bassila,+229 99 91 52 41,digital.flutter@digitalflutterl.org.bj,digitalflutterlabs.bj,PME (10-50),B2C,APIEx,,Actif,2026-06-29T00:22:55.173225,haute
BJ-111AF0D8,Data PostgreSQL,Technologie & IT,Bassila,+229 91 87 44 32,d.postgresql@datapostgresql.org.bj,datapostgresql.bj,PME (10-50),B2C,APIEx,,Actif,2026-06-29T00:22:55.173242,haute
BJ-8D9412AE,App Data Tech,Technologie & IT,Pehunco,+229 50 25 88 60,appdata@hotmail.com,,PME (10-50),B2C,APIEx,,Actif,2026-06-29T00:22:55.173282,moyenne
BJ-04601D9D,AI C#,Technologie & IT,Pehunco,+229 28 75 78 26,aic#@gmail.com,aic#.bj,TPE (<10),B2C,APIEx,,Actif,2026-06-29T00:22:55.173301,haute
BJ-484EB7E5,Technologie Pehunco,Technologie & IT,Pehunco,+229 79 33 59 40,technologiepehunco@yahoo.fr,technologiepehunco.bj,TPE (<10),B2C,APIEx,,Actif,2026-06-29T00:22:55.173317,haute
BJ-0894E7A9,Web Big,Technologie & IT,Pehunco,+229 56 11 71 66,web.big@webbig.bj,webbig.bj,PME (50-200),B2B,APIEx,,Actif,2026-06-29T00:22:55.173334,haute
BJ-419E31E9,Net Informatique Studios,Technologie & IT,Copargo,+229 41 37 33 51,net.informatique@yahoo.com,netinformatiquestudios.bj,PME (10-50),B2C,APIEx,,Actif,2026-06-29T00:22:55.173356,haute
BJ-012E15B0,Linux Tech,Technologie & IT,Copargo,+229 87 96 49 60,linux_tech@linuxtech.org.bj,linuxtech.bj,TPE (<10),B2B,APIEx,,Actif,2026-06-29T00:22:55.173373,haute
BJ-0B6B3577,Web Cloud SARL,Technologie & IT,Copargo,+229 51 11 89 73,w.cloud@webcloudsarl.com.bj,webcloudsarl.bj,PME (10-50),B2B,APIEx,,Actif,2026-06-29T00:22:55.173389,haute
BJ-3537773A,Soft Intelligence,Technologie & IT,Copargo,+229 50 73 32 59,soft.intelligence@softintelligenc.bj,softintelligence.bj,Grande (>200),B2B,APIEx,,Actif,2026-06-29T00:22:55.173404,haute
BJ-403AD17D,Crypto Copargo,Technologie & IT,Copargo,+229 37 92 51 56,cryptocopargo@cryptocopargo.com.bj,cryptocopargo.bj,TPE (<10),B2C,APIEx,,Actif,2026-06-29T00:22:55.173423,haute
BJ-D5BBF1B1,Plastique Industries,Industrie & Manufacture,Cotonou,+229 92 26 90 56,p.industries@plastiqueindust.bj,plastiqueindustries.bj,PME (10-50),B2B,APIEx,,Actif,2026-06-29T00:22:55.173465,haute
BJ-99E0FC16,Unité Transformation Cotonou,Industrie & Manufacture,Cotonou,+229 28 73 87 80,,,PME (50-200),B2B,APIEx,,Actif,2026-06-29T00:22:55.173480,basse
BJ-F185B563,Pharmaceutique Industry,Industrie & Manufacture,Cotonou,+229 81 99 88 44,,pharmaceutiqueindustry.bj,PME (10-50),B2B,APIEx,,Actif,2026-06-29T00:22:55.173506,moyenne
BJ-866D42FE,Plastique Industries,Industrie & Manufacture,Abomey-Calavi,+229 84 52 72 46,plastiqueindustries@plastiqueindust.bj,plastiqueindustries.bj,PME (50-200),B2B,APIEx,,Actif,2026-06-29T00:22:55.173530,haute
BJ-518313EB,Atelier Béton,Industrie & Manufacture,Abomey-Calavi,+229 37 14 58 18,atelier.béton@atelierbéton.bj,atelierbéton.bj,Grande (>200),B2B,APIEx,,Actif,2026-06-29T00:22:55.173548,haute
BJ-32DE2234,Production Fonte Industry,Industrie & Manufacture,Abomey-Calavi,+229 72 24 10 55,productionfonte@outlook.com,productionfonteindustry.bj,TPE (<10),B2B,APIEx,,Actif,2026-06-29T00:22:55.173565,haute
BJ-F945DDD1,Industrie Métal,Industrie & Manufacture,Abomey-Calavi,+229 53 53 18 34,industriemétal@yahoo.fr,,PME (50-200),B2B,APIEx,,Actif,2026-06-29T00:22:55.173581,moyenne
BJ-99118A63,Cuivre Bénin,Industrie & Manufacture,Abomey-Calavi,+229 61 66 83 29,cuivre_bénin@cuivrebénin.bj,cuivrebénin.bj,TPE (<10),B2B,APIEx,,Actif,2026-06-29T00:22:55.173598,haute
BJ-8A9603DA,Usine Ciment,Industrie & Manufacture,Porto-Novo,+229 88 71 23 62,,usineciment.bj,TPE (<10),B2B,APIEx,,Actif,2026-06-29T00:22:55.173617,moyenne
BJ-FF7B14B8,Production Alimentaire SARL,Industrie & Manufacture,Porto-Novo,+229 44 85 69 32,productionalimentaire@productionalime.com.bj,,TPE (<10),B2B,APIEx,,Actif,2026-06-29T00:22:55.173633,moyenne
BJ-067BB925,Électrique SA,Industrie & Manufacture,Porto-Novo,+229 28 55 62 19,électrique@yahoo.fr,électriquesa.bj,TPE (<10),B2B,APIEx,,Actif,2026-06-29T00:22:55.173651,haute
BJ-A0CF4C70,Usine Perçage Works,Industrie & Manufacture,Porto-Novo,+229 24 59 68 58,usine.perçage@yahoo.com,usineperçageworks.bj,PME (10-50),B2B,APIEx,,Actif,2026-06-29T00:22:55.173669,haute
BJ-84D76255,Métal,Industrie & Manufacture,Porto-Novo,+229 52 35 92 56,métal@hotmail.com,métal.bj,TPE (<10),B2B,APIEx,,Actif,2026-06-29T00:22:55.173683,haute
BJ-ACAAE133,Atelier Tournage,Industrie & Manufacture,Parakou,+229 32 28 87 55,,ateliertournage.bj,PME (10-50),B2B,APIEx,,Actif,2026-06-29T00:22:55.173702,moyenne
BJ-6114B39C,Découpe Africa,Industrie & Manufacture,Parakou,+229 70 74 10 62,découpeafrica@gmail.com,découpeafrica.bj,TPE (<10),B2B,APIEx,,Actif,2026-06-29T00:22:55.173723,haute
BJ-1C5A4DCE,Manufacture Automobile Groupe,Industrie & Manufacture,Parakou,+229 84 28 93 96,manufactureautomobile@yahoo.fr,,PME (10-50),B2B,APIEx,,Actif,2026-06-29T00:22:55.173742,moyenne
BJ-ED23F7B0,Manufacture Électrique Industry,Industrie & Manufacture,Parakou,+229 45 67 40 66,m.électrique@manufactureélec.org.bj,manufactureélectriqueindustry.bj,TPE (<10),B2B,APIEx,,Actif,2026-06-29T00:22:55.173761,haute
BJ-F5B7A905,Adhésif Africa Parakou,Industrie & Manufacture,Parakou,+229 26 89 59 48,a.africa@adhésifafricapa.org.bj,,TPE (<10),B2B,APIEx,,Actif,2026-06-29T00:22:55.173779,moyenne
BJ-46FE9B00,Automatisation,Industrie & Manufacture,Bohicon,+229 42 78 25 28,automatisation@hotmail.com,,TPE (<10),B2B,APIEx,,Actif,2026-06-29T00:22:55.173802,moyenne
BJ-0722540F,Industrie Zinc,Industrie & Manufacture,Bohicon,+229 44 35 61 12,industriezinc@industriezinc.bj,industriezinc.bj,TPE (<10),B2B,APIEx,,Actif,2026-06-29T00:22:55.173820,haute
BJ-A944E277,Électrique Bohicon,Industrie & Manufacture,Bohicon,+229 75 82 21 83,électrique.bohicon@gmail.com,,TPE (<10),B2B,APIEx,,Actif,2026-06-29T00:22:55.173840,moyenne
BJ-600D8812,Plant Transformation,Industrie & Manufacture,Bohicon,+229 36 86 25 91,,planttransformation.bj,TPE (<10),B2B,APIEx,,Actif,2026-06-29T00:22:55.173853,moyenne
BJ-0956C229,Vernis SA,Industrie & Manufacture,Bohicon,+229 83 88 90 78,,vernissa.bj,PME (50-200),B2B,APIEx,,Actif,2026-06-29T00:22:55.173864,moyenne
BJ-BFB12545,Édition,Industrie & Manufacture,Natitingou,+229 44 91 79 74,édition@gmail.com,édition.bj,PME (10-50),B2B,APIEx,,Actif,2026-06-29T00:22:55.173885,haute
BJ-B2FB5961,Robotique Natitingou,Industrie & Manufacture,Natitingou,+229 63 21 89 94,robotique.natitingou@outlook.com,robotiquenatitingou.bj,TPE (<10),B2B,APIEx,,Actif,2026-06-29T00:22:55.173913,haute
BJ-EDA69A50,Manufacture Adhésif Natitingou,Industrie & Manufacture,Natitingou,+229 27 41 80 75,m.adhésif@manufactureadhé.com.bj,manufactureadhésifnatitingou.bj,TPE (<10),B2B,APIEx,,Actif,2026-06-29T00:22:55.173932,haute
BJ-F95F0E11,Plant Soudure,Industrie & Manufacture,Natitingou,+229 98 80 88 70,,plantsoudure.bj,TPE (<10),B2B,APIEx,,Actif,2026-06-29T00:22:55.173945,moyenne
BJ-65B766B3,Carton Manufacture Natitingou,Industrie & Manufacture,Natitingou,+229 85 98 91 17,carton.manufacture@outlook.com,cartonmanufacturenatitingou.bj,PME (50-200),B2B,APIEx,,Actif,2026-06-29T00:22:55.173961,haute
BJ-802ABD5B,Électronique,Industrie & Manufacture,Lokossa,+229 26 33 21 59,électronique@électronique.bj,électronique.bj,PME (10-50),B2B,APIEx,,Actif,2026-06-29T00:22:55.173983,haute
BJ-6CB330CB,Automatisation Groupe,Industrie & Manufacture,Lokossa,+229 62 23 42 93,automatisationgroupe@automatisationg.bj,,PME (50-200),B2B,APIEx,,Actif,2026-06-29T00:22:55.174000,moyenne
BJ-405626BD,Unité Reliure Lokossa,Industrie & Manufacture,Lokossa,+229 72 77 70 99,u.reliure@gmail.com,,TPE (<10),B2B,APIEx,,Actif,2026-06-29T00:22:55.174020,moyenne
BJ-A805D136,Plant CNC,Industrie & Manufacture,Lokossa,+229 55 85 93 85,plant_cnc@outlook.com,,Grande (>200),B2B,APIEx,,Actif,2026-06-29T00:22:55.174038,moyenne
BJ-7B55985A,Industrie Production Works,Industrie & Manufacture,Lokossa,+229 62 51 83 14,industrieproduction@industrieproduc.org.bj,,Grande (>200),B2B,APIEx,,Actif,2026-06-29T00:22:55.174054,moyenne
BJ-A4196C4F,Perçage SA,Industrie & Manufacture,Ouidah,+229 43 73 55 28,,,Grande (>200),B2B,APIEx,,Actif,2026-06-29T00:22:55.174072,basse
BJ-0E8892CA,Plant Pneumatique Plant,Industrie & Manufacture,Ouidah,+229 59 49 20 89,p.pneumatique@gmail.com,,TPE (<10),B2B,APIEx,,Actif,2026-06-29T00:22:55.174087,moyenne
BJ-35ECFB56,Manufacture Métal,Industrie & Manufacture,Ouidah,+229 98 55 60 40,,manufacturemétal.bj,PME (10-50),B2B,APIEx,,Actif,2026-06-29T00:22:55.174100,moyenne
BJ-4F9B9BC1,Fabrique Hydraulique SA,Industrie & Manufacture,Ouidah,+229 24 79 96 95,fabrique.hydraulique@fabriquehydraul.org.bj,fabriquehydrauliquesa.bj,PME (10-50),B2B,APIEx,,Actif,2026-06-29T00:22:55.174116,haute
BJ-1360AC22,Usinage Industry,Industrie & Manufacture,Ouidah,+229 80 77 20 77,usinageindustry@usinageindustry.org.bj,usinageindustry.bj,PME (50-200),B2B,APIEx,,Actif,2026-06-29T00:22:55.174131,haute
BJ-A99D1804,Usine Soudure Africa,Industrie & Manufacture,Savalou,+229 94 67 81 32,,usinesoudureafrica.bj,TPE (<10),B2B,APIEx,,Actif,2026-06-29T00:22:55.174150,moyenne
BJ-471C7706,Manufacture Électrique Factory,Industrie & Manufacture,Savalou,+229 83 63 94 68,,manufactureélectriquefactory.bj,PME (50-200),B2B,APIEx,,Actif,2026-06-29T00:22:55.174162,moyenne
BJ-D9EF8CCC,Atelier Cuivre Groupe,Industrie & Manufacture,Savalou,+229 20 66 75 99,a.cuivre@hotmail.com,ateliercuivregroupe.bj,PME (50-200),B2B,APIEx,,Actif,2026-06-29T00:22:55.174181,haute
BJ-B6C9761D,Manufacture Perçage Works Savalou,Industrie & Manufacture,Savalou,+229 90 19 13 21,m.perçage@manufactureperç.bj,manufactureperçageworkssavalou.bj,PME (50-200),B2B,APIEx,,Actif,2026-06-29T00:22:55.174203,haute
BJ-C4487E80,Production Céramique,Industrie & Manufacture,Savalou,+229 38 73 95 56,production.céramique@gmail.com,,PME (10-50),B2B,APIEx,,Actif,2026-06-29T00:22:55.174219,moyenne
BJ-75320774,Industrie Pneumatique,Industrie & Manufacture,Dassa-Zoumè,+229 31 61 71 59,industrie.pneumatique@industriepneuma.bj,industriepneumatique.bj,TPE (<10),B2B,APIEx,,Actif,2026-06-29T00:22:55.174242,haute
BJ-54BB2096,Fabrique Assemblage,Industrie & Manufacture,Dassa-Zoumè,+229 63 14 81 47,fabrique.assemblage@yahoo.fr,fabriqueassemblage.bj,TPE (<10),B2B,APIEx,,Actif,2026-06-29T00:22:55.174258,haute
BJ-A1C52F52,Emballage Dassa-Zoumè,Industrie & Manufacture,Dassa-Zoumè,+229 97 51 30 90,emballagedassa@emballagedassaz.bj,,TPE (<10),B2B,APIEx,,Actif,2026-06-29T00:22:55.174284,moyenne
BJ-F3548153,Works Pharmaceutique Manufacture,Industrie & Manufacture,Dassa-Zoumè,+229 96 91 25 35,workspharmaceutique@yahoo.com,workspharmaceutiquemanufacture.bj,PME (10-50),B2B,APIEx,,Actif,2026-06-29T00:22:55.174301,haute
BJ-D092A8CF,Hydraulique Industries,Industrie & Manufacture,Dassa-Zoumè,+229 81 30 91 68,,hydrauliqueindustries.bj,PME (10-50),B2B,APIEx,,Actif,2026-06-29T00:22:55.174313,moyenne
BJ-63D7B4B7,Mécanique Industries,Industrie & Manufacture,Kétou,+229 71 26 48 74,mécanique.industries@yahoo.fr,,PME (10-50),B2B,APIEx,,Actif,2026-06-29T00:22:55.174336,moyenne
BJ-24F42C0E,Usine CNC Industry,Industrie & Manufacture,Kétou,+229 92 63 52 77,u.cnc@usinecncindustr.org.bj,usinecncindustry.bj,PME (50-200),B2B,APIEx,,Actif,2026-06-29T00:22:55.174354,haute
BJ-D9AD58DE,Céramique,Industrie & Manufacture,Kétou,+229 79 53 95 26,céramique@céramique.bj,,PME (50-200),B2B,APIEx,,Actif,2026-06-29T00:22:55.174371,moyenne
BJ-C1E1DE37,Usine Alimentaire SA,Industrie & Manufacture,Kétou,+229 49 85 12 33,usine.alimentaire@usinealimentair.bj,,Grande (>200),B2B,APIEx,,Actif,2026-06-29T00:22:55.174389,moyenne
BJ-AAD33D5B,Works Carton,Industrie & Manufacture,Covè,+229 52 26 62 67,workscarton@workscarton.com.bj,,PME (50-200),B2B,APIEx,,Actif,2026-06-29T00:22:55.174429,moyenne
BJ-F9FD5136,Ciment,Industrie & Manufacture,Covè,+229 31 24 55 90,,ciment.bj,Grande (>200),B2B,APIEx,,Actif,2026-06-29T00:22:55.174441,moyenne
BJ-62CCDD14,Textile Covè,Industrie & Manufacture,Covè,+229 69 88 92 35,,,TPE (<10),B2B,APIEx,,Actif,2026-06-29T00:22:55.174453,basse
BJ-C7687208,Works Vernis Covè,Industrie & Manufacture,Covè,+229 46 13 36 22,worksvernis@yahoo.fr,worksverniscovè.bj,PME (10-50),B2B,APIEx,,Actif,2026-06-29T00:22:55.174470,haute
BJ-7BBFB2CB,Automobile Covè,Industrie & Manufacture,Covè,+229 42 18 17 89,a.covè@automobilecovè.bj,,PME (10-50),B2B,APIEx,,Actif,2026-06-29T00:22:55.174486,moyenne
BJ-96E3EEFB,Reliure Pobè,Industrie & Manufacture,Pobè,+229 72 20 95 48,reliure.pobè@reliurepobè.com.bj,reliurepobè.bj,PME (10-50),B2B,APIEx,,Actif,2026-06-29T00:22:55.174509,haute
BJ-E47086B5,Unité Céramique Factory,Industrie & Manufacture,Pobè,+229 82 43 82 13,,unitécéramiquefactory.bj,TPE (<10),B2B,APIEx,,Actif,2026-06-29T00:22:55.174523,moyenne
BJ-FB59A15E,Industrie Ciment,Industrie & Manufacture,Pobè,+229 62 19 10 24,industrie.ciment@hotmail.com,industrieciment.bj,TPE (<10),B2B,APIEx,,Actif,2026-06-29T00:22:55.174562,haute
BJ-DC6512FB,Atelier Plastique Pobè,Industrie & Manufacture,Pobè,+229 75 76 98 44,a.plastique@atelierplastiqu.org.bj,,Grande (>200),B2B,APIEx,,Actif,2026-06-29T00:22:55.174588,moyenne
BJ-29E289A7,Production Emballage,Industrie & Manufacture,Sakété,+229 53 56 41 60,production.emballage@gmail.com,,TPE (<10),B2B,APIEx,,Actif,2026-06-29T00:22:55.174626,moyenne
BJ-BC57855D,Fonte Industries,Industrie & Manufacture,Sakété,+229 90 73 43 88,,fonteindustries.bj,TPE (<10),B2B,APIEx,,Actif,2026-06-29T00:22:55.174650,moyenne
BJ-CB97433C,Atelier Imprimerie,Industrie & Manufacture,Sakété,+229 44 11 26 59,atelier.imprimerie@atelierimprimer.com.bj,atelierimprimerie.bj,Grande (>200),B2B,APIEx,,Actif,2026-06-29T00:22:55.174683,haute
BJ-CBC3BABA,Perçage,Industrie & Manufacture,Sakété,+229 30 78 97 83,perçage@hotmail.com,perçage.bj,PME (50-200),B2B,APIEx,,Actif,2026-06-29T00:22:55.174716,haute
BJ-2AE2003A,Ciment,Industrie & Manufacture,Sakété,+229 54 69 39 51,ciment@gmail.com,,TPE (<10),B2B,APIEx,,Actif,2026-06-29T00:22:55.174751,moyenne
BJ-291E53C6,Édition Plant Adjara,Industrie & Manufacture,Adjara,+229 62 64 79 58,éditionplant@éditionplantadj.com.bj,,PME (50-200),B2B,APIEx,,Actif,2026-06-29T00:22:55.174799,moyenne
BJ-1AC9FB3F,Usine Automatisation,Industrie & Manufacture,Adjara,+229 65 76 87 62,usine.automatisation@usineautomatisa.bj,usineautomatisation.bj,TPE (<10),B2B,APIEx,,Actif,2026-06-29T00:22:55.174833,haute
BJ-5FE436B3,Ciment Factory,Industrie & Manufacture,Adjara,+229 72 71 83 90,cimentfactory@gmail.com,,PME (50-200),B2B,APIEx,,Actif,2026-06-29T00:22:55.174869,moyenne
BJ-0B227C33,Production Carton,Industrie & Manufacture,Adjara,+229 80 96 46 26,productioncarton@productioncarto.org.bj,productioncarton.bj,TPE (<10),B2B,APIEx,,Actif,2026-06-29T00:22:55.174916,haute
BJ-EE59AD5D,Carrelage Adjara,Industrie & Manufacture,Adjara,+229 82 98 35 51,carrelageadjara@carrelageadjara.bj,carrelageadjara.bj,TPE (<10),B2B,APIEx,,Actif,2026-06-29T00:22:55.174952,haute
BJ-857B349D,Fabrique Bois,Industrie & Manufacture,Allada,+229 90 47 31 89,fabrique_bois@fabriquebois.com.bj,fabriquebois.bj,PME (10-50),B2B,APIEx,,Actif,2026-06-29T00:22:55.174996,haute
BJ-3A222AEE,Plastique Bénin Allada,Industrie & Manufacture,Allada,+229 91 81 73 16,plastiquebénin@yahoo.fr,plastiquebéninallada.bj,TPE (<10),B2B,APIEx,,Actif,2026-06-29T00:22:55.175030,haute
BJ-ADA6D69B,Unité Peinture Bénin,Industrie & Manufacture,Allada,+229 32 55 91 58,unitépeinture@unitépeinturebé.org.bj,unitépeinturebénin.bj,TPE (<10),B2B,APIEx,,Actif,2026-06-29T00:22:55.175067,haute
BJ-2CEA52BA,Industrie Édition Factory,Industrie & Manufacture,Allada,+229 58 33 60 65,i.édition@gmail.com,industrieéditionfactory.bj,PME (10-50),B2B,APIEx,,Actif,2026-06-29T00:22:55.175106,haute
BJ-D5465F60,Imprimerie,Industrie & Manufacture,Allada,+229 82 58 20 85,imprimerie@imprimerie.com.bj,imprimerie.bj,PME (50-200),B2B,APIEx,,Actif,2026-06-29T00:22:55.175140,haute
BJ-0FEC4661,Unité Fonte Groupe,Industrie & Manufacture,Aplahoué,+229 89 74 71 84,u.fonte@yahoo.com,,PME (10-50),B2B,APIEx,,Actif,2026-06-29T00:22:55.175185,moyenne
BJ-916E889E,Usine Chimie,Industrie & Manufacture,Aplahoué,+229 26 77 70 10,usinechimie@usinechimie.com.bj,usinechimie.bj,PME (50-200),B2B,APIEx,,Actif,2026-06-29T00:22:55.175213,haute
BJ-6DC21936,Works Vernis,Industrie & Manufacture,Aplahoué,+229 22 62 70 99,works.vernis@worksvernis.org.bj,worksvernis.bj,TPE (<10),B2B,APIEx,,Actif,2026-06-29T00:22:55.175249,haute
BJ-B1C881EB,Fabrique Vernis,Industrie & Manufacture,Aplahoué,+229 45 19 71 74,fabriquevernis@yahoo.fr,fabriquevernis.bj,TPE (<10),B2B,APIEx,,Actif,2026-06-29T00:22:55.175279,haute
BJ-F16C7285,Atelier Automatique,Industrie & Manufacture,Aplahoué,+229 77 74 26 24,atelierautomatique@outlook.com,atelierautomatique.bj,Grande (>200),B2B,APIEx,,Actif,2026-06-29T00:22:55.175305,haute
BJ-716E3E6E,Unité Plastique,Industrie & Manufacture,Dogbo-Tota,+229 20 28 99 46,,unitéplastique.bj,PME (10-50),B2B,APIEx,,Actif,2026-06-29T00:22:55.175343,moyenne
BJ-BF4B5070,Automatisation SARL,Industrie & Manufacture,Dogbo-Tota,+229 45 30 37 33,automatisationsarl@automatisations.com.bj,,TPE (<10),B2B,APIEx,,Actif,2026-06-29T00:22:55.175372,moyenne
BJ-607AD279,Électrique Factory,Industrie & Manufacture,Dogbo-Tota,+229 74 30 93 77,é.factory@électriquefacto.com.bj,électriquefactory.bj,PME (50-200),B2B,APIEx,,Actif,2026-06-29T00:22:55.175411,haute
BJ-3EF29BC9,Production Alimentaire,Industrie & Manufacture,Dogbo-Tota,+229 43 22 96 22,productionalimentaire@productionalime.org.bj,,Grande (>200),B2B,APIEx,,Actif,2026-06-29T00:22:55.175438,moyenne
BJ-492ED6DD,Atelier Imprimerie Dogbo-Tota,Industrie & Manufacture,Dogbo-Tota,+229 49 27 58 17,atelierimprimerie@yahoo.com,atelierimprimeriedogbotota.bj,TPE (<10),B2B,APIEx,,Actif,2026-06-29T00:22:55.175466,haute
BJ-9F3995BF,Production Acier Works,Industrie & Manufacture,Kpomassè,+229 37 21 43 69,production.acier@productionacier.bj,productionacierworks.bj,Grande (>200),B2B,APIEx,,Actif,2026-06-29T00:22:55.175510,haute
BJ-19A1D775,Usine Mécanique,Industrie & Manufacture,Kpomassè,+229 56 12 39 19,,usinemécanique.bj,TPE (<10),B2B,APIEx,,Actif,2026-06-29T00:22:55.175536,moyenne
BJ-FC72B447,Fabrique Automatique Bénin Kpomassè,Industrie & Manufacture,Kpomassè,+229 87 48 84 97,fabriqueautomatique@yahoo.com,,PME (10-50),B2B,APIEx,,Actif,2026-06-29T00:22:55.175574,moyenne
BJ-F992E20A,Atelier Carton SA Kpomassè,Industrie & Manufacture,Kpomassè,+229 74 33 92 17,atelier.carton@ateliercartonsa.org.bj,ateliercartonsakpomassè.bj,TPE (<10),B2B,APIEx,,Actif,2026-06-29T00:22:55.175618,haute
BJ-BED9C256,Adhésif,Industrie & Manufacture,Kpomassè,+229 93 37 92 52,adhésif@yahoo.com,adhésif.bj,TPE (<10),B2B,APIEx,,Actif,2026-06-29T00:22:55.175652,haute
BJ-F6FB9BEE,Robotique,Industrie & Manufacture,Tori-Bossito,+229 20 82 11 79,robotique@robotique.com.bj,robotique.bj,TPE (<10),B2B,APIEx,,Actif,2026-06-29T00:22:55.175698,haute
BJ-1984F912,Fabrique Adhésif Bénin,Industrie & Manufacture,Tori-Bossito,+229 24 19 96 13,,fabriqueadhésifbénin.bj,TPE (<10),B2B,APIEx,,Actif,2026-06-29T00:22:55.175725,moyenne
BJ-0C1E6AD0,Production Métal Bénin,Industrie & Manufacture,Tori-Bossito,+229 51 37 87 79,,,PME (10-50),B2B,APIEx,,Actif,2026-06-29T00:22:55.175745,basse
BJ-8C835A28,Acier Tori-Bossito,Industrie & Manufacture,Tori-Bossito,+229 52 52 74 74,,aciertoribossito.bj,TPE (<10),B2B,APIEx,,Actif,2026-06-29T00:22:55.175767,moyenne
BJ-B85963FE,Plant Pneumatique Factory,Industrie & Manufacture,Tori-Bossito,+229 99 78 92 85,,plantpneumatiquefactory.bj,PME (50-200),B2B,APIEx,,Actif,2026-06-29T00:22:55.175787,moyenne
BJ-775D8941,Manufacture Fonte,Industrie & Manufacture,Grand-Popo,+229 21 96 57 95,manufacturefonte@manufacturefont.org.bj,manufacturefonte.bj,TPE (<10),B2B,APIEx,,Actif,2026-06-29T00:22:55.175827,haute
BJ-9DB02DDB,Mécanique Africa Grand-Popo,Industrie & Manufacture,Grand-Popo,+229 61 23 43 64,,mécaniqueafricagrandpopo.bj,TPE (<10),B2B,APIEx,,Actif,2026-06-29T00:22:55.175852,moyenne
BJ-A8EA103B,Peinture Bénin,Industrie & Manufacture,Grand-Popo,+229 28 92 11 21,peinture_bénin@peinturebénin.bj,,PME (50-200),B2B,APIEx,,Actif,2026-06-29T00:22:55.175904,moyenne
BJ-C184B5A8,Production,Industrie & Manufacture,Grand-Popo,+229 24 85 39 86,,production.bj,TPE (<10),B2B,APIEx,,Actif,2026-06-29T00:22:55.175932,moyenne
BJ-EE6F6510,Métal,Industrie & Manufacture,Grand-Popo,+229 71 87 20 85,,métal.bj,TPE (<10),B2B,APIEx,,Actif,2026-06-29T00:22:55.175956,moyenne
BJ-8576257F,Manufacture Découpe Works Athiémé,Industrie & Manufacture,Athiémé,+229 22 89 15 61,manufacture.découpe@manufacturedéco.com.bj,manufacturedécoupeworksathiémé.bj,TPE (<10),B2B,APIEx,,Actif,2026-06-29T00:22:55.176006,haute
BJ-4A1B09F0,Automobile Industries,Industrie & Manufacture,Athiémé,+229 76 31 95 57,automobile.industries@automobileindus.com.bj,automobileindustries.bj,Grande (>200),B2B,APIEx,,Actif,2026-06-29T00:22:55.176035,haute
BJ-905EF47D,Zinc,Industrie & Manufacture,Athiémé,+229 36 31 84 82,zinc@yahoo.fr,zinc.bj,TPE (<10),B2B,APIEx,,Actif,2026-06-29T00:22:55.176085,haute
BJ-72162C74,Plastique Factory,Industrie & Manufacture,Athiémé,+229 97 97 51 30,p.factory@outlook.com,,PME (10-50),B2B,APIEx,,Actif,2026-06-29T00:22:55.176119,moyenne
BJ-49E31623,Découpe,Industrie & Manufacture,Bopa,+229 38 93 12 94,,,TPE (<10),B2B,APIEx,,Actif,2026-06-29T00:22:55.176154,basse
BJ-C7A5EAF9,Production Cuivre,Industrie & Manufacture,Bopa,+229 53 23 92 50,production.cuivre@hotmail.com,,PME (50-200),B2B,APIEx,,Actif,2026-06-29T00:22:55.176236,moyenne
BJ-58F5BC06,Céramique,Industrie & Manufacture,Bopa,+229 81 52 30 97,céramique@céramique.com.bj,céramique.bj,PME (50-200),B2B,APIEx,,Actif,2026-06-29T00:22:55.176279,haute
BJ-15C904DA,Manufacture Aluminium,Industrie & Manufacture,Bopa,+229 70 72 15 10,manufacture.aluminium@manufacturealum.bj,,TPE (<10),B2B,APIEx,,Actif,2026-06-29T00:22:55.176314,moyenne
BJ-3A3DD4EB,Cuivre,Industrie & Manufacture,Houéyogbé,+229 52 39 89 88,cuivre@yahoo.com,cuivre.bj,TPE (<10),B2B,APIEx,,Actif,2026-06-29T00:22:55.176357,haute
BJ-CE33454F,Plant Carton SA,Industrie & Manufacture,Houéyogbé,+229 96 37 16 22,plantcarton@plantcartonsa.bj,plantcartonsa.bj,TPE (<10),B2B,APIEx,,Actif,2026-06-29T00:22:55.176394,haute
BJ-50664935,Atelier Fabrication,Industrie & Manufacture,Houéyogbé,+229 60 97 78 32,atelier.fabrication@outlook.com,atelierfabrication.bj,TPE (<10),B2B,APIEx,,Actif,2026-06-29T00:22:55.176422,haute
BJ-E631E06C,Usine Carrelage SA Houéyogbé,Industrie & Manufacture,Houéyogbé,+229 27 89 17 13,u.carrelage@usinecarrelages.com.bj,usinecarrelagesahouéyogbé.bj,PME (10-50),B2B,APIEx,,Actif,2026-06-29T00:22:55.176463,haute
BJ-2127C7BE,Perçage,Industrie & Manufacture,Houéyogbé,+229 29 91 71 25,,perçage.bj,Grande (>200),B2B,APIEx,,Actif,2026-06-29T00:22:55.176478,moyenne
BJ-DE261327,Édition,Industrie & Manufacture,Malanville,+229 65 19 32 70,,,PME (10-50),B2B,APIEx,,Actif,2026-06-29T00:22:55.176510,basse
BJ-2375684B,Unité Carrelage,Industrie & Manufacture,Malanville,+229 49 24 84 32,,unitécarrelage.bj,TPE (<10),B2B,APIEx,,Actif,2026-06-29T00:22:55.176539,moyenne
BJ-DB97FC57,Manufacture Pharmaceutique Industry,Industrie & Manufacture,Malanville,+229 54 94 88 22,m.pharmaceutique@manufacturephar.com.bj,manufacturepharmaceutiqueindustry.bj,Grande (>200),B2B,APIEx,,Actif,2026-06-29T00:22:55.176578,haute
BJ-FFD1EADE,Automatisation SARL,Industrie & Manufacture,Malanville,+229 97 73 94 52,,automatisationsarl.bj,TPE (<10),B2B,APIEx,,Actif,2026-06-29T00:22:55.176600,moyenne
BJ-5CDB78D5,Hydraulique Industry,Industrie & Manufacture,Malanville,+229 88 79 27 46,hydraulique.industry@yahoo.fr,,PME (10-50),B2B,APIEx,,Actif,2026-06-29T00:22:55.176627,moyenne
BJ-D0273C4C,Usine Laser,Industrie & Manufacture,Kandi,+229 54 54 95 40,usine.laser@usinelaser.bj,usinelaser.bj,PME (10-50),B2B,APIEx,,Actif,2026-06-29T00:22:55.176676,haute
BJ-106F62C4,Industrie Usinage Africa,Industrie & Manufacture,Kandi,+229 60 33 36 68,,,TPE (<10),B2B,APIEx,,Actif,2026-06-29T00:22:55.176696,basse
BJ-FC508C09,Découpe,Industrie & Manufacture,Kandi,+229 48 91 80 19,découpe@découpe.bj,,TPE (<10),B2B,APIEx,,Actif,2026-06-29T00:22:55.176713,moyenne
BJ-B75F1AA0,Plastique Plant Kandi,Industrie & Manufacture,Kandi,+229 34 36 98 41,plastique.plant@plastiqueplantk.org.bj,plastiqueplantkandi.bj,Grande (>200),B2B,APIEx,,Actif,2026-06-29T00:22:55.176733,haute
BJ-4AFDE5A0,Production Zinc,Industrie & Manufacture,Kandi,+229 85 49 73 83,productionzinc@productionzinc.com.bj,productionzinc.bj,TPE (<10),B2B,APIEx,,Actif,2026-06-29T00:22:55.176750,haute
BJ-EDB8E363,Zinc,Industrie & Manufacture,Banikoara,+229 91 85 37 38,,zinc.bj,TPE (<10),B2B,APIEx,,Actif,2026-06-29T00:22:55.176772,moyenne
BJ-3FFB826B,Fabrique Fonte,Industrie & Manufacture,Banikoara,+229 62 93 64 63,fabriquefonte@fabriquefonte.org.bj,fabriquefonte.bj,TPE (<10),B2B,APIEx,,Actif,2026-06-29T00:22:55.176789,haute
BJ-0EAD6E10,Ciment,Industrie & Manufacture,Banikoara,+229 46 54 11 21,ciment@hotmail.com,,TPE (<10),B2B,APIEx,,Actif,2026-06-29T00:22:55.176809,moyenne
BJ-13EEECEA,Production Automobile,Industrie & Manufacture,Banikoara,+229 59 67 31 45,p.automobile@yahoo.fr,,PME (10-50),B2B,APIEx,,Actif,2026-06-29T00:22:55.176827,moyenne
BJ-BFD5DED0,Industrie Céramique Factory Banikoara,Industrie & Manufacture,Banikoara,+229 60 44 18 13,industrie.céramique@industriecérami.com.bj,industriecéramiquefactorybanikoara.bj,PME (10-50),B2B,APIEx,,Actif,2026-06-29T00:22:55.176850,haute
BJ-17DD3869,Industrie Transformation,Industrie & Manufacture,Ségbana,+229 35 45 25 35,industrie.transformation@industrietransf.org.bj,industrietransformation.bj,TPE (<10),B2B,APIEx,,Actif,2026-06-29T00:22:55.176876,haute
BJ-667B7F48,Céramique,Industrie & Manufacture,Ségbana,+229 64 57 79 37,céramique@céramique.bj,céramique.bj,PME (10-50),B2B,APIEx,,Actif,2026-06-29T00:22:55.176929,haute
BJ-0052312A,Works CNC SARL,Industrie & Manufacture,Ségbana,+229 45 42 24 63,w.cnc@hotmail.com,workscncsarl.bj,PME (10-50),B2B,APIEx,,Actif,2026-06-29T00:22:55.176975,haute
BJ-2AE9F813,Works Pharmaceutique Plant,Industrie & Manufacture,Ségbana,+229 52 33 46 61,works.pharmaceutique@yahoo.fr,,PME (50-200),B2B,APIEx,,Actif,2026-06-29T00:22:55.177015,moyenne
BJ-D1502102,Industrie Fraisage SARL,Industrie & Manufacture,Ségbana,+229 97 50 80 52,,,PME (50-200),B2B,APIEx,,Actif,2026-06-29T00:22:55.177031,basse
BJ-6B7A2FD8,Emballage Groupe,Industrie & Manufacture,Karimama,+229 86 76 36 23,emballagegroupe@gmail.com,,PME (50-200),B2B,APIEx,,Actif,2026-06-29T00:22:55.177063,moyenne
BJ-7C9FA660,CNC Factory,Industrie & Manufacture,Karimama,+229 22 58 81 76,c.factory@yahoo.com,,PME (50-200),B2B,APIEx,,Actif,2026-06-29T00:22:55.177089,moyenne
BJ-2532D692,Fabrique Perçage Africa,Industrie & Manufacture,Karimama,+229 84 45 68 71,fabrique.perçage@hotmail.com,,TPE (<10),B2B,APIEx,,Actif,2026-06-29T00:22:55.177116,moyenne
BJ-3F7E1E1F,Cuivre SARL Karimama,Industrie & Manufacture,Karimama,+229 94 92 61 69,c.sarl@yahoo.fr,,TPE (<10),B2B,APIEx,,Actif,2026-06-29T00:22:55.177135,moyenne
BJ-FAD4A57A,Plant Découpe Industries,Industrie & Manufacture,Karimama,+229 27 82 54 44,,plantdécoupeindustries.bj,PME (10-50),B2B,APIEx,,Actif,2026-06-29T00:22:55.177151,moyenne
BJ-9DB50281,Peinture,Industrie & Manufacture,Gogounou,+229 66 15 59 12,peinture@yahoo.com,peinture.bj,Grande (>200),B2B,APIEx,,Actif,2026-06-29T00:22:55.177178,haute
BJ-1BCF5729,Works Mécanique Industries,Industrie & Manufacture,Gogounou,+229 26 71 88 77,,worksmécaniqueindustries.bj,Grande (>200),B2B,APIEx,,Actif,2026-06-29T00:22:55.177194,moyenne
BJ-64F92657,Aluminium,Industrie & Manufacture,Gogounou,+229 58 83 72 85,aluminium@aluminium.org.bj,aluminium.bj,PME (10-50),B2B,APIEx,,Actif,2026-06-29T00:22:55.177210,haute
BJ-CFCEF432,Béton SA,Industrie & Manufacture,Gogounou,+229 94 62 78 96,béton@bétonsa.org.bj,bétonsa.bj,Grande (>200),B2B,APIEx,,Actif,2026-06-29T00:22:55.177228,haute
BJ-7F980024,Carton SA Gogounou,Industrie & Manufacture,Gogounou,+229 39 23 44 77,,cartonsagogounou.bj,PME (10-50),B2B,APIEx,,Actif,2026-06-29T00:22:55.177242,moyenne
BJ-2BB67996,Industrie Assemblage,Industrie & Manufacture,Cobly,+229 53 47 26 49,industrie.assemblage@hotmail.com,industrieassemblage.bj,TPE (<10),B2B,APIEx,,Actif,2026-06-29T00:22:55.177270,haute
BJ-A0B7709A,Manufacture Vernis,Industrie & Manufacture,Cobly,+229 25 71 57 22,manufacture.vernis@outlook.com,manufacturevernis.bj,PME (50-200),B2B,APIEx,,Actif,2026-06-29T00:22:55.177290,haute
BJ-30C33B7A,Carton,Industrie & Manufacture,Cobly,+229 26 84 10 96,carton@carton.com.bj,carton.bj,PME (50-200),B2B,APIEx,,Actif,2026-06-29T00:22:55.177314,haute
BJ-83FEAA62,Works Découpe,Industrie & Manufacture,Cobly,+229 73 44 12 60,w.découpe@hotmail.com,worksdécoupe.bj,TPE (<10),B2B,APIEx,,Actif,2026-06-29T00:22:55.177337,haute
BJ-030396B1,Fabrique Bois,Industrie & Manufacture,Cobly,+229 44 20 92 70,,fabriquebois.bj,TPE (<10),B2B,APIEx,,Actif,2026-06-29T00:22:55.177352,moyenne
BJ-F788F9E4,Works Peinture Industry,Industrie & Manufacture,Tanguiéta,+229 28 63 86 65,workspeinture@hotmail.com,workspeintureindustry.bj,Grande (>200),B2B,APIEx,,Actif,2026-06-29T00:22:55.177380,haute
BJ-239A354F,Peinture,Industrie & Manufacture,Tanguiéta,+229 88 60 98 35,,peinture.bj,Grande (>200),B2B,APIEx,,Actif,2026-06-29T00:22:55.177402,moyenne
BJ-1BE66166,Atelier Cuivre Industry Tanguiéta,Industrie & Manufacture,Tanguiéta,+229 77 24 27 80,a.cuivre@ateliercuivrein.com.bj,ateliercuivreindustrytanguiéta.bj,PME (10-50),B2B,APIEx,,Actif,2026-06-29T00:22:55.177425,haute
BJ-B26B8290,Fabrication Tanguiéta,Industrie & Manufacture,Tanguiéta,+229 27 21 54 51,fabricationtanguiéta@yahoo.fr,,PME (10-50),B2B,APIEx,,Actif,2026-06-29T00:22:55.177444,moyenne
BJ-0039A915,Bois Works Tanguiéta,Industrie & Manufacture,Tanguiéta,+229 55 62 91 49,bois_works@boisworkstangui.org.bj,boisworkstanguiéta.bj,PME (50-200),B2B,APIEx,,Actif,2026-06-29T00:22:55.177464,haute
BJ-57C8F451,Céramique Factory,Industrie & Manufacture,Matéri,+229 82 71 49 44,céramique.factory@yahoo.fr,céramiquefactory.bj,Grande (>200),B2B,APIEx,,Actif,2026-06-29T00:22:55.177499,haute
BJ-099CEA3F,Imprimerie,Industrie & Manufacture,Matéri,+229 29 84 27 45,imprimerie@yahoo.com,imprimerie.bj,PME (10-50),B2B,APIEx,,Actif,2026-06-29T00:22:55.177529,haute
BJ-ED674529,Aluminium Works,Industrie & Manufacture,Matéri,+229 52 43 14 14,aluminium.works@yahoo.com,,PME (10-50),B2B,APIEx,,Actif,2026-06-29T00:22:55.177581,moyenne
BJ-5FF48F9C,Découpe SARL,Industrie & Manufacture,Matéri,+229 33 10 30 74,découpe_sarl@découpesarl.org.bj,,PME (10-50),B2B,APIEx,,Actif,2026-06-29T00:22:55.177631,moyenne
BJ-2DFED096,Fabrique Perçage,Industrie & Manufacture,Matéri,+229 30 89 92 24,,,PME (50-200),B2B,APIEx,,Actif,2026-06-29T00:22:55.177687,basse
BJ-2EA46522,Colle,Industrie & Manufacture,Natitingou,+229 57 17 78 30,colle@colle.com.bj,colle.bj,TPE (<10),B2B,APIEx,,Actif,2026-06-29T00:22:55.177747,haute
BJ-86EE4633,Atelier Zinc Natitingou,Industrie & Manufacture,Natitingou,+229 78 52 32 57,atelierzinc@atelierzincnati.org.bj,,TPE (<10),B2B,APIEx,,Actif,2026-06-29T00:22:55.177784,moyenne
BJ-A0531FCF,Adhésif,Industrie & Manufacture,Natitingou,+229 96 48 18 49,adhésif@yahoo.fr,,TPE (<10),B2B,APIEx,,Actif,2026-06-29T00:22:55.177816,moyenne
BJ-F9012FA5,Fabrique Verre Natitingou,Industrie & Manufacture,Natitingou,+229 91 36 95 55,f.verre@fabriqueverrena.org.bj,,PME (10-50),B2B,APIEx,,Actif,2026-06-29T00:22:55.177854,moyenne
BJ-9A88691A,Perçage,Industrie & Manufacture,Toucountouna,+229 27 77 83 45,perçage@outlook.com,perçage.bj,TPE (<10),B2B,APIEx,,Actif,2026-06-29T00:22:55.177972,haute
BJ-24B6BA70,Automobile Works,Industrie & Manufacture,Toucountouna,+229 96 76 11 27,a.works@automobileworks.com.bj,automobileworks.bj,TPE (<10),B2B,APIEx,,Actif,2026-06-29T00:22:55.178008,haute
BJ-D9F1387F,Vernis Toucountouna,Industrie & Manufacture,Toucountouna,+229 93 99 50 23,v.toucountouna@yahoo.com,,PME (50-200),B2B,APIEx,,Actif,2026-06-29T00:22:55.178058,moyenne
BJ-49BA3AAD,Fabrique Vernis Africa,Industrie & Manufacture,Toucountouna,+229 66 62 95 70,f.vernis@outlook.com,fabriquevernisafrica.bj,PME (10-50),B2B,APIEx,,Actif,2026-06-29T00:22:55.178096,haute
BJ-4C2C9BF0,Automobile SARL,Industrie & Manufacture,Toucountouna,+229 54 97 47 30,automobile.sarl@automobilesarl.org.bj,automobilesarl.bj,TPE (<10),B2B,APIEx,,Actif,2026-06-29T00:22:55.178132,haute
BJ-25B2543C,Plant Automatique Plant Boukoumbé,Industrie & Manufacture,Boukoumbé,+229 65 86 52 71,,plantautomatiqueplantboukoumbé.bj,PME (10-50),B2B,APIEx,,Actif,2026-06-29T00:22:55.178187,moyenne
BJ-6024EEB3,Unité Mécanique,Industrie & Manufacture,Boukoumbé,+229 50 23 55 96,unité.mécanique@yahoo.com,,TPE (<10),B2B,APIEx,,Actif,2026-06-29T00:22:55.178222,moyenne
BJ-D704910D,Works Colle Manufacture Boukoumbé,Industrie & Manufacture,Boukoumbé,+229 66 82 80 82,workscolle@workscollemanuf.bj,workscollemanufactureboukoumbé.bj,TPE (<10),B2B,APIEx,,Actif,2026-06-29T00:22:55.178263,haute
BJ-61E13318,Industrie Soudure,Industrie & Manufacture,Boukoumbé,+229 78 53 95 23,industriesoudure@outlook.com,,PME (50-200),B2B,APIEx,,Actif,2026-06-29T00:22:55.178297,moyenne
BJ-856459DB,Works Production SARL,Industrie & Manufacture,Boukoumbé,+229 69 70 68 61,works.production@worksproduction.bj,,TPE (<10),B2B,APIEx,,Actif,2026-06-29T00:22:55.178332,moyenne
BJ-3094F0EA,Robotique,Industrie & Manufacture,Kouandé,+229 67 57 98 35,robotique@robotique.com.bj,robotique.bj,TPE (<10),B2B,APIEx,,Actif,2026-06-29T00:22:55.178417,haute
BJ-C57D09E4,Unité Carton Industry,Industrie & Manufacture,Kouandé,+229 77 61 26 31,unité_carton@hotmail.com,unitécartonindustry.bj,TPE (<10),B2B,APIEx,,Actif,2026-06-29T00:22:55.178476,haute
BJ-E3BC20CF,Peinture Groupe Kouandé,Industrie & Manufacture,Kouandé,+229 86 43 98 28,peinturegroupe@gmail.com,peinturegroupekouandé.bj,TPE (<10),B2B,APIEx,,Actif,2026-06-29T00:22:55.178563,haute
BJ-4B91EFD3,Manufacture Ciment Africa,Industrie & Manufacture,Péhunco,+229 77 12 19 99,manufacture_ciment@gmail.com,,TPE (<10),B2B,APIEx,,Actif,2026-06-29T00:22:55.178610,moyenne
BJ-1F48FAEA,Soudure,Industrie & Manufacture,Péhunco,+229 20 82 30 36,soudure@soudure.com.bj,,TPE (<10),B2B,APIEx,,Actif,2026-06-29T00:22:55.178642,moyenne
BJ-0622A85D,Works Ciment,Industrie & Manufacture,Péhunco,+229 95 23 41 64,w.ciment@worksciment.bj,,PME (10-50),B2B,APIEx,,Actif,2026-06-29T00:22:55.178677,moyenne
BJ-A3119BAA,Plant Automatisation Africa,Industrie & Manufacture,Péhunco,+229 99 37 48 15,plantautomatisation@plantautomatisa.org.bj,,TPE (<10),B2B,APIEx,,Actif,2026-06-29T00:22:55.178714,moyenne
BJ-84E28A23,Manufacture Métal Factory,Industrie & Manufacture,Péhunco,+229 52 53 90 57,manufacturemétal@manufactureméta.com.bj,manufacturemétalfactory.bj,TPE (<10),B2B,APIEx,,Actif,2026-06-29T00:22:55.178770,haute
BJ-3334D72A,Métal Manufacture,Industrie & Manufacture,Tchaourou,+229 51 51 86 57,métalmanufacture@yahoo.fr,,TPE (<10),B2B,APIEx,,Actif,2026-06-29T00:22:55.178857,moyenne
BJ-48F2A244,Unité Transformation Tchaourou,Industrie & Manufacture,Tchaourou,+229 25 91 73 93,unité.transformation@outlook.com,,PME (10-50),B2B,APIEx,,Actif,2026-06-29T00:22:55.178916,moyenne
BJ-44B5A67B,Céramique Africa,Industrie & Manufacture,Tchaourou,+229 90 50 22 70,céramique_africa@céramiqueafrica.bj,céramiqueafrica.bj,PME (50-200),B2B,APIEx,,Actif,2026-06-29T00:22:55.178962,haute
BJ-23B14088,Assemblage Plant,Industrie & Manufacture,Tchaourou,+229 92 40 50 39,a.plant@assemblageplant.com.bj,assemblageplant.bj,TPE (<10),B2B,APIEx,,Actif,2026-06-29T00:22:55.179000,haute
BJ-0D83E7C1,Tournage,Industrie & Manufacture,Nikki,+229 58 41 75 84,tournage@tournage.bj,tournage.bj,PME (50-200),B2B,APIEx,,Actif,2026-06-29T00:22:55.179047,haute
BJ-E2A5365A,Production Colle Works,Industrie & Manufacture,Nikki,+229 24 54 28 50,p.colle@productioncolle.com.bj,,PME (10-50),B2B,APIEx,,Actif,2026-06-29T00:22:55.179082,moyenne
BJ-E3EDAE58,Verre Bénin,Industrie & Manufacture,Nikki,+229 85 51 18 75,,,PME (10-50),B2B,APIEx,,Actif,2026-06-29T00:22:55.179111,basse
BJ-92F8F2B6,Production Adhésif Nikki,Industrie & Manufacture,Nikki,+229 55 39 96 76,production.adhésif@gmail.com,productionadhésifnikki.bj,PME (50-200),B2B,APIEx,,Actif,2026-06-29T00:22:55.179150,haute
BJ-D5275922,Fonte Works,Industrie & Manufacture,Nikki,+229 21 92 79 15,fonteworks@yahoo.com,fonteworks.bj,PME (50-200),B2B,APIEx,,Actif,2026-06-29T00:22:55.179187,haute
BJ-BF9DB698,Colle,Industrie & Manufacture,Bembéréké,+229 21 69 57 75,colle@colle.com.bj,colle.bj,TPE (<10),B2B,APIEx,,Actif,2026-06-29T00:22:55.179232,haute
BJ-476B24EB,Production Colle,Industrie & Manufacture,Bembéréké,+229 80 41 20 88,p.colle@productioncolle.bj,,TPE (<10),B2B,APIEx,,Actif,2026-06-29T00:22:55.179269,moyenne
BJ-FAC723D3,Unité Céramique SARL,Industrie & Manufacture,Bembéréké,+229 90 12 93 99,,unitécéramiquesarl.bj,PME (50-200),B2B,APIEx,,Actif,2026-06-29T00:22:55.179309,moyenne
BJ-15FB1872,CNC Manufacture,Industrie & Manufacture,Bembéréké,+229 59 83 94 85,,,PME (50-200),B2B,APIEx,,Actif,2026-06-29T00:22:55.179337,basse
BJ-CBEDB212,Conditionnement Africa Bembéréké,Industrie & Manufacture,Bembéréké,+229 78 60 25 45,,conditionnementafricabembéréké.bj,TPE (<10),B2B,APIEx,,Actif,2026-06-29T00:22:55.179368,moyenne
BJ-426A72B6,Découpe Groupe,Industrie & Manufacture,Kalalé,+229 94 81 29 33,d.groupe@outlook.com,,Grande (>200),B2B,APIEx,,Actif,2026-06-29T00:22:55.179413,moyenne
BJ-73BC37B3,Industrie Hydraulique Plant,Industrie & Manufacture,Kalalé,+229 20 30 53 53,,industriehydrauliqueplant.bj,TPE (<10),B2B,APIEx,,Actif,2026-06-29T00:22:55.179433,moyenne
BJ-EBF56E51,Pharmaceutique Kalalé,Industrie & Manufacture,Kalalé,+229 76 69 14 58,pharmaceutiquekalalé@pharmaceutiquek.bj,,TPE (<10),B2B,APIEx,,Actif,2026-06-29T00:22:55.179457,moyenne
BJ-35B2848B,Céramique,Industrie & Manufacture,Kalalé,+229 43 13 25 89,céramique@céramique.com.bj,,PME (50-200),B2B,APIEx,,Actif,2026-06-29T00:22:55.179485,moyenne
BJ-ABA46767,Édition SA,Industrie & Manufacture,Kalalé,+229 22 61 50 70,édition@hotmail.com,,PME (50-200),B2B,APIEx,,Actif,2026-06-29T00:22:55.179520,moyenne
BJ-D6996EB9,Pneumatique,Industrie & Manufacture,Ndali,+229 20 42 30 11,pneumatique@yahoo.fr,,TPE (<10),B2B,APIEx,,Actif,2026-06-29T00:22:55.179569,moyenne
BJ-A8FCE7A0,Usine Fonte SA,Industrie & Manufacture,Ndali,+229 83 36 53 51,usinefonte@hotmail.com,usinefontesa.bj,PME (10-50),B2B,APIEx,,Actif,2026-06-29T00:22:55.179606,haute
BJ-ECBDB6A9,Unité Emballage Ndali,Industrie & Manufacture,Ndali,+229 34 89 56 25,u.emballage@gmail.com,unitéemballagendali.bj,PME (50-200),B2B,APIEx,,Actif,2026-06-29T00:22:55.179649,haute
BJ-0C4284DC,Vernis Industries Ndali,Industrie & Manufacture,Ndali,+229 28 51 89 77,vernisindustries@vernisindustrie.org.bj,vernisindustriesndali.bj,TPE (<10),B2B,APIEx,,Actif,2026-06-29T00:22:55.179691,haute
BJ-7EBDBE5C,Manufacture Bois Groupe,Industrie & Manufacture,Ndali,+229 48 69 84 38,manufacturebois@yahoo.com,manufactureboisgroupe.bj,TPE (<10),B2B,APIEx,,Actif,2026-06-29T00:22:55.179728,haute
BJ-F5F898BA,Manufacture Tournage Factory,Industrie & Manufacture,Ségbana,+229 89 45 39 25,m.tournage@hotmail.com,,Grande (>200),B2B,APIEx,,Actif,2026-06-29T00:22:55.179788,moyenne
BJ-2B6ABF6E,CNC,Industrie & Manufacture,Ségbana,+229 85 76 18 15,,cnc.bj,PME (50-200),B2B,APIEx,,Actif,2026-06-29T00:22:55.179824,moyenne
BJ-24DF10FE,Usine Hydraulique,Industrie & Manufacture,Ségbana,+229 29 97 82 59,,,PME (10-50),B2B,APIEx,,Actif,2026-06-29T00:22:55.179851,basse
BJ-700D9B00,Usinage Works,Industrie & Manufacture,Ségbana,+229 80 36 91 81,usinage.works@yahoo.com,usinageworks.bj,PME (50-200),B2B,APIEx,,Actif,2026-06-29T00:22:55.179886,haute
BJ-846F2DFA,Atelier Pharmaceutique SA,Industrie & Manufacture,Ségbana,+229 45 26 77 35,atelier.pharmaceutique@hotmail.com,,PME (50-200),B2B,APIEx,,Actif,2026-06-29T00:22:55.179936,moyenne
BJ-C6A0DC38,Manufacture Production,Industrie & Manufacture,Tchaourou,+229 52 92 28 58,manufacture_production@manufactureprod.com.bj,manufactureproduction.bj,PME (50-200),B2B,APIEx,,Actif,2026-06-29T00:22:55.179974,haute
BJ-FB273E57,Production Ciment Tchaourou,Industrie & Manufacture,Tchaourou,+229 97 81 18 60,productionciment@productioncimen.org.bj,productioncimenttchaourou.bj,PME (10-50),B2B,APIEx,,Actif,2026-06-29T00:22:55.179994,haute
BJ-D5DC224C,Atelier Céramique,Industrie & Manufacture,Tchaourou,+229 41 16 61 95,atelier_céramique@ateliercéramiqu.bj,,PME (50-200),B2B,APIEx,,Actif,2026-06-29T00:22:55.180039,moyenne
BJ-969869D9,Mécanique Bénin,Industrie & Manufacture,Tchaourou,+229 64 51 67 29,,mécaniquebénin.bj,PME (10-50),B2B,APIEx,,Actif,2026-06-29T00:22:55.180079,moyenne
BJ-6596A976,Mécanique Industries Tchaourou,Industrie & Manufacture,Tchaourou,+229 31 58 53 49,mécaniqueindustries@yahoo.fr,mécaniqueindustriestchaourou.bj,PME (10-50),B2B,APIEx,,Actif,2026-06-29T00:22:55.180106,haute
BJ-04943111,Robotique,Industrie & Manufacture,Bétérou,+229 58 43 33 60,,robotique.bj,PME (10-50),B2B,APIEx,,Actif,2026-06-29T00:22:55.180132,moyenne
BJ-8F1226F2,Works Production,Industrie & Manufacture,Bétérou,+229 33 55 96 52,works.production@worksproduction.org.bj,worksproduction.bj,PME (10-50),B2B,APIEx,,Actif,2026-06-29T00:22:55.180161,haute
BJ-A993FF91,Verre Industry Bétérou,Industrie & Manufacture,Bétérou,+229 76 73 92 82,,verreindustrybétérou.bj,Grande (>200),B2B,APIEx,,Actif,2026-06-29T00:22:55.180196,moyenne
BJ-DD104279,Usine Hydraulique Manufacture,Industrie & Manufacture,Bétérou,+229 48 88 77 70,usine.hydraulique@hotmail.com,usinehydrauliquemanufacture.bj,TPE (<10),B2B,APIEx,,Actif,2026-06-29T00:22:55.180225,haute
BJ-0D098C82,Production Plastique Bénin,Industrie & Manufacture,Ouessè,+229 67 11 58 35,production.plastique@hotmail.com,productionplastiquebénin.bj,PME (10-50),B2B,APIEx,,Actif,2026-06-29T00:22:55.180284,haute
BJ-4AD3B161,Automobile Ouessè,Industrie & Manufacture,Ouessè,+229 75 67 40 89,a.ouessè@hotmail.com,automobileouessè.bj,PME (50-200),B2B,APIEx,,Actif,2026-06-29T00:22:55.180333,haute
BJ-5DA4FD5A,Papier,Industrie & Manufacture,Ouessè,+229 83 91 39 70,,papier.bj,PME (10-50),B2B,APIEx,,Actif,2026-06-29T00:22:55.180347,moyenne
BJ-CBA04A90,Perçage Manufacture Ouessè,Industrie & Manufacture,Ouessè,+229 58 44 92 65,perçage.manufacture@perçagemanufact.org.bj,,TPE (<10),B2B,APIEx,,Actif,2026-06-29T00:22:55.180368,moyenne
BJ-4F5FA972,Automatisation Factory Glazoué,Industrie & Manufacture,Glazoué,+229 30 53 27 98,,,TPE (<10),B2B,APIEx,,Actif,2026-06-29T00:22:55.180391,basse
BJ-59A76955,Usine Pneumatique,Industrie & Manufacture,Glazoué,+229 47 33 33 77,,,Grande (>200),B2B,APIEx,,Actif,2026-06-29T00:22:55.180404,basse
BJ-E96ED695,Fabrique Automobile Glazoué,Industrie & Manufacture,Glazoué,+229 81 49 37 52,,,PME (10-50),B2B,APIEx,,Actif,2026-06-29T00:22:55.180417,basse
BJ-5D25DE8B,Mécanique,Industrie & Manufacture,Glazoué,+229 81 53 56 79,mécanique@yahoo.fr,mécanique.bj,PME (10-50),B2B,APIEx,,Actif,2026-06-29T00:22:55.180435,haute
BJ-132DD493,Électrique Plant,Industrie & Manufacture,Glazoué,+229 25 32 95 29,,électriqueplant.bj,TPE (<10),B2B,APIEx,,Actif,2026-06-29T00:22:55.180448,moyenne
BJ-600AA648,Unité Édition,Industrie & Manufacture,Dassa-Zoumè,+229 98 13 42 25,u.édition@outlook.com,,PME (50-200),B2B,APIEx,,Actif,2026-06-29T00:22:55.180493,moyenne
BJ-FF7E75C5,Fonte,Industrie & Manufacture,Dassa-Zoumè,+229 86 86 36 19,,,PME (10-50),B2B,APIEx,,Actif,2026-06-29T00:22:55.180523,basse
BJ-AE7A03C3,Atelier Acier Industries,Industrie & Manufacture,Savalou,+229 78 43 30 46,atelieracier@yahoo.com,atelieracierindustries.bj,PME (10-50),B2B,APIEx,,Actif,2026-06-29T00:22:55.180567,haute
BJ-C3F01259,Production Béton SA Savalou,Industrie & Manufacture,Savalou,+229 93 21 70 53,,,PME (50-200),B2B,APIEx,,Actif,2026-06-29T00:22:55.180595,basse
BJ-BEFE208B,Atelier Verre SARL,Industrie & Manufacture,Savalou,+229 31 58 40 29,a.verre@atelierverresar.org.bj,atelierverresarl.bj,TPE (<10),B2B,APIEx,,Actif,2026-06-29T00:22:55.180613,haute
BJ-5EE56F32,Production Pharmaceutique,Industrie & Manufacture,Savalou,+229 63 75 96 93,production.pharmaceutique@outlook.com,productionpharmaceutique.bj,PME (10-50),B2B,APIEx,,Actif,2026-06-29T00:22:55.180632,haute
BJ-417C78C7,Plant Laser,Industrie & Manufacture,Bantè,+229 76 30 50 90,plantlaser@plantlaser.org.bj,plantlaser.bj,PME (10-50),B2B,APIEx,,Actif,2026-06-29T00:22:55.180657,haute
BJ-F4A9C745,Works Alimentaire Manufacture,Industrie & Manufacture,Bantè,+229 95 48 23 77,w.alimentaire@yahoo.com,worksalimentairemanufacture.bj,PME (10-50),B2B,APIEx,,Actif,2026-06-29T00:22:55.180674,haute
BJ-D21FB072,Atelier Électrique Bénin,Industrie & Manufacture,Bantè,+229 95 56 61 91,atelier.électrique@yahoo.fr,atelierélectriquebénin.bj,PME (10-50),B2B,APIEx,,Actif,2026-06-29T00:22:55.180719,haute
BJ-41D3D94D,Électrique Bénin,Industrie & Manufacture,Bantè,+229 46 66 87 44,,électriquebénin.bj,TPE (<10),B2B,APIEx,,Actif,2026-06-29T00:22:55.180737,moyenne
BJ-913B8054,Atelier Adhésif Djougou,Industrie & Manufacture,Djougou,+229 54 31 57 12,a.adhésif@yahoo.fr,,Grande (>200),B2B,APIEx,,Actif,2026-06-29T00:22:55.180764,moyenne
BJ-ABBD9EEB,Papier,Industrie & Manufacture,Djougou,+229 65 56 54 92,papier@yahoo.fr,papier.bj,PME (10-50),B2B,APIEx,,Actif,2026-06-29T00:22:55.180784,haute
BJ-9DDF51DB,Céramique Groupe,Industrie & Manufacture,Djougou,+229 70 21 92 98,,céramiquegroupe.bj,PME (10-50),B2B,APIEx,,Actif,2026-06-29T00:22:55.180799,moyenne
BJ-75DD89A8,Atelier Découpe,Industrie & Manufacture,Djougou,+229 22 32 22 48,atelierdécoupe@hotmail.com,,PME (50-200),B2B,APIEx,,Actif,2026-06-29T00:22:55.180816,moyenne
BJ-2E3FF9A2,Plant Verre Industries Djougou,Industrie & Manufacture,Djougou,+229 46 71 30 12,p.verre@hotmail.com,plantverreindustriesdjougou.bj,PME (50-200),B2B,APIEx,,Actif,2026-06-29T00:22:55.180869,haute
BJ-ED30F8E1,Tournage Works,Industrie & Manufacture,Ouèssè,+229 52 63 87 58,,tournageworks.bj,PME (50-200),B2B,APIEx,,Actif,2026-06-29T00:22:55.180949,moyenne
BJ-EE3760D2,Découpe Ouèssè,Industrie & Manufacture,Ouèssè,+229 65 76 44 73,découpe.ouèssè@découpeouèssè.com.bj,découpeouèssè.bj,Grande (>200),B2B,APIEx,,Actif,2026-06-29T00:22:55.180993,haute
BJ-E3CA91A5,Unité Mécanique Industries,Industrie & Manufacture,Ouèssè,+229 62 25 13 69,,unitémécaniqueindustries.bj,PME (10-50),B2B,APIEx,,Actif,2026-06-29T00:22:55.181039,moyenne
BJ-32B4B44F,Robotique Manufacture,Industrie & Manufacture,Ouèssè,+229 22 42 58 27,,,Grande (>200),B2B,APIEx,,Actif,2026-06-29T00:22:55.181071,basse
BJ-7580E385,Tournage,Industrie & Manufacture,Ouèssè,+229 47 10 21 34,tournage@tournage.com.bj,tournage.bj,TPE (<10),B2B,APIEx,,Actif,2026-06-29T00:22:55.181103,haute
BJ-C78C8286,Électrique Manufacture,Industrie & Manufacture,Bassila,+229 48 84 88 64,électrique.manufacture@yahoo.fr,électriquemanufacture.bj,TPE (<10),B2B,APIEx,,Actif,2026-06-29T00:22:55.181179,haute
BJ-A0F25984,Plant Carton Bassila,Industrie & Manufacture,Bassila,+229 64 71 17 40,plant.carton@plantcartonbass.com.bj,,Grande (>200),B2B,APIEx,,Actif,2026-06-29T00:22:55.181221,moyenne
BJ-7F4B9F52,Plant Bois,Industrie & Manufacture,Bassila,+229 20 81 15 17,,plantbois.bj,PME (50-200),B2B,APIEx,,Actif,2026-06-29T00:22:55.181249,moyenne
BJ-8C9264BE,Fraisage Industries,Industrie & Manufacture,Bassila,+229 26 19 14 69,f.industries@hotmail.com,fraisageindustries.bj,PME (10-50),B2B,APIEx,,Actif,2026-06-29T00:22:55.181284,haute
BJ-47FE9723,Soudure,Industrie & Manufacture,Bassila,+229 61 16 87 36,soudure@outlook.com,soudure.bj,PME (10-50),B2B,APIEx,,Actif,2026-06-29T00:22:55.181312,haute
BJ-B64BCEA9,CNC Industry Pehunco,Industrie & Manufacture,Pehunco,+229 93 61 44 92,cnc.industry@cncindustrypehu.bj,,PME (50-200),B2B,APIEx,,Actif,2026-06-29T00:22:55.181365,moyenne
BJ-17FD3058,Verre,Industrie & Manufacture,Pehunco,+229 39 56 68 39,verre@verre.com.bj,verre.bj,TPE (<10),B2B,APIEx,,Actif,2026-06-29T00:22:55.181397,haute
BJ-A5A4E579,CNC,Industrie & Manufacture,Pehunco,+229 38 80 12 73,cnc@cnc.org.bj,cnc.bj,TPE (<10),B2B,APIEx,,Actif,2026-06-29T00:22:55.181431,haute
BJ-57AC8679,Industrie Automobile Africa,Industrie & Manufacture,Copargo,+229 37 33 62 24,industrie.automobile@hotmail.com,,PME (10-50),B2B,APIEx,,Actif,2026-06-29T00:22:55.181527,moyenne
BJ-CC93B815,Métal SA,Industrie & Manufacture,Copargo,+229 80 61 53 38,,métalsa.bj,PME (50-200),B2B,APIEx,,Actif,2026-06-29T00:22:55.181555,moyenne
BJ-C279B5D6,Plant Automatisation,Industrie & Manufacture,Copargo,+229 65 23 76 24,,plantautomatisation.bj,PME (10-50),B2B,APIEx,,Actif,2026-06-29T00:22:55.181582,moyenne
BJ-E5FFFC97,Plant Emballage,Industrie & Manufacture,Copargo,+229 39 25 10 85,,,PME (10-50),B2B,APIEx,,Actif,2026-06-29T00:22:55.181633,basse
BJ-588C88BC,Consulting Image Africa,Services aux entreprises,Cotonou,+229 94 23 96 50,c.image@consultingimage.bj,consultingimageafrica.bj,PME (10-50),B2B,APIEx,,Actif,2026-06-29T00:22:55.181678,haute
BJ-B71BE7CB,Cabinet Conseil,Services aux entreprises,Cotonou,+229 94 36 80 19,cabinetconseil@gmail.com,cabinetconseil.bj,PME (50-200),B2B,APIEx,,Actif,2026-06-29T00:22:55.181711,haute
BJ-60870D67,Innovation,Services aux entreprises,Cotonou,+229 36 61 38 98,innovation@innovation.com.bj,innovation.bj,PME (50-200),B2B,APIEx,,Actif,2026-06-29T00:22:55.181751,haute
BJ-49103A89,Partners Relations Cotonou,Services aux entreprises,Cotonou,+229 79 80 99 25,p.relations@partnersrelatio.org.bj,partnersrelationscotonou.bj,TPE (<10),B2B,APIEx,,Actif,2026-06-29T00:22:55.181801,haute
BJ-4426EA71,ISO,Services aux entreprises,Cotonou,+229 73 67 77 53,iso@iso.bj,iso.bj,PME (10-50),B2B,APIEx,,Actif,2026-06-29T00:22:55.181832,haute
BJ-38F8F8B0,Recrutement Abomey-Calavi,Services aux entreprises,Abomey-Calavi,+229 60 11 56 48,recrutementabomey@yahoo.com,recrutementabomeycalavi.bj,PME (50-200),B2B,APIEx,,Actif,2026-06-29T00:22:55.181877,haute
BJ-542F76AC,Qualité,Services aux entreprises,Abomey-Calavi,+229 92 31 45 47,qualité@yahoo.fr,qualité.bj,PME (10-50),B2B,APIEx,,Actif,2026-06-29T00:22:55.181924,haute
BJ-683F2530,Partners Événement Solutions,Services aux entreprises,Abomey-Calavi,+229 31 19 14 36,p.événement@partnersévéneme.com.bj,partnersévénementsolutions.bj,TPE (<10),B2B,APIEx,,Actif,2026-06-29T00:22:55.181950,haute
BJ-095A22D6,Conseil Image,Services aux entreprises,Abomey-Calavi,+229 30 52 35 96,c.image@conseilimage.org.bj,,TPE (<10),B2B,APIEx,,Actif,2026-06-29T00:22:55.181973,moyenne
BJ-E85DCB76,Accréditation,Services aux entreprises,Abomey-Calavi,+229 73 13 67 20,accréditation@hotmail.com,accréditation.bj,TPE (<10),B2B,APIEx,,Actif,2026-06-29T00:22:55.181997,haute
BJ-E30AFB7F,Ménage,Services aux entreprises,Porto-Novo,+229 31 41 80 40,ménage@yahoo.fr,ménage.bj,PME (50-200),B2B,APIEx,,Actif,2026-06-29T00:22:55.182021,haute
BJ-00E94533,Solutions Qualité Porto-Novo,Services aux entreprises,Porto-Novo,+229 58 76 73 27,s.qualité@solutionsqualit.bj,solutionsqualitéportonovo.bj,PME (50-200),B2B,APIEx,,Actif,2026-06-29T00:22:55.182041,haute
BJ-C3E36261,Partners Communication,Services aux entreprises,Porto-Novo,+229 84 34 75 50,partnerscommunication@outlook.com,partnerscommunication.bj,Grande (>200),B2B,APIEx,,Actif,2026-06-29T00:22:55.182061,haute
BJ-C7867555,Communication Services,Services aux entreprises,Porto-Novo,+229 91 43 26 22,,,PME (10-50),B2B,APIEx,,Actif,2026-06-29T00:22:55.182073,basse
BJ-E206B593,Audit Bénin,Services aux entreprises,Porto-Novo,+229 90 96 21 44,audit.bénin@yahoo.com,auditbénin.bj,TPE (<10),B2B,APIEx,,Actif,2026-06-29T00:22:55.182091,haute
BJ-1BF16D39,Consulting Entretien Africa Parakou,Services aux entreprises,Parakou,+229 73 64 16 28,consultingentretien@gmail.com,,PME (10-50),B2B,APIEx,,Actif,2026-06-29T00:22:55.182115,moyenne
BJ-1CAD7F1D,Certification Consulting Parakou,Services aux entreprises,Parakou,+229 90 31 87 38,certification.consulting@hotmail.com,,TPE (<10),B2B,APIEx,,Actif,2026-06-29T00:22:55.182131,moyenne
BJ-9D26CAD5,Formation International,Services aux entreprises,Parakou,+229 81 71 60 75,formation.international@formationintern.com.bj,formationinternational.bj,TPE (<10),B2B,APIEx,,Actif,2026-06-29T00:22:55.182148,haute
BJ-29F2EFDD,Inspection,Services aux entreprises,Parakou,+229 31 84 97 41,inspection@hotmail.com,inspection.bj,PME (50-200),B2B,APIEx,,Actif,2026-06-29T00:22:55.182162,haute
BJ-BD0CFFA0,Solutions Événement Solutions,Services aux entreprises,Parakou,+229 41 78 30 98,s.événement@solutionsévénem.bj,,PME (10-50),B2B,APIEx,,Actif,2026-06-29T00:22:55.182184,moyenne
BJ-9E3449DC,Expert CDI Cabinet Bohicon,Services aux entreprises,Bohicon,+229 88 23 63 47,expertcdi@yahoo.com,expertcdicabinetbohicon.bj,TPE (<10),B2B,APIEx,,Actif,2026-06-29T00:22:55.182208,haute
BJ-2A53E077,Recrutement Bureau,Services aux entreprises,Bohicon,+229 43 38 67 37,recrutement.bureau@hotmail.com,recrutementbureau.bj,TPE (<10),B2B,APIEx,,Actif,2026-06-29T00:22:55.182224,haute
BJ-260804FA,Excellence,Services aux entreprises,Bohicon,+229 30 62 51 12,excellence@hotmail.com,,Grande (>200),B2B,APIEx,,Actif,2026-06-29T00:22:55.182240,moyenne
BJ-746388D8,Transformation Bénin,Services aux entreprises,Bohicon,+229 45 87 40 68,transformation.bénin@gmail.com,,PME (10-50),B2B,APIEx,,Actif,2026-06-29T00:22:55.182261,moyenne
BJ-D1C17C61,Ménage Advisory,Services aux entreprises,Natitingou,+229 25 37 22 83,ménage.advisory@outlook.com,ménageadvisory.bj,PME (10-50),B2B,APIEx,,Actif,2026-06-29T00:22:55.182322,haute
BJ-F87197FC,Freelance International Natitingou,Services aux entreprises,Natitingou,+229 94 19 92 14,freelance.international@yahoo.fr,freelanceinternationalnatitingou.bj,PME (50-200),B2B,APIEx,,Actif,2026-06-29T00:22:55.182339,haute
BJ-6BE10EF5,Conseil Contrôle International,Services aux entreprises,Natitingou,+229 90 75 92 89,,conseilcontrôleinternational.bj,TPE (<10),B2B,APIEx,,Actif,2026-06-29T00:22:55.182353,moyenne
BJ-FB11D348,Comptable Cabinet,Services aux entreprises,Natitingou,+229 37 97 97 59,comptablecabinet@outlook.com,comptablecabinet.bj,TPE (<10),B2B,APIEx,,Actif,2026-06-29T00:22:55.182370,haute
BJ-A9E029A6,Sécurité Bureau,Services aux entreprises,Lokossa,+229 28 15 29 49,sécurité.bureau@yahoo.com,sécuritébureau.bj,PME (10-50),B2B,APIEx,,Actif,2026-06-29T00:22:55.182394,haute
BJ-DDBAA10B,Partners Digital,Services aux entreprises,Lokossa,+229 97 33 53 59,partners_digital@partnersdigital.org.bj,partnersdigital.bj,PME (50-200),B2B,APIEx,,Actif,2026-06-29T00:22:55.182412,haute
BJ-5E85310D,Intérim,Services aux entreprises,Lokossa,+229 71 44 66 34,,intérim.bj,TPE (<10),B2B,APIEx,,Actif,2026-06-29T00:22:55.182429,moyenne
BJ-6B1FC5F1,Agence Relations,Services aux entreprises,Lokossa,+229 26 64 72 49,a.relations@yahoo.com,agencerelations.bj,TPE (<10),B2B,APIEx,,Actif,2026-06-29T00:22:55.182446,haute
BJ-D5E6B93C,Solutions Portage,Services aux entreprises,Lokossa,+229 90 57 67 28,,,PME (10-50),B2B,APIEx,,Actif,2026-06-29T00:22:55.182458,basse
BJ-D9028810,Tête,Services aux entreprises,Ouidah,+229 71 32 77 72,tête@tête.com.bj,tête.bj,TPE (<10),B2B,APIEx,,Actif,2026-06-29T00:22:55.182503,haute
BJ-DF7AC7C7,Ménage Bureau,Services aux entreprises,Ouidah,+229 49 74 73 47,ménage.bureau@ménagebureau.com.bj,ménagebureau.bj,PME (10-50),B2B,APIEx,,Actif,2026-06-29T00:22:55.182521,haute
BJ-7234DCAA,Audit Publiques Partners,Services aux entreprises,Ouidah,+229 96 87 94 12,audit_publiques@auditpubliquesp.org.bj,auditpubliquespartners.bj,TPE (<10),B2B,APIEx,,Actif,2026-06-29T00:22:55.182539,haute
BJ-C734DB18,Audit Marque,Services aux entreprises,Ouidah,+229 64 68 11 65,a.marque@auditmarque.org.bj,auditmarque.bj,PME (50-200),B2B,APIEx,,Actif,2026-06-29T00:22:55.182558,haute
BJ-5ACA92DE,Partners Norme Savalou,Services aux entreprises,Savalou,+229 24 66 62 37,partners.norme@outlook.com,partnersnormesavalou.bj,PME (10-50),B2B,APIEx,,Actif,2026-06-29T00:22:55.182582,haute
BJ-A6DB4B49,Partners Label,Services aux entreprises,Savalou,+229 33 90 44 20,partnerslabel@hotmail.com,,PME (10-50),B2B,APIEx,,Actif,2026-06-29T00:22:55.182598,moyenne
BJ-5C87728D,Management Bureau,Services aux entreprises,Savalou,+229 42 83 65 63,m.bureau@managementburea.com.bj,managementbureau.bj,PME (10-50),B2B,APIEx,,Actif,2026-06-29T00:22:55.182624,haute
BJ-096E1A89,Audit Organisation Savalou,Services aux entreprises,Savalou,+229 47 98 93 72,,auditorganisationsavalou.bj,PME (10-50),B2B,APIEx,,Actif,2026-06-29T00:22:55.182640,moyenne
BJ-EBBBE7AF,Communication Bureau Dassa-Zoumè,Services aux entreprises,Dassa-Zoumè,+229 38 29 31 88,communication.bureau@outlook.com,,TPE (<10),B2B,APIEx,,Actif,2026-06-29T00:22:55.182680,moyenne
BJ-E69BC9A1,Conseil Publiques International Dassa-Zoumè,Services aux entreprises,Dassa-Zoumè,+229 87 93 95 26,c.publiques@outlook.com,conseilpubliquesinternationaldassazoumè.bj,PME (10-50),B2B,APIEx,,Actif,2026-06-29T00:22:55.182700,haute
BJ-2D06278A,Image,Services aux entreprises,Dassa-Zoumè,+229 58 73 60 52,image@image.org.bj,,PME (50-200),B2B,APIEx,,Actif,2026-06-29T00:22:55.182715,moyenne
BJ-344C4667,ISO,Services aux entreprises,Dassa-Zoumè,+229 82 54 56 14,iso@hotmail.com,iso.bj,PME (50-200),B2B,APIEx,,Actif,2026-06-29T00:22:55.182729,haute
BJ-E817B1A9,Expert Marketing Africa Dassa-Zoumè,Services aux entreprises,Dassa-Zoumè,+229 78 12 61 78,e.marketing@expertmarketing.bj,expertmarketingafricadassazoumè.bj,PME (10-50),B2B,APIEx,,Actif,2026-06-29T00:22:55.182748,haute
BJ-B4A436D4,Sécurité,Services aux entreprises,Kétou,+229 35 22 22 37,sécurité@sécurité.org.bj,sécurité.bj,PME (50-200),B2B,APIEx,,Actif,2026-06-29T00:22:55.182770,haute
BJ-7A758A74,Recrutement,Services aux entreprises,Kétou,+229 38 91 48 69,recrutement@recrutement.bj,recrutement.bj,PME (10-50),B2B,APIEx,,Actif,2026-06-29T00:22:55.182785,haute
BJ-22332518,Consulting Advisory,Services aux entreprises,Kétou,+229 61 51 44 89,c.advisory@consultingadvis.bj,consultingadvisory.bj,PME (10-50),B2B,APIEx,,Actif,2026-06-29T00:22:55.182805,haute
BJ-DBFA7356,Bureau Consulting,Services aux entreprises,Kétou,+229 49 49 87 87,bureauconsulting@yahoo.com,bureauconsulting.bj,PME (50-200),B2B,APIEx,,Actif,2026-06-29T00:22:55.182821,haute
BJ-E0A2AB56,Événementiel,Services aux entreprises,Kétou,+229 61 17 27 12,événementiel@hotmail.com,événementiel.bj,TPE (<10),B2B,APIEx,,Actif,2026-06-29T00:22:55.182836,haute
BJ-D0B8E787,Publiques,Services aux entreprises,Covè,+229 92 84 97 83,publiques@publiques.com.bj,publiques.bj,TPE (<10),B2B,APIEx,,Actif,2026-06-29T00:22:55.182861,haute
BJ-D471DCB0,Bureau Nettoyage,Services aux entreprises,Covè,+229 36 28 92 23,b.nettoyage@hotmail.com,,PME (10-50),B2B,APIEx,,Actif,2026-06-29T00:22:55.182877,moyenne
BJ-6780A639,Publiques International Covè,Services aux entreprises,Covè,+229 46 85 97 15,p.international@publiquesintern.com.bj,publiquesinternationalcovè.bj,PME (50-200),B2B,APIEx,,Actif,2026-06-29T00:22:55.182909,haute
BJ-B21F4A30,Solutions Stratégie,Services aux entreprises,Covè,+229 85 10 75 92,solutions.stratégie@solutionsstraté.bj,solutionsstratégie.bj,TPE (<10),B2B,APIEx,,Actif,2026-06-29T00:22:55.182928,haute
BJ-5405C692,Vérification Services,Services aux entreprises,Covè,+229 65 12 96 11,,,Grande (>200),B2B,APIEx,,Actif,2026-06-29T00:22:55.182940,basse
BJ-5BD6FB13,Juridique Advisory,Services aux entreprises,Pobè,+229 27 94 30 15,,,TPE (<10),B2B,APIEx,,Actif,2026-06-29T00:22:55.182959,basse
BJ-7A6CBFA8,Consulting Communication Solutions,Services aux entreprises,Pobè,+229 22 63 18 58,c.communication@yahoo.com,consultingcommunicationsolutions.bj,TPE (<10),B2B,APIEx,,Actif,2026-06-29T00:22:55.182995,haute
BJ-A43C3594,Bureau Comptable,Services aux entreprises,Pobè,+229 57 29 88 44,bureau.comptable@bureaucomptable.bj,bureaucomptable.bj,PME (10-50),B2B,APIEx,,Actif,2026-06-29T00:22:55.183012,haute
BJ-2835DDE6,Stratégie,Services aux entreprises,Pobè,+229 39 71 54 93,stratégie@outlook.com,stratégie.bj,PME (50-200),B2B,APIEx,,Actif,2026-06-29T00:22:55.183026,haute
BJ-4BD46331,Agence Juridique Solutions,Services aux entreprises,Sakété,+229 53 99 56 41,agencejuridique@yahoo.com,agencejuridiquesolutions.bj,TPE (<10),B2B,APIEx,,Actif,2026-06-29T00:22:55.183049,haute
BJ-79B716C0,Agence Publicité International,Services aux entreprises,Sakété,+229 67 54 85 63,agence.publicité@agencepublicité.com.bj,,TPE (<10),B2B,APIEx,,Actif,2026-06-29T00:22:55.183085,moyenne
BJ-366F979A,Performance,Services aux entreprises,Sakété,+229 60 61 40 46,performance@performance.com.bj,,TPE (<10),B2B,APIEx,,Actif,2026-06-29T00:22:55.183099,moyenne
BJ-753C044F,Conseil Services,Services aux entreprises,Sakété,+229 45 38 99 80,c.services@hotmail.com,,PME (10-50),B2B,APIEx,,Actif,2026-06-29T00:22:55.183113,moyenne
BJ-8AEC7B16,Conseil Salarial Bénin,Services aux entreprises,Adjara,+229 71 99 60 96,conseilsalarial@conseilsalarial.org.bj,conseilsalarialbénin.bj,TPE (<10),B2B,APIEx,,Actif,2026-06-29T00:22:55.183139,haute
BJ-C55DC07E,Cabinet Publiques International,Services aux entreprises,Adjara,+229 75 19 52 22,c.publiques@gmail.com,cabinetpubliquesinternational.bj,PME (10-50),B2B,APIEx,,Actif,2026-06-29T00:22:55.183160,haute
BJ-75100732,Surveillance,Services aux entreprises,Adjara,+229 29 92 36 17,surveillance@surveillance.com.bj,surveillance.bj,TPE (<10),B2B,APIEx,,Actif,2026-06-29T00:22:55.183177,haute
BJ-F1DCC95F,Accréditation,Services aux entreprises,Adjara,+229 94 34 42 39,accréditation@accréditation.com.bj,accréditation.bj,TPE (<10),B2B,APIEx,,Actif,2026-06-29T00:22:55.183192,haute
BJ-BA4911FF,Cabinet ISO Africa Allada,Services aux entreprises,Allada,+229 60 56 58 31,c.iso@gmail.com,cabinetisoafricaallada.bj,PME (10-50),B2B,APIEx,,Actif,2026-06-29T00:22:55.183232,haute
BJ-79FC693B,Expert Formation,Services aux entreprises,Allada,+229 63 98 12 46,e.formation@yahoo.com,expertformation.bj,TPE (<10),B2B,APIEx,,Actif,2026-06-29T00:22:55.183248,haute
BJ-4F58E9BE,Portage Consulting,Services aux entreprises,Allada,+229 45 21 66 94,p.consulting@yahoo.fr,portageconsulting.bj,TPE (<10),B2B,APIEx,,Actif,2026-06-29T00:22:55.183278,haute
BJ-E89A2DAD,Agence Consulting,Services aux entreprises,Allada,+229 37 24 82 36,agence_consulting@yahoo.fr,agenceconsulting.bj,Grande (>200),B2B,APIEx,,Actif,2026-06-29T00:22:55.183293,haute
BJ-7DABE782,Conseil Événementiel,Services aux entreprises,Aplahoué,+229 55 20 94 60,conseilévénementiel@yahoo.com,conseilévénementiel.bj,PME (50-200),B2B,APIEx,,Actif,2026-06-29T00:22:55.183317,haute
BJ-CE7A1FCC,RH Solutions,Services aux entreprises,Aplahoué,+229 33 41 23 55,solutions@rhsolutions.org.bj,rhsolutions.bj,PME (50-200),B2B,APIEx,,Actif,2026-06-29T00:22:55.183332,haute
BJ-7820BE9B,Communication Africa,Services aux entreprises,Aplahoué,+229 97 32 60 13,communicationafrica@communicationaf.com.bj,,TPE (<10),B2B,APIEx,,Actif,2026-06-29T00:22:55.183352,moyenne
BJ-75706462,Label Bureau,Services aux entreprises,Aplahoué,+229 67 80 31 74,,labelbureau.bj,PME (10-50),B2B,APIEx,,Actif,2026-06-29T00:22:55.183365,moyenne
BJ-13B1CDEA,Organisation Partners,Services aux entreprises,Aplahoué,+229 34 28 65 50,organisationpartners@outlook.com,organisationpartners.bj,TPE (<10),B2B,APIEx,,Actif,2026-06-29T00:22:55.183385,haute
BJ-47947F79,Norme Bureau Dogbo-Tota,Services aux entreprises,Dogbo-Tota,+229 68 80 24 42,norme.bureau@outlook.com,normebureaudogbotota.bj,PME (10-50),B2B,APIEx,,Actif,2026-06-29T00:22:55.183410,haute
BJ-2957EAA9,Organisation Bénin,Services aux entreprises,Dogbo-Tota,+229 42 83 87 32,,,PME (10-50),B2B,APIEx,,Actif,2026-06-29T00:22:55.183422,basse
BJ-733093D1,Audit,Services aux entreprises,Dogbo-Tota,+229 87 63 54 62,audit@audit.bj,audit.bj,PME (50-200),B2B,APIEx,,Actif,2026-06-29T00:22:55.183437,haute
BJ-25904BF2,Sécurité Africa Dogbo-Tota,Services aux entreprises,Dogbo-Tota,+229 83 69 44 67,sécurité.africa@sécuritéafricad.org.bj,sécuritéafricadogbotota.bj,TPE (<10),B2B,APIEx,,Actif,2026-06-29T00:22:55.183456,haute
BJ-BF64F5F4,Agence Management Partners,Services aux entreprises,Dogbo-Tota,+229 84 57 48 66,a.management@agencemanagemen.org.bj,agencemanagementpartners.bj,TPE (<10),B2B,APIEx,,Actif,2026-06-29T00:22:55.183473,haute
BJ-54B34CC3,Agence Transformation Kpomassè,Services aux entreprises,Kpomassè,+229 22 68 17 51,agence_transformation@gmail.com,agencetransformationkpomassè.bj,PME (50-200),B2B,APIEx,,Actif,2026-06-29T00:22:55.183502,haute
BJ-28188A19,ISO,Services aux entreprises,Kpomassè,+229 63 97 94 46,iso@yahoo.com,iso.bj,PME (10-50),B2B,APIEx,,Actif,2026-06-29T00:22:55.183518,haute
BJ-DFBFFC7E,Consulting Surveillance Bureau,Services aux entreprises,Kpomassè,+229 97 37 36 93,c.surveillance@consultingsurve.bj,consultingsurveillancebureau.bj,TPE (<10),B2B,APIEx,,Actif,2026-06-29T00:22:55.183537,haute
BJ-9E938A6F,Agence Fiscal International,Services aux entreprises,Kpomassè,+229 95 25 95 62,,agencefiscalinternational.bj,PME (10-50),B2B,APIEx,,Actif,2026-06-29T00:22:55.183550,moyenne
BJ-075A08D3,Conseil Marketing Partners,Services aux entreprises,Kpomassè,+229 24 87 77 86,c.marketing@conseilmarketin.com.bj,,PME (10-50),B2B,APIEx,,Actif,2026-06-29T00:22:55.183565,moyenne
BJ-344D785A,Conseil CDI,Services aux entreprises,Tori-Bossito,+229 53 56 98 57,conseil.cdi@gmail.com,conseilcdi.bj,TPE (<10),B2B,APIEx,,Actif,2026-06-29T00:22:55.183589,haute
BJ-A4ADC9DC,Digital Solutions,Services aux entreprises,Tori-Bossito,+229 22 34 94 79,digital.solutions@yahoo.com,,PME (10-50),B2B,APIEx,,Actif,2026-06-29T00:22:55.183605,moyenne
BJ-657A5DED,Événementiel Bureau Tori-Bossito,Services aux entreprises,Tori-Bossito,+229 27 71 60 80,événementiel.bureau@gmail.com,événementielbureautoribossito.bj,TPE (<10),B2B,APIEx,,Actif,2026-06-29T00:22:55.183624,haute
BJ-E243C935,Consulting Comptable Advisory,Services aux entreprises,Tori-Bossito,+229 47 61 71 17,c.comptable@yahoo.fr,consultingcomptableadvisory.bj,TPE (<10),B2B,APIEx,,Actif,2026-06-29T00:22:55.183640,haute
BJ-ECEA1F20,Juridique,Services aux entreprises,Tori-Bossito,+229 43 29 25 63,,juridique.bj,PME (10-50),B2B,APIEx,,Actif,2026-06-29T00:22:55.183652,moyenne
BJ-2D664AB9,Partners Innovation,Services aux entreprises,Grand-Popo,+229 26 28 96 81,,partnersinnovation.bj,TPE (<10),B2B,APIEx,,Actif,2026-06-29T00:22:55.183671,moyenne
BJ-BD8B40F2,Conseil Publicité,Services aux entreprises,Grand-Popo,+229 46 81 66 28,,conseilpublicité.bj,TPE (<10),B2B,APIEx,,Actif,2026-06-29T00:22:55.183704,moyenne
BJ-891FCDA0,Conseil Consulting Solutions,Services aux entreprises,Grand-Popo,+229 58 55 23 22,c.consulting@conseilconsulti.com.bj,conseilconsultingsolutions.bj,PME (10-50),B2B,APIEx,,Actif,2026-06-29T00:22:55.183723,haute
BJ-C1F493E9,Image,Services aux entreprises,Grand-Popo,+229 80 71 67 72,,image.bj,PME (10-50),B2B,APIEx,,Actif,2026-06-29T00:22:55.183734,moyenne
BJ-9AE81C07,Partners Excellence,Services aux entreprises,Athiémé,+229 33 24 52 55,p.excellence@partnersexcelle.org.bj,,PME (50-200),B2B,APIEx,,Actif,2026-06-29T00:22:55.183756,moyenne
BJ-CFACFCCD,Freelance Partners Athiémé,Services aux entreprises,Athiémé,+229 71 64 16 91,freelance.partners@yahoo.fr,freelancepartnersathiémé.bj,PME (50-200),B2B,APIEx,,Actif,2026-06-29T00:22:55.183774,haute
BJ-375826F3,Organisation Bénin Athiémé,Services aux entreprises,Athiémé,+229 21 64 39 47,o.bénin@organisationbén.org.bj,,Grande (>200),B2B,APIEx,,Actif,2026-06-29T00:22:55.183791,moyenne
BJ-B510E872,Innovation,Services aux entreprises,Athiémé,+229 36 59 60 15,innovation@yahoo.com,innovation.bj,PME (10-50),B2B,APIEx,,Actif,2026-06-29T00:22:55.183805,haute
BJ-ACAFC447,Expert Marque,Services aux entreprises,Athiémé,+229 59 84 87 47,expertmarque@yahoo.com,expertmarque.bj,PME (10-50),B2B,APIEx,,Actif,2026-06-29T00:22:55.183821,haute
BJ-14383932,Performance,Services aux entreprises,Bopa,+229 61 59 13 32,performance@outlook.com,performance.bj,PME (10-50),B2B,APIEx,,Actif,2026-06-29T00:22:55.183841,haute
BJ-45B0A87C,Conseil Surveillance,Services aux entreprises,Bopa,+229 27 65 79 74,,conseilsurveillance.bj,PME (10-50),B2B,APIEx,,Actif,2026-06-29T00:22:55.183854,moyenne
BJ-5F89DCCB,Bureau Organisation Africa Bopa,Services aux entreprises,Bopa,+229 63 93 45 40,b.organisation@bureauorganisat.bj,bureauorganisationafricabopa.bj,TPE (<10),B2B,APIEx,,Actif,2026-06-29T00:22:55.183874,haute
BJ-3D275844,Certification Partners,Services aux entreprises,Bopa,+229 58 96 23 95,certification.partners@certificationpa.com.bj,certificationpartners.bj,Grande (>200),B2B,APIEx,,Actif,2026-06-29T00:22:55.183909,haute
BJ-A3458400,Bureau Contrôle Bopa,Services aux entreprises,Bopa,+229 93 69 85 83,bureau.contrôle@yahoo.com,bureaucontrôlebopa.bj,PME (10-50),B2B,APIEx,,Actif,2026-06-29T00:22:55.183944,haute
BJ-DADABDC0,RH International Houéyogbé,Services aux entreprises,Houéyogbé,+229 49 57 83 25,i.houéyogbé@rhinternational.com.bj,rhinternationalhouéyogbé.bj,PME (50-200),B2B,APIEx,,Actif,2026-06-29T00:22:55.183973,haute
BJ-B91EAD84,Gardiennage,Services aux entreprises,Houéyogbé,+229 34 70 78 91,gardiennage@yahoo.fr,gardiennage.bj,PME (10-50),B2B,APIEx,,Actif,2026-06-29T00:22:55.183989,haute
BJ-A5713459,Partners Publicité Bureau Houéyogbé,Services aux entreprises,Houéyogbé,+229 62 40 97 19,partnerspublicité@partnerspublici.bj,partnerspublicitébureauhouéyogbé.bj,TPE (<10),B2B,APIEx,,Actif,2026-06-29T00:22:55.184012,haute
BJ-AD0D4F15,Agence Nettoyage Bureau,Services aux entreprises,Houéyogbé,+229 21 54 17 96,agence.nettoyage@agencenettoyage.bj,agencenettoyagebureau.bj,Grande (>200),B2B,APIEx,,Actif,2026-06-29T00:22:55.184051,haute
BJ-AE91BCAD,Partners Qualité,Services aux entreprises,Malanville,+229 41 40 29 89,p.qualité@gmail.com,partnersqualité.bj,TPE (<10),B2B,APIEx,,Actif,2026-06-29T00:22:55.184074,haute
BJ-30EA84EB,Audit Comptable Bénin,Services aux entreprises,Malanville,+229 89 14 60 87,,auditcomptablebénin.bj,Grande (>200),B2B,APIEx,,Actif,2026-06-29T00:22:55.184088,moyenne
BJ-2227CB69,Cabinet Innovation Consulting,Services aux entreprises,Malanville,+229 55 11 52 87,cabinet.innovation@yahoo.com,,Grande (>200),B2B,APIEx,,Actif,2026-06-29T00:22:55.184107,moyenne
BJ-C75AFBE2,Conseil Recrutement,Services aux entreprises,Malanville,+229 64 46 98 95,c.recrutement@yahoo.fr,,PME (50-200),B2B,APIEx,,Actif,2026-06-29T00:22:55.184122,moyenne
BJ-5213E527,Publicité Services,Services aux entreprises,Malanville,+229 62 13 19 33,publicité.services@yahoo.com,publicitéservices.bj,PME (10-50),B2B,APIEx,,Actif,2026-06-29T00:22:55.184139,haute
BJ-BF8945A4,Fiscal Services,Services aux entreprises,Kandi,+229 76 64 64 40,,fiscalservices.bj,PME (50-200),B2B,APIEx,,Actif,2026-06-29T00:22:55.184159,moyenne
BJ-EEED7A9D,Accréditation,Services aux entreprises,Kandi,+229 71 52 54 89,accréditation@yahoo.fr,accréditation.bj,TPE (<10),B2B,APIEx,,Actif,2026-06-29T00:22:55.184174,haute
BJ-3719BA40,Événement Africa,Services aux entreprises,Kandi,+229 40 78 72 61,é.africa@événementafrica.bj,événementafrica.bj,PME (50-200),B2B,APIEx,,Actif,2026-06-29T00:22:55.184191,haute
BJ-2AA7F44C,Management Africa,Services aux entreprises,Kandi,+229 46 84 68 77,,,TPE (<10),B2B,APIEx,,Actif,2026-06-29T00:22:55.184203,basse
BJ-0003E8B6,Bureau Intérim,Services aux entreprises,Kandi,+229 98 38 62 86,bureau.intérim@yahoo.fr,bureauintérim.bj,TPE (<10),B2B,APIEx,,Actif,2026-06-29T00:22:55.184220,haute
BJ-C0D8A1C3,CDD Banikoara,Services aux entreprises,Banikoara,+229 39 24 57 96,cddbanikoara@cddbanikoara.bj,cddbanikoara.bj,TPE (<10),B2B,APIEx,,Actif,2026-06-29T00:22:55.184248,haute
BJ-5F56B75E,Conseil Consulting,Services aux entreprises,Banikoara,+229 87 95 95 51,conseil.consulting@yahoo.com,conseilconsulting.bj,TPE (<10),B2B,APIEx,,Actif,2026-06-29T00:22:55.184265,haute
BJ-25E0B091,Agence Communication Bénin,Services aux entreprises,Banikoara,+229 32 83 80 75,agence_communication@agencecommunica.org.bj,agencecommunicationbénin.bj,PME (10-50),B2B,APIEx,,Actif,2026-06-29T00:22:55.184286,haute
BJ-697942FC,Qualité Consulting,Services aux entreprises,Banikoara,+229 28 68 33 11,q.consulting@qualitéconsulti.com.bj,qualitéconsulting.bj,PME (50-200),B2B,APIEx,,Actif,2026-06-29T00:22:55.184304,haute
BJ-89605E22,Consulting Nettoyage,Services aux entreprises,Ségbana,+229 92 40 36 68,consulting.nettoyage@outlook.com,consultingnettoyage.bj,PME (10-50),B2B,APIEx,,Actif,2026-06-29T00:22:55.184348,haute
BJ-ABE6FB30,Indépendant Bureau,Services aux entreprises,Ségbana,+229 87 86 58 98,,indépendantbureau.bj,TPE (<10),B2B,APIEx,,Actif,2026-06-29T00:22:55.184361,moyenne
BJ-649B80CD,Accréditation Services,Services aux entreprises,Ségbana,+229 31 82 70 90,a.services@accréditationse.bj,accréditationservices.bj,TPE (<10),B2B,APIEx,,Actif,2026-06-29T00:22:55.184378,haute
BJ-03E32961,Partners Conseil International Ségbana,Services aux entreprises,Ségbana,+229 96 94 71 40,partners_conseil@partnersconseil.com.bj,partnersconseilinternationalségbana.bj,PME (10-50),B2B,APIEx,,Actif,2026-06-29T00:22:55.184397,haute
BJ-0ADAD6F1,ISO Africa,Services aux entreprises,Ségbana,+229 98 60 44 77,iso.africa@isoafrica.com.bj,isoafrica.bj,TPE (<10),B2B,APIEx,,Actif,2026-06-29T00:22:55.184413,haute
BJ-52EDE27D,Qualité Services,Services aux entreprises,Karimama,+229 69 18 87 11,q.services@qualitéservices.org.bj,qualitéservices.bj,TPE (<10),B2B,APIEx,,Actif,2026-06-29T00:22:55.184436,haute
BJ-79DD1BE2,Relations Karimama,Services aux entreprises,Karimama,+229 50 12 69 64,relationskarimama@gmail.com,,Grande (>200),B2B,APIEx,,Actif,2026-06-29T00:22:55.184453,moyenne
BJ-EB6997D8,Contrôle Karimama,Services aux entreprises,Karimama,+229 39 72 32 34,contrôle.karimama@contrôlekarimam.org.bj,contrôlekarimama.bj,TPE (<10),B2B,APIEx,,Actif,2026-06-29T00:22:55.184473,haute
BJ-413CCDAE,Conseil Certification,Services aux entreprises,Karimama,+229 42 81 27 14,conseil.certification@conseilcertific.com.bj,conseilcertification.bj,PME (10-50),B2B,APIEx,,Actif,2026-06-29T00:22:55.184491,haute
BJ-446484AB,Partners Gardiennage Karimama,Services aux entreprises,Karimama,+229 77 26 92 62,p.gardiennage@outlook.com,partnersgardiennagekarimama.bj,Grande (>200),B2B,APIEx,,Actif,2026-06-29T00:22:55.184506,haute
BJ-860F0A6A,Certification,Services aux entreprises,Gogounou,+229 47 74 40 68,certification@certification.com.bj,certification.bj,PME (10-50),B2B,APIEx,,Actif,2026-06-29T00:22:55.184528,haute
BJ-F02D8539,Expert Surveillance Gogounou,Services aux entreprises,Gogounou,+229 68 74 48 23,e.surveillance@expertsurveilla.com.bj,,PME (10-50),B2B,APIEx,,Actif,2026-06-29T00:22:55.184544,moyenne
BJ-D5ED34D2,Publicité Bénin,Services aux entreprises,Gogounou,+229 37 60 83 97,p.bénin@publicitébénin.bj,publicitébénin.bj,PME (50-200),B2B,APIEx,,Actif,2026-06-29T00:22:55.184562,haute
BJ-F9009C19,Bureau Recrutement Cabinet,Services aux entreprises,Gogounou,+229 65 35 59 70,bureaurecrutement@yahoo.com,,PME (10-50),B2B,APIEx,,Actif,2026-06-29T00:22:55.184577,moyenne
BJ-C3ECB648,Publicité Advisory,Services aux entreprises,Gogounou,+229 91 74 97 82,p.advisory@gmail.com,publicitéadvisory.bj,TPE (<10),B2B,APIEx,,Actif,2026-06-29T00:22:55.184594,haute
BJ-89AE59CD,Expert Cobly,Services aux entreprises,Cobly,+229 88 31 37 23,expert.cobly@hotmail.com,expertcobly.bj,TPE (<10),B2B,APIEx,,Actif,2026-06-29T00:22:55.184620,haute
BJ-4ECA8710,Label,Services aux entreprises,Cobly,+229 50 92 60 94,label@hotmail.com,label.bj,PME (10-50),B2B,APIEx,,Actif,2026-06-29T00:22:55.184635,haute
BJ-1420AF42,Conseil Image Cobly,Services aux entreprises,Cobly,+229 83 29 56 57,conseil.image@conseilimagecob.com.bj,conseilimagecobly.bj,Grande (>200),B2B,APIEx,,Actif,2026-06-29T00:22:55.184655,haute
BJ-0C1CAC15,Gardiennage Bénin,Services aux entreprises,Cobly,+229 32 44 67 56,gardiennagebénin@hotmail.com,gardiennagebénin.bj,TPE (<10),B2B,APIEx,,Actif,2026-06-29T00:22:55.184673,haute
BJ-86A4A51E,Partners Fiscal Services,Services aux entreprises,Tanguiéta,+229 32 62 30 92,partnersfiscal@outlook.com,,PME (50-200),B2B,APIEx,,Actif,2026-06-29T00:22:55.184771,moyenne
BJ-98DDCDC7,Juridique Solutions,Services aux entreprises,Tanguiéta,+229 95 66 67 77,juridique.solutions@gmail.com,,PME (10-50),B2B,APIEx,,Actif,2026-06-29T00:22:55.184794,moyenne
BJ-ACE74B20,Innovation Bénin,Services aux entreprises,Tanguiéta,+229 78 13 96 91,innovation.bénin@innovationbénin.bj,innovationbénin.bj,TPE (<10),B2B,APIEx,,Actif,2026-06-29T00:22:55.184820,haute
BJ-6145AD21,Norme,Services aux entreprises,Matéri,+229 27 70 63 21,,,PME (10-50),B2B,APIEx,,Actif,2026-06-29T00:22:55.184876,basse
BJ-E62BFBD7,Norme Africa,Services aux entreprises,Matéri,+229 72 81 74 94,norme.africa@hotmail.com,normeafrica.bj,Grande (>200),B2B,APIEx,,Actif,2026-06-29T00:22:55.184916,haute
BJ-5163C488,Contrôle,Services aux entreprises,Matéri,+229 86 36 30 78,contrôle@hotmail.com,contrôle.bj,Grande (>200),B2B,APIEx,,Actif,2026-06-29T00:22:55.184946,haute
BJ-E037DE84,Audit Tête Partners Matéri,Services aux entreprises,Matéri,+229 21 52 47 71,audittête@audittêtepartne.org.bj,,TPE (<10),B2B,APIEx,,Actif,2026-06-29T00:22:55.185004,moyenne
BJ-5F1F8AEC,Conseil Chasse International Natitingou,Services aux entreprises,Natitingou,+229 31 26 93 34,c.chasse@conseilchassein.org.bj,conseilchasseinternationalnatitingou.bj,PME (10-50),B2B,APIEx,,Actif,2026-06-29T00:22:55.185053,haute
BJ-02112B2E,Partners Indépendant Cabinet,Services aux entreprises,Natitingou,+229 65 74 86 27,partners.indépendant@partnersindépen.com.bj,partnersindépendantcabinet.bj,TPE (<10),B2B,APIEx,,Actif,2026-06-29T00:22:55.185085,haute
BJ-3DA38D5D,ISO Solutions,Services aux entreprises,Natitingou,+229 41 38 91 97,iso.solutions@isosolutions.bj,isosolutions.bj,PME (10-50),B2B,APIEx,,Actif,2026-06-29T00:22:55.185112,haute
BJ-D8DBB9E5,Vérification,Services aux entreprises,Natitingou,+229 79 20 76 17,vérification@vérification.bj,vérification.bj,PME (10-50),B2B,APIEx,,Actif,2026-06-29T00:22:55.185137,haute
BJ-FFB53881,Conseil Expert Partners,Services aux entreprises,Natitingou,+229 90 43 58 28,conseil_expert@yahoo.com,conseilexpertpartners.bj,TPE (<10),B2B,APIEx,,Actif,2026-06-29T00:22:55.185165,haute
BJ-EC7A8F61,Bureau Transformation Services Toucountouna,Services aux entreprises,Toucountouna,+229 55 35 12 68,bureau_transformation@bureautransform.com.bj,bureautransformationservicestoucountouna.bj,TPE (<10),B2B,APIEx,,Actif,2026-06-29T00:22:55.185206,haute
BJ-B5DA190B,Consulting Qualité Cabinet,Services aux entreprises,Toucountouna,+229 42 21 22 37,consultingqualité@consultingquali.bj,consultingqualitécabinet.bj,PME (10-50),B2B,APIEx,,Actif,2026-06-29T00:22:55.185238,haute
BJ-8A97427B,ISO Bénin,Services aux entreprises,Toucountouna,+229 47 86 36 30,iso_bénin@isobénin.bj,isobénin.bj,TPE (<10),B2B,APIEx,,Actif,2026-06-29T00:22:55.185291,haute
BJ-71B598C7,Solutions Nettoyage Services,Services aux entreprises,Toucountouna,+229 69 81 77 58,s.nettoyage@solutionsnettoy.bj,solutionsnettoyageservices.bj,PME (10-50),B2B,APIEx,,Actif,2026-06-29T00:22:55.185334,haute
BJ-0E5A0527,ISO Solutions,Services aux entreprises,Toucountouna,+229 91 54 15 81,iso.solutions@isosolutions.bj,isosolutions.bj,PME (10-50),B2B,APIEx,,Actif,2026-06-29T00:22:55.185374,haute
BJ-E18C151E,Portage Boukoumbé,Services aux entreprises,Boukoumbé,+229 56 63 82 48,portage_boukoumbé@portageboukoumb.org.bj,portageboukoumbé.bj,TPE (<10),B2B,APIEx,,Actif,2026-06-29T00:22:55.185482,haute
BJ-AAF6D586,Entretien,Services aux entreprises,Boukoumbé,+229 54 17 25 10,entretien@yahoo.fr,entretien.bj,PME (50-200),B2B,APIEx,,Actif,2026-06-29T00:22:55.185518,haute
BJ-F82C728E,Conseil Innovation,Services aux entreprises,Boukoumbé,+229 35 37 63 44,conseilinnovation@conseilinnovati.com.bj,conseilinnovation.bj,PME (50-200),B2B,APIEx,,Actif,2026-06-29T00:22:55.185550,haute
BJ-34AF0EBB,Consulting CDI Bénin,Services aux entreprises,Boukoumbé,+229 53 19 89 87,consulting.cdi@consultingcdibé.com.bj,consultingcdibénin.bj,TPE (<10),B2B,APIEx,,Actif,2026-06-29T00:22:55.185584,haute
BJ-05CBCAD9,Conseil Événement Boukoumbé,Services aux entreprises,Boukoumbé,+229 20 23 48 80,conseilévénement@conseilévénemen.org.bj,conseilévénementboukoumbé.bj,Grande (>200),B2B,APIEx,,Actif,2026-06-29T00:22:55.185620,haute
BJ-9C50B7A1,Innovation International,Services aux entreprises,Kouandé,+229 96 23 34 18,i.international@innovationinter.bj,innovationinternational.bj,PME (10-50),B2B,APIEx,,Actif,2026-06-29T00:22:55.185682,haute
BJ-4498DC05,Audit Presse,Services aux entreprises,Kouandé,+229 31 41 99 19,auditpresse@yahoo.fr,auditpresse.bj,PME (50-200),B2B,APIEx,,Actif,2026-06-29T00:22:55.185746,haute
BJ-E1A7BE96,RH Cabinet,Services aux entreprises,Kouandé,+229 70 65 82 63,cabinet@yahoo.fr,rhcabinet.bj,PME (10-50),B2B,APIEx,,Actif,2026-06-29T00:22:55.185782,haute
BJ-6329C86D,Expert Freelance Solutions,Services aux entreprises,Kouandé,+229 30 22 18 62,expert_freelance@gmail.com,,TPE (<10),B2B,APIEx,,Actif,2026-06-29T00:22:55.185821,moyenne
BJ-FC70509A,Solutions Formation Kouandé,Services aux entreprises,Kouandé,+229 70 65 37 70,solutionsformation@yahoo.fr,,PME (50-200),B2B,APIEx,,Actif,2026-06-29T00:22:55.185857,moyenne
BJ-E01D0063,Expert Conseil Africa,Services aux entreprises,Péhunco,+229 48 29 50 97,expert_conseil@gmail.com,,TPE (<10),B2B,APIEx,,Actif,2026-06-29T00:22:55.185949,moyenne
BJ-F7F29106,Agence Portage,Services aux entreprises,Péhunco,+229 99 70 12 67,agence.portage@agenceportage.com.bj,agenceportage.bj,TPE (<10),B2B,APIEx,,Actif,2026-06-29T00:22:55.185987,haute
BJ-C9A969DE,Consulting Transformation,Services aux entreprises,Péhunco,+229 34 86 11 13,consultingtransformation@yahoo.com,consultingtransformation.bj,PME (10-50),B2B,APIEx,,Actif,2026-06-29T00:22:55.186022,haute
BJ-CC2B567B,Conseil Événement International,Services aux entreprises,Péhunco,+229 90 73 42 58,conseil.événement@conseilévénemen.com.bj,conseilévénementinternational.bj,PME (10-50),B2B,APIEx,,Actif,2026-06-29T00:22:55.186055,haute
BJ-996BF7B2,Freelance Solutions,Services aux entreprises,Péhunco,+229 70 29 30 87,freelance.solutions@yahoo.fr,freelancesolutions.bj,PME (10-50),B2B,APIEx,,Actif,2026-06-29T00:22:55.186091,haute
BJ-F7D09EA6,Chasse,Services aux entreprises,Tchaourou,+229 40 59 28 57,chasse@hotmail.com,chasse.bj,PME (10-50),B2B,APIEx,,Actif,2026-06-29T00:22:55.186138,haute
BJ-57527663,Conseil Presse,Services aux entreprises,Tchaourou,+229 92 65 32 44,conseil.presse@conseilpresse.org.bj,conseilpresse.bj,PME (10-50),B2B,APIEx,,Actif,2026-06-29T00:22:55.186165,haute
BJ-382E5A0C,Contrôle International,Services aux entreprises,Tchaourou,+229 57 36 85 45,contrôle.international@hotmail.com,,TPE (<10),B2B,APIEx,,Actif,2026-06-29T00:22:55.186210,moyenne
BJ-7F7CB826,Juridique Tchaourou,Services aux entreprises,Tchaourou,+229 62 31 25 49,juridique.tchaourou@yahoo.fr,juridiquetchaourou.bj,PME (10-50),B2B,APIEx,,Actif,2026-06-29T00:22:55.186249,haute
BJ-2FA079E8,Marque International Tchaourou,Services aux entreprises,Tchaourou,+229 44 11 68 93,marque.international@marqueinternati.com.bj,marqueinternationaltchaourou.bj,PME (50-200),B2B,APIEx,,Actif,2026-06-29T00:22:55.186296,haute
BJ-300EA76C,Partners Freelance Advisory,Services aux entreprises,Nikki,+229 94 35 89 71,,partnersfreelanceadvisory.bj,PME (10-50),B2B,APIEx,,Actif,2026-06-29T00:22:55.186331,moyenne
BJ-DC84053A,Marque,Services aux entreprises,Nikki,+229 58 73 95 79,marque@marque.bj,marque.bj,TPE (<10),B2B,APIEx,,Actif,2026-06-29T00:22:55.186364,haute
BJ-D49B4C34,Conseil Audit,Services aux entreprises,Nikki,+229 61 26 60 57,conseil.audit@hotmail.com,conseilaudit.bj,PME (50-200),B2B,APIEx,,Actif,2026-06-29T00:22:55.186403,haute
BJ-F51BCDD4,Tête,Services aux entreprises,Nikki,+229 66 54 20 50,tête@tête.com.bj,,PME (50-200),B2B,APIEx,,Actif,2026-06-29T00:22:55.186437,moyenne
BJ-1D78CD75,Partners Indépendant,Services aux entreprises,Nikki,+229 74 77 89 55,,partnersindépendant.bj,TPE (<10),B2B,APIEx,,Actif,2026-06-29T00:22:55.186466,moyenne
BJ-66C9EC65,Organisation,Services aux entreprises,Bembéréké,+229 91 71 50 90,organisation@yahoo.fr,organisation.bj,PME (50-200),B2B,APIEx,,Actif,2026-06-29T00:22:55.186512,haute
BJ-A8803926,Expert,Services aux entreprises,Bembéréké,+229 56 77 93 53,,expert.bj,PME (10-50),B2B,APIEx,,Actif,2026-06-29T00:22:55.186537,moyenne
BJ-C2163B5C,ISO Bureau,Services aux entreprises,Bembéréké,+229 66 61 72 21,i.bureau@isobureau.com.bj,isobureau.bj,PME (50-200),B2B,APIEx,,Actif,2026-06-29T00:22:55.186580,haute
BJ-DE101D86,Marketing Partners,Services aux entreprises,Bembéréké,+229 74 14 44 55,m.partners@marketingpartne.com.bj,marketingpartners.bj,PME (10-50),B2B,APIEx,,Actif,2026-06-29T00:22:55.186616,haute
BJ-3D12FE91,Consulting Nettoyage,Services aux entreprises,Bembéréké,+229 36 85 48 25,consulting.nettoyage@consultingnetto.bj,consultingnettoyage.bj,PME (10-50),B2B,APIEx,,Actif,2026-06-29T00:22:55.186649,haute
BJ-DAB2B0C2,Réputation Bureau Kalalé,Services aux entreprises,Kalalé,+229 70 80 66 54,réputation_bureau@gmail.com,réputationbureaukalalé.bj,PME (50-200),B2B,APIEx,,Actif,2026-06-29T00:22:55.186705,haute
BJ-8BD17C23,Organisation Services,Services aux entreprises,Kalalé,+229 74 34 37 96,organisation.services@organisationser.org.bj,organisationservices.bj,PME (10-50),B2B,APIEx,,Actif,2026-06-29T00:22:55.186744,haute
BJ-4F31C0C3,Stratégie Consulting Kalalé,Services aux entreprises,Kalalé,+229 56 69 99 72,s.consulting@stratégieconsul.org.bj,,TPE (<10),B2B,APIEx,,Actif,2026-06-29T00:22:55.186792,moyenne
BJ-D39AE0E2,Bureau Événementiel,Services aux entreprises,Kalalé,+229 96 45 37 77,bureau.événementiel@bureauévénement.bj,,TPE (<10),B2B,APIEx,,Actif,2026-06-29T00:22:55.186831,moyenne
BJ-3E756355,Solutions Réputation Kalalé,Services aux entreprises,Kalalé,+229 47 13 60 67,solutions.réputation@solutionsréputa.bj,solutionsréputationkalalé.bj,TPE (<10),B2B,APIEx,,Actif,2026-06-29T00:22:55.186870,haute
BJ-D4C0CAE8,CDD Ndali,Services aux entreprises,Ndali,+229 45 25 25 13,cdd.ndali@cddndali.org.bj,cddndali.bj,PME (50-200),B2B,APIEx,,Actif,2026-06-29T00:22:55.186927,haute
BJ-40EA0772,Marketing International Ndali,Services aux entreprises,Ndali,+229 51 99 90 31,,marketinginternationalndali.bj,TPE (<10),B2B,APIEx,,Actif,2026-06-29T00:22:55.186969,moyenne
BJ-A3D7C7C1,Performance International,Services aux entreprises,Ndali,+229 49 41 82 30,,performanceinternational.bj,Grande (>200),B2B,APIEx,,Actif,2026-06-29T00:22:55.186981,moyenne
BJ-C2FC1229,Indépendant Solutions,Services aux entreprises,Ndali,+229 83 32 85 47,indépendantsolutions@yahoo.fr,,PME (50-200),B2B,APIEx,,Actif,2026-06-29T00:22:55.186999,moyenne
BJ-FE40A94D,Cabinet Événement Services,Services aux entreprises,Ségbana,+229 22 84 98 96,cabinet.événement@yahoo.fr,,PME (50-200),B2B,APIEx,,Actif,2026-06-29T00:22:55.187026,moyenne
BJ-6B84DD23,Bureau Gardiennage International,Services aux entreprises,Ségbana,+229 90 10 90 18,bureaugardiennage@bureaugardienna.bj,bureaugardiennageinternational.bj,TPE (<10),B2B,APIEx,,Actif,2026-06-29T00:22:55.187061,haute
BJ-004BF28B,Salarial Cabinet,Services aux entreprises,Ségbana,+229 86 22 82 94,salarialcabinet@yahoo.fr,salarialcabinet.bj,PME (10-50),B2B,APIEx,,Actif,2026-06-29T00:22:55.187077,haute
BJ-A7943B27,Solutions Entretien Partners Ségbana,Services aux entreprises,Ségbana,+229 53 11 56 99,solutions.entretien@outlook.com,solutionsentretienpartnersségbana.bj,PME (10-50),B2B,APIEx,,Actif,2026-06-29T00:22:55.187095,haute
BJ-7CA877DB,Innovation Solutions,Services aux entreprises,Tchaourou,+229 75 40 67 26,innovation.solutions@gmail.com,innovationsolutions.bj,TPE (<10),B2B,APIEx,,Actif,2026-06-29T00:22:55.187119,haute
BJ-CD6B4B1D,Image Africa,Services aux entreprises,Tchaourou,+229 45 20 65 43,i.africa@imageafrica.bj,,PME (10-50),B2B,APIEx,,Actif,2026-06-29T00:22:55.187137,moyenne
BJ-19BAD8EF,Solutions Innovation,Services aux entreprises,Tchaourou,+229 32 47 99 65,,solutionsinnovation.bj,TPE (<10),B2B,APIEx,,Actif,2026-06-29T00:22:55.187153,moyenne
BJ-34186FB0,Partners Performance Bureau,Services aux entreprises,Tchaourou,+229 89 13 87 29,partnersperformance@hotmail.com,,PME (10-50),B2B,APIEx,,Actif,2026-06-29T00:22:55.187170,moyenne
BJ-0B81E3A9,Bureau Transformation,Services aux entreprises,Bétérou,+229 41 82 10 79,b.transformation@bureautransform.com.bj,bureautransformation.bj,PME (50-200),B2B,APIEx,,Actif,2026-06-29T00:22:55.187211,haute
BJ-C0679151,Solutions Transformation Bénin,Services aux entreprises,Bétérou,+229 79 51 46 86,solutionstransformation@solutionstransf.bj,solutionstransformationbénin.bj,PME (50-200),B2B,APIEx,,Actif,2026-06-29T00:22:55.187230,haute
BJ-5B2420A7,Solutions Formation,Services aux entreprises,Bétérou,+229 27 17 78 59,solutionsformation@yahoo.com,solutionsformation.bj,PME (50-200),B2B,APIEx,,Actif,2026-06-29T00:22:55.187250,haute
BJ-AACEE465,Audit Chasse Bureau,Services aux entreprises,Bétérou,+229 69 83 61 12,audit.chasse@auditchassebure.com.bj,auditchassebureau.bj,TPE (<10),B2B,APIEx,,Actif,2026-06-29T00:22:55.187267,haute
BJ-EB032D02,Excellence Services,Services aux entreprises,Bétérou,+229 66 97 38 98,excellenceservices@yahoo.fr,,PME (50-200),B2B,APIEx,,Actif,2026-06-29T00:22:55.187282,moyenne
BJ-C39E59E3,Conseil Innovation Africa Ouessè,Services aux entreprises,Ouessè,+229 79 57 63 43,c.innovation@gmail.com,conseilinnovationafricaouessè.bj,Grande (>200),B2B,APIEx,,Actif,2026-06-29T00:22:55.187310,haute
BJ-45039F15,Performance,Services aux entreprises,Ouessè,+229 83 85 83 56,performance@gmail.com,performance.bj,TPE (<10),B2B,APIEx,,Actif,2026-06-29T00:22:55.187326,haute
BJ-887989DA,Bureau Management,Services aux entreprises,Ouessè,+229 30 67 26 40,bureau.management@bureaumanagemen.bj,bureaumanagement.bj,TPE (<10),B2B,APIEx,,Actif,2026-06-29T00:22:55.187346,haute
BJ-C8248284,Agence Business Ouessè,Services aux entreprises,Ouessè,+229 21 40 90 46,agence.business@yahoo.fr,agencebusinessouessè.bj,PME (50-200),B2B,APIEx,,Actif,2026-06-29T00:22:55.187365,haute
BJ-15A9D240,Partners Événementiel,Services aux entreprises,Ouessè,+229 33 33 93 56,partners.événementiel@partnersévéneme.bj,partnersévénementiel.bj,PME (10-50),B2B,APIEx,,Actif,2026-06-29T00:22:55.187383,haute
BJ-E41D2BE9,Freelance,Services aux entreprises,Glazoué,+229 78 34 20 90,freelance@hotmail.com,freelance.bj,TPE (<10),B2B,APIEx,,Actif,2026-06-29T00:22:55.187404,haute
BJ-3609DD0E,Marque Partners,Services aux entreprises,Glazoué,+229 62 38 52 10,marquepartners@marquepartners.org.bj,marquepartners.bj,PME (10-50),B2B,APIEx,,Actif,2026-06-29T00:22:55.187420,haute
BJ-309826A4,Portage Glazoué,Services aux entreprises,Glazoué,+229 46 85 17 38,p.glazoué@portageglazoué.org.bj,portageglazoué.bj,TPE (<10),B2B,APIEx,,Actif,2026-06-29T00:22:55.187438,haute
BJ-F94EBB07,Cabinet ISO,Services aux entreprises,Glazoué,+229 35 89 84 10,cabinet.iso@hotmail.com,cabinetiso.bj,PME (10-50),B2B,APIEx,,Actif,2026-06-29T00:22:55.187455,haute
BJ-06951448,Consulting Innovation Solutions,Services aux entreprises,Glazoué,+229 74 12 50 44,consulting.innovation@gmail.com,,PME (50-200),B2B,APIEx,,Actif,2026-06-29T00:22:55.187470,moyenne
BJ-E4D7BE9B,Expert CDD,Services aux entreprises,Dassa-Zoumè,+229 99 46 84 59,expertcdd@gmail.com,expertcdd.bj,PME (50-200),B2B,APIEx,,Actif,2026-06-29T00:22:55.187492,haute
BJ-6D308674,Expert Salarial Africa,Services aux entreprises,Dassa-Zoumè,+229 46 53 42 30,e.salarial@hotmail.com,,TPE (<10),B2B,APIEx,,Actif,2026-06-29T00:22:55.187511,moyenne
BJ-7E8A1D5D,Chasse Consulting,Services aux entreprises,Dassa-Zoumè,+229 58 74 74 55,chasse.consulting@chasseconsultin.com.bj,,TPE (<10),B2B,APIEx,,Actif,2026-06-29T00:22:55.187530,moyenne
BJ-1357E807,Bureau Stratégie Dassa-Zoumè,Services aux entreprises,Dassa-Zoumè,+229 53 68 71 80,b.stratégie@bureaustratégie.bj,bureaustratégiedassazoumè.bj,TPE (<10),B2B,APIEx,,Actif,2026-06-29T00:22:55.187563,haute
BJ-329E3BB3,Portage Solutions,Services aux entreprises,Savalou,+229 55 70 20 97,p.solutions@yahoo.com,portagesolutions.bj,TPE (<10),B2B,APIEx,,Actif,2026-06-29T00:22:55.187585,haute
BJ-53940B55,Portage Bénin Savalou,Services aux entreprises,Savalou,+229 63 16 65 55,portage.bénin@yahoo.com,portagebéninsavalou.bj,TPE (<10),B2B,APIEx,,Actif,2026-06-29T00:22:55.187606,haute
BJ-B2AA15B2,Stratégie Cabinet,Services aux entreprises,Savalou,+229 56 69 96 44,stratégiecabinet@yahoo.com,stratégiecabinet.bj,PME (50-200),B2B,APIEx,,Actif,2026-06-29T00:22:55.187624,haute
BJ-D53554E4,Partners Business,Services aux entreprises,Savalou,+229 65 73 80 57,partners.business@partnersbusines.com.bj,partnersbusiness.bj,PME (50-200),B2B,APIEx,,Actif,2026-06-29T00:22:55.187639,haute
BJ-8359BB6C,Comptable Solutions,Services aux entreprises,Savalou,+229 33 93 71 68,comptable_solutions@outlook.com,comptablesolutions.bj,PME (50-200),B2B,APIEx,,Actif,2026-06-29T00:22:55.187654,haute
BJ-ECBF4547,Ménage,Services aux entreprises,Bantè,+229 86 96 74 49,ménage@ménage.com.bj,ménage.bj,Grande (>200),B2B,APIEx,,Actif,2026-06-29T00:22:55.187677,haute
BJ-F058414A,Transformation Partners,Services aux entreprises,Bantè,+229 49 50 80 16,transformation.partners@yahoo.com,,PME (50-200),B2B,APIEx,,Actif,2026-06-29T00:22:55.187693,moyenne
BJ-4322C92B,Publiques Services,Services aux entreprises,Bantè,+229 94 45 27 98,publiques.services@yahoo.com,publiquesservices.bj,PME (10-50),B2B,APIEx,,Actif,2026-06-29T00:22:55.187711,haute
BJ-6496E124,Sécurité Advisory,Services aux entreprises,Bantè,+229 53 88 66 30,,sécuritéadvisory.bj,TPE (<10),B2B,APIEx,,Actif,2026-06-29T00:22:55.187724,moyenne
BJ-4A83A162,Solutions Label Bantè,Services aux entreprises,Bantè,+229 68 42 98 54,solutions.label@outlook.com,solutionslabelbantè.bj,PME (50-200),B2B,APIEx,,Actif,2026-06-29T00:22:55.187741,haute
BJ-34A6ABE6,Bureau Freelance Djougou,Services aux entreprises,Djougou,+229 62 90 41 62,,bureaufreelancedjougou.bj,TPE (<10),B2B,APIEx,,Actif,2026-06-29T00:22:55.187775,moyenne
BJ-4943A5A9,Expert Recrutement Advisory,Services aux entreprises,Djougou,+229 94 91 24 16,e.recrutement@outlook.com,,TPE (<10),B2B,APIEx,,Actif,2026-06-29T00:22:55.187793,moyenne
BJ-33B98927,Agence Recrutement,Services aux entreprises,Djougou,+229 94 50 17 85,agence.recrutement@agencerecruteme.com.bj,agencerecrutement.bj,PME (10-50),B2B,APIEx,,Actif,2026-06-29T00:22:55.187809,haute
BJ-E8812FD8,Conseil Sécurité Bénin,Services aux entreprises,Djougou,+229 22 93 82 64,c.sécurité@gmail.com,conseilsécuritébénin.bj,Grande (>200),B2B,APIEx,,Actif,2026-06-29T00:22:55.187826,haute
BJ-F609D616,Solutions Recrutement Consulting,Services aux entreprises,Ouèssè,+229 67 21 12 55,solutions_recrutement@outlook.com,solutionsrecrutementconsulting.bj,PME (50-200),B2B,APIEx,,Actif,2026-06-29T00:22:55.187864,haute
BJ-E7202512,Recrutement,Services aux entreprises,Ouèssè,+229 88 25 11 55,recrutement@hotmail.com,recrutement.bj,TPE (<10),B2B,APIEx,,Actif,2026-06-29T00:22:55.187882,haute
BJ-ACDD6F34,Consulting Relations International,Services aux entreprises,Ouèssè,+229 48 70 36 10,c.relations@consultingrelat.com.bj,,TPE (<10),B2B,APIEx,,Actif,2026-06-29T00:22:55.187914,moyenne
BJ-368048AE,Bureau CDI,Services aux entreprises,Ouèssè,+229 90 29 78 80,,bureaucdi.bj,PME (10-50),B2B,APIEx,,Actif,2026-06-29T00:22:55.187928,moyenne
BJ-991D268D,Expert Juridique Bureau,Services aux entreprises,Bassila,+229 97 50 82 57,e.juridique@expertjuridique.com.bj,,TPE (<10),B2B,APIEx,,Actif,2026-06-29T00:22:55.187951,moyenne
BJ-C1048AF9,Nettoyage Partners,Services aux entreprises,Bassila,+229 82 29 83 48,nettoyage.partners@hotmail.com,nettoyagepartners.bj,PME (10-50),B2B,APIEx,,Actif,2026-06-29T00:22:55.187967,haute
BJ-7DB023CF,Freelance,Services aux entreprises,Bassila,+229 62 27 26 43,freelance@freelance.bj,freelance.bj,PME (50-200),B2B,APIEx,,Actif,2026-06-29T00:22:55.187981,haute
BJ-88200F2D,Bureau Réputation,Services aux entreprises,Bassila,+229 59 86 51 86,bureau.réputation@hotmail.com,bureauréputation.bj,PME (50-200),B2B,APIEx,,Actif,2026-06-29T00:22:55.188004,haute
BJ-B90BCE30,Agence Digital Partners Bassila,Services aux entreprises,Bassila,+229 87 73 20 75,agence.digital@yahoo.fr,,PME (10-50),B2B,APIEx,,Actif,2026-06-29T00:22:55.188020,moyenne
BJ-29760B2C,Entretien Partners Pehunco,Services aux entreprises,Pehunco,+229 60 54 49 21,entretien.partners@gmail.com,entretienpartnerspehunco.bj,PME (10-50),B2B,APIEx,,Actif,2026-06-29T00:22:55.188043,haute
BJ-01584846,Bureau Entretien Services,Services aux entreprises,Pehunco,+229 80 83 14 30,bureauentretien@yahoo.fr,bureauentretienservices.bj,PME (10-50),B2B,APIEx,,Actif,2026-06-29T00:22:55.188062,haute
BJ-EC96B24F,Expert Intérim International Pehunco,Services aux entreprises,Pehunco,+229 76 70 65 63,e.intérim@expertintérimin.org.bj,expertintériminternationalpehunco.bj,TPE (<10),B2B,APIEx,,Actif,2026-06-29T00:22:55.188085,haute
BJ-1C1097A0,Sécurité International,Services aux entreprises,Pehunco,+229 26 83 50 84,s.international@gmail.com,sécuritéinternational.bj,PME (10-50),B2B,APIEx,,Actif,2026-06-29T00:22:55.188103,haute
BJ-53E21336,Freelance,Services aux entreprises,Pehunco,+229 99 15 32 32,freelance@freelance.com.bj,freelance.bj,PME (10-50),B2B,APIEx,,Actif,2026-06-29T00:22:55.188118,haute
BJ-FBC38E0E,Bureau Surveillance,Services aux entreprises,Copargo,+229 33 16 60 38,bureau.surveillance@yahoo.com,bureausurveillance.bj,PME (10-50),B2B,APIEx,,Actif,2026-06-29T00:22:55.188140,haute
BJ-A9115418,Recrutement Copargo,Services aux entreprises,Copargo,+229 24 98 97 92,recrutement.copargo@recrutementcopa.bj,recrutementcopargo.bj,TPE (<10),B2B,APIEx,,Actif,2026-06-29T00:22:55.188157,haute
BJ-5A21643A,Expert Sécurité,Services aux entreprises,Copargo,+229 32 76 66 69,e.sécurité@expertsécurité.com.bj,expertsécurité.bj,PME (50-200),B2B,APIEx,,Actif,2026-06-29T00:22:55.188175,haute
BJ-38871338,Consulting Salarial,Services aux entreprises,Copargo,+229 87 65 25 64,consultingsalarial@consultingsalar.com.bj,,PME (50-200),B2B,APIEx,,Actif,2026-06-29T00:22:55.188206,moyenne
BJ-69F710CF,Solar Incinération,Énergie & Environnement,Cotonou,+229 20 82 52 72,solarincinération@outlook.com,,TPE (<10),B2C,APIEx,,Actif,2026-06-29T00:22:55.188230,moyenne
BJ-5999DA98,Environnement Compostage,Énergie & Environnement,Cotonou,+229 99 28 80 80,e.compostage@environnementco.org.bj,environnementcompostage.bj,PME (50-200),B2B,APIEx,,Actif,2026-06-29T00:22:55.188246,haute
BJ-65724589,Nature Incinération Clean,Énergie & Environnement,Cotonou,+229 35 47 64 17,nature.incinération@natureincinérat.org.bj,,PME (10-50),B2C,APIEx,,Actif,2026-06-29T00:22:55.188267,moyenne
BJ-8A9A24CC,Environnement Photovoltaïque Environment Cotonou,Énergie & Environnement,Cotonou,+229 58 35 48 97,environnementphotovoltaïque@environnementph.bj,environnementphotovoltaïqueenvironmentcotonou.bj,PME (10-50),B2B,APIEx,,Actif,2026-06-29T00:22:55.188288,haute
BJ-713E92D5,Vert Filtration,Énergie & Environnement,Cotonou,+229 37 86 71 93,vert.filtration@yahoo.fr,vertfiltration.bj,TPE (<10),B2B,APIEx,,Actif,2026-06-29T00:22:55.188304,haute
BJ-9CA45D25,Déchets Bénin,Énergie & Environnement,Abomey-Calavi,+229 83 46 36 99,déchets.bénin@déchetsbénin.org.bj,,PME (10-50),B2C,APIEx,,Actif,2026-06-29T00:22:55.188329,moyenne
BJ-4ABDF20F,Power Stockage Clean,Énergie & Environnement,Abomey-Calavi,+229 28 92 37 79,p.stockage@powerstockagecl.bj,,TPE (<10),B2C,APIEx,,Actif,2026-06-29T00:22:55.188363,moyenne
BJ-A6D08AFA,Éolien Puits Abomey-Calavi,Énergie & Environnement,Abomey-Calavi,+229 31 48 72 11,éolienpuits@hotmail.com,éolienpuitsabomeycalavi.bj,TPE (<10),B2C,APIEx,,Actif,2026-06-29T00:22:55.188382,haute
BJ-580B77FF,Dépollution Green,Énergie & Environnement,Abomey-Calavi,+229 94 22 91 56,,dépollutiongreen.bj,PME (50-200),B2B,APIEx,,Actif,2026-06-29T00:22:55.188399,moyenne
BJ-6CB60851,Vert Tri SARL,Énergie & Environnement,Porto-Novo,+229 28 74 69 79,,verttrisarl.bj,PME (50-200),B2C,APIEx,,Actif,2026-06-29T00:22:55.188420,moyenne
BJ-F7C91A1C,Assainissement Eco,Énergie & Environnement,Porto-Novo,+229 30 99 28 39,,assainissementeco.bj,PME (50-200),B2B,APIEx,,Actif,2026-06-29T00:22:55.188432,moyenne
BJ-36673EEC,Clean Hydroélectricité SARL,Énergie & Environnement,Porto-Novo,+229 24 28 28 41,c.hydroélectricité@hotmail.com,,TPE (<10),B2B,APIEx,,Actif,2026-06-29T00:22:55.188452,moyenne
BJ-A1D471C4,Énergie Agriculture Eco,Énergie & Environnement,Porto-Novo,+229 20 45 77 11,énergieagriculture@yahoo.com,énergieagricultureeco.bj,TPE (<10),B2C,APIEx,,Actif,2026-06-29T00:22:55.188471,haute
BJ-3AF18EA2,Panneau Environment,Énergie & Environnement,Porto-Novo,+229 70 69 74 45,panneauenvironment@panneauenvironm.bj,,TPE (<10),B2B,APIEx,,Actif,2026-06-29T00:22:55.188488,moyenne
BJ-6114B011,Eco Hydroélectricité,Énergie & Environnement,Parakou,+229 86 38 46 34,e.hydroélectricité@hotmail.com,ecohydroélectricité.bj,TPE (<10),B2B,APIEx,,Actif,2026-06-29T00:22:55.188513,haute
BJ-A9FA159A,Nature Hydroélectricité Clean,Énergie & Environnement,Parakou,+229 52 56 58 78,,naturehydroélectricitéclean.bj,Grande (>200),B2B,APIEx,,Actif,2026-06-29T00:22:55.188530,moyenne
BJ-72771F03,Forage SARL,Énergie & Environnement,Parakou,+229 44 21 35 77,,foragesarl.bj,PME (10-50),B2B,APIEx,,Actif,2026-06-29T00:22:55.188543,moyenne
BJ-6C910D6D,Pompage Eco,Énergie & Environnement,Parakou,+229 48 69 96 36,p.eco@pompageeco.org.bj,,TPE (<10),B2C,APIEx,,Actif,2026-06-29T00:22:55.188560,moyenne
BJ-FCA06274,Assainissement Environment Parakou,Énergie & Environnement,Parakou,+229 62 18 29 18,assainissement.environment@yahoo.fr,assainissementenvironmentparakou.bj,Grande (>200),B2B,APIEx,,Actif,2026-06-29T00:22:55.188577,haute
BJ-D93BF06A,Éolien Panneau Bohicon,Énergie & Environnement,Bohicon,+229 50 84 99 16,éolien.panneau@hotmail.com,éolienpanneaubohicon.bj,TPE (<10),B2B,APIEx,,Actif,2026-06-29T00:22:55.188618,haute
BJ-44F22498,Énergie Énergie,Énergie & Environnement,Bohicon,+229 25 56 19 69,énergie_énergie@hotmail.com,énergieénergie.bj,PME (10-50),B2C,APIEx,,Actif,2026-06-29T00:22:55.188640,haute
BJ-35FAEBA3,Solar Eau Power,Énergie & Environnement,Bohicon,+229 21 75 60 29,solar_eau@solareaupower.com.bj,,TPE (<10),B2B,APIEx,,Actif,2026-06-29T00:22:55.188657,moyenne
BJ-79C62907,Écologie Solar,Énergie & Environnement,Bohicon,+229 36 36 64 13,écologiesolar@hotmail.com,écologiesolar.bj,TPE (<10),B2B,APIEx,,Actif,2026-06-29T00:22:55.188674,haute
BJ-85A2C77C,Solar Panneau Environment,Énergie & Environnement,Natitingou,+229 33 91 59 69,solar.panneau@solarpanneauenv.org.bj,solarpanneauenvironment.bj,PME (10-50),B2B,APIEx,,Actif,2026-06-29T00:22:55.188733,haute
BJ-23AC6491,Clean Phréatique,Énergie & Environnement,Natitingou,+229 39 41 72 96,c.phréatique@cleanphréatique.com.bj,,TPE (<10),B2C,APIEx,,Actif,2026-06-29T00:22:55.188751,moyenne
BJ-B64A5EB9,Énergie Désinfection Environment Natitingou,Énergie & Environnement,Natitingou,+229 30 88 63 26,,,TPE (<10),B2B,APIEx,,Actif,2026-06-29T00:22:55.188763,basse
BJ-D2A7BB30,Dépollution,Énergie & Environnement,Natitingou,+229 81 87 20 25,,dépollution.bj,PME (10-50),B2B,APIEx,,Actif,2026-06-29T00:22:55.188779,moyenne
BJ-D30CBBFE,Eau Eau,Énergie & Environnement,Lokossa,+229 90 26 13 36,e.eau@eaueau.org.bj,,TPE (<10),B2C,APIEx,,Actif,2026-06-29T00:22:55.188817,moyenne
BJ-769106DD,Compostage Bénin,Énergie & Environnement,Lokossa,+229 88 74 35 24,,,TPE (<10),B2B,APIEx,,Actif,2026-06-29T00:22:55.188838,basse
BJ-67A394F6,Bio Clean Green,Énergie & Environnement,Lokossa,+229 63 92 76 24,bioclean@biocleangreen.bj,biocleangreen.bj,TPE (<10),B2B,APIEx,,Actif,2026-06-29T00:22:55.188857,haute
BJ-9C5BC28B,Traitement,Énergie & Environnement,Lokossa,+229 57 34 37 45,traitement@yahoo.fr,traitement.bj,TPE (<10),B2B,APIEx,,Actif,2026-06-29T00:22:55.188871,haute
BJ-CAB6001B,Incinération,Énergie & Environnement,Ouidah,+229 30 95 43 96,incinération@incinération.com.bj,incinération.bj,TPE (<10),B2B,APIEx,,Actif,2026-06-29T00:22:55.188908,haute
BJ-D0BD2E6C,Nature Écologie,Énergie & Environnement,Ouidah,+229 89 47 86 35,n.écologie@outlook.com,,TPE (<10),B2C,APIEx,,Actif,2026-06-29T00:22:55.188928,moyenne
BJ-A47908CE,Agriculture Power,Énergie & Environnement,Ouidah,+229 84 36 93 88,agriculture.power@hotmail.com,agriculturepower.bj,PME (10-50),B2C,APIEx,,Actif,2026-06-29T00:22:55.188945,haute
BJ-AB2DEF74,Nature Photovoltaïque Environment,Énergie & Environnement,Ouidah,+229 69 15 78 17,n.photovoltaïque@naturephotovolt.com.bj,,PME (10-50),B2B,APIEx,,Actif,2026-06-29T00:22:55.188963,moyenne
BJ-C05DC936,Filtration Power,Énergie & Environnement,Ouidah,+229 38 51 32 97,filtration.power@hotmail.com,,PME (10-50),B2C,APIEx,,Actif,2026-06-29T00:22:55.188978,moyenne
BJ-92625B33,Panneau Green,Énergie & Environnement,Savalou,+229 30 67 53 79,panneaugreen@gmail.com,,PME (50-200),B2B,APIEx,,Actif,2026-06-29T00:22:55.189022,moyenne
BJ-DB3C6FF3,Power Smart Africa,Énergie & Environnement,Savalou,+229 84 21 53 86,power.smart@powersmartafric.bj,powersmartafrica.bj,PME (50-200),B2C,APIEx,,Actif,2026-06-29T00:22:55.189044,haute
BJ-16BCB1FC,Bio Vert Environment,Énergie & Environnement,Savalou,+229 35 21 62 60,b.vert@hotmail.com,biovertenvironment.bj,PME (10-50),B2C,APIEx,,Actif,2026-06-29T00:22:55.189061,haute
BJ-6C7ACAD3,Bio Environnement Clean,Énergie & Environnement,Savalou,+229 27 47 21 96,bioenvironnement@yahoo.fr,bioenvironnementclean.bj,PME (10-50),B2B,APIEx,,Actif,2026-06-29T00:22:55.189077,haute
BJ-41D1E46A,Clean Environnement Energy,Énergie & Environnement,Dassa-Zoumè,+229 25 55 65 23,c.environnement@cleanenvironnem.bj,cleanenvironnementenergy.bj,TPE (<10),B2B,APIEx,,Actif,2026-06-29T00:22:55.189105,haute
BJ-57DCE3FF,Tri,Énergie & Environnement,Dassa-Zoumè,+229 38 16 54 43,tri@tri.bj,,TPE (<10),B2C,APIEx,,Actif,2026-06-29T00:22:55.189124,moyenne
BJ-FF3235C9,Clean Dépollution Solar Dassa-Zoumè,Énergie & Environnement,Dassa-Zoumè,+229 85 91 47 96,cleandépollution@cleandépollutio.com.bj,cleandépollutionsolardassazoumè.bj,PME (50-200),B2C,APIEx,,Actif,2026-06-29T00:22:55.189144,haute
BJ-76F6433B,Distribution Energy Dassa-Zoumè,Énergie & Environnement,Dassa-Zoumè,+229 55 32 45 18,distribution.energy@distributionene.org.bj,distributionenergydassazoumè.bj,PME (50-200),B2C,APIEx,,Actif,2026-06-29T00:22:55.189164,haute
BJ-28E36F07,Clean Distribution,Énergie & Environnement,Dassa-Zoumè,+229 88 34 80 48,clean_distribution@outlook.com,cleandistribution.bj,PME (10-50),B2C,APIEx,,Actif,2026-06-29T00:22:55.189180,haute
BJ-FB483DBA,Éolien Clean,Énergie & Environnement,Kétou,+229 98 75 53 16,éolien.clean@éolienclean.bj,éolienclean.bj,TPE (<10),B2B,APIEx,,Actif,2026-06-29T00:22:55.189205,haute
BJ-5C8D4E07,Clean Phréatique,Énergie & Environnement,Kétou,+229 55 55 14 29,c.phréatique@yahoo.fr,cleanphréatique.bj,PME (10-50),B2B,APIEx,,Actif,2026-06-29T00:22:55.189222,haute
BJ-6E145AF0,Eco Hydroélectricité,Énergie & Environnement,Kétou,+229 32 13 99 55,eco_hydroélectricité@ecohydroélectri.org.bj,ecohydroélectricité.bj,PME (10-50),B2B,APIEx,,Actif,2026-06-29T00:22:55.189243,haute
BJ-86AEBAD1,Eau Offgrid,Énergie & Environnement,Kétou,+229 27 68 86 76,eau.offgrid@outlook.com,,PME (10-50),B2C,APIEx,,Actif,2026-06-29T00:22:55.189260,moyenne
BJ-60EEB34F,Déchets,Énergie & Environnement,Kétou,+229 46 94 87 60,déchets@déchets.org.bj,,TPE (<10),B2B,APIEx,,Actif,2026-06-29T00:22:55.189274,moyenne
BJ-8E30549B,Power Hydraulique Water Covè,Énergie & Environnement,Covè,+229 25 53 52 88,powerhydraulique@powerhydrauliqu.com.bj,powerhydrauliquewatercovè.bj,TPE (<10),B2C,APIEx,,Actif,2026-06-29T00:22:55.189299,haute
BJ-50FB1EAA,Compostage Energy,Énergie & Environnement,Covè,+229 27 59 95 46,compostage.energy@compostageenerg.org.bj,compostageenergy.bj,PME (10-50),B2B,APIEx,,Actif,2026-06-29T00:22:55.189321,haute
BJ-F84E5093,Puits Africa,Énergie & Environnement,Covè,+229 75 69 95 93,puitsafrica@puitsafrica.com.bj,puitsafrica.bj,PME (10-50),B2B,APIEx,,Actif,2026-06-29T00:22:55.189338,haute
BJ-35F99C5E,Solar Adduction Green,Énergie & Environnement,Covè,+229 95 21 16 52,solar_adduction@solaradductiong.bj,solaradductiongreen.bj,PME (10-50),B2B,APIEx,,Actif,2026-06-29T00:22:55.189358,haute
BJ-5A4658DD,Vert Adduction Clean,Énergie & Environnement,Covè,+229 31 87 99 70,v.adduction@vertadductioncl.org.bj,,PME (10-50),B2C,APIEx,,Actif,2026-06-29T00:22:55.189374,moyenne
BJ-C9FA6E1A,Eau Purification,Énergie & Environnement,Pobè,+229 45 63 15 38,e.purification@gmail.com,,Grande (>200),B2C,APIEx,,Actif,2026-06-29T00:22:55.189396,moyenne
BJ-8689F4FE,Énergie Valorisation,Énergie & Environnement,Pobè,+229 53 13 73 46,énergievalorisation@outlook.com,,TPE (<10),B2C,APIEx,,Actif,2026-06-29T00:22:55.189413,moyenne
BJ-D446D495,Nature Compostage,Énergie & Environnement,Pobè,+229 49 47 48 86,,naturecompostage.bj,PME (10-50),B2C,APIEx,,Actif,2026-06-29T00:22:55.189443,moyenne
BJ-52777EAD,Smart Pobè,Énergie & Environnement,Pobè,+229 88 37 43 78,,smartpobè.bj,PME (10-50),B2C,APIEx,,Actif,2026-06-29T00:22:55.189456,moyenne
BJ-6E16B741,Solaire Environment,Énergie & Environnement,Sakété,+229 85 76 83 56,solaireenvironment@hotmail.com,solaireenvironment.bj,PME (10-50),B2C,APIEx,,Actif,2026-06-29T00:22:55.189480,haute
BJ-078A591C,Désinfection Eco,Énergie & Environnement,Sakété,+229 27 84 52 98,désinfection.eco@désinfectioneco.org.bj,désinfectioneco.bj,Grande (>200),B2C,APIEx,,Actif,2026-06-29T00:22:55.189498,haute
BJ-54BDBF14,Éolien Puits,Énergie & Environnement,Sakété,+229 99 14 46 39,,éolienpuits.bj,TPE (<10),B2B,APIEx,,Actif,2026-06-29T00:22:55.189511,moyenne
BJ-C7934C94,Grid Sakété,Énergie & Environnement,Sakété,+229 43 28 11 78,,gridsakété.bj,TPE (<10),B2C,APIEx,,Actif,2026-06-29T00:22:55.189523,moyenne
BJ-C2F430A6,Forage Power Sakété,Énergie & Environnement,Sakété,+229 70 34 79 90,forage.power@hotmail.com,foragepowersakété.bj,PME (10-50),B2B,APIEx,,Actif,2026-06-29T00:22:55.189538,haute
BJ-F40A36CF,Vert Water,Énergie & Environnement,Adjara,+229 70 67 30 33,vertwater@outlook.com,,PME (10-50),B2C,APIEx,,Actif,2026-06-29T00:22:55.189559,moyenne
BJ-7D142E35,Nature Éolien Water,Énergie & Environnement,Adjara,+229 32 41 47 17,nature_éolien@natureéolienwat.com.bj,natureéolienwater.bj,TPE (<10),B2C,APIEx,,Actif,2026-06-29T00:22:55.189578,haute
BJ-15312BAB,Power Réseau,Énergie & Environnement,Adjara,+229 61 22 96 53,power.réseau@powerréseau.com.bj,powerréseau.bj,TPE (<10),B2B,APIEx,,Actif,2026-06-29T00:22:55.189599,haute
BJ-368DD2DF,Bio Potable,Énergie & Environnement,Adjara,+229 71 69 82 34,bio.potable@gmail.com,biopotable.bj,PME (10-50),B2C,APIEx,,Actif,2026-06-29T00:22:55.189619,haute
BJ-68218E7E,Filtration Adjara,Énergie & Environnement,Adjara,+229 89 51 39 81,,,TPE (<10),B2B,APIEx,,Actif,2026-06-29T00:22:55.189631,basse
BJ-FF14BDBA,Bio Potable SARL,Énergie & Environnement,Allada,+229 25 68 61 88,biopotable@yahoo.com,biopotablesarl.bj,TPE (<10),B2C,APIEx,,Actif,2026-06-29T00:22:55.189653,haute
BJ-FB9060D7,Power Vert,Énergie & Environnement,Allada,+229 22 58 97 49,,powervert.bj,PME (10-50),B2C,APIEx,,Actif,2026-06-29T00:22:55.189666,moyenne
BJ-E3F973BE,Éolien Offgrid Green,Énergie & Environnement,Allada,+229 52 88 24 29,éolien.offgrid@éolienoffgridgr.bj,,TPE (<10),B2C,APIEx,,Actif,2026-06-29T00:22:55.189694,moyenne
BJ-34551FF9,Onduleur Allada,Énergie & Environnement,Allada,+229 91 72 39 50,onduleur_allada@onduleurallada.org.bj,onduleurallada.bj,TPE (<10),B2C,APIEx,,Actif,2026-06-29T00:22:55.189713,haute
BJ-C954EAE9,Forage,Énergie & Environnement,Allada,+229 78 12 34 73,,,PME (10-50),B2B,APIEx,,Actif,2026-06-29T00:22:55.189725,basse
BJ-B7C0D9EC,Nature Grid SARL,Énergie & Environnement,Aplahoué,+229 72 39 86 35,n.grid@naturegridsarl.com.bj,,PME (10-50),B2C,APIEx,,Actif,2026-06-29T00:22:55.189749,moyenne
BJ-F99C4570,Réseau SARL,Énergie & Environnement,Aplahoué,+229 86 59 42 89,r.sarl@réseausarl.com.bj,réseausarl.bj,PME (10-50),B2B,APIEx,,Actif,2026-06-29T00:22:55.189769,haute
BJ-5FD4200C,Clean Power,Énergie & Environnement,Aplahoué,+229 67 53 89 30,cleanpower@cleanpower.bj,cleanpower.bj,TPE (<10),B2B,APIEx,,Actif,2026-06-29T00:22:55.189798,haute
BJ-E24C475D,Eau Valorisation,Énergie & Environnement,Aplahoué,+229 40 20 31 28,,eauvalorisation.bj,PME (10-50),B2C,APIEx,,Actif,2026-06-29T00:22:55.189826,moyenne
BJ-38F21AF2,Batterie,Énergie & Environnement,Aplahoué,+229 75 92 85 64,batterie@batterie.bj,,TPE (<10),B2B,APIEx,,Actif,2026-06-29T00:22:55.189850,moyenne
BJ-DC446F29,Éolien,Énergie & Environnement,Dogbo-Tota,+229 66 89 74 60,éolien@yahoo.com,éolien.bj,TPE (<10),B2B,APIEx,,Actif,2026-06-29T00:22:55.189904,haute
BJ-0E3A7B02,Éolien Batterie Energy,Énergie & Environnement,Dogbo-Tota,+229 24 93 96 35,éolien.batterie@éolienbatteriee.bj,,TPE (<10),B2C,APIEx,,Actif,2026-06-29T00:22:55.189928,moyenne
BJ-32AE7C98,Eau Photovoltaïque Green Dogbo-Tota,Énergie & Environnement,Dogbo-Tota,+229 69 17 53 29,,eauphotovoltaïquegreendogbotota.bj,TPE (<10),B2C,APIEx,,Actif,2026-06-29T00:22:55.189942,moyenne
BJ-8E8574B5,Eau Déchets,Énergie & Environnement,Dogbo-Tota,+229 89 93 63 73,e.déchets@eaudéchets.org.bj,eaudéchets.bj,TPE (<10),B2C,APIEx,,Actif,2026-06-29T00:22:55.189963,haute
BJ-BC45FB09,Vert Eau,Énergie & Environnement,Dogbo-Tota,+229 52 62 89 74,,verteau.bj,TPE (<10),B2C,APIEx,,Actif,2026-06-29T00:22:55.189976,moyenne
BJ-9BA1A336,Eau Power SARL,Énergie & Environnement,Kpomassè,+229 91 65 60 94,e.power@eaupowersarl.org.bj,eaupowersarl.bj,PME (10-50),B2B,APIEx,,Actif,2026-06-29T00:22:55.190002,haute
BJ-12283E8A,Dépollution Eco Kpomassè,Énergie & Environnement,Kpomassè,+229 72 24 54 78,,dépollutionecokpomassè.bj,TPE (<10),B2C,APIEx,,Actif,2026-06-29T00:22:55.190016,moyenne
BJ-ACD592BD,Écologie Clean Kpomassè,Énergie & Environnement,Kpomassè,+229 99 68 35 31,é.clean@hotmail.com,écologiecleankpomassè.bj,PME (50-200),B2C,APIEx,,Actif,2026-06-29T00:22:55.190037,haute
BJ-B26D7292,Éolien,Énergie & Environnement,Kpomassè,+229 48 90 39 25,,éolien.bj,Grande (>200),B2C,APIEx,,Actif,2026-06-29T00:22:55.190050,moyenne
BJ-213786C6,Bio Irrigation Solar,Énergie & Environnement,Kpomassè,+229 29 97 22 95,b.irrigation@outlook.com,bioirrigationsolar.bj,PME (10-50),B2B,APIEx,,Actif,2026-06-29T00:22:55.190067,haute
BJ-58B0773C,Eco Grid Energy,Énergie & Environnement,Tori-Bossito,+229 72 59 75 55,eco.grid@yahoo.fr,ecogridenergy.bj,TPE (<10),B2C,APIEx,,Actif,2026-06-29T00:22:55.190089,haute
BJ-261C8E78,Phréatique Africa,Énergie & Environnement,Tori-Bossito,+229 34 51 69 95,,phréatiqueafrica.bj,TPE (<10),B2C,APIEx,,Actif,2026-06-29T00:22:55.190103,moyenne
BJ-FD99A134,Assainissement,Énergie & Environnement,Tori-Bossito,+229 78 70 93 75,assainissement@assainissement.com.bj,,TPE (<10),B2B,APIEx,,Actif,2026-06-29T00:22:55.190116,moyenne
BJ-A0FF6756,Eco Traitement Energy,Énergie & Environnement,Tori-Bossito,+229 69 30 27 68,eco.traitement@hotmail.com,ecotraitementenergy.bj,Grande (>200),B2B,APIEx,,Actif,2026-06-29T00:22:55.190132,haute
BJ-43357EBC,Éolien Agriculture Bénin,Énergie & Environnement,Tori-Bossito,+229 78 74 92 27,éolienagriculture@gmail.com,,PME (50-200),B2C,APIEx,,Actif,2026-06-29T00:22:55.190149,moyenne
BJ-8C17C681,Nature Agriculture Power,Énergie & Environnement,Grand-Popo,+229 32 10 69 58,natureagriculture@yahoo.fr,,PME (10-50),B2C,APIEx,,Actif,2026-06-29T00:22:55.190171,moyenne
BJ-0989C714,Solar Clean SARL,Énergie & Environnement,Grand-Popo,+229 81 34 60 20,solar_clean@outlook.com,solarcleansarl.bj,PME (50-200),B2C,APIEx,,Actif,2026-06-29T00:22:55.190187,haute
BJ-11B1F322,Recyclage Grand-Popo,Énergie & Environnement,Grand-Popo,+229 98 82 69 15,recyclagegrand@recyclagegrandp.org.bj,recyclagegrandpopo.bj,PME (50-200),B2B,APIEx,,Actif,2026-06-29T00:22:55.190210,haute
BJ-A4C414AC,Eco Compostage,Énergie & Environnement,Grand-Popo,+229 68 51 96 90,e.compostage@hotmail.com,ecocompostage.bj,PME (50-200),B2C,APIEx,,Actif,2026-06-29T00:22:55.190226,haute
BJ-E9F98111,Pompage Grand-Popo,Énergie & Environnement,Grand-Popo,+229 90 71 90 83,pompage.grand@pompagegrandpop.org.bj,pompagegrandpopo.bj,PME (50-200),B2C,APIEx,,Actif,2026-06-29T00:22:55.190241,haute
BJ-DF8FE5A1,Stockage Africa,Énergie & Environnement,Athiémé,+229 56 29 37 40,,,TPE (<10),B2B,APIEx,,Actif,2026-06-29T00:22:55.190261,basse
BJ-B0327DB4,Environnement Athiémé,Énergie & Environnement,Athiémé,+229 70 59 80 86,environnementathiémé@environnementat.bj,environnementathiémé.bj,PME (10-50),B2B,APIEx,,Actif,2026-06-29T00:22:55.190283,haute
BJ-67B19101,Panneau Power,Énergie & Environnement,Athiémé,+229 92 42 88 59,panneau.power@gmail.com,,PME (10-50),B2C,APIEx,,Actif,2026-06-29T00:22:55.190298,moyenne
BJ-B3FD1551,Vert Assainissement,Énergie & Environnement,Athiémé,+229 63 16 32 87,v.assainissement@hotmail.com,vertassainissement.bj,PME (10-50),B2B,APIEx,,Actif,2026-06-29T00:22:55.190314,haute
BJ-43541B2E,Environnement Panneau Water,Énergie & Environnement,Athiémé,+229 69 87 52 70,environnement.panneau@environnementpa.com.bj,environnementpanneauwater.bj,PME (10-50),B2B,APIEx,,Actif,2026-06-29T00:22:55.190331,haute
BJ-CDDCEFBB,Bio Biomasse Clean,Énergie & Environnement,Bopa,+229 55 83 32 60,bio_biomasse@gmail.com,biobiomasseclean.bj,PME (50-200),B2C,APIEx,,Actif,2026-06-29T00:22:55.190353,haute
BJ-53DFAB18,Éolien Offgrid Bopa,Énergie & Environnement,Bopa,+229 93 69 62 18,,éolienoffgridbopa.bj,PME (50-200),B2C,APIEx,,Actif,2026-06-29T00:22:55.190367,moyenne
BJ-9619D518,Distribution Bopa,Énergie & Environnement,Bopa,+229 64 78 86 88,distributionbopa@distributionbop.com.bj,,PME (10-50),B2B,APIEx,,Actif,2026-06-29T00:22:55.190386,moyenne
BJ-71ACEEDC,Nappe,Énergie & Environnement,Bopa,+229 49 20 69 55,nappe@outlook.com,nappe.bj,TPE (<10),B2B,APIEx,,Actif,2026-06-29T00:22:55.190400,haute
BJ-8E177E2E,Dépollution Bopa,Énergie & Environnement,Bopa,+229 86 28 24 22,dépollution.bopa@dépollutionbopa.bj,dépollutionbopa.bj,PME (10-50),B2C,APIEx,,Actif,2026-06-29T00:22:55.190417,haute
BJ-A5E6D10F,Clean Biogaz Green,Énergie & Environnement,Houéyogbé,+229 55 18 68 13,c.biogaz@cleanbiogazgree.com.bj,,PME (50-200),B2B,APIEx,,Actif,2026-06-29T00:22:55.190440,moyenne
BJ-60326564,Énergie Vert,Énergie & Environnement,Houéyogbé,+229 90 41 60 22,,énergievert.bj,Grande (>200),B2C,APIEx,,Actif,2026-06-29T00:22:55.190453,moyenne
BJ-3DD2598E,Nappe,Énergie & Environnement,Houéyogbé,+229 37 46 37 93,,,TPE (<10),B2B,APIEx,,Actif,2026-06-29T00:22:55.190468,basse
BJ-CFAF6ED0,Compostage Bénin,Énergie & Environnement,Houéyogbé,+229 26 33 68 46,compostagebénin@compostagebénin.org.bj,compostagebénin.bj,TPE (<10),B2C,APIEx,,Actif,2026-06-29T00:22:55.190486,haute
BJ-47E5E493,Adduction Energy,Énergie & Environnement,Malanville,+229 84 92 11 96,,adductionenergy.bj,TPE (<10),B2B,APIEx,,Actif,2026-06-29T00:22:55.190518,moyenne
BJ-180C0583,Solar Environnement Malanville,Énergie & Environnement,Malanville,+229 89 19 68 30,solarenvironnement@solarenvironnem.org.bj,solarenvironnementmalanville.bj,TPE (<10),B2B,APIEx,,Actif,2026-06-29T00:22:55.190534,haute
BJ-02A94563,Hydroélectricité Bénin,Énergie & Environnement,Malanville,+229 58 56 23 45,hydroélectricité.bénin@hydroélectricit.bj,hydroélectricitébénin.bj,PME (10-50),B2B,APIEx,,Actif,2026-06-29T00:22:55.190555,haute
BJ-717F6ECD,Purification Eco,Énergie & Environnement,Malanville,+229 48 20 95 67,purification.eco@purificationeco.bj,purificationeco.bj,TPE (<10),B2B,APIEx,,Actif,2026-06-29T00:22:55.190572,haute
BJ-76D11529,Bio Stockage,Énergie & Environnement,Malanville,+229 60 96 56 89,,biostockage.bj,Grande (>200),B2B,APIEx,,Actif,2026-06-29T00:22:55.190584,moyenne
BJ-023B5E50,Clean Agriculture,Énergie & Environnement,Kandi,+229 30 56 17 31,c.agriculture@hotmail.com,cleanagriculture.bj,TPE (<10),B2C,APIEx,,Actif,2026-06-29T00:22:55.190606,haute
BJ-69E78560,Power Écologie Environment,Énergie & Environnement,Kandi,+229 67 51 23 30,p.écologie@powerécologieen.com.bj,powerécologieenvironment.bj,PME (10-50),B2B,APIEx,,Actif,2026-06-29T00:22:55.190631,haute
BJ-A7F10447,Eco Offgrid,Énergie & Environnement,Kandi,+229 25 29 69 36,e.offgrid@ecooffgrid.com.bj,,TPE (<10),B2B,APIEx,,Actif,2026-06-29T00:22:55.190647,moyenne
BJ-225D0D3F,Bio Écologie Eco Kandi,Énergie & Environnement,Kandi,+229 44 36 10 47,bio.écologie@bioécologieecok.org.bj,bioécologieecokandi.bj,PME (10-50),B2C,APIEx,,Actif,2026-06-29T00:22:55.190666,haute
BJ-49C8889E,Environnement Vert SARL,Énergie & Environnement,Kandi,+229 93 30 32 14,e.vert@environnementve.bj,environnementvertsarl.bj,PME (10-50),B2C,APIEx,,Actif,2026-06-29T00:22:55.190682,haute
BJ-69265778,Purification,Énergie & Environnement,Banikoara,+229 33 90 81 55,,purification.bj,Grande (>200),B2B,APIEx,,Actif,2026-06-29T00:22:55.190702,moyenne
BJ-50D20537,Environnement Recyclage Banikoara,Énergie & Environnement,Banikoara,+229 47 91 74 10,,environnementrecyclagebanikoara.bj,PME (10-50),B2B,APIEx,,Actif,2026-06-29T00:22:55.190740,moyenne
BJ-75E20E49,Eau Renouvelable,Énergie & Environnement,Banikoara,+229 89 80 10 97,eau.renouvelable@eaurenouvelable.org.bj,eaurenouvelable.bj,TPE (<10),B2B,APIEx,,Actif,2026-06-29T00:22:55.190788,haute
BJ-07E47AB1,Solar Assainissement Green,Énergie & Environnement,Banikoara,+229 96 35 29 12,solar.assainissement@yahoo.com,solarassainissementgreen.bj,PME (10-50),B2C,APIEx,,Actif,2026-06-29T00:22:55.190824,haute
BJ-4F3A172C,Solar Écologie Bénin,Énergie & Environnement,Banikoara,+229 53 66 13 86,solarécologie@yahoo.com,solarécologiebénin.bj,TPE (<10),B2B,APIEx,,Actif,2026-06-29T00:22:55.190860,haute
BJ-64E43387,Énergie Eau Green Ségbana,Énergie & Environnement,Ségbana,+229 32 47 56 44,énergie.eau@énergieeaugreen.org.bj,,PME (10-50),B2C,APIEx,,Actif,2026-06-29T00:22:55.190929,moyenne
BJ-D5046C09,Solar Onduleur SARL,Énergie & Environnement,Ségbana,+229 75 60 82 25,solar.onduleur@hotmail.com,solaronduleursarl.bj,PME (50-200),B2B,APIEx,,Actif,2026-06-29T00:22:55.190957,haute
BJ-B439D5C8,Bio Adduction,Énergie & Environnement,Ségbana,+229 43 65 50 44,,bioadduction.bj,Grande (>200),B2C,APIEx,,Actif,2026-06-29T00:22:55.190971,moyenne
BJ-EBB0856E,Écologie Clean,Énergie & Environnement,Ségbana,+229 76 76 92 54,écologieclean@yahoo.com,écologieclean.bj,PME (50-200),B2B,APIEx,,Actif,2026-06-29T00:22:55.190991,haute
BJ-E6A55D3E,Forage,Énergie & Environnement,Ségbana,+229 97 19 95 14,forage@gmail.com,,PME (10-50),B2B,APIEx,,Actif,2026-06-29T00:22:55.191029,moyenne
BJ-02B94D41,Solaire Karimama,Énergie & Environnement,Karimama,+229 86 81 33 52,,solairekarimama.bj,TPE (<10),B2C,APIEx,,Actif,2026-06-29T00:22:55.191068,moyenne
BJ-E7E27959,Eco Photovoltaïque Clean,Énergie & Environnement,Karimama,+229 70 31 27 95,e.photovoltaïque@ecophotovoltaïq.com.bj,ecophotovoltaïqueclean.bj,PME (50-200),B2C,APIEx,,Actif,2026-06-29T00:22:55.191102,haute
BJ-E0E41039,Vert Hydroélectricité Environment,Énergie & Environnement,Karimama,+229 76 21 45 63,verthydroélectricité@verthydroélectr.org.bj,verthydroélectricitéenvironment.bj,TPE (<10),B2C,APIEx,,Actif,2026-06-29T00:22:55.191144,haute
BJ-AA37A0D0,Solar Hydraulique,Énergie & Environnement,Karimama,+229 71 46 22 50,s.hydraulique@hotmail.com,,PME (10-50),B2C,APIEx,,Actif,2026-06-29T00:22:55.191170,moyenne
BJ-58E58E53,Incinération,Énergie & Environnement,Karimama,+229 78 28 89 42,incinération@incinération.org.bj,incinération.bj,PME (10-50),B2B,APIEx,,Actif,2026-06-29T00:22:55.191199,haute
BJ-DEC4DEB5,Forage,Énergie & Environnement,Gogounou,+229 86 68 33 77,forage@gmail.com,forage.bj,TPE (<10),B2C,APIEx,,Actif,2026-06-29T00:22:55.191240,haute
BJ-00CEC288,Compostage Water,Énergie & Environnement,Gogounou,+229 28 34 24 42,compostage_water@yahoo.fr,compostagewater.bj,PME (10-50),B2B,APIEx,,Actif,2026-06-29T00:22:55.191274,haute
BJ-8CB033F3,Puits Environment,Énergie & Environnement,Gogounou,+229 74 39 69 67,,puitsenvironment.bj,TPE (<10),B2B,APIEx,,Actif,2026-06-29T00:22:55.191329,moyenne
BJ-4E624144,Biogaz Bénin,Énergie & Environnement,Cobly,+229 86 68 99 77,biogaz.bénin@gmail.com,,PME (10-50),B2B,APIEx,,Actif,2026-06-29T00:22:55.191411,moyenne
BJ-38C056C9,Eco Photovoltaïque,Énergie & Environnement,Cobly,+229 39 70 57 87,eco.photovoltaïque@ecophotovoltaïq.bj,,TPE (<10),B2C,APIEx,,Actif,2026-06-29T00:22:55.191450,moyenne
BJ-15BE8CE0,Énergie Potable Environment,Énergie & Environnement,Cobly,+229 30 31 85 88,,,PME (50-200),B2B,APIEx,,Actif,2026-06-29T00:22:55.191493,basse
BJ-11EB1660,Bio Valorisation SARL,Énergie & Environnement,Cobly,+229 82 98 91 39,biovalorisation@gmail.com,,Grande (>200),B2B,APIEx,,Actif,2026-06-29T00:22:55.191534,moyenne
BJ-25BAB7FA,Clean Écologie,Énergie & Environnement,Cobly,+229 66 91 99 35,clean.écologie@outlook.com,cleanécologie.bj,PME (50-200),B2B,APIEx,,Actif,2026-06-29T00:22:55.191570,haute
BJ-2A2FC276,Stockage,Énergie & Environnement,Tanguiéta,+229 74 96 91 92,,stockage.bj,PME (50-200),B2B,APIEx,,Actif,2026-06-29T00:22:55.191614,moyenne
BJ-F03942FC,Environnement Microgrid,Énergie & Environnement,Tanguiéta,+229 90 79 86 85,e.microgrid@hotmail.com,environnementmicrogrid.bj,TPE (<10),B2C,APIEx,,Actif,2026-06-29T00:22:55.191653,haute
BJ-8A9A87BD,Renouvelable Africa Tanguiéta,Énergie & Environnement,Tanguiéta,+229 60 10 88 28,renouvelable.africa@renouvelableafr.bj,renouvelableafricatanguiéta.bj,PME (10-50),B2C,APIEx,,Actif,2026-06-29T00:22:55.191694,haute
BJ-040CCEF6,Power Stockage Water,Énergie & Environnement,Tanguiéta,+229 47 92 70 68,power.stockage@powerstockagewa.org.bj,powerstockagewater.bj,TPE (<10),B2B,APIEx,,Actif,2026-06-29T00:22:55.191731,haute
BJ-23A399FA,Puits Tanguiéta,Énergie & Environnement,Tanguiéta,+229 20 51 37 29,p.tanguiéta@puitstanguiéta.org.bj,puitstanguiéta.bj,PME (50-200),B2B,APIEx,,Actif,2026-06-29T00:22:55.191771,haute
BJ-1DB15B0C,Nature Traitement,Énergie & Environnement,Matéri,+229 38 15 25 43,naturetraitement@outlook.com,naturetraitement.bj,PME (10-50),B2C,APIEx,,Actif,2026-06-29T00:22:55.191824,haute
BJ-81566441,Énergie SARL,Énergie & Environnement,Matéri,+229 81 74 44 81,énergie.sarl@hotmail.com,énergiesarl.bj,PME (50-200),B2B,APIEx,,Actif,2026-06-29T00:22:55.191867,haute
BJ-5D54DB74,Vert Green,Énergie & Environnement,Matéri,+229 54 10 19 74,,vertgreen.bj,PME (10-50),B2B,APIEx,,Actif,2026-06-29T00:22:55.191921,moyenne
BJ-981E75A3,Power Durable Bénin,Énergie & Environnement,Matéri,+229 49 27 19 29,powerdurable@yahoo.fr,powerdurablebénin.bj,TPE (<10),B2B,APIEx,,Actif,2026-06-29T00:22:55.191970,haute
BJ-8426327E,Clean Compostage Eco,Énergie & Environnement,Matéri,+229 67 64 30 74,c.compostage@hotmail.com,cleancompostageeco.bj,PME (50-200),B2C,APIEx,,Actif,2026-06-29T00:22:55.192012,haute
BJ-6B7A8A35,Bio Traitement,Énergie & Environnement,Natitingou,+229 56 82 34 41,bio.traitement@biotraitement.bj,biotraitement.bj,PME (50-200),B2B,APIEx,,Actif,2026-06-29T00:22:55.192067,haute
BJ-C23228AC,Éolien Clean Natitingou,Énergie & Environnement,Natitingou,+229 20 45 23 85,éolien.clean@gmail.com,,PME (50-200),B2B,APIEx,,Actif,2026-06-29T00:22:55.192106,moyenne
BJ-54F6DD4B,Vert Onduleur,Énergie & Environnement,Natitingou,+229 29 47 12 26,,vertonduleur.bj,TPE (<10),B2C,APIEx,,Actif,2026-06-29T00:22:55.192137,moyenne
BJ-E1C06F6A,Grid Eco,Énergie & Environnement,Natitingou,+229 52 88 81 64,grideco@gmail.com,grideco.bj,TPE (<10),B2C,APIEx,,Actif,2026-06-29T00:22:55.192176,haute
BJ-854D14A4,Puits,Énergie & Environnement,Natitingou,+229 78 96 51 22,puits@outlook.com,puits.bj,PME (10-50),B2B,APIEx,,Actif,2026-06-29T00:22:55.192215,haute
BJ-D998E0CA,Éolien Puits Bénin,Énergie & Environnement,Toucountouna,+229 91 75 59 58,é.puits@éolienpuitsbéni.org.bj,éolienpuitsbénin.bj,PME (50-200),B2B,APIEx,,Actif,2026-06-29T00:22:55.192276,haute
BJ-1C866110,Puits,Énergie & Environnement,Toucountouna,+229 60 62 34 77,puits@yahoo.com,,TPE (<10),B2B,APIEx,,Actif,2026-06-29T00:22:55.192314,moyenne
BJ-382FC1EB,Offgrid,Énergie & Environnement,Toucountouna,+229 54 39 68 72,offgrid@offgrid.org.bj,offgrid.bj,Grande (>200),B2B,APIEx,,Actif,2026-06-29T00:22:55.192354,haute
BJ-6194C579,Vert Puits Eco Toucountouna,Énergie & Environnement,Toucountouna,+229 98 22 86 26,vert.puits@vertpuitsecotou.com.bj,vertpuitsecotoucountouna.bj,PME (10-50),B2B,APIEx,,Actif,2026-06-29T00:22:55.192394,haute
BJ-0FF0CA0F,Power Hydroélectricité Solar,Énergie & Environnement,Toucountouna,+229 82 85 93 36,powerhydroélectricité@powerhydroélect.bj,powerhydroélectricitésolar.bj,TPE (<10),B2C,APIEx,,Actif,2026-06-29T00:22:55.192452,haute
BJ-E7A2148A,Grid,Énergie & Environnement,Boukoumbé,+229 70 27 93 12,grid@grid.org.bj,,TPE (<10),B2C,APIEx,,Actif,2026-06-29T00:22:55.192506,moyenne
BJ-DD77A13A,Clean Potable,Énergie & Environnement,Boukoumbé,+229 97 17 84 18,clean.potable@hotmail.com,cleanpotable.bj,Grande (>200),B2C,APIEx,,Actif,2026-06-29T00:22:55.192542,haute
BJ-93D63872,Clean Distribution Environment,Énergie & Environnement,Boukoumbé,+229 32 60 32 57,cleandistribution@cleandistributi.bj,cleandistributionenvironment.bj,TPE (<10),B2B,APIEx,,Actif,2026-06-29T00:22:55.192584,haute
BJ-24353445,Solar Filtration Eco,Énergie & Environnement,Boukoumbé,+229 63 84 54 97,solar.filtration@solarfiltration.org.bj,solarfiltrationeco.bj,PME (50-200),B2B,APIEx,,Actif,2026-06-29T00:22:55.192651,haute
BJ-8BEDEA0C,Désinfection Eco Boukoumbé,Énergie & Environnement,Boukoumbé,+229 90 58 49 72,d.eco@désinfectioneco.org.bj,désinfectionecoboukoumbé.bj,PME (10-50),B2B,APIEx,,Actif,2026-06-29T00:22:55.192688,haute
BJ-9FEB6CBA,Eau Hydraulique,Énergie & Environnement,Kouandé,+229 53 62 73 83,eau.hydraulique@eauhydraulique.org.bj,eauhydraulique.bj,TPE (<10),B2B,APIEx,,Actif,2026-06-29T00:22:55.192743,haute
BJ-1229AD21,Énergie Panneau Kouandé,Énergie & Environnement,Kouandé,+229 41 50 97 42,,énergiepanneaukouandé.bj,PME (50-200),B2B,APIEx,,Actif,2026-06-29T00:22:55.192785,moyenne
BJ-0C787C21,Panneau,Énergie & Environnement,Kouandé,+229 83 26 70 79,panneau@panneau.org.bj,panneau.bj,PME (10-50),B2C,APIEx,,Actif,2026-06-29T00:22:55.192829,haute
BJ-DBF5ED4A,Vert Green Kouandé,Énergie & Environnement,Kouandé,+229 20 30 29 94,v.green@yahoo.com,vertgreenkouandé.bj,TPE (<10),B2B,APIEx,,Actif,2026-06-29T00:22:55.192867,haute
BJ-8B4C776F,Vert Durable,Énergie & Environnement,Kouandé,+229 31 97 60 11,vert.durable@yahoo.com,vertdurable.bj,TPE (<10),B2C,APIEx,,Actif,2026-06-29T00:22:55.192923,haute
BJ-479756F8,Vert Batterie Clean,Énergie & Environnement,Péhunco,+229 94 23 15 43,vert_batterie@outlook.com,vertbatterieclean.bj,PME (50-200),B2C,APIEx,,Actif,2026-06-29T00:22:55.192982,haute
BJ-C37E0D8D,Clean Agriculture Clean Péhunco,Énergie & Environnement,Péhunco,+229 62 50 67 37,clean.agriculture@outlook.com,cleanagriculturecleanpéhunco.bj,PME (10-50),B2C,APIEx,,Actif,2026-06-29T00:22:55.193020,haute
BJ-5280A42C,Géothermie Péhunco,Énergie & Environnement,Péhunco,+229 43 51 71 73,géothermiepéhunco@yahoo.com,géothermiepéhunco.bj,PME (50-200),B2C,APIEx,,Actif,2026-06-29T00:22:55.193076,haute
BJ-6F260BBA,Nature Power,Énergie & Environnement,Péhunco,+229 42 66 54 15,nature.power@naturepower.org.bj,naturepower.bj,TPE (<10),B2C,APIEx,,Actif,2026-06-29T00:22:55.193119,haute
BJ-B6F8DE2D,Clean Éolien,Énergie & Environnement,Péhunco,+229 37 72 41 75,,cleanéolien.bj,PME (10-50),B2C,APIEx,,Actif,2026-06-29T00:22:55.193150,moyenne
BJ-AE0BF74B,Vert Irrigation Environment,Énergie & Environnement,Tchaourou,+229 90 69 41 11,,,TPE (<10),B2B,APIEx,,Actif,2026-06-29T00:22:55.193195,basse
BJ-7D8A9028,Bio Vert Environment,Énergie & Environnement,Tchaourou,+229 78 75 83 68,bio_vert@biovertenvironm.com.bj,,TPE (<10),B2B,APIEx,,Actif,2026-06-29T00:22:55.193232,moyenne
BJ-1295A406,Énergie Incinération,Énergie & Environnement,Tchaourou,+229 88 22 96 43,,,TPE (<10),B2B,APIEx,,Actif,2026-06-29T00:22:55.193347,basse
BJ-C731E52B,Environnement Environnement,Énergie & Environnement,Nikki,+229 25 70 45 49,environnementenvironnement@yahoo.com,environnementenvironnement.bj,PME (50-200),B2B,APIEx,,Actif,2026-06-29T00:22:55.193406,haute
BJ-91E3D32D,Onduleur,Énergie & Environnement,Nikki,+229 29 27 64 62,,onduleur.bj,TPE (<10),B2C,APIEx,,Actif,2026-06-29T00:22:55.193466,moyenne
BJ-C4B8C851,Biomasse,Énergie & Environnement,Nikki,+229 87 21 52 98,biomasse@hotmail.com,,PME (50-200),B2B,APIEx,,Actif,2026-06-29T00:22:55.193497,moyenne
BJ-26BFC54C,Bio Désinfection,Énergie & Environnement,Nikki,+229 74 30 17 54,bio_désinfection@biodésinfection.bj,biodésinfection.bj,PME (10-50),B2C,APIEx,,Actif,2026-06-29T00:22:55.193539,haute
BJ-8B263699,Solar Onduleur Water,Énergie & Environnement,Bembéréké,+229 92 74 75 72,solar_onduleur@solaronduleurwa.com.bj,,PME (50-200),B2B,APIEx,,Actif,2026-06-29T00:22:55.193590,moyenne
BJ-FDA41415,Énergie,Énergie & Environnement,Bembéréké,+229 41 80 60 78,,énergie.bj,TPE (<10),B2C,APIEx,,Actif,2026-06-29T00:22:55.193620,moyenne
BJ-4EBC6067,Puits Africa,Énergie & Environnement,Bembéréké,+229 33 46 58 35,puits.africa@puitsafrica.com.bj,,PME (50-200),B2C,APIEx,,Actif,2026-06-29T00:22:55.193662,moyenne
BJ-39138E4A,Hydroélectricité Bembéréké,Énergie & Environnement,Bembéréké,+229 54 78 44 46,h.bembéréké@hydroélectricit.com.bj,,TPE (<10),B2C,APIEx,,Actif,2026-06-29T00:22:55.193706,moyenne
BJ-0FB6351E,Clean Bembéréké,Énergie & Environnement,Bembéréké,+229 81 23 15 38,clean.bembéréké@cleanbembéréké.org.bj,cleanbembéréké.bj,Grande (>200),B2B,APIEx,,Actif,2026-06-29T00:22:55.193744,haute
BJ-D1FE2AD9,Tri,Énergie & Environnement,Kalalé,+229 96 66 79 99,tri@tri.com.bj,,PME (10-50),B2C,APIEx,,Actif,2026-06-29T00:22:55.193792,moyenne
BJ-07D3D8A1,Bio Renouvelable,Énergie & Environnement,Kalalé,+229 35 47 20 15,biorenouvelable@biorenouvelable.org.bj,biorenouvelable.bj,PME (50-200),B2B,APIEx,,Actif,2026-06-29T00:22:55.193830,haute
BJ-5BBD3018,Power Environnement,Énergie & Environnement,Kalalé,+229 40 95 31 37,power.environnement@powerenvironnem.org.bj,powerenvironnement.bj,TPE (<10),B2B,APIEx,,Actif,2026-06-29T00:22:55.193868,haute
BJ-85E84C42,Clean Distribution,Énergie & Environnement,Kalalé,+229 73 83 47 25,c.distribution@hotmail.com,cleandistribution.bj,TPE (<10),B2C,APIEx,,Actif,2026-06-29T00:22:55.193934,haute
BJ-D8DE9555,Agriculture Energy,Énergie & Environnement,Kalalé,+229 59 82 98 27,,,Grande (>200),B2B,APIEx,,Actif,2026-06-29T00:22:55.193962,basse
BJ-467E77AF,Batterie Solar Ndali,Énergie & Environnement,Ndali,+229 80 81 30 32,batterie_solar@batteriesolarnd.org.bj,batteriesolarndali.bj,PME (50-200),B2C,APIEx,,Actif,2026-06-29T00:22:55.194012,haute
BJ-F153E3C9,Pompage Ndali,Énergie & Environnement,Ndali,+229 71 61 80 44,,pompagendali.bj,TPE (<10),B2C,APIEx,,Actif,2026-06-29T00:22:55.194042,moyenne
BJ-B6A54264,Clean Potable,Énergie & Environnement,Ndali,+229 48 41 78 33,,cleanpotable.bj,PME (10-50),B2B,APIEx,,Actif,2026-06-29T00:22:55.194074,moyenne
BJ-1A8F3167,Eco Pompage,Énergie & Environnement,Ndali,+229 58 23 41 79,,ecopompage.bj,TPE (<10),B2B,APIEx,,Actif,2026-06-29T00:22:55.194099,moyenne
BJ-293FC0E2,Énergie Offgrid,Énergie & Environnement,Ndali,+229 60 46 24 12,énergie.offgrid@gmail.com,énergieoffgrid.bj,Grande (>200),B2C,APIEx,,Actif,2026-06-29T00:22:55.194137,haute
BJ-D759EBFB,Énergie Écologie,Énergie & Environnement,Ségbana,+229 63 62 68 31,énergie.écologie@gmail.com,énergieécologie.bj,TPE (<10),B2C,APIEx,,Actif,2026-06-29T00:22:55.194218,haute
BJ-AE9C90B5,Bio Énergie,Énergie & Environnement,Ségbana,+229 21 32 60 41,bio.énergie@bioénergie.bj,,PME (10-50),B2B,APIEx,,Actif,2026-06-29T00:22:55.194252,moyenne
BJ-94A799D5,Vert Energy,Énergie & Environnement,Ségbana,+229 27 58 41 46,vertenergy@hotmail.com,vertenergy.bj,PME (10-50),B2C,APIEx,,Actif,2026-06-29T00:22:55.194280,haute
BJ-CB587FC8,Durable Clean Ségbana,Énergie & Environnement,Ségbana,+229 97 82 30 22,durable.clean@hotmail.com,durablecleanségbana.bj,TPE (<10),B2B,APIEx,,Actif,2026-06-29T00:22:55.194328,haute
BJ-EE848242,Power Grid Tchaourou,Énergie & Environnement,Tchaourou,+229 23 67 77 29,p.grid@hotmail.com,powergridtchaourou.bj,Grande (>200),B2B,APIEx,,Actif,2026-06-29T00:22:55.194377,haute
BJ-B626BB0D,Clean Irrigation Bénin,Énergie & Environnement,Tchaourou,+229 35 63 77 63,clean.irrigation@cleanirrigation.org.bj,,TPE (<10),B2B,APIEx,,Actif,2026-06-29T00:22:55.194410,moyenne
BJ-7B420043,Nappe,Énergie & Environnement,Tchaourou,+229 83 78 85 87,nappe@gmail.com,nappe.bj,PME (50-200),B2C,APIEx,,Actif,2026-06-29T00:22:55.194450,haute
BJ-36AA6EFB,Pompage Solar,Énergie & Environnement,Tchaourou,+229 91 44 59 53,pompage.solar@yahoo.com,pompagesolar.bj,TPE (<10),B2C,APIEx,,Actif,2026-06-29T00:22:55.194487,haute
BJ-5ABB4F68,Énergie Forage Bénin,Énergie & Environnement,Tchaourou,+229 28 80 58 42,énergieforage@yahoo.com,énergieforagebénin.bj,PME (50-200),B2B,APIEx,,Actif,2026-06-29T00:22:55.194535,haute
BJ-4C13390D,Batterie Bétérou,Énergie & Environnement,Bétérou,+229 49 78 69 28,,batteriebétérou.bj,PME (10-50),B2C,APIEx,,Actif,2026-06-29T00:22:55.194584,moyenne
BJ-AE745248,Déchets Bénin Bétérou,Énergie & Environnement,Bétérou,+229 90 65 60 32,déchetsbénin@déchetsbéninbét.com.bj,déchetsbéninbétérou.bj,PME (50-200),B2B,APIEx,,Actif,2026-06-29T00:22:55.194626,haute
BJ-E72233A4,Eau Clean Power,Énergie & Environnement,Bétérou,+229 88 79 36 19,eauclean@yahoo.fr,eaucleanpower.bj,TPE (<10),B2C,APIEx,,Actif,2026-06-29T00:22:55.194674,haute
BJ-CEDDE493,Smart,Énergie & Environnement,Bétérou,+229 76 93 87 38,smart@hotmail.com,,PME (50-200),B2C,APIEx,,Actif,2026-06-29T00:22:55.194714,moyenne
BJ-A171E34D,Énergie Assainissement Eco,Énergie & Environnement,Bétérou,+229 81 56 98 84,,énergieassainissementeco.bj,PME (50-200),B2B,APIEx,,Actif,2026-06-29T00:22:55.194754,moyenne
BJ-707AA0B3,Eco Irrigation Africa,Énergie & Environnement,Ouessè,+229 65 64 67 14,e.irrigation@yahoo.com,ecoirrigationafrica.bj,PME (10-50),B2C,APIEx,,Actif,2026-06-29T00:22:55.194825,haute
BJ-A454B99A,Solar Nappe Water,Énergie & Environnement,Ouessè,+229 62 31 51 15,solarnappe@solarnappewater.com.bj,solarnappewater.bj,PME (50-200),B2B,APIEx,,Actif,2026-06-29T00:22:55.194865,haute
BJ-D46788B3,Énergie Pompage,Énergie & Environnement,Ouessè,+229 38 24 85 97,énergie.pompage@yahoo.com,énergiepompage.bj,PME (10-50),B2C,APIEx,,Actif,2026-06-29T00:22:55.195122,haute
BJ-14B7B889,Puits Clean,Énergie & Environnement,Ouessè,+229 24 23 35 43,puits.clean@puitsclean.org.bj,,PME (50-200),B2C,APIEx,,Actif,2026-06-29T00:22:55.195185,moyenne
BJ-D9DC9EA9,Adduction Ouessè,Énergie & Environnement,Ouessè,+229 77 35 17 81,,adductionouessè.bj,PME (10-50),B2C,APIEx,,Actif,2026-06-29T00:22:55.195219,moyenne
BJ-ADB496E7,Bio Recyclage Eco,Énergie & Environnement,Glazoué,+229 52 84 59 69,bio.recyclage@outlook.com,,TPE (<10),B2C,APIEx,,Actif,2026-06-29T00:22:55.195311,moyenne
BJ-A451EB64,Hydroélectricité,Énergie & Environnement,Glazoué,+229 46 56 67 96,,hydroélectricité.bj,PME (10-50),B2B,APIEx,,Actif,2026-06-29T00:22:55.195343,moyenne
BJ-9C9B5036,Batterie Eco,Énergie & Environnement,Glazoué,+229 97 71 98 31,b.eco@batterieeco.com.bj,batterieeco.bj,PME (10-50),B2B,APIEx,,Actif,2026-06-29T00:22:55.195374,haute
BJ-9C46A0DD,Éolien Onduleur,Énergie & Environnement,Glazoué,+229 79 79 68 72,é.onduleur@éolienonduleur.com.bj,éolienonduleur.bj,PME (10-50),B2B,APIEx,,Actif,2026-06-29T00:22:55.195428,haute
BJ-779BAC7A,Clean Agriculture,Énergie & Environnement,Dassa-Zoumè,+229 40 39 57 47,,,TPE (<10),B2C,APIEx,,Actif,2026-06-29T00:22:55.195490,basse
BJ-0F7E7358,Dépollution Africa,Énergie & Environnement,Dassa-Zoumè,+229 37 69 78 23,,dépollutionafrica.bj,TPE (<10),B2C,APIEx,,Actif,2026-06-29T00:22:55.195520,moyenne
BJ-48D8C615,Power Distribution,Énergie & Environnement,Dassa-Zoumè,+229 72 81 65 35,p.distribution@yahoo.com,powerdistribution.bj,Grande (>200),B2C,APIEx,,Actif,2026-06-29T00:22:55.195561,haute
BJ-5EAB1103,Géothermie,Énergie & Environnement,Dassa-Zoumè,+229 23 40 62 93,géothermie@géothermie.org.bj,,PME (10-50),B2C,APIEx,,Actif,2026-06-29T00:22:55.195597,moyenne
BJ-DDE68977,Vert Water,Énergie & Environnement,Savalou,+229 44 98 22 91,v.water@vertwater.com.bj,vertwater.bj,PME (10-50),B2C,APIEx,,Actif,2026-06-29T00:22:55.195714,haute
BJ-7FA523E0,Eau Réseau,Énergie & Environnement,Savalou,+229 20 49 84 23,eauréseau@hotmail.com,eauréseau.bj,Grande (>200),B2C,APIEx,,Actif,2026-06-29T00:22:55.195767,haute
BJ-BB707706,Vert Adduction,Énergie & Environnement,Savalou,+229 72 84 85 73,vert.adduction@vertadduction.bj,vertadduction.bj,PME (10-50),B2C,APIEx,,Actif,2026-06-29T00:22:55.195817,haute
BJ-BEE05584,Irrigation Environment,Énergie & Environnement,Savalou,+229 52 69 48 66,,irrigationenvironment.bj,PME (10-50),B2B,APIEx,,Actif,2026-06-29T00:22:55.195852,moyenne
BJ-C0CA649B,Vert Incinération SARL,Énergie & Environnement,Savalou,+229 58 90 23 55,,vertincinérationsarl.bj,TPE (<10),B2B,APIEx,,Actif,2026-06-29T00:22:55.195909,moyenne
BJ-3FBA4668,Irrigation Water,Énergie & Environnement,Bantè,+229 79 59 39 61,irrigationwater@outlook.com,irrigationwater.bj,TPE (<10),B2C,APIEx,,Actif,2026-06-29T00:22:55.195952,haute
BJ-B845DD15,Bio Distribution SARL,Énergie & Environnement,Bantè,+229 86 97 23 10,biodistribution@gmail.com,biodistributionsarl.bj,TPE (<10),B2C,APIEx,,Actif,2026-06-29T00:22:55.195984,haute
BJ-095FA487,Potable,Énergie & Environnement,Bantè,+229 85 96 61 94,,potable.bj,PME (50-200),B2C,APIEx,,Actif,2026-06-29T00:22:55.196037,moyenne
BJ-C39A2A17,Vert Filtration Clean,Énergie & Environnement,Bantè,+229 87 39 87 42,v.filtration@gmail.com,,PME (50-200),B2B,APIEx,,Actif,2026-06-29T00:22:55.196082,moyenne
BJ-5EA39460,Vert Solaire Bantè,Énergie & Environnement,Bantè,+229 66 75 95 75,vertsolaire@yahoo.fr,,PME (10-50),B2B,APIEx,,Actif,2026-06-29T00:22:55.196117,moyenne
BJ-2BCF91D9,Bio Biogaz Environment,Énergie & Environnement,Djougou,+229 38 96 76 53,bio_biogaz@biobiogazenviro.bj,,TPE (<10),B2C,APIEx,,Actif,2026-06-29T00:22:55.196176,moyenne
BJ-A089FCB7,Adduction Clean,Énergie & Environnement,Djougou,+229 27 12 11 62,adductionclean@adductionclean.bj,adductionclean.bj,PME (50-200),B2C,APIEx,,Actif,2026-06-29T00:22:55.196219,haute
BJ-E98099B6,Grid Clean,Énergie & Environnement,Djougou,+229 44 54 90 58,grid_clean@yahoo.com,gridclean.bj,PME (10-50),B2B,APIEx,,Actif,2026-06-29T00:22:55.196265,haute
BJ-F2FC04DD,Biogaz,Énergie & Environnement,Djougou,+229 81 55 58 11,biogaz@biogaz.bj,biogaz.bj,PME (10-50),B2B,APIEx,,Actif,2026-06-29T00:22:55.196301,haute
BJ-11B46DCA,Eco Assainissement Clean,Énergie & Environnement,Djougou,+229 59 58 52 75,eco.assainissement@ecoassainisseme.bj,ecoassainissementclean.bj,TPE (<10),B2B,APIEx,,Actif,2026-06-29T00:22:55.196337,haute
BJ-3F63F9B8,Écologie,Énergie & Environnement,Ouèssè,+229 81 99 25 40,écologie@écologie.bj,écologie.bj,TPE (<10),B2B,APIEx,,Actif,2026-06-29T00:22:55.196390,haute
BJ-71734273,Eau Clean Ouèssè,Énergie & Environnement,Ouèssè,+229 76 92 30 39,e.clean@outlook.com,,PME (10-50),B2C,APIEx,,Actif,2026-06-29T00:22:55.196433,moyenne
BJ-1DF7CE3A,Solar Photovoltaïque Green,Énergie & Environnement,Ouèssè,+229 75 85 86 30,solar.photovoltaïque@solarphotovolta.com.bj,solarphotovoltaïquegreen.bj,TPE (<10),B2B,APIEx,,Actif,2026-06-29T00:22:55.196474,haute
BJ-7188DCAA,Vert Traitement Water,Énergie & Environnement,Ouèssè,+229 76 98 32 74,,verttraitementwater.bj,PME (50-200),B2B,APIEx,,Actif,2026-06-29T00:22:55.196490,moyenne
BJ-E05D6EBA,Nature Agriculture SARL,Énergie & Environnement,Ouèssè,+229 64 37 74 89,,,PME (50-200),B2B,APIEx,,Actif,2026-06-29T00:22:55.196502,basse
BJ-67EF46F9,Adduction Green Bassila,Énergie & Environnement,Bassila,+229 91 98 14 98,adduction.green@yahoo.fr,adductiongreenbassila.bj,TPE (<10),B2B,APIEx,,Actif,2026-06-29T00:22:55.196530,haute
BJ-07B4E736,Déchets Eco Bassila,Énergie & Environnement,Bassila,+229 61 86 17 37,d.eco@yahoo.fr,déchetsecobassila.bj,PME (50-200),B2C,APIEx,,Actif,2026-06-29T00:22:55.196555,haute
BJ-5FF28C5C,Déchets,Énergie & Environnement,Bassila,+229 47 47 65 74,déchets@gmail.com,déchets.bj,TPE (<10),B2C,APIEx,,Actif,2026-06-29T00:22:55.196571,haute
BJ-956A1F46,Vert Réseau,Énergie & Environnement,Bassila,+229 43 69 87 95,vert.réseau@vertréseau.bj,vertréseau.bj,PME (50-200),B2B,APIEx,,Actif,2026-06-29T00:22:55.196589,haute
BJ-50E4934A,Clean Désinfection Green,Énergie & Environnement,Bassila,+229 40 95 21 71,cleandésinfection@cleandésinfecti.bj,cleandésinfectiongreen.bj,PME (10-50),B2C,APIEx,,Actif,2026-06-29T00:22:55.196609,haute
BJ-7BDA333A,Vert Durable,Énergie & Environnement,Pehunco,+229 65 77 46 80,vert.durable@outlook.com,vertdurable.bj,PME (50-200),B2B,APIEx,,Actif,2026-06-29T00:22:55.196646,haute
BJ-E5769325,Recyclage Water,Énergie & Environnement,Pehunco,+229 41 72 12 57,,recyclagewater.bj,PME (10-50),B2B,APIEx,,Actif,2026-06-29T00:22:55.196680,moyenne
BJ-422B67AD,Photovoltaïque,Énergie & Environnement,Pehunco,+229 93 24 75 31,,photovoltaïque.bj,TPE (<10),B2C,APIEx,,Actif,2026-06-29T00:22:55.196721,moyenne
BJ-8EC7B287,Photovoltaïque SARL,Énergie & Environnement,Pehunco,+229 74 75 62 11,photovoltaïque.sarl@photovoltaïques.bj,photovoltaïquesarl.bj,TPE (<10),B2C,APIEx,,Actif,2026-06-29T00:22:55.196761,haute
BJ-8834B72B,Compostage Water Pehunco,Énergie & Environnement,Pehunco,+229 78 34 48 89,,compostagewaterpehunco.bj,TPE (<10),B2B,APIEx,,Actif,2026-06-29T00:22:55.196791,moyenne
BJ-B6B891CC,Eau Hydroélectricité,Énergie & Environnement,Copargo,+229 58 99 73 77,eau.hydroélectricité@yahoo.com,eauhydroélectricité.bj,TPE (<10),B2B,APIEx,,Actif,2026-06-29T00:22:55.196851,haute
BJ-618CA9B7,Power Déchets,Énergie & Environnement,Copargo,+229 55 30 47 36,power.déchets@powerdéchets.org.bj,,PME (50-200),B2B,APIEx,,Actif,2026-06-29T00:22:55.196920,moyenne
BJ-55D0F60D,Eco Hydroélectricité Energy,Énergie & Environnement,Copargo,+229 90 98 39 21,,ecohydroélectricitéenergy.bj,TPE (<10),B2B,APIEx,,Actif,2026-06-29T00:22:55.196940,moyenne
BJ-25C772F2,Power Solaire,Énergie & Environnement,Copargo,+229 81 35 41 59,p.solaire@hotmail.com,powersolaire.bj,TPE (<10),B2C,APIEx,,Actif,2026-06-29T00:22:55.196960,haute
BJ-1D283A91,Clean Biomasse Solar,Énergie & Environnement,Copargo,+229 52 73 30 83,clean.biomasse@cleanbiomasseso.org.bj,,PME (50-200),B2C,APIEx,,Actif,2026-06-29T00:22:55.196978,moyenne
BJ-DDB23999,Média News,Médias & Communication,Cotonou,+229 44 93 23 16,,,TPE (<10),B2C,APIEx,,Actif,2026-06-29T00:22:55.197001,basse
BJ-E8AD7C01,Streaming,Médias & Communication,Cotonou,+229 36 27 61 79,streaming@outlook.com,,PME (10-50),B2B,APIEx,,Actif,2026-06-29T00:22:55.197016,moyenne
BJ-E755C434,Photo Cotonou,Médias & Communication,Cotonou,+229 55 77 82 71,photo.cotonou@hotmail.com,photocotonou.bj,TPE (<10),B2C,APIEx,,Actif,2026-06-29T00:22:55.197038,haute
BJ-87E6D467,Média Publicité,Médias & Communication,Cotonou,+229 43 72 15 33,m.publicité@yahoo.com,,TPE (<10),B2C,APIEx,,Actif,2026-06-29T00:22:55.197057,moyenne
BJ-B50E5A79,Communication Networks Cotonou,Médias & Communication,Cotonou,+229 23 26 97 83,communication.networks@communicationne.bj,communicationnetworkscotonou.bj,TPE (<10),B2B,APIEx,,Actif,2026-06-29T00:22:55.197080,haute
BJ-EE3FADA7,Studio Cinéma,Médias & Communication,Abomey-Calavi,+229 21 20 27 64,studio.cinéma@studiocinéma.bj,studiocinéma.bj,PME (10-50),B2C,APIEx,,Actif,2026-06-29T00:22:55.197110,haute
BJ-FE67C2B7,Média LinkedIn,Médias & Communication,Abomey-Calavi,+229 85 64 77 49,média_linkedin@hotmail.com,médialinkedin.bj,PME (10-50),B2B,APIEx,,Actif,2026-06-29T00:22:55.197128,haute
BJ-FACFF522,Radio,Médias & Communication,Abomey-Calavi,+229 66 97 98 26,radio@hotmail.com,radio.bj,TPE (<10),B2C,APIEx,,Actif,2026-06-29T00:22:55.197143,haute
BJ-EDAC3CA5,Instagram TV,Médias & Communication,Abomey-Calavi,+229 35 19 60 54,instagram@instagramtv.com.bj,instagramtv.bj,PME (10-50),B2B,APIEx,,Actif,2026-06-29T00:22:55.197159,haute
BJ-4EF0B490,Montage Abomey-Calavi,Médias & Communication,Abomey-Calavi,+229 34 64 50 51,montage.abomey@montageabomeyca.com.bj,montageabomeycalavi.bj,TPE (<10),B2B,APIEx,,Actif,2026-06-29T00:22:55.197177,haute
BJ-C6E4287B,Agence Télévision,Médias & Communication,Porto-Novo,+229 79 73 38 21,,agencetélévision.bj,PME (10-50),B2B,APIEx,,Actif,2026-06-29T00:22:55.197211,moyenne
BJ-78D9EC1A,Journal Montage Radio,Médias & Communication,Porto-Novo,+229 73 53 92 46,journalmontage@journalmontager.com.bj,journalmontageradio.bj,TPE (<10),B2C,APIEx,,Actif,2026-06-29T00:22:55.197230,haute
BJ-C0C56BA9,Marketing Press,Médias & Communication,Porto-Novo,+229 72 88 14 28,marketingpress@marketingpress.bj,marketingpress.bj,PME (10-50),B2C,APIEx,,Actif,2026-06-29T00:22:55.197251,haute
BJ-8D7A1703,LinkedIn,Médias & Communication,Porto-Novo,+229 26 79 71 76,linkedin@hotmail.com,linkedin.bj,PME (10-50),B2C,APIEx,,Actif,2026-06-29T00:22:55.197266,haute
BJ-EF4B6AD2,Studio Cinéma Networks,Médias & Communication,Porto-Novo,+229 97 67 16 86,studio.cinéma@studiocinémanet.org.bj,studiocinémanetworks.bj,PME (10-50),B2C,APIEx,,Actif,2026-06-29T00:22:55.197285,haute
BJ-1E912DFE,Presse Télévision Communication Parakou,Médias & Communication,Parakou,+229 34 81 15 37,,pressetélévisioncommunicationparakou.bj,PME (50-200),B2B,APIEx,,Actif,2026-06-29T00:22:55.197308,moyenne
BJ-6477FFEC,Presse Streaming,Médias & Communication,Parakou,+229 24 33 63 80,p.streaming@yahoo.com,pressestreaming.bj,TPE (<10),B2C,APIEx,,Actif,2026-06-29T00:22:55.197326,haute
BJ-23B43823,Diffusion Film Press,Médias & Communication,Parakou,+229 29 35 87 13,diffusionfilm@outlook.com,diffusionfilmpress.bj,PME (10-50),B2B,APIEx,,Actif,2026-06-29T00:22:55.197343,haute
BJ-2A2507EB,Média Son,Médias & Communication,Parakou,+229 64 38 94 30,médiason@yahoo.fr,médiason.bj,TPE (<10),B2B,APIEx,,Actif,2026-06-29T00:22:55.197362,haute
BJ-72BF80AC,Radio Influenceur Bénin Parakou,Médias & Communication,Parakou,+229 38 23 41 94,radioinfluenceur@outlook.com,,PME (50-200),B2B,APIEx,,Actif,2026-06-29T00:22:55.197384,moyenne
BJ-73333EEE,Journal Éditorial Networks,Médias & Communication,Bohicon,+229 79 80 39 35,journaléditorial@journaléditoria.bj,,PME (10-50),B2C,APIEx,,Actif,2026-06-29T00:22:55.197412,moyenne
BJ-44A0E933,Média Communication,Médias & Communication,Bohicon,+229 48 95 60 83,m.communication@médiacommunicat.com.bj,,PME (50-200),B2B,APIEx,,Actif,2026-06-29T00:22:55.197432,moyenne
BJ-9B3149EF,Image,Médias & Communication,Bohicon,+229 33 82 13 69,,image.bj,TPE (<10),B2B,APIEx,,Actif,2026-06-29T00:22:55.197451,moyenne
BJ-7059236C,Interview Press,Médias & Communication,Bohicon,+229 86 63 30 12,i.press@interviewpress.bj,,PME (50-200),B2C,APIEx,,Actif,2026-06-29T00:22:55.197471,moyenne
BJ-BBB45341,Production Enquête TV,Médias & Communication,Bohicon,+229 42 66 25 76,p.enquête@yahoo.fr,,TPE (<10),B2B,APIEx,,Actif,2026-06-29T00:22:55.197489,moyenne
BJ-254FD52F,Télévision Productions Natitingou,Médias & Communication,Natitingou,+229 66 72 17 76,télévisionproductions@hotmail.com,télévisionproductionsnatitingou.bj,PME (10-50),B2B,APIEx,,Actif,2026-06-29T00:22:55.197516,haute
BJ-DBA9578A,TV VOD,Médias & Communication,Natitingou,+229 93 83 49 97,vod@gmail.com,tvvod.bj,PME (10-50),B2C,APIEx,,Actif,2026-06-29T00:22:55.197532,haute
BJ-8297D9F1,Vidéo Press Natitingou,Médias & Communication,Natitingou,+229 86 51 15 95,,vidéopressnatitingou.bj,PME (10-50),B2B,APIEx,,Actif,2026-06-29T00:22:55.197546,moyenne
BJ-287BF205,Influenceur Networks,Médias & Communication,Natitingou,+229 63 57 48 71,,influenceurnetworks.bj,PME (10-50),B2B,APIEx,,Actif,2026-06-29T00:22:55.197574,moyenne
BJ-A77F567B,Création Lokossa,Médias & Communication,Lokossa,+229 33 77 52 25,créationlokossa@outlook.com,,TPE (<10),B2B,APIEx,,Actif,2026-06-29T00:22:55.197604,moyenne
BJ-D55E4CF7,Réseaux Studios,Médias & Communication,Lokossa,+229 90 51 58 40,,réseauxstudios.bj,TPE (<10),B2C,APIEx,,Actif,2026-06-29T00:22:55.197619,moyenne
BJ-6DD24B56,Blogueur TV,Médias & Communication,Lokossa,+229 42 81 87 36,blogueur@hotmail.com,blogueurtv.bj,TPE (<10),B2B,APIEx,,Actif,2026-06-29T00:22:55.197639,haute
BJ-D545F216,Diffusion Interview Radio,Médias & Communication,Lokossa,+229 95 45 49 37,diffusioninterview@diffusioninterv.com.bj,diffusioninterviewradio.bj,TPE (<10),B2C,APIEx,,Actif,2026-06-29T00:22:55.197658,haute
BJ-D55B888D,Interview Networks,Médias & Communication,Lokossa,+229 31 66 26 10,,interviewnetworks.bj,PME (50-200),B2B,APIEx,,Actif,2026-06-29T00:22:55.197675,moyenne
BJ-B12BB16E,Publicité Media,Médias & Communication,Ouidah,+229 56 30 48 63,p.media@yahoo.fr,publicitémedia.bj,PME (50-200),B2C,APIEx,,Actif,2026-06-29T00:22:55.197734,haute
BJ-73654DFE,Journal TikTok,Médias & Communication,Ouidah,+229 95 16 54 99,j.tiktok@gmail.com,journaltiktok.bj,TPE (<10),B2B,APIEx,,Actif,2026-06-29T00:22:55.197797,haute
BJ-47C2DF6C,Production Facebook Networks,Médias & Communication,Ouidah,+229 21 36 97 76,productionfacebook@hotmail.com,productionfacebooknetworks.bj,PME (10-50),B2C,APIEx,,Actif,2026-06-29T00:22:55.197837,haute
BJ-A8B5C2CB,Studio Nouvelles,Médias & Communication,Ouidah,+229 23 93 56 62,studionouvelles@yahoo.fr,studionouvelles.bj,PME (10-50),B2C,APIEx,,Actif,2026-06-29T00:22:55.197871,haute
BJ-097EC933,Sociaux Ouidah,Médias & Communication,Ouidah,+229 39 46 68 80,sociauxouidah@sociauxouidah.org.bj,sociauxouidah.bj,PME (50-200),B2C,APIEx,,Actif,2026-06-29T00:22:55.197914,haute
BJ-7A44A42E,Communication Création,Médias & Communication,Savalou,+229 72 35 71 55,communicationcréation@yahoo.com,communicationcréation.bj,PME (10-50),B2C,APIEx,,Actif,2026-06-29T00:22:55.197996,haute
BJ-5E5274A3,TV YouTube,Médias & Communication,Savalou,+229 83 43 84 80,youtube@tvyoutube.bj,tvyoutube.bj,PME (50-200),B2C,APIEx,,Actif,2026-06-29T00:22:55.198014,haute
BJ-A05A2676,Studio Actualité,Médias & Communication,Savalou,+229 47 84 30 76,studioactualité@studioactualité.com.bj,studioactualité.bj,TPE (<10),B2C,APIEx,,Actif,2026-06-29T00:22:55.198032,haute
BJ-507114A6,Production Journalisme Radio,Médias & Communication,Dassa-Zoumè,+229 63 32 66 54,production.journalisme@productionjourn.org.bj,productionjournalismeradio.bj,PME (10-50),B2C,APIEx,,Actif,2026-06-29T00:22:55.198059,haute
BJ-13CC2443,Instagram,Médias & Communication,Dassa-Zoumè,+229 82 70 27 65,instagram@instagram.org.bj,instagram.bj,TPE (<10),B2C,APIEx,,Actif,2026-06-29T00:22:55.198074,haute
BJ-586B2D82,Studio Radio,Médias & Communication,Dassa-Zoumè,+229 65 20 87 52,studio.radio@gmail.com,studioradio.bj,PME (50-200),B2B,APIEx,,Actif,2026-06-29T00:22:55.198091,haute
BJ-F24943A5,TV Son,Médias & Communication,Dassa-Zoumè,+229 67 66 38 37,son@tvson.org.bj,tvson.bj,PME (10-50),B2C,APIEx,,Actif,2026-06-29T00:22:55.198106,haute
BJ-DB1BAE3E,Journal Digital,Médias & Communication,Kétou,+229 39 42 94 50,,journaldigital.bj,PME (10-50),B2C,APIEx,,Actif,2026-06-29T00:22:55.198139,moyenne
BJ-DE24F43B,Montage TV Kétou,Médias & Communication,Kétou,+229 96 12 88 38,,montagetvkétou.bj,PME (50-200),B2B,APIEx,,Actif,2026-06-29T00:22:55.198157,moyenne
BJ-C77690DB,Radio Digital Networks Kétou,Médias & Communication,Kétou,+229 41 69 19 94,radiodigital@radiodigitalnet.bj,radiodigitalnetworkskétou.bj,TPE (<10),B2B,APIEx,,Actif,2026-06-29T00:22:55.198181,haute
BJ-1CD01D2E,Radio International Press Kétou,Médias & Communication,Kétou,+229 63 95 49 35,,radiointernationalpresskétou.bj,PME (10-50),B2B,APIEx,,Actif,2026-06-29T00:22:55.198196,moyenne
BJ-3F1E2341,Radio Production,Médias & Communication,Kétou,+229 27 41 13 36,,radioproduction.bj,PME (10-50),B2B,APIEx,,Actif,2026-06-29T00:22:55.198208,moyenne
BJ-BF764BB9,SVOD Covè,Médias & Communication,Covè,+229 34 16 42 45,s.covè@yahoo.fr,svodcovè.bj,PME (50-200),B2C,APIEx,,Actif,2026-06-29T00:22:55.198238,haute
BJ-9DA02A6C,TV Son News Covè,Médias & Communication,Covè,+229 58 18 36 33,son_news@tvsonnewscovè.bj,tvsonnewscovè.bj,PME (10-50),B2C,APIEx,,Actif,2026-06-29T00:22:55.198259,haute
BJ-6868A976,Studio Design,Médias & Communication,Covè,+229 27 47 10 70,studiodesign@hotmail.com,studiodesign.bj,TPE (<10),B2B,APIEx,,Actif,2026-06-29T00:22:55.198277,haute
BJ-89F26A2B,Podcast Studios,Médias & Communication,Covè,+229 70 45 64 88,,podcaststudios.bj,TPE (<10),B2C,APIEx,,Actif,2026-06-29T00:22:55.198290,moyenne
BJ-49A1DCCF,Agence Réseaux,Médias & Communication,Covè,+229 73 90 47 20,,agenceréseaux.bj,TPE (<10),B2B,APIEx,,Actif,2026-06-29T00:22:55.198303,moyenne
BJ-409A3E23,Diffusion Création,Médias & Communication,Pobè,+229 66 36 56 32,,diffusioncréation.bj,PME (50-200),B2B,APIEx,,Actif,2026-06-29T00:22:55.198328,moyenne
BJ-06C6A073,Production Social Studios Pobè,Médias & Communication,Pobè,+229 97 65 18 97,p.social@gmail.com,,Grande (>200),B2B,APIEx,,Actif,2026-06-29T00:22:55.198348,moyenne
BJ-A4B0D87A,Communication Influenceur Networks,Médias & Communication,Pobè,+229 25 59 25 21,c.influenceur@communicationin.bj,communicationinfluenceurnetworks.bj,Grande (>200),B2C,APIEx,,Actif,2026-06-29T00:22:55.198386,haute
BJ-250665F6,Production Journalisme Africa,Médias & Communication,Pobè,+229 96 71 40 23,p.journalisme@yahoo.fr,productionjournalismeafrica.bj,Grande (>200),B2C,APIEx,,Actif,2026-06-29T00:22:55.198404,haute
BJ-BA74FC3F,Média Réalisation Press,Médias & Communication,Sakété,+229 86 98 12 90,média.réalisation@hotmail.com,,TPE (<10),B2B,APIEx,,Actif,2026-06-29T00:22:55.198431,moyenne
BJ-B847DE52,Communication Cinéma Productions,Médias & Communication,Sakété,+229 25 48 70 13,communicationcinéma@communicationci.com.bj,communicationcinémaproductions.bj,PME (50-200),B2B,APIEx,,Actif,2026-06-29T00:22:55.198452,haute
BJ-20055014,Presse Son Networks,Médias & Communication,Sakété,+229 27 54 99 73,p.son@pressesonnetwor.com.bj,pressesonnetworks.bj,TPE (<10),B2C,APIEx,,Actif,2026-06-29T00:22:55.198475,haute
BJ-C1A40179,Réseaux Sakété,Médias & Communication,Sakété,+229 54 45 30 73,réseaux.sakété@yahoo.com,réseauxsakété.bj,PME (10-50),B2C,APIEx,,Actif,2026-06-29T00:22:55.198494,haute
BJ-96FB94DA,Liberté News,Médias & Communication,Sakété,+229 60 56 26 20,liberténews@yahoo.fr,,Grande (>200),B2B,APIEx,,Actif,2026-06-29T00:22:55.198510,moyenne
BJ-1DBDF31F,Communication Reportage TV,Médias & Communication,Adjara,+229 46 99 65 40,communication.reportage@gmail.com,communicationreportagetv.bj,PME (50-200),B2C,APIEx,,Actif,2026-06-29T00:22:55.198537,haute
BJ-D08D069A,Presse Facebook News,Médias & Communication,Adjara,+229 38 32 38 78,presse.facebook@pressefacebookn.com.bj,pressefacebooknews.bj,TPE (<10),B2C,APIEx,,Actif,2026-06-29T00:22:55.198555,haute
BJ-A5AA9F3D,Média Communication Africa,Médias & Communication,Adjara,+229 54 23 33 25,médiacommunication@hotmail.com,,PME (10-50),B2C,APIEx,,Actif,2026-06-29T00:22:55.198577,moyenne
BJ-C9400727,Diffusion Design Radio,Médias & Communication,Adjara,+229 27 83 80 15,,diffusiondesignradio.bj,PME (50-200),B2C,APIEx,,Actif,2026-06-29T00:22:55.198592,moyenne
BJ-9EBB9C6D,VOD TV,Médias & Communication,Adjara,+229 71 30 79 36,vod@yahoo.com,vodtv.bj,PME (10-50),B2C,APIEx,,Actif,2026-06-29T00:22:55.198619,haute
BJ-02D3BEE6,Journal YouTube Communication,Médias & Communication,Allada,+229 72 47 79 64,journalyoutube@journalyoutubec.org.bj,,PME (10-50),B2B,APIEx,,Actif,2026-06-29T00:22:55.198644,moyenne
BJ-EDB5978C,Production Reportage,Médias & Communication,Allada,+229 86 84 59 57,p.reportage@productionrepor.com.bj,productionreportage.bj,PME (50-200),B2C,APIEx,,Actif,2026-06-29T00:22:55.198661,haute
BJ-D291A890,Diffusion Série Productions,Médias & Communication,Allada,+229 34 40 10 38,diffusion.série@diffusionsériep.bj,,PME (50-200),B2B,APIEx,,Actif,2026-06-29T00:22:55.198685,moyenne
BJ-D58B1BA3,TV Radio,Médias & Communication,Allada,+229 94 22 81 85,radio@tvradio.org.bj,tvradio.bj,TPE (<10),B2C,APIEx,,Actif,2026-06-29T00:22:55.198701,haute
BJ-F81CF181,Studio Instagram Press Allada,Médias & Communication,Allada,+229 39 22 81 89,studio.instagram@yahoo.com,studioinstagrampressallada.bj,PME (50-200),B2C,APIEx,,Actif,2026-06-29T00:22:55.198719,haute
BJ-F0067078,Documentaire,Médias & Communication,Aplahoué,+229 78 75 18 71,,documentaire.bj,PME (50-200),B2C,APIEx,,Actif,2026-06-29T00:22:55.198740,moyenne
BJ-9AB2E770,Série,Médias & Communication,Aplahoué,+229 21 67 26 37,série@série.bj,série.bj,PME (50-200),B2B,APIEx,,Actif,2026-06-29T00:22:55.198756,haute
BJ-F08C17D7,Radio Information Press,Médias & Communication,Aplahoué,+229 89 56 77 37,,radioinformationpress.bj,TPE (<10),B2C,APIEx,,Actif,2026-06-29T00:22:55.198775,moyenne
BJ-314B91EC,Vidéo Africa,Médias & Communication,Aplahoué,+229 90 37 81 46,vidéo.africa@vidéoafrica.bj,,TPE (<10),B2B,APIEx,,Actif,2026-06-29T00:22:55.198794,moyenne
BJ-37803219,Agence Film,Médias & Communication,Aplahoué,+229 22 86 22 42,,agencefilm.bj,PME (50-200),B2B,APIEx,,Actif,2026-06-29T00:22:55.198808,moyenne
BJ-D7196B05,Digital Radio,Médias & Communication,Dogbo-Tota,+229 32 67 87 60,digitalradio@outlook.com,,TPE (<10),B2C,APIEx,,Actif,2026-06-29T00:22:55.198832,moyenne
BJ-81DBFDCB,Média Éditorial Communication,Médias & Communication,Dogbo-Tota,+229 43 69 70 89,média_éditorial@hotmail.com,médiaéditorialcommunication.bj,TPE (<10),B2C,APIEx,,Actif,2026-06-29T00:22:55.198851,haute
BJ-87505784,LinkedIn Networks,Médias & Communication,Dogbo-Tota,+229 98 19 58 99,linkedinnetworks@gmail.com,linkedinnetworks.bj,TPE (<10),B2B,APIEx,,Actif,2026-06-29T00:22:55.198868,haute
BJ-B94AC383,Studio TikTok,Médias & Communication,Dogbo-Tota,+229 61 28 77 38,studio.tiktok@studiotiktok.org.bj,studiotiktok.bj,PME (10-50),B2B,APIEx,,Actif,2026-06-29T00:22:55.198885,haute
BJ-B2D9989E,TV Réalisation,Médias & Communication,Dogbo-Tota,+229 22 70 97 28,réalisation@outlook.com,tvréalisation.bj,PME (10-50),B2B,APIEx,,Actif,2026-06-29T00:22:55.198916,haute
BJ-5D31E182,Podcast Press Kpomassè,Médias & Communication,Kpomassè,+229 78 85 98 98,podcast.press@podcastpresskpo.com.bj,,PME (10-50),B2B,APIEx,,Actif,2026-06-29T00:22:55.198942,moyenne
BJ-2779883B,Journalisme Bénin,Médias & Communication,Kpomassè,+229 42 43 15 60,journalisme_bénin@journalismebéni.com.bj,journalismebénin.bj,TPE (<10),B2B,APIEx,,Actif,2026-06-29T00:22:55.198961,haute
BJ-879D0071,Photo Networks Kpomassè,Médias & Communication,Kpomassè,+229 43 20 63 21,p.networks@photonetworkskp.bj,photonetworkskpomassè.bj,Grande (>200),B2B,APIEx,,Actif,2026-06-29T00:22:55.198983,haute
BJ-1DA485A6,Mixage,Médias & Communication,Kpomassè,+229 61 93 56 86,mixage@mixage.org.bj,mixage.bj,PME (10-50),B2B,APIEx,,Actif,2026-06-29T00:22:55.198998,haute
BJ-3D41CE73,Communication Digital Networks,Médias & Communication,Kpomassè,+229 43 58 96 62,,communicationdigitalnetworks.bj,TPE (<10),B2C,APIEx,,Actif,2026-06-29T00:22:55.199011,moyenne
BJ-C82DE850,Digital TV,Médias & Communication,Tori-Bossito,+229 89 65 56 47,digital@digitaltv.org.bj,digitaltv.bj,PME (50-200),B2B,APIEx,,Actif,2026-06-29T00:22:55.199033,haute
BJ-40070E4A,Journal Blogueur Africa,Médias & Communication,Tori-Bossito,+229 24 39 16 66,journalblogueur@outlook.com,,PME (10-50),B2C,APIEx,,Actif,2026-06-29T00:22:55.199049,moyenne
BJ-88DFB78B,Son,Médias & Communication,Tori-Bossito,+229 79 20 94 52,son@yahoo.com,son.bj,TPE (<10),B2C,APIEx,,Actif,2026-06-29T00:22:55.199066,haute
BJ-12CDF732,Animation Studios Tori-Bossito,Médias & Communication,Tori-Bossito,+229 86 58 86 63,,animationstudiostoribossito.bj,TPE (<10),B2B,APIEx,,Actif,2026-06-29T00:22:55.199078,moyenne
BJ-4E0EB111,Film,Médias & Communication,Tori-Bossito,+229 99 38 78 56,,film.bj,PME (10-50),B2C,APIEx,,Actif,2026-06-29T00:22:55.199090,moyenne
BJ-11769BDD,Studio Communication Studios,Médias & Communication,Grand-Popo,+229 76 66 25 21,,studiocommunicationstudios.bj,TPE (<10),B2B,APIEx,,Actif,2026-06-29T00:22:55.199113,moyenne
BJ-59E08896,Radio Éditorial Africa Grand-Popo,Médias & Communication,Grand-Popo,+229 76 76 27 74,,radioéditorialafricagrandpopo.bj,PME (10-50),B2B,APIEx,,Actif,2026-06-29T00:22:55.199128,moyenne
BJ-BB7083BB,Communication Création Productions,Médias & Communication,Grand-Popo,+229 21 45 18 46,communication.création@hotmail.com,communicationcréationproductions.bj,TPE (<10),B2C,APIEx,,Actif,2026-06-29T00:22:55.199149,haute
BJ-0DF9391C,Diffusion Digital,Médias & Communication,Grand-Popo,+229 82 27 35 89,diffusion_digital@gmail.com,diffusiondigital.bj,PME (10-50),B2B,APIEx,,Actif,2026-06-29T00:22:55.199166,haute
BJ-2FA7B13E,TV Son Grand-Popo,Médias & Communication,Grand-Popo,+229 46 52 58 42,son.grand@hotmail.com,tvsongrandpopo.bj,Grande (>200),B2C,APIEx,,Actif,2026-06-29T00:22:55.199182,haute
BJ-F5F4C55B,TikTok,Médias & Communication,Athiémé,+229 46 15 51 46,tiktok@yahoo.com,,PME (10-50),B2B,APIEx,,Actif,2026-06-29T00:22:55.199203,moyenne
BJ-5C1F2D3D,Média Design,Médias & Communication,Athiémé,+229 75 26 76 10,,médiadesign.bj,TPE (<10),B2C,APIEx,,Actif,2026-06-29T00:22:55.199217,moyenne
BJ-81716540,Studio Son Press Athiémé,Médias & Communication,Athiémé,+229 51 69 80 59,,studiosonpressathiémé.bj,TPE (<10),B2C,APIEx,,Actif,2026-06-29T00:22:55.199230,moyenne
BJ-EA26D022,VOD,Médias & Communication,Athiémé,+229 96 38 32 66,vod@vod.com.bj,vod.bj,TPE (<10),B2B,APIEx,,Actif,2026-06-29T00:22:55.199244,haute
BJ-5C63D661,Journal Média,Médias & Communication,Athiémé,+229 47 99 10 92,j.média@yahoo.com,,TPE (<10),B2B,APIEx,,Actif,2026-06-29T00:22:55.199260,moyenne
BJ-849F14BA,TV Facebook Bénin,Médias & Communication,Bopa,+229 70 66 76 78,facebook_bénin@gmail.com,,PME (50-200),B2C,APIEx,,Actif,2026-06-29T00:22:55.199283,moyenne
BJ-9B9DF587,Journal Radio Communication,Médias & Communication,Bopa,+229 73 29 35 86,journalradio@yahoo.com,journalradiocommunication.bj,TPE (<10),B2B,APIEx,,Actif,2026-06-29T00:22:55.199300,haute
BJ-66642346,Journal Animation Press,Médias & Communication,Bopa,+229 49 25 80 10,journalanimation@gmail.com,journalanimationpress.bj,PME (50-200),B2C,APIEx,,Actif,2026-06-29T00:22:55.199318,haute
BJ-8BC24A90,Presse Éditorial News,Médias & Communication,Bopa,+229 85 61 86 10,presse.éditorial@presseéditorial.bj,presseéditorialnews.bj,Grande (>200),B2B,APIEx,,Actif,2026-06-29T00:22:55.199337,haute
BJ-0D36CE9B,Social Networks Bopa,Médias & Communication,Bopa,+229 86 31 96 64,socialnetworks@gmail.com,socialnetworksbopa.bj,PME (50-200),B2B,APIEx,,Actif,2026-06-29T00:22:55.199356,haute
BJ-3D7FCBFD,Radio Marketing Communication Houéyogbé,Médias & Communication,Houéyogbé,+229 59 73 27 14,,radiomarketingcommunicationhouéyogbé.bj,TPE (<10),B2B,APIEx,,Actif,2026-06-29T00:22:55.199377,moyenne
BJ-E4F94F62,Diffusion International Productions,Médias & Communication,Houéyogbé,+229 91 64 99 16,diffusion.international@yahoo.fr,diffusioninternationalproductions.bj,PME (50-200),B2C,APIEx,,Actif,2026-06-29T00:22:55.199393,haute
BJ-058D822D,Studio Twitter Houéyogbé,Médias & Communication,Houéyogbé,+229 83 86 27 82,s.twitter@outlook.com,studiotwitterhouéyogbé.bj,PME (10-50),B2B,APIEx,,Actif,2026-06-29T00:22:55.199409,haute
BJ-7E732C9C,Image Houéyogbé,Médias & Communication,Houéyogbé,+229 78 40 62 43,image_houéyogbé@hotmail.com,,PME (10-50),B2C,APIEx,,Actif,2026-06-29T00:22:55.199438,moyenne
BJ-5B3AA3F8,Agence Marketing Press,Médias & Communication,Malanville,+229 41 56 24 72,agencemarketing@agencemarketing.org.bj,agencemarketingpress.bj,TPE (<10),B2C,APIEx,,Actif,2026-06-29T00:22:55.199462,haute
BJ-788729BC,Enquête Radio,Médias & Communication,Malanville,+229 85 52 78 27,e.radio@enquêteradio.bj,enquêteradio.bj,PME (10-50),B2B,APIEx,,Actif,2026-06-29T00:22:55.199485,haute
BJ-00AF3CB5,Contenu Malanville,Médias & Communication,Malanville,+229 41 54 64 35,contenu_malanville@outlook.com,contenumalanville.bj,PME (10-50),B2B,APIEx,,Actif,2026-06-29T00:22:55.199505,haute
BJ-E14FEC3B,Mixage Communication,Médias & Communication,Malanville,+229 78 20 65 95,mixage.communication@mixagecommunica.org.bj,mixagecommunication.bj,TPE (<10),B2B,APIEx,,Actif,2026-06-29T00:22:55.199521,haute
BJ-AC5DDF33,Documentaire Media,Médias & Communication,Malanville,+229 92 22 48 78,documentairemedia@documentairemed.com.bj,,PME (10-50),B2C,APIEx,,Actif,2026-06-29T00:22:55.199535,moyenne
BJ-6D2BFDD4,Diffusion OTT TV,Médias & Communication,Kandi,+229 23 96 64 35,,diffusionotttv.bj,TPE (<10),B2C,APIEx,,Actif,2026-06-29T00:22:55.199556,moyenne
BJ-62829EE8,TikTok Radio,Médias & Communication,Kandi,+229 27 83 20 42,tiktokradio@yahoo.com,tiktokradio.bj,TPE (<10),B2B,APIEx,,Actif,2026-06-29T00:22:55.199616,haute
BJ-961530D7,Presse Réalisation,Médias & Communication,Banikoara,+229 38 93 84 62,,,PME (10-50),B2B,APIEx,,Actif,2026-06-29T00:22:55.199634,basse
BJ-688C7570,Production Télévision Banikoara,Médias & Communication,Banikoara,+229 33 12 97 62,production.télévision@hotmail.com,productiontélévisionbanikoara.bj,PME (50-200),B2C,APIEx,,Actif,2026-06-29T00:22:55.199652,haute
BJ-5BF0AFF3,Radio Photo Media,Médias & Communication,Banikoara,+229 81 55 22 46,radiophoto@yahoo.fr,radiophotomedia.bj,TPE (<10),B2C,APIEx,,Actif,2026-06-29T00:22:55.199671,haute
BJ-C7ED3025,TV Interview Productions,Médias & Communication,Banikoara,+229 47 93 14 41,interviewproductions@outlook.com,tvinterviewproductions.bj,TPE (<10),B2B,APIEx,,Actif,2026-06-29T00:22:55.199687,haute
BJ-989C9553,Influenceur,Médias & Communication,Banikoara,+229 37 86 33 38,influenceur@yahoo.com,influenceur.bj,PME (10-50),B2B,APIEx,,Actif,2026-06-29T00:22:55.199701,haute
BJ-1AE88B22,Communication OTT,Médias & Communication,Ségbana,+229 25 33 21 37,,,Grande (>200),B2C,APIEx,,Actif,2026-06-29T00:22:55.199720,basse
BJ-6070D4DC,Reportage Productions,Médias & Communication,Ségbana,+229 83 77 68 31,reportageproductions@yahoo.com,,TPE (<10),B2C,APIEx,,Actif,2026-06-29T00:22:55.199735,moyenne
BJ-7D5CF127,Radio Mixage Press Ségbana,Médias & Communication,Ségbana,+229 57 89 59 42,r.mixage@yahoo.fr,,PME (50-200),B2B,APIEx,,Actif,2026-06-29T00:22:55.199751,moyenne
BJ-D2917A85,Mixage,Médias & Communication,Ségbana,+229 24 22 49 20,mixage@yahoo.com,mixage.bj,TPE (<10),B2B,APIEx,,Actif,2026-06-29T00:22:55.199765,haute
BJ-D7E65DDF,Réseaux Radio Ségbana,Médias & Communication,Ségbana,+229 56 69 64 58,,,Grande (>200),B2B,APIEx,,Actif,2026-06-29T00:22:55.199777,basse
BJ-991EFE2A,Presse Information Bénin Karimama,Médias & Communication,Karimama,+229 59 67 47 90,,,TPE (<10),B2C,APIEx,,Actif,2026-06-29T00:22:55.199794,basse
BJ-B7E2CB04,Twitter News,Médias & Communication,Karimama,+229 95 59 89 53,t.news@twitternews.bj,twitternews.bj,PME (50-200),B2C,APIEx,,Actif,2026-06-29T00:22:55.199811,haute
BJ-16EAD368,VOD Africa,Médias & Communication,Karimama,+229 67 97 12 23,vod.africa@hotmail.com,vodafrica.bj,Grande (>200),B2B,APIEx,,Actif,2026-06-29T00:22:55.199830,haute
BJ-DA712D45,Information Studios,Médias & Communication,Karimama,+229 56 99 68 28,,informationstudios.bj,TPE (<10),B2B,APIEx,,Actif,2026-06-29T00:22:55.199845,moyenne
BJ-EA96741A,Production Influenceur Media,Médias & Communication,Karimama,+229 20 98 95 89,p.influenceur@productioninflu.org.bj,productioninfluenceurmedia.bj,PME (10-50),B2B,APIEx,,Actif,2026-06-29T00:22:55.199862,haute
BJ-0C4FAD88,Studio Production Gogounou,Médias & Communication,Gogounou,+229 82 69 82 67,studioproduction@gmail.com,,PME (50-200),B2C,APIEx,,Actif,2026-06-29T00:22:55.199884,moyenne
BJ-2C3A9B89,Contenu Media,Médias & Communication,Gogounou,+229 29 62 85 49,contenu.media@outlook.com,contenumedia.bj,PME (10-50),B2B,APIEx,,Actif,2026-06-29T00:22:55.199917,haute
BJ-F1B5E69A,Sociaux Gogounou,Médias & Communication,Gogounou,+229 52 75 34 62,sociaux_gogounou@yahoo.com,sociauxgogounou.bj,PME (10-50),B2C,APIEx,,Actif,2026-06-29T00:22:55.199935,haute
BJ-73CB7700,Journal Communication News,Médias & Communication,Gogounou,+229 23 61 37 19,journalcommunication@journalcommunic.bj,journalcommunicationnews.bj,TPE (<10),B2C,APIEx,,Actif,2026-06-29T00:22:55.199951,haute
BJ-93B67093,Agence Animation,Médias & Communication,Gogounou,+229 21 64 42 66,agence.animation@agenceanimation.com.bj,agenceanimation.bj,PME (10-50),B2C,APIEx,,Actif,2026-06-29T00:22:55.199967,haute
BJ-D3C613BC,Communication Graphisme,Médias & Communication,Cobly,+229 91 36 75 92,communicationgraphisme@communicationgr.org.bj,communicationgraphisme.bj,Grande (>200),B2B,APIEx,,Actif,2026-06-29T00:22:55.199989,haute
BJ-EB32A38D,Design,Médias & Communication,Cobly,+229 97 59 56 50,design@design.org.bj,design.bj,TPE (<10),B2B,APIEx,,Actif,2026-06-29T00:22:55.200004,haute
BJ-4F167623,Image Africa,Médias & Communication,Cobly,+229 25 49 29 10,,imageafrica.bj,PME (50-200),B2B,APIEx,,Actif,2026-06-29T00:22:55.200025,moyenne
BJ-B9970BC0,Agence Réalisation,Médias & Communication,Cobly,+229 33 49 37 86,,agenceréalisation.bj,TPE (<10),B2C,APIEx,,Actif,2026-06-29T00:22:55.200056,moyenne
BJ-0DD2A441,Agence Image Tanguiéta,Médias & Communication,Tanguiéta,+229 84 94 58 33,agence.image@agenceimagetang.com.bj,agenceimagetanguiéta.bj,Grande (>200),B2B,APIEx,,Actif,2026-06-29T00:22:55.200085,haute
BJ-D7F28404,Agence Film,Médias & Communication,Tanguiéta,+229 23 30 60 30,,agencefilm.bj,PME (50-200),B2C,APIEx,,Actif,2026-06-29T00:22:55.200098,moyenne
BJ-7271A5E5,Télévision Networks,Médias & Communication,Tanguiéta,+229 38 68 27 70,,,TPE (<10),B2B,APIEx,,Actif,2026-06-29T00:22:55.200109,basse
BJ-970AD7B4,Studio Image Bénin,Médias & Communication,Tanguiéta,+229 86 73 90 54,studioimage@yahoo.com,studioimagebénin.bj,TPE (<10),B2C,APIEx,,Actif,2026-06-29T00:22:55.200130,haute
BJ-3429E762,Son,Médias & Communication,Tanguiéta,+229 83 26 10 61,son@outlook.com,son.bj,PME (10-50),B2B,APIEx,,Actif,2026-06-29T00:22:55.200144,haute
BJ-27E520CA,Mixage Media,Médias & Communication,Matéri,+229 63 19 29 69,m.media@mixagemedia.com.bj,mixagemedia.bj,PME (50-200),B2B,APIEx,,Actif,2026-06-29T00:22:55.200180,haute
BJ-7582647A,Presse Contenu,Médias & Communication,Matéri,+229 42 92 28 85,p.contenu@pressecontenu.bj,pressecontenu.bj,TPE (<10),B2C,APIEx,,Actif,2026-06-29T00:22:55.200199,haute
BJ-53C9D545,Cinéma TV,Médias & Communication,Matéri,+229 70 50 99 93,cinéma@cinématv.com.bj,cinématv.bj,PME (10-50),B2B,APIEx,,Actif,2026-06-29T00:22:55.200215,haute
BJ-3A463698,Liberté Media,Médias & Communication,Matéri,+229 46 52 96 28,l.media@hotmail.com,,PME (10-50),B2C,APIEx,,Actif,2026-06-29T00:22:55.200231,moyenne
BJ-011ED086,Studio Facebook TV,Médias & Communication,Natitingou,+229 36 94 54 20,,studiofacebooktv.bj,PME (50-200),B2B,APIEx,,Actif,2026-06-29T00:22:55.200251,moyenne
BJ-4BB12F56,TV Interview,Médias & Communication,Natitingou,+229 51 70 85 31,interview@yahoo.fr,tvinterview.bj,Grande (>200),B2C,APIEx,,Actif,2026-06-29T00:22:55.200265,haute
BJ-D8C75D7A,Animation,Médias & Communication,Natitingou,+229 84 99 84 39,,animation.bj,PME (50-200),B2B,APIEx,,Actif,2026-06-29T00:22:55.200277,moyenne
BJ-D8E14725,Journal OTT Networks Natitingou,Médias & Communication,Natitingou,+229 88 47 63 69,,journalottnetworksnatitingou.bj,PME (50-200),B2B,APIEx,,Actif,2026-06-29T00:22:55.200289,moyenne
BJ-2194740F,Journalisme,Médias & Communication,Natitingou,+229 69 96 33 93,journalisme@outlook.com,journalisme.bj,PME (10-50),B2B,APIEx,,Actif,2026-06-29T00:22:55.200302,haute
BJ-F60503B2,Presse National Toucountouna,Médias & Communication,Toucountouna,+229 38 15 86 17,presse_national@gmail.com,pressenationaltoucountouna.bj,Grande (>200),B2C,APIEx,,Actif,2026-06-29T00:22:55.200324,haute
BJ-FEF53FFA,Diffusion Média,Médias & Communication,Toucountouna,+229 77 31 88 27,,,PME (10-50),B2C,APIEx,,Actif,2026-06-29T00:22:55.200335,basse
BJ-33EE1BA9,YouTube Studios,Médias & Communication,Toucountouna,+229 53 55 16 40,youtubestudios@yahoo.fr,,PME (50-200),B2B,APIEx,,Actif,2026-06-29T00:22:55.200356,moyenne
BJ-E1284D97,Presse YouTube,Médias & Communication,Toucountouna,+229 97 45 36 11,,presseyoutube.bj,PME (10-50),B2C,APIEx,,Actif,2026-06-29T00:22:55.200369,moyenne
BJ-EB47DA31,SVOD,Médias & Communication,Toucountouna,+229 96 31 84 80,svod@outlook.com,,TPE (<10),B2C,APIEx,,Actif,2026-06-29T00:22:55.200381,moyenne
BJ-4DB7E0C5,TV Image Boukoumbé,Médias & Communication,Boukoumbé,+229 62 79 83 75,,tvimageboukoumbé.bj,TPE (<10),B2C,APIEx,,Actif,2026-06-29T00:22:55.200401,moyenne
BJ-66B64E1F,Blogueur Productions,Médias & Communication,Boukoumbé,+229 22 17 71 56,blogueur.productions@yahoo.fr,,PME (10-50),B2B,APIEx,,Actif,2026-06-29T00:22:55.200420,moyenne
BJ-738F2574,Média Son Networks,Médias & Communication,Boukoumbé,+229 46 56 98 38,,médiasonnetworks.bj,PME (10-50),B2C,APIEx,,Actif,2026-06-29T00:22:55.200433,moyenne
BJ-467AFFE8,Média Démocratie News,Médias & Communication,Boukoumbé,+229 88 15 73 44,,médiadémocratienews.bj,Grande (>200),B2C,APIEx,,Actif,2026-06-29T00:22:55.200445,moyenne
BJ-97CAF58D,Journal,Médias & Communication,Boukoumbé,+229 63 43 49 35,,journal.bj,TPE (<10),B2C,APIEx,,Actif,2026-06-29T00:22:55.200457,moyenne
BJ-4F405EC0,Série Media,Médias & Communication,Kouandé,+229 23 48 76 71,,sériemedia.bj,PME (50-200),B2C,APIEx,,Actif,2026-06-29T00:22:55.200475,moyenne
BJ-448B9FD1,Journal,Médias & Communication,Kouandé,+229 84 46 42 54,,journal.bj,PME (50-200),B2B,APIEx,,Actif,2026-06-29T00:22:55.200487,moyenne
BJ-E9A65A38,Instagram News Kouandé,Médias & Communication,Kouandé,+229 32 66 47 67,i.news@instagramnewsko.org.bj,instagramnewskouandé.bj,TPE (<10),B2C,APIEx,,Actif,2026-06-29T00:22:55.200507,haute
BJ-267650AC,Contenu,Médias & Communication,Kouandé,+229 67 46 93 64,contenu@yahoo.com,contenu.bj,Grande (>200),B2C,APIEx,,Actif,2026-06-29T00:22:55.200522,haute
BJ-DA3867BF,Radio Journalisme Press,Médias & Communication,Kouandé,+229 63 48 51 63,radiojournalisme@outlook.com,,PME (10-50),B2B,APIEx,,Actif,2026-06-29T00:22:55.200538,moyenne
BJ-5071DEDA,VOD,Médias & Communication,Péhunco,+229 52 53 41 69,vod@outlook.com,,TPE (<10),B2B,APIEx,,Actif,2026-06-29T00:22:55.200559,moyenne
BJ-F8BC5F1F,Podcast Studios Péhunco,Médias & Communication,Péhunco,+229 75 44 54 82,podcast.studios@podcaststudiosp.org.bj,,Grande (>200),B2B,APIEx,,Actif,2026-06-29T00:22:55.200575,moyenne
BJ-2BB7DFD9,Studio Instagram Productions,Médias & Communication,Péhunco,+229 60 37 57 69,,studioinstagramproductions.bj,TPE (<10),B2B,APIEx,,Actif,2026-06-29T00:22:55.200588,moyenne
BJ-3D893261,Journal Podcast,Médias & Communication,Péhunco,+229 83 28 97 26,journal.podcast@gmail.com,journalpodcast.bj,PME (50-200),B2B,APIEx,,Actif,2026-06-29T00:22:55.200607,haute
BJ-583318CE,Journal Information,Médias & Communication,Tchaourou,+229 26 75 88 83,,journalinformation.bj,PME (10-50),B2C,APIEx,,Actif,2026-06-29T00:22:55.200640,moyenne
BJ-7E23B0E6,Production TV,Médias & Communication,Tchaourou,+229 79 66 58 13,production@productiontv.com.bj,,PME (50-200),B2C,APIEx,,Actif,2026-06-29T00:22:55.200654,moyenne
BJ-CE0D036B,Radio Film,Médias & Communication,Tchaourou,+229 74 96 32 33,radiofilm@radiofilm.bj,radiofilm.bj,PME (50-200),B2B,APIEx,,Actif,2026-06-29T00:22:55.200688,haute
BJ-A855B503,Radio Design Studios,Médias & Communication,Tchaourou,+229 75 19 26 67,radio.design@radiodesignstud.com.bj,radiodesignstudios.bj,PME (10-50),B2C,APIEx,,Actif,2026-06-29T00:22:55.200707,haute
BJ-B52E0E51,Studio Animation Bénin,Médias & Communication,Tchaourou,+229 80 65 97 22,studioanimation@studioanimation.com.bj,studioanimationbénin.bj,TPE (<10),B2B,APIEx,,Actif,2026-06-29T00:22:55.200725,haute
BJ-17225701,Communication YouTube,Médias & Communication,Nikki,+229 37 60 93 64,c.youtube@hotmail.com,communicationyoutube.bj,TPE (<10),B2B,APIEx,,Actif,2026-06-29T00:22:55.200748,haute
BJ-CB01D4A9,Agence Image,Médias & Communication,Nikki,+229 98 77 25 89,agenceimage@agenceimage.org.bj,,TPE (<10),B2B,APIEx,,Actif,2026-06-29T00:22:55.200764,moyenne
BJ-40A7F050,Diffusion Production Productions,Médias & Communication,Nikki,+229 95 87 91 41,,diffusionproductionproductions.bj,Grande (>200),B2C,APIEx,,Actif,2026-06-29T00:22:55.200776,moyenne
BJ-975886BD,Contenu News,Médias & Communication,Nikki,+229 25 67 63 17,,,Grande (>200),B2C,APIEx,,Actif,2026-06-29T00:22:55.200787,basse
BJ-65205949,TV Journal Nikki,Médias & Communication,Nikki,+229 36 96 65 74,j.nikki@yahoo.com,tvjournalnikki.bj,PME (50-200),B2C,APIEx,,Actif,2026-06-29T00:22:55.200806,haute
BJ-35556337,Photo,Médias & Communication,Bembéréké,+229 35 89 20 72,photo@gmail.com,photo.bj,Grande (>200),B2C,APIEx,,Actif,2026-06-29T00:22:55.200827,haute
BJ-D5CCD9D8,Radio Blogueur Press,Médias & Communication,Bembéréké,+229 57 33 71 69,r.blogueur@radioblogueurpr.org.bj,radioblogueurpress.bj,PME (50-200),B2B,APIEx,,Actif,2026-06-29T00:22:55.200864,haute
BJ-26857A13,Streaming,Médias & Communication,Bembéréké,+229 89 43 29 49,streaming@yahoo.fr,streaming.bj,PME (50-200),B2B,APIEx,,Actif,2026-06-29T00:22:55.200878,haute
BJ-2F945C3E,Agence Actualité Communication,Médias & Communication,Bembéréké,+229 99 29 25 86,agence.actualité@yahoo.com,agenceactualitécommunication.bj,TPE (<10),B2C,APIEx,,Actif,2026-06-29T00:22:55.200909,haute
BJ-AB33C68C,International Media,Médias & Communication,Kalalé,+229 40 51 11 58,i.media@gmail.com,internationalmedia.bj,PME (50-200),B2C,APIEx,,Actif,2026-06-29T00:22:55.200933,haute
BJ-C99DAC1B,Journalisme Press,Médias & Communication,Kalalé,+229 86 62 42 12,journalismepress@journalismepres.com.bj,,TPE (<10),B2B,APIEx,,Actif,2026-06-29T00:22:55.200949,moyenne
BJ-686E4CB5,Média Télévision News,Médias & Communication,Kalalé,+229 70 57 56 90,,médiatélévisionnews.bj,PME (10-50),B2B,APIEx,,Actif,2026-06-29T00:22:55.200963,moyenne
BJ-E0F86713,Communication Communication Africa,Médias & Communication,Kalalé,+229 92 87 42 58,c.communication@yahoo.fr,communicationcommunicationafrica.bj,PME (50-200),B2C,APIEx,,Actif,2026-06-29T00:22:55.200979,haute
BJ-3FB03AE2,Graphisme TV,Médias & Communication,Kalalé,+229 67 96 21 65,graphisme@hotmail.com,graphismetv.bj,PME (10-50),B2B,APIEx,,Actif,2026-06-29T00:22:55.200994,haute
BJ-B83301F6,LinkedIn,Médias & Communication,Ndali,+229 87 51 69 20,linkedin@hotmail.com,linkedin.bj,TPE (<10),B2C,APIEx,,Actif,2026-06-29T00:22:55.201014,haute
BJ-686DFA98,Presse Photo TV,Médias & Communication,Ndali,+229 73 22 69 26,presse_photo@pressephototv.com.bj,pressephototv.bj,TPE (<10),B2C,APIEx,,Actif,2026-06-29T00:22:55.201032,haute
BJ-15816DF1,Podcast Communication,Médias & Communication,Ndali,+229 77 57 13 56,,podcastcommunication.bj,TPE (<10),B2C,APIEx,,Actif,2026-06-29T00:22:55.201048,moyenne
BJ-2C36729D,Diffusion VOD Communication,Médias & Communication,Ndali,+229 21 35 66 54,d.vod@diffusionvodcom.com.bj,,PME (10-50),B2B,APIEx,,Actif,2026-06-29T00:22:55.201065,moyenne
BJ-6DCB59A0,Blogueur,Médias & Communication,Ndali,+229 96 57 41 97,blogueur@blogueur.org.bj,blogueur.bj,PME (10-50),B2C,APIEx,,Actif,2026-06-29T00:22:55.201079,haute
BJ-C47C20F8,Instagram TV,Médias & Communication,Ségbana,+229 34 43 44 56,instagram@yahoo.com,,TPE (<10),B2B,APIEx,,Actif,2026-06-29T00:22:55.201099,moyenne
BJ-BC92DFFF,Actualité Networks,Médias & Communication,Ségbana,+229 22 60 47 79,,actualiténetworks.bj,PME (50-200),B2B,APIEx,,Actif,2026-06-29T00:22:55.201112,moyenne
BJ-F62891C3,Actualité Communication,Médias & Communication,Ségbana,+229 50 94 95 21,actualité_communication@actualitécommun.org.bj,actualitécommunication.bj,TPE (<10),B2C,APIEx,,Actif,2026-06-29T00:22:55.201133,haute
BJ-2803D95A,Diffusion Animation Networks,Médias & Communication,Tchaourou,+229 60 34 86 84,,,TPE (<10),B2B,APIEx,,Actif,2026-06-29T00:22:55.201182,basse
BJ-BAE1203A,Presse Network,Médias & Communication,Tchaourou,+229 27 82 65 93,pressenetwork@pressenetwork.com.bj,pressenetwork.bj,PME (50-200),B2B,APIEx,,Actif,2026-06-29T00:22:55.201199,haute
BJ-5E9F2EAD,Diffusion Facebook Press,Médias & Communication,Tchaourou,+229 83 14 28 13,diffusion.facebook@diffusionfacebo.org.bj,diffusionfacebookpress.bj,PME (50-200),B2B,APIEx,,Actif,2026-06-29T00:22:55.201232,haute
BJ-63240EB4,Journal SVOD Africa Tchaourou,Médias & Communication,Tchaourou,+229 54 85 96 59,journalsvod@journalsvodafri.org.bj,journalsvodafricatchaourou.bj,TPE (<10),B2C,APIEx,,Actif,2026-06-29T00:22:55.201252,haute
BJ-E13D20A2,Réalisation TV,Médias & Communication,Bétérou,+229 45 92 46 54,réalisation@réalisationtv.com.bj,réalisationtv.bj,PME (50-200),B2C,APIEx,,Actif,2026-06-29T00:22:55.201276,haute
BJ-D12537C4,TV Réseaux,Médias & Communication,Bétérou,+229 50 69 58 75,réseaux@tvréseaux.com.bj,,PME (10-50),B2C,APIEx,,Actif,2026-06-29T00:22:55.201291,moyenne
BJ-989C09A0,Studio Démocratie,Médias & Communication,Bétérou,+229 55 98 19 29,studiodémocratie@yahoo.com,studiodémocratie.bj,TPE (<10),B2B,APIEx,,Actif,2026-06-29T00:22:55.201308,haute
BJ-DE4FAA0F,Communication LinkedIn,Médias & Communication,Bétérou,+229 36 40 96 97,,,Grande (>200),B2B,APIEx,,Actif,2026-06-29T00:22:55.201319,basse
BJ-21A333C7,Studio Production,Médias & Communication,Ouessè,+229 69 64 20 22,studio.production@studioproductio.bj,studioproduction.bj,PME (50-200),B2C,APIEx,,Actif,2026-06-29T00:22:55.201372,haute
BJ-4791628C,Média TikTok,Médias & Communication,Ouessè,+229 97 54 18 13,médiatiktok@médiatiktok.org.bj,,PME (10-50),B2B,APIEx,,Actif,2026-06-29T00:22:55.201413,moyenne
BJ-0A4CBBA9,Agence International,Médias & Communication,Ouessè,+229 44 43 66 78,agenceinternational@yahoo.fr,,PME (50-200),B2C,APIEx,,Actif,2026-06-29T00:22:55.201451,moyenne
BJ-444276D6,Agence Image,Médias & Communication,Ouessè,+229 85 39 16 18,agence.image@hotmail.com,,PME (10-50),B2B,APIEx,,Actif,2026-06-29T00:22:55.201477,moyenne
BJ-CE7FA71D,Communication Son,Médias & Communication,Glazoué,+229 92 13 77 15,communicationson@hotmail.com,communicationson.bj,PME (10-50),B2B,APIEx,,Actif,2026-06-29T00:22:55.201538,haute
BJ-673DDAF9,TV Réseaux Bénin,Médias & Communication,Glazoué,+229 58 87 47 13,r.bénin@tvréseauxbénin.com.bj,tvréseauxbénin.bj,TPE (<10),B2C,APIEx,,Actif,2026-06-29T00:22:55.201569,haute
BJ-969DBAB5,Blogueur,Médias & Communication,Glazoué,+229 29 51 65 72,blogueur@blogueur.org.bj,blogueur.bj,TPE (<10),B2C,APIEx,,Actif,2026-06-29T00:22:55.201593,haute
BJ-8E4A0EA6,Média Film Glazoué,Médias & Communication,Glazoué,+229 35 97 74 41,média.film@médiafilmglazou.bj,médiafilmglazoué.bj,TPE (<10),B2B,APIEx,,Actif,2026-06-29T00:22:55.201625,haute
BJ-20B23780,Agence Série Radio,Médias & Communication,Glazoué,+229 77 64 79 99,,agencesérieradio.bj,PME (50-200),B2B,APIEx,,Actif,2026-06-29T00:22:55.201648,moyenne
BJ-533F4D90,TikTok,Médias & Communication,Dassa-Zoumè,+229 53 23 42 12,tiktok@yahoo.fr,tiktok.bj,TPE (<10),B2B,APIEx,,Actif,2026-06-29T00:22:55.201687,haute
BJ-55FA35CF,Presse Documentaire,Médias & Communication,Dassa-Zoumè,+229 39 57 66 79,,pressedocumentaire.bj,PME (50-200),B2B,APIEx,,Actif,2026-06-29T00:22:55.201764,moyenne
BJ-ABE357C3,Facebook Bénin,Médias & Communication,Dassa-Zoumè,+229 57 54 14 29,f.bénin@facebookbénin.org.bj,facebookbénin.bj,Grande (>200),B2C,APIEx,,Actif,2026-06-29T00:22:55.201806,haute
BJ-380B0D39,Enquête Radio,Médias & Communication,Dassa-Zoumè,+229 92 21 40 64,enquêteradio@yahoo.com,enquêteradio.bj,TPE (<10),B2B,APIEx,,Actif,2026-06-29T00:22:55.201840,haute
BJ-9E094AA0,OTT Radio Savalou,Médias & Communication,Savalou,+229 45 66 13 92,ott.radio@hotmail.com,ottradiosavalou.bj,TPE (<10),B2C,APIEx,,Actif,2026-06-29T00:22:55.201881,haute
BJ-67253662,Diffusion Création,Médias & Communication,Savalou,+229 85 41 36 19,diffusion.création@diffusioncréati.org.bj,diffusioncréation.bj,TPE (<10),B2C,APIEx,,Actif,2026-06-29T00:22:55.201958,haute
BJ-BA2163E4,TV Télévision Radio,Médias & Communication,Savalou,+229 77 37 12 26,télévision.radio@tvtélévisionrad.org.bj,tvtélévisionradio.bj,PME (10-50),B2B,APIEx,,Actif,2026-06-29T00:22:55.201987,haute
BJ-AB30939E,Communication Liberté Africa Savalou,Médias & Communication,Savalou,+229 37 42 52 98,communicationliberté@communicationli.org.bj,communicationlibertéafricasavalou.bj,PME (50-200),B2C,APIEx,,Actif,2026-06-29T00:22:55.202046,haute
BJ-CF1B2CF5,TikTok Communication,Médias & Communication,Bantè,+229 36 30 77 66,t.communication@tiktokcommunica.org.bj,tiktokcommunication.bj,PME (10-50),B2C,APIEx,,Actif,2026-06-29T00:22:55.202107,haute
BJ-D5A2C980,Production Information,Médias & Communication,Bantè,+229 56 27 81 12,productioninformation@productioninfor.com.bj,productioninformation.bj,TPE (<10),B2B,APIEx,,Actif,2026-06-29T00:22:55.202144,haute
BJ-4CD97136,Image,Médias & Communication,Bantè,+229 58 38 33 95,image@outlook.com,image.bj,PME (50-200),B2C,APIEx,,Actif,2026-06-29T00:22:55.202178,haute
BJ-B980C1AD,Mixage Press Bantè,Médias & Communication,Bantè,+229 76 62 73 75,mixagepress@outlook.com,,Grande (>200),B2B,APIEx,,Actif,2026-06-29T00:22:55.202213,moyenne
BJ-618F6522,Presse Actualité Bantè,Médias & Communication,Bantè,+229 26 54 67 73,,presseactualitébantè.bj,TPE (<10),B2B,APIEx,,Actif,2026-06-29T00:22:55.202236,moyenne
BJ-B4441EF0,Journalisme,Médias & Communication,Djougou,+229 23 29 68 74,journalisme@journalisme.org.bj,,PME (10-50),B2B,APIEx,,Actif,2026-06-29T00:22:55.202280,moyenne
BJ-6593532E,Sociaux,Médias & Communication,Djougou,+229 38 56 19 14,sociaux@sociaux.bj,sociaux.bj,TPE (<10),B2B,APIEx,,Actif,2026-06-29T00:22:55.202318,haute
BJ-58804A95,Son Africa,Médias & Communication,Djougou,+229 76 29 29 54,son.africa@sonafrica.bj,,PME (50-200),B2B,APIEx,,Actif,2026-06-29T00:22:55.202354,moyenne
BJ-C14FD085,Diffusion Documentaire Media Djougou,Médias & Communication,Djougou,+229 38 14 41 51,diffusion_documentaire@outlook.com,diffusiondocumentairemediadjougou.bj,TPE (<10),B2B,APIEx,,Actif,2026-06-29T00:22:55.202388,haute
BJ-FFB01673,Studio Éditorial,Médias & Communication,Djougou,+229 33 93 19 29,studioéditorial@gmail.com,studioéditorial.bj,PME (50-200),B2B,APIEx,,Actif,2026-06-29T00:22:55.202409,haute
BJ-AE2CAB9A,Nouvelles Studios,Médias & Communication,Ouèssè,+229 94 16 41 60,,nouvellesstudios.bj,TPE (<10),B2C,APIEx,,Actif,2026-06-29T00:22:55.202437,moyenne
BJ-6057988B,Démocratie Ouèssè,Médias & Communication,Ouèssè,+229 85 26 67 94,démocratie.ouèssè@démocratieouèss.bj,démocratieouèssè.bj,PME (50-200),B2B,APIEx,,Actif,2026-06-29T00:22:55.202457,haute
BJ-DA0A2A82,VOD Africa,Médias & Communication,Ouèssè,+229 27 43 47 27,vod.africa@yahoo.com,,PME (50-200),B2B,APIEx,,Actif,2026-06-29T00:22:55.202483,moyenne
BJ-5B3C1C63,Studio VOD Press,Médias & Communication,Ouèssè,+229 99 92 16 80,studiovod@hotmail.com,studiovodpress.bj,PME (10-50),B2B,APIEx,,Actif,2026-06-29T00:22:55.202532,haute
BJ-A7EA9D14,Marketing Radio Ouèssè,Médias & Communication,Ouèssè,+229 51 87 78 57,marketingradio@yahoo.fr,marketingradioouèssè.bj,TPE (<10),B2B,APIEx,,Actif,2026-06-29T00:22:55.202569,haute
BJ-E8644DF6,Studio Réalisation Communication Bassila,Médias & Communication,Bassila,+229 77 38 19 51,studio.réalisation@studioréalisati.com.bj,studioréalisationcommunicationbassila.bj,TPE (<10),B2C,APIEx,,Actif,2026-06-29T00:22:55.202639,haute
BJ-46847A39,Blogueur Studios,Médias & Communication,Bassila,+229 36 66 25 62,b.studios@outlook.com,blogueurstudios.bj,PME (10-50),B2C,APIEx,,Actif,2026-06-29T00:22:55.202682,haute
BJ-DCBB6CE0,Journal OTT Bassila,Médias & Communication,Bassila,+229 71 78 77 62,journal_ott@journalottbassi.com.bj,,TPE (<10),B2C,APIEx,,Actif,2026-06-29T00:22:55.202714,moyenne
BJ-1FEA3D1F,Production Son Africa,Médias & Communication,Bassila,+229 92 18 91 11,,productionsonafrica.bj,TPE (<10),B2B,APIEx,,Actif,2026-06-29T00:22:55.202740,moyenne
BJ-5140DAF4,SVOD,Médias & Communication,Bassila,+229 67 86 18 64,,svod.bj,TPE (<10),B2B,APIEx,,Actif,2026-06-29T00:22:55.202766,moyenne
BJ-FFDC7948,National News,Médias & Communication,Pehunco,+229 52 32 27 59,nationalnews@nationalnews.com.bj,,TPE (<10),B2B,APIEx,,Actif,2026-06-29T00:22:55.202830,moyenne
BJ-D407ABE5,Journal Actualité,Médias & Communication,Pehunco,+229 80 79 54 19,journalactualité@journalactualit.org.bj,journalactualité.bj,PME (10-50),B2C,APIEx,,Actif,2026-06-29T00:22:55.202871,haute
BJ-9A1C95E1,Radio Presse Press,Médias & Communication,Pehunco,+229 60 31 39 75,,radiopressepress.bj,PME (10-50),B2C,APIEx,,Actif,2026-06-29T00:22:55.202954,moyenne
BJ-C20C6E1D,Son TV,Médias & Communication,Pehunco,+229 97 73 81 22,son@sontv.com.bj,sontv.bj,PME (10-50),B2C,APIEx,,Actif,2026-06-29T00:22:55.202990,haute
BJ-BFF25A61,Blogueur Press,Médias & Communication,Pehunco,+229 31 81 58 80,,blogueurpress.bj,TPE (<10),B2B,APIEx,,Actif,2026-06-29T00:22:55.203018,moyenne
BJ-A984CC92,Agence Son Productions,Médias & Communication,Copargo,+229 44 41 75 26,,,PME (10-50),B2C,APIEx,,Actif,2026-06-29T00:22:55.203065,basse
BJ-91334697,Studio Son,Médias & Communication,Copargo,+229 89 33 15 88,,studioson.bj,TPE (<10),B2B,APIEx,,Actif,2026-06-29T00:22:55.203094,moyenne
BJ-21035EBF,Documentaire TV,Médias & Communication,Copargo,+229 46 75 79 53,documentaire@documentairetv.bj,documentairetv.bj,PME (10-50),B2C,APIEx,,Actif,2026-06-29T00:22:55.203136,haute
BJ-3C72A722,TikTok Press,Médias & Communication,Copargo,+229 96 97 74 19,tiktokpress@yahoo.fr,tiktokpress.bj,Grande (>200),B2C,APIEx,,Actif,2026-06-29T00:22:55.203157,haute
BJ-3DE6E765,Radio Facebook Bénin Copargo,Médias & Communication,Copargo,+229 31 24 94 68,radio.facebook@yahoo.fr,radiofacebookbénincopargo.bj,PME (50-200),B2B,APIEx,,Actif,2026-06-29T00:22:55.203179,haute
BJ-0A23F52F,Citoyenneté,ONG & Associations,Cotonou,+229 67 46 61 35,citoyenneté@citoyenneté.com.bj,citoyenneté.bj,PME (50-200),B2C,APIEx,,Actif,2026-06-29T00:22:55.203207,haute
BJ-54999DFC,Enfant Association,ONG & Associations,Cotonou,+229 46 48 90 77,e.association@enfantassociati.org.bj,,PME (10-50),B2B,APIEx,,Actif,2026-06-29T00:22:55.203226,moyenne
BJ-635A65C0,Syndicat Étude Fondation,ONG & Associations,Cotonou,+229 64 89 17 25,syndicat.étude@yahoo.fr,syndicatétudefondation.bj,TPE (<10),B2C,APIEx,,Actif,2026-06-29T00:22:55.203258,haute
BJ-442F7E78,Prévention Network,ONG & Associations,Cotonou,+229 32 51 98 95,p.network@préventionnetwo.bj,préventionnetwork.bj,PME (10-50),B2B,APIEx,,Actif,2026-06-29T00:22:55.203281,haute
BJ-C0BB1E3E,ONG Assistance,ONG & Associations,Cotonou,+229 30 79 99 51,ongassistance@ongassistance.com.bj,ongassistance.bj,TPE (<10),B2C,APIEx,,Actif,2026-06-29T00:22:55.203300,haute
BJ-B025E404,Syndicat Jeunesse,ONG & Associations,Abomey-Calavi,+229 58 43 66 67,s.jeunesse@gmail.com,syndicatjeunesse.bj,TPE (<10),B2B,APIEx,,Actif,2026-06-29T00:22:55.203326,haute
BJ-5F6547D3,Ligue Prévention,ONG & Associations,Abomey-Calavi,+229 65 66 28 10,,,TPE (<10),B2B,APIEx,,Actif,2026-06-29T00:22:55.203340,basse
BJ-418F704C,Épargne Abomey-Calavi,ONG & Associations,Abomey-Calavi,+229 71 48 43 90,épargne_abomey@gmail.com,épargneabomeycalavi.bj,TPE (<10),B2B,APIEx,,Actif,2026-06-29T00:22:55.203362,haute
BJ-C005CCF4,Citoyenneté,ONG & Associations,Abomey-Calavi,+229 92 94 31 50,,citoyenneté.bj,TPE (<10),B2C,APIEx,,Actif,2026-06-29T00:22:55.203375,moyenne
BJ-D8232732,Bénévolat Porto-Novo,ONG & Associations,Porto-Novo,+229 76 71 20 89,b.porto@bénévolatporton.org.bj,bénévolatportonovo.bj,TPE (<10),B2C,APIEx,,Actif,2026-06-29T00:22:55.203427,haute
BJ-7068B98B,Syndicat Prévention ONG,ONG & Associations,Porto-Novo,+229 71 89 65 68,,syndicatpréventionong.bj,PME (10-50),B2B,APIEx,,Actif,2026-06-29T00:22:55.203444,moyenne
BJ-FB54F9A4,Solidarité Coalition,ONG & Associations,Porto-Novo,+229 72 20 69 90,,solidaritécoalition.bj,TPE (<10),B2C,APIEx,,Actif,2026-06-29T00:22:55.203460,moyenne
BJ-4B20AA15,Étude,ONG & Associations,Porto-Novo,+229 47 76 46 30,,,TPE (<10),B2C,APIEx,,Actif,2026-06-29T00:22:55.203472,basse
BJ-01F7A5BD,ONG Protection,ONG & Associations,Porto-Novo,+229 54 84 49 58,,ongprotection.bj,PME (10-50),B2C,APIEx,,Actif,2026-06-29T00:22:55.203488,moyenne
BJ-0CEB855D,ONG Insertion,ONG & Associations,Parakou,+229 88 90 67 91,,,Grande (>200),B2B,APIEx,,Actif,2026-06-29T00:22:55.203507,basse
BJ-B864EF43,Fondation Jeunesse ONG,ONG & Associations,Parakou,+229 41 99 12 39,,,PME (10-50),B2C,APIEx,,Actif,2026-06-29T00:22:55.203519,basse
BJ-6607289A,Intégration Organisation,ONG & Associations,Parakou,+229 31 82 22 17,intégrationorganisation@intégrationorga.com.bj,,Grande (>200),B2B,APIEx,,Actif,2026-06-29T00:22:55.203554,moyenne
BJ-80FB39BC,Volontariat,ONG & Associations,Parakou,+229 75 91 81 62,volontariat@volontariat.com.bj,,TPE (<10),B2C,APIEx,,Actif,2026-06-29T00:22:55.203582,moyenne
BJ-F04ED811,Assistance Network,ONG & Associations,Parakou,+229 20 85 36 33,,assistancenetwork.bj,PME (10-50),B2C,APIEx,,Actif,2026-06-29T00:22:55.203602,moyenne
BJ-5BF24832,ONG Citoyenneté,ONG & Associations,Bohicon,+229 50 62 85 82,ongcitoyenneté@ongcitoyenneté.com.bj,,PME (10-50),B2B,APIEx,,Actif,2026-06-29T00:22:55.203650,moyenne
BJ-68069177,Union Santé,ONG & Associations,Bohicon,+229 93 78 87 83,union.santé@unionsanté.com.bj,unionsanté.bj,TPE (<10),B2B,APIEx,,Actif,2026-06-29T00:22:55.203686,haute
BJ-503C137A,Publication,ONG & Associations,Bohicon,+229 89 86 54 47,publication@publication.org.bj,,TPE (<10),B2B,APIEx,,Actif,2026-06-29T00:22:55.203716,moyenne
BJ-9B2F8BCC,Union Partenariat Africa,ONG & Associations,Bohicon,+229 63 38 51 10,union.partenariat@unionpartenaria.org.bj,,Grande (>200),B2B,APIEx,,Actif,2026-06-29T00:22:55.203753,moyenne
BJ-00E7D596,Emploi Organisation,ONG & Associations,Bohicon,+229 34 61 53 21,e.organisation@yahoo.com,emploiorganisation.bj,PME (50-200),B2B,APIEx,,Actif,2026-06-29T00:22:55.203786,haute
BJ-54644313,Publication Natitingou,ONG & Associations,Natitingou,+229 83 96 16 47,,publicationnatitingou.bj,PME (10-50),B2B,APIEx,,Actif,2026-06-29T00:22:55.203864,moyenne
BJ-90EC6AA1,Épargne Alliance,ONG & Associations,Natitingou,+229 92 85 26 78,épargne.alliance@épargnealliance.com.bj,épargnealliance.bj,Grande (>200),B2B,APIEx,,Actif,2026-06-29T00:22:55.203910,haute
BJ-51ABDAD3,Recherche,ONG & Associations,Lokossa,+229 27 66 26 80,recherche@recherche.com.bj,recherche.bj,PME (10-50),B2C,APIEx,,Actif,2026-06-29T00:22:55.203976,haute
BJ-03E1D4FD,Inclusion Lokossa,ONG & Associations,Lokossa,+229 27 41 54 43,,,PME (50-200),B2B,APIEx,,Actif,2026-06-29T00:22:55.203988,basse
BJ-9C46F829,Fédération Éducation,ONG & Associations,Lokossa,+229 46 17 81 51,fédération_éducation@fédérationéduca.bj,fédérationéducation.bj,TPE (<10),B2B,APIEx,,Actif,2026-06-29T00:22:55.204011,haute
BJ-EDD3894B,Association Étude,ONG & Associations,Lokossa,+229 51 30 63 50,associationétude@associationétud.bj,,TPE (<10),B2C,APIEx,,Actif,2026-06-29T00:22:55.204032,moyenne
BJ-FD2E4F0F,Publication,ONG & Associations,Lokossa,+229 23 15 37 94,publication@publication.com.bj,,TPE (<10),B2C,APIEx,,Actif,2026-06-29T00:22:55.204046,moyenne
BJ-E6566383,Intégration Organisation Ouidah,ONG & Associations,Ouidah,+229 72 93 54 55,,intégrationorganisationouidah.bj,TPE (<10),B2B,APIEx,,Actif,2026-06-29T00:22:55.204066,moyenne
BJ-0E76BA9A,Société Échange International,ONG & Associations,Ouidah,+229 31 50 81 78,société.échange@sociétééchangei.org.bj,sociétééchangeinternational.bj,TPE (<10),B2C,APIEx,,Actif,2026-06-29T00:22:55.204086,haute
BJ-6CF55A7C,Analyse Africa,ONG & Associations,Ouidah,+229 69 61 52 87,a.africa@hotmail.com,analyseafrica.bj,PME (50-200),B2B,APIEx,,Actif,2026-06-29T00:22:55.204103,haute
BJ-136AB0E2,Organisation Femme Alliance,ONG & Associations,Ouidah,+229 43 91 23 94,,organisationfemmealliance.bj,Grande (>200),B2B,APIEx,,Actif,2026-06-29T00:22:55.204116,moyenne
BJ-A7DC8BD5,Association Bénévolat Coalition,ONG & Associations,Ouidah,+229 46 76 78 36,,,PME (50-200),B2B,APIEx,,Actif,2026-06-29T00:22:55.204128,basse
BJ-599837A0,ONG Diffusion,ONG & Associations,Savalou,+229 21 80 75 17,ongdiffusion@ongdiffusion.com.bj,,Grande (>200),B2B,APIEx,,Actif,2026-06-29T00:22:55.204151,moyenne
BJ-3BF4AC02,Union Sensibilisation Organisation Savalou,ONG & Associations,Savalou,+229 62 74 35 96,unionsensibilisation@gmail.com,,TPE (<10),B2C,APIEx,,Actif,2026-06-29T00:22:55.204167,moyenne
BJ-39A31D9A,Accompagnement,ONG & Associations,Savalou,+229 24 59 72 32,accompagnement@accompagnement.com.bj,accompagnement.bj,TPE (<10),B2C,APIEx,,Actif,2026-06-29T00:22:55.204185,haute
BJ-D1EF06C3,Diffusion Bénin Savalou,ONG & Associations,Savalou,+229 94 22 50 23,d.bénin@yahoo.fr,,PME (50-200),B2C,APIEx,,Actif,2026-06-29T00:22:55.204203,moyenne
BJ-7EB167F5,ONG Équité,ONG & Associations,Savalou,+229 34 67 23 80,ongéquité@ongéquité.com.bj,ongéquité.bj,PME (10-50),B2C,APIEx,,Actif,2026-06-29T00:22:55.204221,haute
BJ-117C2EF7,Organisation Paix International,ONG & Associations,Dassa-Zoumè,+229 30 69 59 82,organisationpaix@organisationpai.org.bj,organisationpaixinternational.bj,PME (50-200),B2C,APIEx,,Actif,2026-06-29T00:22:55.204246,haute
BJ-C863CF4E,ONG Publication,ONG & Associations,Dassa-Zoumè,+229 45 30 82 56,,ongpublication.bj,PME (10-50),B2B,APIEx,,Actif,2026-06-29T00:22:55.204258,moyenne
BJ-0EAC2C1A,Organisation Assistance Dassa-Zoumè,ONG & Associations,Dassa-Zoumè,+229 94 51 26 89,,organisationassistancedassazoumè.bj,Grande (>200),B2C,APIEx,,Actif,2026-06-29T00:22:55.204276,moyenne
BJ-A5245A9C,Justice,ONG & Associations,Dassa-Zoumè,+229 22 78 93 91,justice@yahoo.fr,,Grande (>200),B2B,APIEx,,Actif,2026-06-29T00:22:55.204290,moyenne
BJ-D89F5613,Club Assistance,ONG & Associations,Dassa-Zoumè,+229 87 34 18 31,,,Grande (>200),B2B,APIEx,,Actif,2026-06-29T00:22:55.204301,basse
BJ-887B8472,Emploi,ONG & Associations,Kétou,+229 64 80 39 28,emploi@emploi.bj,,PME (50-200),B2B,APIEx,,Actif,2026-06-29T00:22:55.204322,moyenne
BJ-63E598F6,Capitalisation,ONG & Associations,Kétou,+229 73 54 95 38,capitalisation@outlook.com,capitalisation.bj,TPE (<10),B2B,APIEx,,Actif,2026-06-29T00:22:55.204336,haute
BJ-3A932629,Association Assistance ONG,ONG & Associations,Kétou,+229 83 89 88 53,associationassistance@hotmail.com,,PME (50-200),B2C,APIEx,,Actif,2026-06-29T00:22:55.204356,moyenne
BJ-31EAFE4E,Fédération Intégration,ONG & Associations,Kétou,+229 54 65 29 94,fédération_intégration@fédérationintég.com.bj,fédérationintégration.bj,PME (50-200),B2B,APIEx,,Actif,2026-06-29T00:22:55.204375,haute
BJ-0E1DAEAA,Organisation Emploi,ONG & Associations,Kétou,+229 58 11 16 91,organisation.emploi@hotmail.com,organisationemploi.bj,PME (10-50),B2C,APIEx,,Actif,2026-06-29T00:22:55.204392,haute
BJ-44F6BBC9,Charité Alliance,ONG & Associations,Covè,+229 52 35 95 56,charitéalliance@gmail.com,charitéalliance.bj,TPE (<10),B2B,APIEx,,Actif,2026-06-29T00:22:55.204415,haute
BJ-E127C98D,Aide Africa,ONG & Associations,Covè,+229 35 65 92 81,a.africa@yahoo.com,aideafrica.bj,PME (10-50),B2C,APIEx,,Actif,2026-06-29T00:22:55.204432,haute
BJ-9F26C420,Fondation Épargne International,ONG & Associations,Covè,+229 90 70 69 38,fondationépargne@yahoo.fr,fondationépargneinternational.bj,Grande (>200),B2C,APIEx,,Actif,2026-06-29T00:22:55.204449,haute
BJ-8C58D5FC,Justice,ONG & Associations,Covè,+229 29 95 79 51,,,TPE (<10),B2B,APIEx,,Actif,2026-06-29T00:22:55.204460,basse
BJ-47EE3900,Ligue Advocacy Covè,ONG & Associations,Covè,+229 46 54 87 42,l.advocacy@ligueadvocacyco.bj,,PME (50-200),B2C,APIEx,,Actif,2026-06-29T00:22:55.204478,moyenne
BJ-73375146,Organisation Suivi,ONG & Associations,Pobè,+229 24 61 20 38,organisation.suivi@outlook.com,organisationsuivi.bj,TPE (<10),B2C,APIEx,,Actif,2026-06-29T00:22:55.204501,haute
BJ-F6D50699,Union Droits Coalition,ONG & Associations,Pobè,+229 23 89 89 68,,,PME (10-50),B2B,APIEx,,Actif,2026-06-29T00:22:55.204513,basse
BJ-90173388,Organisation Dialogue Africa,ONG & Associations,Pobè,+229 80 45 79 37,organisation.dialogue@organisationdia.bj,,TPE (<10),B2B,APIEx,,Actif,2026-06-29T00:22:55.204538,moyenne
BJ-277B6BBD,Formation ONG,ONG & Associations,Pobè,+229 58 10 81 65,,,TPE (<10),B2C,APIEx,,Actif,2026-06-29T00:22:55.204550,basse
BJ-A353C8D8,Fondation Justice Network,ONG & Associations,Pobè,+229 59 14 63 42,,fondationjusticenetwork.bj,TPE (<10),B2B,APIEx,,Actif,2026-06-29T00:22:55.204562,moyenne
BJ-0EBFD4DB,Union Monitoring Network,ONG & Associations,Sakété,+229 87 94 91 63,,unionmonitoringnetwork.bj,TPE (<10),B2C,APIEx,,Actif,2026-06-29T00:22:55.204582,moyenne
BJ-C4A0DE33,Ligue Diversité,ONG & Associations,Sakété,+229 21 80 35 32,l.diversité@yahoo.com,,TPE (<10),B2B,APIEx,,Actif,2026-06-29T00:22:55.204598,moyenne
BJ-E02D351E,Protection,ONG & Associations,Sakété,+229 55 55 28 36,,protection.bj,TPE (<10),B2B,APIEx,,Actif,2026-06-29T00:22:55.204610,moyenne
BJ-FCA4354D,Association Assistance Bénin Sakété,ONG & Associations,Sakété,+229 67 27 76 44,associationassistance@hotmail.com,,TPE (<10),B2C,APIEx,,Actif,2026-06-29T00:22:55.204628,moyenne
BJ-2D029E45,Échange International,ONG & Associations,Sakété,+229 58 80 48 67,,échangeinternational.bj,TPE (<10),B2C,APIEx,,Actif,2026-06-29T00:22:55.204641,moyenne
BJ-831DC3C8,Équité,ONG & Associations,Adjara,+229 39 65 11 46,équité@équité.com.bj,équité.bj,TPE (<10),B2B,APIEx,,Actif,2026-06-29T00:22:55.204684,haute
BJ-C10A2DF4,ONG Solidarité,ONG & Associations,Adjara,+229 66 38 60 83,ongsolidarité@outlook.com,,PME (50-200),B2C,APIEx,,Actif,2026-06-29T00:22:55.204705,moyenne
BJ-461A747C,Plaidoyer,ONG & Associations,Adjara,+229 31 83 96 25,plaidoyer@hotmail.com,plaidoyer.bj,PME (50-200),B2C,APIEx,,Actif,2026-06-29T00:22:55.204719,haute
BJ-B74919EF,Société Philanthropie Fondation Adjara,ONG & Associations,Adjara,+229 26 85 24 79,,,TPE (<10),B2B,APIEx,,Actif,2026-06-29T00:22:55.204731,basse
BJ-E3EEC2D7,Association Environnement,ONG & Associations,Allada,+229 57 54 23 80,a.environnement@yahoo.com,associationenvironnement.bj,Grande (>200),B2C,APIEx,,Actif,2026-06-29T00:22:55.204754,haute
BJ-69E020A8,Club Diversité Bénin,ONG & Associations,Allada,+229 42 59 36 32,club.diversité@yahoo.fr,,PME (10-50),B2B,APIEx,,Actif,2026-06-29T00:22:55.204770,moyenne
BJ-4424EA39,Humanitaire Organisation,ONG & Associations,Allada,+229 59 28 97 40,,humanitaireorganisation.bj,Grande (>200),B2C,APIEx,,Actif,2026-06-29T00:22:55.204782,moyenne
BJ-50564F6F,Société Microfinance International Allada,ONG & Associations,Allada,+229 26 23 73 27,sociétémicrofinance@sociétémicrofin.org.bj,,PME (10-50),B2B,APIEx,,Actif,2026-06-29T00:22:55.204800,moyenne
BJ-4A35CFBE,Association Démocratie Association,ONG & Associations,Allada,+229 95 62 37 74,association.démocratie@associationdémo.bj,,PME (10-50),B2B,APIEx,,Actif,2026-06-29T00:22:55.204821,moyenne
BJ-A74C590B,Société Social Fondation,ONG & Associations,Aplahoué,+229 79 49 14 63,s.social@sociétésocialfo.com.bj,sociétésocialfondation.bj,TPE (<10),B2B,APIEx,,Actif,2026-06-29T00:22:55.204850,haute
BJ-A15BA110,Démocratie,ONG & Associations,Aplahoué,+229 39 40 71 52,démocratie@démocratie.org.bj,démocratie.bj,PME (10-50),B2C,APIEx,,Actif,2026-06-29T00:22:55.204866,haute
BJ-9D99596F,Enfant Africa,ONG & Associations,Aplahoué,+229 49 14 34 17,enfantafrica@enfantafrica.bj,enfantafrica.bj,TPE (<10),B2C,APIEx,,Actif,2026-06-29T00:22:55.204897,haute
BJ-9C3BC8E8,Club Advocacy Association,ONG & Associations,Aplahoué,+229 70 22 73 57,club_advocacy@clubadvocacyass.bj,clubadvocacyassociation.bj,PME (10-50),B2B,APIEx,,Actif,2026-06-29T00:22:55.204918,haute
BJ-8ED1A2A6,Monitoring Organisation,ONG & Associations,Aplahoué,+229 64 44 30 64,,monitoringorganisation.bj,Grande (>200),B2C,APIEx,,Actif,2026-06-29T00:22:55.204930,moyenne
BJ-29592AFC,Volontariat Bénin,ONG & Associations,Dogbo-Tota,+229 49 48 73 50,,volontariatbénin.bj,PME (10-50),B2C,APIEx,,Actif,2026-06-29T00:22:55.204951,moyenne
BJ-5865536C,Analyse,ONG & Associations,Dogbo-Tota,+229 93 27 18 93,analyse@analyse.bj,analyse.bj,PME (10-50),B2B,APIEx,,Actif,2026-06-29T00:22:55.204965,haute
BJ-30984484,Association Droits Dogbo-Tota,ONG & Associations,Dogbo-Tota,+229 52 44 41 21,associationdroits@associationdroi.com.bj,,PME (10-50),B2C,APIEx,,Actif,2026-06-29T00:22:55.204981,moyenne
BJ-007F7381,Advocacy Bénin Dogbo-Tota,ONG & Associations,Dogbo-Tota,+229 77 31 89 98,advocacy.bénin@yahoo.com,advocacybénindogbotota.bj,PME (10-50),B2C,APIEx,,Actif,2026-06-29T00:22:55.204999,haute
BJ-B9876AAC,ONG Bénévolat,ONG & Associations,Dogbo-Tota,+229 49 88 53 42,ongbénévolat@ongbénévolat.org.bj,,TPE (<10),B2B,APIEx,,Actif,2026-06-29T00:22:55.205016,moyenne
BJ-58B7C4B1,Enfant Fondation,ONG & Associations,Kpomassè,+229 70 58 59 34,enfant.fondation@enfantfondation.com.bj,,PME (50-200),B2C,APIEx,,Actif,2026-06-29T00:22:55.205055,moyenne
BJ-558CA48C,Association Volontariat,ONG & Associations,Kpomassè,+229 72 85 14 23,association.volontariat@yahoo.fr,associationvolontariat.bj,PME (10-50),B2C,APIEx,,Actif,2026-06-29T00:22:55.205075,haute
BJ-1B94EBA6,Fédération Enfant ONG,ONG & Associations,Kpomassè,+229 61 36 88 45,fédération.enfant@yahoo.fr,,TPE (<10),B2B,APIEx,,Actif,2026-06-29T00:22:55.205092,moyenne
BJ-527579E8,Emploi Alliance,ONG & Associations,Kpomassè,+229 88 36 30 37,,,TPE (<10),B2C,APIEx,,Actif,2026-06-29T00:22:55.205103,basse
BJ-6D35E174,Solidarité Coalition,ONG & Associations,Tori-Bossito,+229 21 78 90 33,,,TPE (<10),B2C,APIEx,,Actif,2026-06-29T00:22:55.205122,basse
BJ-2B40BD1E,Union Solidarité Network,ONG & Associations,Tori-Bossito,+229 30 67 48 56,union.solidarité@unionsolidarité.bj,,TPE (<10),B2C,APIEx,,Actif,2026-06-29T00:22:55.205139,moyenne
BJ-50F612E0,Société Justice,ONG & Associations,Tori-Bossito,+229 94 45 21 19,société.justice@hotmail.com,sociétéjustice.bj,Grande (>200),B2B,APIEx,,Actif,2026-06-29T00:22:55.205156,haute
BJ-BB4460AA,Organisation Échange Coalition,ONG & Associations,Tori-Bossito,+229 29 66 52 45,,,PME (10-50),B2B,APIEx,,Actif,2026-06-29T00:22:55.205168,basse
BJ-9F8BF8DB,Charité,ONG & Associations,Tori-Bossito,+229 49 18 39 98,charité@outlook.com,,TPE (<10),B2B,APIEx,,Actif,2026-06-29T00:22:55.205181,moyenne
BJ-9A8ED673,Suivi Alliance,ONG & Associations,Grand-Popo,+229 34 61 70 13,,suivialliance.bj,TPE (<10),B2C,APIEx,,Actif,2026-06-29T00:22:55.205200,moyenne
BJ-37D2C5A3,Union Enfant Fondation,ONG & Associations,Grand-Popo,+229 30 25 63 15,unionenfant@gmail.com,,TPE (<10),B2B,APIEx,,Actif,2026-06-29T00:22:55.205219,moyenne
BJ-CDBAC942,Union Publication Grand-Popo,ONG & Associations,Grand-Popo,+229 84 62 27 66,unionpublication@unionpublicatio.org.bj,,PME (10-50),B2B,APIEx,,Actif,2026-06-29T00:22:55.205238,moyenne
BJ-41482FED,Organisation Aide ONG,ONG & Associations,Grand-Popo,+229 43 95 71 48,,organisationaideong.bj,Grande (>200),B2C,APIEx,,Actif,2026-06-29T00:22:55.205251,moyenne
BJ-AF00C16A,Charité,ONG & Associations,Grand-Popo,+229 50 48 28 15,charité@hotmail.com,charité.bj,PME (50-200),B2C,APIEx,,Actif,2026-06-29T00:22:55.205265,haute
BJ-54E048B4,Intégration Fondation Athiémé,ONG & Associations,Athiémé,+229 23 43 93 93,i.fondation@intégrationfond.bj,intégrationfondationathiémé.bj,PME (10-50),B2B,APIEx,,Actif,2026-06-29T00:22:55.205291,haute
BJ-34B465CF,Association Formation,ONG & Associations,Athiémé,+229 65 33 41 22,,associationformation.bj,PME (10-50),B2C,APIEx,,Actif,2026-06-29T00:22:55.205308,moyenne
BJ-E04FC29E,Syndicat Intégration,ONG & Associations,Athiémé,+229 66 92 47 76,syndicatintégration@yahoo.com,syndicatintégration.bj,TPE (<10),B2C,APIEx,,Actif,2026-06-29T00:22:55.205325,haute
BJ-5D00D6BB,Syndicat Analyse Network,ONG & Associations,Athiémé,+229 36 77 66 63,syndicatanalyse@yahoo.com,syndicatanalysenetwork.bj,Grande (>200),B2C,APIEx,,Actif,2026-06-29T00:22:55.205341,haute
BJ-2B1BC6CA,Syndicat Environnement,ONG & Associations,Athiémé,+229 85 24 15 34,s.environnement@syndicatenviron.com.bj,syndicatenvironnement.bj,TPE (<10),B2C,APIEx,,Actif,2026-06-29T00:22:55.205358,haute
BJ-80E728DB,Club Social,ONG & Associations,Bopa,+229 66 53 20 36,club.social@clubsocial.bj,clubsocial.bj,PME (10-50),B2C,APIEx,,Actif,2026-06-29T00:22:55.205381,haute
BJ-9A033B94,Fondation Publication Association,ONG & Associations,Bopa,+229 97 51 12 52,,fondationpublicationassociation.bj,Grande (>200),B2C,APIEx,,Actif,2026-06-29T00:22:55.205393,moyenne
BJ-234E0880,Partenariat,ONG & Associations,Bopa,+229 32 15 80 89,partenariat@partenariat.bj,partenariat.bj,Grande (>200),B2C,APIEx,,Actif,2026-06-29T00:22:55.205410,haute
BJ-8D8DFC3F,Monitoring,ONG & Associations,Bopa,+229 65 40 17 22,,,TPE (<10),B2B,APIEx,,Actif,2026-06-29T00:22:55.205422,basse
BJ-F2737D29,Club Emploi Bopa,ONG & Associations,Bopa,+229 78 31 25 42,,clubemploibopa.bj,Grande (>200),B2B,APIEx,,Actif,2026-06-29T00:22:55.205437,moyenne
BJ-863C0A3B,Prévention Coalition,ONG & Associations,Houéyogbé,+229 91 16 91 70,prévention_coalition@hotmail.com,préventioncoalition.bj,TPE (<10),B2C,APIEx,,Actif,2026-06-29T00:22:55.205463,haute
BJ-D913B5BC,Ligue Humanitaire Coalition,ONG & Associations,Houéyogbé,+229 81 98 46 40,ligue.humanitaire@liguehumanitair.org.bj,,PME (50-200),B2B,APIEx,,Actif,2026-06-29T00:22:55.205479,moyenne
BJ-FAA42230,ONG Jeunesse ONG,ONG & Associations,Houéyogbé,+229 52 30 68 41,ong_jeunesse@ongjeunesseong.org.bj,ongjeunesseong.bj,TPE (<10),B2B,APIEx,,Actif,2026-06-29T00:22:55.205496,haute
BJ-943B1C28,Suivi Coalition,ONG & Associations,Houéyogbé,+229 33 86 77 45,suivi.coalition@yahoo.fr,suivicoalition.bj,TPE (<10),B2B,APIEx,,Actif,2026-06-29T00:22:55.205513,haute
BJ-85DE6EB4,Fédération Santé,ONG & Associations,Houéyogbé,+229 70 13 40 50,fédération.santé@outlook.com,fédérationsanté.bj,Grande (>200),B2B,APIEx,,Actif,2026-06-29T00:22:55.205530,haute
BJ-F2E153A5,Fondation Bénévolat,ONG & Associations,Malanville,+229 33 24 41 40,fondationbénévolat@fondationbénévo.bj,fondationbénévolat.bj,TPE (<10),B2B,APIEx,,Actif,2026-06-29T00:22:55.205555,haute
BJ-CDA42307,Intégration Alliance Malanville,ONG & Associations,Malanville,+229 98 60 23 91,intégration.alliance@intégrationalli.com.bj,intégrationalliancemalanville.bj,PME (10-50),B2C,APIEx,,Actif,2026-06-29T00:22:55.205574,haute
BJ-77784515,Diffusion Association,ONG & Associations,Malanville,+229 91 28 78 44,,diffusionassociation.bj,TPE (<10),B2B,APIEx,,Actif,2026-06-29T00:22:55.205589,moyenne
BJ-316C0204,Fondation Microfinance,ONG & Associations,Malanville,+229 42 11 59 94,fondation.microfinance@gmail.com,fondationmicrofinance.bj,TPE (<10),B2C,APIEx,,Actif,2026-06-29T00:22:55.205606,haute
BJ-42F4B350,Équité Fondation,ONG & Associations,Malanville,+229 94 92 26 88,é.fondation@équitéfondation.org.bj,,PME (10-50),B2C,APIEx,,Actif,2026-06-29T00:22:55.205623,moyenne
BJ-F767FDD6,Fondation Évaluation Bénin,ONG & Associations,Kandi,+229 93 44 34 47,fondationévaluation@fondationévalua.org.bj,,PME (10-50),B2C,APIEx,,Actif,2026-06-29T00:22:55.205664,moyenne
BJ-185B2E85,Volontariat,ONG & Associations,Kandi,+229 59 90 19 18,volontariat@yahoo.com,volontariat.bj,TPE (<10),B2B,APIEx,,Actif,2026-06-29T00:22:55.205679,haute
BJ-99631A3A,Volontariat Association,ONG & Associations,Kandi,+229 49 93 24 21,v.association@volontariatasso.bj,,PME (50-200),B2C,APIEx,,Actif,2026-06-29T00:22:55.205694,moyenne
BJ-596DF49E,Développement Kandi,ONG & Associations,Kandi,+229 45 17 90 38,d.kandi@yahoo.fr,développementkandi.bj,TPE (<10),B2B,APIEx,,Actif,2026-06-29T00:22:55.205714,haute
BJ-1906EC23,Advocacy,ONG & Associations,Banikoara,+229 93 29 67 60,advocacy@advocacy.bj,advocacy.bj,TPE (<10),B2B,APIEx,,Actif,2026-06-29T00:22:55.205740,haute
BJ-3DFC51CF,Fédération Protection Fondation Banikoara,ONG & Associations,Banikoara,+229 47 99 63 15,fédération.protection@fédérationprote.bj,fédérationprotectionfondationbanikoara.bj,TPE (<10),B2C,APIEx,,Actif,2026-06-29T00:22:55.205762,haute
BJ-58066426,Philanthropie Banikoara,ONG & Associations,Banikoara,+229 73 59 42 70,p.banikoara@yahoo.com,philanthropiebanikoara.bj,PME (10-50),B2B,APIEx,,Actif,2026-06-29T00:22:55.205787,haute
BJ-3AC48B74,Organisation Microfinance Africa,ONG & Associations,Banikoara,+229 62 76 48 47,,organisationmicrofinanceafrica.bj,TPE (<10),B2B,APIEx,,Actif,2026-06-29T00:22:55.205799,moyenne
BJ-5C359B2B,Club Étude,ONG & Associations,Banikoara,+229 33 96 69 33,clubétude@gmail.com,clubétude.bj,TPE (<10),B2B,APIEx,,Actif,2026-06-29T00:22:55.205816,haute
BJ-C1735CA2,Syndicat Charité,ONG & Associations,Ségbana,+229 77 74 47 27,s.charité@syndicatcharité.bj,,PME (10-50),B2C,APIEx,,Actif,2026-06-29T00:22:55.205840,moyenne
BJ-7841E00F,Protection,ONG & Associations,Ségbana,+229 79 83 71 92,protection@hotmail.com,protection.bj,Grande (>200),B2B,APIEx,,Actif,2026-06-29T00:22:55.205855,haute
BJ-8369CF29,Association Philanthropie Association,ONG & Associations,Ségbana,+229 88 77 63 41,,,PME (50-200),B2C,APIEx,,Actif,2026-06-29T00:22:55.205866,basse
BJ-4CFB5F96,Ligue Démocratie ONG,ONG & Associations,Ségbana,+229 22 38 32 82,,,PME (10-50),B2B,APIEx,,Actif,2026-06-29T00:22:55.205878,basse
BJ-1497BEA5,Club Équité,ONG & Associations,Ségbana,+229 37 42 17 94,club_équité@clubéquité.org.bj,,PME (10-50),B2C,APIEx,,Actif,2026-06-29T00:22:55.205904,moyenne
BJ-EBF23DE7,Culture Karimama,ONG & Associations,Karimama,+229 44 61 40 38,,culturekarimama.bj,PME (10-50),B2B,APIEx,,Actif,2026-06-29T00:22:55.205925,moyenne
BJ-FF723DE6,Société Charité Coalition,ONG & Associations,Karimama,+229 69 20 36 85,société.charité@yahoo.com,sociétécharitécoalition.bj,TPE (<10),B2C,APIEx,,Actif,2026-06-29T00:22:55.205943,haute
BJ-D910DC9A,Accompagnement Karimama,ONG & Associations,Karimama,+229 76 73 47 13,,,PME (10-50),B2B,APIEx,,Actif,2026-06-29T00:22:55.205970,basse
BJ-5EFBF292,Droits Coalition,ONG & Associations,Karimama,+229 45 70 95 38,,droitscoalition.bj,TPE (<10),B2B,APIEx,,Actif,2026-06-29T00:22:55.205981,moyenne
BJ-F9A20853,Club Emploi Africa Gogounou,ONG & Associations,Gogounou,+229 70 10 60 67,club.emploi@clubemploiafric.bj,,TPE (<10),B2C,APIEx,,Actif,2026-06-29T00:22:55.206004,moyenne
BJ-BC99F6A9,Accompagnement Alliance,ONG & Associations,Gogounou,+229 78 18 19 80,a.alliance@accompagnementa.bj,accompagnementalliance.bj,TPE (<10),B2B,APIEx,,Actif,2026-06-29T00:22:55.206024,haute
BJ-115BEE4D,Suivi Bénin,ONG & Associations,Gogounou,+229 52 63 56 23,suivi.bénin@suivibénin.bj,suivibénin.bj,TPE (<10),B2B,APIEx,,Actif,2026-06-29T00:22:55.206043,haute
BJ-2EEC214C,Fédération Entrepreneuriat Network,ONG & Associations,Gogounou,+229 52 88 91 72,fédérationentrepreneuriat@fédérationentre.bj,fédérationentrepreneuriatnetwork.bj,Grande (>200),B2C,APIEx,,Actif,2026-06-29T00:22:55.206061,haute
BJ-51FAE9B3,Étude Coalition Gogounou,ONG & Associations,Gogounou,+229 58 40 49 31,,,Grande (>200),B2B,APIEx,,Actif,2026-06-29T00:22:55.206073,basse
BJ-5B7BA54D,ONG Protection Bénin,ONG & Associations,Cobly,+229 34 92 51 69,ong.protection@yahoo.fr,ongprotectionbénin.bj,TPE (<10),B2B,APIEx,,Actif,2026-06-29T00:22:55.206096,haute
BJ-A836BD2A,Association Advocacy Cobly,ONG & Associations,Cobly,+229 73 70 64 69,associationadvocacy@associationadvo.com.bj,associationadvocacycobly.bj,PME (50-200),B2C,APIEx,,Actif,2026-06-29T00:22:55.206114,haute
BJ-AA518E9B,ONG Entrepreneuriat ONG,ONG & Associations,Cobly,+229 58 65 55 42,,ongentrepreneuriatong.bj,TPE (<10),B2B,APIEx,,Actif,2026-06-29T00:22:55.206129,moyenne
BJ-60864733,Syndicat Suivi,ONG & Associations,Cobly,+229 41 99 26 97,syndicat.suivi@gmail.com,syndicatsuivi.bj,PME (10-50),B2C,APIEx,,Actif,2026-06-29T00:22:55.206146,haute
BJ-83F439F2,Enfant Cobly,ONG & Associations,Cobly,+229 86 35 61 49,enfant.cobly@yahoo.fr,,PME (50-200),B2B,APIEx,,Actif,2026-06-29T00:22:55.206161,moyenne
BJ-43D857EF,ONG Épargne International,ONG & Associations,Tanguiéta,+229 24 96 46 22,ongépargne@gmail.com,,PME (50-200),B2C,APIEx,,Actif,2026-06-29T00:22:55.206188,moyenne
BJ-4C451D67,Intégration,ONG & Associations,Tanguiéta,+229 52 55 89 88,intégration@outlook.com,intégration.bj,TPE (<10),B2C,APIEx,,Actif,2026-06-29T00:22:55.206203,haute
BJ-F975B179,ONG Développement Africa,ONG & Associations,Tanguiéta,+229 37 64 52 77,ongdéveloppement@yahoo.fr,ongdéveloppementafrica.bj,PME (10-50),B2B,APIEx,,Actif,2026-06-29T00:22:55.206220,haute
BJ-57CEE98D,ONG Équité,ONG & Associations,Tanguiéta,+229 75 59 11 49,,ongéquité.bj,PME (50-200),B2B,APIEx,,Actif,2026-06-29T00:22:55.206232,moyenne
BJ-91CE1974,Évaluation Tanguiéta,ONG & Associations,Tanguiéta,+229 91 16 42 86,,,PME (10-50),B2B,APIEx,,Actif,2026-06-29T00:22:55.206244,basse
BJ-A13B8234,Environnement International,ONG & Associations,Matéri,+229 64 74 51 79,e.international@yahoo.com,environnementinternational.bj,PME (10-50),B2B,APIEx,,Actif,2026-06-29T00:22:55.206266,haute
BJ-1E5F89DE,Advocacy,ONG & Associations,Matéri,+229 91 31 91 23,advocacy@advocacy.com.bj,advocacy.bj,PME (50-200),B2B,APIEx,,Actif,2026-06-29T00:22:55.206281,haute
BJ-B5CCB769,Inclusion,ONG & Associations,Matéri,+229 64 82 87 22,inclusion@inclusion.org.bj,,PME (10-50),B2B,APIEx,,Actif,2026-06-29T00:22:55.206299,moyenne
BJ-833B38A7,Fondation Échange Alliance,ONG & Associations,Matéri,+229 95 64 26 56,f.échange@fondationéchang.org.bj,,PME (10-50),B2B,APIEx,,Actif,2026-06-29T00:22:55.206317,moyenne
BJ-A71D9D38,Société Partenariat,ONG & Associations,Matéri,+229 61 88 74 58,,sociétépartenariat.bj,TPE (<10),B2B,APIEx,,Actif,2026-06-29T00:22:55.206330,moyenne
BJ-E9C92FA6,Démocratie Coalition,ONG & Associations,Natitingou,+229 92 92 88 78,,,TPE (<10),B2C,APIEx,,Actif,2026-06-29T00:22:55.206348,basse
BJ-2A524107,Diffusion,ONG & Associations,Natitingou,+229 36 93 80 14,diffusion@diffusion.org.bj,diffusion.bj,Grande (>200),B2C,APIEx,,Actif,2026-06-29T00:22:55.206366,haute
BJ-FFB44FA2,Ligue Social,ONG & Associations,Natitingou,+229 44 39 40 90,,liguesocial.bj,TPE (<10),B2C,APIEx,,Actif,2026-06-29T00:22:55.206378,moyenne
BJ-658B529D,ONG Volontariat Fondation,ONG & Associations,Natitingou,+229 68 10 90 35,ong.volontariat@ongvolontariatf.org.bj,ongvolontariatfondation.bj,TPE (<10),B2C,APIEx,,Actif,2026-06-29T00:22:55.206395,haute
BJ-A188D7F8,ONG Entrepreneuriat Network,ONG & Associations,Natitingou,+229 74 92 57 46,ongentrepreneuriat@yahoo.fr,,TPE (<10),B2B,APIEx,,Actif,2026-06-29T00:22:55.206410,moyenne
BJ-60595E52,Assistance Network,ONG & Associations,Toucountouna,+229 24 11 81 55,a.network@yahoo.fr,assistancenetwork.bj,Grande (>200),B2C,APIEx,,Actif,2026-06-29T00:22:55.206451,haute
BJ-00CCAB39,Analyse Fondation,ONG & Associations,Toucountouna,+229 20 91 96 67,a.fondation@analysefondatio.bj,,TPE (<10),B2C,APIEx,,Actif,2026-06-29T00:22:55.206479,moyenne
BJ-8F30DE35,Partenariat Africa,ONG & Associations,Toucountouna,+229 23 46 32 79,p.africa@partenariatafri.com.bj,,PME (10-50),B2B,APIEx,,Actif,2026-06-29T00:22:55.206509,moyenne
BJ-6801F42C,Organisation Crédit Fondation Toucountouna,ONG & Associations,Toucountouna,+229 46 78 52 68,organisation.crédit@organisationcré.bj,,PME (10-50),B2B,APIEx,,Actif,2026-06-29T00:22:55.206549,moyenne
BJ-CF45C63D,Organisation Jeunesse,ONG & Associations,Boukoumbé,+229 53 88 96 88,organisationjeunesse@organisationjeu.com.bj,organisationjeunesse.bj,PME (50-200),B2C,APIEx,,Actif,2026-06-29T00:22:55.206577,haute
BJ-87EA8B93,Justice Network,ONG & Associations,Boukoumbé,+229 64 25 67 88,justice.network@justicenetwork.org.bj,,TPE (<10),B2B,APIEx,,Actif,2026-06-29T00:22:55.206595,moyenne
BJ-8C49C12E,Assistance Network Boukoumbé,ONG & Associations,Boukoumbé,+229 43 39 39 14,assistance.network@outlook.com,assistancenetworkboukoumbé.bj,TPE (<10),B2B,APIEx,,Actif,2026-06-29T00:22:55.206616,haute
BJ-1DFE4C7E,Protection,ONG & Associations,Boukoumbé,+229 99 94 35 58,protection@protection.org.bj,protection.bj,PME (50-200),B2C,APIEx,,Actif,2026-06-29T00:22:55.206631,haute
BJ-DC23D263,Justice,ONG & Associations,Boukoumbé,+229 93 52 59 31,justice@gmail.com,justice.bj,Grande (>200),B2B,APIEx,,Actif,2026-06-29T00:22:55.206644,haute
BJ-27B8D24B,Fondation Suivi International,ONG & Associations,Kouandé,+229 84 37 89 64,fondation.suivi@fondationsuivii.bj,fondationsuiviinternational.bj,PME (10-50),B2B,APIEx,,Actif,2026-06-29T00:22:55.206668,haute
BJ-F64E7685,Organisation Intégration,ONG & Associations,Kouandé,+229 82 65 60 84,organisationintégration@outlook.com,,TPE (<10),B2B,APIEx,,Actif,2026-06-29T00:22:55.206685,moyenne
BJ-94AB03E8,Syndicat Santé International,ONG & Associations,Kouandé,+229 73 38 80 35,s.santé@outlook.com,syndicatsantéinternational.bj,PME (10-50),B2B,APIEx,,Actif,2026-06-29T00:22:55.206709,haute
BJ-6903A235,Ligue Partenariat Bénin,ONG & Associations,Kouandé,+229 76 87 26 10,,liguepartenariatbénin.bj,TPE (<10),B2C,APIEx,,Actif,2026-06-29T00:22:55.206723,moyenne
BJ-A18863FF,ONG Épargne Coalition,ONG & Associations,Kouandé,+229 53 36 24 82,,,TPE (<10),B2C,APIEx,,Actif,2026-06-29T00:22:55.206734,basse
BJ-33AF2EB7,Fondation Équité International,ONG & Associations,Péhunco,+229 67 24 33 57,fondationéquité@hotmail.com,fondationéquitéinternational.bj,TPE (<10),B2C,APIEx,,Actif,2026-06-29T00:22:55.206759,haute
BJ-0304F186,ONG Crédit,ONG & Associations,Péhunco,+229 29 60 81 18,ongcrédit@ongcrédit.bj,ongcrédit.bj,TPE (<10),B2B,APIEx,,Actif,2026-06-29T00:22:55.206776,haute
BJ-AF79A959,Club Échange,ONG & Associations,Péhunco,+229 98 43 14 66,club.échange@hotmail.com,clubéchange.bj,TPE (<10),B2B,APIEx,,Actif,2026-06-29T00:22:55.206793,haute
BJ-6C51E665,Union Équité ONG Péhunco,ONG & Associations,Péhunco,+229 69 45 48 40,unionéquité@unionéquitéongp.com.bj,,TPE (<10),B2C,APIEx,,Actif,2026-06-29T00:22:55.206810,moyenne
BJ-96B985F2,Syndicat Microfinance,ONG & Associations,Péhunco,+229 71 12 60 28,,,TPE (<10),B2C,APIEx,,Actif,2026-06-29T00:22:55.206822,basse
BJ-7F0F2176,Union Aide,ONG & Associations,Tchaourou,+229 39 50 82 88,u.aide@unionaide.com.bj,unionaide.bj,PME (10-50),B2B,APIEx,,Actif,2026-06-29T00:22:55.206845,haute
BJ-2F6AFD74,Fédération Philanthropie Coalition,ONG & Associations,Tchaourou,+229 94 86 37 58,,,TPE (<10),B2C,APIEx,,Actif,2026-06-29T00:22:55.206857,basse
BJ-F2DC6C0F,Culture Bénin,ONG & Associations,Tchaourou,+229 68 39 82 99,culturebénin@yahoo.com,culturebénin.bj,PME (50-200),B2C,APIEx,,Actif,2026-06-29T00:22:55.206877,haute
BJ-E3816DD1,Inclusion,ONG & Associations,Tchaourou,+229 78 53 30 80,inclusion@outlook.com,inclusion.bj,TPE (<10),B2B,APIEx,,Actif,2026-06-29T00:22:55.206903,haute
BJ-02ED203E,Organisation Intégration Tchaourou,ONG & Associations,Tchaourou,+229 92 39 20 68,organisation.intégration@organisationint.org.bj,,PME (50-200),B2C,APIEx,,Actif,2026-06-29T00:22:55.206923,moyenne
BJ-076DE7A8,Organisation Protection,ONG & Associations,Nikki,+229 56 39 17 84,organisation.protection@yahoo.fr,,TPE (<10),B2C,APIEx,,Actif,2026-06-29T00:22:55.206947,moyenne
BJ-AFECBA74,ONG Jeunesse,ONG & Associations,Nikki,+229 22 96 14 30,ong.jeunesse@ongjeunesse.bj,ongjeunesse.bj,TPE (<10),B2B,APIEx,,Actif,2026-06-29T00:22:55.206963,haute
BJ-E278A41E,Fondation Monitoring Africa,ONG & Associations,Nikki,+229 77 32 87 77,fondationmonitoring@gmail.com,,TPE (<10),B2C,APIEx,,Actif,2026-06-29T00:22:55.206982,moyenne
BJ-398E25A2,Volontariat Organisation,ONG & Associations,Nikki,+229 23 16 83 58,,volontariatorganisation.bj,PME (10-50),B2C,APIEx,,Actif,2026-06-29T00:22:55.206994,moyenne
BJ-12B70B24,Partenariat,ONG & Associations,Nikki,+229 59 89 82 54,,,PME (10-50),B2B,APIEx,,Actif,2026-06-29T00:22:55.207005,basse
BJ-85A041A6,Inclusion,ONG & Associations,Bembéréké,+229 49 91 98 58,inclusion@inclusion.bj,inclusion.bj,TPE (<10),B2C,APIEx,,Actif,2026-06-29T00:22:55.207027,haute
BJ-C6A14B5C,Union Entrepreneuriat,ONG & Associations,Bembéréké,+229 51 65 61 20,,unionentrepreneuriat.bj,PME (10-50),B2B,APIEx,,Actif,2026-06-29T00:22:55.207039,moyenne
BJ-FA19DF01,Échange Organisation,ONG & Associations,Bembéréké,+229 30 90 89 76,échange_organisation@hotmail.com,,PME (50-200),B2C,APIEx,,Actif,2026-06-29T00:22:55.207063,moyenne
BJ-D1436509,Femme Fondation,ONG & Associations,Bembéréké,+229 70 22 97 24,f.fondation@gmail.com,femmefondation.bj,Grande (>200),B2C,APIEx,,Actif,2026-06-29T00:22:55.207080,haute
BJ-6C62FAA0,Organisation Coopération,ONG & Associations,Bembéréké,+229 66 92 34 29,organisationcoopération@yahoo.com,organisationcoopération.bj,PME (50-200),B2B,APIEx,,Actif,2026-06-29T00:22:55.207097,haute
BJ-43C9D6FC,Organisation Protection,ONG & Associations,Kalalé,+229 83 31 15 93,organisationprotection@organisationpro.bj,,PME (50-200),B2B,APIEx,,Actif,2026-06-29T00:22:55.207120,moyenne
BJ-9F0F902F,Sport Kalalé,ONG & Associations,Kalalé,+229 20 38 40 64,sportkalalé@yahoo.fr,,TPE (<10),B2B,APIEx,,Actif,2026-06-29T00:22:55.207150,moyenne
BJ-4C4EB753,Crédit,ONG & Associations,Kalalé,+229 72 38 99 45,crédit@gmail.com,crédit.bj,Grande (>200),B2C,APIEx,,Actif,2026-06-29T00:22:55.207164,haute
BJ-586DB883,Fondation Plaidoyer ONG,ONG & Associations,Kalalé,+229 65 29 21 18,f.plaidoyer@fondationplaido.org.bj,fondationplaidoyerong.bj,PME (50-200),B2B,APIEx,,Actif,2026-06-29T00:22:55.207181,haute
BJ-595C8373,Syndicat Droits Network,ONG & Associations,Ndali,+229 53 55 84 60,syndicat_droits@yahoo.fr,,PME (50-200),B2B,APIEx,,Actif,2026-06-29T00:22:55.207203,moyenne
BJ-33A78BAB,Éducation Ndali,ONG & Associations,Ndali,+229 45 59 96 81,éducationndali@yahoo.com,éducationndali.bj,TPE (<10),B2C,APIEx,,Actif,2026-06-29T00:22:55.207220,haute
BJ-34AE4673,Fondation Sensibilisation Alliance Ndali,ONG & Associations,Ndali,+229 31 67 37 61,f.sensibilisation@hotmail.com,,PME (50-200),B2B,APIEx,,Actif,2026-06-29T00:22:55.207238,moyenne
BJ-8D7C11F8,Publication ONG,ONG & Associations,Ndali,+229 66 16 46 28,publication.ong@publicationong.com.bj,publicationong.bj,PME (50-200),B2C,APIEx,,Actif,2026-06-29T00:22:55.207257,haute
BJ-D1E03749,Prévention Bénin,ONG & Associations,Ndali,+229 43 86 93 28,prévention_bénin@yahoo.fr,,TPE (<10),B2C,APIEx,,Actif,2026-06-29T00:22:55.207273,moyenne
BJ-33FDC9B3,Fondation Démocratie Network,ONG & Associations,Ségbana,+229 99 46 98 15,fondationdémocratie@fondationdémocr.org.bj,,PME (10-50),B2B,APIEx,,Actif,2026-06-29T00:22:55.207298,moyenne
BJ-5519EA4F,Syndicat Justice,ONG & Associations,Ségbana,+229 95 13 89 32,,syndicatjustice.bj,PME (10-50),B2B,APIEx,,Actif,2026-06-29T00:22:55.207310,moyenne
BJ-DF627E49,Partenariat Fondation,ONG & Associations,Ségbana,+229 77 51 10 68,p.fondation@partenariatfond.bj,,TPE (<10),B2C,APIEx,,Actif,2026-06-29T00:22:55.207326,moyenne
BJ-14F64CF5,Association Crédit Organisation,ONG & Associations,Tchaourou,+229 60 19 64 60,a.crédit@associationcréd.com.bj,associationcréditorganisation.bj,Grande (>200),B2B,APIEx,,Actif,2026-06-29T00:22:55.207379,haute
BJ-43A2ABDB,Union Bénévolat Fondation,ONG & Associations,Tchaourou,+229 27 93 52 79,u.bénévolat@yahoo.com,unionbénévolatfondation.bj,PME (10-50),B2C,APIEx,,Actif,2026-06-29T00:22:55.207396,haute
BJ-739B37D0,Ligue Épargne,ONG & Associations,Tchaourou,+229 30 25 35 42,,,TPE (<10),B2C,APIEx,,Actif,2026-06-29T00:22:55.207410,basse
BJ-D7F0E7CC,Société Éducation ONG Tchaourou,ONG & Associations,Tchaourou,+229 30 20 14 94,,,PME (10-50),B2B,APIEx,,Actif,2026-06-29T00:22:55.207425,basse
BJ-CE7852C1,Syndicat Accompagnement ONG,ONG & Associations,Tchaourou,+229 79 74 15 59,s.accompagnement@syndicataccompa.com.bj,,PME (10-50),B2C,APIEx,,Actif,2026-06-29T00:22:55.207441,moyenne
BJ-904FDA11,Recherche,ONG & Associations,Bétérou,+229 46 62 60 47,recherche@recherche.bj,recherche.bj,TPE (<10),B2B,APIEx,,Actif,2026-06-29T00:22:55.207462,haute
BJ-BEE138C0,Solidarité ONG Bétérou,ONG & Associations,Bétérou,+229 95 89 70 13,solidarité.ong@solidaritéongbé.com.bj,solidaritéongbétérou.bj,TPE (<10),B2B,APIEx,,Actif,2026-06-29T00:22:55.207481,haute
BJ-32C1FE19,Union Plaidoyer,ONG & Associations,Bétérou,+229 84 42 18 74,,,PME (50-200),B2C,APIEx,,Actif,2026-06-29T00:22:55.207492,basse
BJ-B3148CEC,Formation Bénin Bétérou,ONG & Associations,Bétérou,+229 82 41 19 91,formation_bénin@formationbéninb.org.bj,,PME (10-50),B2B,APIEx,,Actif,2026-06-29T00:22:55.207523,moyenne
BJ-5922F82D,Société Insertion,ONG & Associations,Ouessè,+229 80 82 31 13,,sociétéinsertion.bj,PME (10-50),B2C,APIEx,,Actif,2026-06-29T00:22:55.207542,moyenne
BJ-0F64EE36,Union Analyse Bénin,ONG & Associations,Ouessè,+229 50 51 18 76,unionanalyse@hotmail.com,,Grande (>200),B2C,APIEx,,Actif,2026-06-29T00:22:55.207561,moyenne
BJ-572C22AB,Union Santé,ONG & Associations,Ouessè,+229 34 88 36 63,,,PME (10-50),B2C,APIEx,,Actif,2026-06-29T00:22:55.207576,basse
BJ-9BDD1408,Étude International Ouessè,ONG & Associations,Ouessè,+229 97 56 97 71,,étudeinternationalouessè.bj,PME (10-50),B2C,APIEx,,Actif,2026-06-29T00:22:55.207589,moyenne
BJ-7333EBEE,Fondation Épargne Network Ouessè,ONG & Associations,Ouessè,+229 54 36 79 91,f.épargne@yahoo.fr,fondationépargnenetworkouessè.bj,Grande (>200),B2C,APIEx,,Actif,2026-06-29T00:22:55.207607,haute
BJ-DCE59C9B,Plaidoyer ONG Glazoué,ONG & Associations,Glazoué,+229 84 47 91 65,plaidoyer.ong@plaidoyeronggla.com.bj,,PME (10-50),B2B,APIEx,,Actif,2026-06-29T00:22:55.207630,moyenne
BJ-7C78EA8E,Philanthropie International,ONG & Associations,Glazoué,+229 88 38 48 10,,philanthropieinternational.bj,TPE (<10),B2B,APIEx,,Actif,2026-06-29T00:22:55.207643,moyenne
BJ-9BBCFD08,Étude Network,ONG & Associations,Glazoué,+229 48 15 90 87,é.network@yahoo.com,étudenetwork.bj,TPE (<10),B2B,APIEx,,Actif,2026-06-29T00:22:55.207659,haute
BJ-A249AD66,Organisation Protection,ONG & Associations,Glazoué,+229 68 94 28 55,organisationprotection@hotmail.com,organisationprotection.bj,PME (10-50),B2B,APIEx,,Actif,2026-06-29T00:22:55.207675,haute
BJ-AE057A90,Échange Coalition,ONG & Associations,Glazoué,+229 91 20 48 65,,échangecoalition.bj,TPE (<10),B2C,APIEx,,Actif,2026-06-29T00:22:55.207688,moyenne
BJ-664A368C,Inclusion Africa,ONG & Associations,Dassa-Zoumè,+229 91 15 47 82,i.africa@hotmail.com,inclusionafrica.bj,Grande (>200),B2C,APIEx,,Actif,2026-06-29T00:22:55.207725,haute
BJ-72B59DE2,Société Protection Fondation,ONG & Associations,Dassa-Zoumè,+229 71 11 91 72,,sociétéprotectionfondation.bj,PME (10-50),B2B,APIEx,,Actif,2026-06-29T00:22:55.207741,moyenne
BJ-EDE0C4E6,Évaluation Organisation,ONG & Associations,Dassa-Zoumè,+229 22 20 32 24,é.organisation@gmail.com,évaluationorganisation.bj,PME (50-200),B2B,APIEx,,Actif,2026-06-29T00:22:55.207759,haute
BJ-1D7FB097,Paix,ONG & Associations,Dassa-Zoumè,+229 91 40 54 55,paix@paix.org.bj,paix.bj,TPE (<10),B2B,APIEx,,Actif,2026-06-29T00:22:55.207773,haute
BJ-2951A97A,Association Crédit,ONG & Associations,Savalou,+229 24 59 90 61,a.crédit@associationcréd.org.bj,associationcrédit.bj,PME (50-200),B2B,APIEx,,Actif,2026-06-29T00:22:55.207804,haute
BJ-03CCD324,Évaluation,ONG & Associations,Savalou,+229 81 29 21 21,évaluation@gmail.com,évaluation.bj,PME (10-50),B2C,APIEx,,Actif,2026-06-29T00:22:55.207818,haute
BJ-73BA41E7,Femme Association Savalou,ONG & Associations,Savalou,+229 68 16 88 21,,femmeassociationsavalou.bj,TPE (<10),B2C,APIEx,,Actif,2026-06-29T00:22:55.207830,moyenne
BJ-C706A077,Éducation Coalition,ONG & Associations,Savalou,+229 89 75 80 93,éducation_coalition@yahoo.com,,TPE (<10),B2C,APIEx,,Actif,2026-06-29T00:22:55.207864,moyenne
BJ-84DDF17C,Syndicat Microfinance Alliance,ONG & Associations,Bantè,+229 58 76 56 46,syndicat.microfinance@yahoo.fr,,PME (10-50),B2B,APIEx,,Actif,2026-06-29T00:22:55.207886,moyenne
BJ-8CDFFCB9,Ligue Justice,ONG & Associations,Bantè,+229 54 68 50 23,l.justice@liguejustice.bj,liguejustice.bj,PME (10-50),B2B,APIEx,,Actif,2026-06-29T00:22:55.207931,haute
BJ-1F00E679,Association Crédit,ONG & Associations,Bantè,+229 52 97 15 82,association_crédit@gmail.com,,PME (10-50),B2B,APIEx,,Actif,2026-06-29T00:22:55.207964,moyenne
BJ-3661C810,Ligue Bénévolat Africa,ONG & Associations,Bantè,+229 52 44 86 74,l.bénévolat@yahoo.fr,liguebénévolatafrica.bj,TPE (<10),B2B,APIEx,,Actif,2026-06-29T00:22:55.208003,haute
BJ-EEF5037F,Environnement Network,ONG & Associations,Djougou,+229 32 31 18 61,e.network@environnementne.org.bj,environnementnetwork.bj,PME (10-50),B2B,APIEx,,Actif,2026-06-29T00:22:55.208070,haute
BJ-A8D5E745,Assistance Africa,ONG & Associations,Djougou,+229 54 75 88 81,a.africa@yahoo.fr,assistanceafrica.bj,TPE (<10),B2C,APIEx,,Actif,2026-06-29T00:22:55.208088,haute
BJ-CE73D377,Ligue Femme,ONG & Associations,Djougou,+229 86 41 86 16,ligue.femme@liguefemme.bj,liguefemme.bj,TPE (<10),B2B,APIEx,,Actif,2026-06-29T00:22:55.208105,haute
BJ-EAD7A238,Ligue Diversité Network,ONG & Associations,Djougou,+229 45 64 58 65,ligue.diversité@yahoo.com,,PME (10-50),B2B,APIEx,,Actif,2026-06-29T00:22:55.208122,moyenne
BJ-A1EC3E89,Organisation Microfinance Alliance,ONG & Associations,Djougou,+229 56 31 70 66,,organisationmicrofinancealliance.bj,TPE (<10),B2C,APIEx,,Actif,2026-06-29T00:22:55.208135,moyenne
BJ-99D7023F,ONG Monitoring,ONG & Associations,Ouèssè,+229 42 74 44 55,ongmonitoring@ongmonitoring.com.bj,,PME (10-50),B2B,APIEx,,Actif,2026-06-29T00:22:55.208158,moyenne
BJ-D2E34907,Suivi,ONG & Associations,Ouèssè,+229 29 38 52 82,,suivi.bj,PME (10-50),B2B,APIEx,,Actif,2026-06-29T00:22:55.208171,moyenne
BJ-42DC68BF,Plaidoyer,ONG & Associations,Ouèssè,+229 59 49 28 62,plaidoyer@gmail.com,,PME (50-200),B2C,APIEx,,Actif,2026-06-29T00:22:55.208189,moyenne
BJ-F8D0A893,Bénévolat Association,ONG & Associations,Ouèssè,+229 20 67 77 74,bénévolat_association@gmail.com,,PME (10-50),B2B,APIEx,,Actif,2026-06-29T00:22:55.208207,moyenne
BJ-40423D59,Justice,ONG & Associations,Ouèssè,+229 96 61 80 92,justice@gmail.com,,TPE (<10),B2B,APIEx,,Actif,2026-06-29T00:22:55.208224,moyenne
BJ-F7BEBF6F,Association Charité Bassila,ONG & Associations,Bassila,+229 72 69 88 44,association.charité@associationchar.com.bj,associationcharitébassila.bj,TPE (<10),B2B,APIEx,,Actif,2026-06-29T00:22:55.208253,haute
BJ-2A4EA885,Philanthropie,ONG & Associations,Bassila,+229 49 11 29 67,philanthropie@philanthropie.org.bj,,TPE (<10),B2B,APIEx,,Actif,2026-06-29T00:22:55.208269,moyenne
BJ-CE77812C,Jeunesse Alliance,ONG & Associations,Bassila,+229 71 23 72 33,jeunesse.alliance@jeunesseallianc.com.bj,,PME (10-50),B2B,APIEx,,Actif,2026-06-29T00:22:55.208285,moyenne
BJ-327430F5,Organisation Éducation,ONG & Associations,Bassila,+229 23 21 83 16,organisation_éducation@organisationédu.org.bj,organisationéducation.bj,PME (10-50),B2C,APIEx,,Actif,2026-06-29T00:22:55.208304,haute
BJ-F658C1D5,Club Insertion Association,ONG & Associations,Bassila,+229 96 84 37 69,,clubinsertionassociation.bj,Grande (>200),B2C,APIEx,,Actif,2026-06-29T00:22:55.208324,moyenne
BJ-52961B7C,Prévention,ONG & Associations,Pehunco,+229 35 98 89 58,prévention@prévention.org.bj,prévention.bj,PME (10-50),B2B,APIEx,,Actif,2026-06-29T00:22:55.208347,haute
BJ-CCDE82C4,Société Droits,ONG & Associations,Pehunco,+229 34 57 40 63,société_droits@sociétédroits.bj,,PME (10-50),B2B,APIEx,,Actif,2026-06-29T00:22:55.208364,moyenne
BJ-98E77804,Accompagnement,ONG & Associations,Pehunco,+229 84 89 65 88,,,TPE (<10),B2B,APIEx,,Actif,2026-06-29T00:22:55.208379,basse
BJ-EFC66441,Club Plaidoyer,ONG & Associations,Pehunco,+229 51 91 60 73,clubplaidoyer@hotmail.com,clubplaidoyer.bj,PME (10-50),B2C,APIEx,,Actif,2026-06-29T00:22:55.208395,haute
BJ-8E651D3E,Inclusion Africa,ONG & Associations,Pehunco,+229 57 64 12 29,i.africa@inclusionafrica.com.bj,,PME (10-50),B2C,APIEx,,Actif,2026-06-29T00:22:55.208411,moyenne
BJ-A1BDDAAB,Association Formation,ONG & Associations,Copargo,+229 61 48 19 74,association.formation@hotmail.com,,PME (10-50),B2B,APIEx,,Actif,2026-06-29T00:22:55.208433,moyenne
BJ-32347295,Volontariat,ONG & Associations,Copargo,+229 99 83 52 49,volontariat@volontariat.bj,volontariat.bj,PME (10-50),B2C,APIEx,,Actif,2026-06-29T00:22:55.208448,haute
BJ-8494441C,ONG Citoyenneté Copargo,ONG & Associations,Copargo,+229 45 98 11 47,o.citoyenneté@hotmail.com,ongcitoyennetécopargo.bj,PME (50-200),B2C,APIEx,,Actif,2026-06-29T00:22:55.208467,haute
BJ-29BDDE4B,Fondation Coopération Network,ONG & Associations,Copargo,+229 59 72 14 50,f.coopération@fondationcoopér.com.bj,fondationcoopérationnetwork.bj,TPE (<10),B2C,APIEx,,Actif,2026-06-29T00:22:55.208497,haute
BJ-D315A74A,Entrepreneuriat Network,ONG & Associations,Copargo,+229 21 62 98 71,entrepreneuriat.network@entrepreneuriat.com.bj,entrepreneuriatnetwork.bj,TPE (<10),B2C,APIEx,,Actif,2026-06-29T00:22:55.208521,haute
BJ-87AECD08,Cabinet Habitat Services,BTP & Immobilier,Cotonou,+229 44 77 79 54,cabinethabitat@cabinethabitats.com.bj,,TPE (<10),B2C,LinkedIn,,Actif,2026-06-29T00:22:55.208597,moyenne
BJ-9EA3289B,Réhabilitation Habitat,BTP & Immobilier,Cotonou,+229 77 79 24 47,réhabilitation.habitat@hotmail.com,réhabilitationhabitat.bj,TPE (<10),B2B,LinkedIn,,Actif,2026-06-29T00:22:55.208632,haute
BJ-DA7A7866,Électricité,BTP & Immobilier,Cotonou,+229 50 60 94 57,électricité@électricité.bj,électricité.bj,PME (10-50),B2C,LinkedIn,,Actif,2026-06-29T00:22:55.208659,haute
BJ-5F58A476,Groupe Aménagement Cabinet Cotonou,BTP & Immobilier,Cotonou,+229 41 49 59 72,,,Grande (>200),B2B,LinkedIn,,Actif,2026-06-29T00:22:55.208683,basse
BJ-DED5EF39,SCI Peinture Construction,BTP & Immobilier,Abomey-Calavi,+229 76 45 25 20,s.peinture@hotmail.com,scipeintureconstruction.bj,TPE (<10),B2C,LinkedIn,,Actif,2026-06-29T00:22:55.208726,haute
BJ-1C81A068,Syndic Africa,BTP & Immobilier,Abomey-Calavi,+229 33 98 41 32,syndicafrica@syndicafrica.bj,syndicafrica.bj,TPE (<10),B2B,LinkedIn,,Actif,2026-06-29T00:22:55.208778,haute
BJ-7AA5DB36,Cabinet Aménagement,BTP & Immobilier,Abomey-Calavi,+229 71 65 37 53,,cabinetaménagement.bj,TPE (<10),B2B,LinkedIn,,Actif,2026-06-29T00:22:55.208801,moyenne
BJ-77D7F4BB,Voirie SA Abomey-Calavi,BTP & Immobilier,Abomey-Calavi,+229 54 66 37 28,voirie.abomey@yahoo.fr,,Grande (>200),B2C,LinkedIn,,Actif,2026-06-29T00:22:55.208830,moyenne
BJ-969B1CA3,Cabinet Ferronnerie Bénin,BTP & Immobilier,Porto-Novo,+229 42 59 85 52,cabinetferronnerie@cabinetferronne.com.bj,cabinetferronneriebénin.bj,PME (10-50),B2B,LinkedIn,,Actif,2026-06-29T00:22:55.208877,haute
BJ-17350987,Cabinet Peinture,BTP & Immobilier,Porto-Novo,+229 28 98 59 25,cabinet.peinture@outlook.com,cabinetpeinture.bj,Grande (>200),B2B,LinkedIn,,Actif,2026-06-29T00:22:55.208933,haute
BJ-9C9AB7D7,Groupe Électricité Cabinet,BTP & Immobilier,Porto-Novo,+229 95 74 32 84,,,PME (10-50),B2B,LinkedIn,,Actif,2026-06-29T00:22:55.208975,basse
BJ-DFF8DC6C,BTP Plomberie,BTP & Immobilier,Porto-Novo,+229 62 96 62 33,b.plomberie@btpplomberie.org.bj,,TPE (<10),B2C,LinkedIn,,Actif,2026-06-29T00:22:55.209011,moyenne
BJ-516477F6,SCI Syndic International,BTP & Immobilier,Porto-Novo,+229 90 50 67 35,scisyndic@scisyndicintern.com.bj,,PME (50-200),B2B,LinkedIn,,Actif,2026-06-29T00:22:55.209046,moyenne
BJ-204E5F91,Isolation,BTP & Immobilier,Parakou,+229 72 11 72 37,,isolation.bj,PME (10-50),B2B,LinkedIn,,Actif,2026-06-29T00:22:55.209099,moyenne
BJ-33837BEE,Construction,BTP & Immobilier,Parakou,+229 85 17 91 57,construction@yahoo.com,construction.bj,PME (50-200),B2B,LinkedIn,,Actif,2026-06-29T00:22:55.209133,haute
BJ-B59129FD,SARL Fondation Construction,BTP & Immobilier,Parakou,+229 79 91 54 15,,sarlfondationconstruction.bj,PME (50-200),B2B,LinkedIn,,Actif,2026-06-29T00:22:55.209171,moyenne
BJ-1D286EED,Immobilier Cabinet,BTP & Immobilier,Parakou,+229 73 27 94 86,i.cabinet@yahoo.fr,immobiliercabinet.bj,Grande (>200),B2C,LinkedIn,,Actif,2026-06-29T00:22:55.209211,haute
BJ-21F46081,BTP Location,BTP & Immobilier,Parakou,+229 90 47 86 40,,btplocation.bj,TPE (<10),B2C,LinkedIn,,Actif,2026-06-29T00:22:55.209240,moyenne
BJ-18F00A82,SCI Aménagement Bénin,BTP & Immobilier,Bohicon,+229 24 44 17 75,sci.aménagement@hotmail.com,sciaménagementbénin.bj,PME (50-200),B2C,LinkedIn,,Actif,2026-06-29T00:22:55.209309,haute
BJ-602EF2C6,Peinture Ets,BTP & Immobilier,Bohicon,+229 40 46 49 92,peinture.ets@peintureets.bj,peintureets.bj,TPE (<10),B2B,LinkedIn,,Actif,2026-06-29T00:22:55.209348,haute
BJ-8AA3092B,Gestion International,BTP & Immobilier,Bohicon,+229 45 42 30 36,gestioninternational@hotmail.com,gestioninternational.bj,TPE (<10),B2B,LinkedIn,,Actif,2026-06-29T00:22:55.209392,haute
BJ-FEFD224D,Cabinet Construction International,BTP & Immobilier,Bohicon,+229 58 24 30 46,cabinetconstruction@cabinetconstruc.com.bj,cabinetconstructioninternational.bj,PME (10-50),B2B,LinkedIn,,Actif,2026-06-29T00:22:55.209429,haute
BJ-9020D355,Promotion Terrassement,BTP & Immobilier,Bohicon,+229 65 87 98 71,,promotionterrassement.bj,TPE (<10),B2B,LinkedIn,,Actif,2026-06-29T00:22:55.209456,moyenne
BJ-5E7D8C7E,Construction Travaux SARL,BTP & Immobilier,Natitingou,+229 71 88 73 83,construction.travaux@outlook.com,,TPE (<10),B2B,LinkedIn,,Actif,2026-06-29T00:22:55.209511,moyenne
BJ-C6B72E89,Toiture,BTP & Immobilier,Natitingou,+229 71 17 82 97,,toiture.bj,PME (10-50),B2C,LinkedIn,,Actif,2026-06-29T00:22:55.209539,moyenne
BJ-67A7878B,BTP Immobilier,BTP & Immobilier,Natitingou,+229 86 99 15 54,,btpimmobilier.bj,PME (10-50),B2C,LinkedIn,,Actif,2026-06-29T00:22:55.209566,moyenne
BJ-01330876,SO Structure Solutions,BTP & Immobilier,Natitingou,+229 70 95 59 77,,sostructuresolutions.bj,PME (10-50),B2C,LinkedIn,,Actif,2026-06-29T00:22:55.209603,moyenne
BJ-C63A4AB8,SA Architecte Natitingou,BTP & Immobilier,Natitingou,+229 64 17 17 88,,,PME (10-50),B2C,LinkedIn,,Actif,2026-06-29T00:22:55.209635,basse
BJ-11E6A738,Urbanisme Groupe,BTP & Immobilier,Lokossa,+229 66 65 31 30,urbanisme.groupe@gmail.com,urbanismegroupe.bj,PME (10-50),B2C,LinkedIn,,Actif,2026-06-29T00:22:55.209687,haute
BJ-4C9DF9D6,Béton SARL,BTP & Immobilier,Lokossa,+229 32 73 16 15,bétonsarl@gmail.com,bétonsarl.bj,TPE (<10),B2B,LinkedIn,,Actif,2026-06-29T00:22:55.209728,haute
BJ-57D16DAD,Maçonnerie SA,BTP & Immobilier,Lokossa,+229 78 89 23 95,maçonnerie@maçonneriesa.bj,,TPE (<10),B2C,LinkedIn,,Actif,2026-06-29T00:22:55.209777,moyenne
BJ-11E63602,SARL Promotion Cabinet,BTP & Immobilier,Lokossa,+229 70 36 21 79,sarl.promotion@sarlpromotionca.bj,,TPE (<10),B2C,LinkedIn,,Actif,2026-06-29T00:22:55.209824,moyenne
BJ-1D021E75,SCI Toiture,BTP & Immobilier,Lokossa,+229 90 37 27 11,s.toiture@scitoiture.bj,scitoiture.bj,PME (10-50),B2B,LinkedIn,,Actif,2026-06-29T00:22:55.209861,haute
BJ-4E7C9B12,Fondation Ets Ouidah,BTP & Immobilier,Ouidah,+229 66 28 18 47,,,PME (50-200),B2C,LinkedIn,,Actif,2026-06-29T00:22:55.209921,basse
BJ-FDEFED14,Travaux Ets Ouidah,BTP & Immobilier,Ouidah,+229 58 92 18 65,t.ets@travauxetsouida.bj,,TPE (<10),B2C,LinkedIn,,Actif,2026-06-29T00:22:55.209957,moyenne
BJ-F29BD47F,Peinture SA,BTP & Immobilier,Ouidah,+229 81 14 47 72,,peinturesa.bj,PME (10-50),B2B,LinkedIn,,Actif,2026-06-29T00:22:55.209986,moyenne
BJ-F7658FC9,SO Rénovation Habitat,BTP & Immobilier,Ouidah,+229 75 22 59 91,r.habitat@hotmail.com,sorénovationhabitat.bj,PME (50-200),B2C,LinkedIn,,Actif,2026-06-29T00:22:55.210034,haute
BJ-BC8C1739,Maçonnerie Solutions,BTP & Immobilier,Ouidah,+229 99 17 75 90,,maçonneriesolutions.bj,TPE (<10),B2B,LinkedIn,,Actif,2026-06-29T00:22:55.210064,moyenne
BJ-AC78045C,Construction Menuiserie,BTP & Immobilier,Savalou,+229 53 66 25 43,,,PME (50-200),B2C,LinkedIn,,Actif,2026-06-29T00:22:55.210110,basse
BJ-9B70ADC4,Rénovation,BTP & Immobilier,Savalou,+229 37 37 97 95,rénovation@outlook.com,rénovation.bj,PME (50-200),B2B,LinkedIn,,Actif,2026-06-29T00:22:55.210146,haute
BJ-837CE027,Aménagement Habitat,BTP & Immobilier,Savalou,+229 82 57 38 83,aménagementhabitat@aménagementhabi.com.bj,aménagementhabitat.bj,TPE (<10),B2B,LinkedIn,,Actif,2026-06-29T00:22:55.210190,haute
BJ-545C1FB8,Cabinet Peinture,BTP & Immobilier,Savalou,+229 33 85 13 94,c.peinture@hotmail.com,,PME (50-200),B2C,LinkedIn,,Actif,2026-06-29T00:22:55.210228,moyenne
BJ-6513515D,SCI Aménagement,BTP & Immobilier,Savalou,+229 90 11 80 51,sciaménagement@yahoo.com,sciaménagement.bj,TPE (<10),B2B,LinkedIn,,Actif,2026-06-29T00:22:55.210268,haute
BJ-0B76DC6F,SARL Habitat,BTP & Immobilier,Dassa-Zoumè,+229 48 42 39 90,sarlhabitat@sarlhabitat.com.bj,sarlhabitat.bj,PME (50-200),B2C,LinkedIn,,Actif,2026-06-29T00:22:55.210319,haute
BJ-7B449957,Urbanisme Bénin,BTP & Immobilier,Dassa-Zoumè,+229 63 33 17 50,u.bénin@yahoo.com,urbanismebénin.bj,Grande (>200),B2B,LinkedIn,,Actif,2026-06-29T00:22:55.210359,haute
BJ-26C94D97,Promotion Construction,BTP & Immobilier,Dassa-Zoumè,+229 52 65 65 71,promotionconstruction@promotionconstr.bj,,TPE (<10),B2B,LinkedIn,,Actif,2026-06-29T00:22:55.210437,moyenne
BJ-F75EC87D,Gestion Services Dassa-Zoumè,BTP & Immobilier,Dassa-Zoumè,+229 79 16 25 96,gestion.services@gestionservices.bj,,TPE (<10),B2C,LinkedIn,,Actif,2026-06-29T00:22:55.210480,moyenne
BJ-32EB9F09,SA Fondation Services,BTP & Immobilier,Kétou,+229 33 44 77 89,fondation.services@gmail.com,safondationservices.bj,TPE (<10),B2B,LinkedIn,,Actif,2026-06-29T00:22:55.210565,haute
BJ-E40B4742,Construction Maçonnerie Services,BTP & Immobilier,Kétou,+229 50 65 78 76,construction.maçonnerie@constructionmaç.bj,constructionmaçonnerieservices.bj,TPE (<10),B2B,LinkedIn,,Actif,2026-06-29T00:22:55.210614,haute
BJ-61B5F47A,BTP Terrassement,BTP & Immobilier,Kétou,+229 34 13 77 75,btp_terrassement@yahoo.com,,PME (10-50),B2C,LinkedIn,,Actif,2026-06-29T00:22:55.210654,moyenne
BJ-DA685F86,Béton Promotion Kétou,BTP & Immobilier,Kétou,+229 72 52 45 28,b.promotion@bétonpromotionk.com.bj,,PME (10-50),B2B,LinkedIn,,Actif,2026-06-29T00:22:55.210694,moyenne
BJ-CDF1EE52,Groupe Béton Construction,BTP & Immobilier,Covè,+229 55 28 26 41,,groupebétonconstruction.bj,TPE (<10),B2C,LinkedIn,,Actif,2026-06-29T00:22:55.210739,moyenne
BJ-24E9E7F2,Ets Urbanisme,BTP & Immobilier,Covè,+229 99 51 97 73,ets.urbanisme@etsurbanisme.bj,etsurbanisme.bj,PME (50-200),B2C,LinkedIn,,Actif,2026-06-29T00:22:55.210779,haute
BJ-D13A8699,Ets Maçonnerie,BTP & Immobilier,Covè,+229 90 93 85 20,e.maçonnerie@hotmail.com,,PME (50-200),B2B,LinkedIn,,Actif,2026-06-29T00:22:55.210818,moyenne
BJ-556E7AC9,Ets Peinture Covè,BTP & Immobilier,Covè,+229 32 76 73 58,etspeinture@yahoo.fr,,PME (10-50),B2C,LinkedIn,,Actif,2026-06-29T00:22:55.210855,moyenne
BJ-CA855C94,Copropriété Construction,BTP & Immobilier,Covè,+229 58 28 44 29,c.construction@outlook.com,copropriétéconstruction.bj,PME (50-200),B2C,LinkedIn,,Actif,2026-06-29T00:22:55.210925,haute
BJ-B7148076,Groupe Syndic,BTP & Immobilier,Pobè,+229 37 29 33 19,g.syndic@hotmail.com,groupesyndic.bj,TPE (<10),B2C,LinkedIn,,Actif,2026-06-29T00:22:55.211015,haute
BJ-A5F68E6C,SARL Plomberie,BTP & Immobilier,Pobè,+229 35 45 39 68,s.plomberie@sarlplomberie.com.bj,sarlplomberie.bj,TPE (<10),B2B,LinkedIn,,Actif,2026-06-29T00:22:55.211053,haute
BJ-8C888090,SA Rénovation Groupe,BTP & Immobilier,Pobè,+229 59 95 15 68,r.groupe@sarénovationgro.bj,sarénovationgroupe.bj,PME (10-50),B2B,LinkedIn,,Actif,2026-06-29T00:22:55.211108,haute
BJ-DA111FD1,SCI Ferronnerie Pobè,BTP & Immobilier,Pobè,+229 89 73 27 63,s.ferronnerie@yahoo.fr,,TPE (<10),B2B,LinkedIn,,Actif,2026-06-29T00:22:55.211148,moyenne
BJ-26DFA31C,Ferronnerie Pobè,BTP & Immobilier,Pobè,+229 38 16 45 28,ferronneriepobè@ferronneriepobè.com.bj,,TPE (<10),B2B,LinkedIn,,Actif,2026-06-29T00:22:55.211187,moyenne
BJ-00D58260,Ets Isolation SARL Sakété,BTP & Immobilier,Sakété,+229 61 81 41 50,,etsisolationsarlsakété.bj,TPE (<10),B2C,LinkedIn,,Actif,2026-06-29T00:22:55.211240,moyenne
BJ-FD3F8FD2,Isolation Sakété,BTP & Immobilier,Sakété,+229 74 91 31 74,isolationsakété@outlook.com,isolationsakété.bj,PME (50-200),B2C,LinkedIn,,Actif,2026-06-29T00:22:55.211260,haute
BJ-7255A054,SA Voirie Cabinet,BTP & Immobilier,Sakété,+229 65 30 33 87,voiriecabinet@gmail.com,savoiriecabinet.bj,PME (50-200),B2C,LinkedIn,,Actif,2026-06-29T00:22:55.211286,haute
BJ-218005D8,Promotion,BTP & Immobilier,Sakété,+229 95 62 92 91,promotion@yahoo.com,promotion.bj,PME (10-50),B2B,LinkedIn,,Actif,2026-06-29T00:22:55.211324,haute
BJ-EDB82BC4,Groupe Bâtiment,BTP & Immobilier,Adjara,+229 55 69 54 25,g.bâtiment@hotmail.com,,Grande (>200),B2C,LinkedIn,,Actif,2026-06-29T00:22:55.211383,moyenne
BJ-681E31BB,Isolation,BTP & Immobilier,Adjara,+229 31 95 64 99,isolation@isolation.com.bj,isolation.bj,Grande (>200),B2B,LinkedIn,,Actif,2026-06-29T00:22:55.211409,haute
BJ-12CDB9DF,Ets Clôturage Groupe,BTP & Immobilier,Adjara,+229 56 68 37 77,e.clôturage@etsclôturagegro.com.bj,,Grande (>200),B2C,LinkedIn,,Actif,2026-06-29T00:22:55.211430,moyenne
BJ-D2D96EC6,SCI Immobilier Habitat,BTP & Immobilier,Adjara,+229 71 46 38 48,sciimmobilier@sciimmobilierha.com.bj,,Grande (>200),B2B,LinkedIn,,Actif,2026-06-29T00:22:55.211449,moyenne
BJ-C339E222,Ingénierie Groupe,BTP & Immobilier,Allada,+229 62 89 23 70,i.groupe@outlook.com,,Grande (>200),B2C,LinkedIn,,Actif,2026-06-29T00:22:55.211500,moyenne
BJ-41783A87,Promotion Menuiserie,BTP & Immobilier,Allada,+229 69 19 47 48,promotion.menuiserie@outlook.com,promotionmenuiserie.bj,PME (50-200),B2C,LinkedIn,,Actif,2026-06-29T00:22:55.211535,haute
BJ-3865BCE8,Structure Promotion,BTP & Immobilier,Allada,+229 64 48 14 90,s.promotion@structurepromot.bj,,PME (50-200),B2B,LinkedIn,,Actif,2026-06-29T00:22:55.211570,moyenne
BJ-893C58F7,Réhabilitation,BTP & Immobilier,Allada,+229 27 64 70 83,réhabilitation@hotmail.com,réhabilitation.bj,PME (10-50),B2B,LinkedIn,,Actif,2026-06-29T00:22:55.211605,haute
BJ-C838A12D,SA Voirie Allada,BTP & Immobilier,Allada,+229 63 74 91 44,voirieallada@gmail.com,savoirieallada.bj,TPE (<10),B2B,LinkedIn,,Actif,2026-06-29T00:22:55.211650,haute
BJ-B9ABC424,Cabinet Syndic,BTP & Immobilier,Aplahoué,+229 29 75 53 73,,,TPE (<10),B2C,LinkedIn,,Actif,2026-06-29T00:22:55.211677,basse
BJ-7CE9DBF3,Groupe Gestion,BTP & Immobilier,Aplahoué,+229 38 91 93 61,g.gestion@hotmail.com,,PME (50-200),B2B,LinkedIn,,Actif,2026-06-29T00:22:55.211694,moyenne
BJ-F7101769,Promotion Copropriété Bâtiments,BTP & Immobilier,Aplahoué,+229 65 71 17 17,promotion.copropriété@promotioncoprop.org.bj,,PME (50-200),B2C,LinkedIn,,Actif,2026-06-29T00:22:55.211719,moyenne
BJ-D5431241,SO Promotion Solutions,BTP & Immobilier,Aplahoué,+229 28 89 72 89,promotion.solutions@sopromotionsolu.com.bj,sopromotionsolutions.bj,PME (10-50),B2B,LinkedIn,,Actif,2026-06-29T00:22:55.211738,haute
BJ-F96D6A5F,Groupe Fondation,BTP & Immobilier,Aplahoué,+229 57 22 73 14,groupefondation@groupefondation.org.bj,groupefondation.bj,PME (10-50),B2B,LinkedIn,,Actif,2026-06-29T00:22:55.211755,haute
BJ-6CBD958A,Cabinet Peinture Habitat,BTP & Immobilier,Dogbo-Tota,+229 49 39 32 42,c.peinture@hotmail.com,,TPE (<10),B2C,LinkedIn,,Actif,2026-06-29T00:22:55.211782,moyenne
BJ-8C815A37,Promotion Terrassement Dogbo-Tota,BTP & Immobilier,Dogbo-Tota,+229 97 99 59 35,p.terrassement@promotionterras.bj,promotionterrassementdogbotota.bj,PME (10-50),B2C,LinkedIn,,Actif,2026-06-29T00:22:55.211802,haute
BJ-311220FC,SCI Électricité Cabinet,BTP & Immobilier,Dogbo-Tota,+229 36 12 49 27,s.électricité@hotmail.com,sciélectricitécabinet.bj,PME (50-200),B2C,LinkedIn,,Actif,2026-06-29T00:22:55.211825,haute
BJ-24D85528,SARL Construction,BTP & Immobilier,Dogbo-Tota,+229 99 19 15 18,s.construction@hotmail.com,sarlconstruction.bj,PME (10-50),B2B,LinkedIn,,Actif,2026-06-29T00:22:55.211842,haute
BJ-95B5975C,Cabinet Béton Bâtiments,BTP & Immobilier,Dogbo-Tota,+229 35 85 32 92,cabinetbéton@yahoo.fr,cabinetbétonbâtiments.bj,Grande (>200),B2C,LinkedIn,,Actif,2026-06-29T00:22:55.211864,haute
BJ-19261F98,Architecte,BTP & Immobilier,Kpomassè,+229 98 92 89 66,architecte@architecte.bj,,TPE (<10),B2C,LinkedIn,,Actif,2026-06-29T00:22:55.211925,moyenne
BJ-76FD7EEE,Ets Ferronnerie Kpomassè,BTP & Immobilier,Kpomassè,+229 83 69 78 29,e.ferronnerie@hotmail.com,etsferronneriekpomassè.bj,TPE (<10),B2B,LinkedIn,,Actif,2026-06-29T00:22:55.211989,haute
BJ-54E8F630,Réhabilitation Solutions,BTP & Immobilier,Kpomassè,+229 31 71 99 67,réhabilitationsolutions@hotmail.com,réhabilitationsolutions.bj,PME (10-50),B2C,LinkedIn,,Actif,2026-06-29T00:22:55.212008,haute
BJ-22882123,Cabinet Copropriété,BTP & Immobilier,Kpomassè,+229 51 71 69 64,cabinet.copropriété@hotmail.com,cabinetcopropriété.bj,TPE (<10),B2C,LinkedIn,,Actif,2026-06-29T00:22:55.212037,haute
BJ-16A1F687,Syndic Tori-Bossito,BTP & Immobilier,Tori-Bossito,+229 96 62 81 67,syndictori@syndictoribossi.bj,,TPE (<10),B2C,LinkedIn,,Actif,2026-06-29T00:22:55.212096,moyenne
BJ-F467A565,Aménagement Groupe,BTP & Immobilier,Tori-Bossito,+229 84 15 91 64,aménagementgroupe@gmail.com,aménagementgroupe.bj,PME (10-50),B2B,LinkedIn,,Actif,2026-06-29T00:22:55.212119,haute
BJ-A44F01EC,Maison Groupe,BTP & Immobilier,Tori-Bossito,+229 72 44 75 72,maison.groupe@maisongroupe.bj,,PME (10-50),B2B,LinkedIn,,Actif,2026-06-29T00:22:55.212136,moyenne
BJ-525BA4D4,SO Électricité Bénin,BTP & Immobilier,Tori-Bossito,+229 93 34 79 30,électricitébénin@yahoo.com,,TPE (<10),B2C,LinkedIn,,Actif,2026-06-29T00:22:55.212154,moyenne
BJ-F563287B,Ets Maçonnerie,BTP & Immobilier,Tori-Bossito,+229 59 27 13 16,,,PME (10-50),B2B,LinkedIn,,Actif,2026-06-29T00:22:55.212167,basse
BJ-4E6AAD3F,Copropriété Ets,BTP & Immobilier,Grand-Popo,+229 43 66 52 14,copropriété.ets@copropriétéets.com.bj,copropriétéets.bj,TPE (<10),B2B,LinkedIn,,Actif,2026-06-29T00:22:55.212195,haute
BJ-CD50F899,Syndic,BTP & Immobilier,Grand-Popo,+229 36 64 20 20,syndic@syndic.com.bj,syndic.bj,PME (10-50),B2C,LinkedIn,,Actif,2026-06-29T00:22:55.212227,haute
BJ-19D44713,Gestion,BTP & Immobilier,Grand-Popo,+229 63 71 67 65,gestion@gmail.com,gestion.bj,PME (50-200),B2B,LinkedIn,,Actif,2026-06-29T00:22:55.212242,haute
BJ-54EF9B16,Gestion Services Grand-Popo,BTP & Immobilier,Grand-Popo,+229 34 18 38 11,g.services@gestionservices.org.bj,gestionservicesgrandpopo.bj,TPE (<10),B2C,LinkedIn,,Actif,2026-06-29T00:22:55.212261,haute
BJ-61286521,Groupe Réhabilitation Solutions,BTP & Immobilier,Athiémé,+229 56 81 50 69,groupe.réhabilitation@yahoo.fr,,PME (50-200),B2B,LinkedIn,,Actif,2026-06-29T00:22:55.212286,moyenne
BJ-5994DBCF,Cabinet Habitat International,BTP & Immobilier,Athiémé,+229 93 27 87 99,cabinethabitat@outlook.com,,PME (50-200),B2C,LinkedIn,,Actif,2026-06-29T00:22:55.212303,moyenne
BJ-CB9165F5,Travaux,BTP & Immobilier,Athiémé,+229 49 57 52 46,travaux@travaux.org.bj,travaux.bj,PME (10-50),B2B,LinkedIn,,Actif,2026-06-29T00:22:55.212319,haute
BJ-31D60385,Architecte,BTP & Immobilier,Athiémé,+229 44 87 55 12,,,TPE (<10),B2C,LinkedIn,,Actif,2026-06-29T00:22:55.212331,basse
BJ-509CD301,SCI Promotion SA Athiémé,BTP & Immobilier,Athiémé,+229 61 39 18 19,,scipromotionsaathiémé.bj,Grande (>200),B2B,LinkedIn,,Actif,2026-06-29T00:22:55.212345,moyenne
BJ-ACAC0166,SARL Ferronnerie International Bopa,BTP & Immobilier,Bopa,+229 92 67 59 76,sarl.ferronnerie@sarlferronnerie.org.bj,,TPE (<10),B2B,LinkedIn,,Actif,2026-06-29T00:22:55.212371,moyenne
BJ-53B627A3,SA Structure,BTP & Immobilier,Bopa,+229 90 46 22 76,structure@sastructure.bj,sastructure.bj,TPE (<10),B2B,LinkedIn,,Actif,2026-06-29T00:22:55.212394,haute
BJ-419BFD4B,Groupe Maçonnerie Bopa,BTP & Immobilier,Bopa,+229 46 69 89 74,,groupemaçonneriebopa.bj,PME (10-50),B2B,LinkedIn,,Actif,2026-06-29T00:22:55.212417,moyenne
BJ-45BCC46D,Ferronnerie,BTP & Immobilier,Bopa,+229 36 99 85 43,ferronnerie@ferronnerie.bj,,TPE (<10),B2B,LinkedIn,,Actif,2026-06-29T00:22:55.212435,moyenne
BJ-C281B852,Clôturage Cabinet,BTP & Immobilier,Bopa,+229 73 52 53 21,clôturagecabinet@hotmail.com,clôturagecabinet.bj,Grande (>200),B2C,LinkedIn,,Actif,2026-06-29T00:22:55.212455,haute
BJ-8BD3BD15,Promotion Béton SARL,BTP & Immobilier,Houéyogbé,+229 99 76 82 86,promotionbéton@outlook.com,promotionbétonsarl.bj,PME (50-200),B2B,LinkedIn,,Actif,2026-06-29T00:22:55.212484,haute
BJ-9CC9B5B4,Menuiserie International,BTP & Immobilier,Houéyogbé,+229 48 31 77 62,menuiserie.international@outlook.com,menuiserieinternational.bj,TPE (<10),B2B,LinkedIn,,Actif,2026-06-29T00:22:55.212503,haute
BJ-6D049BCB,SA Toiture Groupe,BTP & Immobilier,Houéyogbé,+229 95 20 20 55,,satoituregroupe.bj,PME (10-50),B2C,LinkedIn,,Actif,2026-06-29T00:22:55.212517,moyenne
BJ-F4A2F7D3,SARL Travaux,BTP & Immobilier,Houéyogbé,+229 64 22 93 91,sarl.travaux@outlook.com,sarltravaux.bj,PME (50-200),B2C,LinkedIn,,Actif,2026-06-29T00:22:55.212536,haute
BJ-9D01F083,SARL Maçonnerie International,BTP & Immobilier,Houéyogbé,+229 58 22 78 91,,sarlmaçonnerieinternational.bj,TPE (<10),B2B,LinkedIn,,Actif,2026-06-29T00:22:55.212550,moyenne
BJ-147A8156,Promotion Peinture Malanville,BTP & Immobilier,Malanville,+229 32 81 28 70,,,PME (10-50),B2C,LinkedIn,,Actif,2026-06-29T00:22:55.212571,basse
BJ-56249000,Construction Syndic Cabinet,BTP & Immobilier,Malanville,+229 97 20 16 64,constructionsyndic@constructionsyn.org.bj,constructionsyndiccabinet.bj,PME (10-50),B2C,LinkedIn,,Actif,2026-06-29T00:22:55.212590,haute
BJ-B76D8D62,SA Ferronnerie Habitat,BTP & Immobilier,Malanville,+229 22 46 38 40,ferronnerie.habitat@saferronnerieha.org.bj,saferronneriehabitat.bj,TPE (<10),B2B,LinkedIn,,Actif,2026-06-29T00:22:55.212613,haute
BJ-9FB31DDF,SA Béton Promotion,BTP & Immobilier,Malanville,+229 53 85 79 53,b.promotion@sabétonpromotio.com.bj,sabétonpromotion.bj,PME (50-200),B2B,LinkedIn,,Actif,2026-06-29T00:22:55.212636,haute
BJ-ABC7EDB1,Cabinet Architecte Bâtiments,BTP & Immobilier,Malanville,+229 47 79 92 67,c.architecte@yahoo.com,,TPE (<10),B2C,LinkedIn,,Actif,2026-06-29T00:22:55.212655,moyenne
BJ-3F484ED0,Bâtiment,BTP & Immobilier,Kandi,+229 88 16 26 54,bâtiment@yahoo.fr,,TPE (<10),B2B,LinkedIn,,Actif,2026-06-29T00:22:55.212680,moyenne
BJ-D5CB6533,SA Menuiserie Cabinet Kandi,BTP & Immobilier,Kandi,+229 27 57 18 59,menuiserie.cabinet@hotmail.com,samenuiseriecabinetkandi.bj,TPE (<10),B2C,LinkedIn,,Actif,2026-06-29T00:22:55.212699,haute
BJ-F987DCC5,Gestion SA,BTP & Immobilier,Kandi,+229 45 34 85 21,gestion@gestionsa.org.bj,gestionsa.bj,TPE (<10),B2B,LinkedIn,,Actif,2026-06-29T00:22:55.212746,haute
BJ-C47C6A2E,Promotion Bâtiment SARL,BTP & Immobilier,Kandi,+229 84 64 62 41,,,PME (10-50),B2B,LinkedIn,,Actif,2026-06-29T00:22:55.212761,basse
BJ-4DC9E348,Menuiserie,BTP & Immobilier,Banikoara,+229 74 45 16 38,menuiserie@hotmail.com,menuiserie.bj,TPE (<10),B2C,LinkedIn,,Actif,2026-06-29T00:22:55.212785,haute
BJ-F7F84D38,Construction Électricité Cabinet,BTP & Immobilier,Banikoara,+229 58 15 65 93,construction_électricité@outlook.com,,PME (10-50),B2C,LinkedIn,,Actif,2026-06-29T00:22:55.212804,moyenne
BJ-40B69F93,Isolation Promotion Banikoara,BTP & Immobilier,Banikoara,+229 22 46 41 36,,isolationpromotionbanikoara.bj,TPE (<10),B2C,LinkedIn,,Actif,2026-06-29T00:22:55.212832,moyenne
BJ-F512DC14,SO Habitat SA,BTP & Immobilier,Banikoara,+229 73 91 97 55,,,TPE (<10),B2C,LinkedIn,,Actif,2026-06-29T00:22:55.212845,basse
BJ-658AEA30,SCI Électricité,BTP & Immobilier,Banikoara,+229 84 31 71 12,,,TPE (<10),B2C,LinkedIn,,Actif,2026-06-29T00:22:55.212858,basse
BJ-ACEF2EAF,Groupe Maison Africa,BTP & Immobilier,Ségbana,+229 91 99 59 39,groupemaison@groupemaisonafr.org.bj,groupemaisonafrica.bj,PME (10-50),B2B,LinkedIn,,Actif,2026-06-29T00:22:55.212886,haute
BJ-C0610FFA,Toiture SARL,BTP & Immobilier,Ségbana,+229 86 36 71 69,,,TPE (<10),B2B,LinkedIn,,Actif,2026-06-29T00:22:55.212941,basse
BJ-570D6921,Maçonnerie Ségbana,BTP & Immobilier,Ségbana,+229 36 86 30 56,maçonnerieségbana@maçonnerieségba.com.bj,,TPE (<10),B2C,LinkedIn,,Actif,2026-06-29T00:22:55.212995,moyenne
BJ-CE496E37,SA Urbanisme Services,BTP & Immobilier,Ségbana,+229 43 56 62 51,u.services@saurbanismeserv.org.bj,,Grande (>200),B2B,LinkedIn,,Actif,2026-06-29T00:22:55.213032,moyenne
BJ-D62151F5,BTP Gestion Groupe,BTP & Immobilier,Ségbana,+229 27 68 68 40,btp.gestion@hotmail.com,,PME (50-200),B2C,LinkedIn,,Actif,2026-06-29T00:22:55.213060,moyenne
BJ-B4C9C89A,Maison SARL Karimama,BTP & Immobilier,Karimama,+229 66 36 23 74,,maisonsarlkarimama.bj,PME (10-50),B2B,LinkedIn,,Actif,2026-06-29T00:22:55.213128,moyenne
BJ-3EC4BD59,Architecte Ets,BTP & Immobilier,Karimama,+229 75 43 87 67,a.ets@gmail.com,architecteets.bj,Grande (>200),B2C,LinkedIn,,Actif,2026-06-29T00:22:55.213156,haute
BJ-5C07366C,Construction Rénovation SARL,BTP & Immobilier,Karimama,+229 32 98 24 66,construction.rénovation@constructionrén.bj,constructionrénovationsarl.bj,PME (50-200),B2B,LinkedIn,,Actif,2026-06-29T00:22:55.213179,haute
BJ-454BF054,Électricité,BTP & Immobilier,Karimama,+229 27 33 90 11,électricité@hotmail.com,,TPE (<10),B2B,LinkedIn,,Actif,2026-06-29T00:22:55.213194,moyenne
BJ-785E4C76,SCI Structure Solutions,BTP & Immobilier,Gogounou,+229 24 66 35 17,sci.structure@scistructuresol.com.bj,,Grande (>200),B2B,LinkedIn,,Actif,2026-06-29T00:22:55.213225,moyenne
BJ-1B1BFBB6,Construction SA,BTP & Immobilier,Gogounou,+229 94 83 98 56,,constructionsa.bj,TPE (<10),B2C,LinkedIn,,Actif,2026-06-29T00:22:55.213238,moyenne
BJ-577E2EE5,Terrassement Bénin,BTP & Immobilier,Gogounou,+229 43 89 83 23,,terrassementbénin.bj,TPE (<10),B2B,LinkedIn,,Actif,2026-06-29T00:22:55.213251,moyenne
BJ-D43EBE78,Ingénierie Gogounou,BTP & Immobilier,Gogounou,+229 86 65 87 96,i.gogounou@ingénieriegogou.org.bj,,PME (10-50),B2B,LinkedIn,,Actif,2026-06-29T00:22:55.213269,moyenne
BJ-18C98148,Groupe Structure Bénin,BTP & Immobilier,Cobly,+229 96 89 18 86,groupestructure@hotmail.com,groupestructurebénin.bj,PME (50-200),B2B,LinkedIn,,Actif,2026-06-29T00:22:55.213308,haute
BJ-A572ED4C,Bâtiment SARL Cobly,BTP & Immobilier,Cobly,+229 62 56 28 72,bâtimentsarl@bâtimentsarlcob.bj,bâtimentsarlcobly.bj,PME (50-200),B2C,LinkedIn,,Actif,2026-06-29T00:22:55.213326,haute
BJ-EEAEEDC5,Isolation,BTP & Immobilier,Cobly,+229 81 21 68 35,isolation@isolation.org.bj,isolation.bj,PME (50-200),B2B,LinkedIn,,Actif,2026-06-29T00:22:55.213345,haute
BJ-184148CE,Groupe Ferronnerie Groupe,BTP & Immobilier,Cobly,+229 32 39 34 84,g.ferronnerie@groupeferronner.org.bj,,TPE (<10),B2B,LinkedIn,,Actif,2026-06-29T00:22:55.213362,moyenne
BJ-21B3C1C4,Réhabilitation SARL,BTP & Immobilier,Cobly,+229 37 37 90 77,réhabilitationsarl@gmail.com,réhabilitationsarl.bj,PME (10-50),B2B,LinkedIn,,Actif,2026-06-29T00:22:55.213381,haute
BJ-88A005C6,Promotion Maçonnerie,BTP & Immobilier,Tanguiéta,+229 46 92 39 92,,promotionmaçonnerie.bj,PME (50-200),B2B,LinkedIn,,Actif,2026-06-29T00:22:55.213401,moyenne
BJ-54019DF0,Groupe Aménagement Solutions,BTP & Immobilier,Tanguiéta,+229 42 82 45 14,,groupeaménagementsolutions.bj,PME (50-200),B2B,LinkedIn,,Actif,2026-06-29T00:22:55.213418,moyenne
BJ-7D4DA159,BTP Copropriété Solutions,BTP & Immobilier,Tanguiéta,+229 81 46 89 58,btp.copropriété@outlook.com,btpcopropriétésolutions.bj,PME (50-200),B2C,LinkedIn,,Actif,2026-06-29T00:22:55.213440,haute
BJ-2864701E,SARL Aménagement SARL,BTP & Immobilier,Tanguiéta,+229 73 65 20 99,sarl.aménagement@hotmail.com,sarlaménagementsarl.bj,Grande (>200),B2B,LinkedIn,,Actif,2026-06-29T00:22:55.213458,haute
BJ-73801200,Clôturage SARL,BTP & Immobilier,Tanguiéta,+229 84 41 91 99,clôturagesarl@outlook.com,clôturagesarl.bj,TPE (<10),B2B,LinkedIn,,Actif,2026-06-29T00:22:55.213475,haute
BJ-867B8460,SO Travaux Matéri,BTP & Immobilier,Matéri,+229 36 90 48 64,t.matéri@sotravauxmatéri.org.bj,sotravauxmatéri.bj,TPE (<10),B2B,LinkedIn,,Actif,2026-06-29T00:22:55.213500,haute
BJ-F337A7FF,Travaux Services,BTP & Immobilier,Matéri,+229 51 21 98 46,t.services@travauxservices.bj,travauxservices.bj,PME (50-200),B2C,LinkedIn,,Actif,2026-06-29T00:22:55.213520,haute
BJ-40134357,SA Gestion,BTP & Immobilier,Matéri,+229 30 80 45 75,gestion@gmail.com,sagestion.bj,TPE (<10),B2B,LinkedIn,,Actif,2026-06-29T00:22:55.213541,haute
BJ-86585FBB,SCI Structure SARL,BTP & Immobilier,Natitingou,+229 21 24 51 53,,scistructuresarl.bj,Grande (>200),B2C,LinkedIn,,Actif,2026-06-29T00:22:55.213604,moyenne
BJ-E140C233,Cabinet Maison Services,BTP & Immobilier,Natitingou,+229 71 83 52 91,cabinet_maison@cabinetmaisonse.bj,cabinetmaisonservices.bj,PME (10-50),B2C,LinkedIn,,Actif,2026-06-29T00:22:55.213641,haute
BJ-2E70A5CC,Location,BTP & Immobilier,Natitingou,+229 66 43 84 78,location@yahoo.fr,location.bj,PME (50-200),B2C,LinkedIn,,Actif,2026-06-29T00:22:55.213658,haute
BJ-3536A687,Construction Urbanisme Services,BTP & Immobilier,Natitingou,+229 32 93 43 63,,constructionurbanismeservices.bj,Grande (>200),B2C,LinkedIn,,Actif,2026-06-29T00:22:55.213671,moyenne
BJ-E7F4B66A,Ferronnerie Groupe,BTP & Immobilier,Toucountouna,+229 26 28 38 24,ferronneriegroupe@yahoo.fr,,TPE (<10),B2C,LinkedIn,,Actif,2026-06-29T00:22:55.213713,moyenne
BJ-4C1218BB,Groupe Réhabilitation SARL,BTP & Immobilier,Toucountouna,+229 83 60 95 78,groupe.réhabilitation@grouperéhabilit.com.bj,grouperéhabilitationsarl.bj,PME (50-200),B2C,LinkedIn,,Actif,2026-06-29T00:22:55.213734,haute
BJ-CA042B13,Rénovation International,BTP & Immobilier,Toucountouna,+229 95 31 34 11,rénovation_international@yahoo.fr,rénovationinternational.bj,Grande (>200),B2C,LinkedIn,,Actif,2026-06-29T00:22:55.213757,haute
BJ-4FE38B7A,Architecte,BTP & Immobilier,Toucountouna,+229 87 39 61 50,architecte@yahoo.com,architecte.bj,PME (50-200),B2C,LinkedIn,,Actif,2026-06-29T00:22:55.213773,haute
BJ-FE640887,SCI Habitat Bâtiments,BTP & Immobilier,Boukoumbé,+229 76 12 35 95,s.habitat@scihabitatbâtim.bj,scihabitatbâtiments.bj,PME (50-200),B2C,LinkedIn,,Actif,2026-06-29T00:22:55.213814,haute
BJ-FA5899D8,SA Maison Ets,BTP & Immobilier,Boukoumbé,+229 64 93 87 47,maisonets@samaisonets.org.bj,samaisonets.bj,TPE (<10),B2B,LinkedIn,,Actif,2026-06-29T00:22:55.213836,haute
BJ-8F04B745,SA Promotion Bâtiments,BTP & Immobilier,Boukoumbé,+229 33 85 51 13,p.bâtiments@hotmail.com,,TPE (<10),B2C,LinkedIn,,Actif,2026-06-29T00:22:55.213855,moyenne
BJ-630869FD,BTP Maison,BTP & Immobilier,Boukoumbé,+229 33 45 58 30,btpmaison@btpmaison.bj,,PME (50-200),B2C,LinkedIn,,Actif,2026-06-29T00:22:55.213872,moyenne
BJ-B03860F6,Rénovation Africa,BTP & Immobilier,Boukoumbé,+229 64 92 69 55,rénovation.africa@gmail.com,rénovationafrica.bj,PME (10-50),B2B,LinkedIn,,Actif,2026-06-29T00:22:55.213909,haute
BJ-FE5DB5B9,Cabinet Toiture Groupe,BTP & Immobilier,Kouandé,+229 71 37 59 49,cabinet.toiture@cabinettoitureg.bj,,TPE (<10),B2C,LinkedIn,,Actif,2026-06-29T00:22:55.213940,moyenne
BJ-A9AA969E,Promotion Réhabilitation,BTP & Immobilier,Kouandé,+229 78 46 75 70,promotionréhabilitation@promotionréhabi.org.bj,,PME (10-50),B2C,LinkedIn,,Actif,2026-06-29T00:22:55.213960,moyenne
BJ-8467226D,Ets Ingénierie Groupe Kouandé,BTP & Immobilier,Kouandé,+229 88 56 47 91,,,PME (50-200),B2B,LinkedIn,,Actif,2026-06-29T00:22:55.213992,basse
BJ-706BFB30,Cabinet Menuiserie,BTP & Immobilier,Kouandé,+229 34 50 13 40,cabinet_menuiserie@outlook.com,cabinetmenuiserie.bj,TPE (<10),B2B,LinkedIn,,Actif,2026-06-29T00:22:55.214008,haute
BJ-93D4B8C0,BTP Copropriété Promotion,BTP & Immobilier,Péhunco,+229 46 81 71 78,btp.copropriété@btpcopropriétép.bj,btpcopropriétépromotion.bj,Grande (>200),B2C,LinkedIn,,Actif,2026-06-29T00:22:55.214038,haute
BJ-4DE4D0BD,SARL Maison SARL,BTP & Immobilier,Péhunco,+229 26 89 41 54,,,Grande (>200),B2C,LinkedIn,,Actif,2026-06-29T00:22:55.214050,basse
BJ-1203B049,Toiture Solutions Péhunco,BTP & Immobilier,Péhunco,+229 54 90 19 16,t.solutions@toituresolution.bj,,TPE (<10),B2B,LinkedIn,,Actif,2026-06-29T00:22:55.214067,moyenne
BJ-509D9541,Architecte Habitat,BTP & Immobilier,Péhunco,+229 34 29 34 30,architectehabitat@yahoo.fr,architectehabitat.bj,TPE (<10),B2B,LinkedIn,,Actif,2026-06-29T00:22:55.214083,haute
BJ-30CF5BB7,Habitat,BTP & Immobilier,Péhunco,+229 70 44 47 34,habitat@gmail.com,habitat.bj,Grande (>200),B2C,LinkedIn,,Actif,2026-06-29T00:22:55.214099,haute
BJ-7C04E151,Construction Architecte Services,BTP & Immobilier,Tchaourou,+229 61 99 31 36,construction.architecte@yahoo.fr,,TPE (<10),B2C,LinkedIn,,Actif,2026-06-29T00:22:55.214122,moyenne
BJ-BF34FF62,Copropriété,BTP & Immobilier,Tchaourou,+229 72 34 16 67,,copropriété.bj,TPE (<10),B2B,LinkedIn,,Actif,2026-06-29T00:22:55.214135,moyenne
BJ-F1209975,Promotion Plomberie,BTP & Immobilier,Tchaourou,+229 84 92 51 27,promotionplomberie@promotionplombe.org.bj,,TPE (<10),B2B,LinkedIn,,Actif,2026-06-29T00:22:55.214160,moyenne
BJ-645906BD,Clôturage,BTP & Immobilier,Tchaourou,+229 21 48 52 95,,clôturage.bj,PME (50-200),B2C,LinkedIn,,Actif,2026-06-29T00:22:55.214173,moyenne
BJ-27F7AFCD,Ferronnerie SA,BTP & Immobilier,Tchaourou,+229 21 52 95 41,ferronnerie@gmail.com,ferronneriesa.bj,TPE (<10),B2C,LinkedIn,,Actif,2026-06-29T00:22:55.214189,haute
BJ-C1A58C35,Syndic,BTP & Immobilier,Nikki,+229 48 22 18 55,,syndic.bj,TPE (<10),B2C,LinkedIn,,Actif,2026-06-29T00:22:55.214210,moyenne
BJ-F9957F7D,Promotion Toiture Nikki,BTP & Immobilier,Nikki,+229 62 18 44 45,p.toiture@hotmail.com,,PME (10-50),B2B,LinkedIn,,Actif,2026-06-29T00:22:55.214226,moyenne
BJ-D205E5D7,Bâtiment Bénin,BTP & Immobilier,Nikki,+229 46 97 10 61,b.bénin@yahoo.fr,bâtimentbénin.bj,TPE (<10),B2C,LinkedIn,,Actif,2026-06-29T00:22:55.214262,haute
BJ-F379558E,SCI Fondation,BTP & Immobilier,Nikki,+229 80 74 77 88,,scifondation.bj,PME (50-200),B2B,LinkedIn,,Actif,2026-06-29T00:22:55.214275,moyenne
BJ-7E3630EA,Construction Structure Construction,BTP & Immobilier,Bembéréké,+229 86 97 20 40,construction.structure@yahoo.fr,constructionstructureconstruction.bj,TPE (<10),B2B,LinkedIn,,Actif,2026-06-29T00:22:55.214298,haute
BJ-DAA1C585,Ets Travaux,BTP & Immobilier,Bembéréké,+229 49 55 18 37,,,TPE (<10),B2C,LinkedIn,,Actif,2026-06-29T00:22:55.214310,basse
BJ-1A766BC4,Groupe Immobilier International,BTP & Immobilier,Bembéréké,+229 54 87 89 55,groupe_immobilier@groupeimmobilie.org.bj,groupeimmobilierinternational.bj,TPE (<10),B2B,LinkedIn,,Actif,2026-06-29T00:22:55.214342,haute
BJ-4F44960E,Ets Électricité Africa,BTP & Immobilier,Bembéréké,+229 57 52 31 84,e.électricité@gmail.com,etsélectricitéafrica.bj,TPE (<10),B2B,LinkedIn,,Actif,2026-06-29T00:22:55.214365,haute
BJ-8A04D999,Promotion Maçonnerie,BTP & Immobilier,Kalalé,+229 36 64 71 67,,promotionmaçonnerie.bj,PME (10-50),B2C,LinkedIn,,Actif,2026-06-29T00:22:55.214385,moyenne
BJ-4CAC8D1D,Construction Plomberie International,BTP & Immobilier,Kalalé,+229 55 27 44 86,constructionplomberie@hotmail.com,,TPE (<10),B2B,LinkedIn,,Actif,2026-06-29T00:22:55.214417,moyenne
BJ-AFF680F6,Menuiserie Services,BTP & Immobilier,Kalalé,+229 70 37 44 89,menuiserie.services@menuiserieservi.bj,menuiserieservices.bj,PME (10-50),B2C,LinkedIn,,Actif,2026-06-29T00:22:55.214437,haute
BJ-03BC76CE,SARL Travaux,BTP & Immobilier,Kalalé,+229 85 24 60 11,s.travaux@sarltravaux.com.bj,,PME (10-50),B2C,LinkedIn,,Actif,2026-06-29T00:22:55.214456,moyenne
BJ-FC67A30C,SARL Travaux Ndali,BTP & Immobilier,Ndali,+229 39 47 72 89,sarltravaux@sarltravauxndal.bj,sarltravauxndali.bj,TPE (<10),B2B,LinkedIn,,Actif,2026-06-29T00:22:55.214480,haute
BJ-6317572B,Cabinet Habitat SARL,BTP & Immobilier,Ndali,+229 57 46 36 89,cabinethabitat@cabinethabitats.bj,,PME (10-50),B2B,LinkedIn,,Actif,2026-06-29T00:22:55.214497,moyenne
BJ-E3A8A1FF,Groupe Travaux,BTP & Immobilier,Ndali,+229 92 42 26 95,g.travaux@groupetravaux.org.bj,,Grande (>200),B2C,LinkedIn,,Actif,2026-06-29T00:22:55.214516,moyenne
BJ-FD7B8F74,Maison Groupe,BTP & Immobilier,Ndali,+229 34 94 71 58,maison_groupe@maisongroupe.bj,maisongroupe.bj,PME (10-50),B2B,LinkedIn,,Actif,2026-06-29T00:22:55.214532,haute
BJ-772602B0,Promotion Plomberie Cabinet Ségbana,BTP & Immobilier,Ségbana,+229 71 89 72 59,,promotionplomberiecabinetségbana.bj,Grande (>200),B2B,LinkedIn,,Actif,2026-06-29T00:22:55.214566,moyenne
BJ-FDA66438,Construction Peinture Bâtiments,BTP & Immobilier,Ségbana,+229 47 11 23 98,construction.peinture@constructionpei.org.bj,constructionpeinturebâtiments.bj,PME (10-50),B2C,LinkedIn,,Actif,2026-06-29T00:22:55.214585,haute
BJ-B2FFF3A9,Électricité,BTP & Immobilier,Ségbana,+229 91 39 89 78,électricité@yahoo.fr,électricité.bj,PME (50-200),B2B,LinkedIn,,Actif,2026-06-29T00:22:55.214600,haute
BJ-E80181CF,Groupe Réhabilitation,BTP & Immobilier,Ségbana,+229 51 85 15 85,,grouperéhabilitation.bj,PME (50-200),B2B,LinkedIn,,Actif,2026-06-29T00:22:55.214612,moyenne
BJ-AC0B838A,Location Groupe,BTP & Immobilier,Tchaourou,+229 93 85 59 37,locationgroupe@yahoo.fr,,Grande (>200),B2C,LinkedIn,,Actif,2026-06-29T00:22:55.214648,moyenne
BJ-31BBBF0A,Promotion Aménagement Solutions,BTP & Immobilier,Tchaourou,+229 63 72 77 14,promotion.aménagement@promotionaménag.bj,promotionaménagementsolutions.bj,TPE (<10),B2C,LinkedIn,,Actif,2026-06-29T00:22:55.214666,haute
BJ-7196ADDB,SCI Clôturage Tchaourou,BTP & Immobilier,Tchaourou,+229 53 47 93 43,sci_clôturage@sciclôturagetch.com.bj,,PME (10-50),B2B,LinkedIn,,Actif,2026-06-29T00:22:55.214687,moyenne
BJ-D671D793,SCI Béton,BTP & Immobilier,Tchaourou,+229 36 79 12 39,sci.béton@scibéton.org.bj,scibéton.bj,PME (10-50),B2B,LinkedIn,,Actif,2026-06-29T00:22:55.214705,haute
BJ-A3DBF329,SA Voirie,BTP & Immobilier,Tchaourou,+229 65 16 47 48,voirie@yahoo.fr,,TPE (<10),B2B,LinkedIn,,Actif,2026-06-29T00:22:55.214720,moyenne
BJ-322550CA,Groupe Ingénierie,BTP & Immobilier,Bétérou,+229 24 71 69 55,,,TPE (<10),B2C,LinkedIn,,Actif,2026-06-29T00:22:55.214739,basse
BJ-E5D09AAB,SCI Travaux,BTP & Immobilier,Bétérou,+229 76 63 17 13,,scitravaux.bj,PME (10-50),B2C,LinkedIn,,Actif,2026-06-29T00:22:55.214755,moyenne
BJ-E6044720,SCI Copropriété Promotion Bétérou,BTP & Immobilier,Bétérou,+229 24 14 98 59,,,PME (50-200),B2C,LinkedIn,,Actif,2026-06-29T00:22:55.214768,basse
BJ-EBF3A503,SO Voirie Bétérou,BTP & Immobilier,Bétérou,+229 65 64 49 63,,sovoiriebétérou.bj,TPE (<10),B2C,LinkedIn,,Actif,2026-06-29T00:22:55.214782,moyenne
BJ-E9B69E4D,Isolation Groupe,BTP & Immobilier,Bétérou,+229 89 12 30 59,isolationgroupe@isolationgroupe.bj,isolationgroupe.bj,PME (50-200),B2C,LinkedIn,,Actif,2026-06-29T00:22:55.214799,haute
BJ-20A940A6,Terrassement Ouessè,BTP & Immobilier,Ouessè,+229 73 55 42 68,t.ouessè@yahoo.fr,terrassementouessè.bj,PME (10-50),B2C,LinkedIn,,Actif,2026-06-29T00:22:55.214827,haute
BJ-95624AE4,SARL Aménagement Promotion,BTP & Immobilier,Ouessè,+229 84 19 83 67,sarl.aménagement@sarlaménagement.com.bj,sarlaménagementpromotion.bj,TPE (<10),B2C,LinkedIn,,Actif,2026-06-29T00:22:55.214846,haute
BJ-64706948,Cabinet Urbanisme Ouessè,BTP & Immobilier,Ouessè,+229 98 50 60 75,,cabineturbanismeouessè.bj,PME (50-200),B2B,LinkedIn,,Actif,2026-06-29T00:22:55.214910,moyenne
BJ-05ECA7D7,Promotion Immobilier,BTP & Immobilier,Glazoué,+229 69 72 77 41,promotion.immobilier@hotmail.com,,PME (10-50),B2C,LinkedIn,,Actif,2026-06-29T00:22:55.214953,moyenne
BJ-4E44BDAB,Construction SA,BTP & Immobilier,Glazoué,+229 22 35 93 53,,constructionsa.bj,Grande (>200),B2C,LinkedIn,,Actif,2026-06-29T00:22:55.214965,moyenne
BJ-0568715C,SA Aménagement,BTP & Immobilier,Glazoué,+229 38 70 48 87,aménagement@saaménagement.org.bj,saaménagement.bj,PME (10-50),B2C,LinkedIn,,Actif,2026-06-29T00:22:55.214981,haute
BJ-331C8B7E,Groupe Peinture SARL,BTP & Immobilier,Glazoué,+229 71 54 50 26,groupe.peinture@groupepeintures.com.bj,,PME (10-50),B2C,LinkedIn,,Actif,2026-06-29T00:22:55.214997,moyenne
BJ-7110E521,Groupe Maison,BTP & Immobilier,Dassa-Zoumè,+229 83 69 62 26,g.maison@groupemaison.bj,groupemaison.bj,PME (10-50),B2B,LinkedIn,,Actif,2026-06-29T00:22:55.215023,haute
BJ-E72B922C,Menuiserie Groupe,BTP & Immobilier,Dassa-Zoumè,+229 54 91 34 99,,,Grande (>200),B2C,LinkedIn,,Actif,2026-06-29T00:22:55.215035,basse
BJ-C73D3629,BTP Terrassement Promotion,BTP & Immobilier,Dassa-Zoumè,+229 46 34 33 78,b.terrassement@btpterrassement.com.bj,,PME (50-200),B2C,LinkedIn,,Actif,2026-06-29T00:22:55.215055,moyenne
BJ-A4952321,SCI Voirie Promotion,BTP & Immobilier,Dassa-Zoumè,+229 60 44 88 30,,scivoiriepromotion.bj,TPE (<10),B2B,LinkedIn,,Actif,2026-06-29T00:22:55.215067,moyenne
BJ-C5F6E544,Cabinet Plomberie,BTP & Immobilier,Dassa-Zoumè,+229 22 71 12 64,cabinetplomberie@cabinetplomberi.bj,,PME (10-50),B2B,LinkedIn,,Actif,2026-06-29T00:22:55.215083,moyenne
BJ-D8A59B8B,Travaux SARL,BTP & Immobilier,Savalou,+229 69 47 94 75,t.sarl@yahoo.fr,travauxsarl.bj,TPE (<10),B2C,LinkedIn,,Actif,2026-06-29T00:22:55.215122,haute
BJ-210ED6D6,Habitat Services,BTP & Immobilier,Savalou,+229 69 64 45 34,,habitatservices.bj,TPE (<10),B2C,LinkedIn,,Actif,2026-06-29T00:22:55.215149,moyenne
BJ-7E900A1B,Ferronnerie Solutions,BTP & Immobilier,Savalou,+229 69 71 95 33,,ferronneriesolutions.bj,TPE (<10),B2B,LinkedIn,,Actif,2026-06-29T00:22:55.215160,moyenne
BJ-001E0082,BTP Bâtiment,BTP & Immobilier,Bantè,+229 42 66 86 32,btpbâtiment@yahoo.com,btpbâtiment.bj,PME (10-50),B2C,LinkedIn,,Actif,2026-06-29T00:22:55.215190,haute
BJ-D149573D,Ferronnerie Groupe,BTP & Immobilier,Bantè,+229 76 92 11 14,ferronneriegroupe@outlook.com,ferronneriegroupe.bj,Grande (>200),B2B,LinkedIn,,Actif,2026-06-29T00:22:55.215221,haute
BJ-063F010C,Toiture Promotion Djougou,BTP & Immobilier,Djougou,+229 26 92 76 82,t.promotion@toiturepromotio.org.bj,toiturepromotiondjougou.bj,PME (10-50),B2C,LinkedIn,,Actif,2026-06-29T00:22:55.215278,haute
BJ-C2AFB853,Ets Ingénierie Services,BTP & Immobilier,Djougou,+229 72 59 49 71,,etsingénierieservices.bj,Grande (>200),B2B,LinkedIn,,Actif,2026-06-29T00:22:55.215291,moyenne
BJ-290FE318,Construction Ingénierie Construction,BTP & Immobilier,Djougou,+229 25 38 47 93,constructioningénierie@constructioning.com.bj,,TPE (<10),B2B,LinkedIn,,Actif,2026-06-29T00:22:55.215309,moyenne
BJ-C811D518,Voirie Africa,BTP & Immobilier,Djougou,+229 55 43 48 50,voirie_africa@hotmail.com,,TPE (<10),B2C,LinkedIn,,Actif,2026-06-29T00:22:55.215342,moyenne
BJ-DA2CB548,Promotion Maçonnerie Bénin Ouèssè,BTP & Immobilier,Ouèssè,+229 99 75 59 13,promotion.maçonnerie@promotionmaçonn.org.bj,promotionmaçonneriebéninouèssè.bj,Grande (>200),B2C,LinkedIn,,Actif,2026-06-29T00:22:55.215372,haute
BJ-BEB0706A,SO Terrassement Ouèssè,BTP & Immobilier,Ouèssè,+229 52 93 50 29,,soterrassementouèssè.bj,PME (10-50),B2C,LinkedIn,,Actif,2026-06-29T00:22:55.215386,moyenne
BJ-53DCDDAD,SCI Terrassement,BTP & Immobilier,Ouèssè,+229 53 34 53 27,sciterrassement@yahoo.fr,sciterrassement.bj,PME (50-200),B2B,LinkedIn,,Actif,2026-06-29T00:22:55.215404,haute
BJ-D8FB158A,Habitat,BTP & Immobilier,Ouèssè,+229 96 56 27 50,,habitat.bj,TPE (<10),B2B,LinkedIn,,Actif,2026-06-29T00:22:55.215417,moyenne
BJ-48A92C69,SO Fondation,BTP & Immobilier,Ouèssè,+229 37 88 44 50,fondation@yahoo.fr,sofondation.bj,PME (10-50),B2C,LinkedIn,,Actif,2026-06-29T00:22:55.215431,haute
BJ-F7246BE8,SO Copropriété SARL,BTP & Immobilier,Bassila,+229 89 40 47 33,c.sarl@outlook.com,socopropriétésarl.bj,TPE (<10),B2B,LinkedIn,,Actif,2026-06-29T00:22:55.215454,haute
BJ-7F7849F7,Location,BTP & Immobilier,Bassila,+229 78 40 30 92,,,TPE (<10),B2C,LinkedIn,,Actif,2026-06-29T00:22:55.215466,basse
BJ-488BA3AD,Cabinet Terrassement Bassila,BTP & Immobilier,Bassila,+229 23 29 54 77,,cabinetterrassementbassila.bj,TPE (<10),B2C,LinkedIn,,Actif,2026-06-29T00:22:55.215478,moyenne
BJ-BDA080F9,SA Terrassement,BTP & Immobilier,Bassila,+229 38 17 71 12,terrassement@saterrassement.bj,,TPE (<10),B2C,LinkedIn,,Actif,2026-06-29T00:22:55.215492,moyenne
BJ-22E5412C,BTP Location Promotion,BTP & Immobilier,Bassila,+229 60 19 16 59,btp.location@hotmail.com,btplocationpromotion.bj,TPE (<10),B2B,LinkedIn,,Actif,2026-06-29T00:22:55.215508,haute
BJ-8D8D575B,SARL Peinture Africa Pehunco,BTP & Immobilier,Pehunco,+229 73 33 68 95,sarlpeinture@sarlpeintureafr.org.bj,,Grande (>200),B2C,LinkedIn,,Actif,2026-06-29T00:22:55.215531,moyenne
BJ-1A8F6CC6,Clôturage,BTP & Immobilier,Pehunco,+229 62 82 97 38,clôturage@clôturage.bj,,TPE (<10),B2C,LinkedIn,,Actif,2026-06-29T00:22:55.215545,moyenne
BJ-181950B4,SARL Urbanisme,BTP & Immobilier,Pehunco,+229 55 83 96 60,s.urbanisme@sarlurbanisme.org.bj,,PME (50-200),B2C,LinkedIn,,Actif,2026-06-29T00:22:55.215574,moyenne
BJ-697E4845,Promotion Isolation Services Pehunco,BTP & Immobilier,Pehunco,+229 89 54 11 66,promotionisolation@yahoo.fr,promotionisolationservicespehunco.bj,Grande (>200),B2C,LinkedIn,,Actif,2026-06-29T00:22:55.215591,haute
BJ-621E1A30,Travaux International,BTP & Immobilier,Pehunco,+229 90 62 91 99,,travauxinternational.bj,TPE (<10),B2C,LinkedIn,,Actif,2026-06-29T00:22:55.215603,moyenne
BJ-64E0075D,Ets Peinture,BTP & Immobilier,Copargo,+229 31 84 48 61,ets.peinture@outlook.com,,TPE (<10),B2C,LinkedIn,,Actif,2026-06-29T00:22:55.215624,moyenne
BJ-DE8D7257,Voirie,BTP & Immobilier,Copargo,+229 55 67 84 43,voirie@voirie.com.bj,voirie.bj,TPE (<10),B2B,LinkedIn,,Actif,2026-06-29T00:22:55.215638,haute
BJ-A867A975,BTP Urbanisme Copargo,BTP & Immobilier,Copargo,+229 41 40 49 13,btp.urbanisme@btpurbanismecop.org.bj,,Grande (>200),B2B,LinkedIn,,Actif,2026-06-29T00:22:55.215653,moyenne
BJ-FED4C737,Terrassement Solutions,BTP & Immobilier,Copargo,+229 73 21 25 26,terrassement.solutions@terrassementsol.bj,terrassementsolutions.bj,PME (50-200),B2C,LinkedIn,,Actif,2026-06-29T00:22:55.215672,haute
BJ-263AB31F,Groupe Construction Services,BTP & Immobilier,Copargo,+229 82 75 38 78,groupe_construction@groupeconstruct.bj,groupeconstructionservices.bj,TPE (<10),B2B,LinkedIn,,Actif,2026-06-29T00:22:55.215689,haute
BJ-27CBCF4B,Store Cosmétique SARL,Commerce & Distribution,Cotonou,+229 77 72 91 22,,,PME (50-200),B2C,LinkedIn,,Actif,2026-06-29T00:22:55.215711,basse
BJ-C0D65ED8,Bricolage,Commerce & Distribution,Cotonou,+229 85 55 98 47,,,TPE (<10),B2C,LinkedIn,,Actif,2026-06-29T00:22:55.215724,basse
BJ-9033B0E4,Supermarché International,Commerce & Distribution,Cotonou,+229 82 44 69 70,supermarché_international@supermarchéinte.com.bj,,Grande (>200),B2C,LinkedIn,,Actif,2026-06-29T00:22:55.215745,moyenne
BJ-9CE518E6,Parfumerie,Commerce & Distribution,Cotonou,+229 86 50 74 58,,,TPE (<10),B2B/B2C,LinkedIn,,Actif,2026-06-29T00:22:55.215758,basse
BJ-4C002420,Commerce Vêtements Store Cotonou,Commerce & Distribution,Cotonou,+229 36 80 25 74,,commercevêtementsstorecotonou.bj,TPE (<10),B2C,LinkedIn,,Actif,2026-06-29T00:22:55.215771,moyenne
BJ-D62F4C4B,Discount,Commerce & Distribution,Abomey-Calavi,+229 69 63 11 42,discount@discount.com.bj,,TPE (<10),B2B/B2C,LinkedIn,,Actif,2026-06-29T00:22:55.215792,moyenne
BJ-5B5C916E,Shop High-Tech SARL Abomey-Calavi,Commerce & Distribution,Abomey-Calavi,+229 86 65 39 50,shophigh@yahoo.com,,TPE (<10),B2B/B2C,LinkedIn,,Actif,2026-06-29T00:22:55.215808,moyenne
BJ-28B0DA22,Meuble SARL,Commerce & Distribution,Abomey-Calavi,+229 31 49 71 46,m.sarl@meublesarl.org.bj,,Grande (>200),B2C,LinkedIn,,Actif,2026-06-29T00:22:55.215823,moyenne
BJ-A1D77ACA,Magasin Stock,Commerce & Distribution,Abomey-Calavi,+229 63 71 18 51,magasinstock@magasinstock.org.bj,magasinstock.bj,PME (50-200),B2C,LinkedIn,,Actif,2026-06-29T00:22:55.215842,haute
BJ-FBA3631C,Centre Décoration International,Commerce & Distribution,Abomey-Calavi,+229 71 56 94 88,,centredécorationinternational.bj,TPE (<10),B2B/B2C,LinkedIn,,Actif,2026-06-29T00:22:55.215855,moyenne
BJ-5F60ECDE,Store Électroménager,Commerce & Distribution,Porto-Novo,+229 29 91 68 30,s.électroménager@gmail.com,,PME (50-200),B2B/B2C,LinkedIn,,Actif,2026-06-29T00:22:55.215879,moyenne
BJ-2E207B59,Jouets,Commerce & Distribution,Porto-Novo,+229 55 35 41 32,,,PME (10-50),B2B/B2C,LinkedIn,,Actif,2026-06-29T00:22:55.215903,basse
BJ-815AD7D5,Alimentaire,Commerce & Distribution,Porto-Novo,+229 93 10 44 82,alimentaire@alimentaire.bj,alimentaire.bj,TPE (<10),B2B/B2C,LinkedIn,,Actif,2026-06-29T00:22:55.215923,haute
BJ-68AA8F97,Provision Market Porto-Novo,Commerce & Distribution,Porto-Novo,+229 41 35 16 77,p.market@provisionmarket.com.bj,,PME (50-200),B2B/B2C,LinkedIn,,Actif,2026-06-29T00:22:55.215940,moyenne
BJ-F1907F4E,Marché SARL,Commerce & Distribution,Porto-Novo,+229 29 61 93 97,marchésarl@marchésarl.bj,,PME (10-50),B2C,LinkedIn,,Actif,2026-06-29T00:22:55.215958,moyenne
BJ-C53D8553,Store Supermarché Shop,Commerce & Distribution,Parakou,+229 74 41 82 30,,,TPE (<10),B2B/B2C,LinkedIn,,Actif,2026-06-29T00:22:55.215977,basse
BJ-4A35DE21,SARL Stock Commerce,Commerce & Distribution,Parakou,+229 55 31 70 82,sarl_stock@sarlstockcommer.bj,,TPE (<10),B2C,LinkedIn,,Actif,2026-06-29T00:22:55.215993,moyenne
BJ-8829C180,Magasin Stock,Commerce & Distribution,Parakou,+229 99 27 55 44,m.stock@magasinstock.com.bj,,PME (10-50),B2B/B2C,LinkedIn,,Actif,2026-06-29T00:22:55.216009,moyenne
BJ-510B982C,Distribution Distribution,Commerce & Distribution,Parakou,+229 62 88 16 58,,distributiondistribution.bj,PME (50-200),B2B/B2C,LinkedIn,,Actif,2026-06-29T00:22:55.216021,moyenne
BJ-65EACA3B,Distribution Cash Market,Commerce & Distribution,Parakou,+229 74 10 27 99,,,PME (10-50),B2C,LinkedIn,,Actif,2026-06-29T00:22:55.216032,basse
BJ-7B5FF233,SARL Vêtements Market,Commerce & Distribution,Bohicon,+229 29 66 33 62,,,TPE (<10),B2C,LinkedIn,,Actif,2026-06-29T00:22:55.216063,basse
BJ-DC5263A5,Centre Bricolage,Commerce & Distribution,Bohicon,+229 59 37 74 85,c.bricolage@centrebricolage.org.bj,centrebricolage.bj,PME (10-50),B2C,LinkedIn,,Actif,2026-06-29T00:22:55.216083,haute
BJ-2FA8C7E0,Centre Discount Shop Bohicon,Commerce & Distribution,Bohicon,+229 59 77 59 39,centre.discount@centrediscounts.org.bj,,Grande (>200),B2C,LinkedIn,,Actif,2026-06-29T00:22:55.216118,moyenne
BJ-50539571,Marché SARL Natitingou,Commerce & Distribution,Natitingou,+229 48 89 16 61,marché.sarl@yahoo.fr,,TPE (<10),B2B/B2C,LinkedIn,,Actif,2026-06-29T00:22:55.216143,moyenne
BJ-B74C623E,Store Cosmétique,Commerce & Distribution,Natitingou,+229 84 54 59 51,s.cosmétique@storecosmétique.org.bj,storecosmétique.bj,TPE (<10),B2B/B2C,LinkedIn,,Actif,2026-06-29T00:22:55.216161,haute
BJ-C6A75FAA,Commerce Détaillant Groupe,Commerce & Distribution,Natitingou,+229 20 47 79 82,commercedétaillant@commercedétaill.bj,,TPE (<10),B2C,LinkedIn,,Actif,2026-06-29T00:22:55.216178,moyenne
BJ-40FC81DF,Store Parfumerie,Commerce & Distribution,Natitingou,+229 75 22 32 79,s.parfumerie@gmail.com,storeparfumerie.bj,PME (50-200),B2C,LinkedIn,,Actif,2026-06-29T00:22:55.216197,haute
BJ-3DCE1FAC,Groupe Cash,Commerce & Distribution,Natitingou,+229 60 77 78 69,groupe.cash@outlook.com,groupecash.bj,PME (10-50),B2B/B2C,LinkedIn,,Actif,2026-06-29T00:22:55.216213,haute
BJ-CF51BF3B,Groupe Grossiste Lokossa,Commerce & Distribution,Lokossa,+229 81 73 60 85,,,PME (50-200),B2B/B2C,LinkedIn,,Actif,2026-06-29T00:22:55.216232,basse
BJ-89CE959D,Jouets,Commerce & Distribution,Lokossa,+229 51 65 57 61,jouets@jouets.org.bj,,TPE (<10),B2B/B2C,LinkedIn,,Actif,2026-06-29T00:22:55.216245,moyenne
BJ-3950247D,Moto,Commerce & Distribution,Lokossa,+229 39 30 52 85,moto@moto.org.bj,,PME (10-50),B2C,LinkedIn,,Actif,2026-06-29T00:22:55.216262,moyenne
BJ-7A55F532,Automobile Lokossa,Commerce & Distribution,Lokossa,+229 21 86 29 41,automobilelokossa@hotmail.com,automobilelokossa.bj,PME (50-200),B2C,LinkedIn,,Actif,2026-06-29T00:22:55.216278,haute
BJ-081296A8,SARL Supply,Commerce & Distribution,Lokossa,+229 58 42 95 86,sarlsupply@gmail.com,sarlsupply.bj,TPE (<10),B2C,LinkedIn,,Actif,2026-06-29T00:22:55.216293,haute
BJ-ABD5000A,Détaillant Commerce,Commerce & Distribution,Ouidah,+229 23 49 82 85,détaillant.commerce@détaillantcomme.org.bj,détaillantcommerce.bj,PME (10-50),B2B/B2C,LinkedIn,,Actif,2026-06-29T00:22:55.216330,haute
BJ-786DD272,Magasin Jardin,Commerce & Distribution,Ouidah,+229 29 88 25 25,magasin.jardin@magasinjardin.com.bj,magasinjardin.bj,PME (10-50),B2B/B2C,LinkedIn,,Actif,2026-06-29T00:22:55.216362,haute
BJ-7E8919EC,Distribution Grossiste,Commerce & Distribution,Savalou,+229 71 74 17 81,distributiongrossiste@hotmail.com,,PME (10-50),B2B/B2C,LinkedIn,,Actif,2026-06-29T00:22:55.216417,moyenne
BJ-70A0285F,Groupe Alimentaire Groupe,Commerce & Distribution,Savalou,+229 88 42 23 72,g.alimentaire@groupealimentai.bj,groupealimentairegroupe.bj,PME (50-200),B2B/B2C,LinkedIn,,Actif,2026-06-29T00:22:55.216436,haute
BJ-2B582F86,Jouets Store,Commerce & Distribution,Savalou,+229 69 13 63 61,,jouetsstore.bj,TPE (<10),B2C,LinkedIn,,Actif,2026-06-29T00:22:55.216461,moyenne
BJ-CBBE5505,Ets Distribution,Commerce & Distribution,Dassa-Zoumè,+229 52 26 82 39,ets.distribution@yahoo.com,etsdistribution.bj,TPE (<10),B2B/B2C,LinkedIn,,Actif,2026-06-29T00:22:55.216484,haute
BJ-FB9110F3,Super Moto Dassa-Zoumè,Commerce & Distribution,Dassa-Zoumè,+229 26 78 34 16,,supermotodassazoumè.bj,PME (50-200),B2C,LinkedIn,,Actif,2026-06-29T00:22:55.216501,moyenne
BJ-B902CC6E,Discount,Commerce & Distribution,Dassa-Zoumè,+229 74 38 54 49,,,Grande (>200),B2C,LinkedIn,,Actif,2026-06-29T00:22:55.216513,basse
BJ-FC8CBFAA,Boutique Cash Groupe,Commerce & Distribution,Dassa-Zoumè,+229 88 20 47 89,,,Grande (>200),B2B/B2C,LinkedIn,,Actif,2026-06-29T00:22:55.216525,basse
BJ-7D3D25CA,Mode,Commerce & Distribution,Dassa-Zoumè,+229 79 73 51 38,,mode.bj,TPE (<10),B2B/B2C,LinkedIn,,Actif,2026-06-29T00:22:55.216537,moyenne
BJ-620CF451,Drive Shop,Commerce & Distribution,Kétou,+229 71 55 13 25,d.shop@driveshop.bj,,TPE (<10),B2B/B2C,LinkedIn,,Actif,2026-06-29T00:22:55.216559,moyenne
BJ-18026B39,Meuble Market,Commerce & Distribution,Kétou,+229 31 53 54 17,,meublemarket.bj,TPE (<10),B2C,LinkedIn,,Actif,2026-06-29T00:22:55.216571,moyenne
BJ-3DC30BF6,Supply Shop,Commerce & Distribution,Kétou,+229 99 87 91 22,,,TPE (<10),B2C,LinkedIn,,Actif,2026-06-29T00:22:55.216586,basse
BJ-392A8232,Bricolage,Commerce & Distribution,Kétou,+229 33 99 47 57,bricolage@hotmail.com,,PME (10-50),B2C,LinkedIn,,Actif,2026-06-29T00:22:55.216599,moyenne
BJ-CC7A3FE0,Store Jardin Store,Commerce & Distribution,Kétou,+229 37 88 30 99,,,PME (50-200),B2C,LinkedIn,,Actif,2026-06-29T00:22:55.216610,basse
BJ-36EC5259,Commerce Provision Distribution,Commerce & Distribution,Covè,+229 96 33 53 59,commerce.provision@commerceprovisi.bj,commerceprovisiondistribution.bj,Grande (>200),B2C,LinkedIn,,Actif,2026-06-29T00:22:55.216633,haute
BJ-CBFCA158,Distribution Détaillant International,Commerce & Distribution,Covè,+229 27 45 71 59,distribution.détaillant@outlook.com,,PME (50-200),B2B/B2C,LinkedIn,,Actif,2026-06-29T00:22:55.216650,moyenne
BJ-71B855FE,Détaillant Commerce Covè,Commerce & Distribution,Covè,+229 90 74 41 64,,,PME (10-50),B2C,LinkedIn,,Actif,2026-06-29T00:22:55.216666,basse
BJ-A167010F,Alimentaire Market,Commerce & Distribution,Covè,+229 33 67 81 94,,,TPE (<10),B2B/B2C,LinkedIn,,Actif,2026-06-29T00:22:55.216678,basse
BJ-106E5794,Super Jouets Commerce Covè,Commerce & Distribution,Covè,+229 56 43 34 24,superjouets@superjouetscomm.com.bj,superjouetscommercecovè.bj,TPE (<10),B2C,LinkedIn,,Actif,2026-06-29T00:22:55.216696,haute
BJ-72731A83,Ets Jouets Groupe,Commerce & Distribution,Pobè,+229 84 48 56 80,,,TPE (<10),B2C,LinkedIn,,Actif,2026-06-29T00:22:55.216725,basse
BJ-5F923FBC,Moto,Commerce & Distribution,Pobè,+229 24 90 53 61,moto@moto.org.bj,moto.bj,PME (50-200),B2B/B2C,LinkedIn,,Actif,2026-06-29T00:22:55.216742,haute
BJ-28EE3FB1,Mode International,Commerce & Distribution,Pobè,+229 27 76 58 61,m.international@modeinternation.org.bj,,TPE (<10),B2C,LinkedIn,,Actif,2026-06-29T00:22:55.216759,moyenne
BJ-3C35A6AF,Marché High-Tech,Commerce & Distribution,Pobè,+229 37 63 68 78,marchéhigh@hotmail.com,marchéhightech.bj,TPE (<10),B2C,LinkedIn,,Actif,2026-06-29T00:22:55.216776,haute
BJ-4EAB65A9,Marché Quincaillerie Bénin,Commerce & Distribution,Sakété,+229 61 40 58 29,marchéquincaillerie@gmail.com,,PME (10-50),B2C,LinkedIn,,Actif,2026-06-29T00:22:55.216799,moyenne
BJ-D19635BD,Drive,Commerce & Distribution,Sakété,+229 59 56 25 35,drive@drive.com.bj,drive.bj,PME (10-50),B2B/B2C,LinkedIn,,Actif,2026-06-29T00:22:55.216813,haute
BJ-2CF06C56,Store Mode Market Sakété,Commerce & Distribution,Sakété,+229 82 43 49 97,store.mode@storemodemarket.bj,,PME (10-50),B2B/B2C,LinkedIn,,Actif,2026-06-29T00:22:55.216831,moyenne
BJ-F577DDC3,Quincaillerie Market,Commerce & Distribution,Sakété,+229 58 77 71 94,quincaillerie.market@yahoo.fr,,TPE (<10),B2B/B2C,LinkedIn,,Actif,2026-06-29T00:22:55.216846,moyenne
BJ-1266AD24,Drive Groupe,Commerce & Distribution,Sakété,+229 64 86 95 65,d.groupe@yahoo.fr,,PME (50-200),B2C,LinkedIn,,Actif,2026-06-29T00:22:55.216861,moyenne
BJ-E017340A,Magasin Jardin,Commerce & Distribution,Adjara,+229 89 16 86 12,m.jardin@gmail.com,,TPE (<10),B2B/B2C,LinkedIn,,Actif,2026-06-29T00:22:55.216882,moyenne
BJ-9F899B9C,Centre Électroménager Adjara,Commerce & Distribution,Adjara,+229 47 26 72 98,centreélectroménager@centreélectromé.bj,centreélectroménageradjara.bj,TPE (<10),B2B/B2C,LinkedIn,,Actif,2026-06-29T00:22:55.216919,haute
BJ-C2899CF4,Magasin Parfumerie Groupe Adjara,Commerce & Distribution,Adjara,+229 22 75 83 65,magasinparfumerie@hotmail.com,magasinparfumeriegroupeadjara.bj,TPE (<10),B2C,LinkedIn,,Actif,2026-06-29T00:22:55.216944,haute
BJ-EE703689,Hypermarché SARL,Commerce & Distribution,Adjara,+229 66 51 57 41,hypermarchésarl@yahoo.com,,PME (10-50),B2C,LinkedIn,,Actif,2026-06-29T00:22:55.216965,moyenne
BJ-EC8AA3E2,Chaussures,Commerce & Distribution,Adjara,+229 85 38 10 44,chaussures@yahoo.com,chaussures.bj,TPE (<10),B2B/B2C,LinkedIn,,Actif,2026-06-29T00:22:55.216980,haute
BJ-374C6BFC,Centre Stock Distribution,Commerce & Distribution,Allada,+229 78 44 31 68,,,PME (10-50),B2C,LinkedIn,,Actif,2026-06-29T00:22:55.216999,basse
BJ-8FB3373C,Boutique Quincaillerie,Commerce & Distribution,Allada,+229 50 43 27 66,boutiquequincaillerie@hotmail.com,,TPE (<10),B2B/B2C,LinkedIn,,Actif,2026-06-29T00:22:55.217014,moyenne
BJ-FDADD913,Marché Market,Commerce & Distribution,Allada,+229 22 75 25 42,,marchémarket.bj,PME (10-50),B2B/B2C,LinkedIn,,Actif,2026-06-29T00:22:55.217028,moyenne
BJ-5ACD1A29,Groupe Magasin,Commerce & Distribution,Allada,+229 86 19 30 29,,,PME (10-50),B2B/B2C,LinkedIn,,Actif,2026-06-29T00:22:55.217039,basse
BJ-21EFC329,Super Magasin Groupe,Commerce & Distribution,Allada,+229 28 11 53 75,s.magasin@gmail.com,,PME (50-200),B2C,LinkedIn,,Actif,2026-06-29T00:22:55.217054,moyenne
BJ-06D3D071,Distribution Cosmétique Market,Commerce & Distribution,Aplahoué,+229 28 86 18 96,distributioncosmétique@distributioncos.org.bj,,PME (10-50),B2B/B2C,LinkedIn,,Actif,2026-06-29T00:22:55.217079,moyenne
BJ-D9059984,Jardin,Commerce & Distribution,Aplahoué,+229 54 68 84 99,,jardin.bj,PME (10-50),B2B/B2C,LinkedIn,,Actif,2026-06-29T00:22:55.217091,moyenne
BJ-883A0E4D,Boutique Meuble,Commerce & Distribution,Aplahoué,+229 77 85 70 47,,boutiquemeuble.bj,PME (50-200),B2B/B2C,LinkedIn,,Actif,2026-06-29T00:22:55.217106,moyenne
BJ-BB61AB71,Commerce Hypermarché Aplahoué,Commerce & Distribution,Aplahoué,+229 26 91 46 21,commerce.hypermarché@yahoo.fr,,TPE (<10),B2C,LinkedIn,,Actif,2026-06-29T00:22:55.217124,moyenne
BJ-7267ADDA,Quincaillerie,Commerce & Distribution,Aplahoué,+229 93 20 70 59,quincaillerie@quincaillerie.com.bj,quincaillerie.bj,TPE (<10),B2C,LinkedIn,,Actif,2026-06-29T00:22:55.217138,haute
BJ-C8524E1B,Carry Commerce,Commerce & Distribution,Dogbo-Tota,+229 36 17 10 25,carry.commerce@carrycommerce.bj,carrycommerce.bj,PME (10-50),B2C,LinkedIn,,Actif,2026-06-29T00:22:55.217165,haute
BJ-661D504F,Provision Shop,Commerce & Distribution,Dogbo-Tota,+229 26 20 91 11,,,PME (50-200),B2B/B2C,LinkedIn,,Actif,2026-06-29T00:22:55.217192,basse
BJ-DDBE3ED3,Moto,Commerce & Distribution,Dogbo-Tota,+229 94 47 88 44,moto@yahoo.fr,,PME (10-50),B2B/B2C,LinkedIn,,Actif,2026-06-29T00:22:55.217205,moyenne
BJ-C33E2BAE,Ets Stock,Commerce & Distribution,Dogbo-Tota,+229 99 34 96 32,e.stock@etsstock.org.bj,,TPE (<10),B2B/B2C,LinkedIn,,Actif,2026-06-29T00:22:55.217220,moyenne
BJ-2553ACE4,Shop Hard Distribution Kpomassè,Commerce & Distribution,Kpomassè,+229 71 77 81 19,,shopharddistributionkpomassè.bj,PME (50-200),B2B/B2C,LinkedIn,,Actif,2026-06-29T00:22:55.217253,moyenne
BJ-C5690A3E,Commerce Quincaillerie Commerce Kpomassè,Commerce & Distribution,Kpomassè,+229 54 79 39 36,c.quincaillerie@commercequincai.org.bj,,PME (10-50),B2B/B2C,LinkedIn,,Actif,2026-06-29T00:22:55.217274,moyenne
BJ-FAF5768B,Boutique Store,Commerce & Distribution,Kpomassè,+229 21 24 63 96,b.store@outlook.com,,TPE (<10),B2B/B2C,LinkedIn,,Actif,2026-06-29T00:22:55.217290,moyenne
BJ-E85E171D,Boutique,Commerce & Distribution,Kpomassè,+229 71 15 63 49,,boutique.bj,PME (10-50),B2C,LinkedIn,,Actif,2026-06-29T00:22:55.217303,moyenne
BJ-F6C8144E,Hard Bénin,Commerce & Distribution,Tori-Bossito,+229 73 80 87 39,,hardbénin.bj,TPE (<10),B2C,LinkedIn,,Actif,2026-06-29T00:22:55.217326,moyenne
BJ-3E6D98DD,Super Détaillant Tori-Bossito,Commerce & Distribution,Tori-Bossito,+229 48 62 66 28,,,PME (10-50),B2C,LinkedIn,,Actif,2026-06-29T00:22:55.217339,basse
BJ-08B5C5E3,Distribution High-Tech,Commerce & Distribution,Tori-Bossito,+229 62 89 70 88,,distributionhightech.bj,TPE (<10),B2B/B2C,LinkedIn,,Actif,2026-06-29T00:22:55.217351,moyenne
BJ-5309D334,Automobile Groupe,Commerce & Distribution,Tori-Bossito,+229 90 22 96 53,a.groupe@automobilegroup.org.bj,,PME (50-200),B2B/B2C,LinkedIn,,Actif,2026-06-29T00:22:55.217366,moyenne
BJ-C9172FC2,Groupe Magasin,Commerce & Distribution,Tori-Bossito,+229 32 22 83 10,g.magasin@hotmail.com,groupemagasin.bj,PME (10-50),B2C,LinkedIn,,Actif,2026-06-29T00:22:55.217382,haute
BJ-69483124,SARL High-Tech Bénin Grand-Popo,Commerce & Distribution,Grand-Popo,+229 30 28 49 70,sarlhigh@sarlhightechbén.com.bj,sarlhightechbéningrandpopo.bj,TPE (<10),B2B/B2C,LinkedIn,,Actif,2026-06-29T00:22:55.217408,haute
BJ-F55A2BFA,Grossiste Grand-Popo,Commerce & Distribution,Grand-Popo,+229 58 47 60 95,g.grand@yahoo.com,,PME (10-50),B2B/B2C,LinkedIn,,Actif,2026-06-29T00:22:55.217424,moyenne
BJ-BD1F0674,SARL Commerce Ets,Commerce & Distribution,Grand-Popo,+229 58 69 13 75,,,TPE (<10),B2C,LinkedIn,,Actif,2026-06-29T00:22:55.217438,basse
BJ-48D2C6EA,Distribution Sport,Commerce & Distribution,Grand-Popo,+229 75 58 85 58,distribution.sport@outlook.com,,TPE (<10),B2B/B2C,LinkedIn,,Actif,2026-06-29T00:22:55.217456,moyenne
BJ-D00C99D0,Mode,Commerce & Distribution,Grand-Popo,+229 83 97 40 33,,mode.bj,PME (50-200),B2C,LinkedIn,,Actif,2026-06-29T00:22:55.217468,moyenne
BJ-A674614C,Parfumerie Commerce,Commerce & Distribution,Athiémé,+229 78 75 57 27,,parfumeriecommerce.bj,PME (10-50),B2B/B2C,LinkedIn,,Actif,2026-06-29T00:22:55.217487,moyenne
BJ-D794CD61,Provision,Commerce & Distribution,Athiémé,+229 29 32 30 12,provision@provision.org.bj,provision.bj,Grande (>200),B2B/B2C,LinkedIn,,Actif,2026-06-29T00:22:55.217501,haute
BJ-197BDE8F,Magasin Automobile Market,Commerce & Distribution,Athiémé,+229 75 87 28 58,,,TPE (<10),B2C,LinkedIn,,Actif,2026-06-29T00:22:55.217512,basse
BJ-CDA5CC55,Boutique Détaillant,Commerce & Distribution,Athiémé,+229 99 44 42 20,,,TPE (<10),B2C,LinkedIn,,Actif,2026-06-29T00:22:55.217527,basse
BJ-7D0A8060,Sport Groupe,Commerce & Distribution,Athiémé,+229 89 59 97 11,,,PME (10-50),B2C,LinkedIn,,Actif,2026-06-29T00:22:55.217538,basse
BJ-B6D03EB1,Shop Grossiste Market Bopa,Commerce & Distribution,Bopa,+229 35 98 13 47,shopgrossiste@shopgrossistema.org.bj,shopgrossistemarketbopa.bj,Grande (>200),B2B/B2C,LinkedIn,,Actif,2026-06-29T00:22:55.217561,haute
BJ-99A3B048,Carry Commerce Bopa,Commerce & Distribution,Bopa,+229 83 88 34 50,carry.commerce@carrycommercebo.com.bj,,PME (10-50),B2C,LinkedIn,,Actif,2026-06-29T00:22:55.217577,moyenne
BJ-4408F0D8,Boutique Supermarché International Bopa,Commerce & Distribution,Bopa,+229 40 86 13 89,,,PME (10-50),B2C,LinkedIn,,Actif,2026-06-29T00:22:55.217592,basse
BJ-99D68673,Boutique Discount SARL,Commerce & Distribution,Bopa,+229 38 98 77 91,,boutiquediscountsarl.bj,Grande (>200),B2B/B2C,LinkedIn,,Actif,2026-06-29T00:22:55.217604,moyenne
BJ-82745CA2,Automobile Store,Commerce & Distribution,Bopa,+229 29 29 45 94,automobilestore@automobilestore.com.bj,automobilestore.bj,Grande (>200),B2C,LinkedIn,,Actif,2026-06-29T00:22:55.217620,haute
BJ-583179B9,Groupe Hypermarché,Commerce & Distribution,Houéyogbé,+229 38 51 55 23,groupe.hypermarché@gmail.com,groupehypermarché.bj,TPE (<10),B2C,LinkedIn,,Actif,2026-06-29T00:22:55.217645,haute
BJ-3D1E55FB,Distribution Épicerie Houéyogbé,Commerce & Distribution,Houéyogbé,+229 78 67 38 54,d.épicerie@distributionépi.org.bj,distributionépiceriehouéyogbé.bj,PME (10-50),B2B/B2C,LinkedIn,,Actif,2026-06-29T00:22:55.217664,haute
BJ-9DEA4E65,Super Alimentaire,Commerce & Distribution,Houéyogbé,+229 66 23 37 70,super.alimentaire@superalimentair.com.bj,,PME (10-50),B2C,LinkedIn,,Actif,2026-06-29T00:22:55.217698,moyenne
BJ-708FE964,Outillage Ets,Commerce & Distribution,Houéyogbé,+229 62 66 64 75,o.ets@outlook.com,,TPE (<10),B2C,LinkedIn,,Actif,2026-06-29T00:22:55.217718,moyenne
BJ-F1992560,Magasin Marché,Commerce & Distribution,Malanville,+229 60 82 93 22,magasinmarché@magasinmarché.com.bj,magasinmarché.bj,TPE (<10),B2B/B2C,LinkedIn,,Actif,2026-06-29T00:22:55.217744,haute
BJ-A0EC8213,Centre Détaillant Groupe Malanville,Commerce & Distribution,Malanville,+229 43 95 76 13,c.détaillant@centredétaillan.org.bj,centredétaillantgroupemalanville.bj,TPE (<10),B2C,LinkedIn,,Actif,2026-06-29T00:22:55.217773,haute
BJ-DC958266,Magasin Stock Distribution,Commerce & Distribution,Malanville,+229 96 94 82 47,,,PME (50-200),B2B/B2C,LinkedIn,,Actif,2026-06-29T00:22:55.217788,basse
BJ-54070290,Groupe Sport,Commerce & Distribution,Malanville,+229 96 34 79 63,,groupesport.bj,PME (10-50),B2B/B2C,LinkedIn,,Actif,2026-06-29T00:22:55.217802,moyenne
BJ-9FBB1F86,Détaillant Bénin,Commerce & Distribution,Malanville,+229 30 68 59 14,d.bénin@outlook.com,,PME (50-200),B2C,LinkedIn,,Actif,2026-06-29T00:22:55.217820,moyenne
BJ-71F9713E,Shop Chaussures,Commerce & Distribution,Kandi,+229 49 87 34 59,shop.chaussures@shopchaussures.org.bj,,Grande (>200),B2C,LinkedIn,,Actif,2026-06-29T00:22:55.217843,moyenne
BJ-AA7CE4E9,Centre Jardin Market Kandi,Commerce & Distribution,Kandi,+229 31 88 57 54,centrejardin@centrejardinmar.org.bj,,Grande (>200),B2B/B2C,LinkedIn,,Actif,2026-06-29T00:22:55.217861,moyenne
BJ-BB2E83E0,Supply Bénin,Commerce & Distribution,Kandi,+229 61 59 27 99,s.bénin@supplybénin.org.bj,,PME (50-200),B2C,LinkedIn,,Actif,2026-06-29T00:22:55.217879,moyenne
BJ-D3C885F9,Boutique Jardin Ets,Commerce & Distribution,Kandi,+229 49 97 74 51,,boutiquejardinets.bj,TPE (<10),B2B/B2C,LinkedIn,,Actif,2026-06-29T00:22:55.217906,moyenne
BJ-9E1CEA41,Super Bricolage,Commerce & Distribution,Kandi,+229 69 77 46 75,,superbricolage.bj,TPE (<10),B2B/B2C,LinkedIn,,Actif,2026-06-29T00:22:55.217934,moyenne
BJ-66006C20,Super Sport,Commerce & Distribution,Banikoara,+229 86 50 29 14,super.sport@hotmail.com,,PME (50-200),B2B/B2C,LinkedIn,,Actif,2026-06-29T00:22:55.217975,moyenne
BJ-ADCB8835,Distribution Drive,Commerce & Distribution,Banikoara,+229 91 94 55 81,,,TPE (<10),B2B/B2C,LinkedIn,,Actif,2026-06-29T00:22:55.218001,basse
BJ-83550D6E,Shop Épicerie Groupe,Commerce & Distribution,Banikoara,+229 35 35 96 32,shopépicerie@shopépiceriegro.org.bj,shopépiceriegroupe.bj,TPE (<10),B2B/B2C,LinkedIn,,Actif,2026-06-29T00:22:55.218047,haute
BJ-243324FF,SARL Mode,Commerce & Distribution,Banikoara,+229 34 99 15 48,sarl_mode@sarlmode.bj,,TPE (<10),B2C,LinkedIn,,Actif,2026-06-29T00:22:55.218075,moyenne
BJ-1789A029,Distribution Grossiste Ets,Commerce & Distribution,Banikoara,+229 25 61 40 24,,distributiongrossisteets.bj,PME (50-200),B2C,LinkedIn,,Actif,2026-06-29T00:22:55.218095,moyenne
BJ-C6279BF1,Commerce Meuble Store Ségbana,Commerce & Distribution,Ségbana,+229 65 78 90 63,,commercemeublestoreségbana.bj,TPE (<10),B2B/B2C,LinkedIn,,Actif,2026-06-29T00:22:55.218149,moyenne
BJ-9EE34F1D,Distribution Détaillant,Commerce & Distribution,Ségbana,+229 51 52 98 49,,,TPE (<10),B2B/B2C,LinkedIn,,Actif,2026-06-29T00:22:55.218173,basse
BJ-66D6282A,Shop Marché,Commerce & Distribution,Ségbana,+229 95 30 81 16,,,TPE (<10),B2C,LinkedIn,,Actif,2026-06-29T00:22:55.218193,basse
BJ-1535AEF6,Hypermarché,Commerce & Distribution,Ségbana,+229 26 95 34 83,hypermarché@outlook.com,,Grande (>200),B2B/B2C,LinkedIn,,Actif,2026-06-29T00:22:55.218216,moyenne
BJ-F5D9C8DE,Sport,Commerce & Distribution,Karimama,+229 63 67 33 95,sport@yahoo.fr,sport.bj,PME (10-50),B2B/B2C,LinkedIn,,Actif,2026-06-29T00:22:55.218251,haute
BJ-3F2E5BC8,Alimentaire Store,Commerce & Distribution,Karimama,+229 96 55 54 90,,alimentairestore.bj,TPE (<10),B2B/B2C,LinkedIn,,Actif,2026-06-29T00:22:55.218273,moyenne
BJ-12007302,Super Stock Store,Commerce & Distribution,Karimama,+229 43 69 40 74,super.stock@superstockstore.bj,superstockstore.bj,Grande (>200),B2B/B2C,LinkedIn,,Actif,2026-06-29T00:22:55.218311,haute
BJ-87E3A966,Bricolage Market,Commerce & Distribution,Karimama,+229 93 17 53 50,,,PME (10-50),B2B/B2C,LinkedIn,,Actif,2026-06-29T00:22:55.218332,basse
BJ-3043CF91,Distribution Quincaillerie Shop,Commerce & Distribution,Karimama,+229 20 50 92 33,distributionquincaillerie@distributionqui.com.bj,distributionquincaillerieshop.bj,PME (10-50),B2B/B2C,LinkedIn,,Actif,2026-06-29T00:22:55.218358,haute
BJ-51D913ED,Ets Cosmétique Bénin,Commerce & Distribution,Gogounou,+229 90 32 40 27,etscosmétique@etscosmétiquebé.com.bj,etscosmétiquebénin.bj,PME (50-200),B2C,LinkedIn,,Actif,2026-06-29T00:22:55.218402,haute
BJ-1D4ED605,Store Décoration,Commerce & Distribution,Gogounou,+229 38 60 41 54,store.décoration@storedécoration.bj,storedécoration.bj,PME (10-50),B2C,LinkedIn,,Actif,2026-06-29T00:22:55.218435,haute
BJ-AE710B19,Bricolage Commerce,Commerce & Distribution,Gogounou,+229 35 92 99 75,bricolagecommerce@bricolagecommer.org.bj,,TPE (<10),B2C,LinkedIn,,Actif,2026-06-29T00:22:55.218466,moyenne
BJ-62298149,Boutique Magasin Gogounou,Commerce & Distribution,Gogounou,+229 40 40 39 67,b.magasin@boutiquemagasin.org.bj,boutiquemagasingogounou.bj,Grande (>200),B2B/B2C,LinkedIn,,Actif,2026-06-29T00:22:55.218494,haute
BJ-6DB0B534,Hard Distribution,Commerce & Distribution,Gogounou,+229 47 57 72 17,hard.distribution@harddistributio.com.bj,harddistribution.bj,PME (50-200),B2C,LinkedIn,,Actif,2026-06-29T00:22:55.218521,haute
BJ-6DFDC4D0,Shop Épicerie,Commerce & Distribution,Cobly,+229 30 68 27 88,shop.épicerie@shopépicerie.com.bj,shopépicerie.bj,TPE (<10),B2B/B2C,LinkedIn,,Actif,2026-06-29T00:22:55.218580,haute
BJ-85A5E20E,Bricolage,Commerce & Distribution,Cobly,+229 74 88 67 50,bricolage@bricolage.com.bj,bricolage.bj,PME (10-50),B2C,LinkedIn,,Actif,2026-06-29T00:22:55.218618,haute
BJ-4FA44713,Boutique Outillage Distribution,Commerce & Distribution,Cobly,+229 40 55 23 59,,,TPE (<10),B2C,LinkedIn,,Actif,2026-06-29T00:22:55.218671,basse
BJ-E7D4B6A6,Boutique Carry,Commerce & Distribution,Cobly,+229 50 64 70 29,,,TPE (<10),B2B/B2C,LinkedIn,,Actif,2026-06-29T00:22:55.218717,basse
BJ-1C95C1F9,Store Stock,Commerce & Distribution,Cobly,+229 57 33 38 75,storestock@yahoo.fr,,PME (50-200),B2B/B2C,LinkedIn,,Actif,2026-06-29T00:22:55.218764,moyenne
BJ-E3BBAF14,Épicerie,Commerce & Distribution,Tanguiéta,+229 21 79 57 56,,épicerie.bj,PME (50-200),B2B/B2C,LinkedIn,,Actif,2026-06-29T00:22:55.218824,moyenne
BJ-30300284,Automobile Distribution,Commerce & Distribution,Tanguiéta,+229 69 99 45 87,a.distribution@automobiledistr.bj,automobiledistribution.bj,PME (10-50),B2B/B2C,LinkedIn,,Actif,2026-06-29T00:22:55.218875,haute
BJ-652E308B,Centre High-Tech Commerce Tanguiéta,Commerce & Distribution,Tanguiéta,+229 29 79 26 31,centrehigh@gmail.com,,TPE (<10),B2C,LinkedIn,,Actif,2026-06-29T00:22:55.218936,moyenne
BJ-FC091D51,Vêtements Market,Commerce & Distribution,Tanguiéta,+229 61 58 76 56,vêtementsmarket@vêtementsmarket.bj,,PME (10-50),B2C,LinkedIn,,Actif,2026-06-29T00:22:55.218976,moyenne
BJ-5CE07548,Store Bricolage International,Commerce & Distribution,Tanguiéta,+229 91 64 91 90,,,TPE (<10),B2C,LinkedIn,,Actif,2026-06-29T00:22:55.219000,basse
BJ-2B9C3AA7,Grossiste Distribution,Commerce & Distribution,Matéri,+229 45 90 80 16,,,PME (50-200),B2B/B2C,LinkedIn,,Actif,2026-06-29T00:22:55.219048,basse
BJ-E72E360C,Magasin Alimentaire Distribution,Commerce & Distribution,Matéri,+229 20 71 89 79,m.alimentaire@magasinalimenta.bj,,Grande (>200),B2C,LinkedIn,,Actif,2026-06-29T00:22:55.219131,moyenne
BJ-5043EDEA,Parfumerie Bénin,Commerce & Distribution,Matéri,+229 62 97 95 84,p.bénin@yahoo.fr,,PME (10-50),B2C,LinkedIn,,Actif,2026-06-29T00:22:55.219155,moyenne
BJ-06B42508,Chaussures Shop,Commerce & Distribution,Matéri,+229 59 55 69 53,,chaussuresshop.bj,TPE (<10),B2B/B2C,LinkedIn,,Actif,2026-06-29T00:22:55.219171,moyenne
BJ-F658C3B8,Centre Sport International,Commerce & Distribution,Natitingou,+229 95 70 87 83,c.sport@centresportinte.org.bj,,PME (10-50),B2B/B2C,LinkedIn,,Actif,2026-06-29T00:22:55.219203,moyenne
BJ-C4AE8F48,Commerce Chaussures Groupe,Commerce & Distribution,Natitingou,+229 56 19 27 46,commerce_chaussures@commercechaussu.com.bj,,TPE (<10),B2C,LinkedIn,,Actif,2026-06-29T00:22:55.219223,moyenne
BJ-67D1369F,Jouets Market,Commerce & Distribution,Natitingou,+229 79 76 18 83,jouetsmarket@jouetsmarket.org.bj,jouetsmarket.bj,TPE (<10),B2B/B2C,LinkedIn,,Actif,2026-06-29T00:22:55.219244,haute
BJ-4305FDBD,Quincaillerie Groupe Natitingou,Commerce & Distribution,Natitingou,+229 23 29 58 68,,quincailleriegroupenatitingou.bj,PME (10-50),B2C,LinkedIn,,Actif,2026-06-29T00:22:55.219321,moyenne
BJ-F12A5734,Mode Toucountouna,Commerce & Distribution,Toucountouna,+229 74 67 96 56,,modetoucountouna.bj,PME (10-50),B2C,LinkedIn,,Actif,2026-06-29T00:22:55.219364,moyenne
BJ-ECD85E6E,Groupe Sport Market Toucountouna,Commerce & Distribution,Toucountouna,+229 58 12 52 45,g.sport@groupesportmark.bj,,PME (10-50),B2B/B2C,LinkedIn,,Actif,2026-06-29T00:22:55.219403,moyenne
BJ-9D611836,SARL Cosmétique Distribution,Commerce & Distribution,Toucountouna,+229 96 24 20 54,,,TPE (<10),B2C,LinkedIn,,Actif,2026-06-29T00:22:55.219462,basse
BJ-A868C157,Décoration Shop,Commerce & Distribution,Toucountouna,+229 52 56 23 16,d.shop@outlook.com,décorationshop.bj,TPE (<10),B2C,LinkedIn,,Actif,2026-06-29T00:22:55.219498,haute
BJ-62608049,Distribution Moto,Commerce & Distribution,Boukoumbé,+229 24 69 39 63,distributionmoto@distributionmot.com.bj,,PME (10-50),B2B/B2C,LinkedIn,,Actif,2026-06-29T00:22:55.219552,moyenne
BJ-15AE6896,Magasin Parfumerie SARL,Commerce & Distribution,Boukoumbé,+229 65 76 81 23,,,TPE (<10),B2C,LinkedIn,,Actif,2026-06-29T00:22:55.219584,basse
BJ-EA00375F,Jouets,Commerce & Distribution,Boukoumbé,+229 65 46 55 31,jouets@jouets.bj,jouets.bj,Grande (>200),B2B/B2C,LinkedIn,,Actif,2026-06-29T00:22:55.219617,haute
BJ-60BA407D,Marché Store Boukoumbé,Commerce & Distribution,Boukoumbé,+229 25 79 15 73,marchéstore@marchéstorebouk.com.bj,marchéstoreboukoumbé.bj,PME (10-50),B2B/B2C,LinkedIn,,Actif,2026-06-29T00:22:55.219669,haute
BJ-FC5B8CDB,Outillage Market,Commerce & Distribution,Kouandé,+229 65 31 66 16,o.market@gmail.com,,Grande (>200),B2C,LinkedIn,,Actif,2026-06-29T00:22:55.219746,moyenne
BJ-B2CECBFE,Shop High-Tech Distribution Kouandé,Commerce & Distribution,Kouandé,+229 57 49 98 32,,,TPE (<10),B2C,LinkedIn,,Actif,2026-06-29T00:22:55.219769,basse
BJ-7A34E7C1,Ets Jardin SARL,Commerce & Distribution,Kouandé,+229 44 73 22 95,,,PME (10-50),B2B/B2C,LinkedIn,,Actif,2026-06-29T00:22:55.219799,basse
BJ-A840D190,Commerce Moto Ets Kouandé,Commerce & Distribution,Kouandé,+229 69 69 91 73,commercemoto@outlook.com,commercemotoetskouandé.bj,Grande (>200),B2B/B2C,LinkedIn,,Actif,2026-06-29T00:22:55.219838,haute
BJ-A10BAC19,Commerce Bricolage SARL,Commerce & Distribution,Kouandé,+229 86 46 40 79,c.bricolage@yahoo.fr,,PME (50-200),B2C,LinkedIn,,Actif,2026-06-29T00:22:55.219878,moyenne
BJ-F04D12D6,Ets Parfumerie Market,Commerce & Distribution,Péhunco,+229 36 55 44 38,,,TPE (<10),B2B/B2C,LinkedIn,,Actif,2026-06-29T00:22:55.219927,basse
BJ-4FA53C3F,Jouets Shop,Commerce & Distribution,Péhunco,+229 28 53 99 40,jouetsshop@jouetsshop.bj,,PME (50-200),B2B/B2C,LinkedIn,,Actif,2026-06-29T00:22:55.219947,moyenne
BJ-D9CD7A03,Chaussures Péhunco,Commerce & Distribution,Péhunco,+229 42 39 93 93,chaussures.péhunco@chaussurespéhun.org.bj,,PME (10-50),B2C,LinkedIn,,Actif,2026-06-29T00:22:55.219982,moyenne
BJ-C7DC43AC,Commerce Automobile Shop,Commerce & Distribution,Péhunco,+229 97 64 71 97,,,PME (50-200),B2B/B2C,LinkedIn,,Actif,2026-06-29T00:22:55.219994,basse
BJ-0954DC28,Store Mode Distribution,Commerce & Distribution,Tchaourou,+229 89 26 24 64,,,Grande (>200),B2B/B2C,LinkedIn,,Actif,2026-06-29T00:22:55.220013,basse
BJ-47A9F30A,Magasin International,Commerce & Distribution,Tchaourou,+229 80 91 11 61,magasin.international@magasininternat.com.bj,magasininternational.bj,PME (10-50),B2C,LinkedIn,,Actif,2026-06-29T00:22:55.220030,haute
BJ-7DE4AC8F,Boutique Grossiste,Commerce & Distribution,Tchaourou,+229 48 85 49 51,b.grossiste@boutiquegrossis.com.bj,,PME (50-200),B2B/B2C,LinkedIn,,Actif,2026-06-29T00:22:55.220052,moyenne
BJ-E4B10B47,Ets Provision,Commerce & Distribution,Tchaourou,+229 64 13 14 59,ets.provision@gmail.com,,TPE (<10),B2C,LinkedIn,,Actif,2026-06-29T00:22:55.220068,moyenne
BJ-F034C6BA,Groupe Meuble,Commerce & Distribution,Tchaourou,+229 47 20 78 70,g.meuble@yahoo.fr,,TPE (<10),B2B/B2C,LinkedIn,,Actif,2026-06-29T00:22:55.220084,moyenne
BJ-8E42FBA7,Provision Nikki,Commerce & Distribution,Nikki,+229 94 83 41 15,provision.nikki@hotmail.com,,TPE (<10),B2B/B2C,LinkedIn,,Actif,2026-06-29T00:22:55.220109,moyenne
BJ-CD8C820E,SARL Commerce,Commerce & Distribution,Nikki,+229 51 47 86 35,sarl.commerce@sarlcommerce.bj,sarlcommerce.bj,PME (10-50),B2B/B2C,LinkedIn,,Actif,2026-06-29T00:22:55.220127,haute
BJ-71BF7F5C,Automobile Nikki,Commerce & Distribution,Nikki,+229 23 25 89 18,automobilenikki@automobilenikki.org.bj,automobilenikki.bj,PME (50-200),B2B/B2C,LinkedIn,,Actif,2026-06-29T00:22:55.220143,haute
BJ-268B71F1,Centre High-Tech Groupe,Commerce & Distribution,Nikki,+229 75 88 38 83,centre.high@centrehightechg.org.bj,,TPE (<10),B2C,LinkedIn,,Actif,2026-06-29T00:22:55.220162,moyenne
BJ-F97D5230,Détaillant Store,Commerce & Distribution,Nikki,+229 72 80 16 52,,détaillantstore.bj,PME (10-50),B2B/B2C,LinkedIn,,Actif,2026-06-29T00:22:55.220177,moyenne
BJ-2DAECACB,Marché Bénin Bembéréké,Commerce & Distribution,Bembéréké,+229 33 65 57 17,,marchébéninbembéréké.bj,Grande (>200),B2B/B2C,LinkedIn,,Actif,2026-06-29T00:22:55.220198,moyenne
BJ-40F7E190,Bricolage Commerce,Commerce & Distribution,Bembéréké,+229 73 15 88 22,bricolagecommerce@bricolagecommer.org.bj,,TPE (<10),B2C,LinkedIn,,Actif,2026-06-29T00:22:55.220214,moyenne
BJ-535AB1FD,Groupe Moto,Commerce & Distribution,Bembéréké,+229 43 37 48 88,,groupemoto.bj,Grande (>200),B2C,LinkedIn,,Actif,2026-06-29T00:22:55.220230,moyenne
BJ-DB2DC209,Automobile Shop,Commerce & Distribution,Bembéréké,+229 84 95 10 94,a.shop@automobileshop.org.bj,,TPE (<10),B2B/B2C,LinkedIn,,Actif,2026-06-29T00:22:55.220247,moyenne
BJ-243F00AB,Groupe Électroménager,Commerce & Distribution,Bembéréké,+229 79 57 87 51,groupe.électroménager@groupeélectromé.org.bj,groupeélectroménager.bj,PME (10-50),B2C,LinkedIn,,Actif,2026-06-29T00:22:55.220266,haute
BJ-E34FB67D,Shop Commerce,Commerce & Distribution,Kalalé,+229 21 20 28 13,shop_commerce@hotmail.com,,PME (10-50),B2B/B2C,LinkedIn,,Actif,2026-06-29T00:22:55.220289,moyenne
BJ-808B69D0,Commerce Kalalé,Commerce & Distribution,Kalalé,+229 75 63 33 14,commercekalalé@commercekalalé.org.bj,commercekalalé.bj,PME (10-50),B2B/B2C,LinkedIn,,Actif,2026-06-29T00:22:55.220314,haute
BJ-2F3BB0FD,Magasin Épicerie Ets,Commerce & Distribution,Kalalé,+229 94 43 98 65,magasin.épicerie@yahoo.com,magasinépicerieets.bj,TPE (<10),B2B/B2C,LinkedIn,,Actif,2026-06-29T00:22:55.220334,haute
BJ-6BB630A5,Groupe Distribution Groupe,Commerce & Distribution,Kalalé,+229 77 20 20 66,groupedistribution@outlook.com,groupedistributiongroupe.bj,TPE (<10),B2C,LinkedIn,,Actif,2026-06-29T00:22:55.220351,haute
BJ-F6C9BAD5,Supermarché Bénin,Commerce & Distribution,Kalalé,+229 46 53 97 27,supermarché_bénin@supermarchébéni.com.bj,supermarchébénin.bj,TPE (<10),B2C,LinkedIn,,Actif,2026-06-29T00:22:55.220370,haute
BJ-33651243,Décoration Distribution,Commerce & Distribution,Ndali,+229 99 80 41 60,d.distribution@décorationdistr.bj,,TPE (<10),B2C,LinkedIn,,Actif,2026-06-29T00:22:55.220395,moyenne
BJ-CA98B162,Électroménager Ndali,Commerce & Distribution,Ndali,+229 28 63 67 27,électroménager.ndali@yahoo.fr,électroménagerndali.bj,PME (50-200),B2C,LinkedIn,,Actif,2026-06-29T00:22:55.220414,haute
BJ-AB474411,SARL Électroménager Bénin,Commerce & Distribution,Ndali,+229 76 86 25 27,,sarlélectroménagerbénin.bj,PME (50-200),B2C,LinkedIn,,Actif,2026-06-29T00:22:55.220432,moyenne
BJ-EE273D30,SARL Bricolage,Commerce & Distribution,Ndali,+229 90 90 52 20,s.bricolage@sarlbricolage.org.bj,,PME (50-200),B2B/B2C,LinkedIn,,Actif,2026-06-29T00:22:55.220449,moyenne
BJ-4E942375,Ets Automobile Store,Commerce & Distribution,Ndali,+229 57 68 79 38,ets.automobile@etsautomobilest.bj,,TPE (<10),B2B/B2C,LinkedIn,,Actif,2026-06-29T00:22:55.220466,moyenne
BJ-2CCF6904,Provision SARL,Commerce & Distribution,Ségbana,+229 81 68 90 73,,,PME (50-200),B2B/B2C,LinkedIn,,Actif,2026-06-29T00:22:55.220485,basse
BJ-52661F80,Shop Supply Store,Commerce & Distribution,Ségbana,+229 93 26 52 33,shop.supply@hotmail.com,shopsupplystore.bj,PME (50-200),B2C,LinkedIn,,Actif,2026-06-29T00:22:55.220504,haute
BJ-28BA4F1A,Boutique Moto Ségbana,Commerce & Distribution,Ségbana,+229 92 77 48 87,,,Grande (>200),B2B/B2C,LinkedIn,,Actif,2026-06-29T00:22:55.220516,basse
BJ-D4197EC3,Commerce Décoration,Commerce & Distribution,Ségbana,+229 44 61 61 99,,commercedécoration.bj,Grande (>200),B2C,LinkedIn,,Actif,2026-06-29T00:22:55.220543,moyenne
BJ-F8EDE87C,Outillage,Commerce & Distribution,Tchaourou,+229 52 12 20 61,outillage@outillage.org.bj,,PME (10-50),B2B/B2C,LinkedIn,,Actif,2026-06-29T00:22:55.220565,moyenne
BJ-8FD442A5,Chaussures Ets,Commerce & Distribution,Tchaourou,+229 68 23 87 31,chaussuresets@chaussuresets.com.bj,chaussuresets.bj,TPE (<10),B2C,LinkedIn,,Actif,2026-06-29T00:22:55.220583,haute
BJ-E15FA81C,Commerce Quincaillerie,Commerce & Distribution,Tchaourou,+229 43 17 18 15,,,PME (50-200),B2B/B2C,LinkedIn,,Actif,2026-06-29T00:22:55.220597,basse
BJ-7F4FAC97,SARL Cash,Commerce & Distribution,Tchaourou,+229 78 55 37 51,sarl_cash@hotmail.com,,TPE (<10),B2B/B2C,LinkedIn,,Actif,2026-06-29T00:22:55.220613,moyenne
BJ-A930344B,Discount,Commerce & Distribution,Tchaourou,+229 45 33 75 62,discount@hotmail.com,,PME (10-50),B2C,LinkedIn,,Actif,2026-06-29T00:22:55.220625,moyenne
BJ-AFBC035F,SARL Parfumerie,Commerce & Distribution,Bétérou,+229 26 87 56 57,sarl_parfumerie@sarlparfumerie.org.bj,sarlparfumerie.bj,TPE (<10),B2C,LinkedIn,,Actif,2026-06-29T00:22:55.220649,haute
BJ-B66D4598,Parfumerie Bétérou,Commerce & Distribution,Bétérou,+229 61 27 59 86,,,PME (50-200),B2B/B2C,LinkedIn,,Actif,2026-06-29T00:22:55.220661,basse
BJ-395D6894,Décoration Distribution,Commerce & Distribution,Bétérou,+229 82 87 31 86,,décorationdistribution.bj,TPE (<10),B2B/B2C,LinkedIn,,Actif,2026-06-29T00:22:55.220673,moyenne
BJ-E6C88397,Jouets Bétérou,Commerce & Distribution,Bétérou,+229 50 18 45 89,,jouetsbétérou.bj,PME (50-200),B2B/B2C,LinkedIn,,Actif,2026-06-29T00:22:55.220685,moyenne
BJ-038FA580,Cosmétique,Commerce & Distribution,Bétérou,+229 93 33 79 85,,cosmétique.bj,PME (10-50),B2C,LinkedIn,,Actif,2026-06-29T00:22:55.220701,moyenne
BJ-77DEE762,Shop Sport,Commerce & Distribution,Ouessè,+229 43 72 89 32,,,Grande (>200),B2B/B2C,LinkedIn,,Actif,2026-06-29T00:22:55.220739,basse
BJ-3F0FA114,Groupe Moto Store Ouessè,Commerce & Distribution,Ouessè,+229 70 38 30 61,,groupemotostoreouessè.bj,PME (10-50),B2C,LinkedIn,,Actif,2026-06-29T00:22:55.220755,moyenne
BJ-286D8E6F,SARL Épicerie Ouessè,Commerce & Distribution,Ouessè,+229 20 75 25 17,sarl_épicerie@gmail.com,,PME (10-50),B2C,LinkedIn,,Actif,2026-06-29T00:22:55.220773,moyenne
BJ-8DBF35D4,Groupe Électroménager Ouessè,Commerce & Distribution,Ouessè,+229 81 48 88 92,groupe.électroménager@outlook.com,,PME (10-50),B2C,LinkedIn,,Actif,2026-06-29T00:22:55.220790,moyenne
BJ-99E304BE,Vêtements Distribution,Commerce & Distribution,Glazoué,+229 96 35 86 34,,vêtementsdistribution.bj,TPE (<10),B2C,LinkedIn,,Actif,2026-06-29T00:22:55.220809,moyenne
BJ-E07C329C,Super Boutique Store,Commerce & Distribution,Glazoué,+229 43 24 36 20,,,PME (50-200),B2C,LinkedIn,,Actif,2026-06-29T00:22:55.220820,basse
BJ-5C9B22ED,Centre Outillage Groupe,Commerce & Distribution,Glazoué,+229 32 21 48 86,,,TPE (<10),B2B/B2C,LinkedIn,,Actif,2026-06-29T00:22:55.220831,basse
BJ-B7C89313,Store Outillage Commerce,Commerce & Distribution,Glazoué,+229 69 99 72 89,s.outillage@yahoo.fr,,TPE (<10),B2C,LinkedIn,,Actif,2026-06-29T00:22:55.220847,moyenne
BJ-6D08B1C4,SARL Outillage,Commerce & Distribution,Glazoué,+229 53 24 29 34,,sarloutillage.bj,TPE (<10),B2C,LinkedIn,,Actif,2026-06-29T00:22:55.220858,moyenne
BJ-9C7D86B4,Discount International,Commerce & Distribution,Dassa-Zoumè,+229 95 38 19 61,,,PME (50-200),B2B/B2C,LinkedIn,,Actif,2026-06-29T00:22:55.220876,basse
BJ-25DC6437,Boutique Grossiste Dassa-Zoumè,Commerce & Distribution,Dassa-Zoumè,+229 62 67 62 26,boutiquegrossiste@boutiquegrossis.com.bj,boutiquegrossistedassazoumè.bj,PME (10-50),B2C,LinkedIn,,Actif,2026-06-29T00:22:55.220910,haute
BJ-5369784D,Magasin Hard,Commerce & Distribution,Dassa-Zoumè,+229 54 75 78 75,magasin_hard@magasinhard.org.bj,magasinhard.bj,TPE (<10),B2C,LinkedIn,,Actif,2026-06-29T00:22:55.220933,haute
BJ-A271BDC5,SARL Meuble,Commerce & Distribution,Savalou,+229 23 71 10 54,,,PME (50-200),B2B/B2C,LinkedIn,,Actif,2026-06-29T00:22:55.220980,basse
BJ-92B6F2DE,Shop Quincaillerie Ets,Commerce & Distribution,Savalou,+229 94 34 80 27,shop_quincaillerie@shopquincailler.org.bj,,PME (10-50),B2C,LinkedIn,,Actif,2026-06-29T00:22:55.220997,moyenne
BJ-902A16BD,Super Vêtements,Commerce & Distribution,Savalou,+229 25 29 91 99,supervêtements@supervêtements.org.bj,,TPE (<10),B2C,LinkedIn,,Actif,2026-06-29T00:22:55.221014,moyenne
BJ-6C885DB3,Marché Cosmétique,Commerce & Distribution,Savalou,+229 34 68 97 78,m.cosmétique@marchécosmétiqu.bj,,PME (10-50),B2B/B2C,LinkedIn,,Actif,2026-06-29T00:22:55.221032,moyenne
BJ-4F59E91C,Store Boutique Market,Commerce & Distribution,Savalou,+229 94 44 16 38,store.boutique@gmail.com,storeboutiquemarket.bj,PME (10-50),B2C,LinkedIn,,Actif,2026-06-29T00:22:55.221053,haute
BJ-E113A30D,Marché Bantè,Commerce & Distribution,Bantè,+229 26 90 26 27,marché.bantè@yahoo.fr,,PME (10-50),B2C,LinkedIn,,Actif,2026-06-29T00:22:55.221076,moyenne
BJ-C29DA5B7,Décoration SARL,Commerce & Distribution,Bantè,+229 44 52 78 70,,,PME (10-50),B2C,LinkedIn,,Actif,2026-06-29T00:22:55.221088,basse
BJ-02BD2B4E,Supply SARL,Commerce & Distribution,Bantè,+229 56 96 26 88,,supplysarl.bj,PME (10-50),B2B/B2C,LinkedIn,,Actif,2026-06-29T00:22:55.221103,moyenne
BJ-8951C539,Discount,Commerce & Distribution,Bantè,+229 41 92 92 97,discount@discount.com.bj,,TPE (<10),B2C,LinkedIn,,Actif,2026-06-29T00:22:55.221117,moyenne
BJ-8F6DA235,Shop Mode Store Bantè,Commerce & Distribution,Bantè,+229 50 22 97 87,,shopmodestorebantè.bj,Grande (>200),B2C,LinkedIn,,Actif,2026-06-29T00:22:55.221130,moyenne
BJ-01782806,Boutique Vêtements Djougou,Commerce & Distribution,Djougou,+229 86 75 51 70,boutiquevêtements@boutiquevêtemen.com.bj,boutiquevêtementsdjougou.bj,TPE (<10),B2C,LinkedIn,,Actif,2026-06-29T00:22:55.221181,haute
BJ-197DAD94,Magasin,Commerce & Distribution,Djougou,+229 70 32 75 98,,magasin.bj,PME (10-50),B2C,LinkedIn,,Actif,2026-06-29T00:22:55.221194,moyenne
BJ-98145D57,Groupe Meuble Commerce,Commerce & Distribution,Djougou,+229 63 50 71 58,,groupemeublecommerce.bj,Grande (>200),B2B/B2C,LinkedIn,,Actif,2026-06-29T00:22:55.221206,moyenne
BJ-4A2AB39B,Boutique Provision SARL,Commerce & Distribution,Djougou,+229 63 85 31 57,boutiqueprovision@boutiqueprovisi.com.bj,boutiqueprovisionsarl.bj,PME (50-200),B2C,LinkedIn,,Actif,2026-06-29T00:22:55.221223,haute
BJ-49B7C21F,Marché Jardin,Commerce & Distribution,Ouèssè,+229 43 47 29 23,m.jardin@marchéjardin.com.bj,marchéjardin.bj,PME (10-50),B2C,LinkedIn,,Actif,2026-06-29T00:22:55.221247,haute
BJ-C3CE8840,Commerce Jouets Ouèssè,Commerce & Distribution,Ouèssè,+229 65 87 38 80,commerce.jouets@yahoo.fr,commercejouetsouèssè.bj,PME (50-200),B2C,LinkedIn,,Actif,2026-06-29T00:22:55.221264,haute
BJ-8AFC2655,SARL Décoration International Ouèssè,Commerce & Distribution,Ouèssè,+229 83 65 99 13,s.décoration@hotmail.com,,PME (10-50),B2C,LinkedIn,,Actif,2026-06-29T00:22:55.221287,moyenne
BJ-7AD8901D,Chaussures,Commerce & Distribution,Ouèssè,+229 77 51 68 45,chaussures@yahoo.com,,Grande (>200),B2B/B2C,LinkedIn,,Actif,2026-06-29T00:22:55.221302,moyenne
BJ-F8FD487B,Hypermarché,Commerce & Distribution,Ouèssè,+229 84 27 14 49,,,PME (10-50),B2C,LinkedIn,,Actif,2026-06-29T00:22:55.221313,basse
BJ-DA5B910F,Commerce Épicerie Bassila,Commerce & Distribution,Bassila,+229 22 90 60 47,c.épicerie@gmail.com,,PME (10-50),B2C,LinkedIn,,Actif,2026-06-29T00:22:55.221353,moyenne
BJ-A567C614,Store Moto,Commerce & Distribution,Bassila,+229 78 17 76 25,storemoto@storemoto.org.bj,storemoto.bj,PME (10-50),B2C,LinkedIn,,Actif,2026-06-29T00:22:55.221369,haute
BJ-63DDFE1F,Store Grossiste,Commerce & Distribution,Bassila,+229 98 67 73 68,storegrossiste@outlook.com,,PME (10-50),B2C,LinkedIn,,Actif,2026-06-29T00:22:55.221385,moyenne
BJ-8C1D5EE3,Commerce Alimentaire,Commerce & Distribution,Bassila,+229 55 40 49 90,commerce.alimentaire@commercealiment.com.bj,,PME (50-200),B2B/B2C,LinkedIn,,Actif,2026-06-29T00:22:55.221400,moyenne
BJ-6C19A812,Commerce Cosmétique,Commerce & Distribution,Pehunco,+229 30 60 35 36,commercecosmétique@gmail.com,,PME (10-50),B2C,LinkedIn,,Actif,2026-06-29T00:22:55.221423,moyenne
BJ-BE94A493,Shop Outillage Groupe Pehunco,Commerce & Distribution,Pehunco,+229 74 67 94 93,shopoutillage@shopoutillagegr.com.bj,,PME (10-50),B2B/B2C,LinkedIn,,Actif,2026-06-29T00:22:55.221440,moyenne
BJ-19829916,Commerce Commerce,Commerce & Distribution,Pehunco,+229 32 75 59 78,c.commerce@commercecommerc.com.bj,,PME (10-50),B2C,LinkedIn,,Actif,2026-06-29T00:22:55.221458,moyenne
BJ-629EF6C5,Store Outillage Commerce,Commerce & Distribution,Pehunco,+229 30 56 67 65,s.outillage@hotmail.com,storeoutillagecommerce.bj,Grande (>200),B2B/B2C,LinkedIn,,Actif,2026-06-29T00:22:55.221475,haute
BJ-C6404881,Drive Shop,Commerce & Distribution,Pehunco,+229 72 74 21 15,d.shop@gmail.com,,TPE (<10),B2C,LinkedIn,,Actif,2026-06-29T00:22:55.221490,moyenne
BJ-57A63888,Marché Sport Distribution,Commerce & Distribution,Copargo,+229 78 54 85 95,m.sport@marchésportdist.com.bj,,TPE (<10),B2C,LinkedIn,,Actif,2026-06-29T00:22:55.221514,moyenne
BJ-73E9E7E3,Chaussures Market,Commerce & Distribution,Copargo,+229 55 90 94 15,chaussuresmarket@chaussuresmarke.com.bj,,PME (10-50),B2C,LinkedIn,,Actif,2026-06-29T00:22:55.221530,moyenne
BJ-6BD96D94,Épicerie Bénin,Commerce & Distribution,Copargo,+229 77 36 18 53,,épiceriebénin.bj,TPE (<10),B2C,LinkedIn,,Actif,2026-06-29T00:22:55.221543,moyenne
BJ-974315DC,Boutique Électroménager,Commerce & Distribution,Copargo,+229 38 28 62 41,,,PME (50-200),B2C,LinkedIn,,Actif,2026-06-29T00:22:55.221555,basse
BJ-B89E1B69,Cash,Commerce & Distribution,Copargo,+229 97 12 76 42,cash@cash.bj,cash.bj,PME (50-200),B2B/B2C,LinkedIn,,Actif,2026-06-29T00:22:55.221569,haute
BJ-D4E2A4F0,Auberge Sushi,Restauration & Hôtellerie,Cotonou,+229 74 72 86 61,auberge.sushi@aubergesushi.com.bj,aubergesushi.bj,PME (10-50),B2C,LinkedIn,,Actif,2026-06-29T00:22:55.221593,haute
BJ-2A54E156,Traiteur Continental,Restauration & Hôtellerie,Cotonou,+229 67 12 59 99,traiteur.continental@traiteurcontine.org.bj,,PME (10-50),B2C,LinkedIn,,Actif,2026-06-29T00:22:55.221615,moyenne
BJ-BD48338C,Royal International Cotonou,Restauration & Hôtellerie,Cotonou,+229 97 20 73 67,royalinternational@royalinternatio.org.bj,royalinternationalcotonou.bj,PME (10-50),B2C,LinkedIn,,Actif,2026-06-29T00:22:55.221638,haute
BJ-0A02EAB7,Tacos Café,Restauration & Hôtellerie,Cotonou,+229 59 30 11 98,tacoscafé@yahoo.fr,tacoscafé.bj,PME (10-50),B2C,LinkedIn,,Actif,2026-06-29T00:22:55.221656,haute
BJ-4F3FE331,Hôtel Local Brasserie,Restauration & Hôtellerie,Cotonou,+229 66 70 79 78,hôtellocal@gmail.com,hôtellocalbrasserie.bj,TPE (<10),B2C,LinkedIn,,Actif,2026-06-29T00:22:55.221673,haute
BJ-E9FC1D39,Royal Abomey-Calavi,Restauration & Hôtellerie,Abomey-Calavi,+229 85 19 52 45,,royalabomeycalavi.bj,Grande (>200),B2C,LinkedIn,,Actif,2026-06-29T00:22:55.221694,moyenne
BJ-4DD95F2A,Food Sandwich Abomey-Calavi,Restauration & Hôtellerie,Abomey-Calavi,+229 79 35 50 91,,foodsandwichabomeycalavi.bj,PME (10-50),B2C,LinkedIn,,Actif,2026-06-29T00:22:55.221707,moyenne
BJ-2F24ECCD,Bar Saveur Spa Abomey-Calavi,Restauration & Hôtellerie,Abomey-Calavi,+229 26 35 32 49,barsaveur@gmail.com,barsaveurspaabomeycalavi.bj,PME (10-50),B2C,LinkedIn,,Actif,2026-06-29T00:22:55.221724,haute
BJ-41CFFC3B,Brasserie Discothèque Resort Abomey-Calavi,Restauration & Hôtellerie,Abomey-Calavi,+229 21 91 48 10,,brasseriediscothèqueresortabomeycalavi.bj,Grande (>200),B2C,LinkedIn,,Actif,2026-06-29T00:22:55.221738,moyenne
BJ-9C98D47E,Café Glacier Restaurant,Restauration & Hôtellerie,Abomey-Calavi,+229 79 65 18 45,,caféglacierrestaurant.bj,PME (10-50),B2C,LinkedIn,,Actif,2026-06-29T00:22:55.221751,moyenne
BJ-209F29EE,Hôtel Plaisir Spa,Restauration & Hôtellerie,Porto-Novo,+229 87 88 38 70,hôtel.plaisir@yahoo.fr,,PME (50-200),B2C,LinkedIn,,Actif,2026-06-29T00:22:55.221777,moyenne
BJ-D31EB239,Food Sandwich,Restauration & Hôtellerie,Porto-Novo,+229 75 88 46 54,food.sandwich@hotmail.com,foodsandwich.bj,TPE (<10),B2C,LinkedIn,,Actif,2026-06-29T00:22:55.221794,haute
BJ-D992B201,Restaurant Saveur Palace Porto-Novo,Restauration & Hôtellerie,Porto-Novo,+229 29 29 50 30,restaurantsaveur@gmail.com,restaurantsaveurpalaceportonovo.bj,PME (10-50),B2C,LinkedIn,,Actif,2026-06-29T00:22:55.221814,haute
BJ-66045284,Tacos,Restauration & Hôtellerie,Porto-Novo,+229 33 10 76 24,tacos@tacos.org.bj,tacos.bj,PME (10-50),B2C,LinkedIn,,Actif,2026-06-29T00:22:55.221829,haute
BJ-D49E4E66,Goût,Restauration & Hôtellerie,Porto-Novo,+229 26 47 48 88,goût@yahoo.fr,goût.bj,TPE (<10),B2C,LinkedIn,,Actif,2026-06-29T00:22:55.221843,haute
BJ-16B35725,Karaoke,Restauration & Hôtellerie,Parakou,+229 46 85 22 10,,karaoke.bj,TPE (<10),B2C,LinkedIn,,Actif,2026-06-29T00:22:55.221862,moyenne
BJ-B28B252D,Cantine Pizzeria Café Parakou,Restauration & Hôtellerie,Parakou,+229 57 12 48 93,,,PME (10-50),B2C,LinkedIn,,Actif,2026-06-29T00:22:55.221874,basse
BJ-BACD453F,Glacier Inn,Restauration & Hôtellerie,Parakou,+229 32 76 43 78,glacierinn@yahoo.com,glacierinn.bj,PME (10-50),B2C,LinkedIn,,Actif,2026-06-29T00:22:55.221910,haute
BJ-95C6E878,Burger,Restauration & Hôtellerie,Parakou,+229 87 58 59 77,burger@outlook.com,burger.bj,PME (10-50),B2C,LinkedIn,,Actif,2026-06-29T00:22:55.221927,haute
BJ-660A853D,Pizzeria Spa,Restauration & Hôtellerie,Bohicon,+229 32 75 79 31,,pizzeriaspa.bj,TPE (<10),B2C,LinkedIn,,Actif,2026-06-29T00:22:55.221961,moyenne
BJ-2DB7661C,Fusion,Restauration & Hôtellerie,Bohicon,+229 22 75 49 69,,fusion.bj,TPE (<10),B2C,LinkedIn,,Actif,2026-06-29T00:22:55.221973,moyenne
BJ-5B4352A9,Gourmet,Restauration & Hôtellerie,Bohicon,+229 39 35 76 18,gourmet@yahoo.com,gourmet.bj,TPE (<10),B2C,LinkedIn,,Actif,2026-06-29T00:22:55.221990,haute
BJ-B500F0A8,Bar Saveurs,Restauration & Hôtellerie,Bohicon,+229 83 81 46 94,bar.saveurs@yahoo.fr,,TPE (<10),B2C,LinkedIn,,Actif,2026-06-29T00:22:55.222006,moyenne
BJ-94BA3FE5,Bistro,Restauration & Hôtellerie,Bohicon,+229 52 47 52 92,bistro@gmail.com,,TPE (<10),B2C,LinkedIn,,Actif,2026-06-29T00:22:55.222019,moyenne
BJ-DE429898,Cantine Pub Natitingou,Restauration & Hôtellerie,Natitingou,+229 32 66 17 42,cantine.pub@cantinepubnatit.com.bj,cantinepubnatitingou.bj,TPE (<10),B2C,LinkedIn,,Actif,2026-06-29T00:22:55.222044,haute
BJ-78D71955,Tacos Café Natitingou,Restauration & Hôtellerie,Natitingou,+229 27 79 29 90,tacos.café@tacoscafénatiti.com.bj,,PME (10-50),B2C,LinkedIn,,Actif,2026-06-29T00:22:55.222066,moyenne
BJ-CF69573D,Plaisir Bénin,Restauration & Hôtellerie,Natitingou,+229 48 46 16 32,plaisirbénin@plaisirbénin.bj,plaisirbénin.bj,TPE (<10),B2C,LinkedIn,,Actif,2026-06-29T00:22:55.222084,haute
BJ-5BD242F6,Traiteur Sandwich Palace,Restauration & Hôtellerie,Natitingou,+229 93 30 98 35,t.sandwich@traiteursandwic.org.bj,traiteursandwichpalace.bj,TPE (<10),B2C,LinkedIn,,Actif,2026-06-29T00:22:55.222101,haute
BJ-6EB307C7,Tradition International,Restauration & Hôtellerie,Natitingou,+229 92 43 22 37,traditioninternational@traditionintern.com.bj,,PME (50-200),B2C,LinkedIn,,Actif,2026-06-29T00:22:55.222117,moyenne
BJ-BE755257,Fusion,Restauration & Hôtellerie,Lokossa,+229 39 85 92 31,,fusion.bj,PME (50-200),B2C,LinkedIn,,Actif,2026-06-29T00:22:55.222136,moyenne
BJ-7F732469,Karaoke,Restauration & Hôtellerie,Lokossa,+229 55 50 71 72,karaoke@karaoke.org.bj,karaoke.bj,PME (10-50),B2C,LinkedIn,,Actif,2026-06-29T00:22:55.222151,haute
BJ-3BFFF9A6,Nouveau Lodge,Restauration & Hôtellerie,Lokossa,+229 49 26 37 93,n.lodge@yahoo.com,,TPE (<10),B2C,LinkedIn,,Actif,2026-06-29T00:22:55.222172,moyenne
BJ-387B16AF,International Village Lokossa,Restauration & Hôtellerie,Lokossa,+229 92 58 75 78,i.village@internationalvi.org.bj,internationalvillagelokossa.bj,TPE (<10),B2C,LinkedIn,,Actif,2026-06-29T00:22:55.222190,haute
BJ-07BA2FED,Fusion Hotel,Restauration & Hôtellerie,Lokossa,+229 21 68 11 12,f.hotel@gmail.com,,PME (50-200),B2C,LinkedIn,,Actif,2026-06-29T00:22:55.222204,moyenne
BJ-B9CB6F98,Bar Pâtisserie,Restauration & Hôtellerie,Ouidah,+229 23 53 14 42,barpâtisserie@outlook.com,,PME (50-200),B2C,LinkedIn,,Actif,2026-06-29T00:22:55.222227,moyenne
BJ-51E7EC5C,Pension Chocolaterie Brasserie,Restauration & Hôtellerie,Ouidah,+229 81 72 83 64,p.chocolaterie@hotmail.com,pensionchocolateriebrasserie.bj,PME (50-200),B2C,LinkedIn,,Actif,2026-06-29T00:22:55.222244,haute
BJ-72A944B9,Auberge Tradition,Restauration & Hôtellerie,Ouidah,+229 38 85 99 80,a.tradition@aubergetraditio.bj,aubergetradition.bj,TPE (<10),B2C,LinkedIn,,Actif,2026-06-29T00:22:55.222259,haute
BJ-34F148E1,Restaurant Authentique Ouidah,Restauration & Hôtellerie,Ouidah,+229 64 69 50 54,r.authentique@gmail.com,restaurantauthentiqueouidah.bj,TPE (<10),B2C,LinkedIn,,Actif,2026-06-29T00:22:55.222274,haute
BJ-99A4A3DC,Salade,Restauration & Hôtellerie,Ouidah,+229 61 46 95 70,,salade.bj,PME (10-50),B2C,LinkedIn,,Actif,2026-06-29T00:22:55.222286,moyenne
BJ-CC868EB7,Pâtisserie Lodge,Restauration & Hôtellerie,Savalou,+229 96 92 49 47,,pâtisserielodge.bj,TPE (<10),B2C,LinkedIn,,Actif,2026-06-29T00:22:55.222318,moyenne
BJ-85F2D1B4,Tacos Savalou,Restauration & Hôtellerie,Savalou,+229 43 83 73 69,tacos.savalou@tacossavalou.bj,tacossavalou.bj,TPE (<10),B2C,LinkedIn,,Actif,2026-06-29T00:22:55.222363,haute
BJ-27CA353A,Fusion Dassa-Zoumè,Restauration & Hôtellerie,Dassa-Zoumè,+229 71 51 68 25,fusion.dassa@gmail.com,,PME (10-50),B2C,LinkedIn,,Actif,2026-06-29T00:22:55.222387,moyenne
BJ-E28B74A3,Pizzeria,Restauration & Hôtellerie,Dassa-Zoumè,+229 33 81 94 79,,pizzeria.bj,PME (50-200),B2C,LinkedIn,,Actif,2026-06-29T00:22:55.222402,moyenne
BJ-A7C614E9,Bar Tradition Resort Dassa-Zoumè,Restauration & Hôtellerie,Dassa-Zoumè,+229 35 24 76 44,,,PME (50-200),B2C,LinkedIn,,Actif,2026-06-29T00:22:55.222414,basse
BJ-B642BADF,Pâtisserie Brasserie,Restauration & Hôtellerie,Dassa-Zoumè,+229 69 90 37 13,p.brasserie@pâtisseriebrass.com.bj,pâtisseriebrasserie.bj,TPE (<10),B2C,LinkedIn,,Actif,2026-06-29T00:22:55.222438,haute
BJ-61C1C609,Restaurant Local,Restauration & Hôtellerie,Dassa-Zoumè,+229 64 78 58 84,r.local@restaurantlocal.bj,restaurantlocal.bj,TPE (<10),B2C,LinkedIn,,Actif,2026-06-29T00:22:55.222455,haute
BJ-72B7297E,Nouveau Palace Kétou,Restauration & Hôtellerie,Kétou,+229 74 31 16 68,,nouveaupalacekétou.bj,PME (10-50),B2C,LinkedIn,,Actif,2026-06-29T00:22:55.222476,moyenne
BJ-C9137DAC,Burger,Restauration & Hôtellerie,Kétou,+229 85 19 61 42,,burger.bj,PME (10-50),B2C,LinkedIn,,Actif,2026-06-29T00:22:55.222488,moyenne
BJ-8C9ECABA,Food Village Spa,Restauration & Hôtellerie,Kétou,+229 46 31 88 54,,,TPE (<10),B2C,LinkedIn,,Actif,2026-06-29T00:22:55.222503,basse
BJ-4EC884FC,Auberge Ambiance Lodge,Restauration & Hôtellerie,Kétou,+229 55 67 81 74,,aubergeambiancelodge.bj,TPE (<10),B2C,LinkedIn,,Actif,2026-06-29T00:22:55.222516,moyenne
BJ-3B31B8E5,Fast Saveurs,Restauration & Hôtellerie,Kétou,+229 60 61 14 26,fast.saveurs@hotmail.com,fastsaveurs.bj,TPE (<10),B2C,LinkedIn,,Actif,2026-06-29T00:22:55.222532,haute
BJ-3664D26F,Pension Jardin,Restauration & Hôtellerie,Covè,+229 80 95 40 67,pension.jardin@pensionjardin.com.bj,pensionjardin.bj,PME (50-200),B2C,LinkedIn,,Actif,2026-06-29T00:22:55.222568,haute
BJ-CAD7AC40,Snack Africain,Restauration & Hôtellerie,Covè,+229 46 67 63 48,,snackafricain.bj,TPE (<10),B2C,LinkedIn,,Actif,2026-06-29T00:22:55.222580,moyenne
BJ-43B4CD21,Cantine Local,Restauration & Hôtellerie,Covè,+229 43 83 86 57,cantine_local@cantinelocal.org.bj,cantinelocal.bj,TPE (<10),B2C,LinkedIn,,Actif,2026-06-29T00:22:55.222596,haute
BJ-6DAE6CC7,Restaurant Africain Brasserie,Restauration & Hôtellerie,Covè,+229 74 18 54 90,,restaurantafricainbrasserie.bj,TPE (<10),B2C,LinkedIn,,Actif,2026-06-29T00:22:55.222607,moyenne
BJ-E3F66804,Boulangerie Brasserie,Restauration & Hôtellerie,Pobè,+229 58 80 13 38,,boulangeriebrasserie.bj,Grande (>200),B2C,LinkedIn,,Actif,2026-06-29T00:22:55.222626,moyenne
BJ-781764F3,Pension Tacos,Restauration & Hôtellerie,Pobè,+229 82 94 97 12,p.tacos@yahoo.fr,pensiontacos.bj,PME (50-200),B2C,LinkedIn,,Actif,2026-06-29T00:22:55.222645,haute
BJ-9EFB8912,Royal Brasserie,Restauration & Hôtellerie,Pobè,+229 69 18 80 14,royalbrasserie@gmail.com,,PME (10-50),B2C,LinkedIn,,Actif,2026-06-29T00:22:55.222663,moyenne
BJ-DB22AF79,Café Lounge,Restauration & Hôtellerie,Pobè,+229 75 42 95 70,,cafélounge.bj,PME (50-200),B2C,LinkedIn,,Actif,2026-06-29T00:22:55.222677,moyenne
BJ-507A1DC3,Chocolaterie Restaurant,Restauration & Hôtellerie,Pobè,+229 53 84 74 80,chocolaterierestaurant@chocolaterieres.org.bj,chocolaterierestaurant.bj,TPE (<10),B2C,LinkedIn,,Actif,2026-06-29T00:22:55.222693,haute
BJ-9C3501B3,International Inn,Restauration & Hôtellerie,Sakété,+229 71 15 64 60,internationalinn@internationalin.org.bj,internationalinn.bj,PME (10-50),B2C,LinkedIn,,Actif,2026-06-29T00:22:55.222716,haute
BJ-31565CE9,Africain Hotel,Restauration & Hôtellerie,Sakété,+229 61 34 71 37,a.hotel@africainhotel.org.bj,africainhotel.bj,TPE (<10),B2C,LinkedIn,,Actif,2026-06-29T00:22:55.222732,haute
BJ-582D09E5,Brasserie Sandwich Village,Restauration & Hôtellerie,Sakété,+229 50 83 82 38,,brasseriesandwichvillage.bj,TPE (<10),B2C,LinkedIn,,Actif,2026-06-29T00:22:55.222744,moyenne
BJ-4B127EFF,Pension Gourmet Hotel,Restauration & Hôtellerie,Sakété,+229 26 25 60 74,,pensiongourmethotel.bj,TPE (<10),B2C,LinkedIn,,Actif,2026-06-29T00:22:55.222755,moyenne
BJ-0846F4FF,Fusion,Restauration & Hôtellerie,Sakété,+229 74 44 29 35,fusion@fusion.com.bj,fusion.bj,TPE (<10),B2C,LinkedIn,,Actif,2026-06-29T00:22:55.222769,haute
BJ-A320CCD9,Africain,Restauration & Hôtellerie,Adjara,+229 63 60 84 80,africain@africain.bj,africain.bj,TPE (<10),B2C,LinkedIn,,Actif,2026-06-29T00:22:55.222789,haute
BJ-3A1F783C,Pâtisserie Lodge,Restauration & Hôtellerie,Adjara,+229 80 47 63 95,pâtisserie_lodge@yahoo.fr,,Grande (>200),B2C,LinkedIn,,Actif,2026-06-29T00:22:55.222806,moyenne
BJ-BDB712B5,Food International Adjara,Restauration & Hôtellerie,Adjara,+229 56 83 95 50,food.international@yahoo.com,,TPE (<10),B2C,LinkedIn,,Actif,2026-06-29T00:22:55.222825,moyenne
BJ-A13BEEFF,Salade Palace,Restauration & Hôtellerie,Adjara,+229 92 38 88 27,,saladepalace.bj,TPE (<10),B2C,LinkedIn,,Actif,2026-06-29T00:22:55.222838,moyenne
BJ-D4E108FA,Food Saveurs,Restauration & Hôtellerie,Adjara,+229 24 76 97 69,f.saveurs@foodsaveurs.com.bj,,TPE (<10),B2C,LinkedIn,,Actif,2026-06-29T00:22:55.222853,moyenne
BJ-78E93BA5,Hôtel Pâtisserie,Restauration & Hôtellerie,Allada,+229 36 15 48 44,,hôtelpâtisserie.bj,TPE (<10),B2C,LinkedIn,,Actif,2026-06-29T00:22:55.222876,moyenne
BJ-6EE3E896,Food Gourmet Brasserie,Restauration & Hôtellerie,Allada,+229 98 18 94 18,,foodgourmetbrasserie.bj,TPE (<10),B2C,LinkedIn,,Actif,2026-06-29T00:22:55.222897,moyenne
BJ-9CA978AA,Traiteur Africain,Restauration & Hôtellerie,Allada,+229 81 91 56 79,traiteur_africain@traiteurafricai.org.bj,traiteurafricain.bj,TPE (<10),B2C,LinkedIn,,Actif,2026-06-29T00:22:55.222916,haute
BJ-122C4B06,Burger,Restauration & Hôtellerie,Allada,+229 29 19 62 70,burger@burger.bj,,Grande (>200),B2C,LinkedIn,,Actif,2026-06-29T00:22:55.222930,moyenne
BJ-0311680B,Brasserie,Restauration & Hôtellerie,Allada,+229 22 53 40 11,,brasserie.bj,PME (10-50),B2C,LinkedIn,,Actif,2026-06-29T00:22:55.222941,moyenne
BJ-BB6F6DE0,Fast Gourmet,Restauration & Hôtellerie,Aplahoué,+229 44 24 16 42,,fastgourmet.bj,TPE (<10),B2C,LinkedIn,,Actif,2026-06-29T00:22:55.222960,moyenne
BJ-0A61EB89,Chocolaterie Lodge Aplahoué,Restauration & Hôtellerie,Aplahoué,+229 52 37 68 41,chocolaterie.lodge@gmail.com,chocolaterielodgeaplahoué.bj,TPE (<10),B2C,LinkedIn,,Actif,2026-06-29T00:22:55.222977,haute
BJ-683FC8FC,Food Gourmet Lodge,Restauration & Hôtellerie,Aplahoué,+229 44 34 40 66,food_gourmet@gmail.com,foodgourmetlodge.bj,Grande (>200),B2C,LinkedIn,,Actif,2026-06-29T00:22:55.222996,haute
BJ-D7B1C2AC,Snack Royal,Restauration & Hôtellerie,Aplahoué,+229 74 69 66 29,s.royal@snackroyal.bj,,PME (10-50),B2C,LinkedIn,,Actif,2026-06-29T00:22:55.223013,moyenne
BJ-03237724,Chocolaterie Café,Restauration & Hôtellerie,Aplahoué,+229 97 43 81 17,chocolaterie.café@chocolateriecaf.org.bj,,TPE (<10),B2C,LinkedIn,,Actif,2026-06-29T00:22:55.223030,moyenne
BJ-7554A69A,Traiteur Sandwich,Restauration & Hôtellerie,Dogbo-Tota,+229 77 19 68 93,,,PME (10-50),B2C,LinkedIn,,Actif,2026-06-29T00:22:55.223048,basse
BJ-0F749E2D,Auberge Ambiance,Restauration & Hôtellerie,Dogbo-Tota,+229 43 18 51 61,auberge.ambiance@yahoo.fr,aubergeambiance.bj,PME (10-50),B2C,LinkedIn,,Actif,2026-06-29T00:22:55.223063,haute
BJ-AAD6D49B,Pension Nouveau Hotel,Restauration & Hôtellerie,Dogbo-Tota,+229 45 16 60 62,pensionnouveau@hotmail.com,pensionnouveauhotel.bj,PME (50-200),B2C,LinkedIn,,Actif,2026-06-29T00:22:55.223093,haute
BJ-DF7A3EFA,Burger Dogbo-Tota,Restauration & Hôtellerie,Dogbo-Tota,+229 85 15 59 99,burger.dogbo@yahoo.fr,burgerdogbotota.bj,TPE (<10),B2C,LinkedIn,,Actif,2026-06-29T00:22:55.223125,haute
BJ-7480F027,Sandwich Resort,Restauration & Hôtellerie,Dogbo-Tota,+229 71 43 31 84,sandwich_resort@gmail.com,sandwichresort.bj,TPE (<10),B2C,LinkedIn,,Actif,2026-06-29T00:22:55.223148,haute
BJ-15F5E88F,Détente,Restauration & Hôtellerie,Kpomassè,+229 31 50 83 25,détente@gmail.com,détente.bj,TPE (<10),B2C,LinkedIn,,Actif,2026-06-29T00:22:55.223171,haute
BJ-02B0662F,Pizzeria,Restauration & Hôtellerie,Kpomassè,+229 74 85 29 34,pizzeria@pizzeria.com.bj,,PME (50-200),B2C,LinkedIn,,Actif,2026-06-29T00:22:55.223186,moyenne
BJ-C3EC5064,Fast Saveurs,Restauration & Hôtellerie,Kpomassè,+229 62 48 47 40,,,PME (10-50),B2C,LinkedIn,,Actif,2026-06-29T00:22:55.223200,basse
BJ-14D26E1D,Café Boulangerie Kpomassè,Restauration & Hôtellerie,Kpomassè,+229 75 90 71 58,café.boulangerie@gmail.com,,PME (10-50),B2C,LinkedIn,,Actif,2026-06-29T00:22:55.223219,moyenne
BJ-82DE6F00,Chocolaterie Kpomassè,Restauration & Hôtellerie,Kpomassè,+229 33 63 62 95,,chocolateriekpomassè.bj,TPE (<10),B2C,LinkedIn,,Actif,2026-06-29T00:22:55.223231,moyenne
BJ-4E615950,Tradition Brasserie,Restauration & Hôtellerie,Tori-Bossito,+229 50 47 63 82,traditionbrasserie@traditionbrasse.org.bj,traditionbrasserie.bj,PME (50-200),B2C,LinkedIn,,Actif,2026-06-29T00:22:55.223255,haute
BJ-9EF62A72,Chocolaterie Brasserie,Restauration & Hôtellerie,Tori-Bossito,+229 93 57 62 65,c.brasserie@chocolateriebra.bj,,PME (50-200),B2C,LinkedIn,,Actif,2026-06-29T00:22:55.223271,moyenne
BJ-35DE2F61,Restaurant Lac International,Restauration & Hôtellerie,Tori-Bossito,+229 96 72 11 63,restaurantlac@restaurantlacin.com.bj,restaurantlacinternational.bj,TPE (<10),B2C,LinkedIn,,Actif,2026-06-29T00:22:55.223288,haute
BJ-802E2233,Local,Restauration & Hôtellerie,Tori-Bossito,+229 36 57 47 10,,local.bj,Grande (>200),B2C,LinkedIn,,Actif,2026-06-29T00:22:55.223301,moyenne
BJ-1A392636,Gourmet Brasserie Tori-Bossito,Restauration & Hôtellerie,Tori-Bossito,+229 44 85 25 31,gourmetbrasserie@gourmetbrasseri.org.bj,gourmetbrasserietoribossito.bj,TPE (<10),B2C,LinkedIn,,Actif,2026-06-29T00:22:55.223317,haute
BJ-5E0D91D5,Local Restaurant,Restauration & Hôtellerie,Grand-Popo,+229 70 18 65 80,local.restaurant@yahoo.fr,localrestaurant.bj,PME (10-50),B2C,LinkedIn,,Actif,2026-06-29T00:22:55.223339,haute
BJ-866C707A,Tacos Inn,Restauration & Hôtellerie,Grand-Popo,+229 29 40 87 37,,tacosinn.bj,PME (10-50),B2C,LinkedIn,,Actif,2026-06-29T00:22:55.223351,moyenne
BJ-AFACED03,Karaoke Lodge,Restauration & Hôtellerie,Grand-Popo,+229 48 21 39 90,karaoke.lodge@karaokelodge.com.bj,karaokelodge.bj,PME (10-50),B2C,LinkedIn,,Actif,2026-06-29T00:22:55.223373,haute
BJ-C2D6F675,Table Hotel,Restauration & Hôtellerie,Grand-Popo,+229 53 46 38 66,table.hotel@tablehotel.org.bj,tablehotel.bj,PME (10-50),B2C,LinkedIn,,Actif,2026-06-29T00:22:55.223404,haute
BJ-9F18F1B2,Pension Local,Restauration & Hôtellerie,Athiémé,+229 89 73 27 81,,pensionlocal.bj,Grande (>200),B2C,LinkedIn,,Actif,2026-06-29T00:22:55.223424,moyenne
BJ-61E83315,Café Détente Café,Restauration & Hôtellerie,Athiémé,+229 42 28 28 42,,cafédétentecafé.bj,Grande (>200),B2C,LinkedIn,,Actif,2026-06-29T00:22:55.223437,moyenne
BJ-F83658B7,Continental,Restauration & Hôtellerie,Athiémé,+229 44 74 57 34,continental@continental.com.bj,continental.bj,TPE (<10),B2C,LinkedIn,,Actif,2026-06-29T00:22:55.223450,haute
BJ-F26BFC3A,Café Grand Spa,Restauration & Hôtellerie,Athiémé,+229 75 22 97 36,,cafégrandspa.bj,PME (10-50),B2C,LinkedIn,,Actif,2026-06-29T00:22:55.223463,moyenne
BJ-40F072A5,Auberge Fusion Brasserie Athiémé,Restauration & Hôtellerie,Athiémé,+229 22 74 69 68,aubergefusion@hotmail.com,aubergefusionbrasserieathiémé.bj,PME (50-200),B2C,LinkedIn,,Actif,2026-06-29T00:22:55.223481,haute
BJ-752B18EF,Gourmet Lodge,Restauration & Hôtellerie,Bopa,+229 69 22 58 36,,gourmetlodge.bj,TPE (<10),B2C,LinkedIn,,Actif,2026-06-29T00:22:55.223503,moyenne
BJ-7AC0F3CD,Hôtel Salade Bopa,Restauration & Hôtellerie,Bopa,+229 67 69 12 26,,hôtelsaladebopa.bj,PME (10-50),B2C,LinkedIn,,Actif,2026-06-29T00:22:55.223517,moyenne
BJ-D5B87E8A,Brasserie Bopa,Restauration & Hôtellerie,Bopa,+229 23 96 43 95,brasserie_bopa@outlook.com,brasseriebopa.bj,TPE (<10),B2C,LinkedIn,,Actif,2026-06-29T00:22:55.223537,haute
BJ-DC24B778,Brasserie Continental Village,Restauration & Hôtellerie,Bopa,+229 81 23 11 18,b.continental@brasseriecontin.com.bj,brasseriecontinentalvillage.bj,PME (10-50),B2C,LinkedIn,,Actif,2026-06-29T00:22:55.223554,haute
BJ-5D57E5DF,Food Lounge Restaurant Bopa,Restauration & Hôtellerie,Bopa,+229 61 23 41 62,,foodloungerestaurantbopa.bj,TPE (<10),B2C,LinkedIn,,Actif,2026-06-29T00:22:55.223566,moyenne
BJ-41ED638C,Tradition,Restauration & Hôtellerie,Houéyogbé,+229 43 58 26 87,tradition@outlook.com,tradition.bj,PME (10-50),B2C,LinkedIn,,Actif,2026-06-29T00:22:55.223587,haute
BJ-4488F9E8,Sushi Houéyogbé,Restauration & Hôtellerie,Houéyogbé,+229 43 46 85 39,sushi_houéyogbé@sushihouéyogbé.com.bj,,TPE (<10),B2C,LinkedIn,,Actif,2026-06-29T00:22:55.223605,moyenne
BJ-15F0E6C8,Traiteur Fusion,Restauration & Hôtellerie,Houéyogbé,+229 52 82 30 94,,,PME (10-50),B2C,LinkedIn,,Actif,2026-06-29T00:22:55.223616,basse
BJ-F8C4E46D,Pension Boulangerie,Restauration & Hôtellerie,Houéyogbé,+229 96 41 51 90,pensionboulangerie@gmail.com,pensionboulangerie.bj,PME (50-200),B2C,LinkedIn,,Actif,2026-06-29T00:22:55.223652,haute
BJ-25C38738,Karaoke Lodge Malanville,Restauration & Hôtellerie,Malanville,+229 90 86 48 44,karaokelodge@yahoo.com,karaokelodgemalanville.bj,TPE (<10),B2C,LinkedIn,,Actif,2026-06-29T00:22:55.223676,haute
BJ-CA595E03,Karaoke Hotel Malanville,Restauration & Hôtellerie,Malanville,+229 69 47 45 75,,,PME (10-50),B2C,LinkedIn,,Actif,2026-06-29T00:22:55.223688,basse
BJ-E4DFD834,Restaurant Table Hotel Malanville,Restauration & Hôtellerie,Malanville,+229 47 60 80 92,restauranttable@restauranttable.org.bj,,TPE (<10),B2C,LinkedIn,,Actif,2026-06-29T00:22:55.223707,moyenne
BJ-CB8542EC,Sushi,Restauration & Hôtellerie,Malanville,+229 40 35 20 77,,sushi.bj,PME (50-200),B2C,LinkedIn,,Actif,2026-06-29T00:22:55.223719,moyenne
BJ-B6E0C491,Glacier Malanville,Restauration & Hôtellerie,Malanville,+229 53 18 70 45,,glaciermalanville.bj,TPE (<10),B2C,LinkedIn,,Actif,2026-06-29T00:22:55.223735,moyenne
BJ-1F9588E9,Chocolaterie Hotel Kandi,Restauration & Hôtellerie,Kandi,+229 36 19 11 10,chocolateriehotel@outlook.com,chocolateriehotelkandi.bj,TPE (<10),B2C,LinkedIn,,Actif,2026-06-29T00:22:55.223770,haute
BJ-7B5096F1,Sushi,Restauration & Hôtellerie,Kandi,+229 24 94 65 77,sushi@sushi.org.bj,,TPE (<10),B2C,LinkedIn,,Actif,2026-06-29T00:22:55.223783,moyenne
BJ-D070B5E5,Restaurant Plaisir Inn,Restauration & Hôtellerie,Kandi,+229 78 99 70 91,restaurantplaisir@hotmail.com,restaurantplaisirinn.bj,PME (50-200),B2C,LinkedIn,,Actif,2026-06-29T00:22:55.223799,haute
BJ-6F03D8CB,International Inn,Restauration & Hôtellerie,Kandi,+229 46 67 24 60,,internationalinn.bj,Grande (>200),B2C,LinkedIn,,Actif,2026-06-29T00:22:55.223811,moyenne
BJ-F2DAF23C,Fast Jardin,Restauration & Hôtellerie,Banikoara,+229 41 63 85 88,,fastjardin.bj,PME (50-200),B2C,LinkedIn,,Actif,2026-06-29T00:22:55.223829,moyenne
BJ-EE221B14,Chocolaterie,Restauration & Hôtellerie,Banikoara,+229 50 89 31 24,chocolaterie@chocolaterie.org.bj,chocolaterie.bj,PME (10-50),B2C,LinkedIn,,Actif,2026-06-29T00:22:55.223843,haute
BJ-74988CBC,Café Fusion,Restauration & Hôtellerie,Banikoara,+229 87 26 30 70,café.fusion@hotmail.com,caféfusion.bj,PME (10-50),B2C,LinkedIn,,Actif,2026-06-29T00:22:55.223863,haute
BJ-0CE02B53,Gourmet Banikoara,Restauration & Hôtellerie,Banikoara,+229 30 87 62 47,gourmetbanikoara@gourmetbanikoar.org.bj,gourmetbanikoara.bj,PME (50-200),B2C,LinkedIn,,Actif,2026-06-29T00:22:55.223880,haute
BJ-45E7A526,Continental International,Restauration & Hôtellerie,Banikoara,+229 37 86 11 44,continentalinternational@continentalinte.bj,continentalinternational.bj,PME (50-200),B2C,LinkedIn,,Actif,2026-06-29T00:22:55.223909,haute
BJ-EB6001F8,Auberge Table,Restauration & Hôtellerie,Ségbana,+229 88 95 56 73,auberge.table@hotmail.com,aubergetable.bj,TPE (<10),B2C,LinkedIn,,Actif,2026-06-29T00:22:55.223937,haute
BJ-234CD426,Food Sandwich,Restauration & Hôtellerie,Ségbana,+229 51 65 28 47,,foodsandwich.bj,Grande (>200),B2C,LinkedIn,,Actif,2026-06-29T00:22:55.223950,moyenne
BJ-C22C6C90,Café Goût Restaurant,Restauration & Hôtellerie,Ségbana,+229 25 67 14 65,cafégoût@yahoo.com,cafégoûtrestaurant.bj,PME (50-200),B2C,LinkedIn,,Actif,2026-06-29T00:22:55.223967,haute
BJ-0C9F8E87,Fusion Restaurant,Restauration & Hôtellerie,Ségbana,+229 44 85 42 29,fusion.restaurant@yahoo.com,fusionrestaurant.bj,PME (10-50),B2C,LinkedIn,,Actif,2026-06-29T00:22:55.223983,haute
BJ-B4BF73B3,Burger,Restauration & Hôtellerie,Ségbana,+229 85 40 43 55,burger@burger.com.bj,burger.bj,TPE (<10),B2C,LinkedIn,,Actif,2026-06-29T00:22:55.223997,haute
BJ-139225A2,Discothèque,Restauration & Hôtellerie,Karimama,+229 78 77 27 74,,discothèque.bj,TPE (<10),B2C,LinkedIn,,Actif,2026-06-29T00:22:55.224016,moyenne
BJ-8A1F3336,Fusion Palace,Restauration & Hôtellerie,Karimama,+229 61 27 98 37,fusionpalace@gmail.com,,PME (10-50),B2C,LinkedIn,,Actif,2026-06-29T00:22:55.224031,moyenne
BJ-CE76E020,Hôtel Pizzeria Café,Restauration & Hôtellerie,Karimama,+229 83 91 35 61,,hôtelpizzeriacafé.bj,TPE (<10),B2C,LinkedIn,,Actif,2026-06-29T00:22:55.224047,moyenne
BJ-98FF2FE2,Auberge International,Restauration & Hôtellerie,Karimama,+229 39 88 25 92,auberge.international@yahoo.com,aubergeinternational.bj,PME (50-200),B2C,LinkedIn,,Actif,2026-06-29T00:22:55.224063,haute
BJ-7581844D,Hôtel Royal Karimama,Restauration & Hôtellerie,Karimama,+229 76 91 51 70,,hôtelroyalkarimama.bj,TPE (<10),B2C,LinkedIn,,Actif,2026-06-29T00:22:55.224076,moyenne
BJ-D0AEB8D8,Royal Gogounou,Restauration & Hôtellerie,Gogounou,+229 36 92 81 14,royalgogounou@outlook.com,royalgogounou.bj,TPE (<10),B2C,LinkedIn,,Actif,2026-06-29T00:22:55.224099,haute
BJ-33C474A8,Traiteur Brasserie,Restauration & Hôtellerie,Gogounou,+229 40 12 10 11,,traiteurbrasserie.bj,PME (10-50),B2C,LinkedIn,,Actif,2026-06-29T00:22:55.224111,moyenne
BJ-626D3D60,Food Lounge International,Restauration & Hôtellerie,Gogounou,+229 56 38 19 59,foodlounge@outlook.com,foodloungeinternational.bj,PME (50-200),B2C,LinkedIn,,Actif,2026-06-29T00:22:55.224126,haute
BJ-38653A5E,Pension Plaisir Spa,Restauration & Hôtellerie,Gogounou,+229 73 42 93 28,,,PME (50-200),B2C,LinkedIn,,Actif,2026-06-29T00:22:55.224138,basse
BJ-82AE6DE2,Restaurant Saveur,Restauration & Hôtellerie,Gogounou,+229 36 28 38 21,,restaurantsaveur.bj,PME (10-50),B2C,LinkedIn,,Actif,2026-06-29T00:22:55.224155,moyenne
BJ-B90F063B,Bistro,Restauration & Hôtellerie,Cobly,+229 79 69 78 36,bistro@gmail.com,bistro.bj,TPE (<10),B2C,LinkedIn,,Actif,2026-06-29T00:22:55.224176,haute
BJ-C4B1BB3E,Sandwich Hotel,Restauration & Hôtellerie,Cobly,+229 27 49 26 30,,,TPE (<10),B2C,LinkedIn,,Actif,2026-06-29T00:22:55.224187,basse
BJ-9BEE7D47,Sandwich Café,Restauration & Hôtellerie,Cobly,+229 92 41 83 74,sandwich.café@sandwichcafé.bj,sandwichcafé.bj,TPE (<10),B2C,LinkedIn,,Actif,2026-06-29T00:22:55.224209,haute
BJ-8714D9EB,Hôtel Discothèque Cobly,Restauration & Hôtellerie,Cobly,+229 43 74 11 23,h.discothèque@gmail.com,hôteldiscothèquecobly.bj,PME (50-200),B2C,LinkedIn,,Actif,2026-06-29T00:22:55.224227,haute
BJ-CF852D27,Traiteur Saveur,Restauration & Hôtellerie,Cobly,+229 94 74 31 33,,traiteursaveur.bj,TPE (<10),B2C,LinkedIn,,Actif,2026-06-29T00:22:55.224239,moyenne
BJ-5F672AD6,Food Salade Café Tanguiéta,Restauration & Hôtellerie,Tanguiéta,+229 52 51 45 61,,,PME (10-50),B2C,LinkedIn,,Actif,2026-06-29T00:22:55.224258,basse
BJ-8080DF4E,Lounge Restaurant Tanguiéta,Restauration & Hôtellerie,Tanguiéta,+229 28 49 56 89,lounge.restaurant@loungerestauran.bj,loungerestauranttanguiéta.bj,PME (50-200),B2C,LinkedIn,,Actif,2026-06-29T00:22:55.224276,haute
BJ-85524FD9,Africain Lodge,Restauration & Hôtellerie,Tanguiéta,+229 71 65 14 65,a.lodge@hotmail.com,africainlodge.bj,PME (10-50),B2C,LinkedIn,,Actif,2026-06-29T00:22:55.224292,haute
BJ-0CFF554A,International Tanguiéta,Restauration & Hôtellerie,Tanguiéta,+229 77 15 46 94,international.tanguiéta@yahoo.com,,PME (10-50),B2C,LinkedIn,,Actif,2026-06-29T00:22:55.224308,moyenne
BJ-64003035,International Spa,Restauration & Hôtellerie,Tanguiéta,+229 96 19 89 25,,internationalspa.bj,PME (50-200),B2C,LinkedIn,,Actif,2026-06-29T00:22:55.224319,moyenne
BJ-71855F53,Local Village,Restauration & Hôtellerie,Matéri,+229 87 78 11 31,,localvillage.bj,PME (50-200),B2C,LinkedIn,,Actif,2026-06-29T00:22:55.224337,moyenne
BJ-3D895EB9,Snack Tradition International,Restauration & Hôtellerie,Matéri,+229 27 65 85 96,snacktradition@snacktraditioni.bj,snacktraditioninternational.bj,PME (10-50),B2C,LinkedIn,,Actif,2026-06-29T00:22:55.224354,haute
BJ-8BE02D11,Auberge Saveurs,Restauration & Hôtellerie,Matéri,+229 66 63 33 59,a.saveurs@hotmail.com,aubergesaveurs.bj,Grande (>200),B2C,LinkedIn,,Actif,2026-06-29T00:22:55.224372,haute
BJ-AC29106C,Auberge Grill,Restauration & Hôtellerie,Matéri,+229 20 57 26 38,,,Grande (>200),B2C,LinkedIn,,Actif,2026-06-29T00:22:55.224402,basse
BJ-485DBA9C,Café Délice International,Restauration & Hôtellerie,Natitingou,+229 44 17 37 81,c.délice@yahoo.fr,cafédéliceinternational.bj,TPE (<10),B2C,LinkedIn,,Actif,2026-06-29T00:22:55.224442,haute
BJ-8A028006,Hôtel Pâtisserie Restaurant,Restauration & Hôtellerie,Natitingou,+229 59 82 92 96,,,PME (10-50),B2C,LinkedIn,,Actif,2026-06-29T00:22:55.224454,basse
BJ-0D1B477A,Brasserie Bistro,Restauration & Hôtellerie,Natitingou,+229 53 86 77 93,b.bistro@yahoo.fr,brasseriebistro.bj,Grande (>200),B2C,LinkedIn,,Actif,2026-06-29T00:22:55.224470,haute
BJ-A801A324,Fast Saveur Inn,Restauration & Hôtellerie,Natitingou,+229 80 58 95 49,,fastsaveurinn.bj,TPE (<10),B2C,LinkedIn,,Actif,2026-06-29T00:22:55.224481,moyenne
BJ-B306AAA6,Lac Inn,Restauration & Hôtellerie,Toucountouna,+229 57 97 27 99,,lacinn.bj,TPE (<10),B2C,LinkedIn,,Actif,2026-06-29T00:22:55.224500,moyenne
BJ-2F0E748F,Continental,Restauration & Hôtellerie,Toucountouna,+229 63 39 56 70,continental@continental.com.bj,continental.bj,TPE (<10),B2C,LinkedIn,,Actif,2026-06-29T00:22:55.224515,haute
BJ-D39CE4A8,Saveur Toucountouna,Restauration & Hôtellerie,Toucountouna,+229 56 35 72 23,s.toucountouna@saveurtoucounto.bj,saveurtoucountouna.bj,TPE (<10),B2C,LinkedIn,,Actif,2026-06-29T00:22:55.224552,haute
BJ-02C8C123,Gourmet Resort Toucountouna,Restauration & Hôtellerie,Toucountouna,+229 87 53 76 33,,,PME (50-200),B2C,LinkedIn,,Actif,2026-06-29T00:22:55.224573,basse
BJ-9B5E6D1D,Plage Inn Toucountouna,Restauration & Hôtellerie,Toucountouna,+229 55 64 79 60,,plageinntoucountouna.bj,TPE (<10),B2C,LinkedIn,,Actif,2026-06-29T00:22:55.224585,moyenne
BJ-E27024EC,Hôtel Village Boukoumbé,Restauration & Hôtellerie,Boukoumbé,+229 21 68 69 60,,hôtelvillageboukoumbé.bj,Grande (>200),B2C,LinkedIn,,Actif,2026-06-29T00:22:55.224625,moyenne
BJ-6E77EEE6,Traiteur Grill,Restauration & Hôtellerie,Boukoumbé,+229 99 98 72 74,,traiteurgrill.bj,TPE (<10),B2C,LinkedIn,,Actif,2026-06-29T00:22:55.224668,moyenne
BJ-5AF711EE,Brasserie,Restauration & Hôtellerie,Boukoumbé,+229 82 61 12 47,brasserie@yahoo.fr,brasserie.bj,PME (10-50),B2C,LinkedIn,,Actif,2026-06-29T00:22:55.224695,haute
BJ-47AC28FB,Table Palace,Restauration & Hôtellerie,Kouandé,+229 31 13 14 89,t.palace@tablepalace.com.bj,tablepalace.bj,TPE (<10),B2C,LinkedIn,,Actif,2026-06-29T00:22:55.224742,haute
BJ-ECFD49BD,Brasserie Jardin Kouandé,Restauration & Hôtellerie,Kouandé,+229 27 61 75 78,brasseriejardin@gmail.com,,TPE (<10),B2C,LinkedIn,,Actif,2026-06-29T00:22:55.224779,moyenne
BJ-10DC6142,Tradition Restaurant,Restauration & Hôtellerie,Kouandé,+229 65 65 63 20,tradition.restaurant@traditionrestau.org.bj,traditionrestaurant.bj,PME (10-50),B2C,LinkedIn,,Actif,2026-06-29T00:22:55.224817,haute
BJ-98FD9767,Tacos Kouandé,Restauration & Hôtellerie,Kouandé,+229 50 17 20 81,,tacoskouandé.bj,TPE (<10),B2C,LinkedIn,,Actif,2026-06-29T00:22:55.224844,moyenne
BJ-45DC6B92,Hôtel Tradition,Restauration & Hôtellerie,Kouandé,+229 52 92 12 19,h.tradition@hôteltradition.com.bj,hôteltradition.bj,PME (50-200),B2C,LinkedIn,,Actif,2026-06-29T00:22:55.224880,haute
BJ-4D19BA98,Détente Brasserie,Restauration & Hôtellerie,Péhunco,+229 47 31 11 66,,,TPE (<10),B2C,LinkedIn,,Actif,2026-06-29T00:22:55.224925,basse
BJ-EE6D063A,Village Village,Restauration & Hôtellerie,Péhunco,+229 45 86 33 65,village.village@villagevillage.com.bj,villagevillage.bj,PME (50-200),B2C,LinkedIn,,Actif,2026-06-29T00:22:55.224945,haute
BJ-532B2902,Fast Palace,Restauration & Hôtellerie,Péhunco,+229 63 94 49 17,,fastpalace.bj,TPE (<10),B2C,LinkedIn,,Actif,2026-06-29T00:22:55.224958,moyenne
BJ-B90D02E9,Brasserie Tacos,Restauration & Hôtellerie,Péhunco,+229 60 18 63 82,brasserie.tacos@yahoo.fr,brasserietacos.bj,TPE (<10),B2C,LinkedIn,,Actif,2026-06-29T00:22:55.224973,haute
BJ-2F1B48C1,Auberge Saveurs,Restauration & Hôtellerie,Péhunco,+229 84 31 10 12,auberge.saveurs@hotmail.com,aubergesaveurs.bj,PME (10-50),B2C,LinkedIn,,Actif,2026-06-29T00:22:55.224989,haute
BJ-B7E5723E,Fast Bistro Village,Restauration & Hôtellerie,Tchaourou,+229 96 67 69 93,,fastbistrovillage.bj,PME (10-50),B2C,LinkedIn,,Actif,2026-06-29T00:22:55.225023,moyenne
BJ-B3FA36A1,Brasserie Local Inn,Restauration & Hôtellerie,Tchaourou,+229 50 76 41 99,brasserielocal@gmail.com,brasserielocalinn.bj,Grande (>200),B2C,LinkedIn,,Actif,2026-06-29T00:22:55.225058,haute
BJ-0B7DAAA0,Hôtel Lac Restaurant,Restauration & Hôtellerie,Tchaourou,+229 28 33 46 59,,,TPE (<10),B2C,LinkedIn,,Actif,2026-06-29T00:22:55.225071,basse
BJ-4983AD2F,Pension Chocolaterie Restaurant,Restauration & Hôtellerie,Tchaourou,+229 78 95 30 94,,pensionchocolaterierestaurant.bj,PME (10-50),B2C,LinkedIn,,Actif,2026-06-29T00:22:55.225084,moyenne
BJ-96D76C60,Ambiance Nikki,Restauration & Hôtellerie,Nikki,+229 37 28 84 10,,ambiancenikki.bj,PME (50-200),B2C,LinkedIn,,Actif,2026-06-29T00:22:55.225104,moyenne
BJ-0E1133C5,Boulangerie,Restauration & Hôtellerie,Nikki,+229 51 50 81 89,,boulangerie.bj,PME (10-50),B2C,LinkedIn,,Actif,2026-06-29T00:22:55.225116,moyenne
BJ-C930F6A5,Hôtel Pizzeria,Restauration & Hôtellerie,Nikki,+229 94 62 18 37,hôtel.pizzeria@hôtelpizzeria.bj,hôtelpizzeria.bj,TPE (<10),B2C,LinkedIn,,Actif,2026-06-29T00:22:55.225139,haute
BJ-CDBAFA75,Palace Resort,Restauration & Hôtellerie,Nikki,+229 26 35 32 42,palace.resort@palaceresort.bj,palaceresort.bj,TPE (<10),B2C,LinkedIn,,Actif,2026-06-29T00:22:55.225167,haute
BJ-938AF717,Traiteur Gourmet Bénin,Restauration & Hôtellerie,Nikki,+229 44 60 95 44,traiteurgourmet@traiteurgourmet.bj,,Grande (>200),B2C,LinkedIn,,Actif,2026-06-29T00:22:55.225195,moyenne
BJ-67D56DF1,Village,Restauration & Hôtellerie,Bembéréké,+229 39 71 82 20,village@gmail.com,village.bj,TPE (<10),B2C,LinkedIn,,Actif,2026-06-29T00:22:55.225236,haute
BJ-85B4FEFB,Food Mer Brasserie Bembéréké,Restauration & Hôtellerie,Bembéréké,+229 74 65 28 47,foodmer@outlook.com,,TPE (<10),B2C,LinkedIn,,Actif,2026-06-29T00:22:55.225265,moyenne
BJ-A1BFF671,Snack Bistro Resort,Restauration & Hôtellerie,Bembéréké,+229 39 33 42 67,snackbistro@yahoo.fr,snackbistroresort.bj,Grande (>200),B2C,LinkedIn,,Actif,2026-06-29T00:22:55.225297,haute
BJ-6EBB9FA3,Saveurs International,Restauration & Hôtellerie,Bembéréké,+229 23 56 89 73,,saveursinternational.bj,Grande (>200),B2C,LinkedIn,,Actif,2026-06-29T00:22:55.225320,moyenne
BJ-E8A90417,Fast International Lodge,Restauration & Hôtellerie,Bembéréké,+229 95 33 15 95,f.international@fastinternation.com.bj,,TPE (<10),B2C,LinkedIn,,Actif,2026-06-29T00:22:55.225355,moyenne
BJ-E8542E43,Discothèque,Restauration & Hôtellerie,Kalalé,+229 89 78 92 69,discothèque@hotmail.com,discothèque.bj,TPE (<10),B2C,LinkedIn,,Actif,2026-06-29T00:22:55.225400,haute
BJ-1181AC20,Auberge Tacos Café,Restauration & Hôtellerie,Kalalé,+229 23 14 72 55,aubergetacos@aubergetacoscaf.bj,aubergetacoscafé.bj,PME (10-50),B2C,LinkedIn,,Actif,2026-06-29T00:22:55.225432,haute
BJ-3492AF32,Africain Inn,Restauration & Hôtellerie,Kalalé,+229 88 31 74 71,,africaininn.bj,Grande (>200),B2C,LinkedIn,,Actif,2026-06-29T00:22:55.225460,moyenne
BJ-96DBD22F,Fast Délice,Restauration & Hôtellerie,Kalalé,+229 25 52 37 77,f.délice@hotmail.com,fastdélice.bj,Grande (>200),B2C,LinkedIn,,Actif,2026-06-29T00:22:55.225491,haute
BJ-6E3C0C9D,Bistro Kalalé,Restauration & Hôtellerie,Kalalé,+229 67 21 36 17,bistrokalalé@yahoo.com,bistrokalalé.bj,TPE (<10),B2C,LinkedIn,,Actif,2026-06-29T00:22:55.225521,haute
BJ-5B3191CF,Bar Ambiance,Restauration & Hôtellerie,Ndali,+229 71 50 23 25,barambiance@barambiance.com.bj,barambiance.bj,TPE (<10),B2C,LinkedIn,,Actif,2026-06-29T00:22:55.225575,haute
BJ-E81D510A,Cantine Bistro Lodge,Restauration & Hôtellerie,Ndali,+229 31 30 43 51,cantine.bistro@outlook.com,cantinebistrolodge.bj,TPE (<10),B2C,LinkedIn,,Actif,2026-06-29T00:22:55.225618,haute
BJ-50EADEE0,Cantine Plage Resort,Restauration & Hôtellerie,Ndali,+229 49 21 23 57,,cantineplageresort.bj,PME (10-50),B2C,LinkedIn,,Actif,2026-06-29T00:22:55.225653,moyenne
BJ-0CE3D483,Pension Mer,Restauration & Hôtellerie,Ndali,+229 62 60 73 69,,pensionmer.bj,TPE (<10),B2C,LinkedIn,,Actif,2026-06-29T00:22:55.225682,moyenne
BJ-17D15477,Fast Tradition,Restauration & Hôtellerie,Ndali,+229 88 56 31 50,,fasttradition.bj,PME (10-50),B2C,LinkedIn,,Actif,2026-06-29T00:22:55.225709,moyenne
BJ-77DF0C8A,Snack Plage,Restauration & Hôtellerie,Ségbana,+229 49 12 13 69,snackplage@snackplage.com.bj,,Grande (>200),B2C,LinkedIn,,Actif,2026-06-29T00:22:55.225769,moyenne
BJ-C26BAE2F,Hôtel Tacos,Restauration & Hôtellerie,Ségbana,+229 65 79 62 16,,,TPE (<10),B2C,LinkedIn,,Actif,2026-06-29T00:22:55.225798,basse
BJ-2160C993,Auberge Burger Restaurant,Restauration & Hôtellerie,Ségbana,+229 43 30 13 61,aubergeburger@aubergeburgerre.bj,aubergeburgerrestaurant.bj,TPE (<10),B2C,LinkedIn,,Actif,2026-06-29T00:22:55.225838,haute
BJ-007381FD,Détente Brasserie,Restauration & Hôtellerie,Ségbana,+229 64 96 10 58,,détentebrasserie.bj,PME (50-200),B2C,LinkedIn,,Actif,2026-06-29T00:22:55.225867,moyenne
BJ-0D28CEFE,Auberge Brasserie Hotel,Restauration & Hôtellerie,Ségbana,+229 38 97 90 27,a.brasserie@gmail.com,,PME (10-50),B2C,LinkedIn,,Actif,2026-06-29T00:22:55.225926,moyenne
BJ-112A9BA2,Café Sandwich,Restauration & Hôtellerie,Tchaourou,+229 71 78 83 37,c.sandwich@yahoo.fr,cafésandwich.bj,PME (50-200),B2C,LinkedIn,,Actif,2026-06-29T00:22:55.225982,haute
BJ-09D27E95,Bar Sushi Village,Restauration & Hôtellerie,Tchaourou,+229 21 61 60 28,b.sushi@barsushivillage.com.bj,barsushivillage.bj,PME (10-50),B2C,LinkedIn,,Actif,2026-06-29T00:22:55.226021,haute
BJ-85843E84,Saveur Bénin,Restauration & Hôtellerie,Tchaourou,+229 49 16 81 93,,saveurbénin.bj,Grande (>200),B2C,LinkedIn,,Actif,2026-06-29T00:22:55.226062,moyenne
BJ-94C84FCD,Traiteur Ambiance Restaurant,Restauration & Hôtellerie,Tchaourou,+229 77 75 51 42,traiteurambiance@traiteurambianc.com.bj,traiteurambiancerestaurant.bj,TPE (<10),B2C,LinkedIn,,Actif,2026-06-29T00:22:55.226110,haute
BJ-2460AF01,Fast Continental Lodge Bétérou,Restauration & Hôtellerie,Bétérou,+229 34 95 94 70,,fastcontinentallodgebétérou.bj,TPE (<10),B2C,LinkedIn,,Actif,2026-06-29T00:22:55.226191,moyenne
BJ-71CD211B,Pizzeria Café,Restauration & Hôtellerie,Bétérou,+229 49 34 77 52,pizzeria.café@yahoo.fr,pizzeriacafé.bj,PME (50-200),B2C,LinkedIn,,Actif,2026-06-29T00:22:55.226228,haute
BJ-F8FE5B1D,Fast Nouveau,Restauration & Hôtellerie,Bétérou,+229 31 84 97 86,f.nouveau@fastnouveau.bj,fastnouveau.bj,PME (50-200),B2C,LinkedIn,,Actif,2026-06-29T00:22:55.226269,haute
BJ-0420C277,Cantine Mer Palace,Restauration & Hôtellerie,Bétérou,+229 20 34 18 93,,,TPE (<10),B2C,LinkedIn,,Actif,2026-06-29T00:22:55.226305,basse
BJ-E3ECCEB5,Cantine Continental,Restauration & Hôtellerie,Bétérou,+229 82 88 48 40,cantine.continental@cantinecontinen.com.bj,cantinecontinental.bj,PME (10-50),B2C,LinkedIn,,Actif,2026-06-29T00:22:55.226338,haute
BJ-9D74D0C3,Délice,Restauration & Hôtellerie,Ouessè,+229 62 46 75 31,délice@hotmail.com,délice.bj,TPE (<10),B2C,LinkedIn,,Actif,2026-06-29T00:22:55.226387,haute
BJ-2A5BBF9E,Snack Goût Resort,Restauration & Hôtellerie,Ouessè,+229 87 98 68 70,snack.goût@gmail.com,,TPE (<10),B2C,LinkedIn,,Actif,2026-06-29T00:22:55.226422,moyenne
BJ-89A1EC0C,Karaoke Ouessè,Restauration & Hôtellerie,Ouessè,+229 89 21 21 42,k.ouessè@hotmail.com,karaokeouessè.bj,PME (10-50),B2C,LinkedIn,,Actif,2026-06-29T00:22:55.226464,haute
BJ-D96F53BE,Saveurs,Restauration & Hôtellerie,Ouessè,+229 44 33 55 68,saveurs@outlook.com,saveurs.bj,PME (10-50),B2C,LinkedIn,,Actif,2026-06-29T00:22:55.226493,haute
BJ-FFF058A7,Lounge Resort,Restauration & Hôtellerie,Ouessè,+229 89 18 59 21,lounge.resort@loungeresort.bj,loungeresort.bj,PME (10-50),B2C,LinkedIn,,Actif,2026-06-29T00:22:55.226522,haute
BJ-F726375C,Snack Plaisir International,Restauration & Hôtellerie,Glazoué,+229 81 12 97 14,snackplaisir@gmail.com,snackplaisirinternational.bj,TPE (<10),B2C,LinkedIn,,Actif,2026-06-29T00:22:55.226568,haute
BJ-FBD1B8C3,Hôtel Goût Spa Glazoué,Restauration & Hôtellerie,Glazoué,+229 45 94 79 11,,,TPE (<10),B2C,LinkedIn,,Actif,2026-06-29T00:22:55.226611,basse
BJ-BCFB14A2,Traiteur Salade International,Restauration & Hôtellerie,Glazoué,+229 92 70 23 90,,traiteursaladeinternational.bj,Grande (>200),B2C,LinkedIn,,Actif,2026-06-29T00:22:55.226645,moyenne
BJ-F1AB4D0B,Fast Chocolaterie Inn Glazoué,Restauration & Hôtellerie,Glazoué,+229 75 94 81 78,,fastchocolaterieinnglazoué.bj,PME (10-50),B2C,LinkedIn,,Actif,2026-06-29T00:22:55.226682,moyenne
BJ-A6B1DC2A,Cantine Village Palace,Restauration & Hôtellerie,Dassa-Zoumè,+229 40 69 69 91,c.village@yahoo.com,cantinevillagepalace.bj,TPE (<10),B2C,LinkedIn,,Actif,2026-06-29T00:22:55.226734,haute
BJ-69ABB305,Grand Village,Restauration & Hôtellerie,Dassa-Zoumè,+229 22 28 35 40,grand.village@grandvillage.org.bj,grandvillage.bj,Grande (>200),B2C,LinkedIn,,Actif,2026-06-29T00:22:55.226794,haute
BJ-DDA1F55F,Hôtel Burger International,Restauration & Hôtellerie,Dassa-Zoumè,+229 88 94 77 92,hôtelburger@hotmail.com,hôtelburgerinternational.bj,PME (10-50),B2C,LinkedIn,,Actif,2026-06-29T00:22:55.226832,haute
BJ-68A4E717,Café Ambiance,Restauration & Hôtellerie,Savalou,+229 63 10 47 27,caféambiance@hotmail.com,caféambiance.bj,PME (50-200),B2C,LinkedIn,,Actif,2026-06-29T00:22:55.226949,haute
BJ-5A036302,Karaoke Inn Savalou,Restauration & Hôtellerie,Savalou,+229 59 70 57 71,k.inn@hotmail.com,karaokeinnsavalou.bj,PME (10-50),B2C,LinkedIn,,Actif,2026-06-29T00:22:55.226988,haute
BJ-E19FC1F1,Hôtel Africain,Restauration & Hôtellerie,Savalou,+229 20 45 73 53,hôtel.africain@yahoo.fr,hôtelafricain.bj,TPE (<10),B2C,LinkedIn,,Actif,2026-06-29T00:22:55.227036,haute
BJ-F5627417,Saveur Spa,Restauration & Hôtellerie,Savalou,+229 72 93 57 85,,saveurspa.bj,TPE (<10),B2C,LinkedIn,,Actif,2026-06-29T00:22:55.227067,moyenne
BJ-08713E83,Sandwich,Restauration & Hôtellerie,Savalou,+229 38 49 73 75,,,TPE (<10),B2C,LinkedIn,,Actif,2026-06-29T00:22:55.227091,basse
BJ-E9C64BEA,Tradition Spa,Restauration & Hôtellerie,Bantè,+229 79 54 76 86,traditionspa@yahoo.com,traditionspa.bj,TPE (<10),B2C,LinkedIn,,Actif,2026-06-29T00:22:55.227156,haute
BJ-83BF5173,Plaisir Bantè,Restauration & Hôtellerie,Bantè,+229 89 66 18 46,,,PME (50-200),B2C,LinkedIn,,Actif,2026-06-29T00:22:55.227188,basse
BJ-B9118521,Pub Hotel,Restauration & Hôtellerie,Bantè,+229 76 15 85 70,pub_hotel@outlook.com,pubhotel.bj,TPE (<10),B2C,LinkedIn,,Actif,2026-06-29T00:22:55.227299,haute
BJ-B64EBC10,Bar Saveurs Palace,Restauration & Hôtellerie,Bantè,+229 31 13 16 34,,barsaveurspalace.bj,TPE (<10),B2C,LinkedIn,,Actif,2026-06-29T00:22:55.227343,moyenne
BJ-7B0A56F4,Hôtel Saveur,Restauration & Hôtellerie,Bantè,+229 51 89 60 58,h.saveur@yahoo.fr,hôtelsaveur.bj,Grande (>200),B2C,LinkedIn,,Actif,2026-06-29T00:22:55.227400,haute
BJ-F702532F,Sandwich,Restauration & Hôtellerie,Djougou,+229 28 78 78 51,sandwich@sandwich.com.bj,sandwich.bj,Grande (>200),B2C,LinkedIn,,Actif,2026-06-29T00:22:55.227477,haute
BJ-FB96F2EA,Fast Grill,Restauration & Hôtellerie,Djougou,+229 31 98 75 23,f.grill@yahoo.com,,TPE (<10),B2C,LinkedIn,,Actif,2026-06-29T00:22:55.227525,moyenne
BJ-7943EAAD,Snack Lac Hotel,Restauration & Hôtellerie,Djougou,+229 78 11 67 86,,snacklachotel.bj,TPE (<10),B2C,LinkedIn,,Actif,2026-06-29T00:22:55.227561,moyenne
BJ-F096EBE2,Traiteur Délice,Restauration & Hôtellerie,Djougou,+229 84 54 82 29,traiteurdélice@traiteurdélice.org.bj,traiteurdélice.bj,PME (50-200),B2C,LinkedIn,,Actif,2026-06-29T00:22:55.227608,haute
BJ-9B2C2FDC,Bar Chocolaterie,Restauration & Hôtellerie,Djougou,+229 43 99 65 58,barchocolaterie@barchocolaterie.bj,,PME (10-50),B2C,LinkedIn,,Actif,2026-06-29T00:22:55.227653,moyenne
BJ-E366CD8B,Brasserie Pizzeria International,Restauration & Hôtellerie,Ouèssè,+229 69 55 34 19,,brasseriepizzeriainternational.bj,TPE (<10),B2C,LinkedIn,,Actif,2026-06-29T00:22:55.227700,moyenne
BJ-B67743EC,Local Ouèssè,Restauration & Hôtellerie,Ouèssè,+229 28 69 12 25,,,Grande (>200),B2C,LinkedIn,,Actif,2026-06-29T00:22:55.227722,basse
BJ-62813CFC,Glacier Resort,Restauration & Hôtellerie,Ouèssè,+229 52 38 63 57,glacier.resort@yahoo.fr,glacierresort.bj,Grande (>200),B2C,LinkedIn,,Actif,2026-06-29T00:22:55.227783,haute
BJ-4496E1C8,Village Ouèssè,Restauration & Hôtellerie,Ouèssè,+229 91 97 89 40,,villageouèssè.bj,PME (10-50),B2C,LinkedIn,,Actif,2026-06-29T00:22:55.227817,moyenne
BJ-7395A0EE,Plaisir Resort Ouèssè,Restauration & Hôtellerie,Ouèssè,+229 38 87 81 61,plaisir.resort@plaisirresortou.com.bj,plaisirresortouèssè.bj,PME (10-50),B2C,LinkedIn,,Actif,2026-06-29T00:22:55.227841,haute
BJ-937BAD04,Traiteur Nouveau,Restauration & Hôtellerie,Bassila,+229 44 38 82 68,traiteurnouveau@traiteurnouveau.com.bj,traiteurnouveau.bj,PME (50-200),B2C,LinkedIn,,Actif,2026-06-29T00:22:55.227912,haute
BJ-2E9B5096,Food Nouveau,Restauration & Hôtellerie,Bassila,+229 99 66 16 41,f.nouveau@yahoo.com,foodnouveau.bj,TPE (<10),B2C,LinkedIn,,Actif,2026-06-29T00:22:55.227961,haute
BJ-D3342678,Sushi Hotel Bassila,Restauration & Hôtellerie,Bassila,+229 80 37 71 93,s.hotel@outlook.com,sushihotelbassila.bj,PME (50-200),B2C,LinkedIn,,Actif,2026-06-29T00:22:55.228009,haute
BJ-54E52783,Tradition,Restauration & Hôtellerie,Bassila,+229 74 89 17 96,tradition@outlook.com,,TPE (<10),B2C,LinkedIn,,Actif,2026-06-29T00:22:55.228033,moyenne
BJ-8AC2120B,Restaurant Sushi,Restauration & Hôtellerie,Bassila,+229 88 33 46 89,restaurantsushi@restaurantsushi.com.bj,,TPE (<10),B2C,LinkedIn,,Actif,2026-06-29T00:22:55.228060,moyenne
BJ-12598DF5,Bar Grill Restaurant,Restauration & Hôtellerie,Pehunco,+229 46 23 71 82,bar.grill@yahoo.fr,,PME (10-50),B2C,LinkedIn,,Actif,2026-06-29T00:22:55.228108,moyenne
BJ-1680CE80,Cantine Discothèque,Restauration & Hôtellerie,Pehunco,+229 73 70 61 31,c.discothèque@cantinediscothè.bj,cantinediscothèque.bj,PME (50-200),B2C,LinkedIn,,Actif,2026-06-29T00:22:55.228157,haute
BJ-BE249C57,Auberge Continental Spa,Restauration & Hôtellerie,Pehunco,+229 91 93 39 94,a.continental@yahoo.com,aubergecontinentalspa.bj,PME (10-50),B2C,LinkedIn,,Actif,2026-06-29T00:22:55.228183,haute
BJ-28FB2C2B,Authentique,Restauration & Hôtellerie,Pehunco,+229 79 64 52 18,authentique@authentique.com.bj,authentique.bj,PME (50-200),B2C,LinkedIn,,Actif,2026-06-29T00:22:55.228200,haute
BJ-A1492342,Cantine International Resort,Restauration & Hôtellerie,Pehunco,+229 69 66 85 46,,,PME (10-50),B2C,LinkedIn,,Actif,2026-06-29T00:22:55.228212,basse
BJ-E86DE74B,Mer Village,Restauration & Hôtellerie,Copargo,+229 94 27 46 81,mer_village@mervillage.com.bj,mervillage.bj,Grande (>200),B2C,LinkedIn,,Actif,2026-06-29T00:22:55.228241,haute
BJ-FFC0A491,Pâtisserie Copargo,Restauration & Hôtellerie,Copargo,+229 68 13 19 95,pâtisseriecopargo@outlook.com,pâtisseriecopargo.bj,PME (50-200),B2C,LinkedIn,,Actif,2026-06-29T00:22:55.228261,haute
BJ-D53B0760,Cantine Goût Restaurant,Restauration & Hôtellerie,Copargo,+229 63 14 85 37,cantinegoût@yahoo.fr,cantinegoûtrestaurant.bj,PME (50-200),B2C,LinkedIn,,Actif,2026-06-29T00:22:55.228281,haute
BJ-C2ADB0C1,Karaoke,Restauration & Hôtellerie,Copargo,+229 73 91 87 86,karaoke@hotmail.com,karaoke.bj,PME (50-200),B2C,LinkedIn,,Actif,2026-06-29T00:22:55.228313,haute
BJ-44AD60EC,Diététique Clinique Cotonou,Santé & Pharmacie,Cotonou,+229 32 45 34 57,diététique.clinique@diététiqueclini.org.bj,diététiquecliniquecotonou.bj,PME (10-50),B2C,LinkedIn,,Actif,2026-06-29T00:22:55.228344,haute
BJ-A9A7FD46,Bien-être Cotonou,Santé & Pharmacie,Cotonou,+229 22 45 85 33,b.être@bienêtrecotonou.org.bj,bienêtrecotonou.bj,TPE (<10),B2B,LinkedIn,,Actif,2026-06-29T00:22:55.228366,haute
BJ-C28B5E63,Ostéopathie Hôpital,Santé & Pharmacie,Cotonou,+229 38 34 70 49,ostéopathie.hôpital@ostéopathiehôpi.com.bj,ostéopathiehôpital.bj,TPE (<10),B2B,LinkedIn,,Actif,2026-06-29T00:22:55.228392,haute
BJ-6A698589,Soins,Santé & Pharmacie,Cotonou,+229 21 43 28 45,soins@soins.org.bj,soins.bj,PME (10-50),B2C,LinkedIn,,Actif,2026-06-29T00:22:55.228413,haute
BJ-B7F8695D,Maternité,Santé & Pharmacie,Cotonou,+229 42 86 12 81,maternité@hotmail.com,maternité.bj,TPE (<10),B2B,LinkedIn,,Actif,2026-06-29T00:22:55.228430,haute
BJ-0377A4F1,Hôpital Chirurgie,Santé & Pharmacie,Abomey-Calavi,+229 65 45 43 51,h.chirurgie@hôpitalchirurgi.com.bj,,TPE (<10),B2C,LinkedIn,,Actif,2026-06-29T00:22:55.228462,moyenne
BJ-108585C8,Dispensaire Orthodontie International,Santé & Pharmacie,Abomey-Calavi,+229 28 31 57 21,,,PME (50-200),B2B,LinkedIn,,Actif,2026-06-29T00:22:55.228478,basse
BJ-3CE02930,Pédiatrique,Santé & Pharmacie,Abomey-Calavi,+229 81 31 51 29,pédiatrique@yahoo.fr,pédiatrique.bj,TPE (<10),B2C,LinkedIn,,Actif,2026-06-29T00:22:55.228514,haute
BJ-346B98F9,Centre Vie Medical,Santé & Pharmacie,Abomey-Calavi,+229 69 17 23 45,centre.vie@gmail.com,centreviemedical.bj,TPE (<10),B2C,LinkedIn,,Actif,2026-06-29T00:22:55.228534,haute
BJ-414C432B,Laboratoire Médecine,Santé & Pharmacie,Abomey-Calavi,+229 20 93 75 16,laboratoire_médecine@laboratoireméde.com.bj,laboratoiremédecine.bj,PME (10-50),B2B,LinkedIn,,Actif,2026-06-29T00:22:55.228554,haute
BJ-9B141B16,Pharmacie Sainte Care,Santé & Pharmacie,Porto-Novo,+229 91 73 69 16,,,PME (10-50),B2C,LinkedIn,,Actif,2026-06-29T00:22:55.228576,basse
BJ-F8CD170E,ORL,Santé & Pharmacie,Porto-Novo,+229 66 35 64 63,orl@gmail.com,orl.bj,PME (10-50),B2B,LinkedIn,,Actif,2026-06-29T00:22:55.228595,haute
BJ-ED2023FC,Sanatorium Guérison International,Santé & Pharmacie,Porto-Novo,+229 91 30 10 47,s.guérison@gmail.com,sanatoriumguérisoninternational.bj,TPE (<10),B2B,LinkedIn,,Actif,2026-06-29T00:22:55.228626,haute
BJ-38C90765,Médical Hôpital,Santé & Pharmacie,Porto-Novo,+229 85 23 17 28,,médicalhôpital.bj,TPE (<10),B2C,LinkedIn,,Actif,2026-06-29T00:22:55.228645,moyenne
BJ-6A9B6389,Gériatrique Centre Porto-Novo,Santé & Pharmacie,Porto-Novo,+229 45 66 38 23,gériatriquecentre@gmail.com,gériatriquecentreportonovo.bj,PME (50-200),B2C,LinkedIn,,Actif,2026-06-29T00:22:55.228668,haute
BJ-C9AAF7CE,Pharmacie Imagerie Bénin,Santé & Pharmacie,Parakou,+229 73 81 79 70,,,PME (50-200),B2C,LinkedIn,,Actif,2026-06-29T00:22:55.228693,basse
BJ-39CB32E4,Dentaire Parakou,Santé & Pharmacie,Parakou,+229 31 64 98 29,dentaire.parakou@dentaireparakou.bj,dentaireparakou.bj,PME (10-50),B2C,LinkedIn,,Actif,2026-06-29T00:22:55.228713,haute
BJ-DF8E5A74,Médical Plus,Santé & Pharmacie,Parakou,+229 98 16 91 41,,médicalplus.bj,PME (50-200),B2C,LinkedIn,,Actif,2026-06-29T00:22:55.228729,moyenne
BJ-1B810489,Polyclinique Kinésithérapie Care Parakou,Santé & Pharmacie,Parakou,+229 29 72 43 20,polyclinique.kinésithérapie@outlook.com,polycliniquekinésithérapiecareparakou.bj,TPE (<10),B2C,LinkedIn,,Actif,2026-06-29T00:22:55.228751,haute
BJ-E2AB0BDE,Royal Parakou,Santé & Pharmacie,Parakou,+229 21 34 42 52,royalparakou@royalparakou.org.bj,royalparakou.bj,Grande (>200),B2B,LinkedIn,,Actif,2026-06-29T00:22:55.228777,haute
BJ-7F9658C7,Clinique Santé Clinique Bohicon,Santé & Pharmacie,Bohicon,+229 25 85 39 13,,cliniquesantécliniquebohicon.bj,Grande (>200),B2B,LinkedIn,,Actif,2026-06-29T00:22:55.228805,moyenne
BJ-69D25490,Kinésithérapie Care Bohicon,Santé & Pharmacie,Bohicon,+229 74 30 69 49,kinésithérapie.care@outlook.com,kinésithérapiecarebohicon.bj,TPE (<10),B2C,LinkedIn,,Actif,2026-06-29T00:22:55.228846,haute
BJ-11ABB1CE,ORL,Santé & Pharmacie,Bohicon,+229 89 61 71 65,orl@orl.bj,,PME (50-200),B2C,LinkedIn,,Actif,2026-06-29T00:22:55.228865,moyenne
BJ-83F0E715,Polyclinique Rééducation Care,Santé & Pharmacie,Bohicon,+229 81 65 61 55,polycliniquerééducation@polycliniqueréé.bj,polycliniquerééducationcare.bj,TPE (<10),B2B,LinkedIn,,Actif,2026-06-29T00:22:55.228885,haute
BJ-0F313D87,Hôpital Diététique,Santé & Pharmacie,Natitingou,+229 59 77 61 99,hôpitaldiététique@hôpitaldiététiq.bj,hôpitaldiététique.bj,PME (50-200),B2B,LinkedIn,,Actif,2026-06-29T00:22:55.228945,haute
BJ-273E14E8,Sanatorium Gynécologie International,Santé & Pharmacie,Natitingou,+229 66 96 42 30,sanatoriumgynécologie@sanatoriumgynéc.com.bj,sanatoriumgynécologieinternational.bj,TPE (<10),B2B,LinkedIn,,Actif,2026-06-29T00:22:55.228966,haute
BJ-7528DACD,Chirurgie,Santé & Pharmacie,Natitingou,+229 78 29 49 92,chirurgie@chirurgie.com.bj,chirurgie.bj,TPE (<10),B2C,LinkedIn,,Actif,2026-06-29T00:22:55.228981,haute
BJ-7C9A7881,Cabinet Nutrition,Santé & Pharmacie,Natitingou,+229 90 22 51 56,cabinetnutrition@cabinetnutritio.org.bj,,PME (10-50),B2C,LinkedIn,,Actif,2026-06-29T00:22:55.229011,moyenne
BJ-47A06321,Pharmacie Orthodontie,Santé & Pharmacie,Lokossa,+229 59 55 37 23,pharmacie.orthodontie@pharmacieorthod.bj,pharmacieorthodontie.bj,PME (50-200),B2C,LinkedIn,,Actif,2026-06-29T00:22:55.229038,haute
BJ-77F393F0,Dispensaire Nouveau Lokossa,Santé & Pharmacie,Lokossa,+229 67 34 53 57,dispensairenouveau@dispensairenouv.bj,dispensairenouveaulokossa.bj,PME (50-200),B2B,LinkedIn,,Actif,2026-06-29T00:22:55.229056,haute
BJ-03458CD2,Sanatorium Pharma,Santé & Pharmacie,Lokossa,+229 22 70 12 57,sanatoriumpharma@sanatoriumpharm.bj,,TPE (<10),B2B,LinkedIn,,Actif,2026-06-29T00:22:55.229078,moyenne
BJ-C44260B1,Dispensaire Santé,Santé & Pharmacie,Lokossa,+229 59 35 76 97,dispensairesanté@yahoo.fr,dispensairesanté.bj,TPE (<10),B2C,LinkedIn,,Actif,2026-06-29T00:22:55.229097,haute
BJ-F17D1E9B,Polyclinique Rééducation Cabinet,Santé & Pharmacie,Lokossa,+229 29 68 13 58,polycliniquerééducation@outlook.com,polycliniquerééducationcabinet.bj,PME (10-50),B2B,LinkedIn,,Actif,2026-06-29T00:22:55.229119,haute
BJ-9C0388A2,Kinésithérapie Plus,Santé & Pharmacie,Ouidah,+229 38 43 80 64,kinésithérapie.plus@kinésithérapiep.org.bj,kinésithérapieplus.bj,TPE (<10),B2B,LinkedIn,,Actif,2026-06-29T00:22:55.229145,haute
BJ-439CEE20,Nutrition Cabinet,Santé & Pharmacie,Ouidah,+229 72 59 43 48,n.cabinet@yahoo.com,nutritioncabinet.bj,PME (10-50),B2C,LinkedIn,,Actif,2026-06-29T00:22:55.229168,haute
BJ-61DE79ED,Cabinet Médicament Centre,Santé & Pharmacie,Ouidah,+229 35 53 35 11,,,PME (50-200),B2B,LinkedIn,,Actif,2026-06-29T00:22:55.229181,basse
BJ-1812DB51,Gynécologie,Santé & Pharmacie,Ouidah,+229 50 73 31 18,gynécologie@gynécologie.org.bj,gynécologie.bj,TPE (<10),B2B,LinkedIn,,Actif,2026-06-29T00:22:55.229197,haute
BJ-85A7DE20,Chirurgie,Santé & Pharmacie,Ouidah,+229 52 12 78 17,,chirurgie.bj,Grande (>200),B2B,LinkedIn,,Actif,2026-06-29T00:22:55.229209,moyenne
BJ-94CA5562,Médical,Santé & Pharmacie,Savalou,+229 81 30 30 15,médical@gmail.com,médical.bj,TPE (<10),B2C,LinkedIn,,Actif,2026-06-29T00:22:55.229231,haute
BJ-4E3367C2,Sanatorium Analyses,Santé & Pharmacie,Savalou,+229 60 46 18 66,sanatorium.analyses@sanatoriumanaly.bj,sanatoriumanalyses.bj,PME (50-200),B2B,LinkedIn,,Actif,2026-06-29T00:22:55.229249,haute
BJ-DE10A422,Dispensaire Ostéopathie,Santé & Pharmacie,Savalou,+229 56 47 59 41,dispensaireostéopathie@hotmail.com,dispensaireostéopathie.bj,PME (10-50),B2C,LinkedIn,,Actif,2026-06-29T00:22:55.229270,haute
BJ-7B229CC6,Analyses Health Savalou,Santé & Pharmacie,Savalou,+229 47 11 54 28,a.health@gmail.com,analyseshealthsavalou.bj,TPE (<10),B2C,LinkedIn,,Actif,2026-06-29T00:22:55.229288,haute
BJ-68EA595B,Central Cabinet,Santé & Pharmacie,Savalou,+229 85 38 68 51,centralcabinet@centralcabinet.bj,centralcabinet.bj,TPE (<10),B2C,LinkedIn,,Actif,2026-06-29T00:22:55.229305,haute
BJ-C2B024D2,Soins,Santé & Pharmacie,Dassa-Zoumè,+229 27 87 17 30,,soins.bj,TPE (<10),B2B,LinkedIn,,Actif,2026-06-29T00:22:55.229325,moyenne
BJ-617AA827,Chirurgie Pharmacie,Santé & Pharmacie,Dassa-Zoumè,+229 37 29 47 44,chirurgie.pharmacie@yahoo.fr,chirurgiepharmacie.bj,PME (50-200),B2C,LinkedIn,,Actif,2026-06-29T00:22:55.229342,haute
BJ-5FFFB40E,Pharmacie ORL Centre,Santé & Pharmacie,Dassa-Zoumè,+229 80 13 62 11,p.orl@outlook.com,,PME (50-200),B2B,LinkedIn,,Actif,2026-06-29T00:22:55.229391,moyenne
BJ-D958440E,Polyclinique Emergency,Santé & Pharmacie,Kétou,+229 21 39 21 23,p.emergency@polycliniqueeme.bj,,PME (10-50),B2B,LinkedIn,,Actif,2026-06-29T00:22:55.229415,moyenne
BJ-A9433102,Ostéopathie Plus,Santé & Pharmacie,Kétou,+229 49 80 36 31,ostéopathie.plus@gmail.com,ostéopathieplus.bj,Grande (>200),B2B,LinkedIn,,Actif,2026-06-29T00:22:55.229435,haute
BJ-E2B5905D,Saint,Santé & Pharmacie,Kétou,+229 50 89 59 17,saint@saint.com.bj,saint.bj,PME (10-50),B2B,LinkedIn,,Actif,2026-06-29T00:22:55.229456,haute
BJ-00D9B7A9,Pharma Plus Kétou,Santé & Pharmacie,Kétou,+229 59 27 11 41,pharma_plus@pharmapluskétou.com.bj,pharmapluskétou.bj,PME (10-50),B2C,LinkedIn,,Actif,2026-06-29T00:22:55.229478,haute
BJ-80FBF5B1,Centre Gériatrique Pharmacie Kétou,Santé & Pharmacie,Kétou,+229 30 94 75 17,centre.gériatrique@centregériatriq.bj,centregériatriquepharmaciekétou.bj,PME (10-50),B2C,LinkedIn,,Actif,2026-06-29T00:22:55.229499,haute
BJ-B01E774B,Gynécologie Cabinet Covè,Santé & Pharmacie,Covè,+229 36 36 35 72,gynécologiecabinet@yahoo.fr,gynécologiecabinetcovè.bj,TPE (<10),B2B,LinkedIn,,Actif,2026-06-29T00:22:55.229528,haute
BJ-289642FF,Hôpital Santé,Santé & Pharmacie,Covè,+229 49 96 93 51,hôpitalsanté@hôpitalsanté.com.bj,hôpitalsanté.bj,TPE (<10),B2C,LinkedIn,,Actif,2026-06-29T00:22:55.229582,haute
BJ-4AF6F2F3,Centre Gériatrique Centre Covè,Santé & Pharmacie,Covè,+229 52 21 54 58,,,TPE (<10),B2C,LinkedIn,,Actif,2026-06-29T00:22:55.229596,basse
BJ-DA222738,Dispensaire Pédiatrique,Santé & Pharmacie,Pobè,+229 84 72 28 78,dispensairepédiatrique@yahoo.com,dispensairepédiatrique.bj,Grande (>200),B2B,LinkedIn,,Actif,2026-06-29T00:22:55.229629,haute
BJ-24B7BBE7,Bien-être Hôpital,Santé & Pharmacie,Pobè,+229 31 60 25 47,bien.être@yahoo.fr,bienêtrehôpital.bj,Grande (>200),B2C,LinkedIn,,Actif,2026-06-29T00:22:55.229649,haute
BJ-67320FBD,Cabinet Analyses,Santé & Pharmacie,Pobè,+229 82 51 23 13,c.analyses@outlook.com,,Grande (>200),B2C,LinkedIn,,Actif,2026-06-29T00:22:55.229685,moyenne
BJ-3FAAE509,Imagerie,Santé & Pharmacie,Pobè,+229 39 17 85 42,imagerie@imagerie.org.bj,imagerie.bj,PME (50-200),B2C,LinkedIn,,Actif,2026-06-29T00:22:55.229701,haute
BJ-92899508,Laboratoire Dermatologie Plus,Santé & Pharmacie,Sakété,+229 53 24 71 84,laboratoire_dermatologie@laboratoirederm.org.bj,laboratoiredermatologieplus.bj,TPE (<10),B2C,LinkedIn,,Actif,2026-06-29T00:22:55.229729,haute
BJ-F3ABC89A,Pédiatrie,Santé & Pharmacie,Sakété,+229 29 90 29 21,pédiatrie@pédiatrie.bj,pédiatrie.bj,PME (50-200),B2C,LinkedIn,,Actif,2026-06-29T00:22:55.229747,haute
BJ-2E1F070E,Cabinet Nutrition,Santé & Pharmacie,Sakété,+229 62 18 65 92,c.nutrition@outlook.com,cabinetnutrition.bj,TPE (<10),B2C,LinkedIn,,Actif,2026-06-29T00:22:55.229765,haute
BJ-FB4F7C5F,ORL Care,Santé & Pharmacie,Sakété,+229 46 63 71 10,orlcare@orlcare.org.bj,orlcare.bj,PME (10-50),B2C,LinkedIn,,Actif,2026-06-29T00:22:55.229789,haute
BJ-28CA296F,Gériatrique Bénin,Santé & Pharmacie,Adjara,+229 38 92 34 61,g.bénin@gmail.com,,PME (10-50),B2B,LinkedIn,,Actif,2026-06-29T00:22:55.229831,moyenne
BJ-199F2E9D,Emergency Bénin,Santé & Pharmacie,Adjara,+229 80 72 24 42,emergency.bénin@hotmail.com,emergencybénin.bj,TPE (<10),B2B,LinkedIn,,Actif,2026-06-29T00:22:55.229851,haute
BJ-1ADBB18C,Bien-être International,Santé & Pharmacie,Adjara,+229 31 57 94 40,bien.être@outlook.com,bienêtreinternational.bj,PME (10-50),B2B,LinkedIn,,Actif,2026-06-29T00:22:55.229873,haute
BJ-6A2F8315,Chirurgie Clinique,Santé & Pharmacie,Adjara,+229 50 40 83 15,chirurgieclinique@chirurgiecliniq.org.bj,chirurgieclinique.bj,TPE (<10),B2B,LinkedIn,,Actif,2026-06-29T00:22:55.229912,haute
BJ-FF15F527,Sanatorium Radiologie,Santé & Pharmacie,Adjara,+229 86 39 30 26,,,Grande (>200),B2B,LinkedIn,,Actif,2026-06-29T00:22:55.229927,basse
BJ-D2D1D1B6,Dermatologie Clinique,Santé & Pharmacie,Allada,+229 30 97 55 54,dermatologieclinique@dermatologiecli.org.bj,dermatologieclinique.bj,TPE (<10),B2C,LinkedIn,,Actif,2026-06-29T00:22:55.229954,haute
BJ-25A21B68,Hôpital Pédiatrie,Santé & Pharmacie,Allada,+229 32 89 77 23,hôpitalpédiatrie@hôpitalpédiatri.org.bj,hôpitalpédiatrie.bj,PME (10-50),B2C,LinkedIn,,Actif,2026-06-29T00:22:55.229974,haute
BJ-60FE3265,Hôpital Bien-être Allada,Santé & Pharmacie,Allada,+229 54 59 42 89,hôpitalbien@hôpitalbienêtre.com.bj,hôpitalbienêtreallada.bj,TPE (<10),B2B,LinkedIn,,Actif,2026-06-29T00:22:55.229993,haute
BJ-BBCA471B,Nouveau Health Allada,Santé & Pharmacie,Allada,+229 54 85 13 26,nouveauhealth@hotmail.com,,TPE (<10),B2C,LinkedIn,,Actif,2026-06-29T00:22:55.230010,moyenne
BJ-10D301E6,Médicament Plus,Santé & Pharmacie,Allada,+229 36 91 99 81,m.plus@médicamentplus.bj,,PME (10-50),B2B,LinkedIn,,Actif,2026-06-29T00:22:55.230026,moyenne
BJ-28DFC0AE,Clinique Ostéopathie International Aplahoué,Santé & Pharmacie,Aplahoué,+229 26 45 72 75,cliniqueostéopathie@yahoo.com,cliniqueostéopathieinternationalaplahoué.bj,PME (10-50),B2B,LinkedIn,,Actif,2026-06-29T00:22:55.230053,haute
BJ-866E96BE,Hôpital Urgence International,Santé & Pharmacie,Aplahoué,+229 87 56 60 75,hôpitalurgence@hôpitalurgencei.com.bj,hôpitalurgenceinternational.bj,TPE (<10),B2C,LinkedIn,,Actif,2026-06-29T00:22:55.230071,haute
BJ-FB92E9E5,Pharma Clinique Aplahoué,Santé & Pharmacie,Aplahoué,+229 20 93 43 94,p.clinique@hotmail.com,pharmacliniqueaplahoué.bj,Grande (>200),B2B,LinkedIn,,Actif,2026-06-29T00:22:55.230092,haute
BJ-714B4305,Dispensaire Imagerie International,Santé & Pharmacie,Aplahoué,+229 79 51 26 72,d.imagerie@gmail.com,dispensaireimagerieinternational.bj,PME (50-200),B2C,LinkedIn,,Actif,2026-06-29T00:22:55.230113,haute
BJ-1A264D62,Centre Nutrition,Santé & Pharmacie,Aplahoué,+229 28 99 56 58,centre.nutrition@centrenutrition.com.bj,centrenutrition.bj,Grande (>200),B2C,LinkedIn,,Actif,2026-06-29T00:22:55.230130,haute
BJ-4552F783,Laboratoire Soins Health,Santé & Pharmacie,Dogbo-Tota,+229 38 96 28 10,laboratoire.soins@laboratoiresoin.org.bj,laboratoiresoinshealth.bj,TPE (<10),B2B,LinkedIn,,Actif,2026-06-29T00:22:55.230154,haute
BJ-3B8C424C,Pharmacie Santé Clinique,Santé & Pharmacie,Dogbo-Tota,+229 38 88 57 75,pharmaciesanté@pharmaciesantéc.com.bj,,TPE (<10),B2B,LinkedIn,,Actif,2026-06-29T00:22:55.230176,moyenne
BJ-2083DF00,Nutrition Centre Dogbo-Tota,Santé & Pharmacie,Dogbo-Tota,+229 69 13 27 59,nutritioncentre@yahoo.com,,PME (50-200),B2B,LinkedIn,,Actif,2026-06-29T00:22:55.230193,moyenne
BJ-55DEE698,Dermatologie,Santé & Pharmacie,Dogbo-Tota,+229 73 56 20 78,dermatologie@dermatologie.com.bj,dermatologie.bj,TPE (<10),B2C,LinkedIn,,Actif,2026-06-29T00:22:55.230207,haute
BJ-7042973D,Dispensaire Soins,Santé & Pharmacie,Dogbo-Tota,+229 50 80 31 75,d.soins@outlook.com,,PME (10-50),B2B,LinkedIn,,Actif,2026-06-29T00:22:55.230224,moyenne
BJ-B82FC9C3,Pédiatrique,Santé & Pharmacie,Kpomassè,+229 81 95 56 87,pédiatrique@pédiatrique.org.bj,,PME (10-50),B2B,LinkedIn,,Actif,2026-06-29T00:22:55.230246,moyenne
BJ-6413C42A,Centre Gériatrique Centre Kpomassè,Santé & Pharmacie,Kpomassè,+229 25 10 55 19,centre.gériatrique@centregériatriq.bj,centregériatriquecentrekpomassè.bj,TPE (<10),B2B,LinkedIn,,Actif,2026-06-29T00:22:55.230265,haute
BJ-CCDB140B,Imagerie Clinique,Santé & Pharmacie,Kpomassè,+229 29 20 63 25,,imagerieclinique.bj,PME (10-50),B2C,LinkedIn,,Actif,2026-06-29T00:22:55.230281,moyenne
BJ-0933CEC2,Dispensaire Ophtalmologie Cabinet,Santé & Pharmacie,Kpomassè,+229 25 17 71 20,dispensaireophtalmologie@yahoo.com,dispensaireophtalmologiecabinet.bj,TPE (<10),B2C,LinkedIn,,Actif,2026-06-29T00:22:55.230299,haute
BJ-F951C6BD,Orthodontie Bénin,Santé & Pharmacie,Kpomassè,+229 90 18 69 93,o.bénin@hotmail.com,orthodontiebénin.bj,PME (50-200),B2C,LinkedIn,,Actif,2026-06-29T00:22:55.230315,haute
BJ-37B99EAA,Sanatorium Vie Cabinet,Santé & Pharmacie,Tori-Bossito,+229 95 96 76 57,sanatoriumvie@sanatoriumvieca.org.bj,sanatoriumviecabinet.bj,PME (50-200),B2C,LinkedIn,,Actif,2026-06-29T00:22:55.230339,haute
BJ-D49BE23F,Pharmacie Ophtalmologie Care,Santé & Pharmacie,Tori-Bossito,+229 73 99 68 82,p.ophtalmologie@outlook.com,pharmacieophtalmologiecare.bj,Grande (>200),B2B,LinkedIn,,Actif,2026-06-29T00:22:55.230355,haute
BJ-DBACA918,Guérison,Santé & Pharmacie,Tori-Bossito,+229 76 83 26 22,guérison@yahoo.fr,,PME (10-50),B2B,LinkedIn,,Actif,2026-06-29T00:22:55.230370,moyenne
BJ-4E127676,Soins Care,Santé & Pharmacie,Tori-Bossito,+229 57 90 98 38,soinscare@hotmail.com,,TPE (<10),B2C,LinkedIn,,Actif,2026-06-29T00:22:55.230385,moyenne
BJ-2F90D969,Hôpital Médicament Hôpital,Santé & Pharmacie,Tori-Bossito,+229 72 31 77 71,hôpitalmédicament@hôpitalmédicame.org.bj,,PME (50-200),B2B,LinkedIn,,Actif,2026-06-29T00:22:55.230403,moyenne
BJ-901D157C,Médical Hôpital,Santé & Pharmacie,Grand-Popo,+229 33 87 41 13,m.hôpital@médicalhôpital.bj,médicalhôpital.bj,PME (10-50),B2C,LinkedIn,,Actif,2026-06-29T00:22:55.230428,haute
BJ-7D3B907A,Orthodontie Clinique Grand-Popo,Santé & Pharmacie,Grand-Popo,+229 61 59 77 59,orthodontie.clinique@orthodontieclin.bj,orthodontiecliniquegrandpopo.bj,PME (50-200),B2B,LinkedIn,,Actif,2026-06-29T00:22:55.230451,haute
BJ-225AF288,Radiologie,Santé & Pharmacie,Grand-Popo,+229 47 33 49 76,radiologie@yahoo.com,radiologie.bj,TPE (<10),B2B,LinkedIn,,Actif,2026-06-29T00:22:55.230468,haute
BJ-47FC6539,Pharmacie Rééducation Health Grand-Popo,Santé & Pharmacie,Grand-Popo,+229 37 57 11 20,pharmacierééducation@pharmacierééduc.bj,pharmacierééducationhealthgrandpopo.bj,PME (50-200),B2B,LinkedIn,,Actif,2026-06-29T00:22:55.230493,haute
BJ-3F53D16C,Nouveau International,Santé & Pharmacie,Grand-Popo,+229 86 86 84 58,nouveauinternational@hotmail.com,nouveauinternational.bj,TPE (<10),B2B,LinkedIn,,Actif,2026-06-29T00:22:55.230511,haute
BJ-19379394,Nouveau Care,Santé & Pharmacie,Athiémé,+229 30 85 29 92,n.care@nouveaucare.com.bj,nouveaucare.bj,PME (10-50),B2B,LinkedIn,,Actif,2026-06-29T00:22:55.230536,haute
BJ-1734E002,Clinique Rééducation Hôpital,Santé & Pharmacie,Athiémé,+229 87 30 62 38,cliniquerééducation@hotmail.com,cliniquerééducationhôpital.bj,PME (10-50),B2B,LinkedIn,,Actif,2026-06-29T00:22:55.230555,haute
BJ-255CCA9F,Polyclinique Urgence Centre,Santé & Pharmacie,Athiémé,+229 77 56 70 10,p.urgence@hotmail.com,polycliniqueurgencecentre.bj,TPE (<10),B2C,LinkedIn,,Actif,2026-06-29T00:22:55.230572,haute
BJ-645E29DE,Gériatrique,Santé & Pharmacie,Athiémé,+229 86 28 85 60,gériatrique@outlook.com,gériatrique.bj,PME (10-50),B2B,LinkedIn,,Actif,2026-06-29T00:22:55.230591,haute
BJ-8FF0C3BF,Sanatorium Sainte Care Athiémé,Santé & Pharmacie,Athiémé,+229 53 80 97 75,sanatorium.sainte@sanatoriumsaint.bj,sanatoriumsaintecareathiémé.bj,PME (10-50),B2C,LinkedIn,,Actif,2026-06-29T00:22:55.230610,haute
BJ-1517C2DA,Imagerie,Santé & Pharmacie,Bopa,+229 89 98 64 62,imagerie@hotmail.com,imagerie.bj,TPE (<10),B2B,LinkedIn,,Actif,2026-06-29T00:22:55.230631,haute
BJ-91CF4358,Guérison,Santé & Pharmacie,Bopa,+229 30 30 76 96,guérison@guérison.com.bj,guérison.bj,TPE (<10),B2C,LinkedIn,,Actif,2026-06-29T00:22:55.230647,haute
BJ-1A75E31A,Dermatologie Plus Bopa,Santé & Pharmacie,Bopa,+229 96 40 41 63,dermatologieplus@yahoo.com,dermatologieplusbopa.bj,PME (50-200),B2C,LinkedIn,,Actif,2026-06-29T00:22:55.230673,haute
BJ-6DC60EA3,Chirurgie,Santé & Pharmacie,Bopa,+229 72 38 18 21,chirurgie@gmail.com,,PME (50-200),B2C,LinkedIn,,Actif,2026-06-29T00:22:55.230687,moyenne
BJ-4AE2E7E0,Cabinet Guérison,Santé & Pharmacie,Bopa,+229 41 84 94 28,,cabinetguérison.bj,PME (10-50),B2C,LinkedIn,,Actif,2026-06-29T00:22:55.230701,moyenne
BJ-E2F2462B,Gériatrique Centre,Santé & Pharmacie,Houéyogbé,+229 98 64 60 10,gériatrique.centre@outlook.com,gériatriquecentre.bj,TPE (<10),B2B,LinkedIn,,Actif,2026-06-29T00:22:55.230726,haute
BJ-6A82E80F,Nutrition Health,Santé & Pharmacie,Houéyogbé,+229 22 88 19 19,,nutritionhealth.bj,TPE (<10),B2C,LinkedIn,,Actif,2026-06-29T00:22:55.230738,moyenne
BJ-B6963788,Bien-être,Santé & Pharmacie,Houéyogbé,+229 74 16 74 28,b.être@outlook.com,,TPE (<10),B2C,LinkedIn,,Actif,2026-06-29T00:22:55.230758,moyenne
BJ-4F402EA7,Polyclinique Analyses,Santé & Pharmacie,Houéyogbé,+229 95 85 37 47,p.analyses@polycliniqueana.com.bj,,Grande (>200),B2C,LinkedIn,,Actif,2026-06-29T00:22:55.230777,moyenne
BJ-72916A6A,Laboratoire ORL International,Santé & Pharmacie,Houéyogbé,+229 29 84 13 30,laboratoireorl@laboratoireorli.org.bj,,PME (50-200),B2B,LinkedIn,,Actif,2026-06-29T00:22:55.230793,moyenne
BJ-1877C612,Cabinet Imagerie,Santé & Pharmacie,Malanville,+229 88 46 17 71,cabinet.imagerie@yahoo.com,,PME (50-200),B2B,LinkedIn,,Actif,2026-06-29T00:22:55.230859,moyenne
BJ-53F3992F,Centre Kinésithérapie,Santé & Pharmacie,Malanville,+229 31 14 32 78,centrekinésithérapie@centrekinésithé.org.bj,centrekinésithérapie.bj,PME (50-200),B2C,LinkedIn,,Actif,2026-06-29T00:22:55.230877,haute
BJ-2AA93CC9,Pharmacie Rééducation,Santé & Pharmacie,Malanville,+229 44 63 63 19,p.rééducation@yahoo.fr,pharmacierééducation.bj,TPE (<10),B2B,LinkedIn,,Actif,2026-06-29T00:22:55.230908,haute
BJ-8CC67755,Centre Cardiologie Bénin,Santé & Pharmacie,Kandi,+229 53 94 62 82,,,TPE (<10),B2C,LinkedIn,,Actif,2026-06-29T00:22:55.230930,basse
BJ-BEDC5E2D,Emergency Cabinet Kandi,Santé & Pharmacie,Kandi,+229 63 42 56 48,e.cabinet@emergencycabine.org.bj,,PME (50-200),B2C,LinkedIn,,Actif,2026-06-29T00:22:55.230947,moyenne
BJ-31BD978C,Ophtalmologie Hôpital,Santé & Pharmacie,Kandi,+229 48 37 97 64,,ophtalmologiehôpital.bj,PME (10-50),B2B,LinkedIn,,Actif,2026-06-29T00:22:55.230959,moyenne
BJ-6508D33D,Hôpital Sainte Hôpital,Santé & Pharmacie,Kandi,+229 76 94 24 95,hôpitalsainte@yahoo.com,hôpitalsaintehôpital.bj,PME (10-50),B2C,LinkedIn,,Actif,2026-06-29T00:22:55.230982,haute
BJ-A8917445,Centre Diététique,Santé & Pharmacie,Kandi,+229 37 58 62 74,centrediététique@yahoo.com,,PME (10-50),B2C,LinkedIn,,Actif,2026-06-29T00:22:55.230998,moyenne
BJ-989016F5,Ophtalmologie Banikoara,Santé & Pharmacie,Banikoara,+229 81 68 22 11,ophtalmologiebanikoara@yahoo.fr,ophtalmologiebanikoara.bj,PME (10-50),B2B,LinkedIn,,Actif,2026-06-29T00:22:55.231022,haute
BJ-F32ACD49,Laboratoire Nutrition Banikoara,Santé & Pharmacie,Banikoara,+229 25 58 43 30,laboratoire_nutrition@hotmail.com,laboratoirenutritionbanikoara.bj,PME (50-200),B2B,LinkedIn,,Actif,2026-06-29T00:22:55.231039,haute
BJ-44238984,Hôpital Rééducation Pharmacie,Santé & Pharmacie,Banikoara,+229 45 19 12 51,hôpital.rééducation@yahoo.com,,TPE (<10),B2B,LinkedIn,,Actif,2026-06-29T00:22:55.231061,moyenne
BJ-00DEA500,Centre Dentaire Plus,Santé & Pharmacie,Banikoara,+229 41 27 10 81,c.dentaire@centredentairep.org.bj,centredentaireplus.bj,PME (50-200),B2C,LinkedIn,,Actif,2026-06-29T00:22:55.231082,haute
BJ-CC739673,Clinique Diététique,Santé & Pharmacie,Banikoara,+229 84 41 36 81,c.diététique@yahoo.com,,TPE (<10),B2B,LinkedIn,,Actif,2026-06-29T00:22:55.231098,moyenne
BJ-E9723CDC,Imagerie Pharmacie,Santé & Pharmacie,Ségbana,+229 60 56 23 36,imageriepharmacie@yahoo.com,imageriepharmacie.bj,PME (10-50),B2B,LinkedIn,,Actif,2026-06-29T00:22:55.231120,haute
BJ-74EDF908,Dispensaire Diététique,Santé & Pharmacie,Ségbana,+229 28 39 31 20,dispensaire.diététique@dispensairediét.com.bj,,TPE (<10),B2B,LinkedIn,,Actif,2026-06-29T00:22:55.231138,moyenne
BJ-04FFF759,Médecine Centre,Santé & Pharmacie,Ségbana,+229 82 72 56 15,médecinecentre@médecinecentre.org.bj,médecinecentre.bj,PME (10-50),B2B,LinkedIn,,Actif,2026-06-29T00:22:55.231170,haute
BJ-E3C6E22A,Centre Ostéopathie,Santé & Pharmacie,Ségbana,+229 64 97 42 15,centreostéopathie@centreostéopath.bj,,PME (10-50),B2C,LinkedIn,,Actif,2026-06-29T00:22:55.231187,moyenne
BJ-AD6A6AAC,Ostéopathie Medical,Santé & Pharmacie,Karimama,+229 73 84 88 75,o.medical@ostéopathiemedi.com.bj,ostéopathiemedical.bj,TPE (<10),B2B,LinkedIn,,Actif,2026-06-29T00:22:55.231211,haute
BJ-1878C4FA,Sanatorium Kinésithérapie Bénin,Santé & Pharmacie,Karimama,+229 97 29 16 22,sanatorium.kinésithérapie@outlook.com,sanatoriumkinésithérapiebénin.bj,TPE (<10),B2C,LinkedIn,,Actif,2026-06-29T00:22:55.231229,haute
BJ-8FE23FE3,Centre Chirurgie Hôpital,Santé & Pharmacie,Karimama,+229 72 10 91 23,centre.chirurgie@centrechirurgie.org.bj,centrechirurgiehôpital.bj,PME (50-200),B2C,LinkedIn,,Actif,2026-06-29T00:22:55.231250,haute
BJ-5E9FDB29,Pharmacie Radiologie Care Karimama,Santé & Pharmacie,Karimama,+229 96 22 60 76,pharmacie.radiologie@pharmacieradiol.org.bj,pharmacieradiologiecarekarimama.bj,TPE (<10),B2C,LinkedIn,,Actif,2026-06-29T00:22:55.231268,haute
BJ-FFDD478D,Dispensaire Dermatologie,Santé & Pharmacie,Karimama,+229 24 22 14 93,d.dermatologie@yahoo.com,dispensairedermatologie.bj,TPE (<10),B2C,LinkedIn,,Actif,2026-06-29T00:22:55.231284,haute
BJ-CC325481,Médicament,Santé & Pharmacie,Gogounou,+229 33 93 78 99,médicament@yahoo.com,médicament.bj,PME (10-50),B2C,LinkedIn,,Actif,2026-06-29T00:22:55.231306,haute
BJ-FB400A83,Dermatologie Pharmacie,Santé & Pharmacie,Gogounou,+229 35 35 52 23,d.pharmacie@hotmail.com,dermatologiepharmacie.bj,Grande (>200),B2B,LinkedIn,,Actif,2026-06-29T00:22:55.231321,haute
BJ-836EEDD6,Orthodontie,Santé & Pharmacie,Gogounou,+229 53 23 88 18,orthodontie@orthodontie.com.bj,orthodontie.bj,PME (10-50),B2C,LinkedIn,,Actif,2026-06-29T00:22:55.231335,haute
BJ-69D2C812,Polyclinique Pédiatrique,Santé & Pharmacie,Gogounou,+229 53 17 22 75,polycliniquepédiatrique@polycliniquepéd.org.bj,,TPE (<10),B2B,LinkedIn,,Actif,2026-06-29T00:22:55.231352,moyenne
BJ-88AED855,Polyclinique Rééducation Medical Gogounou,Santé & Pharmacie,Gogounou,+229 91 77 74 31,polyclinique.rééducation@hotmail.com,polycliniquerééducationmedicalgogounou.bj,PME (50-200),B2B,LinkedIn,,Actif,2026-06-29T00:22:55.231374,haute
BJ-6625794C,Orthodontie,Santé & Pharmacie,Cobly,+229 61 43 89 76,orthodontie@yahoo.fr,orthodontie.bj,PME (10-50),B2C,LinkedIn,,Actif,2026-06-29T00:22:55.231395,haute
BJ-EA46C1E1,Polyclinique Analyses Bénin,Santé & Pharmacie,Cobly,+229 60 79 72 99,polyclinique.analyses@polycliniqueana.bj,,PME (50-200),B2C,LinkedIn,,Actif,2026-06-29T00:22:55.231417,moyenne
BJ-A37868CC,Cabinet Gériatrique,Santé & Pharmacie,Cobly,+229 38 79 34 67,cabinet.gériatrique@yahoo.com,cabinetgériatrique.bj,TPE (<10),B2C,LinkedIn,,Actif,2026-06-29T00:22:55.231437,haute
BJ-01E67EAC,Gériatrique Care,Santé & Pharmacie,Cobly,+229 88 66 38 20,gériatrique.care@gériatriquecare.org.bj,,TPE (<10),B2B,LinkedIn,,Actif,2026-06-29T00:22:55.231454,moyenne
BJ-9B7D4230,Imagerie Health,Santé & Pharmacie,Tanguiéta,+229 31 39 17 10,imagerie.health@imageriehealth.com.bj,imageriehealth.bj,PME (10-50),B2C,LinkedIn,,Actif,2026-06-29T00:22:55.231492,haute
BJ-21187AF9,Dispensaire Biologie Plus,Santé & Pharmacie,Tanguiéta,+229 23 72 13 76,dispensaire.biologie@gmail.com,,TPE (<10),B2B,LinkedIn,,Actif,2026-06-29T00:22:55.231508,moyenne
BJ-E4AB4344,Dispensaire Ophtalmologie,Santé & Pharmacie,Tanguiéta,+229 70 48 34 69,d.ophtalmologie@hotmail.com,,TPE (<10),B2B,LinkedIn,,Actif,2026-06-29T00:22:55.231522,moyenne
BJ-42562674,Laboratoire Soins Cabinet,Santé & Pharmacie,Tanguiéta,+229 56 61 92 41,l.soins@laboratoiresoin.com.bj,laboratoiresoinscabinet.bj,PME (50-200),B2C,LinkedIn,,Actif,2026-06-29T00:22:55.231538,haute
BJ-CA84B927,Sanatorium Emergency Plus,Santé & Pharmacie,Tanguiéta,+229 51 17 92 34,sanatorium_emergency@hotmail.com,sanatoriumemergencyplus.bj,TPE (<10),B2B,LinkedIn,,Actif,2026-06-29T00:22:55.231552,haute
BJ-8BF88EB7,Maternité,Santé & Pharmacie,Matéri,+229 40 66 64 53,maternité@yahoo.fr,maternité.bj,PME (50-200),B2C,LinkedIn,,Actif,2026-06-29T00:22:55.231588,haute
BJ-2112391C,Pédiatrique Care Matéri,Santé & Pharmacie,Matéri,+229 55 78 52 14,pédiatrique_care@yahoo.fr,pédiatriquecarematéri.bj,Grande (>200),B2C,LinkedIn,,Actif,2026-06-29T00:22:55.231608,haute
BJ-1269FE47,Orthodontie Matéri,Santé & Pharmacie,Matéri,+229 32 72 82 39,o.matéri@orthodontiematé.org.bj,,PME (10-50),B2B,LinkedIn,,Actif,2026-06-29T00:22:55.231625,moyenne
BJ-5B22B016,Sanatorium Royal Cabinet,Santé & Pharmacie,Matéri,+229 78 99 78 20,sanatorium.royal@sanatoriumroyal.bj,sanatoriumroyalcabinet.bj,PME (10-50),B2B,LinkedIn,,Actif,2026-06-29T00:22:55.231642,haute
BJ-3F900EEC,Sanatorium Rééducation Centre,Santé & Pharmacie,Natitingou,+229 96 81 98 82,sanatorium.rééducation@yahoo.com,,PME (10-50),B2C,LinkedIn,,Actif,2026-06-29T00:22:55.231665,moyenne
BJ-ACBCE1D3,Sanatorium Emergency Clinique,Santé & Pharmacie,Natitingou,+229 35 31 71 44,sanatoriumemergency@yahoo.com,,TPE (<10),B2B,LinkedIn,,Actif,2026-06-29T00:22:55.231680,moyenne
BJ-3E0B896B,Diététique,Santé & Pharmacie,Natitingou,+229 88 12 87 40,diététique@yahoo.fr,diététique.bj,PME (50-200),B2C,LinkedIn,,Actif,2026-06-29T00:22:55.231695,haute
BJ-D539DCA3,Hôpital Gériatrique International,Santé & Pharmacie,Natitingou,+229 45 62 31 38,hôpital.gériatrique@gmail.com,hôpitalgériatriqueinternational.bj,TPE (<10),B2B,LinkedIn,,Actif,2026-06-29T00:22:55.231715,haute
BJ-37E95C42,Pédiatrique Medical,Santé & Pharmacie,Natitingou,+229 68 61 79 34,pédiatrique.medical@pédiatriquemedi.com.bj,pédiatriquemedical.bj,Grande (>200),B2B,LinkedIn,,Actif,2026-06-29T00:22:55.231732,haute
BJ-D8544018,ORL International,Santé & Pharmacie,Toucountouna,+229 82 13 23 84,orlinternational@orlinternationa.com.bj,orlinternational.bj,PME (10-50),B2C,LinkedIn,,Actif,2026-06-29T00:22:55.231770,haute
BJ-77909447,Laboratoire Biologie Cabinet,Santé & Pharmacie,Toucountouna,+229 77 28 10 37,l.biologie@hotmail.com,laboratoirebiologiecabinet.bj,Grande (>200),B2C,LinkedIn,,Actif,2026-06-29T00:22:55.231789,haute
BJ-EF1C29D6,Imagerie International Toucountouna,Santé & Pharmacie,Toucountouna,+229 95 79 23 62,imagerieinternational@imagerieinterna.org.bj,,TPE (<10),B2B,LinkedIn,,Actif,2026-06-29T00:22:55.231805,moyenne
BJ-8D39E780,Pédiatrie,Santé & Pharmacie,Toucountouna,+229 91 76 11 67,pédiatrie@yahoo.fr,,PME (50-200),B2C,LinkedIn,,Actif,2026-06-29T00:22:55.231818,moyenne
BJ-DC93D9FC,Sanatorium Biologie,Santé & Pharmacie,Boukoumbé,+229 70 84 82 15,s.biologie@yahoo.com,sanatoriumbiologie.bj,TPE (<10),B2B,LinkedIn,,Actif,2026-06-29T00:22:55.231854,haute
BJ-EE5CCC96,Soins,Santé & Pharmacie,Boukoumbé,+229 45 62 78 50,soins@gmail.com,,TPE (<10),B2B,LinkedIn,,Actif,2026-06-29T00:22:55.231867,moyenne
BJ-7072B727,Gynécologie Boukoumbé,Santé & Pharmacie,Boukoumbé,+229 35 76 57 35,gynécologie.boukoumbé@gynécologiebouk.bj,,TPE (<10),B2B,LinkedIn,,Actif,2026-06-29T00:22:55.231884,moyenne
BJ-17A0EECF,Gynécologie,Santé & Pharmacie,Boukoumbé,+229 25 49 44 11,gynécologie@yahoo.fr,,TPE (<10),B2B,LinkedIn,,Actif,2026-06-29T00:22:55.231910,moyenne
BJ-45080423,Laboratoire Rééducation Bénin,Santé & Pharmacie,Kouandé,+229 35 97 33 66,,laboratoirerééducationbénin.bj,TPE (<10),B2C,LinkedIn,,Actif,2026-06-29T00:22:55.231931,moyenne
BJ-C376CD12,Centre Dermatologie International,Santé & Pharmacie,Kouandé,+229 23 67 77 81,centre.dermatologie@gmail.com,centredermatologieinternational.bj,PME (10-50),B2B,LinkedIn,,Actif,2026-06-29T00:22:55.231947,haute
BJ-681A6B25,Maternité Health Kouandé,Santé & Pharmacie,Kouandé,+229 97 54 65 46,maternité.health@maternitéhealth.bj,,TPE (<10),B2C,LinkedIn,,Actif,2026-06-29T00:22:55.231971,moyenne
BJ-547BB7CD,Cardiologie,Santé & Pharmacie,Kouandé,+229 63 77 62 79,,cardiologie.bj,TPE (<10),B2C,LinkedIn,,Actif,2026-06-29T00:22:55.231984,moyenne
BJ-6CC51B60,Dispensaire Saint,Santé & Pharmacie,Kouandé,+229 21 85 70 15,dispensaire.saint@dispensairesain.bj,dispensairesaint.bj,PME (10-50),B2B,LinkedIn,,Actif,2026-06-29T00:22:55.232000,haute
BJ-C6A7090A,Urgence Health,Santé & Pharmacie,Péhunco,+229 64 84 28 62,urgencehealth@outlook.com,urgencehealth.bj,PME (50-200),B2B,LinkedIn,,Actif,2026-06-29T00:22:55.232027,haute
BJ-0E296A8E,Pharmacie Central Bénin,Santé & Pharmacie,Péhunco,+229 93 99 41 72,pharmacie_central@pharmaciecentra.com.bj,pharmaciecentralbénin.bj,PME (10-50),B2B,LinkedIn,,Actif,2026-06-29T00:22:55.232045,haute
BJ-389D923B,Royal Pharmacie,Santé & Pharmacie,Péhunco,+229 99 79 12 75,royal_pharmacie@royalpharmacie.bj,royalpharmacie.bj,TPE (<10),B2C,LinkedIn,,Actif,2026-06-29T00:22:55.232061,haute
BJ-A52705E1,Pharmacie Nutrition,Santé & Pharmacie,Péhunco,+229 57 54 72 80,pharmacie.nutrition@pharmacienutrit.org.bj,pharmacienutrition.bj,TPE (<10),B2B,LinkedIn,,Actif,2026-06-29T00:22:55.232076,haute
BJ-777C62E1,Sanatorium Gynécologie Pharmacie,Santé & Pharmacie,Péhunco,+229 71 77 62 42,sanatorium.gynécologie@sanatoriumgynéc.bj,sanatoriumgynécologiepharmacie.bj,TPE (<10),B2B,LinkedIn,,Actif,2026-06-29T00:22:55.232094,haute
BJ-32373CF5,Cardiologie,Santé & Pharmacie,Tchaourou,+229 99 98 27 76,cardiologie@gmail.com,cardiologie.bj,PME (10-50),B2B,LinkedIn,,Actif,2026-06-29T00:22:55.232115,haute
BJ-F2603B6E,Hôpital Sainte,Santé & Pharmacie,Tchaourou,+229 22 41 40 54,hôpital_sainte@hôpitalsainte.bj,hôpitalsainte.bj,TPE (<10),B2B,LinkedIn,,Actif,2026-06-29T00:22:55.232132,haute
BJ-99E59E0E,Pharmacie Saint Clinique,Santé & Pharmacie,Tchaourou,+229 50 29 64 52,p.saint@pharmaciesaintc.bj,pharmaciesaintclinique.bj,Grande (>200),B2B,LinkedIn,,Actif,2026-06-29T00:22:55.232151,haute
BJ-4EB6B8B9,Radiologie,Santé & Pharmacie,Tchaourou,+229 45 87 45 28,radiologie@outlook.com,radiologie.bj,PME (50-200),B2B,LinkedIn,,Actif,2026-06-29T00:22:55.232166,haute
BJ-0643898F,Dispensaire Cardiologie Tchaourou,Santé & Pharmacie,Tchaourou,+229 54 18 60 40,dispensaire.cardiologie@dispensairecard.bj,,PME (50-200),B2B,LinkedIn,,Actif,2026-06-29T00:22:55.232182,moyenne
BJ-05E8F2C8,Gynécologie Health,Santé & Pharmacie,Nikki,+229 90 17 18 79,gynécologiehealth@gynécologieheal.com.bj,gynécologiehealth.bj,TPE (<10),B2B,LinkedIn,,Actif,2026-06-29T00:22:55.232209,haute
BJ-796EEE2A,Pharmacie Orthodontie,Santé & Pharmacie,Nikki,+229 42 50 62 77,,,TPE (<10),B2C,LinkedIn,,Actif,2026-06-29T00:22:55.232221,basse
BJ-F65F0FAB,Dispensaire Urgence,Santé & Pharmacie,Nikki,+229 88 96 48 96,dispensaire.urgence@dispensaireurge.org.bj,,PME (50-200),B2C,LinkedIn,,Actif,2026-06-29T00:22:55.232237,moyenne
BJ-BEF842C1,Dispensaire Gériatrique Nikki,Santé & Pharmacie,Nikki,+229 23 74 57 21,dispensairegériatrique@yahoo.fr,dispensairegériatriquenikki.bj,TPE (<10),B2C,LinkedIn,,Actif,2026-06-29T00:22:55.232254,haute
BJ-9C48E521,Clinique Analyses,Santé & Pharmacie,Nikki,+229 48 19 20 40,clinique.analyses@outlook.com,cliniqueanalyses.bj,Grande (>200),B2C,LinkedIn,,Actif,2026-06-29T00:22:55.232269,haute
BJ-912C93D6,Clinique Royal,Santé & Pharmacie,Bembéréké,+229 52 68 12 51,,cliniqueroyal.bj,PME (50-200),B2B,LinkedIn,,Actif,2026-06-29T00:22:55.232288,moyenne
BJ-50FB568D,Hôpital Royal Care,Santé & Pharmacie,Bembéréké,+229 29 64 92 25,,,PME (50-200),B2C,LinkedIn,,Actif,2026-06-29T00:22:55.232299,basse
BJ-725CE2AF,Polyclinique Chirurgie Bembéréké,Santé & Pharmacie,Bembéréké,+229 68 88 69 78,polycliniquechirurgie@polycliniquechi.bj,,PME (50-200),B2B,LinkedIn,,Actif,2026-06-29T00:22:55.232322,moyenne
BJ-298EB9C9,Ostéopathie,Santé & Pharmacie,Bembéréké,+229 42 30 11 85,ostéopathie@ostéopathie.org.bj,,PME (50-200),B2C,LinkedIn,,Actif,2026-06-29T00:22:55.232338,moyenne
BJ-D6F68AB6,Médicament Centre,Santé & Pharmacie,Bembéréké,+229 59 82 58 29,médicament.centre@outlook.com,médicamentcentre.bj,PME (10-50),B2C,LinkedIn,,Actif,2026-06-29T00:22:55.232354,haute
BJ-45B08FBE,Clinique Dentaire,Santé & Pharmacie,Kalalé,+229 80 33 41 55,,,PME (10-50),B2C,LinkedIn,,Actif,2026-06-29T00:22:55.232372,basse
BJ-B24CD229,Ophtalmologie Plus,Santé & Pharmacie,Kalalé,+229 27 63 66 79,o.plus@outlook.com,ophtalmologieplus.bj,TPE (<10),B2B,LinkedIn,,Actif,2026-06-29T00:22:55.232388,haute
BJ-8E699082,Laboratoire Nouveau,Santé & Pharmacie,Kalalé,+229 69 74 94 57,laboratoire.nouveau@gmail.com,laboratoirenouveau.bj,PME (10-50),B2C,LinkedIn,,Actif,2026-06-29T00:22:55.232404,haute
BJ-0D139EF1,Santé Kalalé,Santé & Pharmacie,Kalalé,+229 46 17 22 85,santékalalé@gmail.com,santékalalé.bj,PME (10-50),B2B,LinkedIn,,Actif,2026-06-29T00:22:55.232421,haute
BJ-7B99694B,Laboratoire Soins Health,Santé & Pharmacie,Ndali,+229 49 58 86 60,,laboratoiresoinshealth.bj,TPE (<10),B2B,LinkedIn,,Actif,2026-06-29T00:22:55.232456,moyenne
BJ-C663A4F3,Hôpital Diététique Ndali,Santé & Pharmacie,Ndali,+229 88 13 34 79,hôpital.diététique@hotmail.com,hôpitaldiététiquendali.bj,TPE (<10),B2B,LinkedIn,,Actif,2026-06-29T00:22:55.232474,haute
BJ-78DAE41E,Cardiologie Ndali,Santé & Pharmacie,Ndali,+229 63 80 74 15,c.ndali@cardiologiendal.org.bj,cardiologiendali.bj,Grande (>200),B2B,LinkedIn,,Actif,2026-06-29T00:22:55.232492,haute
BJ-23F859E6,Hôpital Gériatrique,Santé & Pharmacie,Ndali,+229 89 18 23 33,hôpital.gériatrique@hôpitalgériatri.bj,hôpitalgériatrique.bj,PME (50-200),B2B,LinkedIn,,Actif,2026-06-29T00:22:55.232526,haute
BJ-8138AED9,Polyclinique Urgence,Santé & Pharmacie,Ségbana,+229 95 97 71 36,p.urgence@yahoo.fr,polycliniqueurgence.bj,TPE (<10),B2B,LinkedIn,,Actif,2026-06-29T00:22:55.232549,haute
BJ-45224D26,Central Care,Santé & Pharmacie,Ségbana,+229 95 87 40 14,central.care@centralcare.org.bj,centralcare.bj,TPE (<10),B2B,LinkedIn,,Actif,2026-06-29T00:22:55.232566,haute
BJ-3ABC581B,Cabinet Bien-être,Santé & Pharmacie,Ségbana,+229 66 20 42 48,,cabinetbienêtre.bj,TPE (<10),B2C,LinkedIn,,Actif,2026-06-29T00:22:55.232581,moyenne
BJ-CE1471F3,Pharmacie Analyses,Santé & Pharmacie,Ségbana,+229 38 58 99 36,,pharmacieanalyses.bj,PME (10-50),B2C,LinkedIn,,Actif,2026-06-29T00:22:55.232594,moyenne
BJ-C064C8CB,Polyclinique Médicament Ségbana,Santé & Pharmacie,Ségbana,+229 39 96 92 58,polyclinique.médicament@polycliniqueméd.com.bj,polycliniquemédicamentségbana.bj,PME (10-50),B2C,LinkedIn,,Actif,2026-06-29T00:22:55.232616,haute
BJ-AD960277,Médecine Centre Tchaourou,Santé & Pharmacie,Tchaourou,+229 42 25 21 42,médecinecentre@hotmail.com,médecinecentretchaourou.bj,PME (50-200),B2B,LinkedIn,,Actif,2026-06-29T00:22:55.232658,haute
BJ-67AC8DE8,Maternité International,Santé & Pharmacie,Tchaourou,+229 43 67 10 23,m.international@outlook.com,,PME (10-50),B2B,LinkedIn,,Actif,2026-06-29T00:22:55.232693,moyenne
BJ-A9068EB8,Analyses Medical,Santé & Pharmacie,Tchaourou,+229 63 43 27 50,analyses.medical@analysesmedical.org.bj,analysesmedical.bj,PME (10-50),B2B,LinkedIn,,Actif,2026-06-29T00:22:55.232709,haute
BJ-FB218BD3,Gynécologie,Santé & Pharmacie,Bétérou,+229 94 28 53 55,gynécologie@gynécologie.org.bj,gynécologie.bj,PME (50-200),B2B,LinkedIn,,Actif,2026-06-29T00:22:55.232730,haute
BJ-88B8404B,Cabinet Guérison,Santé & Pharmacie,Bétérou,+229 49 26 56 72,cabinet.guérison@yahoo.fr,cabinetguérison.bj,PME (10-50),B2C,LinkedIn,,Actif,2026-06-29T00:22:55.232746,haute
BJ-A88DB564,Cabinet Dentaire Bénin,Santé & Pharmacie,Bétérou,+229 81 12 65 21,c.dentaire@yahoo.fr,cabinetdentairebénin.bj,TPE (<10),B2C,LinkedIn,,Actif,2026-06-29T00:22:55.232763,haute
BJ-681AE671,Ostéopathie Centre Bétérou,Santé & Pharmacie,Bétérou,+229 27 93 83 83,ostéopathie_centre@ostéopathiecent.com.bj,ostéopathiecentrebétérou.bj,TPE (<10),B2C,LinkedIn,,Actif,2026-06-29T00:22:55.232781,haute
BJ-5E08CB29,Centre Vie Pharmacie,Santé & Pharmacie,Bétérou,+229 28 33 69 88,c.vie@hotmail.com,centreviepharmacie.bj,PME (10-50),B2B,LinkedIn,,Actif,2026-06-29T00:22:55.232797,haute
BJ-786E9F22,Médicament Clinique,Santé & Pharmacie,Ouessè,+229 46 71 60 71,médicament.clinique@yahoo.fr,médicamentclinique.bj,TPE (<10),B2B,LinkedIn,,Actif,2026-06-29T00:22:55.232838,haute
BJ-43BC05CA,Emergency Clinique,Santé & Pharmacie,Ouessè,+229 96 45 80 81,e.clinique@emergencycliniq.bj,emergencyclinique.bj,PME (50-200),B2B,LinkedIn,,Actif,2026-06-29T00:22:55.232861,haute
BJ-FFF3FCA2,Dispensaire Pharma International,Santé & Pharmacie,Ouessè,+229 67 99 10 37,d.pharma@dispensairephar.org.bj,dispensairepharmainternational.bj,TPE (<10),B2C,LinkedIn,,Actif,2026-06-29T00:22:55.232878,haute
BJ-E20CD5BB,Nouveau Ouessè,Santé & Pharmacie,Ouessè,+229 47 11 25 85,,nouveauouessè.bj,PME (10-50),B2B,LinkedIn,,Actif,2026-06-29T00:22:55.232902,moyenne
BJ-F10D1CE4,Nutrition Clinique,Santé & Pharmacie,Glazoué,+229 97 25 21 80,nutritionclinique@yahoo.fr,nutritionclinique.bj,Grande (>200),B2B,LinkedIn,,Actif,2026-06-29T00:22:55.232932,haute
BJ-BEB3549E,Pharma Hôpital,Santé & Pharmacie,Glazoué,+229 28 26 75 89,,pharmahôpital.bj,TPE (<10),B2C,LinkedIn,,Actif,2026-06-29T00:22:55.232946,moyenne
BJ-D8E004FB,Polyclinique Vie Care,Santé & Pharmacie,Glazoué,+229 45 43 55 48,polycliniquevie@polycliniquevie.com.bj,polycliniqueviecare.bj,PME (10-50),B2B,LinkedIn,,Actif,2026-06-29T00:22:55.232962,haute
BJ-7C000482,Laboratoire Acupuncture Glazoué,Santé & Pharmacie,Glazoué,+229 90 82 59 66,laboratoire.acupuncture@yahoo.com,,TPE (<10),B2B,LinkedIn,,Actif,2026-06-29T00:22:55.232978,moyenne
BJ-444D2068,Saint Health Glazoué,Santé & Pharmacie,Glazoué,+229 39 74 40 79,s.health@gmail.com,sainthealthglazoué.bj,PME (50-200),B2B,LinkedIn,,Actif,2026-06-29T00:22:55.232994,haute
BJ-F9C874CA,Sanatorium Acupuncture,Santé & Pharmacie,Dassa-Zoumè,+229 65 40 23 42,sanatorium.acupuncture@outlook.com,sanatoriumacupuncture.bj,PME (50-200),B2C,LinkedIn,,Actif,2026-06-29T00:22:55.233017,haute
BJ-D98DC6EA,Dermatologie Dassa-Zoumè,Santé & Pharmacie,Dassa-Zoumè,+229 86 56 58 90,dermatologie.dassa@dermatologiedas.org.bj,dermatologiedassazoumè.bj,TPE (<10),B2C,LinkedIn,,Actif,2026-06-29T00:22:55.233041,haute
BJ-A1D3E796,Centre Dentaire International,Santé & Pharmacie,Dassa-Zoumè,+229 73 60 51 29,centre.dentaire@yahoo.fr,centredentaireinternational.bj,PME (10-50),B2B,LinkedIn,,Actif,2026-06-29T00:22:55.233060,haute
BJ-2D98F8DC,Clinique Ostéopathie International,Santé & Pharmacie,Dassa-Zoumè,+229 52 15 39 68,cliniqueostéopathie@cliniqueostéopa.org.bj,cliniqueostéopathieinternational.bj,PME (10-50),B2C,LinkedIn,,Actif,2026-06-29T00:22:55.233079,haute
BJ-19D21B02,Sanatorium Médicament Cabinet,Santé & Pharmacie,Dassa-Zoumè,+229 45 84 70 57,,sanatoriummédicamentcabinet.bj,TPE (<10),B2C,LinkedIn,,Actif,2026-06-29T00:22:55.233091,moyenne
BJ-F55E826B,Cabinet Médical Medical,Santé & Pharmacie,Savalou,+229 50 83 53 10,cabinetmédical@cabinetmédicalm.com.bj,,TPE (<10),B2C,LinkedIn,,Actif,2026-06-29T00:22:55.233117,moyenne
BJ-C64BFA60,Pharma Hôpital Savalou,Santé & Pharmacie,Savalou,+229 87 70 18 75,,pharmahôpitalsavalou.bj,TPE (<10),B2C,LinkedIn,,Actif,2026-06-29T00:22:55.233130,moyenne
BJ-2F25ADFC,Sanatorium Médecine Plus,Santé & Pharmacie,Savalou,+229 71 88 62 54,sanatorium.médecine@yahoo.com,sanatoriummédecineplus.bj,PME (10-50),B2C,LinkedIn,,Actif,2026-06-29T00:22:55.233155,haute
BJ-8A976CE7,Dispensaire Pédiatrique Care,Santé & Pharmacie,Savalou,+229 89 46 56 59,d.pédiatrique@hotmail.com,dispensairepédiatriquecare.bj,TPE (<10),B2C,LinkedIn,,Actif,2026-06-29T00:22:55.233172,haute
BJ-3E17E967,Orthodontie Health,Santé & Pharmacie,Savalou,+229 77 54 97 79,,orthodontiehealth.bj,TPE (<10),B2B,LinkedIn,,Actif,2026-06-29T00:22:55.233184,moyenne
BJ-1F68FB00,Imagerie,Santé & Pharmacie,Bantè,+229 93 34 65 77,imagerie@imagerie.org.bj,imagerie.bj,PME (10-50),B2C,LinkedIn,,Actif,2026-06-29T00:22:55.233206,haute
BJ-F5C9E591,Orthodontie International Bantè,Santé & Pharmacie,Bantè,+229 68 32 44 70,orthodontieinternational@hotmail.com,orthodontieinternationalbantè.bj,PME (10-50),B2B,LinkedIn,,Actif,2026-06-29T00:22:55.233229,haute
BJ-1CAD7710,Biologie,Santé & Pharmacie,Bantè,+229 90 31 90 55,biologie@biologie.com.bj,biologie.bj,PME (10-50),B2C,LinkedIn,,Actif,2026-06-29T00:22:55.233247,haute
BJ-3D9542DA,Diététique,Santé & Pharmacie,Bantè,+229 77 65 23 39,diététique@diététique.com.bj,diététique.bj,TPE (<10),B2B,LinkedIn,,Actif,2026-06-29T00:22:55.233263,haute
BJ-B6472EE9,Cabinet Bien-être,Santé & Pharmacie,Bantè,+229 71 74 48 50,c.bien@yahoo.fr,cabinetbienêtre.bj,TPE (<10),B2B,LinkedIn,,Actif,2026-06-29T00:22:55.233280,haute
BJ-CF6AB54C,Dermatologie,Santé & Pharmacie,Djougou,+229 75 64 27 61,dermatologie@yahoo.com,dermatologie.bj,PME (10-50),B2B,LinkedIn,,Actif,2026-06-29T00:22:55.233300,haute
BJ-A29ED40A,Cabinet Médicament Pharmacie Djougou,Santé & Pharmacie,Djougou,+229 24 72 35 77,cabinet_médicament@gmail.com,cabinetmédicamentpharmaciedjougou.bj,PME (10-50),B2B,LinkedIn,,Actif,2026-06-29T00:22:55.233319,haute
BJ-E45E4E4F,Médecine Health,Santé & Pharmacie,Djougou,+229 62 80 76 22,médecine.health@médecinehealth.bj,médecinehealth.bj,TPE (<10),B2B,LinkedIn,,Actif,2026-06-29T00:22:55.233352,haute
BJ-39C28373,Centre Urgence Centre,Santé & Pharmacie,Djougou,+229 64 46 40 28,c.urgence@hotmail.com,centreurgencecentre.bj,PME (50-200),B2B,LinkedIn,,Actif,2026-06-29T00:22:55.233369,haute
BJ-815267D3,Rééducation,Santé & Pharmacie,Ouèssè,+229 72 34 25 32,,rééducation.bj,PME (10-50),B2B,LinkedIn,,Actif,2026-06-29T00:22:55.233388,moyenne
BJ-C85C5B00,Cardiologie Cabinet,Santé & Pharmacie,Ouèssè,+229 44 18 34 40,cardiologie.cabinet@cardiologiecabi.org.bj,,PME (50-200),B2B,LinkedIn,,Actif,2026-06-29T00:22:55.233404,moyenne
BJ-F73174FB,Hôpital Ostéopathie Medical,Santé & Pharmacie,Ouèssè,+229 95 34 63 63,hôpital_ostéopathie@hôpitalostéopat.org.bj,hôpitalostéopathiemedical.bj,PME (50-200),B2B,LinkedIn,,Actif,2026-06-29T00:22:55.233426,haute
BJ-5174785E,Centre Pédiatrie,Santé & Pharmacie,Ouèssè,+229 42 46 54 66,centre.pédiatrie@centrepédiatrie.bj,centrepédiatrie.bj,TPE (<10),B2B,LinkedIn,,Actif,2026-06-29T00:22:55.233447,haute
BJ-244ADEE4,Orthodontie Ouèssè,Santé & Pharmacie,Ouèssè,+229 25 33 62 36,,orthodontieouèssè.bj,TPE (<10),B2B,LinkedIn,,Actif,2026-06-29T00:22:55.233459,moyenne
BJ-BA997226,Dentaire Medical,Santé & Pharmacie,Bassila,+229 66 74 60 64,dentaire.medical@dentairemedical.org.bj,dentairemedical.bj,TPE (<10),B2C,LinkedIn,,Actif,2026-06-29T00:22:55.233482,haute
BJ-DC9C6D92,Hôpital ORL,Santé & Pharmacie,Bassila,+229 88 66 35 82,hôpital.orl@hôpitalorl.bj,hôpitalorl.bj,TPE (<10),B2B,LinkedIn,,Actif,2026-06-29T00:22:55.233499,haute
BJ-931836A3,Dispensaire Médical Clinique,Santé & Pharmacie,Bassila,+229 80 95 58 29,,dispensairemédicalclinique.bj,PME (50-200),B2C,LinkedIn,,Actif,2026-06-29T00:22:55.233512,moyenne
BJ-290B61C8,Médecine Bassila,Santé & Pharmacie,Bassila,+229 55 20 68 61,médecine.bassila@hotmail.com,médecinebassila.bj,TPE (<10),B2B,LinkedIn,,Actif,2026-06-29T00:22:55.233533,haute
BJ-6D469F87,Sanatorium Orthodontie Medical,Santé & Pharmacie,Bassila,+229 83 65 55 22,sanatorium_orthodontie@gmail.com,,PME (10-50),B2B,LinkedIn,,Actif,2026-06-29T00:22:55.233549,moyenne
BJ-9F612BC6,Centre Ophtalmologie,Santé & Pharmacie,Pehunco,+229 52 69 12 91,centre.ophtalmologie@centreophtalmol.com.bj,,PME (50-200),B2B,LinkedIn,,Actif,2026-06-29T00:22:55.233571,moyenne
BJ-11130BC2,Laboratoire Dermatologie,Santé & Pharmacie,Pehunco,+229 93 91 92 22,laboratoire.dermatologie@yahoo.com,laboratoiredermatologie.bj,TPE (<10),B2C,LinkedIn,,Actif,2026-06-29T00:22:55.233604,haute
BJ-784ABD78,Soins Bénin,Santé & Pharmacie,Pehunco,+229 90 99 56 24,soins.bénin@yahoo.fr,soinsbénin.bj,PME (50-200),B2C,LinkedIn,,Actif,2026-06-29T00:22:55.233622,haute
BJ-FE6BE48A,Emergency Medical,Santé & Pharmacie,Pehunco,+229 65 82 60 74,emergency.medical@hotmail.com,emergencymedical.bj,PME (50-200),B2C,LinkedIn,,Actif,2026-06-29T00:22:55.233641,haute
BJ-ABF0FA83,Imagerie Cabinet,Santé & Pharmacie,Copargo,+229 98 26 45 68,i.cabinet@outlook.com,imageriecabinet.bj,TPE (<10),B2C,LinkedIn,,Actif,2026-06-29T00:22:55.233682,haute
BJ-57C3FC99,Pédiatrique,Santé & Pharmacie,Copargo,+229 31 99 11 45,,pédiatrique.bj,PME (50-200),B2B,LinkedIn,,Actif,2026-06-29T00:22:55.233695,moyenne
BJ-EFB1DB2B,Centre Royal,Santé & Pharmacie,Copargo,+229 85 16 59 28,centre.royal@centreroyal.bj,,PME (10-50),B2B,LinkedIn,,Actif,2026-06-29T00:22:55.233710,moyenne
BJ-29E4180D,Clinique Orthodontie Care Copargo,Santé & Pharmacie,Copargo,+229 72 91 31 59,,,PME (50-200),B2C,LinkedIn,,Actif,2026-06-29T00:22:55.233722,basse
BJ-EB6FF0B9,Crédit Épargne,Finance & Assurance,Cotonou,+229 66 53 82 43,c.épargne@outlook.com,créditépargne.bj,PME (50-200),B2B,LinkedIn,,Actif,2026-06-29T00:22:55.233746,haute
BJ-1C9FB810,Investissement Bourse,Finance & Assurance,Cotonou,+229 88 46 28 92,investissementbourse@yahoo.fr,investissementbourse.bj,PME (10-50),B2B,LinkedIn,,Actif,2026-06-29T00:22:55.233762,haute
BJ-33B52600,Micro Bourse Cotonou,Finance & Assurance,Cotonou,+229 86 60 29 34,micro.bourse@hotmail.com,microboursecotonou.bj,TPE (<10),B2C,LinkedIn,,Actif,2026-06-29T00:22:55.233783,haute
BJ-D3A6B97E,Investissement,Finance & Assurance,Cotonou,+229 54 98 84 21,investissement@outlook.com,investissement.bj,PME (50-200),B2C,LinkedIn,,Actif,2026-06-29T00:22:55.233798,haute
BJ-9430D285,Assurance Bénin,Finance & Assurance,Cotonou,+229 78 68 90 11,assurancebénin@assurancebénin.org.bj,assurancebénin.bj,TPE (<10),B2C,LinkedIn,,Actif,2026-06-29T00:22:55.233815,haute
BJ-C12835CD,Micro Forex,Finance & Assurance,Abomey-Calavi,+229 58 70 23 20,microforex@microforex.bj,microforex.bj,TPE (<10),B2B,LinkedIn,,Actif,2026-06-29T00:22:55.233838,haute
BJ-DA2B8F6C,Bourse Partners,Finance & Assurance,Abomey-Calavi,+229 79 97 10 72,bourse.partners@outlook.com,boursepartners.bj,PME (50-200),B2C,LinkedIn,,Actif,2026-06-29T00:22:55.233854,haute
BJ-830C7DC4,Finance West International,Finance & Assurance,Abomey-Calavi,+229 39 27 54 93,finance.west@financewestinte.bj,financewestinternational.bj,PME (50-200),B2C,LinkedIn,,Actif,2026-06-29T00:22:55.233875,haute
BJ-CBDF226F,National Finance,Finance & Assurance,Abomey-Calavi,+229 20 51 90 56,national.finance@yahoo.fr,,Grande (>200),B2C,LinkedIn,,Actif,2026-06-29T00:22:55.233900,moyenne
BJ-A23F3C2B,Retraite,Finance & Assurance,Abomey-Calavi,+229 22 16 90 59,,retraite.bj,Grande (>200),B2C,LinkedIn,,Actif,2026-06-29T00:22:55.233914,moyenne
BJ-CC8681E5,Épargne Monétique,Finance & Assurance,Porto-Novo,+229 65 43 76 25,é.monétique@yahoo.fr,épargnemonétique.bj,PME (50-200),B2B,LinkedIn,,Actif,2026-06-29T00:22:55.233940,haute
BJ-64290DF8,Finance Africa Advisory,Finance & Assurance,Porto-Novo,+229 44 75 92 68,finance.africa@hotmail.com,,PME (10-50),B2C,LinkedIn,,Actif,2026-06-29T00:22:55.233956,moyenne
BJ-18D163DC,Broker,Finance & Assurance,Porto-Novo,+229 63 67 43 24,broker@gmail.com,broker.bj,PME (10-50),B2B,LinkedIn,,Actif,2026-06-29T00:22:55.233974,haute
BJ-401E6FDA,Finance Épargne SA Porto-Novo,Finance & Assurance,Porto-Novo,+229 52 27 71 25,financeépargne@financeépargnes.bj,financeépargnesaportonovo.bj,TPE (<10),B2C,LinkedIn,,Actif,2026-06-29T00:22:55.233994,haute
BJ-466803D5,Blockchain Bank,Finance & Assurance,Porto-Novo,+229 82 20 50 24,blockchain.bank@outlook.com,blockchainbank.bj,PME (10-50),B2B,LinkedIn,,Actif,2026-06-29T00:22:55.234010,haute
BJ-AB681130,Sécurité,Finance & Assurance,Parakou,+229 30 74 83 68,sécurité@sécurité.com.bj,sécurité.bj,PME (10-50),B2C,LinkedIn,,Actif,2026-06-29T00:22:55.234032,haute
BJ-54893310,SICAV Groupe,Finance & Assurance,Parakou,+229 97 60 84 31,sicavgroupe@sicavgroupe.bj,sicavgroupe.bj,TPE (<10),B2B,LinkedIn,,Actif,2026-06-29T00:22:55.234049,haute
BJ-4F222797,Assurance Épargne Finance,Finance & Assurance,Parakou,+229 49 30 23 86,,assuranceépargnefinance.bj,TPE (<10),B2B,LinkedIn,,Actif,2026-06-29T00:22:55.234065,moyenne
BJ-94A49AD6,Épargne National International,Finance & Assurance,Parakou,+229 40 15 51 22,é.national@outlook.com,épargnenationalinternational.bj,PME (10-50),B2B,LinkedIn,,Actif,2026-06-29T00:22:55.234084,haute
BJ-A3182510,Sécurité Assurances,Finance & Assurance,Parakou,+229 60 68 88 99,sécuritéassurances@sécuritéassuran.com.bj,sécuritéassurances.bj,PME (10-50),B2C,LinkedIn,,Actif,2026-06-29T00:22:55.234102,haute
BJ-568343D5,Crédit,Finance & Assurance,Bohicon,+229 43 11 61 26,crédit@crédit.com.bj,crédit.bj,Grande (>200),B2B,LinkedIn,,Actif,2026-06-29T00:22:55.234138,haute
BJ-73DF62CC,Fintech Groupe,Finance & Assurance,Bohicon,+229 84 62 39 45,,fintechgroupe.bj,Grande (>200),B2B,LinkedIn,,Actif,2026-06-29T00:22:55.234152,moyenne
BJ-3B301095,Gestion,Finance & Assurance,Bohicon,+229 78 64 98 65,gestion@gestion.org.bj,gestion.bj,PME (50-200),B2C,LinkedIn,,Actif,2026-06-29T00:22:55.234167,haute
BJ-F3757CDB,Retraite International,Finance & Assurance,Natitingou,+229 72 66 22 53,r.international@retraiteinterna.com.bj,,TPE (<10),B2B,LinkedIn,,Actif,2026-06-29T00:22:55.234203,moyenne
BJ-7C31F6A1,FCP Natitingou,Finance & Assurance,Natitingou,+229 94 91 12 13,f.natitingou@fcpnatitingou.bj,fcpnatitingou.bj,TPE (<10),B2C,LinkedIn,,Actif,2026-06-29T00:22:55.234231,haute
BJ-6BB5CA50,Cabinet Investissement Bank,Finance & Assurance,Natitingou,+229 69 37 62 94,c.investissement@cabinetinvestis.com.bj,cabinetinvestissementbank.bj,Grande (>200),B2B,LinkedIn,,Actif,2026-06-29T00:22:55.234260,haute
BJ-705CE1A7,Finance Bourse,Finance & Assurance,Lokossa,+229 53 18 42 31,finance.bourse@financebourse.com.bj,,PME (50-200),B2C,LinkedIn,,Actif,2026-06-29T00:22:55.234281,moyenne
BJ-5A7FF6DF,Sécurité,Finance & Assurance,Lokossa,+229 91 35 46 34,sécurité@sécurité.org.bj,sécurité.bj,PME (10-50),B2C,LinkedIn,,Actif,2026-06-29T00:22:55.234301,haute
BJ-8CDD39B7,Micro West Bank,Finance & Assurance,Lokossa,+229 66 80 73 95,micro.west@gmail.com,microwestbank.bj,TPE (<10),B2B,LinkedIn,,Actif,2026-06-29T00:22:55.234323,haute
BJ-E237B035,Groupe Africa Lokossa,Finance & Assurance,Lokossa,+229 97 78 59 57,groupeafrica@outlook.com,groupeafricalokossa.bj,PME (50-200),B2B,LinkedIn,,Actif,2026-06-29T00:22:55.234340,haute
BJ-9B5AF272,Cabinet International,Finance & Assurance,Lokossa,+229 25 63 19 35,cabinetinternational@cabinetinternat.org.bj,,PME (50-200),B2B,LinkedIn,,Actif,2026-06-29T00:22:55.234355,moyenne
BJ-B9D1F28A,Société IARD,Finance & Assurance,Ouidah,+229 68 53 90 28,sociétéiard@sociétéiard.bj,sociétéiard.bj,PME (10-50),B2B,LinkedIn,,Actif,2026-06-29T00:22:55.234383,haute
BJ-97A56FD5,Assurance Assurance,Finance & Assurance,Ouidah,+229 36 70 97 81,assurance.assurance@yahoo.com,assuranceassurance.bj,TPE (<10),B2B,LinkedIn,,Actif,2026-06-29T00:22:55.234400,haute
BJ-FF420F48,Courtage,Finance & Assurance,Ouidah,+229 91 54 96 47,courtage@outlook.com,courtage.bj,PME (10-50),B2C,LinkedIn,,Actif,2026-06-29T00:22:55.234414,haute
BJ-492C0D52,Protection Invest Ouidah,Finance & Assurance,Ouidah,+229 55 60 18 34,protectioninvest@outlook.com,protectioninvestouidah.bj,PME (10-50),B2B,LinkedIn,,Actif,2026-06-29T00:22:55.234432,haute
BJ-76ECFAE1,Capital Auto,Finance & Assurance,Ouidah,+229 96 30 61 16,capital.auto@hotmail.com,,TPE (<10),B2B,LinkedIn,,Actif,2026-06-29T00:22:55.234447,moyenne
BJ-8D634D8F,Wealth,Finance & Assurance,Savalou,+229 86 74 38 26,wealth@wealth.org.bj,wealth.bj,TPE (<10),B2C,LinkedIn,,Actif,2026-06-29T00:22:55.234468,haute
BJ-2430EB46,Retraite Finance,Finance & Assurance,Savalou,+229 21 25 38 48,retraite.finance@outlook.com,retraitefinance.bj,PME (50-200),B2B,LinkedIn,,Actif,2026-06-29T00:22:55.234484,haute
BJ-10FA71C1,Société Santé Assurances,Finance & Assurance,Savalou,+229 56 61 41 73,société.santé@outlook.com,sociétésantéassurances.bj,PME (50-200),B2B,LinkedIn,,Actif,2026-06-29T00:22:55.234506,haute
BJ-490084B8,Africa Groupe,Finance & Assurance,Savalou,+229 72 24 90 93,africa.groupe@africagroupe.bj,africagroupe.bj,PME (10-50),B2C,LinkedIn,,Actif,2026-06-29T00:22:55.234522,haute
BJ-DC0B53B5,Groupe Assurance Invest Savalou,Finance & Assurance,Savalou,+229 29 19 21 57,groupe_assurance@yahoo.fr,groupeassuranceinvestsavalou.bj,TPE (<10),B2C,LinkedIn,,Actif,2026-06-29T00:22:55.234539,haute
BJ-7B29A05C,Société Assurance Dassa-Zoumè,Finance & Assurance,Dassa-Zoumè,+229 88 84 95 34,s.assurance@sociétéassuranc.bj,sociétéassurancedassazoumè.bj,TPE (<10),B2B,LinkedIn,,Actif,2026-06-29T00:22:55.234566,haute
BJ-2F142AED,Blockchain Advisory,Finance & Assurance,Dassa-Zoumè,+229 59 11 54 17,blockchainadvisory@blockchainadvis.org.bj,blockchainadvisory.bj,TPE (<10),B2B,LinkedIn,,Actif,2026-06-29T00:22:55.234588,haute
BJ-6ECED1D2,Micro Capital,Finance & Assurance,Dassa-Zoumè,+229 97 53 20 98,m.capital@hotmail.com,microcapital.bj,PME (50-200),B2C,LinkedIn,,Actif,2026-06-29T00:22:55.234604,haute
BJ-4B0C9869,Groupe Épargne Assurances,Finance & Assurance,Dassa-Zoumè,+229 88 95 39 79,groupe.épargne@outlook.com,groupeépargneassurances.bj,TPE (<10),B2B,LinkedIn,,Actif,2026-06-29T00:22:55.234621,haute
BJ-53F8CD96,Gestion International,Finance & Assurance,Dassa-Zoumè,+229 37 27 58 99,gestioninternational@gestioninternat.org.bj,gestioninternational.bj,PME (50-200),B2B,LinkedIn,,Actif,2026-06-29T00:22:55.234637,haute
BJ-ED6D9BE4,Cabinet Investissement,Finance & Assurance,Kétou,+229 58 71 42 33,cabinetinvestissement@gmail.com,cabinetinvestissement.bj,TPE (<10),B2B,LinkedIn,,Actif,2026-06-29T00:22:55.234661,haute
BJ-53AC4914,Management,Finance & Assurance,Kétou,+229 84 73 73 50,management@management.com.bj,management.bj,PME (10-50),B2C,LinkedIn,,Actif,2026-06-29T00:22:55.234694,haute
BJ-C1540DAC,Investissement Patrimoine,Finance & Assurance,Kétou,+229 33 34 70 53,investissementpatrimoine@investissementp.com.bj,investissementpatrimoine.bj,TPE (<10),B2B,LinkedIn,,Actif,2026-06-29T00:22:55.234729,haute
BJ-7E833F81,Micro Santé SARL Kétou,Finance & Assurance,Kétou,+229 90 19 79 90,microsanté@microsantésarlk.org.bj,microsantésarlkétou.bj,PME (50-200),B2C,LinkedIn,,Actif,2026-06-29T00:22:55.234770,haute
BJ-83A20837,Auto Kétou,Finance & Assurance,Kétou,+229 55 26 70 91,a.kétou@autokétou.com.bj,autokétou.bj,PME (50-200),B2C,LinkedIn,,Actif,2026-06-29T00:22:55.234800,haute
BJ-A85A0294,Assurance Sécurité Invest,Finance & Assurance,Covè,+229 53 84 56 29,a.sécurité@yahoo.fr,assurancesécuritéinvest.bj,PME (10-50),B2C,LinkedIn,,Actif,2026-06-29T00:22:55.234843,haute
BJ-ADFFE310,Crédit Broker Groupe,Finance & Assurance,Covè,+229 44 65 73 90,crédit.broker@créditbrokergro.com.bj,créditbrokergroupe.bj,PME (10-50),B2C,LinkedIn,,Actif,2026-06-29T00:22:55.234912,haute
BJ-593A332F,Fintech SARL,Finance & Assurance,Covè,+229 47 58 83 63,fintech_sarl@fintechsarl.com.bj,fintechsarl.bj,TPE (<10),B2C,LinkedIn,,Actif,2026-06-29T00:22:55.234941,haute
BJ-26E1BAAB,Finance Actions Capital,Finance & Assurance,Pobè,+229 31 37 75 66,financeactions@yahoo.com,,PME (10-50),B2C,LinkedIn,,Actif,2026-06-29T00:22:55.235014,moyenne
BJ-AE48E6F5,Placement Advisory,Finance & Assurance,Pobè,+229 47 25 58 13,placement.advisory@placementadviso.org.bj,,PME (10-50),B2B,LinkedIn,,Actif,2026-06-29T00:22:55.235051,moyenne
BJ-C869DD1D,Finance Capital SA,Finance & Assurance,Pobè,+229 44 51 75 61,finance.capital@financecapitals.com.bj,financecapitalsa.bj,PME (50-200),B2B,LinkedIn,,Actif,2026-06-29T00:22:55.235084,haute
BJ-3707BD83,Société Crédit SA,Finance & Assurance,Sakété,+229 94 92 81 28,société.crédit@yahoo.fr,sociétécréditsa.bj,PME (10-50),B2B,LinkedIn,,Actif,2026-06-29T00:22:55.235183,haute
BJ-43CB2ECF,Crédit Monétique International,Finance & Assurance,Sakété,+229 29 34 53 70,crédit.monétique@hotmail.com,créditmonétiqueinternational.bj,TPE (<10),B2B,LinkedIn,,Actif,2026-06-29T00:22:55.235217,haute
BJ-AFDE964C,Placement Assurances Sakété,Finance & Assurance,Sakété,+229 67 85 34 88,placementassurances@yahoo.com,placementassurancessakété.bj,PME (10-50),B2C,LinkedIn,,Actif,2026-06-29T00:22:55.235252,haute
BJ-041E0E3F,Sécurité Assurances,Finance & Assurance,Sakété,+229 51 61 42 58,sécurité.assurances@sécuritéassuran.com.bj,sécuritéassurances.bj,Grande (>200),B2B,LinkedIn,,Actif,2026-06-29T00:22:55.235298,haute
BJ-CB47D8D6,Micro Fintech,Finance & Assurance,Sakété,+229 52 81 60 88,micro.fintech@outlook.com,microfintech.bj,PME (50-200),B2C,LinkedIn,,Actif,2026-06-29T00:22:55.235333,haute
BJ-1C98C31B,Société Crypto,Finance & Assurance,Adjara,+229 65 39 84 31,société.crypto@sociétécrypto.bj,sociétécrypto.bj,PME (10-50),B2C,LinkedIn,,Actif,2026-06-29T00:22:55.235393,haute
BJ-F29828F9,Protection SARL,Finance & Assurance,Adjara,+229 94 44 96 26,p.sarl@protectionsarl.com.bj,protectionsarl.bj,Grande (>200),B2B,LinkedIn,,Actif,2026-06-29T00:22:55.235431,haute
BJ-EE564193,Groupe Retraite,Finance & Assurance,Adjara,+229 20 10 26 15,groupe_retraite@outlook.com,grouperetraite.bj,PME (10-50),B2B,LinkedIn,,Actif,2026-06-29T00:22:55.235464,haute
BJ-2375A577,Actions,Finance & Assurance,Adjara,+229 35 73 32 40,actions@outlook.com,actions.bj,TPE (<10),B2C,LinkedIn,,Actif,2026-06-29T00:22:55.235488,haute
BJ-E0AE250C,Africa Adjara,Finance & Assurance,Adjara,+229 66 98 24 34,africaadjara@africaadjara.com.bj,africaadjara.bj,Grande (>200),B2C,LinkedIn,,Actif,2026-06-29T00:22:55.235527,haute
BJ-8621B299,Finance FCP,Finance & Assurance,Allada,+229 26 38 59 74,finance.fcp@hotmail.com,financefcp.bj,TPE (<10),B2B,LinkedIn,,Actif,2026-06-29T00:22:55.235664,haute
BJ-E0295FB9,Investissement Allada,Finance & Assurance,Allada,+229 67 23 19 79,investissementallada@hotmail.com,investissementallada.bj,TPE (<10),B2B,LinkedIn,,Actif,2026-06-29T00:22:55.235707,haute
BJ-A1F455DA,Capital Gestion,Finance & Assurance,Allada,+229 82 26 88 26,capitalgestion@outlook.com,capitalgestion.bj,PME (10-50),B2B,LinkedIn,,Actif,2026-06-29T00:22:55.235751,haute
BJ-FA588936,Assurance Sécurité Finance,Finance & Assurance,Aplahoué,+229 23 65 28 93,assurance.sécurité@assurancesécuri.org.bj,assurancesécuritéfinance.bj,TPE (<10),B2B,LinkedIn,,Actif,2026-06-29T00:22:55.235819,haute
BJ-E842C568,Capital Bénin,Finance & Assurance,Aplahoué,+229 54 73 42 96,c.bénin@yahoo.fr,capitalbénin.bj,PME (10-50),B2B,LinkedIn,,Actif,2026-06-29T00:22:55.235859,haute
BJ-F10AB745,Management Groupe,Finance & Assurance,Aplahoué,+229 53 20 22 71,managementgroupe@managementgroup.org.bj,managementgroupe.bj,PME (10-50),B2C,LinkedIn,,Actif,2026-06-29T00:22:55.235925,haute
BJ-EB76B67C,Bénin Bank Aplahoué,Finance & Assurance,Aplahoué,+229 90 12 13 15,bénin.bank@béninbankaplaho.org.bj,béninbankaplahoué.bj,PME (10-50),B2C,LinkedIn,,Actif,2026-06-29T00:22:55.235973,haute
BJ-D1FA7D24,Obligations,Finance & Assurance,Aplahoué,+229 58 56 81 16,obligations@obligations.bj,obligations.bj,PME (10-50),B2C,LinkedIn,,Actif,2026-06-29T00:22:55.236012,haute
BJ-C2882EED,Patrimoine,Finance & Assurance,Dogbo-Tota,+229 71 91 91 38,patrimoine@yahoo.fr,patrimoine.bj,Grande (>200),B2C,LinkedIn,,Actif,2026-06-29T00:22:55.236093,haute
BJ-FF8D1963,Épargne Bourse SARL,Finance & Assurance,Dogbo-Tota,+229 24 66 12 12,épargnebourse@épargneboursesa.org.bj,épargneboursesarl.bj,TPE (<10),B2B,LinkedIn,,Actif,2026-06-29T00:22:55.236141,haute
BJ-E0E748B6,Actions,Finance & Assurance,Dogbo-Tota,+229 97 39 84 69,actions@gmail.com,actions.bj,Grande (>200),B2C,LinkedIn,,Actif,2026-06-29T00:22:55.236234,haute
BJ-469BACC2,Paiement SARL,Finance & Assurance,Dogbo-Tota,+229 79 50 39 30,paiementsarl@hotmail.com,paiementsarl.bj,PME (10-50),B2B,LinkedIn,,Actif,2026-06-29T00:22:55.236264,haute
BJ-059FC3FA,Capital Fintech Advisory,Finance & Assurance,Kpomassè,+229 34 87 51 13,capitalfintech@outlook.com,capitalfintechadvisory.bj,Grande (>200),B2B,LinkedIn,,Actif,2026-06-29T00:22:55.236300,haute
BJ-A31DC839,Capital Patrimoine Bank,Finance & Assurance,Kpomassè,+229 24 98 12 29,capital.patrimoine@capitalpatrimoi.bj,capitalpatrimoinebank.bj,TPE (<10),B2C,LinkedIn,,Actif,2026-06-29T00:22:55.236330,haute
BJ-C8D61FFB,Paiement Groupe,Finance & Assurance,Kpomassè,+229 58 62 56 69,paiement_groupe@outlook.com,paiementgroupe.bj,TPE (<10),B2B,LinkedIn,,Actif,2026-06-29T00:22:55.236385,haute
BJ-3FB5BC3E,Patrimoine SARL,Finance & Assurance,Kpomassè,+229 56 60 27 84,patrimoine_sarl@yahoo.com,patrimoinesarl.bj,TPE (<10),B2C,LinkedIn,,Actif,2026-06-29T00:22:55.236453,haute
BJ-C912526F,Investissement Assurance,Finance & Assurance,Tori-Bossito,+229 78 64 11 44,investissementassurance@investissementa.org.bj,investissementassurance.bj,TPE (<10),B2B,LinkedIn,,Actif,2026-06-29T00:22:55.236502,haute
BJ-268627BA,Finance Capital SARL,Finance & Assurance,Tori-Bossito,+229 97 92 95 31,financecapital@gmail.com,financecapitalsarl.bj,TPE (<10),B2C,LinkedIn,,Actif,2026-06-29T00:22:55.236536,haute
BJ-98978C2B,Crypto,Finance & Assurance,Tori-Bossito,+229 23 58 91 30,crypto@yahoo.com,crypto.bj,PME (10-50),B2C,LinkedIn,,Actif,2026-06-29T00:22:55.236566,haute
BJ-1203F36D,Société Fintech SA,Finance & Assurance,Tori-Bossito,+229 99 46 39 60,,sociétéfintechsa.bj,TPE (<10),B2B,LinkedIn,,Actif,2026-06-29T00:22:55.236602,moyenne
BJ-4E112DF7,Patrimoine Groupe,Finance & Assurance,Tori-Bossito,+229 54 23 64 85,patrimoine.groupe@gmail.com,patrimoinegroupe.bj,TPE (<10),B2B,LinkedIn,,Actif,2026-06-29T00:22:55.236636,haute
BJ-671CEA04,Finance International International Grand-Popo,Finance & Assurance,Grand-Popo,+229 69 91 93 17,finance.international@financeinternat.org.bj,financeinternationalinternationalgrandpopo.bj,TPE (<10),B2C,LinkedIn,,Actif,2026-06-29T00:22:55.236716,haute
BJ-DDD2AA65,Devise Grand-Popo,Finance & Assurance,Grand-Popo,+229 73 55 16 23,devisegrand@devisegrandpopo.com.bj,devisegrandpopo.bj,TPE (<10),B2B,LinkedIn,,Actif,2026-06-29T00:22:55.236786,haute
BJ-9412ADC4,Forex,Finance & Assurance,Grand-Popo,+229 45 17 16 13,forex@yahoo.com,forex.bj,PME (50-200),B2B,LinkedIn,,Actif,2026-06-29T00:22:55.236816,haute
BJ-9D3EF022,Cabinet Vie Assurances Athiémé,Finance & Assurance,Athiémé,+229 67 30 38 42,cabinetvie@cabinetvieassur.org.bj,cabinetvieassurancesathiémé.bj,TPE (<10),B2B,LinkedIn,,Actif,2026-06-29T00:22:55.236862,haute
BJ-33823B19,Broker SARL,Finance & Assurance,Athiémé,+229 84 33 20 42,brokersarl@brokersarl.com.bj,brokersarl.bj,PME (50-200),B2C,LinkedIn,,Actif,2026-06-29T00:22:55.236911,haute
BJ-12CFC114,Transfert SA,Finance & Assurance,Athiémé,+229 22 90 42 98,transfert@transfertsa.com.bj,transfertsa.bj,TPE (<10),B2B,LinkedIn,,Actif,2026-06-29T00:22:55.236935,haute
BJ-9B5F0CB1,Santé SARL,Finance & Assurance,Athiémé,+229 42 39 41 72,santésarl@santésarl.bj,santésarl.bj,PME (10-50),B2B,LinkedIn,,Actif,2026-06-29T00:22:55.236956,haute
BJ-62B1B26E,Retraite,Finance & Assurance,Athiémé,+229 76 63 33 50,retraite@retraite.org.bj,retraite.bj,PME (50-200),B2C,LinkedIn,,Actif,2026-06-29T00:22:55.236971,haute
BJ-3F99BCCA,Capital Fintech,Finance & Assurance,Bopa,+229 99 82 14 27,capital.fintech@yahoo.fr,capitalfintech.bj,PME (50-200),B2B,LinkedIn,,Actif,2026-06-29T00:22:55.237001,haute
BJ-3469C0C4,Crédit Bénin Capital,Finance & Assurance,Bopa,+229 86 81 40 65,créditbénin@yahoo.fr,créditbénincapital.bj,TPE (<10),B2B,LinkedIn,,Actif,2026-06-29T00:22:55.237020,haute
BJ-210BA18C,Wealth SARL,Finance & Assurance,Bopa,+229 90 63 86 86,wealth.sarl@wealthsarl.org.bj,wealthsarl.bj,PME (10-50),B2C,LinkedIn,,Actif,2026-06-29T00:22:55.237051,haute
BJ-CCAA4A25,Micro Paiement Advisory,Finance & Assurance,Bopa,+229 84 55 45 40,micro.paiement@micropaiementad.com.bj,micropaiementadvisory.bj,TPE (<10),B2B,LinkedIn,,Actif,2026-06-29T00:22:55.237068,haute
BJ-25C67257,Monétique Groupe,Finance & Assurance,Houéyogbé,+229 25 28 79 20,monétiquegroupe@monétiquegroupe.bj,,TPE (<10),B2B,LinkedIn,,Actif,2026-06-29T00:22:55.237097,moyenne
BJ-FC248715,Capital Obligations Groupe,Finance & Assurance,Houéyogbé,+229 62 51 78 19,capitalobligations@hotmail.com,capitalobligationsgroupe.bj,Grande (>200),B2C,LinkedIn,,Actif,2026-06-29T00:22:55.237134,haute
BJ-BBAF2B71,Bourse,Finance & Assurance,Houéyogbé,+229 20 16 95 34,bourse@yahoo.fr,bourse.bj,PME (10-50),B2B,LinkedIn,,Actif,2026-06-29T00:22:55.237163,haute
BJ-E4E96DAF,Protection,Finance & Assurance,Malanville,+229 23 90 32 45,protection@protection.bj,protection.bj,PME (10-50),B2B,LinkedIn,,Actif,2026-06-29T00:22:55.237184,haute
BJ-D9D0AC17,Assurance Vie,Finance & Assurance,Malanville,+229 84 82 37 86,assurance.vie@assurancevie.com.bj,assurancevie.bj,PME (50-200),B2C,LinkedIn,,Actif,2026-06-29T00:22:55.237204,haute
BJ-3B703B46,Finance Patrimoine SA,Finance & Assurance,Malanville,+229 89 63 22 66,f.patrimoine@yahoo.fr,financepatrimoinesa.bj,PME (10-50),B2B,LinkedIn,,Actif,2026-06-29T00:22:55.237223,haute
BJ-212DD6D9,Change Capital Malanville,Finance & Assurance,Malanville,+229 62 60 79 27,c.capital@yahoo.fr,changecapitalmalanville.bj,Grande (>200),B2C,LinkedIn,,Actif,2026-06-29T00:22:55.237240,haute
BJ-DAEF686A,Finance Prévoyance International,Finance & Assurance,Malanville,+229 84 71 15 11,finance.prévoyance@yahoo.fr,financeprévoyanceinternational.bj,TPE (<10),B2B,LinkedIn,,Actif,2026-06-29T00:22:55.237258,haute
BJ-543E85BA,Micro Blockchain,Finance & Assurance,Kandi,+229 56 89 42 53,micro.blockchain@yahoo.com,microblockchain.bj,PME (10-50),B2B,LinkedIn,,Actif,2026-06-29T00:22:55.237282,haute
BJ-76DF57BD,Capital Wealth,Finance & Assurance,Kandi,+229 22 61 78 89,capitalwealth@capitalwealth.com.bj,capitalwealth.bj,Grande (>200),B2C,LinkedIn,,Actif,2026-06-29T00:22:55.237311,haute
BJ-4B4682D2,Crédit Courtage SA,Finance & Assurance,Kandi,+229 52 72 66 51,créditcourtage@yahoo.com,créditcourtagesa.bj,PME (10-50),B2C,LinkedIn,,Actif,2026-06-29T00:22:55.237330,haute
BJ-36793462,Capital Assurances,Finance & Assurance,Kandi,+229 52 48 60 58,c.assurances@capitalassuranc.bj,capitalassurances.bj,PME (10-50),B2B,LinkedIn,,Actif,2026-06-29T00:22:55.237346,haute
BJ-1DFCCCC8,Blockchain,Finance & Assurance,Banikoara,+229 48 38 31 73,blockchain@blockchain.com.bj,blockchain.bj,PME (10-50),B2C,LinkedIn,,Actif,2026-06-29T00:22:55.237368,haute
BJ-11F8833C,Finance Devise Banikoara,Finance & Assurance,Banikoara,+229 78 49 24 52,finance.devise@gmail.com,financedevisebanikoara.bj,PME (50-200),B2C,LinkedIn,,Actif,2026-06-29T00:22:55.237384,haute
BJ-626F4377,Bourse Partners,Finance & Assurance,Banikoara,+229 98 64 31 66,boursepartners@boursepartners.com.bj,boursepartners.bj,TPE (<10),B2B,LinkedIn,,Actif,2026-06-29T00:22:55.237403,haute
BJ-80251B93,Trading,Finance & Assurance,Banikoara,+229 73 10 36 70,trading@trading.org.bj,trading.bj,PME (50-200),B2B,LinkedIn,,Actif,2026-06-29T00:22:55.237417,haute
BJ-282C2018,Prévoyance Partners,Finance & Assurance,Banikoara,+229 92 13 74 96,prévoyance_partners@prévoyancepartn.org.bj,prévoyancepartners.bj,PME (10-50),B2B,LinkedIn,,Actif,2026-06-29T00:22:55.237435,haute
BJ-59178DCE,Crédit FCP,Finance & Assurance,Ségbana,+229 44 78 32 56,créditfcp@hotmail.com,créditfcp.bj,PME (10-50),B2C,LinkedIn,,Actif,2026-06-29T00:22:55.237462,haute
BJ-4D5F72E7,Prévoyance,Finance & Assurance,Ségbana,+229 89 39 63 36,prévoyance@yahoo.fr,prévoyance.bj,PME (10-50),B2B,LinkedIn,,Actif,2026-06-29T00:22:55.237493,haute
BJ-A12D7EB8,Wealth,Finance & Assurance,Ségbana,+229 53 33 66 24,wealth@outlook.com,wealth.bj,Grande (>200),B2C,LinkedIn,,Actif,2026-06-29T00:22:55.237511,haute
BJ-A608673B,Société Blockchain Finance,Finance & Assurance,Ségbana,+229 66 42 52 12,s.blockchain@sociétéblockcha.org.bj,sociétéblockchainfinance.bj,Grande (>200),B2C,LinkedIn,,Actif,2026-06-29T00:22:55.237530,haute
BJ-60273758,Finance SICAV,Finance & Assurance,Karimama,+229 22 99 39 73,finance.sicav@financesicav.com.bj,financesicav.bj,PME (10-50),B2B,LinkedIn,,Actif,2026-06-29T00:22:55.237553,haute
BJ-3EF14270,Micro Forex Invest,Finance & Assurance,Karimama,+229 43 49 72 40,micro.forex@gmail.com,microforexinvest.bj,PME (10-50),B2B,LinkedIn,,Actif,2026-06-29T00:22:55.237569,haute
BJ-7BB0E5FB,Cabinet Management SARL,Finance & Assurance,Karimama,+229 87 48 40 54,c.management@cabinetmanageme.org.bj,cabinetmanagementsarl.bj,TPE (<10),B2C,LinkedIn,,Actif,2026-06-29T00:22:55.237589,haute
BJ-802FA1A1,Épargne FCP Assurances,Finance & Assurance,Karimama,+229 22 21 75 86,,épargnefcpassurances.bj,TPE (<10),B2B,LinkedIn,,Actif,2026-06-29T00:22:55.237605,moyenne
BJ-40E236EA,Cabinet Wealth International,Finance & Assurance,Karimama,+229 56 79 58 43,cabinetwealth@cabinetwealthin.bj,cabinetwealthinternational.bj,TPE (<10),B2C,LinkedIn,,Actif,2026-06-29T00:22:55.237621,haute
BJ-9920CFF1,Micro Broker,Finance & Assurance,Gogounou,+229 30 31 39 21,m.broker@microbroker.org.bj,microbroker.bj,PME (10-50),B2B,LinkedIn,,Actif,2026-06-29T00:22:55.237644,haute
BJ-5987C29E,Crédit SA,Finance & Assurance,Gogounou,+229 30 93 91 97,crédit@créditsa.org.bj,créditsa.bj,PME (10-50),B2C,LinkedIn,,Actif,2026-06-29T00:22:55.237659,haute
BJ-EF8444AC,Wealth Gogounou,Finance & Assurance,Gogounou,+229 69 65 24 39,wealth_gogounou@gmail.com,wealthgogounou.bj,PME (50-200),B2B,LinkedIn,,Actif,2026-06-29T00:22:55.237675,haute
BJ-1686948E,Cabinet Broker,Finance & Assurance,Gogounou,+229 92 44 36 26,cabinetbroker@cabinetbroker.org.bj,cabinetbroker.bj,TPE (<10),B2C,LinkedIn,,Actif,2026-06-29T00:22:55.237690,haute
BJ-949D7E62,Micro Actions Bank,Finance & Assurance,Cobly,+229 24 64 84 82,microactions@microactionsban.bj,microactionsbank.bj,PME (50-200),B2B,LinkedIn,,Actif,2026-06-29T00:22:55.237727,haute
BJ-B079A050,Épargne Actions Assurances,Finance & Assurance,Cobly,+229 57 86 35 21,épargne.actions@yahoo.fr,épargneactionsassurances.bj,TPE (<10),B2B,LinkedIn,,Actif,2026-06-29T00:22:55.237745,haute
BJ-573A659E,Banque Bourse,Finance & Assurance,Cobly,+229 77 65 91 34,b.bourse@banquebourse.bj,,TPE (<10),B2B,LinkedIn,,Actif,2026-06-29T00:22:55.237784,moyenne
BJ-F21DC88E,Trading,Finance & Assurance,Cobly,+229 65 67 78 65,trading@gmail.com,,TPE (<10),B2B,LinkedIn,,Actif,2026-06-29T00:22:55.237803,moyenne
BJ-37CAABA2,Paiement Cobly,Finance & Assurance,Cobly,+229 84 34 87 71,paiement.cobly@paiementcobly.bj,paiementcobly.bj,TPE (<10),B2B,LinkedIn,,Actif,2026-06-29T00:22:55.237820,haute
BJ-6A82D1B6,Courtage Assurances,Finance & Assurance,Tanguiéta,+229 68 34 44 45,courtage_assurances@courtageassuran.bj,courtageassurances.bj,PME (50-200),B2C,LinkedIn,,Actif,2026-06-29T00:22:55.237845,haute
BJ-DD6ECE2A,Capital,Finance & Assurance,Tanguiéta,+229 37 14 18 49,capital@capital.org.bj,capital.bj,PME (10-50),B2B,LinkedIn,,Actif,2026-06-29T00:22:55.237860,haute
BJ-25859C93,Capital National International,Finance & Assurance,Tanguiéta,+229 99 23 52 63,capital_national@capitalnational.com.bj,capitalnationalinternational.bj,TPE (<10),B2B,LinkedIn,,Actif,2026-06-29T00:22:55.237876,haute
BJ-A3793383,Investissement IARD,Finance & Assurance,Tanguiéta,+229 78 87 31 56,i.iard@gmail.com,investissementiard.bj,PME (10-50),B2C,LinkedIn,,Actif,2026-06-29T00:22:55.237907,haute
BJ-291F5AEF,Finance Auto SARL,Finance & Assurance,Tanguiéta,+229 64 93 90 66,finance.auto@outlook.com,financeautosarl.bj,PME (50-200),B2C,LinkedIn,,Actif,2026-06-29T00:22:55.237928,haute
BJ-669CC03F,Cabinet Broker,Finance & Assurance,Matéri,+229 63 70 43 16,c.broker@cabinetbroker.bj,cabinetbroker.bj,TPE (<10),B2C,LinkedIn,,Actif,2026-06-29T00:22:55.237952,haute
BJ-FEA9F2C4,Crédit Vie,Finance & Assurance,Matéri,+229 24 12 31 86,,,PME (10-50),B2B,LinkedIn,,Actif,2026-06-29T00:22:55.237964,basse
BJ-15EA8563,Transfert Groupe,Finance & Assurance,Matéri,+229 35 84 83 16,t.groupe@transfertgroupe.bj,transfertgroupe.bj,PME (10-50),B2C,LinkedIn,,Actif,2026-06-29T00:22:55.238018,haute
BJ-82DED22C,Actions,Finance & Assurance,Natitingou,+229 85 80 36 36,actions@yahoo.fr,actions.bj,PME (10-50),B2B,LinkedIn,,Actif,2026-06-29T00:22:55.238039,haute
BJ-38903E80,FCP,Finance & Assurance,Natitingou,+229 37 67 67 65,fcp@fcp.bj,fcp.bj,TPE (<10),B2C,LinkedIn,,Actif,2026-06-29T00:22:55.238054,haute
BJ-21533007,Multirisque,Finance & Assurance,Natitingou,+229 31 44 90 59,multirisque@outlook.com,multirisque.bj,Grande (>200),B2C,LinkedIn,,Actif,2026-06-29T00:22:55.238072,haute
BJ-AD2B0B17,Crédit Bourse,Finance & Assurance,Natitingou,+229 34 11 33 87,crédit.bourse@créditbourse.bj,créditbourse.bj,TPE (<10),B2C,LinkedIn,,Actif,2026-06-29T00:22:55.238090,haute
BJ-CBC1458A,Multirisque Groupe,Finance & Assurance,Natitingou,+229 26 48 54 70,m.groupe@multirisquegrou.bj,multirisquegroupe.bj,TPE (<10),B2C,LinkedIn,,Actif,2026-06-29T00:22:55.238107,haute
BJ-3B8EEA07,Finance Transfert,Finance & Assurance,Toucountouna,+229 46 51 95 68,financetransfert@hotmail.com,financetransfert.bj,PME (50-200),B2B,LinkedIn,,Actif,2026-06-29T00:22:55.238129,haute
BJ-5D14B71A,Micro IARD,Finance & Assurance,Toucountouna,+229 83 22 51 72,micro.iard@yahoo.fr,microiard.bj,TPE (<10),B2C,LinkedIn,,Actif,2026-06-29T00:22:55.238145,haute
BJ-3D975F30,Fintech Toucountouna,Finance & Assurance,Toucountouna,+229 24 35 81 87,,,PME (10-50),B2C,LinkedIn,,Actif,2026-06-29T00:22:55.238160,basse
BJ-1300322B,Trading Invest,Finance & Assurance,Toucountouna,+229 94 36 83 17,tradinginvest@tradinginvest.bj,,PME (10-50),B2C,LinkedIn,,Actif,2026-06-29T00:22:55.238176,moyenne
BJ-99DA5E90,Cabinet Vie,Finance & Assurance,Toucountouna,+229 76 50 71 83,cabinetvie@cabinetvie.com.bj,cabinetvie.bj,TPE (<10),B2C,LinkedIn,,Actif,2026-06-29T00:22:55.238193,haute
BJ-0D313971,Multirisque,Finance & Assurance,Boukoumbé,+229 52 35 44 63,multirisque@yahoo.com,,PME (50-200),B2C,LinkedIn,,Actif,2026-06-29T00:22:55.238231,moyenne
BJ-40E6857C,Cabinet Placement,Finance & Assurance,Boukoumbé,+229 60 78 10 96,c.placement@yahoo.com,cabinetplacement.bj,PME (10-50),B2C,LinkedIn,,Actif,2026-06-29T00:22:55.238247,haute
BJ-EA80C714,Épargne,Finance & Assurance,Boukoumbé,+229 40 75 22 17,épargne@yahoo.com,épargne.bj,PME (50-200),B2B,LinkedIn,,Actif,2026-06-29T00:22:55.238262,haute
BJ-C8946D10,Groupe Obligations Advisory,Finance & Assurance,Boukoumbé,+229 88 86 25 55,groupeobligations@groupeobligatio.bj,groupeobligationsadvisory.bj,TPE (<10),B2B,LinkedIn,,Actif,2026-06-29T00:22:55.238282,haute
BJ-4A30E2B1,Assurance Patrimoine,Finance & Assurance,Kouandé,+229 36 76 28 29,assurancepatrimoine@assurancepatrim.bj,assurancepatrimoine.bj,TPE (<10),B2B,LinkedIn,,Actif,2026-06-29T00:22:55.238305,haute
BJ-976EAECA,Blockchain,Finance & Assurance,Kouandé,+229 46 86 95 15,blockchain@blockchain.com.bj,blockchain.bj,TPE (<10),B2B,LinkedIn,,Actif,2026-06-29T00:22:55.238320,haute
BJ-23580520,Micro Assurance Invest,Finance & Assurance,Kouandé,+229 97 35 83 68,microassurance@microassurancei.bj,microassuranceinvest.bj,PME (50-200),B2B,LinkedIn,,Actif,2026-06-29T00:22:55.238339,haute
BJ-DE541588,Finance Bénin,Finance & Assurance,Kouandé,+229 48 74 48 31,finance.bénin@financebénin.bj,financebénin.bj,PME (50-200),B2C,LinkedIn,,Actif,2026-06-29T00:22:55.238360,haute
BJ-4BD89C0D,Micro Investissement,Finance & Assurance,Kouandé,+229 91 97 59 61,m.investissement@microinvestisse.org.bj,microinvestissement.bj,PME (10-50),B2C,LinkedIn,,Actif,2026-06-29T00:22:55.238376,haute
BJ-622D9403,Finance SICAV Péhunco,Finance & Assurance,Péhunco,+229 88 81 95 64,finance.sicav@financesicavpéh.bj,financesicavpéhunco.bj,PME (10-50),B2C,LinkedIn,,Actif,2026-06-29T00:22:55.238401,haute
BJ-C79DED58,Cabinet Actions SA Péhunco,Finance & Assurance,Péhunco,+229 91 65 54 74,c.actions@cabinetactionss.com.bj,cabinetactionssapéhunco.bj,PME (10-50),B2B,LinkedIn,,Actif,2026-06-29T00:22:55.238419,haute
BJ-299C5988,Investissement Courtage International,Finance & Assurance,Péhunco,+229 92 77 82 94,investissementcourtage@investissementc.bj,investissementcourtageinternational.bj,PME (10-50),B2B,LinkedIn,,Actif,2026-06-29T00:22:55.238437,haute
BJ-AADC408A,Épargne Management,Finance & Assurance,Péhunco,+229 69 16 49 13,épargnemanagement@épargnemanageme.com.bj,épargnemanagement.bj,TPE (<10),B2C,LinkedIn,,Actif,2026-06-29T00:22:55.238458,haute
BJ-D76F3874,Investissement Forex Capital,Finance & Assurance,Péhunco,+229 63 78 57 83,investissement.forex@yahoo.fr,investissementforexcapital.bj,PME (50-200),B2C,LinkedIn,,Actif,2026-06-29T00:22:55.238475,haute
BJ-B84C48D0,Groupe West Tchaourou,Finance & Assurance,Tchaourou,+229 73 63 41 88,groupewest@yahoo.fr,groupewesttchaourou.bj,PME (10-50),B2C,LinkedIn,,Actif,2026-06-29T00:22:55.238498,haute
BJ-2AE45A85,Investissement Investissement Capital,Finance & Assurance,Tchaourou,+229 47 26 63 14,investissementinvestissement@investissementi.com.bj,,Grande (>200),B2C,LinkedIn,,Actif,2026-06-29T00:22:55.238515,moyenne
BJ-4022FCF0,Société Transfert Tchaourou,Finance & Assurance,Tchaourou,+229 21 26 44 86,sociététransfert@yahoo.fr,sociététransferttchaourou.bj,PME (10-50),B2C,LinkedIn,,Actif,2026-06-29T00:22:55.238550,haute
BJ-D6454075,Micro Capital Groupe,Finance & Assurance,Nikki,+229 37 12 83 44,m.capital@gmail.com,microcapitalgroupe.bj,PME (10-50),B2C,LinkedIn,,Actif,2026-06-29T00:22:55.238590,haute
BJ-3E2CCFE9,Micro Crédit,Finance & Assurance,Nikki,+229 33 28 49 85,micro.crédit@yahoo.fr,microcrédit.bj,TPE (<10),B2C,LinkedIn,,Actif,2026-06-29T00:22:55.238608,haute
BJ-A9D71A6F,Retraite,Finance & Assurance,Nikki,+229 63 29 22 63,retraite@retraite.com.bj,retraite.bj,PME (50-200),B2B,LinkedIn,,Actif,2026-06-29T00:22:55.238622,haute
BJ-B54AFA61,Banque Assurance,Finance & Assurance,Nikki,+229 96 21 36 39,banque_assurance@banqueassurance.bj,banqueassurance.bj,PME (50-200),B2C,LinkedIn,,Actif,2026-06-29T00:22:55.238652,haute
BJ-9FCF997E,Finance Monétique,Finance & Assurance,Bembéréké,+229 40 93 92 23,financemonétique@financemonétiqu.org.bj,financemonétique.bj,PME (10-50),B2B,LinkedIn,,Actif,2026-06-29T00:22:55.238690,haute
BJ-7243D0E4,Épargne Gestion Bembéréké,Finance & Assurance,Bembéréké,+229 29 31 18 17,é.gestion@épargnegestionb.com.bj,épargnegestionbembéréké.bj,PME (50-200),B2B,LinkedIn,,Actif,2026-06-29T00:22:55.238712,haute
BJ-1E41CC5E,Wealth International,Finance & Assurance,Kalalé,+229 31 18 48 18,wealth_international@wealthinternati.org.bj,wealthinternational.bj,Grande (>200),B2B,LinkedIn,,Actif,2026-06-29T00:22:55.238766,haute
BJ-D7F0F89C,Blockchain,Finance & Assurance,Kalalé,+229 86 65 94 72,blockchain@blockchain.bj,blockchain.bj,PME (10-50),B2C,LinkedIn,,Actif,2026-06-29T00:22:55.238780,haute
BJ-DE9BBAE3,Management Invest,Finance & Assurance,Kalalé,+229 97 59 49 90,m.invest@managementinves.bj,managementinvest.bj,PME (10-50),B2B,LinkedIn,,Actif,2026-06-29T00:22:55.238797,haute
BJ-95F5691F,Épargne Crypto,Finance & Assurance,Kalalé,+229 29 70 37 48,é.crypto@yahoo.fr,épargnecrypto.bj,TPE (<10),B2B,LinkedIn,,Actif,2026-06-29T00:22:55.238817,haute
BJ-BA137755,Retraite,Finance & Assurance,Kalalé,+229 90 70 65 32,retraite@outlook.com,retraite.bj,TPE (<10),B2C,LinkedIn,,Actif,2026-06-29T00:22:55.238830,haute
BJ-FFD04C71,Société Sécurité Ndali,Finance & Assurance,Ndali,+229 70 86 68 52,sociétésécurité@sociétésécurité.bj,sociétésécuriténdali.bj,TPE (<10),B2B,LinkedIn,,Actif,2026-06-29T00:22:55.238856,haute
BJ-1EF6B312,Cabinet West Invest,Finance & Assurance,Ndali,+229 96 12 71 86,cabinetwest@hotmail.com,cabinetwestinvest.bj,PME (10-50),B2C,LinkedIn,,Actif,2026-06-29T00:22:55.238877,haute
BJ-1682AECF,SICAV,Finance & Assurance,Ndali,+229 82 15 63 75,sicav@sicav.com.bj,,PME (10-50),B2B,LinkedIn,,Actif,2026-06-29T00:22:55.238908,moyenne
BJ-D2461799,Trading Bank,Finance & Assurance,Ndali,+229 45 32 15 50,trading.bank@yahoo.fr,,Grande (>200),B2C,LinkedIn,,Actif,2026-06-29T00:22:55.238928,moyenne
BJ-F9A3B44E,Capital SICAV,Finance & Assurance,Ndali,+229 33 17 87 93,c.sicav@hotmail.com,capitalsicav.bj,PME (10-50),B2C,LinkedIn,,Actif,2026-06-29T00:22:55.238944,haute
BJ-694E8ECB,Broker Groupe,Finance & Assurance,Ségbana,+229 87 42 70 53,brokergroupe@outlook.com,brokergroupe.bj,PME (10-50),B2B,LinkedIn,,Actif,2026-06-29T00:22:55.238967,haute
BJ-62669832,Finance International,Finance & Assurance,Ségbana,+229 86 14 35 54,,financeinternational.bj,PME (10-50),B2B,LinkedIn,,Actif,2026-06-29T00:22:55.238979,moyenne
BJ-2E10F974,National International,Finance & Assurance,Ségbana,+229 29 37 29 27,national.international@yahoo.fr,nationalinternational.bj,PME (10-50),B2C,LinkedIn,,Actif,2026-06-29T00:22:55.238995,haute
BJ-231B43E6,Bénin,Finance & Assurance,Ségbana,+229 51 83 24 52,bénin@yahoo.fr,bénin.bj,TPE (<10),B2C,LinkedIn,,Actif,2026-06-29T00:22:55.239009,haute
BJ-3DAAA8B6,Crédit Capital Groupe,Finance & Assurance,Ségbana,+229 42 86 49 10,créditcapital@créditcapitalgr.org.bj,créditcapitalgroupe.bj,PME (50-200),B2B,LinkedIn,,Actif,2026-06-29T00:22:55.239026,haute
BJ-E8A4B668,Société Vie Partners,Finance & Assurance,Tchaourou,+229 67 40 14 17,sociétévie@sociétéviepartn.com.bj,sociétéviepartners.bj,TPE (<10),B2C,LinkedIn,,Actif,2026-06-29T00:22:55.239052,haute
BJ-42E7DD38,Sécurité Assurances Tchaourou,Finance & Assurance,Tchaourou,+229 58 77 14 70,sécurité.assurances@yahoo.com,sécuritéassurancestchaourou.bj,PME (10-50),B2C,LinkedIn,,Actif,2026-06-29T00:22:55.239069,haute
BJ-B76324B7,Cabinet FCP,Finance & Assurance,Tchaourou,+229 91 48 69 90,c.fcp@cabinetfcp.bj,cabinetfcp.bj,Grande (>200),B2C,LinkedIn,,Actif,2026-06-29T00:22:55.239089,haute
BJ-40E54149,Crédit SICAV Tchaourou,Finance & Assurance,Tchaourou,+229 52 27 19 27,créditsicav@gmail.com,créditsicavtchaourou.bj,PME (10-50),B2C,LinkedIn,,Actif,2026-06-29T00:22:55.239107,haute
BJ-8C4CB09C,Patrimoine SARL Tchaourou,Finance & Assurance,Tchaourou,+229 97 37 27 96,p.sarl@outlook.com,patrimoinesarltchaourou.bj,PME (50-200),B2B,LinkedIn,,Actif,2026-06-29T00:22:55.239131,haute
BJ-1EEAB716,Finance Multirisque,Finance & Assurance,Bétérou,+229 27 35 15 85,,financemultirisque.bj,PME (10-50),B2B,LinkedIn,,Actif,2026-06-29T00:22:55.239151,moyenne
BJ-885B193F,Transfert Finance,Finance & Assurance,Bétérou,+229 32 96 99 41,transfertfinance@transfertfinanc.com.bj,transfertfinance.bj,TPE (<10),B2C,LinkedIn,,Actif,2026-06-29T00:22:55.239168,haute
BJ-A67C62F7,Courtage International,Finance & Assurance,Bétérou,+229 30 87 14 13,courtageinternational@outlook.com,,Grande (>200),B2B,LinkedIn,,Actif,2026-06-29T00:22:55.239184,moyenne
BJ-07509CE9,Cabinet Gestion,Finance & Assurance,Bétérou,+229 65 14 44 52,cabinetgestion@yahoo.com,cabinetgestion.bj,Grande (>200),B2B,LinkedIn,,Actif,2026-06-29T00:22:55.239200,haute
BJ-98C798F3,Blockchain SA,Finance & Assurance,Bétérou,+229 69 96 14 48,blockchain@yahoo.com,blockchainsa.bj,PME (50-200),B2C,LinkedIn,,Actif,2026-06-29T00:22:55.239214,haute
BJ-150CA443,Obligations Groupe,Finance & Assurance,Ouessè,+229 77 94 39 63,o.groupe@obligationsgrou.com.bj,,TPE (<10),B2B,LinkedIn,,Actif,2026-06-29T00:22:55.239241,moyenne
BJ-3A82E315,Investissement Bourse,Finance & Assurance,Ouessè,+229 46 66 18 36,i.bourse@investissementb.org.bj,investissementbourse.bj,PME (10-50),B2B,LinkedIn,,Actif,2026-06-29T00:22:55.239258,haute
BJ-6C9C681B,Gestion,Finance & Assurance,Ouessè,+229 36 13 31 48,gestion@gestion.com.bj,gestion.bj,TPE (<10),B2B,LinkedIn,,Actif,2026-06-29T00:22:55.239275,haute
BJ-23639254,Capital Paiement,Finance & Assurance,Ouessè,+229 40 43 88 82,capitalpaiement@capitalpaiement.bj,capitalpaiement.bj,PME (50-200),B2B,LinkedIn,,Actif,2026-06-29T00:22:55.239296,haute
BJ-446B5E81,Épargne Management Finance,Finance & Assurance,Ouessè,+229 26 24 92 54,épargne.management@yahoo.fr,épargnemanagementfinance.bj,Grande (>200),B2B,LinkedIn,,Actif,2026-06-29T00:22:55.239314,haute
BJ-BED9C6D2,Multirisque Invest,Finance & Assurance,Glazoué,+229 92 49 62 98,m.invest@multirisqueinve.org.bj,,Grande (>200),B2B,LinkedIn,,Actif,2026-06-29T00:22:55.239337,moyenne
BJ-8F2C6351,Société Patrimoine SA,Finance & Assurance,Glazoué,+229 46 72 10 92,s.patrimoine@sociétépatrimoi.com.bj,sociétépatrimoinesa.bj,PME (10-50),B2C,LinkedIn,,Actif,2026-06-29T00:22:55.239373,haute
BJ-33628F67,West International,Finance & Assurance,Glazoué,+229 55 52 66 93,west.international@yahoo.fr,westinternational.bj,PME (50-200),B2B,LinkedIn,,Actif,2026-06-29T00:22:55.239393,haute
BJ-37A0F067,Société Trading,Finance & Assurance,Glazoué,+229 84 16 87 81,s.trading@sociététrading.bj,,PME (10-50),B2B,LinkedIn,,Actif,2026-06-29T00:22:55.239409,moyenne
BJ-38D4D712,Actions Partners,Finance & Assurance,Dassa-Zoumè,+229 45 20 99 25,actionspartners@actionspartners.bj,actionspartners.bj,TPE (<10),B2C,LinkedIn,,Actif,2026-06-29T00:22:55.239433,haute
BJ-8399A77C,Assurance SICAV,Finance & Assurance,Dassa-Zoumè,+229 41 28 79 87,assurancesicav@outlook.com,assurancesicav.bj,PME (50-200),B2C,LinkedIn,,Actif,2026-06-29T00:22:55.239450,haute
BJ-058AA715,Crédit Forex,Finance & Assurance,Dassa-Zoumè,+229 34 70 91 96,crédit_forex@yahoo.fr,,TPE (<10),B2B,LinkedIn,,Actif,2026-06-29T00:22:55.239469,moyenne
BJ-97A1E733,Bénin Partners,Finance & Assurance,Dassa-Zoumè,+229 62 18 23 80,béninpartners@béninpartners.com.bj,béninpartners.bj,PME (50-200),B2C,LinkedIn,,Actif,2026-06-29T00:22:55.239488,haute
BJ-C1AFEA9C,Broker Dassa-Zoumè,Finance & Assurance,Dassa-Zoumè,+229 61 85 10 37,brokerdassa@brokerdassazoum.org.bj,brokerdassazoumè.bj,TPE (<10),B2B,LinkedIn,,Actif,2026-06-29T00:22:55.239505,haute
BJ-007851AA,Crédit Capital,Finance & Assurance,Savalou,+229 44 26 16 75,créditcapital@créditcapital.com.bj,créditcapital.bj,Grande (>200),B2B,LinkedIn,,Actif,2026-06-29T00:22:55.239529,haute
BJ-E2C7F095,Placement,Finance & Assurance,Savalou,+229 77 54 20 82,placement@yahoo.fr,placement.bj,PME (50-200),B2C,LinkedIn,,Actif,2026-06-29T00:22:55.239544,haute
BJ-A1F648D7,National Advisory,Finance & Assurance,Savalou,+229 81 24 47 50,national.advisory@gmail.com,nationaladvisory.bj,TPE (<10),B2C,LinkedIn,,Actif,2026-06-29T00:22:55.239560,haute
BJ-C69904C8,Finance Protection,Finance & Assurance,Savalou,+229 22 76 31 54,financeprotection@yahoo.com,financeprotection.bj,TPE (<10),B2C,LinkedIn,,Actif,2026-06-29T00:22:55.239575,haute
BJ-EA420A2C,Micro West Assurances,Finance & Assurance,Savalou,+229 96 16 25 21,microwest@microwestassura.com.bj,microwestassurances.bj,PME (50-200),B2C,LinkedIn,,Actif,2026-06-29T00:22:55.239590,haute
BJ-43292FD1,Groupe Devise,Finance & Assurance,Bantè,+229 46 20 98 25,groupe.devise@yahoo.fr,groupedevise.bj,Grande (>200),B2B,LinkedIn,,Actif,2026-06-29T00:22:55.239612,haute
BJ-FB00E3EF,Assurance SICAV Finance,Finance & Assurance,Bantè,+229 88 87 36 24,a.sicav@assurancesicavf.org.bj,assurancesicavfinance.bj,PME (50-200),B2C,LinkedIn,,Actif,2026-06-29T00:22:55.239629,haute
BJ-A8B1A9B3,Cabinet Santé Bantè,Finance & Assurance,Bantè,+229 84 10 15 59,cabinetsanté@cabinetsantéban.org.bj,cabinetsantébantè.bj,TPE (<10),B2B,LinkedIn,,Actif,2026-06-29T00:22:55.239654,haute
BJ-68207C60,Capital Partners,Finance & Assurance,Bantè,+229 29 63 20 83,capital.partners@capitalpartners.com.bj,capitalpartners.bj,PME (10-50),B2B,LinkedIn,,Actif,2026-06-29T00:22:55.239674,haute
BJ-C39FD582,Finance Capital Assurances,Finance & Assurance,Bantè,+229 93 88 84 70,finance.capital@financecapitala.bj,financecapitalassurances.bj,TPE (<10),B2C,LinkedIn,,Actif,2026-06-29T00:22:55.239690,haute
BJ-0C2DE274,Courtage,Finance & Assurance,Djougou,+229 91 12 77 20,courtage@courtage.org.bj,,Grande (>200),B2C,LinkedIn,,Actif,2026-06-29T00:22:55.239712,moyenne
BJ-A16C47E5,Épargne Assurances,Finance & Assurance,Djougou,+229 82 95 97 29,é.assurances@épargneassuranc.com.bj,épargneassurances.bj,PME (10-50),B2B,LinkedIn,,Actif,2026-06-29T00:22:55.239759,haute
BJ-6772D5F2,Bourse Finance,Finance & Assurance,Djougou,+229 95 98 39 42,boursefinance@gmail.com,boursefinance.bj,PME (10-50),B2C,LinkedIn,,Actif,2026-06-29T00:22:55.239800,haute
BJ-D441214D,Blockchain Groupe,Finance & Assurance,Djougou,+229 33 33 73 62,blockchain.groupe@blockchaingroup.bj,blockchaingroupe.bj,TPE (<10),B2C,LinkedIn,,Actif,2026-06-29T00:22:55.239835,haute
BJ-6F7BF51B,International Finance,Finance & Assurance,Ouèssè,+229 90 33 40 52,i.finance@internationalfi.bj,internationalfinance.bj,TPE (<10),B2C,LinkedIn,,Actif,2026-06-29T00:22:55.239879,haute
BJ-956FBF9A,Prévoyance,Finance & Assurance,Ouèssè,+229 87 25 27 52,prévoyance@prévoyance.org.bj,prévoyance.bj,TPE (<10),B2B,LinkedIn,,Actif,2026-06-29T00:22:55.239912,haute
BJ-380272E3,Vie Groupe,Finance & Assurance,Ouèssè,+229 27 20 69 82,vie.groupe@viegroupe.bj,viegroupe.bj,Grande (>200),B2C,LinkedIn,,Actif,2026-06-29T00:22:55.239936,haute
BJ-B702C70D,Société Sécurité Groupe,Finance & Assurance,Ouèssè,+229 97 51 44 36,société_sécurité@sociétésécurité.com.bj,sociétésécuritégroupe.bj,PME (10-50),B2C,LinkedIn,,Actif,2026-06-29T00:22:55.239957,haute
BJ-00861387,Cabinet Broker Assurances,Finance & Assurance,Ouèssè,+229 65 26 49 44,c.broker@cabinetbrokeras.org.bj,cabinetbrokerassurances.bj,Grande (>200),B2C,LinkedIn,,Actif,2026-06-29T00:22:55.239975,haute
BJ-C6F7D08D,Patrimoine Groupe,Finance & Assurance,Bassila,+229 85 66 74 99,patrimoinegroupe@yahoo.com,patrimoinegroupe.bj,TPE (<10),B2C,LinkedIn,,Actif,2026-06-29T00:22:55.240003,haute
BJ-B3628363,Finance Paiement,Finance & Assurance,Bassila,+229 81 92 71 52,finance.paiement@financepaiement.bj,financepaiement.bj,PME (10-50),B2B,LinkedIn,,Actif,2026-06-29T00:22:55.240019,haute
BJ-B9BF109E,Capital Crypto,Finance & Assurance,Bassila,+229 43 25 97 85,capital.crypto@outlook.com,,Grande (>200),B2C,LinkedIn,,Actif,2026-06-29T00:22:55.240038,moyenne
BJ-DCCFF2C4,Cabinet Devise International,Finance & Assurance,Bassila,+229 95 93 24 88,cabinet.devise@yahoo.com,,TPE (<10),B2C,LinkedIn,,Actif,2026-06-29T00:22:55.240067,moyenne
BJ-81B3CECC,Assurance Transfert,Finance & Assurance,Pehunco,+229 87 81 48 96,assurance_transfert@assurancetransf.org.bj,assurancetransfert.bj,TPE (<10),B2C,LinkedIn,,Actif,2026-06-29T00:22:55.240090,haute
BJ-0716C1F8,Société Épargne Pehunco,Finance & Assurance,Pehunco,+229 62 89 38 85,sociétéépargne@sociétéépargnep.com.bj,sociétéépargnepehunco.bj,TPE (<10),B2B,LinkedIn,,Actif,2026-06-29T00:22:55.240112,haute
BJ-8090E50F,Capital Transfert Partners Pehunco,Finance & Assurance,Pehunco,+229 56 82 41 24,c.transfert@gmail.com,capitaltransfertpartnerspehunco.bj,PME (50-200),B2B,LinkedIn,,Actif,2026-06-29T00:22:55.240132,haute
BJ-E16B6CB1,Forex Invest,Finance & Assurance,Pehunco,+229 20 97 86 43,,forexinvest.bj,TPE (<10),B2C,LinkedIn,,Actif,2026-06-29T00:22:55.240145,moyenne
BJ-9FD5C1CE,Groupe FCP Finance,Finance & Assurance,Pehunco,+229 84 75 33 72,groupe.fcp@groupefcpfinanc.org.bj,,Grande (>200),B2C,LinkedIn,,Actif,2026-06-29T00:22:55.240162,moyenne
BJ-3FF8DBF2,Broker Copargo,Finance & Assurance,Copargo,+229 32 23 40 98,brokercopargo@brokercopargo.com.bj,brokercopargo.bj,PME (10-50),B2C,LinkedIn,,Actif,2026-06-29T00:22:55.240185,haute
BJ-5686B4B6,Groupe Transfert,Finance & Assurance,Copargo,+229 35 97 31 67,,groupetransfert.bj,PME (50-200),B2C,LinkedIn,,Actif,2026-06-29T00:22:55.240197,moyenne
BJ-F6532D9C,Change SA,Finance & Assurance,Copargo,+229 35 93 43 53,change@changesa.bj,changesa.bj,PME (50-200),B2C,LinkedIn,,Actif,2026-06-29T00:22:55.240211,haute
BJ-07D3E193,Société Épargne,Finance & Assurance,Copargo,+229 44 62 89 16,sociétéépargne@gmail.com,sociétéépargne.bj,PME (10-50),B2C,LinkedIn,,Actif,2026-06-29T00:22:55.240228,haute
BJ-5E162AFB,Groupe IARD,Finance & Assurance,Copargo,+229 61 79 34 63,groupeiard@yahoo.fr,groupeiard.bj,PME (10-50),B2B,LinkedIn,,Actif,2026-06-29T00:22:55.240244,haute
BJ-BF7A7CA4,Groupe Supply,Transport & Logistique,Cotonou,+229 62 93 15 67,groupesupply@gmail.com,groupesupply.bj,TPE (<10),B2C,LinkedIn,,Actif,2026-06-29T00:22:55.240268,haute
BJ-8D9A9183,Rapide Utilitaire,Transport & Logistique,Cotonou,+229 79 41 67 41,r.utilitaire@yahoo.com,rapideutilitaire.bj,PME (50-200),B2B,LinkedIn,,Actif,2026-06-29T00:22:55.240287,haute
BJ-CBBABB53,Chain,Transport & Logistique,Cotonou,+229 91 12 89 44,chain@outlook.com,chain.bj,PME (10-50),B2B,LinkedIn,,Actif,2026-06-29T00:22:55.240304,haute
BJ-43F938A1,Transit Cargo,Transport & Logistique,Cotonou,+229 45 71 94 50,transit.cargo@transitcargo.org.bj,transitcargo.bj,PME (50-200),B2B,LinkedIn,,Actif,2026-06-29T00:22:55.240321,haute
BJ-C95E7C5B,Fret Véhicule Cotonou,Transport & Logistique,Cotonou,+229 30 57 45 45,fretvéhicule@outlook.com,fretvéhiculecotonou.bj,Grande (>200),B2C,LinkedIn,,Actif,2026-06-29T00:22:55.240338,haute
BJ-8A646D34,Bateau,Transport & Logistique,Abomey-Calavi,+229 64 84 35 96,bateau@yahoo.com,bateau.bj,TPE (<10),B2B,LinkedIn,,Actif,2026-06-29T00:22:55.240360,haute
BJ-45587BCE,Paquet Express,Transport & Logistique,Abomey-Calavi,+229 29 14 63 33,paquet.express@paquetexpress.org.bj,paquetexpress.bj,PME (10-50),B2B,LinkedIn,,Actif,2026-06-29T00:22:55.240390,haute
BJ-9640D993,Entrepôt Abomey-Calavi,Transport & Logistique,Abomey-Calavi,+229 48 16 92 50,entrepôt.abomey@entrepôtabomeyc.bj,entrepôtabomeycalavi.bj,PME (10-50),B2B,LinkedIn,,Actif,2026-06-29T00:22:55.240408,haute
BJ-CDEE647B,SARL Chain,Transport & Logistique,Abomey-Calavi,+229 20 70 77 75,sarl.chain@sarlchain.org.bj,,Grande (>200),B2C,LinkedIn,,Actif,2026-06-29T00:22:55.240423,moyenne
BJ-169DC8CA,Paquet,Transport & Logistique,Porto-Novo,+229 65 17 31 16,paquet@paquet.org.bj,paquet.bj,Grande (>200),B2C,LinkedIn,,Actif,2026-06-29T00:22:55.240444,haute
BJ-B216E3B6,Transport Porto-Novo,Transport & Logistique,Porto-Novo,+229 98 16 55 57,transport.porto@yahoo.fr,transportportonovo.bj,TPE (<10),B2B,LinkedIn,,Actif,2026-06-29T00:22:55.240461,haute
BJ-52B3E602,Courtage Africa,Transport & Logistique,Porto-Novo,+229 93 87 94 38,,courtageafrica.bj,TPE (<10),B2C,LinkedIn,,Actif,2026-06-29T00:22:55.240477,moyenne
BJ-E3F794BC,Conteneur Delivery,Transport & Logistique,Porto-Novo,+229 86 87 77 19,conteneur.delivery@conteneurdelive.org.bj,,PME (10-50),B2B,LinkedIn,,Actif,2026-06-29T00:22:55.240493,moyenne
BJ-F91E8594,Envoi,Transport & Logistique,Porto-Novo,+229 64 94 86 76,envoi@envoi.bj,envoi.bj,PME (50-200),B2C,LinkedIn,,Actif,2026-06-29T00:22:55.240510,haute
BJ-57D8B9AE,Aérien,Transport & Logistique,Parakou,+229 85 53 54 95,,aérien.bj,PME (10-50),B2C,LinkedIn,,Actif,2026-06-29T00:22:55.240530,moyenne
BJ-018CE76F,Cargo Rapide International,Transport & Logistique,Parakou,+229 99 23 97 43,,cargorapideinternational.bj,PME (10-50),B2C,LinkedIn,,Actif,2026-06-29T00:22:55.240542,moyenne
BJ-3B8C356D,Rapide Chambre International,Transport & Logistique,Parakou,+229 80 63 22 76,rapidechambre@rapidechambrein.org.bj,rapidechambreinternational.bj,TPE (<10),B2B,LinkedIn,,Actif,2026-06-29T00:22:55.240572,haute
BJ-BACFD5E5,Groupe Stockage Logistique Parakou,Transport & Logistique,Parakou,+229 95 76 67 91,,groupestockagelogistiqueparakou.bj,PME (50-200),B2C,LinkedIn,,Actif,2026-06-29T00:22:55.240588,moyenne
BJ-CE872BDE,Messagerie Particulier Cargo Bohicon,Transport & Logistique,Bohicon,+229 97 67 29 61,messagerie.particulier@messagerieparti.bj,,PME (10-50),B2B,LinkedIn,,Actif,2026-06-29T00:22:55.240611,moyenne
BJ-339BD6EA,Portuaire,Transport & Logistique,Bohicon,+229 77 21 92 12,,portuaire.bj,PME (10-50),B2B,LinkedIn,,Actif,2026-06-29T00:22:55.240623,moyenne
BJ-4F5D2994,Rapide Affrètement Cargo,Transport & Logistique,Bohicon,+229 65 47 96 52,rapideaffrètement@yahoo.com,rapideaffrètementcargo.bj,Grande (>200),B2B,LinkedIn,,Actif,2026-06-29T00:22:55.240643,haute
BJ-635BF853,Transit Navire Bohicon,Transport & Logistique,Bohicon,+229 41 62 26 20,transitnavire@hotmail.com,,TPE (<10),B2C,LinkedIn,,Actif,2026-06-29T00:22:55.240659,moyenne
BJ-0B18BBA5,Fret Cargo,Transport & Logistique,Bohicon,+229 76 65 94 42,fret_cargo@gmail.com,fretcargo.bj,PME (10-50),B2B,LinkedIn,,Actif,2026-06-29T00:22:55.240674,haute
BJ-EEC35CD8,SARL Entrepôt,Transport & Logistique,Natitingou,+229 54 91 54 19,s.entrepôt@sarlentrepôt.com.bj,,PME (10-50),B2B,LinkedIn,,Actif,2026-06-29T00:22:55.240698,moyenne
BJ-F8CD0D4C,Fret Poids Transport,Transport & Logistique,Natitingou,+229 44 73 55 29,fretpoids@fretpoidstransp.com.bj,,PME (50-200),B2B,LinkedIn,,Actif,2026-06-29T00:22:55.240713,moyenne
BJ-D65F6BAD,Transport Transport,Transport & Logistique,Natitingou,+229 59 48 57 14,transporttransport@transporttransp.com.bj,transporttransport.bj,PME (10-50),B2B,LinkedIn,,Actif,2026-06-29T00:22:55.240729,haute
BJ-67C0E852,Transit Warehousing Natitingou,Transport & Logistique,Natitingou,+229 89 45 95 15,,,Grande (>200),B2B,LinkedIn,,Actif,2026-06-29T00:22:55.240740,basse
BJ-97BE8DE5,Livraison Logistique,Transport & Logistique,Natitingou,+229 33 41 75 56,livraisonlogistique@outlook.com,livraisonlogistique.bj,PME (10-50),B2C,LinkedIn,,Actif,2026-06-29T00:22:55.240755,haute
BJ-6C8E1C4E,Fret Particulier,Transport & Logistique,Lokossa,+229 40 78 65 79,fret.particulier@fretparticulier.org.bj,,TPE (<10),B2C,LinkedIn,,Actif,2026-06-29T00:22:55.240778,moyenne
BJ-28908721,Transport Messagerie,Transport & Logistique,Lokossa,+229 65 83 63 34,,transportmessagerie.bj,PME (50-200),B2C,LinkedIn,,Actif,2026-06-29T00:22:55.240793,moyenne
BJ-4C4FC719,Douane Transport,Transport & Logistique,Lokossa,+229 85 36 87 11,douane.transport@outlook.com,douanetransport.bj,PME (50-200),B2C,LinkedIn,,Actif,2026-06-29T00:22:55.240812,haute
BJ-1A5829CE,SARL Chain Delivery,Transport & Logistique,Lokossa,+229 77 20 88 77,sarl_chain@yahoo.com,,TPE (<10),B2C,LinkedIn,,Actif,2026-06-29T00:22:55.240827,moyenne
BJ-094FB356,Groupe Lourd Freight,Transport & Logistique,Lokossa,+229 28 73 18 13,groupe.lourd@outlook.com,groupelourdfreight.bj,Grande (>200),B2C,LinkedIn,,Actif,2026-06-29T00:22:55.240842,haute
BJ-7F970156,SARL Envoi Express,Transport & Logistique,Ouidah,+229 25 75 52 61,s.envoi@hotmail.com,sarlenvoiexpress.bj,Grande (>200),B2C,LinkedIn,,Actif,2026-06-29T00:22:55.240876,haute
BJ-70062BC3,Bus Transport,Transport & Logistique,Ouidah,+229 20 17 85 33,bus.transport@bustransport.bj,,TPE (<10),B2B,LinkedIn,,Actif,2026-06-29T00:22:55.240923,moyenne
BJ-7C08A315,Taxi Delivery,Transport & Logistique,Ouidah,+229 34 54 27 87,taxi.delivery@yahoo.fr,taxidelivery.bj,TPE (<10),B2C,LinkedIn,,Actif,2026-06-29T00:22:55.240938,haute
BJ-3A7B55AE,Urgent Transport,Transport & Logistique,Savalou,+229 85 20 35 28,,,PME (10-50),B2C,LinkedIn,,Actif,2026-06-29T00:22:55.240957,basse
BJ-0A846F30,SARL Poids,Transport & Logistique,Savalou,+229 46 28 90 18,s.poids@sarlpoids.org.bj,,TPE (<10),B2B,LinkedIn,,Actif,2026-06-29T00:22:55.240972,moyenne
BJ-38B488ED,SARL Lourd Shipping,Transport & Logistique,Savalou,+229 24 96 23 60,sarllourd@sarllourdshippi.com.bj,,PME (10-50),B2C,LinkedIn,,Actif,2026-06-29T00:22:55.241008,moyenne
BJ-EB13E069,Transitaire Freight,Transport & Logistique,Savalou,+229 29 66 85 34,transitairefreight@hotmail.com,transitairefreight.bj,TPE (<10),B2B,LinkedIn,,Actif,2026-06-29T00:22:55.241024,haute
BJ-48B32FDD,Bateau,Transport & Logistique,Dassa-Zoumè,+229 69 99 21 52,bateau@bateau.org.bj,,PME (10-50),B2B,LinkedIn,,Actif,2026-06-29T00:22:55.241044,moyenne
BJ-4A631EA9,Rapide VTC Freight,Transport & Logistique,Dassa-Zoumè,+229 54 82 51 71,,rapidevtcfreight.bj,PME (50-200),B2C,LinkedIn,,Actif,2026-06-29T00:22:55.241056,moyenne
BJ-ACFFA273,Messagerie Public,Transport & Logistique,Dassa-Zoumè,+229 35 25 50 90,messagerie.public@yahoo.com,messageriepublic.bj,PME (50-200),B2C,LinkedIn,,Actif,2026-06-29T00:22:55.241072,haute
BJ-C59533D7,Transport Déménagement Transport,Transport & Logistique,Dassa-Zoumè,+229 24 84 96 79,transport.déménagement@yahoo.fr,transportdéménagementtransport.bj,PME (10-50),B2B,LinkedIn,,Actif,2026-06-29T00:22:55.241096,haute
BJ-6A16BD4E,Public Shipping Dassa-Zoumè,Transport & Logistique,Dassa-Zoumè,+229 60 42 47 20,public.shipping@gmail.com,,TPE (<10),B2C,LinkedIn,,Actif,2026-06-29T00:22:55.241113,moyenne
BJ-903D6A47,Delivery Warehousing Kétou,Transport & Logistique,Kétou,+229 55 16 74 55,delivery_warehousing@yahoo.com,deliverywarehousingkétou.bj,TPE (<10),B2B,LinkedIn,,Actif,2026-06-29T00:22:55.241140,haute
BJ-08262157,Logistique Lourd,Transport & Logistique,Kétou,+229 31 85 35 30,logistique.lourd@yahoo.com,,TPE (<10),B2C,LinkedIn,,Actif,2026-06-29T00:22:55.241156,moyenne
BJ-B3AB183B,Rapide Maritime SARL,Transport & Logistique,Kétou,+229 21 42 18 19,r.maritime@rapidemaritimes.com.bj,,TPE (<10),B2C,LinkedIn,,Actif,2026-06-29T00:22:55.248005,moyenne
BJ-E1A067B6,Transport Supply Africa,Transport & Logistique,Kétou,+229 35 90 47 71,transportsupply@transportsupply.bj,transportsupplyafrica.bj,TPE (<10),B2C,LinkedIn,,Actif,2026-06-29T00:22:55.248030,haute
BJ-D0563D95,Envoi Africa,Transport & Logistique,Covè,+229 64 35 58 56,envoi.africa@outlook.com,,PME (10-50),B2B,LinkedIn,,Actif,2026-06-29T00:22:55.248067,moyenne
BJ-B799BD4B,Delivery Express Africa,Transport & Logistique,Covè,+229 91 57 54 20,,,PME (10-50),B2C,LinkedIn,,Actif,2026-06-29T00:22:55.248081,basse
BJ-CC7EF088,Bus Covè,Transport & Logistique,Covè,+229 30 33 72 86,buscovè@buscovè.com.bj,buscovè.bj,TPE (<10),B2B,LinkedIn,,Actif,2026-06-29T00:22:55.248102,haute
BJ-8AF602F6,Messagerie Warehousing Logistique,Transport & Logistique,Covè,+229 66 21 90 42,messagerie.warehousing@messageriewareh.bj,messageriewarehousinglogistique.bj,PME (50-200),B2B,LinkedIn,,Actif,2026-06-29T00:22:55.248121,haute
BJ-7794D3FA,Messagerie Courrier,Transport & Logistique,Covè,+229 59 85 13 13,,messageriecourrier.bj,PME (10-50),B2B,LinkedIn,,Actif,2026-06-29T00:22:55.248139,moyenne
BJ-2740DFCF,Express Cargo,Transport & Logistique,Pobè,+229 59 60 40 37,,expresscargo.bj,PME (10-50),B2B,LinkedIn,,Actif,2026-06-29T00:22:55.248163,moyenne
BJ-07936763,Navire,Transport & Logistique,Pobè,+229 68 67 65 68,,,PME (10-50),B2C,LinkedIn,,Actif,2026-06-29T00:22:55.248175,basse
BJ-F7D6FA49,Logistique Livraison,Transport & Logistique,Pobè,+229 75 58 88 73,l.livraison@hotmail.com,logistiquelivraison.bj,TPE (<10),B2B,LinkedIn,,Actif,2026-06-29T00:22:55.248212,haute
BJ-7C3D233A,Déménagement Transport,Transport & Logistique,Pobè,+229 23 55 78 72,déménagement.transport@gmail.com,déménagementtransport.bj,PME (50-200),B2B,LinkedIn,,Actif,2026-06-29T00:22:55.248231,haute
BJ-1FEA10E0,Groupe Portuaire Africa,Transport & Logistique,Sakété,+229 47 21 89 87,g.portuaire@yahoo.fr,,Grande (>200),B2B,LinkedIn,,Actif,2026-06-29T00:22:55.248255,moyenne
BJ-862DFC25,Chaîne SARL,Transport & Logistique,Sakété,+229 97 59 46 55,chaîne_sarl@chaînesarl.bj,,TPE (<10),B2C,LinkedIn,,Actif,2026-06-29T00:22:55.248274,moyenne
BJ-6BB7D9FC,Route Freight,Transport & Logistique,Sakété,+229 21 43 52 32,routefreight@routefreight.org.bj,routefreight.bj,TPE (<10),B2B,LinkedIn,,Actif,2026-06-29T00:22:55.248291,haute
BJ-A061275B,Transport Poids Africa,Transport & Logistique,Sakété,+229 41 20 64 22,,transportpoidsafrica.bj,TPE (<10),B2B,LinkedIn,,Actif,2026-06-29T00:22:55.248304,moyenne
BJ-9B579B62,Cargo Chaîne Delivery,Transport & Logistique,Sakété,+229 86 95 78 15,cargochaîne@yahoo.com,,PME (10-50),B2B,LinkedIn,,Actif,2026-06-29T00:22:55.248321,moyenne
BJ-8B9C931B,Particulier,Transport & Logistique,Adjara,+229 71 49 18 76,particulier@gmail.com,particulier.bj,PME (10-50),B2C,LinkedIn,,Actif,2026-06-29T00:22:55.248343,haute
BJ-F5769710,Groupe Car Logistique,Transport & Logistique,Adjara,+229 40 29 29 29,g.car@groupecarlogist.org.bj,,PME (10-50),B2C,LinkedIn,,Actif,2026-06-29T00:22:55.248360,moyenne
BJ-02001792,Logistique Véhicule,Transport & Logistique,Adjara,+229 97 75 87 42,logistique.véhicule@logistiquevéhic.com.bj,,TPE (<10),B2C,LinkedIn,,Actif,2026-06-29T00:22:55.248391,moyenne
BJ-67A50756,Messagerie Chaîne,Transport & Logistique,Adjara,+229 20 11 96 31,messagerie.chaîne@yahoo.fr,,PME (50-200),B2B,LinkedIn,,Actif,2026-06-29T00:22:55.248410,moyenne
BJ-F1418E04,Express Chain Cargo,Transport & Logistique,Adjara,+229 76 45 30 63,,expresschaincargo.bj,TPE (<10),B2C,LinkedIn,,Actif,2026-06-29T00:22:55.248426,moyenne
BJ-173073E6,Conteneur SARL,Transport & Logistique,Allada,+229 79 15 60 61,c.sarl@hotmail.com,conteneursarl.bj,Grande (>200),B2B,LinkedIn,,Actif,2026-06-29T00:22:55.248450,haute
BJ-EC6B8F26,Cargo Fret,Transport & Logistique,Allada,+229 73 56 18 80,,cargofret.bj,PME (10-50),B2B,LinkedIn,,Actif,2026-06-29T00:22:55.248462,moyenne
BJ-68021956,Cargo Particulier Allada,Transport & Logistique,Allada,+229 68 43 15 94,cargo.particulier@cargoparticulie.org.bj,cargoparticulierallada.bj,TPE (<10),B2C,LinkedIn,,Actif,2026-06-29T00:22:55.248478,haute
BJ-5D82FEC7,Express Allada,Transport & Logistique,Allada,+229 63 84 38 24,e.allada@expressallada.bj,expressallada.bj,PME (10-50),B2B,LinkedIn,,Actif,2026-06-29T00:22:55.248496,haute
BJ-C668AE9C,Express Public,Transport & Logistique,Allada,+229 52 93 39 54,express.public@expresspublic.org.bj,expresspublic.bj,PME (50-200),B2B,LinkedIn,,Actif,2026-06-29T00:22:55.248512,haute
BJ-1285D16E,Transport Entrepôt,Transport & Logistique,Aplahoué,+229 58 45 69 51,t.entrepôt@yahoo.com,transportentrepôt.bj,Grande (>200),B2B,LinkedIn,,Actif,2026-06-29T00:22:55.248537,haute
BJ-0849CD98,Messagerie Express,Transport & Logistique,Aplahoué,+229 59 14 27 95,messagerie.express@yahoo.fr,,Grande (>200),B2B,LinkedIn,,Actif,2026-06-29T00:22:55.248554,moyenne
BJ-61BF4BEF,Cargo Portuaire Freight Aplahoué,Transport & Logistique,Aplahoué,+229 32 44 24 56,cargo.portuaire@cargoportuairef.bj,cargoportuairefreightaplahoué.bj,TPE (<10),B2C,LinkedIn,,Actif,2026-06-29T00:22:55.248576,haute
BJ-0A292DE4,Portuaire Bénin Aplahoué,Transport & Logistique,Aplahoué,+229 63 22 29 41,,,TPE (<10),B2C,LinkedIn,,Actif,2026-06-29T00:22:55.248588,basse
BJ-B86DB8E1,Transit Affrètement Cargo,Transport & Logistique,Aplahoué,+229 96 28 11 35,t.affrètement@transitaffrètem.org.bj,transitaffrètementcargo.bj,Grande (>200),B2B,LinkedIn,,Actif,2026-06-29T00:22:55.248607,haute
BJ-D94A499B,Rapide Rapide,Transport & Logistique,Dogbo-Tota,+229 93 94 78 27,,rapiderapide.bj,PME (10-50),B2B,LinkedIn,,Actif,2026-06-29T00:22:55.248627,moyenne
BJ-3E225FB2,Transitaire,Transport & Logistique,Dogbo-Tota,+229 58 36 90 48,transitaire@transitaire.com.bj,transitaire.bj,Grande (>200),B2B,LinkedIn,,Actif,2026-06-29T00:22:55.248641,haute
BJ-6A106831,Delivery Douane Freight,Transport & Logistique,Dogbo-Tota,+229 86 64 49 96,delivery.douane@gmail.com,deliverydouanefreight.bj,PME (10-50),B2C,LinkedIn,,Actif,2026-06-29T00:22:55.248658,haute
BJ-E5B6ABEC,Messagerie Route,Transport & Logistique,Dogbo-Tota,+229 68 96 22 39,messagerieroute@messagerieroute.org.bj,messagerieroute.bj,PME (10-50),B2C,LinkedIn,,Actif,2026-06-29T00:22:55.248677,haute
BJ-AF6B3071,Douane,Transport & Logistique,Dogbo-Tota,+229 85 87 19 13,,,PME (50-200),B2B,LinkedIn,,Actif,2026-06-29T00:22:55.248689,basse
BJ-7514FEA6,Déménagement International,Transport & Logistique,Kpomassè,+229 20 71 20 72,déménagementinternational@déménagementint.com.bj,déménagementinternational.bj,PME (10-50),B2B,LinkedIn,,Actif,2026-06-29T00:22:55.248714,haute
BJ-40027E67,Courrier,Transport & Logistique,Kpomassè,+229 83 65 17 87,courrier@courrier.com.bj,,TPE (<10),B2C,LinkedIn,,Actif,2026-06-29T00:22:55.248728,moyenne
BJ-9BA0BBB5,Groupe Déménagement Transport,Transport & Logistique,Kpomassè,+229 24 23 49 20,g.déménagement@outlook.com,,PME (10-50),B2C,LinkedIn,,Actif,2026-06-29T00:22:55.248748,moyenne
BJ-86F3DCB4,Fret Véhicule,Transport & Logistique,Kpomassè,+229 47 49 32 82,f.véhicule@fretvéhicule.org.bj,,PME (10-50),B2C,LinkedIn,,Actif,2026-06-29T00:22:55.248766,moyenne
BJ-0A3EDD9C,Courrier Freight,Transport & Logistique,Kpomassè,+229 87 55 89 10,,,PME (10-50),B2B,LinkedIn,,Actif,2026-06-29T00:22:55.248777,basse
BJ-17A75BA0,Fret Car,Transport & Logistique,Tori-Bossito,+229 59 60 24 77,f.car@fretcar.org.bj,fretcar.bj,Grande (>200),B2C,LinkedIn,,Actif,2026-06-29T00:22:55.248800,haute
BJ-C938E137,Groupe Chaîne Africa,Transport & Logistique,Tori-Bossito,+229 68 49 38 92,groupechaîne@groupechaîneafr.org.bj,,TPE (<10),B2C,LinkedIn,,Actif,2026-06-29T00:22:55.248817,moyenne
BJ-97BB3814,Fret Particulier Cargo,Transport & Logistique,Tori-Bossito,+229 32 61 40 19,fret.particulier@fretparticulier.com.bj,,TPE (<10),B2B,LinkedIn,,Actif,2026-06-29T00:22:55.248834,moyenne
BJ-6A558152,Rapide Transport,Transport & Logistique,Tori-Bossito,+229 34 23 39 25,rapide.transport@rapidetransport.org.bj,rapidetransport.bj,PME (10-50),B2B,LinkedIn,,Actif,2026-06-29T00:22:55.248850,haute
BJ-B3C6271C,Transit,Transport & Logistique,Tori-Bossito,+229 48 85 61 97,transit@yahoo.com,transit.bj,Grande (>200),B2C,LinkedIn,,Actif,2026-06-29T00:22:55.248864,haute
BJ-DF8C0BC1,SARL Transit SARL,Transport & Logistique,Grand-Popo,+229 45 25 10 87,sarltransit@sarltransitsarl.bj,,PME (10-50),B2C,LinkedIn,,Actif,2026-06-29T00:22:55.248886,moyenne
BJ-B7591798,Groupe Rapide,Transport & Logistique,Grand-Popo,+229 82 64 52 58,,grouperapide.bj,TPE (<10),B2C,LinkedIn,,Actif,2026-06-29T00:22:55.248922,moyenne
BJ-527870D8,Express Livraison Express,Transport & Logistique,Grand-Popo,+229 50 21 84 24,expresslivraison@expresslivraiso.bj,expresslivraisonexpress.bj,PME (50-200),B2C,LinkedIn,,Actif,2026-06-29T00:22:55.248948,haute
BJ-3E15C88D,Logistique Poids Grand-Popo,Transport & Logistique,Grand-Popo,+229 76 13 83 94,,logistiquepoidsgrandpopo.bj,TPE (<10),B2C,LinkedIn,,Actif,2026-06-29T00:22:55.248961,moyenne
BJ-65352136,Messagerie Lourd Shipping Grand-Popo,Transport & Logistique,Grand-Popo,+229 99 84 60 25,messagerielourd@messagerielourd.org.bj,messagerielourdshippinggrandpopo.bj,TPE (<10),B2B,LinkedIn,,Actif,2026-06-29T00:22:55.248982,haute
BJ-AC24CB47,Rapide Bus SARL Athiémé,Transport & Logistique,Athiémé,+229 66 62 59 15,r.bus@gmail.com,,TPE (<10),B2B,LinkedIn,,Actif,2026-06-29T00:22:55.249009,moyenne
BJ-8AB6C3CD,Poids Athiémé,Transport & Logistique,Athiémé,+229 88 64 98 40,,poidsathiémé.bj,TPE (<10),B2C,LinkedIn,,Actif,2026-06-29T00:22:55.249037,moyenne
BJ-A3FB4ED4,Transit Colis SARL,Transport & Logistique,Athiémé,+229 39 33 10 25,t.colis@gmail.com,,PME (10-50),B2B,LinkedIn,,Actif,2026-06-29T00:22:55.249053,moyenne
BJ-B82B6CD0,Delivery Cargo,Transport & Logistique,Athiémé,+229 56 98 23 29,,deliverycargo.bj,TPE (<10),B2C,LinkedIn,,Actif,2026-06-29T00:22:55.249065,moyenne
BJ-EF7CDEAA,Groupe Transport Bopa,Transport & Logistique,Bopa,+229 33 80 23 38,g.transport@yahoo.com,,PME (10-50),B2C,LinkedIn,,Actif,2026-06-29T00:22:55.249086,moyenne
BJ-E2AA2202,Conteneur International,Transport & Logistique,Bopa,+229 62 70 74 31,conteneur.international@conteneurintern.bj,,PME (50-200),B2B,LinkedIn,,Actif,2026-06-29T00:22:55.249102,moyenne
BJ-35877E8C,Messagerie,Transport & Logistique,Bopa,+229 44 70 17 72,messagerie@gmail.com,messagerie.bj,PME (10-50),B2C,LinkedIn,,Actif,2026-06-29T00:22:55.249119,haute
BJ-8380A9B4,Rapide Taxi SARL Bopa,Transport & Logistique,Bopa,+229 92 76 90 50,rapidetaxi@rapidetaxisarlb.org.bj,,TPE (<10),B2C,LinkedIn,,Actif,2026-06-29T00:22:55.249135,moyenne
BJ-FBE42EEA,Fret Lourd Bopa,Transport & Logistique,Bopa,+229 50 39 93 57,,fretlourdbopa.bj,Grande (>200),B2C,LinkedIn,,Actif,2026-06-29T00:22:55.249147,moyenne
BJ-01156961,SARL Cargo Bénin,Transport & Logistique,Houéyogbé,+229 66 90 65 14,sarlcargo@yahoo.fr,sarlcargobénin.bj,Grande (>200),B2C,LinkedIn,,Actif,2026-06-29T00:22:55.249171,haute
BJ-F9A4B854,Rapide Véhicule,Transport & Logistique,Houéyogbé,+229 98 12 67 16,,rapidevéhicule.bj,TPE (<10),B2B,LinkedIn,,Actif,2026-06-29T00:22:55.249183,moyenne
BJ-7DD2DDAC,SARL Particulier,Transport & Logistique,Houéyogbé,+229 99 85 62 89,s.particulier@sarlparticulier.bj,sarlparticulier.bj,Grande (>200),B2C,LinkedIn,,Actif,2026-06-29T00:22:55.249198,haute
BJ-CDBDE4DA,Cargo Houéyogbé,Transport & Logistique,Houéyogbé,+229 68 29 70 11,c.houéyogbé@cargohouéyogbé.bj,cargohouéyogbé.bj,PME (10-50),B2B,LinkedIn,,Actif,2026-06-29T00:22:55.249216,haute
BJ-E128968C,Rapide VTC,Transport & Logistique,Malanville,+229 84 77 74 11,rapidevtc@rapidevtc.com.bj,,PME (10-50),B2C,LinkedIn,,Actif,2026-06-29T00:22:55.249255,moyenne
BJ-75126CDF,Transport Colis,Transport & Logistique,Malanville,+229 42 42 70 38,transport.colis@transportcolis.org.bj,,TPE (<10),B2C,LinkedIn,,Actif,2026-06-29T00:22:55.249272,moyenne
BJ-A65DF216,Messagerie Courtage International,Transport & Logistique,Malanville,+229 89 19 49 65,messageriecourtage@messageriecourt.org.bj,,PME (10-50),B2C,LinkedIn,,Actif,2026-06-29T00:22:55.249306,moyenne
BJ-C8C63978,Transit Paquet Malanville,Transport & Logistique,Malanville,+229 80 34 78 84,,,PME (50-200),B2B,LinkedIn,,Actif,2026-06-29T00:22:55.249320,basse
BJ-847274CC,Route,Transport & Logistique,Kandi,+229 60 43 66 61,route@hotmail.com,route.bj,PME (10-50),B2C,LinkedIn,,Actif,2026-06-29T00:22:55.249341,haute
BJ-95BBC3E7,Transit Colis Transport,Transport & Logistique,Kandi,+229 40 83 98 34,,transitcolistransport.bj,PME (10-50),B2C,LinkedIn,,Actif,2026-06-29T00:22:55.249353,moyenne
BJ-F7369B2B,Express Transitaire SARL,Transport & Logistique,Kandi,+229 70 28 88 69,expresstransitaire@hotmail.com,expresstransitairesarl.bj,PME (10-50),B2B,LinkedIn,,Actif,2026-06-29T00:22:55.249382,haute
BJ-D82916BF,Transport Chambre,Transport & Logistique,Kandi,+229 65 65 63 74,transportchambre@outlook.com,transportchambre.bj,TPE (<10),B2B,LinkedIn,,Actif,2026-06-29T00:22:55.249397,haute
BJ-59A938C0,Transport Messagerie,Transport & Logistique,Banikoara,+229 78 43 11 78,transport_messagerie@transportmessag.org.bj,,PME (10-50),B2B,LinkedIn,,Actif,2026-06-29T00:22:55.249419,moyenne
BJ-54892908,Navire Logistique,Transport & Logistique,Banikoara,+229 79 97 95 85,,navirelogistique.bj,TPE (<10),B2B,LinkedIn,,Actif,2026-06-29T00:22:55.249431,moyenne
BJ-48B52A20,Transit Logistique,Transport & Logistique,Banikoara,+229 71 26 86 18,,transitlogistique.bj,PME (50-200),B2C,LinkedIn,,Actif,2026-06-29T00:22:55.249446,moyenne
BJ-8BEC6A3A,Express Chain Logistique,Transport & Logistique,Banikoara,+229 39 40 77 95,,expresschainlogistique.bj,PME (10-50),B2B,LinkedIn,,Actif,2026-06-29T00:22:55.249461,moyenne
BJ-13B5FA9D,Colis International,Transport & Logistique,Banikoara,+229 67 11 87 11,,,PME (10-50),B2B,LinkedIn,,Actif,2026-06-29T00:22:55.249472,basse
BJ-B125A581,SARL Camion Shipping Ségbana,Transport & Logistique,Ségbana,+229 87 19 16 78,,,PME (50-200),B2C,LinkedIn,,Actif,2026-06-29T00:22:55.249490,basse
BJ-829D0E57,Navire,Transport & Logistique,Ségbana,+229 86 95 38 66,navire@navire.com.bj,,PME (50-200),B2B,LinkedIn,,Actif,2026-06-29T00:22:55.249504,moyenne
BJ-3279CEBA,Conteneur,Transport & Logistique,Ségbana,+229 94 61 20 35,,,PME (50-200),B2B,LinkedIn,,Actif,2026-06-29T00:22:55.249514,basse
BJ-1821F706,Cargo Affrètement Logistique,Transport & Logistique,Ségbana,+229 50 64 46 36,c.affrètement@cargoaffrètemen.org.bj,,TPE (<10),B2C,LinkedIn,,Actif,2026-06-29T00:22:55.249533,moyenne
BJ-03C276FC,Delivery Stockage Express,Transport & Logistique,Ségbana,+229 50 85 97 62,delivery.stockage@gmail.com,deliverystockageexpress.bj,TPE (<10),B2C,LinkedIn,,Actif,2026-06-29T00:22:55.249549,haute
BJ-BF3B15E0,Colis Shipping,Transport & Logistique,Karimama,+229 98 59 64 74,,,PME (50-200),B2B,LinkedIn,,Actif,2026-06-29T00:22:55.249567,basse
BJ-8EDE169F,Transport Rapide Express,Transport & Logistique,Karimama,+229 91 37 53 16,,,TPE (<10),B2C,LinkedIn,,Actif,2026-06-29T00:22:55.249578,basse
BJ-2EA162A8,Delivery Distribution Bénin,Transport & Logistique,Karimama,+229 57 13 33 32,d.distribution@hotmail.com,deliverydistributionbénin.bj,TPE (<10),B2C,LinkedIn,,Actif,2026-06-29T00:22:55.249599,haute
BJ-6F9B6E72,Delivery Rapide Karimama,Transport & Logistique,Karimama,+229 46 40 33 67,delivery_rapide@gmail.com,deliveryrapidekarimama.bj,TPE (<10),B2B,LinkedIn,,Actif,2026-06-29T00:22:55.249615,haute
BJ-3EE9ED32,Fret Douane Bénin,Transport & Logistique,Karimama,+229 33 87 55 21,,,Grande (>200),B2C,LinkedIn,,Actif,2026-06-29T00:22:55.249627,basse
BJ-D669FC61,Groupe Express,Transport & Logistique,Gogounou,+229 64 80 91 44,,,TPE (<10),B2C,LinkedIn,,Actif,2026-06-29T00:22:55.249648,basse
BJ-C4DC374B,Transport Shipping,Transport & Logistique,Gogounou,+229 31 24 98 82,transport.shipping@outlook.com,transportshipping.bj,TPE (<10),B2B,LinkedIn,,Actif,2026-06-29T00:22:55.249664,haute
BJ-634D33A0,Supply,Transport & Logistique,Gogounou,+229 36 31 74 46,supply@hotmail.com,supply.bj,TPE (<10),B2C,LinkedIn,,Actif,2026-06-29T00:22:55.249677,haute
BJ-DD825460,Supply Bénin,Transport & Logistique,Gogounou,+229 81 66 52 67,s.bénin@yahoo.com,supplybénin.bj,Grande (>200),B2C,LinkedIn,,Actif,2026-06-29T00:22:55.249698,haute
BJ-245536B3,Envoi,Transport & Logistique,Gogounou,+229 68 77 99 49,envoi@envoi.bj,envoi.bj,PME (50-200),B2B,LinkedIn,,Actif,2026-06-29T00:22:55.249712,haute
BJ-AD838F94,Taxi Transport,Transport & Logistique,Cobly,+229 62 55 16 95,taxitransport@gmail.com,,Grande (>200),B2B,LinkedIn,,Actif,2026-06-29T00:22:55.249733,moyenne
BJ-53298DBE,Particulier Shipping,Transport & Logistique,Cobly,+229 80 66 32 76,particulier.shipping@particuliership.org.bj,,TPE (<10),B2C,LinkedIn,,Actif,2026-06-29T00:22:55.249771,moyenne
BJ-0046DFB8,Rapide Aérien,Transport & Logistique,Tanguiéta,+229 64 27 59 80,rapide.aérien@rapideaérien.org.bj,rapideaérien.bj,PME (10-50),B2B,LinkedIn,,Actif,2026-06-29T00:22:55.249824,haute
BJ-B9CD3F01,Delivery Particulier,Transport & Logistique,Tanguiéta,+229 90 37 15 90,d.particulier@yahoo.com,deliveryparticulier.bj,PME (50-200),B2C,LinkedIn,,Actif,2026-06-29T00:22:55.249840,haute
BJ-B5AA9524,SARL Navire SARL Tanguiéta,Transport & Logistique,Tanguiéta,+229 35 26 76 84,s.navire@yahoo.fr,,PME (10-50),B2B,LinkedIn,,Actif,2026-06-29T00:22:55.249856,moyenne
BJ-AF5D4E14,Fret Cargo,Transport & Logistique,Tanguiéta,+229 66 26 12 90,fret.cargo@fretcargo.org.bj,fretcargo.bj,PME (10-50),B2B,LinkedIn,,Actif,2026-06-29T00:22:55.249871,haute
BJ-09239CD3,SARL Froid Freight,Transport & Logistique,Tanguiéta,+229 96 40 47 80,,sarlfroidfreight.bj,Grande (>200),B2C,LinkedIn,,Actif,2026-06-29T00:22:55.249882,moyenne
BJ-B353530E,VTC Freight Matéri,Transport & Logistique,Matéri,+229 93 98 40 59,vtc.freight@vtcfreightmatér.com.bj,vtcfreightmatéri.bj,TPE (<10),B2B,LinkedIn,,Actif,2026-06-29T00:22:55.249919,haute
BJ-7013302C,Rapide Urgent Transport,Transport & Logistique,Matéri,+229 25 20 25 45,rapide.urgent@rapideurgenttra.org.bj,,TPE (<10),B2C,LinkedIn,,Actif,2026-06-29T00:22:55.249935,moyenne
BJ-E1208348,Portuaire,Transport & Logistique,Matéri,+229 78 69 63 54,,portuaire.bj,TPE (<10),B2C,LinkedIn,,Actif,2026-06-29T00:22:55.249951,moyenne
BJ-2B8035BA,Public Freight,Transport & Logistique,Matéri,+229 72 97 19 69,p.freight@yahoo.com,publicfreight.bj,TPE (<10),B2C,LinkedIn,,Actif,2026-06-29T00:22:55.249966,haute
BJ-16F08EEA,Logistique Stockage,Transport & Logistique,Matéri,+229 72 91 22 93,,logistiquestockage.bj,TPE (<10),B2C,LinkedIn,,Actif,2026-06-29T00:22:55.249980,moyenne
BJ-50DF6EF6,Fret Express Bénin,Transport & Logistique,Natitingou,+229 30 87 25 16,fretexpress@hotmail.com,,PME (50-200),B2C,LinkedIn,,Actif,2026-06-29T00:22:55.250003,moyenne
BJ-E4C91C08,Cargo Colis,Transport & Logistique,Natitingou,+229 26 58 98 13,cargocolis@gmail.com,cargocolis.bj,PME (10-50),B2C,LinkedIn,,Actif,2026-06-29T00:22:55.250019,haute
BJ-EBB90E69,Entrepôt Logistique Natitingou,Transport & Logistique,Natitingou,+229 57 69 13 23,entrepôt_logistique@entrepôtlogisti.bj,entrepôtlogistiquenatitingou.bj,PME (50-200),B2C,LinkedIn,,Actif,2026-06-29T00:22:55.250037,haute
BJ-417FBCCB,Warehousing Cargo,Transport & Logistique,Natitingou,+229 42 64 69 36,warehousing.cargo@outlook.com,,TPE (<10),B2C,LinkedIn,,Actif,2026-06-29T00:22:55.250052,moyenne
BJ-E4444448,Cargo Cargo,Transport & Logistique,Toucountouna,+229 50 40 94 44,cargocargo@cargocargo.org.bj,cargocargo.bj,Grande (>200),B2B,LinkedIn,,Actif,2026-06-29T00:22:55.250088,haute
BJ-53E44AD1,Fret Cargo Shipping,Transport & Logistique,Toucountouna,+229 53 24 51 21,fretcargo@fretcargoshippi.org.bj,,PME (10-50),B2C,LinkedIn,,Actif,2026-06-29T00:22:55.250103,moyenne
BJ-12F4E61A,Envoi Africa,Transport & Logistique,Toucountouna,+229 22 40 70 44,e.africa@gmail.com,envoiafrica.bj,PME (50-200),B2B,LinkedIn,,Actif,2026-06-29T00:22:55.250121,haute
BJ-6DE225F3,Transport Public,Transport & Logistique,Toucountouna,+229 91 33 18 11,,transportpublic.bj,TPE (<10),B2B,LinkedIn,,Actif,2026-06-29T00:22:55.250133,moyenne
BJ-6BCA1C09,Conteneur Africa,Transport & Logistique,Toucountouna,+229 65 17 94 83,conteneurafrica@gmail.com,,PME (10-50),B2B,LinkedIn,,Actif,2026-06-29T00:22:55.250147,moyenne
BJ-76E7A5D0,Groupe Navire International,Transport & Logistique,Boukoumbé,+229 89 36 38 61,,groupenavireinternational.bj,TPE (<10),B2C,LinkedIn,,Actif,2026-06-29T00:22:55.250177,moyenne
BJ-DA830DDA,Fret Supply,Transport & Logistique,Boukoumbé,+229 68 73 43 24,,fretsupply.bj,PME (10-50),B2C,LinkedIn,,Actif,2026-06-29T00:22:55.250188,moyenne
BJ-467D5415,Transitaire,Transport & Logistique,Boukoumbé,+229 64 36 72 70,,transitaire.bj,TPE (<10),B2C,LinkedIn,,Actif,2026-06-29T00:22:55.250200,moyenne
BJ-D88F42AA,Transport Urgent,Transport & Logistique,Boukoumbé,+229 88 96 86 46,transporturgent@yahoo.com,transporturgent.bj,TPE (<10),B2C,LinkedIn,,Actif,2026-06-29T00:22:55.250218,haute
BJ-7A563176,Fret Transport Kouandé,Transport & Logistique,Kouandé,+229 32 71 33 17,fret.transport@frettransportko.bj,frettransportkouandé.bj,PME (10-50),B2B,LinkedIn,,Actif,2026-06-29T00:22:55.250246,haute
BJ-F6900501,Transport Car,Transport & Logistique,Kouandé,+229 67 56 29 67,transport.car@transportcar.org.bj,transportcar.bj,Grande (>200),B2B,LinkedIn,,Actif,2026-06-29T00:22:55.250264,haute
BJ-0EC348C0,Groupe Courtage Kouandé,Transport & Logistique,Kouandé,+229 81 44 65 72,groupecourtage@groupecourtagek.com.bj,groupecourtagekouandé.bj,PME (10-50),B2C,LinkedIn,,Actif,2026-06-29T00:22:55.250285,haute
BJ-D509F95A,Groupe Transit Africa,Transport & Logistique,Kouandé,+229 99 98 81 28,groupe.transit@groupetransitaf.org.bj,groupetransitafrica.bj,TPE (<10),B2B,LinkedIn,,Actif,2026-06-29T00:22:55.250302,haute
BJ-B5388140,Affrètement Kouandé,Transport & Logistique,Kouandé,+229 96 26 51 84,affrètementkouandé@affrètementkoua.bj,,PME (10-50),B2C,LinkedIn,,Actif,2026-06-29T00:22:55.250320,moyenne
BJ-06F0358B,Camion Cargo,Transport & Logistique,Péhunco,+229 52 27 26 20,camioncargo@gmail.com,,TPE (<10),B2B,LinkedIn,,Actif,2026-06-29T00:22:55.250341,moyenne
BJ-613E7569,Rapide Chambre,Transport & Logistique,Péhunco,+229 46 29 40 29,rapidechambre@yahoo.com,rapidechambre.bj,Grande (>200),B2C,LinkedIn,,Actif,2026-06-29T00:22:55.250357,haute
BJ-D3CCD5B6,Lourd Transport,Transport & Logistique,Péhunco,+229 36 38 18 74,l.transport@lourdtransport.org.bj,,PME (10-50),B2B,LinkedIn,,Actif,2026-06-29T00:22:55.250372,moyenne
BJ-2461AB22,Messagerie Bénin,Transport & Logistique,Péhunco,+229 41 62 89 76,,,TPE (<10),B2C,LinkedIn,,Actif,2026-06-29T00:22:55.250383,basse
BJ-1DCD2B99,Urgent,Transport & Logistique,Péhunco,+229 53 59 24 90,urgent@urgent.bj,urgent.bj,TPE (<10),B2B,LinkedIn,,Actif,2026-06-29T00:22:55.250397,haute
BJ-DDF2A987,Utilitaire,Transport & Logistique,Tchaourou,+229 33 21 35 52,,utilitaire.bj,PME (50-200),B2C,LinkedIn,,Actif,2026-06-29T00:22:55.250415,moyenne
BJ-96A197E4,Envoi,Transport & Logistique,Tchaourou,+229 44 37 85 82,envoi@hotmail.com,,PME (10-50),B2C,LinkedIn,,Actif,2026-06-29T00:22:55.250428,moyenne
BJ-5E0C99BA,Express Fret SARL,Transport & Logistique,Tchaourou,+229 71 39 65 84,expressfret@yahoo.com,expressfretsarl.bj,TPE (<10),B2C,LinkedIn,,Actif,2026-06-29T00:22:55.250449,haute
BJ-1927F2D6,Courrier Cargo Tchaourou,Transport & Logistique,Tchaourou,+229 32 13 44 50,courrier.cargo@courriercargotc.com.bj,,TPE (<10),B2B,LinkedIn,,Actif,2026-06-29T00:22:55.250466,moyenne
BJ-B8633701,Fret Express International,Transport & Logistique,Tchaourou,+229 34 42 19 24,,fretexpressinternational.bj,Grande (>200),B2B,LinkedIn,,Actif,2026-06-29T00:22:55.250477,moyenne
BJ-8897A584,Transit Bateau Transport,Transport & Logistique,Nikki,+229 97 83 80 97,transit.bateau@outlook.com,transitbateautransport.bj,Grande (>200),B2C,LinkedIn,,Actif,2026-06-29T00:22:55.250499,haute
BJ-5EF49DF4,Livraison Nikki,Transport & Logistique,Nikki,+229 73 39 27 40,,livraisonnikki.bj,TPE (<10),B2B,LinkedIn,,Actif,2026-06-29T00:22:55.250511,moyenne
BJ-39FA0C47,Chaîne,Transport & Logistique,Nikki,+229 45 24 12 10,chaîne@hotmail.com,chaîne.bj,PME (10-50),B2B,LinkedIn,,Actif,2026-06-29T00:22:55.250526,haute
BJ-91F29E2D,Messagerie Affrètement Bénin,Transport & Logistique,Nikki,+229 78 10 68 38,messagerie.affrètement@hotmail.com,,TPE (<10),B2C,LinkedIn,,Actif,2026-06-29T00:22:55.250546,moyenne
BJ-740A5DCB,Fret Colis Express,Transport & Logistique,Nikki,+229 68 67 16 38,f.colis@yahoo.fr,fretcolisexpress.bj,PME (10-50),B2B,LinkedIn,,Actif,2026-06-29T00:22:55.250562,haute
BJ-EDD35BFD,Fret Warehousing International,Transport & Logistique,Bembéréké,+229 52 54 16 46,fret.warehousing@fretwarehousing.org.bj,fretwarehousinginternational.bj,PME (50-200),B2B,LinkedIn,,Actif,2026-06-29T00:22:55.250585,haute
BJ-DC1417CE,VTC Bembéréké,Transport & Logistique,Bembéréké,+229 33 53 74 90,v.bembéréké@vtcbembéréké.bj,vtcbembéréké.bj,PME (10-50),B2B,LinkedIn,,Actif,2026-06-29T00:22:55.250608,haute
BJ-EB3B4DF7,Colis Bembéréké,Transport & Logistique,Bembéréké,+229 21 21 70 64,c.bembéréké@hotmail.com,colisbembéréké.bj,PME (50-200),B2B,LinkedIn,,Actif,2026-06-29T00:22:55.250627,haute
BJ-722BD113,Utilitaire,Transport & Logistique,Bembéréké,+229 59 16 99 27,utilitaire@yahoo.com,utilitaire.bj,PME (10-50),B2C,LinkedIn,,Actif,2026-06-29T00:22:55.250641,haute
BJ-F910ECAE,Colis Africa,Transport & Logistique,Bembéréké,+229 99 92 97 87,,,PME (50-200),B2C,LinkedIn,,Actif,2026-06-29T00:22:55.250653,basse
BJ-DCB18C34,Rapide Cargo,Transport & Logistique,Kalalé,+229 26 57 26 64,rapidecargo@rapidecargo.org.bj,rapidecargo.bj,PME (10-50),B2B,LinkedIn,,Actif,2026-06-29T00:22:55.250693,haute
BJ-C23EEE4D,Bus,Transport & Logistique,Kalalé,+229 98 49 21 75,bus@bus.com.bj,,TPE (<10),B2C,LinkedIn,,Actif,2026-06-29T00:22:55.250706,moyenne
BJ-B9B5025F,SARL Urgent Transport,Transport & Logistique,Kalalé,+229 30 64 16 10,sarl_urgent@sarlurgenttrans.bj,,PME (10-50),B2B,LinkedIn,,Actif,2026-06-29T00:22:55.250726,moyenne
BJ-D69CB2C6,Fret Chambre Delivery,Transport & Logistique,Kalalé,+229 37 99 60 56,fret.chambre@hotmail.com,fretchambredelivery.bj,TPE (<10),B2B,LinkedIn,,Actif,2026-06-29T00:22:55.250741,haute
BJ-6C261D36,Paquet Ndali,Transport & Logistique,Ndali,+229 41 81 84 12,paquetndali@hotmail.com,,PME (10-50),B2B,LinkedIn,,Actif,2026-06-29T00:22:55.250763,moyenne
BJ-2C093F57,Transport Chambre Shipping,Transport & Logistique,Ndali,+229 45 94 99 45,transportchambre@hotmail.com,,PME (10-50),B2B,LinkedIn,,Actif,2026-06-29T00:22:55.250779,moyenne
BJ-73CA686E,Delivery Envoi,Transport & Logistique,Ndali,+229 40 65 26 66,,,PME (10-50),B2C,LinkedIn,,Actif,2026-06-29T00:22:55.250800,basse
BJ-DA3063FC,Livraison Freight,Transport & Logistique,Ndali,+229 90 89 56 39,l.freight@outlook.com,livraisonfreight.bj,PME (50-200),B2B,LinkedIn,,Actif,2026-06-29T00:22:55.250816,haute
BJ-CD033A2C,Particulier Bénin,Transport & Logistique,Ndali,+229 21 47 51 57,particulierbénin@particulierbéni.bj,particulierbénin.bj,PME (10-50),B2B,LinkedIn,,Actif,2026-06-29T00:22:55.250834,haute
BJ-5EE19C85,Taxi Bénin,Transport & Logistique,Ségbana,+229 98 65 74 82,,taxibénin.bj,PME (50-200),B2C,LinkedIn,,Actif,2026-06-29T00:22:55.250853,moyenne
BJ-82B54D3F,SARL Chaîne,Transport & Logistique,Ségbana,+229 64 57 64 92,s.chaîne@outlook.com,,PME (10-50),B2C,LinkedIn,,Actif,2026-06-29T00:22:55.250869,moyenne
BJ-281D72EF,Douane,Transport & Logistique,Ségbana,+229 64 78 88 34,douane@gmail.com,,PME (50-200),B2B,LinkedIn,,Actif,2026-06-29T00:22:55.250883,moyenne
BJ-B184AB75,Camion Ségbana,Transport & Logistique,Ségbana,+229 37 58 40 25,camionségbana@yahoo.fr,,PME (50-200),B2C,LinkedIn,,Actif,2026-06-29T00:22:55.250910,moyenne
BJ-72430594,Fret Entrepôt Freight,Transport & Logistique,Ségbana,+229 57 54 72 56,,fretentrepôtfreight.bj,TPE (<10),B2C,LinkedIn,,Actif,2026-06-29T00:22:55.250924,moyenne
BJ-DE570374,Express Courtage,Transport & Logistique,Tchaourou,+229 86 71 38 72,express.courtage@expresscourtage.com.bj,expresscourtage.bj,TPE (<10),B2C,LinkedIn,,Actif,2026-06-29T00:22:55.250947,haute
BJ-7A141ABF,Transit Chain,Transport & Logistique,Tchaourou,+229 20 12 70 57,transitchain@gmail.com,transitchain.bj,PME (10-50),B2B,LinkedIn,,Actif,2026-06-29T00:22:55.250963,haute
BJ-6F46D4BA,Cargo Lourd SARL,Transport & Logistique,Tchaourou,+229 22 85 10 24,cargo.lourd@yahoo.fr,cargolourdsarl.bj,PME (10-50),B2C,LinkedIn,,Actif,2026-06-29T00:22:55.250981,haute
BJ-92DA6C0E,Stockage Logistique Tchaourou,Transport & Logistique,Tchaourou,+229 69 96 47 58,,stockagelogistiquetchaourou.bj,TPE (<10),B2C,LinkedIn,,Actif,2026-06-29T00:22:55.250999,moyenne
BJ-2103A33B,Entrepôt Cargo,Transport & Logistique,Tchaourou,+229 64 63 18 84,entrepôt_cargo@gmail.com,entrepôtcargo.bj,TPE (<10),B2B,LinkedIn,,Actif,2026-06-29T00:22:55.251017,haute
BJ-F3D9CCD2,Camion Express,Transport & Logistique,Bétérou,+229 76 64 88 60,camion.express@camionexpress.org.bj,camionexpress.bj,TPE (<10),B2B,LinkedIn,,Actif,2026-06-29T00:22:55.251040,haute
BJ-3895DE27,Fret Chaîne International,Transport & Logistique,Bétérou,+229 98 16 10 79,fretchaîne@yahoo.fr,fretchaîneinternational.bj,TPE (<10),B2B,LinkedIn,,Actif,2026-06-29T00:22:55.251071,haute
BJ-8A782ACE,Express Utilitaire,Transport & Logistique,Bétérou,+229 40 98 61 88,expressutilitaire@expressutilitai.com.bj,,PME (10-50),B2B,LinkedIn,,Actif,2026-06-29T00:22:55.251087,moyenne
BJ-9206CCFF,Warehousing Logistique Ouessè,Transport & Logistique,Ouessè,+229 49 90 57 84,warehousing.logistique@hotmail.com,,PME (10-50),B2C,LinkedIn,,Actif,2026-06-29T00:22:55.251126,moyenne
BJ-700CFB32,Chambre Transport,Transport & Logistique,Ouessè,+229 77 16 66 39,chambre.transport@yahoo.fr,,TPE (<10),B2C,LinkedIn,,Actif,2026-06-29T00:22:55.251140,moyenne
BJ-A883430E,Fret International,Transport & Logistique,Ouessè,+229 20 32 64 48,fretinternational@fretinternation.bj,,PME (50-200),B2C,LinkedIn,,Actif,2026-06-29T00:22:55.251158,moyenne
BJ-1B20288D,Fret Express Ouessè,Transport & Logistique,Ouessè,+229 36 48 12 40,,fretexpressouessè.bj,PME (50-200),B2B,LinkedIn,,Actif,2026-06-29T00:22:55.251171,moyenne
BJ-FE7B25E2,Logistique Public Bénin,Transport & Logistique,Ouessè,+229 37 33 39 63,,logistiquepublicbénin.bj,TPE (<10),B2C,LinkedIn,,Actif,2026-06-29T00:22:55.251185,moyenne
BJ-EDCCA363,Warehousing Express,Transport & Logistique,Glazoué,+229 28 24 44 61,warehousingexpress@hotmail.com,,PME (50-200),B2B,LinkedIn,,Actif,2026-06-29T00:22:55.251207,moyenne
BJ-F6D015CB,Fret Transitaire Cargo,Transport & Logistique,Glazoué,+229 28 54 88 58,fret.transitaire@frettransitaire.bj,frettransitairecargo.bj,TPE (<10),B2B,LinkedIn,,Actif,2026-06-29T00:22:55.251222,haute
BJ-6B0DAAC8,Conteneur SARL Glazoué,Transport & Logistique,Glazoué,+229 50 63 98 80,conteneursarl@yahoo.com,,TPE (<10),B2C,LinkedIn,,Actif,2026-06-29T00:22:55.251238,moyenne
BJ-9D2406D1,Particulier,Transport & Logistique,Glazoué,+229 66 42 81 62,particulier@particulier.org.bj,particulier.bj,TPE (<10),B2C,LinkedIn,,Actif,2026-06-29T00:22:55.251251,haute
BJ-5A4CE9B3,Camion Africa,Transport & Logistique,Glazoué,+229 62 52 66 12,,camionafrica.bj,PME (10-50),B2B,LinkedIn,,Actif,2026-06-29T00:22:55.251269,moyenne
BJ-F4BBC0F0,Logistique Transport,Transport & Logistique,Dassa-Zoumè,+229 31 37 39 86,,logistiquetransport.bj,PME (10-50),B2C,LinkedIn,,Actif,2026-06-29T00:22:55.251288,moyenne
BJ-08D5DA2E,Express Livraison SARL,Transport & Logistique,Dassa-Zoumè,+229 96 27 89 59,,expresslivraisonsarl.bj,PME (10-50),B2C,LinkedIn,,Actif,2026-06-29T00:22:55.251301,moyenne
BJ-E9974D41,Paquet,Transport & Logistique,Dassa-Zoumè,+229 64 16 27 18,paquet@paquet.com.bj,,PME (10-50),B2B,LinkedIn,,Actif,2026-06-29T00:22:55.251318,moyenne
BJ-F73E45F8,Delivery Stockage Cargo,Transport & Logistique,Dassa-Zoumè,+229 78 17 49 37,d.stockage@deliverystockag.com.bj,,TPE (<10),B2B,LinkedIn,,Actif,2026-06-29T00:22:55.251343,moyenne
BJ-7AB09D71,Fret Savalou,Transport & Logistique,Savalou,+229 59 37 27 36,fret.savalou@gmail.com,fretsavalou.bj,Grande (>200),B2C,LinkedIn,,Actif,2026-06-29T00:22:55.251413,haute
BJ-FBCEEA76,Rapide Douane,Transport & Logistique,Savalou,+229 41 27 36 88,rapidedouane@gmail.com,,TPE (<10),B2C,LinkedIn,,Actif,2026-06-29T00:22:55.251436,moyenne
BJ-1E2E5B0E,Courtage Bénin Savalou,Transport & Logistique,Savalou,+229 69 41 39 52,c.bénin@courtagebéninsa.org.bj,courtagebéninsavalou.bj,PME (50-200),B2C,LinkedIn,,Actif,2026-06-29T00:22:55.251469,haute
BJ-C7F10CCE,Transit Navire,Transport & Logistique,Savalou,+229 44 51 57 11,,transitnavire.bj,PME (10-50),B2B,LinkedIn,,Actif,2026-06-29T00:22:55.251491,moyenne
BJ-C3004891,Delivery Messagerie,Transport & Logistique,Savalou,+229 54 46 12 50,deliverymessagerie@gmail.com,,TPE (<10),B2B,LinkedIn,,Actif,2026-06-29T00:22:55.251515,moyenne
BJ-FEFCDD3D,SARL Stockage,Transport & Logistique,Bantè,+229 72 21 92 27,s.stockage@hotmail.com,,TPE (<10),B2B,LinkedIn,,Actif,2026-06-29T00:22:55.251552,moyenne
BJ-C6EEBDB6,Transit Paquet Bantè,Transport & Logistique,Bantè,+229 22 99 55 13,,,TPE (<10),B2B,LinkedIn,,Actif,2026-06-29T00:22:55.251573,basse
BJ-1ACEDE90,Logistique Douane Freight,Transport & Logistique,Bantè,+229 74 39 85 55,logistique.douane@logistiquedouan.bj,logistiquedouanefreight.bj,TPE (<10),B2B,LinkedIn,,Actif,2026-06-29T00:22:55.251607,haute
BJ-E8941CD5,Fret Express,Transport & Logistique,Bantè,+229 50 75 93 33,fret.express@yahoo.com,,TPE (<10),B2B,LinkedIn,,Actif,2026-06-29T00:22:55.251640,moyenne
BJ-B4731CEB,Paquet Freight,Transport & Logistique,Bantè,+229 72 46 84 27,paquetfreight@hotmail.com,paquetfreight.bj,TPE (<10),B2B,LinkedIn,,Actif,2026-06-29T00:22:55.251667,haute
BJ-0671A184,Cargo Transitaire,Transport & Logistique,Djougou,+229 48 77 48 32,cargotransitaire@cargotransitair.com.bj,,TPE (<10),B2B,LinkedIn,,Actif,2026-06-29T00:22:55.251727,moyenne
BJ-38BF9BD1,Rapide Déménagement Djougou,Transport & Logistique,Djougou,+229 59 22 11 74,r.déménagement@rapidedéménagem.com.bj,rapidedéménagementdjougou.bj,Grande (>200),B2C,LinkedIn,,Actif,2026-06-29T00:22:55.251783,haute
BJ-2413AE7C,Express Aérien Bénin,Transport & Logistique,Djougou,+229 73 70 59 66,express.aérien@expressaérienbé.com.bj,expressaérienbénin.bj,PME (10-50),B2B,LinkedIn,,Actif,2026-06-29T00:22:55.251814,haute
BJ-A5CD2E6C,Stockage,Transport & Logistique,Ouèssè,+229 79 44 75 26,stockage@stockage.com.bj,stockage.bj,PME (10-50),B2B,LinkedIn,,Actif,2026-06-29T00:22:55.251850,haute
BJ-F0D96725,Rapide Colis,Transport & Logistique,Ouèssè,+229 27 23 35 82,,,TPE (<10),B2C,LinkedIn,,Actif,2026-06-29T00:22:55.251879,basse
BJ-7D3F2A42,Transport Urgent International,Transport & Logistique,Ouèssè,+229 96 68 93 72,transporturgent@transporturgent.com.bj,transporturgentinternational.bj,PME (10-50),B2C,LinkedIn,,Actif,2026-06-29T00:22:55.251959,haute
BJ-C4465D97,SARL Stockage SARL Ouèssè,Transport & Logistique,Ouèssè,+229 35 77 62 39,s.stockage@hotmail.com,sarlstockagesarlouèssè.bj,PME (50-200),B2B,LinkedIn,,Actif,2026-06-29T00:22:55.252001,haute
BJ-9326BA0D,Envoi Express,Transport & Logistique,Ouèssè,+229 54 68 83 99,envoi.express@envoiexpress.com.bj,envoiexpress.bj,TPE (<10),B2B,LinkedIn,,Actif,2026-06-29T00:22:55.252036,haute
BJ-D7FC6B89,Conteneur Africa,Transport & Logistique,Bassila,+229 82 71 76 30,conteneur_africa@hotmail.com,conteneurafrica.bj,TPE (<10),B2B,LinkedIn,,Actif,2026-06-29T00:22:55.252091,haute
BJ-86CC969B,Utilitaire,Transport & Logistique,Bassila,+229 56 59 68 42,utilitaire@utilitaire.bj,utilitaire.bj,PME (10-50),B2C,LinkedIn,,Actif,2026-06-29T00:22:55.252115,haute
BJ-4C5EA412,Chaîne Cargo Bassila,Transport & Logistique,Bassila,+229 65 94 49 38,chaînecargo@yahoo.fr,chaînecargobassila.bj,PME (10-50),B2C,LinkedIn,,Actif,2026-06-29T00:22:55.252145,haute
BJ-32AAD6EA,Rapide Bateau Delivery,Transport & Logistique,Bassila,+229 29 41 42 57,rapide.bateau@gmail.com,rapidebateaudelivery.bj,PME (50-200),B2C,LinkedIn,,Actif,2026-06-29T00:22:55.252200,haute
BJ-23002702,Bus,Transport & Logistique,Bassila,+229 51 41 92 33,bus@bus.com.bj,,PME (10-50),B2C,LinkedIn,,Actif,2026-06-29T00:22:55.252244,moyenne
BJ-3FD7AB93,Supply Pehunco,Transport & Logistique,Pehunco,+229 56 83 95 18,supplypehunco@gmail.com,supplypehunco.bj,PME (50-200),B2B,LinkedIn,,Actif,2026-06-29T00:22:55.252310,haute
BJ-9701DA84,Supply SARL,Transport & Logistique,Pehunco,+229 91 33 96 22,supply.sarl@supplysarl.org.bj,supplysarl.bj,TPE (<10),B2B,LinkedIn,,Actif,2026-06-29T00:22:55.252344,haute
BJ-74036265,Groupe Bateau Pehunco,Transport & Logistique,Pehunco,+229 46 85 29 52,groupebateau@groupebateaupeh.bj,groupebateaupehunco.bj,PME (10-50),B2B,LinkedIn,,Actif,2026-06-29T00:22:55.252386,haute
BJ-50BEABD4,Rapide Chain Cargo,Transport & Logistique,Pehunco,+229 46 14 47 79,r.chain@yahoo.fr,rapidechaincargo.bj,PME (50-200),B2C,LinkedIn,,Actif,2026-06-29T00:22:55.252424,haute
BJ-D81D6336,Particulier Africa Pehunco,Transport & Logistique,Pehunco,+229 52 97 29 54,particulier_africa@particulierafri.com.bj,,PME (10-50),B2C,LinkedIn,,Actif,2026-06-29T00:22:55.252485,moyenne
BJ-71791E5D,Express Public Cargo,Transport & Logistique,Copargo,+229 54 89 78 96,expresspublic@expresspublicca.com.bj,expresspubliccargo.bj,PME (50-200),B2C,LinkedIn,,Actif,2026-06-29T00:22:55.252549,haute
BJ-4A83B273,Rapide Chambre Shipping,Transport & Logistique,Copargo,+229 45 31 57 41,r.chambre@rapidechambresh.com.bj,rapidechambreshipping.bj,PME (50-200),B2B,LinkedIn,,Actif,2026-06-29T00:22:55.252602,haute
BJ-117D0C0A,Delivery Portuaire Copargo,Transport & Logistique,Copargo,+229 20 37 21 93,delivery.portuaire@deliveryportuai.org.bj,,PME (50-200),B2C,LinkedIn,,Actif,2026-06-29T00:22:55.252687,moyenne
BJ-B58569B9,Rapide Copargo,Transport & Logistique,Copargo,+229 54 21 25 47,rapide.copargo@rapidecopargo.com.bj,,TPE (<10),B2C,LinkedIn,,Actif,2026-06-29T00:22:55.252719,moyenne
BJ-C2A190B0,Débit,Télécommunications,Cotonou,+229 76 83 38 24,débit@yahoo.com,débit.bj,TPE (<10),B2B,LinkedIn,,Actif,2026-06-29T00:22:55.252788,haute
BJ-2AB6B15A,Connect SD-WAN,Télécommunications,Cotonou,+229 77 88 47 95,connectwan@yahoo.com,connectsdwan.bj,TPE (<10),B2B,LinkedIn,,Actif,2026-06-29T00:22:55.252832,haute
BJ-0FDD90CB,Trunk Cotonou,Télécommunications,Cotonou,+229 20 73 10 79,t.cotonou@gmail.com,trunkcotonou.bj,PME (10-50),B2B,LinkedIn,,Actif,2026-06-29T00:22:55.252998,haute
BJ-2EFE8C91,Haut Networks,Télécommunications,Cotonou,+229 61 10 14 77,haut.networks@hautnetworks.bj,,PME (10-50),B2B,LinkedIn,,Actif,2026-06-29T00:22:55.253035,moyenne
BJ-3BF23C6C,Fil Africa,Télécommunications,Abomey-Calavi,+229 26 82 98 64,filafrica@outlook.com,filafrica.bj,PME (10-50),B2C,LinkedIn,,Actif,2026-06-29T00:22:55.253091,haute
BJ-9D53B1DA,Réseau Coverage Groupe Abomey-Calavi,Télécommunications,Abomey-Calavi,+229 64 31 86 88,r.coverage@réseaucoverageg.org.bj,réseaucoveragegroupeabomeycalavi.bj,TPE (<10),B2B,LinkedIn,,Actif,2026-06-29T00:22:55.253132,haute
BJ-A141E8BF,Digital Sans,Télécommunications,Abomey-Calavi,+229 37 20 59 84,d.sans@gmail.com,digitalsans.bj,PME (10-50),B2B,LinkedIn,,Actif,2026-06-29T00:22:55.253162,haute
BJ-0F519FC3,Réseau Trunk Networks,Télécommunications,Abomey-Calavi,+229 22 57 60 84,r.trunk@réseautrunknetw.bj,réseautrunknetworks.bj,PME (10-50),B2B,LinkedIn,,Actif,2026-06-29T00:22:55.253206,haute
BJ-0D500CD9,Satellite SD-WAN,Télécommunications,Abomey-Calavi,+229 22 16 93 67,satellitewan@yahoo.fr,satellitesdwan.bj,TPE (<10),B2C,LinkedIn,,Actif,2026-06-29T00:22:55.253242,haute
BJ-3EB118F5,Internet Bénin,Télécommunications,Porto-Novo,+229 70 24 20 72,internetbénin@yahoo.com,internetbénin.bj,TPE (<10),B2B,LinkedIn,,Actif,2026-06-29T00:22:55.253296,haute
BJ-E4A6EBB5,Haut Africa,Télécommunications,Porto-Novo,+229 31 12 20 66,h.africa@hautafrica.org.bj,hautafrica.bj,Grande (>200),B2C,LinkedIn,,Actif,2026-06-29T00:22:55.253332,haute
BJ-A3A1F030,Télécom Fibre Porto-Novo,Télécommunications,Porto-Novo,+229 46 20 56 74,t.fibre@yahoo.fr,télécomfibreportonovo.bj,PME (50-200),B2B,LinkedIn,,Actif,2026-06-29T00:22:55.253377,haute
BJ-6BC074CE,5G Telecom,Télécommunications,Porto-Novo,+229 48 68 16 12,telecom@hotmail.com,5gtelecom.bj,PME (10-50),B2B,LinkedIn,,Actif,2026-06-29T00:22:55.253441,haute
BJ-46369ACF,Fiber Mobile Groupe,Télécommunications,Parakou,+229 98 20 35 51,fibermobile@yahoo.fr,fibermobilegroupe.bj,TPE (<10),B2B,LinkedIn,,Actif,2026-06-29T00:22:55.253498,haute
BJ-E8F7AD65,Connect Ping Groupe,Télécommunications,Parakou,+229 54 30 84 35,connectping@hotmail.com,,PME (50-200),B2B,LinkedIn,,Actif,2026-06-29T00:22:55.253530,moyenne
BJ-10B5ED46,Trunk Networks,Télécommunications,Parakou,+229 87 27 22 34,trunk.networks@trunknetworks.org.bj,trunknetworks.bj,PME (10-50),B2B,LinkedIn,,Actif,2026-06-29T00:22:55.253565,haute
BJ-F6F340B7,Fibre,Télécommunications,Parakou,+229 21 49 17 51,fibre@yahoo.fr,fibre.bj,PME (50-200),B2B,LinkedIn,,Actif,2026-06-29T00:22:55.253597,haute
BJ-3045F767,SIP Africa,Télécommunications,Parakou,+229 66 89 28 97,s.africa@hotmail.com,sipafrica.bj,PME (10-50),B2B,LinkedIn,,Actif,2026-06-29T00:22:55.253617,haute
BJ-091CE372,Couverture Groupe,Télécommunications,Bohicon,+229 70 23 28 44,,couverturegroupe.bj,PME (10-50),B2B,LinkedIn,,Actif,2026-06-29T00:22:55.253656,moyenne
BJ-5ABDA798,Fil SARL Bohicon,Télécommunications,Bohicon,+229 74 80 34 10,fil.sarl@yahoo.fr,filsarlbohicon.bj,PME (50-200),B2B,LinkedIn,,Actif,2026-06-29T00:22:55.253686,haute
BJ-2819BBB4,Trunk SARL,Télécommunications,Bohicon,+229 54 86 32 41,trunksarl@yahoo.fr,trunksarl.bj,PME (10-50),B2C,LinkedIn,,Actif,2026-06-29T00:22:55.253723,haute
BJ-0F8903A7,Satellite Coaxial Networks,Télécommunications,Bohicon,+229 78 59 75 79,s.coaxial@satellitecoaxia.com.bj,satellitecoaxialnetworks.bj,TPE (<10),B2B,LinkedIn,,Actif,2026-06-29T00:22:55.253771,haute
BJ-5AFA3C5D,Wireless Satellite,Télécommunications,Bohicon,+229 47 31 81 29,wirelesssatellite@yahoo.fr,wirelesssatellite.bj,TPE (<10),B2B,LinkedIn,,Actif,2026-06-29T00:22:55.253805,haute
BJ-5D9726E1,Connect FAI Telecom,Télécommunications,Natitingou,+229 59 65 63 88,c.fai@gmail.com,connectfaitelecom.bj,PME (50-200),B2B,LinkedIn,,Actif,2026-06-29T00:22:55.253850,haute
BJ-94126276,Mobile Trunk Bénin,Télécommunications,Natitingou,+229 38 91 92 18,mobiletrunk@yahoo.com,mobiletrunkbénin.bj,TPE (<10),B2C,LinkedIn,,Actif,2026-06-29T00:22:55.253886,haute
BJ-E083A675,Wireless VPN,Télécommunications,Natitingou,+229 28 40 12 30,w.vpn@hotmail.com,wirelessvpn.bj,TPE (<10),B2C,LinkedIn,,Actif,2026-06-29T00:22:55.253926,haute
BJ-4FDB97A3,Connect Digital,Télécommunications,Natitingou,+229 70 66 32 17,connectdigital@connectdigital.bj,,TPE (<10),B2C,LinkedIn,,Actif,2026-06-29T00:22:55.253944,moyenne
BJ-88A7FAA9,Wireless,Télécommunications,Natitingou,+229 44 22 48 40,wireless@outlook.com,wireless.bj,TPE (<10),B2C,LinkedIn,,Actif,2026-06-29T00:22:55.253960,haute
BJ-68D39F32,Connect Fréquence,Télécommunications,Lokossa,+229 35 45 35 23,connect.fréquence@connectfréquenc.com.bj,connectfréquence.bj,PME (10-50),B2B,LinkedIn,,Actif,2026-06-29T00:22:55.253987,haute
BJ-8A607153,Connect Bandwidth Digital Lokossa,Télécommunications,Lokossa,+229 68 89 56 19,c.bandwidth@outlook.com,connectbandwidthdigitallokossa.bj,Grande (>200),B2B,LinkedIn,,Actif,2026-06-29T00:22:55.254005,haute
BJ-F9E22533,Fréquence International,Télécommunications,Lokossa,+229 44 25 52 13,fréquenceinternational@gmail.com,fréquenceinternational.bj,Grande (>200),B2B,LinkedIn,,Actif,2026-06-29T00:22:55.254027,haute
BJ-E84DEA81,Fiber Data Groupe,Télécommunications,Lokossa,+229 96 15 74 99,fiber.data@gmail.com,fiberdatagroupe.bj,TPE (<10),B2C,LinkedIn,,Actif,2026-06-29T00:22:55.254045,haute
BJ-8E763CAD,Satellite Wireless,Télécommunications,Lokossa,+229 28 86 42 27,satellite.wireless@satellitewirele.com.bj,satellitewireless.bj,TPE (<10),B2B,LinkedIn,,Actif,2026-06-29T00:22:55.254061,haute
BJ-0E93C986,Télécom Voice,Télécommunications,Ouidah,+229 61 13 73 47,télécom.voice@yahoo.com,télécomvoice.bj,PME (50-200),B2C,LinkedIn,,Actif,2026-06-29T00:22:55.254087,haute
BJ-F626EED2,Mobile Spectre SA,Télécommunications,Ouidah,+229 60 19 68 70,mobilespectre@gmail.com,mobilespectresa.bj,TPE (<10),B2B,LinkedIn,,Actif,2026-06-29T00:22:55.254103,haute
BJ-98A2A989,Satellite Digital,Télécommunications,Ouidah,+229 92 80 34 21,satellite_digital@satellitedigita.bj,satellitedigital.bj,PME (10-50),B2B,LinkedIn,,Actif,2026-06-29T00:22:55.254119,haute
BJ-57D42EA3,Réseau Télécom Networks,Télécommunications,Ouidah,+229 52 25 96 17,réseau.télécom@hotmail.com,réseautélécomnetworks.bj,TPE (<10),B2C,LinkedIn,,Actif,2026-06-29T00:22:55.254137,haute
BJ-518845CF,SIP Telecom Ouidah,Télécommunications,Ouidah,+229 88 45 12 82,sip.telecom@siptelecomouida.org.bj,siptelecomouidah.bj,TPE (<10),B2C,LinkedIn,,Actif,2026-06-29T00:22:55.254153,haute
BJ-3D86CE57,FAI Savalou,Télécommunications,Savalou,+229 66 61 91 55,faisavalou@faisavalou.org.bj,faisavalou.bj,Grande (>200),B2C,LinkedIn,,Actif,2026-06-29T00:22:55.254181,haute
BJ-FDFBC607,Optique Digital,Télécommunications,Savalou,+229 59 64 43 53,o.digital@gmail.com,optiquedigital.bj,TPE (<10),B2B,LinkedIn,,Actif,2026-06-29T00:22:55.254197,haute
BJ-DCA1FCAC,Réseau SIP Savalou,Télécommunications,Savalou,+229 98 15 32 69,réseau.sip@gmail.com,réseausipsavalou.bj,TPE (<10),B2B,LinkedIn,,Actif,2026-06-29T00:22:55.254235,haute
BJ-BD441928,PBX Savalou,Télécommunications,Savalou,+229 24 77 80 83,pbx_savalou@pbxsavalou.com.bj,pbxsavalou.bj,TPE (<10),B2B,LinkedIn,,Actif,2026-06-29T00:22:55.254252,haute
BJ-75726703,Satellite Fil,Télécommunications,Dassa-Zoumè,+229 51 57 62 15,satellitefil@yahoo.com,satellitefil.bj,PME (10-50),B2C,LinkedIn,,Actif,2026-06-29T00:22:55.254275,haute
BJ-0FDBCAF6,Latence Connect,Télécommunications,Dassa-Zoumè,+229 67 94 85 89,latenceconnect@yahoo.fr,latenceconnect.bj,TPE (<10),B2C,LinkedIn,,Actif,2026-06-29T00:22:55.254305,haute
BJ-3894DD56,SD-WAN,Télécommunications,Dassa-Zoumè,+229 93 95 71 63,wan@sdwan.bj,sdwan.bj,TPE (<10),B2C,LinkedIn,,Actif,2026-06-29T00:22:55.254333,haute
BJ-9053F160,Débit SARL,Télécommunications,Kétou,+229 24 77 22 77,débitsarl@yahoo.com,débitsarl.bj,Grande (>200),B2B,LinkedIn,,Actif,2026-06-29T00:22:55.254357,haute
BJ-6AB247C7,Mobile VPN Digital,Télécommunications,Kétou,+229 52 28 42 63,mobilevpn@mobilevpndigita.org.bj,mobilevpndigital.bj,Grande (>200),B2B,LinkedIn,,Actif,2026-06-29T00:22:55.254374,haute
BJ-C9C5C306,Wireless BTS International,Télécommunications,Kétou,+229 48 58 45 66,wirelessbts@wirelessbtsinte.bj,wirelessbtsinternational.bj,PME (50-200),B2B,LinkedIn,,Actif,2026-06-29T00:22:55.254394,haute
BJ-55DD2161,Satellite Connect Telecom Kétou,Télécommunications,Kétou,+229 47 43 11 81,s.connect@yahoo.fr,satelliteconnecttelecomkétou.bj,TPE (<10),B2C,LinkedIn,,Actif,2026-06-29T00:22:55.254415,haute
BJ-16835135,Télécom Haut Africa,Télécommunications,Kétou,+229 52 13 84 94,télécomhaut@gmail.com,télécomhautafrica.bj,PME (10-50),B2B,LinkedIn,,Actif,2026-06-29T00:22:55.254433,haute
BJ-BEA2D2FF,Câble Telecom Covè,Télécommunications,Covè,+229 65 62 13 59,c.telecom@câbletelecomcov.org.bj,câbletelecomcovè.bj,TPE (<10),B2B,LinkedIn,,Actif,2026-06-29T00:22:55.254472,haute
BJ-33B655C8,VoIP SA,Télécommunications,Covè,+229 92 31 71 27,voip@hotmail.com,voipsa.bj,PME (10-50),B2B,LinkedIn,,Actif,2026-06-29T00:22:55.254487,haute
BJ-491B7082,Internet Fil Networks,Télécommunications,Covè,+229 49 76 51 95,internet.fil@internetfilnetw.org.bj,internetfilnetworks.bj,TPE (<10),B2B,LinkedIn,,Actif,2026-06-29T00:22:55.254504,haute
BJ-59D519A4,Internet Latence,Télécommunications,Covè,+229 83 95 48 94,i.latence@internetlatence.org.bj,internetlatence.bj,PME (50-200),B2B,LinkedIn,,Actif,2026-06-29T00:22:55.254519,haute
BJ-E3D6AB80,Wireless Relais SARL,Télécommunications,Pobè,+229 60 29 70 12,wireless.relais@gmail.com,,PME (10-50),B2B,LinkedIn,,Actif,2026-06-29T00:22:55.254544,moyenne
BJ-65A0E359,Provider Telecom,Télécommunications,Pobè,+229 39 12 36 99,providertelecom@yahoo.com,providertelecom.bj,PME (10-50),B2C,LinkedIn,,Actif,2026-06-29T00:22:55.254560,haute
BJ-DD4247EF,VoIP International,Télécommunications,Pobè,+229 43 22 77 47,voip.international@hotmail.com,voipinternational.bj,PME (50-200),B2C,LinkedIn,,Actif,2026-06-29T00:22:55.254579,haute
BJ-19EF7DE7,Ping,Télécommunications,Pobè,+229 78 16 27 92,ping@ping.com.bj,ping.bj,PME (50-200),B2C,LinkedIn,,Actif,2026-06-29T00:22:55.254607,haute
BJ-6655199D,VoIP,Télécommunications,Sakété,+229 54 69 49 81,,voip.bj,TPE (<10),B2C,LinkedIn,,Actif,2026-06-29T00:22:55.254626,moyenne
BJ-0AF94704,5G Networks,Télécommunications,Sakété,+229 61 87 70 30,networks@yahoo.fr,5gnetworks.bj,TPE (<10),B2B,LinkedIn,,Actif,2026-06-29T00:22:55.254640,haute
BJ-C8DF573C,5G Africa,Télécommunications,Sakété,+229 55 36 70 26,africa@5gafrica.com.bj,5gafrica.bj,TPE (<10),B2C,LinkedIn,,Actif,2026-06-29T00:22:55.254654,haute
BJ-547D2808,Fréquence Africa,Télécommunications,Sakété,+229 76 56 39 66,fréquenceafrica@fréquenceafrica.bj,fréquenceafrica.bj,PME (10-50),B2C,LinkedIn,,Actif,2026-06-29T00:22:55.254686,haute
BJ-A088A869,LTE,Télécommunications,Sakété,+229 76 29 28 93,lte@gmail.com,lte.bj,Grande (>200),B2B,LinkedIn,,Actif,2026-06-29T00:22:55.254700,haute
BJ-73BBBEE5,Sans SA,Télécommunications,Adjara,+229 68 91 24 10,sans@gmail.com,sanssa.bj,PME (10-50),B2B,LinkedIn,,Actif,2026-06-29T00:22:55.254722,haute
BJ-BEBC8D1E,Mobile Tech International,Télécommunications,Adjara,+229 50 36 69 96,mobiletech@outlook.com,mobiletechinternational.bj,TPE (<10),B2C,LinkedIn,,Actif,2026-06-29T00:22:55.254739,haute
BJ-CC04956F,Télécom Africa,Télécommunications,Adjara,+229 22 18 54 88,télécom.africa@gmail.com,,TPE (<10),B2B,LinkedIn,,Actif,2026-06-29T00:22:55.254759,moyenne
BJ-107E9BC9,LTE,Télécommunications,Adjara,+229 38 70 22 97,lte@lte.bj,lte.bj,PME (50-200),B2C,LinkedIn,,Actif,2026-06-29T00:22:55.254774,haute
BJ-042CFCD1,Réseau Centrex,Télécommunications,Adjara,+229 85 58 50 50,réseau.centrex@hotmail.com,réseaucentrex.bj,PME (10-50),B2C,LinkedIn,,Actif,2026-06-29T00:22:55.254791,haute
BJ-D22F8ACA,Réseau Haut Telecom,Télécommunications,Allada,+229 43 74 50 40,r.haut@gmail.com,réseauhauttelecom.bj,PME (10-50),B2C,LinkedIn,,Actif,2026-06-29T00:22:55.254832,haute
BJ-89799680,Fiber Haut,Télécommunications,Allada,+229 25 94 36 99,fiberhaut@fiberhaut.com.bj,fiberhaut.bj,Grande (>200),B2C,LinkedIn,,Actif,2026-06-29T00:22:55.254849,haute
BJ-A9425E1A,Connect Fibre,Télécommunications,Allada,+229 87 18 28 76,c.fibre@connectfibre.bj,connectfibre.bj,TPE (<10),B2C,LinkedIn,,Actif,2026-06-29T00:22:55.254865,haute
BJ-283A7639,Ping Bénin,Télécommunications,Allada,+229 64 62 11 85,ping.bénin@pingbénin.bj,,TPE (<10),B2B,LinkedIn,,Actif,2026-06-29T00:22:55.254882,moyenne
BJ-8716DE35,Fiber Opérateur International,Télécommunications,Aplahoué,+229 29 67 43 46,f.opérateur@fiberopérateuri.org.bj,fiberopérateurinternational.bj,PME (50-200),B2C,LinkedIn,,Actif,2026-06-29T00:22:55.254928,haute
BJ-E8FDB510,Bandwidth,Télécommunications,Aplahoué,+229 39 77 14 59,bandwidth@hotmail.com,,PME (50-200),B2B,LinkedIn,,Actif,2026-06-29T00:22:55.254944,moyenne
BJ-79715E90,Relais,Télécommunications,Aplahoué,+229 64 69 85 63,relais@relais.bj,relais.bj,TPE (<10),B2B,LinkedIn,,Actif,2026-06-29T00:22:55.254962,haute
BJ-AE2B7992,Internet Wireless,Télécommunications,Aplahoué,+229 72 62 77 86,internetwireless@hotmail.com,internetwireless.bj,PME (50-200),B2C,LinkedIn,,Actif,2026-06-29T00:22:55.254996,haute
BJ-5C9892BA,VoIP,Télécommunications,Dogbo-Tota,+229 57 88 31 77,voip@outlook.com,voip.bj,Grande (>200),B2C,LinkedIn,,Actif,2026-06-29T00:22:55.255018,haute
BJ-22F387A1,Coverage Dogbo-Tota,Télécommunications,Dogbo-Tota,+229 95 26 78 46,coveragedogbo@yahoo.fr,coveragedogbotota.bj,TPE (<10),B2C,LinkedIn,,Actif,2026-06-29T00:22:55.255035,haute
BJ-276E5D13,Connect Centrex,Télécommunications,Dogbo-Tota,+229 62 52 38 87,connect.centrex@connectcentrex.com.bj,connectcentrex.bj,TPE (<10),B2B,LinkedIn,,Actif,2026-06-29T00:22:55.255051,haute
BJ-D96AF029,Spectre,Télécommunications,Dogbo-Tota,+229 54 76 89 68,spectre@spectre.org.bj,spectre.bj,PME (10-50),B2B,LinkedIn,,Actif,2026-06-29T00:22:55.255064,haute
BJ-049F5047,PBX,Télécommunications,Dogbo-Tota,+229 30 55 36 80,pbx@outlook.com,pbx.bj,PME (50-200),B2B,LinkedIn,,Actif,2026-06-29T00:22:55.255078,haute
BJ-E2F576CF,Internet Relais,Télécommunications,Kpomassè,+229 59 34 91 88,internet.relais@yahoo.com,internetrelais.bj,TPE (<10),B2B,LinkedIn,,Actif,2026-06-29T00:22:55.255100,haute
BJ-51E6ED13,Tech Kpomassè,Télécommunications,Kpomassè,+229 34 51 74 62,tech.kpomassè@yahoo.fr,techkpomassè.bj,TPE (<10),B2B,LinkedIn,,Actif,2026-06-29T00:22:55.255117,haute
BJ-8E1CCF7D,Fiber BTS,Télécommunications,Kpomassè,+229 96 79 23 10,fiberbts@fiberbts.bj,,Grande (>200),B2C,LinkedIn,,Actif,2026-06-29T00:22:55.255135,moyenne
BJ-B23CE439,Réseau Fibre SARL,Télécommunications,Kpomassè,+229 59 76 60 82,réseau_fibre@gmail.com,réseaufibresarl.bj,PME (10-50),B2C,LinkedIn,,Actif,2026-06-29T00:22:55.255156,haute
BJ-C5559406,Mobile Hosted Kpomassè,Télécommunications,Kpomassè,+229 58 29 74 97,mobilehosted@mobilehostedkpo.com.bj,mobilehostedkpomassè.bj,TPE (<10),B2B,LinkedIn,,Actif,2026-06-29T00:22:55.255175,haute
BJ-18E61EBF,Digital VoIP Africa,Télécommunications,Tori-Bossito,+229 41 44 63 85,digitalvoip@gmail.com,digitalvoipafrica.bj,Grande (>200),B2C,LinkedIn,,Actif,2026-06-29T00:22:55.255199,haute
BJ-A5881E20,Coaxial Bénin,Télécommunications,Tori-Bossito,+229 76 55 52 50,coaxialbénin@yahoo.com,,PME (10-50),B2B,LinkedIn,,Actif,2026-06-29T00:22:55.255215,moyenne
BJ-CBE8F1CF,Fiber LTE,Télécommunications,Tori-Bossito,+229 63 25 68 57,f.lte@fiberlte.com.bj,fiberlte.bj,TPE (<10),B2B,LinkedIn,,Actif,2026-06-29T00:22:55.255235,haute
BJ-541F12F7,BTS SA,Télécommunications,Tori-Bossito,+229 38 23 54 61,bts@btssa.org.bj,,PME (50-200),B2C,LinkedIn,,Actif,2026-06-29T00:22:55.255250,moyenne
BJ-14E8FE91,Digital Connect Africa Tori-Bossito,Télécommunications,Tori-Bossito,+229 84 10 85 90,digital_connect@gmail.com,,PME (10-50),B2B,LinkedIn,,Actif,2026-06-29T00:22:55.255269,moyenne
BJ-F780D5C8,Satellite Trunk Connect,Télécommunications,Grand-Popo,+229 80 91 59 70,,satellitetrunkconnect.bj,PME (50-200),B2C,LinkedIn,,Actif,2026-06-29T00:22:55.255289,moyenne
BJ-3F81C16B,Télécom Networks,Télécommunications,Grand-Popo,+229 90 17 73 97,télécom.networks@télécomnetworks.org.bj,télécomnetworks.bj,Grande (>200),B2B,LinkedIn,,Actif,2026-06-29T00:22:55.255307,haute
BJ-DD38CE49,Digital Fibre Groupe,Télécommunications,Grand-Popo,+229 59 28 70 32,d.fibre@gmail.com,digitalfibregroupe.bj,TPE (<10),B2B,LinkedIn,,Actif,2026-06-29T00:22:55.255326,haute
BJ-A6B69095,Digital Tech Digital,Télécommunications,Grand-Popo,+229 31 26 75 39,digitaltech@digitaltechdigi.org.bj,digitaltechdigital.bj,PME (10-50),B2B,LinkedIn,,Actif,2026-06-29T00:22:55.255342,haute
BJ-AC651C72,4G International,Télécommunications,Grand-Popo,+229 59 94 62 53,international@4ginternational.org.bj,4ginternational.bj,PME (10-50),B2B,LinkedIn,,Actif,2026-06-29T00:22:55.255356,haute
BJ-0E2CE7C9,Wireless Ping,Télécommunications,Athiémé,+229 25 31 17 93,wirelessping@yahoo.com,wirelessping.bj,Grande (>200),B2B,LinkedIn,,Actif,2026-06-29T00:22:55.255379,haute
BJ-336AB3AD,Internet VoIP,Télécommunications,Athiémé,+229 71 72 74 35,internetvoip@yahoo.fr,internetvoip.bj,TPE (<10),B2B,LinkedIn,,Actif,2026-06-29T00:22:55.255427,haute
BJ-2E92EAF0,Internet Satellite Digital,Télécommunications,Athiémé,+229 31 17 50 33,internet.satellite@internetsatelli.org.bj,internetsatellitedigital.bj,PME (50-200),B2C,LinkedIn,,Actif,2026-06-29T00:22:55.255447,haute
BJ-0C0C2F2D,Satellite Relais,Télécommunications,Bopa,+229 73 41 68 36,satellite_relais@satelliterelais.bj,satelliterelais.bj,PME (10-50),B2B,LinkedIn,,Actif,2026-06-29T00:22:55.255470,haute
BJ-854EE0F6,Télécom Radio Networks Bopa,Télécommunications,Bopa,+229 50 17 29 84,télécom.radio@yahoo.com,télécomradionetworksbopa.bj,PME (10-50),B2C,LinkedIn,,Actif,2026-06-29T00:22:55.255492,haute
BJ-179E52DC,Connect LTE SA,Télécommunications,Bopa,+229 52 42 33 34,,connectltesa.bj,TPE (<10),B2C,LinkedIn,,Actif,2026-06-29T00:22:55.255505,moyenne
BJ-105339BC,Mobile VoIP SA Bopa,Télécommunications,Bopa,+229 81 47 31 21,mobile.voip@mobilevoipsabop.com.bj,mobilevoipsabopa.bj,PME (10-50),B2B,LinkedIn,,Actif,2026-06-29T00:22:55.255521,haute
BJ-EE421C01,Coaxial,Télécommunications,Bopa,+229 80 89 41 47,coaxial@outlook.com,coaxial.bj,Grande (>200),B2B,LinkedIn,,Actif,2026-06-29T00:22:55.255534,haute
BJ-5A4F644D,VoIP Connect,Télécommunications,Houéyogbé,+229 61 39 42 38,v.connect@voipconnect.org.bj,voipconnect.bj,PME (50-200),B2B,LinkedIn,,Actif,2026-06-29T00:22:55.255557,haute
BJ-8F69BC50,Internet Opérateur,Télécommunications,Houéyogbé,+229 54 91 73 45,i.opérateur@outlook.com,internetopérateur.bj,TPE (<10),B2C,LinkedIn,,Actif,2026-06-29T00:22:55.255580,haute
BJ-ACBD0DF5,Hosted,Télécommunications,Houéyogbé,+229 54 38 70 68,hosted@yahoo.fr,hosted.bj,PME (10-50),B2C,LinkedIn,,Actif,2026-06-29T00:22:55.255594,haute
BJ-A6CC2E8A,Fiber Coverage Digital,Télécommunications,Houéyogbé,+229 34 42 69 99,fibercoverage@fibercoveragedi.bj,fibercoveragedigital.bj,TPE (<10),B2B,LinkedIn,,Actif,2026-06-29T00:22:55.255612,haute
BJ-57FD71E0,Fibre Telecom,Télécommunications,Houéyogbé,+229 49 36 52 47,f.telecom@yahoo.com,fibretelecom.bj,TPE (<10),B2C,LinkedIn,,Actif,2026-06-29T00:22:55.255627,haute
BJ-96E03BFE,Relais Malanville,Télécommunications,Malanville,+229 69 26 71 90,r.malanville@relaismalanvill.org.bj,relaismalanville.bj,PME (10-50),B2C,LinkedIn,,Actif,2026-06-29T00:22:55.255650,haute
BJ-B93B25B0,Télécom Fréquence International,Télécommunications,Malanville,+229 83 57 79 36,télécomfréquence@télécomfréquenc.org.bj,,TPE (<10),B2C,LinkedIn,,Actif,2026-06-29T00:22:55.255688,moyenne
BJ-C0AA7153,Mobile Tech Connect,Télécommunications,Malanville,+229 48 25 54 41,mobile.tech@mobiletechconne.com.bj,mobiletechconnect.bj,Grande (>200),B2C,LinkedIn,,Actif,2026-06-29T00:22:55.255707,haute
BJ-5DBC2319,Fiber Radio Groupe,Télécommunications,Malanville,+229 57 39 53 69,fiber.radio@hotmail.com,fiberradiogroupe.bj,PME (10-50),B2B,LinkedIn,,Actif,2026-06-29T00:22:55.255723,haute
BJ-8A827D85,VoIP Networks Kandi,Télécommunications,Kandi,+229 54 98 34 74,v.networks@outlook.com,voipnetworkskandi.bj,PME (10-50),B2B,LinkedIn,,Actif,2026-06-29T00:22:55.255745,haute
BJ-65DD2B57,Latence SA,Télécommunications,Kandi,+229 46 29 88 76,latence@gmail.com,latencesa.bj,Grande (>200),B2C,LinkedIn,,Actif,2026-06-29T00:22:55.255772,haute
BJ-EA4964C6,4G Networks,Télécommunications,Kandi,+229 43 89 26 12,networks@hotmail.com,4gnetworks.bj,PME (50-200),B2C,LinkedIn,,Actif,2026-06-29T00:22:55.255798,haute
BJ-75924F9C,Fibre Africa,Télécommunications,Banikoara,+229 62 47 25 25,fibre.africa@gmail.com,fibreafrica.bj,PME (50-200),B2B,LinkedIn,,Actif,2026-06-29T00:22:55.255820,haute
BJ-A65353B1,Voice SARL,Télécommunications,Banikoara,+229 77 90 94 68,voice.sarl@voicesarl.org.bj,,Grande (>200),B2C,LinkedIn,,Actif,2026-06-29T00:22:55.255835,moyenne
BJ-82DB2269,Fréquence Digital,Télécommunications,Banikoara,+229 98 97 25 62,fréquence_digital@yahoo.fr,fréquencedigital.bj,TPE (<10),B2C,LinkedIn,,Actif,2026-06-29T00:22:55.255856,haute
BJ-43DF8EAB,Wireless Hosted,Télécommunications,Banikoara,+229 49 94 15 95,w.hosted@wirelesshosted.bj,wirelesshosted.bj,PME (10-50),B2B,LinkedIn,,Actif,2026-06-29T00:22:55.255873,haute
BJ-72E2343A,Fiber Latence Africa,Télécommunications,Banikoara,+229 87 86 92 32,f.latence@yahoo.com,fiberlatenceafrica.bj,TPE (<10),B2B,LinkedIn,,Actif,2026-06-29T00:22:55.255899,haute
BJ-D3F74F3D,Data Digital,Télécommunications,Ségbana,+229 56 61 35 12,d.digital@datadigital.com.bj,datadigital.bj,PME (50-200),B2B,LinkedIn,,Actif,2026-06-29T00:22:55.255925,haute
BJ-DE88E9D9,Télécom MPLS,Télécommunications,Ségbana,+229 66 82 48 17,télécom.mpls@télécommpls.org.bj,télécommpls.bj,Grande (>200),B2C,LinkedIn,,Actif,2026-06-29T00:22:55.255943,haute
BJ-19899BFB,Digital FAI SA,Télécommunications,Ségbana,+229 95 39 28 55,digital.fai@outlook.com,digitalfaisa.bj,PME (50-200),B2B,LinkedIn,,Actif,2026-06-29T00:22:55.255959,haute
BJ-AB37412E,Optique SARL,Télécommunications,Ségbana,+229 26 17 99 96,o.sarl@optiquesarl.com.bj,optiquesarl.bj,PME (10-50),B2C,LinkedIn,,Actif,2026-06-29T00:22:55.255974,haute
BJ-3697F525,Fiber Haut,Télécommunications,Ségbana,+229 20 59 22 86,fiber.haut@yahoo.fr,fiberhaut.bj,TPE (<10),B2C,LinkedIn,,Actif,2026-06-29T00:22:55.255990,haute
BJ-7FF316B2,MPLS Karimama,Télécommunications,Karimama,+229 74 78 79 33,mpls_karimama@mplskarimama.bj,mplskarimama.bj,PME (50-200),B2B,LinkedIn,,Actif,2026-06-29T00:22:55.256012,haute
BJ-20598E3A,Fiber Satellite Connect Karimama,Télécommunications,Karimama,+229 32 96 57 89,fibersatellite@fibersatellitec.bj,fibersatelliteconnectkarimama.bj,PME (10-50),B2C,LinkedIn,,Actif,2026-06-29T00:22:55.256028,haute
BJ-028384CA,Connect Latence,Télécommunications,Karimama,+229 38 95 32 60,connectlatence@outlook.com,connectlatence.bj,TPE (<10),B2C,LinkedIn,,Actif,2026-06-29T00:22:55.256063,haute
BJ-F224617F,Mobile Digital,Télécommunications,Karimama,+229 61 26 51 63,m.digital@mobiledigital.com.bj,mobiledigital.bj,PME (50-200),B2C,LinkedIn,,Actif,2026-06-29T00:22:55.256078,haute
BJ-D8313B6C,Connect Digital,Télécommunications,Gogounou,+229 67 54 20 72,c.digital@connectdigital.org.bj,connectdigital.bj,TPE (<10),B2B,LinkedIn,,Actif,2026-06-29T00:22:55.256104,haute
BJ-06EF08A6,Digital Africa,Télécommunications,Gogounou,+229 42 12 60 85,digitalafrica@outlook.com,digitalafrica.bj,PME (50-200),B2B,LinkedIn,,Actif,2026-06-29T00:22:55.256119,haute
BJ-CEB059BE,Télécom Hosted,Télécommunications,Gogounou,+229 57 52 37 38,télécom.hosted@yahoo.com,télécomhosted.bj,PME (10-50),B2C,LinkedIn,,Actif,2026-06-29T00:22:55.256135,haute
BJ-3E79F01F,Câble,Télécommunications,Gogounou,+229 80 67 60 44,câble@câble.org.bj,câble.bj,PME (50-200),B2B,LinkedIn,,Actif,2026-06-29T00:22:55.256150,haute
BJ-F48BED9C,Internet 4G,Télécommunications,Cobly,+229 88 97 31 22,internet@gmail.com,internet4g.bj,TPE (<10),B2C,LinkedIn,,Actif,2026-06-29T00:22:55.256189,haute
BJ-D7BB42CF,Réseau Vitesse,Télécommunications,Cobly,+229 41 78 82 28,réseauvitesse@réseauvitesse.bj,réseauvitesse.bj,PME (10-50),B2C,LinkedIn,,Actif,2026-06-29T00:22:55.256207,haute
BJ-9F255115,Relais Africa,Télécommunications,Cobly,+229 89 56 47 88,relaisafrica@yahoo.com,relaisafrica.bj,PME (50-200),B2C,LinkedIn,,Actif,2026-06-29T00:22:55.256225,haute
BJ-BBA4906B,Télécom Débit,Télécommunications,Tanguiéta,+229 44 45 54 59,télécomdébit@télécomdébit.bj,télécomdébit.bj,PME (10-50),B2B,LinkedIn,,Actif,2026-06-29T00:22:55.256277,haute
BJ-7DDFBD34,Wireless Data Connect,Télécommunications,Tanguiéta,+229 35 53 52 72,wireless.data@yahoo.com,wirelessdataconnect.bj,TPE (<10),B2C,LinkedIn,,Actif,2026-06-29T00:22:55.256294,haute
BJ-46E27A1A,Fiber,Télécommunications,Tanguiéta,+229 79 37 93 52,fiber@fiber.org.bj,fiber.bj,PME (50-200),B2C,LinkedIn,,Actif,2026-06-29T00:22:55.256321,haute
BJ-DBA451E4,Fiber Haut,Télécommunications,Tanguiéta,+229 59 27 51 75,fiberhaut@yahoo.fr,fiberhaut.bj,PME (10-50),B2B,LinkedIn,,Actif,2026-06-29T00:22:55.256351,haute
BJ-F008DF3F,Hosted Africa,Télécommunications,Matéri,+229 44 62 19 75,hostedafrica@hotmail.com,hostedafrica.bj,PME (50-200),B2C,LinkedIn,,Actif,2026-06-29T00:22:55.256451,haute
BJ-583C25E0,Internet,Télécommunications,Matéri,+229 55 67 36 50,internet@internet.org.bj,internet.bj,PME (10-50),B2C,LinkedIn,,Actif,2026-06-29T00:22:55.256485,haute
BJ-BE090F8D,Relais,Télécommunications,Matéri,+229 97 50 95 91,relais@gmail.com,relais.bj,PME (10-50),B2C,LinkedIn,,Actif,2026-06-29T00:22:55.256509,haute
BJ-B49FD6DA,Wireless Débit Networks,Télécommunications,Matéri,+229 69 51 25 72,wireless_débit@yahoo.fr,wirelessdébitnetworks.bj,TPE (<10),B2C,LinkedIn,,Actif,2026-06-29T00:22:55.256530,haute
BJ-16EFB57B,Réseau Groupe,Télécommunications,Matéri,+229 78 93 17 26,réseaugroupe@réseaugroupe.com.bj,réseaugroupe.bj,TPE (<10),B2B,LinkedIn,,Actif,2026-06-29T00:22:55.256548,haute
BJ-ED2B30CC,Communication Networks,Télécommunications,Natitingou,+229 88 29 55 57,c.networks@gmail.com,communicationnetworks.bj,PME (10-50),B2C,LinkedIn,,Actif,2026-06-29T00:22:55.256573,haute
BJ-36190B25,BTS Bénin,Télécommunications,Natitingou,+229 51 40 63 91,,btsbénin.bj,PME (10-50),B2B,LinkedIn,,Actif,2026-06-29T00:22:55.256586,moyenne
BJ-D4A7E44A,Internet Internet Telecom,Télécommunications,Natitingou,+229 95 84 46 67,internetinternet@hotmail.com,internetinternettelecom.bj,PME (50-200),B2B,LinkedIn,,Actif,2026-06-29T00:22:55.256623,haute
BJ-6FEC94B8,Digital BTS SA,Télécommunications,Natitingou,+229 66 31 69 40,d.bts@digitalbtssa.com.bj,digitalbtssa.bj,TPE (<10),B2C,LinkedIn,,Actif,2026-06-29T00:22:55.256642,haute
BJ-28B0AE89,Wireless Africa,Télécommunications,Natitingou,+229 93 65 30 45,w.africa@wirelessafrica.com.bj,,PME (10-50),B2C,LinkedIn,,Actif,2026-06-29T00:22:55.256657,moyenne
BJ-F5C0B163,Couverture Africa,Télécommunications,Toucountouna,+229 29 76 67 30,couverture.africa@couvertureafric.bj,,Grande (>200),B2B,LinkedIn,,Actif,2026-06-29T00:22:55.256680,moyenne
BJ-0583AF49,4G Connect,Télécommunications,Toucountouna,+229 67 44 12 20,connect@4gconnect.org.bj,4gconnect.bj,PME (10-50),B2B,LinkedIn,,Actif,2026-06-29T00:22:55.256696,haute
BJ-4A3AAEB5,Connect VoIP Telecom,Télécommunications,Toucountouna,+229 39 32 38 49,connectvoip@yahoo.com,connectvoiptelecom.bj,TPE (<10),B2C,LinkedIn,,Actif,2026-06-29T00:22:55.256715,haute
BJ-55A0BA6D,Digital Fibre,Télécommunications,Toucountouna,+229 88 34 29 85,digital.fibre@yahoo.com,digitalfibre.bj,PME (10-50),B2C,LinkedIn,,Actif,2026-06-29T00:22:55.256731,haute
BJ-BD867B14,Couverture Connect Boukoumbé,Télécommunications,Boukoumbé,+229 87 20 75 45,couvertureconnect@couvertureconne.com.bj,couvertureconnectboukoumbé.bj,TPE (<10),B2C,LinkedIn,,Actif,2026-06-29T00:22:55.256771,haute
BJ-4EC85E47,FAI Africa,Télécommunications,Boukoumbé,+229 42 83 57 52,f.africa@gmail.com,,TPE (<10),B2C,LinkedIn,,Actif,2026-06-29T00:22:55.256786,moyenne
BJ-574E7678,Télécom Communication,Télécommunications,Boukoumbé,+229 49 14 63 73,télécomcommunication@télécomcommunic.bj,télécomcommunication.bj,Grande (>200),B2B,LinkedIn,,Actif,2026-06-29T00:22:55.256824,haute
BJ-858D9109,Télécom Digital SA,Télécommunications,Boukoumbé,+229 37 25 66 99,télécom_digital@télécomdigitals.com.bj,,PME (10-50),B2B,LinkedIn,,Actif,2026-06-29T00:22:55.256841,moyenne
BJ-F4835BA5,Satellite,Télécommunications,Kouandé,+229 96 17 51 46,satellite@outlook.com,satellite.bj,PME (50-200),B2B,LinkedIn,,Actif,2026-06-29T00:22:55.256863,haute
BJ-5DA6A088,Fiber BTS,Télécommunications,Kouandé,+229 42 33 36 93,fiber.bts@fiberbts.bj,,PME (50-200),B2B,LinkedIn,,Actif,2026-06-29T00:22:55.256879,moyenne
BJ-E3A9C82A,SD-WAN,Télécommunications,Kouandé,+229 74 24 68 31,wan@outlook.com,sdwan.bj,Grande (>200),B2C,LinkedIn,,Actif,2026-06-29T00:22:55.256915,haute
BJ-EC21DC8C,Digital Data,Télécommunications,Kouandé,+229 52 24 97 63,digitaldata@hotmail.com,digitaldata.bj,PME (50-200),B2C,LinkedIn,,Actif,2026-06-29T00:22:55.256947,haute
BJ-1FB31E73,Fiber Fiber,Télécommunications,Kouandé,+229 37 65 21 54,fiber.fiber@fiberfiber.com.bj,fiberfiber.bj,TPE (<10),B2C,LinkedIn,,Actif,2026-06-29T00:22:55.256964,haute
BJ-CDA492B5,Digital Coaxial,Télécommunications,Péhunco,+229 74 44 82 90,digital.coaxial@yahoo.fr,digitalcoaxial.bj,PME (10-50),B2C,LinkedIn,,Actif,2026-06-29T00:22:55.256988,haute
BJ-0A6D025D,Satellite ISP,Télécommunications,Péhunco,+229 39 48 10 43,satelliteisp@satelliteisp.org.bj,satelliteisp.bj,TPE (<10),B2C,LinkedIn,,Actif,2026-06-29T00:22:55.257005,haute
BJ-15A01DD0,Internet Data Digital,Télécommunications,Péhunco,+229 84 67 44 26,i.data@yahoo.com,internetdatadigital.bj,TPE (<10),B2C,LinkedIn,,Actif,2026-06-29T00:22:55.257022,haute
BJ-BECFF685,Centrex Péhunco,Télécommunications,Péhunco,+229 95 98 18 73,c.péhunco@centrexpéhunco.com.bj,centrexpéhunco.bj,TPE (<10),B2C,LinkedIn,,Actif,2026-06-29T00:22:55.257040,haute
BJ-20C72D2C,Satellite Ping,Télécommunications,Péhunco,+229 28 27 10 45,satelliteping@satelliteping.bj,,PME (10-50),B2C,LinkedIn,,Actif,2026-06-29T00:22:55.257060,moyenne
BJ-075C9F0C,Mobile Internet Connect,Télécommunications,Tchaourou,+229 51 53 54 81,,mobileinternetconnect.bj,TPE (<10),B2B,LinkedIn,,Actif,2026-06-29T00:22:55.257081,moyenne
BJ-DDA57E4D,Réseau Satellite Tchaourou,Télécommunications,Tchaourou,+229 35 35 41 65,réseausatellite@yahoo.com,réseausatellitetchaourou.bj,PME (10-50),B2B,LinkedIn,,Actif,2026-06-29T00:22:55.257101,haute
BJ-E9C3A6CE,Mobile Télécom,Télécommunications,Tchaourou,+229 53 48 92 16,mobiletélécom@hotmail.com,mobiletélécom.bj,PME (50-200),B2B,LinkedIn,,Actif,2026-06-29T00:22:55.257165,haute
BJ-DB942540,Digital Connect,Télécommunications,Nikki,+229 86 11 28 25,d.connect@digitalconnect.org.bj,digitalconnect.bj,PME (50-200),B2C,LinkedIn,,Actif,2026-06-29T00:22:55.257219,haute
BJ-552CD495,Centrex Nikki,Télécommunications,Nikki,+229 49 83 14 64,centrex_nikki@centrexnikki.org.bj,,TPE (<10),B2C,LinkedIn,,Actif,2026-06-29T00:22:55.257236,moyenne
BJ-3E617EE4,Wireless Vitesse,Télécommunications,Nikki,+229 22 72 89 66,wireless.vitesse@wirelessvitesse.org.bj,wirelessvitesse.bj,PME (10-50),B2C,LinkedIn,,Actif,2026-06-29T00:22:55.257253,haute
BJ-8E43B435,Bandwidth SA Nikki,Télécommunications,Nikki,+229 50 17 22 28,bandwidth.nikki@yahoo.fr,bandwidthsanikki.bj,TPE (<10),B2C,LinkedIn,,Actif,2026-06-29T00:22:55.257268,haute
BJ-87478888,Voice Nikki,Télécommunications,Nikki,+229 65 73 18 96,v.nikki@voicenikki.com.bj,voicenikki.bj,PME (50-200),B2B,LinkedIn,,Actif,2026-06-29T00:22:55.257284,haute
BJ-F5B520D8,Réseau Voice,Télécommunications,Bembéréké,+229 86 60 53 60,réseauvoice@réseauvoice.bj,réseauvoice.bj,Grande (>200),B2B,LinkedIn,,Actif,2026-06-29T00:22:55.257310,haute
BJ-0ADC3213,FAI,Télécommunications,Bembéréké,+229 96 17 97 87,fai@fai.org.bj,fai.bj,PME (10-50),B2B,LinkedIn,,Actif,2026-06-29T00:22:55.257324,haute
BJ-ECD38E32,Fréquence,Télécommunications,Bembéréké,+229 73 46 71 98,fréquence@hotmail.com,fréquence.bj,PME (50-200),B2B,LinkedIn,,Actif,2026-06-29T00:22:55.257343,haute
BJ-59AAC7D2,Satellite,Télécommunications,Bembéréké,+229 99 75 73 22,,satellite.bj,PME (50-200),B2B,LinkedIn,,Actif,2026-06-29T00:22:55.257355,moyenne
BJ-B0957036,Opérateur Bembéréké,Télécommunications,Bembéréké,+229 24 14 19 86,opérateur.bembéréké@hotmail.com,opérateurbembéréké.bj,PME (50-200),B2B,LinkedIn,,Actif,2026-06-29T00:22:55.257373,haute
BJ-6C90BCE3,Digital Hosted,Télécommunications,Kalalé,+229 21 10 96 61,d.hosted@digitalhosted.org.bj,digitalhosted.bj,TPE (<10),B2B,LinkedIn,,Actif,2026-06-29T00:22:55.257400,haute
BJ-534C6788,Communication SA,Télécommunications,Kalalé,+229 30 70 18 63,communication@communicationsa.bj,communicationsa.bj,PME (50-200),B2B,LinkedIn,,Actif,2026-06-29T00:22:55.257416,haute
BJ-30208208,Satellite Bandwidth,Télécommunications,Kalalé,+229 79 34 41 64,satellite.bandwidth@yahoo.fr,satellitebandwidth.bj,TPE (<10),B2C,LinkedIn,,Actif,2026-06-29T00:22:55.257432,haute
BJ-B80E03FA,Fiber Connect,Télécommunications,Kalalé,+229 40 63 96 18,fiber.connect@gmail.com,fiberconnect.bj,TPE (<10),B2C,LinkedIn,,Actif,2026-06-29T00:22:55.257447,haute
BJ-131A7E4C,Internet Provider Kalalé,Télécommunications,Kalalé,+229 74 12 22 19,internetprovider@gmail.com,internetproviderkalalé.bj,TPE (<10),B2B,LinkedIn,,Actif,2026-06-29T00:22:55.257463,haute
BJ-F394A670,Coaxial Ndali,Télécommunications,Ndali,+229 48 69 56 96,coaxial.ndali@yahoo.fr,coaxialndali.bj,TPE (<10),B2C,LinkedIn,,Actif,2026-06-29T00:22:55.257486,haute
BJ-78EAF4D3,Sans Connect,Télécommunications,Ndali,+229 52 57 78 78,sansconnect@hotmail.com,sansconnect.bj,PME (50-200),B2C,LinkedIn,,Actif,2026-06-29T00:22:55.257502,haute
BJ-26966C25,SD-WAN Groupe,Télécommunications,Ndali,+229 66 46 73 64,w.groupe@outlook.com,sdwangroupe.bj,TPE (<10),B2C,LinkedIn,,Actif,2026-06-29T00:22:55.257535,haute
BJ-3D074522,Data,Télécommunications,Ndali,+229 26 92 70 87,data@yahoo.fr,data.bj,TPE (<10),B2C,LinkedIn,,Actif,2026-06-29T00:22:55.257549,haute
BJ-6F64F712,Radio,Télécommunications,Ségbana,+229 49 32 48 56,radio@yahoo.fr,radio.bj,PME (50-200),B2B,LinkedIn,,Actif,2026-06-29T00:22:55.257585,haute
BJ-3E8D7F98,Digital Haut Networks Ségbana,Télécommunications,Ségbana,+229 46 73 50 99,digital_haut@outlook.com,digitalhautnetworksségbana.bj,Grande (>200),B2B,LinkedIn,,Actif,2026-06-29T00:22:55.257602,haute
BJ-D0AEB1AB,Digital ISP International,Télécommunications,Ségbana,+229 57 15 60 51,d.isp@yahoo.com,digitalispinternational.bj,TPE (<10),B2C,LinkedIn,,Actif,2026-06-29T00:22:55.257622,haute
BJ-3C3FFA8E,Relais,Télécommunications,Ségbana,+229 65 16 95 31,relais@relais.com.bj,relais.bj,PME (10-50),B2B,LinkedIn,,Actif,2026-06-29T00:22:55.257636,haute
BJ-4C41C97F,Digital SD-WAN International,Télécommunications,Tchaourou,+229 44 68 56 54,digitalwan@yahoo.fr,digitalsdwaninternational.bj,TPE (<10),B2C,LinkedIn,,Actif,2026-06-29T00:22:55.257684,haute
BJ-47ECC6B7,Sans SARL,Télécommunications,Tchaourou,+229 57 61 28 30,s.sarl@sanssarl.org.bj,sanssarl.bj,PME (50-200),B2C,LinkedIn,,Actif,2026-06-29T00:22:55.257703,haute
BJ-8C187B82,Hosted Groupe,Télécommunications,Tchaourou,+229 38 44 89 92,hosted.groupe@outlook.com,hostedgroupe.bj,TPE (<10),B2B,LinkedIn,,Actif,2026-06-29T00:22:55.257719,haute
BJ-62499C32,SD-WAN Groupe Tchaourou,Télécommunications,Tchaourou,+229 77 88 35 26,wangroupe@sdwangroupetcha.org.bj,sdwangroupetchaourou.bj,PME (10-50),B2C,LinkedIn,,Actif,2026-06-29T00:22:55.257735,haute
BJ-BB41FDA0,4G Bétérou,Télécommunications,Bétérou,+229 46 19 66 34,bétérou@gmail.com,4gbétérou.bj,TPE (<10),B2B,LinkedIn,,Actif,2026-06-29T00:22:55.257758,haute
BJ-9A00DC0F,Réseau ISP Africa,Télécommunications,Bétérou,+229 97 81 71 29,réseau.isp@yahoo.com,,PME (10-50),B2C,LinkedIn,,Actif,2026-06-29T00:22:55.257789,moyenne
BJ-0B5F89EE,Fiber Provider Bétérou,Télécommunications,Bétérou,+229 47 66 59 78,fiberprovider@fiberproviderbé.bj,fiberproviderbétérou.bj,Grande (>200),B2C,LinkedIn,,Actif,2026-06-29T00:22:55.257808,haute
BJ-FE029C5F,LTE,Télécommunications,Bétérou,+229 86 21 14 71,lte@lte.com.bj,lte.bj,TPE (<10),B2C,LinkedIn,,Actif,2026-06-29T00:22:55.257822,haute
BJ-730C66E3,Wireless Réseau,Télécommunications,Ouessè,+229 93 99 48 42,,wirelessréseau.bj,PME (10-50),B2B,LinkedIn,,Actif,2026-06-29T00:22:55.257841,moyenne
BJ-82955615,Fiber Trunk,Télécommunications,Ouessè,+229 78 39 42 81,fiber.trunk@yahoo.fr,,TPE (<10),B2B,LinkedIn,,Actif,2026-06-29T00:22:55.257873,moyenne
BJ-C40E0583,Digital Câble Telecom,Télécommunications,Ouessè,+229 88 53 86 28,digitalcâble@digitalcâbletel.com.bj,digitalcâbletelecom.bj,PME (10-50),B2B,LinkedIn,,Actif,2026-06-29T00:22:55.257926,haute
BJ-3B04CF8D,Fibre,Télécommunications,Ouessè,+229 21 42 92 52,fibre@outlook.com,fibre.bj,PME (10-50),B2C,LinkedIn,,Actif,2026-06-29T00:22:55.257946,haute
BJ-0B8C1163,Internet Satellite,Télécommunications,Ouessè,+229 29 87 90 39,internetsatellite@internetsatelli.org.bj,internetsatellite.bj,PME (10-50),B2C,LinkedIn,,Actif,2026-06-29T00:22:55.257964,haute
BJ-02D647CD,Fibre SARL,Télécommunications,Glazoué,+229 91 15 52 41,f.sarl@fibresarl.org.bj,fibresarl.bj,TPE (<10),B2C,LinkedIn,,Actif,2026-06-29T00:22:55.257999,haute
BJ-4AF43D83,Digital Ping Connect Glazoué,Télécommunications,Glazoué,+229 76 26 17 99,digital_ping@digitalpingconn.bj,digitalpingconnectglazoué.bj,PME (10-50),B2C,LinkedIn,,Actif,2026-06-29T00:22:55.258033,haute
BJ-E79E1F06,Relais Telecom,Télécommunications,Glazoué,+229 43 94 92 33,relaistelecom@relaistelecom.org.bj,relaistelecom.bj,Grande (>200),B2B,LinkedIn,,Actif,2026-06-29T00:22:55.258067,haute
BJ-999B202B,Fiber Digital International,Télécommunications,Glazoué,+229 95 26 80 10,,fiberdigitalinternational.bj,TPE (<10),B2B,LinkedIn,,Actif,2026-06-29T00:22:55.258101,moyenne
BJ-8E29AD4B,Connect PBX Africa Dassa-Zoumè,Télécommunications,Dassa-Zoumè,+229 65 93 26 67,connect.pbx@hotmail.com,connectpbxafricadassazoumè.bj,PME (10-50),B2C,LinkedIn,,Actif,2026-06-29T00:22:55.258129,haute
BJ-E6A93B77,Digital Connect SARL,Télécommunications,Dassa-Zoumè,+229 24 71 51 49,digital_connect@yahoo.com,digitalconnectsarl.bj,TPE (<10),B2B,LinkedIn,,Actif,2026-06-29T00:22:55.258147,haute
BJ-AAF9D694,Connect Radio Bénin,Télécommunications,Dassa-Zoumè,+229 76 14 53 90,connectradio@yahoo.com,connectradiobénin.bj,PME (50-200),B2B,LinkedIn,,Actif,2026-06-29T00:22:55.258173,haute
BJ-A93AC1CC,Réseau SIP Dassa-Zoumè,Télécommunications,Dassa-Zoumè,+229 87 22 82 66,réseau.sip@outlook.com,réseausipdassazoumè.bj,PME (50-200),B2C,LinkedIn,,Actif,2026-06-29T00:22:55.258192,haute
BJ-0FA25872,Trunk,Télécommunications,Dassa-Zoumè,+229 72 36 13 76,trunk@trunk.org.bj,trunk.bj,TPE (<10),B2B,LinkedIn,,Actif,2026-06-29T00:22:55.258208,haute
BJ-1E44D10F,Digital SIP,Télécommunications,Savalou,+229 20 60 35 56,digital.sip@gmail.com,digitalsip.bj,PME (10-50),B2B,LinkedIn,,Actif,2026-06-29T00:22:55.258262,haute
BJ-62B510BB,Internet MPLS,Télécommunications,Savalou,+229 47 29 54 36,internetmpls@internetmpls.bj,,TPE (<10),B2C,LinkedIn,,Actif,2026-06-29T00:22:55.258278,moyenne
BJ-7671DC81,Wireless Satellite Connect,Télécommunications,Savalou,+229 34 10 80 32,wireless.satellite@yahoo.com,wirelesssatelliteconnect.bj,TPE (<10),B2B,LinkedIn,,Actif,2026-06-29T00:22:55.258294,haute
BJ-267345EC,Réseau Bantè,Télécommunications,Bantè,+229 83 95 87 71,réseau.bantè@yahoo.fr,réseaubantè.bj,Grande (>200),B2C,LinkedIn,,Actif,2026-06-29T00:22:55.258320,haute
BJ-F00FAD5A,Réseau Câble,Télécommunications,Bantè,+229 30 44 10 54,r.câble@yahoo.fr,réseaucâble.bj,TPE (<10),B2C,LinkedIn,,Actif,2026-06-29T00:22:55.258338,haute
BJ-33A7C20C,Internet Networks Bantè,Télécommunications,Bantè,+229 33 36 74 86,internet.networks@internetnetwork.com.bj,internetnetworksbantè.bj,TPE (<10),B2B,LinkedIn,,Actif,2026-06-29T00:22:55.258359,haute
BJ-633AA557,Opérateur Bénin,Télécommunications,Bantè,+229 38 36 69 55,opérateur.bénin@yahoo.com,opérateurbénin.bj,PME (50-200),B2B,LinkedIn,,Actif,2026-06-29T00:22:55.258377,haute
BJ-DE46C0B4,Relais SA,Télécommunications,Bantè,+229 59 73 43 15,relais@yahoo.com,relaissa.bj,PME (50-200),B2B,LinkedIn,,Actif,2026-06-29T00:22:55.258392,haute
BJ-4483365C,Satellite Ping Groupe Djougou,Télécommunications,Djougou,+229 61 93 35 30,satelliteping@yahoo.com,,TPE (<10),B2C,LinkedIn,,Actif,2026-06-29T00:22:55.258435,moyenne
BJ-A1511931,Wireless Latence SA,Télécommunications,Djougou,+229 94 32 67 71,w.latence@outlook.com,wirelesslatencesa.bj,Grande (>200),B2C,LinkedIn,,Actif,2026-06-29T00:22:55.258450,haute
BJ-D675C398,Mobile Cloud,Télécommunications,Djougou,+229 94 38 66 34,mobile.cloud@mobilecloud.org.bj,mobilecloud.bj,PME (50-200),B2C,LinkedIn,,Actif,2026-06-29T00:22:55.258466,haute
BJ-9CB848CC,Fil International,Télécommunications,Djougou,+229 26 26 13 48,filinternational@gmail.com,filinternational.bj,Grande (>200),B2C,LinkedIn,,Actif,2026-06-29T00:22:55.258483,haute
BJ-4D3BB896,Wireless Fiber Africa,Télécommunications,Ouèssè,+229 68 29 76 78,wirelessfiber@yahoo.com,wirelessfiberafrica.bj,TPE (<10),B2B,LinkedIn,,Actif,2026-06-29T00:22:55.258507,haute
BJ-26A1241A,Wireless Câble Bénin Ouèssè,Télécommunications,Ouèssè,+229 49 45 39 92,w.câble@yahoo.fr,wirelesscâblebéninouèssè.bj,PME (10-50),B2C,LinkedIn,,Actif,2026-06-29T00:22:55.258557,haute
BJ-34D90BE7,Connect Couverture,Télécommunications,Ouèssè,+229 51 75 55 79,connectcouverture@connectcouvertu.bj,connectcouverture.bj,PME (10-50),B2C,LinkedIn,,Actif,2026-06-29T00:22:55.258601,haute
BJ-2A3B0D30,Centrex,Télécommunications,Ouèssè,+229 61 23 30 53,centrex@yahoo.fr,centrex.bj,TPE (<10),B2B,LinkedIn,,Actif,2026-06-29T00:22:55.258632,haute
BJ-09B9391A,Satellite Telecom,Télécommunications,Bassila,+229 42 84 93 34,s.telecom@yahoo.fr,satellitetelecom.bj,TPE (<10),B2C,LinkedIn,,Actif,2026-06-29T00:22:55.258682,haute
BJ-5BA8872E,Télécom Wireless,Télécommunications,Bassila,+229 81 87 56 39,télécomwireless@gmail.com,télécomwireless.bj,PME (10-50),B2B,LinkedIn,,Actif,2026-06-29T00:22:55.258727,haute
BJ-0B98C5B6,Fiber Télécom Telecom,Télécommunications,Bassila,+229 66 40 70 51,f.télécom@yahoo.com,fibertélécomtelecom.bj,PME (50-200),B2B,LinkedIn,,Actif,2026-06-29T00:22:55.258767,haute
BJ-5290880B,Débit SARL,Télécommunications,Bassila,+229 28 80 28 20,d.sarl@yahoo.com,débitsarl.bj,TPE (<10),B2C,LinkedIn,,Actif,2026-06-29T00:22:55.258810,haute
BJ-922BA19C,Digital Hosted Networks,Télécommunications,Bassila,+229 29 44 44 20,digital.hosted@digitalhostedne.org.bj,digitalhostednetworks.bj,PME (50-200),B2B,LinkedIn,,Actif,2026-06-29T00:22:55.258853,haute
BJ-AB4EE06D,Satellite Haut SA,Télécommunications,Pehunco,+229 34 69 67 60,satellitehaut@satellitehautsa.org.bj,satellitehautsa.bj,TPE (<10),B2B,LinkedIn,,Actif,2026-06-29T00:22:55.258925,haute
BJ-22CA0BCB,Ping Pehunco,Télécommunications,Pehunco,+229 41 16 52 60,ping_pehunco@pingpehunco.org.bj,pingpehunco.bj,PME (50-200),B2B,LinkedIn,,Actif,2026-06-29T00:22:55.258965,haute
BJ-7E80DD12,Satellite Telecom Pehunco,Télécommunications,Pehunco,+229 46 48 91 45,satellite.telecom@satelliteteleco.org.bj,satellitetelecompehunco.bj,PME (10-50),B2C,LinkedIn,,Actif,2026-06-29T00:22:55.259018,haute
BJ-11FA6F40,Mobile SA,Télécommunications,Pehunco,+229 72 68 23 63,mobile@gmail.com,mobilesa.bj,TPE (<10),B2B,LinkedIn,,Actif,2026-06-29T00:22:55.259060,haute
BJ-7CAEBABA,Satellite Cloud International Pehunco,Télécommunications,Pehunco,+229 29 56 28 12,satellitecloud@satellitecloudi.com.bj,,PME (50-200),B2C,LinkedIn,,Actif,2026-06-29T00:22:55.259098,moyenne
BJ-D23DF248,Fiber Provider SA Copargo,Télécommunications,Copargo,+229 52 37 28 70,fiberprovider@hotmail.com,fiberprovidersacopargo.bj,PME (10-50),B2B,LinkedIn,,Actif,2026-06-29T00:22:55.259153,haute
BJ-85EFF9CE,Cloud Groupe,Télécommunications,Copargo,+229 20 30 37 21,cloudgroupe@cloudgroupe.bj,cloudgroupe.bj,PME (10-50),B2C,LinkedIn,,Actif,2026-06-29T00:22:55.259196,haute
BJ-D24A942A,Latence,Télécommunications,Copargo,+229 42 40 48 39,latence@yahoo.com,,TPE (<10),B2B,LinkedIn,,Actif,2026-06-29T00:22:55.259238,moyenne
BJ-C40EFCFE,Mobile Télécom,Télécommunications,Copargo,+229 47 46 28 86,m.télécom@mobiletélécom.bj,mobiletélécom.bj,TPE (<10),B2C,LinkedIn,,Actif,2026-06-29T00:22:55.259302,haute
BJ-2C43B742,Agro Oignon,Agriculture & Agroalimentaire,Cotonou,+229 47 29 99 18,a.oignon@gmail.com,agrooignon.bj,PME (10-50),B2C,LinkedIn,,Actif,2026-06-29T00:22:55.259349,haute
BJ-05F4B39A,Plantation Aubergine Cotonou,Agriculture & Agroalimentaire,Cotonou,+229 40 48 53 29,plantation.aubergine@outlook.com,plantationauberginecotonou.bj,PME (50-200),B2C,LinkedIn,,Actif,2026-06-29T00:22:55.259377,haute
BJ-AC53966F,Domaine Cacao Agro,Agriculture & Agroalimentaire,Cotonou,+229 84 84 26 27,,domainecacaoagro.bj,TPE (<10),B2B,LinkedIn,,Actif,2026-06-29T00:22:55.259409,moyenne
BJ-829DD4D6,Domaine Ananas Plantation Cotonou,Agriculture & Agroalimentaire,Cotonou,+229 67 12 46 97,,,TPE (<10),B2B,LinkedIn,,Actif,2026-06-29T00:22:55.259432,basse
BJ-FA410C58,Plantation Café,Agriculture & Agroalimentaire,Cotonou,+229 28 22 34 93,p.café@yahoo.com,,Grande (>200),B2B,LinkedIn,,Actif,2026-06-29T00:22:55.259469,moyenne
BJ-5826CB0E,Agro Cire Bénin,Agriculture & Agroalimentaire,Abomey-Calavi,+229 50 80 84 84,agro_cire@hotmail.com,,TPE (<10),B2B,LinkedIn,,Actif,2026-06-29T00:22:55.259516,moyenne
BJ-4410ACD3,Plantation Transformation,Agriculture & Agroalimentaire,Abomey-Calavi,+229 69 53 89 96,plantation.transformation@plantationtrans.bj,,TPE (<10),B2C,LinkedIn,,Actif,2026-06-29T00:22:55.259547,moyenne
BJ-AEED86FF,SARL Mangue,Agriculture & Agroalimentaire,Abomey-Calavi,+229 46 45 93 80,s.mangue@sarlmangue.com.bj,sarlmangue.bj,TPE (<10),B2C,LinkedIn,,Actif,2026-06-29T00:22:55.259605,haute
BJ-7878A260,Exploitation Riz,Agriculture & Agroalimentaire,Abomey-Calavi,+229 40 80 17 71,exploitationriz@outlook.com,exploitationriz.bj,Grande (>200),B2B,LinkedIn,,Actif,2026-06-29T00:22:55.259645,haute
BJ-4FA700A3,Domaine Lait Porto-Novo,Agriculture & Agroalimentaire,Porto-Novo,+229 70 64 29 19,domainelait@gmail.com,,PME (10-50),B2B,LinkedIn,,Actif,2026-06-29T00:22:55.259691,moyenne
BJ-3EABBF36,Coopérative Anacarde,Agriculture & Agroalimentaire,Porto-Novo,+229 42 70 89 98,coopérativeanacarde@outlook.com,coopérativeanacarde.bj,PME (10-50),B2B,LinkedIn,,Actif,2026-06-29T00:22:55.259753,haute
BJ-B17DCDEE,Taro SARL,Agriculture & Agroalimentaire,Porto-Novo,+229 83 78 98 32,taro.sarl@tarosarl.bj,,Grande (>200),B2C,LinkedIn,,Actif,2026-06-29T00:22:55.259810,moyenne
BJ-F6F68040,Ets Cacao,Agriculture & Agroalimentaire,Parakou,+229 71 47 39 73,ets.cacao@etscacao.org.bj,,Grande (>200),B2C,LinkedIn,,Actif,2026-06-29T00:22:55.259854,moyenne
BJ-F80497BC,Coopérative Igname Africa,Agriculture & Agroalimentaire,Parakou,+229 84 16 91 77,coopérative.igname@coopérativeigna.com.bj,coopérativeignameafrica.bj,TPE (<10),B2C,LinkedIn,,Actif,2026-06-29T00:22:55.259905,haute
BJ-E1731737,Ets Millet,Agriculture & Agroalimentaire,Parakou,+229 56 36 47 58,,,PME (10-50),B2B,LinkedIn,,Actif,2026-06-29T00:22:55.259929,basse
BJ-03698FAF,Groupe Miel Africa,Agriculture & Agroalimentaire,Parakou,+229 73 98 95 29,groupe.miel@groupemielafric.org.bj,,TPE (<10),B2C,LinkedIn,,Actif,2026-06-29T00:22:55.260009,moyenne
BJ-75997D74,Bétail Bohicon,Agriculture & Agroalimentaire,Bohicon,+229 47 17 23 17,bétail.bohicon@bétailbohicon.org.bj,,TPE (<10),B2C,LinkedIn,,Actif,2026-06-29T00:22:55.260065,moyenne
BJ-385F9DCF,Santé Bénin,Agriculture & Agroalimentaire,Bohicon,+229 41 76 92 64,santébénin@santébénin.com.bj,santébénin.bj,PME (50-200),B2B,LinkedIn,,Actif,2026-06-29T00:22:55.260116,haute
BJ-7DCE54A6,Mouton Plantation,Agriculture & Agroalimentaire,Bohicon,+229 75 17 32 80,,moutonplantation.bj,TPE (<10),B2C,LinkedIn,,Actif,2026-06-29T00:22:55.260153,moyenne
BJ-6ACB360C,Exploitation Taro,Agriculture & Agroalimentaire,Bohicon,+229 69 48 24 78,,exploitationtaro.bj,PME (50-200),B2B,LinkedIn,,Actif,2026-06-29T00:22:55.260221,moyenne
BJ-43D8E3FA,Ets Lait,Agriculture & Agroalimentaire,Natitingou,+229 84 34 25 83,,etslait.bj,TPE (<10),B2B,LinkedIn,,Actif,2026-06-29T00:22:55.260258,moyenne
BJ-04C54FDF,Ets Coton Groupe Natitingou,Agriculture & Agroalimentaire,Natitingou,+229 67 24 42 16,ets.coton@outlook.com,,TPE (<10),B2C,LinkedIn,,Actif,2026-06-29T00:22:55.260285,moyenne
BJ-9CF3E885,Groupe Igname Production,Agriculture & Agroalimentaire,Natitingou,+229 89 81 15 45,g.igname@hotmail.com,groupeignameproduction.bj,TPE (<10),B2C,LinkedIn,,Actif,2026-06-29T00:22:55.260317,haute
BJ-B3F692BB,Ferme Vétérinaire Production Natitingou,Agriculture & Agroalimentaire,Natitingou,+229 86 46 87 60,f.vétérinaire@fermevétérinair.org.bj,fermevétérinaireproductionnatitingou.bj,TPE (<10),B2C,LinkedIn,,Actif,2026-06-29T00:22:55.260381,haute
BJ-B34D5221,Engrais,Agriculture & Agroalimentaire,Natitingou,+229 27 54 64 71,engrais@yahoo.fr,engrais.bj,Grande (>200),B2C,LinkedIn,,Actif,2026-06-29T00:22:55.260428,haute
BJ-ABB04460,Engrais Farm Lokossa,Agriculture & Agroalimentaire,Lokossa,+229 38 35 74 98,,engraisfarmlokossa.bj,Grande (>200),B2C,LinkedIn,,Actif,2026-06-29T00:22:55.260476,moyenne
BJ-D2786663,Vétérinaire Coop,Agriculture & Agroalimentaire,Lokossa,+229 83 29 64 78,vétérinairecoop@vétérinairecoop.org.bj,,PME (10-50),B2C,LinkedIn,,Actif,2026-06-29T00:22:55.260532,moyenne
BJ-6B44BD71,Groupe Chèvre Ets,Agriculture & Agroalimentaire,Lokossa,+229 84 12 48 16,g.chèvre@hotmail.com,,Grande (>200),B2C,LinkedIn,,Actif,2026-06-29T00:22:55.260597,moyenne
BJ-F416990B,Production Oignon Plantation,Agriculture & Agroalimentaire,Lokossa,+229 39 20 21 44,production.oignon@productionoigno.bj,,PME (10-50),B2C,LinkedIn,,Actif,2026-06-29T00:22:55.260644,moyenne
BJ-F6D2EC81,Agro Cacao Farm,Agriculture & Agroalimentaire,Lokossa,+229 63 63 84 93,agro_cacao@yahoo.com,agrocacaofarm.bj,TPE (<10),B2C,LinkedIn,,Actif,2026-06-29T00:22:55.260688,haute
BJ-90114B86,Ferme Farm,Agriculture & Agroalimentaire,Ouidah,+229 76 69 62 53,,fermefarm.bj,TPE (<10),B2B,LinkedIn,,Actif,2026-06-29T00:22:55.260743,moyenne
BJ-7E36BF49,Ferme Aquaculture Plantation,Agriculture & Agroalimentaire,Ouidah,+229 74 16 95 33,ferme.aquaculture@hotmail.com,,Grande (>200),B2B,LinkedIn,,Actif,2026-06-29T00:22:55.260783,moyenne
BJ-B6C9A1DB,Ets Pêche Africa,Agriculture & Agroalimentaire,Ouidah,+229 58 31 12 35,,etspêcheafrica.bj,PME (50-200),B2B,LinkedIn,,Actif,2026-06-29T00:22:55.260832,moyenne
BJ-74BB8422,Ets Cacao,Agriculture & Agroalimentaire,Ouidah,+229 96 40 30 52,e.cacao@yahoo.fr,,PME (50-200),B2B,LinkedIn,,Actif,2026-06-29T00:22:55.260883,moyenne
BJ-139AE212,Groupe Pêche Groupe,Agriculture & Agroalimentaire,Savalou,+229 47 37 89 18,g.pêche@groupepêchegrou.org.bj,groupepêchegroupe.bj,PME (10-50),B2B,LinkedIn,,Actif,2026-06-29T00:22:55.261136,haute
BJ-912D056C,Exploitation Lait,Agriculture & Agroalimentaire,Savalou,+229 20 26 62 97,exploitationlait@exploitationlai.bj,exploitationlait.bj,PME (50-200),B2C,LinkedIn,,Actif,2026-06-29T00:22:55.261288,haute
BJ-B6D0163B,Anacarde Agro,Agriculture & Agroalimentaire,Savalou,+229 64 48 18 14,,anacardeagro.bj,Grande (>200),B2C,LinkedIn,,Actif,2026-06-29T00:22:55.261322,moyenne
BJ-582D25DA,Production Transformation,Agriculture & Agroalimentaire,Savalou,+229 43 48 45 19,production_transformation@outlook.com,productiontransformation.bj,PME (10-50),B2C,LinkedIn,,Actif,2026-06-29T00:22:55.261355,haute
BJ-CA57562D,SARL Millet,Agriculture & Agroalimentaire,Dassa-Zoumè,+229 80 61 84 80,sarl_millet@sarlmillet.bj,sarlmillet.bj,Grande (>200),B2B,LinkedIn,,Actif,2026-06-29T00:22:55.261425,haute
BJ-A63AFCFB,Santé Ets,Agriculture & Agroalimentaire,Dassa-Zoumè,+229 21 42 41 55,santéets@santéets.org.bj,santéets.bj,PME (10-50),B2C,LinkedIn,,Actif,2026-06-29T00:22:55.261456,haute
BJ-B0936D64,Domaine Cire Ets,Agriculture & Agroalimentaire,Dassa-Zoumè,+229 55 82 32 80,domaine_cire@domainecireets.bj,domainecireets.bj,TPE (<10),B2C,LinkedIn,,Actif,2026-06-29T00:22:55.261487,haute
BJ-A2ACF47F,SARL Pêche Dassa-Zoumè,Agriculture & Agroalimentaire,Dassa-Zoumè,+229 76 75 71 94,,sarlpêchedassazoumè.bj,PME (50-200),B2B,LinkedIn,,Actif,2026-06-29T00:22:55.261512,moyenne
BJ-B3D338A3,Ferme Industrie,Agriculture & Agroalimentaire,Kétou,+229 49 42 91 38,ferme.industrie@outlook.com,fermeindustrie.bj,PME (10-50),B2C,LinkedIn,,Actif,2026-06-29T00:22:55.261558,haute
BJ-797D7C79,SARL Élevage SARL,Agriculture & Agroalimentaire,Kétou,+229 57 20 76 68,,sarlélevagesarl.bj,PME (10-50),B2C,LinkedIn,,Actif,2026-06-29T00:22:55.261606,moyenne
BJ-BD01EB26,Lait Production,Agriculture & Agroalimentaire,Kétou,+229 20 10 99 81,lait.production@laitproduction.org.bj,laitproduction.bj,TPE (<10),B2C,LinkedIn,,Actif,2026-06-29T00:22:55.261651,haute
BJ-7BCB423F,Plantation Riz Ets,Agriculture & Agroalimentaire,Kétou,+229 69 46 48 32,,plantationrizets.bj,PME (50-200),B2C,LinkedIn,,Actif,2026-06-29T00:22:55.261678,moyenne
BJ-C45887A1,Exploitation Mouton Groupe,Agriculture & Agroalimentaire,Kétou,+229 43 61 45 72,exploitation.mouton@outlook.com,,TPE (<10),B2C,LinkedIn,,Actif,2026-06-29T00:22:55.261713,moyenne
BJ-3ABD06D7,Coopérative Cacao Farm,Agriculture & Agroalimentaire,Covè,+229 24 17 66 93,coopérative_cacao@coopérativecaca.bj,,TPE (<10),B2B,LinkedIn,,Actif,2026-06-29T00:22:55.261766,moyenne
BJ-D97CCB8A,SARL Aquaculture Agro Covè,Agriculture & Agroalimentaire,Covè,+229 26 71 51 58,sarl.aquaculture@sarlaquaculture.org.bj,sarlaquacultureagrocovè.bj,TPE (<10),B2B,LinkedIn,,Actif,2026-06-29T00:22:55.261816,haute
BJ-750E9998,Groupe Pesticide,Agriculture & Agroalimentaire,Covè,+229 45 85 48 37,groupepesticide@yahoo.fr,groupepesticide.bj,PME (10-50),B2C,LinkedIn,,Actif,2026-06-29T00:22:55.261849,haute
BJ-EF1895EC,Animale Farm Covè,Agriculture & Agroalimentaire,Covè,+229 44 35 29 52,animale.farm@hotmail.com,animalefarmcovè.bj,PME (10-50),B2B,LinkedIn,,Actif,2026-06-29T00:22:55.261879,haute
BJ-30B6C4AE,Industrie,Agriculture & Agroalimentaire,Covè,+229 43 11 97 12,,,Grande (>200),B2B,LinkedIn,,Actif,2026-06-29T00:22:55.261923,basse
BJ-D9C171D2,Domaine Légume,Agriculture & Agroalimentaire,Pobè,+229 29 77 33 80,,,Grande (>200),B2B,LinkedIn,,Actif,2026-06-29T00:22:55.261967,basse
BJ-E1972BB1,Ets Porc Farm,Agriculture & Agroalimentaire,Pobè,+229 36 31 87 78,,etsporcfarm.bj,PME (50-200),B2B,LinkedIn,,Actif,2026-06-29T00:22:55.261988,moyenne
BJ-8DF0D5E8,Chèvre Pobè,Agriculture & Agroalimentaire,Pobè,+229 92 46 97 53,c.pobè@chèvrepobè.org.bj,chèvrepobè.bj,TPE (<10),B2C,LinkedIn,,Actif,2026-06-29T00:22:55.262029,haute
BJ-32682480,Tomate Farm,Agriculture & Agroalimentaire,Pobè,+229 92 76 62 37,tomatefarm@tomatefarm.org.bj,,TPE (<10),B2B,LinkedIn,,Actif,2026-06-29T00:22:55.262107,moyenne
BJ-6A18B3E1,Mangue Groupe,Agriculture & Agroalimentaire,Sakété,+229 89 77 96 94,manguegroupe@manguegroupe.bj,manguegroupe.bj,PME (10-50),B2B,LinkedIn,,Actif,2026-06-29T00:22:55.262154,haute
BJ-86B99D45,Céréale,Agriculture & Agroalimentaire,Sakété,+229 63 72 11 68,,,TPE (<10),B2B,LinkedIn,,Actif,2026-06-29T00:22:55.262180,basse
BJ-41B95AE3,Ets Transformation Farm Sakété,Agriculture & Agroalimentaire,Sakété,+229 61 22 77 29,ets_transformation@gmail.com,,PME (10-50),B2B,LinkedIn,,Actif,2026-06-29T00:22:55.262215,moyenne
BJ-998826A9,Cacao Groupe,Agriculture & Agroalimentaire,Sakété,+229 46 85 14 97,cacao.groupe@cacaogroupe.bj,,PME (50-200),B2B,LinkedIn,,Actif,2026-06-29T00:22:55.262251,moyenne
BJ-10868C5E,Ets Huile SARL Sakété,Agriculture & Agroalimentaire,Sakété,+229 64 49 51 82,etshuile@yahoo.com,etshuilesarlsakété.bj,PME (10-50),B2B,LinkedIn,,Actif,2026-06-29T00:22:55.262291,haute
BJ-1167D37A,Millet Adjara,Agriculture & Agroalimentaire,Adjara,+229 81 82 55 31,m.adjara@gmail.com,milletadjara.bj,PME (50-200),B2B,LinkedIn,,Actif,2026-06-29T00:22:55.262332,haute
BJ-8A46BDB1,Production Café Ets,Agriculture & Agroalimentaire,Adjara,+229 38 28 22 51,production.café@productioncafée.org.bj,,TPE (<10),B2C,LinkedIn,,Actif,2026-06-29T00:22:55.262355,moyenne
BJ-7D4B06A7,Coopérative Anacarde Farm Adjara,Agriculture & Agroalimentaire,Adjara,+229 39 73 38 37,coopérativeanacarde@coopérativeanac.bj,coopérativeanacardefarmadjara.bj,PME (10-50),B2C,LinkedIn,,Actif,2026-06-29T00:22:55.262381,haute
BJ-BC78E8D3,Ferme Africa,Agriculture & Agroalimentaire,Adjara,+229 75 77 34 18,fermeafrica@fermeafrica.bj,fermeafrica.bj,PME (50-200),B2C,LinkedIn,,Actif,2026-06-29T00:22:55.262399,haute
BJ-3AA05042,Élevage Farm,Agriculture & Agroalimentaire,Adjara,+229 84 96 93 91,,,PME (10-50),B2C,LinkedIn,,Actif,2026-06-29T00:22:55.262411,basse
BJ-5AFDFFF2,Domaine Igname Agro,Agriculture & Agroalimentaire,Allada,+229 42 18 91 99,domaineigname@hotmail.com,domaineignameagro.bj,Grande (>200),B2C,LinkedIn,,Actif,2026-06-29T00:22:55.262441,haute
BJ-50DCFC2F,Oignon Ets Allada,Agriculture & Agroalimentaire,Allada,+229 41 28 92 44,o.ets@gmail.com,,TPE (<10),B2C,LinkedIn,,Actif,2026-06-29T00:22:55.262510,moyenne
BJ-E1439D0C,Groupe Chèvre Plantation,Agriculture & Agroalimentaire,Allada,+229 22 38 51 10,groupe.chèvre@yahoo.com,groupechèvreplantation.bj,PME (50-200),B2B,LinkedIn,,Actif,2026-06-29T00:22:55.262533,haute
BJ-E38A0DDF,Agro Vétérinaire Africa,Agriculture & Agroalimentaire,Aplahoué,+229 54 99 80 86,agrovétérinaire@agrovétérinaire.bj,agrovétérinaireafrica.bj,TPE (<10),B2C,LinkedIn,,Actif,2026-06-29T00:22:55.262592,haute
BJ-018CFB5C,Production Plantation Aplahoué,Agriculture & Agroalimentaire,Aplahoué,+229 51 93 21 85,productionplantation@productionplant.com.bj,productionplantationaplahoué.bj,TPE (<10),B2B,LinkedIn,,Actif,2026-06-29T00:22:55.262617,haute
BJ-5244BDB7,Groupe Igname,Agriculture & Agroalimentaire,Aplahoué,+229 83 28 18 90,g.igname@groupeigname.org.bj,groupeigname.bj,PME (10-50),B2B,LinkedIn,,Actif,2026-06-29T00:22:55.262638,haute
BJ-10A0B727,Yaourt,Agriculture & Agroalimentaire,Aplahoué,+229 59 13 35 11,yaourt@yahoo.com,,PME (10-50),B2B,LinkedIn,,Actif,2026-06-29T00:22:55.262652,moyenne
BJ-34EF3E23,Plantation Poulet Groupe,Agriculture & Agroalimentaire,Dogbo-Tota,+229 32 43 67 11,plantation.poulet@plantationpoule.bj,plantationpouletgroupe.bj,PME (50-200),B2B,LinkedIn,,Actif,2026-06-29T00:22:55.262684,haute
BJ-9E9DB02F,Production Plantation Groupe Dogbo-Tota,Agriculture & Agroalimentaire,Dogbo-Tota,+229 22 86 26 51,productionplantation@yahoo.com,,TPE (<10),B2C,LinkedIn,,Actif,2026-06-29T00:22:55.262706,moyenne
BJ-0436F71A,Industrie,Agriculture & Agroalimentaire,Dogbo-Tota,+229 44 53 13 93,industrie@yahoo.com,industrie.bj,PME (10-50),B2C,LinkedIn,,Actif,2026-06-29T00:22:55.262722,haute
BJ-7FA00B3F,Coopérative Oignon Groupe Dogbo-Tota,Agriculture & Agroalimentaire,Dogbo-Tota,+229 66 57 42 91,coopérative_oignon@yahoo.com,,PME (10-50),B2B,LinkedIn,,Actif,2026-06-29T00:22:55.262741,moyenne
BJ-106A9411,Exploitation Riz,Agriculture & Agroalimentaire,Dogbo-Tota,+229 92 39 93 95,,exploitationriz.bj,PME (50-200),B2B,LinkedIn,,Actif,2026-06-29T00:22:55.262756,moyenne
BJ-40F1B313,Agro Igname Farm,Agriculture & Agroalimentaire,Kpomassè,+229 77 70 79 44,,,PME (50-200),B2C,LinkedIn,,Actif,2026-06-29T00:22:55.262776,basse
BJ-4C01EB82,Alimentaire Production Kpomassè,Agriculture & Agroalimentaire,Kpomassè,+229 22 33 67 41,alimentaire.production@alimentaireprod.org.bj,,Grande (>200),B2B,LinkedIn,,Actif,2026-06-29T00:22:55.262796,moyenne
BJ-B5AEF793,Gombo Kpomassè,Agriculture & Agroalimentaire,Kpomassè,+229 56 96 75 41,gombo.kpomassè@yahoo.com,gombokpomassè.bj,PME (50-200),B2B,LinkedIn,,Actif,2026-06-29T00:22:55.262819,haute
BJ-3FBED0C5,Agro Mangue Groupe,Agriculture & Agroalimentaire,Kpomassè,+229 87 61 79 70,,,PME (10-50),B2B,LinkedIn,,Actif,2026-06-29T00:22:55.262833,basse
BJ-E3AEB933,Groupe Coton SARL,Agriculture & Agroalimentaire,Kpomassè,+229 29 92 47 16,g.coton@yahoo.fr,,PME (50-200),B2C,LinkedIn,,Actif,2026-06-29T00:22:55.262849,moyenne
BJ-F5177020,Ferme Mangue Farm,Agriculture & Agroalimentaire,Tori-Bossito,+229 39 98 32 55,fermemangue@fermemanguefarm.com.bj,,TPE (<10),B2B,LinkedIn,,Actif,2026-06-29T00:22:55.262875,moyenne
BJ-1F784447,SARL Bétail Bénin,Agriculture & Agroalimentaire,Tori-Bossito,+229 57 13 10 47,s.bétail@yahoo.com,sarlbétailbénin.bj,TPE (<10),B2B,LinkedIn,,Actif,2026-06-29T00:22:55.262915,haute
BJ-52726610,Transformation Groupe Tori-Bossito,Agriculture & Agroalimentaire,Tori-Bossito,+229 26 66 24 26,,,TPE (<10),B2C,LinkedIn,,Actif,2026-06-29T00:22:55.262930,basse
BJ-1EEBF193,Coopérative Café Production,Agriculture & Agroalimentaire,Tori-Bossito,+229 45 47 79 73,coopérativecafé@yahoo.com,,TPE (<10),B2B,LinkedIn,,Actif,2026-06-29T00:22:55.262953,moyenne
BJ-DAD23D99,Taro Agro,Agriculture & Agroalimentaire,Tori-Bossito,+229 38 53 78 24,taroagro@taroagro.com.bj,taroagro.bj,TPE (<10),B2C,LinkedIn,,Actif,2026-06-29T00:22:55.262971,haute
BJ-ED91B9D2,Exploitation Mangue Africa,Agriculture & Agroalimentaire,Grand-Popo,+229 40 45 70 65,exploitation.mangue@yahoo.com,,PME (10-50),B2C,LinkedIn,,Actif,2026-06-29T00:22:55.263010,moyenne
BJ-7CEE956B,Production Fruit,Agriculture & Agroalimentaire,Grand-Popo,+229 35 46 98 72,p.fruit@outlook.com,productionfruit.bj,Grande (>200),B2C,LinkedIn,,Actif,2026-06-29T00:22:55.263032,haute
BJ-9964A63D,Ail Grand-Popo,Agriculture & Agroalimentaire,Grand-Popo,+229 59 24 22 48,ail.grand@ailgrandpopo.bj,ailgrandpopo.bj,Grande (>200),B2C,LinkedIn,,Actif,2026-06-29T00:22:55.263050,haute
BJ-0CCB650E,Domaine Ferme Farm,Agriculture & Agroalimentaire,Grand-Popo,+229 80 35 13 84,d.ferme@hotmail.com,,PME (10-50),B2C,LinkedIn,,Actif,2026-06-29T00:22:55.263065,moyenne
BJ-32DDCCF8,Production Patate Ets,Agriculture & Agroalimentaire,Athiémé,+229 63 67 33 23,p.patate@gmail.com,,PME (50-200),B2C,LinkedIn,,Actif,2026-06-29T00:22:55.263125,moyenne
BJ-F4A97954,Mangue,Agriculture & Agroalimentaire,Athiémé,+229 41 37 35 10,mangue@mangue.bj,,TPE (<10),B2B,LinkedIn,,Actif,2026-06-29T00:22:55.263139,moyenne
BJ-45E91647,Ananas Bénin Athiémé,Agriculture & Agroalimentaire,Athiémé,+229 29 19 32 74,a.bénin@ananasbéninathi.com.bj,ananasbéninathiémé.bj,TPE (<10),B2C,LinkedIn,,Actif,2026-06-29T00:22:55.263159,haute
BJ-958F8556,Plantation Vétérinaire,Agriculture & Agroalimentaire,Bopa,+229 61 86 86 21,p.vétérinaire@plantationvétér.com.bj,plantationvétérinaire.bj,TPE (<10),B2B,LinkedIn,,Actif,2026-06-29T00:22:55.263185,haute
BJ-2A575629,Plantation Pesticide SARL,Agriculture & Agroalimentaire,Bopa,+229 46 91 56 96,,,TPE (<10),B2C,LinkedIn,,Actif,2026-06-29T00:22:55.263198,basse
BJ-19D89101,Ferme Plantation SARL,Agriculture & Agroalimentaire,Bopa,+229 37 82 67 52,,fermeplantationsarl.bj,TPE (<10),B2C,LinkedIn,,Actif,2026-06-29T00:22:55.263215,moyenne
BJ-BD670A8E,Igname Production,Agriculture & Agroalimentaire,Bopa,+229 51 89 93 17,igname.production@ignameproductio.org.bj,,PME (10-50),B2B,LinkedIn,,Actif,2026-06-29T00:22:55.263233,moyenne
BJ-5CD366F1,Engrais Farm,Agriculture & Agroalimentaire,Bopa,+229 36 32 19 19,engraisfarm@engraisfarm.com.bj,engraisfarm.bj,Grande (>200),B2B,LinkedIn,,Actif,2026-06-29T00:22:55.263249,haute
BJ-FA14660C,Aquaculture Ets Houéyogbé,Agriculture & Agroalimentaire,Houéyogbé,+229 81 58 35 22,,,TPE (<10),B2B,LinkedIn,,Actif,2026-06-29T00:22:55.263270,basse
BJ-56A6E84C,Anacarde Bénin,Agriculture & Agroalimentaire,Houéyogbé,+229 41 41 76 22,anacardebénin@hotmail.com,,TPE (<10),B2C,LinkedIn,,Actif,2026-06-29T00:22:55.263288,moyenne
BJ-6C6D49FC,Coopérative Bétail Houéyogbé,Agriculture & Agroalimentaire,Houéyogbé,+229 82 34 28 77,coopérative.bétail@yahoo.com,coopérativebétailhouéyogbé.bj,TPE (<10),B2C,LinkedIn,,Actif,2026-06-29T00:22:55.263312,haute
BJ-CE329244,Ferme Pesticide,Agriculture & Agroalimentaire,Houéyogbé,+229 52 92 96 92,ferme_pesticide@fermepesticide.org.bj,,TPE (<10),B2C,LinkedIn,,Actif,2026-06-29T00:22:55.263333,moyenne
BJ-50E7D55D,Mouton Africa,Agriculture & Agroalimentaire,Houéyogbé,+229 31 48 87 40,moutonafrica@moutonafrica.org.bj,,Grande (>200),B2B,LinkedIn,,Actif,2026-06-29T00:22:55.263349,moyenne
BJ-FECD6F24,Agro Maïs Ets,Agriculture & Agroalimentaire,Malanville,+229 51 25 89 92,,agromaïsets.bj,TPE (<10),B2C,LinkedIn,,Actif,2026-06-29T00:22:55.263371,moyenne
BJ-53824CAF,Plantation Mangue,Agriculture & Agroalimentaire,Malanville,+229 49 84 39 80,p.mangue@yahoo.com,plantationmangue.bj,PME (50-200),B2B,LinkedIn,,Actif,2026-06-29T00:22:55.263388,haute
BJ-8614A318,Ets Taro Ets,Agriculture & Agroalimentaire,Malanville,+229 21 15 36 84,,etstaroets.bj,TPE (<10),B2B,LinkedIn,,Actif,2026-06-29T00:22:55.263404,moyenne
BJ-A66CB2D8,Engrais,Agriculture & Agroalimentaire,Malanville,+229 65 44 35 33,,engrais.bj,PME (50-200),B2B,LinkedIn,,Actif,2026-06-29T00:22:55.263417,moyenne
BJ-273FCFC8,Manioc Farm,Agriculture & Agroalimentaire,Malanville,+229 59 34 53 93,manioc.farm@maniocfarm.org.bj,,PME (10-50),B2C,LinkedIn,,Actif,2026-06-29T00:22:55.263433,moyenne
BJ-E628DA79,Ets Semence Kandi,Agriculture & Agroalimentaire,Kandi,+229 45 22 87 42,ets.semence@hotmail.com,etssemencekandi.bj,PME (50-200),B2C,LinkedIn,,Actif,2026-06-29T00:22:55.263488,haute
BJ-02D9038D,SARL Plantation Africa,Agriculture & Agroalimentaire,Kandi,+229 84 74 87 36,,sarlplantationafrica.bj,TPE (<10),B2C,LinkedIn,,Actif,2026-06-29T00:22:55.263506,moyenne
BJ-F7468AB9,Agro Céréale,Agriculture & Agroalimentaire,Kandi,+229 40 58 67 89,,agrocéréale.bj,TPE (<10),B2C,LinkedIn,,Actif,2026-06-29T00:22:55.263537,moyenne
BJ-E9375892,Agro Animale,Agriculture & Agroalimentaire,Kandi,+229 27 42 98 89,,,PME (50-200),B2B,LinkedIn,,Actif,2026-06-29T00:22:55.263549,basse
BJ-6889B227,Pesticide Ets,Agriculture & Agroalimentaire,Kandi,+229 57 87 73 89,pesticideets@pesticideets.bj,,Grande (>200),B2C,LinkedIn,,Actif,2026-06-29T00:22:55.263567,moyenne
BJ-6BE2D621,Domaine Oignon,Agriculture & Agroalimentaire,Banikoara,+229 38 90 26 42,domaineoignon@hotmail.com,,PME (50-200),B2C,LinkedIn,,Actif,2026-06-29T00:22:55.263597,moyenne
BJ-6FEB2B2B,Domaine Fromage Production,Agriculture & Agroalimentaire,Banikoara,+229 33 79 51 41,domaine.fromage@domainefromagep.com.bj,,TPE (<10),B2C,LinkedIn,,Actif,2026-06-29T00:22:55.263616,moyenne
BJ-15EC59FE,Production Poulet,Agriculture & Agroalimentaire,Banikoara,+229 58 67 74 30,,productionpoulet.bj,PME (50-200),B2C,LinkedIn,,Actif,2026-06-29T00:22:55.263637,moyenne
BJ-6009703F,Coopérative Engrais Africa,Agriculture & Agroalimentaire,Banikoara,+229 68 68 52 76,,coopérativeengraisafrica.bj,PME (10-50),B2C,LinkedIn,,Actif,2026-06-29T00:22:55.263653,moyenne
BJ-2972F87B,Fromage,Agriculture & Agroalimentaire,Banikoara,+229 23 90 24 23,fromage@yahoo.fr,fromage.bj,TPE (<10),B2B,LinkedIn,,Actif,2026-06-29T00:22:55.263668,haute
BJ-0E37A781,Agro Gombo Production Ségbana,Agriculture & Agroalimentaire,Ségbana,+229 26 87 25 98,a.gombo@gmail.com,,TPE (<10),B2B,LinkedIn,,Actif,2026-06-29T00:22:55.263693,moyenne
BJ-6B63F373,Ferme Café Ségbana,Agriculture & Agroalimentaire,Ségbana,+229 37 65 19 27,f.café@fermecaféségban.org.bj,fermecaféségbana.bj,Grande (>200),B2B,LinkedIn,,Actif,2026-06-29T00:22:55.263715,haute
BJ-0784C81E,Pesticide,Agriculture & Agroalimentaire,Ségbana,+229 90 90 92 67,pesticide@pesticide.com.bj,,TPE (<10),B2C,LinkedIn,,Actif,2026-06-29T00:22:55.263730,moyenne
BJ-ECBE8153,Domaine Fruit Groupe,Agriculture & Agroalimentaire,Ségbana,+229 91 50 59 96,domainefruit@domainefruitgro.bj,,PME (10-50),B2C,LinkedIn,,Actif,2026-06-29T00:22:55.263747,moyenne
BJ-6A8AF801,Agro Pesticide Ets,Agriculture & Agroalimentaire,Ségbana,+229 21 44 33 37,,agropesticideets.bj,TPE (<10),B2B,LinkedIn,,Actif,2026-06-29T00:22:55.263760,moyenne
BJ-AE03B679,SARL Tomate Farm,Agriculture & Agroalimentaire,Karimama,+229 95 84 52 44,sarl_tomate@sarltomatefarm.com.bj,,PME (50-200),B2C,LinkedIn,,Actif,2026-06-29T00:22:55.263784,moyenne
BJ-5FA64F5C,Yaourt Production,Agriculture & Agroalimentaire,Karimama,+229 63 83 23 26,yaourt.production@yaourtproductio.bj,,PME (10-50),B2B,LinkedIn,,Actif,2026-06-29T00:22:55.263801,moyenne
BJ-BB022169,Exploitation Lait,Agriculture & Agroalimentaire,Karimama,+229 66 34 25 40,,exploitationlait.bj,PME (10-50),B2B,LinkedIn,,Actif,2026-06-29T00:22:55.263817,moyenne
BJ-5167ADA7,Coton,Agriculture & Agroalimentaire,Karimama,+229 36 14 84 40,,,PME (10-50),B2B,LinkedIn,,Actif,2026-06-29T00:22:55.263829,basse
BJ-657E7C2C,Exploitation Pesticide Africa Karimama,Agriculture & Agroalimentaire,Karimama,+229 90 63 38 79,e.pesticide@exploitationpes.com.bj,,PME (10-50),B2C,LinkedIn,,Actif,2026-06-29T00:22:55.263846,moyenne
BJ-10612FFE,Ail Africa Gogounou,Agriculture & Agroalimentaire,Gogounou,+229 43 66 52 13,,,PME (50-200),B2C,LinkedIn,,Actif,2026-06-29T00:22:55.263865,basse
BJ-4485A4C1,Coopérative Aubergine Farm Gogounou,Agriculture & Agroalimentaire,Gogounou,+229 82 50 86 81,coopérativeaubergine@coopérativeaube.org.bj,,PME (50-200),B2B,LinkedIn,,Actif,2026-06-29T00:22:55.263885,moyenne
BJ-45769FE7,Ferme Engrais Bénin,Agriculture & Agroalimentaire,Gogounou,+229 41 61 71 53,ferme.engrais@hotmail.com,fermeengraisbénin.bj,TPE (<10),B2C,LinkedIn,,Actif,2026-06-29T00:22:55.263919,haute
BJ-0F561C1D,Légume Farm Gogounou,Agriculture & Agroalimentaire,Gogounou,+229 84 22 89 16,,légumefarmgogounou.bj,TPE (<10),B2B,LinkedIn,,Actif,2026-06-29T00:22:55.263939,moyenne
BJ-AD6AB249,Groupe Ferme,Agriculture & Agroalimentaire,Cobly,+229 49 44 94 93,,groupeferme.bj,PME (10-50),B2C,LinkedIn,,Actif,2026-06-29T00:22:55.263980,moyenne
BJ-86AC3061,Fromage SARL,Agriculture & Agroalimentaire,Cobly,+229 48 63 11 79,fromage.sarl@fromagesarl.com.bj,,PME (10-50),B2B,LinkedIn,,Actif,2026-06-29T00:22:55.263996,moyenne
BJ-3C15416D,Groupe Maïs Ets,Agriculture & Agroalimentaire,Cobly,+229 85 98 66 65,g.maïs@yahoo.fr,groupemaïsets.bj,PME (10-50),B2C,LinkedIn,,Actif,2026-06-29T00:22:55.264023,haute
BJ-2D2541A5,Céréale Cobly,Agriculture & Agroalimentaire,Cobly,+229 30 30 30 97,céréale.cobly@yahoo.com,,TPE (<10),B2B,LinkedIn,,Actif,2026-06-29T00:22:55.264040,moyenne
BJ-DB6DB0DF,Anacarde,Agriculture & Agroalimentaire,Cobly,+229 36 64 58 36,anacarde@anacarde.org.bj,anacarde.bj,TPE (<10),B2C,LinkedIn,,Actif,2026-06-29T00:22:55.264055,haute
BJ-5A77E8A8,Fromage,Agriculture & Agroalimentaire,Tanguiéta,+229 46 27 10 37,,,TPE (<10),B2B,LinkedIn,,Actif,2026-06-29T00:22:55.264089,basse
BJ-45EF44DE,Alimentaire,Agriculture & Agroalimentaire,Tanguiéta,+229 76 77 15 94,,,Grande (>200),B2B,LinkedIn,,Actif,2026-06-29T00:22:55.264100,basse
BJ-C9E028F7,Exploitation Mangue Agro Tanguiéta,Agriculture & Agroalimentaire,Tanguiéta,+229 65 45 83 71,exploitation.mangue@outlook.com,exploitationmangueagrotanguiéta.bj,Grande (>200),B2C,LinkedIn,,Actif,2026-06-29T00:22:55.264119,haute
BJ-6EE1F5C6,Mouton Plantation,Agriculture & Agroalimentaire,Tanguiéta,+229 62 12 10 45,mouton.plantation@moutonplantatio.com.bj,moutonplantation.bj,TPE (<10),B2C,LinkedIn,,Actif,2026-06-29T00:22:55.264136,haute
BJ-09434059,Millet Groupe,Agriculture & Agroalimentaire,Matéri,+229 89 25 23 73,m.groupe@hotmail.com,milletgroupe.bj,PME (10-50),B2B,LinkedIn,,Actif,2026-06-29T00:22:55.264159,haute
BJ-D95C742A,Coton,Agriculture & Agroalimentaire,Matéri,+229 58 86 71 89,coton@coton.bj,coton.bj,PME (50-200),B2C,LinkedIn,,Actif,2026-06-29T00:22:55.264175,haute
BJ-8E4D80B0,Agro Transformation Production,Agriculture & Agroalimentaire,Matéri,+229 53 91 79 75,agro.transformation@agrotransformat.bj,agrotransformationproduction.bj,PME (50-200),B2C,LinkedIn,,Actif,2026-06-29T00:22:55.264195,haute
BJ-C32AFE44,Exploitation Lait Farm,Agriculture & Agroalimentaire,Matéri,+229 46 76 23 55,,,TPE (<10),B2C,LinkedIn,,Actif,2026-06-29T00:22:55.264210,basse
BJ-3E6E8CCC,Plantation Plantation,Agriculture & Agroalimentaire,Matéri,+229 41 24 47 87,plantation.plantation@outlook.com,,PME (10-50),B2C,LinkedIn,,Actif,2026-06-29T00:22:55.264226,moyenne
BJ-B2F61153,Cacao,Agriculture & Agroalimentaire,Natitingou,+229 42 35 78 75,cacao@cacao.com.bj,cacao.bj,TPE (<10),B2B,LinkedIn,,Actif,2026-06-29T00:22:55.264247,haute
BJ-AEC0D79B,Ferme Semence,Agriculture & Agroalimentaire,Natitingou,+229 96 20 92 85,ferme.semence@hotmail.com,,TPE (<10),B2C,LinkedIn,,Actif,2026-06-29T00:22:55.264279,moyenne
BJ-0A5CFD29,Exploitation Lait Bénin Natitingou,Agriculture & Agroalimentaire,Natitingou,+229 72 63 79 56,,exploitationlaitbéninnatitingou.bj,PME (10-50),B2C,LinkedIn,,Actif,2026-06-29T00:22:55.264292,moyenne
BJ-3CDAC867,Lait,Agriculture & Agroalimentaire,Natitingou,+229 57 31 70 40,,lait.bj,TPE (<10),B2B,LinkedIn,,Actif,2026-06-29T00:22:55.264304,moyenne
BJ-21AFAB5D,Coopérative Gombo Ets,Agriculture & Agroalimentaire,Toucountouna,+229 72 33 97 37,c.gombo@coopérativegomb.org.bj,coopérativegomboets.bj,TPE (<10),B2C,LinkedIn,,Actif,2026-06-29T00:22:55.264333,haute
BJ-386E4D58,Ferme,Agriculture & Agroalimentaire,Toucountouna,+229 74 58 71 86,,,TPE (<10),B2B,LinkedIn,,Actif,2026-06-29T00:22:55.264346,basse
BJ-9FF48D51,Ets Animale Ets,Agriculture & Agroalimentaire,Toucountouna,+229 56 17 15 23,,etsanimaleets.bj,TPE (<10),B2B,LinkedIn,,Actif,2026-06-29T00:22:55.264362,moyenne
BJ-F3158256,Oignon,Agriculture & Agroalimentaire,Toucountouna,+229 62 67 38 97,oignon@oignon.org.bj,oignon.bj,PME (50-200),B2C,LinkedIn,,Actif,2026-06-29T00:22:55.264378,haute
BJ-AA2B812B,Piment Production,Agriculture & Agroalimentaire,Toucountouna,+229 27 70 18 80,,pimentproduction.bj,PME (50-200),B2B,LinkedIn,,Actif,2026-06-29T00:22:55.264389,moyenne
BJ-5FCB0F23,Exploitation Karité,Agriculture & Agroalimentaire,Boukoumbé,+229 22 41 17 22,exploitationkarité@yahoo.fr,,PME (10-50),B2B,LinkedIn,,Actif,2026-06-29T00:22:55.264413,moyenne
BJ-C804BB8B,Domaine Coton SARL,Agriculture & Agroalimentaire,Boukoumbé,+229 54 96 34 46,domainecoton@domainecotonsar.bj,,PME (10-50),B2C,LinkedIn,,Actif,2026-06-29T00:22:55.264430,moyenne
BJ-19E3F266,Plantation Sorgho,Agriculture & Agroalimentaire,Boukoumbé,+229 82 22 98 49,plantationsorgho@yahoo.fr,plantationsorgho.bj,TPE (<10),B2C,LinkedIn,,Actif,2026-06-29T00:22:55.264446,haute
BJ-2F0EBB39,Piment,Agriculture & Agroalimentaire,Boukoumbé,+229 34 40 31 91,piment@piment.org.bj,piment.bj,PME (10-50),B2B,LinkedIn,,Actif,2026-06-29T00:22:55.264463,haute
BJ-7AF1C7CE,Œuf,Agriculture & Agroalimentaire,Kouandé,+229 66 60 55 67,œuf@œuf.com.bj,,PME (10-50),B2C,LinkedIn,,Actif,2026-06-29T00:22:55.264502,moyenne
BJ-61AC308F,Ets Œuf,Agriculture & Agroalimentaire,Kouandé,+229 58 99 67 14,,,PME (50-200),B2C,LinkedIn,,Actif,2026-06-29T00:22:55.264515,basse
BJ-73BC0C8A,Plantation Pêche,Agriculture & Agroalimentaire,Kouandé,+229 36 67 84 90,,,PME (50-200),B2C,LinkedIn,,Actif,2026-06-29T00:22:55.264532,basse
BJ-036BB422,Groupe Karité,Agriculture & Agroalimentaire,Kouandé,+229 69 20 93 35,groupe.karité@groupekarité.org.bj,groupekarité.bj,TPE (<10),B2B,LinkedIn,,Actif,2026-06-29T00:22:55.264584,haute
BJ-3C374B7A,Plantation Palme,Agriculture & Agroalimentaire,Kouandé,+229 59 37 13 17,plantationpalme@plantationpalme.org.bj,plantationpalme.bj,Grande (>200),B2B,LinkedIn,,Actif,2026-06-29T00:22:55.264619,haute
BJ-574465DE,Pesticide Péhunco,Agriculture & Agroalimentaire,Péhunco,+229 64 14 97 62,pesticidepéhunco@pesticidepéhunc.com.bj,pesticidepéhunco.bj,TPE (<10),B2C,LinkedIn,,Actif,2026-06-29T00:22:55.264648,haute
BJ-596AEACD,Plantation Porc Agro,Agriculture & Agroalimentaire,Péhunco,+229 92 40 72 75,,plantationporcagro.bj,PME (10-50),B2B,LinkedIn,,Actif,2026-06-29T00:22:55.264661,moyenne
BJ-7AB6B2F0,Domaine Œuf Coop,Agriculture & Agroalimentaire,Péhunco,+229 39 60 46 71,d.œuf@yahoo.fr,,PME (10-50),B2B,LinkedIn,,Actif,2026-06-29T00:22:55.264680,moyenne
BJ-D21AC9F3,Café,Agriculture & Agroalimentaire,Péhunco,+229 24 93 39 50,café@café.org.bj,café.bj,TPE (<10),B2C,LinkedIn,,Actif,2026-06-29T00:22:55.264696,haute
BJ-F157790B,Huile Péhunco,Agriculture & Agroalimentaire,Péhunco,+229 87 55 48 56,huilepéhunco@huilepéhunco.org.bj,huilepéhunco.bj,PME (10-50),B2C,LinkedIn,,Actif,2026-06-29T00:22:55.264713,haute
BJ-4B803429,Domaine Manioc Production,Agriculture & Agroalimentaire,Tchaourou,+229 56 43 71 77,domaine.manioc@hotmail.com,domainemaniocproduction.bj,TPE (<10),B2B,LinkedIn,,Actif,2026-06-29T00:22:55.264737,haute
BJ-2CB5A240,Ets Riz SARL,Agriculture & Agroalimentaire,Tchaourou,+229 20 24 40 33,ets.riz@etsrizsarl.com.bj,,PME (10-50),B2B,LinkedIn,,Actif,2026-06-29T00:22:55.264753,moyenne
BJ-7B4AC04B,Riz,Agriculture & Agroalimentaire,Tchaourou,+229 83 43 42 37,riz@yahoo.fr,riz.bj,PME (50-200),B2B,LinkedIn,,Actif,2026-06-29T00:22:55.264772,haute
BJ-AB3FEE6B,Groupe Poulet,Agriculture & Agroalimentaire,Tchaourou,+229 67 50 37 50,g.poulet@outlook.com,groupepoulet.bj,PME (10-50),B2C,LinkedIn,,Actif,2026-06-29T00:22:55.264807,haute
BJ-BBEA0601,Aquaculture Ets Nikki,Agriculture & Agroalimentaire,Nikki,+229 49 69 20 66,aquacultureets@aquacultureetsn.com.bj,,TPE (<10),B2B,LinkedIn,,Actif,2026-06-29T00:22:55.264830,moyenne
BJ-4D9636B9,Bétail,Agriculture & Agroalimentaire,Nikki,+229 31 81 20 53,bétail@bétail.org.bj,,TPE (<10),B2C,LinkedIn,,Actif,2026-06-29T00:22:55.264858,moyenne
BJ-68B2FB4A,SARL Tomate Bénin,Agriculture & Agroalimentaire,Nikki,+229 76 54 59 79,,,TPE (<10),B2B,LinkedIn,,Actif,2026-06-29T00:22:55.264870,basse
BJ-68AFA3D9,Igname,Agriculture & Agroalimentaire,Nikki,+229 89 78 62 21,,,PME (10-50),B2B,LinkedIn,,Actif,2026-06-29T00:22:55.264881,basse
BJ-44B2335A,Agro Tomate,Agriculture & Agroalimentaire,Bembéréké,+229 72 53 34 88,,agrotomate.bj,PME (10-50),B2C,LinkedIn,,Actif,2026-06-29T00:22:55.264916,moyenne
BJ-34EA3189,Pesticide Coop,Agriculture & Agroalimentaire,Bembéréké,+229 39 14 67 46,,,Grande (>200),B2C,LinkedIn,,Actif,2026-06-29T00:22:55.264929,basse
BJ-4790BCF0,Groupe Piment,Agriculture & Agroalimentaire,Bembéréké,+229 84 17 42 36,,,TPE (<10),B2B,LinkedIn,,Actif,2026-06-29T00:22:55.264959,basse
BJ-92216CB7,Bœuf Plantation,Agriculture & Agroalimentaire,Kalalé,+229 29 80 58 24,bœuf.plantation@bœufplantation.bj,,TPE (<10),B2B,LinkedIn,,Actif,2026-06-29T00:22:55.264999,moyenne
BJ-438FA35D,Piment,Agriculture & Agroalimentaire,Kalalé,+229 41 27 33 29,,,TPE (<10),B2B,LinkedIn,,Actif,2026-06-29T00:22:55.265011,basse
BJ-83E1C3DC,Groupe Riz Kalalé,Agriculture & Agroalimentaire,Kalalé,+229 57 13 68 78,groupe.riz@gmail.com,grouperizkalalé.bj,Grande (>200),B2C,LinkedIn,,Actif,2026-06-29T00:22:55.265032,haute
BJ-DB5F533C,Sorgho Kalalé,Agriculture & Agroalimentaire,Kalalé,+229 36 12 12 53,sorghokalalé@sorghokalalé.bj,,PME (10-50),B2B,LinkedIn,,Actif,2026-06-29T00:22:55.265050,moyenne
BJ-2361B217,Domaine Pesticide Farm,Agriculture & Agroalimentaire,Ndali,+229 24 88 80 50,domaine.pesticide@gmail.com,domainepesticidefarm.bj,PME (50-200),B2C,LinkedIn,,Actif,2026-06-29T00:22:55.265085,haute
BJ-EFF4BFE5,Œuf Farm,Agriculture & Agroalimentaire,Ndali,+229 36 88 70 13,œuf.farm@œuffarm.bj,,TPE (<10),B2C,LinkedIn,,Actif,2026-06-29T00:22:55.265104,moyenne
BJ-CF3E8DCE,Cacao,Agriculture & Agroalimentaire,Ndali,+229 76 97 11 17,,,TPE (<10),B2B,LinkedIn,,Actif,2026-06-29T00:22:55.265118,basse
BJ-9AE66203,Groupe Oignon,Agriculture & Agroalimentaire,Ndali,+229 57 69 26 12,,groupeoignon.bj,PME (50-200),B2B,LinkedIn,,Actif,2026-06-29T00:22:55.265133,moyenne
BJ-39F2D80E,Industrie,Agriculture & Agroalimentaire,Ndali,+229 63 33 23 13,industrie@hotmail.com,industrie.bj,PME (50-200),B2B,LinkedIn,,Actif,2026-06-29T00:22:55.265147,haute
BJ-D1F94D31,Exploitation Agro Farm,Agriculture & Agroalimentaire,Ségbana,+229 31 71 68 11,e.agro@yahoo.com,exploitationagrofarm.bj,TPE (<10),B2B,LinkedIn,,Actif,2026-06-29T00:22:55.265170,haute
BJ-D9565A33,Agriculture Groupe Ségbana,Agriculture & Agroalimentaire,Ségbana,+229 83 82 53 99,,agriculturegroupeségbana.bj,TPE (<10),B2B,LinkedIn,,Actif,2026-06-29T00:22:55.265183,moyenne
BJ-25B387B7,Exploitation Aubergine,Agriculture & Agroalimentaire,Ségbana,+229 40 23 46 76,exploitation.aubergine@exploitationaub.bj,exploitationaubergine.bj,TPE (<10),B2C,LinkedIn,,Actif,2026-06-29T00:22:55.265200,haute
BJ-5B9B8D9C,Agro Fruit,Agriculture & Agroalimentaire,Ségbana,+229 47 46 82 86,agro.fruit@agrofruit.bj,,TPE (<10),B2B,LinkedIn,,Actif,2026-06-29T00:22:55.265215,moyenne
BJ-48FAEAAC,Agro Poulet Farm,Agriculture & Agroalimentaire,Ségbana,+229 93 35 94 46,,,PME (50-200),B2C,LinkedIn,,Actif,2026-06-29T00:22:55.265227,basse
BJ-C32CFAF2,Plantation Poulet Production,Agriculture & Agroalimentaire,Tchaourou,+229 76 65 44 63,,,TPE (<10),B2C,LinkedIn,,Actif,2026-06-29T00:22:55.265245,basse
BJ-4EEEB82C,Exploitation Bétail Plantation,Agriculture & Agroalimentaire,Tchaourou,+229 72 19 83 79,,,Grande (>200),B2C,LinkedIn,,Actif,2026-06-29T00:22:55.265257,basse
BJ-60D3E7E9,Ets Alimentaire Bénin Tchaourou,Agriculture & Agroalimentaire,Tchaourou,+229 43 51 13 70,e.alimentaire@etsalimentaireb.com.bj,etsalimentairebénintchaourou.bj,PME (10-50),B2B,LinkedIn,,Actif,2026-06-29T00:22:55.265279,haute
BJ-A76FD5E6,Céréale Agro,Agriculture & Agroalimentaire,Tchaourou,+229 65 72 41 56,c.agro@céréaleagro.com.bj,céréaleagro.bj,TPE (<10),B2B,LinkedIn,,Actif,2026-06-29T00:22:55.265297,haute
BJ-F7E74FA6,Plantation Millet Production,Agriculture & Agroalimentaire,Tchaourou,+229 45 65 95 42,,plantationmilletproduction.bj,Grande (>200),B2C,LinkedIn,,Actif,2026-06-29T00:22:55.265310,moyenne
BJ-04C6C036,Riz Farm Bétérou,Agriculture & Agroalimentaire,Bétérou,+229 28 99 16 91,,rizfarmbétérou.bj,PME (10-50),B2C,LinkedIn,,Actif,2026-06-29T00:22:55.265331,moyenne
BJ-DEC201C9,Production Bétail Bénin Bétérou,Agriculture & Agroalimentaire,Bétérou,+229 74 47 38 28,productionbétail@productionbétai.org.bj,productionbétailbéninbétérou.bj,PME (10-50),B2C,LinkedIn,,Actif,2026-06-29T00:22:55.265349,haute
BJ-BF33F9BA,SARL Animale Bétérou,Agriculture & Agroalimentaire,Bétérou,+229 98 21 63 70,,sarlanimalebétérou.bj,PME (10-50),B2C,LinkedIn,,Actif,2026-06-29T00:22:55.265362,moyenne
BJ-8436586B,Coopérative Yaourt Farm Bétérou,Agriculture & Agroalimentaire,Bétérou,+229 25 10 44 34,coopérativeyaourt@coopérativeyaou.com.bj,coopérativeyaourtfarmbétérou.bj,Grande (>200),B2C,LinkedIn,,Actif,2026-06-29T00:22:55.265381,haute
BJ-BA46A57F,Ets Maïs,Agriculture & Agroalimentaire,Bétérou,+229 92 70 25 95,ets.maïs@etsmaïs.com.bj,etsmaïs.bj,PME (10-50),B2B,LinkedIn,,Actif,2026-06-29T00:22:55.265404,haute
BJ-B015C3F8,Cacao Ets Ouessè,Agriculture & Agroalimentaire,Ouessè,+229 82 10 49 89,,cacaoetsouessè.bj,TPE (<10),B2C,LinkedIn,,Actif,2026-06-29T00:22:55.265423,moyenne
BJ-81B71794,Bétail Ets,Agriculture & Agroalimentaire,Ouessè,+229 63 28 97 67,b.ets@bétailets.bj,bétailets.bj,PME (10-50),B2B,LinkedIn,,Actif,2026-06-29T00:22:55.265444,haute
BJ-D5FB61C8,Coopérative Cacao,Agriculture & Agroalimentaire,Ouessè,+229 40 39 21 20,,coopérativecacao.bj,PME (10-50),B2B,LinkedIn,,Actif,2026-06-29T00:22:55.265460,moyenne
BJ-82AF30F9,Production Igname Plantation,Agriculture & Agroalimentaire,Ouessè,+229 67 99 32 62,p.igname@productionignam.org.bj,productionignameplantation.bj,PME (10-50),B2B,LinkedIn,,Actif,2026-06-29T00:22:55.265478,haute
BJ-AB1FC7F5,Maïs Agro,Agriculture & Agroalimentaire,Ouessè,+229 74 36 58 51,m.agro@yahoo.fr,maïsagro.bj,PME (10-50),B2C,LinkedIn,,Actif,2026-06-29T00:22:55.265494,haute
BJ-841C95DB,SARL Ferme,Agriculture & Agroalimentaire,Glazoué,+229 25 75 48 18,sarlferme@outlook.com,sarlferme.bj,TPE (<10),B2C,LinkedIn,,Actif,2026-06-29T00:22:55.265517,haute
BJ-9EC553B5,Ananas Farm,Agriculture & Agroalimentaire,Glazoué,+229 21 12 67 74,a.farm@yahoo.fr,,PME (10-50),B2C,LinkedIn,,Actif,2026-06-29T00:22:55.265532,moyenne
BJ-F4230505,Production Transformation,Agriculture & Agroalimentaire,Glazoué,+229 71 88 22 23,production.transformation@productiontrans.org.bj,productiontransformation.bj,TPE (<10),B2B,LinkedIn,,Actif,2026-06-29T00:22:55.265548,haute
BJ-343391B8,Ferme Industrie,Agriculture & Agroalimentaire,Glazoué,+229 49 29 17 61,f.industrie@fermeindustrie.bj,,TPE (<10),B2C,LinkedIn,,Actif,2026-06-29T00:22:55.265564,moyenne
BJ-75D21359,Céréale Ets,Agriculture & Agroalimentaire,Glazoué,+229 47 93 75 68,c.ets@céréaleets.org.bj,,Grande (>200),B2C,LinkedIn,,Actif,2026-06-29T00:22:55.265580,moyenne
BJ-25C6986B,Sorgho,Agriculture & Agroalimentaire,Dassa-Zoumè,+229 96 96 40 11,,sorgho.bj,PME (50-200),B2C,LinkedIn,,Actif,2026-06-29T00:22:55.265599,moyenne
BJ-CC7E276D,Palme,Agriculture & Agroalimentaire,Dassa-Zoumè,+229 33 18 54 19,,,TPE (<10),B2C,LinkedIn,,Actif,2026-06-29T00:22:55.265610,basse
BJ-28611CB3,Exploitation Palme Ets,Agriculture & Agroalimentaire,Dassa-Zoumè,+229 63 58 17 38,e.palme@exploitationpal.org.bj,,TPE (<10),B2B,LinkedIn,,Actif,2026-06-29T00:22:55.265629,moyenne
BJ-47A9D431,Domaine Yaourt Farm,Agriculture & Agroalimentaire,Dassa-Zoumè,+229 60 51 16 75,,domaineyaourtfarm.bj,PME (10-50),B2B,LinkedIn,,Actif,2026-06-29T00:22:55.265658,moyenne
BJ-4B868D61,Coopérative Sorgho,Agriculture & Agroalimentaire,Savalou,+229 30 66 33 86,,coopérativesorgho.bj,TPE (<10),B2B,LinkedIn,,Actif,2026-06-29T00:22:55.265678,moyenne
BJ-005ECE6F,SARL Palme,Agriculture & Agroalimentaire,Savalou,+229 90 53 26 20,sarlpalme@hotmail.com,,TPE (<10),B2C,LinkedIn,,Actif,2026-06-29T00:22:55.265693,moyenne
BJ-686A1800,Huile Coop,Agriculture & Agroalimentaire,Savalou,+229 47 24 52 77,h.coop@gmail.com,huilecoop.bj,PME (10-50),B2B,LinkedIn,,Actif,2026-06-29T00:22:55.265708,haute
BJ-10EABE65,Exploitation Plantation Coop,Agriculture & Agroalimentaire,Savalou,+229 34 41 58 83,exploitation_plantation@exploitationpla.bj,,PME (10-50),B2C,LinkedIn,,Actif,2026-06-29T00:22:55.265724,moyenne
BJ-F6A1BE06,Cacao Coop,Agriculture & Agroalimentaire,Savalou,+229 84 44 74 60,cacaocoop@cacaocoop.bj,cacaocoop.bj,TPE (<10),B2B,LinkedIn,,Actif,2026-06-29T00:22:55.265740,haute
BJ-7B6D71DE,Œuf Coop,Agriculture & Agroalimentaire,Bantè,+229 88 72 70 39,œufcoop@œufcoop.org.bj,œufcoop.bj,PME (50-200),B2C,LinkedIn,,Actif,2026-06-29T00:22:55.265766,haute
BJ-41F739B0,Production Maïs Farm,Agriculture & Agroalimentaire,Bantè,+229 49 97 87 92,,productionmaïsfarm.bj,TPE (<10),B2B,LinkedIn,,Actif,2026-06-29T00:22:55.265779,moyenne
BJ-49226D97,Ferme Taro,Agriculture & Agroalimentaire,Bantè,+229 68 24 32 67,,fermetaro.bj,TPE (<10),B2C,LinkedIn,,Actif,2026-06-29T00:22:55.265798,moyenne
BJ-72945929,Ferme Production Bantè,Agriculture & Agroalimentaire,Bantè,+229 22 24 49 10,,,PME (10-50),B2B,LinkedIn,,Actif,2026-06-29T00:22:55.265825,basse
BJ-92CC0B48,Engrais,Agriculture & Agroalimentaire,Djougou,+229 59 14 64 59,,,TPE (<10),B2B,LinkedIn,,Actif,2026-06-29T00:22:55.265844,basse
BJ-21F2B06E,Alimentaire Coop Djougou,Agriculture & Agroalimentaire,Djougou,+229 71 77 21 18,alimentaire_coop@alimentairecoop.org.bj,,PME (10-50),B2C,LinkedIn,,Actif,2026-06-29T00:22:55.265860,moyenne
BJ-46BEAFFE,Ets Mangue Farm,Agriculture & Agroalimentaire,Djougou,+229 63 14 16 50,etsmangue@etsmanguefarm.bj,etsmanguefarm.bj,TPE (<10),B2C,LinkedIn,,Actif,2026-06-29T00:22:55.265876,haute
BJ-147FC360,Plantation Groupe,Agriculture & Agroalimentaire,Djougou,+229 83 59 65 91,p.groupe@yahoo.com,,PME (10-50),B2B,LinkedIn,,Actif,2026-06-29T00:22:55.265903,moyenne
BJ-29542E09,Exploitation Plantation Bénin,Agriculture & Agroalimentaire,Djougou,+229 97 47 44 34,e.plantation@exploitationpla.com.bj,,PME (10-50),B2C,LinkedIn,,Actif,2026-06-29T00:22:55.265923,moyenne
BJ-0901794F,Coopérative Vétérinaire,Agriculture & Agroalimentaire,Ouèssè,+229 97 35 30 90,,coopérativevétérinaire.bj,TPE (<10),B2C,LinkedIn,,Actif,2026-06-29T00:22:55.265944,moyenne
BJ-B09A56E7,Poulet,Agriculture & Agroalimentaire,Ouèssè,+229 68 14 79 97,,,TPE (<10),B2B,LinkedIn,,Actif,2026-06-29T00:22:55.265956,basse
BJ-E8F399F1,Café,Agriculture & Agroalimentaire,Ouèssè,+229 43 52 12 70,café@yahoo.com,,TPE (<10),B2C,LinkedIn,,Actif,2026-06-29T00:22:55.265973,moyenne
BJ-B45A0289,Coopérative Miel Groupe,Agriculture & Agroalimentaire,Ouèssè,+229 32 94 63 38,coopérative.miel@outlook.com,,PME (10-50),B2B,LinkedIn,,Actif,2026-06-29T00:22:55.265990,moyenne
BJ-6F504BBE,Domaine Anacarde SARL,Agriculture & Agroalimentaire,Ouèssè,+229 32 54 39 91,domaineanacarde@gmail.com,,PME (10-50),B2B,LinkedIn,,Actif,2026-06-29T00:22:55.266005,moyenne
BJ-F1A204F0,Miel,Agriculture & Agroalimentaire,Bassila,+229 48 21 11 66,miel@miel.org.bj,,Grande (>200),B2B,LinkedIn,,Actif,2026-06-29T00:22:55.266026,moyenne
BJ-A390A29D,Ets Plantation SARL,Agriculture & Agroalimentaire,Bassila,+229 95 99 85 52,ets_plantation@yahoo.com,etsplantationsarl.bj,Grande (>200),B2C,LinkedIn,,Actif,2026-06-29T00:22:55.266043,haute
BJ-FE4BEB25,Production Lait Coop Bassila,Agriculture & Agroalimentaire,Bassila,+229 43 95 85 16,production.lait@gmail.com,,TPE (<10),B2B,LinkedIn,,Actif,2026-06-29T00:22:55.266058,moyenne
BJ-2D9FFF27,Café Plantation,Agriculture & Agroalimentaire,Bassila,+229 49 99 31 60,,,PME (50-200),B2C,LinkedIn,,Actif,2026-06-29T00:22:55.266070,basse
BJ-6ADAE69B,SARL Miel Africa,Agriculture & Agroalimentaire,Bassila,+229 49 46 80 42,sarl.miel@gmail.com,sarlmielafrica.bj,TPE (<10),B2C,LinkedIn,,Actif,2026-06-29T00:22:55.266085,haute
BJ-715FAC6B,Exploitation Cire,Agriculture & Agroalimentaire,Pehunco,+229 34 90 77 43,e.cire@exploitationcir.bj,exploitationcire.bj,PME (50-200),B2C,LinkedIn,,Actif,2026-06-29T00:22:55.266112,haute
BJ-396F52DB,Porc SARL,Agriculture & Agroalimentaire,Pehunco,+229 49 91 80 52,porc_sarl@porcsarl.com.bj,,TPE (<10),B2C,LinkedIn,,Actif,2026-06-29T00:22:55.266129,moyenne
BJ-7C2C0A6B,Exploitation Alimentaire Agro Pehunco,Agriculture & Agroalimentaire,Pehunco,+229 89 71 71 12,exploitation.alimentaire@hotmail.com,exploitationalimentaireagropehunco.bj,TPE (<10),B2C,LinkedIn,,Actif,2026-06-29T00:22:55.266148,haute
BJ-A5A136F8,Production Fromage Coop,Agriculture & Agroalimentaire,Pehunco,+229 74 44 77 87,productionfromage@productionfroma.org.bj,productionfromagecoop.bj,Grande (>200),B2B,LinkedIn,,Actif,2026-06-29T00:22:55.266165,haute
BJ-55CF5865,SARL Tomate,Agriculture & Agroalimentaire,Pehunco,+229 55 12 89 93,s.tomate@sarltomate.org.bj,sarltomate.bj,PME (50-200),B2B,LinkedIn,,Actif,2026-06-29T00:22:55.266184,haute
BJ-79C075E8,Porc Plantation,Agriculture & Agroalimentaire,Copargo,+229 87 55 43 90,porc.plantation@outlook.com,,Grande (>200),B2B,LinkedIn,,Actif,2026-06-29T00:22:55.266206,moyenne
BJ-94F28D72,Agro Mouton Groupe,Agriculture & Agroalimentaire,Copargo,+229 46 69 60 68,a.mouton@yahoo.com,agromoutongroupe.bj,TPE (<10),B2C,LinkedIn,,Actif,2026-06-29T00:22:55.266222,haute
BJ-766CEE2F,Plantation Élevage Bénin,Agriculture & Agroalimentaire,Copargo,+229 37 31 18 37,,,Grande (>200),B2B,LinkedIn,,Actif,2026-06-29T00:22:55.266233,basse
BJ-23E1CD93,Chèvre Groupe,Agriculture & Agroalimentaire,Copargo,+229 98 99 40 57,,,Grande (>200),B2B,LinkedIn,,Actif,2026-06-29T00:22:55.266244,basse
BJ-5ABC3FE1,Pesticide,Agriculture & Agroalimentaire,Copargo,+229 97 50 92 73,,,PME (10-50),B2C,LinkedIn,,Actif,2026-06-29T00:22:55.266255,basse
BJ-F2134C32,Université Éducation,Éducation & Formation,Cotonou,+229 58 68 11 13,université_éducation@yahoo.com,universitééducation.bj,PME (10-50),B2B,LinkedIn,,Actif,2026-06-29T00:22:55.266287,haute
BJ-196D5144,Cours Médecine Cotonou,Éducation & Formation,Cotonou,+229 21 89 78 94,cours.médecine@gmail.com,coursmédecinecotonou.bj,TPE (<10),B2C,LinkedIn,,Actif,2026-06-29T00:22:55.266307,haute
BJ-50DFB7BC,Formation Cotonou,Éducation & Formation,Cotonou,+229 39 22 93 20,formation.cotonou@hotmail.com,,PME (10-50),B2B,LinkedIn,,Actif,2026-06-29T00:22:55.266326,moyenne
BJ-B0EA27A1,Cours Secondaire Cotonou,Éducation & Formation,Cotonou,+229 66 94 80 41,courssecondaire@courssecondaire.bj,,PME (10-50),B2B,LinkedIn,,Actif,2026-06-29T00:22:55.266343,moyenne
BJ-9CA67C1E,Public,Éducation & Formation,Cotonou,+229 52 49 54 18,,public.bj,PME (50-200),B2C,LinkedIn,,Actif,2026-06-29T00:22:55.266354,moyenne
BJ-C1EF5BE5,Master School,Éducation & Formation,Abomey-Calavi,+229 47 76 83 85,masterschool@masterschool.bj,masterschool.bj,PME (10-50),B2C,LinkedIn,,Actif,2026-06-29T00:22:55.266378,haute
BJ-FB2B57B2,Allemand École,Éducation & Formation,Abomey-Calavi,+229 62 62 69 90,a.école@hotmail.com,allemandécole.bj,Grande (>200),B2C,LinkedIn,,Actif,2026-06-29T00:22:55.266395,haute
BJ-BB24702A,RH,Éducation & Formation,Abomey-Calavi,+229 57 56 18 28,,,TPE (<10),B2C,LinkedIn,,Actif,2026-06-29T00:22:55.266407,basse
BJ-995E2D10,Institut International University,Éducation & Formation,Abomey-Calavi,+229 20 77 86 39,institut.international@institutinterna.com.bj,institutinternationaluniversity.bj,PME (50-200),B2C,LinkedIn,,Actif,2026-06-29T00:22:55.266423,haute
BJ-03D54F57,Formation Communication College,Éducation & Formation,Abomey-Calavi,+229 57 73 11 48,f.communication@hotmail.com,formationcommunicationcollege.bj,Grande (>200),B2B,LinkedIn,,Actif,2026-06-29T00:22:55.266438,haute
BJ-2FF76355,Université Anglais,Éducation & Formation,Porto-Novo,+229 28 41 66 95,u.anglais@hotmail.com,universitéanglais.bj,PME (10-50),B2B,LinkedIn,,Actif,2026-06-29T00:22:55.266462,haute
BJ-C147A35F,Cours Technique Lycée,Éducation & Formation,Porto-Novo,+229 71 99 74 31,cours_technique@outlook.com,courstechniquelycée.bj,PME (50-200),B2B,LinkedIn,,Actif,2026-06-29T00:22:55.266480,haute
BJ-BD7B9A46,Cours Doctorat,Éducation & Formation,Porto-Novo,+229 84 90 65 76,coursdoctorat@coursdoctorat.com.bj,coursdoctorat.bj,PME (10-50),B2C,LinkedIn,,Actif,2026-06-29T00:22:55.266502,haute
BJ-D90DA69B,MBA Institute,Éducation & Formation,Porto-Novo,+229 42 90 59 18,m.institute@outlook.com,mbainstitute.bj,PME (10-50),B2C,LinkedIn,,Actif,2026-06-29T00:22:55.266519,haute
BJ-91970620,Arabe Lycée,Éducation & Formation,Porto-Novo,+229 45 90 26 65,arabelycée@arabelycée.org.bj,arabelycée.bj,PME (10-50),B2B,LinkedIn,,Actif,2026-06-29T00:22:55.266537,haute
BJ-9288BF70,Connaissance Bénin,Éducation & Formation,Parakou,+229 74 81 66 23,connaissancebénin@connaissancebén.com.bj,connaissancebénin.bj,PME (10-50),B2B,LinkedIn,,Actif,2026-06-29T00:22:55.266561,haute
BJ-58519997,Médecine Bénin,Éducation & Formation,Parakou,+229 64 96 48 97,,médecinebénin.bj,PME (10-50),B2B,LinkedIn,,Actif,2026-06-29T00:22:55.266577,moyenne
BJ-27526258,École Éducation Academy,Éducation & Formation,Parakou,+229 87 92 31 96,,écoleéducationacademy.bj,PME (50-200),B2C,LinkedIn,,Actif,2026-06-29T00:22:55.266590,moyenne
BJ-C8764764,Secondaire,Éducation & Formation,Parakou,+229 20 36 81 96,secondaire@outlook.com,secondaire.bj,TPE (<10),B2C,LinkedIn,,Actif,2026-06-29T00:22:55.266604,haute
BJ-C694AE89,Université Métier Parakou,Éducation & Formation,Parakou,+229 33 11 33 85,,universitémétierparakou.bj,PME (50-200),B2C,LinkedIn,,Actif,2026-06-29T00:22:55.266616,moyenne
BJ-1246C811,Institut Langue Lycée,Éducation & Formation,Bohicon,+229 97 14 51 75,i.langue@yahoo.fr,,TPE (<10),B2B,LinkedIn,,Actif,2026-06-29T00:22:55.266639,moyenne
BJ-78377393,Business School,Éducation & Formation,Bohicon,+229 84 19 74 54,business.school@yahoo.fr,businessschool.bj,PME (10-50),B2B,LinkedIn,,Actif,2026-06-29T00:22:55.266655,haute
BJ-E90DB5AB,Collège Comptabilité,Éducation & Formation,Bohicon,+229 80 60 51 32,collège.comptabilité@yahoo.com,collègecomptabilité.bj,TPE (<10),B2B,LinkedIn,,Actif,2026-06-29T00:22:55.266675,haute
BJ-3EAAA520,École Droit,Éducation & Formation,Bohicon,+229 56 51 64 39,é.droit@écoledroit.com.bj,,PME (10-50),B2B,LinkedIn,,Actif,2026-06-29T00:22:55.266693,moyenne
BJ-FACBE006,Français College,Éducation & Formation,Bohicon,+229 91 34 82 94,f.college@françaiscollege.org.bj,françaiscollege.bj,PME (10-50),B2C,LinkedIn,,Actif,2026-06-29T00:22:55.266710,haute
BJ-708102E2,Collège Business Natitingou,Éducation & Formation,Natitingou,+229 32 58 51 17,collège.business@gmail.com,collègebusinessnatitingou.bj,PME (10-50),B2B,LinkedIn,,Actif,2026-06-29T00:22:55.266735,haute
BJ-A30EEA3A,Danse,Éducation & Formation,Natitingou,+229 76 76 20 69,danse@danse.bj,danse.bj,PME (10-50),B2B,LinkedIn,,Actif,2026-06-29T00:22:55.266750,haute
BJ-50D72A6A,Pâtisserie,Éducation & Formation,Natitingou,+229 84 84 93 46,pâtisserie@pâtisserie.bj,pâtisserie.bj,PME (50-200),B2B,LinkedIn,,Actif,2026-06-29T00:22:55.266764,haute
BJ-8ECA318B,Enseignement Développement École,Éducation & Formation,Natitingou,+229 97 88 97 41,enseignement.développement@yahoo.com,enseignementdéveloppementécole.bj,TPE (<10),B2C,LinkedIn,,Actif,2026-06-29T00:22:55.266782,haute
BJ-C931B29F,Académie Protestant Training,Éducation & Formation,Natitingou,+229 42 10 76 31,académie_protestant@outlook.com,,TPE (<10),B2C,LinkedIn,,Actif,2026-06-29T00:22:55.266801,moyenne
BJ-8BB6CAA9,Centre Qualification,Éducation & Formation,Lokossa,+229 80 81 75 38,centre_qualification@centrequalifica.bj,centrequalification.bj,TPE (<10),B2B,LinkedIn,,Actif,2026-06-29T00:22:55.266825,haute
BJ-B5D42AD8,Technique Lycée,Éducation & Formation,Lokossa,+229 53 29 99 39,technique.lycée@techniquelycée.bj,,PME (50-200),B2C,LinkedIn,,Actif,2026-06-29T00:22:55.266843,moyenne
BJ-6E291FBB,Excellence,Éducation & Formation,Lokossa,+229 93 24 50 92,excellence@yahoo.fr,excellence.bj,TPE (<10),B2B,LinkedIn,,Actif,2026-06-29T00:22:55.266860,haute
BJ-70C69516,RH Academy,Éducation & Formation,Lokossa,+229 29 49 88 83,academy@yahoo.fr,rhacademy.bj,TPE (<10),B2B,LinkedIn,,Actif,2026-06-29T00:22:55.266888,haute
BJ-43AED0CD,École Éducation Ouidah,Éducation & Formation,Ouidah,+229 23 17 64 49,écoleéducation@yahoo.fr,écoleéducationouidah.bj,TPE (<10),B2B,LinkedIn,,Actif,2026-06-29T00:22:55.266930,haute
BJ-D044AF20,Chinois Bénin,Éducation & Formation,Ouidah,+229 72 50 56 91,chinois.bénin@chinoisbénin.com.bj,chinoisbénin.bj,PME (10-50),B2B,LinkedIn,,Actif,2026-06-29T00:22:55.266949,haute
BJ-2063D286,Formation International,Éducation & Formation,Ouidah,+229 56 49 79 11,,formationinternational.bj,TPE (<10),B2B,LinkedIn,,Actif,2026-06-29T00:22:55.266962,moyenne
BJ-605D23BD,Langue Ouidah,Éducation & Formation,Ouidah,+229 36 76 57 84,,langueouidah.bj,Grande (>200),B2B,LinkedIn,,Actif,2026-06-29T00:22:55.266974,moyenne
BJ-09A621B3,Catholique College Ouidah,Éducation & Formation,Ouidah,+229 56 36 41 74,catholique.college@catholiquecolle.com.bj,catholiquecollegeouidah.bj,TPE (<10),B2C,LinkedIn,,Actif,2026-06-29T00:22:55.266991,haute
BJ-B21D400A,Compétence,Éducation & Formation,Savalou,+229 66 95 52 44,compétence@hotmail.com,,PME (10-50),B2C,LinkedIn,,Actif,2026-06-29T00:22:55.267011,moyenne
BJ-36EB6C89,Lycée Management College,Éducation & Formation,Savalou,+229 39 27 93 68,,lycéemanagementcollege.bj,Grande (>200),B2B,LinkedIn,,Actif,2026-06-29T00:22:55.267025,moyenne
BJ-DF7FE745,École Droit College Savalou,Éducation & Formation,Savalou,+229 21 84 29 86,école.droit@écoledroitcolle.com.bj,,PME (50-200),B2C,LinkedIn,,Actif,2026-06-29T00:22:55.267049,moyenne
BJ-1FDF8FC4,Formation Liberté Savalou,Éducation & Formation,Savalou,+229 37 46 48 33,formation_liberté@formationlibert.org.bj,,TPE (<10),B2B,LinkedIn,,Actif,2026-06-29T00:22:55.267068,moyenne
BJ-4CB9EB75,Université Certification École,Éducation & Formation,Savalou,+229 47 12 38 39,universitécertification@gmail.com,,TPE (<10),B2B,LinkedIn,,Actif,2026-06-29T00:22:55.267084,moyenne
BJ-0B8C903C,Marketing,Éducation & Formation,Dassa-Zoumè,+229 96 82 85 88,marketing@marketing.bj,marketing.bj,TPE (<10),B2B,LinkedIn,,Actif,2026-06-29T00:22:55.267129,haute
BJ-6D8A7F00,Centre MBA Training,Éducation & Formation,Dassa-Zoumè,+229 89 92 16 27,centre.mba@gmail.com,centrembatraining.bj,TPE (<10),B2C,LinkedIn,,Actif,2026-06-29T00:22:55.267146,haute
BJ-0B89AB2A,Droit,Éducation & Formation,Dassa-Zoumè,+229 98 75 11 34,,,TPE (<10),B2B,LinkedIn,,Actif,2026-06-29T00:22:55.267157,basse
BJ-6912F2EE,Chinois,Éducation & Formation,Dassa-Zoumè,+229 66 37 99 63,chinois@chinois.bj,chinois.bj,PME (10-50),B2C,LinkedIn,,Actif,2026-06-29T00:22:55.267171,haute
BJ-80EE6C5A,Comptabilité International,Éducation & Formation,Kétou,+229 64 73 92 26,,,PME (50-200),B2B,LinkedIn,,Actif,2026-06-29T00:22:55.267189,basse
BJ-84D705C8,Marketing Lycée,Éducation & Formation,Kétou,+229 69 47 58 24,marketinglycée@yahoo.com,marketinglycée.bj,PME (10-50),B2B,LinkedIn,,Actif,2026-06-29T00:22:55.267206,haute
BJ-AF41590F,Formation Primaire,Éducation & Formation,Kétou,+229 67 92 34 76,formationprimaire@gmail.com,formationprimaire.bj,TPE (<10),B2C,LinkedIn,,Actif,2026-06-29T00:22:55.267226,haute
BJ-6713772D,Enseignement Allemand Lycée,Éducation & Formation,Kétou,+229 83 97 59 10,,enseignementallemandlycée.bj,Grande (>200),B2B,LinkedIn,,Actif,2026-06-29T00:22:55.267239,moyenne
BJ-2230A668,Arabe Lycée Kétou,Éducation & Formation,Kétou,+229 20 67 88 98,arabe.lycée@arabelycéekétou.org.bj,arabelycéekétou.bj,TPE (<10),B2C,LinkedIn,,Actif,2026-06-29T00:22:55.267256,haute
BJ-BE21D456,Doctorat Covè,Éducation & Formation,Covè,+229 72 48 94 50,doctorat.covè@doctoratcovè.bj,doctoratcovè.bj,PME (50-200),B2C,LinkedIn,,Actif,2026-06-29T00:22:55.267280,haute
BJ-026397C2,Technique,Éducation & Formation,Covè,+229 49 23 30 66,technique@gmail.com,,TPE (<10),B2C,LinkedIn,,Actif,2026-06-29T00:22:55.267295,moyenne
BJ-96F1A46D,Université MBA Formation Covè,Éducation & Formation,Covè,+229 40 54 43 53,université.mba@universitémbafo.com.bj,,TPE (<10),B2C,LinkedIn,,Actif,2026-06-29T00:22:55.267313,moyenne
BJ-BB24D223,Lycée Métier,Éducation & Formation,Covè,+229 88 12 18 92,lycée.métier@hotmail.com,lycéemétier.bj,PME (10-50),B2B,LinkedIn,,Actif,2026-06-29T00:22:55.267330,haute
BJ-A4EA5DF5,Cours Secondaire,Éducation & Formation,Covè,+229 27 40 85 64,,courssecondaire.bj,TPE (<10),B2B,LinkedIn,,Actif,2026-06-29T00:22:55.267343,moyenne
BJ-1DEF6C55,École Professionnel,Éducation & Formation,Pobè,+229 55 77 42 32,é.professionnel@outlook.com,écoleprofessionnel.bj,TPE (<10),B2C,LinkedIn,,Actif,2026-06-29T00:22:55.267367,haute
BJ-192E4C5F,École Qualification Pobè,Éducation & Formation,Pobè,+229 90 43 37 18,é.qualification@écolequalificat.com.bj,,PME (50-200),B2C,LinkedIn,,Actif,2026-06-29T00:22:55.267384,moyenne
BJ-8646E017,Musique École Pobè,Éducation & Formation,Pobè,+229 47 90 23 27,m.école@hotmail.com,musiqueécolepobè.bj,PME (50-200),B2B,LinkedIn,,Actif,2026-06-29T00:22:55.267407,haute
BJ-7F48F4C1,Université Cuisine Academy,Éducation & Formation,Pobè,+229 28 18 41 91,université_cuisine@yahoo.fr,universitécuisineacademy.bj,TPE (<10),B2B,LinkedIn,,Actif,2026-06-29T00:22:55.267428,haute
BJ-B0E2F7A8,Cours Communication University Sakété,Éducation & Formation,Sakété,+229 33 75 99 16,c.communication@outlook.com,courscommunicationuniversitysakété.bj,TPE (<10),B2C,LinkedIn,,Actif,2026-06-29T00:22:55.267467,haute
BJ-A7CF0614,Arabe,Éducation & Formation,Sakété,+229 67 43 45 46,arabe@arabe.org.bj,arabe.bj,TPE (<10),B2B,LinkedIn,,Actif,2026-06-29T00:22:55.267481,haute
BJ-0E07B3D8,Enseignement Anglais,Éducation & Formation,Sakété,+229 71 74 83 12,enseignementanglais@hotmail.com,enseignementanglais.bj,PME (50-200),B2B,LinkedIn,,Actif,2026-06-29T00:22:55.267497,haute
BJ-E9C13DF2,Cours Protestant,Éducation & Formation,Sakété,+229 62 35 39 69,c.protestant@coursprotestant.org.bj,coursprotestant.bj,PME (10-50),B2B,LinkedIn,,Actif,2026-06-29T00:22:55.267513,haute
BJ-F53B1E6C,Design Academy,Éducation & Formation,Sakété,+229 25 65 96 81,design.academy@designacademy.org.bj,designacademy.bj,TPE (<10),B2C,LinkedIn,,Actif,2026-06-29T00:22:55.267530,haute
BJ-2BF98CF7,Apprentissage Adjara,Éducation & Formation,Adjara,+229 88 90 73 83,,apprentissageadjara.bj,Grande (>200),B2C,LinkedIn,,Actif,2026-06-29T00:22:55.267548,moyenne
BJ-4795682A,École Compétence Lycée,Éducation & Formation,Adjara,+229 48 27 19 89,école.compétence@hotmail.com,,PME (10-50),B2C,LinkedIn,,Actif,2026-06-29T00:22:55.267568,moyenne
BJ-0D1ECFC8,Enseignement Anglais École,Éducation & Formation,Adjara,+229 31 69 93 26,,enseignementanglaisécole.bj,PME (10-50),B2C,LinkedIn,,Actif,2026-06-29T00:22:55.267585,moyenne
BJ-20D32DAE,Collège Formation,Éducation & Formation,Adjara,+229 45 34 26 17,collège.formation@outlook.com,collègeformation.bj,TPE (<10),B2B,LinkedIn,,Actif,2026-06-29T00:22:55.267601,haute
BJ-23C1B1D5,Privé Training,Éducation & Formation,Adjara,+229 36 16 43 66,p.training@privétraining.org.bj,privétraining.bj,TPE (<10),B2C,LinkedIn,,Actif,2026-06-29T00:22:55.267618,haute
BJ-043C5D39,Technique Formation Allada,Éducation & Formation,Allada,+229 75 95 72 57,,techniqueformationallada.bj,TPE (<10),B2C,LinkedIn,,Actif,2026-06-29T00:22:55.267636,moyenne
BJ-D079A3E7,Université Sport Institute,Éducation & Formation,Allada,+229 97 69 47 63,université.sport@hotmail.com,universitésportinstitute.bj,PME (50-200),B2C,LinkedIn,,Actif,2026-06-29T00:22:55.267653,haute
BJ-C06ECC6A,Catholique École,Éducation & Formation,Allada,+229 55 11 86 49,catholiqueécole@hotmail.com,catholiqueécole.bj,Grande (>200),B2B,LinkedIn,,Actif,2026-06-29T00:22:55.267671,haute
BJ-A15A80F4,Secondaire École Allada,Éducation & Formation,Allada,+229 55 44 99 66,secondaire.école@gmail.com,,PME (10-50),B2B,LinkedIn,,Actif,2026-06-29T00:22:55.267707,moyenne
BJ-625C1DA3,Professionnel,Éducation & Formation,Aplahoué,+229 32 64 90 28,professionnel@professionnel.bj,professionnel.bj,PME (10-50),B2C,LinkedIn,,Actif,2026-06-29T00:22:55.267728,haute
BJ-16A1D336,Design École,Éducation & Formation,Aplahoué,+229 79 35 17 48,design.école@yahoo.com,designécole.bj,PME (10-50),B2B,LinkedIn,,Actif,2026-06-29T00:22:55.267746,haute
BJ-B3B43F07,École Licence,Éducation & Formation,Aplahoué,+229 75 75 72 64,é.licence@écolelicence.com.bj,,TPE (<10),B2B,LinkedIn,,Actif,2026-06-29T00:22:55.267767,moyenne
BJ-07F8BEBC,Informatique,Éducation & Formation,Aplahoué,+229 71 99 30 76,informatique@informatique.org.bj,informatique.bj,PME (50-200),B2C,LinkedIn,,Actif,2026-06-29T00:22:55.267782,haute
BJ-D408B616,Lycée Informatique,Éducation & Formation,Aplahoué,+229 79 17 92 22,lycéeinformatique@yahoo.com,lycéeinformatique.bj,PME (10-50),B2B,LinkedIn,,Actif,2026-06-29T00:22:55.267799,haute
BJ-E60E200D,Professionnel Lycée,Éducation & Formation,Dogbo-Tota,+229 77 63 64 45,professionnel_lycée@professionnelly.bj,professionnellycée.bj,Grande (>200),B2C,LinkedIn,,Actif,2026-06-29T00:22:55.267828,haute
BJ-FDBF9CD9,Droit,Éducation & Formation,Dogbo-Tota,+229 30 68 14 98,droit@droit.com.bj,droit.bj,PME (50-200),B2C,LinkedIn,,Actif,2026-06-29T00:22:55.267845,haute
BJ-DE73F2D3,Université Pâtisserie,Éducation & Formation,Dogbo-Tota,+229 55 62 97 38,u.pâtisserie@universitépâtis.bj,,TPE (<10),B2B,LinkedIn,,Actif,2026-06-29T00:22:55.267862,moyenne
BJ-906A0DCD,Collège Catholique,Éducation & Formation,Dogbo-Tota,+229 61 48 19 23,collège_catholique@gmail.com,collègecatholique.bj,Grande (>200),B2C,LinkedIn,,Actif,2026-06-29T00:22:55.267879,haute
BJ-14B6C023,Certification International,Éducation & Formation,Dogbo-Tota,+229 43 14 46 51,certificationinternational@certificationin.com.bj,certificationinternational.bj,PME (10-50),B2C,LinkedIn,,Actif,2026-06-29T00:22:55.267918,haute
BJ-08614D31,Connaissance International,Éducation & Formation,Kpomassè,+229 81 19 13 62,connaissanceinternational@connaissanceint.com.bj,connaissanceinternational.bj,PME (10-50),B2C,LinkedIn,,Actif,2026-06-29T00:22:55.267955,haute
BJ-FB6F4F6C,Centre Liberté Training,Éducation & Formation,Kpomassè,+229 69 60 62 27,centre.liberté@gmail.com,centrelibertétraining.bj,PME (10-50),B2C,LinkedIn,,Actif,2026-06-29T00:22:55.267974,haute
BJ-B020E727,Institut Qualification École,Éducation & Formation,Kpomassè,+229 65 19 20 84,institut.qualification@outlook.com,institutqualificationécole.bj,PME (10-50),B2B,LinkedIn,,Actif,2026-06-29T00:22:55.268008,haute
BJ-41952AA2,Liberté Kpomassè,Éducation & Formation,Kpomassè,+229 83 98 58 60,libertékpomassè@gmail.com,libertékpomassè.bj,TPE (<10),B2C,LinkedIn,,Actif,2026-06-29T00:22:55.268036,haute
BJ-1E8F7CE5,École Danse Kpomassè,Éducation & Formation,Kpomassè,+229 79 71 48 88,école.danse@hotmail.com,écoledansekpomassè.bj,Grande (>200),B2C,LinkedIn,,Actif,2026-06-29T00:22:55.268064,haute
BJ-779E60D3,Université Catholique Lycée,Éducation & Formation,Tori-Bossito,+229 41 85 62 56,université.catholique@universitécatho.bj,,PME (10-50),B2B,LinkedIn,,Actif,2026-06-29T00:22:55.268102,moyenne
BJ-FE4793CA,École Savoir,Éducation & Formation,Tori-Bossito,+229 74 43 84 16,école_savoir@yahoo.fr,écolesavoir.bj,PME (10-50),B2B,LinkedIn,,Actif,2026-06-29T00:22:55.268129,haute
BJ-528CD718,Primaire Training,Éducation & Formation,Tori-Bossito,+229 75 77 51 61,primaire.training@outlook.com,,PME (10-50),B2B,LinkedIn,,Actif,2026-06-29T00:22:55.268162,moyenne
BJ-D1690C65,Privé Tori-Bossito,Éducation & Formation,Tori-Bossito,+229 51 98 10 63,privé_tori@privétoribossit.org.bj,privétoribossito.bj,PME (50-200),B2B,LinkedIn,,Actif,2026-06-29T00:22:55.268194,haute
BJ-79ABA49D,RH International,Éducation & Formation,Tori-Bossito,+229 44 73 30 25,international@rhinternational.com.bj,rhinternational.bj,PME (50-200),B2C,LinkedIn,,Actif,2026-06-29T00:22:55.268220,haute
BJ-F38CF19B,Enseignement Médecine University Grand-Popo,Éducation & Formation,Grand-Popo,+229 68 37 86 37,enseignement.médecine@enseignementméd.com.bj,enseignementmédecineuniversitygrandpopo.bj,PME (10-50),B2B,LinkedIn,,Actif,2026-06-29T00:22:55.268269,haute
BJ-5909B847,Université Protestant Bénin,Éducation & Formation,Grand-Popo,+229 61 89 53 38,u.protestant@universitéprote.org.bj,universitéprotestantbénin.bj,TPE (<10),B2C,LinkedIn,,Actif,2026-06-29T00:22:55.268303,haute
BJ-2B1FE10A,Académie Supérieur,Éducation & Formation,Grand-Popo,+229 91 93 81 11,académiesupérieur@yahoo.fr,,PME (10-50),B2C,LinkedIn,,Actif,2026-06-29T00:22:55.268338,moyenne
BJ-720D303E,Université Compétence Grand-Popo,Éducation & Formation,Grand-Popo,+229 99 48 36 95,,universitécompétencegrandpopo.bj,PME (50-200),B2C,LinkedIn,,Actif,2026-06-29T00:22:55.268362,moyenne
BJ-65F5FED6,Collège Marketing School Grand-Popo,Éducation & Formation,Grand-Popo,+229 30 88 18 45,collègemarketing@collègemarketin.com.bj,collègemarketingschoolgrandpopo.bj,PME (50-200),B2B,LinkedIn,,Actif,2026-06-29T00:22:55.268394,haute
BJ-7D38D16C,Formation Allemand Lycée,Éducation & Formation,Athiémé,+229 70 15 40 26,formation.allemand@outlook.com,formationallemandlycée.bj,PME (50-200),B2B,LinkedIn,,Actif,2026-06-29T00:22:55.268440,haute
BJ-FB7160E4,Management Training,Éducation & Formation,Athiémé,+229 71 22 91 43,management.training@yahoo.fr,managementtraining.bj,PME (10-50),B2B,LinkedIn,,Actif,2026-06-29T00:22:55.268470,haute
BJ-E06C9B3E,Institut Métier École,Éducation & Formation,Athiémé,+229 25 31 65 87,institut.métier@institutmétieré.com.bj,,TPE (<10),B2B,LinkedIn,,Actif,2026-06-29T00:22:55.268523,moyenne
BJ-0412E989,Licence College,Éducation & Formation,Athiémé,+229 25 50 82 47,licence.college@licencecollege.com.bj,licencecollege.bj,TPE (<10),B2B,LinkedIn,,Actif,2026-06-29T00:22:55.268562,haute
BJ-72A679F4,École Allemand,Éducation & Formation,Bopa,+229 22 14 61 14,écoleallemand@gmail.com,écoleallemand.bj,PME (10-50),B2C,LinkedIn,,Actif,2026-06-29T00:22:55.268619,haute
BJ-09DBFCF1,Espagnol Bopa,Éducation & Formation,Bopa,+229 59 47 92 65,,espagnolbopa.bj,PME (10-50),B2B,LinkedIn,,Actif,2026-06-29T00:22:55.268649,moyenne
BJ-40B8FE58,Cours Ingénierie Institute,Éducation & Formation,Bopa,+229 78 83 34 24,cours.ingénierie@coursingénierie.org.bj,coursingénierieinstitute.bj,TPE (<10),B2C,LinkedIn,,Actif,2026-06-29T00:22:55.268712,haute
BJ-9D8BCA42,Académie Métier,Éducation & Formation,Bopa,+229 95 50 43 33,a.métier@yahoo.fr,académiemétier.bj,PME (50-200),B2C,LinkedIn,,Actif,2026-06-29T00:22:55.268749,haute
BJ-41D40CC9,Lycée Comptabilité School,Éducation & Formation,Bopa,+229 71 63 19 80,lycée.comptabilité@gmail.com,lycéecomptabilitéschool.bj,PME (10-50),B2C,LinkedIn,,Actif,2026-06-29T00:22:55.268780,haute
BJ-9C143A41,Université Licence Houéyogbé,Éducation & Formation,Houéyogbé,+229 41 33 42 36,u.licence@universitélicen.com.bj,universitélicencehouéyogbé.bj,PME (10-50),B2B,LinkedIn,,Actif,2026-06-29T00:22:55.268839,haute
BJ-4978980C,Académie Sport,Éducation & Formation,Houéyogbé,+229 57 11 56 37,,académiesport.bj,Grande (>200),B2B,LinkedIn,,Actif,2026-06-29T00:22:55.268871,moyenne
BJ-54B282DD,Certification,Éducation & Formation,Houéyogbé,+229 84 90 62 77,certification@certification.org.bj,certification.bj,TPE (<10),B2B,LinkedIn,,Actif,2026-06-29T00:22:55.268943,haute
BJ-67AD9BB4,Université Savoir,Éducation & Formation,Houéyogbé,+229 66 83 47 12,universitésavoir@yahoo.com,,PME (10-50),B2C,LinkedIn,,Actif,2026-06-29T00:22:55.268976,moyenne
BJ-EE314D51,Technique Institute,Éducation & Formation,Houéyogbé,+229 99 42 99 44,technique.institute@yahoo.fr,techniqueinstitute.bj,Grande (>200),B2C,LinkedIn,,Actif,2026-06-29T00:22:55.269012,haute
BJ-2BF384DA,Qualification,Éducation & Formation,Malanville,+229 22 47 56 31,qualification@qualification.com.bj,qualification.bj,PME (10-50),B2B,LinkedIn,,Actif,2026-06-29T00:22:55.269072,haute
BJ-257563D9,Enseignement Français Formation,Éducation & Formation,Malanville,+229 96 83 55 30,enseignementfrançais@enseignementfra.bj,enseignementfrançaisformation.bj,TPE (<10),B2B,LinkedIn,,Actif,2026-06-29T00:22:55.269119,haute
BJ-0057E43C,RH International,Éducation & Formation,Malanville,+229 22 62 93 88,international@rhinternational.org.bj,rhinternational.bj,Grande (>200),B2B,LinkedIn,,Actif,2026-06-29T00:22:55.269162,haute
BJ-6C592BFE,Public,Éducation & Formation,Malanville,+229 52 27 26 92,public@yahoo.com,public.bj,PME (50-200),B2C,LinkedIn,,Actif,2026-06-29T00:22:55.269197,haute
BJ-E54477DB,Business Training,Éducation & Formation,Malanville,+229 24 68 41 27,businesstraining@yahoo.com,businesstraining.bj,PME (10-50),B2C,LinkedIn,,Actif,2026-06-29T00:22:55.269226,haute
BJ-DD3E5225,Cuisine Formation,Éducation & Formation,Kandi,+229 45 87 24 56,cuisine.formation@cuisineformatio.com.bj,cuisineformation.bj,TPE (<10),B2C,LinkedIn,,Actif,2026-06-29T00:22:55.269286,haute
BJ-8FD1F254,Cours Communication Training Kandi,Éducation & Formation,Kandi,+229 82 54 10 49,,courscommunicationtrainingkandi.bj,TPE (<10),B2B,LinkedIn,,Actif,2026-06-29T00:22:55.269322,moyenne
BJ-6D60CD62,École Finance School,Éducation & Formation,Kandi,+229 61 81 65 51,é.finance@outlook.com,écolefinanceschool.bj,TPE (<10),B2C,LinkedIn,,Actif,2026-06-29T00:22:55.269372,haute
BJ-F4816AC9,Licence Kandi,Éducation & Formation,Kandi,+229 56 82 45 80,licencekandi@licencekandi.com.bj,licencekandi.bj,PME (10-50),B2C,LinkedIn,,Actif,2026-06-29T00:22:55.269432,haute
BJ-36341255,Académie Catholique University Kandi,Éducation & Formation,Kandi,+229 50 71 13 94,a.catholique@académiecatholi.org.bj,,PME (10-50),B2C,LinkedIn,,Actif,2026-06-29T00:22:55.269479,moyenne
BJ-266D8288,Français,Éducation & Formation,Banikoara,+229 78 59 55 35,,français.bj,PME (10-50),B2C,LinkedIn,,Actif,2026-06-29T00:22:55.269561,moyenne
BJ-39AD7BC2,Académie Développement Training,Éducation & Formation,Banikoara,+229 27 19 79 13,a.développement@yahoo.fr,académiedéveloppementtraining.bj,PME (10-50),B2C,LinkedIn,,Actif,2026-06-29T00:22:55.269606,haute
BJ-1A7BCD5F,Secondaire,Éducation & Formation,Banikoara,+229 59 91 77 87,secondaire@secondaire.org.bj,secondaire.bj,Grande (>200),B2B,LinkedIn,,Actif,2026-06-29T00:22:55.269650,haute
BJ-C01B7EDD,Institut Management,Éducation & Formation,Banikoara,+229 55 85 49 71,i.management@institutmanagem.bj,institutmanagement.bj,TPE (<10),B2B,LinkedIn,,Actif,2026-06-29T00:22:55.269687,haute
BJ-F0A2CB75,Institut Communication Banikoara,Éducation & Formation,Banikoara,+229 83 77 99 36,i.communication@gmail.com,institutcommunicationbanikoara.bj,PME (10-50),B2C,LinkedIn,,Actif,2026-06-29T00:22:55.269718,haute
BJ-FBF73124,Institut Allemand Ségbana,Éducation & Formation,Ségbana,+229 67 97 82 83,institutallemand@gmail.com,,TPE (<10),B2B,LinkedIn,,Actif,2026-06-29T00:22:55.269766,moyenne
BJ-8E305C53,Management College Ségbana,Éducation & Formation,Ségbana,+229 25 55 46 19,management.college@managementcolle.com.bj,managementcollegeségbana.bj,PME (10-50),B2C,LinkedIn,,Actif,2026-06-29T00:22:55.269799,haute
BJ-9E3FD0C2,Cours Chinois Ségbana,Éducation & Formation,Ségbana,+229 31 16 34 51,cours_chinois@courschinoisség.bj,courschinoisségbana.bj,PME (10-50),B2C,LinkedIn,,Actif,2026-06-29T00:22:55.269847,haute
BJ-65823CC4,Formation Privé,Éducation & Formation,Ségbana,+229 92 16 93 30,formation_privé@formationprivé.org.bj,formationprivé.bj,PME (10-50),B2C,LinkedIn,,Actif,2026-06-29T00:22:55.269943,haute
BJ-B3F5742D,École Savoir Formation,Éducation & Formation,Karimama,+229 36 21 50 56,,,Grande (>200),B2B,LinkedIn,,Actif,2026-06-29T00:22:55.269983,basse
BJ-B63E2DA3,Management Formation,Éducation & Formation,Karimama,+229 87 97 56 44,managementformation@managementforma.bj,managementformation.bj,PME (50-200),B2C,LinkedIn,,Actif,2026-06-29T00:22:55.270015,haute
BJ-CD742984,Formation Supérieur College,Éducation & Formation,Karimama,+229 99 60 63 80,formationsupérieur@formationsupéri.bj,formationsupérieurcollege.bj,PME (10-50),B2B,LinkedIn,,Actif,2026-06-29T00:22:55.270041,haute
BJ-44351EA1,École Musique Training,Éducation & Formation,Karimama,+229 76 31 85 44,,écolemusiquetraining.bj,PME (10-50),B2C,LinkedIn,,Actif,2026-06-29T00:22:55.270056,moyenne
BJ-C041EB03,Technique,Éducation & Formation,Karimama,+229 34 49 20 77,technique@technique.org.bj,technique.bj,TPE (<10),B2B,LinkedIn,,Actif,2026-06-29T00:22:55.270072,haute
BJ-8BD528E3,Enseignement Compétence Gogounou,Éducation & Formation,Gogounou,+229 70 47 44 82,enseignementcompétence@enseignementcom.org.bj,enseignementcompétencegogounou.bj,PME (50-200),B2C,LinkedIn,,Actif,2026-06-29T00:22:55.270099,haute
BJ-37356439,Musique Training Gogounou,Éducation & Formation,Gogounou,+229 89 95 48 45,musique.training@musiquetraining.bj,,PME (50-200),B2C,LinkedIn,,Actif,2026-06-29T00:22:55.270126,moyenne
BJ-C86C1CFA,Enseignement Médecine,Éducation & Formation,Gogounou,+229 46 66 47 18,e.médecine@gmail.com,,PME (10-50),B2C,LinkedIn,,Actif,2026-06-29T00:22:55.270155,moyenne
BJ-5BAC6B02,Excellence Training,Éducation & Formation,Gogounou,+229 50 93 85 55,excellencetraining@yahoo.fr,,PME (10-50),B2B,LinkedIn,,Actif,2026-06-29T00:22:55.270186,moyenne
BJ-6B4039E3,Professionnel Gogounou,Éducation & Formation,Gogounou,+229 93 54 41 55,professionnel.gogounou@professionnelgo.org.bj,,TPE (<10),B2B,LinkedIn,,Actif,2026-06-29T00:22:55.270204,moyenne
BJ-083F626E,Doctorat College,Éducation & Formation,Cobly,+229 63 16 41 36,doctorat.college@gmail.com,,PME (50-200),B2C,LinkedIn,,Actif,2026-06-29T00:22:55.270229,moyenne
BJ-D7E622BC,Enseignement Privé School,Éducation & Formation,Cobly,+229 79 23 14 72,e.privé@hotmail.com,enseignementprivéschool.bj,TPE (<10),B2B,LinkedIn,,Actif,2026-06-29T00:22:55.270249,haute
BJ-26E8E68F,Droit College Cobly,Éducation & Formation,Cobly,+229 82 95 85 36,droitcollege@gmail.com,droitcollegecobly.bj,PME (10-50),B2B,LinkedIn,,Actif,2026-06-29T00:22:55.270270,haute
BJ-B1B44FF8,Secondaire,Éducation & Formation,Cobly,+229 82 92 92 81,secondaire@yahoo.com,secondaire.bj,TPE (<10),B2C,LinkedIn,,Actif,2026-06-29T00:22:55.270285,haute
BJ-8F142A70,Université Technique Cobly,Éducation & Formation,Cobly,+229 22 40 54 82,u.technique@gmail.com,universitétechniquecobly.bj,PME (10-50),B2C,LinkedIn,,Actif,2026-06-29T00:22:55.270303,haute
BJ-B2C18582,Technique Bénin Tanguiéta,Éducation & Formation,Tanguiéta,+229 73 93 67 22,technique.bénin@techniquebénint.org.bj,,TPE (<10),B2C,LinkedIn,,Actif,2026-06-29T00:22:55.270328,moyenne
BJ-F1EB7B3D,École Sport,Éducation & Formation,Tanguiéta,+229 61 50 57 31,é.sport@gmail.com,écolesport.bj,PME (50-200),B2B,LinkedIn,,Actif,2026-06-29T00:22:55.270351,haute
BJ-814184CF,Institut Informatique,Éducation & Formation,Tanguiéta,+229 70 65 90 93,institut.informatique@yahoo.com,institutinformatique.bj,PME (10-50),B2B,LinkedIn,,Actif,2026-06-29T00:22:55.270369,haute
BJ-53ADF2D1,Centre Danse Tanguiéta,Éducation & Formation,Tanguiéta,+229 20 75 15 77,centre_danse@gmail.com,centredansetanguiéta.bj,Grande (>200),B2B,LinkedIn,,Actif,2026-06-29T00:22:55.270387,haute
BJ-B3D2FF4A,Médecine,Éducation & Formation,Tanguiéta,+229 41 66 62 25,médecine@hotmail.com,,Grande (>200),B2B,LinkedIn,,Actif,2026-06-29T00:22:55.270404,moyenne
BJ-063665E7,Collège Chinois,Éducation & Formation,Matéri,+229 99 26 33 92,c.chinois@collègechinois.com.bj,collègechinois.bj,PME (10-50),B2B,LinkedIn,,Actif,2026-06-29T00:22:55.270430,haute
BJ-2BA99EC1,Centre Protestant,Éducation & Formation,Matéri,+229 30 76 11 11,centreprotestant@yahoo.fr,centreprotestant.bj,PME (10-50),B2B,LinkedIn,,Actif,2026-06-29T00:22:55.270466,haute
BJ-1990381D,Formation Communication Lycée,Éducation & Formation,Matéri,+229 98 13 67 52,f.communication@formationcommun.org.bj,,PME (10-50),B2B,LinkedIn,,Actif,2026-06-29T00:22:55.270483,moyenne
BJ-87726473,Formation Développement Lycée Matéri,Éducation & Formation,Matéri,+229 99 35 48 13,formation.développement@formationdévelo.org.bj,formationdéveloppementlycéematéri.bj,TPE (<10),B2B,LinkedIn,,Actif,2026-06-29T00:22:55.270502,haute
BJ-0327248A,Cours Connaissance,Éducation & Formation,Natitingou,+229 78 68 51 43,c.connaissance@coursconnaissan.com.bj,coursconnaissance.bj,PME (10-50),B2C,LinkedIn,,Actif,2026-06-29T00:22:55.270526,haute
BJ-89D33DCA,Collège Design Training,Éducation & Formation,Natitingou,+229 90 88 50 68,collègedesign@collègedesigntr.bj,collègedesigntraining.bj,TPE (<10),B2B,LinkedIn,,Actif,2026-06-29T00:22:55.270545,haute
BJ-45BC76BF,Chinois,Éducation & Formation,Natitingou,+229 94 24 59 33,chinois@chinois.org.bj,,TPE (<10),B2C,LinkedIn,,Actif,2026-06-29T00:22:55.270559,moyenne
BJ-FD87CD6B,Enseignement Marketing College,Éducation & Formation,Natitingou,+229 93 65 82 40,,,TPE (<10),B2C,LinkedIn,,Actif,2026-06-29T00:22:55.270570,basse
BJ-B8498E8C,Doctorat Formation,Éducation & Formation,Natitingou,+229 76 84 82 42,doctorat.formation@doctoratformati.org.bj,doctoratformation.bj,TPE (<10),B2B,LinkedIn,,Actif,2026-06-29T00:22:55.270587,haute
BJ-E9E35D74,Finance,Éducation & Formation,Toucountouna,+229 37 71 69 33,,finance.bj,TPE (<10),B2C,LinkedIn,,Actif,2026-06-29T00:22:55.270610,moyenne
BJ-7F5492AE,Allemand,Éducation & Formation,Toucountouna,+229 61 17 50 30,,allemand.bj,Grande (>200),B2B,LinkedIn,,Actif,2026-06-29T00:22:55.270623,moyenne
BJ-0051DF5E,Cours Arabe Formation,Éducation & Formation,Toucountouna,+229 86 75 91 46,c.arabe@coursarabeforma.com.bj,,TPE (<10),B2B,LinkedIn,,Actif,2026-06-29T00:22:55.270641,moyenne
BJ-D4A82FE1,Professionnel Institute,Éducation & Formation,Toucountouna,+229 46 95 81 47,professionnel.institute@professionnelin.bj,professionnelinstitute.bj,TPE (<10),B2C,LinkedIn,,Actif,2026-06-29T00:22:55.270659,haute
BJ-F4C8854F,École Qualification Bénin,Éducation & Formation,Toucountouna,+229 35 12 79 95,é.qualification@yahoo.com,écolequalificationbénin.bj,TPE (<10),B2B,LinkedIn,,Actif,2026-06-29T00:22:55.270686,haute
BJ-B3A58356,Lycée Chinois,Éducation & Formation,Boukoumbé,+229 39 65 57 31,l.chinois@gmail.com,,TPE (<10),B2C,LinkedIn,,Actif,2026-06-29T00:22:55.270710,moyenne
BJ-D54FA15F,Sport,Éducation & Formation,Boukoumbé,+229 69 78 21 15,sport@sport.org.bj,,Grande (>200),B2B,LinkedIn,,Actif,2026-06-29T00:22:55.270724,moyenne
BJ-56C8CC43,Institut Cuisine,Éducation & Formation,Boukoumbé,+229 72 44 10 89,institut.cuisine@institutcuisine.bj,,TPE (<10),B2C,LinkedIn,,Actif,2026-06-29T00:22:55.270744,moyenne
BJ-B348206F,École Business School,Éducation & Formation,Boukoumbé,+229 59 47 38 61,école.business@gmail.com,,PME (50-200),B2B,LinkedIn,,Actif,2026-06-29T00:22:55.270762,moyenne
BJ-DBECDAB5,Privé Institute,Éducation & Formation,Boukoumbé,+229 48 55 52 94,privé.institute@privéinstitute.bj,privéinstitute.bj,PME (10-50),B2C,LinkedIn,,Actif,2026-06-29T00:22:55.270779,haute
BJ-B0709BB7,Médecine International,Éducation & Formation,Kouandé,+229 62 27 82 76,médecine.international@médecineinterna.org.bj,,PME (10-50),B2B,LinkedIn,,Actif,2026-06-29T00:22:55.270803,moyenne
BJ-A8ADFA9F,Éducation Kouandé,Éducation & Formation,Kouandé,+229 24 49 18 86,,éducationkouandé.bj,PME (50-200),B2C,LinkedIn,,Actif,2026-06-29T00:22:55.270817,moyenne
BJ-B27F3C60,Lycée International,Éducation & Formation,Kouandé,+229 99 58 15 29,lycéeinternational@lycéeinternatio.com.bj,lycéeinternational.bj,PME (10-50),B2B,LinkedIn,,Actif,2026-06-29T00:22:55.270854,haute
BJ-4C3A9323,École Musique Academy,Éducation & Formation,Kouandé,+229 86 69 93 94,école.musique@yahoo.fr,écolemusiqueacademy.bj,PME (10-50),B2B,LinkedIn,,Actif,2026-06-29T00:22:55.270876,haute
BJ-75ADC744,Lycée Éducation École,Éducation & Formation,Péhunco,+229 88 32 93 87,l.éducation@lycéeéducationé.bj,lycéeéducationécole.bj,TPE (<10),B2B,LinkedIn,,Actif,2026-06-29T00:22:55.270927,haute
BJ-211E988B,Centre Architecture,Éducation & Formation,Péhunco,+229 81 10 52 95,,centrearchitecture.bj,PME (10-50),B2C,LinkedIn,,Actif,2026-06-29T00:22:55.270943,moyenne
BJ-55119A04,Université Sport,Éducation & Formation,Péhunco,+229 89 26 38 47,université_sport@universitésport.bj,,PME (10-50),B2B,LinkedIn,,Actif,2026-06-29T00:22:55.270976,moyenne
BJ-D7D05587,Public International Péhunco,Éducation & Formation,Péhunco,+229 73 77 66 48,publicinternational@yahoo.fr,publicinternationalpéhunco.bj,PME (50-200),B2B,LinkedIn,,Actif,2026-06-29T00:22:55.270994,haute
BJ-2C5339F2,Doctorat Training,Éducation & Formation,Tchaourou,+229 38 91 28 22,d.training@doctorattrainin.bj,doctorattraining.bj,PME (10-50),B2C,LinkedIn,,Actif,2026-06-29T00:22:55.271019,haute
BJ-3C39FFEA,Institut Danse Tchaourou,Éducation & Formation,Tchaourou,+229 70 11 97 58,i.danse@gmail.com,,Grande (>200),B2B,LinkedIn,,Actif,2026-06-29T00:22:55.271053,moyenne
BJ-C96EB004,Formation Art Tchaourou,Éducation & Formation,Tchaourou,+229 49 43 16 51,,formationarttchaourou.bj,PME (10-50),B2B,LinkedIn,,Actif,2026-06-29T00:22:55.271069,moyenne
BJ-7B3C7B4A,Institut Connaissance Institute Tchaourou,Éducation & Formation,Tchaourou,+229 72 43 62 55,,institutconnaissanceinstitutetchaourou.bj,PME (50-200),B2B,LinkedIn,,Actif,2026-06-29T00:22:55.271081,moyenne
BJ-FAB1969E,Langue,Éducation & Formation,Nikki,+229 33 17 68 34,langue@langue.org.bj,langue.bj,TPE (<10),B2B,LinkedIn,,Actif,2026-06-29T00:22:55.271102,haute
BJ-9E75170B,Management Formation,Éducation & Formation,Nikki,+229 99 63 89 85,managementformation@gmail.com,managementformation.bj,PME (10-50),B2B,LinkedIn,,Actif,2026-06-29T00:22:55.271119,haute
BJ-79C931EE,Académie Communication Nikki,Éducation & Formation,Nikki,+229 91 93 99 36,académiecommunication@académiecommuni.bj,académiecommunicationnikki.bj,TPE (<10),B2C,LinkedIn,,Actif,2026-06-29T00:22:55.271138,haute
BJ-DBDC3A09,Savoir Lycée Nikki,Éducation & Formation,Nikki,+229 55 78 74 51,savoirlycée@savoirlycéenikk.com.bj,savoirlycéenikki.bj,PME (10-50),B2C,LinkedIn,,Actif,2026-06-29T00:22:55.271170,haute
BJ-CE597BEA,Pâtisserie École,Éducation & Formation,Bembéréké,+229 83 56 16 79,,pâtisserieécole.bj,PME (10-50),B2C,LinkedIn,,Actif,2026-06-29T00:22:55.271190,moyenne
BJ-AB39DFB4,Espagnol,Éducation & Formation,Bembéréké,+229 42 77 70 57,espagnol@hotmail.com,,TPE (<10),B2C,LinkedIn,,Actif,2026-06-29T00:22:55.271203,moyenne
BJ-69B5A33A,Cuisine Bénin,Éducation & Formation,Bembéréké,+229 79 96 65 94,,,TPE (<10),B2B,LinkedIn,,Actif,2026-06-29T00:22:55.271220,basse
BJ-E59651BB,Académie Licence Academy,Éducation & Formation,Bembéréké,+229 38 19 92 98,a.licence@outlook.com,académielicenceacademy.bj,PME (50-200),B2C,LinkedIn,,Actif,2026-06-29T00:22:55.271239,haute
BJ-BCBB995A,Enseignement Professionnel Academy,Éducation & Formation,Bembéréké,+229 26 89 59 50,enseignementprofessionnel@gmail.com,enseignementprofessionnelacademy.bj,PME (10-50),B2C,LinkedIn,,Actif,2026-06-29T00:22:55.271255,haute
BJ-2363605B,Public Institute,Éducation & Formation,Kalalé,+229 43 78 82 28,p.institute@yahoo.fr,,PME (50-200),B2C,LinkedIn,,Actif,2026-06-29T00:22:55.271277,moyenne
BJ-09E784E5,Collège Apprentissage International,Éducation & Formation,Kalalé,+229 60 11 94 40,collègeapprentissage@collègeapprenti.bj,collègeapprentissageinternational.bj,PME (10-50),B2B,LinkedIn,,Actif,2026-06-29T00:22:55.271295,haute
BJ-915EA1F7,Éducation École Kalalé,Éducation & Formation,Kalalé,+229 87 29 94 16,éducationécole@éducationécolek.org.bj,,Grande (>200),B2B,LinkedIn,,Actif,2026-06-29T00:22:55.271317,moyenne
BJ-E105C26E,Enseignement Master,Éducation & Formation,Kalalé,+229 84 97 64 84,enseignement_master@enseignementmas.org.bj,enseignementmaster.bj,Grande (>200),B2B,LinkedIn,,Actif,2026-06-29T00:22:55.271333,haute
BJ-325F1B08,Formation Espagnol Kalalé,Éducation & Formation,Kalalé,+229 22 99 98 73,formationespagnol@hotmail.com,formationespagnolkalalé.bj,PME (50-200),B2C,LinkedIn,,Actif,2026-06-29T00:22:55.271353,haute
BJ-60815B54,Secondaire School Ndali,Éducation & Formation,Ndali,+229 24 54 59 46,secondaireschool@secondaireschoo.bj,,TPE (<10),B2B,LinkedIn,,Actif,2026-06-29T00:22:55.271377,moyenne
BJ-4F3CE6CF,Université Musique Academy Ndali,Éducation & Formation,Ndali,+229 83 70 80 59,universitémusique@gmail.com,universitémusiqueacademyndali.bj,TPE (<10),B2C,LinkedIn,,Actif,2026-06-29T00:22:55.271395,haute
BJ-52932F6E,Chinois,Éducation & Formation,Ndali,+229 21 68 10 29,chinois@chinois.com.bj,chinois.bj,PME (10-50),B2C,LinkedIn,,Actif,2026-06-29T00:22:55.271413,haute
BJ-1B2F125E,Formation Diplôme Ndali,Éducation & Formation,Ndali,+229 99 64 15 17,formationdiplôme@hotmail.com,formationdiplômendali.bj,TPE (<10),B2C,LinkedIn,,Actif,2026-06-29T00:22:55.271431,haute
BJ-15FDC4E6,Métier,Éducation & Formation,Ségbana,+229 29 70 37 69,métier@métier.com.bj,métier.bj,PME (10-50),B2B,LinkedIn,,Actif,2026-06-29T00:22:55.271464,haute
BJ-58D53352,Formation Cuisine,Éducation & Formation,Ségbana,+229 86 14 13 57,formationcuisine@yahoo.com,,TPE (<10),B2C,LinkedIn,,Actif,2026-06-29T00:22:55.271480,moyenne
BJ-69B86464,MBA École,Éducation & Formation,Ségbana,+229 95 81 74 24,mbaécole@mbaécole.bj,,Grande (>200),B2C,LinkedIn,,Actif,2026-06-29T00:22:55.271511,moyenne
BJ-CED25716,Collège Apprentissage,Éducation & Formation,Ségbana,+229 70 98 11 42,collègeapprentissage@gmail.com,collègeapprentissage.bj,TPE (<10),B2C,LinkedIn,,Actif,2026-06-29T00:22:55.271528,haute
BJ-234D9828,Centre Espagnol Lycée,Éducation & Formation,Tchaourou,+229 71 18 42 70,,centreespagnollycée.bj,TPE (<10),B2C,LinkedIn,,Actif,2026-06-29T00:22:55.271548,moyenne
BJ-17BF9B62,Université Protestant College,Éducation & Formation,Tchaourou,+229 20 94 95 57,université.protestant@universitéprote.com.bj,universitéprotestantcollege.bj,PME (10-50),B2C,LinkedIn,,Actif,2026-06-29T00:22:55.271565,haute
BJ-EEF7E76E,Ingénierie École,Éducation & Formation,Tchaourou,+229 90 10 85 77,ingénierieécole@yahoo.com,ingénierieécole.bj,Grande (>200),B2C,LinkedIn,,Actif,2026-06-29T00:22:55.271586,haute
BJ-4AB0A044,Collège Protestant Tchaourou,Éducation & Formation,Tchaourou,+229 30 88 60 65,,collègeprotestanttchaourou.bj,Grande (>200),B2B,LinkedIn,,Actif,2026-06-29T00:22:55.271599,moyenne
BJ-8508BEDD,Pâtisserie School,Éducation & Formation,Tchaourou,+229 36 67 84 19,pâtisserieschool@yahoo.fr,pâtisserieschool.bj,PME (10-50),B2C,LinkedIn,,Actif,2026-06-29T00:22:55.271615,haute
BJ-B093FCE0,MBA University Bétérou,Éducation & Formation,Bétérou,+229 85 56 49 30,mbauniversity@mbauniversitybé.org.bj,mbauniversitybétérou.bj,TPE (<10),B2B,LinkedIn,,Actif,2026-06-29T00:22:55.271640,haute
BJ-A69C8116,Management Formation Bétérou,Éducation & Formation,Bétérou,+229 56 26 66 27,m.formation@managementforma.bj,managementformationbétérou.bj,TPE (<10),B2C,LinkedIn,,Actif,2026-06-29T00:22:55.271658,haute
BJ-8B951F64,Collège Anglais,Éducation & Formation,Bétérou,+229 37 67 99 38,,collègeanglais.bj,TPE (<10),B2B,LinkedIn,,Actif,2026-06-29T00:22:55.271670,moyenne
BJ-32B7EE4C,Sport Bénin Bétérou,Éducation & Formation,Bétérou,+229 58 84 32 45,sport.bénin@yahoo.com,sportbéninbétérou.bj,TPE (<10),B2C,LinkedIn,,Actif,2026-06-29T00:22:55.271707,haute
BJ-9B6CA0A3,Sport College,Éducation & Formation,Ouessè,+229 73 10 73 79,,sportcollege.bj,Grande (>200),B2C,LinkedIn,,Actif,2026-06-29T00:22:55.271739,moyenne
BJ-B5F08CF2,Allemand,Éducation & Formation,Ouessè,+229 57 76 97 37,allemand@allemand.com.bj,allemand.bj,PME (50-200),B2C,LinkedIn,,Actif,2026-06-29T00:22:55.271756,haute
BJ-C67A76DC,Cours Liberté,Éducation & Formation,Ouessè,+229 95 76 30 37,cours.liberté@coursliberté.bj,coursliberté.bj,PME (50-200),B2B,LinkedIn,,Actif,2026-06-29T00:22:55.271773,haute
BJ-DC36795B,Doctorat Lycée,Éducation & Formation,Glazoué,+229 92 15 17 31,doctorat.lycée@doctoratlycée.bj,doctoratlycée.bj,PME (10-50),B2B,LinkedIn,,Actif,2026-06-29T00:22:55.271811,haute
BJ-C5025864,Informatique Lycée,Éducation & Formation,Glazoué,+229 27 89 76 87,informatique.lycée@informatiquelyc.com.bj,informatiquelycée.bj,Grande (>200),B2C,LinkedIn,,Actif,2026-06-29T00:22:55.271828,haute
BJ-4D44EE15,Catholique,Éducation & Formation,Glazoué,+229 45 76 44 23,catholique@catholique.org.bj,catholique.bj,TPE (<10),B2C,LinkedIn,,Actif,2026-06-29T00:22:55.271842,haute
BJ-9FC3FE2C,Cours Anglais,Éducation & Formation,Glazoué,+229 85 87 98 79,c.anglais@coursanglais.org.bj,coursanglais.bj,PME (50-200),B2C,LinkedIn,,Actif,2026-06-29T00:22:55.271858,haute
BJ-405EEA62,Communication Formation,Éducation & Formation,Glazoué,+229 26 94 25 25,communicationformation@communicationfo.org.bj,communicationformation.bj,TPE (<10),B2C,LinkedIn,,Actif,2026-06-29T00:22:55.271875,haute
BJ-DC41F1DA,Savoir Training,Éducation & Formation,Dassa-Zoumè,+229 48 50 83 26,savoirtraining@savoirtraining.org.bj,savoirtraining.bj,TPE (<10),B2B,LinkedIn,,Actif,2026-06-29T00:22:55.271916,haute
BJ-3C645ACC,Art Institute,Éducation & Formation,Dassa-Zoumè,+229 21 91 63 68,a.institute@artinstitute.com.bj,artinstitute.bj,PME (10-50),B2C,LinkedIn,,Actif,2026-06-29T00:22:55.271935,haute
BJ-64297B90,Université Compétence College,Éducation & Formation,Dassa-Zoumè,+229 59 70 39 57,université_compétence@gmail.com,universitécompétencecollege.bj,Grande (>200),B2C,LinkedIn,,Actif,2026-06-29T00:22:55.271960,haute
BJ-CF616B86,Formation Français,Éducation & Formation,Dassa-Zoumè,+229 96 54 44 24,formationfrançais@outlook.com,formationfrançais.bj,TPE (<10),B2B,LinkedIn,,Actif,2026-06-29T00:22:55.271978,haute
BJ-13B236D9,Collège Diplôme,Éducation & Formation,Dassa-Zoumè,+229 33 35 14 68,,collègediplôme.bj,PME (10-50),B2C,LinkedIn,,Actif,2026-06-29T00:22:55.271992,moyenne
BJ-3AAF8031,Allemand,Éducation & Formation,Savalou,+229 75 60 67 10,allemand@allemand.org.bj,allemand.bj,TPE (<10),B2B,LinkedIn,,Actif,2026-06-29T00:22:55.272017,haute
BJ-94FBF5B8,Lycée Secondaire,Éducation & Formation,Savalou,+229 87 23 64 28,lycéesecondaire@lycéesecondaire.com.bj,,TPE (<10),B2B,LinkedIn,,Actif,2026-06-29T00:22:55.272036,moyenne
BJ-679F7D9F,Formation Liberté École Savalou,Éducation & Formation,Savalou,+229 81 15 38 12,formationliberté@formationlibert.bj,formationlibertéécolesavalou.bj,TPE (<10),B2B,LinkedIn,,Actif,2026-06-29T00:22:55.272055,haute
BJ-B341D822,Doctorat University,Éducation & Formation,Savalou,+229 78 30 14 34,doctoratuniversity@doctoratunivers.com.bj,doctoratuniversity.bj,Grande (>200),B2B,LinkedIn,,Actif,2026-06-29T00:22:55.272072,haute
BJ-25DE840E,Collège Finance,Éducation & Formation,Savalou,+229 70 58 17 58,c.finance@yahoo.fr,collègefinance.bj,PME (50-200),B2C,LinkedIn,,Actif,2026-06-29T00:22:55.272089,haute
BJ-CB8955FF,Business University,Éducation & Formation,Bantè,+229 44 95 78 82,business.university@outlook.com,,PME (10-50),B2B,LinkedIn,,Actif,2026-06-29T00:22:55.272111,moyenne
BJ-84F2AEB3,Formation Espagnol,Éducation & Formation,Bantè,+229 88 72 47 13,formationespagnol@outlook.com,formationespagnol.bj,TPE (<10),B2C,LinkedIn,,Actif,2026-06-29T00:22:55.272127,haute
BJ-0929F5A0,Centre Primaire Training,Éducation & Formation,Bantè,+229 63 91 30 69,,centreprimairetraining.bj,Grande (>200),B2B,LinkedIn,,Actif,2026-06-29T00:22:55.272143,moyenne
BJ-36E35A39,Diplôme,Éducation & Formation,Bantè,+229 42 71 35 99,diplôme@outlook.com,diplôme.bj,TPE (<10),B2B,LinkedIn,,Actif,2026-06-29T00:22:55.272160,haute
BJ-A94B8898,Centre Espagnol Institute Bantè,Éducation & Formation,Bantè,+229 69 14 78 81,centreespagnol@centreespagnoli.bj,centreespagnolinstitutebantè.bj,PME (10-50),B2C,LinkedIn,,Actif,2026-06-29T00:22:55.272179,haute
BJ-BDC4A3D9,Musique Formation,Éducation & Formation,Djougou,+229 52 66 32 40,,musiqueformation.bj,PME (50-200),B2C,LinkedIn,,Actif,2026-06-29T00:22:55.272198,moyenne
BJ-CA040FE2,Cours Cuisine School,Éducation & Formation,Djougou,+229 38 85 20 77,,courscuisineschool.bj,PME (50-200),B2C,LinkedIn,,Actif,2026-06-29T00:22:55.272210,moyenne
BJ-7F12D213,Catholique School,Éducation & Formation,Djougou,+229 76 52 44 94,catholique.school@catholiqueschoo.com.bj,catholiqueschool.bj,PME (10-50),B2C,LinkedIn,,Actif,2026-06-29T00:22:55.272226,haute
BJ-1B2873E3,Technique,Éducation & Formation,Djougou,+229 75 84 11 72,technique@hotmail.com,technique.bj,TPE (<10),B2B,LinkedIn,,Actif,2026-06-29T00:22:55.272240,haute
BJ-C9B07F7B,École Catholique Academy Djougou,Éducation & Formation,Djougou,+229 26 23 55 83,école.catholique@écolecatholique.org.bj,écolecatholiqueacademydjougou.bj,PME (10-50),B2B,LinkedIn,,Actif,2026-06-29T00:22:55.272261,haute
BJ-7846172F,Savoir,Éducation & Formation,Ouèssè,+229 41 35 62 22,savoir@gmail.com,savoir.bj,TPE (<10),B2B,LinkedIn,,Actif,2026-06-29T00:22:55.272298,haute
BJ-C3D0BB6D,Université Droit,Éducation & Formation,Ouèssè,+229 96 50 91 12,,,PME (50-200),B2C,LinkedIn,,Actif,2026-06-29T00:22:55.272312,basse
BJ-1BA53D59,Académie Communication,Éducation & Formation,Ouèssè,+229 39 85 94 34,académiecommunication@hotmail.com,académiecommunication.bj,PME (50-200),B2C,LinkedIn,,Actif,2026-06-29T00:22:55.272342,haute
BJ-A052F3AE,Anglais Bénin,Éducation & Formation,Bassila,+229 47 81 47 86,anglaisbénin@anglaisbénin.org.bj,anglaisbénin.bj,TPE (<10),B2B,LinkedIn,,Actif,2026-06-29T00:22:55.272367,haute
BJ-7AA43316,Enseignement Excellence,Éducation & Formation,Bassila,+229 44 32 70 11,enseignementexcellence@outlook.com,enseignementexcellence.bj,PME (10-50),B2C,LinkedIn,,Actif,2026-06-29T00:22:55.272383,haute
BJ-F7BC2E1A,Design Institute,Éducation & Formation,Bassila,+229 55 99 48 73,design.institute@yahoo.fr,designinstitute.bj,PME (10-50),B2C,LinkedIn,,Actif,2026-06-29T00:22:55.272400,haute
BJ-D97E853C,Lycée Apprentissage Formation,Éducation & Formation,Bassila,+229 53 33 33 38,lycéeapprentissage@outlook.com,lycéeapprentissageformation.bj,PME (10-50),B2C,LinkedIn,,Actif,2026-06-29T00:22:55.272416,haute
BJ-DF08DA09,École RH Academy,Éducation & Formation,Bassila,+229 32 91 37 18,écoleacademy@écolerhacademy.com.bj,écolerhacademy.bj,Grande (>200),B2C,LinkedIn,,Actif,2026-06-29T00:22:55.272434,haute
BJ-ED8543FD,Centre Savoir College Pehunco,Éducation & Formation,Pehunco,+229 80 15 15 98,c.savoir@yahoo.fr,centresavoircollegepehunco.bj,PME (10-50),B2C,LinkedIn,,Actif,2026-06-29T00:22:55.272457,haute
BJ-3F3866CB,International Lycée,Éducation & Formation,Pehunco,+229 58 46 70 79,internationallycée@internationally.bj,internationallycée.bj,TPE (<10),B2C,LinkedIn,,Actif,2026-06-29T00:22:55.272475,haute
BJ-2F30BF1C,Diplôme,Éducation & Formation,Pehunco,+229 83 24 77 21,diplôme@hotmail.com,diplôme.bj,PME (10-50),B2C,LinkedIn,,Actif,2026-06-29T00:22:55.272492,haute
BJ-60E2CAB6,MBA Bénin,Éducation & Formation,Pehunco,+229 67 91 15 84,,mbabénin.bj,PME (10-50),B2B,LinkedIn,,Actif,2026-06-29T00:22:55.272505,moyenne
BJ-64AB4C80,Doctorat Pehunco,Éducation & Formation,Pehunco,+229 69 78 75 35,doctoratpehunco@doctoratpehunco.com.bj,doctoratpehunco.bj,TPE (<10),B2C,LinkedIn,,Actif,2026-06-29T00:22:55.272525,haute
BJ-F6ED7D67,Lycée Protestant Copargo,Éducation & Formation,Copargo,+229 90 50 99 23,,lycéeprotestantcopargo.bj,Grande (>200),B2B,LinkedIn,,Actif,2026-06-29T00:22:55.272545,moyenne
BJ-29BCA0D6,Français Academy,Éducation & Formation,Copargo,+229 74 61 43 75,f.academy@gmail.com,françaisacademy.bj,PME (10-50),B2C,LinkedIn,,Actif,2026-06-29T00:22:55.272566,haute
BJ-6AD34C4F,Académie Musique,Éducation & Formation,Copargo,+229 33 76 76 52,académiemusique@yahoo.fr,académiemusique.bj,PME (10-50),B2B,LinkedIn,,Actif,2026-06-29T00:22:55.272582,haute
BJ-6FF91CDB,Primaire,Éducation & Formation,Copargo,+229 75 97 62 18,primaire@primaire.org.bj,primaire.bj,TPE (<10),B2C,LinkedIn,,Actif,2026-06-29T00:22:55.272596,haute
BJ-DCAC842D,Sport Training,Éducation & Formation,Copargo,+229 26 30 17 49,s.training@hotmail.com,sporttraining.bj,PME (10-50),B2B,LinkedIn,,Actif,2026-06-29T00:22:55.272611,haute
BJ-FDCDE069,Java,Technologie & IT,Cotonou,+229 45 32 50 72,java@gmail.com,java.bj,PME (10-50),B2B,LinkedIn,,Actif,2026-06-29T00:22:55.272636,haute
BJ-5F73231E,Tech Oracle Cotonou,Technologie & IT,Cotonou,+229 50 70 31 68,tech.oracle@techoraclecoton.bj,techoraclecotonou.bj,Grande (>200),B2B,LinkedIn,,Actif,2026-06-29T00:22:55.272672,haute
BJ-C6D08DB8,Tech Artificielle,Technologie & IT,Cotonou,+229 29 40 24 52,tech.artificielle@yahoo.fr,techartificielle.bj,TPE (<10),B2C,LinkedIn,,Actif,2026-06-29T00:22:55.272688,haute
BJ-0D2FB719,Web Kubernetes,Technologie & IT,Cotonou,+229 40 94 63 26,web.kubernetes@webkubernetes.com.bj,webkubernetes.bj,PME (10-50),B2C,LinkedIn,,Actif,2026-06-29T00:22:55.272704,haute
BJ-25923E8C,Soft Things Soft,Technologie & IT,Abomey-Calavi,+229 33 52 28 15,,softthingssoft.bj,TPE (<10),B2C,LinkedIn,,Actif,2026-06-29T00:22:55.272723,moyenne
BJ-682D82F4,Informatique Soft Abomey-Calavi,Technologie & IT,Abomey-Calavi,+229 69 52 77 97,i.soft@gmail.com,informatiquesoftabomeycalavi.bj,PME (10-50),B2B,LinkedIn,,Actif,2026-06-29T00:22:55.272740,haute
BJ-7409E638,Net Docker Digital,Technologie & IT,Abomey-Calavi,+229 59 93 60 80,n.docker@yahoo.com,netdockerdigital.bj,TPE (<10),B2C,LinkedIn,,Actif,2026-06-29T00:22:55.272756,haute
BJ-B23E2761,Système,Technologie & IT,Abomey-Calavi,+229 88 56 93 83,système@système.org.bj,système.bj,PME (10-50),B2C,LinkedIn,,Actif,2026-06-29T00:22:55.272770,haute
BJ-FF5D56DA,Application,Technologie & IT,Abomey-Calavi,+229 76 23 98 24,application@outlook.com,application.bj,PME (10-50),B2B,LinkedIn,,Actif,2026-06-29T00:22:55.272787,haute
BJ-C67E4367,Digital Learning Porto-Novo,Technologie & IT,Porto-Novo,+229 43 46 92 59,digitallearning@hotmail.com,digitallearningportonovo.bj,PME (10-50),B2C,LinkedIn,,Actif,2026-06-29T00:22:55.272811,haute
BJ-EE56017B,Artificielle Tech,Technologie & IT,Porto-Novo,+229 75 13 78 49,artificielletech@artificielletec.org.bj,artificielletech.bj,TPE (<10),B2B,LinkedIn,,Actif,2026-06-29T00:22:55.272827,haute
BJ-5CA658B0,ERP,Technologie & IT,Porto-Novo,+229 57 70 44 42,erp@erp.org.bj,erp.bj,TPE (<10),B2B,LinkedIn,,Actif,2026-06-29T00:22:55.272844,haute
BJ-37B73083,Logiciel,Technologie & IT,Porto-Novo,+229 89 45 37 95,logiciel@yahoo.com,logiciel.bj,PME (10-50),B2B,LinkedIn,,Actif,2026-06-29T00:22:55.272858,haute
BJ-F8513717,Internet,Technologie & IT,Porto-Novo,+229 78 15 37 40,internet@outlook.com,internet.bj,TPE (<10),B2B,LinkedIn,,Actif,2026-06-29T00:22:55.272871,haute
BJ-6A8C74CF,Web BI,Technologie & IT,Parakou,+229 59 68 35 51,web@webbi.com.bj,webbi.bj,PME (50-200),B2C,LinkedIn,,Actif,2026-06-29T00:22:55.272904,haute
BJ-675958DE,Soft Data,Technologie & IT,Parakou,+229 64 35 47 29,s.data@yahoo.fr,softdata.bj,TPE (<10),B2C,LinkedIn,,Actif,2026-06-29T00:22:55.272923,haute
BJ-00DB67EB,Data C++ Works,Technologie & IT,Parakou,+229 64 24 26 88,,datac++works.bj,Grande (>200),B2B,LinkedIn,,Actif,2026-06-29T00:22:55.272936,moyenne
BJ-A26B578C,SQL Works,Technologie & IT,Parakou,+229 32 80 87 69,sqlworks@gmail.com,sqlworks.bj,PME (50-200),B2B,LinkedIn,,Actif,2026-06-29T00:22:55.272951,haute
BJ-CC800E2A,Intelligence Africa Parakou,Technologie & IT,Parakou,+229 22 61 94 81,intelligence.africa@intelligenceafr.bj,intelligenceafricaparakou.bj,PME (10-50),B2B,LinkedIn,,Actif,2026-06-29T00:22:55.272967,haute
BJ-05B3E1C9,Cyber Ruby,Technologie & IT,Bohicon,+229 20 13 75 26,cyber.ruby@hotmail.com,cyberruby.bj,PME (50-200),B2B,LinkedIn,,Actif,2026-06-29T00:22:55.272989,haute
BJ-812BBB08,Digital Kubernetes,Technologie & IT,Bohicon,+229 90 23 73 74,digital.kubernetes@digitalkubernet.org.bj,digitalkubernetes.bj,PME (50-200),B2B,LinkedIn,,Actif,2026-06-29T00:22:55.273006,haute
BJ-9B45D5B4,Cloud BI,Technologie & IT,Bohicon,+229 50 56 57 65,cloud@outlook.com,cloudbi.bj,Grande (>200),B2C,LinkedIn,,Actif,2026-06-29T00:22:55.273027,haute
BJ-0D627E3D,App Linux,Technologie & IT,Bohicon,+229 72 18 25 88,applinux@yahoo.fr,applinux.bj,PME (10-50),B2C,LinkedIn,,Actif,2026-06-29T00:22:55.273044,haute
BJ-61846E6F,Cyber Cyber Labs,Technologie & IT,Bohicon,+229 74 70 43 60,cyber.cyber@cybercyberlabs.bj,cybercyberlabs.bj,TPE (<10),B2C,LinkedIn,,Actif,2026-06-29T00:22:55.273084,haute
BJ-C4702AC5,Soft Kanban,Technologie & IT,Natitingou,+229 26 21 68 65,s.kanban@softkanban.com.bj,softkanban.bj,TPE (<10),B2C,LinkedIn,,Actif,2026-06-29T00:22:55.273130,haute
BJ-209C6F97,NoSQL Studios Natitingou,Technologie & IT,Natitingou,+229 71 73 35 60,nosql.studios@gmail.com,nosqlstudiosnatitingou.bj,PME (10-50),B2B,LinkedIn,,Actif,2026-06-29T00:22:55.273151,haute
BJ-CA77F0F4,Informatique Africa,Technologie & IT,Natitingou,+229 71 55 32 65,informatique_africa@yahoo.com,informatiqueafrica.bj,PME (10-50),B2C,LinkedIn,,Actif,2026-06-29T00:22:55.273167,haute
BJ-068C6610,Big,Technologie & IT,Natitingou,+229 53 52 31 43,big@yahoo.fr,big.bj,TPE (<10),B2C,LinkedIn,,Actif,2026-06-29T00:22:55.273180,haute
BJ-A3A46F8F,Artificielle Systems,Technologie & IT,Natitingou,+229 60 11 28 50,artificiellesystems@outlook.com,artificiellesystems.bj,TPE (<10),B2B,LinkedIn,,Actif,2026-06-29T00:22:55.273196,haute
BJ-D2B9F79C,PostgreSQL,Technologie & IT,Lokossa,+229 29 47 43 91,postgresql@outlook.com,postgresql.bj,PME (50-200),B2C,LinkedIn,,Actif,2026-06-29T00:22:55.273217,haute
BJ-10BF6DF9,Learning Soft,Technologie & IT,Lokossa,+229 83 39 62 40,learning.soft@learningsoft.bj,learningsoft.bj,PME (10-50),B2C,LinkedIn,,Actif,2026-06-29T00:22:55.273234,haute
BJ-35DFC219,C++ International Lokossa,Technologie & IT,Lokossa,+229 47 29 28 54,c++international@c++internationa.org.bj,c++internationallokossa.bj,PME (10-50),B2B,LinkedIn,,Actif,2026-06-29T00:22:55.273255,haute
BJ-783FBD36,Digital C# Studios,Technologie & IT,Lokossa,+229 43 14 20 79,d.studios@yahoo.fr,digitalc#studios.bj,PME (10-50),B2B,LinkedIn,,Actif,2026-06-29T00:22:55.273271,haute
BJ-54A6A4E6,Net Container International,Technologie & IT,Lokossa,+229 72 81 90 22,netcontainer@outlook.com,netcontainerinternational.bj,PME (50-200),B2B,LinkedIn,,Actif,2026-06-29T00:22:55.273291,haute
BJ-9765AA26,NoSQL Bénin,Technologie & IT,Ouidah,+229 92 92 57 24,nosql.bénin@nosqlbénin.bj,nosqlbénin.bj,PME (10-50),B2B,LinkedIn,,Actif,2026-06-29T00:22:55.273317,haute
BJ-4C5AEACA,Sys Cyber,Technologie & IT,Ouidah,+229 71 72 60 24,sys.cyber@syscyber.org.bj,syscyber.bj,PME (10-50),B2B,LinkedIn,,Actif,2026-06-29T00:22:55.273334,haute
BJ-794ECC98,Flutter,Technologie & IT,Ouidah,+229 35 43 83 76,flutter@flutter.com.bj,flutter.bj,TPE (<10),B2C,LinkedIn,,Actif,2026-06-29T00:22:55.273348,haute
BJ-7181E57F,Android Solutions,Technologie & IT,Ouidah,+229 75 77 15 15,android.solutions@yahoo.com,androidsolutions.bj,TPE (<10),B2B,LinkedIn,,Actif,2026-06-29T00:22:55.273363,haute
BJ-44F97C6E,API Hub Ouidah,Technologie & IT,Ouidah,+229 84 21 55 20,apihub@apihubouidah.bj,apihubouidah.bj,PME (50-200),B2C,LinkedIn,,Actif,2026-06-29T00:22:55.273379,haute
BJ-9526AC91,Kanban Africa,Technologie & IT,Savalou,+229 62 75 19 50,kanbanafrica@kanbanafrica.org.bj,kanbanafrica.bj,Grande (>200),B2C,LinkedIn,,Actif,2026-06-29T00:22:55.273402,haute
BJ-66FEB423,Sys Internet,Technologie & IT,Savalou,+229 35 82 28 40,sys.internet@gmail.com,sysinternet.bj,PME (10-50),B2B,LinkedIn,,Actif,2026-06-29T00:22:55.273418,haute
BJ-D98CBAB8,Cyber Cyber Works Savalou,Technologie & IT,Savalou,+229 45 48 48 84,c.cyber@yahoo.fr,,TPE (<10),B2C,LinkedIn,,Actif,2026-06-29T00:22:55.273436,moyenne
BJ-9FB4E7F8,Info Security Tech,Technologie & IT,Savalou,+229 86 39 21 86,infosecurity@infosecuritytec.bj,infosecuritytech.bj,PME (50-200),B2B,LinkedIn,,Actif,2026-06-29T00:22:55.273453,haute
BJ-ACF5C3B1,Cyber Works,Technologie & IT,Savalou,+229 81 30 22 56,cyberworks@cyberworks.com.bj,cyberworks.bj,TPE (<10),B2C,LinkedIn,,Actif,2026-06-29T00:22:55.273468,haute
BJ-69772C9C,App Database Tech,Technologie & IT,Dassa-Zoumè,+229 75 11 23 67,app_database@appdatabasetech.org.bj,appdatabasetech.bj,PME (50-200),B2B,LinkedIn,,Actif,2026-06-29T00:22:55.273492,haute
BJ-98E60187,Cloud Kotlin Africa,Technologie & IT,Dassa-Zoumè,+229 40 47 25 68,cloudkotlin@yahoo.fr,cloudkotlinafrica.bj,TPE (<10),B2C,LinkedIn,,Actif,2026-06-29T00:22:55.273507,haute
BJ-423DF345,Learning Dassa-Zoumè,Technologie & IT,Dassa-Zoumè,+229 67 20 28 72,learningdassa@learningdassazo.org.bj,learningdassazoumè.bj,PME (50-200),B2B,LinkedIn,,Actif,2026-06-29T00:22:55.273531,haute
BJ-0C1AA7CB,Soft Analytics,Technologie & IT,Dassa-Zoumè,+229 81 39 99 60,softanalytics@softanalytics.bj,softanalytics.bj,PME (10-50),B2B,LinkedIn,,Actif,2026-06-29T00:22:55.273548,haute
BJ-03CDE68F,Data Informatique Dassa-Zoumè,Technologie & IT,Dassa-Zoumè,+229 34 30 30 52,data.informatique@yahoo.fr,datainformatiquedassazoumè.bj,TPE (<10),B2B,LinkedIn,,Actif,2026-06-29T00:22:55.273565,haute
BJ-A9E3E5F1,Agile,Technologie & IT,Kétou,+229 90 94 61 71,agile@agile.com.bj,agile.bj,PME (50-200),B2C,LinkedIn,,Actif,2026-06-29T00:22:55.273586,haute
BJ-4A7786DB,Java,Technologie & IT,Kétou,+229 23 89 80 63,java@java.com.bj,java.bj,TPE (<10),B2B,LinkedIn,,Actif,2026-06-29T00:22:55.273601,haute
BJ-6FFD8381,Go Solutions,Technologie & IT,Kétou,+229 34 19 63 12,solutions@gmail.com,gosolutions.bj,TPE (<10),B2B,LinkedIn,,Actif,2026-06-29T00:22:55.273618,haute
BJ-A7C38843,macOS Hub,Technologie & IT,Kétou,+229 65 38 53 58,macos_hub@yahoo.com,macoshub.bj,PME (10-50),B2C,LinkedIn,,Actif,2026-06-29T00:22:55.273635,haute
BJ-2B9516FE,Analytics Systems,Technologie & IT,Kétou,+229 66 32 64 43,analytics.systems@hotmail.com,analyticssystems.bj,PME (10-50),B2C,LinkedIn,,Actif,2026-06-29T00:22:55.273651,haute
BJ-38173500,Cyber Backend Hub,Technologie & IT,Covè,+229 63 51 45 81,cyberbackend@cyberbackendhub.com.bj,cyberbackendhub.bj,TPE (<10),B2B,LinkedIn,,Actif,2026-06-29T00:22:55.273674,haute
BJ-409820C3,JavaScript Covè,Technologie & IT,Covè,+229 23 97 76 26,javascript.covè@yahoo.com,javascriptcovè.bj,PME (10-50),B2C,LinkedIn,,Actif,2026-06-29T00:22:55.273692,haute
BJ-46751604,Things,Technologie & IT,Covè,+229 83 87 36 77,things@yahoo.com,things.bj,Grande (>200),B2C,LinkedIn,,Actif,2026-06-29T00:22:55.273705,haute
BJ-5065B179,Tech Docker Soft,Technologie & IT,Covè,+229 94 74 44 58,t.docker@techdockersoft.com.bj,techdockersoft.bj,TPE (<10),B2C,LinkedIn,,Actif,2026-06-29T00:22:55.273721,haute
BJ-D46BB923,Digital Artificielle Covè,Technologie & IT,Covè,+229 77 68 11 13,digital.artificielle@digitalartifici.org.bj,digitalartificiellecovè.bj,PME (10-50),B2B,LinkedIn,,Actif,2026-06-29T00:22:55.273738,haute
BJ-117C303A,Docker,Technologie & IT,Pobè,+229 80 48 95 83,docker@docker.com.bj,docker.bj,TPE (<10),B2B,LinkedIn,,Actif,2026-06-29T00:22:55.273759,haute
BJ-91633419,GraphQL Bénin,Technologie & IT,Pobè,+229 28 96 50 97,graphqlbénin@gmail.com,graphqlbénin.bj,TPE (<10),B2B,LinkedIn,,Actif,2026-06-29T00:22:55.273775,haute
BJ-50148721,Soft Solution Bénin,Technologie & IT,Pobè,+229 78 71 84 88,soft.solution@gmail.com,softsolutionbénin.bj,PME (50-200),B2B,LinkedIn,,Actif,2026-06-29T00:22:55.273799,haute
BJ-479B087E,Go,Technologie & IT,Pobè,+229 34 90 33 11,go@hotmail.com,go.bj,PME (50-200),B2B,LinkedIn,,Actif,2026-06-29T00:22:55.273813,haute
BJ-DD0F224F,Data Things International,Technologie & IT,Pobè,+229 23 60 60 23,data.things@datathingsinter.bj,datathingsinternational.bj,TPE (<10),B2B,LinkedIn,,Actif,2026-06-29T00:22:55.273829,haute
BJ-599F4BBB,React,Technologie & IT,Sakété,+229 83 98 49 65,react@react.bj,react.bj,TPE (<10),B2B,LinkedIn,,Actif,2026-06-29T00:22:55.273849,haute
BJ-0B36BCB4,App React,Technologie & IT,Sakété,+229 56 62 62 46,a.react@appreact.com.bj,appreact.bj,TPE (<10),B2C,LinkedIn,,Actif,2026-06-29T00:22:55.273865,haute
BJ-16DC44E5,Web Ethereum,Technologie & IT,Sakété,+229 77 33 60 91,web.ethereum@hotmail.com,webethereum.bj,PME (10-50),B2B,LinkedIn,,Actif,2026-06-29T00:22:55.273880,haute
BJ-CD52F302,BI Africa Sakété,Technologie & IT,Sakété,+229 22 83 44 40,africasakété@biafricasakété.org.bj,biafricasakété.bj,PME (50-200),B2C,LinkedIn,,Actif,2026-06-29T00:22:55.273910,haute
BJ-0BF5AE7E,Soft Big,Technologie & IT,Sakété,+229 30 65 59 20,softbig@outlook.com,softbig.bj,PME (10-50),B2B,LinkedIn,,Actif,2026-06-29T00:22:55.273926,haute
BJ-3B7358EC,Java,Technologie & IT,Adjara,+229 79 13 64 56,java@java.com.bj,java.bj,PME (50-200),B2C,LinkedIn,,Actif,2026-06-29T00:22:55.273947,haute
BJ-944E57FF,App Data Labs,Technologie & IT,Adjara,+229 47 29 47 46,appdata@yahoo.com,appdatalabs.bj,PME (10-50),B2C,LinkedIn,,Actif,2026-06-29T00:22:55.273963,haute
BJ-D371D07A,Big Systems,Technologie & IT,Adjara,+229 42 26 46 51,big.systems@outlook.com,bigsystems.bj,TPE (<10),B2B,LinkedIn,,Actif,2026-06-29T00:22:55.273981,haute
BJ-4BB90C12,Data ERP,Technologie & IT,Adjara,+229 74 43 80 67,d.erp@dataerp.com.bj,dataerp.bj,PME (10-50),B2B,LinkedIn,,Actif,2026-06-29T00:22:55.273997,haute
BJ-83451FE9,Net MongoDB,Technologie & IT,Adjara,+229 46 94 57 58,n.mongodb@outlook.com,netmongodb.bj,PME (50-200),B2C,LinkedIn,,Actif,2026-06-29T00:22:55.274017,haute
BJ-5A870EE1,Web Angular,Technologie & IT,Allada,+229 26 19 80 84,w.angular@webangular.com.bj,webangular.bj,PME (50-200),B2B,LinkedIn,,Actif,2026-06-29T00:22:55.274040,haute
BJ-C9254BD8,Sys BI Allada,Technologie & IT,Allada,+229 79 79 61 48,sys.allada@gmail.com,sysbiallada.bj,PME (50-200),B2B,LinkedIn,,Actif,2026-06-29T00:22:55.274056,haute
BJ-5459061B,Kubernetes International Allada,Technologie & IT,Allada,+229 72 45 72 16,k.international@gmail.com,kubernetesinternationalallada.bj,TPE (<10),B2B,LinkedIn,,Actif,2026-06-29T00:22:55.274074,haute
BJ-E4F31E71,Microservices International,Technologie & IT,Allada,+229 56 73 21 45,microservices.international@microservicesin.org.bj,microservicesinternational.bj,TPE (<10),B2B,LinkedIn,,Actif,2026-06-29T00:22:55.274090,haute
BJ-28507AF3,Tech AI,Technologie & IT,Allada,+229 73 32 92 74,tech@yahoo.fr,techai.bj,TPE (<10),B2B,LinkedIn,,Actif,2026-06-29T00:22:55.274104,haute
BJ-BC0CBB40,Kotlin,Technologie & IT,Aplahoué,+229 62 56 46 82,kotlin@kotlin.org.bj,kotlin.bj,PME (50-200),B2B,LinkedIn,,Actif,2026-06-29T00:22:55.274125,haute
BJ-47B2DF51,Frontend Digital,Technologie & IT,Aplahoué,+229 99 40 63 94,frontend.digital@gmail.com,,PME (50-200),B2C,LinkedIn,,Actif,2026-06-29T00:22:55.274140,moyenne
BJ-F17FCF7D,Digital GraphQL International Aplahoué,Technologie & IT,Aplahoué,+229 68 11 36 61,d.graphql@digitalgraphqli.com.bj,digitalgraphqlinternationalaplahoué.bj,TPE (<10),B2C,LinkedIn,,Actif,2026-06-29T00:22:55.274163,haute
BJ-56EDF93C,Digital C++ Systems,Technologie & IT,Aplahoué,+229 50 59 53 72,d.c++@digitalc++syste.com.bj,digitalc++systems.bj,Grande (>200),B2C,LinkedIn,,Actif,2026-06-29T00:22:55.274180,haute
BJ-546E2D24,Cyber Windows,Technologie & IT,Aplahoué,+229 61 33 94 87,cyber.windows@gmail.com,cyberwindows.bj,TPE (<10),B2C,LinkedIn,,Actif,2026-06-29T00:22:55.274196,haute
BJ-26C2DE6C,Web PostgreSQL Studios,Technologie & IT,Dogbo-Tota,+229 46 59 42 97,,webpostgresqlstudios.bj,TPE (<10),B2B,LinkedIn,,Actif,2026-06-29T00:22:55.274214,moyenne
BJ-DC3AAAC8,Intelligence Dogbo-Tota,Technologie & IT,Dogbo-Tota,+229 71 66 88 54,intelligencedogbo@intelligencedog.com.bj,intelligencedogbotota.bj,PME (10-50),B2C,LinkedIn,,Actif,2026-06-29T00:22:55.274231,haute
BJ-387C88F4,Web CRM Studios Dogbo-Tota,Technologie & IT,Dogbo-Tota,+229 59 81 44 69,webcrm@webcrmstudiosdo.com.bj,webcrmstudiosdogbotota.bj,PME (10-50),B2B,LinkedIn,,Actif,2026-06-29T00:22:55.274252,haute
BJ-3867F471,App ERP SARL,Technologie & IT,Dogbo-Tota,+229 29 69 20 54,apperp@apperpsarl.com.bj,apperpsarl.bj,PME (10-50),B2B,LinkedIn,,Actif,2026-06-29T00:22:55.274269,haute
BJ-5C250B07,Cyber Machine Dogbo-Tota,Technologie & IT,Dogbo-Tota,+229 51 34 75 30,cyber.machine@cybermachinedog.bj,cybermachinedogbotota.bj,PME (10-50),B2B,LinkedIn,,Actif,2026-06-29T00:22:55.274285,haute
BJ-ADE77D07,Data Design,Technologie & IT,Kpomassè,+229 58 69 70 92,d.design@datadesign.bj,datadesign.bj,PME (50-200),B2B,LinkedIn,,Actif,2026-06-29T00:22:55.274308,haute
BJ-4107F44A,iOS Africa,Technologie & IT,Kpomassè,+229 68 70 87 39,ios_africa@yahoo.fr,iosafrica.bj,PME (10-50),B2B,LinkedIn,,Actif,2026-06-29T00:22:55.274322,haute
BJ-4578421D,Artificielle Tech Kpomassè,Technologie & IT,Kpomassè,+229 35 92 60 10,artificielletech@artificielletec.org.bj,artificielletechkpomassè.bj,TPE (<10),B2C,LinkedIn,,Actif,2026-06-29T00:22:55.274343,haute
BJ-93F51C76,Swift Hub,Technologie & IT,Kpomassè,+229 74 87 77 70,swift.hub@yahoo.fr,swifthub.bj,TPE (<10),B2B,LinkedIn,,Actif,2026-06-29T00:22:55.274359,haute
BJ-ED028C96,Data SQL Africa,Technologie & IT,Kpomassè,+229 92 56 85 88,data.sql@datasqlafrica.bj,,PME (50-200),B2B,LinkedIn,,Actif,2026-06-29T00:22:55.274374,moyenne
BJ-9BEC3E89,PaaS,Technologie & IT,Tori-Bossito,+229 70 16 25 87,paas@gmail.com,paas.bj,TPE (<10),B2B,LinkedIn,,Actif,2026-06-29T00:22:55.274395,haute
BJ-7F6E6FBC,Logiciel Tori-Bossito,Technologie & IT,Tori-Bossito,+229 49 15 19 76,logiciel.tori@logicieltoribos.com.bj,logicieltoribossito.bj,Grande (>200),B2C,LinkedIn,,Actif,2026-06-29T00:22:55.274411,haute
BJ-A01C0F2B,Tech iOS Hub,Technologie & IT,Tori-Bossito,+229 91 58 22 40,t.ios@gmail.com,techioshub.bj,PME (10-50),B2B,LinkedIn,,Actif,2026-06-29T00:22:55.274426,haute
BJ-01683BB1,CRM,Technologie & IT,Tori-Bossito,+229 90 89 86 80,crm@outlook.com,crm.bj,TPE (<10),B2C,LinkedIn,,Actif,2026-06-29T00:22:55.274439,haute
BJ-D3C6FE09,Sys Analytics Tech Tori-Bossito,Technologie & IT,Tori-Bossito,+229 50 69 12 53,sysanalytics@yahoo.com,sysanalyticstechtoribossito.bj,TPE (<10),B2B,LinkedIn,,Actif,2026-06-29T00:22:55.274460,haute
BJ-5FABC613,Info UX/UI Labs,Technologie & IT,Grand-Popo,+229 40 44 28 74,infoux/ui@outlook.com,infoux/uilabs.bj,PME (10-50),B2B,LinkedIn,,Actif,2026-06-29T00:22:55.274488,haute
BJ-68D662A3,Ruby,Technologie & IT,Grand-Popo,+229 48 43 77 15,ruby@ruby.org.bj,ruby.bj,TPE (<10),B2B,LinkedIn,,Actif,2026-06-29T00:22:55.274502,haute
BJ-8C0A43FE,Soft PostgreSQL,Technologie & IT,Grand-Popo,+229 94 86 54 55,softpostgresql@softpostgresql.org.bj,softpostgresql.bj,TPE (<10),B2C,LinkedIn,,Actif,2026-06-29T00:22:55.274520,haute
BJ-BE77BBA9,Web Data Africa,Technologie & IT,Grand-Popo,+229 23 31 20 54,webdata@webdataafrica.bj,webdataafrica.bj,PME (50-200),B2C,LinkedIn,,Actif,2026-06-29T00:22:55.274551,haute
BJ-623C41DC,iOS Solutions,Technologie & IT,Grand-Popo,+229 70 82 87 46,iossolutions@iossolutions.com.bj,iossolutions.bj,PME (50-200),B2C,LinkedIn,,Actif,2026-06-29T00:22:55.274576,haute
BJ-C2136C5E,API Bénin,Technologie & IT,Athiémé,+229 53 10 55 57,api.bénin@hotmail.com,apibénin.bj,TPE (<10),B2B,LinkedIn,,Actif,2026-06-29T00:22:55.274625,haute
BJ-EEFBC84A,Digital Web SARL,Technologie & IT,Athiémé,+229 39 83 21 84,digitalweb@yahoo.fr,digitalwebsarl.bj,PME (50-200),B2B,LinkedIn,,Actif,2026-06-29T00:22:55.274666,haute
BJ-532DE406,Fullstack Hub,Technologie & IT,Athiémé,+229 74 35 36 10,fullstack_hub@yahoo.com,fullstackhub.bj,PME (50-200),B2B,LinkedIn,,Actif,2026-06-29T00:22:55.274690,haute
BJ-6139AF0C,Tech Développement International,Technologie & IT,Athiémé,+229 37 95 62 50,tech_développement@yahoo.com,techdéveloppementinternational.bj,PME (10-50),B2C,LinkedIn,,Actif,2026-06-29T00:22:55.274729,haute
BJ-D31FBC30,Intelligence,Technologie & IT,Bopa,+229 65 42 70 21,intelligence@intelligence.bj,intelligence.bj,TPE (<10),B2C,LinkedIn,,Actif,2026-06-29T00:22:55.274752,haute
BJ-015C5961,SQL Labs,Technologie & IT,Bopa,+229 96 36 13 22,sqllabs@gmail.com,sqllabs.bj,PME (10-50),B2B,LinkedIn,,Actif,2026-06-29T00:22:55.274769,haute
BJ-9BD852B0,Sys PHP Soft,Technologie & IT,Bopa,+229 41 89 96 55,sysphp@hotmail.com,sysphpsoft.bj,Grande (>200),B2C,LinkedIn,,Actif,2026-06-29T00:22:55.274786,haute
BJ-8E10ADF0,Digital Intelligence,Technologie & IT,Bopa,+229 53 12 41 45,d.intelligence@hotmail.com,digitalintelligence.bj,PME (10-50),B2C,LinkedIn,,Actif,2026-06-29T00:22:55.274805,haute
BJ-0FC87186,Machine Bopa,Technologie & IT,Bopa,+229 90 25 99 50,machinebopa@yahoo.fr,machinebopa.bj,PME (10-50),B2B,LinkedIn,,Actif,2026-06-29T00:22:55.274820,haute
BJ-4E2D7817,Tech DevOps,Technologie & IT,Houéyogbé,+229 27 73 44 81,tech.devops@yahoo.com,techdevops.bj,TPE (<10),B2C,LinkedIn,,Actif,2026-06-29T00:22:55.274842,haute
BJ-FF4F9C02,Tech Agile Digital,Technologie & IT,Houéyogbé,+229 45 83 38 14,tech_agile@yahoo.fr,techagiledigital.bj,Grande (>200),B2B,LinkedIn,,Actif,2026-06-29T00:22:55.274859,haute
BJ-5FED6154,C# International,Technologie & IT,Houéyogbé,+229 48 85 24 64,international@c#international.org.bj,c#international.bj,TPE (<10),B2B,LinkedIn,,Actif,2026-06-29T00:22:55.274873,haute
BJ-4BB07383,Learning Solutions,Technologie & IT,Houéyogbé,+229 48 90 16 58,learning.solutions@yahoo.com,learningsolutions.bj,TPE (<10),B2B,LinkedIn,,Actif,2026-06-29T00:22:55.274888,haute
BJ-6E9FE66D,Tech Java Soft Houéyogbé,Technologie & IT,Houéyogbé,+229 77 52 43 77,t.java@techjavasofthou.com.bj,techjavasofthouéyogbé.bj,TPE (<10),B2C,LinkedIn,,Actif,2026-06-29T00:22:55.274942,haute
BJ-CD0248B0,Flutter,Technologie & IT,Malanville,+229 44 69 27 49,flutter@gmail.com,flutter.bj,PME (50-200),B2C,LinkedIn,,Actif,2026-06-29T00:22:55.274982,haute
BJ-D487210D,Web Hub,Technologie & IT,Malanville,+229 33 29 70 88,web.hub@webhub.com.bj,webhub.bj,TPE (<10),B2C,LinkedIn,,Actif,2026-06-29T00:22:55.275015,haute
BJ-F818723E,MongoDB Systems,Technologie & IT,Malanville,+229 65 42 96 19,mongodbsystems@outlook.com,mongodbsystems.bj,PME (10-50),B2B,LinkedIn,,Actif,2026-06-29T00:22:55.275051,haute
BJ-D3452853,GraphQL Works,Technologie & IT,Malanville,+229 78 35 79 23,graphqlworks@yahoo.com,,TPE (<10),B2B,LinkedIn,,Actif,2026-06-29T00:22:55.275082,moyenne
BJ-47CE5A3B,Kubernetes,Technologie & IT,Malanville,+229 50 23 10 30,kubernetes@yahoo.com,,PME (10-50),B2B,LinkedIn,,Actif,2026-06-29T00:22:55.275110,moyenne
BJ-9D8FEC9F,Angular International,Technologie & IT,Kandi,+229 35 83 81 58,a.international@outlook.com,angularinternational.bj,TPE (<10),B2B,LinkedIn,,Actif,2026-06-29T00:22:55.275156,haute
BJ-52FBD0BF,AI Ethereum Tech,Technologie & IT,Kandi,+229 59 20 99 38,e.tech@yahoo.fr,aiethereumtech.bj,PME (10-50),B2B,LinkedIn,,Actif,2026-06-29T00:22:55.275184,haute
BJ-91C16F2F,Web Java SARL,Technologie & IT,Kandi,+229 25 37 94 34,webjava@yahoo.com,webjavasarl.bj,PME (50-200),B2C,LinkedIn,,Actif,2026-06-29T00:22:55.275217,haute
BJ-E790A5F4,Rust Hub,Technologie & IT,Kandi,+229 53 99 43 33,rust.hub@yahoo.com,,TPE (<10),B2B,LinkedIn,,Actif,2026-06-29T00:22:55.275244,moyenne
BJ-922F74C1,API SARL Kandi,Technologie & IT,Kandi,+229 62 84 22 58,apisarl@apisarlkandi.bj,apisarlkandi.bj,PME (50-200),B2B,LinkedIn,,Actif,2026-06-29T00:22:55.275271,haute
BJ-827F500A,Net Backend,Technologie & IT,Banikoara,+229 91 43 66 39,netbackend@netbackend.bj,netbackend.bj,TPE (<10),B2B,LinkedIn,,Actif,2026-06-29T00:22:55.275324,haute
BJ-BFBAE832,Soft Informatique International,Technologie & IT,Banikoara,+229 41 16 32 61,soft.informatique@outlook.com,softinformatiqueinternational.bj,PME (50-200),B2B,LinkedIn,,Actif,2026-06-29T00:22:55.275353,haute
BJ-8957EF01,Security,Technologie & IT,Banikoara,+229 48 51 91 94,,security.bj,PME (10-50),B2C,LinkedIn,,Actif,2026-06-29T00:22:55.275378,moyenne
BJ-FD4C7366,Cyber Flutter Banikoara,Technologie & IT,Banikoara,+229 24 20 42 98,cyber.flutter@cyberflutterban.org.bj,cyberflutterbanikoara.bj,TPE (<10),B2C,LinkedIn,,Actif,2026-06-29T00:22:55.275407,haute
BJ-CB34B8BB,Smart Ethereum,Technologie & IT,Banikoara,+229 95 69 80 84,s.ethereum@outlook.com,smartethereum.bj,PME (10-50),B2B,LinkedIn,,Actif,2026-06-29T00:22:55.275434,haute
BJ-64E63E65,Linux,Technologie & IT,Ségbana,+229 40 47 24 59,linux@yahoo.com,linux.bj,PME (10-50),B2B,LinkedIn,,Actif,2026-06-29T00:22:55.275476,haute
BJ-8E68166B,Agile Solutions Ségbana,Technologie & IT,Ségbana,+229 35 30 67 72,agilesolutions@outlook.com,agilesolutionsségbana.bj,PME (10-50),B2B,LinkedIn,,Actif,2026-06-29T00:22:55.275510,haute
BJ-EA74C3DF,Data Système,Technologie & IT,Ségbana,+229 26 18 32 56,,datasystème.bj,TPE (<10),B2C,LinkedIn,,Actif,2026-06-29T00:22:55.275590,moyenne
BJ-A09495CA,Web Studios,Technologie & IT,Ségbana,+229 79 45 72 63,web_studios@gmail.com,webstudios.bj,PME (10-50),B2C,LinkedIn,,Actif,2026-06-29T00:22:55.275633,haute
BJ-C0B3A62E,Web Système,Technologie & IT,Karimama,+229 78 18 21 87,websystème@websystème.com.bj,websystème.bj,PME (50-200),B2C,LinkedIn,,Actif,2026-06-29T00:22:55.275691,haute
BJ-ED6C49B8,Soft CI/CD Digital,Technologie & IT,Karimama,+229 43 52 36 15,s.ci/cd@yahoo.com,softci/cddigital.bj,TPE (<10),B2C,LinkedIn,,Actif,2026-06-29T00:22:55.275730,haute
BJ-3F98FFF5,Tech ERP Karimama,Technologie & IT,Karimama,+229 68 71 22 71,tech.erp@outlook.com,,Grande (>200),B2C,LinkedIn,,Actif,2026-06-29T00:22:55.275786,moyenne
BJ-D0AF888D,MongoDB,Technologie & IT,Karimama,+229 80 37 64 67,mongodb@gmail.com,mongodb.bj,TPE (<10),B2C,LinkedIn,,Actif,2026-06-29T00:22:55.275823,haute
BJ-8EF8A4F5,Cloud Ethereum International Karimama,Technologie & IT,Karimama,+229 33 25 86 88,c.ethereum@cloudethereumin.org.bj,cloudethereuminternationalkarimama.bj,TPE (<10),B2C,LinkedIn,,Actif,2026-06-29T00:22:55.275872,haute
BJ-D1BC0AF3,Data Deep SARL,Technologie & IT,Gogounou,+229 70 96 12 80,d.deep@outlook.com,datadeepsarl.bj,PME (10-50),B2B,LinkedIn,,Actif,2026-06-29T00:22:55.275962,haute
BJ-EEB680E1,Net Crypto Digital,Technologie & IT,Gogounou,+229 72 28 88 74,netcrypto@yahoo.fr,netcryptodigital.bj,PME (50-200),B2B,LinkedIn,,Actif,2026-06-29T00:22:55.275996,haute
BJ-B4F87F9D,Soft Intelligence Works,Technologie & IT,Gogounou,+229 41 85 98 45,s.intelligence@softintelligenc.org.bj,softintelligenceworks.bj,PME (10-50),B2C,LinkedIn,,Actif,2026-06-29T00:22:55.276037,haute
BJ-216A3311,Ruby International Gogounou,Technologie & IT,Gogounou,+229 35 53 53 53,r.international@rubyinternation.org.bj,rubyinternationalgogounou.bj,PME (10-50),B2B,LinkedIn,,Actif,2026-06-29T00:22:55.276077,haute
BJ-A60F71BF,Cyber MySQL Digital,Technologie & IT,Gogounou,+229 90 21 44 95,cybermysql@cybermysqldigit.org.bj,cybermysqldigital.bj,PME (10-50),B2C,LinkedIn,,Actif,2026-06-29T00:22:55.276114,haute
BJ-D95AB45F,Cyber iOS International,Technologie & IT,Cobly,+229 64 56 67 90,c.ios@cyberiosinterna.org.bj,cyberiosinternational.bj,TPE (<10),B2B,LinkedIn,,Actif,2026-06-29T00:22:55.276163,haute
BJ-CFAC71B5,Angular Cobly,Technologie & IT,Cobly,+229 51 96 66 19,angularcobly@hotmail.com,angularcobly.bj,PME (50-200),B2B,LinkedIn,,Actif,2026-06-29T00:22:55.276207,haute
BJ-69515B29,Sys Windows Solutions,Technologie & IT,Cobly,+229 50 33 83 81,sys.windows@yahoo.com,syswindowssolutions.bj,TPE (<10),B2B,LinkedIn,,Actif,2026-06-29T00:22:55.276252,haute
BJ-D359CC69,Data Système Africa,Technologie & IT,Cobly,+229 82 90 78 27,d.système@hotmail.com,datasystèmeafrica.bj,PME (50-200),B2B,LinkedIn,,Actif,2026-06-29T00:22:55.276295,haute
BJ-99B2186A,Blockchain,Technologie & IT,Cobly,+229 83 75 42 86,blockchain@yahoo.fr,blockchain.bj,TPE (<10),B2C,LinkedIn,,Actif,2026-06-29T00:22:55.276328,haute
BJ-53752634,Container,Technologie & IT,Tanguiéta,+229 31 11 68 94,container@yahoo.com,container.bj,PME (10-50),B2B,LinkedIn,,Actif,2026-06-29T00:22:55.276373,haute
BJ-F5A48412,Soft UX/UI Digital,Technologie & IT,Tanguiéta,+229 29 11 32 34,soft.ux/ui@outlook.com,softux/uidigital.bj,PME (10-50),B2C,LinkedIn,,Actif,2026-06-29T00:22:55.276416,haute
BJ-16E3B5C1,Security SARL Tanguiéta,Technologie & IT,Tanguiéta,+229 25 63 87 55,security.sarl@securitysarltan.org.bj,securitysarltanguiéta.bj,PME (10-50),B2B,LinkedIn,,Actif,2026-06-29T00:22:55.276466,haute
BJ-D881BB56,Tech Android,Technologie & IT,Tanguiéta,+229 97 62 55 83,tech.android@techandroid.bj,techandroid.bj,TPE (<10),B2C,LinkedIn,,Actif,2026-06-29T00:22:55.276511,haute
BJ-5CD573EE,ERP Bénin,Technologie & IT,Tanguiéta,+229 90 34 61 27,erpbénin@erpbénin.org.bj,erpbénin.bj,PME (10-50),B2C,LinkedIn,,Actif,2026-06-29T00:22:55.276549,haute
BJ-9554DB2A,Digital Learning,Technologie & IT,Matéri,+229 57 66 64 71,d.learning@digitallearning.com.bj,digitallearning.bj,Grande (>200),B2C,LinkedIn,,Actif,2026-06-29T00:22:55.276594,haute
BJ-34B5DCF4,Digital Intelligence,Technologie & IT,Matéri,+229 83 82 18 90,digitalintelligence@digitalintellig.com.bj,digitalintelligence.bj,Grande (>200),B2B,LinkedIn,,Actif,2026-06-29T00:22:55.276622,haute
BJ-0040991B,Développement Bénin,Technologie & IT,Matéri,+229 82 20 61 83,développement.bénin@développementbé.org.bj,développementbénin.bj,PME (10-50),B2C,LinkedIn,,Actif,2026-06-29T00:22:55.276674,haute
BJ-10691F0F,Data Big,Technologie & IT,Matéri,+229 67 80 77 12,databig@databig.com.bj,databig.bj,TPE (<10),B2C,LinkedIn,,Actif,2026-06-29T00:22:55.276708,haute
BJ-958D4667,Bitcoin,Technologie & IT,Matéri,+229 43 53 31 14,bitcoin@outlook.com,bitcoin.bj,TPE (<10),B2B,LinkedIn,,Actif,2026-06-29T00:22:55.276740,haute
BJ-E7F602E2,Docker Natitingou,Technologie & IT,Natitingou,+229 74 77 85 30,dockernatitingou@dockernatitingo.com.bj,dockernatitingou.bj,PME (10-50),B2B,LinkedIn,,Actif,2026-06-29T00:22:55.276790,haute
BJ-B1835CC8,Digital Swift,Technologie & IT,Natitingou,+229 49 87 13 57,digital.swift@outlook.com,digitalswift.bj,PME (10-50),B2B,LinkedIn,,Actif,2026-06-29T00:22:55.276815,haute
BJ-79D92E39,Crypto Natitingou,Technologie & IT,Natitingou,+229 28 25 22 96,c.natitingou@cryptonatitingo.com.bj,cryptonatitingou.bj,Grande (>200),B2B,LinkedIn,,Actif,2026-06-29T00:22:55.276848,haute
BJ-B42D2D02,Cloud REST Natitingou,Technologie & IT,Natitingou,+229 83 49 14 93,cloudrest@cloudrestnatiti.org.bj,cloudrestnatitingou.bj,TPE (<10),B2B,LinkedIn,,Actif,2026-06-29T00:22:55.276906,haute
BJ-7B5B2453,Data MongoDB,Technologie & IT,Natitingou,+229 92 81 88 58,d.mongodb@datamongodb.bj,datamongodb.bj,PME (50-200),B2B,LinkedIn,,Actif,2026-06-29T00:22:55.276950,haute
BJ-33D2FF3E,Cloud Toucountouna,Technologie & IT,Toucountouna,+229 25 25 99 66,cloudtoucountouna@cloudtoucountou.org.bj,cloudtoucountouna.bj,TPE (<10),B2C,LinkedIn,,Actif,2026-06-29T00:22:55.277002,haute
BJ-F428B722,Sys Kanban,Technologie & IT,Toucountouna,+229 23 45 93 99,syskanban@yahoo.com,syskanban.bj,PME (50-200),B2C,LinkedIn,,Actif,2026-06-29T00:22:55.277029,haute
BJ-26183BAD,AI Ruby Studios,Technologie & IT,Toucountouna,+229 72 30 89 38,rubystudios@airubystudios.com.bj,airubystudios.bj,Grande (>200),B2B,LinkedIn,,Actif,2026-06-29T00:22:55.277069,haute
BJ-B831E654,Machine SARL,Technologie & IT,Toucountouna,+229 85 78 80 59,machine.sarl@hotmail.com,machinesarl.bj,PME (10-50),B2C,LinkedIn,,Actif,2026-06-29T00:22:55.277099,haute
BJ-1506D4DF,Web Angular Solutions,Technologie & IT,Toucountouna,+229 53 16 73 58,web_angular@webangularsolut.com.bj,webangularsolutions.bj,PME (50-200),B2B,LinkedIn,,Actif,2026-06-29T00:22:55.277131,haute
BJ-5B3062D9,Python Bénin,Technologie & IT,Boukoumbé,+229 23 76 60 51,p.bénin@gmail.com,pythonbénin.bj,TPE (<10),B2C,LinkedIn,,Actif,2026-06-29T00:22:55.277186,haute
BJ-59794C15,Data SQL Tech,Technologie & IT,Boukoumbé,+229 56 33 37 86,data.sql@yahoo.com,datasqltech.bj,TPE (<10),B2C,LinkedIn,,Actif,2026-06-29T00:22:55.277222,haute
BJ-58AFBBFC,BI Boukoumbé,Technologie & IT,Boukoumbé,+229 49 37 15 39,,biboukoumbé.bj,TPE (<10),B2C,LinkedIn,,Actif,2026-06-29T00:22:55.277262,moyenne
BJ-63ADE970,Web GraphQL Hub Boukoumbé,Technologie & IT,Boukoumbé,+229 25 60 42 61,web.graphql@webgraphqlhubbo.bj,webgraphqlhubboukoumbé.bj,TPE (<10),B2B,LinkedIn,,Actif,2026-06-29T00:22:55.277323,haute
BJ-52AE83B2,Net Application Boukoumbé,Technologie & IT,Boukoumbé,+229 98 97 75 56,netapplication@netapplicationb.org.bj,netapplicationboukoumbé.bj,TPE (<10),B2C,LinkedIn,,Actif,2026-06-29T00:22:55.277360,haute
BJ-61603118,Tech Cloud,Technologie & IT,Kouandé,+229 38 73 59 58,t.cloud@techcloud.com.bj,techcloud.bj,PME (50-200),B2C,LinkedIn,,Actif,2026-06-29T00:22:55.277411,haute
BJ-7B971B46,Internet Kouandé,Technologie & IT,Kouandé,+229 72 55 82 29,internetkouandé@internetkouandé.bj,internetkouandé.bj,PME (10-50),B2B,LinkedIn,,Actif,2026-06-29T00:22:55.277444,haute
BJ-3975667A,Web Frontend Africa Kouandé,Technologie & IT,Kouandé,+229 97 70 67 20,web.frontend@yahoo.com,webfrontendafricakouandé.bj,TPE (<10),B2C,LinkedIn,,Actif,2026-06-29T00:22:55.277483,haute
BJ-D436217D,IoT Africa,Technologie & IT,Kouandé,+229 91 93 20 72,i.africa@iotafrica.com.bj,iotafrica.bj,TPE (<10),B2B,LinkedIn,,Actif,2026-06-29T00:22:55.277514,haute
BJ-6EEE46E5,Cloud Crypto Kouandé,Technologie & IT,Kouandé,+229 70 47 88 38,cloud.crypto@cloudcryptokoua.com.bj,cloudcryptokouandé.bj,PME (50-200),B2B,LinkedIn,,Actif,2026-06-29T00:22:55.277545,haute
BJ-CF091291,API Solutions,Technologie & IT,Péhunco,+229 94 83 85 56,apisolutions@apisolutions.com.bj,apisolutions.bj,PME (50-200),B2C,LinkedIn,,Actif,2026-06-29T00:22:55.277592,haute
BJ-75D30FBE,Cyber GraphQL,Technologie & IT,Péhunco,+229 41 69 81 40,cyber.graphql@cybergraphql.org.bj,cybergraphql.bj,Grande (>200),B2B,LinkedIn,,Actif,2026-06-29T00:22:55.277624,haute
BJ-C72715A3,Sys DevOps Labs,Technologie & IT,Péhunco,+229 68 35 68 63,sys.devops@gmail.com,sysdevopslabs.bj,Grande (>200),B2C,LinkedIn,,Actif,2026-06-29T00:22:55.277680,haute
BJ-215C0CBA,Cyber Network SARL,Technologie & IT,Péhunco,+229 90 62 58 29,c.network@cybernetworksar.bj,cybernetworksarl.bj,PME (50-200),B2C,LinkedIn,,Actif,2026-06-29T00:22:55.277713,haute
BJ-B35AB339,Java,Technologie & IT,Tchaourou,+229 27 22 72 96,java@yahoo.com,java.bj,TPE (<10),B2B,LinkedIn,,Actif,2026-06-29T00:22:55.277758,haute
BJ-465C77AA,Cloud Bénin Tchaourou,Technologie & IT,Tchaourou,+229 27 15 58 37,cloud.bénin@cloudbénintchao.org.bj,cloudbénintchaourou.bj,PME (10-50),B2B,LinkedIn,,Actif,2026-06-29T00:22:55.277791,haute
BJ-AE4D7008,Informatique International Tchaourou,Technologie & IT,Tchaourou,+229 33 57 28 65,,informatiqueinternationaltchaourou.bj,PME (10-50),B2C,LinkedIn,,Actif,2026-06-29T00:22:55.277849,moyenne
BJ-388C35C9,Intelligence,Technologie & IT,Tchaourou,+229 61 33 39 46,intelligence@intelligence.com.bj,intelligence.bj,Grande (>200),B2C,LinkedIn,,Actif,2026-06-29T00:22:55.277910,haute
BJ-4D3FC8BE,Rust Works,Technologie & IT,Tchaourou,+229 67 46 55 30,rust.works@yahoo.fr,rustworks.bj,PME (10-50),B2B,LinkedIn,,Actif,2026-06-29T00:22:55.277952,haute
BJ-71FBC78A,Deep Hub Nikki,Technologie & IT,Nikki,+229 40 28 98 44,deephub@deephubnikki.bj,deephubnikki.bj,PME (50-200),B2B,LinkedIn,,Actif,2026-06-29T00:22:55.278014,haute
BJ-4ACC4369,macOS,Technologie & IT,Nikki,+229 45 24 11 95,macos@macos.bj,macos.bj,PME (10-50),B2C,LinkedIn,,Actif,2026-06-29T00:22:55.278058,haute
BJ-FB2B910B,Rust Nikki,Technologie & IT,Nikki,+229 81 18 60 69,rust.nikki@rustnikki.bj,rustnikki.bj,TPE (<10),B2B,LinkedIn,,Actif,2026-06-29T00:22:55.278095,haute
BJ-93B2B1B7,Android Soft Nikki,Technologie & IT,Nikki,+229 40 71 55 72,androidsoft@outlook.com,,TPE (<10),B2C,LinkedIn,,Actif,2026-06-29T00:22:55.278132,moyenne
BJ-C9CB9299,Smart JavaScript Labs,Technologie & IT,Nikki,+229 80 14 92 37,smart.javascript@gmail.com,smartjavascriptlabs.bj,TPE (<10),B2B,LinkedIn,,Actif,2026-06-29T00:22:55.278181,haute
BJ-C67A2E4C,AI Solution International Bembéréké,Technologie & IT,Bembéréké,+229 99 28 98 25,s.international@hotmail.com,aisolutioninternationalbembéréké.bj,TPE (<10),B2C,LinkedIn,,Actif,2026-06-29T00:22:55.278250,haute
BJ-B4D3F1B0,Design Bembéréké,Technologie & IT,Bembéréké,+229 63 71 69 51,design.bembéréké@gmail.com,designbembéréké.bj,TPE (<10),B2B,LinkedIn,,Actif,2026-06-29T00:22:55.278282,haute
BJ-275C9908,Python Bembéréké,Technologie & IT,Bembéréké,+229 83 79 22 38,pythonbembéréké@pythonbembéréké.bj,pythonbembéréké.bj,PME (10-50),B2C,LinkedIn,,Actif,2026-06-29T00:22:55.278323,haute
BJ-2A46B9AC,Data Learning Digital,Technologie & IT,Bembéréké,+229 42 43 25 58,data.learning@datalearningdig.com.bj,datalearningdigital.bj,TPE (<10),B2C,LinkedIn,,Actif,2026-06-29T00:22:55.278354,haute
BJ-CDA50F4C,App Logiciel Works,Technologie & IT,Bembéréké,+229 43 59 22 85,app.logiciel@applogicielwork.org.bj,applogicielworks.bj,TPE (<10),B2B,LinkedIn,,Actif,2026-06-29T00:22:55.278389,haute
BJ-34B94D61,Crypto,Technologie & IT,Kalalé,+229 65 25 18 68,crypto@outlook.com,crypto.bj,Grande (>200),B2B,LinkedIn,,Actif,2026-06-29T00:22:55.278435,haute
BJ-0CBC4296,Cyber Vue Kalalé,Technologie & IT,Kalalé,+229 66 66 91 84,cyber.vue@outlook.com,cybervuekalalé.bj,Grande (>200),B2B,LinkedIn,,Actif,2026-06-29T00:22:55.278467,haute
BJ-43A4D99F,Frontend Works,Technologie & IT,Kalalé,+229 29 47 30 64,frontend.works@hotmail.com,frontendworks.bj,PME (10-50),B2B,LinkedIn,,Actif,2026-06-29T00:22:55.278498,haute
BJ-DFB8E051,Java,Technologie & IT,Kalalé,+229 53 73 29 38,java@java.org.bj,java.bj,TPE (<10),B2C,LinkedIn,,Actif,2026-06-29T00:22:55.278525,haute
BJ-2A65B239,Oracle,Technologie & IT,Kalalé,+229 44 25 22 24,oracle@oracle.org.bj,oracle.bj,PME (10-50),B2B,LinkedIn,,Actif,2026-06-29T00:22:55.278549,haute
BJ-80608B23,Soft Scrum Ndali,Technologie & IT,Ndali,+229 73 78 68 81,,softscrumndali.bj,PME (10-50),B2C,LinkedIn,,Actif,2026-06-29T00:22:55.278596,moyenne
BJ-38A6D0BF,Web Oracle Bénin,Technologie & IT,Ndali,+229 46 40 82 18,web.oracle@weboraclebénin.bj,,TPE (<10),B2B,LinkedIn,,Actif,2026-06-29T00:22:55.278640,moyenne
BJ-88D11843,Security Solutions,Technologie & IT,Ndali,+229 24 11 96 49,securitysolutions@securitysolutio.com.bj,securitysolutions.bj,TPE (<10),B2C,LinkedIn,,Actif,2026-06-29T00:22:55.278697,haute
BJ-B434442C,Tech Angular Studios,Technologie & IT,Ndali,+229 43 34 73 90,tech.angular@techangularstud.bj,,TPE (<10),B2C,LinkedIn,,Actif,2026-06-29T00:22:55.278731,moyenne
BJ-8781A4F2,App Kotlin Africa,Technologie & IT,Ndali,+229 42 64 47 62,app.kotlin@appkotlinafrica.bj,appkotlinafrica.bj,PME (50-200),B2B,LinkedIn,,Actif,2026-06-29T00:22:55.278763,haute
BJ-986A3A24,Frontend SARL Ségbana,Technologie & IT,Ségbana,+229 32 13 72 87,,frontendsarlségbana.bj,TPE (<10),B2B,LinkedIn,,Actif,2026-06-29T00:22:55.278803,moyenne
BJ-8C7DC770,Sys Network,Technologie & IT,Ségbana,+229 61 44 46 26,s.network@hotmail.com,sysnetwork.bj,PME (10-50),B2B,LinkedIn,,Actif,2026-06-29T00:22:55.278834,haute
BJ-EE9453B0,PaaS Ségbana,Technologie & IT,Ségbana,+229 47 59 81 91,paasségbana@paasségbana.org.bj,paasségbana.bj,PME (50-200),B2C,LinkedIn,,Actif,2026-06-29T00:22:55.278864,haute
BJ-F436145A,React,Technologie & IT,Ségbana,+229 24 75 85 47,react@react.bj,,TPE (<10),B2B,LinkedIn,,Actif,2026-06-29T00:22:55.278887,moyenne
BJ-6A53C911,Tech Scrum Soft,Technologie & IT,Ségbana,+229 56 99 39 17,techscrum@gmail.com,,PME (10-50),B2B,LinkedIn,,Actif,2026-06-29T00:22:55.278938,moyenne
BJ-D1D85DE5,Python,Technologie & IT,Tchaourou,+229 86 11 64 20,python@python.bj,python.bj,TPE (<10),B2C,LinkedIn,,Actif,2026-06-29T00:22:55.278976,haute
BJ-5660F51D,BI,Technologie & IT,Tchaourou,+229 94 60 46 83,bi@bi.bj,,TPE (<10),B2C,LinkedIn,,Actif,2026-06-29T00:22:55.278999,moyenne
BJ-DAF338AF,Web Go Systems Tchaourou,Technologie & IT,Tchaourou,+229 37 72 25 55,w.systems@outlook.com,webgosystemstchaourou.bj,Grande (>200),B2C,LinkedIn,,Actif,2026-06-29T00:22:55.279062,haute
BJ-9D66CE1F,Data Kotlin International,Technologie & IT,Tchaourou,+229 53 92 60 13,datakotlin@yahoo.com,datakotlininternational.bj,TPE (<10),B2B,LinkedIn,,Actif,2026-06-29T00:22:55.279090,haute
BJ-C071F2F3,Digital Python,Technologie & IT,Bétérou,+229 72 28 28 97,digital_python@digitalpython.com.bj,digitalpython.bj,PME (50-200),B2C,LinkedIn,,Actif,2026-06-29T00:22:55.279130,haute
BJ-1D7DE55C,Python SARL,Technologie & IT,Bétérou,+229 69 79 21 38,pythonsarl@pythonsarl.org.bj,pythonsarl.bj,PME (10-50),B2C,LinkedIn,,Actif,2026-06-29T00:22:55.279176,haute
BJ-C492C5AA,GraphQL Studios,Technologie & IT,Bétérou,+229 41 33 80 40,graphqlstudios@gmail.com,graphqlstudios.bj,TPE (<10),B2B,LinkedIn,,Actif,2026-06-29T00:22:55.279204,haute
BJ-36BD0A3D,Design Studios,Technologie & IT,Bétérou,+229 57 48 27 19,designstudios@designstudios.org.bj,designstudios.bj,PME (10-50),B2B,LinkedIn,,Actif,2026-06-29T00:22:55.279233,haute
BJ-B1F54FDB,Logiciel,Technologie & IT,Bétérou,+229 87 48 80 34,,logiciel.bj,PME (10-50),B2B,LinkedIn,,Actif,2026-06-29T00:22:55.279254,moyenne
BJ-ECA78F32,Web Cyber,Technologie & IT,Ouessè,+229 21 76 34 10,webcyber@yahoo.fr,webcyber.bj,Grande (>200),B2C,LinkedIn,,Actif,2026-06-29T00:22:55.279321,haute
BJ-9B03CCD8,Ruby,Technologie & IT,Ouessè,+229 85 59 77 37,ruby@ruby.bj,ruby.bj,TPE (<10),B2B,LinkedIn,,Actif,2026-06-29T00:22:55.279387,haute
BJ-2A214400,JavaScript,Technologie & IT,Ouessè,+229 21 44 34 91,javascript@javascript.org.bj,javascript.bj,Grande (>200),B2C,LinkedIn,,Actif,2026-06-29T00:22:55.279417,haute
BJ-6DE673B6,Info Business,Technologie & IT,Ouessè,+229 46 46 38 25,i.business@infobusiness.com.bj,infobusiness.bj,Grande (>200),B2B,LinkedIn,,Actif,2026-06-29T00:22:55.279445,haute
BJ-202F1ABF,Net Kubernetes International,Technologie & IT,Glazoué,+229 98 67 32 27,net.kubernetes@gmail.com,netkubernetesinternational.bj,PME (50-200),B2C,LinkedIn,,Actif,2026-06-29T00:22:55.279493,haute
BJ-55CBD5B0,Soft PaaS,Technologie & IT,Glazoué,+229 43 75 11 60,s.paas@softpaas.bj,,TPE (<10),B2B,LinkedIn,,Actif,2026-06-29T00:22:55.279523,moyenne
BJ-E4BCC365,IoT,Technologie & IT,Glazoué,+229 34 19 71 15,iot@iot.bj,iot.bj,Grande (>200),B2C,LinkedIn,,Actif,2026-06-29T00:22:55.279546,haute
BJ-1A01A9A5,Cloud Logiciel Tech,Technologie & IT,Glazoué,+229 89 60 96 24,cloud.logiciel@outlook.com,cloudlogicieltech.bj,PME (10-50),B2B,LinkedIn,,Actif,2026-06-29T00:22:55.279582,haute
BJ-D9683132,Info Python SARL,Technologie & IT,Glazoué,+229 53 74 96 13,infopython@infopythonsarl.bj,infopythonsarl.bj,TPE (<10),B2B,LinkedIn,,Actif,2026-06-29T00:22:55.279621,haute
BJ-1CDF3C54,Scrum Hub,Technologie & IT,Dassa-Zoumè,+229 90 68 93 24,scrumhub@scrumhub.bj,scrumhub.bj,TPE (<10),B2C,LinkedIn,,Actif,2026-06-29T00:22:55.279667,haute
BJ-F62E45AA,Cloud Swift Digital,Technologie & IT,Dassa-Zoumè,+229 84 82 99 41,cloudswift@cloudswiftdigit.org.bj,cloudswiftdigital.bj,TPE (<10),B2C,LinkedIn,,Actif,2026-06-29T00:22:55.279703,haute
BJ-D0804AFB,Digital Blockchain Hub,Technologie & IT,Dassa-Zoumè,+229 46 21 94 10,d.blockchain@digitalblockcha.org.bj,digitalblockchainhub.bj,PME (50-200),B2B,LinkedIn,,Actif,2026-06-29T00:22:55.279745,haute
BJ-1A03180C,Data Systems,Technologie & IT,Dassa-Zoumè,+229 58 48 41 61,data.systems@datasystems.org.bj,datasystems.bj,PME (10-50),B2C,LinkedIn,,Actif,2026-06-29T00:22:55.279780,haute
BJ-5689F2CA,Web Big,Technologie & IT,Dassa-Zoumè,+229 44 29 51 10,web_big@outlook.com,webbig.bj,TPE (<10),B2C,LinkedIn,,Actif,2026-06-29T00:22:55.279814,haute
BJ-1DDC4BE4,Artificielle Works Savalou,Technologie & IT,Savalou,+229 61 70 86 23,artificielleworks@gmail.com,artificielleworkssavalou.bj,PME (10-50),B2B,LinkedIn,,Actif,2026-06-29T00:22:55.279862,haute
BJ-FA6BA363,Node,Technologie & IT,Savalou,+229 24 48 25 22,node@node.com.bj,node.bj,PME (10-50),B2B,LinkedIn,,Actif,2026-06-29T00:22:55.279914,haute
BJ-6DE1C3CA,Tech Design Africa,Technologie & IT,Savalou,+229 82 32 87 28,tech.design@hotmail.com,techdesignafrica.bj,TPE (<10),B2B,LinkedIn,,Actif,2026-06-29T00:22:55.279948,haute
BJ-8B527552,Soft Mobile Soft,Technologie & IT,Savalou,+229 95 16 54 79,s.mobile@gmail.com,,TPE (<10),B2B,LinkedIn,,Actif,2026-06-29T00:22:55.279965,moyenne
BJ-4A2D362C,Tech Crypto Savalou,Technologie & IT,Savalou,+229 35 90 36 94,tech_crypto@outlook.com,techcryptosavalou.bj,TPE (<10),B2C,LinkedIn,,Actif,2026-06-29T00:22:55.279983,haute
BJ-3878EE61,SaaS,Technologie & IT,Bantè,+229 96 79 56 20,saas@saas.org.bj,saas.bj,Grande (>200),B2B,LinkedIn,,Actif,2026-06-29T00:22:55.280009,haute
BJ-E09A6051,Analytics,Technologie & IT,Bantè,+229 75 60 44 11,analytics@analytics.org.bj,analytics.bj,PME (10-50),B2B,LinkedIn,,Actif,2026-06-29T00:22:55.280025,haute
BJ-BDF0FD49,IaaS Studios Bantè,Technologie & IT,Bantè,+229 36 10 51 42,i.studios@iaasstudiosbant.com.bj,iaasstudiosbantè.bj,PME (10-50),B2C,LinkedIn,,Actif,2026-06-29T00:22:55.280058,haute
BJ-117971F7,Sys React Bantè,Technologie & IT,Bantè,+229 54 15 75 99,sysreact@sysreactbantè.org.bj,sysreactbantè.bj,PME (50-200),B2B,LinkedIn,,Actif,2026-06-29T00:22:55.280079,haute
BJ-439C2B19,Cloud NoSQL Hub,Technologie & IT,Bantè,+229 65 24 23 90,cloudnosql@yahoo.fr,cloudnosqlhub.bj,TPE (<10),B2B,LinkedIn,,Actif,2026-06-29T00:22:55.280097,haute
BJ-489D4B48,Net Swift,Technologie & IT,Djougou,+229 54 60 22 74,net.swift@netswift.bj,,TPE (<10),B2B,LinkedIn,,Actif,2026-06-29T00:22:55.280120,moyenne
BJ-122E7C1F,Web Deep Solutions,Technologie & IT,Djougou,+229 36 64 41 84,web.deep@yahoo.com,webdeepsolutions.bj,PME (50-200),B2B,LinkedIn,,Actif,2026-06-29T00:22:55.280137,haute
BJ-1ADD20B6,Cyber SARL,Technologie & IT,Djougou,+229 48 57 55 52,c.sarl@cybersarl.com.bj,cybersarl.bj,TPE (<10),B2B,LinkedIn,,Actif,2026-06-29T00:22:55.280155,haute
BJ-9AC3BD5F,Sys Analytics Djougou,Technologie & IT,Djougou,+229 20 27 36 76,s.analytics@sysanalyticsdjo.com.bj,sysanalyticsdjougou.bj,PME (10-50),B2C,LinkedIn,,Actif,2026-06-29T00:22:55.280178,haute
BJ-BE5967F5,Backend International,Technologie & IT,Djougou,+229 97 88 33 74,backend.international@backendinternat.org.bj,backendinternational.bj,PME (10-50),B2B,LinkedIn,,Actif,2026-06-29T00:22:55.280198,haute
BJ-06E1A2BD,Sys Technologie Systems Ouèssè,Technologie & IT,Ouèssè,+229 21 22 16 69,sys.technologie@yahoo.com,systechnologiesystemsouèssè.bj,PME (50-200),B2C,LinkedIn,,Actif,2026-06-29T00:22:55.280233,haute
BJ-07CDA6DA,Soft Go Solutions,Technologie & IT,Ouèssè,+229 65 67 14 29,s.solutions@softgosolutions.org.bj,softgosolutions.bj,TPE (<10),B2B,LinkedIn,,Actif,2026-06-29T00:22:55.280251,haute
BJ-49A0139C,GraphQL Ouèssè,Technologie & IT,Ouèssè,+229 39 85 32 81,g.ouèssè@graphqlouèssè.org.bj,graphqlouèssè.bj,PME (50-200),B2B,LinkedIn,,Actif,2026-06-29T00:22:55.280273,haute
BJ-C276D877,Node Tech Ouèssè,Technologie & IT,Ouèssè,+229 92 88 38 42,node_tech@nodetechouèssè.org.bj,nodetechouèssè.bj,PME (10-50),B2B,LinkedIn,,Actif,2026-06-29T00:22:55.280292,haute
BJ-047E9BFD,Tech Data Soft,Technologie & IT,Ouèssè,+229 35 89 42 63,techdata@techdatasoft.bj,,TPE (<10),B2C,LinkedIn,,Actif,2026-06-29T00:22:55.280308,moyenne
BJ-86A59250,Cyber Database,Technologie & IT,Bassila,+229 63 27 73 53,cyber.database@cyberdatabase.com.bj,cyberdatabase.bj,TPE (<10),B2C,LinkedIn,,Actif,2026-06-29T00:22:55.280333,haute
BJ-B4211F3F,Net PaaS Solutions,Technologie & IT,Bassila,+229 43 79 55 21,netpaas@netpaassolution.com.bj,netpaassolutions.bj,PME (50-200),B2C,LinkedIn,,Actif,2026-06-29T00:22:55.280350,haute
BJ-B520B209,Learning Solutions,Technologie & IT,Bassila,+229 23 24 91 55,learningsolutions@hotmail.com,learningsolutions.bj,TPE (<10),B2B,LinkedIn,,Actif,2026-06-29T00:22:55.280366,haute
BJ-DEA3EE02,Container Bénin,Technologie & IT,Bassila,+229 33 62 16 80,container.bénin@containerbénin.org.bj,containerbénin.bj,PME (10-50),B2C,LinkedIn,,Actif,2026-06-29T00:22:55.280385,haute
BJ-7692EC69,CRM Works,Technologie & IT,Bassila,+229 45 79 13 86,crm.works@crmworks.org.bj,crmworks.bj,TPE (<10),B2B,LinkedIn,,Actif,2026-06-29T00:22:55.280403,haute
BJ-F3E9375A,Web IoT Labs,Technologie & IT,Pehunco,+229 48 89 62 31,web.iot@webiotlabs.org.bj,webiotlabs.bj,PME (50-200),B2B,LinkedIn,,Actif,2026-06-29T00:22:55.280429,haute
BJ-F1819C73,React,Technologie & IT,Pehunco,+229 76 10 88 13,react@outlook.com,react.bj,PME (50-200),B2B,LinkedIn,,Actif,2026-06-29T00:22:55.280444,haute
BJ-04D0A12B,Cloud JavaScript Soft,Technologie & IT,Pehunco,+229 73 26 19 19,cloudjavascript@cloudjavascript.org.bj,cloudjavascriptsoft.bj,TPE (<10),B2C,LinkedIn,,Actif,2026-06-29T00:22:55.280469,haute
BJ-A950F732,Fullstack,Technologie & IT,Pehunco,+229 61 80 47 31,fullstack@gmail.com,fullstack.bj,TPE (<10),B2C,LinkedIn,,Actif,2026-06-29T00:22:55.280485,haute
BJ-E302AA9B,Things Systems,Technologie & IT,Pehunco,+229 66 13 49 50,t.systems@thingssystems.com.bj,thingssystems.bj,TPE (<10),B2B,LinkedIn,,Actif,2026-06-29T00:22:55.280503,haute
BJ-C7B99743,Web Learning,Technologie & IT,Copargo,+229 33 64 57 63,web.learning@weblearning.com.bj,weblearning.bj,Grande (>200),B2B,LinkedIn,,Actif,2026-06-29T00:22:55.280528,haute
BJ-108B8F3E,Cyber Rust Digital,Technologie & IT,Copargo,+229 63 88 11 47,cyberrust@hotmail.com,cyberrustdigital.bj,TPE (<10),B2C,LinkedIn,,Actif,2026-06-29T00:22:55.280546,haute
BJ-36FA13FE,Business Solutions,Technologie & IT,Copargo,+229 54 88 22 85,,businesssolutions.bj,PME (10-50),B2B,LinkedIn,,Actif,2026-06-29T00:22:55.280561,moyenne
BJ-89469449,Data Design,Technologie & IT,Copargo,+229 25 82 61 69,d.design@outlook.com,datadesign.bj,TPE (<10),B2C,LinkedIn,,Actif,2026-06-29T00:22:55.280583,haute
BJ-EBED4666,REST,Technologie & IT,Copargo,+229 84 80 80 85,rest@yahoo.com,rest.bj,TPE (<10),B2C,LinkedIn,,Actif,2026-06-29T00:22:55.280598,haute
BJ-F12B6D09,Adhésif Works,Industrie & Manufacture,Cotonou,+229 56 64 40 33,,adhésifworks.bj,TPE (<10),B2B,LinkedIn,,Actif,2026-06-29T00:22:55.280623,moyenne
BJ-ECD30BB4,Plant Plastique,Industrie & Manufacture,Cotonou,+229 48 25 83 40,,,TPE (<10),B2B,LinkedIn,,Actif,2026-06-29T00:22:55.280656,basse
BJ-17EEF328,Works Automobile,Industrie & Manufacture,Cotonou,+229 48 15 17 10,w.automobile@hotmail.com,worksautomobile.bj,TPE (<10),B2B,LinkedIn,,Actif,2026-06-29T00:22:55.280674,haute
BJ-07CB09C8,Manufacture Découpe,Industrie & Manufacture,Cotonou,+229 43 96 89 33,m.découpe@manufacturedéco.org.bj,manufacturedécoupe.bj,TPE (<10),B2B,LinkedIn,,Actif,2026-06-29T00:22:55.280695,haute
BJ-4D98DBE8,Fonte,Industrie & Manufacture,Abomey-Calavi,+229 84 17 91 17,fonte@hotmail.com,,TPE (<10),B2B,LinkedIn,,Actif,2026-06-29T00:22:55.280719,moyenne
BJ-3F9B95F3,Aluminium Abomey-Calavi,Industrie & Manufacture,Abomey-Calavi,+229 49 84 61 36,aluminium_abomey@outlook.com,aluminiumabomeycalavi.bj,PME (50-200),B2B,LinkedIn,,Actif,2026-06-29T00:22:55.280743,haute
BJ-9D93AF2C,Manufacture Plastique Industries,Industrie & Manufacture,Abomey-Calavi,+229 33 27 73 82,m.plastique@yahoo.com,,TPE (<10),B2B,LinkedIn,,Actif,2026-06-29T00:22:55.280760,moyenne
BJ-731E9A27,Unité Métal,Industrie & Manufacture,Abomey-Calavi,+229 85 70 21 98,,unitémétal.bj,PME (50-200),B2B,LinkedIn,,Actif,2026-06-29T00:22:55.280775,moyenne
BJ-3AF5A48D,Laser SA,Industrie & Manufacture,Abomey-Calavi,+229 67 59 56 91,laser@hotmail.com,lasersa.bj,TPE (<10),B2B,LinkedIn,,Actif,2026-06-29T00:22:55.280790,haute
BJ-CD2A8B82,Manufacture CNC Plant Porto-Novo,Industrie & Manufacture,Porto-Novo,+229 42 20 75 23,manufacture.cnc@manufacturecncp.com.bj,manufacturecncplantportonovo.bj,PME (10-50),B2B,LinkedIn,,Actif,2026-06-29T00:22:55.280817,haute
BJ-01E037B4,Unité Automobile Plant,Industrie & Manufacture,Porto-Novo,+229 55 39 14 64,u.automobile@unitéautomobile.bj,unitéautomobileplant.bj,PME (10-50),B2B,LinkedIn,,Actif,2026-06-29T00:22:55.280839,haute
BJ-AABF61CF,Atelier Imprimerie,Industrie & Manufacture,Porto-Novo,+229 74 73 34 72,,,TPE (<10),B2B,LinkedIn,,Actif,2026-06-29T00:22:55.280855,basse
BJ-3E8875BF,Électrique Porto-Novo,Industrie & Manufacture,Porto-Novo,+229 71 46 94 81,é.porto@gmail.com,électriqueportonovo.bj,PME (10-50),B2B,LinkedIn,,Actif,2026-06-29T00:22:55.280876,haute
BJ-E1C71DB9,Unité Vernis Industries,Industrie & Manufacture,Porto-Novo,+229 80 99 71 44,unité.vernis@unitévernisindu.bj,unitévernisindustries.bj,TPE (<10),B2B,LinkedIn,,Actif,2026-06-29T00:22:55.280919,haute
BJ-E1C25F32,Fabrique Aluminium Africa,Industrie & Manufacture,Parakou,+229 21 92 20 34,fabriquealuminium@fabriquealumini.com.bj,fabriquealuminiumafrica.bj,TPE (<10),B2B,LinkedIn,,Actif,2026-06-29T00:22:55.280953,haute
BJ-9AE6408A,Mécanique Plant Parakou,Industrie & Manufacture,Parakou,+229 35 90 34 23,m.plant@yahoo.com,mécaniqueplantparakou.bj,PME (10-50),B2B,LinkedIn,,Actif,2026-06-29T00:22:55.280984,haute
BJ-370728E9,Plant Plastique,Industrie & Manufacture,Parakou,+229 75 18 74 32,plantplastique@gmail.com,plantplastique.bj,PME (10-50),B2B,LinkedIn,,Actif,2026-06-29T00:22:55.281003,haute
BJ-31756939,Works Laser,Industrie & Manufacture,Parakou,+229 85 35 61 66,workslaser@yahoo.fr,,TPE (<10),B2B,LinkedIn,,Actif,2026-06-29T00:22:55.281019,moyenne
BJ-59765F37,Alimentaire Works,Industrie & Manufacture,Parakou,+229 68 39 45 58,alimentaireworks@yahoo.com,alimentaireworks.bj,TPE (<10),B2B,LinkedIn,,Actif,2026-06-29T00:22:55.281036,haute
BJ-369456DD,Manufacture Hydraulique Groupe,Industrie & Manufacture,Bohicon,+229 91 44 37 40,,,PME (50-200),B2B,LinkedIn,,Actif,2026-06-29T00:22:55.281060,basse
BJ-DEDCF5D4,Industrie Béton,Industrie & Manufacture,Bohicon,+229 23 54 74 52,,industriebéton.bj,TPE (<10),B2B,LinkedIn,,Actif,2026-06-29T00:22:55.281109,moyenne
BJ-5976DEB0,Atelier Adhésif,Industrie & Manufacture,Bohicon,+229 99 31 94 83,,atelieradhésif.bj,TPE (<10),B2B,LinkedIn,,Actif,2026-06-29T00:22:55.281123,moyenne
BJ-399281D1,Métal Manufacture,Industrie & Manufacture,Bohicon,+229 73 84 53 39,métalmanufacture@gmail.com,métalmanufacture.bj,PME (50-200),B2B,LinkedIn,,Actif,2026-06-29T00:22:55.281142,haute
BJ-486F1B62,Atelier Conditionnement Natitingou,Industrie & Manufacture,Natitingou,+229 77 16 61 65,atelier.conditionnement@outlook.com,,TPE (<10),B2B,LinkedIn,,Actif,2026-06-29T00:22:55.281166,moyenne
BJ-3E2FDFCB,Fabrique Carton Natitingou,Industrie & Manufacture,Natitingou,+229 55 40 72 27,,fabriquecartonnatitingou.bj,PME (10-50),B2B,LinkedIn,,Actif,2026-06-29T00:22:55.281180,moyenne
BJ-CE3A275A,Manufacture Conditionnement Groupe,Industrie & Manufacture,Natitingou,+229 70 29 70 25,,manufactureconditionnementgroupe.bj,TPE (<10),B2B,LinkedIn,,Actif,2026-06-29T00:22:55.281192,moyenne
BJ-B026E4D8,Atelier Transformation SARL,Industrie & Manufacture,Natitingou,+229 88 96 87 22,atelier.transformation@ateliertransfor.com.bj,ateliertransformationsarl.bj,PME (10-50),B2B,LinkedIn,,Actif,2026-06-29T00:22:55.281208,haute
BJ-B6221BC0,Hydraulique SA Natitingou,Industrie & Manufacture,Natitingou,+229 61 31 37 38,hydrauliquenatitingou@yahoo.com,,PME (50-200),B2B,LinkedIn,,Actif,2026-06-29T00:22:55.281224,moyenne
BJ-68BB9C93,Industrie Robotique,Industrie & Manufacture,Lokossa,+229 41 71 16 57,industrie.robotique@hotmail.com,industrierobotique.bj,TPE (<10),B2B,LinkedIn,,Actif,2026-06-29T00:22:55.281247,haute
BJ-3FB8EDC7,Édition,Industrie & Manufacture,Lokossa,+229 70 31 55 73,,,PME (50-200),B2B,LinkedIn,,Actif,2026-06-29T00:22:55.281259,basse
BJ-351C26B7,Colle,Industrie & Manufacture,Lokossa,+229 78 36 26 98,colle@gmail.com,colle.bj,Grande (>200),B2B,LinkedIn,,Actif,2026-06-29T00:22:55.281276,haute
BJ-2060D096,Manufacture Plastique,Industrie & Manufacture,Lokossa,+229 64 77 73 85,manufactureplastique@manufactureplas.org.bj,manufactureplastique.bj,TPE (<10),B2B,LinkedIn,,Actif,2026-06-29T00:22:55.281293,haute
BJ-D687136C,Soudure,Industrie & Manufacture,Lokossa,+229 21 71 66 93,soudure@outlook.com,,PME (50-200),B2B,LinkedIn,,Actif,2026-06-29T00:22:55.281307,moyenne
BJ-D7C0DE4A,Usine Usinage Works Ouidah,Industrie & Manufacture,Ouidah,+229 43 67 84 74,u.usinage@usineusinagewor.bj,usineusinageworksouidah.bj,PME (10-50),B2B,LinkedIn,,Actif,2026-06-29T00:22:55.281331,haute
BJ-69C42FC0,Imprimerie,Industrie & Manufacture,Ouidah,+229 49 33 77 98,imprimerie@imprimerie.org.bj,,PME (10-50),B2B,LinkedIn,,Actif,2026-06-29T00:22:55.281345,moyenne
BJ-E205308D,Métal Works,Industrie & Manufacture,Ouidah,+229 98 12 93 27,métalworks@métalworks.bj,,PME (10-50),B2B,LinkedIn,,Actif,2026-06-29T00:22:55.281386,moyenne
BJ-42A93CEF,Usine Hydraulique,Industrie & Manufacture,Ouidah,+229 51 58 38 84,usine_hydraulique@yahoo.com,usinehydraulique.bj,PME (10-50),B2B,LinkedIn,,Actif,2026-06-29T00:22:55.281402,haute
BJ-A34F5230,Works Cuivre Works,Industrie & Manufacture,Savalou,+229 26 79 18 30,works.cuivre@workscuivrework.bj,workscuivreworks.bj,TPE (<10),B2B,LinkedIn,,Actif,2026-06-29T00:22:55.281424,haute
BJ-23FF9AF4,Soudure Bénin,Industrie & Manufacture,Savalou,+229 72 74 73 21,soudure.bénin@yahoo.com,soudurebénin.bj,PME (50-200),B2B,LinkedIn,,Actif,2026-06-29T00:22:55.281442,haute
BJ-7F99D7A4,Unité Céramique Bénin,Industrie & Manufacture,Savalou,+229 43 94 18 75,u.céramique@yahoo.com,,TPE (<10),B2B,LinkedIn,,Actif,2026-06-29T00:22:55.281462,moyenne
BJ-C4D4E003,Textile,Industrie & Manufacture,Savalou,+229 73 80 84 59,textile@hotmail.com,,TPE (<10),B2B,LinkedIn,,Actif,2026-06-29T00:22:55.281491,moyenne
BJ-7C2A8F7E,Papier Groupe,Industrie & Manufacture,Dassa-Zoumè,+229 63 23 75 80,,,Grande (>200),B2B,LinkedIn,,Actif,2026-06-29T00:22:55.281511,basse
BJ-B2F919F1,Plastique Bénin,Industrie & Manufacture,Dassa-Zoumè,+229 35 97 60 78,,plastiquebénin.bj,PME (10-50),B2B,LinkedIn,,Actif,2026-06-29T00:22:55.281524,moyenne
BJ-5035B762,CNC Industry,Industrie & Manufacture,Dassa-Zoumè,+229 58 12 84 75,c.industry@yahoo.com,cncindustry.bj,PME (10-50),B2B,LinkedIn,,Actif,2026-06-29T00:22:55.281540,haute
BJ-B8BDDE75,Atelier Tournage,Industrie & Manufacture,Dassa-Zoumè,+229 42 93 75 70,a.tournage@ateliertournage.com.bj,ateliertournage.bj,TPE (<10),B2B,LinkedIn,,Actif,2026-06-29T00:22:55.281571,haute
BJ-F6817250,Plant Édition,Industrie & Manufacture,Kétou,+229 80 66 27 56,,,TPE (<10),B2B,LinkedIn,,Actif,2026-06-29T00:22:55.281591,basse
BJ-33399BCB,Production Métal Plant,Industrie & Manufacture,Kétou,+229 60 24 87 22,productionmétal@productionmétal.org.bj,productionmétalplant.bj,TPE (<10),B2B,LinkedIn,,Actif,2026-06-29T00:22:55.281609,haute
BJ-8E1F79BC,Fabrique Ciment Groupe,Industrie & Manufacture,Kétou,+229 72 38 14 84,fabriqueciment@fabriquecimentg.org.bj,fabriquecimentgroupe.bj,Grande (>200),B2B,LinkedIn,,Actif,2026-06-29T00:22:55.281629,haute
BJ-398DD41C,Fabrique Métal,Industrie & Manufacture,Kétou,+229 25 78 13 75,,fabriquemétal.bj,PME (10-50),B2B,LinkedIn,,Actif,2026-06-29T00:22:55.281647,moyenne
BJ-7F01B59E,Unité Bois,Industrie & Manufacture,Kétou,+229 27 56 53 38,,,TPE (<10),B2B,LinkedIn,,Actif,2026-06-29T00:22:55.281660,basse
BJ-0FEA52A1,Industrie Peinture Manufacture,Industrie & Manufacture,Covè,+229 62 42 43 14,i.peinture@industriepeintu.com.bj,,PME (50-200),B2B,LinkedIn,,Actif,2026-06-29T00:22:55.281684,moyenne
BJ-E0AF9532,Peinture,Industrie & Manufacture,Covè,+229 25 69 74 23,peinture@peinture.com.bj,peinture.bj,PME (10-50),B2B,LinkedIn,,Actif,2026-06-29T00:22:55.281699,haute
BJ-9E5A3803,Fabrique Conditionnement Covè,Industrie & Manufacture,Covè,+229 87 64 55 53,fabrique.conditionnement@hotmail.com,fabriqueconditionnementcovè.bj,PME (50-200),B2B,LinkedIn,,Actif,2026-06-29T00:22:55.281719,haute
BJ-FCBF12EA,Carton Industry,Industrie & Manufacture,Covè,+229 36 53 41 39,carton.industry@cartonindustry.com.bj,,PME (50-200),B2B,LinkedIn,,Actif,2026-06-29T00:22:55.281749,moyenne
BJ-38ACD4B3,Zinc,Industrie & Manufacture,Pobè,+229 76 67 19 88,zinc@zinc.org.bj,,Grande (>200),B2B,LinkedIn,,Actif,2026-06-29T00:22:55.281774,moyenne
BJ-19E699DA,Carton,Industrie & Manufacture,Pobè,+229 22 70 55 83,carton@yahoo.fr,carton.bj,PME (50-200),B2B,LinkedIn,,Actif,2026-06-29T00:22:55.281788,haute
BJ-16B409A1,Carrelage Works,Industrie & Manufacture,Pobè,+229 82 30 71 41,,carrelageworks.bj,TPE (<10),B2B,LinkedIn,,Actif,2026-06-29T00:22:55.281804,moyenne
BJ-FBA5073B,Textile Factory,Industrie & Manufacture,Pobè,+229 83 24 79 39,textile.factory@gmail.com,,PME (10-50),B2B,LinkedIn,,Actif,2026-06-29T00:22:55.281829,moyenne
BJ-B5F089F2,Hydraulique Manufacture,Industrie & Manufacture,Pobè,+229 32 52 18 27,h.manufacture@hydrauliquemanu.org.bj,hydrauliquemanufacture.bj,TPE (<10),B2B,LinkedIn,,Actif,2026-06-29T00:22:55.281867,haute
BJ-4585CBD9,Unité Cuivre Sakété,Industrie & Manufacture,Sakété,+229 71 28 80 38,unitécuivre@outlook.com,,PME (50-200),B2B,LinkedIn,,Actif,2026-06-29T00:22:55.281922,moyenne
BJ-AD70E256,Fraisage Industries,Industrie & Manufacture,Sakété,+229 82 78 35 61,fraisageindustries@fraisageindustr.bj,fraisageindustries.bj,PME (50-200),B2B,LinkedIn,,Actif,2026-06-29T00:22:55.281944,haute
BJ-9FB06A23,Robotique SA,Industrie & Manufacture,Sakété,+229 81 50 25 75,robotique@robotiquesa.bj,robotiquesa.bj,PME (10-50),B2B,LinkedIn,,Actif,2026-06-29T00:22:55.281961,haute
BJ-790BA5F4,Peinture Africa,Industrie & Manufacture,Sakété,+229 61 32 37 38,peinture.africa@peintureafrica.org.bj,peintureafrica.bj,TPE (<10),B2B,LinkedIn,,Actif,2026-06-29T00:22:55.281983,haute
BJ-7150DA59,Plant Découpe SA,Industrie & Manufacture,Sakété,+229 34 83 86 31,plantdécoupe@plantdécoupesa.org.bj,,PME (10-50),B2B,LinkedIn,,Actif,2026-06-29T00:22:55.282001,moyenne
BJ-AA26420E,Béton SARL,Industrie & Manufacture,Adjara,+229 82 93 51 21,b.sarl@bétonsarl.com.bj,bétonsarl.bj,PME (50-200),B2B,LinkedIn,,Actif,2026-06-29T00:22:55.282027,haute
BJ-88D86FF9,Industrie Pharmaceutique,Industrie & Manufacture,Adjara,+229 52 86 51 35,industriepharmaceutique@industriepharma.bj,industriepharmaceutique.bj,Grande (>200),B2B,LinkedIn,,Actif,2026-06-29T00:22:55.282046,haute
BJ-99030040,Assemblage,Industrie & Manufacture,Adjara,+229 93 15 77 10,assemblage@assemblage.org.bj,assemblage.bj,PME (10-50),B2B,LinkedIn,,Actif,2026-06-29T00:22:55.282064,haute
BJ-89BF297E,Industrie Bois Africa,Industrie & Manufacture,Adjara,+229 56 92 42 59,,,TPE (<10),B2B,LinkedIn,,Actif,2026-06-29T00:22:55.282076,basse
BJ-C48DF14C,Works Plastique,Industrie & Manufacture,Adjara,+229 44 60 64 93,works.plastique@worksplastique.org.bj,,PME (50-200),B2B,LinkedIn,,Actif,2026-06-29T00:22:55.282092,moyenne
BJ-23B563AA,Assemblage,Industrie & Manufacture,Allada,+229 86 82 87 92,assemblage@assemblage.com.bj,,PME (50-200),B2B,LinkedIn,,Actif,2026-06-29T00:22:55.282114,moyenne
BJ-91F4A892,Colle Industry,Industrie & Manufacture,Allada,+229 23 56 56 53,colle_industry@colleindustry.com.bj,colleindustry.bj,TPE (<10),B2B,LinkedIn,,Actif,2026-06-29T00:22:55.282130,haute
BJ-6DD0D08A,Zinc SARL,Industrie & Manufacture,Allada,+229 75 29 28 22,z.sarl@yahoo.fr,zincsarl.bj,TPE (<10),B2B,LinkedIn,,Actif,2026-06-29T00:22:55.282146,haute
BJ-06860915,Emballage Allada,Industrie & Manufacture,Allada,+229 65 20 11 46,e.allada@emballageallada.org.bj,emballageallada.bj,TPE (<10),B2B,LinkedIn,,Actif,2026-06-29T00:22:55.282162,haute
BJ-B376D723,Acier,Industrie & Manufacture,Allada,+229 58 13 71 56,acier@acier.org.bj,,PME (10-50),B2B,LinkedIn,,Actif,2026-06-29T00:22:55.282175,moyenne
BJ-AF9AF7AF,Production Carrelage,Industrie & Manufacture,Aplahoué,+229 66 97 90 43,production.carrelage@yahoo.fr,,Grande (>200),B2B,LinkedIn,,Actif,2026-06-29T00:22:55.282197,moyenne
BJ-D598E55D,Automobile,Industrie & Manufacture,Aplahoué,+229 66 24 65 52,automobile@hotmail.com,automobile.bj,TPE (<10),B2B,LinkedIn,,Actif,2026-06-29T00:22:55.282212,haute
BJ-99795EC4,CNC Industries,Industrie & Manufacture,Aplahoué,+229 85 53 19 93,cncindustries@cncindustries.com.bj,cncindustries.bj,PME (10-50),B2B,LinkedIn,,Actif,2026-06-29T00:22:55.282230,haute
BJ-B4E777D0,Mécanique SARL,Industrie & Manufacture,Aplahoué,+229 27 68 33 67,mécanique.sarl@mécaniquesarl.org.bj,,PME (50-200),B2B,LinkedIn,,Actif,2026-06-29T00:22:55.282251,moyenne
BJ-92C28A02,Fabrique Reliure Plant,Industrie & Manufacture,Aplahoué,+229 34 83 79 54,fabrique_reliure@hotmail.com,fabriquereliureplant.bj,TPE (<10),B2B,LinkedIn,,Actif,2026-06-29T00:22:55.282272,haute
BJ-DB0A6557,Métal Plant,Industrie & Manufacture,Dogbo-Tota,+229 75 96 37 34,,,PME (10-50),B2B,LinkedIn,,Actif,2026-06-29T00:22:55.282291,basse
BJ-3C5A954C,Unité Acier,Industrie & Manufacture,Dogbo-Tota,+229 31 92 51 48,unité_acier@unitéacier.com.bj,,TPE (<10),B2B,LinkedIn,,Actif,2026-06-29T00:22:55.282308,moyenne
BJ-A182263C,Imprimerie,Industrie & Manufacture,Dogbo-Tota,+229 23 23 55 16,,imprimerie.bj,TPE (<10),B2B,LinkedIn,,Actif,2026-06-29T00:22:55.282320,moyenne
BJ-F111F043,Robotique,Industrie & Manufacture,Dogbo-Tota,+229 68 32 96 89,robotique@robotique.com.bj,robotique.bj,PME (50-200),B2B,LinkedIn,,Actif,2026-06-29T00:22:55.282334,haute
BJ-1C7107A1,Fabrique Transformation,Industrie & Manufacture,Dogbo-Tota,+229 83 22 54 43,fabrique.transformation@yahoo.com,fabriquetransformation.bj,TPE (<10),B2B,LinkedIn,,Actif,2026-06-29T00:22:55.282350,haute
BJ-4895E5F9,Fabrique Usinage Kpomassè,Industrie & Manufacture,Kpomassè,+229 93 46 49 34,fabriqueusinage@fabriqueusinage.com.bj,fabriqueusinagekpomassè.bj,PME (50-200),B2B,LinkedIn,,Actif,2026-06-29T00:22:55.282375,haute
BJ-DA25DEB6,Aluminium Works,Industrie & Manufacture,Kpomassè,+229 52 77 61 70,,aluminiumworks.bj,TPE (<10),B2B,LinkedIn,,Actif,2026-06-29T00:22:55.282387,moyenne
BJ-0C4C93EE,Works Fonte Factory,Industrie & Manufacture,Kpomassè,+229 36 43 14 84,,,PME (10-50),B2B,LinkedIn,,Actif,2026-06-29T00:22:55.282417,basse
BJ-7CE80952,Béton SA,Industrie & Manufacture,Kpomassè,+229 74 25 44 64,,bétonsa.bj,TPE (<10),B2B,LinkedIn,,Actif,2026-06-29T00:22:55.282429,moyenne
BJ-CA95EE6A,Carton Tori-Bossito,Industrie & Manufacture,Tori-Bossito,+229 92 17 72 12,carton.tori@yahoo.com,,PME (50-200),B2B,LinkedIn,,Actif,2026-06-29T00:22:55.282453,moyenne
BJ-2A510D6C,Vernis,Industrie & Manufacture,Tori-Bossito,+229 36 25 39 47,vernis@yahoo.fr,vernis.bj,PME (10-50),B2B,LinkedIn,,Actif,2026-06-29T00:22:55.282467,haute
BJ-4BF7F909,Manufacture Cuivre Industry,Industrie & Manufacture,Tori-Bossito,+229 83 26 52 98,manufacture_cuivre@hotmail.com,manufacturecuivreindustry.bj,TPE (<10),B2B,LinkedIn,,Actif,2026-06-29T00:22:55.282483,haute
BJ-C4EA02C2,Carrelage Bénin,Industrie & Manufacture,Tori-Bossito,+229 55 23 38 85,,,TPE (<10),B2B,LinkedIn,,Actif,2026-06-29T00:22:55.282494,basse
BJ-3F2725D5,Ciment Manufacture Tori-Bossito,Industrie & Manufacture,Tori-Bossito,+229 22 68 42 80,cimentmanufacture@hotmail.com,cimentmanufacturetoribossito.bj,PME (10-50),B2B,LinkedIn,,Actif,2026-06-29T00:22:55.282514,haute
BJ-B437C985,Peinture,Industrie & Manufacture,Grand-Popo,+229 83 60 39 16,peinture@yahoo.com,peinture.bj,TPE (<10),B2B,LinkedIn,,Actif,2026-06-29T00:22:55.282535,haute
BJ-E6E11D70,Papier Groupe,Industrie & Manufacture,Grand-Popo,+229 52 16 60 79,papiergroupe@papiergroupe.bj,,PME (10-50),B2B,LinkedIn,,Actif,2026-06-29T00:22:55.282550,moyenne
BJ-952A3C52,Édition Grand-Popo,Industrie & Manufacture,Grand-Popo,+229 68 89 72 31,édition.grand@yahoo.fr,éditiongrandpopo.bj,PME (10-50),B2B,LinkedIn,,Actif,2026-06-29T00:22:55.282571,haute
BJ-BE4EE1DF,Emballage,Industrie & Manufacture,Grand-Popo,+229 42 25 73 59,,,Grande (>200),B2B,LinkedIn,,Actif,2026-06-29T00:22:55.282583,basse
BJ-41316672,Atelier Soudure,Industrie & Manufacture,Grand-Popo,+229 94 47 74 59,a.soudure@ateliersoudure.org.bj,ateliersoudure.bj,PME (50-200),B2B,LinkedIn,,Actif,2026-06-29T00:22:55.282599,haute
BJ-5537FC85,Usinage Manufacture,Industrie & Manufacture,Athiémé,+229 79 82 39 81,usinagemanufacture@usinagemanufact.bj,,PME (50-200),B2B,LinkedIn,,Actif,2026-06-29T00:22:55.282622,moyenne
BJ-375C8526,Atelier Tournage Africa Athiémé,Industrie & Manufacture,Athiémé,+229 66 47 46 89,a.tournage@hotmail.com,ateliertournageafricaathiémé.bj,TPE (<10),B2B,LinkedIn,,Actif,2026-06-29T00:22:55.282640,haute
BJ-8BB6843C,Production Acier Factory,Industrie & Manufacture,Athiémé,+229 95 77 37 17,,productionacierfactory.bj,PME (10-50),B2B,LinkedIn,,Actif,2026-06-29T00:22:55.282652,moyenne
BJ-54C8B5F9,Industrie Alimentaire Athiémé,Industrie & Manufacture,Athiémé,+229 68 19 29 97,industrie_alimentaire@hotmail.com,industriealimentaireathiémé.bj,TPE (<10),B2B,LinkedIn,,Actif,2026-06-29T00:22:55.282674,haute
BJ-E544EF29,Usine Béton Africa,Industrie & Manufacture,Athiémé,+229 87 58 60 88,u.béton@usinebétonafric.org.bj,usinebétonafrica.bj,Grande (>200),B2B,LinkedIn,,Actif,2026-06-29T00:22:55.282692,haute
BJ-DBE590A8,Carton,Industrie & Manufacture,Bopa,+229 42 70 53 85,carton@carton.bj,,TPE (<10),B2B,LinkedIn,,Actif,2026-06-29T00:22:55.282729,moyenne
BJ-D58612FC,Production Laser Bénin,Industrie & Manufacture,Bopa,+229 65 77 97 94,,productionlaserbénin.bj,PME (50-200),B2B,LinkedIn,,Actif,2026-06-29T00:22:55.282746,moyenne
BJ-F99CD5B4,Manufacture Plastique Africa,Industrie & Manufacture,Bopa,+229 59 92 72 96,manufacture.plastique@manufactureplas.com.bj,manufactureplastiqueafrica.bj,PME (10-50),B2B,LinkedIn,,Actif,2026-06-29T00:22:55.282763,haute
BJ-0B11D960,Laser Bopa,Industrie & Manufacture,Bopa,+229 58 33 93 13,laserbopa@laserbopa.org.bj,,TPE (<10),B2B,LinkedIn,,Actif,2026-06-29T00:22:55.282778,moyenne
BJ-EA16D6C5,Usinage,Industrie & Manufacture,Houéyogbé,+229 60 30 79 29,usinage@yahoo.fr,,TPE (<10),B2B,LinkedIn,,Actif,2026-06-29T00:22:55.282798,moyenne
BJ-5F40D280,Robotique,Industrie & Manufacture,Houéyogbé,+229 60 53 90 28,robotique@robotique.bj,,PME (50-200),B2B,LinkedIn,,Actif,2026-06-29T00:22:55.282812,moyenne
BJ-CD905AE5,Plant Carton Bénin,Industrie & Manufacture,Houéyogbé,+229 61 17 54 71,,plantcartonbénin.bj,PME (10-50),B2B,LinkedIn,,Actif,2026-06-29T00:22:55.282827,moyenne
BJ-C0F23599,Électronique Houéyogbé,Industrie & Manufacture,Houéyogbé,+229 92 83 73 69,électroniquehouéyogbé@électroniquehou.org.bj,électroniquehouéyogbé.bj,PME (10-50),B2B,LinkedIn,,Actif,2026-06-29T00:22:55.282848,haute
BJ-FC2EA220,Atelier Plastique SARL,Industrie & Manufacture,Houéyogbé,+229 43 27 24 25,,atelierplastiquesarl.bj,PME (10-50),B2B,LinkedIn,,Actif,2026-06-29T00:22:55.282860,moyenne
BJ-9E41F090,Industrie Béton,Industrie & Manufacture,Malanville,+229 89 86 41 63,industriebéton@gmail.com,industriebéton.bj,TPE (<10),B2B,LinkedIn,,Actif,2026-06-29T00:22:55.282883,haute
BJ-8FE0A11A,Emballage Plant,Industrie & Manufacture,Malanville,+229 89 55 38 18,emballage.plant@emballageplant.bj,,PME (10-50),B2B,LinkedIn,,Actif,2026-06-29T00:22:55.282912,moyenne
BJ-5A9C3D89,Usine Pharmaceutique,Industrie & Manufacture,Malanville,+229 98 69 95 28,usine.pharmaceutique@usinepharmaceut.bj,usinepharmaceutique.bj,PME (50-200),B2B,LinkedIn,,Actif,2026-06-29T00:22:55.282933,haute
BJ-929E7FB2,Production Verre Malanville,Industrie & Manufacture,Malanville,+229 34 98 95 79,productionverre@productionverre.org.bj,productionverremalanville.bj,TPE (<10),B2B,LinkedIn,,Actif,2026-06-29T00:22:55.282950,haute
BJ-55110F78,Industrie Automatique Manufacture Malanville,Industrie & Manufacture,Malanville,+229 68 44 66 51,,,Grande (>200),B2B,LinkedIn,,Actif,2026-06-29T00:22:55.282961,basse
BJ-794C62CF,Transformation Africa,Industrie & Manufacture,Kandi,+229 80 38 77 73,transformation.africa@gmail.com,,PME (10-50),B2B,LinkedIn,,Actif,2026-06-29T00:22:55.282987,moyenne
BJ-D828CC91,Atelier Fabrication Bénin Kandi,Industrie & Manufacture,Kandi,+229 46 48 93 37,atelierfabrication@hotmail.com,atelierfabricationbéninkandi.bj,TPE (<10),B2B,LinkedIn,,Actif,2026-06-29T00:22:55.283006,haute
BJ-56463C0E,Automatique SA,Industrie & Manufacture,Kandi,+229 75 52 57 22,automatique@automatiquesa.bj,,PME (10-50),B2B,LinkedIn,,Actif,2026-06-29T00:22:55.283021,moyenne
BJ-66D9994F,Plant Métal,Industrie & Manufacture,Kandi,+229 72 54 56 30,,,PME (10-50),B2B,LinkedIn,,Actif,2026-06-29T00:22:55.283033,basse
BJ-0CFA884C,Carrelage Bénin,Industrie & Manufacture,Kandi,+229 20 27 48 77,carrelagebénin@carrelagebénin.org.bj,,Grande (>200),B2B,LinkedIn,,Actif,2026-06-29T00:22:55.283053,moyenne
BJ-EC21861F,Automatique Banikoara,Industrie & Manufacture,Banikoara,+229 39 40 78 61,,automatiquebanikoara.bj,Grande (>200),B2B,LinkedIn,,Actif,2026-06-29T00:22:55.283073,moyenne
BJ-68FFE69A,Usinage,Industrie & Manufacture,Banikoara,+229 23 11 57 22,,,TPE (<10),B2B,LinkedIn,,Actif,2026-06-29T00:22:55.283086,basse
BJ-4D1BC994,Plant Mécanique SA,Industrie & Manufacture,Banikoara,+229 22 38 47 73,plant.mécanique@plantmécaniques.org.bj,,TPE (<10),B2B,LinkedIn,,Actif,2026-06-29T00:22:55.283106,moyenne
BJ-40848ADD,Fabrique Hydraulique SA,Industrie & Manufacture,Banikoara,+229 87 24 57 32,fabrique_hydraulique@fabriquehydraul.bj,fabriquehydrauliquesa.bj,TPE (<10),B2B,LinkedIn,,Actif,2026-06-29T00:22:55.283126,haute
BJ-78F049D0,Électrique Banikoara,Industrie & Manufacture,Banikoara,+229 35 92 20 36,électriquebanikoara@électriquebanik.bj,,TPE (<10),B2B,LinkedIn,,Actif,2026-06-29T00:22:55.283144,moyenne
BJ-A68B243B,Industrie Aluminium,Industrie & Manufacture,Ségbana,+229 36 23 46 99,i.aluminium@industriealumin.org.bj,industriealuminium.bj,TPE (<10),B2B,LinkedIn,,Actif,2026-06-29T00:22:55.283167,haute
BJ-F3B9B342,Usine Électronique,Industrie & Manufacture,Ségbana,+229 89 32 43 14,,usineélectronique.bj,TPE (<10),B2B,LinkedIn,,Actif,2026-06-29T00:22:55.283180,moyenne
BJ-A636077E,Emballage SA,Industrie & Manufacture,Ségbana,+229 99 88 52 14,emballage@emballagesa.org.bj,emballagesa.bj,PME (10-50),B2B,LinkedIn,,Actif,2026-06-29T00:22:55.283196,haute
BJ-E94672C0,Fabrique Métal Industries,Industrie & Manufacture,Ségbana,+229 44 97 20 83,,fabriquemétalindustries.bj,TPE (<10),B2B,LinkedIn,,Actif,2026-06-29T00:22:55.283209,moyenne
BJ-993F05BE,Fabrique Conditionnement Plant,Industrie & Manufacture,Ségbana,+229 63 92 81 45,fabriqueconditionnement@fabriqueconditi.com.bj,,Grande (>200),B2B,LinkedIn,,Actif,2026-06-29T00:22:55.283226,moyenne
BJ-CF180A2E,Usine Carton Works,Industrie & Manufacture,Karimama,+229 20 50 74 26,u.carton@usinecartonwork.bj,usinecartonworks.bj,TPE (<10),B2B,LinkedIn,,Actif,2026-06-29T00:22:55.283249,haute
BJ-8147181D,Chimie,Industrie & Manufacture,Karimama,+229 67 20 59 64,chimie@hotmail.com,chimie.bj,PME (50-200),B2B,LinkedIn,,Actif,2026-06-29T00:22:55.283264,haute
BJ-1F6E0903,Fabrique Électrique SA Karimama,Industrie & Manufacture,Karimama,+229 97 15 43 51,fabrique.électrique@fabriqueélectri.com.bj,fabriqueélectriquesakarimama.bj,TPE (<10),B2B,LinkedIn,,Actif,2026-06-29T00:22:55.283286,haute
BJ-7ADA0FF9,Atelier Mécanique,Industrie & Manufacture,Karimama,+229 69 31 85 89,a.mécanique@ateliermécaniqu.com.bj,,PME (50-200),B2B,LinkedIn,,Actif,2026-06-29T00:22:55.283305,moyenne
BJ-4C7533D5,Carton Karimama,Industrie & Manufacture,Karimama,+229 54 30 50 14,carton.karimama@cartonkarimama.bj,,TPE (<10),B2B,LinkedIn,,Actif,2026-06-29T00:22:55.283321,moyenne
BJ-11331E8F,Textile Bénin,Industrie & Manufacture,Gogounou,+229 72 28 82 18,textilebénin@hotmail.com,,PME (50-200),B2B,LinkedIn,,Actif,2026-06-29T00:22:55.283344,moyenne
BJ-B395B5C7,Production,Industrie & Manufacture,Gogounou,+229 47 37 48 75,,production.bj,TPE (<10),B2B,LinkedIn,,Actif,2026-06-29T00:22:55.283356,moyenne
BJ-13494442,Céramique Gogounou,Industrie & Manufacture,Gogounou,+229 28 37 23 98,c.gogounou@yahoo.com,céramiquegogounou.bj,PME (50-200),B2B,LinkedIn,,Actif,2026-06-29T00:22:55.283374,haute
BJ-1999B0C1,Fonte Factory Gogounou,Industrie & Manufacture,Gogounou,+229 98 49 12 56,,,TPE (<10),B2B,LinkedIn,,Actif,2026-06-29T00:22:55.283385,basse
BJ-0470EF56,Conditionnement Works Gogounou,Industrie & Manufacture,Gogounou,+229 85 22 41 40,,conditionnementworksgogounou.bj,PME (10-50),B2B,LinkedIn,,Actif,2026-06-29T00:22:55.283401,moyenne
BJ-69C5BBCF,Ciment SA,Industrie & Manufacture,Cobly,+229 54 87 49 15,ciment@outlook.com,cimentsa.bj,Grande (>200),B2B,LinkedIn,,Actif,2026-06-29T00:22:55.283423,haute
BJ-AF27BC09,Unité Emballage,Industrie & Manufacture,Cobly,+229 76 20 34 39,unitéemballage@unitéemballage.com.bj,,PME (50-200),B2B,LinkedIn,,Actif,2026-06-29T00:22:55.283441,moyenne
BJ-F73AC38A,Plant Métal,Industrie & Manufacture,Cobly,+229 67 14 65 96,plantmétal@plantmétal.bj,,TPE (<10),B2B,LinkedIn,,Actif,2026-06-29T00:22:55.283469,moyenne
BJ-4DA0E9D0,Plant Ciment Bénin,Industrie & Manufacture,Cobly,+229 23 16 49 45,p.ciment@plantcimentbéni.org.bj,plantcimentbénin.bj,PME (10-50),B2B,LinkedIn,,Actif,2026-06-29T00:22:55.283500,haute
BJ-C409B75B,Automobile Plant,Industrie & Manufacture,Tanguiéta,+229 26 59 88 34,a.plant@yahoo.fr,automobileplant.bj,PME (10-50),B2B,LinkedIn,,Actif,2026-06-29T00:22:55.283523,haute
BJ-3B73BFAB,Mécanique Industries,Industrie & Manufacture,Tanguiéta,+229 39 43 16 33,,,PME (10-50),B2B,LinkedIn,,Actif,2026-06-29T00:22:55.283535,basse
BJ-F6915CF7,Production Fabrication,Industrie & Manufacture,Tanguiéta,+229 63 23 58 74,p.fabrication@yahoo.com,,TPE (<10),B2B,LinkedIn,,Actif,2026-06-29T00:22:55.283550,moyenne
BJ-C29EDFFF,Production Métal Industry,Industrie & Manufacture,Tanguiéta,+229 46 52 15 74,p.métal@productionmétal.bj,productionmétalindustry.bj,PME (50-200),B2B,LinkedIn,,Actif,2026-06-29T00:22:55.283568,haute
BJ-19155FB7,Verre Matéri,Industrie & Manufacture,Matéri,+229 87 36 33 80,,verrematéri.bj,PME (50-200),B2B,LinkedIn,,Actif,2026-06-29T00:22:55.283603,moyenne
BJ-5B6A6F61,Manufacture Alimentaire Matéri,Industrie & Manufacture,Matéri,+229 84 60 39 13,manufacture.alimentaire@outlook.com,manufacturealimentairematéri.bj,TPE (<10),B2B,LinkedIn,,Actif,2026-06-29T00:22:55.283621,haute
BJ-DFBF1D35,Carrelage Groupe,Industrie & Manufacture,Matéri,+229 87 25 34 94,,carrelagegroupe.bj,Grande (>200),B2B,LinkedIn,,Actif,2026-06-29T00:22:55.283637,moyenne
BJ-A4366907,Production Zinc Africa,Industrie & Manufacture,Matéri,+229 83 65 89 17,production.zinc@productionzinca.com.bj,productionzincafrica.bj,PME (10-50),B2B,LinkedIn,,Actif,2026-06-29T00:22:55.283658,haute
BJ-6A8155FF,Robotique Africa,Industrie & Manufacture,Matéri,+229 64 55 31 89,robotique.africa@robotiqueafrica.org.bj,,PME (50-200),B2B,LinkedIn,,Actif,2026-06-29T00:22:55.283674,moyenne
BJ-9E8066F6,Industrie Transformation,Industrie & Manufacture,Natitingou,+229 69 44 93 43,industrie.transformation@outlook.com,,PME (10-50),B2B,LinkedIn,,Actif,2026-06-29T00:22:55.283697,moyenne
BJ-9B2F2CF2,Papier,Industrie & Manufacture,Natitingou,+229 59 37 85 70,papier@hotmail.com,papier.bj,PME (10-50),B2B,LinkedIn,,Actif,2026-06-29T00:22:55.283711,haute
BJ-89A6BFE7,Manufacture Tournage,Industrie & Manufacture,Natitingou,+229 82 20 48 36,manufacture.tournage@manufacturetour.bj,manufacturetournage.bj,PME (50-200),B2B,LinkedIn,,Actif,2026-06-29T00:22:55.283738,haute
BJ-33D147D0,Production Groupe,Industrie & Manufacture,Natitingou,+229 24 80 19 27,productiongroupe@outlook.com,,PME (50-200),B2B,LinkedIn,,Actif,2026-06-29T00:22:55.283753,moyenne
BJ-D98AAE0A,Atelier Adhésif Industry,Industrie & Manufacture,Toucountouna,+229 64 63 16 84,atelier.adhésif@atelieradhésifi.bj,atelieradhésifindustry.bj,PME (50-200),B2B,LinkedIn,,Actif,2026-06-29T00:22:55.283778,haute
BJ-8C3942AB,Atelier Acier Plant,Industrie & Manufacture,Toucountouna,+229 60 29 11 20,atelier_acier@yahoo.com,atelieracierplant.bj,TPE (<10),B2B,LinkedIn,,Actif,2026-06-29T00:22:55.283793,haute
BJ-78FC96EE,Plant Vernis Plant,Industrie & Manufacture,Toucountouna,+229 23 67 61 69,plant_vernis@outlook.com,plantvernisplant.bj,PME (50-200),B2B,LinkedIn,,Actif,2026-06-29T00:22:55.283811,haute
BJ-A564B0D3,Production Métal Factory,Industrie & Manufacture,Toucountouna,+229 37 37 85 10,production_métal@yahoo.fr,,PME (50-200),B2B,LinkedIn,,Actif,2026-06-29T00:22:55.283828,moyenne
BJ-C6E9394A,Unité Pharmaceutique SA,Industrie & Manufacture,Toucountouna,+229 88 48 45 33,unitépharmaceutique@yahoo.com,unitépharmaceutiquesa.bj,Grande (>200),B2B,LinkedIn,,Actif,2026-06-29T00:22:55.283848,haute
BJ-4FC9A0FF,Conditionnement Manufacture Boukoumbé,Industrie & Manufacture,Boukoumbé,+229 96 72 64 61,c.manufacture@outlook.com,conditionnementmanufactureboukoumbé.bj,PME (50-200),B2B,LinkedIn,,Actif,2026-06-29T00:22:55.283873,haute
BJ-03AAB607,Automobile SARL,Industrie & Manufacture,Boukoumbé,+229 81 20 80 34,automobile.sarl@automobilesarl.org.bj,automobilesarl.bj,PME (50-200),B2B,LinkedIn,,Actif,2026-06-29T00:22:55.283906,haute
BJ-1C48680C,Manufacture Automatisation,Industrie & Manufacture,Boukoumbé,+229 31 51 80 89,manufactureautomatisation@outlook.com,manufactureautomatisation.bj,Grande (>200),B2B,LinkedIn,,Actif,2026-06-29T00:22:55.283937,haute
BJ-212A62C9,Works Reliure Boukoumbé,Industrie & Manufacture,Boukoumbé,+229 66 97 99 50,w.reliure@worksreliurebou.org.bj,,Grande (>200),B2B,LinkedIn,,Actif,2026-06-29T00:22:55.283956,moyenne
BJ-3DBE5C1F,Works Découpe,Industrie & Manufacture,Boukoumbé,+229 64 95 95 42,,worksdécoupe.bj,Grande (>200),B2B,LinkedIn,,Actif,2026-06-29T00:22:55.283974,moyenne
BJ-514FC679,Manufacture Électronique Africa,Industrie & Manufacture,Kouandé,+229 68 46 46 68,,manufactureélectroniqueafrica.bj,PME (10-50),B2B,LinkedIn,,Actif,2026-06-29T00:22:55.283996,moyenne
BJ-F1736703,Hydraulique Plant Kouandé,Industrie & Manufacture,Kouandé,+229 48 90 39 44,hydraulique_plant@hydrauliqueplan.org.bj,hydrauliqueplantkouandé.bj,Grande (>200),B2B,LinkedIn,,Actif,2026-06-29T00:22:55.284018,haute
BJ-53101612,Industrie Robotique,Industrie & Manufacture,Kouandé,+229 29 20 56 83,,industrierobotique.bj,TPE (<10),B2B,LinkedIn,,Actif,2026-06-29T00:22:55.284034,moyenne
BJ-1A9F3BCA,Automatisation,Industrie & Manufacture,Kouandé,+229 32 16 21 37,automatisation@yahoo.fr,automatisation.bj,TPE (<10),B2B,LinkedIn,,Actif,2026-06-29T00:22:55.284048,haute
BJ-9DF6E4CD,Pneumatique,Industrie & Manufacture,Kouandé,+229 48 42 28 33,,,PME (10-50),B2B,LinkedIn,,Actif,2026-06-29T00:22:55.284059,basse
BJ-15EE4D80,Unité Textile,Industrie & Manufacture,Péhunco,+229 23 14 42 98,unité_textile@hotmail.com,unitétextile.bj,TPE (<10),B2B,LinkedIn,,Actif,2026-06-29T00:22:55.284084,haute
BJ-332D1938,Perçage Plant Péhunco,Industrie & Manufacture,Péhunco,+229 84 62 35 49,perçageplant@perçageplantpéh.org.bj,perçageplantpéhunco.bj,PME (50-200),B2B,LinkedIn,,Actif,2026-06-29T00:22:55.284103,haute
BJ-62C103E1,Production Chimie,Industrie & Manufacture,Péhunco,+229 28 61 16 82,p.chimie@hotmail.com,productionchimie.bj,PME (50-200),B2B,LinkedIn,,Actif,2026-06-29T00:22:55.284119,haute
BJ-23D10067,Fraisage Industries,Industrie & Manufacture,Péhunco,+229 96 96 63 57,,fraisageindustries.bj,PME (10-50),B2B,LinkedIn,,Actif,2026-06-29T00:22:55.284131,moyenne
BJ-6B3749BD,Industrie Mécanique,Industrie & Manufacture,Péhunco,+229 60 53 90 17,industriemécanique@industriemécani.org.bj,,PME (10-50),B2B,LinkedIn,,Actif,2026-06-29T00:22:55.284148,moyenne
BJ-383EAACF,Atelier Hydraulique,Industrie & Manufacture,Tchaourou,+229 37 10 85 21,atelier.hydraulique@outlook.com,atelierhydraulique.bj,Grande (>200),B2B,LinkedIn,,Actif,2026-06-29T00:22:55.284171,haute
BJ-8CFD093D,Carton,Industrie & Manufacture,Tchaourou,+229 48 77 70 84,carton@carton.com.bj,carton.bj,TPE (<10),B2B,LinkedIn,,Actif,2026-06-29T00:22:55.284186,haute
BJ-69F1AB25,Ciment Industry,Industrie & Manufacture,Tchaourou,+229 63 23 34 70,ciment.industry@cimentindustry.org.bj,,PME (50-200),B2B,LinkedIn,,Actif,2026-06-29T00:22:55.284219,moyenne
BJ-23AF36A8,Acier Groupe,Industrie & Manufacture,Tchaourou,+229 33 43 10 76,acier.groupe@aciergroupe.bj,aciergroupe.bj,TPE (<10),B2B,LinkedIn,,Actif,2026-06-29T00:22:55.284238,haute
BJ-8F1E8B79,Atelier Fabrication Factory,Industrie & Manufacture,Tchaourou,+229 56 77 64 52,atelier.fabrication@atelierfabricat.org.bj,atelierfabricationfactory.bj,TPE (<10),B2B,LinkedIn,,Actif,2026-06-29T00:22:55.284259,haute
BJ-95FFFFD7,Works Imprimerie Industry,Industrie & Manufacture,Nikki,+229 53 69 36 20,,,TPE (<10),B2B,LinkedIn,,Actif,2026-06-29T00:22:55.284278,basse
BJ-7AB3920F,Électrique Works,Industrie & Manufacture,Nikki,+229 49 18 13 94,,électriqueworks.bj,PME (10-50),B2B,LinkedIn,,Actif,2026-06-29T00:22:55.284292,moyenne
BJ-E7F3C5FD,Production Transformation,Industrie & Manufacture,Nikki,+229 96 76 31 29,productiontransformation@productiontrans.com.bj,,PME (10-50),B2B,LinkedIn,,Actif,2026-06-29T00:22:55.284307,moyenne
BJ-142F261E,Électrique Plant,Industrie & Manufacture,Nikki,+229 85 73 96 52,,,TPE (<10),B2B,LinkedIn,,Actif,2026-06-29T00:22:55.284319,basse
BJ-2F0221F2,Acier,Industrie & Manufacture,Nikki,+229 83 13 98 16,acier@yahoo.fr,,TPE (<10),B2B,LinkedIn,,Actif,2026-06-29T00:22:55.284332,moyenne
BJ-526A9D50,Reliure Factory,Industrie & Manufacture,Bembéréké,+229 65 22 89 67,reliurefactory@reliurefactory.com.bj,,TPE (<10),B2B,LinkedIn,,Actif,2026-06-29T00:22:55.284355,moyenne
BJ-53A4882C,Métal Africa,Industrie & Manufacture,Bembéréké,+229 82 89 82 92,métal.africa@métalafrica.com.bj,,TPE (<10),B2B,LinkedIn,,Actif,2026-06-29T00:22:55.284396,moyenne
BJ-82BEF8F2,Acier Groupe,Industrie & Manufacture,Kalalé,+229 76 58 10 46,aciergroupe@yahoo.com,,TPE (<10),B2B,LinkedIn,,Actif,2026-06-29T00:22:55.284449,moyenne
BJ-E7AD9C5D,Métal,Industrie & Manufacture,Kalalé,+229 61 13 18 71,métal@gmail.com,,PME (50-200),B2B,LinkedIn,,Actif,2026-06-29T00:22:55.284463,moyenne
BJ-D75636A2,Céramique Groupe,Industrie & Manufacture,Kalalé,+229 90 54 56 51,c.groupe@yahoo.fr,céramiquegroupe.bj,TPE (<10),B2B,LinkedIn,,Actif,2026-06-29T00:22:55.284481,haute
BJ-6E414C3D,Perçage Groupe,Industrie & Manufacture,Kalalé,+229 80 26 48 49,perçage.groupe@perçagegroupe.bj,perçagegroupe.bj,TPE (<10),B2B,LinkedIn,,Actif,2026-06-29T00:22:55.284498,haute
BJ-385EDF60,Atelier Carton,Industrie & Manufacture,Kalalé,+229 63 94 87 23,,ateliercarton.bj,TPE (<10),B2B,LinkedIn,,Actif,2026-06-29T00:22:55.284511,moyenne
BJ-EDB93D17,Industrie Alimentaire,Industrie & Manufacture,Ndali,+229 30 78 94 32,industriealimentaire@industriealimen.bj,industriealimentaire.bj,PME (10-50),B2B,LinkedIn,,Actif,2026-06-29T00:22:55.284537,haute
BJ-9583BF62,Unité Soudure,Industrie & Manufacture,Ndali,+229 69 85 35 27,unité.soudure@gmail.com,unitésoudure.bj,PME (50-200),B2B,LinkedIn,,Actif,2026-06-29T00:22:55.284556,haute
BJ-02BFF64C,Industrie Pneumatique,Industrie & Manufacture,Ndali,+229 94 15 40 39,,industriepneumatique.bj,PME (10-50),B2B,LinkedIn,,Actif,2026-06-29T00:22:55.284576,moyenne
BJ-3A542CB2,Atelier Colle Groupe,Industrie & Manufacture,Ndali,+229 51 54 81 41,ateliercolle@yahoo.com,ateliercollegroupe.bj,TPE (<10),B2B,LinkedIn,,Actif,2026-06-29T00:22:55.284593,haute
BJ-B581AFF7,Carton Manufacture,Industrie & Manufacture,Ndali,+229 58 45 64 88,cartonmanufacture@yahoo.fr,cartonmanufacture.bj,TPE (<10),B2B,LinkedIn,,Actif,2026-06-29T00:22:55.284608,haute
BJ-F5EC74BB,Automatisation Works,Industrie & Manufacture,Ségbana,+229 95 22 22 25,automatisation.works@automatisationw.org.bj,automatisationworks.bj,PME (10-50),B2B,LinkedIn,,Actif,2026-06-29T00:22:55.284632,haute
BJ-AF855174,Fabrique Tournage Africa,Industrie & Manufacture,Ségbana,+229 51 72 81 67,,,PME (10-50),B2B,LinkedIn,,Actif,2026-06-29T00:22:55.284663,basse
BJ-4D5D08A0,Soudure Groupe,Industrie & Manufacture,Ségbana,+229 32 90 35 91,soudure.groupe@souduregroupe.com.bj,souduregroupe.bj,PME (50-200),B2B,LinkedIn,,Actif,2026-06-29T00:22:55.284691,haute
BJ-5F469318,Découpe SARL,Industrie & Manufacture,Ségbana,+229 36 70 82 32,d.sarl@yahoo.fr,,Grande (>200),B2B,LinkedIn,,Actif,2026-06-29T00:22:55.284717,moyenne
BJ-998FEE26,Plant Édition,Industrie & Manufacture,Tchaourou,+229 57 83 77 63,,,PME (50-200),B2B,LinkedIn,,Actif,2026-06-29T00:22:55.284763,basse
BJ-04F6082E,Production Fabrication Tchaourou,Industrie & Manufacture,Tchaourou,+229 88 29 16 98,productionfabrication@gmail.com,productionfabricationtchaourou.bj,PME (10-50),B2B,LinkedIn,,Actif,2026-06-29T00:22:55.284791,haute
BJ-DF3DACFF,Verre,Industrie & Manufacture,Tchaourou,+229 51 34 89 27,verre@verre.org.bj,,TPE (<10),B2B,LinkedIn,,Actif,2026-06-29T00:22:55.284820,moyenne
BJ-C17AF6CC,Carton Industry,Industrie & Manufacture,Tchaourou,+229 59 19 39 93,,cartonindustry.bj,PME (50-200),B2B,LinkedIn,,Actif,2026-06-29T00:22:55.284842,moyenne
BJ-4859F52F,Manufacture Alimentaire Industries,Industrie & Manufacture,Tchaourou,+229 52 27 65 75,,manufacturealimentaireindustries.bj,PME (50-200),B2B,LinkedIn,,Actif,2026-06-29T00:22:55.284861,moyenne
BJ-6C4CF42B,Works Carton,Industrie & Manufacture,Bétérou,+229 68 92 18 79,works_carton@yahoo.fr,workscarton.bj,PME (50-200),B2B,LinkedIn,,Actif,2026-06-29T00:22:55.284917,haute
BJ-FC461E61,Plant Soudure Groupe,Industrie & Manufacture,Bétérou,+229 66 19 69 72,plant.soudure@plantsouduregro.bj,plantsouduregroupe.bj,PME (10-50),B2B,LinkedIn,,Actif,2026-06-29T00:22:55.284981,haute
BJ-25E2C838,Automatisation Manufacture,Industrie & Manufacture,Bétérou,+229 47 84 50 76,automatisationmanufacture@yahoo.com,automatisationmanufacture.bj,PME (50-200),B2B,LinkedIn,,Actif,2026-06-29T00:22:55.285013,haute
BJ-85C85CBB,Plant Acier Works,Industrie & Manufacture,Bétérou,+229 74 91 17 55,,plantacierworks.bj,TPE (<10),B2B,LinkedIn,,Actif,2026-06-29T00:22:55.285033,moyenne
BJ-68DF6705,Vernis,Industrie & Manufacture,Ouessè,+229 40 65 17 73,vernis@yahoo.fr,,PME (50-200),B2B,LinkedIn,,Actif,2026-06-29T00:22:55.285070,moyenne
BJ-0D279C35,Plant Soudure,Industrie & Manufacture,Ouessè,+229 58 54 27 71,plantsoudure@gmail.com,plantsoudure.bj,PME (10-50),B2B,LinkedIn,,Actif,2026-06-29T00:22:55.285095,haute
BJ-0F4EA9CB,Works Vernis SARL,Industrie & Manufacture,Ouessè,+229 82 84 21 94,w.vernis@worksvernissarl.org.bj,worksvernissarl.bj,TPE (<10),B2B,LinkedIn,,Actif,2026-06-29T00:22:55.285132,haute
BJ-3C705C17,Adhésif,Industrie & Manufacture,Ouessè,+229 31 46 99 59,adhésif@hotmail.com,adhésif.bj,TPE (<10),B2B,LinkedIn,,Actif,2026-06-29T00:22:55.285161,haute
BJ-831E52AC,Industrie Laser Ouessè,Industrie & Manufacture,Ouessè,+229 36 57 20 70,,,Grande (>200),B2B,LinkedIn,,Actif,2026-06-29T00:22:55.285180,basse
BJ-F14A9026,Atelier Édition Industry,Industrie & Manufacture,Glazoué,+229 56 17 10 54,,atelieréditionindustry.bj,TPE (<10),B2B,LinkedIn,,Actif,2026-06-29T00:22:55.285218,moyenne
BJ-4DB688BA,Laser SA,Industrie & Manufacture,Glazoué,+229 71 55 60 39,laser@hotmail.com,lasersa.bj,TPE (<10),B2B,LinkedIn,,Actif,2026-06-29T00:22:55.285256,haute
BJ-7F0459E5,Ciment Glazoué,Industrie & Manufacture,Glazoué,+229 20 22 55 68,cimentglazoué@gmail.com,,PME (10-50),B2B,LinkedIn,,Actif,2026-06-29T00:22:55.285306,moyenne
BJ-FC87217E,Édition Glazoué,Industrie & Manufacture,Glazoué,+229 37 61 94 36,éditionglazoué@éditionglazoué.org.bj,,PME (50-200),B2B,LinkedIn,,Actif,2026-06-29T00:22:55.285377,moyenne
BJ-7C715121,Industrie Zinc Bénin,Industrie & Manufacture,Dassa-Zoumè,+229 39 65 56 54,,industriezincbénin.bj,TPE (<10),B2B,LinkedIn,,Actif,2026-06-29T00:22:55.285479,moyenne
BJ-C64271CD,Atelier Carton Dassa-Zoumè,Industrie & Manufacture,Dassa-Zoumè,+229 30 96 71 73,a.carton@outlook.com,ateliercartondassazoumè.bj,Grande (>200),B2B,LinkedIn,,Actif,2026-06-29T00:22:55.285534,haute
BJ-80E08D12,Works Usinage Industries,Industrie & Manufacture,Dassa-Zoumè,+229 20 43 34 26,,worksusinageindustries.bj,PME (10-50),B2B,LinkedIn,,Actif,2026-06-29T00:22:55.285572,moyenne
BJ-9601B2C1,Manufacture Plastique,Industrie & Manufacture,Dassa-Zoumè,+229 82 58 76 55,manufacture.plastique@manufactureplas.bj,manufactureplastique.bj,TPE (<10),B2B,LinkedIn,,Actif,2026-06-29T00:22:55.285608,haute
BJ-998D18D2,Carton Groupe,Industrie & Manufacture,Dassa-Zoumè,+229 94 78 39 40,,cartongroupe.bj,TPE (<10),B2B,LinkedIn,,Actif,2026-06-29T00:22:55.285635,moyenne
BJ-56768FE5,Bois Savalou,Industrie & Manufacture,Savalou,+229 50 86 12 16,,boissavalou.bj,TPE (<10),B2B,LinkedIn,,Actif,2026-06-29T00:22:55.285679,moyenne
BJ-51C4D5AE,Édition Manufacture,Industrie & Manufacture,Savalou,+229 67 46 82 18,,éditionmanufacture.bj,PME (50-200),B2B,LinkedIn,,Actif,2026-06-29T00:22:55.285708,moyenne
BJ-0582EAD1,Imprimerie Manufacture,Industrie & Manufacture,Savalou,+229 61 18 24 78,i.manufacture@hotmail.com,imprimeriemanufacture.bj,TPE (<10),B2B,LinkedIn,,Actif,2026-06-29T00:22:55.285759,haute
BJ-F5807D04,Adhésif Plant,Industrie & Manufacture,Savalou,+229 68 13 60 65,adhésif.plant@adhésifplant.com.bj,adhésifplant.bj,PME (10-50),B2B,LinkedIn,,Actif,2026-06-29T00:22:55.285807,haute
BJ-88D9D6F1,Manufacture Imprimerie,Industrie & Manufacture,Savalou,+229 70 18 29 26,manufacture.imprimerie@gmail.com,,PME (10-50),B2B,LinkedIn,,Actif,2026-06-29T00:22:55.285842,moyenne
BJ-FF57E2CF,Électrique Works,Industrie & Manufacture,Bantè,+229 34 68 86 71,électrique_works@hotmail.com,électriqueworks.bj,TPE (<10),B2B,LinkedIn,,Actif,2026-06-29T00:22:55.285933,haute
BJ-89438D69,Adhésif Bénin,Industrie & Manufacture,Bantè,+229 52 54 57 72,adhésif.bénin@adhésifbénin.com.bj,,PME (10-50),B2B,LinkedIn,,Actif,2026-06-29T00:22:55.285982,moyenne
BJ-728FD473,Production Acier Works,Industrie & Manufacture,Bantè,+229 37 59 12 46,,productionacierworks.bj,PME (50-200),B2B,LinkedIn,,Actif,2026-06-29T00:22:55.286020,moyenne
BJ-4DB6D692,Manufacture Perçage,Industrie & Manufacture,Bantè,+229 40 22 81 78,m.perçage@manufactureperç.com.bj,,PME (10-50),B2B,LinkedIn,,Actif,2026-06-29T00:22:55.286061,moyenne
BJ-AAFD5FCC,Plant Électronique,Industrie & Manufacture,Bantè,+229 54 32 62 51,,,PME (10-50),B2B,LinkedIn,,Actif,2026-06-29T00:22:55.286088,basse
BJ-3421DA90,Pneumatique Industries,Industrie & Manufacture,Djougou,+229 52 57 21 90,p.industries@pneumatiqueindu.bj,,PME (50-200),B2B,LinkedIn,,Actif,2026-06-29T00:22:55.286134,moyenne
BJ-8ECAE661,Acier,Industrie & Manufacture,Djougou,+229 48 97 52 58,acier@acier.bj,acier.bj,TPE (<10),B2B,LinkedIn,,Actif,2026-06-29T00:22:55.286163,haute
BJ-047D0797,Plant Perçage,Industrie & Manufacture,Djougou,+229 75 68 30 62,plantperçage@hotmail.com,,TPE (<10),B2B,LinkedIn,,Actif,2026-06-29T00:22:55.286209,moyenne
BJ-449D74A5,Atelier Métal,Industrie & Manufacture,Djougou,+229 88 30 57 62,a.métal@yahoo.com,,PME (50-200),B2B,LinkedIn,,Actif,2026-06-29T00:22:55.286248,moyenne
BJ-5EB0FC16,Emballage Industries,Industrie & Manufacture,Djougou,+229 27 74 29 21,e.industries@yahoo.com,,TPE (<10),B2B,LinkedIn,,Actif,2026-06-29T00:22:55.286286,moyenne
BJ-D6C185CD,Alimentaire Ouèssè,Industrie & Manufacture,Ouèssè,+229 58 12 54 53,a.ouèssè@alimentaireouès.com.bj,alimentaireouèssè.bj,Grande (>200),B2B,LinkedIn,,Actif,2026-06-29T00:22:55.286334,haute
BJ-DEBEFD3A,Zinc Groupe,Industrie & Manufacture,Ouèssè,+229 66 25 66 75,z.groupe@zincgroupe.com.bj,,PME (50-200),B2B,LinkedIn,,Actif,2026-06-29T00:22:55.286363,moyenne
BJ-D6CDB963,Manufacture Peinture Plant,Industrie & Manufacture,Ouèssè,+229 47 45 94 13,m.peinture@manufacturepein.com.bj,,PME (10-50),B2B,LinkedIn,,Actif,2026-06-29T00:22:55.286438,moyenne
BJ-F27A76A9,Works Assemblage,Industrie & Manufacture,Ouèssè,+229 48 80 86 90,,worksassemblage.bj,TPE (<10),B2B,LinkedIn,,Actif,2026-06-29T00:22:55.286463,moyenne
BJ-1642EA4E,Works Ciment SA,Industrie & Manufacture,Bassila,+229 78 24 40 80,works.ciment@yahoo.com,workscimentsa.bj,TPE (<10),B2B,LinkedIn,,Actif,2026-06-29T00:22:55.286492,haute
BJ-6CAFC1B5,Fabrique Soudure,Industrie & Manufacture,Bassila,+229 69 40 73 14,fabrique.soudure@fabriquesoudure.bj,fabriquesoudure.bj,PME (10-50),B2B,LinkedIn,,Actif,2026-06-29T00:22:55.286510,haute
BJ-0DE51E4F,Fabrique Textile Africa,Industrie & Manufacture,Bassila,+229 80 73 46 52,fabrique.textile@fabriquetextile.bj,fabriquetextileafrica.bj,Grande (>200),B2B,LinkedIn,,Actif,2026-06-29T00:22:55.286528,haute
BJ-7975744A,Fabrique Laser,Industrie & Manufacture,Bassila,+229 74 62 36 44,,fabriquelaser.bj,TPE (<10),B2B,LinkedIn,,Actif,2026-06-29T00:22:55.286557,moyenne
BJ-915ACC2A,Fabrique Usinage,Industrie & Manufacture,Pehunco,+229 72 12 46 91,fabrique.usinage@hotmail.com,fabriqueusinage.bj,TPE (<10),B2B,LinkedIn,,Actif,2026-06-29T00:22:55.286580,haute
BJ-97F3AD52,Découpe Industries,Industrie & Manufacture,Pehunco,+229 85 84 87 78,découpe.industries@outlook.com,découpeindustries.bj,PME (10-50),B2B,LinkedIn,,Actif,2026-06-29T00:22:55.286627,haute
BJ-FA4EECF5,Production Chimie,Industrie & Manufacture,Copargo,+229 88 99 37 20,productionchimie@productionchimi.com.bj,productionchimie.bj,PME (10-50),B2B,LinkedIn,,Actif,2026-06-29T00:22:55.286683,haute
BJ-95A5EF35,Fabrique Acier,Industrie & Manufacture,Copargo,+229 77 50 23 90,fabriqueacier@fabriqueacier.org.bj,,TPE (<10),B2B,LinkedIn,,Actif,2026-06-29T00:22:55.286699,moyenne
BJ-F2C1D408,Plant Textile,Industrie & Manufacture,Copargo,+229 61 62 55 10,p.textile@planttextile.com.bj,planttextile.bj,TPE (<10),B2B,LinkedIn,,Actif,2026-06-29T00:22:55.286716,haute
BJ-660CAB4D,Plant Automobile Manufacture Copargo,Industrie & Manufacture,Copargo,+229 83 12 91 17,plant.automobile@gmail.com,,PME (10-50),B2B,LinkedIn,,Actif,2026-06-29T00:22:55.286732,moyenne
BJ-3E95653B,Atelier Perçage,Industrie & Manufacture,Copargo,+229 59 59 80 34,atelier.perçage@outlook.com,atelierperçage.bj,TPE (<10),B2B,LinkedIn,,Actif,2026-06-29T00:22:55.286750,haute
BJ-98079F34,Organisation,Services aux entreprises,Cotonou,+229 43 15 78 32,organisation@organisation.com.bj,organisation.bj,TPE (<10),B2B,LinkedIn,,Actif,2026-06-29T00:22:55.286772,haute
BJ-EA7E573B,Protection Cabinet Cotonou,Services aux entreprises,Cotonou,+229 97 34 97 42,protectioncabinet@protectioncabin.bj,,PME (10-50),B2B,LinkedIn,,Actif,2026-06-29T00:22:55.286789,moyenne
BJ-7BDD94C6,Conseil Marque Consulting,Services aux entreprises,Cotonou,+229 52 53 93 39,c.marque@yahoo.fr,conseilmarqueconsulting.bj,TPE (<10),B2B,LinkedIn,,Actif,2026-06-29T00:22:55.286808,haute
BJ-F155D075,Qualité Solutions,Services aux entreprises,Cotonou,+229 80 45 20 59,,qualitésolutions.bj,PME (10-50),B2B,LinkedIn,,Actif,2026-06-29T00:22:55.286822,moyenne
BJ-C6E8BE3E,Agence Label,Services aux entreprises,Cotonou,+229 94 37 16 50,agencelabel@agencelabel.com.bj,agencelabel.bj,TPE (<10),B2B,LinkedIn,,Actif,2026-06-29T00:22:55.286838,haute
BJ-DF3FC7D3,Fiscal Bénin,Services aux entreprises,Abomey-Calavi,+229 78 14 11 83,f.bénin@fiscalbénin.bj,fiscalbénin.bj,PME (50-200),B2B,LinkedIn,,Actif,2026-06-29T00:22:55.286863,haute
BJ-D4D50A21,Relations,Services aux entreprises,Abomey-Calavi,+229 32 49 15 74,relations@relations.bj,,Grande (>200),B2B,LinkedIn,,Actif,2026-06-29T00:22:55.286877,moyenne
BJ-426FAF97,Bureau Événement,Services aux entreprises,Abomey-Calavi,+229 88 88 22 25,bureau.événement@bureauévénement.org.bj,bureauévénement.bj,TPE (<10),B2B,LinkedIn,,Actif,2026-06-29T00:22:55.286916,haute
BJ-49C894E8,Événementiel,Services aux entreprises,Abomey-Calavi,+229 75 82 82 58,événementiel@yahoo.com,événementiel.bj,TPE (<10),B2B,LinkedIn,,Actif,2026-06-29T00:22:55.286933,haute
BJ-F9D3B0FB,Sécurité Abomey-Calavi,Services aux entreprises,Abomey-Calavi,+229 97 16 12 56,,sécuritéabomeycalavi.bj,TPE (<10),B2B,LinkedIn,,Actif,2026-06-29T00:22:55.286958,moyenne
BJ-6305A762,Solutions Nettoyage,Services aux entreprises,Porto-Novo,+229 63 56 90 48,solutionsnettoyage@solutionsnettoy.com.bj,solutionsnettoyage.bj,TPE (<10),B2B,LinkedIn,,Actif,2026-06-29T00:22:55.286984,haute
BJ-AA2C4E7F,Agence Indépendant Services Porto-Novo,Services aux entreprises,Porto-Novo,+229 92 46 47 54,agenceindépendant@yahoo.com,agenceindépendantservicesportonovo.bj,PME (50-200),B2B,LinkedIn,,Actif,2026-06-29T00:22:55.287004,haute
BJ-2204A4DF,Communication Porto-Novo,Services aux entreprises,Porto-Novo,+229 42 60 74 31,c.porto@yahoo.com,communicationportonovo.bj,TPE (<10),B2B,LinkedIn,,Actif,2026-06-29T00:22:55.287028,haute
BJ-F715E81B,Publicité,Services aux entreprises,Porto-Novo,+229 45 65 27 33,publicité@publicité.bj,publicité.bj,PME (10-50),B2B,LinkedIn,,Actif,2026-06-29T00:22:55.287058,haute
BJ-51BFFBFD,Intérim Parakou,Services aux entreprises,Parakou,+229 26 61 90 90,i.parakou@gmail.com,intérimparakou.bj,Grande (>200),B2B,LinkedIn,,Actif,2026-06-29T00:22:55.287102,haute
BJ-71609AEC,Agence Freelance Consulting Parakou,Services aux entreprises,Parakou,+229 20 99 46 26,agencefreelance@yahoo.fr,agencefreelanceconsultingparakou.bj,TPE (<10),B2B,LinkedIn,,Actif,2026-06-29T00:22:55.287118,haute
BJ-724F9A09,Publiques Parakou,Services aux entreprises,Parakou,+229 77 61 38 10,publiques.parakou@publiquesparako.org.bj,publiquesparakou.bj,PME (10-50),B2B,LinkedIn,,Actif,2026-06-29T00:22:55.287135,haute
BJ-6BEBB546,Conseil Intérim Africa,Services aux entreprises,Parakou,+229 92 83 77 88,c.intérim@conseilintérima.org.bj,conseilintérimafrica.bj,PME (10-50),B2B,LinkedIn,,Actif,2026-06-29T00:22:55.287154,haute
BJ-A6341F22,Partners Entretien Partners,Services aux entreprises,Bohicon,+229 75 96 38 14,partnersentretien@hotmail.com,partnersentretienpartners.bj,Grande (>200),B2B,LinkedIn,,Actif,2026-06-29T00:22:55.287177,haute
BJ-F00949FB,Cabinet CDD Advisory,Services aux entreprises,Bohicon,+229 55 79 75 51,cabinet.cdd@hotmail.com,cabinetcddadvisory.bj,Grande (>200),B2B,LinkedIn,,Actif,2026-06-29T00:22:55.287194,haute
BJ-6C299A6B,Management International,Services aux entreprises,Bohicon,+229 45 25 34 43,management_international@hotmail.com,managementinternational.bj,PME (50-200),B2B,LinkedIn,,Actif,2026-06-29T00:22:55.287213,haute
BJ-602CA644,Contrôle,Services aux entreprises,Bohicon,+229 67 48 72 90,contrôle@contrôle.com.bj,contrôle.bj,TPE (<10),B2B,LinkedIn,,Actif,2026-06-29T00:22:55.287228,haute
BJ-CED749FA,Norme,Services aux entreprises,Bohicon,+229 26 10 55 95,norme@norme.bj,norme.bj,TPE (<10),B2B,LinkedIn,,Actif,2026-06-29T00:22:55.287246,haute
BJ-C3BEF56E,Management Partners,Services aux entreprises,Natitingou,+229 22 58 40 30,managementpartners@managementpartn.com.bj,managementpartners.bj,TPE (<10),B2B,LinkedIn,,Actif,2026-06-29T00:22:55.287273,haute
BJ-480694CA,Tête,Services aux entreprises,Natitingou,+229 79 75 31 26,tête@hotmail.com,tête.bj,PME (10-50),B2B,LinkedIn,,Actif,2026-06-29T00:22:55.287289,haute
BJ-F1AF7D92,Communication Advisory,Services aux entreprises,Natitingou,+229 83 49 62 12,c.advisory@yahoo.fr,communicationadvisory.bj,PME (10-50),B2B,LinkedIn,,Actif,2026-06-29T00:22:55.287305,haute
BJ-CE8D9463,Bureau Entretien,Services aux entreprises,Natitingou,+229 20 62 45 59,bureauentretien@bureauentretien.com.bj,,PME (10-50),B2B,LinkedIn,,Actif,2026-06-29T00:22:55.287320,moyenne
BJ-C062DF9C,Bureau Marketing Bénin,Services aux entreprises,Natitingou,+229 55 72 12 95,,bureaumarketingbénin.bj,TPE (<10),B2B,LinkedIn,,Actif,2026-06-29T00:22:55.287333,moyenne
BJ-BF666CEE,Marketing Services,Services aux entreprises,Lokossa,+229 83 23 89 42,marketing.services@marketingservic.com.bj,marketingservices.bj,TPE (<10),B2B,LinkedIn,,Actif,2026-06-29T00:22:55.287356,haute
BJ-EF9185FD,Agence Événement Partners,Services aux entreprises,Lokossa,+229 59 57 93 77,agence.événement@agenceévénement.com.bj,agenceévénementpartners.bj,Grande (>200),B2B,LinkedIn,,Actif,2026-06-29T00:22:55.287379,haute
BJ-EC6BF17D,Consulting Communication Lokossa,Services aux entreprises,Lokossa,+229 92 77 22 56,consultingcommunication@yahoo.com,consultingcommunicationlokossa.bj,PME (10-50),B2B,LinkedIn,,Actif,2026-06-29T00:22:55.287402,haute
BJ-874B4608,Stratégie Lokossa,Services aux entreprises,Lokossa,+229 78 61 58 25,,,Grande (>200),B2B,LinkedIn,,Actif,2026-06-29T00:22:55.287414,basse
BJ-6009CD36,Conseil Salarial Partners,Services aux entreprises,Lokossa,+229 72 94 13 25,conseilsalarial@conseilsalarial.org.bj,conseilsalarialpartners.bj,Grande (>200),B2B,LinkedIn,,Actif,2026-06-29T00:22:55.287431,haute
BJ-14F41649,Conseil Excellence Cabinet,Services aux entreprises,Ouidah,+229 43 28 94 64,conseil_excellence@conseilexcellen.com.bj,conseilexcellencecabinet.bj,Grande (>200),B2B,LinkedIn,,Actif,2026-06-29T00:22:55.287454,haute
BJ-80550133,Conseil Sécurité Bureau,Services aux entreprises,Ouidah,+229 87 72 68 27,conseil.sécurité@gmail.com,conseilsécuritébureau.bj,TPE (<10),B2B,LinkedIn,,Actif,2026-06-29T00:22:55.287472,haute
BJ-7587F246,Transformation Consulting Ouidah,Services aux entreprises,Ouidah,+229 64 94 79 98,transformation.consulting@yahoo.fr,transformationconsultingouidah.bj,PME (10-50),B2B,LinkedIn,,Actif,2026-06-29T00:22:55.287487,haute
BJ-D1810D4A,Bureau CDD Ouidah,Services aux entreprises,Ouidah,+229 96 80 47 93,b.cdd@yahoo.com,,TPE (<10),B2B,LinkedIn,,Actif,2026-06-29T00:22:55.287502,moyenne
BJ-CF682FB3,Solutions Contrôle Bénin,Services aux entreprises,Ouidah,+229 25 75 90 56,s.contrôle@solutionscontrô.bj,solutionscontrôlebénin.bj,TPE (<10),B2B,LinkedIn,,Actif,2026-06-29T00:22:55.287520,haute
BJ-E5A80DF8,Bureau Indépendant,Services aux entreprises,Savalou,+229 74 25 44 77,bureauindépendant@gmail.com,bureauindépendant.bj,TPE (<10),B2B,LinkedIn,,Actif,2026-06-29T00:22:55.287544,haute
BJ-F5CEBD6D,Freelance,Services aux entreprises,Savalou,+229 55 56 25 35,freelance@freelance.org.bj,freelance.bj,PME (10-50),B2B,LinkedIn,,Actif,2026-06-29T00:22:55.287563,haute
BJ-0CEBFACF,Cabinet Comptable,Services aux entreprises,Savalou,+229 99 98 54 24,cabinetcomptable@cabinetcomptabl.com.bj,cabinetcomptable.bj,PME (50-200),B2B,LinkedIn,,Actif,2026-06-29T00:22:55.287583,haute
BJ-FB1406DF,ISO Africa Savalou,Services aux entreprises,Savalou,+229 51 80 86 47,i.africa@isoafricasavalo.com.bj,isoafricasavalou.bj,PME (50-200),B2B,LinkedIn,,Actif,2026-06-29T00:22:55.287600,haute
BJ-6AEB5257,Portage Partners,Services aux entreprises,Dassa-Zoumè,+229 88 68 23 17,portage.partners@yahoo.fr,portagepartners.bj,Grande (>200),B2B,LinkedIn,,Actif,2026-06-29T00:22:55.287636,haute
BJ-94755F8F,Publiques Partners,Services aux entreprises,Dassa-Zoumè,+229 52 49 69 58,p.partners@gmail.com,publiquespartners.bj,PME (50-200),B2B,LinkedIn,,Actif,2026-06-29T00:22:55.287652,haute
BJ-FEDB0910,Gardiennage Bénin,Services aux entreprises,Dassa-Zoumè,+229 29 17 95 77,gardiennage.bénin@outlook.com,gardiennagebénin.bj,TPE (<10),B2B,LinkedIn,,Actif,2026-06-29T00:22:55.287669,haute
BJ-5D25EB48,Expert Sécurité Africa,Services aux entreprises,Dassa-Zoumè,+229 23 20 34 57,expert.sécurité@yahoo.fr,expertsécuritéafrica.bj,PME (50-200),B2B,LinkedIn,,Actif,2026-06-29T00:22:55.287685,haute
BJ-27CBC760,Cabinet Image Advisory Dassa-Zoumè,Services aux entreprises,Dassa-Zoumè,+229 20 44 94 15,cabinet.image@cabinetimageadv.org.bj,cabinetimageadvisorydassazoumè.bj,TPE (<10),B2B,LinkedIn,,Actif,2026-06-29T00:22:55.287704,haute
BJ-EEB5F20A,Expert Innovation,Services aux entreprises,Kétou,+229 50 85 24 56,,expertinnovation.bj,TPE (<10),B2B,LinkedIn,,Actif,2026-06-29T00:22:55.287724,moyenne
BJ-201386A5,Bureau Salarial Services,Services aux entreprises,Kétou,+229 46 94 83 33,bureau.salarial@bureausalarials.org.bj,bureausalarialservices.bj,PME (10-50),B2B,LinkedIn,,Actif,2026-06-29T00:22:55.287740,haute
BJ-CD575EDE,Agence Nettoyage,Services aux entreprises,Kétou,+229 58 56 62 74,agence.nettoyage@hotmail.com,agencenettoyage.bj,PME (50-200),B2B,LinkedIn,,Actif,2026-06-29T00:22:55.287758,haute
BJ-41C9D6BB,Surveillance Consulting,Services aux entreprises,Kétou,+229 23 30 55 66,s.consulting@surveillancecon.org.bj,,Grande (>200),B2B,LinkedIn,,Actif,2026-06-29T00:22:55.287775,moyenne
BJ-4EBF2576,Agence Contrôle,Services aux entreprises,Kétou,+229 61 44 39 17,agence.contrôle@yahoo.com,agencecontrôle.bj,TPE (<10),B2B,LinkedIn,,Actif,2026-06-29T00:22:55.287796,haute
BJ-EF964A80,Indépendant,Services aux entreprises,Covè,+229 71 77 81 67,indépendant@hotmail.com,,Grande (>200),B2B,LinkedIn,,Actif,2026-06-29T00:22:55.287817,moyenne
BJ-4CA28779,Conseil Presse Solutions,Services aux entreprises,Covè,+229 93 48 72 91,conseil.presse@conseilpresseso.org.bj,conseilpressesolutions.bj,TPE (<10),B2B,LinkedIn,,Actif,2026-06-29T00:22:55.287837,haute
BJ-178B2F2A,Audit Expert,Services aux entreprises,Covè,+229 33 30 22 83,a.expert@outlook.com,auditexpert.bj,TPE (<10),B2B,LinkedIn,,Actif,2026-06-29T00:22:55.287852,haute
BJ-FEAA2D8D,Expert Consulting Bureau,Services aux entreprises,Covè,+229 83 21 32 84,e.consulting@yahoo.com,expertconsultingbureau.bj,PME (10-50),B2B,LinkedIn,,Actif,2026-06-29T00:22:55.287868,haute
BJ-7F91ABF1,Partners RH Solutions,Services aux entreprises,Covè,+229 35 82 92 37,partners.solutions@outlook.com,,PME (50-200),B2B,LinkedIn,,Actif,2026-06-29T00:22:55.287883,moyenne
BJ-3DE36020,Salarial,Services aux entreprises,Pobè,+229 98 25 91 90,salarial@salarial.com.bj,,TPE (<10),B2B,LinkedIn,,Actif,2026-06-29T00:22:55.287919,moyenne
BJ-DB881742,Conseil RH Pobè,Services aux entreprises,Pobè,+229 96 58 58 35,conseil.pobè@yahoo.fr,conseilrhpobè.bj,TPE (<10),B2B,LinkedIn,,Actif,2026-06-29T00:22:55.287938,haute
BJ-821053BC,Cabinet Relations Solutions,Services aux entreprises,Pobè,+229 62 27 86 48,c.relations@yahoo.fr,cabinetrelationssolutions.bj,TPE (<10),B2B,LinkedIn,,Actif,2026-06-29T00:22:55.287957,haute
BJ-A5C55A49,Comptable,Services aux entreprises,Pobè,+229 74 84 16 49,comptable@comptable.org.bj,comptable.bj,TPE (<10),B2B,LinkedIn,,Actif,2026-06-29T00:22:55.287973,haute
BJ-6B9A1C63,Agence Protection Bureau,Services aux entreprises,Sakété,+229 24 35 61 97,agence_protection@yahoo.com,agenceprotectionbureau.bj,PME (50-200),B2B,LinkedIn,,Actif,2026-06-29T00:22:55.288010,haute
BJ-5888BAFB,Vérification,Services aux entreprises,Sakété,+229 68 59 63 40,vérification@outlook.com,vérification.bj,PME (10-50),B2B,LinkedIn,,Actif,2026-06-29T00:22:55.288025,haute
BJ-26956D29,Transformation Africa,Services aux entreprises,Sakété,+229 96 88 45 46,,transformationafrica.bj,TPE (<10),B2B,LinkedIn,,Actif,2026-06-29T00:22:55.288037,moyenne
BJ-B6D091DE,Agence Conseil,Services aux entreprises,Sakété,+229 63 99 86 16,agence.conseil@hotmail.com,,PME (10-50),B2B,LinkedIn,,Actif,2026-06-29T00:22:55.288052,moyenne
BJ-0A30C993,Recrutement,Services aux entreprises,Sakété,+229 96 18 67 17,recrutement@yahoo.com,recrutement.bj,TPE (<10),B2B,LinkedIn,,Actif,2026-06-29T00:22:55.288069,haute
BJ-BD22F697,Agence Intérim Africa Adjara,Services aux entreprises,Adjara,+229 71 45 28 63,a.intérim@outlook.com,agenceintérimafricaadjara.bj,PME (50-200),B2B,LinkedIn,,Actif,2026-06-29T00:22:55.288094,haute
BJ-D60165D9,Audit Publicité Consulting,Services aux entreprises,Adjara,+229 80 93 46 82,,,PME (10-50),B2B,LinkedIn,,Actif,2026-06-29T00:22:55.288106,basse
BJ-6B4784E7,Communication Advisory,Services aux entreprises,Adjara,+229 23 12 25 59,c.advisory@communicationad.bj,communicationadvisory.bj,TPE (<10),B2B,LinkedIn,,Actif,2026-06-29T00:22:55.288125,haute
BJ-ADDA6280,Audit Inspection Bureau,Services aux entreprises,Adjara,+229 54 54 79 18,a.inspection@auditinspection.bj,auditinspectionbureau.bj,PME (10-50),B2B,LinkedIn,,Actif,2026-06-29T00:22:55.288141,haute
BJ-184A8564,Business International Adjara,Services aux entreprises,Adjara,+229 52 20 34 48,business_international@hotmail.com,businessinternationaladjara.bj,TPE (<10),B2B,LinkedIn,,Actif,2026-06-29T00:22:55.288160,haute
BJ-568EF5E6,Événementiel Bénin,Services aux entreprises,Allada,+229 98 78 55 17,événementiel.bénin@événementielbén.com.bj,événementielbénin.bj,PME (10-50),B2B,LinkedIn,,Actif,2026-06-29T00:22:55.288186,haute
BJ-CB9261F3,Agence Certification,Services aux entreprises,Allada,+229 63 19 66 52,agence.certification@agencecertifica.com.bj,agencecertification.bj,TPE (<10),B2B,LinkedIn,,Actif,2026-06-29T00:22:55.288202,haute
BJ-E182AAA5,CDD,Services aux entreprises,Allada,+229 61 66 94 16,cdd@gmail.com,cdd.bj,PME (50-200),B2B,LinkedIn,,Actif,2026-06-29T00:22:55.288216,haute
BJ-A6407079,Ménage Solutions Allada,Services aux entreprises,Allada,+229 45 96 82 48,m.solutions@ménagesolutions.bj,ménagesolutionsallada.bj,PME (10-50),B2B,LinkedIn,,Actif,2026-06-29T00:22:55.288234,haute
BJ-5DD5CB16,Bureau CDI Advisory,Services aux entreprises,Allada,+229 93 91 86 56,bureaucdi@bureaucdiadviso.bj,bureaucdiadvisory.bj,PME (10-50),B2B,LinkedIn,,Actif,2026-06-29T00:22:55.288250,haute
BJ-ABFCBB77,Fiscal Bénin,Services aux entreprises,Aplahoué,+229 75 66 90 34,fiscal.bénin@gmail.com,,TPE (<10),B2B,LinkedIn,,Actif,2026-06-29T00:22:55.288272,moyenne
BJ-82E65A20,Audit Comptable,Services aux entreprises,Aplahoué,+229 33 49 28 74,audit.comptable@auditcomptable.org.bj,auditcomptable.bj,Grande (>200),B2B,LinkedIn,,Actif,2026-06-29T00:22:55.288289,haute
BJ-295EA2C8,Indépendant Bureau,Services aux entreprises,Aplahoué,+229 69 85 26 52,indépendant.bureau@outlook.com,,PME (10-50),B2B,LinkedIn,,Actif,2026-06-29T00:22:55.288308,moyenne
BJ-A1A75518,Conseil Expert Bureau,Services aux entreprises,Aplahoué,+229 58 30 73 45,conseil.expert@conseilexpertbu.bj,conseilexpertbureau.bj,PME (10-50),B2B,LinkedIn,,Actif,2026-06-29T00:22:55.288325,haute
BJ-BB6528B0,Cabinet Conseil Cabinet,Services aux entreprises,Aplahoué,+229 33 79 37 36,,cabinetconseilcabinet.bj,TPE (<10),B2B,LinkedIn,,Actif,2026-06-29T00:22:55.288337,moyenne
BJ-FED40076,Expert Innovation Cabinet Dogbo-Tota,Services aux entreprises,Dogbo-Tota,+229 85 57 28 15,expertinnovation@expertinnovatio.org.bj,expertinnovationcabinetdogbotota.bj,PME (50-200),B2B,LinkedIn,,Actif,2026-06-29T00:22:55.288361,haute
BJ-4E9BBD99,Innovation,Services aux entreprises,Dogbo-Tota,+229 72 36 87 73,innovation@outlook.com,,PME (10-50),B2B,LinkedIn,,Actif,2026-06-29T00:22:55.288378,moyenne
BJ-B6AB06D3,Label Solutions,Services aux entreprises,Dogbo-Tota,+229 98 67 73 36,label.solutions@yahoo.fr,labelsolutions.bj,PME (50-200),B2B,LinkedIn,,Actif,2026-06-29T00:22:55.288394,haute
BJ-5574266B,Relations Cabinet,Services aux entreprises,Dogbo-Tota,+229 75 67 93 21,,relationscabinet.bj,PME (10-50),B2B,LinkedIn,,Actif,2026-06-29T00:22:55.288419,moyenne
BJ-843DF918,Partners Stratégie International,Services aux entreprises,Kpomassè,+229 48 57 25 99,partners.stratégie@partnersstratég.org.bj,partnersstratégieinternational.bj,TPE (<10),B2B,LinkedIn,,Actif,2026-06-29T00:22:55.288444,haute
BJ-46B06764,Bureau CDI Consulting,Services aux entreprises,Kpomassè,+229 68 63 81 18,bureau.cdi@yahoo.com,bureaucdiconsulting.bj,TPE (<10),B2B,LinkedIn,,Actif,2026-06-29T00:22:55.288461,haute
BJ-57835E2F,Cabinet Nettoyage,Services aux entreprises,Kpomassè,+229 20 29 93 49,cabinet_nettoyage@hotmail.com,cabinetnettoyage.bj,Grande (>200),B2B,LinkedIn,,Actif,2026-06-29T00:22:55.288480,haute
BJ-65E48125,Partners Presse Services,Services aux entreprises,Kpomassè,+229 71 41 45 56,partners.presse@partnerspresses.org.bj,partnerspresseservices.bj,PME (10-50),B2B,LinkedIn,,Actif,2026-06-29T00:22:55.288496,haute
BJ-A85B0F6B,Nettoyage Partners,Services aux entreprises,Kpomassè,+229 40 46 25 44,nettoyagepartners@yahoo.fr,nettoyagepartners.bj,PME (10-50),B2B,LinkedIn,,Actif,2026-06-29T00:22:55.288511,haute
BJ-BB9FC6E4,Accréditation Africa,Services aux entreprises,Tori-Bossito,+229 48 16 96 68,accréditation_africa@accréditationaf.com.bj,,TPE (<10),B2B,LinkedIn,,Actif,2026-06-29T00:22:55.288535,moyenne
BJ-10273FC9,Organisation Bénin,Services aux entreprises,Tori-Bossito,+229 81 44 79 50,o.bénin@organisationbén.com.bj,,PME (50-200),B2B,LinkedIn,,Actif,2026-06-29T00:22:55.288556,moyenne
BJ-BCEEAD62,Comptable Consulting,Services aux entreprises,Tori-Bossito,+229 85 43 37 35,comptable.consulting@comptableconsul.bj,comptableconsulting.bj,TPE (<10),B2B,LinkedIn,,Actif,2026-06-29T00:22:55.288573,haute
BJ-A2D6A8B7,Solutions Chasse,Services aux entreprises,Tori-Bossito,+229 74 83 85 46,solutionschasse@solutionschasse.org.bj,solutionschasse.bj,PME (10-50),B2B,LinkedIn,,Actif,2026-06-29T00:22:55.288589,haute
BJ-DB19DB20,Audit Contrôle Partners,Services aux entreprises,Tori-Bossito,+229 95 64 38 95,audit.contrôle@outlook.com,auditcontrôlepartners.bj,PME (10-50),B2B,LinkedIn,,Actif,2026-06-29T00:22:55.288606,haute
BJ-A6C0AA5A,Image Advisory,Services aux entreprises,Grand-Popo,+229 34 98 75 39,i.advisory@imageadvisory.com.bj,,Grande (>200),B2B,LinkedIn,,Actif,2026-06-29T00:22:55.288632,moyenne
BJ-4E8A80FE,Bureau Norme,Services aux entreprises,Grand-Popo,+229 99 38 74 71,bureaunorme@yahoo.fr,bureaunorme.bj,PME (50-200),B2B,LinkedIn,,Actif,2026-06-29T00:22:55.288648,haute
BJ-2F2C2C6C,Agence Marque Solutions,Services aux entreprises,Grand-Popo,+229 82 10 14 10,a.marque@agencemarquesol.com.bj,agencemarquesolutions.bj,TPE (<10),B2B,LinkedIn,,Actif,2026-06-29T00:22:55.288667,haute
BJ-FFB0BB62,Contrôle Africa,Services aux entreprises,Grand-Popo,+229 94 28 54 54,contrôle_africa@gmail.com,contrôleafrica.bj,Grande (>200),B2B,LinkedIn,,Actif,2026-06-29T00:22:55.288685,haute
BJ-0F158CCD,Tête Solutions,Services aux entreprises,Grand-Popo,+229 93 10 10 82,t.solutions@têtesolutions.bj,têtesolutions.bj,TPE (<10),B2B,LinkedIn,,Actif,2026-06-29T00:22:55.288702,haute
BJ-8B49F8ED,Conseil Norme Bureau,Services aux entreprises,Athiémé,+229 98 22 10 71,conseilnorme@yahoo.com,conseilnormebureau.bj,TPE (<10),B2B,LinkedIn,,Actif,2026-06-29T00:22:55.288742,haute
BJ-CA635EDE,Marque Bénin,Services aux entreprises,Athiémé,+229 36 50 10 49,marque_bénin@gmail.com,,TPE (<10),B2B,LinkedIn,,Actif,2026-06-29T00:22:55.288759,moyenne
BJ-066F5D1E,Marque,Services aux entreprises,Athiémé,+229 40 22 15 11,marque@yahoo.fr,,PME (50-200),B2B,LinkedIn,,Actif,2026-06-29T00:22:55.288773,moyenne
BJ-24F14D31,Audit Africa,Services aux entreprises,Bopa,+229 40 40 80 88,audit.africa@yahoo.com,auditafrica.bj,PME (10-50),B2B,LinkedIn,,Actif,2026-06-29T00:22:55.288811,haute
BJ-9D461150,Consulting Excellence,Services aux entreprises,Bopa,+229 33 52 39 35,consulting.excellence@hotmail.com,consultingexcellence.bj,TPE (<10),B2B,LinkedIn,,Actif,2026-06-29T00:22:55.288827,haute
BJ-62EAB735,Expert Tête,Services aux entreprises,Bopa,+229 31 63 65 99,,,TPE (<10),B2B,LinkedIn,,Actif,2026-06-29T00:22:55.288841,basse
BJ-457B9FEF,Bureau Audit,Services aux entreprises,Bopa,+229 39 15 57 13,bureau.audit@outlook.com,bureauaudit.bj,TPE (<10),B2B,LinkedIn,,Actif,2026-06-29T00:22:55.288856,haute
BJ-61B8D159,Conseil Certification Bopa,Services aux entreprises,Bopa,+229 82 57 31 68,conseilcertification@conseilcertific.bj,,PME (50-200),B2B,LinkedIn,,Actif,2026-06-29T00:22:55.288875,moyenne
BJ-6C8777C9,Solutions Contrôle,Services aux entreprises,Houéyogbé,+229 94 37 30 81,solutionscontrôle@solutionscontrô.bj,solutionscontrôle.bj,PME (50-200),B2B,LinkedIn,,Actif,2026-06-29T00:22:55.288920,haute
BJ-9BDD6761,Solutions Recrutement,Services aux entreprises,Houéyogbé,+229 56 77 63 32,s.recrutement@solutionsrecrut.com.bj,solutionsrecrutement.bj,TPE (<10),B2B,LinkedIn,,Actif,2026-06-29T00:22:55.288939,haute
BJ-B4404694,Digital Advisory,Services aux entreprises,Houéyogbé,+229 40 73 36 54,digitaladvisory@gmail.com,,PME (50-200),B2B,LinkedIn,,Actif,2026-06-29T00:22:55.288955,moyenne
BJ-58F54192,Expert Relations Services,Services aux entreprises,Houéyogbé,+229 29 50 46 72,,,TPE (<10),B2B,LinkedIn,,Actif,2026-06-29T00:22:55.288966,basse
BJ-2BC521BB,Bureau Digital Solutions,Services aux entreprises,Houéyogbé,+229 52 94 35 24,bureau.digital@bureaudigitalso.org.bj,bureaudigitalsolutions.bj,TPE (<10),B2B,LinkedIn,,Actif,2026-06-29T00:22:55.288981,haute
BJ-1C6F65F9,Accréditation,Services aux entreprises,Malanville,+229 88 61 48 77,accréditation@accréditation.bj,accréditation.bj,TPE (<10),B2B,LinkedIn,,Actif,2026-06-29T00:22:55.289009,haute
BJ-A5B2344B,Conseil Sécurité Services,Services aux entreprises,Malanville,+229 33 41 12 64,conseil.sécurité@conseilsécurité.bj,conseilsécuritéservices.bj,PME (10-50),B2B,LinkedIn,,Actif,2026-06-29T00:22:55.289028,haute
BJ-0D4D5ABA,Consulting Expert,Services aux entreprises,Malanville,+229 51 96 17 97,consultingexpert@consultingexper.org.bj,,TPE (<10),B2B,LinkedIn,,Actif,2026-06-29T00:22:55.289047,moyenne
BJ-DA9438E7,Expert Communication,Services aux entreprises,Malanville,+229 78 19 41 11,expert.communication@yahoo.com,expertcommunication.bj,TPE (<10),B2B,LinkedIn,,Actif,2026-06-29T00:22:55.289074,haute
BJ-FEBEE614,Qualité Bénin,Services aux entreprises,Kandi,+229 76 66 96 45,qualité.bénin@qualitébénin.bj,,TPE (<10),B2B,LinkedIn,,Actif,2026-06-29T00:22:55.289101,moyenne
BJ-86190487,Audit Communication Africa,Services aux entreprises,Kandi,+229 93 93 20 66,audit_communication@gmail.com,auditcommunicationafrica.bj,PME (50-200),B2B,LinkedIn,,Actif,2026-06-29T00:22:55.289119,haute
BJ-4A963403,Publicité Africa Kandi,Services aux entreprises,Kandi,+229 95 57 20 74,publicité.africa@publicitéafrica.bj,publicitéafricakandi.bj,TPE (<10),B2B,LinkedIn,,Actif,2026-06-29T00:22:55.289137,haute
BJ-EDECF8DA,Fiscal Solutions,Services aux entreprises,Kandi,+229 62 35 26 79,fiscalsolutions@fiscalsolutions.bj,fiscalsolutions.bj,PME (50-200),B2B,LinkedIn,,Actif,2026-06-29T00:22:55.289154,haute
BJ-97A791DC,Solutions Chasse Cabinet,Services aux entreprises,Kandi,+229 74 94 45 44,solutions_chasse@solutionschasse.com.bj,solutionschassecabinet.bj,TPE (<10),B2B,LinkedIn,,Actif,2026-06-29T00:22:55.289170,haute
BJ-7A406B74,Réputation Africa,Services aux entreprises,Banikoara,+229 80 74 70 49,,réputationafrica.bj,PME (50-200),B2B,LinkedIn,,Actif,2026-06-29T00:22:55.289190,moyenne
BJ-8AD00AF5,Portage,Services aux entreprises,Banikoara,+229 68 27 36 96,portage@portage.com.bj,portage.bj,PME (50-200),B2B,LinkedIn,,Actif,2026-06-29T00:22:55.289205,haute
BJ-9AD76954,Entretien,Services aux entreprises,Banikoara,+229 87 28 63 60,entretien@hotmail.com,,PME (10-50),B2B,LinkedIn,,Actif,2026-06-29T00:22:55.289221,moyenne
BJ-604B4BFC,Juridique Banikoara,Services aux entreprises,Banikoara,+229 53 90 32 70,juridiquebanikoara@hotmail.com,,TPE (<10),B2B,LinkedIn,,Actif,2026-06-29T00:22:55.289239,moyenne
BJ-736582D6,Cabinet Marketing Services,Services aux entreprises,Banikoara,+229 85 56 18 34,cabinetmarketing@cabinetmarketin.org.bj,cabinetmarketingservices.bj,TPE (<10),B2B,LinkedIn,,Actif,2026-06-29T00:22:55.289256,haute
BJ-B11B413D,Audit Gardiennage,Services aux entreprises,Ségbana,+229 22 48 93 35,auditgardiennage@auditgardiennag.org.bj,,Grande (>200),B2B,LinkedIn,,Actif,2026-06-29T00:22:55.289278,moyenne
BJ-3EA03DAA,Vérification Bénin,Services aux entreprises,Ségbana,+229 44 61 55 98,vérification.bénin@yahoo.fr,vérificationbénin.bj,TPE (<10),B2B,LinkedIn,,Actif,2026-06-29T00:22:55.289295,haute
BJ-1F2E8416,Recrutement Ségbana,Services aux entreprises,Ségbana,+229 69 64 15 65,,recrutementségbana.bj,TPE (<10),B2B,LinkedIn,,Actif,2026-06-29T00:22:55.289316,moyenne
BJ-C6F98217,Solutions Recrutement,Services aux entreprises,Ségbana,+229 95 45 57 87,solutionsrecrutement@gmail.com,solutionsrecrutement.bj,PME (50-200),B2B,LinkedIn,,Actif,2026-06-29T00:22:55.289332,haute
BJ-3C5A036E,Cabinet CDI,Services aux entreprises,Karimama,+229 64 61 92 34,c.cdi@cabinetcdi.com.bj,cabinetcdi.bj,Grande (>200),B2B,LinkedIn,,Actif,2026-06-29T00:22:55.289369,haute
BJ-DDE325BA,Conseil Accréditation International,Services aux entreprises,Karimama,+229 94 37 71 74,conseilaccréditation@gmail.com,conseilaccréditationinternational.bj,TPE (<10),B2B,LinkedIn,,Actif,2026-06-29T00:22:55.289387,haute
BJ-28E5476B,Cabinet Comptable Bénin,Services aux entreprises,Karimama,+229 70 70 74 71,cabinetcomptable@cabinetcomptabl.com.bj,cabinetcomptablebénin.bj,TPE (<10),B2B,LinkedIn,,Actif,2026-06-29T00:22:55.289408,haute
BJ-0C6F619E,Cabinet Communication Solutions,Services aux entreprises,Karimama,+229 55 58 81 47,cabinetcommunication@gmail.com,cabinetcommunicationsolutions.bj,TPE (<10),B2B,LinkedIn,,Actif,2026-06-29T00:22:55.289424,haute
BJ-965D5F50,Portage Consulting,Services aux entreprises,Karimama,+229 42 65 53 91,portageconsulting@portageconsulti.bj,portageconsulting.bj,PME (10-50),B2B,LinkedIn,,Actif,2026-06-29T00:22:55.289439,haute
BJ-02B44067,Image Bureau,Services aux entreprises,Gogounou,+229 77 36 70 87,imagebureau@imagebureau.org.bj,,PME (50-200),B2B,LinkedIn,,Actif,2026-06-29T00:22:55.289475,moyenne
BJ-4F1FE6D3,Agence Digital Partners,Services aux entreprises,Gogounou,+229 71 63 95 64,agence_digital@yahoo.fr,agencedigitalpartners.bj,PME (50-200),B2B,LinkedIn,,Actif,2026-06-29T00:22:55.289493,haute
BJ-AC6EF342,Cabinet Norme Solutions,Services aux entreprises,Gogounou,+229 24 91 60 88,cabinetnorme@hotmail.com,,TPE (<10),B2B,LinkedIn,,Actif,2026-06-29T00:22:55.289508,moyenne
BJ-6067EED3,Nettoyage Gogounou,Services aux entreprises,Gogounou,+229 52 88 77 28,,nettoyagegogounou.bj,TPE (<10),B2B,LinkedIn,,Actif,2026-06-29T00:22:55.289520,moyenne
BJ-EDE14065,Partners CDI Consulting Cobly,Services aux entreprises,Cobly,+229 73 48 59 13,partners.cdi@gmail.com,,TPE (<10),B2B,LinkedIn,,Actif,2026-06-29T00:22:55.289572,moyenne
BJ-F54BA0B8,Recrutement,Services aux entreprises,Cobly,+229 22 47 52 21,recrutement@recrutement.com.bj,recrutement.bj,PME (50-200),B2B,LinkedIn,,Actif,2026-06-29T00:22:55.289586,haute
BJ-38D1F80F,Cabinet Publicité Bureau,Services aux entreprises,Cobly,+229 69 17 34 50,cabinet_publicité@gmail.com,cabinetpublicitébureau.bj,Grande (>200),B2B,LinkedIn,,Actif,2026-06-29T00:22:55.289607,haute
BJ-3E2C1977,Portage,Services aux entreprises,Tanguiéta,+229 89 15 28 47,portage@outlook.com,portage.bj,Grande (>200),B2B,LinkedIn,,Actif,2026-06-29T00:22:55.289629,haute
BJ-4868521F,Consulting CDD Bénin,Services aux entreprises,Tanguiéta,+229 38 17 65 30,consultingcdd@yahoo.fr,consultingcddbénin.bj,PME (10-50),B2B,LinkedIn,,Actif,2026-06-29T00:22:55.289659,haute
BJ-B9DD4D06,Consulting Innovation Solutions Tanguiéta,Services aux entreprises,Tanguiéta,+229 82 16 33 72,consultinginnovation@hotmail.com,consultinginnovationsolutionstanguiéta.bj,PME (10-50),B2B,LinkedIn,,Actif,2026-06-29T00:22:55.289677,haute
BJ-25CCDAF8,Partners Réputation,Services aux entreprises,Tanguiéta,+229 22 20 40 98,p.réputation@yahoo.com,,TPE (<10),B2B,LinkedIn,,Actif,2026-06-29T00:22:55.289692,moyenne
BJ-F05A5289,Partners Protection Consulting,Services aux entreprises,Matéri,+229 45 64 35 41,partnersprotection@partnersprotect.bj,partnersprotectionconsulting.bj,TPE (<10),B2B,LinkedIn,,Actif,2026-06-29T00:22:55.289717,haute
BJ-0DEC266A,Expert Contrôle,Services aux entreprises,Matéri,+229 71 54 13 87,expert.contrôle@gmail.com,,PME (50-200),B2B,LinkedIn,,Actif,2026-06-29T00:22:55.289748,moyenne
BJ-45862D22,Audit Juridique Matéri,Services aux entreprises,Matéri,+229 43 83 93 31,auditjuridique@hotmail.com,auditjuridiquematéri.bj,PME (10-50),B2B,LinkedIn,,Actif,2026-06-29T00:22:55.289790,haute
BJ-27F67683,Recrutement Matéri,Services aux entreprises,Matéri,+229 22 40 31 93,recrutementmatéri@recrutementmaté.org.bj,recrutementmatéri.bj,TPE (<10),B2B,LinkedIn,,Actif,2026-06-29T00:22:55.289834,haute
BJ-02BA9857,Solutions Marketing,Services aux entreprises,Matéri,+229 95 55 23 36,solutionsmarketing@solutionsmarket.com.bj,,PME (50-200),B2B,LinkedIn,,Actif,2026-06-29T00:22:55.289868,moyenne
BJ-43EE24E1,Inspection,Services aux entreprises,Natitingou,+229 35 98 37 33,inspection@hotmail.com,inspection.bj,TPE (<10),B2B,LinkedIn,,Actif,2026-06-29T00:22:55.289913,haute
BJ-609A8DD2,Gardiennage,Services aux entreprises,Natitingou,+229 87 55 36 37,gardiennage@gardiennage.com.bj,gardiennage.bj,PME (10-50),B2B,LinkedIn,,Actif,2026-06-29T00:22:55.289929,haute
BJ-3956D0A3,Salarial,Services aux entreprises,Natitingou,+229 20 15 69 85,salarial@yahoo.fr,salarial.bj,PME (10-50),B2B,LinkedIn,,Actif,2026-06-29T00:22:55.289944,haute
BJ-281097AE,Label,Services aux entreprises,Natitingou,+229 41 68 41 10,label@yahoo.com,label.bj,TPE (<10),B2B,LinkedIn,,Actif,2026-06-29T00:22:55.289957,haute
BJ-00C648A1,Cabinet Comptable Services,Services aux entreprises,Natitingou,+229 88 88 72 33,cabinet.comptable@hotmail.com,,PME (50-200),B2B,LinkedIn,,Actif,2026-06-29T00:22:55.289974,moyenne
BJ-311D7D31,Transformation Solutions,Services aux entreprises,Toucountouna,+229 32 90 56 78,,,TPE (<10),B2B,LinkedIn,,Actif,2026-06-29T00:22:55.290008,basse
BJ-EBC3FBF7,Audit Réputation,Services aux entreprises,Toucountouna,+229 63 87 29 88,audit.réputation@yahoo.com,auditréputation.bj,Grande (>200),B2B,LinkedIn,,Actif,2026-06-29T00:22:55.290030,haute
BJ-86388254,Cabinet Business Africa,Services aux entreprises,Toucountouna,+229 95 23 99 87,c.business@outlook.com,cabinetbusinessafrica.bj,TPE (<10),B2B,LinkedIn,,Actif,2026-06-29T00:22:55.290048,haute
BJ-0D320C7B,Solutions Vérification Cabinet,Services aux entreprises,Toucountouna,+229 40 50 76 22,solutionsvérification@solutionsvérifi.com.bj,solutionsvérificationcabinet.bj,TPE (<10),B2B,LinkedIn,,Actif,2026-06-29T00:22:55.290067,haute
BJ-EB980738,Label Bénin,Services aux entreprises,Boukoumbé,+229 63 90 94 97,label.bénin@hotmail.com,labelbénin.bj,Grande (>200),B2B,LinkedIn,,Actif,2026-06-29T00:22:55.290092,haute
BJ-AE52A160,Partners Business,Services aux entreprises,Boukoumbé,+229 57 70 51 37,partners.business@partnersbusines.org.bj,partnersbusiness.bj,PME (50-200),B2B,LinkedIn,,Actif,2026-06-29T00:22:55.290110,haute
BJ-64B42ACC,Marketing Bénin,Services aux entreprises,Boukoumbé,+229 65 23 55 21,marketing.bénin@hotmail.com,marketingbénin.bj,TPE (<10),B2B,LinkedIn,,Actif,2026-06-29T00:22:55.290127,haute
BJ-D4B2378A,Consulting Salarial Bureau,Services aux entreprises,Boukoumbé,+229 43 23 93 67,,consultingsalarialbureau.bj,PME (10-50),B2B,LinkedIn,,Actif,2026-06-29T00:22:55.290143,moyenne
BJ-684CBB9D,Solutions Management Partners Boukoumbé,Services aux entreprises,Boukoumbé,+229 25 43 18 72,solutionsmanagement@solutionsmanage.org.bj,,Grande (>200),B2B,LinkedIn,,Actif,2026-06-29T00:22:55.290162,moyenne
BJ-F8F00D2C,Consulting Expert,Services aux entreprises,Kouandé,+229 28 93 68 29,c.expert@hotmail.com,consultingexpert.bj,TPE (<10),B2B,LinkedIn,,Actif,2026-06-29T00:22:55.290185,haute
BJ-03E13B0A,Consulting Relations,Services aux entreprises,Kouandé,+229 79 89 42 42,consulting.relations@consultingrelat.org.bj,consultingrelations.bj,Grande (>200),B2B,LinkedIn,,Actif,2026-06-29T00:22:55.290201,haute
BJ-43DEDB6D,CDD,Services aux entreprises,Kouandé,+229 56 58 19 79,cdd@cdd.com.bj,cdd.bj,TPE (<10),B2B,LinkedIn,,Actif,2026-06-29T00:22:55.290219,haute
BJ-C90A6AA0,Consulting Publicité,Services aux entreprises,Kouandé,+229 48 28 49 56,consultingpublicité@consultingpubli.com.bj,consultingpublicité.bj,Grande (>200),B2B,LinkedIn,,Actif,2026-06-29T00:22:55.290237,haute
BJ-A75FFCF2,Label,Services aux entreprises,Kouandé,+229 33 49 35 32,label@gmail.com,label.bj,PME (10-50),B2B,LinkedIn,,Actif,2026-06-29T00:22:55.290251,haute
BJ-6C2D7BC1,Bureau Audit Péhunco,Services aux entreprises,Péhunco,+229 20 26 35 96,bureauaudit@gmail.com,bureauauditpéhunco.bj,PME (10-50),B2B,LinkedIn,,Actif,2026-06-29T00:22:55.290275,haute
BJ-F596D0C9,Consulting ISO,Services aux entreprises,Péhunco,+229 74 13 36 72,consulting.iso@outlook.com,consultingiso.bj,PME (10-50),B2B,LinkedIn,,Actif,2026-06-29T00:22:55.290291,haute
BJ-8376921B,Norme Solutions,Services aux entreprises,Péhunco,+229 43 47 47 16,normesolutions@outlook.com,normesolutions.bj,PME (50-200),B2B,LinkedIn,,Actif,2026-06-29T00:22:55.290327,haute
BJ-FA4737CA,Marque,Services aux entreprises,Péhunco,+229 98 12 34 26,marque@gmail.com,,Grande (>200),B2B,LinkedIn,,Actif,2026-06-29T00:22:55.290341,moyenne
BJ-174E9253,Solutions CDD,Services aux entreprises,Tchaourou,+229 97 94 32 86,solutions_cdd@hotmail.com,solutionscdd.bj,PME (10-50),B2B,LinkedIn,,Actif,2026-06-29T00:22:55.290364,haute
BJ-B8D861BD,CDD,Services aux entreprises,Tchaourou,+229 83 58 88 39,cdd@cdd.org.bj,cdd.bj,PME (50-200),B2B,LinkedIn,,Actif,2026-06-29T00:22:55.290378,haute
BJ-572C74CD,Agence Business Cabinet,Services aux entreprises,Tchaourou,+229 63 71 50 92,agence.business@yahoo.fr,agencebusinesscabinet.bj,TPE (<10),B2B,LinkedIn,,Actif,2026-06-29T00:22:55.290401,haute
BJ-558C3E69,Solutions Surveillance Africa,Services aux entreprises,Tchaourou,+229 99 37 56 82,,,TPE (<10),B2B,LinkedIn,,Actif,2026-06-29T00:22:55.290413,basse
BJ-79AD55E0,CDI Africa,Services aux entreprises,Tchaourou,+229 65 35 81 26,cdi.africa@cdiafrica.bj,cdiafrica.bj,PME (50-200),B2B,LinkedIn,,Actif,2026-06-29T00:22:55.290430,haute
BJ-4DD46B82,Vérification Africa Nikki,Services aux entreprises,Nikki,+229 95 53 91 74,vérificationafrica@gmail.com,,PME (10-50),B2B,LinkedIn,,Actif,2026-06-29T00:22:55.290453,moyenne
BJ-3E036FDB,Solutions Entretien Bureau,Services aux entreprises,Nikki,+229 47 60 44 65,s.entretien@hotmail.com,solutionsentretienbureau.bj,TPE (<10),B2B,LinkedIn,,Actif,2026-06-29T00:22:55.290470,haute
BJ-2452884B,Expert Label,Services aux entreprises,Nikki,+229 95 39 54 20,,expertlabel.bj,Grande (>200),B2B,LinkedIn,,Actif,2026-06-29T00:22:55.290482,moyenne
BJ-407D08E2,Nettoyage Bureau,Services aux entreprises,Nikki,+229 27 22 47 10,nettoyage.bureau@yahoo.fr,,PME (10-50),B2B,LinkedIn,,Actif,2026-06-29T00:22:55.290497,moyenne
BJ-00EA6603,Contrôle Nikki,Services aux entreprises,Nikki,+229 48 38 41 53,contrôle.nikki@hotmail.com,contrôlenikki.bj,PME (10-50),B2B,LinkedIn,,Actif,2026-06-29T00:22:55.290514,haute
BJ-482B7DD2,Cabinet RH,Services aux entreprises,Bembéréké,+229 32 96 87 92,,cabinetrh.bj,Grande (>200),B2B,LinkedIn,,Actif,2026-06-29T00:22:55.290533,moyenne
BJ-8EB2F71C,Digital Services Bembéréké,Services aux entreprises,Bembéréké,+229 90 50 66 24,digitalservices@digitalservices.org.bj,digitalservicesbembéréké.bj,Grande (>200),B2B,LinkedIn,,Actif,2026-06-29T00:22:55.290570,haute
BJ-C6F24313,Cabinet Label Bénin,Services aux entreprises,Bembéréké,+229 22 72 71 82,cabinet_label@cabinetlabelbén.org.bj,,PME (10-50),B2B,LinkedIn,,Actif,2026-06-29T00:22:55.290588,moyenne
BJ-F3A69252,Protection International Bembéréké,Services aux entreprises,Bembéréké,+229 46 12 48 47,p.international@protectioninter.bj,protectioninternationalbembéréké.bj,TPE (<10),B2B,LinkedIn,,Actif,2026-06-29T00:22:55.290607,haute
BJ-6744F3D2,Partners Chasse,Services aux entreprises,Kalalé,+229 25 23 11 77,partnerschasse@hotmail.com,partnerschasse.bj,TPE (<10),B2B,LinkedIn,,Actif,2026-06-29T00:22:55.290630,haute
BJ-1D5963F0,Cabinet Sécurité,Services aux entreprises,Kalalé,+229 90 50 31 40,cabinet_sécurité@cabinetsécurité.com.bj,cabinetsécurité.bj,TPE (<10),B2B,LinkedIn,,Actif,2026-06-29T00:22:55.290647,haute
BJ-094A43E0,ISO Kalalé,Services aux entreprises,Kalalé,+229 42 55 96 46,i.kalalé@outlook.com,isokalalé.bj,PME (10-50),B2B,LinkedIn,,Actif,2026-06-29T00:22:55.290681,haute
BJ-45C9F813,Cabinet Salarial Solutions,Services aux entreprises,Kalalé,+229 27 93 75 42,cabinetsalarial@yahoo.fr,cabinetsalarialsolutions.bj,TPE (<10),B2B,LinkedIn,,Actif,2026-06-29T00:22:55.290703,haute
BJ-49E0EC6A,Inspection,Services aux entreprises,Ndali,+229 62 48 95 54,inspection@outlook.com,inspection.bj,TPE (<10),B2B,LinkedIn,,Actif,2026-06-29T00:22:55.290723,haute
BJ-D4C89848,Audit Contrôle Advisory,Services aux entreprises,Ndali,+229 95 93 91 56,auditcontrôle@auditcontrôlead.org.bj,auditcontrôleadvisory.bj,PME (10-50),B2B,LinkedIn,,Actif,2026-06-29T00:22:55.290741,haute
BJ-B0E2213E,Solutions Réputation Africa,Services aux entreprises,Ndali,+229 31 47 91 32,solutions_réputation@solutionsréputa.bj,solutionsréputationafrica.bj,TPE (<10),B2B,LinkedIn,,Actif,2026-06-29T00:22:55.290762,haute
BJ-AFE259F1,Conseil Marque,Services aux entreprises,Ndali,+229 72 95 28 67,,conseilmarque.bj,PME (50-200),B2B,LinkedIn,,Actif,2026-06-29T00:22:55.290774,moyenne
BJ-52D87099,Agence Freelance Ndali,Services aux entreprises,Ndali,+229 99 91 54 95,a.freelance@yahoo.com,agencefreelancendali.bj,PME (10-50),B2B,LinkedIn,,Actif,2026-06-29T00:22:55.290790,haute
BJ-678AEE6C,Salarial Africa,Services aux entreprises,Ségbana,+229 27 95 59 87,salarial_africa@hotmail.com,salarialafrica.bj,PME (10-50),B2B,LinkedIn,,Actif,2026-06-29T00:22:55.290812,haute
BJ-4645038F,Innovation,Services aux entreprises,Ségbana,+229 46 96 46 46,,innovation.bj,Grande (>200),B2B,LinkedIn,,Actif,2026-06-29T00:22:55.290824,moyenne
BJ-DAC66B5A,Bureau Tête Consulting,Services aux entreprises,Ségbana,+229 28 12 67 91,bureau_tête@bureautêteconsu.bj,,PME (10-50),B2B,LinkedIn,,Actif,2026-06-29T00:22:55.290854,moyenne
BJ-57AFE5CC,Portage,Services aux entreprises,Ségbana,+229 73 38 56 53,portage@gmail.com,portage.bj,TPE (<10),B2B,LinkedIn,,Actif,2026-06-29T00:22:55.290868,haute
BJ-BA41B5A9,Expert Solutions,Services aux entreprises,Tchaourou,+229 89 30 23 62,e.solutions@hotmail.com,expertsolutions.bj,PME (10-50),B2B,LinkedIn,,Actif,2026-06-29T00:22:55.290902,haute
BJ-2098CDAA,Réputation Cabinet Tchaourou,Services aux entreprises,Tchaourou,+229 83 92 82 11,réputation.cabinet@yahoo.com,réputationcabinettchaourou.bj,PME (50-200),B2B,LinkedIn,,Actif,2026-06-29T00:22:55.290923,haute
BJ-79AC25D5,Chasse Bureau,Services aux entreprises,Tchaourou,+229 24 76 46 24,,,TPE (<10),B2B,LinkedIn,,Actif,2026-06-29T00:22:55.290937,basse
BJ-CB2F9E7C,Salarial,Services aux entreprises,Tchaourou,+229 48 15 90 64,salarial@salarial.com.bj,salarial.bj,PME (10-50),B2B,LinkedIn,,Actif,2026-06-29T00:22:55.290968,haute
BJ-4CCA8BF8,Consulting ISO Bénin,Services aux entreprises,Bétérou,+229 93 20 85 80,consultingiso@gmail.com,consultingisobénin.bj,PME (10-50),B2B,LinkedIn,,Actif,2026-06-29T00:22:55.290993,haute
BJ-471AEC9D,Solutions Conseil,Services aux entreprises,Bétérou,+229 86 63 41 82,s.conseil@solutionsconsei.org.bj,solutionsconseil.bj,PME (10-50),B2B,LinkedIn,,Actif,2026-06-29T00:22:55.291036,haute
BJ-266775CB,Bureau Stratégie,Services aux entreprises,Bétérou,+229 95 47 26 47,bureaustratégie@bureaustratégie.com.bj,,PME (50-200),B2B,LinkedIn,,Actif,2026-06-29T00:22:55.291053,moyenne
BJ-300026C2,Consulting Comptable International,Services aux entreprises,Ouessè,+229 80 11 84 31,c.comptable@gmail.com,consultingcomptableinternational.bj,TPE (<10),B2B,LinkedIn,,Actif,2026-06-29T00:22:55.291076,haute
BJ-353691EE,Cabinet Organisation Cabinet Ouessè,Services aux entreprises,Ouessè,+229 35 66 73 91,,cabinetorganisationcabinetouessè.bj,PME (10-50),B2B,LinkedIn,,Actif,2026-06-29T00:22:55.291090,moyenne
BJ-095F5D06,Solutions Organisation International Ouessè,Services aux entreprises,Ouessè,+229 42 16 74 11,solutionsorganisation@outlook.com,solutionsorganisationinternationalouessè.bj,TPE (<10),B2B,LinkedIn,,Actif,2026-06-29T00:22:55.291115,haute
BJ-249F4423,Cabinet Comptable Bénin Ouessè,Services aux entreprises,Ouessè,+229 38 79 14 23,c.comptable@cabinetcomptabl.bj,cabinetcomptablebéninouessè.bj,PME (10-50),B2B,LinkedIn,,Actif,2026-06-29T00:22:55.291134,haute
BJ-E58E51BE,Agence Freelance Cabinet,Services aux entreprises,Ouessè,+229 21 97 82 17,a.freelance@agencefreelance.com.bj,agencefreelancecabinet.bj,Grande (>200),B2B,LinkedIn,,Actif,2026-06-29T00:22:55.291151,haute
BJ-B6D91130,Réputation,Services aux entreprises,Glazoué,+229 41 27 54 98,réputation@yahoo.com,réputation.bj,TPE (<10),B2B,LinkedIn,,Actif,2026-06-29T00:22:55.291176,haute
BJ-FD5EEF25,Consulting Surveillance Consulting Glazoué,Services aux entreprises,Glazoué,+229 39 51 32 10,consulting.surveillance@consultingsurve.bj,,PME (10-50),B2B,LinkedIn,,Actif,2026-06-29T00:22:55.291207,moyenne
BJ-B265B8A1,Audit Salarial Glazoué,Services aux entreprises,Glazoué,+229 86 56 18 42,a.salarial@outlook.com,auditsalarialglazoué.bj,TPE (<10),B2B,LinkedIn,,Actif,2026-06-29T00:22:55.291235,haute
BJ-A6A9A996,Communication Bureau,Services aux entreprises,Glazoué,+229 37 65 42 45,communicationbureau@communicationbu.com.bj,,TPE (<10),B2B,LinkedIn,,Actif,2026-06-29T00:22:55.291267,moyenne
BJ-968A79E6,Gardiennage,Services aux entreprises,Glazoué,+229 51 30 86 18,,,PME (50-200),B2B,LinkedIn,,Actif,2026-06-29T00:22:55.291302,basse
BJ-22D4695B,Consulting Excellence Partners,Services aux entreprises,Dassa-Zoumè,+229 67 85 28 92,c.excellence@consultingexcel.bj,consultingexcellencepartners.bj,TPE (<10),B2B,LinkedIn,,Actif,2026-06-29T00:22:55.291362,haute
BJ-560B7060,Expert Label Dassa-Zoumè,Services aux entreprises,Dassa-Zoumè,+229 62 59 74 31,expertlabel@expertlabeldass.bj,expertlabeldassazoumè.bj,TPE (<10),B2B,LinkedIn,,Actif,2026-06-29T00:22:55.291386,haute
BJ-97B48F8B,Conseil Image Bureau,Services aux entreprises,Dassa-Zoumè,+229 50 97 24 48,conseil.image@hotmail.com,conseilimagebureau.bj,TPE (<10),B2B,LinkedIn,,Actif,2026-06-29T00:22:55.291404,haute
BJ-3C5CDAF6,Gardiennage Consulting,Services aux entreprises,Dassa-Zoumè,+229 34 51 98 62,g.consulting@yahoo.com,gardiennageconsulting.bj,Grande (>200),B2B,LinkedIn,,Actif,2026-06-29T00:22:55.291420,haute
BJ-A3770DDF,Sécurité Savalou,Services aux entreprises,Savalou,+229 39 86 40 42,sécuritésavalou@sécuritésavalou.org.bj,sécuritésavalou.bj,PME (10-50),B2B,LinkedIn,,Actif,2026-06-29T00:22:55.291446,haute
BJ-B39F191E,Conseil Gardiennage Africa Savalou,Services aux entreprises,Savalou,+229 94 97 60 61,conseil.gardiennage@conseilgardienn.com.bj,conseilgardiennageafricasavalou.bj,PME (50-200),B2B,LinkedIn,,Actif,2026-06-29T00:22:55.291464,haute
BJ-4064BD53,Expert Innovation Cabinet,Services aux entreprises,Savalou,+229 54 55 22 55,expertinnovation@outlook.com,expertinnovationcabinet.bj,PME (10-50),B2B,LinkedIn,,Actif,2026-06-29T00:22:55.291480,haute
BJ-7C973C7E,Transformation Advisory,Services aux entreprises,Savalou,+229 38 33 98 91,,transformationadvisory.bj,TPE (<10),B2B,LinkedIn,,Actif,2026-06-29T00:22:55.291492,moyenne
BJ-09A6CD07,Événementiel Cabinet,Services aux entreprises,Savalou,+229 64 35 76 35,événementielcabinet@gmail.com,événementielcabinet.bj,Grande (>200),B2B,LinkedIn,,Actif,2026-06-29T00:22:55.291509,haute
BJ-38613599,Entretien,Services aux entreprises,Bantè,+229 51 69 79 36,entretien@entretien.bj,entretien.bj,PME (10-50),B2B,LinkedIn,,Actif,2026-06-29T00:22:55.291531,haute
BJ-08965370,Partners Indépendant International,Services aux entreprises,Bantè,+229 20 43 90 81,p.indépendant@partnersindépen.com.bj,partnersindépendantinternational.bj,PME (10-50),B2B,LinkedIn,,Actif,2026-06-29T00:22:55.291553,haute
BJ-AE40BEB8,Solutions Marque Solutions,Services aux entreprises,Bantè,+229 51 29 94 50,solutions.marque@solutionsmarque.org.bj,,TPE (<10),B2B,LinkedIn,,Actif,2026-06-29T00:22:55.291573,moyenne
BJ-EC2622E3,Stratégie Bantè,Services aux entreprises,Bantè,+229 47 82 29 80,stratégie.bantè@stratégiebantè.org.bj,stratégiebantè.bj,TPE (<10),B2B,LinkedIn,,Actif,2026-06-29T00:22:55.291592,haute
BJ-5ACD9FA0,Expert Inspection Partners,Services aux entreprises,Bantè,+229 46 85 32 97,expert.inspection@expertinspectio.com.bj,expertinspectionpartners.bj,PME (50-200),B2B,LinkedIn,,Actif,2026-06-29T00:22:55.291611,haute
BJ-E484AB78,Surveillance Bureau,Services aux entreprises,Djougou,+229 31 12 81 75,surveillancebureau@surveillancebur.org.bj,surveillancebureau.bj,TPE (<10),B2B,LinkedIn,,Actif,2026-06-29T00:22:55.291634,haute
BJ-28483FDD,Performance Djougou,Services aux entreprises,Djougou,+229 31 77 52 62,p.djougou@performancedjou.com.bj,,Grande (>200),B2B,LinkedIn,,Actif,2026-06-29T00:22:55.291654,moyenne
BJ-FD9B781B,Conseil Innovation,Services aux entreprises,Djougou,+229 58 40 26 37,,conseilinnovation.bj,PME (50-200),B2B,LinkedIn,,Actif,2026-06-29T00:22:55.291666,moyenne
BJ-124C3ACE,Cabinet Surveillance Africa,Services aux entreprises,Djougou,+229 77 45 70 48,cabinet.surveillance@yahoo.com,cabinetsurveillanceafrica.bj,PME (10-50),B2B,LinkedIn,,Actif,2026-06-29T00:22:55.291681,haute
BJ-94D49B2D,Qualité,Services aux entreprises,Djougou,+229 96 88 25 56,qualité@outlook.com,qualité.bj,PME (10-50),B2B,LinkedIn,,Actif,2026-06-29T00:22:55.291696,haute
BJ-DF8F6C4F,Performance Partners,Services aux entreprises,Ouèssè,+229 82 41 88 29,p.partners@hotmail.com,performancepartners.bj,TPE (<10),B2B,LinkedIn,,Actif,2026-06-29T00:22:55.291718,haute
BJ-17EB1E3A,Partners Digital Ouèssè,Services aux entreprises,Ouèssè,+229 58 69 44 27,partners_digital@yahoo.com,,PME (10-50),B2B,LinkedIn,,Actif,2026-06-29T00:22:55.291747,moyenne
BJ-F89F8AAC,Qualité,Services aux entreprises,Ouèssè,+229 88 36 44 94,,qualité.bj,PME (10-50),B2B,LinkedIn,,Actif,2026-06-29T00:22:55.291770,moyenne
BJ-4ED0DEAA,Vérification,Services aux entreprises,Ouèssè,+229 81 36 77 46,vérification@vérification.bj,,PME (10-50),B2B,LinkedIn,,Actif,2026-06-29T00:22:55.291798,moyenne
BJ-253FF5B5,Cabinet ISO Consulting,Services aux entreprises,Ouèssè,+229 41 84 98 41,c.iso@yahoo.com,,TPE (<10),B2B,LinkedIn,,Actif,2026-06-29T00:22:55.291823,moyenne
BJ-A9E4E66B,Bureau Performance Bassila,Services aux entreprises,Bassila,+229 46 75 69 72,bureauperformance@bureauperforman.com.bj,bureauperformancebassila.bj,TPE (<10),B2B,LinkedIn,,Actif,2026-06-29T00:22:55.291862,haute
BJ-3983FE75,Accréditation,Services aux entreprises,Bassila,+229 32 73 23 61,accréditation@gmail.com,accréditation.bj,PME (10-50),B2B,LinkedIn,,Actif,2026-06-29T00:22:55.291903,haute
BJ-3A518A52,Contrôle,Services aux entreprises,Bassila,+229 57 68 27 17,contrôle@contrôle.com.bj,contrôle.bj,PME (10-50),B2B,LinkedIn,,Actif,2026-06-29T00:22:55.291932,haute
BJ-6E5AC50B,Relations Services Bassila,Services aux entreprises,Bassila,+229 65 99 64 37,relationsservices@yahoo.com,relationsservicesbassila.bj,PME (10-50),B2B,LinkedIn,,Actif,2026-06-29T00:22:55.291959,haute
BJ-837FB663,ISO,Services aux entreprises,Bassila,+229 70 51 35 82,iso@yahoo.fr,iso.bj,TPE (<10),B2B,LinkedIn,,Actif,2026-06-29T00:22:55.291980,haute
BJ-527AEE7C,Performance Partners,Services aux entreprises,Pehunco,+229 70 58 57 16,performance.partners@outlook.com,,TPE (<10),B2B,LinkedIn,,Actif,2026-06-29T00:22:55.292018,moyenne
BJ-44AE161A,Tête,Services aux entreprises,Pehunco,+229 83 60 16 24,tête@tête.bj,tête.bj,PME (10-50),B2B,LinkedIn,,Actif,2026-06-29T00:22:55.292044,haute
BJ-6E88C8B0,Expert Marque Pehunco,Services aux entreprises,Pehunco,+229 52 53 48 70,e.marque@yahoo.fr,expertmarquepehunco.bj,Grande (>200),B2B,LinkedIn,,Actif,2026-06-29T00:22:55.292097,haute
BJ-C924E992,Organisation,Services aux entreprises,Pehunco,+229 31 48 53 40,organisation@organisation.org.bj,,TPE (<10),B2B,LinkedIn,,Actif,2026-06-29T00:22:55.292124,moyenne
BJ-F6DE9682,Agence Management Solutions,Services aux entreprises,Pehunco,+229 52 10 96 78,agencemanagement@yahoo.fr,agencemanagementsolutions.bj,TPE (<10),B2B,LinkedIn,,Actif,2026-06-29T00:22:55.292154,haute
BJ-7CD53624,Consulting Accréditation Cabinet,Services aux entreprises,Copargo,+229 55 82 91 37,consulting.accréditation@yahoo.fr,consultingaccréditationcabinet.bj,TPE (<10),B2B,LinkedIn,,Actif,2026-06-29T00:22:55.292204,haute
BJ-8D5AA607,Audit Contrôle,Services aux entreprises,Copargo,+229 31 90 96 72,audit_contrôle@yahoo.fr,auditcontrôle.bj,TPE (<10),B2B,LinkedIn,,Actif,2026-06-29T00:22:55.292244,haute
BJ-54CB25C4,Expert Publiques Partners,Services aux entreprises,Copargo,+229 84 18 67 37,e.publiques@expertpubliques.bj,expertpubliquespartners.bj,PME (10-50),B2B,LinkedIn,,Actif,2026-06-29T00:22:55.292277,haute
BJ-21B283B0,Expert Services,Services aux entreprises,Copargo,+229 85 16 54 23,expertservices@yahoo.fr,expertservices.bj,PME (10-50),B2B,LinkedIn,,Actif,2026-06-29T00:22:55.292306,haute
BJ-689BF052,Cabinet Inspection Bénin,Services aux entreprises,Copargo,+229 83 18 25 57,cabinetinspection@hotmail.com,cabinetinspectionbénin.bj,PME (10-50),B2B,LinkedIn,,Actif,2026-06-29T00:22:55.292338,haute
BJ-961A3307,Énergie Clean Clean,Énergie & Environnement,Cotonou,+229 62 20 92 95,énergieclean@outlook.com,énergiecleanclean.bj,TPE (<10),B2C,LinkedIn,,Actif,2026-06-29T00:22:55.292387,haute
BJ-675AC86A,Biomasse Solar,Énergie & Environnement,Cotonou,+229 72 77 10 47,,,PME (10-50),B2B,LinkedIn,,Actif,2026-06-29T00:22:55.292408,basse
BJ-57340338,Éolien Nappe,Énergie & Environnement,Cotonou,+229 42 64 14 96,éoliennappe@éoliennappe.bj,éoliennappe.bj,TPE (<10),B2B,LinkedIn,,Actif,2026-06-29T00:22:55.292466,haute
BJ-D6E111FA,Irrigation,Énergie & Environnement,Cotonou,+229 77 71 41 90,irrigation@hotmail.com,irrigation.bj,PME (50-200),B2B,LinkedIn,,Actif,2026-06-29T00:22:55.292510,haute
BJ-AE539410,Environnement Clean,Énergie & Environnement,Cotonou,+229 34 25 54 71,e.clean@gmail.com,,TPE (<10),B2B,LinkedIn,,Actif,2026-06-29T00:22:55.292558,moyenne
BJ-EEEE889E,Géothermie SARL,Énergie & Environnement,Abomey-Calavi,+229 95 86 86 95,g.sarl@géothermiesarl.bj,géothermiesarl.bj,PME (50-200),B2C,LinkedIn,,Actif,2026-06-29T00:22:55.292628,haute
BJ-2490C779,Solar Incinération Africa,Énergie & Environnement,Abomey-Calavi,+229 28 24 42 42,solar_incinération@yahoo.fr,solarincinérationafrica.bj,TPE (<10),B2B,LinkedIn,,Actif,2026-06-29T00:22:55.292669,haute
BJ-95C9A3FB,Valorisation Green,Énergie & Environnement,Abomey-Calavi,+229 45 73 52 45,,,TPE (<10),B2C,LinkedIn,,Actif,2026-06-29T00:22:55.292712,basse
BJ-C35BC1DF,Compostage Clean Abomey-Calavi,Énergie & Environnement,Abomey-Calavi,+229 82 14 37 32,compostage.clean@hotmail.com,compostagecleanabomeycalavi.bj,PME (10-50),B2B,LinkedIn,,Actif,2026-06-29T00:22:55.292762,haute
BJ-6F0A35F7,Géothermie Solar,Énergie & Environnement,Abomey-Calavi,+229 95 85 48 14,géothermiesolar@géothermiesolar.com.bj,géothermiesolar.bj,TPE (<10),B2C,LinkedIn,,Actif,2026-06-29T00:22:55.292795,haute
BJ-097DDD0A,Eau Porto-Novo,Énergie & Environnement,Porto-Novo,+229 65 11 63 22,eau.porto@yahoo.fr,eauportonovo.bj,PME (10-50),B2B,LinkedIn,,Actif,2026-06-29T00:22:55.292852,haute
BJ-740D6AC3,Nappe,Énergie & Environnement,Porto-Novo,+229 69 14 90 57,,nappe.bj,TPE (<10),B2C,LinkedIn,,Actif,2026-06-29T00:22:55.292874,moyenne
BJ-8F4A5705,Durable Energy,Énergie & Environnement,Porto-Novo,+229 53 50 90 75,durable.energy@durableenergy.com.bj,durableenergy.bj,TPE (<10),B2B,LinkedIn,,Actif,2026-06-29T00:22:55.292923,haute
BJ-D7C57864,Nature Dépollution Environment,Énergie & Environnement,Porto-Novo,+229 56 96 60 41,nature.dépollution@outlook.com,naturedépollutionenvironment.bj,TPE (<10),B2B,LinkedIn,,Actif,2026-06-29T00:22:55.292956,haute
BJ-2BFAD6BB,Environnement Irrigation,Énergie & Environnement,Porto-Novo,+229 69 57 92 15,environnement.irrigation@environnementir.com.bj,environnementirrigation.bj,PME (10-50),B2B,LinkedIn,,Actif,2026-06-29T00:22:55.292984,haute
BJ-DCCCD13A,Déchets,Énergie & Environnement,Parakou,+229 78 80 17 18,déchets@hotmail.com,,PME (10-50),B2B,LinkedIn,,Actif,2026-06-29T00:22:55.293028,moyenne
BJ-7A7205FE,Valorisation Eco Parakou,Énergie & Environnement,Parakou,+229 87 28 85 49,valorisationeco@valorisationeco.org.bj,valorisationecoparakou.bj,TPE (<10),B2B,LinkedIn,,Actif,2026-06-29T00:22:55.293061,haute
BJ-6714A76F,Éolien Durable Africa,Énergie & Environnement,Parakou,+229 81 10 51 69,é.durable@éoliendurableaf.com.bj,éoliendurableafrica.bj,TPE (<10),B2C,LinkedIn,,Actif,2026-06-29T00:22:55.293105,haute
BJ-B5C2D8ED,Eco Forage,Énergie & Environnement,Parakou,+229 76 68 56 79,ecoforage@ecoforage.org.bj,ecoforage.bj,PME (50-200),B2B,LinkedIn,,Actif,2026-06-29T00:22:55.293137,haute
BJ-5C70AA2C,Environnement Stockage,Énergie & Environnement,Parakou,+229 98 36 41 41,environnementstockage@outlook.com,environnementstockage.bj,TPE (<10),B2B,LinkedIn,,Actif,2026-06-29T00:22:55.293166,haute
BJ-B0B4D343,Forage,Énergie & Environnement,Bohicon,+229 30 42 53 44,forage@yahoo.com,,PME (50-200),B2B,LinkedIn,,Actif,2026-06-29T00:22:55.293206,moyenne
BJ-1F5F5E7B,Solar Irrigation SARL,Énergie & Environnement,Bohicon,+229 87 10 79 80,s.irrigation@solarirrigation.bj,solarirrigationsarl.bj,TPE (<10),B2B,LinkedIn,,Actif,2026-06-29T00:22:55.293233,haute
BJ-1A1FCFE6,Environnement Agriculture Clean,Énergie & Environnement,Bohicon,+229 48 92 23 89,environnement.agriculture@environnementag.bj,environnementagricultureclean.bj,PME (50-200),B2C,LinkedIn,,Actif,2026-06-29T00:22:55.293279,haute
BJ-AF1CF37C,Clean Potable Energy,Énergie & Environnement,Bohicon,+229 53 39 21 84,clean.potable@hotmail.com,cleanpotableenergy.bj,TPE (<10),B2B,LinkedIn,,Actif,2026-06-29T00:22:55.293311,haute
BJ-67B1B659,Eau Microgrid,Énergie & Environnement,Bohicon,+229 96 95 92 49,eau.microgrid@eaumicrogrid.com.bj,,PME (10-50),B2B,LinkedIn,,Actif,2026-06-29T00:22:55.293351,moyenne
BJ-C95F5E3E,Dépollution SARL,Énergie & Environnement,Natitingou,+229 73 73 79 80,dépollution.sarl@dépollutionsarl.com.bj,dépollutionsarl.bj,TPE (<10),B2B,LinkedIn,,Actif,2026-06-29T00:22:55.293403,haute
BJ-A0E51F62,Power Puits,Énergie & Environnement,Natitingou,+229 45 85 32 92,powerpuits@powerpuits.com.bj,powerpuits.bj,TPE (<10),B2C,LinkedIn,,Actif,2026-06-29T00:22:55.293441,haute
BJ-45008ADB,Clean Tri,Énergie & Environnement,Natitingou,+229 86 90 77 84,clean_tri@cleantri.com.bj,cleantri.bj,TPE (<10),B2C,LinkedIn,,Actif,2026-06-29T00:22:55.293470,haute
BJ-180BCDE8,Biogaz Solar,Énergie & Environnement,Natitingou,+229 39 98 57 37,,biogazsolar.bj,PME (50-200),B2C,LinkedIn,,Actif,2026-06-29T00:22:55.293493,moyenne
BJ-B63D788A,Durable Environment Natitingou,Énergie & Environnement,Natitingou,+229 42 44 41 11,d.environment@yahoo.fr,durableenvironmentnatitingou.bj,TPE (<10),B2C,LinkedIn,,Actif,2026-06-29T00:22:55.293526,haute
BJ-AABEE692,Eau Onduleur Eco Lokossa,Énergie & Environnement,Lokossa,+229 38 20 56 65,,eauonduleurecolokossa.bj,PME (50-200),B2B,LinkedIn,,Actif,2026-06-29T00:22:55.293569,moyenne
BJ-112C69FB,Power Géothermie Lokossa,Énergie & Environnement,Lokossa,+229 34 13 35 88,power_géothermie@yahoo.com,powergéothermielokossa.bj,PME (50-200),B2C,LinkedIn,,Actif,2026-06-29T00:22:55.293615,haute
BJ-185919D5,Bio Forage Environment,Énergie & Environnement,Lokossa,+229 80 15 42 33,,bioforageenvironment.bj,TPE (<10),B2B,LinkedIn,,Actif,2026-06-29T00:22:55.293657,moyenne
BJ-D0AF62F2,Eau Hydraulique Clean,Énergie & Environnement,Lokossa,+229 88 87 10 64,e.hydraulique@gmail.com,eauhydrauliqueclean.bj,Grande (>200),B2C,LinkedIn,,Actif,2026-06-29T00:22:55.293690,haute
BJ-B9375282,Environnement Désinfection,Énergie & Environnement,Lokossa,+229 90 73 77 23,e.désinfection@outlook.com,,TPE (<10),B2B,LinkedIn,,Actif,2026-06-29T00:22:55.293723,moyenne
BJ-70CF3906,Potable,Énergie & Environnement,Ouidah,+229 81 86 60 99,potable@gmail.com,potable.bj,PME (10-50),B2B,LinkedIn,,Actif,2026-06-29T00:22:55.293767,haute
BJ-4C6A2421,Phréatique Africa,Énergie & Environnement,Ouidah,+229 37 99 45 65,phréatiqueafrica@gmail.com,,TPE (<10),B2B,LinkedIn,,Actif,2026-06-29T00:22:55.293796,moyenne
BJ-722B7BB8,Batterie Green,Énergie & Environnement,Ouidah,+229 22 31 80 54,b.green@gmail.com,batteriegreen.bj,PME (10-50),B2C,LinkedIn,,Actif,2026-06-29T00:22:55.293823,haute
BJ-49E7F9FF,Nature Nappe Bénin,Énergie & Environnement,Ouidah,+229 78 47 88 39,nature.nappe@gmail.com,naturenappebénin.bj,PME (50-200),B2B,LinkedIn,,Actif,2026-06-29T00:22:55.293849,haute
BJ-59A79526,Solar Éolien Power,Énergie & Environnement,Ouidah,+229 52 70 24 39,s.éolien@yahoo.com,solaréolienpower.bj,Grande (>200),B2B,LinkedIn,,Actif,2026-06-29T00:22:55.293876,haute
BJ-4693BD60,Nature Eau Bénin,Énergie & Environnement,Savalou,+229 80 29 18 26,nature.eau@outlook.com,natureeaubénin.bj,PME (50-200),B2C,LinkedIn,,Actif,2026-06-29T00:22:55.293953,haute
BJ-70E592E2,Microgrid Environment,Énergie & Environnement,Savalou,+229 73 20 25 65,microgrid.environment@yahoo.com,microgridenvironment.bj,PME (50-200),B2C,LinkedIn,,Actif,2026-06-29T00:22:55.293986,haute
BJ-FA6A86E3,Power Incinération Savalou,Énergie & Environnement,Savalou,+229 48 58 29 42,powerincinération@yahoo.com,,TPE (<10),B2C,LinkedIn,,Actif,2026-06-29T00:22:55.294030,moyenne
BJ-9CF708BD,Éolien Savalou,Énergie & Environnement,Savalou,+229 57 47 77 90,é.savalou@éoliensavalou.com.bj,éoliensavalou.bj,PME (10-50),B2C,LinkedIn,,Actif,2026-06-29T00:22:55.294067,haute
BJ-3182340D,Purification Solar Savalou,Énergie & Environnement,Savalou,+229 26 51 79 25,purification.solar@hotmail.com,purificationsolarsavalou.bj,PME (10-50),B2C,LinkedIn,,Actif,2026-06-29T00:22:55.294099,haute
BJ-0AF8A992,Hydraulique Bénin,Énergie & Environnement,Dassa-Zoumè,+229 44 18 62 17,hydrauliquebénin@yahoo.fr,hydrauliquebénin.bj,PME (10-50),B2C,LinkedIn,,Actif,2026-06-29T00:22:55.294161,haute
BJ-C33F2F38,Vert Hydraulique Power,Énergie & Environnement,Dassa-Zoumè,+229 95 35 81 31,vert.hydraulique@verthydraulique.com.bj,verthydrauliquepower.bj,TPE (<10),B2C,LinkedIn,,Actif,2026-06-29T00:22:55.294193,haute
BJ-C6952857,Eau Smart Eco,Énergie & Environnement,Dassa-Zoumè,+229 76 58 97 72,eau_smart@eausmarteco.org.bj,eausmarteco.bj,Grande (>200),B2C,LinkedIn,,Actif,2026-06-29T00:22:55.294222,haute
BJ-1D92AB6E,Bio Puits,Énergie & Environnement,Dassa-Zoumè,+229 89 50 88 15,bio.puits@yahoo.fr,biopuits.bj,TPE (<10),B2B,LinkedIn,,Actif,2026-06-29T00:22:55.294313,haute
BJ-647D19DC,Biomasse Water Kétou,Énergie & Environnement,Kétou,+229 30 54 26 89,b.water@hotmail.com,biomassewaterkétou.bj,PME (10-50),B2B,LinkedIn,,Actif,2026-06-29T00:22:55.294372,haute
BJ-4D6FF8D4,Déchets Water,Énergie & Environnement,Kétou,+229 87 92 20 63,déchets.water@outlook.com,,TPE (<10),B2B,LinkedIn,,Actif,2026-06-29T00:22:55.294404,moyenne
BJ-A3AFC261,Forage Solar,Énergie & Environnement,Kétou,+229 72 66 92 22,f.solar@outlook.com,foragesolar.bj,PME (10-50),B2B,LinkedIn,,Actif,2026-06-29T00:22:55.294443,haute
BJ-CD89DD6B,Recyclage Power,Énergie & Environnement,Kétou,+229 47 35 60 67,,recyclagepower.bj,PME (50-200),B2B,LinkedIn,,Actif,2026-06-29T00:22:55.294466,moyenne
BJ-C3F6C6CB,Irrigation,Énergie & Environnement,Kétou,+229 94 73 13 17,irrigation@outlook.com,,TPE (<10),B2C,LinkedIn,,Actif,2026-06-29T00:22:55.294497,moyenne
BJ-42F82CC0,Potable Africa,Énergie & Environnement,Covè,+229 92 90 39 75,potableafrica@yahoo.fr,potableafrica.bj,TPE (<10),B2C,LinkedIn,,Actif,2026-06-29T00:22:55.294547,haute
BJ-8B56EDE6,Biomasse,Énergie & Environnement,Covè,+229 73 25 87 33,biomasse@yahoo.fr,biomasse.bj,PME (10-50),B2B,LinkedIn,,Actif,2026-06-29T00:22:55.294575,haute
BJ-443F5D47,Biomasse Solar Covè,Énergie & Environnement,Covè,+229 32 40 82 51,biomasse.solar@biomassesolarco.com.bj,,PME (10-50),B2C,LinkedIn,,Actif,2026-06-29T00:22:55.294607,moyenne
BJ-E124E717,Purification Covè,Énergie & Environnement,Covè,+229 30 43 46 17,purificationcovè@yahoo.com,purificationcovè.bj,TPE (<10),B2C,LinkedIn,,Actif,2026-06-29T00:22:55.294661,haute
BJ-1635F31A,Vert Réseau Eco,Énergie & Environnement,Pobè,+229 22 76 43 72,vert.réseau@vertréseaueco.com.bj,vertréseaueco.bj,TPE (<10),B2B,LinkedIn,,Actif,2026-06-29T00:22:55.294714,haute
BJ-E1CBDED8,Solar Puits,Énergie & Environnement,Pobè,+229 45 41 43 82,solarpuits@solarpuits.org.bj,solarpuits.bj,TPE (<10),B2B,LinkedIn,,Actif,2026-06-29T00:22:55.294805,haute
BJ-24B1C957,Nature Assainissement Energy,Énergie & Environnement,Pobè,+229 54 77 67 68,natureassainissement@natureassainiss.bj,natureassainissementenergy.bj,TPE (<10),B2B,LinkedIn,,Actif,2026-06-29T00:22:55.294853,haute
BJ-CA356A5E,Déchets,Énergie & Environnement,Pobè,+229 55 73 41 60,,déchets.bj,PME (10-50),B2C,LinkedIn,,Actif,2026-06-29T00:22:55.294883,moyenne
BJ-34E021B7,Eco Solaire Sakété,Énergie & Environnement,Sakété,+229 28 53 64 43,e.solaire@hotmail.com,ecosolairesakété.bj,PME (10-50),B2C,LinkedIn,,Actif,2026-06-29T00:22:55.294935,haute
BJ-341B5AE7,Eco Énergie Solar,Énergie & Environnement,Sakété,+229 38 23 25 77,,,PME (10-50),B2B,LinkedIn,,Actif,2026-06-29T00:22:55.294948,basse
BJ-1F0AE9AB,Vert Bénin,Énergie & Environnement,Sakété,+229 53 80 14 94,vert.bénin@outlook.com,vertbénin.bj,TPE (<10),B2C,LinkedIn,,Actif,2026-06-29T00:22:55.294967,haute
BJ-6ACB752F,Vert Water Sakété,Énergie & Environnement,Sakété,+229 24 30 53 37,vertwater@vertwatersakété.com.bj,vertwatersakété.bj,TPE (<10),B2B,LinkedIn,,Actif,2026-06-29T00:22:55.294992,haute
BJ-7B75A5D6,Nature Eau Africa,Énergie & Environnement,Sakété,+229 89 94 43 62,n.eau@yahoo.com,,PME (10-50),B2B,LinkedIn,,Actif,2026-06-29T00:22:55.295029,moyenne
BJ-222B6C6C,Éolien Solar,Énergie & Environnement,Adjara,+229 76 63 66 84,éolien.solar@gmail.com,éoliensolar.bj,TPE (<10),B2B,LinkedIn,,Actif,2026-06-29T00:22:55.295074,haute
BJ-88B5BFB0,Nature Pompage Eco,Énergie & Environnement,Adjara,+229 26 43 22 59,n.pompage@hotmail.com,naturepompageeco.bj,PME (10-50),B2B,LinkedIn,,Actif,2026-06-29T00:22:55.295101,haute
BJ-DA528D74,Distribution Power,Énergie & Environnement,Adjara,+229 41 93 87 56,distribution.power@yahoo.fr,distributionpower.bj,PME (50-200),B2B,LinkedIn,,Actif,2026-06-29T00:22:55.295148,haute
BJ-A22146DB,Environnement Biomasse,Énergie & Environnement,Adjara,+229 85 74 96 26,environnement.biomasse@environnementbi.org.bj,environnementbiomasse.bj,Grande (>200),B2C,LinkedIn,,Actif,2026-06-29T00:22:55.295180,haute
BJ-6A8DC4C8,Déchets,Énergie & Environnement,Adjara,+229 99 94 21 38,déchets@déchets.org.bj,déchets.bj,TPE (<10),B2C,LinkedIn,,Actif,2026-06-29T00:22:55.295203,haute
BJ-2FA6A66B,Biogaz,Énergie & Environnement,Allada,+229 55 97 31 20,biogaz@gmail.com,,PME (10-50),B2C,LinkedIn,,Actif,2026-06-29T00:22:55.295229,moyenne
BJ-DABC404B,Power Allada,Énergie & Environnement,Allada,+229 35 53 89 33,,,TPE (<10),B2C,LinkedIn,,Actif,2026-06-29T00:22:55.295255,basse
BJ-3AEF2BB8,Environnement Smart Africa,Énergie & Environnement,Allada,+229 67 16 31 93,environnementsmart@environnementsm.org.bj,environnementsmartafrica.bj,TPE (<10),B2B,LinkedIn,,Actif,2026-06-29T00:22:55.295273,haute
BJ-A2298A48,Bio Solaire,Énergie & Environnement,Allada,+229 98 48 40 57,biosolaire@biosolaire.com.bj,biosolaire.bj,Grande (>200),B2B,LinkedIn,,Actif,2026-06-29T00:22:55.295290,haute
BJ-E5A4646B,Filtration Power,Énergie & Environnement,Aplahoué,+229 81 38 92 78,filtration.power@filtrationpower.bj,filtrationpower.bj,TPE (<10),B2C,LinkedIn,,Actif,2026-06-29T00:22:55.295315,haute
BJ-70AE6780,Biomasse,Énergie & Environnement,Aplahoué,+229 90 32 41 20,biomasse@biomasse.com.bj,biomasse.bj,TPE (<10),B2C,LinkedIn,,Actif,2026-06-29T00:22:55.295350,haute
BJ-6CD21DB8,Clean Onduleur Energy,Énergie & Environnement,Aplahoué,+229 23 76 35 14,clean_onduleur@cleanonduleuren.org.bj,,TPE (<10),B2B,LinkedIn,,Actif,2026-06-29T00:22:55.295368,moyenne
BJ-5863CBF1,Solar Potable Environment,Énergie & Environnement,Aplahoué,+229 39 47 65 25,,solarpotableenvironment.bj,TPE (<10),B2C,LinkedIn,,Actif,2026-06-29T00:22:55.295386,moyenne
BJ-C60A9E60,Power Géothermie Bénin,Énergie & Environnement,Dogbo-Tota,+229 84 47 38 63,power.géothermie@powergéothermie.org.bj,,PME (10-50),B2C,LinkedIn,,Actif,2026-06-29T00:22:55.295424,moyenne
BJ-F1E9999C,Power Offgrid,Énergie & Environnement,Dogbo-Tota,+229 67 74 30 67,poweroffgrid@outlook.com,,PME (10-50),B2C,LinkedIn,,Actif,2026-06-29T00:22:55.295442,moyenne
BJ-C28F9E48,Eco Hydraulique,Énergie & Environnement,Dogbo-Tota,+229 34 18 43 45,ecohydraulique@yahoo.com,ecohydraulique.bj,TPE (<10),B2C,LinkedIn,,Actif,2026-06-29T00:22:55.295460,haute
BJ-E1F4E000,Eco Renouvelable,Énergie & Environnement,Dogbo-Tota,+229 77 52 14 22,eco_renouvelable@ecorenouvelable.com.bj,,Grande (>200),B2C,LinkedIn,,Actif,2026-06-29T00:22:55.295476,moyenne
BJ-034B81B3,Environnement Assainissement,Énergie & Environnement,Dogbo-Tota,+229 27 68 98 89,environnement.assainissement@hotmail.com,environnementassainissement.bj,PME (50-200),B2B,LinkedIn,,Actif,2026-06-29T00:22:55.295494,haute
BJ-C84AE33A,Hydraulique Kpomassè,Énergie & Environnement,Kpomassè,+229 91 13 23 28,hydrauliquekpomassè@hotmail.com,hydrauliquekpomassè.bj,PME (50-200),B2C,LinkedIn,,Actif,2026-06-29T00:22:55.295521,haute
BJ-F30376C6,Grid Power,Énergie & Environnement,Kpomassè,+229 73 91 94 14,gridpower@gridpower.com.bj,gridpower.bj,Grande (>200),B2B,LinkedIn,,Actif,2026-06-29T00:22:55.295539,haute
BJ-A5BB9FF7,Éolien Grid Kpomassè,Énergie & Environnement,Kpomassè,+229 47 93 34 90,éoliengrid@gmail.com,,Grande (>200),B2C,LinkedIn,,Actif,2026-06-29T00:22:55.295560,moyenne
BJ-993EFD08,Nature Hydraulique Green,Énergie & Environnement,Kpomassè,+229 61 88 36 43,n.hydraulique@gmail.com,,TPE (<10),B2C,LinkedIn,,Actif,2026-06-29T00:22:55.295578,moyenne
BJ-74E42405,Smart Africa Kpomassè,Énergie & Environnement,Kpomassè,+229 39 88 24 98,smart.africa@smartafricakpom.bj,,PME (50-200),B2B,LinkedIn,,Actif,2026-06-29T00:22:55.295596,moyenne
BJ-37CA0FA3,Bio Renouvelable,Énergie & Environnement,Tori-Bossito,+229 61 72 71 93,b.renouvelable@biorenouvelable.com.bj,biorenouvelable.bj,TPE (<10),B2B,LinkedIn,,Actif,2026-06-29T00:22:55.295638,haute
BJ-5F1AA7F1,Bio Tri,Énergie & Environnement,Tori-Bossito,+229 48 64 17 88,bio.tri@biotri.bj,biotri.bj,PME (10-50),B2B,LinkedIn,,Actif,2026-06-29T00:22:55.295656,haute
BJ-E0680DA0,Eau Eau,Énergie & Environnement,Tori-Bossito,+229 27 79 93 43,eau.eau@yahoo.com,,TPE (<10),B2B,LinkedIn,,Actif,2026-06-29T00:22:55.295671,moyenne
BJ-54F6806E,Éolien Power,Énergie & Environnement,Tori-Bossito,+229 62 40 32 40,,éolienpower.bj,PME (10-50),B2C,LinkedIn,,Actif,2026-06-29T00:22:55.295686,moyenne
BJ-54F4C160,Smart Clean,Énergie & Environnement,Grand-Popo,+229 63 91 28 23,smart.clean@yahoo.com,smartclean.bj,PME (10-50),B2C,LinkedIn,,Actif,2026-06-29T00:22:55.295715,haute
BJ-8C8997C9,Durable Africa,Énergie & Environnement,Grand-Popo,+229 69 11 60 92,d.africa@gmail.com,,TPE (<10),B2C,LinkedIn,,Actif,2026-06-29T00:22:55.295732,moyenne
BJ-4398F83F,Bio Onduleur,Énergie & Environnement,Grand-Popo,+229 35 61 67 80,bioonduleur@bioonduleur.com.bj,bioonduleur.bj,Grande (>200),B2B,LinkedIn,,Actif,2026-06-29T00:22:55.295752,haute
BJ-58ABF4B1,Eau Biomasse,Énergie & Environnement,Grand-Popo,+229 93 96 77 35,,,TPE (<10),B2B,LinkedIn,,Actif,2026-06-29T00:22:55.295765,basse
BJ-4BF6E44A,Bio Écologie,Énergie & Environnement,Grand-Popo,+229 43 21 42 14,bio.écologie@bioécologie.bj,,TPE (<10),B2C,LinkedIn,,Actif,2026-06-29T00:22:55.295783,moyenne
BJ-B0205C83,Hydroélectricité Power,Énergie & Environnement,Athiémé,+229 57 13 68 27,hydroélectricité.power@hydroélectricit.org.bj,,TPE (<10),B2C,LinkedIn,,Actif,2026-06-29T00:22:55.295814,moyenne
BJ-BCEAEB74,Clean Solaire Eco,Énergie & Environnement,Athiémé,+229 96 14 66 41,,,TPE (<10),B2C,LinkedIn,,Actif,2026-06-29T00:22:55.295841,basse
BJ-D38838AB,Durable Bénin,Énergie & Environnement,Athiémé,+229 68 84 63 88,durable_bénin@hotmail.com,,PME (50-200),B2B,LinkedIn,,Actif,2026-06-29T00:22:55.295879,moyenne
BJ-D2725CD2,Éolien Clean,Énergie & Environnement,Athiémé,+229 98 48 56 28,éolienclean@éolienclean.bj,éolienclean.bj,PME (50-200),B2C,LinkedIn,,Actif,2026-06-29T00:22:55.295933,haute
BJ-10E9F25B,Éolien Stockage Energy,Énergie & Environnement,Athiémé,+229 26 99 33 73,é.stockage@gmail.com,,PME (10-50),B2C,LinkedIn,,Actif,2026-06-29T00:22:55.295955,moyenne
BJ-29A5245A,Environnement Vert,Énergie & Environnement,Bopa,+229 88 45 71 77,environnementvert@environnementve.bj,environnementvert.bj,TPE (<10),B2B,LinkedIn,,Actif,2026-06-29T00:22:55.295985,haute
BJ-C4033D73,Photovoltaïque Clean,Énergie & Environnement,Bopa,+229 91 56 67 99,photovoltaïqueclean@photovoltaïquec.bj,photovoltaïqueclean.bj,PME (50-200),B2B,LinkedIn,,Actif,2026-06-29T00:22:55.296005,haute
BJ-44A5CFD2,Énergie Nappe Bopa,Énergie & Environnement,Bopa,+229 87 30 60 90,é.nappe@énergienappebop.com.bj,énergienappebopa.bj,PME (50-200),B2C,LinkedIn,,Actif,2026-06-29T00:22:55.296028,haute
BJ-34D4CDC1,Énergie Traitement Africa,Énergie & Environnement,Bopa,+229 51 88 25 21,énergie.traitement@énergietraiteme.org.bj,énergietraitementafrica.bj,TPE (<10),B2B,LinkedIn,,Actif,2026-06-29T00:22:55.296049,haute
BJ-D7842F60,Puits Energy,Énergie & Environnement,Bopa,+229 24 76 92 77,puitsenergy@puitsenergy.org.bj,puitsenergy.bj,PME (50-200),B2C,LinkedIn,,Actif,2026-06-29T00:22:55.296067,haute
BJ-E164D663,Solar Power SARL,Énergie & Environnement,Houéyogbé,+229 26 31 38 18,solar.power@gmail.com,solarpowersarl.bj,PME (10-50),B2B,LinkedIn,,Actif,2026-06-29T00:22:55.296092,haute
BJ-849FE489,Éolien Solaire Bénin,Énergie & Environnement,Houéyogbé,+229 67 41 59 63,,éoliensolairebénin.bj,PME (50-200),B2C,LinkedIn,,Actif,2026-06-29T00:22:55.296110,moyenne
BJ-E4D3BBC8,Solar Grid Green,Énergie & Environnement,Houéyogbé,+229 21 50 91 11,,,PME (50-200),B2B,LinkedIn,,Actif,2026-06-29T00:22:55.296124,basse
BJ-C072E6E8,Vert Durable Africa,Énergie & Environnement,Houéyogbé,+229 61 93 68 24,vert.durable@vertdurableafri.bj,vertdurableafrica.bj,TPE (<10),B2C,LinkedIn,,Actif,2026-06-29T00:22:55.296142,haute
BJ-E417E7D9,Solar Forage Energy,Énergie & Environnement,Houéyogbé,+229 65 17 99 60,solarforage@solarforageener.bj,,PME (50-200),B2C,LinkedIn,,Actif,2026-06-29T00:22:55.296159,moyenne
BJ-0F61D9A4,Filtration Environment,Énergie & Environnement,Malanville,+229 82 28 14 80,filtration.environment@filtrationenvir.bj,,TPE (<10),B2C,LinkedIn,,Actif,2026-06-29T00:22:55.296184,moyenne
BJ-575F9E0C,Vert,Énergie & Environnement,Malanville,+229 69 22 41 73,,vert.bj,TPE (<10),B2B,LinkedIn,,Actif,2026-06-29T00:22:55.296198,moyenne
BJ-7784508B,Power Offgrid Environment,Énergie & Environnement,Malanville,+229 34 37 41 53,,,TPE (<10),B2B,LinkedIn,,Actif,2026-06-29T00:22:55.296225,basse
BJ-3C01D56D,Environnement Purification Bénin,Énergie & Environnement,Malanville,+229 36 73 28 83,environnement.purification@environnementpu.org.bj,environnementpurificationbénin.bj,TPE (<10),B2B,LinkedIn,,Actif,2026-06-29T00:22:55.296248,haute
BJ-6A28D1CA,Écologie Energy,Énergie & Environnement,Malanville,+229 81 43 74 24,écologieenergy@outlook.com,,Grande (>200),B2B,LinkedIn,,Actif,2026-06-29T00:22:55.296266,moyenne
BJ-16090C03,Solar Adduction Water Kandi,Énergie & Environnement,Kandi,+229 34 99 76 62,s.adduction@yahoo.com,,TPE (<10),B2C,LinkedIn,,Actif,2026-06-29T00:22:55.296291,moyenne
BJ-D8FC5B9B,Écologie Clean,Énergie & Environnement,Kandi,+229 58 84 38 78,écologieclean@écologieclean.bj,écologieclean.bj,TPE (<10),B2C,LinkedIn,,Actif,2026-06-29T00:22:55.296310,haute
BJ-B7EFD997,Grid Solar,Énergie & Environnement,Kandi,+229 99 63 52 10,grid.solar@outlook.com,,TPE (<10),B2B,LinkedIn,,Actif,2026-06-29T00:22:55.296326,moyenne
BJ-DA9566EE,Irrigation Kandi,Énergie & Environnement,Kandi,+229 93 69 17 69,irrigation_kandi@yahoo.fr,irrigationkandi.bj,TPE (<10),B2B,LinkedIn,,Actif,2026-06-29T00:22:55.296343,haute
BJ-A7849BD5,Potable Water,Énergie & Environnement,Kandi,+229 27 85 46 82,potablewater@outlook.com,potablewater.bj,PME (10-50),B2B,LinkedIn,,Actif,2026-06-29T00:22:55.296361,haute
BJ-54FF8EA6,Eau Onduleur Eco Banikoara,Énergie & Environnement,Banikoara,+229 58 60 41 84,,eauonduleurecobanikoara.bj,TPE (<10),B2C,LinkedIn,,Actif,2026-06-29T00:22:55.296383,moyenne
BJ-5812F34D,Éolien Photovoltaïque,Énergie & Environnement,Banikoara,+229 40 74 95 55,éolien.photovoltaïque@outlook.com,éolienphotovoltaïque.bj,PME (50-200),B2C,LinkedIn,,Actif,2026-06-29T00:22:55.296408,haute
BJ-13002178,Nature Grid Solar Banikoara,Énergie & Environnement,Banikoara,+229 29 52 75 18,n.grid@naturegridsolar.com.bj,,PME (10-50),B2B,LinkedIn,,Actif,2026-06-29T00:22:55.296432,moyenne
BJ-3232108F,Solaire Bénin,Énergie & Environnement,Banikoara,+229 54 44 79 83,solairebénin@hotmail.com,,TPE (<10),B2C,LinkedIn,,Actif,2026-06-29T00:22:55.296450,moyenne
BJ-BC5A44CC,Bio Purification,Énergie & Environnement,Banikoara,+229 49 84 18 44,bio.purification@hotmail.com,biopurification.bj,PME (10-50),B2B,LinkedIn,,Actif,2026-06-29T00:22:55.296468,haute
BJ-6D6ED73D,Vert Éolien Bénin,Énergie & Environnement,Ségbana,+229 85 81 56 20,v.éolien@gmail.com,vertéolienbénin.bj,PME (50-200),B2C,LinkedIn,,Actif,2026-06-29T00:22:55.296501,haute
BJ-5B7EEA83,Éolien Désinfection Water,Énergie & Environnement,Ségbana,+229 78 53 14 54,é.désinfection@éoliendésinfect.bj,éoliendésinfectionwater.bj,PME (10-50),B2C,LinkedIn,,Actif,2026-06-29T00:22:55.296521,haute
BJ-CF97F1EC,Assainissement Water,Énergie & Environnement,Ségbana,+229 77 18 48 21,a.water@yahoo.com,assainissementwater.bj,PME (10-50),B2C,LinkedIn,,Actif,2026-06-29T00:22:55.296538,haute
BJ-26CF6914,Pompage Africa Ségbana,Énergie & Environnement,Ségbana,+229 85 74 40 28,pompageafrica@outlook.com,,PME (10-50),B2C,LinkedIn,,Actif,2026-06-29T00:22:55.296556,moyenne
BJ-718103C6,Eco Durable Africa Karimama,Énergie & Environnement,Karimama,+229 60 36 85 13,eco.durable@ecodurableafric.bj,ecodurableafricakarimama.bj,TPE (<10),B2C,LinkedIn,,Actif,2026-06-29T00:22:55.296600,haute
BJ-EFD6F7AC,Vert Africa,Énergie & Environnement,Karimama,+229 97 21 30 32,vertafrica@yahoo.fr,vertafrica.bj,TPE (<10),B2C,LinkedIn,,Actif,2026-06-29T00:22:55.296618,haute
BJ-993AFF89,Énergie Valorisation Solar,Énergie & Environnement,Karimama,+229 31 12 52 96,énergievalorisation@yahoo.fr,,Grande (>200),B2C,LinkedIn,,Actif,2026-06-29T00:22:55.296640,moyenne
BJ-DA2D59DB,Nature Tri,Énergie & Environnement,Karimama,+229 56 58 64 36,naturetri@naturetri.com.bj,naturetri.bj,PME (50-200),B2C,LinkedIn,,Actif,2026-06-29T00:22:55.296660,haute
BJ-A87919ED,Biogaz,Énergie & Environnement,Karimama,+229 98 26 91 55,,biogaz.bj,PME (10-50),B2C,LinkedIn,,Actif,2026-06-29T00:22:55.296673,moyenne
BJ-37A27D06,Onduleur Eco,Énergie & Environnement,Gogounou,+229 27 13 74 72,o.eco@outlook.com,onduleureco.bj,TPE (<10),B2B,LinkedIn,,Actif,2026-06-29T00:22:55.296696,haute
BJ-CB58F6E4,Power Power Environment,Énergie & Environnement,Gogounou,+229 97 35 16 28,power_power@outlook.com,powerpowerenvironment.bj,PME (50-200),B2B,LinkedIn,,Actif,2026-06-29T00:22:55.296718,haute
BJ-3A20E249,Solaire Africa,Énergie & Environnement,Gogounou,+229 59 74 82 67,solaire.africa@hotmail.com,solaireafrica.bj,PME (10-50),B2B,LinkedIn,,Actif,2026-06-29T00:22:55.296734,haute
BJ-3466B6CB,Écologie Green,Énergie & Environnement,Gogounou,+229 76 42 42 74,écologie.green@écologiegreen.com.bj,écologiegreen.bj,Grande (>200),B2B,LinkedIn,,Actif,2026-06-29T00:22:55.296753,haute
BJ-17586155,Clean Solar,Énergie & Environnement,Gogounou,+229 30 50 95 43,clean.solar@cleansolar.bj,cleansolar.bj,Grande (>200),B2B,LinkedIn,,Actif,2026-06-29T00:22:55.296769,haute
BJ-FA2F470F,Clean Agriculture,Énergie & Environnement,Cobly,+229 95 64 75 49,,cleanagriculture.bj,PME (10-50),B2B,LinkedIn,,Actif,2026-06-29T00:22:55.296789,moyenne
BJ-4484496B,Solaire Green,Énergie & Environnement,Cobly,+229 22 57 63 97,,solairegreen.bj,PME (50-200),B2C,LinkedIn,,Actif,2026-06-29T00:22:55.296817,moyenne
BJ-F8E9DF92,Assainissement Power Cobly,Énergie & Environnement,Cobly,+229 91 14 18 52,a.power@hotmail.com,assainissementpowercobly.bj,PME (10-50),B2B,LinkedIn,,Actif,2026-06-29T00:22:55.296836,haute
BJ-A1B64D6A,Eau Offgrid Eco,Énergie & Environnement,Cobly,+229 63 99 57 34,eau.offgrid@outlook.com,eauoffgrideco.bj,TPE (<10),B2B,LinkedIn,,Actif,2026-06-29T00:22:55.296856,haute
BJ-AB9C98B4,Réseau Clean,Énergie & Environnement,Tanguiéta,+229 93 61 87 79,réseau.clean@réseauclean.com.bj,réseauclean.bj,TPE (<10),B2B,LinkedIn,,Actif,2026-06-29T00:22:55.296886,haute
BJ-1010F444,Clean Nappe Clean,Énergie & Environnement,Tanguiéta,+229 64 56 32 97,c.nappe@yahoo.com,cleannappeclean.bj,PME (50-200),B2B,LinkedIn,,Actif,2026-06-29T00:22:55.296925,haute
BJ-67E00CA9,Bio Adduction Clean,Énergie & Environnement,Tanguiéta,+229 32 63 71 34,,,TPE (<10),B2B,LinkedIn,,Actif,2026-06-29T00:22:55.296938,basse
BJ-C14397C4,Assainissement Water,Énergie & Environnement,Tanguiéta,+229 41 45 12 69,assainissement.water@hotmail.com,assainissementwater.bj,TPE (<10),B2B,LinkedIn,,Actif,2026-06-29T00:22:55.296955,haute
BJ-DC77397B,Panneau,Énergie & Environnement,Tanguiéta,+229 89 17 76 98,panneau@hotmail.com,,PME (10-50),B2C,LinkedIn,,Actif,2026-06-29T00:22:55.296972,moyenne
BJ-86161D53,Clean Offgrid Water,Énergie & Environnement,Matéri,+229 96 42 97 29,,,PME (50-200),B2C,LinkedIn,,Actif,2026-06-29T00:22:55.296993,basse
BJ-6903E42C,Vert Stockage Matéri,Énergie & Environnement,Matéri,+229 35 53 31 27,v.stockage@vertstockagemat.com.bj,vertstockagematéri.bj,PME (50-200),B2C,LinkedIn,,Actif,2026-06-29T00:22:55.297011,haute
BJ-752B641F,Clean Incinération Power Matéri,Énergie & Environnement,Matéri,+229 59 75 95 76,cleanincinération@cleanincinérati.bj,cleanincinérationpowermatéri.bj,TPE (<10),B2B,LinkedIn,,Actif,2026-06-29T00:22:55.297034,haute
BJ-2791B1F4,Énergie Valorisation Clean,Énergie & Environnement,Matéri,+229 30 52 83 40,,énergievalorisationclean.bj,TPE (<10),B2C,LinkedIn,,Actif,2026-06-29T00:22:55.297048,moyenne
BJ-786B2D66,Pompage,Énergie & Environnement,Matéri,+229 38 97 77 85,pompage@pompage.com.bj,pompage.bj,PME (50-200),B2C,LinkedIn,,Actif,2026-06-29T00:22:55.297062,haute
BJ-45CC3529,Bio Panneau Solar,Énergie & Environnement,Natitingou,+229 89 90 43 88,bio.panneau@hotmail.com,,Grande (>200),B2B,LinkedIn,,Actif,2026-06-29T00:22:55.297084,moyenne
BJ-95F5F5FA,Potable Natitingou,Énergie & Environnement,Natitingou,+229 70 47 86 46,potable.natitingou@outlook.com,,PME (10-50),B2B,LinkedIn,,Actif,2026-06-29T00:22:55.297100,moyenne
BJ-88605A52,Environnement Désinfection Natitingou,Énergie & Environnement,Natitingou,+229 50 34 43 22,,,PME (10-50),B2C,LinkedIn,,Actif,2026-06-29T00:22:55.297113,basse
BJ-F6EAB0E7,Microgrid SARL,Énergie & Environnement,Natitingou,+229 77 21 20 22,microgridsarl@gmail.com,microgridsarl.bj,TPE (<10),B2B,LinkedIn,,Actif,2026-06-29T00:22:55.297129,haute
BJ-B89E2C09,Eco Stockage Environment,Énergie & Environnement,Natitingou,+229 38 88 94 15,eco.stockage@ecostockageenvi.com.bj,,PME (50-200),B2B,LinkedIn,,Actif,2026-06-29T00:22:55.297145,moyenne
BJ-80E32DF2,Géothermie Energy,Énergie & Environnement,Toucountouna,+229 61 46 21 66,géothermie.energy@géothermieenerg.bj,géothermieenergy.bj,TPE (<10),B2C,LinkedIn,,Actif,2026-06-29T00:22:55.297169,haute
BJ-BFC10AA9,Traitement Environment Toucountouna,Énergie & Environnement,Toucountouna,+229 30 41 79 25,,traitementenvironmenttoucountouna.bj,TPE (<10),B2C,LinkedIn,,Actif,2026-06-29T00:22:55.297182,moyenne
BJ-14E045DF,Énergie Nappe,Énergie & Environnement,Toucountouna,+229 35 65 91 39,é.nappe@outlook.com,énergienappe.bj,TPE (<10),B2C,LinkedIn,,Actif,2026-06-29T00:22:55.297203,haute
BJ-B941FBC7,Énergie Stockage Power,Énergie & Environnement,Toucountouna,+229 68 82 56 83,,,TPE (<10),B2C,LinkedIn,,Actif,2026-06-29T00:22:55.297215,basse
BJ-DA222F5D,Eau Potable Environment,Énergie & Environnement,Toucountouna,+229 58 40 14 60,e.potable@eaupotableenvir.com.bj,eaupotableenvironment.bj,Grande (>200),B2B,LinkedIn,,Actif,2026-06-29T00:22:55.297231,haute
BJ-DCC4088E,Irrigation,Énergie & Environnement,Boukoumbé,+229 80 42 30 63,irrigation@yahoo.com,,TPE (<10),B2C,LinkedIn,,Actif,2026-06-29T00:22:55.297251,moyenne
BJ-E410BA13,Clean Eau,Énergie & Environnement,Boukoumbé,+229 99 84 32 42,clean_eau@cleaneau.org.bj,cleaneau.bj,TPE (<10),B2C,LinkedIn,,Actif,2026-06-29T00:22:55.297272,haute
BJ-7810B863,Solar Potable Africa,Énergie & Environnement,Boukoumbé,+229 80 32 92 67,solarpotable@hotmail.com,solarpotableafrica.bj,Grande (>200),B2C,LinkedIn,,Actif,2026-06-29T00:22:55.297287,haute
BJ-670A1001,Recyclage,Énergie & Environnement,Boukoumbé,+229 29 49 81 46,recyclage@recyclage.org.bj,,TPE (<10),B2B,LinkedIn,,Actif,2026-06-29T00:22:55.297310,moyenne
BJ-8652C106,Éolien Irrigation,Énergie & Environnement,Boukoumbé,+229 57 26 41 59,é.irrigation@éolienirrigatio.bj,éolienirrigation.bj,PME (10-50),B2C,LinkedIn,,Actif,2026-06-29T00:22:55.297343,haute
BJ-C7811A8C,Vert Panneau,Énergie & Environnement,Kouandé,+229 27 78 87 13,vertpanneau@vertpanneau.org.bj,vertpanneau.bj,TPE (<10),B2C,LinkedIn,,Actif,2026-06-29T00:22:55.297369,haute
BJ-22A0C7C9,Puits,Énergie & Environnement,Kouandé,+229 36 52 36 29,puits@gmail.com,puits.bj,TPE (<10),B2B,LinkedIn,,Actif,2026-06-29T00:22:55.297400,haute
BJ-0F48DA76,Éolien Water,Énergie & Environnement,Kouandé,+229 96 89 41 95,éolien.water@gmail.com,,PME (10-50),B2C,LinkedIn,,Actif,2026-06-29T00:22:55.297418,moyenne
BJ-D3EDFC74,Énergie Phréatique Africa,Énergie & Environnement,Kouandé,+229 75 80 73 57,é.phréatique@gmail.com,énergiephréatiqueafrica.bj,Grande (>200),B2B,LinkedIn,,Actif,2026-06-29T00:22:55.297436,haute
BJ-C264E654,Power Agriculture,Énergie & Environnement,Péhunco,+229 89 59 31 97,power.agriculture@poweragricultur.bj,poweragriculture.bj,TPE (<10),B2C,LinkedIn,,Actif,2026-06-29T00:22:55.297459,haute
BJ-1D787E4A,Clean Grid Environment,Énergie & Environnement,Péhunco,+229 72 70 99 48,cleangrid@cleangridenviro.org.bj,cleangridenvironment.bj,PME (10-50),B2C,LinkedIn,,Actif,2026-06-29T00:22:55.297476,haute
BJ-CD0CA17D,Vert Forage,Énergie & Environnement,Péhunco,+229 95 61 35 50,vertforage@hotmail.com,vertforage.bj,PME (50-200),B2C,LinkedIn,,Actif,2026-06-29T00:22:55.297491,haute
BJ-53017B68,Eau Réseau Bénin,Énergie & Environnement,Péhunco,+229 72 67 30 60,eau.réseau@eauréseaubénin.com.bj,eauréseaubénin.bj,TPE (<10),B2C,LinkedIn,,Actif,2026-06-29T00:22:55.297509,haute
BJ-499A5122,Vert Irrigation SARL Péhunco,Énergie & Environnement,Péhunco,+229 58 45 58 16,v.irrigation@yahoo.fr,vertirrigationsarlpéhunco.bj,PME (10-50),B2B,LinkedIn,,Actif,2026-06-29T00:22:55.297530,haute
BJ-44216F56,Bio Distribution Eco,Énergie & Environnement,Tchaourou,+229 56 39 31 70,bio.distribution@biodistribution.bj,biodistributioneco.bj,TPE (<10),B2B,LinkedIn,,Actif,2026-06-29T00:22:55.297578,haute
BJ-E49471A5,Environnement Déchets,Énergie & Environnement,Tchaourou,+229 75 45 15 49,environnementdéchets@yahoo.com,environnementdéchets.bj,PME (50-200),B2B,LinkedIn,,Actif,2026-06-29T00:22:55.297598,haute
BJ-41265251,Eau Grid Power Tchaourou,Énergie & Environnement,Tchaourou,+229 51 83 62 98,eaugrid@eaugridpowertch.com.bj,eaugridpowertchaourou.bj,TPE (<10),B2B,LinkedIn,,Actif,2026-06-29T00:22:55.297616,haute
BJ-97DEB9D0,Recyclage Solar,Énergie & Environnement,Tchaourou,+229 43 31 30 89,r.solar@recyclagesolar.com.bj,recyclagesolar.bj,TPE (<10),B2B,LinkedIn,,Actif,2026-06-29T00:22:55.297632,haute
BJ-F3C4F866,Valorisation Eco,Énergie & Environnement,Nikki,+229 89 11 72 96,valorisationeco@valorisationeco.com.bj,,PME (10-50),B2B,LinkedIn,,Actif,2026-06-29T00:22:55.297670,moyenne
BJ-5EC09B1A,Power Pompage,Énergie & Environnement,Nikki,+229 78 81 64 38,power_pompage@outlook.com,,TPE (<10),B2C,LinkedIn,,Actif,2026-06-29T00:22:55.297685,moyenne
BJ-DAC3D104,Clean Désinfection Nikki,Énergie & Environnement,Nikki,+229 79 53 38 30,clean_désinfection@cleandésinfecti.com.bj,cleandésinfectionnikki.bj,PME (10-50),B2C,LinkedIn,,Actif,2026-06-29T00:22:55.297704,haute
BJ-33430ABB,Stockage,Énergie & Environnement,Nikki,+229 25 24 83 13,stockage@stockage.bj,stockage.bj,PME (10-50),B2B,LinkedIn,,Actif,2026-06-29T00:22:55.297718,haute
BJ-BF7093E3,Power Solar,Énergie & Environnement,Bembéréké,+229 74 99 86 84,powersolar@hotmail.com,powersolar.bj,PME (50-200),B2C,LinkedIn,,Actif,2026-06-29T00:22:55.297740,haute
BJ-1719021B,Bio Valorisation Green Bembéréké,Énergie & Environnement,Bembéréké,+229 78 50 39 83,,biovalorisationgreenbembéréké.bj,TPE (<10),B2C,LinkedIn,,Actif,2026-06-29T00:22:55.297782,moyenne
BJ-345E443F,Puits Bénin,Énergie & Environnement,Bembéréké,+229 34 18 96 97,puits_bénin@hotmail.com,puitsbénin.bj,TPE (<10),B2C,LinkedIn,,Actif,2026-06-29T00:22:55.297825,haute
BJ-04C6FC5A,Forage Bembéréké,Énergie & Environnement,Bembéréké,+229 22 16 94 87,forage.bembéréké@foragebembéréké.com.bj,foragebembéréké.bj,TPE (<10),B2C,LinkedIn,,Actif,2026-06-29T00:22:55.297859,haute
BJ-A4B97CD7,Éolien Energy,Énergie & Environnement,Kalalé,+229 26 89 96 81,éolienenergy@outlook.com,éolienenergy.bj,TPE (<10),B2C,LinkedIn,,Actif,2026-06-29T00:22:55.297909,haute
BJ-523AA599,Solar Hydroélectricité,Énergie & Environnement,Kalalé,+229 81 95 29 32,solarhydroélectricité@solarhydroélect.org.bj,solarhydroélectricité.bj,PME (10-50),B2B,LinkedIn,,Actif,2026-06-29T00:22:55.297930,haute
BJ-9778B234,Eau Dépollution,Énergie & Environnement,Kalalé,+229 59 10 24 68,eaudépollution@eaudépollution.com.bj,eaudépollution.bj,TPE (<10),B2B,LinkedIn,,Actif,2026-06-29T00:22:55.297949,haute
BJ-74D79B82,Solar Batterie,Énergie & Environnement,Kalalé,+229 39 57 83 25,s.batterie@yahoo.com,solarbatterie.bj,TPE (<10),B2B,LinkedIn,,Actif,2026-06-29T00:22:55.297970,haute
BJ-B86E0A83,Power Grid,Énergie & Environnement,Kalalé,+229 65 25 59 91,,powergrid.bj,PME (10-50),B2B,LinkedIn,,Actif,2026-06-29T00:22:55.297982,moyenne
BJ-9053E6C1,Environnement Eco,Énergie & Environnement,Ndali,+229 84 91 91 76,,,PME (10-50),B2C,LinkedIn,,Actif,2026-06-29T00:22:55.298002,basse
BJ-3676F316,Clean Recyclage,Énergie & Environnement,Ndali,+229 52 36 82 91,,cleanrecyclage.bj,PME (10-50),B2B,LinkedIn,,Actif,2026-06-29T00:22:55.298014,moyenne
BJ-B365E2AF,Eau Dépollution,Énergie & Environnement,Ndali,+229 73 64 78 71,eau.dépollution@hotmail.com,eaudépollution.bj,TPE (<10),B2B,LinkedIn,,Actif,2026-06-29T00:22:55.298034,haute
BJ-12A6B07E,Éolien Batterie,Énergie & Environnement,Ndali,+229 97 71 87 53,éolienbatterie@hotmail.com,,PME (10-50),B2B,LinkedIn,,Actif,2026-06-29T00:22:55.298065,moyenne
BJ-AEFF5680,Recyclage,Énergie & Environnement,Ségbana,+229 72 73 33 10,recyclage@recyclage.com.bj,recyclage.bj,TPE (<10),B2C,LinkedIn,,Actif,2026-06-29T00:22:55.298088,haute
BJ-4A272208,Irrigation Energy,Énergie & Environnement,Ségbana,+229 86 13 43 49,irrigation_energy@irrigationenerg.bj,irrigationenergy.bj,TPE (<10),B2C,LinkedIn,,Actif,2026-06-29T00:22:55.298105,haute
BJ-FE5EB45F,Vert Compostage,Énergie & Environnement,Ségbana,+229 26 88 33 85,v.compostage@vertcompostage.com.bj,vertcompostage.bj,PME (10-50),B2C,LinkedIn,,Actif,2026-06-29T00:22:55.298121,haute
BJ-ED3DFFAB,Bio Environnement Africa,Énergie & Environnement,Ségbana,+229 38 48 50 43,bio_environnement@bioenvironnemen.org.bj,bioenvironnementafrica.bj,Grande (>200),B2B,LinkedIn,,Actif,2026-06-29T00:22:55.298137,haute
BJ-0450F5A1,Vert Hydraulique,Énergie & Environnement,Ségbana,+229 23 68 90 47,vert.hydraulique@verthydraulique.com.bj,,TPE (<10),B2B,LinkedIn,,Actif,2026-06-29T00:22:55.298153,moyenne
BJ-EF78E464,Solar Incinération,Énergie & Environnement,Tchaourou,+229 43 69 10 38,solar.incinération@solarincinérati.org.bj,,PME (50-200),B2C,LinkedIn,,Actif,2026-06-29T00:22:55.298177,moyenne
BJ-4BE9633F,Stockage Environment Tchaourou,Énergie & Environnement,Tchaourou,+229 74 47 28 30,stockageenvironment@outlook.com,stockageenvironmenttchaourou.bj,Grande (>200),B2C,LinkedIn,,Actif,2026-06-29T00:22:55.298198,haute
BJ-04680B1D,Clean Offgrid Africa,Énergie & Environnement,Tchaourou,+229 88 37 91 39,,,PME (10-50),B2B,LinkedIn,,Actif,2026-06-29T00:22:55.298212,basse
BJ-B2165EBC,Géothermie,Énergie & Environnement,Tchaourou,+229 47 64 85 78,géothermie@yahoo.com,géothermie.bj,PME (10-50),B2C,LinkedIn,,Actif,2026-06-29T00:22:55.298227,haute
BJ-0E5E667D,Eco Traitement Eco,Énergie & Environnement,Tchaourou,+229 23 88 99 90,ecotraitement@ecotraitementec.org.bj,,PME (10-50),B2C,LinkedIn,,Actif,2026-06-29T00:22:55.298243,moyenne
BJ-7692F83A,Dépollution,Énergie & Environnement,Bétérou,+229 80 73 80 48,dépollution@outlook.com,dépollution.bj,PME (10-50),B2C,LinkedIn,,Actif,2026-06-29T00:22:55.298268,haute
BJ-8C66026D,Dépollution Bétérou,Énergie & Environnement,Bétérou,+229 96 98 69 92,dépollution.bétérou@dépollutionbété.bj,dépollutionbétérou.bj,TPE (<10),B2C,LinkedIn,,Actif,2026-06-29T00:22:55.298287,haute
BJ-67876886,Vert Valorisation Water Bétérou,Énergie & Environnement,Bétérou,+229 38 29 30 31,,,TPE (<10),B2C,LinkedIn,,Actif,2026-06-29T00:22:55.298298,basse
BJ-6D904966,Désinfection Bétérou,Énergie & Environnement,Bétérou,+229 96 72 95 60,,désinfectionbétérou.bj,TPE (<10),B2B,LinkedIn,,Actif,2026-06-29T00:22:55.298311,moyenne
BJ-19897A1E,Nature Durable,Énergie & Environnement,Ouessè,+229 49 19 53 81,nature_durable@outlook.com,naturedurable.bj,TPE (<10),B2C,LinkedIn,,Actif,2026-06-29T00:22:55.298351,haute
BJ-95BB48CF,Traitement Clean,Énergie & Environnement,Ouessè,+229 98 22 80 16,traitement.clean@hotmail.com,traitementclean.bj,TPE (<10),B2C,LinkedIn,,Actif,2026-06-29T00:22:55.298367,haute
BJ-C5C095AF,Biogaz SARL Ouessè,Énergie & Environnement,Ouessè,+229 72 95 54 85,biogaz.sarl@outlook.com,,PME (10-50),B2C,LinkedIn,,Actif,2026-06-29T00:22:55.298386,moyenne
BJ-F010DF77,Eco Environnement Bénin Ouessè,Énergie & Environnement,Ouessè,+229 21 10 56 25,eco.environnement@ecoenvironnemen.org.bj,,TPE (<10),B2B,LinkedIn,,Actif,2026-06-29T00:22:55.298404,moyenne
BJ-C5B10D5E,Eau Panneau,Énergie & Environnement,Ouessè,+229 66 56 85 99,e.panneau@eaupanneau.bj,eaupanneau.bj,TPE (<10),B2B,LinkedIn,,Actif,2026-06-29T00:22:55.298421,haute
BJ-84A3C60C,Eco Photovoltaïque,Énergie & Environnement,Glazoué,+229 20 94 40 96,ecophotovoltaïque@hotmail.com,ecophotovoltaïque.bj,PME (50-200),B2B,LinkedIn,,Actif,2026-06-29T00:22:55.298450,haute
BJ-E2DEEA45,Eco Nappe SARL Glazoué,Énergie & Environnement,Glazoué,+229 73 71 38 92,eco.nappe@yahoo.fr,econappesarlglazoué.bj,PME (10-50),B2C,LinkedIn,,Actif,2026-06-29T00:22:55.298482,haute
BJ-71454D74,Environnement Microgrid Solar,Énergie & Environnement,Glazoué,+229 94 38 23 85,,environnementmicrogridsolar.bj,TPE (<10),B2B,LinkedIn,,Actif,2026-06-29T00:22:55.298496,moyenne
BJ-D7DEE3F1,Énergie Irrigation Green,Énergie & Environnement,Glazoué,+229 65 35 54 31,énergieirrigation@gmail.com,énergieirrigationgreen.bj,Grande (>200),B2B,LinkedIn,,Actif,2026-06-29T00:22:55.298517,haute
BJ-D2D8F348,Éolien Pompage,Énergie & Environnement,Glazoué,+229 33 12 40 33,,éolienpompage.bj,TPE (<10),B2C,LinkedIn,,Actif,2026-06-29T00:22:55.298531,moyenne
BJ-65E29228,Durable,Énergie & Environnement,Dassa-Zoumè,+229 83 37 23 49,durable@durable.com.bj,durable.bj,TPE (<10),B2C,LinkedIn,,Actif,2026-06-29T00:22:55.298553,haute
BJ-7F3EB5E5,Environnement Pompage,Énergie & Environnement,Dassa-Zoumè,+229 37 49 39 33,environnementpompage@outlook.com,environnementpompage.bj,Grande (>200),B2C,LinkedIn,,Actif,2026-06-29T00:22:55.298570,haute
BJ-86E4B8C4,Bio Microgrid Bénin,Énergie & Environnement,Dassa-Zoumè,+229 30 32 36 81,bio.microgrid@yahoo.com,,Grande (>200),B2B,LinkedIn,,Actif,2026-06-29T00:22:55.298589,moyenne
BJ-E51C56E8,Filtration Dassa-Zoumè,Énergie & Environnement,Dassa-Zoumè,+229 72 99 90 33,f.dassa@yahoo.com,,TPE (<10),B2C,LinkedIn,,Actif,2026-06-29T00:22:55.298606,moyenne
BJ-777C965B,Smart Power Dassa-Zoumè,Énergie & Environnement,Dassa-Zoumè,+229 73 71 83 23,smartpower@smartpowerdassa.bj,smartpowerdassazoumè.bj,PME (10-50),B2C,LinkedIn,,Actif,2026-06-29T00:22:55.298624,haute
BJ-9A13176C,Forage SARL Savalou,Énergie & Environnement,Savalou,+229 34 72 64 40,foragesarl@gmail.com,foragesarlsavalou.bj,TPE (<10),B2C,LinkedIn,,Actif,2026-06-29T00:22:55.298647,haute
BJ-784AD517,Environnement Tri,Énergie & Environnement,Savalou,+229 67 74 29 63,environnement.tri@environnementtr.com.bj,environnementtri.bj,PME (10-50),B2B,LinkedIn,,Actif,2026-06-29T00:22:55.298694,haute
BJ-3C7AB954,Smart,Énergie & Environnement,Savalou,+229 35 81 65 95,smart@gmail.com,,PME (50-200),B2B,LinkedIn,,Actif,2026-06-29T00:22:55.298706,moyenne
BJ-E3792AD5,Énergie Pompage Energy Bantè,Énergie & Environnement,Bantè,+229 95 87 54 32,,énergiepompageenergybantè.bj,PME (50-200),B2B,LinkedIn,,Actif,2026-06-29T00:22:55.298730,moyenne
BJ-B90FB343,Adduction,Énergie & Environnement,Bantè,+229 77 90 15 37,,adduction.bj,Grande (>200),B2C,LinkedIn,,Actif,2026-06-29T00:22:55.298759,moyenne
BJ-DB47B502,Environnement Énergie Energy,Énergie & Environnement,Bantè,+229 85 61 18 73,environnement_énergie@yahoo.fr,environnementénergieenergy.bj,TPE (<10),B2B,LinkedIn,,Actif,2026-06-29T00:22:55.298785,haute
BJ-813E4437,Purification Energy,Énergie & Environnement,Bantè,+229 53 47 75 16,purificationenergy@purificationene.com.bj,purificationenergy.bj,TPE (<10),B2C,LinkedIn,,Actif,2026-06-29T00:22:55.298802,haute
BJ-56974DFF,Environnement Photovoltaïque,Énergie & Environnement,Djougou,+229 53 77 68 40,environnement.photovoltaïque@environnementph.org.bj,environnementphotovoltaïque.bj,TPE (<10),B2B,LinkedIn,,Actif,2026-06-29T00:22:55.298827,haute
BJ-A44C8744,Nature Biomasse Djougou,Énergie & Environnement,Djougou,+229 32 44 84 16,nature.biomasse@naturebiomassed.bj,naturebiomassedjougou.bj,TPE (<10),B2B,LinkedIn,,Actif,2026-06-29T00:22:55.298844,haute
BJ-D6B42B59,Réseau Environment,Énergie & Environnement,Djougou,+229 53 28 32 32,réseauenvironment@hotmail.com,réseauenvironment.bj,PME (50-200),B2B,LinkedIn,,Actif,2026-06-29T00:22:55.298862,haute
BJ-47637AC0,Stockage,Énergie & Environnement,Djougou,+229 76 96 17 68,stockage@gmail.com,stockage.bj,TPE (<10),B2B,LinkedIn,,Actif,2026-06-29T00:22:55.298875,haute
BJ-14B89BDB,Clean Réseau,Énergie & Environnement,Djougou,+229 65 11 41 52,cleanréseau@outlook.com,,Grande (>200),B2B,LinkedIn,,Actif,2026-06-29T00:22:55.298905,moyenne
BJ-4A460638,Énergie Biogaz,Énergie & Environnement,Ouèssè,+229 26 50 75 22,é.biogaz@yahoo.fr,,PME (50-200),B2B,LinkedIn,,Actif,2026-06-29T00:22:55.298934,moyenne
BJ-A0EAC514,Éolien Clean Ouèssè,Énergie & Environnement,Ouèssè,+229 70 38 38 38,,éoliencleanouèssè.bj,Grande (>200),B2C,LinkedIn,,Actif,2026-06-29T00:22:55.298948,moyenne
BJ-40DEFE5C,Environnement Écologie Water,Énergie & Environnement,Ouèssè,+229 30 79 81 45,environnementécologie@environnementéc.bj,,TPE (<10),B2B,LinkedIn,,Actif,2026-06-29T00:22:55.298969,moyenne
BJ-3DE28D9F,Géothermie,Énergie & Environnement,Ouèssè,+229 92 15 10 88,géothermie@géothermie.bj,,PME (50-200),B2B,LinkedIn,,Actif,2026-06-29T00:22:55.298985,moyenne
BJ-669BE620,Offgrid,Énergie & Environnement,Ouèssè,+229 66 57 56 32,,offgrid.bj,Grande (>200),B2B,LinkedIn,,Actif,2026-06-29T00:22:55.298996,moyenne
BJ-918F3994,Renouvelable,Énergie & Environnement,Bassila,+229 86 10 97 37,renouvelable@yahoo.fr,renouvelable.bj,TPE (<10),B2C,LinkedIn,,Actif,2026-06-29T00:22:55.299032,haute
BJ-7DC4983A,Panneau,Énergie & Environnement,Bassila,+229 59 35 51 59,panneau@gmail.com,panneau.bj,PME (50-200),B2C,LinkedIn,,Actif,2026-06-29T00:22:55.299045,haute
BJ-1CFCAA67,Solar Nappe Solar,Énergie & Environnement,Bassila,+229 78 92 61 95,s.nappe@yahoo.fr,solarnappesolar.bj,PME (10-50),B2B,LinkedIn,,Actif,2026-06-29T00:22:55.299064,haute
BJ-DC38EB46,Environnement Pompage Bénin,Énergie & Environnement,Bassila,+229 69 54 95 35,environnement.pompage@gmail.com,environnementpompagebénin.bj,TPE (<10),B2C,LinkedIn,,Actif,2026-06-29T00:22:55.299081,haute
BJ-44F54CDA,Eau Phréatique Pehunco,Énergie & Environnement,Pehunco,+229 95 22 64 99,,eauphréatiquepehunco.bj,PME (10-50),B2C,LinkedIn,,Actif,2026-06-29T00:22:55.299101,moyenne
BJ-6995C81A,Grid Eco,Énergie & Environnement,Pehunco,+229 80 79 85 74,grideco@grideco.bj,,TPE (<10),B2C,LinkedIn,,Actif,2026-06-29T00:22:55.299117,moyenne
BJ-8FB7630F,Réseau Solar,Énergie & Environnement,Pehunco,+229 35 92 65 80,réseau.solar@yahoo.com,réseausolar.bj,TPE (<10),B2B,LinkedIn,,Actif,2026-06-29T00:22:55.299138,haute
BJ-98FBF1A1,Bio Distribution,Énergie & Environnement,Pehunco,+229 46 68 38 48,b.distribution@biodistribution.bj,biodistribution.bj,PME (10-50),B2B,LinkedIn,,Actif,2026-06-29T00:22:55.299155,haute
BJ-8F6443D3,Compostage Africa,Énergie & Environnement,Pehunco,+229 98 93 71 16,c.africa@gmail.com,compostageafrica.bj,PME (50-200),B2B,LinkedIn,,Actif,2026-06-29T00:22:55.299170,haute
BJ-6A238492,Offgrid,Énergie & Environnement,Copargo,+229 73 46 78 87,,,PME (10-50),B2C,LinkedIn,,Actif,2026-06-29T00:22:55.299188,basse
BJ-85EC7243,Incinération Copargo,Énergie & Environnement,Copargo,+229 49 27 89 79,incinération.copargo@yahoo.fr,,PME (10-50),B2B,LinkedIn,,Actif,2026-06-29T00:22:55.299208,moyenne
BJ-28B5209E,Vert Panneau Power,Énergie & Environnement,Copargo,+229 76 55 42 27,v.panneau@vertpanneaupowe.com.bj,vertpanneaupower.bj,TPE (<10),B2B,LinkedIn,,Actif,2026-06-29T00:22:55.299226,haute
BJ-1AB20E47,Nature Incinération SARL Copargo,Énergie & Environnement,Copargo,+229 72 14 49 78,nature_incinération@natureincinérat.org.bj,natureincinérationsarlcopargo.bj,PME (50-200),B2C,LinkedIn,,Actif,2026-06-29T00:22:55.299245,haute
BJ-247C8DE4,Biogaz,Énergie & Environnement,Copargo,+229 42 13 87 56,biogaz@biogaz.com.bj,biogaz.bj,PME (50-200),B2B,LinkedIn,,Actif,2026-06-29T00:22:55.299259,haute
BJ-D5301D67,Animation,Médias & Communication,Cotonou,+229 24 37 19 89,animation@animation.bj,animation.bj,PME (10-50),B2B,LinkedIn,,Actif,2026-06-29T00:22:55.299280,haute
BJ-134C28EE,TV Liberté Studios,Médias & Communication,Cotonou,+229 63 97 59 73,,tvlibertéstudios.bj,PME (10-50),B2C,LinkedIn,,Actif,2026-06-29T00:22:55.299293,moyenne
BJ-349BDFBD,Enquête Cotonou,Médias & Communication,Cotonou,+229 59 75 22 16,,enquêtecotonou.bj,PME (50-200),B2C,LinkedIn,,Actif,2026-06-29T00:22:55.299309,moyenne
BJ-DB47DA1A,Réalisation TV,Médias & Communication,Cotonou,+229 31 46 93 17,,réalisationtv.bj,PME (10-50),B2B,LinkedIn,,Actif,2026-06-29T00:22:55.299322,moyenne
BJ-783A42BE,Diffusion Twitter Press,Médias & Communication,Cotonou,+229 43 43 47 74,diffusion.twitter@diffusiontwitte.bj,diffusiontwitterpress.bj,PME (10-50),B2B,LinkedIn,,Actif,2026-06-29T00:22:55.299342,haute
BJ-2EB2BA62,Radio Éditorial News,Médias & Communication,Abomey-Calavi,+229 73 72 92 41,,,TPE (<10),B2C,LinkedIn,,Actif,2026-06-29T00:22:55.299361,basse
BJ-BB0373F2,Graphisme Networks,Médias & Communication,Abomey-Calavi,+229 89 15 91 32,graphisme.networks@yahoo.com,,TPE (<10),B2B,LinkedIn,,Actif,2026-06-29T00:22:55.299376,moyenne
BJ-B1098675,Diffusion Reportage News,Médias & Communication,Abomey-Calavi,+229 52 68 34 94,diffusion_reportage@diffusionreport.bj,diffusionreportagenews.bj,TPE (<10),B2B,LinkedIn,,Actif,2026-06-29T00:22:55.299394,haute
BJ-8A07609A,Journal Blogueur,Médias & Communication,Abomey-Calavi,+229 74 66 68 47,j.blogueur@journalblogueur.org.bj,,TPE (<10),B2C,LinkedIn,,Actif,2026-06-29T00:22:55.299413,moyenne
BJ-2B191651,Communication Film Press,Médias & Communication,Abomey-Calavi,+229 72 66 35 96,communication_film@communicationfi.bj,communicationfilmpress.bj,PME (10-50),B2B,LinkedIn,,Actif,2026-06-29T00:22:55.299428,haute
BJ-2C5F0251,Démocratie Radio,Médias & Communication,Porto-Novo,+229 40 81 46 12,démocratieradio@démocratieradio.bj,démocratieradio.bj,TPE (<10),B2C,LinkedIn,,Actif,2026-06-29T00:22:55.299451,haute
BJ-3D57A4B8,Instagram TV,Médias & Communication,Porto-Novo,+229 68 35 36 93,instagram@yahoo.fr,,PME (50-200),B2B,LinkedIn,,Actif,2026-06-29T00:22:55.299465,moyenne
BJ-12D308DC,TV LinkedIn Porto-Novo,Médias & Communication,Porto-Novo,+229 22 88 23 85,linkedin.porto@tvlinkedinporto.com.bj,tvlinkedinportonovo.bj,PME (10-50),B2C,LinkedIn,,Actif,2026-06-29T00:22:55.299486,haute
BJ-3539CEAA,Agence Interview Porto-Novo,Médias & Communication,Porto-Novo,+229 65 30 79 96,a.interview@gmail.com,agenceinterviewportonovo.bj,PME (50-200),B2B,LinkedIn,,Actif,2026-06-29T00:22:55.299503,haute
BJ-0D12582A,Production Vidéo,Médias & Communication,Porto-Novo,+229 60 11 77 76,production.vidéo@outlook.com,productionvidéo.bj,Grande (>200),B2C,LinkedIn,,Actif,2026-06-29T00:22:55.299522,haute
BJ-69E0D460,Radio Influenceur,Médias & Communication,Parakou,+229 27 80 35 44,,radioinfluenceur.bj,TPE (<10),B2B,LinkedIn,,Actif,2026-06-29T00:22:55.299541,moyenne
BJ-C8ECE2C8,Agence Image,Médias & Communication,Parakou,+229 23 87 85 45,agence.image@outlook.com,agenceimage.bj,TPE (<10),B2C,LinkedIn,,Actif,2026-06-29T00:22:55.299557,haute
BJ-04D7D0B5,Journal Blogueur,Médias & Communication,Parakou,+229 69 98 87 31,journal.blogueur@journalblogueur.org.bj,journalblogueur.bj,PME (10-50),B2C,LinkedIn,,Actif,2026-06-29T00:22:55.299573,haute
BJ-291721D0,Facebook,Médias & Communication,Parakou,+229 49 47 33 88,facebook@yahoo.com,,PME (10-50),B2C,LinkedIn,,Actif,2026-06-29T00:22:55.299590,moyenne
BJ-870BB441,Podcast Studios,Médias & Communication,Parakou,+229 20 13 99 49,podcaststudios@yahoo.fr,,TPE (<10),B2C,LinkedIn,,Actif,2026-06-29T00:22:55.299605,moyenne
BJ-97690723,Média Interview,Médias & Communication,Bohicon,+229 82 26 39 46,média.interview@médiainterview.com.bj,médiainterview.bj,PME (50-200),B2C,LinkedIn,,Actif,2026-06-29T00:22:55.299629,haute
BJ-D82D4626,Journal Twitter,Médias & Communication,Bohicon,+229 46 61 16 31,journal.twitter@journaltwitter.bj,,PME (10-50),B2C,LinkedIn,,Actif,2026-06-29T00:22:55.299645,moyenne
BJ-FE85745F,Publicité,Médias & Communication,Bohicon,+229 85 22 16 37,publicité@hotmail.com,publicité.bj,TPE (<10),B2C,LinkedIn,,Actif,2026-06-29T00:22:55.299662,haute
BJ-33E30F8D,Presse Instagram Africa,Médias & Communication,Bohicon,+229 30 59 63 86,,presseinstagramafrica.bj,Grande (>200),B2C,LinkedIn,,Actif,2026-06-29T00:22:55.299677,moyenne
BJ-F758DCB3,Média Bohicon,Médias & Communication,Bohicon,+229 32 92 71 42,,,PME (10-50),B2C,LinkedIn,,Actif,2026-06-29T00:22:55.299688,basse
BJ-7790439B,International Natitingou,Médias & Communication,Natitingou,+229 77 88 16 30,international.natitingou@gmail.com,internationalnatitingou.bj,TPE (<10),B2B,LinkedIn,,Actif,2026-06-29T00:22:55.299711,haute
BJ-696DE29D,Démocratie,Médias & Communication,Natitingou,+229 21 94 99 48,démocratie@démocratie.bj,démocratie.bj,PME (10-50),B2B,LinkedIn,,Actif,2026-06-29T00:22:55.299729,haute
BJ-B6C259C6,Réseaux Communication,Médias & Communication,Natitingou,+229 36 87 45 80,,réseauxcommunication.bj,Grande (>200),B2C,LinkedIn,,Actif,2026-06-29T00:22:55.299746,moyenne
BJ-AD09932E,Communication Social TV Natitingou,Médias & Communication,Natitingou,+229 76 46 13 49,,communicationsocialtvnatitingou.bj,TPE (<10),B2C,LinkedIn,,Actif,2026-06-29T00:22:55.299758,moyenne
BJ-F0FA8D5E,Diffusion Journalisme,Médias & Communication,Natitingou,+229 24 62 84 34,diffusion_journalisme@diffusionjourna.com.bj,,PME (50-200),B2C,LinkedIn,,Actif,2026-06-29T00:22:55.299774,moyenne
BJ-66651EA6,Son,Médias & Communication,Lokossa,+229 27 66 44 80,son@yahoo.fr,son.bj,PME (10-50),B2B,LinkedIn,,Actif,2026-06-29T00:22:55.299794,haute
BJ-10F78A8D,Information Africa,Médias & Communication,Lokossa,+229 63 80 65 52,informationafrica@informationafri.bj,informationafrica.bj,TPE (<10),B2C,LinkedIn,,Actif,2026-06-29T00:22:55.299811,haute
BJ-2EBBA46A,Vidéo Lokossa,Médias & Communication,Lokossa,+229 26 85 13 17,,,PME (10-50),B2C,LinkedIn,,Actif,2026-06-29T00:22:55.299822,basse
BJ-7AC35B7D,Graphisme,Médias & Communication,Lokossa,+229 94 86 96 14,,graphisme.bj,PME (10-50),B2B,LinkedIn,,Actif,2026-06-29T00:22:55.299834,moyenne
BJ-1B6F50E7,Blogueur,Médias & Communication,Lokossa,+229 63 95 66 10,blogueur@gmail.com,blogueur.bj,TPE (<10),B2B,LinkedIn,,Actif,2026-06-29T00:22:55.299851,haute
BJ-3237D84A,Studio Communication,Médias & Communication,Ouidah,+229 31 68 54 56,studio.communication@studiocommunica.org.bj,,PME (50-200),B2B,LinkedIn,,Actif,2026-06-29T00:22:55.299877,moyenne
BJ-B541B988,Influenceur Studios,Médias & Communication,Ouidah,+229 55 73 18 46,influenceur.studios@influenceurstud.bj,influenceurstudios.bj,TPE (<10),B2B,LinkedIn,,Actif,2026-06-29T00:22:55.299907,haute
BJ-ABF76AED,Communication Marketing,Médias & Communication,Ouidah,+229 57 28 70 69,communicationmarketing@outlook.com,,PME (10-50),B2B,LinkedIn,,Actif,2026-06-29T00:22:55.299923,moyenne
BJ-2E1D7DE2,Diffusion Série Bénin,Médias & Communication,Ouidah,+229 97 68 37 56,,diffusionsériebénin.bj,PME (50-200),B2C,LinkedIn,,Actif,2026-06-29T00:22:55.299937,moyenne
BJ-024EFC00,Série,Médias & Communication,Savalou,+229 26 97 37 70,série@gmail.com,série.bj,Grande (>200),B2B,LinkedIn,,Actif,2026-06-29T00:22:55.299974,haute
BJ-332AB152,Communication Networks,Médias & Communication,Savalou,+229 73 51 10 51,,communicationnetworks.bj,PME (50-200),B2C,LinkedIn,,Actif,2026-06-29T00:22:55.299986,moyenne
BJ-5B65715C,Média Information Productions Savalou,Médias & Communication,Savalou,+229 71 43 26 85,,,PME (50-200),B2C,LinkedIn,,Actif,2026-06-29T00:22:55.300001,basse
BJ-131E1448,Communication Podcast Communication,Médias & Communication,Savalou,+229 89 15 13 18,communication.podcast@gmail.com,communicationpodcastcommunication.bj,PME (50-200),B2C,LinkedIn,,Actif,2026-06-29T00:22:55.300018,haute
BJ-F775C613,TV Média,Médias & Communication,Savalou,+229 57 83 19 50,média@tvmédia.com.bj,tvmédia.bj,PME (10-50),B2B,LinkedIn,,Actif,2026-06-29T00:22:55.300034,haute
BJ-FFCF1430,Rédaction,Médias & Communication,Dassa-Zoumè,+229 80 62 60 73,,rédaction.bj,TPE (<10),B2C,LinkedIn,,Actif,2026-06-29T00:22:55.300067,moyenne
BJ-01FD538B,Documentaire Media,Médias & Communication,Dassa-Zoumè,+229 52 95 33 20,d.media@yahoo.fr,documentairemedia.bj,Grande (>200),B2C,LinkedIn,,Actif,2026-06-29T00:22:55.300084,haute
BJ-60C0FC97,TV Démocratie Dassa-Zoumè,Médias & Communication,Dassa-Zoumè,+229 22 83 95 36,,tvdémocratiedassazoumè.bj,PME (10-50),B2B,LinkedIn,,Actif,2026-06-29T00:22:55.300097,moyenne
BJ-828DB368,Agence Image,Médias & Communication,Dassa-Zoumè,+229 39 87 97 50,,agenceimage.bj,PME (10-50),B2B,LinkedIn,,Actif,2026-06-29T00:22:55.300109,moyenne
BJ-7C3542D6,Radio Son Africa,Médias & Communication,Kétou,+229 35 37 89 98,r.son@radiosonafrica.bj,radiosonafrica.bj,PME (50-200),B2B,LinkedIn,,Actif,2026-06-29T00:22:55.300135,haute
BJ-B0E5FB36,Journal Studios,Médias & Communication,Kétou,+229 88 57 34 74,,journalstudios.bj,TPE (<10),B2B,LinkedIn,,Actif,2026-06-29T00:22:55.300150,moyenne
BJ-3D9AFAAC,Communication Son Kétou,Médias & Communication,Kétou,+229 59 85 72 23,c.son@hotmail.com,,PME (50-200),B2B,LinkedIn,,Actif,2026-06-29T00:22:55.300170,moyenne
BJ-F4A85E61,Social Media,Médias & Communication,Kétou,+229 34 67 45 63,social.media@socialmedia.bj,socialmedia.bj,PME (10-50),B2C,LinkedIn,,Actif,2026-06-29T00:22:55.300186,haute
BJ-7C76F331,Éditorial Media Kétou,Médias & Communication,Kétou,+229 50 36 28 45,éditorialmedia@yahoo.fr,,PME (10-50),B2B,LinkedIn,,Actif,2026-06-29T00:22:55.300204,moyenne
BJ-CCCB9974,National Communication,Médias & Communication,Covè,+229 56 54 27 59,national.communication@hotmail.com,nationalcommunication.bj,Grande (>200),B2C,LinkedIn,,Actif,2026-06-29T00:22:55.300228,haute
BJ-63238967,Réalisation,Médias & Communication,Covè,+229 67 30 24 89,,réalisation.bj,Grande (>200),B2C,LinkedIn,,Actif,2026-06-29T00:22:55.300241,moyenne
BJ-6B2C429B,Agence YouTube,Médias & Communication,Covè,+229 59 99 41 51,agence.youtube@agenceyoutube.org.bj,agenceyoutube.bj,PME (50-200),B2C,LinkedIn,,Actif,2026-06-29T00:22:55.300258,haute
BJ-EDCAB7F8,Agence Télévision Bénin,Médias & Communication,Covè,+229 69 12 80 52,agencetélévision@agencetélévisio.bj,agencetélévisionbénin.bj,TPE (<10),B2C,LinkedIn,,Actif,2026-06-29T00:22:55.300278,haute
BJ-4B58BCDB,Production Twitter,Médias & Communication,Covè,+229 72 51 61 87,productiontwitter@productiontwitt.com.bj,productiontwitter.bj,TPE (<10),B2B,LinkedIn,,Actif,2026-06-29T00:22:55.300294,haute
BJ-21297632,Diffusion Éditorial,Médias & Communication,Pobè,+229 41 47 57 94,diffusionéditorial@hotmail.com,diffusionéditorial.bj,Grande (>200),B2C,LinkedIn,,Actif,2026-06-29T00:22:55.300322,haute
BJ-70CFB962,Radio Productions Pobè,Médias & Communication,Pobè,+229 77 98 64 32,,radioproductionspobè.bj,PME (50-200),B2B,LinkedIn,,Actif,2026-06-29T00:22:55.300336,moyenne
BJ-D3ED8EC2,Digital Pobè,Médias & Communication,Pobè,+229 36 23 21 56,,digitalpobè.bj,Grande (>200),B2B,LinkedIn,,Actif,2026-06-29T00:22:55.300351,moyenne
BJ-4F03DD5E,Diffusion LinkedIn Studios Pobè,Médias & Communication,Pobè,+229 89 11 79 55,,diffusionlinkedinstudiospobè.bj,TPE (<10),B2B,LinkedIn,,Actif,2026-06-29T00:22:55.300364,moyenne
BJ-3D75CEC4,Information Pobè,Médias & Communication,Pobè,+229 80 13 29 71,,informationpobè.bj,TPE (<10),B2B,LinkedIn,,Actif,2026-06-29T00:22:55.300377,moyenne
BJ-01FFB27D,Éditorial Communication,Médias & Communication,Sakété,+229 57 52 72 88,,éditorialcommunication.bj,PME (50-200),B2B,LinkedIn,,Actif,2026-06-29T00:22:55.300396,moyenne
BJ-01172401,VOD Africa,Médias & Communication,Sakété,+229 78 76 41 81,vodafrica@hotmail.com,vodafrica.bj,TPE (<10),B2B,LinkedIn,,Actif,2026-06-29T00:22:55.300417,haute
BJ-D4E2C35F,Graphisme Africa Sakété,Médias & Communication,Sakété,+229 69 35 80 20,,graphismeafricasakété.bj,PME (10-50),B2B,LinkedIn,,Actif,2026-06-29T00:22:55.300431,moyenne
BJ-781B0171,TV SVOD Radio,Médias & Communication,Sakété,+229 23 88 24 71,svodradio@yahoo.fr,tvsvodradio.bj,PME (50-200),B2B,LinkedIn,,Actif,2026-06-29T00:22:55.300448,haute
BJ-7B706FEC,Presse Podcast,Médias & Communication,Sakété,+229 57 84 98 29,p.podcast@gmail.com,pressepodcast.bj,TPE (<10),B2C,LinkedIn,,Actif,2026-06-29T00:22:55.300463,haute
BJ-DFE36DEE,Journal Marketing,Médias & Communication,Adjara,+229 69 92 60 19,,journalmarketing.bj,Grande (>200),B2C,LinkedIn,,Actif,2026-06-29T00:22:55.300483,moyenne
BJ-EA87A721,Média Networks,Médias & Communication,Adjara,+229 37 42 72 91,média.networks@médianetworks.org.bj,médianetworks.bj,PME (50-200),B2C,LinkedIn,,Actif,2026-06-29T00:22:55.300501,haute
BJ-3E599AC6,Diffusion LinkedIn Media,Médias & Communication,Adjara,+229 68 14 80 21,,diffusionlinkedinmedia.bj,TPE (<10),B2C,LinkedIn,,Actif,2026-06-29T00:22:55.300517,moyenne
BJ-7A6F1BF3,Éditorial News,Médias & Communication,Adjara,+229 54 84 49 34,éditorial.news@éditorialnews.bj,,PME (10-50),B2B,LinkedIn,,Actif,2026-06-29T00:22:55.300535,moyenne
BJ-E2066711,Réseaux News,Médias & Communication,Adjara,+229 38 24 31 75,réseaux.news@réseauxnews.bj,,TPE (<10),B2C,LinkedIn,,Actif,2026-06-29T00:22:55.300552,moyenne
BJ-372F16A8,Contenu News,Médias & Communication,Allada,+229 82 41 63 84,contenu_news@hotmail.com,contenunews.bj,TPE (<10),B2C,LinkedIn,,Actif,2026-06-29T00:22:55.300576,haute
BJ-CCC8227E,Journal Son,Médias & Communication,Allada,+229 95 53 99 80,journal.son@gmail.com,journalson.bj,Grande (>200),B2B,LinkedIn,,Actif,2026-06-29T00:22:55.300592,haute
BJ-8A1333CF,Journal Network News,Médias & Communication,Allada,+229 54 41 90 24,,journalnetworknews.bj,PME (10-50),B2C,LinkedIn,,Actif,2026-06-29T00:22:55.300605,moyenne
BJ-BE82642F,SVOD Allada,Médias & Communication,Allada,+229 30 28 87 13,svodallada@svodallada.com.bj,svodallada.bj,PME (50-200),B2B,LinkedIn,,Actif,2026-06-29T00:22:55.300621,haute
BJ-DF44BEDC,Mixage Allada,Médias & Communication,Allada,+229 40 75 64 30,mixage_allada@yahoo.com,mixageallada.bj,TPE (<10),B2B,LinkedIn,,Actif,2026-06-29T00:22:55.300640,haute
BJ-F54C8B81,Son,Médias & Communication,Aplahoué,+229 69 78 93 16,,son.bj,Grande (>200),B2C,LinkedIn,,Actif,2026-06-29T00:22:55.300660,moyenne
BJ-334D5F05,Liberté Africa,Médias & Communication,Aplahoué,+229 44 84 53 96,libertéafrica@gmail.com,libertéafrica.bj,PME (50-200),B2B,LinkedIn,,Actif,2026-06-29T00:22:55.300678,haute
BJ-691B4CF6,Démocratie Africa,Médias & Communication,Aplahoué,+229 28 96 63 80,démocratie.africa@démocratieafric.bj,démocratieafrica.bj,TPE (<10),B2C,LinkedIn,,Actif,2026-06-29T00:22:55.300699,haute
BJ-29F69DE2,Mixage,Médias & Communication,Aplahoué,+229 42 24 56 85,mixage@hotmail.com,mixage.bj,PME (10-50),B2B,LinkedIn,,Actif,2026-06-29T00:22:55.300714,haute
BJ-891AAC14,Média Blogueur Communication,Médias & Communication,Aplahoué,+229 40 10 70 16,médiablogueur@yahoo.fr,médiablogueurcommunication.bj,TPE (<10),B2B,LinkedIn,,Actif,2026-06-29T00:22:55.300733,haute
BJ-E2687208,Radio Réalisation Radio,Médias & Communication,Dogbo-Tota,+229 80 25 76 80,radio.réalisation@radioréalisatio.com.bj,radioréalisationradio.bj,PME (10-50),B2B,LinkedIn,,Actif,2026-06-29T00:22:55.300764,haute
BJ-190167C9,Actualité Africa,Médias & Communication,Dogbo-Tota,+229 92 76 34 49,actualité_africa@yahoo.com,actualitéafrica.bj,PME (10-50),B2C,LinkedIn,,Actif,2026-06-29T00:22:55.300782,haute
BJ-5366B3FA,Information Dogbo-Tota,Médias & Communication,Dogbo-Tota,+229 50 38 41 36,i.dogbo@informationdogb.org.bj,informationdogbotota.bj,TPE (<10),B2B,LinkedIn,,Actif,2026-06-29T00:22:55.300800,haute
BJ-251F6D30,Son Dogbo-Tota,Médias & Communication,Dogbo-Tota,+229 58 14 74 59,s.dogbo@sondogbotota.com.bj,,PME (10-50),B2B,LinkedIn,,Actif,2026-06-29T00:22:55.300817,moyenne
BJ-A39A3FAA,Agence Réalisation Media,Médias & Communication,Dogbo-Tota,+229 78 39 98 25,a.réalisation@outlook.com,,TPE (<10),B2C,LinkedIn,,Actif,2026-06-29T00:22:55.300834,moyenne
BJ-B1B6C67D,Studio Production Radio Kpomassè,Médias & Communication,Kpomassè,+229 48 61 40 45,studio.production@studioproductio.bj,studioproductionradiokpomassè.bj,PME (50-200),B2B,LinkedIn,,Actif,2026-06-29T00:22:55.300860,haute
BJ-923A4767,Contenu,Médias & Communication,Kpomassè,+229 88 56 38 78,contenu@contenu.org.bj,contenu.bj,PME (50-200),B2C,LinkedIn,,Actif,2026-06-29T00:22:55.300876,haute
BJ-944C9DB6,Production Liberté,Médias & Communication,Kpomassè,+229 93 82 75 35,productionliberté@productionliber.bj,productionliberté.bj,TPE (<10),B2C,LinkedIn,,Actif,2026-06-29T00:22:55.300915,haute
BJ-E3F6A3D2,Diffusion YouTube Productions,Médias & Communication,Kpomassè,+229 70 71 96 82,,diffusionyoutubeproductions.bj,Grande (>200),B2C,LinkedIn,,Actif,2026-06-29T00:22:55.300931,moyenne
BJ-2596387C,Communication Rédaction,Médias & Communication,Kpomassè,+229 59 67 17 83,,communicationrédaction.bj,TPE (<10),B2C,LinkedIn,,Actif,2026-06-29T00:22:55.300944,moyenne
BJ-1C2D56B6,International Communication,Médias & Communication,Tori-Bossito,+229 56 92 59 63,i.communication@internationalco.org.bj,internationalcommunication.bj,PME (10-50),B2B,LinkedIn,,Actif,2026-06-29T00:22:55.300970,haute
BJ-2E120B51,Rédaction Bénin,Médias & Communication,Tori-Bossito,+229 54 10 57 78,rédactionbénin@rédactionbénin.com.bj,rédactionbénin.bj,PME (10-50),B2B,LinkedIn,,Actif,2026-06-29T00:22:55.300990,haute
BJ-EB490132,Contenu,Médias & Communication,Tori-Bossito,+229 64 94 93 92,contenu@contenu.bj,contenu.bj,PME (10-50),B2B,LinkedIn,,Actif,2026-06-29T00:22:55.301005,haute
BJ-1517F0FD,Blogueur Media,Médias & Communication,Tori-Bossito,+229 69 33 48 38,,,TPE (<10),B2C,LinkedIn,,Actif,2026-06-29T00:22:55.301022,basse
BJ-718CDCD1,Twitter Studios,Médias & Communication,Tori-Bossito,+229 45 14 72 12,twitterstudios@twitterstudios.bj,twitterstudios.bj,Grande (>200),B2C,LinkedIn,,Actif,2026-06-29T00:22:55.301040,haute
BJ-33ED96FB,Interview Productions,Médias & Communication,Grand-Popo,+229 82 49 76 28,i.productions@yahoo.fr,interviewproductions.bj,TPE (<10),B2B,LinkedIn,,Actif,2026-06-29T00:22:55.301064,haute
BJ-3C957F54,Studio Photo Radio Grand-Popo,Médias & Communication,Grand-Popo,+229 97 88 22 81,,studiophotoradiograndpopo.bj,PME (10-50),B2C,LinkedIn,,Actif,2026-06-29T00:22:55.301077,moyenne
BJ-7EEF2BE4,Interview Communication,Médias & Communication,Grand-Popo,+229 93 50 44 14,,interviewcommunication.bj,TPE (<10),B2B,LinkedIn,,Actif,2026-06-29T00:22:55.301114,moyenne
BJ-07FCCFD5,Publicité Radio,Médias & Communication,Grand-Popo,+229 76 95 98 24,publicité.radio@publicitéradio.org.bj,,TPE (<10),B2B,LinkedIn,,Actif,2026-06-29T00:22:55.301135,moyenne
BJ-6975DCBD,Journal Liberté TV,Médias & Communication,Athiémé,+229 41 32 31 52,j.liberté@journallibertét.bj,,TPE (<10),B2B,LinkedIn,,Actif,2026-06-29T00:22:55.301160,moyenne
BJ-0BA2C07F,Sociaux TV,Médias & Communication,Athiémé,+229 77 11 14 28,,,PME (10-50),B2C,LinkedIn,,Actif,2026-06-29T00:22:55.301172,basse
BJ-EDD82CB3,SVOD,Médias & Communication,Athiémé,+229 83 34 42 45,svod@yahoo.com,svod.bj,PME (50-200),B2C,LinkedIn,,Actif,2026-06-29T00:22:55.301186,haute
BJ-388C037B,International Productions,Médias & Communication,Athiémé,+229 43 14 61 59,i.productions@internationalpr.com.bj,internationalproductions.bj,TPE (<10),B2C,LinkedIn,,Actif,2026-06-29T00:22:55.301202,haute
BJ-52AF3494,Presse Télévision Productions,Médias & Communication,Athiémé,+229 60 71 32 25,presse.télévision@pressetélévisio.org.bj,pressetélévisionproductions.bj,PME (50-200),B2B,LinkedIn,,Actif,2026-06-29T00:22:55.301220,haute
BJ-A307EDAC,Facebook News,Médias & Communication,Bopa,+229 94 25 10 93,facebooknews@facebooknews.com.bj,,TPE (<10),B2B,LinkedIn,,Actif,2026-06-29T00:22:55.301242,moyenne
BJ-CB9A84A4,Radio Radio Bopa,Médias & Communication,Bopa,+229 74 56 20 17,radio.radio@gmail.com,,TPE (<10),B2B,LinkedIn,,Actif,2026-06-29T00:22:55.301257,moyenne
BJ-61599128,Média Communication Press Bopa,Médias & Communication,Bopa,+229 89 15 66 72,,médiacommunicationpressbopa.bj,PME (10-50),B2C,LinkedIn,,Actif,2026-06-29T00:22:55.301279,moyenne
BJ-CBD84012,Production Éditorial,Médias & Communication,Bopa,+229 33 99 87 29,productionéditorial@productionédito.bj,productionéditorial.bj,TPE (<10),B2B,LinkedIn,,Actif,2026-06-29T00:22:55.301302,haute
BJ-6ACC4AFB,Studio Cinéma Productions,Médias & Communication,Bopa,+229 59 45 74 77,studio.cinéma@studiocinémapro.com.bj,studiocinémaproductions.bj,TPE (<10),B2B,LinkedIn,,Actif,2026-06-29T00:22:55.301344,haute
BJ-8F07A836,Communication Série,Médias & Communication,Houéyogbé,+229 84 55 91 57,communication.série@outlook.com,communicationsérie.bj,TPE (<10),B2B,LinkedIn,,Actif,2026-06-29T00:22:55.301382,haute
BJ-5850D9B6,Nouvelles Bénin,Médias & Communication,Houéyogbé,+229 78 35 82 64,nouvellesbénin@nouvellesbénin.com.bj,,PME (10-50),B2C,LinkedIn,,Actif,2026-06-29T00:22:55.301407,moyenne
BJ-56893BE0,Presse Rédaction Productions,Médias & Communication,Houéyogbé,+229 32 53 97 50,p.rédaction@gmail.com,presserédactionproductions.bj,PME (10-50),B2B,LinkedIn,,Actif,2026-06-29T00:22:55.301439,haute
BJ-E121009C,Communication Journal,Médias & Communication,Houéyogbé,+229 28 93 77 94,communicationjournal@communicationjo.org.bj,,TPE (<10),B2B,LinkedIn,,Actif,2026-06-29T00:22:55.301465,moyenne
BJ-EF522321,Diffusion Radio Houéyogbé,Médias & Communication,Houéyogbé,+229 94 89 69 81,d.radio@yahoo.com,diffusionradiohouéyogbé.bj,TPE (<10),B2B,LinkedIn,,Actif,2026-06-29T00:22:55.301492,haute
BJ-B4BC5BDC,Série,Médias & Communication,Malanville,+229 52 50 16 54,,série.bj,TPE (<10),B2C,LinkedIn,,Actif,2026-06-29T00:22:55.301525,moyenne
BJ-0FD28F43,TikTok Radio,Médias & Communication,Malanville,+229 85 58 97 25,tiktok.radio@outlook.com,tiktokradio.bj,PME (50-200),B2B,LinkedIn,,Actif,2026-06-29T00:22:55.301584,haute
BJ-D1899FF8,Graphisme TV,Médias & Communication,Malanville,+229 87 50 92 18,graphisme@yahoo.fr,graphismetv.bj,PME (50-200),B2C,LinkedIn,,Actif,2026-06-29T00:22:55.301610,haute
BJ-213F1F0D,Facebook Bénin,Médias & Communication,Malanville,+229 77 26 13 62,,,Grande (>200),B2B,LinkedIn,,Actif,2026-06-29T00:22:55.301629,basse
BJ-232636C8,Photo,Médias & Communication,Kandi,+229 61 72 48 52,photo@gmail.com,photo.bj,PME (50-200),B2B,LinkedIn,,Actif,2026-06-29T00:22:55.301663,haute
BJ-FB93EFB4,Média OTT Kandi,Médias & Communication,Kandi,+229 21 18 50 90,,médiaottkandi.bj,TPE (<10),B2B,LinkedIn,,Actif,2026-06-29T00:22:55.301685,moyenne
BJ-F7F10974,Presse Marketing,Médias & Communication,Kandi,+229 25 12 99 60,p.marketing@hotmail.com,pressemarketing.bj,PME (50-200),B2C,LinkedIn,,Actif,2026-06-29T00:22:55.301713,haute
BJ-64DC7E59,Agence Instagram,Médias & Communication,Kandi,+229 65 21 13 93,a.instagram@yahoo.com,agenceinstagram.bj,TPE (<10),B2C,LinkedIn,,Actif,2026-06-29T00:22:55.301747,haute
BJ-61FF662D,Cinéma Press,Médias & Communication,Kandi,+229 34 27 75 46,cinémapress@cinémapress.org.bj,cinémapress.bj,PME (10-50),B2C,LinkedIn,,Actif,2026-06-29T00:22:55.301777,haute
BJ-214FF2E3,Communication Streaming Networks,Médias & Communication,Banikoara,+229 25 10 58 98,communication.streaming@communicationst.com.bj,,PME (50-200),B2B,LinkedIn,,Actif,2026-06-29T00:22:55.301822,moyenne
BJ-2C9D91D1,Communication Media,Médias & Communication,Banikoara,+229 46 45 10 91,communicationmedia@communicationme.bj,,TPE (<10),B2C,LinkedIn,,Actif,2026-06-29T00:22:55.301865,moyenne
BJ-61606192,Reportage Media,Médias & Communication,Banikoara,+229 24 90 16 70,,reportagemedia.bj,Grande (>200),B2C,LinkedIn,,Actif,2026-06-29T00:22:55.301912,moyenne
BJ-3303E854,Enquête,Médias & Communication,Banikoara,+229 84 38 46 78,enquête@hotmail.com,enquête.bj,PME (10-50),B2C,LinkedIn,,Actif,2026-06-29T00:22:55.301946,haute
BJ-632D1435,Communication Streaming TV,Médias & Communication,Banikoara,+229 51 55 95 54,c.streaming@outlook.com,communicationstreamingtv.bj,Grande (>200),B2C,LinkedIn,,Actif,2026-06-29T00:22:55.301985,haute
BJ-1DDC8ECF,Production Télévision Communication Ségbana,Médias & Communication,Ségbana,+229 74 51 40 84,production.télévision@gmail.com,productiontélévisioncommunicationségbana.bj,PME (10-50),B2B,LinkedIn,,Actif,2026-06-29T00:22:55.302033,haute
BJ-2BB12DA6,Média Radio Bénin,Médias & Communication,Ségbana,+229 33 65 45 83,média_radio@hotmail.com,,TPE (<10),B2C,LinkedIn,,Actif,2026-06-29T00:22:55.302063,moyenne
BJ-5B809F7A,Cinéma,Médias & Communication,Ségbana,+229 84 99 49 91,,,TPE (<10),B2C,LinkedIn,,Actif,2026-06-29T00:22:55.302091,basse
BJ-D9DBF72B,Journal Télévision News,Médias & Communication,Ségbana,+229 98 53 59 95,,journaltélévisionnews.bj,Grande (>200),B2B,LinkedIn,,Actif,2026-06-29T00:22:55.302119,moyenne
BJ-4BBE1EAE,Presse Cinéma News Ségbana,Médias & Communication,Ségbana,+229 79 52 63 56,p.cinéma@pressecinémanew.org.bj,pressecinémanewsségbana.bj,TPE (<10),B2B,LinkedIn,,Actif,2026-06-29T00:22:55.302158,haute
BJ-0DCCCCA0,Sociaux Press,Médias & Communication,Karimama,+229 72 84 40 73,,sociauxpress.bj,TPE (<10),B2B,LinkedIn,,Actif,2026-06-29T00:22:55.302183,moyenne
BJ-D9292F29,Podcast,Médias & Communication,Karimama,+229 90 80 18 77,podcast@yahoo.com,podcast.bj,PME (10-50),B2B,LinkedIn,,Actif,2026-06-29T00:22:55.302202,haute
BJ-AFC7F096,Interview,Médias & Communication,Karimama,+229 82 23 44 69,interview@interview.bj,interview.bj,PME (10-50),B2B,LinkedIn,,Actif,2026-06-29T00:22:55.302231,haute
BJ-6AF80E2D,Presse Film,Médias & Communication,Karimama,+229 55 86 81 46,presse.film@yahoo.fr,pressefilm.bj,TPE (<10),B2B,LinkedIn,,Actif,2026-06-29T00:22:55.302256,haute
BJ-2880DC05,Facebook Studios,Médias & Communication,Karimama,+229 81 97 34 13,facebook.studios@facebookstudios.com.bj,facebookstudios.bj,PME (10-50),B2C,LinkedIn,,Actif,2026-06-29T00:22:55.302296,haute
BJ-1F450A3D,Diffusion Instagram News Gogounou,Médias & Communication,Gogounou,+229 86 36 51 83,d.instagram@outlook.com,diffusioninstagramnewsgogounou.bj,PME (50-200),B2C,LinkedIn,,Actif,2026-06-29T00:22:55.302348,haute
BJ-57399D4E,Cinéma Communication Gogounou,Médias & Communication,Gogounou,+229 67 58 63 28,cinémacommunication@outlook.com,cinémacommunicationgogounou.bj,PME (50-200),B2C,LinkedIn,,Actif,2026-06-29T00:22:55.302391,haute
BJ-D3D9646B,OTT News,Médias & Communication,Gogounou,+229 79 70 36 68,o.news@ottnews.bj,ottnews.bj,PME (50-200),B2B,LinkedIn,,Actif,2026-06-29T00:22:55.302447,haute
BJ-76195737,Image TV,Médias & Communication,Gogounou,+229 21 32 91 82,,imagetv.bj,TPE (<10),B2C,LinkedIn,,Actif,2026-06-29T00:22:55.302477,moyenne
BJ-54A98006,Agence Presse Gogounou,Médias & Communication,Gogounou,+229 86 52 95 54,agencepresse@agencepressegog.org.bj,agencepressegogounou.bj,TPE (<10),B2C,LinkedIn,,Actif,2026-06-29T00:22:55.302510,haute
BJ-DC6E3875,Marketing News Cobly,Médias & Communication,Cobly,+229 30 74 33 88,,,PME (10-50),B2C,LinkedIn,,Actif,2026-06-29T00:22:55.302565,basse
BJ-BC8BAE89,Presse Sociaux Press,Médias & Communication,Cobly,+229 76 38 77 78,presse.sociaux@outlook.com,pressesociauxpress.bj,TPE (<10),B2C,LinkedIn,,Actif,2026-06-29T00:22:55.302607,haute
BJ-8138DF82,Média TikTok Media,Médias & Communication,Cobly,+229 85 27 21 27,,médiatiktokmedia.bj,TPE (<10),B2B,LinkedIn,,Actif,2026-06-29T00:22:55.302659,moyenne
BJ-3723DC77,Média Information Press,Médias & Communication,Cobly,+229 36 83 45 91,média_information@médiainformatio.bj,,PME (10-50),B2B,LinkedIn,,Actif,2026-06-29T00:22:55.302709,moyenne
BJ-8F1F4AB4,Studio Marketing Studios Cobly,Médias & Communication,Cobly,+229 70 65 93 24,,studiomarketingstudioscobly.bj,PME (10-50),B2C,LinkedIn,,Actif,2026-06-29T00:22:55.302748,moyenne
BJ-F86386C3,Presse SVOD TV,Médias & Communication,Tanguiéta,+229 90 37 89 60,presse.svod@pressesvodtv.com.bj,pressesvodtv.bj,Grande (>200),B2C,LinkedIn,,Actif,2026-06-29T00:22:55.302845,haute
BJ-9F843135,Agence Liberté,Médias & Communication,Tanguiéta,+229 52 72 15 78,,,TPE (<10),B2C,LinkedIn,,Actif,2026-06-29T00:22:55.302876,basse
BJ-01979156,Graphisme,Médias & Communication,Tanguiéta,+229 46 31 20 30,,graphisme.bj,TPE (<10),B2B,LinkedIn,,Actif,2026-06-29T00:22:55.302927,moyenne
BJ-FDB195CD,Network Tanguiéta,Médias & Communication,Tanguiéta,+229 26 54 96 55,n.tanguiéta@outlook.com,,PME (10-50),B2C,LinkedIn,,Actif,2026-06-29T00:22:55.302985,moyenne
BJ-EA316477,OTT,Médias & Communication,Tanguiéta,+229 98 27 48 69,ott@ott.com.bj,ott.bj,TPE (<10),B2B,LinkedIn,,Actif,2026-06-29T00:22:55.303020,haute
BJ-734BC43D,SVOD Media,Médias & Communication,Matéri,+229 90 80 35 23,,svodmedia.bj,PME (10-50),B2B,LinkedIn,,Actif,2026-06-29T00:22:55.303062,moyenne
BJ-8D4BFC4C,Animation Radio,Médias & Communication,Matéri,+229 94 95 10 90,animation.radio@yahoo.com,animationradio.bj,PME (50-200),B2C,LinkedIn,,Actif,2026-06-29T00:22:55.303093,haute
BJ-34269DAC,Influenceur Communication,Médias & Communication,Matéri,+229 32 33 53 97,influenceur.communication@influenceurcomm.com.bj,influenceurcommunication.bj,PME (10-50),B2C,LinkedIn,,Actif,2026-06-29T00:22:55.303137,haute
BJ-D1BF4272,Journal TV,Médias & Communication,Matéri,+229 66 21 92 89,journal@outlook.com,journaltv.bj,TPE (<10),B2C,LinkedIn,,Actif,2026-06-29T00:22:55.303156,haute
BJ-1FD65749,Montage,Médias & Communication,Matéri,+229 74 61 97 49,montage@gmail.com,,PME (50-200),B2C,LinkedIn,,Actif,2026-06-29T00:22:55.303170,moyenne
BJ-3F707555,Vidéo Communication,Médias & Communication,Natitingou,+229 72 63 65 20,vidéo.communication@yahoo.fr,,TPE (<10),B2B,LinkedIn,,Actif,2026-06-29T00:22:55.303197,moyenne
BJ-C5775C0E,Journalisme Press,Médias & Communication,Natitingou,+229 43 20 78 84,journalisme.press@yahoo.fr,journalismepress.bj,PME (10-50),B2B,LinkedIn,,Actif,2026-06-29T00:22:55.303215,haute
BJ-B73DF5BE,Journalisme TV,Médias & Communication,Natitingou,+229 70 45 41 41,,journalismetv.bj,PME (50-200),B2B,LinkedIn,,Actif,2026-06-29T00:22:55.303227,moyenne
BJ-61F1CDA8,Digital Productions,Médias & Communication,Natitingou,+229 49 88 86 74,digitalproductions@digitalproducti.bj,digitalproductions.bj,TPE (<10),B2B,LinkedIn,,Actif,2026-06-29T00:22:55.303245,haute
BJ-9A13FB6E,Streaming Networks,Médias & Communication,Natitingou,+229 67 82 62 48,,streamingnetworks.bj,PME (10-50),B2C,LinkedIn,,Actif,2026-06-29T00:22:55.303257,moyenne
BJ-6E323402,Communication Actualité Toucountouna,Médias & Communication,Toucountouna,+229 62 44 58 85,communication.actualité@communicationac.org.bj,communicationactualitétoucountouna.bj,PME (10-50),B2B,LinkedIn,,Actif,2026-06-29T00:22:55.303285,haute
BJ-070F72D2,Son,Médias & Communication,Toucountouna,+229 60 92 93 10,,,PME (10-50),B2B,LinkedIn,,Actif,2026-06-29T00:22:55.303298,basse
BJ-39EBA673,Radio Design Africa,Médias & Communication,Toucountouna,+229 63 49 32 91,radiodesign@radiodesignafri.com.bj,,TPE (<10),B2B,LinkedIn,,Actif,2026-06-29T00:22:55.303321,moyenne
BJ-A68FA483,Journal Image,Médias & Communication,Toucountouna,+229 72 82 90 83,,journalimage.bj,PME (10-50),B2C,LinkedIn,,Actif,2026-06-29T00:22:55.303334,moyenne
BJ-8EF00D1C,Animation Studios,Médias & Communication,Toucountouna,+229 36 64 48 27,animationstudios@animationstudio.com.bj,animationstudios.bj,PME (50-200),B2B,LinkedIn,,Actif,2026-06-29T00:22:55.303350,haute
BJ-F9D6AF34,Studio Social Networks,Médias & Communication,Boukoumbé,+229 38 24 53 34,,studiosocialnetworks.bj,TPE (<10),B2B,LinkedIn,,Actif,2026-06-29T00:22:55.303385,moyenne
BJ-D55C5509,Journal Design Studios Boukoumbé,Médias & Communication,Boukoumbé,+229 43 89 62 58,,journaldesignstudiosboukoumbé.bj,PME (50-200),B2C,LinkedIn,,Actif,2026-06-29T00:22:55.303398,moyenne
BJ-A1D981BA,Radio Communication,Médias & Communication,Boukoumbé,+229 81 12 28 70,radio.communication@gmail.com,,PME (50-200),B2B,LinkedIn,,Actif,2026-06-29T00:22:55.303414,moyenne
BJ-B93EA84E,Film Press,Médias & Communication,Boukoumbé,+229 38 63 81 47,,filmpress.bj,PME (10-50),B2B,LinkedIn,,Actif,2026-06-29T00:22:55.303426,moyenne
BJ-557445E9,Production Journal,Médias & Communication,Kouandé,+229 25 54 28 92,production.journal@yahoo.fr,productionjournal.bj,PME (50-200),B2C,LinkedIn,,Actif,2026-06-29T00:22:55.303449,haute
BJ-A53DB5D5,SVOD Communication Kouandé,Médias & Communication,Kouandé,+229 32 71 43 79,s.communication@outlook.com,svodcommunicationkouandé.bj,TPE (<10),B2C,LinkedIn,,Actif,2026-06-29T00:22:55.303484,haute
BJ-539F6D2F,Réseaux,Médias & Communication,Kouandé,+229 58 21 84 32,,réseaux.bj,TPE (<10),B2C,LinkedIn,,Actif,2026-06-29T00:22:55.303497,moyenne
BJ-426637EE,Influenceur,Médias & Communication,Kouandé,+229 69 83 99 22,,influenceur.bj,PME (50-200),B2B,LinkedIn,,Actif,2026-06-29T00:22:55.303509,moyenne
BJ-EEE44AD6,Communication Design Productions,Médias & Communication,Péhunco,+229 38 33 91 45,communication.design@outlook.com,communicationdesignproductions.bj,PME (10-50),B2B,LinkedIn,,Actif,2026-06-29T00:22:55.303533,haute
BJ-FB632A18,Studio Network,Médias & Communication,Péhunco,+229 75 58 18 77,s.network@gmail.com,,PME (10-50),B2B,LinkedIn,,Actif,2026-06-29T00:22:55.303548,moyenne
BJ-2D0CBF43,Diffusion Rédaction Communication Péhunco,Médias & Communication,Péhunco,+229 91 48 25 73,diffusion.rédaction@diffusionrédact.com.bj,diffusionrédactioncommunicationpéhunco.bj,TPE (<10),B2B,LinkedIn,,Actif,2026-06-29T00:22:55.303572,haute
BJ-56DB16A2,Agence Journal,Médias & Communication,Péhunco,+229 21 81 38 25,agence_journal@agencejournal.bj,agencejournal.bj,TPE (<10),B2B,LinkedIn,,Actif,2026-06-29T00:22:55.303592,haute
BJ-D04B8D62,Journal Facebook Press Tchaourou,Médias & Communication,Tchaourou,+229 72 88 34 63,journalfacebook@yahoo.com,journalfacebookpresstchaourou.bj,TPE (<10),B2C,LinkedIn,,Actif,2026-06-29T00:22:55.303629,haute
BJ-73498CDE,Diffusion Réseaux Tchaourou,Médias & Communication,Tchaourou,+229 64 11 39 29,,diffusionréseauxtchaourou.bj,TPE (<10),B2C,LinkedIn,,Actif,2026-06-29T00:22:55.303643,moyenne
BJ-052E2348,Journal Nouvelles,Médias & Communication,Tchaourou,+229 51 76 58 70,,journalnouvelles.bj,PME (50-200),B2C,LinkedIn,,Actif,2026-06-29T00:22:55.303658,moyenne
BJ-9D773A5B,Streaming Africa,Médias & Communication,Tchaourou,+229 65 94 63 28,streaming.africa@streamingafrica.bj,streamingafrica.bj,PME (10-50),B2B,LinkedIn,,Actif,2026-06-29T00:22:55.303675,haute
BJ-3C8EDE5D,Enquête Media,Médias & Communication,Nikki,+229 60 11 37 10,,enquêtemedia.bj,PME (10-50),B2C,LinkedIn,,Actif,2026-06-29T00:22:55.303713,moyenne
BJ-6535D671,Radio Networks,Médias & Communication,Nikki,+229 36 29 37 31,radio.networks@gmail.com,,PME (50-200),B2C,LinkedIn,,Actif,2026-06-29T00:22:55.303728,moyenne
BJ-BCDAFC71,Photo Productions,Médias & Communication,Nikki,+229 43 62 54 48,p.productions@photoproduction.com.bj,photoproductions.bj,PME (50-200),B2B,LinkedIn,,Actif,2026-06-29T00:22:55.303745,haute
BJ-B22EEABB,Streaming,Médias & Communication,Nikki,+229 76 29 84 59,,,PME (50-200),B2B,LinkedIn,,Actif,2026-06-29T00:22:55.303769,basse
BJ-5AB9F8A7,Vidéo,Médias & Communication,Bembéréké,+229 30 72 15 91,vidéo@outlook.com,vidéo.bj,PME (10-50),B2B,LinkedIn,,Actif,2026-06-29T00:22:55.303790,haute
BJ-6A004F91,Production Radio,Médias & Communication,Bembéréké,+229 44 20 59 70,productionradio@yahoo.fr,productionradio.bj,PME (50-200),B2B,LinkedIn,,Actif,2026-06-29T00:22:55.303806,haute
BJ-5E15E8E8,Média OTT Bembéréké,Médias & Communication,Bembéréké,+229 72 38 96 86,médiaott@médiaottbembéré.com.bj,,PME (10-50),B2C,LinkedIn,,Actif,2026-06-29T00:22:55.303828,moyenne
BJ-A69F5DD0,Agence Instagram News,Médias & Communication,Bembéréké,+229 61 66 77 76,agence.instagram@hotmail.com,agenceinstagramnews.bj,PME (50-200),B2B,LinkedIn,,Actif,2026-06-29T00:22:55.303848,haute
BJ-ABC1C3B4,Podcast,Médias & Communication,Bembéréké,+229 65 68 97 17,podcast@hotmail.com,podcast.bj,TPE (<10),B2B,LinkedIn,,Actif,2026-06-29T00:22:55.303861,haute
BJ-64B99D04,Facebook,Médias & Communication,Kalalé,+229 50 58 87 31,,facebook.bj,PME (50-200),B2B,LinkedIn,,Actif,2026-06-29T00:22:55.303880,moyenne
BJ-5149C0A2,Journal Communication,Médias & Communication,Kalalé,+229 58 66 12 66,j.communication@yahoo.fr,journalcommunication.bj,PME (10-50),B2C,LinkedIn,,Actif,2026-06-29T00:22:55.303920,haute
BJ-C2328E94,Studio Digital Kalalé,Médias & Communication,Kalalé,+229 33 57 34 72,,studiodigitalkalalé.bj,PME (10-50),B2B,LinkedIn,,Actif,2026-06-29T00:22:55.303950,moyenne
BJ-736CBFBB,Média Publicité,Médias & Communication,Kalalé,+229 23 91 38 13,média.publicité@yahoo.com,médiapublicité.bj,TPE (<10),B2B,LinkedIn,,Actif,2026-06-29T00:22:55.303990,haute
BJ-8E940EA2,Communication Social,Médias & Communication,Kalalé,+229 30 17 96 84,communicationsocial@outlook.com,communicationsocial.bj,TPE (<10),B2C,LinkedIn,,Actif,2026-06-29T00:22:55.304024,haute
BJ-80696C24,Radio Film,Médias & Communication,Ndali,+229 79 26 27 26,r.film@radiofilm.org.bj,radiofilm.bj,PME (10-50),B2B,LinkedIn,,Actif,2026-06-29T00:22:55.304068,haute
BJ-B2029B80,TV Journalisme Communication Ndali,Médias & Communication,Ndali,+229 71 27 90 54,journalisme.communication@tvjournalismeco.bj,tvjournalismecommunicationndali.bj,PME (10-50),B2B,LinkedIn,,Actif,2026-06-29T00:22:55.304109,haute
BJ-B5B43517,Radio Montage Communication,Médias & Communication,Ndali,+229 90 15 78 93,radiomontage@radiomontagecom.com.bj,radiomontagecommunication.bj,PME (50-200),B2C,LinkedIn,,Actif,2026-06-29T00:22:55.304145,haute
BJ-57509614,Twitter,Médias & Communication,Ndali,+229 62 49 79 59,twitter@twitter.org.bj,,TPE (<10),B2B,LinkedIn,,Actif,2026-06-29T00:22:55.304176,moyenne
BJ-39D5EF50,Studio Presse Communication Ndali,Médias & Communication,Ndali,+229 89 14 12 96,,studiopressecommunicationndali.bj,TPE (<10),B2B,LinkedIn,,Actif,2026-06-29T00:22:55.304205,moyenne
BJ-E3DA9993,Média Contenu Communication,Médias & Communication,Ségbana,+229 31 57 82 74,,médiacontenucommunication.bj,PME (50-200),B2C,LinkedIn,,Actif,2026-06-29T00:22:55.304260,moyenne
BJ-5274A051,Streaming Productions Ségbana,Médias & Communication,Ségbana,+229 93 97 73 18,s.productions@outlook.com,streamingproductionsségbana.bj,PME (50-200),B2C,LinkedIn,,Actif,2026-06-29T00:22:55.304281,haute
BJ-D756AC70,VOD,Médias & Communication,Ségbana,+229 35 57 65 53,vod@vod.com.bj,vod.bj,TPE (<10),B2C,LinkedIn,,Actif,2026-06-29T00:22:55.304303,haute
BJ-CB2128BC,Animation Media,Médias & Communication,Ségbana,+229 32 51 61 19,,,PME (10-50),B2B,LinkedIn,,Actif,2026-06-29T00:22:55.304315,basse
BJ-7FCCBAFE,Création Networks,Médias & Communication,Tchaourou,+229 46 76 33 48,c.networks@yahoo.fr,,TPE (<10),B2B,LinkedIn,,Actif,2026-06-29T00:22:55.304340,moyenne
BJ-FC5A52CC,Image Studios,Médias & Communication,Tchaourou,+229 92 49 84 60,i.studios@imagestudios.bj,,PME (10-50),B2C,LinkedIn,,Actif,2026-06-29T00:22:55.304357,moyenne
BJ-8A62D602,Production Photo Bénin,Médias & Communication,Tchaourou,+229 77 23 77 10,productionphoto@gmail.com,,PME (50-200),B2B,LinkedIn,,Actif,2026-06-29T00:22:55.304377,moyenne
BJ-B0E2DDA5,Presse Network Networks Tchaourou,Médias & Communication,Tchaourou,+229 87 41 49 88,presse.network@yahoo.com,pressenetworknetworkstchaourou.bj,PME (10-50),B2B,LinkedIn,,Actif,2026-06-29T00:22:55.304396,haute
BJ-249EAAE3,Film,Médias & Communication,Tchaourou,+229 48 20 19 36,film@yahoo.com,film.bj,TPE (<10),B2C,LinkedIn,,Actif,2026-06-29T00:22:55.304410,haute
BJ-A20956D1,Twitter Networks,Médias & Communication,Bétérou,+229 81 45 32 96,twitternetworks@twitternetworks.org.bj,twitternetworks.bj,PME (10-50),B2B,LinkedIn,,Actif,2026-06-29T00:22:55.304434,haute
BJ-0F3A2944,TikTok Bétérou,Médias & Communication,Bétérou,+229 68 95 73 37,,tiktokbétérou.bj,PME (10-50),B2B,LinkedIn,,Actif,2026-06-29T00:22:55.304447,moyenne
BJ-79189943,Radio Design,Médias & Communication,Bétérou,+229 49 47 81 61,,radiodesign.bj,TPE (<10),B2C,LinkedIn,,Actif,2026-06-29T00:22:55.304460,moyenne
BJ-1E01D28B,SVOD Africa,Médias & Communication,Bétérou,+229 53 19 63 51,,,PME (10-50),B2C,LinkedIn,,Actif,2026-06-29T00:22:55.304486,basse
BJ-A150F524,Presse Liberté Ouessè,Médias & Communication,Ouessè,+229 84 84 94 28,presse.liberté@hotmail.com,presselibertéouessè.bj,PME (10-50),B2C,LinkedIn,,Actif,2026-06-29T00:22:55.304511,haute
BJ-322CC0FC,Rédaction Press,Médias & Communication,Ouessè,+229 86 32 87 57,rédactionpress@rédactionpress.com.bj,rédactionpress.bj,PME (50-200),B2B,LinkedIn,,Actif,2026-06-29T00:22:55.304534,haute
BJ-A577E6B5,Radio VOD,Médias & Communication,Ouessè,+229 35 37 79 70,r.vod@radiovod.bj,radiovod.bj,TPE (<10),B2B,LinkedIn,,Actif,2026-06-29T00:22:55.304554,haute
BJ-AC2B1A3B,Image TV,Médias & Communication,Ouessè,+229 64 57 71 10,image@imagetv.com.bj,imagetv.bj,PME (50-200),B2C,LinkedIn,,Actif,2026-06-29T00:22:55.304572,haute
BJ-16B5A9D1,Journal Radio Press,Médias & Communication,Glazoué,+229 24 59 30 65,,journalradiopress.bj,PME (10-50),B2B,LinkedIn,,Actif,2026-06-29T00:22:55.304608,moyenne
BJ-5323033A,Studio YouTube Networks,Médias & Communication,Glazoué,+229 48 46 31 79,studio_youtube@yahoo.com,studioyoutubenetworks.bj,TPE (<10),B2B,LinkedIn,,Actif,2026-06-29T00:22:55.304625,haute
BJ-3C74F417,Vidéo News Glazoué,Médias & Communication,Glazoué,+229 48 63 53 97,vidéo.news@vidéonewsglazou.org.bj,vidéonewsglazoué.bj,TPE (<10),B2C,LinkedIn,,Actif,2026-06-29T00:22:55.304644,haute
BJ-531F7FB7,Facebook Press,Médias & Communication,Glazoué,+229 42 81 11 84,,facebookpress.bj,TPE (<10),B2C,LinkedIn,,Actif,2026-06-29T00:22:55.304656,moyenne
BJ-23692799,Interview,Médias & Communication,Glazoué,+229 36 59 84 68,interview@interview.org.bj,interview.bj,TPE (<10),B2B,LinkedIn,,Actif,2026-06-29T00:22:55.304670,haute
BJ-63E10CD4,Information Productions,Médias & Communication,Dassa-Zoumè,+229 80 47 57 75,information_productions@informationprod.com.bj,,TPE (<10),B2C,LinkedIn,,Actif,2026-06-29T00:22:55.304694,moyenne
BJ-A6BBB1AE,Diffusion Réalisation Media,Médias & Communication,Dassa-Zoumè,+229 34 13 40 53,diffusionréalisation@diffusionréalis.com.bj,diffusionréalisationmedia.bj,Grande (>200),B2B,LinkedIn,,Actif,2026-06-29T00:22:55.304713,haute
BJ-2EE56B87,Facebook,Médias & Communication,Dassa-Zoumè,+229 38 22 80 69,facebook@facebook.bj,,Grande (>200),B2C,LinkedIn,,Actif,2026-06-29T00:22:55.304731,moyenne
BJ-3F2EE79F,Démocratie Dassa-Zoumè,Médias & Communication,Dassa-Zoumè,+229 61 14 98 32,d.dassa@outlook.com,,PME (10-50),B2C,LinkedIn,,Actif,2026-06-29T00:22:55.304748,moyenne
BJ-7919B9B1,Production Photo,Médias & Communication,Dassa-Zoumè,+229 69 46 44 27,p.photo@productionphoto.bj,productionphoto.bj,PME (10-50),B2B,LinkedIn,,Actif,2026-06-29T00:22:55.304765,haute
BJ-E7C1C0FD,Podcast Productions,Médias & Communication,Savalou,+229 57 75 28 82,podcast_productions@podcastproducti.bj,podcastproductions.bj,TPE (<10),B2C,LinkedIn,,Actif,2026-06-29T00:22:55.304791,haute
BJ-572DE490,Presse Création Press,Médias & Communication,Savalou,+229 67 58 56 41,,pressecréationpress.bj,PME (10-50),B2C,LinkedIn,,Actif,2026-06-29T00:22:55.304805,moyenne
BJ-517FD98A,Journal Graphisme Savalou,Médias & Communication,Savalou,+229 90 60 64 40,journal_graphisme@journalgraphism.com.bj,,PME (10-50),B2C,LinkedIn,,Actif,2026-06-29T00:22:55.304821,moyenne
BJ-467BECA0,Réseaux Studios,Médias & Communication,Savalou,+229 63 83 38 33,réseaux.studios@hotmail.com,,PME (10-50),B2C,LinkedIn,,Actif,2026-06-29T00:22:55.304837,moyenne
BJ-56BE2EF3,TV Démocratie Communication,Médias & Communication,Bantè,+229 86 63 38 45,,tvdémocratiecommunication.bj,PME (50-200),B2B,LinkedIn,,Actif,2026-06-29T00:22:55.304883,moyenne
BJ-18A88319,Journalisme TV,Médias & Communication,Bantè,+229 36 63 31 81,,,PME (10-50),B2C,LinkedIn,,Actif,2026-06-29T00:22:55.304915,basse
BJ-4A4713A9,Design Bantè,Médias & Communication,Bantè,+229 29 22 45 76,designbantè@yahoo.fr,designbantè.bj,PME (50-200),B2B,LinkedIn,,Actif,2026-06-29T00:22:55.304955,haute
BJ-F3FAAD2E,Réalisation Bantè,Médias & Communication,Bantè,+229 69 60 77 37,,réalisationbantè.bj,TPE (<10),B2C,LinkedIn,,Actif,2026-06-29T00:22:55.304968,moyenne
BJ-0E3367F5,Agence Animation Networks,Médias & Communication,Djougou,+229 35 15 24 65,,agenceanimationnetworks.bj,PME (10-50),B2C,LinkedIn,,Actif,2026-06-29T00:22:55.304988,moyenne
BJ-C182AB85,Contenu Media,Médias & Communication,Djougou,+229 97 23 32 54,contenu_media@contenumedia.com.bj,,PME (50-200),B2C,LinkedIn,,Actif,2026-06-29T00:22:55.305005,moyenne
BJ-9473CDA5,OTT Bénin,Médias & Communication,Djougou,+229 44 59 71 50,,,PME (10-50),B2C,LinkedIn,,Actif,2026-06-29T00:22:55.305017,basse
BJ-0857BD46,Presse Podcast,Médias & Communication,Djougou,+229 49 16 59 32,p.podcast@outlook.com,pressepodcast.bj,TPE (<10),B2B,LinkedIn,,Actif,2026-06-29T00:22:55.305032,haute
BJ-E4C91869,Agence Streaming TV Djougou,Médias & Communication,Djougou,+229 84 94 62 72,,agencestreamingtvdjougou.bj,PME (10-50),B2C,LinkedIn,,Actif,2026-06-29T00:22:55.305044,moyenne
BJ-95667E01,TV Contenu Media Ouèssè,Médias & Communication,Ouèssè,+229 26 11 86 47,contenumedia@hotmail.com,tvcontenumediaouèssè.bj,PME (50-200),B2B,LinkedIn,,Actif,2026-06-29T00:22:55.305073,haute
BJ-19B9B4DD,Journalisme,Médias & Communication,Ouèssè,+229 99 98 66 26,,journalisme.bj,TPE (<10),B2C,LinkedIn,,Actif,2026-06-29T00:22:55.305085,moyenne
BJ-DDED3688,Production Film Networks,Médias & Communication,Ouèssè,+229 60 38 37 54,production.film@productionfilmn.com.bj,,TPE (<10),B2C,LinkedIn,,Actif,2026-06-29T00:22:55.305106,moyenne
BJ-C46880A8,Nouvelles Press Ouèssè,Médias & Communication,Ouèssè,+229 51 79 27 31,n.press@hotmail.com,nouvellespressouèssè.bj,PME (10-50),B2C,LinkedIn,,Actif,2026-06-29T00:22:55.305125,haute
BJ-3E2B5DD4,Média Création,Médias & Communication,Ouèssè,+229 61 79 82 25,médiacréation@médiacréation.com.bj,médiacréation.bj,TPE (<10),B2B,LinkedIn,,Actif,2026-06-29T00:22:55.305142,haute
BJ-D254C1AA,Série TV,Médias & Communication,Bassila,+229 73 99 60 80,,sérietv.bj,TPE (<10),B2B,LinkedIn,,Actif,2026-06-29T00:22:55.305162,moyenne
BJ-81190E8A,Production Journal Bassila,Médias & Communication,Bassila,+229 78 16 27 28,p.journal@yahoo.fr,productionjournalbassila.bj,PME (10-50),B2B,LinkedIn,,Actif,2026-06-29T00:22:55.305182,haute
BJ-F8BE7D44,Communication Information Networks,Médias & Communication,Bassila,+229 52 63 53 85,communicationinformation@communicationin.com.bj,communicationinformationnetworks.bj,Grande (>200),B2C,LinkedIn,,Actif,2026-06-29T00:22:55.305199,haute
BJ-A4E9D2E7,Production International,Médias & Communication,Bassila,+229 34 57 33 40,productioninternational@yahoo.com,productioninternational.bj,Grande (>200),B2B,LinkedIn,,Actif,2026-06-29T00:22:55.305214,haute
BJ-834EB5BA,Communication Africa Bassila,Médias & Communication,Bassila,+229 58 12 54 41,communicationafrica@yahoo.fr,communicationafricabassila.bj,PME (50-200),B2C,LinkedIn,,Actif,2026-06-29T00:22:55.305229,haute
BJ-9E8B7691,Production,Médias & Communication,Pehunco,+229 26 58 38 76,production@production.org.bj,production.bj,Grande (>200),B2B,LinkedIn,,Actif,2026-06-29T00:22:55.305251,haute
BJ-52922AE5,Média Réalisation,Médias & Communication,Pehunco,+229 88 67 83 23,m.réalisation@médiaréalisatio.com.bj,médiaréalisation.bj,TPE (<10),B2B,LinkedIn,,Actif,2026-06-29T00:22:55.305269,haute
BJ-77869115,Cinéma,Médias & Communication,Pehunco,+229 66 29 38 46,cinéma@cinéma.bj,cinéma.bj,TPE (<10),B2C,LinkedIn,,Actif,2026-06-29T00:22:55.305287,haute
BJ-8723EAC0,Documentaire Pehunco,Médias & Communication,Pehunco,+229 93 44 68 31,d.pehunco@yahoo.fr,documentairepehunco.bj,TPE (<10),B2B,LinkedIn,,Actif,2026-06-29T00:22:55.305303,haute
BJ-9CEDD570,Média Twitter,Médias & Communication,Pehunco,+229 52 42 37 28,m.twitter@outlook.com,,PME (50-200),B2C,LinkedIn,,Actif,2026-06-29T00:22:55.305319,moyenne
BJ-C25A4F4F,Blogueur,Médias & Communication,Copargo,+229 89 80 39 52,blogueur@yahoo.fr,blogueur.bj,TPE (<10),B2C,LinkedIn,,Actif,2026-06-29T00:22:55.305339,haute
BJ-E78913D3,Production Montage,Médias & Communication,Copargo,+229 96 33 84 28,,productionmontage.bj,TPE (<10),B2B,LinkedIn,,Actif,2026-06-29T00:22:55.305351,moyenne
BJ-276D583D,Journal Graphisme,Médias & Communication,Copargo,+229 49 55 28 96,journalgraphisme@journalgraphism.bj,journalgraphisme.bj,PME (10-50),B2B,LinkedIn,,Actif,2026-06-29T00:22:55.305366,haute
BJ-E0998770,Réseaux,Médias & Communication,Copargo,+229 27 67 50 29,réseaux@gmail.com,,PME (10-50),B2B,LinkedIn,,Actif,2026-06-29T00:22:55.305380,moyenne
BJ-74271223,Média Instagram,Médias & Communication,Copargo,+229 90 64 59 89,média.instagram@yahoo.com,médiainstagram.bj,PME (50-200),B2B,LinkedIn,,Actif,2026-06-29T00:22:55.305402,haute
BJ-6CD285A2,Bénévolat,ONG & Associations,Cotonou,+229 34 49 50 72,,bénévolat.bj,PME (50-200),B2C,LinkedIn,,Actif,2026-06-29T00:22:55.305422,moyenne
BJ-EDE837EC,Recherche,ONG & Associations,Cotonou,+229 65 39 18 43,recherche@hotmail.com,,PME (10-50),B2C,LinkedIn,,Actif,2026-06-29T00:22:55.305436,moyenne
BJ-79DBBF5E,Union Publication,ONG & Associations,Cotonou,+229 89 36 76 24,,unionpublication.bj,Grande (>200),B2B,LinkedIn,,Actif,2026-06-29T00:22:55.305455,moyenne
BJ-6AE28DCF,Bénévolat Coalition,ONG & Associations,Cotonou,+229 21 33 46 74,bénévolat.coalition@hotmail.com,bénévolatcoalition.bj,PME (10-50),B2C,LinkedIn,,Actif,2026-06-29T00:22:55.305473,haute
BJ-DBB8A369,Assistance,ONG & Associations,Cotonou,+229 37 22 75 94,assistance@outlook.com,assistance.bj,Grande (>200),B2C,LinkedIn,,Actif,2026-06-29T00:22:55.305487,haute
BJ-177E37C3,Étude Organisation,ONG & Associations,Abomey-Calavi,+229 80 84 56 60,étudeorganisation@hotmail.com,étudeorganisation.bj,TPE (<10),B2B,LinkedIn,,Actif,2026-06-29T00:22:55.305512,haute
BJ-A6767586,Union Culture,ONG & Associations,Abomey-Calavi,+229 31 99 56 65,u.culture@unionculture.org.bj,unionculture.bj,PME (10-50),B2C,LinkedIn,,Actif,2026-06-29T00:22:55.305529,haute
BJ-BED43DC2,Ligue Sport,ONG & Associations,Abomey-Calavi,+229 63 37 65 73,,liguesport.bj,PME (10-50),B2C,LinkedIn,,Actif,2026-06-29T00:22:55.305541,moyenne
BJ-D8D0FF9B,Organisation Évaluation Abomey-Calavi,ONG & Associations,Abomey-Calavi,+229 59 92 35 34,,,TPE (<10),B2C,LinkedIn,,Actif,2026-06-29T00:22:55.305553,basse
BJ-62D59EEE,Association Analyse Fondation,ONG & Associations,Abomey-Calavi,+229 82 99 62 17,a.analyse@gmail.com,associationanalysefondation.bj,PME (10-50),B2B,LinkedIn,,Actif,2026-06-29T00:22:55.305569,haute
BJ-E39E969D,Association Épargne,ONG & Associations,Porto-Novo,+229 77 84 10 36,a.épargne@associationépar.com.bj,,PME (10-50),B2B,LinkedIn,,Actif,2026-06-29T00:22:55.305593,moyenne
BJ-F3138663,Épargne,ONG & Associations,Porto-Novo,+229 70 35 76 37,épargne@gmail.com,,PME (10-50),B2B,LinkedIn,,Actif,2026-06-29T00:22:55.305607,moyenne
BJ-4AB1E540,Club Emploi Organisation,ONG & Associations,Porto-Novo,+229 99 42 61 84,clubemploi@outlook.com,clubemploiorganisation.bj,TPE (<10),B2B,LinkedIn,,Actif,2026-06-29T00:22:55.305626,haute
BJ-4440731F,Équité,ONG & Associations,Porto-Novo,+229 50 11 74 62,équité@équité.bj,,PME (50-200),B2B,LinkedIn,,Actif,2026-06-29T00:22:55.305641,moyenne
BJ-16543629,Philanthropie Association Porto-Novo,ONG & Associations,Porto-Novo,+229 84 51 69 99,,,PME (10-50),B2B,LinkedIn,,Actif,2026-06-29T00:22:55.305653,basse
BJ-07732D8F,Club Justice,ONG & Associations,Parakou,+229 75 48 26 38,c.justice@clubjustice.bj,,PME (10-50),B2C,LinkedIn,,Actif,2026-06-29T00:22:55.305675,moyenne
BJ-D4CFC760,Fondation Sensibilisation International,ONG & Associations,Parakou,+229 72 59 85 96,fondation.sensibilisation@yahoo.fr,,TPE (<10),B2B,LinkedIn,,Actif,2026-06-29T00:22:55.305690,moyenne
BJ-F4568900,Prévention,ONG & Associations,Parakou,+229 23 81 29 87,prévention@yahoo.com,,TPE (<10),B2C,LinkedIn,,Actif,2026-06-29T00:22:55.305717,moyenne
BJ-2937AADC,Organisation Éducation,ONG & Associations,Parakou,+229 36 89 27 75,organisationéducation@outlook.com,,PME (10-50),B2C,LinkedIn,,Actif,2026-06-29T00:22:55.305739,moyenne
BJ-685DA1CB,Plaidoyer,ONG & Associations,Bohicon,+229 72 18 84 54,plaidoyer@gmail.com,,PME (50-200),B2B,LinkedIn,,Actif,2026-06-29T00:22:55.305759,moyenne
BJ-5FA5D021,Syndicat Recherche,ONG & Associations,Bohicon,+229 99 94 16 46,syndicat.recherche@syndicatrecherc.org.bj,,TPE (<10),B2C,LinkedIn,,Actif,2026-06-29T00:22:55.305775,moyenne
BJ-1283BCAD,Santé Alliance,ONG & Associations,Bohicon,+229 27 41 85 54,,santéalliance.bj,PME (50-200),B2C,LinkedIn,,Actif,2026-06-29T00:22:55.305790,moyenne
BJ-23297186,Bénévolat International Bohicon,ONG & Associations,Bohicon,+229 38 63 57 73,bénévolat_international@bénévolatintern.bj,,TPE (<10),B2B,LinkedIn,,Actif,2026-06-29T00:22:55.305809,moyenne
BJ-EC1F534D,Organisation Intégration Organisation,ONG & Associations,Bohicon,+229 61 47 55 43,organisation.intégration@organisationint.org.bj,organisationintégrationorganisation.bj,TPE (<10),B2C,LinkedIn,,Actif,2026-06-29T00:22:55.305827,haute
BJ-D51CE94F,Charité Organisation Natitingou,ONG & Associations,Natitingou,+229 94 90 64 48,c.organisation@outlook.com,,TPE (<10),B2B,LinkedIn,,Actif,2026-06-29T00:22:55.305870,moyenne
BJ-932AEC74,Entrepreneuriat,ONG & Associations,Natitingou,+229 22 15 15 93,,,Grande (>200),B2C,LinkedIn,,Actif,2026-06-29T00:22:55.305881,basse
BJ-5AACF9B0,ONG Éducation Africa,ONG & Associations,Natitingou,+229 82 27 45 43,ongéducation@gmail.com,ongéducationafrica.bj,TPE (<10),B2C,LinkedIn,,Actif,2026-06-29T00:22:55.305910,haute
BJ-13A60BDC,Entrepreneuriat ONG,ONG & Associations,Natitingou,+229 95 86 54 60,,,PME (10-50),B2B,LinkedIn,,Actif,2026-06-29T00:22:55.305922,basse
BJ-B2F3BC70,Droits Organisation,ONG & Associations,Lokossa,+229 43 58 82 28,droitsorganisation@outlook.com,droitsorganisation.bj,TPE (<10),B2C,LinkedIn,,Actif,2026-06-29T00:22:55.305946,haute
BJ-FD17FAF2,Coopération Lokossa,ONG & Associations,Lokossa,+229 84 67 48 30,,,TPE (<10),B2C,LinkedIn,,Actif,2026-06-29T00:22:55.305958,basse
BJ-5C22BB59,Social Association,ONG & Associations,Lokossa,+229 79 78 68 30,,,PME (10-50),B2B,LinkedIn,,Actif,2026-06-29T00:22:55.305973,basse
BJ-9D2C6486,Fondation Charité Organisation,ONG & Associations,Lokossa,+229 37 20 62 77,,,TPE (<10),B2B,LinkedIn,,Actif,2026-06-29T00:22:55.305999,basse
BJ-13112B31,Emploi,ONG & Associations,Ouidah,+229 73 87 31 78,emploi@emploi.org.bj,,TPE (<10),B2B,LinkedIn,,Actif,2026-06-29T00:22:55.306019,moyenne
BJ-4CF157B8,Crédit ONG,ONG & Associations,Ouidah,+229 86 35 81 27,créditong@créditong.org.bj,,PME (10-50),B2B,LinkedIn,,Actif,2026-06-29T00:22:55.306036,moyenne
BJ-B9FA207C,Ligue Crédit,ONG & Associations,Ouidah,+229 56 79 36 59,ligue.crédit@gmail.com,liguecrédit.bj,PME (10-50),B2C,LinkedIn,,Actif,2026-06-29T00:22:55.306056,haute
BJ-DF17F205,Union Volontariat Africa Ouidah,ONG & Associations,Ouidah,+229 62 69 18 68,union.volontariat@hotmail.com,unionvolontariatafricaouidah.bj,TPE (<10),B2C,LinkedIn,,Actif,2026-06-29T00:22:55.306073,haute
BJ-F8AE2A3B,Monitoring,ONG & Associations,Ouidah,+229 96 85 51 90,,monitoring.bj,PME (50-200),B2C,LinkedIn,,Actif,2026-06-29T00:22:55.306084,moyenne
BJ-055464B4,ONG Protection Africa Savalou,ONG & Associations,Savalou,+229 55 40 20 26,ongprotection@ongprotectionaf.com.bj,ongprotectionafricasavalou.bj,PME (50-200),B2B,LinkedIn,,Actif,2026-06-29T00:22:55.306122,haute
BJ-20D61F44,Association Sport Bénin,ONG & Associations,Savalou,+229 83 68 10 42,,associationsportbénin.bj,TPE (<10),B2B,LinkedIn,,Actif,2026-06-29T00:22:55.306137,moyenne
BJ-9229EDE2,Épargne ONG Savalou,ONG & Associations,Savalou,+229 35 89 59 91,,,PME (10-50),B2B,LinkedIn,,Actif,2026-06-29T00:22:55.306149,basse
BJ-2150677C,Fédération Emploi ONG,ONG & Associations,Dassa-Zoumè,+229 35 87 81 95,fédérationemploi@fédérationemplo.bj,fédérationemploiong.bj,PME (10-50),B2B,LinkedIn,,Actif,2026-06-29T00:22:55.306194,haute
BJ-4CF444B9,ONG Droits,ONG & Associations,Dassa-Zoumè,+229 42 88 67 91,,ongdroits.bj,TPE (<10),B2C,LinkedIn,,Actif,2026-06-29T00:22:55.306206,moyenne
BJ-72126A0A,Suivi Dassa-Zoumè,ONG & Associations,Dassa-Zoumè,+229 38 89 50 50,,suividassazoumè.bj,TPE (<10),B2C,LinkedIn,,Actif,2026-06-29T00:22:55.306219,moyenne
BJ-AAACE06A,Fondation Charité Association,ONG & Associations,Dassa-Zoumè,+229 82 17 31 55,fondation.charité@fondationcharit.com.bj,fondationcharitéassociation.bj,PME (50-200),B2B,LinkedIn,,Actif,2026-06-29T00:22:55.306237,haute
BJ-83CD4851,Insertion Network,ONG & Associations,Dassa-Zoumè,+229 50 44 74 39,,insertionnetwork.bj,TPE (<10),B2C,LinkedIn,,Actif,2026-06-29T00:22:55.306249,moyenne
BJ-04ED7BD8,Fondation Diversité Network,ONG & Associations,Kétou,+229 33 70 53 98,,fondationdiversiténetwork.bj,TPE (<10),B2B,LinkedIn,,Actif,2026-06-29T00:22:55.306268,moyenne
BJ-A6ECB93B,Bénévolat,ONG & Associations,Kétou,+229 98 58 32 58,bénévolat@bénévolat.org.bj,bénévolat.bj,PME (10-50),B2B,LinkedIn,,Actif,2026-06-29T00:22:55.306282,haute
BJ-3633B585,Syndicat Suivi Network,ONG & Associations,Kétou,+229 35 45 29 99,syndicat.suivi@syndicatsuivine.com.bj,syndicatsuivinetwork.bj,TPE (<10),B2B,LinkedIn,,Actif,2026-06-29T00:22:55.306305,haute
BJ-79F4152D,Organisation Épargne,ONG & Associations,Kétou,+229 94 65 63 98,organisationépargne@outlook.com,organisationépargne.bj,PME (10-50),B2C,LinkedIn,,Actif,2026-06-29T00:22:55.306322,haute
BJ-E6FA103F,Fédération Suivi International,ONG & Associations,Kétou,+229 31 94 61 91,fédérationsuivi@fédérationsuivi.bj,,PME (50-200),B2C,LinkedIn,,Actif,2026-06-29T00:22:55.306340,moyenne
BJ-7F6F101B,Évaluation,ONG & Associations,Covè,+229 40 96 67 49,évaluation@yahoo.fr,évaluation.bj,PME (50-200),B2C,LinkedIn,,Actif,2026-06-29T00:22:55.306362,haute
BJ-5B979962,Sensibilisation Bénin,ONG & Associations,Covè,+229 98 72 13 47,,,PME (10-50),B2C,LinkedIn,,Actif,2026-06-29T00:22:55.306376,basse
BJ-8AF2A7DB,Syndicat Humanitaire Association,ONG & Associations,Covè,+229 22 13 64 98,,syndicathumanitaireassociation.bj,TPE (<10),B2C,LinkedIn,,Actif,2026-06-29T00:22:55.306407,moyenne
BJ-33F5F770,ONG Emploi,ONG & Associations,Covè,+229 65 31 67 43,ong.emploi@ongemploi.org.bj,ongemploi.bj,PME (10-50),B2B,LinkedIn,,Actif,2026-06-29T00:22:55.306437,haute
BJ-0B317470,Syndicat Suivi Fondation Covè,ONG & Associations,Covè,+229 70 84 52 94,syndicat.suivi@syndicatsuivifo.org.bj,syndicatsuivifondationcovè.bj,PME (10-50),B2C,LinkedIn,,Actif,2026-06-29T00:22:55.306472,haute
BJ-67792247,Société Épargne Africa,ONG & Associations,Pobè,+229 67 20 41 92,,,TPE (<10),B2B,LinkedIn,,Actif,2026-06-29T00:22:55.306494,basse
BJ-A774CAAE,Syndicat Culture Network,ONG & Associations,Pobè,+229 38 50 75 73,s.culture@syndicatculture.org.bj,syndicatculturenetwork.bj,PME (10-50),B2C,LinkedIn,,Actif,2026-06-29T00:22:55.306512,haute
BJ-273CE672,Prévention Bénin,ONG & Associations,Pobè,+229 50 90 46 15,,préventionbénin.bj,TPE (<10),B2C,LinkedIn,,Actif,2026-06-29T00:22:55.306529,moyenne
BJ-071AD4AF,Syndicat Sport Network,ONG & Associations,Pobè,+229 24 96 85 92,,syndicatsportnetwork.bj,PME (50-200),B2B,LinkedIn,,Actif,2026-06-29T00:22:55.306542,moyenne
BJ-7C7352F9,Ligue Recherche,ONG & Associations,Pobè,+229 80 76 45 19,liguerecherche@gmail.com,liguerecherche.bj,PME (10-50),B2C,LinkedIn,,Actif,2026-06-29T00:22:55.306559,haute
BJ-8FCF98E2,Sensibilisation ONG,ONG & Associations,Sakété,+229 87 11 85 33,sensibilisation.ong@yahoo.com,,Grande (>200),B2B,LinkedIn,,Actif,2026-06-29T00:22:55.306584,moyenne
BJ-63E45639,Club Échange,ONG & Associations,Sakété,+229 92 18 99 95,c.échange@hotmail.com,,PME (10-50),B2B,LinkedIn,,Actif,2026-06-29T00:22:55.306604,moyenne
BJ-E1B47935,Crédit Fondation,ONG & Associations,Sakété,+229 59 61 99 77,créditfondation@créditfondation.bj,,TPE (<10),B2B,LinkedIn,,Actif,2026-06-29T00:22:55.306622,moyenne
BJ-32D03ADD,Assistance,ONG & Associations,Sakété,+229 70 91 67 47,assistance@assistance.org.bj,assistance.bj,PME (10-50),B2C,LinkedIn,,Actif,2026-06-29T00:22:55.306637,haute
BJ-7B495615,Fondation Épargne Sakété,ONG & Associations,Sakété,+229 58 52 25 21,,fondationépargnesakété.bj,TPE (<10),B2C,LinkedIn,,Actif,2026-06-29T00:22:55.306650,moyenne
BJ-FE92DF4D,Inclusion Association,ONG & Associations,Adjara,+229 31 80 34 67,,inclusionassociation.bj,PME (50-200),B2C,LinkedIn,,Actif,2026-06-29T00:22:55.306673,moyenne
BJ-0562F1A0,ONG Sensibilisation ONG,ONG & Associations,Adjara,+229 20 69 53 34,,ongsensibilisationong.bj,TPE (<10),B2B,LinkedIn,,Actif,2026-06-29T00:22:55.306686,moyenne
BJ-7FDE445B,Volontariat,ONG & Associations,Adjara,+229 91 56 30 26,,,PME (10-50),B2B,LinkedIn,,Actif,2026-06-29T00:22:55.306700,basse
BJ-F10E153F,Diffusion Africa,ONG & Associations,Adjara,+229 78 18 78 19,diffusionafrica@diffusionafrica.bj,diffusionafrica.bj,TPE (<10),B2C,LinkedIn,,Actif,2026-06-29T00:22:55.306717,haute
BJ-9A772392,Société Équité Adjara,ONG & Associations,Adjara,+229 37 56 12 87,,,PME (10-50),B2B,LinkedIn,,Actif,2026-06-29T00:22:55.306729,basse
BJ-DC1C7104,Association Diversité,ONG & Associations,Allada,+229 97 22 11 61,,,TPE (<10),B2B,LinkedIn,,Actif,2026-06-29T00:22:55.306747,basse
BJ-0071B6EF,Fondation Recherche Allada,ONG & Associations,Allada,+229 30 76 54 18,f.recherche@fondationrecher.org.bj,fondationrechercheallada.bj,TPE (<10),B2C,LinkedIn,,Actif,2026-06-29T00:22:55.306764,haute
BJ-B3FABA43,Accompagnement,ONG & Associations,Allada,+229 77 11 82 83,accompagnement@gmail.com,,TPE (<10),B2C,LinkedIn,,Actif,2026-06-29T00:22:55.306777,moyenne
BJ-B2DFF2F9,Organisation Bénévolat Alliance,ONG & Associations,Allada,+229 89 18 53 73,o.bénévolat@organisationbén.com.bj,organisationbénévolatalliance.bj,TPE (<10),B2C,LinkedIn,,Actif,2026-06-29T00:22:55.306796,haute
BJ-F9042AF8,Paix Allada,ONG & Associations,Allada,+229 98 30 24 82,paix.allada@gmail.com,paixallada.bj,TPE (<10),B2B,LinkedIn,,Actif,2026-06-29T00:22:55.306812,haute
BJ-7476D309,Accompagnement,ONG & Associations,Aplahoué,+229 48 12 76 76,,accompagnement.bj,PME (10-50),B2B,LinkedIn,,Actif,2026-06-29T00:22:55.306831,moyenne
BJ-7D5E480E,Fondation Échange,ONG & Associations,Aplahoué,+229 26 77 74 92,,fondationéchange.bj,PME (10-50),B2B,LinkedIn,,Actif,2026-06-29T00:22:55.306844,moyenne
BJ-4468DFC6,Organisation Analyse Bénin,ONG & Associations,Aplahoué,+229 76 60 58 28,organisationanalyse@gmail.com,organisationanalysebénin.bj,PME (50-200),B2B,LinkedIn,,Actif,2026-06-29T00:22:55.306879,haute
BJ-A9B71EB9,Développement Organisation Aplahoué,ONG & Associations,Aplahoué,+229 40 68 10 42,,,Grande (>200),B2C,LinkedIn,,Actif,2026-06-29T00:22:55.306902,basse
BJ-7C708D86,Emploi,ONG & Associations,Dogbo-Tota,+229 38 24 36 45,emploi@yahoo.com,emploi.bj,PME (50-200),B2C,LinkedIn,,Actif,2026-06-29T00:22:55.306941,haute
BJ-DBEB12F8,Ligue Protection Fondation,ONG & Associations,Dogbo-Tota,+229 76 49 73 85,ligueprotection@ligueprotection.org.bj,,TPE (<10),B2C,LinkedIn,,Actif,2026-06-29T00:22:55.306958,moyenne
BJ-13BFC61A,Organisation Capitalisation Organisation,ONG & Associations,Dogbo-Tota,+229 27 49 11 56,,,PME (50-200),B2B,LinkedIn,,Actif,2026-06-29T00:22:55.306969,basse
BJ-40074934,Jeunesse Association,ONG & Associations,Dogbo-Tota,+229 82 85 57 12,jeunesse_association@hotmail.com,,TPE (<10),B2B,LinkedIn,,Actif,2026-06-29T00:22:55.306984,moyenne
BJ-2DA76DBF,Ligue Inclusion Coalition Kpomassè,ONG & Associations,Kpomassè,+229 50 59 37 82,ligue.inclusion@ligueinclusionc.bj,ligueinclusioncoalitionkpomassè.bj,PME (10-50),B2B,LinkedIn,,Actif,2026-06-29T00:22:55.307010,haute
BJ-754A30AF,Environnement Kpomassè,ONG & Associations,Kpomassè,+229 56 26 46 79,environnement.kpomassè@outlook.com,,PME (50-200),B2C,LinkedIn,,Actif,2026-06-29T00:22:55.307030,moyenne
BJ-5AD24138,Union Diversité Alliance,ONG & Associations,Kpomassè,+229 55 26 25 70,uniondiversité@yahoo.fr,,TPE (<10),B2B,LinkedIn,,Actif,2026-06-29T00:22:55.307050,moyenne
BJ-39081B98,ONG Culture Africa Kpomassè,ONG & Associations,Kpomassè,+229 94 47 73 36,,ongcultureafricakpomassè.bj,PME (10-50),B2C,LinkedIn,,Actif,2026-06-29T00:22:55.307067,moyenne
BJ-4AC28A2C,Club Développement,ONG & Associations,Kpomassè,+229 47 55 48 86,clubdéveloppement@clubdéveloppeme.org.bj,,PME (10-50),B2B,LinkedIn,,Actif,2026-06-29T00:22:55.307084,moyenne
BJ-BB9ABF60,Volontariat,ONG & Associations,Tori-Bossito,+229 49 67 85 30,volontariat@volontariat.bj,,PME (10-50),B2C,LinkedIn,,Actif,2026-06-29T00:22:55.307105,moyenne
BJ-4E1B5BB1,Club Partenariat,ONG & Associations,Tori-Bossito,+229 70 23 96 79,,,PME (10-50),B2C,LinkedIn,,Actif,2026-06-29T00:22:55.307116,basse
BJ-5D49DC75,Union Microfinance Fondation,ONG & Associations,Tori-Bossito,+229 62 62 12 43,union.microfinance@yahoo.fr,,TPE (<10),B2B,LinkedIn,,Actif,2026-06-29T00:22:55.307132,moyenne
BJ-B0E1D1FD,Union Capitalisation Alliance Tori-Bossito,ONG & Associations,Tori-Bossito,+229 55 17 47 65,unioncapitalisation@yahoo.com,,PME (10-50),B2B,LinkedIn,,Actif,2026-06-29T00:22:55.307148,moyenne
BJ-BD4DCABB,Fondation Analyse Tori-Bossito,ONG & Associations,Tori-Bossito,+229 92 36 94 15,,fondationanalysetoribossito.bj,TPE (<10),B2B,LinkedIn,,Actif,2026-06-29T00:22:55.307161,moyenne
BJ-54CE6433,Association Environnement,ONG & Associations,Grand-Popo,+229 32 71 47 58,associationenvironnement@associationenvi.org.bj,,Grande (>200),B2B,LinkedIn,,Actif,2026-06-29T00:22:55.307183,moyenne
BJ-DB2015DD,Fédération Diversité,ONG & Associations,Grand-Popo,+229 94 77 26 95,f.diversité@gmail.com,,PME (50-200),B2C,LinkedIn,,Actif,2026-06-29T00:22:55.307199,moyenne
BJ-41F63CCF,Association Crédit,ONG & Associations,Grand-Popo,+229 67 54 78 97,associationcrédit@outlook.com,associationcrédit.bj,PME (10-50),B2B,LinkedIn,,Actif,2026-06-29T00:22:55.307224,haute
BJ-F78055FD,Fédération Analyse Grand-Popo,ONG & Associations,Grand-Popo,+229 44 56 34 12,fédérationanalyse@fédérationanaly.org.bj,fédérationanalysegrandpopo.bj,PME (50-200),B2C,LinkedIn,,Actif,2026-06-29T00:22:55.307244,haute
BJ-BF01E048,Fédération Charité,ONG & Associations,Grand-Popo,+229 76 15 62 30,fédération.charité@gmail.com,fédérationcharité.bj,PME (50-200),B2B,LinkedIn,,Actif,2026-06-29T00:22:55.307261,haute
BJ-2703F272,ONG Enfant,ONG & Associations,Athiémé,+229 57 15 31 59,ongenfant@hotmail.com,ongenfant.bj,PME (10-50),B2C,LinkedIn,,Actif,2026-06-29T00:22:55.307288,haute
BJ-72777698,Épargne,ONG & Associations,Athiémé,+229 67 55 91 87,épargne@épargne.bj,,TPE (<10),B2C,LinkedIn,,Actif,2026-06-29T00:22:55.307302,moyenne
BJ-CC1245F4,Solidarité Africa,ONG & Associations,Athiémé,+229 68 26 18 29,solidarité_africa@solidaritéafric.com.bj,solidaritéafrica.bj,PME (10-50),B2B,LinkedIn,,Actif,2026-06-29T00:22:55.307320,haute
BJ-86DD33B4,Diversité,ONG & Associations,Athiémé,+229 26 61 22 32,diversité@diversité.bj,diversité.bj,TPE (<10),B2C,LinkedIn,,Actif,2026-06-29T00:22:55.307334,haute
BJ-B0CDA2FA,Club Femme Coalition Athiémé,ONG & Associations,Athiémé,+229 51 67 31 55,c.femme@yahoo.fr,,PME (50-200),B2C,LinkedIn,,Actif,2026-06-29T00:22:55.307350,moyenne
BJ-F1156B2B,Diffusion,ONG & Associations,Bopa,+229 54 96 95 45,diffusion@yahoo.fr,diffusion.bj,PME (10-50),B2B,LinkedIn,,Actif,2026-06-29T00:22:55.307385,haute
BJ-F42D8092,Recherche,ONG & Associations,Bopa,+229 20 55 44 15,,recherche.bj,Grande (>200),B2C,LinkedIn,,Actif,2026-06-29T00:22:55.307399,moyenne
BJ-62985E2D,Fondation Éducation,ONG & Associations,Bopa,+229 99 83 56 64,fondation.éducation@outlook.com,,PME (10-50),B2C,LinkedIn,,Actif,2026-06-29T00:22:55.307415,moyenne
BJ-B0DFF88B,ONG Jeunesse Bopa,ONG & Associations,Bopa,+229 39 51 32 23,o.jeunesse@ongjeunessebopa.bj,ongjeunessebopa.bj,TPE (<10),B2B,LinkedIn,,Actif,2026-06-29T00:22:55.307433,haute
BJ-5EB462E0,Club Bénévolat,ONG & Associations,Houéyogbé,+229 95 57 35 99,c.bénévolat@outlook.com,,PME (10-50),B2B,LinkedIn,,Actif,2026-06-29T00:22:55.307459,moyenne
BJ-2AF40F9E,Humanitaire,ONG & Associations,Houéyogbé,+229 96 63 62 81,humanitaire@humanitaire.bj,humanitaire.bj,PME (50-200),B2B,LinkedIn,,Actif,2026-06-29T00:22:55.307474,haute
BJ-F24C3F46,Enfant Fondation Houéyogbé,ONG & Associations,Houéyogbé,+229 45 60 50 20,enfant.fondation@yahoo.fr,enfantfondationhouéyogbé.bj,PME (10-50),B2C,LinkedIn,,Actif,2026-06-29T00:22:55.307491,haute
BJ-785786A8,Emploi,ONG & Associations,Houéyogbé,+229 34 94 79 83,emploi@emploi.bj,emploi.bj,PME (50-200),B2C,LinkedIn,,Actif,2026-06-29T00:22:55.307504,haute
BJ-49631288,Développement Association,ONG & Associations,Houéyogbé,+229 62 12 57 44,,développementassociation.bj,PME (10-50),B2C,LinkedIn,,Actif,2026-06-29T00:22:55.307516,moyenne
BJ-D60ED14D,Monitoring Association Malanville,ONG & Associations,Malanville,+229 28 33 26 35,monitoringassociation@yahoo.fr,monitoringassociationmalanville.bj,TPE (<10),B2C,LinkedIn,,Actif,2026-06-29T00:22:55.307542,haute
BJ-266F6804,Fondation Inclusion Malanville,ONG & Associations,Malanville,+229 97 11 99 19,,,TPE (<10),B2C,LinkedIn,,Actif,2026-06-29T00:22:55.307554,basse
BJ-58CFCD2A,Inclusion,ONG & Associations,Malanville,+229 46 22 31 90,inclusion@hotmail.com,,PME (50-200),B2B,LinkedIn,,Actif,2026-06-29T00:22:55.307570,moyenne
BJ-C0E87DED,Fondation Femme Malanville,ONG & Associations,Malanville,+229 35 82 73 80,f.femme@fondationfemmem.org.bj,,PME (10-50),B2C,LinkedIn,,Actif,2026-06-29T00:22:55.307587,moyenne
BJ-298F309D,Fédération Inclusion,ONG & Associations,Malanville,+229 87 78 99 33,fédérationinclusion@fédérationinclu.com.bj,fédérationinclusion.bj,PME (10-50),B2B,LinkedIn,,Actif,2026-06-29T00:22:55.307604,haute
BJ-7C896D49,Protection Network,ONG & Associations,Kandi,+229 86 37 71 84,,,TPE (<10),B2B,LinkedIn,,Actif,2026-06-29T00:22:55.307622,basse
BJ-B8E8A2F2,Fédération Social,ONG & Associations,Kandi,+229 34 13 60 50,fédération_social@gmail.com,,TPE (<10),B2C,LinkedIn,,Actif,2026-06-29T00:22:55.307638,moyenne
BJ-2E1F5DCC,Fondation Épargne Alliance,ONG & Associations,Kandi,+229 97 93 64 99,fondationépargne@outlook.com,fondationépargnealliance.bj,TPE (<10),B2C,LinkedIn,,Actif,2026-06-29T00:22:55.307656,haute
BJ-7E5518CF,Association Social Coalition,ONG & Associations,Kandi,+229 48 49 90 41,a.social@associationsoci.bj,,TPE (<10),B2B,LinkedIn,,Actif,2026-06-29T00:22:55.307672,moyenne
BJ-E926CE0B,Syndicat Prévention,ONG & Associations,Kandi,+229 98 89 97 49,syndicat.prévention@syndicatprévent.bj,syndicatprévention.bj,PME (10-50),B2B,LinkedIn,,Actif,2026-06-29T00:22:55.307688,haute
BJ-4C080C5E,Protection Bénin Banikoara,ONG & Associations,Banikoara,+229 78 18 76 96,protectionbénin@gmail.com,protectionbéninbanikoara.bj,PME (50-200),B2C,LinkedIn,,Actif,2026-06-29T00:22:55.307711,haute
BJ-836F1E44,Fédération Formation,ONG & Associations,Banikoara,+229 47 79 19 95,fédération.formation@fédérationforma.org.bj,,PME (10-50),B2B,LinkedIn,,Actif,2026-06-29T00:22:55.307728,moyenne
BJ-4D4EC4E7,Évaluation Alliance,ONG & Associations,Banikoara,+229 97 85 23 36,évaluationalliance@gmail.com,,TPE (<10),B2C,LinkedIn,,Actif,2026-06-29T00:22:55.307746,moyenne
BJ-F46B02E0,Fondation Philanthropie Bénin,ONG & Associations,Banikoara,+229 89 90 41 36,fondationphilanthropie@fondationphilan.com.bj,fondationphilanthropiebénin.bj,PME (10-50),B2C,LinkedIn,,Actif,2026-06-29T00:22:55.307764,haute
BJ-94F45753,Recherche,ONG & Associations,Banikoara,+229 47 35 85 18,recherche@yahoo.fr,recherche.bj,TPE (<10),B2B,LinkedIn,,Actif,2026-06-29T00:22:55.307778,haute
BJ-B1FA8A0A,Éducation Network,ONG & Associations,Ségbana,+229 77 45 82 16,,,PME (10-50),B2C,LinkedIn,,Actif,2026-06-29T00:22:55.307796,basse
BJ-7ECDDFC3,Développement ONG,ONG & Associations,Ségbana,+229 20 33 35 35,développementong@gmail.com,développementong.bj,PME (10-50),B2C,LinkedIn,,Actif,2026-06-29T00:22:55.307813,haute
BJ-1938B2F7,Syndicat Éducation Ségbana,ONG & Associations,Ségbana,+229 37 41 99 72,syndicat.éducation@outlook.com,,TPE (<10),B2C,LinkedIn,,Actif,2026-06-29T00:22:55.307832,moyenne
BJ-0F3CFA5C,Assistance Ségbana,ONG & Associations,Ségbana,+229 84 25 45 50,assistanceségbana@assistanceségba.bj,,PME (50-200),B2B,LinkedIn,,Actif,2026-06-29T00:22:55.307859,moyenne
BJ-41CFE39D,Échange,ONG & Associations,Ségbana,+229 98 35 94 97,échange@yahoo.fr,,PME (50-200),B2C,LinkedIn,,Actif,2026-06-29T00:22:55.307881,moyenne
BJ-97A600C8,Organisation Diversité,ONG & Associations,Karimama,+229 33 92 45 28,organisation.diversité@yahoo.fr,organisationdiversité.bj,PME (10-50),B2B,LinkedIn,,Actif,2026-06-29T00:22:55.307934,haute
BJ-86DE4E64,Intégration,ONG & Associations,Karimama,+229 23 95 21 81,,,PME (50-200),B2C,LinkedIn,,Actif,2026-06-29T00:22:55.307968,basse
BJ-BD275759,Association Protection,ONG & Associations,Karimama,+229 75 20 42 17,association.protection@hotmail.com,,PME (10-50),B2C,LinkedIn,,Actif,2026-06-29T00:22:55.308026,moyenne
BJ-C5E331B4,Fondation Volontariat Fondation,ONG & Associations,Gogounou,+229 62 83 35 90,fondationvolontariat@fondationvolont.bj,fondationvolontariatfondation.bj,PME (50-200),B2B,LinkedIn,,Actif,2026-06-29T00:22:55.308068,haute
BJ-1E6E4E0F,Sensibilisation Gogounou,ONG & Associations,Gogounou,+229 35 68 81 25,s.gogounou@hotmail.com,,Grande (>200),B2C,LinkedIn,,Actif,2026-06-29T00:22:55.308085,moyenne
BJ-3083AB06,Éducation Alliance Gogounou,ONG & Associations,Gogounou,+229 86 94 26 18,éducationalliance@gmail.com,,PME (50-200),B2B,LinkedIn,,Actif,2026-06-29T00:22:55.308103,moyenne
BJ-5AA8C4E9,Fédération Sport,ONG & Associations,Gogounou,+229 54 26 73 18,fédération.sport@hotmail.com,,TPE (<10),B2B,LinkedIn,,Actif,2026-06-29T00:22:55.308119,moyenne
BJ-2B062844,Démocratie,ONG & Associations,Gogounou,+229 46 74 12 93,démocratie@outlook.com,démocratie.bj,TPE (<10),B2B,LinkedIn,,Actif,2026-06-29T00:22:55.308133,haute
BJ-8DAEDA88,Démocratie International,ONG & Associations,Cobly,+229 67 17 96 55,démocratie.international@yahoo.fr,démocratieinternational.bj,Grande (>200),B2C,LinkedIn,,Actif,2026-06-29T00:22:55.308157,haute
BJ-BF239B4D,Entrepreneuriat,ONG & Associations,Cobly,+229 43 44 97 31,entrepreneuriat@entrepreneuriat.com.bj,,PME (10-50),B2B,LinkedIn,,Actif,2026-06-29T00:22:55.308172,moyenne
BJ-C38995E8,Société Prévention Association,ONG & Associations,Cobly,+229 74 49 22 43,s.prévention@outlook.com,,PME (10-50),B2B,LinkedIn,,Actif,2026-06-29T00:22:55.308192,moyenne
BJ-72B90B3B,Justice,ONG & Associations,Cobly,+229 75 42 15 83,justice@justice.org.bj,justice.bj,Grande (>200),B2C,LinkedIn,,Actif,2026-06-29T00:22:55.308207,haute
BJ-05F5DEE0,Accompagnement Cobly,ONG & Associations,Cobly,+229 23 73 24 95,,accompagnementcobly.bj,TPE (<10),B2C,LinkedIn,,Actif,2026-06-29T00:22:55.308219,moyenne
BJ-41C7FD65,Citoyenneté Association,ONG & Associations,Tanguiéta,+229 79 51 83 15,citoyenneté.association@gmail.com,,TPE (<10),B2C,LinkedIn,,Actif,2026-06-29T00:22:55.308242,moyenne
BJ-E35F73CE,Analyse Tanguiéta,ONG & Associations,Tanguiéta,+229 82 44 55 39,analyse_tanguiéta@analysetanguiét.org.bj,,TPE (<10),B2C,LinkedIn,,Actif,2026-06-29T00:22:55.308260,moyenne
BJ-6168B0AF,Club Justice Association,ONG & Associations,Tanguiéta,+229 45 43 35 79,,,PME (10-50),B2B,LinkedIn,,Actif,2026-06-29T00:22:55.308271,basse
BJ-451834D1,Humanitaire,ONG & Associations,Tanguiéta,+229 89 87 75 65,,humanitaire.bj,TPE (<10),B2C,LinkedIn,,Actif,2026-06-29T00:22:55.308286,moyenne
BJ-1941C103,Charité,ONG & Associations,Tanguiéta,+229 95 43 96 65,charité@yahoo.fr,charité.bj,Grande (>200),B2C,LinkedIn,,Actif,2026-06-29T00:22:55.308301,haute
BJ-53DD99FB,Ligue Plaidoyer,ONG & Associations,Matéri,+229 65 40 19 75,ligueplaidoyer@yahoo.fr,,PME (10-50),B2C,LinkedIn,,Actif,2026-06-29T00:22:55.308325,moyenne
BJ-35FDE8AE,Aide Association,ONG & Associations,Matéri,+229 44 94 72 84,aide.association@gmail.com,aideassociation.bj,PME (50-200),B2C,LinkedIn,,Actif,2026-06-29T00:22:55.308342,haute
BJ-958D9023,Association Coopération Matéri,ONG & Associations,Matéri,+229 87 44 59 89,association.coopération@associationcoop.bj,associationcoopérationmatéri.bj,TPE (<10),B2C,LinkedIn,,Actif,2026-06-29T00:22:55.308403,haute
BJ-A4B13F9F,Fédération Femme Bénin,ONG & Associations,Matéri,+229 76 94 51 27,fédération_femme@fédérationfemme.com.bj,,TPE (<10),B2C,LinkedIn,,Actif,2026-06-29T00:22:55.308422,moyenne
BJ-7B166D10,Fédération Recherche,ONG & Associations,Natitingou,+229 47 40 14 54,,fédérationrecherche.bj,PME (10-50),B2B,LinkedIn,,Actif,2026-06-29T00:22:55.308457,moyenne
BJ-92DFC0BE,Intégration Alliance,ONG & Associations,Natitingou,+229 63 48 80 32,i.alliance@intégrationalli.org.bj,,TPE (<10),B2C,LinkedIn,,Actif,2026-06-29T00:22:55.308483,moyenne
BJ-96655F93,Monitoring,ONG & Associations,Natitingou,+229 24 71 49 78,,,PME (10-50),B2B,LinkedIn,,Actif,2026-06-29T00:22:55.308507,basse
BJ-B3A21286,Ligue Étude,ONG & Associations,Natitingou,+229 56 98 90 83,ligueétude@ligueétude.com.bj,,PME (10-50),B2B,LinkedIn,,Actif,2026-06-29T00:22:55.308537,moyenne
BJ-B4941988,Union Analyse,ONG & Associations,Natitingou,+229 54 98 22 94,union.analyse@unionanalyse.bj,,TPE (<10),B2B,LinkedIn,,Actif,2026-06-29T00:22:55.308562,moyenne
BJ-50163025,Organisation Intégration Coalition,ONG & Associations,Toucountouna,+229 25 98 88 45,,organisationintégrationcoalition.bj,Grande (>200),B2C,LinkedIn,,Actif,2026-06-29T00:22:55.308597,moyenne
BJ-D6741DFD,Société Jeunesse Network,ONG & Associations,Toucountouna,+229 21 85 89 94,société.jeunesse@sociétéjeunesse.com.bj,,PME (50-200),B2C,LinkedIn,,Actif,2026-06-29T00:22:55.308629,moyenne
BJ-23EB0853,ONG Développement Fondation,ONG & Associations,Toucountouna,+229 27 12 19 52,ong_développement@ongdéveloppemen.org.bj,ongdéveloppementfondation.bj,TPE (<10),B2B,LinkedIn,,Actif,2026-06-29T00:22:55.308669,haute
BJ-540D8D53,Club Emploi,ONG & Associations,Toucountouna,+229 30 44 68 37,clubemploi@clubemploi.org.bj,clubemploi.bj,TPE (<10),B2C,LinkedIn,,Actif,2026-06-29T00:22:55.308702,haute
BJ-69257B9A,ONG Intégration,ONG & Associations,Toucountouna,+229 20 97 76 40,ong.intégration@ongintégration.com.bj,,PME (10-50),B2C,LinkedIn,,Actif,2026-06-29T00:22:55.308731,moyenne
BJ-DDDBD032,Syndicat Partenariat,ONG & Associations,Boukoumbé,+229 86 20 86 84,syndicatpartenariat@gmail.com,syndicatpartenariat.bj,PME (10-50),B2B,LinkedIn,,Actif,2026-06-29T00:22:55.308774,haute
BJ-662376E3,Fondation Sensibilisation Organisation,ONG & Associations,Boukoumbé,+229 34 62 65 94,f.sensibilisation@gmail.com,,PME (10-50),B2B,LinkedIn,,Actif,2026-06-29T00:22:55.308803,moyenne
BJ-F93CBD2D,Organisation Santé Organisation,ONG & Associations,Boukoumbé,+229 99 11 41 61,,organisationsantéorganisation.bj,PME (50-200),B2C,LinkedIn,,Actif,2026-06-29T00:22:55.308827,moyenne
BJ-F448FB4A,ONG Intégration Alliance,ONG & Associations,Boukoumbé,+229 30 12 37 72,ong.intégration@hotmail.com,,PME (50-200),B2C,LinkedIn,,Actif,2026-06-29T00:22:55.308855,moyenne
BJ-5B88DF48,Aide,ONG & Associations,Boukoumbé,+229 48 94 89 70,aide@yahoo.fr,aide.bj,TPE (<10),B2B,LinkedIn,,Actif,2026-06-29T00:22:55.308915,haute
BJ-FA5BB001,Insertion,ONG & Associations,Kouandé,+229 25 53 91 57,,insertion.bj,PME (10-50),B2C,LinkedIn,,Actif,2026-06-29T00:22:55.308978,moyenne
BJ-A759CE2C,Fondation Justice Kouandé,ONG & Associations,Kouandé,+229 83 25 31 64,f.justice@outlook.com,,PME (50-200),B2C,LinkedIn,,Actif,2026-06-29T00:22:55.309016,moyenne
BJ-13CD2655,Bénévolat Alliance,ONG & Associations,Kouandé,+229 75 95 90 67,bénévolat.alliance@hotmail.com,bénévolatalliance.bj,PME (50-200),B2C,LinkedIn,,Actif,2026-06-29T00:22:55.309062,haute
BJ-ECC19813,Droits Coalition Kouandé,ONG & Associations,Kouandé,+229 95 34 10 47,droitscoalition@droitscoalition.org.bj,,PME (10-50),B2B,LinkedIn,,Actif,2026-06-29T00:22:55.309102,moyenne
BJ-55741B6A,Philanthropie ONG,ONG & Associations,Kouandé,+229 80 84 61 54,philanthropie.ong@philanthropieon.bj,philanthropieong.bj,PME (10-50),B2B,LinkedIn,,Actif,2026-06-29T00:22:55.309143,haute
BJ-40A1290C,Charité International,ONG & Associations,Péhunco,+229 78 61 95 25,charitéinternational@yahoo.com,charitéinternational.bj,TPE (<10),B2B,LinkedIn,,Actif,2026-06-29T00:22:55.309200,haute
BJ-2E7A6FF9,Club Épargne Organisation,ONG & Associations,Péhunco,+229 94 65 61 56,club.épargne@yahoo.com,clubépargneorganisation.bj,PME (10-50),B2C,LinkedIn,,Actif,2026-06-29T00:22:55.309237,haute
BJ-38EAA450,Environnement ONG,ONG & Associations,Péhunco,+229 26 74 62 67,environnementong@gmail.com,,TPE (<10),B2B,LinkedIn,,Actif,2026-06-29T00:22:55.309272,moyenne
BJ-05AB0C95,Charité,ONG & Associations,Péhunco,+229 87 35 97 28,charité@charité.com.bj,,TPE (<10),B2B,LinkedIn,,Actif,2026-06-29T00:22:55.309305,moyenne
BJ-40915C94,Analyse,ONG & Associations,Péhunco,+229 76 54 86 38,analyse@analyse.org.bj,analyse.bj,PME (50-200),B2B,LinkedIn,,Actif,2026-06-29T00:22:55.309338,haute
BJ-A0071903,ONG Volontariat,ONG & Associations,Tchaourou,+229 49 40 78 62,o.volontariat@yahoo.fr,,PME (50-200),B2C,LinkedIn,,Actif,2026-06-29T00:22:55.309398,moyenne
BJ-A7E9BD97,Sport Tchaourou,ONG & Associations,Tchaourou,+229 75 53 71 79,sporttchaourou@sporttchaourou.bj,,PME (50-200),B2B,LinkedIn,,Actif,2026-06-29T00:22:55.309435,moyenne
BJ-E25EFBB6,Club Évaluation,ONG & Associations,Tchaourou,+229 25 32 65 85,,clubévaluation.bj,TPE (<10),B2B,LinkedIn,,Actif,2026-06-29T00:22:55.309478,moyenne
BJ-8466F749,Club Étude Alliance,ONG & Associations,Tchaourou,+229 51 66 23 27,,clubétudealliance.bj,TPE (<10),B2C,LinkedIn,,Actif,2026-06-29T00:22:55.309513,moyenne
BJ-336B3481,Social Alliance,ONG & Associations,Tchaourou,+229 38 50 52 70,,socialalliance.bj,PME (50-200),B2B,LinkedIn,,Actif,2026-06-29T00:22:55.309542,moyenne
BJ-C32DBB02,ONG Enfant Network,ONG & Associations,Nikki,+229 69 55 17 14,ong.enfant@yahoo.com,ongenfantnetwork.bj,Grande (>200),B2C,LinkedIn,,Actif,2026-06-29T00:22:55.309597,haute
BJ-F1301079,Ligue Social Organisation Nikki,ONG & Associations,Nikki,+229 32 46 48 83,,liguesocialorganisationnikki.bj,TPE (<10),B2B,LinkedIn,,Actif,2026-06-29T00:22:55.309638,moyenne
BJ-000F28CC,Société Sport Africa,ONG & Associations,Nikki,+229 80 36 73 17,société_sport@sociétésportafr.org.bj,,PME (10-50),B2B,LinkedIn,,Actif,2026-06-29T00:22:55.309683,moyenne
BJ-F1EF83D7,Assistance,ONG & Associations,Nikki,+229 95 69 47 27,assistance@yahoo.com,assistance.bj,PME (10-50),B2C,LinkedIn,,Actif,2026-06-29T00:22:55.309714,haute
BJ-C55E1FD5,ONG Sport Africa,ONG & Associations,Nikki,+229 96 24 95 75,o.sport@yahoo.com,ongsportafrica.bj,TPE (<10),B2C,LinkedIn,,Actif,2026-06-29T00:22:55.309745,haute
BJ-014F4B16,Union Volontariat Bembéréké,ONG & Associations,Bembéréké,+229 63 56 74 62,union.volontariat@unionvolontaria.com.bj,unionvolontariatbembéréké.bj,PME (50-200),B2C,LinkedIn,,Actif,2026-06-29T00:22:55.309797,haute
BJ-0FFAC581,Advocacy Association,ONG & Associations,Bembéréké,+229 20 19 80 11,a.association@hotmail.com,advocacyassociation.bj,PME (50-200),B2C,LinkedIn,,Actif,2026-06-29T00:22:55.309831,haute
BJ-32B54ABA,Organisation Aide,ONG & Associations,Bembéréké,+229 23 13 24 89,organisation_aide@outlook.com,,PME (10-50),B2C,LinkedIn,,Actif,2026-06-29T00:22:55.309877,moyenne
BJ-A57D4575,Jeunesse Bembéréké,ONG & Associations,Bembéréké,+229 97 76 95 92,jeunesse.bembéréké@gmail.com,jeunessebembéréké.bj,PME (10-50),B2B,LinkedIn,,Actif,2026-06-29T00:22:55.309934,haute
BJ-D3BDB4F7,Fondation Jeunesse International,ONG & Associations,Bembéréké,+229 54 75 18 34,fondationjeunesse@fondationjeunes.com.bj,fondationjeunesseinternational.bj,PME (10-50),B2B,LinkedIn,,Actif,2026-06-29T00:22:55.309975,haute
BJ-9039AC61,Fédération Microfinance,ONG & Associations,Kalalé,+229 43 12 56 67,,fédérationmicrofinance.bj,PME (50-200),B2B,LinkedIn,,Actif,2026-06-29T00:22:55.310019,moyenne
BJ-B1F04529,Organisation Entrepreneuriat Africa,ONG & Associations,Kalalé,+229 70 23 40 29,organisation.entrepreneuriat@outlook.com,,TPE (<10),B2B,LinkedIn,,Actif,2026-06-29T00:22:55.310046,moyenne
BJ-6D78604A,Prévention,ONG & Associations,Kalalé,+229 63 53 43 38,prévention@prévention.com.bj,prévention.bj,PME (10-50),B2B,LinkedIn,,Actif,2026-06-29T00:22:55.310078,haute
BJ-D6B784C6,Diversité Bénin Kalalé,ONG & Associations,Kalalé,+229 29 22 24 76,diversitébénin@hotmail.com,diversitébéninkalalé.bj,PME (50-200),B2C,LinkedIn,,Actif,2026-06-29T00:22:55.310113,haute
BJ-33F96477,Union Monitoring Association,ONG & Associations,Kalalé,+229 50 93 75 72,unionmonitoring@gmail.com,unionmonitoringassociation.bj,Grande (>200),B2B,LinkedIn,,Actif,2026-06-29T00:22:55.310147,haute
BJ-8BB92547,Monitoring Africa Ndali,ONG & Associations,Ndali,+229 56 90 80 67,,monitoringafricandali.bj,PME (10-50),B2C,LinkedIn,,Actif,2026-06-29T00:22:55.310199,moyenne
BJ-6E598639,Union Citoyenneté,ONG & Associations,Ndali,+229 93 24 30 76,unioncitoyenneté@unioncitoyennet.com.bj,unioncitoyenneté.bj,Grande (>200),B2B,LinkedIn,,Actif,2026-06-29T00:22:55.310246,haute
BJ-E19D4946,Organisation Santé,ONG & Associations,Ndali,+229 30 17 71 20,,,PME (50-200),B2B,LinkedIn,,Actif,2026-06-29T00:22:55.310273,basse
BJ-96FA7807,Organisation Évaluation,ONG & Associations,Ndali,+229 69 31 74 29,,,PME (50-200),B2B,LinkedIn,,Actif,2026-06-29T00:22:55.310301,basse
BJ-00358589,Syndicat Publication,ONG & Associations,Ndali,+229 51 13 31 31,,syndicatpublication.bj,PME (10-50),B2C,LinkedIn,,Actif,2026-06-29T00:22:55.310324,moyenne
BJ-DB0F62D8,Ligue Charité,ONG & Associations,Ségbana,+229 23 64 30 78,,liguecharité.bj,TPE (<10),B2C,LinkedIn,,Actif,2026-06-29T00:22:55.310390,moyenne
BJ-7F05BB99,Dialogue Ségbana,ONG & Associations,Ségbana,+229 43 36 44 14,,dialogueségbana.bj,TPE (<10),B2C,LinkedIn,,Actif,2026-06-29T00:22:55.310404,moyenne
BJ-530297B3,Fondation Analyse,ONG & Associations,Ségbana,+229 37 80 11 44,fondation.analyse@fondationanalys.org.bj,,TPE (<10),B2B,LinkedIn,,Actif,2026-06-29T00:22:55.310423,moyenne
BJ-60F358FE,Bénévolat Organisation,ONG & Associations,Ségbana,+229 65 23 58 70,bénévolatorganisation@bénévolatorgani.com.bj,bénévolatorganisation.bj,PME (50-200),B2C,LinkedIn,,Actif,2026-06-29T00:22:55.310443,haute
BJ-DF943FFA,Équité International Tchaourou,ONG & Associations,Tchaourou,+229 47 39 79 90,équitéinternational@équitéinternati.bj,,TPE (<10),B2C,LinkedIn,,Actif,2026-06-29T00:22:55.310487,moyenne
BJ-D52D5819,Club Enfant Fondation Tchaourou,ONG & Associations,Tchaourou,+229 37 13 77 89,,clubenfantfondationtchaourou.bj,PME (10-50),B2C,LinkedIn,,Actif,2026-06-29T00:22:55.310511,moyenne
BJ-82943172,Femme International,ONG & Associations,Tchaourou,+229 89 86 27 46,,,PME (10-50),B2C,LinkedIn,,Actif,2026-06-29T00:22:55.310540,basse
BJ-3AA68D2F,Fédération Épargne,ONG & Associations,Tchaourou,+229 35 70 91 57,fédérationépargne@fédérationéparg.bj,,PME (50-200),B2C,LinkedIn,,Actif,2026-06-29T00:22:55.310571,moyenne
BJ-5DFC6040,Environnement Coalition,ONG & Associations,Tchaourou,+229 39 77 48 30,environnement.coalition@environnementco.bj,,TPE (<10),B2C,LinkedIn,,Actif,2026-06-29T00:22:55.310608,moyenne
BJ-4121A87B,Sensibilisation,ONG & Associations,Bétérou,+229 45 58 49 38,sensibilisation@sensibilisation.org.bj,sensibilisation.bj,PME (10-50),B2B,LinkedIn,,Actif,2026-06-29T00:22:55.310635,haute
BJ-7DB79ED1,Bénévolat,ONG & Associations,Bétérou,+229 86 75 77 54,bénévolat@bénévolat.bj,,PME (50-200),B2B,LinkedIn,,Actif,2026-06-29T00:22:55.310664,moyenne
BJ-7C6E88AF,Syndicat Solidarité Fondation,ONG & Associations,Bétérou,+229 97 96 90 90,syndicatsolidarité@hotmail.com,syndicatsolidaritéfondation.bj,PME (10-50),B2C,LinkedIn,,Actif,2026-06-29T00:22:55.310699,haute
BJ-1D9EF24C,Société Emploi Bétérou,ONG & Associations,Bétérou,+229 41 66 10 93,société.emploi@yahoo.com,sociétéemploibétérou.bj,TPE (<10),B2B,LinkedIn,,Actif,2026-06-29T00:22:55.310734,haute
BJ-A16E7CE0,Épargne Alliance,ONG & Associations,Bétérou,+229 98 74 27 29,épargnealliance@épargnealliance.bj,épargnealliance.bj,PME (10-50),B2C,LinkedIn,,Actif,2026-06-29T00:22:55.310771,haute
BJ-F35D5EB8,Publication,ONG & Associations,Ouessè,+229 23 42 46 65,publication@publication.bj,publication.bj,TPE (<10),B2B,LinkedIn,,Actif,2026-06-29T00:22:55.310817,haute
BJ-65D7FF5E,Union Protection,ONG & Associations,Ouessè,+229 47 72 55 40,unionprotection@unionprotection.org.bj,unionprotection.bj,PME (10-50),B2B,LinkedIn,,Actif,2026-06-29T00:22:55.310864,haute
BJ-9F0EC937,Fondation Insertion Ouessè,ONG & Associations,Ouessè,+229 48 21 84 17,fondation.insertion@fondationinsert.bj,,TPE (<10),B2B,LinkedIn,,Actif,2026-06-29T00:22:55.310965,moyenne
BJ-7855E67A,Société Recherche ONG,ONG & Associations,Ouessè,+229 82 48 89 59,,sociétérechercheong.bj,TPE (<10),B2C,LinkedIn,,Actif,2026-06-29T00:22:55.310982,moyenne
BJ-82BF8838,Entrepreneuriat Network,ONG & Associations,Ouessè,+229 93 70 65 80,,,PME (10-50),B2C,LinkedIn,,Actif,2026-06-29T00:22:55.310996,basse
BJ-B2126E27,Fondation Aide Africa,ONG & Associations,Glazoué,+229 69 99 71 33,fondation.aide@fondationaideaf.bj,fondationaideafrica.bj,TPE (<10),B2C,LinkedIn,,Actif,2026-06-29T00:22:55.311025,haute
BJ-7442C9D3,Intégration,ONG & Associations,Glazoué,+229 46 83 53 34,intégration@yahoo.com,,TPE (<10),B2C,LinkedIn,,Actif,2026-06-29T00:22:55.311041,moyenne
BJ-61373B0B,Protection Africa,ONG & Associations,Glazoué,+229 30 69 72 42,protection.africa@yahoo.com,protectionafrica.bj,PME (10-50),B2B,LinkedIn,,Actif,2026-06-29T00:22:55.311064,haute
BJ-F5A60A97,Épargne Fondation,ONG & Associations,Glazoué,+229 32 96 39 71,épargnefondation@épargnefondatio.bj,épargnefondation.bj,TPE (<10),B2B,LinkedIn,,Actif,2026-06-29T00:22:55.311084,haute
BJ-FFF53B97,Fédération Éducation,ONG & Associations,Glazoué,+229 95 78 78 31,fédération.éducation@fédérationéduca.com.bj,fédérationéducation.bj,TPE (<10),B2B,LinkedIn,,Actif,2026-06-29T00:22:55.311102,haute
BJ-8B556387,ONG Microfinance Alliance,ONG & Associations,Dassa-Zoumè,+229 74 74 58 75,o.microfinance@yahoo.fr,,PME (10-50),B2B,LinkedIn,,Actif,2026-06-29T00:22:55.311137,moyenne
BJ-3DA24B44,Club Advocacy Africa Dassa-Zoumè,ONG & Associations,Dassa-Zoumè,+229 62 64 18 15,clubadvocacy@yahoo.com,clubadvocacyafricadassazoumè.bj,PME (10-50),B2C,LinkedIn,,Actif,2026-06-29T00:22:55.311157,haute
BJ-49CE805C,Dialogue Organisation,ONG & Associations,Dassa-Zoumè,+229 85 83 93 50,,,PME (10-50),B2C,LinkedIn,,Actif,2026-06-29T00:22:55.311173,basse
BJ-881440F0,Ligue Protection Association Dassa-Zoumè,ONG & Associations,Dassa-Zoumè,+229 57 12 59 26,l.protection@hotmail.com,,TPE (<10),B2C,LinkedIn,,Actif,2026-06-29T00:22:55.311192,moyenne
BJ-BC9597B3,Club Jeunesse,ONG & Associations,Savalou,+229 64 55 15 91,,clubjeunesse.bj,TPE (<10),B2B,LinkedIn,,Actif,2026-06-29T00:22:55.311229,moyenne
BJ-4A4346D7,Association Échange,ONG & Associations,Savalou,+229 60 49 80 27,association.échange@associationécha.org.bj,associationéchange.bj,TPE (<10),B2B,LinkedIn,,Actif,2026-06-29T00:22:55.311247,haute
BJ-38E53F03,Monitoring Association,ONG & Associations,Savalou,+229 20 50 57 71,monitoringassociation@yahoo.fr,monitoringassociation.bj,TPE (<10),B2C,LinkedIn,,Actif,2026-06-29T00:22:55.311265,haute
BJ-88BD12E7,Club Environnement Fondation,ONG & Associations,Savalou,+229 99 86 40 98,club.environnement@clubenvironneme.com.bj,,TPE (<10),B2B,LinkedIn,,Actif,2026-06-29T00:22:55.311282,moyenne
BJ-51E96DA6,ONG Paix Network,ONG & Associations,Savalou,+229 64 17 43 11,,ongpaixnetwork.bj,TPE (<10),B2B,LinkedIn,,Actif,2026-06-29T00:22:55.311295,moyenne
BJ-8855CB4E,Inclusion ONG Bantè,ONG & Associations,Bantè,+229 73 62 38 58,,,PME (50-200),B2B,LinkedIn,,Actif,2026-06-29T00:22:55.311316,basse
BJ-1280AB4E,Société Charité Fondation Bantè,ONG & Associations,Bantè,+229 39 78 46 64,s.charité@outlook.com,sociétécharitéfondationbantè.bj,PME (10-50),B2B,LinkedIn,,Actif,2026-06-29T00:22:55.311335,haute
BJ-C17B304E,Fondation Crédit Network,ONG & Associations,Bantè,+229 45 62 38 43,fondationcrédit@gmail.com,fondationcréditnetwork.bj,TPE (<10),B2C,LinkedIn,,Actif,2026-06-29T00:22:55.311358,haute
BJ-27417B77,Union Dialogue,ONG & Associations,Bantè,+229 39 34 51 91,uniondialogue@uniondialogue.bj,uniondialogue.bj,PME (10-50),B2C,LinkedIn,,Actif,2026-06-29T00:22:55.311376,haute
BJ-F62D2098,Démocratie ONG Bantè,ONG & Associations,Bantè,+229 83 90 77 43,d.ong@gmail.com,démocratieongbantè.bj,TPE (<10),B2C,LinkedIn,,Actif,2026-06-29T00:22:55.311394,haute
BJ-CB2C3924,Ligue Environnement Fondation,ONG & Associations,Djougou,+229 45 62 35 16,ligueenvironnement@yahoo.fr,ligueenvironnementfondation.bj,PME (50-200),B2B,LinkedIn,,Actif,2026-06-29T00:22:55.311418,haute
BJ-827B185B,Association Paix International,ONG & Associations,Djougou,+229 75 24 92 17,associationpaix@hotmail.com,associationpaixinternational.bj,Grande (>200),B2B,LinkedIn,,Actif,2026-06-29T00:22:55.311436,haute
BJ-68277C41,Union Intégration Africa,ONG & Associations,Djougou,+229 48 99 40 95,unionintégration@unionintégratio.com.bj,unionintégrationafrica.bj,TPE (<10),B2C,LinkedIn,,Actif,2026-06-29T00:22:55.311461,haute
BJ-56A7C7AD,Association Intégration Djougou,ONG & Associations,Djougou,+229 69 15 76 98,,,TPE (<10),B2B,LinkedIn,,Actif,2026-06-29T00:22:55.311478,basse
BJ-4F05C0E0,Démocratie Organisation Djougou,ONG & Associations,Djougou,+229 40 31 13 80,d.organisation@yahoo.com,,PME (10-50),B2C,LinkedIn,,Actif,2026-06-29T00:22:55.311497,moyenne
BJ-26C31114,ONG Advocacy Alliance,ONG & Associations,Ouèssè,+229 98 27 67 77,,,PME (10-50),B2B,LinkedIn,,Actif,2026-06-29T00:22:55.311524,basse
BJ-FA6B2041,Sensibilisation International Ouèssè,ONG & Associations,Ouèssè,+229 39 28 94 53,sensibilisation.international@hotmail.com,,TPE (<10),B2C,LinkedIn,,Actif,2026-06-29T00:22:55.311544,moyenne
BJ-038AF7B1,Club Inclusion,ONG & Associations,Ouèssè,+229 25 71 89 51,clubinclusion@hotmail.com,,PME (10-50),B2B,LinkedIn,,Actif,2026-06-29T00:22:55.311564,moyenne
BJ-46DC5607,Club Microfinance,ONG & Associations,Ouèssè,+229 93 82 60 93,club.microfinance@outlook.com,clubmicrofinance.bj,PME (10-50),B2C,LinkedIn,,Actif,2026-06-29T00:22:55.311582,haute
BJ-225E9F97,Ligue Accompagnement Network,ONG & Associations,Bassila,+229 32 56 31 11,ligueaccompagnement@yahoo.fr,ligueaccompagnementnetwork.bj,TPE (<10),B2B,LinkedIn,,Actif,2026-06-29T00:22:55.311626,haute
BJ-0174705C,Citoyenneté,ONG & Associations,Bassila,+229 48 55 88 38,citoyenneté@yahoo.fr,citoyenneté.bj,PME (50-200),B2B,LinkedIn,,Actif,2026-06-29T00:22:55.311642,haute
BJ-8BC2AA75,Assistance International,ONG & Associations,Bassila,+229 72 25 51 15,assistanceinternational@assistanceinter.com.bj,,PME (10-50),B2B,LinkedIn,,Actif,2026-06-29T00:22:55.311660,moyenne
BJ-40C0D683,Culture Network,ONG & Associations,Bassila,+229 60 99 13 52,,culturenetwork.bj,TPE (<10),B2B,LinkedIn,,Actif,2026-06-29T00:22:55.311674,moyenne
BJ-E06FF7A4,Partenariat,ONG & Associations,Bassila,+229 23 90 46 68,,,PME (10-50),B2C,LinkedIn,,Actif,2026-06-29T00:22:55.311687,basse
BJ-31C9EADA,Union Évaluation Africa,ONG & Associations,Pehunco,+229 24 75 99 41,unionévaluation@unionévaluation.bj,,PME (50-200),B2B,LinkedIn,,Actif,2026-06-29T00:22:55.311714,moyenne
BJ-4A2FD830,Équité Africa,ONG & Associations,Pehunco,+229 40 37 32 18,équité_africa@yahoo.com,,TPE (<10),B2B,LinkedIn,,Actif,2026-06-29T00:22:55.311732,moyenne
BJ-D0D4D1B3,Société Échange Fondation,ONG & Associations,Pehunco,+229 33 15 89 67,s.échange@sociétééchangef.bj,sociétééchangefondation.bj,TPE (<10),B2C,LinkedIn,,Actif,2026-06-29T00:22:55.311755,haute
BJ-743D960E,Diversité Network Pehunco,ONG & Associations,Pehunco,+229 76 29 34 74,diversiténetwork@outlook.com,diversiténetworkpehunco.bj,TPE (<10),B2C,LinkedIn,,Actif,2026-06-29T00:22:55.311775,haute
BJ-5EA7040B,Organisation Charité ONG Pehunco,ONG & Associations,Pehunco,+229 46 73 54 36,organisationcharité@organisationcha.bj,,TPE (<10),B2B,LinkedIn,,Actif,2026-06-29T00:22:55.311801,moyenne
BJ-7EDBBD25,ONG Éducation,ONG & Associations,Copargo,+229 69 82 70 56,,,TPE (<10),B2C,LinkedIn,,Actif,2026-06-29T00:22:55.311828,basse
BJ-4A8AE1DA,Organisation Inclusion Coalition Copargo,ONG & Associations,Copargo,+229 58 40 33 51,o.inclusion@outlook.com,,TPE (<10),B2B,LinkedIn,,Actif,2026-06-29T00:22:55.311851,moyenne
BJ-C6D52F99,ONG Prévention,ONG & Associations,Copargo,+229 48 51 56 56,o.prévention@ongprévention.com.bj,,PME (10-50),B2C,LinkedIn,,Actif,2026-06-29T00:22:55.311872,moyenne
BJ-E7DBD6B3,Association Entrepreneuriat International,ONG & Associations,Copargo,+229 54 11 48 66,association.entrepreneuriat@yahoo.com,,Grande (>200),B2C,LinkedIn,,Actif,2026-06-29T00:22:55.311911,moyenne
BJ-2FC7F920,Solidarité Fondation,ONG & Associations,Copargo,+229 83 73 31 18,solidaritéfondation@solidaritéfonda.com.bj,solidaritéfondation.bj,Grande (>200),B2B,LinkedIn,,Actif,2026-06-29T00:22:55.311936,haute
